system_time_ns,ros_time_sec,sample_topic,position_source,speed_source,latitude_deg,longitude_deg,altitude_m,horizontal_speed_mps,vertical_speed_mps,north_velocity_mps,east_velocity_mps,up_velocity_mps,track_ground_deg,solution_status,position_or_velocity_type
1786043601427003186,1786043601.426112243,/novatel/oem7/inspva,/novatel/oem7/inspva,/novatel/oem7/inspva,39.663,-75.756,-1.799363708,0.002838945,-0.000127353,-0.000052986,-0.002838451,-0.000127353,,novatel_oem7_msgs.msg.InertialSolutionStatus(status=3),
1786043601445963194,1786043601.445514255,/novatel/oem7/inspva,/novatel/oem7/inspva,/novatel/oem7/inspva,39.663,-75.756,-1.799347348,0.001834290,0.001814802,-0.001520821,-0.001025536,0.001814802,,novatel_oem7_msgs.msg.InertialSolutionStatus(status=3),
1786043601465361995,1786043601.465088242,/novatel/oem7/inspva,/novatel/oem7/inspva,/novatel/oem7/inspva,39.663,-75.756,-1.799347216,0.002191135,0.002613019,-0.001203038,-0.001831330,0.002613019,,novatel_oem7_msgs.msg.InertialSolutionStatus(status=3),
1786043601486775328,1786043601.486446443,/novatel/oem7/inspva,/novatel/oem7/inspva,/novatel/oem7/inspva,39.663,-75.756,-1.799361897,0.003248720,0.000493882,0.000714996,-0.003169063,0.000493882,,novatel_oem7_msgs.msg.InertialSolutionStatus(status=3),
1786043601506614609,1786043601.506080561,/novatel/oem7/inspva,/novatel/oem7/inspva,/novatel/oem7/inspva,39.663,-75.756,-1.799358993,0.002649355,0.000312540,0.000306525,-0.002631564,0.000312540,,novatel_oem7_msgs.msg.InertialSolutionStatus(status=3),
1786043601512078168,1786043601.511297854,/novatel/oem7/bestpos,/novatel/oem7/bestpos,/novatel/oem7/inspva,39.663,-75.756,33.183047086,0.002649355,0.000312540,0.000306525,-0.002631564,0.000312540,,novatel_oem7_msgs.msg.SolutionStatus(status=0),novatel_oem7_msgs.msg.PositionOrVelocityType(type=53)
1786043601513272527,1786043601.512376922,/novatel/oem7/bestvel,/novatel/oem7/bestpos,/novatel/oem7/bestvel,39.663,-75.756,33.183047086,0.002414103,0.000573694,,,,261.451195552,novatel_oem7_msgs.msg.SolutionStatus(status=0),novatel_oem7_msgs.msg.PositionOrVelocityType(type=53)
1786043601525932595,1786043601.525441199,/novatel/oem7/inspva,/novatel/oem7/inspva,/novatel/oem7/inspva,39.663,-75.756,-1.799345117,0.002215605,0.001358163,-0.001832906,-0.001244735,0.001358163,,novatel_oem7_msgs.msg.InertialSolutionStatus(status=3),
1786043601527163692,1786043601.525637647,/novatel/oem7/fix,/novatel/oem7/fix,/novatel/oem7/inspva,39.663,-75.756,-1.016953677,0.002215605,0.001358163,-0.001832906,-0.001244735,0.001358163,,0,
1786043601528212132,1786043601.526478162,/novatel/oem7/odom,/novatel/oem7/fix,/novatel/oem7/odom,39.663,-75.756,-1.016953677,0.002221398,0.001348669,-0.001341080,-0.001770907,0.001348669,,,
1786043601536207345,1786043601.535530060,/novatel/oem7/odom,/novatel/oem7/fix,/novatel/oem7/odom,39.663,-75.756,-1.016953677,0.002221398,0.001348669,-0.001341080,-0.001770907,0.001348669,,,
1786043601546706449,1786043601.546238371,/novatel/oem7/inspva,/novatel/oem7/inspva,/novatel/oem7/inspva,39.663,-75.756,-1.799343556,0.002275990,0.001666872,-0.002195659,-0.000599345,0.001666872,,novatel_oem7_msgs.msg.InertialSolutionStatus(status=3),
1786043601547922188,1786043601.546401639,/novatel/oem7/fix,/novatel/oem7/fix,/novatel/oem7/inspva,39.663,-75.756,-1.016953677,0.002275990,0.001666872,-0.002195659,-0.000599345,0.001666872,,0,
1786043601548856153,1786043601.547006071,/novatel/oem7/odom,/novatel/oem7/fix,/novatel/oem7/odom,39.663,-75.756,-1.016953677,0.002281857,0.001658831,-0.000716071,-0.002166591,0.001658831,,,
1786043601556440894,1786043601.555862004,/novatel/oem7/odom,/novatel/oem7/fix,/novatel/oem7/odom,39.663,-75.756,-1.016953677,0.002281857,0.001658831,-0.000716071,-0.002166591,0.001658831,,,
1786043601565896966,1786043601.565390437,/novatel/oem7/inspva,/novatel/oem7/inspva,/novatel/oem7/inspva,39.663,-75.756,-1.799334465,0.002581980,0.002373450,0.000116659,-0.002579343,0.002373450,,novatel_oem7_msgs.msg.InertialSolutionStatus(status=3),
1786043601567084352,1786043601.565577535,/novatel/oem7/fix,/novatel/oem7/fix,/novatel/oem7/inspva,39.663,-75.756,-1.016953677,0.002581980,0.002373450,0.000116659,-0.002579343,0.002373450,,0,
1786043601568025476,1786043601.566398933,/novatel/oem7/odom,/novatel/oem7/fix,/novatel/oem7/odom,39.663,-75.756,-1.016953677,0.002590773,0.002363848,-0.002579528,0.000241131,0.002363848,,,
1786043601576533284,1786043601.575802904,/novatel/oem7/odom,/novatel/oem7/fix,/novatel/oem7/odom,39.663,-75.756,-1.016953677,0.002590773,0.002363848,-0.002579528,0.000241131,0.002363848,,,
1786043601585474924,1786043601.585034581,/novatel/oem7/inspva,/novatel/oem7/inspva,/novatel/oem7/inspva,39.663,-75.756,-1.799339149,0.002239394,0.001616800,-0.000039134,-0.002239052,0.001616800,,novatel_oem7_msgs.msg.InertialSolutionStatus(status=3),
1786043601586659425,1786043601.585185183,/novatel/oem7/fix,/novatel/oem7/fix,/novatel/oem7/inspva,39.663,-75.756,-1.016953677,0.002239394,0.001616800,-0.000039134,-0.002239052,0.001616800,,0,
1786043601587588232,1786043601.585708681,/novatel/oem7/odom,/novatel/oem7/fix,/novatel/oem7/odom,39.663,-75.756,-1.016953677,0.002245614,0.001608148,-0.002244518,0.000070166,0.001608148,,,
1786043601595311882,1786043601.594681792,/novatel/oem7/odom,/novatel/oem7/fix,/novatel/oem7/odom,39.663,-75.756,-1.016953677,0.002245614,0.001608148,-0.002244518,0.000070166,0.001608148,,,
1786043601607774255,1786043601.607311691,/novatel/oem7/inspva,/novatel/oem7/inspva,/novatel/oem7/inspva,39.663,-75.756,-1.799336573,0.002214506,0.000278991,-0.001358208,-0.001749088,0.000278991,,novatel_oem7_msgs.msg.InertialSolutionStatus(status=3),
1786043601608925199,1786043601.607483736,/novatel/oem7/fix,/novatel/oem7/fix,/novatel/oem7/inspva,39.663,-75.756,-1.016953677,0.002214506,0.000278991,-0.001358208,-0.001749088,0.000278991,,0,
1786043601609861573,1786043601.607857011,/novatel/oem7/odom,/novatel/oem7/fix,/novatel/oem7/odom,39.663,-75.756,-1.016953677,0.002215763,0.000268830,-0.001816555,-0.001268753,0.000268830,,,
1786043601611155933,1786043601.610480748,/novatel/oem7/bestpos,/novatel/oem7/bestpos,/novatel/oem7/odom,39.663,-75.756,33.183078672,0.002215763,0.000268830,-0.001816555,-0.001268753,0.000268830,,novatel_oem7_msgs.msg.SolutionStatus(status=0),novatel_oem7_msgs.msg.PositionOrVelocityType(type=53)
1786043601612414845,1786043601.610856152,/novatel/oem7/bestvel,/novatel/oem7/bestpos,/novatel/oem7/bestvel,39.663,-75.756,33.183078672,0.002817982,0.000744569,,,,231.364312178,novatel_oem7_msgs.msg.SolutionStatus(status=0),novatel_oem7_msgs.msg.PositionOrVelocityType(type=53)
1786043601615549768,1786043601.615003875,/novatel/oem7/odom,/novatel/oem7/bestpos,/novatel/oem7/odom,39.663,-75.756,33.183078672,0.002215763,0.000268830,-0.001816555,-0.001268753,0.000268830,,,
1786043601625502540,1786043601.625042407,/novatel/oem7/inspva,/novatel/oem7/inspva,/novatel/oem7/inspva,39.663,-75.756,-1.799330106,0.002277512,0.000760709,-0.001633973,-0.001586567,0.000760709,,novatel_oem7_msgs.msg.InertialSolutionStatus(status=3),
1786043601626593433,1786043601.625198228,/novatel/oem7/fix,/novatel/oem7/fix,/novatel/oem7/inspva,39.663,-75.756,-1.016922091,0.002277512,0.000760709,-0.001633973,-0.001586567,0.000760709,,0,
1786043601627508050,1786043601.625540458,/novatel/oem7/odom,/novatel/oem7/fix,/novatel/oem7/odom,39.663,-75.756,-1.016922091,0.002280920,0.000750429,-0.001670082,-0.001553520,0.000750429,,,
1786043601636271502,1786043601.635581739,/novatel/oem7/odom,/novatel/oem7/fix,/novatel/oem7/odom,39.663,-75.756,-1.016922091,0.002280920,0.000750429,-0.001670082,-0.001553520,0.000750429,,,
1786043601645912536,1786043601.645446881,/novatel/oem7/inspva,/novatel/oem7/inspva,/novatel/oem7/inspva,39.663,-75.756,-1.799308740,0.001303504,0.003072736,-0.000979939,-0.000859560,0.003072736,,novatel_oem7_msgs.msg.InertialSolutionStatus(status=3),
1786043601647099485,1786043601.645600493,/novatel/oem7/fix,/novatel/oem7/fix,/novatel/oem7/inspva,39.663,-75.756,-1.016922091,0.001303504,0.003072736,-0.000979939,-0.000859560,0.003072736,,0,
1786043601648082932,1786043601.646198225,/novatel/oem7/odom,/novatel/oem7/fix,/novatel/oem7/odom,39.663,-75.756,-1.016922091,0.001317257,0.003066865,-0.000920095,-0.000942651,0.003066865,,,
1786043601657203991,1786043601.656640397,/novatel/oem7/odom,/novatel/oem7/fix,/novatel/oem7/odom,39.663,-75.756,-1.016922091,0.001317257,0.003066865,-0.000920095,-0.000942651,0.003066865,,,
1786043601665706058,1786043601.665257331,/novatel/oem7/inspva,/novatel/oem7/inspva,/novatel/oem7/inspva,39.663,-75.756,-1.799317157,0.001611899,0.002357821,-0.000888353,-0.001345009,0.002357821,,novatel_oem7_msgs.msg.InertialSolutionStatus(status=3),
1786043601666912830,1786043601.665405875,/novatel/oem7/fix,/novatel/oem7/fix,/novatel/oem7/inspva,39.663,-75.756,-1.016922091,0.001611899,0.002357821,-0.000888353,-0.001345009,0.002357821,,0,
1786043601667831576,1786043601.665835793,/novatel/oem7/odom,/novatel/oem7/fix,/novatel/oem7/odom,39.663,-75.756,-1.016922091,0.001622825,0.002350314,-0.001397520,-0.000824924,0.002350314,,,
1786043601675408259,1786043601.674643105,/novatel/oem7/odom,/novatel/oem7/fix,/novatel/oem7/odom,39.663,-75.756,-1.016922091,0.001622825,0.002350314,-0.001397520,-0.000824924,0.002350314,,,
1786043601685847348,1786043601.685312442,/novatel/oem7/inspva,/novatel/oem7/inspva,/novatel/oem7/inspva,39.663,-75.756,-1.799328607,0.002770203,-0.000347710,-0.000396827,-0.002741633,-0.000347710,,novatel_oem7_msgs.msg.InertialSolutionStatus(status=3),
1786043601687258478,1786043601.685517044,/novatel/oem7/fix,/novatel/oem7/fix,/novatel/oem7/inspva,39.663,-75.756,-1.016922091,0.002770203,-0.000347710,-0.000396827,-0.002741633,-0.000347710,,0,
1786043601688340922,1786043601.685811327,/novatel/oem7/odom,/novatel/oem7/fix,/novatel/oem7/odom,39.663,-75.756,-1.016922091,0.002768745,-0.000359137,-0.002756793,-0.000256978,-0.000359137,,,
1786043601696456927,1786043601.695710417,/novatel/oem7/odom,/novatel/oem7/fix,/novatel/oem7/odom,39.663,-75.756,-1.016922091,0.002768745,-0.000359137,-0.002756793,-0.000256978,-0.000359137,,,
1786043601706475944,1786043601.705947899,/novatel/oem7/inspva,/novatel/oem7/inspva,/novatel/oem7/inspva,39.663,-75.756,-1.799321536,0.002039703,-0.000300436,-0.000991020,-0.001782770,-0.000300436,,novatel_oem7_msgs.msg.InertialSolutionStatus(status=3),
1786043601707862718,1786043601.706107351,/novatel/oem7/fix,/novatel/oem7/fix,/novatel/oem7/inspva,39.663,-75.756,-1.016922091,0.002039703,-0.000300436,-0.000991020,-0.001782770,-0.000300436,,0,
1786043601708897105,1786043601.706575101,/novatel/oem7/odom,/novatel/oem7/fix,/novatel/oem7/odom,39.663,-75.756,-1.016922091,0.002038309,-0.000309750,-0.001829356,-0.000898977,-0.000309750,,,
1786043601710795983,1786043601.710054073,/novatel/oem7/bestpos,/novatel/oem7/bestpos,/novatel/oem7/odom,39.663,-75.756,33.183100372,0.002038309,-0.000309750,-0.001829356,-0.000898977,-0.000309750,,novatel_oem7_msgs.msg.SolutionStatus(status=0),novatel_oem7_msgs.msg.PositionOrVelocityType(type=53)
1786043601712211880,1786043601.710583901,/novatel/oem7/bestvel,/novatel/oem7/bestpos,/novatel/oem7/bestvel,39.663,-75.756,33.183100372,0.003265949,0.000679855,,,,234.119076784,novatel_oem7_msgs.msg.SolutionStatus(status=0),novatel_oem7_msgs.msg.PositionOrVelocityType(type=53)
1786043601715206236,1786043601.714535973,/novatel/oem7/odom,/novatel/oem7/bestpos,/novatel/oem7/odom,39.663,-75.756,33.183100372,0.002038309,-0.000309750,-0.001829356,-0.000898977,-0.000309750,,,
1786043601727026198,1786043601.726527646,/novatel/oem7/inspva,/novatel/oem7/inspva,/novatel/oem7/inspva,39.663,-75.756,-1.799299759,0.001856073,0.002420044,-0.001625394,-0.000896159,0.002420044,,novatel_oem7_msgs.msg.InertialSolutionStatus(status=3),
1786043601728580269,1786043601.726678235,/novatel/oem7/fix,/novatel/oem7/fix,/novatel/oem7/inspva,39.663,-75.756,-1.016900391,0.001856073,0.002420044,-0.001625394,-0.000896159,0.002420044,,0,
1786043601729914576,1786043601.727054984,/novatel/oem7/odom,/novatel/oem7/fix,/novatel/oem7/odom,39.663,-75.756,-1.016900391,0.001866069,0.002412345,-0.000986697,-0.001583869,0.002412345,,,
1786043601735806473,1786043601.735020986,/novatel/oem7/odom,/novatel/oem7/fix,/novatel/oem7/odom,39.663,-75.756,-1.016900391,0.001866069,0.002412345,-0.000986697,-0.001583869,0.002412345,,,
1786043601745573331,1786043601.745047799,/novatel/oem7/inspva,/novatel/oem7/inspva,/novatel/oem7/inspva,39.663,-75.756,-1.799304387,0.001510377,0.002267799,-0.001489268,-0.000251630,0.002267799,,novatel_oem7_msgs.msg.InertialSolutionStatus(status=3),
1786043601746863897,1786043601.745225841,/novatel/oem7/fix,/novatel/oem7/fix,/novatel/oem7/inspva,39.663,-75.756,-1.016900391,0.001510377,0.002267799,-0.001489268,-0.000251630,0.002267799,,0,
1786043601747968868,1786043601.745570438,/novatel/oem7/odom,/novatel/oem7/fix,/novatel/oem7/odom,39.663,-75.756,-1.016900391,0.001517666,0.002262927,-0.000335443,-0.001480131,0.002262927,,,
1786043601756898345,1786043601.755876815,/novatel/oem7/odom,/novatel/oem7/fix,/novatel/oem7/odom,39.663,-75.756,-1.016900391,0.001517666,0.002262927,-0.000335443,-0.001480131,0.002262927,,,
1786043601765822035,1786043601.765309073,/novatel/oem7/inspva,/novatel/oem7/inspva,/novatel/oem7/inspva,39.663,-75.756,-1.799314597,0.001933333,0.000318135,0.000155637,-0.001927058,0.000318135,,novatel_oem7_msgs.msg.InertialSolutionStatus(status=3),
1786043601767112531,1786043601.765462582,/novatel/oem7/fix,/novatel/oem7/fix,/novatel/oem7/inspva,39.663,-75.756,-1.016900391,0.001933333,0.000318135,0.000155637,-0.001927058,0.000318135,,0,
1786043601768197984,1786043601.766052374,/novatel/oem7/odom,/novatel/oem7/fix,/novatel/oem7/odom,39.663,-75.756,-1.016900391,0.001934466,0.000311173,-0.001917975,0.000252045,0.000311173,,,
1786043601775903506,1786043601.775124145,/novatel/oem7/odom,/novatel/oem7/fix,/novatel/oem7/odom,39.663,-75.756,-1.016900391,0.001934466,0.000311173,-0.001917975,0.000252045,0.000311173,,,
1786043601786711691,1786043601.786193913,/novatel/oem7/inspva,/novatel/oem7/inspva,/novatel/oem7/inspva,39.663,-75.756,-1.799309018,0.002314651,-0.000011499,-0.000042107,-0.002314268,-0.000011499,,novatel_oem7_msgs.msg.InertialSolutionStatus(status=3),
1786043601788059164,1786043601.786357648,/novatel/oem7/fix,/novatel/oem7/fix,/novatel/oem7/inspva,39.663,-75.756,-1.016900391,0.002314651,-0.000011499,-0.000042107,-0.002314268,-0.000011499,,0,
1786043601789087674,1786043601.786833072,/novatel/oem7/odom,/novatel/oem7/fix,/novatel/oem7/odom,39.663,-75.756,-1.016900391,0.002314589,-0.000020399,-0.002313378,0.000074872,-0.000020399,,,
1786043601796081985,1786043601.794931458,/novatel/oem7/odom,/novatel/oem7/fix,/novatel/oem7/odom,39.663,-75.756,-1.016900391,0.002314589,-0.000020399,-0.002313378,0.000074872,-0.000020399,,,
1786043601807075052,1786043601.806537714,/novatel/oem7/inspva,/novatel/oem7/inspva,/novatel/oem7/inspva,39.663,-75.756,-1.799286627,0.002337120,0.001640538,-0.002327872,0.000207708,0.001640538,,novatel_oem7_msgs.msg.InertialSolutionStatus(status=3),
1786043601808567014,1786043601.806711112,/novatel/oem7/fix,/novatel/oem7/fix,/novatel/oem7/inspva,39.663,-75.756,-1.016900391,0.002337120,0.001640538,-0.002327872,0.000207708,0.001640538,,0,
1786043601809687194,1786043601.807273911,/novatel/oem7/odom,/novatel/oem7/fix,/novatel/oem7/odom,39.663,-75.756,-1.016900391,0.002340832,0.001635237,0.000083471,-0.002339343,0.001635237,,,
1786043601810874297,1786043601.810597800,/novatel/oem7/bestpos,/novatel/oem7/bestpos,/novatel/oem7/odom,39.663,-75.756,33.183130461,0.002340832,0.001635237,0.000083471,-0.002339343,0.001635237,,novatel_oem7_msgs.msg.SolutionStatus(status=0),novatel_oem7_msgs.msg.PositionOrVelocityType(type=53)
1786043601811480479,1786043601.811209669,/novatel/oem7/bestvel,/novatel/oem7/bestpos,/novatel/oem7/bestvel,39.663,-75.756,33.183130461,0.002059069,0.001885584,,,,200.468324427,novatel_oem7_msgs.msg.SolutionStatus(status=0),novatel_oem7_msgs.msg.PositionOrVelocityType(type=53)
1786043601816197698,1786043601.815890672,/novatel/oem7/odom,/novatel/oem7/bestpos,/novatel/oem7/odom,39.663,-75.756,33.183130461,0.002340832,0.001635237,0.000083471,-0.002339343,0.001635237,,,
1786043601825412033,1786043601.825160595,/novatel/oem7/inspva,/novatel/oem7/inspva,/novatel/oem7/inspva,39.663,-75.756,-1.799283128,0.001802896,0.002054551,-0.001662836,-0.000696715,0.002054551,,novatel_oem7_msgs.msg.InertialSolutionStatus(status=3),
1786043601825974232,1786043601.825294246,/novatel/oem7/fix,/novatel/oem7/fix,/novatel/oem7/inspva,39.663,-75.756,-1.016870302,0.001802896,0.002054551,-0.001662836,-0.000696715,0.002054551,,0,
1786043601826606798,1786043601.825858215,/novatel/oem7/odom,/novatel/oem7/fix,/novatel/oem7/odom,39.663,-75.756,-1.016870302,0.001810849,0.002047544,-0.000787904,-0.001630454,0.002047544,,,
1786043601835033805,1786043601.834613710,/novatel/oem7/odom,/novatel/oem7/fix,/novatel/oem7/odom,39.663,-75.756,-1.016870302,0.001810849,0.002047544,-0.000787904,-0.001630454,0.002047544,,,
1786043601847218462,1786043601.846906916,/novatel/oem7/inspva,/novatel/oem7/inspva,/novatel/oem7/inspva,39.663,-75.756,-1.799276154,0.001905392,0.001663992,0.000895851,-0.001681657,0.001663992,,novatel_oem7_msgs.msg.InertialSolutionStatus(status=3),
1786043601847796365,1786043601.847052844,/novatel/oem7/fix,/novatel/oem7/fix,/novatel/oem7/inspva,39.663,-75.756,-1.016870302,0.001905392,0.001663992,0.000895851,-0.001681657,0.001663992,,0,
1786043601848457762,1786043601.847779952,/novatel/oem7/odom,/novatel/oem7/fix,/novatel/oem7/odom,39.663,-75.756,-1.016870302,0.001908933,0.001659928,-0.001640780,0.000975638,0.001659928,,,
1786043601857189643,1786043601.856426937,/novatel/oem7/odom,/novatel/oem7/fix,/novatel/oem7/odom,39.663,-75.756,-1.016870302,0.001908933,0.001659928,-0.001640780,0.000975638,0.001659928,,,
1786043601865383409,1786043601.865074416,/novatel/oem7/inspva,/novatel/oem7/inspva,/novatel/oem7/inspva,39.663,-75.756,-1.799273974,0.001806894,0.000775308,0.000255618,-0.001788722,0.000775308,,novatel_oem7_msgs.msg.InertialSolutionStatus(status=3),
1786043601865974513,1786043601.865264015,/novatel/oem7/fix,/novatel/oem7/fix,/novatel/oem7/inspva,39.663,-75.756,-1.016870302,0.001806894,0.000775308,0.000255618,-0.001788722,0.000775308,,0,
1786043601866646261,1786043601.865876514,/novatel/oem7/odom,/novatel/oem7/fix,/novatel/oem7/odom,39.663,-75.756,-1.016870302,0.001809537,0.000769119,-0.001776583,0.000343772,0.000769119,,,
1786043601876269352,1786043601.875620765,/novatel/oem7/odom,/novatel/oem7/fix,/novatel/oem7/odom,39.663,-75.756,-1.016870302,0.001809537,0.000769119,-0.001776583,0.000343772,0.000769119,,,
1786043601885550075,1786043601.885266059,/novatel/oem7/inspva,/novatel/oem7/inspva,/novatel/oem7/inspva,39.663,-75.756,-1.799253174,0.001789947,0.001012178,-0.001430040,-0.001076520,0.001012178,,novatel_oem7_msgs.msg.InertialSolutionStatus(status=3),
1786043601886107760,1786043601.885436578,/novatel/oem7/fix,/novatel/oem7/fix,/novatel/oem7/inspva,39.663,-75.756,-1.016870302,0.001789947,0.001012178,-0.001430040,-0.001076520,0.001012178,,0,
1786043601886754873,1786043601.886168648,/novatel/oem7/odom,/novatel/oem7/fix,/novatel/oem7/odom,39.663,-75.756,-1.016870302,0.001794327,0.001004392,-0.001151319,-0.001376254,0.001004392,,,
1786043601895917576,1786043601.895218383,/novatel/oem7/odom,/novatel/oem7/fix,/novatel/oem7/odom,39.663,-75.756,-1.016870302,0.001794327,0.001004392,-0.001151319,-0.001376254,0.001004392,,,
1786043601906646574,1786043601.906026751,/novatel/oem7/inspva,/novatel/oem7/inspva,/novatel/oem7/inspva,39.663,-75.756,-1.799232448,0.001506860,0.002285201,-0.001492823,0.000205203,0.002285201,,novatel_oem7_msgs.msg.InertialSolutionStatus(status=3),
1786043601908086558,1786043601.906176835,/novatel/oem7/fix,/novatel/oem7/fix,/novatel/oem7/inspva,39.663,-75.756,-1.016870302,0.001506860,0.002285201,-0.001492823,0.000205203,0.002285201,,0,
1786043601909133484,1786043601.906719864,/novatel/oem7/odom,/novatel/oem7/fix,/novatel/oem7/odom,39.663,-75.756,-1.016870302,0.001511609,0.002282062,0.000120640,-0.001506787,0.002282062,,,
1786043601910751754,1786043601.909863048,/novatel/oem7/bestpos,/novatel/oem7/bestpos,/novatel/oem7/odom,39.663,-75.756,33.183187333,0.001511609,0.002282062,0.000120640,-0.001506787,0.002282062,,novatel_oem7_msgs.msg.SolutionStatus(status=0),novatel_oem7_msgs.msg.PositionOrVelocityType(type=53)
1786043601912161350,1786043601.910460454,/novatel/oem7/bestvel,/novatel/oem7/bestpos,/novatel/oem7/bestvel,39.663,-75.756,33.183187333,0.001366456,0.002567066,,,,211.477712574,novatel_oem7_msgs.msg.SolutionStatus(status=0),novatel_oem7_msgs.msg.PositionOrVelocityType(type=53)
1786043601915274814,1786043601.914608101,/novatel/oem7/odom,/novatel/oem7/bestpos,/novatel/oem7/odom,39.663,-75.756,33.183187333,0.001511609,0.002282062,0.000120640,-0.001506787,0.002282062,,,
1786043601925870247,1786043601.925317121,/novatel/oem7/inspva,/novatel/oem7/inspva,/novatel/oem7/inspva,39.663,-75.756,-1.799223779,0.001291568,0.001665356,0.000315828,-0.001252358,0.001665356,,novatel_oem7_msgs.msg.InertialSolutionStatus(status=3),
1786043601927203867,1786043601.925483293,/novatel/oem7/fix,/novatel/oem7/fix,/novatel/oem7/inspva,39.663,-75.756,-1.016813430,0.001291568,0.001665356,0.000315828,-0.001252358,0.001665356,,0,
1786043601928272090,1786043601.926143733,/novatel/oem7/odom,/novatel/oem7/fix,/novatel/oem7/odom,39.663,-75.756,-1.016813430,0.001296774,0.001661305,-0.001241462,0.000374694,0.001661305,,,
1786043601936235427,1786043601.935571628,/novatel/oem7/odom,/novatel/oem7/fix,/novatel/oem7/odom,39.663,-75.756,-1.016813430,0.001296774,0.001661305,-0.001241462,0.000374694,0.001661305,,,
1786043601945581388,1786043601.945045830,/novatel/oem7/inspva,/novatel/oem7/inspva,/novatel/oem7/inspva,39.663,-75.756,-1.799220135,0.001680740,0.000831118,0.000405401,-0.001631115,0.000831118,,novatel_oem7_msgs.msg.InertialSolutionStatus(status=3),
1786043601946902238,1786043601.945211172,/novatel/oem7/fix,/novatel/oem7/fix,/novatel/oem7/inspva,39.663,-75.756,-1.016813430,0.001680740,0.000831118,0.000405401,-0.001631115,0.000831118,,0,
1786043601948005329,1786043601.945686503,/novatel/oem7/odom,/novatel/oem7/fix,/novatel/oem7/odom,39.663,-75.756,-1.016813430,0.001683275,0.000825971,-0.001611818,0.000485239,0.000825971,,,
1786043601958039589,1786043601.955858942,/novatel/oem7/odom,/novatel/oem7/fix,/novatel/oem7/odom,39.663,-75.756,-1.016813430,0.001683275,0.000825971,-0.001611818,0.000485239,0.000825971,,,
1786043601966501545,1786043601.965942533,/novatel/oem7/inspva,/novatel/oem7/inspva,/novatel/oem7/inspva,39.663,-75.756,-1.799207260,0.000640845,0.000556170,-0.000619094,-0.000165546,0.000556170,,novatel_oem7_msgs.msg.InertialSolutionStatus(status=3),
1786043601967907825,1786043601.966112282,/novatel/oem7/fix,/novatel/oem7/fix,/novatel/oem7/inspva,39.663,-75.756,-1.016813430,0.000640845,0.000556170,-0.000619094,-0.000165546,0.000556170,,0,
1786043601968975749,1786043601.966587096,/novatel/oem7/odom,/novatel/oem7/fix,/novatel/oem7/odom,39.663,-75.756,-1.016813430,0.000642783,0.000553929,-0.000198754,-0.000611283,0.000553929,,,
1786043601975852616,1786043601.975152776,/novatel/oem7/odom,/novatel/oem7/fix,/novatel/oem7/odom,39.663,-75.756,-1.016813430,0.000642783,0.000553929,-0.000198754,-0.000611283,0.000553929,,,
1786043601985789159,1786043601.985159654,/novatel/oem7/inspva,/novatel/oem7/inspva,/novatel/oem7/inspva,39.663,-75.756,-1.799185231,0.001932522,0.001326117,-0.000926624,-0.001695880,0.001326117,,novatel_oem7_msgs.msg.InertialSolutionStatus(status=3),
1786043601987282617,1786043601.985279997,/novatel/oem7/fix,/novatel/oem7/fix,/novatel/oem7/inspva,39.663,-75.756,-1.016813430,0.001932522,0.001326117,-0.000926624,-0.001695880,0.001326117,,0,
1786043601988436272,1786043601.985797613,/novatel/oem7/odom,/novatel/oem7/fix,/novatel/oem7/odom,39.663,-75.756,-1.016813430,0.001938580,0.001317245,-0.001745692,-0.000843001,0.001317245,,,
1786043601996249055,1786043601.995592301,/novatel/oem7/odom,/novatel/oem7/fix,/novatel/oem7/odom,39.663,-75.756,-1.016813430,0.001938580,0.001317245,-0.001745692,-0.000843001,0.001317245,,,
1786043602009141666,1786043602.008633552,/novatel/oem7/inspva,/novatel/oem7/inspva,/novatel/oem7/inspva,39.663,-75.756,-1.799173222,0.001050870,0.001649388,0.000332865,-0.000996759,0.001649388,,novatel_oem7_msgs.msg.InertialSolutionStatus(status=3),
1786043602010549917,1786043602.008727462,/novatel/oem7/fix,/novatel/oem7/fix,/novatel/oem7/inspva,39.663,-75.756,-1.016813430,0.001050870,0.001649388,0.000332865,-0.000996759,0.001649388,,0,
1786043602012569249,1786043602.011523989,/novatel/oem7/odom,/novatel/oem7/fix,/novatel/oem7/odom,39.663,-75.756,-1.016813430,0.001055502,0.001646428,-0.000985185,0.000378807,0.001646428,,,
1786043602016564628,1786043602.015855275,/novatel/oem7/odom,/novatel/oem7/fix,/novatel/oem7/odom,39.663,-75.756,-1.016813430,0.001055502,0.001646428,-0.000985185,0.000378807,0.001646428,,,
1786043602027587039,1786043602.026961356,/novatel/oem7/bestpos,/novatel/oem7/bestpos,/novatel/oem7/odom,39.663,-75.756,33.183240630,0.001055502,0.001646428,-0.000985185,0.000378807,0.001646428,,novatel_oem7_msgs.msg.SolutionStatus(status=0),novatel_oem7_msgs.msg.PositionOrVelocityType(type=53)
1786043602029101780,1786043602.027645271,/novatel/oem7/bestvel,/novatel/oem7/bestpos,/novatel/oem7/bestvel,39.663,-75.756,33.183240630,0.000948306,0.001474293,,,,300.220996253,novatel_oem7_msgs.msg.SolutionStatus(status=0),novatel_oem7_msgs.msg.PositionOrVelocityType(type=53)
1786043602030079317,1786043602.028245518,/novatel/oem7/inspva,/novatel/oem7/inspva,/novatel/oem7/inspva,39.663,-75.756,-1.799172976,0.001715352,0.001713456,0.000360210,-0.001677105,0.001713456,,novatel_oem7_msgs.msg.InertialSolutionStatus(status=3),
1786043602030973585,1786043602.028399801,/novatel/oem7/fix,/novatel/oem7/fix,/novatel/oem7/inspva,39.663,-75.756,-1.799172976,0.001715352,0.001713456,0.000360210,-0.001677105,0.001713456,,0,
1786043602032573961,1786043602.028686670,/novatel/oem7/odom,/novatel/oem7/fix,/novatel/oem7/odom,39.663,-75.756,-1.799172976,0.001720834,0.001707950,-0.001663547,0.000440317,0.001707950,,,
1786043602035844936,1786043602.035135383,/novatel/oem7/odom,/novatel/oem7/fix,/novatel/oem7/odom,39.663,-75.756,-1.799172976,0.001720834,0.001707950,-0.001663547,0.000440317,0.001707950,,,
1786043602046078519,1786043602.045565186,/novatel/oem7/inspva,/novatel/oem7/inspva,/novatel/oem7/inspva,39.663,-75.756,-1.799194859,0.001403151,-0.000050981,-0.000404222,-0.001343666,-0.000050981,,novatel_oem7_msgs.msg.InertialSolutionStatus(status=3),
1786043602047541479,1786043602.045661756,/novatel/oem7/fix,/novatel/oem7/fix,/novatel/oem7/inspva,39.663,-75.756,-1.799194859,0.001403151,-0.000050981,-0.000404222,-0.001343666,-0.000050981,,0,
1786043602048664324,1786043602.046480004,/novatel/oem7/odom,/novatel/oem7/fix,/novatel/oem7/odom,39.663,-75.756,-1.799194859,0.001402915,-0.000057107,-0.001362148,-0.000335744,-0.000057107,,,
1786043602057469866,1786043602.056724329,/novatel/oem7/odom,/novatel/oem7/fix,/novatel/oem7/odom,39.663,-75.756,-1.799194859,0.001402915,-0.000057107,-0.001362148,-0.000335744,-0.000057107,,,
1786043602066084540,1786043602.065541968,/novatel/oem7/inspva,/novatel/oem7/inspva,/novatel/oem7/inspva,39.663,-75.756,-1.799202046,0.001626911,0.000712417,-0.000724898,-0.001456490,0.000712417,,novatel_oem7_msgs.msg.InertialSolutionStatus(status=3),
1786043602067493950,1786043602.065736103,/novatel/oem7/fix,/novatel/oem7/fix,/novatel/oem7/inspva,39.663,-75.756,-1.799202046,0.001626911,0.000712417,-0.000724898,-0.001456490,0.000712417,,0,
1786043602068639718,1786043602.066148075,/novatel/oem7/odom,/novatel/oem7/fix,/novatel/oem7/odom,39.663,-75.756,-1.799202046,0.001630135,0.000705010,-0.001494003,-0.000652145,0.000705010,,,
1786043602075380064,1786043602.074699723,/novatel/oem7/odom,/novatel/oem7/fix,/novatel/oem7/odom,39.663,-75.756,-1.799202046,0.001630135,0.000705010,-0.001494003,-0.000652145,0.000705010,,,
1786043602087493622,1786043602.086969067,/novatel/oem7/inspva,/novatel/oem7/inspva,/novatel/oem7/inspva,39.663,-75.756,-1.799191895,0.001130262,0.003067539,-0.000165182,-0.001118126,0.003067539,,novatel_oem7_msgs.msg.InertialSolutionStatus(status=3),
1786043602088853415,1786043602.087122128,/novatel/oem7/fix,/novatel/oem7/fix,/novatel/oem7/inspva,39.663,-75.756,-1.799191895,0.001130262,0.003067539,-0.000165182,-0.001118126,0.003067539,,0,
1786043602089962386,1786043602.087995573,/novatel/oem7/odom,/novatel/oem7/fix,/novatel/oem7/odom,39.663,-75.756,-1.799191895,0.001143030,0.003062804,-0.001137141,-0.000115883,0.003062804,,,
1786043602096110945,1786043602.095402652,/novatel/oem7/odom,/novatel/oem7/fix,/novatel/oem7/odom,39.663,-75.756,-1.799191895,0.001143030,0.003062804,-0.001137141,-0.000115883,0.003062804,,,
1786043602106610020,1786043602.106056578,/novatel/oem7/inspva,/novatel/oem7/inspva,/novatel/oem7/inspva,39.663,-75.756,-1.799219484,0.001173723,0.002401376,-0.000099837,-0.001169469,0.002401376,,novatel_oem7_msgs.msg.InertialSolutionStatus(status=3),
1786043602108018977,1786043602.106255867,/novatel/oem7/fix,/novatel/oem7/fix,/novatel/oem7/inspva,39.663,-75.756,-1.799219484,0.001173723,0.002401376,-0.000099837,-0.001169469,0.002401376,,0,
1786043602109108702,1786043602.106676878,/novatel/oem7/odom,/novatel/oem7/fix,/novatel/oem7/odom,39.663,-75.756,-1.799219484,0.001183431,0.002396606,-0.001182520,-0.000046426,0.002396606,,,
1786043602111084337,1786043602.110135752,/novatel/oem7/bestpos,/novatel/oem7/bestpos,/novatel/oem7/odom,39.663,-75.756,33.183128042,0.001183431,0.002396606,-0.001182520,-0.000046426,0.002396606,,novatel_oem7_msgs.msg.SolutionStatus(status=0),novatel_oem7_msgs.msg.PositionOrVelocityType(type=53)
1786043602112618272,1786043602.110670853,/novatel/oem7/bestvel,/novatel/oem7/bestpos,/novatel/oem7/bestvel,39.663,-75.756,33.183128042,0.000405135,0.001428613,,,,45.836239043,novatel_oem7_msgs.msg.SolutionStatus(status=0),novatel_oem7_msgs.msg.PositionOrVelocityType(type=53)
1786043602116379369,1786043602.115727419,/novatel/oem7/odom,/novatel/oem7/bestpos,/novatel/oem7/odom,39.663,-75.756,33.183128042,0.001183431,0.002396606,-0.001182520,-0.000046426,0.002396606,,,
1786043602126770400,1786043602.126228814,/novatel/oem7/inspva,/novatel/oem7/inspva,/novatel/oem7/inspva,39.663,-75.756,-1.799241233,0.001814364,0.000353598,0.000156769,-0.001807579,0.000353598,,novatel_oem7_msgs.msg.InertialSolutionStatus(status=3),
1786043602128147283,1786043602.126374353,/novatel/oem7/fix,/novatel/oem7/fix,/novatel/oem7/inspva,39.663,-75.756,-1.799241233,0.001814364,0.000353598,0.000156769,-0.001807579,0.000353598,,0,
1786043602129244051,1786043602.126800075,/novatel/oem7/odom,/novatel/oem7/fix,/novatel/oem7/odom,39.663,-75.756,-1.799241233,0.001815609,0.000347149,-0.001798732,0.000246979,0.000347149,,,
1786043602135974293,1786043602.135271836,/novatel/oem7/odom,/novatel/oem7/fix,/novatel/oem7/odom,39.663,-75.756,-1.799241233,0.001815609,0.000347149,-0.001798732,0.000246979,0.000347149,,,
1786043602146821591,1786043602.146281996,/novatel/oem7/inspva,/novatel/oem7/inspva,/novatel/oem7/inspva,39.663,-75.756,-1.799238182,0.001650882,0.000878901,-0.000328082,-0.001617954,0.000878901,,novatel_oem7_msgs.msg.InertialSolutionStatus(status=3),
1786043602148601286,1786043602.146437381,/novatel/oem7/fix,/novatel/oem7/fix,/novatel/oem7/inspva,39.663,-75.756,-1.799238182,0.001650882,0.000878901,-0.000328082,-0.001617954,0.000878901,,0,
1786043602149875021,1786043602.146955765,/novatel/oem7/odom,/novatel/oem7/fix,/novatel/oem7/odom,39.663,-75.756,-1.799238182,0.001654602,0.000871877,-0.001635899,-0.000248078,0.000871877,,,
1786043602156901650,1786043602.156231690,/novatel/oem7/odom,/novatel/oem7/fix,/novatel/oem7/odom,39.663,-75.756,-1.799238182,0.001654602,0.000871877,-0.001635899,-0.000248078,0.000871877,,,
1786043602166068205,1786043602.165469980,/novatel/oem7/inspva,/novatel/oem7/inspva,/novatel/oem7/inspva,39.663,-75.756,-1.799227230,0.001632446,0.002646669,-0.001602703,0.000310201,0.002646669,,novatel_oem7_msgs.msg.InertialSolutionStatus(status=3),
1786043602167569963,1786043602.165633671,/novatel/oem7/fix,/novatel/oem7/fix,/novatel/oem7/inspva,39.663,-75.756,-1.799227230,0.001632446,0.002646669,-0.001602703,0.000310201,0.002646669,,0,
1786043602168657754,1786043602.166341081,/novatel/oem7/odom,/novatel/oem7/fix,/novatel/oem7/odom,39.663,-75.756,-1.799227230,0.001637320,0.002643657,0.000218419,-0.001622686,0.002643657,,,
1786043602176301411,1786043602.175601088,/novatel/oem7/odom,/novatel/oem7/fix,/novatel/oem7/odom,39.663,-75.756,-1.799227230,0.001637320,0.002643657,0.000218419,-0.001622686,0.002643657,,,
1786043602185849964,1786043602.185281875,/novatel/oem7/inspva,/novatel/oem7/inspva,/novatel/oem7/inspva,39.663,-75.756,-1.799244100,0.000962373,0.002742557,-0.000956027,-0.000110336,0.002742557,,novatel_oem7_msgs.msg.InertialSolutionStatus(status=3),
1786043602187171971,1786043602.185454724,/novatel/oem7/fix,/novatel/oem7/fix,/novatel/oem7/inspva,39.663,-75.756,-1.799244100,0.000962373,0.002742557,-0.000956027,-0.000110336,0.002742557,,0,
1786043602188214027,1786043602.185806812,/novatel/oem7/odom,/novatel/oem7/fix,/novatel/oem7/odom,39.663,-75.756,-1.799244100,0.000970779,0.002739593,-0.000169342,-0.000955895,0.002739593,,,
1786043602195247895,1786043602.194529932,/novatel/oem7/odom,/novatel/oem7/fix,/novatel/oem7/odom,39.663,-75.756,-1.799244100,0.000970779,0.002739593,-0.000169342,-0.000955895,0.002739593,,,
1786043602206928929,1786043602.206355773,/novatel/oem7/inspva,/novatel/oem7/inspva,/novatel/oem7/inspva,39.663,-75.756,-1.799273160,0.002112708,0.000120844,0.000389029,-0.002076581,0.000120844,,novatel_oem7_msgs.msg.InertialSolutionStatus(status=3),
1786043602208343640,1786043602.206524259,/novatel/oem7/fix,/novatel/oem7/fix,/novatel/oem7/inspva,39.663,-75.756,-1.799273160,0.002112708,0.000120844,0.000389029,-0.002076581,0.000120844,,0,
1786043602209465550,1786043602.207089428,/novatel/oem7/odom,/novatel/oem7/fix,/novatel/oem7/odom,39.663,-75.756,-1.799273160,0.002113094,0.000113888,-0.002054760,0.000493079,0.000113888,,,
1786043602211650792,1786043602.210368902,/novatel/oem7/bestpos,/novatel/oem7/bestpos,/novatel/oem7/odom,39.663,-75.756,33.183082658,0.002113094,0.000113888,-0.002054760,0.000493079,0.000113888,,novatel_oem7_msgs.msg.SolutionStatus(status=0),novatel_oem7_msgs.msg.PositionOrVelocityType(type=53)
1786043602212644978,1786043602.211005489,/novatel/oem7/bestvel,/novatel/oem7/bestpos,/novatel/oem7/bestvel,39.663,-75.756,33.183082658,0.002136228,0.000559652,,,,260.929335918,novatel_oem7_msgs.msg.SolutionStatus(status=0),novatel_oem7_msgs.msg.PositionOrVelocityType(type=53)
1786043602215806695,1786043602.215164330,/novatel/oem7/odom,/novatel/oem7/bestpos,/novatel/oem7/odom,39.663,-75.756,33.183082658,0.002113094,0.000113888,-0.002054760,0.000493079,0.000113888,,,
1786043602225804432,1786043602.225234844,/novatel/oem7/inspva,/novatel/oem7/inspva,/novatel/oem7/inspva,39.663,-75.756,-1.799273713,0.002064788,0.000358114,-0.000166335,-0.002058077,0.000358114,,novatel_oem7_msgs.msg.InertialSolutionStatus(status=3),
1786043602227172912,1786043602.225390135,/novatel/oem7/fix,/novatel/oem7/fix,/novatel/oem7/inspva,39.663,-75.756,-1.799273713,0.002064788,0.000358114,-0.000166335,-0.002058077,0.000358114,,0,
1786043602228291676,1786043602.225786009,/novatel/oem7/odom,/novatel/oem7/fix,/novatel/oem7/odom,39.663,-75.756,-1.799273713,0.002066215,0.000349788,-0.002065252,-0.000063085,0.000349788,,,
1786043602236308594,1786043602.235668692,/novatel/oem7/odom,/novatel/oem7/fix,/novatel/oem7/odom,39.663,-75.756,-1.799273713,0.002066215,0.000349788,-0.002065252,-0.000063085,0.000349788,,,
1786043602246130847,1786043602.245592659,/novatel/oem7/inspva,/novatel/oem7/inspva,/novatel/oem7/inspva,39.663,-75.756,-1.799261971,0.001967105,0.002245245,-0.001932038,-0.000369775,0.002245245,,novatel_oem7_msgs.msg.InertialSolutionStatus(status=3),
1786043602248060989,1786043602.245743210,/novatel/oem7/fix,/novatel/oem7/fix,/novatel/oem7/inspva,39.663,-75.756,-1.799261971,0.001967105,0.002245245,-0.001932038,-0.000369775,0.002245245,,0,
1786043602249868530,1786043602.248060376,/novatel/oem7/odom,/novatel/oem7/fix,/novatel/oem7/odom,39.663,-75.756,-1.799261971,0.001974430,0.002238807,-0.000475746,-0.001916256,0.002238807,,,
1786043602257686529,1786043602.256753970,/novatel/oem7/odom,/novatel/oem7/fix,/novatel/oem7/odom,39.663,-75.756,-1.799261971,0.001974430,0.002238807,-0.000475746,-0.001916256,0.002238807,,,
1786043602267053683,1786043602.266315430,/novatel/oem7/inspva,/novatel/oem7/inspva,/novatel/oem7/inspva,39.663,-75.756,-1.799275921,0.001539934,0.002448047,-0.001475924,0.000439367,0.002448047,,novatel_oem7_msgs.msg.InertialSolutionStatus(status=3),
1786043602268940662,1786043602.266603846,/novatel/oem7/fix,/novatel/oem7/fix,/novatel/oem7/inspva,39.663,-75.756,-1.799275921,0.001539934,0.002448047,-0.001475924,0.000439367,0.002448047,,0,
1786043602270557044,1786043602.267175671,/novatel/oem7/odom,/novatel/oem7/fix,/novatel/oem7/odom,39.663,-75.756,-1.799275921,0.001543456,0.002445828,0.000354594,-0.001502171,0.002445828,,,
1786043602276191889,1786043602.275270313,/novatel/oem7/odom,/novatel/oem7/fix,/novatel/oem7/odom,39.663,-75.756,-1.799275921,0.001543456,0.002445828,0.000354594,-0.001502171,0.002445828,,,
1786043602286152273,1786043602.285470626,/novatel/oem7/inspva,/novatel/oem7/inspva,/novatel/oem7/inspva,39.663,-75.756,-1.799287491,0.001861764,0.001632007,0.000055222,-0.001860945,0.001632007,,novatel_oem7_msgs.msg.InertialSolutionStatus(status=3),
1786043602287633227,1786043602.285696168,/novatel/oem7/fix,/novatel/oem7/fix,/novatel/oem7/inspva,39.663,-75.756,-1.799287491,0.001861764,0.001632007,0.000055222,-0.001860945,0.001632007,,0,
1786043602288788265,1786043602.286446082,/novatel/oem7/odom,/novatel/oem7/fix,/novatel/oem7/odom,39.663,-75.756,-1.799287491,0.001867939,0.001624935,-0.001862289,0.000145175,0.001624935,,,
1786043602296586197,1786043602.295772336,/novatel/oem7/odom,/novatel/oem7/fix,/novatel/oem7/odom,39.663,-75.756,-1.799287491,0.001867939,0.001624935,-0.001862289,0.000145175,0.001624935,,,
1786043602306678049,1786043602.306013506,/novatel/oem7/inspva,/novatel/oem7/inspva,/novatel/oem7/inspva,39.663,-75.756,-1.799294963,0.002527416,0.000996878,0.000270706,-0.002512877,0.000996878,,novatel_oem7_msgs.msg.InertialSolutionStatus(status=3),
1786043602308276678,1786043602.306227301,/novatel/oem7/fix,/novatel/oem7/fix,/novatel/oem7/inspva,39.663,-75.756,-1.799294963,0.002527416,0.000996878,0.000270706,-0.002512877,0.000996878,,0,
1786043602309813343,1786043602.306745529,/novatel/oem7/odom,/novatel/oem7/fix,/novatel/oem7/odom,39.663,-75.756,-1.799294963,0.002530937,0.000987905,-0.002499948,0.000394848,0.000987905,,,
1786043602311816932,1786043602.309986261,/novatel/oem7/bestpos,/novatel/oem7/bestpos,/novatel/oem7/odom,39.663,-75.756,33.183065611,0.002530937,0.000987905,-0.002499948,0.000394848,0.000987905,,novatel_oem7_msgs.msg.SolutionStatus(status=0),novatel_oem7_msgs.msg.PositionOrVelocityType(type=53)
1786043602312828228,1786043602.310531333,/novatel/oem7/bestvel,/novatel/oem7/bestpos,/novatel/oem7/bestvel,39.663,-75.756,33.183065611,0.002857517,0.001636347,,,,258.358119130,novatel_oem7_msgs.msg.SolutionStatus(status=0),novatel_oem7_msgs.msg.PositionOrVelocityType(type=53)
1786043602315252552,1786043602.314572352,/novatel/oem7/odom,/novatel/oem7/bestpos,/novatel/oem7/odom,39.663,-75.756,33.183065611,0.002530937,0.000987905,-0.002499948,0.000394848,0.000987905,,,
1786043602327382487,1786043602.326662517,/novatel/oem7/inspva,/novatel/oem7/inspva,/novatel/oem7/inspva,39.663,-75.756,-1.799286989,0.002255834,0.001186409,-0.002143342,-0.000703471,0.001186409,,novatel_oem7_msgs.msg.InertialSolutionStatus(status=3),
1786043602329039343,1786043602.326877632,/novatel/oem7/fix,/novatel/oem7/fix,/novatel/oem7/inspva,39.663,-75.756,-1.799286989,0.002255834,0.001186409,-0.002143342,-0.000703471,0.001186409,,0,
1786043602330218127,1786043602.327486791,/novatel/oem7/odom,/novatel/oem7/fix,/novatel/oem7/odom,39.663,-75.756,-1.799286989,0.002260160,0.001178148,-0.000815415,-0.002107942,0.001178148,,,
1786043602335906890,1786043602.335212386,/novatel/oem7/odom,/novatel/oem7/fix,/novatel/oem7/odom,39.663,-75.756,-1.799286989,0.002260160,0.001178148,-0.000815415,-0.002107942,0.001178148,,,
1786043602345812539,1786043602.345095622,/novatel/oem7/inspva,/novatel/oem7/inspva,/novatel/oem7/inspva,39.663,-75.756,-1.799294191,0.001912803,0.001645062,-0.001796418,-0.000657036,0.001645062,,novatel_oem7_msgs.msg.InertialSolutionStatus(status=3),
1786043602347622607,1786043602.345304844,/novatel/oem7/fix,/novatel/oem7/fix,/novatel/oem7/inspva,39.663,-75.756,-1.799294191,0.001912803,0.001645062,-0.001796418,-0.000657036,0.001645062,,0,
1786043602349201706,1786043602.345917744,/novatel/oem7/odom,/novatel/oem7/fix,/novatel/oem7/odom,39.663,-75.756,-1.799294191,0.001918988,0.001637843,-0.000753385,-0.001764916,0.001637843,,,
1786043602356843646,1786043602.355788063,/novatel/oem7/odom,/novatel/oem7/fix,/novatel/oem7/odom,39.663,-75.756,-1.799294191,0.001918988,0.001637843,-0.000753385,-0.001764916,0.001637843,,,
1786043602366138573,1786043602.365393149,/novatel/oem7/inspva,/novatel/oem7/inspva,/novatel/oem7/inspva,39.663,-75.756,-1.799286231,0.000666090,0.003056022,-0.000116987,-0.000655736,0.003056022,,novatel_oem7_msgs.msg.InertialSolutionStatus(status=3),
1786043602367894504,1786043602.365631952,/novatel/oem7/fix,/novatel/oem7/fix,/novatel/oem7/inspva,39.663,-75.756,-1.799286231,0.000666090,0.003056022,-0.000116987,-0.000655736,0.003056022,,0,
1786043602369069052,1786043602.366483634,/novatel/oem7/odom,/novatel/oem7/fix,/novatel/oem7/odom,39.663,-75.756,-1.799286231,0.000679124,0.003053152,-0.000672980,-0.000091143,0.003053152,,,
1786043602376720550,1786043602.375361713,/novatel/oem7/odom,/novatel/oem7/fix,/novatel/oem7/odom,39.663,-75.756,-1.799286231,0.000679124,0.003053152,-0.000672980,-0.000091143,0.003053152,,,
1786043602386735544,1786043602.386081484,/novatel/oem7/inspva,/novatel/oem7/inspva,/novatel/oem7/inspva,39.663,-75.756,-1.799303675,0.001650579,0.001486132,0.000185949,-0.001640071,0.001486132,,novatel_oem7_msgs.msg.InertialSolutionStatus(status=3),
1786043602388146157,1786043602.386270719,/novatel/oem7/fix,/novatel/oem7/fix,/novatel/oem7/inspva,39.663,-75.756,-1.799303675,0.001650579,0.001486132,0.000185949,-0.001640071,0.001486132,,0,
1786043602389276052,1786043602.386790874,/novatel/oem7/odom,/novatel/oem7/fix,/novatel/oem7/odom,39.663,-75.756,-1.799303675,0.001655908,0.001480193,-0.001634571,0.000264964,0.001480193,,,
1786043602395690321,1786043602.394908770,/novatel/oem7/odom,/novatel/oem7/fix,/novatel/oem7/odom,39.663,-75.756,-1.799303675,0.001655908,0.001480193,-0.001634571,0.000264964,0.001480193,,,
1786043602407381454,1786043602.406569327,/novatel/oem7/inspva,/novatel/oem7/inspva,/novatel/oem7/inspva,39.663,-75.756,-1.799317420,0.002435673,-0.000423296,-0.001382260,-0.002005457,-0.000423296,,novatel_oem7_msgs.msg.InertialSolutionStatus(status=3),
1786043602409152985,1786043602.406824049,/novatel/oem7/fix,/novatel/oem7/fix,/novatel/oem7/inspva,39.663,-75.756,-1.799317420,0.002435673,-0.000423296,-0.001382260,-0.002005457,-0.000423296,,0,
1786043602410294450,1786043602.407557419,/novatel/oem7/odom,/novatel/oem7/fix,/novatel/oem7/odom,39.663,-75.756,-1.799317420,0.002433696,-0.000434519,-0.002070962,-0.001278277,-0.000434519,,,
1786043602411894258,1786043602.410249589,/novatel/oem7/bestpos,/novatel/oem7/bestpos,/novatel/oem7/odom,39.663,-75.756,33.183060991,0.002433696,-0.000434519,-0.002070962,-0.001278277,-0.000434519,,novatel_oem7_msgs.msg.SolutionStatus(status=0),novatel_oem7_msgs.msg.PositionOrVelocityType(type=53)
1786043602412898841,1786043602.410631426,/novatel/oem7/bestvel,/novatel/oem7/bestpos,/novatel/oem7/bestvel,39.663,-75.756,33.183060991,0.004427723,0.000980614,,,,241.014264368,novatel_oem7_msgs.msg.SolutionStatus(status=0),novatel_oem7_msgs.msg.PositionOrVelocityType(type=53)
1786043602415656772,1786043602.414987946,/novatel/oem7/odom,/novatel/oem7/bestpos,/novatel/oem7/odom,39.663,-75.756,33.183060991,0.002433696,-0.000434519,-0.002070962,-0.001278277,-0.000434519,,,
1786043602425827301,1786043602.425137660,/novatel/oem7/inspva,/novatel/oem7/inspva,/novatel/oem7/inspva,39.663,-75.756,-1.799321243,0.001894827,0.000517410,-0.001884343,0.000199052,0.000517410,,novatel_oem7_msgs.msg.InertialSolutionStatus(status=3),
1786043602427398919,1786043602.425323716,/novatel/oem7/fix,/novatel/oem7/fix,/novatel/oem7/inspva,39.663,-75.756,-1.799321243,0.001894827,0.000517410,-0.001884343,0.000199052,0.000517410,,0,
1786043602428650144,1786043602.425688941,/novatel/oem7/odom,/novatel/oem7/fix,/novatel/oem7/odom,39.663,-75.756,-1.799321243,0.001895957,0.000513253,0.000101674,-0.001893229,0.000513253,,,
1786043602435318676,1786043602.434616479,/novatel/oem7/odom,/novatel/oem7/fix,/novatel/oem7/odom,39.663,-75.756,-1.799321243,0.001895957,0.000513253,0.000101674,-0.001893229,0.000513253,,,
1786043602446521875,1786043602.445271346,/novatel/oem7/inspva,/novatel/oem7/inspva,/novatel/oem7/inspva,39.663,-75.756,-1.799302995,0.001379304,0.003561310,-0.000904313,-0.001041487,0.003561310,,novatel_oem7_msgs.msg.InertialSolutionStatus(status=3),
1786043602448578702,1786043602.445600309,/novatel/oem7/fix,/novatel/oem7/fix,/novatel/oem7/inspva,39.663,-75.756,-1.799302995,0.001379304,0.003561310,-0.000904313,-0.001041487,0.003561310,,0,
1786043602450009949,1786043602.446296010,/novatel/oem7/odom,/novatel/oem7/fix,/novatel/oem7/odom,39.663,-75.756,-1.799302995,0.001395903,0.003554837,-0.001100193,-0.000859138,0.003554837,,,
1786043602457638496,1786043602.456631770,/novatel/oem7/odom,/novatel/oem7/fix,/novatel/oem7/odom,39.663,-75.756,-1.799302995,0.001395903,0.003554837,-0.001100193,-0.000859138,0.003554837,,,
1786043602465913160,1786043602.465137406,/novatel/oem7/inspva,/novatel/oem7/inspva,/novatel/oem7/inspva,39.663,-75.756,-1.799329321,0.000775403,0.001190904,-0.000468415,-0.000617930,0.001190904,,novatel_oem7_msgs.msg.InertialSolutionStatus(status=3),
1786043602467438451,1786043602.465357345,/novatel/oem7/fix,/novatel/oem7/fix,/novatel/oem7/inspva,39.663,-75.756,-1.799329321,0.000775403,0.001190904,-0.000468415,-0.000617930,0.001190904,,0,
1786043602468574972,1786043602.465934527,/novatel/oem7/odom,/novatel/oem7/fix,/novatel/oem7/odom,39.663,-75.756,-1.799329321,0.000780934,0.001187285,-0.000645524,-0.000439496,0.001187285,,,
1786043602475856370,1786043602.474911451,/novatel/oem7/odom,/novatel/oem7/fix,/novatel/oem7/odom,39.663,-75.756,-1.799329321,0.000780934,0.001187285,-0.000645524,-0.000439496,0.001187285,,,
1786043602487414849,1786043602.486642325,/novatel/oem7/inspva,/novatel/oem7/inspva,/novatel/oem7/inspva,39.663,-75.756,-1.799347420,0.001497555,-0.000297908,-0.000625656,-0.001360597,-0.000297908,,novatel_oem7_msgs.msg.InertialSolutionStatus(status=3),
1786043602488883700,1786043602.486836020,/novatel/oem7/fix,/novatel/oem7/fix,/novatel/oem7/inspva,39.663,-75.756,-1.799347420,0.001497555,-0.000297908,-0.000625656,-0.001360597,-0.000297908,,0,
1786043602489967690,1786043602.487312385,/novatel/oem7/odom,/novatel/oem7/fix,/novatel/oem7/odom,39.663,-75.756,-1.799347420,0.001496180,-0.000304736,-0.001389247,-0.000555472,-0.000304736,,,
1786043602495998116,1786043602.495123761,/novatel/oem7/odom,/novatel/oem7/fix,/novatel/oem7/odom,39.663,-75.756,-1.799347420,0.001496180,-0.000304736,-0.001389247,-0.000555472,-0.000304736,,,
1786043602506913522,1786043602.506095684,/novatel/oem7/inspva,/novatel/oem7/inspva,/novatel/oem7/inspva,39.663,-75.756,-1.799350268,0.001431991,0.000202071,-0.001129762,-0.000879906,0.000202071,,novatel_oem7_msgs.msg.InertialSolutionStatus(status=3),
1786043602508414390,1786043602.506304576,/novatel/oem7/fix,/novatel/oem7/fix,/novatel/oem7/inspva,39.663,-75.756,-1.799350268,0.001431991,0.000202071,-0.001129762,-0.000879906,0.000202071,,0,
1786043602509553928,1786043602.506886072,/novatel/oem7/odom,/novatel/oem7/fix,/novatel/oem7/odom,39.663,-75.756,-1.799350268,0.001432867,0.000195764,-0.000936588,-0.001084393,0.000195764,,,
1786043602512218847,1786043602.511366405,/novatel/oem7/bestpos,/novatel/oem7/bestpos,/novatel/oem7/odom,39.663,-75.756,33.183021823,0.001432867,0.000195764,-0.000936588,-0.001084393,0.000195764,,novatel_oem7_msgs.msg.SolutionStatus(status=0),novatel_oem7_msgs.msg.PositionOrVelocityType(type=53)
1786043602513702021,1786043602.511846743,/novatel/oem7/bestvel,/novatel/oem7/bestpos,/novatel/oem7/bestvel,39.663,-75.756,33.183021823,0.002456970,0.000997148,,,,224.393773947,novatel_oem7_msgs.msg.SolutionStatus(status=0),novatel_oem7_msgs.msg.PositionOrVelocityType(type=53)
1786043602515867049,1786043602.514741828,/novatel/oem7/odom,/novatel/oem7/bestpos,/novatel/oem7/odom,39.663,-75.756,33.183021823,0.001432867,0.000195764,-0.000936588,-0.001084393,0.000195764,,,
1786043602526207940,1786043602.525385552,/novatel/oem7/inspva,/novatel/oem7/inspva,/novatel/oem7/inspva,39.663,-75.756,-1.799323964,0.001998416,0.003412082,-0.001996914,-0.000077482,0.003412082,,novatel_oem7_msgs.msg.InertialSolutionStatus(status=3),
1786043602527838179,1786043602.525587750,/novatel/oem7/fix,/novatel/oem7/fix,/novatel/oem7/inspva,39.663,-75.756,-1.799323964,0.001998416,0.003412082,-0.001996914,-0.000077482,0.003412082,,0,
1786043602528998240,1786043602.526316548,/novatel/oem7/odom,/novatel/oem7/fix,/novatel/oem7/odom,39.663,-75.756,-1.799323964,0.002007823,0.003406555,-0.000191891,-0.001998632,0.003406555,,,
1786043602536113503,1786043602.535262895,/novatel/oem7/odom,/novatel/oem7/fix,/novatel/oem7/odom,39.663,-75.756,-1.799323964,0.002007823,0.003406555,-0.000191891,-0.001998632,0.003406555,,,
1786043602546147193,1786043602.545364523,/novatel/oem7/inspva,/novatel/oem7/inspva,/novatel/oem7/inspva,39.663,-75.756,-1.799340464,0.001078290,0.002136748,-0.000924600,-0.000554820,0.002136748,,novatel_oem7_msgs.msg.InertialSolutionStatus(status=3),
1786043602547655095,1786043602.545592118,/novatel/oem7/fix,/novatel/oem7/fix,/novatel/oem7/inspva,39.663,-75.756,-1.799340464,0.001078290,0.002136748,-0.000924600,-0.000554820,0.002136748,,0,
1786043602548766836,1786043602.546130846,/novatel/oem7/odom,/novatel/oem7/fix,/novatel/oem7/odom,39.663,-75.756,-1.799340464,0.001087309,0.002132173,-0.000609340,-0.000900525,0.002132173,,,
1786043602556601472,1786043602.555796664,/novatel/oem7/odom,/novatel/oem7/fix,/novatel/oem7/odom,39.663,-75.756,-1.799340464,0.001087309,0.002132173,-0.000609340,-0.000900525,0.002132173,,,
1786043602566014980,1786043602.565262516,/novatel/oem7/inspva,/novatel/oem7/inspva,/novatel/oem7/inspva,39.663,-75.756,-1.799359178,0.000929290,-0.000257704,-0.000242859,-0.000896995,-0.000257704,,novatel_oem7_msgs.msg.InertialSolutionStatus(status=3),
1786043602567491538,1786043602.565449154,/novatel/oem7/fix,/novatel/oem7/fix,/novatel/oem7/inspva,39.663,-75.756,-1.799359178,0.000929290,-0.000257704,-0.000242859,-0.000896995,-0.000257704,,0,
1786043602568582368,1786043602.565864825,/novatel/oem7/odom,/novatel/oem7/fix,/novatel/oem7/odom,39.663,-75.756,-1.799359178,0.000928152,-0.000261773,-0.000907077,-0.000196667,-0.000261773,,,
1786043602576234329,1786043602.575495329,/novatel/oem7/odom,/novatel/oem7/fix,/novatel/oem7/odom,39.663,-75.756,-1.799359178,0.000928152,-0.000261773,-0.000907077,-0.000196667,-0.000261773,,,
1786043602585710338,1786043602.584994354,/novatel/oem7/inspva,/novatel/oem7/inspva,/novatel/oem7/inspva,39.663,-75.756,-1.799361355,0.001052583,0.000180441,-0.000863208,-0.000602330,0.000180441,,novatel_oem7_msgs.msg.InertialSolutionStatus(status=3),
1786043602587100218,1786043602.585130579,/novatel/oem7/fix,/novatel/oem7/fix,/novatel/oem7/inspva,39.663,-75.756,-1.799361355,0.001052583,0.000180441,-0.000863208,-0.000602330,0.000180441,,0,
1786043602588141849,1786043602.585618494,/novatel/oem7/odom,/novatel/oem7/fix,/novatel/oem7/odom,39.663,-75.756,-1.799361355,0.001053356,0.000175868,-0.000645835,-0.000832140,0.000175868,,,
1786043602595229101,1786043602.594487923,/novatel/oem7/odom,/novatel/oem7/fix,/novatel/oem7/odom,39.663,-75.756,-1.799361355,0.001053356,0.000175868,-0.000645835,-0.000832140,0.000175868,,,
1786043602607219647,1786043602.606529470,/novatel/oem7/inspva,/novatel/oem7/inspva,/novatel/oem7/inspva,39.663,-75.756,-1.799344498,0.001881686,0.002094437,-0.001818449,-0.000483720,0.002094437,,novatel_oem7_msgs.msg.InertialSolutionStatus(status=3),
1786043602608655781,1786043602.606673255,/novatel/oem7/fix,/novatel/oem7/fix,/novatel/oem7/inspva,39.663,-75.756,-1.799344498,0.001881686,0.002094437,-0.001818449,-0.000483720,0.002094437,,0,
1786043602609717968,1786043602.607173227,/novatel/oem7/odom,/novatel/oem7/fix,/novatel/oem7/odom,39.663,-75.756,-1.799344498,0.001889042,0.002087805,-0.000583265,-0.001796742,0.002087805,,,
1786043602611388091,1786043602.610318354,/novatel/oem7/bestpos,/novatel/oem7/bestpos,/novatel/oem7/odom,39.663,-75.756,33.183008338,0.001889042,0.002087805,-0.000583265,-0.001796742,0.002087805,,novatel_oem7_msgs.msg.SolutionStatus(status=0),novatel_oem7_msgs.msg.PositionOrVelocityType(type=53)
1786043602612341717,1786043602.610675571,/novatel/oem7/bestvel,/novatel/oem7/bestpos,/novatel/oem7/bestvel,39.663,-75.756,33.183008338,0.001908588,0.002059316,,,,190.570681411,novatel_oem7_msgs.msg.SolutionStatus(status=0),novatel_oem7_msgs.msg.PositionOrVelocityType(type=53)
1786043602615848558,1786043602.615068590,/novatel/oem7/odom,/novatel/oem7/bestpos,/novatel/oem7/odom,39.663,-75.756,33.183008338,0.001889042,0.002087805,-0.000583265,-0.001796742,0.002087805,,,
1786043602625710307,1786043602.625010917,/novatel/oem7/inspva,/novatel/oem7/inspva,/novatel/oem7/inspva,39.663,-75.756,-1.799357870,0.001443762,0.002317884,-0.001399955,0.000352953,0.002317884,,novatel_oem7_msgs.msg.InertialSolutionStatus(status=3),
1786043602627114157,1786043602.625147848,/novatel/oem7/fix,/novatel/oem7/fix,/novatel/oem7/inspva,39.663,-75.756,-1.799357870,0.001443762,0.002317884,-0.001399955,0.000352953,0.002317884,,0,
1786043602628215454,1786043602.625602449,/novatel/oem7/odom,/novatel/oem7/fix,/novatel/oem7/odom,39.663,-75.756,-1.799357870,0.001447419,0.002315602,0.000272589,-0.001421520,0.002315602,,,
1786043602636190396,1786043602.635380264,/novatel/oem7/odom,/novatel/oem7/fix,/novatel/oem7/odom,39.663,-75.756,-1.799357870,0.001447419,0.002315602,0.000272589,-0.001421520,0.002315602,,,
1786043602645888666,1786043602.645330901,/novatel/oem7/inspva,/novatel/oem7/inspva,/novatel/oem7/inspva,39.663,-75.756,-1.799383275,0.000808255,-0.000108729,-0.000123750,-0.000798725,-0.000108729,,novatel_oem7_msgs.msg.InertialSolutionStatus(status=3),
1786043602647311950,1786043602.645536616,/novatel/oem7/fix,/novatel/oem7/fix,/novatel/oem7/inspva,39.663,-75.756,-1.799383275,0.000808255,-0.000108729,-0.000123750,-0.000798725,-0.000108729,,0,
1786043602648504882,1786043602.646178389,/novatel/oem7/odom,/novatel/oem7/fix,/novatel/oem7/odom,39.663,-75.756,-1.799383275,0.000807785,-0.000112169,-0.000803506,-0.000083031,-0.000112169,,,
1786043602657133522,1786043602.656462889,/novatel/oem7/odom,/novatel/oem7/fix,/novatel/oem7/odom,39.663,-75.756,-1.799383275,0.000807785,-0.000112169,-0.000803506,-0.000083031,-0.000112169,,,
1786043602666643168,1786043602.666092199,/novatel/oem7/inspva,/novatel/oem7/inspva,/novatel/oem7/inspva,39.663,-75.756,-1.799393510,0.001165828,-0.000332587,-0.000652674,-0.000966008,-0.000332587,,novatel_oem7_msgs.msg.InertialSolutionStatus(status=3),
1786043602667998465,1786043602.666275888,/novatel/oem7/fix,/novatel/oem7/fix,/novatel/oem7/inspva,39.663,-75.756,-1.799393510,0.001165828,-0.000332587,-0.000652674,-0.000966008,-0.000332587,,0,
1786043602669064001,1786043602.666728459,/novatel/oem7/odom,/novatel/oem7/fix,/novatel/oem7/odom,39.663,-75.756,-1.799393510,0.001164262,-0.000338031,-0.000996361,-0.000602304,-0.000338031,,,
1786043602674936435,1786043602.674580645,/novatel/oem7/odom,/novatel/oem7/fix,/novatel/oem7/odom,39.663,-75.756,-1.799393510,0.001164262,-0.000338031,-0.000996361,-0.000602304,-0.000338031,,,
1786043602685738991,1786043602.685386134,/novatel/oem7/inspva,/novatel/oem7/inspva,/novatel/oem7/inspva,39.663,-75.756,-1.799380145,0.002641915,0.001690632,-0.002322073,0.001260037,0.001690632,,novatel_oem7_msgs.msg.InertialSolutionStatus(status=3),
1786043602686325447,1786043602.685539599,/novatel/oem7/fix,/novatel/oem7/fix,/novatel/oem7/inspva,39.663,-75.756,-1.799380145,0.002641915,0.001690632,-0.002322073,0.001260037,0.001690632,,0,
1786043602686999977,1786043602.686319076,/novatel/oem7/odom,/novatel/oem7/fix,/novatel/oem7/odom,39.663,-75.756,-1.799380145,0.002642674,0.001689445,0.001134516,-0.002386755,0.001689445,,,
1786043602695723431,1786043602.695288256,/novatel/oem7/odom,/novatel/oem7/fix,/novatel/oem7/odom,39.663,-75.756,-1.799380145,0.002642674,0.001689445,0.001134516,-0.002386755,0.001689445,,,
1786043602706234314,1786043602.705949837,/novatel/oem7/inspva,/novatel/oem7/inspva,/novatel/oem7/inspva,39.663,-75.756,-1.799384987,0.002438857,0.002304541,-0.002428582,0.000223633,0.002304541,,novatel_oem7_msgs.msg.InertialSolutionStatus(status=3),
1786043602706833320,1786043602.706103535,/novatel/oem7/fix,/novatel/oem7/fix,/novatel/oem7/inspva,39.663,-75.756,-1.799384987,0.002438857,0.002304541,-0.002428582,0.000223633,0.002304541,,0,
1786043602707545473,1786043602.706657951,/novatel/oem7/odom,/novatel/oem7/fix,/novatel/oem7/odom,39.663,-75.756,-1.799384987,0.002444027,0.002299057,0.000091530,-0.002442312,0.002299057,,,
1786043602710290156,1786043602.709675673,/novatel/oem7/bestpos,/novatel/oem7/bestpos,/novatel/oem7/odom,39.663,-75.756,33.182960345,0.002444027,0.002299057,0.000091530,-0.002442312,0.002299057,,novatel_oem7_msgs.msg.SolutionStatus(status=0),novatel_oem7_msgs.msg.PositionOrVelocityType(type=53)
1786043602711710033,1786043602.710337283,/novatel/oem7/bestvel,/novatel/oem7/bestpos,/novatel/oem7/bestvel,39.663,-75.756,33.182960345,0.002285760,0.002041890,,,,167.151065544,novatel_oem7_msgs.msg.SolutionStatus(status=0),novatel_oem7_msgs.msg.PositionOrVelocityType(type=53)
1786043602715008004,1786043602.714673692,/novatel/oem7/odom,/novatel/oem7/bestpos,/novatel/oem7/odom,39.663,-75.756,33.182960345,0.002444027,0.002299057,0.000091530,-0.002442312,0.002299057,,,
1786043602727186867,1786043602.726753209,/novatel/oem7/inspva,/novatel/oem7/inspva,/novatel/oem7/inspva,39.663,-75.756,-1.799409226,0.001322159,-0.000019186,-0.000160536,-0.001312377,-0.000019186,,novatel_oem7_msgs.msg.InertialSolutionStatus(status=3),
1786043602727799734,1786043602.726911888,/novatel/oem7/fix,/novatel/oem7/fix,/novatel/oem7/inspva,39.663,-75.756,-1.799409226,0.001322159,-0.000019186,-0.000160536,-0.001312377,-0.000019186,,0,
1786043602728282496,1786043602.727411079,/novatel/oem7/odom,/novatel/oem7/fix,/novatel/oem7/odom,39.663,-75.756,-1.799409226,0.001322067,-0.000024742,-0.001318715,-0.000094080,-0.000024742,,,
1786043602735521432,1786043602.735115877,/novatel/oem7/odom,/novatel/oem7/fix,/novatel/oem7/odom,39.663,-75.756,-1.799409226,0.001322067,-0.000024742,-0.001318715,-0.000094080,-0.000024742,,,
1786043602745460588,1786043602.745150308,/novatel/oem7/inspva,/novatel/oem7/inspva,/novatel/oem7/inspva,39.663,-75.756,-1.799417755,0.001361707,0.000143664,-0.000807388,-0.001096526,0.000143664,,novatel_oem7_msgs.msg.InertialSolutionStatus(status=3),
1786043602746086250,1786043602.745295506,/novatel/oem7/fix,/novatel/oem7/fix,/novatel/oem7/inspva,39.663,-75.756,-1.799417755,0.001361707,0.000143664,-0.000807388,-0.001096526,0.000143664,,0,
1786043602746596764,1786043602.745733601,/novatel/oem7/odom,/novatel/oem7/fix,/novatel/oem7/odom,39.663,-75.756,-1.799417755,0.001362364,0.000137292,-0.001136423,-0.000751384,0.000137292,,,
1786043602756211044,1786043602.755851335,/novatel/oem7/odom,/novatel/oem7/fix,/novatel/oem7/odom,39.663,-75.756,-1.799417755,0.001362364,0.000137292,-0.001136423,-0.000751384,0.000137292,,,
1786043602765680527,1786043602.765371245,/novatel/oem7/inspva,/novatel/oem7/inspva,/novatel/oem7/inspva,39.663,-75.756,-1.799407438,0.002228191,0.001352590,-0.002208770,0.000293548,0.001352590,,novatel_oem7_msgs.msg.InertialSolutionStatus(status=3),
1786043602766304054,1786043602.765538056,/novatel/oem7/fix,/novatel/oem7/fix,/novatel/oem7/inspva,39.663,-75.756,-1.799407438,0.002228191,0.001352590,-0.002208770,0.000293548,0.001352590,,0,
1786043602767025590,1786043602.766191626,/novatel/oem7/odom,/novatel/oem7/fix,/novatel/oem7/odom,39.663,-75.756,-1.799407438,0.002230994,0.001347961,0.000176320,-0.002224016,0.001347961,,,
1786043602775313707,1786043602.774942784,/novatel/oem7/odom,/novatel/oem7/fix,/novatel/oem7/odom,39.663,-75.756,-1.799407438,0.002230994,0.001347961,0.000176320,-0.002224016,0.001347961,,,
1786043602786388087,1786043602.786059473,/novatel/oem7/inspva,/novatel/oem7/inspva,/novatel/oem7/inspva,39.663,-75.756,-1.799418832,0.002491152,0.001478609,-0.002441253,0.000496106,0.001478609,,novatel_oem7_msgs.msg.InertialSolutionStatus(status=3),
1786043602787059239,1786043602.786206900,/novatel/oem7/fix,/novatel/oem7/fix,/novatel/oem7/inspva,39.663,-75.756,-1.799418832,0.002491152,0.001478609,-0.002441253,0.000496106,0.001478609,,0,
1786043602787982238,1786043602.786660522,/novatel/oem7/odom,/novatel/oem7/fix,/novatel/oem7/odom,39.663,-75.756,-1.799418832,0.002493766,0.001474196,0.000366357,-0.002466709,0.001474196,,,
1786043602794855279,1786043602.794458707,/novatel/oem7/odom,/novatel/oem7/fix,/novatel/oem7/odom,39.663,-75.756,-1.799418832,0.002493766,0.001474196,0.000366357,-0.002466709,0.001474196,,,
1786043602806569833,1786043602.806245745,/novatel/oem7/inspva,/novatel/oem7/inspva,/novatel/oem7/inspva,39.663,-75.756,-1.799430483,0.000719119,0.000859903,-0.000275175,-0.000664388,0.000859903,,novatel_oem7_msgs.msg.InertialSolutionStatus(status=3),
1786043602807218076,1786043602.806433534,/novatel/oem7/fix,/novatel/oem7/fix,/novatel/oem7/inspva,39.663,-75.756,-1.799430483,0.000719119,0.000859903,-0.000275175,-0.000664388,0.000859903,,0,
1786043602807938897,1786043602.807068103,/novatel/oem7/odom,/novatel/oem7/fix,/novatel/oem7/odom,39.663,-75.756,-1.799430483,0.000723075,0.000856580,-0.000680895,-0.000243348,0.000856580,,,
1786043602810644019,1786043602.810299704,/novatel/oem7/bestpos,/novatel/oem7/bestpos,/novatel/oem7/odom,39.663,-75.756,33.182932826,0.000723075,0.000856580,-0.000680895,-0.000243348,0.000856580,,novatel_oem7_msgs.msg.SolutionStatus(status=0),novatel_oem7_msgs.msg.PositionOrVelocityType(type=53)
1786043602811309759,1786043602.810775053,/novatel/oem7/bestvel,/novatel/oem7/bestpos,/novatel/oem7/bestvel,39.663,-75.756,33.182932826,0.000596710,0.000797437,,,,202.977701541,novatel_oem7_msgs.msg.SolutionStatus(status=0),novatel_oem7_msgs.msg.PositionOrVelocityType(type=53)
1786043602816268983,1786043602.815580210,/novatel/oem7/odom,/novatel/oem7/bestpos,/novatel/oem7/odom,39.663,-75.756,33.182932826,0.000723075,0.000856580,-0.000680895,-0.000243348,0.000856580,,,
1786043602825296969,1786043602.824995101,/novatel/oem7/inspva,/novatel/oem7/inspva,/novatel/oem7/inspva,39.663,-75.756,-1.799443337,0.001155617,0.000689421,-0.000578165,-0.001000588,0.000689421,,novatel_oem7_msgs.msg.InertialSolutionStatus(status=3),
1786043602826792062,1786043602.825169566,/novatel/oem7/fix,/novatel/oem7/fix,/novatel/oem7/inspva,39.663,-75.756,-1.799443337,0.001155617,0.000689421,-0.000578165,-0.001000588,0.000689421,,0,
1786043602827790203,1786043602.825916403,/novatel/oem7/odom,/novatel/oem7/fix,/novatel/oem7/odom,39.663,-75.756,-1.799443337,0.001158831,0.000684005,-0.001031256,-0.000528584,0.000684005,,,
1786043602834926420,1786043602.834551977,/novatel/oem7/odom,/novatel/oem7/fix,/novatel/oem7/odom,39.663,-75.756,-1.799443337,0.001158831,0.000684005,-0.001031256,-0.000528584,0.000684005,,,
1786043602847179059,1786043602.846660855,/novatel/oem7/inspva,/novatel/oem7/inspva,/novatel/oem7/inspva,39.663,-75.756,-1.799440889,0.001812050,0.000532854,-0.001811522,0.000043761,0.000532854,,novatel_oem7_msgs.msg.InertialSolutionStatus(status=3),
1786043602847828862,1786043602.846811346,/novatel/oem7/fix,/novatel/oem7/fix,/novatel/oem7/inspva,39.663,-75.756,-1.799440889,0.001812050,0.000532854,-0.001811522,0.000043761,0.000532854,,0,
1786043602848567830,1786043602.847464720,/novatel/oem7/odom,/novatel/oem7/fix,/novatel/oem7/odom,39.663,-75.756,-1.799440889,0.001813375,0.000528329,-0.000049836,-0.001812690,0.000528329,,,
1786043602856886544,1786043602.856500070,/novatel/oem7/odom,/novatel/oem7/fix,/novatel/oem7/odom,39.663,-75.756,-1.799440889,0.001813375,0.000528329,-0.000049836,-0.001812690,0.000528329,,,
1786043602865384257,1786043602.865082274,/novatel/oem7/inspva,/novatel/oem7/inspva,/novatel/oem7/inspva,39.663,-75.756,-1.799441285,0.001660441,0.001151687,-0.001642172,0.000245633,0.001151687,,novatel_oem7_msgs.msg.InertialSolutionStatus(status=3),
1786043602866016549,1786043602.865233125,/novatel/oem7/fix,/novatel/oem7/fix,/novatel/oem7/inspva,39.663,-75.756,-1.799441285,0.001660441,0.001151687,-0.001642172,0.000245633,0.001151687,,0,
1786043602866729463,1786043602.865875105,/novatel/oem7/odom,/novatel/oem7/fix,/novatel/oem7/odom,39.663,-75.756,-1.799441285,0.001662722,0.001148392,0.000157809,-0.001655216,0.001148392,,,
1786043602875904759,1786043602.875518935,/novatel/oem7/odom,/novatel/oem7/fix,/novatel/oem7/odom,39.663,-75.756,-1.799441285,0.001662722,0.001148392,0.000157809,-0.001655216,0.001148392,,,
1786043602885604235,1786043602.885297267,/novatel/oem7/inspva,/novatel/oem7/inspva,/novatel/oem7/inspva,39.663,-75.756,-1.799442770,0.000815943,0.001603664,-0.000300723,0.000758504,0.001603664,,novatel_oem7_msgs.msg.InertialSolutionStatus(status=3),
1786043602886234845,1786043602.885460412,/novatel/oem7/fix,/novatel/oem7/fix,/novatel/oem7/inspva,39.663,-75.756,-1.799442770,0.000815943,0.001603664,-0.000300723,0.000758504,0.001603664,,0,
1786043602886954255,1786043602.886182312,/novatel/oem7/odom,/novatel/oem7/fix,/novatel/oem7/odom,39.663,-75.756,-1.799442770,0.000811644,0.001605844,0.000735866,-0.000342442,0.001605844,,,
1786043602895465129,1786043602.895066402,/novatel/oem7/odom,/novatel/oem7/fix,/novatel/oem7/odom,39.663,-75.756,-1.799442770,0.000811644,0.001605844,0.000735866,-0.000342442,0.001605844,,,
1786043602906259567,1786043602.905892584,/novatel/oem7/inspva,/novatel/oem7/inspva,/novatel/oem7/inspva,39.663,-75.756,-1.799455576,0.000258774,0.001391984,-0.000191851,-0.000173658,0.001391984,,novatel_oem7_msgs.msg.InertialSolutionStatus(status=3),
1786043602906882211,1786043602.906038282,/novatel/oem7/fix,/novatel/oem7/fix,/novatel/oem7/inspva,39.663,-75.756,-1.799455576,0.000258774,0.001391984,-0.000191851,-0.000173658,0.001391984,,0,
1786043602907385606,1786043602.906535530,/novatel/oem7/odom,/novatel/oem7/fix,/novatel/oem7/odom,39.663,-75.756,-1.799455576,0.000265126,0.001390788,-0.000188776,-0.000186161,0.001390788,,,
1786043602909218727,1786043602.908892030,/novatel/oem7/bestpos,/novatel/oem7/bestpos,/novatel/oem7/odom,39.663,-75.756,33.182903263,0.000265126,0.001390788,-0.000188776,-0.000186161,0.001390788,,novatel_oem7_msgs.msg.SolutionStatus(status=0),novatel_oem7_msgs.msg.PositionOrVelocityType(type=53)
1786043602910066322,1786043602.909658904,/novatel/oem7/bestvel,/novatel/oem7/bestpos,/novatel/oem7/bestvel,39.663,-75.756,33.182903263,0.001232136,0.000560626,,,,90.231677358,novatel_oem7_msgs.msg.SolutionStatus(status=0),novatel_oem7_msgs.msg.PositionOrVelocityType(type=53)
1786043602914860919,1786043602.914478167,/novatel/oem7/odom,/novatel/oem7/bestpos,/novatel/oem7/odom,39.663,-75.756,33.182903263,0.000265126,0.001390788,-0.000188776,-0.000186161,0.001390788,,,
1786043602925831876,1786043602.925343460,/novatel/oem7/inspva,/novatel/oem7/inspva,/novatel/oem7/inspva,39.663,-75.756,-1.799462950,0.001403724,-0.000420723,-0.001345014,-0.000401719,-0.000420723,,novatel_oem7_msgs.msg.InertialSolutionStatus(status=3),
1786043602926477148,1786043602.925511508,/novatel/oem7/fix,/novatel/oem7/fix,/novatel/oem7/inspva,39.663,-75.756,-1.799462950,0.001403724,-0.000420723,-0.001345014,-0.000401719,-0.000420723,,0,
1786043602927222426,1786043602.926298449,/novatel/oem7/odom,/novatel/oem7/fix,/novatel/oem7/odom,39.663,-75.756,-1.799462950,0.001402210,-0.000425741,-0.000467389,-0.001322022,-0.000425741,,,
1786043602936484445,1786043602.935998336,/novatel/oem7/odom,/novatel/oem7/fix,/novatel/oem7/odom,39.663,-75.756,-1.799462950,0.001402210,-0.000425741,-0.000467389,-0.001322022,-0.000425741,,,
1786043602945434862,1786043602.945126269,/novatel/oem7/inspva,/novatel/oem7/inspva,/novatel/oem7/inspva,39.663,-75.756,-1.799457971,0.001517949,0.000407133,-0.001484874,0.000315148,0.000407133,,novatel_oem7_msgs.msg.InertialSolutionStatus(status=3),
1786043602946073189,1786043602.945271297,/novatel/oem7/fix,/novatel/oem7/fix,/novatel/oem7/inspva,39.663,-75.756,-1.799457971,0.001517949,0.000407133,-0.001484874,0.000315148,0.000407133,,0,
1786043602946809150,1786043602.945839846,/novatel/oem7/odom,/novatel/oem7/fix,/novatel/oem7/odom,39.663,-75.756,-1.799457971,0.001518652,0.000404502,0.000238196,-0.001499856,0.000404502,,,
1786043602956233278,1786043602.955821456,/novatel/oem7/odom,/novatel/oem7/fix,/novatel/oem7/odom,39.663,-75.756,-1.799457971,0.001518652,0.000404502,0.000238196,-0.001499856,0.000404502,,,
1786043602966650581,1786043602.966030288,/novatel/oem7/inspva,/novatel/oem7/inspva,/novatel/oem7/inspva,39.663,-75.756,-1.799446004,0.001019970,0.002424937,-0.000771943,0.000666665,0.002424937,,novatel_oem7_msgs.msg.InertialSolutionStatus(status=3),
1786043602967681222,1786043602.966189510,/novatel/oem7/fix,/novatel/oem7/fix,/novatel/oem7/inspva,39.663,-75.756,-1.799446004,0.001019970,0.002424937,-0.000771943,0.000666665,0.002424937,,0,
1786043602968183242,1786043602.966696435,/novatel/oem7/odom,/novatel/oem7/fix,/novatel/oem7/odom,39.663,-75.756,-1.799446004,0.001018523,0.002425545,0.000616950,-0.000810408,0.002425545,,,
1786043602976160836,1786043602.975374769,/novatel/oem7/odom,/novatel/oem7/fix,/novatel/oem7/odom,39.663,-75.756,-1.799446004,0.001018523,0.002425545,0.000616950,-0.000810408,0.002425545,,,
1786043602985495210,1786043602.985178011,/novatel/oem7/inspva,/novatel/oem7/inspva,/novatel/oem7/inspva,39.663,-75.756,-1.799468427,0.000820956,0.000855583,-0.000621753,0.000536090,0.000855583,,novatel_oem7_msgs.msg.InertialSolutionStatus(status=3),
1786043602986137293,1786043602.985324360,/novatel/oem7/fix,/novatel/oem7/fix,/novatel/oem7/inspva,39.663,-75.756,-1.799468427,0.000820956,0.000855583,-0.000621753,0.000536090,0.000855583,,0,
1786043602986661203,1786043602.985757727,/novatel/oem7/odom,/novatel/oem7/fix,/novatel/oem7/odom,39.663,-75.756,-1.799468427,0.000820434,0.000856084,0.000500542,-0.000650053,0.000856084,,,
1786043602995927630,1786043602.995586383,/novatel/oem7/odom,/novatel/oem7/fix,/novatel/oem7/odom,39.663,-75.756,-1.799468427,0.000820434,0.000856084,0.000500542,-0.000650053,0.000856084,,,
1786043603008866464,1786043603.008417667,/novatel/oem7/inspva,/novatel/oem7/inspva,/novatel/oem7/inspva,39.663,-75.756,-1.799480070,0.001265626,-0.000371875,-0.001161693,-0.000502273,-0.000371875,,novatel_oem7_msgs.msg.InertialSolutionStatus(status=3),
1786043603009456998,1786043603.008578272,/novatel/oem7/fix,/novatel/oem7/fix,/novatel/oem7/inspva,39.663,-75.756,-1.799480070,0.001265626,-0.000371875,-0.001161693,-0.000502273,-0.000371875,,0,
1786043603011998078,1786043603.011650409,/novatel/oem7/odom,/novatel/oem7/fix,/novatel/oem7/odom,39.663,-75.756,-1.799480070,0.001264156,-0.000376841,-0.000558736,-0.001133978,-0.000376841,,,
1786043603016397550,1786043603.015945651,/novatel/oem7/odom,/novatel/oem7/fix,/novatel/oem7/odom,39.663,-75.756,-1.799480070,0.001264156,-0.000376841,-0.000558736,-0.001133978,-0.000376841,,,
1786043603024972009,1786043603.024615838,/novatel/oem7/bestpos,/novatel/oem7/bestpos,/novatel/oem7/odom,39.663,-75.756,33.182894842,0.001264156,-0.000376841,-0.000558736,-0.001133978,-0.000376841,,novatel_oem7_msgs.msg.SolutionStatus(status=0),novatel_oem7_msgs.msg.PositionOrVelocityType(type=53)
1786043603027327742,1786043603.026827326,/novatel/oem7/bestvel,/novatel/oem7/bestpos,/novatel/oem7/bestvel,39.663,-75.756,33.182894842,0.002026557,0.000266674,,,,219.944578212,novatel_oem7_msgs.msg.SolutionStatus(status=0),novatel_oem7_msgs.msg.PositionOrVelocityType(type=53)
1786043603027955544,1786043603.027236467,/novatel/oem7/inspva,/novatel/oem7/inspva,/novatel/oem7/inspva,39.663,-75.756,-1.799477695,0.001962585,0.000082383,-0.001869176,0.000598265,0.000082383,,novatel_oem7_msgs.msg.InertialSolutionStatus(status=3),
1786043603028330699,1786043603.027392155,/novatel/oem7/fix,/novatel/oem7/fix,/novatel/oem7/inspva,39.663,-75.756,-1.799477695,0.001962585,0.000082383,-0.001869176,0.000598265,0.000082383,,0,
1786043603028996928,1786043603.027966614,/novatel/oem7/odom,/novatel/oem7/fix,/novatel/oem7/odom,39.663,-75.756,-1.799477695,0.001962689,0.000079874,0.000502870,-0.001897174,0.000079874,,,
1786043603035482344,1786043603.034722100,/novatel/oem7/odom,/novatel/oem7/fix,/novatel/oem7/odom,39.663,-75.756,-1.799477695,0.001962689,0.000079874,0.000502870,-0.001897174,0.000079874,,,
1786043603045857508,1786043603.045317693,/novatel/oem7/inspva,/novatel/oem7/inspva,/novatel/oem7/inspva,39.663,-75.756,-1.799462713,0.001954004,0.002978774,-0.001623507,0.001087362,0.002978774,,novatel_oem7_msgs.msg.InertialSolutionStatus(status=3),
1786043603047251858,1786043603.045482305,/novatel/oem7/fix,/novatel/oem7/fix,/novatel/oem7/inspva,39.663,-75.756,-1.799462713,0.001954004,0.002978774,-0.001623507,0.001087362,0.002978774,,0,
1786043603048374913,1786043603.046270209,/novatel/oem7/odom,/novatel/oem7/fix,/novatel/oem7/odom,39.663,-75.756,-1.799462713,0.001953900,0.002978842,0.000991836,-0.001683445,0.002978842,,,
1786043603057597539,1786043603.056688034,/novatel/oem7/odom,/novatel/oem7/fix,/novatel/oem7/odom,39.663,-75.756,-1.799462713,0.001953900,0.002978842,0.000991836,-0.001683445,0.002978842,,,
1786043603066084085,1786043603.065485842,/novatel/oem7/inspva,/novatel/oem7/inspva,/novatel/oem7/inspva,39.663,-75.756,-1.799485948,0.001107048,0.001155857,-0.000779144,0.000786441,0.001155857,,novatel_oem7_msgs.msg.InertialSolutionStatus(status=3),
1786043603067555572,1786043603.065674947,/novatel/oem7/fix,/novatel/oem7/fix,/novatel/oem7/inspva,39.663,-75.756,-1.799485948,0.001107048,0.001155857,-0.000779144,0.000786441,0.001155857,,0,
1786043603068754401,1786043603.066220542,/novatel/oem7/odom,/novatel/oem7/fix,/novatel/oem7/odom,39.663,-75.756,-1.799485948,0.001105905,0.001156951,0.000741402,-0.000820579,0.001156951,,,
1786043603075464106,1786043603.074660601,/novatel/oem7/odom,/novatel/oem7/fix,/novatel/oem7/odom,39.663,-75.756,-1.799485948,0.001105905,0.001156951,0.000741402,-0.000820579,0.001156951,,,
1786043603087226634,1786043603.086695965,/novatel/oem7/inspva,/novatel/oem7/inspva,/novatel/oem7/inspva,39.663,-75.756,-1.799504241,0.000516361,-0.000500426,-0.000511462,-0.000070955,-0.000500426,,novatel_oem7_msgs.msg.InertialSolutionStatus(status=3),
1786043603088681615,1786043603.086844543,/novatel/oem7/fix,/novatel/oem7/fix,/novatel/oem7/inspva,39.663,-75.756,-1.799504241,0.000516361,-0.000500426,-0.000511462,-0.000070955,-0.000500426,,0,
1786043603089792082,1786043603.087826859,/novatel/oem7/odom,/novatel/oem7/fix,/novatel/oem7/odom,39.663,-75.756,-1.799504241,0.000514808,-0.000502023,-0.000094648,-0.000506033,-0.000502023,,,
1786043603096048156,1786043603.095291032,/novatel/oem7/odom,/novatel/oem7/fix,/novatel/oem7/odom,39.663,-75.756,-1.799504241,0.000514808,-0.000502023,-0.000094648,-0.000506033,-0.000502023,,,
1786043603106393137,1786043603.105885565,/novatel/oem7/inspva,/novatel/oem7/inspva,/novatel/oem7/inspva,39.663,-75.756,-1.799510756,0.000897372,0.000012382,-0.000783902,0.000436777,0.000012382,,novatel_oem7_msgs.msg.InertialSolutionStatus(status=3),
1786043603107781690,1786043603.106026726,/novatel/oem7/fix,/novatel/oem7/fix,/novatel/oem7/inspva,39.663,-75.756,-1.799510756,0.000897372,0.000012382,-0.000783902,0.000436777,0.000012382,,0,
1786043603108886524,1786043603.106612249,/novatel/oem7/odom,/novatel/oem7/fix,/novatel/oem7/odom,39.663,-75.756,-1.799510756,0.000897376,0.000012068,0.000396614,-0.000804973,0.000012068,,,
1786043603110367262,1786043603.109655389,/novatel/oem7/bestpos,/novatel/oem7/bestpos,/novatel/oem7/odom,39.663,-75.756,33.182852301,0.000897376,0.000012068,0.000396614,-0.000804973,0.000012068,,novatel_oem7_msgs.msg.SolutionStatus(status=0),novatel_oem7_msgs.msg.PositionOrVelocityType(type=53)
1786043603111843716,1786043603.110325741,/novatel/oem7/bestvel,/novatel/oem7/bestpos,/novatel/oem7/bestvel,39.663,-75.756,33.182852301,0.000979055,0.000408723,,,,187.164302162,novatel_oem7_msgs.msg.SolutionStatus(status=0),novatel_oem7_msgs.msg.PositionOrVelocityType(type=53)
1786043603116477835,1786043603.115802215,/novatel/oem7/odom,/novatel/oem7/bestpos,/novatel/oem7/odom,39.663,-75.756,33.182852301,0.000897376,0.000012068,0.000396614,-0.000804973,0.000012068,,,
1786043603126089405,1786043603.125531843,/novatel/oem7/inspva,/novatel/oem7/inspva,/novatel/oem7/inspva,39.663,-75.756,-1.799490164,0.001768237,0.002720043,-0.001467860,0.000985925,0.002720043,,novatel_oem7_msgs.msg.InertialSolutionStatus(status=3),
1786043603127588646,1786043603.125684864,/novatel/oem7/fix,/novatel/oem7/fix,/novatel/oem7/inspva,39.663,-75.756,-1.799490164,0.001768237,0.002720043,-0.001467860,0.000985925,0.002720043,,0,
1786043603128757244,1786043603.126648190,/novatel/oem7/odom,/novatel/oem7/fix,/novatel/oem7/odom,39.663,-75.756,-1.799490164,0.001768155,0.002720096,0.000899510,-0.001522253,0.002720096,,,
1786043603135465650,1786043603.134757776,/novatel/oem7/odom,/novatel/oem7/fix,/novatel/oem7/odom,39.663,-75.756,-1.799490164,0.001768155,0.002720096,0.000899510,-0.001522253,0.002720096,,,
1786043603146882921,1786043603.146323821,/novatel/oem7/inspva,/novatel/oem7/inspva,/novatel/oem7/inspva,39.663,-75.756,-1.799506275,0.001040769,0.001793178,-0.000470301,0.000928448,0.001793178,,novatel_oem7_msgs.msg.InertialSolutionStatus(status=3),
1786043603148295117,1786043603.146487467,/novatel/oem7/fix,/novatel/oem7/fix,/novatel/oem7/inspva,39.663,-75.756,-1.799506275,0.001040769,0.001793178,-0.000470301,0.000928448,0.001793178,,0,
1786043603149401071,1786043603.147144153,/novatel/oem7/odom,/novatel/oem7/fix,/novatel/oem7/odom,39.663,-75.756,-1.799506275,0.001036568,0.001795610,0.000896225,-0.000520819,0.001795610,,,
1786043603156740816,1786043603.156006359,/novatel/oem7/odom,/novatel/oem7/fix,/novatel/oem7/odom,39.663,-75.756,-1.799506275,0.001036568,0.001795610,0.000896225,-0.000520819,0.001795610,,,
1786043603165914536,1786043603.165391840,/novatel/oem7/inspva,/novatel/oem7/inspva,/novatel/oem7/inspva,39.663,-75.756,-1.799531322,0.000298335,-0.000722016,-0.000298331,0.000001509,-0.000722016,,novatel_oem7_msgs.msg.InertialSolutionStatus(status=3),
1786043603169122877,1786043603.165548385,/novatel/oem7/fix,/novatel/oem7/fix,/novatel/oem7/inspva,39.663,-75.756,-1.799531322,0.000298335,-0.000722016,-0.000298331,0.000001509,-0.000722016,,0,
1786043603170690052,1786043603.166237604,/novatel/oem7/odom,/novatel/oem7/fix,/novatel/oem7/odom,39.663,-75.756,-1.799531322,0.000296507,-0.000722768,-0.000010631,-0.000296316,-0.000722768,,,
1786043603176637430,1786043603.175710000,/novatel/oem7/odom,/novatel/oem7/fix,/novatel/oem7/odom,39.663,-75.756,-1.799531322,0.000296507,-0.000722768,-0.000010631,-0.000296316,-0.000722768,,,
1786043603185915450,1786043603.185230007,/novatel/oem7/inspva,/novatel/oem7/inspva,/novatel/oem7/inspva,39.663,-75.756,-1.799532795,0.000836979,-0.000495277,-0.000680403,0.000487427,-0.000495277,,novatel_oem7_msgs.msg.InertialSolutionStatus(status=3),
1786043603187352830,1786043603.185381771,/novatel/oem7/fix,/novatel/oem7/fix,/novatel/oem7/inspva,39.663,-75.756,-1.799532795,0.000836979,-0.000495277,-0.000680403,0.000487427,-0.000495277,,0,
1786043603188515945,1786043603.185998990,/novatel/oem7/odom,/novatel/oem7/fix,/novatel/oem7/odom,39.663,-75.756,-1.799532795,0.000837075,-0.000495116,0.000454478,-0.000702954,-0.000495116,,,
1786043603195825493,1786043603.194725576,/novatel/oem7/odom,/novatel/oem7/fix,/novatel/oem7/odom,39.663,-75.756,-1.799532795,0.000837075,-0.000495116,0.000454478,-0.000702954,-0.000495116,,,
1786043603206929854,1786043603.206336125,/novatel/oem7/inspva,/novatel/oem7/inspva,/novatel/oem7/inspva,39.663,-75.756,-1.799508159,0.002518907,0.002542850,-0.001806926,0.001754967,0.002542850,,novatel_oem7_msgs.msg.InertialSolutionStatus(status=3),
1786043603208388952,1786043603.206518911,/novatel/oem7/fix,/novatel/oem7/fix,/novatel/oem7/inspva,39.663,-75.756,-1.799508159,0.002518907,0.002542850,-0.001806926,0.001754967,0.002542850,,0,
1786043603209626007,1786043603.207267979,/novatel/oem7/odom,/novatel/oem7/fix,/novatel/oem7/odom,39.663,-75.756,-1.799508159,0.002516701,0.002545033,0.001651295,-0.001899213,0.002545033,,,
1786043603211276703,1786043603.210244433,/novatel/oem7/bestpos,/novatel/oem7/bestpos,/novatel/oem7/odom,39.663,-75.756,33.182858918,0.002516701,0.002545033,0.001651295,-0.001899213,0.002545033,,novatel_oem7_msgs.msg.SolutionStatus(status=0),novatel_oem7_msgs.msg.PositionOrVelocityType(type=53)
1786043603212925469,1786043603.210678414,/novatel/oem7/bestvel,/novatel/oem7/bestpos,/novatel/oem7/bestvel,39.663,-75.756,33.182858918,0.002345085,0.002578873,,,,137.296740668,novatel_oem7_msgs.msg.SolutionStatus(status=0),novatel_oem7_msgs.msg.PositionOrVelocityType(type=53)
1786043603215764810,1786043603.215050233,/novatel/oem7/odom,/novatel/oem7/bestpos,/novatel/oem7/odom,39.663,-75.756,33.182858918,0.002516701,0.002545033,0.001651295,-0.001899213,0.002545033,,,
1786043603225721067,1786043603.224994856,/novatel/oem7/inspva,/novatel/oem7/inspva,/novatel/oem7/inspva,39.663,-75.756,-1.799509674,0.001823434,0.002589595,-0.001533397,0.000986715,0.002589595,,novatel_oem7_msgs.msg.InertialSolutionStatus(status=3),
1786043603227395707,1786043603.225171572,/novatel/oem7/fix,/novatel/oem7/fix,/novatel/oem7/inspva,39.663,-75.756,-1.799509674,0.001823434,0.002589595,-0.001533397,0.000986715,0.002589595,,0,
1786043603228514977,1786043603.225682419,/novatel/oem7/odom,/novatel/oem7/fix,/novatel/oem7/odom,39.663,-75.756,-1.799509674,0.001823610,0.002589471,0.000897625,-0.001587395,0.002589471,,,
1786043603236360997,1786043603.235655544,/novatel/oem7/odom,/novatel/oem7/fix,/novatel/oem7/odom,39.663,-75.756,-1.799509674,0.001823610,0.002589471,0.000897625,-0.001587395,0.002589471,,,
1786043603245849843,1786043603.245278774,/novatel/oem7/inspva,/novatel/oem7/inspva,/novatel/oem7/inspva,39.663,-75.756,-1.799533784,0.000422711,-0.000439933,0.000093549,-0.000412229,-0.000439933,,novatel_oem7_msgs.msg.InertialSolutionStatus(status=3),
1786043603247221076,1786043603.245497919,/novatel/oem7/fix,/novatel/oem7/fix,/novatel/oem7/inspva,39.663,-75.756,-1.799533784,0.000422711,-0.000439933,0.000093549,-0.000412229,-0.000439933,,0,
1786043603248317817,1786043603.246103475,/novatel/oem7/odom,/novatel/oem7/fix,/novatel/oem7/odom,39.663,-75.756,-1.799533784,0.000421275,-0.000441308,-0.000405200,0.000115263,-0.000441308,,,
1786043603257195750,1786043603.256522800,/novatel/oem7/odom,/novatel/oem7/fix,/novatel/oem7/odom,39.663,-75.756,-1.799533784,0.000421275,-0.000441308,-0.000405200,0.000115263,-0.000441308,,,
1786043603266638625,1786043603.266098270,/novatel/oem7/inspva,/novatel/oem7/inspva,/novatel/oem7/inspva,39.663,-75.756,-1.799533151,0.000944452,-0.000437041,-0.000764965,-0.000553912,-0.000437041,,novatel_oem7_msgs.msg.InertialSolutionStatus(status=3),
1786043603268010518,1786043603.266286965,/novatel/oem7/fix,/novatel/oem7/fix,/novatel/oem7/inspva,39.663,-75.756,-1.799533151,0.000944452,-0.000437041,-0.000764965,-0.000553912,-0.000437041,,0,
1786043603269056462,1786043603.266735590,/novatel/oem7/odom,/novatel/oem7/fix,/novatel/oem7/odom,39.663,-75.756,-1.799533151,0.000942528,-0.000441175,-0.000590008,-0.000735017,-0.000441175,,,
1786043603275388463,1786043603.274640586,/novatel/oem7/odom,/novatel/oem7/fix,/novatel/oem7/odom,39.663,-75.756,-1.799533151,0.000942528,-0.000441175,-0.000590008,-0.000735017,-0.000441175,,,
1786043603285746737,1786043603.285201119,/novatel/oem7/inspva,/novatel/oem7/inspva,/novatel/oem7/inspva,39.663,-75.756,-1.799515474,0.002715999,0.001577063,-0.002439339,0.001194270,0.001577063,,novatel_oem7_msgs.msg.InertialSolutionStatus(status=3),
1786043603287065147,1786043603.285387514,/novatel/oem7/fix,/novatel/oem7/fix,/novatel/oem7/inspva,39.663,-75.756,-1.799515474,0.002715999,0.001577063,-0.002439339,0.001194270,0.001577063,,0,
1786043603288114004,1786043603.286046324,/novatel/oem7/odom,/novatel/oem7/fix,/novatel/oem7/odom,39.663,-75.756,-1.799515474,0.002716943,0.001575437,0.001063346,-0.002500215,0.001575437,,,
1786043603296313080,1786043603.295617330,/novatel/oem7/odom,/novatel/oem7/fix,/novatel/oem7/odom,39.663,-75.756,-1.799515474,0.002716943,0.001575437,0.001063346,-0.002500215,0.001575437,,,
1786043603306444878,1786043603.305867397,/novatel/oem7/inspva,/novatel/oem7/inspva,/novatel/oem7/inspva,39.663,-75.756,-1.799520893,0.002704163,0.001867421,-0.002231199,0.001527824,0.001867421,,novatel_oem7_msgs.msg.InertialSolutionStatus(status=3),
1786043603307743378,1786043603.306029888,/novatel/oem7/fix,/novatel/oem7/fix,/novatel/oem7/inspva,39.663,-75.756,-1.799520893,0.002704163,0.001867421,-0.002231199,0.001527824,0.001867421,,0,
1786043603308771071,1786043603.306607143,/novatel/oem7/odom,/novatel/oem7/fix,/novatel/oem7/odom,39.663,-75.756,-1.799520893,0.002704012,0.001867639,0.001405802,-0.002309849,0.001867639,,,
1786043603311576528,1786043603.309804438,/novatel/oem7/bestpos,/novatel/oem7/bestpos,/novatel/oem7/odom,39.663,-75.756,33.182853961,0.002704012,0.001867639,0.001405802,-0.002309849,0.001867639,,novatel_oem7_msgs.msg.SolutionStatus(status=0),novatel_oem7_msgs.msg.PositionOrVelocityType(type=53)
1786043603312971242,1786043603.310588932,/novatel/oem7/bestvel,/novatel/oem7/bestpos,/novatel/oem7/bestvel,39.663,-75.756,33.182853961,0.002174575,0.002166167,,,,160.182423376,novatel_oem7_msgs.msg.SolutionStatus(status=0),novatel_oem7_msgs.msg.PositionOrVelocityType(type=53)
1786043603315247494,1786043603.314605453,/novatel/oem7/odom,/novatel/oem7/bestpos,/novatel/oem7/odom,39.663,-75.756,33.182853961,0.002704012,0.001867639,0.001405802,-0.002309849,0.001867639,,,
1786043603327283185,1786043603.326605531,/novatel/oem7/inspva,/novatel/oem7/inspva,/novatel/oem7/inspva,39.663,-75.756,-1.799536837,0.000762418,0.000380428,-0.000026703,-0.000761950,0.000380428,,novatel_oem7_msgs.msg.InertialSolutionStatus(status=3),
1786043603328833106,1786043603.326783013,/novatel/oem7/fix,/novatel/oem7/fix,/novatel/oem7/inspva,39.663,-75.756,-1.799536837,0.000762418,0.000380428,-0.000026703,-0.000761950,0.000380428,,0,
1786043603330016694,1786043603.327597563,/novatel/oem7/odom,/novatel/oem7/fix,/novatel/oem7/odom,39.663,-75.756,-1.799536837,0.000763944,0.000377355,-0.000763867,0.000010847,0.000377355,,,
1786043603335876424,1786043603.335113836,/novatel/oem7/odom,/novatel/oem7/fix,/novatel/oem7/odom,39.663,-75.756,-1.799536837,0.000763944,0.000377355,-0.000763867,0.000010847,0.000377355,,,
1786043603345544769,1786043603.344976743,/novatel/oem7/inspva,/novatel/oem7/inspva,/novatel/oem7/inspva,39.663,-75.756,-1.799551467,0.001086908,-0.000141294,-0.000042361,-0.001086082,-0.000141294,,novatel_oem7_msgs.msg.InertialSolutionStatus(status=3),
1786043603346963136,1786043603.345137195,/novatel/oem7/fix,/novatel/oem7/fix,/novatel/oem7/inspva,39.663,-75.756,-1.799551467,0.001086908,-0.000141294,-0.000042361,-0.001086082,-0.000141294,,0,
1786043603348089280,1786043603.345557597,/novatel/oem7/odom,/novatel/oem7/fix,/novatel/oem7/odom,39.663,-75.756,-1.799551467,0.001086333,-0.000145647,-0.001086258,0.000012787,-0.000145647,,,
1786043603356490809,1786043603.355750098,/novatel/oem7/odom,/novatel/oem7/fix,/novatel/oem7/odom,39.663,-75.756,-1.799551467,0.001086333,-0.000145647,-0.001086258,0.000012787,-0.000145647,,,
1786043603365916420,1786043603.365346305,/novatel/oem7/inspva,/novatel/oem7/inspva,/novatel/oem7/inspva,39.663,-75.756,-1.799552082,0.002459298,0.000061173,-0.002439341,0.000312670,0.000061173,,novatel_oem7_msgs.msg.InertialSolutionStatus(status=3),
1786043603367359381,1786043603.365527403,/novatel/oem7/fix,/novatel/oem7/fix,/novatel/oem7/inspva,39.663,-75.756,-1.799552082,0.002459298,0.000061173,-0.002439341,0.000312670,0.000061173,,0,
1786043603368527916,1786043603.366370765,/novatel/oem7/odom,/novatel/oem7/fix,/novatel/oem7/odom,39.663,-75.756,-1.799552082,0.002459418,0.000056144,0.000189062,-0.002452140,0.000056144,,,
1786043603375659128,1786043603.374864927,/novatel/oem7/odom,/novatel/oem7/fix,/novatel/oem7/odom,39.663,-75.756,-1.799552082,0.002459418,0.000056144,0.000189062,-0.002452140,0.000056144,,,
1786043603386937341,1786043603.386333362,/novatel/oem7/inspva,/novatel/oem7/inspva,/novatel/oem7/inspva,39.663,-75.756,-1.799546306,0.002331852,0.001444566,-0.002283578,0.000472021,0.001444566,,novatel_oem7_msgs.msg.InertialSolutionStatus(status=3),
1786043603388466583,1786043603.386531854,/novatel/oem7/fix,/novatel/oem7/fix,/novatel/oem7/inspva,39.663,-75.756,-1.799546306,0.002331852,0.001444566,-0.002283578,0.000472021,0.001444566,,0,
1786043603389663961,1786043603.387129133,/novatel/oem7/odom,/novatel/oem7/fix,/novatel/oem7/odom,39.663,-75.756,-1.799546306,0.002334345,0.001440535,0.000350479,-0.002307884,0.001440535,,,
1786043603395665253,1786043603.394903918,/novatel/oem7/odom,/novatel/oem7/fix,/novatel/oem7/odom,39.663,-75.756,-1.799546306,0.002334345,0.001440535,0.000350479,-0.002307884,0.001440535,,,
1786043603407106784,1786043603.406523475,/novatel/oem7/inspva,/novatel/oem7/inspva,/novatel/oem7/inspva,39.663,-75.756,-1.799548112,0.001369408,0.001435106,-0.001332575,0.000315472,0.001435106,,novatel_oem7_msgs.msg.InertialSolutionStatus(status=3),
1786043603408563645,1786043603.406686757,/novatel/oem7/fix,/novatel/oem7/fix,/novatel/oem7/inspva,39.663,-75.756,-1.799548112,0.001369408,0.001435106,-0.001332575,0.000315472,0.001435106,,0,
1786043603409716519,1786043603.407313111,/novatel/oem7/odom,/novatel/oem7/fix,/novatel/oem7/odom,39.663,-75.756,-1.799548112,0.001371695,0.001432920,0.000242079,-0.001350165,0.001432920,,,
1786043603411241544,1786043603.410523374,/novatel/oem7/bestpos,/novatel/oem7/bestpos,/novatel/oem7/odom,39.663,-75.756,33.182822756,0.001371695,0.001432920,0.000242079,-0.001350165,0.001432920,,novatel_oem7_msgs.msg.SolutionStatus(status=0),novatel_oem7_msgs.msg.PositionOrVelocityType(type=53)
1786043603412806549,1786043603.411066903,/novatel/oem7/bestvel,/novatel/oem7/bestpos,/novatel/oem7/bestvel,39.663,-75.756,33.182822756,0.002078246,0.000951136,,,,136.062629091,novatel_oem7_msgs.msg.SolutionStatus(status=0),novatel_oem7_msgs.msg.PositionOrVelocityType(type=53)
1786043603416346284,1786043603.415643850,/novatel/oem7/odom,/novatel/oem7/bestpos,/novatel/oem7/odom,39.663,-75.756,33.182822756,0.001371695,0.001432920,0.000242079,-0.001350165,0.001432920,,,
1786043603426011671,1786043603.425468646,/novatel/oem7/inspva,/novatel/oem7/inspva,/novatel/oem7/inspva,39.663,-75.756,-1.799562965,0.000972663,0.000943764,-0.000813553,-0.000533109,0.000943764,,novatel_oem7_msgs.msg.InertialSolutionStatus(status=3),
1786043603427453705,1786043603.425623361,/novatel/oem7/fix,/novatel/oem7/fix,/novatel/oem7/inspva,39.663,-75.756,-1.799562965,0.000972663,0.000943764,-0.000813553,-0.000533109,0.000943764,,0,
1786043603428629480,1786043603.426048755,/novatel/oem7/odom,/novatel/oem7/fix,/novatel/oem7/odom,39.663,-75.756,-1.799562965,0.000976718,0.000939567,-0.000577247,-0.000787886,0.000939567,,,
1786043603435603741,1786043603.434718874,/novatel/oem7/odom,/novatel/oem7/fix,/novatel/oem7/odom,39.663,-75.756,-1.799562965,0.000976718,0.000939567,-0.000577247,-0.000787886,0.000939567,,,
1786043603447296792,1786043603.446693489,/novatel/oem7/inspva,/novatel/oem7/inspva,/novatel/oem7/inspva,39.663,-75.756,-1.799583318,0.002078780,-0.001354867,-0.002007404,-0.000540052,-0.001354867,,novatel_oem7_msgs.msg.InertialSolutionStatus(status=3),
1786043603448791692,1786043603.446853134,/novatel/oem7/fix,/novatel/oem7/fix,/novatel/oem7/inspva,39.663,-75.756,-1.799583318,0.002078780,-0.001354867,-0.002007404,-0.000540052,-0.001354867,,0,
1786043603450007991,1786043603.447690726,/novatel/oem7/odom,/novatel/oem7/fix,/novatel/oem7/odom,39.663,-75.756,-1.799583318,0.002074049,-0.001362098,-0.000635089,-0.001974422,-0.001362098,,,
1786043603457355176,1786043603.456591645,/novatel/oem7/odom,/novatel/oem7/fix,/novatel/oem7/odom,39.663,-75.756,-1.799583318,0.002074049,-0.001362098,-0.000635089,-0.001974422,-0.001362098,,,
1786043603465625123,1786043603.465039744,/novatel/oem7/inspva,/novatel/oem7/inspva,/novatel/oem7/inspva,39.663,-75.756,-1.799574424,0.002199449,-0.000006688,-0.002199396,-0.000015245,-0.000006688,,novatel_oem7_msgs.msg.InertialSolutionStatus(status=3),
1786043603467067307,1786043603.465195666,/novatel/oem7/fix,/novatel/oem7/fix,/novatel/oem7/inspva,39.663,-75.756,-1.799574424,0.002199449,-0.000006688,-0.002199396,-0.000015245,-0.000006688,,0,
1786043603468589639,1786043603.465788754,/novatel/oem7/odom,/novatel/oem7/fix,/novatel/oem7/odom,39.663,-75.756,-1.799574424,0.002199424,-0.000012386,-0.000126051,-0.002195809,-0.000012386,,,
1786043603476348290,1786043603.475576487,/novatel/oem7/odom,/novatel/oem7/fix,/novatel/oem7/odom,39.663,-75.756,-1.799574424,0.002199424,-0.000012386,-0.000126051,-0.002195809,-0.000012386,,,
1786043603485963941,1786043603.485323525,/novatel/oem7/inspva,/novatel/oem7/inspva,/novatel/oem7/inspva,39.663,-75.756,-1.799558110,0.001714903,0.002523076,-0.001680229,0.000343107,0.002523076,,novatel_oem7_msgs.msg.InertialSolutionStatus(status=3),
1786043603487545283,1786043603.485527697,/novatel/oem7/fix,/novatel/oem7/fix,/novatel/oem7/inspva,39.663,-75.756,-1.799558110,0.001714903,0.002523076,-0.001680229,0.000343107,0.002523076,,0,
1786043603488796938,1786043603.486283877,/novatel/oem7/odom,/novatel/oem7/fix,/novatel/oem7/odom,39.663,-75.756,-1.799558110,0.001719282,0.002520094,0.000247672,-0.001701350,0.002520094,,,
1786043603495842157,1786043603.495068462,/novatel/oem7/odom,/novatel/oem7/fix,/novatel/oem7/odom,39.663,-75.756,-1.799558110,0.001719282,0.002520094,0.000247672,-0.001701350,0.002520094,,,
1786043603506846611,1786043603.506208045,/novatel/oem7/inspva,/novatel/oem7/inspva,/novatel/oem7/inspva,39.663,-75.756,-1.799575672,0.001730187,0.001507258,-0.001395579,0.001022696,0.001507258,,novatel_oem7_msgs.msg.InertialSolutionStatus(status=3),
1786043603508393042,1786043603.506365209,/novatel/oem7/fix,/novatel/oem7/fix,/novatel/oem7/inspva,39.663,-75.756,-1.799575672,0.001730187,0.001507258,-0.001395579,0.001022696,0.001507258,,0,
1786043603509618128,1786043603.507084389,/novatel/oem7/odom,/novatel/oem7/fix,/novatel/oem7/odom,39.663,-75.756,-1.799575672,0.001729832,0.001507665,0.000944957,-0.001448922,0.001507665,,,
1786043603513077827,1786043603.512399018,/novatel/oem7/bestpos,/novatel/oem7/bestpos,/novatel/oem7/odom,39.663,-75.756,33.182794468,0.001729832,0.001507665,0.000944957,-0.001448922,0.001507665,,novatel_oem7_msgs.msg.SolutionStatus(status=0),novatel_oem7_msgs.msg.PositionOrVelocityType(type=53)
1786043603514667793,1786043603.512803682,/novatel/oem7/bestvel,/novatel/oem7/bestpos,/novatel/oem7/bestvel,39.663,-75.756,33.182794468,0.001626488,0.000895987,,,,116.527070454,novatel_oem7_msgs.msg.SolutionStatus(status=0),novatel_oem7_msgs.msg.PositionOrVelocityType(type=53)
1786043603516493574,1786043603.514889655,/novatel/oem7/odom,/novatel/oem7/bestpos,/novatel/oem7/odom,39.663,-75.756,33.182794468,0.001729832,0.001507665,0.000944957,-0.001448922,0.001507665,,,
1786043603525899316,1786043603.525270100,/novatel/oem7/inspva,/novatel/oem7/inspva,/novatel/oem7/inspva,39.663,-75.756,-1.799601899,0.001253280,-0.001243749,-0.001244092,-0.000151480,-0.001243749,,novatel_oem7_msgs.msg.InertialSolutionStatus(status=3),
1786043603527359126,1786043603.525444731,/novatel/oem7/fix,/novatel/oem7/fix,/novatel/oem7/inspva,39.663,-75.756,-1.799601899,0.001253280,-0.001243749,-0.001244092,-0.000151480,-0.001243749,,0,
1786043603528563578,1786043603.526029423,/novatel/oem7/odom,/novatel/oem7/fix,/novatel/oem7/odom,39.663,-75.756,-1.799601899,0.001249528,-0.001247518,-0.000208960,-0.001231932,-0.001247518,,,
1786043603536666554,1786043603.535650544,/novatel/oem7/odom,/novatel/oem7/fix,/novatel/oem7/odom,39.663,-75.756,-1.799601899,0.001249528,-0.001247518,-0.000208960,-0.001231932,-0.001247518,,,
1786043603545789036,1786043603.545159810,/novatel/oem7/inspva,/novatel/oem7/inspva,/novatel/oem7/inspva,39.663,-75.756,-1.799603300,0.001643716,-0.001129412,-0.001632867,-0.000188543,-0.001129412,,novatel_oem7_msgs.msg.InertialSolutionStatus(status=3),
1786043603547320681,1786043603.545326928,/novatel/oem7/fix,/novatel/oem7/fix,/novatel/oem7/inspva,39.663,-75.756,-1.799603300,0.001643716,-0.001129412,-0.001632867,-0.000188543,-0.001129412,,0,
1786043603548553396,1786043603.545883103,/novatel/oem7/odom,/novatel/oem7/fix,/novatel/oem7/odom,39.663,-75.756,-1.799603300,0.001640349,-0.001134297,-0.000266048,-0.001618630,-0.001134297,,,
1786043603556535367,1786043603.555789293,/novatel/oem7/odom,/novatel/oem7/fix,/novatel/oem7/odom,39.663,-75.756,-1.799603300,0.001640349,-0.001134297,-0.000266048,-0.001618630,-0.001134297,,,
1786043603565876175,1786043603.565297942,/novatel/oem7/inspva,/novatel/oem7/inspva,/novatel/oem7/inspva,39.663,-75.756,-1.799576474,0.002407699,0.002548864,-0.002268044,0.000808078,0.002548864,,novatel_oem7_msgs.msg.InertialSolutionStatus(status=3),
1786043603567650955,1786043603.565473374,/novatel/oem7/fix,/novatel/oem7/fix,/novatel/oem7/inspva,39.663,-75.756,-1.799576474,0.002407699,0.002548864,-0.002268044,0.000808078,0.002548864,,0,
1786043603569025378,1786043603.566049093,/novatel/oem7/odom,/novatel/oem7/fix,/novatel/oem7/odom,39.663,-75.756,-1.799576474,0.002410560,0.002546159,0.000682444,-0.002311940,0.002546159,,,
1786043603576743403,1786043603.575862095,/novatel/oem7/odom,/novatel/oem7/fix,/novatel/oem7/odom,39.663,-75.756,-1.799576474,0.002410560,0.002546159,0.000682444,-0.002311940,0.002546159,,,
1786043603585783328,1786043603.585229249,/novatel/oem7/inspva,/novatel/oem7/inspva,/novatel/oem7/inspva,39.663,-75.756,-1.799587109,0.002122029,0.002208922,-0.001912409,0.000919620,0.002208922,,novatel_oem7_msgs.msg.InertialSolutionStatus(status=3),
1786043603587275269,1786043603.585322511,/novatel/oem7/fix,/novatel/oem7/fix,/novatel/oem7/inspva,39.663,-75.756,-1.799587109,0.002122029,0.002208922,-0.001912409,0.000919620,0.002208922,,0,
1786043603588452517,1786043603.585839122,/novatel/oem7/odom,/novatel/oem7/fix,/novatel/oem7/odom,39.663,-75.756,-1.799587109,0.002123397,0.002207608,0.000813078,-0.001961560,0.002207608,,,
1786043603595497019,1786043603.594753315,/novatel/oem7/odom,/novatel/oem7/fix,/novatel/oem7/odom,39.663,-75.756,-1.799587109,0.002123397,0.002207608,0.000813078,-0.001961560,0.002207608,,,
1786043603607122979,1786043603.606545643,/novatel/oem7/inspva,/novatel/oem7/inspva,/novatel/oem7/inspva,39.663,-75.756,-1.799609122,0.000552563,-0.000626534,-0.000181901,-0.000521764,-0.000626534,,novatel_oem7_msgs.msg.InertialSolutionStatus(status=3),
1786043603608629777,1786043603.606631692,/novatel/oem7/fix,/novatel/oem7/fix,/novatel/oem7/inspva,39.663,-75.756,-1.799609122,0.000552563,-0.000626534,-0.000181901,-0.000521764,-0.000626534,,0,
1786043603609798565,1786043603.607345764,/novatel/oem7/odom,/novatel/oem7/fix,/novatel/oem7/odom,39.663,-75.756,-1.799609122,0.000549705,-0.000629043,-0.000527725,-0.000153888,-0.000629043,,,
1786043603611461198,1786043603.610449440,/novatel/oem7/bestpos,/novatel/oem7/bestpos,/novatel/oem7/odom,39.663,-75.756,33.182766956,0.000549705,-0.000629043,-0.000527725,-0.000153888,-0.000629043,,novatel_oem7_msgs.msg.SolutionStatus(status=0),novatel_oem7_msgs.msg.PositionOrVelocityType(type=53)
1786043603613012029,1786043603.610909269,/novatel/oem7/bestvel,/novatel/oem7/bestpos,/novatel/oem7/bestvel,39.663,-75.756,33.182766956,0.000515989,-0.000760819,,,,274.726432279,novatel_oem7_msgs.msg.SolutionStatus(status=0),novatel_oem7_msgs.msg.PositionOrVelocityType(type=53)
1786043603615923777,1786043603.615174584,/novatel/oem7/odom,/novatel/oem7/bestpos,/novatel/oem7/odom,39.663,-75.756,33.182766956,0.000549705,-0.000629043,-0.000527725,-0.000153888,-0.000629043,,,
1786043603625594132,1786043603.625066025,/novatel/oem7/inspva,/novatel/oem7/inspva,/novatel/oem7/inspva,39.663,-75.756,-1.799613101,0.000756048,-0.000248341,-0.000660563,-0.000367783,-0.000248341,,novatel_oem7_msgs.msg.InertialSolutionStatus(status=3),
1786043603627026819,1786043603.625148583,/novatel/oem7/fix,/novatel/oem7/fix,/novatel/oem7/inspva,39.663,-75.756,-1.799613101,0.000756048,-0.000248341,-0.000660563,-0.000367783,-0.000248341,,0,
1786043603628127060,1786043603.625598185,/novatel/oem7/odom,/novatel/oem7/fix,/novatel/oem7/odom,39.663,-75.756,-1.799613101,0.000755014,-0.000251465,-0.000399594,-0.000640602,-0.000251465,,,
1786043603636571435,1786043603.635679210,/novatel/oem7/odom,/novatel/oem7/fix,/novatel/oem7/odom,39.663,-75.756,-1.799613101,0.000755014,-0.000251465,-0.000399594,-0.000640602,-0.000251465,,,
1786043603645791048,1786043603.645182692,/novatel/oem7/inspva,/novatel/oem7/inspva,/novatel/oem7/inspva,39.663,-75.756,-1.799607723,0.003350009,0.000441804,-0.003237478,0.000860984,0.000441804,,novatel_oem7_msgs.msg.InertialSolutionStatus(status=3),
1786043603647295880,1786043603.645344047,/novatel/oem7/fix,/novatel/oem7/fix,/novatel/oem7/inspva,39.663,-75.756,-1.799607723,0.003350009,0.000441804,-0.003237478,0.000860984,0.000441804,,0,
1786043603648519211,1786043603.645854725,/novatel/oem7/odom,/novatel/oem7/fix,/novatel/oem7/odom,39.663,-75.756,-1.799607723,0.003350649,0.000436917,0.000694979,-0.003277782,0.000436917,,,
1786043603657275557,1786043603.656561273,/novatel/oem7/odom,/novatel/oem7/fix,/novatel/oem7/odom,39.663,-75.756,-1.799607723,0.003350649,0.000436917,0.000694979,-0.003277782,0.000436917,,,
1786043603665749062,1786043603.665150892,/novatel/oem7/inspva,/novatel/oem7/inspva,/novatel/oem7/inspva,39.663,-75.756,-1.799607897,0.003098166,0.001356801,-0.002916268,0.001045951,0.001356801,,novatel_oem7_msgs.msg.InertialSolutionStatus(status=3),
1786043603667235500,1786043603.665229611,/novatel/oem7/fix,/novatel/oem7/fix,/novatel/oem7/inspva,39.663,-75.756,-1.799607897,0.003098166,0.001356801,-0.002916268,0.001045951,0.001356801,,0,
1786043603668682594,1786043603.665689255,/novatel/oem7/odom,/novatel/oem7/fix,/novatel/oem7/odom,39.663,-75.756,-1.799607897,0.003099645,0.001353421,0.000892196,-0.002968465,0.001353421,,,
1786043603675210171,1786043603.674470227,/novatel/oem7/odom,/novatel/oem7/fix,/novatel/oem7/odom,39.663,-75.756,-1.799607897,0.003099645,0.001353421,0.000892196,-0.002968465,0.001353421,,,
1786043603685873638,1786043603.685312216,/novatel/oem7/inspva,/novatel/oem7/inspva,/novatel/oem7/inspva,39.663,-75.756,-1.799617787,0.001332877,0.000691720,-0.001268443,-0.000409405,0.000691720,,novatel_oem7_msgs.msg.InertialSolutionStatus(status=3),
1786043603687461947,1786043603.685479901,/novatel/oem7/fix,/novatel/oem7/fix,/novatel/oem7/inspva,39.663,-75.756,-1.799617787,0.001332877,0.000691720,-0.001268443,-0.000409405,0.000691720,,0,
1786043603688580711,1786043603.686224948,/novatel/oem7/odom,/novatel/oem7/fix,/novatel/oem7/odom,39.663,-75.756,-1.799617787,0.001335388,0.000686860,-0.000475611,-0.001247820,0.000686860,,,
1786043603696311479,1786043603.695362737,/novatel/oem7/odom,/novatel/oem7/fix,/novatel/oem7/odom,39.663,-75.756,-1.799617787,0.001335388,0.000686860,-0.000475611,-0.001247820,0.000686860,,,
1786043603706393107,1786043603.705830942,/novatel/oem7/inspva,/novatel/oem7/inspva,/novatel/oem7/inspva,39.663,-75.756,-1.799628614,0.001245228,0.000249992,-0.001216005,-0.000268186,0.000249992,,novatel_oem7_msgs.msg.InertialSolutionStatus(status=3),
1786043603707812765,1786043603.705909324,/novatel/oem7/fix,/novatel/oem7/fix,/novatel/oem7/inspva,39.663,-75.756,-1.799628614,0.001245228,0.000249992,-0.001216005,-0.000268186,0.000249992,,0,
1786043603708974859,1786043603.706506872,/novatel/oem7/odom,/novatel/oem7/fix,/novatel/oem7/odom,39.663,-75.756,-1.799628614,0.001246055,0.000245834,-0.000330114,-0.001201532,0.000245834,,,
1786043603710625148,1786043603.709843499,/novatel/oem7/bestpos,/novatel/oem7/bestpos,/novatel/oem7/odom,39.663,-75.756,33.182761013,0.001246055,0.000245834,-0.000330114,-0.001201532,0.000245834,,novatel_oem7_msgs.msg.SolutionStatus(status=0),novatel_oem7_msgs.msg.PositionOrVelocityType(type=53)
1786043603712152303,1786043603.710425723,/novatel/oem7/bestvel,/novatel/oem7/bestpos,/novatel/oem7/bestvel,39.663,-75.756,33.182761013,0.000924935,0.000027002,,,,191.502300059,novatel_oem7_msgs.msg.SolutionStatus(status=0),novatel_oem7_msgs.msg.PositionOrVelocityType(type=53)
1786043603715159819,1786043603.714480843,/novatel/oem7/odom,/novatel/oem7/bestpos,/novatel/oem7/odom,39.663,-75.756,33.182761013,0.001246055,0.000245834,-0.000330114,-0.001201532,0.000245834,,,
1786043603727047848,1786043603.726462102,/novatel/oem7/inspva,/novatel/oem7/inspva,/novatel/oem7/inspva,39.663,-75.756,-1.799638663,0.002917073,-0.000781254,-0.002790454,0.000850106,-0.000781254,,novatel_oem7_msgs.msg.InertialSolutionStatus(status=3),
1786043603728535433,1786043603.726578113,/novatel/oem7/fix,/novatel/oem7/fix,/novatel/oem7/inspva,39.663,-75.756,-1.799638663,0.002917073,-0.000781254,-0.002790454,0.000850106,-0.000781254,,0,
1786043603729683494,1786043603.727044865,/novatel/oem7/odom,/novatel/oem7/fix,/novatel/oem7/odom,39.663,-75.756,-1.799638663,0.002916044,-0.000785087,0.000711560,-0.002827896,-0.000785087,,,
1786043603735930508,1786043603.735062670,/novatel/oem7/odom,/novatel/oem7/fix,/novatel/oem7/odom,39.663,-75.756,-1.799638663,0.002916044,-0.000785087,0.000711560,-0.002827896,-0.000785087,,,
1786043603745719357,1786043603.745091634,/novatel/oem7/inspva,/novatel/oem7/inspva,/novatel/oem7/inspva,39.663,-75.756,-1.799635858,0.003064719,0.000185177,-0.003018179,0.000532070,0.000185177,,novatel_oem7_msgs.msg.InertialSolutionStatus(status=3),
1786043603747224688,1786043603.745249665,/novatel/oem7/fix,/novatel/oem7/fix,/novatel/oem7/inspva,39.663,-75.756,-1.799635858,0.003064719,0.000185177,-0.003018179,0.000532070,0.000185177,,0,
1786043603748374925,1786043603.745593532,/novatel/oem7/odom,/novatel/oem7/fix,/novatel/oem7/odom,39.663,-75.756,-1.799635858,0.003065052,0.000179580,0.000378574,-0.003041583,0.000179580,,,
1786043603756694060,1786043603.755920673,/novatel/oem7/odom,/novatel/oem7/fix,/novatel/oem7/odom,39.663,-75.756,-1.799635858,0.003065052,0.000179580,0.000378574,-0.003041583,0.000179580,,,
1786043603766046574,1786043603.765392701,/novatel/oem7/inspva,/novatel/oem7/inspva,/novatel/oem7/inspva,39.663,-75.756,-1.799629997,0.001834283,0.001882524,-0.001750947,0.000546606,0.001882524,,novatel_oem7_msgs.msg.InertialSolutionStatus(status=3),
1786043603767590559,1786043603.765534261,/novatel/oem7/fix,/novatel/oem7/fix,/novatel/oem7/inspva,39.663,-75.756,-1.799629997,0.001834283,0.001882524,-0.001750947,0.000546606,0.001882524,,0,
1786043603768757194,1786043603.766230236,/novatel/oem7/odom,/novatel/oem7/fix,/novatel/oem7/odom,39.663,-75.756,-1.799629997,0.001836685,0.001880180,0.000450075,-0.001780687,0.001880180,,,
1786043603775754782,1786043603.775014841,/novatel/oem7/odom,/novatel/oem7/fix,/novatel/oem7/odom,39.663,-75.756,-1.799629997,0.001836685,0.001880180,0.000450075,-0.001780687,0.001880180,,,
1786043603786651615,1786043603.786067162,/novatel/oem7/inspva,/novatel/oem7/inspva,/novatel/oem7/inspva,39.663,-75.756,-1.799645125,0.001903626,0.000915758,-0.001893686,0.000194284,0.000915758,,novatel_oem7_msgs.msg.InertialSolutionStatus(status=3),
1786043603788069625,1786043603.786210897,/novatel/oem7/fix,/novatel/oem7/fix,/novatel/oem7/inspva,39.663,-75.756,-1.799645125,0.001903626,0.000915758,-0.001893686,0.000194284,0.000915758,,0,
1786043603789231453,1786043603.786657601,/novatel/oem7/odom,/novatel/oem7/fix,/novatel/oem7/odom,39.663,-75.756,-1.799645125,0.001905566,0.000911715,0.000094930,-0.001903200,0.000911715,,,
1786043603795169777,1786043603.794437637,/novatel/oem7/odom,/novatel/oem7/fix,/novatel/oem7/odom,39.663,-75.756,-1.799645125,0.001905566,0.000911715,0.000094930,-0.001903200,0.000911715,,,
1786043603806994719,1786043603.806416497,/novatel/oem7/inspva,/novatel/oem7/inspva,/novatel/oem7/inspva,39.663,-75.756,-1.799659869,0.001862993,-0.001263982,-0.001861388,0.000077319,-0.001263982,,novatel_oem7_msgs.msg.InertialSolutionStatus(status=3),
1786043603808536460,1786043603.806585435,/novatel/oem7/fix,/novatel/oem7/fix,/novatel/oem7/inspva,39.663,-75.756,-1.799659869,0.001862993,-0.001263982,-0.001861388,0.000077319,-0.001263982,,0,
1786043603809760916,1786043603.807291875,/novatel/oem7/odom,/novatel/oem7/fix,/novatel/oem7/odom,39.663,-75.756,-1.799659869,0.001860008,-0.001268370,-0.000011485,-0.001859973,-0.001268370,,,
1786043603811453936,1786043603.810331515,/novatel/oem7/bestpos,/novatel/oem7/bestpos,/novatel/oem7/odom,39.663,-75.756,33.182754979,0.001860008,-0.001268370,-0.000011485,-0.001859973,-0.001268370,,novatel_oem7_msgs.msg.SolutionStatus(status=0),novatel_oem7_msgs.msg.PositionOrVelocityType(type=53)
1786043603812503706,1786043603.810714222,/novatel/oem7/bestvel,/novatel/oem7/bestpos,/novatel/oem7/bestvel,39.663,-75.756,33.182754979,0.002412531,-0.000632357,,,,194.888445773,novatel_oem7_msgs.msg.SolutionStatus(status=0),novatel_oem7_msgs.msg.PositionOrVelocityType(type=53)
1786043603815944166,1786043603.815195029,/novatel/oem7/odom,/novatel/oem7/bestpos,/novatel/oem7/odom,39.663,-75.756,33.182754979,0.001860008,-0.001268370,-0.000011485,-0.001859973,-0.001268370,,,
1786043603825656237,1786043603.825077831,/novatel/oem7/inspva,/novatel/oem7/inspva,/novatel/oem7/inspva,39.663,-75.756,-1.799655895,0.002784242,-0.000168168,-0.002730128,0.000546264,-0.000168168,,novatel_oem7_msgs.msg.InertialSolutionStatus(status=3),
1786043603827069734,1786043603.825222796,/novatel/oem7/fix,/novatel/oem7/fix,/novatel/oem7/inspva,39.663,-75.756,-1.799655895,0.002784242,-0.000168168,-0.002730128,0.000546264,-0.000168168,,0,
1786043603828183835,1786043603.825708871,/novatel/oem7/odom,/novatel/oem7/fix,/novatel/oem7/odom,39.663,-75.756,-1.799655895,0.002783946,-0.000172996,0.000408709,-0.002753781,-0.000172996,,,
1786043603835700008,1786043603.834790143,/novatel/oem7/odom,/novatel/oem7/fix,/novatel/oem7/odom,39.663,-75.756,-1.799655895,0.002783946,-0.000172996,0.000408709,-0.002753781,-0.000172996,,,
1786043603847145070,1786043603.846559830,/novatel/oem7/inspva,/novatel/oem7/inspva,/novatel/oem7/inspva,39.663,-75.756,-1.799635019,0.002808639,0.002349213,-0.002243528,0.001689686,0.002349213,,novatel_oem7_msgs.msg.InertialSolutionStatus(status=3),
1786043603848765269,1786043603.846636311,/novatel/oem7/fix,/novatel/oem7/fix,/novatel/oem7/inspva,39.663,-75.756,-1.799635019,0.002808639,0.002349213,-0.002243528,0.001689686,0.002349213,,0,
1786043603849916533,1786043603.847183866,/novatel/oem7/odom,/novatel/oem7/fix,/novatel/oem7/odom,39.663,-75.756,-1.799635019,0.002807951,0.002350036,0.001565007,-0.002331381,0.002350036,,,
1786043603856752033,1786043603.856023236,/novatel/oem7/odom,/novatel/oem7/fix,/novatel/oem7/odom,39.663,-75.756,-1.799635019,0.002807951,0.002350036,0.001565007,-0.002331381,0.002350036,,,
1786043603865949855,1786043603.865215385,/novatel/oem7/inspva,/novatel/oem7/inspva,/novatel/oem7/inspva,39.663,-75.756,-1.799642716,0.002103414,0.001713272,-0.001968786,0.000740425,0.001713272,,novatel_oem7_msgs.msg.InertialSolutionStatus(status=3),
1786043603867307792,1786043603.865454851,/novatel/oem7/fix,/novatel/oem7/fix,/novatel/oem7/inspva,39.663,-75.756,-1.799642716,0.002103414,0.001713272,-0.001968786,0.000740425,0.001713272,,0,
1786043603868363826,1786043603.865995126,/novatel/oem7/odom,/novatel/oem7/fix,/novatel/oem7/odom,39.663,-75.756,-1.799642716,0.002105151,0.001711137,0.000633335,-0.002007623,0.001711137,,,
1786043603875601489,1786043603.874844975,/novatel/oem7/odom,/novatel/oem7/fix,/novatel/oem7/odom,39.663,-75.756,-1.799642716,0.002105151,0.001711137,0.000633335,-0.002007623,0.001711137,,,
1786043603885893533,1786043603.885371804,/novatel/oem7/inspva,/novatel/oem7/inspva,/novatel/oem7/inspva,39.663,-75.756,-1.799664062,0.000964979,-0.001292611,-0.000956288,-0.000129221,-0.001292611,,novatel_oem7_msgs.msg.InertialSolutionStatus(status=3),
1786043603887207889,1786043603.885527529,/novatel/oem7/fix,/novatel/oem7/fix,/novatel/oem7/inspva,39.663,-75.756,-1.799664062,0.000964979,-0.001292611,-0.000956288,-0.000129221,-0.001292611,,0,
1786043603888250072,1786043603.886074334,/novatel/oem7/odom,/novatel/oem7/fix,/novatel/oem7/odom,39.663,-75.756,-1.799664062,0.000961053,-0.001295533,-0.000172038,-0.000945530,-0.001295533,,,
1786043603895655681,1786043603.894971065,/novatel/oem7/odom,/novatel/oem7/fix,/novatel/oem7/odom,39.663,-75.756,-1.799664062,0.000961053,-0.001295533,-0.000172038,-0.000945530,-0.001295533,,,
1786043603906534207,1786043603.906013332,/novatel/oem7/inspva,/novatel/oem7/inspva,/novatel/oem7/inspva,39.663,-75.756,-1.799657286,0.002149239,-0.000351033,-0.002039078,0.000679254,-0.000351033,,novatel_oem7_msgs.msg.InertialSolutionStatus(status=3),
1786043603907852413,1786043603.906155336,/novatel/oem7/fix,/novatel/oem7/fix,/novatel/oem7/inspva,39.663,-75.756,-1.799657286,0.002149239,-0.000351033,-0.002039078,0.000679254,-0.000351033,,0,
1786043603908882396,1786043603.906679218,/novatel/oem7/odom,/novatel/oem7/fix,/novatel/oem7/odom,39.663,-75.756,-1.799657286,0.002148820,-0.000353586,0.000577067,-0.002069885,-0.000353586,,,
1786043603910343367,1786043603.909677134,/novatel/oem7/bestpos,/novatel/oem7/bestpos,/novatel/oem7/odom,39.663,-75.756,33.182740412,0.002148820,-0.000353586,0.000577067,-0.002069885,-0.000353586,,novatel_oem7_msgs.msg.SolutionStatus(status=0),novatel_oem7_msgs.msg.PositionOrVelocityType(type=53)
1786043603911737914,1786043603.910427864,/novatel/oem7/bestvel,/novatel/oem7/bestpos,/novatel/oem7/bestvel,39.663,-75.756,33.182740412,0.002524931,0.000262871,,,,179.226761830,novatel_oem7_msgs.msg.SolutionStatus(status=0),novatel_oem7_msgs.msg.PositionOrVelocityType(type=53)
1786043603915127794,1786043603.914443594,/novatel/oem7/odom,/novatel/oem7/bestpos,/novatel/oem7/odom,39.663,-75.756,33.182740412,0.002148820,-0.000353586,0.000577067,-0.002069885,-0.000353586,,,
1786043603925856188,1786043603.925312410,/novatel/oem7/inspva,/novatel/oem7/inspva,/novatel/oem7/inspva,39.663,-75.756,-1.799642834,0.003227506,0.001464611,-0.002697402,0.001772234,0.001464611,,novatel_oem7_msgs.msg.InertialSolutionStatus(status=3),
1786043603927200451,1786043603.925475211,/novatel/oem7/fix,/novatel/oem7/fix,/novatel/oem7/inspva,39.663,-75.756,-1.799642834,0.003227506,0.001464611,-0.002697402,0.001772234,0.001464611,,0,
1786043603928255288,1786043603.926051987,/novatel/oem7/odom,/novatel/oem7/fix,/novatel/oem7/odom,39.663,-75.756,-1.799642834,0.003227491,0.001464643,0.001628135,-0.002786732,0.001464643,,,
1786043603936194905,1786043603.935461128,/novatel/oem7/odom,/novatel/oem7/fix,/novatel/oem7/odom,39.663,-75.756,-1.799642834,0.003227491,0.001464643,0.001628135,-0.002786732,0.001464643,,,
1786043603945483226,1786043603.944976152,/novatel/oem7/inspva,/novatel/oem7/inspva,/novatel/oem7/inspva,39.663,-75.756,-1.799650745,0.002653039,0.001557091,-0.002438406,0.001045367,0.001557091,,novatel_oem7_msgs.msg.InertialSolutionStatus(status=3),
1786043603946790812,1786043603.945062260,/novatel/oem7/fix,/novatel/oem7/fix,/novatel/oem7/inspva,39.663,-75.756,-1.799650745,0.002653039,0.001557091,-0.002438406,0.001045367,0.001557091,,0,
1786043603947891162,1786043603.945579793,/novatel/oem7/odom,/novatel/oem7/fix,/novatel/oem7/odom,39.663,-75.756,-1.799650745,0.002654306,0.001554930,0.000914896,-0.002491648,0.001554930,,,
1786043603956354895,1786043603.955679628,/novatel/oem7/odom,/novatel/oem7/fix,/novatel/oem7/odom,39.663,-75.756,-1.799650745,0.002654306,0.001554930,0.000914896,-0.002491648,0.001554930,,,
1786043603966272654,1786043603.965654928,/novatel/oem7/inspva,/novatel/oem7/inspva,/novatel/oem7/inspva,39.663,-75.756,-1.799673408,0.000928000,-0.000787552,-0.000911202,-0.000175771,-0.000787552,,novatel_oem7_msgs.msg.InertialSolutionStatus(status=3),
1786043603967679448,1786043603.965830590,/novatel/oem7/fix,/novatel/oem7/fix,/novatel/oem7/inspva,39.663,-75.756,-1.799673408,0.000928000,-0.000787552,-0.000911202,-0.000175771,-0.000787552,,0,
1786043603968752548,1786043603.966305814,/novatel/oem7/odom,/novatel/oem7/fix,/novatel/oem7/odom,39.663,-75.756,-1.799673408,0.000925449,-0.000790548,-0.000218272,-0.000899341,-0.000790548,,,
1786043603975651215,1786043603.974932102,/novatel/oem7/odom,/novatel/oem7/fix,/novatel/oem7/odom,39.663,-75.756,-1.799673408,0.000925449,-0.000790548,-0.000218272,-0.000899341,-0.000790548,,,
1786043603985514381,1786043603.984998316,/novatel/oem7/inspva,/novatel/oem7/inspva,/novatel/oem7/inspva,39.663,-75.756,-1.799673479,0.001846674,-0.001054708,-0.001845978,-0.000050704,-0.001054708,,novatel_oem7_msgs.msg.InertialSolutionStatus(status=3),
1786043603986852218,1786043603.985081855,/novatel/oem7/fix,/novatel/oem7/fix,/novatel/oem7/inspva,39.663,-75.756,-1.799673479,0.001846674,-0.001054708,-0.001845978,-0.000050704,-0.001054708,,0,
1786043603987949032,1786043603.985462918,/novatel/oem7/odom,/novatel/oem7/fix,/novatel/oem7/odom,39.663,-75.756,-1.799673479,0.001843869,-0.001059605,-0.000139406,-0.001838592,-0.001059605,,,
1786043603996115841,1786043603.995418375,/novatel/oem7/odom,/novatel/oem7/fix,/novatel/oem7/odom,39.663,-75.756,-1.799673479,0.001843869,-0.001059605,-0.000139406,-0.001838592,-0.001059605,,,
1786043604008895839,1786043604.008355390,/novatel/oem7/inspva,/novatel/oem7/inspva,/novatel/oem7/inspva,39.663,-75.756,-1.799659261,0.003669508,0.001266008,-0.003447079,0.001258147,0.001266008,,novatel_oem7_msgs.msg.InertialSolutionStatus(status=3),
1786043604010286966,1786043604.008523695,/novatel/oem7/fix,/novatel/oem7/fix,/novatel/oem7/inspva,39.663,-75.756,-1.799659261,0.003669508,0.001266008,-0.003447079,0.001258147,0.001266008,,0,
1786043604011358282,1786043604.009622550,/novatel/oem7/odom,/novatel/oem7/fix,/novatel/oem7/odom,39.663,-75.756,-1.799659261,0.003670847,0.001262118,0.001077721,-0.003509079,0.001262118,,,
1786043604016288230,1786043604.015626961,/novatel/oem7/odom,/novatel/oem7/fix,/novatel/oem7/odom,39.663,-75.756,-1.799659261,0.003670847,0.001262118,0.001077721,-0.003509079,0.001262118,,,
1786043604026558720,1786043604.025940904,/novatel/oem7/bestpos,/novatel/oem7/bestpos,/novatel/oem7/odom,39.663,-75.756,33.182725359,0.003670847,0.001262118,0.001077721,-0.003509079,0.001262118,,novatel_oem7_msgs.msg.SolutionStatus(status=0),novatel_oem7_msgs.msg.PositionOrVelocityType(type=53)
1786043604028034392,1786043604.026543950,/novatel/oem7/bestvel,/novatel/oem7/bestpos,/novatel/oem7/bestvel,39.663,-75.756,33.182725359,0.003774243,0.001263049,,,,159.025214441,novatel_oem7_msgs.msg.SolutionStatus(status=0),novatel_oem7_msgs.msg.PositionOrVelocityType(type=53)
1786043604028978024,1786043604.027487666,/novatel/oem7/inspva,/novatel/oem7/inspva,/novatel/oem7/inspva,39.663,-75.756,-1.799670997,0.003481724,0.001337202,-0.002998534,0.001769518,0.001337202,,novatel_oem7_msgs.msg.InertialSolutionStatus(status=3),
1786043604030376764,1786043604.027575341,/novatel/oem7/fix,/novatel/oem7/fix,/novatel/oem7/inspva,39.663,-75.756,-1.799670997,0.003481724,0.001337202,-0.002998534,0.001769518,0.001337202,,0,
1786043604031515359,1786043604.028022055,/novatel/oem7/odom,/novatel/oem7/fix,/novatel/oem7/odom,39.663,-75.756,-1.799670997,0.003482054,0.001336342,0.001610785,-0.003087081,0.001336342,,,
1786043604035157248,1786043604.034464531,/novatel/oem7/odom,/novatel/oem7/fix,/novatel/oem7/odom,39.663,-75.756,-1.799670997,0.003482054,0.001336342,0.001610785,-0.003087081,0.001336342,,,
1786043604045893918,1786043604.045366730,/novatel/oem7/inspva,/novatel/oem7/inspva,/novatel/oem7/inspva,39.663,-75.756,-1.799689471,0.001771889,-0.000433525,-0.001763179,0.000175471,-0.000433525,,novatel_oem7_msgs.msg.InertialSolutionStatus(status=3),
1786043604047263059,1786043604.045533285,/novatel/oem7/fix,/novatel/oem7/fix,/novatel/oem7/inspva,39.663,-75.756,-1.799689471,0.001771889,-0.000433525,-0.001763179,0.000175471,-0.000433525,,0,
1786043604048335782,1786043604.046158528,/novatel/oem7/odom,/novatel/oem7/fix,/novatel/oem7/odom,39.663,-75.756,-1.799689471,0.001770948,-0.000437355,0.000088152,-0.001768753,-0.000437355,,,
1786043604057368867,1786043604.056650343,/novatel/oem7/odom,/novatel/oem7/fix,/novatel/oem7/odom,39.663,-75.756,-1.799689471,0.001770948,-0.000437355,0.000088152,-0.001768753,-0.000437355,,,
1786043604066096139,1786043604.065446152,/novatel/oem7/inspva,/novatel/oem7/inspva,/novatel/oem7/inspva,39.663,-75.756,-1.799693884,0.001790887,-0.001016077,-0.001755662,-0.000353448,-0.001016077,,novatel_oem7_msgs.msg.InertialSolutionStatus(status=3),
1786043604067714671,1786043604.065635190,/novatel/oem7/fix,/novatel/oem7/fix,/novatel/oem7/inspva,39.663,-75.756,-1.799693884,0.001790887,-0.001016077,-0.001755662,-0.000353448,-0.001016077,,0,
1786043604068895419,1786043604.066152799,/novatel/oem7/odom,/novatel/oem7/fix,/novatel/oem7/odom,39.663,-75.756,-1.799693884,0.001787548,-0.001021939,-0.000437348,-0.001733221,-0.001021939,,,
1786043604075533084,1786043604.074756883,/novatel/oem7/odom,/novatel/oem7/fix,/novatel/oem7/odom,39.663,-75.756,-1.799693884,0.001787548,-0.001021939,-0.000437348,-0.001733221,-0.001021939,,,
1786043604087621738,1786043604.086993675,/novatel/oem7/inspva,/novatel/oem7/inspva,/novatel/oem7/inspva,39.663,-75.756,-1.799680757,0.004049894,0.000755798,-0.003649193,0.001756426,0.000755798,,novatel_oem7_msgs.msg.InertialSolutionStatus(status=3),
1786043604089126493,1786043604.087181957,/novatel/oem7/fix,/novatel/oem7/fix,/novatel/oem7/inspva,39.663,-75.756,-1.799680757,0.004049894,0.000755798,-0.003649193,0.001756426,0.000755798,,0,
1786043604090337244,1786043604.087676952,/novatel/oem7/odom,/novatel/oem7/fix,/novatel/oem7/odom,39.663,-75.756,-1.799680757,0.004050384,0.000753167,0.001567318,-0.003734853,0.000753167,,,
1786043604095993626,1786043604.095247789,/novatel/oem7/odom,/novatel/oem7/fix,/novatel/oem7/odom,39.663,-75.756,-1.799680757,0.004050384,0.000753167,0.001567318,-0.003734853,0.000753167,,,
1786043604106565942,1786043604.105981480,/novatel/oem7/inspva,/novatel/oem7/inspva,/novatel/oem7/inspva,39.663,-75.756,-1.799675674,0.003823818,0.001585416,-0.003082212,0.002263085,0.001585416,,novatel_oem7_msgs.msg.InertialSolutionStatus(status=3),
1786043604108002653,1786043604.106163245,/novatel/oem7/fix,/novatel/oem7/fix,/novatel/oem7/inspva,39.663,-75.756,-1.799675674,0.003823818,0.001585416,-0.003082212,0.002263085,0.001585416,,0,
1786043604109216391,1786043604.106680480,/novatel/oem7/odom,/novatel/oem7/fix,/novatel/oem7/odom,39.663,-75.756,-1.799675674,0.003823466,0.001586263,0.002098506,-0.003196117,0.001586263,,,
1786043604110880541,1786043604.110041356,/novatel/oem7/bestpos,/novatel/oem7/bestpos,/novatel/oem7/odom,39.663,-75.756,33.182701633,0.003823466,0.001586263,0.002098506,-0.003196117,0.001586263,,novatel_oem7_msgs.msg.SolutionStatus(status=0),novatel_oem7_msgs.msg.PositionOrVelocityType(type=53)
1786043604112466530,1786043604.110566611,/novatel/oem7/bestvel,/novatel/oem7/bestpos,/novatel/oem7/bestvel,39.663,-75.756,33.182701633,0.003251311,0.001566155,,,,145.454490478,novatel_oem7_msgs.msg.SolutionStatus(status=0),novatel_oem7_msgs.msg.PositionOrVelocityType(type=53)
1786043604116660987,1786043604.115941480,/novatel/oem7/odom,/novatel/oem7/bestpos,/novatel/oem7/odom,39.663,-75.756,33.182701633,0.003823466,0.001586263,0.002098506,-0.003196117,0.001586263,,,
1786043604126289400,1786043604.125472306,/novatel/oem7/inspva,/novatel/oem7/inspva,/novatel/oem7/inspva,39.663,-75.756,-1.799679007,0.002004522,0.000568819,-0.001866141,0.000731867,0.000568819,,novatel_oem7_msgs.msg.InertialSolutionStatus(status=3),
1786043604127884936,1786043604.125726405,/novatel/oem7/fix,/novatel/oem7/fix,/novatel/oem7/inspva,39.663,-75.756,-1.799679007,0.002004522,0.000568819,-0.001866141,0.000731867,0.000568819,,0,
1786043604129093694,1786043604.126306407,/novatel/oem7/odom,/novatel/oem7/fix,/novatel/oem7/odom,39.663,-75.756,-1.799679007,0.002005074,0.000566871,0.000634584,-0.001902005,0.000566871,,,
1786043604135850973,1786043604.135102286,/novatel/oem7/odom,/novatel/oem7/fix,/novatel/oem7/odom,39.663,-75.756,-1.799679007,0.002005074,0.000566871,0.000634584,-0.001902005,0.000566871,,,
1786043604146286975,1786043604.145491384,/novatel/oem7/inspva,/novatel/oem7/inspva,/novatel/oem7/inspva,39.663,-75.756,-1.799684248,0.001414509,0.000031446,-0.001179019,0.000781505,0.000031446,,novatel_oem7_msgs.msg.InertialSolutionStatus(status=3),
1786043604147836287,1786043604.145733159,/novatel/oem7/fix,/novatel/oem7/fix,/novatel/oem7/inspva,39.663,-75.756,-1.799684248,0.001414509,0.000031446,-0.001179019,0.000781505,0.000031446,,0,
1786043604149009281,1786043604.146339669,/novatel/oem7/odom,/novatel/oem7/fix,/novatel/oem7/odom,39.663,-75.756,-1.799684248,0.001414509,0.000031445,0.000720971,-0.001216978,0.000031445,,,
1786043604156863668,1786043604.155946676,/novatel/oem7/odom,/novatel/oem7/fix,/novatel/oem7/odom,39.663,-75.756,-1.799684248,0.001414509,0.000031445,0.000720971,-0.001216978,0.000031445,,,
1786043604166328230,1786043604.165559896,/novatel/oem7/inspva,/novatel/oem7/inspva,/novatel/oem7/inspva,39.663,-75.756,-1.799678804,0.004132996,-0.000094435,-0.003654098,0.001931120,-0.000094435,,novatel_oem7_msgs.msg.InertialSolutionStatus(status=3),
1786043604168026610,1786043604.165815645,/novatel/oem7/fix,/novatel/oem7/fix,/novatel/oem7/inspva,39.663,-75.756,-1.799678804,0.004132996,-0.000094435,-0.003654098,0.001931120,-0.000094435,,0,
1786043604169279425,1786043604.166724757,/novatel/oem7/odom,/novatel/oem7/fix,/novatel/oem7/odom,39.663,-75.756,-1.799678804,0.004132950,-0.000096404,0.001744891,-0.003746549,-0.000096404,,,
1786043604176352341,1786043604.175591364,/novatel/oem7/odom,/novatel/oem7/fix,/novatel/oem7/odom,39.663,-75.756,-1.799678804,0.004132950,-0.000096404,0.001744891,-0.003746549,-0.000096404,,,
1786043604185777453,1786043604.185134523,/novatel/oem7/inspva,/novatel/oem7/inspva,/novatel/oem7/inspva,39.663,-75.756,-1.799669161,0.003524651,0.000881913,-0.003041364,0.001781368,0.000881913,,novatel_oem7_msgs.msg.InertialSolutionStatus(status=3),
1786043604187368024,1786043604.185340535,/novatel/oem7/fix,/novatel/oem7/fix,/novatel/oem7/inspva,39.663,-75.756,-1.799669161,0.003524651,0.000881913,-0.003041364,0.001781368,0.000881913,,0,
1786043604188654157,1786043604.185781439,/novatel/oem7/odom,/novatel/oem7/fix,/novatel/oem7/odom,39.663,-75.756,-1.799669161,0.003524877,0.000881009,0.001622326,-0.003129348,0.000881009,,,
1786043604195348932,1786043604.194528214,/novatel/oem7/odom,/novatel/oem7/fix,/novatel/oem7/odom,39.663,-75.756,-1.799669161,0.003524877,0.000881009,0.001622326,-0.003129348,0.000881009,,,
1786043604207087933,1786043604.206507357,/novatel/oem7/inspva,/novatel/oem7/inspva,/novatel/oem7/inspva,39.663,-75.756,-1.799669979,0.002225074,0.000781660,-0.001935046,0.001098431,0.000781660,,novatel_oem7_msgs.msg.InertialSolutionStatus(status=3),
1786043604208605041,1786043604.206697729,/novatel/oem7/fix,/novatel/oem7/fix,/novatel/oem7/inspva,39.663,-75.756,-1.799669979,0.002225074,0.000781660,-0.001935046,0.001098431,0.000781660,,0,
1786043604209823270,1786043604.207360205,/novatel/oem7/odom,/novatel/oem7/fix,/novatel/oem7/odom,39.663,-75.756,-1.799669979,0.002225317,0.000780969,0.000996367,-0.001989796,0.000780969,,,
1786043604211448899,1786043604.210487536,/novatel/oem7/bestpos,/novatel/oem7/bestpos,/novatel/oem7/odom,39.663,-75.756,33.182702078,0.002225317,0.000780969,0.000996367,-0.001989796,0.000780969,,novatel_oem7_msgs.msg.SolutionStatus(status=0),novatel_oem7_msgs.msg.PositionOrVelocityType(type=53)
1786043604213033074,1786043604.211002071,/novatel/oem7/bestvel,/novatel/oem7/bestpos,/novatel/oem7/bestvel,39.663,-75.756,33.182702078,0.002366928,0.000202886,,,,130.907096308,novatel_oem7_msgs.msg.SolutionStatus(status=0),novatel_oem7_msgs.msg.PositionOrVelocityType(type=53)
1786043604216048737,1786043604.215171432,/novatel/oem7/odom,/novatel/oem7/bestpos,/novatel/oem7/odom,39.663,-75.756,33.182702078,0.002225317,0.000780969,0.000996367,-0.001989796,0.000780969,,,
1786043604225695654,1786043604.225080455,/novatel/oem7/inspva,/novatel/oem7/inspva,/novatel/oem7/inspva,39.663,-75.756,-1.799671356,0.001951239,0.000841279,-0.001518330,0.001225565,0.000841279,,novatel_oem7_msgs.msg.InertialSolutionStatus(status=3),
1786043604227195476,1786043604.225256933,/novatel/oem7/fix,/novatel/oem7/fix,/novatel/oem7/inspva,39.663,-75.756,-1.799671356,0.001951239,0.000841279,-0.001518330,0.001225565,0.000841279,,0,
1786043604228456398,1786043604.225725588,/novatel/oem7/odom,/novatel/oem7/fix,/novatel/oem7/odom,39.663,-75.756,-1.799671356,0.001950867,0.000842141,0.001144122,-0.001580148,0.000842141,,,
1786043604236305750,1786043604.235575467,/novatel/oem7/odom,/novatel/oem7/fix,/novatel/oem7/odom,39.663,-75.756,-1.799671356,0.001950867,0.000842141,0.001144122,-0.001580148,0.000842141,,,
1786043604245893677,1786043604.245301352,/novatel/oem7/inspva,/novatel/oem7/inspva,/novatel/oem7/inspva,39.663,-75.756,-1.799676616,0.004363312,-0.000844641,-0.003902189,0.001952283,-0.000844641,,novatel_oem7_msgs.msg.InertialSolutionStatus(status=3),
1786043604247402465,1786043604.245506800,/novatel/oem7/fix,/novatel/oem7/fix,/novatel/oem7/inspva,39.663,-75.756,-1.799676616,0.004363312,-0.000844641,-0.003902189,0.001952283,-0.000844641,,0,
1786043604248644444,1786043604.246166360,/novatel/oem7/odom,/novatel/oem7/fix,/novatel/oem7/odom,39.663,-75.756,-1.799676616,0.004362840,-0.000847073,0.001756559,-0.003993604,-0.000847073,,,
1786043604257125170,1786043604.256346415,/novatel/oem7/odom,/novatel/oem7/fix,/novatel/oem7/odom,39.663,-75.756,-1.799676616,0.004362840,-0.000847073,0.001756559,-0.003993604,-0.000847073,,,
1786043604266722510,1786043604.266088467,/novatel/oem7/inspva,/novatel/oem7/inspva,/novatel/oem7/inspva,39.663,-75.756,-1.799663025,0.003586722,0.000251228,-0.003507833,0.000748119,0.000251228,,novatel_oem7_msgs.msg.InertialSolutionStatus(status=3),
1786043604268250308,1786043604.266287656,/novatel/oem7/fix,/novatel/oem7/fix,/novatel/oem7/inspva,39.663,-75.756,-1.799663025,0.003586722,0.000251228,-0.003507833,0.000748119,0.000251228,,0,
1786043604269588324,1786043604.266809017,/novatel/oem7/odom,/novatel/oem7/fix,/novatel/oem7/odom,39.663,-75.756,-1.799663025,0.003587141,0.000245179,0.000569441,-0.003541654,0.000245179,,,
1786043604275515755,1786043604.274625900,/novatel/oem7/odom,/novatel/oem7/fix,/novatel/oem7/odom,39.663,-75.756,-1.799663025,0.003587141,0.000245179,0.000569441,-0.003541654,0.000245179,,,
1786043604286175699,1786043604.285399202,/novatel/oem7/inspva,/novatel/oem7/inspva,/novatel/oem7/inspva,39.663,-75.756,-1.799646541,0.003245604,0.001862963,-0.002696437,0.001806425,0.001862963,,novatel_oem7_msgs.msg.InertialSolutionStatus(status=3),
1786043604287847368,1786043604.285582540,/novatel/oem7/fix,/novatel/oem7/fix,/novatel/oem7/inspva,39.663,-75.756,-1.799646541,0.003245604,0.001862963,-0.002696437,0.001806425,0.001862963,,0,
1786043604289025970,1786043604.286270296,/novatel/oem7/odom,/novatel/oem7/fix,/novatel/oem7/odom,39.663,-75.756,-1.799646541,0.003245566,0.001863030,0.001660795,-0.002788451,0.001863030,,,
1786043604296767012,1786043604.295920050,/novatel/oem7/odom,/novatel/oem7/fix,/novatel/oem7/odom,39.663,-75.756,-1.799646541,0.003245566,0.001863030,0.001660795,-0.002788451,0.001863030,,,
1786043604306653048,1786043604.305912704,/novatel/oem7/inspva,/novatel/oem7/inspva,/novatel/oem7/inspva,39.663,-75.756,-1.799646631,0.002653141,0.001309466,-0.002428953,0.001067403,0.001309466,,novatel_oem7_msgs.msg.InertialSolutionStatus(status=3),
1786043604308151963,1786043604.306059813,/novatel/oem7/fix,/novatel/oem7/fix,/novatel/oem7/inspva,39.663,-75.756,-1.799646631,0.002653141,0.001309466,-0.002428953,0.001067403,0.001309466,,0,
1786043604309300960,1786043604.306614178,/novatel/oem7/odom,/novatel/oem7/fix,/novatel/oem7/odom,39.663,-75.756,-1.799646631,0.002654154,0.001307412,0.000938339,-0.002482751,0.001307412,,,
1786043604311085195,1786043604.309572403,/novatel/oem7/bestpos,/novatel/oem7/bestpos,/novatel/oem7/odom,39.663,-75.756,33.182736124,0.002654154,0.001307412,0.000938339,-0.002482751,0.001307412,,novatel_oem7_msgs.msg.SolutionStatus(status=0),novatel_oem7_msgs.msg.PositionOrVelocityType(type=53)
1786043604312130258,1786043604.310216193,/novatel/oem7/bestvel,/novatel/oem7/bestpos,/novatel/oem7/bestvel,39.663,-75.756,33.182736124,0.003314373,0.000429410,,,,131.113470327,novatel_oem7_msgs.msg.SolutionStatus(status=0),novatel_oem7_msgs.msg.PositionOrVelocityType(type=53)
1786043604315593278,1786043604.314737980,/novatel/oem7/odom,/novatel/oem7/bestpos,/novatel/oem7/odom,39.663,-75.756,33.182736124,0.002654154,0.001307412,0.000938339,-0.002482751,0.001307412,,,
1786043604327631702,1786043604.326856018,/novatel/oem7/inspva,/novatel/oem7/inspva,/novatel/oem7/inspva,39.663,-75.756,-1.799651585,0.002855050,-0.001037537,-0.002853478,-0.000094752,-0.001037537,,novatel_oem7_msgs.msg.InertialSolutionStatus(status=3),
1786043604329180117,1786043604.327002643,/novatel/oem7/fix,/novatel/oem7/fix,/novatel/oem7/inspva,39.663,-75.756,-1.799651585,0.002855050,-0.001037537,-0.002853478,-0.000094752,-0.001037537,,0,
1786043604330330609,1786043604.327527231,/novatel/oem7/odom,/novatel/oem7/fix,/novatel/oem7/odom,39.663,-75.756,-1.799651585,0.002852252,-0.001045207,-0.000234246,-0.002842617,-0.001045207,,,
1786043604335984240,1786043604.335171232,/novatel/oem7/odom,/novatel/oem7/fix,/novatel/oem7/odom,39.663,-75.756,-1.799651585,0.002852252,-0.001045207,-0.000234246,-0.002842617,-0.001045207,,,
1786043604345826386,1786043604.345024848,/novatel/oem7/inspva,/novatel/oem7/inspva,/novatel/oem7/inspva,39.663,-75.756,-1.799640029,0.003547300,-0.000627615,-0.003264708,0.001387450,-0.000627615,,novatel_oem7_msgs.msg.InertialSolutionStatus(status=3),
1786043604347321050,1786043604.345171336,/novatel/oem7/fix,/novatel/oem7/fix,/novatel/oem7/inspva,39.663,-75.756,-1.799640029,0.003547300,-0.000627615,-0.003264708,0.001387450,-0.000627615,,0,
1786043604348905232,1786043604.345650301,/novatel/oem7/odom,/novatel/oem7/fix,/novatel/oem7/odom,39.663,-75.756,-1.799640029,0.003546767,-0.000630624,0.001223726,-0.003328971,-0.000630624,,,
1786043604356836690,1786043604.355968398,/novatel/oem7/odom,/novatel/oem7/fix,/novatel/oem7/odom,39.663,-75.756,-1.799640029,0.003546767,-0.000630624,0.001223726,-0.003328971,-0.000630624,,,
1786043604366315368,1786043604.365517571,/novatel/oem7/inspva,/novatel/oem7/inspva,/novatel/oem7/inspva,39.663,-75.756,-1.799606843,0.003930916,0.002749055,-0.003461909,0.001862065,0.002749055,,novatel_oem7_msgs.msg.InertialSolutionStatus(status=3),
1786043604367899734,1786043604.365672735,/novatel/oem7/fix,/novatel/oem7/fix,/novatel/oem7/inspva,39.663,-75.756,-1.799606843,0.003930916,0.002749055,-0.003461909,0.001862065,0.002749055,,0,
1786043604369061731,1786043604.366313592,/novatel/oem7/odom,/novatel/oem7/fix,/novatel/oem7/odom,39.663,-75.756,-1.799606843,0.003932111,0.002747345,0.001674160,-0.003557905,0.002747345,,,
1786043604375750853,1786043604.374928030,/novatel/oem7/odom,/novatel/oem7/fix,/novatel/oem7/odom,39.663,-75.756,-1.799606843,0.003932111,0.002747345,0.001674160,-0.003557905,0.002747345,,,
1786043604386957579,1786043604.386201295,/novatel/oem7/inspva,/novatel/oem7/inspva,/novatel/oem7/inspva,39.663,-75.756,-1.799611181,0.003272385,0.001958363,-0.002866820,0.001577925,0.001958363,,novatel_oem7_msgs.msg.InertialSolutionStatus(status=3),
1786043604388461057,1786043604.386353667,/novatel/oem7/fix,/novatel/oem7/fix,/novatel/oem7/inspva,39.663,-75.756,-1.799611181,0.003272385,0.001958363,-0.002866820,0.001577925,0.001958363,,0,
1786043604389610098,1786043604.386832254,/novatel/oem7/odom,/novatel/oem7/fix,/novatel/oem7/odom,39.663,-75.756,-1.799611181,0.003273118,0.001957138,0.001423557,-0.002947336,0.001957138,,,
1786043604395691784,1786043604.394868202,/novatel/oem7/odom,/novatel/oem7/fix,/novatel/oem7/odom,39.663,-75.756,-1.799611181,0.003273118,0.001957138,0.001423557,-0.002947336,0.001957138,,,
1786043604407314264,1786043604.406589366,/novatel/oem7/inspva,/novatel/oem7/inspva,/novatel/oem7/inspva,39.663,-75.756,-1.799630766,0.002631484,-0.001880956,-0.002630797,0.000060128,-0.001880956,,novatel_oem7_msgs.msg.InertialSolutionStatus(status=3),
1786043604409022104,1786043604.406738942,/novatel/oem7/fix,/novatel/oem7/fix,/novatel/oem7/inspva,39.663,-75.756,-1.799630766,0.002631484,-0.001880956,-0.002630797,0.000060128,-0.001880956,,0,
1786043604410242132,1786043604.407211506,/novatel/oem7/odom,/novatel/oem7/fix,/novatel/oem7/odom,39.663,-75.756,-1.799630766,0.002626864,-0.001887402,-0.000064951,-0.002626061,-0.001887402,,,
1786043604412021089,1786043604.410164315,/novatel/oem7/bestpos,/novatel/oem7/bestpos,/novatel/oem7/odom,39.663,-75.756,33.182775469,0.002626864,-0.001887402,-0.000064951,-0.002626061,-0.001887402,,novatel_oem7_msgs.msg.SolutionStatus(status=0),novatel_oem7_msgs.msg.PositionOrVelocityType(type=53)
1786043604413051579,1786043604.410569079,/novatel/oem7/bestvel,/novatel/oem7/bestpos,/novatel/oem7/bestvel,39.663,-75.756,33.182775469,0.003640514,-0.000992133,,,,189.166846254,novatel_oem7_msgs.msg.SolutionStatus(status=0),novatel_oem7_msgs.msg.PositionOrVelocityType(type=53)
1786043604416696675,1786043604.415843413,/novatel/oem7/odom,/novatel/oem7/bestpos,/novatel/oem7/odom,39.663,-75.756,33.182775469,0.002626864,-0.001887402,-0.000064951,-0.002626061,-0.001887402,,,
1786043604425935972,1786043604.425157011,/novatel/oem7/inspva,/novatel/oem7/inspva,/novatel/oem7/inspva,39.663,-75.756,-1.799616942,0.003328244,-0.000703163,-0.003284117,0.000540173,-0.000703163,,novatel_oem7_msgs.msg.InertialSolutionStatus(status=3),
1786043604427502137,1786043604.425311745,/novatel/oem7/fix,/novatel/oem7/fix,/novatel/oem7/inspva,39.663,-75.756,-1.799616942,0.003328244,-0.000703163,-0.003284117,0.000540173,-0.000703163,,0,
1786043604428707502,1786043604.425808787,/novatel/oem7/odom,/novatel/oem7/fix,/novatel/oem7/odom,39.663,-75.756,-1.799616942,0.003326905,-0.000709475,0.000376847,-0.003305492,-0.000709475,,,
1786043604435356953,1786043604.434517825,/novatel/oem7/odom,/novatel/oem7/fix,/novatel/oem7/odom,39.663,-75.756,-1.799616942,0.003326905,-0.000709475,0.000376847,-0.003305492,-0.000709475,,,
1786043604447675976,1786043604.446632180,/novatel/oem7/inspva,/novatel/oem7/inspva,/novatel/oem7/inspva,39.663,-75.756,-1.799584194,0.004839454,0.002242596,-0.004190491,0.002420763,0.002242596,,novatel_oem7_msgs.msg.InertialSolutionStatus(status=3),
1786043604449272065,1786043604.446906119,/novatel/oem7/fix,/novatel/oem7/fix,/novatel/oem7/inspva,39.663,-75.756,-1.799584194,0.004839454,0.002242596,-0.004190491,0.002420763,0.002242596,,0,
1786043604450524171,1786043604.447462794,/novatel/oem7/odom,/novatel/oem7/fix,/novatel/oem7/odom,39.663,-75.756,-1.799584194,0.004840154,0.002241084,0.002197565,-0.004312516,0.002241084,,,
1786043604457381581,1786043604.456512376,/novatel/oem7/odom,/novatel/oem7/fix,/novatel/oem7/odom,39.663,-75.756,-1.799584194,0.004840154,0.002241084,0.002197565,-0.004312516,0.002241084,,,
1786043604465907643,1786043604.465055389,/novatel/oem7/inspva,/novatel/oem7/inspva,/novatel/oem7/inspva,39.663,-75.756,-1.799578694,0.003560133,0.002324874,-0.003484143,0.000731636,0.002324874,,novatel_oem7_msgs.msg.InertialSolutionStatus(status=3),
1786043604467524689,1786043604.465250387,/novatel/oem7/fix,/novatel/oem7/fix,/novatel/oem7/inspva,39.663,-75.756,-1.799578694,0.003560133,0.002324874,-0.003484143,0.000731636,0.002324874,,0,
1786043604468762738,1786043604.465761386,/novatel/oem7/odom,/novatel/oem7/fix,/novatel/oem7/odom,39.663,-75.756,-1.799578694,0.003564155,0.002318702,0.000545746,-0.003522125,0.002318702,,,
1786043604476527923,1786043604.475681705,/novatel/oem7/odom,/novatel/oem7/fix,/novatel/oem7/odom,39.663,-75.756,-1.799578694,0.003564155,0.002318702,0.000545746,-0.003522125,0.002318702,,,
1786043604486806397,1786043604.486035383,/novatel/oem7/inspva,/novatel/oem7/inspva,/novatel/oem7/inspva,39.663,-75.756,-1.799593118,0.001912248,-0.000795850,-0.001712022,-0.000851865,-0.000795850,,novatel_oem7_msgs.msg.InertialSolutionStatus(status=3),
1786043604488451183,1786043604.486165458,/novatel/oem7/fix,/novatel/oem7/fix,/novatel/oem7/inspva,39.663,-75.756,-1.799593118,0.001912248,-0.000795850,-0.001712022,-0.000851865,-0.000795850,,0,
1786043604489595311,1786043604.486873287,/novatel/oem7/odom,/novatel/oem7/fix,/novatel/oem7/odom,39.663,-75.756,-1.799593118,0.001909023,-0.000803556,-0.000933817,-0.001665039,-0.000803556,,,
1786043604495627452,1786043604.494733777,/novatel/oem7/odom,/novatel/oem7/fix,/novatel/oem7/odom,39.663,-75.756,-1.799593118,0.001909023,-0.000803556,-0.000933817,-0.001665039,-0.000803556,,,
1786043604506807185,1786043604.506180726,/novatel/oem7/inspva,/novatel/oem7/inspva,/novatel/oem7/inspva,39.663,-75.756,-1.799578996,0.002855210,-0.000555118,-0.002808569,0.000513972,-0.000555118,,novatel_oem7_msgs.msg.InertialSolutionStatus(status=3),
1786043604508194745,1786043604.506311964,/novatel/oem7/fix,/novatel/oem7/fix,/novatel/oem7/inspva,39.663,-75.756,-1.799578996,0.002855210,-0.000555118,-0.002808569,0.000513972,-0.000555118,,0,
1786043604509269262,1786043604.506756738,/novatel/oem7/odom,/novatel/oem7/fix,/novatel/oem7/odom,39.663,-75.756,-1.799578996,0.002854192,-0.000560329,0.000373995,-0.002829583,-0.000560329,,,
1786043604512161050,1786043604.511584525,/novatel/oem7/bestpos,/novatel/oem7/bestpos,/novatel/oem7/odom,39.663,-75.756,33.182811351,0.002854192,-0.000560329,0.000373995,-0.002829583,-0.000560329,,novatel_oem7_msgs.msg.SolutionStatus(status=0),novatel_oem7_msgs.msg.PositionOrVelocityType(type=53)
1786043604513624317,1786043604.512558337,/novatel/oem7/bestvel,/novatel/oem7/bestpos,/novatel/oem7/bestvel,39.663,-75.756,33.182811351,0.003190507,-0.000165169,,,,176.740958391,novatel_oem7_msgs.msg.SolutionStatus(status=0),novatel_oem7_msgs.msg.PositionOrVelocityType(type=53)
1786043604515613054,1786043604.514895554,/novatel/oem7/odom,/novatel/oem7/bestpos,/novatel/oem7/odom,39.663,-75.756,33.182811351,0.002854192,-0.000560329,0.000373995,-0.002829583,-0.000560329,,,
1786043604525979135,1786043604.525400609,/novatel/oem7/inspva,/novatel/oem7/inspva,/novatel/oem7/inspva,39.663,-75.756,-1.799541492,0.004387497,0.002139478,-0.004181520,0.001328539,0.002139478,,novatel_oem7_msgs.msg.InertialSolutionStatus(status=3),
1786043604527368731,1786043604.525598441,/novatel/oem7/fix,/novatel/oem7/fix,/novatel/oem7/inspva,39.663,-75.756,-1.799541492,0.004387497,0.002139478,-0.004181520,0.001328539,0.002139478,,0,
1786043604528459572,1786043604.526152216,/novatel/oem7/odom,/novatel/oem7/fix,/novatel/oem7/odom,39.663,-75.756,-1.799541492,0.004390206,0.002133913,0.001107439,-0.004248234,0.002133913,,,
1786043604536272688,1786043604.535593845,/novatel/oem7/odom,/novatel/oem7/fix,/novatel/oem7/odom,39.663,-75.756,-1.799541492,0.004390206,0.002133913,0.001107439,-0.004248234,0.002133913,,,
1786043604545901275,1786043604.545278749,/novatel/oem7/inspva,/novatel/oem7/inspva,/novatel/oem7/inspva,39.663,-75.756,-1.799541534,0.004216493,0.001345852,-0.003800730,0.001825723,0.001345852,,novatel_oem7_msgs.msg.InertialSolutionStatus(status=3),
1786043604547306102,1786043604.545495051,/novatel/oem7/fix,/novatel/oem7/fix,/novatel/oem7/inspva,39.663,-75.756,-1.799541534,0.004216493,0.001345852,-0.003800730,0.001825723,0.001345852,,0,
1786043604548406410,1786043604.545908385,/novatel/oem7/odom,/novatel/oem7/fix,/novatel/oem7/odom,39.663,-75.756,-1.799541534,0.004217340,0.001343196,0.001626462,-0.003891090,0.001343196,,,
1786043604556486618,1786043604.555769277,/novatel/oem7/odom,/novatel/oem7/fix,/novatel/oem7/odom,39.663,-75.756,-1.799541534,0.004217340,0.001343196,0.001626462,-0.003891090,0.001343196,,,
1786043604567282456,1786043604.566710518,/novatel/oem7/inspva,/novatel/oem7/inspva,/novatel/oem7/inspva,39.663,-75.756,-1.799541348,0.001569628,0.000853847,-0.001548977,-0.000253773,0.000853847,,novatel_oem7_msgs.msg.InertialSolutionStatus(status=3),
1786043604568680367,1786043604.566896066,/novatel/oem7/fix,/novatel/oem7/fix,/novatel/oem7/inspva,39.663,-75.756,-1.799541348,0.001569628,0.000853847,-0.001548977,-0.000253773,0.000853847,,0,
1786043604569774194,1786043604.567772244,/novatel/oem7/odom,/novatel/oem7/fix,/novatel/oem7/odom,39.663,-75.756,-1.799541348,0.001572342,0.000848839,-0.000334975,-0.001536246,0.000848839,,,
1786043604575862080,1786043604.575153550,/novatel/oem7/odom,/novatel/oem7/fix,/novatel/oem7/odom,39.663,-75.756,-1.799541348,0.001572342,0.000848839,-0.000334975,-0.001536246,0.000848839,,,
1786043604585771603,1786043604.585054536,/novatel/oem7/inspva,/novatel/oem7/inspva,/novatel/oem7/inspva,39.663,-75.756,-1.799540279,0.002129659,-0.000241699,-0.002109862,-0.000289707,-0.000241699,,novatel_oem7_msgs.msg.InertialSolutionStatus(status=3),
1786043604587320994,1786043604.585235038,/novatel/oem7/fix,/novatel/oem7/fix,/novatel/oem7/inspva,39.663,-75.756,-1.799540279,0.002129659,-0.000241699,-0.002109862,-0.000289707,-0.000241699,,0,
1786043604587912949,1786043604.585770143,/novatel/oem7/odom,/novatel/oem7/fix,/novatel/oem7/odom,39.663,-75.756,-1.799540279,0.002128904,-0.000248261,-0.000394684,-0.002091998,-0.000248261,,,
1786043604595911120,1786043604.595451277,/novatel/oem7/odom,/novatel/oem7/fix,/novatel/oem7/odom,39.663,-75.756,-1.799540279,0.002128904,-0.000248261,-0.000394684,-0.002091998,-0.000248261,,,
1786043604607073518,1786043604.606709780,/novatel/oem7/inspva,/novatel/oem7/inspva,/novatel/oem7/inspva,39.663,-75.756,-1.799516657,0.003908640,0.000865019,-0.003795498,0.000933628,0.000865019,,novatel_oem7_msgs.msg.InertialSolutionStatus(status=3),
1786043604607817227,1786043604.606881961,/novatel/oem7/fix,/novatel/oem7/fix,/novatel/oem7/inspva,39.663,-75.756,-1.799516657,0.003908640,0.000865019,-0.003795498,0.000933628,0.000865019,,0,
1786043604608316058,1786043604.607403566,/novatel/oem7/odom,/novatel/oem7/fix,/novatel/oem7/odom,39.663,-75.756,-1.799516657,0.003909993,0.000858885,0.000737720,-0.003839767,0.000858885,,,
1786043604610580504,1786043604.610202764,/novatel/oem7/bestpos,/novatel/oem7/bestpos,/novatel/oem7/odom,39.663,-75.756,33.182874465,0.003909993,0.000858885,0.000737720,-0.003839767,0.000858885,,novatel_oem7_msgs.msg.SolutionStatus(status=0),novatel_oem7_msgs.msg.PositionOrVelocityType(type=53)
1786043604611263702,1786043604.610634348,/novatel/oem7/bestvel,/novatel/oem7/bestpos,/novatel/oem7/bestvel,39.663,-75.756,33.182874465,0.004267424,0.001558284,,,,178.431197780,novatel_oem7_msgs.msg.SolutionStatus(status=0),novatel_oem7_msgs.msg.PositionOrVelocityType(type=53)
1786043604615451292,1786043604.615061958,/novatel/oem7/odom,/novatel/oem7/bestpos,/novatel/oem7/odom,39.663,-75.756,33.182874465,0.003909993,0.000858885,0.000737720,-0.003839767,0.000858885,,,
1786043604626466774,1786043604.626051305,/novatel/oem7/inspva,/novatel/oem7/inspva,/novatel/oem7/inspva,39.663,-75.756,-1.799511659,0.003899048,0.001253376,-0.003664445,0.001332073,0.001253376,,novatel_oem7_msgs.msg.InertialSolutionStatus(status=3),
1786043604627179882,1786043604.626213016,/novatel/oem7/fix,/novatel/oem7/fix,/novatel/oem7/inspva,39.663,-75.756,-1.799511659,0.003899048,0.001253376,-0.003664445,0.001332073,0.001253376,,0,
1786043604627726375,1786043604.626718214,/novatel/oem7/odom,/novatel/oem7/fix,/novatel/oem7/odom,39.663,-75.756,-1.799511659,0.003900415,0.001249116,0.001140702,-0.003729884,0.001249116,,,
1786043604635049376,1786043604.634656811,/novatel/oem7/odom,/novatel/oem7/fix,/novatel/oem7/odom,39.663,-75.756,-1.799511659,0.003900415,0.001249116,0.001140702,-0.003729884,0.001249116,,,
1786043604645801668,1786043604.645447086,/novatel/oem7/inspva,/novatel/oem7/inspva,/novatel/oem7/inspva,39.663,-75.756,-1.799507835,0.002637790,0.001324621,-0.002536053,0.000725514,0.001324621,,novatel_oem7_msgs.msg.InertialSolutionStatus(status=3),
1786043604646508325,1786043604.645627055,/novatel/oem7/fix,/novatel/oem7/fix,/novatel/oem7/inspva,39.663,-75.756,-1.799507835,0.002637790,0.001324621,-0.002536053,0.000725514,0.001324621,,0,
1786043604647321977,1786043604.646263104,/novatel/oem7/odom,/novatel/oem7/fix,/novatel/oem7/odom,39.663,-75.756,-1.799507835,0.002639674,0.001320862,0.000591468,-0.002572556,0.001320862,,,
1786043604657035941,1786043604.656604172,/novatel/oem7/odom,/novatel/oem7/fix,/novatel/oem7/odom,39.663,-75.756,-1.799507835,0.002639674,0.001320862,0.000591468,-0.002572556,0.001320862,,,
1786043604666432314,1786043604.666074737,/novatel/oem7/inspva,/novatel/oem7/inspva,/novatel/oem7/inspva,39.663,-75.756,-1.799504274,0.002198639,0.000936800,-0.002196323,-0.000100902,0.000936800,,novatel_oem7_msgs.msg.InertialSolutionStatus(status=3),
1786043604667163350,1786043604.666256446,/novatel/oem7/fix,/novatel/oem7/fix,/novatel/oem7/inspva,39.663,-75.756,-1.799504274,0.002198639,0.000936800,-0.002196323,-0.000100902,0.000936800,,0,
1786043604667708487,1786043604.666791421,/novatel/oem7/odom,/novatel/oem7/fix,/novatel/oem7/odom,39.663,-75.756,-1.799504274,0.002201215,0.000930732,-0.000215261,-0.002190664,0.000930732,,,
1786043604675154944,1786043604.674493256,/novatel/oem7/odom,/novatel/oem7/fix,/novatel/oem7/odom,39.663,-75.756,-1.799504274,0.002201215,0.000930732,-0.000215261,-0.002190664,0.000930732,,,
1786043604687023564,1786043604.686658010,/novatel/oem7/inspva,/novatel/oem7/inspva,/novatel/oem7/inspva,39.663,-75.756,-1.799497606,0.003333656,-0.000416946,-0.003278904,-0.000601708,-0.000416946,,novatel_oem7_msgs.msg.InertialSolutionStatus(status=3),
1786043604687710229,1786043604.686829759,/novatel/oem7/fix,/novatel/oem7/fix,/novatel/oem7/inspva,39.663,-75.756,-1.799497606,0.003333656,-0.000416946,-0.003278904,-0.000601708,-0.000416946,,0,
1786043604688469054,1786043604.687728998,/novatel/oem7/odom,/novatel/oem7/fix,/novatel/oem7/odom,39.663,-75.756,-1.799497606,0.003332301,-0.000427639,-0.000764475,-0.003243426,-0.000427639,,,
1786043604695744555,1786043604.695342742,/novatel/oem7/odom,/novatel/oem7/fix,/novatel/oem7/odom,39.663,-75.756,-1.799497606,0.003332301,-0.000427639,-0.000764475,-0.003243426,-0.000427639,,,
1786043604706245035,1786043604.705878311,/novatel/oem7/inspva,/novatel/oem7/inspva,/novatel/oem7/inspva,39.663,-75.756,-1.799483165,0.003555679,0.000445230,-0.003465239,0.000796849,0.000445230,,novatel_oem7_msgs.msg.InertialSolutionStatus(status=3),
1786043604706900425,1786043604.706032422,/novatel/oem7/fix,/novatel/oem7/fix,/novatel/oem7/inspva,39.663,-75.756,-1.799483165,0.003555679,0.000445230,-0.003465239,0.000796849,0.000445230,,0,
1786043604707441119,1786043604.706591721,/novatel/oem7/odom,/novatel/oem7/fix,/novatel/oem7/odom,39.663,-75.756,-1.799483165,0.003556403,0.000439411,0.000619418,-0.003502045,0.000439411,,,
1786043604710049614,1786043604.709622474,/novatel/oem7/bestpos,/novatel/oem7/bestpos,/novatel/oem7/odom,39.663,-75.756,33.182906847,0.003556403,0.000439411,0.000619418,-0.003502045,0.000439411,,novatel_oem7_msgs.msg.SolutionStatus(status=0),novatel_oem7_msgs.msg.PositionOrVelocityType(type=53)
1786043604710724782,1786043604.710249780,/novatel/oem7/bestvel,/novatel/oem7/bestpos,/novatel/oem7/bestvel,39.663,-75.756,33.182906847,0.002996965,0.000669212,,,,183.324944690,novatel_oem7_msgs.msg.SolutionStatus(status=0),novatel_oem7_msgs.msg.PositionOrVelocityType(type=53)
1786043604715330513,1786043604.714521648,/novatel/oem7/odom,/novatel/oem7/bestpos,/novatel/oem7/odom,39.663,-75.756,33.182906847,0.003556403,0.000439411,0.000619418,-0.003502045,0.000439411,,,
1786043604726782034,1786043604.726073494,/novatel/oem7/inspva,/novatel/oem7/inspva,/novatel/oem7/inspva,39.663,-75.756,-1.799462896,0.002842961,0.002265134,-0.002712983,0.000849795,0.002265134,,novatel_oem7_msgs.msg.InertialSolutionStatus(status=3),
1786043604728283229,1786043604.726289620,/novatel/oem7/fix,/novatel/oem7/fix,/novatel/oem7/inspva,39.663,-75.756,-1.799462896,0.002842961,0.002265134,-0.002712983,0.000849795,0.002265134,,0,
1786043604729365713,1786043604.726935599,/novatel/oem7/odom,/novatel/oem7/fix,/novatel/oem7/odom,39.663,-75.756,-1.799462896,0.002845881,0.002261465,0.000702730,-0.002757754,0.002261465,,,
1786043604735599656,1786043604.734857797,/novatel/oem7/odom,/novatel/oem7/fix,/novatel/oem7/odom,39.663,-75.756,-1.799462896,0.002845881,0.002261465,0.000702730,-0.002757754,0.002261465,,,
1786043604745886386,1786043604.745202213,/novatel/oem7/inspva,/novatel/oem7/inspva,/novatel/oem7/inspva,39.663,-75.756,-1.799459558,0.002071740,0.001724160,-0.002006533,0.000515688,0.001724160,,novatel_oem7_msgs.msg.InertialSolutionStatus(status=3),
1786043604747299454,1786043604.745441776,/novatel/oem7/fix,/novatel/oem7/fix,/novatel/oem7/inspva,39.663,-75.756,-1.799459558,0.002071740,0.001724160,-0.002006533,0.000515688,0.001724160,,0,
1786043604748483655,1786043604.745875363,/novatel/oem7/odom,/novatel/oem7/fix,/novatel/oem7/odom,39.663,-75.756,-1.799459558,0.002074360,0.001721008,0.000406893,-0.002034062,0.001721008,,,
1786043604756835007,1786043604.756099296,/novatel/oem7/odom,/novatel/oem7/fix,/novatel/oem7/odom,39.663,-75.756,-1.799459558,0.002074360,0.001721008,0.000406893,-0.002034062,0.001721008,,,
1786043604766126597,1786043604.765480121,/novatel/oem7/inspva,/novatel/oem7/inspva,/novatel/oem7/inspva,39.663,-75.756,-1.799466874,0.002462914,-0.000952893,-0.002460743,-0.000103388,-0.000952893,,novatel_oem7_msgs.msg.InertialSolutionStatus(status=3),
1786043604767604655,1786043604.765701469,/novatel/oem7/fix,/novatel/oem7/fix,/novatel/oem7/inspva,39.663,-75.756,-1.799466874,0.002462914,-0.000952893,-0.002460743,-0.000103388,-0.000952893,,0,
1786043604768709798,1786043604.766272008,/novatel/oem7/odom,/novatel/oem7/fix,/novatel/oem7/odom,39.663,-75.756,-1.799466874,0.002460320,-0.000959570,-0.000223422,-0.002450155,-0.000959570,,,
1786043604775886178,1786043604.775175771,/novatel/oem7/odom,/novatel/oem7/fix,/novatel/oem7/odom,39.663,-75.756,-1.799466874,0.002460320,-0.000959570,-0.000223422,-0.002450155,-0.000959570,,,
1786043604786012764,1786043604.785350120,/novatel/oem7/inspva,/novatel/oem7/inspva,/novatel/oem7/inspva,39.663,-75.756,-1.799454589,0.002862392,-0.000903309,-0.002853613,0.000224017,-0.000903309,,novatel_oem7_msgs.msg.InertialSolutionStatus(status=3),
1786043604787378727,1786043604.785558332,/novatel/oem7/fix,/novatel/oem7/fix,/novatel/oem7/inspva,39.663,-75.756,-1.799454589,0.002862392,-0.000903309,-0.002853613,0.000224017,-0.000903309,,0,
1786043604788473078,1786043604.786121145,/novatel/oem7/odom,/novatel/oem7/fix,/novatel/oem7/odom,39.663,-75.756,-1.799454589,0.002860361,-0.000909721,0.000083574,-0.002859140,-0.000909721,,,
1786043604795213420,1786043604.794504706,/novatel/oem7/odom,/novatel/oem7/fix,/novatel/oem7/odom,39.663,-75.756,-1.799454589,0.002860361,-0.000909721,0.000083574,-0.002859140,-0.000909721,,,
1786043604806980978,1786043604.806390822,/novatel/oem7/inspva,/novatel/oem7/inspva,/novatel/oem7/inspva,39.663,-75.756,-1.799428917,0.003113138,0.002228426,-0.002716457,0.001520687,0.002228426,,novatel_oem7_msgs.msg.InertialSolutionStatus(status=3),
1786043604808416555,1786043604.806580041,/novatel/oem7/fix,/novatel/oem7/fix,/novatel/oem7/inspva,39.663,-75.756,-1.799428917,0.003113138,0.002228426,-0.002716457,0.001520687,0.002228426,,0,
1786043604809531452,1786043604.807297811,/novatel/oem7/odom,/novatel/oem7/fix,/novatel/oem7/odom,39.663,-75.756,-1.799428917,0.003113902,0.002227359,0.001372793,-0.002794965,0.002227359,,,
1786043604811365020,1786043604.810379244,/novatel/oem7/bestpos,/novatel/oem7/bestpos,/novatel/oem7/odom,39.663,-75.756,33.182933859,0.003113902,0.002227359,0.001372793,-0.002794965,0.002227359,,novatel_oem7_msgs.msg.SolutionStatus(status=0),novatel_oem7_msgs.msg.PositionOrVelocityType(type=53)
1786043604813085420,1786043604.810858288,/novatel/oem7/bestvel,/novatel/oem7/bestpos,/novatel/oem7/bestvel,39.663,-75.756,33.182933859,0.002732076,0.001306732,,,,128.122083248,novatel_oem7_msgs.msg.SolutionStatus(status=0),novatel_oem7_msgs.msg.PositionOrVelocityType(type=53)
1786043604816281971,1786043604.815571084,/novatel/oem7/odom,/novatel/oem7/bestpos,/novatel/oem7/odom,39.663,-75.756,33.182933859,0.003113902,0.002227359,0.001372793,-0.002794965,0.002227359,,,
1786043604825828608,1786043604.825171774,/novatel/oem7/inspva,/novatel/oem7/inspva,/novatel/oem7/inspva,39.663,-75.756,-1.799433767,0.002181272,0.001798325,-0.001988250,0.000897112,0.001798325,,novatel_oem7_msgs.msg.InertialSolutionStatus(status=3),
1786043604827215754,1786043604.825389446,/novatel/oem7/fix,/novatel/oem7/fix,/novatel/oem7/inspva,39.663,-75.756,-1.799433767,0.002181272,0.001798325,-0.001988250,0.000897112,0.001798325,,0,
1786043604828330092,1786043604.825962949,/novatel/oem7/odom,/novatel/oem7/fix,/novatel/oem7/odom,39.663,-75.756,-1.799433767,0.002182590,0.001796725,0.000788451,-0.002035201,0.001796725,,,
1786043604835364117,1786043604.834646710,/novatel/oem7/odom,/novatel/oem7/fix,/novatel/oem7/odom,39.663,-75.756,-1.799433767,0.002182590,0.001796725,0.000788451,-0.002035201,0.001796725,,,
1786043604847582242,1786043604.846753814,/novatel/oem7/inspva,/novatel/oem7/inspva,/novatel/oem7/inspva,39.663,-75.756,-1.799442082,0.001310843,-0.000732446,-0.001264879,-0.000344077,-0.000732446,,novatel_oem7_msgs.msg.InertialSolutionStatus(status=3),
1786043604848925638,1786043604.847158801,/novatel/oem7/fix,/novatel/oem7/fix,/novatel/oem7/inspva,39.663,-75.756,-1.799442082,0.001310843,-0.000732446,-0.001264879,-0.000344077,-0.000732446,,0,
1786043604849995593,1786043604.847848252,/novatel/oem7/odom,/novatel/oem7/fix,/novatel/oem7/odom,39.663,-75.756,-1.799442082,0.001308274,-0.000737025,-0.000404429,-0.001244193,-0.000737025,,,
1786043604857351014,1786043604.856684083,/novatel/oem7/odom,/novatel/oem7/fix,/novatel/oem7/odom,39.663,-75.756,-1.799442082,0.001308274,-0.000737025,-0.000404429,-0.001244193,-0.000737025,,,
1786043604865700932,1786043604.865075649,/novatel/oem7/inspva,/novatel/oem7/inspva,/novatel/oem7/inspva,39.663,-75.756,-1.799429390,0.001938186,-0.000558244,-0.001936075,0.000090455,-0.000558244,,novatel_oem7_msgs.msg.InertialSolutionStatus(status=3),
1786043604867063742,1786043604.865283254,/novatel/oem7/fix,/novatel/oem7/fix,/novatel/oem7/inspva,39.663,-75.756,-1.799429390,0.001938186,-0.000558244,-0.001936075,0.000090455,-0.000558244,,0,
1786043604868150182,1786043604.865796816,/novatel/oem7/odom,/novatel/oem7/fix,/novatel/oem7/odom,39.663,-75.756,-1.799429390,0.001936855,-0.000562846,-0.000004965,-0.001936849,-0.000562846,,,
1786043604875396206,1786043604.874708804,/novatel/oem7/odom,/novatel/oem7/fix,/novatel/oem7/odom,39.663,-75.756,-1.799429390,0.001936855,-0.000562846,-0.000004965,-0.001936849,-0.000562846,,,
1786043604886037049,1786043604.885382823,/novatel/oem7/inspva,/novatel/oem7/inspva,/novatel/oem7/inspva,39.663,-75.756,-1.799395883,0.003644488,0.002331709,-0.003303020,0.001540246,0.002331709,,novatel_oem7_msgs.msg.InertialSolutionStatus(status=3),
1786043604887471377,1786043604.885586512,/novatel/oem7/fix,/novatel/oem7/fix,/novatel/oem7/inspva,39.663,-75.756,-1.799395883,0.003644488,0.002331709,-0.003303020,0.001540246,0.002331709,,0,
1786043604888546628,1786043604.886169638,/novatel/oem7/odom,/novatel/oem7/fix,/novatel/oem7/odom,39.663,-75.756,-1.799395883,0.003646094,0.002329197,0.001362403,-0.003381991,0.002329197,,,
1786043604895639410,1786043604.894915870,/novatel/oem7/odom,/novatel/oem7/fix,/novatel/oem7/odom,39.663,-75.756,-1.799395883,0.003646094,0.002329197,0.001362403,-0.003381991,0.002329197,,,
1786043604906630367,1786043604.905990270,/novatel/oem7/inspva,/novatel/oem7/inspva,/novatel/oem7/inspva,39.663,-75.756,-1.799387796,0.003192307,0.002337055,-0.002925196,0.001278302,0.002337055,,novatel_oem7_msgs.msg.InertialSolutionStatus(status=3),
1786043604907985190,1786043604.906143832,/novatel/oem7/fix,/novatel/oem7/fix,/novatel/oem7/inspva,39.663,-75.756,-1.799387796,0.003192307,0.002337055,-0.002925196,0.001278302,0.002337055,,0,
1786043604909126234,1786043604.906640687,/novatel/oem7/odom,/novatel/oem7/fix,/novatel/oem7/odom,39.663,-75.756,-1.799387796,0.003194153,0.002334532,0.001119751,-0.002991450,0.002334532,,,
1786043604910789404,1786043604.909855458,/novatel/oem7/bestpos,/novatel/oem7/bestpos,/novatel/oem7/odom,39.663,-75.756,33.182985139,0.003194153,0.002334532,0.001119751,-0.002991450,0.002334532,,novatel_oem7_msgs.msg.SolutionStatus(status=0),novatel_oem7_msgs.msg.PositionOrVelocityType(type=53)
1786043604912749006,1786043604.910530801,/novatel/oem7/bestvel,/novatel/oem7/bestpos,/novatel/oem7/bestvel,39.663,-75.756,33.182985139,0.003130552,0.001690210,,,,140.879090711,novatel_oem7_msgs.msg.SolutionStatus(status=0),novatel_oem7_msgs.msg.PositionOrVelocityType(type=53)
1786043604915296424,1786043604.914590801,/novatel/oem7/odom,/novatel/oem7/bestpos,/novatel/oem7/odom,39.663,-75.756,33.182985139,0.003194153,0.002334532,0.001119751,-0.002991450,0.002334532,,,
1786043604925934234,1786043604.925325025,/novatel/oem7/inspva,/novatel/oem7/inspva,/novatel/oem7/inspva,39.663,-75.756,-1.799391670,0.001538974,-0.000460150,-0.001340558,-0.000755874,-0.000460150,,novatel_oem7_msgs.msg.InertialSolutionStatus(status=3),
1786043604927411182,1786043604.925489223,/novatel/oem7/fix,/novatel/oem7/fix,/novatel/oem7/inspva,39.663,-75.756,-1.799391670,0.001538974,-0.000460150,-0.001340558,-0.000755874,-0.000460150,,0,
1786043604928518633,1786043604.926241377,/novatel/oem7/odom,/novatel/oem7/fix,/novatel/oem7/odom,39.663,-75.756,-1.799391670,0.001537054,-0.000466524,-0.000820597,-0.001299675,-0.000466524,,,
1786043604936464714,1786043604.935757270,/novatel/oem7/odom,/novatel/oem7/fix,/novatel/oem7/odom,39.663,-75.756,-1.799391670,0.001537054,-0.000466524,-0.000820597,-0.001299675,-0.000466524,,,
1786043604945810341,1786043604.945061893,/novatel/oem7/inspva,/novatel/oem7/inspva,/novatel/oem7/inspva,39.663,-75.756,-1.799380812,0.001987859,-0.000661764,-0.001948206,-0.000395066,-0.000661764,,novatel_oem7_msgs.msg.InertialSolutionStatus(status=3),
1786043604947609215,1786043604.945215669,/novatel/oem7/fix,/novatel/oem7/fix,/novatel/oem7/inspva,39.663,-75.756,-1.799380812,0.001987859,-0.000661764,-0.001948206,-0.000395066,-0.000661764,,0,
1786043604948686319,1786043604.945965116,/novatel/oem7/odom,/novatel/oem7/fix,/novatel/oem7/odom,39.663,-75.756,-1.799380812,0.001985682,-0.000668267,-0.000490046,-0.001924263,-0.000668267,,,
1786043604956506579,1786043604.955808842,/novatel/oem7/odom,/novatel/oem7/fix,/novatel/oem7/odom,39.663,-75.756,-1.799380812,0.001985682,-0.000668267,-0.000490046,-0.001924263,-0.000668267,,,
1786043604967332820,1786043604.966654000,/novatel/oem7/inspva,/novatel/oem7/inspva,/novatel/oem7/inspva,39.663,-75.756,-1.799359622,0.004299936,0.001244343,-0.003450631,0.002565656,0.001244343,,novatel_oem7_msgs.msg.InertialSolutionStatus(status=3),
1786043604968791091,1786043604.966831952,/novatel/oem7/fix,/novatel/oem7/fix,/novatel/oem7/inspva,39.663,-75.756,-1.799359622,0.004299936,0.001244343,-0.003450631,0.002565656,0.001244343,,0,
1786043604969953122,1786043604.967511226,/novatel/oem7/odom,/novatel/oem7/fix,/novatel/oem7/odom,39.663,-75.756,-1.799359622,0.004299619,0.001245437,0.002383511,-0.003578492,0.001245437,,,
1786043604976024362,1786043604.975336735,/novatel/oem7/odom,/novatel/oem7/fix,/novatel/oem7/odom,39.663,-75.756,-1.799359622,0.004299619,0.001245437,0.002383511,-0.003578492,0.001245437,,,
1786043604985902538,1786043604.985265748,/novatel/oem7/inspva,/novatel/oem7/inspva,/novatel/oem7/inspva,39.663,-75.756,-1.799350694,0.003497325,0.001983281,-0.003360934,0.000967164,0.001983281,,novatel_oem7_msgs.msg.InertialSolutionStatus(status=3),
1786043604987314038,1786043604.985441723,/novatel/oem7/fix,/novatel/oem7/fix,/novatel/oem7/inspva,39.663,-75.756,-1.799350694,0.003497325,0.001983281,-0.003360934,0.000967164,0.001983281,,0,
1786043604988363882,1786043604.985887707,/novatel/oem7/odom,/novatel/oem7/fix,/novatel/oem7/odom,39.663,-75.756,-1.799350694,0.003500069,0.001978435,0.000788474,-0.003410102,0.001978435,,,
1786043604995556612,1786043604.994839938,/novatel/oem7/odom,/novatel/oem7/fix,/novatel/oem7/odom,39.663,-75.756,-1.799350694,0.003500069,0.001978435,0.000788474,-0.003410102,0.001978435,,,
1786043605010543817,1786043605.010198451,/novatel/oem7/inspva,/novatel/oem7/inspva,/novatel/oem7/inspva,39.663,-75.756,-1.799362785,0.001213418,-0.000535278,-0.001107869,-0.000494985,-0.000535278,,novatel_oem7_msgs.msg.InertialSolutionStatus(status=3),
1786043605011811883,1786043605.010413946,/novatel/oem7/fix,/novatel/oem7/fix,/novatel/oem7/inspva,39.663,-75.756,-1.799362785,0.001213418,-0.000535278,-0.001107869,-0.000494985,-0.000535278,,0,
1786043605012776929,1786043605.011662688,/novatel/oem7/odom,/novatel/oem7/fix,/novatel/oem7/odom,39.663,-75.756,-1.799362785,0.001211315,-0.000540018,-0.000548007,-0.001080266,-0.000540018,,,
1786043605016135404,1786043605.015775795,/novatel/oem7/odom,/novatel/oem7/fix,/novatel/oem7/odom,39.663,-75.756,-1.799362785,0.001211315,-0.000540018,-0.000548007,-0.001080266,-0.000540018,,,
1786043605026849970,1786043605.026502146,/novatel/oem7/bestpos,/novatel/oem7/bestpos,/novatel/oem7/odom,39.663,-75.756,33.183035943,0.001211315,-0.000540018,-0.000548007,-0.001080266,-0.000540018,,novatel_oem7_msgs.msg.SolutionStatus(status=0),novatel_oem7_msgs.msg.PositionOrVelocityType(type=53)
1786043605027559040,1786043605.026959080,/novatel/oem7/bestvel,/novatel/oem7/bestpos,/novatel/oem7/bestvel,39.663,-75.756,33.183035943,0.002249241,-0.000125271,,,,180.061227853,novatel_oem7_msgs.msg.SolutionStatus(status=0),novatel_oem7_msgs.msg.PositionOrVelocityType(type=53)
1786043605028207862,1786043605.027474445,/novatel/oem7/inspva,/novatel/oem7/inspva,/novatel/oem7/inspva,39.663,-75.756,-1.799356210,0.001685191,-0.000288754,-0.001678526,-0.000149728,-0.000288754,,novatel_oem7_msgs.msg.InertialSolutionStatus(status=3),
1786043605028615443,1786043605.027658217,/novatel/oem7/fix,/novatel/oem7/fix,/novatel/oem7/inspva,39.663,-75.756,-1.799356210,0.001685191,-0.000288754,-0.001678526,-0.000149728,-0.000288754,,0,
1786043605029302246,1786043605.028089321,/novatel/oem7/odom,/novatel/oem7/fix,/novatel/oem7/odom,39.663,-75.756,-1.799356210,0.001684356,-0.000293587,-0.000232949,-0.001668169,-0.000293587,,,
1786043605035280539,1786043605.034917875,/novatel/oem7/odom,/novatel/oem7/fix,/novatel/oem7/odom,39.663,-75.756,-1.799356210,0.001684356,-0.000293587,-0.000232949,-0.001668169,-0.000293587,,,
1786043605046554538,1786043605.046166124,/novatel/oem7/inspva,/novatel/oem7/inspva,/novatel/oem7/inspva,39.663,-75.756,-1.799365025,0.003925368,0.000977771,-0.003279198,0.002157632,0.000977771,,novatel_oem7_msgs.msg.InertialSolutionStatus(status=3),
1786043605047297208,1786043605.046365773,/novatel/oem7/fix,/novatel/oem7/fix,/novatel/oem7/inspva,39.663,-75.756,-1.799365025,0.003925368,0.000977771,-0.003279198,0.002157632,0.000977771,,0,
1786043605048037358,1786043605.047012879,/novatel/oem7/odom,/novatel/oem7/fix,/novatel/oem7/odom,39.663,-75.756,-1.799365025,0.003925371,0.000977762,0.001985698,-0.003386080,0.000977762,,,
1786043605057009651,1786043605.056523782,/novatel/oem7/odom,/novatel/oem7/fix,/novatel/oem7/odom,39.663,-75.756,-1.799365025,0.003925371,0.000977762,0.001985698,-0.003386080,0.000977762,,,
1786043605065613283,1786043605.065182936,/novatel/oem7/inspva,/novatel/oem7/inspva,/novatel/oem7/inspva,39.663,-75.756,-1.799389303,0.003354730,0.001213447,-0.003074080,0.001343222,0.001213447,,novatel_oem7_msgs.msg.InertialSolutionStatus(status=3),
1786043605066499567,1786043605.065473852,/novatel/oem7/fix,/novatel/oem7/fix,/novatel/oem7/inspva,39.663,-75.756,-1.799389303,0.003354730,0.001213447,-0.003074080,0.001343222,0.001213447,,0,
1786043605067525889,1786043605.066278193,/novatel/oem7/odom,/novatel/oem7/fix,/novatel/oem7/odom,39.663,-75.756,-1.799389303,0.003355681,0.001210814,0.001181737,-0.003140715,0.001210814,,,
1786043605075877013,1786043605.074786426,/novatel/oem7/odom,/novatel/oem7/fix,/novatel/oem7/odom,39.663,-75.756,-1.799389303,0.003355681,0.001210814,0.001181737,-0.003140715,0.001210814,,,
1786043605087525589,1786043605.086773359,/novatel/oem7/inspva,/novatel/oem7/inspva,/novatel/oem7/inspva,39.663,-75.756,-1.799414716,0.000561170,0.001016047,-0.000559161,0.000047452,0.001016047,,novatel_oem7_msgs.msg.InertialSolutionStatus(status=3),
1786043605088947680,1786043605.087054072,/novatel/oem7/fix,/novatel/oem7/fix,/novatel/oem7/inspva,39.663,-75.756,-1.799414716,0.000561170,0.001016047,-0.000559161,0.000047452,0.001016047,,0,
1786043605090095074,1786043605.087733991,/novatel/oem7/odom,/novatel/oem7/fix,/novatel/oem7/odom,39.663,-75.756,-1.799414716,0.000563433,0.001014794,0.000015104,-0.000563231,0.001014794,,,
1786043605095867084,1786043605.095150504,/novatel/oem7/odom,/novatel/oem7/fix,/novatel/oem7/odom,39.663,-75.756,-1.799414716,0.000563433,0.001014794,0.000015104,-0.000563231,0.001014794,,,
1786043605107189231,1786043605.106136214,/novatel/oem7/inspva,/novatel/oem7/inspva,/novatel/oem7/inspva,39.663,-75.756,-1.799446822,0.001150307,0.000461229,-0.001149444,0.000044572,0.000461229,,novatel_oem7_msgs.msg.InertialSolutionStatus(status=3),
1786043605108974952,1786043605.106569952,/novatel/oem7/fix,/novatel/oem7/fix,/novatel/oem7/inspva,39.663,-75.756,-1.799446822,0.001150307,0.000461229,-0.001149444,0.000044572,0.000461229,,0,
1786043605110569514,1786043605.107955272,/novatel/oem7/odom,/novatel/oem7/fix,/novatel/oem7/odom,39.663,-75.756,-1.799446822,0.001151411,0.000458466,-0.000015261,-0.001151310,0.000458466,,,
1786043605112730608,1786043605.110131073,/novatel/oem7/bestpos,/novatel/oem7/bestpos,/novatel/oem7/odom,39.663,-75.756,33.182881556,0.001151411,0.000458466,-0.000015261,-0.001151310,0.000458466,,novatel_oem7_msgs.msg.SolutionStatus(status=0),novatel_oem7_msgs.msg.PositionOrVelocityType(type=53)
1786043605114015941,1786043605.110757192,/novatel/oem7/bestvel,/novatel/oem7/bestpos,/novatel/oem7/bestvel,39.663,-75.756,33.182881556,0.001780102,0.000393587,,,,156.213784076,novatel_oem7_msgs.msg.SolutionStatus(status=0),novatel_oem7_msgs.msg.PositionOrVelocityType(type=53)
1786043605116662627,1786043605.115805221,/novatel/oem7/odom,/novatel/oem7/bestpos,/novatel/oem7/odom,39.663,-75.756,33.182881556,0.001151411,0.000458466,-0.000015261,-0.001151310,0.000458466,,,
1786043605126187806,1786043605.125383631,/novatel/oem7/inspva,/novatel/oem7/inspva,/novatel/oem7/inspva,39.663,-75.756,-1.799461210,0.003537978,0.000308798,-0.003194428,0.001520828,0.000308798,,novatel_oem7_msgs.msg.InertialSolutionStatus(status=3),
1786043605128132874,1786043605.125681241,/novatel/oem7/fix,/novatel/oem7/fix,/novatel/oem7/inspva,39.663,-75.756,-1.799461210,0.003537978,0.000308798,-0.003194428,0.001520828,0.000308798,,0,
1786043605129470131,1786043605.126204353,/novatel/oem7/odom,/novatel/oem7/fix,/novatel/oem7/odom,39.663,-75.756,-1.799461210,0.003538174,0.000306539,0.001356698,-0.003267728,0.000306539,,,
1786043605136187823,1786043605.135213983,/novatel/oem7/odom,/novatel/oem7/fix,/novatel/oem7/odom,39.663,-75.756,-1.799461210,0.003538174,0.000306539,0.001356698,-0.003267728,0.000306539,,,
1786043605147186267,1786043605.146114906,/novatel/oem7/inspva,/novatel/oem7/inspva,/novatel/oem7/inspva,39.663,-75.756,-1.799482406,0.003202894,0.000793223,-0.003014897,0.001081169,0.000793223,,novatel_oem7_msgs.msg.InertialSolutionStatus(status=3),
1786043605149296327,1786043605.146543160,/novatel/oem7/fix,/novatel/oem7/fix,/novatel/oem7/inspva,39.663,-75.756,-1.799482406,0.003202894,0.000793223,-0.003014897,0.001081169,0.000793223,,0,
1786043605150952140,1786043605.147307281,/novatel/oem7/odom,/novatel/oem7/fix,/novatel/oem7/odom,39.663,-75.756,-1.799482406,0.003203759,0.000789721,0.000924689,-0.003067413,0.000789721,,,
1786043605156854008,1786043605.155886624,/novatel/oem7/odom,/novatel/oem7/fix,/novatel/oem7/odom,39.663,-75.756,-1.799482406,0.003203759,0.000789721,0.000924689,-0.003067413,0.000789721,,,
1786043605165981926,1786043605.165364907,/novatel/oem7/inspva,/novatel/oem7/inspva,/novatel/oem7/inspva,39.663,-75.756,-1.799498549,0.002519823,0.001737501,-0.001847507,0.001713543,0.001737501,,novatel_oem7_msgs.msg.InertialSolutionStatus(status=3),
1786043605167477961,1786043605.165565345,/novatel/oem7/fix,/novatel/oem7/fix,/novatel/oem7/inspva,39.663,-75.756,-1.799498549,0.002519823,0.001737501,-0.001847507,0.001713543,0.001737501,,0,
1786043605168576818,1786043605.166309090,/novatel/oem7/odom,/novatel/oem7/fix,/novatel/oem7/odom,39.663,-75.756,-1.799498549,0.002518517,0.001739395,0.001611253,-0.001935663,0.001739395,,,
1786043605176289213,1786043605.175565836,/novatel/oem7/odom,/novatel/oem7/fix,/novatel/oem7/odom,39.663,-75.756,-1.799498549,0.002518517,0.001739395,0.001611253,-0.001935663,0.001739395,,,
1786043605185687344,1786043605.185053445,/novatel/oem7/inspva,/novatel/oem7/inspva,/novatel/oem7/inspva,39.663,-75.756,-1.799528628,0.001795678,0.001137773,-0.001596096,0.000822763,0.001137773,,novatel_oem7_msgs.msg.InertialSolutionStatus(status=3),
1786043605187069801,1786043605.185262067,/novatel/oem7/fix,/novatel/oem7/fix,/novatel/oem7/inspva,39.663,-75.756,-1.799528628,0.001795678,0.001137773,-0.001596096,0.000822763,0.001137773,,0,
1786043605188236209,1786043605.185693664,/novatel/oem7/odom,/novatel/oem7/fix,/novatel/oem7/odom,39.663,-75.756,-1.799528628,0.001796251,0.001136869,0.000736654,-0.001638249,0.001136869,,,
1786043605195296153,1786043605.194675466,/novatel/oem7/odom,/novatel/oem7/fix,/novatel/oem7/odom,39.663,-75.756,-1.799528628,0.001796251,0.001136869,0.000736654,-0.001638249,0.001136869,,,
1786043605207210308,1786043605.206618638,/novatel/oem7/inspva,/novatel/oem7/inspva,/novatel/oem7/inspva,39.663,-75.756,-1.799560658,0.002456148,-0.001051251,-0.002454585,-0.000087625,-0.001051251,,novatel_oem7_msgs.msg.InertialSolutionStatus(status=3),
1786043605208077690,1786043605.206886401,/novatel/oem7/fix,/novatel/oem7/fix,/novatel/oem7/inspva,39.663,-75.756,-1.799560658,0.002456148,-0.001051251,-0.002454585,-0.000087625,-0.001051251,,0,
1786043605208664457,1786043605.207484590,/novatel/oem7/odom,/novatel/oem7/fix,/novatel/oem7/odom,39.663,-75.756,-1.799560658,0.002453306,-0.001057867,-0.000206898,-0.002444566,-0.001057867,,,
1786043605210666182,1786043605.210200390,/novatel/oem7/bestpos,/novatel/oem7/bestpos,/novatel/oem7/odom,39.663,-75.756,33.182776031,0.002453306,-0.001057867,-0.000206898,-0.002444566,-0.001057867,,novatel_oem7_msgs.msg.SolutionStatus(status=0),novatel_oem7_msgs.msg.PositionOrVelocityType(type=53)
1786043605211402788,1786043605.210671081,/novatel/oem7/bestvel,/novatel/oem7/bestpos,/novatel/oem7/bestvel,39.663,-75.756,33.182776031,0.003995159,0.000245102,,,,194.725369680,novatel_oem7_msgs.msg.SolutionStatus(status=0),novatel_oem7_msgs.msg.PositionOrVelocityType(type=53)
1786043605215428009,1786043605.215039844,/novatel/oem7/odom,/novatel/oem7/bestpos,/novatel/oem7/odom,39.663,-75.756,33.182776031,0.002453306,-0.001057867,-0.000206898,-0.002444566,-0.001057867,,,
1786043605225453615,1786043605.225117062,/novatel/oem7/inspva,/novatel/oem7/inspva,/novatel/oem7/inspva,39.663,-75.756,-1.799586192,0.002866148,-0.000474260,-0.002647771,0.001097321,-0.000474260,,novatel_oem7_msgs.msg.InertialSolutionStatus(status=3),
1786043605226102404,1786043605.225310777,/novatel/oem7/fix,/novatel/oem7/fix,/novatel/oem7/inspva,39.663,-75.756,-1.799586192,0.002866148,-0.000474260,-0.002647771,0.001097321,-0.000474260,,0,
1786043605226636268,1786043605.225714291,/novatel/oem7/odom,/novatel/oem7/fix,/novatel/oem7/odom,39.663,-75.756,-1.799586192,0.002865732,-0.000476762,0.000964470,-0.002698559,-0.000476762,,,
1786043605237379762,1786043605.236395565,/novatel/oem7/odom,/novatel/oem7/fix,/novatel/oem7/odom,39.663,-75.756,-1.799586192,0.002865732,-0.000476762,0.000964470,-0.002698559,-0.000476762,,,
1786043605245824806,1786043605.245345762,/novatel/oem7/inspva,/novatel/oem7/inspva,/novatel/oem7/inspva,39.663,-75.756,-1.799594739,0.003197114,0.002080787,-0.002731924,0.001660762,0.002080787,,novatel_oem7_msgs.msg.InertialSolutionStatus(status=3),
1786043605246709016,1786043605.245647438,/novatel/oem7/fix,/novatel/oem7/fix,/novatel/oem7/inspva,39.663,-75.756,-1.799594739,0.003197114,0.002080787,-0.002731924,0.001660762,0.002080787,,0,
1786043605247675764,1786043605.246396535,/novatel/oem7/odom,/novatel/oem7/fix,/novatel/oem7/odom,39.663,-75.756,-1.799594739,0.003197438,0.002080290,0.001512517,-0.002817073,0.002080290,,,
1786043605257165201,1786043605.256701225,/novatel/oem7/odom,/novatel/oem7/fix,/novatel/oem7/odom,39.663,-75.756,-1.799594739,0.003197438,0.002080290,0.001512517,-0.002817073,0.002080290,,,
1786043605266206101,1786043605.265703550,/novatel/oem7/inspva,/novatel/oem7/inspva,/novatel/oem7/inspva,39.663,-75.756,-1.799631725,0.001982625,0.001279296,-0.001602332,0.001167618,0.001279296,,novatel_oem7_msgs.msg.InertialSolutionStatus(status=3),
1786043605267084343,1786043605.265948892,/novatel/oem7/fix,/novatel/oem7/fix,/novatel/oem7/inspva,39.663,-75.756,-1.799631725,0.001982625,0.001279296,-0.001602332,0.001167618,0.001279296,,0,
1786043605267759709,1786043605.266402313,/novatel/oem7/odom,/novatel/oem7/fix,/novatel/oem7/odom,39.663,-75.756,-1.799631725,0.001982327,0.001279757,0.001080192,-0.001662170,0.001279757,,,
1786043605275566813,1786043605.274806955,/novatel/oem7/odom,/novatel/oem7/fix,/novatel/oem7/odom,39.663,-75.756,-1.799631725,0.001982327,0.001279757,0.001080192,-0.001662170,0.001279757,,,
1786043605285910244,1786043605.285337804,/novatel/oem7/inspva,/novatel/oem7/inspva,/novatel/oem7/inspva,39.663,-75.756,-1.799677960,0.001868453,-0.001517236,-0.001845970,-0.000288983,-0.001517236,,novatel_oem7_msgs.msg.InertialSolutionStatus(status=3),
1786043605286785384,1786043605.285697657,/novatel/oem7/fix,/novatel/oem7/fix,/novatel/oem7/inspva,39.663,-75.756,-1.799677960,0.001868453,-0.001517236,-0.001845970,-0.000288983,-0.001517236,,0,
1786043605287808505,1786043605.286594333,/novatel/oem7/odom,/novatel/oem7/fix,/novatel/oem7/odom,39.663,-75.756,-1.799677960,0.001863690,-0.001523083,-0.000375440,-0.001825482,-0.001523083,,,
1786043605296494312,1786043605.296028342,/novatel/oem7/odom,/novatel/oem7/fix,/novatel/oem7/odom,39.663,-75.756,-1.799677960,0.001863690,-0.001523083,-0.000375440,-0.001825482,-0.001523083,,,
1786043605306708137,1786043605.305970918,/novatel/oem7/inspva,/novatel/oem7/inspva,/novatel/oem7/inspva,39.663,-75.756,-1.799702816,0.002165242,-0.001408038,-0.002101822,0.000520206,-0.001408038,,novatel_oem7_msgs.msg.InertialSolutionStatus(status=3),
1786043605307904428,1786043605.306410236,/novatel/oem7/fix,/novatel/oem7/fix,/novatel/oem7/inspva,39.663,-75.756,-1.799702816,0.002165242,-0.001408038,-0.002101822,0.000520206,-0.001408038,,0,
1786043605308711031,1786043605.306988914,/novatel/oem7/odom,/novatel/oem7/fix,/novatel/oem7/odom,39.663,-75.756,-1.799702816,0.002163041,-0.001411417,0.000419360,-0.002121999,-0.001411417,,,
1786043605310256439,1786043605.309814909,/novatel/oem7/bestpos,/novatel/oem7/bestpos,/novatel/oem7/odom,39.663,-75.756,33.182627039,0.002163041,-0.001411417,0.000419360,-0.002121999,-0.001411417,,novatel_oem7_msgs.msg.SolutionStatus(status=0),novatel_oem7_msgs.msg.PositionOrVelocityType(type=53)
1786043605311169684,1786043605.310445248,/novatel/oem7/bestvel,/novatel/oem7/bestpos,/novatel/oem7/bestvel,39.663,-75.756,33.182627039,0.001937547,-0.000960355,,,,200.287766614,novatel_oem7_msgs.msg.SolutionStatus(status=0),novatel_oem7_msgs.msg.PositionOrVelocityType(type=53)
1786043605315736315,1786043605.314668599,/novatel/oem7/odom,/novatel/oem7/bestpos,/novatel/oem7/odom,39.663,-75.756,33.182627039,0.002163041,-0.001411417,0.000419360,-0.002121999,-0.001411417,,,
1786043605327497384,1786043605.326685096,/novatel/oem7/inspva,/novatel/oem7/inspva,/novatel/oem7/inspva,39.663,-75.756,-1.799700146,0.003730444,0.002203251,-0.003340629,0.001660246,0.002203251,,novatel_oem7_msgs.msg.InertialSolutionStatus(status=3),
1786043605329085734,1786043605.326975029,/novatel/oem7/fix,/novatel/oem7/fix,/novatel/oem7/inspva,39.663,-75.756,-1.799700146,0.003730444,0.002203251,-0.003340629,0.001660246,0.002203251,,0,
1786043605330392109,1786043605.327688160,/novatel/oem7/odom,/novatel/oem7/fix,/novatel/oem7/odom,39.663,-75.756,-1.799700146,0.003731721,0.002201089,0.001480834,-0.003425327,0.002201089,,,
1786043605336034584,1786043605.335111992,/novatel/oem7/odom,/novatel/oem7/fix,/novatel/oem7/odom,39.663,-75.756,-1.799700146,0.003731721,0.002201089,0.001480834,-0.003425327,0.002201089,,,
1786043605345638569,1786043605.344994994,/novatel/oem7/inspva,/novatel/oem7/inspva,/novatel/oem7/inspva,39.663,-75.756,-1.799727587,0.002161764,0.001973665,-0.001789975,0.001212112,0.001973665,,novatel_oem7_msgs.msg.InertialSolutionStatus(status=3),
1786043605346937848,1786043605.345236796,/novatel/oem7/fix,/novatel/oem7/fix,/novatel/oem7/inspva,39.663,-75.756,-1.799727587,0.002161764,0.001973665,-0.001789975,0.001212112,0.001973665,,0,
1786043605348049744,1786043605.345889120,/novatel/oem7/odom,/novatel/oem7/fix,/novatel/oem7/odom,39.663,-75.756,-1.799727587,0.002161645,0.001973796,0.001112354,-0.001853477,0.001973796,,,
1786043605356612004,1786043605.355905457,/novatel/oem7/odom,/novatel/oem7/fix,/novatel/oem7/odom,39.663,-75.756,-1.799727587,0.002161645,0.001973796,0.001112354,-0.001853477,0.001973796,,,
1786043605366344249,1786043605.365386982,/novatel/oem7/inspva,/novatel/oem7/inspva,/novatel/oem7/inspva,39.663,-75.756,-1.799763413,0.000716211,-0.000631991,-0.000684084,-0.000212102,-0.000631991,,novatel_oem7_msgs.msg.InertialSolutionStatus(status=3),
1786043605367763666,1786043605.365728519,/novatel/oem7/fix,/novatel/oem7/fix,/novatel/oem7/inspva,39.663,-75.756,-1.799763413,0.000716211,-0.000631991,-0.000684084,-0.000212102,-0.000631991,,0,
1786043605368480775,1786043605.366294751,/novatel/oem7/odom,/novatel/oem7/fix,/novatel/oem7/odom,39.663,-75.756,-1.799763413,0.000713906,-0.000634593,-0.000243705,-0.000671021,-0.000634593,,,
1786043605376008018,1786043605.375435494,/novatel/oem7/odom,/novatel/oem7/fix,/novatel/oem7/odom,39.663,-75.756,-1.799763413,0.000713906,-0.000634593,-0.000243705,-0.000671021,-0.000634593,,,
1786043605386756994,1786043605.386278247,/novatel/oem7/inspva,/novatel/oem7/inspva,/novatel/oem7/inspva,39.663,-75.756,-1.799789364,0.001281366,-0.001221157,-0.001108913,0.000642038,-0.001221157,,novatel_oem7_msgs.msg.InertialSolutionStatus(status=3),
1786043605387680477,1786043605.386534853,/novatel/oem7/fix,/novatel/oem7/fix,/novatel/oem7/inspva,39.663,-75.756,-1.799789364,0.001281366,-0.001221157,-0.001108913,0.000642038,-0.001221157,,0,
1786043605388433057,1786043605.387170951,/novatel/oem7/odom,/novatel/oem7/fix,/novatel/oem7/odom,39.663,-75.756,-1.799789364,0.001281055,-0.001221484,0.000590376,-0.001136907,-0.001221484,,,
1786043605395268702,1786043605.394719528,/novatel/oem7/odom,/novatel/oem7/fix,/novatel/oem7/odom,39.663,-75.756,-1.799789364,0.001281055,-0.001221484,0.000590376,-0.001136907,-0.001221484,,,
1786043605406974460,1786043605.406496664,/novatel/oem7/inspva,/novatel/oem7/inspva,/novatel/oem7/inspva,39.663,-75.756,-1.799796851,0.003997495,0.000504945,-0.003705220,0.001500435,0.000504945,,novatel_oem7_msgs.msg.InertialSolutionStatus(status=3),
1786043605407841668,1786043605.406727109,/novatel/oem7/fix,/novatel/oem7/fix,/novatel/oem7/inspva,39.663,-75.756,-1.799796851,0.003997495,0.000504945,-0.003705220,0.001500435,0.000504945,,0,
1786043605408378859,1786043605.407266760,/novatel/oem7/odom,/novatel/oem7/fix,/novatel/oem7/odom,39.663,-75.756,-1.799796851,0.003997966,0.000501203,0.001309920,-0.003777279,0.000501203,,,
1786043605410886885,1786043605.410470791,/novatel/oem7/bestpos,/novatel/oem7/bestpos,/novatel/oem7/odom,39.663,-75.756,33.182518597,0.003997966,0.000501203,0.001309920,-0.003777279,0.000501203,,novatel_oem7_msgs.msg.SolutionStatus(status=0),novatel_oem7_msgs.msg.PositionOrVelocityType(type=53)
1786043605411604695,1786043605.410917359,/novatel/oem7/bestvel,/novatel/oem7/bestpos,/novatel/oem7/bestvel,39.663,-75.756,33.182518597,0.003672826,0.000984918,,,,172.285458081,novatel_oem7_msgs.msg.SolutionStatus(status=0),novatel_oem7_msgs.msg.PositionOrVelocityType(type=53)
1786043605415974592,1786043605.415614828,/novatel/oem7/odom,/novatel/oem7/bestpos,/novatel/oem7/odom,39.663,-75.756,33.182518597,0.003997966,0.000501203,0.001309920,-0.003777279,0.000501203,,,
1786043605425477878,1786043605.425080842,/novatel/oem7/inspva,/novatel/oem7/inspva,/novatel/oem7/inspva,39.663,-75.756,-1.799815589,0.003280757,0.001384917,-0.002645023,0.001940933,0.001384917,,novatel_oem7_msgs.msg.InertialSolutionStatus(status=3),
1786043605426380627,1786043605.425247321,/novatel/oem7/fix,/novatel/oem7/fix,/novatel/oem7/inspva,39.663,-75.756,-1.799815589,0.003280757,0.001384917,-0.002645023,0.001940933,0.001384917,,0,
1786043605427169965,1786043605.425823587,/novatel/oem7/odom,/novatel/oem7/fix,/novatel/oem7/odom,39.663,-75.756,-1.799815589,0.003280442,0.001385662,0.001799630,-0.002742741,0.001385662,,,
1786043605435367588,1786043605.434813912,/novatel/oem7/odom,/novatel/oem7/fix,/novatel/oem7/odom,39.663,-75.756,-1.799815589,0.003280442,0.001385662,0.001799630,-0.002742741,0.001385662,,,
1786043605447006259,1786043605.446631217,/novatel/oem7/inspva,/novatel/oem7/inspva,/novatel/oem7/inspva,39.663,-75.756,-1.799841383,0.000723303,0.000286254,-0.000713746,0.000117192,0.000286254,,novatel_oem7_msgs.msg.InertialSolutionStatus(status=3),
1786043605447951594,1786043605.446891419,/novatel/oem7/fix,/novatel/oem7/fix,/novatel/oem7/inspva,39.663,-75.756,-1.799841383,0.000723303,0.000286254,-0.000713746,0.000117192,0.000286254,,0,
1786043605448940270,1786043605.447733690,/novatel/oem7/odom,/novatel/oem7/fix,/novatel/oem7/odom,39.663,-75.756,-1.799841383,0.000723851,0.000284866,0.000079922,-0.000719425,0.000284866,,,
1786043605457345683,1786043605.456587287,/novatel/oem7/odom,/novatel/oem7/fix,/novatel/oem7/odom,39.663,-75.756,-1.799841383,0.000723851,0.000284866,0.000079922,-0.000719425,0.000284866,,,
1786043605465711055,1786043605.465116336,/novatel/oem7/inspva,/novatel/oem7/inspva,/novatel/oem7/inspva,39.663,-75.756,-1.799869425,0.000795197,-0.000351243,-0.000522173,0.000599728,-0.000351243,,novatel_oem7_msgs.msg.InertialSolutionStatus(status=3),
1786043605466637370,1786043605.465382289,/novatel/oem7/fix,/novatel/oem7/fix,/novatel/oem7/inspva,39.663,-75.756,-1.799869425,0.000795197,-0.000351243,-0.000522173,0.000599728,-0.000351243,,0,
1786043605467317313,1786043605.465985711,/novatel/oem7/odom,/novatel/oem7/fix,/novatel/oem7/odom,39.663,-75.756,-1.799869425,0.000795645,-0.000350228,0.000574112,-0.000550860,-0.000350228,,,
1786043605476337749,1786043605.475737906,/novatel/oem7/odom,/novatel/oem7/fix,/novatel/oem7/odom,39.663,-75.756,-1.799869425,0.000795645,-0.000350228,0.000574112,-0.000550860,-0.000350228,,,
1786043605485821978,1786043605.485302576,/novatel/oem7/inspva,/novatel/oem7/inspva,/novatel/oem7/inspva,39.663,-75.756,-1.799897177,0.003181917,-0.001140973,-0.002569898,0.001876225,-0.001140973,,novatel_oem7_msgs.msg.InertialSolutionStatus(status=3),
1786043605486679775,1786043605.485490688,/novatel/oem7/fix,/novatel/oem7/fix,/novatel/oem7/inspva,39.663,-75.756,-1.799897177,0.003181917,-0.001140973,-0.002569898,0.001876225,-0.001140973,,0,
1786043605487433498,1786043605.486098870,/novatel/oem7/odom,/novatel/oem7/fix,/novatel/oem7/odom,39.663,-75.756,-1.799897177,0.003182174,-0.001140258,0.001749084,-0.002658371,-0.001140258,,,
1786043605495811141,1786043605.494934836,/novatel/oem7/odom,/novatel/oem7/fix,/novatel/oem7/odom,39.663,-75.756,-1.799897177,0.003182174,-0.001140258,0.001749084,-0.002658371,-0.001140258,,,
1786043605507635413,1786043605.506268227,/novatel/oem7/inspva,/novatel/oem7/inspva,/novatel/oem7/inspva,39.663,-75.756,-1.799910844,0.002878347,-0.000050844,-0.002625633,0.001179377,-0.000050844,,novatel_oem7_msgs.msg.InertialSolutionStatus(status=3),
1786043605509734914,1786043605.506538377,/novatel/oem7/fix,/novatel/oem7/fix,/novatel/oem7/inspva,39.663,-75.756,-1.799910844,0.002878347,-0.000050844,-0.002625633,0.001179377,-0.000050844,,0,
1786043605511189245,1786043605.506990320,/novatel/oem7/odom,/novatel/oem7/fix,/novatel/oem7/odom,39.663,-75.756,-1.799910844,0.002878307,-0.000053014,0.001045869,-0.002681569,-0.000053014,,,
1786043605513391962,1786043605.511849450,/novatel/oem7/bestpos,/novatel/oem7/bestpos,/novatel/oem7/odom,39.663,-75.756,33.182406484,0.002878307,-0.000053014,0.001045869,-0.002681569,-0.000053014,,novatel_oem7_msgs.msg.SolutionStatus(status=0),novatel_oem7_msgs.msg.PositionOrVelocityType(type=53)
1786043605515527903,1786043605.512793060,/novatel/oem7/bestvel,/novatel/oem7/bestpos,/novatel/oem7/bestvel,39.663,-75.756,33.182406484,0.002982120,0.000813828,,,,181.938913830,novatel_oem7_msgs.msg.SolutionStatus(status=0),novatel_oem7_msgs.msg.PositionOrVelocityType(type=53)
1786043605517547363,1786043605.514895201,/novatel/oem7/odom,/novatel/oem7/bestpos,/novatel/oem7/odom,39.663,-75.756,33.182406484,0.002878307,-0.000053014,0.001045869,-0.002681569,-0.000053014,,,
1786043605525860870,1786043605.525132250,/novatel/oem7/inspva,/novatel/oem7/inspva,/novatel/oem7/inspva,39.663,-75.756,-1.799914129,0.001630885,0.001603015,-0.001457073,0.000732616,0.001603015,,novatel_oem7_msgs.msg.InertialSolutionStatus(status=3),
1786043605527265024,1786043605.525222945,/novatel/oem7/fix,/novatel/oem7/fix,/novatel/oem7/inspva,39.663,-75.756,-1.799914129,0.001630885,0.001603015,-0.001457073,0.000732616,0.001603015,,0,
1786043605528333751,1786043605.525711636,/novatel/oem7/odom,/novatel/oem7/fix,/novatel/oem7/odom,39.663,-75.756,-1.799914129,0.001631778,0.001602107,0.000651743,-0.001495972,0.001602107,,,
1786043605536912498,1786043605.535745687,/novatel/oem7/odom,/novatel/oem7/fix,/novatel/oem7/odom,39.663,-75.756,-1.799914129,0.001631778,0.001602107,0.000651743,-0.001495972,0.001602107,,,
1786043605546391490,1786043605.545140058,/novatel/oem7/inspva,/novatel/oem7/inspva,/novatel/oem7/inspva,39.663,-75.756,-1.799941250,0.001183613,0.000964087,-0.000970282,0.000677859,0.000964087,,novatel_oem7_msgs.msg.InertialSolutionStatus(status=3),
1786043605548628722,1786043605.545646703,/novatel/oem7/fix,/novatel/oem7/fix,/novatel/oem7/inspva,39.663,-75.756,-1.799941250,0.001183613,0.000964087,-0.000970282,0.000677859,0.000964087,,0,
1786043605550218637,1786043605.546471718,/novatel/oem7/odom,/novatel/oem7/fix,/novatel/oem7/odom,39.663,-75.756,-1.799941250,0.001183483,0.000964247,0.000624176,-0.001005503,0.000964247,,,
1786043605556793615,1786043605.555748807,/novatel/oem7/odom,/novatel/oem7/fix,/novatel/oem7/odom,39.663,-75.756,-1.799941250,0.001183483,0.000964247,0.000624176,-0.001005503,0.000964247,,,
1786043605567799815,1786043605.566696475,/novatel/oem7/inspva,/novatel/oem7/inspva,/novatel/oem7/inspva,39.663,-75.756,-1.799976746,0.000583611,-0.001522669,-0.000576616,-0.000090088,-0.001522669,,novatel_oem7_msgs.msg.InertialSolutionStatus(status=3),
1786043605570113641,1786043605.566976774,/novatel/oem7/fix,/novatel/oem7/fix,/novatel/oem7/inspva,39.663,-75.756,-1.799976746,0.000583611,-0.001522669,-0.000576616,-0.000090088,-0.001522669,,0,
1786043605571534325,1786043605.567648080,/novatel/oem7/odom,/novatel/oem7/fix,/novatel/oem7/odom,39.663,-75.756,-1.799976746,0.000578766,-0.001524517,-0.000112785,-0.000567671,-0.001524517,,,
1786043605576451600,1786043605.575289048,/novatel/oem7/odom,/novatel/oem7/fix,/novatel/oem7/odom,39.663,-75.756,-1.799976746,0.000578766,-0.001524517,-0.000112785,-0.000567671,-0.001524517,,,
1786043605586140844,1786043605.585099310,/novatel/oem7/inspva,/novatel/oem7/inspva,/novatel/oem7/inspva,39.663,-75.756,-1.799996158,0.001263382,-0.001211976,-0.001202592,0.000387178,-0.001211976,,novatel_oem7_msgs.msg.InertialSolutionStatus(status=3),
1786043605588147463,1786043605.585479004,/novatel/oem7/fix,/novatel/oem7/fix,/novatel/oem7/inspva,39.663,-75.756,-1.799996158,0.001263382,-0.001211976,-0.001202592,0.000387178,-0.001211976,,0,
1786043605589622561,1786043605.586126330,/novatel/oem7/odom,/novatel/oem7/fix,/novatel/oem7/odom,39.663,-75.756,-1.799996158,0.001261855,-0.001213566,0.000331089,-0.001217644,-0.001213566,,,
1786043605596323883,1786043605.595558864,/novatel/oem7/odom,/novatel/oem7/fix,/novatel/oem7/odom,39.663,-75.756,-1.799996158,0.001261855,-0.001213566,0.000331089,-0.001217644,-0.001213566,,,
1786043605608300879,1786043605.607236732,/novatel/oem7/inspva,/novatel/oem7/inspva,/novatel/oem7/inspva,39.663,-75.756,-1.799994671,0.002427383,0.001326514,-0.002197651,0.001030785,0.001326514,,novatel_oem7_msgs.msg.InertialSolutionStatus(status=3),
1786043605610031102,1786043605.607506642,/novatel/oem7/fix,/novatel/oem7/fix,/novatel/oem7/inspva,39.663,-75.756,-1.799994671,0.002427383,0.001326514,-0.002197651,0.001030785,0.001326514,,0,
1786043605611331075,1786043605.608086514,/novatel/oem7/odom,/novatel/oem7/fix,/novatel/oem7/odom,39.663,-75.756,-1.799994671,0.002428275,0.001324879,0.000913402,-0.002249937,0.001324879,,,
1786043605612871097,1786043605.610034624,/novatel/oem7/bestpos,/novatel/oem7/bestpos,/novatel/oem7/odom,39.663,-75.756,33.182319338,0.002428275,0.001324879,0.000913402,-0.002249937,0.001324879,,novatel_oem7_msgs.msg.SolutionStatus(status=0),novatel_oem7_msgs.msg.PositionOrVelocityType(type=53)
1786043605613846296,1786043605.610489439,/novatel/oem7/bestvel,/novatel/oem7/bestpos,/novatel/oem7/bestvel,39.663,-75.756,33.182319338,0.002959293,0.001378535,,,,151.868495490,novatel_oem7_msgs.msg.SolutionStatus(status=0),novatel_oem7_msgs.msg.PositionOrVelocityType(type=53)
1786043605615917027,1786043605.614985604,/novatel/oem7/odom,/novatel/oem7/bestpos,/novatel/oem7/odom,39.663,-75.756,33.182319338,0.002428275,0.001324879,0.000913402,-0.002249937,0.001324879,,,
1786043605626841086,1786043605.626073232,/novatel/oem7/inspva,/novatel/oem7/inspva,/novatel/oem7/inspva,39.663,-75.756,-1.800018274,0.002099615,0.001784305,-0.001753684,0.001154546,0.001784305,,novatel_oem7_msgs.msg.InertialSolutionStatus(status=3),
1786043605628256493,1786043605.626177746,/novatel/oem7/fix,/novatel/oem7/fix,/novatel/oem7/inspva,39.663,-75.756,-1.800018274,0.002099615,0.001784305,-0.001753684,0.001154546,0.001784305,,0,
1786043605629327307,1786043605.626653844,/novatel/oem7/odom,/novatel/oem7/fix,/novatel/oem7/odom,39.663,-75.756,-1.800018274,0.002099647,0.001784268,0.001057489,-0.001813900,0.001784268,,,
1786043605635622755,1786043605.634635189,/novatel/oem7/odom,/novatel/oem7/fix,/novatel/oem7/odom,39.663,-75.756,-1.800018274,0.002099647,0.001784268,0.001057489,-0.001813900,0.001784268,,,
1786043605647579748,1786043605.646023580,/novatel/oem7/inspva,/novatel/oem7/inspva,/novatel/oem7/inspva,39.663,-75.756,-1.800067987,0.000188516,-0.001922547,-0.000186517,0.000027382,-0.001922547,,novatel_oem7_msgs.msg.InertialSolutionStatus(status=3),
1786043605649685265,1786043605.647250881,/novatel/oem7/fix,/novatel/oem7/fix,/novatel/oem7/inspva,39.663,-75.756,-1.800067987,0.000188516,-0.001922547,-0.000186517,0.000027382,-0.001922547,,0,
1786043605651109136,1786043605.648771836,/novatel/oem7/odom,/novatel/oem7/fix,/novatel/oem7/odom,39.663,-75.756,-1.800067987,0.000184846,-0.001922904,0.000025893,-0.000183023,-0.001922904,,,
1786043605658081574,1786043605.657065040,/novatel/oem7/odom,/novatel/oem7/fix,/novatel/oem7/odom,39.663,-75.756,-1.800067987,0.000184846,-0.001922904,0.000025893,-0.000183023,-0.001922904,,,
1786043605666059377,1786043605.665306195,/novatel/oem7/inspva,/novatel/oem7/inspva,/novatel/oem7/inspva,39.663,-75.756,-1.800090373,0.000663622,-0.001205397,-0.000481678,-0.000456486,-0.001205397,,novatel_oem7_msgs.msg.InertialSolutionStatus(status=3),
1786043605667667340,1786043605.665410585,/novatel/oem7/fix,/novatel/oem7/fix,/novatel/oem7/inspva,39.663,-75.756,-1.800090373,0.000663622,-0.001205397,-0.000481678,-0.000456486,-0.001205397,,0,
1786043605668802901,1786043605.665896660,/novatel/oem7/odom,/novatel/oem7/fix,/novatel/oem7/odom,39.663,-75.756,-1.800090373,0.000658049,-0.001208448,-0.000475243,-0.000455163,-0.001208448,,,
1786043605675669822,1786043605.674799279,/novatel/oem7/odom,/novatel/oem7/fix,/novatel/oem7/odom,39.663,-75.756,-1.800090373,0.000658049,-0.001208448,-0.000475243,-0.000455163,-0.001208448,,,
1786043605688303724,1786043605.687176875,/novatel/oem7/inspva,/novatel/oem7/inspva,/novatel/oem7/inspva,39.663,-75.756,-1.800104869,0.003084686,0.000046991,-0.002421194,0.001911309,0.000046991,,novatel_oem7_msgs.msg.InertialSolutionStatus(status=3),
1786043605690267740,1786043605.687363071,/novatel/oem7/fix,/novatel/oem7/fix,/novatel/oem7/inspva,39.663,-75.756,-1.800104869,0.003084686,0.000046991,-0.002421194,0.001911309,0.000046991,,0,
1786043605691777938,1786043605.688003465,/novatel/oem7/odom,/novatel/oem7/fix,/novatel/oem7/odom,39.663,-75.756,-1.800104869,0.003084668,0.000048131,0.001786810,-0.002514455,0.000048131,,,
1786043605696183897,1786043605.695388020,/novatel/oem7/odom,/novatel/oem7/fix,/novatel/oem7/odom,39.663,-75.756,-1.800104869,0.003084668,0.000048131,0.001786810,-0.002514455,0.000048131,,,
1786043605706585284,1786043605.705988883,/novatel/oem7/inspva,/novatel/oem7/inspva,/novatel/oem7/inspva,39.663,-75.756,-1.800121577,0.002767953,0.001021671,-0.002646301,0.000811575,0.001021671,,novatel_oem7_msgs.msg.InertialSolutionStatus(status=3),
1786043605707484617,1786043605.706326453,/novatel/oem7/fix,/novatel/oem7/fix,/novatel/oem7/inspva,39.663,-75.756,-1.800121577,0.002767953,0.001021671,-0.002646301,0.000811575,0.001021671,,0,
1786043605708011436,1786043605.706979059,/novatel/oem7/odom,/novatel/oem7/fix,/novatel/oem7/odom,39.663,-75.756,-1.800121577,0.002769334,0.001017923,0.000673146,-0.002686277,0.001017923,,,
1786043605710129569,1786043605.709714779,/novatel/oem7/bestpos,/novatel/oem7/bestpos,/novatel/oem7/odom,39.663,-75.756,33.182192189,0.002769334,0.001017923,0.000673146,-0.002686277,0.001017923,,novatel_oem7_msgs.msg.SolutionStatus(status=0),novatel_oem7_msgs.msg.PositionOrVelocityType(type=53)
1786043605710758662,1786043605.710454293,/novatel/oem7/bestvel,/novatel/oem7/bestpos,/novatel/oem7/bestvel,39.663,-75.756,33.182192189,0.002905830,0.001089005,,,,163.293477050,novatel_oem7_msgs.msg.SolutionStatus(status=0),novatel_oem7_msgs.msg.PositionOrVelocityType(type=53)
1786043605716049810,1786043605.715700924,/novatel/oem7/odom,/novatel/oem7/bestpos,/novatel/oem7/odom,39.663,-75.756,33.182192189,0.002769334,0.001017923,0.000673146,-0.002686277,0.001017923,,,
1786043605726333233,1786043605.725709011,/novatel/oem7/inspva,/novatel/oem7/inspva,/novatel/oem7/inspva,39.663,-75.756,-1.800139134,0.000309358,0.000788058,0.000076259,-0.000299811,0.000788058,,novatel_oem7_msgs.msg.InertialSolutionStatus(status=3),
1786043605727328688,1786043605.725964314,/novatel/oem7/fix,/novatel/oem7/fix,/novatel/oem7/inspva,39.663,-75.756,-1.800139134,0.000309358,0.000788058,0.000076259,-0.000299811,0.000788058,,0,
1786043605728014670,1786043605.726781245,/novatel/oem7/odom,/novatel/oem7/fix,/novatel/oem7/odom,39.663,-75.756,-1.800139134,0.000311902,0.000787055,-0.000298836,0.000089331,0.000787055,,,
1786043605735710332,1786043605.735258057,/novatel/oem7/odom,/novatel/oem7/fix,/novatel/oem7/odom,39.663,-75.756,-1.800139134,0.000311902,0.000787055,-0.000298836,0.000089331,0.000787055,,,
1786043605746962547,1786043605.746398226,/novatel/oem7/inspva,/novatel/oem7/inspva,/novatel/oem7/inspva,39.663,-75.756,-1.800174192,0.000471530,-0.000386744,-0.000407906,0.000236544,-0.000386744,,novatel_oem7_msgs.msg.InertialSolutionStatus(status=3),
1786043605747752728,1786043605.746730852,/novatel/oem7/fix,/novatel/oem7/fix,/novatel/oem7/inspva,39.663,-75.756,-1.800174192,0.000471530,-0.000386744,-0.000407906,0.000236544,-0.000386744,,0,
1786043605748292566,1786043605.747222907,/novatel/oem7/odom,/novatel/oem7/fix,/novatel/oem7/odom,39.663,-75.756,-1.800174192,0.000471424,-0.000386874,0.000217302,-0.000418354,-0.000386874,,,
1786043605757055154,1786043605.756247512,/novatel/oem7/odom,/novatel/oem7/fix,/novatel/oem7/odom,39.663,-75.756,-1.800174192,0.000471424,-0.000386874,0.000217302,-0.000418354,-0.000386874,,,
1786043605765961669,1786043605.765471041,/novatel/oem7/inspva,/novatel/oem7/inspva,/novatel/oem7/inspva,39.663,-75.756,-1.800185058,0.002132817,-0.000134865,-0.002013734,0.000702698,-0.000134865,,novatel_oem7_msgs.msg.InertialSolutionStatus(status=3),
1786043605766802270,1786043605.765734237,/novatel/oem7/fix,/novatel/oem7/fix,/novatel/oem7/inspva,39.663,-75.756,-1.800185058,0.002132817,-0.000134865,-0.002013734,0.000702698,-0.000134865,,0,
1786043605767454799,1786043605.766324427,/novatel/oem7/odom,/novatel/oem7/fix,/novatel/oem7/odom,39.663,-75.756,-1.800185058,0.002132653,-0.000137437,0.000600991,-0.002046221,-0.000137437,,,
1786043605775893915,1786043605.775536616,/novatel/oem7/odom,/novatel/oem7/fix,/novatel/oem7/odom,39.663,-75.756,-1.800185058,0.002132653,-0.000137437,0.000600991,-0.002046221,-0.000137437,,,
1786043605785769171,1786043605.785226687,/novatel/oem7/inspva,/novatel/oem7/inspva,/novatel/oem7/inspva,39.663,-75.756,-1.800198047,0.002829135,0.000155089,-0.002236080,0.001733191,0.000155089,,novatel_oem7_msgs.msg.InertialSolutionStatus(status=3),
1786043605786907064,1786043605.785461896,/novatel/oem7/fix,/novatel/oem7/fix,/novatel/oem7/inspva,39.663,-75.756,-1.800198047,0.002829135,0.000155089,-0.002236080,0.001733191,0.000155089,,0,
1786043605787493751,1786043605.785805437,/novatel/oem7/odom,/novatel/oem7/fix,/novatel/oem7/odom,39.663,-75.756,-1.800198047,0.002829085,0.000156016,0.001617781,-0.002320884,0.000156016,,,
1786043605795070041,1786043605.794611055,/novatel/oem7/odom,/novatel/oem7/fix,/novatel/oem7/odom,39.663,-75.756,-1.800198047,0.002829085,0.000156016,0.001617781,-0.002320884,0.000156016,,,
1786043605807186550,1786043605.806363709,/novatel/oem7/inspva,/novatel/oem7/inspva,/novatel/oem7/inspva,39.663,-75.756,-1.800196150,0.000445596,0.001834157,-0.000445495,0.000009489,0.001834157,,novatel_oem7_msgs.msg.InertialSolutionStatus(status=3),
1786043605808849303,1786043605.806647752,/novatel/oem7/fix,/novatel/oem7/fix,/novatel/oem7/inspva,39.663,-75.756,-1.800196150,0.000445596,0.001834157,-0.000445495,0.000009489,0.001834157,,0,
1786043605809933367,1786043605.807854040,/novatel/oem7/odom,/novatel/oem7/fix,/novatel/oem7/odom,39.663,-75.756,-1.800196150,0.000450359,0.001832993,-0.000020585,-0.000449889,0.001832993,,,
1786043605811467412,1786043605.810363565,/novatel/oem7/bestpos,/novatel/oem7/bestpos,/novatel/oem7/odom,39.663,-75.756,33.182086067,0.000450359,0.001832993,-0.000020585,-0.000449889,0.001832993,,novatel_oem7_msgs.msg.SolutionStatus(status=0),novatel_oem7_msgs.msg.PositionOrVelocityType(type=53)
1786043605812401545,1786043605.810767422,/novatel/oem7/bestvel,/novatel/oem7/bestpos,/novatel/oem7/bestvel,39.663,-75.756,33.182086067,0.002765507,0.000654751,,,,105.966363680,novatel_oem7_msgs.msg.SolutionStatus(status=0),novatel_oem7_msgs.msg.PositionOrVelocityType(type=53)
1786043605816377173,1786043605.815572456,/novatel/oem7/odom,/novatel/oem7/bestpos,/novatel/oem7/odom,39.663,-75.756,33.182086067,0.000450359,0.001832993,-0.000020585,-0.000449889,0.001832993,,,
1786043605825845978,1786043605.825310423,/novatel/oem7/inspva,/novatel/oem7/inspva,/novatel/oem7/inspva,39.663,-75.756,-1.800234601,0.000836492,0.000271396,-0.000252629,0.000797432,0.000271396,,novatel_oem7_msgs.msg.InertialSolutionStatus(status=3),
1786043605826800824,1786043605.825584789,/novatel/oem7/fix,/novatel/oem7/fix,/novatel/oem7/inspva,39.663,-75.756,-1.800234601,0.000836492,0.000271396,-0.000252629,0.000797432,0.000271396,,0,
1786043605827493924,1786043605.826245326,/novatel/oem7/odom,/novatel/oem7/fix,/novatel/oem7/odom,39.663,-75.756,-1.800234601,0.000835675,0.000273902,0.000782581,-0.000293119,0.000273902,,,
1786043605836123273,1786043605.835684821,/novatel/oem7/odom,/novatel/oem7/fix,/novatel/oem7/odom,39.663,-75.756,-1.800234601,0.000835675,0.000273902,0.000782581,-0.000293119,0.000273902,,,
1786043605846206427,1786043605.845676802,/novatel/oem7/inspva,/novatel/oem7/inspva,/novatel/oem7/inspva,39.663,-75.756,-1.800265115,0.001887614,-0.001566944,-0.001570590,0.001047059,-0.001566944,,novatel_oem7_msgs.msg.InertialSolutionStatus(status=3),
1786043605847007194,1786043605.845975174,/novatel/oem7/fix,/novatel/oem7/fix,/novatel/oem7/inspva,39.663,-75.756,-1.800265115,0.001887614,-0.001566944,-0.001570590,0.001047059,-0.001566944,,0,
1786043605847569383,1786043605.846585143,/novatel/oem7/odom,/novatel/oem7/fix,/novatel/oem7/odom,39.663,-75.756,-1.800265115,0.001887632,-0.001566922,0.000973099,-0.001617477,-0.001566922,,,
1786043605857551786,1786043605.856897311,/novatel/oem7/odom,/novatel/oem7/fix,/novatel/oem7/odom,39.663,-75.756,-1.800265115,0.001887632,-0.001566922,0.000973099,-0.001617477,-0.001566922,,,
1786043605865596132,1786043605.865144504,/novatel/oem7/inspva,/novatel/oem7/inspva,/novatel/oem7/inspva,39.663,-75.756,-1.800271594,0.001668688,-0.000319255,-0.001511715,0.000706568,-0.000319255,,novatel_oem7_msgs.msg.InertialSolutionStatus(status=3),
1786043605866406514,1786043605.865397413,/novatel/oem7/fix,/novatel/oem7/fix,/novatel/oem7/inspva,39.663,-75.756,-1.800271594,0.001668688,-0.000319255,-0.001511715,0.000706568,-0.000319255,,0,
1786043605867093573,1786043605.866048110,/novatel/oem7/odom,/novatel/oem7/fix,/novatel/oem7/odom,39.663,-75.756,-1.800271594,0.001668463,-0.000320430,0.000630893,-0.001544585,-0.000320430,,,
1786043605875298555,1786043605.874935309,/novatel/oem7/odom,/novatel/oem7/fix,/novatel/oem7/odom,39.663,-75.756,-1.800271594,0.001668463,-0.000320430,0.000630893,-0.001544585,-0.000320430,,,
1786043605886338139,1786043605.885575367,/novatel/oem7/inspva,/novatel/oem7/inspva,/novatel/oem7/inspva,39.663,-75.756,-1.800275371,0.002253438,0.001154423,-0.001530797,0.001653676,0.001154423,,novatel_oem7_msgs.msg.InertialSolutionStatus(status=3),
1786043605887227033,1786043605.885895773,/novatel/oem7/fix,/novatel/oem7/fix,/novatel/oem7/inspva,39.663,-75.756,-1.800275371,0.002253438,0.001154423,-0.001530797,0.001653676,0.001154423,,0,
1786043605887746184,1786043605.886540012,/novatel/oem7/odom,/novatel/oem7/fix,/novatel/oem7/odom,39.663,-75.756,-1.800275371,0.002252135,0.001156964,0.001569771,-0.001614909,0.001156964,,,
1786043605895625004,1786043605.895147983,/novatel/oem7/odom,/novatel/oem7/fix,/novatel/oem7/odom,39.663,-75.756,-1.800275371,0.002252135,0.001156964,0.001569771,-0.001614909,0.001156964,,,
1786043605906614374,1786043605.905889744,/novatel/oem7/inspva,/novatel/oem7/inspva,/novatel/oem7/inspva,39.663,-75.756,-1.800308071,0.001647801,0.000528784,-0.001128217,0.001200990,0.000528784,,novatel_oem7_msgs.msg.InertialSolutionStatus(status=3),
1786043605908046802,1786043605.906046189,/novatel/oem7/fix,/novatel/oem7/fix,/novatel/oem7/inspva,39.663,-75.756,-1.800308071,0.001647801,0.000528784,-0.001128217,0.001200990,0.000528784,,0,
1786043605909097582,1786043605.906648878,/novatel/oem7/odom,/novatel/oem7/fix,/novatel/oem7/odom,39.663,-75.756,-1.800308071,0.001647225,0.000530575,0.001140489,-0.001188543,0.000530575,,,
1786043605910646294,1786043605.909840223,/novatel/oem7/bestpos,/novatel/oem7/bestpos,/novatel/oem7/odom,39.663,-75.756,33.181990306,0.001647225,0.000530575,0.001140489,-0.001188543,0.000530575,,novatel_oem7_msgs.msg.SolutionStatus(status=0),novatel_oem7_msgs.msg.PositionOrVelocityType(type=53)
1786043605912045520,1786043605.910479892,/novatel/oem7/bestvel,/novatel/oem7/bestpos,/novatel/oem7/bestvel,39.663,-75.756,33.181990306,0.001815685,-0.000448189,,,,89.724598748,novatel_oem7_msgs.msg.SolutionStatus(status=0),novatel_oem7_msgs.msg.PositionOrVelocityType(type=53)
1786043605915165735,1786043605.914492124,/novatel/oem7/odom,/novatel/oem7/bestpos,/novatel/oem7/odom,39.663,-75.756,33.181990306,0.001647225,0.000530575,0.001140489,-0.001188543,0.000530575,,,
1786043605925776684,1786043605.925192302,/novatel/oem7/inspva,/novatel/oem7/inspva,/novatel/oem7/inspva,39.663,-75.756,-1.800345680,0.000711577,-0.001826530,-0.000681196,0.000205703,-0.001826530,,novatel_oem7_msgs.msg.InertialSolutionStatus(status=3),
1786043605927145037,1786043605.925340314,/novatel/oem7/fix,/novatel/oem7/fix,/novatel/oem7/inspva,39.663,-75.756,-1.800345680,0.000711577,-0.001826530,-0.000681196,0.000205703,-0.001826530,,0,
1786043605928195001,1786043605.925742587,/novatel/oem7/odom,/novatel/oem7/fix,/novatel/oem7/odom,39.663,-75.756,-1.800345680,0.000709064,-0.001827506,0.000178633,-0.000686194,-0.001827506,,,
1786043605935798525,1786043605.935106479,/novatel/oem7/odom,/novatel/oem7/fix,/novatel/oem7/odom,39.663,-75.756,-1.800345680,0.000709064,-0.001827506,0.000178633,-0.000686194,-0.001827506,,,
1786043605945586587,1786043605.944968434,/novatel/oem7/inspva,/novatel/oem7/inspva,/novatel/oem7/inspva,39.663,-75.756,-1.800356440,0.001042750,-0.001281566,-0.000938386,0.000454708,-0.001281566,,novatel_oem7_msgs.msg.InertialSolutionStatus(status=3),
1786043605946966884,1786043605.945111622,/novatel/oem7/fix,/novatel/oem7/fix,/novatel/oem7/inspva,39.663,-75.756,-1.800356440,0.001042750,-0.001281566,-0.000938386,0.000454708,-0.001281566,,0,
1786043605948025607,1786043605.945619164,/novatel/oem7/odom,/novatel/oem7/fix,/novatel/oem7/odom,39.663,-75.756,-1.800356440,0.001041925,-0.001282236,0.000412136,-0.000956950,-0.001282236,,,
1786043605956532277,1786043605.955757933,/novatel/oem7/odom,/novatel/oem7/fix,/novatel/oem7/odom,39.663,-75.756,-1.800356440,0.001041925,-0.001282236,0.000412136,-0.000956950,-0.001282236,,,
1786043605967194614,1786043605.966534037,/novatel/oem7/inspva,/novatel/oem7/inspva,/novatel/oem7/inspva,39.663,-75.756,-1.800356613,0.001977811,0.001085999,-0.001531616,0.001251355,0.001085999,,novatel_oem7_msgs.msg.InertialSolutionStatus(status=3),
1786043605970110592,1786043605.966681682,/novatel/oem7/fix,/novatel/oem7/fix,/novatel/oem7/inspva,39.663,-75.756,-1.800356613,0.001977811,0.001085999,-0.001531616,0.001251355,0.001085999,,0,
1786043605971187566,1786043605.967216447,/novatel/oem7/odom,/novatel/oem7/fix,/novatel/oem7/odom,39.663,-75.756,-1.800356613,0.001977284,0.001086959,0.001168158,-0.001595324,0.001086959,,,
1786043605975777814,1786043605.975017507,/novatel/oem7/odom,/novatel/oem7/fix,/novatel/oem7/odom,39.663,-75.756,-1.800356613,0.001977284,0.001086959,0.001168158,-0.001595324,0.001086959,,,
1786043605985738434,1786043605.985063521,/novatel/oem7/inspva,/novatel/oem7/inspva,/novatel/oem7/inspva,39.663,-75.756,-1.800389287,0.002365310,0.000412208,-0.001164476,0.002058807,0.000412208,,novatel_oem7_msgs.msg.InertialSolutionStatus(status=3),
1786043605987154348,1786043605.985217556,/novatel/oem7/fix,/novatel/oem7/fix,/novatel/oem7/inspva,39.663,-75.756,-1.800389287,0.002365310,0.000412208,-0.001164476,0.002058807,0.000412208,,0,
1786043605988232435,1786043605.985695754,/novatel/oem7/odom,/novatel/oem7/fix,/novatel/oem7/odom,39.663,-75.756,-1.800389287,0.002364418,0.000417293,0.001995862,-0.001267677,0.000417293,,,
1786043605996249486,1786043605.995504116,/novatel/oem7/odom,/novatel/oem7/fix,/novatel/oem7/odom,39.663,-75.756,-1.800389287,0.002364418,0.000417293,0.001995862,-0.001267677,0.000417293,,,
1786043606009065108,1786043606.008375211,/novatel/oem7/inspva,/novatel/oem7/inspva,/novatel/oem7/inspva,39.663,-75.756,-1.800417800,0.000799128,-0.000934495,-0.000140052,0.000786760,-0.000934495,,novatel_oem7_msgs.msg.InertialSolutionStatus(status=3),
1786043606010685894,1786043606.008536209,/novatel/oem7/fix,/novatel/oem7/fix,/novatel/oem7/inspva,39.663,-75.756,-1.800417800,0.000799128,-0.000934495,-0.000140052,0.000786760,-0.000934495,,0,
1786043606011766677,1786043606.009775135,/novatel/oem7/odom,/novatel/oem7/fix,/novatel/oem7/odom,39.663,-75.756,-1.800417800,0.000802383,-0.000931702,0.000782576,-0.000177180,-0.000931702,,,
1786043606016614781,1786043606.015881520,/novatel/oem7/odom,/novatel/oem7/fix,/novatel/oem7/odom,39.663,-75.756,-1.800417800,0.000802383,-0.000931702,0.000782576,-0.000177180,-0.000931702,,,
1786043606026742606,1786043606.026061823,/novatel/oem7/bestpos,/novatel/oem7/bestpos,/novatel/oem7/odom,39.663,-75.756,33.181878124,0.000802383,-0.000931702,0.000782576,-0.000177180,-0.000931702,,novatel_oem7_msgs.msg.SolutionStatus(status=0),novatel_oem7_msgs.msg.PositionOrVelocityType(type=53)
1786043606028377492,1786043606.026561724,/novatel/oem7/bestvel,/novatel/oem7/bestpos,/novatel/oem7/bestvel,39.663,-75.756,33.181878124,0.001820206,-0.001537311,,,,90.543889259,novatel_oem7_msgs.msg.SolutionStatus(status=0),novatel_oem7_msgs.msg.PositionOrVelocityType(type=53)
1786043606029316055,1786043606.027050539,/novatel/oem7/inspva,/novatel/oem7/inspva,/novatel/oem7/inspva,39.663,-75.756,-1.800439094,0.000369597,-0.001809407,-0.000368973,0.000021469,-0.001809407,,novatel_oem7_msgs.msg.InertialSolutionStatus(status=3),
1786043606030154419,1786043606.027203294,/novatel/oem7/fix,/novatel/oem7/fix,/novatel/oem7/inspva,39.663,-75.756,-1.800439094,0.000369597,-0.001809407,-0.000368973,0.000021469,-0.001809407,,0,
1786043606031198466,1786043606.027578478,/novatel/oem7/odom,/novatel/oem7/fix,/novatel/oem7/odom,39.663,-75.756,-1.800439094,0.000365306,-0.001810278,0.000010310,-0.000365161,-0.001810278,,,
1786043606035267176,1786043606.034575649,/novatel/oem7/odom,/novatel/oem7/fix,/novatel/oem7/odom,39.663,-75.756,-1.800439094,0.000365306,-0.001810278,0.000010310,-0.000365161,-0.001810278,,,
1786043606046048448,1786043606.045393261,/novatel/oem7/inspva,/novatel/oem7/inspva,/novatel/oem7/inspva,39.663,-75.756,-1.800430187,0.002765188,0.000641458,-0.001468950,0.002342744,0.000641458,,novatel_oem7_msgs.msg.InertialSolutionStatus(status=3),
1786043606047563346,1786043606.045564306,/novatel/oem7/fix,/novatel/oem7/fix,/novatel/oem7/inspva,39.663,-75.756,-1.800430187,0.002765188,0.000641458,-0.001468950,0.002342744,0.000641458,,0,
1786043606049021357,1786043606.046234950,/novatel/oem7/odom,/novatel/oem7/fix,/novatel/oem7/odom,39.663,-75.756,-1.800430187,0.002763938,0.000646820,0.002263172,-0.001586634,0.000646820,,,
1786043606057511349,1786043606.056605461,/novatel/oem7/odom,/novatel/oem7/fix,/novatel/oem7/odom,39.663,-75.756,-1.800430187,0.002763938,0.000646820,0.002263172,-0.001586634,0.000646820,,,
1786043606065990955,1786043606.065209001,/novatel/oem7/inspva,/novatel/oem7/inspva,/novatel/oem7/inspva,39.663,-75.756,-1.800437179,0.002354451,0.000499500,-0.001157967,0.002050013,0.000499500,,novatel_oem7_msgs.msg.InertialSolutionStatus(status=3),
1786043606067750402,1786043606.065445463,/novatel/oem7/fix,/novatel/oem7/fix,/novatel/oem7/inspva,39.663,-75.756,-1.800437179,0.002354451,0.000499500,-0.001157967,0.002050013,0.000499500,,0,
1786043606069231030,1786043606.065952461,/novatel/oem7/odom,/novatel/oem7/fix,/novatel/oem7/odom,39.663,-75.756,-1.800437179,0.002353365,0.000504592,0.001987030,-0.001260968,0.000504592,,,
1786043606075454204,1786043606.074629532,/novatel/oem7/odom,/novatel/oem7/fix,/novatel/oem7/odom,39.663,-75.756,-1.800437179,0.002353365,0.000504592,0.001987030,-0.001260968,0.000504592,,,
1786043606087604652,1786043606.086751574,/novatel/oem7/inspva,/novatel/oem7/inspva,/novatel/oem7/inspva,39.663,-75.756,-1.800449630,0.001204934,-0.000645322,0.000713396,0.000971047,-0.000645322,,novatel_oem7_msgs.msg.InertialSolutionStatus(status=3),
1786043606091873310,1786043606.086953519,/novatel/oem7/fix,/novatel/oem7/fix,/novatel/oem7/inspva,39.663,-75.756,-1.800449630,0.001204934,-0.000645322,0.000713396,0.000971047,-0.000645322,,0,
1786043606093698538,1786043606.087674236,/novatel/oem7/odom,/novatel/oem7/fix,/novatel/oem7/odom,39.663,-75.756,-1.800449630,0.001208014,-0.000639538,0.001008373,0.000665193,-0.000639538,,,
1786043606096017694,1786043606.095215562,/novatel/oem7/odom,/novatel/oem7/fix,/novatel/oem7/odom,39.663,-75.756,-1.800449630,0.001208014,-0.000639538,0.001008373,0.000665193,-0.000639538,,,
1786043606107488426,1786043606.106108618,/novatel/oem7/inspva,/novatel/oem7/inspva,/novatel/oem7/inspva,39.663,-75.756,-1.800447726,0.000581783,-0.001405281,0.000189796,0.000549954,-0.001405281,,novatel_oem7_msgs.msg.InertialSolutionStatus(status=3),
1786043606109330450,1786043606.106319710,/novatel/oem7/fix,/novatel/oem7/fix,/novatel/oem7/inspva,39.663,-75.756,-1.800447726,0.000581783,-0.001405281,0.000189796,0.000549954,-0.001405281,,0,
1786043606110821081,1786043606.107108168,/novatel/oem7/odom,/novatel/oem7/fix,/novatel/oem7/odom,39.663,-75.756,-1.800447726,0.000588318,-0.001402558,0.000564615,0.000165311,-0.001402558,,,
1786043606112770753,1786043606.109579796,/novatel/oem7/bestpos,/novatel/oem7/bestpos,/novatel/oem7/odom,39.663,-75.756,33.181811075,0.000588318,-0.001402558,0.000564615,0.000165311,-0.001402558,,novatel_oem7_msgs.msg.SolutionStatus(status=0),novatel_oem7_msgs.msg.PositionOrVelocityType(type=53)
1786043606113806977,1786043606.110277559,/novatel/oem7/bestvel,/novatel/oem7/bestpos,/novatel/oem7/bestvel,39.663,-75.756,33.181811075,0.002075676,-0.001144443,,,,126.788319829,novatel_oem7_msgs.msg.SolutionStatus(status=0),novatel_oem7_msgs.msg.PositionOrVelocityType(type=53)
1786043606116302331,1786043606.115621808,/novatel/oem7/odom,/novatel/oem7/bestpos,/novatel/oem7/odom,39.663,-75.756,33.181811075,0.000588318,-0.001402558,0.000564615,0.000165311,-0.001402558,,,
1786043606126043409,1786043606.125474751,/novatel/oem7/inspva,/novatel/oem7/inspva,/novatel/oem7/inspva,39.663,-75.756,-1.800441252,0.002583363,-0.000425150,-0.001817764,0.001835619,-0.000425150,,novatel_oem7_msgs.msg.InertialSolutionStatus(status=3),
1786043606127460060,1786043606.125669309,/novatel/oem7/fix,/novatel/oem7/fix,/novatel/oem7/inspva,39.663,-75.756,-1.800441252,0.002583363,-0.000425150,-0.001817764,0.001835619,-0.000425150,,0,
1786043606128532067,1786043606.126250748,/novatel/oem7/odom,/novatel/oem7/fix,/novatel/oem7/odom,39.663,-75.756,-1.800441252,0.002583771,-0.000422664,0.001743535,-0.001906819,-0.000422664,,,
1786043606136251269,1786043606.135377947,/novatel/oem7/odom,/novatel/oem7/fix,/novatel/oem7/odom,39.663,-75.756,-1.800441252,0.002583771,-0.000422664,0.001743535,-0.001906819,-0.000422664,,,
1786043606146973306,1786043606.146184282,/novatel/oem7/inspva,/novatel/oem7/inspva,/novatel/oem7/inspva,39.663,-75.756,-1.800434127,0.003523466,0.000949121,-0.001732148,0.003068302,0.000949121,,novatel_oem7_msgs.msg.InertialSolutionStatus(status=3),
1786043606148895695,1786043606.146453991,/novatel/oem7/fix,/novatel/oem7/fix,/novatel/oem7/inspva,39.663,-75.756,-1.800434127,0.003523466,0.000949121,-0.001732148,0.003068302,0.000949121,,0,
1786043606150349279,1786043606.147114917,/novatel/oem7/odom,/novatel/oem7/fix,/novatel/oem7/odom,39.663,-75.756,-1.800434127,0.003521438,0.000956617,0.002973311,-0.001886782,0.000956617,,,
1786043606156905230,1786043606.156023658,/novatel/oem7/odom,/novatel/oem7/fix,/novatel/oem7/odom,39.663,-75.756,-1.800434127,0.003521438,0.000956617,0.002973311,-0.001886782,0.000956617,,,
1786043606166119062,1786043606.165362005,/novatel/oem7/inspva,/novatel/oem7/inspva,/novatel/oem7/inspva,39.663,-75.756,-1.800446570,0.000912928,-0.000554600,0.000452601,0.000792836,-0.000554600,,novatel_oem7_msgs.msg.InertialSolutionStatus(status=3),
1786043606167812849,1786043606.165604177,/novatel/oem7/fix,/novatel/oem7/fix,/novatel/oem7/inspva,39.663,-75.756,-1.800446570,0.000912928,-0.000554600,0.000452601,0.000792836,-0.000554600,,0,
1786043606168950077,1786043606.166268147,/novatel/oem7/odom,/novatel/oem7/fix,/novatel/oem7/odom,39.663,-75.756,-1.800446570,0.000915590,-0.000550194,0.000816915,0.000413468,-0.000550194,,,
1786043606177280665,1786043606.176106406,/novatel/oem7/odom,/novatel/oem7/fix,/novatel/oem7/odom,39.663,-75.756,-1.800446570,0.000915590,-0.000550194,0.000816915,0.000413468,-0.000550194,,,
1786043606185964466,1786043606.185319663,/novatel/oem7/inspva,/novatel/oem7/inspva,/novatel/oem7/inspva,39.663,-75.756,-1.800447053,0.000478111,-0.001494408,0.000332285,-0.000343769,-0.001494408,,novatel_oem7_msgs.msg.InertialSolutionStatus(status=3),
1786043606187345086,1786043606.185558478,/novatel/oem7/fix,/novatel/oem7/fix,/novatel/oem7/inspva,39.663,-75.756,-1.800447053,0.000478111,-0.001494408,0.000332285,-0.000343769,-0.001494408,,0,
1786043606188406316,1786043606.186024470,/novatel/oem7/odom,/novatel/oem7/fix,/novatel/oem7/odom,39.663,-75.756,-1.800447053,0.000476672,-0.001494867,-0.000320478,0.000352860,-0.001494867,,,
1786043606195375431,1786043606.194691107,/novatel/oem7/odom,/novatel/oem7/fix,/novatel/oem7/odom,39.663,-75.756,-1.800447053,0.000476672,-0.001494867,-0.000320478,0.000352860,-0.001494867,,,
1786043606208794508,1786043606.207660095,/novatel/oem7/inspva,/novatel/oem7/inspva,/novatel/oem7/inspva,39.663,-75.756,-1.800449782,0.003213921,-0.000902783,-0.001745908,0.002698351,-0.000902783,,novatel_oem7_msgs.msg.InertialSolutionStatus(status=3),
1786043606210404690,1786043606.208296313,/novatel/oem7/fix,/novatel/oem7/fix,/novatel/oem7/inspva,39.663,-75.756,-1.800449782,0.003213921,-0.000902783,-0.001745908,0.002698351,-0.000902783,,0,
1786043606211595749,1786043606.208653833,/novatel/oem7/odom,/novatel/oem7/fix,/novatel/oem7/odom,39.663,-75.756,-1.800449782,0.003215578,-0.000896865,0.002610687,-0.001877300,-0.000896865,,,
1786043606213088653,1786043606.210582040,/novatel/oem7/bestpos,/novatel/oem7/bestpos,/novatel/oem7/odom,39.663,-75.756,33.181819513,0.003215578,-0.000896865,0.002610687,-0.001877300,-0.000896865,,novatel_oem7_msgs.msg.SolutionStatus(status=0),novatel_oem7_msgs.msg.PositionOrVelocityType(type=53)
1786043606214044789,1786043606.211059934,/novatel/oem7/bestvel,/novatel/oem7/bestpos,/novatel/oem7/bestvel,39.663,-75.756,33.181819513,0.001466760,-0.000405267,,,,137.786048484,novatel_oem7_msgs.msg.SolutionStatus(status=0),novatel_oem7_msgs.msg.PositionOrVelocityType(type=53)
1786043606216030208,1786043606.215047922,/novatel/oem7/odom,/novatel/oem7/bestpos,/novatel/oem7/odom,39.663,-75.756,33.181819513,0.003215578,-0.000896865,0.002610687,-0.001877300,-0.000896865,,,
1786043606225611111,1786043606.224992890,/novatel/oem7/inspva,/novatel/oem7/inspva,/novatel/oem7/inspva,39.663,-75.756,-1.800439293,0.002228518,0.000433491,-0.001624212,0.001525854,0.000433491,,novatel_oem7_msgs.msg.InertialSolutionStatus(status=3),
1786043606226978291,1786043606.225130680,/novatel/oem7/fix,/novatel/oem7/fix,/novatel/oem7/inspva,39.663,-75.756,-1.800439293,0.002228518,0.000433491,-0.001624212,0.001525854,0.000433491,,0,
1786043606228055225,1786043606.225679639,/novatel/oem7/odom,/novatel/oem7/fix,/novatel/oem7/odom,39.663,-75.756,-1.800439293,0.002228189,0.000435177,0.001440356,-0.001700060,0.000435177,,,
1786043606236994596,1786043606.235998409,/novatel/oem7/odom,/novatel/oem7/fix,/novatel/oem7/odom,39.663,-75.756,-1.800439293,0.002228189,0.000435177,0.001440356,-0.001700060,0.000435177,,,
1786043606246204572,1786043606.245226902,/novatel/oem7/inspva,/novatel/oem7/inspva,/novatel/oem7/inspva,39.663,-75.756,-1.800454704,0.000796773,-0.000375888,0.000443984,0.000661608,-0.000375888,,novatel_oem7_msgs.msg.InertialSolutionStatus(status=3),
1786043606248179038,1786043606.245839292,/novatel/oem7/fix,/novatel/oem7/fix,/novatel/oem7/inspva,39.663,-75.756,-1.800454704,0.000796773,-0.000375888,0.000443984,0.000661608,-0.000375888,,0,
1786043606249716559,1786043606.246994373,/novatel/oem7/odom,/novatel/oem7/fix,/novatel/oem7/odom,39.663,-75.756,-1.800454704,0.000798576,-0.000372043,0.000684670,0.000411036,-0.000372043,,,
1786043606258048614,1786043606.257069611,/novatel/oem7/odom,/novatel/oem7/fix,/novatel/oem7/odom,39.663,-75.756,-1.800454704,0.000798576,-0.000372043,0.000684670,0.000411036,-0.000372043,,,
1786043606266504649,1786043606.265661215,/novatel/oem7/inspva,/novatel/oem7/inspva,/novatel/oem7/inspva,39.663,-75.756,-1.800465211,0.000660590,-0.001031743,0.000659374,0.000040072,-0.001031743,,novatel_oem7_msgs.msg.InertialSolutionStatus(status=3),
1786043606267902373,1786043606.266390372,/novatel/oem7/fix,/novatel/oem7/fix,/novatel/oem7/inspva,39.663,-75.756,-1.800465211,0.000660590,-0.001031743,0.000659374,0.000040072,-0.001031743,,0,
1786043606269017400,1786043606.266679115,/novatel/oem7/odom,/novatel/oem7/fix,/novatel/oem7/odom,39.663,-75.756,-1.800465211,0.000663592,-0.001029815,0.000077461,0.000659055,-0.001029815,,,
1786043606276890264,1786043606.275794153,/novatel/oem7/odom,/novatel/oem7/fix,/novatel/oem7/odom,39.663,-75.756,-1.800465211,0.000663592,-0.001029815,0.000077461,0.000659055,-0.001029815,,,
1786043606286001326,1786043606.285358066,/novatel/oem7/inspva,/novatel/oem7/inspva,/novatel/oem7/inspva,39.663,-75.756,-1.800479858,0.001612017,-0.001654264,-0.001093346,0.001184565,-0.001654264,,novatel_oem7_msgs.msg.InertialSolutionStatus(status=3),
1786043606287372416,1786043606.285600112,/novatel/oem7/fix,/novatel/oem7/fix,/novatel/oem7/inspva,39.663,-75.756,-1.800479858,0.001612017,-0.001654264,-0.001093346,0.001184565,-0.001654264,,0,
1786043606288465180,1786043606.286258871,/novatel/oem7/odom,/novatel/oem7/fix,/novatel/oem7/odom,39.663,-75.756,-1.800479858,0.001613801,-0.001652524,0.001134753,-0.001147471,-0.001652524,,,
1786043606296552191,1786043606.295828854,/novatel/oem7/odom,/novatel/oem7/fix,/novatel/oem7/odom,39.663,-75.756,-1.800479858,0.001613801,-0.001652524,0.001134753,-0.001147471,-0.001652524,,,
1786043606307214625,1786043606.305955717,/novatel/oem7/inspva,/novatel/oem7/inspva,/novatel/oem7/inspva,39.663,-75.756,-1.800478131,0.001700883,-0.000954140,-0.001358163,0.001023912,-0.000954140,,novatel_oem7_msgs.msg.InertialSolutionStatus(status=3),
1786043606309290559,1786043606.306308650,/novatel/oem7/fix,/novatel/oem7/fix,/novatel/oem7/inspva,39.663,-75.756,-1.800478131,0.001700883,-0.000954140,-0.001358163,0.001023912,-0.000954140,,0,
1786043606310455100,1786043606.306745364,/novatel/oem7/odom,/novatel/oem7/fix,/novatel/oem7/odom,39.663,-75.756,-1.800478131,0.001613856,-0.001652470,0.001134795,-0.001147507,-0.001652470,,,
1786043606311986865,1786043606.310064797,/novatel/oem7/bestpos,/novatel/oem7/bestpos,/novatel/oem7/odom,39.663,-75.756,33.181790480,0.001613856,-0.001652470,0.001134795,-0.001147507,-0.001652470,,novatel_oem7_msgs.msg.SolutionStatus(status=0),novatel_oem7_msgs.msg.PositionOrVelocityType(type=53)
1786043606312967778,1786043606.310617685,/novatel/oem7/bestvel,/novatel/oem7/bestpos,/novatel/oem7/bestvel,39.663,-75.756,33.181790480,0.001898894,-0.000410567,,,,164.672803230,novatel_oem7_msgs.msg.SolutionStatus(status=0),novatel_oem7_msgs.msg.PositionOrVelocityType(type=53)
1786043606315359478,1786043606.314667825,/novatel/oem7/odom,/novatel/oem7/bestpos,/novatel/oem7/odom,39.663,-75.756,33.181790480,0.001701128,-0.000953703,0.000958138,-0.001405634,-0.000953703,,,
1786043606327103689,1786043606.326557090,/novatel/oem7/inspva,/novatel/oem7/inspva,/novatel/oem7/inspva,39.663,-75.756,-1.800474056,0.000409710,0.000924085,0.000405589,0.000057959,0.000924085,,novatel_oem7_msgs.msg.InertialSolutionStatus(status=3),
1786043606328463586,1786043606.326724292,/novatel/oem7/fix,/novatel/oem7/fix,/novatel/oem7/inspva,39.663,-75.756,-1.800474056,0.000409710,0.000924085,0.000405589,0.000057959,0.000924085,,0,
1786043606329547233,1786043606.327190457,/novatel/oem7/odom,/novatel/oem7/fix,/novatel/oem7/odom,39.663,-75.756,-1.800474056,0.000406728,0.000925401,0.000074472,0.000399852,0.000925401,,,
1786043606336230958,1786043606.335298139,/novatel/oem7/odom,/novatel/oem7/fix,/novatel/oem7/odom,39.663,-75.756,-1.800474056,0.000406728,0.000925401,0.000074472,0.000399852,0.000925401,,,
1786043606346120571,1786043606.345215109,/novatel/oem7/inspva,/novatel/oem7/inspva,/novatel/oem7/inspva,39.663,-75.756,-1.800491420,0.000644670,0.000139756,0.000578423,0.000284651,0.000139756,,novatel_oem7_msgs.msg.InertialSolutionStatus(status=3),
1786043606348037479,1786043606.345503302,/novatel/oem7/fix,/novatel/oem7/fix,/novatel/oem7/inspva,39.663,-75.756,-1.800491420,0.000644670,0.000139756,0.000578423,0.000284651,0.000139756,,0,
1786043606349484020,1786043606.346218479,/novatel/oem7/odom,/novatel/oem7/fix,/novatel/oem7/odom,39.663,-75.756,-1.800491420,0.000644078,0.000142459,0.000312832,0.000563004,0.000142459,,,
1786043606356893329,1786043606.356049134,/novatel/oem7/odom,/novatel/oem7/fix,/novatel/oem7/odom,39.663,-75.756,-1.800491420,0.000644078,0.000142459,0.000312832,0.000563004,0.000142459,,,
1786043606365866890,1786043606.365306684,/novatel/oem7/inspva,/novatel/oem7/inspva,/novatel/oem7/inspva,39.663,-75.756,-1.800517591,0.000978301,-0.002480846,-0.000618804,0.000757729,-0.002480846,,novatel_oem7_msgs.msg.InertialSolutionStatus(status=3),
1786043606367215939,1786043606.365534413,/novatel/oem7/fix,/novatel/oem7/fix,/novatel/oem7/inspva,39.663,-75.756,-1.800517591,0.000978301,-0.002480846,-0.000618804,0.000757729,-0.002480846,,0,
1786043606368323747,1786043606.366090115,/novatel/oem7/odom,/novatel/oem7/fix,/novatel/oem7/odom,39.663,-75.756,-1.800517591,0.000981765,-0.002479477,0.000735771,-0.000650003,-0.002479477,,,
1786043606376020382,1786043606.375131120,/novatel/oem7/odom,/novatel/oem7/fix,/novatel/oem7/odom,39.663,-75.756,-1.800517591,0.000981765,-0.002479477,0.000735771,-0.000650003,-0.002479477,,,
1786043606386739856,1786043606.386118333,/novatel/oem7/inspva,/novatel/oem7/inspva,/novatel/oem7/inspva,39.663,-75.756,-1.800504980,0.000616871,-0.001132630,-0.000495696,0.000367172,-0.001132630,,novatel_oem7_msgs.msg.InertialSolutionStatus(status=3),
1786043606388090539,1786043606.386306865,/novatel/oem7/fix,/novatel/oem7/fix,/novatel/oem7/inspva,39.663,-75.756,-1.800504980,0.000616871,-0.001132630,-0.000495696,0.000367172,-0.001132630,,0,
1786043606389174779,1786043606.386855497,/novatel/oem7/odom,/novatel/oem7/fix,/novatel/oem7/odom,39.663,-75.756,-1.800504980,0.000617137,-0.001132485,0.000346412,-0.000510741,-0.001132485,,,
1786043606395202485,1786043606.394489941,/novatel/oem7/odom,/novatel/oem7/fix,/novatel/oem7/odom,39.663,-75.756,-1.800504980,0.000617137,-0.001132485,0.000346412,-0.000510741,-0.001132485,,,
1786043606407396360,1786043606.406568042,/novatel/oem7/inspva,/novatel/oem7/inspva,/novatel/oem7/inspva,39.663,-75.756,-1.800494757,0.001272351,0.000857219,-0.000514802,0.001163553,0.000857219,,novatel_oem7_msgs.msg.InertialSolutionStatus(status=3),
1786043606409033890,1786043606.406834338,/novatel/oem7/fix,/novatel/oem7/fix,/novatel/oem7/inspva,39.663,-75.756,-1.800494757,0.001272351,0.000857219,-0.000514802,0.001163553,0.000857219,,0,
1786043606410169591,1786043606.407483925,/novatel/oem7/odom,/novatel/oem7/fix,/novatel/oem7/odom,39.663,-75.756,-1.800494757,0.001270149,0.000860478,0.001132600,-0.000574887,0.000860478,,,
1786043606411704559,1786043606.409995545,/novatel/oem7/bestpos,/novatel/oem7/bestpos,/novatel/oem7/odom,39.663,-75.756,33.181762150,0.001270149,0.000860478,0.001132600,-0.000574887,0.000860478,,novatel_oem7_msgs.msg.SolutionStatus(status=0),novatel_oem7_msgs.msg.PositionOrVelocityType(type=53)
1786043606412688892,1786043606.410326875,/novatel/oem7/bestvel,/novatel/oem7/bestpos,/novatel/oem7/bestvel,39.663,-75.756,33.181762150,0.001031167,0.000733083,,,,99.571150431,novatel_oem7_msgs.msg.SolutionStatus(status=0),novatel_oem7_msgs.msg.PositionOrVelocityType(type=53)
1786043606416280676,1786043606.415607130,/novatel/oem7/odom,/novatel/oem7/bestpos,/novatel/oem7/odom,39.663,-75.756,33.181762150,0.001270149,0.000860478,0.001132600,-0.000574887,0.000860478,,,
1786043606425559437,1786043606.425015711,/novatel/oem7/inspva,/novatel/oem7/inspva,/novatel/oem7/inspva,39.663,-75.756,-1.800493827,0.000857973,0.001247861,-0.000241825,0.000823188,0.001247861,,novatel_oem7_msgs.msg.InertialSolutionStatus(status=3),
1786043606426913977,1786043606.425169220,/novatel/oem7/fix,/novatel/oem7/fix,/novatel/oem7/inspva,39.663,-75.756,-1.800493827,0.000857973,0.001247861,-0.000241825,0.000823188,0.001247861,,0,
1786043606427994404,1786043606.425694465,/novatel/oem7/odom,/novatel/oem7/fix,/novatel/oem7/odom,39.663,-75.756,-1.800493827,0.000854110,0.001250508,0.000804762,-0.000286115,0.001250508,,,
1786043606437540553,1786043606.434810574,/novatel/oem7/odom,/novatel/oem7/fix,/novatel/oem7/odom,39.663,-75.756,-1.800493827,0.000854110,0.001250508,0.000804762,-0.000286115,0.001250508,,,
1786043606447577758,1786043606.446682572,/novatel/oem7/inspva,/novatel/oem7/inspva,/novatel/oem7/inspva,39.663,-75.756,-1.800523545,0.000553374,-0.002465847,0.000194492,-0.000518069,-0.002465847,,novatel_oem7_msgs.msg.InertialSolutionStatus(status=3),
1786043606449491260,1786043606.446953035,/novatel/oem7/fix,/novatel/oem7/fix,/novatel/oem7/inspva,39.663,-75.756,-1.800523545,0.000553374,-0.002465847,0.000194492,-0.000518069,-0.002465847,,0,
1786043606450859483,1786043606.447514780,/novatel/oem7/odom,/novatel/oem7/fix,/novatel/oem7/odom,39.663,-75.756,-1.800523545,0.000546532,-0.002467373,-0.000497422,0.000226427,-0.002467373,,,
1786043606457395543,1786043606.456532928,/novatel/oem7/odom,/novatel/oem7/fix,/novatel/oem7/odom,39.663,-75.756,-1.800523545,0.000546532,-0.002467373,-0.000497422,0.000226427,-0.002467373,,,
1786043606465967300,1786043606.465137429,/novatel/oem7/inspva,/novatel/oem7/inspva,/novatel/oem7/inspva,39.663,-75.756,-1.800514448,0.000205925,-0.001768852,0.000131549,-0.000158429,-0.001768852,,novatel_oem7_msgs.msg.InertialSolutionStatus(status=3),
1786043606467744404,1786043606.465345571,/novatel/oem7/fix,/novatel/oem7/fix,/novatel/oem7/inspva,39.663,-75.756,-1.800514448,0.000205925,-0.001768852,0.000131549,-0.000158429,-0.001768852,,0,
1786043606468854268,1786043606.466012730,/novatel/oem7/odom,/novatel/oem7/fix,/novatel/oem7/odom,39.663,-75.756,-1.800514448,0.000203700,-0.001769110,-0.000144320,0.000143754,-0.001769110,,,
1786043606476415652,1786043606.475660538,/novatel/oem7/odom,/novatel/oem7/fix,/novatel/oem7/odom,39.663,-75.756,-1.800514448,0.000203700,-0.001769110,-0.000144320,0.000143754,-0.001769110,,,
1786043606485894778,1786043606.485244037,/novatel/oem7/inspva,/novatel/oem7/inspva,/novatel/oem7/inspva,39.663,-75.756,-1.800495618,0.002192911,0.000975801,-0.001365775,0.001715669,0.000975801,,novatel_oem7_msgs.msg.InertialSolutionStatus(status=3),
1786043606487264277,1786043606.485455726,/novatel/oem7/fix,/novatel/oem7/fix,/novatel/oem7/inspva,39.663,-75.756,-1.800495618,0.002192911,0.000975801,-0.001365775,0.001715669,0.000975801,,0,
1786043606488344445,1786043606.486135646,/novatel/oem7/odom,/novatel/oem7/fix,/novatel/oem7/odom,39.663,-75.756,-1.800495618,0.002191483,0.000979005,0.001640627,-0.001452907,0.000979005,,,
1786043606495882605,1786043606.495072617,/novatel/oem7/odom,/novatel/oem7/fix,/novatel/oem7/odom,39.663,-75.756,-1.800495618,0.002191483,0.000979005,0.001640627,-0.001452907,0.000979005,,,
1786043606507014543,1786043606.506244036,/novatel/oem7/inspva,/novatel/oem7/inspva,/novatel/oem7/inspva,39.663,-75.756,-1.800497649,0.001757786,0.000913101,-0.000740851,0.001594036,0.000913101,,novatel_oem7_msgs.msg.InertialSolutionStatus(status=3),
1786043606508563461,1786043606.506492054,/novatel/oem7/fix,/novatel/oem7/fix,/novatel/oem7/inspva,39.663,-75.756,-1.800497649,0.001757786,0.000913101,-0.000740851,0.001594036,0.000913101,,0,
1786043606509703415,1786043606.507098484,/novatel/oem7/odom,/novatel/oem7/fix,/novatel/oem7/odom,39.663,-75.756,-1.800497649,0.001755500,0.000917489,0.001550897,-0.000822497,0.000917489,,,
1786043606513047508,1786043606.512386252,/novatel/oem7/bestpos,/novatel/oem7/bestpos,/novatel/oem7/odom,39.663,-75.756,33.181747117,0.001755500,0.000917489,0.001550897,-0.000822497,0.000917489,,novatel_oem7_msgs.msg.SolutionStatus(status=0),novatel_oem7_msgs.msg.PositionOrVelocityType(type=53)
1786043606514499822,1786043606.512710838,/novatel/oem7/bestvel,/novatel/oem7/bestpos,/novatel/oem7/bestvel,39.663,-75.756,33.181747117,0.001539389,0.000626972,,,,97.088135052,novatel_oem7_msgs.msg.SolutionStatus(status=0),novatel_oem7_msgs.msg.PositionOrVelocityType(type=53)
1786043606516051131,1786043606.514598983,/novatel/oem7/odom,/novatel/oem7/bestpos,/novatel/oem7/odom,39.663,-75.756,33.181747117,0.001755500,0.000917489,0.001550897,-0.000822497,0.000917489,,,
1786043606525838386,1786043606.525308371,/novatel/oem7/inspva,/novatel/oem7/inspva,/novatel/oem7/inspva,39.663,-75.756,-1.800525025,0.001556503,-0.001870895,0.001172896,-0.001023238,-0.001870895,,novatel_oem7_msgs.msg.InertialSolutionStatus(status=3),
1786043606527277550,1786043606.525531846,/novatel/oem7/fix,/novatel/oem7/fix,/novatel/oem7/inspva,39.663,-75.756,-1.800525025,0.001556503,-0.001870895,0.001172896,-0.001023238,-0.001870895,,0,
1786043606528373264,1786043606.526291117,/novatel/oem7/odom,/novatel/oem7/fix,/novatel/oem7/odom,39.663,-75.756,-1.800525025,0.001555357,-0.001871848,-0.000955053,0.001227603,-0.001871848,,,
1786043606536583811,1786043606.535664095,/novatel/oem7/odom,/novatel/oem7/fix,/novatel/oem7/odom,39.663,-75.756,-1.800525025,0.001555357,-0.001871848,-0.000955053,0.001227603,-0.001871848,,,
1786043606545767226,1786043606.545108324,/novatel/oem7/inspva,/novatel/oem7/inspva,/novatel/oem7/inspva,39.663,-75.756,-1.800529553,0.001258918,-0.002174106,0.000757502,-0.001005518,-0.002174106,,novatel_oem7_msgs.msg.InertialSolutionStatus(status=3),
1786043606547175874,1786043606.545316779,/novatel/oem7/fix,/novatel/oem7/fix,/novatel/oem7/inspva,39.663,-75.756,-1.800529553,0.001258918,-0.002174106,0.000757502,-0.001005518,-0.002174106,,0,
1786043606548305135,1786043606.545859561,/novatel/oem7/odom,/novatel/oem7/fix,/novatel/oem7/odom,39.663,-75.756,-1.800529553,0.001255560,-0.002176047,-0.000957129,0.000812610,-0.002176047,,,
1786043606556828554,1786043606.555897715,/novatel/oem7/odom,/novatel/oem7/fix,/novatel/oem7/odom,39.663,-75.756,-1.800529553,0.001255560,-0.002176047,-0.000957129,0.000812610,-0.002176047,,,
1786043606567190789,1786043606.566628692,/novatel/oem7/inspva,/novatel/oem7/inspva,/novatel/oem7/inspva,39.663,-75.756,-1.800514836,0.001885764,0.000360797,-0.001170622,0.001478428,0.000360797,,novatel_oem7_msgs.msg.InertialSolutionStatus(status=3),
1786043606568641759,1786043606.566766441,/novatel/oem7/fix,/novatel/oem7/fix,/novatel/oem7/inspva,39.663,-75.756,-1.800514836,0.001885764,0.000360797,-0.001170622,0.001478428,0.000360797,,0,
1786043606569789180,1786043606.567259975,/novatel/oem7/odom,/novatel/oem7/fix,/novatel/oem7/odom,39.663,-75.756,-1.800514836,0.001885244,0.000363502,0.001416079,-0.001244534,0.000363502,,,
1786043606575976417,1786043606.575272230,/novatel/oem7/odom,/novatel/oem7/fix,/novatel/oem7/odom,39.663,-75.756,-1.800514836,0.001885244,0.000363502,0.001416079,-0.001244534,0.000363502,,,
1786043606585808450,1786043606.585229262,/novatel/oem7/inspva,/novatel/oem7/inspva,/novatel/oem7/inspva,39.663,-75.756,-1.800515106,0.000590189,0.000644379,-0.000401732,0.000432359,0.000644379,,novatel_oem7_msgs.msg.InertialSolutionStatus(status=3),
1786043606587176463,1786043606.585366363,/novatel/oem7/fix,/novatel/oem7/fix,/novatel/oem7/inspva,39.663,-75.756,-1.800515106,0.000590189,0.000644379,-0.000401732,0.000432359,0.000644379,,0,
1786043606588300064,1786043606.585910934,/novatel/oem7/odom,/novatel/oem7/fix,/novatel/oem7/odom,39.663,-75.756,-1.800515106,0.000589470,0.000645037,0.000408885,-0.000424603,0.000645037,,,
1786043606596462156,1786043606.595714489,/novatel/oem7/odom,/novatel/oem7/fix,/novatel/oem7/odom,39.663,-75.756,-1.800515106,0.000589470,0.000645037,0.000408885,-0.000424603,0.000645037,,,
1786043606607320225,1786043606.606625500,/novatel/oem7/inspva,/novatel/oem7/inspva,/novatel/oem7/inspva,39.663,-75.756,-1.800534426,0.001610827,-0.001123737,0.001591774,-0.000247019,-0.001123737,,novatel_oem7_msgs.msg.InertialSolutionStatus(status=3),
1786043606608842917,1786043606.606781785,/novatel/oem7/fix,/novatel/oem7/fix,/novatel/oem7/inspva,39.663,-75.756,-1.800534426,0.001610827,-0.001123737,0.001591774,-0.000247019,-0.001123737,,0,
1786043606609947838,1786043606.607455600,/novatel/oem7/odom,/novatel/oem7/fix,/novatel/oem7/odom,39.663,-75.756,-1.800534426,0.001613135,-0.001120422,-0.000161895,0.001604990,-0.001120422,,,
1786043606611461073,1786043606.610439257,/novatel/oem7/bestpos,/novatel/oem7/bestpos,/novatel/oem7/odom,39.663,-75.756,33.181739382,0.001613135,-0.001120422,-0.000161895,0.001604990,-0.001120422,,novatel_oem7_msgs.msg.SolutionStatus(status=0),novatel_oem7_msgs.msg.PositionOrVelocityType(type=53)
1786043606612876599,1786043606.610975821,/novatel/oem7/bestvel,/novatel/oem7/bestpos,/novatel/oem7/bestvel,39.663,-75.756,33.181739382,0.002113274,-0.000882975,,,,331.370918007,novatel_oem7_msgs.msg.SolutionStatus(status=0),novatel_oem7_msgs.msg.PositionOrVelocityType(type=53)
1786043606615449444,1786043606.614774505,/novatel/oem7/odom,/novatel/oem7/bestpos,/novatel/oem7/odom,39.663,-75.756,33.181739382,0.001613135,-0.001120422,-0.000161895,0.001604990,-0.001120422,,,
1786043606626851615,1786043606.626265623,/novatel/oem7/inspva,/novatel/oem7/inspva,/novatel/oem7/inspva,39.663,-75.756,-1.800537106,0.001009411,-0.001005648,0.000862945,-0.000523675,-0.001005648,,novatel_oem7_msgs.msg.InertialSolutionStatus(status=3),
1786043606628195625,1786043606.626400151,/novatel/oem7/fix,/novatel/oem7/fix,/novatel/oem7/inspva,39.663,-75.756,-1.800537106,0.001009411,-0.001005648,0.000862945,-0.000523675,-0.001005648,,0,
1786043606629251446,1786043606.626932113,/novatel/oem7/odom,/novatel/oem7/fix,/novatel/oem7/odom,39.663,-75.756,-1.800537106,0.001009647,-0.001005411,-0.000475358,0.000890742,-0.001005411,,,
1786043606635473479,1786043606.634625201,/novatel/oem7/odom,/novatel/oem7/fix,/novatel/oem7/odom,39.663,-75.756,-1.800537106,0.001009647,-0.001005411,-0.000475358,0.000890742,-0.001005411,,,
1786043606646159813,1786043606.645482473,/novatel/oem7/inspva,/novatel/oem7/inspva,/novatel/oem7/inspva,39.663,-75.756,-1.800531979,0.000799762,-0.000799984,-0.000759470,0.000250649,-0.000799984,,novatel_oem7_msgs.msg.InertialSolutionStatus(status=3),
1786043606647674572,1786043606.645693219,/novatel/oem7/fix,/novatel/oem7/fix,/novatel/oem7/inspva,39.663,-75.756,-1.800531979,0.000799762,-0.000799984,-0.000759470,0.000250649,-0.000799984,,0,
1786043606648791689,1786043606.646344782,/novatel/oem7/odom,/novatel/oem7/fix,/novatel/oem7/odom,39.663,-75.756,-1.800531979,0.000798713,-0.000801031,0.000215352,-0.000769134,-0.000801031,,,
1786043606657326019,1786043606.656532644,/novatel/oem7/odom,/novatel/oem7/fix,/novatel/oem7/odom,39.663,-75.756,-1.800531979,0.000798713,-0.000801031,0.000215352,-0.000769134,-0.000801031,,,
1786043606666155865,1786043606.665285205,/novatel/oem7/inspva,/novatel/oem7/inspva,/novatel/oem7/inspva,39.663,-75.756,-1.800519072,0.000883169,0.000655520,-0.000509054,0.000721701,0.000655520,,novatel_oem7_msgs.msg.InertialSolutionStatus(status=3),
1786043606668194228,1786043606.665494331,/novatel/oem7/fix,/novatel/oem7/fix,/novatel/oem7/inspva,39.663,-75.756,-1.800519072,0.000883169,0.000655520,-0.000509054,0.000721701,0.000655520,,0,
1786043606669584005,1786043606.666338633,/novatel/oem7/odom,/novatel/oem7/fix,/novatel/oem7/odom,39.663,-75.756,-1.800519072,0.000882051,0.000657024,0.000692425,-0.000546408,0.000657024,,,
1786043606675486005,1786043606.674579597,/novatel/oem7/odom,/novatel/oem7/fix,/novatel/oem7/odom,39.663,-75.756,-1.800519072,0.000882051,0.000657024,0.000692425,-0.000546408,0.000657024,,,
1786043606687587396,1786043606.686704334,/novatel/oem7/inspva,/novatel/oem7/inspva,/novatel/oem7/inspva,39.663,-75.756,-1.800527136,0.001475884,-0.000316551,0.001420438,-0.000400736,-0.000316551,,novatel_oem7_msgs.msg.InertialSolutionStatus(status=3),
1786043606689333057,1786043606.686891383,/novatel/oem7/fix,/novatel/oem7/fix,/novatel/oem7/inspva,39.663,-75.756,-1.800527136,0.001475884,-0.000316551,0.001420438,-0.000400736,-0.000316551,,0,
1786043606690787604,1786043606.687468959,/novatel/oem7/odom,/novatel/oem7/fix,/novatel/oem7/odom,39.663,-75.756,-1.800527136,0.001476357,-0.000314340,-0.000327338,0.001439611,-0.000314340,,,
1786043606695722642,1786043606.694969528,/novatel/oem7/odom,/novatel/oem7/fix,/novatel/oem7/odom,39.663,-75.756,-1.800527136,0.001476357,-0.000314340,-0.000327338,0.001439611,-0.000314340,,,
1786043606706701879,1786043606.705949504,/novatel/oem7/inspva,/novatel/oem7/inspva,/novatel/oem7/inspva,39.663,-75.756,-1.800529408,0.001132428,-0.000694986,0.001092498,0.000298060,-0.000694986,,novatel_oem7_msgs.msg.InertialSolutionStatus(status=3),
1786043606708287931,1786043606.706177901,/novatel/oem7/fix,/novatel/oem7/fix,/novatel/oem7/inspva,39.663,-75.756,-1.800529408,0.001132428,-0.000694986,0.001092498,0.000298060,-0.000694986,,0,
1786043606709453059,1786043606.706695232,/novatel/oem7/odom,/novatel/oem7/fix,/novatel/oem7/odom,39.663,-75.756,-1.800529408,0.001134973,-0.000690822,0.000355602,0.001077827,-0.000690822,,,
1786043606711072469,1786043606.709484984,/novatel/oem7/bestpos,/novatel/oem7/bestpos,/novatel/oem7/odom,39.663,-75.756,33.181735498,0.001134973,-0.000690822,0.000355602,0.001077827,-0.000690822,,novatel_oem7_msgs.msg.SolutionStatus(status=0),novatel_oem7_msgs.msg.PositionOrVelocityType(type=53)
1786043606712106875,1786043606.710163650,/novatel/oem7/bestvel,/novatel/oem7/bestpos,/novatel/oem7/bestvel,39.663,-75.756,33.181735498,0.001506530,-0.000986037,,,,18.884737181,novatel_oem7_msgs.msg.SolutionStatus(status=0),novatel_oem7_msgs.msg.PositionOrVelocityType(type=53)
1786043606716161388,1786043606.715492438,/novatel/oem7/odom,/novatel/oem7/bestpos,/novatel/oem7/odom,39.663,-75.756,33.181735498,0.001134973,-0.000690822,0.000355602,0.001077827,-0.000690822,,,
1786043606726164955,1786043606.725584113,/novatel/oem7/inspva,/novatel/oem7/inspva,/novatel/oem7/inspva,39.663,-75.756,-1.800528157,0.000500087,-0.000914767,-0.000090295,0.000491868,-0.000914767,,novatel_oem7_msgs.msg.InertialSolutionStatus(status=3),
1786043606727678873,1786043606.725797418,/novatel/oem7/fix,/novatel/oem7/fix,/novatel/oem7/inspva,39.663,-75.756,-1.800528157,0.000500087,-0.000914767,-0.000090295,0.000491868,-0.000914767,,0,
1786043606728815437,1786043606.726439204,/novatel/oem7/odom,/novatel/oem7/fix,/novatel/oem7/odom,39.663,-75.756,-1.800528157,0.000503246,-0.000913033,0.000490467,-0.000112687,-0.000913033,,,
1786043606735460579,1786043606.734721755,/novatel/oem7/odom,/novatel/oem7/fix,/novatel/oem7/odom,39.663,-75.756,-1.800528157,0.000503246,-0.000913033,0.000490467,-0.000112687,-0.000913033,,,
1786043606746825047,1786043606.746204437,/novatel/oem7/inspva,/novatel/oem7/inspva,/novatel/oem7/inspva,39.663,-75.756,-1.800517237,0.000173301,-0.000328043,-0.000160229,0.000066031,-0.000328043,,novatel_oem7_msgs.msg.InertialSolutionStatus(status=3),
1786043606748307567,1786043606.746344027,/novatel/oem7/fix,/novatel/oem7/fix,/novatel/oem7/inspva,39.663,-75.756,-1.800517237,0.000173301,-0.000328043,-0.000160229,0.000066031,-0.000328043,,0,
1786043606749484085,1786043606.746942574,/novatel/oem7/odom,/novatel/oem7/fix,/novatel/oem7/odom,39.663,-75.756,-1.800517237,0.000172989,-0.000328207,0.000059226,-0.000162535,-0.000328207,,,
1786043606758179927,1786043606.757276038,/novatel/oem7/odom,/novatel/oem7/fix,/novatel/oem7/odom,39.663,-75.756,-1.800517237,0.000172989,-0.000328207,0.000059226,-0.000162535,-0.000328207,,,
1786043606766353226,1786043606.765460768,/novatel/oem7/inspva,/novatel/oem7/inspva,/novatel/oem7/inspva,39.663,-75.756,-1.800513529,0.001097015,0.000623966,0.000839876,0.000705728,0.000623966,,novatel_oem7_msgs.msg.InertialSolutionStatus(status=3),
1786043606768206974,1786043606.765618537,/novatel/oem7/fix,/novatel/oem7/fix,/novatel/oem7/inspva,39.663,-75.756,-1.800513529,0.001097015,0.000623966,0.000839876,0.000705728,0.000623966,,0,
1786043606769730742,1786043606.766414827,/novatel/oem7/odom,/novatel/oem7/fix,/novatel/oem7/odom,39.663,-75.756,-1.800513529,0.001094086,0.000629088,0.000744562,0.000801656,0.000629088,,,
1786043606776813568,1786043606.775782611,/novatel/oem7/odom,/novatel/oem7/fix,/novatel/oem7/odom,39.663,-75.756,-1.800513529,0.001094086,0.000629088,0.000744562,0.000801656,0.000629088,,,
1786043606786223456,1786043606.785305271,/novatel/oem7/inspva,/novatel/oem7/inspva,/novatel/oem7/inspva,39.663,-75.756,-1.800517830,0.001030087,-0.000545204,0.001025018,0.000102061,-0.000545204,,novatel_oem7_msgs.msg.InertialSolutionStatus(status=3),
1786043606788088291,1786043606.785453257,/novatel/oem7/fix,/novatel/oem7/fix,/novatel/oem7/inspva,39.663,-75.756,-1.800517830,0.001030087,-0.000545204,0.001025018,0.000102061,-0.000545204,,0,
1786043606789433254,1786043606.785903317,/novatel/oem7/odom,/novatel/oem7/fix,/novatel/oem7/odom,39.663,-75.756,-1.800517830,0.001031769,-0.000542014,0.000155889,0.001019924,-0.000542014,,,
1786043606795480513,1786043606.794703538,/novatel/oem7/odom,/novatel/oem7/fix,/novatel/oem7/odom,39.663,-75.756,-1.800517830,0.001031769,-0.000542014,0.000155889,0.001019924,-0.000542014,,,
1786043606807312765,1786043606.806535624,/novatel/oem7/inspva,/novatel/oem7/inspva,/novatel/oem7/inspva,39.663,-75.756,-1.800526048,0.000821857,-0.001456384,0.000733128,-0.000371446,-0.001456384,,novatel_oem7_msgs.msg.InertialSolutionStatus(status=3),
1786043606808936247,1786043606.806714918,/novatel/oem7/fix,/novatel/oem7/fix,/novatel/oem7/inspva,39.663,-75.756,-1.800526048,0.000821857,-0.001456384,0.000733128,-0.000371446,-0.001456384,,0,
1786043606810090198,1786043606.807214307,/novatel/oem7/odom,/novatel/oem7/fix,/novatel/oem7/odom,39.663,-75.756,-1.800526048,0.000822789,-0.001455858,-0.000328004,0.000754583,-0.001455858,,,
1786043606811750398,1786043606.810363549,/novatel/oem7/bestpos,/novatel/oem7/bestpos,/novatel/oem7/odom,39.663,-75.756,33.181745070,0.000822789,-0.001455858,-0.000328004,0.000754583,-0.001455858,,novatel_oem7_msgs.msg.SolutionStatus(status=0),novatel_oem7_msgs.msg.PositionOrVelocityType(type=53)
1786043606812781811,1786043606.810885853,/novatel/oem7/bestvel,/novatel/oem7/bestpos,/novatel/oem7/bestvel,39.663,-75.756,33.181745070,0.002178766,-0.000742573,,,,295.058020985,novatel_oem7_msgs.msg.SolutionStatus(status=0),novatel_oem7_msgs.msg.PositionOrVelocityType(type=53)
1786043606815933822,1786043606.815151228,/novatel/oem7/odom,/novatel/oem7/bestpos,/novatel/oem7/odom,39.663,-75.756,33.181745070,0.000822789,-0.001455858,-0.000328004,0.000754583,-0.001455858,,,
1786043606825708300,1786043606.824957068,/novatel/oem7/inspva,/novatel/oem7/inspva,/novatel/oem7/inspva,39.663,-75.756,-1.800514802,0.000649358,-0.000752982,-0.000116634,0.000638797,-0.000752982,,novatel_oem7_msgs.msg.InertialSolutionStatus(status=3),
1786043606827159618,1786043606.825090888,/novatel/oem7/fix,/novatel/oem7/fix,/novatel/oem7/inspva,39.663,-75.756,-1.800514802,0.000649358,-0.000752982,-0.000116634,0.000638797,-0.000752982,,0,
1786043606828278055,1786043606.825681497,/novatel/oem7/odom,/novatel/oem7/fix,/novatel/oem7/odom,39.663,-75.756,-1.800514802,0.000651950,-0.000750738,0.000635208,-0.000146799,-0.000750738,,,
1786043606836285657,1786043606.835508529,/novatel/oem7/odom,/novatel/oem7/fix,/novatel/oem7/odom,39.663,-75.756,-1.800514802,0.000651950,-0.000750738,0.000635208,-0.000146799,-0.000750738,,,
1786043606846020725,1786043606.845282799,/novatel/oem7/inspva,/novatel/oem7/inspva,/novatel/oem7/inspva,39.663,-75.756,-1.800499933,0.000471972,0.001229753,0.000434700,0.000183830,0.001229753,,novatel_oem7_msgs.msg.InertialSolutionStatus(status=3),
1786043606847617087,1786043606.845481019,/novatel/oem7/fix,/novatel/oem7/fix,/novatel/oem7/inspva,39.663,-75.756,-1.800499933,0.000471972,0.001229753,0.000434700,0.000183830,0.001229753,,0,
1786043606848767738,1786043606.846197956,/novatel/oem7/odom,/novatel/oem7/fix,/novatel/oem7/odom,39.663,-75.756,-1.800499933,0.000466938,0.001231673,0.000200333,0.000421779,0.001231673,,,
1786043606857335882,1786043606.856477120,/novatel/oem7/odom,/novatel/oem7/fix,/novatel/oem7/odom,39.663,-75.756,-1.800499933,0.000466938,0.001231673,0.000200333,0.000421779,0.001231673,,,
1786043606867183057,1786043606.866272155,/novatel/oem7/inspva,/novatel/oem7/inspva,/novatel/oem7/inspva,39.663,-75.756,-1.800511564,0.000714634,-0.000021270,0.000666806,-0.000257044,-0.000021270,,novatel_oem7_msgs.msg.InertialSolutionStatus(status=3),
1786043606869199880,1786043606.866557615,/novatel/oem7/fix,/novatel/oem7/fix,/novatel/oem7/inspva,39.663,-75.756,-1.800511564,0.000714634,-0.000021270,0.000666806,-0.000257044,-0.000021270,,0,
1786043606870745575,1786043606.867363905,/novatel/oem7/odom,/novatel/oem7/fix,/novatel/oem7/odom,39.663,-75.756,-1.800511564,0.000714657,-0.000020497,-0.000223019,0.000678968,-0.000020497,,,
1786043606875747657,1786043606.874819688,/novatel/oem7/odom,/novatel/oem7/fix,/novatel/oem7/odom,39.663,-75.756,-1.800511564,0.000714657,-0.000020497,-0.000223019,0.000678968,-0.000020497,,,
1786043606885885530,1786043606.885309420,/novatel/oem7/inspva,/novatel/oem7/inspva,/novatel/oem7/inspva,39.663,-75.756,-1.800528524,0.000770692,-0.001861953,0.000541471,-0.000548430,-0.001861953,,novatel_oem7_msgs.msg.InertialSolutionStatus(status=3),
1786043606887453008,1786043606.885443320,/novatel/oem7/fix,/novatel/oem7/fix,/novatel/oem7/inspva,39.663,-75.756,-1.800528524,0.000770692,-0.001861953,0.000541471,-0.000548430,-0.001861953,,0,
1786043606888684087,1786043606.886175669,/novatel/oem7/odom,/novatel/oem7/fix,/novatel/oem7/odom,39.663,-75.756,-1.800528524,0.000769001,-0.001862653,-0.000512761,0.000573095,-0.001862653,,,
1786043606896540646,1786043606.895673208,/novatel/oem7/odom,/novatel/oem7/fix,/novatel/oem7/odom,39.663,-75.756,-1.800528524,0.000769001,-0.001862653,-0.000512761,0.000573095,-0.001862653,,,
1786043606906666065,1786043606.905892470,/novatel/oem7/inspva,/novatel/oem7/inspva,/novatel/oem7/inspva,39.663,-75.756,-1.800514087,0.000520722,-0.001115443,-0.000143398,-0.000500588,-0.001115443,,novatel_oem7_msgs.msg.InertialSolutionStatus(status=3),
1786043606908294161,1786043606.906136523,/novatel/oem7/fix,/novatel/oem7/fix,/novatel/oem7/inspva,39.663,-75.756,-1.800514087,0.000520722,-0.001115443,-0.000143398,-0.000500588,-0.001115443,,0,
1786043606909559883,1786043606.906737649,/novatel/oem7/odom,/novatel/oem7/fix,/novatel/oem7/odom,39.663,-75.756,-1.800514087,0.000515590,-0.001117825,-0.000502562,-0.000115171,-0.001117825,,,
1786043606911154995,1786043606.909574323,/novatel/oem7/bestpos,/novatel/oem7/bestpos,/novatel/oem7/odom,39.663,-75.756,33.181759234,0.000515590,-0.001117825,-0.000502562,-0.000115171,-0.001117825,,novatel_oem7_msgs.msg.SolutionStatus(status=0),novatel_oem7_msgs.msg.PositionOrVelocityType(type=53)
1786043606912237922,1786043606.910243863,/novatel/oem7/bestvel,/novatel/oem7/bestpos,/novatel/oem7/bestvel,39.663,-75.756,33.181759234,0.001453258,-0.000567401,,,,259.500404602,novatel_oem7_msgs.msg.SolutionStatus(status=0),novatel_oem7_msgs.msg.PositionOrVelocityType(type=53)
1786043606915131354,1786043606.914432794,/novatel/oem7/odom,/novatel/oem7/bestpos,/novatel/oem7/odom,39.663,-75.756,33.181759234,0.000515590,-0.001117825,-0.000502562,-0.000115171,-0.001117825,,,
1786043606927664632,1786043606.926745122,/novatel/oem7/inspva,/novatel/oem7/inspva,/novatel/oem7/inspva,39.663,-75.756,-1.800499786,0.000637557,0.000824410,0.000310667,0.000556745,0.000824410,,novatel_oem7_msgs.msg.InertialSolutionStatus(status=3),
1786043606929793047,1786043606.926979772,/novatel/oem7/fix,/novatel/oem7/fix,/novatel/oem7/inspva,39.663,-75.756,-1.800499786,0.000637557,0.000824410,0.000310667,0.000556745,0.000824410,,0,
1786043606931518420,1786043606.927752357,/novatel/oem7/odom,/novatel/oem7/fix,/novatel/oem7/odom,39.663,-75.756,-1.800499786,0.000633545,0.000827498,0.000568256,0.000280115,0.000827498,,,
1786043606936001247,1786043606.935134589,/novatel/oem7/odom,/novatel/oem7/fix,/novatel/oem7/odom,39.663,-75.756,-1.800499786,0.000633545,0.000827498,0.000568256,0.000280115,0.000827498,,,
1786043606945706608,1786043606.945033380,/novatel/oem7/inspva,/novatel/oem7/inspva,/novatel/oem7/inspva,39.663,-75.756,-1.800501307,0.000768421,0.000843496,0.000718532,0.000272365,0.000843496,,novatel_oem7_msgs.msg.InertialSolutionStatus(status=3),
1786043606947219240,1786043606.945170110,/novatel/oem7/fix,/novatel/oem7/fix,/novatel/oem7/inspva,39.663,-75.756,-1.800501307,0.000768421,0.000843496,0.000718532,0.000272365,0.000843496,,0,
1786043606948456388,1786043606.945690168,/novatel/oem7/odom,/novatel/oem7/fix,/novatel/oem7/odom,39.663,-75.756,-1.800501307,0.000765041,0.000846563,0.000304727,0.000701733,0.000846563,,,
1786043606956860830,1786043606.955839136,/novatel/oem7/odom,/novatel/oem7/fix,/novatel/oem7/odom,39.663,-75.756,-1.800501307,0.000765041,0.000846563,0.000304727,0.000701733,0.000846563,,,
1786043606966230314,1786043606.965353860,/novatel/oem7/inspva,/novatel/oem7/inspva,/novatel/oem7/inspva,39.663,-75.756,-1.800523676,0.000925341,-0.002007522,0.000898642,-0.000220677,-0.002007522,,novatel_oem7_msgs.msg.InertialSolutionStatus(status=3),
1786043606968315012,1786043606.965651489,/novatel/oem7/fix,/novatel/oem7/fix,/novatel/oem7/inspva,39.663,-75.756,-1.800523676,0.000925341,-0.002007522,0.000898642,-0.000220677,-0.002007522,,0,
1786043606970107732,1786043606.966399549,/novatel/oem7/odom,/novatel/oem7/fix,/novatel/oem7/odom,39.663,-75.756,-1.800523676,0.000928808,-0.002005920,-0.000166822,0.000913704,-0.002005920,,,
1786043606975737967,1786043606.974840861,/novatel/oem7/odom,/novatel/oem7/fix,/novatel/oem7/odom,39.663,-75.756,-1.800523676,0.000928808,-0.002005920,-0.000166822,0.000913704,-0.002005920,,,
1786043606986726907,1786043606.986056250,/novatel/oem7/inspva,/novatel/oem7/inspva,/novatel/oem7/inspva,39.663,-75.756,-1.800501409,0.000735456,-0.000807723,0.000570559,-0.000464066,-0.000807723,,novatel_oem7_msgs.msg.InertialSolutionStatus(status=3),
1786043606989222675,1786043606.986190712,/novatel/oem7/fix,/novatel/oem7/fix,/novatel/oem7/inspva,39.663,-75.756,-1.800501409,0.000735456,-0.000807723,0.000570559,-0.000464066,-0.000807723,,0,
1786043606991600551,1786043606.986639286,/novatel/oem7/odom,/novatel/oem7/fix,/novatel/oem7/odom,39.663,-75.756,-1.800501409,0.000735135,-0.000808016,-0.000431376,0.000595263,-0.000808016,,,
1786043606995776569,1786043606.994939881,/novatel/oem7/odom,/novatel/oem7/fix,/novatel/oem7/odom,39.663,-75.756,-1.800501409,0.000735135,-0.000808016,-0.000431376,0.000595263,-0.000808016,,,
1786043607010685198,1786043607.010003684,/novatel/oem7/inspva,/novatel/oem7/inspva,/novatel/oem7/inspva,39.663,-75.756,-1.800477042,0.001695073,0.001075460,0.000064096,0.001693861,0.001075460,,novatel_oem7_msgs.msg.InertialSolutionStatus(status=3),
1786043607012273391,1786043607.010195188,/novatel/oem7/fix,/novatel/oem7/fix,/novatel/oem7/inspva,39.663,-75.756,-1.800477042,0.001695073,0.001075460,0.000064096,0.001693861,0.001075460,,0,
1786043607013679309,1786043607.011382751,/novatel/oem7/odom,/novatel/oem7/fix,/novatel/oem7/odom,39.663,-75.756,-1.800477042,0.001690631,0.001082430,0.001690459,-0.000024116,0.001082430,,,
1786043607017632368,1786043607.016674425,/novatel/oem7/odom,/novatel/oem7/fix,/novatel/oem7/odom,39.663,-75.756,-1.800477042,0.001690631,0.001082430,0.001690459,-0.000024116,0.001082430,,,
1786043607028543528,1786043607.026474578,/novatel/oem7/bestpos,/novatel/oem7/bestpos,/novatel/oem7/odom,39.663,-75.756,33.181781800,0.001690631,0.001082430,0.001690459,-0.000024116,0.001082430,,novatel_oem7_msgs.msg.SolutionStatus(status=0),novatel_oem7_msgs.msg.PositionOrVelocityType(type=53)
1786043607030484780,1786043607.026981946,/novatel/oem7/bestvel,/novatel/oem7/bestpos,/novatel/oem7/bestvel,39.663,-75.756,33.181781800,0.001953722,0.000690283,,,,72.956810850,novatel_oem7_msgs.msg.SolutionStatus(status=0),novatel_oem7_msgs.msg.PositionOrVelocityType(type=53)
1786043607031543143,1786043607.027542071,/novatel/oem7/inspva,/novatel/oem7/inspva,/novatel/oem7/inspva,39.663,-75.756,-1.800475429,0.001430150,0.000720768,0.000213902,0.001414064,0.000720768,,novatel_oem7_msgs.msg.InertialSolutionStatus(status=3),
1786043607032572090,1786043607.027823001,/novatel/oem7/fix,/novatel/oem7/fix,/novatel/oem7/inspva,39.663,-75.756,-1.800475429,0.001430150,0.000720768,0.000213902,0.001414064,0.000720768,,0,
1786043607033808599,1786043607.028576168,/novatel/oem7/odom,/novatel/oem7/fix,/novatel/oem7/odom,39.663,-75.756,-1.800475429,0.001426967,0.000727050,0.001420034,0.000140492,0.000727050,,,
1786043607035885489,1786043607.035124418,/novatel/oem7/odom,/novatel/oem7/fix,/novatel/oem7/odom,39.663,-75.756,-1.800475429,0.001426967,0.000727050,0.001420034,0.000140492,0.000727050,,,
1786043607046132882,1786043607.045515253,/novatel/oem7/inspva,/novatel/oem7/inspva,/novatel/oem7/inspva,39.663,-75.756,-1.800470137,0.001683960,-0.000771606,0.001647817,-0.000347017,-0.000771606,,novatel_oem7_msgs.msg.InertialSolutionStatus(status=3),
1786043607047651247,1786043607.045709781,/novatel/oem7/fix,/novatel/oem7/fix,/novatel/oem7/inspva,39.663,-75.756,-1.800470137,0.001683960,-0.000771606,0.001647817,-0.000347017,-0.000771606,,0,
1786043607048872189,1786043607.046376204,/novatel/oem7/odom,/novatel/oem7/fix,/novatel/oem7/odom,39.663,-75.756,-1.800470137,0.001685408,-0.000768439,-0.000260333,0.001665180,-0.000768439,,,
1786043607057687374,1786043607.056741892,/novatel/oem7/odom,/novatel/oem7/fix,/novatel/oem7/odom,39.663,-75.756,-1.800470137,0.001685408,-0.000768439,-0.000260333,0.001665180,-0.000768439,,,
1786043607066187780,1786043607.065172197,/novatel/oem7/inspva,/novatel/oem7/inspva,/novatel/oem7/inspva,39.663,-75.756,-1.800442022,0.000872208,-0.001012517,0.000713619,-0.000501493,-0.001012517,,novatel_oem7_msgs.msg.InertialSolutionStatus(status=3),
1786043607068327751,1786043607.065390193,/novatel/oem7/fix,/novatel/oem7/fix,/novatel/oem7/inspva,39.663,-75.756,-1.800442022,0.000872208,-0.001012517,0.000713619,-0.000501493,-0.001012517,,0,
1786043607069938121,1786043607.066330825,/novatel/oem7/odom,/novatel/oem7/fix,/novatel/oem7/odom,39.663,-75.756,-1.800442022,0.000872169,-0.001012551,-0.000460697,0.000740565,-0.001012551,,,
1786043607075792287,1786043607.074829794,/novatel/oem7/odom,/novatel/oem7/fix,/novatel/oem7/odom,39.663,-75.756,-1.800442022,0.000872169,-0.001012551,-0.000460697,0.000740565,-0.001012551,,,
1786043607086578426,1786043607.085670467,/novatel/oem7/inspva,/novatel/oem7/inspva,/novatel/oem7/inspva,39.663,-75.756,-1.800395224,0.001696101,0.001295424,-0.000624152,0.001577084,0.001295424,,novatel_oem7_msgs.msg.InertialSolutionStatus(status=3),
1786043607088390790,1786043607.085942156,/novatel/oem7/fix,/novatel/oem7/fix,/novatel/oem7/inspva,39.663,-75.756,-1.800395224,0.001696101,0.001295424,-0.000624152,0.001577084,0.001295424,,0,
1786043607089695879,1786043607.086785051,/novatel/oem7/odom,/novatel/oem7/fix,/novatel/oem7/odom,39.663,-75.756,-1.800395224,0.001692582,0.001300018,0.001538242,-0.000706148,0.001300018,,,
1786043607096295903,1786043607.095337708,/novatel/oem7/odom,/novatel/oem7/fix,/novatel/oem7/odom,39.663,-75.756,-1.800395224,0.001692582,0.001300018,0.001538242,-0.000706148,0.001300018,,,
1786043607106897296,1786043607.106052612,/novatel/oem7/inspva,/novatel/oem7/inspva,/novatel/oem7/inspva,39.663,-75.756,-1.800376456,0.001482680,0.000769847,-0.000553200,0.001375613,0.000769847,,novatel_oem7_msgs.msg.InertialSolutionStatus(status=3),
1786043607108842072,1786043607.106351755,/novatel/oem7/fix,/novatel/oem7/fix,/novatel/oem7/inspva,39.663,-75.756,-1.800376456,0.001482680,0.000769847,-0.000553200,0.001375613,0.000769847,,0,
1786043607110283476,1786043607.106978157,/novatel/oem7/odom,/novatel/oem7/fix,/novatel/oem7/odom,39.663,-75.756,-1.800376456,0.001480594,0.000773851,0.001342776,-0.000623787,0.000773851,,,
1786043607112473938,1786043607.110100831,/novatel/oem7/bestpos,/novatel/oem7/bestpos,/novatel/oem7/odom,39.663,-75.756,33.181908209,0.001480594,0.000773851,0.001342776,-0.000623787,0.000773851,,novatel_oem7_msgs.msg.SolutionStatus(status=0),novatel_oem7_msgs.msg.PositionOrVelocityType(type=53)
1786043607113849778,1786043607.110656617,/novatel/oem7/bestvel,/novatel/oem7/bestpos,/novatel/oem7/bestvel,39.663,-75.756,33.181908209,0.001794160,0.000561647,,,,106.246155822,novatel_oem7_msgs.msg.SolutionStatus(status=0),novatel_oem7_msgs.msg.PositionOrVelocityType(type=53)
1786043607116565401,1786043607.115758140,/novatel/oem7/odom,/novatel/oem7/bestpos,/novatel/oem7/odom,39.663,-75.756,33.181908209,0.001480594,0.000773851,0.001342776,-0.000623787,0.000773851,,,
1786043607126302029,1786043607.125477004,/novatel/oem7/inspva,/novatel/oem7/inspva,/novatel/oem7/inspva,39.663,-75.756,-1.800366862,0.001349035,-0.000075476,0.001292849,0.000385275,-0.000075476,,novatel_oem7_msgs.msg.InertialSolutionStatus(status=3),
1786043607128076793,1786043607.125718653,/novatel/oem7/fix,/novatel/oem7/fix,/novatel/oem7/inspva,39.663,-75.756,-1.800366862,0.001349035,-0.000075476,0.001292849,0.000385275,-0.000075476,,0,
1786043607129247538,1786043607.126528731,/novatel/oem7/odom,/novatel/oem7/fix,/novatel/oem7/odom,39.663,-75.756,-1.800366862,0.001349312,-0.000070354,0.000450257,0.001271972,-0.000070354,,,
1786043607135865815,1786043607.135124421,/novatel/oem7/odom,/novatel/oem7/fix,/novatel/oem7/odom,39.663,-75.756,-1.800366862,0.001349312,-0.000070354,0.000450257,0.001271972,-0.000070354,,,
1786043607146159139,1786043607.145488626,/novatel/oem7/inspva,/novatel/oem7/inspva,/novatel/oem7/inspva,39.663,-75.756,-1.800339065,0.000882722,-0.000036400,0.000859074,-0.000202953,-0.000036400,,novatel_oem7_msgs.msg.InertialSolutionStatus(status=3),
1786043607147777588,1786043607.145720258,/novatel/oem7/fix,/novatel/oem7/fix,/novatel/oem7/inspva,39.663,-75.756,-1.800339065,0.000882722,-0.000036400,0.000859074,-0.000202953,-0.000036400,,0,
1786043607148907115,1786043607.146117158,/novatel/oem7/odom,/novatel/oem7/fix,/novatel/oem7/odom,39.663,-75.756,-1.800339065,0.000882785,-0.000034834,-0.000159232,0.000868305,-0.000034834,,,
1786043607156996714,1786043607.155934484,/novatel/oem7/odom,/novatel/oem7/fix,/novatel/oem7/odom,39.663,-75.756,-1.800339065,0.000882785,-0.000034834,-0.000159232,0.000868305,-0.000034834,,,
1786043607166514347,1786043607.165535557,/novatel/oem7/inspva,/novatel/oem7/inspva,/novatel/oem7/inspva,39.663,-75.756,-1.800305940,0.001069644,-0.000141332,-0.000995321,0.000391759,-0.000141332,,novatel_oem7_msgs.msg.InertialSolutionStatus(status=3),
1786043607168547447,1786043607.165823817,/novatel/oem7/fix,/novatel/oem7/fix,/novatel/oem7/inspva,39.663,-75.756,-1.800305940,0.001069644,-0.000141332,-0.000995321,0.000391759,-0.000141332,,0,
1786043607170015491,1786043607.166388696,/novatel/oem7/odom,/novatel/oem7/fix,/novatel/oem7/odom,39.663,-75.756,-1.800305940,0.001069490,-0.000142496,0.000341667,-0.001013446,-0.000142496,,,
1786043607176350852,1786043607.175562041,/novatel/oem7/odom,/novatel/oem7/fix,/novatel/oem7/odom,39.663,-75.756,-1.800305940,0.001069490,-0.000142496,0.000341667,-0.001013446,-0.000142496,,,
1786043607186180248,1786043607.185156015,/novatel/oem7/inspva,/novatel/oem7/inspva,/novatel/oem7/inspva,39.663,-75.756,-1.800274011,0.001291517,0.000329152,-0.000830842,0.000988796,0.000329152,,novatel_oem7_msgs.msg.InertialSolutionStatus(status=3),
1786043607188086360,1786043607.185502048,/novatel/oem7/fix,/novatel/oem7/fix,/novatel/oem7/inspva,39.663,-75.756,-1.800274011,0.001291517,0.000329152,-0.000830842,0.000988796,0.000329152,,0,
1786043607189238245,1786043607.186135424,/novatel/oem7/odom,/novatel/oem7/fix,/novatel/oem7/odom,39.663,-75.756,-1.800274011,0.001291091,0.000330818,0.000944283,-0.000880480,0.000330818,,,
1786043607195164835,1786043607.194465766,/novatel/oem7/odom,/novatel/oem7/fix,/novatel/oem7/odom,39.663,-75.756,-1.800274011,0.001291091,0.000330818,0.000944283,-0.000880480,0.000330818,,,
1786043607207313128,1786043607.206666918,/novatel/oem7/inspva,/novatel/oem7/inspva,/novatel/oem7/inspva,39.663,-75.756,-1.800246909,0.001027769,0.001469607,0.000781418,0.000667604,0.001469607,,novatel_oem7_msgs.msg.InertialSolutionStatus(status=3),
1786043607208859453,1786043607.206875540,/novatel/oem7/fix,/novatel/oem7/fix,/novatel/oem7/inspva,39.663,-75.756,-1.800246909,0.001027769,0.001469607,0.000781418,0.000667604,0.001469607,,0,
1786043607210002310,1786043607.207334928,/novatel/oem7/odom,/novatel/oem7/fix,/novatel/oem7/odom,39.663,-75.756,-1.800246909,0.001020791,0.001474463,0.000699993,0.000742983,0.001474463,,,
1786043607211566825,1786043607.210136601,/novatel/oem7/bestpos,/novatel/oem7/bestpos,/novatel/oem7/odom,39.663,-75.756,33.182013837,0.001020791,0.001474463,0.000699993,0.000742983,0.001474463,,novatel_oem7_msgs.msg.SolutionStatus(status=0),novatel_oem7_msgs.msg.PositionOrVelocityType(type=53)
1786043607212576942,1786043607.210601683,/novatel/oem7/bestvel,/novatel/oem7/bestpos,/novatel/oem7/bestvel,39.663,-75.756,33.182013837,0.002410995,0.000428775,,,,52.262030667,novatel_oem7_msgs.msg.SolutionStatus(status=0),novatel_oem7_msgs.msg.PositionOrVelocityType(type=53)
1786043607215712959,1786043607.215009316,/novatel/oem7/odom,/novatel/oem7/bestpos,/novatel/oem7/odom,39.663,-75.756,33.182013837,0.001020791,0.001474463,0.000699993,0.000742983,0.001474463,,,
1786043607225983362,1786043607.225182745,/novatel/oem7/inspva,/novatel/oem7/inspva,/novatel/oem7/inspva,39.663,-75.756,-1.800224136,0.001336508,0.000622877,0.001255883,0.000457180,0.000622877,,novatel_oem7_msgs.msg.InertialSolutionStatus(status=3),
1786043607227874681,1786043607.225402457,/novatel/oem7/fix,/novatel/oem7/fix,/novatel/oem7/inspva,39.663,-75.756,-1.800224136,0.001336508,0.000622877,0.001255883,0.000457180,0.000622877,,0,
1786043607229406182,1786043607.225885078,/novatel/oem7/odom,/novatel/oem7/fix,/novatel/oem7/odom,39.663,-75.756,-1.800224136,0.001334019,0.000628191,0.000517307,0.001229635,0.000628191,,,
1786043607235909386,1786043607.235023203,/novatel/oem7/odom,/novatel/oem7/fix,/novatel/oem7/odom,39.663,-75.756,-1.800224136,0.001334019,0.000628191,0.000517307,0.001229635,0.000628191,,,
1786043607246258210,1786043607.245490889,/novatel/oem7/inspva,/novatel/oem7/inspva,/novatel/oem7/inspva,39.663,-75.756,-1.800209949,0.000047177,-0.001252504,0.000046923,-0.000004890,-0.001252504,,novatel_oem7_msgs.msg.InertialSolutionStatus(status=3),
1786043607248013170,1786043607.245701201,/novatel/oem7/fix,/novatel/oem7/fix,/novatel/oem7/inspva,39.663,-75.756,-1.800209949,0.000047177,-0.001252504,0.000046923,-0.000004890,-0.001252504,,0,
1786043607249206548,1786043607.246240913,/novatel/oem7/odom,/novatel/oem7/fix,/novatel/oem7/odom,39.663,-75.756,-1.800209949,0.000050371,-0.001252380,0.000002653,0.000050301,-0.001252380,,,
1786043607258182649,1786043607.257002397,/novatel/oem7/odom,/novatel/oem7/fix,/novatel/oem7/odom,39.663,-75.756,-1.800209949,0.000050371,-0.001252380,0.000002653,0.000050301,-0.001252380,,,
1786043607266999380,1786043607.266467349,/novatel/oem7/inspva,/novatel/oem7/inspva,/novatel/oem7/inspva,39.663,-75.756,-1.800174508,0.000907558,-0.000804714,0.000118567,0.000899779,-0.000804714,,novatel_oem7_msgs.msg.InertialSolutionStatus(status=3),
1786043607267892748,1786043607.266745686,/novatel/oem7/fix,/novatel/oem7/fix,/novatel/oem7/inspva,39.663,-75.756,-1.800174508,0.000907558,-0.000804714,0.000118567,0.000899779,-0.000804714,,0,
1786043607268724755,1786043607.267278732,/novatel/oem7/odom,/novatel/oem7/fix,/novatel/oem7/odom,39.663,-75.756,-1.800174508,0.000911004,-0.000800811,0.000907902,0.000075118,-0.000800811,,,
1786043607275593748,1786043607.274739965,/novatel/oem7/odom,/novatel/oem7/fix,/novatel/oem7/odom,39.663,-75.756,-1.800174508,0.000911004,-0.000800811,0.000907902,0.000075118,-0.000800811,,,
1786043607286416597,1786043607.285525439,/novatel/oem7/inspva,/novatel/oem7/inspva,/novatel/oem7/inspva,39.663,-75.756,-1.800130889,0.001314954,0.002215385,-0.000416128,0.001247374,0.002215385,,novatel_oem7_msgs.msg.InertialSolutionStatus(status=3),
1786043607288220211,1786043607.285817002,/novatel/oem7/fix,/novatel/oem7/fix,/novatel/oem7/inspva,39.663,-75.756,-1.800130889,0.001314954,0.002215385,-0.000416128,0.001247374,0.002215385,,0,
1786043607289484220,1786043607.286461928,/novatel/oem7/odom,/novatel/oem7/fix,/novatel/oem7/odom,39.663,-75.756,-1.800130889,0.001308465,0.002219224,0.001215582,-0.000484192,0.002219224,,,
1786043607296896126,1786043607.295956520,/novatel/oem7/odom,/novatel/oem7/fix,/novatel/oem7/odom,39.663,-75.756,-1.800130889,0.001308465,0.002219224,0.001215582,-0.000484192,0.002219224,,,
1786043607306726241,1786043607.305942624,/novatel/oem7/inspva,/novatel/oem7/inspva,/novatel/oem7/inspva,39.663,-75.756,-1.800112247,0.000852871,0.001505304,0.000601274,0.000604863,0.001505304,,novatel_oem7_msgs.msg.InertialSolutionStatus(status=3),
1786043607308575293,1786043607.306222010,/novatel/oem7/fix,/novatel/oem7/fix,/novatel/oem7/inspva,39.663,-75.756,-1.800112247,0.000852871,0.001505304,0.000601274,0.000604863,0.001505304,,0,
1786043607310045607,1786043607.306724838,/novatel/oem7/odom,/novatel/oem7/fix,/novatel/oem7/odom,39.663,-75.756,-1.800112247,0.000845634,0.001509381,0.000628140,0.000566160,0.001509381,,,
1786043607311935212,1786043607.309445581,/novatel/oem7/bestpos,/novatel/oem7/bestpos,/novatel/oem7/odom,39.663,-75.756,33.182161612,0.000845634,0.001509381,0.000628140,0.000566160,0.001509381,,novatel_oem7_msgs.msg.SolutionStatus(status=0),novatel_oem7_msgs.msg.PositionOrVelocityType(type=53)
1786043607313301752,1786043607.310018557,/novatel/oem7/bestvel,/novatel/oem7/bestpos,/novatel/oem7/bestvel,39.663,-75.756,33.182161612,0.001774967,0.000880678,,,,62.604384964,novatel_oem7_msgs.msg.SolutionStatus(status=0),novatel_oem7_msgs.msg.PositionOrVelocityType(type=53)
1786043607315466130,1786043607.314442091,/novatel/oem7/odom,/novatel/oem7/bestpos,/novatel/oem7/odom,39.663,-75.756,33.182161612,0.000845634,0.001509381,0.000628140,0.000566160,0.001509381,,,
1786043607327169970,1786043607.326614482,/novatel/oem7/inspva,/novatel/oem7/inspva,/novatel/oem7/inspva,39.663,-75.756,-1.800101549,0.000744812,-0.001116561,0.000744127,-0.000031933,-0.001116561,,novatel_oem7_msgs.msg.InertialSolutionStatus(status=3),
1786043607328651978,1786043607.326800750,/novatel/oem7/fix,/novatel/oem7/fix,/novatel/oem7/inspva,39.663,-75.756,-1.800101549,0.000744812,-0.001116561,0.000744127,-0.000031933,-0.001116561,,0,
1786043607329886047,1786043607.327225546,/novatel/oem7/odom,/novatel/oem7/fix,/novatel/oem7/odom,39.663,-75.756,-1.800101549,0.000747691,-0.001114636,0.000010186,0.000747622,-0.001114636,,,
1786043607335617086,1786043607.334916516,/novatel/oem7/odom,/novatel/oem7/fix,/novatel/oem7/odom,39.663,-75.756,-1.800101549,0.000747691,-0.001114636,0.000010186,0.000747622,-0.001114636,,,
1786043607345581923,1786043607.345022981,/novatel/oem7/inspva,/novatel/oem7/inspva,/novatel/oem7/inspva,39.663,-75.756,-1.800061056,0.000656067,-0.000598687,0.000500302,0.000424408,-0.000598687,,novatel_oem7_msgs.msg.InertialSolutionStatus(status=3),
1786043607346969750,1786043607.345166639,/novatel/oem7/fix,/novatel/oem7/fix,/novatel/oem7/inspva,39.663,-75.756,-1.800061056,0.000656067,-0.000598687,0.000500302,0.000424408,-0.000598687,,0,
1786043607348137121,1786043607.345529809,/novatel/oem7/odom,/novatel/oem7/fix,/novatel/oem7/odom,39.663,-75.756,-1.800061056,0.000658851,-0.000595622,0.000451533,0.000479795,-0.000595622,,,
1786043607356788539,1786043607.356026231,/novatel/oem7/odom,/novatel/oem7/fix,/novatel/oem7/odom,39.663,-75.756,-1.800061056,0.000658851,-0.000595622,0.000451533,0.000479795,-0.000595622,,,
1786043607365948705,1786043607.365393269,/novatel/oem7/inspva,/novatel/oem7/inspva,/novatel/oem7/inspva,39.663,-75.756,-1.800012819,0.002233977,0.001902943,-0.001700582,0.001448681,0.001902943,,novatel_oem7_msgs.msg.InertialSolutionStatus(status=3),
1786043607367469122,1786043607.365575231,/novatel/oem7/fix,/novatel/oem7/fix,/novatel/oem7/inspva,39.663,-75.756,-1.800012819,0.002233977,0.001902943,-0.001700582,0.001448681,0.001902943,,0,
1786043607368640971,1786043607.366206864,/novatel/oem7/odom,/novatel/oem7/fix,/novatel/oem7/odom,39.663,-75.756,-1.800012819,0.002233085,0.001903990,0.001353259,-0.001776333,0.001903990,,,
1786043607375590575,1786043607.374927928,/novatel/oem7/odom,/novatel/oem7/fix,/novatel/oem7/odom,39.663,-75.756,-1.800012819,0.002233085,0.001903990,0.001353259,-0.001776333,0.001903990,,,
1786043607386657936,1786043607.386065697,/novatel/oem7/inspva,/novatel/oem7/inspva,/novatel/oem7/inspva,39.663,-75.756,-1.799978343,0.001489759,0.002208321,-0.000418374,0.001429806,0.002208321,,novatel_oem7_msgs.msg.InertialSolutionStatus(status=3),
1786043607388132597,1786043607.386224315,/novatel/oem7/fix,/novatel/oem7/fix,/novatel/oem7/inspva,39.663,-75.756,-1.799978343,0.001489759,0.002208321,-0.000418374,0.001429806,0.002208321,,0,
1786043607389236318,1786043607.386647126,/novatel/oem7/odom,/novatel/oem7/fix,/novatel/oem7/odom,39.663,-75.756,-1.799978343,0.001483039,0.002212839,0.001397777,-0.000495605,0.002212839,,,
1786043607395115812,1786043607.394416750,/novatel/oem7/odom,/novatel/oem7/fix,/novatel/oem7/odom,39.663,-75.756,-1.799978343,0.001483039,0.002212839,0.001397777,-0.000495605,0.002212839,,,
1786043607407061615,1786043607.406548580,/novatel/oem7/inspva,/novatel/oem7/inspva,/novatel/oem7/inspva,39.663,-75.756,-1.799969160,0.001395480,-0.000805934,0.001131125,-0.000817264,-0.000805934,,novatel_oem7_msgs.msg.InertialSolutionStatus(status=3),
1786043607408490119,1786043607.406716561,/novatel/oem7/fix,/novatel/oem7/fix,/novatel/oem7/inspva,39.663,-75.756,-1.799969160,0.001395480,-0.000805934,0.001131125,-0.000817264,-0.000805934,,0,
1786043607409647930,1786043607.407247370,/novatel/oem7/odom,/novatel/oem7/fix,/novatel/oem7/odom,39.663,-75.756,-1.799969160,0.001395394,-0.000806083,-0.000755872,0.001172937,-0.000806083,,,
1786043607411198055,1786043607.410301849,/novatel/oem7/bestpos,/novatel/oem7/bestpos,/novatel/oem7/odom,39.663,-75.756,33.182320822,0.001395394,-0.000806083,-0.000755872,0.001172937,-0.000806083,,novatel_oem7_msgs.msg.SolutionStatus(status=0),novatel_oem7_msgs.msg.PositionOrVelocityType(type=53)
1786043607412742457,1786043607.410813361,/novatel/oem7/bestvel,/novatel/oem7/bestpos,/novatel/oem7/bestvel,39.663,-75.756,33.182320822,0.000663226,-0.000785456,,,,336.408924830,novatel_oem7_msgs.msg.SolutionStatus(status=0),novatel_oem7_msgs.msg.PositionOrVelocityType(type=53)
1786043607416283651,1786043607.415634772,/novatel/oem7/odom,/novatel/oem7/bestpos,/novatel/oem7/odom,39.663,-75.756,33.182320822,0.001395394,-0.000806083,-0.000755872,0.001172937,-0.000806083,,,
1786043607425667273,1786043607.425022176,/novatel/oem7/inspva,/novatel/oem7/inspva,/novatel/oem7/inspva,39.663,-75.756,-1.799932613,0.000980479,-0.000739096,0.000926033,-0.000322182,-0.000739096,,novatel_oem7_msgs.msg.InertialSolutionStatus(status=3),
1786043607427044469,1786043607.425296935,/novatel/oem7/fix,/novatel/oem7/fix,/novatel/oem7/inspva,39.663,-75.756,-1.799932613,0.000980479,-0.000739096,0.000926033,-0.000322182,-0.000739096,,0,
1786043607428228071,1786043607.425694616,/novatel/oem7/odom,/novatel/oem7/fix,/novatel/oem7/odom,39.663,-75.756,-1.799932613,0.000981442,-0.000737817,-0.000272082,0.000942973,-0.000737817,,,
1786043607435285289,1786043607.434623832,/novatel/oem7/odom,/novatel/oem7/fix,/novatel/oem7/odom,39.663,-75.756,-1.799932613,0.000981442,-0.000737817,-0.000272082,0.000942973,-0.000737817,,,
1786043607446018591,1786043607.445438878,/novatel/oem7/inspva,/novatel/oem7/inspva,/novatel/oem7/inspva,39.663,-75.756,-1.799895237,0.002436101,0.000818281,-0.001317796,0.002048903,0.000818281,,novatel_oem7_msgs.msg.InertialSolutionStatus(status=3),
1786043607447451718,1786043607.445721344,/novatel/oem7/fix,/novatel/oem7/fix,/novatel/oem7/inspva,39.663,-75.756,-1.799895237,0.002436101,0.000818281,-0.001317796,0.002048903,0.000818281,,0,
1786043607448686880,1786043607.446216003,/novatel/oem7/odom,/novatel/oem7/fix,/novatel/oem7/odom,39.663,-75.756,-1.799895237,0.002434606,0.000822720,0.001976520,-0.001421504,0.000822720,,,
1786043607457185996,1786043607.456555843,/novatel/oem7/odom,/novatel/oem7/fix,/novatel/oem7/odom,39.663,-75.756,-1.799895237,0.002434606,0.000822720,0.001976520,-0.001421504,0.000822720,,,
1786043607465768913,1786043607.465129643,/novatel/oem7/inspva,/novatel/oem7/inspva,/novatel/oem7/inspva,39.663,-75.756,-1.799853356,0.001316791,0.001732686,-0.000968022,0.000892677,0.001732686,,novatel_oem7_msgs.msg.InertialSolutionStatus(status=3),
1786043607467172000,1786043607.465418496,/novatel/oem7/fix,/novatel/oem7/fix,/novatel/oem7/inspva,39.663,-75.756,-1.799853356,0.001316791,0.001732686,-0.000968022,0.000892677,0.001732686,,0,
1786043607468297094,1786043607.465821096,/novatel/oem7/odom,/novatel/oem7/fix,/novatel/oem7/odom,39.663,-75.756,-1.799853356,0.001315664,0.001733542,0.000835615,-0.001016228,0.001733542,,,
1786043607476392963,1786043607.475741265,/novatel/oem7/odom,/novatel/oem7/fix,/novatel/oem7/odom,39.663,-75.756,-1.799853356,0.001315664,0.001733542,0.000835615,-0.001016228,0.001733542,,,
1786043607486022673,1786043607.485519048,/novatel/oem7/inspva,/novatel/oem7/inspva,/novatel/oem7/inspva,39.663,-75.756,-1.799838094,0.001378769,0.000239339,0.001062076,-0.000879204,0.000239339,,novatel_oem7_msgs.msg.InertialSolutionStatus(status=3),
1786043607487302796,1786043607.485716623,/novatel/oem7/fix,/novatel/oem7/fix,/novatel/oem7/inspva,39.663,-75.756,-1.799838094,0.001378769,0.000239339,0.001062076,-0.000879204,0.000239339,,0,
1786043607488369316,1786043607.486329894,/novatel/oem7/odom,/novatel/oem7/fix,/novatel/oem7/odom,39.663,-75.756,-1.799838094,0.001378872,0.000238749,-0.000825554,0.001104422,0.000238749,,,
1786043607495866209,1786043607.495149102,/novatel/oem7/odom,/novatel/oem7/fix,/novatel/oem7/odom,39.663,-75.756,-1.799838094,0.001378872,0.000238749,-0.000825554,0.001104422,0.000238749,,,
1786043607506726451,1786043607.506206456,/novatel/oem7/inspva,/novatel/oem7/inspva,/novatel/oem7/inspva,39.663,-75.756,-1.799808799,0.000801965,-0.000115253,0.000698936,-0.000393238,-0.000115253,,novatel_oem7_msgs.msg.InertialSolutionStatus(status=3),
1786043607508058521,1786043607.506370378,/novatel/oem7/fix,/novatel/oem7/fix,/novatel/oem7/inspva,39.663,-75.756,-1.799808799,0.000801965,-0.000115253,0.000698936,-0.000393238,-0.000115253,,0,
1786043607509078847,1786043607.506835666,/novatel/oem7/odom,/novatel/oem7/fix,/novatel/oem7/odom,39.663,-75.756,-1.799808799,0.000802016,-0.000114897,-0.000357042,0.000718157,-0.000114897,,,
1786043607513406673,1786043607.512459567,/novatel/oem7/bestpos,/novatel/oem7/bestpos,/novatel/oem7/odom,39.663,-75.756,33.182497477,0.000802016,-0.000114897,-0.000357042,0.000718157,-0.000114897,,novatel_oem7_msgs.msg.SolutionStatus(status=0),novatel_oem7_msgs.msg.PositionOrVelocityType(type=53)
1786043607515028109,1786043607.512958232,/novatel/oem7/bestvel,/novatel/oem7/bestpos,/novatel/oem7/bestvel,39.663,-75.756,33.182497477,0.000647488,0.000219622,,,,296.411542094,novatel_oem7_msgs.msg.SolutionStatus(status=0),novatel_oem7_msgs.msg.PositionOrVelocityType(type=53)
1786043607516739792,1786043607.514556871,/novatel/oem7/odom,/novatel/oem7/bestpos,/novatel/oem7/odom,39.663,-75.756,33.182497477,0.000802016,-0.000114897,-0.000357042,0.000718157,-0.000114897,,,
1786043607525998249,1786043607.525383386,/novatel/oem7/inspva,/novatel/oem7/inspva,/novatel/oem7/inspva,39.663,-75.756,-1.799774841,0.001244968,0.000193827,-0.001061223,0.000650961,0.000193827,,novatel_oem7_msgs.msg.InertialSolutionStatus(status=3),
1786043607527478630,1786043607.525604478,/novatel/oem7/fix,/novatel/oem7/fix,/novatel/oem7/inspva,39.663,-75.756,-1.799774841,0.001244968,0.000193827,-0.001061223,0.000650961,0.000193827,,0,
1786043607528645415,1786043607.526311848,/novatel/oem7/odom,/novatel/oem7/fix,/novatel/oem7/odom,39.663,-75.756,-1.799774841,0.001245022,0.000193478,0.000595854,-0.001093178,0.000193478,,,
1786043607536274649,1786043607.535635905,/novatel/oem7/odom,/novatel/oem7/fix,/novatel/oem7/odom,39.663,-75.756,-1.799774841,0.001245022,0.000193478,0.000595854,-0.001093178,0.000193478,,,
1786043607545715434,1786043607.545060831,/novatel/oem7/inspva,/novatel/oem7/inspva,/novatel/oem7/inspva,39.663,-75.756,-1.799730293,0.001514540,0.001110249,-0.001201794,0.000921695,0.001110249,,novatel_oem7_msgs.msg.InertialSolutionStatus(status=3),
1786043607547601845,1786043607.545258573,/novatel/oem7/fix,/novatel/oem7/fix,/novatel/oem7/inspva,39.663,-75.756,-1.799730293,0.001514540,0.001110249,-0.001201794,0.000921695,0.001110249,,0,
1786043607548855075,1786043607.545782872,/novatel/oem7/odom,/novatel/oem7/fix,/novatel/oem7/odom,39.663,-75.756,-1.799730293,0.001514305,0.001110568,0.000855400,-0.001249564,0.001110568,,,
1786043607556784485,1786043607.555918523,/novatel/oem7/odom,/novatel/oem7/fix,/novatel/oem7/odom,39.663,-75.756,-1.799730293,0.001514305,0.001110568,0.000855400,-0.001249564,0.001110568,,,
1786043607567192546,1786043607.566552794,/novatel/oem7/inspva,/novatel/oem7/inspva,/novatel/oem7/inspva,39.663,-75.756,-1.799699082,0.000724663,0.001341815,0.000433294,-0.000580855,0.001341815,,novatel_oem7_msgs.msg.InertialSolutionStatus(status=3),
1786043607568694635,1786043607.566749446,/novatel/oem7/fix,/novatel/oem7/fix,/novatel/oem7/inspva,39.663,-75.756,-1.799699082,0.000724663,0.001341815,0.000433294,-0.000580855,0.001341815,,0,
1786043607569889102,1786043607.567221743,/novatel/oem7/odom,/novatel/oem7/fix,/novatel/oem7/odom,39.663,-75.756,-1.799699082,0.000726794,0.001340662,-0.000563841,0.000458599,0.001340662,,,
1786043607575937621,1786043607.575133353,/novatel/oem7/odom,/novatel/oem7/fix,/novatel/oem7/odom,39.663,-75.756,-1.799699082,0.000726794,0.001340662,-0.000563841,0.000458599,0.001340662,,,
1786043607585566885,1786043607.584947811,/novatel/oem7/inspva,/novatel/oem7/inspva,/novatel/oem7/inspva,39.663,-75.756,-1.799669273,0.000617021,0.001111641,0.000501862,-0.000358956,0.001111641,,novatel_oem7_msgs.msg.InertialSolutionStatus(status=3),
1786043607587016176,1786043607.585046771,/novatel/oem7/fix,/novatel/oem7/fix,/novatel/oem7/inspva,39.663,-75.756,-1.799669273,0.000617021,0.001111641,0.000501862,-0.000358956,0.001111641,,0,
1786043607588226161,1786043607.585736643,/novatel/oem7/odom,/novatel/oem7/fix,/novatel/oem7/odom,39.663,-75.756,-1.799669273,0.000617129,0.001111581,-0.000337775,0.000516485,0.001111581,,,
1786043607596295453,1786043607.595569576,/novatel/oem7/odom,/novatel/oem7/fix,/novatel/oem7/odom,39.663,-75.756,-1.799669273,0.000617129,0.001111581,-0.000337775,0.000516485,0.001111581,,,
1786043607607285520,1786043607.606691177,/novatel/oem7/inspva,/novatel/oem7/inspva,/novatel/oem7/inspva,39.663,-75.756,-1.799642878,0.001397955,-0.000236846,-0.001200606,0.000716116,-0.000236846,,novatel_oem7_msgs.msg.InertialSolutionStatus(status=3),
1786043607608752291,1786043607.606863089,/novatel/oem7/fix,/novatel/oem7/fix,/novatel/oem7/inspva,39.663,-75.756,-1.799642878,0.001397955,-0.000236846,-0.001200606,0.000716116,-0.000236846,,0,
1786043607609888455,1786043607.607398634,/novatel/oem7/odom,/novatel/oem7/fix,/novatel/oem7/odom,39.663,-75.756,-1.799642878,0.001397879,-0.000237294,0.000655644,-0.001234583,-0.000237294,,,
1786043607611488744,1786043607.609929059,/novatel/oem7/bestpos,/novatel/oem7/bestpos,/novatel/oem7/odom,39.663,-75.756,33.182667408,0.001397879,-0.000237294,0.000655644,-0.001234583,-0.000237294,,novatel_oem7_msgs.msg.SolutionStatus(status=0),novatel_oem7_msgs.msg.PositionOrVelocityType(type=53)
1786043607612481614,1786043607.610354070,/novatel/oem7/bestvel,/novatel/oem7/bestpos,/novatel/oem7/bestvel,39.663,-75.756,33.182667408,0.001829724,0.000595076,,,,186.378613702,novatel_oem7_msgs.msg.SolutionStatus(status=0),novatel_oem7_msgs.msg.PositionOrVelocityType(type=53)
1786043607617048968,1786043607.616326578,/novatel/oem7/odom,/novatel/oem7/bestpos,/novatel/oem7/odom,39.663,-75.756,33.182667408,0.001397879,-0.000237294,0.000655644,-0.001234583,-0.000237294,,,
1786043607627072169,1786043607.626247475,/novatel/oem7/inspva,/novatel/oem7/inspva,/novatel/oem7/inspva,39.663,-75.756,-1.799598866,0.001250063,0.000578686,-0.001229685,-0.000224793,0.000578686,,novatel_oem7_msgs.msg.InertialSolutionStatus(status=3),
1786043607628629344,1786043607.626485600,/novatel/oem7/fix,/novatel/oem7/fix,/novatel/oem7/inspva,39.663,-75.756,-1.799598866,0.001250063,0.000578686,-0.001229685,-0.000224793,0.000578686,,0,
1786043607629789219,1786043607.626963271,/novatel/oem7/odom,/novatel/oem7/fix,/novatel/oem7/odom,39.663,-75.756,-1.799598866,0.001252016,0.000574448,-0.000288852,-0.001218240,0.000574448,,,
1786043607635343860,1786043607.634594956,/novatel/oem7/odom,/novatel/oem7/fix,/novatel/oem7/odom,39.663,-75.756,-1.799598866,0.001252016,0.000574448,-0.000288852,-0.001218240,0.000574448,,,
1786043607646053241,1786043607.645269646,/novatel/oem7/inspva,/novatel/oem7/inspva,/novatel/oem7/inspva,39.663,-75.756,-1.799563684,0.000761866,0.001508986,-0.000448212,0.000616073,0.001508986,,novatel_oem7_msgs.msg.InertialSolutionStatus(status=3),
1786043607647550578,1786043607.645506905,/novatel/oem7/fix,/novatel/oem7/fix,/novatel/oem7/inspva,39.663,-75.756,-1.799563684,0.000761866,0.001508986,-0.000448212,0.000616073,0.001508986,,0,
1786043607648695133,1786043607.646075008,/novatel/oem7/odom,/novatel/oem7/fix,/novatel/oem7/odom,39.663,-75.756,-1.799563684,0.000759496,0.001510180,0.000586509,-0.000482537,0.001510180,,,
1786043607657254826,1786043607.656534996,/novatel/oem7/odom,/novatel/oem7/fix,/novatel/oem7/odom,39.663,-75.756,-1.799563684,0.000759496,0.001510180,0.000586509,-0.000482537,0.001510180,,,
1786043607665908824,1786043607.665096936,/novatel/oem7/inspva,/novatel/oem7/inspva,/novatel/oem7/inspva,39.663,-75.756,-1.799535444,0.000500053,0.001468660,-0.000499831,-0.000014884,0.001468660,,novatel_oem7_msgs.msg.InertialSolutionStatus(status=3),
1786043607667363135,1786043607.665333781,/novatel/oem7/fix,/novatel/oem7/fix,/novatel/oem7/inspva,39.663,-75.756,-1.799535444,0.000500053,0.001468660,-0.000499831,-0.000014884,0.001468660,,0,
1786043607668565943,1786043607.665857533,/novatel/oem7/odom,/novatel/oem7/fix,/novatel/oem7/odom,39.663,-75.756,-1.799535444,0.000504280,0.001467214,-0.000046157,-0.000502163,0.001467214,,,
1786043607675379639,1786043607.674672939,/novatel/oem7/odom,/novatel/oem7/fix,/novatel/oem7/odom,39.663,-75.756,-1.799535444,0.000504280,0.001467214,-0.000046157,-0.000502163,0.001467214,,,
1786043607688063423,1786043607.687284915,/novatel/oem7/inspva,/novatel/oem7/inspva,/novatel/oem7/inspva,39.663,-75.756,-1.799524930,0.001579580,-0.000921053,-0.000322241,-0.001546361,-0.000921053,,novatel_oem7_msgs.msg.InertialSolutionStatus(status=3),
1786043607689480586,1786043607.687519521,/novatel/oem7/fix,/novatel/oem7/fix,/novatel/oem7/inspva,39.663,-75.756,-1.799524930,0.001579580,-0.000921053,-0.000322241,-0.001546361,-0.000921053,,0,
1786043607690613781,1786043607.687855066,/novatel/oem7/odom,/novatel/oem7/fix,/novatel/oem7/odom,39.663,-75.756,-1.799524930,0.001575488,-0.000928035,-0.001556858,-0.000241566,-0.000928035,,,
1786043607696007100,1786043607.695300100,/novatel/oem7/odom,/novatel/oem7/fix,/novatel/oem7/odom,39.663,-75.756,-1.799524930,0.001575488,-0.000928035,-0.001556858,-0.000241566,-0.000928035,,,
1786043607706636017,1786043607.705877770,/novatel/oem7/inspva,/novatel/oem7/inspva,/novatel/oem7/inspva,39.663,-75.756,-1.799483831,0.001287786,-0.000377179,-0.001282034,0.000121585,-0.000377179,,novatel_oem7_msgs.msg.InertialSolutionStatus(status=3),
1786043607708132575,1786043607.706093972,/novatel/oem7/fix,/novatel/oem7/fix,/novatel/oem7/inspva,39.663,-75.756,-1.799483831,0.001287786,-0.000377179,-0.001282034,0.000121585,-0.000377179,,0,
1786043607709334500,1786043607.706625788,/novatel/oem7/odom,/novatel/oem7/fix,/novatel/oem7/odom,39.663,-75.756,-1.799483831,0.001286901,-0.000380187,0.000058350,-0.001285578,-0.000380187,,,
1786043607711246322,1786043607.709701903,/novatel/oem7/bestpos,/novatel/oem7/bestpos,/novatel/oem7/odom,39.663,-75.756,33.182824141,0.001286901,-0.000380187,0.000058350,-0.001285578,-0.000380187,,novatel_oem7_msgs.msg.SolutionStatus(status=0),novatel_oem7_msgs.msg.PositionOrVelocityType(type=53)
1786043607713057136,1786043607.710486951,/novatel/oem7/bestvel,/novatel/oem7/bestpos,/novatel/oem7/bestvel,39.663,-75.756,33.182824141,0.001563609,0.000100530,,,,204.486571209,novatel_oem7_msgs.msg.SolutionStatus(status=0),novatel_oem7_msgs.msg.PositionOrVelocityType(type=53)
1786043607716553904,1786043607.715779576,/novatel/oem7/odom,/novatel/oem7/bestpos,/novatel/oem7/odom,39.663,-75.756,33.182824141,0.001286901,-0.000380187,0.000058350,-0.001285578,-0.000380187,,,
1786043607726073036,1786043607.725523427,/novatel/oem7/inspva,/novatel/oem7/inspva,/novatel/oem7/inspva,39.663,-75.756,-1.799436216,0.001260510,0.002499233,-0.001219257,0.000319841,0.002499233,,novatel_oem7_msgs.msg.InertialSolutionStatus(status=3),
1786043607727624181,1786043607.725698739,/novatel/oem7/fix,/novatel/oem7/fix,/novatel/oem7/inspva,39.663,-75.756,-1.799436216,0.001260510,0.002499233,-0.001219257,0.000319841,0.002499233,,0,
1786043607728732978,1786043607.726322842,/novatel/oem7/odom,/novatel/oem7/fix,/novatel/oem7/odom,39.663,-75.756,-1.799436216,0.001264599,0.002497166,0.000247603,-0.001240123,0.002497166,,,
1786043607735652746,1786043607.734862685,/novatel/oem7/odom,/novatel/oem7/fix,/novatel/oem7/odom,39.663,-75.756,-1.799436216,0.001264599,0.002497166,0.000247603,-0.001240123,0.002497166,,,
1786043607746945476,1786043607.746168202,/novatel/oem7/inspva,/novatel/oem7/inspva,/novatel/oem7/inspva,39.663,-75.756,-1.799416808,0.001200862,0.001549366,-0.000939814,0.000747542,0.001549366,,novatel_oem7_msgs.msg.InertialSolutionStatus(status=3),
1786043607748389807,1786043607.746379140,/novatel/oem7/fix,/novatel/oem7/fix,/novatel/oem7/inspva,39.663,-75.756,-1.799416808,0.001200862,0.001549366,-0.000939814,0.000747542,0.001549366,,0,
1786043607749577331,1786043607.746790213,/novatel/oem7/odom,/novatel/oem7/fix,/novatel/oem7/odom,39.663,-75.756,-1.799416808,0.001200381,0.001549739,0.000692865,-0.000980231,0.001549739,,,
1786043607756759395,1786043607.756043498,/novatel/oem7/odom,/novatel/oem7/fix,/novatel/oem7/odom,39.663,-75.756,-1.799416808,0.001200381,0.001549739,0.000692865,-0.000980231,0.001549739,,,
1786043607766108556,1786043607.765328091,/novatel/oem7/inspva,/novatel/oem7/inspva,/novatel/oem7/inspva,39.663,-75.756,-1.799409627,0.001281726,-0.000698335,-0.000060933,-0.001280277,-0.000698335,,novatel_oem7_msgs.msg.InertialSolutionStatus(status=3),
1786043607767605510,1786043607.765556087,/novatel/oem7/fix,/novatel/oem7/fix,/novatel/oem7/inspva,39.663,-75.756,-1.799409627,0.001281726,-0.000698335,-0.000060933,-0.001280277,-0.000698335,,0,
1786043607768730584,1786043607.765921265,/novatel/oem7/odom,/novatel/oem7/fix,/novatel/oem7/odom,39.663,-75.756,-1.799409627,0.001278855,-0.000703578,-0.001278844,0.000005421,-0.000703578,,,
1786043607776270881,1786043607.775571498,/novatel/oem7/odom,/novatel/oem7/fix,/novatel/oem7/odom,39.663,-75.756,-1.799409627,0.001278855,-0.000703578,-0.001278844,0.000005421,-0.000703578,,,
1786043607785902029,1786043607.785110311,/novatel/oem7/inspva,/novatel/oem7/inspva,/novatel/oem7/inspva,39.663,-75.756,-1.799377033,0.001289172,-0.001060230,-0.000664808,-0.001104533,-0.001060230,,novatel_oem7_msgs.msg.InertialSolutionStatus(status=3),
1786043607787305992,1786043607.785325776,/novatel/oem7/fix,/novatel/oem7/fix,/novatel/oem7/inspva,39.663,-75.756,-1.799377033,0.001289172,-0.001060230,-0.000664808,-0.001104533,-0.001060230,,0,
1786043607788417896,1786043607.785754581,/novatel/oem7/odom,/novatel/oem7/fix,/novatel/oem7/odom,39.663,-75.756,-1.799377033,0.001284081,-0.001066390,-0.001132282,-0.000605643,-0.001066390,,,
1786043607795293133,1786043607.794570776,/novatel/oem7/odom,/novatel/oem7/fix,/novatel/oem7/odom,39.663,-75.756,-1.799377033,0.001284081,-0.001066390,-0.001132282,-0.000605643,-0.001066390,,,
1786043607807462371,1786043607.806585127,/novatel/oem7/inspva,/novatel/oem7/inspva,/novatel/oem7/inspva,39.663,-75.756,-1.799328057,0.001802922,0.002241659,-0.001705374,0.000585001,0.002241659,,novatel_oem7_msgs.msg.InertialSolutionStatus(status=3),
1786043607809697993,1786043607.806683427,/novatel/oem7/fix,/novatel/oem7/fix,/novatel/oem7/inspva,39.663,-75.756,-1.799328057,0.001802922,0.002241659,-0.001705374,0.000585001,0.002241659,,0,
1786043607811564688,1786043607.807315051,/novatel/oem7/odom,/novatel/oem7/fix,/novatel/oem7/odom,39.663,-75.756,-1.799328057,0.001805866,0.002239288,0.000489117,-0.001738366,0.002239288,,,
1786043607814102049,1786043607.810269582,/novatel/oem7/bestpos,/novatel/oem7/bestpos,/novatel/oem7/odom,39.663,-75.756,33.182961635,0.001805866,0.002239288,0.000489117,-0.001738366,0.002239288,,novatel_oem7_msgs.msg.SolutionStatus(status=0),novatel_oem7_msgs.msg.PositionOrVelocityType(type=53)
1786043607815685655,1786043607.810776504,/novatel/oem7/bestvel,/novatel/oem7/bestpos,/novatel/oem7/bestvel,39.663,-75.756,33.182961635,0.001165810,0.001738185,,,,143.428735595,novatel_oem7_msgs.msg.SolutionStatus(status=0),novatel_oem7_msgs.msg.PositionOrVelocityType(type=53)
1786043607818468439,1786043607.815313960,/novatel/oem7/odom,/novatel/oem7/bestpos,/novatel/oem7/odom,39.663,-75.756,33.182961635,0.001805866,0.002239288,0.000489117,-0.001738366,0.002239288,,,
1786043607825908171,1786043607.825019769,/novatel/oem7/inspva,/novatel/oem7/inspva,/novatel/oem7/inspva,39.663,-75.756,-1.799314646,0.001042511,0.001480338,-0.000948278,0.000433127,0.001480338,,novatel_oem7_msgs.msg.InertialSolutionStatus(status=3),
1786043607828167280,1786043607.825234464,/novatel/oem7/fix,/novatel/oem7/fix,/novatel/oem7/inspva,39.663,-75.756,-1.799314646,0.001042511,0.001480338,-0.000948278,0.000433127,0.001480338,,0,
1786043607830047071,1786043607.825633618,/novatel/oem7/odom,/novatel/oem7/fix,/novatel/oem7/odom,39.663,-75.756,-1.799314646,0.001043752,0.001479464,0.000378685,-0.000972633,0.001479464,,,
1786043607836698973,1786043607.835544304,/novatel/oem7/odom,/novatel/oem7/fix,/novatel/oem7/odom,39.663,-75.756,-1.799314646,0.001043752,0.001479464,0.000378685,-0.000972633,0.001479464,,,
1786043607846045614,1786043607.845368113,/novatel/oem7/inspva,/novatel/oem7/inspva,/novatel/oem7/inspva,39.663,-75.756,-1.799310615,0.001333766,-0.000330444,0.000431246,-0.001262125,-0.000330444,,novatel_oem7_msgs.msg.InertialSolutionStatus(status=3),
1786043607847526008,1786043607.845723244,/novatel/oem7/fix,/novatel/oem7/fix,/novatel/oem7/inspva,39.663,-75.756,-1.799310615,0.001333766,-0.000330444,0.000431246,-0.001262125,-0.000330444,,0,
1786043607848719530,1786043607.846201248,/novatel/oem7/odom,/novatel/oem7/fix,/novatel/oem7/odom,39.663,-75.756,-1.799310615,0.001332820,-0.000334240,-0.001237435,0.000495138,-0.000334240,,,
1786043607857348784,1786043607.856659167,/novatel/oem7/odom,/novatel/oem7/fix,/novatel/oem7/odom,39.663,-75.756,-1.799310615,0.001332820,-0.000334240,-0.001237435,0.000495138,-0.000334240,,,
1786043607866697761,1786043607.866163206,/novatel/oem7/inspva,/novatel/oem7/inspva,/novatel/oem7/inspva,39.663,-75.756,-1.799285360,0.000927322,-0.000378512,-0.000013703,-0.000927221,-0.000378512,,novatel_oem7_msgs.msg.InertialSolutionStatus(status=3),
1786043607868141619,1786043607.866323828,/novatel/oem7/fix,/novatel/oem7/fix,/novatel/oem7/inspva,39.663,-75.756,-1.799285360,0.000927322,-0.000378512,-0.000013703,-0.000927221,-0.000378512,,0,
1786043607869290133,1786043607.866758369,/novatel/oem7/odom,/novatel/oem7/fix,/novatel/oem7/odom,39.663,-75.756,-1.799285360,0.000925798,-0.000382225,-0.000925173,0.000034000,-0.000382225,,,
1786043607875361465,1786043607.874744954,/novatel/oem7/odom,/novatel/oem7/fix,/novatel/oem7/odom,39.663,-75.756,-1.799285360,0.000925798,-0.000382225,-0.000925173,0.000034000,-0.000382225,,,
1786043607885868574,1786043607.885306329,/novatel/oem7/inspva,/novatel/oem7/inspva,/novatel/oem7/inspva,39.663,-75.756,-1.799248657,0.002202309,0.000839383,-0.002188797,0.000243586,0.000839383,,novatel_oem7_msgs.msg.InertialSolutionStatus(status=3),
1786043607887294981,1786043607.885533661,/novatel/oem7/fix,/novatel/oem7/fix,/novatel/oem7/inspva,39.663,-75.756,-1.799248657,0.002202309,0.000839383,-0.002188797,0.000243586,0.000839383,,0,
1786043607888483737,1786043607.886132627,/novatel/oem7/odom,/novatel/oem7/fix,/novatel/oem7/odom,39.663,-75.756,-1.799248657,0.002204215,0.000834365,0.000129551,-0.002200405,0.000834365,,,
1786043607896227305,1786043607.895587206,/novatel/oem7/odom,/novatel/oem7/fix,/novatel/oem7/odom,39.663,-75.756,-1.799248657,0.002204215,0.000834365,0.000129551,-0.002200405,0.000834365,,,
1786043607906796491,1786043607.906153552,/novatel/oem7/inspva,/novatel/oem7/inspva,/novatel/oem7/inspva,39.663,-75.756,-1.799224021,0.001798837,0.001340105,-0.001690353,0.000615242,0.001340105,,novatel_oem7_msgs.msg.InertialSolutionStatus(status=3),
1786043607908267526,1786043607.906450088,/novatel/oem7/fix,/novatel/oem7/fix,/novatel/oem7/inspva,39.663,-75.756,-1.799224021,0.001798837,0.001340105,-0.001690353,0.000615242,0.001340105,,0,
1786043607909392737,1786043607.906877482,/novatel/oem7/odom,/novatel/oem7/fix,/novatel/oem7/odom,39.663,-75.756,-1.799224021,0.001800462,0.001337920,0.000523795,-0.001722586,0.001337920,,,
1786043607910915358,1786043607.909588152,/novatel/oem7/bestpos,/novatel/oem7/bestpos,/novatel/oem7/odom,39.663,-75.756,33.183077140,0.001800462,0.001337920,0.000523795,-0.001722586,0.001337920,,novatel_oem7_msgs.msg.SolutionStatus(status=0),novatel_oem7_msgs.msg.PositionOrVelocityType(type=53)
1786043607912385476,1786043607.910356976,/novatel/oem7/bestvel,/novatel/oem7/bestpos,/novatel/oem7/bestvel,39.663,-75.756,33.183077140,0.001526762,0.001569187,,,,180.573122314,novatel_oem7_msgs.msg.SolutionStatus(status=0),novatel_oem7_msgs.msg.PositionOrVelocityType(type=53)
1786043607915148650,1786043607.914499466,/novatel/oem7/odom,/novatel/oem7/bestpos,/novatel/oem7/odom,39.663,-75.756,33.183077140,0.001800462,0.001337920,0.000523795,-0.001722586,0.001337920,,,
1786043607927342681,1786043607.926774426,/novatel/oem7/inspva,/novatel/oem7/inspva,/novatel/oem7/inspva,39.663,-75.756,-1.799212450,0.000643992,0.000701917,0.000154568,-0.000625167,0.000701917,,novatel_oem7_msgs.msg.InertialSolutionStatus(status=3),
1786043607928772762,1786043607.926950534,/novatel/oem7/fix,/novatel/oem7/fix,/novatel/oem7/inspva,39.663,-75.756,-1.799212450,0.000643992,0.000701917,0.000154568,-0.000625167,0.000701917,,0,
1786043607929914613,1786043607.927751505,/novatel/oem7/odom,/novatel/oem7/fix,/novatel/oem7/odom,39.663,-75.756,-1.799212450,0.000646243,0.000699844,-0.000619462,0.000184114,0.000699844,,,
1786043607935971945,1786043607.935268475,/novatel/oem7/odom,/novatel/oem7/fix,/novatel/oem7/odom,39.663,-75.756,-1.799212450,0.000646243,0.000699844,-0.000619462,0.000184114,0.000699844,,,
1786043607945831371,1786043607.945232925,/novatel/oem7/inspva,/novatel/oem7/inspva,/novatel/oem7/inspva,39.663,-75.756,-1.799186783,0.000823763,0.000002019,-0.000028353,-0.000823274,0.000002019,,novatel_oem7_msgs.msg.InertialSolutionStatus(status=3),
1786043607947280109,1786043607.945450104,/novatel/oem7/fix,/novatel/oem7/fix,/novatel/oem7/inspva,39.663,-75.756,-1.799186783,0.000823763,0.000002019,-0.000028353,-0.000823274,0.000002019,,0,
1786043607948458871,1786043607.945776408,/novatel/oem7/odom,/novatel/oem7/fix,/novatel/oem7/odom,39.663,-75.756,-1.799186783,0.000823764,-0.000001326,-0.000823659,0.000013160,-0.000001326,,,
1786043607956514502,1786043607.955811308,/novatel/oem7/odom,/novatel/oem7/fix,/novatel/oem7/odom,39.663,-75.756,-1.799186783,0.000823764,-0.000001326,-0.000823659,0.000013160,-0.000001326,,,
1786043607966558903,1786043607.966006321,/novatel/oem7/inspva,/novatel/oem7/inspva,/novatel/oem7/inspva,39.663,-75.756,-1.799169424,0.001534912,-0.000470946,-0.001496598,0.000340807,-0.000470946,,novatel_oem7_msgs.msg.InertialSolutionStatus(status=3),
1786043607968102968,1786043607.966191279,/novatel/oem7/fix,/novatel/oem7/fix,/novatel/oem7/inspva,39.663,-75.756,-1.799169424,0.001534912,-0.000470946,-0.001496598,0.000340807,-0.000470946,,0,
1786043607969298203,1786043607.966756249,/novatel/oem7/odom,/novatel/oem7/fix,/novatel/oem7/odom,39.663,-75.756,-1.799169424,0.001534075,-0.000473664,0.000266889,-0.001510681,-0.000473664,,,
1786043607975859010,1786043607.975147524,/novatel/oem7/odom,/novatel/oem7/fix,/novatel/oem7/odom,39.663,-75.756,-1.799169424,0.001534075,-0.000473664,0.000266889,-0.001510681,-0.000473664,,,
1786043607986832314,1786043607.986299892,/novatel/oem7/inspva,/novatel/oem7/inspva,/novatel/oem7/inspva,39.663,-75.756,-1.799141699,0.002258470,0.000159444,-0.002231069,0.000350735,0.000159444,,novatel_oem7_msgs.msg.InertialSolutionStatus(status=3),
1786043607988252078,1786043607.986491177,/novatel/oem7/fix,/novatel/oem7/fix,/novatel/oem7/inspva,39.663,-75.756,-1.799141699,0.002258470,0.000159444,-0.002231069,0.000350735,0.000159444,,0,
1786043607989343148,1786043607.987054272,/novatel/oem7/odom,/novatel/oem7/fix,/novatel/oem7/odom,39.663,-75.756,-1.799141699,0.002258797,0.000154744,0.000237234,-0.002246304,0.000154744,,,
1786043607995381653,1786043607.994739087,/novatel/oem7/odom,/novatel/oem7/fix,/novatel/oem7/odom,39.663,-75.756,-1.799141699,0.002258797,0.000154744,0.000237234,-0.002246304,0.000154744,,,
1786043608009117921,1786043608.008588806,/novatel/oem7/inspva,/novatel/oem7/inspva,/novatel/oem7/inspva,39.663,-75.756,-1.799118009,0.000218569,0.001755289,-0.000218569,-0.000000101,0.001755289,,novatel_oem7_msgs.msg.InertialSolutionStatus(status=3),
1786043608010515808,1786043608.008772251,/novatel/oem7/fix,/novatel/oem7/fix,/novatel/oem7/inspva,39.663,-75.756,-1.799118009,0.000218569,0.001755289,-0.000218569,-0.000000101,0.001755289,,0,
1786043608012087566,1786043608.011385476,/novatel/oem7/odom,/novatel/oem7/fix,/novatel/oem7/odom,39.663,-75.756,-1.799118009,0.000223468,0.001754672,-0.000018346,-0.000222714,0.001754672,,,
1786043608017319257,1786043608.016658394,/novatel/oem7/odom,/novatel/oem7/fix,/novatel/oem7/odom,39.663,-75.756,-1.799118009,0.000223468,0.001754672,-0.000018346,-0.000222714,0.001754672,,,
1786043608025632185,1786043608.024968881,/novatel/oem7/bestpos,/novatel/oem7/bestpos,/novatel/oem7/odom,39.663,-75.756,33.183167165,0.000223468,0.001754672,-0.000018346,-0.000222714,0.001754672,,novatel_oem7_msgs.msg.SolutionStatus(status=0),novatel_oem7_msgs.msg.PositionOrVelocityType(type=53)
1786043608027653304,1786043608.026697048,/novatel/oem7/bestvel,/novatel/oem7/bestpos,/novatel/oem7/bestvel,39.663,-75.756,33.183167165,0.000780126,0.001101207,,,,71.001002969,novatel_oem7_msgs.msg.SolutionStatus(status=0),novatel_oem7_msgs.msg.PositionOrVelocityType(type=53)
1786043608029135472,1786043608.027197137,/novatel/oem7/inspva,/novatel/oem7/inspva,/novatel/oem7/inspva,39.663,-75.756,-1.799104882,0.000921003,0.000662329,-0.000333116,-0.000858650,0.000662329,,novatel_oem7_msgs.msg.InertialSolutionStatus(status=3),
1786043608030077495,1786043608.027373009,/novatel/oem7/fix,/novatel/oem7/fix,/novatel/oem7/inspva,39.663,-75.756,-1.799104882,0.000921003,0.000662329,-0.000333116,-0.000858650,0.000662329,,0,
1786043608031164352,1786043608.027688950,/novatel/oem7/odom,/novatel/oem7/fix,/novatel/oem7/odom,39.663,-75.756,-1.799104882,0.000924104,0.000657995,-0.000877064,-0.000291079,0.000657995,,,
1786043608035418210,1786043608.034726643,/novatel/oem7/odom,/novatel/oem7/fix,/novatel/oem7/odom,39.663,-75.756,-1.799104882,0.000924104,0.000657995,-0.000877064,-0.000291079,0.000657995,,,
1786043608047417820,1786043608.046799624,/novatel/oem7/inspva,/novatel/oem7/inspva,/novatel/oem7/inspva,39.663,-75.756,-1.799130104,0.000888930,-0.001391041,-0.000874476,-0.000159654,-0.001391041,,novatel_oem7_msgs.msg.InertialSolutionStatus(status=3),
1786043608048907675,1786043608.047016140,/novatel/oem7/fix,/novatel/oem7/fix,/novatel/oem7/inspva,39.663,-75.756,-1.799130104,0.000888930,-0.001391041,-0.000874476,-0.000159654,-0.001391041,,0,
1786043608050120003,1786043608.047349186,/novatel/oem7/odom,/novatel/oem7/fix,/novatel/oem7/odom,39.663,-75.756,-1.799130104,0.000884262,-0.001394014,-0.000197870,-0.000861839,-0.001394014,,,
1786043608057270270,1786043608.056586443,/novatel/oem7/odom,/novatel/oem7/fix,/novatel/oem7/odom,39.663,-75.756,-1.799130104,0.000884262,-0.001394014,-0.000197870,-0.000861839,-0.001394014,,,
1786043608065578261,1786043608.065031092,/novatel/oem7/inspva,/novatel/oem7/inspva,/novatel/oem7/inspva,39.663,-75.756,-1.799151015,0.001975470,-0.000334818,-0.001915472,0.000483167,-0.000334818,,novatel_oem7_msgs.msg.InertialSolutionStatus(status=3),
1786043608067009871,1786043608.065215927,/novatel/oem7/fix,/novatel/oem7/fix,/novatel/oem7/inspva,39.663,-75.756,-1.799151015,0.001975470,-0.000334818,-0.001915472,0.000483167,-0.000334818,,0,
1786043608068167026,1786043608.065635111,/novatel/oem7/odom,/novatel/oem7/fix,/novatel/oem7/odom,39.663,-75.756,-1.799151015,0.001974908,-0.000338116,0.000387400,-0.001936539,-0.000338116,,,
1786043608076415569,1786043608.075767593,/novatel/oem7/odom,/novatel/oem7/fix,/novatel/oem7/odom,39.663,-75.756,-1.799151015,0.001974908,-0.000338116,0.000387400,-0.001936539,-0.000338116,,,
1786043608086156424,1786043608.085628916,/novatel/oem7/inspva,/novatel/oem7/inspva,/novatel/oem7/inspva,39.663,-75.756,-1.799156978,0.001426948,0.002089934,-0.001345493,0.000475215,0.002089934,,novatel_oem7_msgs.msg.InertialSolutionStatus(status=3),
1786043608087598395,1786043608.085816257,/novatel/oem7/fix,/novatel/oem7/fix,/novatel/oem7/inspva,39.663,-75.756,-1.799156978,0.001426948,0.002089934,-0.001345493,0.000475215,0.002089934,,0,
1786043608088763499,1786043608.086504220,/novatel/oem7/odom,/novatel/oem7/fix,/novatel/oem7/odom,39.663,-75.756,-1.799156978,0.001429596,0.002088124,0.000398203,-0.001373019,0.002088124,,,
1786043608096066814,1786043608.095338373,/novatel/oem7/odom,/novatel/oem7/fix,/novatel/oem7/odom,39.663,-75.756,-1.799156978,0.001429596,0.002088124,0.000398203,-0.001373019,0.002088124,,,
1786043608106539242,1786043608.105940257,/novatel/oem7/inspva,/novatel/oem7/inspva,/novatel/oem7/inspva,39.663,-75.756,-1.799192953,0.000904158,0.001632115,-0.000902121,-0.000060661,0.001632115,,novatel_oem7_msgs.msg.InertialSolutionStatus(status=3),
1786043608108003163,1786043608.106129752,/novatel/oem7/fix,/novatel/oem7/fix,/novatel/oem7/inspva,39.663,-75.756,-1.799192953,0.000904158,0.001632115,-0.000902121,-0.000060661,0.001632115,,0,
1786043608109230325,1786043608.106483335,/novatel/oem7/odom,/novatel/oem7/fix,/novatel/oem7/odom,39.663,-75.756,-1.799192953,0.000909052,0.001629394,-0.000112737,-0.000902034,0.001629394,,,
1786043608110935048,1786043608.109467588,/novatel/oem7/bestpos,/novatel/oem7/bestpos,/novatel/oem7/odom,39.663,-75.756,33.183065898,0.000909052,0.001629394,-0.000112737,-0.000902034,0.001629394,,novatel_oem7_msgs.msg.SolutionStatus(status=0),novatel_oem7_msgs.msg.PositionOrVelocityType(type=53)
1786043608112055973,1786043608.110004339,/novatel/oem7/bestvel,/novatel/oem7/bestpos,/novatel/oem7/bestvel,39.663,-75.756,33.183065898,0.001090376,0.000814259,,,,113.451482799,novatel_oem7_msgs.msg.SolutionStatus(status=0),novatel_oem7_msgs.msg.PositionOrVelocityType(type=53)
1786043608115548093,1786043608.114860617,/novatel/oem7/odom,/novatel/oem7/bestpos,/novatel/oem7/odom,39.663,-75.756,33.183065898,0.000909052,0.001629394,-0.000112737,-0.000902034,0.001629394,,,
1786043608125905541,1786043608.125330862,/novatel/oem7/inspva,/novatel/oem7/inspva,/novatel/oem7/inspva,39.663,-75.756,-1.799234750,0.001013774,-0.001471598,-0.000899833,-0.000466946,-0.001471598,,novatel_oem7_msgs.msg.InertialSolutionStatus(status=3),
1786043608127331865,1786043608.125539597,/novatel/oem7/fix,/novatel/oem7/fix,/novatel/oem7/inspva,39.663,-75.756,-1.799234750,0.001013774,-0.001471598,-0.000899833,-0.000466946,-0.001471598,,0,
1786043608128488219,1786043608.126322905,/novatel/oem7/odom,/novatel/oem7/fix,/novatel/oem7/odom,39.663,-75.756,-1.799234750,0.001007570,-0.001475853,-0.000505694,-0.000871477,-0.001475853,,,
1786043608136305382,1786043608.135647341,/novatel/oem7/odom,/novatel/oem7/fix,/novatel/oem7/odom,39.663,-75.756,-1.799234750,0.001007570,-0.001475853,-0.000505694,-0.000871477,-0.001475853,,,
1786043608146655296,1786043608.146118751,/novatel/oem7/inspva,/novatel/oem7/inspva,/novatel/oem7/inspva,39.663,-75.756,-1.799252024,0.001229867,-0.000824480,-0.001211974,-0.000209029,-0.000824480,,novatel_oem7_msgs.msg.InertialSolutionStatus(status=3),
1786043608148073697,1786043608.146296429,/novatel/oem7/fix,/novatel/oem7/fix,/novatel/oem7/inspva,39.663,-75.756,-1.799252024,0.001229867,-0.000824480,-0.001211974,-0.000209029,-0.000824480,,0,
1786043608149228431,1786043608.146829762,/novatel/oem7/odom,/novatel/oem7/fix,/novatel/oem7/odom,39.663,-75.756,-1.799252024,0.001227111,-0.000828577,-0.000266460,-0.001197831,-0.000828577,,,
1786043608156062911,1786043608.155399408,/novatel/oem7/odom,/novatel/oem7/fix,/novatel/oem7/odom,39.663,-75.756,-1.799252024,0.001227111,-0.000828577,-0.000266460,-0.001197831,-0.000828577,,,
1786043608167286501,1786043608.166750298,/novatel/oem7/inspva,/novatel/oem7/inspva,/novatel/oem7/inspva,39.663,-75.756,-1.799258742,0.002410846,0.001401222,-0.001786764,0.001618535,0.001401222,,novatel_oem7_msgs.msg.InertialSolutionStatus(status=3),
1786043608168764275,1786043608.166928707,/novatel/oem7/fix,/novatel/oem7/fix,/novatel/oem7/inspva,39.663,-75.756,-1.799258742,0.002410846,0.001401222,-0.001786764,0.001618535,0.001401222,,0,
1786043608169891722,1786043608.167492093,/novatel/oem7/odom,/novatel/oem7/fix,/novatel/oem7/odom,39.663,-75.756,-1.799258742,0.002409959,0.001402746,0.001520709,-0.001869585,0.001402746,,,
1786043608177941034,1786043608.177084949,/novatel/oem7/odom,/novatel/oem7/fix,/novatel/oem7/odom,39.663,-75.756,-1.799258742,0.002409959,0.001402746,0.001520709,-0.001869585,0.001402746,,,
1786043608186106010,1786043608.185396427,/novatel/oem7/inspva,/novatel/oem7/inspva,/novatel/oem7/inspva,39.663,-75.756,-1.799291431,0.001485750,0.001673446,-0.001388436,0.000528865,0.001673446,,novatel_oem7_msgs.msg.InertialSolutionStatus(status=3),
1786043608187586124,1786043608.185723373,/novatel/oem7/fix,/novatel/oem7/fix,/novatel/oem7/inspva,39.663,-75.756,-1.799291431,0.001485750,0.001673446,-0.001388436,0.000528865,0.001673446,,0,
1786043608188768850,1786043608.186279875,/novatel/oem7/odom,/novatel/oem7/fix,/novatel/oem7/odom,39.663,-75.756,-1.799291431,0.001487671,0.001671739,0.000451362,-0.001417546,0.001671739,,,
1786043608195586062,1786043608.194768974,/novatel/oem7/odom,/novatel/oem7/fix,/novatel/oem7/odom,39.663,-75.756,-1.799291431,0.001487671,0.001671739,0.000451362,-0.001417546,0.001671739,,,
1786043608207181092,1786043608.206623710,/novatel/oem7/inspva,/novatel/oem7/inspva,/novatel/oem7/inspva,39.663,-75.756,-1.799339234,0.000805317,-0.001214322,0.000087113,-0.000800592,-0.001214322,,novatel_oem7_msgs.msg.InertialSolutionStatus(status=3),
1786043608208654836,1786043608.206800482,/novatel/oem7/fix,/novatel/oem7/fix,/novatel/oem7/inspva,39.663,-75.756,-1.799339234,0.000805317,-0.001214322,0.000087113,-0.000800592,-0.001214322,,0,
1786043608209758204,1786043608.207275883,/novatel/oem7/odom,/novatel/oem7/fix,/novatel/oem7/odom,39.663,-75.756,-1.799339234,0.000800904,-0.001217237,-0.000790218,0.000130397,-0.001217237,,,
1786043608211375486,1786043608.210222242,/novatel/oem7/bestpos,/novatel/oem7/bestpos,/novatel/oem7/odom,39.663,-75.756,33.182935074,0.000800904,-0.001217237,-0.000790218,0.000130397,-0.001217237,,novatel_oem7_msgs.msg.SolutionStatus(status=0),novatel_oem7_msgs.msg.PositionOrVelocityType(type=53)
1786043608212355892,1786043608.210635653,/novatel/oem7/bestvel,/novatel/oem7/bestpos,/novatel/oem7/bestvel,39.663,-75.756,33.182935074,0.000835039,-0.001047144,,,,256.906458302,novatel_oem7_msgs.msg.SolutionStatus(status=0),novatel_oem7_msgs.msg.PositionOrVelocityType(type=53)
1786043608215808393,1786043608.215046729,/novatel/oem7/odom,/novatel/oem7/bestpos,/novatel/oem7/odom,39.663,-75.756,33.182935074,0.000800904,-0.001217237,-0.000790218,0.000130397,-0.001217237,,,
1786043608225567474,1786043608.224980265,/novatel/oem7/inspva,/novatel/oem7/inspva,/novatel/oem7/inspva,39.663,-75.756,-1.799366580,0.000858049,-0.001235368,-0.000518293,-0.000683828,-0.001235368,,novatel_oem7_msgs.msg.InertialSolutionStatus(status=3),
1786043608227003798,1786043608.225150680,/novatel/oem7/fix,/novatel/oem7/fix,/novatel/oem7/inspva,39.663,-75.756,-1.799366580,0.000858049,-0.001235368,-0.000518293,-0.000683828,-0.001235368,,0,
1786043608228164620,1786043608.225769866,/novatel/oem7/odom,/novatel/oem7/fix,/novatel/oem7/odom,39.663,-75.756,-1.799366580,0.000852127,-0.001239461,-0.000704017,-0.000480083,-0.001239461,,,
1786043608235497681,1786043608.234714457,/novatel/oem7/odom,/novatel/oem7/fix,/novatel/oem7/odom,39.663,-75.756,-1.799366580,0.000852127,-0.001239461,-0.000704017,-0.000480083,-0.001239461,,,
1786043608245827601,1786043608.245262566,/novatel/oem7/inspva,/novatel/oem7/inspva,/novatel/oem7/inspva,39.663,-75.756,-1.799379222,0.002417760,0.000709662,-0.001976495,0.001392491,0.000709662,,novatel_oem7_msgs.msg.InertialSolutionStatus(status=3),
1786043608247227032,1786043608.245443848,/novatel/oem7/fix,/novatel/oem7/fix,/novatel/oem7/inspva,39.663,-75.756,-1.799379222,0.002417760,0.000709662,-0.001976495,0.001392491,0.000709662,,0,
1786043608248364490,1786043608.245983680,/novatel/oem7/odom,/novatel/oem7/fix,/novatel/oem7/odom,39.663,-75.756,-1.799379222,0.002417730,0.000709766,0.001288236,-0.002045939,0.000709766,,,
1786043608257633283,1786043608.256745618,/novatel/oem7/odom,/novatel/oem7/fix,/novatel/oem7/odom,39.663,-75.756,-1.799379222,0.002417730,0.000709766,0.001288236,-0.002045939,0.000709766,,,
1786043608266690058,1786043608.266111796,/novatel/oem7/inspva,/novatel/oem7/inspva,/novatel/oem7/inspva,39.663,-75.756,-1.799416545,0.002505779,0.000716017,-0.001854796,0.001684832,0.000716017,,novatel_oem7_msgs.msg.InertialSolutionStatus(status=3),
1786043608268241983,1786043608.266269475,/novatel/oem7/fix,/novatel/oem7/fix,/novatel/oem7/inspva,39.663,-75.756,-1.799416545,0.002505779,0.000716017,-0.001854796,0.001684832,0.000716017,,0,
1786043608269443871,1786043608.266782754,/novatel/oem7/odom,/novatel/oem7/fix,/novatel/oem7/odom,39.663,-75.756,-1.799416545,0.002505322,0.000717613,0.001586313,-0.001939136,0.000717613,,,
1786043608275224788,1786043608.274436354,/novatel/oem7/odom,/novatel/oem7/fix,/novatel/oem7/odom,39.663,-75.756,-1.799416545,0.002505322,0.000717613,0.001586313,-0.001939136,0.000717613,,,
1786043608285857325,1786043608.285261962,/novatel/oem7/inspva,/novatel/oem7/inspva,/novatel/oem7/inspva,39.663,-75.756,-1.799454443,0.000749226,-0.000114669,0.000296311,-0.000688142,-0.000114669,,novatel_oem7_msgs.msg.InertialSolutionStatus(status=3),
1786043608287353786,1786043608.285480097,/novatel/oem7/fix,/novatel/oem7/fix,/novatel/oem7/inspva,39.663,-75.756,-1.799454443,0.000749226,-0.000114669,0.000296311,-0.000688142,-0.000114669,,0,
1786043608288527557,1786043608.286142904,/novatel/oem7/odom,/novatel/oem7/fix,/novatel/oem7/odom,39.663,-75.756,-1.799454443,0.000748928,-0.000116596,-0.000671862,0.000330900,-0.000116596,,,
1786043608296233366,1786043608.295534555,/novatel/oem7/odom,/novatel/oem7/fix,/novatel/oem7/odom,39.663,-75.756,-1.799454443,0.000748928,-0.000116596,-0.000671862,0.000330900,-0.000116596,,,
1786043608306510439,1786043608.305973352,/novatel/oem7/inspva,/novatel/oem7/inspva,/novatel/oem7/inspva,39.663,-75.756,-1.799490431,0.000639453,-0.000889025,-0.000033766,-0.000638561,-0.000889025,,novatel_oem7_msgs.msg.InertialSolutionStatus(status=3),
1786043608307876196,1786043608.306064579,/novatel/oem7/fix,/novatel/oem7/fix,/novatel/oem7/inspva,39.663,-75.756,-1.799490431,0.000639453,-0.000889025,-0.000033766,-0.000638561,-0.000889025,,0,
1786043608308973976,1786043608.306534049,/novatel/oem7/odom,/novatel/oem7/fix,/novatel/oem7/odom,39.663,-75.756,-1.799490431,0.000635811,-0.000891633,-0.000635811,0.000000687,-0.000891633,,,
1786043608310573979,1786043608.309556316,/novatel/oem7/bestpos,/novatel/oem7/bestpos,/novatel/oem7/odom,39.663,-75.756,33.182784391,0.000635811,-0.000891633,-0.000635811,0.000000687,-0.000891633,,novatel_oem7_msgs.msg.SolutionStatus(status=0),novatel_oem7_msgs.msg.PositionOrVelocityType(type=53)
1786043608312090750,1786043608.310167722,/novatel/oem7/bestvel,/novatel/oem7/bestpos,/novatel/oem7/bestvel,39.663,-75.756,33.182784391,0.000718740,-0.000688050,,,,231.731716353,novatel_oem7_msgs.msg.SolutionStatus(status=0),novatel_oem7_msgs.msg.PositionOrVelocityType(type=53)
1786043608315237591,1786043608.314491747,/novatel/oem7/odom,/novatel/oem7/bestpos,/novatel/oem7/odom,39.663,-75.756,33.182784391,0.000635811,-0.000891633,-0.000635811,0.000000687,-0.000891633,,,
1786043608327103779,1786043608.326584721,/novatel/oem7/inspva,/novatel/oem7/inspva,/novatel/oem7/inspva,39.663,-75.756,-1.799505239,0.002221603,0.000174307,-0.002063008,0.000824331,0.000174307,,novatel_oem7_msgs.msg.InertialSolutionStatus(status=3),
1786043608328567317,1786043608.326728523,/novatel/oem7/fix,/novatel/oem7/fix,/novatel/oem7/inspva,39.663,-75.756,-1.799505239,0.002221603,0.000174307,-0.002063008,0.000824331,0.000174307,,0,
1786043608329726218,1786043608.327195667,/novatel/oem7/odom,/novatel/oem7/fix,/novatel/oem7/odom,39.663,-75.756,-1.799505239,0.002221788,0.000171931,0.000718623,-0.002102362,0.000171931,,,
1786043608335579082,1786043608.334844218,/novatel/oem7/odom,/novatel/oem7/fix,/novatel/oem7/odom,39.663,-75.756,-1.799505239,0.002221788,0.000171931,0.000718623,-0.002102362,0.000171931,,,
1786043608345572786,1786043608.344982509,/novatel/oem7/inspva,/novatel/oem7/inspva,/novatel/oem7/inspva,39.663,-75.756,-1.799531956,0.001920870,0.001001804,-0.001386182,0.001329752,0.001001804,,novatel_oem7_msgs.msg.InertialSolutionStatus(status=3),
1786043608346968173,1786043608.345080376,/novatel/oem7/fix,/novatel/oem7/fix,/novatel/oem7/inspva,39.663,-75.756,-1.799531956,0.001920870,0.001001804,-0.001386182,0.001329752,0.001001804,,0,
1786043608348104004,1786043608.345557459,/novatel/oem7/odom,/novatel/oem7/fix,/novatel/oem7/odom,39.663,-75.756,-1.799531956,0.001920090,0.001003297,0.001254105,-0.001453948,0.001003297,,,
1786043608356876803,1786043608.356107529,/novatel/oem7/odom,/novatel/oem7/fix,/novatel/oem7/odom,39.663,-75.756,-1.799531956,0.001920090,0.001003297,0.001254105,-0.001453948,0.001003297,,,
1786043608366028362,1786043608.365401859,/novatel/oem7/inspva,/novatel/oem7/inspva,/novatel/oem7/inspva,39.663,-75.756,-1.799566436,0.000491273,0.000082094,-0.000296507,0.000391706,0.000082094,,novatel_oem7_msgs.msg.InertialSolutionStatus(status=3),
1786043608367509823,1786043608.365564178,/novatel/oem7/fix,/novatel/oem7/fix,/novatel/oem7/inspva,39.663,-75.756,-1.799566436,0.000491273,0.000082094,-0.000296507,0.000391706,0.000082094,,0,
1786043608368721722,1786043608.366134879,/novatel/oem7/odom,/novatel/oem7/fix,/novatel/oem7/odom,39.663,-75.756,-1.799566436,0.000491147,0.000082848,0.000375927,-0.000316076,0.000082848,,,
1786043608375938398,1786043608.375206331,/novatel/oem7/odom,/novatel/oem7/fix,/novatel/oem7/odom,39.663,-75.756,-1.799566436,0.000491147,0.000082848,0.000375927,-0.000316076,0.000082848,,,
1786043608386077427,1786043608.385379797,/novatel/oem7/inspva,/novatel/oem7/inspva,/novatel/oem7/inspva,39.663,-75.756,-1.799604747,0.000506377,-0.000514811,0.000506266,-0.000010577,-0.000514811,,novatel_oem7_msgs.msg.InertialSolutionStatus(status=3),
1786043608387612552,1786043608.385571336,/novatel/oem7/fix,/novatel/oem7/fix,/novatel/oem7/inspva,39.663,-75.756,-1.799604747,0.000506377,-0.000514811,0.000506266,-0.000010577,-0.000514811,,0,
1786043608388693752,1786043608.386155371,/novatel/oem7/odom,/novatel/oem7/fix,/novatel/oem7/odom,39.663,-75.756,-1.799604747,0.000507744,-0.000513463,0.000017066,0.000507457,-0.000513463,,,
1786043608395376847,1786043608.394567646,/novatel/oem7/odom,/novatel/oem7/fix,/novatel/oem7/odom,39.663,-75.756,-1.799604747,0.000507744,-0.000513463,0.000017066,0.000507457,-0.000513463,,,
1786043608407300870,1786043608.406667877,/novatel/oem7/inspva,/novatel/oem7/inspva,/novatel/oem7/inspva,39.663,-75.756,-1.799631314,0.001709061,-0.000881379,-0.001667257,0.000375688,-0.000881379,,novatel_oem7_msgs.msg.InertialSolutionStatus(status=3),
1786043608408720044,1786043608.406842686,/novatel/oem7/fix,/novatel/oem7/fix,/novatel/oem7/inspva,39.663,-75.756,-1.799631314,0.001709061,-0.000881379,-0.001667257,0.000375688,-0.000881379,,0,
1786043608409913909,1786043608.407332954,/novatel/oem7/odom,/novatel/oem7/fix,/novatel/oem7/odom,39.663,-75.756,-1.799631314,0.001707480,-0.000884438,0.000294790,-0.001681840,-0.000884438,,,
1786043608411388987,1786043608.410330743,/novatel/oem7/bestpos,/novatel/oem7/bestpos,/novatel/oem7/odom,39.663,-75.756,33.182644911,0.001707480,-0.000884438,0.000294790,-0.001681840,-0.000884438,,novatel_oem7_msgs.msg.SolutionStatus(status=0),novatel_oem7_msgs.msg.PositionOrVelocityType(type=53)
1786043608412389610,1786043608.410833495,/novatel/oem7/bestvel,/novatel/oem7/bestpos,/novatel/oem7/bestvel,39.663,-75.756,33.182644911,0.001890452,-0.000256230,,,,204.227907437,novatel_oem7_msgs.msg.SolutionStatus(status=0),novatel_oem7_msgs.msg.PositionOrVelocityType(type=53)
1786043608416295901,1786043608.415651605,/novatel/oem7/odom,/novatel/oem7/bestpos,/novatel/oem7/odom,39.663,-75.756,33.182644911,0.001707480,-0.000884438,0.000294790,-0.001681840,-0.000884438,,,
1786043608425815457,1786043608.425287258,/novatel/oem7/inspva,/novatel/oem7/inspva,/novatel/oem7/inspva,39.663,-75.756,-1.799661404,0.001419856,-0.000011776,-0.001037775,0.000969028,-0.000011776,,novatel_oem7_msgs.msg.InertialSolutionStatus(status=3),
1786043608427147306,1786043608.425455314,/novatel/oem7/fix,/novatel/oem7/fix,/novatel/oem7/inspva,39.663,-75.756,-1.799661404,0.001419856,-0.000011776,-0.001037775,0.000969028,-0.000011776,,0,
1786043608428273841,1786043608.425989419,/novatel/oem7/odom,/novatel/oem7/fix,/novatel/oem7/odom,39.663,-75.756,-1.799661404,0.001419864,-0.000010767,0.000915548,-0.001085258,-0.000010767,,,
1786043608435323500,1786043608.434661333,/novatel/oem7/odom,/novatel/oem7/fix,/novatel/oem7/odom,39.663,-75.756,-1.799661404,0.001419864,-0.000010767,0.000915548,-0.001085258,-0.000010767,,,
1786043608446846045,1786043608.446310403,/novatel/oem7/inspva,/novatel/oem7/inspva,/novatel/oem7/inspva,39.663,-75.756,-1.799692153,0.000765021,0.000439583,-0.000230181,0.000729571,0.000439583,,novatel_oem7_msgs.msg.InertialSolutionStatus(status=3),
1786043608448238062,1786043608.446483699,/novatel/oem7/fix,/novatel/oem7/fix,/novatel/oem7/inspva,39.663,-75.756,-1.799692153,0.000765021,0.000439583,-0.000230181,0.000729571,0.000439583,,0,
1786043608449343353,1786043608.447104438,/novatel/oem7/odom,/novatel/oem7/fix,/novatel/oem7/odom,39.663,-75.756,-1.799692153,0.000763700,0.000441874,0.000715220,-0.000267765,0.000441874,,,
1786043608457179029,1786043608.456477792,/novatel/oem7/odom,/novatel/oem7/fix,/novatel/oem7/odom,39.663,-75.756,-1.799692153,0.000763700,0.000441874,0.000715220,-0.000267765,0.000441874,,,
1786043608465667632,1786043608.465122110,/novatel/oem7/inspva,/novatel/oem7/inspva,/novatel/oem7/inspva,39.663,-75.756,-1.799739169,0.001022316,-0.000604070,0.000733419,0.000712199,-0.000604070,,novatel_oem7_msgs.msg.InertialSolutionStatus(status=3),
1786043608467039259,1786043608.465282545,/novatel/oem7/fix,/novatel/oem7/fix,/novatel/oem7/inspva,39.663,-75.756,-1.799739169,0.001022316,-0.000604070,0.000733419,0.000712199,-0.000604070,,0,
1786043608468168960,1786043608.465695749,/novatel/oem7/odom,/novatel/oem7/fix,/novatel/oem7/odom,39.663,-75.756,-1.799739169,0.001025159,-0.000599232,0.000750722,0.000698117,-0.000599232,,,
1786043608475525547,1786043608.474859246,/novatel/oem7/odom,/novatel/oem7/fix,/novatel/oem7/odom,39.663,-75.756,-1.799739169,0.001025159,-0.000599232,0.000750722,0.000698117,-0.000599232,,,
1786043608485761484,1786043608.485206492,/novatel/oem7/inspva,/novatel/oem7/inspva,/novatel/oem7/inspva,39.663,-75.756,-1.799782513,0.001101924,-0.001894309,-0.000976588,0.000510405,-0.001894309,,novatel_oem7_msgs.msg.InertialSolutionStatus(status=3),
1786043608487096660,1786043608.485385377,/novatel/oem7/fix,/novatel/oem7/fix,/novatel/oem7/inspva,39.663,-75.756,-1.799782513,0.001101924,-0.001894309,-0.000976588,0.000510405,-0.001894309,,0,
1786043608488183371,1786043608.486004623,/novatel/oem7/odom,/novatel/oem7/fix,/novatel/oem7/odom,39.663,-75.756,-1.799782513,0.001100856,-0.001894930,0.000468300,-0.000996282,-0.001894930,,,
1786043608495674287,1786043608.495008667,/novatel/oem7/odom,/novatel/oem7/fix,/novatel/oem7/odom,39.663,-75.756,-1.799782513,0.001100856,-0.001894930,0.000468300,-0.000996282,-0.001894930,,,
1786043608506880016,1786043608.506355821,/novatel/oem7/inspva,/novatel/oem7/inspva,/novatel/oem7/inspva,39.663,-75.756,-1.799815066,0.001006854,-0.001339092,-0.000808632,0.000599890,-0.001339092,,novatel_oem7_msgs.msg.InertialSolutionStatus(status=3),
1786043608508251686,1786043608.506537863,/novatel/oem7/fix,/novatel/oem7/fix,/novatel/oem7/inspva,39.663,-75.756,-1.799815066,0.001006854,-0.001339092,-0.000808632,0.000599890,-0.001339092,,0,
1786043608509325870,1786043608.506953543,/novatel/oem7/odom,/novatel/oem7/fix,/novatel/oem7/odom,39.663,-75.756,-1.799815066,0.001007108,-0.001338901,0.000563861,-0.000834462,-0.001338901,,,
1786043608513001072,1786043608.512395293,/novatel/oem7/bestpos,/novatel/oem7/bestpos,/novatel/oem7/odom,39.663,-75.756,33.182471711,0.001007108,-0.001338901,0.000563861,-0.000834462,-0.001338901,,novatel_oem7_msgs.msg.SolutionStatus(status=0),novatel_oem7_msgs.msg.PositionOrVelocityType(type=53)
1786043608514405600,1786043608.512753664,/novatel/oem7/bestvel,/novatel/oem7/bestpos,/novatel/oem7/bestvel,39.663,-75.756,33.182471711,0.001511004,-0.000334836,,,,215.237399015,novatel_oem7_msgs.msg.SolutionStatus(status=0),novatel_oem7_msgs.msg.PositionOrVelocityType(type=53)
1786043608516033589,1786043608.514611325,/novatel/oem7/odom,/novatel/oem7/bestpos,/novatel/oem7/odom,39.663,-75.756,33.182471711,0.001007108,-0.001338901,0.000563861,-0.000834462,-0.001338901,,,
1786043608525722886,1786043608.525199448,/novatel/oem7/inspva,/novatel/oem7/inspva,/novatel/oem7/inspva,39.663,-75.756,-1.799829808,0.000790282,0.001277355,0.000054531,0.000788398,0.001277355,,novatel_oem7_msgs.msg.InertialSolutionStatus(status=3),
1786043608527050533,1786043608.525349076,/novatel/oem7/fix,/novatel/oem7/fix,/novatel/oem7/inspva,39.663,-75.756,-1.799829808,0.000790282,0.001277355,0.000054531,0.000788398,0.001277355,,0,
1786043608528146697,1786043608.525768683,/novatel/oem7/odom,/novatel/oem7/fix,/novatel/oem7/odom,39.663,-75.756,-1.799829808,0.000784943,0.001280642,0.000784859,0.000011507,0.001280642,,,
1786043608536152834,1786043608.535479621,/novatel/oem7/odom,/novatel/oem7/fix,/novatel/oem7/odom,39.663,-75.756,-1.799829808,0.000784943,0.001280642,0.000784859,0.000011507,0.001280642,,,
1786043608545478758,1786043608.544961613,/novatel/oem7/inspva,/novatel/oem7/inspva,/novatel/oem7/inspva,39.663,-75.756,-1.799882053,0.000792384,-0.000078625,0.000411651,0.000677064,-0.000078625,,novatel_oem7_msgs.msg.InertialSolutionStatus(status=3),
1786043608546803958,1786043608.545102369,/novatel/oem7/fix,/novatel/oem7/fix,/novatel/oem7/inspva,39.663,-75.756,-1.799882053,0.000792384,-0.000078625,0.000411651,0.000677064,-0.000078625,,0,
1786043608547915836,1786043608.545579796,/novatel/oem7/odom,/novatel/oem7/fix,/novatel/oem7/odom,39.663,-75.756,-1.799882053,0.000792755,-0.000074787,0.000697259,0.000377214,-0.000074787,,,
1786043608556466935,1786043608.555768752,/novatel/oem7/odom,/novatel/oem7/fix,/novatel/oem7/odom,39.663,-75.756,-1.799882053,0.000792755,-0.000074787,0.000697259,0.000377214,-0.000074787,,,
1786043608567065012,1786043608.566535440,/novatel/oem7/inspva,/novatel/oem7/inspva,/novatel/oem7/inspva,39.663,-75.756,-1.799933615,0.000067383,-0.002514917,0.000058076,-0.000034169,-0.002514917,,novatel_oem7_msgs.msg.InertialSolutionStatus(status=3),
1786043608568509033,1786043608.566697779,/novatel/oem7/fix,/novatel/oem7/fix,/novatel/oem7/inspva,39.663,-75.756,-1.799933615,0.000067383,-0.002514917,0.000058076,-0.000034169,-0.002514917,,0,
1786043608569609680,1786043608.567231060,/novatel/oem7/odom,/novatel/oem7/fix,/novatel/oem7/odom,39.663,-75.756,-1.799933615,0.000069242,-0.002514867,-0.000020913,0.000066008,-0.002514867,,,
1786043608575857461,1786043608.575155591,/novatel/oem7/odom,/novatel/oem7/fix,/novatel/oem7/odom,39.663,-75.756,-1.799933615,0.000069242,-0.002514867,-0.000020913,0.000066008,-0.002514867,,,
1786043608585814768,1786043608.585271020,/novatel/oem7/inspva,/novatel/oem7/inspva,/novatel/oem7/inspva,39.663,-75.756,-1.799960146,0.001357814,-0.001474507,-0.000391796,0.001300060,-0.001474507,,novatel_oem7_msgs.msg.InertialSolutionStatus(status=3),
1786043608587192628,1786043608.585416547,/novatel/oem7/fix,/novatel/oem7/fix,/novatel/oem7/inspva,39.663,-75.756,-1.799960146,0.001357814,-0.001474507,-0.000391796,0.001300060,-0.001474507,,0,
1786043608588298372,1786043608.585880112,/novatel/oem7/odom,/novatel/oem7/fix,/novatel/oem7/odom,39.663,-75.756,-1.799960146,0.001362286,-0.001470377,0.001284732,-0.000453086,-0.001470377,,,
1786043608596275370,1786043608.595610527,/novatel/oem7/odom,/novatel/oem7/fix,/novatel/oem7/odom,39.663,-75.756,-1.799960146,0.001362286,-0.001470377,0.001284732,-0.000453086,-0.001470377,,,
1786043608607174489,1786043608.606619857,/novatel/oem7/inspva,/novatel/oem7/inspva,/novatel/oem7/inspva,39.663,-75.756,-1.799972495,0.001070740,0.000963650,-0.000486936,0.000953612,0.000963650,,novatel_oem7_msgs.msg.InertialSolutionStatus(status=3),
1786043608608592090,1786043608.606785052,/novatel/oem7/fix,/novatel/oem7/fix,/novatel/oem7/inspva,39.663,-75.756,-1.799972495,0.001070740,0.000963650,-0.000486936,0.000953612,0.000963650,,0,
1786043608609720474,1786043608.607274354,/novatel/oem7/odom,/novatel/oem7/fix,/novatel/oem7/odom,39.663,-75.756,-1.799972495,0.001068466,0.000966171,0.000923838,-0.000536789,0.000966171,,,
1786043608611237939,1786043608.610511175,/novatel/oem7/bestpos,/novatel/oem7/bestpos,/novatel/oem7/odom,39.663,-75.756,33.182274448,0.001068466,0.000966171,0.000923838,-0.000536789,0.000966171,,novatel_oem7_msgs.msg.SolutionStatus(status=0),novatel_oem7_msgs.msg.PositionOrVelocityType(type=53)
1786043608612865718,1786043608.611055377,/novatel/oem7/bestvel,/novatel/oem7/bestpos,/novatel/oem7/bestvel,39.663,-75.756,33.182274448,0.002373637,0.000043931,,,,93.785143562,novatel_oem7_msgs.msg.SolutionStatus(status=0),novatel_oem7_msgs.msg.PositionOrVelocityType(type=53)
1786043608615945521,1786043608.615281515,/novatel/oem7/odom,/novatel/oem7/bestpos,/novatel/oem7/odom,39.663,-75.756,33.182274448,0.001068466,0.000966171,0.000923838,-0.000536789,0.000966171,,,
1786043608625908121,1786043608.625387656,/novatel/oem7/inspva,/novatel/oem7/inspva,/novatel/oem7/inspva,39.663,-75.756,-1.800026646,0.001188980,-0.000025032,0.000025276,0.001188711,-0.000025032,,novatel_oem7_msgs.msg.InertialSolutionStatus(status=3),
1786043608627295422,1786043608.625555408,/novatel/oem7/fix,/novatel/oem7/fix,/novatel/oem7/inspva,39.663,-75.756,-1.800026646,0.001188980,-0.000025032,0.000025276,0.001188711,-0.000025032,,0,
1786043608628357389,1786043608.626051400,/novatel/oem7/odom,/novatel/oem7/fix,/novatel/oem7/odom,39.663,-75.756,-1.800026646,0.001189072,-0.000020196,0.001188570,-0.000034569,-0.000020196,,,
1786043608635333243,1786043608.634678680,/novatel/oem7/odom,/novatel/oem7/fix,/novatel/oem7/odom,39.663,-75.756,-1.800026646,0.001189072,-0.000020196,0.001188570,-0.000034569,-0.000020196,,,
1786043608645944366,1786043608.645415188,/novatel/oem7/inspva,/novatel/oem7/inspva,/novatel/oem7/inspva,39.663,-75.756,-1.800084024,0.000718970,-0.002640561,0.000718445,0.000027464,-0.002640561,,novatel_oem7_msgs.msg.InertialSolutionStatus(status=3),
1786043608647315427,1786043608.645588137,/novatel/oem7/fix,/novatel/oem7/fix,/novatel/oem7/inspva,39.663,-75.756,-1.800084024,0.000718970,-0.002640561,0.000718445,0.000027464,-0.002640561,,0,
1786043608648707300,1786043608.646293357,/novatel/oem7/odom,/novatel/oem7/fix,/novatel/oem7/odom,39.663,-75.756,-1.800084024,0.000726601,-0.002638471,0.000074475,0.000722774,-0.002638471,,,
1786043608657351037,1786043608.656635851,/novatel/oem7/odom,/novatel/oem7/fix,/novatel/oem7/odom,39.663,-75.756,-1.800084024,0.000726601,-0.002638471,0.000074475,0.000722774,-0.002638471,,,
1786043608665547707,1786043608.665006429,/novatel/oem7/inspva,/novatel/oem7/inspva,/novatel/oem7/inspva,39.663,-75.756,-1.800112703,0.000510724,-0.001800036,0.000243269,0.000449065,-0.001800036,,novatel_oem7_msgs.msg.InertialSolutionStatus(status=3),
1786043608666912067,1786043608.665186074,/novatel/oem7/fix,/novatel/oem7/fix,/novatel/oem7/inspva,39.663,-75.756,-1.800112703,0.000510724,-0.001800036,0.000243269,0.000449065,-0.001800036,,0,
1786043608668058279,1786043608.665673708,/novatel/oem7/odom,/novatel/oem7/fix,/novatel/oem7/odom,39.663,-75.756,-1.800112703,0.000519345,-0.001797568,0.000468154,0.000224834,-0.001797568,,,
1786043608675275426,1786043608.674586749,/novatel/oem7/odom,/novatel/oem7/fix,/novatel/oem7/odom,39.663,-75.756,-1.800112703,0.000519345,-0.001797568,0.000468154,0.000224834,-0.001797568,,,
1786043608687087741,1786043608.686538245,/novatel/oem7/inspva,/novatel/oem7/inspva,/novatel/oem7/inspva,39.663,-75.756,-1.800135242,0.002069775,-0.000236775,-0.000713592,0.001942873,-0.000236775,,novatel_oem7_msgs.msg.InertialSolutionStatus(status=3),
1786043608688476917,1786043608.686687383,/novatel/oem7/fix,/novatel/oem7/fix,/novatel/oem7/inspva,39.663,-75.756,-1.800135242,0.002069775,-0.000236775,-0.000713592,0.001942873,-0.000236775,,0,
1786043608689541215,1786043608.687135417,/novatel/oem7/odom,/novatel/oem7/fix,/novatel/oem7/odom,39.663,-75.756,-1.800135242,0.002070438,-0.000230904,0.001905435,-0.000809957,-0.000230904,,,
1786043608695748165,1786043608.695048544,/novatel/oem7/odom,/novatel/oem7/fix,/novatel/oem7/odom,39.663,-75.756,-1.800135242,0.002070438,-0.000230904,0.001905435,-0.000809957,-0.000230904,,,
1786043608706579794,1786043608.705974988,/novatel/oem7/inspva,/novatel/oem7/inspva,/novatel/oem7/inspva,39.663,-75.756,-1.800180279,0.001639244,0.000393024,-0.000098026,0.001636311,0.000393024,,novatel_oem7_msgs.msg.InertialSolutionStatus(status=3),
1786043608708008724,1786043608.706201510,/novatel/oem7/fix,/novatel/oem7/fix,/novatel/oem7/inspva,39.663,-75.756,-1.800180279,0.001639244,0.000393024,-0.000098026,0.001636311,0.000393024,,0,
1786043608709097761,1786043608.706762952,/novatel/oem7/odom,/novatel/oem7/fix,/novatel/oem7/odom,39.663,-75.756,-1.800180279,0.001637726,0.000399302,0.001627657,-0.000181330,0.000399302,,,
1786043608710639886,1786043608.709629646,/novatel/oem7/bestpos,/novatel/oem7/bestpos,/novatel/oem7/odom,39.663,-75.756,33.182090115,0.001637726,0.000399302,0.001627657,-0.000181330,0.000399302,,novatel_oem7_msgs.msg.SolutionStatus(status=0),novatel_oem7_msgs.msg.PositionOrVelocityType(type=53)
1786043608712108567,1786043608.710433021,/novatel/oem7/bestvel,/novatel/oem7/bestpos,/novatel/oem7/bestvel,39.663,-75.756,33.182090115,0.001704968,-0.000029488,,,,65.698395541,novatel_oem7_msgs.msg.SolutionStatus(status=0),novatel_oem7_msgs.msg.PositionOrVelocityType(type=53)
1786043608716355052,1786043608.715680262,/novatel/oem7/odom,/novatel/oem7/bestpos,/novatel/oem7/odom,39.663,-75.756,33.182090115,0.001637726,0.000399302,0.001627657,-0.000181330,0.000399302,,,
1786043608725862441,1786043608.725306449,/novatel/oem7/inspva,/novatel/oem7/inspva,/novatel/oem7/inspva,39.663,-75.756,-1.800236944,0.000968416,-0.002004825,0.000881744,0.000400446,-0.002004825,,novatel_oem7_msgs.msg.InertialSolutionStatus(status=3),
1786043608727295442,1786043608.725539621,/novatel/oem7/fix,/novatel/oem7/fix,/novatel/oem7/inspva,39.663,-75.756,-1.800236944,0.000968416,-0.002004825,0.000881744,0.000400446,-0.002004825,,0,
1786043608728387076,1786043608.726121894,/novatel/oem7/odom,/novatel/oem7/fix,/novatel/oem7/odom,39.663,-75.756,-1.800236944,0.000976679,-0.002000812,0.000452633,0.000865463,-0.002000812,,,
1786043608735753588,1786043608.735068548,/novatel/oem7/odom,/novatel/oem7/fix,/novatel/oem7/odom,39.663,-75.756,-1.800236944,0.000976679,-0.002000812,0.000452633,0.000865463,-0.002000812,,,
1786043608747341053,1786043608.746121998,/novatel/oem7/inspva,/novatel/oem7/inspva,/novatel/oem7/inspva,39.663,-75.756,-1.800267726,0.000617176,-0.002111529,0.000477220,0.000391367,-0.002111529,,novatel_oem7_msgs.msg.InertialSolutionStatus(status=3),
1786043608748766077,1786043608.746360644,/novatel/oem7/fix,/novatel/oem7/fix,/novatel/oem7/inspva,39.663,-75.756,-1.800267726,0.000617176,-0.002111529,0.000477220,0.000391367,-0.002111529,,0,
1786043608749832571,1786043608.746870646,/novatel/oem7/odom,/novatel/oem7/fix,/novatel/oem7/odom,39.663,-75.756,-1.800267726,0.000626908,-0.002108660,0.000423622,0.000462123,-0.002108660,,,
1786043608756451176,1786043608.755788576,/novatel/oem7/odom,/novatel/oem7/fix,/novatel/oem7/odom,39.663,-75.756,-1.800267726,0.000626908,-0.002108660,0.000423622,0.000462123,-0.002108660,,,
1786043608765831003,1786043608.765300525,/novatel/oem7/inspva,/novatel/oem7/inspva,/novatel/oem7/inspva,39.663,-75.756,-1.800286039,0.001465964,-0.000241433,-0.000374279,0.001417379,-0.000241433,,novatel_oem7_msgs.msg.InertialSolutionStatus(status=3),
1786043608767199181,1786043608.765502164,/novatel/oem7/fix,/novatel/oem7/fix,/novatel/oem7/inspva,39.663,-75.756,-1.800286039,0.001465964,-0.000241433,-0.000374279,0.001417379,-0.000241433,,0,
1786043608768270201,1786043608.766162464,/novatel/oem7/odom,/novatel/oem7/fix,/novatel/oem7/odom,39.663,-75.756,-1.800286039,0.001466729,-0.000236737,0.001397722,-0.000444596,-0.000236737,,,
1786043608776190188,1786043608.775550585,/novatel/oem7/odom,/novatel/oem7/fix,/novatel/oem7/odom,39.663,-75.756,-1.800286039,0.001466729,-0.000236737,0.001397722,-0.000444596,-0.000236737,,,
1786043608785587396,1786043608.785051221,/novatel/oem7/inspva,/novatel/oem7/inspva,/novatel/oem7/inspva,39.663,-75.756,-1.800338724,0.002462596,-0.000523146,-0.000450188,0.002421097,-0.000523146,,novatel_oem7_msgs.msg.InertialSolutionStatus(status=3),
1786043608786943026,1786043608.785227359,/novatel/oem7/fix,/novatel/oem7/fix,/novatel/oem7/inspva,39.663,-75.756,-1.800338724,0.002462596,-0.000523146,-0.000450188,0.002421097,-0.000523146,,0,
1786043608788025713,1786043608.785738181,/novatel/oem7/odom,/novatel/oem7/fix,/novatel/oem7/odom,39.663,-75.756,-1.800338724,0.002464379,-0.000514682,0.002397493,-0.000570253,-0.000514682,,,
1786043608795212606,1786043608.794565663,/novatel/oem7/odom,/novatel/oem7/fix,/novatel/oem7/odom,39.663,-75.756,-1.800338724,0.002464379,-0.000514682,0.002397493,-0.000570253,-0.000514682,,,
1786043608807083602,1786043608.806546390,/novatel/oem7/inspva,/novatel/oem7/inspva,/novatel/oem7/inspva,39.663,-75.756,-1.800385674,0.001542868,-0.000867343,0.001533715,0.000167809,-0.000867343,,novatel_oem7_msgs.msg.InertialSolutionStatus(status=3),
1786043608808530363,1786043608.806735912,/novatel/oem7/fix,/novatel/oem7/fix,/novatel/oem7/inspva,39.663,-75.756,-1.800385674,0.001542868,-0.000867343,0.001533715,0.000167809,-0.000867343,,0,
1786043608809623437,1786043608.807270170,/novatel/oem7/odom,/novatel/oem7/fix,/novatel/oem7/odom,39.663,-75.756,-1.800385674,0.001545576,-0.000862509,0.000248451,0.001525476,-0.000862509,,,
1786043608811188282,1786043608.810206175,/novatel/oem7/bestpos,/novatel/oem7/bestpos,/novatel/oem7/odom,39.663,-75.756,33.181886970,0.001545576,-0.000862509,0.000248451,0.001525476,-0.000862509,,novatel_oem7_msgs.msg.SolutionStatus(status=0),novatel_oem7_msgs.msg.PositionOrVelocityType(type=53)
1786043608812680233,1786043608.810738838,/novatel/oem7/bestvel,/novatel/oem7/bestpos,/novatel/oem7/bestvel,39.663,-75.756,33.181886970,0.002067492,-0.001467178,,,,30.971178194,novatel_oem7_msgs.msg.SolutionStatus(status=0),novatel_oem7_msgs.msg.PositionOrVelocityType(type=53)
1786043608815661415,1786043608.814995459,/novatel/oem7/odom,/novatel/oem7/bestpos,/novatel/oem7/odom,39.663,-75.756,33.181886970,0.001545576,-0.000862509,0.000248451,0.001525476,-0.000862509,,,
1786043608825689963,1786043608.825163625,/novatel/oem7/inspva,/novatel/oem7/inspva,/novatel/oem7/inspva,39.663,-75.756,-1.800435922,0.001389712,-0.002216833,0.001366553,-0.000252648,-0.002216833,,novatel_oem7_msgs.msg.InertialSolutionStatus(status=3),
1786043608827021096,1786043608.825334116,/novatel/oem7/fix,/novatel/oem7/fix,/novatel/oem7/inspva,39.663,-75.756,-1.800435922,0.001389712,-0.002216833,0.001366553,-0.000252648,-0.002216833,,0,
1786043608828109010,1786043608.825851618,/novatel/oem7/odom,/novatel/oem7/fix,/novatel/oem7/odom,39.663,-75.756,-1.800435922,0.001393972,-0.002214157,-0.000174344,0.001383026,-0.002214157,,,
1786043608836459851,1786043608.835794138,/novatel/oem7/odom,/novatel/oem7/fix,/novatel/oem7/odom,39.663,-75.756,-1.800435922,0.001393972,-0.002214157,-0.000174344,0.001383026,-0.002214157,,,
1786043608845988388,1786043608.845429825,/novatel/oem7/inspva,/novatel/oem7/inspva,/novatel/oem7/inspva,39.663,-75.756,-1.800468319,0.001867923,-0.001342776,-0.000708612,0.001728295,-0.001342776,,novatel_oem7_msgs.msg.InertialSolutionStatus(status=3),
1786043608847835982,1786043608.845597484,/novatel/oem7/fix,/novatel/oem7/fix,/novatel/oem7/inspva,39.663,-75.756,-1.800468319,0.001867923,-0.001342776,-0.000708612,0.001728295,-0.001342776,,0,
1786043608848946976,1786043608.846389381,/novatel/oem7/odom,/novatel/oem7/fix,/novatel/oem7/odom,39.663,-75.756,-1.800468319,0.001871501,-0.001337785,0.001695918,-0.000791440,-0.001337785,,,
1786043608857369414,1786043608.856663921,/novatel/oem7/odom,/novatel/oem7/fix,/novatel/oem7/odom,39.663,-75.756,-1.800468319,0.001871501,-0.001337785,0.001695918,-0.000791440,-0.001337785,,,
1786043608866811523,1786043608.866290518,/novatel/oem7/inspva,/novatel/oem7/inspva,/novatel/oem7/inspva,39.663,-75.756,-1.800520641,0.002691803,-0.000935202,-0.000632077,0.002616540,-0.000935202,,novatel_oem7_msgs.msg.InertialSolutionStatus(status=3),
1786043608868186120,1786043608.866482080,/novatel/oem7/fix,/novatel/oem7/fix,/novatel/oem7/inspva,39.663,-75.756,-1.800520641,0.002691803,-0.000935202,-0.000632077,0.002616540,-0.000935202,,0,
1786043608869228107,1786043608.867145043,/novatel/oem7/odom,/novatel/oem7/fix,/novatel/oem7/odom,39.663,-75.756,-1.800520641,0.002694832,-0.000926437,0.002585221,-0.000760759,-0.000926437,,,
1786043608875518161,1786043608.874677117,/novatel/oem7/odom,/novatel/oem7/fix,/novatel/oem7/odom,39.663,-75.756,-1.800520641,0.002694832,-0.000926437,0.002585221,-0.000760759,-0.000926437,,,
1786043608885978903,1786043608.885320738,/novatel/oem7/inspva,/novatel/oem7/inspva,/novatel/oem7/inspva,39.663,-75.756,-1.800565785,0.001685206,-0.000580435,0.001380393,0.000966661,-0.000580435,,novatel_oem7_msgs.msg.InertialSolutionStatus(status=3),
1786043608887523702,1786043608.885399341,/novatel/oem7/fix,/novatel/oem7/fix,/novatel/oem7/inspva,39.663,-75.756,-1.800565785,0.001685206,-0.000580435,0.001380393,0.000966661,-0.000580435,,0,
1786043608888692289,1786043608.886361380,/novatel/oem7/odom,/novatel/oem7/fix,/novatel/oem7/odom,39.663,-75.756,-1.800565785,0.001687814,-0.000572807,0.001037367,0.001331384,-0.000572807,,,
1786043608896444079,1786043608.895646911,/novatel/oem7/odom,/novatel/oem7/fix,/novatel/oem7/odom,39.663,-75.756,-1.800565785,0.001687814,-0.000572807,0.001037367,0.001331384,-0.000572807,,,
1786043608906560173,1786043608.905867327,/novatel/oem7/inspva,/novatel/oem7/inspva,/novatel/oem7/inspva,39.663,-75.756,-1.800617626,0.001721273,-0.001307956,0.001687707,0.000338270,-0.001307956,,novatel_oem7_msgs.msg.InertialSolutionStatus(status=3),
1786043608908093038,1786043608.906014688,/novatel/oem7/fix,/novatel/oem7/fix,/novatel/oem7/inspva,39.663,-75.756,-1.800617626,0.001721273,-0.001307956,0.001687707,0.000338270,-0.001307956,,0,
1786043608909189419,1786043608.906581094,/novatel/oem7/odom,/novatel/oem7/fix,/novatel/oem7/odom,39.663,-75.756,-1.800617626,0.001725750,-0.001302043,0.000428272,0.001671765,-0.001302043,,,
1786043608910964346,1786043608.909620300,/novatel/oem7/bestpos,/novatel/oem7/bestpos,/novatel/oem7/odom,39.663,-75.756,33.181667523,0.001725750,-0.001302043,0.000428272,0.001671765,-0.001302043,,novatel_oem7_msgs.msg.SolutionStatus(status=0),novatel_oem7_msgs.msg.PositionOrVelocityType(type=53)
1786043608912482375,1786043608.910403938,/novatel/oem7/bestvel,/novatel/oem7/bestpos,/novatel/oem7/bestvel,39.663,-75.756,33.181667523,0.001840924,-0.001571986,,,,48.201882689,novatel_oem7_msgs.msg.SolutionStatus(status=0),novatel_oem7_msgs.msg.PositionOrVelocityType(type=53)
1786043608915666376,1786043608.914812427,/novatel/oem7/odom,/novatel/oem7/bestpos,/novatel/oem7/odom,39.663,-75.756,33.181667523,0.001725750,-0.001302043,0.000428272,0.001671765,-0.001302043,,,
1786043608928133200,1786043608.927283632,/novatel/oem7/inspva,/novatel/oem7/inspva,/novatel/oem7/inspva,39.663,-75.756,-1.800660464,0.001028770,-0.002270585,0.000299500,0.000984209,-0.002270585,,novatel_oem7_msgs.msg.InertialSolutionStatus(status=3),
1786043608929675828,1786043608.927603295,/novatel/oem7/fix,/novatel/oem7/fix,/novatel/oem7/inspva,39.663,-75.756,-1.800660464,0.001028770,-0.002270585,0.000299500,0.000984209,-0.002270585,,0,
1786043608930880264,1786043608.928051789,/novatel/oem7/odom,/novatel/oem7/fix,/novatel/oem7/odom,39.663,-75.756,-1.800660464,0.001039182,-0.002265838,0.001007363,0.000255182,-0.002265838,,,
1786043608935842878,1786043608.934989744,/novatel/oem7/odom,/novatel/oem7/fix,/novatel/oem7/odom,39.663,-75.756,-1.800660464,0.001039182,-0.002265838,0.001007363,0.000255182,-0.002265838,,,
1786043608945992287,1786043608.945169649,/novatel/oem7/inspva,/novatel/oem7/inspva,/novatel/oem7/inspva,39.663,-75.756,-1.800699158,0.002381623,-0.001394833,0.000113257,0.002378928,-0.001394833,,novatel_oem7_msgs.msg.InertialSolutionStatus(status=3),
1786043608947465945,1786043608.945533100,/novatel/oem7/fix,/novatel/oem7/fix,/novatel/oem7/inspva,39.663,-75.756,-1.800699158,0.002381623,-0.001394833,0.000113257,0.002378928,-0.001394833,,0,
1786043608948567099,1786043608.946058908,/novatel/oem7/odom,/novatel/oem7/fix,/novatel/oem7/odom,39.663,-75.756,-1.800699158,0.002387348,-0.001385011,0.002387346,-0.000003214,-0.001385011,,,
1786043608956978591,1786043608.956299014,/novatel/oem7/odom,/novatel/oem7/fix,/novatel/oem7/odom,39.663,-75.756,-1.800699158,0.002387348,-0.001385011,0.002387346,-0.000003214,-0.001385011,,,
1786043608966126207,1786043608.965561305,/novatel/oem7/inspva,/novatel/oem7/inspva,/novatel/oem7/inspva,39.663,-75.756,-1.800729990,0.002040442,0.000089024,0.000968602,0.001795888,0.000089024,,novatel_oem7_msgs.msg.InertialSolutionStatus(status=3),
1786043608967581647,1786043608.965725159,/novatel/oem7/fix,/novatel/oem7/fix,/novatel/oem7/inspva,39.663,-75.756,-1.800729990,0.002040442,0.000089024,0.000968602,0.001795888,0.000089024,,0,
1786043608968070787,1786043608.966618907,/novatel/oem7/odom,/novatel/oem7/fix,/novatel/oem7/odom,39.663,-75.756,-1.800729990,0.002039986,0.000098924,0.001841994,0.000876698,0.000098924,,,
1786043608975380242,1786043608.975031620,/novatel/oem7/odom,/novatel/oem7/fix,/novatel/oem7/odom,39.663,-75.756,-1.800729990,0.002039986,0.000098924,0.001841994,0.000876698,0.000098924,,,
1786043608987255388,1786043608.986916392,/novatel/oem7/inspva,/novatel/oem7/inspva,/novatel/oem7/inspva,39.663,-75.756,-1.800782000,0.002545915,-0.000547287,0.001777512,0.001822673,-0.000547287,,novatel_oem7_msgs.msg.InertialSolutionStatus(status=3),
1786043608987822786,1786043608.987077701,/novatel/oem7/fix,/novatel/oem7/fix,/novatel/oem7/inspva,39.663,-75.756,-1.800782000,0.002545915,-0.000547287,0.001777512,0.001822673,-0.000547287,,0,
1786043608988472693,1786043608.987542464,/novatel/oem7/odom,/novatel/oem7/fix,/novatel/oem7/odom,39.663,-75.756,-1.800782000,0.002548497,-0.000535133,0.001912132,0.001684812,-0.000535133,,,
1786043608995029053,1786043608.994601180,/novatel/oem7/odom,/novatel/oem7/fix,/novatel/oem7/odom,39.663,-75.756,-1.800782000,0.002548497,-0.000535133,0.001912132,0.001684812,-0.000535133,,,
1786043609009103942,1786043609.008550676,/novatel/oem7/inspva,/novatel/oem7/inspva,/novatel/oem7/inspva,39.663,-75.756,-1.800840464,0.002059843,-0.003112138,0.001247966,0.001638759,-0.003112138,,novatel_oem7_msgs.msg.InertialSolutionStatus(status=3),
1786043609010402004,1786043609.008739202,/novatel/oem7/fix,/novatel/oem7/fix,/novatel/oem7/inspva,39.663,-75.756,-1.800840464,0.002059843,-0.003112138,0.001247966,0.001638759,-0.003112138,,0,
1786043609012276239,1786043609.011651930,/novatel/oem7/odom,/novatel/oem7/fix,/novatel/oem7/odom,39.663,-75.756,-1.800840464,0.002074841,-0.003102159,0.001712386,0.001171622,-0.003102159,,,
1786043609016570124,1786043609.015959025,/novatel/oem7/odom,/novatel/oem7/fix,/novatel/oem7/odom,39.663,-75.756,-1.800840464,0.002074841,-0.003102159,0.001712386,0.001171622,-0.003102159,,,
1786043609027184820,1786043609.026665749,/novatel/oem7/bestpos,/novatel/oem7/bestpos,/novatel/oem7/odom,39.663,-75.756,33.181444427,0.002074841,-0.003102159,0.001712386,0.001171622,-0.003102159,,novatel_oem7_msgs.msg.SolutionStatus(status=0),novatel_oem7_msgs.msg.PositionOrVelocityType(type=53)
1786043609027881082,1786043609.027176704,/novatel/oem7/bestvel,/novatel/oem7/bestpos,/novatel/oem7/bestvel,39.663,-75.756,33.181444427,0.001881933,-0.002932053,,,,59.626512295,novatel_oem7_msgs.msg.SolutionStatus(status=0),novatel_oem7_msgs.msg.PositionOrVelocityType(type=53)
1786043609028533960,1786043609.027610389,/novatel/oem7/inspva,/novatel/oem7/inspva,/novatel/oem7/inspva,39.663,-75.756,-1.800883667,0.001476358,-0.003022922,0.000967297,0.001115333,-0.003022922,,novatel_oem7_msgs.msg.InertialSolutionStatus(status=3),
1786043609028923663,1786043609.027790957,/novatel/oem7/fix,/novatel/oem7/fix,/novatel/oem7/inspva,39.663,-75.756,-1.800883667,0.001476358,-0.003022922,0.000967297,0.001115333,-0.003022922,,0,
1786043609029606657,1786043609.028295185,/novatel/oem7/odom,/novatel/oem7/fix,/novatel/oem7/odom,39.663,-75.756,-1.800883667,0.001490869,-0.003015792,0.001175145,0.000917456,-0.003015792,,,
1786043609035330514,1786043609.034930103,/novatel/oem7/odom,/novatel/oem7/fix,/novatel/oem7/odom,39.663,-75.756,-1.800883667,0.001490869,-0.003015792,0.001175145,0.000917456,-0.003015792,,,
1786043609047565231,1786043609.047255313,/novatel/oem7/inspva,/novatel/oem7/inspva,/novatel/oem7/inspva,39.663,-75.756,-1.800864602,0.003213652,-0.000101624,0.000532285,0.003169264,-0.000101624,,novatel_oem7_msgs.msg.InertialSolutionStatus(status=3),
1786043609048607506,1786043609.047443612,/novatel/oem7/fix,/novatel/oem7/fix,/novatel/oem7/inspva,39.663,-75.756,-1.800864602,0.003213652,-0.000101624,0.000532285,0.003169264,-0.000101624,,0,
1786043609050048727,1786043609.047873413,/novatel/oem7/odom,/novatel/oem7/fix,/novatel/oem7/odom,39.663,-75.756,-1.800864602,0.003214070,-0.000087400,0.003192443,0.000372228,-0.000087400,,,
1786043609056903596,1786043609.056506410,/novatel/oem7/odom,/novatel/oem7/fix,/novatel/oem7/odom,39.663,-75.756,-1.800864602,0.003214070,-0.000087400,0.003192443,0.000372228,-0.000087400,,,
1786043609065510950,1786043609.065178324,/novatel/oem7/inspva,/novatel/oem7/inspva,/novatel/oem7/inspva,39.663,-75.756,-1.800846068,0.002406127,0.000241265,0.000992381,0.002191946,0.000241265,,novatel_oem7_msgs.msg.InertialSolutionStatus(status=3),
1786043609066772647,1786043609.065362023,/novatel/oem7/fix,/novatel/oem7/fix,/novatel/oem7/inspva,39.663,-75.756,-1.800846068,0.002406127,0.000241265,0.000992381,0.002191946,0.000241265,,0,
1786043609067576482,1786043609.065901795,/novatel/oem7/odom,/novatel/oem7/fix,/novatel/oem7/odom,39.663,-75.756,-1.800846068,0.002404938,0.000252849,0.002238114,0.000880096,0.000252849,,,
1786043609076097930,1786043609.075729090,/novatel/oem7/odom,/novatel/oem7/fix,/novatel/oem7/odom,39.663,-75.756,-1.800846068,0.002404938,0.000252849,0.002238114,0.000880096,0.000252849,,,
1786043609086758041,1786043609.086032601,/novatel/oem7/inspva,/novatel/oem7/inspva,/novatel/oem7/inspva,39.663,-75.756,-1.800850617,0.002699163,-0.002676917,0.002471674,0.001084579,-0.002676917,,novatel_oem7_msgs.msg.InertialSolutionStatus(status=3),
1786043609087700971,1786043609.086258937,/novatel/oem7/fix,/novatel/oem7/fix,/novatel/oem7/inspva,39.663,-75.756,-1.800850617,0.002699163,-0.002676917,0.002471674,0.001084579,-0.002676917,,0,
1786043609088199967,1786043609.086872604,/novatel/oem7/odom,/novatel/oem7/fix,/novatel/oem7/odom,39.663,-75.756,-1.800850617,0.002710102,-0.002665842,0.001218765,0.002420592,-0.002665842,,,
1786043609095209770,1786043609.094857543,/novatel/oem7/odom,/novatel/oem7/fix,/novatel/oem7/odom,39.663,-75.756,-1.800850617,0.002710102,-0.002665842,0.001218765,0.002420592,-0.002665842,,,
1786043609106364867,1786043609.106064096,/novatel/oem7/inspva,/novatel/oem7/inspva,/novatel/oem7/inspva,39.663,-75.756,-1.800828838,0.002090101,-0.002876414,0.001737155,0.001162247,-0.002876414,,novatel_oem7_msgs.msg.InertialSolutionStatus(status=3),
1786043609107022578,1786043609.106246124,/novatel/oem7/fix,/novatel/oem7/fix,/novatel/oem7/inspva,39.663,-75.756,-1.800828838,0.002090101,-0.002876414,0.001737155,0.001162247,-0.002876414,,0,
1786043609107569929,1786043609.106729716,/novatel/oem7/odom,/novatel/oem7/fix,/novatel/oem7/odom,39.663,-75.756,-1.800828838,0.002102967,-0.002867021,0.001260166,0.001683583,-0.002867021,,,
1786043609110640081,1786043609.110320134,/novatel/oem7/bestpos,/novatel/oem7/bestpos,/novatel/oem7/odom,39.663,-75.756,33.181503754,0.002102967,-0.002867021,0.001260166,0.001683583,-0.002867021,,novatel_oem7_msgs.msg.SolutionStatus(status=0),novatel_oem7_msgs.msg.PositionOrVelocityType(type=53)
1786043609111291397,1786043609.110812956,/novatel/oem7/bestvel,/novatel/oem7/bestpos,/novatel/oem7/bestvel,39.663,-75.756,33.181503754,0.001819878,-0.002650119,,,,53.579080916,novatel_oem7_msgs.msg.SolutionStatus(status=0),novatel_oem7_msgs.msg.PositionOrVelocityType(type=53)
1786043609115453395,1786043609.115071500,/novatel/oem7/odom,/novatel/oem7/bestpos,/novatel/oem7/odom,39.663,-75.756,33.181503754,0.002102967,-0.002867021,0.001260166,0.001683583,-0.002867021,,,
1786043609125816767,1786043609.125401271,/novatel/oem7/inspva,/novatel/oem7/inspva,/novatel/oem7/inspva,39.663,-75.756,-1.800800682,0.002572375,-0.000960681,-0.000169946,0.002566755,-0.000960681,,novatel_oem7_msgs.msg.InertialSolutionStatus(status=3),
1786043609126445808,1786043609.125583200,/novatel/oem7/fix,/novatel/oem7/fix,/novatel/oem7/inspva,39.663,-75.756,-1.800800682,0.002572375,-0.000960681,-0.000169946,0.002566755,-0.000960681,,0,
1786043609127183500,1786043609.126208232,/novatel/oem7/odom,/novatel/oem7/fix,/novatel/oem7/odom,39.663,-75.756,-1.800800682,0.002576024,-0.000950852,0.002558894,-0.000296576,-0.000950852,,,
1786043609136077393,1786043609.135607863,/novatel/oem7/odom,/novatel/oem7/fix,/novatel/oem7/odom,39.663,-75.756,-1.800800682,0.002576024,-0.000950852,0.002558894,-0.000296576,-0.000950852,,,
1786043609145955105,1786043609.145527377,/novatel/oem7/inspva,/novatel/oem7/inspva,/novatel/oem7/inspva,39.663,-75.756,-1.800771640,0.002279350,0.000346096,-0.000077455,0.002278033,0.000346096,,novatel_oem7_msgs.msg.InertialSolutionStatus(status=3),
1786043609146566765,1786043609.145692055,/novatel/oem7/fix,/novatel/oem7/fix,/novatel/oem7/inspva,39.663,-75.756,-1.800771640,0.002279350,0.000346096,-0.000077455,0.002278033,0.000346096,,0,
1786043609147081058,1786043609.146215000,/novatel/oem7/odom,/novatel/oem7/fix,/novatel/oem7/odom,39.663,-75.756,-1.800771640,0.002277974,0.000355042,0.002269786,-0.000192969,0.000355042,,,
1786043609156193329,1786043609.155835154,/novatel/oem7/odom,/novatel/oem7/fix,/novatel/oem7/odom,39.663,-75.756,-1.800771640,0.002277974,0.000355042,0.002269786,-0.000192969,0.000355042,,,
1786043609167751940,1786043609.167140390,/novatel/oem7/inspva,/novatel/oem7/inspva,/novatel/oem7/inspva,39.663,-75.756,-1.800769366,0.002783318,-0.001633584,0.002723339,0.000574703,-0.001633584,,novatel_oem7_msgs.msg.InertialSolutionStatus(status=3),
1786043609169165574,1786043609.167314996,/novatel/oem7/fix,/novatel/oem7/fix,/novatel/oem7/inspva,39.663,-75.756,-1.800769366,0.002783318,-0.001633584,0.002723339,0.000574703,-0.001633584,,0,
1786043609170174882,1786043609.167810554,/novatel/oem7/odom,/novatel/oem7/fix,/novatel/oem7/odom,39.663,-75.756,-1.800769366,0.002788975,-0.001623908,0.000717986,0.002694972,-0.001623908,,,
1786043609175691372,1786043609.175326774,/novatel/oem7/odom,/novatel/oem7/fix,/novatel/oem7/odom,39.663,-75.756,-1.800769366,0.002788975,-0.001623908,0.000717986,0.002694972,-0.001623908,,,
1786043609185643227,1786043609.185049139,/novatel/oem7/inspva,/novatel/oem7/inspva,/novatel/oem7/inspva,39.663,-75.756,-1.800751823,0.002248418,-0.002399176,0.002180185,0.000549708,-0.002399176,,novatel_oem7_msgs.msg.InertialSolutionStatus(status=3),
1786043609187009728,1786043609.185215896,/novatel/oem7/fix,/novatel/oem7/fix,/novatel/oem7/inspva,39.663,-75.756,-1.800751823,0.002248418,-0.002399176,0.002180185,0.000549708,-0.002399176,,0,
1786043609187769959,1786043609.185703051,/novatel/oem7/odom,/novatel/oem7/fix,/novatel/oem7/odom,39.663,-75.756,-1.800751823,0.002257080,-0.002391029,0.000668739,0.002155736,-0.002391029,,,
1786043609196279548,1786043609.195600524,/novatel/oem7/odom,/novatel/oem7/fix,/novatel/oem7/odom,39.663,-75.756,-1.800751823,0.002257080,-0.002391029,0.000668739,0.002155736,-0.002391029,,,
1786043609207151031,1786043609.206783143,/novatel/oem7/inspva,/novatel/oem7/inspva,/novatel/oem7/inspva,39.663,-75.756,-1.800744297,0.002717554,-0.002289299,0.000097827,0.002715793,-0.002289299,,novatel_oem7_msgs.msg.InertialSolutionStatus(status=3),
1786043609208930951,1786043609.207006402,/novatel/oem7/fix,/novatel/oem7/fix,/novatel/oem7/inspva,39.663,-75.756,-1.800744297,0.002717554,-0.002289299,0.000097827,0.002715793,-0.002289299,,0,
1786043609209971369,1786043609.207785793,/novatel/oem7/odom,/novatel/oem7/fix,/novatel/oem7/odom,39.663,-75.756,-1.800744297,0.002726877,-0.002278186,0.002726673,-0.000033336,-0.002278186,,,
1786043609210812982,1786043609.210390978,/novatel/oem7/bestpos,/novatel/oem7/bestpos,/novatel/oem7/odom,39.663,-75.756,33.181588246,0.002726877,-0.002278186,0.002726673,-0.000033336,-0.002278186,,novatel_oem7_msgs.msg.SolutionStatus(status=0),novatel_oem7_msgs.msg.PositionOrVelocityType(type=53)
1786043609211478438,1786043609.210800612,/novatel/oem7/bestvel,/novatel/oem7/bestpos,/novatel/oem7/bestvel,39.663,-75.756,33.181588246,0.001509343,-0.001636166,,,,88.405601388,novatel_oem7_msgs.msg.SolutionStatus(status=0),novatel_oem7_msgs.msg.PositionOrVelocityType(type=53)
1786043609215755669,1786043609.215378554,/novatel/oem7/odom,/novatel/oem7/bestpos,/novatel/oem7/odom,39.663,-75.756,33.181588246,0.002726877,-0.002278186,0.002726673,-0.000033336,-0.002278186,,,
1786043609226621486,1786043609.226023454,/novatel/oem7/inspva,/novatel/oem7/inspva,/novatel/oem7/inspva,39.663,-75.756,-1.800714459,0.001693624,-0.000743774,-0.000165338,0.001685534,-0.000743774,,novatel_oem7_msgs.msg.InertialSolutionStatus(status=3),
1786043609227637621,1786043609.226234270,/novatel/oem7/fix,/novatel/oem7/fix,/novatel/oem7/inspva,39.663,-75.756,-1.800714459,0.001693624,-0.000743774,-0.000165338,0.001685534,-0.000743774,,0,
1786043609228150659,1786043609.226712424,/novatel/oem7/odom,/novatel/oem7/fix,/novatel/oem7/odom,39.663,-75.756,-1.800714459,0.001696376,-0.000737476,0.001678122,-0.000248185,-0.000737476,,,
1786043609235346254,1786043609.234673775,/novatel/oem7/odom,/novatel/oem7/fix,/novatel/oem7/odom,39.663,-75.756,-1.800714459,0.001696376,-0.000737476,0.001678122,-0.000248185,-0.000737476,,,
1786043609245699710,1786043609.245373939,/novatel/oem7/inspva,/novatel/oem7/inspva,/novatel/oem7/inspva,39.663,-75.756,-1.800704577,0.002070604,-0.000717736,0.001859598,0.000910656,-0.000717736,,novatel_oem7_msgs.msg.InertialSolutionStatus(status=3),
1786043609246983515,1786043609.245593848,/novatel/oem7/fix,/novatel/oem7/fix,/novatel/oem7/inspva,39.663,-75.756,-1.800704577,0.002070604,-0.000717736,0.001859598,0.000910656,-0.000717736,,0,
1786043609247780211,1786043609.246268248,/novatel/oem7/odom,/novatel/oem7/fix,/novatel/oem7/odom,39.663,-75.756,-1.800704577,0.002073596,-0.000709044,0.001006143,0.001813140,-0.000709044,,,
1786043609256890938,1786043609.256501100,/novatel/oem7/odom,/novatel/oem7/fix,/novatel/oem7/odom,39.663,-75.756,-1.800704577,0.002073596,-0.000709044,0.001006143,0.001813140,-0.000709044,,,
1786043609265503208,1786043609.265179442,/novatel/oem7/inspva,/novatel/oem7/inspva,/novatel/oem7/inspva,39.663,-75.756,-1.800695931,0.001696240,-0.001350323,0.001518350,0.000756204,-0.001350323,,novatel_oem7_msgs.msg.InertialSolutionStatus(status=3),
1786043609266643569,1786043609.265387451,/novatel/oem7/fix,/novatel/oem7/fix,/novatel/oem7/inspva,39.663,-75.756,-1.800695931,0.001696240,-0.001350323,0.001518350,0.000756204,-0.001350323,,0,
1786043609267549662,1786043609.265858705,/novatel/oem7/odom,/novatel/oem7/fix,/novatel/oem7/odom,39.663,-75.756,-1.800695931,0.001701912,-0.001343167,0.000837305,0.001481697,-0.001343167,,,
1786043609274982262,1786043609.274608900,/novatel/oem7/odom,/novatel/oem7/fix,/novatel/oem7/odom,39.663,-75.756,-1.800695931,0.001701912,-0.001343167,0.000837305,0.001481697,-0.001343167,,,
1786043609287635740,1786043609.287284060,/novatel/oem7/inspva,/novatel/oem7/inspva,/novatel/oem7/inspva,39.663,-75.756,-1.800692775,0.001752971,-0.002368970,0.000140888,0.001747300,-0.002368970,,novatel_oem7_msgs.msg.InertialSolutionStatus(status=3),
1786043609288614363,1786043609.287497502,/novatel/oem7/fix,/novatel/oem7/fix,/novatel/oem7/inspva,39.663,-75.756,-1.800692775,0.001752971,-0.002368970,0.000140888,0.001747300,-0.002368970,,0,
1786043609289709771,1786043609.287947150,/novatel/oem7/odom,/novatel/oem7/fix,/novatel/oem7/odom,39.663,-75.756,-1.800692775,0.001762860,-0.002361620,0.001761886,0.000058615,-0.002361620,,,
1786043609296059758,1786043609.295622865,/novatel/oem7/odom,/novatel/oem7/fix,/novatel/oem7/odom,39.663,-75.756,-1.800692775,0.001762860,-0.002361620,0.001761886,0.000058615,-0.002361620,,,
1786043609306151339,1786043609.305870028,/novatel/oem7/inspva,/novatel/oem7/inspva,/novatel/oem7/inspva,39.663,-75.756,-1.800660083,0.001947452,-0.001282941,-0.000172537,0.001939794,-0.001282941,,novatel_oem7_msgs.msg.InertialSolutionStatus(status=3),
1786043609307203014,1786043609.306065643,/novatel/oem7/fix,/novatel/oem7/fix,/novatel/oem7/inspva,39.663,-75.756,-1.800660083,0.001947452,-0.001282941,-0.000172537,0.001939794,-0.001282941,,0,
1786043609307853038,1786043609.306562598,/novatel/oem7/odom,/novatel/oem7/fix,/novatel/oem7/odom,39.663,-75.756,-1.800660083,0.001952222,-0.001275671,0.001933897,-0.000266861,-0.001275671,,,
1786043609309842184,1786043609.309546687,/novatel/oem7/bestpos,/novatel/oem7/bestpos,/novatel/oem7/odom,39.663,-75.756,33.181678665,0.001952222,-0.001275671,0.001933897,-0.000266861,-0.001275671,,novatel_oem7_msgs.msg.SolutionStatus(status=0),novatel_oem7_msgs.msg.PositionOrVelocityType(type=53)
1786043609310486487,1786043609.310120113,/novatel/oem7/bestvel,/novatel/oem7/bestpos,/novatel/oem7/bestvel,39.663,-75.756,33.181678665,0.001108888,-0.000349445,,,,133.917156057,novatel_oem7_msgs.msg.SolutionStatus(status=0),novatel_oem7_msgs.msg.PositionOrVelocityType(type=53)
1786043609316006170,1786043609.315674110,/novatel/oem7/odom,/novatel/oem7/bestpos,/novatel/oem7/odom,39.663,-75.756,33.181678665,0.001952222,-0.001275671,0.001933897,-0.000266861,-0.001275671,,,
1786043609326192876,1786043609.325651944,/novatel/oem7/inspva,/novatel/oem7/inspva,/novatel/oem7/inspva,39.663,-75.756,-1.800630194,0.001571781,0.000519710,0.000001481,0.001571780,0.000519710,,novatel_oem7_msgs.msg.InertialSolutionStatus(status=3),
1786043609327559259,1786043609.325796392,/novatel/oem7/fix,/novatel/oem7/fix,/novatel/oem7/inspva,39.663,-75.756,-1.800630194,0.001571781,0.000519710,0.000001481,0.001571780,0.000519710,,0,
1786043609328043736,1786043609.326671674,/novatel/oem7/odom,/novatel/oem7/fix,/novatel/oem7/odom,39.663,-75.756,-1.800630194,0.001569674,0.000526037,0.001567685,-0.000078999,0.000526037,,,
1786043609335854890,1786043609.335187953,/novatel/oem7/odom,/novatel/oem7/fix,/novatel/oem7/odom,39.663,-75.756,-1.800630194,0.001569674,0.000526037,0.001567685,-0.000078999,0.000526037,,,
1786043609345498802,1786043609.345195288,/novatel/oem7/inspva,/novatel/oem7/inspva,/novatel/oem7/inspva,39.663,-75.756,-1.800613835,0.001578352,0.000215432,0.000612347,0.001454725,0.000215432,,novatel_oem7_msgs.msg.InertialSolutionStatus(status=3),
1786043609346553871,1786043609.345344326,/novatel/oem7/fix,/novatel/oem7/fix,/novatel/oem7/inspva,39.663,-75.756,-1.800613835,0.001578352,0.000215432,0.000612347,0.001454725,0.000215432,,0,
1786043609347528001,1786043609.345836494,/novatel/oem7/odom,/novatel/oem7/fix,/novatel/oem7/odom,39.663,-75.756,-1.800613835,0.001577313,0.000222908,0.001482816,0.000537749,0.000222908,,,
1786043609356591565,1786043609.355918358,/novatel/oem7/odom,/novatel/oem7/fix,/novatel/oem7/odom,39.663,-75.756,-1.800613835,0.001577313,0.000222908,0.001482816,0.000537749,0.000222908,,,
1786043609365656907,1786043609.365330924,/novatel/oem7/inspva,/novatel/oem7/inspva,/novatel/oem7/inspva,39.663,-75.756,-1.800614537,0.001207911,-0.002410376,0.000149121,0.001198671,-0.002410376,,novatel_oem7_msgs.msg.InertialSolutionStatus(status=3),
1786043609366977993,1786043609.365493399,/novatel/oem7/fix,/novatel/oem7/fix,/novatel/oem7/inspva,39.663,-75.756,-1.800614537,0.001207911,-0.002410376,0.000149121,0.001198671,-0.002410376,,0,
1786043609367617940,1786043609.366079104,/novatel/oem7/odom,/novatel/oem7/fix,/novatel/oem7/odom,39.663,-75.756,-1.800614537,0.001218258,-0.002405163,0.001214586,0.000094516,-0.002405163,,,
1786043609375297606,1786043609.374965751,/novatel/oem7/odom,/novatel/oem7/fix,/novatel/oem7/odom,39.663,-75.756,-1.800614537,0.001218258,-0.002405163,0.001214586,0.000094516,-0.002405163,,,
1786043609385883700,1786043609.385318662,/novatel/oem7/inspva,/novatel/oem7/inspva,/novatel/oem7/inspva,39.663,-75.756,-1.800577538,0.000719884,-0.001670189,0.000036226,0.000718972,-0.001670189,,novatel_oem7_msgs.msg.InertialSolutionStatus(status=3),
1786043609387271191,1786043609.385492053,/novatel/oem7/fix,/novatel/oem7/fix,/novatel/oem7/inspva,39.663,-75.756,-1.800577538,0.000719884,-0.001670189,0.000036226,0.000718972,-0.001670189,,0,
1786043609387946579,1786043609.385970175,/novatel/oem7/odom,/novatel/oem7/fix,/novatel/oem7/odom,39.663,-75.756,-1.800577538,0.000726761,-0.001667208,0.000726750,0.000004091,-0.001667208,,,
1786043609394780886,1786043609.394442714,/novatel/oem7/odom,/novatel/oem7/fix,/novatel/oem7/odom,39.663,-75.756,-1.800577538,0.000726761,-0.001667208,0.000726750,0.000004091,-0.001667208,,,
1786043609407144667,1786043609.406567462,/novatel/oem7/inspva,/novatel/oem7/inspva,/novatel/oem7/inspva,39.663,-75.756,-1.800543989,0.002196008,0.000591208,-0.000735297,0.002069248,0.000591208,,novatel_oem7_msgs.msg.InertialSolutionStatus(status=3),
1786043609408021086,1786043609.406718630,/novatel/oem7/fix,/novatel/oem7/fix,/novatel/oem7/inspva,39.663,-75.756,-1.800543989,0.002196008,0.000591208,-0.000735297,0.002069248,0.000591208,,0,
1786043609408534891,1786043609.407222418,/novatel/oem7/odom,/novatel/oem7/fix,/novatel/oem7/odom,39.663,-75.756,-1.800543989,0.002194307,0.000597489,0.002027133,-0.000840069,0.000597489,,,
1786043609410728066,1786043609.410407989,/novatel/oem7/bestpos,/novatel/oem7/bestpos,/novatel/oem7/odom,39.663,-75.756,33.181786155,0.002194307,0.000597489,0.002027133,-0.000840069,0.000597489,,novatel_oem7_msgs.msg.SolutionStatus(status=0),novatel_oem7_msgs.msg.PositionOrVelocityType(type=53)
1786043609411384609,1786043609.410901478,/novatel/oem7/bestvel,/novatel/oem7/bestpos,/novatel/oem7/bestvel,39.663,-75.756,33.181786155,0.001912025,0.000481242,,,,101.288679687,novatel_oem7_msgs.msg.SolutionStatus(status=0),novatel_oem7_msgs.msg.PositionOrVelocityType(type=53)
1786043609415584817,1786043609.415235516,/novatel/oem7/odom,/novatel/oem7/bestpos,/novatel/oem7/odom,39.663,-75.756,33.181786155,0.002194307,0.000597489,0.002027133,-0.000840069,0.000597489,,,
1786043609425294880,1786043609.425001455,/novatel/oem7/inspva,/novatel/oem7/inspva,/novatel/oem7/inspva,39.663,-75.756,-1.800527709,0.001613630,0.000317332,0.000009729,0.001613601,0.000317332,,novatel_oem7_msgs.msg.InertialSolutionStatus(status=3),
1786043609426496583,1786043609.425144959,/novatel/oem7/fix,/novatel/oem7/fix,/novatel/oem7/inspva,39.663,-75.756,-1.800527709,0.001613630,0.000317332,0.000009729,0.001613601,0.000317332,,0,
1786043609427569966,1786043609.425632994,/novatel/oem7/odom,/novatel/oem7/fix,/novatel/oem7/odom,39.663,-75.756,-1.800527709,0.001612342,0.000323816,0.001610717,-0.000072366,0.000323816,,,
1786043609434876632,1786043609.434540851,/novatel/oem7/odom,/novatel/oem7/fix,/novatel/oem7/odom,39.663,-75.756,-1.800527709,0.001612342,0.000323816,0.001610717,-0.000072366,0.000323816,,,
1786043609446793707,1786043609.446367913,/novatel/oem7/inspva,/novatel/oem7/inspva,/novatel/oem7/inspva,39.663,-75.756,-1.800526313,0.000817527,-0.001696979,0.000812086,0.000094159,-0.001696979,,novatel_oem7_msgs.msg.InertialSolutionStatus(status=3),
1786043609447430797,1786043609.446539408,/novatel/oem7/fix,/novatel/oem7/fix,/novatel/oem7/inspva,39.663,-75.756,-1.800526313,0.000817527,-0.001696979,0.000812086,0.000094159,-0.001696979,,0,
1786043609448190657,1786043609.447143284,/novatel/oem7/odom,/novatel/oem7/fix,/novatel/oem7/odom,39.663,-75.756,-1.800526313,0.000822831,-0.001694413,0.000141922,0.000810499,-0.001694413,,,
1786043609456809678,1786043609.456471621,/novatel/oem7/odom,/novatel/oem7/fix,/novatel/oem7/odom,39.663,-75.756,-1.800526313,0.000822831,-0.001694413,0.000141922,0.000810499,-0.001694413,,,
1786043609465309048,1786043609.465014041,/novatel/oem7/inspva,/novatel/oem7/inspva,/novatel/oem7/inspva,39.663,-75.756,-1.800494903,0.000760477,-0.001801474,0.000388307,0.000653868,-0.001801474,,novatel_oem7_msgs.msg.InertialSolutionStatus(status=3),
1786043609466476459,1786043609.465209252,/novatel/oem7/fix,/novatel/oem7/fix,/novatel/oem7/inspva,39.663,-75.756,-1.800494903,0.000760477,-0.001801474,0.000388307,0.000653868,-0.001801474,,0,
1786043609467559146,1786043609.465626523,/novatel/oem7/odom,/novatel/oem7/fix,/novatel/oem7/odom,39.663,-75.756,-1.800494903,0.000769092,-0.001797813,0.000679993,0.000359322,-0.001797813,,,
1786043609475318294,1786043609.474947571,/novatel/oem7/odom,/novatel/oem7/fix,/novatel/oem7/odom,39.663,-75.756,-1.800494903,0.000769092,-0.001797813,0.000679993,0.000359322,-0.001797813,,,
1786043609485768115,1786043609.485464097,/novatel/oem7/inspva,/novatel/oem7/inspva,/novatel/oem7/inspva,39.663,-75.756,-1.800455735,0.001923667,0.000784234,-0.001359481,0.001360994,0.000784234,,novatel_oem7_msgs.msg.InertialSolutionStatus(status=3),
1786043609487019225,1786043609.485665575,/novatel/oem7/fix,/novatel/oem7/fix,/novatel/oem7/inspva,39.663,-75.756,-1.800455735,0.001923667,0.000784234,-0.001359481,0.001360994,0.000784234,,0,
1786043609487770802,1786043609.486473560,/novatel/oem7/odom,/novatel/oem7/fix,/novatel/oem7/odom,39.663,-75.756,-1.800455735,0.001922939,0.000786017,0.001287534,-0.001428268,0.000786017,,,
1786043609495375400,1786043609.495027747,/novatel/oem7/odom,/novatel/oem7/fix,/novatel/oem7/odom,39.663,-75.756,-1.800455735,0.001922939,0.000786017,0.001287534,-0.001428268,0.000786017,,,
1786043609506569732,1786043609.506119018,/novatel/oem7/inspva,/novatel/oem7/inspva,/novatel/oem7/inspva,39.663,-75.756,-1.800442656,0.002083146,0.000029298,-0.000508334,0.002020172,0.000029298,,novatel_oem7_msgs.msg.InertialSolutionStatus(status=3),
1786043609507724827,1786043609.506314536,/novatel/oem7/fix,/novatel/oem7/fix,/novatel/oem7/inspva,39.663,-75.756,-1.800442656,0.002083146,0.000029298,-0.000508334,0.002020172,0.000029298,,0,
1786043609508277493,1786043609.506755657,/novatel/oem7/odom,/novatel/oem7/fix,/novatel/oem7/odom,39.663,-75.756,-1.800442656,0.002083041,0.000035963,0.001991865,-0.000609538,0.000035963,,,
1786043609512203744,1786043609.511577724,/novatel/oem7/bestpos,/novatel/oem7/bestpos,/novatel/oem7/odom,39.663,-75.756,33.181880979,0.002083041,0.000035963,0.001991865,-0.000609538,0.000035963,,novatel_oem7_msgs.msg.SolutionStatus(status=0),novatel_oem7_msgs.msg.PositionOrVelocityType(type=53)
1786043609513712582,1786043609.512569891,/novatel/oem7/bestvel,/novatel/oem7/bestpos,/novatel/oem7/bestvel,39.663,-75.756,33.181880979,0.002099861,-0.000610509,,,,73.422555648,novatel_oem7_msgs.msg.SolutionStatus(status=0),novatel_oem7_msgs.msg.PositionOrVelocityType(type=53)
1786043609515154659,1786043609.514622434,/novatel/oem7/odom,/novatel/oem7/bestpos,/novatel/oem7/odom,39.663,-75.756,33.181880979,0.002083041,0.000035963,0.001991865,-0.000609538,0.000035963,,,
1786043609525876587,1786043609.525295544,/novatel/oem7/inspva,/novatel/oem7/inspva,/novatel/oem7/inspva,39.663,-75.756,-1.800435040,0.000794352,-0.000999899,0.000759857,-0.000231543,-0.000999899,,novatel_oem7_msgs.msg.InertialSolutionStatus(status=3),
1786043609527303271,1786043609.525511640,/novatel/oem7/fix,/novatel/oem7/fix,/novatel/oem7/inspva,39.663,-75.756,-1.800435040,0.000794352,-0.000999899,0.000759857,-0.000231543,-0.000999899,,0,
1786043609527976699,1786043609.526164196,/novatel/oem7/odom,/novatel/oem7/fix,/novatel/oem7/odom,39.663,-75.756,-1.800435040,0.000795783,-0.000998761,-0.000188864,0.000773046,-0.000998761,,,
1786043609535963179,1786043609.535612745,/novatel/oem7/odom,/novatel/oem7/fix,/novatel/oem7/odom,39.663,-75.756,-1.800435040,0.000795783,-0.000998761,-0.000188864,0.000773046,-0.000998761,,,
1786043609545533465,1786043609.545150968,/novatel/oem7/inspva,/novatel/oem7/inspva,/novatel/oem7/inspva,39.663,-75.756,-1.800406540,0.000962995,-0.001610339,0.000586402,-0.000763866,-0.001610339,,novatel_oem7_msgs.msg.InertialSolutionStatus(status=3),
1786043609546189552,1786043609.545346927,/novatel/oem7/fix,/novatel/oem7/fix,/novatel/oem7/inspva,39.663,-75.756,-1.800406540,0.000962995,-0.001610339,0.000586402,-0.000763866,-0.001610339,,0,
1786043609547118010,1786043609.545920225,/novatel/oem7/odom,/novatel/oem7/fix,/novatel/oem7/odom,39.663,-75.756,-1.800406540,0.000960592,-0.001611773,-0.000726758,0.000628140,-0.001611773,,,
1786043609556098601,1786043609.555751321,/novatel/oem7/odom,/novatel/oem7/fix,/novatel/oem7/odom,39.663,-75.756,-1.800406540,0.000960592,-0.001611773,-0.000726758,0.000628140,-0.001611773,,,
1786043609566968767,1786043609.566674944,/novatel/oem7/inspva,/novatel/oem7/inspva,/novatel/oem7/inspva,39.663,-75.756,-1.800370656,0.001841169,0.000263966,-0.001409097,0.001185053,0.000263966,,novatel_oem7_msgs.msg.InertialSolutionStatus(status=3),
1786043609567624216,1786043609.566863729,/novatel/oem7/fix,/novatel/oem7/fix,/novatel/oem7/inspva,39.663,-75.756,-1.800370656,0.001841169,0.000263966,-0.001409097,0.001185053,0.000263966,,0,
1786043609568931602,1786043609.567473418,/novatel/oem7/odom,/novatel/oem7/fix,/novatel/oem7/odom,39.663,-75.756,-1.800370656,0.001841040,0.000264868,0.001111495,-0.001467653,0.000264868,,,
1786043609575373702,1786043609.575022712,/novatel/oem7/odom,/novatel/oem7/fix,/novatel/oem7/odom,39.663,-75.756,-1.800370656,0.001841040,0.000264868,0.001111495,-0.001467653,0.000264868,,,
1786043609585370195,1786043609.585063190,/novatel/oem7/inspva,/novatel/oem7/inspva,/novatel/oem7/inspva,39.663,-75.756,-1.800346379,0.002110612,0.000675805,-0.001062390,0.001823736,0.000675805,,novatel_oem7_msgs.msg.InertialSolutionStatus(status=3),
1786043609586599178,1786043609.585247395,/novatel/oem7/fix,/novatel/oem7/fix,/novatel/oem7/inspva,39.663,-75.756,-1.800346379,0.002110612,0.000675805,-0.001062390,0.001823736,0.000675805,,0,
1786043609587417475,1786043609.585824711,/novatel/oem7/odom,/novatel/oem7/fix,/novatel/oem7/odom,39.663,-75.756,-1.800346379,0.002109209,0.000680170,0.001765125,-0.001154599,0.000680170,,,
1786043609595185068,1786043609.594637040,/novatel/oem7/odom,/novatel/oem7/fix,/novatel/oem7/odom,39.663,-75.756,-1.800346379,0.002109209,0.000680170,0.001765125,-0.001154599,0.000680170,,,
1786043609606854087,1786043609.606441688,/novatel/oem7/inspva,/novatel/oem7/inspva,/novatel/oem7/inspva,39.663,-75.756,-1.800333804,0.000674218,-0.000456856,0.000385094,0.000553419,-0.000456856,,novatel_oem7_msgs.msg.InertialSolutionStatus(status=3),
1786043609607554742,1786043609.606628653,/novatel/oem7/fix,/novatel/oem7/fix,/novatel/oem7/inspva,39.663,-75.756,-1.800333804,0.000674218,-0.000456856,0.000385094,0.000553419,-0.000456856,,0,
1786043609608089402,1786043609.607161358,/novatel/oem7/odom,/novatel/oem7/fix,/novatel/oem7/odom,39.663,-75.756,-1.800333804,0.000676404,-0.000453613,0.000573979,0.000357870,-0.000453613,,,
1786043609610625947,1786043609.610255792,/novatel/oem7/bestpos,/novatel/oem7/bestpos,/novatel/oem7/odom,39.663,-75.756,33.181990658,0.000676404,-0.000453613,0.000573979,0.000357870,-0.000453613,,novatel_oem7_msgs.msg.SolutionStatus(status=0),novatel_oem7_msgs.msg.PositionOrVelocityType(type=53)
1786043609611833764,1786043609.610656176,/novatel/oem7/bestvel,/novatel/oem7/bestpos,/novatel/oem7/bestvel,39.663,-75.756,33.181990658,0.001118339,-0.000803521,,,,51.358616944,novatel_oem7_msgs.msg.SolutionStatus(status=0),novatel_oem7_msgs.msg.PositionOrVelocityType(type=53)
1786043609615690708,1786043609.615049278,/novatel/oem7/odom,/novatel/oem7/bestpos,/novatel/oem7/odom,39.663,-75.756,33.181990658,0.000676404,-0.000453613,0.000573979,0.000357870,-0.000453613,,,
1786043609626442409,1786043609.626094616,/novatel/oem7/inspva,/novatel/oem7/inspva,/novatel/oem7/inspva,39.663,-75.756,-1.800303521,0.000545108,-0.001008456,0.000413425,-0.000355278,-0.001008456,,novatel_oem7_msgs.msg.InertialSolutionStatus(status=3),
1786043609627399425,1786043609.626295991,/novatel/oem7/fix,/novatel/oem7/fix,/novatel/oem7/inspva,39.663,-75.756,-1.800303521,0.000545108,-0.001008456,0.000413425,-0.000355278,-0.001008456,,0,
1786043609627921392,1786043609.626698905,/novatel/oem7/odom,/novatel/oem7/fix,/novatel/oem7/odom,39.663,-75.756,-1.800303521,0.000544565,-0.001008749,-0.000329855,0.000433297,-0.001008749,,,
1786043609635163887,1786043609.634467571,/novatel/oem7/odom,/novatel/oem7/fix,/novatel/oem7/odom,39.663,-75.756,-1.800303521,0.000544565,-0.001008749,-0.000329855,0.000433297,-0.001008749,,,
1786043609645909202,1786043609.645301210,/novatel/oem7/inspva,/novatel/oem7/inspva,/novatel/oem7/inspva,39.663,-75.756,-1.800272420,0.001328859,-0.000562348,-0.001304771,0.000251871,-0.000562348,,novatel_oem7_msgs.msg.InertialSolutionStatus(status=3),
1786043609647262142,1786043609.645522618,/novatel/oem7/fix,/novatel/oem7/fix,/novatel/oem7/inspva,39.663,-75.756,-1.800272420,0.001328859,-0.000562348,-0.001304771,0.000251871,-0.000562348,,0,
1786043609647922662,1786043609.646114098,/novatel/oem7/odom,/novatel/oem7/fix,/novatel/oem7/odom,39.663,-75.756,-1.800272420,0.001327798,-0.000564849,0.000188136,-0.001314401,-0.000564849,,,
1786043609657108801,1786043609.656172786,/novatel/oem7/odom,/novatel/oem7/fix,/novatel/oem7/odom,39.663,-75.756,-1.800272420,0.001327798,-0.000564849,0.000188136,-0.001314401,-0.000564849,,,
1786043609665600804,1786043609.665052375,/novatel/oem7/inspva,/novatel/oem7/inspva,/novatel/oem7/inspva,39.663,-75.756,-1.800237687,0.002108644,0.000482224,-0.001369477,0.001603407,0.000482224,,novatel_oem7_msgs.msg.InertialSolutionStatus(status=3),
1786043609666939907,1786043609.665251907,/novatel/oem7/fix,/novatel/oem7/fix,/novatel/oem7/inspva,39.663,-75.756,-1.800237687,0.002108644,0.000482224,-0.001369477,0.001603407,0.000482224,,0,
1786043609667702300,1786043609.665671234,/novatel/oem7/odom,/novatel/oem7/fix,/novatel/oem7/odom,39.663,-75.756,-1.800237687,0.002108038,0.000484866,0.001530406,-0.001449719,0.000484866,,,
1786043609674863153,1786043609.674509141,/novatel/oem7/odom,/novatel/oem7/fix,/novatel/oem7/odom,39.663,-75.756,-1.800237687,0.002108038,0.000484866,0.001530406,-0.001449719,0.000484866,,,
1786043609687215098,1786043609.686636455,/novatel/oem7/inspva,/novatel/oem7/inspva,/novatel/oem7/inspva,39.663,-75.756,-1.800221173,0.000359221,0.000122132,0.000326858,-0.000149007,0.000122132,,novatel_oem7_msgs.msg.InertialSolutionStatus(status=3),
1786043609687931227,1786043609.686814020,/novatel/oem7/fix,/novatel/oem7/fix,/novatel/oem7/inspva,39.663,-75.756,-1.800221173,0.000359221,0.000122132,0.000326858,-0.000149007,0.000122132,,0,
1786043609688374534,1786043609.687592165,/novatel/oem7/odom,/novatel/oem7/fix,/novatel/oem7/odom,39.663,-75.756,-1.800221173,0.000359126,0.000122410,-0.000132861,0.000333645,0.000122410,,,
1786043609695294703,1786043609.694957790,/novatel/oem7/odom,/novatel/oem7/fix,/novatel/oem7/odom,39.663,-75.756,-1.800221173,0.000359126,0.000122410,-0.000132861,0.000333645,0.000122410,,,
1786043609706415098,1786043609.705866086,/novatel/oem7/inspva,/novatel/oem7/inspva,/novatel/oem7/inspva,39.663,-75.756,-1.800197714,0.000757361,-0.000637405,0.000577910,-0.000489506,-0.000637405,,novatel_oem7_msgs.msg.InertialSolutionStatus(status=3),
1786043609707499043,1786043609.706037507,/novatel/oem7/fix,/novatel/oem7/fix,/novatel/oem7/inspva,39.663,-75.756,-1.800197714,0.000757361,-0.000637405,0.000577910,-0.000489506,-0.000637405,,0,
1786043609707957747,1786043609.706545586,/novatel/oem7/odom,/novatel/oem7/fix,/novatel/oem7/odom,39.663,-75.756,-1.800197714,0.000757035,-0.000637792,-0.000457147,0.000603423,-0.000637792,,,
1786043609709906619,1786043609.709253846,/novatel/oem7/bestpos,/novatel/oem7/bestpos,/novatel/oem7/odom,39.663,-75.756,33.182123302,0.000757035,-0.000637792,-0.000457147,0.000603423,-0.000637792,,novatel_oem7_msgs.msg.SolutionStatus(status=0),novatel_oem7_msgs.msg.PositionOrVelocityType(type=53)
1786043609711292699,1786043609.709616719,/novatel/oem7/bestvel,/novatel/oem7/bestpos,/novatel/oem7/bestvel,39.663,-75.756,33.182123302,0.000834041,-0.000667887,,,,321.703464129,novatel_oem7_msgs.msg.SolutionStatus(status=0),novatel_oem7_msgs.msg.PositionOrVelocityType(type=53)
1786043609715909371,1786043609.715516970,/novatel/oem7/odom,/novatel/oem7/bestpos,/novatel/oem7/odom,39.663,-75.756,33.182123302,0.000757035,-0.000637792,-0.000457147,0.000603423,-0.000637792,,,
1786043609725800727,1786043609.725454510,/novatel/oem7/inspva,/novatel/oem7/inspva,/novatel/oem7/inspva,39.663,-75.756,-1.800182726,0.001464146,-0.001334174,-0.001281657,0.000707870,-0.001334174,,novatel_oem7_msgs.msg.InertialSolutionStatus(status=3),
1786043609726405151,1786043609.725654305,/novatel/oem7/fix,/novatel/oem7/fix,/novatel/oem7/inspva,39.663,-75.756,-1.800182726,0.001464146,-0.001334174,-0.001281657,0.000707870,-0.001334174,,0,
1786043609727705468,1786043609.726246318,/novatel/oem7/odom,/novatel/oem7/fix,/novatel/oem7/odom,39.663,-75.756,-1.800182726,0.001463562,-0.001334815,0.000647858,-0.001312362,-0.001334815,,,
1786043609735909458,1786043609.735228039,/novatel/oem7/odom,/novatel/oem7/fix,/novatel/oem7/odom,39.663,-75.756,-1.800182726,0.001463562,-0.001334815,0.000647858,-0.001312362,-0.001334815,,,
1786043609746552227,1786043609.746223329,/novatel/oem7/inspva,/novatel/oem7/inspva,/novatel/oem7/inspva,39.663,-75.756,-1.800148162,0.001830284,-0.000477711,-0.001806991,0.000291072,-0.000477711,,novatel_oem7_msgs.msg.InertialSolutionStatus(status=3),
1786043609747515234,1786043609.746403934,/novatel/oem7/fix,/novatel/oem7/fix,/novatel/oem7/inspva,39.663,-75.756,-1.800148162,0.001830284,-0.000477711,-0.001806991,0.000291072,-0.000477711,,0,
1786043609748001397,1786043609.746982346,/novatel/oem7/odom,/novatel/oem7/fix,/novatel/oem7/odom,39.663,-75.756,-1.800148162,0.001829314,-0.000481413,0.000201623,-0.001818169,-0.000481413,,,
1786043609756934573,1786043609.756029168,/novatel/oem7/odom,/novatel/oem7/fix,/novatel/oem7/odom,39.663,-75.756,-1.800148162,0.001829314,-0.000481413,0.000201623,-0.001818169,-0.000481413,,,
1786043609765788354,1786043609.765471520,/novatel/oem7/inspva,/novatel/oem7/inspva,/novatel/oem7/inspva,39.663,-75.756,-1.800118765,0.000354605,0.001111193,0.000057091,-0.000349980,0.001111193,,novatel_oem7_msgs.msg.InertialSolutionStatus(status=3),
1786043609766430598,1786043609.765675148,/novatel/oem7/fix,/novatel/oem7/fix,/novatel/oem7/inspva,39.663,-75.756,-1.800118765,0.000354605,0.001111193,0.000057091,-0.000349980,0.001111193,,0,
1786043609767186934,1786043609.766399835,/novatel/oem7/odom,/novatel/oem7/fix,/novatel/oem7/odom,39.663,-75.756,-1.800118765,0.000358531,0.001109932,-0.000351249,0.000071890,0.001109932,,,
1786043609776050779,1786043609.775693049,/novatel/oem7/odom,/novatel/oem7/fix,/novatel/oem7/odom,39.663,-75.756,-1.800118765,0.000358531,0.001109932,-0.000351249,0.000071890,0.001109932,,,
1786043609785717527,1786043609.785168785,/novatel/oem7/inspva,/novatel/oem7/inspva,/novatel/oem7/inspva,39.663,-75.756,-1.800099883,0.001102257,0.000175083,-0.000059287,-0.001100661,0.000175083,,novatel_oem7_msgs.msg.InertialSolutionStatus(status=3),
1786043609787178557,1786043609.785353180,/novatel/oem7/fix,/novatel/oem7/fix,/novatel/oem7/inspva,39.663,-75.756,-1.800099883,0.001102257,0.000175083,-0.000059287,-0.001100661,0.000175083,,0,
1786043609787705015,1786043609.785857395,/novatel/oem7/odom,/novatel/oem7/fix,/novatel/oem7/odom,39.663,-75.756,-1.800099883,0.001102974,0.000170506,-0.001102966,-0.000004180,0.000170506,,,
1786043609794859320,1786043609.794531216,/novatel/oem7/odom,/novatel/oem7/fix,/novatel/oem7/odom,39.663,-75.756,-1.800099883,0.001102974,0.000170506,-0.001102966,-0.000004180,0.000170506,,,
1786043609807076788,1786043609.806598327,/novatel/oem7/inspva,/novatel/oem7/inspva,/novatel/oem7/inspva,39.663,-75.756,-1.800097375,0.001036190,-0.001909021,-0.000683944,-0.000778402,-0.001909021,,novatel_oem7_msgs.msg.InertialSolutionStatus(status=3),
1786043609808454335,1786043609.806806435,/novatel/oem7/fix,/novatel/oem7/fix,/novatel/oem7/inspva,39.663,-75.756,-1.800097375,0.001036190,-0.001909021,-0.000683944,-0.000778402,-0.001909021,,0,
1786043609809481361,1786043609.807284900,/novatel/oem7/odom,/novatel/oem7/fix,/novatel/oem7/odom,39.663,-75.756,-1.800097375,0.001027133,-0.001913909,-0.000804052,-0.000639141,-0.001913909,,,
1786043609810861098,1786043609.810407194,/novatel/oem7/bestpos,/novatel/oem7/bestpos,/novatel/oem7/odom,39.663,-75.756,33.182235038,0.001027133,-0.001913909,-0.000804052,-0.000639141,-0.001913909,,novatel_oem7_msgs.msg.SolutionStatus(status=0),novatel_oem7_msgs.msg.PositionOrVelocityType(type=53)
1786043609812291368,1786043609.810763751,/novatel/oem7/bestvel,/novatel/oem7/bestpos,/novatel/oem7/bestvel,39.663,-75.756,33.182235038,0.002070901,-0.001192051,,,,241.019225189,novatel_oem7_msgs.msg.SolutionStatus(status=0),novatel_oem7_msgs.msg.PositionOrVelocityType(type=53)
1786043609815464077,1786043609.815125203,/novatel/oem7/odom,/novatel/oem7/bestpos,/novatel/oem7/odom,39.663,-75.756,33.182235038,0.001027133,-0.001913909,-0.000804052,-0.000639141,-0.001913909,,,
1786043609825337872,1786043609.825023606,/novatel/oem7/inspva,/novatel/oem7/inspva,/novatel/oem7/inspva,39.663,-75.756,-1.800060648,0.001512631,-0.000932531,-0.001499359,0.000199940,-0.000932531,,novatel_oem7_msgs.msg.InertialSolutionStatus(status=3),
1786043609826548001,1786043609.825222278,/novatel/oem7/fix,/novatel/oem7/fix,/novatel/oem7/inspva,39.663,-75.756,-1.800060648,0.001512631,-0.000932531,-0.001499359,0.000199940,-0.000932531,,0,
1786043609827374661,1786043609.825614732,/novatel/oem7/odom,/novatel/oem7/fix,/novatel/oem7/odom,39.663,-75.756,-1.800060648,0.001510641,-0.000935751,0.000127958,-0.001505212,-0.000935751,,,
1786043609835957635,1786043609.835521048,/novatel/oem7/odom,/novatel/oem7/fix,/novatel/oem7/odom,39.663,-75.756,-1.800060648,0.001510641,-0.000935751,0.000127958,-0.001505212,-0.000935751,,,
1786043609845598131,1786043609.845287133,/novatel/oem7/inspva,/novatel/oem7/inspva,/novatel/oem7/inspva,39.663,-75.756,-1.800023847,0.000917797,0.001638562,-0.000799263,-0.000451143,0.001638562,,novatel_oem7_msgs.msg.InertialSolutionStatus(status=3),
1786043609846773881,1786043609.845500845,/novatel/oem7/fix,/novatel/oem7/fix,/novatel/oem7/inspva,39.663,-75.756,-1.800023847,0.000917797,0.001638562,-0.000799263,-0.000451143,0.001638562,,0,
1786043609847665383,1786043609.846219679,/novatel/oem7/odom,/novatel/oem7/fix,/novatel/oem7/odom,39.663,-75.756,-1.800023847,0.000924875,0.001634577,-0.000497644,-0.000779580,0.001634577,,,
1786043609856825479,1786043609.856466272,/novatel/oem7/odom,/novatel/oem7/fix,/novatel/oem7/odom,39.663,-75.756,-1.800023847,0.000924875,0.001634577,-0.000497644,-0.000779580,0.001634577,,,
1786043609866462779,1786043609.866117193,/novatel/oem7/inspva,/novatel/oem7/inspva,/novatel/oem7/inspva,39.663,-75.756,-1.800012622,0.001035849,0.000575536,-0.000448694,-0.000933625,0.000575536,,novatel_oem7_msgs.msg.InertialSolutionStatus(status=3),
1786043609867449009,1786043609.866312938,/novatel/oem7/fix,/novatel/oem7/fix,/novatel/oem7/inspva,39.663,-75.756,-1.800012622,0.001035849,0.000575536,-0.000448694,-0.000933625,0.000575536,,0,
1786043609867957703,1786043609.866753859,/novatel/oem7/odom,/novatel/oem7/fix,/novatel/oem7/odom,39.663,-75.756,-1.800012622,0.001038564,0.000570623,-0.000957397,-0.000402499,0.000570623,,,
1786043609874814239,1786043609.874444807,/novatel/oem7/odom,/novatel/oem7/fix,/novatel/oem7/odom,39.663,-75.756,-1.800012622,0.001038564,0.000570623,-0.000957397,-0.000402499,0.000570623,,,
1786043609885804292,1786043609.885255146,/novatel/oem7/inspva,/novatel/oem7/inspva,/novatel/oem7/inspva,39.663,-75.756,-1.800017120,0.000866067,-0.001890423,-0.000196455,-0.000843491,-0.001890423,,novatel_oem7_msgs.msg.InertialSolutionStatus(status=3),
1786043609887333455,1786043609.885448348,/novatel/oem7/fix,/novatel/oem7/fix,/novatel/oem7/inspva,39.663,-75.756,-1.800017120,0.000866067,-0.001890423,-0.000196455,-0.000843491,-0.001890423,,0,
1786043609887808461,1786043609.885923109,/novatel/oem7/odom,/novatel/oem7/fix,/novatel/oem7/odom,39.663,-75.756,-1.800017120,0.000857664,-0.001894250,-0.000844614,-0.000149048,-0.001894250,,,
1786043609895904256,1786043609.895578473,/novatel/oem7/odom,/novatel/oem7/fix,/novatel/oem7/odom,39.663,-75.756,-1.800017120,0.000857664,-0.001894250,-0.000844614,-0.000149048,-0.001894250,,,
1786043609906345173,1786043609.906012078,/novatel/oem7/inspva,/novatel/oem7/inspva,/novatel/oem7/inspva,39.663,-75.756,-1.799983702,0.001479856,-0.001143671,-0.000928395,-0.001152413,-0.001143671,,novatel_oem7_msgs.msg.InertialSolutionStatus(status=3),
1786043609907291127,1786043609.906240624,/novatel/oem7/fix,/novatel/oem7/fix,/novatel/oem7/inspva,39.663,-75.756,-1.799983702,0.001479856,-0.001143671,-0.000928395,-0.001152413,-0.001143671,,0,
1786043609907790132,1786043609.906755776,/novatel/oem7/odom,/novatel/oem7/fix,/novatel/oem7/odom,39.663,-75.756,-1.799983702,0.001474406,-0.001150689,-0.001193030,-0.000866344,-0.001150689,,,
1786043609909838434,1786043609.909544339,/novatel/oem7/bestpos,/novatel/oem7/bestpos,/novatel/oem7/odom,39.663,-75.756,33.182348909,0.001474406,-0.001150689,-0.001193030,-0.000866344,-0.001150689,,novatel_oem7_msgs.msg.SolutionStatus(status=0),novatel_oem7_msgs.msg.PositionOrVelocityType(type=53)
1786043609910458094,1786043609.910148645,/novatel/oem7/bestvel,/novatel/oem7/bestpos,/novatel/oem7/bestvel,39.663,-75.756,33.182348909,0.002471878,-0.000358480,,,,223.281773146,novatel_oem7_msgs.msg.SolutionStatus(status=0),novatel_oem7_msgs.msg.PositionOrVelocityType(type=53)
1786043609915589881,1786043609.914533951,/novatel/oem7/odom,/novatel/oem7/bestpos,/novatel/oem7/odom,39.663,-75.756,33.182348909,0.001474406,-0.001150689,-0.001193030,-0.000866344,-0.001150689,,,
1786043609927014877,1786043609.926731233,/novatel/oem7/inspva,/novatel/oem7/inspva,/novatel/oem7/inspva,39.663,-75.756,-1.799949768,0.001362932,0.001205170,-0.001139647,0.000747522,0.001205170,,novatel_oem7_msgs.msg.InertialSolutionStatus(status=3),
1786043609927627205,1786043609.926888295,/novatel/oem7/fix,/novatel/oem7/fix,/novatel/oem7/inspva,39.663,-75.756,-1.799949768,0.001362932,0.001205170,-0.001139647,0.000747522,0.001205170,,0,
1786043609928317453,1786043609.927399940,/novatel/oem7/odom,/novatel/oem7/fix,/novatel/oem7/odom,39.663,-75.756,-1.799949768,0.001363012,0.001205080,0.000684226,-0.001178828,0.001205080,,,
1786043609935510235,1786043609.935151735,/novatel/oem7/odom,/novatel/oem7/fix,/novatel/oem7/odom,39.663,-75.756,-1.799949768,0.001363012,0.001205080,0.000684226,-0.001178828,0.001205080,,,
1786043609945621911,1786043609.945201556,/novatel/oem7/inspva,/novatel/oem7/inspva,/novatel/oem7/inspva,39.663,-75.756,-1.799934505,0.000996790,0.001241606,-0.000963682,-0.000254768,0.001241606,,novatel_oem7_msgs.msg.InertialSolutionStatus(status=3),
1786043609946175149,1786043609.945347691,/novatel/oem7/fix,/novatel/oem7/fix,/novatel/oem7/inspva,39.663,-75.756,-1.799934505,0.000996790,0.001241606,-0.000963682,-0.000254768,0.001241606,,0,
1786043609946631691,1786043609.945874370,/novatel/oem7/odom,/novatel/oem7/fix,/novatel/oem7/odom,39.663,-75.756,-1.799934505,0.001001265,0.001238000,-0.000308108,-0.000952681,0.001238000,,,
1786043609956394311,1786043609.956054149,/novatel/oem7/odom,/novatel/oem7/fix,/novatel/oem7/odom,39.663,-75.756,-1.799934505,0.001001265,0.001238000,-0.000308108,-0.000952681,0.001238000,,,
1786043609965774879,1786043609.965417227,/novatel/oem7/inspva,/novatel/oem7/inspva,/novatel/oem7/inspva,39.663,-75.756,-1.799948740,0.001399433,-0.001666154,-0.000000600,-0.001399433,-0.001666154,,novatel_oem7_msgs.msg.InertialSolutionStatus(status=3),
1786043609966341814,1786043609.965573311,/novatel/oem7/fix,/novatel/oem7/fix,/novatel/oem7/inspva,39.663,-75.756,-1.799948740,0.001399433,-0.001666154,-0.000000600,-0.001399433,-0.001666154,,0,
1786043609967003320,1786043609.966275051,/novatel/oem7/odom,/novatel/oem7/fix,/novatel/oem7/odom,39.663,-75.756,-1.799948740,0.001392858,-0.001671655,-0.001390891,0.000074000,-0.001671655,,,
1786043609975083205,1786043609.974756915,/novatel/oem7/odom,/novatel/oem7/fix,/novatel/oem7/odom,39.663,-75.756,-1.799948740,0.001392858,-0.001671655,-0.001390891,0.000074000,-0.001671655,,,
1786043609986866073,1786043609.986467922,/novatel/oem7/inspva,/novatel/oem7/inspva,/novatel/oem7/inspva,39.663,-75.756,-1.799922720,0.001178653,-0.001602990,-0.000754621,-0.000905411,-0.001602990,,novatel_oem7_msgs.msg.InertialSolutionStatus(status=3),
1786043609987465915,1786043609.986611119,/novatel/oem7/fix,/novatel/oem7/fix,/novatel/oem7/inspva,39.663,-75.756,-1.799922720,0.001178653,-0.001602990,-0.000754621,-0.000905411,-0.001602990,,0,
1786043609987923608,1786043609.987065137,/novatel/oem7/odom,/novatel/oem7/fix,/novatel/oem7/odom,39.663,-75.756,-1.799922720,0.001171038,-0.001608560,-0.000935734,-0.000704083,-0.001608560,,,
1786043609994853367,1786043609.994448259,/novatel/oem7/odom,/novatel/oem7/fix,/novatel/oem7/odom,39.663,-75.756,-1.799922720,0.001171038,-0.001608560,-0.000935734,-0.000704083,-0.001608560,,,
1786043610008866446,1786043610.008434096,/novatel/oem7/inspva,/novatel/oem7/inspva,/novatel/oem7/inspva,39.663,-75.756,-1.799887631,0.001814913,0.001162692,-0.001803134,-0.000206446,0.001162692,,novatel_oem7_msgs.msg.InertialSolutionStatus(status=3),
1786043610009873238,1786043610.008573757,/novatel/oem7/fix,/novatel/oem7/fix,/novatel/oem7/inspva,39.663,-75.756,-1.799887631,0.001814913,0.001162692,-0.001803134,-0.000206446,0.001162692,,0,
1786043610010539831,1786043610.009781802,/novatel/oem7/odom,/novatel/oem7/fix,/novatel/oem7/odom,39.663,-75.756,-1.799887631,0.001818519,0.001157044,-0.000301765,-0.001793307,0.001157044,,,
1786043610016228448,1786043610.015788483,/novatel/oem7/odom,/novatel/oem7/fix,/novatel/oem7/odom,39.663,-75.756,-1.799887631,0.001818519,0.001157044,-0.000301765,-0.001793307,0.001157044,,,
1786043610026584650,1786043610.026264332,/novatel/oem7/bestpos,/novatel/oem7/bestpos,/novatel/oem7/odom,39.663,-75.756,33.182432832,0.001818519,0.001157044,-0.000301765,-0.001793307,0.001157044,,novatel_oem7_msgs.msg.SolutionStatus(status=0),novatel_oem7_msgs.msg.PositionOrVelocityType(type=53)
1786043610027229467,1786043610.026669283,/novatel/oem7/bestvel,/novatel/oem7/bestpos,/novatel/oem7/bestvel,39.663,-75.756,33.182432832,0.002090582,0.001193175,,,,178.402481142,novatel_oem7_msgs.msg.SolutionStatus(status=0),novatel_oem7_msgs.msg.PositionOrVelocityType(type=53)
1786043610027861453,1786043610.027188884,/novatel/oem7/inspva,/novatel/oem7/inspva,/novatel/oem7/inspva,39.663,-75.756,-1.799875034,0.002184672,0.000730771,-0.001939053,0.001006413,0.000730771,,novatel_oem7_msgs.msg.InertialSolutionStatus(status=3),
1786043610028245403,1786043610.027324826,/novatel/oem7/fix,/novatel/oem7/fix,/novatel/oem7/inspva,39.663,-75.756,-1.799875034,0.002184672,0.000730771,-0.001939053,0.001006413,0.000730771,,0,
1786043610028920849,1786043610.027825781,/novatel/oem7/odom,/novatel/oem7/fix,/novatel/oem7/odom,39.663,-75.756,-1.799875034,0.002185098,0.000729496,0.000904499,-0.001989104,0.000729496,,,
1786043610034974482,1786043610.034614307,/novatel/oem7/odom,/novatel/oem7/fix,/novatel/oem7/odom,39.663,-75.756,-1.799875034,0.002185098,0.000729496,0.000904499,-0.001989104,0.000729496,,,
1786043610047549308,1786043610.047228040,/novatel/oem7/inspva,/novatel/oem7/inspva,/novatel/oem7/inspva,39.663,-75.756,-1.799871551,0.001172328,0.000237611,0.000303014,-0.001132491,0.000237611,,novatel_oem7_msgs.msg.InertialSolutionStatus(status=3),
1786043610049166885,1786043610.047390245,/novatel/oem7/fix,/novatel/oem7/fix,/novatel/oem7/inspva,39.663,-75.756,-1.799871551,0.001172328,0.000237611,0.000303014,-0.001132491,0.000237611,,0,
1786043610050401239,1786043610.047919186,/novatel/oem7/odom,/novatel/oem7/fix,/novatel/oem7/odom,39.663,-75.756,-1.799871551,0.001173072,0.000233913,-0.001116758,0.000359094,0.000233913,,,
1786043610056819959,1786043610.056454056,/novatel/oem7/odom,/novatel/oem7/fix,/novatel/oem7/odom,39.663,-75.756,-1.799871551,0.001173072,0.000233913,-0.001116758,0.000359094,0.000233913,,,
1786043610065715514,1786043610.065142664,/novatel/oem7/inspva,/novatel/oem7/inspva,/novatel/oem7/inspva,39.663,-75.756,-1.799875527,0.001190315,-0.000654233,0.000073559,-0.001188040,-0.000654233,,novatel_oem7_msgs.msg.InertialSolutionStatus(status=3),
1786043610067115467,1786043610.065293956,/novatel/oem7/fix,/novatel/oem7/fix,/novatel/oem7/inspva,39.663,-75.756,-1.799875527,0.001190315,-0.000654233,0.000073559,-0.001188040,-0.000654233,,0,
1786043610067723748,1786043610.065759287,/novatel/oem7/odom,/novatel/oem7/fix,/novatel/oem7/odom,39.663,-75.756,-1.799875527,0.001187839,-0.000658718,-0.001180150,0.000134938,-0.000658718,,,
1786043610076186849,1786043610.075816245,/novatel/oem7/odom,/novatel/oem7/fix,/novatel/oem7/odom,39.663,-75.756,-1.799875527,0.001187839,-0.000658718,-0.001180150,0.000134938,-0.000658718,,,
1786043610085772570,1786043610.085467559,/novatel/oem7/inspva,/novatel/oem7/inspva,/novatel/oem7/inspva,39.663,-75.756,-1.799863738,0.002539798,-0.000027688,-0.002472100,0.000582494,-0.000027688,,novatel_oem7_msgs.msg.InertialSolutionStatus(status=3),
1786043610086588768,1786043610.085613567,/novatel/oem7/fix,/novatel/oem7/fix,/novatel/oem7/inspva,39.663,-75.756,-1.799863738,0.002539798,-0.000027688,-0.002472100,0.000582494,-0.000027688,,0,
1786043610087859155,1786043610.087152982,/novatel/oem7/odom,/novatel/oem7/fix,/novatel/oem7/odom,39.663,-75.756,-1.799863738,0.002539747,-0.000032048,0.000457328,-0.002498233,-0.000032048,,,
1786043610095491806,1786043610.094932008,/novatel/oem7/odom,/novatel/oem7/fix,/novatel/oem7/odom,39.663,-75.756,-1.799863738,0.002539747,-0.000032048,0.000457328,-0.002498233,-0.000032048,,,
1786043610106242664,1786043610.105874901,/novatel/oem7/inspva,/novatel/oem7/inspva,/novatel/oem7/inspva,39.663,-75.756,-1.799859164,0.002056918,0.000291192,-0.001991906,0.000513052,0.000291192,,novatel_oem7_msgs.msg.InertialSolutionStatus(status=3),
1786043610107471204,1786043610.106033202,/novatel/oem7/fix,/novatel/oem7/fix,/novatel/oem7/inspva,39.663,-75.756,-1.799859164,0.002056918,0.000291192,-0.001991906,0.000513052,0.000291192,,0,
1786043610107996065,1786043610.106457190,/novatel/oem7/odom,/novatel/oem7/fix,/novatel/oem7/odom,39.663,-75.756,-1.799859164,0.002057387,0.000287859,0.000410874,-0.002015942,0.000287859,,,
1786043610109978712,1786043610.109441382,/novatel/oem7/bestpos,/novatel/oem7/bestpos,/novatel/oem7/odom,39.663,-75.756,33.182456679,0.002057387,0.000287859,0.000410874,-0.002015942,0.000287859,,novatel_oem7_msgs.msg.SolutionStatus(status=0),novatel_oem7_msgs.msg.PositionOrVelocityType(type=53)
1786043610111042635,1786043610.110037835,/novatel/oem7/bestvel,/novatel/oem7/bestpos,/novatel/oem7/bestvel,39.663,-75.756,33.182456679,0.001879664,0.000384537,,,,174.093514981,novatel_oem7_msgs.msg.SolutionStatus(status=0),novatel_oem7_msgs.msg.PositionOrVelocityType(type=53)
1786043610115531082,1786043610.114840858,/novatel/oem7/odom,/novatel/oem7/bestpos,/novatel/oem7/odom,39.663,-75.756,33.182456679,0.002057387,0.000287859,0.000410874,-0.002015942,0.000287859,,,
1786043610125631952,1786043610.125313860,/novatel/oem7/inspva,/novatel/oem7/inspva,/novatel/oem7/inspva,39.663,-75.756,-1.799862578,0.000580398,0.000307060,-0.000534350,0.000226566,0.000307060,,novatel_oem7_msgs.msg.InertialSolutionStatus(status=3),
1786043610126740761,1786043610.125480742,/novatel/oem7/fix,/novatel/oem7/fix,/novatel/oem7/inspva,39.663,-75.756,-1.799862578,0.000580398,0.000307060,-0.000534350,0.000226566,0.000307060,,0,
1786043610127703681,1786043610.126015077,/novatel/oem7/odom,/novatel/oem7/fix,/novatel/oem7/odom,39.663,-75.756,-1.799862578,0.000580689,0.000306510,0.000198108,-0.000545851,0.000306510,,,
1786043610135926605,1786043610.135573554,/novatel/oem7/odom,/novatel/oem7/fix,/novatel/oem7/odom,39.663,-75.756,-1.799862578,0.000580689,0.000306510,0.000198108,-0.000545851,0.000306510,,,
1786043610146018212,1786043610.145147477,/novatel/oem7/inspva,/novatel/oem7/inspva,/novatel/oem7/inspva,39.663,-75.756,-1.799872498,0.000746425,-0.000113549,0.000129700,-0.000735070,-0.000113549,,novatel_oem7_msgs.msg.InertialSolutionStatus(status=3),
1786043610147555830,1786043610.145399753,/novatel/oem7/fix,/novatel/oem7/fix,/novatel/oem7/inspva,39.663,-75.756,-1.799872498,0.000746425,-0.000113549,0.000129700,-0.000735070,-0.000113549,,0,
1786043610148652857,1786043610.146028709,/novatel/oem7/odom,/novatel/oem7/fix,/novatel/oem7/odom,39.663,-75.756,-1.799872498,0.000746029,-0.000116121,-0.000727133,0.000166846,-0.000116121,,,
1786043610156520784,1786043610.155740456,/novatel/oem7/odom,/novatel/oem7/fix,/novatel/oem7/odom,39.663,-75.756,-1.799872498,0.000746029,-0.000116121,-0.000727133,0.000166846,-0.000116121,,,
1786043610167365657,1786043610.166625172,/novatel/oem7/inspva,/novatel/oem7/inspva,/novatel/oem7/inspva,39.663,-75.756,-1.799885324,0.001589126,-0.001778623,-0.001484972,-0.000565844,-0.001778623,,novatel_oem7_msgs.msg.InertialSolutionStatus(status=3),
1786043610168848554,1786043610.166831531,/novatel/oem7/fix,/novatel/oem7/fix,/novatel/oem7/inspva,39.663,-75.756,-1.799885324,0.001589126,-0.001778623,-0.001484972,-0.000565844,-0.001778623,,0,
1786043610169913948,1786043610.167255606,/novatel/oem7/odom,/novatel/oem7/fix,/novatel/oem7/odom,39.663,-75.756,-1.799885324,0.001582188,-0.001784798,-0.000632707,-0.001450173,-0.001784798,,,
1786043610175978767,1786043610.175188880,/novatel/oem7/odom,/novatel/oem7/fix,/novatel/oem7/odom,39.663,-75.756,-1.799885324,0.001582188,-0.001784798,-0.000632707,-0.001450173,-0.001784798,,,
1786043610185995645,1786043610.185271444,/novatel/oem7/inspva,/novatel/oem7/inspva,/novatel/oem7/inspva,39.663,-75.756,-1.799877577,0.001421677,-0.000718716,-0.001400043,0.000247073,-0.000718716,,novatel_oem7_msgs.msg.InertialSolutionStatus(status=3),
1786043610187460489,1786043610.185487503,/novatel/oem7/fix,/novatel/oem7/fix,/novatel/oem7/inspva,39.663,-75.756,-1.799877577,0.001421677,-0.000718716,-0.001400043,0.000247073,-0.000718716,,0,
1786043610188591910,1786043610.185886210,/novatel/oem7/odom,/novatel/oem7/fix,/novatel/oem7/odom,39.663,-75.756,-1.799877577,0.001420272,-0.000721489,0.000179171,-0.001408925,-0.000721489,,,
1786043610196416709,1786043610.195644182,/novatel/oem7/odom,/novatel/oem7/fix,/novatel/oem7/odom,39.663,-75.756,-1.799877577,0.001420272,-0.000721489,0.000179171,-0.001408925,-0.000721489,,,
1786043610207244675,1786043610.206486331,/novatel/oem7/inspva,/novatel/oem7/inspva,/novatel/oem7/inspva,39.663,-75.756,-1.799869076,0.001401010,0.001104002,-0.001200144,0.000722830,0.001104002,,novatel_oem7_msgs.msg.InertialSolutionStatus(status=3),
1786043610208735856,1786043610.206662719,/novatel/oem7/fix,/novatel/oem7/fix,/novatel/oem7/inspva,39.663,-75.756,-1.799869076,0.001401010,0.001104002,-0.001200144,0.000722830,0.001104002,,0,
1786043610209858780,1786043610.207189041,/novatel/oem7/odom,/novatel/oem7/fix,/novatel/oem7/odom,39.663,-75.756,-1.799869076,0.001401294,0.001103642,0.000656920,-0.001237773,0.001103642,,,
1786043610211637698,1786043610.210461556,/novatel/oem7/bestpos,/novatel/oem7/bestpos,/novatel/oem7/odom,39.663,-75.756,33.182433877,0.001401294,0.001103642,0.000656920,-0.001237773,0.001103642,,novatel_oem7_msgs.msg.SolutionStatus(status=0),novatel_oem7_msgs.msg.PositionOrVelocityType(type=53)
1786043610212699278,1786043610.210847297,/novatel/oem7/bestvel,/novatel/oem7/bestpos,/novatel/oem7/bestvel,39.663,-75.756,33.182433877,0.002102501,0.000169171,,,,109.588722278,novatel_oem7_msgs.msg.SolutionStatus(status=0),novatel_oem7_msgs.msg.PositionOrVelocityType(type=53)
1786043610216016694,1786043610.215261663,/novatel/oem7/odom,/novatel/oem7/bestpos,/novatel/oem7/odom,39.663,-75.756,33.182433877,0.001401294,0.001103642,0.000656920,-0.001237773,0.001103642,,,
1786043610227008570,1786043610.226297760,/novatel/oem7/inspva,/novatel/oem7/inspva,/novatel/oem7/inspva,39.663,-75.756,-1.799886002,0.001152137,-0.000156664,-0.000846281,0.000781812,-0.000156664,,novatel_oem7_msgs.msg.InertialSolutionStatus(status=3),
1786043610228482965,1786043610.226479225,/novatel/oem7/fix,/novatel/oem7/fix,/novatel/oem7/inspva,39.663,-75.756,-1.799886002,0.001152137,-0.000156664,-0.000846281,0.000781812,-0.000156664,,0,
1786043610229622236,1786043610.227003917,/novatel/oem7/odom,/novatel/oem7/fix,/novatel/oem7/odom,39.663,-75.756,-1.799886002,0.001152248,-0.000155852,0.000738842,-0.000884187,-0.000155852,,,
1786043610235523457,1786043610.234713609,/novatel/oem7/odom,/novatel/oem7/fix,/novatel/oem7/odom,39.663,-75.756,-1.799886002,0.001152248,-0.000155852,0.000738842,-0.000884187,-0.000155852,,,
1786043610246130900,1786043610.245388806,/novatel/oem7/inspva,/novatel/oem7/inspva,/novatel/oem7/inspva,39.663,-75.756,-1.799906826,0.000673728,-0.001952965,-0.000640752,-0.000208197,-0.001952965,,novatel_oem7_msgs.msg.InertialSolutionStatus(status=3),
1786043610247650815,1786043610.245570185,/novatel/oem7/fix,/novatel/oem7/fix,/novatel/oem7/inspva,39.663,-75.756,-1.799906826,0.000673728,-0.001952965,-0.000640752,-0.000208197,-0.001952965,,0,
1786043610248810803,1786043610.246207124,/novatel/oem7/odom,/novatel/oem7/fix,/novatel/oem7/odom,39.663,-75.756,-1.799906826,0.000666402,-0.001955477,-0.000232287,-0.000624607,-0.001955477,,,
1786043610257395750,1786043610.256639556,/novatel/oem7/odom,/novatel/oem7/fix,/novatel/oem7/odom,39.663,-75.756,-1.799906826,0.000666402,-0.001955477,-0.000232287,-0.000624607,-0.001955477,,,
1786043610266011927,1786043610.265306317,/novatel/oem7/inspva,/novatel/oem7/inspva,/novatel/oem7/inspva,39.663,-75.756,-1.799897981,0.001400265,-0.001468577,-0.001397802,0.000083026,-0.001468577,,novatel_oem7_msgs.msg.InertialSolutionStatus(status=3),
1786043610267358789,1786043610.265514629,/novatel/oem7/fix,/novatel/oem7/fix,/novatel/oem7/inspva,39.663,-75.756,-1.799897981,0.001400265,-0.001468577,-0.001397802,0.000083026,-0.001468577,,0,
1786043610268120571,1786043610.265919126,/novatel/oem7/odom,/novatel/oem7/fix,/novatel/oem7/odom,39.663,-75.756,-1.799897981,0.001396670,-0.001471996,0.000018494,-0.001396548,-0.001471996,,,
1786043610275231324,1786043610.274468313,/novatel/oem7/odom,/novatel/oem7/fix,/novatel/oem7/odom,39.663,-75.756,-1.799897981,0.001396670,-0.001471996,0.000018494,-0.001396548,-0.001471996,,,
1786043610287287108,1786043610.286585298,/novatel/oem7/inspva,/novatel/oem7/inspva,/novatel/oem7/inspva,39.663,-75.756,-1.799872396,0.002244229,0.001675632,-0.001618866,0.001554296,0.001675632,,novatel_oem7_msgs.msg.InertialSolutionStatus(status=3),
1786043610288757392,1786043610.286776889,/novatel/oem7/fix,/novatel/oem7/fix,/novatel/oem7/inspva,39.663,-75.756,-1.799872396,0.002244229,0.001675632,-0.001618866,0.001554296,0.001675632,,0,
1786043610289846829,1786043610.287089136,/novatel/oem7/odom,/novatel/oem7/fix,/novatel/oem7/odom,39.663,-75.756,-1.799872396,0.002242905,0.001677404,0.001463981,-0.001699230,0.001677404,,,
1786043610295968489,1786043610.295192494,/novatel/oem7/odom,/novatel/oem7/fix,/novatel/oem7/odom,39.663,-75.756,-1.799872396,0.002242905,0.001677404,0.001463981,-0.001699230,0.001677404,,,
1786043610306700637,1786043610.305971203,/novatel/oem7/inspva,/novatel/oem7/inspva,/novatel/oem7/inspva,39.663,-75.756,-1.799886997,0.001749172,0.000766238,-0.001381730,0.001072579,0.000766238,,novatel_oem7_msgs.msg.InertialSolutionStatus(status=3),
1786043610308128437,1786043610.306132845,/novatel/oem7/fix,/novatel/oem7/fix,/novatel/oem7/inspva,39.663,-75.756,-1.799886997,0.001749172,0.000766238,-0.001381730,0.001072579,0.000766238,,0,
1786043610309237968,1786043610.306615446,/novatel/oem7/odom,/novatel/oem7/fix,/novatel/oem7/odom,39.663,-75.756,-1.799886997,0.001748934,0.000766780,0.000998525,-0.001435868,0.000766780,,,
1786043610310915498,1786043610.309668009,/novatel/oem7/bestpos,/novatel/oem7/bestpos,/novatel/oem7/odom,39.663,-75.756,33.182431338,0.001748934,0.000766780,0.000998525,-0.001435868,0.000766780,,novatel_oem7_msgs.msg.SolutionStatus(status=0),novatel_oem7_msgs.msg.PositionOrVelocityType(type=53)
1786043610312374246,1786043610.310353249,/novatel/oem7/bestvel,/novatel/oem7/bestpos,/novatel/oem7/bestvel,39.663,-75.756,33.182431338,0.002474226,0.000156646,,,,120.755163959,novatel_oem7_msgs.msg.SolutionStatus(status=0),novatel_oem7_msgs.msg.PositionOrVelocityType(type=53)
1786043610316253670,1786043610.315509562,/novatel/oem7/odom,/novatel/oem7/bestpos,/novatel/oem7/odom,39.663,-75.756,33.182431338,0.001748934,0.000766780,0.000998525,-0.001435868,0.000766780,,,
1786043610326029932,1786043610.325305252,/novatel/oem7/inspva,/novatel/oem7/inspva,/novatel/oem7/inspva,39.663,-75.756,-1.799905316,0.000803299,-0.001335721,-0.000354323,0.000720932,-0.001335721,,novatel_oem7_msgs.msg.InertialSolutionStatus(status=3),
1786043610327490799,1786043610.325469433,/novatel/oem7/fix,/novatel/oem7/fix,/novatel/oem7/inspva,39.663,-75.756,-1.799905316,0.000803299,-0.001335721,-0.000354323,0.000720932,-0.001335721,,0,
1786043610328914827,1786043610.326160706,/novatel/oem7/odom,/novatel/oem7/fix,/novatel/oem7/odom,39.663,-75.756,-1.799905316,0.000806428,-0.001333834,0.000707577,-0.000386861,-0.001333834,,,
1786043610335832544,1786043610.334950329,/novatel/oem7/odom,/novatel/oem7/fix,/novatel/oem7/odom,39.663,-75.756,-1.799905316,0.000806428,-0.001333834,0.000707577,-0.000386861,-0.001333834,,,
1786043610346876508,1786043610.346094230,/novatel/oem7/inspva,/novatel/oem7/inspva,/novatel/oem7/inspva,39.663,-75.756,-1.799897606,0.000986444,-0.000787922,-0.000826607,0.000538325,-0.000787922,,novatel_oem7_msgs.msg.InertialSolutionStatus(status=3),
1786043610348413660,1786043610.346263372,/novatel/oem7/fix,/novatel/oem7/fix,/novatel/oem7/inspva,39.663,-75.756,-1.799897606,0.000986444,-0.000787922,-0.000826607,0.000538325,-0.000787922,,0,
1786043610349614425,1786043610.346760817,/novatel/oem7/odom,/novatel/oem7/fix,/novatel/oem7/odom,39.663,-75.756,-1.799897606,0.000986383,-0.000787999,0.000499239,-0.000850712,-0.000787999,,,
1786043610356757738,1786043610.355955280,/novatel/oem7/odom,/novatel/oem7/fix,/novatel/oem7/odom,39.663,-75.756,-1.799897606,0.000986383,-0.000787999,0.000499239,-0.000850712,-0.000787999,,,
1786043610365994988,1786043610.365315508,/novatel/oem7/inspva,/novatel/oem7/inspva,/novatel/oem7/inspva,39.663,-75.756,-1.799878847,0.002946092,0.000506709,-0.002536771,0.001498084,0.000506709,,novatel_oem7_msgs.msg.InertialSolutionStatus(status=3),
1786043610367509443,1786043610.365468283,/novatel/oem7/fix,/novatel/oem7/fix,/novatel/oem7/inspva,39.663,-75.756,-1.799878847,0.002946092,0.000506709,-0.002536771,0.001498084,0.000506709,,0,
1786043610368667100,1786043610.365973034,/novatel/oem7/odom,/novatel/oem7/fix,/novatel/oem7/odom,39.663,-75.756,-1.799878847,0.002946241,0.000505841,0.001366460,-0.002610196,0.000505841,,,
1786043610376398982,1786043610.375644068,/novatel/oem7/odom,/novatel/oem7/fix,/novatel/oem7/odom,39.663,-75.756,-1.799878847,0.002946241,0.000505841,0.001366460,-0.002610196,0.000505841,,,
1786043610386187234,1786043610.385538334,/novatel/oem7/inspva,/novatel/oem7/inspva,/novatel/oem7/inspva,39.663,-75.756,-1.799881496,0.002725500,0.000901074,-0.001954243,0.001899812,0.000901074,,novatel_oem7_msgs.msg.InertialSolutionStatus(status=3),
1786043610387629682,1786043610.385668589,/novatel/oem7/fix,/novatel/oem7/fix,/novatel/oem7/inspva,39.663,-75.756,-1.799881496,0.002725500,0.000901074,-0.001954243,0.001899812,0.000901074,,0,
1786043610388665752,1786043610.386118057,/novatel/oem7/odom,/novatel/oem7/fix,/novatel/oem7/odom,39.663,-75.756,-1.799881496,0.002724762,0.000903305,0.001795393,-0.002049607,0.000903305,,,
1786043610395291819,1786043610.394546182,/novatel/oem7/odom,/novatel/oem7/fix,/novatel/oem7/odom,39.663,-75.756,-1.799881496,0.002724762,0.000903305,0.001795393,-0.002049607,0.000903305,,,
1786043610407324977,1786043610.406647277,/novatel/oem7/inspva,/novatel/oem7/inspva,/novatel/oem7/inspva,39.663,-75.756,-1.799898267,0.000702041,-0.000639218,-0.000330833,0.000619202,-0.000639218,,novatel_oem7_msgs.msg.InertialSolutionStatus(status=3),
1786043610408728837,1786043610.406782835,/novatel/oem7/fix,/novatel/oem7/fix,/novatel/oem7/inspva,39.663,-75.756,-1.799898267,0.000702041,-0.000639218,-0.000330833,0.000619202,-0.000639218,,0,
1786043610409761600,1786043610.407285567,/novatel/oem7/odom,/novatel/oem7/fix,/novatel/oem7/odom,39.663,-75.756,-1.799898267,0.000703469,-0.000637647,0.000604375,-0.000359998,-0.000637647,,,
1786043610411378890,1786043610.410295669,/novatel/oem7/bestpos,/novatel/oem7/bestpos,/novatel/oem7/odom,39.663,-75.756,33.182419930,0.000703469,-0.000637647,0.000604375,-0.000359998,-0.000637647,,novatel_oem7_msgs.msg.SolutionStatus(status=0),novatel_oem7_msgs.msg.PositionOrVelocityType(type=53)
1786043610412849910,1786043610.410799204,/novatel/oem7/bestvel,/novatel/oem7/bestpos,/novatel/oem7/bestvel,39.663,-75.756,33.182419930,0.001351750,-0.001294967,,,,83.314630775,novatel_oem7_msgs.msg.SolutionStatus(status=0),novatel_oem7_msgs.msg.PositionOrVelocityType(type=53)
1786043610416376999,1786043610.415637621,/novatel/oem7/odom,/novatel/oem7/bestpos,/novatel/oem7/odom,39.663,-75.756,33.182419930,0.000703469,-0.000637647,0.000604375,-0.000359998,-0.000637647,,,
1786043610426012055,1786043610.425249828,/novatel/oem7/inspva,/novatel/oem7/inspva,/novatel/oem7/inspva,39.663,-75.756,-1.799894575,0.000595111,-0.000851585,-0.000543841,0.000241649,-0.000851585,,novatel_oem7_msgs.msg.InertialSolutionStatus(status=3),
1786043610427369095,1786043610.425379516,/novatel/oem7/fix,/novatel/oem7/fix,/novatel/oem7/inspva,39.663,-75.756,-1.799894575,0.000595111,-0.000851585,-0.000543841,0.000241649,-0.000851585,,0,
1786043610428476956,1786043610.425750013,/novatel/oem7/odom,/novatel/oem7/fix,/novatel/oem7/odom,39.663,-75.756,-1.799894575,0.000594414,-0.000852071,0.000217445,-0.000553214,-0.000852071,,,
1786043610438126963,1786043610.437218048,/novatel/oem7/odom,/novatel/oem7/fix,/novatel/oem7/odom,39.663,-75.756,-1.799894575,0.000594414,-0.000852071,0.000217445,-0.000553214,-0.000852071,,,
1786043610446577069,1786043610.445668160,/novatel/oem7/inspva,/novatel/oem7/inspva,/novatel/oem7/inspva,39.663,-75.756,-1.799892638,0.002863498,-0.000594395,-0.002473883,0.001442056,-0.000594395,,novatel_oem7_msgs.msg.InertialSolutionStatus(status=3),
1786043610448044493,1786043610.445996803,/novatel/oem7/fix,/novatel/oem7/fix,/novatel/oem7/inspva,39.663,-75.756,-1.799892638,0.002863498,-0.000594395,-0.002473883,0.001442056,-0.000594395,,0,
1786043610449156904,1786043610.446432799,/novatel/oem7/odom,/novatel/oem7/fix,/novatel/oem7/odom,39.663,-75.756,-1.799892638,0.002863301,-0.000595343,0.001318143,-0.002541848,-0.000595343,,,
1786043610457247833,1786043610.456456309,/novatel/oem7/odom,/novatel/oem7/fix,/novatel/oem7/odom,39.663,-75.756,-1.799892638,0.002863301,-0.000595343,0.001318143,-0.002541848,-0.000595343,,,
1786043610466860846,1786043610.466044385,/novatel/oem7/inspva,/novatel/oem7/inspva,/novatel/oem7/inspva,39.663,-75.756,-1.799895852,0.002872233,0.000041380,-0.002438405,0.001517863,0.000041380,,novatel_oem7_msgs.msg.InertialSolutionStatus(status=3),
1786043610468343808,1786043610.466316185,/novatel/oem7/fix,/novatel/oem7/fix,/novatel/oem7/inspva,39.663,-75.756,-1.799895852,0.002872233,0.000041380,-0.002438405,0.001517863,0.000041380,,0,
1786043610469441915,1786043610.466653131,/novatel/oem7/odom,/novatel/oem7/fix,/novatel/oem7/odom,39.663,-75.756,-1.799895852,0.002872242,0.000040779,0.001393073,-0.002511796,0.000040779,,,
1786043610475410440,1786043610.474651966,/novatel/oem7/odom,/novatel/oem7/fix,/novatel/oem7/odom,39.663,-75.756,-1.799895852,0.002872242,0.000040779,0.001393073,-0.002511796,0.000040779,,,
1786043610485923606,1786043610.485181059,/novatel/oem7/inspva,/novatel/oem7/inspva,/novatel/oem7/inspva,39.663,-75.756,-1.799905209,0.000999159,0.000336093,-0.000787561,0.000614871,0.000336093,,novatel_oem7_msgs.msg.InertialSolutionStatus(status=3),
1786043610487341450,1786043610.485389804,/novatel/oem7/fix,/novatel/oem7/fix,/novatel/oem7/inspva,39.663,-75.756,-1.799905209,0.000999159,0.000336093,-0.000787561,0.000614871,0.000336093,,0,
1786043610488389430,1786043610.485869898,/novatel/oem7/odom,/novatel/oem7/fix,/novatel/oem7/odom,39.663,-75.756,-1.799905209,0.000999055,0.000336403,0.000573085,-0.000818342,0.000336403,,,
1786043610496195799,1786043610.495452365,/novatel/oem7/odom,/novatel/oem7/fix,/novatel/oem7/odom,39.663,-75.756,-1.799905209,0.000999055,0.000336403,0.000573085,-0.000818342,0.000336403,,,
1786043610506916696,1786043610.506165133,/novatel/oem7/inspva,/novatel/oem7/inspva,/novatel/oem7/inspva,39.663,-75.756,-1.799914493,0.000700120,-0.000830918,-0.000693658,-0.000094905,-0.000830918,,novatel_oem7_msgs.msg.InertialSolutionStatus(status=3),
1786043610508337617,1786043610.506335861,/novatel/oem7/fix,/novatel/oem7/fix,/novatel/oem7/inspva,39.663,-75.756,-1.799914493,0.000700120,-0.000830918,-0.000693658,-0.000094905,-0.000830918,,0,
1786043610509402861,1786043610.506828232,/novatel/oem7/odom,/novatel/oem7/fix,/novatel/oem7/odom,39.663,-75.756,-1.799914493,0.000697485,-0.000833131,-0.000126298,-0.000685955,-0.000833131,,,
1786043610512345529,1786043610.511507348,/novatel/oem7/bestpos,/novatel/oem7/bestpos,/novatel/oem7/odom,39.663,-75.756,33.182414024,0.000697485,-0.000833131,-0.000126298,-0.000685955,-0.000833131,,novatel_oem7_msgs.msg.SolutionStatus(status=0),novatel_oem7_msgs.msg.PositionOrVelocityType(type=53)
1786043610513916555,1786043610.512027693,/novatel/oem7/bestvel,/novatel/oem7/bestpos,/novatel/oem7/bestvel,39.663,-75.756,33.182414024,0.001829509,-0.001046166,,,,141.100687499,novatel_oem7_msgs.msg.SolutionStatus(status=0),novatel_oem7_msgs.msg.PositionOrVelocityType(type=53)
1786043610515699596,1786043610.514569495,/novatel/oem7/odom,/novatel/oem7/bestpos,/novatel/oem7/odom,39.663,-75.756,33.182414024,0.000697485,-0.000833131,-0.000126298,-0.000685955,-0.000833131,,,
1786043610526052170,1786043610.525241842,/novatel/oem7/inspva,/novatel/oem7/inspva,/novatel/oem7/inspva,39.663,-75.756,-1.799910802,0.001937725,-0.000383896,-0.001887650,0.000437669,-0.000383896,,novatel_oem7_msgs.msg.InertialSolutionStatus(status=3),
1786043610527534687,1786043610.525400060,/novatel/oem7/fix,/novatel/oem7/fix,/novatel/oem7/inspva,39.663,-75.756,-1.799910802,0.001937725,-0.000383896,-0.001887650,0.000437669,-0.000383896,,0,
1786043610528657398,1786043610.525762080,/novatel/oem7/odom,/novatel/oem7/fix,/novatel/oem7/odom,39.663,-75.756,-1.799910802,0.001937065,-0.000387210,0.000343682,-0.001906333,-0.000387210,,,
1786043610536196735,1786043610.535219269,/novatel/oem7/odom,/novatel/oem7/fix,/novatel/oem7/odom,39.663,-75.756,-1.799910802,0.001937065,-0.000387210,0.000343682,-0.001906333,-0.000387210,,,
1786043610545766579,1786043610.544980594,/novatel/oem7/inspva,/novatel/oem7/inspva,/novatel/oem7/inspva,39.663,-75.756,-1.799917029,0.003366484,0.000009816,-0.002359718,0.002401031,0.000009816,,novatel_oem7_msgs.msg.InertialSolutionStatus(status=3),
1786043610547228056,1786043610.545169286,/novatel/oem7/fix,/novatel/oem7/fix,/novatel/oem7/inspva,39.663,-75.756,-1.799917029,0.003366484,0.000009816,-0.002359718,0.002401031,0.000009816,,0,
1786043610548365440,1786043610.545672608,/novatel/oem7/odom,/novatel/oem7/fix,/novatel/oem7/odom,39.663,-75.756,-1.799917029,0.003366474,0.000012892,0.002279169,-0.002477607,0.000012892,,,
1786043610556532487,1786043610.555708395,/novatel/oem7/odom,/novatel/oem7/fix,/novatel/oem7/odom,39.663,-75.756,-1.799917029,0.003366474,0.000012892,0.002279169,-0.002477607,0.000012892,,,
1786043610567342409,1786043610.566608242,/novatel/oem7/inspva,/novatel/oem7/inspva,/novatel/oem7/inspva,39.663,-75.756,-1.799925331,0.001606875,0.000319452,-0.001290712,0.000957136,0.000319452,,novatel_oem7_msgs.msg.InertialSolutionStatus(status=3),
1786043610568845326,1786043610.566787673,/novatel/oem7/fix,/novatel/oem7/fix,/novatel/oem7/inspva,39.663,-75.756,-1.799925331,0.001606875,0.000319452,-0.001290712,0.000957136,0.000319452,,0,
1786043610569944860,1786043610.567237948,/novatel/oem7/odom,/novatel/oem7/fix,/novatel/oem7/odom,39.663,-75.756,-1.799925331,0.001606808,0.000319787,0.000889649,-0.001338043,0.000319787,,,
1786043610575521555,1786043610.574705734,/novatel/oem7/odom,/novatel/oem7/fix,/novatel/oem7/odom,39.663,-75.756,-1.799925331,0.001606808,0.000319787,0.000889649,-0.001338043,0.000319787,,,
1786043610585660997,1786043610.584934806,/novatel/oem7/inspva,/novatel/oem7/inspva,/novatel/oem7/inspva,39.663,-75.756,-1.799941140,0.000746978,-0.000378976,-0.000558202,0.000496373,-0.000378976,,novatel_oem7_msgs.msg.InertialSolutionStatus(status=3),
1786043610587121864,1786043610.585095945,/novatel/oem7/fix,/novatel/oem7/fix,/novatel/oem7/inspva,39.663,-75.756,-1.799941140,0.000746978,-0.000378976,-0.000558202,0.000496373,-0.000378976,,0,
1786043610588194082,1786043610.585562492,/novatel/oem7/odom,/novatel/oem7/fix,/novatel/oem7/odom,39.663,-75.756,-1.799941140,0.000747212,-0.000378514,0.000469197,-0.000581533,-0.000378514,,,
1786043610594967407,1786043610.594586657,/novatel/oem7/odom,/novatel/oem7/fix,/novatel/oem7/odom,39.663,-75.756,-1.799941140,0.000747212,-0.000378514,0.000469197,-0.000581533,-0.000378514,,,
1786043610606787669,1786043610.606414922,/novatel/oem7/inspva,/novatel/oem7/inspva,/novatel/oem7/inspva,39.663,-75.756,-1.799951860,0.002569247,-0.001250280,-0.002255814,0.001229770,-0.001250280,,novatel_oem7_msgs.msg.InertialSolutionStatus(status=3),
1786043610607447572,1786043610.606588811,/novatel/oem7/fix,/novatel/oem7/fix,/novatel/oem7/inspva,39.663,-75.756,-1.799951860,0.002569247,-0.001250280,-0.002255814,0.001229770,-0.001250280,,0,
1786043610607949070,1786043610.607116222,/novatel/oem7/odom,/novatel/oem7/fix,/novatel/oem7/odom,39.663,-75.756,-1.799951860,0.002568664,-0.001251477,0.001119769,-0.002311742,-0.001251477,,,
1786043610610640720,1786043610.610291160,/novatel/oem7/bestpos,/novatel/oem7/bestpos,/novatel/oem7/odom,39.663,-75.756,33.182381208,0.002568664,-0.001251477,0.001119769,-0.002311742,-0.001251477,,novatel_oem7_msgs.msg.SolutionStatus(status=0),novatel_oem7_msgs.msg.PositionOrVelocityType(type=53)
1786043610611309654,1786043610.610624250,/novatel/oem7/bestvel,/novatel/oem7/bestpos,/novatel/oem7/bestvel,39.663,-75.756,33.182381208,0.002769935,-0.000616259,,,,169.139787988,novatel_oem7_msgs.msg.SolutionStatus(status=0),novatel_oem7_msgs.msg.PositionOrVelocityType(type=53)
1786043610615267794,1786043610.614914088,/novatel/oem7/odom,/novatel/oem7/bestpos,/novatel/oem7/odom,39.663,-75.756,33.182381208,0.002568664,-0.001251477,0.001119769,-0.002311742,-0.001251477,,,
1786043610625767228,1786043610.625317946,/novatel/oem7/inspva,/novatel/oem7/inspva,/novatel/oem7/inspva,39.663,-75.756,-1.799959378,0.002793646,-0.000739581,-0.002237589,0.001672619,-0.000739581,,novatel_oem7_msgs.msg.InertialSolutionStatus(status=3),
1786043610626404373,1786043610.625508848,/novatel/oem7/fix,/novatel/oem7/fix,/novatel/oem7/inspva,39.663,-75.756,-1.799959378,0.002793646,-0.000739581,-0.002237589,0.001672619,-0.000739581,,0,
1786043610626928861,1786043610.625969036,/novatel/oem7/odom,/novatel/oem7/fix,/novatel/oem7/odom,39.663,-75.756,-1.799959378,0.002793809,-0.000738966,0.001560927,-0.002317083,-0.000738966,,,
1786043610635006531,1786043610.634586684,/novatel/oem7/odom,/novatel/oem7/fix,/novatel/oem7/odom,39.663,-75.756,-1.799959378,0.002793809,-0.000738966,0.001560927,-0.002317083,-0.000738966,,,
1786043610645617424,1786043610.645294388,/novatel/oem7/inspva,/novatel/oem7/inspva,/novatel/oem7/inspva,39.663,-75.756,-1.799966703,0.002502195,0.000314270,-0.001310072,0.002131828,0.000314270,,novatel_oem7_msgs.msg.InertialSolutionStatus(status=3),
1786043610646284573,1786043610.645461053,/novatel/oem7/fix,/novatel/oem7/fix,/novatel/oem7/inspva,39.663,-75.756,-1.799966703,0.002502195,0.000314270,-0.001310072,0.002131828,0.000314270,,0,
1786043610647046635,1786043610.646164276,/novatel/oem7/odom,/novatel/oem7/fix,/novatel/oem7/odom,39.663,-75.756,-1.799966703,0.002501580,0.000319126,0.002061910,-0.001416485,0.000319126,,,
1786043610656453437,1786043610.656069133,/novatel/oem7/odom,/novatel/oem7/fix,/novatel/oem7/odom,39.663,-75.756,-1.799966703,0.002501580,0.000319126,0.002061910,-0.001416485,0.000319126,,,
1786043610665441047,1786043610.665069667,/novatel/oem7/inspva,/novatel/oem7/inspva,/novatel/oem7/inspva,39.663,-75.756,-1.799977187,0.001266273,0.000534593,-0.000782660,0.000995435,0.000534593,,novatel_oem7_msgs.msg.InertialSolutionStatus(status=3),
1786043610666049840,1786043610.665206832,/novatel/oem7/fix,/novatel/oem7/fix,/novatel/oem7/inspva,39.663,-75.756,-1.799977187,0.001266273,0.000534593,-0.000782660,0.000995435,0.000534593,,0,
1786043610666547009,1786043610.665675993,/novatel/oem7/odom,/novatel/oem7/fix,/novatel/oem7/odom,39.663,-75.756,-1.799977187,0.001265489,0.000536446,0.000952583,-0.000833096,0.000536446,,,
1786043610674978884,1786043610.674510265,/novatel/oem7/odom,/novatel/oem7/fix,/novatel/oem7/odom,39.663,-75.756,-1.799977187,0.001265489,0.000536446,0.000952583,-0.000833096,0.000536446,,,
1786043610687121325,1786043610.686599986,/novatel/oem7/inspva,/novatel/oem7/inspva,/novatel/oem7/inspva,39.663,-75.756,-1.799992596,0.002029525,-0.001756437,-0.001925858,0.000640346,-0.001756437,,novatel_oem7_msgs.msg.InertialSolutionStatus(status=3),
1786043610688012596,1786043610.686741395,/novatel/oem7/fix,/novatel/oem7/fix,/novatel/oem7/inspva,39.663,-75.756,-1.799992596,0.002029525,-0.001756437,-0.001925858,0.000640346,-0.001756437,,0,
1786043610688513335,1786043610.687235863,/novatel/oem7/odom,/novatel/oem7/fix,/novatel/oem7/odom,39.663,-75.756,-1.799992596,0.002027302,-0.001759002,0.000549744,-0.001951342,-0.001759002,,,
1786043610695256225,1786043610.694907284,/novatel/oem7/odom,/novatel/oem7/fix,/novatel/oem7/odom,39.663,-75.756,-1.799992596,0.002027302,-0.001759002,0.000549744,-0.001951342,-0.001759002,,,
1786043610706481504,1786043610.706137084,/novatel/oem7/inspva,/novatel/oem7/inspva,/novatel/oem7/inspva,39.663,-75.756,-1.799992885,0.002905311,-0.000998909,-0.002292342,0.001784937,-0.000998909,,novatel_oem7_msgs.msg.InertialSolutionStatus(status=3),
1786043610707140453,1786043610.706280778,/novatel/oem7/fix,/novatel/oem7/fix,/novatel/oem7/inspva,39.663,-75.756,-1.799992885,0.002905311,-0.000998909,-0.002292342,0.001784937,-0.000998909,,0,
1786043610707661158,1786043610.706730449,/novatel/oem7/odom,/novatel/oem7/fix,/novatel/oem7/odom,39.663,-75.756,-1.799992885,0.002905624,-0.000997998,0.001671406,-0.002376774,-0.000997998,,,
1786043610709980280,1786043610.709458203,/novatel/oem7/bestpos,/novatel/oem7/bestpos,/novatel/oem7/odom,39.663,-75.756,33.182339957,0.002905624,-0.000997998,0.001671406,-0.002376774,-0.000997998,,novatel_oem7_msgs.msg.SolutionStatus(status=0),novatel_oem7_msgs.msg.PositionOrVelocityType(type=53)
1786043610710669635,1786043610.710106675,/novatel/oem7/bestvel,/novatel/oem7/bestpos,/novatel/oem7/bestvel,39.663,-75.756,33.182339957,0.002452936,-0.000427951,,,,162.675559197,novatel_oem7_msgs.msg.SolutionStatus(status=0),novatel_oem7_msgs.msg.PositionOrVelocityType(type=53)
1786043610715057014,1786043610.714594343,/novatel/oem7/odom,/novatel/oem7/bestpos,/novatel/oem7/odom,39.663,-75.756,33.182339957,0.002905624,-0.000997998,0.001671406,-0.002376774,-0.000997998,,,
1786043610725466514,1786043610.725138705,/novatel/oem7/inspva,/novatel/oem7/inspva,/novatel/oem7/inspva,39.663,-75.756,-1.799990920,0.003164371,0.000709681,-0.001847592,0.002568978,0.000709681,,novatel_oem7_msgs.msg.InertialSolutionStatus(status=3),
1786043610726126850,1786043610.725283007,/novatel/oem7/fix,/novatel/oem7/fix,/novatel/oem7/inspva,39.663,-75.756,-1.799990920,0.003164371,0.000709681,-0.001847592,0.002568978,0.000709681,,0,
1786043610726662683,1786043610.725848512,/novatel/oem7/odom,/novatel/oem7/fix,/novatel/oem7/odom,39.663,-75.756,-1.799990920,0.003163186,0.000714947,0.002469813,-0.001976302,0.000714947,,,
1786043610735257164,1786043610.734890430,/novatel/oem7/odom,/novatel/oem7/fix,/novatel/oem7/odom,39.663,-75.756,-1.799990920,0.003163186,0.000714947,0.002469813,-0.001976302,0.000714947,,,
1786043610746473073,1786043610.746058622,/novatel/oem7/inspva,/novatel/oem7/inspva,/novatel/oem7/inspva,39.663,-75.756,-1.800002213,0.002704277,0.000504699,-0.001671029,0.002126212,0.000504699,,novatel_oem7_msgs.msg.InertialSolutionStatus(status=3),
1786043610747151935,1786043610.746203804,/novatel/oem7/fix,/novatel/oem7/fix,/novatel/oem7/inspva,39.663,-75.756,-1.800002213,0.002704277,0.000504699,-0.001671029,0.002126212,0.000504699,,0,
1786043610747694985,1786043610.746682575,/novatel/oem7/odom,/novatel/oem7/fix,/novatel/oem7/odom,39.663,-75.756,-1.800002213,0.002703536,0.000508654,0.002037341,-0.001777175,0.000508654,,,
1786043610756558521,1786043610.755802930,/novatel/oem7/odom,/novatel/oem7/fix,/novatel/oem7/odom,39.663,-75.756,-1.800002213,0.002703536,0.000508654,0.002037341,-0.001777175,0.000508654,,,
1786043610765875212,1786043610.765181455,/novatel/oem7/inspva,/novatel/oem7/inspva,/novatel/oem7/inspva,39.663,-75.756,-1.800027998,0.001632650,-0.002252536,-0.001355341,0.000910274,-0.002252536,,novatel_oem7_msgs.msg.InertialSolutionStatus(status=3),
1786043610767314506,1786043610.765273699,/novatel/oem7/fix,/novatel/oem7/fix,/novatel/oem7/inspva,39.663,-75.756,-1.800027998,0.001632650,-0.002252536,-0.001355341,0.000910274,-0.002252536,,0,
1786043610768412157,1786043610.765715861,/novatel/oem7/odom,/novatel/oem7/fix,/novatel/oem7/odom,39.663,-75.756,-1.800027998,0.001632717,-0.002252488,0.000850098,-0.001393951,-0.002252488,,,
1786043610776201836,1786043610.775437182,/novatel/oem7/odom,/novatel/oem7/fix,/novatel/oem7/odom,39.663,-75.756,-1.800027998,0.001632717,-0.002252488,0.000850098,-0.001393951,-0.002252488,,,
1786043610785731666,1786043610.785044812,/novatel/oem7/inspva,/novatel/oem7/inspva,/novatel/oem7/inspva,39.663,-75.756,-1.800038082,0.002469565,-0.002416440,-0.002126722,0.001255311,-0.002416440,,novatel_oem7_msgs.msg.InertialSolutionStatus(status=3),
1786043610787187536,1786043610.785191880,/novatel/oem7/fix,/novatel/oem7/fix,/novatel/oem7/inspva,39.663,-75.756,-1.800038082,0.002469565,-0.002416440,-0.002126722,0.001255311,-0.002416440,,0,
1786043610788306591,1786043610.785651638,/novatel/oem7/odom,/novatel/oem7/fix,/novatel/oem7/odom,39.663,-75.756,-1.800038082,0.002468930,-0.002417089,0.001156532,-0.002181295,-0.002417089,,,
1786043610795233738,1786043610.794462037,/novatel/oem7/odom,/novatel/oem7/fix,/novatel/oem7/odom,39.663,-75.756,-1.800038082,0.002468930,-0.002417089,0.001156532,-0.002181295,-0.002417089,,,
1786043610807328539,1786043610.806642999,/novatel/oem7/inspva,/novatel/oem7/inspva,/novatel/oem7/inspva,39.663,-75.756,-1.800029390,0.003940945,0.001137454,-0.002315468,0.003188990,0.001137454,,novatel_oem7_msgs.msg.InertialSolutionStatus(status=3),
1786043610808808657,1786043610.806786947,/novatel/oem7/fix,/novatel/oem7/fix,/novatel/oem7/inspva,39.663,-75.756,-1.800029390,0.003940945,0.001137454,-0.002315468,0.003188990,0.001137454,,0,
1786043610809911074,1786043610.807303626,/novatel/oem7/odom,/novatel/oem7/fix,/novatel/oem7/odom,39.663,-75.756,-1.800029390,0.003939084,0.001143884,0.003063757,-0.002475838,0.001143884,,,
1786043610811631138,1786043610.810150381,/novatel/oem7/bestpos,/novatel/oem7/bestpos,/novatel/oem7/odom,39.663,-75.756,33.182294502,0.003939084,0.001143884,0.003063757,-0.002475838,0.001143884,,novatel_oem7_msgs.msg.SolutionStatus(status=0),novatel_oem7_msgs.msg.PositionOrVelocityType(type=53)
1786043610812593204,1786043610.810592745,/novatel/oem7/bestvel,/novatel/oem7/bestpos,/novatel/oem7/bestvel,39.663,-75.756,33.182294502,0.003328092,0.000614656,,,,113.061797126,novatel_oem7_msgs.msg.SolutionStatus(status=0),novatel_oem7_msgs.msg.PositionOrVelocityType(type=53)
1786043610815835329,1786043610.815015767,/novatel/oem7/odom,/novatel/oem7/bestpos,/novatel/oem7/odom,39.663,-75.756,33.182294502,0.003939084,0.001143884,0.003063757,-0.002475838,0.001143884,,,
1786043610825794599,1786043610.825083211,/novatel/oem7/inspva,/novatel/oem7/inspva,/novatel/oem7/inspva,39.663,-75.756,-1.800044343,0.003000297,0.000983161,-0.002011764,0.002225891,0.000983161,,novatel_oem7_msgs.msg.InertialSolutionStatus(status=3),
1786043610827270843,1786043610.825157297,/novatel/oem7/fix,/novatel/oem7/fix,/novatel/oem7/inspva,39.663,-75.756,-1.800044343,0.003000297,0.000983161,-0.002011764,0.002225891,0.000983161,,0,
1786043610828358757,1786043610.825679545,/novatel/oem7/odom,/novatel/oem7/fix,/novatel/oem7/odom,39.663,-75.756,-1.800044343,0.002999134,0.000986704,0.002117752,-0.002123660,0.000986704,,,
1786043610835715579,1786043610.834881717,/novatel/oem7/odom,/novatel/oem7/fix,/novatel/oem7/odom,39.663,-75.756,-1.800044343,0.002999134,0.000986704,0.002117752,-0.002123660,0.000986704,,,
1786043610846135744,1786043610.845443547,/novatel/oem7/inspva,/novatel/oem7/inspva,/novatel/oem7/inspva,39.663,-75.756,-1.800074985,0.001386885,-0.002272649,-0.000845810,0.001099116,-0.002272649,,novatel_oem7_msgs.msg.InertialSolutionStatus(status=3),
1786043610847695242,1786043610.845587362,/novatel/oem7/fix,/novatel/oem7/fix,/novatel/oem7/inspva,39.663,-75.756,-1.800074985,0.001386885,-0.002272649,-0.000845810,0.001099116,-0.002272649,,0,
1786043610848796233,1786043610.846202771,/novatel/oem7/odom,/novatel/oem7/fix,/novatel/oem7/odom,39.663,-75.756,-1.800074985,0.001390383,-0.002270511,0.001064376,-0.000894577,-0.002270511,,,
1786043610857599795,1786043610.856595099,/novatel/oem7/odom,/novatel/oem7/fix,/novatel/oem7/odom,39.663,-75.756,-1.800074985,0.001390383,-0.002270511,0.001064376,-0.000894577,-0.002270511,,,
1786043610866849402,1786043610.866183685,/novatel/oem7/inspva,/novatel/oem7/inspva,/novatel/oem7/inspva,39.663,-75.756,-1.800090121,0.002841582,-0.002335446,-0.002006166,0.002012433,-0.002335446,,novatel_oem7_msgs.msg.InertialSolutionStatus(status=3),
1786043610868276689,1786043610.866343487,/novatel/oem7/fix,/novatel/oem7/fix,/novatel/oem7/inspva,39.663,-75.756,-1.800090121,0.002841582,-0.002335446,-0.002006166,0.002012433,-0.002335446,,0,
1786043610869353973,1786043610.866801638,/novatel/oem7/odom,/novatel/oem7/fix,/novatel/oem7/odom,39.663,-75.756,-1.800090121,0.002843746,-0.002332810,0.001918355,-0.002099239,-0.002332810,,,
1786043610875193013,1786043610.874532500,/novatel/oem7/odom,/novatel/oem7/fix,/novatel/oem7/odom,39.663,-75.756,-1.800090121,0.002843746,-0.002332810,0.001918355,-0.002099239,-0.002332810,,,
1786043610885921591,1786043610.885339429,/novatel/oem7/inspva,/novatel/oem7/inspva,/novatel/oem7/inspva,39.663,-75.756,-1.800081490,0.004517200,0.000612884,-0.003135871,0.003251370,0.000612884,,novatel_oem7_msgs.msg.InertialSolutionStatus(status=3),
1786043610887288418,1786043610.885520760,/novatel/oem7/fix,/novatel/oem7/fix,/novatel/oem7/inspva,39.663,-75.756,-1.800081490,0.004517200,0.000612884,-0.003135871,0.003251370,0.000612884,,0,
1786043610888340865,1786043610.886129583,/novatel/oem7/odom,/novatel/oem7/fix,/novatel/oem7/odom,39.663,-75.756,-1.800081490,0.004516593,0.000617340,0.003086914,-0.003297055,0.000617340,,,
1786043610895873805,1786043610.895469558,/novatel/oem7/odom,/novatel/oem7/fix,/novatel/oem7/odom,39.663,-75.756,-1.800081490,0.004516593,0.000617340,0.003086914,-0.003297055,0.000617340,,,
1786043610906564349,1786043610.905981863,/novatel/oem7/inspva,/novatel/oem7/inspva,/novatel/oem7/inspva,39.663,-75.756,-1.800092339,0.003516713,0.001361945,-0.002476175,0.002497164,0.001361945,,novatel_oem7_msgs.msg.InertialSolutionStatus(status=3),
1786043610907926156,1786043610.906157175,/novatel/oem7/fix,/novatel/oem7/fix,/novatel/oem7/inspva,39.663,-75.756,-1.800092339,0.003516713,0.001361945,-0.002476175,0.002497164,0.001361945,,0,
1786043610908995416,1786043610.906650546,/novatel/oem7/odom,/novatel/oem7/fix,/novatel/oem7/odom,39.663,-75.756,-1.800092339,0.003515427,0.001365263,0.002363802,-0.002602050,0.001365263,,,
1786043610910471124,1786043610.909579765,/novatel/oem7/bestpos,/novatel/oem7/bestpos,/novatel/oem7/odom,39.663,-75.756,33.182248078,0.003515427,0.001365263,0.002363802,-0.002602050,0.001365263,,novatel_oem7_msgs.msg.SolutionStatus(status=0),novatel_oem7_msgs.msg.PositionOrVelocityType(type=53)
1786043610911894177,1786043610.910175438,/novatel/oem7/bestvel,/novatel/oem7/bestpos,/novatel/oem7/bestvel,39.663,-75.756,33.182248078,0.003858250,0.001342167,,,,134.090747381,novatel_oem7_msgs.msg.SolutionStatus(status=0),novatel_oem7_msgs.msg.PositionOrVelocityType(type=53)
1786043610915152466,1786043610.914500180,/novatel/oem7/odom,/novatel/oem7/bestpos,/novatel/oem7/odom,39.663,-75.756,33.182248078,0.003515427,0.001365263,0.002363802,-0.002602050,0.001365263,,,
1786043610927123719,1786043610.926568847,/novatel/oem7/inspva,/novatel/oem7/inspva,/novatel/oem7/inspva,39.663,-75.756,-1.800120837,0.001170636,-0.001363282,-0.000619932,0.000993012,-0.001363282,,novatel_oem7_msgs.msg.InertialSolutionStatus(status=3),
1786043610928515146,1786043610.926749765,/novatel/oem7/fix,/novatel/oem7/fix,/novatel/oem7/inspva,39.663,-75.756,-1.800120837,0.001170636,-0.001363282,-0.000619932,0.000993012,-0.001363282,,0,
1786043610929587900,1786043610.927166343,/novatel/oem7/odom,/novatel/oem7/fix,/novatel/oem7/odom,39.663,-75.756,-1.800120837,0.001173323,-0.001360970,0.000966084,-0.000665859,-0.001360970,,,
1786043610935569405,1786043610.934928234,/novatel/oem7/odom,/novatel/oem7/fix,/novatel/oem7/odom,39.663,-75.756,-1.800120837,0.001173323,-0.001360970,0.000966084,-0.000665859,-0.001360970,,,
1786043610945694880,1786043610.945077911,/novatel/oem7/inspva,/novatel/oem7/inspva,/novatel/oem7/inspva,39.663,-75.756,-1.800135887,0.002712064,-0.001963396,-0.001690498,0.002120733,-0.001963396,,novatel_oem7_msgs.msg.InertialSolutionStatus(status=3),
1786043610947054367,1786043610.945226049,/novatel/oem7/fix,/novatel/oem7/fix,/novatel/oem7/inspva,39.663,-75.756,-1.800135887,0.002712064,-0.001963396,-0.001690498,0.002120733,-0.001963396,,0,
1786043610948152057,1786043610.945537715,/novatel/oem7/odom,/novatel/oem7/fix,/novatel/oem7/odom,39.663,-75.756,-1.800135887,0.002714905,-0.001959466,0.002040913,-0.001790359,-0.001959466,,,
1786043610956552552,1786043610.955878423,/novatel/oem7/odom,/novatel/oem7/fix,/novatel/oem7/odom,39.663,-75.756,-1.800135887,0.002714905,-0.001959466,0.002040913,-0.001790359,-0.001959466,,,
1786043610965939037,1786043610.965309381,/novatel/oem7/inspva,/novatel/oem7/inspva,/novatel/oem7/inspva,39.663,-75.756,-1.800142728,0.005811946,-0.000696628,-0.003712417,0.004471764,-0.000696628,,novatel_oem7_msgs.msg.InertialSolutionStatus(status=3),
1786043610968574193,1786043610.965502043,/novatel/oem7/fix,/novatel/oem7/fix,/novatel/oem7/inspva,39.663,-75.756,-1.800142728,0.005811946,-0.000696628,-0.003712417,0.004471764,-0.000696628,,0,
1786043610969767641,1786043610.966096055,/novatel/oem7/odom,/novatel/oem7/fix,/novatel/oem7/odom,39.663,-75.756,-1.800142728,0.005812854,-0.000689006,0.004282061,-0.003931060,-0.000689006,,,
1786043610975583788,1786043610.974917393,/novatel/oem7/odom,/novatel/oem7/fix,/novatel/oem7/odom,39.663,-75.756,-1.800142728,0.005812854,-0.000689006,0.004282061,-0.003931060,-0.000689006,,,
1786043610986728116,1786043610.986106090,/novatel/oem7/inspva,/novatel/oem7/inspva,/novatel/oem7/inspva,39.663,-75.756,-1.800142485,0.005165181,0.000787865,-0.003657720,0.003646941,0.000787865,,novatel_oem7_msgs.msg.InertialSolutionStatus(status=3),
1786043610988126487,1786043610.986267739,/novatel/oem7/fix,/novatel/oem7/fix,/novatel/oem7/inspva,39.663,-75.756,-1.800142485,0.005165181,0.000787865,-0.003657720,0.003646941,0.000787865,,0,
1786043610989191220,1786043610.986680519,/novatel/oem7/odom,/novatel/oem7/fix,/novatel/oem7/odom,39.663,-75.756,-1.800142485,0.005164469,0.000792518,0.003454994,-0.003838588,0.000792518,,,
1786043610995026844,1786043610.994358996,/novatel/oem7/odom,/novatel/oem7/fix,/novatel/oem7/odom,39.663,-75.756,-1.800142485,0.005164469,0.000792518,0.003454994,-0.003838588,0.000792518,,,
1786043611010833398,1786043611.010254825,/novatel/oem7/inspva,/novatel/oem7/inspva,/novatel/oem7/inspva,39.663,-75.756,-1.800159414,0.001920486,0.000060608,-0.001153646,0.001535372,0.000060608,,novatel_oem7_msgs.msg.InertialSolutionStatus(status=3),
1786043611012294562,1786043611.010416434,/novatel/oem7/fix,/novatel/oem7/fix,/novatel/oem7/inspva,39.663,-75.756,-1.800159414,0.001920486,0.000060608,-0.001153646,0.001535372,0.000060608,,0,
1786043611013346292,1786043611.011584321,/novatel/oem7/odom,/novatel/oem7/fix,/novatel/oem7/odom,39.663,-75.756,-1.800159414,0.001920387,0.000063650,0.001475116,-0.001229602,0.000063650,,,
1786043611016537803,1786043611.015861573,/novatel/oem7/odom,/novatel/oem7/fix,/novatel/oem7/odom,39.663,-75.756,-1.800159414,0.001920387,0.000063650,0.001475116,-0.001229602,0.000063650,,,
1786043611027611831,1786043611.026954728,/novatel/oem7/bestpos,/novatel/oem7/bestpos,/novatel/oem7/odom,39.663,-75.756,33.182177220,0.001920387,0.000063650,0.001475116,-0.001229602,0.000063650,,novatel_oem7_msgs.msg.SolutionStatus(status=0),novatel_oem7_msgs.msg.PositionOrVelocityType(type=53)
1786043611029159973,1786043611.027358322,/novatel/oem7/bestvel,/novatel/oem7/bestpos,/novatel/oem7/bestvel,39.663,-75.756,33.182177220,0.003302881,-0.000616832,,,,113.397148754,novatel_oem7_msgs.msg.SolutionStatus(status=0),novatel_oem7_msgs.msg.PositionOrVelocityType(type=53)
1786043611030070188,1786043611.027853120,/novatel/oem7/inspva,/novatel/oem7/inspva,/novatel/oem7/inspva,39.663,-75.756,-1.800178111,0.002827675,-0.001013383,-0.001885725,0.002107081,-0.001013383,,novatel_oem7_msgs.msg.InertialSolutionStatus(status=3),
1786043611030939587,1786043611.028027712,/novatel/oem7/fix,/novatel/oem7/fix,/novatel/oem7/inspva,39.663,-75.756,-1.800178111,0.002827675,-0.001013383,-0.001885725,0.002107081,-0.001013383,,0,
1786043611031958617,1786043611.028351269,/novatel/oem7/odom,/novatel/oem7/fix,/novatel/oem7/odom,39.663,-75.756,-1.800178111,0.002828869,-0.001010045,0.002013615,-0.001986921,-0.001010045,,,
1786043611035515801,1786043611.034840772,/novatel/oem7/odom,/novatel/oem7/fix,/novatel/oem7/odom,39.663,-75.756,-1.800178111,0.002828869,-0.001010045,0.002013615,-0.001986921,-0.001010045,,,
1786043611047385544,1786043611.046812960,/novatel/oem7/inspva,/novatel/oem7/inspva,/novatel/oem7/inspva,39.663,-75.756,-1.800190345,0.005493260,-0.000916353,-0.003537763,0.004202398,-0.000916353,,novatel_oem7_msgs.msg.InertialSolutionStatus(status=3),
1786043611048794544,1786043611.046884886,/novatel/oem7/fix,/novatel/oem7/fix,/novatel/oem7/inspva,39.663,-75.756,-1.800190345,0.005493260,-0.000916353,-0.003537763,0.004202398,-0.000916353,,0,
1786043611049865781,1786043611.047286365,/novatel/oem7/odom,/novatel/oem7/fix,/novatel/oem7/odom,39.663,-75.756,-1.800190345,0.005494442,-0.000909244,0.004022695,-0.003742568,-0.000909244,,,
1786043611057233006,1786043611.056536956,/novatel/oem7/odom,/novatel/oem7/fix,/novatel/oem7/odom,39.663,-75.756,-1.800190345,0.005494442,-0.000909244,0.004022695,-0.003742568,-0.000909244,,,
1786043611065767083,1786043611.065150980,/novatel/oem7/inspva,/novatel/oem7/inspva,/novatel/oem7/inspva,39.663,-75.756,-1.800191506,0.005103572,-0.000038855,-0.003639566,0.003577710,-0.000038855,,novatel_oem7_msgs.msg.InertialSolutionStatus(status=3),
1786043611067146746,1786043611.065337212,/novatel/oem7/fix,/novatel/oem7/fix,/novatel/oem7/inspva,39.663,-75.756,-1.800191506,0.005103572,-0.000038855,-0.003639566,0.003577710,-0.000038855,,0,
1786043611068297884,1786043611.065833800,/novatel/oem7/odom,/novatel/oem7/fix,/novatel/oem7/odom,39.663,-75.756,-1.800191506,0.005103604,-0.000034414,0.003390129,-0.003814944,-0.000034414,,,
1786043611076347789,1786043611.075685146,/novatel/oem7/odom,/novatel/oem7/fix,/novatel/oem7/odom,39.663,-75.756,-1.800191506,0.005103604,-0.000034414,0.003390129,-0.003814944,-0.000034414,,,
1786043611085962413,1786043611.085449448,/novatel/oem7/inspva,/novatel/oem7/inspva,/novatel/oem7/inspva,39.663,-75.756,-1.800190747,0.003354716,0.001299120,-0.002187478,0.002543435,0.001299120,,novatel_oem7_msgs.msg.InertialSolutionStatus(status=3),
1786043611087361213,1786043611.085606872,/novatel/oem7/fix,/novatel/oem7/fix,/novatel/oem7/inspva,39.663,-75.756,-1.800190747,0.003354716,0.001299120,-0.002187478,0.002543435,0.001299120,,0,
1786043611088451227,1786043611.086390064,/novatel/oem7/odom,/novatel/oem7/fix,/novatel/oem7/odom,39.663,-75.756,-1.800190747,0.003353056,0.001303399,0.002424818,-0.002315867,0.001303399,,,
1786043611095957793,1786043611.095249893,/novatel/oem7/odom,/novatel/oem7/fix,/novatel/oem7/odom,39.663,-75.756,-1.800190747,0.003353056,0.001303399,0.002424818,-0.002315867,0.001303399,,,
1786043611106572084,1786043611.106031131,/novatel/oem7/inspva,/novatel/oem7/inspva,/novatel/oem7/inspva,39.663,-75.756,-1.800210377,0.003165812,0.000145974,-0.001941929,0.002500255,0.000145974,,novatel_oem7_msgs.msg.InertialSolutionStatus(status=3),
1786043611107912734,1786043611.106195787,/novatel/oem7/fix,/novatel/oem7/fix,/novatel/oem7/inspva,39.663,-75.756,-1.800210377,0.003165812,0.000145974,-0.001941929,0.002500255,0.000145974,,0,
1786043611108983320,1786043611.106671295,/novatel/oem7/odom,/novatel/oem7/fix,/novatel/oem7/odom,39.663,-75.756,-1.800210377,0.003165590,0.000150706,0.002398774,-0.002065635,0.000150706,,,
1786043611110693011,1786043611.109584350,/novatel/oem7/bestpos,/novatel/oem7/bestpos,/novatel/oem7/odom,39.663,-75.756,33.182085980,0.003165590,0.000150706,0.002398774,-0.002065635,0.000150706,,novatel_oem7_msgs.msg.SolutionStatus(status=0),novatel_oem7_msgs.msg.PositionOrVelocityType(type=53)
1786043611112149028,1786043611.110357037,/novatel/oem7/bestvel,/novatel/oem7/bestpos,/novatel/oem7/bestvel,39.663,-75.756,33.182085980,0.003889122,-0.000757167,,,,110.938312871,novatel_oem7_msgs.msg.SolutionStatus(status=0),novatel_oem7_msgs.msg.PositionOrVelocityType(type=53)
1786043611115411583,1786043611.114693168,/novatel/oem7/odom,/novatel/oem7/bestpos,/novatel/oem7/odom,39.663,-75.756,33.182085980,0.003165590,0.000150706,0.002398774,-0.002065635,0.000150706,,,
1786043611125882322,1786043611.125331053,/novatel/oem7/inspva,/novatel/oem7/inspva,/novatel/oem7/inspva,39.663,-75.756,-1.800231248,0.003821581,-0.001839085,-0.002545840,0.002850119,-0.001839085,,novatel_oem7_msgs.msg.InertialSolutionStatus(status=3),
1786043611126539351,1786043611.125501531,/novatel/oem7/fix,/novatel/oem7/fix,/novatel/oem7/inspva,39.663,-75.756,-1.800231248,0.003821581,-0.001839085,-0.002545840,0.002850119,-0.001839085,,0,
1786043611127316219,1786043611.126181971,/novatel/oem7/odom,/novatel/oem7/fix,/novatel/oem7/odom,39.663,-75.756,-1.800231248,0.003823716,-0.001834642,0.002725810,-0.002681560,-0.001834642,,,
1786043611136449182,1786043611.135672674,/novatel/oem7/odom,/novatel/oem7/fix,/novatel/oem7/odom,39.663,-75.756,-1.800231248,0.003823716,-0.001834642,0.002725810,-0.002681560,-0.001834642,,,
1786043611145862506,1786043611.145187030,/novatel/oem7/inspva,/novatel/oem7/inspva,/novatel/oem7/inspva,39.663,-75.756,-1.800230272,0.003682762,-0.000721837,-0.002485408,0.002717625,-0.000721837,,novatel_oem7_msgs.msg.InertialSolutionStatus(status=3),
1786043611147246907,1786043611.145333721,/novatel/oem7/fix,/novatel/oem7/fix,/novatel/oem7/inspva,39.663,-75.756,-1.800230272,0.003682762,-0.000721837,-0.002485408,0.002717625,-0.000721837,,0,
1786043611148308207,1786043611.145795626,/novatel/oem7/odom,/novatel/oem7/fix,/novatel/oem7/odom,39.663,-75.756,-1.800230272,0.003683569,-0.000717706,0.002592043,-0.002617250,-0.000717706,,,
1786043611156551220,1786043611.155777801,/novatel/oem7/odom,/novatel/oem7/fix,/novatel/oem7/odom,39.663,-75.756,-1.800230272,0.003683569,-0.000717706,0.002592043,-0.002617250,-0.000717706,,,
1786043611166572098,1786043611.165841844,/novatel/oem7/inspva,/novatel/oem7/inspva,/novatel/oem7/inspva,39.663,-75.756,-1.800239977,0.004848244,0.000190046,-0.002726423,0.004009001,0.000190046,,novatel_oem7_msgs.msg.InertialSolutionStatus(status=3),
1786043611167939451,1786043611.165998886,/novatel/oem7/fix,/novatel/oem7/fix,/novatel/oem7/inspva,39.663,-75.756,-1.800239977,0.004848244,0.000190046,-0.002726423,0.004009001,0.000190046,,0,
1786043611168988915,1786043611.166353756,/novatel/oem7/odom,/novatel/oem7/fix,/novatel/oem7/odom,39.663,-75.756,-1.800239977,0.004847898,0.000198683,0.003865916,-0.002925202,0.000198683,,,
1786043611175973817,1786043611.175195375,/novatel/oem7/odom,/novatel/oem7/fix,/novatel/oem7/odom,39.663,-75.756,-1.800239977,0.004847898,0.000198683,0.003865916,-0.002925202,0.000198683,,,
1786043611185925143,1786043611.185195149,/novatel/oem7/inspva,/novatel/oem7/inspva,/novatel/oem7/inspva,39.663,-75.756,-1.800259010,0.004043559,0.000346880,-0.002040989,0.003490663,0.000346880,,novatel_oem7_msgs.msg.InertialSolutionStatus(status=3),
1786043611187301013,1786043611.185350544,/novatel/oem7/fix,/novatel/oem7/fix,/novatel/oem7/inspva,39.663,-75.756,-1.800259010,0.004043559,0.000346880,-0.002040989,0.003490663,0.000346880,,0,
1786043611188350787,1786043611.185719405,/novatel/oem7/odom,/novatel/oem7/fix,/novatel/oem7/odom,39.663,-75.756,-1.800259010,0.004042832,0.000355254,0.003382091,-0.002214938,0.000355254,,,
1786043611195929703,1786043611.195556015,/novatel/oem7/odom,/novatel/oem7/fix,/novatel/oem7/odom,39.663,-75.756,-1.800259010,0.004042832,0.000355254,0.003382091,-0.002214938,0.000355254,,,
1786043611207934764,1786043611.207240644,/novatel/oem7/inspva,/novatel/oem7/inspva,/novatel/oem7/inspva,39.663,-75.756,-1.800294472,0.002851489,-0.002133251,-0.001613452,0.002351119,-0.002133251,,novatel_oem7_msgs.msg.InertialSolutionStatus(status=3),
1786043611209349602,1786043611.207396053,/novatel/oem7/fix,/novatel/oem7/fix,/novatel/oem7/inspva,39.663,-75.756,-1.800294472,0.002851489,-0.002133251,-0.001613452,0.002351119,-0.002133251,,0,
1786043611210463812,1786043611.207874297,/novatel/oem7/odom,/novatel/oem7/fix,/novatel/oem7/odom,39.663,-75.756,-1.800294472,0.002855203,-0.002128278,0.002275592,-0.001724490,-0.002128278,,,
1786043611212089975,1786043611.210318797,/novatel/oem7/bestpos,/novatel/oem7/bestpos,/novatel/oem7/odom,39.663,-75.756,33.182016492,0.002855203,-0.002128278,0.002275592,-0.001724490,-0.002128278,,novatel_oem7_msgs.msg.SolutionStatus(status=0),novatel_oem7_msgs.msg.PositionOrVelocityType(type=53)
1786043611213066061,1786043611.210660534,/novatel/oem7/bestvel,/novatel/oem7/bestpos,/novatel/oem7/bestvel,39.663,-75.756,33.182016492,0.002899962,-0.001658154,,,,136.696383445,novatel_oem7_msgs.msg.SolutionStatus(status=0),novatel_oem7_msgs.msg.PositionOrVelocityType(type=53)
1786043611215859531,1786043611.215059190,/novatel/oem7/odom,/novatel/oem7/bestpos,/novatel/oem7/odom,39.663,-75.756,33.182016492,0.002855203,-0.002128278,0.002275592,-0.001724490,-0.002128278,,,
1786043611226916063,1786043611.226116315,/novatel/oem7/inspva,/novatel/oem7/inspva,/novatel/oem7/inspva,39.663,-75.756,-1.800299508,0.003525824,-0.001843074,-0.001936059,0.002946712,-0.001843074,,novatel_oem7_msgs.msg.InertialSolutionStatus(status=3),
1786043611228297409,1786043611.226279340,/novatel/oem7/fix,/novatel/oem7/fix,/novatel/oem7/inspva,39.663,-75.756,-1.800299508,0.003525824,-0.001843074,-0.001936059,0.002946712,-0.001843074,,0,
1786043611229369743,1786043611.226689694,/novatel/oem7/odom,/novatel/oem7/fix,/novatel/oem7/odom,39.663,-75.756,-1.800299508,0.003529196,-0.001836610,0.002853008,-0.002077394,-0.001836610,,,
1786043611235549773,1786043611.234769282,/novatel/oem7/odom,/novatel/oem7/fix,/novatel/oem7/odom,39.663,-75.756,-1.800299508,0.003529196,-0.001836610,0.002853008,-0.002077394,-0.001836610,,,
1786043611245981452,1786043611.245234581,/novatel/oem7/inspva,/novatel/oem7/inspva,/novatel/oem7/inspva,39.663,-75.756,-1.800301130,0.005359568,0.000352496,-0.003217427,0.004286390,0.000352496,,novatel_oem7_msgs.msg.InertialSolutionStatus(status=3),
1786043611247402872,1786043611.245372736,/novatel/oem7/fix,/novatel/oem7/fix,/novatel/oem7/inspva,39.663,-75.756,-1.800301130,0.005359568,0.000352496,-0.003217427,0.004286390,0.000352496,,0,
1786043611248508343,1786043611.245731432,/novatel/oem7/odom,/novatel/oem7/fix,/novatel/oem7/odom,39.663,-75.756,-1.800301130,0.005359010,0.000360890,0.004117656,-0.003429853,0.000360890,,,
1786043611257310005,1786043611.256567732,/novatel/oem7/odom,/novatel/oem7/fix,/novatel/oem7/odom,39.663,-75.756,-1.800301130,0.005359010,0.000360890,0.004117656,-0.003429853,0.000360890,,,
1786043611265831838,1786043611.265115461,/novatel/oem7/inspva,/novatel/oem7/inspva,/novatel/oem7/inspva,39.663,-75.756,-1.800320697,0.005529890,0.000445095,-0.002448315,0.004958371,0.000445095,,novatel_oem7_msgs.msg.InertialSolutionStatus(status=3),
1786043611267308212,1786043611.265272663,/novatel/oem7/fix,/novatel/oem7/fix,/novatel/oem7/inspva,39.663,-75.756,-1.800320697,0.005529890,0.000445095,-0.002448315,0.004958371,0.000445095,,0,
1786043611268405183,1786043611.265732977,/novatel/oem7/odom,/novatel/oem7/fix,/novatel/oem7/odom,39.663,-75.756,-1.800320697,0.005528835,0.000458015,0.004827083,-0.002695791,0.000458015,,,
1786043611275240940,1786043611.274558919,/novatel/oem7/odom,/novatel/oem7/fix,/novatel/oem7/odom,39.663,-75.756,-1.800320697,0.005528835,0.000458015,0.004827083,-0.002695791,0.000458015,,,
1786043611287975491,1786043611.287549573,/novatel/oem7/inspva,/novatel/oem7/inspva,/novatel/oem7/inspva,39.663,-75.756,-1.800347836,0.003396620,-0.001447418,-0.001140082,0.003199569,-0.001447418,,novatel_oem7_msgs.msg.InertialSolutionStatus(status=3),
1786043611288558343,1786043611.287871647,/novatel/oem7/fix,/novatel/oem7/fix,/novatel/oem7/inspva,39.663,-75.756,-1.800347836,0.003396620,-0.001447418,-0.001140082,0.003199569,-0.001447418,,0,
1786043611289005045,1786043611.288153226,/novatel/oem7/odom,/novatel/oem7/fix,/novatel/oem7/odom,39.663,-75.756,-1.800347836,0.003400701,-0.001437804,0.003144034,-0.001296078,-0.001437804,,,
1786043611295905855,1786043611.295267414,/novatel/oem7/odom,/novatel/oem7/fix,/novatel/oem7/odom,39.663,-75.756,-1.800347836,0.003400701,-0.001437804,0.003144034,-0.001296078,-0.001437804,,,
1786043611306548792,1786043611.305940216,/novatel/oem7/inspva,/novatel/oem7/inspva,/novatel/oem7/inspva,39.663,-75.756,-1.800354405,0.003050717,-0.001864423,-0.001010973,0.002878334,-0.001864423,,novatel_oem7_msgs.msg.InertialSolutionStatus(status=3),
1786043611307855421,1786043611.306147635,/novatel/oem7/fix,/novatel/oem7/fix,/novatel/oem7/inspva,39.663,-75.756,-1.800354405,0.003050717,-0.001864423,-0.001010973,0.002878334,-0.001864423,,0,
1786043611308993028,1786043611.306572605,/novatel/oem7/odom,/novatel/oem7/fix,/novatel/oem7/odom,39.663,-75.756,-1.800354405,0.003055978,-0.001855787,0.002831357,-0.001149966,-0.001855787,,,
1786043611310480007,1786043611.309604371,/novatel/oem7/bestpos,/novatel/oem7/bestpos,/novatel/oem7/odom,39.663,-75.756,33.181970234,0.003055978,-0.001855787,0.002831357,-0.001149966,-0.001855787,,novatel_oem7_msgs.msg.SolutionStatus(status=0),novatel_oem7_msgs.msg.PositionOrVelocityType(type=53)
1786043611311888064,1786043611.310218484,/novatel/oem7/bestvel,/novatel/oem7/bestpos,/novatel/oem7/bestvel,39.663,-75.756,33.181970234,0.003061185,-0.000776694,,,,136.212223776,novatel_oem7_msgs.msg.SolutionStatus(status=0),novatel_oem7_msgs.msg.PositionOrVelocityType(type=53)
1786043611316289980,1786043611.315639010,/novatel/oem7/odom,/novatel/oem7/bestpos,/novatel/oem7/odom,39.663,-75.756,33.181970234,0.003055978,-0.001855787,0.002831357,-0.001149966,-0.001855787,,,
1786043611326134412,1786043611.325614860,/novatel/oem7/inspva,/novatel/oem7/inspva,/novatel/oem7/inspva,39.663,-75.756,-1.800350355,0.006297079,0.000204074,-0.003202258,0.005422061,0.000204074,,novatel_oem7_msgs.msg.InertialSolutionStatus(status=3),
1786043611327551669,1786043611.325772776,/novatel/oem7/fix,/novatel/oem7/fix,/novatel/oem7/inspva,39.663,-75.756,-1.800350355,0.006297079,0.000204074,-0.003202258,0.005422061,0.000204074,,0,
1786043611328601356,1786043611.326536287,/novatel/oem7/odom,/novatel/oem7/fix,/novatel/oem7/odom,39.663,-75.756,-1.800350355,0.006296654,0.000216780,0.005253243,-0.003471497,0.000216780,,,
1786043611335533837,1786043611.334820747,/novatel/oem7/odom,/novatel/oem7/fix,/novatel/oem7/odom,39.663,-75.756,-1.800350355,0.006296654,0.000216780,0.005253243,-0.003471497,0.000216780,,,
1786043611347458253,1786043611.346193531,/novatel/oem7/inspva,/novatel/oem7/inspva,/novatel/oem7/inspva,39.663,-75.756,-1.800366157,0.005992336,0.000336547,-0.002627419,0.005385607,0.000336547,,novatel_oem7_msgs.msg.InertialSolutionStatus(status=3),
1786043611348844184,1786043611.346470210,/novatel/oem7/fix,/novatel/oem7/fix,/novatel/oem7/inspva,39.663,-75.756,-1.800366157,0.005992336,0.000336547,-0.002627419,0.005385607,0.000336547,,0,
1786043611349965498,1786043611.347168577,/novatel/oem7/odom,/novatel/oem7/fix,/novatel/oem7/odom,39.663,-75.756,-1.800366157,0.006296646,0.000217012,0.005253248,-0.003471475,0.000217012,,,
1786043611356652376,1786043611.355902209,/novatel/oem7/odom,/novatel/oem7/fix,/novatel/oem7/odom,39.663,-75.756,-1.800366157,0.005991514,0.000350871,0.005245212,-0.002895858,0.000350871,,,
1786043611365803839,1786043611.365236980,/novatel/oem7/inspva,/novatel/oem7/inspva,/novatel/oem7/inspva,39.663,-75.756,-1.800390093,0.003784199,-0.001168985,-0.000502888,0.003750635,-0.001168985,,novatel_oem7_msgs.msg.InertialSolutionStatus(status=3),
1786043611367209022,1786043611.365432902,/novatel/oem7/fix,/novatel/oem7/fix,/novatel/oem7/inspva,39.663,-75.756,-1.800390093,0.003784199,-0.001168985,-0.000502888,0.003750635,-0.001168985,,0,
1786043611368328470,1786043611.365966613,/novatel/oem7/odom,/novatel/oem7/fix,/novatel/oem7/odom,39.663,-75.756,-1.800390093,0.003788326,-0.001155542,0.003725316,-0.000688062,-0.001155542,,,
1786043611376204803,1786043611.375529560,/novatel/oem7/odom,/novatel/oem7/fix,/novatel/oem7/odom,39.663,-75.756,-1.800390093,0.003788326,-0.001155542,0.003725316,-0.000688062,-0.001155542,,,
1786043611385619639,1786043611.385067497,/novatel/oem7/inspva,/novatel/oem7/inspva,/novatel/oem7/inspva,39.663,-75.756,-1.800405626,0.003704737,-0.001825333,-0.000757228,0.003626525,-0.001825333,,novatel_oem7_msgs.msg.InertialSolutionStatus(status=3),
1786043611386945105,1786043611.385241778,/novatel/oem7/fix,/novatel/oem7/fix,/novatel/oem7/inspva,39.663,-75.756,-1.800405626,0.003704737,-0.001825333,-0.000757228,0.003626525,-0.001825333,,0,
1786043611388002382,1786043611.385683141,/novatel/oem7/odom,/novatel/oem7/fix,/novatel/oem7/odom,39.663,-75.756,-1.800405626,0.003710790,-0.001812996,0.003591274,-0.000934191,-0.001812996,,,
1786043611395204648,1786043611.394495181,/novatel/oem7/odom,/novatel/oem7/fix,/novatel/oem7/odom,39.663,-75.756,-1.800405626,0.003710790,-0.001812996,0.003591274,-0.000934191,-0.001812996,,,
1786043611407134391,1786043611.406576076,/novatel/oem7/inspva,/novatel/oem7/inspva,/novatel/oem7/inspva,39.663,-75.756,-1.800420573,0.005268149,-0.001417667,-0.002782424,0.004473423,-0.001417667,,novatel_oem7_msgs.msg.InertialSolutionStatus(status=3),
1786043611408498741,1786043611.406744334,/novatel/oem7/fix,/novatel/oem7/fix,/novatel/oem7/inspva,39.663,-75.756,-1.800420573,0.005268149,-0.001417667,-0.002782424,0.004473423,-0.001417667,,0,
1786043611409564968,1786043611.407215680,/novatel/oem7/odom,/novatel/oem7/fix,/novatel/oem7/odom,39.663,-75.756,-1.800420573,0.005270887,-0.001407453,0.004333590,-0.003000375,-0.001407453,,,
1786043611412132260,1786043611.411468877,/novatel/oem7/bestpos,/novatel/oem7/bestpos,/novatel/oem7/odom,39.663,-75.756,33.181889034,0.005270887,-0.001407453,0.004333590,-0.003000375,-0.001407453,,novatel_oem7_msgs.msg.SolutionStatus(status=0),novatel_oem7_msgs.msg.PositionOrVelocityType(type=53)
1786043611413624672,1786043611.411657649,/novatel/oem7/bestvel,/novatel/oem7/bestpos,/novatel/oem7/bestvel,39.663,-75.756,33.181889034,0.004498194,-0.000911396,,,,128.594212097,novatel_oem7_msgs.msg.SolutionStatus(status=0),novatel_oem7_msgs.msg.PositionOrVelocityType(type=53)
1786043611415667181,1786043611.414956341,/novatel/oem7/odom,/novatel/oem7/bestpos,/novatel/oem7/odom,39.663,-75.756,33.181889034,0.005270887,-0.001407453,0.004333590,-0.003000375,-0.001407453,,,
1786043611425565458,1786043611.424982278,/novatel/oem7/inspva,/novatel/oem7/inspva,/novatel/oem7/inspva,39.663,-75.756,-1.800439551,0.005975535,-0.000543538,-0.002556755,0.005400928,-0.000543538,,novatel_oem7_msgs.msg.InertialSolutionStatus(status=3),
1786043611426898854,1786043611.425062575,/novatel/oem7/fix,/novatel/oem7/fix,/novatel/oem7/inspva,39.663,-75.756,-1.800439551,0.005975535,-0.000543538,-0.002556755,0.005400928,-0.000543538,,0,
1786043611427992501,1786043611.425575054,/novatel/oem7/odom,/novatel/oem7/fix,/novatel/oem7/odom,39.663,-75.756,-1.800439551,0.005976827,-0.000529142,0.005267706,-0.002823780,-0.000529142,,,
1786043611436190397,1786043611.435502588,/novatel/oem7/odom,/novatel/oem7/fix,/novatel/oem7/odom,39.663,-75.756,-1.800439551,0.005976827,-0.000529142,0.005267706,-0.002823780,-0.000529142,,,
1786043611445835148,1786043611.445269770,/novatel/oem7/inspva,/novatel/oem7/inspva,/novatel/oem7/inspva,39.663,-75.756,-1.800464585,0.003972226,-0.000621287,-0.000754686,0.003899875,-0.000621287,,novatel_oem7_msgs.msg.InertialSolutionStatus(status=3),
1786043611447289839,1786043611.445413631,/novatel/oem7/fix,/novatel/oem7/fix,/novatel/oem7/inspva,39.663,-75.756,-1.800464585,0.003972226,-0.000621287,-0.000754686,0.003899875,-0.000621287,,0,
1786043611448369016,1786043611.446066099,/novatel/oem7/odom,/novatel/oem7/fix,/novatel/oem7/odom,39.663,-75.756,-1.800464585,0.003974309,-0.000607815,0.003859511,-0.000948320,-0.000607815,,,
1786043611457248683,1786043611.456557396,/novatel/oem7/odom,/novatel/oem7/fix,/novatel/oem7/odom,39.663,-75.756,-1.800464585,0.003974309,-0.000607815,0.003859511,-0.000948320,-0.000607815,,,
1786043611466727579,1786043611.466083926,/novatel/oem7/inspva,/novatel/oem7/inspva,/novatel/oem7/inspva,39.663,-75.756,-1.800488403,0.003594086,-0.001429522,-0.000433537,0.003567843,-0.001429522,,novatel_oem7_msgs.msg.InertialSolutionStatus(status=3),
1786043611468076442,1786043611.466233674,/novatel/oem7/fix,/novatel/oem7/fix,/novatel/oem7/inspva,39.663,-75.756,-1.800488403,0.003594086,-0.001429522,-0.000433537,0.003567843,-0.001429522,,0,
1786043611469192589,1786043611.466880526,/novatel/oem7/odom,/novatel/oem7/fix,/novatel/oem7/odom,39.663,-75.756,-1.800488403,0.003599173,-0.001416665,0.003547298,-0.000608875,-0.001416665,,,
1786043611475516754,1786043611.474816511,/novatel/oem7/odom,/novatel/oem7/fix,/novatel/oem7/odom,39.663,-75.756,-1.800488403,0.003599173,-0.001416665,0.003547298,-0.000608875,-0.001416665,,,
1786043611485871035,1786043611.485331280,/novatel/oem7/inspva,/novatel/oem7/inspva,/novatel/oem7/inspva,39.663,-75.756,-1.800522850,0.005430930,-0.002700303,-0.002274774,0.004931572,-0.002700303,,novatel_oem7_msgs.msg.InertialSolutionStatus(status=3),
1786043611487276899,1786043611.485481338,/novatel/oem7/fix,/novatel/oem7/fix,/novatel/oem7/inspva,39.663,-75.756,-1.800522850,0.005430930,-0.002700303,-0.002274774,0.004931572,-0.002700303,,0,
1786043611488303005,1786043611.486088412,/novatel/oem7/odom,/novatel/oem7/fix,/novatel/oem7/odom,39.663,-75.756,-1.800522850,0.005437486,-0.002687076,0.004821836,-0.002513195,-0.002687076,,,
1786043611495849859,1786043611.495467009,/novatel/oem7/odom,/novatel/oem7/fix,/novatel/oem7/odom,39.663,-75.756,-1.800522850,0.005437486,-0.002687076,0.004821836,-0.002513195,-0.002687076,,,
1786043611507157476,1786043611.506315597,/novatel/oem7/inspva,/novatel/oem7/inspva,/novatel/oem7/inspva,39.663,-75.756,-1.800532848,0.005291467,-0.001363585,-0.002560798,0.004630544,-0.001363585,,novatel_oem7_msgs.msg.InertialSolutionStatus(status=3),
1786043611508555102,1786043611.506577883,/novatel/oem7/fix,/novatel/oem7/fix,/novatel/oem7/inspva,39.663,-75.756,-1.800532848,0.005291467,-0.001363585,-0.002560798,0.004630544,-0.001363585,,0,
1786043611509601783,1786043611.506946684,/novatel/oem7/odom,/novatel/oem7/fix,/novatel/oem7/odom,39.663,-75.756,-1.800532848,0.005294349,-0.001352354,0.004501443,-0.002786959,-0.001352354,,,
1786043611513016490,1786043611.512400984,/novatel/oem7/bestpos,/novatel/oem7/bestpos,/novatel/oem7/odom,39.663,-75.756,33.181781977,0.005294349,-0.001352354,0.004501443,-0.002786959,-0.001352354,,novatel_oem7_msgs.msg.SolutionStatus(status=0),novatel_oem7_msgs.msg.PositionOrVelocityType(type=53)
1786043611514406243,1786043611.512876561,/novatel/oem7/bestvel,/novatel/oem7/bestpos,/novatel/oem7/bestvel,39.663,-75.756,33.181781977,0.004256161,-0.000806751,,,,125.661566349,novatel_oem7_msgs.msg.SolutionStatus(status=0),novatel_oem7_msgs.msg.PositionOrVelocityType(type=53)
1786043611515982339,1786043611.514528268,/novatel/oem7/odom,/novatel/oem7/bestpos,/novatel/oem7/odom,39.663,-75.756,33.181781977,0.005294349,-0.001352354,0.004501443,-0.002786959,-0.001352354,,,
1786043611527188571,1786043611.526662186,/novatel/oem7/inspva,/novatel/oem7/inspva,/novatel/oem7/inspva,39.663,-75.756,-1.800536880,0.004330786,0.000979963,-0.000821328,0.004252191,0.000979963,,novatel_oem7_msgs.msg.InertialSolutionStatus(status=3),
1786043611528524834,1786043611.526829014,/novatel/oem7/fix,/novatel/oem7/fix,/novatel/oem7/inspva,39.663,-75.756,-1.800536880,0.004330786,0.000979963,-0.000821328,0.004252191,0.000979963,,0,
1786043611529567584,1786043611.527673402,/novatel/oem7/odom,/novatel/oem7/fix,/novatel/oem7/odom,39.663,-75.756,-1.800536880,0.004327474,0.000994489,0.004201511,-0.001036502,0.000994489,,,
1786043611535752217,1786043611.535027840,/novatel/oem7/odom,/novatel/oem7/fix,/novatel/oem7/odom,39.663,-75.756,-1.800536880,0.004327474,0.000994489,0.004201511,-0.001036502,0.000994489,,,
1786043611545649921,1786043611.545008568,/novatel/oem7/inspva,/novatel/oem7/inspva,/novatel/oem7/inspva,39.663,-75.756,-1.800563850,0.003839430,-0.000356179,-0.000477308,0.003809646,-0.000356179,,novatel_oem7_msgs.msg.InertialSolutionStatus(status=3),
1786043611547048704,1786043611.545207956,/novatel/oem7/fix,/novatel/oem7/fix,/novatel/oem7/inspva,39.663,-75.756,-1.800563850,0.003839430,-0.000356179,-0.000477308,0.003809646,-0.000356179,,0,
1786043611548153382,1786043611.545627060,/novatel/oem7/odom,/novatel/oem7/fix,/novatel/oem7/odom,39.663,-75.756,-1.800563850,0.003840685,-0.000342380,0.003782270,-0.000667306,-0.000342380,,,
1786043611556393765,1786043611.555712402,/novatel/oem7/odom,/novatel/oem7/fix,/novatel/oem7/odom,39.663,-75.756,-1.800563850,0.003840685,-0.000342380,0.003782270,-0.000667306,-0.000342380,,,
1786043611565894168,1786043611.565339849,/novatel/oem7/inspva,/novatel/oem7/inspva,/novatel/oem7/inspva,39.663,-75.756,-1.800603033,0.004573219,-0.002995532,-0.001474483,0.004328999,-0.002995532,,novatel_oem7_msgs.msg.InertialSolutionStatus(status=3),
1786043611567318322,1786043611.565525927,/novatel/oem7/fix,/novatel/oem7/fix,/novatel/oem7/inspva,39.663,-75.756,-1.800603033,0.004573219,-0.002995532,-0.001474483,0.004328999,-0.002995532,,0,
1786043611568414959,1786043611.566254921,/novatel/oem7/odom,/novatel/oem7/fix,/novatel/oem7/odom,39.663,-75.756,-1.800603033,0.004581686,-0.002982565,0.004261474,-0.001682762,-0.002982565,,,
1786043611575247368,1786043611.574910439,/novatel/oem7/odom,/novatel/oem7/fix,/novatel/oem7/odom,39.663,-75.756,-1.800603033,0.004581686,-0.002982565,0.004261474,-0.001682762,-0.002982565,,,
1786043611586623727,1786043611.586023737,/novatel/oem7/inspva,/novatel/oem7/inspva,/novatel/oem7/inspva,39.663,-75.756,-1.800615869,0.005523230,-0.002051759,-0.001753851,0.005237372,-0.002051759,,novatel_oem7_msgs.msg.InertialSolutionStatus(status=3),
1786043611587992680,1786043611.586181362,/novatel/oem7/fix,/novatel/oem7/fix,/novatel/oem7/inspva,39.663,-75.756,-1.800615869,0.005523230,-0.002051759,-0.001753851,0.005237372,-0.002051759,,0,
1786043611589040683,1786043611.586654067,/novatel/oem7/odom,/novatel/oem7/fix,/novatel/oem7/odom,39.663,-75.756,-1.800615869,0.005529063,-0.002035986,0.005150863,-0.002009765,-0.002035986,,,
1786043611595363492,1786043611.594674991,/novatel/oem7/odom,/novatel/oem7/fix,/novatel/oem7/odom,39.663,-75.756,-1.800615869,0.005529063,-0.002035986,0.005150863,-0.002009765,-0.002035986,,,
1786043611607080342,1786043611.606474130,/novatel/oem7/inspva,/novatel/oem7/inspva,/novatel/oem7/inspva,39.663,-75.756,-1.800613575,0.004973968,0.001004553,-0.001567069,0.004720662,0.001004553,,novatel_oem7_msgs.msg.InertialSolutionStatus(status=3),
1786043611608848379,1786043611.606633918,/novatel/oem7/fix,/novatel/oem7/fix,/novatel/oem7/inspva,39.663,-75.756,-1.800613575,0.004973968,0.001004553,-0.001567069,0.004720662,0.001004553,,0,
1786043611609912577,1786043611.607225654,/novatel/oem7/odom,/novatel/oem7/fix,/novatel/oem7/odom,39.663,-75.756,-1.800613575,0.004971033,0.001018979,0.004631811,-0.001804852,0.001018979,,,
1786043611611415791,1786043611.610251977,/novatel/oem7/bestpos,/novatel/oem7/bestpos,/novatel/oem7/odom,39.663,-75.756,33.181683787,0.004971033,0.001018979,0.004631811,-0.001804852,0.001018979,,novatel_oem7_msgs.msg.SolutionStatus(status=0),novatel_oem7_msgs.msg.PositionOrVelocityType(type=53)
1786043611612362594,1786043611.610628904,/novatel/oem7/bestvel,/novatel/oem7/bestpos,/novatel/oem7/bestvel,39.663,-75.756,33.181683787,0.005644468,0.000592462,,,,105.376940436,novatel_oem7_msgs.msg.SolutionStatus(status=0),novatel_oem7_msgs.msg.PositionOrVelocityType(type=53)
1786043611616200601,1786043611.615527114,/novatel/oem7/odom,/novatel/oem7/bestpos,/novatel/oem7/odom,39.663,-75.756,33.181683787,0.004971033,0.001018979,0.004631811,-0.001804852,0.001018979,,,
1786043611625862212,1786043611.625280456,/novatel/oem7/inspva,/novatel/oem7/inspva,/novatel/oem7/inspva,39.663,-75.756,-1.800647447,0.004419794,-0.000298589,-0.000856588,0.004335993,-0.000298589,,novatel_oem7_msgs.msg.InertialSolutionStatus(status=3),
1786043611627223812,1786043611.625441931,/novatel/oem7/fix,/novatel/oem7/fix,/novatel/oem7/inspva,39.663,-75.756,-1.800647447,0.004419794,-0.000298589,-0.000856588,0.004335993,-0.000298589,,0,
1786043611628281096,1786043611.625932856,/novatel/oem7/odom,/novatel/oem7/fix,/novatel/oem7/odom,39.663,-75.756,-1.800647447,0.004420769,-0.000283784,0.004288651,-0.001072695,-0.000283784,,,
1786043611635188306,1786043611.634555270,/novatel/oem7/odom,/novatel/oem7/fix,/novatel/oem7/odom,39.663,-75.756,-1.800647447,0.004420769,-0.000283784,0.004288651,-0.001072695,-0.000283784,,,
1786043611647348041,1786043611.646819235,/novatel/oem7/inspva,/novatel/oem7/inspva,/novatel/oem7/inspva,39.663,-75.756,-1.800695070,0.003764437,-0.003007403,-0.000398981,0.003743234,-0.003007403,,novatel_oem7_msgs.msg.InertialSolutionStatus(status=3),
1786043611648747652,1786043611.646896819,/novatel/oem7/fix,/novatel/oem7/fix,/novatel/oem7/inspva,39.663,-75.756,-1.800695070,0.003764437,-0.003007403,-0.000398981,0.003743234,-0.003007403,,0,
1786043611649804922,1786043611.647306721,/novatel/oem7/odom,/novatel/oem7/fix,/novatel/oem7/odom,39.663,-75.756,-1.800695070,0.003775268,-0.002993794,0.003730577,-0.000579177,-0.002993794,,,
1786043611657232261,1786043611.656539998,/novatel/oem7/odom,/novatel/oem7/fix,/novatel/oem7/odom,39.663,-75.756,-1.800695070,0.003775268,-0.002993794,0.003730577,-0.000579177,-0.002993794,,,
1786043611665643983,1786043611.665090324,/novatel/oem7/inspva,/novatel/oem7/inspva,/novatel/oem7/inspva,39.663,-75.756,-1.800707633,0.004911207,-0.002111825,-0.001212185,0.004759261,-0.002111825,,novatel_oem7_msgs.msg.InertialSolutionStatus(status=3),
1786043611666971796,1786043611.665222505,/novatel/oem7/fix,/novatel/oem7/fix,/novatel/oem7/inspva,39.663,-75.756,-1.800707633,0.004911207,-0.002111825,-0.001212185,0.004759261,-0.002111825,,0,
1786043611668001436,1786043611.665695210,/novatel/oem7/odom,/novatel/oem7/fix,/novatel/oem7/odom,39.663,-75.756,-1.800707633,0.004917817,-0.002096387,0.004700844,-0.001444641,-0.002096387,,,
1786043611675225010,1786043611.674579523,/novatel/oem7/odom,/novatel/oem7/fix,/novatel/oem7/odom,39.663,-75.756,-1.800707633,0.004917817,-0.002096387,0.004700844,-0.001444641,-0.002096387,,,
1786043611686024678,1786043611.685507793,/novatel/oem7/inspva,/novatel/oem7/inspva,/novatel/oem7/inspva,39.663,-75.756,-1.800710071,0.006090174,0.000180214,-0.002603125,0.005505811,0.000180214,,novatel_oem7_msgs.msg.InertialSolutionStatus(status=3),
1786043611687359338,1786043611.685645864,/novatel/oem7/fix,/novatel/oem7/fix,/novatel/oem7/inspva,39.663,-75.756,-1.800710071,0.006090174,0.000180214,-0.002603125,0.005505811,0.000180214,,0,
1786043611688380784,1786043611.686278517,/novatel/oem7/odom,/novatel/oem7/fix,/novatel/oem7/odom,39.663,-75.756,-1.800710071,0.006089717,0.000195025,0.005367275,-0.002876980,0.000195025,,,
1786043611695672262,1786043611.695023169,/novatel/oem7/odom,/novatel/oem7/fix,/novatel/oem7/odom,39.663,-75.756,-1.800710071,0.006089717,0.000195025,0.005367275,-0.002876980,0.000195025,,,
1786043611706518888,1786043611.705948745,/novatel/oem7/inspva,/novatel/oem7/inspva,/novatel/oem7/inspva,39.663,-75.756,-1.800733267,0.005806112,0.000160085,-0.002156696,0.005390695,0.000160085,,novatel_oem7_msgs.msg.InertialSolutionStatus(status=3),
1786043611707848338,1786043611.706128717,/novatel/oem7/fix,/novatel/oem7/fix,/novatel/oem7/inspva,39.663,-75.756,-1.800733267,0.005806112,0.000160085,-0.002156696,0.005390695,0.000160085,,0,
1786043611708895721,1786043611.706586375,/novatel/oem7/odom,/novatel/oem7/fix,/novatel/oem7/odom,39.663,-75.756,-1.800733267,0.005805667,0.000175491,0.005274819,-0.002425294,0.000175491,,,
1786043611710342555,1786043611.709360755,/novatel/oem7/bestpos,/novatel/oem7/bestpos,/novatel/oem7/odom,39.663,-75.756,33.181581466,0.005805667,0.000175491,0.005274819,-0.002425294,0.000175491,,novatel_oem7_msgs.msg.SolutionStatus(status=0),novatel_oem7_msgs.msg.PositionOrVelocityType(type=53)
1786043611711778076,1786043611.709987825,/novatel/oem7/bestvel,/novatel/oem7/bestpos,/novatel/oem7/bestvel,39.663,-75.756,33.181581466,0.005158935,-0.000053229,,,,105.868816792,novatel_oem7_msgs.msg.SolutionStatus(status=0),novatel_oem7_msgs.msg.PositionOrVelocityType(type=53)
1786043611715268056,1786043611.714605270,/novatel/oem7/odom,/novatel/oem7/bestpos,/novatel/oem7/odom,39.663,-75.756,33.181581466,0.005805667,0.000175491,0.005274819,-0.002425294,0.000175491,,,
1786043611725947757,1786043611.725413305,/novatel/oem7/inspva,/novatel/oem7/inspva,/novatel/oem7/inspva,39.663,-75.756,-1.800774864,0.003559471,-0.002042611,-0.000181357,0.003554847,-0.002042611,,novatel_oem7_msgs.msg.InertialSolutionStatus(status=3),
1786043611727244810,1786043611.725592333,/novatel/oem7/fix,/novatel/oem7/fix,/novatel/oem7/inspva,39.663,-75.756,-1.800774864,0.003559471,-0.002042611,-0.000181357,0.003554847,-0.002042611,,0,
1786043611728281263,1786043611.726212863,/novatel/oem7/odom,/novatel/oem7/fix,/novatel/oem7/odom,39.663,-75.756,-1.800774864,0.003567211,-0.002029063,0.003549526,-0.000354761,-0.002029063,,,
1786043611735726892,1786043611.735029099,/novatel/oem7/odom,/novatel/oem7/fix,/novatel/oem7/odom,39.663,-75.756,-1.800774864,0.003567211,-0.002029063,0.003549526,-0.000354761,-0.002029063,,,
1786043611746667079,1786043611.746125137,/novatel/oem7/inspva,/novatel/oem7/inspva,/novatel/oem7/inspva,39.663,-75.756,-1.800798492,0.003768431,-0.002633592,-0.000605594,0.003719453,-0.002633592,,novatel_oem7_msgs.msg.InertialSolutionStatus(status=3),
1786043611748000909,1786043611.746295875,/novatel/oem7/fix,/novatel/oem7/fix,/novatel/oem7/inspva,39.663,-75.756,-1.800798492,0.003768431,-0.002633592,-0.000605594,0.003719453,-0.002633592,,0,
1786043611749065889,1786043611.746879708,/novatel/oem7/odom,/novatel/oem7/fix,/novatel/oem7/odom,39.663,-75.756,-1.800798492,0.003777545,-0.002620502,0.003695018,-0.000785296,-0.002620502,,,
1786043611756406544,1786043611.755751404,/novatel/oem7/odom,/novatel/oem7/fix,/novatel/oem7/odom,39.663,-75.756,-1.800798492,0.003777545,-0.002620502,0.003695018,-0.000785296,-0.002620502,,,
1786043611765853686,1786043611.765318077,/novatel/oem7/inspva,/novatel/oem7/inspva,/novatel/oem7/inspva,39.663,-75.756,-1.800810311,0.005117712,-0.000911821,-0.002540401,0.004442673,-0.000911821,,novatel_oem7_msgs.msg.InertialSolutionStatus(status=3),
1786043611766938104,1786043611.765487819,/novatel/oem7/fix,/novatel/oem7/fix,/novatel/oem7/inspva,39.663,-75.756,-1.800810311,0.005117712,-0.000911821,-0.002540401,0.004442673,-0.000911821,,0,
1786043611767385451,1786043611.766133038,/novatel/oem7/odom,/novatel/oem7/fix,/novatel/oem7/odom,39.663,-75.756,-1.800810311,0.005119611,-0.000901100,0.004313072,-0.002758228,-0.000901100,,,
1786043611776341301,1786043611.775673528,/novatel/oem7/odom,/novatel/oem7/fix,/novatel/oem7/odom,39.663,-75.756,-1.800810311,0.005119611,-0.000901100,0.004313072,-0.002758228,-0.000901100,,,
1786043611785850040,1786043611.785264148,/novatel/oem7/inspva,/novatel/oem7/inspva,/novatel/oem7/inspva,39.663,-75.756,-1.800839338,0.006143194,-0.000728020,-0.002027932,0.005798821,-0.000728020,,novatel_oem7_msgs.msg.InertialSolutionStatus(status=3),
1786043611787169813,1786043611.785435079,/novatel/oem7/fix,/novatel/oem7/fix,/novatel/oem7/inspva,39.663,-75.756,-1.800839338,0.006143194,-0.000728020,-0.002027932,0.005798821,-0.000728020,,0,
1786043611788230241,1786043611.785866127,/novatel/oem7/odom,/novatel/oem7/fix,/novatel/oem7/odom,39.663,-75.756,-1.800839338,0.006145217,-0.000710742,0.005692502,-0.002314976,-0.000710742,,,
1786043611795252489,1786043611.794584749,/novatel/oem7/odom,/novatel/oem7/fix,/novatel/oem7/odom,39.663,-75.756,-1.800839338,0.006145217,-0.000710742,0.005692502,-0.002314976,-0.000710742,,,
1786043611807273466,1786043611.806687930,/novatel/oem7/inspva,/novatel/oem7/inspva,/novatel/oem7/inspva,39.663,-75.756,-1.800883534,0.004005710,-0.001812659,-0.000422825,0.003983332,-0.001812659,,novatel_oem7_msgs.msg.InertialSolutionStatus(status=3),
1786043611808678056,1786043611.806851722,/novatel/oem7/fix,/novatel/oem7/fix,/novatel/oem7/inspva,39.663,-75.756,-1.800883534,0.004005710,-0.001812659,-0.000422825,0.003983332,-0.001812659,,0,
1786043611809882188,1786043611.807363027,/novatel/oem7/odom,/novatel/oem7/fix,/novatel/oem7/odom,39.663,-75.756,-1.800883534,0.004012320,-0.001797981,0.003964444,-0.000617978,-0.001797981,,,
1786043611811441477,1786043611.810121994,/novatel/oem7/bestpos,/novatel/oem7/bestpos,/novatel/oem7/odom,39.663,-75.756,33.181426413,0.004012320,-0.001797981,0.003964444,-0.000617978,-0.001797981,,novatel_oem7_msgs.msg.SolutionStatus(status=0),novatel_oem7_msgs.msg.PositionOrVelocityType(type=53)
1786043611812346499,1786043611.810614642,/novatel/oem7/bestvel,/novatel/oem7/bestpos,/novatel/oem7/bestvel,39.663,-75.756,33.181426413,0.005765315,-0.002710421,,,,94.378090526,novatel_oem7_msgs.msg.SolutionStatus(status=0),novatel_oem7_msgs.msg.PositionOrVelocityType(type=53)
1786043611815594530,1786043611.814929527,/novatel/oem7/odom,/novatel/oem7/bestpos,/novatel/oem7/odom,39.663,-75.756,33.181426413,0.004012320,-0.001797981,0.003964444,-0.000617978,-0.001797981,,,
1786043611825580531,1786043611.825020449,/novatel/oem7/inspva,/novatel/oem7/inspva,/novatel/oem7/inspva,39.663,-75.756,-1.800922385,0.003580887,-0.002513271,0.000117990,0.003578942,-0.002513271,,novatel_oem7_msgs.msg.InertialSolutionStatus(status=3),
1786043611826879760,1786043611.825152733,/novatel/oem7/fix,/novatel/oem7/fix,/novatel/oem7/inspva,39.663,-75.756,-1.800922385,0.003580887,-0.002513271,0.000117990,0.003578942,-0.002513271,,0,
1786043611827907507,1786043611.825498854,/novatel/oem7/odom,/novatel/oem7/fix,/novatel/oem7/odom,39.663,-75.756,-1.800922385,0.003590893,-0.002498954,0.003590460,-0.000055768,-0.002498954,,,
1786043611835019259,1786043611.834592418,/novatel/oem7/odom,/novatel/oem7/fix,/novatel/oem7/odom,39.663,-75.756,-1.800922385,0.003590893,-0.002498954,0.003590460,-0.000055768,-0.002498954,,,
1786043611845907459,1786043611.845319993,/novatel/oem7/inspva,/novatel/oem7/inspva,/novatel/oem7/inspva,39.663,-75.756,-1.800951501,0.005415419,-0.002322048,-0.002128472,0.004979595,-0.002322048,,novatel_oem7_msgs.msg.InertialSolutionStatus(status=3),
1786043611847282852,1786043611.845492488,/novatel/oem7/fix,/novatel/oem7/fix,/novatel/oem7/inspva,39.663,-75.756,-1.800951501,0.005415419,-0.002322048,-0.002128472,0.004979595,-0.002322048,,0,
1786043611848319989,1786043611.846028324,/novatel/oem7/odom,/novatel/oem7/fix,/novatel/oem7/odom,39.663,-75.756,-1.800951501,0.005421252,-0.002308398,0.004875692,-0.002370148,-0.002308398,,,
1786043611857138778,1786043611.856448481,/novatel/oem7/odom,/novatel/oem7/fix,/novatel/oem7/odom,39.663,-75.756,-1.800951501,0.005421252,-0.002308398,0.004875692,-0.002370148,-0.002308398,,,
1786043611866647277,1786043611.866062109,/novatel/oem7/inspva,/novatel/oem7/inspva,/novatel/oem7/inspva,39.663,-75.756,-1.800972558,0.005418733,-0.001323996,-0.001712962,0.005140859,-0.001323996,,novatel_oem7_msgs.msg.InertialSolutionStatus(status=3),
1786043611867995841,1786043611.866224000,/novatel/oem7/fix,/novatel/oem7/fix,/novatel/oem7/inspva,39.663,-75.756,-1.800972558,0.005418733,-0.001323996,-0.001712962,0.005140859,-0.001323996,,0,
1786043611869049081,1786043611.866607740,/novatel/oem7/odom,/novatel/oem7/fix,/novatel/oem7/odom,39.663,-75.756,-1.800972558,0.005422497,-0.001308495,0.005053631,-0.001965780,-0.001308495,,,
1786043611875305752,1786043611.874579505,/novatel/oem7/odom,/novatel/oem7/fix,/novatel/oem7/odom,39.663,-75.756,-1.800972558,0.005422497,-0.001308495,0.005053631,-0.001965780,-0.001308495,,,
1786043611885771367,1786043611.885246102,/novatel/oem7/inspva,/novatel/oem7/inspva,/novatel/oem7/inspva,39.663,-75.756,-1.801003215,0.005289648,-0.001021864,-0.000168502,0.005286963,-0.001021864,,novatel_oem7_msgs.msg.InertialSolutionStatus(status=3),
1786043611887080864,1786043611.885393300,/novatel/oem7/fix,/novatel/oem7/fix,/novatel/oem7/inspva,39.663,-75.756,-1.801003215,0.005289648,-0.001021864,-0.000168502,0.005286963,-0.001021864,,0,
1786043611888121174,1786043611.886012473,/novatel/oem7/odom,/novatel/oem7/fix,/novatel/oem7/odom,39.663,-75.756,-1.801003215,0.005293527,-0.001001574,0.005275930,-0.000431262,-0.001001574,,,
1786043611895843175,1786043611.895195131,/novatel/oem7/odom,/novatel/oem7/fix,/novatel/oem7/odom,39.663,-75.756,-1.801003215,0.005293527,-0.001001574,0.005275930,-0.000431262,-0.001001574,,,
1786043611906389268,1786043611.905875887,/novatel/oem7/inspva,/novatel/oem7/inspva,/novatel/oem7/inspva,39.663,-75.756,-1.801040127,0.004592993,-0.001705351,0.000193203,0.004588928,-0.001705351,,novatel_oem7_msgs.msg.InertialSolutionStatus(status=3),
1786043611907772458,1786043611.906030998,/novatel/oem7/fix,/novatel/oem7/fix,/novatel/oem7/inspva,39.663,-75.756,-1.801040127,0.004592993,-0.001705351,0.000193203,0.004588928,-0.001705351,,0,
1786043611908845862,1786043611.906575200,/novatel/oem7/odom,/novatel/oem7/fix,/novatel/oem7/odom,39.663,-75.756,-1.801040127,0.004599838,-0.001686801,0.004599718,-0.000033279,-0.001686801,,,
1786043611910711644,1786043611.910066390,/novatel/oem7/bestpos,/novatel/oem7/bestpos,/novatel/oem7/odom,39.663,-75.756,33.181283880,0.004599838,-0.001686801,0.004599718,-0.000033279,-0.001686801,,novatel_oem7_msgs.msg.SolutionStatus(status=0),novatel_oem7_msgs.msg.PositionOrVelocityType(type=53)
1786043611912155274,1786043611.910579342,/novatel/oem7/bestvel,/novatel/oem7/bestpos,/novatel/oem7/bestvel,39.663,-75.756,33.181283880,0.005857187,-0.002442087,,,,86.596254813,novatel_oem7_msgs.msg.SolutionStatus(status=0),novatel_oem7_msgs.msg.PositionOrVelocityType(type=53)
1786043611915218268,1786043611.914559067,/novatel/oem7/odom,/novatel/oem7/bestpos,/novatel/oem7/odom,39.663,-75.756,33.181283880,0.004599838,-0.001686801,0.004599718,-0.000033279,-0.001686801,,,
1786043611927050589,1786043611.926523001,/novatel/oem7/inspva,/novatel/oem7/inspva,/novatel/oem7/inspva,39.663,-75.756,-1.801078880,0.004466609,-0.002899390,-0.000773378,0.004399145,-0.002899390,,novatel_oem7_msgs.msg.InertialSolutionStatus(status=3),
1786043611928455637,1786043611.926688332,/novatel/oem7/fix,/novatel/oem7/fix,/novatel/oem7/inspva,39.663,-75.756,-1.801078880,0.004466609,-0.002899390,-0.000773378,0.004399145,-0.002899390,,0,
1786043611929508960,1786043611.926965673,/novatel/oem7/odom,/novatel/oem7/fix,/novatel/oem7/odom,39.663,-75.756,-1.801078880,0.004476313,-0.002884385,0.004366332,-0.000986164,-0.002884385,,,
1786043611935556489,1786043611.934877209,/novatel/oem7/odom,/novatel/oem7/fix,/novatel/oem7/odom,39.663,-75.756,-1.801078880,0.004476313,-0.002884385,0.004366332,-0.000986164,-0.002884385,,,
1786043611945538439,1786043611.945006774,/novatel/oem7/inspva,/novatel/oem7/inspva,/novatel/oem7/inspva,39.663,-75.756,-1.801096783,0.005603022,-0.002178647,-0.001431361,0.005417108,-0.002178647,,novatel_oem7_msgs.msg.InertialSolutionStatus(status=3),
1786043611946869222,1786043611.945156669,/novatel/oem7/fix,/novatel/oem7/fix,/novatel/oem7/inspva,39.663,-75.756,-1.801096783,0.005603022,-0.002178647,-0.001431361,0.005417108,-0.002178647,,0,
1786043611947954250,1786043611.945656064,/novatel/oem7/odom,/novatel/oem7/fix,/novatel/oem7/odom,39.663,-75.756,-1.801096783,0.005609712,-0.002161363,0.005347107,-0.001696263,-0.002161363,,,
1786043611956642734,1786043611.955978858,/novatel/oem7/odom,/novatel/oem7/fix,/novatel/oem7/odom,39.663,-75.756,-1.801096783,0.005609712,-0.002161363,0.005347107,-0.001696263,-0.002161363,,,
1786043611965986488,1786043611.965458830,/novatel/oem7/inspva,/novatel/oem7/inspva,/novatel/oem7/inspva,39.663,-75.756,-1.801116199,0.005534900,-0.000465223,-0.000564149,0.005506074,-0.000465223,,novatel_oem7_msgs.msg.InertialSolutionStatus(status=3),
1786043611967328191,1786043611.965615268,/novatel/oem7/fix,/novatel/oem7/fix,/novatel/oem7/inspva,39.663,-75.756,-1.801116199,0.005534900,-0.000465223,-0.000564149,0.005506074,-0.000465223,,0,
1786043611968406762,1786043611.966175394,/novatel/oem7/odom,/novatel/oem7/fix,/novatel/oem7/odom,39.663,-75.756,-1.801116199,0.005536571,-0.000444896,0.005472654,-0.000838851,-0.000444896,,,
1786043611975589789,1786043611.974899619,/novatel/oem7/odom,/novatel/oem7/fix,/novatel/oem7/odom,39.663,-75.756,-1.801116199,0.005536571,-0.000444896,0.005472654,-0.000838851,-0.000444896,,,
1786043611986610383,1786043611.986054184,/novatel/oem7/inspva,/novatel/oem7/inspva,/novatel/oem7/inspva,39.663,-75.756,-1.801158193,0.005826164,-0.001396037,-0.000610438,0.005794096,-0.001396037,,novatel_oem7_msgs.msg.InertialSolutionStatus(status=3),
1786043611987953296,1786043611.986206169,/novatel/oem7/fix,/novatel/oem7/fix,/novatel/oem7/inspva,39.663,-75.756,-1.801158193,0.005826164,-0.001396037,-0.000610438,0.005794096,-0.001396037,,0,
1786043611989047517,1786043611.986680114,/novatel/oem7/odom,/novatel/oem7/fix,/novatel/oem7/odom,39.663,-75.756,-1.801158193,0.005831167,-0.001374990,0.005761741,-0.000897130,-0.001374990,,,
1786043611995058495,1786043611.994366552,/novatel/oem7/odom,/novatel/oem7/fix,/novatel/oem7/odom,39.663,-75.756,-1.801158193,0.005831167,-0.001374990,0.005761741,-0.000897130,-0.001374990,,,
1786043612009030731,1786043612.008515139,/novatel/oem7/inspva,/novatel/oem7/inspva,/novatel/oem7/inspva,39.663,-75.756,-1.801209739,0.004974626,-0.003434718,0.000086188,0.004973879,-0.003434718,,novatel_oem7_msgs.msg.InertialSolutionStatus(status=3),
1786043612010371238,1786043612.008667328,/novatel/oem7/fix,/novatel/oem7/fix,/novatel/oem7/inspva,39.663,-75.756,-1.801209739,0.004974626,-0.003434718,0.000086188,0.004973879,-0.003434718,,0,
1786043612011924476,1786043612.010986357,/novatel/oem7/odom,/novatel/oem7/fix,/novatel/oem7/odom,39.663,-75.756,-1.801209739,0.004988158,-0.003415037,0.004985743,-0.000155186,-0.003415037,,,
1786043612017365993,1786043612.016718958,/novatel/oem7/odom,/novatel/oem7/fix,/novatel/oem7/odom,39.663,-75.756,-1.801209739,0.004988158,-0.003415037,0.004985743,-0.000155186,-0.003415037,,,
1786043612026214692,1786043612.025622979,/novatel/oem7/bestpos,/novatel/oem7/bestpos,/novatel/oem7/odom,39.663,-75.756,33.181130067,0.004988158,-0.003415037,0.004985743,-0.000155186,-0.003415037,,novatel_oem7_msgs.msg.SolutionStatus(status=0),novatel_oem7_msgs.msg.PositionOrVelocityType(type=53)
1786043612027673839,1786043612.026954609,/novatel/oem7/bestvel,/novatel/oem7/bestpos,/novatel/oem7/bestvel,39.663,-75.756,33.181130067,0.004926414,-0.003062700,,,,95.711430764,novatel_oem7_msgs.msg.SolutionStatus(status=0),novatel_oem7_msgs.msg.PositionOrVelocityType(type=53)
1786043612029087827,1786043612.027351623,/novatel/oem7/inspva,/novatel/oem7/inspva,/novatel/oem7/inspva,39.663,-75.756,-1.801230661,0.004540694,-0.002986431,-0.000864661,0.004457607,-0.002986431,,novatel_oem7_msgs.msg.InertialSolutionStatus(status=3),
1786043612029956618,1786043612.027520225,/novatel/oem7/fix,/novatel/oem7/fix,/novatel/oem7/inspva,39.663,-75.756,-1.801230661,0.004540694,-0.002986431,-0.000864661,0.004457607,-0.002986431,,0,
1786043612030990225,1786043612.027814588,/novatel/oem7/odom,/novatel/oem7/fix,/novatel/oem7/odom,39.663,-75.756,-1.801230661,0.004550567,-0.002971364,0.004420545,-0.001080019,-0.002971364,,,
1786043612035370291,1786043612.034680294,/novatel/oem7/odom,/novatel/oem7/fix,/novatel/oem7/odom,39.663,-75.756,-1.801230661,0.004550567,-0.002971364,0.004420545,-0.001080019,-0.002971364,,,
1786043612047310324,1786043612.046786702,/novatel/oem7/inspva,/novatel/oem7/inspva,/novatel/oem7/inspva,39.663,-75.756,-1.801210978,0.006053845,-0.000399308,-0.000882215,0.005989219,-0.000399308,,novatel_oem7_msgs.msg.InertialSolutionStatus(status=3),
1786043612048701468,1786043612.046939111,/novatel/oem7/fix,/novatel/oem7/fix,/novatel/oem7/inspva,39.663,-75.756,-1.801210978,0.006053845,-0.000399308,-0.000882215,0.005989219,-0.000399308,,0,
1786043612049785055,1786043612.047331000,/novatel/oem7/odom,/novatel/oem7/fix,/novatel/oem7/odom,39.663,-75.756,-1.801210978,0.006055203,-0.000378158,0.005938954,-0.001180812,-0.000378158,,,
1786043612057115520,1786043612.056206957,/novatel/oem7/odom,/novatel/oem7/fix,/novatel/oem7/odom,39.663,-75.756,-1.801210978,0.006055203,-0.000378158,0.005938954,-0.001180812,-0.000378158,,,
1786043612065650389,1786043612.065131361,/novatel/oem7/inspva,/novatel/oem7/inspva,/novatel/oem7/inspva,39.663,-75.756,-1.801202330,0.005363860,-0.000487580,-0.000799938,0.005303875,-0.000487580,,novatel_oem7_msgs.msg.InertialSolutionStatus(status=3),
1786043612066981329,1786043612.065298740,/novatel/oem7/fix,/novatel/oem7/fix,/novatel/oem7/inspva,39.663,-75.756,-1.801202330,0.005363860,-0.000487580,-0.000799938,0.005303875,-0.000487580,,0,
1786043612068057476,1786043612.065823651,/novatel/oem7/odom,/novatel/oem7/fix,/novatel/oem7/odom,39.663,-75.756,-1.801202330,0.005365528,-0.000468863,0.005258977,-0.001063982,-0.000468863,,,
1786043612076456645,1786043612.075750368,/novatel/oem7/odom,/novatel/oem7/fix,/novatel/oem7/odom,39.663,-75.756,-1.801202330,0.005365528,-0.000468863,0.005258977,-0.001063982,-0.000468863,,,
1786043612085918274,1786043612.085389305,/novatel/oem7/inspva,/novatel/oem7/inspva,/novatel/oem7/inspva,39.663,-75.756,-1.801214081,0.004629480,-0.003123455,0.000189126,0.004625615,-0.003123455,,novatel_oem7_msgs.msg.InertialSolutionStatus(status=3),
1786043612087290910,1786043612.085560383,/novatel/oem7/fix,/novatel/oem7/fix,/novatel/oem7/inspva,39.663,-75.756,-1.801214081,0.004629480,-0.003123455,0.000189126,0.004625615,-0.003123455,,0,
1786043612088340260,1786043612.086115876,/novatel/oem7/odom,/novatel/oem7/fix,/novatel/oem7/odom,39.663,-75.756,-1.801214081,0.004641962,-0.003104874,0.004641825,-0.000035592,-0.003104874,,,
1786043612095987899,1786043612.095299048,/novatel/oem7/odom,/novatel/oem7/fix,/novatel/oem7/odom,39.663,-75.756,-1.801214081,0.004641962,-0.003104874,0.004641825,-0.000035592,-0.003104874,,,
1786043612106556018,1786043612.105997112,/novatel/oem7/inspva,/novatel/oem7/inspva,/novatel/oem7/inspva,39.663,-75.756,-1.801194179,0.003711995,-0.003220663,-0.000124738,0.003709898,-0.003220663,,novatel_oem7_msgs.msg.InertialSolutionStatus(status=3),
1786043612107891121,1786043612.106174134,/novatel/oem7/fix,/novatel/oem7/fix,/novatel/oem7/inspva,39.663,-75.756,-1.801194179,0.003711995,-0.003220663,-0.000124738,0.003709898,-0.003220663,,0,
1786043612108970951,1786043612.106692339,/novatel/oem7/odom,/novatel/oem7/fix,/novatel/oem7/odom,39.663,-75.756,-1.801194179,0.003724256,-0.003206476,0.003711922,-0.000302856,-0.003206476,,,
1786043612110849110,1786043612.110013268,/novatel/oem7/bestpos,/novatel/oem7/bestpos,/novatel/oem7/odom,39.663,-75.756,33.181181361,0.003724256,-0.003206476,0.003711922,-0.000302856,-0.003206476,,novatel_oem7_msgs.msg.SolutionStatus(status=0),novatel_oem7_msgs.msg.PositionOrVelocityType(type=53)
1786043612112284021,1786043612.110748876,/novatel/oem7/bestvel,/novatel/oem7/bestpos,/novatel/oem7/bestvel,39.663,-75.756,33.181181361,0.003962587,-0.002557983,,,,109.089103780,novatel_oem7_msgs.msg.SolutionStatus(status=0),novatel_oem7_msgs.msg.PositionOrVelocityType(type=53)
1786043612115140255,1786043612.114449605,/novatel/oem7/odom,/novatel/oem7/bestpos,/novatel/oem7/odom,39.663,-75.756,33.181181361,0.003724256,-0.003206476,0.003711922,-0.000302856,-0.003206476,,,
1786043612125839193,1786043612.125288957,/novatel/oem7/inspva,/novatel/oem7/inspva,/novatel/oem7/inspva,39.663,-75.756,-1.801172044,0.005552755,-0.000876833,-0.001400716,0.005373182,-0.000876833,,novatel_oem7_msgs.msg.InertialSolutionStatus(status=3),
1786043612127198539,1786043612.125464442,/novatel/oem7/fix,/novatel/oem7/fix,/novatel/oem7/inspva,39.663,-75.756,-1.801172044,0.005552755,-0.000876833,-0.001400716,0.005373182,-0.000876833,,0,
1786043612128272669,1786043612.126130622,/novatel/oem7/odom,/novatel/oem7/fix,/novatel/oem7/odom,39.663,-75.756,-1.801172044,0.005555445,-0.000859629,0.005299633,-0.001666390,-0.000859629,,,
1786043612136136656,1786043612.135521603,/novatel/oem7/odom,/novatel/oem7/fix,/novatel/oem7/odom,39.663,-75.756,-1.801172044,0.005555445,-0.000859629,0.005299633,-0.001666390,-0.000859629,,,
1786043612145552625,1786043612.144998006,/novatel/oem7/inspva,/novatel/oem7/inspva,/novatel/oem7/inspva,39.663,-75.756,-1.801167313,0.005198872,-0.000483964,-0.000974883,0.005106650,-0.000483964,,novatel_oem7_msgs.msg.InertialSolutionStatus(status=3),
1786043612146899551,1786043612.145154511,/novatel/oem7/fix,/novatel/oem7/fix,/novatel/oem7/inspva,39.663,-75.756,-1.801167313,0.005198872,-0.000483964,-0.000974883,0.005106650,-0.000483964,,0,
1786043612147979071,1786043612.145635686,/novatel/oem7/odom,/novatel/oem7/fix,/novatel/oem7/odom,39.663,-75.756,-1.801167313,0.005200461,-0.000466582,0.005053219,-0.001228725,-0.000466582,,,
1786043612156744377,1786043612.155910599,/novatel/oem7/odom,/novatel/oem7/fix,/novatel/oem7/odom,39.663,-75.756,-1.801167313,0.005200461,-0.000466582,0.005053219,-0.001228725,-0.000466582,,,
1786043612167218389,1786043612.166604810,/novatel/oem7/inspva,/novatel/oem7/inspva,/novatel/oem7/inspva,39.663,-75.756,-1.801186647,0.003528205,-0.003013191,0.000643920,0.003468947,-0.003013191,,novatel_oem7_msgs.msg.InertialSolutionStatus(status=3),
1786043612168643890,1786043612.166769551,/novatel/oem7/fix,/novatel/oem7/fix,/novatel/oem7/inspva,39.663,-75.756,-1.801186647,0.003528205,-0.003013191,0.000643920,0.003468947,-0.003013191,,0,
1786043612169743554,1786043612.167174859,/novatel/oem7/odom,/novatel/oem7/fix,/novatel/oem7/odom,39.663,-75.756,-1.801186647,0.003541213,-0.002997893,0.003509015,0.000476444,-0.002997893,,,
1786043612175878780,1786043612.175165146,/novatel/oem7/odom,/novatel/oem7/fix,/novatel/oem7/odom,39.663,-75.756,-1.801186647,0.003541213,-0.002997893,0.003509015,0.000476444,-0.002997893,,,
1786043612185709076,1786043612.185145734,/novatel/oem7/inspva,/novatel/oem7/inspva,/novatel/oem7/inspva,39.663,-75.756,-1.801174394,0.003354370,-0.003125759,0.000201333,0.003348323,-0.003125759,,novatel_oem7_msgs.msg.InertialSolutionStatus(status=3),
1786043612187302148,1786043612.185298219,/novatel/oem7/fix,/novatel/oem7/fix,/novatel/oem7/inspva,39.663,-75.756,-1.801174394,0.003354370,-0.003125759,0.000201333,0.003348323,-0.003125759,,0,
1786043612188371879,1786043612.185658852,/novatel/oem7/odom,/novatel/oem7/fix,/novatel/oem7/odom,39.663,-75.756,-1.801174394,0.003366995,-0.003112156,0.003366748,0.000040776,-0.003112156,,,
1786043612196459661,1786043612.195740254,/novatel/oem7/odom,/novatel/oem7/fix,/novatel/oem7/odom,39.663,-75.756,-1.801174394,0.003366995,-0.003112156,0.003366748,0.000040776,-0.003112156,,,
1786043612207076704,1786043612.206543069,/novatel/oem7/inspva,/novatel/oem7/inspva,/novatel/oem7/inspva,39.663,-75.756,-1.801171459,0.006083359,-0.001962522,-0.001928072,0.005769731,-0.001962522,,novatel_oem7_msgs.msg.InertialSolutionStatus(status=3),
1786043612208551538,1786043612.206702287,/novatel/oem7/fix,/novatel/oem7/fix,/novatel/oem7/inspva,39.663,-75.756,-1.801171459,0.006083359,-0.001962522,-0.001928072,0.005769731,-0.001962522,,0,
1786043612209622429,1786043612.207153088,/novatel/oem7/odom,/novatel/oem7/fix,/novatel/oem7/odom,39.663,-75.756,-1.801171459,0.006088875,-0.001945342,0.005673573,-0.002210194,-0.001945342,,,
1786043612211154324,1786043612.210433060,/novatel/oem7/bestpos,/novatel/oem7/bestpos,/novatel/oem7/odom,39.663,-75.756,33.181202799,0.006088875,-0.001945342,0.005673573,-0.002210194,-0.001945342,,novatel_oem7_msgs.msg.SolutionStatus(status=0),novatel_oem7_msgs.msg.PositionOrVelocityType(type=53)
1786043612212629118,1786043612.210867794,/novatel/oem7/bestvel,/novatel/oem7/bestpos,/novatel/oem7/bestvel,39.663,-75.756,33.181202799,0.005017422,-0.001811805,,,,105.684108761,novatel_oem7_msgs.msg.SolutionStatus(status=0),novatel_oem7_msgs.msg.PositionOrVelocityType(type=53)
1786043612215779762,1786043612.215022365,/novatel/oem7/odom,/novatel/oem7/bestpos,/novatel/oem7/odom,39.663,-75.756,33.181202799,0.006088875,-0.001945342,0.005673573,-0.002210194,-0.001945342,,,
1786043612226975458,1786043612.226307838,/novatel/oem7/inspva,/novatel/oem7/inspva,/novatel/oem7/inspva,39.663,-75.756,-1.801165844,0.005560090,-0.001381428,-0.001786488,0.005265270,-0.001381428,,novatel_oem7_msgs.msg.InertialSolutionStatus(status=3),
1786043612228405495,1786043612.226478303,/novatel/oem7/fix,/novatel/oem7/fix,/novatel/oem7/inspva,39.663,-75.756,-1.801165844,0.005560090,-0.001381428,-0.001786488,0.005265270,-0.001381428,,0,
1786043612229471655,1786043612.226996638,/novatel/oem7/odom,/novatel/oem7/fix,/novatel/oem7/odom,39.663,-75.756,-1.801165844,0.005563955,-0.001365778,0.005174535,-0.002044943,-0.001365778,,,
1786043612235258919,1786043612.234533985,/novatel/oem7/odom,/novatel/oem7/fix,/novatel/oem7/odom,39.663,-75.756,-1.801165844,0.005563955,-0.001365778,0.005174535,-0.002044943,-0.001365778,,,
1786043612245990966,1786043612.245353390,/novatel/oem7/inspva,/novatel/oem7/inspva,/novatel/oem7/inspva,39.663,-75.756,-1.801172195,0.003207338,-0.001586017,0.000366710,0.003186305,-0.001586017,,novatel_oem7_msgs.msg.InertialSolutionStatus(status=3),
1786043612247490811,1786043612.245526559,/novatel/oem7/fix,/novatel/oem7/fix,/novatel/oem7/inspva,39.663,-75.756,-1.801172195,0.003207338,-0.001586017,0.000366710,0.003186305,-0.001586017,,0,
1786043612248961362,1786043612.246233479,/novatel/oem7/odom,/novatel/oem7/fix,/novatel/oem7/odom,39.663,-75.756,-1.801172195,0.003213925,-0.001572626,0.003207036,0.000210312,-0.001572626,,,
1786043612257392271,1786043612.256669387,/novatel/oem7/odom,/novatel/oem7/fix,/novatel/oem7/odom,39.663,-75.756,-1.801172195,0.003213925,-0.001572626,0.003207036,0.000210312,-0.001572626,,,
1786043612265792613,1786043612.265156697,/novatel/oem7/inspva,/novatel/oem7/inspva,/novatel/oem7/inspva,39.663,-75.756,-1.801161301,0.003378021,-0.002451212,-0.000122011,0.003375817,-0.002451212,,novatel_oem7_msgs.msg.InertialSolutionStatus(status=3),
1786043612267192080,1786043612.265315068,/novatel/oem7/fix,/novatel/oem7/fix,/novatel/oem7/inspva,39.663,-75.756,-1.801161301,0.003378021,-0.002451212,-0.000122011,0.003375817,-0.002451212,,0,
1786043612268275707,1786043612.265808206,/novatel/oem7/odom,/novatel/oem7/fix,/novatel/oem7/odom,39.663,-75.756,-1.801161301,0.003387283,-0.002438398,0.003375261,-0.000285132,-0.002438398,,,
1786043612275281669,1786043612.274575882,/novatel/oem7/odom,/novatel/oem7/fix,/novatel/oem7/odom,39.663,-75.756,-1.801161301,0.003387283,-0.002438398,0.003375261,-0.000285132,-0.002438398,,,
1786043612287416687,1786043612.286786618,/novatel/oem7/inspva,/novatel/oem7/inspva,/novatel/oem7/inspva,39.663,-75.756,-1.801154978,0.005375451,-0.002068067,-0.001991312,0.004993010,-0.002068067,,novatel_oem7_msgs.msg.InertialSolutionStatus(status=3),
1786043612288869771,1786043612.286941749,/novatel/oem7/fix,/novatel/oem7/fix,/novatel/oem7/inspva,39.663,-75.756,-1.801154978,0.005375451,-0.002068067,-0.001991312,0.004993010,-0.002068067,,0,
1786043612289911801,1786043612.287731383,/novatel/oem7/odom,/novatel/oem7/fix,/novatel/oem7/odom,39.663,-75.756,-1.801154978,0.005380827,-0.002054037,0.004895119,-0.002234080,-0.002054037,,,
1786043612295824199,1786043612.295092292,/novatel/oem7/odom,/novatel/oem7/fix,/novatel/oem7/odom,39.663,-75.756,-1.801154978,0.005380827,-0.002054037,0.004895119,-0.002234080,-0.002054037,,,
1786043612306537056,1786043612.305881287,/novatel/oem7/inspva,/novatel/oem7/inspva,/novatel/oem7/inspva,39.663,-75.756,-1.801142974,0.005885742,-0.001292791,-0.001743526,0.005621573,-0.001292791,,novatel_oem7_msgs.msg.InertialSolutionStatus(status=3),
1786043612307940697,1786043612.306029938,/novatel/oem7/fix,/novatel/oem7/fix,/novatel/oem7/inspva,39.663,-75.756,-1.801142974,0.005885742,-0.001292791,-0.001743526,0.005621573,-0.001292791,,0,
1786043612308995024,1786043612.306538156,/novatel/oem7/odom,/novatel/oem7/fix,/novatel/oem7/odom,39.663,-75.756,-1.801142974,0.005889455,-0.001275773,0.005532189,-0.002020039,-0.001275773,,,
1786043612310538532,1786043612.309636333,/novatel/oem7/bestpos,/novatel/oem7/bestpos,/novatel/oem7/odom,39.663,-75.756,33.181229101,0.005889455,-0.001275773,0.005532189,-0.002020039,-0.001275773,,novatel_oem7_msgs.msg.SolutionStatus(status=0),novatel_oem7_msgs.msg.PositionOrVelocityType(type=53)
1786043612312101167,1786043612.310475662,/novatel/oem7/bestvel,/novatel/oem7/bestpos,/novatel/oem7/bestvel,39.663,-75.756,33.181229101,0.005312792,-0.001574360,,,,99.921861654,novatel_oem7_msgs.msg.SolutionStatus(status=0),novatel_oem7_msgs.msg.PositionOrVelocityType(type=53)
1786043612316354016,1786043612.315617895,/novatel/oem7/odom,/novatel/oem7/bestpos,/novatel/oem7/odom,39.663,-75.756,33.181229101,0.005889455,-0.001275773,0.005532189,-0.002020039,-0.001275773,,,
1786043612326102821,1786043612.325468025,/novatel/oem7/inspva,/novatel/oem7/inspva,/novatel/oem7/inspva,39.663,-75.756,-1.801138306,0.003873662,-0.000760482,-0.000221673,0.003867314,-0.000760482,,novatel_oem7_msgs.msg.InertialSolutionStatus(status=3),
1786043612327541948,1786043612.325673657,/novatel/oem7/fix,/novatel/oem7/fix,/novatel/oem7/inspva,39.663,-75.756,-1.801138306,0.003873662,-0.000760482,-0.000221673,0.003867314,-0.000760482,,0,
1786043612328619431,1786043612.326274029,/novatel/oem7/odom,/novatel/oem7/fix,/novatel/oem7/odom,39.663,-75.756,-1.801138306,0.003876476,-0.000746004,0.003854362,-0.000413479,-0.000746004,,,
1786043612335697337,1786043612.334947343,/novatel/oem7/odom,/novatel/oem7/fix,/novatel/oem7/odom,39.663,-75.756,-1.801138306,0.003876476,-0.000746004,0.003854362,-0.000413479,-0.000746004,,,
1786043612346838316,1786043612.346100949,/novatel/oem7/inspva,/novatel/oem7/inspva,/novatel/oem7/inspva,39.663,-75.756,-1.801128794,0.002921452,-0.001680180,0.000240726,0.002911517,-0.001680180,,novatel_oem7_msgs.msg.InertialSolutionStatus(status=3),
1786043612348606373,1786043612.346279027,/novatel/oem7/fix,/novatel/oem7/fix,/novatel/oem7/inspva,39.663,-75.756,-1.801128794,0.002921452,-0.001680180,0.000240726,0.002911517,-0.001680180,,0,
1786043612349706531,1786043612.347013471,/novatel/oem7/odom,/novatel/oem7/fix,/novatel/oem7/odom,39.663,-75.756,-1.801128794,0.002928288,-0.001668239,0.002926628,0.000098568,-0.001668239,,,
1786043612356589331,1786043612.355875239,/novatel/oem7/odom,/novatel/oem7/fix,/novatel/oem7/odom,39.663,-75.756,-1.801128794,0.002928288,-0.001668239,0.002926628,0.000098568,-0.001668239,,,
1786043612365830361,1786043612.365181868,/novatel/oem7/inspva,/novatel/oem7/inspva,/novatel/oem7/inspva,39.663,-75.756,-1.801127866,0.004936307,-0.002799838,-0.001905616,0.004553653,-0.002799838,,novatel_oem7_msgs.msg.InertialSolutionStatus(status=3),
1786043612367276608,1786043612.365367133,/novatel/oem7/fix,/novatel/oem7/fix,/novatel/oem7/inspva,39.663,-75.756,-1.801127866,0.004936307,-0.002799838,-0.001905616,0.004553653,-0.002799838,,0,
1786043612368352455,1786043612.365989776,/novatel/oem7/odom,/novatel/oem7/fix,/novatel/oem7/odom,39.663,-75.756,-1.801127866,0.004943339,-0.002787404,0.004463464,-0.002124639,-0.002787404,,,
1786043612376323093,1786043612.375585566,/novatel/oem7/odom,/novatel/oem7/fix,/novatel/oem7/odom,39.663,-75.756,-1.801127866,0.004943339,-0.002787404,0.004463464,-0.002124639,-0.002787404,,,
1786043612385731138,1786043612.385065541,/novatel/oem7/inspva,/novatel/oem7/inspva,/novatel/oem7/inspva,39.663,-75.756,-1.801121089,0.004545202,-0.002238466,-0.001756474,0.004192095,-0.002238466,,novatel_oem7_msgs.msg.InertialSolutionStatus(status=3),
1786043612387140412,1786043612.385251123,/novatel/oem7/fix,/novatel/oem7/fix,/novatel/oem7/inspva,39.663,-75.756,-1.801121089,0.004545202,-0.002238466,-0.001756474,0.004192095,-0.002238466,,0,
1786043612388238772,1786043612.385666167,/novatel/oem7/odom,/novatel/oem7/fix,/novatel/oem7/odom,39.663,-75.756,-1.801121089,0.004550875,-0.002226911,0.004107697,-0.001958900,-0.002226911,,,
1786043612395195274,1786043612.394480867,/novatel/oem7/odom,/novatel/oem7/fix,/novatel/oem7/odom,39.663,-75.756,-1.801121089,0.004550875,-0.002226911,0.004107697,-0.001958900,-0.002226911,,,
1786043612407267852,1786043612.406621251,/novatel/oem7/inspva,/novatel/oem7/inspva,/novatel/oem7/inspva,39.663,-75.756,-1.801118979,0.004513071,-0.000647361,-0.000289900,0.004503750,-0.000647361,,novatel_oem7_msgs.msg.InertialSolutionStatus(status=3),
1786043612408699349,1786043612.406796763,/novatel/oem7/fix,/novatel/oem7/fix,/novatel/oem7/inspva,39.663,-75.756,-1.801118979,0.004513071,-0.000647361,-0.000289900,0.004503750,-0.000647361,,0,
1786043612409768846,1786043612.407246748,/novatel/oem7/odom,/novatel/oem7/fix,/novatel/oem7/odom,39.663,-75.756,-1.801118979,0.004515418,-0.000630782,0.004486091,-0.000513791,-0.000630782,,,
1786043612411452282,1786043612.409925604,/novatel/oem7/bestpos,/novatel/oem7/bestpos,/novatel/oem7/odom,39.663,-75.756,33.181257720,0.004515418,-0.000630782,0.004486091,-0.000513791,-0.000630782,,novatel_oem7_msgs.msg.SolutionStatus(status=0),novatel_oem7_msgs.msg.PositionOrVelocityType(type=53)
1786043612412402505,1786043612.410286641,/novatel/oem7/bestvel,/novatel/oem7/bestpos,/novatel/oem7/bestvel,39.663,-75.756,33.181257720,0.003886753,-0.000758025,,,,83.024979760,novatel_oem7_msgs.msg.SolutionStatus(status=0),novatel_oem7_msgs.msg.PositionOrVelocityType(type=53)
1786043612416057600,1786043612.415303726,/novatel/oem7/odom,/novatel/oem7/bestpos,/novatel/oem7/odom,39.663,-75.756,33.181257720,0.004515418,-0.000630782,0.004486091,-0.000513791,-0.000630782,,,
1786043612425650244,1786043612.424962987,/novatel/oem7/inspva,/novatel/oem7/inspva,/novatel/oem7/inspva,39.663,-75.756,-1.801121266,0.003048165,-0.001518866,0.000196152,0.003041847,-0.001518866,,novatel_oem7_msgs.msg.InertialSolutionStatus(status=3),
1786043612427113465,1786043612.425137692,/novatel/oem7/fix,/novatel/oem7/fix,/novatel/oem7/inspva,39.663,-75.756,-1.801121266,0.003048165,-0.001518866,0.000196152,0.003041847,-0.001518866,,0,
1786043612428251866,1786043612.425725161,/novatel/oem7/odom,/novatel/oem7/fix,/novatel/oem7/odom,39.663,-75.756,-1.801121266,0.003054326,-0.001506438,0.003053963,0.000047106,-0.001506438,,,
1786043612436239234,1786043612.435504077,/novatel/oem7/odom,/novatel/oem7/fix,/novatel/oem7/odom,39.663,-75.756,-1.801121266,0.003054326,-0.001506438,0.003053963,0.000047106,-0.001506438,,,
1786043612445950402,1786043612.445295685,/novatel/oem7/inspva,/novatel/oem7/inspva,/novatel/oem7/inspva,39.663,-75.756,-1.801140166,0.002736799,-0.003891589,-0.001237225,0.002441177,-0.003891589,,novatel_oem7_msgs.msg.InertialSolutionStatus(status=3),
1786043612447549010,1786043612.445498410,/novatel/oem7/fix,/novatel/oem7/fix,/novatel/oem7/inspva,39.663,-75.756,-1.801140166,0.002736799,-0.003891589,-0.001237225,0.002441177,-0.003891589,,0,
1786043612448974984,1786043612.446167954,/novatel/oem7/odom,/novatel/oem7/fix,/novatel/oem7/odom,39.663,-75.756,-1.801140166,0.002745457,-0.003885486,0.002391469,-0.001348484,-0.003885486,,,
1786043612457289272,1786043612.456540155,/novatel/oem7/odom,/novatel/oem7/fix,/novatel/oem7/odom,39.663,-75.756,-1.801140166,0.002745457,-0.003885486,0.002391469,-0.001348484,-0.003885486,,,
1786043612466811138,1786043612.466152658,/novatel/oem7/inspva,/novatel/oem7/inspva,/novatel/oem7/inspva,39.663,-75.756,-1.801134975,0.004527197,-0.002998684,-0.001724216,0.004185999,-0.002998684,,novatel_oem7_msgs.msg.InertialSolutionStatus(status=3),
1786043612468242196,1786043612.466332550,/novatel/oem7/fix,/novatel/oem7/fix,/novatel/oem7/inspva,39.663,-75.756,-1.801134975,0.004527197,-0.002998684,-0.001724216,0.004185999,-0.002998684,,0,
1786043612469336386,1786043612.466783948,/novatel/oem7/odom,/novatel/oem7/fix,/novatel/oem7/odom,39.663,-75.756,-1.801134975,0.004534765,-0.002987227,0.004106158,-0.001924463,-0.002987227,,,
1786043612475360228,1786043612.474614168,/novatel/oem7/odom,/novatel/oem7/fix,/novatel/oem7/odom,39.663,-75.756,-1.801134975,0.004534765,-0.002987227,0.004106158,-0.001924463,-0.002987227,,,
1786043612485879634,1786043612.485233044,/novatel/oem7/inspva,/novatel/oem7/inspva,/novatel/oem7/inspva,39.663,-75.756,-1.801118108,0.004109707,0.000303110,-0.001218556,0.003924896,0.000303110,,novatel_oem7_msgs.msg.InertialSolutionStatus(status=3),
1786043612487321691,1786043612.485443789,/novatel/oem7/fix,/novatel/oem7/fix,/novatel/oem7/inspva,39.663,-75.756,-1.801118108,0.004109707,0.000303110,-0.001218556,0.003924896,0.000303110,,0,
1786043612488397265,1786043612.485930378,/novatel/oem7/odom,/novatel/oem7/fix,/novatel/oem7/odom,39.663,-75.756,-1.801118108,0.004108802,0.000315138,0.003857636,-0.001414530,0.000315138,,,
1786043612496242485,1786043612.495530258,/novatel/oem7/odom,/novatel/oem7/fix,/novatel/oem7/odom,39.663,-75.756,-1.801118108,0.004108802,0.000315138,0.003857636,-0.001414530,0.000315138,,,
1786043612506846905,1786043612.506185725,/novatel/oem7/inspva,/novatel/oem7/inspva,/novatel/oem7/inspva,39.663,-75.756,-1.801123030,0.003430904,-0.001215940,-0.000430919,0.003403735,-0.001215940,,novatel_oem7_msgs.msg.InertialSolutionStatus(status=3),
1786043612508278592,1786043612.506345043,/novatel/oem7/fix,/novatel/oem7/fix,/novatel/oem7/inspva,39.663,-75.756,-1.801123030,0.003430904,-0.001215940,-0.000430919,0.003403735,-0.001215940,,0,
1786043612509522944,1786043612.506820078,/novatel/oem7/odom,/novatel/oem7/fix,/novatel/oem7/odom,39.663,-75.756,-1.801123030,0.003435136,-0.001203932,0.003382686,-0.000597995,-0.001203932,,,
1786043612512701285,1786043612.512006262,/novatel/oem7/bestpos,/novatel/oem7/bestpos,/novatel/oem7/odom,39.663,-75.756,33.181260816,0.003435136,-0.001203932,0.003382686,-0.000597995,-0.001203932,,novatel_oem7_msgs.msg.SolutionStatus(status=0),novatel_oem7_msgs.msg.PositionOrVelocityType(type=53)
1786043612514143223,1786043612.512399726,/novatel/oem7/bestvel,/novatel/oem7/bestpos,/novatel/oem7/bestvel,39.663,-75.756,33.181260816,0.003888140,-0.001646859,,,,91.716057222,novatel_oem7_msgs.msg.SolutionStatus(status=0),novatel_oem7_msgs.msg.PositionOrVelocityType(type=53)
1786043612515821319,1786043612.514648184,/novatel/oem7/odom,/novatel/oem7/bestpos,/novatel/oem7/odom,39.663,-75.756,33.181260816,0.003435136,-0.001203932,0.003382686,-0.000597995,-0.001203932,,,
1786043612527208206,1786043612.526622257,/novatel/oem7/inspva,/novatel/oem7/inspva,/novatel/oem7/inspva,39.663,-75.756,-1.801142550,0.002429679,-0.003346880,-0.000188089,0.002422388,-0.003346880,,novatel_oem7_msgs.msg.InertialSolutionStatus(status=3),
1786043612528660071,1786043612.526811322,/novatel/oem7/fix,/novatel/oem7/fix,/novatel/oem7/inspva,39.663,-75.756,-1.801142550,0.002429679,-0.003346880,-0.000188089,0.002422388,-0.003346880,,0,
1786043612529732105,1786043612.527238024,/novatel/oem7/odom,/novatel/oem7/fix,/novatel/oem7/odom,39.663,-75.756,-1.801142550,0.002441797,-0.003338049,0.002423157,-0.000301134,-0.003338049,,,
1786043612535682906,1786043612.534964372,/novatel/oem7/odom,/novatel/oem7/fix,/novatel/oem7/odom,39.663,-75.756,-1.801142550,0.002441797,-0.003338049,0.002423157,-0.000301134,-0.003338049,,,
1786043612545702977,1786043612.544967518,/novatel/oem7/inspva,/novatel/oem7/inspva,/novatel/oem7/inspva,39.663,-75.756,-1.801134506,0.003598073,-0.003379595,-0.000770510,0.003514604,-0.003379595,,novatel_oem7_msgs.msg.InertialSolutionStatus(status=3),
1786043612547052777,1786043612.545094191,/novatel/oem7/fix,/novatel/oem7/fix,/novatel/oem7/inspva,39.663,-75.756,-1.801134506,0.003598073,-0.003379595,-0.000770510,0.003514604,-0.003379595,,0,
1786043612548109394,1786043612.545504340,/novatel/oem7/odom,/novatel/oem7/fix,/novatel/oem7/odom,39.663,-75.756,-1.801134506,0.003608767,-0.003368173,0.003484901,-0.000937369,-0.003368173,,,
1786043612556287353,1786043612.555639333,/novatel/oem7/odom,/novatel/oem7/fix,/novatel/oem7/odom,39.663,-75.756,-1.801134506,0.003608767,-0.003368173,0.003484901,-0.000937369,-0.003368173,,,
1786043612565851377,1786043612.565327032,/novatel/oem7/inspva,/novatel/oem7/inspva,/novatel/oem7/inspva,39.663,-75.756,-1.801114460,0.004830253,0.000026383,-0.001901570,0.004440200,0.000026383,,novatel_oem7_msgs.msg.InertialSolutionStatus(status=3),
1786043612567198250,1786043612.565528004,/novatel/oem7/fix,/novatel/oem7/fix,/novatel/oem7/inspva,39.663,-75.756,-1.801114460,0.004830253,0.000026383,-0.001901570,0.004440200,0.000026383,,0,
1786043612568266510,1786043612.566116942,/novatel/oem7/odom,/novatel/oem7/fix,/novatel/oem7/odom,39.663,-75.756,-1.801114460,0.004830172,0.000038469,0.004339176,-0.002121819,0.000038469,,,
1786043612576060676,1786043612.575201518,/novatel/oem7/odom,/novatel/oem7/fix,/novatel/oem7/odom,39.663,-75.756,-1.801114460,0.004830172,0.000038469,0.004339176,-0.002121819,0.000038469,,,
1786043612586594052,1786043612.586082189,/novatel/oem7/inspva,/novatel/oem7/inspva,/novatel/oem7/inspva,39.663,-75.756,-1.801118056,0.003651286,-0.000662102,-0.000653533,0.003592323,-0.000662102,,novatel_oem7_msgs.msg.InertialSolutionStatus(status=3),
1786043612587928198,1786043612.586178942,/novatel/oem7/fix,/novatel/oem7/fix,/novatel/oem7/inspva,39.663,-75.756,-1.801118056,0.003651286,-0.000662102,-0.000653533,0.003592323,-0.000662102,,0,
1786043612588984635,1786043612.586630329,/novatel/oem7/odom,/novatel/oem7/fix,/novatel/oem7/odom,39.663,-75.756,-1.801118056,0.003653474,-0.000649918,0.003557686,-0.000831111,-0.000649918,,,
1786043612595374997,1786043612.594727928,/novatel/oem7/odom,/novatel/oem7/fix,/novatel/oem7/odom,39.663,-75.756,-1.801118056,0.003653474,-0.000649918,0.003557686,-0.000831111,-0.000649918,,,
1786043612607142242,1786043612.606596447,/novatel/oem7/inspva,/novatel/oem7/inspva,/novatel/oem7/inspva,39.663,-75.756,-1.801146979,0.002624131,-0.003338769,0.000141354,0.002620321,-0.003338769,,novatel_oem7_msgs.msg.InertialSolutionStatus(status=3),
1786043612608511832,1786043612.606777058,/novatel/oem7/fix,/novatel/oem7/fix,/novatel/oem7/inspva,39.663,-75.756,-1.801146979,0.002624131,-0.003338769,0.000141354,0.002620321,-0.003338769,,0,
1786043612609572136,1786043612.607251406,/novatel/oem7/odom,/novatel/oem7/fix,/novatel/oem7/odom,39.663,-75.756,-1.801146979,0.002637350,-0.003328336,0.002637288,0.000018047,-0.003328336,,,
1786043612611040887,1786043612.610264922,/novatel/oem7/bestpos,/novatel/oem7/bestpos,/novatel/oem7/odom,39.663,-75.756,33.181251111,0.002637350,-0.003328336,0.002637288,0.000018047,-0.003328336,,novatel_oem7_msgs.msg.SolutionStatus(status=0),novatel_oem7_msgs.msg.PositionOrVelocityType(type=53)
1786043612612473817,1786043612.610601109,/novatel/oem7/bestvel,/novatel/oem7/bestpos,/novatel/oem7/bestvel,39.663,-75.756,33.181251111,0.001740344,-0.002964976,,,,80.079741193,novatel_oem7_msgs.msg.SolutionStatus(status=0),novatel_oem7_msgs.msg.PositionOrVelocityType(type=53)
1786043612616227311,1786043612.615551334,/novatel/oem7/odom,/novatel/oem7/bestpos,/novatel/oem7/odom,39.663,-75.756,33.181251111,0.002637350,-0.003328336,0.002637288,0.000018047,-0.003328336,,,
1786043612625964602,1786043612.625462930,/novatel/oem7/inspva,/novatel/oem7/inspva,/novatel/oem7/inspva,39.663,-75.756,-1.801139508,0.003238381,-0.003004780,-0.000333484,0.003221164,-0.003004780,,novatel_oem7_msgs.msg.InertialSolutionStatus(status=3),
1786043612627310135,1786043612.625548598,/novatel/oem7/fix,/novatel/oem7/fix,/novatel/oem7/inspva,39.663,-75.756,-1.801139508,0.003238381,-0.003004780,-0.000333484,0.003221164,-0.003004780,,0,
1786043612628393219,1786043612.626054883,/novatel/oem7/odom,/novatel/oem7/fix,/novatel/oem7/odom,39.663,-75.756,-1.801139508,0.003249041,-0.002993250,0.003212331,-0.000487025,-0.002993250,,,
1786043612635282749,1786043612.634521232,/novatel/oem7/odom,/novatel/oem7/fix,/novatel/oem7/odom,39.663,-75.756,-1.801139508,0.003249041,-0.002993250,0.003212331,-0.000487025,-0.002993250,,,
1786043612647938656,1786043612.647219386,/novatel/oem7/inspva,/novatel/oem7/inspva,/novatel/oem7/inspva,39.663,-75.756,-1.801125223,0.004327792,-0.000791297,-0.002386417,0.003610374,-0.000791297,,novatel_oem7_msgs.msg.InertialSolutionStatus(status=3),
1786043612649339360,1786043612.647440788,/novatel/oem7/fix,/novatel/oem7/fix,/novatel/oem7/inspva,39.663,-75.756,-1.801125223,0.004327792,-0.000791297,-0.002386417,0.003610374,-0.000791297,,0,
1786043612650457004,1786043612.647841569,/novatel/oem7/odom,/novatel/oem7/fix,/novatel/oem7/odom,39.663,-75.756,-1.801125223,0.004329164,-0.000783757,0.003489426,-0.002562336,-0.000783757,,,
1786043612657278297,1786043612.656535183,/novatel/oem7/odom,/novatel/oem7/fix,/novatel/oem7/odom,39.663,-75.756,-1.801125223,0.004329164,-0.000783757,0.003489426,-0.002562336,-0.000783757,,,
1786043612665768220,1786043612.665082973,/novatel/oem7/inspva,/novatel/oem7/inspva,/novatel/oem7/inspva,39.663,-75.756,-1.801123436,0.004170589,-0.000459589,-0.001766858,0.003777833,-0.000459589,,novatel_oem7_msgs.msg.InertialSolutionStatus(status=3),
1786043612667200240,1786043612.665275952,/novatel/oem7/fix,/novatel/oem7/fix,/novatel/oem7/inspva,39.663,-75.756,-1.801123436,0.004170589,-0.000459589,-0.001766858,0.003777833,-0.000459589,,0,
1786043612668303255,1786043612.665760563,/novatel/oem7/odom,/novatel/oem7/fix,/novatel/oem7/odom,39.663,-75.756,-1.801123436,0.004171657,-0.000449795,0.003686385,-0.001952762,-0.000449795,,,
1786043612676389320,1786043612.675689277,/novatel/oem7/odom,/novatel/oem7/fix,/novatel/oem7/odom,39.663,-75.756,-1.801123436,0.004171657,-0.000449795,0.003686385,-0.001952762,-0.000449795,,,
1786043612686179075,1786043612.685553246,/novatel/oem7/inspva,/novatel/oem7/inspva,/novatel/oem7/inspva,39.663,-75.756,-1.801144443,0.002404249,-0.001998756,-0.000435525,0.002364473,-0.001998756,,novatel_oem7_msgs.msg.InertialSolutionStatus(status=3),
1786043612687592126,1786043612.685692584,/novatel/oem7/fix,/novatel/oem7/fix,/novatel/oem7/inspva,39.663,-75.756,-1.801144443,0.002404249,-0.001998756,-0.000435525,0.002364473,-0.001998756,,0,
1786043612688633376,1786043612.686626217,/novatel/oem7/odom,/novatel/oem7/fix,/novatel/oem7/odom,39.663,-75.756,-1.801144443,0.002410860,-0.001990778,0.002347636,-0.000548497,-0.001990778,,,
1786043612695357145,1786043612.694653615,/novatel/oem7/odom,/novatel/oem7/fix,/novatel/oem7/odom,39.663,-75.756,-1.801144443,0.002410860,-0.001990778,0.002347636,-0.000548497,-0.001990778,,,
1786043612706714315,1786043612.706019942,/novatel/oem7/inspva,/novatel/oem7/inspva,/novatel/oem7/inspva,39.663,-75.756,-1.801138238,0.002535977,-0.002155338,-0.000457207,0.002494422,-0.002155338,,novatel_oem7_msgs.msg.InertialSolutionStatus(status=3),
1786043612708047932,1786043612.706163384,/novatel/oem7/fix,/novatel/oem7/fix,/novatel/oem7/inspva,39.663,-75.756,-1.801138238,0.002535977,-0.002155338,-0.000457207,0.002494422,-0.002155338,,0,
1786043612709083438,1786043612.706627378,/novatel/oem7/odom,/novatel/oem7/fix,/novatel/oem7/odom,39.663,-75.756,-1.801138238,0.002543069,-0.002146965,0.002476921,-0.000576248,-0.002146965,,,
1786043612710945093,1786043612.709986807,/novatel/oem7/bestpos,/novatel/oem7/bestpos,/novatel/oem7/odom,39.663,-75.756,33.181243122,0.002543069,-0.002146965,0.002476921,-0.000576248,-0.002146965,,novatel_oem7_msgs.msg.SolutionStatus(status=0),novatel_oem7_msgs.msg.PositionOrVelocityType(type=53)
1786043612712351860,1786043612.710510382,/novatel/oem7/bestvel,/novatel/oem7/bestpos,/novatel/oem7/bestvel,39.663,-75.756,33.181243122,0.002801179,-0.002349850,,,,97.630852379,novatel_oem7_msgs.msg.SolutionStatus(status=0),novatel_oem7_msgs.msg.PositionOrVelocityType(type=53)
1786043612715624082,1786043612.714887255,/novatel/oem7/odom,/novatel/oem7/bestpos,/novatel/oem7/odom,39.663,-75.756,33.181243122,0.002543069,-0.002146965,0.002476921,-0.000576248,-0.002146965,,,
1786043612726067911,1786043612.725415698,/novatel/oem7/inspva,/novatel/oem7/inspva,/novatel/oem7/inspva,39.663,-75.756,-1.801144881,0.003901673,-0.002482804,-0.002467222,0.003022560,-0.002482804,,novatel_oem7_msgs.msg.InertialSolutionStatus(status=3),
1786043612727502558,1786043612.725573866,/novatel/oem7/fix,/novatel/oem7/fix,/novatel/oem7/inspva,39.663,-75.756,-1.801144881,0.003901673,-0.002482804,-0.002467222,0.003022560,-0.002482804,,0,
1786043612728580505,1786043612.726186949,/novatel/oem7/odom,/novatel/oem7/fix,/novatel/oem7/odom,39.663,-75.756,-1.801144881,0.003904885,-0.002477750,0.002905010,-0.002609414,-0.002477750,,,
1786043612736447209,1786043612.735706365,/novatel/oem7/odom,/novatel/oem7/fix,/novatel/oem7/odom,39.663,-75.756,-1.801144881,0.003904885,-0.002477750,0.002905010,-0.002609414,-0.002477750,,,
1786043612745984775,1786043612.745348169,/novatel/oem7/inspva,/novatel/oem7/inspva,/novatel/oem7/inspva,39.663,-75.756,-1.801136398,0.003917303,-0.001911585,-0.002702018,0.002836259,-0.001911585,,novatel_oem7_msgs.msg.InertialSolutionStatus(status=3),
1786043612747380488,1786043612.745568364,/novatel/oem7/fix,/novatel/oem7/fix,/novatel/oem7/inspva,39.663,-75.756,-1.801136398,0.003917303,-0.001911585,-0.002702018,0.002836259,-0.001911585,,0,
1786043612748477296,1786043612.745976712,/novatel/oem7/odom,/novatel/oem7/fix,/novatel/oem7/odom,39.663,-75.756,-1.801136398,0.003919101,-0.001907897,0.002704951,-0.002835946,-0.001907897,,,
1786043612756507557,1786043612.755774593,/novatel/oem7/odom,/novatel/oem7/fix,/novatel/oem7/odom,39.663,-75.756,-1.801136398,0.003919101,-0.001907897,0.002704951,-0.002835946,-0.001907897,,,
1786043612767472977,1786043612.766846038,/novatel/oem7/inspva,/novatel/oem7/inspva,/novatel/oem7/inspva,39.663,-75.756,-1.801142531,0.002432478,-0.000624820,-0.000842274,0.002282000,-0.000624820,,novatel_oem7_msgs.msg.InertialSolutionStatus(status=3),
1786043612768844948,1786043612.766996130,/novatel/oem7/fix,/novatel/oem7/fix,/novatel/oem7/inspva,39.663,-75.756,-1.801142531,0.002432478,-0.000624820,-0.000842274,0.002282000,-0.000624820,,0,
1786043612769892591,1786043612.767740420,/novatel/oem7/odom,/novatel/oem7/fix,/novatel/oem7/odom,39.663,-75.756,-1.801142531,0.002434152,-0.000618264,0.002239427,-0.000953971,-0.000618264,,,
1786043612775875516,1786043612.775167492,/novatel/oem7/odom,/novatel/oem7/fix,/novatel/oem7/odom,39.663,-75.756,-1.801142531,0.002434152,-0.000618264,0.002239427,-0.000953971,-0.000618264,,,
1786043612785626794,1786043612.785006942,/novatel/oem7/inspva,/novatel/oem7/inspva,/novatel/oem7/inspva,39.663,-75.756,-1.801151237,0.001975698,-0.001452653,-0.000592977,0.001884612,-0.001452653,,novatel_oem7_msgs.msg.InertialSolutionStatus(status=3),
1786043612786989631,1786043612.785151280,/novatel/oem7/fix,/novatel/oem7/fix,/novatel/oem7/inspva,39.663,-75.756,-1.801151237,0.001975698,-0.001452653,-0.000592977,0.001884612,-0.001452653,,0,
1786043612788031164,1786043612.785574821,/novatel/oem7/odom,/novatel/oem7/fix,/novatel/oem7/odom,39.663,-75.756,-1.801151237,0.001979870,-0.001446962,0.001858316,-0.000683043,-0.001446962,,,
1786043612796167367,1786043612.795470067,/novatel/oem7/odom,/novatel/oem7/fix,/novatel/oem7/odom,39.663,-75.756,-1.801151237,0.001979870,-0.001446962,0.001858316,-0.000683043,-0.001446962,,,
1786043612807349513,1786043612.806531972,/novatel/oem7/inspva,/novatel/oem7/inspva,/novatel/oem7/inspva,39.663,-75.756,-1.801169561,0.002447963,-0.003054636,-0.001598972,0.001853594,-0.003054636,,novatel_oem7_msgs.msg.InertialSolutionStatus(status=3),
1786043612809517634,1786043612.806674389,/novatel/oem7/fix,/novatel/oem7/fix,/novatel/oem7/inspva,39.663,-75.756,-1.801169561,0.002447963,-0.003054636,-0.001598972,0.001853594,-0.003054636,,0,
1786043612811223984,1786043612.807566015,/novatel/oem7/odom,/novatel/oem7/fix,/novatel/oem7/odom,39.663,-75.756,-1.801169561,0.002451576,-0.003051737,0.001783256,-0.001682326,-0.003051737,,,
1786043612813580546,1786043612.810562044,/novatel/oem7/bestpos,/novatel/oem7/bestpos,/novatel/oem7/odom,39.663,-75.756,33.181230873,0.002451576,-0.003051737,0.001783256,-0.001682326,-0.003051737,,novatel_oem7_msgs.msg.SolutionStatus(status=0),novatel_oem7_msgs.msg.PositionOrVelocityType(type=53)
1786043612815037001,1786043612.811014112,/novatel/oem7/bestvel,/novatel/oem7/bestpos,/novatel/oem7/bestvel,39.663,-75.756,33.181230873,0.002796588,-0.002348622,,,,149.825646823,novatel_oem7_msgs.msg.SolutionStatus(status=0),novatel_oem7_msgs.msg.PositionOrVelocityType(type=53)
1786043612817572862,1786043612.814977104,/novatel/oem7/odom,/novatel/oem7/bestpos,/novatel/oem7/odom,39.663,-75.756,33.181230873,0.002451576,-0.003051737,0.001783256,-0.001682326,-0.003051737,,,
1786043612825884856,1786043612.825069042,/novatel/oem7/inspva,/novatel/oem7/inspva,/novatel/oem7/inspva,39.663,-75.756,-1.801170934,0.003403487,-0.002842581,-0.002270887,0.002535112,-0.002842581,,novatel_oem7_msgs.msg.InertialSolutionStatus(status=3),
1786043612827985454,1786043612.825226827,/novatel/oem7/fix,/novatel/oem7/fix,/novatel/oem7/inspva,39.663,-75.756,-1.801170934,0.003403487,-0.002842581,-0.002270887,0.002535112,-0.002842581,,0,
1786043612829693840,1786043612.825632438,/novatel/oem7/odom,/novatel/oem7/fix,/novatel/oem7/odom,39.663,-75.756,-1.801170934,0.003406590,-0.002838861,0.002429458,-0.002388010,-0.002838861,,,
1786043612835859944,1786043612.834774760,/novatel/oem7/odom,/novatel/oem7/fix,/novatel/oem7/odom,39.663,-75.756,-1.801170934,0.003406590,-0.002838861,0.002429458,-0.002388010,-0.002838861,,,
1786043612845857071,1786043612.845317633,/novatel/oem7/inspva,/novatel/oem7/inspva,/novatel/oem7/inspva,39.663,-75.756,-1.801171829,0.002689452,-0.000593530,-0.001394400,0.002299740,-0.000593530,,novatel_oem7_msgs.msg.InertialSolutionStatus(status=3),
1786043612847189728,1786043612.845500551,/novatel/oem7/fix,/novatel/oem7/fix,/novatel/oem7/inspva,39.663,-75.756,-1.801171829,0.002689452,-0.000593530,-0.001394400,0.002299740,-0.000593530,,0,
1786043612848245481,1786043612.846005556,/novatel/oem7/odom,/novatel/oem7/fix,/novatel/oem7/odom,39.663,-75.756,-1.801171829,0.002690584,-0.000588376,0.002229394,-0.001506335,-0.000588376,,,
1786043612856972286,1786043612.856314853,/novatel/oem7/odom,/novatel/oem7/fix,/novatel/oem7/odom,39.663,-75.756,-1.801171829,0.002690584,-0.000588376,0.002229394,-0.001506335,-0.000588376,,,
1786043612866814422,1786043612.866186026,/novatel/oem7/inspva,/novatel/oem7/inspva,/novatel/oem7/inspva,39.663,-75.756,-1.801189828,0.002345862,-0.000879450,-0.001031130,0.002107093,-0.000879450,,novatel_oem7_msgs.msg.InertialSolutionStatus(status=3),
1786043612868245833,1786043612.866568870,/novatel/oem7/fix,/novatel/oem7/fix,/novatel/oem7/inspva,39.663,-75.756,-1.801189828,0.002345862,-0.000879450,-0.001031130,0.002107093,-0.000879450,,0,
1786043612869322963,1786043612.866953060,/novatel/oem7/odom,/novatel/oem7/fix,/novatel/oem7/odom,39.663,-75.756,-1.801189828,0.002347864,-0.000874091,0.002056311,-0.001133160,-0.000874091,,,
1786043612875272095,1786043612.874564984,/novatel/oem7/odom,/novatel/oem7/fix,/novatel/oem7/odom,39.663,-75.756,-1.801189828,0.002347864,-0.000874091,0.002056311,-0.001133160,-0.000874091,,,
1786043612885907418,1786043612.885256632,/novatel/oem7/inspva,/novatel/oem7/inspva,/novatel/oem7/inspva,39.663,-75.756,-1.801224806,0.001167726,-0.003671881,-0.000861804,0.000787959,-0.003671881,,novatel_oem7_msgs.msg.InertialSolutionStatus(status=3),
1786043612887288435,1786043612.885497374,/novatel/oem7/fix,/novatel/oem7/fix,/novatel/oem7/inspva,39.663,-75.756,-1.801224806,0.001167726,-0.003671881,-0.000861804,0.000787959,-0.003671881,,0,
1786043612888381859,1786043612.886000572,/novatel/oem7/odom,/novatel/oem7/fix,/novatel/oem7/odom,39.663,-75.756,-1.801224806,0.001170212,-0.003671089,0.000758305,-0.000891275,-0.003671089,,,
1786043612896059704,1786043612.895355157,/novatel/oem7/odom,/novatel/oem7/fix,/novatel/oem7/odom,39.663,-75.756,-1.801224806,0.001170212,-0.003671089,0.000758305,-0.000891275,-0.003671089,,,
1786043612906548209,1786043612.905886090,/novatel/oem7/inspva,/novatel/oem7/inspva,/novatel/oem7/inspva,39.663,-75.756,-1.801221769,0.001942793,-0.002920165,-0.001388037,0.001359338,-0.002920165,,novatel_oem7_msgs.msg.InertialSolutionStatus(status=3),
1786043612907917573,1786043612.906118972,/novatel/oem7/fix,/novatel/oem7/fix,/novatel/oem7/inspva,39.663,-75.756,-1.801221769,0.001942793,-0.002920165,-0.001388037,0.001359338,-0.002920165,,0,
1786043612908990433,1786043612.906571243,/novatel/oem7/odom,/novatel/oem7/fix,/novatel/oem7/odom,39.663,-75.756,-1.801221769,0.001945094,-0.002918633,0.001299611,-0.001447205,-0.002918633,,,
1786043612910580765,1786043612.909501348,/novatel/oem7/bestpos,/novatel/oem7/bestpos,/novatel/oem7/odom,39.663,-75.756,33.181185463,0.001945094,-0.002918633,0.001299611,-0.001447205,-0.002918633,,novatel_oem7_msgs.msg.SolutionStatus(status=0),novatel_oem7_msgs.msg.PositionOrVelocityType(type=53)
1786043612912027163,1786043612.910183608,/novatel/oem7/bestvel,/novatel/oem7/bestpos,/novatel/oem7/bestvel,39.663,-75.756,33.181185463,0.001552088,-0.002048901,,,,185.875199401,novatel_oem7_msgs.msg.SolutionStatus(status=0),novatel_oem7_msgs.msg.PositionOrVelocityType(type=53)
1786043612915148870,1786043612.914406189,/novatel/oem7/odom,/novatel/oem7/bestpos,/novatel/oem7/odom,39.663,-75.756,33.181185463,0.001945094,-0.002918633,0.001299611,-0.001447205,-0.002918633,,,
1786043612926290572,1786043612.925562035,/novatel/oem7/inspva,/novatel/oem7/inspva,/novatel/oem7/inspva,39.663,-75.756,-1.801220560,0.004271523,-0.000572383,-0.002453864,0.003496350,-0.000572383,,novatel_oem7_msgs.msg.InertialSolutionStatus(status=3),
1786043612928046872,1786043612.925977059,/novatel/oem7/fix,/novatel/oem7/fix,/novatel/oem7/inspva,39.663,-75.756,-1.801220560,0.004271523,-0.000572383,-0.002453864,0.003496350,-0.000572383,,0,
1786043612929173103,1786043612.926432993,/novatel/oem7/odom,/novatel/oem7/fix,/novatel/oem7/odom,39.663,-75.756,-1.801220560,0.004272435,-0.000565539,0.003371390,-0.002624391,-0.000565539,,,
1786043612935504848,1786043612.934806778,/novatel/oem7/odom,/novatel/oem7/fix,/novatel/oem7/odom,39.663,-75.756,-1.801220560,0.004272435,-0.000565539,0.003371390,-0.002624391,-0.000565539,,,
1786043612945713991,1786043612.945059858,/novatel/oem7/inspva,/novatel/oem7/inspva,/novatel/oem7/inspva,39.663,-75.756,-1.801231271,0.002990610,-0.000731111,-0.001965241,0.002254235,-0.000731111,,novatel_oem7_msgs.msg.InertialSolutionStatus(status=3),
1786043612947116431,1786043612.945273290,/novatel/oem7/fix,/novatel/oem7/fix,/novatel/oem7/inspva,39.663,-75.756,-1.801231271,0.002990610,-0.000731111,-0.001965241,0.002254235,-0.000731111,,0,
1786043612948184368,1786043612.945624983,/novatel/oem7/odom,/novatel/oem7/fix,/novatel/oem7/odom,39.663,-75.756,-1.801231271,0.002991450,-0.000727664,0.002155947,-0.002073805,-0.000727664,,,
1786043612956825566,1786043612.956115339,/novatel/oem7/odom,/novatel/oem7/fix,/novatel/oem7/odom,39.663,-75.756,-1.801231271,0.002991450,-0.000727664,0.002155947,-0.002073805,-0.000727664,,,
1786043612966339565,1786043612.965514964,/novatel/oem7/inspva,/novatel/oem7/inspva,/novatel/oem7/inspva,39.663,-75.756,-1.801267534,0.000755362,-0.003289054,-0.000692099,0.000302605,-0.003289054,,novatel_oem7_msgs.msg.InertialSolutionStatus(status=3),
1786043612967752089,1786043612.966009252,/novatel/oem7/fix,/novatel/oem7/fix,/novatel/oem7/inspva,39.663,-75.756,-1.801267534,0.000755362,-0.003289054,-0.000692099,0.000302605,-0.003289054,,0,
1786043612968822273,1786043612.966376852,/novatel/oem7/odom,/novatel/oem7/fix,/novatel/oem7/odom,39.663,-75.756,-1.801267534,0.000752578,-0.003289692,0.000280485,-0.000698356,-0.003289692,,,
1786043612975673710,1786043612.974932989,/novatel/oem7/odom,/novatel/oem7/fix,/novatel/oem7/odom,39.663,-75.756,-1.801267534,0.000752578,-0.003289692,0.000280485,-0.000698356,-0.003289692,,,
1786043612986679510,1786043612.986031756,/novatel/oem7/inspva,/novatel/oem7/inspva,/novatel/oem7/inspva,39.663,-75.756,-1.801269295,0.001661199,-0.003389952,-0.001403927,0.000888016,-0.003389952,,novatel_oem7_msgs.msg.InertialSolutionStatus(status=3),
1786043612988067377,1786043612.986193256,/novatel/oem7/fix,/novatel/oem7/fix,/novatel/oem7/inspva,39.663,-75.756,-1.801269295,0.001661199,-0.003389952,-0.001403927,0.000888016,-0.003389952,,0,
1786043612989154241,1786043612.986555691,/novatel/oem7/odom,/novatel/oem7/fix,/novatel/oem7/odom,39.663,-75.756,-1.801269295,0.001660621,-0.003390236,0.000829995,-0.001438321,-0.003390236,,,
1786043612995137402,1786043612.994473089,/novatel/oem7/odom,/novatel/oem7/fix,/novatel/oem7/odom,39.663,-75.756,-1.801269295,0.001660621,-0.003390236,0.000829995,-0.001438321,-0.003390236,,,
1786043613010653254,1786043613.010034524,/novatel/oem7/inspva,/novatel/oem7/inspva,/novatel/oem7/inspva,39.663,-75.756,-1.801264365,0.003498758,-0.000528696,-0.002564242,0.002380330,-0.000528696,,novatel_oem7_msgs.msg.InertialSolutionStatus(status=3),
1786043613012008060,1786043613.010223188,/novatel/oem7/fix,/novatel/oem7/fix,/novatel/oem7/inspva,39.663,-75.756,-1.801264365,0.003498758,-0.000528696,-0.002564242,0.002380330,-0.000528696,,0,
1786043613013536899,1786043613.011728237,/novatel/oem7/odom,/novatel/oem7/fix,/novatel/oem7/odom,39.663,-75.756,-1.801264365,0.003499108,-0.000526373,0.002251123,-0.002678843,-0.000526373,,,
1786043613016677149,1786043613.015978449,/novatel/oem7/odom,/novatel/oem7/fix,/novatel/oem7/odom,39.663,-75.756,-1.801264365,0.003499108,-0.000526373,0.002251123,-0.002678843,-0.000526373,,,
1786043613026306853,1786043613.025667587,/novatel/oem7/bestpos,/novatel/oem7/bestpos,/novatel/oem7/odom,39.663,-75.756,33.181106091,0.003499108,-0.000526373,0.002251123,-0.002678843,-0.000526373,,novatel_oem7_msgs.msg.SolutionStatus(status=0),novatel_oem7_msgs.msg.PositionOrVelocityType(type=53)
1786043613027943132,1786043613.026570169,/novatel/oem7/bestvel,/novatel/oem7/bestpos,/novatel/oem7/bestvel,39.663,-75.756,33.181106091,0.003433285,-0.001277449,,,,121.066390028,novatel_oem7_msgs.msg.SolutionStatus(status=0),novatel_oem7_msgs.msg.PositionOrVelocityType(type=53)
1786043613028844201,1786043613.027024616,/novatel/oem7/inspva,/novatel/oem7/inspva,/novatel/oem7/inspva,39.663,-75.756,-1.801285777,0.003517028,-0.001484768,-0.002476407,0.002497377,-0.001484768,,novatel_oem7_msgs.msg.InertialSolutionStatus(status=3),
1786043613029659479,1786043613.027187798,/novatel/oem7/fix,/novatel/oem7/fix,/novatel/oem7/inspva,39.663,-75.756,-1.801285777,0.003517028,-0.001484768,-0.002476407,0.002497377,-0.001484768,,0,
1786043613031134856,1786043613.027513713,/novatel/oem7/odom,/novatel/oem7/fix,/novatel/oem7/odom,39.663,-75.756,-1.801285777,0.003518295,-0.001481764,0.002376237,-0.002594590,-0.001481764,,,
1786043613035317427,1786043613.034607210,/novatel/oem7/odom,/novatel/oem7/fix,/novatel/oem7/odom,39.663,-75.756,-1.801285777,0.003518295,-0.001481764,0.002376237,-0.002594590,-0.001481764,,,
1786043613047213783,1786043613.046627557,/novatel/oem7/inspva,/novatel/oem7/inspva,/novatel/oem7/inspva,39.663,-75.756,-1.801276889,0.000553708,-0.002268211,-0.000406051,0.000376451,-0.002268211,,novatel_oem7_msgs.msg.InertialSolutionStatus(status=3),
1786043613048585940,1786043613.046783106,/novatel/oem7/fix,/novatel/oem7/fix,/novatel/oem7/inspva,39.663,-75.756,-1.801276889,0.000553708,-0.002268211,-0.000406051,0.000376451,-0.002268211,,0,
1786043613049633594,1786043613.047280337,/novatel/oem7/odom,/novatel/oem7/fix,/novatel/oem7/odom,39.663,-75.756,-1.801276889,0.000555329,-0.002267814,0.000364657,-0.000418827,-0.002267814,,,
1786043613057262108,1786043613.056562448,/novatel/oem7/odom,/novatel/oem7/fix,/novatel/oem7/odom,39.663,-75.756,-1.801276889,0.000555329,-0.002267814,0.000364657,-0.000418827,-0.002267814,,,
1786043613065703103,1786043613.065075734,/novatel/oem7/inspva,/novatel/oem7/inspva,/novatel/oem7/inspva,39.663,-75.756,-1.801257797,0.001317575,-0.003077153,-0.001143984,0.000653684,-0.003077153,,novatel_oem7_msgs.msg.InertialSolutionStatus(status=3),
1786043613067106061,1786043613.065237799,/novatel/oem7/fix,/novatel/oem7/fix,/novatel/oem7/inspva,39.663,-75.756,-1.801257797,0.001317575,-0.003077153,-0.001143984,0.000653684,-0.003077153,,0,
1786043613068186647,1786043613.065676033,/novatel/oem7/odom,/novatel/oem7/fix,/novatel/oem7/odom,39.663,-75.756,-1.801257797,0.001316436,-0.003077640,0.000607769,-0.001167741,-0.003077640,,,
1786043613075630430,1786043613.074904967,/novatel/oem7/odom,/novatel/oem7/fix,/novatel/oem7/odom,39.663,-75.756,-1.801257797,0.001316436,-0.003077640,0.000607769,-0.001167741,-0.003077640,,,
1786043613086080229,1786043613.085471876,/novatel/oem7/inspva,/novatel/oem7/inspva,/novatel/oem7/inspva,39.663,-75.756,-1.801228929,0.002997934,-0.001619225,-0.002497280,0.001658675,-0.001619225,,novatel_oem7_msgs.msg.InertialSolutionStatus(status=3),
1786043613087505829,1786043613.085627611,/novatel/oem7/fix,/novatel/oem7/fix,/novatel/oem7/inspva,39.663,-75.756,-1.801228929,0.002997934,-0.001619225,-0.002497280,0.001658675,-0.001619225,,0,
1786043613088576773,1786043613.086403815,/novatel/oem7/odom,/novatel/oem7/fix,/novatel/oem7/odom,39.663,-75.756,-1.801228929,0.002997796,-0.001619481,0.001538059,-0.002573161,-0.001619481,,,
1786043613095670692,1786043613.094975342,/novatel/oem7/odom,/novatel/oem7/fix,/novatel/oem7/odom,39.663,-75.756,-1.801228929,0.002997796,-0.001619481,0.001538059,-0.002573161,-0.001619481,,,
1786043613106572505,1786043613.105984690,/novatel/oem7/inspva,/novatel/oem7/inspva,/novatel/oem7/inspva,39.663,-75.756,-1.801205593,0.002718908,-0.001397743,-0.002415272,0.001248569,-0.001397743,,novatel_oem7_msgs.msg.InertialSolutionStatus(status=3),
1786043613107898158,1786043613.106131107,/novatel/oem7/fix,/novatel/oem7/fix,/novatel/oem7/inspva,39.663,-75.756,-1.801205593,0.002718908,-0.001397743,-0.002415272,0.001248569,-0.001397743,,0,
1786043613108936548,1786043613.106569312,/novatel/oem7/odom,/novatel/oem7/fix,/novatel/oem7/odom,39.663,-75.756,-1.801205593,0.002718060,-0.001399392,0.001131717,-0.002471248,-0.001399392,,,
1786043613110482110,1786043613.109507640,/novatel/oem7/bestpos,/novatel/oem7/bestpos,/novatel/oem7/odom,39.663,-75.756,33.181178642,0.002718060,-0.001399392,0.001131717,-0.002471248,-0.001399392,,novatel_oem7_msgs.msg.SolutionStatus(status=0),novatel_oem7_msgs.msg.PositionOrVelocityType(type=53)
1786043613111855937,1786043613.110171626,/novatel/oem7/bestvel,/novatel/oem7/bestpos,/novatel/oem7/bestvel,39.663,-75.756,33.181178642,0.001918384,-0.001526036,,,,156.677269574,novatel_oem7_msgs.msg.SolutionStatus(status=0),novatel_oem7_msgs.msg.PositionOrVelocityType(type=53)
1786043613115022731,1786043613.114366251,/novatel/oem7/odom,/novatel/oem7/bestpos,/novatel/oem7/odom,39.663,-75.756,33.181178642,0.002718060,-0.001399392,0.001131717,-0.002471248,-0.001399392,,,
1786043613127050131,1786043613.125298948,/novatel/oem7/inspva,/novatel/oem7/inspva,/novatel/oem7/inspva,39.663,-75.756,-1.801195681,0.000674241,-0.001617815,-0.000427687,0.000521234,-0.001617815,,novatel_oem7_msgs.msg.InertialSolutionStatus(status=3),
1786043613127885373,1786043613.125644874,/novatel/oem7/fix,/novatel/oem7/fix,/novatel/oem7/inspva,39.663,-75.756,-1.801195681,0.000674241,-0.001617815,-0.000427687,0.000521234,-0.001617815,,0,
1786043613129351477,1786043613.126745648,/novatel/oem7/odom,/novatel/oem7/fix,/novatel/oem7/odom,39.663,-75.756,-1.801195681,0.002718060,-0.001399393,0.001131742,-0.002471236,-0.001399393,,,
1786043613136148900,1786043613.135521024,/novatel/oem7/odom,/novatel/oem7/fix,/novatel/oem7/odom,39.663,-75.756,-1.801195681,0.000676327,-0.001616944,0.000505587,-0.000449222,-0.001616944,,,
1786043613145613556,1786043613.145080064,/novatel/oem7/inspva,/novatel/oem7/inspva,/novatel/oem7/inspva,39.663,-75.756,-1.801180071,0.000674277,-0.002219674,-0.000618251,-0.000269101,-0.002219674,,novatel_oem7_msgs.msg.InertialSolutionStatus(status=3),
1786043613146913392,1786043613.145246008,/novatel/oem7/fix,/novatel/oem7/fix,/novatel/oem7/inspva,39.663,-75.756,-1.801180071,0.000674277,-0.002219674,-0.000618251,-0.000269101,-0.002219674,,0,
1786043613147956192,1786043613.145802024,/novatel/oem7/odom,/novatel/oem7/fix,/novatel/oem7/odom,39.663,-75.756,-1.801180071,0.000665509,-0.002222318,-0.000290923,-0.000598554,-0.002222318,,,
1786043613156300350,1786043613.155652794,/novatel/oem7/odom,/novatel/oem7/fix,/novatel/oem7/odom,39.663,-75.756,-1.801180071,0.000665509,-0.002222318,-0.000290923,-0.000598554,-0.002222318,,,
1786043613167117875,1786043613.166617490,/novatel/oem7/inspva,/novatel/oem7/inspva,/novatel/oem7/inspva,39.663,-75.756,-1.801162945,0.002583009,-0.002397898,-0.002417179,0.000910593,-0.002397898,,novatel_oem7_msgs.msg.InertialSolutionStatus(status=3),
1786043613168408134,1786043613.166779092,/novatel/oem7/fix,/novatel/oem7/fix,/novatel/oem7/inspva,39.663,-75.756,-1.801162945,0.002583009,-0.002397898,-0.002417179,0.000910593,-0.002397898,,0,
1786043613169455788,1786043613.167292200,/novatel/oem7/odom,/novatel/oem7/fix,/novatel/oem7/odom,39.663,-75.756,-1.801162945,0.002580256,-0.002400861,0.000797927,-0.002453779,-0.002400861,,,
1786043613175766810,1786043613.175031014,/novatel/oem7/odom,/novatel/oem7/fix,/novatel/oem7/odom,39.663,-75.756,-1.801162945,0.002580256,-0.002400861,0.000797927,-0.002453779,-0.002400861,,,
1786043613185773687,1786043613.185234958,/novatel/oem7/inspva,/novatel/oem7/inspva,/novatel/oem7/inspva,39.663,-75.756,-1.801130571,0.002562171,-0.001245503,-0.002359357,0.000999079,-0.001245503,,novatel_oem7_msgs.msg.InertialSolutionStatus(status=3),
1786043613187101666,1786043613.185404260,/novatel/oem7/fix,/novatel/oem7/fix,/novatel/oem7/inspva,39.663,-75.756,-1.801130571,0.002562171,-0.001245503,-0.002359357,0.000999079,-0.001245503,,0,
1786043613188145697,1786043613.185696999,/novatel/oem7/odom,/novatel/oem7/fix,/novatel/oem7/odom,39.663,-75.756,-1.801130571,0.002560967,-0.001247977,0.000884721,-0.002403294,-0.001247977,,,
1786043613196246865,1786043613.195598089,/novatel/oem7/odom,/novatel/oem7/fix,/novatel/oem7/odom,39.663,-75.756,-1.801130571,0.002560967,-0.001247977,0.000884721,-0.002403294,-0.001247977,,,
1786043613206868519,1786043613.206352828,/novatel/oem7/inspva,/novatel/oem7/inspva,/novatel/oem7/inspva,39.663,-75.756,-1.801127808,0.001142690,-0.001941397,-0.000816771,0.000799141,-0.001941397,,novatel_oem7_msgs.msg.InertialSolutionStatus(status=3),
1786043613208210046,1786043613.206559843,/novatel/oem7/fix,/novatel/oem7/fix,/novatel/oem7/inspva,39.663,-75.756,-1.801127808,0.001142690,-0.001941397,-0.000816771,0.000799141,-0.001941397,,0,
1786043613209284279,1786043613.207159625,/novatel/oem7/odom,/novatel/oem7/fix,/novatel/oem7/odom,39.663,-75.756,-1.801127808,0.001144262,-0.001940472,0.000765004,-0.000850943,-0.001940472,,,
1786043613211118264,1786043613.210368590,/novatel/oem7/bestpos,/novatel/oem7/bestpos,/novatel/oem7/odom,39.663,-75.756,33.181254703,0.001144262,-0.001940472,0.000765004,-0.000850943,-0.001940472,,novatel_oem7_msgs.msg.SolutionStatus(status=0),novatel_oem7_msgs.msg.PositionOrVelocityType(type=53)
1786043613212524728,1786043613.210784404,/novatel/oem7/bestvel,/novatel/oem7/bestpos,/novatel/oem7/bestvel,39.663,-75.756,33.181254703,0.002742385,-0.002461802,,,,119.113897433,novatel_oem7_msgs.msg.SolutionStatus(status=0),novatel_oem7_msgs.msg.PositionOrVelocityType(type=53)
1786043613215667458,1786043613.215014488,/novatel/oem7/odom,/novatel/oem7/bestpos,/novatel/oem7/odom,39.663,-75.756,33.181254703,0.001144262,-0.001940472,0.000765004,-0.000850943,-0.001940472,,,
1786043613226763390,1786043613.226207827,/novatel/oem7/inspva,/novatel/oem7/inspva,/novatel/oem7/inspva,39.663,-75.756,-1.801115113,0.000858189,-0.001978865,-0.000823910,0.000240125,-0.001978865,,novatel_oem7_msgs.msg.InertialSolutionStatus(status=3),
1786043613228092546,1786043613.226370566,/novatel/oem7/fix,/novatel/oem7/fix,/novatel/oem7/inspva,39.663,-75.756,-1.801115113,0.000858189,-0.001978865,-0.000823910,0.000240125,-0.001978865,,0,
1786043613229134170,1786043613.226835217,/novatel/oem7/odom,/novatel/oem7/fix,/novatel/oem7/odom,39.663,-75.756,-1.801115113,0.000855268,-0.001980129,0.000206381,-0.000829994,-0.001980129,,,
1786043613235285540,1786043613.234630733,/novatel/oem7/odom,/novatel/oem7/fix,/novatel/oem7/odom,39.663,-75.756,-1.801115113,0.000855268,-0.001980129,0.000206381,-0.000829994,-0.001980129,,,
1786043613245908799,1786043613.245321531,/novatel/oem7/inspva,/novatel/oem7/inspva,/novatel/oem7/inspva,39.663,-75.756,-1.801114394,0.002211721,-0.003007665,-0.001940428,0.001061343,-0.003007665,,novatel_oem7_msgs.msg.InertialSolutionStatus(status=3),
1786043613247270539,1786043613.245519229,/novatel/oem7/fix,/novatel/oem7/fix,/novatel/oem7/inspva,39.663,-75.756,-1.801114394,0.002211721,-0.003007665,-0.001940428,0.001061343,-0.003007665,,0,
1786043613248349600,1786043613.246228606,/novatel/oem7/odom,/novatel/oem7/fix,/novatel/oem7/odom,39.663,-75.756,-1.801114394,0.002210141,-0.003008826,0.000974705,-0.001983601,-0.003008826,,,
1786043613256957861,1786043613.256286184,/novatel/oem7/odom,/novatel/oem7/fix,/novatel/oem7/odom,39.663,-75.756,-1.801114394,0.002210141,-0.003008826,0.000974705,-0.001983601,-0.003008826,,,
1786043613266012775,1786043613.265475367,/novatel/oem7/inspva,/novatel/oem7/inspva,/novatel/oem7/inspva,39.663,-75.756,-1.801085819,0.002385153,-0.002328631,-0.002384190,-0.000067783,-0.002328631,,novatel_oem7_msgs.msg.InertialSolutionStatus(status=3),
1786043613267325572,1786043613.265626325,/novatel/oem7/fix,/novatel/oem7/fix,/novatel/oem7/inspva,39.663,-75.756,-1.801085819,0.002385153,-0.002328631,-0.002384190,-0.000067783,-0.002328631,,0,
1786043613268363038,1786043613.266149227,/novatel/oem7/odom,/novatel/oem7/fix,/novatel/oem7/odom,39.663,-75.756,-1.801085819,0.002378716,-0.002335206,-0.000177798,-0.002372062,-0.002335206,,,
1786043613275301486,1786043613.274627899,/novatel/oem7/odom,/novatel/oem7/fix,/novatel/oem7/odom,39.663,-75.756,-1.801085819,0.002378716,-0.002335206,-0.000177798,-0.002372062,-0.002335206,,,
1786043613287266156,1786043613.286723357,/novatel/oem7/inspva,/novatel/oem7/inspva,/novatel/oem7/inspva,39.663,-75.756,-1.801065730,0.001186917,-0.000371905,-0.000860721,0.000817271,-0.000371905,,novatel_oem7_msgs.msg.InertialSolutionStatus(status=3),
1786043613288698753,1786043613.286876755,/novatel/oem7/fix,/novatel/oem7/fix,/novatel/oem7/inspva,39.663,-75.756,-1.801065730,0.001186917,-0.000371905,-0.000860721,0.000817271,-0.000371905,,0,
1786043613289787564,1786043613.287357373,/novatel/oem7/odom,/novatel/oem7/fix,/novatel/oem7/odom,39.663,-75.756,-1.801065730,0.001187168,-0.000371104,0.000774667,-0.000899588,-0.000371104,,,
1786043613295861430,1786043613.295193223,/novatel/oem7/odom,/novatel/oem7/fix,/novatel/oem7/odom,39.663,-75.756,-1.801065730,0.001187168,-0.000371104,0.000774667,-0.000899588,-0.000371104,,,
1786043613306407103,1786043613.305886668,/novatel/oem7/inspva,/novatel/oem7/inspva,/novatel/oem7/inspva,39.663,-75.756,-1.801062087,0.001454287,-0.001622704,-0.001422049,0.000304512,-0.001622704,,novatel_oem7_msgs.msg.InertialSolutionStatus(status=3),
1786043613308124373,1786043613.306021982,/novatel/oem7/fix,/novatel/oem7/fix,/novatel/oem7/inspva,39.663,-75.756,-1.801062087,0.001454287,-0.001622704,-0.001422049,0.000304512,-0.001622704,,0,
1786043613309164493,1786043613.307618605,/novatel/oem7/odom,/novatel/oem7/fix,/novatel/oem7/odom,39.663,-75.756,-1.801062087,0.001451363,-0.001625320,0.000239437,-0.001431477,-0.001625320,,,
1786043613310659100,1786043613.309607767,/novatel/oem7/bestpos,/novatel/oem7/bestpos,/novatel/oem7/odom,39.663,-75.756,33.181318100,0.001451363,-0.001625320,0.000239437,-0.001431477,-0.001625320,,novatel_oem7_msgs.msg.SolutionStatus(status=0),novatel_oem7_msgs.msg.PositionOrVelocityType(type=53)
1786043613312073621,1786043613.310266347,/novatel/oem7/bestvel,/novatel/oem7/bestpos,/novatel/oem7/bestvel,39.663,-75.756,33.181318100,0.002751399,-0.002867339,,,,115.884355185,novatel_oem7_msgs.msg.SolutionStatus(status=0),novatel_oem7_msgs.msg.PositionOrVelocityType(type=53)
1786043613316466617,1786043613.315798937,/novatel/oem7/odom,/novatel/oem7/bestpos,/novatel/oem7/odom,39.663,-75.756,33.181318100,0.001451363,-0.001625320,0.000239437,-0.001431477,-0.001625320,,,
1786043613325830985,1786043613.325317427,/novatel/oem7/inspva,/novatel/oem7/inspva,/novatel/oem7/inspva,39.663,-75.756,-1.801070586,0.001826198,-0.003377217,-0.001686255,-0.000701103,-0.003377217,,novatel_oem7_msgs.msg.InertialSolutionStatus(status=3),
1786043613327189892,1786043613.325475962,/novatel/oem7/fix,/novatel/oem7/fix,/novatel/oem7/inspva,39.663,-75.756,-1.801070586,0.001826198,-0.003377217,-0.001686255,-0.000701103,-0.003377217,,0,
1786043613328233179,1786043613.326096495,/novatel/oem7/odom,/novatel/oem7/fix,/novatel/oem7/odom,39.663,-75.756,-1.801070586,0.001813029,-0.003384305,-0.000771383,-0.001640745,-0.003384305,,,
1786043613335820366,1786043613.335135893,/novatel/oem7/odom,/novatel/oem7/fix,/novatel/oem7/odom,39.663,-75.756,-1.801070586,0.001813029,-0.003384305,-0.000771383,-0.001640745,-0.003384305,,,
1786043613346619715,1786043613.346078533,/novatel/oem7/inspva,/novatel/oem7/inspva,/novatel/oem7/inspva,39.663,-75.756,-1.801044410,0.002596681,-0.002671496,-0.002574512,0.000338585,-0.002671496,,novatel_oem7_msgs.msg.InertialSolutionStatus(status=3),
1786043613347916454,1786043613.346226457,/novatel/oem7/fix,/novatel/oem7/fix,/novatel/oem7/inspva,39.663,-75.756,-1.801044410,0.002596681,-0.002671496,-0.002574512,0.000338585,-0.002671496,,0,
1786043613348937537,1786043613.346701242,/novatel/oem7/odom,/novatel/oem7/fix,/novatel/oem7/odom,39.663,-75.756,-1.801044410,0.002590922,-0.002677082,0.000219877,-0.002581575,-0.002677082,,,
1786043613356446834,1786043613.355785320,/novatel/oem7/odom,/novatel/oem7/fix,/novatel/oem7/odom,39.663,-75.756,-1.801044410,0.002590922,-0.002677082,0.000219877,-0.002581575,-0.002677082,,,
1786043613365765801,1786043613.365261722,/novatel/oem7/inspva,/novatel/oem7/inspva,/novatel/oem7/inspva,39.663,-75.756,-1.801017223,0.001964405,-0.000183957,-0.001961616,-0.000104638,-0.000183957,,novatel_oem7_msgs.msg.InertialSolutionStatus(status=3),
1786043613367107997,1786043613.365402658,/novatel/oem7/fix,/novatel/oem7/fix,/novatel/oem7/inspva,39.663,-75.756,-1.801017223,0.001964405,-0.000183957,-0.001961616,-0.000104638,-0.000183957,,0,
1786043613368139481,1786043613.366025450,/novatel/oem7/odom,/novatel/oem7/fix,/novatel/oem7/odom,39.663,-75.756,-1.801017223,0.001963865,-0.000189629,-0.000201832,-0.001953466,-0.000189629,,,
1786043613376162736,1786043613.375530469,/novatel/oem7/odom,/novatel/oem7/fix,/novatel/oem7/odom,39.663,-75.756,-1.801017223,0.001963865,-0.000189629,-0.000201832,-0.001953466,-0.000189629,,,
1786043613385546690,1786043613.385017775,/novatel/oem7/inspva,/novatel/oem7/inspva,/novatel/oem7/inspva,39.663,-75.756,-1.801013232,0.001483761,-0.000649176,-0.001471355,0.000191471,-0.000649176,,novatel_oem7_msgs.msg.InertialSolutionStatus(status=3),
1786043613386831423,1786043613.385155066,/novatel/oem7/fix,/novatel/oem7/fix,/novatel/oem7/inspva,39.663,-75.756,-1.801013232,0.001483761,-0.000649176,-0.001471355,0.000191471,-0.000649176,,0,
1786043613387850883,1786043613.385585864,/novatel/oem7/odom,/novatel/oem7/fix,/novatel/oem7/odom,39.663,-75.756,-1.801013232,0.001482337,-0.000652420,0.000120219,-0.001477454,-0.000652420,,,
1786043613395129044,1786043613.394511344,/novatel/oem7/odom,/novatel/oem7/fix,/novatel/oem7/odom,39.663,-75.756,-1.801013232,0.001482337,-0.000652420,0.000120219,-0.001477454,-0.000652420,,,
1786043613407095570,1786043613.406590319,/novatel/oem7/inspva,/novatel/oem7/inspva,/novatel/oem7/inspva,39.663,-75.756,-1.801033828,0.001508870,-0.003863137,-0.001496227,-0.000194915,-0.003863137,,novatel_oem7_msgs.msg.InertialSolutionStatus(status=3),
1786043613408388093,1786043613.406724277,/novatel/oem7/fix,/novatel/oem7/fix,/novatel/oem7/inspva,39.663,-75.756,-1.801033828,0.001508870,-0.003863137,-0.001496227,-0.000194915,-0.003863137,,0,
1786043613409408690,1786043613.407141221,/novatel/oem7/odom,/novatel/oem7/fix,/novatel/oem7/odom,39.663,-75.756,-1.801033828,0.001496856,-0.003867808,-0.000254393,-0.001475080,-0.003867808,,,
1786043613411844587,1786043613.410252312,/novatel/oem7/bestpos,/novatel/oem7/bestpos,/novatel/oem7/odom,39.663,-75.756,33.181371547,0.001496856,-0.003867808,-0.000254393,-0.001475080,-0.003867808,,novatel_oem7_msgs.msg.SolutionStatus(status=0),novatel_oem7_msgs.msg.PositionOrVelocityType(type=53)
1786043613413208740,1786043613.411407779,/novatel/oem7/bestvel,/novatel/oem7/bestpos,/novatel/oem7/bestvel,39.663,-75.756,33.181371547,0.002600569,-0.003282363,,,,181.715024021,novatel_oem7_msgs.msg.SolutionStatus(status=0),novatel_oem7_msgs.msg.PositionOrVelocityType(type=53)
1786043613415737911,1786043613.415082985,/novatel/oem7/odom,/novatel/oem7/bestpos,/novatel/oem7/odom,39.663,-75.756,33.181371547,0.001496856,-0.003867808,-0.000254393,-0.001475080,-0.003867808,,,
1786043613425608974,1786043613.425085796,/novatel/oem7/inspva,/novatel/oem7/inspva,/novatel/oem7/inspva,39.663,-75.756,-1.801011886,0.001939207,-0.002905530,-0.001488147,-0.001243359,-0.002905530,,novatel_oem7_msgs.msg.InertialSolutionStatus(status=3),
1786043613426909313,1786043613.425232034,/novatel/oem7/fix,/novatel/oem7/fix,/novatel/oem7/inspva,39.663,-75.756,-1.801011886,0.001939207,-0.002905530,-0.001488147,-0.001243359,-0.002905530,,0,
1786043613427937117,1786043613.425687905,/novatel/oem7/odom,/novatel/oem7/fix,/novatel/oem7/odom,39.663,-75.756,-1.801011886,0.001926236,-0.002914146,-0.001304903,-0.001416903,-0.002914146,,,
1786043613436340545,1786043613.435709793,/novatel/oem7/odom,/novatel/oem7/fix,/novatel/oem7/odom,39.663,-75.756,-1.801011886,0.001926236,-0.002914146,-0.001304903,-0.001416903,-0.002914146,,,
1786043613445812154,1786043613.445313526,/novatel/oem7/inspva,/novatel/oem7/inspva,/novatel/oem7/inspva,39.663,-75.756,-1.800993951,0.003575556,-0.000940736,-0.003085942,0.001805980,-0.000940736,,novatel_oem7_msgs.msg.InertialSolutionStatus(status=3),
1786043613447119040,1786043613.445390432,/novatel/oem7/fix,/novatel/oem7/fix,/novatel/oem7/inspva,39.663,-75.756,-1.800993951,0.003575556,-0.000940736,-0.003085942,0.001805980,-0.000940736,,0,
1786043613448176491,1786043613.445952959,/novatel/oem7/odom,/novatel/oem7/fix,/novatel/oem7/odom,39.663,-75.756,-1.800993951,0.003575156,-0.000942257,0.001653098,-0.003170017,-0.000942257,,,
1786043613457017854,1786043613.456352394,/novatel/oem7/odom,/novatel/oem7/fix,/novatel/oem7/odom,39.663,-75.756,-1.800993951,0.003575156,-0.000942257,0.001653098,-0.003170017,-0.000942257,,,
1786043613466627567,1786043613.466104572,/novatel/oem7/inspva,/novatel/oem7/inspva,/novatel/oem7/inspva,39.663,-75.756,-1.800980109,0.002338754,-0.000295038,-0.002331603,0.000182743,-0.000295038,,novatel_oem7_msgs.msg.InertialSolutionStatus(status=3),
1786043613467932023,1786043613.466247467,/novatel/oem7/fix,/novatel/oem7/fix,/novatel/oem7/inspva,39.663,-75.756,-1.800980109,0.002338754,-0.000295038,-0.002331603,0.000182743,-0.000295038,,0,
1786043613468972183,1786043613.466671778,/novatel/oem7/odom,/novatel/oem7/fix,/novatel/oem7/odom,39.663,-75.756,-1.800980109,0.002338044,-0.000300612,0.000067138,-0.002337080,-0.000300612,,,
1786043613475348125,1786043613.474693553,/novatel/oem7/odom,/novatel/oem7/fix,/novatel/oem7/odom,39.663,-75.756,-1.800980109,0.002338044,-0.000300612,0.000067138,-0.002337080,-0.000300612,,,
1786043613485794037,1786043613.485284826,/novatel/oem7/inspva,/novatel/oem7/inspva,/novatel/oem7/inspva,39.663,-75.756,-1.801009344,0.001693861,-0.003676271,-0.000811101,-0.001487037,-0.003676271,,novatel_oem7_msgs.msg.InertialSolutionStatus(status=3),
1786043613487084043,1786043613.485448724,/novatel/oem7/fix,/novatel/oem7/fix,/novatel/oem7/inspva,39.663,-75.756,-1.801009344,0.001693861,-0.003676271,-0.000811101,-0.001487037,-0.003676271,,0,
1786043613488122654,1786043613.486137211,/novatel/oem7/odom,/novatel/oem7/fix,/novatel/oem7/odom,39.663,-75.756,-1.801009344,0.001677026,-0.003683982,-0.001511427,-0.000726638,-0.003683982,,,
1786043613496118535,1786043613.495489359,/novatel/oem7/odom,/novatel/oem7/fix,/novatel/oem7/odom,39.663,-75.756,-1.801009344,0.001677026,-0.003683982,-0.001511427,-0.000726638,-0.003683982,,,
1786043613506531346,1786043613.506032208,/novatel/oem7/inspva,/novatel/oem7/inspva,/novatel/oem7/inspva,39.663,-75.756,-1.800999475,0.001468618,-0.003649882,-0.001159866,-0.000900861,-0.003649882,,novatel_oem7_msgs.msg.InertialSolutionStatus(status=3),
1786043613507813346,1786043613.506099454,/novatel/oem7/fix,/novatel/oem7/fix,/novatel/oem7/inspva,39.663,-75.756,-1.800999475,0.001468618,-0.003649882,-0.001159866,-0.000900861,-0.003649882,,0,
1786043613508825772,1786043613.506620284,/novatel/oem7/odom,/novatel/oem7/fix,/novatel/oem7/odom,39.663,-75.756,-1.800999475,0.001452493,-0.003656329,-0.000943523,-0.001104310,-0.003656329,,,
1786043613512824137,1786043613.512215451,/novatel/oem7/bestpos,/novatel/oem7/bestpos,/novatel/oem7/odom,39.663,-75.756,33.181404466,0.001452493,-0.003656329,-0.000943523,-0.001104310,-0.003656329,,novatel_oem7_msgs.msg.SolutionStatus(status=0),novatel_oem7_msgs.msg.PositionOrVelocityType(type=53)
1786043613514191558,1786043613.512658179,/novatel/oem7/bestvel,/novatel/oem7/bestpos,/novatel/oem7/bestvel,39.663,-75.756,33.181404466,0.001823141,-0.003372690,,,,220.518477626,novatel_oem7_msgs.msg.SolutionStatus(status=0),novatel_oem7_msgs.msg.PositionOrVelocityType(type=53)
1786043613515713763,1786043613.514515044,/novatel/oem7/odom,/novatel/oem7/bestpos,/novatel/oem7/odom,39.663,-75.756,33.181404466,0.001452493,-0.003656329,-0.000943523,-0.001104310,-0.003656329,,,
1786043613527091960,1786043613.526598875,/novatel/oem7/inspva,/novatel/oem7/inspva,/novatel/oem7/inspva,39.663,-75.756,-1.800978820,0.002851418,-0.000655269,-0.002836387,0.000292395,-0.000655269,,novatel_oem7_msgs.msg.InertialSolutionStatus(status=3),
1786043613528372439,1786043613.526776473,/novatel/oem7/fix,/novatel/oem7/fix,/novatel/oem7/inspva,39.663,-75.756,-1.800978820,0.002851418,-0.000655269,-0.002836387,0.000292395,-0.000655269,,0,
1786043613529393842,1786043613.527538421,/novatel/oem7/odom,/novatel/oem7/fix,/novatel/oem7/odom,39.663,-75.756,-1.800978820,0.002849908,-0.000661806,0.000152790,-0.002845809,-0.000661806,,,
1786043613535570632,1786043613.534908423,/novatel/oem7/odom,/novatel/oem7/fix,/novatel/oem7/odom,39.663,-75.756,-1.800978820,0.002849908,-0.000661806,0.000152790,-0.002845809,-0.000661806,,,
1786043613545481169,1786043613.544955194,/novatel/oem7/inspva,/novatel/oem7/inspva,/novatel/oem7/inspva,39.663,-75.756,-1.800978655,0.002635958,-0.001082144,-0.002491441,0.000860811,-0.001082144,,novatel_oem7_msgs.msg.InertialSolutionStatus(status=3),
1786043613546791789,1786043613.545164193,/novatel/oem7/fix,/novatel/oem7/fix,/novatel/oem7/inspva,39.663,-75.756,-1.800978655,0.002635958,-0.001082144,-0.002491441,0.000860811,-0.001082144,,0,
1786043613547850182,1786043613.545597544,/novatel/oem7/odom,/novatel/oem7/fix,/novatel/oem7/odom,39.663,-75.756,-1.800978655,0.002634528,-0.001085622,0.000739410,-0.002528638,-0.001085622,,,
1786043613556573034,1786043613.555906054,/novatel/oem7/odom,/novatel/oem7/fix,/novatel/oem7/odom,39.663,-75.756,-1.800978655,0.002634528,-0.001085622,0.000739410,-0.002528638,-0.001085622,,,
1786043613566085300,1786043613.565398483,/novatel/oem7/inspva,/novatel/oem7/inspva,/novatel/oem7/inspva,39.663,-75.756,-1.800991478,0.001337194,-0.001954716,-0.000689417,-0.001145771,-0.001954716,,novatel_oem7_msgs.msg.InertialSolutionStatus(status=3),
1786043613567369902,1786043613.565661375,/novatel/oem7/fix,/novatel/oem7/fix,/novatel/oem7/inspva,39.663,-75.756,-1.800991478,0.001337194,-0.001954716,-0.000689417,-0.001145771,-0.001954716,,0,
1786043613568416939,1786043613.566191841,/novatel/oem7/odom,/novatel/oem7/fix,/novatel/oem7/odom,39.663,-75.756,-1.800991478,0.001328111,-0.001960899,-0.001171109,-0.000626404,-0.001960899,,,
1786043613575197862,1786043613.574578476,/novatel/oem7/odom,/novatel/oem7/fix,/novatel/oem7/odom,39.663,-75.756,-1.800991478,0.001328111,-0.001960899,-0.001171109,-0.000626404,-0.001960899,,,
1786043613586614800,1786043613.586110625,/novatel/oem7/inspva,/novatel/oem7/inspva,/novatel/oem7/inspva,39.663,-75.756,-1.800994183,0.001078588,-0.002909559,-0.000831815,-0.000686612,-0.002909559,,novatel_oem7_msgs.msg.InertialSolutionStatus(status=3),
1786043613587905092,1786043613.586310840,/novatel/oem7/fix,/novatel/oem7/fix,/novatel/oem7/inspva,39.663,-75.756,-1.800994183,0.001078588,-0.002909559,-0.000831815,-0.000686612,-0.002909559,,0,
1786043613588935752,1786043613.586709477,/novatel/oem7/odom,/novatel/oem7/fix,/novatel/oem7/odom,39.663,-75.756,-1.800994183,0.001065624,-0.002914332,-0.000716045,-0.000789199,-0.002914332,,,
1786043613595157443,1786043613.594552391,/novatel/oem7/odom,/novatel/oem7/fix,/novatel/oem7/odom,39.663,-75.756,-1.800994183,0.001065624,-0.002914332,-0.000716045,-0.000789199,-0.002914332,,,
1786043613606919014,1786043613.606401772,/novatel/oem7/inspva,/novatel/oem7/inspva,/novatel/oem7/inspva,39.663,-75.756,-1.800987299,0.002874269,-0.001878541,-0.002873962,-0.000041968,-0.001878541,,novatel_oem7_msgs.msg.InertialSolutionStatus(status=3),
1786043613608211507,1786043613.606574488,/novatel/oem7/fix,/novatel/oem7/fix,/novatel/oem7/inspva,39.663,-75.756,-1.800987299,0.002874269,-0.001878541,-0.002873962,-0.000041968,-0.001878541,,0,
1786043613609242930,1786043613.607125020,/novatel/oem7/odom,/novatel/oem7/fix,/novatel/oem7/odom,39.663,-75.756,-1.800987299,0.002869131,-0.001886379,-0.000178285,-0.002863586,-0.001886379,,,
1786043613611062052,1786043613.610210157,/novatel/oem7/bestpos,/novatel/oem7/bestpos,/novatel/oem7/odom,39.663,-75.756,33.181413842,0.002869131,-0.001886379,-0.000178285,-0.002863586,-0.001886379,,novatel_oem7_msgs.msg.SolutionStatus(status=0),novatel_oem7_msgs.msg.PositionOrVelocityType(type=53)
1786043613612458358,1786043613.610589867,/novatel/oem7/bestvel,/novatel/oem7/bestpos,/novatel/oem7/bestvel,39.663,-75.756,33.181413842,0.003180469,-0.001499560,,,,188.544579303,novatel_oem7_msgs.msg.SolutionStatus(status=0),novatel_oem7_msgs.msg.PositionOrVelocityType(type=53)
1786043613616166785,1786043613.615544678,/novatel/oem7/odom,/novatel/oem7/bestpos,/novatel/oem7/odom,39.663,-75.756,33.181413842,0.002869131,-0.001886379,-0.000178285,-0.002863586,-0.001886379,,,
1786043613625765981,1786043613.625260320,/novatel/oem7/inspva,/novatel/oem7/inspva,/novatel/oem7/inspva,39.663,-75.756,-1.800966641,0.002476098,-0.001142941,-0.002465824,0.000225325,-0.001142941,,novatel_oem7_msgs.msg.InertialSolutionStatus(status=3),
1786043613627067744,1786043613.625468015,/novatel/oem7/fix,/novatel/oem7/fix,/novatel/oem7/inspva,39.663,-75.756,-1.800966641,0.002476098,-0.001142941,-0.002465824,0.000225325,-0.001142941,,0,
1786043613628093714,1786043613.625915403,/novatel/oem7/odom,/novatel/oem7/fix,/novatel/oem7/odom,39.663,-75.756,-1.800966641,0.002473425,-0.001148713,0.000106249,-0.002471142,-0.001148713,,,
1786043613635365825,1786043613.634706748,/novatel/oem7/odom,/novatel/oem7/fix,/novatel/oem7/odom,39.663,-75.756,-1.800966641,0.002473425,-0.001148713,0.000106249,-0.002471142,-0.001148713,,,
1786043613647378286,1786043613.646874874,/novatel/oem7/inspva,/novatel/oem7/inspva,/novatel/oem7/inspva,39.663,-75.756,-1.800967678,0.001276108,-0.001056497,-0.001198629,-0.000437882,-0.001056497,,novatel_oem7_msgs.msg.InertialSolutionStatus(status=3),
1786043613648699482,1786043613.647051766,/novatel/oem7/fix,/novatel/oem7/fix,/novatel/oem7/inspva,39.663,-75.756,-1.800967678,0.001276108,-0.001056497,-0.001198629,-0.000437882,-0.001056497,,0,
1786043613649756479,1786043613.647805803,/novatel/oem7/odom,/novatel/oem7/fix,/novatel/oem7/odom,39.663,-75.756,-1.800967678,0.001272039,-0.001061393,-0.000493056,-0.001172595,-0.001061393,,,
1786043613656701860,1786043613.656059723,/novatel/oem7/odom,/novatel/oem7/fix,/novatel/oem7/odom,39.663,-75.756,-1.800967678,0.001272039,-0.001061393,-0.000493056,-0.001172595,-0.001061393,,,
1786043613665837576,1786043613.665192529,/novatel/oem7/inspva,/novatel/oem7/inspva,/novatel/oem7/inspva,39.663,-75.756,-1.800971806,0.000928105,-0.001537505,-0.000750991,-0.000545336,-0.001537505,,novatel_oem7_msgs.msg.InertialSolutionStatus(status=3),
1786043613667174465,1786043613.665445245,/novatel/oem7/fix,/novatel/oem7/fix,/novatel/oem7/inspva,39.663,-75.756,-1.800971806,0.000928105,-0.001537505,-0.000750991,-0.000545336,-0.001537505,,0,
1786043613668222185,1786043613.665913816,/novatel/oem7/odom,/novatel/oem7/fix,/novatel/oem7/odom,39.663,-75.756,-1.800971806,0.000921307,-0.001541588,-0.000576166,-0.000718915,-0.001541588,,,
1786043613676395828,1786043613.675687852,/novatel/oem7/odom,/novatel/oem7/fix,/novatel/oem7/odom,39.663,-75.756,-1.800971806,0.000921307,-0.001541588,-0.000576166,-0.000718915,-0.001541588,,,
1786043613685871354,1786043613.685305368,/novatel/oem7/inspva,/novatel/oem7/inspva,/novatel/oem7/inspva,39.663,-75.756,-1.800988817,0.002879903,-0.003560845,-0.002837587,-0.000491879,-0.003560845,,novatel_oem7_msgs.msg.InertialSolutionStatus(status=3),
1786043613687212550,1786043613.685467640,/novatel/oem7/fix,/novatel/oem7/fix,/novatel/oem7/inspva,39.663,-75.756,-1.800988817,0.002879903,-0.003560845,-0.002837587,-0.000491879,-0.003560845,,0,
1786043613688259224,1786043613.686314958,/novatel/oem7/odom,/novatel/oem7/fix,/novatel/oem7/odom,39.663,-75.756,-1.800988817,0.002868142,-0.003570325,-0.000619272,-0.002800490,-0.003570325,,,
1786043613695476601,1786043613.694766938,/novatel/oem7/odom,/novatel/oem7/fix,/novatel/oem7/odom,39.663,-75.756,-1.800988817,0.002868142,-0.003570325,-0.000619272,-0.002800490,-0.003570325,,,
1786043613706552242,1786043613.705963830,/novatel/oem7/inspva,/novatel/oem7/inspva,/novatel/oem7/inspva,39.663,-75.756,-1.800964081,0.002660712,-0.001974588,-0.002602157,-0.000555129,-0.001974588,,novatel_oem7_msgs.msg.InertialSolutionStatus(status=3),
1786043613707885625,1786043613.706109518,/novatel/oem7/fix,/novatel/oem7/fix,/novatel/oem7/inspva,39.663,-75.756,-1.800964081,0.002660712,-0.001974588,-0.002602157,-0.000555129,-0.001974588,,0,
1786043613708917878,1786043613.706592623,/novatel/oem7/odom,/novatel/oem7/fix,/novatel/oem7/odom,39.663,-75.756,-1.800964081,0.002653991,-0.001983612,-0.000676799,-0.002566244,-0.001983612,,,
1786043613710377093,1786043613.709655556,/novatel/oem7/bestpos,/novatel/oem7/bestpos,/novatel/oem7/odom,39.663,-75.756,33.181439215,0.002653991,-0.001983612,-0.000676799,-0.002566244,-0.001983612,,novatel_oem7_msgs.msg.SolutionStatus(status=0),novatel_oem7_msgs.msg.PositionOrVelocityType(type=53)
1786043613711807363,1786043613.710357012,/novatel/oem7/bestvel,/novatel/oem7/bestpos,/novatel/oem7/bestvel,39.663,-75.756,33.181439215,0.004314402,-0.000599124,,,,202.917846494,novatel_oem7_msgs.msg.SolutionStatus(status=0),novatel_oem7_msgs.msg.PositionOrVelocityType(type=53)
1786043613715607927,1786043613.714906384,/novatel/oem7/odom,/novatel/oem7/bestpos,/novatel/oem7/odom,39.663,-75.756,33.181439215,0.002653991,-0.001983612,-0.000676799,-0.002566244,-0.001983612,,,
1786043613725990645,1786043613.725399749,/novatel/oem7/inspva,/novatel/oem7/inspva,/novatel/oem7/inspva,39.663,-75.756,-1.800961779,0.002258409,-0.000828684,-0.002079459,-0.000881057,-0.000828684,,novatel_oem7_msgs.msg.InertialSolutionStatus(status=3),
1786043613727351141,1786043613.725554061,/novatel/oem7/fix,/novatel/oem7/fix,/novatel/oem7/inspva,39.663,-75.756,-1.800961779,0.002258409,-0.000828684,-0.002079459,-0.000881057,-0.000828684,,0,
1786043613728816169,1786043613.726152246,/novatel/oem7/odom,/novatel/oem7/fix,/novatel/oem7/odom,39.663,-75.756,-1.800961779,0.002255120,-0.000837594,-0.000980563,-0.002030779,-0.000837594,,,
1786043613736393093,1786043613.735700556,/novatel/oem7/odom,/novatel/oem7/fix,/novatel/oem7/odom,39.663,-75.756,-1.800961779,0.002255120,-0.000837594,-0.000980563,-0.002030779,-0.000837594,,,
1786043613745946436,1786043613.745346727,/novatel/oem7/inspva,/novatel/oem7/inspva,/novatel/oem7/inspva,39.663,-75.756,-1.800970869,0.001792358,-0.001263964,-0.001792110,-0.000029842,-0.001263964,,novatel_oem7_msgs.msg.InertialSolutionStatus(status=3),
1786043613747310210,1786043613.745542475,/novatel/oem7/fix,/novatel/oem7/fix,/novatel/oem7/inspva,39.663,-75.756,-1.800970869,0.001792358,-0.001263964,-0.001792110,-0.000029842,-0.001263964,,0,
1786043613748365073,1786043613.745981723,/novatel/oem7/odom,/novatel/oem7/fix,/novatel/oem7/odom,39.663,-75.756,-1.800970869,0.001788845,-0.001268931,-0.000114408,-0.001785182,-0.001268931,,,
1786043613756391458,1786043613.755706541,/novatel/oem7/odom,/novatel/oem7/fix,/novatel/oem7/odom,39.663,-75.756,-1.800970869,0.001788845,-0.001268931,-0.000114408,-0.001785182,-0.001268931,,,
1786043613767282400,1786043613.766677074,/novatel/oem7/inspva,/novatel/oem7/inspva,/novatel/oem7/inspva,39.663,-75.756,-1.800995873,0.002155227,-0.003406911,-0.001909620,-0.000999176,-0.003406911,,novatel_oem7_msgs.msg.InertialSolutionStatus(status=3),
1786043613768667594,1786043613.766861796,/novatel/oem7/fix,/novatel/oem7/fix,/novatel/oem7/inspva,39.663,-75.756,-1.800995873,0.002155227,-0.003406911,-0.001909620,-0.000999176,-0.003406911,,0,
1786043613769732328,1786043613.767696911,/novatel/oem7/odom,/novatel/oem7/fix,/novatel/oem7/odom,39.663,-75.756,-1.800995873,0.002141133,-0.003415786,-0.001080115,-0.001848730,-0.003415786,,,
1786043613775696889,1786043613.774984925,/novatel/oem7/odom,/novatel/oem7/fix,/novatel/oem7/odom,39.663,-75.756,-1.800995873,0.002141133,-0.003415786,-0.001080115,-0.001848730,-0.003415786,,,
1786043613785567175,1786043613.784972363,/novatel/oem7/inspva,/novatel/oem7/inspva,/novatel/oem7/inspva,39.663,-75.756,-1.800974253,0.002809478,-0.002590747,-0.002088355,-0.001879345,-0.002590747,,novatel_oem7_msgs.msg.InertialSolutionStatus(status=3),
1786043613786916309,1786043613.785109094,/novatel/oem7/fix,/novatel/oem7/fix,/novatel/oem7/inspva,39.663,-75.756,-1.800974253,0.002809478,-0.002590747,-0.002088355,-0.001879345,-0.002590747,,0,
1786043613787961009,1786043613.785565349,/novatel/oem7/odom,/novatel/oem7/fix,/novatel/oem7/odom,39.663,-75.756,-1.800974253,0.002797811,-0.002603342,-0.001971288,-0.001985390,-0.002603342,,,
1786043613796267733,1786043613.795579140,/novatel/oem7/odom,/novatel/oem7/fix,/novatel/oem7/odom,39.663,-75.756,-1.800974253,0.002797811,-0.002603342,-0.001971288,-0.001985390,-0.002603342,,,
1786043613807307147,1786043613.806733122,/novatel/oem7/inspva,/novatel/oem7/inspva,/novatel/oem7/inspva,39.663,-75.756,-1.800956049,0.002710102,0.000119560,-0.002642065,-0.000603445,0.000119560,,novatel_oem7_msgs.msg.InertialSolutionStatus(status=3),
1786043613808703708,1786043613.806885153,/novatel/oem7/fix,/novatel/oem7/fix,/novatel/oem7/inspva,39.663,-75.756,-1.800956049,0.002710102,0.000119560,-0.002642065,-0.000603445,0.000119560,,0,
1786043613809764788,1786043613.807752382,/novatel/oem7/odom,/novatel/oem7/fix,/novatel/oem7/odom,39.663,-75.756,-1.800956049,0.002710501,0.000110129,-0.000735154,-0.002608902,0.000110129,,,
1786043613811287979,1786043613.810312303,/novatel/oem7/bestpos,/novatel/oem7/bestpos,/novatel/oem7/odom,39.663,-75.756,33.181425003,0.002710501,0.000110129,-0.000735154,-0.002608902,0.000110129,,novatel_oem7_msgs.msg.SolutionStatus(status=0),novatel_oem7_msgs.msg.PositionOrVelocityType(type=53)
1786043613812730917,1786043613.810707804,/novatel/oem7/bestvel,/novatel/oem7/bestpos,/novatel/oem7/bestvel,39.663,-75.756,33.181425003,0.002038060,-0.000380667,,,,189.794818118,novatel_oem7_msgs.msg.SolutionStatus(status=0),novatel_oem7_msgs.msg.PositionOrVelocityType(type=53)
1786043613815605341,1786043613.814912361,/novatel/oem7/odom,/novatel/oem7/bestpos,/novatel/oem7/odom,39.663,-75.756,33.181425003,0.002710501,0.000110129,-0.000735154,-0.002608902,0.000110129,,,
1786043613826735620,1786043613.826125081,/novatel/oem7/inspva,/novatel/oem7/inspva,/novatel/oem7/inspva,39.663,-75.756,-1.800960927,0.002503988,-0.000440407,-0.002500593,-0.000130346,-0.000440407,,novatel_oem7_msgs.msg.InertialSolutionStatus(status=3),
1786043613828068090,1786043613.826280689,/novatel/oem7/fix,/novatel/oem7/fix,/novatel/oem7/inspva,39.663,-75.756,-1.800960927,0.002503988,-0.000440407,-0.002500593,-0.000130346,-0.000440407,,0,
1786043613829532061,1786043613.826799607,/novatel/oem7/odom,/novatel/oem7/fix,/novatel/oem7/odom,39.663,-75.756,-1.800960927,0.002502694,-0.000447704,-0.000253407,-0.002489831,-0.000447704,,,
1786043613835238333,1786043613.834561303,/novatel/oem7/odom,/novatel/oem7/fix,/novatel/oem7/odom,39.663,-75.756,-1.800960927,0.002502694,-0.000447704,-0.000253407,-0.002489831,-0.000447704,,,
1786043613845580022,1786043613.845266054,/novatel/oem7/inspva,/novatel/oem7/inspva,/novatel/oem7/inspva,39.663,-75.756,-1.800982143,0.001964704,-0.002767749,-0.001113384,-0.001618776,-0.002767749,,novatel_oem7_msgs.msg.InertialSolutionStatus(status=3),
1786043613846812075,1786043613.845440716,/novatel/oem7/fix,/novatel/oem7/fix,/novatel/oem7/inspva,39.663,-75.756,-1.800982143,0.001964704,-0.002767749,-0.001113384,-0.001618776,-0.002767749,,0,
1786043613847608756,1786043613.845935007,/novatel/oem7/odom,/novatel/oem7/fix,/novatel/oem7/odom,39.663,-75.756,-1.800982143,0.001951875,-0.002776811,-0.001661631,-0.001024108,-0.002776811,,,
1786043613856771925,1786043613.856444863,/novatel/oem7/odom,/novatel/oem7/fix,/novatel/oem7/odom,39.663,-75.756,-1.800982143,0.001951875,-0.002776811,-0.001661631,-0.001024108,-0.002776811,,,
1786043613865468964,1786043613.865169591,/novatel/oem7/inspva,/novatel/oem7/inspva,/novatel/oem7/inspva,39.663,-75.756,-1.800969448,0.002589756,-0.002645908,-0.001636631,-0.002007056,-0.002645908,,novatel_oem7_msgs.msg.InertialSolutionStatus(status=3),
1786043613866532275,1786043613.865324423,/novatel/oem7/fix,/novatel/oem7/fix,/novatel/oem7/inspva,39.663,-75.756,-1.800969448,0.002589756,-0.002645908,-0.001636631,-0.002007056,-0.002645908,,0,
1786043613867443175,1786043613.865719576,/novatel/oem7/odom,/novatel/oem7/fix,/novatel/oem7/odom,39.663,-75.756,-1.800969448,0.002577514,-0.002657834,-0.002076018,-0.001527655,-0.002657834,,,
1786043613874830877,1786043613.874499029,/novatel/oem7/odom,/novatel/oem7/fix,/novatel/oem7/odom,39.663,-75.756,-1.800969448,0.002577514,-0.002657834,-0.002076018,-0.001527655,-0.002657834,,,
1786043613887126905,1786043613.886590310,/novatel/oem7/inspva,/novatel/oem7/inspva,/novatel/oem7/inspva,39.663,-75.756,-1.800959245,0.002998771,-0.000774678,-0.002974784,-0.000378536,-0.000774678,,novatel_oem7_msgs.msg.InertialSolutionStatus(status=3),
1786043613888418311,1786043613.886730578,/novatel/oem7/fix,/novatel/oem7/fix,/novatel/oem7/inspva,39.663,-75.756,-1.800959245,0.002998771,-0.000774678,-0.002974784,-0.000378536,-0.000774678,,0,
1786043613889609276,1786043613.887092265,/novatel/oem7/odom,/novatel/oem7/fix,/novatel/oem7/odom,39.663,-75.756,-1.800959245,0.002996327,-0.000784079,-0.000523678,-0.002950210,-0.000784079,,,
1786043613895390944,1786043613.895069383,/novatel/oem7/odom,/novatel/oem7/fix,/novatel/oem7/odom,39.663,-75.756,-1.800959245,0.002996327,-0.000784079,-0.000523678,-0.002950210,-0.000784079,,,
1786043613906178504,1786043613.905780010,/novatel/oem7/inspva,/novatel/oem7/inspva,/novatel/oem7/inspva,39.663,-75.756,-1.800963548,0.003035215,-0.000350130,-0.003022937,0.000272731,-0.000350130,,novatel_oem7_msgs.msg.InertialSolutionStatus(status=3),
1786043613906748877,1786043613.905920755,/novatel/oem7/fix,/novatel/oem7/fix,/novatel/oem7/inspva,39.663,-75.756,-1.800963548,0.003035215,-0.000350130,-0.003022937,0.000272731,-0.000350130,,0,
1786043613907231666,1786043613.906382840,/novatel/oem7/odom,/novatel/oem7/fix,/novatel/oem7/odom,39.663,-75.756,-1.800963548,0.003034373,-0.000357354,0.000122731,-0.003031890,-0.000357354,,,
1786043613909575188,1786043613.909282971,/novatel/oem7/bestpos,/novatel/oem7/bestpos,/novatel/oem7/odom,39.663,-75.756,33.181406807,0.003034373,-0.000357354,0.000122731,-0.003031890,-0.000357354,,novatel_oem7_msgs.msg.SolutionStatus(status=0),novatel_oem7_msgs.msg.PositionOrVelocityType(type=53)
1786043613910185996,1786043613.909640065,/novatel/oem7/bestvel,/novatel/oem7/bestpos,/novatel/oem7/bestvel,39.663,-75.756,33.181406807,0.001831061,-0.001515579,,,,150.007778287,novatel_oem7_msgs.msg.SolutionStatus(status=0),novatel_oem7_msgs.msg.PositionOrVelocityType(type=53)
1786043613915734526,1786043613.915402511,/novatel/oem7/odom,/novatel/oem7/bestpos,/novatel/oem7/odom,39.663,-75.756,33.181406807,0.003034373,-0.000357354,0.000122731,-0.003031890,-0.000357354,,,
1786043613927410091,1786043613.926542489,/novatel/oem7/inspva,/novatel/oem7/inspva,/novatel/oem7/inspva,39.663,-75.756,-1.800993145,0.002268046,-0.002593616,-0.001208119,-0.001919500,-0.002593616,,novatel_oem7_msgs.msg.InertialSolutionStatus(status=3),
1786043613928059969,1786043613.926920173,/novatel/oem7/fix,/novatel/oem7/fix,/novatel/oem7/inspva,39.663,-75.756,-1.800993145,0.002268046,-0.002593616,-0.001208119,-0.001919500,-0.002593616,,0,
1786043613928545288,1786043613.927361784,/novatel/oem7/odom,/novatel/oem7/fix,/novatel/oem7/odom,39.663,-75.756,-1.800993145,0.002255996,-0.002604105,-0.001967306,-0.001104185,-0.002604105,,,
1786043613935326005,1786043613.934972835,/novatel/oem7/odom,/novatel/oem7/fix,/novatel/oem7/odom,39.663,-75.756,-1.800993145,0.002255996,-0.002604105,-0.001967306,-0.001104185,-0.002604105,,,
1786043613946389342,1786043613.946081553,/novatel/oem7/inspva,/novatel/oem7/inspva,/novatel/oem7/inspva,39.663,-75.756,-1.800991104,0.002361586,-0.002785051,-0.001324642,-0.001955099,-0.002785051,,novatel_oem7_msgs.msg.InertialSolutionStatus(status=3),
1786043613946977503,1786043613.946290709,/novatel/oem7/fix,/novatel/oem7/fix,/novatel/oem7/inspva,39.663,-75.756,-1.800991104,0.002361586,-0.002785051,-0.001324642,-0.001955099,-0.002785051,,0,
1786043613947472570,1786043613.946706269,/novatel/oem7/odom,/novatel/oem7/fix,/novatel/oem7/odom,39.663,-75.756,-1.800991104,0.002348721,-0.002795909,-0.002008024,-0.001218330,-0.002795909,,,
1786043613956314501,1786043613.955983899,/novatel/oem7/odom,/novatel/oem7/fix,/novatel/oem7/odom,39.663,-75.756,-1.800991104,0.002348721,-0.002795909,-0.002008024,-0.001218330,-0.002795909,,,
1786043613965802710,1786043613.965443042,/novatel/oem7/inspva,/novatel/oem7/inspva,/novatel/oem7/inspva,39.663,-75.756,-1.800993373,0.003103526,-0.001479124,-0.003098257,0.000180772,-0.001479124,,novatel_oem7_msgs.msg.InertialSolutionStatus(status=3),
1786043613966383166,1786043613.965721441,/novatel/oem7/fix,/novatel/oem7/fix,/novatel/oem7/inspva,39.663,-75.756,-1.800993373,0.003103526,-0.001479124,-0.003098257,0.000180772,-0.001479124,,0,
1786043613967053737,1786043613.966183542,/novatel/oem7/odom,/novatel/oem7/fix,/novatel/oem7/odom,39.663,-75.756,-1.800993373,0.003099846,-0.001486820,0.000031500,-0.003099686,-0.001486820,,,
1786043613975229497,1786043613.974893727,/novatel/oem7/odom,/novatel/oem7/fix,/novatel/oem7/odom,39.663,-75.756,-1.800993373,0.003099846,-0.001486820,0.000031500,-0.003099686,-0.001486820,,,
1786043613985398822,1786043613.985124417,/novatel/oem7/inspva,/novatel/oem7/inspva,/novatel/oem7/inspva,39.663,-75.756,-1.800996792,0.003124982,-0.000749360,-0.003078219,-0.000538594,-0.000749360,,novatel_oem7_msgs.msg.InertialSolutionStatus(status=3),
1786043613985987937,1786043613.985264368,/novatel/oem7/fix,/novatel/oem7/fix,/novatel/oem7/inspva,39.663,-75.756,-1.800996792,0.003124982,-0.000749360,-0.003078219,-0.000538594,-0.000749360,,0,
1786043613986457525,1786043613.985680959,/novatel/oem7/odom,/novatel/oem7/fix,/novatel/oem7/odom,39.663,-75.756,-1.800996792,0.003122465,-0.000759779,-0.000688744,-0.003045558,-0.000759779,,,
1786043613994818663,1786043613.994467904,/novatel/oem7/odom,/novatel/oem7/fix,/novatel/oem7/odom,39.663,-75.756,-1.800996792,0.003122465,-0.000759779,-0.000688744,-0.003045558,-0.000759779,,,
1786043614009005410,1786043614.008593822,/novatel/oem7/inspva,/novatel/oem7/inspva,/novatel/oem7/inspva,39.663,-75.756,-1.801016904,0.002224948,-0.001374468,-0.000667412,-0.002122488,-0.001374468,,novatel_oem7_msgs.msg.InertialSolutionStatus(status=3),
1786043614009584654,1786043614.008837661,/novatel/oem7/fix,/novatel/oem7/fix,/novatel/oem7/inspva,39.663,-75.756,-1.801016904,0.002224948,-0.001374468,-0.000667412,-0.002122488,-0.001374468,,0,
1786043614011613425,1786043614.011309659,/novatel/oem7/odom,/novatel/oem7/fix,/novatel/oem7/odom,39.663,-75.756,-1.801016904,0.002218890,-0.001384228,-0.002147820,-0.000557083,-0.001384228,,,
1786043614017059688,1786043614.016733348,/novatel/oem7/odom,/novatel/oem7/fix,/novatel/oem7/odom,39.663,-75.756,-1.801016904,0.002218890,-0.001384228,-0.002147820,-0.000557083,-0.001384228,,,
1786043614026158876,1786043614.025787330,/novatel/oem7/bestpos,/novatel/oem7/bestpos,/novatel/oem7/odom,39.663,-75.756,33.181367812,0.002218890,-0.001384228,-0.002147820,-0.000557083,-0.001384228,,novatel_oem7_msgs.msg.SolutionStatus(status=0),novatel_oem7_msgs.msg.PositionOrVelocityType(type=53)
1786043614027138110,1786043614.026836074,/novatel/oem7/bestvel,/novatel/oem7/bestpos,/novatel/oem7/bestvel,39.663,-75.756,33.181367812,0.001834469,-0.001502993,,,,239.898583187,novatel_oem7_msgs.msg.SolutionStatus(status=0),novatel_oem7_msgs.msg.PositionOrVelocityType(type=53)
1786043614027755139,1786043614.027290867,/novatel/oem7/inspva,/novatel/oem7/inspva,/novatel/oem7/inspva,39.663,-75.756,-1.801019216,0.002706933,-0.002262734,-0.001037973,-0.002500020,-0.002262734,,novatel_oem7_msgs.msg.InertialSolutionStatus(status=3),
1786043614028135506,1786043614.027389750,/novatel/oem7/fix,/novatel/oem7/fix,/novatel/oem7/inspva,39.663,-75.756,-1.801019216,0.002706933,-0.002262734,-0.001037973,-0.002500020,-0.002262734,,0,
1786043614028797174,1786043614.027720112,/novatel/oem7/odom,/novatel/oem7/fix,/novatel/oem7/odom,39.663,-75.756,-1.801019216,0.002696728,-0.002274887,-0.002539936,-0.000906126,-0.002274887,,,
1786043614034943966,1786043614.034611053,/novatel/oem7/odom,/novatel/oem7/fix,/novatel/oem7/odom,39.663,-75.756,-1.801019216,0.002696728,-0.002274887,-0.002539936,-0.000906126,-0.002274887,,,
1786043614046318955,1786043614.046010864,/novatel/oem7/inspva,/novatel/oem7/inspva,/novatel/oem7/inspva,39.663,-75.756,-1.801012529,0.003060878,-0.001311269,-0.002868657,-0.001067604,-0.001311269,,novatel_oem7_msgs.msg.InertialSolutionStatus(status=3),
1786043614046909294,1786043614.046167825,/novatel/oem7/fix,/novatel/oem7/fix,/novatel/oem7/inspva,39.663,-75.756,-1.801012529,0.003060878,-0.001311269,-0.002868657,-0.001067604,-0.001311269,,0,
1786043614047596498,1786043614.046709014,/novatel/oem7/odom,/novatel/oem7/fix,/novatel/oem7/odom,39.663,-75.756,-1.801012529,0.003055824,-0.001323004,-0.001204475,-0.002808433,-0.001323004,,,
1786043614056801894,1786043614.056472216,/novatel/oem7/odom,/novatel/oem7/fix,/novatel/oem7/odom,39.663,-75.756,-1.801012529,0.003055824,-0.001323004,-0.001204475,-0.002808433,-0.001323004,,,
1786043614065343335,1786043614.065075229,/novatel/oem7/inspva,/novatel/oem7/inspva,/novatel/oem7/inspva,39.663,-75.756,-1.801011425,0.003019620,-0.000889043,-0.002987949,0.000436194,-0.000889043,,novatel_oem7_msgs.msg.InertialSolutionStatus(status=3),
1786043614065954661,1786043614.065159908,/novatel/oem7/fix,/novatel/oem7/fix,/novatel/oem7/inspva,39.663,-75.756,-1.801011425,0.003019620,-0.000889043,-0.002987949,0.000436194,-0.000889043,,0,
1786043614066443935,1786043614.065581904,/novatel/oem7/odom,/novatel/oem7/fix,/novatel/oem7/odom,39.663,-75.756,-1.801011425,0.003017691,-0.000895568,0.000289873,-0.003003737,-0.000895568,,,
1786043614075074451,1786043614.074736137,/novatel/oem7/odom,/novatel/oem7/fix,/novatel/oem7/odom,39.663,-75.756,-1.801011425,0.003017691,-0.000895568,0.000289873,-0.003003737,-0.000895568,,,
1786043614085978316,1786043614.085455441,/novatel/oem7/inspva,/novatel/oem7/inspva,/novatel/oem7/inspva,39.663,-75.756,-1.801015095,0.001966787,-0.000624131,-0.000958422,-0.001717463,-0.000624131,,novatel_oem7_msgs.msg.InertialSolutionStatus(status=3),
1786043614087378980,1786043614.085627113,/novatel/oem7/fix,/novatel/oem7/fix,/novatel/oem7/inspva,39.663,-75.756,-1.801015095,0.001966787,-0.000624131,-0.000958422,-0.001717463,-0.000624131,,0,
1786043614087907365,1786043614.086206862,/novatel/oem7/odom,/novatel/oem7/fix,/novatel/oem7/odom,39.663,-75.756,-1.801015095,0.001963868,-0.000633258,-0.001760718,-0.000869856,-0.000633258,,,
1786043614095728998,1786043614.095058549,/novatel/oem7/odom,/novatel/oem7/fix,/novatel/oem7/odom,39.663,-75.756,-1.801015095,0.001963868,-0.000633258,-0.001760718,-0.000869856,-0.000633258,,,
1786043614106388785,1786043614.105879924,/novatel/oem7/inspva,/novatel/oem7/inspva,/novatel/oem7/inspva,39.663,-75.756,-1.801021165,0.001831138,-0.001917159,-0.000557971,-0.001744057,-0.001917159,,novatel_oem7_msgs.msg.InertialSolutionStatus(status=3),
1786043614107534249,1786043614.106046096,/novatel/oem7/fix,/novatel/oem7/fix,/novatel/oem7/inspva,39.663,-75.756,-1.801021165,0.001831138,-0.001917159,-0.000557971,-0.001744057,-0.001917159,,0,
1786043614108031281,1786043614.106506903,/novatel/oem7/odom,/novatel/oem7/fix,/novatel/oem7/odom,39.663,-75.756,-1.801021165,0.001822702,-0.001925181,-0.001762301,-0.000465336,-0.001925181,,,
1786043614109957273,1786043614.109621941,/novatel/oem7/bestpos,/novatel/oem7/bestpos,/novatel/oem7/odom,39.663,-75.756,33.181293055,0.001822702,-0.001925181,-0.001762301,-0.000465336,-0.001925181,,novatel_oem7_msgs.msg.SolutionStatus(status=0),novatel_oem7_msgs.msg.PositionOrVelocityType(type=53)
1786043614111248283,1786043614.110248553,/novatel/oem7/bestvel,/novatel/oem7/bestpos,/novatel/oem7/bestvel,39.663,-75.756,33.181293055,0.001972373,-0.001653947,,,,235.617016123,novatel_oem7_msgs.msg.SolutionStatus(status=0),novatel_oem7_msgs.msg.PositionOrVelocityType(type=53)
1786043614115028397,1786043614.114528529,/novatel/oem7/odom,/novatel/oem7/bestpos,/novatel/oem7/odom,39.663,-75.756,33.181293055,0.001822702,-0.001925181,-0.001762301,-0.000465336,-0.001925181,,,
1786043614125980080,1786043614.125407468,/novatel/oem7/inspva,/novatel/oem7/inspva,/novatel/oem7/inspva,39.663,-75.756,-1.801024388,0.002057225,-0.001643327,-0.001950736,-0.000653303,-0.001643327,,novatel_oem7_msgs.msg.InertialSolutionStatus(status=3),
1786043614127351880,1786043614.125602673,/novatel/oem7/fix,/novatel/oem7/fix,/novatel/oem7/inspva,39.663,-75.756,-1.801024388,0.002057225,-0.001643327,-0.001950736,-0.000653303,-0.001643327,,0,
1786043614127932907,1786043614.126175665,/novatel/oem7/odom,/novatel/oem7/fix,/novatel/oem7/odom,39.663,-75.756,-1.801024388,0.002051030,-0.001651053,-0.000743542,-0.001911510,-0.001651053,,,
1786043614136168553,1786043614.135509395,/novatel/oem7/odom,/novatel/oem7/fix,/novatel/oem7/odom,39.663,-75.756,-1.801024388,0.002051030,-0.001651053,-0.000743542,-0.001911510,-0.001651053,,,
1786043614145888174,1786043614.145310982,/novatel/oem7/inspva,/novatel/oem7/inspva,/novatel/oem7/inspva,39.663,-75.756,-1.801021180,0.002003247,-0.001588864,-0.002002082,0.000068332,-0.001588864,,novatel_oem7_msgs.msg.InertialSolutionStatus(status=3),
1786043614147228470,1786043614.145486313,/novatel/oem7/fix,/novatel/oem7/fix,/novatel/oem7/inspva,39.663,-75.756,-1.801021180,0.002003247,-0.001588864,-0.002002082,0.000068332,-0.001588864,,0,
1786043614147724586,1786043614.145996715,/novatel/oem7/odom,/novatel/oem7/fix,/novatel/oem7/odom,39.663,-75.756,-1.801021180,0.001999119,-0.001594055,-0.000025562,-0.001998956,-0.001594055,,,
1786043614156769083,1786043614.156042166,/novatel/oem7/odom,/novatel/oem7/fix,/novatel/oem7/odom,39.663,-75.756,-1.801021180,0.001999119,-0.001594055,-0.000025562,-0.001998956,-0.001594055,,,
1786043614166985730,1786043614.166560756,/novatel/oem7/inspva,/novatel/oem7/inspva,/novatel/oem7/inspva,39.663,-75.756,-1.801009211,0.000968744,0.000456683,-0.000965328,0.000081280,0.000456683,,novatel_oem7_msgs.msg.InertialSolutionStatus(status=3),
1786043614168404050,1786043614.166728813,/novatel/oem7/fix,/novatel/oem7/fix,/novatel/oem7/inspva,39.663,-75.756,-1.801009211,0.000968744,0.000456683,-0.000965328,0.000081280,0.000456683,,0,
1786043614169481640,1786043614.167195078,/novatel/oem7/odom,/novatel/oem7/fix,/novatel/oem7/odom,39.663,-75.756,-1.801009211,0.000969846,0.000454337,0.000031194,-0.000969345,0.000454337,,,
1786043614175551578,1786043614.175163906,/novatel/oem7/odom,/novatel/oem7/fix,/novatel/oem7/odom,39.663,-75.756,-1.801009211,0.000969846,0.000454337,0.000031194,-0.000969345,0.000454337,,,
1786043614185667688,1786043614.185351655,/novatel/oem7/inspva,/novatel/oem7/inspva,/novatel/oem7/inspva,39.663,-75.756,-1.801016542,0.000910411,-0.000696419,-0.000573442,-0.000707116,-0.000696419,,novatel_oem7_msgs.msg.InertialSolutionStatus(status=3),
1786043614186301959,1786043614.185526214,/novatel/oem7/fix,/novatel/oem7/fix,/novatel/oem7/inspva,39.663,-75.756,-1.801016542,0.000910411,-0.000696419,-0.000573442,-0.000707116,-0.000696419,,0,
1786043614186821456,1786043614.186013641,/novatel/oem7/odom,/novatel/oem7/fix,/novatel/oem7/odom,39.663,-75.756,-1.801016542,0.000907155,-0.000700655,-0.000732127,-0.000535650,-0.000700655,,,
1786043614195450307,1786043614.194761937,/novatel/oem7/odom,/novatel/oem7/fix,/novatel/oem7/odom,39.663,-75.756,-1.801016542,0.000907155,-0.000700655,-0.000732127,-0.000535650,-0.000700655,,,
1786043614206747322,1786043614.206452581,/novatel/oem7/inspva,/novatel/oem7/inspva,/novatel/oem7/inspva,39.663,-75.756,-1.801037384,0.001503786,-0.003014775,-0.001247012,-0.000840437,-0.003014775,,novatel_oem7_msgs.msg.InertialSolutionStatus(status=3),
1786043614207389144,1786043614.206597839,/novatel/oem7/fix,/novatel/oem7/fix,/novatel/oem7/inspva,39.663,-75.756,-1.801037384,0.001503786,-0.003014775,-0.001247012,-0.000840437,-0.003014775,,0,
1786043614208101703,1786043614.207241575,/novatel/oem7/odom,/novatel/oem7/fix,/novatel/oem7/odom,39.663,-75.756,-1.801037384,0.001490724,-0.003021255,-0.000890039,-0.001195863,-0.003021255,,,
1786043614211189237,1786043614.210400779,/novatel/oem7/bestpos,/novatel/oem7/bestpos,/novatel/oem7/odom,39.663,-75.756,33.181293364,0.001490724,-0.003021255,-0.000890039,-0.001195863,-0.003021255,,novatel_oem7_msgs.msg.SolutionStatus(status=0),novatel_oem7_msgs.msg.PositionOrVelocityType(type=53)
1786043614212666016,1786043614.210799187,/novatel/oem7/bestvel,/novatel/oem7/bestpos,/novatel/oem7/bestvel,39.663,-75.756,33.181293364,0.003223176,-0.001728916,,,,233.945811432,novatel_oem7_msgs.msg.SolutionStatus(status=0),novatel_oem7_msgs.msg.PositionOrVelocityType(type=53)
1786043614215630570,1786043614.214943920,/novatel/oem7/odom,/novatel/oem7/bestpos,/novatel/oem7/odom,39.663,-75.756,33.181293364,0.001490724,-0.003021255,-0.000890039,-0.001195863,-0.003021255,,,
1786043614226768406,1786043614.226213810,/novatel/oem7/inspva,/novatel/oem7/inspva,/novatel/oem7/inspva,39.663,-75.756,-1.801019720,0.001557053,-0.001742381,-0.001552712,0.000116194,-0.001742381,,novatel_oem7_msgs.msg.InertialSolutionStatus(status=3),
1786043614227716982,1786043614.226365252,/novatel/oem7/fix,/novatel/oem7/fix,/novatel/oem7/inspva,39.663,-75.756,-1.801019720,0.001557053,-0.001742381,-0.001552712,0.000116194,-0.001742381,,0,
1786043614228202063,1786043614.226839103,/novatel/oem7/odom,/novatel/oem7/fix,/novatel/oem7/odom,39.663,-75.756,-1.801019720,0.001552801,-0.001746172,0.000045275,-0.001552141,-0.001746172,,,
1786043614234895494,1786043614.234520838,/novatel/oem7/odom,/novatel/oem7/fix,/novatel/oem7/odom,39.663,-75.756,-1.801019720,0.001552801,-0.001746172,0.000045275,-0.001552141,-0.001746172,,,
1786043614245850245,1786043614.245281443,/novatel/oem7/inspva,/novatel/oem7/inspva,/novatel/oem7/inspva,39.663,-75.756,-1.800996062,0.001105694,0.000994786,-0.001069556,0.000280372,0.000994786,,novatel_oem7_msgs.msg.InertialSolutionStatus(status=3),
1786043614247443855,1786043614.245451975,/novatel/oem7/fix,/novatel/oem7/fix,/novatel/oem7/inspva,39.663,-75.756,-1.800996062,0.001105694,0.000994786,-0.001069556,0.000280372,0.000994786,,0,
1786043614248133233,1786043614.246070367,/novatel/oem7/odom,/novatel/oem7/fix,/novatel/oem7/odom,39.663,-75.756,-1.800996062,0.001107391,0.000992896,0.000222721,-0.001084763,0.000992896,,,
1786043614257443485,1786043614.256703281,/novatel/oem7/odom,/novatel/oem7/fix,/novatel/oem7/odom,39.663,-75.756,-1.800996062,0.001107391,0.000992896,0.000222721,-0.001084763,0.000992896,,,
1786043614265673114,1786043614.265329175,/novatel/oem7/inspva,/novatel/oem7/inspva,/novatel/oem7/inspva,39.663,-75.756,-1.801005496,0.000633001,-0.000609579,-0.000572578,0.000269897,-0.000609579,,novatel_oem7_msgs.msg.InertialSolutionStatus(status=3),
1786043614267037148,1786043614.265522107,/novatel/oem7/fix,/novatel/oem7/fix,/novatel/oem7/inspva,39.663,-75.756,-1.801005496,0.000633001,-0.000609579,-0.000572578,0.000269897,-0.000609579,,0,
1786043614267806750,1786043614.265985255,/novatel/oem7/odom,/novatel/oem7/fix,/novatel/oem7/odom,39.663,-75.756,-1.801005496,0.000632477,-0.000610123,0.000243361,-0.000583783,-0.000610123,,,
1786043614275012863,1786043614.274603139,/novatel/oem7/odom,/novatel/oem7/fix,/novatel/oem7/odom,39.663,-75.756,-1.801005496,0.000632477,-0.000610123,0.000243361,-0.000583783,-0.000610123,,,
1786043614286974311,1786043614.286692494,/novatel/oem7/inspva,/novatel/oem7/inspva,/novatel/oem7/inspva,39.663,-75.756,-1.801032514,0.000467753,-0.003010055,-0.000461026,-0.000079043,-0.003010055,,novatel_oem7_msgs.msg.InertialSolutionStatus(status=3),
1786043614287645363,1786043614.286784869,/novatel/oem7/fix,/novatel/oem7/fix,/novatel/oem7/inspva,39.663,-75.756,-1.801032514,0.000467753,-0.003010055,-0.000461026,-0.000079043,-0.003010055,,0,
1786043614289200121,1786043614.287715960,/novatel/oem7/odom,/novatel/oem7/fix,/novatel/oem7/odom,39.663,-75.756,-1.801032514,0.000457816,-0.003011582,-0.000090296,-0.000448823,-0.003011582,,,
1786043614295528592,1786043614.295158495,/novatel/oem7/odom,/novatel/oem7/fix,/novatel/oem7/odom,39.663,-75.756,-1.801032514,0.000457816,-0.003011582,-0.000090296,-0.000448823,-0.003011582,,,
1786043614306521456,1786043614.305945971,/novatel/oem7/inspva,/novatel/oem7/inspva,/novatel/oem7/inspva,39.663,-75.756,-1.801021150,0.001208867,-0.002521129,-0.001128569,-0.000433233,-0.002521129,,novatel_oem7_msgs.msg.InertialSolutionStatus(status=3),
1786043614307617411,1786043614.306095336,/novatel/oem7/fix,/novatel/oem7/fix,/novatel/oem7/inspva,39.663,-75.756,-1.801021150,0.001208867,-0.002521129,-0.001128569,-0.000433233,-0.002521129,,0,
1786043614308219224,1786043614.306577777,/novatel/oem7/odom,/novatel/oem7/fix,/novatel/oem7/odom,39.663,-75.756,-1.801021150,0.001199032,-0.002525821,-0.000479226,-0.001099100,-0.002525821,,,
1786043614310100871,1786043614.309461812,/novatel/oem7/bestpos,/novatel/oem7/bestpos,/novatel/oem7/odom,39.663,-75.756,33.181292676,0.001199032,-0.002525821,-0.000479226,-0.001099100,-0.002525821,,novatel_oem7_msgs.msg.SolutionStatus(status=0),novatel_oem7_msgs.msg.PositionOrVelocityType(type=53)
1786043614310813099,1786043614.310090268,/novatel/oem7/bestvel,/novatel/oem7/bestpos,/novatel/oem7/bestvel,39.663,-75.756,33.181292676,0.002190189,-0.001792443,,,,202.532729500,novatel_oem7_msgs.msg.SolutionStatus(status=0),novatel_oem7_msgs.msg.PositionOrVelocityType(type=53)
1786043614316141784,1786043614.315457907,/novatel/oem7/odom,/novatel/oem7/bestpos,/novatel/oem7/odom,39.663,-75.756,33.181292676,0.001199032,-0.002525821,-0.000479226,-0.001099100,-0.002525821,,,
1786043614325815104,1786043614.325260979,/novatel/oem7/inspva,/novatel/oem7/inspva,/novatel/oem7/inspva,39.663,-75.756,-1.801000282,0.002023969,0.000423267,-0.001760759,0.000998087,0.000423267,,novatel_oem7_msgs.msg.InertialSolutionStatus(status=3),
1786043614327200675,1786043614.325400787,/novatel/oem7/fix,/novatel/oem7/fix,/novatel/oem7/inspva,39.663,-75.756,-1.801000282,0.002023969,0.000423267,-0.001760759,0.000998087,0.000423267,,0,
1786043614327869562,1786043614.325986666,/novatel/oem7/odom,/novatel/oem7/fix,/novatel/oem7/odom,39.663,-75.756,-1.801000282,0.002024197,0.000422173,0.000907292,-0.001809474,0.000422173,,,
1786043614335209956,1786043614.334860806,/novatel/oem7/odom,/novatel/oem7/fix,/novatel/oem7/odom,39.663,-75.756,-1.801000282,0.002024197,0.000422173,0.000907292,-0.001809474,0.000422173,,,
1786043614346801286,1786043614.346126116,/novatel/oem7/inspva,/novatel/oem7/inspva,/novatel/oem7/inspva,39.663,-75.756,-1.801011631,0.001171782,-0.000571114,-0.001082787,0.000447936,-0.000571114,,novatel_oem7_msgs.msg.InertialSolutionStatus(status=3),
1786043614347824895,1786043614.346288858,/novatel/oem7/fix,/novatel/oem7/fix,/novatel/oem7/inspva,39.663,-75.756,-1.801011631,0.001171782,-0.000571114,-0.001082787,0.000447936,-0.000571114,,0,
1786043614348337061,1786043614.346795959,/novatel/oem7/odom,/novatel/oem7/fix,/novatel/oem7/odom,39.663,-75.756,-1.801011631,0.001171157,-0.000572396,0.000395576,-0.001102328,-0.000572396,,,
1786043614356312716,1786043614.355828551,/novatel/oem7/odom,/novatel/oem7/fix,/novatel/oem7/odom,39.663,-75.756,-1.801011631,0.001171157,-0.000572396,0.000395576,-0.001102328,-0.000572396,,,
1786043614365700523,1786043614.365364677,/novatel/oem7/inspva,/novatel/oem7/inspva,/novatel/oem7/inspva,39.663,-75.756,-1.801042576,0.000304403,-0.002907650,0.000279832,0.000119812,-0.002907650,,novatel_oem7_msgs.msg.InertialSolutionStatus(status=3),
1786043614367023230,1786043614.365549408,/novatel/oem7/fix,/novatel/oem7/fix,/novatel/oem7/inspva,39.663,-75.756,-1.801042576,0.000304403,-0.002907650,0.000279832,0.000119812,-0.002907650,,0,
1786043614367833292,1786043614.366216442,/novatel/oem7/odom,/novatel/oem7/fix,/novatel/oem7/odom,39.663,-75.756,-1.801042576,0.000316160,-0.002906395,0.000144876,0.000281013,-0.002906395,,,
1786043614375798721,1786043614.375456272,/novatel/oem7/odom,/novatel/oem7/fix,/novatel/oem7/odom,39.663,-75.756,-1.801042576,0.000316160,-0.002906395,0.000144876,0.000281013,-0.002906395,,,
1786043614385311318,1786043614.385010941,/novatel/oem7/inspva,/novatel/oem7/inspva,/novatel/oem7/inspva,39.663,-75.756,-1.801041231,0.000282092,-0.002214487,-0.000178361,-0.000218548,-0.002214487,,novatel_oem7_msgs.msg.InertialSolutionStatus(status=3),
1786043614386087102,1786043614.385157119,/novatel/oem7/fix,/novatel/oem7/fix,/novatel/oem7/inspva,39.663,-75.756,-1.801041231,0.000282092,-0.002214487,-0.000178361,-0.000218548,-0.002214487,,0,
1786043614387185042,1786043614.385607264,/novatel/oem7/odom,/novatel/oem7/fix,/novatel/oem7/odom,39.663,-75.756,-1.801041231,0.000271771,-0.002215777,-0.000218560,-0.000161526,-0.002215777,,,
1786043614395147491,1786043614.394465820,/novatel/oem7/odom,/novatel/oem7/fix,/novatel/oem7/odom,39.663,-75.756,-1.801041231,0.000271771,-0.002215777,-0.000218560,-0.000161526,-0.002215777,,,
1786043614407141431,1786043614.406559741,/novatel/oem7/inspva,/novatel/oem7/inspva,/novatel/oem7/inspva,39.663,-75.756,-1.801038059,0.002060874,-0.001200220,-0.001942094,0.000689546,-0.001200220,,novatel_oem7_msgs.msg.InertialSolutionStatus(status=3),
1786043614408053946,1786043614.406708353,/novatel/oem7/fix,/novatel/oem7/fix,/novatel/oem7/inspva,39.663,-75.756,-1.801038059,0.002060874,-0.001200220,-0.001942094,0.000689546,-0.001200220,,0,
1786043614408581894,1786043614.407140007,/novatel/oem7/odom,/novatel/oem7/fix,/novatel/oem7/odom,39.663,-75.756,-1.801038059,0.002059249,-0.001203005,0.000596452,-0.001970977,-0.001203005,,,
1786043614410884310,1786043614.410216021,/novatel/oem7/bestpos,/novatel/oem7/bestpos,/novatel/oem7/odom,39.663,-75.756,33.181272437,0.002059249,-0.001203005,0.000596452,-0.001970977,-0.001203005,,novatel_oem7_msgs.msg.SolutionStatus(status=0),novatel_oem7_msgs.msg.PositionOrVelocityType(type=53)
1786043614412278280,1786043614.410594568,/novatel/oem7/bestvel,/novatel/oem7/bestpos,/novatel/oem7/bestvel,39.663,-75.756,33.181272437,0.002414329,-0.000658335,,,,176.119198594,novatel_oem7_msgs.msg.SolutionStatus(status=0),novatel_oem7_msgs.msg.PositionOrVelocityType(type=53)
1786043614415523051,1786043614.415152072,/novatel/oem7/odom,/novatel/oem7/bestpos,/novatel/oem7/odom,39.663,-75.756,33.181272437,0.002059249,-0.001203005,0.000596452,-0.001970977,-0.001203005,,,
1786043614425412110,1786043614.425085386,/novatel/oem7/inspva,/novatel/oem7/inspva,/novatel/oem7/inspva,39.663,-75.756,-1.801040809,0.001995608,-0.000715014,-0.001693454,0.001055777,-0.000715014,,novatel_oem7_msgs.msg.InertialSolutionStatus(status=3),
1786043614426682968,1786043614.425232210,/novatel/oem7/fix,/novatel/oem7/fix,/novatel/oem7/inspva,39.663,-75.756,-1.801040809,0.001995608,-0.000715014,-0.001693454,0.001055777,-0.000715014,,0,
1786043614427501607,1786043614.425615254,/novatel/oem7/odom,/novatel/oem7/fix,/novatel/oem7/odom,39.663,-75.756,-1.801040809,0.001995347,-0.000715742,0.000972741,-0.001742178,-0.000715742,,,
1786043614435946144,1786043614.435569751,/novatel/oem7/odom,/novatel/oem7/fix,/novatel/oem7/odom,39.663,-75.756,-1.801040809,0.001995347,-0.000715742,0.000972741,-0.001742178,-0.000715742,,,
1786043614445891098,1786043614.445281236,/novatel/oem7/inspva,/novatel/oem7/inspva,/novatel/oem7/inspva,39.663,-75.756,-1.801062733,0.000385728,-0.001625713,0.000364255,0.000126902,-0.001625713,,novatel_oem7_msgs.msg.InertialSolutionStatus(status=3),
1786043614447338144,1786043614.445459961,/novatel/oem7/fix,/novatel/oem7/fix,/novatel/oem7/inspva,39.663,-75.756,-1.801062733,0.000385728,-0.001625713,0.000364255,0.000126902,-0.001625713,,0,
1786043614447881040,1786043614.446012030,/novatel/oem7/odom,/novatel/oem7/fix,/novatel/oem7/odom,39.663,-75.756,-1.801062733,0.000392018,-0.001624208,0.000151244,0.000361668,-0.001624208,,,
1786043614456763722,1786043614.456379771,/novatel/oem7/odom,/novatel/oem7/fix,/novatel/oem7/odom,39.663,-75.756,-1.801062733,0.000392018,-0.001624208,0.000151244,0.000361668,-0.001624208,,,
1786043614466165529,1786043614.465406549,/novatel/oem7/inspva,/novatel/oem7/inspva,/novatel/oem7/inspva,39.663,-75.756,-1.801063490,0.000280680,-0.001508926,0.000251835,0.000123937,-0.001508926,,novatel_oem7_msgs.msg.InertialSolutionStatus(status=3),
1786043614467450746,1786043614.465710852,/novatel/oem7/fix,/novatel/oem7/fix,/novatel/oem7/inspva,39.663,-75.756,-1.801063490,0.000280680,-0.001508926,0.000251835,0.000123937,-0.001508926,,0,
1786043614467958271,1786043614.466088895,/novatel/oem7/odom,/novatel/oem7/fix,/novatel/oem7/odom,39.663,-75.756,-1.801063490,0.000286958,-0.001507745,0.000142217,0.000249237,-0.001507745,,,
1786043614474817585,1786043614.474447187,/novatel/oem7/odom,/novatel/oem7/fix,/novatel/oem7/odom,39.663,-75.756,-1.801063490,0.000286958,-0.001507745,0.000142217,0.000249237,-0.001507745,,,
1786043614485649591,1786043614.485287106,/novatel/oem7/inspva,/novatel/oem7/inspva,/novatel/oem7/inspva,39.663,-75.756,-1.801073001,0.001390230,-0.002369098,-0.001147322,0.000785106,-0.002369098,,novatel_oem7_msgs.msg.InertialSolutionStatus(status=3),
1786043614486957859,1786043614.485482491,/novatel/oem7/fix,/novatel/oem7/fix,/novatel/oem7/inspva,39.663,-75.756,-1.801073001,0.001390230,-0.002369098,-0.001147322,0.000785106,-0.002369098,,0,
1786043614487703251,1786043614.485837398,/novatel/oem7/odom,/novatel/oem7/fix,/novatel/oem7/odom,39.663,-75.756,-1.801073001,0.001389861,-0.002369314,0.000736095,-0.001178930,-0.002369314,,,
1786043614495890878,1786043614.495537612,/novatel/oem7/odom,/novatel/oem7/fix,/novatel/oem7/odom,39.663,-75.756,-1.801073001,0.001389861,-0.002369314,0.000736095,-0.001178930,-0.002369314,,,
1786043614506665681,1786043614.506110685,/novatel/oem7/inspva,/novatel/oem7/inspva,/novatel/oem7/inspva,39.663,-75.756,-1.801073818,0.001821985,-0.002014574,-0.001631626,0.000810818,-0.002014574,,novatel_oem7_msgs.msg.InertialSolutionStatus(status=3),
1786043614507808789,1786043614.506259407,/novatel/oem7/fix,/novatel/oem7/fix,/novatel/oem7/inspva,39.663,-75.756,-1.801073818,0.001821985,-0.002014574,-0.001631626,0.000810818,-0.002014574,,0,
1786043614508295339,1786043614.506642891,/novatel/oem7/odom,/novatel/oem7/fix,/novatel/oem7/odom,39.663,-75.756,-1.801073818,0.001820350,-0.002016051,0.000736264,-0.001664809,-0.002016051,,,
1786043614511787100,1786043614.511469394,/novatel/oem7/bestpos,/novatel/oem7/bestpos,/novatel/oem7/odom,39.663,-75.756,33.181236104,0.001820350,-0.002016051,0.000736264,-0.001664809,-0.002016051,,novatel_oem7_msgs.msg.SolutionStatus(status=0),novatel_oem7_msgs.msg.PositionOrVelocityType(type=53)
1786043614512801693,1786043614.512510068,/novatel/oem7/bestvel,/novatel/oem7/bestpos,/novatel/oem7/bestvel,39.663,-75.756,33.181236104,0.002028853,-0.001249235,,,,186.934670864,novatel_oem7_msgs.msg.SolutionStatus(status=0),novatel_oem7_msgs.msg.PositionOrVelocityType(type=53)
1786043614514937785,1786043614.514498870,/novatel/oem7/odom,/novatel/oem7/bestpos,/novatel/oem7/odom,39.663,-75.756,33.181236104,0.001820350,-0.002016051,0.000736264,-0.001664809,-0.002016051,,,
1786043614527213541,1786043614.526646432,/novatel/oem7/inspva,/novatel/oem7/inspva,/novatel/oem7/inspva,39.663,-75.756,-1.801080480,0.000992958,-0.000367253,-0.000205031,0.000971560,-0.000367253,,novatel_oem7_msgs.msg.InertialSolutionStatus(status=3),
1786043614528578887,1786043614.526819240,/novatel/oem7/fix,/novatel/oem7/fix,/novatel/oem7/inspva,39.663,-75.756,-1.801080480,0.000992958,-0.000367253,-0.000205031,0.000971560,-0.000367253,,0,
1786043614529812773,1786043614.527207797,/novatel/oem7/odom,/novatel/oem7/fix,/novatel/oem7/odom,39.663,-75.756,-1.801080480,0.000994098,-0.000364155,0.000961555,-0.000252276,-0.000364155,,,
1786043614535724037,1786043614.535049674,/novatel/oem7/odom,/novatel/oem7/fix,/novatel/oem7/odom,39.663,-75.756,-1.801080480,0.000994098,-0.000364155,0.000961555,-0.000252276,-0.000364155,,,
1786043614545277823,1786043614.544981471,/novatel/oem7/inspva,/novatel/oem7/inspva,/novatel/oem7/inspva,39.663,-75.756,-1.801096351,0.000082220,-0.000975098,-0.000051929,0.000063746,-0.000975098,,novatel_oem7_msgs.msg.InertialSolutionStatus(status=3),
1786043614546131015,1786043614.545156559,/novatel/oem7/fix,/novatel/oem7/fix,/novatel/oem7/inspva,39.663,-75.756,-1.801096351,0.000082220,-0.000975098,-0.000051929,0.000063746,-0.000975098,,0,
1786043614547244406,1786043614.545541886,/novatel/oem7/odom,/novatel/oem7/fix,/novatel/oem7/odom,39.663,-75.756,-1.801096351,0.000083502,-0.000974989,0.000064926,-0.000052509,-0.000974989,,,
1786043614556228346,1786043614.555879900,/novatel/oem7/odom,/novatel/oem7/fix,/novatel/oem7/odom,39.663,-75.756,-1.801096351,0.000083502,-0.000974989,0.000064926,-0.000052509,-0.000974989,,,
1786043614566370243,1786043614.565326399,/novatel/oem7/inspva,/novatel/oem7/inspva,/novatel/oem7/inspva,39.663,-75.756,-1.801125580,0.000475145,-0.003243020,-0.000274860,-0.000387576,-0.003243020,,novatel_oem7_msgs.msg.InertialSolutionStatus(status=3),
1786043614567845577,1786043614.565621829,/novatel/oem7/fix,/novatel/oem7/fix,/novatel/oem7/inspva,39.663,-75.756,-1.801125580,0.000475145,-0.003243020,-0.000274860,-0.000387576,-0.003243020,,0,
1786043614568928294,1786043614.566302788,/novatel/oem7/odom,/novatel/oem7/fix,/novatel/oem7/odom,39.663,-75.756,-1.801125580,0.000083471,-0.000974992,0.000064873,-0.000052525,-0.000974992,,,
1786043614575991590,1786043614.575219289,/novatel/oem7/odom,/novatel/oem7/fix,/novatel/oem7/odom,39.663,-75.756,-1.801125580,0.000459988,-0.003245205,-0.000388171,-0.000246804,-0.003245205,,,
1786043614586002680,1786043614.585458055,/novatel/oem7/inspva,/novatel/oem7/inspva,/novatel/oem7/inspva,39.663,-75.756,-1.801132282,0.001060107,-0.003018612,-0.000849889,0.000633653,-0.003018612,,novatel_oem7_msgs.msg.InertialSolutionStatus(status=3),
1786043614587372918,1786043614.585655204,/novatel/oem7/fix,/novatel/oem7/fix,/novatel/oem7/inspva,39.663,-75.756,-1.801132282,0.001060107,-0.003018612,-0.000849889,0.000633653,-0.003018612,,0,
1786043614588475095,1786043614.586128675,/novatel/oem7/odom,/novatel/oem7/fix,/novatel/oem7/odom,39.663,-75.756,-1.801132282,0.001060257,-0.003018559,0.000602251,-0.000872604,-0.003018559,,,
1786043614595338761,1786043614.594631194,/novatel/oem7/odom,/novatel/oem7/fix,/novatel/oem7/odom,39.663,-75.756,-1.801132282,0.001060257,-0.003018559,0.000602251,-0.000872604,-0.003018559,,,
1786043614606898122,1786043614.606540334,/novatel/oem7/inspva,/novatel/oem7/inspva,/novatel/oem7/inspva,39.663,-75.756,-1.801132250,0.001597213,-0.000230261,-0.001420202,0.000730832,-0.000230261,,novatel_oem7_msgs.msg.InertialSolutionStatus(status=3),
1786043614607477532,1786043614.606707989,/novatel/oem7/fix,/novatel/oem7/fix,/novatel/oem7/inspva,39.663,-75.756,-1.801132250,0.001597213,-0.000230261,-0.001420202,0.000730832,-0.000230261,,0,
1786043614608123175,1786043614.607277218,/novatel/oem7/odom,/novatel/oem7/fix,/novatel/oem7/odom,39.663,-75.756,-1.801132250,0.001597038,-0.000231467,0.000660005,-0.001454278,-0.000231467,,,
1786043614610842590,1786043614.610360505,/novatel/oem7/bestpos,/novatel/oem7/bestpos,/novatel/oem7/odom,39.663,-75.756,33.181151474,0.001597038,-0.000231467,0.000660005,-0.001454278,-0.000231467,,novatel_oem7_msgs.msg.SolutionStatus(status=0),novatel_oem7_msgs.msg.PositionOrVelocityType(type=53)
1786043614611736531,1786043614.610826922,/novatel/oem7/bestvel,/novatel/oem7/bestpos,/novatel/oem7/bestvel,39.663,-75.756,33.181151474,0.001795049,-0.000896882,,,,122.545409090,novatel_oem7_msgs.msg.SolutionStatus(status=0),novatel_oem7_msgs.msg.PositionOrVelocityType(type=53)
1786043614616230512,1786043614.615598559,/novatel/oem7/odom,/novatel/oem7/bestpos,/novatel/oem7/odom,39.663,-75.756,33.181151474,0.001597038,-0.000231467,0.000660005,-0.001454278,-0.000231467,,,
1786043614625693774,1786043614.625163692,/novatel/oem7/inspva,/novatel/oem7/inspva,/novatel/oem7/inspva,39.663,-75.756,-1.801146823,0.000941604,-0.000322408,-0.000691573,0.000639018,-0.000322408,,novatel_oem7_msgs.msg.InertialSolutionStatus(status=3),
1786043614627069371,1786043614.625333908,/novatel/oem7/fix,/novatel/oem7/fix,/novatel/oem7/inspva,39.663,-75.756,-1.801146823,0.000941604,-0.000322408,-0.000691573,0.000639018,-0.000322408,,0,
1786043614628222216,1786043614.625826996,/novatel/oem7/odom,/novatel/oem7/fix,/novatel/oem7/odom,39.663,-75.756,-1.801146823,0.000941771,-0.000321919,0.000604995,-0.000721743,-0.000321919,,,
1786043614635299018,1786043614.634653938,/novatel/oem7/odom,/novatel/oem7/fix,/novatel/oem7/odom,39.663,-75.756,-1.801146823,0.000941771,-0.000321919,0.000604995,-0.000721743,-0.000321919,,,
1786043614647272675,1786043614.646755753,/novatel/oem7/inspva,/novatel/oem7/inspva,/novatel/oem7/inspva,39.663,-75.756,-1.801184561,0.001168095,-0.003064279,0.000584565,-0.001011301,-0.003064279,,novatel_oem7_msgs.msg.InertialSolutionStatus(status=3),
1786043614648615768,1786043614.646931741,/novatel/oem7/fix,/novatel/oem7/fix,/novatel/oem7/inspva,39.663,-75.756,-1.801184561,0.001168095,-0.003064279,0.000584565,-0.001011301,-0.003064279,,0,
1786043614649670228,1786043614.647404319,/novatel/oem7/odom,/novatel/oem7/fix,/novatel/oem7/odom,39.663,-75.756,-1.801184561,0.001162352,-0.003066462,-0.000968847,0.000642181,-0.003066462,,,
1786043614657290625,1786043614.656574985,/novatel/oem7/odom,/novatel/oem7/fix,/novatel/oem7/odom,39.663,-75.756,-1.801184561,0.001162352,-0.003066462,-0.000968847,0.000642181,-0.003066462,,,
1786043614665574556,1786043614.664984910,/novatel/oem7/inspva,/novatel/oem7/inspva,/novatel/oem7/inspva,39.663,-75.756,-1.801192989,0.000331621,-0.002901751,0.000249499,-0.000218456,-0.002901751,,novatel_oem7_msgs.msg.InertialSolutionStatus(status=3),
1786043614666915903,1786043614.665148129,/novatel/oem7/fix,/novatel/oem7/fix,/novatel/oem7/inspva,39.663,-75.756,-1.801192989,0.000331621,-0.002901751,0.000249499,-0.000218456,-0.002901751,,0,
1786043614668012520,1786043614.665770655,/novatel/oem7/odom,/novatel/oem7/fix,/novatel/oem7/odom,39.663,-75.756,-1.801192989,0.000330766,-0.002901848,-0.000194404,0.000267607,-0.002901848,,,
1786043614676417975,1786043614.675698708,/novatel/oem7/odom,/novatel/oem7/fix,/novatel/oem7/odom,39.663,-75.756,-1.801192989,0.000330766,-0.002901848,-0.000194404,0.000267607,-0.002901848,,,
1786043614686087946,1786043614.685546051,/novatel/oem7/inspva,/novatel/oem7/inspva,/novatel/oem7/inspva,39.663,-75.756,-1.801203138,0.002824585,-0.001352246,-0.002092023,0.001897820,-0.001352246,,novatel_oem7_msgs.msg.InertialSolutionStatus(status=3),
1786043614687448656,1786043614.685716962,/novatel/oem7/fix,/novatel/oem7/fix,/novatel/oem7/inspva,39.663,-75.756,-1.801203138,0.002824585,-0.001352246,-0.002092023,0.001897820,-0.001352246,,0,
1786043614688522443,1786043614.686554987,/novatel/oem7/odom,/novatel/oem7/fix,/novatel/oem7/odom,39.663,-75.756,-1.801203138,0.002825213,-0.001350933,0.001796442,-0.002180510,-0.001350933,,,
1786043614695732930,1786043614.694798711,/novatel/oem7/odom,/novatel/oem7/fix,/novatel/oem7/odom,39.663,-75.756,-1.801203138,0.002825213,-0.001350933,0.001796442,-0.002180510,-0.001350933,,,
1786043614706593567,1786043614.706273866,/novatel/oem7/inspva,/novatel/oem7/inspva,/novatel/oem7/inspva,39.663,-75.756,-1.801211942,0.001611828,-0.000578355,-0.001272432,0.000989396,-0.000578355,,novatel_oem7_msgs.msg.InertialSolutionStatus(status=3),
1786043614707213154,1786043614.706444154,/novatel/oem7/fix,/novatel/oem7/fix,/novatel/oem7/inspva,39.663,-75.756,-1.801211942,0.001611828,-0.000578355,-0.001272432,0.000989396,-0.000578355,,0,
1786043614707714487,1786043614.706927316,/novatel/oem7/odom,/novatel/oem7/fix,/novatel/oem7/odom,39.663,-75.756,-1.801211942,0.001611897,-0.000578162,0.000927005,-0.001318664,-0.000578162,,,
1786043614710077689,1786043614.709721030,/novatel/oem7/bestpos,/novatel/oem7/bestpos,/novatel/oem7/odom,39.663,-75.756,33.181082069,0.001611897,-0.000578162,0.000927005,-0.001318664,-0.000578162,,novatel_oem7_msgs.msg.SolutionStatus(status=0),novatel_oem7_msgs.msg.PositionOrVelocityType(type=53)
1786043614711379019,1786043614.710594205,/novatel/oem7/bestvel,/novatel/oem7/bestpos,/novatel/oem7/bestvel,39.663,-75.756,33.181082069,0.001385803,-0.000719031,,,,136.305841709,novatel_oem7_msgs.msg.SolutionStatus(status=0),novatel_oem7_msgs.msg.PositionOrVelocityType(type=53)
1786043614715594844,1786043614.714910184,/novatel/oem7/odom,/novatel/oem7/bestpos,/novatel/oem7/odom,39.663,-75.756,33.181082069,0.001611897,-0.000578162,0.000927005,-0.001318664,-0.000578162,,,
1786043614725939248,1786043614.725336842,/novatel/oem7/inspva,/novatel/oem7/inspva,/novatel/oem7/inspva,39.663,-75.756,-1.801250471,0.001377511,-0.002474114,0.001100725,-0.000828216,-0.002474114,,novatel_oem7_msgs.msg.InertialSolutionStatus(status=3),
1786043614727468893,1786043614.725522844,/novatel/oem7/fix,/novatel/oem7/fix,/novatel/oem7/inspva,39.663,-75.756,-1.801250471,0.001377511,-0.002474114,0.001100725,-0.000828216,-0.002474114,,0,
1786043614728536357,1786043614.726149113,/novatel/oem7/odom,/novatel/oem7/fix,/novatel/oem7/odom,39.663,-75.756,-1.801250471,0.001377408,-0.002474172,-0.000762556,0.001147067,-0.002474172,,,
1786043614736390286,1786043614.735706680,/novatel/oem7/odom,/novatel/oem7/fix,/novatel/oem7/odom,39.663,-75.756,-1.801250471,0.001377408,-0.002474172,-0.000762556,0.001147067,-0.002474172,,,
1786043614745712437,1786043614.745170349,/novatel/oem7/inspva,/novatel/oem7/inspva,/novatel/oem7/inspva,39.663,-75.756,-1.801271559,0.000919404,-0.002791211,0.000904379,0.000165536,-0.002791211,,novatel_oem7_msgs.msg.InertialSolutionStatus(status=3),
1786043614747068017,1786043614.745342947,/novatel/oem7/fix,/novatel/oem7/fix,/novatel/oem7/inspva,39.663,-75.756,-1.801271559,0.000919404,-0.002791211,0.000904379,0.000165536,-0.002791211,,0,
1786043614748133835,1786043614.745826705,/novatel/oem7/odom,/novatel/oem7/fix,/novatel/oem7/odom,39.663,-75.756,-1.801271559,0.000929066,-0.002788010,0.000221365,0.000902309,-0.002788010,,,
1786043614756364435,1786043614.755678648,/novatel/oem7/odom,/novatel/oem7/fix,/novatel/oem7/odom,39.663,-75.756,-1.801271559,0.000929066,-0.002788010,0.000221365,0.000902309,-0.002788010,,,
1786043614767240324,1786043614.766639895,/novatel/oem7/inspva,/novatel/oem7/inspva,/novatel/oem7/inspva,39.663,-75.756,-1.801282677,0.001552302,-0.001627874,-0.001112019,0.001083077,-0.001627874,,novatel_oem7_msgs.msg.InertialSolutionStatus(status=3),
1786043614768641908,1786043614.766806707,/novatel/oem7/fix,/novatel/oem7/fix,/novatel/oem7/inspva,39.663,-75.756,-1.801282677,0.001552302,-0.001627874,-0.001112019,0.001083077,-0.001627874,,0,
1786043614769728828,1786043614.767404696,/novatel/oem7/odom,/novatel/oem7/fix,/novatel/oem7/odom,39.663,-75.756,-1.801282677,0.001553333,-0.001626890,0.001032674,-0.001160356,-0.001626890,,,
1786043614775955036,1786043614.775213269,/novatel/oem7/odom,/novatel/oem7/fix,/novatel/oem7/odom,39.663,-75.756,-1.801282677,0.001553333,-0.001626890,0.001032674,-0.001160356,-0.001626890,,,
1786043614785637300,1786043614.785032500,/novatel/oem7/inspva,/novatel/oem7/inspva,/novatel/oem7/inspva,39.663,-75.756,-1.801292826,0.001703977,-0.001416748,-0.000737800,0.001535965,-0.001416748,,novatel_oem7_msgs.msg.InertialSolutionStatus(status=3),
1786043614786994133,1786043614.785188509,/novatel/oem7/fix,/novatel/oem7/fix,/novatel/oem7/inspva,39.663,-75.756,-1.801292826,0.001703977,-0.001416748,-0.000737800,0.001535965,-0.001416748,,0,
1786043614788072220,1786043614.785693027,/novatel/oem7/odom,/novatel/oem7/fix,/novatel/oem7/odom,39.663,-75.756,-1.801292826,0.001707114,-0.001412966,0.001502851,-0.000809740,-0.001412966,,,
1786043614796556627,1786043614.795641954,/novatel/oem7/odom,/novatel/oem7/fix,/novatel/oem7/odom,39.663,-75.756,-1.801292826,0.001707114,-0.001412966,0.001502851,-0.000809740,-0.001412966,,,
1786043614806955187,1786043614.806641681,/novatel/oem7/inspva,/novatel/oem7/inspva,/novatel/oem7/inspva,39.663,-75.756,-1.801317377,0.000596481,-0.001393128,0.000591617,0.000076017,-0.001393128,,novatel_oem7_msgs.msg.InertialSolutionStatus(status=3),
1786043614807590163,1786043614.806796383,/novatel/oem7/fix,/novatel/oem7/fix,/novatel/oem7/inspva,39.663,-75.756,-1.801317377,0.000596481,-0.001393128,0.000591617,0.000076017,-0.001393128,,0,
1786043614808293237,1786043614.807582755,/novatel/oem7/odom,/novatel/oem7/fix,/novatel/oem7/odom,39.663,-75.756,-1.801317377,0.000601059,-0.001391159,0.000110937,0.000590733,-0.001391159,,,
1786043614810837836,1786043614.810347587,/novatel/oem7/bestpos,/novatel/oem7/bestpos,/novatel/oem7/odom,39.663,-75.756,33.180972196,0.000601059,-0.001391159,0.000110937,0.000590733,-0.001391159,,novatel_oem7_msgs.msg.SolutionStatus(status=0),novatel_oem7_msgs.msg.PositionOrVelocityType(type=53)
1786043614811528181,1786043614.810651640,/novatel/oem7/bestvel,/novatel/oem7/bestpos,/novatel/oem7/bestvel,39.663,-75.756,33.180972196,0.001316028,-0.001966406,,,,62.100010784,novatel_oem7_msgs.msg.SolutionStatus(status=0),novatel_oem7_msgs.msg.PositionOrVelocityType(type=53)
1786043614815305211,1786043614.814939686,/novatel/oem7/odom,/novatel/oem7/bestpos,/novatel/oem7/odom,39.663,-75.756,33.180972196,0.000601059,-0.001391159,0.000110937,0.000590733,-0.001391159,,,
1786043614826360062,1786043614.826066270,/novatel/oem7/inspva,/novatel/oem7/inspva,/novatel/oem7/inspva,39.663,-75.756,-1.801336081,0.001362906,-0.001732285,0.000981083,0.000946039,-0.001732285,,novatel_oem7_msgs.msg.InertialSolutionStatus(status=3),
1786043614827286012,1786043614.826226242,/novatel/oem7/fix,/novatel/oem7/fix,/novatel/oem7/inspva,39.663,-75.756,-1.801336081,0.001362906,-0.001732285,0.000981083,0.000946039,-0.001732285,,0,
1786043614827866928,1786043614.826635030,/novatel/oem7/odom,/novatel/oem7/fix,/novatel/oem7/odom,39.663,-75.756,-1.801336081,0.001370988,-0.001725896,0.001000569,0.000937267,-0.001725896,,,
1786043614835114251,1786043614.834674528,/novatel/oem7/odom,/novatel/oem7/fix,/novatel/oem7/odom,39.663,-75.756,-1.801336081,0.001370988,-0.001725896,0.001000569,0.000937267,-0.001725896,,,
1786043614845771149,1786043614.845352042,/novatel/oem7/inspva,/novatel/oem7/inspva,/novatel/oem7/inspva,39.663,-75.756,-1.801359951,0.000846632,-0.002799022,-0.000177771,0.000827758,-0.002799022,,novatel_oem7_msgs.msg.InertialSolutionStatus(status=3),
1786043614846414450,1786043614.845548584,/novatel/oem7/fix,/novatel/oem7/fix,/novatel/oem7/inspva,39.663,-75.756,-1.801359951,0.000846632,-0.002799022,-0.000177771,0.000827758,-0.002799022,,0,
1786043614847205979,1786043614.846237734,/novatel/oem7/odom,/novatel/oem7/fix,/novatel/oem7/odom,39.663,-75.756,-1.801359951,0.000855396,-0.002796356,0.000828850,-0.000211448,-0.002796356,,,
1786043614856878433,1786043614.856401406,/novatel/oem7/odom,/novatel/oem7/fix,/novatel/oem7/odom,39.663,-75.756,-1.801359951,0.000855396,-0.002796356,0.000828850,-0.000211448,-0.002796356,,,
1786043614865467618,1786043614.865157518,/novatel/oem7/inspva,/novatel/oem7/inspva,/novatel/oem7/inspva,39.663,-75.756,-1.801364398,0.000524202,-0.002493734,0.000161477,0.000498712,-0.002493734,,novatel_oem7_msgs.msg.InertialSolutionStatus(status=3),
1786043614866110240,1786043614.865324463,/novatel/oem7/fix,/novatel/oem7/fix,/novatel/oem7/inspva,39.663,-75.756,-1.801364398,0.000524202,-0.002493734,0.000161477,0.000498712,-0.002493734,,0,
1786043614866841710,1786043614.865873265,/novatel/oem7/odom,/novatel/oem7/fix,/novatel/oem7/odom,39.663,-75.756,-1.801364398,0.000535386,-0.002491357,0.000515946,0.000142959,-0.002491357,,,
1786043614874880838,1786043614.874515450,/novatel/oem7/odom,/novatel/oem7/fix,/novatel/oem7/odom,39.663,-75.756,-1.801364398,0.000535386,-0.002491357,0.000515946,0.000142959,-0.002491357,,,
1786043614887073164,1786043614.886714085,/novatel/oem7/inspva,/novatel/oem7/inspva,/novatel/oem7/inspva,39.663,-75.756,-1.801388286,0.001652073,-0.001570183,0.000429733,0.001595203,-0.001570183,,novatel_oem7_msgs.msg.InertialSolutionStatus(status=3),
1786043614887776044,1786043614.886875467,/novatel/oem7/fix,/novatel/oem7/fix,/novatel/oem7/inspva,39.663,-75.756,-1.801388286,0.001652073,-0.001570183,0.000429733,0.001595203,-0.001570183,,0,
1786043614888502159,1786043614.887767169,/novatel/oem7/odom,/novatel/oem7/fix,/novatel/oem7/odom,39.663,-75.756,-1.801388286,0.001659023,-0.001562837,0.001620840,0.000353887,-0.001562837,,,
1786043614895279610,1786043614.894905925,/novatel/oem7/odom,/novatel/oem7/fix,/novatel/oem7/odom,39.663,-75.756,-1.801388286,0.001659023,-0.001562837,0.001620840,0.000353887,-0.001562837,,,
1786043614906312644,1786043614.905888752,/novatel/oem7/inspva,/novatel/oem7/inspva,/novatel/oem7/inspva,39.663,-75.756,-1.801410887,0.001431787,-0.001041621,0.000764327,0.001210710,-0.001041621,,novatel_oem7_msgs.msg.InertialSolutionStatus(status=3),
1786043614906943894,1786043614.906059830,/novatel/oem7/fix,/novatel/oem7/fix,/novatel/oem7/inspva,39.663,-75.756,-1.801410887,0.001431787,-0.001041621,0.000764327,0.001210710,-0.001041621,,0,
1786043614907476633,1786043614.906557222,/novatel/oem7/odom,/novatel/oem7/fix,/novatel/oem7/odom,39.663,-75.756,-1.801410887,0.001436743,-0.001034774,0.001251425,0.000705810,-0.001034774,,,
1786043614910127460,1786043614.909654189,/novatel/oem7/bestpos,/novatel/oem7/bestpos,/novatel/oem7/odom,39.663,-75.756,33.180862345,0.001436743,-0.001034774,0.001251425,0.000705810,-0.001034774,,novatel_oem7_msgs.msg.SolutionStatus(status=0),novatel_oem7_msgs.msg.PositionOrVelocityType(type=53)
1786043614910809549,1786043614.910314699,/novatel/oem7/bestvel,/novatel/oem7/bestpos,/novatel/oem7/bestvel,39.663,-75.756,33.180862345,0.002925877,-0.002153018,,,,57.925439584,novatel_oem7_msgs.msg.SolutionStatus(status=0),novatel_oem7_msgs.msg.PositionOrVelocityType(type=53)
1786043614915914819,1786043614.915560436,/novatel/oem7/odom,/novatel/oem7/bestpos,/novatel/oem7/odom,39.663,-75.756,33.180862345,0.001436743,-0.001034774,0.001251425,0.000705810,-0.001034774,,,
1786043614925584964,1786043614.925288858,/novatel/oem7/inspva,/novatel/oem7/inspva,/novatel/oem7/inspva,39.663,-75.756,-1.801459975,0.001386013,-0.004053660,0.001317879,0.000429218,-0.004053660,,novatel_oem7_msgs.msg.InertialSolutionStatus(status=3),
1786043614926238989,1786043614.925458006,/novatel/oem7/fix,/novatel/oem7/fix,/novatel/oem7/inspva,39.663,-75.756,-1.801459975,0.001386013,-0.004053660,0.001317879,0.000429218,-0.004053660,,0,
1786043614926984504,1786043614.926140693,/novatel/oem7/odom,/novatel/oem7/fix,/novatel/oem7/odom,39.663,-75.756,-1.801459975,0.001401708,-0.004048260,0.000510256,0.001305536,-0.004048260,,,
1786043614935635702,1786043614.934921808,/novatel/oem7/odom,/novatel/oem7/fix,/novatel/oem7/odom,39.663,-75.756,-1.801459975,0.001401708,-0.004048260,0.000510256,0.001305536,-0.004048260,,,
1786043614946770021,1786043614.946201015,/novatel/oem7/inspva,/novatel/oem7/inspva,/novatel/oem7/inspva,39.663,-75.756,-1.801470805,0.000855517,-0.003642991,0.000753533,0.000405089,-0.003642991,,novatel_oem7_msgs.msg.InertialSolutionStatus(status=3),
1786043614947664602,1786043614.946378153,/novatel/oem7/fix,/novatel/oem7/fix,/novatel/oem7/inspva,39.663,-75.756,-1.801470805,0.000855517,-0.003642991,0.000753533,0.000405089,-0.003642991,,0,
1786043614948199447,1786043614.946891312,/novatel/oem7/odom,/novatel/oem7/fix,/novatel/oem7/odom,39.663,-75.756,-1.801470805,0.000871155,-0.003639283,0.000456449,0.000742001,-0.003639283,,,
1786043614956588120,1786043614.955892303,/novatel/oem7/odom,/novatel/oem7/fix,/novatel/oem7/odom,39.663,-75.756,-1.801470805,0.000871155,-0.003639283,0.000456449,0.000742001,-0.003639283,,,
1786043614966026599,1786043614.965393426,/novatel/oem7/inspva,/novatel/oem7/inspva,/novatel/oem7/inspva,39.663,-75.756,-1.801489038,0.002011952,-0.001358201,0.000561305,0.001932068,-0.001358201,,novatel_oem7_msgs.msg.InertialSolutionStatus(status=3),
1786043614967742961,1786043614.965567080,/novatel/oem7/fix,/novatel/oem7/fix,/novatel/oem7/inspva,39.663,-75.756,-1.801489038,0.002011952,-0.001358201,0.000561305,0.001932068,-0.001358201,,0,
1786043614968303173,1786043614.966323378,/novatel/oem7/odom,/novatel/oem7/fix,/novatel/oem7/odom,39.663,-75.756,-1.801489038,0.002018007,-0.001349188,0.001963000,0.000467955,-0.001349188,,,
1786043614975961327,1786043614.975589942,/novatel/oem7/odom,/novatel/oem7/fix,/novatel/oem7/odom,39.663,-75.756,-1.801489038,0.002018007,-0.001349188,0.001963000,0.000467955,-0.001349188,,,
1786043614985404856,1786043614.985105408,/novatel/oem7/inspva,/novatel/oem7/inspva,/novatel/oem7/inspva,39.663,-75.756,-1.801517486,0.001937818,-0.001227903,0.000524483,0.001865491,-0.001227903,,novatel_oem7_msgs.msg.InertialSolutionStatus(status=3),
1786043614986085305,1786043614.985283892,/novatel/oem7/fix,/novatel/oem7/fix,/novatel/oem7/inspva,39.663,-75.756,-1.801517486,0.001937818,-0.001227903,0.000524483,0.001865491,-0.001227903,,0,
1786043614986613208,1786043614.985822485,/novatel/oem7/odom,/novatel/oem7/fix,/novatel/oem7/odom,39.663,-75.756,-1.801517486,0.001943283,-0.001219237,0.001894164,0.000434154,-0.001219237,,,
1786043614994926220,1786043614.994471146,/novatel/oem7/odom,/novatel/oem7/fix,/novatel/oem7/odom,39.663,-75.756,-1.801517486,0.001943283,-0.001219237,0.001894164,0.000434154,-0.001219237,,,
1786043615008685154,1786043615.008395228,/novatel/oem7/inspva,/novatel/oem7/inspva,/novatel/oem7/inspva,39.663,-75.756,-1.801561963,0.002608804,-0.003100593,0.002579810,0.000387864,-0.003100593,,novatel_oem7_msgs.msg.InertialSolutionStatus(status=3),
1786043615009315463,1786043615.008557873,/novatel/oem7/fix,/novatel/oem7/fix,/novatel/oem7/inspva,39.663,-75.756,-1.801561963,0.002608804,-0.003100593,0.002579810,0.000387864,-0.003100593,,0,
1786043615010696252,1786043615.010253070,/novatel/oem7/odom,/novatel/oem7/fix,/novatel/oem7/odom,39.663,-75.756,-1.801561963,0.002619264,-0.003091763,0.000528167,0.002565459,-0.003091763,,,
1786043615016472650,1786043615.015810590,/novatel/oem7/odom,/novatel/oem7/fix,/novatel/oem7/odom,39.663,-75.756,-1.801561963,0.002619264,-0.003091763,0.000528167,0.002565459,-0.003091763,,,
1786043615027205436,1786043615.026882188,/novatel/oem7/bestpos,/novatel/oem7/bestpos,/novatel/oem7/odom,39.663,-75.756,33.180737524,0.002619264,-0.003091763,0.000528167,0.002565459,-0.003091763,,novatel_oem7_msgs.msg.SolutionStatus(status=0),novatel_oem7_msgs.msg.PositionOrVelocityType(type=53)
1786043615027827044,1786043615.027248412,/novatel/oem7/bestvel,/novatel/oem7/bestpos,/novatel/oem7/bestvel,39.663,-75.756,33.180737524,0.001792790,-0.002710225,,,,21.627881584,novatel_oem7_msgs.msg.SolutionStatus(status=0),novatel_oem7_msgs.msg.PositionOrVelocityType(type=53)
1786043615028444480,1786043615.027877305,/novatel/oem7/inspva,/novatel/oem7/inspva,/novatel/oem7/inspva,39.663,-75.756,-1.801582078,0.001412887,-0.003609097,0.001412867,0.000007386,-0.003609097,,novatel_oem7_msgs.msg.InertialSolutionStatus(status=3),
1786043615028825977,1786043615.028006069,/novatel/oem7/fix,/novatel/oem7/fix,/novatel/oem7/inspva,39.663,-75.756,-1.801582078,0.001412887,-0.003609097,0.001412867,0.000007386,-0.003609097,,0,
1786043615029481370,1786043615.028449440,/novatel/oem7/odom,/novatel/oem7/fix,/novatel/oem7/odom,39.663,-75.756,-1.801582078,0.001423233,-0.003605030,0.000091989,0.001420257,-0.003605030,,,
1786043615035929231,1786043615.035582673,/novatel/oem7/odom,/novatel/oem7/fix,/novatel/oem7/odom,39.663,-75.756,-1.801582078,0.001423233,-0.003605030,0.000091989,0.001420257,-0.003605030,,,
1786043615046286281,1786043615.046018995,/novatel/oem7/inspva,/novatel/oem7/inspva,/novatel/oem7/inspva,39.663,-75.756,-1.801558337,0.002801423,-0.001152729,0.000275877,0.002787806,-0.001152729,,novatel_oem7_msgs.msg.InertialSolutionStatus(status=3),
1786043615046891271,1786043615.046156443,/novatel/oem7/fix,/novatel/oem7/fix,/novatel/oem7/inspva,39.663,-75.756,-1.801558337,0.002801423,-0.001152729,0.000275877,0.002787806,-0.001152729,,0,
1786043615047583601,1786043615.046772602,/novatel/oem7/odom,/novatel/oem7/fix,/novatel/oem7/odom,39.663,-75.756,-1.801558337,0.002806088,-0.001141326,0.002802607,0.000139730,-0.001141326,,,
1786043615057238568,1786043615.056460053,/novatel/oem7/odom,/novatel/oem7/fix,/novatel/oem7/odom,39.663,-75.756,-1.801558337,0.002806088,-0.001141326,0.002802607,0.000139730,-0.001141326,,,
1786043615066884825,1786043615.066306146,/novatel/oem7/inspva,/novatel/oem7/inspva,/novatel/oem7/inspva,39.663,-75.756,-1.801549175,0.002127898,-0.001240861,0.000729673,0.001998881,-0.001240861,,novatel_oem7_msgs.msg.InertialSolutionStatus(status=3),
1786043615068266705,1786043615.066388286,/novatel/oem7/fix,/novatel/oem7/fix,/novatel/oem7/inspva,39.663,-75.756,-1.801549175,0.002127898,-0.001240861,0.000729673,0.001998881,-0.001240861,,0,
1786043615069326615,1786043615.066866342,/novatel/oem7/odom,/novatel/oem7/fix,/novatel/oem7/odom,39.663,-75.756,-1.801549175,0.002133572,-0.001231079,0.002037663,0.000632500,-0.001231079,,,
1786043615075575583,1786043615.074876866,/novatel/oem7/odom,/novatel/oem7/fix,/novatel/oem7/odom,39.663,-75.756,-1.801549175,0.002133572,-0.001231079,0.002037663,0.000632500,-0.001231079,,,
1786043615085986764,1786043615.085411819,/novatel/oem7/inspva,/novatel/oem7/inspva,/novatel/oem7/inspva,39.663,-75.756,-1.801558841,0.002959629,-0.002809342,0.002959137,-0.000053997,-0.002809342,,novatel_oem7_msgs.msg.InertialSolutionStatus(status=3),
1786043615087387482,1786043615.085573337,/novatel/oem7/fix,/novatel/oem7/fix,/novatel/oem7/inspva,39.663,-75.756,-1.801558841,0.002959629,-0.002809342,0.002959137,-0.000053997,-0.002809342,,0,
1786043615088445015,1786043615.086161450,/novatel/oem7/odom,/novatel/oem7/fix,/novatel/oem7/odom,39.663,-75.756,-1.801558841,0.002967395,-0.002801139,0.000104520,0.002965554,-0.002801139,,,
1786043615096275692,1786043615.095611755,/novatel/oem7/odom,/novatel/oem7/fix,/novatel/oem7/odom,39.663,-75.756,-1.801558841,0.002967395,-0.002801139,0.000104520,0.002965554,-0.002801139,,,
1786043615106777643,1786043615.106332400,/novatel/oem7/inspva,/novatel/oem7/inspva,/novatel/oem7/inspva,39.663,-75.756,-1.801543763,0.001935356,-0.002955412,0.001925830,0.000191786,-0.002955412,,novatel_oem7_msgs.msg.InertialSolutionStatus(status=3),
1786043615107400208,1786043615.106486214,/novatel/oem7/fix,/novatel/oem7/fix,/novatel/oem7/inspva,39.663,-75.756,-1.801543763,0.001935356,-0.002955412,0.001925830,0.000191786,-0.002955412,,0,
1786043615107874118,1786043615.106913975,/novatel/oem7/odom,/novatel/oem7/fix,/novatel/oem7/odom,39.663,-75.756,-1.801543763,0.001944820,-0.002949193,0.000299180,0.001921670,-0.002949193,,,
1786043615110157914,1786043615.109542031,/novatel/oem7/bestpos,/novatel/oem7/bestpos,/novatel/oem7/odom,39.663,-75.756,33.180731538,0.001944820,-0.002949193,0.000299180,0.001921670,-0.002949193,,novatel_oem7_msgs.msg.SolutionStatus(status=0),novatel_oem7_msgs.msg.PositionOrVelocityType(type=53)
1786043615111452470,1786043615.110152004,/novatel/oem7/bestvel,/novatel/oem7/bestpos,/novatel/oem7/bestvel,39.663,-75.756,33.180731538,0.001501328,-0.002846085,,,,23.557806933,novatel_oem7_msgs.msg.SolutionStatus(status=0),novatel_oem7_msgs.msg.PositionOrVelocityType(type=53)
1786043615115169076,1786043615.114715278,/novatel/oem7/odom,/novatel/oem7/bestpos,/novatel/oem7/odom,39.663,-75.756,33.180731538,0.001944820,-0.002949193,0.000299180,0.001921670,-0.002949193,,,
1786043615127579657,1786043615.126879770,/novatel/oem7/inspva,/novatel/oem7/inspva,/novatel/oem7/inspva,39.663,-75.756,-1.801529249,0.002144407,-0.001929222,0.000506437,0.002083747,-0.001929222,,novatel_oem7_msgs.msg.InertialSolutionStatus(status=3),
1786043615129011451,1786043615.127031231,/novatel/oem7/fix,/novatel/oem7/fix,/novatel/oem7/inspva,39.663,-75.756,-1.801529249,0.002144407,-0.001929222,0.000506437,0.002083747,-0.001929222,,0,
1786043615130073491,1786043615.127913540,/novatel/oem7/odom,/novatel/oem7/fix,/novatel/oem7/odom,39.663,-75.756,-1.801529249,0.002152829,-0.001919820,0.002113979,0.000407139,-0.001919820,,,
1786043615136202868,1786043615.135480821,/novatel/oem7/odom,/novatel/oem7/fix,/novatel/oem7/odom,39.663,-75.756,-1.801529249,0.002152829,-0.001919820,0.002113979,0.000407139,-0.001919820,,,
1786043615145754011,1786043615.145071000,/novatel/oem7/inspva,/novatel/oem7/inspva,/novatel/oem7/inspva,39.663,-75.756,-1.801514901,0.002380110,-0.001485857,0.000522115,0.002322137,-0.001485857,,novatel_oem7_msgs.msg.InertialSolutionStatus(status=3),
1786043615147186101,1786043615.145215992,/novatel/oem7/fix,/novatel/oem7/fix,/novatel/oem7/inspva,39.663,-75.756,-1.801514901,0.002380110,-0.001485857,0.000522115,0.002322137,-0.001485857,,0,
1786043615148262381,1786043615.145838475,/novatel/oem7/odom,/novatel/oem7/fix,/novatel/oem7/odom,39.663,-75.756,-1.801514901,0.002386578,-0.001475446,0.002351137,0.000409764,-0.001475446,,,
1786043615156503782,1786043615.155730208,/novatel/oem7/odom,/novatel/oem7/fix,/novatel/oem7/odom,39.663,-75.756,-1.801514901,0.002386578,-0.001475446,0.002351137,0.000409764,-0.001475446,,,
1786043615167658981,1786043615.166956234,/novatel/oem7/inspva,/novatel/oem7/inspva,/novatel/oem7/inspva,39.663,-75.756,-1.801522464,0.002440447,-0.002122461,0.002184203,0.001088596,-0.002122461,,novatel_oem7_msgs.msg.InertialSolutionStatus(status=3),
1786043615168616282,1786043615.167103342,/novatel/oem7/fix,/novatel/oem7/fix,/novatel/oem7/inspva,39.663,-75.756,-1.801522464,0.002440447,-0.002122461,0.002184203,0.001088596,-0.002122461,,0,
1786043615169119241,1786043615.167617457,/novatel/oem7/odom,/novatel/oem7/fix,/novatel/oem7/odom,39.663,-75.756,-1.801522464,0.002449467,-0.002112046,0.001204463,0.002132875,-0.002112046,,,
1786043615175496927,1786043615.175080487,/novatel/oem7/odom,/novatel/oem7/fix,/novatel/oem7/odom,39.663,-75.756,-1.801522464,0.002449467,-0.002112046,0.001204463,0.002132875,-0.002112046,,,
1786043615185437203,1786043615.185073764,/novatel/oem7/inspva,/novatel/oem7/inspva,/novatel/oem7/inspva,39.663,-75.756,-1.801512755,0.001983913,-0.002309847,0.001881730,0.000628494,-0.002309847,,novatel_oem7_msgs.msg.InertialSolutionStatus(status=3),
1786043615186137754,1786043615.185248466,/novatel/oem7/fix,/novatel/oem7/fix,/novatel/oem7/inspva,39.663,-75.756,-1.801512755,0.001983913,-0.002309847,0.001881730,0.000628494,-0.002309847,,0,
1786043615186672617,1786043615.185686976,/novatel/oem7/odom,/novatel/oem7/fix,/novatel/oem7/odom,39.663,-75.756,-1.801512755,0.001992900,-0.002302098,0.000730517,0.001854183,-0.002302098,,,
1786043615195277437,1786043615.194611990,/novatel/oem7/odom,/novatel/oem7/fix,/novatel/oem7/odom,39.663,-75.756,-1.801512755,0.001992900,-0.002302098,0.000730517,0.001854183,-0.002302098,,,
1786043615206861702,1786043615.206551110,/novatel/oem7/inspva,/novatel/oem7/inspva,/novatel/oem7/inspva,39.663,-75.756,-1.801518022,0.002400375,-0.003208470,0.000080527,0.002399024,-0.003208470,,novatel_oem7_msgs.msg.InertialSolutionStatus(status=3),
1786043615207543228,1786043615.206728475,/novatel/oem7/fix,/novatel/oem7/fix,/novatel/oem7/inspva,39.663,-75.756,-1.801518022,0.002400375,-0.003208470,0.000080527,0.002399024,-0.003208470,,0,
1786043615208195835,1786043615.207295207,/novatel/oem7/odom,/novatel/oem7/fix,/novatel/oem7/odom,39.663,-75.756,-1.801518022,0.002412933,-0.003199037,0.002412739,-0.000030545,-0.003199037,,,
1786043615210979235,1786043615.210539739,/novatel/oem7/bestpos,/novatel/oem7/bestpos,/novatel/oem7/odom,39.663,-75.756,33.180763553,0.002412933,-0.003199037,0.002412739,-0.000030545,-0.003199037,,novatel_oem7_msgs.msg.SolutionStatus(status=0),novatel_oem7_msgs.msg.PositionOrVelocityType(type=53)
1786043615211604306,1786043615.210945303,/novatel/oem7/bestvel,/novatel/oem7/bestpos,/novatel/oem7/bestvel,39.663,-75.756,33.180763553,0.002322022,-0.002974855,,,,95.984552495,novatel_oem7_msgs.msg.SolutionStatus(status=0),novatel_oem7_msgs.msg.PositionOrVelocityType(type=53)
1786043615215549491,1786043615.214920705,/novatel/oem7/odom,/novatel/oem7/bestpos,/novatel/oem7/odom,39.663,-75.756,33.180763553,0.002412933,-0.003199037,0.002412739,-0.000030545,-0.003199037,,,
1786043615226805347,1786043615.226159888,/novatel/oem7/inspva,/novatel/oem7/inspva,/novatel/oem7/inspva,39.663,-75.756,-1.801489705,0.001585097,-0.002163902,0.000078221,0.001583166,-0.002163902,,novatel_oem7_msgs.msg.InertialSolutionStatus(status=3),
1786043615228199285,1786043615.226313232,/novatel/oem7/fix,/novatel/oem7/fix,/novatel/oem7/inspva,39.663,-75.756,-1.801489705,0.001585097,-0.002163902,0.000078221,0.001583166,-0.002163902,,0,
1786043615229229951,1786043615.226895598,/novatel/oem7/odom,/novatel/oem7/fix,/novatel/oem7/odom,39.663,-75.756,-1.801489705,0.001593695,-0.002157577,0.001593687,0.000005017,-0.002157577,,,
1786043615235100879,1786043615.234743391,/novatel/oem7/odom,/novatel/oem7/fix,/novatel/oem7/odom,39.663,-75.756,-1.801489705,0.001593695,-0.002157577,0.001593687,0.000005017,-0.002157577,,,
1786043615245794739,1786043615.245430733,/novatel/oem7/inspva,/novatel/oem7/inspva,/novatel/oem7/inspva,39.663,-75.756,-1.801486593,0.002079910,-0.001103939,0.001829693,0.000989065,-0.001103939,,novatel_oem7_msgs.msg.InertialSolutionStatus(status=3),
1786043615246511253,1786043615.245754139,/novatel/oem7/fix,/novatel/oem7/fix,/novatel/oem7/inspva,39.663,-75.756,-1.801486593,0.002079910,-0.001103939,0.001829693,0.000989065,-0.001103939,,0,
1786043615246989196,1786043615.246211646,/novatel/oem7/odom,/novatel/oem7/fix,/novatel/oem7/odom,39.663,-75.756,-1.801486593,0.002084670,-0.001094923,0.001083306,0.001781094,-0.001094923,,,
1786043615256967320,1786043615.256617625,/novatel/oem7/odom,/novatel/oem7/fix,/novatel/oem7/odom,39.663,-75.756,-1.801486593,0.002084670,-0.001094923,0.001083306,0.001781094,-0.001094923,,,
1786043615265681406,1786043615.265107134,/novatel/oem7/inspva,/novatel/oem7/inspva,/novatel/oem7/inspva,39.663,-75.756,-1.801488454,0.002272777,-0.001763733,0.001856326,0.001311323,-0.001763733,,novatel_oem7_msgs.msg.InertialSolutionStatus(status=3),
1786043615266978556,1786043615.265364057,/novatel/oem7/fix,/novatel/oem7/fix,/novatel/oem7/inspva,39.663,-75.756,-1.801488454,0.002272777,-0.001763733,0.001856326,0.001311323,-0.001763733,,0,
1786043615267748566,1786043615.265643526,/novatel/oem7/odom,/novatel/oem7/fix,/novatel/oem7/odom,39.663,-75.756,-1.801488454,0.002280746,-0.001753415,0.001409089,0.001793397,-0.001753415,,,
1786043615275177179,1786043615.274666388,/novatel/oem7/odom,/novatel/oem7/fix,/novatel/oem7/odom,39.663,-75.756,-1.801488454,0.002280746,-0.001753415,0.001409089,0.001793397,-0.001753415,,,
1786043615287268477,1786043615.286732105,/novatel/oem7/inspva,/novatel/oem7/inspva,/novatel/oem7/inspva,39.663,-75.756,-1.801500373,0.001689184,-0.003387609,0.000469164,0.001622722,-0.003387609,,novatel_oem7_msgs.msg.InertialSolutionStatus(status=3),
1786043615287983166,1786043615.286879010,/novatel/oem7/fix,/novatel/oem7/fix,/novatel/oem7/inspva,39.663,-75.756,-1.801500373,0.001689184,-0.003387609,0.000469164,0.001622722,-0.003387609,,0,
1786043615288448372,1786043615.287336134,/novatel/oem7/odom,/novatel/oem7/fix,/novatel/oem7/odom,39.663,-75.756,-1.801500373,0.001704348,-0.003380005,0.001657528,0.000396743,-0.003380005,,,
1786043615295593825,1786043615.295257865,/novatel/oem7/odom,/novatel/oem7/fix,/novatel/oem7/odom,39.663,-75.756,-1.801500373,0.001704348,-0.003380005,0.001657528,0.000396743,-0.003380005,,,
1786043615306487444,1786043615.306011579,/novatel/oem7/inspva,/novatel/oem7/inspva,/novatel/oem7/inspva,39.663,-75.756,-1.801483843,0.001490717,-0.003078173,0.000478898,0.001411699,-0.003078173,,novatel_oem7_msgs.msg.InertialSolutionStatus(status=3),
1786043615307097232,1786043615.306290112,/novatel/oem7/fix,/novatel/oem7/fix,/novatel/oem7/inspva,39.663,-75.756,-1.801483843,0.001490717,-0.003078173,0.000478898,0.001411699,-0.003078173,,0,
1786043615307619425,1786043615.306681243,/novatel/oem7/odom,/novatel/oem7/fix,/novatel/oem7/odom,39.663,-75.756,-1.801483843,0.001504747,-0.003071339,0.001446058,0.000416146,-0.003071339,,,
1786043615309968718,1786043615.309496053,/novatel/oem7/bestpos,/novatel/oem7/bestpos,/novatel/oem7/odom,39.663,-75.756,33.180786758,0.001504747,-0.003071339,0.001446058,0.000416146,-0.003071339,,novatel_oem7_msgs.msg.SolutionStatus(status=0),novatel_oem7_msgs.msg.PositionOrVelocityType(type=53)
1786043615311370229,1786043615.310238901,/novatel/oem7/bestvel,/novatel/oem7/bestpos,/novatel/oem7/bestvel,39.663,-75.756,33.180786758,0.000934863,-0.002678818,,,,74.984145419,novatel_oem7_msgs.msg.SolutionStatus(status=0),novatel_oem7_msgs.msg.PositionOrVelocityType(type=53)
1786043615315383814,1786043615.314611827,/novatel/oem7/odom,/novatel/oem7/bestpos,/novatel/oem7/odom,39.663,-75.756,33.180786758,0.001504747,-0.003071339,0.001446058,0.000416146,-0.003071339,,,
1786043615325938077,1786043615.325253974,/novatel/oem7/inspva,/novatel/oem7/inspva,/novatel/oem7/inspva,39.663,-75.756,-1.801472148,0.001458759,-0.000850920,0.000257960,0.001435770,-0.000850920,,novatel_oem7_msgs.msg.InertialSolutionStatus(status=3),
1786043615327448535,1786043615.325477299,/novatel/oem7/fix,/novatel/oem7/fix,/novatel/oem7/inspva,39.663,-75.756,-1.801472148,0.001458759,-0.000850920,0.000257960,0.001435770,-0.000850920,,0,
1786043615328604583,1786043615.325906193,/novatel/oem7/odom,/novatel/oem7/fix,/novatel/oem7/odom,39.663,-75.756,-1.801472148,0.001462427,-0.000844602,0.001450236,0.000188435,-0.000844602,,,
1786043615335980912,1786043615.335219864,/novatel/oem7/odom,/novatel/oem7/fix,/novatel/oem7/odom,39.663,-75.756,-1.801472148,0.001462427,-0.000844602,0.001450236,0.000188435,-0.000844602,,,
1786043615346689986,1786043615.346096337,/novatel/oem7/inspva,/novatel/oem7/inspva,/novatel/oem7/inspva,39.663,-75.756,-1.801480763,0.001865460,-0.001611450,0.001025711,0.001558158,-0.001611450,,novatel_oem7_msgs.msg.InertialSolutionStatus(status=3),
1786043615348208425,1786043615.346278199,/novatel/oem7/fix,/novatel/oem7/fix,/novatel/oem7/inspva,39.663,-75.756,-1.801480763,0.001865460,-0.001611450,0.001025711,0.001558158,-0.001611450,,0,
1786043615349377946,1786043615.346747787,/novatel/oem7/odom,/novatel/oem7/fix,/novatel/oem7/odom,39.663,-75.756,-1.801480763,0.001873172,-0.001602478,0.001613729,0.000951133,-0.001602478,,,
1786043615356639537,1786043615.355911513,/novatel/oem7/odom,/novatel/oem7/fix,/novatel/oem7/odom,39.663,-75.756,-1.801480763,0.001873172,-0.001602478,0.001613729,0.000951133,-0.001602478,,,
1786043615366582130,1786043615.365861650,/novatel/oem7/inspva,/novatel/oem7/inspva,/novatel/oem7/inspva,39.663,-75.756,-1.801511616,0.001323652,-0.004138275,0.001096714,0.000741129,-0.004138275,,novatel_oem7_msgs.msg.InertialSolutionStatus(status=3),
1786043615368080475,1786043615.366045672,/novatel/oem7/fix,/novatel/oem7/fix,/novatel/oem7/inspva,39.663,-75.756,-1.801511616,0.001323652,-0.004138275,0.001096714,0.000741129,-0.004138275,,0,
1786043615369219026,1786043615.366550843,/novatel/oem7/odom,/novatel/oem7/fix,/novatel/oem7/odom,39.663,-75.756,-1.801511616,0.001342210,-0.004132293,0.000811195,0.001069341,-0.004132293,,,
1786043615376209384,1786043615.375531097,/novatel/oem7/odom,/novatel/oem7/fix,/novatel/oem7/odom,39.663,-75.756,-1.801511616,0.001342210,-0.004132293,0.000811195,0.001069341,-0.004132293,,,
1786043615385625763,1786043615.385014500,/novatel/oem7/inspva,/novatel/oem7/inspva,/novatel/oem7/inspva,39.663,-75.756,-1.801496695,0.001423098,-0.003366465,0.001313129,0.000548543,-0.003366465,,novatel_oem7_msgs.msg.InertialSolutionStatus(status=3),
1786043615387114130,1786043615.385174178,/novatel/oem7/fix,/novatel/oem7/fix,/novatel/oem7/inspva,39.663,-75.756,-1.801496695,0.001423098,-0.003366465,0.001313129,0.000548543,-0.003366465,,0,
1786043615388215075,1786043615.385672856,/novatel/oem7/odom,/novatel/oem7/fix,/novatel/oem7/odom,39.663,-75.756,-1.801496695,0.001436833,-0.003360626,0.000626617,0.001292997,-0.003360626,,,
1786043615395233363,1786043615.394484522,/novatel/oem7/odom,/novatel/oem7/fix,/novatel/oem7/odom,39.663,-75.756,-1.801496695,0.001436833,-0.003360626,0.000626617,0.001292997,-0.003360626,,,
1786043615407390575,1786043615.406763605,/novatel/oem7/inspva,/novatel/oem7/inspva,/novatel/oem7/inspva,39.663,-75.756,-1.801494699,0.002363669,-0.001878310,-0.000637034,0.002276207,-0.001878310,,novatel_oem7_msgs.msg.InertialSolutionStatus(status=3),
1786043615408057577,1786043615.406923117,/novatel/oem7/fix,/novatel/oem7/fix,/novatel/oem7/inspva,39.663,-75.756,-1.801494699,0.002363669,-0.001878310,-0.000637034,0.002276207,-0.001878310,,0,
1786043615408522474,1786043615.407523243,/novatel/oem7/odom,/novatel/oem7/fix,/novatel/oem7/odom,39.663,-75.756,-1.801494699,0.002369237,-0.001871282,0.002249193,-0.000744590,-0.001871282,,,
1786043615410771391,1786043615.410144248,/novatel/oem7/bestpos,/novatel/oem7/bestpos,/novatel/oem7/odom,39.663,-75.756,33.180770447,0.002369237,-0.001871282,0.002249193,-0.000744590,-0.001871282,,novatel_oem7_msgs.msg.SolutionStatus(status=0),novatel_oem7_msgs.msg.PositionOrVelocityType(type=53)
1786043615412176301,1786043615.410624823,/novatel/oem7/bestvel,/novatel/oem7/bestpos,/novatel/oem7/bestvel,39.663,-75.756,33.180770447,0.002337000,-0.002187118,,,,93.800776847,novatel_oem7_msgs.msg.SolutionStatus(status=0),novatel_oem7_msgs.msg.PositionOrVelocityType(type=53)
1786043615415872247,1786043615.415459677,/novatel/oem7/odom,/novatel/oem7/bestpos,/novatel/oem7/odom,39.663,-75.756,33.180770447,0.002369237,-0.001871282,0.002249193,-0.000744590,-0.001871282,,,
1786043615425651523,1786043615.425043730,/novatel/oem7/inspva,/novatel/oem7/inspva,/novatel/oem7/inspva,39.663,-75.756,-1.801498241,0.002059498,-0.001344198,-0.000029206,0.002059291,-0.001344198,,novatel_oem7_msgs.msg.InertialSolutionStatus(status=3),
1786043615427022649,1786043615.425183175,/novatel/oem7/fix,/novatel/oem7/fix,/novatel/oem7/inspva,39.663,-75.756,-1.801498241,0.002059498,-0.001344198,-0.000029206,0.002059291,-0.001344198,,0,
1786043615427673998,1786043615.425617859,/novatel/oem7/odom,/novatel/oem7/fix,/novatel/oem7/odom,39.663,-75.756,-1.801498241,0.002064623,-0.001336315,0.002060645,-0.000128102,-0.001336315,,,
1786043615435264013,1786043615.434625777,/novatel/oem7/odom,/novatel/oem7/fix,/novatel/oem7/odom,39.663,-75.756,-1.801498241,0.002064623,-0.001336315,0.002060645,-0.000128102,-0.001336315,,,
1786043615445752079,1786043615.445299784,/novatel/oem7/inspva,/novatel/oem7/inspva,/novatel/oem7/inspva,39.663,-75.756,-1.801530787,0.001462826,-0.003572777,0.001335156,0.000597678,-0.003572777,,novatel_oem7_msgs.msg.InertialSolutionStatus(status=3),
1786043615446377041,1786043615.445468096,/novatel/oem7/fix,/novatel/oem7/fix,/novatel/oem7/inspva,39.663,-75.756,-1.801530787,0.001462826,-0.003572777,0.001335156,0.000597678,-0.003572777,,0,
1786043615446946407,1786043615.446110155,/novatel/oem7/odom,/novatel/oem7/fix,/novatel/oem7/odom,39.663,-75.756,-1.801530787,0.001477706,-0.003566648,0.000677670,0.001313156,-0.003566648,,,
1786043615457242001,1786043615.456544147,/novatel/oem7/odom,/novatel/oem7/fix,/novatel/oem7/odom,39.663,-75.756,-1.801530787,0.001477706,-0.003566648,0.000677670,0.001313156,-0.003566648,,,
1786043615466703550,1786043615.466139974,/novatel/oem7/inspva,/novatel/oem7/inspva,/novatel/oem7/inspva,39.663,-75.756,-1.801521310,0.001586152,-0.003479222,0.001490717,0.000541888,-0.003479222,,novatel_oem7_msgs.msg.InertialSolutionStatus(status=3),
1786043615467589147,1786043615.466303649,/novatel/oem7/fix,/novatel/oem7/fix,/novatel/oem7/inspva,39.663,-75.756,-1.801521310,0.001586152,-0.003479222,0.001490717,0.000541888,-0.003479222,,0,
1786043615468080586,1786043615.466847358,/novatel/oem7/odom,/novatel/oem7/fix,/novatel/oem7/odom,39.663,-75.756,-1.801521310,0.001599991,-0.003472880,0.000629287,0.001471043,-0.003472880,,,
1786043615475034204,1786043615.474562027,/novatel/oem7/odom,/novatel/oem7/fix,/novatel/oem7/odom,39.663,-75.756,-1.801521310,0.001599991,-0.003472880,0.000629287,0.001471043,-0.003472880,,,
1786043615485807929,1786043615.485401485,/novatel/oem7/inspva,/novatel/oem7/inspva,/novatel/oem7/inspva,39.663,-75.756,-1.801509124,0.002315749,-0.001621230,-0.000827916,0.002162695,-0.001621230,,novatel_oem7_msgs.msg.InertialSolutionStatus(status=3),
1786043615487344504,1786043615.485615050,/novatel/oem7/fix,/novatel/oem7/fix,/novatel/oem7/inspva,39.663,-75.756,-1.801509124,0.002315749,-0.001621230,-0.000827916,0.002162695,-0.001621230,,0,
1786043615487944811,1786043615.486391095,/novatel/oem7/odom,/novatel/oem7/fix,/novatel/oem7/odom,39.663,-75.756,-1.801509124,0.002319948,-0.001615216,0.002125276,-0.000930248,-0.001615216,,,
1786043615496070351,1786043615.495712803,/novatel/oem7/odom,/novatel/oem7/fix,/novatel/oem7/odom,39.663,-75.756,-1.801509124,0.002319948,-0.001615216,0.002125276,-0.000930248,-0.001615216,,,
1786043615506772344,1786043615.506163355,/novatel/oem7/inspva,/novatel/oem7/inspva,/novatel/oem7/inspva,39.663,-75.756,-1.801514511,0.002970130,-0.002239887,-0.000585364,0.002911875,-0.002239887,,novatel_oem7_msgs.msg.InertialSolutionStatus(status=3),
1786043615507802884,1786043615.506328476,/novatel/oem7/fix,/novatel/oem7/fix,/novatel/oem7/inspva,39.663,-75.756,-1.801514511,0.002970130,-0.002239887,-0.000585364,0.002911875,-0.002239887,,0,
1786043615508289679,1786043615.506706270,/novatel/oem7/odom,/novatel/oem7/fix,/novatel/oem7/odom,39.663,-75.756,-1.801514511,0.002977370,-0.002230255,0.002888106,-0.000723583,-0.002230255,,,
1786043615512098466,1786043615.511403786,/novatel/oem7/bestpos,/novatel/oem7/bestpos,/novatel/oem7/odom,39.663,-75.756,33.180747123,0.002977370,-0.002230255,0.002888106,-0.000723583,-0.002230255,,novatel_oem7_msgs.msg.SolutionStatus(status=0),novatel_oem7_msgs.msg.PositionOrVelocityType(type=53)
1786043615513070861,1786043615.511747222,/novatel/oem7/bestvel,/novatel/oem7/bestpos,/novatel/oem7/bestvel,39.663,-75.756,33.180747123,0.002661512,-0.002315585,,,,94.848827646,novatel_oem7_msgs.msg.SolutionStatus(status=0),novatel_oem7_msgs.msg.PositionOrVelocityType(type=53)
1786043615514927223,1786043615.514554410,/novatel/oem7/odom,/novatel/oem7/bestpos,/novatel/oem7/odom,39.663,-75.756,33.180747123,0.002977370,-0.002230255,0.002888106,-0.000723583,-0.002230255,,,
1786043615527305397,1786043615.526794136,/novatel/oem7/inspva,/novatel/oem7/inspva,/novatel/oem7/inspva,39.663,-75.756,-1.801532887,0.001235519,-0.002171718,0.001199170,0.000297487,-0.002171718,,novatel_oem7_msgs.msg.InertialSolutionStatus(status=3),
1786043615527954025,1786043615.526949737,/novatel/oem7/fix,/novatel/oem7/fix,/novatel/oem7/inspva,39.663,-75.756,-1.801532887,0.001235519,-0.002171718,0.001199170,0.000297487,-0.002171718,,0,
1786043615528455764,1786043615.527469359,/novatel/oem7/odom,/novatel/oem7/fix,/novatel/oem7/odom,39.663,-75.756,-1.801532887,0.001243554,-0.002167127,0.000365539,0.001188616,-0.002167127,,,
1786043615535581280,1786043615.535218198,/novatel/oem7/odom,/novatel/oem7/fix,/novatel/oem7/odom,39.663,-75.756,-1.801532887,0.001243554,-0.002167127,0.000365539,0.001188616,-0.002167127,,,
1786043615545630319,1786043615.545319126,/novatel/oem7/inspva,/novatel/oem7/inspva,/novatel/oem7/inspva,39.663,-75.756,-1.801540064,0.001862668,-0.002851172,0.001701052,0.000758917,-0.002851172,,novatel_oem7_msgs.msg.InertialSolutionStatus(status=3),
1786043615546296323,1786043615.545480988,/novatel/oem7/fix,/novatel/oem7/fix,/novatel/oem7/inspva,39.663,-75.756,-1.801540064,0.001862668,-0.002851172,0.001701052,0.000758917,-0.002851172,,0,
1786043615546818400,1786043615.545920972,/novatel/oem7/odom,/novatel/oem7/fix,/novatel/oem7/odom,39.663,-75.756,-1.801540064,0.001874507,-0.002843403,0.000853988,0.001668676,-0.002843403,,,
1786043615556200544,1786043615.555837745,/novatel/oem7/odom,/novatel/oem7/fix,/novatel/oem7/odom,39.663,-75.756,-1.801540064,0.001874507,-0.002843403,0.000853988,0.001668676,-0.002843403,,,
1786043615565727159,1786043615.565351335,/novatel/oem7/inspva,/novatel/oem7/inspva,/novatel/oem7/inspva,39.663,-75.756,-1.801548276,0.001940708,-0.003156267,-0.000637335,0.001833071,-0.003156267,,novatel_oem7_msgs.msg.InertialSolutionStatus(status=3),
1786043615566335738,1786043615.565497666,/novatel/oem7/fix,/novatel/oem7/fix,/novatel/oem7/inspva,39.663,-75.756,-1.801548276,0.001940708,-0.003156267,-0.000637335,0.001833071,-0.003156267,,0,
1786043615567011661,1786043615.566007708,/novatel/oem7/odom,/novatel/oem7/fix,/novatel/oem7/odom,39.663,-75.756,-1.801548276,0.001949285,-0.003150977,0.001811640,-0.000719495,-0.003150977,,,
1786043615575641228,1786043615.574939768,/novatel/oem7/odom,/novatel/oem7/fix,/novatel/oem7/odom,39.663,-75.756,-1.801548276,0.001949285,-0.003150977,0.001811640,-0.000719495,-0.003150977,,,
1786043615586379424,1786043615.586071097,/novatel/oem7/inspva,/novatel/oem7/inspva,/novatel/oem7/inspva,39.663,-75.756,-1.801554857,0.001987941,-0.003061750,-0.000296869,0.001965650,-0.003061750,,novatel_oem7_msgs.msg.InertialSolutionStatus(status=3),
1786043615587028332,1786043615.586214818,/novatel/oem7/fix,/novatel/oem7/fix,/novatel/oem7/inspva,39.663,-75.756,-1.801554857,0.001987941,-0.003061750,-0.000296869,0.001965650,-0.003061750,,0,
1786043615587591605,1786043615.586664849,/novatel/oem7/odom,/novatel/oem7/fix,/novatel/oem7/odom,39.663,-75.756,-1.801554857,0.001998328,-0.003054982,0.001960656,-0.000386190,-0.003054982,,,
1786043615594817101,1786043615.594372908,/novatel/oem7/odom,/novatel/oem7/fix,/novatel/oem7/odom,39.663,-75.756,-1.801554857,0.001998328,-0.003054982,0.001960656,-0.000386190,-0.003054982,,,
1786043615606578875,1786043615.606270354,/novatel/oem7/inspva,/novatel/oem7/inspva,/novatel/oem7/inspva,39.663,-75.756,-1.801588042,0.002318860,-0.003055416,0.001152420,0.002012223,-0.003055416,,novatel_oem7_msgs.msg.InertialSolutionStatus(status=3),
1786043615607228270,1786043615.606405495,/novatel/oem7/fix,/novatel/oem7/fix,/novatel/oem7/inspva,39.663,-75.756,-1.801588042,0.002318860,-0.003055416,0.001152420,0.002012223,-0.003055416,,0,
1786043615607730927,1786043615.606939093,/novatel/oem7/odom,/novatel/oem7/fix,/novatel/oem7/odom,39.663,-75.756,-1.801588042,0.002333388,-0.003044336,0.002079230,0.001059011,-0.003044336,,,
1786043615610648147,1786043615.610328640,/novatel/oem7/bestpos,/novatel/oem7/bestpos,/novatel/oem7/odom,39.663,-75.756,33.180678753,0.002333388,-0.003044336,0.002079230,0.001059011,-0.003044336,,novatel_oem7_msgs.msg.SolutionStatus(status=0),novatel_oem7_msgs.msg.PositionOrVelocityType(type=53)
1786043615611292337,1786043615.610734474,/novatel/oem7/bestvel,/novatel/oem7/bestpos,/novatel/oem7/bestvel,39.663,-75.756,33.180678753,0.002828365,-0.003504429,,,,30.401304106,novatel_oem7_msgs.msg.SolutionStatus(status=0),novatel_oem7_msgs.msg.PositionOrVelocityType(type=53)
1786043615616136897,1786043615.615487380,/novatel/oem7/odom,/novatel/oem7/bestpos,/novatel/oem7/odom,39.663,-75.756,33.180678753,0.002333388,-0.003044336,0.002079230,0.001059011,-0.003044336,,,
1786043615625289200,1786043615.625019003,/novatel/oem7/inspva,/novatel/oem7/inspva,/novatel/oem7/inspva,39.663,-75.756,-1.801602435,0.001398975,-0.002561306,0.001105372,0.000857487,-0.002561306,,novatel_oem7_msgs.msg.InertialSolutionStatus(status=3),
1786043615625884917,1786043615.625149908,/novatel/oem7/fix,/novatel/oem7/fix,/novatel/oem7/inspva,39.663,-75.756,-1.801602435,0.001398975,-0.002561306,0.001105372,0.000857487,-0.002561306,,0,
1786043615626351264,1786043615.625584969,/novatel/oem7/odom,/novatel/oem7/fix,/novatel/oem7/odom,39.663,-75.756,-1.801602435,0.001410778,-0.002554824,0.000921663,0.001068097,-0.002554824,,,
1786043615634832495,1786043615.634462632,/novatel/oem7/odom,/novatel/oem7/fix,/novatel/oem7/odom,39.663,-75.756,-1.801602435,0.001410778,-0.002554824,0.000921663,0.001068097,-0.002554824,,,
1786043615646936515,1786043615.646644040,/novatel/oem7/inspva,/novatel/oem7/inspva,/novatel/oem7/inspva,39.663,-75.756,-1.801634056,0.000644026,-0.004109703,0.000349521,0.000540929,-0.004109703,,novatel_oem7_msgs.msg.InertialSolutionStatus(status=3),
1786043615647581130,1786043615.646822092,/novatel/oem7/fix,/novatel/oem7/fix,/novatel/oem7/inspva,39.663,-75.756,-1.801634056,0.000644026,-0.004109703,0.000349521,0.000540929,-0.004109703,,0,
1786043615648573729,1786043615.647323391,/novatel/oem7/odom,/novatel/oem7/fix,/novatel/oem7/odom,39.663,-75.756,-1.801634056,0.000663469,-0.004106609,0.000573888,0.000332933,-0.004106609,,,
1786043615657004978,1786043615.656353435,/novatel/oem7/odom,/novatel/oem7/fix,/novatel/oem7/odom,39.663,-75.756,-1.801634056,0.000663469,-0.004106609,0.000573888,0.000332933,-0.004106609,,,
1786043615665540040,1786043615.665137125,/novatel/oem7/inspva,/novatel/oem7/inspva,/novatel/oem7/inspva,39.663,-75.756,-1.801636840,0.001452102,-0.003164148,-0.000100408,0.001448626,-0.003164148,,novatel_oem7_msgs.msg.InertialSolutionStatus(status=3),
1786043615666113356,1786043615.665300412,/novatel/oem7/fix,/novatel/oem7/fix,/novatel/oem7/inspva,39.663,-75.756,-1.801636840,0.001452102,-0.003164148,-0.000100408,0.001448626,-0.003164148,,0,
1786043615666581155,1786043615.665734010,/novatel/oem7/odom,/novatel/oem7/fix,/novatel/oem7/odom,39.663,-75.756,-1.801636840,0.001463605,-0.003158844,0.001454381,-0.000164058,-0.003158844,,,
1786043615676141623,1786043615.675793309,/novatel/oem7/odom,/novatel/oem7/fix,/novatel/oem7/odom,39.663,-75.756,-1.801636840,0.001463605,-0.003158844,0.001454381,-0.000164058,-0.003158844,,,
1786043615685744198,1786043615.685448096,/novatel/oem7/inspva,/novatel/oem7/inspva,/novatel/oem7/inspva,39.663,-75.756,-1.801660930,0.001887977,-0.002412032,0.000215414,0.001875648,-0.002412032,,novatel_oem7_msgs.msg.InertialSolutionStatus(status=3),
1786043615686338806,1786043615.685622084,/novatel/oem7/fix,/novatel/oem7/fix,/novatel/oem7/inspva,39.663,-75.756,-1.801660930,0.001887977,-0.002412032,0.000215414,0.001875648,-0.002412032,,0,
1786043615687017829,1786043615.686191220,/novatel/oem7/odom,/novatel/oem7/fix,/novatel/oem7/odom,39.663,-75.756,-1.801660930,0.001898062,-0.002404104,0.001893729,0.000128185,-0.002404104,,,
1786043615695394060,1786043615.695062766,/novatel/oem7/odom,/novatel/oem7/fix,/novatel/oem7/odom,39.663,-75.756,-1.801660930,0.001898062,-0.002404104,0.001893729,0.000128185,-0.002404104,,,
1786043615706906462,1786043615.706517258,/novatel/oem7/inspva,/novatel/oem7/inspva,/novatel/oem7/inspva,39.663,-75.756,-1.801676059,0.001654596,-0.001916344,0.000558522,0.001557479,-0.001916344,,novatel_oem7_msgs.msg.InertialSolutionStatus(status=3),
1786043615707806107,1786043615.706682086,/novatel/oem7/fix,/novatel/oem7/fix,/novatel/oem7/inspva,39.663,-75.756,-1.801676059,0.001654596,-0.001916344,0.000558522,0.001557479,-0.001916344,,0,
1786043615708840617,1786043615.707117900,/novatel/oem7/odom,/novatel/oem7/fix,/novatel/oem7/odom,39.663,-75.756,-1.801676059,0.001663406,-0.001908702,0.001591003,0.000485417,-0.001908702,,,
1786043615710119448,1786043615.709487240,/novatel/oem7/bestpos,/novatel/oem7/bestpos,/novatel/oem7/odom,39.663,-75.756,33.180591551,0.001663406,-0.001908702,0.001591003,0.000485417,-0.001908702,,novatel_oem7_msgs.msg.SolutionStatus(status=0),novatel_oem7_msgs.msg.PositionOrVelocityType(type=53)
1786043615711135423,1786043615.710145733,/novatel/oem7/bestvel,/novatel/oem7/bestpos,/novatel/oem7/bestvel,39.663,-75.756,33.180591551,0.002867017,-0.002891566,,,,60.752621935,novatel_oem7_msgs.msg.SolutionStatus(status=0),novatel_oem7_msgs.msg.PositionOrVelocityType(type=53)
1786043615714907562,1786043615.714560406,/novatel/oem7/odom,/novatel/oem7/bestpos,/novatel/oem7/odom,39.663,-75.756,33.180591551,0.001663406,-0.001908702,0.001591003,0.000485417,-0.001908702,,,
1786043615725704934,1786043615.725400492,/novatel/oem7/inspva,/novatel/oem7/inspva,/novatel/oem7/inspva,39.663,-75.756,-1.801712651,0.000977623,-0.004091018,0.000546320,0.000810729,-0.004091018,,novatel_oem7_msgs.msg.InertialSolutionStatus(status=3),
1786043615726301218,1786043615.725595437,/novatel/oem7/fix,/novatel/oem7/fix,/novatel/oem7/inspva,39.663,-75.756,-1.801712651,0.000977623,-0.004091018,0.000546320,0.000810729,-0.004091018,,0,
1786043615726990738,1786043615.726281297,/novatel/oem7/odom,/novatel/oem7/fix,/novatel/oem7/odom,39.663,-75.756,-1.801712651,0.000997174,-0.004086297,0.000853246,0.000516068,-0.004086297,,,
1786043615736106337,1786043615.735761666,/novatel/oem7/odom,/novatel/oem7/fix,/novatel/oem7/odom,39.663,-75.756,-1.801712651,0.000997174,-0.004086297,0.000853246,0.000516068,-0.004086297,,,
1786043615745632499,1786043615.745218605,/novatel/oem7/inspva,/novatel/oem7/inspva,/novatel/oem7/inspva,39.663,-75.756,-1.801716281,0.000492437,-0.003744856,0.000161441,0.000465222,-0.003744856,,novatel_oem7_msgs.msg.InertialSolutionStatus(status=3),
1786043615746270541,1786043615.745387313,/novatel/oem7/fix,/novatel/oem7/fix,/novatel/oem7/inspva,39.663,-75.756,-1.801716281,0.000492437,-0.003744856,0.000161441,0.000465222,-0.003744856,,0,
1786043615746781559,1786043615.745779101,/novatel/oem7/odom,/novatel/oem7/fix,/novatel/oem7/odom,39.663,-75.756,-1.801716281,0.000509533,-0.003742568,0.000487584,0.000147936,-0.003742568,,,
1786043615756253544,1786043615.755897239,/novatel/oem7/odom,/novatel/oem7/fix,/novatel/oem7/odom,39.663,-75.756,-1.801716281,0.000509533,-0.003742568,0.000487584,0.000147936,-0.003742568,,,
1786043615766983849,1786043615.766628704,/novatel/oem7/inspva,/novatel/oem7/inspva,/novatel/oem7/inspva,39.663,-75.756,-1.801736517,0.002329058,-0.002191081,-0.000175414,0.002322443,-0.002191081,,novatel_oem7_msgs.msg.InertialSolutionStatus(status=3),
1786043615768173999,1786043615.766802046,/novatel/oem7/fix,/novatel/oem7/fix,/novatel/oem7/inspva,39.663,-75.756,-1.801736517,0.002329058,-0.002191081,-0.000175414,0.002322443,-0.002191081,,0,
1786043615769233803,1786043615.767408535,/novatel/oem7/odom,/novatel/oem7/fix,/novatel/oem7/odom,39.663,-75.756,-1.801736517,0.002337039,-0.002182566,0.002319612,-0.000284875,-0.002182566,,,
1786043615775540321,1786043615.775049849,/novatel/oem7/odom,/novatel/oem7/fix,/novatel/oem7/odom,39.663,-75.756,-1.801736517,0.002337039,-0.002182566,0.002319612,-0.000284875,-0.002182566,,,
1786043615785259532,1786043615.784954199,/novatel/oem7/inspva,/novatel/oem7/inspva,/novatel/oem7/inspva,39.663,-75.756,-1.801756975,0.001681276,-0.001585330,0.000238578,0.001664262,-0.001585330,,novatel_oem7_msgs.msg.InertialSolutionStatus(status=3),
1786043615786513571,1786043615.785104870,/novatel/oem7/fix,/novatel/oem7/fix,/novatel/oem7/inspva,39.663,-75.756,-1.801756975,0.001681276,-0.001585330,0.000238578,0.001664262,-0.001585330,,0,
1786043615787352294,1786043615.785618789,/novatel/oem7/odom,/novatel/oem7/fix,/novatel/oem7/odom,39.663,-75.756,-1.801756975,0.001688023,-0.001578143,0.001680454,0.000159679,-0.001578143,,,
1786043615796165015,1786043615.795494799,/novatel/oem7/odom,/novatel/oem7/fix,/novatel/oem7/odom,39.663,-75.756,-1.801756975,0.001688023,-0.001578143,0.001680454,0.000159679,-0.001578143,,,
1786043615806741874,1786043615.806391908,/novatel/oem7/inspva,/novatel/oem7/inspva,/novatel/oem7/inspva,39.663,-75.756,-1.801809554,0.000954326,-0.004759929,0.000947719,0.000112097,-0.004759929,,novatel_oem7_msgs.msg.InertialSolutionStatus(status=3),
1786043615807958923,1786043615.806605077,/novatel/oem7/fix,/novatel/oem7/fix,/novatel/oem7/inspva,39.663,-75.756,-1.801809554,0.000954326,-0.004759929,0.000947719,0.000112097,-0.004759929,,0,
1786043615809020820,1786043615.807417062,/novatel/oem7/odom,/novatel/oem7/fix,/novatel/oem7/odom,39.663,-75.756,-1.801809554,0.000970012,-0.004756757,0.000178060,0.000953529,-0.004756757,,,
1786043615810782084,1786043615.810440304,/novatel/oem7/bestpos,/novatel/oem7/bestpos,/novatel/oem7/odom,39.663,-75.756,33.180475982,0.000970012,-0.004756757,0.000178060,0.000953529,-0.004756757,,novatel_oem7_msgs.msg.SolutionStatus(status=0),novatel_oem7_msgs.msg.PositionOrVelocityType(type=53)
1786043615811840838,1786043615.810927319,/novatel/oem7/bestvel,/novatel/oem7/bestpos,/novatel/oem7/bestvel,39.663,-75.756,33.180475982,0.000869671,-0.003978439,,,,296.668268688,novatel_oem7_msgs.msg.SolutionStatus(status=0),novatel_oem7_msgs.msg.PositionOrVelocityType(type=53)
1786043615815457185,1786043615.815080656,/novatel/oem7/odom,/novatel/oem7/bestpos,/novatel/oem7/odom,39.663,-75.756,33.180475982,0.000970012,-0.004756757,0.000178060,0.000953529,-0.004756757,,,
1786043615826577570,1786043615.826092000,/novatel/oem7/inspva,/novatel/oem7/inspva,/novatel/oem7/inspva,39.663,-75.756,-1.801826252,0.000694958,-0.004442694,0.000362004,0.000593229,-0.004442694,,novatel_oem7_msgs.msg.InertialSolutionStatus(status=3),
1786043615827477970,1786043615.826244082,/novatel/oem7/fix,/novatel/oem7/fix,/novatel/oem7/inspva,39.663,-75.756,-1.801826252,0.000694958,-0.004442694,0.000362004,0.000593229,-0.004442694,,0,
1786043615828528531,1786043615.826654702,/novatel/oem7/odom,/novatel/oem7/fix,/novatel/oem7/odom,39.663,-75.756,-1.801826252,0.000716175,-0.004439323,0.000628295,0.000343731,-0.004439323,,,
1786043615836746081,1786043615.835923070,/novatel/oem7/odom,/novatel/oem7/fix,/novatel/oem7/odom,39.663,-75.756,-1.801826252,0.000716175,-0.004439323,0.000628295,0.000343731,-0.004439323,,,
1786043615845896663,1786043615.845325041,/novatel/oem7/inspva,/novatel/oem7/inspva,/novatel/oem7/inspva,39.663,-75.756,-1.801844193,0.001653626,-0.001908066,-0.000797557,0.001448580,-0.001908066,,novatel_oem7_msgs.msg.InertialSolutionStatus(status=3),
1786043615847298181,1786043615.845495683,/novatel/oem7/fix,/novatel/oem7/fix,/novatel/oem7/inspva,39.663,-75.756,-1.801844193,0.001653626,-0.001908066,-0.000797557,0.001448580,-0.001908066,,0,
1786043615847868040,1786043615.845958398,/novatel/oem7/odom,/novatel/oem7/fix,/novatel/oem7/odom,39.663,-75.756,-1.801844193,0.001657498,-0.001904704,0.001414793,-0.000863516,-0.001904704,,,
1786043615856751914,1786043615.856384399,/novatel/oem7/odom,/novatel/oem7/fix,/novatel/oem7/odom,39.663,-75.756,-1.801844193,0.001657498,-0.001904704,0.001414793,-0.000863516,-0.001904704,,,
1786043615865341829,1786043615.865065230,/novatel/oem7/inspva,/novatel/oem7/inspva,/novatel/oem7/inspva,39.663,-75.756,-1.801873806,0.001468197,-0.001715068,-0.000211762,0.001452845,-0.001715068,,novatel_oem7_msgs.msg.InertialSolutionStatus(status=3),
1786043615866499181,1786043615.865200718,/novatel/oem7/fix,/novatel/oem7/fix,/novatel/oem7/inspva,39.663,-75.756,-1.801873806,0.001468197,-0.001715068,-0.000211762,0.001452845,-0.001715068,,0,
1786043615867546231,1786043615.865695350,/novatel/oem7/odom,/novatel/oem7/fix,/novatel/oem7/odom,39.663,-75.756,-1.801873806,0.001474120,-0.001709980,0.001447435,-0.000279214,-0.001709980,,,
1786043615874854004,1786043615.874456652,/novatel/oem7/odom,/novatel/oem7/fix,/novatel/oem7/odom,39.663,-75.756,-1.801873806,0.001474120,-0.001709980,0.001447435,-0.000279214,-0.001709980,,,
1786043615887198066,1786043615.886639894,/novatel/oem7/inspva,/novatel/oem7/inspva,/novatel/oem7/inspva,39.663,-75.756,-1.801923574,0.001471296,-0.004090245,0.001292598,-0.000702782,-0.004090245,,novatel_oem7_msgs.msg.InertialSolutionStatus(status=3),
1786043615888554936,1786043615.886780642,/novatel/oem7/fix,/novatel/oem7/fix,/novatel/oem7/inspva,39.663,-75.756,-1.801923574,0.001471296,-0.004090245,0.001292598,-0.000702782,-0.004090245,,0,
1786043615889597389,1786043615.887266533,/novatel/oem7/odom,/novatel/oem7/fix,/novatel/oem7/odom,39.663,-75.756,-1.801923574,0.001473954,-0.004089288,-0.000621189,0.001336662,-0.004089288,,,
1786043615895769806,1786043615.895133393,/novatel/oem7/odom,/novatel/oem7/fix,/novatel/oem7/odom,39.663,-75.756,-1.801923574,0.001473954,-0.004089288,-0.000621189,0.001336662,-0.004089288,,,
1786043615906187892,1786043615.905794554,/novatel/oem7/inspva,/novatel/oem7/inspva,/novatel/oem7/inspva,39.663,-75.756,-1.801944620,0.000521802,-0.004281054,0.000503053,0.000138618,-0.004281054,,novatel_oem7_msgs.msg.InertialSolutionStatus(status=3),
1786043615907098854,1786043615.905935885,/novatel/oem7/fix,/novatel/oem7/fix,/novatel/oem7/inspva,39.663,-75.756,-1.801944620,0.000521802,-0.004281054,0.000503053,0.000138618,-0.004281054,,0,
1786043615907632104,1786043615.906463558,/novatel/oem7/odom,/novatel/oem7/fix,/novatel/oem7/odom,39.663,-75.756,-1.801944620,0.000538023,-0.004279045,0.000180585,0.000506811,-0.004279045,,,
1786043615909604296,1786043615.909264771,/novatel/oem7/bestpos,/novatel/oem7/bestpos,/novatel/oem7/odom,39.663,-75.756,33.180338851,0.000538023,-0.004279045,0.000180585,0.000506811,-0.004279045,,novatel_oem7_msgs.msg.SolutionStatus(status=0),novatel_oem7_msgs.msg.PositionOrVelocityType(type=53)
1786043615910819733,1786043615.909622928,/novatel/oem7/bestvel,/novatel/oem7/bestpos,/novatel/oem7/bestvel,39.663,-75.756,33.180338851,0.000859283,-0.003736188,,,,295.758913464,novatel_oem7_msgs.msg.SolutionStatus(status=0),novatel_oem7_msgs.msg.PositionOrVelocityType(type=53)
1786043615916217869,1786043615.915545796,/novatel/oem7/odom,/novatel/oem7/bestpos,/novatel/oem7/odom,39.663,-75.756,33.180338851,0.000538023,-0.004279045,0.000180585,0.000506811,-0.004279045,,,
1786043615926502333,1786043615.925903700,/novatel/oem7/inspva,/novatel/oem7/inspva,/novatel/oem7/inspva,39.663,-75.756,-1.801964816,0.002439627,-0.002198055,-0.001012377,0.002219656,-0.002198055,,novatel_oem7_msgs.msg.InertialSolutionStatus(status=3),
1786043615927561341,1786043615.926101699,/novatel/oem7/fix,/novatel/oem7/fix,/novatel/oem7/inspva,39.663,-75.756,-1.801964816,0.002439627,-0.002198055,-0.001012377,0.002219656,-0.002198055,,0,
1786043615928044172,1786043615.926612990,/novatel/oem7/odom,/novatel/oem7/fix,/novatel/oem7/odom,39.663,-75.756,-1.801964816,0.002444781,-0.002192321,0.002175383,-0.001115645,-0.002192321,,,
1786043615935811764,1786043615.935284002,/novatel/oem7/odom,/novatel/oem7/fix,/novatel/oem7/odom,39.663,-75.756,-1.801964816,0.002444781,-0.002192321,0.002175383,-0.001115645,-0.002192321,,,
1786043615946632952,1786043615.946320312,/novatel/oem7/inspva,/novatel/oem7/inspva,/novatel/oem7/inspva,39.663,-75.756,-1.801992772,0.001924418,-0.002120311,-0.001010193,0.001637954,-0.002120311,,novatel_oem7_msgs.msg.InertialSolutionStatus(status=3),
1786043615947593435,1786043615.946537251,/novatel/oem7/fix,/novatel/oem7/fix,/novatel/oem7/inspva,39.663,-75.756,-1.801992772,0.001924418,-0.002120311,-0.001010193,0.001637954,-0.002120311,,0,
1786043615948100541,1786043615.947094627,/novatel/oem7/odom,/novatel/oem7/fix,/novatel/oem7/odom,39.663,-75.756,-1.801992772,0.001928297,-0.002116784,0.001594252,-0.001084753,-0.002116784,,,
1786043615956356669,1786043615.955979230,/novatel/oem7/odom,/novatel/oem7/fix,/novatel/oem7/odom,39.663,-75.756,-1.801992772,0.001928297,-0.002116784,0.001594252,-0.001084753,-0.002116784,,,
1786043615965927917,1786043615.965322378,/novatel/oem7/inspva,/novatel/oem7/inspva,/novatel/oem7/inspva,39.663,-75.756,-1.802044085,0.001304898,-0.003781741,0.001287994,-0.000209358,-0.003781741,,novatel_oem7_msgs.msg.InertialSolutionStatus(status=3),
1786043615967607867,1786043615.965514833,/novatel/oem7/fix,/novatel/oem7/fix,/novatel/oem7/inspva,39.663,-75.756,-1.802044085,0.001304898,-0.003781741,0.001287994,-0.000209358,-0.003781741,,0,
1786043615968091481,1786043615.966197106,/novatel/oem7/odom,/novatel/oem7/fix,/novatel/oem7/odom,39.663,-75.756,-1.802044085,0.001313175,-0.003778875,-0.000129791,0.001306745,-0.003778875,,,
1786043615976017563,1786043615.975655108,/novatel/oem7/odom,/novatel/oem7/fix,/novatel/oem7/odom,39.663,-75.756,-1.802044085,0.001313175,-0.003778875,-0.000129791,0.001306745,-0.003778875,,,
1786043615985504367,1786043615.985232892,/novatel/oem7/inspva,/novatel/oem7/inspva,/novatel/oem7/inspva,39.663,-75.756,-1.802073117,0.000837847,-0.004386663,0.000734114,0.000403810,-0.004386663,,novatel_oem7_msgs.msg.InertialSolutionStatus(status=3),
1786043615986159393,1786043615.985323584,/novatel/oem7/fix,/novatel/oem7/fix,/novatel/oem7/inspva,39.663,-75.756,-1.802073117,0.000837847,-0.004386663,0.000734114,0.000403810,-0.004386663,,0,
1786043615986692088,1786043615.985841271,/novatel/oem7/odom,/novatel/oem7/fix,/novatel/oem7/odom,39.663,-75.756,-1.802073117,0.000856937,-0.004382973,0.000457430,0.000724637,-0.004382973,,,
1786043615994955933,1786043615.994450542,/novatel/oem7/odom,/novatel/oem7/fix,/novatel/oem7/odom,39.663,-75.756,-1.802073117,0.000856937,-0.004382973,0.000457430,0.000724637,-0.004382973,,,
1786043616008827828,1786043616.008347901,/novatel/oem7/inspva,/novatel/oem7/inspva,/novatel/oem7/inspva,39.663,-75.756,-1.802105797,0.002664802,-0.003224246,-0.001236327,0.002360650,-0.003224246,,novatel_oem7_msgs.msg.InertialSolutionStatus(status=3),
1786043616009453844,1786043616.008552943,/novatel/oem7/fix,/novatel/oem7/fix,/novatel/oem7/inspva,39.663,-75.756,-1.802105797,0.002664802,-0.003224246,-0.001236327,0.002360650,-0.003224246,,0,
1786043616010172540,1786043616.009735124,/novatel/oem7/odom,/novatel/oem7/fix,/novatel/oem7/odom,39.663,-75.756,-1.802105797,0.002671723,-0.003218514,0.002309248,-0.001343681,-0.003218514,,,
1786043616015958063,1786043616.015578888,/novatel/oem7/odom,/novatel/oem7/fix,/novatel/oem7/odom,39.663,-75.756,-1.802105797,0.002671723,-0.003218514,0.002309248,-0.001343681,-0.003218514,,,
1786043616025208036,1786043616.024888602,/novatel/oem7/bestpos,/novatel/oem7/bestpos,/novatel/oem7/odom,39.663,-75.756,33.180163873,0.002671723,-0.003218514,0.002309248,-0.001343681,-0.003218514,,novatel_oem7_msgs.msg.SolutionStatus(status=0),novatel_oem7_msgs.msg.PositionOrVelocityType(type=53)
1786043616027795604,1786043616.026338169,/novatel/oem7/bestvel,/novatel/oem7/bestpos,/novatel/oem7/bestvel,39.663,-75.756,33.180163873,0.002900127,-0.003293848,,,,116.965209465,novatel_oem7_msgs.msg.SolutionStatus(status=0),novatel_oem7_msgs.msg.PositionOrVelocityType(type=53)
1786043616029261285,1786043616.026906195,/novatel/oem7/inspva,/novatel/oem7/inspva,/novatel/oem7/inspva,39.663,-75.756,-1.802133681,0.002826399,-0.002601375,-0.000965956,0.002656212,-0.002601375,,novatel_oem7_msgs.msg.InertialSolutionStatus(status=3),
1786043616030148246,1786043616.027087907,/novatel/oem7/fix,/novatel/oem7/fix,/novatel/oem7/inspva,39.663,-75.756,-1.802133681,0.002826399,-0.002601375,-0.000965956,0.002656212,-0.002601375,,0,
1786043616031200520,1786043616.027505261,/novatel/oem7/odom,/novatel/oem7/fix,/novatel/oem7/odom,39.663,-75.756,-1.802133681,0.002833405,-0.002593743,0.002615362,-0.001089983,-0.002593743,,,
1786043616036513165,1786043616.035698759,/novatel/oem7/odom,/novatel/oem7/fix,/novatel/oem7/odom,39.663,-75.756,-1.802133681,0.002833405,-0.002593743,0.002615362,-0.001089983,-0.002593743,,,
1786043616046097209,1786043616.045542773,/novatel/oem7/inspva,/novatel/oem7/inspva,/novatel/oem7/inspva,39.663,-75.756,-1.802108127,0.001351593,-0.002820596,0.000731806,0.001136339,-0.002820596,,novatel_oem7_msgs.msg.InertialSolutionStatus(status=3),
1786043616047503036,1786043616.045714245,/novatel/oem7/fix,/novatel/oem7/fix,/novatel/oem7/inspva,39.663,-75.756,-1.802108127,0.001351593,-0.002820596,0.000731806,0.001136339,-0.002820596,,0,
1786043616048570006,1786043616.046464499,/novatel/oem7/odom,/novatel/oem7/fix,/novatel/oem7/odom,39.663,-75.756,-1.802108127,0.001365241,-0.002814016,0.001182801,0.000681811,-0.002814016,,,
1786043616057240498,1786043616.056578506,/novatel/oem7/odom,/novatel/oem7/fix,/novatel/oem7/odom,39.663,-75.756,-1.802108127,0.001365241,-0.002814016,0.001182801,0.000681811,-0.002814016,,,
1786043616066761547,1786043616.066192629,/novatel/oem7/inspva,/novatel/oem7/inspva,/novatel/oem7/inspva,39.663,-75.756,-1.802071281,0.000921504,-0.003730387,0.000751076,0.000533905,-0.003730387,,novatel_oem7_msgs.msg.InertialSolutionStatus(status=3),
1786043616068117447,1786043616.066280411,/novatel/oem7/fix,/novatel/oem7/fix,/novatel/oem7/inspva,39.663,-75.756,-1.802071281,0.000921504,-0.003730387,0.000751076,0.000533905,-0.003730387,,0,
1786043616069185764,1786043616.066857974,/novatel/oem7/odom,/novatel/oem7/fix,/novatel/oem7/odom,39.663,-75.756,-1.802071281,0.000938481,-0.003726152,0.000585617,0.000733347,-0.003726152,,,
1786043616075631193,1786043616.074875840,/novatel/oem7/odom,/novatel/oem7/fix,/novatel/oem7/odom,39.663,-75.756,-1.802071281,0.000938481,-0.003726152,0.000585617,0.000733347,-0.003726152,,,
1786043616085848110,1786043616.085272437,/novatel/oem7/inspva,/novatel/oem7/inspva,/novatel/oem7/inspva,39.663,-75.756,-1.802034799,0.002517620,-0.003366632,-0.001067919,0.002279904,-0.003366632,,novatel_oem7_msgs.msg.InertialSolutionStatus(status=3),
1786043616087217403,1786043616.085459799,/novatel/oem7/fix,/novatel/oem7/fix,/novatel/oem7/inspva,39.663,-75.756,-1.802034799,0.002517620,-0.003366632,-0.001067919,0.002279904,-0.003366632,,0,
1786043616088270570,1786043616.086023211,/novatel/oem7/odom,/novatel/oem7/fix,/novatel/oem7/odom,39.663,-75.756,-1.802034799,0.002525436,-0.003360773,0.002237488,-0.001171099,-0.003360773,,,
1786043616096659708,1786043616.095868224,/novatel/oem7/odom,/novatel/oem7/fix,/novatel/oem7/odom,39.663,-75.756,-1.802034799,0.002525436,-0.003360773,0.002237488,-0.001171099,-0.003360773,,,
1786043616106570522,1786043616.105982873,/novatel/oem7/inspva,/novatel/oem7/inspva,/novatel/oem7/inspva,39.663,-75.756,-1.801989362,0.001835916,-0.003008899,-0.000870820,0.001616249,-0.003008899,,novatel_oem7_msgs.msg.InertialSolutionStatus(status=3),
1786043616107929332,1786043616.106167448,/novatel/oem7/fix,/novatel/oem7/fix,/novatel/oem7/inspva,39.663,-75.756,-1.801989362,0.001835916,-0.003008899,-0.000870820,0.001616249,-0.003008899,,0,
1786043616109005342,1786043616.106763274,/novatel/oem7/odom,/novatel/oem7/fix,/novatel/oem7/odom,39.663,-75.756,-1.801989362,0.001842307,-0.003004990,0.001583148,-0.000942198,-0.003004990,,,
1786043616110531967,1786043616.109561858,/novatel/oem7/bestpos,/novatel/oem7/bestpos,/novatel/oem7/odom,39.663,-75.756,33.180312411,0.001842307,-0.003004990,0.001583148,-0.000942198,-0.003004990,,novatel_oem7_msgs.msg.SolutionStatus(status=0),novatel_oem7_msgs.msg.PositionOrVelocityType(type=53)
1786043616111950631,1786043616.110177424,/novatel/oem7/bestvel,/novatel/oem7/bestpos,/novatel/oem7/bestvel,39.663,-75.756,33.180312411,0.001972089,-0.002993542,,,,119.830357428,novatel_oem7_msgs.msg.SolutionStatus(status=0),novatel_oem7_msgs.msg.PositionOrVelocityType(type=53)
1786043616115099462,1786043616.114440938,/novatel/oem7/odom,/novatel/oem7/bestpos,/novatel/oem7/odom,39.663,-75.756,33.180312411,0.001842307,-0.003004990,0.001583148,-0.000942198,-0.003004990,,,
1786043616127345064,1786043616.126720605,/novatel/oem7/inspva,/novatel/oem7/inspva,/novatel/oem7/inspva,39.663,-75.756,-1.801956446,0.001734109,-0.001937257,0.001234911,0.001217427,-0.001937257,,novatel_oem7_msgs.msg.InertialSolutionStatus(status=3),
1786043616128794168,1786043616.126886750,/novatel/oem7/fix,/novatel/oem7/fix,/novatel/oem7/inspva,39.663,-75.756,-1.801956446,0.001734109,-0.001937257,0.001234911,0.001217427,-0.001937257,,0,
1786043616129892236,1786043616.127793112,/novatel/oem7/odom,/novatel/oem7/fix,/novatel/oem7/odom,39.663,-75.756,-1.801956446,0.001743309,-0.001928982,0.001285133,0.001177947,-0.001928982,,,
1786043616135827090,1786043616.135130230,/novatel/oem7/odom,/novatel/oem7/fix,/novatel/oem7/odom,39.663,-75.756,-1.801956446,0.001743309,-0.001928982,0.001285133,0.001177947,-0.001928982,,,
1786043616145797381,1786043616.145198205,/novatel/oem7/inspva,/novatel/oem7/inspva,/novatel/oem7/inspva,39.663,-75.756,-1.801924402,0.001061473,-0.002805147,0.000740836,0.000760190,-0.002805147,,novatel_oem7_msgs.msg.InertialSolutionStatus(status=3),
1786043616147159758,1786043616.145356050,/novatel/oem7/fix,/novatel/oem7/fix,/novatel/oem7/inspva,39.663,-75.756,-1.801924402,0.001061473,-0.002805147,0.000740836,0.000760190,-0.002805147,,0,
1786043616148219478,1786043616.145928056,/novatel/oem7/odom,/novatel/oem7/fix,/novatel/oem7/odom,39.663,-75.756,-1.801924402,0.001074896,-0.002800031,0.000807498,0.000709471,-0.002800031,,,
1786043616156543486,1786043616.155842545,/novatel/oem7/odom,/novatel/oem7/fix,/novatel/oem7/odom,39.663,-75.756,-1.801924402,0.001074896,-0.002800031,0.000807498,0.000709471,-0.002800031,,,
1786043616166484853,1786043616.165932481,/novatel/oem7/inspva,/novatel/oem7/inspva,/novatel/oem7/inspva,39.663,-75.756,-1.801909084,0.001096475,-0.004388241,-0.000646183,0.000885836,-0.004388241,,novatel_oem7_msgs.msg.InertialSolutionStatus(status=3),
1786043616167873720,1786043616.166076889,/novatel/oem7/fix,/novatel/oem7/fix,/novatel/oem7/inspva,39.663,-75.756,-1.801909084,0.001096475,-0.004388241,-0.000646183,0.000885836,-0.004388241,,0,
1786043616168916943,1786043616.166715421,/novatel/oem7/odom,/novatel/oem7/fix,/novatel/oem7/odom,39.663,-75.756,-1.801909084,0.001103136,-0.004386572,0.000870252,-0.000677917,-0.004386572,,,
1786043616175796244,1786043616.175108750,/novatel/oem7/odom,/novatel/oem7/fix,/novatel/oem7/odom,39.663,-75.756,-1.801909084,0.001103136,-0.004386572,0.000870252,-0.000677917,-0.004386572,,,
1786043616186967683,1786043616.186360793,/novatel/oem7/inspva,/novatel/oem7/inspva,/novatel/oem7/inspva,39.663,-75.756,-1.801861887,0.001978344,-0.003551551,-0.001088077,0.001652251,-0.003551551,,novatel_oem7_msgs.msg.InertialSolutionStatus(status=3),
1786043616188291809,1786043616.186523975,/novatel/oem7/fix,/novatel/oem7/fix,/novatel/oem7/inspva,39.663,-75.756,-1.801861887,0.001978344,-0.003551551,-0.001088077,0.001652251,-0.003551551,,0,
1786043616189331699,1786043616.187061350,/novatel/oem7/odom,/novatel/oem7/fix,/novatel/oem7/odom,39.663,-75.756,-1.801861887,0.001984449,-0.003548144,0.001610414,-0.001159570,-0.003548144,,,
1786043616195368785,1786043616.194698581,/novatel/oem7/odom,/novatel/oem7/fix,/novatel/oem7/odom,39.663,-75.756,-1.801861887,0.001984449,-0.003548144,0.001610414,-0.001159570,-0.003548144,,,
1786043616206844400,1786043616.206306918,/novatel/oem7/inspva,/novatel/oem7/inspva,/novatel/oem7/inspva,39.663,-75.756,-1.801830105,0.001365200,-0.001843976,0.000557261,0.001246287,-0.001843976,,novatel_oem7_msgs.msg.InertialSolutionStatus(status=3),
1786043616208215513,1786043616.206470986,/novatel/oem7/fix,/novatel/oem7/fix,/novatel/oem7/inspva,39.663,-75.756,-1.801830105,0.001365200,-0.001843976,0.000557261,0.001246287,-0.001843976,,0,
1786043616209296250,1786043616.207063815,/novatel/oem7/odom,/novatel/oem7/fix,/novatel/oem7/odom,39.663,-75.756,-1.801830105,0.001373938,-0.001837475,0.001279946,0.000499443,-0.001837475,,,
1786043616211444521,1786043616.210293990,/novatel/oem7/bestpos,/novatel/oem7/bestpos,/novatel/oem7/odom,39.663,-75.756,33.180465957,0.001373938,-0.001837475,0.001279946,0.000499443,-0.001837475,,novatel_oem7_msgs.msg.SolutionStatus(status=0),novatel_oem7_msgs.msg.PositionOrVelocityType(type=53)
1786043616212356567,1786043616.210766008,/novatel/oem7/bestvel,/novatel/oem7/bestpos,/novatel/oem7/bestvel,39.663,-75.756,33.180465957,0.002731553,-0.002605430,,,,77.002850172,novatel_oem7_msgs.msg.SolutionStatus(status=0),novatel_oem7_msgs.msg.PositionOrVelocityType(type=53)
1786043616216197764,1786043616.215535947,/novatel/oem7/odom,/novatel/oem7/bestpos,/novatel/oem7/odom,39.663,-75.756,33.180465957,0.001373938,-0.001837475,0.001279946,0.000499443,-0.001837475,,,
1786043616225751821,1786043616.225134218,/novatel/oem7/inspva,/novatel/oem7/inspva,/novatel/oem7/inspva,39.663,-75.756,-1.801802263,0.001482804,-0.002477063,0.000253963,0.001460894,-0.002477063,,novatel_oem7_msgs.msg.InertialSolutionStatus(status=3),
1786043616227082760,1786043616.225318020,/novatel/oem7/fix,/novatel/oem7/fix,/novatel/oem7/inspva,39.663,-75.756,-1.801802263,0.001482804,-0.002477063,0.000253963,0.001460894,-0.002477063,,0,
1786043616228121884,1786043616.225758964,/novatel/oem7/odom,/novatel/oem7/fix,/novatel/oem7/odom,39.663,-75.756,-1.801802263,0.001493536,-0.002470607,0.001481718,0.000187513,-0.002470607,,,
1786043616235163626,1786043616.234450629,/novatel/oem7/odom,/novatel/oem7/fix,/novatel/oem7/odom,39.663,-75.756,-1.801802263,0.001493536,-0.002470607,0.001481718,0.000187513,-0.002470607,,,
1786043616247216810,1786043616.246634748,/novatel/oem7/inspva,/novatel/oem7/inspva,/novatel/oem7/inspva,39.663,-75.756,-1.801800271,0.001505716,-0.004581027,-0.000273024,0.001480756,-0.004581027,,novatel_oem7_msgs.msg.InertialSolutionStatus(status=3),
1786043616248603484,1786043616.246786512,/novatel/oem7/fix,/novatel/oem7/fix,/novatel/oem7/inspva,39.663,-75.756,-1.801800271,0.001505716,-0.004581027,-0.000273024,0.001480756,-0.004581027,,0,
1786043616249643860,1786043616.247208143,/novatel/oem7/odom,/novatel/oem7/fix,/novatel/oem7/odom,39.663,-75.756,-1.801800271,0.001521035,-0.004575964,0.001483833,-0.000334350,-0.004575964,,,
1786043616256973285,1786043616.256242581,/novatel/oem7/odom,/novatel/oem7/fix,/novatel/oem7/odom,39.663,-75.756,-1.801800271,0.001521035,-0.004575964,0.001483833,-0.000334350,-0.004575964,,,
1786043616265550029,1786043616.264984329,/novatel/oem7/inspva,/novatel/oem7/inspva,/novatel/oem7/inspva,39.663,-75.756,-1.801754977,0.001138372,-0.003975747,-0.000904028,0.000691826,-0.003975747,,novatel_oem7_msgs.msg.InertialSolutionStatus(status=3),
1786043616266899108,1786043616.265064454,/novatel/oem7/fix,/novatel/oem7/fix,/novatel/oem7/inspva,39.663,-75.756,-1.801754977,0.001138372,-0.003975747,-0.000904028,0.000691826,-0.003975747,,0,
1786043616267942045,1786043616.265629926,/novatel/oem7/odom,/novatel/oem7/fix,/novatel/oem7/odom,39.663,-75.756,-1.801754977,0.001139100,-0.003975538,0.000662053,-0.000926950,-0.003975538,,,
1786043616276148975,1786043616.275408255,/novatel/oem7/odom,/novatel/oem7/fix,/novatel/oem7/odom,39.663,-75.756,-1.801754977,0.001139100,-0.003975538,0.000662053,-0.000926950,-0.003975538,,,
1786043616285875723,1786043616.285291285,/novatel/oem7/inspva,/novatel/oem7/inspva,/novatel/oem7/inspva,39.663,-75.756,-1.801707797,0.002877208,-0.000720671,-0.001020172,0.002690274,-0.000720671,,novatel_oem7_msgs.msg.InertialSolutionStatus(status=3),
1786043616287311118,1786043616.285471219,/novatel/oem7/fix,/novatel/oem7/fix,/novatel/oem7/inspva,39.663,-75.756,-1.801707797,0.002877208,-0.000720671,-0.001020172,0.002690274,-0.000720671,,0,
1786043616288386432,1786043616.286072592,/novatel/oem7/odom,/novatel/oem7/fix,/novatel/oem7/odom,39.663,-75.756,-1.801707797,0.002879120,-0.000712995,0.002639146,-0.001150757,-0.000712995,,,
1786043616295723666,1786043616.294977866,/novatel/oem7/odom,/novatel/oem7/fix,/novatel/oem7/odom,39.663,-75.756,-1.801707797,0.002879120,-0.000712995,0.002639146,-0.001150757,-0.000712995,,,
1786043616306493381,1786043616.305895162,/novatel/oem7/inspva,/novatel/oem7/inspva,/novatel/oem7/inspva,39.663,-75.756,-1.801674587,0.001797351,-0.001196093,-0.000579786,0.001701269,-0.001196093,,novatel_oem7_msgs.msg.InertialSolutionStatus(status=3),
1786043616307835561,1786043616.306039780,/novatel/oem7/fix,/novatel/oem7/fix,/novatel/oem7/inspva,39.663,-75.756,-1.801674587,0.001797351,-0.001196093,-0.000579786,0.001701269,-0.001196093,,0,
1786043616308924295,1786043616.306448544,/novatel/oem7/odom,/novatel/oem7/fix,/novatel/oem7/odom,39.663,-75.756,-1.801674587,0.001800728,-0.001191003,0.001675213,-0.000660516,-0.001191003,,,
1786043616310453783,1786043616.309469530,/novatel/oem7/bestpos,/novatel/oem7/bestpos,/novatel/oem7/odom,39.663,-75.756,33.180624726,0.001800728,-0.001191003,0.001675213,-0.000660516,-0.001191003,,novatel_oem7_msgs.msg.SolutionStatus(status=0),novatel_oem7_msgs.msg.PositionOrVelocityType(type=53)
1786043616311875011,1786043616.310077636,/novatel/oem7/bestvel,/novatel/oem7/bestpos,/novatel/oem7/bestvel,39.663,-75.756,33.180624726,0.003250039,-0.001792827,,,,104.781573170,novatel_oem7_msgs.msg.SolutionStatus(status=0),novatel_oem7_msgs.msg.PositionOrVelocityType(type=53)
1786043616315472422,1786043616.314610804,/novatel/oem7/odom,/novatel/oem7/bestpos,/novatel/oem7/odom,39.663,-75.756,33.180624726,0.001800728,-0.001191003,0.001675213,-0.000660516,-0.001191003,,,
1786043616326527610,1786043616.325393693,/novatel/oem7/inspva,/novatel/oem7/inspva,/novatel/oem7/inspva,39.663,-75.756,-1.801671064,0.001013069,-0.004050342,0.000154990,0.001001143,-0.004050342,,novatel_oem7_msgs.msg.InertialSolutionStatus(status=3),
1786043616328406995,1786043616.325607985,/novatel/oem7/fix,/novatel/oem7/fix,/novatel/oem7/inspva,39.663,-75.756,-1.801671064,0.001013069,-0.004050342,0.000154990,0.001001143,-0.004050342,,0,
1786043616329903310,1786043616.326230684,/novatel/oem7/odom,/novatel/oem7/fix,/novatel/oem7/odom,39.663,-75.756,-1.801671064,0.001030387,-0.004045971,0.001023879,0.000115628,-0.004045971,,,
1786043616336062110,1786043616.334984192,/novatel/oem7/odom,/novatel/oem7/fix,/novatel/oem7/odom,39.663,-75.756,-1.801671064,0.001030387,-0.004045971,0.001023879,0.000115628,-0.004045971,,,
1786043616347057070,1786043616.346075137,/novatel/oem7/inspva,/novatel/oem7/inspva,/novatel/oem7/inspva,39.663,-75.756,-1.801625798,0.000953338,-0.003492251,-0.000390055,0.000869891,-0.003492251,,novatel_oem7_msgs.msg.InertialSolutionStatus(status=3),
1786043616348801227,1786043616.346304223,/novatel/oem7/fix,/novatel/oem7/fix,/novatel/oem7/inspva,39.663,-75.756,-1.801625798,0.000953338,-0.003492251,-0.000390055,0.000869891,-0.003492251,,0,
1786043616350119330,1786043616.346777734,/novatel/oem7/odom,/novatel/oem7/fix,/novatel/oem7/odom,39.663,-75.756,-1.801625798,0.000961905,-0.003489901,0.000863555,-0.000423714,-0.003489901,,,
1786043616356497266,1786043616.355711554,/novatel/oem7/odom,/novatel/oem7/fix,/novatel/oem7/odom,39.663,-75.756,-1.801625798,0.000961905,-0.003489901,0.000863555,-0.000423714,-0.003489901,,,
1786043616366192897,1786043616.365342925,/novatel/oem7/inspva,/novatel/oem7/inspva,/novatel/oem7/inspva,39.663,-75.756,-1.801579709,0.003362271,-0.001325343,-0.002305087,0.002447742,-0.001325343,,novatel_oem7_msgs.msg.InertialSolutionStatus(status=3),
1786043616367812053,1786043616.365652508,/novatel/oem7/fix,/novatel/oem7/fix,/novatel/oem7/inspva,39.663,-75.756,-1.801579709,0.003362271,-0.001325343,-0.002305087,0.002447742,-0.001325343,,0,
1786043616368911747,1786043616.366316285,/novatel/oem7/odom,/novatel/oem7/fix,/novatel/oem7/odom,39.663,-75.756,-1.801579709,0.003363494,-0.001322237,0.002335492,-0.002420448,-0.001322237,,,
1786043616376323916,1786043616.375572869,/novatel/oem7/odom,/novatel/oem7/fix,/novatel/oem7/odom,39.663,-75.756,-1.801579709,0.003363494,-0.001322237,0.002335492,-0.002420448,-0.001322237,,,
1786043616385991110,1786043616.385292523,/novatel/oem7/inspva,/novatel/oem7/inspva,/novatel/oem7/inspva,39.663,-75.756,-1.801548128,0.002649167,-0.001433366,-0.001709093,0.002024126,-0.001433366,,novatel_oem7_msgs.msg.InertialSolutionStatus(status=3),
1786043616387398043,1786043616.385508585,/novatel/oem7/fix,/novatel/oem7/fix,/novatel/oem7/inspva,39.663,-75.756,-1.801548128,0.002649167,-0.001433366,-0.001709093,0.002024126,-0.001433366,,0,
1786043616388526461,1786043616.385960069,/novatel/oem7/odom,/novatel/oem7/fix,/novatel/oem7/odom,39.663,-75.756,-1.801548128,0.002650868,-0.001430216,0.001942480,-0.001803850,-0.001430216,,,
1786043616395081482,1786043616.394205120,/novatel/oem7/odom,/novatel/oem7/fix,/novatel/oem7/odom,39.663,-75.756,-1.801548128,0.002650868,-0.001430216,0.001942480,-0.001803850,-0.001430216,,,
1786043616407334448,1786043616.406598131,/novatel/oem7/inspva,/novatel/oem7/inspva,/novatel/oem7/inspva,39.663,-75.756,-1.801546662,0.000904958,-0.003053582,-0.000108667,0.000898410,-0.003053582,,novatel_oem7_msgs.msg.InertialSolutionStatus(status=3),
1786043616408841693,1786043616.406808173,/novatel/oem7/fix,/novatel/oem7/fix,/novatel/oem7/inspva,39.663,-75.756,-1.801546662,0.000904958,-0.003053582,-0.000108667,0.000898410,-0.003053582,,0,
1786043616410000241,1786043616.407410429,/novatel/oem7/odom,/novatel/oem7/fix,/novatel/oem7/odom,39.663,-75.756,-1.801546662,0.000915877,-0.003050325,0.000904284,-0.000145260,-0.003050325,,,
1786043616411634480,1786043616.410475842,/novatel/oem7/bestpos,/novatel/oem7/bestpos,/novatel/oem7/odom,39.663,-75.756,33.180757740,0.000915877,-0.003050325,0.000904284,-0.000145260,-0.003050325,,novatel_oem7_msgs.msg.SolutionStatus(status=0),novatel_oem7_msgs.msg.PositionOrVelocityType(type=53)
1786043616413104858,1786043616.410981757,/novatel/oem7/bestvel,/novatel/oem7/bestpos,/novatel/oem7/bestvel,39.663,-75.756,33.180757740,0.001623401,-0.003404922,,,,94.970622653,novatel_oem7_msgs.msg.SolutionStatus(status=0),novatel_oem7_msgs.msg.PositionOrVelocityType(type=53)
1786043616416836084,1786043616.415780524,/novatel/oem7/odom,/novatel/oem7/bestpos,/novatel/oem7/odom,39.663,-75.756,33.180757740,0.000915877,-0.003050325,0.000904284,-0.000145260,-0.003050325,,,
1786043616425872656,1786043616.425095981,/novatel/oem7/inspva,/novatel/oem7/inspva,/novatel/oem7/inspva,39.663,-75.756,-1.801514879,0.001360491,-0.003598196,-0.000533511,0.001251519,-0.003598196,,novatel_oem7_msgs.msg.InertialSolutionStatus(status=3),
1786043616427302820,1786043616.425266883,/novatel/oem7/fix,/novatel/oem7/fix,/novatel/oem7/inspva,39.663,-75.756,-1.801514879,0.001360491,-0.003598196,-0.000533511,0.001251519,-0.003598196,,0,
1786043616428399150,1786043616.425787715,/novatel/oem7/odom,/novatel/oem7/fix,/novatel/oem7/odom,39.663,-75.756,-1.801514879,0.001369582,-0.003594745,0.001238037,-0.000585679,-0.003594745,,,
1786043616435677171,1786043616.434884860,/novatel/oem7/odom,/novatel/oem7/fix,/novatel/oem7/odom,39.663,-75.756,-1.801514879,0.001369582,-0.003594745,0.001238037,-0.000585679,-0.003594745,,,
1786043616445921191,1786043616.445241668,/novatel/oem7/inspva,/novatel/oem7/inspva,/novatel/oem7/inspva,39.663,-75.756,-1.801492523,0.003058583,-0.002888076,-0.002487462,0.001779736,-0.002888076,,novatel_oem7_msgs.msg.InertialSolutionStatus(status=3),
1786043616447322108,1786043616.445388186,/novatel/oem7/fix,/novatel/oem7/fix,/novatel/oem7/inspva,39.663,-75.756,-1.801492523,0.003058583,-0.002888076,-0.002487462,0.001779736,-0.002888076,,0,
1786043616448611584,1786043616.445979115,/novatel/oem7/odom,/novatel/oem7/fix,/novatel/oem7/odom,39.663,-75.756,-1.801492523,0.003058603,-0.002888055,0.001665544,-0.002565349,-0.002888055,,,
1786043616457298305,1786043616.456514304,/novatel/oem7/odom,/novatel/oem7/fix,/novatel/oem7/odom,39.663,-75.756,-1.801492523,0.003058603,-0.002888055,0.001665544,-0.002565349,-0.002888055,,,
1786043616466924423,1786043616.466203636,/novatel/oem7/inspva,/novatel/oem7/inspva,/novatel/oem7/inspva,39.663,-75.756,-1.801463763,0.003049554,-0.002450350,-0.002464306,0.001796379,-0.002450350,,novatel_oem7_msgs.msg.InertialSolutionStatus(status=3),
1786043616468289156,1786043616.466351437,/novatel/oem7/fix,/novatel/oem7/fix,/novatel/oem7/inspva,39.663,-75.756,-1.801463763,0.003049554,-0.002450350,-0.002464306,0.001796379,-0.002450350,,0,
1786043616469352660,1786043616.466741684,/novatel/oem7/odom,/novatel/oem7/fix,/novatel/oem7/odom,39.663,-75.756,-1.801463763,0.003049661,-0.002450217,0.001681560,-0.002544168,-0.002450217,,,
1786043616475257350,1786043616.474443746,/novatel/oem7/odom,/novatel/oem7/fix,/novatel/oem7/odom,39.663,-75.756,-1.801463763,0.003049661,-0.002450217,0.001681560,-0.002544168,-0.002450217,,,
1786043616486031129,1786043616.485348071,/novatel/oem7/inspva,/novatel/oem7/inspva,/novatel/oem7/inspva,39.663,-75.756,-1.801451565,0.001296789,-0.001786290,-0.000788216,0.001029746,-0.001786290,,novatel_oem7_msgs.msg.InertialSolutionStatus(status=3),
1786043616487509333,1786043616.485517394,/novatel/oem7/fix,/novatel/oem7/fix,/novatel/oem7/inspva,39.663,-75.756,-1.801451565,0.001296789,-0.001786290,-0.000788216,0.001029746,-0.001786290,,0,
1786043616488586347,1786043616.486174417,/novatel/oem7/odom,/novatel/oem7/fix,/novatel/oem7/odom,39.663,-75.756,-1.801451565,0.001299345,-0.001784431,0.000996532,-0.000833800,-0.001784431,,,
1786043616496227422,1786043616.495462461,/novatel/oem7/odom,/novatel/oem7/fix,/novatel/oem7/odom,39.663,-75.756,-1.801451565,0.001299345,-0.001784431,0.000996532,-0.000833800,-0.001784431,,,
1786043616506841805,1786043616.506107391,/novatel/oem7/inspva,/novatel/oem7/inspva,/novatel/oem7/inspva,39.663,-75.756,-1.801424722,0.000753162,-0.002407386,-0.000578751,0.000481976,-0.002407386,,novatel_oem7_msgs.msg.InertialSolutionStatus(status=3),
1786043616508246592,1786043616.506303310,/novatel/oem7/fix,/novatel/oem7/fix,/novatel/oem7/inspva,39.663,-75.756,-1.801424722,0.000753162,-0.002407386,-0.000578751,0.000481976,-0.002407386,,0,
1786043616509583852,1786043616.506661680,/novatel/oem7/odom,/novatel/oem7/fix,/novatel/oem7/odom,39.663,-75.756,-1.801424722,0.000754149,-0.002407077,0.000462365,-0.000595785,-0.002407077,,,
1786043616512150134,1786043616.511403069,/novatel/oem7/bestpos,/novatel/oem7/bestpos,/novatel/oem7/odom,39.663,-75.756,33.180887504,0.000754149,-0.002407077,0.000462365,-0.000595785,-0.002407077,,novatel_oem7_msgs.msg.SolutionStatus(status=0),novatel_oem7_msgs.msg.PositionOrVelocityType(type=53)
1786043616513703355,1786043616.512300183,/novatel/oem7/bestvel,/novatel/oem7/bestpos,/novatel/oem7/bestvel,39.663,-75.756,33.180887504,0.001810407,-0.002942797,,,,112.972900389,novatel_oem7_msgs.msg.SolutionStatus(status=0),novatel_oem7_msgs.msg.PositionOrVelocityType(type=53)
1786043616515395822,1786043616.514482227,/novatel/oem7/odom,/novatel/oem7/bestpos,/novatel/oem7/odom,39.663,-75.756,33.180887504,0.000754149,-0.002407077,0.000462365,-0.000595785,-0.002407077,,,
1786043616527233617,1786043616.526538369,/novatel/oem7/inspva,/novatel/oem7/inspva,/novatel/oem7/inspva,39.663,-75.756,-1.801413815,0.002265974,-0.003398315,-0.002155448,0.000699058,-0.003398315,,novatel_oem7_msgs.msg.InertialSolutionStatus(status=3),
1786043616528658568,1786043616.526639093,/novatel/oem7/fix,/novatel/oem7/fix,/novatel/oem7/inspva,39.663,-75.756,-1.801413815,0.002265974,-0.003398315,-0.002155448,0.000699058,-0.003398315,,0,
1786043616529744122,1786043616.527069596,/novatel/oem7/odom,/novatel/oem7/fix,/novatel/oem7/odom,39.663,-75.756,-1.801413815,0.002261174,-0.003401510,0.000604712,-0.002178814,-0.003401510,,,
1786043616535836468,1786043616.535048300,/novatel/oem7/odom,/novatel/oem7/fix,/novatel/oem7/odom,39.663,-75.756,-1.801413815,0.002261174,-0.003401510,0.000604712,-0.002178814,-0.003401510,,,
1786043616545726624,1786043616.545005241,/novatel/oem7/inspva,/novatel/oem7/inspva,/novatel/oem7/inspva,39.663,-75.756,-1.801378372,0.002872181,-0.002888283,-0.002151661,0.001902571,-0.002888283,,novatel_oem7_msgs.msg.InertialSolutionStatus(status=3),
1786043616547146151,1786043616.545199709,/novatel/oem7/fix,/novatel/oem7/fix,/novatel/oem7/inspva,39.663,-75.756,-1.801378372,0.002872181,-0.002888283,-0.002151661,0.001902571,-0.002888283,,0,
1786043616548272296,1786043616.545526092,/novatel/oem7/odom,/novatel/oem7/fix,/novatel/oem7/odom,39.663,-75.756,-1.801378372,0.002873606,-0.002886865,0.001804886,-0.002236068,-0.002886865,,,
1786043616556694754,1786043616.555989291,/novatel/oem7/odom,/novatel/oem7/fix,/novatel/oem7/odom,39.663,-75.756,-1.801378372,0.002873606,-0.002886865,0.001804886,-0.002236068,-0.002886865,,,
1786043616565970019,1786043616.565408189,/novatel/oem7/inspva,/novatel/oem7/inspva,/novatel/oem7/inspva,39.663,-75.756,-1.801340402,0.002665917,-0.000121722,-0.001756119,0.002005781,-0.000121722,,novatel_oem7_msgs.msg.InertialSolutionStatus(status=3),
1786043616567589018,1786043616.565593111,/novatel/oem7/fix,/novatel/oem7/fix,/novatel/oem7/inspva,39.663,-75.756,-1.801340402,0.002665917,-0.000121722,-0.001756119,0.002005781,-0.000121722,,0,
1786043616568686101,1786043616.566198401,/novatel/oem7/odom,/novatel/oem7/fix,/novatel/oem7/odom,39.663,-75.756,-1.801340402,0.002666049,-0.000118777,0.001916524,-0.001853309,-0.000118777,,,
1786043616575050520,1786043616.574269256,/novatel/oem7/odom,/novatel/oem7/fix,/novatel/oem7/odom,39.663,-75.756,-1.801340402,0.002666049,-0.000118777,0.001916524,-0.001853309,-0.000118777,,,
1786043616586751428,1786043616.586168476,/novatel/oem7/inspva,/novatel/oem7/inspva,/novatel/oem7/inspva,39.663,-75.756,-1.801322394,0.001415466,-0.001692713,-0.000829681,0.001146810,-0.001692713,,novatel_oem7_msgs.msg.InertialSolutionStatus(status=3),
1786043616588176515,1786043616.586340240,/novatel/oem7/fix,/novatel/oem7/fix,/novatel/oem7/inspva,39.663,-75.756,-1.801322394,0.001415466,-0.001692713,-0.000829681,0.001146810,-0.001692713,,0,
1786043616589256159,1786043616.586771425,/novatel/oem7/odom,/novatel/oem7/fix,/novatel/oem7/odom,39.663,-75.756,-1.801322394,0.001418109,-0.001690499,0.001111044,-0.000881257,-0.001690499,,,
1786043616595272391,1786043616.594593274,/novatel/oem7/odom,/novatel/oem7/fix,/novatel/oem7/odom,39.663,-75.756,-1.801322394,0.001418109,-0.001690499,0.001111044,-0.000881257,-0.001690499,,,
1786043616607054149,1786043616.606439310,/novatel/oem7/inspva,/novatel/oem7/inspva,/novatel/oem7/inspva,39.663,-75.756,-1.801327493,0.001606624,-0.004186015,-0.001492209,0.000595444,-0.004186015,,novatel_oem7_msgs.msg.InertialSolutionStatus(status=3),
1786043616608454849,1786043616.606597985,/novatel/oem7/fix,/novatel/oem7/fix,/novatel/oem7/inspva,39.663,-75.756,-1.801327493,0.001606624,-0.004186015,-0.001492209,0.000595444,-0.004186015,,0,
1786043616609568777,1786043616.607133716,/novatel/oem7/odom,/novatel/oem7/fix,/novatel/oem7/odom,39.663,-75.756,-1.801327493,0.001601969,-0.004187799,0.000537345,-0.001509160,-0.004187799,,,
1786043616611174643,1786043616.610350855,/novatel/oem7/bestpos,/novatel/oem7/bestpos,/novatel/oem7/odom,39.663,-75.756,33.180998867,0.001601969,-0.004187799,0.000537345,-0.001509160,-0.004187799,,novatel_oem7_msgs.msg.SolutionStatus(status=0),novatel_oem7_msgs.msg.PositionOrVelocityType(type=53)
1786043616612696461,1786043616.610877500,/novatel/oem7/bestvel,/novatel/oem7/bestpos,/novatel/oem7/bestvel,39.663,-75.756,33.180998867,0.001978512,-0.003304989,,,,201.385341422,novatel_oem7_msgs.msg.SolutionStatus(status=0),novatel_oem7_msgs.msg.PositionOrVelocityType(type=53)
1786043616616386370,1786043616.615719124,/novatel/oem7/odom,/novatel/oem7/bestpos,/novatel/oem7/odom,39.663,-75.756,33.180998867,0.001601969,-0.004187799,0.000537345,-0.001509160,-0.004187799,,,
1786043616625648067,1786043616.625118645,/novatel/oem7/inspva,/novatel/oem7/inspva,/novatel/oem7/inspva,39.663,-75.756,-1.801292797,0.002603945,-0.003435267,-0.001845815,0.001836709,-0.003435267,,novatel_oem7_msgs.msg.InertialSolutionStatus(status=3),
1786043616627011054,1786043616.625286877,/novatel/oem7/fix,/novatel/oem7/fix,/novatel/oem7/inspva,39.663,-75.756,-1.801292797,0.002603945,-0.003435267,-0.001845815,0.001836709,-0.003435267,,0,
1786043616628121725,1786043616.625773445,/novatel/oem7/odom,/novatel/oem7/fix,/novatel/oem7/odom,39.663,-75.756,-1.801292797,0.002606611,-0.003433245,0.001756536,-0.001925876,-0.003433245,,,
1786043616635262457,1786043616.634595234,/novatel/oem7/odom,/novatel/oem7/fix,/novatel/oem7/odom,39.663,-75.756,-1.801292797,0.002606611,-0.003433245,0.001756536,-0.001925876,-0.003433245,,,
1786043616647406276,1786043616.646832954,/novatel/oem7/inspva,/novatel/oem7/inspva,/novatel/oem7/inspva,39.663,-75.756,-1.801262044,0.003742143,-0.000595382,-0.002645670,0.002646519,-0.000595382,,novatel_oem7_msgs.msg.InertialSolutionStatus(status=3),
1786043616648769692,1786043616.646989175,/novatel/oem7/fix,/novatel/oem7/fix,/novatel/oem7/inspva,39.663,-75.756,-1.801262044,0.003742143,-0.000595382,-0.002645670,0.002646519,-0.000595382,,0,
1786043616649927287,1786043616.647378689,/novatel/oem7/odom,/novatel/oem7/fix,/novatel/oem7/odom,39.663,-75.756,-1.801262044,0.003742622,-0.000592366,0.002514210,-0.002772357,-0.000592366,,,
1786043616656737247,1786043616.656056757,/novatel/oem7/odom,/novatel/oem7/fix,/novatel/oem7/odom,39.663,-75.756,-1.801262044,0.003742622,-0.000592366,0.002514210,-0.002772357,-0.000592366,,,
1786043616665593743,1786043616.665061478,/novatel/oem7/inspva,/novatel/oem7/inspva,/novatel/oem7/inspva,39.663,-75.756,-1.801250503,0.002398170,-0.001387125,-0.001712837,0.001678513,-0.001387125,,novatel_oem7_msgs.msg.InertialSolutionStatus(status=3),
1786043616666963680,1786043616.665222287,/novatel/oem7/fix,/novatel/oem7/fix,/novatel/oem7/inspva,39.663,-75.756,-1.801250503,0.002398170,-0.001387125,-0.001712837,0.001678513,-0.001387125,,0,
1786043616668092244,1786043616.665637014,/novatel/oem7/odom,/novatel/oem7/fix,/novatel/oem7/odom,39.663,-75.756,-1.801250503,0.002399226,-0.001385297,0.001596990,-0.001790505,-0.001385297,,,
1786043616676100193,1786043616.675448956,/novatel/oem7/odom,/novatel/oem7/fix,/novatel/oem7/odom,39.663,-75.756,-1.801250503,0.002399226,-0.001385297,0.001596990,-0.001790505,-0.001385297,,,
1786043616685718697,1786043616.685185751,/novatel/oem7/inspva,/novatel/oem7/inspva,/novatel/oem7/inspva,39.663,-75.756,-1.801266767,0.001382545,-0.004111136,-0.001242194,0.000606946,-0.004111136,,novatel_oem7_msgs.msg.InertialSolutionStatus(status=3),
1786043616687093656,1786043616.685354819,/novatel/oem7/fix,/novatel/oem7/fix,/novatel/oem7/inspva,39.663,-75.756,-1.801266767,0.001382545,-0.004111136,-0.001242194,0.000606946,-0.004111136,,0,
1786043616688226347,1786043616.685783917,/novatel/oem7/odom,/novatel/oem7/fix,/novatel/oem7/odom,39.663,-75.756,-1.801266767,0.001379390,-0.004112196,0.000560980,-0.001260166,-0.004112196,,,
1786043616695631119,1786043616.694962803,/novatel/oem7/odom,/novatel/oem7/fix,/novatel/oem7/odom,39.663,-75.756,-1.801266767,0.001379390,-0.004112196,0.000560980,-0.001260166,-0.004112196,,,
1786043616706611210,1786043616.706058045,/novatel/oem7/inspva,/novatel/oem7/inspva,/novatel/oem7/inspva,39.663,-75.756,-1.801230248,0.002090943,-0.003313883,-0.001689260,0.001232251,-0.003313883,,novatel_oem7_msgs.msg.InertialSolutionStatus(status=3),
1786043616708001620,1786043616.706230090,/novatel/oem7/fix,/novatel/oem7/fix,/novatel/oem7/inspva,39.663,-75.756,-1.801230248,0.002090943,-0.003313883,-0.001689260,0.001232251,-0.003313883,,0,
1786043616709082971,1786043616.706707034,/novatel/oem7/odom,/novatel/oem7/fix,/novatel/oem7/odom,39.663,-75.756,-1.801230248,0.002091177,-0.003313736,0.001160161,-0.001739842,-0.003313736,,,
1786043616710649326,1786043616.709409434,/novatel/oem7/bestpos,/novatel/oem7/bestpos,/novatel/oem7/odom,39.663,-75.756,33.181079013,0.002091177,-0.003313736,0.001160161,-0.001739842,-0.003313736,,novatel_oem7_msgs.msg.SolutionStatus(status=0),novatel_oem7_msgs.msg.PositionOrVelocityType(type=53)
1786043616712050133,1786043616.710044507,/novatel/oem7/bestvel,/novatel/oem7/bestpos,/novatel/oem7/bestvel,39.663,-75.756,33.181079013,0.002326138,-0.002757060,,,,161.585949122,novatel_oem7_msgs.msg.SolutionStatus(status=0),novatel_oem7_msgs.msg.PositionOrVelocityType(type=53)
1786043616715071886,1786043616.714401354,/novatel/oem7/odom,/novatel/oem7/bestpos,/novatel/oem7/odom,39.663,-75.756,33.181079013,0.002091177,-0.003313736,0.001160161,-0.001739842,-0.003313736,,,
1786043616726135254,1786043616.725348046,/novatel/oem7/inspva,/novatel/oem7/inspva,/novatel/oem7/inspva,39.663,-75.756,-1.801195648,0.003342465,-0.000537755,-0.002847003,0.001751183,-0.000537755,,novatel_oem7_msgs.msg.InertialSolutionStatus(status=3),
1786043616727727482,1786043616.725597769,/novatel/oem7/fix,/novatel/oem7/fix,/novatel/oem7/inspva,39.663,-75.756,-1.801195648,0.003342465,-0.000537755,-0.002847003,0.001751183,-0.000537755,,0,
1786043616728815900,1786043616.726176007,/novatel/oem7/odom,/novatel/oem7/fix,/novatel/oem7/odom,39.663,-75.756,-1.801195648,0.003342303,-0.000538759,0.001609773,-0.002929099,-0.000538759,,,
1786043616736112064,1786043616.735469545,/novatel/oem7/odom,/novatel/oem7/fix,/novatel/oem7/odom,39.663,-75.756,-1.801195648,0.003342303,-0.000538759,0.001609773,-0.002929099,-0.000538759,,,
1786043616745554493,1786043616.745002421,/novatel/oem7/inspva,/novatel/oem7/inspva,/novatel/oem7/inspva,39.663,-75.756,-1.801175309,0.003240623,-0.001281214,-0.002222494,0.002358423,-0.001281214,,novatel_oem7_msgs.msg.InertialSolutionStatus(status=3),
1786043616746878683,1786043616.745194446,/novatel/oem7/fix,/novatel/oem7/fix,/novatel/oem7/inspva,39.663,-75.756,-1.801175309,0.003240623,-0.001281214,-0.002222494,0.002358423,-0.001281214,,0,
1786043616747952357,1786043616.745618151,/novatel/oem7/odom,/novatel/oem7/fix,/novatel/oem7/odom,39.663,-75.756,-1.801175309,0.003241842,-0.001278128,0.002250311,-0.002333589,-0.001278128,,,
1786043616756465823,1786043616.755756660,/novatel/oem7/odom,/novatel/oem7/fix,/novatel/oem7/odom,39.663,-75.756,-1.801175309,0.003241842,-0.001278128,0.002250311,-0.002333589,-0.001278128,,,
1786043616767147214,1786043616.766580878,/novatel/oem7/inspva,/novatel/oem7/inspva,/novatel/oem7/inspva,39.663,-75.756,-1.801176942,0.000680574,-0.002438618,-0.000577996,0.000359308,-0.002438618,,novatel_oem7_msgs.msg.InertialSolutionStatus(status=3),
1786043616768531647,1786043616.766753757,/novatel/oem7/fix,/novatel/oem7/fix,/novatel/oem7/inspva,39.663,-75.756,-1.801176942,0.000680574,-0.002438618,-0.000577996,0.000359308,-0.002438618,,0,
1786043616769605921,1786043616.767155431,/novatel/oem7/odom,/novatel/oem7/fix,/novatel/oem7/odom,39.663,-75.756,-1.801176942,0.000679996,-0.002438779,0.000340080,-0.000588846,-0.002438779,,,
1786043616775611933,1786043616.774983352,/novatel/oem7/odom,/novatel/oem7/fix,/novatel/oem7/odom,39.663,-75.756,-1.801176942,0.000679996,-0.002438779,0.000340080,-0.000588846,-0.002438779,,,
1786043616785473926,1786043616.784991896,/novatel/oem7/inspva,/novatel/oem7/inspva,/novatel/oem7/inspva,39.663,-75.756,-1.801150377,0.001332378,-0.002969624,-0.001194484,0.000590288,-0.002969624,,novatel_oem7_msgs.msg.InertialSolutionStatus(status=3),
1786043616786782135,1786043616.785066999,/novatel/oem7/fix,/novatel/oem7/fix,/novatel/oem7/inspva,39.663,-75.756,-1.801150377,0.001332378,-0.002969624,-0.001194484,0.000590288,-0.002969624,,0,
1786043616787820525,1786043616.785442759,/novatel/oem7/odom,/novatel/oem7/fix,/novatel/oem7/odom,39.663,-75.756,-1.801150377,0.001330236,-0.002970584,0.000542244,-0.001214701,-0.002970584,,,
1786043616796068416,1786043616.795474579,/novatel/oem7/odom,/novatel/oem7/fix,/novatel/oem7/odom,39.663,-75.756,-1.801150377,0.001330236,-0.002970584,0.000542244,-0.001214701,-0.002970584,,,
1786043616807067070,1786043616.806594171,/novatel/oem7/inspva,/novatel/oem7/inspva,/novatel/oem7/inspva,39.663,-75.756,-1.801129852,0.003303794,-0.001589884,-0.002828260,0.001707630,-0.001589884,,novatel_oem7_msgs.msg.InertialSolutionStatus(status=3),
1786043616808385223,1786043616.806730980,/novatel/oem7/fix,/novatel/oem7/fix,/novatel/oem7/inspva,39.663,-75.756,-1.801129852,0.003303794,-0.001589884,-0.002828260,0.001707630,-0.001589884,,0,
1786043616809459399,1786043616.807153434,/novatel/oem7/odom,/novatel/oem7/fix,/novatel/oem7/odom,39.663,-75.756,-1.801129852,0.003303253,-0.001591008,0.001571511,-0.002905484,-0.001591008,,,
1786043616811003648,1786043616.810190470,/novatel/oem7/bestpos,/novatel/oem7/bestpos,/novatel/oem7/odom,39.663,-75.756,33.181174608,0.003303253,-0.001591008,0.001571511,-0.002905484,-0.001591008,,novatel_oem7_msgs.msg.SolutionStatus(status=0),novatel_oem7_msgs.msg.PositionOrVelocityType(type=53)
1786043616812398762,1786043616.810570667,/novatel/oem7/bestvel,/novatel/oem7/bestpos,/novatel/oem7/bestvel,39.663,-75.756,33.181174608,0.003384436,-0.001267914,,,,155.963226813,novatel_oem7_msgs.msg.SolutionStatus(status=0),novatel_oem7_msgs.msg.PositionOrVelocityType(type=53)
1786043616815810611,1786043616.814892439,/novatel/oem7/odom,/novatel/oem7/bestpos,/novatel/oem7/odom,39.663,-75.756,33.181174608,0.003303253,-0.001591008,0.001571511,-0.002905484,-0.001591008,,,
1786043616826917417,1786043616.826306661,/novatel/oem7/inspva,/novatel/oem7/inspva,/novatel/oem7/inspva,39.663,-75.756,-1.801113115,0.003173625,-0.001606009,-0.002559784,0.001876007,-0.001606009,,novatel_oem7_msgs.msg.InertialSolutionStatus(status=3),
1786043616828276890,1786043616.826477099,/novatel/oem7/fix,/novatel/oem7/fix,/novatel/oem7/inspva,39.663,-75.756,-1.801113115,0.003173625,-0.001606009,-0.002559784,0.001876007,-0.001606009,,0,
1786043616829330287,1786043616.826915780,/novatel/oem7/odom,/novatel/oem7/fix,/novatel/oem7/odom,39.663,-75.756,-1.801113115,0.003173765,-0.001605731,0.001753070,-0.002645663,-0.001605731,,,
1786043616835211677,1786043616.834544181,/novatel/oem7/odom,/novatel/oem7/fix,/novatel/oem7/odom,39.663,-75.756,-1.801113115,0.003173765,-0.001605731,0.001753070,-0.002645663,-0.001605731,,,
1786043616845886935,1786043616.845362258,/novatel/oem7/inspva,/novatel/oem7/inspva,/novatel/oem7/inspva,39.663,-75.756,-1.801119641,0.001205847,-0.002236483,-0.000691786,0.000987674,-0.002236483,,novatel_oem7_msgs.msg.InertialSolutionStatus(status=3),
1786043616847226142,1786043616.845445100,/novatel/oem7/fix,/novatel/oem7/fix,/novatel/oem7/inspva,39.663,-75.756,-1.801119641,0.001205847,-0.002236483,-0.000691786,0.000987674,-0.002236483,,0,
1786043616848520774,1786043616.846165281,/novatel/oem7/odom,/novatel/oem7/fix,/novatel/oem7/odom,39.663,-75.756,-1.801119641,0.001209454,-0.002234535,0.000961115,-0.000734191,-0.002234535,,,
1786043616856854759,1786043616.856174382,/novatel/oem7/odom,/novatel/oem7/fix,/novatel/oem7/odom,39.663,-75.756,-1.801119641,0.001209454,-0.002234535,0.000961115,-0.000734191,-0.002234535,,,
1786043616865656701,1786043616.865087829,/novatel/oem7/inspva,/novatel/oem7/inspva,/novatel/oem7/inspva,39.663,-75.756,-1.801104551,0.001056259,-0.002430456,-0.001008562,0.000313823,-0.002430456,,novatel_oem7_msgs.msg.InertialSolutionStatus(status=3),
1786043616867004661,1786043616.865241137,/novatel/oem7/fix,/novatel/oem7/fix,/novatel/oem7/inspva,39.663,-75.756,-1.801104551,0.001056259,-0.002430456,-0.001008562,0.000313823,-0.002430456,,0,
1786043616868070138,1786043616.865761258,/novatel/oem7/odom,/novatel/oem7/fix,/novatel/oem7/odom,39.663,-75.756,-1.801104551,0.001052708,-0.002431996,0.000273158,-0.001016650,-0.002431996,,,
1786043616875249781,1786043616.874584511,/novatel/oem7/odom,/novatel/oem7/fix,/novatel/oem7/odom,39.663,-75.756,-1.801104551,0.001052708,-0.002431996,0.000273158,-0.001016650,-0.002431996,,,
1786043616887176044,1786043616.886654692,/novatel/oem7/inspva,/novatel/oem7/inspva,/novatel/oem7/inspva,39.663,-75.756,-1.801097204,0.003599184,-0.002236641,-0.003293005,0.001452668,-0.002236641,,novatel_oem7_msgs.msg.InertialSolutionStatus(status=3),
1786043616888536111,1786043616.886729663,/novatel/oem7/fix,/novatel/oem7/fix,/novatel/oem7/inspva,39.663,-75.756,-1.801097204,0.003599184,-0.002236641,-0.003293005,0.001452668,-0.002236641,,0,
1786043616889584121,1786043616.887332149,/novatel/oem7/odom,/novatel/oem7/fix,/novatel/oem7/odom,39.663,-75.756,-1.801097204,0.003597008,-0.002240139,0.001296283,-0.003355312,-0.002240139,,,
1786043616895648454,1786043616.894957273,/novatel/oem7/odom,/novatel/oem7/fix,/novatel/oem7/odom,39.663,-75.756,-1.801097204,0.003597008,-0.002240139,0.001296283,-0.003355312,-0.002240139,,,
1786043616906386018,1786043616.905825756,/novatel/oem7/inspva,/novatel/oem7/inspva,/novatel/oem7/inspva,39.663,-75.756,-1.801069546,0.003800539,-0.001012451,-0.003295546,0.001893006,-0.001012451,,novatel_oem7_msgs.msg.InertialSolutionStatus(status=3),
1786043616907756205,1786043616.905975881,/novatel/oem7/fix,/novatel/oem7/fix,/novatel/oem7/inspva,39.663,-75.756,-1.801069546,0.003800539,-0.001012451,-0.003295546,0.001893006,-0.001012451,,0,
1786043616908819578,1786043616.906572160,/novatel/oem7/odom,/novatel/oem7/fix,/novatel/oem7/odom,39.663,-75.756,-1.801069546,0.003800058,-0.001014253,0.001731095,-0.003382862,-0.001014253,,,
1786043616910264703,1786043616.909308813,/novatel/oem7/bestpos,/novatel/oem7/bestpos,/novatel/oem7/odom,39.663,-75.756,33.181237974,0.003800058,-0.001014253,0.001731095,-0.003382862,-0.001014253,,novatel_oem7_msgs.msg.SolutionStatus(status=0),novatel_oem7_msgs.msg.PositionOrVelocityType(type=53)
1786043616911719214,1786043616.909840935,/novatel/oem7/bestvel,/novatel/oem7/bestpos,/novatel/oem7/bestvel,39.663,-75.756,33.181237974,0.003440513,-0.001302602,,,,145.629556036,novatel_oem7_msgs.msg.SolutionStatus(status=0),novatel_oem7_msgs.msg.PositionOrVelocityType(type=53)
1786043616916200947,1786043616.915536448,/novatel/oem7/odom,/novatel/oem7/bestpos,/novatel/oem7/odom,39.663,-75.756,33.181237974,0.003800058,-0.001014253,0.001731095,-0.003382862,-0.001014253,,,
1786043616925912119,1786043616.925372120,/novatel/oem7/inspva,/novatel/oem7/inspva,/novatel/oem7/inspva,39.663,-75.756,-1.801067209,0.002120969,-0.001195864,-0.001650408,0.001332164,-0.001195864,,novatel_oem7_msgs.msg.InertialSolutionStatus(status=3),
1786043616927260898,1786043616.925596339,/novatel/oem7/fix,/novatel/oem7/fix,/novatel/oem7/inspva,39.663,-75.756,-1.801067209,0.002120969,-0.001195864,-0.001650408,0.001332164,-0.001195864,,0,
1786043616928319959,1786043616.926098731,/novatel/oem7/odom,/novatel/oem7/fix,/novatel/oem7/odom,39.663,-75.756,-1.801067209,0.002121341,-0.001195204,0.001253401,-0.001711453,-0.001195204,,,
1786043616935577769,1786043616.934923843,/novatel/oem7/odom,/novatel/oem7/fix,/novatel/oem7/odom,39.663,-75.756,-1.801067209,0.002121341,-0.001195204,0.001253401,-0.001711453,-0.001195204,,,
1786043616946572316,1786043616.946068879,/novatel/oem7/inspva,/novatel/oem7/inspva,/novatel/oem7/inspva,39.663,-75.756,-1.801042316,0.002000183,-0.001350221,-0.001765989,0.000939157,-0.001350221,,novatel_oem7_msgs.msg.InertialSolutionStatus(status=3),
1786043616947913283,1786043616.946148332,/novatel/oem7/fix,/novatel/oem7/fix,/novatel/oem7/inspva,39.663,-75.756,-1.801042316,0.002000183,-0.001350221,-0.001765989,0.000939157,-0.001350221,,0,
1786043616948983547,1786043616.946745908,/novatel/oem7/odom,/novatel/oem7/fix,/novatel/oem7/odom,39.663,-75.756,-1.801042316,0.001999371,-0.001351423,0.000855737,-0.001806986,-0.001351423,,,
1786043616956336079,1786043616.955697489,/novatel/oem7/odom,/novatel/oem7/fix,/novatel/oem7/odom,39.663,-75.756,-1.801042316,0.001999371,-0.001351423,0.000855737,-0.001806986,-0.001351423,,,
1786043616965803404,1786043616.965300853,/novatel/oem7/inspva,/novatel/oem7/inspva,/novatel/oem7/inspva,39.663,-75.756,-1.801035920,0.003749091,-0.002418797,-0.003369066,0.001644713,-0.002418797,,novatel_oem7_msgs.msg.InertialSolutionStatus(status=3),
1786043616967119144,1786043616.965457414,/novatel/oem7/fix,/novatel/oem7/fix,/novatel/oem7/inspva,39.663,-75.756,-1.801035920,0.003749091,-0.002418797,-0.003369066,0.001644713,-0.002418797,,0,
1786043616968165187,1786043616.966302919,/novatel/oem7/odom,/novatel/oem7/fix,/novatel/oem7/odom,39.663,-75.756,-1.801035920,0.003747261,-0.002421631,0.001485078,-0.003440423,-0.002421631,,,
1786043616976240983,1786043616.975569149,/novatel/oem7/odom,/novatel/oem7/fix,/novatel/oem7/odom,39.663,-75.756,-1.801035920,0.003747261,-0.002421631,0.001485078,-0.003440423,-0.002421631,,,
1786043616985507906,1786043616.985021639,/novatel/oem7/inspva,/novatel/oem7/inspva,/novatel/oem7/inspva,39.663,-75.756,-1.801003701,0.004223302,-0.001531741,-0.003927056,0.001553870,-0.001531741,,novatel_oem7_msgs.msg.InertialSolutionStatus(status=3),
1786043616986836259,1786043616.985114882,/novatel/oem7/fix,/novatel/oem7/fix,/novatel/oem7/inspva,39.663,-75.756,-1.801003701,0.004223302,-0.001531741,-0.003927056,0.001553870,-0.001531741,,0,
1786043616987902927,1786043616.985536380,/novatel/oem7/odom,/novatel/oem7/fix,/novatel/oem7/odom,39.663,-75.756,-1.801003701,0.004221577,-0.001536490,0.001363131,-0.003995446,-0.001536490,,,
1786043616994997213,1786043616.994390432,/novatel/oem7/odom,/novatel/oem7/fix,/novatel/oem7/odom,39.663,-75.756,-1.801003701,0.004221577,-0.001536490,0.001363131,-0.003995446,-0.001536490,,,
1786043617010594871,1786043617.010081586,/novatel/oem7/inspva,/novatel/oem7/inspva,/novatel/oem7/inspva,39.663,-75.756,-1.800983320,0.002653196,0.000487845,-0.001964142,0.001783703,0.000487845,,novatel_oem7_msgs.msg.InertialSolutionStatus(status=3),
1786043617011921914,1786043617.010260541,/novatel/oem7/fix,/novatel/oem7/fix,/novatel/oem7/inspva,39.663,-75.756,-1.800983320,0.002653196,0.000487845,-0.001964142,0.001783703,0.000487845,,0,
1786043617013446439,1786043617.011685328,/novatel/oem7/odom,/novatel/oem7/fix,/novatel/oem7/odom,39.663,-75.756,-1.800983320,0.002652909,0.000489403,0.001681983,-0.002051550,0.000489403,,,
1786043617016856262,1786043617.016207042,/novatel/oem7/odom,/novatel/oem7/fix,/novatel/oem7/odom,39.663,-75.756,-1.800983320,0.002652909,0.000489403,0.001681983,-0.002051550,0.000489403,,,
1786043617026027685,1786043617.025456233,/novatel/oem7/bestpos,/novatel/oem7/bestpos,/novatel/oem7/odom,39.663,-75.756,33.181313579,0.002652909,0.000489403,0.001681983,-0.002051550,0.000489403,,novatel_oem7_msgs.msg.SolutionStatus(status=0),novatel_oem7_msgs.msg.PositionOrVelocityType(type=53)
1786043617027919714,1786043617.027046065,/novatel/oem7/bestvel,/novatel/oem7/bestpos,/novatel/oem7/bestvel,39.663,-75.756,33.181313579,0.003064486,-0.000429671,,,,114.560077080,novatel_oem7_msgs.msg.SolutionStatus(status=0),novatel_oem7_msgs.msg.PositionOrVelocityType(type=53)
1786043617029319950,1786043617.027457259,/novatel/oem7/inspva,/novatel/oem7/inspva,/novatel/oem7/inspva,39.663,-75.756,-1.800971256,0.002227337,-0.001087899,-0.001981557,0.001017085,-0.001087899,,novatel_oem7_msgs.msg.InertialSolutionStatus(status=3),
1786043617030156855,1786043617.027634007,/novatel/oem7/fix,/novatel/oem7/fix,/novatel/oem7/inspva,39.663,-75.756,-1.800971256,0.002227337,-0.001087899,-0.001981557,0.001017085,-0.001087899,,0,
1786043617031180845,1786043617.028055918,/novatel/oem7/odom,/novatel/oem7/fix,/novatel/oem7/odom,39.663,-75.756,-1.800971256,0.002226649,-0.001089307,0.000921854,-0.002026857,-0.001089307,,,
1786043617036500930,1786043617.035581318,/novatel/oem7/odom,/novatel/oem7/fix,/novatel/oem7/odom,39.663,-75.756,-1.800971256,0.002226649,-0.001089307,0.000921854,-0.002026857,-0.001089307,,,
1786043617046481961,1786043617.045915939,/novatel/oem7/inspva,/novatel/oem7/inspva,/novatel/oem7/inspva,39.663,-75.756,-1.800973981,0.002604628,-0.002980066,-0.002597731,0.000189421,-0.002980066,,novatel_oem7_msgs.msg.InertialSolutionStatus(status=3),
1786043617047806464,1786043617.046083586,/novatel/oem7/fix,/novatel/oem7/fix,/novatel/oem7/inspva,39.663,-75.756,-1.800973981,0.002604628,-0.002980066,-0.002597731,0.000189421,-0.002980066,,0,
1786043617048830634,1786043617.046739064,/novatel/oem7/odom,/novatel/oem7/fix,/novatel/oem7/odom,39.663,-75.756,-1.800973981,0.002597373,-0.002986391,0.000072140,-0.002596371,-0.002986391,,,
1786043617056745615,1786043617.056100455,/novatel/oem7/odom,/novatel/oem7/fix,/novatel/oem7/odom,39.663,-75.756,-1.800973981,0.002597373,-0.002986391,0.000072140,-0.002596371,-0.002986391,,,
1786043617066760622,1786043617.066226553,/novatel/oem7/inspva,/novatel/oem7/inspva,/novatel/oem7/inspva,39.663,-75.756,-1.800963402,0.003942177,-0.002605469,-0.003434122,0.001935863,-0.002605469,,novatel_oem7_msgs.msg.InertialSolutionStatus(status=3),
1786043617068037301,1786043617.066301375,/novatel/oem7/fix,/novatel/oem7/fix,/novatel/oem7/inspva,39.663,-75.756,-1.800963402,0.003942177,-0.002605469,-0.003434122,0.001935863,-0.002605469,,0,
1786043617069351854,1786043617.066674487,/novatel/oem7/odom,/novatel/oem7/fix,/novatel/oem7/odom,39.663,-75.756,-1.800963402,0.003940895,-0.002607408,0.001773331,-0.003519368,-0.002607408,,,
1786043617075585179,1786043617.074890765,/novatel/oem7/odom,/novatel/oem7/fix,/novatel/oem7/odom,39.663,-75.756,-1.800963402,0.003940895,-0.002607408,0.001773331,-0.003519368,-0.002607408,,,
1786043617085858422,1786043617.085341320,/novatel/oem7/inspva,/novatel/oem7/inspva,/novatel/oem7/inspva,39.663,-75.756,-1.800940262,0.002880310,0.000787612,-0.002789591,0.000717191,0.000787612,,novatel_oem7_msgs.msg.InertialSolutionStatus(status=3),
1786043617087160025,1786043617.085417867,/novatel/oem7/fix,/novatel/oem7/fix,/novatel/oem7/inspva,39.663,-75.756,-1.800940262,0.002880310,0.000787612,-0.002789591,0.000717191,0.000787612,,0,
1786043617088182638,1786043617.086173792,/novatel/oem7/odom,/novatel/oem7/fix,/novatel/oem7/odom,39.663,-75.756,-1.800940262,0.002881643,0.000782719,0.000574553,-0.002823784,0.000782719,,,
1786043617096297821,1786043617.095645454,/novatel/oem7/odom,/novatel/oem7/fix,/novatel/oem7/odom,39.663,-75.756,-1.800940262,0.002881643,0.000782719,0.000574553,-0.002823784,0.000782719,,,
1786043617106464120,1786043617.105936963,/novatel/oem7/inspva,/novatel/oem7/inspva,/novatel/oem7/inspva,39.663,-75.756,-1.800948709,0.002297576,-0.000152959,-0.002274221,0.000326761,-0.000152959,,novatel_oem7_msgs.msg.InertialSolutionStatus(status=3),
1786043617107805076,1786043617.106013067,/novatel/oem7/fix,/novatel/oem7/fix,/novatel/oem7/inspva,39.663,-75.756,-1.800948709,0.002297576,-0.000152959,-0.002274221,0.000326761,-0.000152959,,0,
1786043617108826516,1786043617.106523764,/novatel/oem7/odom,/novatel/oem7/fix,/novatel/oem7/odom,39.663,-75.756,-1.800948709,0.002297235,-0.000157996,0.000214025,-0.002287243,-0.000157996,,,
1786043617110258540,1786043617.109669121,/novatel/oem7/bestpos,/novatel/oem7/bestpos,/novatel/oem7/odom,39.663,-75.756,33.181331250,0.002297235,-0.000157996,0.000214025,-0.002287243,-0.000157996,,novatel_oem7_msgs.msg.SolutionStatus(status=0),novatel_oem7_msgs.msg.PositionOrVelocityType(type=53)
1786043617111665201,1786043617.110284890,/novatel/oem7/bestvel,/novatel/oem7/bestpos,/novatel/oem7/bestvel,39.663,-75.756,33.181331250,0.001367411,-0.000562388,,,,176.027218216,novatel_oem7_msgs.msg.SolutionStatus(status=0),novatel_oem7_msgs.msg.PositionOrVelocityType(type=53)
1786043617115270682,1786043617.114648818,/novatel/oem7/odom,/novatel/oem7/bestpos,/novatel/oem7/odom,39.663,-75.756,33.181331250,0.002297235,-0.000157996,0.000214025,-0.002287243,-0.000157996,,,
1786043617127224462,1786043617.126712883,/novatel/oem7/inspva,/novatel/oem7/inspva,/novatel/oem7/inspva,39.663,-75.756,-1.800967410,0.001942514,-0.002627918,-0.001939420,-0.000109601,-0.002627918,,novatel_oem7_msgs.msg.InertialSolutionStatus(status=3),
1786043617128536818,1786043617.126799966,/novatel/oem7/fix,/novatel/oem7/fix,/novatel/oem7/inspva,39.663,-75.756,-1.800967410,0.001942514,-0.002627918,-0.001939420,-0.000109601,-0.002627918,,0,
1786043617129555925,1786043617.127330162,/novatel/oem7/odom,/novatel/oem7/fix,/novatel/oem7/odom,39.663,-75.756,-1.800967410,0.001934752,-0.002633638,-0.000195252,-0.001924875,-0.002633638,,,
1786043617135982788,1786043617.135215870,/novatel/oem7/odom,/novatel/oem7/fix,/novatel/oem7/odom,39.663,-75.756,-1.800967410,0.001934752,-0.002633638,-0.000195252,-0.001924875,-0.002633638,,,
1786043617145851964,1786043617.145287161,/novatel/oem7/inspva,/novatel/oem7/inspva,/novatel/oem7/inspva,39.663,-75.756,-1.800950699,0.002141550,-0.002385441,-0.002096698,-0.000435998,-0.002385441,,novatel_oem7_msgs.msg.InertialSolutionStatus(status=3),
1786043617147165813,1786043617.145470730,/novatel/oem7/fix,/novatel/oem7/fix,/novatel/oem7/inspva,39.663,-75.756,-1.800950699,0.002141550,-0.002385441,-0.002096698,-0.000435998,-0.002385441,,0,
1786043617148198473,1786043617.145828020,/novatel/oem7/odom,/novatel/oem7/fix,/novatel/oem7/odom,39.663,-75.756,-1.800950699,0.002133228,-0.002392886,-0.000530024,-0.002066334,-0.002392886,,,
1786043617156348899,1786043617.155684733,/novatel/oem7/odom,/novatel/oem7/fix,/novatel/oem7/odom,39.663,-75.756,-1.800950699,0.002133228,-0.002392886,-0.000530024,-0.002066334,-0.002392886,,,
1786043617166040321,1786043617.165493382,/novatel/oem7/inspva,/novatel/oem7/inspva,/novatel/oem7/inspva,39.663,-75.756,-1.800932012,0.003974337,-0.000152553,-0.003603110,0.001677186,-0.000152553,,novatel_oem7_msgs.msg.InertialSolutionStatus(status=3),
1786043617167479438,1786043617.165653197,/novatel/oem7/fix,/novatel/oem7/fix,/novatel/oem7/inspva,39.663,-75.756,-1.800932012,0.003974337,-0.000152553,-0.003603110,0.001677186,-0.000152553,,0,
1786043617168756471,1786043617.166270653,/novatel/oem7/odom,/novatel/oem7/fix,/novatel/oem7/odom,39.663,-75.756,-1.800932012,0.003974201,-0.000156060,0.001496770,-0.003681569,-0.000156060,,,
1786043617175395072,1786043617.174734792,/novatel/oem7/odom,/novatel/oem7/fix,/novatel/oem7/odom,39.663,-75.756,-1.800932012,0.003974201,-0.000156060,0.001496770,-0.003681569,-0.000156060,,,
1786043617186632878,1786043617.186068349,/novatel/oem7/inspva,/novatel/oem7/inspva,/novatel/oem7/inspva,39.663,-75.756,-1.800926901,0.002615359,0.000090968,-0.002585166,0.000396253,0.000090968,,novatel_oem7_msgs.msg.InertialSolutionStatus(status=3),
1786043617187942534,1786043617.186240194,/novatel/oem7/fix,/novatel/oem7/fix,/novatel/oem7/inspva,39.663,-75.756,-1.800926901,0.002615359,0.000090968,-0.002585166,0.000396253,0.000090968,,0,
1786043617188963798,1786043617.186603831,/novatel/oem7/odom,/novatel/oem7/fix,/novatel/oem7/odom,39.663,-75.756,-1.800926901,0.002615548,0.000085345,0.000267006,-0.002601884,0.000085345,,,
1786043617195165958,1786043617.194513992,/novatel/oem7/odom,/novatel/oem7/fix,/novatel/oem7/odom,39.663,-75.756,-1.800926901,0.002615548,0.000085345,0.000267006,-0.002601884,0.000085345,,,
1786043617207216496,1786043617.206664063,/novatel/oem7/inspva,/novatel/oem7/inspva,/novatel/oem7/inspva,39.663,-75.756,-1.800942862,0.001579025,-0.001789251,-0.000935939,-0.001271746,-0.001789251,,novatel_oem7_msgs.msg.InertialSolutionStatus(status=3),
1786043617208550029,1786043617.206813022,/novatel/oem7/fix,/novatel/oem7/fix,/novatel/oem7/inspva,39.663,-75.756,-1.800942862,0.001579025,-0.001789251,-0.000935939,-0.001271746,-0.001789251,,0,
1786043617209569059,1786043617.207218061,/novatel/oem7/odom,/novatel/oem7/fix,/novatel/oem7/odom,39.663,-75.756,-1.800942862,0.001570467,-0.001796767,-0.001309450,-0.000867010,-0.001796767,,,
1786043617211027676,1786043617.210257718,/novatel/oem7/bestpos,/novatel/oem7/bestpos,/novatel/oem7/odom,39.663,-75.756,33.181339483,0.001570467,-0.001796767,-0.001309450,-0.000867010,-0.001796767,,novatel_oem7_msgs.msg.SolutionStatus(status=0),novatel_oem7_msgs.msg.PositionOrVelocityType(type=53)
1786043617212392043,1786043617.210607999,/novatel/oem7/bestvel,/novatel/oem7/bestpos,/novatel/oem7/bestvel,39.663,-75.756,33.181339483,0.001700974,-0.001690551,,,,232.303019226,novatel_oem7_msgs.msg.SolutionStatus(status=0),novatel_oem7_msgs.msg.PositionOrVelocityType(type=53)
1786043617216184550,1786043617.215539044,/novatel/oem7/odom,/novatel/oem7/bestpos,/novatel/oem7/odom,39.663,-75.756,33.181339483,0.001570467,-0.001796767,-0.001309450,-0.000867010,-0.001796767,,,
1786043617225613545,1786043617.225055897,/novatel/oem7/inspva,/novatel/oem7/inspva,/novatel/oem7/inspva,39.663,-75.756,-1.800932438,0.001493942,-0.002717422,-0.001357412,-0.000623936,-0.002717422,,novatel_oem7_msgs.msg.InertialSolutionStatus(status=3),
1786043617226919228,1786043617.225185268,/novatel/oem7/fix,/novatel/oem7/fix,/novatel/oem7/inspva,39.663,-75.756,-1.800932438,0.001493942,-0.002717422,-0.001357412,-0.000623936,-0.002717422,,0,
1786043617227925741,1786043617.225579572,/novatel/oem7/odom,/novatel/oem7/fix,/novatel/oem7/odom,39.663,-75.756,-1.800932438,0.001482759,-0.002723540,-0.000679618,-0.001317837,-0.002723540,,,
1786043617236567672,1786043617.235761727,/novatel/oem7/odom,/novatel/oem7/fix,/novatel/oem7/odom,39.663,-75.756,-1.800932438,0.001482759,-0.002723540,-0.000679618,-0.001317837,-0.002723540,,,
1786043617247188632,1786043617.246634147,/novatel/oem7/inspva,/novatel/oem7/inspva,/novatel/oem7/inspva,39.663,-75.756,-1.800916319,0.002725011,-0.000623624,-0.002721071,-0.000146478,-0.000623624,,novatel_oem7_msgs.msg.InertialSolutionStatus(status=3),
1786043617248550342,1786043617.246814909,/novatel/oem7/fix,/novatel/oem7/fix,/novatel/oem7/inspva,39.663,-75.756,-1.800916319,0.002725011,-0.000623624,-0.002721071,-0.000146478,-0.000623624,,0,
1786043617249574599,1786043617.247311490,/novatel/oem7/odom,/novatel/oem7/fix,/novatel/oem7/odom,39.663,-75.756,-1.800916319,0.002723153,-0.000631688,-0.000278914,-0.002708831,-0.000631688,,,
1786043617257092749,1786043617.256434529,/novatel/oem7/odom,/novatel/oem7/fix,/novatel/oem7/odom,39.663,-75.756,-1.800916319,0.002723153,-0.000631688,-0.000278914,-0.002708831,-0.000631688,,,
1786043617265734699,1786043617.265172191,/novatel/oem7/inspva,/novatel/oem7/inspva,/novatel/oem7/inspva,39.663,-75.756,-1.800920769,0.002857457,-0.000681019,-0.002514621,0.001357109,-0.000681019,,novatel_oem7_msgs.msg.InertialSolutionStatus(status=3),
1786043617267032769,1786043617.265339313,/novatel/oem7/fix,/novatel/oem7/fix,/novatel/oem7/inspva,39.663,-75.756,-1.800920769,0.002857457,-0.000681019,-0.002514621,0.001357109,-0.000681019,,0,
1786043617268402046,1786043617.265798910,/novatel/oem7/odom,/novatel/oem7/fix,/novatel/oem7/odom,39.663,-75.756,-1.800920769,0.002857035,-0.000682787,0.001233282,-0.002577143,-0.000682787,,,
1786043617276333957,1786043617.275678117,/novatel/oem7/odom,/novatel/oem7/fix,/novatel/oem7/odom,39.663,-75.756,-1.800920769,0.002857035,-0.000682787,0.001233282,-0.002577143,-0.000682787,,,
1786043617286119692,1786043617.285576130,/novatel/oem7/inspva,/novatel/oem7/inspva,/novatel/oem7/inspva,39.663,-75.756,-1.800924671,0.001213093,-0.000578553,-0.000904606,-0.000808260,-0.000578553,,novatel_oem7_msgs.msg.InertialSolutionStatus(status=3),
1786043617287461551,1786043617.285727598,/novatel/oem7/fix,/novatel/oem7/fix,/novatel/oem7/inspva,39.663,-75.756,-1.800924671,0.001213093,-0.000578553,-0.000904606,-0.000808260,-0.000578553,,0,
1786043617288482045,1786043617.286514399,/novatel/oem7/odom,/novatel/oem7/fix,/novatel/oem7/odom,39.663,-75.756,-1.800924671,0.001210367,-0.000584235,-0.000849839,-0.000861837,-0.000584235,,,
1786043617295363438,1786043617.294693469,/novatel/oem7/odom,/novatel/oem7/fix,/novatel/oem7/odom,39.663,-75.756,-1.800924671,0.001210367,-0.000584235,-0.000849839,-0.000861837,-0.000584235,,,
1786043617306435773,1786043617.305883508,/novatel/oem7/inspva,/novatel/oem7/inspva,/novatel/oem7/inspva,39.663,-75.756,-1.800919384,0.001760109,-0.001919075,-0.000675349,-0.001625389,-0.001919075,,novatel_oem7_msgs.msg.InertialSolutionStatus(status=3),
1786043617307728533,1786043617.306032766,/novatel/oem7/fix,/novatel/oem7/fix,/novatel/oem7/inspva,39.663,-75.756,-1.800919384,0.001760109,-0.001919075,-0.000675349,-0.001625389,-0.001919075,,0,
1786043617308741063,1786043617.306499811,/novatel/oem7/odom,/novatel/oem7/fix,/novatel/oem7/odom,39.663,-75.756,-1.800919384,0.001751178,-0.001927228,-0.001649196,-0.000588877,-0.001927228,,,
1786043617310586404,1786043617.309909290,/novatel/oem7/bestpos,/novatel/oem7/bestpos,/novatel/oem7/odom,39.663,-75.756,33.181370636,0.001751178,-0.001927228,-0.001649196,-0.000588877,-0.001927228,,novatel_oem7_msgs.msg.SolutionStatus(status=0),novatel_oem7_msgs.msg.PositionOrVelocityType(type=53)
1786043617311939707,1786043617.310432286,/novatel/oem7/bestvel,/novatel/oem7/bestpos,/novatel/oem7/bestvel,39.663,-75.756,33.181370636,0.002084015,-0.001530472,,,,222.198022945,novatel_oem7_msgs.msg.SolutionStatus(status=0),novatel_oem7_msgs.msg.PositionOrVelocityType(type=53)
1786043617315603990,1786043617.314916189,/novatel/oem7/odom,/novatel/oem7/bestpos,/novatel/oem7/odom,39.663,-75.756,33.181370636,0.001751178,-0.001927228,-0.001649196,-0.000588877,-0.001927228,,,
1786043617325997981,1786043617.325452732,/novatel/oem7/inspva,/novatel/oem7/inspva,/novatel/oem7/inspva,39.663,-75.756,-1.800911740,0.002569303,-0.001372494,-0.002552408,-0.000294161,-0.001372494,,novatel_oem7_msgs.msg.InertialSolutionStatus(status=3),
1786043617327298494,1786043617.325603627,/novatel/oem7/fix,/novatel/oem7/fix,/novatel/oem7/inspva,39.663,-75.756,-1.800911740,0.002569303,-0.001372494,-0.002552408,-0.000294161,-0.001372494,,0,
1786043617328313500,1786043617.326270474,/novatel/oem7/odom,/novatel/oem7/fix,/novatel/oem7/odom,39.663,-75.756,-1.800911740,0.002564909,-0.001380689,-0.000415049,-0.002531105,-0.001380689,,,
1786043617336338332,1786043617.335667409,/novatel/oem7/odom,/novatel/oem7/fix,/novatel/oem7/odom,39.663,-75.756,-1.800911740,0.002564909,-0.001380689,-0.000415049,-0.002531105,-0.001380689,,,
1786043617345895415,1786043617.345292487,/novatel/oem7/inspva,/novatel/oem7/inspva,/novatel/oem7/inspva,39.663,-75.756,-1.800896391,0.002607234,-0.000440623,-0.002604849,-0.000111500,-0.000440623,,novatel_oem7_msgs.msg.InertialSolutionStatus(status=3),
1786043617347220064,1786043617.345482977,/novatel/oem7/fix,/novatel/oem7/fix,/novatel/oem7/inspva,39.663,-75.756,-1.800896391,0.002607234,-0.000440623,-0.002604849,-0.000111500,-0.000440623,,0,
1786043617348260375,1786043617.345950126,/novatel/oem7/odom,/novatel/oem7/fix,/novatel/oem7/odom,39.663,-75.756,-1.800896391,0.002605917,-0.000448343,-0.000238902,-0.002594943,-0.000448343,,,
1786043617356344423,1786043617.355684431,/novatel/oem7/odom,/novatel/oem7/fix,/novatel/oem7/odom,39.663,-75.756,-1.800896391,0.002605917,-0.000448343,-0.000238902,-0.002594943,-0.000448343,,,
1786043617367466129,1786043617.366769985,/novatel/oem7/inspva,/novatel/oem7/inspva,/novatel/oem7/inspva,39.663,-75.756,-1.800898663,0.001241541,-0.000632818,-0.001174151,-0.000403477,-0.000632818,,novatel_oem7_msgs.msg.InertialSolutionStatus(status=3),
1786043617369070858,1786043617.366911443,/novatel/oem7/fix,/novatel/oem7/fix,/novatel/oem7/inspva,39.663,-75.756,-1.800898663,0.001241541,-0.000632818,-0.001174151,-0.000403477,-0.000632818,,0,
1786043617370091801,1786043617.368602340,/novatel/oem7/odom,/novatel/oem7/fix,/novatel/oem7/odom,39.663,-75.756,-1.800898663,0.001239056,-0.000637671,-0.000458709,-0.001151019,-0.000637671,,,
1786043617376125186,1786043617.375462264,/novatel/oem7/odom,/novatel/oem7/fix,/novatel/oem7/odom,39.663,-75.756,-1.800898663,0.001239056,-0.000637671,-0.000458709,-0.001151019,-0.000637671,,,
1786043617385546625,1786043617.384978670,/novatel/oem7/inspva,/novatel/oem7/inspva,/novatel/oem7/inspva,39.663,-75.756,-1.800891563,0.002235529,-0.000700534,-0.000523596,-0.002173347,-0.000700534,,novatel_oem7_msgs.msg.InertialSolutionStatus(status=3),
1786043617386883451,1786043617.385120644,/novatel/oem7/fix,/novatel/oem7/fix,/novatel/oem7/inspva,39.663,-75.756,-1.800891563,0.002235529,-0.000700534,-0.000523596,-0.002173347,-0.000700534,,0,
1786043617387913838,1786043617.385564108,/novatel/oem7/odom,/novatel/oem7/fix,/novatel/oem7/odom,39.663,-75.756,-1.800891563,0.002232380,-0.000710505,-0.002193804,-0.000413213,-0.000710505,,,
1786043617396052871,1786043617.395389334,/novatel/oem7/odom,/novatel/oem7/fix,/novatel/oem7/odom,39.663,-75.756,-1.800891563,0.002232380,-0.000710505,-0.002193804,-0.000413213,-0.000710505,,,
1786043617407334908,1786043617.406831040,/novatel/oem7/inspva,/novatel/oem7/inspva,/novatel/oem7/inspva,39.663,-75.756,-1.800903153,0.002730702,-0.002620480,-0.002558239,-0.000955064,-0.002620480,,novatel_oem7_msgs.msg.InertialSolutionStatus(status=3),
1786043617408701621,1786043617.406901383,/novatel/oem7/fix,/novatel/oem7/fix,/novatel/oem7/inspva,39.663,-75.756,-1.800903153,0.002730702,-0.002620480,-0.002558239,-0.000955064,-0.002620480,,0,
1786043617409725758,1786043617.407389198,/novatel/oem7/odom,/novatel/oem7/fix,/novatel/oem7/odom,39.663,-75.756,-1.800903153,0.002720292,-0.002631284,-0.001070399,-0.002500847,-0.002631284,,,
1786043617411187085,1786043617.410253349,/novatel/oem7/bestpos,/novatel/oem7/bestpos,/novatel/oem7/odom,39.663,-75.756,33.181380065,0.002720292,-0.002631284,-0.001070399,-0.002500847,-0.002631284,,novatel_oem7_msgs.msg.SolutionStatus(status=0),novatel_oem7_msgs.msg.PositionOrVelocityType(type=53)
1786043617412097334,1786043617.410631253,/novatel/oem7/bestvel,/novatel/oem7/bestpos,/novatel/oem7/bestvel,39.663,-75.756,33.181380065,0.003432183,-0.001934677,,,,222.279191160,novatel_oem7_msgs.msg.SolutionStatus(status=0),novatel_oem7_msgs.msg.PositionOrVelocityType(type=53)
1786043617415555015,1786043617.414896628,/novatel/oem7/odom,/novatel/oem7/bestpos,/novatel/oem7/odom,39.663,-75.756,33.181380065,0.002720292,-0.002631284,-0.001070399,-0.002500847,-0.002631284,,,
1786043617426454024,1786043617.425907232,/novatel/oem7/inspva,/novatel/oem7/inspva,/novatel/oem7/inspva,39.663,-75.756,-1.800884748,0.002890120,-0.001296666,-0.002776460,-0.000802535,-0.001296666,,novatel_oem7_msgs.msg.InertialSolutionStatus(status=3),
1786043617427754134,1786043617.426043587,/novatel/oem7/fix,/novatel/oem7/fix,/novatel/oem7/inspva,39.663,-75.756,-1.800884748,0.002890120,-0.001296666,-0.002776460,-0.000802535,-0.001296666,,0,
1786043617428766480,1786043617.426499631,/novatel/oem7/odom,/novatel/oem7/fix,/novatel/oem7/odom,39.663,-75.756,-1.800884748,0.002885221,-0.001307528,-0.000934177,-0.002729801,-0.001307528,,,
1786043617435301317,1786043617.434616914,/novatel/oem7/odom,/novatel/oem7/fix,/novatel/oem7/odom,39.663,-75.756,-1.800884748,0.002885221,-0.001307528,-0.000934177,-0.002729801,-0.001307528,,,
1786043617445820353,1786043617.445321665,/novatel/oem7/inspva,/novatel/oem7/inspva,/novatel/oem7/inspva,39.663,-75.756,-1.800876722,0.001774862,0.000223892,-0.001541237,-0.000880183,0.000223892,,novatel_oem7_msgs.msg.InertialSolutionStatus(status=3),
1786043617447135476,1786043617.445389872,/novatel/oem7/fix,/novatel/oem7/fix,/novatel/oem7/inspva,39.663,-75.756,-1.800876722,0.001774862,0.000223892,-0.001541237,-0.000880183,0.000223892,,0,
1786043617448161459,1786043617.446028755,/novatel/oem7/odom,/novatel/oem7/fix,/novatel/oem7/odom,39.663,-75.756,-1.800876722,0.001775824,0.000216128,-0.000956532,-0.001496194,0.000216128,,,
1786043617456991142,1786043617.456336812,/novatel/oem7/odom,/novatel/oem7/fix,/novatel/oem7/odom,39.663,-75.756,-1.800876722,0.001775824,0.000216128,-0.000956532,-0.001496194,0.000216128,,,
1786043617465686564,1786043617.465142695,/novatel/oem7/inspva,/novatel/oem7/inspva,/novatel/oem7/inspva,39.663,-75.756,-1.800878247,0.001895216,-0.000586503,-0.001554673,-0.001083898,-0.000586503,,novatel_oem7_msgs.msg.InertialSolutionStatus(status=3),
1786043617466995543,1786043617.465278226,/novatel/oem7/fix,/novatel/oem7/fix,/novatel/oem7/inspva,39.663,-75.756,-1.800878247,0.001895216,-0.000586503,-0.001554673,-0.001083898,-0.000586503,,0,
1786043617468012209,1786043617.465712324,/novatel/oem7/odom,/novatel/oem7/fix,/novatel/oem7/odom,39.663,-75.756,-1.800878247,0.001892542,-0.000595076,-0.001157376,-0.001497396,-0.000595076,,,
1786043617475226280,1786043617.474582470,/novatel/oem7/odom,/novatel/oem7/fix,/novatel/oem7/odom,39.663,-75.756,-1.800878247,0.001892542,-0.000595076,-0.001157376,-0.001497396,-0.000595076,,,
1786043617485998402,1786043617.485348777,/novatel/oem7/inspva,/novatel/oem7/inspva,/novatel/oem7/inspva,39.663,-75.756,-1.800890178,0.002168506,-0.002391133,-0.001620330,-0.001441163,-0.002391133,,novatel_oem7_msgs.msg.InertialSolutionStatus(status=3),
1786043617487560450,1786043617.485417986,/novatel/oem7/fix,/novatel/oem7/fix,/novatel/oem7/inspva,39.663,-75.756,-1.800890178,0.002168506,-0.002391133,-0.001620330,-0.001441163,-0.002391133,,0,
1786043617488582720,1786043617.486841106,/novatel/oem7/odom,/novatel/oem7/fix,/novatel/oem7/odom,39.663,-75.756,-1.800890178,0.002157317,-0.002401233,-0.001510189,-0.001540568,-0.002401233,,,
1786043617496413967,1786043617.495767160,/novatel/oem7/odom,/novatel/oem7/fix,/novatel/oem7/odom,39.663,-75.756,-1.800890178,0.002157317,-0.002401233,-0.001510189,-0.001540568,-0.002401233,,,
1786043617506639873,1786043617.506091098,/novatel/oem7/inspva,/novatel/oem7/inspva,/novatel/oem7/inspva,39.663,-75.756,-1.800871346,0.002446718,-0.001682024,-0.002179559,-0.001111733,-0.001682024,,novatel_oem7_msgs.msg.InertialSolutionStatus(status=3),
1786043617507965542,1786043617.506264706,/novatel/oem7/fix,/novatel/oem7/fix,/novatel/oem7/inspva,39.663,-75.756,-1.800871346,0.002446718,-0.001682024,-0.002179559,-0.001111733,-0.001682024,,0,
1786043617508990712,1786043617.506615529,/novatel/oem7/odom,/novatel/oem7/fix,/novatel/oem7/odom,39.663,-75.756,-1.800871346,0.002439553,-0.001692399,-0.001211815,-0.002117291,-0.001692399,,,
1786043617512637808,1786043617.512002179,/novatel/oem7/bestpos,/novatel/oem7/bestpos,/novatel/oem7/odom,39.663,-75.756,33.181412156,0.002439553,-0.001692399,-0.001211815,-0.002117291,-0.001692399,,novatel_oem7_msgs.msg.SolutionStatus(status=0),novatel_oem7_msgs.msg.PositionOrVelocityType(type=53)
1786043617514183723,1786043617.512402622,/novatel/oem7/bestvel,/novatel/oem7/bestpos,/novatel/oem7/bestvel,39.663,-75.756,33.181412156,0.003694049,-0.000656111,,,,224.061374483,novatel_oem7_msgs.msg.SolutionStatus(status=0),novatel_oem7_msgs.msg.PositionOrVelocityType(type=53)
1786043617515737158,1786043617.514505763,/novatel/oem7/odom,/novatel/oem7/bestpos,/novatel/oem7/odom,39.663,-75.756,33.181412156,0.002439553,-0.001692399,-0.001211815,-0.002117291,-0.001692399,,,
1786043617526092463,1786043617.525560308,/novatel/oem7/inspva,/novatel/oem7/inspva,/novatel/oem7/inspva,39.663,-75.756,-1.800848611,0.002217940,0.001062290,-0.002089692,-0.000743266,0.001062290,,novatel_oem7_msgs.msg.InertialSolutionStatus(status=3),
1786043617527395976,1786043617.525700212,/novatel/oem7/fix,/novatel/oem7/fix,/novatel/oem7/inspva,39.663,-75.756,-1.800848611,0.002217940,0.001062290,-0.002089692,-0.000743266,0.001062290,,0,
1786043617528410295,1786043617.526519587,/novatel/oem7/odom,/novatel/oem7/fix,/novatel/oem7/odom,39.663,-75.756,-1.800848611,0.002222123,0.001053513,-0.000850430,-0.002052948,0.001053513,,,
1786043617535297893,1786043617.534639906,/novatel/oem7/odom,/novatel/oem7/fix,/novatel/oem7/odom,39.663,-75.756,-1.800848611,0.002222123,0.001053513,-0.000850430,-0.002052948,0.001053513,,,
1786043617545740811,1786043617.545191239,/novatel/oem7/inspva,/novatel/oem7/inspva,/novatel/oem7/inspva,39.663,-75.756,-1.800849084,0.001878917,-0.000125797,-0.001583189,-0.001011850,-0.000125797,,novatel_oem7_msgs.msg.InertialSolutionStatus(status=3),
1786043617547073774,1786043617.545336444,/novatel/oem7/fix,/novatel/oem7/fix,/novatel/oem7/inspva,39.663,-75.756,-1.800849084,0.001878917,-0.000125797,-0.001583189,-0.001011850,-0.000125797,,0,
1786043617548106114,1786043617.545866566,/novatel/oem7/odom,/novatel/oem7/fix,/novatel/oem7/odom,39.663,-75.756,-1.800849084,0.001878336,-0.000134183,-0.001088680,-0.001530661,-0.000134183,,,
1786043617556729012,1786043617.556022318,/novatel/oem7/odom,/novatel/oem7/fix,/novatel/oem7/odom,39.663,-75.756,-1.800849084,0.001878336,-0.000134183,-0.001088680,-0.001530661,-0.000134183,,,
1786043617565716106,1786043617.565155114,/novatel/oem7/inspva,/novatel/oem7/inspva,/novatel/oem7/inspva,39.663,-75.756,-1.800862351,0.002246703,-0.002346315,-0.000971865,-0.002025624,-0.002346315,,novatel_oem7_msgs.msg.InertialSolutionStatus(status=3),
1786043617567066159,1786043617.565300875,/novatel/oem7/fix,/novatel/oem7/fix,/novatel/oem7/inspva,39.663,-75.756,-1.800862351,0.002246703,-0.002346315,-0.000971865,-0.002025624,-0.002346315,,0,
1786043617568127819,1786043617.565827050,/novatel/oem7/odom,/novatel/oem7/fix,/novatel/oem7/odom,39.663,-75.756,-1.800862351,0.002235653,-0.002356847,-0.002061935,-0.000864040,-0.002356847,,,
1786043617575586996,1786043617.574901639,/novatel/oem7/odom,/novatel/oem7/fix,/novatel/oem7/odom,39.663,-75.756,-1.800862351,0.002235653,-0.002356847,-0.002061935,-0.000864040,-0.002356847,,,
1786043617586631920,1786043617.586060661,/novatel/oem7/inspva,/novatel/oem7/inspva,/novatel/oem7/inspva,39.663,-75.756,-1.800845649,0.002229660,-0.001783975,-0.001626042,-0.001525571,-0.001783975,,novatel_oem7_msgs.msg.InertialSolutionStatus(status=3),
1786043617587972423,1786043617.586209365,/novatel/oem7/fix,/novatel/oem7/fix,/novatel/oem7/inspva,39.663,-75.756,-1.800845649,0.002229660,-0.001783975,-0.001626042,-0.001525571,-0.001783975,,0,
1786043617589085124,1786043617.586716640,/novatel/oem7/odom,/novatel/oem7/fix,/novatel/oem7/odom,39.663,-75.756,-1.800845649,0.002221251,-0.001794434,-0.001597222,-0.001543645,-0.001794434,,,
1786043617595099499,1786043617.594432659,/novatel/oem7/odom,/novatel/oem7/fix,/novatel/oem7/odom,39.663,-75.756,-1.800845649,0.002221251,-0.001794434,-0.001597222,-0.001543645,-0.001794434,,,
1786043617606942095,1786043617.606374122,/novatel/oem7/inspva,/novatel/oem7/inspva,/novatel/oem7/inspva,39.663,-75.756,-1.800825177,0.002552059,0.000387499,-0.002401113,-0.000864674,0.000387499,,novatel_oem7_msgs.msg.InertialSolutionStatus(status=3),
1786043617608304908,1786043617.606557804,/novatel/oem7/fix,/novatel/oem7/fix,/novatel/oem7/inspva,39.663,-75.756,-1.800825177,0.002552059,0.000387499,-0.002401113,-0.000864674,0.000387499,,0,
1786043617609365698,1786043617.607337365,/novatel/oem7/odom,/novatel/oem7/fix,/novatel/oem7/odom,39.663,-75.756,-1.800825177,0.002553581,0.000377338,-0.000984351,-0.002356232,0.000377338,,,
1786043617611326517,1786043617.610318957,/novatel/oem7/bestpos,/novatel/oem7/bestpos,/novatel/oem7/odom,39.663,-75.756,33.181429277,0.002553581,0.000377338,-0.000984351,-0.002356232,0.000377338,,novatel_oem7_msgs.msg.SolutionStatus(status=0),novatel_oem7_msgs.msg.PositionOrVelocityType(type=53)
1786043617612256640,1786043617.610640507,/novatel/oem7/bestvel,/novatel/oem7/bestpos,/novatel/oem7/bestvel,39.663,-75.756,33.181429277,0.001956799,-0.000338395,,,,178.724398723,novatel_oem7_msgs.msg.SolutionStatus(status=0),novatel_oem7_msgs.msg.PositionOrVelocityType(type=53)
1786043617616082164,1786043617.615416954,/novatel/oem7/odom,/novatel/oem7/bestpos,/novatel/oem7/odom,39.663,-75.756,33.181429277,0.002553581,0.000377338,-0.000984351,-0.002356232,0.000377338,,,
1786043617625682077,1786043617.625082448,/novatel/oem7/inspva,/novatel/oem7/inspva,/novatel/oem7/inspva,39.663,-75.756,-1.800823058,0.001962740,0.000556971,-0.001632145,-0.001090161,0.000556971,,novatel_oem7_msgs.msg.InertialSolutionStatus(status=3),
1786043617627041271,1786043617.625269170,/novatel/oem7/fix,/novatel/oem7/fix,/novatel/oem7/inspva,39.663,-75.756,-1.800823058,0.001962740,0.000556971,-0.001632145,-0.001090161,0.000556971,,0,
1786043617628084888,1786043617.625660190,/novatel/oem7/odom,/novatel/oem7/fix,/novatel/oem7/odom,39.663,-75.756,-1.800823058,0.001965231,0.000548116,-0.001172076,-0.001577457,0.000548116,,,
1786043617635129063,1786043617.634462396,/novatel/oem7/odom,/novatel/oem7/fix,/novatel/oem7/odom,39.663,-75.756,-1.800823058,0.001965231,0.000548116,-0.001172076,-0.001577457,0.000548116,,,
1786043617645948435,1786043617.645389243,/novatel/oem7/inspva,/novatel/oem7/inspva,/novatel/oem7/inspva,39.663,-75.756,-1.800843752,0.002418934,-0.002336674,-0.000888181,-0.002249973,-0.002336674,,novatel_oem7_msgs.msg.InertialSolutionStatus(status=3),
1786043617647310142,1786043617.645568141,/novatel/oem7/fix,/novatel/oem7/fix,/novatel/oem7/inspva,39.663,-75.756,-1.800843752,0.002418934,-0.002336674,-0.000888181,-0.002249973,-0.002336674,,0,
1786043617648344445,1786043617.646240928,/novatel/oem7/odom,/novatel/oem7/fix,/novatel/oem7/odom,39.663,-75.756,-1.800843752,0.002408016,-0.002347925,-0.002281821,-0.000769307,-0.002347925,,,
1786043617657091731,1786043617.656411707,/novatel/oem7/odom,/novatel/oem7/fix,/novatel/oem7/odom,39.663,-75.756,-1.800843752,0.002408016,-0.002347925,-0.002281821,-0.000769307,-0.002347925,,,
1786043617665609157,1786043617.665034831,/novatel/oem7/inspva,/novatel/oem7/inspva,/novatel/oem7/inspva,39.663,-75.756,-1.800833971,0.002479462,-0.002156913,-0.001184800,-0.002178068,-0.002156913,,novatel_oem7_msgs.msg.InertialSolutionStatus(status=3),
1786043617666942847,1786043617.665208613,/novatel/oem7/fix,/novatel/oem7/fix,/novatel/oem7/inspva,39.663,-75.756,-1.800833971,0.002479462,-0.002156913,-0.001184800,-0.002178068,-0.002156913,,0,
1786043617667980773,1786043617.665563763,/novatel/oem7/odom,/novatel/oem7/fix,/novatel/oem7/odom,39.663,-75.756,-1.800833971,0.002469172,-0.002168684,-0.002225496,-0.001069568,-0.002168684,,,
1786043617675376405,1786043617.674722439,/novatel/oem7/odom,/novatel/oem7/fix,/novatel/oem7/odom,39.663,-75.756,-1.800833971,0.002469172,-0.002168684,-0.002225496,-0.001069568,-0.002168684,,,
1786043617685771750,1786043617.685188798,/novatel/oem7/inspva,/novatel/oem7/inspva,/novatel/oem7/inspva,39.663,-75.756,-1.800827470,0.002653967,-0.000637125,-0.002575120,-0.000642103,-0.000637125,,novatel_oem7_msgs.msg.InertialSolutionStatus(status=3),
1786043617687577658,1786043617.685346906,/novatel/oem7/fix,/novatel/oem7/fix,/novatel/oem7/inspva,39.663,-75.756,-1.800827470,0.002653967,-0.000637125,-0.002575120,-0.000642103,-0.000637125,,0,
1786043617688604191,1786043617.685853394,/novatel/oem7/odom,/novatel/oem7/fix,/novatel/oem7/odom,39.663,-75.756,-1.800827470,0.002651597,-0.000646918,-0.000766544,-0.002538381,-0.000646918,,,
1786043617695668437,1786043617.695005937,/novatel/oem7/odom,/novatel/oem7/fix,/novatel/oem7/odom,39.663,-75.756,-1.800827470,0.002651597,-0.000646918,-0.000766544,-0.002538381,-0.000646918,,,
1786043617706503706,1786043617.705952910,/novatel/oem7/inspva,/novatel/oem7/inspva,/novatel/oem7/inspva,39.663,-75.756,-1.800823945,0.002256193,0.000159671,-0.001847241,-0.001295417,0.000159671,,novatel_oem7_msgs.msg.InertialSolutionStatus(status=3),
1786043617707811488,1786043617.706111139,/novatel/oem7/fix,/novatel/oem7/fix,/novatel/oem7/inspva,39.663,-75.756,-1.800823945,0.002256193,0.000159671,-0.001847241,-0.001295417,0.000159671,,0,
1786043617708825908,1786043617.706573330,/novatel/oem7/odom,/novatel/oem7/fix,/novatel/oem7/odom,39.663,-75.756,-1.800823945,0.002256899,0.000149364,-0.001386147,-0.001781064,0.000149364,,,
1786043617710250635,1786043617.709487708,/novatel/oem7/bestpos,/novatel/oem7/bestpos,/novatel/oem7/odom,39.663,-75.756,33.181431934,0.002256899,0.000149364,-0.001386147,-0.001781064,0.000149364,,novatel_oem7_msgs.msg.SolutionStatus(status=0),novatel_oem7_msgs.msg.PositionOrVelocityType(type=53)
1786043617711648353,1786043617.710222922,/novatel/oem7/bestvel,/novatel/oem7/bestpos,/novatel/oem7/bestvel,39.663,-75.756,33.181431934,0.001805339,-0.000207791,,,,233.146151152,novatel_oem7_msgs.msg.SolutionStatus(status=0),novatel_oem7_msgs.msg.PositionOrVelocityType(type=53)
1786043617715028192,1786043617.714386696,/novatel/oem7/odom,/novatel/oem7/bestpos,/novatel/oem7/odom,39.663,-75.756,33.181431934,0.002256899,0.000149364,-0.001386147,-0.001781064,0.000149364,,,
1786043617725797714,1786043617.725238025,/novatel/oem7/inspva,/novatel/oem7/inspva,/novatel/oem7/inspva,39.663,-75.756,-1.800848528,0.003063881,-0.001992338,-0.000122338,-0.003061438,-0.001992338,,novatel_oem7_msgs.msg.InertialSolutionStatus(status=3),
1786043617727112720,1786043617.725394560,/novatel/oem7/fix,/novatel/oem7/fix,/novatel/oem7/inspva,39.663,-75.756,-1.800848528,0.003063881,-0.001992338,-0.000122338,-0.003061438,-0.001992338,,0,
1786043617728133404,1786043617.725876972,/novatel/oem7/odom,/novatel/oem7/fix,/novatel/oem7/odom,39.663,-75.756,-1.800848528,0.003055842,-0.002004647,-0.003055642,0.000034969,-0.002004647,,,
1786043617736108654,1786043617.735474938,/novatel/oem7/odom,/novatel/oem7/fix,/novatel/oem7/odom,39.663,-75.756,-1.800848528,0.003055842,-0.002004647,-0.003055642,0.000034969,-0.002004647,,,
1786043617745519249,1786043617.744983184,/novatel/oem7/inspva,/novatel/oem7/inspva,/novatel/oem7/inspva,39.663,-75.756,-1.800848166,0.002796513,-0.002699854,-0.000485417,-0.002754061,-0.002699854,,novatel_oem7_msgs.msg.InertialSolutionStatus(status=3),
1786043617746827906,1786043617.745121095,/novatel/oem7/fix,/novatel/oem7/fix,/novatel/oem7/inspva,39.663,-75.756,-1.800848166,0.002796513,-0.002699854,-0.000485417,-0.002754061,-0.002699854,,0,
1786043617747990837,1786043617.745617484,/novatel/oem7/odom,/novatel/oem7/fix,/novatel/oem7/odom,39.663,-75.756,-1.800848166,0.002784826,-0.002711907,-0.002763863,-0.000341054,-0.002711907,,,
1786043617756356462,1786043617.755728556,/novatel/oem7/odom,/novatel/oem7/fix,/novatel/oem7/odom,39.663,-75.756,-1.800848166,0.002784826,-0.002711907,-0.002763863,-0.000341054,-0.002711907,,,
1786043617767215251,1786043617.766693790,/novatel/oem7/inspva,/novatel/oem7/inspva,/novatel/oem7/inspva,39.663,-75.756,-1.800838028,0.002437730,-0.000265876,-0.001981395,-0.001420071,-0.000265876,,novatel_oem7_msgs.msg.InertialSolutionStatus(status=3),
1786043617768542521,1786043617.766833544,/novatel/oem7/fix,/novatel/oem7/fix,/novatel/oem7/inspva,39.663,-75.756,-1.800838028,0.002437730,-0.000265876,-0.001981395,-0.001420071,-0.000265876,,0,
1786043617769564154,1786043617.767285562,/novatel/oem7/odom,/novatel/oem7/fix,/novatel/oem7/odom,39.663,-75.756,-1.800838028,0.002436489,-0.000277015,-0.001515572,-0.001907753,-0.000277015,,,
1786043617775722468,1786043617.775072495,/novatel/oem7/odom,/novatel/oem7/fix,/novatel/oem7/odom,39.663,-75.756,-1.800838028,0.002436489,-0.000277015,-0.001515572,-0.001907753,-0.000277015,,,
1786043617785797249,1786043617.785250261,/novatel/oem7/inspva,/novatel/oem7/inspva,/novatel/oem7/inspva,39.663,-75.756,-1.800840205,0.001821950,-0.000268204,-0.001715890,-0.000612555,-0.000268204,,novatel_oem7_msgs.msg.InertialSolutionStatus(status=3),
1786043617787106179,1786043617.785408328,/novatel/oem7/fix,/novatel/oem7/fix,/novatel/oem7/inspva,39.663,-75.756,-1.800840205,0.001821950,-0.000268204,-0.001715890,-0.000612555,-0.000268204,,0,
1786043617788133005,1786043617.785887813,/novatel/oem7/odom,/novatel/oem7/fix,/novatel/oem7/odom,39.663,-75.756,-1.800840205,0.001820866,-0.000275464,-0.000695881,-0.001682648,-0.000275464,,,
1786043617795574824,1786043617.794925541,/novatel/oem7/odom,/novatel/oem7/fix,/novatel/oem7/odom,39.663,-75.756,-1.800840205,0.001820866,-0.000275464,-0.000695881,-0.001682648,-0.000275464,,,
1786043617806798294,1786043617.806261169,/novatel/oem7/inspva,/novatel/oem7/inspva,/novatel/oem7/inspva,39.663,-75.756,-1.800847992,0.003302569,-0.000734039,0.000296653,-0.003289219,-0.000734039,,novatel_oem7_msgs.msg.InertialSolutionStatus(status=3),
1786043617808101270,1786043617.806412937,/novatel/oem7/fix,/novatel/oem7/fix,/novatel/oem7/inspva,39.663,-75.756,-1.800847992,0.003302569,-0.000734039,0.000296653,-0.003289219,-0.000734039,,0,
1786043617809117097,1786043617.806977596,/novatel/oem7/odom,/novatel/oem7/fix,/novatel/oem7/odom,39.663,-75.756,-1.800847992,0.003299863,-0.000746111,-0.003267427,0.000461533,-0.000746111,,,
1786043617811027312,1786043617.810399032,/novatel/oem7/bestpos,/novatel/oem7/bestpos,/novatel/oem7/odom,39.663,-75.756,33.181408666,0.003299863,-0.000746111,-0.003267427,0.000461533,-0.000746111,,novatel_oem7_msgs.msg.SolutionStatus(status=0),novatel_oem7_msgs.msg.PositionOrVelocityType(type=53)
1786043617812562637,1786043617.810790480,/novatel/oem7/bestvel,/novatel/oem7/bestpos,/novatel/oem7/bestvel,39.663,-75.756,33.181408666,0.002302829,-0.001245255,,,,277.157441314,novatel_oem7_msgs.msg.SolutionStatus(status=0),novatel_oem7_msgs.msg.PositionOrVelocityType(type=53)
1786043617815869369,1786043617.815221069,/novatel/oem7/odom,/novatel/oem7/bestpos,/novatel/oem7/odom,39.663,-75.756,33.181408666,0.003299863,-0.000746111,-0.003267427,0.000461533,-0.000746111,,,
1786043617826695365,1786043617.826160120,/novatel/oem7/inspva,/novatel/oem7/inspva,/novatel/oem7/inspva,39.663,-75.756,-1.800851410,0.002908223,-0.002041028,-0.000034189,-0.002908022,-0.002041028,,novatel_oem7_msgs.msg.InertialSolutionStatus(status=3),
1786043617828041808,1786043617.826299011,/novatel/oem7/fix,/novatel/oem7/fix,/novatel/oem7/inspva,39.663,-75.756,-1.800851410,0.002908223,-0.002041028,-0.000034189,-0.002908022,-0.002041028,,0,
1786043617829051401,1786043617.826818416,/novatel/oem7/odom,/novatel/oem7/fix,/novatel/oem7/odom,39.663,-75.756,-1.800851410,0.002900194,-0.002052422,-0.002897891,0.000115562,-0.002052422,,,
1786043617835325815,1786043617.834680343,/novatel/oem7/odom,/novatel/oem7/fix,/novatel/oem7/odom,39.663,-75.756,-1.800851410,0.002900194,-0.002052422,-0.002897891,0.000115562,-0.002052422,,,
1786043617846076667,1786043617.845405387,/novatel/oem7/inspva,/novatel/oem7/inspva,/novatel/oem7/inspva,39.663,-75.756,-1.800843981,0.002266550,-0.000785718,-0.001833668,-0.001332259,-0.000785718,,novatel_oem7_msgs.msg.InertialSolutionStatus(status=3),
1786043617847494574,1786043617.845642686,/novatel/oem7/fix,/novatel/oem7/fix,/novatel/oem7/inspva,39.663,-75.756,-1.800843981,0.002266550,-0.000785718,-0.001833668,-0.001332259,-0.000785718,,0,
1786043617848522374,1786043617.846302159,/novatel/oem7/odom,/novatel/oem7/fix,/novatel/oem7/odom,39.663,-75.756,-1.800843981,0.002262914,-0.000796130,-0.001418435,-0.001763185,-0.000796130,,,
1786043617857115315,1786043617.856403108,/novatel/oem7/odom,/novatel/oem7/fix,/novatel/oem7/odom,39.663,-75.756,-1.800843981,0.002262914,-0.000796130,-0.001418435,-0.001763185,-0.000796130,,,
1786043617865742039,1786043617.865087179,/novatel/oem7/inspva,/novatel/oem7/inspva,/novatel/oem7/inspva,39.663,-75.756,-1.800843341,0.001826865,-0.000591798,-0.001502389,-0.001039356,-0.000591798,,novatel_oem7_msgs.msg.InertialSolutionStatus(status=3),
1786043617867084089,1786043617.865227847,/novatel/oem7/fix,/novatel/oem7/fix,/novatel/oem7/inspva,39.663,-75.756,-1.800843341,0.001826865,-0.000591798,-0.001502389,-0.001039356,-0.000591798,,0,
1786043617868111462,1786043617.865722742,/novatel/oem7/odom,/novatel/oem7/fix,/novatel/oem7/odom,39.663,-75.756,-1.800843341,0.001824139,-0.000600146,-0.001110218,-0.001447377,-0.000600146,,,
1786043617875225165,1786043617.874535965,/novatel/oem7/odom,/novatel/oem7/fix,/novatel/oem7/odom,39.663,-75.756,-1.800843341,0.001824139,-0.000600146,-0.001110218,-0.001447377,-0.000600146,,,
1786043617887262229,1786043617.886632083,/novatel/oem7/inspva,/novatel/oem7/inspva,/novatel/oem7/inspva,39.663,-75.756,-1.800849656,0.002125293,-0.000420198,0.000363917,-0.002093904,-0.000420198,,novatel_oem7_msgs.msg.InertialSolutionStatus(status=3),
1786043617888679046,1786043617.886778311,/novatel/oem7/fix,/novatel/oem7/fix,/novatel/oem7/inspva,39.663,-75.756,-1.800849656,0.002125293,-0.000420198,0.000363917,-0.002093904,-0.000420198,,0,
1786043617889700186,1786043617.887602839,/novatel/oem7/odom,/novatel/oem7/fix,/novatel/oem7/odom,39.663,-75.756,-1.800849656,0.002123871,-0.000427328,-0.002071553,0.000468506,-0.000427328,,,
1786043617895626270,1786043617.894907576,/novatel/oem7/odom,/novatel/oem7/fix,/novatel/oem7/odom,39.663,-75.756,-1.800849656,0.002123871,-0.000427328,-0.002071553,0.000468506,-0.000427328,,,
1786043617906369448,1786043617.905748042,/novatel/oem7/inspva,/novatel/oem7/inspva,/novatel/oem7/inspva,39.663,-75.756,-1.800856716,0.002658284,-0.001150779,0.000364051,-0.002633238,-0.001150779,,novatel_oem7_msgs.msg.InertialSolutionStatus(status=3),
1786043617907751546,1786043617.905876744,/novatel/oem7/fix,/novatel/oem7/fix,/novatel/oem7/inspva,39.663,-75.756,-1.800856716,0.002658284,-0.001150779,0.000364051,-0.002633238,-0.001150779,,0,
1786043617908769342,1786043617.906391402,/novatel/oem7/odom,/novatel/oem7/fix,/novatel/oem7/odom,39.663,-75.756,-1.800856716,0.002654235,-0.001160088,-0.002607228,0.000497317,-0.001160088,,,
1786043617910992403,1786043617.909644520,/novatel/oem7/bestpos,/novatel/oem7/bestpos,/novatel/oem7/odom,39.663,-75.756,33.181393477,0.002654235,-0.001160088,-0.002607228,0.000497317,-0.001160088,,novatel_oem7_msgs.msg.SolutionStatus(status=0),novatel_oem7_msgs.msg.PositionOrVelocityType(type=53)
1786043617911921699,1786043617.910306630,/novatel/oem7/bestvel,/novatel/oem7/bestpos,/novatel/oem7/bestvel,39.663,-75.756,33.181393477,0.001336758,-0.001663977,,,,274.113769682,novatel_oem7_msgs.msg.SolutionStatus(status=0),novatel_oem7_msgs.msg.PositionOrVelocityType(type=53)
1786043617916200811,1786043617.915535648,/novatel/oem7/odom,/novatel/oem7/bestpos,/novatel/oem7/odom,39.663,-75.756,33.181393477,0.002654235,-0.001160088,-0.002607228,0.000497317,-0.001160088,,,
1786043617925757568,1786043617.925197346,/novatel/oem7/inspva,/novatel/oem7/inspva,/novatel/oem7/inspva,39.663,-75.756,-1.800879739,0.002597025,-0.002861332,-0.001754123,-0.001915096,-0.002861332,,novatel_oem7_msgs.msg.InertialSolutionStatus(status=3),
1786043617927138088,1786043617.925344563,/novatel/oem7/fix,/novatel/oem7/fix,/novatel/oem7/inspva,39.663,-75.756,-1.800879739,0.002597025,-0.002861332,-0.001754123,-0.001915096,-0.002861332,,0,
1786043617928168258,1786043617.925788075,/novatel/oem7/odom,/novatel/oem7/fix,/novatel/oem7/odom,39.663,-75.756,-1.800879739,0.002583309,-0.002873722,-0.001988251,-0.001649347,-0.002873722,,,
1786043617935641004,1786043617.934962381,/novatel/oem7/odom,/novatel/oem7/fix,/novatel/oem7/odom,39.663,-75.756,-1.800879739,0.002583309,-0.002873722,-0.001988251,-0.001649347,-0.002873722,,,
1786043617946642999,1786043617.946220341,/novatel/oem7/inspva,/novatel/oem7/inspva,/novatel/oem7/inspva,39.663,-75.756,-1.800873132,0.002113057,-0.001312928,-0.001694356,-0.001262604,-0.001312928,,novatel_oem7_msgs.msg.InertialSolutionStatus(status=3),
1786043617947267062,1786043617.946375918,/novatel/oem7/fix,/novatel/oem7/fix,/novatel/oem7/inspva,39.663,-75.756,-1.800873132,0.002113057,-0.001312928,-0.001694356,-0.001262604,-0.001312928,,0,
1786043617947734646,1786043617.946782989,/novatel/oem7/odom,/novatel/oem7/fix,/novatel/oem7/odom,39.663,-75.756,-1.800873132,0.002106970,-0.001322675,-0.001339798,-0.001626119,-0.001322675,,,
1786043617956158665,1786043617.955837148,/novatel/oem7/odom,/novatel/oem7/fix,/novatel/oem7/odom,39.663,-75.756,-1.800873132,0.002106970,-0.001322675,-0.001339798,-0.001626119,-0.001322675,,,
1786043617965500174,1786043617.965232516,/novatel/oem7/inspva,/novatel/oem7/inspva,/novatel/oem7/inspva,39.663,-75.756,-1.800873805,0.002431330,0.000290770,0.000396174,-0.002398835,0.000290770,,novatel_oem7_msgs.msg.InertialSolutionStatus(status=3),
1786043617966050957,1786043617.965373604,/novatel/oem7/fix,/novatel/oem7/fix,/novatel/oem7/inspva,39.663,-75.756,-1.800873805,0.002431330,0.000290770,0.000396174,-0.002398835,0.000290770,,0,
1786043617966494598,1786043617.965753894,/novatel/oem7/odom,/novatel/oem7/fix,/novatel/oem7/odom,39.663,-75.756,-1.800873805,0.002432314,0.000282418,-0.002377396,0.000513944,0.000282418,,,
1786043617976091013,1786043617.975777155,/novatel/oem7/odom,/novatel/oem7/fix,/novatel/oem7/odom,39.663,-75.756,-1.800873805,0.002432314,0.000282418,-0.002377396,0.000513944,0.000282418,,,
1786043617985324098,1786043617.985057076,/novatel/oem7/inspva,/novatel/oem7/inspva,/novatel/oem7/inspva,39.663,-75.756,-1.800893043,0.002745027,-0.001488137,0.000176299,-0.002739360,-0.001488137,,novatel_oem7_msgs.msg.InertialSolutionStatus(status=3),
1786043617985897085,1786043617.985204287,/novatel/oem7/fix,/novatel/oem7/fix,/novatel/oem7/inspva,39.663,-75.756,-1.800893043,0.002745027,-0.001488137,0.000176299,-0.002739360,-0.001488137,,0,
1786043617986539657,1786043617.985714549,/novatel/oem7/odom,/novatel/oem7/fix,/novatel/oem7/odom,39.663,-75.756,-1.800893043,0.002739466,-0.001498349,-0.002721187,0.000315936,-0.001498349,,,
1786043617995290142,1786043617.994601146,/novatel/oem7/odom,/novatel/oem7/fix,/novatel/oem7/odom,39.663,-75.756,-1.800893043,0.002739466,-0.001498349,-0.002721187,0.000315936,-0.001498349,,,
1786043618009006756,1786043618.008491421,/novatel/oem7/inspva,/novatel/oem7/inspva,/novatel/oem7/inspva,39.663,-75.756,-1.800922554,0.002277375,-0.003074435,-0.000500852,-0.002221618,-0.003074435,,novatel_oem7_msgs.msg.InertialSolutionStatus(status=3),
1786043618010315042,1786043618.008634073,/novatel/oem7/fix,/novatel/oem7/fix,/novatel/oem7/inspva,39.663,-75.756,-1.800922554,0.002277375,-0.003074435,-0.000500852,-0.002221618,-0.003074435,,0,
1786043618011829694,1786043618.009959289,/novatel/oem7/odom,/novatel/oem7/fix,/novatel/oem7/odom,39.663,-75.756,-1.800922554,0.002263785,-0.003084455,-0.002231345,-0.000381867,-0.003084455,,,
1786043618016416075,1786043618.015797873,/novatel/oem7/odom,/novatel/oem7/fix,/novatel/oem7/odom,39.663,-75.756,-1.800922554,0.002263785,-0.003084455,-0.002231345,-0.000381867,-0.003084455,,,
1786043618026181554,1786043618.025619412,/novatel/oem7/bestpos,/novatel/oem7/bestpos,/novatel/oem7/odom,39.663,-75.756,33.181346957,0.002263785,-0.003084455,-0.002231345,-0.000381867,-0.003084455,,novatel_oem7_msgs.msg.SolutionStatus(status=0),novatel_oem7_msgs.msg.PositionOrVelocityType(type=53)
1786043618027594101,1786043618.026538757,/novatel/oem7/bestvel,/novatel/oem7/bestpos,/novatel/oem7/bestvel,39.663,-75.756,33.181346957,0.003150629,-0.002493191,,,,256.024067123,novatel_oem7_msgs.msg.SolutionStatus(status=0),novatel_oem7_msgs.msg.PositionOrVelocityType(type=53)
1786043618028489313,1786043618.027057149,/novatel/oem7/inspva,/novatel/oem7/inspva,/novatel/oem7/inspva,39.663,-75.756,-1.800925167,0.003100076,-0.002363982,-0.001465016,-0.002732069,-0.002363982,,novatel_oem7_msgs.msg.InertialSolutionStatus(status=3),
1786043618029777022,1786043618.027203187,/novatel/oem7/fix,/novatel/oem7/fix,/novatel/oem7/inspva,39.663,-75.756,-1.800925167,0.003100076,-0.002363982,-0.001465016,-0.002732069,-0.002363982,,0,
1786043618030798569,1786043618.027751749,/novatel/oem7/odom,/novatel/oem7/fix,/novatel/oem7/odom,39.663,-75.756,-1.800925167,0.003088768,-0.002378738,-0.002791850,-0.001321386,-0.002378738,,,
1786043618036221395,1786043618.035594313,/novatel/oem7/odom,/novatel/oem7/fix,/novatel/oem7/odom,39.663,-75.756,-1.800925167,0.003088768,-0.002378738,-0.002791850,-0.001321386,-0.002378738,,,
1786043618045995710,1786043618.045481389,/novatel/oem7/inspva,/novatel/oem7/inspva,/novatel/oem7/inspva,39.663,-75.756,-1.800895192,0.002101319,0.000478695,-0.000349928,-0.002071978,0.000478695,,novatel_oem7_msgs.msg.InertialSolutionStatus(status=3),
1786043618047311043,1786043618.045627551,/novatel/oem7/fix,/novatel/oem7/fix,/novatel/oem7/inspva,39.663,-75.756,-1.800895192,0.002101319,0.000478695,-0.000349928,-0.002071978,0.000478695,,0,
1786043618048363897,1786043618.046324684,/novatel/oem7/odom,/novatel/oem7/fix,/novatel/oem7/odom,39.663,-75.756,-1.800895192,0.002103372,0.000469592,-0.002088708,-0.000247942,0.000469592,,,
1786043618057095352,1786043618.056467342,/novatel/oem7/odom,/novatel/oem7/fix,/novatel/oem7/odom,39.663,-75.756,-1.800895192,0.002103372,0.000469592,-0.002088708,-0.000247942,0.000469592,,,
1786043618066761343,1786043618.066270642,/novatel/oem7/inspva,/novatel/oem7/inspva,/novatel/oem7/inspva,39.663,-75.756,-1.800894266,0.002759998,-0.000853512,-0.000159140,-0.002755406,-0.000853512,,novatel_oem7_msgs.msg.InertialSolutionStatus(status=3),
1786043618068047022,1786043618.066410666,/novatel/oem7/fix,/novatel/oem7/fix,/novatel/oem7/inspva,39.663,-75.756,-1.800894266,0.002759998,-0.000853512,-0.000159140,-0.002755406,-0.000853512,,0,
1786043618069064989,1786043618.066944585,/novatel/oem7/odom,/novatel/oem7/fix,/novatel/oem7/odom,39.663,-75.756,-1.800894266,0.002756491,-0.000864770,-0.002756419,-0.000019975,-0.000864770,,,
1786043618075451381,1786043618.074798025,/novatel/oem7/odom,/novatel/oem7/fix,/novatel/oem7/odom,39.663,-75.756,-1.800894266,0.002756491,-0.000864770,-0.002756419,-0.000019975,-0.000864770,,,
1786043618085909077,1786043618.085409022,/novatel/oem7/inspva,/novatel/oem7/inspva,/novatel/oem7/inspva,39.663,-75.756,-1.800912045,0.002731916,-0.003807369,0.000315792,-0.002713603,-0.003807369,,novatel_oem7_msgs.msg.InertialSolutionStatus(status=3),
1786043618087203056,1786043618.085565120,/novatel/oem7/fix,/novatel/oem7/fix,/novatel/oem7/inspva,39.663,-75.756,-1.800912045,0.002731916,-0.003807369,0.000315792,-0.002713603,-0.003807369,,0,
1786043618088243782,1786043618.086346561,/novatel/oem7/odom,/novatel/oem7/fix,/novatel/oem7/odom,39.663,-75.756,-1.800912045,0.002718564,-0.003816914,-0.002679352,0.000460067,-0.003816914,,,
1786043618096291325,1786043618.095666049,/novatel/oem7/odom,/novatel/oem7/fix,/novatel/oem7/odom,39.663,-75.756,-1.800912045,0.002718564,-0.003816914,-0.002679352,0.000460067,-0.003816914,,,
1786043618106979145,1786043618.106410460,/novatel/oem7/inspva,/novatel/oem7/inspva,/novatel/oem7/inspva,39.663,-75.756,-1.800894896,0.002676676,-0.002553274,-0.000639610,-0.002599133,-0.002553274,,novatel_oem7_msgs.msg.InertialSolutionStatus(status=3),
1786043618108267495,1786043618.106620372,/novatel/oem7/fix,/novatel/oem7/fix,/novatel/oem7/inspva,39.663,-75.756,-1.800894896,0.002676676,-0.002553274,-0.000639610,-0.002599133,-0.002553274,,0,
1786043618109293668,1786043618.107051793,/novatel/oem7/odom,/novatel/oem7/fix,/novatel/oem7/odom,39.663,-75.756,-1.800894896,0.002665305,-0.002565140,-0.002617392,-0.000503100,-0.002565140,,,
1786043618110732012,1786043618.110076852,/novatel/oem7/bestpos,/novatel/oem7/bestpos,/novatel/oem7/odom,39.663,-75.756,33.181372726,0.002665305,-0.002565140,-0.002617392,-0.000503100,-0.002565140,,novatel_oem7_msgs.msg.SolutionStatus(status=0),novatel_oem7_msgs.msg.PositionOrVelocityType(type=53)
1786043618112113305,1786043618.110655725,/novatel/oem7/bestvel,/novatel/oem7/bestpos,/novatel/oem7/bestvel,39.663,-75.756,33.181372726,0.003526313,-0.002018881,,,,256.478203023,novatel_oem7_msgs.msg.SolutionStatus(status=0),novatel_oem7_msgs.msg.PositionOrVelocityType(type=53)
1786043618115305720,1786043618.114634240,/novatel/oem7/odom,/novatel/oem7/bestpos,/novatel/oem7/odom,39.663,-75.756,33.181372726,0.002665305,-0.002565140,-0.002617392,-0.000503100,-0.002565140,,,
1786043618127096192,1786043618.126558360,/novatel/oem7/inspva,/novatel/oem7/inspva,/novatel/oem7/inspva,39.663,-75.756,-1.800860782,0.001808747,0.000648041,-0.000423943,-0.001758363,0.000648041,,novatel_oem7_msgs.msg.InertialSolutionStatus(status=3),
1786043618128391344,1786043618.126693808,/novatel/oem7/fix,/novatel/oem7/fix,/novatel/oem7/inspva,39.663,-75.756,-1.800860782,0.001808747,0.000648041,-0.000423943,-0.001758363,0.000648041,,0,
1786043618129439305,1786043618.127079288,/novatel/oem7/odom,/novatel/oem7/fix,/novatel/oem7/odom,39.663,-75.756,-1.800860782,0.001811615,0.000639980,-0.001779826,-0.000337886,0.000639980,,,
1786043618135676129,1786043618.135007152,/novatel/oem7/odom,/novatel/oem7/fix,/novatel/oem7/odom,39.663,-75.756,-1.800860782,0.001811615,0.000639980,-0.001779826,-0.000337886,0.000639980,,,
1786043618145645096,1786043618.145080946,/novatel/oem7/inspva,/novatel/oem7/inspva,/novatel/oem7/inspva,39.663,-75.756,-1.800855856,0.002265157,0.000081610,-0.000055880,-0.002264468,0.000081610,,novatel_oem7_msgs.msg.InertialSolutionStatus(status=3),
1786043618146924689,1786043618.145168192,/novatel/oem7/fix,/novatel/oem7/fix,/novatel/oem7/inspva,39.663,-75.756,-1.800855856,0.002265157,0.000081610,-0.000055880,-0.002264468,0.000081610,,0,
1786043618147945489,1786043618.145490498,/novatel/oem7/odom,/novatel/oem7/fix,/novatel/oem7/odom,39.663,-75.756,-1.800855856,0.002265464,0.000072600,-0.002264764,0.000056312,0.000072600,,,
1786043618156652220,1786043618.155971257,/novatel/oem7/odom,/novatel/oem7/fix,/novatel/oem7/odom,39.663,-75.756,-1.800855856,0.002265464,0.000072600,-0.002264764,0.000056312,0.000072600,,,
1786043618166030725,1786043618.165487426,/novatel/oem7/inspva,/novatel/oem7/inspva,/novatel/oem7/inspva,39.663,-75.756,-1.800878048,0.002959940,-0.003298672,0.001124198,-0.002738142,-0.003298672,,novatel_oem7_msgs.msg.InertialSolutionStatus(status=3),
1786043618167368731,1786043618.165626061,/novatel/oem7/fix,/novatel/oem7/fix,/novatel/oem7/inspva,39.663,-75.756,-1.800878048,0.002959940,-0.003298672,0.001124198,-0.002738142,-0.003298672,,0,
1786043618168503375,1786043618.166292284,/novatel/oem7/odom,/novatel/oem7/fix,/novatel/oem7/odom,39.663,-75.756,-1.800878048,0.002951685,-0.003306061,-0.002665805,0.001267253,-0.003306061,,,
1786043618175729803,1786043618.175029416,/novatel/oem7/odom,/novatel/oem7/fix,/novatel/oem7/odom,39.663,-75.756,-1.800878048,0.002951685,-0.003306061,-0.002665805,0.001267253,-0.003306061,,,
1786043618186746457,1786043618.186161855,/novatel/oem7/inspva,/novatel/oem7/inspva,/novatel/oem7/inspva,39.663,-75.756,-1.800861648,0.002451497,-0.002577347,0.000311750,-0.002431594,-0.002577347,,novatel_oem7_msgs.msg.InertialSolutionStatus(status=3),
1786043618188082073,1786043618.186308373,/novatel/oem7/fix,/novatel/oem7/fix,/novatel/oem7/inspva,39.663,-75.756,-1.800861648,0.002451497,-0.002577347,0.000311750,-0.002431594,-0.002577347,,0,
1786043618189120854,1786043618.186736997,/novatel/oem7/odom,/novatel/oem7/fix,/novatel/oem7/odom,39.663,-75.756,-1.800861648,0.002442509,-0.002585866,-0.002402779,0.000438751,-0.002585866,,,
1786043618195451715,1786043618.194762969,/novatel/oem7/odom,/novatel/oem7/fix,/novatel/oem7/odom,39.663,-75.756,-1.800861648,0.002442509,-0.002585866,-0.002402779,0.000438751,-0.002585866,,,
1786043618207128072,1786043618.206587677,/novatel/oem7/inspva,/novatel/oem7/inspva,/novatel/oem7/inspva,39.663,-75.756,-1.800835880,0.001374140,-0.000299583,-0.000890790,-0.001046305,-0.000299583,,novatel_oem7_msgs.msg.InertialSolutionStatus(status=3),
1786043618208668207,1786043618.206722422,/novatel/oem7/fix,/novatel/oem7/fix,/novatel/oem7/inspva,39.663,-75.756,-1.800835880,0.001374140,-0.000299583,-0.000890790,-0.001046305,-0.000299583,,0,
1786043618209726222,1786043618.207228260,/novatel/oem7/odom,/novatel/oem7/fix,/novatel/oem7/odom,39.663,-75.756,-1.800835880,0.001372684,-0.000306186,-0.001087978,-0.000836997,-0.000306186,,,
1786043618211231559,1786043618.210071675,/novatel/oem7/bestpos,/novatel/oem7/bestpos,/novatel/oem7/odom,39.663,-75.756,33.181424544,0.001372684,-0.000306186,-0.001087978,-0.000836997,-0.000306186,,novatel_oem7_msgs.msg.SolutionStatus(status=0),novatel_oem7_msgs.msg.PositionOrVelocityType(type=53)
1786043618212177805,1786043618.210447305,/novatel/oem7/bestvel,/novatel/oem7/bestpos,/novatel/oem7/bestvel,39.663,-75.756,33.181424544,0.001522095,-0.000319734,,,,250.277188790,novatel_oem7_msgs.msg.SolutionStatus(status=0),novatel_oem7_msgs.msg.PositionOrVelocityType(type=53)
1786043618216272919,1786043618.215599249,/novatel/oem7/odom,/novatel/oem7/bestpos,/novatel/oem7/odom,39.663,-75.756,33.181424544,0.001372684,-0.000306186,-0.001087978,-0.000836997,-0.000306186,,,
1786043618225622857,1786043618.225043757,/novatel/oem7/inspva,/novatel/oem7/inspva,/novatel/oem7/inspva,39.663,-75.756,-1.800816083,0.001823736,0.000175134,-0.000425893,-0.001773310,0.000175134,,novatel_oem7_msgs.msg.InertialSolutionStatus(status=3),
1786043618226972723,1786043618.225182362,/novatel/oem7/fix,/novatel/oem7/fix,/novatel/oem7/inspva,39.663,-75.756,-1.800816083,0.001823736,0.000175134,-0.000425893,-0.001773310,0.000175134,,0,
1786043618228015216,1786043618.225609320,/novatel/oem7/odom,/novatel/oem7/fix,/novatel/oem7/odom,39.663,-75.756,-1.800816083,0.001824500,0.000166992,-0.001792939,-0.000337888,0.000166992,,,
1786043618235182363,1786043618.234506983,/novatel/oem7/odom,/novatel/oem7/fix,/novatel/oem7/odom,39.663,-75.756,-1.800816083,0.001824500,0.000166992,-0.001792939,-0.000337888,0.000166992,,,
1786043618247707705,1786043618.246853440,/novatel/oem7/inspva,/novatel/oem7/inspva,/novatel/oem7/inspva,39.663,-75.756,-1.800827844,0.003450909,-0.001792897,0.001639337,-0.003036668,-0.001792897,,novatel_oem7_msgs.msg.InertialSolutionStatus(status=3),
1786043618249644061,1786043618.247165357,/novatel/oem7/fix,/novatel/oem7/fix,/novatel/oem7/inspva,39.663,-75.756,-1.800827844,0.003450909,-0.001792897,0.001639337,-0.003036668,-0.001792897,,0,
1786043618251064625,1786043618.247833539,/novatel/oem7/odom,/novatel/oem7/fix,/novatel/oem7/odom,39.663,-75.756,-1.800827844,0.003447132,-0.001800148,-0.002944378,0.001792584,-0.001800148,,,
1786043618257366389,1786043618.256489731,/novatel/oem7/odom,/novatel/oem7/fix,/novatel/oem7/odom,39.663,-75.756,-1.800827844,0.003447132,-0.001800148,-0.002944378,0.001792584,-0.001800148,,,
1786043618265839629,1786043618.265128978,/novatel/oem7/inspva,/novatel/oem7/inspva,/novatel/oem7/inspva,39.663,-75.756,-1.800818140,0.002795509,-0.001895733,0.000867329,-0.002657557,-0.001895733,,novatel_oem7_msgs.msg.InertialSolutionStatus(status=3),
1786043618267337173,1786043618.265326557,/novatel/oem7/fix,/novatel/oem7/fix,/novatel/oem7/inspva,39.663,-75.756,-1.800818140,0.002795509,-0.001895733,0.000867329,-0.002657557,-0.001895733,,0,
1786043618268552719,1786043618.265933006,/novatel/oem7/odom,/novatel/oem7/fix,/novatel/oem7/odom,39.663,-75.756,-1.800818140,0.002790124,-0.001903650,-0.002603593,0.001003043,-0.001903650,,,
1786043618276463073,1786043618.275698001,/novatel/oem7/odom,/novatel/oem7/fix,/novatel/oem7/odom,39.663,-75.756,-1.800818140,0.002790124,-0.001903650,-0.002603593,0.001003043,-0.001903650,,,
1786043618286255674,1786043618.285632841,/novatel/oem7/inspva,/novatel/oem7/inspva,/novatel/oem7/inspva,39.663,-75.756,-1.800798126,0.001346889,-0.000892212,-0.001017008,-0.000883066,-0.000892212,,novatel_oem7_msgs.msg.InertialSolutionStatus(status=3),
1786043618287667495,1786043618.285779536,/novatel/oem7/fix,/novatel/oem7/fix,/novatel/oem7/inspva,39.663,-75.756,-1.800798126,0.001346889,-0.000892212,-0.001017008,-0.000883066,-0.000892212,,0,
1786043618288727772,1786043618.286466800,/novatel/oem7/odom,/novatel/oem7/fix,/novatel/oem7/odom,39.663,-75.756,-1.800798126,0.001342679,-0.000898536,-0.000928801,-0.000969596,-0.000898536,,,
1786043618295765054,1786043618.294796368,/novatel/oem7/odom,/novatel/oem7/fix,/novatel/oem7/odom,39.663,-75.756,-1.800798126,0.001342679,-0.000898536,-0.000928801,-0.000969596,-0.000898536,,,
1786043618306833512,1786043618.306089732,/novatel/oem7/inspva,/novatel/oem7/inspva,/novatel/oem7/inspva,39.663,-75.756,-1.800778945,0.001410920,-0.000871696,-0.000816429,-0.001150712,-0.000871696,,novatel_oem7_msgs.msg.InertialSolutionStatus(status=3),
1786043618308409041,1786043618.306312674,/novatel/oem7/fix,/novatel/oem7/fix,/novatel/oem7/inspva,39.663,-75.756,-1.800778945,0.001410920,-0.000871696,-0.000816429,-0.001150712,-0.000871696,,0,
1786043618309555132,1786043618.306883212,/novatel/oem7/odom,/novatel/oem7/fix,/novatel/oem7/odom,39.663,-75.756,-1.800778945,0.001406703,-0.000878483,-0.001186245,-0.000756067,-0.000878483,,,
1786043618311119331,1786043618.309661563,/novatel/oem7/bestpos,/novatel/oem7/bestpos,/novatel/oem7/odom,39.663,-75.756,33.181488585,0.001406703,-0.000878483,-0.001186245,-0.000756067,-0.000878483,,novatel_oem7_msgs.msg.SolutionStatus(status=0),novatel_oem7_msgs.msg.PositionOrVelocityType(type=53)
1786043618312082956,1786043618.310352146,/novatel/oem7/bestvel,/novatel/oem7/bestpos,/novatel/oem7/bestvel,39.663,-75.756,33.181488585,0.002607879,0.000019443,,,,236.269871181,novatel_oem7_msgs.msg.SolutionStatus(status=0),novatel_oem7_msgs.msg.PositionOrVelocityType(type=53)
1786043618315722629,1786043618.314801932,/novatel/oem7/odom,/novatel/oem7/bestpos,/novatel/oem7/odom,39.663,-75.756,33.181488585,0.001406703,-0.000878483,-0.001186245,-0.000756067,-0.000878483,,,
1786043618326023572,1786043618.325487517,/novatel/oem7/inspva,/novatel/oem7/inspva,/novatel/oem7/inspva,39.663,-75.756,-1.800772485,0.002701313,-0.000371556,0.000707748,-0.002606949,-0.000371556,,novatel_oem7_msgs.msg.InertialSolutionStatus(status=3),
1786043618327362942,1786043618.325655699,/novatel/oem7/fix,/novatel/oem7/fix,/novatel/oem7/inspva,39.663,-75.756,-1.800772485,0.002701313,-0.000371556,0.000707748,-0.002606949,-0.000371556,,0,
1786043618328416036,1786043618.326328499,/novatel/oem7/odom,/novatel/oem7/fix,/novatel/oem7/odom,39.663,-75.756,-1.800772485,0.002700159,-0.000379850,-0.002567124,0.000837097,-0.000379850,,,
1786043618336241219,1786043618.335588049,/novatel/oem7/odom,/novatel/oem7/fix,/novatel/oem7/odom,39.663,-75.756,-1.800772485,0.002700159,-0.000379850,-0.002567124,0.000837097,-0.000379850,,,
1786043618345829569,1786043618.345298017,/novatel/oem7/inspva,/novatel/oem7/inspva,/novatel/oem7/inspva,39.663,-75.756,-1.800773142,0.002239894,-0.001228037,0.000955788,-0.002025733,-0.001228037,,novatel_oem7_msgs.msg.InertialSolutionStatus(status=3),
1786043618347213839,1786043618.345485286,/novatel/oem7/fix,/novatel/oem7/fix,/novatel/oem7/inspva,39.663,-75.756,-1.800773142,0.002239894,-0.001228037,0.000955788,-0.002025733,-0.001228037,,0,
1786043618348335880,1786043618.345823004,/novatel/oem7/odom,/novatel/oem7/fix,/novatel/oem7/odom,39.663,-75.756,-1.800773142,0.002237021,-0.001233263,-0.001970884,0.001058243,-0.001233263,,,
1786043618356359182,1786043618.355679169,/novatel/oem7/odom,/novatel/oem7/fix,/novatel/oem7/odom,39.663,-75.756,-1.800773142,0.002237021,-0.001233263,-0.001970884,0.001058243,-0.001233263,,,
1786043618367625495,1786043618.367047423,/novatel/oem7/inspva,/novatel/oem7/inspva,/novatel/oem7/inspva,39.663,-75.756,-1.800774741,0.001758020,-0.002230774,-0.000604171,-0.001650943,-0.002230774,,novatel_oem7_msgs.msg.InertialSolutionStatus(status=3),
1786043618369101100,1786043618.367196448,/novatel/oem7/fix,/novatel/oem7/fix,/novatel/oem7/inspva,39.663,-75.756,-1.800774741,0.001758020,-0.002230774,-0.000604171,-0.001650943,-0.002230774,,0,
1786043618370127890,1786043618.367554024,/novatel/oem7/odom,/novatel/oem7/fix,/novatel/oem7/odom,39.663,-75.756,-1.800774741,0.001747722,-0.002238851,-0.001669892,-0.000515745,-0.002238851,,,
1786043618375918349,1786043618.375145125,/novatel/oem7/odom,/novatel/oem7/fix,/novatel/oem7/odom,39.663,-75.756,-1.800774741,0.001747722,-0.002238851,-0.001669892,-0.000515745,-0.002238851,,,
1786043618385476526,1786043618.384961267,/novatel/oem7/inspva,/novatel/oem7/inspva,/novatel/oem7/inspva,39.663,-75.756,-1.800748923,0.001433371,-0.001194855,-0.000100206,-0.001429864,-0.001194855,,novatel_oem7_msgs.msg.InertialSolutionStatus(status=3),
1786043618386757839,1786043618.385095836,/novatel/oem7/fix,/novatel/oem7/fix,/novatel/oem7/inspva,39.663,-75.756,-1.800748923,0.001433371,-0.001194855,-0.000100206,-0.001429864,-0.001194855,,0,
1786043618387799769,1786043618.385528227,/novatel/oem7/odom,/novatel/oem7/fix,/novatel/oem7/odom,39.663,-75.756,-1.800748923,0.001428481,-0.001200696,-0.001428243,-0.000026098,-0.001200696,,,
1786043618396325252,1786043618.395690986,/novatel/oem7/odom,/novatel/oem7/fix,/novatel/oem7/odom,39.663,-75.756,-1.800748923,0.001428481,-0.001200696,-0.001428243,-0.000026098,-0.001200696,,,
1786043618406816961,1786043618.406313392,/novatel/oem7/inspva,/novatel/oem7/inspva,/novatel/oem7/inspva,39.663,-75.756,-1.800737309,0.000773308,-0.000171221,-0.000370681,-0.000678675,-0.000171221,,novatel_oem7_msgs.msg.InertialSolutionStatus(status=3),
1786043618408144604,1786043618.406477471,/novatel/oem7/fix,/novatel/oem7/fix,/novatel/oem7/inspva,39.663,-75.756,-1.800737309,0.000773308,-0.000171221,-0.000370681,-0.000678675,-0.000171221,,0,
1786043618409206761,1786043618.407062458,/novatel/oem7/odom,/novatel/oem7/fix,/novatel/oem7/odom,39.663,-75.756,-1.800737309,0.000772479,-0.000174922,-0.000695510,-0.000336139,-0.000174922,,,
1786043618410656552,1786043618.410077792,/novatel/oem7/bestpos,/novatel/oem7/bestpos,/novatel/oem7/odom,39.663,-75.756,33.181528881,0.000772479,-0.000174922,-0.000695510,-0.000336139,-0.000174922,,novatel_oem7_msgs.msg.SolutionStatus(status=0),novatel_oem7_msgs.msg.PositionOrVelocityType(type=53)
1786043618412043848,1786043618.410473753,/novatel/oem7/bestvel,/novatel/oem7/bestpos,/novatel/oem7/bestvel,39.663,-75.756,33.181528881,0.000384480,-0.000731649,,,,310.721464948,novatel_oem7_msgs.msg.SolutionStatus(status=0),novatel_oem7_msgs.msg.PositionOrVelocityType(type=53)
1786043618415552603,1786043618.414923602,/novatel/oem7/odom,/novatel/oem7/bestpos,/novatel/oem7/odom,39.663,-75.756,33.181528881,0.000772479,-0.000174922,-0.000695510,-0.000336139,-0.000174922,,,
1786043618426896990,1786043618.426378231,/novatel/oem7/inspva,/novatel/oem7/inspva,/novatel/oem7/inspva,39.663,-75.756,-1.800732531,0.000935946,-0.000229645,0.000316289,-0.000880884,-0.000229645,,novatel_oem7_msgs.msg.InertialSolutionStatus(status=3),
1786043618428230763,1786043618.426554243,/novatel/oem7/fix,/novatel/oem7/fix,/novatel/oem7/inspva,39.663,-75.756,-1.800732531,0.000935946,-0.000229645,0.000316289,-0.000880884,-0.000229645,,0,
1786043618429286107,1786043618.427106849,/novatel/oem7/odom,/novatel/oem7/fix,/novatel/oem7/odom,39.663,-75.756,-1.800732531,0.000935313,-0.000232207,-0.000863192,0.000360155,-0.000232207,,,
1786043618435551778,1786043618.434870721,/novatel/oem7/odom,/novatel/oem7/fix,/novatel/oem7/odom,39.663,-75.756,-1.800732531,0.000935313,-0.000232207,-0.000863192,0.000360155,-0.000232207,,,
1786043618445939826,1786043618.445402597,/novatel/oem7/inspva,/novatel/oem7/inspva,/novatel/oem7/inspva,39.663,-75.756,-1.800743737,0.001578870,-0.002476223,-0.000102243,-0.001575556,-0.002476223,,novatel_oem7_msgs.msg.InertialSolutionStatus(status=3),
1786043618447250195,1786043618.445594996,/novatel/oem7/fix,/novatel/oem7/fix,/novatel/oem7/inspva,39.663,-75.756,-1.800743737,0.001578870,-0.002476223,-0.000102243,-0.001575556,-0.002476223,,0,
1786043618448306889,1786043618.446149493,/novatel/oem7/odom,/novatel/oem7/fix,/novatel/oem7/odom,39.663,-75.756,-1.800743737,0.001568787,-0.002482623,-0.001568688,-0.000017575,-0.002482623,,,
1786043618457096745,1786043618.456443019,/novatel/oem7/odom,/novatel/oem7/fix,/novatel/oem7/odom,39.663,-75.756,-1.800743737,0.001568787,-0.002482623,-0.001568688,-0.000017575,-0.002482623,,,
1786043618465849286,1786043618.465341782,/novatel/oem7/inspva,/novatel/oem7/inspva,/novatel/oem7/inspva,39.663,-75.756,-1.800716883,0.001199859,-0.001861688,0.000088480,-0.001196592,-0.001861688,,novatel_oem7_msgs.msg.InertialSolutionStatus(status=3),
1786043618467158619,1786043618.465514433,/novatel/oem7/fix,/novatel/oem7/fix,/novatel/oem7/inspva,39.663,-75.756,-1.800716883,0.001199859,-0.001861688,0.000088480,-0.001196592,-0.001861688,,0,
1786043618468205990,1786043618.465917757,/novatel/oem7/odom,/novatel/oem7/fix,/novatel/oem7/odom,39.663,-75.756,-1.800716883,0.001192999,-0.001866092,-0.001183213,0.000152488,-0.001866092,,,
1786043618475199978,1786043618.474558338,/novatel/oem7/odom,/novatel/oem7/fix,/novatel/oem7/odom,39.663,-75.756,-1.800716883,0.001192999,-0.001866092,-0.001183213,0.000152488,-0.001866092,,,
1786043618487628239,1786043618.487115298,/novatel/oem7/inspva,/novatel/oem7/inspva,/novatel/oem7/inspva,39.663,-75.756,-1.800691004,0.001205772,0.000351083,-0.001205450,-0.000027876,0.000351083,,novatel_oem7_msgs.msg.InertialSolutionStatus(status=3),
1786043618488928295,1786043618.487255482,/novatel/oem7/fix,/novatel/oem7/fix,/novatel/oem7/inspva,39.663,-75.756,-1.800691004,0.001205772,0.000351083,-0.001205450,-0.000027876,0.000351083,,0,
1786043618489980312,1786043618.487632939,/novatel/oem7/odom,/novatel/oem7/fix,/novatel/oem7/odom,39.663,-75.756,-1.800691004,0.001206782,0.000347596,-0.000088987,-0.001203496,0.000347596,,,
1786043618495827043,1786043618.495165429,/novatel/oem7/odom,/novatel/oem7/fix,/novatel/oem7/odom,39.663,-75.756,-1.800691004,0.001206782,0.000347596,-0.000088987,-0.001203496,0.000347596,,,
1786043618506615631,1786043618.506094253,/novatel/oem7/inspva,/novatel/oem7/inspva,/novatel/oem7/inspva,39.663,-75.756,-1.800682732,0.000802432,0.000298364,-0.000389082,0.000701792,0.000298364,,novatel_oem7_msgs.msg.InertialSolutionStatus(status=3),
1786043618507935557,1786043618.506230650,/novatel/oem7/fix,/novatel/oem7/fix,/novatel/oem7/inspva,39.663,-75.756,-1.800682732,0.000802432,0.000298364,-0.000389082,0.000701792,0.000298364,,0,
1786043618508977501,1786043618.506572940,/novatel/oem7/odom,/novatel/oem7/fix,/novatel/oem7/odom,39.663,-75.756,-1.800682732,0.000801815,0.000300018,0.000680438,-0.000424159,0.000300018,,,
1786043618512032447,1786043618.511460301,/novatel/oem7/bestpos,/novatel/oem7/bestpos,/novatel/oem7/odom,39.663,-75.756,33.181573231,0.000801815,0.000300018,0.000680438,-0.000424159,0.000300018,,novatel_oem7_msgs.msg.SolutionStatus(status=0),novatel_oem7_msgs.msg.PositionOrVelocityType(type=53)
1786043618513470175,1786043618.511958123,/novatel/oem7/bestvel,/novatel/oem7/bestpos,/novatel/oem7/bestvel,39.663,-75.756,33.181573231,0.001352047,-0.000615812,,,,40.794934924,novatel_oem7_msgs.msg.SolutionStatus(status=0),novatel_oem7_msgs.msg.PositionOrVelocityType(type=53)
1786043618516216442,1786043618.515425384,/novatel/oem7/odom,/novatel/oem7/bestpos,/novatel/oem7/odom,39.663,-75.756,33.181573231,0.000801815,0.000300018,0.000680438,-0.000424159,0.000300018,,,
1786043618526006950,1786043618.525473275,/novatel/oem7/inspva,/novatel/oem7/inspva,/novatel/oem7/inspva,39.663,-75.756,-1.800697562,0.001122865,-0.002340882,-0.000013235,-0.001122787,-0.002340882,,novatel_oem7_msgs.msg.InertialSolutionStatus(status=3),
1786043618527360820,1786043618.525639447,/novatel/oem7/fix,/novatel/oem7/fix,/novatel/oem7/inspva,39.663,-75.756,-1.800697562,0.001122865,-0.002340882,-0.000013235,-0.001122787,-0.002340882,,0,
1786043618532312955,1786043618.526238786,/novatel/oem7/odom,/novatel/oem7/fix,/novatel/oem7/odom,39.663,-75.756,-1.800697562,0.001113539,-0.002345333,-0.001112481,0.000048515,-0.002345333,,,
1786043618535820579,1786043618.534911580,/novatel/oem7/odom,/novatel/oem7/fix,/novatel/oem7/odom,39.663,-75.756,-1.800697562,0.001113539,-0.002345333,-0.001112481,0.000048515,-0.002345333,,,
1786043618547059409,1786043618.546023156,/novatel/oem7/inspva,/novatel/oem7/inspva,/novatel/oem7/inspva,39.663,-75.756,-1.800678885,0.001503800,-0.002266264,0.000204266,-0.001489862,-0.002266264,,novatel_oem7_msgs.msg.InertialSolutionStatus(status=3),
1786043618548640044,1786043618.546192877,/novatel/oem7/fix,/novatel/oem7/fix,/novatel/oem7/inspva,39.663,-75.756,-1.800678885,0.001503800,-0.002266264,0.000204266,-0.001489862,-0.002266264,,0,
1786043618549721739,1786043618.546731783,/novatel/oem7/odom,/novatel/oem7/fix,/novatel/oem7/odom,39.663,-75.756,-1.800678885,0.001495880,-0.002271500,-0.001468736,0.000283676,-0.002271500,,,
1786043618556869518,1786043618.556149471,/novatel/oem7/odom,/novatel/oem7/fix,/novatel/oem7/odom,39.663,-75.756,-1.800678885,0.001495880,-0.002271500,-0.001468736,0.000283676,-0.002271500,,,
1786043618565958823,1786043618.565370824,/novatel/oem7/inspva,/novatel/oem7/inspva,/novatel/oem7/inspva,39.663,-75.756,-1.800650517,0.002259771,0.000133497,-0.002062589,0.000923195,0.000133497,,novatel_oem7_msgs.msg.InertialSolutionStatus(status=3),
1786043618567343964,1786043618.565585836,/novatel/oem7/fix,/novatel/oem7/fix,/novatel/oem7/inspva,39.663,-75.756,-1.800650517,0.002259771,0.000133497,-0.002062589,0.000923195,0.000133497,,0,
1786043618568467811,1786043618.566162255,/novatel/oem7/odom,/novatel/oem7/fix,/novatel/oem7/odom,39.663,-75.756,-1.800650517,0.002259897,0.000131346,0.000819355,-0.002106132,0.000131346,,,
1786043618576075599,1786043618.575432709,/novatel/oem7/odom,/novatel/oem7/fix,/novatel/oem7/odom,39.663,-75.756,-1.800650517,0.002259897,0.000131346,0.000819355,-0.002106132,0.000131346,,,
1786043618585895418,1786043618.585351226,/novatel/oem7/inspva,/novatel/oem7/inspva,/novatel/oem7/inspva,39.663,-75.756,-1.800639929,0.001355878,0.000140735,-0.001290783,0.000415071,0.000140735,,novatel_oem7_msgs.msg.InertialSolutionStatus(status=3),
1786043618587236551,1786043618.585537074,/novatel/oem7/fix,/novatel/oem7/fix,/novatel/oem7/inspva,39.663,-75.756,-1.800639929,0.001355878,0.000140735,-0.001290783,0.000415071,0.000140735,,0,
1786043618588311895,1786043618.585953605,/novatel/oem7/odom,/novatel/oem7/fix,/novatel/oem7/odom,39.663,-75.756,-1.800639929,0.001356080,0.000138777,0.000350066,-0.001310117,0.000138777,,,
1786043618595081747,1786043618.594430530,/novatel/oem7/odom,/novatel/oem7/fix,/novatel/oem7/odom,39.663,-75.756,-1.800639929,0.001356080,0.000138777,0.000350066,-0.001310117,0.000138777,,,
1786043618606965680,1786043618.606415125,/novatel/oem7/inspva,/novatel/oem7/inspva,/novatel/oem7/inspva,39.663,-75.756,-1.800652876,0.001464900,-0.001993462,0.000837784,-0.001201686,-0.001993462,,novatel_oem7_msgs.msg.InertialSolutionStatus(status=3),
1786043618608324900,1786043618.606583327,/novatel/oem7/fix,/novatel/oem7/fix,/novatel/oem7/inspva,39.663,-75.756,-1.800652876,0.001464900,-0.001993462,0.000837784,-0.001201686,-0.001993462,,0,
1786043618609414544,1786043618.607065718,/novatel/oem7/odom,/novatel/oem7/fix,/novatel/oem7/odom,39.663,-75.756,-1.800652876,0.001461668,-0.001995832,-0.001150593,0.000901448,-0.001995832,,,
1786043618611691356,1786043618.610475411,/novatel/oem7/bestpos,/novatel/oem7/bestpos,/novatel/oem7/odom,39.663,-75.756,33.181611828,0.001461668,-0.001995832,-0.001150593,0.000901448,-0.001995832,,novatel_oem7_msgs.msg.SolutionStatus(status=0),novatel_oem7_msgs.msg.PositionOrVelocityType(type=53)
1786043618613227351,1786043618.611005410,/novatel/oem7/bestvel,/novatel/oem7/bestpos,/novatel/oem7/bestvel,39.663,-75.756,33.181611828,0.001881562,-0.002136096,,,,311.965856551,novatel_oem7_msgs.msg.SolutionStatus(status=0),novatel_oem7_msgs.msg.PositionOrVelocityType(type=53)
1786043618616133186,1786043618.615462153,/novatel/oem7/odom,/novatel/oem7/bestpos,/novatel/oem7/odom,39.663,-75.756,33.181611828,0.001461668,-0.001995832,-0.001150593,0.000901448,-0.001995832,,,
1786043618625534404,1786043618.624957732,/novatel/oem7/inspva,/novatel/oem7/inspva,/novatel/oem7/inspva,39.663,-75.756,-1.800640797,0.001238590,-0.001822658,0.000443824,-0.001156341,-0.001822658,,novatel_oem7_msgs.msg.InertialSolutionStatus(status=3),
1786043618626877354,1786043618.625114170,/novatel/oem7/fix,/novatel/oem7/fix,/novatel/oem7/inspva,39.663,-75.756,-1.800640797,0.001238590,-0.001822658,0.000443824,-0.001156341,-0.001822658,,0,
1786043618627933708,1786043618.625545508,/novatel/oem7/odom,/novatel/oem7/fix,/novatel/oem7/odom,39.663,-75.756,-1.800640797,0.001233705,-0.001825968,-0.001125490,0.000505273,-0.001825968,,,
1786043618635167058,1786043618.634516929,/novatel/oem7/odom,/novatel/oem7/fix,/novatel/oem7/odom,39.663,-75.756,-1.800640797,0.001233705,-0.001825968,-0.001125490,0.000505273,-0.001825968,,,
1786043618646909187,1786043618.646350224,/novatel/oem7/inspva,/novatel/oem7/inspva,/novatel/oem7/inspva,39.663,-75.756,-1.800630772,0.001480139,-0.001176200,-0.001475458,-0.000117625,-0.001176200,,novatel_oem7_msgs.msg.InertialSolutionStatus(status=3),
1786043618648262946,1786043618.646525873,/novatel/oem7/fix,/novatel/oem7/fix,/novatel/oem7/inspva,39.663,-75.756,-1.800630772,0.001480139,-0.001176200,-0.001475458,-0.000117625,-0.001176200,,0,
1786043618649331693,1786043618.647158755,/novatel/oem7/odom,/novatel/oem7/fix,/novatel/oem7/odom,39.663,-75.756,-1.800630772,0.001476495,-0.001180772,-0.000185743,-0.001464765,-0.001180772,,,
1786043618657299848,1786043618.656602284,/novatel/oem7/odom,/novatel/oem7/fix,/novatel/oem7/odom,39.663,-75.756,-1.800630772,0.001476495,-0.001180772,-0.000185743,-0.001464765,-0.001180772,,,
1786043618665614196,1786043618.665008696,/novatel/oem7/inspva,/novatel/oem7/inspva,/novatel/oem7/inspva,39.663,-75.756,-1.800616167,0.001618491,-0.000135579,-0.001387515,0.000833255,-0.000135579,,novatel_oem7_msgs.msg.InertialSolutionStatus(status=3),
1786043618666972556,1786043618.665163511,/novatel/oem7/fix,/novatel/oem7/fix,/novatel/oem7/inspva,39.663,-75.756,-1.800616167,0.001618491,-0.000135579,-0.001387515,0.000833255,-0.000135579,,0,
1786043618668065569,1786043618.665506171,/novatel/oem7/odom,/novatel/oem7/fix,/novatel/oem7/odom,39.663,-75.756,-1.800616167,0.001618441,-0.000136172,0.000764098,-0.001426712,-0.000136172,,,
1786043618675266940,1786043618.674611330,/novatel/oem7/odom,/novatel/oem7/fix,/novatel/oem7/odom,39.663,-75.756,-1.800616167,0.001618441,-0.000136172,0.000764098,-0.001426712,-0.000136172,,,
1786043618685891253,1786043618.685330112,/novatel/oem7/inspva,/novatel/oem7/inspva,/novatel/oem7/inspva,39.663,-75.756,-1.800633240,0.000989946,-0.001998725,0.000623136,-0.000769217,-0.001998725,,novatel_oem7_msgs.msg.InertialSolutionStatus(status=3),
1786043618687230760,1786043618.685511457,/novatel/oem7/fix,/novatel/oem7/fix,/novatel/oem7/inspva,39.663,-75.756,-1.800633240,0.000989946,-0.001998725,0.000623136,-0.000769217,-0.001998725,,0,
1786043618688280410,1786043618.685864687,/novatel/oem7/odom,/novatel/oem7/fix,/novatel/oem7/odom,39.663,-75.756,-1.800633240,0.000987267,-0.002000049,-0.000729147,0.000665613,-0.002000049,,,
1786043618695725849,1786043618.695055786,/novatel/oem7/odom,/novatel/oem7/fix,/novatel/oem7/odom,39.663,-75.756,-1.800633240,0.000987267,-0.002000049,-0.000729147,0.000665613,-0.002000049,,,
1786043618706520478,1786043618.705973313,/novatel/oem7/inspva,/novatel/oem7/inspva,/novatel/oem7/inspva,39.663,-75.756,-1.800634348,0.000653314,-0.001831196,0.000400458,-0.000516191,-0.001831196,,novatel_oem7_msgs.msg.InertialSolutionStatus(status=3),
1786043618707846604,1786043618.706118524,/novatel/oem7/fix,/novatel/oem7/fix,/novatel/oem7/inspva,39.663,-75.756,-1.800634348,0.000653314,-0.001831196,0.000400458,-0.000516191,-0.001831196,,0,
1786043618708889818,1786043618.706595162,/novatel/oem7/odom,/novatel/oem7/fix,/novatel/oem7/odom,39.663,-75.756,-1.800634348,0.000650808,-0.001832088,-0.000488290,0.000430261,-0.001832088,,,
1786043618710355999,1786043618.709336852,/novatel/oem7/bestpos,/novatel/oem7/bestpos,/novatel/oem7/odom,39.663,-75.756,33.181641724,0.000650808,-0.001832088,-0.000488290,0.000430261,-0.001832088,,novatel_oem7_msgs.msg.SolutionStatus(status=0),novatel_oem7_msgs.msg.PositionOrVelocityType(type=53)
1786043618711791266,1786043618.709977442,/novatel/oem7/bestvel,/novatel/oem7/bestpos,/novatel/oem7/bestvel,39.663,-75.756,33.181641724,0.002291795,-0.000960915,,,,281.027713967,novatel_oem7_msgs.msg.SolutionStatus(status=0),novatel_oem7_msgs.msg.PositionOrVelocityType(type=53)
1786043618715374655,1786043618.714700884,/novatel/oem7/odom,/novatel/oem7/bestpos,/novatel/oem7/odom,39.663,-75.756,33.181641724,0.000650808,-0.001832088,-0.000488290,0.000430261,-0.001832088,,,
1786043618726075412,1786043618.725508374,/novatel/oem7/inspva,/novatel/oem7/inspva,/novatel/oem7/inspva,39.663,-75.756,-1.800635796,0.001706314,-0.001667442,-0.001009096,0.001375949,-0.001667442,,novatel_oem7_msgs.msg.InertialSolutionStatus(status=3),
1786043618727450483,1786043618.725659041,/novatel/oem7/fix,/novatel/oem7/fix,/novatel/oem7/inspva,39.663,-75.756,-1.800635796,0.001706314,-0.001667442,-0.001009096,0.001375949,-0.001667442,,0,
1786043618728541516,1786043618.726345315,/novatel/oem7/odom,/novatel/oem7/fix,/novatel/oem7/odom,39.663,-75.756,-1.800635796,0.001708859,-0.001664834,0.001331066,-0.001071664,-0.001664834,,,
1786043618736308609,1786043618.735664580,/novatel/oem7/odom,/novatel/oem7/fix,/novatel/oem7/odom,39.663,-75.756,-1.800635796,0.001708859,-0.001664834,0.001331066,-0.001071664,-0.001664834,,,
1786043618745809168,1786043618.745250589,/novatel/oem7/inspva,/novatel/oem7/inspva,/novatel/oem7/inspva,39.663,-75.756,-1.800628870,0.000967536,-0.001011600,-0.000953359,-0.000165020,-0.001011600,,novatel_oem7_msgs.msg.InertialSolutionStatus(status=3),
1786043618747183285,1786043618.745397808,/novatel/oem7/fix,/novatel/oem7/fix,/novatel/oem7/inspva,39.663,-75.756,-1.800628870,0.000967536,-0.001011600,-0.000953359,-0.000165020,-0.001011600,,0,
1786043618748272062,1786043618.745778285,/novatel/oem7/odom,/novatel/oem7/fix,/novatel/oem7/odom,39.663,-75.756,-1.800628870,0.000964085,-0.001014889,-0.000207841,-0.000941415,-0.001014889,,,
1786043618756706584,1786043618.756001976,/novatel/oem7/odom,/novatel/oem7/fix,/novatel/oem7/odom,39.663,-75.756,-1.800628870,0.000964085,-0.001014889,-0.000207841,-0.000941415,-0.001014889,,,
1786043618767142836,1786043618.766578571,/novatel/oem7/inspva,/novatel/oem7/inspva,/novatel/oem7/inspva,39.663,-75.756,-1.800634740,0.000658639,-0.000677727,0.000468664,0.000462774,-0.000677727,,novatel_oem7_msgs.msg.InertialSolutionStatus(status=3),
1786043618768581654,1786043618.766727456,/novatel/oem7/fix,/novatel/oem7/fix,/novatel/oem7/inspva,39.663,-75.756,-1.800634740,0.000658639,-0.000677727,0.000468664,0.000462774,-0.000677727,,0,
1786043618769721278,1786043618.767139910,/novatel/oem7/odom,/novatel/oem7/fix,/novatel/oem7/odom,39.663,-75.756,-1.800634740,0.000661860,-0.000674583,0.000488156,0.000446948,-0.000674583,,,
1786043618775836981,1786043618.775180303,/novatel/oem7/odom,/novatel/oem7/fix,/novatel/oem7/odom,39.663,-75.756,-1.800634740,0.000661860,-0.000674583,0.000488156,0.000446948,-0.000674583,,,
1786043618785643573,1786043618.785103261,/novatel/oem7/inspva,/novatel/oem7/inspva,/novatel/oem7/inspva,39.663,-75.756,-1.800635731,0.000629815,-0.000904062,0.000161973,0.000608631,-0.000904062,,novatel_oem7_msgs.msg.InertialSolutionStatus(status=3),
1786043618786974000,1786043618.785247596,/novatel/oem7/fix,/novatel/oem7/fix,/novatel/oem7/inspva,39.663,-75.756,-1.800635731,0.000629815,-0.000904062,0.000161973,0.000608631,-0.000904062,,0,
1786043618788113111,1786043618.785617760,/novatel/oem7/odom,/novatel/oem7/fix,/novatel/oem7/odom,39.663,-75.756,-1.800635731,0.000633940,-0.000901175,0.000619620,0.000133983,-0.000901175,,,
1786043618795317111,1786043618.794663558,/novatel/oem7/odom,/novatel/oem7/fix,/novatel/oem7/odom,39.663,-75.756,-1.800635731,0.000633940,-0.000901175,0.000619620,0.000133983,-0.000901175,,,
1786043618806997035,1786043618.806491390,/novatel/oem7/inspva,/novatel/oem7/inspva,/novatel/oem7/inspva,39.663,-75.756,-1.800639634,0.000250801,-0.001715721,-0.000242693,-0.000063256,-0.001715721,,novatel_oem7_msgs.msg.InertialSolutionStatus(status=3),
1786043618808387128,1786043618.806624471,/novatel/oem7/fix,/novatel/oem7/fix,/novatel/oem7/inspva,39.663,-75.756,-1.800639634,0.000250801,-0.001715721,-0.000242693,-0.000063256,-0.001715721,,0,
1786043618809448426,1786043618.807032752,/novatel/oem7/odom,/novatel/oem7/fix,/novatel/oem7/odom,39.663,-75.756,-1.800639634,0.000244555,-0.001716623,-0.000068220,-0.000234847,-0.001716623,,,
1786043618810962380,1786043618.810299917,/novatel/oem7/bestpos,/novatel/oem7/bestpos,/novatel/oem7/odom,39.663,-75.756,33.181645437,0.000244555,-0.001716623,-0.000068220,-0.000234847,-0.001716623,,novatel_oem7_msgs.msg.SolutionStatus(status=0),novatel_oem7_msgs.msg.PositionOrVelocityType(type=53)
1786043618812472828,1786043618.810762855,/novatel/oem7/bestvel,/novatel/oem7/bestpos,/novatel/oem7/bestvel,39.663,-75.756,33.181645437,0.001855297,-0.000606048,,,,248.539389443,novatel_oem7_msgs.msg.SolutionStatus(status=0),novatel_oem7_msgs.msg.PositionOrVelocityType(type=53)
1786043618815543752,1786043618.814869505,/novatel/oem7/odom,/novatel/oem7/bestpos,/novatel/oem7/odom,39.663,-75.756,33.181645437,0.000244555,-0.001716623,-0.000068220,-0.000234847,-0.001716623,,,
1786043618825794138,1786043618.825239467,/novatel/oem7/inspva,/novatel/oem7/inspva,/novatel/oem7/inspva,39.663,-75.756,-1.800625051,0.001783493,-0.001032741,-0.000963280,0.001500979,-0.001032741,,novatel_oem7_msgs.msg.InertialSolutionStatus(status=3),
1786043618827150435,1786043618.825393091,/novatel/oem7/fix,/novatel/oem7/fix,/novatel/oem7/inspva,39.663,-75.756,-1.800625051,0.001783493,-0.001032741,-0.000963280,0.001500979,-0.001032741,,0,
1786043618828227102,1786043618.825702722,/novatel/oem7/odom,/novatel/oem7/fix,/novatel/oem7/odom,39.663,-75.756,-1.800625051,0.001785361,-0.001029507,0.001455667,-0.001033707,-0.001029507,,,
1786043618835178373,1786043618.834415759,/novatel/oem7/odom,/novatel/oem7/fix,/novatel/oem7/odom,39.663,-75.756,-1.800625051,0.001785361,-0.001029507,0.001455667,-0.001033707,-0.001029507,,,
1786043618845779043,1786043618.845240655,/novatel/oem7/inspva,/novatel/oem7/inspva,/novatel/oem7/inspva,39.663,-75.756,-1.800603311,0.001048555,0.001130455,-0.000024154,0.001048276,0.001130455,,novatel_oem7_msgs.msg.InertialSolutionStatus(status=3),
1786043618847156654,1786043618.845385059,/novatel/oem7/fix,/novatel/oem7/fix,/novatel/oem7/inspva,39.663,-75.756,-1.800603311,0.001048555,0.001130455,-0.000024154,0.001048276,0.001130455,,0,
1786043618848272681,1786043618.846266912,/novatel/oem7/odom,/novatel/oem7/fix,/novatel/oem7/odom,39.663,-75.756,-1.800603311,0.001044110,0.001134561,0.001041123,-0.000078918,0.001134561,,,
1786043618857086987,1786043618.856378653,/novatel/oem7/odom,/novatel/oem7/fix,/novatel/oem7/odom,39.663,-75.756,-1.800603311,0.001044110,0.001134561,0.001041123,-0.000078918,0.001134561,,,
1786043618865576656,1786043618.865037545,/novatel/oem7/inspva,/novatel/oem7/inspva,/novatel/oem7/inspva,39.663,-75.756,-1.800600203,0.001346190,0.000491818,0.000335023,0.001303835,0.000491818,,novatel_oem7_msgs.msg.InertialSolutionStatus(status=3),
1786043618866929966,1786043618.865180146,/novatel/oem7/fix,/novatel/oem7/fix,/novatel/oem7/inspva,39.663,-75.756,-1.800600203,0.001346190,0.000491818,0.000335023,0.001303835,0.000491818,,0,
1786043618868078494,1786043618.865637914,/novatel/oem7/odom,/novatel/oem7/fix,/novatel/oem7/odom,39.663,-75.756,-1.800600203,0.001343943,0.000497925,0.001316779,0.000268839,0.000497925,,,
1786043618875278525,1786043618.874589318,/novatel/oem7/odom,/novatel/oem7/fix,/novatel/oem7/odom,39.663,-75.756,-1.800600203,0.001343943,0.000497925,0.001316779,0.000268839,0.000497925,,,
1786043618887192271,1786043618.886644359,/novatel/oem7/inspva,/novatel/oem7/inspva,/novatel/oem7/inspva,39.663,-75.756,-1.800614469,0.000961637,-0.002262334,0.000194159,0.000941832,-0.002262334,,novatel_oem7_msgs.msg.InertialSolutionStatus(status=3),
1786043618888575501,1786043618.886787813,/novatel/oem7/fix,/novatel/oem7/fix,/novatel/oem7/inspva,39.663,-75.756,-1.800614469,0.000961637,-0.002262334,0.000194159,0.000941832,-0.002262334,,0,
1786043618889656795,1786043618.887240161,/novatel/oem7/odom,/novatel/oem7/fix,/novatel/oem7/odom,39.663,-75.756,-1.800614469,0.000971650,-0.002258051,0.000959511,0.000153109,-0.002258051,,,
1786043618895742494,1786043618.895067258,/novatel/oem7/odom,/novatel/oem7/fix,/novatel/oem7/odom,39.663,-75.756,-1.800614469,0.000971650,-0.002258051,0.000959511,0.000153109,-0.002258051,,,
1786043618906462825,1786043618.905939427,/novatel/oem7/inspva,/novatel/oem7/inspva,/novatel/oem7/inspva,39.663,-75.756,-1.800604924,0.001402323,-0.001870822,-0.000664477,0.001234901,-0.001870822,,novatel_oem7_msgs.msg.InertialSolutionStatus(status=3),
1786043618907853333,1786043618.906081738,/novatel/oem7/fix,/novatel/oem7/fix,/novatel/oem7/inspva,39.663,-75.756,-1.800604924,0.001402323,-0.001870822,-0.000664477,0.001234901,-0.001870822,,0,
1786043618908903676,1786043618.906534482,/novatel/oem7/odom,/novatel/oem7/fix,/novatel/oem7/odom,39.663,-75.756,-1.800604924,0.001406379,-0.001867775,0.001208135,-0.000719939,-0.001867775,,,
1786043618910476258,1786043618.909459358,/novatel/oem7/bestpos,/novatel/oem7/bestpos,/novatel/oem7/odom,39.663,-75.756,33.181680504,0.001406379,-0.001867775,0.001208135,-0.000719939,-0.001867775,,novatel_oem7_msgs.msg.SolutionStatus(status=0),novatel_oem7_msgs.msg.PositionOrVelocityType(type=53)
1786043618911879555,1786043618.910224309,/novatel/oem7/bestvel,/novatel/oem7/bestpos,/novatel/oem7/bestvel,39.663,-75.756,33.181680504,0.000703557,-0.001173486,,,,186.597562657,novatel_oem7_msgs.msg.SolutionStatus(status=0),novatel_oem7_msgs.msg.PositionOrVelocityType(type=53)
1786043618915592334,1786043618.914951421,/novatel/oem7/odom,/novatel/oem7/bestpos,/novatel/oem7/odom,39.663,-75.756,33.181680504,0.001406379,-0.001867775,0.001208135,-0.000719939,-0.001867775,,,
1786043618926015910,1786043618.925472131,/novatel/oem7/inspva,/novatel/oem7/inspva,/novatel/oem7/inspva,39.663,-75.756,-1.800592197,0.002984594,0.000405609,-0.000933081,0.002834989,0.000405609,,novatel_oem7_msgs.msg.InertialSolutionStatus(status=3),
1786043618927498624,1786043618.925636489,/novatel/oem7/fix,/novatel/oem7/fix,/novatel/oem7/inspva,39.663,-75.756,-1.800592197,0.002984594,0.000405609,-0.000933081,0.002834989,0.000405609,,0,
1786043618928576721,1786043618.926185785,/novatel/oem7/odom,/novatel/oem7/fix,/novatel/oem7/odom,39.663,-75.756,-1.800592197,0.002983415,0.000414193,0.002783692,-0.001073231,0.000414193,,,
1786043618935808045,1786043618.935142114,/novatel/oem7/odom,/novatel/oem7/fix,/novatel/oem7/odom,39.663,-75.756,-1.800592197,0.002983415,0.000414193,0.002783692,-0.001073231,0.000414193,,,
1786043618946637707,1786043618.946098779,/novatel/oem7/inspva,/novatel/oem7/inspva,/novatel/oem7/inspva,39.663,-75.756,-1.800589604,0.001914913,0.000732410,-0.000607480,0.001816001,0.000732410,,novatel_oem7_msgs.msg.InertialSolutionStatus(status=3),
1786043618948040238,1786043618.946240000,/novatel/oem7/fix,/novatel/oem7/fix,/novatel/oem7/inspva,39.663,-75.756,-1.800589604,0.001914913,0.000732410,-0.000607480,0.001816001,0.000732410,,0,
1786043618949084555,1786043618.946685481,/novatel/oem7/odom,/novatel/oem7/fix,/novatel/oem7/odom,39.663,-75.756,-1.800589604,0.001912780,0.000737964,0.001780702,-0.000698446,0.000737964,,,
1786043618956474103,1786043618.955782100,/novatel/oem7/odom,/novatel/oem7/fix,/novatel/oem7/odom,39.663,-75.756,-1.800589604,0.001912780,0.000737964,0.001780702,-0.000698446,0.000737964,,,
1786043618966011140,1786043618.965484528,/novatel/oem7/inspva,/novatel/oem7/inspva,/novatel/oem7/inspva,39.663,-75.756,-1.800612646,0.000767348,-0.002159742,0.000553287,0.000531692,-0.002159742,,novatel_oem7_msgs.msg.InertialSolutionStatus(status=3),
1786043618967476067,1786043618.965643983,/novatel/oem7/fix,/novatel/oem7/fix,/novatel/oem7/inspva,39.663,-75.756,-1.800612646,0.000767348,-0.002159742,0.000553287,0.000531692,-0.002159742,,0,
1786043618968588931,1786043618.966248729,/novatel/oem7/odom,/novatel/oem7/fix,/novatel/oem7/odom,39.663,-75.756,-1.800612646,0.000777527,-0.002156098,0.000567182,0.000531839,-0.002156098,,,
1786043618976184996,1786043618.975499879,/novatel/oem7/odom,/novatel/oem7/fix,/novatel/oem7/odom,39.663,-75.756,-1.800612646,0.000777527,-0.002156098,0.000567182,0.000531839,-0.002156098,,,
1786043618985514857,1786043618.984997371,/novatel/oem7/inspva,/novatel/oem7/inspva,/novatel/oem7/inspva,39.663,-75.756,-1.800607875,0.001378701,-0.002149614,-0.000152180,0.001370277,-0.002149614,,novatel_oem7_msgs.msg.InertialSolutionStatus(status=3),
1786043618986786713,1786043618.985152067,/novatel/oem7/fix,/novatel/oem7/fix,/novatel/oem7/inspva,39.663,-75.756,-1.800607875,0.001378701,-0.002149614,-0.000152180,0.001370277,-0.002149614,,0,
1786043618987818103,1786043618.985558537,/novatel/oem7/odom,/novatel/oem7/fix,/novatel/oem7/odom,39.663,-75.756,-1.800607875,0.001386481,-0.002144604,0.001369824,-0.000214271,-0.002144604,,,
1786043618995095054,1786043618.994431490,/novatel/oem7/odom,/novatel/oem7/fix,/novatel/oem7/odom,39.663,-75.756,-1.800607875,0.001386481,-0.002144604,0.001369824,-0.000214271,-0.002144604,,,
1786043619010617871,1786043619.010096783,/novatel/oem7/inspva,/novatel/oem7/inspva,/novatel/oem7/inspva,39.663,-75.756,-1.800593634,0.003131534,0.000264630,-0.001547645,0.002722371,0.000264630,,novatel_oem7_msgs.msg.InertialSolutionStatus(status=3),
1786043619011911141,1786043619.010250708,/novatel/oem7/fix,/novatel/oem7/fix,/novatel/oem7/inspva,39.663,-75.756,-1.800593634,0.003131534,0.000264630,-0.001547645,0.002722371,0.000264630,,0,
1786043619013396655,1786043619.011585528,/novatel/oem7/odom,/novatel/oem7/fix,/novatel/oem7/odom,39.663,-75.756,-1.800593634,0.003130973,0.000271184,0.002641413,-0.001681051,0.000271184,,,
1786043619016583993,1786043619.015929030,/novatel/oem7/odom,/novatel/oem7/fix,/novatel/oem7/odom,39.663,-75.756,-1.800593634,0.003130973,0.000271184,0.002641413,-0.001681051,0.000271184,,,
1786043619026030229,1786043619.025457306,/novatel/oem7/bestpos,/novatel/oem7/bestpos,/novatel/oem7/odom,39.663,-75.756,33.181679746,0.003130973,0.000271184,0.002641413,-0.001681051,0.000271184,,novatel_oem7_msgs.msg.SolutionStatus(status=0),novatel_oem7_msgs.msg.PositionOrVelocityType(type=53)
1786043619027473963,1786043619.026790649,/novatel/oem7/bestvel,/novatel/oem7/bestpos,/novatel/oem7/bestvel,39.663,-75.756,33.181679746,0.003746162,-0.000094574,,,,114.310220935,novatel_oem7_msgs.msg.SolutionStatus(status=0),novatel_oem7_msgs.msg.PositionOrVelocityType(type=53)
1786043619028818689,1786043619.027186233,/novatel/oem7/inspva,/novatel/oem7/inspva,/novatel/oem7/inspva,39.663,-75.756,-1.800592585,0.003055798,0.000576254,-0.000976704,0.002895505,0.000576254,,novatel_oem7_msgs.msg.InertialSolutionStatus(status=3),
1786043619029644471,1786043619.027345628,/novatel/oem7/fix,/novatel/oem7/fix,/novatel/oem7/inspva,39.663,-75.756,-1.800592585,0.003055798,0.000576254,-0.000976704,0.002895505,0.000576254,,0,
1786043619030752628,1786043619.027672745,/novatel/oem7/odom,/novatel/oem7/fix,/novatel/oem7/odom,39.663,-75.756,-1.800592585,0.003054134,0.000585006,0.002841294,-0.001120171,0.000585006,,,
1786043619036139757,1786043619.035510771,/novatel/oem7/odom,/novatel/oem7/fix,/novatel/oem7/odom,39.663,-75.756,-1.800592585,0.003054134,0.000585006,0.002841294,-0.001120171,0.000585006,,,
1786043619046691434,1786043619.046188852,/novatel/oem7/inspva,/novatel/oem7/inspva,/novatel/oem7/inspva,39.663,-75.756,-1.800595985,0.001034761,-0.001185896,0.000838056,0.000606953,-0.001185896,,novatel_oem7_msgs.msg.InertialSolutionStatus(status=3),
1786043619047976996,1786043619.046323714,/novatel/oem7/fix,/novatel/oem7/fix,/novatel/oem7/inspva,39.663,-75.756,-1.800595985,0.001034761,-0.001185896,0.000838056,0.000606953,-0.001185896,,0,
1786043619049349816,1786043619.047020480,/novatel/oem7/odom,/novatel/oem7/fix,/novatel/oem7/odom,39.663,-75.756,-1.800595985,0.001040155,-0.001181168,0.000652514,0.000810030,-0.001181168,,,
1786043619056992231,1786043619.056374920,/novatel/oem7/odom,/novatel/oem7/fix,/novatel/oem7/odom,39.663,-75.756,-1.800595985,0.001040155,-0.001181168,0.000652514,0.000810030,-0.001181168,,,
1786043619066926351,1786043619.066410920,/novatel/oem7/inspva,/novatel/oem7/inspva,/novatel/oem7/inspva,39.663,-75.756,-1.800594701,0.001065682,-0.002402891,0.000330573,0.001013113,-0.002402891,,novatel_oem7_msgs.msg.InertialSolutionStatus(status=3),
1786043619068230400,1786043619.066561341,/novatel/oem7/fix,/novatel/oem7/fix,/novatel/oem7/inspva,39.663,-75.756,-1.800594701,0.001065682,-0.002402891,0.000330573,0.001013113,-0.002402891,,0,
1786043619069265367,1786043619.067057069,/novatel/oem7/odom,/novatel/oem7/fix,/novatel/oem7/odom,39.663,-75.756,-1.800594701,0.001076730,-0.002397960,0.001037997,0.000286200,-0.002397960,,,
1786043619075099967,1786043619.074489141,/novatel/oem7/odom,/novatel/oem7/fix,/novatel/oem7/odom,39.663,-75.756,-1.800594701,0.001076730,-0.002397960,0.001037997,0.000286200,-0.002397960,,,
1786043619085947063,1786043619.085349631,/novatel/oem7/inspva,/novatel/oem7/inspva,/novatel/oem7/inspva,39.663,-75.756,-1.800577579,0.003479620,-0.000572705,-0.001430158,0.003172129,-0.000572705,,novatel_oem7_msgs.msg.InertialSolutionStatus(status=3),
1786043619087245969,1786043619.085629027,/novatel/oem7/fix,/novatel/oem7/fix,/novatel/oem7/inspva,39.663,-75.756,-1.800577579,0.003479620,-0.000572705,-0.001430158,0.003172129,-0.000572705,,0,
1786043619088283096,1786043619.086224839,/novatel/oem7/odom,/novatel/oem7/fix,/novatel/oem7/odom,39.663,-75.756,-1.800577579,0.003481013,-0.000564171,0.003099881,-0.001583727,-0.000564171,,,
1786043619096484396,1786043619.095847608,/novatel/oem7/odom,/novatel/oem7/fix,/novatel/oem7/odom,39.663,-75.756,-1.800577579,0.003481013,-0.000564171,0.003099881,-0.001583727,-0.000564171,,,
1786043619106316362,1786043619.105788459,/novatel/oem7/inspva,/novatel/oem7/inspva,/novatel/oem7/inspva,39.663,-75.756,-1.800568298,0.002971618,0.000063972,-0.000701139,0.002887718,0.000063972,,novatel_oem7_msgs.msg.InertialSolutionStatus(status=3),
1786043619107640712,1786043619.105960676,/novatel/oem7/fix,/novatel/oem7/fix,/novatel/oem7/inspva,39.663,-75.756,-1.800568298,0.002971618,0.000063972,-0.000701139,0.002887718,0.000063972,,0,
1786043619108688172,1786043619.106588215,/novatel/oem7/odom,/novatel/oem7/fix,/novatel/oem7/odom,39.663,-75.756,-1.800568298,0.002971398,0.000073451,0.002849255,-0.000843182,0.000073451,,,
1786043619110112132,1786043619.109285208,/novatel/oem7/bestpos,/novatel/oem7/bestpos,/novatel/oem7/odom,39.663,-75.756,33.181752404,0.002971398,0.000073451,0.002849255,-0.000843182,0.000073451,,novatel_oem7_msgs.msg.SolutionStatus(status=0),novatel_oem7_msgs.msg.PositionOrVelocityType(type=53)
1786043619111530490,1786043619.109689298,/novatel/oem7/bestvel,/novatel/oem7/bestpos,/novatel/oem7/bestvel,39.663,-75.756,33.181752404,0.002930113,-0.000004952,,,,101.224580037,novatel_oem7_msgs.msg.SolutionStatus(status=0),novatel_oem7_msgs.msg.PositionOrVelocityType(type=53)
1786043619115632096,1786043619.114918126,/novatel/oem7/odom,/novatel/oem7/bestpos,/novatel/oem7/odom,39.663,-75.756,33.181752404,0.002971398,0.000073451,0.002849255,-0.000843182,0.000073451,,,
1786043619126992611,1786043619.126464662,/novatel/oem7/inspva,/novatel/oem7/inspva,/novatel/oem7/inspva,39.663,-75.756,-1.800572634,0.002142921,-0.000697988,0.000715496,0.002019945,-0.000697988,,novatel_oem7_msgs.msg.InertialSolutionStatus(status=3),
1786043619128348554,1786043619.126671054,/novatel/oem7/fix,/novatel/oem7/fix,/novatel/oem7/inspva,39.663,-75.756,-1.800572634,0.002142921,-0.000697988,0.000715496,0.002019945,-0.000697988,,0,
1786043619129439138,1786043619.127180919,/novatel/oem7/odom,/novatel/oem7/fix,/novatel/oem7/odom,39.663,-75.756,-1.800572634,0.002146143,-0.000688019,0.002055667,0.000616574,-0.000688019,,,
1786043619135795127,1786043619.135103605,/novatel/oem7/odom,/novatel/oem7/fix,/novatel/oem7/odom,39.663,-75.756,-1.800572634,0.002146143,-0.000688019,0.002055667,0.000616574,-0.000688019,,,
1786043619145602569,1786043619.145045307,/novatel/oem7/inspva,/novatel/oem7/inspva,/novatel/oem7/inspva,39.663,-75.756,-1.800571632,0.002233388,-0.001405660,0.000774700,0.002094722,-0.001405660,,novatel_oem7_msgs.msg.InertialSolutionStatus(status=3),
1786043619146936389,1786043619.145229849,/novatel/oem7/fix,/novatel/oem7/fix,/novatel/oem7/inspva,39.663,-75.756,-1.800571632,0.002233388,-0.001405660,0.000774700,0.002094722,-0.001405660,,0,
1786043619148178774,1786043619.145627389,/novatel/oem7/odom,/novatel/oem7/fix,/novatel/oem7/odom,39.663,-75.756,-1.800571632,0.002239906,-0.001395249,0.002136156,0.000673809,-0.001395249,,,
1786043619156597790,1786043619.155897423,/novatel/oem7/odom,/novatel/oem7/fix,/novatel/oem7/odom,39.663,-75.756,-1.800571632,0.002239906,-0.001395249,0.002136156,0.000673809,-0.001395249,,,
1786043619165864983,1786043619.165284554,/novatel/oem7/inspva,/novatel/oem7/inspva,/novatel/oem7/inspva,39.663,-75.756,-1.800570336,0.003703535,-0.001824489,-0.001266130,0.003480386,-0.001824489,,novatel_oem7_msgs.msg.InertialSolutionStatus(status=3),
1786043619167369368,1786043619.165494583,/novatel/oem7/fix,/novatel/oem7/fix,/novatel/oem7/inspva,39.663,-75.756,-1.800570336,0.003703535,-0.001824489,-0.001266130,0.003480386,-0.001824489,,0,
1786043619168485442,1786043619.166099471,/novatel/oem7/odom,/novatel/oem7/fix,/novatel/oem7/odom,39.663,-75.756,-1.800570336,0.003708529,-0.001814316,0.003420936,-0.001431916,-0.001814316,,,
1786043619175780593,1786043619.175110750,/novatel/oem7/odom,/novatel/oem7/fix,/novatel/oem7/odom,39.663,-75.756,-1.800570336,0.003708529,-0.001814316,0.003420936,-0.001431916,-0.001814316,,,
1786043619186784050,1786043619.186222712,/novatel/oem7/inspva,/novatel/oem7/inspva,/novatel/oem7/inspva,39.663,-75.756,-1.800549025,0.004006250,-0.000377396,-0.001261066,0.003802598,-0.000377396,,novatel_oem7_msgs.msg.InertialSolutionStatus(status=3),
1786043619188118887,1786043619.186393767,/novatel/oem7/fix,/novatel/oem7/fix,/novatel/oem7/inspva,39.663,-75.756,-1.800549025,0.004006250,-0.000377396,-0.001261066,0.003802598,-0.000377396,,0,
1786043619189153361,1786043619.186868505,/novatel/oem7/odom,/novatel/oem7/fix,/novatel/oem7/odom,39.663,-75.756,-1.800549025,0.004007314,-0.000365920,0.003737156,-0.001446455,-0.000365920,,,
1786043619195172392,1786043619.194562906,/novatel/oem7/odom,/novatel/oem7/fix,/novatel/oem7/odom,39.663,-75.756,-1.800549025,0.004007314,-0.000365920,0.003737156,-0.001446455,-0.000365920,,,
1786043619207124749,1786043619.206558994,/novatel/oem7/inspva,/novatel/oem7/inspva,/novatel/oem7/inspva,39.663,-75.756,-1.800536066,0.002861413,0.000480616,0.000714680,0.002770725,0.000480616,,novatel_oem7_msgs.msg.InertialSolutionStatus(status=3),
1786043619208526430,1786043619.206735352,/novatel/oem7/fix,/novatel/oem7/fix,/novatel/oem7/inspva,39.663,-75.756,-1.800536066,0.002861413,0.000480616,0.000714680,0.002770725,0.000480616,,0,
1786043619209602143,1786043619.207202174,/novatel/oem7/odom,/novatel/oem7/fix,/novatel/oem7/odom,39.663,-75.756,-1.800536066,0.002859197,0.000493628,0.002800647,0.000575660,0.000493628,,,
1786043619211297040,1786043619.210247823,/novatel/oem7/bestpos,/novatel/oem7/bestpos,/novatel/oem7/odom,39.663,-75.756,33.181771806,0.002859197,0.000493628,0.002800647,0.000575660,0.000493628,,novatel_oem7_msgs.msg.SolutionStatus(status=0),novatel_oem7_msgs.msg.PositionOrVelocityType(type=53)
1786043619212716244,1786043619.210690998,/novatel/oem7/bestvel,/novatel/oem7/bestpos,/novatel/oem7/bestvel,39.663,-75.756,33.181771806,0.004742736,-0.000588479,,,,79.299263354,novatel_oem7_msgs.msg.SolutionStatus(status=0),novatel_oem7_msgs.msg.PositionOrVelocityType(type=53)
1786043619216306682,1786043619.215652662,/novatel/oem7/odom,/novatel/oem7/bestpos,/novatel/oem7/odom,39.663,-75.756,33.181771806,0.002859197,0.000493628,0.002800647,0.000575660,0.000493628,,,
1786043619225613039,1786043619.225047974,/novatel/oem7/inspva,/novatel/oem7/inspva,/novatel/oem7/inspva,39.663,-75.756,-1.800531561,0.003434987,-0.000340058,0.000750437,0.003352012,-0.000340058,,novatel_oem7_msgs.msg.InertialSolutionStatus(status=3),
1786043619226922849,1786043619.225220016,/novatel/oem7/fix,/novatel/oem7/fix,/novatel/oem7/inspva,39.663,-75.756,-1.800531561,0.003434987,-0.000340058,0.000750437,0.003352012,-0.000340058,,0,
1786043619227986083,1786043619.225650347,/novatel/oem7/odom,/novatel/oem7/fix,/novatel/oem7/odom,39.663,-75.756,-1.800531561,0.003436464,-0.000324796,0.003386343,0.000584780,-0.000324796,,,
1786043619235108492,1786043619.234470833,/novatel/oem7/odom,/novatel/oem7/fix,/novatel/oem7/odom,39.663,-75.756,-1.800531561,0.003436464,-0.000324796,0.003386343,0.000584780,-0.000324796,,,
1786043619248105489,1786043619.247396232,/novatel/oem7/inspva,/novatel/oem7/inspva,/novatel/oem7/inspva,39.663,-75.756,-1.800538779,0.003808045,-0.002263824,0.000012404,0.003808024,-0.002263824,,novatel_oem7_msgs.msg.InertialSolutionStatus(status=3),
1786043619249493806,1786043619.247605274,/novatel/oem7/fix,/novatel/oem7/fix,/novatel/oem7/inspva,39.663,-75.756,-1.800538779,0.003808045,-0.002263824,0.000012404,0.003808024,-0.002263824,,0,
1786043619250559987,1786043619.247833234,/novatel/oem7/odom,/novatel/oem7/fix,/novatel/oem7/odom,39.663,-75.756,-1.800538779,0.003816952,-0.002248773,0.003813163,-0.000170032,-0.002248773,,,
1786043619257116447,1786043619.256446844,/novatel/oem7/odom,/novatel/oem7/fix,/novatel/oem7/odom,39.663,-75.756,-1.800538779,0.003816952,-0.002248773,0.003813163,-0.000170032,-0.002248773,,,
1786043619265726011,1786043619.265089872,/novatel/oem7/inspva,/novatel/oem7/inspva,/novatel/oem7/inspva,39.663,-75.756,-1.800523938,0.002888754,-0.001972733,-0.000538522,0.002838115,-0.001972733,,novatel_oem7_msgs.msg.InertialSolutionStatus(status=3),
1786043619267105368,1786043619.265235786,/novatel/oem7/fix,/novatel/oem7/fix,/novatel/oem7/inspva,39.663,-75.756,-1.800523938,0.002888754,-0.001972733,-0.000538522,0.002838115,-0.001972733,,0,
1786043619268203439,1786043619.265662247,/novatel/oem7/odom,/novatel/oem7/fix,/novatel/oem7/odom,39.663,-75.756,-1.800523938,0.002895359,-0.001963026,0.002816033,-0.000673100,-0.001963026,,,
1786043619276119219,1786043619.275458823,/novatel/oem7/odom,/novatel/oem7/fix,/novatel/oem7/odom,39.663,-75.756,-1.800523938,0.002895359,-0.001963026,0.002816033,-0.000673100,-0.001963026,,,
1786043619285893078,1786043619.285315996,/novatel/oem7/inspva,/novatel/oem7/inspva,/novatel/oem7/inspva,39.663,-75.756,-1.800494325,0.004262425,0.001457687,0.000191640,0.004258115,0.001457687,,novatel_oem7_msgs.msg.InertialSolutionStatus(status=3),
1786043619287410219,1786043619.285476597,/novatel/oem7/fix,/novatel/oem7/fix,/novatel/oem7/inspva,39.663,-75.756,-1.800494325,0.004262425,0.001457687,0.000191640,0.004258115,0.001457687,,0,
1786043619288496710,1786043619.286069486,/novatel/oem7/odom,/novatel/oem7/fix,/novatel/oem7/odom,39.663,-75.756,-1.800494325,0.004256469,0.001474989,0.004256408,-0.000022730,0.001474989,,,
1786043619295621039,1786043619.294935376,/novatel/oem7/odom,/novatel/oem7/fix,/novatel/oem7/odom,39.663,-75.756,-1.800494325,0.004256469,0.001474989,0.004256408,-0.000022730,0.001474989,,,
1786043619306620790,1786043619.305984524,/novatel/oem7/inspva,/novatel/oem7/inspva,/novatel/oem7/inspva,39.663,-75.756,-1.800496503,0.003659927,0.000577657,0.000402085,0.003637773,0.000577657,,novatel_oem7_msgs.msg.InertialSolutionStatus(status=3),
1786043619307972190,1786043619.306121112,/novatel/oem7/fix,/novatel/oem7/fix,/novatel/oem7/inspva,39.663,-75.756,-1.800496503,0.003659927,0.000577657,0.000402085,0.003637773,0.000577657,,0,
1786043619309106061,1786043619.306537204,/novatel/oem7/odom,/novatel/oem7/fix,/novatel/oem7/odom,39.663,-75.756,-1.800496503,0.003657423,0.000593302,0.003650775,0.000220415,0.000593302,,,
1786043619310776044,1786043619.309501028,/novatel/oem7/bestpos,/novatel/oem7/bestpos,/novatel/oem7/odom,39.663,-75.756,33.181808167,0.003657423,0.000593302,0.003650775,0.000220415,0.000593302,,novatel_oem7_msgs.msg.SolutionStatus(status=0),novatel_oem7_msgs.msg.PositionOrVelocityType(type=53)
1786043619312193184,1786043619.310164324,/novatel/oem7/bestvel,/novatel/oem7/bestpos,/novatel/oem7/bestvel,39.663,-75.756,33.181808167,0.006019353,-0.000667620,,,,85.711853635,novatel_oem7_msgs.msg.SolutionStatus(status=0),novatel_oem7_msgs.msg.PositionOrVelocityType(type=53)
1786043619315315332,1786043619.314617518,/novatel/oem7/odom,/novatel/oem7/bestpos,/novatel/oem7/odom,39.663,-75.756,33.181808167,0.003657423,0.000593302,0.003650775,0.000220415,0.000593302,,,
1786043619325923428,1786043619.325350870,/novatel/oem7/inspva,/novatel/oem7/inspva,/novatel/oem7/inspva,39.663,-75.756,-1.800520796,0.003145963,-0.003041911,0.001257172,0.002883852,-0.003041911,,novatel_oem7_msgs.msg.InertialSolutionStatus(status=3),
1786043619327396279,1786043619.325503154,/novatel/oem7/fix,/novatel/oem7/fix,/novatel/oem7/inspva,39.663,-75.756,-1.800520796,0.003145963,-0.003041911,0.001257172,0.002883852,-0.003041911,,0,
1786043619328491353,1786043619.326150150,/novatel/oem7/odom,/novatel/oem7/fix,/novatel/oem7/odom,39.663,-75.756,-1.800520796,0.003160216,-0.003027101,0.002954758,0.001120879,-0.003027101,,,
1786043619336404031,1786043619.335725927,/novatel/oem7/odom,/novatel/oem7/fix,/novatel/oem7/odom,39.663,-75.756,-1.800520796,0.003160216,-0.003027101,0.002954758,0.001120879,-0.003027101,,,
1786043619345778746,1786043619.345163413,/novatel/oem7/inspva,/novatel/oem7/inspva,/novatel/oem7/inspva,39.663,-75.756,-1.800516834,0.002944422,-0.002209281,0.000510432,0.002899841,-0.002209281,,novatel_oem7_msgs.msg.InertialSolutionStatus(status=3),
1786043619347128302,1786043619.345320024,/novatel/oem7/fix,/novatel/oem7/fix,/novatel/oem7/inspva,39.663,-75.756,-1.800516834,0.002944422,-0.002209281,0.000510432,0.002899841,-0.002209281,,0,
1786043619348178522,1786043619.345771982,/novatel/oem7/odom,/novatel/oem7/fix,/novatel/oem7/odom,39.663,-75.756,-1.800516834,0.002953992,-0.002196469,0.002930455,0.000372160,-0.002196469,,,
1786043619356347435,1786043619.355699415,/novatel/oem7/odom,/novatel/oem7/fix,/novatel/oem7/odom,39.663,-75.756,-1.800516834,0.002953992,-0.002196469,0.002930455,0.000372160,-0.002196469,,,
1786043619367375543,1786043619.366782744,/novatel/oem7/inspva,/novatel/oem7/inspva,/novatel/oem7/inspva,39.663,-75.756,-1.800496520,0.004690055,0.000562394,-0.001029161,0.004575745,0.000562394,,novatel_oem7_msgs.msg.InertialSolutionStatus(status=3),
1786043619368849347,1786043619.366925932,/novatel/oem7/fix,/novatel/oem7/fix,/novatel/oem7/inspva,39.663,-75.756,-1.800496520,0.004690055,0.000562394,-0.001029161,0.004575745,0.000562394,,0,
1786043619369928075,1786043619.367638669,/novatel/oem7/odom,/novatel/oem7/fix,/novatel/oem7/odom,39.663,-75.756,-1.800496520,0.004688209,0.000577581,0.004516993,-0.001255419,0.000577581,,,
1786043619376129408,1786043619.375235778,/novatel/oem7/odom,/novatel/oem7/fix,/novatel/oem7/odom,39.663,-75.756,-1.800496520,0.004688209,0.000577581,0.004516993,-0.001255419,0.000577581,,,
1786043619385859817,1786043619.385251614,/novatel/oem7/inspva,/novatel/oem7/inspva,/novatel/oem7/inspva,39.663,-75.756,-1.800488982,0.004076905,0.001178618,-0.000457604,0.004051142,0.001178618,,novatel_oem7_msgs.msg.InertialSolutionStatus(status=3),
1786043619387219196,1786043619.385398149,/novatel/oem7/fix,/novatel/oem7/fix,/novatel/oem7/inspva,39.663,-75.756,-1.800488982,0.004076905,0.001178618,-0.000457604,0.004051142,0.001178618,,0,
1786043619388308014,1786043619.385858620,/novatel/oem7/odom,/novatel/oem7/fix,/novatel/oem7/odom,39.663,-75.756,-1.800488982,0.004072612,0.001193369,0.004018753,-0.000660145,0.001193369,,,
1786043619396186321,1786043619.395515434,/novatel/oem7/odom,/novatel/oem7/fix,/novatel/oem7/odom,39.663,-75.756,-1.800488982,0.004072612,0.001193369,0.004018753,-0.000660145,0.001193369,,,
1786043619407181851,1786043619.406596549,/novatel/oem7/inspva,/novatel/oem7/inspva,/novatel/oem7/inspva,39.663,-75.756,-1.800515237,0.003265494,-0.002315414,0.001252625,0.003015690,-0.002315414,,novatel_oem7_msgs.msg.InertialSolutionStatus(status=3),
1786043619408573715,1786043619.406779011,/novatel/oem7/fix,/novatel/oem7/fix,/novatel/oem7/inspva,39.663,-75.756,-1.800515237,0.003265494,-0.002315414,0.001252625,0.003015690,-0.002315414,,0,
1786043619409664722,1786043619.407188628,/novatel/oem7/odom,/novatel/oem7/fix,/novatel/oem7/odom,39.663,-75.756,-1.800515237,0.003276313,-0.002300080,0.003083278,0.001107982,-0.002300080,,,
1786043619411214737,1786043619.410286278,/novatel/oem7/bestpos,/novatel/oem7/bestpos,/novatel/oem7/odom,39.663,-75.756,33.181814422,0.003276313,-0.002300080,0.003083278,0.001107982,-0.002300080,,novatel_oem7_msgs.msg.SolutionStatus(status=0),novatel_oem7_msgs.msg.PositionOrVelocityType(type=53)
1786043619412135650,1786043619.410649405,/novatel/oem7/bestvel,/novatel/oem7/bestpos,/novatel/oem7/bestvel,39.663,-75.756,33.181814422,0.003695701,-0.002302784,,,,79.320913431,novatel_oem7_msgs.msg.SolutionStatus(status=0),novatel_oem7_msgs.msg.PositionOrVelocityType(type=53)
1786043619415912383,1786043619.415042558,/novatel/oem7/odom,/novatel/oem7/bestpos,/novatel/oem7/odom,39.663,-75.756,33.181814422,0.003276313,-0.002300080,0.003083278,0.001107982,-0.002300080,,,
1786043619426896217,1786043619.426091649,/novatel/oem7/inspva,/novatel/oem7/inspva,/novatel/oem7/inspva,39.663,-75.756,-1.800506807,0.003511117,-0.001777496,0.000721841,0.003436116,-0.001777496,,novatel_oem7_msgs.msg.InertialSolutionStatus(status=3),
1786043619428357595,1786043619.426263087,/novatel/oem7/fix,/novatel/oem7/fix,/novatel/oem7/inspva,39.663,-75.756,-1.800506807,0.003511117,-0.001777496,0.000721841,0.003436116,-0.001777496,,0,
1786043619429535593,1786043619.426655781,/novatel/oem7/odom,/novatel/oem7/fix,/novatel/oem7/odom,39.663,-75.756,-1.800506807,0.003518866,-0.001762107,0.003474694,0.000555803,-0.001762107,,,
1786043619435477711,1786043619.434773594,/novatel/oem7/odom,/novatel/oem7/fix,/novatel/oem7/odom,39.663,-75.756,-1.800506807,0.003518866,-0.001762107,0.003474694,0.000555803,-0.001762107,,,
1786043619445770695,1786043619.445243476,/novatel/oem7/inspva,/novatel/oem7/inspva,/novatel/oem7/inspva,39.663,-75.756,-1.800494070,0.006195941,-0.000338353,-0.001818230,0.005923151,-0.000338353,,novatel_oem7_msgs.msg.InertialSolutionStatus(status=3),
1786043619447237146,1786043619.445472185,/novatel/oem7/fix,/novatel/oem7/fix,/novatel/oem7/inspva,39.663,-75.756,-1.800494070,0.006195941,-0.000338353,-0.001818230,0.005923151,-0.000338353,,0,
1786043619448377400,1786043619.445749773,/novatel/oem7/odom,/novatel/oem7/fix,/novatel/oem7/odom,39.663,-75.756,-1.800494070,0.006196902,-0.000320253,0.005827446,-0.002107717,-0.000320253,,,
1786043619457048948,1786043619.456388421,/novatel/oem7/odom,/novatel/oem7/fix,/novatel/oem7/odom,39.663,-75.756,-1.800494070,0.006196902,-0.000320253,0.005827446,-0.002107717,-0.000320253,,,
1786043619467126876,1786043619.465142607,/novatel/oem7/inspva,/novatel/oem7/inspva,/novatel/oem7/inspva,39.663,-75.756,-1.800475843,0.004407581,0.000578191,-0.000830682,0.004328596,0.000578191,,novatel_oem7_msgs.msg.InertialSolutionStatus(status=3),
1786043619468551424,1786043619.465377386,/novatel/oem7/fix,/novatel/oem7/fix,/novatel/oem7/inspva,39.663,-75.756,-1.800475843,0.004407581,0.000578191,-0.000830682,0.004328596,0.000578191,,0,
1786043619469636401,1786043619.466068313,/novatel/oem7/odom,/novatel/oem7/fix,/novatel/oem7/odom,39.663,-75.756,-1.800475843,0.004405624,0.000592922,0.004279925,-0.001044873,0.000592922,,,
1786043619475195235,1786043619.474476412,/novatel/oem7/odom,/novatel/oem7/fix,/novatel/oem7/odom,39.663,-75.756,-1.800475843,0.004405624,0.000592922,0.004279925,-0.001044873,0.000592922,,,
1786043619487154448,1786043619.486575450,/novatel/oem7/inspva,/novatel/oem7/inspva,/novatel/oem7/inspva,39.663,-75.756,-1.800484735,0.003817863,-0.000741734,0.000788209,0.003735613,-0.000741734,,novatel_oem7_msgs.msg.InertialSolutionStatus(status=3),
1786043619488625133,1786043619.486741918,/novatel/oem7/fix,/novatel/oem7/fix,/novatel/oem7/inspva,39.663,-75.756,-1.800484735,0.003817863,-0.000741734,0.000788209,0.003735613,-0.000741734,,0,
1786043619489804411,1786043619.487118791,/novatel/oem7/odom,/novatel/oem7/fix,/novatel/oem7/odom,39.663,-75.756,-1.800484735,0.003821103,-0.000724858,0.003772961,0.000604647,-0.000724858,,,
1786043619495851060,1786043619.495168400,/novatel/oem7/odom,/novatel/oem7/fix,/novatel/oem7/odom,39.663,-75.756,-1.800484735,0.003821103,-0.000724858,0.003772961,0.000604647,-0.000724858,,,
1786043619506512470,1786043619.505943749,/novatel/oem7/inspva,/novatel/oem7/inspva,/novatel/oem7/inspva,39.663,-75.756,-1.800484937,0.004208378,-0.001044021,0.000605144,0.004164642,-0.001044021,,novatel_oem7_msgs.msg.InertialSolutionStatus(status=3),
1786043619507913948,1786043619.506090443,/novatel/oem7/fix,/novatel/oem7/fix,/novatel/oem7/inspva,39.663,-75.756,-1.800484937,0.004208378,-0.001044021,0.000605144,0.004164642,-0.001044021,,0,
1786043619509056725,1786043619.506619832,/novatel/oem7/odom,/novatel/oem7/fix,/novatel/oem7/odom,39.663,-75.756,-1.800484937,0.004212828,-0.001025915,0.004193655,0.000401466,-0.001025915,,,
1786043619511957331,1786043619.511346195,/novatel/oem7/bestpos,/novatel/oem7/bestpos,/novatel/oem7/odom,39.663,-75.756,33.181826383,0.004212828,-0.001025915,0.004193655,0.000401466,-0.001025915,,novatel_oem7_msgs.msg.SolutionStatus(status=0),novatel_oem7_msgs.msg.PositionOrVelocityType(type=53)
1786043619514266710,1786043619.513615420,/novatel/oem7/bestvel,/novatel/oem7/bestpos,/novatel/oem7/bestvel,39.663,-75.756,33.181826383,0.005373652,-0.001699388,,,,82.484468664,novatel_oem7_msgs.msg.SolutionStatus(status=0),novatel_oem7_msgs.msg.PositionOrVelocityType(type=53)
1786043619516501972,1786043619.515715190,/novatel/oem7/odom,/novatel/oem7/bestpos,/novatel/oem7/odom,39.663,-75.756,33.181826383,0.004212828,-0.001025915,0.004193655,0.000401466,-0.001025915,,,
1786043619525884163,1786043619.525288434,/novatel/oem7/inspva,/novatel/oem7/inspva,/novatel/oem7/inspva,39.663,-75.756,-1.800486245,0.005442471,-0.001313857,-0.001419767,0.005254022,-0.001313857,,novatel_oem7_msgs.msg.InertialSolutionStatus(status=3),
1786043619527261053,1786043619.525634097,/novatel/oem7/fix,/novatel/oem7/fix,/novatel/oem7/inspva,39.663,-75.756,-1.800486245,0.005442471,-0.001313857,-0.001419767,0.005254022,-0.001313857,,0,
1786043619528335800,1786043619.526082385,/novatel/oem7/odom,/novatel/oem7/fix,/novatel/oem7/odom,39.663,-75.756,-1.800486245,0.005446470,-0.001297178,0.005182807,-0.001674083,-0.001297178,,,
1786043619535738336,1786043619.535023173,/novatel/oem7/odom,/novatel/oem7/fix,/novatel/oem7/odom,39.663,-75.756,-1.800486245,0.005446470,-0.001297178,0.005182807,-0.001674083,-0.001297178,,,
1786043619546716350,1786043619.546160501,/novatel/oem7/inspva,/novatel/oem7/inspva,/novatel/oem7/inspva,39.663,-75.756,-1.800470012,0.005788062,-0.000651672,-0.000987782,0.005703153,-0.000651672,,novatel_oem7_msgs.msg.InertialSolutionStatus(status=3),
1786043619548148757,1786043619.546330293,/novatel/oem7/fix,/novatel/oem7/fix,/novatel/oem7/inspva,39.663,-75.756,-1.800470012,0.005788062,-0.000651672,-0.000987782,0.005703153,-0.000651672,,0,
1786043619549275392,1786043619.546835798,/novatel/oem7/odom,/novatel/oem7/fix,/novatel/oem7/odom,39.663,-75.756,-1.800470012,0.005790238,-0.000632044,0.005650057,-0.001266379,-0.000632044,,,
1786043619556717084,1786043619.556036284,/novatel/oem7/odom,/novatel/oem7/fix,/novatel/oem7/odom,39.663,-75.756,-1.800470012,0.005790238,-0.000632044,0.005650057,-0.001266379,-0.000632044,,,
1786043619565819916,1786043619.565285314,/novatel/oem7/inspva,/novatel/oem7/inspva,/novatel/oem7/inspva,39.663,-75.756,-1.800460342,0.004098818,0.000505112,-0.000126720,0.004096859,0.000505112,,novatel_oem7_msgs.msg.InertialSolutionStatus(status=3),
1786043619567209367,1786043619.565455556,/novatel/oem7/fix,/novatel/oem7/fix,/novatel/oem7/inspva,39.663,-75.756,-1.800460342,0.004098818,0.000505112,-0.000126720,0.004096859,0.000505112,,0,
1786043619568344114,1786043619.565903476,/novatel/oem7/odom,/novatel/oem7/fix,/novatel/oem7/odom,39.663,-75.756,-1.800460342,0.004096829,0.000520999,0.004083514,-0.000330038,0.000520999,,,
1786043619576199834,1786043619.575544548,/novatel/oem7/odom,/novatel/oem7/fix,/novatel/oem7/odom,39.663,-75.756,-1.800460342,0.004096829,0.000520999,0.004083514,-0.000330038,0.000520999,,,
1786043619585698963,1786043619.585135388,/novatel/oem7/inspva,/novatel/oem7/inspva,/novatel/oem7/inspva,39.663,-75.756,-1.800467280,0.004608224,-0.000412160,0.000585214,0.004570913,-0.000412160,,novatel_oem7_msgs.msg.InertialSolutionStatus(status=3),
1786043619587049470,1786043619.585296003,/novatel/oem7/fix,/novatel/oem7/fix,/novatel/oem7/inspva,39.663,-75.756,-1.800467280,0.004608224,-0.000412160,0.000585214,0.004570913,-0.000412160,,0,
1786043619588117117,1786043619.585726967,/novatel/oem7/odom,/novatel/oem7/fix,/novatel/oem7/odom,39.663,-75.756,-1.800467280,0.004609935,-0.000392557,0.004595858,0.000359992,-0.000392557,,,
1786043619595261904,1786043619.594368298,/novatel/oem7/odom,/novatel/oem7/fix,/novatel/oem7/odom,39.663,-75.756,-1.800467280,0.004609935,-0.000392557,0.004595858,0.000359992,-0.000392557,,,
1786043619606796136,1786043619.606221340,/novatel/oem7/inspva,/novatel/oem7/inspva,/novatel/oem7/inspva,39.663,-75.756,-1.800473961,0.004973731,-0.001627912,-0.001003211,0.004871506,-0.001627912,,novatel_oem7_msgs.msg.InertialSolutionStatus(status=3),
1786043619608222717,1786043619.606373679,/novatel/oem7/fix,/novatel/oem7/fix,/novatel/oem7/inspva,39.663,-75.756,-1.800473961,0.004973731,-0.001627912,-0.001003211,0.004871506,-0.001627912,,0,
1786043619609355098,1786043619.607102132,/novatel/oem7/odom,/novatel/oem7/fix,/novatel/oem7/odom,39.663,-75.756,-1.800473961,0.004979037,-0.001611611,0.004822609,-0.001238245,-0.001611611,,,
1786043619610900846,1786043619.610178506,/novatel/oem7/bestpos,/novatel/oem7/bestpos,/novatel/oem7/odom,39.663,-75.756,33.181842942,0.004979037,-0.001611611,0.004822609,-0.001238245,-0.001611611,,novatel_oem7_msgs.msg.SolutionStatus(status=0),novatel_oem7_msgs.msg.PositionOrVelocityType(type=53)
1786043619612363313,1786043619.610515242,/novatel/oem7/bestvel,/novatel/oem7/bestpos,/novatel/oem7/bestvel,39.663,-75.756,33.181842942,0.004389226,-0.001132958,,,,106.727477500,novatel_oem7_msgs.msg.SolutionStatus(status=0),novatel_oem7_msgs.msg.PositionOrVelocityType(type=53)
1786043619615960355,1786043619.615279099,/novatel/oem7/odom,/novatel/oem7/bestpos,/novatel/oem7/odom,39.663,-75.756,33.181842942,0.004979037,-0.001611611,0.004822609,-0.001238245,-0.001611611,,,
1786043619625586806,1786043619.625049404,/novatel/oem7/inspva,/novatel/oem7/inspva,/novatel/oem7/inspva,39.663,-75.756,-1.800453410,0.004479049,-0.000872113,-0.000380976,0.004462817,-0.000872113,,novatel_oem7_msgs.msg.InertialSolutionStatus(status=3),
1786043619626931703,1786043619.625190872,/novatel/oem7/fix,/novatel/oem7/fix,/novatel/oem7/inspva,39.663,-75.756,-1.800453410,0.004479049,-0.000872113,-0.000380976,0.004462817,-0.000872113,,0,
1786043619627988970,1786043619.625616673,/novatel/oem7/odom,/novatel/oem7/fix,/novatel/oem7/odom,39.663,-75.756,-1.800453410,0.004482223,-0.000855650,0.004442085,-0.000598501,-0.000855650,,,
1786043619636341987,1786043619.635640334,/novatel/oem7/odom,/novatel/oem7/fix,/novatel/oem7/odom,39.663,-75.756,-1.800453410,0.004482223,-0.000855650,0.004442085,-0.000598501,-0.000855650,,,
1786043619646103030,1786043619.645595145,/novatel/oem7/inspva,/novatel/oem7/inspva,/novatel/oem7/inspva,39.663,-75.756,-1.800442049,0.006016386,0.000484001,-0.001047296,0.005924532,0.000484001,,novatel_oem7_msgs.msg.InertialSolutionStatus(status=3),
1786043619647601627,1786043619.645743846,/novatel/oem7/fix,/novatel/oem7/fix,/novatel/oem7/inspva,39.663,-75.756,-1.800442049,0.006016386,0.000484001,-0.001047296,0.005924532,0.000484001,,0,
1786043619648699248,1786043619.646594354,/novatel/oem7/odom,/novatel/oem7/fix,/novatel/oem7/odom,39.663,-75.756,-1.800442049,0.006014710,0.000504409,0.005863637,-0.001339585,0.000504409,,,
1786043619657064297,1786043619.656406537,/novatel/oem7/odom,/novatel/oem7/fix,/novatel/oem7/odom,39.663,-75.756,-1.800442049,0.006014710,0.000504409,0.005863637,-0.001339585,0.000504409,,,
1786043619666912236,1786043619.666348607,/novatel/oem7/inspva,/novatel/oem7/inspva,/novatel/oem7/inspva,39.663,-75.756,-1.800448699,0.005263413,-0.000288020,-0.000145643,0.005261398,-0.000288020,,novatel_oem7_msgs.msg.InertialSolutionStatus(status=3),
1786043619668309709,1786043619.666527969,/novatel/oem7/fix,/novatel/oem7/fix,/novatel/oem7/inspva,39.663,-75.756,-1.800448699,0.005263413,-0.000288020,-0.000145643,0.005261398,-0.000288020,,0,
1786043619669468481,1786043619.667009750,/novatel/oem7/odom,/novatel/oem7/fix,/novatel/oem7/odom,39.663,-75.756,-1.800448699,0.005264492,-0.000267578,0.005248943,-0.000404319,-0.000267578,,,
1786043619675609758,1786043619.674908438,/novatel/oem7/odom,/novatel/oem7/fix,/novatel/oem7/odom,39.663,-75.756,-1.800448699,0.005264492,-0.000267578,0.005248943,-0.000404319,-0.000267578,,,
1786043619685901758,1786043619.685384710,/novatel/oem7/inspva,/novatel/oem7/inspva,/novatel/oem7/inspva,39.663,-75.756,-1.800467449,0.004302995,-0.002478597,-0.000503013,0.004273493,-0.002478597,,novatel_oem7_msgs.msg.InertialSolutionStatus(status=3),
1786043619687274875,1786043619.685535071,/novatel/oem7/fix,/novatel/oem7/fix,/novatel/oem7/inspva,39.663,-75.756,-1.800467449,0.004302995,-0.002478597,-0.000503013,0.004273493,-0.002478597,,0,
1786043619688343215,1786043619.686329529,/novatel/oem7/odom,/novatel/oem7/fix,/novatel/oem7/odom,39.663,-75.756,-1.800467449,0.004311785,-0.002463275,0.004253437,-0.000706937,-0.002463275,,,
1786043619696144868,1786043619.695516972,/novatel/oem7/odom,/novatel/oem7/fix,/novatel/oem7/odom,39.663,-75.756,-1.800467449,0.004311785,-0.002463275,0.004253437,-0.000706937,-0.002463275,,,
1786043619706381381,1786043619.705864450,/novatel/oem7/inspva,/novatel/oem7/inspva,/novatel/oem7/inspva,39.663,-75.756,-1.800454860,0.005044703,-0.001545781,-0.000713546,0.004993984,-0.001545781,,novatel_oem7_msgs.msg.InertialSolutionStatus(status=3),
1786043619707754174,1786043619.706016191,/novatel/oem7/fix,/novatel/oem7/fix,/novatel/oem7/inspva,39.663,-75.756,-1.800454860,0.005044703,-0.001545781,-0.000713546,0.004993984,-0.001545781,,0,
1786043619708839872,1786043619.706512569,/novatel/oem7/odom,/novatel/oem7/fix,/novatel/oem7/odom,39.663,-75.756,-1.800454860,0.005050046,-0.001528235,0.004958898,-0.000955142,-0.001528235,,,
1786043619710363857,1786043619.709546036,/novatel/oem7/bestpos,/novatel/oem7/bestpos,/novatel/oem7/odom,39.663,-75.756,33.181867578,0.005050046,-0.001528235,0.004958898,-0.000955142,-0.001528235,,novatel_oem7_msgs.msg.SolutionStatus(status=0),novatel_oem7_msgs.msg.PositionOrVelocityType(type=53)
1786043619711794894,1786043619.710139051,/novatel/oem7/bestvel,/novatel/oem7/bestpos,/novatel/oem7/bestvel,39.663,-75.756,33.181867578,0.004158113,-0.000572522,,,,110.044022952,novatel_oem7_msgs.msg.SolutionStatus(status=0),novatel_oem7_msgs.msg.PositionOrVelocityType(type=53)
1786043619715068923,1786043619.714404909,/novatel/oem7/odom,/novatel/oem7/bestpos,/novatel/oem7/odom,39.663,-75.756,33.181867578,0.005050046,-0.001528235,0.004958898,-0.000955142,-0.001528235,,,
1786043619728316165,1786043619.727658479,/novatel/oem7/inspva,/novatel/oem7/inspva,/novatel/oem7/inspva,39.663,-75.756,-1.800440646,0.005934978,0.000621293,-0.001104629,0.005831274,0.000621293,,novatel_oem7_msgs.msg.InertialSolutionStatus(status=3),
1786043619729725902,1786043619.728006126,/novatel/oem7/fix,/novatel/oem7/fix,/novatel/oem7/inspva,39.663,-75.756,-1.800440646,0.005934978,0.000621293,-0.001104629,0.005831274,0.000621293,,0,
1786043619731093886,1786043619.728321265,/novatel/oem7/odom,/novatel/oem7/fix,/novatel/oem7/odom,39.663,-75.756,-1.800440646,0.005932847,0.000641319,0.005767100,-0.001392564,0.000641319,,,
1786043619735689687,1786043619.735023358,/novatel/oem7/odom,/novatel/oem7/fix,/novatel/oem7/odom,39.663,-75.756,-1.800440646,0.005932847,0.000641319,0.005767100,-0.001392564,0.000641319,,,
1786043619745588190,1786043619.745027002,/novatel/oem7/inspva,/novatel/oem7/inspva,/novatel/oem7/inspva,39.663,-75.756,-1.800451369,0.006539118,-0.000409615,-0.000407773,0.006526391,-0.000409615,,novatel_oem7_msgs.msg.InertialSolutionStatus(status=3),
1786043619746986317,1786043619.745249150,/novatel/oem7/fix,/novatel/oem7/fix,/novatel/oem7/inspva,39.663,-75.756,-1.800451369,0.006539118,-0.000409615,-0.000407773,0.006526391,-0.000409615,,0,
1786043619748107608,1786043619.745571533,/novatel/oem7/odom,/novatel/oem7/fix,/novatel/oem7/odom,39.663,-75.756,-1.800451369,0.006540606,-0.000385114,0.006499951,-0.000728124,-0.000385114,,,
1786043619756293528,1786043619.755683663,/novatel/oem7/odom,/novatel/oem7/fix,/novatel/oem7/odom,39.663,-75.756,-1.800451369,0.006540606,-0.000385114,0.006499951,-0.000728124,-0.000385114,,,
1786043619765996263,1786043619.765336846,/novatel/oem7/inspva,/novatel/oem7/inspva,/novatel/oem7/inspva,39.663,-75.756,-1.800469677,0.004881806,-0.001940505,0.000032459,0.004881698,-0.001940505,,novatel_oem7_msgs.msg.InertialSolutionStatus(status=3),
1786043619767395883,1786043619.765548758,/novatel/oem7/fix,/novatel/oem7/fix,/novatel/oem7/inspva,39.663,-75.756,-1.800469677,0.004881806,-0.001940505,0.000032459,0.004881698,-0.001940505,,0,
1786043619768464887,1786043619.766165838,/novatel/oem7/odom,/novatel/oem7/fix,/novatel/oem7/odom,39.663,-75.756,-1.800469677,0.004889377,-0.001921349,0.004885145,-0.000203391,-0.001921349,,,
1786043619775391551,1786043619.774729535,/novatel/oem7/odom,/novatel/oem7/fix,/novatel/oem7/odom,39.663,-75.756,-1.800469677,0.004889377,-0.001921349,0.004885145,-0.000203391,-0.001921349,,,
1786043619785748305,1786043619.785145640,/novatel/oem7/inspva,/novatel/oem7/inspva,/novatel/oem7/inspva,39.663,-75.756,-1.800467188,0.004859939,-0.001909357,-0.000320108,0.004849385,-0.001909357,,novatel_oem7_msgs.msg.InertialSolutionStatus(status=3),
1786043619787075215,1786043619.785285618,/novatel/oem7/fix,/novatel/oem7/fix,/novatel/oem7/inspva,39.663,-75.756,-1.800467188,0.004859939,-0.001909357,-0.000320108,0.004849385,-0.001909357,,0,
1786043619788086198,1786043619.785667755,/novatel/oem7/odom,/novatel/oem7/fix,/novatel/oem7/odom,39.663,-75.756,-1.800467188,0.004866939,-0.001891443,0.004835296,-0.000554079,-0.001891443,,,
1786043619795704746,1786043619.794980505,/novatel/oem7/odom,/novatel/oem7/fix,/novatel/oem7/odom,39.663,-75.756,-1.800467188,0.004866939,-0.001891443,0.004835296,-0.000554079,-0.001891443,,,
1786043619807048030,1786043619.806463224,/novatel/oem7/inspva,/novatel/oem7/inspva,/novatel/oem7/inspva,39.663,-75.756,-1.800444040,0.006581884,0.000946625,-0.001077032,0.006493165,0.000946625,,novatel_oem7_msgs.msg.InertialSolutionStatus(status=3),
1786043619808413307,1786043619.806614883,/novatel/oem7/fix,/novatel/oem7/fix,/novatel/oem7/inspva,39.663,-75.756,-1.800444040,0.006581884,0.000946625,-0.001077032,0.006493165,0.000946625,,0,
1786043619809478431,1786043619.807013419,/novatel/oem7/odom,/novatel/oem7/fix,/novatel/oem7/odom,39.663,-75.756,-1.800444040,0.006578651,0.000968835,0.006428305,-0.001398406,0.000968835,,,
1786043619811008432,1786043619.810254061,/novatel/oem7/bestpos,/novatel/oem7/bestpos,/novatel/oem7/odom,39.663,-75.756,33.181875170,0.006578651,0.000968835,0.006428305,-0.001398406,0.000968835,,novatel_oem7_msgs.msg.SolutionStatus(status=0),novatel_oem7_msgs.msg.PositionOrVelocityType(type=53)
1786043619812394109,1786043619.810654102,/novatel/oem7/bestvel,/novatel/oem7/bestpos,/novatel/oem7/bestvel,39.663,-75.756,33.181875170,0.006253179,0.000902931,,,,96.880970405,novatel_oem7_msgs.msg.SolutionStatus(status=0),novatel_oem7_msgs.msg.PositionOrVelocityType(type=53)
1786043619815731085,1786043619.815050361,/novatel/oem7/odom,/novatel/oem7/bestpos,/novatel/oem7/odom,39.663,-75.756,33.181875170,0.006578651,0.000968835,0.006428305,-0.001398406,0.000968835,,,
1786043619826017945,1786043619.825396832,/novatel/oem7/inspva,/novatel/oem7/inspva,/novatel/oem7/inspva,39.663,-75.756,-1.800447511,0.006165260,0.000256908,-0.000533889,0.006142100,0.000256908,,novatel_oem7_msgs.msg.InertialSolutionStatus(status=3),
1786043619827415419,1786043619.825568094,/novatel/oem7/fix,/novatel/oem7/fix,/novatel/oem7/inspva,39.663,-75.756,-1.800447511,0.006165260,0.000256908,-0.000533889,0.006142100,0.000256908,,0,
1786043619828472612,1786043619.826060398,/novatel/oem7/odom,/novatel/oem7/fix,/novatel/oem7/odom,39.663,-75.756,-1.800447511,0.006164279,0.000279453,0.006107219,-0.000836783,0.000279453,,,
1786043619835278266,1786043619.834614866,/novatel/oem7/odom,/novatel/oem7/fix,/novatel/oem7/odom,39.663,-75.756,-1.800447511,0.006164279,0.000279453,0.006107219,-0.000836783,0.000279453,,,
1786043619845970230,1786043619.845377171,/novatel/oem7/inspva,/novatel/oem7/inspva,/novatel/oem7/inspva,39.663,-75.756,-1.800463632,0.005157027,-0.001528657,0.001260200,0.005000683,-0.001528657,,novatel_oem7_msgs.msg.InertialSolutionStatus(status=3),
1786043619847311280,1786043619.845565659,/novatel/oem7/fix,/novatel/oem7/fix,/novatel/oem7/inspva,39.663,-75.756,-1.800463632,0.005157027,-0.001528657,0.001260200,0.005000683,-0.001528657,,0,
1786043619848340126,1786043619.846146727,/novatel/oem7/odom,/novatel/oem7/fix,/novatel/oem7/odom,39.663,-75.756,-1.800463632,0.005163741,-0.001505823,0.005062807,0.001015978,-0.001505823,,,
1786043619857400271,1786043619.856490273,/novatel/oem7/odom,/novatel/oem7/fix,/novatel/oem7/odom,39.663,-75.756,-1.800463632,0.005163741,-0.001505823,0.005062807,0.001015978,-0.001505823,,,
1786043619865595732,1786043619.865014873,/novatel/oem7/inspva,/novatel/oem7/inspva,/novatel/oem7/inspva,39.663,-75.756,-1.800460611,0.005476990,-0.001695313,0.000479340,0.005455974,-0.001695313,,novatel_oem7_msgs.msg.InertialSolutionStatus(status=3),
1786043619866929738,1786043619.865166940,/novatel/oem7/fix,/novatel/oem7/fix,/novatel/oem7/inspva,39.663,-75.756,-1.800460611,0.005476990,-0.001695313,0.000479340,0.005455974,-0.001695313,,0,
1786043619867981428,1786043619.865624772,/novatel/oem7/odom,/novatel/oem7/fix,/novatel/oem7/odom,39.663,-75.756,-1.800460611,0.005483917,-0.001672773,0.005479739,0.000214011,-0.001672773,,,
1786043619875293499,1786043619.874590769,/novatel/oem7/odom,/novatel/oem7/fix,/novatel/oem7/odom,39.663,-75.756,-1.800460611,0.005483917,-0.001672773,0.005479739,0.000214011,-0.001672773,,,
1786043619887215456,1786043619.886646624,/novatel/oem7/inspva,/novatel/oem7/inspva,/novatel/oem7/inspva,39.663,-75.756,-1.800450362,0.006151122,-0.000148810,-0.001341198,0.006003123,-0.000148810,,novatel_oem7_msgs.msg.InertialSolutionStatus(status=3),
1786043619888579723,1786043619.886788408,/novatel/oem7/fix,/novatel/oem7/fix,/novatel/oem7/inspva,39.663,-75.756,-1.800450362,0.006151122,-0.000148810,-0.001341198,0.006003123,-0.000148810,,0,
1786043619889609386,1786043619.887714300,/novatel/oem7/odom,/novatel/oem7/fix,/novatel/oem7/odom,39.663,-75.756,-1.800450362,0.006151567,-0.000129097,0.005930254,-0.001635195,-0.000129097,,,
1786043619895646695,1786043619.894939028,/novatel/oem7/odom,/novatel/oem7/fix,/novatel/oem7/odom,39.663,-75.756,-1.800450362,0.006151567,-0.000129097,0.005930254,-0.001635195,-0.000129097,,,
1786043619906367212,1786043619.905801987,/novatel/oem7/inspva,/novatel/oem7/inspva,/novatel/oem7/inspva,39.663,-75.756,-1.800449764,0.007303971,0.000594451,-0.001023723,0.007231872,0.000594451,,novatel_oem7_msgs.msg.InertialSolutionStatus(status=3),
1786043619907733643,1786043619.905943175,/novatel/oem7/fix,/novatel/oem7/fix,/novatel/oem7/inspva,39.663,-75.756,-1.800449764,0.007303971,0.000594451,-0.001023723,0.007231872,0.000594451,,0,
1786043619908755520,1786043619.906556211,/novatel/oem7/odom,/novatel/oem7/fix,/novatel/oem7/odom,39.663,-75.756,-1.800449764,0.007301878,0.000619629,0.007170180,-0.001380554,0.000619629,,,
1786043619910209664,1786043619.909339612,/novatel/oem7/bestpos,/novatel/oem7/bestpos,/novatel/oem7/odom,39.663,-75.756,33.181865953,0.007301878,0.000619629,0.007170180,-0.001380554,0.000619629,,novatel_oem7_msgs.msg.SolutionStatus(status=0),novatel_oem7_msgs.msg.PositionOrVelocityType(type=53)
1786043619911659991,1786043619.910161590,/novatel/oem7/bestvel,/novatel/oem7/bestpos,/novatel/oem7/bestvel,39.663,-75.756,33.181865953,0.007103365,0.000140623,,,,91.027794070,novatel_oem7_msgs.msg.SolutionStatus(status=0),novatel_oem7_msgs.msg.PositionOrVelocityType(type=53)
1786043619916177918,1786043619.915485872,/novatel/oem7/odom,/novatel/oem7/bestpos,/novatel/oem7/odom,39.663,-75.756,33.181865953,0.007301878,0.000619629,0.007170180,-0.001380554,0.000619629,,,
1786043619925878917,1786043619.925297507,/novatel/oem7/inspva,/novatel/oem7/inspva,/novatel/oem7/inspva,39.663,-75.756,-1.800470562,0.005304127,-0.001351393,0.000751492,0.005250621,-0.001351393,,novatel_oem7_msgs.msg.InertialSolutionStatus(status=3),
1786043619927215260,1786043619.925456859,/novatel/oem7/fix,/novatel/oem7/fix,/novatel/oem7/inspva,39.663,-75.756,-1.800470562,0.005304127,-0.001351393,0.000751492,0.005250621,-0.001351393,,0,
1786043619928250703,1786043619.925811079,/novatel/oem7/odom,/novatel/oem7/fix,/novatel/oem7/odom,39.663,-75.756,-1.800470562,0.005309854,-0.001328711,0.005286717,0.000495159,-0.001328711,,,
1786043619935536061,1786043619.934836383,/novatel/oem7/odom,/novatel/oem7/fix,/novatel/oem7/odom,39.663,-75.756,-1.800470562,0.005309854,-0.001328711,0.005286717,0.000495159,-0.001328711,,,
1786043619946652373,1786043619.946050307,/novatel/oem7/inspva,/novatel/oem7/inspva,/novatel/oem7/inspva,39.663,-75.756,-1.800477952,0.005384636,-0.002092617,0.000442985,0.005366383,-0.002092617,,novatel_oem7_msgs.msg.InertialSolutionStatus(status=3),
1786043619948005023,1786043619.946214671,/novatel/oem7/fix,/novatel/oem7/fix,/novatel/oem7/inspva,39.663,-75.756,-1.800477952,0.005384636,-0.002092617,0.000442985,0.005366383,-0.002092617,,0,
1786043619949068773,1786043619.946630282,/novatel/oem7/odom,/novatel/oem7/fix,/novatel/oem7/odom,39.663,-75.756,-1.800477952,0.005393143,-0.002070595,0.005390030,0.000183224,-0.002070595,,,
1786043619956537159,1786043619.955850889,/novatel/oem7/odom,/novatel/oem7/fix,/novatel/oem7/odom,39.663,-75.756,-1.800477952,0.005393143,-0.002070595,0.005390030,0.000183224,-0.002070595,,,
1786043619965871703,1786043619.965282607,/novatel/oem7/inspva,/novatel/oem7/inspva,/novatel/oem7/inspva,39.663,-75.756,-1.800481302,0.007500394,-0.000939684,-0.001682015,0.007309359,-0.000939684,,novatel_oem7_msgs.msg.InertialSolutionStatus(status=3),
1786043619968567006,1786043619.965548837,/novatel/oem7/fix,/novatel/oem7/fix,/novatel/oem7/inspva,39.663,-75.756,-1.800481302,0.007500394,-0.000939684,-0.001682015,0.007309359,-0.000939684,,0,
1786043619970383877,1786043619.966056489,/novatel/oem7/odom,/novatel/oem7/fix,/novatel/oem7/odom,39.663,-75.756,-1.800481302,0.007503307,-0.000916128,0.007221252,-0.002037925,-0.000916128,,,
1786043619976172517,1786043619.975468357,/novatel/oem7/odom,/novatel/oem7/fix,/novatel/oem7/odom,39.663,-75.756,-1.800481302,0.007503307,-0.000916128,0.007221252,-0.002037925,-0.000916128,,,
1786043619985529729,1786043619.984986730,/novatel/oem7/inspva,/novatel/oem7/inspva,/novatel/oem7/inspva,39.663,-75.756,-1.800475477,0.006856543,0.000316247,-0.001501915,0.006690025,0.000316247,,novatel_oem7_msgs.msg.InertialSolutionStatus(status=3),
1786043619986919415,1786043619.985172398,/novatel/oem7/fix,/novatel/oem7/fix,/novatel/oem7/inspva,39.663,-75.756,-1.800475477,0.006856543,0.000316247,-0.001501915,0.006690025,0.000316247,,0,
1786043619988033243,1786043619.985565179,/novatel/oem7/odom,/novatel/oem7/fix,/novatel/oem7/odom,39.663,-75.756,-1.800475477,0.006855504,0.000338009,0.006606526,-0.001830781,0.000338009,,,
1786043619995063792,1786043619.994416383,/novatel/oem7/odom,/novatel/oem7/fix,/novatel/oem7/odom,39.663,-75.756,-1.800475477,0.006855504,0.000338009,0.006606526,-0.001830781,0.000338009,,,
1786043620008963664,1786043620.008450829,/novatel/oem7/inspva,/novatel/oem7/inspva,/novatel/oem7/inspva,39.663,-75.756,-1.800486431,0.005497057,-0.000204655,0.000314117,0.005488075,-0.000204655,,novatel_oem7_msgs.msg.InertialSolutionStatus(status=3),
1786043620010326811,1786043620.008633017,/novatel/oem7/fix,/novatel/oem7/fix,/novatel/oem7/inspva,39.663,-75.756,-1.800486431,0.005497057,-0.000204655,0.000314117,0.005488075,-0.000204655,,0,
1786043620011927013,1786043620.011196285,/novatel/oem7/odom,/novatel/oem7/fix,/novatel/oem7/odom,39.663,-75.756,-1.800486431,0.005497840,-0.000182396,0.005497667,0.000043715,-0.000182396,,,
1786043620016724339,1786043620.016034216,/novatel/oem7/odom,/novatel/oem7/fix,/novatel/oem7/odom,39.663,-75.756,-1.800486431,0.005497840,-0.000182396,0.005497667,0.000043715,-0.000182396,,,
1786043620026217039,1786043620.025593735,/novatel/oem7/bestpos,/novatel/oem7/bestpos,/novatel/oem7/odom,39.663,-75.756,33.181827088,0.005497840,-0.000182396,0.005497667,0.000043715,-0.000182396,,novatel_oem7_msgs.msg.SolutionStatus(status=0),novatel_oem7_msgs.msg.PositionOrVelocityType(type=53)
1786043620027780437,1786043620.026691624,/novatel/oem7/bestvel,/novatel/oem7/bestpos,/novatel/oem7/bestvel,39.663,-75.756,33.181827088,0.006832696,-0.000775944,,,,89.105005103,novatel_oem7_msgs.msg.SolutionStatus(status=0),novatel_oem7_msgs.msg.PositionOrVelocityType(type=53)
1786043620028823664,1786043620.027184295,/novatel/oem7/inspva,/novatel/oem7/inspva,/novatel/oem7/inspva,39.663,-75.756,-1.800494893,0.005776354,-0.000933843,0.000291646,0.005768986,-0.000933843,,novatel_oem7_msgs.msg.InertialSolutionStatus(status=3),
1786043620030255225,1786043620.027387640,/novatel/oem7/fix,/novatel/oem7/fix,/novatel/oem7/inspva,39.663,-75.756,-1.800494893,0.005776354,-0.000933843,0.000291646,0.005768986,-0.000933843,,0,
1786043620031442470,1786043620.027839735,/novatel/oem7/odom,/novatel/oem7/fix,/novatel/oem7/odom,39.663,-75.756,-1.800494893,0.005780059,-0.000910625,0.005780052,0.000009332,-0.000910625,,,
1786043620035282511,1786043620.034630015,/novatel/oem7/odom,/novatel/oem7/fix,/novatel/oem7/odom,39.663,-75.756,-1.800494893,0.005780059,-0.000910625,0.005780052,0.000009332,-0.000910625,,,
1786043620045941878,1786043620.045398669,/novatel/oem7/inspva,/novatel/oem7/inspva,/novatel/oem7/inspva,39.663,-75.756,-1.800506982,0.006741158,-0.001821228,-0.001553996,0.006559597,-0.001821228,,novatel_oem7_msgs.msg.InertialSolutionStatus(status=3),
1786043620047311525,1786043620.045591408,/novatel/oem7/fix,/novatel/oem7/fix,/novatel/oem7/inspva,39.663,-75.756,-1.800506982,0.006741158,-0.001821228,-0.001553996,0.006559597,-0.001821228,,0,
1786043620048556797,1786043620.046318362,/novatel/oem7/odom,/novatel/oem7/fix,/novatel/oem7/odom,39.663,-75.756,-1.800506982,0.006746810,-0.001800180,0.006482263,-0.001870749,-0.001800180,,,
1786043620057217461,1786043620.056571068,/novatel/oem7/odom,/novatel/oem7/fix,/novatel/oem7/odom,39.663,-75.756,-1.800506982,0.006746810,-0.001800180,0.006482263,-0.001870749,-0.001800180,,,
1786043620066661827,1786043620.066130015,/novatel/oem7/inspva,/novatel/oem7/inspva,/novatel/oem7/inspva,39.663,-75.756,-1.800504358,0.007043318,-0.000779996,-0.001573404,0.006865328,-0.000779996,,novatel_oem7_msgs.msg.InertialSolutionStatus(status=3),
1786043620068040134,1786043620.066308380,/novatel/oem7/fix,/novatel/oem7/fix,/novatel/oem7/inspva,39.663,-75.756,-1.800504358,0.007043318,-0.000779996,-0.001573404,0.006865328,-0.000779996,,0,
1786043620069162151,1786043620.066806388,/novatel/oem7/odom,/novatel/oem7/fix,/novatel/oem7/odom,39.663,-75.756,-1.800504358,0.007045747,-0.000757739,0.006782506,-0.001907920,-0.000757739,,,
1786043620075219170,1786043620.074569916,/novatel/oem7/odom,/novatel/oem7/fix,/novatel/oem7/odom,39.663,-75.756,-1.800504358,0.007045747,-0.000757739,0.006782506,-0.001907920,-0.000757739,,,
1786043620085829981,1786043620.085294209,/novatel/oem7/inspva,/novatel/oem7/inspva,/novatel/oem7/inspva,39.663,-75.756,-1.800493167,0.005284799,0.001336306,0.000437214,0.005266683,0.001336306,,novatel_oem7_msgs.msg.InertialSolutionStatus(status=3),
1786043620087214234,1786043620.085496661,/novatel/oem7/fix,/novatel/oem7/fix,/novatel/oem7/inspva,39.663,-75.756,-1.800493167,0.005284799,0.001336306,0.000437214,0.005266683,0.001336306,,0,
1786043620088331572,1786043620.086136231,/novatel/oem7/odom,/novatel/oem7/fix,/novatel/oem7/odom,39.663,-75.756,-1.800493167,0.005279245,0.001358084,0.005276387,0.000173674,0.001358084,,,
1786043620096484735,1786043620.095775498,/novatel/oem7/odom,/novatel/oem7/fix,/novatel/oem7/odom,39.663,-75.756,-1.800493167,0.005279245,0.001358084,0.005276387,0.000173674,0.001358084,,,
1786043620106377478,1786043620.105853216,/novatel/oem7/inspva,/novatel/oem7/inspva,/novatel/oem7/inspva,39.663,-75.756,-1.800518822,0.005723129,-0.000478889,0.000509037,0.005700446,-0.000478889,,novatel_oem7_msgs.msg.InertialSolutionStatus(status=3),
1786043620107796702,1786043620.106031278,/novatel/oem7/fix,/novatel/oem7/fix,/novatel/oem7/inspva,39.663,-75.756,-1.800518822,0.005723129,-0.000478889,0.000509037,0.005700446,-0.000478889,,0,
1786043620108900213,1786043620.106505286,/novatel/oem7/odom,/novatel/oem7/fix,/novatel/oem7/odom,39.663,-75.756,-1.800518822,0.005725052,-0.000455325,0.005720482,0.000228692,-0.000455325,,,
1786043620110393737,1786043620.109273636,/novatel/oem7/bestpos,/novatel/oem7/bestpos,/novatel/oem7/odom,39.663,-75.756,33.181812698,0.005725052,-0.000455325,0.005720482,0.000228692,-0.000455325,,novatel_oem7_msgs.msg.SolutionStatus(status=0),novatel_oem7_msgs.msg.PositionOrVelocityType(type=53)
1786043620111863415,1786043620.109901663,/novatel/oem7/bestvel,/novatel/oem7/bestpos,/novatel/oem7/bestvel,39.663,-75.756,33.181812698,0.006609504,-0.001285771,,,,79.644235247,novatel_oem7_msgs.msg.SolutionStatus(status=0),novatel_oem7_msgs.msg.PositionOrVelocityType(type=53)
1786043620115339812,1786043620.114454600,/novatel/oem7/odom,/novatel/oem7/bestpos,/novatel/oem7/odom,39.663,-75.756,33.181812698,0.005725052,-0.000455325,0.005720482,0.000228692,-0.000455325,,,
1786043620127225382,1786043620.126673629,/novatel/oem7/inspva,/novatel/oem7/inspva,/novatel/oem7/inspva,39.663,-75.756,-1.800547942,0.006211905,-0.002715674,-0.000666881,0.006176005,-0.002715674,,novatel_oem7_msgs.msg.InertialSolutionStatus(status=3),
1786043620128725810,1786043620.126862228,/novatel/oem7/fix,/novatel/oem7/fix,/novatel/oem7/inspva,39.663,-75.756,-1.800547942,0.006211905,-0.002715674,-0.000666881,0.006176005,-0.002715674,,0,
1786043620129870314,1786043620.127418304,/novatel/oem7/odom,/novatel/oem7/fix,/novatel/oem7/odom,39.663,-75.756,-1.800547942,0.006221477,-0.002693672,0.006146414,-0.000963518,-0.002693672,,,
1786043620135817326,1786043620.135125025,/novatel/oem7/odom,/novatel/oem7/fix,/novatel/oem7/odom,39.663,-75.756,-1.800547942,0.006221477,-0.002693672,0.006146414,-0.000963518,-0.002693672,,,
1786043620145763346,1786043620.145227501,/novatel/oem7/inspva,/novatel/oem7/inspva,/novatel/oem7/inspva,39.663,-75.756,-1.800545049,0.006865378,-0.001811444,-0.000704517,0.006829134,-0.001811444,,novatel_oem7_msgs.msg.InertialSolutionStatus(status=3),
1786043620147286414,1786043620.145409306,/novatel/oem7/fix,/novatel/oem7/fix,/novatel/oem7/inspva,39.663,-75.756,-1.800545049,0.006865378,-0.001811444,-0.000704517,0.006829134,-0.001811444,,0,
1786043620148474542,1786043620.145915060,/novatel/oem7/odom,/novatel/oem7/fix,/novatel/oem7/odom,39.663,-75.756,-1.800545049,0.006871787,-0.001786976,0.006793302,-0.001035616,-0.001786976,,,
1786043620156566814,1786043620.155867324,/novatel/oem7/odom,/novatel/oem7/fix,/novatel/oem7/odom,39.663,-75.756,-1.800545049,0.006871787,-0.001786976,0.006793302,-0.001035616,-0.001786976,,,
1786043620165924033,1786043620.165381260,/novatel/oem7/inspva,/novatel/oem7/inspva,/novatel/oem7/inspva,39.663,-75.756,-1.800533498,0.006988353,0.000990922,-0.000223796,0.006984769,0.000990922,,novatel_oem7_msgs.msg.InertialSolutionStatus(status=3),
1786043620167285556,1786043620.165582816,/novatel/oem7/fix,/novatel/oem7/fix,/novatel/oem7/inspva,39.663,-75.756,-1.800533498,0.006988353,0.000990922,-0.000223796,0.006984769,0.000990922,,0,
1786043620168378833,1786043620.166167612,/novatel/oem7/odom,/novatel/oem7/fix,/novatel/oem7/odom,39.663,-75.756,-1.800533498,0.006984541,0.001017447,0.006961217,-0.000570323,0.001017447,,,
1786043620176054401,1786043620.175097845,/novatel/oem7/odom,/novatel/oem7/fix,/novatel/oem7/odom,39.663,-75.756,-1.800533498,0.006984541,0.001017447,0.006961217,-0.000570323,0.001017447,,,
1786043620186971451,1786043620.186410056,/novatel/oem7/inspva,/novatel/oem7/inspva,/novatel/oem7/inspva,39.663,-75.756,-1.800554332,0.006363181,-0.000051415,0.000192592,0.006360266,-0.000051415,,novatel_oem7_msgs.msg.InertialSolutionStatus(status=3),
1786043620188361498,1786043620.186574447,/novatel/oem7/fix,/novatel/oem7/fix,/novatel/oem7/inspva,39.663,-75.756,-1.800554332,0.006363181,-0.000051415,0.000192592,0.006360266,-0.000051415,,0,
1786043620189459362,1786043620.187004250,/novatel/oem7/odom,/novatel/oem7/fix,/novatel/oem7/odom,39.663,-75.756,-1.800554332,0.006363335,-0.000026165,0.006362185,-0.000120944,-0.000026165,,,
1786043620195232262,1786043620.194546089,/novatel/oem7/odom,/novatel/oem7/fix,/novatel/oem7/odom,39.663,-75.756,-1.800554332,0.006363335,-0.000026165,0.006362185,-0.000120944,-0.000026165,,,
1786043620206981463,1786043620.206450848,/novatel/oem7/inspva,/novatel/oem7/inspva,/novatel/oem7/inspva,39.663,-75.756,-1.800590243,0.005801312,-0.002643090,0.000826251,0.005742171,-0.002643090,,novatel_oem7_msgs.msg.InertialSolutionStatus(status=3),
1786043620208337183,1786043620.206630957,/novatel/oem7/fix,/novatel/oem7/fix,/novatel/oem7/inspva,39.663,-75.756,-1.800590243,0.005801312,-0.002643090,0.000826251,0.005742171,-0.002643090,,0,
1786043620209457111,1786043620.207051523,/novatel/oem7/odom,/novatel/oem7/fix,/novatel/oem7/odom,39.663,-75.756,-1.800590243,0.005812362,-0.002618702,0.005786378,0.000548984,-0.002618702,,,
1786043620210989062,1786043620.210014963,/novatel/oem7/bestpos,/novatel/oem7/bestpos,/novatel/oem7/odom,39.663,-75.756,33.181761024,0.005812362,-0.002618702,0.005786378,0.000548984,-0.002618702,,novatel_oem7_msgs.msg.SolutionStatus(status=0),novatel_oem7_msgs.msg.PositionOrVelocityType(type=53)
1786043620212476424,1786043620.210413364,/novatel/oem7/bestvel,/novatel/oem7/bestpos,/novatel/oem7/bestvel,39.663,-75.756,33.181761024,0.005211715,-0.002195279,,,,83.928947330,novatel_oem7_msgs.msg.SolutionStatus(status=0),novatel_oem7_msgs.msg.PositionOrVelocityType(type=53)
1786043620216065282,1786043620.215442244,/novatel/oem7/odom,/novatel/oem7/bestpos,/novatel/oem7/odom,39.663,-75.756,33.181761024,0.005812362,-0.002618702,0.005786378,0.000548984,-0.002618702,,,
1786043620225689956,1786043620.225092233,/novatel/oem7/inspva,/novatel/oem7/inspva,/novatel/oem7/inspva,39.663,-75.756,-1.800585413,0.005943968,-0.001920982,0.000421459,0.005929008,-0.001920982,,novatel_oem7_msgs.msg.InertialSolutionStatus(status=3),
1786043620227089336,1786043620.225267435,/novatel/oem7/fix,/novatel/oem7/fix,/novatel/oem7/inspva,39.663,-75.756,-1.800585413,0.005943968,-0.001920982,0.000421459,0.005929008,-0.001920982,,0,
1786043620228212601,1786043620.225755917,/novatel/oem7/odom,/novatel/oem7/fix,/novatel/oem7/odom,39.663,-75.756,-1.800585413,0.005951665,-0.001897003,0.005950163,0.000133668,-0.001897003,,,
1786043620235273646,1786043620.234577206,/novatel/oem7/odom,/novatel/oem7/fix,/novatel/oem7/odom,39.663,-75.756,-1.800585413,0.005951665,-0.001897003,0.005950163,0.000133668,-0.001897003,,,
1786043620246538512,1786043620.245948774,/novatel/oem7/inspva,/novatel/oem7/inspva,/novatel/oem7/inspva,39.663,-75.756,-1.800569689,0.007317368,0.000808334,-0.000438118,0.007304241,0.000808334,,novatel_oem7_msgs.msg.InertialSolutionStatus(status=3),
1786043620247957326,1786043620.246113542,/novatel/oem7/fix,/novatel/oem7/fix,/novatel/oem7/inspva,39.663,-75.756,-1.800569689,0.007317368,0.000808334,-0.000438118,0.007304241,0.000808334,,0,
1786043620249081911,1786043620.246910856,/novatel/oem7/odom,/novatel/oem7/fix,/novatel/oem7/odom,39.663,-75.756,-1.800569689,0.007314320,0.000835469,0.007270480,-0.000799620,0.000835469,,,
1786043620257158770,1786043620.256469063,/novatel/oem7/odom,/novatel/oem7/fix,/novatel/oem7/odom,39.663,-75.756,-1.800569689,0.007314320,0.000835469,0.007270480,-0.000799620,0.000835469,,,
1786043620265780650,1786043620.265107539,/novatel/oem7/inspva,/novatel/oem7/inspva,/novatel/oem7/inspva,39.663,-75.756,-1.800591794,0.007090608,-0.000326962,-0.000134045,0.007089341,-0.000326962,,novatel_oem7_msgs.msg.InertialSolutionStatus(status=3),
1786043620267283855,1786043620.265200356,/novatel/oem7/fix,/novatel/oem7/fix,/novatel/oem7/inspva,39.663,-75.756,-1.800591794,0.007090608,-0.000326962,-0.000134045,0.007089341,-0.000326962,,0,
1786043620268492291,1786043620.265877615,/novatel/oem7/odom,/novatel/oem7/fix,/novatel/oem7/odom,39.663,-75.756,-1.800591794,0.007091799,-0.000300016,0.007075377,-0.000482341,-0.000300016,,,
1786043620276471718,1786043620.275750244,/novatel/oem7/odom,/novatel/oem7/fix,/novatel/oem7/odom,39.663,-75.756,-1.800591794,0.007091799,-0.000300016,0.007075377,-0.000482341,-0.000300016,,,
1786043620285975251,1786043620.285413879,/novatel/oem7/inspva,/novatel/oem7/inspva,/novatel/oem7/inspva,39.663,-75.756,-1.800619381,0.006075900,-0.001555931,0.001850150,0.005787357,-0.001555931,,novatel_oem7_msgs.msg.InertialSolutionStatus(status=3),
1786043620287354611,1786043620.285618828,/novatel/oem7/fix,/novatel/oem7/fix,/novatel/oem7/inspva,39.663,-75.756,-1.800619381,0.006075900,-0.001555931,0.001850150,0.005787357,-0.001555931,,0,
1786043620288459202,1786043620.286372798,/novatel/oem7/odom,/novatel/oem7/fix,/novatel/oem7/odom,39.663,-75.756,-1.800619381,0.006082843,-0.001528561,0.005877602,0.001566773,-0.001528561,,,
1786043620295655869,1786043620.294912408,/novatel/oem7/odom,/novatel/oem7/fix,/novatel/oem7/odom,39.663,-75.756,-1.800619381,0.006082843,-0.001528561,0.005877602,0.001566773,-0.001528561,,,
1786043620306670399,1786043620.306068794,/novatel/oem7/inspva,/novatel/oem7/inspva,/novatel/oem7/inspva,39.663,-75.756,-1.800633700,0.005245334,-0.002232582,0.001391256,0.005057464,-0.002232582,,novatel_oem7_msgs.msg.InertialSolutionStatus(status=3),
1786043620308094563,1786043620.306249499,/novatel/oem7/fix,/novatel/oem7/fix,/novatel/oem7/inspva,39.663,-75.756,-1.800633700,0.005245334,-0.002232582,0.001391256,0.005057464,-0.002232582,,0,
1786043620309232898,1786043620.306864531,/novatel/oem7/odom,/novatel/oem7/fix,/novatel/oem7/odom,39.663,-75.756,-1.800633700,0.005255179,-0.002209310,0.005128702,0.001146000,-0.002209310,,,
1786043620310796510,1786043620.309435153,/novatel/oem7/bestpos,/novatel/oem7/bestpos,/novatel/oem7/odom,39.663,-75.756,33.181715772,0.005255179,-0.002209310,0.005128702,0.001146000,-0.002209310,,novatel_oem7_msgs.msg.SolutionStatus(status=0),novatel_oem7_msgs.msg.PositionOrVelocityType(type=53)
1786043620311823510,1786043620.310067146,/novatel/oem7/bestvel,/novatel/oem7/bestpos,/novatel/oem7/bestvel,39.663,-75.756,33.181715772,0.005262589,-0.001874337,,,,83.171460764,novatel_oem7_msgs.msg.SolutionStatus(status=0),novatel_oem7_msgs.msg.PositionOrVelocityType(type=53)
1786043620315226497,1786043620.314487149,/novatel/oem7/odom,/novatel/oem7/bestpos,/novatel/oem7/odom,39.663,-75.756,33.181715772,0.005255179,-0.002209310,0.005128702,0.001146000,-0.002209310,,,
1786043620325830366,1786043620.325254731,/novatel/oem7/inspva,/novatel/oem7/inspva,/novatel/oem7/inspva,39.663,-75.756,-1.800631304,0.006707350,-0.000598404,0.000210404,0.006704049,-0.000598404,,novatel_oem7_msgs.msg.InertialSolutionStatus(status=3),
1786043620327230784,1786043620.325441306,/novatel/oem7/fix,/novatel/oem7/fix,/novatel/oem7/inspva,39.663,-75.756,-1.800631304,0.006707350,-0.000598404,0.000210404,0.006704049,-0.000598404,,0,
1786043620328353065,1786043620.325826665,/novatel/oem7/odom,/novatel/oem7/fix,/novatel/oem7/odom,39.663,-75.756,-1.800631304,0.006709630,-0.000572273,0.006708580,-0.000118706,-0.000572273,,,
1786043620336222928,1786043620.335515461,/novatel/oem7/odom,/novatel/oem7/fix,/novatel/oem7/odom,39.663,-75.756,-1.800631304,0.006709630,-0.000572273,0.006708580,-0.000118706,-0.000572273,,,
1786043620345549396,1786043620.345018821,/novatel/oem7/inspva,/novatel/oem7/inspva,/novatel/oem7/inspva,39.663,-75.756,-1.800653568,0.006582981,-0.000826267,0.000011565,0.006582971,-0.000826267,,novatel_oem7_msgs.msg.InertialSolutionStatus(status=3),
1786043620347015837,1786043620.345194439,/novatel/oem7/fix,/novatel/oem7/fix,/novatel/oem7/inspva,39.663,-75.756,-1.800653568,0.006582981,-0.000826267,0.000011565,0.006582971,-0.000826267,,0,
1786043620348181802,1786043620.345714229,/novatel/oem7/odom,/novatel/oem7/fix,/novatel/oem7/odom,39.663,-75.756,-1.800653568,0.006586096,-0.000801059,0.006578768,-0.000310600,-0.000801059,,,
1786043620356473182,1786043620.355760655,/novatel/oem7/odom,/novatel/oem7/fix,/novatel/oem7/odom,39.663,-75.756,-1.800653568,0.006586096,-0.000801059,0.006578768,-0.000310600,-0.000801059,,,
1786043620367737249,1786043620.367209874,/novatel/oem7/inspva,/novatel/oem7/inspva,/novatel/oem7/inspva,39.663,-75.756,-1.800677211,0.006693289,-0.000789373,0.002134249,0.006343903,-0.000789373,,novatel_oem7_msgs.msg.InertialSolutionStatus(status=3),
1786043620369125376,1786043620.367361196,/novatel/oem7/fix,/novatel/oem7/fix,/novatel/oem7/inspva,39.663,-75.756,-1.800677211,0.006693289,-0.000789373,0.002134249,0.006343903,-0.000789373,,0,
1786043620370194663,1786043620.367758599,/novatel/oem7/odom,/novatel/oem7/fix,/novatel/oem7/odom,39.663,-75.756,-1.800677211,0.006696772,-0.000759263,0.006444391,0.001821149,-0.000759263,,,
1786043620375590822,1786043620.374909399,/novatel/oem7/odom,/novatel/oem7/fix,/novatel/oem7/odom,39.663,-75.756,-1.800677211,0.006696772,-0.000759263,0.006444391,0.001821149,-0.000759263,,,
1786043620385585453,1786043620.385050814,/novatel/oem7/inspva,/novatel/oem7/inspva,/novatel/oem7/inspva,39.663,-75.756,-1.800697263,0.005390551,-0.001084794,0.001927651,0.005034104,-0.001084794,,novatel_oem7_msgs.msg.InertialSolutionStatus(status=3),
1786043620386919300,1786043620.385199556,/novatel/oem7/fix,/novatel/oem7/fix,/novatel/oem7/inspva,39.663,-75.756,-1.800697263,0.005390551,-0.001084794,0.001927651,0.005034104,-0.001084794,,0,
1786043620387988077,1786043620.385709601,/novatel/oem7/odom,/novatel/oem7/fix,/novatel/oem7/odom,39.663,-75.756,-1.800697263,0.005395446,-0.001060180,0.005127220,0.001680018,-0.001060180,,,
1786043620396358525,1786043620.395519270,/novatel/oem7/odom,/novatel/oem7/fix,/novatel/oem7/odom,39.663,-75.756,-1.800697263,0.005395446,-0.001060180,0.005127220,0.001680018,-0.001060180,,,
1786043620407048479,1786043620.406542461,/novatel/oem7/inspva,/novatel/oem7/inspva,/novatel/oem7/inspva,39.663,-75.756,-1.800719223,0.005527214,-0.002351094,0.000648015,0.005489096,-0.002351094,,novatel_oem7_msgs.msg.InertialSolutionStatus(status=3),
1786043620408410966,1786043620.406698519,/novatel/oem7/fix,/novatel/oem7/fix,/novatel/oem7/inspva,39.663,-75.756,-1.800719223,0.005527214,-0.002351094,0.000648015,0.005489096,-0.002351094,,0,
1786043620409528257,1786043620.407217675,/novatel/oem7/odom,/novatel/oem7/fix,/novatel/oem7/odom,39.663,-75.756,-1.800719223,0.005536764,-0.002328514,0.005523517,0.000382780,-0.002328514,,,
1786043620411026215,1786043620.410196197,/novatel/oem7/bestpos,/novatel/oem7/bestpos,/novatel/oem7/odom,39.663,-75.756,33.181651509,0.005536764,-0.002328514,0.005523517,0.000382780,-0.002328514,,novatel_oem7_msgs.msg.SolutionStatus(status=0),novatel_oem7_msgs.msg.PositionOrVelocityType(type=53)
1786043620412510432,1786043620.410617848,/novatel/oem7/bestvel,/novatel/oem7/bestpos,/novatel/oem7/bestvel,39.663,-75.756,33.181651509,0.004249242,-0.001057223,,,,96.202127568,novatel_oem7_msgs.msg.SolutionStatus(status=0),novatel_oem7_msgs.msg.PositionOrVelocityType(type=53)
1786043620415611483,1786043620.414916643,/novatel/oem7/odom,/novatel/oem7/bestpos,/novatel/oem7/odom,39.663,-75.756,33.181651509,0.005536764,-0.002328514,0.005523517,0.000382780,-0.002328514,,,
1786043620426714945,1786043620.426161999,/novatel/oem7/inspva,/novatel/oem7/inspva,/novatel/oem7/inspva,39.663,-75.756,-1.800724263,0.006523583,-0.001335639,0.000110444,0.006522648,-0.001335639,,novatel_oem7_msgs.msg.InertialSolutionStatus(status=3),
1786043620428090278,1786043620.426325101,/novatel/oem7/fix,/novatel/oem7/fix,/novatel/oem7/inspva,39.663,-75.756,-1.800724263,0.006523583,-0.001335639,0.000110444,0.006522648,-0.001335639,,0,
1786043620429192652,1786043620.426961900,/novatel/oem7/odom,/novatel/oem7/fix,/novatel/oem7/odom,39.663,-75.756,-1.800724263,0.006528650,-0.001310644,0.006525348,-0.000207615,-0.001310644,,,
1786043620435240498,1786043620.434470707,/novatel/oem7/odom,/novatel/oem7/fix,/novatel/oem7/odom,39.663,-75.756,-1.800724263,0.006528650,-0.001310644,0.006525348,-0.000207615,-0.001310644,,,
1786043620445824365,1786043620.445229499,/novatel/oem7/inspva,/novatel/oem7/inspva,/novatel/oem7/inspva,39.663,-75.756,-1.800731278,0.006812525,0.000397956,0.001611357,0.006619216,0.000397956,,novatel_oem7_msgs.msg.InertialSolutionStatus(status=3),
1786043620447277309,1786043620.445406630,/novatel/oem7/fix,/novatel/oem7/fix,/novatel/oem7/inspva,39.663,-75.756,-1.800731278,0.006812525,0.000397956,0.001611357,0.006619216,0.000397956,,0,
1786043620448471903,1786043620.445810111,/novatel/oem7/odom,/novatel/oem7/fix,/novatel/oem7/odom,39.663,-75.756,-1.800731278,0.006810716,0.000427806,0.006688913,0.001282299,0.000427806,,,
1786043620457213063,1786043620.456501966,/novatel/oem7/odom,/novatel/oem7/fix,/novatel/oem7/odom,39.663,-75.756,-1.800731278,0.006810716,0.000427806,0.006688913,0.001282299,0.000427806,,,
1786043620465820817,1786043620.465220764,/novatel/oem7/inspva,/novatel/oem7/inspva,/novatel/oem7/inspva,39.663,-75.756,-1.800752381,0.006099430,-0.000502447,0.001945719,0.005780763,-0.000502447,,novatel_oem7_msgs.msg.InertialSolutionStatus(status=3),
1786043620467260211,1786043620.465388599,/novatel/oem7/fix,/novatel/oem7/fix,/novatel/oem7/inspva,39.663,-75.756,-1.800752381,0.006099430,-0.000502447,0.001945719,0.005780763,-0.000502447,,0,
1786043620468347698,1786043620.465741409,/novatel/oem7/odom,/novatel/oem7/fix,/novatel/oem7/odom,39.663,-75.756,-1.800752381,0.006101633,-0.000474944,0.005871513,0.001659898,-0.000474944,,,
1786043620475337596,1786043620.474594895,/novatel/oem7/odom,/novatel/oem7/fix,/novatel/oem7/odom,39.663,-75.756,-1.800752381,0.006101633,-0.000474944,0.005871513,0.001659898,-0.000474944,,,
1786043620487172441,1786043620.486637673,/novatel/oem7/inspva,/novatel/oem7/inspva,/novatel/oem7/inspva,39.663,-75.756,-1.800782881,0.006156775,-0.002483048,0.001820617,0.005881431,-0.002483048,,novatel_oem7_msgs.msg.InertialSolutionStatus(status=3),
1786043620488585629,1786043620.486809021,/novatel/oem7/fix,/novatel/oem7/fix,/novatel/oem7/inspva,39.663,-75.756,-1.800782881,0.006156775,-0.002483048,0.001820617,0.005881431,-0.002483048,,0,
1786043620489713610,1786043620.487222495,/novatel/oem7/odom,/novatel/oem7/fix,/novatel/oem7/odom,39.663,-75.756,-1.800782881,0.006167694,-0.002455800,0.005973614,0.001535051,-0.002455800,,,
1786043620495949211,1786043620.495065812,/novatel/oem7/odom,/novatel/oem7/fix,/novatel/oem7/odom,39.663,-75.756,-1.800782881,0.006167694,-0.002455800,0.005973614,0.001535051,-0.002455800,,,
1786043620506654948,1786043620.506079426,/novatel/oem7/inspva,/novatel/oem7/inspva,/novatel/oem7/inspva,39.663,-75.756,-1.800784596,0.005939960,-0.001809299,0.001053792,0.005845738,-0.001809299,,novatel_oem7_msgs.msg.InertialSolutionStatus(status=3),
1786043620508063512,1786043620.506253224,/novatel/oem7/fix,/novatel/oem7/fix,/novatel/oem7/inspva,39.663,-75.756,-1.800784596,0.005939960,-0.001809299,0.001053792,0.005845738,-0.001809299,,0,
1786043620509204910,1786043620.506612765,/novatel/oem7/odom,/novatel/oem7/fix,/novatel/oem7/odom,39.663,-75.756,-1.800784596,0.005947518,-0.001784298,0.005897569,0.000769194,-0.001784298,,,
1786043620512028421,1786043620.511399091,/novatel/oem7/bestpos,/novatel/oem7/bestpos,/novatel/oem7/odom,39.663,-75.756,33.181583246,0.005947518,-0.001784298,0.005897569,0.000769194,-0.001784298,,novatel_oem7_msgs.msg.SolutionStatus(status=0),novatel_oem7_msgs.msg.PositionOrVelocityType(type=53)
1786043620513561096,1786043620.512246413,/novatel/oem7/bestvel,/novatel/oem7/bestpos,/novatel/oem7/bestvel,39.663,-75.756,33.181583246,0.004907938,-0.000746889,,,,89.348744403,novatel_oem7_msgs.msg.SolutionStatus(status=0),novatel_oem7_msgs.msg.PositionOrVelocityType(type=53)
1786043620516768614,1786043620.516088607,/novatel/oem7/odom,/novatel/oem7/bestpos,/novatel/oem7/odom,39.663,-75.756,33.181583246,0.005947518,-0.001784298,0.005897569,0.000769194,-0.001784298,,,
1786043620525914863,1786043620.525379408,/novatel/oem7/inspva,/novatel/oem7/inspva,/novatel/oem7/inspva,39.663,-75.756,-1.800793646,0.006725419,-0.000139023,0.000672685,0.006691693,-0.000139023,,novatel_oem7_msgs.msg.InertialSolutionStatus(status=3),
1786043620527330200,1786043620.525555020,/novatel/oem7/fix,/novatel/oem7/fix,/novatel/oem7/inspva,39.663,-75.756,-1.800793646,0.006725419,-0.000139023,0.000672685,0.006691693,-0.000139023,,0,
1786043620528478111,1786043620.526130058,/novatel/oem7/odom,/novatel/oem7/fix,/novatel/oem7/odom,39.663,-75.756,-1.800793646,0.006725929,-0.000111650,0.006717199,0.000342582,-0.000111650,,,
1786043620535850860,1786043620.535104176,/novatel/oem7/odom,/novatel/oem7/fix,/novatel/oem7/odom,39.663,-75.756,-1.800793646,0.006725929,-0.000111650,0.006717199,0.000342582,-0.000111650,,,
1786043620546667846,1786043620.546108580,/novatel/oem7/inspva,/novatel/oem7/inspva,/novatel/oem7/inspva,39.663,-75.756,-1.800819209,0.006029595,-0.000273643,0.001577269,0.005819643,-0.000273643,,novatel_oem7_msgs.msg.InertialSolutionStatus(status=3),
1786043620548120570,1786043620.546281252,/novatel/oem7/fix,/novatel/oem7/fix,/novatel/oem7/inspva,39.663,-75.756,-1.800819209,0.006029595,-0.000273643,0.001577269,0.005819643,-0.000273643,,0,
1786043620549304565,1786043620.547056589,/novatel/oem7/odom,/novatel/oem7/fix,/novatel/oem7/odom,39.663,-75.756,-1.800819209,0.006030739,-0.000247162,0.005891284,0.001289413,-0.000247162,,,
1786043620556813968,1786043620.556006690,/novatel/oem7/odom,/novatel/oem7/fix,/novatel/oem7/odom,39.663,-75.756,-1.800819209,0.006030739,-0.000247162,0.005891284,0.001289413,-0.000247162,,,
1786043620565922924,1786043620.565374431,/novatel/oem7/inspva,/novatel/oem7/inspva,/novatel/oem7/inspva,39.663,-75.756,-1.800854311,0.005405669,-0.002243576,0.002242640,0.004918518,-0.002243576,,novatel_oem7_msgs.msg.InertialSolutionStatus(status=3),
1786043620567253277,1786043620.565555143,/novatel/oem7/fix,/novatel/oem7/fix,/novatel/oem7/inspva,39.663,-75.756,-1.800854311,0.005405669,-0.002243576,0.002242640,0.004918518,-0.002243576,,0,
1786043620568305847,1786043620.566197783,/novatel/oem7/odom,/novatel/oem7/fix,/novatel/oem7/odom,39.663,-75.756,-1.800854311,0.005415879,-0.002218815,0.005031713,0.002003399,-0.002218815,,,
1786043620576483410,1786043620.575705209,/novatel/oem7/odom,/novatel/oem7/fix,/novatel/oem7/odom,39.663,-75.756,-1.800854311,0.005415879,-0.002218815,0.005031713,0.002003399,-0.002218815,,,
1786043620585983059,1786043620.585471058,/novatel/oem7/inspva,/novatel/oem7/inspva,/novatel/oem7/inspva,39.663,-75.756,-1.800870896,0.005341401,-0.002541714,0.002156757,0.004886611,-0.002541714,,novatel_oem7_msgs.msg.InertialSolutionStatus(status=3),
1786043620587322082,1786043620.585624559,/novatel/oem7/fix,/novatel/oem7/fix,/novatel/oem7/inspva,39.663,-75.756,-1.800870896,0.005341401,-0.002541714,0.002156757,0.004886611,-0.002541714,,0,
1786043620588387546,1786043620.586083893,/novatel/oem7/odom,/novatel/oem7/fix,/novatel/oem7/odom,39.663,-75.756,-1.800870896,0.005352975,-0.002517248,0.004996806,0.001919966,-0.002517248,,,
1786043620595376731,1786043620.594625174,/novatel/oem7/odom,/novatel/oem7/fix,/novatel/oem7/odom,39.663,-75.756,-1.800870896,0.005352975,-0.002517248,0.004996806,0.001919966,-0.002517248,,,
1786043620607148719,1786043620.606614184,/novatel/oem7/inspva,/novatel/oem7/inspva,/novatel/oem7/inspva,39.663,-75.756,-1.800878583,0.005668074,-0.000521752,0.000385141,0.005654974,-0.000521752,,novatel_oem7_msgs.msg.InertialSolutionStatus(status=3),
1786043620608519382,1786043620.606773826,/novatel/oem7/fix,/novatel/oem7/fix,/novatel/oem7/inspva,39.663,-75.756,-1.800878583,0.005668074,-0.000521752,0.000385141,0.005654974,-0.000521752,,0,
1786043620609621036,1786043620.607264087,/novatel/oem7/odom,/novatel/oem7/fix,/novatel/oem7/odom,39.663,-75.756,-1.800878583,0.005670102,-0.000499230,0.005669083,0.000107519,-0.000499230,,,
1786043620611131898,1786043620.610392224,/novatel/oem7/bestpos,/novatel/oem7/bestpos,/novatel/oem7/odom,39.663,-75.756,33.181470323,0.005670102,-0.000499230,0.005669083,0.000107519,-0.000499230,,novatel_oem7_msgs.msg.SolutionStatus(status=0),novatel_oem7_msgs.msg.PositionOrVelocityType(type=53)
1786043620612593535,1786043620.610834295,/novatel/oem7/bestvel,/novatel/oem7/bestpos,/novatel/oem7/bestvel,39.663,-75.756,33.181470323,0.005527198,-0.000666786,,,,81.681663023,novatel_oem7_msgs.msg.SolutionStatus(status=0),novatel_oem7_msgs.msg.PositionOrVelocityType(type=53)
1786043620615865577,1786043620.615168657,/novatel/oem7/odom,/novatel/oem7/bestpos,/novatel/oem7/odom,39.663,-75.756,33.181470323,0.005670102,-0.000499230,0.005669083,0.000107519,-0.000499230,,,
1786043620625748754,1786043620.625216325,/novatel/oem7/inspva,/novatel/oem7/inspva,/novatel/oem7/inspva,39.663,-75.756,-1.800906462,0.006157329,-0.000110809,0.001522781,0.005966058,-0.000110809,,novatel_oem7_msgs.msg.InertialSolutionStatus(status=3),
1786043620627504765,1786043620.625369367,/novatel/oem7/fix,/novatel/oem7/fix,/novatel/oem7/inspva,39.663,-75.756,-1.800906462,0.006157329,-0.000110809,0.001522781,0.005966058,-0.000110809,,0,
1786043620628768693,1786043620.625790678,/novatel/oem7/odom,/novatel/oem7/fix,/novatel/oem7/odom,39.663,-75.756,-1.800906462,0.006157754,-0.000083940,0.006034207,0.001227308,-0.000083940,,,
1786043620636554723,1786043620.635830489,/novatel/oem7/odom,/novatel/oem7/fix,/novatel/oem7/odom,39.663,-75.756,-1.800906462,0.006157754,-0.000083940,0.006034207,0.001227308,-0.000083940,,,
1786043620646075529,1786043620.645559107,/novatel/oem7/inspva,/novatel/oem7/inspva,/novatel/oem7/inspva,39.663,-75.756,-1.800949336,0.004814871,-0.002423296,0.002217708,0.004273728,-0.002423296,,novatel_oem7_msgs.msg.InertialSolutionStatus(status=3),
1786043620647607497,1786043620.645721512,/novatel/oem7/fix,/novatel/oem7/fix,/novatel/oem7/inspva,39.663,-75.756,-1.800949336,0.004814871,-0.002423296,0.002217708,0.004273728,-0.002423296,,0,
1786043620648778062,1786043620.646704508,/novatel/oem7/odom,/novatel/oem7/fix,/novatel/oem7/odom,39.663,-75.756,-1.800949336,0.004826060,-0.002400936,0.004387250,0.002010694,-0.002400936,,,
1786043620657049149,1786043620.656387568,/novatel/oem7/odom,/novatel/oem7/fix,/novatel/oem7/odom,39.663,-75.756,-1.800949336,0.004826060,-0.002400936,0.004387250,0.002010694,-0.002400936,,,
1786043620666691840,1786043620.666130418,/novatel/oem7/inspva,/novatel/oem7/inspva,/novatel/oem7/inspva,39.663,-75.756,-1.800968537,0.005239253,-0.002965965,0.002687960,0.004497182,-0.002965965,,novatel_oem7_msgs.msg.InertialSolutionStatus(status=3),
1786043620668096127,1786043620.666291116,/novatel/oem7/fix,/novatel/oem7/fix,/novatel/oem7/inspva,39.663,-75.756,-1.800968537,0.005239253,-0.002965965,0.002687960,0.004497182,-0.002965965,,0,
1786043620669197672,1786043620.666722841,/novatel/oem7/odom,/novatel/oem7/fix,/novatel/oem7/odom,39.663,-75.756,-1.800968537,0.005253014,-0.002941524,0.004635630,0.002470847,-0.002941524,,,
1786043620675623684,1786043620.674947223,/novatel/oem7/odom,/novatel/oem7/fix,/novatel/oem7/odom,39.663,-75.756,-1.800968537,0.005253014,-0.002941524,0.004635630,0.002470847,-0.002941524,,,
1786043620685981215,1786043620.685471400,/novatel/oem7/inspva,/novatel/oem7/inspva,/novatel/oem7/inspva,39.663,-75.756,-1.800986103,0.006075629,-0.001373665,0.000860242,0.006014420,-0.001373665,,novatel_oem7_msgs.msg.InertialSolutionStatus(status=3),
1786043620687365119,1786043620.685622058,/novatel/oem7/fix,/novatel/oem7/fix,/novatel/oem7/inspva,39.663,-75.756,-1.800986103,0.006075629,-0.001373665,0.000860242,0.006014420,-0.001373665,,0,
1786043620688641888,1786043620.686293709,/novatel/oem7/odom,/novatel/oem7/fix,/novatel/oem7/odom,39.663,-75.756,-1.800986103,0.006081234,-0.001348633,0.006054784,0.000566571,-0.001348633,,,
1786043620696225942,1786043620.695582160,/novatel/oem7/odom,/novatel/oem7/fix,/novatel/oem7/odom,39.663,-75.756,-1.800986103,0.006081234,-0.001348633,0.006054784,0.000566571,-0.001348633,,,
1786043620706358104,1786043620.705857269,/novatel/oem7/inspva,/novatel/oem7/inspva,/novatel/oem7/inspva,39.663,-75.756,-1.801013242,0.006274049,-0.000848298,0.001304996,0.006136829,-0.000848298,,novatel_oem7_msgs.msg.InertialSolutionStatus(status=3),
1786043620707749371,1786043620.706007297,/novatel/oem7/fix,/novatel/oem7/fix,/novatel/oem7/inspva,39.663,-75.756,-1.801013242,0.006274049,-0.000848298,0.001304996,0.006136829,-0.000848298,,0,
1786043620708847115,1786043620.706612583,/novatel/oem7/odom,/novatel/oem7/fix,/novatel/oem7/odom,39.663,-75.756,-1.801013242,0.006277619,-0.000821462,0.006196909,0.001003405,-0.000821462,,,
1786043620710352356,1786043620.709708360,/novatel/oem7/bestpos,/novatel/oem7/bestpos,/novatel/oem7/odom,39.663,-75.756,33.181326652,0.006277619,-0.000821462,0.006196909,0.001003405,-0.000821462,,novatel_oem7_msgs.msg.SolutionStatus(status=0),novatel_oem7_msgs.msg.PositionOrVelocityType(type=53)
1786043620711824174,1786043620.710296486,/novatel/oem7/bestvel,/novatel/oem7/bestpos,/novatel/oem7/bestvel,39.663,-75.756,33.181326652,0.006535317,-0.001390940,,,,69.996840643,novatel_oem7_msgs.msg.SolutionStatus(status=0),novatel_oem7_msgs.msg.PositionOrVelocityType(type=53)
1786043620715212307,1786043620.714568068,/novatel/oem7/odom,/novatel/oem7/bestpos,/novatel/oem7/odom,39.663,-75.756,33.181326652,0.006277619,-0.000821462,0.006196909,0.001003405,-0.000821462,,,
1786043620727348802,1786043620.726816677,/novatel/oem7/inspva,/novatel/oem7/inspva,/novatel/oem7/inspva,39.663,-75.756,-1.801046321,0.005219442,-0.001565083,0.002994228,0.004275181,-0.001565083,,novatel_oem7_msgs.msg.InertialSolutionStatus(status=3),
1786043620728774109,1786043620.726976232,/novatel/oem7/fix,/novatel/oem7/fix,/novatel/oem7/inspva,39.663,-75.756,-1.801046321,0.005219442,-0.001565083,0.002994228,0.004275181,-0.001565083,,0,
1786043620729913374,1786043620.727823947,/novatel/oem7/odom,/novatel/oem7/fix,/novatel/oem7/odom,39.663,-75.756,-1.801046321,0.005226719,-0.001540607,0.004423541,0.002784039,-0.001540607,,,
1786043620735755227,1786043620.735091535,/novatel/oem7/odom,/novatel/oem7/fix,/novatel/oem7/odom,39.663,-75.756,-1.801046321,0.005226719,-0.001540607,0.004423541,0.002784039,-0.001540607,,,
1786043620745601917,1786043620.745091749,/novatel/oem7/inspva,/novatel/oem7/inspva,/novatel/oem7/inspva,39.663,-75.756,-1.801070548,0.005372739,-0.002382223,0.003271645,0.004261768,-0.002382223,,novatel_oem7_msgs.msg.InertialSolutionStatus(status=3),
1786043620746998887,1786043620.745238294,/novatel/oem7/fix,/novatel/oem7/fix,/novatel/oem7/inspva,39.663,-75.756,-1.801070548,0.005372739,-0.002382223,0.003271645,0.004261768,-0.002382223,,0,
1786043620748076338,1786043620.745660448,/novatel/oem7/odom,/novatel/oem7/fix,/novatel/oem7/odom,39.663,-75.756,-1.801070548,0.005383817,-0.002357080,0.004426917,0.003063966,-0.002357080,,,
1786043620756290965,1786043620.755673037,/novatel/oem7/odom,/novatel/oem7/fix,/novatel/oem7/odom,39.663,-75.756,-1.801070548,0.005383817,-0.002357080,0.004426917,0.003063966,-0.002357080,,,
1786043620765819221,1786043620.765291926,/novatel/oem7/inspva,/novatel/oem7/inspva,/novatel/oem7/inspva,39.663,-75.756,-1.801093900,0.006213503,-0.001941146,0.001168874,0.006102569,-0.001941146,,novatel_oem7_msgs.msg.InertialSolutionStatus(status=3),
1786043620767168571,1786043620.765463067,/novatel/oem7/fix,/novatel/oem7/fix,/novatel/oem7/inspva,39.663,-75.756,-1.801093900,0.006213503,-0.001941146,0.001168874,0.006102569,-0.001941146,,0,
1786043620768254719,1786043620.766047837,/novatel/oem7/odom,/novatel/oem7/fix,/novatel/oem7/odom,39.663,-75.756,-1.801093900,0.006221640,-0.001914905,0.006160228,0.000872008,-0.001914905,,,
1786043620775326888,1786043620.774664707,/novatel/oem7/odom,/novatel/oem7/fix,/novatel/oem7/odom,39.663,-75.756,-1.801093900,0.006221640,-0.001914905,0.006160228,0.000872008,-0.001914905,,,
1786043620786648368,1786043620.786112263,/novatel/oem7/inspva,/novatel/oem7/inspva,/novatel/oem7/inspva,39.663,-75.756,-1.801118162,0.007049097,-0.001651457,0.001437254,0.006901019,-0.001651457,,novatel_oem7_msgs.msg.InertialSolutionStatus(status=3),
1786043620788101722,1786043620.786274811,/novatel/oem7/fix,/novatel/oem7/fix,/novatel/oem7/inspva,39.663,-75.756,-1.801118162,0.007049097,-0.001651457,0.001437254,0.006901019,-0.001651457,,0,
1786043620789204463,1786043620.786747449,/novatel/oem7/odom,/novatel/oem7/fix,/novatel/oem7/odom,39.663,-75.756,-1.801118162,0.007056054,-0.001621475,0.006969777,0.001100045,-0.001621475,,,
1786043620795354986,1786043620.794695670,/novatel/oem7/odom,/novatel/oem7/fix,/novatel/oem7/odom,39.663,-75.756,-1.801118162,0.007056054,-0.001621475,0.006969777,0.001100045,-0.001621475,,,
1786043620807123614,1786043620.806582006,/novatel/oem7/inspva,/novatel/oem7/inspva,/novatel/oem7/inspva,39.663,-75.756,-1.801134187,0.005752438,-0.000328102,0.003430856,0.004617333,-0.000328102,,novatel_oem7_msgs.msg.InertialSolutionStatus(status=3),
1786043620808559148,1786043620.806741324,/novatel/oem7/fix,/novatel/oem7/fix,/novatel/oem7/inspva,39.663,-75.756,-1.801134187,0.005752438,-0.000328102,0.003430856,0.004617333,-0.000328102,,0,
1786043620809697146,1786043620.807188012,/novatel/oem7/odom,/novatel/oem7/fix,/novatel/oem7/odom,39.663,-75.756,-1.801134187,0.005753923,-0.000300943,0.004781876,0.003200201,-0.000300943,,,
1786043620811237091,1786043620.810276479,/novatel/oem7/bestpos,/novatel/oem7/bestpos,/novatel/oem7/odom,39.663,-75.756,33.181195354,0.005753923,-0.000300943,0.004781876,0.003200201,-0.000300943,,novatel_oem7_msgs.msg.SolutionStatus(status=0),novatel_oem7_msgs.msg.PositionOrVelocityType(type=53)
1786043620812257571,1786043620.810601482,/novatel/oem7/bestvel,/novatel/oem7/bestpos,/novatel/oem7/bestvel,39.663,-75.756,33.181195354,0.006765659,-0.000949337,,,,59.654031336,novatel_oem7_msgs.msg.SolutionStatus(status=0),novatel_oem7_msgs.msg.PositionOrVelocityType(type=53)
1786043620816135402,1786043620.815479056,/novatel/oem7/odom,/novatel/oem7/bestpos,/novatel/oem7/odom,39.663,-75.756,33.181195354,0.005753923,-0.000300943,0.004781876,0.003200201,-0.000300943,,,
1786043620825784533,1786043620.825250798,/novatel/oem7/inspva,/novatel/oem7/inspva,/novatel/oem7/inspva,39.663,-75.756,-1.801163406,0.005656006,-0.001674062,0.003585709,0.004374138,-0.001674062,,novatel_oem7_msgs.msg.InertialSolutionStatus(status=3),
1786043620827660228,1786043620.825408670,/novatel/oem7/fix,/novatel/oem7/fix,/novatel/oem7/inspva,39.663,-75.756,-1.801163406,0.005656006,-0.001674062,0.003585709,0.004374138,-0.001674062,,0,
1786043620828904110,1786043620.825844561,/novatel/oem7/odom,/novatel/oem7/fix,/novatel/oem7/odom,39.663,-75.756,-1.801163406,0.005663781,-0.001647564,0.004551824,0.003370358,-0.001647564,,,
1786043620835088984,1786043620.834424766,/novatel/oem7/odom,/novatel/oem7/fix,/novatel/oem7/odom,39.663,-75.756,-1.801163406,0.005663781,-0.001647564,0.004551824,0.003370358,-0.001647564,,,
1786043620847197342,1786043620.846669684,/novatel/oem7/inspva,/novatel/oem7/inspva,/novatel/oem7/inspva,39.663,-75.756,-1.801196790,0.006061399,-0.002971941,0.001713058,0.005814292,-0.002971941,,novatel_oem7_msgs.msg.InertialSolutionStatus(status=3),
1786043620848724657,1786043620.846837719,/novatel/oem7/fix,/novatel/oem7/fix,/novatel/oem7/inspva,39.663,-75.756,-1.801196790,0.006061399,-0.002971941,0.001713058,0.005814292,-0.002971941,,0,
1786043620849900422,1786043620.847612009,/novatel/oem7/odom,/novatel/oem7/fix,/novatel/oem7/odom,39.663,-75.756,-1.801196790,0.006074367,-0.002945346,0.005903053,0.001432445,-0.002945346,,,
1786043620857144986,1786043620.856469076,/novatel/oem7/odom,/novatel/oem7/fix,/novatel/oem7/odom,39.663,-75.756,-1.801196790,0.006074367,-0.002945346,0.005903053,0.001432445,-0.002945346,,,
1786043620865559321,1786043620.865036379,/novatel/oem7/inspva,/novatel/oem7/inspva,/novatel/oem7/inspva,39.663,-75.756,-1.801216227,0.006324801,-0.001954992,0.001574427,0.006125707,-0.001954992,,novatel_oem7_msgs.msg.InertialSolutionStatus(status=3),
1786043620866964418,1786043620.865191028,/novatel/oem7/fix,/novatel/oem7/fix,/novatel/oem7/inspva,39.663,-75.756,-1.801216227,0.006324801,-0.001954992,0.001574427,0.006125707,-0.001954992,,0,
1786043620868072296,1786043620.865619519,/novatel/oem7/odom,/novatel/oem7/fix,/novatel/oem7/odom,39.663,-75.756,-1.801216227,0.006333239,-0.001927480,0.006203340,0.001276124,-0.001927480,,,
1786043620876045867,1786043620.875402013,/novatel/oem7/odom,/novatel/oem7/fix,/novatel/oem7/odom,39.663,-75.756,-1.801216227,0.006333239,-0.001927480,0.006203340,0.001276124,-0.001927480,,,
1786043620886065195,1786043620.885551333,/novatel/oem7/inspva,/novatel/oem7/inspva,/novatel/oem7/inspva,39.663,-75.756,-1.801229954,0.006286778,-0.000118006,0.002418488,0.005802973,-0.000118006,,novatel_oem7_msgs.msg.InertialSolutionStatus(status=3),
1786043620887566713,1786043620.885704571,/novatel/oem7/fix,/novatel/oem7/fix,/novatel/oem7/inspva,39.663,-75.756,-1.801229954,0.006286778,-0.000118006,0.002418488,0.005802973,-0.000118006,,0,
1786043620888952647,1786043620.886454665,/novatel/oem7/odom,/novatel/oem7/fix,/novatel/oem7/odom,39.663,-75.756,-1.801229954,0.006287252,-0.000089227,0.005915370,0.002130244,-0.000089227,,,
1786043620895614805,1786043620.894959210,/novatel/oem7/odom,/novatel/oem7/fix,/novatel/oem7/odom,39.663,-75.756,-1.801229954,0.006287252,-0.000089227,0.005915370,0.002130244,-0.000089227,,,
1786043620906537514,1786043620.905959649,/novatel/oem7/inspva,/novatel/oem7/inspva,/novatel/oem7/inspva,39.663,-75.756,-1.801262170,0.005454623,-0.001021768,0.002747271,0.004712262,-0.001021768,,novatel_oem7_msgs.msg.InertialSolutionStatus(status=3),
1786043620907992396,1786043620.906125900,/novatel/oem7/fix,/novatel/oem7/fix,/novatel/oem7/inspva,39.663,-75.756,-1.801262170,0.005454623,-0.001021768,0.002747271,0.004712262,-0.001021768,,0,
1786043620909186034,1786043620.906541425,/novatel/oem7/odom,/novatel/oem7/fix,/novatel/oem7/odom,39.663,-75.756,-1.801262170,0.005459360,-0.000996147,0.004845706,0.002514706,-0.000996147,,,
1786043620910771456,1786043620.909569004,/novatel/oem7/bestpos,/novatel/oem7/bestpos,/novatel/oem7/odom,39.663,-75.756,33.181065249,0.005459360,-0.000996147,0.004845706,0.002514706,-0.000996147,,novatel_oem7_msgs.msg.SolutionStatus(status=0),novatel_oem7_msgs.msg.PositionOrVelocityType(type=53)
1786043620912286517,1786043620.910369806,/novatel/oem7/bestvel,/novatel/oem7/bestpos,/novatel/oem7/bestvel,39.663,-75.756,33.181065249,0.006815092,-0.001846856,,,,65.157420769,novatel_oem7_msgs.msg.SolutionStatus(status=0),novatel_oem7_msgs.msg.PositionOrVelocityType(type=53)
1786043620915274633,1786043620.914626910,/novatel/oem7/odom,/novatel/oem7/bestpos,/novatel/oem7/odom,39.663,-75.756,33.181065249,0.005459360,-0.000996147,0.004845706,0.002514706,-0.000996147,,,
1786043620925736172,1786043620.925172816,/novatel/oem7/inspva,/novatel/oem7/inspva,/novatel/oem7/inspva,39.663,-75.756,-1.801317193,0.004877707,-0.004259502,0.002484453,0.004197561,-0.004259502,,novatel_oem7_msgs.msg.InertialSolutionStatus(status=3),
1786043620927116292,1786043620.925364745,/novatel/oem7/fix,/novatel/oem7/fix,/novatel/oem7/inspva,39.663,-75.756,-1.801317193,0.004877707,-0.004259502,0.002484453,0.004197561,-0.004259502,,0,
1786043620928270290,1786043620.925815143,/novatel/oem7/odom,/novatel/oem7/fix,/novatel/oem7/odom,39.663,-75.756,-1.801317193,0.004897366,-0.004236884,0.004331114,0.002285967,-0.004236884,,,
1786043620935576872,1786043620.934888281,/novatel/oem7/odom,/novatel/oem7/fix,/novatel/oem7/odom,39.663,-75.756,-1.801317193,0.004897366,-0.004236884,0.004331114,0.002285967,-0.004236884,,,
1786043620946566249,1786043620.946018997,/novatel/oem7/inspva,/novatel/oem7/inspva,/novatel/oem7/inspva,39.663,-75.756,-1.801341613,0.005664341,-0.003176734,0.001692085,0.005405701,-0.003176734,,novatel_oem7_msgs.msg.InertialSolutionStatus(status=3),
1786043620948001899,1786043620.946177181,/novatel/oem7/fix,/novatel/oem7/fix,/novatel/oem7/inspva,39.663,-75.756,-1.801341613,0.005664341,-0.003176734,0.001692085,0.005405701,-0.003176734,,0,
1786043620949129460,1786043620.946614687,/novatel/oem7/odom,/novatel/oem7/fix,/novatel/oem7/odom,39.663,-75.756,-1.801341613,0.005678274,-0.003151761,0.005494644,0.001432371,-0.003151761,,,
1786043620956440705,1786043620.955793102,/novatel/oem7/odom,/novatel/oem7/fix,/novatel/oem7/odom,39.663,-75.756,-1.801341613,0.005678274,-0.003151761,0.005494644,0.001432371,-0.003151761,,,
1786043620966039992,1786043620.965487627,/novatel/oem7/inspva,/novatel/oem7/inspva,/novatel/oem7/inspva,39.663,-75.756,-1.801354107,0.005647075,0.000033959,0.001852053,0.005334731,0.000033959,,novatel_oem7_msgs.msg.InertialSolutionStatus(status=3),
1786043620969075145,1786043620.965646785,/novatel/oem7/fix,/novatel/oem7/fix,/novatel/oem7/inspva,39.663,-75.756,-1.801354107,0.005647075,0.000033959,0.001852053,0.005334731,0.000033959,,0,
1786043620970113155,1786043620.966249631,/novatel/oem7/odom,/novatel/oem7/fix,/novatel/oem7/odom,39.663,-75.756,-1.801354107,0.005646866,0.000059231,0.005419207,0.001587229,0.000059231,,,
1786043620975751080,1786043620.975114668,/novatel/oem7/odom,/novatel/oem7/fix,/novatel/oem7/odom,39.663,-75.756,-1.801354107,0.005646866,0.000059231,0.005419207,0.001587229,0.000059231,,,
1786043620985521429,1786043620.984993830,/novatel/oem7/inspva,/novatel/oem7/inspva,/novatel/oem7/inspva,39.663,-75.756,-1.801394260,0.005737758,-0.000835394,0.002309655,0.005252368,-0.000835394,,novatel_oem7_msgs.msg.InertialSolutionStatus(status=3),
1786043620986824035,1786043620.985145855,/novatel/oem7/fix,/novatel/oem7/fix,/novatel/oem7/inspva,39.663,-75.756,-1.801394260,0.005737758,-0.000835394,0.002309655,0.005252368,-0.000835394,,0,
1786043620987855065,1786043620.985585103,/novatel/oem7/odom,/novatel/oem7/fix,/novatel/oem7/odom,39.663,-75.756,-1.801394260,0.005741508,-0.000809226,0.005362822,0.002050621,-0.000809226,,,
1786043620995114183,1786043620.994433812,/novatel/oem7/odom,/novatel/oem7/fix,/novatel/oem7/odom,39.663,-75.756,-1.801394260,0.005741508,-0.000809226,0.005362822,0.002050621,-0.000809226,,,
1786043621010885723,1786043621.010152570,/novatel/oem7/inspva,/novatel/oem7/inspva,/novatel/oem7/inspva,39.663,-75.756,-1.801456853,0.004966603,-0.003918959,0.003266612,0.003741174,-0.003918959,,novatel_oem7_msgs.msg.InertialSolutionStatus(status=3),
1786043621012477628,1786043621.010360398,/novatel/oem7/fix,/novatel/oem7/fix,/novatel/oem7/inspva,39.663,-75.756,-1.801456853,0.004966603,-0.003918959,0.003266612,0.003741174,-0.003918959,,0,
1786043621013551189,1786043621.011854319,/novatel/oem7/odom,/novatel/oem7/fix,/novatel/oem7/odom,39.663,-75.756,-1.801456853,0.004984772,-0.003895823,0.003912424,0.003088833,-0.003895823,,,
1786043621016729267,1786043621.016002777,/novatel/oem7/odom,/novatel/oem7/fix,/novatel/oem7/odom,39.663,-75.756,-1.801456853,0.004984772,-0.003895823,0.003912424,0.003088833,-0.003895823,,,
1786043621026475152,1786043621.025772562,/novatel/oem7/bestpos,/novatel/oem7/bestpos,/novatel/oem7/odom,39.663,-75.756,33.180899407,0.004984772,-0.003895823,0.003912424,0.003088833,-0.003895823,,novatel_oem7_msgs.msg.SolutionStatus(status=0),novatel_oem7_msgs.msg.PositionOrVelocityType(type=53)
1786043621028293530,1786043621.027002600,/novatel/oem7/bestvel,/novatel/oem7/bestpos,/novatel/oem7/bestvel,39.663,-75.756,33.180899407,0.005073278,-0.003953365,,,,53.106131382,novatel_oem7_msgs.msg.SolutionStatus(status=0),novatel_oem7_msgs.msg.PositionOrVelocityType(type=53)
1786043621029276912,1786043621.027389511,/novatel/oem7/inspva,/novatel/oem7/inspva,/novatel/oem7/inspva,39.663,-75.756,-1.801489408,0.005262527,-0.003650439,0.002385146,0.004690977,-0.003650439,,novatel_oem7_msgs.msg.InertialSolutionStatus(status=3),
1786043621030109204,1786043621.027656934,/novatel/oem7/fix,/novatel/oem7/fix,/novatel/oem7/inspva,39.663,-75.756,-1.801489408,0.005262527,-0.003650439,0.002385146,0.004690977,-0.003650439,,0,
1786043621031710620,1786043621.028002210,/novatel/oem7/odom,/novatel/oem7/fix,/novatel/oem7/odom,39.663,-75.756,-1.801489408,0.005279157,-0.003626347,0.004816574,0.002161046,-0.003626347,,,
1786043621036286438,1786043621.035669007,/novatel/oem7/odom,/novatel/oem7/fix,/novatel/oem7/odom,39.663,-75.756,-1.801489408,0.005279157,-0.003626347,0.004816574,0.002161046,-0.003626347,,,
1786043621046083457,1786043621.045477854,/novatel/oem7/inspva,/novatel/oem7/inspva,/novatel/oem7/inspva,39.663,-75.756,-1.801461046,0.006486023,-0.000302257,0.001115352,0.006389405,-0.000302257,,novatel_oem7_msgs.msg.InertialSolutionStatus(status=3),
1786043621047599878,1786043621.045673909,/novatel/oem7/fix,/novatel/oem7/fix,/novatel/oem7/inspva,39.663,-75.756,-1.801461046,0.006486023,-0.000302257,0.001115352,0.006389405,-0.000302257,,0,
1786043621048649852,1786043621.046502654,/novatel/oem7/odom,/novatel/oem7/fix,/novatel/oem7/odom,39.663,-75.756,-1.801461046,0.006487225,-0.000275258,0.006437648,0.000800487,-0.000275258,,,
1786043621057213645,1786043621.056549286,/novatel/oem7/odom,/novatel/oem7/fix,/novatel/oem7/odom,39.663,-75.756,-1.801461046,0.006487225,-0.000275258,0.006437648,0.000800487,-0.000275258,,,
1786043621066163489,1786043621.065450056,/novatel/oem7/inspva,/novatel/oem7/inspva,/novatel/oem7/inspva,39.663,-75.756,-1.801452283,0.005447614,-0.000753386,0.001737167,0.005163211,-0.000753386,,novatel_oem7_msgs.msg.InertialSolutionStatus(status=3),
1786043621067507316,1786043621.065648568,/novatel/oem7/fix,/novatel/oem7/fix,/novatel/oem7/inspva,39.663,-75.756,-1.801452283,0.005447614,-0.000753386,0.001737167,0.005163211,-0.000753386,,0,
1786043621068561683,1786043621.066126122,/novatel/oem7/odom,/novatel/oem7/fix,/novatel/oem7/odom,39.663,-75.756,-1.801452283,0.005450923,-0.000729058,0.005245293,0.001483059,-0.000729058,,,
1786043621075162817,1786043621.074520704,/novatel/oem7/odom,/novatel/oem7/fix,/novatel/oem7/odom,39.663,-75.756,-1.801452283,0.005450923,-0.000729058,0.005245293,0.001483059,-0.000729058,,,
1786043621086215085,1786043621.085593479,/novatel/oem7/inspva,/novatel/oem7/inspva,/novatel/oem7/inspva,39.663,-75.756,-1.801466377,0.006043208,-0.002947172,0.003701388,0.004777038,-0.002947172,,novatel_oem7_msgs.msg.InertialSolutionStatus(status=3),
1786043621087726313,1786043621.085787398,/novatel/oem7/fix,/novatel/oem7/fix,/novatel/oem7/inspva,39.663,-75.756,-1.801466377,0.006043208,-0.002947172,0.003701388,0.004777038,-0.002947172,,0,
1786043621088767613,1786043621.086596879,/novatel/oem7/odom,/novatel/oem7/fix,/novatel/oem7/odom,39.663,-75.756,-1.801466377,0.006056844,-0.002919045,0.004964540,0.003469684,-0.002919045,,,
1786043621096365814,1786043621.095710461,/novatel/oem7/odom,/novatel/oem7/fix,/novatel/oem7/odom,39.663,-75.756,-1.801466377,0.006056844,-0.002919045,0.004964540,0.003469684,-0.002919045,,,
1786043621106574097,1786043621.105888174,/novatel/oem7/inspva,/novatel/oem7/inspva,/novatel/oem7/inspva,39.663,-75.756,-1.801452526,0.006108130,-0.002708543,0.003084376,0.005272180,-0.002708543,,novatel_oem7_msgs.msg.InertialSolutionStatus(status=3),
1786043621107919164,1786043621.106084596,/novatel/oem7/fix,/novatel/oem7/fix,/novatel/oem7/inspva,39.663,-75.756,-1.801452526,0.006108130,-0.002708543,0.003084376,0.005272180,-0.002708543,,0,
1786043621109170246,1786043621.106663948,/novatel/oem7/odom,/novatel/oem7/fix,/novatel/oem7/odom,39.663,-75.756,-1.801452526,0.006120685,-0.002680051,0.005427949,0.002828454,-0.002680051,,,
1786043621110888836,1786043621.109906680,/novatel/oem7/bestpos,/novatel/oem7/bestpos,/novatel/oem7/odom,39.663,-75.756,33.180924588,0.006120685,-0.002680051,0.005427949,0.002828454,-0.002680051,,novatel_oem7_msgs.msg.SolutionStatus(status=0),novatel_oem7_msgs.msg.PositionOrVelocityType(type=53)
1786043621112349444,1786043621.110561253,/novatel/oem7/bestvel,/novatel/oem7/bestpos,/novatel/oem7/bestvel,39.663,-75.756,33.180924588,0.007440104,-0.003667589,,,,60.398005928,novatel_oem7_msgs.msg.SolutionStatus(status=0),novatel_oem7_msgs.msg.PositionOrVelocityType(type=53)
1786043621115367143,1786043621.114695603,/novatel/oem7/odom,/novatel/oem7/bestpos,/novatel/oem7/odom,39.663,-75.756,33.180924588,0.006120685,-0.002680051,0.005427949,0.002828454,-0.002680051,,,
1786043621126748224,1786043621.126111828,/novatel/oem7/inspva,/novatel/oem7/inspva,/novatel/oem7/inspva,39.663,-75.756,-1.801434422,0.005879514,-0.001792924,0.000832479,0.005820280,-0.001792924,,novatel_oem7_msgs.msg.InertialSolutionStatus(status=3),
1786043621128232069,1786043621.126305760,/novatel/oem7/fix,/novatel/oem7/fix,/novatel/oem7/inspva,39.663,-75.756,-1.801434422,0.005879514,-0.001792924,0.000832479,0.005820280,-0.001792924,,0,
1786043621129308306,1786043621.127002100,/novatel/oem7/odom,/novatel/oem7/fix,/novatel/oem7/odom,39.663,-75.756,-1.801434422,0.005886811,-0.001768819,0.005861063,0.000549983,-0.001768819,,,
1786043621135849990,1786043621.135159813,/novatel/oem7/odom,/novatel/oem7/fix,/novatel/oem7/odom,39.663,-75.756,-1.801434422,0.005886811,-0.001768819,0.005861063,0.000549983,-0.001768819,,,
1786043621145844161,1786043621.145153441,/novatel/oem7/inspva,/novatel/oem7/inspva,/novatel/oem7/inspva,39.663,-75.756,-1.801418899,0.006203992,-0.001257574,0.001119694,0.006102114,-0.001257574,,novatel_oem7_msgs.msg.InertialSolutionStatus(status=3),
1786043621147142340,1786043621.145352133,/novatel/oem7/fix,/novatel/oem7/fix,/novatel/oem7/inspva,39.663,-75.756,-1.801418899,0.006203992,-0.001257574,0.001119694,0.006102114,-0.001257574,,0,
1786043621148182003,1786043621.145754113,/novatel/oem7/odom,/novatel/oem7/fix,/novatel/oem7/odom,39.663,-75.756,-1.801418899,0.006209191,-0.001231645,0.006154589,0.000821636,-0.001231645,,,
1786043621156784617,1786043621.156138867,/novatel/oem7/odom,/novatel/oem7/fix,/novatel/oem7/odom,39.663,-75.756,-1.801418899,0.006209191,-0.001231645,0.006154589,0.000821636,-0.001231645,,,
1786043621165878740,1786043621.165345971,/novatel/oem7/inspva,/novatel/oem7/inspva,/novatel/oem7/inspva,39.663,-75.756,-1.801425763,0.005947116,-0.002005478,0.003249217,0.004981041,-0.002005478,,novatel_oem7_msgs.msg.InertialSolutionStatus(status=3),
1786043621167243156,1786043621.165520613,/novatel/oem7/fix,/novatel/oem7/fix,/novatel/oem7/inspva,39.663,-75.756,-1.801425763,0.005947116,-0.002005478,0.003249217,0.004981041,-0.002005478,,0,
1786043621168287210,1786043621.166096432,/novatel/oem7/odom,/novatel/oem7/fix,/novatel/oem7/odom,39.663,-75.756,-1.801425763,0.005956418,-0.001977677,0.005142455,0.003005674,-0.001977677,,,
1786043621175761596,1786043621.175102123,/novatel/oem7/odom,/novatel/oem7/fix,/novatel/oem7/odom,39.663,-75.756,-1.801425763,0.005956418,-0.001977677,0.005142455,0.003005674,-0.001977677,,,
1786043621186688119,1786043621.186137841,/novatel/oem7/inspva,/novatel/oem7/inspva,/novatel/oem7/inspva,39.663,-75.756,-1.801410899,0.005798836,-0.002077588,0.002634993,0.005165589,-0.002077588,,novatel_oem7_msgs.msg.InertialSolutionStatus(status=3),
1786043621187982209,1786043621.186287759,/novatel/oem7/fix,/novatel/oem7/fix,/novatel/oem7/inspva,39.663,-75.756,-1.801410899,0.005798836,-0.002077588,0.002634993,0.005165589,-0.002077588,,0,
1786043621189003826,1786043621.186742022,/novatel/oem7/odom,/novatel/oem7/fix,/novatel/oem7/odom,39.663,-75.756,-1.801410899,0.005808335,-0.002050880,0.005296827,0.002383355,-0.002050880,,,
1786043621195173136,1786043621.194502956,/novatel/oem7/odom,/novatel/oem7/fix,/novatel/oem7/odom,39.663,-75.756,-1.801410899,0.005808335,-0.002050880,0.005296827,0.002383355,-0.002050880,,,
1786043621206971374,1786043621.206460586,/novatel/oem7/inspva,/novatel/oem7/inspva,/novatel/oem7/inspva,39.663,-75.756,-1.801400605,0.005813853,-0.002387844,0.001237620,0.005680597,-0.002387844,,novatel_oem7_msgs.msg.InertialSolutionStatus(status=3),
1786043621208295124,1786043621.206609017,/novatel/oem7/fix,/novatel/oem7/fix,/novatel/oem7/inspva,39.663,-75.756,-1.801400605,0.005813853,-0.002387844,0.001237620,0.005680597,-0.002387844,,0,
1786043621209356397,1786043621.207077908,/novatel/oem7/odom,/novatel/oem7/fix,/novatel/oem7/odom,39.663,-75.756,-1.801400605,0.005823903,-0.002363226,0.005743715,0.000963115,-0.002363226,,,
1786043621211245326,1786043621.210473731,/novatel/oem7/bestpos,/novatel/oem7/bestpos,/novatel/oem7/odom,39.663,-75.756,33.181000399,0.005823903,-0.002363226,0.005743715,0.000963115,-0.002363226,,novatel_oem7_msgs.msg.SolutionStatus(status=0),novatel_oem7_msgs.msg.PositionOrVelocityType(type=53)
1786043621212682907,1786043621.210978980,/novatel/oem7/bestvel,/novatel/oem7/bestpos,/novatel/oem7/bestvel,39.663,-75.756,33.181000399,0.005373012,-0.001602094,,,,88.303655421,novatel_oem7_msgs.msg.SolutionStatus(status=0),novatel_oem7_msgs.msg.PositionOrVelocityType(type=53)
1786043621216122153,1786043621.215504014,/novatel/oem7/odom,/novatel/oem7/bestpos,/novatel/oem7/odom,39.663,-75.756,33.181000399,0.005823903,-0.002363226,0.005743715,0.000963115,-0.002363226,,,
1786043621225680834,1786043621.225165322,/novatel/oem7/inspva,/novatel/oem7/inspva,/novatel/oem7/inspva,39.663,-75.756,-1.801384320,0.005110704,-0.002279026,0.000996599,0.005012593,-0.002279026,,novatel_oem7_msgs.msg.InertialSolutionStatus(status=3),
1786043621226997297,1786043621.225311950,/novatel/oem7/fix,/novatel/oem7/fix,/novatel/oem7/inspva,39.663,-75.756,-1.801384320,0.005110704,-0.002279026,0.000996599,0.005012593,-0.002279026,,0,
1786043621228043360,1786043621.225770411,/novatel/oem7/odom,/novatel/oem7/fix,/novatel/oem7/odom,39.663,-75.756,-1.801384320,0.005120234,-0.002257533,0.005064278,0.000754910,-0.002257533,,,
1786043621235309971,1786043621.234642104,/novatel/oem7/odom,/novatel/oem7/fix,/novatel/oem7/odom,39.663,-75.756,-1.801384320,0.005120234,-0.002257533,0.005064278,0.000754910,-0.002257533,,,
1786043621247008338,1786043621.246496147,/novatel/oem7/inspva,/novatel/oem7/inspva,/novatel/oem7/inspva,39.663,-75.756,-1.801377529,0.006326252,-0.000973826,0.002445763,0.005834356,-0.000973826,,novatel_oem7_msgs.msg.InertialSolutionStatus(status=3),
1786043621248343118,1786043621.246653332,/novatel/oem7/fix,/novatel/oem7/fix,/novatel/oem7/inspva,39.663,-75.756,-1.801377529,0.006326252,-0.000973826,0.002445763,0.005834356,-0.000973826,,0,
1786043621249408102,1786043621.247019632,/novatel/oem7/odom,/novatel/oem7/fix,/novatel/oem7/odom,39.663,-75.756,-1.801377529,0.006330596,-0.000945173,0.005951216,0.002158583,-0.000945173,,,
1786043621257228508,1786043621.256549711,/novatel/oem7/odom,/novatel/oem7/fix,/novatel/oem7/odom,39.663,-75.756,-1.801377529,0.006330596,-0.000945173,0.005951216,0.002158583,-0.000945173,,,
1786043621265593146,1786043621.265067931,/novatel/oem7/inspva,/novatel/oem7/inspva,/novatel/oem7/inspva,39.663,-75.756,-1.801369870,0.005489699,-0.001396253,0.002498799,0.004888026,-0.001396253,,novatel_oem7_msgs.msg.InertialSolutionStatus(status=3),
1786043621266942700,1786043621.265220846,/novatel/oem7/fix,/novatel/oem7/fix,/novatel/oem7/inspva,39.663,-75.756,-1.801369870,0.005489699,-0.001396253,0.002498799,0.004888026,-0.001396253,,0,
1786043621268021070,1786043621.265752865,/novatel/oem7/odom,/novatel/oem7/fix,/novatel/oem7/odom,39.663,-75.756,-1.801369870,0.005496104,-0.001370825,0.005010305,0.002259203,-0.001370825,,,
1786043621275461890,1786043621.274808230,/novatel/oem7/odom,/novatel/oem7/fix,/novatel/oem7/odom,39.663,-75.756,-1.801369870,0.005496104,-0.001370825,0.005010305,0.002259203,-0.001370825,,,
1786043621286266358,1786043621.285714706,/novatel/oem7/inspva,/novatel/oem7/inspva,/novatel/oem7/inspva,39.663,-75.756,-1.801368792,0.005270616,-0.002917009,0.002360223,0.004712614,-0.002917009,,novatel_oem7_msgs.msg.InertialSolutionStatus(status=3),
1786043621287621571,1786043621.285876591,/novatel/oem7/fix,/novatel/oem7/fix,/novatel/oem7/inspva,39.663,-75.756,-1.801368792,0.005270616,-0.002917009,0.002360223,0.004712614,-0.002917009,,0,
1786043621288691012,1786043621.286410867,/novatel/oem7/odom,/novatel/oem7/fix,/novatel/oem7/odom,39.663,-75.756,-1.801368792,0.005283878,-0.002892917,0.004834050,0.002133384,-0.002892917,,,
1786043621295484081,1786043621.294831859,/novatel/oem7/odom,/novatel/oem7/fix,/novatel/oem7/odom,39.663,-75.756,-1.801368792,0.005283878,-0.002892917,0.004834050,0.002133384,-0.002892917,,,
1786043621306516459,1786043621.305982144,/novatel/oem7/inspva,/novatel/oem7/inspva,/novatel/oem7/inspva,39.663,-75.756,-1.801357974,0.005512232,-0.002795036,0.001582439,0.005280207,-0.002795036,,novatel_oem7_msgs.msg.InertialSolutionStatus(status=3),
1786043621307832046,1786043621.306134769,/novatel/oem7/fix,/novatel/oem7/fix,/novatel/oem7/inspva,39.663,-75.756,-1.801357974,0.005512232,-0.002795036,0.001582439,0.005280207,-0.002795036,,0,
1786043621308877032,1786043621.306466515,/novatel/oem7/odom,/novatel/oem7/fix,/novatel/oem7/odom,39.663,-75.756,-1.801357974,0.005524370,-0.002770969,0.005362287,0.001328360,-0.002770969,,,
1786043621310298083,1786043621.309357427,/novatel/oem7/bestpos,/novatel/oem7/bestpos,/novatel/oem7/odom,39.663,-75.756,33.181040065,0.005524370,-0.002770969,0.005362287,0.001328360,-0.002770969,,novatel_oem7_msgs.msg.SolutionStatus(status=0),novatel_oem7_msgs.msg.PositionOrVelocityType(type=53)
1786043621311714900,1786043621.310000310,/novatel/oem7/bestvel,/novatel/oem7/bestpos,/novatel/oem7/bestvel,39.663,-75.756,33.181040065,0.004563430,-0.002083748,,,,75.851058595,novatel_oem7_msgs.msg.SolutionStatus(status=0),novatel_oem7_msgs.msg.PositionOrVelocityType(type=53)
1786043621315071443,1786043621.314385146,/novatel/oem7/odom,/novatel/oem7/bestpos,/novatel/oem7/odom,39.663,-75.756,33.181040065,0.005524370,-0.002770969,0.005362287,0.001328360,-0.002770969,,,
1786043621325691863,1786043621.325169458,/novatel/oem7/inspva,/novatel/oem7/inspva,/novatel/oem7/inspva,39.663,-75.756,-1.801350000,0.006306568,-0.001022662,0.002338464,0.005856995,-0.001022662,,novatel_oem7_msgs.msg.InertialSolutionStatus(status=3),
1786043621327026119,1786043621.325311249,/novatel/oem7/fix,/novatel/oem7/fix,/novatel/oem7/inspva,39.663,-75.756,-1.801350000,0.006306568,-0.001022662,0.002338464,0.005856995,-0.001022662,,0,
1786043621328072546,1786043621.325755154,/novatel/oem7/odom,/novatel/oem7/fix,/novatel/oem7/odom,39.663,-75.756,-1.801350000,0.006311132,-0.000994109,0.005968704,0.002050600,-0.000994109,,,
1786043621336160468,1786043621.335488512,/novatel/oem7/odom,/novatel/oem7/fix,/novatel/oem7/odom,39.663,-75.756,-1.801350000,0.006311132,-0.000994109,0.005968704,0.002050600,-0.000994109,,,
1786043621345511024,1786043621.345005125,/novatel/oem7/inspva,/novatel/oem7/inspva,/novatel/oem7/inspva,39.663,-75.756,-1.801342497,0.005874561,-0.000581084,0.002692076,0.005221417,-0.000581084,,novatel_oem7_msgs.msg.InertialSolutionStatus(status=3),
1786043621346834860,1786043621.345137810,/novatel/oem7/fix,/novatel/oem7/fix,/novatel/oem7/inspva,39.663,-75.756,-1.801342497,0.005874561,-0.000581084,0.002692076,0.005221417,-0.000581084,,0,
1786043621347884950,1786043621.345571174,/novatel/oem7/odom,/novatel/oem7/fix,/novatel/oem7/odom,39.663,-75.756,-1.801342497,0.005877178,-0.000553992,0.005349586,0.002433753,-0.000553992,,,
1786043621356399486,1786043621.355714053,/novatel/oem7/odom,/novatel/oem7/fix,/novatel/oem7/odom,39.663,-75.756,-1.801342497,0.005877178,-0.000553992,0.005349586,0.002433753,-0.000553992,,,
1786043621367272736,1786043621.366777984,/novatel/oem7/inspva,/novatel/oem7/inspva,/novatel/oem7/inspva,39.663,-75.756,-1.801345049,0.005722955,-0.002671285,0.002921259,0.004921225,-0.002671285,,novatel_oem7_msgs.msg.InertialSolutionStatus(status=3),
1786043621368672173,1786043621.366914903,/novatel/oem7/fix,/novatel/oem7/fix,/novatel/oem7/inspva,39.663,-75.756,-1.801345049,0.005722955,-0.002671285,0.002921259,0.004921225,-0.002671285,,0,
1786043621369725403,1786043621.367591982,/novatel/oem7/odom,/novatel/oem7/fix,/novatel/oem7/odom,39.663,-75.756,-1.801345049,0.005735209,-0.002644874,0.005069014,0.002682856,-0.002644874,,,
1786043621375545460,1786043621.374896170,/novatel/oem7/odom,/novatel/oem7/fix,/novatel/oem7/odom,39.663,-75.756,-1.801345049,0.005735209,-0.002644874,0.005069014,0.002682856,-0.002644874,,,
1786043621385541717,1786043621.385030529,/novatel/oem7/inspva,/novatel/oem7/inspva,/novatel/oem7/inspva,39.663,-75.756,-1.801335459,0.005132464,-0.003146541,0.001885863,0.004773437,-0.003146541,,novatel_oem7_msgs.msg.InertialSolutionStatus(status=3),
1786043621386831323,1786043621.385159444,/novatel/oem7/fix,/novatel/oem7/fix,/novatel/oem7/inspva,39.663,-75.756,-1.801335459,0.005132464,-0.003146541,0.001885863,0.004773437,-0.003146541,,0,
1786043621387863733,1786043621.385501414,/novatel/oem7/odom,/novatel/oem7/fix,/novatel/oem7/odom,39.663,-75.756,-1.801335459,0.005146497,-0.003123535,0.004872372,0.001657233,-0.003123535,,,
1786043621396038713,1786043621.395438953,/novatel/oem7/odom,/novatel/oem7/fix,/novatel/oem7/odom,39.663,-75.756,-1.801335459,0.005146497,-0.003123535,0.004872372,0.001657233,-0.003123535,,,
1786043621406784345,1786043621.406290703,/novatel/oem7/inspva,/novatel/oem7/inspva,/novatel/oem7/inspva,39.663,-75.756,-1.801316185,0.007962617,-0.000349197,0.001737729,0.007770687,-0.000349197,,novatel_oem7_msgs.msg.InertialSolutionStatus(status=3),
1786043621408102551,1786043621.406416334,/novatel/oem7/fix,/novatel/oem7/fix,/novatel/oem7/inspva,39.663,-75.756,-1.801316185,0.007962617,-0.000349197,0.001737729,0.007770687,-0.000349197,,0,
1786043621409162181,1786043621.406918583,/novatel/oem7/odom,/novatel/oem7/fix,/novatel/oem7/odom,39.663,-75.756,-1.801316185,0.007964026,-0.000315439,0.007847929,0.001354887,-0.000315439,,,
1786043621410987193,1786043621.410404967,/novatel/oem7/bestpos,/novatel/oem7/bestpos,/novatel/oem7/odom,39.663,-75.756,33.181060303,0.007964026,-0.000315439,0.007847929,0.001354887,-0.000315439,,novatel_oem7_msgs.msg.SolutionStatus(status=0),novatel_oem7_msgs.msg.PositionOrVelocityType(type=53)
1786043621412366486,1786043621.410819637,/novatel/oem7/bestvel,/novatel/oem7/bestpos,/novatel/oem7/bestvel,39.663,-75.756,33.181060303,0.008060478,-0.001012846,,,,66.470170304,novatel_oem7_msgs.msg.SolutionStatus(status=0),novatel_oem7_msgs.msg.PositionOrVelocityType(type=53)
1786043621416576977,1786043621.415833299,/novatel/oem7/odom,/novatel/oem7/bestpos,/novatel/oem7/odom,39.663,-75.756,33.181060303,0.007964026,-0.000315439,0.007847929,0.001354887,-0.000315439,,,
1786043621426639449,1786043621.426095960,/novatel/oem7/inspva,/novatel/oem7/inspva,/novatel/oem7/inspva,39.663,-75.756,-1.801299355,0.005724704,0.000313056,0.002088388,0.005330185,0.000313056,,novatel_oem7_msgs.msg.InertialSolutionStatus(status=3),
1786043621427973315,1786043621.426260398,/novatel/oem7/fix,/novatel/oem7/fix,/novatel/oem7/inspva,39.663,-75.756,-1.801299355,0.005724704,0.000313056,0.002088388,0.005330185,0.000313056,,0,
1786043621429038212,1786043621.426639417,/novatel/oem7/odom,/novatel/oem7/fix,/novatel/oem7/odom,39.663,-75.756,-1.801299355,0.005723224,0.000339030,0.005425063,0.001823180,0.000339030,,,
1786043621435088961,1786043621.434397954,/novatel/oem7/odom,/novatel/oem7/fix,/novatel/oem7/odom,39.663,-75.756,-1.801299355,0.005723224,0.000339030,0.005425063,0.001823180,0.000339030,,,
1786043621445799426,1786043621.445269554,/novatel/oem7/inspva,/novatel/oem7/inspva,/novatel/oem7/inspva,39.663,-75.756,-1.801310606,0.005031278,-0.003075374,0.003635429,0.003478134,-0.003075374,,novatel_oem7_msgs.msg.InertialSolutionStatus(status=3),
1786043621447150516,1786043621.445416475,/novatel/oem7/fix,/novatel/oem7/fix,/novatel/oem7/inspva,39.663,-75.756,-1.801310606,0.005031278,-0.003075374,0.003635429,0.003478134,-0.003075374,,0,
1786043621448228606,1786043621.445994328,/novatel/oem7/odom,/novatel/oem7/fix,/novatel/oem7/odom,39.663,-75.756,-1.801310606,0.005045244,-0.003052409,0.003664252,0.003468103,-0.003052409,,,
1786043621456984718,1786043621.456316848,/novatel/oem7/odom,/novatel/oem7/fix,/novatel/oem7/odom,39.663,-75.756,-1.801310606,0.005045244,-0.003052409,0.003664252,0.003468103,-0.003052409,,,
1786043621465539942,1786043621.465020363,/novatel/oem7/inspva,/novatel/oem7/inspva,/novatel/oem7/inspva,39.663,-75.756,-1.801291562,0.005436141,-0.002884928,0.001940901,0.005077847,-0.002884928,,novatel_oem7_msgs.msg.InertialSolutionStatus(status=3),
1786043621466874955,1786043621.465156195,/novatel/oem7/fix,/novatel/oem7/fix,/novatel/oem7/inspva,39.663,-75.756,-1.801291562,0.005436141,-0.002884928,0.001940901,0.005077847,-0.002884928,,0,
1786043621467928102,1786043621.465593816,/novatel/oem7/odom,/novatel/oem7/fix,/novatel/oem7/odom,39.663,-75.756,-1.801291562,0.005448914,-0.002860730,0.005178040,0.001696633,-0.002860730,,,
1786043621475356927,1786043621.474619297,/novatel/oem7/odom,/novatel/oem7/fix,/novatel/oem7/odom,39.663,-75.756,-1.801291562,0.005448914,-0.002860730,0.005178040,0.001696633,-0.002860730,,,
1786043621487896950,1786043621.487347368,/novatel/oem7/inspva,/novatel/oem7/inspva,/novatel/oem7/inspva,39.663,-75.756,-1.801269757,0.007310215,-0.000078188,0.000928147,0.007251054,-0.000078188,,novatel_oem7_msgs.msg.InertialSolutionStatus(status=3),
1786043621489245910,1786043621.487563017,/novatel/oem7/fix,/novatel/oem7/fix,/novatel/oem7/inspva,39.663,-75.756,-1.801269757,0.007310215,-0.000078188,0.000928147,0.007251054,-0.000078188,,0,
1786043621490328384,1786043621.487812271,/novatel/oem7/odom,/novatel/oem7/fix,/novatel/oem7/odom,39.663,-75.756,-1.801269757,0.007310474,-0.000048285,0.007288126,0.000571173,-0.000048285,,,
1786043621495837311,1786043621.495175305,/novatel/oem7/odom,/novatel/oem7/fix,/novatel/oem7/odom,39.663,-75.756,-1.801269757,0.007310474,-0.000048285,0.007288126,0.000571173,-0.000048285,,,
1786043621506744758,1786043621.506180402,/novatel/oem7/inspva,/novatel/oem7/inspva,/novatel/oem7/inspva,39.663,-75.756,-1.801255258,0.006432854,0.000448185,0.001233335,0.006313517,0.000448185,,novatel_oem7_msgs.msg.InertialSolutionStatus(status=3),
1786043621508120107,1786043621.506358657,/novatel/oem7/fix,/novatel/oem7/fix,/novatel/oem7/inspva,39.663,-75.756,-1.801255258,0.006432854,0.000448185,0.001233335,0.006313517,0.000448185,,0,
1786043621509214412,1786043621.506906852,/novatel/oem7/odom,/novatel/oem7/fix,/novatel/oem7/odom,39.663,-75.756,-1.801255258,0.006430910,0.000475268,0.006364676,0.000920596,0.000475268,,,
1786043621512931538,1786043621.512340519,/novatel/oem7/bestpos,/novatel/oem7/bestpos,/novatel/oem7/odom,39.663,-75.756,33.181119456,0.006430910,0.000475268,0.006364676,0.000920596,0.000475268,,novatel_oem7_msgs.msg.SolutionStatus(status=0),novatel_oem7_msgs.msg.PositionOrVelocityType(type=53)
1786043621514345642,1786043621.512759249,/novatel/oem7/bestvel,/novatel/oem7/bestpos,/novatel/oem7/bestvel,39.663,-75.756,33.181119456,0.006993722,-0.000197178,,,,73.374277528,novatel_oem7_msgs.msg.SolutionStatus(status=0),novatel_oem7_msgs.msg.PositionOrVelocityType(type=53)
1786043621516343711,1786043621.515732493,/novatel/oem7/odom,/novatel/oem7/bestpos,/novatel/oem7/odom,39.663,-75.756,33.181119456,0.006430910,0.000475268,0.006364676,0.000920596,0.000475268,,,
1786043621525989805,1786043621.525478287,/novatel/oem7/inspva,/novatel/oem7/inspva,/novatel/oem7/inspva,39.663,-75.756,-1.801264470,0.004759507,-0.002334790,0.002996208,0.003698060,-0.002334790,,novatel_oem7_msgs.msg.InertialSolutionStatus(status=3),
1786043621527356762,1786043621.525624825,/novatel/oem7/fix,/novatel/oem7/fix,/novatel/oem7/inspva,39.663,-75.756,-1.801264470,0.004759507,-0.002334790,0.002996208,0.003698060,-0.002334790,,0,
1786043621528466086,1786043621.526382816,/novatel/oem7/odom,/novatel/oem7/fix,/novatel/oem7/odom,39.663,-75.756,-1.801264470,0.004770294,-0.002312672,0.003849746,0.002816941,-0.002312672,,,
1786043621535637943,1786043621.534986605,/novatel/oem7/odom,/novatel/oem7/fix,/novatel/oem7/odom,39.663,-75.756,-1.801264470,0.004770294,-0.002312672,0.003849746,0.002816941,-0.002312672,,,
1786043621548325123,1786043621.546332130,/novatel/oem7/inspva,/novatel/oem7/inspva,/novatel/oem7/inspva,39.663,-75.756,-1.801250275,0.004577023,-0.002945026,0.002025539,0.004104429,-0.002945026,,novatel_oem7_msgs.msg.InertialSolutionStatus(status=3),
1786043621549748738,1786043621.546590123,/novatel/oem7/fix,/novatel/oem7/fix,/novatel/oem7/inspva,39.663,-75.756,-1.801250275,0.004577023,-0.002945026,0.002025539,0.004104429,-0.002945026,,0,
1786043621550810071,1786043621.547088155,/novatel/oem7/odom,/novatel/oem7/fix,/novatel/oem7/odom,39.663,-75.756,-1.801250275,0.004590387,-0.002924153,0.004210216,0.001829134,-0.002924153,,,
1786043621556521380,1786043621.555850777,/novatel/oem7/odom,/novatel/oem7/fix,/novatel/oem7/odom,39.663,-75.756,-1.801250275,0.004590387,-0.002924153,0.004210216,0.001829134,-0.002924153,,,
1786043621565934795,1786043621.565411993,/novatel/oem7/inspva,/novatel/oem7/inspva,/novatel/oem7/inspva,39.663,-75.756,-1.801225414,0.007337395,0.000005140,0.000142591,0.007336009,0.000005140,,novatel_oem7_msgs.msg.InertialSolutionStatus(status=3),
1786043621567308215,1786043621.565581415,/novatel/oem7/fix,/novatel/oem7/fix,/novatel/oem7/inspva,39.663,-75.756,-1.801225414,0.007337395,0.000005140,0.000142591,0.007336009,0.000005140,,0,
1786043621568413723,1786043621.566319265,/novatel/oem7/odom,/novatel/oem7/fix,/novatel/oem7/odom,39.663,-75.756,-1.801225414,0.007337323,0.000032909,0.007334093,-0.000217704,0.000032909,,,
1786043621576033627,1786043621.575366814,/novatel/oem7/odom,/novatel/oem7/fix,/novatel/oem7/odom,39.663,-75.756,-1.801225414,0.007337323,0.000032909,0.007334093,-0.000217704,0.000032909,,,
1786043621585659591,1786043621.585143756,/novatel/oem7/inspva,/novatel/oem7/inspva,/novatel/oem7/inspva,39.663,-75.756,-1.801213115,0.005602566,0.000297632,0.000997442,0.005513063,0.000297632,,novatel_oem7_msgs.msg.InertialSolutionStatus(status=3),
1786043621586974091,1786043621.585291171,/novatel/oem7/fix,/novatel/oem7/fix,/novatel/oem7/inspva,39.663,-75.756,-1.801213115,0.005602566,0.000297632,0.000997442,0.005513063,0.000297632,,0,
1786043621588019554,1786043621.585784602,/novatel/oem7/odom,/novatel/oem7/fix,/novatel/oem7/odom,39.663,-75.756,-1.801213115,0.005601264,0.000321206,0.005554162,0.000724880,0.000321206,,,
1786043621595350613,1786043621.594707886,/novatel/oem7/odom,/novatel/oem7/fix,/novatel/oem7/odom,39.663,-75.756,-1.801213115,0.005601264,0.000321206,0.005554162,0.000724880,0.000321206,,,
1786043621607210118,1786043621.606711134,/novatel/oem7/inspva,/novatel/oem7/inspva,/novatel/oem7/inspva,39.663,-75.756,-1.801226761,0.004925839,-0.002214480,0.002783412,0.004064051,-0.002214480,,novatel_oem7_msgs.msg.InertialSolutionStatus(status=3),
1786043621608558008,1786043621.606851791,/novatel/oem7/fix,/novatel/oem7/fix,/novatel/oem7/inspva,39.663,-75.756,-1.801226761,0.004925839,-0.002214480,0.002783412,0.004064051,-0.002214480,,0,
1786043621609609685,1786043621.607369993,/novatel/oem7/odom,/novatel/oem7/fix,/novatel/oem7/odom,39.663,-75.756,-1.801226761,0.004936036,-0.002191658,0.004204247,0.002586263,-0.002191658,,,
1786043621611045039,1786043621.610274635,/novatel/oem7/bestpos,/novatel/oem7/bestpos,/novatel/oem7/odom,39.663,-75.756,33.181168223,0.004936036,-0.002191658,0.004204247,0.002586263,-0.002191658,,novatel_oem7_msgs.msg.SolutionStatus(status=0),novatel_oem7_msgs.msg.PositionOrVelocityType(type=53)
1786043621612642981,1786043621.610767526,/novatel/oem7/bestvel,/novatel/oem7/bestpos,/novatel/oem7/bestvel,39.663,-75.756,33.181168223,0.004120661,-0.001648109,,,,52.270622264,novatel_oem7_msgs.msg.SolutionStatus(status=0),novatel_oem7_msgs.msg.PositionOrVelocityType(type=53)
1786043621615826466,1786043621.615163039,/novatel/oem7/odom,/novatel/oem7/bestpos,/novatel/oem7/odom,39.663,-75.756,33.181168223,0.004936036,-0.002191658,0.004204247,0.002586263,-0.002191658,,,
1786043621625659172,1786043621.625135070,/novatel/oem7/inspva,/novatel/oem7/inspva,/novatel/oem7/inspva,39.663,-75.756,-1.801213352,0.005090739,-0.002046821,0.002052926,0.004658446,-0.002046821,,novatel_oem7_msgs.msg.InertialSolutionStatus(status=3),
1786043621626983041,1786043621.625279808,/novatel/oem7/fix,/novatel/oem7/fix,/novatel/oem7/inspva,39.663,-75.756,-1.801213352,0.005090739,-0.002046821,0.002052926,0.004658446,-0.002046821,,0,
1786043621628045808,1786043621.625802550,/novatel/oem7/odom,/novatel/oem7/fix,/novatel/oem7/odom,39.663,-75.756,-1.801213352,0.005099961,-0.002023733,0.004761452,0.001827068,-0.002023733,,,
1786043621636502288,1786043621.635818078,/novatel/oem7/odom,/novatel/oem7/fix,/novatel/oem7/odom,39.663,-75.756,-1.801213352,0.005099961,-0.002023733,0.004761452,0.001827068,-0.002023733,,,
1786043621646508862,1786043621.645505057,/novatel/oem7/inspva,/novatel/oem7/inspva,/novatel/oem7/inspva,39.663,-75.756,-1.801206559,0.005749467,-0.001453253,-0.000469836,0.005730238,-0.001453253,,novatel_oem7_msgs.msg.InertialSolutionStatus(status=3),
1786043621647902026,1786043621.645626887,/novatel/oem7/fix,/novatel/oem7/fix,/novatel/oem7/inspva,39.663,-75.756,-1.801206559,0.005749467,-0.001453253,-0.000469836,0.005730238,-0.001453253,,0,
1786043621648979179,1786043621.646389124,/novatel/oem7/odom,/novatel/oem7/fix,/novatel/oem7/odom,39.663,-75.756,-1.801206559,0.005754476,-0.001433292,0.005705832,-0.000746641,-0.001433292,,,
1786043621656955320,1786043621.656224683,/novatel/oem7/odom,/novatel/oem7/fix,/novatel/oem7/odom,39.663,-75.756,-1.801206559,0.005754476,-0.001433292,0.005705832,-0.000746641,-0.001433292,,,
1786043621666580784,1786043621.666075843,/novatel/oem7/inspva,/novatel/oem7/inspva,/novatel/oem7/inspva,39.663,-75.756,-1.801187552,0.005657696,-0.000285245,0.000335596,0.005647734,-0.000285245,,novatel_oem7_msgs.msg.InertialSolutionStatus(status=3),
1786043621667914644,1786043621.666156470,/novatel/oem7/fix,/novatel/oem7/fix,/novatel/oem7/inspva,39.663,-75.756,-1.801187552,0.005657696,-0.000285245,0.000335596,0.005647734,-0.000285245,,0,
1786043621668975498,1786043621.666592048,/novatel/oem7/odom,/novatel/oem7/fix,/novatel/oem7/odom,39.663,-75.756,-1.801187552,0.005658759,-0.000263310,0.005658454,0.000058829,-0.000263310,,,
1786043621675286899,1786043621.674594693,/novatel/oem7/odom,/novatel/oem7/fix,/novatel/oem7/odom,39.663,-75.756,-1.801187552,0.005658759,-0.000263310,0.005658454,0.000058829,-0.000263310,,,
1786043621685864466,1786043621.685291934,/novatel/oem7/inspva,/novatel/oem7/inspva,/novatel/oem7/inspva,39.663,-75.756,-1.801186158,0.004425632,-0.000763176,0.001856110,0.004017595,-0.000763176,,novatel_oem7_msgs.msg.InertialSolutionStatus(status=3),
1786043621687205126,1786043621.685455872,/novatel/oem7/fix,/novatel/oem7/fix,/novatel/oem7/inspva,39.663,-75.756,-1.801186158,0.004425632,-0.000763176,0.001856110,0.004017595,-0.000763176,,0,
1786043621688260143,1786043621.685795852,/novatel/oem7/odom,/novatel/oem7/fix,/novatel/oem7/odom,39.663,-75.756,-1.801186158,0.004429066,-0.000742986,0.004106746,0.001658692,-0.000742986,,,
1786043621696172380,1786043621.695525921,/novatel/oem7/odom,/novatel/oem7/fix,/novatel/oem7/odom,39.663,-75.756,-1.801186158,0.004429066,-0.000742986,0.004106746,0.001658692,-0.000742986,,,
1786043621706562662,1786043621.705992706,/novatel/oem7/inspva,/novatel/oem7/inspva,/novatel/oem7/inspva,39.663,-75.756,-1.801176157,0.005175276,-0.001761571,0.002005924,0.004770717,-0.001761571,,novatel_oem7_msgs.msg.InertialSolutionStatus(status=3),
1786043621707992622,1786043621.706131274,/novatel/oem7/fix,/novatel/oem7/fix,/novatel/oem7/inspva,39.663,-75.756,-1.801176157,0.005175276,-0.001761571,0.002005924,0.004770717,-0.001761571,,0,
1786043621709073929,1786043621.706560015,/novatel/oem7/odom,/novatel/oem7/fix,/novatel/oem7/odom,39.663,-75.756,-1.801176157,0.005183184,-0.001738165,0.004870133,0.001774035,-0.001738165,,,
1786043621710532010,1786043621.709307648,/novatel/oem7/bestpos,/novatel/oem7/bestpos,/novatel/oem7/odom,39.663,-75.756,33.181200108,0.005183184,-0.001738165,0.004870133,0.001774035,-0.001738165,,novatel_oem7_msgs.msg.SolutionStatus(status=0),novatel_oem7_msgs.msg.PositionOrVelocityType(type=53)
1786043621711954041,1786043621.709990932,/novatel/oem7/bestvel,/novatel/oem7/bestpos,/novatel/oem7/bestvel,39.663,-75.756,33.181200108,0.005776359,-0.002223208,,,,65.950667070,novatel_oem7_msgs.msg.SolutionStatus(status=0),novatel_oem7_msgs.msg.PositionOrVelocityType(type=53)
1786043621715120875,1786043621.714474086,/novatel/oem7/odom,/novatel/oem7/bestpos,/novatel/oem7/odom,39.663,-75.756,33.181200108,0.005183184,-0.001738165,0.004870133,0.001774035,-0.001738165,,,
1786043621727146669,1786043621.726585547,/novatel/oem7/inspva,/novatel/oem7/inspva,/novatel/oem7/inspva,39.663,-75.756,-1.801167073,0.006198321,-0.001438260,-0.000400839,0.006185346,-0.001438260,,novatel_oem7_msgs.msg.InertialSolutionStatus(status=3),
1786043621728487902,1786043621.726782482,/novatel/oem7/fix,/novatel/oem7/fix,/novatel/oem7/inspva,39.663,-75.756,-1.801167073,0.006198321,-0.001438260,-0.000400839,0.006185346,-0.001438260,,0,
1786043621729546643,1786043621.727252036,/novatel/oem7/odom,/novatel/oem7/fix,/novatel/oem7/odom,39.663,-75.756,-1.801167073,0.006203350,-0.001416410,0.006163722,-0.000700062,-0.001416410,,,
1786043621735564098,1786043621.734879878,/novatel/oem7/odom,/novatel/oem7/fix,/novatel/oem7/odom,39.663,-75.756,-1.801167073,0.006203350,-0.001416410,0.006163722,-0.000700062,-0.001416410,,,
1786043621745598359,1786043621.745005550,/novatel/oem7/inspva,/novatel/oem7/inspva,/novatel/oem7/inspva,39.663,-75.756,-1.801136244,0.005964583,-0.000190792,0.000038927,0.005964455,-0.000190792,,novatel_oem7_msgs.msg.InertialSolutionStatus(status=3),
1786043621746938286,1786043621.745180729,/novatel/oem7/fix,/novatel/oem7/fix,/novatel/oem7/inspva,39.663,-75.756,-1.801136244,0.005964583,-0.000190792,0.000038927,0.005964455,-0.000190792,,0,
1786043621747990626,1786043621.745666443,/novatel/oem7/odom,/novatel/oem7/fix,/novatel/oem7/odom,39.663,-75.756,-1.801136244,0.005965255,-0.000168452,0.005959877,-0.000253251,-0.000168452,,,
1786043621756337794,1786043621.755672714,/novatel/oem7/odom,/novatel/oem7/fix,/novatel/oem7/odom,39.663,-75.756,-1.801136244,0.005965255,-0.000168452,0.005959877,-0.000253251,-0.000168452,,,
1786043621765763595,1786043621.765430126,/novatel/oem7/inspva,/novatel/oem7/inspva,/novatel/oem7/inspva,39.663,-75.756,-1.801139028,0.004691246,-0.001065214,0.001608321,0.004406937,-0.001065214,,novatel_oem7_msgs.msg.InertialSolutionStatus(status=3),
1786043621767141650,1786043621.765575704,/novatel/oem7/fix,/novatel/oem7/fix,/novatel/oem7/inspva,39.663,-75.756,-1.801139028,0.004691246,-0.001065214,0.001608321,0.004406937,-0.001065214,,0,
1786043621767910134,1786043621.766302475,/novatel/oem7/odom,/novatel/oem7/fix,/novatel/oem7/odom,39.663,-75.756,-1.801139028,0.004695988,-0.001044110,0.004484650,0.001392918,-0.001044110,,,
1786043621775700006,1786043621.774999323,/novatel/oem7/odom,/novatel/oem7/fix,/novatel/oem7/odom,39.663,-75.756,-1.801139028,0.004695988,-0.001044110,0.004484650,0.001392918,-0.001044110,,,
1786043621786710997,1786043621.786148481,/novatel/oem7/inspva,/novatel/oem7/inspva,/novatel/oem7/inspva,39.663,-75.756,-1.801124419,0.005455262,-0.001167115,0.001988213,0.005080049,-0.001167115,,novatel_oem7_msgs.msg.InertialSolutionStatus(status=3),
1786043621787737960,1786043621.786295630,/novatel/oem7/fix,/novatel/oem7/fix,/novatel/oem7/inspva,39.663,-75.756,-1.801124419,0.005455262,-0.001167115,0.001988213,0.005080049,-0.001167115,,0,
1786043621788226988,1786043621.786696317,/novatel/oem7/odom,/novatel/oem7/fix,/novatel/oem7/odom,39.663,-75.756,-1.801124419,0.005460443,-0.001142630,0.005175903,0.001739673,-0.001142630,,,
1786043621794975116,1786043621.794569974,/novatel/oem7/odom,/novatel/oem7/fix,/novatel/oem7/odom,39.663,-75.756,-1.801124419,0.005460443,-0.001142630,0.005175903,0.001739673,-0.001142630,,,
1786043621806967969,1786043621.806534054,/novatel/oem7/inspva,/novatel/oem7/inspva,/novatel/oem7/inspva,39.663,-75.756,-1.801113494,0.006068283,-0.001512463,-0.000211967,0.006064579,-0.001512463,,novatel_oem7_msgs.msg.InertialSolutionStatus(status=3),
1786043621808024770,1786043621.806678546,/novatel/oem7/fix,/novatel/oem7/fix,/novatel/oem7/inspva,39.663,-75.756,-1.801113494,0.006068283,-0.001512463,-0.000211967,0.006064579,-0.001512463,,0,
1786043621808729818,1786043621.807161484,/novatel/oem7/odom,/novatel/oem7/fix,/novatel/oem7/odom,39.663,-75.756,-1.801113494,0.006073721,-0.001490473,0.006052672,-0.000505225,-0.001490473,,,
1786043621810710755,1786043621.810365052,/novatel/oem7/bestpos,/novatel/oem7/bestpos,/novatel/oem7/odom,39.663,-75.756,33.181257752,0.006073721,-0.001490473,0.006052672,-0.000505225,-0.001490473,,novatel_oem7_msgs.msg.SolutionStatus(status=0),novatel_oem7_msgs.msg.PositionOrVelocityType(type=53)
1786043621811355426,1786043621.810748355,/novatel/oem7/bestvel,/novatel/oem7/bestpos,/novatel/oem7/bestvel,39.663,-75.756,33.181257752,0.005540240,-0.001343316,,,,90.396348992,novatel_oem7_msgs.msg.SolutionStatus(status=0),novatel_oem7_msgs.msg.PositionOrVelocityType(type=53)
1786043621816012568,1786043621.815623883,/novatel/oem7/odom,/novatel/oem7/bestpos,/novatel/oem7/odom,39.663,-75.756,33.181257752,0.006073721,-0.001490473,0.006052672,-0.000505225,-0.001490473,,,
1786043621825452243,1786043621.825121129,/novatel/oem7/inspva,/novatel/oem7/inspva,/novatel/oem7/inspva,39.663,-75.756,-1.801094739,0.004873619,-0.001213935,0.000266285,0.004866339,-0.001213935,,novatel_oem7_msgs.msg.InertialSolutionStatus(status=3),
1786043621826766715,1786043621.825270874,/novatel/oem7/fix,/novatel/oem7/fix,/novatel/oem7/inspva,39.663,-75.756,-1.801094739,0.004873619,-0.001213935,0.000266285,0.004866339,-0.001213935,,0,
1786043621827516150,1786043621.825781025,/novatel/oem7/odom,/novatel/oem7/fix,/novatel/oem7/odom,39.663,-75.756,-1.801094739,0.004878294,-0.001195010,0.004878199,0.000030439,-0.001195010,,,
1786043621834868992,1786043621.834501514,/novatel/oem7/odom,/novatel/oem7/fix,/novatel/oem7/odom,39.663,-75.756,-1.801094739,0.004878294,-0.001195010,0.004878199,0.000030439,-0.001195010,,,
1786043621846979505,1786043621.846629742,/novatel/oem7/inspva,/novatel/oem7/inspva,/novatel/oem7/inspva,39.663,-75.756,-1.801087338,0.005245032,-0.000351745,0.001262791,0.005090748,-0.000351745,,novatel_oem7_msgs.msg.InertialSolutionStatus(status=3),
1786043621847644968,1786043621.846789314,/novatel/oem7/fix,/novatel/oem7/fix,/novatel/oem7/inspva,39.663,-75.756,-1.801087338,0.005245032,-0.000351745,0.001262791,0.005090748,-0.000351745,,0,
1786043621848147977,1786043621.847242308,/novatel/oem7/odom,/novatel/oem7/fix,/novatel/oem7/odom,39.663,-75.756,-1.801087338,0.005246492,-0.000329253,0.005147852,0.001012568,-0.000329253,,,
1786043621856853238,1786043621.856504218,/novatel/oem7/odom,/novatel/oem7/fix,/novatel/oem7/odom,39.663,-75.756,-1.801087338,0.005246492,-0.000329253,0.005147852,0.001012568,-0.000329253,,,
1786043621865357177,1786043621.865058469,/novatel/oem7/inspva,/novatel/oem7/inspva,/novatel/oem7/inspva,39.663,-75.756,-1.801077849,0.005059798,-0.000353001,0.001256772,0.004901232,-0.000353001,,novatel_oem7_msgs.msg.InertialSolutionStatus(status=3),
1786043621866562450,1786043621.865199573,/novatel/oem7/fix,/novatel/oem7/fix,/novatel/oem7/inspva,39.663,-75.756,-1.801077849,0.005059798,-0.000353001,0.001256772,0.004901232,-0.000353001,,0,
1786043621867431476,1786043621.865630398,/novatel/oem7/odom,/novatel/oem7/fix,/novatel/oem7/odom,39.663,-75.756,-1.801077849,0.005061278,-0.000331106,0.004958294,0.001015799,-0.000331106,,,
1786043621877462923,1786043621.876635409,/novatel/oem7/odom,/novatel/oem7/fix,/novatel/oem7/odom,39.663,-75.756,-1.801077849,0.005061278,-0.000331106,0.004958294,0.001015799,-0.000331106,,,
1786043621885942716,1786043621.885441531,/novatel/oem7/inspva,/novatel/oem7/inspva,/novatel/oem7/inspva,39.663,-75.756,-1.801076633,0.004360999,-0.001970004,0.000386506,0.004343838,-0.001970004,,novatel_oem7_msgs.msg.InertialSolutionStatus(status=3),
1786043621887239288,1786043621.885586996,/novatel/oem7/fix,/novatel/oem7/fix,/novatel/oem7/inspva,39.663,-75.756,-1.801076633,0.004360999,-0.001970004,0.000386506,0.004343838,-0.001970004,,0,
1786043621888288892,1786043621.886146458,/novatel/oem7/odom,/novatel/oem7/fix,/novatel/oem7/odom,39.663,-75.756,-1.801076633,0.004368770,-0.001952711,0.004365140,0.000178072,-0.001952711,,,
1786043621895359075,1786043621.894757191,/novatel/oem7/odom,/novatel/oem7/fix,/novatel/oem7/odom,39.663,-75.756,-1.801076633,0.004368770,-0.001952711,0.004365140,0.000178072,-0.001952711,,,
1786043621906385119,1786043621.905885367,/novatel/oem7/inspva,/novatel/oem7/inspva,/novatel/oem7/inspva,39.663,-75.756,-1.801055013,0.004949258,-0.001605852,-0.000095661,0.004948333,-0.001605852,,novatel_oem7_msgs.msg.InertialSolutionStatus(status=3),
1786043621907703598,1786043621.906023669,/novatel/oem7/fix,/novatel/oem7/fix,/novatel/oem7/inspva,39.663,-75.756,-1.801055013,0.004949258,-0.001605852,-0.000095661,0.004948333,-0.001605852,,0,
1786043621908746345,1786043621.906496550,/novatel/oem7/odom,/novatel/oem7/fix,/novatel/oem7/odom,39.663,-75.756,-1.801055013,0.004955131,-0.001587636,0.004943860,-0.000334030,-0.001587636,,,
1786043621910240333,1786043621.909297964,/novatel/oem7/bestpos,/novatel/oem7/bestpos,/novatel/oem7/odom,39.663,-75.756,33.181335297,0.004955131,-0.001587636,0.004943860,-0.000334030,-0.001587636,,novatel_oem7_msgs.msg.SolutionStatus(status=0),novatel_oem7_msgs.msg.PositionOrVelocityType(type=53)
1786043621911661094,1786043621.909840029,/novatel/oem7/bestvel,/novatel/oem7/bestpos,/novatel/oem7/bestvel,39.663,-75.756,33.181335297,0.004209408,-0.000411697,,,,108.153963056,novatel_oem7_msgs.msg.SolutionStatus(status=0),novatel_oem7_msgs.msg.PositionOrVelocityType(type=53)
1786043621915141768,1786043621.914743597,/novatel/oem7/odom,/novatel/oem7/bestpos,/novatel/oem7/odom,39.663,-75.756,33.181335297,0.004955131,-0.001587636,0.004943860,-0.000334030,-0.001587636,,,
1786043621925872499,1786043621.925321224,/novatel/oem7/inspva,/novatel/oem7/inspva,/novatel/oem7/inspva,39.663,-75.756,-1.801035793,0.005972118,0.000353048,0.000246396,0.005967033,0.000353048,,novatel_oem7_msgs.msg.InertialSolutionStatus(status=3),
1786043621927259589,1786043621.925489346,/novatel/oem7/fix,/novatel/oem7/fix,/novatel/oem7/inspva,39.663,-75.756,-1.801035793,0.005972118,0.000353048,0.000246396,0.005967033,0.000353048,,0,
1786043621927938227,1786043621.926187032,/novatel/oem7/odom,/novatel/oem7/fix,/novatel/oem7/odom,39.663,-75.756,-1.801035793,0.005970710,0.000376125,0.005970521,-0.000047411,0.000376125,,,
1786043621936595394,1786043621.935745736,/novatel/oem7/odom,/novatel/oem7/fix,/novatel/oem7/odom,39.663,-75.756,-1.801035793,0.005970710,0.000376125,0.005970521,-0.000047411,0.000376125,,,
1786043621945936718,1786043621.945370836,/novatel/oem7/inspva,/novatel/oem7/inspva,/novatel/oem7/inspva,39.663,-75.756,-1.801019439,0.005267459,0.000707358,0.000339094,0.005256533,0.000707358,,novatel_oem7_msgs.msg.InertialSolutionStatus(status=3),
1786043621947266531,1786043621.945540865,/novatel/oem7/fix,/novatel/oem7/fix,/novatel/oem7/inspva,39.663,-75.756,-1.801019439,0.005267459,0.000707358,0.000339094,0.005256533,0.000707358,,0,
1786043621948279208,1786043621.945937365,/novatel/oem7/odom,/novatel/oem7/fix,/novatel/oem7/odom,39.663,-75.756,-1.801019439,0.005264631,0.000728108,0.005264036,0.000079132,0.000728108,,,
1786043621956464588,1786043621.955818612,/novatel/oem7/odom,/novatel/oem7/fix,/novatel/oem7/odom,39.663,-75.756,-1.801019439,0.005264631,0.000728108,0.005264036,0.000079132,0.000728108,,,
1786043621966575760,1786043621.966069958,/novatel/oem7/inspva,/novatel/oem7/inspva,/novatel/oem7/inspva,39.663,-75.756,-1.801027659,0.003920755,-0.002083462,0.001119748,0.003757457,-0.002083462,,novatel_oem7_msgs.msg.InertialSolutionStatus(status=3),
1786043621967893866,1786043621.966211253,/novatel/oem7/fix,/novatel/oem7/fix,/novatel/oem7/inspva,39.663,-75.756,-1.801027659,0.003920755,-0.002083462,0.001119748,0.003757457,-0.002083462,,0,
1786043621968909400,1786043621.966667784,/novatel/oem7/odom,/novatel/oem7/fix,/novatel/oem7/odom,39.663,-75.756,-1.801027659,0.003929804,-0.002066343,0.003815855,0.000939474,-0.002066343,,,
1786043621975769786,1786043621.975126440,/novatel/oem7/odom,/novatel/oem7/fix,/novatel/oem7/odom,39.663,-75.756,-1.801027659,0.003929804,-0.002066343,0.003815855,0.000939474,-0.002066343,,,
1786043621985827811,1786043621.985303070,/novatel/oem7/inspva,/novatel/oem7/inspva,/novatel/oem7/inspva,39.663,-75.756,-1.801001486,0.004705961,-0.002155389,0.000084767,0.004705197,-0.002155389,,novatel_oem7_msgs.msg.InertialSolutionStatus(status=3),
1786043621987187264,1786043621.985469407,/novatel/oem7/fix,/novatel/oem7/fix,/novatel/oem7/inspva,39.663,-75.756,-1.801001486,0.004705961,-0.002155389,0.000084767,0.004705197,-0.002155389,,0,
1786043621988228181,1786043621.985844714,/novatel/oem7/odom,/novatel/oem7/fix,/novatel/oem7/odom,39.663,-75.756,-1.801001486,0.004714098,-0.002137534,0.004712003,-0.000140504,-0.002137534,,,
1786043621996232583,1786043621.995598670,/novatel/oem7/odom,/novatel/oem7/fix,/novatel/oem7/odom,39.663,-75.756,-1.801001486,0.004714098,-0.002137534,0.004712003,-0.000140504,-0.002137534,,,
1786043622008899786,1786043622.008378185,/novatel/oem7/inspva,/novatel/oem7/inspva,/novatel/oem7/inspva,39.663,-75.756,-1.800982003,0.006387891,0.000223536,-0.000861560,0.006329524,0.000223536,,novatel_oem7_msgs.msg.InertialSolutionStatus(status=3),
1786043622010404228,1786043622.008543536,/novatel/oem7/fix,/novatel/oem7/fix,/novatel/oem7/inspva,39.663,-75.756,-1.800982003,0.006387891,0.000223536,-0.000861560,0.006329524,0.000223536,,0,
1786043622011472535,1786043622.009925970,/novatel/oem7/odom,/novatel/oem7/fix,/novatel/oem7/odom,39.663,-75.756,-1.800982003,0.006387099,0.000245139,0.006278783,-0.001171286,0.000245139,,,
1786043622016369786,1786043622.015721677,/novatel/oem7/odom,/novatel/oem7/fix,/novatel/oem7/odom,39.663,-75.756,-1.800982003,0.006387099,0.000245139,0.006278783,-0.001171286,0.000245139,,,
1786043622028450411,1786043622.027799674,/novatel/oem7/bestpos,/novatel/oem7/bestpos,/novatel/oem7/odom,39.663,-75.756,33.181379323,0.006387099,0.000245139,0.006278783,-0.001171286,0.000245139,,novatel_oem7_msgs.msg.SolutionStatus(status=0),novatel_oem7_msgs.msg.PositionOrVelocityType(type=53)
1786043622029901141,1786043622.028488574,/novatel/oem7/bestvel,/novatel/oem7/bestpos,/novatel/oem7/bestvel,39.663,-75.756,33.181379323,0.007377875,-0.000353913,,,,95.924875932,novatel_oem7_msgs.msg.SolutionStatus(status=0),novatel_oem7_msgs.msg.PositionOrVelocityType(type=53)
1786043622030855121,1786043622.029187118,/novatel/oem7/inspva,/novatel/oem7/inspva,/novatel/oem7/inspva,39.663,-75.756,-1.800969082,0.006560043,0.000717277,-0.000566871,0.006535505,0.000717277,,novatel_oem7_msgs.msg.InertialSolutionStatus(status=3),
1786043622032168063,1786043622.029550488,/novatel/oem7/fix,/novatel/oem7/fix,/novatel/oem7/inspva,39.663,-75.756,-1.800969082,0.006560043,0.000717277,-0.000566871,0.006535505,0.000717277,,0,
1786043622033233738,1786043622.029844158,/novatel/oem7/odom,/novatel/oem7/fix,/novatel/oem7/odom,39.663,-75.756,-1.800969082,0.006557488,0.000740271,0.006497022,-0.000888457,0.000740271,,,
1786043622035531303,1786043622.034880845,/novatel/oem7/odom,/novatel/oem7/fix,/novatel/oem7/odom,39.663,-75.756,-1.800969082,0.006557488,0.000740271,0.006497022,-0.000888457,0.000740271,,,
1786043622045902474,1786043622.045366826,/novatel/oem7/inspva,/novatel/oem7/inspva,/novatel/oem7/inspva,39.663,-75.756,-1.800956617,0.003553729,-0.001575441,0.001377484,0.003275901,-0.001575441,,novatel_oem7_msgs.msg.InertialSolutionStatus(status=3),
1786043622047228620,1786043622.045556254,/novatel/oem7/fix,/novatel/oem7/fix,/novatel/oem7/inspva,39.663,-75.756,-1.800956617,0.003553729,-0.001575441,0.001377484,0.003275901,-0.001575441,,0,
1786043622048280654,1786043622.046316625,/novatel/oem7/odom,/novatel/oem7/fix,/novatel/oem7/odom,39.663,-75.756,-1.800956617,0.003560837,-0.001559309,0.003345599,0.001219232,-0.001559309,,,
1786043622057110091,1786043622.056464924,/novatel/oem7/odom,/novatel/oem7/fix,/novatel/oem7/odom,39.663,-75.756,-1.800956617,0.003560837,-0.001559309,0.003345599,0.001219232,-0.001559309,,,
1786043622065885733,1786043622.065357718,/novatel/oem7/inspva,/novatel/oem7/inspva,/novatel/oem7/inspva,39.663,-75.756,-1.800928639,0.003725233,-0.002152750,0.000643501,0.003669232,-0.002152750,,novatel_oem7_msgs.msg.InertialSolutionStatus(status=3),
1786043622067225736,1786043622.065518706,/novatel/oem7/fix,/novatel/oem7/fix,/novatel/oem7/inspva,39.663,-75.756,-1.800928639,0.003725233,-0.002152750,0.000643501,0.003669232,-0.002152750,,0,
1786043622068289130,1786043622.065962013,/novatel/oem7/odom,/novatel/oem7/fix,/novatel/oem7/odom,39.663,-75.756,-1.800928639,0.003734138,-0.002137267,0.003704655,0.000468307,-0.002137267,,,
1786043622075285011,1786043622.074590784,/novatel/oem7/odom,/novatel/oem7/fix,/novatel/oem7/odom,39.663,-75.756,-1.800928639,0.003734138,-0.002137267,0.003704655,0.000468307,-0.002137267,,,
1786043622086053453,1786043622.085536672,/novatel/oem7/inspva,/novatel/oem7/inspva,/novatel/oem7/inspva,39.663,-75.756,-1.800882097,0.006304653,0.000521151,-0.001481254,0.006128176,0.000521151,,novatel_oem7_msgs.msg.InertialSolutionStatus(status=3),
1786043622087401610,1786043622.085701390,/novatel/oem7/fix,/novatel/oem7/fix,/novatel/oem7/inspva,39.663,-75.756,-1.800882097,0.006304653,0.000521151,-0.001481254,0.006128176,0.000521151,,0,
1786043622088502323,1786043622.086359556,/novatel/oem7/odom,/novatel/oem7/fix,/novatel/oem7/odom,39.663,-75.756,-1.800882097,0.006303070,0.000539964,0.006046161,-0.001781187,0.000539964,,,
1786043622096454935,1786043622.095779515,/novatel/oem7/odom,/novatel/oem7/fix,/novatel/oem7/odom,39.663,-75.756,-1.800882097,0.006303070,0.000539964,0.006046161,-0.001781187,0.000539964,,,
1786043622106529880,1786043622.106000031,/novatel/oem7/inspva,/novatel/oem7/inspva,/novatel/oem7/inspva,39.663,-75.756,-1.800842651,0.005538103,0.001710220,-0.001137190,0.005420090,0.001710220,,novatel_oem7_msgs.msg.InertialSolutionStatus(status=3),
1786043622107846689,1786043622.106150920,/novatel/oem7/fix,/novatel/oem7/fix,/novatel/oem7/inspva,39.663,-75.756,-1.800842651,0.005538103,0.001710220,-0.001137190,0.005420090,0.001710220,,0,
1786043622108891056,1786043622.106557865,/novatel/oem7/odom,/novatel/oem7/fix,/novatel/oem7/odom,39.663,-75.756,-1.800842651,0.005532714,0.001727573,0.005351113,-0.001405886,0.001727573,,,
1786043622110437648,1786043622.109593759,/novatel/oem7/bestpos,/novatel/oem7/bestpos,/novatel/oem7/odom,39.663,-75.756,33.181598330,0.005532714,0.001727573,0.005351113,-0.001405886,0.001727573,,novatel_oem7_msgs.msg.SolutionStatus(status=0),novatel_oem7_msgs.msg.PositionOrVelocityType(type=53)
1786043622111879036,1786043622.110295473,/novatel/oem7/bestvel,/novatel/oem7/bestpos,/novatel/oem7/bestvel,39.663,-75.756,33.181598330,0.005896749,0.001427294,,,,99.735389615,novatel_oem7_msgs.msg.SolutionStatus(status=0),novatel_oem7_msgs.msg.PositionOrVelocityType(type=53)
1786043622114943089,1786043622.114265182,/novatel/oem7/odom,/novatel/oem7/bestpos,/novatel/oem7/odom,39.663,-75.756,33.181598330,0.005532714,0.001727573,0.005351113,-0.001405886,0.001727573,,,
1786043622126541679,1786043622.126008517,/novatel/oem7/inspva,/novatel/oem7/inspva,/novatel/oem7/inspva,39.663,-75.756,-1.800831938,0.003279027,-0.000989150,0.000981943,0.003128546,-0.000989150,,novatel_oem7_msgs.msg.InertialSolutionStatus(status=3),
1786043622127867822,1786043622.126156885,/novatel/oem7/fix,/novatel/oem7/fix,/novatel/oem7/inspva,39.663,-75.756,-1.800831938,0.003279027,-0.000989150,0.000981943,0.003128546,-0.000989150,,0,
1786043622128922005,1786043622.126772241,/novatel/oem7/odom,/novatel/oem7/fix,/novatel/oem7/odom,39.663,-75.756,-1.800831938,0.003283368,-0.000974642,0.003176747,0.000829930,-0.000974642,,,
1786043622135513343,1786043622.134787729,/novatel/oem7/odom,/novatel/oem7/fix,/novatel/oem7/odom,39.663,-75.756,-1.800831938,0.003283368,-0.000974642,0.003176747,0.000829930,-0.000974642,,,
1786043622145754819,1786043622.145218911,/novatel/oem7/inspva,/novatel/oem7/inspva,/novatel/oem7/inspva,39.663,-75.756,-1.800803435,0.003741055,-0.000895484,0.000830952,0.003647604,-0.000895484,,novatel_oem7_msgs.msg.InertialSolutionStatus(status=3),
1786043622147095663,1786043622.145372263,/novatel/oem7/fix,/novatel/oem7/fix,/novatel/oem7/inspva,39.663,-75.756,-1.800803435,0.003741055,-0.000895484,0.000830952,0.003647604,-0.000895484,,0,
1786043622148171436,1786043622.145952851,/novatel/oem7/odom,/novatel/oem7/fix,/novatel/oem7/odom,39.663,-75.756,-1.800803435,0.003744836,-0.000879540,0.003687381,0.000653461,-0.000879540,,,
1786043622156827504,1786043622.156120901,/novatel/oem7/odom,/novatel/oem7/fix,/novatel/oem7/odom,39.663,-75.756,-1.800803435,0.003744836,-0.000879540,0.003687381,0.000653461,-0.000879540,,,
1786043622165879896,1786043622.165361101,/novatel/oem7/inspva,/novatel/oem7/inspva,/novatel/oem7/inspva,39.663,-75.756,-1.800775591,0.005030425,-0.000914134,-0.001270108,0.004867443,-0.000914134,,novatel_oem7_msgs.msg.InertialSolutionStatus(status=3),
1786043622167225289,1786043622.165516845,/novatel/oem7/fix,/novatel/oem7/fix,/novatel/oem7/inspva,39.663,-75.756,-1.800775591,0.005030425,-0.000914134,-0.001270108,0.004867443,-0.000914134,,0,
1786043622168667233,1786043622.166133568,/novatel/oem7/odom,/novatel/oem7/fix,/novatel/oem7/odom,39.663,-75.756,-1.800775591,0.005033068,-0.000899468,0.004802849,-0.001504798,-0.000899468,,,
1786043622175828180,1786043622.175155420,/novatel/oem7/odom,/novatel/oem7/fix,/novatel/oem7/odom,39.663,-75.756,-1.800775591,0.005033068,-0.000899468,0.004802849,-0.001504798,-0.000899468,,,
1786043622186586008,1786043622.186052006,/novatel/oem7/inspva,/novatel/oem7/inspva,/novatel/oem7/inspva,39.663,-75.756,-1.800736028,0.004393817,-0.000098374,-0.001134115,0.004244928,-0.000098374,,novatel_oem7_msgs.msg.InertialSolutionStatus(status=3),
1786043622187920881,1786043622.186206308,/novatel/oem7/fix,/novatel/oem7/fix,/novatel/oem7/inspva,39.663,-75.756,-1.800736028,0.004393817,-0.000098374,-0.001134115,0.004244928,-0.000098374,,0,
1786043622188989399,1786043622.186654929,/novatel/oem7/odom,/novatel/oem7/fix,/novatel/oem7/odom,39.663,-75.756,-1.800736028,0.004394085,-0.000085546,0.004184610,-0.001340532,-0.000085546,,,
1786043622195072541,1786043622.194398728,/novatel/oem7/odom,/novatel/oem7/fix,/novatel/oem7/odom,39.663,-75.756,-1.800736028,0.004394085,-0.000085546,0.004184610,-0.001340532,-0.000085546,,,
1786043622206851453,1786043622.206308088,/novatel/oem7/inspva,/novatel/oem7/inspva,/novatel/oem7/inspva,39.663,-75.756,-1.800711585,0.003451890,0.000435255,0.000655953,0.003388992,0.000435255,,novatel_oem7_msgs.msg.InertialSolutionStatus(status=3),
1786043622208167062,1786043622.206469992,/novatel/oem7/fix,/novatel/oem7/fix,/novatel/oem7/inspva,39.663,-75.756,-1.800711585,0.003451890,0.000435255,0.000655953,0.003388992,0.000435255,,0,
1786043622209218819,1786043622.206927694,/novatel/oem7/odom,/novatel/oem7/fix,/novatel/oem7/odom,39.663,-75.756,-1.800711585,0.003450020,0.000449835,0.003415328,0.000488026,0.000449835,,,
1786043622210766851,1786043622.209905019,/novatel/oem7/bestpos,/novatel/oem7/bestpos,/novatel/oem7/odom,39.663,-75.756,33.181728698,0.003450020,0.000449835,0.003415328,0.000488026,0.000449835,,novatel_oem7_msgs.msg.SolutionStatus(status=0),novatel_oem7_msgs.msg.PositionOrVelocityType(type=53)
1786043622212190438,1786043622.210299180,/novatel/oem7/bestvel,/novatel/oem7/bestpos,/novatel/oem7/bestvel,39.663,-75.756,33.181728698,0.004861116,-0.000177532,,,,85.013393250,novatel_oem7_msgs.msg.SolutionStatus(status=0),novatel_oem7_msgs.msg.PositionOrVelocityType(type=53)
1786043622216081259,1786043622.215412953,/novatel/oem7/odom,/novatel/oem7/bestpos,/novatel/oem7/odom,39.663,-75.756,33.181728698,0.003450020,0.000449835,0.003415328,0.000488026,0.000449835,,,
1786043622225509401,1786043622.224987376,/novatel/oem7/inspva,/novatel/oem7/inspva,/novatel/oem7/inspva,39.663,-75.756,-1.800689998,0.004554290,0.000133601,0.000285187,0.004545352,0.000133601,,novatel_oem7_msgs.msg.InertialSolutionStatus(status=3),
1786043622226837094,1786043622.225129538,/novatel/oem7/fix,/novatel/oem7/fix,/novatel/oem7/inspva,39.663,-75.756,-1.800689998,0.004554290,0.000133601,0.000285187,0.004545352,0.000133601,,0,
1786043622227896145,1786043622.225625102,/novatel/oem7/odom,/novatel/oem7/fix,/novatel/oem7/odom,39.663,-75.756,-1.800689998,0.004553734,0.000151376,0.004553314,0.000061784,0.000151376,,,
1786043622235160319,1786043622.234485666,/novatel/oem7/odom,/novatel/oem7/fix,/novatel/oem7/odom,39.663,-75.756,-1.800689998,0.004553734,0.000151376,0.004553314,0.000061784,0.000151376,,,
1786043622246989361,1786043622.246467353,/novatel/oem7/inspva,/novatel/oem7/inspva,/novatel/oem7/inspva,39.663,-75.756,-1.800681799,0.004772780,-0.001903503,-0.000567227,0.004738954,-0.001903503,,novatel_oem7_msgs.msg.InertialSolutionStatus(status=3),
1786043622248324981,1786043622.246626844,/novatel/oem7/fix,/novatel/oem7/fix,/novatel/oem7/inspva,39.663,-75.756,-1.800681799,0.004772780,-0.001903503,-0.000567227,0.004738954,-0.001903503,,0,
1786043622249399485,1786043622.247120162,/novatel/oem7/odom,/novatel/oem7/fix,/novatel/oem7/odom,39.663,-75.756,-1.800681799,0.004779194,-0.001887341,0.004712782,-0.000793967,-0.001887341,,,
1786043622256894498,1786043622.256201165,/novatel/oem7/odom,/novatel/oem7/fix,/novatel/oem7/odom,39.663,-75.756,-1.800681799,0.004779194,-0.001887341,0.004712782,-0.000793967,-0.001887341,,,
1786043622265731214,1786043622.265057968,/novatel/oem7/inspva,/novatel/oem7/inspva,/novatel/oem7/inspva,39.663,-75.756,-1.800642002,0.003800461,-0.001435346,-0.000839386,0.003706607,-0.001435346,,novatel_oem7_msgs.msg.InertialSolutionStatus(status=3),
1786043622267549159,1786043622.265204856,/novatel/oem7/fix,/novatel/oem7/fix,/novatel/oem7/inspva,39.663,-75.756,-1.800642002,0.003800461,-0.001435346,-0.000839386,0.003706607,-0.001435346,,0,
1786043622268717220,1786043622.265832662,/novatel/oem7/odom,/novatel/oem7/fix,/novatel/oem7/odom,39.663,-75.756,-1.800642002,0.003804791,-0.001423828,0.003666529,-0.001016367,-0.001423828,,,
1786043622275681351,1786043622.274732029,/novatel/oem7/odom,/novatel/oem7/fix,/novatel/oem7/odom,39.663,-75.756,-1.800642002,0.003804791,-0.001423828,0.003666529,-0.001016367,-0.001423828,,,
1786043622285979659,1786043622.285219108,/novatel/oem7/inspva,/novatel/oem7/inspva,/novatel/oem7/inspva,39.663,-75.756,-1.800595998,0.004364093,0.001568444,-0.000254565,0.004356662,0.001568444,,novatel_oem7_msgs.msg.InertialSolutionStatus(status=3),
1786043622287799806,1786043622.285479507,/novatel/oem7/fix,/novatel/oem7/fix,/novatel/oem7/inspva,39.663,-75.756,-1.800595998,0.004364093,0.001568444,-0.000254565,0.004356662,0.001568444,,0,
1786043622289186260,1786043622.286035579,/novatel/oem7/odom,/novatel/oem7/fix,/novatel/oem7/odom,39.663,-75.756,-1.800595998,0.004358472,0.001583997,0.004332875,-0.000471674,0.001583997,,,
1786043622296509775,1786043622.295069984,/novatel/oem7/odom,/novatel/oem7/fix,/novatel/oem7/odom,39.663,-75.756,-1.800595998,0.004358472,0.001583997,0.004332875,-0.000471674,0.001583997,,,
1786043622306749915,1786043622.306072705,/novatel/oem7/inspva,/novatel/oem7/inspva,/novatel/oem7/inspva,39.663,-75.756,-1.800578879,0.004269626,0.000568990,-0.000101819,0.004268412,0.000568990,,novatel_oem7_msgs.msg.InertialSolutionStatus(status=3),
1786043622308238399,1786043622.306276110,/novatel/oem7/fix,/novatel/oem7/fix,/novatel/oem7/inspva,39.663,-75.756,-1.800578879,0.004269626,0.000568990,-0.000101819,0.004268412,0.000568990,,0,
1786043622309369117,1786043622.306900883,/novatel/oem7/odom,/novatel/oem7/fix,/novatel/oem7/odom,39.663,-75.756,-1.800578879,0.004267489,0.000584802,0.004256049,-0.000312268,0.000584802,,,
1786043622311250902,1786043622.309415064,/novatel/oem7/bestpos,/novatel/oem7/bestpos,/novatel/oem7/odom,39.663,-75.756,33.181850220,0.004267489,0.000584802,0.004256049,-0.000312268,0.000584802,,novatel_oem7_msgs.msg.SolutionStatus(status=0),novatel_oem7_msgs.msg.PositionOrVelocityType(type=53)
1786043622312975859,1786043622.310095087,/novatel/oem7/bestvel,/novatel/oem7/bestpos,/novatel/oem7/bestvel,39.663,-75.756,33.181850220,0.006239553,-0.000823586,,,,84.732560126,novatel_oem7_msgs.msg.SolutionStatus(status=0),novatel_oem7_msgs.msg.PositionOrVelocityType(type=53)
1786043622315088866,1786043622.314389569,/novatel/oem7/odom,/novatel/oem7/bestpos,/novatel/oem7/odom,39.663,-75.756,33.181850220,0.004267489,0.000584802,0.004256049,-0.000312268,0.000584802,,,
1786043622325886318,1786043622.325274522,/novatel/oem7/inspva,/novatel/oem7/inspva,/novatel/oem7/inspva,39.663,-75.756,-1.800568828,0.003431457,-0.001378219,0.001085683,0.003255179,-0.001378219,,novatel_oem7_msgs.msg.InertialSolutionStatus(status=3),
1786043622327568335,1786043622.325464787,/novatel/oem7/fix,/novatel/oem7/fix,/novatel/oem7/inspva,39.663,-75.756,-1.800568828,0.003431457,-0.001378219,0.001085683,0.003255179,-0.001378219,,0,
1786043622329115790,1786043622.326009833,/novatel/oem7/odom,/novatel/oem7/fix,/novatel/oem7/odom,39.663,-75.756,-1.800568828,0.003437458,-0.001363182,0.003309717,0.000928382,-0.001363182,,,
1786043622336166686,1786043622.335480712,/novatel/oem7/odom,/novatel/oem7/fix,/novatel/oem7/odom,39.663,-75.756,-1.800568828,0.003437458,-0.001363182,0.003309717,0.000928382,-0.001363182,,,
1786043622346185930,1786043622.344983575,/novatel/oem7/inspva,/novatel/oem7/inspva,/novatel/oem7/inspva,39.663,-75.756,-1.800532215,0.003899751,-0.001178495,0.000242690,0.003892192,-0.001178495,,novatel_oem7_msgs.msg.InertialSolutionStatus(status=3),
1786043622347841453,1786043622.345166117,/novatel/oem7/fix,/novatel/oem7/fix,/novatel/oem7/inspva,39.663,-75.756,-1.800532215,0.003899751,-0.001178495,0.000242690,0.003892192,-0.001178495,,0,
1786043622348987414,1786043622.345590144,/novatel/oem7/odom,/novatel/oem7/fix,/novatel/oem7/odom,39.663,-75.756,-1.800532215,0.003904308,-0.001163307,0.003903925,0.000054703,-0.001163307,,,
1786043622356436510,1786043622.355686059,/novatel/oem7/odom,/novatel/oem7/fix,/novatel/oem7/odom,39.663,-75.756,-1.800532215,0.003904308,-0.001163307,0.003903925,0.000054703,-0.001163307,,,
1786043622367511012,1786043622.366664824,/novatel/oem7/inspva,/novatel/oem7/inspva,/novatel/oem7/inspva,39.663,-75.756,-1.800486035,0.004849691,0.001007285,-0.001369242,0.004652384,0.001007285,,novatel_oem7_msgs.msg.InertialSolutionStatus(status=3),
1786043622369504654,1786043622.366875502,/novatel/oem7/fix,/novatel/oem7/fix,/novatel/oem7/inspva,39.663,-75.756,-1.800486035,0.004849691,0.001007285,-0.001369242,0.004652384,0.001007285,,0,
1786043622371047169,1786043622.367405071,/novatel/oem7/odom,/novatel/oem7/fix,/novatel/oem7/odom,39.663,-75.756,-1.800486035,0.004846817,0.001021024,0.004575796,-0.001598039,0.001021024,,,
1786043622376343138,1786043622.375342994,/novatel/oem7/odom,/novatel/oem7/fix,/novatel/oem7/odom,39.663,-75.756,-1.800486035,0.004846817,0.001021024,0.004575796,-0.001598039,0.001021024,,,
1786043622386185247,1786043622.385275511,/novatel/oem7/inspva,/novatel/oem7/inspva,/novatel/oem7/inspva,39.663,-75.756,-1.800470680,0.004839494,0.000359770,-0.000810949,0.004771065,0.000359770,,novatel_oem7_msgs.msg.InertialSolutionStatus(status=3),
1786043622388143449,1786043622.385475270,/novatel/oem7/fix,/novatel/oem7/fix,/novatel/oem7/inspva,39.663,-75.756,-1.800470680,0.004839494,0.000359770,-0.000810949,0.004771065,0.000359770,,0,
1786043622389235200,1786043622.385858034,/novatel/oem7/odom,/novatel/oem7/fix,/novatel/oem7/odom,39.663,-75.756,-1.800470680,0.004838306,0.000375413,0.004724195,-0.001044599,0.000375413,,,
1786043622396209038,1786043622.395143765,/novatel/oem7/odom,/novatel/oem7/fix,/novatel/oem7/odom,39.663,-75.756,-1.800470680,0.004838306,0.000375413,0.004724195,-0.001044599,0.000375413,,,
1786043622407221386,1786043622.406493105,/novatel/oem7/inspva,/novatel/oem7/inspva,/novatel/oem7/inspva,39.663,-75.756,-1.800458805,0.003753993,-0.000597399,0.001160493,0.003570115,-0.000597399,,novatel_oem7_msgs.msg.InertialSolutionStatus(status=3),
1786043622408721434,1786043622.406680024,/novatel/oem7/fix,/novatel/oem7/fix,/novatel/oem7/inspva,39.663,-75.756,-1.800458805,0.003753993,-0.000597399,0.001160493,0.003570115,-0.000597399,,0,
1786043622409806605,1786043622.407292266,/novatel/oem7/odom,/novatel/oem7/fix,/novatel/oem7/odom,39.663,-75.756,-1.800458805,0.003756574,-0.000580947,0.003624943,0.000985717,-0.000580947,,,
1786043622411846488,1786043622.410371683,/novatel/oem7/bestpos,/novatel/oem7/bestpos,/novatel/oem7/odom,39.663,-75.756,33.181991932,0.003756574,-0.000580947,0.003624943,0.000985717,-0.000580947,,novatel_oem7_msgs.msg.SolutionStatus(status=0),novatel_oem7_msgs.msg.PositionOrVelocityType(type=53)
1786043622413878958,1786043622.410829728,/novatel/oem7/bestvel,/novatel/oem7/bestpos,/novatel/oem7/bestvel,39.663,-75.756,33.181991932,0.004097454,-0.000729638,,,,75.302549275,novatel_oem7_msgs.msg.SolutionStatus(status=0),novatel_oem7_msgs.msg.PositionOrVelocityType(type=53)
1786043622416107842,1786043622.415414433,/novatel/oem7/odom,/novatel/oem7/bestpos,/novatel/oem7/odom,39.663,-75.756,33.181991932,0.003756574,-0.000580947,0.003624943,0.000985717,-0.000580947,,,
1786043622426864838,1786043622.426171604,/novatel/oem7/inspva,/novatel/oem7/inspva,/novatel/oem7/inspva,39.663,-75.756,-1.800430105,0.003187370,-0.001304296,0.000662077,0.003117849,-0.001304296,,novatel_oem7_msgs.msg.InertialSolutionStatus(status=3),
1786043622428831957,1786043622.426349739,/novatel/oem7/fix,/novatel/oem7/fix,/novatel/oem7/inspva,39.663,-75.756,-1.800430105,0.003187370,-0.001304296,0.000662077,0.003117849,-0.001304296,,0,
1786043622429951791,1786043622.426955522,/novatel/oem7/odom,/novatel/oem7/fix,/novatel/oem7/odom,39.663,-75.756,-1.800430105,0.003192837,-0.001290857,0.003151549,0.000511806,-0.001290857,,,
1786043622435276580,1786043622.434605883,/novatel/oem7/odom,/novatel/oem7/fix,/novatel/oem7/odom,39.663,-75.756,-1.800430105,0.003192837,-0.001290857,0.003151549,0.000511806,-0.001290857,,,
1786043622446282227,1786043622.445359415,/novatel/oem7/inspva,/novatel/oem7/inspva,/novatel/oem7/inspva,39.663,-75.756,-1.800400677,0.005164504,-0.000290243,-0.000968701,0.005072841,-0.000290243,,novatel_oem7_msgs.msg.InertialSolutionStatus(status=3),
1786043622447790542,1786043622.445544560,/novatel/oem7/fix,/novatel/oem7/fix,/novatel/oem7/inspva,39.663,-75.756,-1.800400677,0.005164504,-0.000290243,-0.000968701,0.005072841,-0.000290243,,0,
1786043622448894566,1786043622.446182136,/novatel/oem7/odom,/novatel/oem7/fix,/novatel/oem7/odom,39.663,-75.756,-1.800400677,0.005165390,-0.000274027,0.005020396,-0.001215265,-0.000274027,,,
1786043622457126227,1786043622.456409353,/novatel/oem7/odom,/novatel/oem7/fix,/novatel/oem7/odom,39.663,-75.756,-1.800400677,0.005165390,-0.000274027,0.005020396,-0.001215265,-0.000274027,,,
1786043622466019510,1786043622.465226939,/novatel/oem7/inspva,/novatel/oem7/inspva,/novatel/oem7/inspva,39.663,-75.756,-1.800379579,0.005115543,0.000001027,-0.001116675,0.004992176,0.000001027,,novatel_oem7_msgs.msg.InertialSolutionStatus(status=3),
1786043622467895548,1786043622.465481485,/novatel/oem7/fix,/novatel/oem7/fix,/novatel/oem7/inspva,39.663,-75.756,-1.800379579,0.005115543,0.000001027,-0.001116675,0.004992176,0.000001027,,0,
1786043622469356396,1786043622.466194368,/novatel/oem7/odom,/novatel/oem7/fix,/novatel/oem7/odom,39.663,-75.756,-1.800379579,0.005115516,0.000016578,0.004931468,-0.001359826,0.000016578,,,
1786043622475477389,1786043622.474614224,/novatel/oem7/odom,/novatel/oem7/fix,/novatel/oem7/odom,39.663,-75.756,-1.800379579,0.005115516,0.000016578,0.004931468,-0.001359826,0.000016578,,,
1786043622487355862,1786043622.486780439,/novatel/oem7/inspva,/novatel/oem7/inspva,/novatel/oem7/inspva,39.663,-75.756,-1.800360974,0.003711421,0.000395421,0.000903354,0.003599805,0.000395421,,novatel_oem7_msgs.msg.InertialSolutionStatus(status=3),
1786043622488755046,1786043622.486929644,/novatel/oem7/fix,/novatel/oem7/fix,/novatel/oem7/inspva,39.663,-75.756,-1.800360974,0.003711421,0.000395421,0.000903354,0.003599805,0.000395421,,0,
1786043622489935890,1786043622.487370488,/novatel/oem7/odom,/novatel/oem7/fix,/novatel/oem7/odom,39.663,-75.756,-1.800360974,0.003709693,0.000411314,0.003638174,0.000724920,0.000411314,,,
1786043622496385243,1786043622.495366150,/novatel/oem7/odom,/novatel/oem7/fix,/novatel/oem7/odom,39.663,-75.756,-1.800360974,0.003709693,0.000411314,0.003638174,0.000724920,0.000411314,,,
1786043622506773012,1786043622.506163206,/novatel/oem7/inspva,/novatel/oem7/inspva,/novatel/oem7/inspva,39.663,-75.756,-1.800338569,0.002729929,-0.000489254,0.000903493,0.002576084,-0.000489254,,novatel_oem7_msgs.msg.InertialSolutionStatus(status=3),
1786043622508166801,1786043622.506358344,/novatel/oem7/fix,/novatel/oem7/fix,/novatel/oem7/inspva,39.663,-75.756,-1.800338569,0.002729929,-0.000489254,0.000903493,0.002576084,-0.000489254,,0,
1786043622509224582,1786043622.506875499,/novatel/oem7/odom,/novatel/oem7/fix,/novatel/oem7/odom,39.663,-75.756,-1.800338569,0.002732061,-0.000477204,0.002619111,0.000777442,-0.000477204,,,
1786043622512154514,1786043622.511385563,/novatel/oem7/bestpos,/novatel/oem7/bestpos,/novatel/oem7/odom,39.663,-75.756,33.182107772,0.002732061,-0.000477204,0.002619111,0.000777442,-0.000477204,,novatel_oem7_msgs.msg.SolutionStatus(status=0),novatel_oem7_msgs.msg.PositionOrVelocityType(type=53)
1786043622513717262,1786043622.512249661,/novatel/oem7/bestvel,/novatel/oem7/bestpos,/novatel/oem7/bestvel,39.663,-75.756,33.182107772,0.003457509,-0.000499779,,,,87.636544837,novatel_oem7_msgs.msg.SolutionStatus(status=0),novatel_oem7_msgs.msg.PositionOrVelocityType(type=53)
1786043622516446406,1786043622.515717799,/novatel/oem7/odom,/novatel/oem7/bestpos,/novatel/oem7/odom,39.663,-75.756,33.182107772,0.002732061,-0.000477204,0.002619111,0.000777442,-0.000477204,,,
1786043622526115924,1786043622.525528255,/novatel/oem7/inspva,/novatel/oem7/inspva,/novatel/oem7/inspva,39.663,-75.756,-1.800316909,0.003906641,-0.000904191,-0.000820027,0.003819607,-0.000904191,,novatel_oem7_msgs.msg.InertialSolutionStatus(status=3),
1786043622527566338,1786043622.525767757,/novatel/oem7/fix,/novatel/oem7/fix,/novatel/oem7/inspva,39.663,-75.756,-1.800316909,0.003906641,-0.000904191,-0.000820027,0.003819607,-0.000904191,,0,
1786043622528658178,1786043622.526256805,/novatel/oem7/odom,/novatel/oem7/fix,/novatel/oem7/odom,39.663,-75.756,-1.800316909,0.003909395,-0.000892205,0.003778315,-0.001003845,-0.000892205,,,
1786043622535672927,1786043622.535003573,/novatel/oem7/odom,/novatel/oem7/fix,/novatel/oem7/odom,39.663,-75.756,-1.800316909,0.003909395,-0.000892205,0.003778315,-0.001003845,-0.000892205,,,
1786043622546999754,1786043622.546213077,/novatel/oem7/inspva,/novatel/oem7/inspva,/novatel/oem7/inspva,39.663,-75.756,-1.800291576,0.004910085,-0.000485316,-0.001575629,0.004650412,-0.000485316,,novatel_oem7_msgs.msg.InertialSolutionStatus(status=3),
1786043622548651314,1786043622.546469542,/novatel/oem7/fix,/novatel/oem7/fix,/novatel/oem7/inspva,39.663,-75.756,-1.800291576,0.004910085,-0.000485316,-0.001575629,0.004650412,-0.000485316,,0,
1786043622549844915,1786043622.546914230,/novatel/oem7/odom,/novatel/oem7/fix,/novatel/oem7/odom,39.663,-75.756,-1.800291576,0.004911357,-0.000472266,0.004569522,-0.001800249,-0.000472266,,,
1786043622556644122,1786043622.555887464,/novatel/oem7/odom,/novatel/oem7/fix,/novatel/oem7/odom,39.663,-75.756,-1.800291576,0.004911357,-0.000472266,0.004569522,-0.001800249,-0.000472266,,,
1786043622566252026,1786043622.565431918,/novatel/oem7/inspva,/novatel/oem7/inspva,/novatel/oem7/inspva,39.663,-75.756,-1.800264672,0.003568919,0.001169488,0.000388756,0.003547682,0.001169488,,novatel_oem7_msgs.msg.InertialSolutionStatus(status=3),
1786043622568106457,1786043622.565781714,/novatel/oem7/fix,/novatel/oem7/fix,/novatel/oem7/inspva,39.663,-75.756,-1.800264672,0.003568919,0.001169488,0.000388756,0.003547682,0.001169488,,0,
1786043622569570191,1786043622.566499008,/novatel/oem7/odom,/novatel/oem7/fix,/novatel/oem7/odom,39.663,-75.756,-1.800264672,0.003564196,0.001183802,0.003557907,0.000211640,0.001183802,,,
1786043622576511476,1786043622.575632017,/novatel/oem7/odom,/novatel/oem7/fix,/novatel/oem7/odom,39.663,-75.756,-1.800264672,0.003564196,0.001183802,0.003557907,0.000211640,0.001183802,,,
1786043622586081402,1786043622.585063749,/novatel/oem7/inspva,/novatel/oem7/inspva,/novatel/oem7/inspva,39.663,-75.756,-1.800245548,0.002723454,0.000670172,0.000718271,0.002627030,0.000670172,,novatel_oem7_msgs.msg.InertialSolutionStatus(status=3),
1786043622588256453,1786043622.585334405,/novatel/oem7/fix,/novatel/oem7/fix,/novatel/oem7/inspva,39.663,-75.756,-1.800245548,0.002723454,0.000670172,0.000718271,0.002627030,0.000670172,,0,
1786043622589723818,1786043622.585947228,/novatel/oem7/odom,/novatel/oem7/fix,/novatel/oem7/odom,39.663,-75.756,-1.800245548,0.002720540,0.000681904,0.002656432,0.000587118,0.000681904,,,
1786043622595201771,1786043622.594506588,/novatel/oem7/odom,/novatel/oem7/fix,/novatel/oem7/odom,39.663,-75.756,-1.800245548,0.002720540,0.000681904,0.002656432,0.000587118,0.000681904,,,
1786043622606892602,1786043622.606317577,/novatel/oem7/inspva,/novatel/oem7/inspva,/novatel/oem7/inspva,39.663,-75.756,-1.800238808,0.003235477,-0.001646248,-0.000605435,0.003178326,-0.001646248,,novatel_oem7_msgs.msg.InertialSolutionStatus(status=3),
1786043622608270809,1786043622.606538649,/novatel/oem7/fix,/novatel/oem7/fix,/novatel/oem7/inspva,39.663,-75.756,-1.800238808,0.003235477,-0.001646248,-0.000605435,0.003178326,-0.001646248,,0,
1786043622609344833,1786043622.607049237,/novatel/oem7/odom,/novatel/oem7/fix,/novatel/oem7/odom,39.663,-75.756,-1.800238808,0.003240628,-0.001636084,0.003151136,-0.000756315,-0.001636084,,,
1786043622610962979,1786043622.610199071,/novatel/oem7/bestpos,/novatel/oem7/bestpos,/novatel/oem7/odom,39.663,-75.756,33.182229919,0.003240628,-0.001636084,0.003151136,-0.000756315,-0.001636084,,novatel_oem7_msgs.msg.SolutionStatus(status=0),novatel_oem7_msgs.msg.PositionOrVelocityType(type=53)
1786043622612453657,1786043622.610665449,/novatel/oem7/bestvel,/novatel/oem7/bestpos,/novatel/oem7/bestvel,39.663,-75.756,33.182229919,0.002326479,-0.000631839,,,,122.960547895,novatel_oem7_msgs.msg.SolutionStatus(status=0),novatel_oem7_msgs.msg.PositionOrVelocityType(type=53)
1786043622615940998,1786043622.615123656,/novatel/oem7/odom,/novatel/oem7/bestpos,/novatel/oem7/odom,39.663,-75.756,33.182229919,0.003240628,-0.001636084,0.003151136,-0.000756315,-0.001636084,,,
1786043622625687496,1786043622.625050893,/novatel/oem7/inspva,/novatel/oem7/inspva,/novatel/oem7/inspva,39.663,-75.756,-1.800209870,0.003628913,-0.000885841,-0.001355363,0.003366304,-0.000885841,,novatel_oem7_msgs.msg.InertialSolutionStatus(status=3),
1786043622627098347,1786043622.625264002,/novatel/oem7/fix,/novatel/oem7/fix,/novatel/oem7/inspva,39.663,-75.756,-1.800209870,0.003628913,-0.000885841,-0.001355363,0.003366304,-0.000885841,,0,
1786043622628203764,1786043622.625786814,/novatel/oem7/odom,/novatel/oem7/fix,/novatel/oem7/odom,39.663,-75.756,-1.800209870,0.003631079,-0.000876920,0.003299315,-0.001516332,-0.000876920,,,
1786043622636268896,1786043622.635589109,/novatel/oem7/odom,/novatel/oem7/fix,/novatel/oem7/odom,39.663,-75.756,-1.800209870,0.003631079,-0.000876920,0.003299315,-0.001516332,-0.000876920,,,
1786043622646145196,1786043622.645390155,/novatel/oem7/inspva,/novatel/oem7/inspva,/novatel/oem7/inspva,39.663,-75.756,-1.800187188,0.004505974,0.000751224,-0.000776800,0.004438512,0.000751224,,novatel_oem7_msgs.msg.InertialSolutionStatus(status=3),
1786043622647843972,1786043622.645631851,/novatel/oem7/fix,/novatel/oem7/fix,/novatel/oem7/inspva,39.663,-75.756,-1.800187188,0.004505974,0.000751224,-0.000776800,0.004438512,0.000751224,,0,
1786043622649049467,1786043622.646175246,/novatel/oem7/odom,/novatel/oem7/fix,/novatel/oem7/odom,39.663,-75.756,-1.800187188,0.004503535,0.000765709,0.004392253,-0.000994961,0.000765709,,,
1786043622657674475,1786043622.656697686,/novatel/oem7/odom,/novatel/oem7/fix,/novatel/oem7/odom,39.663,-75.756,-1.800187188,0.004503535,0.000765709,0.004392253,-0.000994961,0.000765709,,,
1786043622666870704,1786043622.666165474,/novatel/oem7/inspva,/novatel/oem7/inspva,/novatel/oem7/inspva,39.663,-75.756,-1.800166628,0.002751965,0.001209786,-0.000330191,0.002732084,0.001209786,,novatel_oem7_msgs.msg.InertialSolutionStatus(status=3),
1786043622667837374,1786043622.666487157,/novatel/oem7/fix,/novatel/oem7/fix,/novatel/oem7/inspva,39.663,-75.756,-1.800166628,0.002751965,0.001209786,-0.000330191,0.002732084,0.001209786,,0,
1786043622668590125,1786043622.666955132,/novatel/oem7/odom,/novatel/oem7/fix,/novatel/oem7/odom,39.663,-75.756,-1.800166628,0.002747839,0.001219129,0.002707950,-0.000466505,0.001219129,,,
1786043622675476699,1786043622.674831009,/novatel/oem7/odom,/novatel/oem7/fix,/novatel/oem7/odom,39.663,-75.756,-1.800166628,0.002747839,0.001219129,0.002707950,-0.000466505,0.001219129,,,
1786043622686580747,1786043622.685370279,/novatel/oem7/inspva,/novatel/oem7/inspva,/novatel/oem7/inspva,39.663,-75.756,-1.800170346,0.001884067,-0.001848575,-0.000165283,0.001876803,-0.001848575,,novatel_oem7_msgs.msg.InertialSolutionStatus(status=3),
1786043622688295805,1786043622.685665428,/novatel/oem7/fix,/novatel/oem7/fix,/novatel/oem7/inspva,39.663,-75.756,-1.800170346,0.001884067,-0.001848575,-0.000165283,0.001876803,-0.001848575,,0,
1786043622689166690,1786043622.686641421,/novatel/oem7/odom,/novatel/oem7/fix,/novatel/oem7/odom,39.663,-75.756,-1.800170346,0.001890432,-0.001842065,0.001873504,-0.000252424,-0.001842065,,,
1786043622696061334,1786043622.695597562,/novatel/oem7/odom,/novatel/oem7/fix,/novatel/oem7/odom,39.663,-75.756,-1.800170346,0.001890432,-0.001842065,0.001873504,-0.000252424,-0.001842065,,,
1786043622706592786,1786043622.705893076,/novatel/oem7/inspva,/novatel/oem7/inspva,/novatel/oem7/inspva,39.663,-75.756,-1.800141806,0.002593775,-0.001299320,-0.000815094,0.002462375,-0.001299320,,novatel_oem7_msgs.msg.InertialSolutionStatus(status=3),
1786043622708119558,1786043622.706084684,/novatel/oem7/fix,/novatel/oem7/fix,/novatel/oem7/inspva,39.663,-75.756,-1.800141806,0.002593775,-0.001299320,-0.000815094,0.002462375,-0.001299320,,0,
1786043622709479181,1786043622.706562906,/novatel/oem7/odom,/novatel/oem7/fix,/novatel/oem7/odom,39.663,-75.756,-1.800141806,0.002597241,-0.001292377,0.002424483,-0.000931420,-0.001292377,,,
1786043622711478557,1786043622.709954847,/novatel/oem7/bestpos,/novatel/oem7/bestpos,/novatel/oem7/odom,39.663,-75.756,33.182324345,0.002597241,-0.001292377,0.002424483,-0.000931420,-0.001292377,,novatel_oem7_msgs.msg.SolutionStatus(status=0),novatel_oem7_msgs.msg.PositionOrVelocityType(type=53)
1786043622712462700,1786043622.710503597,/novatel/oem7/bestvel,/novatel/oem7/bestpos,/novatel/oem7/bestvel,39.663,-75.756,33.182324345,0.001749235,-0.000478291,,,,132.695472189,novatel_oem7_msgs.msg.SolutionStatus(status=0),novatel_oem7_msgs.msg.PositionOrVelocityType(type=53)
1786043622715212190,1786043622.714445556,/novatel/oem7/odom,/novatel/oem7/bestpos,/novatel/oem7/odom,39.663,-75.756,33.182324345,0.002597241,-0.001292377,0.002424483,-0.000931420,-0.001292377,,,
1786043622727305511,1786043622.726718215,/novatel/oem7/inspva,/novatel/oem7/inspva,/novatel/oem7/inspva,39.663,-75.756,-1.800117505,0.004177307,0.000743659,-0.002061888,0.003632975,0.000743659,,novatel_oem7_msgs.msg.InertialSolutionStatus(status=3),
1786043622728694305,1786043622.726835315,/novatel/oem7/fix,/novatel/oem7/fix,/novatel/oem7/inspva,39.663,-75.756,-1.800117505,0.004177307,0.000743659,-0.002061888,0.003632975,0.000743659,,0,
1786043622729756995,1786043622.727286958,/novatel/oem7/odom,/novatel/oem7/fix,/novatel/oem7/odom,39.663,-75.756,-1.800117505,0.004175866,0.000751708,0.003524835,-0.002239061,0.000751708,,,
1786043622735546449,1786043622.734877335,/novatel/oem7/odom,/novatel/oem7/fix,/novatel/oem7/odom,39.663,-75.756,-1.800117505,0.004175866,0.000751708,0.003524835,-0.002239061,0.000751708,,,
1786043622746247416,1786043622.745230573,/novatel/oem7/inspva,/novatel/oem7/inspva,/novatel/oem7/inspva,39.663,-75.756,-1.800100229,0.003745609,0.000893532,-0.001232597,0.003536989,0.000893532,,novatel_oem7_msgs.msg.InertialSolutionStatus(status=3),
1786043622748346057,1786043622.745534476,/novatel/oem7/fix,/novatel/oem7/fix,/novatel/oem7/inspva,39.663,-75.756,-1.800100229,0.003745609,0.000893532,-0.001232597,0.003536989,0.000893532,,0,
1786043622749949466,1786043622.746282953,/novatel/oem7/odom,/novatel/oem7/fix,/novatel/oem7/odom,39.663,-75.756,-1.800100229,0.003743254,0.000903347,0.003468982,-0.001406453,0.000903347,,,
1786043622757231660,1786043622.756171257,/novatel/oem7/odom,/novatel/oem7/fix,/novatel/oem7/odom,39.663,-75.756,-1.800100229,0.003743254,0.000903347,0.003468982,-0.001406453,0.000903347,,,
1786043622766199558,1786043622.765467166,/novatel/oem7/inspva,/novatel/oem7/inspva,/novatel/oem7/inspva,39.663,-75.756,-1.800103158,0.001370707,-0.001167457,-0.000119773,0.001365464,-0.001167457,,novatel_oem7_msgs.msg.InertialSolutionStatus(status=3),
1786043622768145540,1786043622.765607167,/novatel/oem7/fix,/novatel/oem7/fix,/novatel/oem7/inspva,39.663,-75.756,-1.800103158,0.001370707,-0.001167457,-0.000119773,0.001365464,-0.001167457,,0,
1786043622769332979,1786043622.766374897,/novatel/oem7/odom,/novatel/oem7/fix,/novatel/oem7/odom,39.663,-75.756,-1.800103158,0.001374759,-0.001162683,0.001362444,-0.000183599,-0.001162683,,,
1786043622775851242,1786043622.774725661,/novatel/oem7/odom,/novatel/oem7/fix,/novatel/oem7/odom,39.663,-75.756,-1.800103158,0.001374759,-0.001162683,0.001362444,-0.000183599,-0.001162683,,,
1786043622786954724,1786043622.786175903,/novatel/oem7/inspva,/novatel/oem7/inspva,/novatel/oem7/inspva,39.663,-75.756,-1.800081293,0.001722896,-0.001563157,-0.000610748,0.001611011,-0.001563157,,novatel_oem7_msgs.msg.InertialSolutionStatus(status=3),
1786043622788600577,1786043622.786387468,/novatel/oem7/fix,/novatel/oem7/fix,/novatel/oem7/inspva,39.663,-75.756,-1.800081293,0.001722896,-0.001563157,-0.000610748,0.001611011,-0.001563157,,0,
1786043622789833086,1786043622.786958528,/novatel/oem7/odom,/novatel/oem7/fix,/novatel/oem7/odom,39.663,-75.756,-1.800081293,0.001726820,-0.001558821,0.001585135,-0.000685022,-0.001558821,,,
1786043622795366600,1786043622.794637036,/novatel/oem7/odom,/novatel/oem7/fix,/novatel/oem7/odom,39.663,-75.756,-1.800081293,0.001726820,-0.001558821,0.001585135,-0.000685022,-0.001558821,,,
1786043622807371607,1786043622.806692383,/novatel/oem7/inspva,/novatel/oem7/inspva,/novatel/oem7/inspva,39.663,-75.756,-1.800043393,0.004372660,0.001205313,-0.002425210,0.003638477,0.001205313,,novatel_oem7_msgs.msg.InertialSolutionStatus(status=3),
1786043622808771867,1786043622.806813951,/novatel/oem7/fix,/novatel/oem7/fix,/novatel/oem7/inspva,39.663,-75.756,-1.800043393,0.004372660,0.001205313,-0.002425210,0.003638477,0.001205313,,0,
1786043622810054226,1786043622.807312413,/novatel/oem7/odom,/novatel/oem7/fix,/novatel/oem7/odom,39.663,-75.756,-1.800043393,0.004370735,0.001212275,0.003510814,-0.002603365,0.001212275,,,
1786043622811758563,1786043622.810262095,/novatel/oem7/bestpos,/novatel/oem7/bestpos,/novatel/oem7/odom,39.663,-75.756,33.182404342,0.004370735,0.001212275,0.003510814,-0.002603365,0.001212275,,novatel_oem7_msgs.msg.SolutionStatus(status=0),novatel_oem7_msgs.msg.PositionOrVelocityType(type=53)
1786043622812830186,1786043622.810653675,/novatel/oem7/bestvel,/novatel/oem7/bestpos,/novatel/oem7/bestvel,39.663,-75.756,33.182404342,0.003471453,0.000948893,,,,116.024574065,novatel_oem7_msgs.msg.SolutionStatus(status=0),novatel_oem7_msgs.msg.PositionOrVelocityType(type=53)
1786043622816406448,1786043622.815537139,/novatel/oem7/odom,/novatel/oem7/bestpos,/novatel/oem7/odom,39.663,-75.756,33.182404342,0.004370735,0.001212275,0.003510814,-0.002603365,0.001212275,,,
1786043622826033722,1786043622.825235211,/novatel/oem7/inspva,/novatel/oem7/inspva,/novatel/oem7/inspva,39.663,-75.756,-1.800034787,0.003129793,0.000692582,-0.001832386,0.002537315,0.000692582,,novatel_oem7_msgs.msg.InertialSolutionStatus(status=3),
1786043622828098072,1786043622.825387010,/novatel/oem7/fix,/novatel/oem7/fix,/novatel/oem7/inspva,39.663,-75.756,-1.800034787,0.003129793,0.000692582,-0.001832386,0.002537315,0.000692582,,0,
1786043622829512609,1786043622.825885814,/novatel/oem7/odom,/novatel/oem7/fix,/novatel/oem7/odom,39.663,-75.756,-1.800034787,0.003128768,0.000697201,0.002441912,-0.001956081,0.000697201,,,
1786043622835490881,1786043622.834541527,/novatel/oem7/odom,/novatel/oem7/fix,/novatel/oem7/odom,39.663,-75.756,-1.800034787,0.003128768,0.000697201,0.002441912,-0.001956081,0.000697201,,,
1786043622847812178,1786043622.846839965,/novatel/oem7/inspva,/novatel/oem7/inspva,/novatel/oem7/inspva,39.663,-75.756,-1.800031945,0.001616089,-0.000364702,-0.000315723,0.001584949,-0.000364702,,novatel_oem7_msgs.msg.InertialSolutionStatus(status=3),
1786043622850055027,1786043622.847104120,/novatel/oem7/fix,/novatel/oem7/fix,/novatel/oem7/inspva,39.663,-75.756,-1.800031945,0.001616089,-0.000364702,-0.000315723,0.001584949,-0.000364702,,0,
1786043622851292346,1786043622.847835642,/novatel/oem7/odom,/novatel/oem7/fix,/novatel/oem7/odom,39.663,-75.756,-1.800031945,0.001617210,-0.000359698,0.001568977,-0.000392022,-0.000359698,,,
1786043622857088782,1786043622.856328808,/novatel/oem7/odom,/novatel/oem7/fix,/novatel/oem7/odom,39.663,-75.756,-1.800031945,0.001617210,-0.000359698,0.001568977,-0.000392022,-0.000359698,,,
1786043622866081313,1786043622.865235555,/novatel/oem7/inspva,/novatel/oem7/inspva,/novatel/oem7/inspva,39.663,-75.756,-1.800015654,0.001734443,-0.000465866,-0.000513691,0.001656627,-0.000465866,,novatel_oem7_msgs.msg.InertialSolutionStatus(status=3),
1786043622867918551,1786043622.865537381,/novatel/oem7/fix,/novatel/oem7/fix,/novatel/oem7/inspva,39.663,-75.756,-1.800015654,0.001734443,-0.000465866,-0.000513691,0.001656627,-0.000465866,,0,
1786043622869349438,1786043622.865906515,/novatel/oem7/odom,/novatel/oem7/fix,/novatel/oem7/odom,39.663,-75.756,-1.800015654,0.001735730,-0.000461044,0.001631286,-0.000593015,-0.000461044,,,
1786043622876564796,1786043622.875693330,/novatel/oem7/odom,/novatel/oem7/fix,/novatel/oem7/odom,39.663,-75.756,-1.800015654,0.001735730,-0.000461044,0.001631286,-0.000593015,-0.000461044,,,
1786043622887606712,1786043622.885647427,/novatel/oem7/inspva,/novatel/oem7/inspva,/novatel/oem7/inspva,39.663,-75.756,-1.799995387,0.003309507,-0.000584363,-0.002785289,0.001787456,-0.000584363,,novatel_oem7_msgs.msg.InertialSolutionStatus(status=3),
1786043622890100246,1786043622.885936487,/novatel/oem7/fix,/novatel/oem7/fix,/novatel/oem7/inspva,39.663,-75.756,-1.799995387,0.003309507,-0.000584363,-0.002785289,0.001787456,-0.000584363,,0,
1786043622890956203,1786043622.886628091,/novatel/oem7/odom,/novatel/oem7/fix,/novatel/oem7/odom,39.663,-75.756,-1.799995387,0.003309373,-0.000585121,0.001651270,-0.002867971,-0.000585121,,,
1786043622895643488,1786043622.895115217,/novatel/oem7/odom,/novatel/oem7/fix,/novatel/oem7/odom,39.663,-75.756,-1.799995387,0.003309373,-0.000585121,0.001651270,-0.002867971,-0.000585121,,,
1786043622906711188,1786043622.905890839,/novatel/oem7/inspva,/novatel/oem7/inspva,/novatel/oem7/inspva,39.663,-75.756,-1.799981419,0.003345503,0.000207149,-0.002193691,0.002525888,0.000207149,,novatel_oem7_msgs.msg.InertialSolutionStatus(status=3),
1786043622908171860,1786043622.906074761,/novatel/oem7/fix,/novatel/oem7/fix,/novatel/oem7/inspva,39.663,-75.756,-1.799981419,0.003345503,0.000207149,-0.002193691,0.002525888,0.000207149,,0,
1786043622909904228,1786043622.906438317,/novatel/oem7/odom,/novatel/oem7/fix,/novatel/oem7/odom,39.663,-75.756,-1.799981419,0.003345284,0.000210656,0.002414753,-0.002315145,0.000210656,,,
1786043622912666208,1786043622.909506740,/novatel/oem7/bestpos,/novatel/oem7/bestpos,/novatel/oem7/odom,39.663,-75.756,33.182477424,0.003345284,0.000210656,0.002414753,-0.002315145,0.000210656,,novatel_oem7_msgs.msg.SolutionStatus(status=0),novatel_oem7_msgs.msg.PositionOrVelocityType(type=53)
1786043622913764455,1786043622.910140283,/novatel/oem7/bestvel,/novatel/oem7/bestpos,/novatel/oem7/bestvel,39.663,-75.756,33.182477424,0.002565011,0.000840077,,,,149.299769015,novatel_oem7_msgs.msg.SolutionStatus(status=0),novatel_oem7_msgs.msg.PositionOrVelocityType(type=53)
1786043622916565968,1786043622.914950977,/novatel/oem7/odom,/novatel/oem7/bestpos,/novatel/oem7/odom,39.663,-75.756,33.182477424,0.003345284,0.000210656,0.002414753,-0.002315145,0.000210656,,,
1786043622928129784,1786043622.925472410,/novatel/oem7/inspva,/novatel/oem7/inspva,/novatel/oem7/inspva,39.663,-75.756,-1.799974820,0.001824046,0.000270897,-0.000329937,0.001793958,0.000270897,,novatel_oem7_msgs.msg.InertialSolutionStatus(status=3),
1786043622934740890,1786043622.925771896,/novatel/oem7/fix,/novatel/oem7/fix,/novatel/oem7/inspva,39.663,-75.756,-1.799974820,0.001824046,0.000270897,-0.000329937,0.001793958,0.000270897,,0,
1786043622940177323,1786043622.926331308,/novatel/oem7/odom,/novatel/oem7/fix,/novatel/oem7/odom,39.663,-75.756,-1.799974820,0.001823180,0.000276664,0.001774618,-0.000417992,0.000276664,,,
1786043622942045495,1786043622.935782554,/novatel/oem7/odom,/novatel/oem7/fix,/novatel/oem7/odom,39.663,-75.756,-1.799974820,0.001823180,0.000276664,0.001774618,-0.000417992,0.000276664,,,
1786043622946278909,1786043622.945270447,/novatel/oem7/inspva,/novatel/oem7/inspva,/novatel/oem7/inspva,39.663,-75.756,-1.799957494,0.001225882,0.000037638,-0.000319444,0.001183529,0.000037638,,novatel_oem7_msgs.msg.InertialSolutionStatus(status=3),
1786043622948618610,1786043622.945504302,/novatel/oem7/fix,/novatel/oem7/fix,/novatel/oem7/inspva,39.663,-75.756,-1.799957494,0.001225882,0.000037638,-0.000319444,0.001183529,0.000037638,,0,
1786043622949914087,1786043622.946069197,/novatel/oem7/odom,/novatel/oem7/fix,/novatel/oem7/odom,39.663,-75.756,-1.799957494,0.001225768,0.000041173,0.001166328,-0.000377077,0.000041173,,,
1786043622956777397,1786043622.955880327,/novatel/oem7/odom,/novatel/oem7/fix,/novatel/oem7/odom,39.663,-75.756,-1.799957494,0.001225768,0.000041173,0.001166328,-0.000377077,0.000041173,,,
1786043622966798093,1786043622.965852131,/novatel/oem7/inspva,/novatel/oem7/inspva,/novatel/oem7/inspva,39.663,-75.756,-1.799946588,0.002762388,-0.001104785,-0.002010529,0.001894349,-0.001104785,,novatel_oem7_msgs.msg.InertialSolutionStatus(status=3),
1786043622968564876,1786043622.966097800,/novatel/oem7/fix,/novatel/oem7/fix,/novatel/oem7/inspva,39.663,-75.756,-1.799946588,0.002762388,-0.001104785,-0.002010529,0.001894349,-0.001104785,,0,
1786043622969940992,1786043622.966821027,/novatel/oem7/odom,/novatel/oem7/fix,/novatel/oem7/odom,39.663,-75.756,-1.799946588,0.002763070,-0.001103078,0.001797890,-0.002098130,-0.001103078,,,
1786043622976104101,1786043622.975240076,/novatel/oem7/odom,/novatel/oem7/fix,/novatel/oem7/odom,39.663,-75.756,-1.799946588,0.002763070,-0.001103078,0.001797890,-0.002098130,-0.001103078,,,
1786043622986098653,1786043622.985233227,/novatel/oem7/inspva,/novatel/oem7/inspva,/novatel/oem7/inspva,39.663,-75.756,-1.799924844,0.003024725,-0.000540305,-0.002306778,0.001956461,-0.000540305,,novatel_oem7_msgs.msg.InertialSolutionStatus(status=3),
1786043622987697623,1786043622.985468689,/novatel/oem7/fix,/novatel/oem7/fix,/novatel/oem7/inspva,39.663,-75.756,-1.799924844,0.003024725,-0.000540305,-0.002306778,0.001956461,-0.000540305,,0,
1786043622988715658,1786043622.986038311,/novatel/oem7/odom,/novatel/oem7/fix,/novatel/oem7/odom,39.663,-75.756,-1.799924844,0.003024924,-0.000539192,0.001843301,-0.002398417,-0.000539192,,,
1786043622996562255,1786043622.995664105,/novatel/oem7/odom,/novatel/oem7/fix,/novatel/oem7/odom,39.663,-75.756,-1.799924844,0.003024924,-0.000539192,0.001843301,-0.002398417,-0.000539192,,,
1786043623011121931,1786043623.010404699,/novatel/oem7/inspva,/novatel/oem7/inspva,/novatel/oem7/inspva,39.663,-75.756,-1.799909888,0.002244454,0.000958795,-0.001074737,0.001970410,0.000958795,,novatel_oem7_msgs.msg.InertialSolutionStatus(status=3),
1786043623012885360,1786043623.010624062,/novatel/oem7/fix,/novatel/oem7/fix,/novatel/oem7/inspva,39.663,-75.756,-1.799909888,0.002244454,0.000958795,-0.001074737,0.001970410,0.000958795,,0,
1786043623013899619,1786043623.011750516,/novatel/oem7/odom,/novatel/oem7/fix,/novatel/oem7/odom,39.663,-75.756,-1.799909888,0.002242555,0.000963227,0.001911773,-0.001172252,0.000963227,,,
1786043623016349568,1786043623.015604844,/novatel/oem7/odom,/novatel/oem7/fix,/novatel/oem7/odom,39.663,-75.756,-1.799909888,0.002242555,0.000963227,0.001911773,-0.001172252,0.000963227,,,
1786043623027447816,1786043623.026551803,/novatel/oem7/bestpos,/novatel/oem7/bestpos,/novatel/oem7/odom,39.663,-75.756,33.182523309,0.002242555,0.000963227,0.001911773,-0.001172252,0.000963227,,novatel_oem7_msgs.msg.SolutionStatus(status=0),novatel_oem7_msgs.msg.PositionOrVelocityType(type=53)
1786043623029062061,1786043623.027045598,/novatel/oem7/bestvel,/novatel/oem7/bestpos,/novatel/oem7/bestvel,39.663,-75.756,33.182523309,0.002616305,0.000022047,,,,90.730813898,novatel_oem7_msgs.msg.SolutionStatus(status=0),novatel_oem7_msgs.msg.PositionOrVelocityType(type=53)
1786043623029915126,1786043623.027507576,/novatel/oem7/inspva,/novatel/oem7/inspva,/novatel/oem7/inspva,39.663,-75.756,-1.799902234,0.001347383,0.000003253,-0.000822374,0.001067306,0.000003253,,novatel_oem7_msgs.msg.InertialSolutionStatus(status=3),
1786043623030662508,1786043623.027673264,/novatel/oem7/fix,/novatel/oem7/fix,/novatel/oem7/inspva,39.663,-75.756,-1.799902234,0.001347383,0.000003253,-0.000822374,0.001067306,0.000003253,,0,
1786043623031617743,1786043623.028278727,/novatel/oem7/odom,/novatel/oem7/fix,/novatel/oem7/odom,39.663,-75.756,-1.799902234,0.001347378,0.000005047,0.001025756,-0.000873643,0.000005047,,,
1786043623035590705,1786043623.034930055,/novatel/oem7/odom,/novatel/oem7/fix,/novatel/oem7/odom,39.663,-75.756,-1.799902234,0.001347378,0.000005047,0.001025756,-0.000873643,0.000005047,,,
1786043623047355720,1786043623.046216085,/novatel/oem7/inspva,/novatel/oem7/inspva,/novatel/oem7/inspva,39.663,-75.756,-1.799912698,0.001039019,-0.001070850,-0.000922507,0.000478061,-0.001070850,,novatel_oem7_msgs.msg.InertialSolutionStatus(status=3),
1786043623049199738,1786043623.046652510,/novatel/oem7/fix,/novatel/oem7/fix,/novatel/oem7/inspva,39.663,-75.756,-1.799912698,0.001039019,-0.001070850,-0.000922507,0.000478061,-0.001070850,,0,
1786043623050577257,1786043623.047386440,/novatel/oem7/odom,/novatel/oem7/fix,/novatel/oem7/odom,39.663,-75.756,-1.799912698,0.001038347,-0.001071502,0.000436414,-0.000942182,-0.001071502,,,
1786043623057230876,1786043623.056333721,/novatel/oem7/odom,/novatel/oem7/fix,/novatel/oem7/odom,39.663,-75.756,-1.799912698,0.001038347,-0.001071502,0.000436414,-0.000942182,-0.001071502,,,
1786043623066267613,1786043623.065347612,/novatel/oem7/inspva,/novatel/oem7/inspva,/novatel/oem7/inspva,39.663,-75.756,-1.799932764,0.002774165,-0.001084695,-0.001678223,0.002208972,-0.001084695,,novatel_oem7_msgs.msg.InertialSolutionStatus(status=3),
1786043623067822200,1786043623.065635629,/novatel/oem7/fix,/novatel/oem7/fix,/novatel/oem7/inspva,39.663,-75.756,-1.799932764,0.002774165,-0.001084695,-0.001678223,0.002208972,-0.001084695,,0,
1786043623069143109,1786043623.066116391,/novatel/oem7/odom,/novatel/oem7/fix,/novatel/oem7/odom,39.663,-75.756,-1.799932764,0.002775600,-0.001081016,0.002128293,-0.001781664,-0.001081016,,,
1786043623075691848,1786043623.074783022,/novatel/oem7/odom,/novatel/oem7/fix,/novatel/oem7/odom,39.663,-75.756,-1.799932764,0.002775600,-0.001081016,0.002128293,-0.001781664,-0.001081016,,,
1786043623087952796,1786043623.087187216,/novatel/oem7/inspva,/novatel/oem7/inspva,/novatel/oem7/inspva,39.663,-75.756,-1.799937099,0.002788010,0.001188549,-0.001727052,0.002188674,0.001188549,,novatel_oem7_msgs.msg.InertialSolutionStatus(status=3),
1786043623089437856,1786043623.087412978,/novatel/oem7/fix,/novatel/oem7/fix,/novatel/oem7/inspva,39.663,-75.756,-1.799937099,0.002788010,0.001188549,-0.001727052,0.002188674,0.001188549,,0,
1786043623090470061,1786043623.088122401,/novatel/oem7/odom,/novatel/oem7/fix,/novatel/oem7/odom,39.663,-75.756,-1.799937099,0.002786497,0.001192093,0.002096940,-0.001835049,0.001192093,,,
1786043623095774611,1786043623.095100157,/novatel/oem7/odom,/novatel/oem7/fix,/novatel/oem7/odom,39.663,-75.756,-1.799937099,0.002786497,0.001192093,0.002096940,-0.001835049,0.001192093,,,
1786043623106647183,1786043623.105970676,/novatel/oem7/inspva,/novatel/oem7/inspva,/novatel/oem7/inspva,39.663,-75.756,-1.799966007,0.001862111,0.000911922,-0.001052349,0.001536236,0.000911922,,novatel_oem7_msgs.msg.InertialSolutionStatus(status=3),
1786043623107980827,1786043623.106158538,/novatel/oem7/fix,/novatel/oem7/fix,/novatel/oem7/inspva,39.663,-75.756,-1.799966007,0.001862111,0.000911922,-0.001052349,0.001536236,0.000911922,,0,
1786043623108969503,1786043623.106588305,/novatel/oem7/odom,/novatel/oem7/fix,/novatel/oem7/odom,39.663,-75.756,-1.799966007,0.001860708,0.000914782,0.001479418,-0.001128520,0.000914782,,,
1786043623110620468,1786043623.109722056,/novatel/oem7/bestpos,/novatel/oem7/bestpos,/novatel/oem7/odom,39.663,-75.756,33.182458938,0.001860708,0.000914782,0.001479418,-0.001128520,0.000914782,,novatel_oem7_msgs.msg.SolutionStatus(status=0),novatel_oem7_msgs.msg.PositionOrVelocityType(type=53)
1786043623112749382,1786043623.111898467,/novatel/oem7/bestvel,/novatel/oem7/bestpos,/novatel/oem7/bestvel,39.663,-75.756,33.182458938,0.001852611,0.000831842,,,,121.144014641,novatel_oem7_msgs.msg.SolutionStatus(status=0),novatel_oem7_msgs.msg.PositionOrVelocityType(type=53)
1786043623116838572,1786043623.115817040,/novatel/oem7/odom,/novatel/oem7/bestpos,/novatel/oem7/odom,39.663,-75.756,33.182458938,0.001860708,0.000914782,0.001479418,-0.001128520,0.000914782,,,
1786043623126175104,1786043623.125323515,/novatel/oem7/inspva,/novatel/oem7/inspva,/novatel/oem7/inspva,39.663,-75.756,-1.799993313,0.001302859,-0.001192865,-0.001013148,0.000819129,-0.001192865,,novatel_oem7_msgs.msg.InertialSolutionStatus(status=3),
1786043623127746290,1786043623.125542610,/novatel/oem7/fix,/novatel/oem7/fix,/novatel/oem7/inspva,39.663,-75.756,-1.799993313,0.001302859,-0.001192865,-0.001013148,0.000819129,-0.001192865,,0,
1786043623129043638,1786043623.126091880,/novatel/oem7/odom,/novatel/oem7/fix,/novatel/oem7/odom,39.663,-75.756,-1.799993313,0.001303185,-0.001192509,0.000773085,-0.001049109,-0.001192509,,,
1786043623135828838,1786043623.135217689,/novatel/oem7/odom,/novatel/oem7/fix,/novatel/oem7/odom,39.663,-75.756,-1.799993313,0.001303185,-0.001192509,0.000773085,-0.001049109,-0.001192509,,,
1786043623146843220,1786043623.146051341,/novatel/oem7/inspva,/novatel/oem7/inspva,/novatel/oem7/inspva,39.663,-75.756,-1.799999303,0.002251411,-0.001090952,-0.001644477,0.001537708,-0.001090952,,novatel_oem7_msgs.msg.InertialSolutionStatus(status=3),
1786043623148361792,1786043623.146219252,/novatel/oem7/fix,/novatel/oem7/fix,/novatel/oem7/inspva,39.663,-75.756,-1.799999303,0.002251411,-0.001090952,-0.001644477,0.001537708,-0.001090952,,0,
1786043623149352750,1786043623.146630753,/novatel/oem7/odom,/novatel/oem7/fix,/novatel/oem7/odom,39.663,-75.756,-1.799999303,0.002252060,-0.001089612,0.001459539,-0.001715085,-0.001089612,,,
1786043623156800325,1786043623.156070661,/novatel/oem7/odom,/novatel/oem7/fix,/novatel/oem7/odom,39.663,-75.756,-1.799999303,0.002252060,-0.001089612,0.001459539,-0.001715085,-0.001089612,,,
1786043623165895031,1786043623.165444790,/novatel/oem7/inspva,/novatel/oem7/inspva,/novatel/oem7/inspva,39.663,-75.756,-1.799999367,0.003447378,0.000960248,-0.002306815,0.002561839,0.000960248,,novatel_oem7_msgs.msg.InertialSolutionStatus(status=3),
1786043623166655638,1786043623.165679139,/novatel/oem7/fix,/novatel/oem7/fix,/novatel/oem7/inspva,39.663,-75.756,-1.799999367,0.003447378,0.000960248,-0.002306815,0.002561839,0.000960248,,0,
1786043623167267734,1786043623.166180052,/novatel/oem7/odom,/novatel/oem7/fix,/novatel/oem7/odom,39.663,-75.756,-1.799999367,0.003446434,0.000963629,0.002442217,-0.002431766,0.000963629,,,
1786043623176027638,1786043623.175639353,/novatel/oem7/odom,/novatel/oem7/fix,/novatel/oem7/odom,39.663,-75.756,-1.799999367,0.003446434,0.000963629,0.002442217,-0.002431766,0.000963629,,,
1786043623185712115,1786043623.185334704,/novatel/oem7/inspva,/novatel/oem7/inspva,/novatel/oem7/inspva,39.663,-75.756,-1.800016885,0.002576740,0.001699681,-0.001694103,0.001941548,0.001699681,,novatel_oem7_msgs.msg.InertialSolutionStatus(status=3),
1786043623186435772,1786043623.185578863,/novatel/oem7/fix,/novatel/oem7/fix,/novatel/oem7/inspva,39.663,-75.756,-1.800016885,0.002576740,0.001699681,-0.001694103,0.001941548,0.001699681,,0,
1786043623187002041,1786043623.186042305,/novatel/oem7/odom,/novatel/oem7/fix,/novatel/oem7/odom,39.663,-75.756,-1.800016885,0.002574985,0.001702339,0.001849821,-0.001791288,0.001702339,,,
1786043623194855592,1786043623.194470523,/novatel/oem7/odom,/novatel/oem7/fix,/novatel/oem7/odom,39.663,-75.756,-1.800016885,0.002574985,0.001702339,0.001849821,-0.001791288,0.001702339,,,
1786043623206828050,1786043623.206415727,/novatel/oem7/inspva,/novatel/oem7/inspva,/novatel/oem7/inspva,39.663,-75.756,-1.800053778,0.000700699,-0.001435192,-0.000629002,0.000308764,-0.001435192,,novatel_oem7_msgs.msg.InertialSolutionStatus(status=3),
1786043623207527011,1786043623.206622036,/novatel/oem7/fix,/novatel/oem7/fix,/novatel/oem7/inspva,39.663,-75.756,-1.800053778,0.000700699,-0.001435192,-0.000629002,0.000308764,-0.001435192,,0,
1786043623208067529,1786043623.207077147,/novatel/oem7/odom,/novatel/oem7/fix,/novatel/oem7/odom,39.663,-75.756,-1.800053778,0.000699701,-0.001435678,0.000283076,-0.000639883,-0.001435678,,,
1786043623210943609,1786043623.210490414,/novatel/oem7/bestpos,/novatel/oem7/bestpos,/novatel/oem7/odom,39.663,-75.756,33.182388064,0.000699701,-0.001435678,0.000283076,-0.000639883,-0.001435678,,novatel_oem7_msgs.msg.SolutionStatus(status=0),novatel_oem7_msgs.msg.PositionOrVelocityType(type=53)
1786043623211707964,1786043623.211075263,/novatel/oem7/bestvel,/novatel/oem7/bestpos,/novatel/oem7/bestvel,39.663,-75.756,33.182388064,0.001653705,-0.001036160,,,,159.716063733,novatel_oem7_msgs.msg.SolutionStatus(status=0),novatel_oem7_msgs.msg.PositionOrVelocityType(type=53)
1786043623215668583,1786043623.215210543,/novatel/oem7/odom,/novatel/oem7/bestpos,/novatel/oem7/odom,39.663,-75.756,33.182388064,0.000699701,-0.001435678,0.000283076,-0.000639883,-0.001435678,,,
1786043623225315130,1786043623.224970365,/novatel/oem7/inspva,/novatel/oem7/inspva,/novatel/oem7/inspva,39.663,-75.756,-1.800061536,0.001144135,-0.001506367,-0.000962291,0.000618904,-0.001506367,,novatel_oem7_msgs.msg.InertialSolutionStatus(status=3),
1786043623226032405,1786043623.225220474,/novatel/oem7/fix,/novatel/oem7/fix,/novatel/oem7/inspva,39.663,-75.756,-1.800061536,0.001144135,-0.001506367,-0.000962291,0.000618904,-0.001506367,,0,
1786043623226594011,1786043623.225587041,/novatel/oem7/odom,/novatel/oem7/fix,/novatel/oem7/odom,39.663,-75.756,-1.800061536,0.001143868,-0.001506570,0.000576804,-0.000987791,-0.001506570,,,
1786043623236000054,1786043623.235561192,/novatel/oem7/odom,/novatel/oem7/fix,/novatel/oem7/odom,39.663,-75.756,-1.800061536,0.001143868,-0.001506570,0.000576804,-0.000987791,-0.001506570,,,
1786043623247036542,1786043623.246619750,/novatel/oem7/inspva,/novatel/oem7/inspva,/novatel/oem7/inspva,39.663,-75.756,-1.800065602,0.003982803,0.000342153,-0.002781726,0.002850389,0.000342153,,novatel_oem7_msgs.msg.InertialSolutionStatus(status=3),
1786043623247789414,1786043623.246914993,/novatel/oem7/fix,/novatel/oem7/fix,/novatel/oem7/inspva,39.663,-75.756,-1.800065602,0.003982803,0.000342153,-0.002781726,0.002850389,0.000342153,,0,
1786043623248349057,1786043623.247242193,/novatel/oem7/odom,/novatel/oem7/fix,/novatel/oem7/odom,39.663,-75.756,-1.800065602,0.003982525,0.000345366,0.002709556,-0.002918701,0.000345366,,,
1786043623256823099,1786043623.256439866,/novatel/oem7/odom,/novatel/oem7/fix,/novatel/oem7/odom,39.663,-75.756,-1.800065602,0.003982525,0.000345366,0.002709556,-0.002918701,0.000345366,,,
1786043623265387626,1786043623.265008342,/novatel/oem7/inspva,/novatel/oem7/inspva,/novatel/oem7/inspva,39.663,-75.756,-1.800087159,0.003794304,0.000955457,-0.002440789,0.002905046,0.000955457,,novatel_oem7_msgs.msg.InertialSolutionStatus(status=3),
1786043623266108967,1786043623.265260192,/novatel/oem7/fix,/novatel/oem7/fix,/novatel/oem7/inspva,39.663,-75.756,-1.800087159,0.003794304,0.000955457,-0.002440789,0.002905046,0.000955457,,0,
1786043623266691094,1786043623.265624808,/novatel/oem7/odom,/novatel/oem7/fix,/novatel/oem7/odom,39.663,-75.756,-1.800087159,0.003793233,0.000959702,0.002778483,-0.002582372,0.000959702,,,
1786043623275408053,1786043623.274876083,/novatel/oem7/odom,/novatel/oem7/fix,/novatel/oem7/odom,39.663,-75.756,-1.800087159,0.003793233,0.000959702,0.002778483,-0.002582372,0.000959702,,,
1786043623286118615,1786043623.285529455,/novatel/oem7/inspva,/novatel/oem7/inspva,/novatel/oem7/inspva,39.663,-75.756,-1.800118526,0.000687912,-0.000487507,-0.000331487,0.000602776,-0.000487507,,novatel_oem7_msgs.msg.InertialSolutionStatus(status=3),
1786043623286872175,1786043623.285795836,/novatel/oem7/fix,/novatel/oem7/fix,/novatel/oem7/inspva,39.663,-75.756,-1.800118526,0.000687912,-0.000487507,-0.000331487,0.000602776,-0.000487507,,0,
1786043623287510951,1786043623.286383815,/novatel/oem7/odom,/novatel/oem7/fix,/novatel/oem7/odom,39.663,-75.756,-1.800118526,0.000688878,-0.000486141,0.000587697,-0.000359395,-0.000486141,,,
1786043623295535431,1786043623.295127870,/novatel/oem7/odom,/novatel/oem7/fix,/novatel/oem7/odom,39.663,-75.756,-1.800118526,0.000688878,-0.000486141,0.000587697,-0.000359395,-0.000486141,,,
1786043623306707180,1786043623.305916914,/novatel/oem7/inspva,/novatel/oem7/inspva,/novatel/oem7/inspva,39.663,-75.756,-1.800136984,0.000281544,-0.001258971,-0.000217494,0.000178783,-0.001258971,,novatel_oem7_msgs.msg.InertialSolutionStatus(status=3),
1786043623308146881,1786043623.306091702,/novatel/oem7/fix,/novatel/oem7/fix,/novatel/oem7/inspva,39.663,-75.756,-1.800136984,0.000281544,-0.001258971,-0.000217494,0.000178783,-0.001258971,,0,
1786043623309234551,1786043623.306574428,/novatel/oem7/odom,/novatel/oem7/fix,/novatel/oem7/odom,39.663,-75.756,-1.800136984,0.000282018,-0.001258865,0.000172728,-0.000222934,-0.001258865,,,
1786043623310802510,1786043623.309935459,/novatel/oem7/bestpos,/novatel/oem7/bestpos,/novatel/oem7/odom,39.663,-75.756,33.182306728,0.000282018,-0.001258865,0.000172728,-0.000222934,-0.001258865,,novatel_oem7_msgs.msg.SolutionStatus(status=0),novatel_oem7_msgs.msg.PositionOrVelocityType(type=53)
1786043623312229853,1786043623.310476415,/novatel/oem7/bestvel,/novatel/oem7/bestpos,/novatel/oem7/bestvel,39.663,-75.756,33.182306728,0.001050407,-0.000942817,,,,157.036196844,novatel_oem7_msgs.msg.SolutionStatus(status=0),novatel_oem7_msgs.msg.PositionOrVelocityType(type=53)
1786043623315252037,1786043623.314560173,/novatel/oem7/odom,/novatel/oem7/bestpos,/novatel/oem7/odom,39.663,-75.756,33.182306728,0.000282018,-0.001258865,0.000172728,-0.000222934,-0.001258865,,,
1786043623325937467,1786043623.325382082,/novatel/oem7/inspva,/novatel/oem7/inspva,/novatel/oem7/inspva,39.663,-75.756,-1.800140072,0.003366307,0.000094594,-0.002226123,0.002525153,0.000094594,,novatel_oem7_msgs.msg.InertialSolutionStatus(status=3),
1786043623327260100,1786043623.325558951,/novatel/oem7/fix,/novatel/oem7/fix,/novatel/oem7/inspva,39.663,-75.756,-1.800140072,0.003366307,0.000094594,-0.002226123,0.002525153,0.000094594,,0,
1786043623328309411,1786043623.326213530,/novatel/oem7/odom,/novatel/oem7/fix,/novatel/oem7/odom,39.663,-75.756,-1.800140072,0.003366208,0.000098042,0.002412839,-0.002347247,0.000098042,,,
1786043623336232798,1786043623.335554538,/novatel/oem7/odom,/novatel/oem7/fix,/novatel/oem7/odom,39.663,-75.756,-1.800140072,0.003366208,0.000098042,0.002412839,-0.002347247,0.000098042,,,
1786043623346035467,1786043623.345390984,/novatel/oem7/inspva,/novatel/oem7/inspva,/novatel/oem7/inspva,39.663,-75.756,-1.800162991,0.003036580,0.000333141,-0.002054593,0.002235949,0.000333141,,novatel_oem7_msgs.msg.InertialSolutionStatus(status=3),
1786043623347442811,1786043623.345710541,/novatel/oem7/fix,/novatel/oem7/fix,/novatel/oem7/inspva,39.663,-75.756,-1.800162991,0.003036580,0.000333141,-0.002054593,0.002235949,0.000333141,,0,
1786043623348556252,1786043623.346060738,/novatel/oem7/odom,/novatel/oem7/fix,/novatel/oem7/odom,39.663,-75.756,-1.800162991,0.003036261,0.000336035,0.002131462,-0.002162349,0.000336035,,,
1786043623356352418,1786043623.355683555,/novatel/oem7/odom,/novatel/oem7/fix,/novatel/oem7/odom,39.663,-75.756,-1.800162991,0.003036261,0.000336035,0.002131462,-0.002162349,0.000336035,,,
1786043623367184087,1786043623.366644192,/novatel/oem7/inspva,/novatel/oem7/inspva,/novatel/oem7/inspva,39.663,-75.756,-1.800188665,0.001421512,-0.000060580,-0.000263378,0.001396900,-0.000060580,,novatel_oem7_msgs.msg.InertialSolutionStatus(status=3),
1786043623368573938,1786043623.366822664,/novatel/oem7/fix,/novatel/oem7/fix,/novatel/oem7/inspva,39.663,-75.756,-1.800188665,0.001421512,-0.000060580,-0.000263378,0.001396900,-0.000060580,,0,
1786043623369651048,1786043623.367271591,/novatel/oem7/odom,/novatel/oem7/fix,/novatel/oem7/odom,39.663,-75.756,-1.800188665,0.001421696,-0.000056109,0.001382566,-0.000331254,-0.000056109,,,
1786043623376092617,1786043623.375432981,/novatel/oem7/odom,/novatel/oem7/fix,/novatel/oem7/odom,39.663,-75.756,-1.800188665,0.001421696,-0.000056109,0.001382566,-0.000331254,-0.000056109,,,
1786043623385873603,1786043623.385289434,/novatel/oem7/inspva,/novatel/oem7/inspva,/novatel/oem7/inspva,39.663,-75.756,-1.800212323,0.000811513,-0.000353622,-0.000270948,0.000764945,-0.000353622,,novatel_oem7_msgs.msg.InertialSolutionStatus(status=3),
1786043623387261800,1786043623.385490686,/novatel/oem7/fix,/novatel/oem7/fix,/novatel/oem7/inspva,39.663,-75.756,-1.800212323,0.000811513,-0.000353622,-0.000270948,0.000764945,-0.000353622,,0,
1786043623388316430,1786043623.385898053,/novatel/oem7/odom,/novatel/oem7/fix,/novatel/oem7/odom,39.663,-75.756,-1.800212323,0.000812434,-0.000351501,0.000752121,-0.000307186,-0.000351501,,,
1786043623395630695,1786043623.394934808,/novatel/oem7/odom,/novatel/oem7/fix,/novatel/oem7/odom,39.663,-75.756,-1.800212323,0.000812434,-0.000351501,0.000752121,-0.000307186,-0.000351501,,,
1786043623406946069,1786043623.406418320,/novatel/oem7/inspva,/novatel/oem7/inspva,/novatel/oem7/inspva,39.663,-75.756,-1.800228663,0.002180471,-0.001050325,-0.001471231,0.001609327,-0.001050325,,novatel_oem7_msgs.msg.InertialSolutionStatus(status=3),
1786043623408354399,1786043623.406609529,/novatel/oem7/fix,/novatel/oem7/fix,/novatel/oem7/inspva,39.663,-75.756,-1.800228663,0.002180471,-0.001050325,-0.001471231,0.001609327,-0.001050325,,0,
1786043623409411537,1786043623.407077287,/novatel/oem7/odom,/novatel/oem7/fix,/novatel/oem7/odom,39.663,-75.756,-1.800228663,0.002181465,-0.001048261,0.001539397,-0.001545653,-0.001048261,,,
1786043623411358026,1786043623.410401382,/novatel/oem7/bestpos,/novatel/oem7/bestpos,/novatel/oem7/odom,39.663,-75.756,33.182224150,0.002181465,-0.001048261,0.001539397,-0.001545653,-0.001048261,,novatel_oem7_msgs.msg.SolutionStatus(status=0),novatel_oem7_msgs.msg.PositionOrVelocityType(type=53)
1786043623412922744,1786043623.410826450,/novatel/oem7/bestvel,/novatel/oem7/bestpos,/novatel/oem7/bestvel,39.663,-75.756,33.182224150,0.001972499,-0.000224400,,,,165.377179738,novatel_oem7_msgs.msg.SolutionStatus(status=0),novatel_oem7_msgs.msg.PositionOrVelocityType(type=53)
1786043623415702568,1786043623.415004471,/novatel/oem7/odom,/novatel/oem7/bestpos,/novatel/oem7/odom,39.663,-75.756,33.182224150,0.002181465,-0.001048261,0.001539397,-0.001545653,-0.001048261,,,
1786043623425910378,1786043623.425375039,/novatel/oem7/inspva,/novatel/oem7/inspva,/novatel/oem7/inspva,39.663,-75.756,-1.800241069,0.002478697,-0.000221024,-0.001512315,0.001963885,-0.000221024,,novatel_oem7_msgs.msg.InertialSolutionStatus(status=3),
1786043623427347315,1786043623.425534677,/novatel/oem7/fix,/novatel/oem7/fix,/novatel/oem7/inspva,39.663,-75.756,-1.800241069,0.002478697,-0.000221024,-0.001512315,0.001963885,-0.000221024,,0,
1786043623428444422,1786043623.426119056,/novatel/oem7/odom,/novatel/oem7/fix,/novatel/oem7/odom,39.663,-75.756,-1.800241069,0.002478983,-0.000217787,0.001888392,-0.001606031,-0.000217787,,,
1786043623435290212,1786043623.434588542,/novatel/oem7/odom,/novatel/oem7/fix,/novatel/oem7/odom,39.663,-75.756,-1.800241069,0.002478983,-0.000217787,0.001888392,-0.001606031,-0.000217787,,,
1786043623445843775,1786043623.445287360,/novatel/oem7/inspva,/novatel/oem7/inspva,/novatel/oem7/inspva,39.663,-75.756,-1.800256896,0.001859955,0.000485133,-0.000333941,0.001829731,0.000485133,,novatel_oem7_msgs.msg.InertialSolutionStatus(status=3),
1786043623447261622,1786043623.445457689,/novatel/oem7/fix,/novatel/oem7/fix,/novatel/oem7/inspva,39.663,-75.756,-1.800256896,0.001859955,0.000485133,-0.000333941,0.001829731,0.000485133,,0,
1786043623448386087,1786043623.446152078,/novatel/oem7/odom,/novatel/oem7/fix,/novatel/oem7/odom,39.663,-75.756,-1.800256896,0.001858394,0.000491078,0.001809323,-0.000424242,0.000491078,,,
1786043623457299990,1786043623.456567037,/novatel/oem7/odom,/novatel/oem7/fix,/novatel/oem7/odom,39.663,-75.756,-1.800256896,0.001858394,0.000491078,0.001809323,-0.000424242,0.000491078,,,
1786043623465495907,1786043623.464976512,/novatel/oem7/inspva,/novatel/oem7/inspva,/novatel/oem7/inspva,39.663,-75.756,-1.800283375,0.001620615,0.000077530,0.000032838,0.001620282,0.000077530,,novatel_oem7_msgs.msg.InertialSolutionStatus(status=3),
1786043623466800200,1786043623.465121627,/novatel/oem7/fix,/novatel/oem7/fix,/novatel/oem7/inspva,39.663,-75.756,-1.800283375,0.001620615,0.000077530,0.000032838,0.001620282,0.000077530,,0,
1786043623468023062,1786043623.465573525,/novatel/oem7/odom,/novatel/oem7/fix,/novatel/oem7/odom,39.663,-75.756,-1.800283375,0.001620314,0.000083595,0.001619642,-0.000046659,0.000083595,,,
1786043623475201729,1786043623.474463155,/novatel/oem7/odom,/novatel/oem7/fix,/novatel/oem7/odom,39.663,-75.756,-1.800283375,0.001620314,0.000083595,0.001619642,-0.000046659,0.000083595,,,
1786043623487256950,1786043623.486692121,/novatel/oem7/inspva,/novatel/oem7/inspva,/novatel/oem7/inspva,39.663,-75.756,-1.800314965,0.001811505,-0.001688046,-0.000898605,0.001572915,-0.001688046,,novatel_oem7_msgs.msg.InertialSolutionStatus(status=3),
1786043623488624960,1786043623.486879499,/novatel/oem7/fix,/novatel/oem7/fix,/novatel/oem7/inspva,39.663,-75.756,-1.800314965,0.001811505,-0.001688046,-0.000898605,0.001572915,-0.001688046,,0,
1786043623489787908,1786043623.487334554,/novatel/oem7/odom,/novatel/oem7/fix,/novatel/oem7/odom,39.663,-75.756,-1.800314965,0.001814708,-0.001684602,0.001533484,-0.000970358,-0.001684602,,,
1786043623495640065,1786043623.494952448,/novatel/oem7/odom,/novatel/oem7/fix,/novatel/oem7/odom,39.663,-75.756,-1.800314965,0.001814708,-0.001684602,0.001533484,-0.000970358,-0.001684602,,,
1786043623506602319,1786043623.506043600,/novatel/oem7/inspva,/novatel/oem7/inspva,/novatel/oem7/inspva,39.663,-75.756,-1.800331633,0.001933972,-0.001683942,-0.001130515,0.001569135,-0.001683942,,novatel_oem7_msgs.msg.InertialSolutionStatus(status=3),
1786043623507926202,1786043623.506215188,/novatel/oem7/fix,/novatel/oem7/fix,/novatel/oem7/inspva,39.663,-75.756,-1.800331633,0.001933972,-0.001683942,-0.001130515,0.001569135,-0.001683942,,0,
1786043623508998269,1786043623.506675623,/novatel/oem7/odom,/novatel/oem7/fix,/novatel/oem7/odom,39.663,-75.756,-1.800331633,0.001936412,-0.001681136,0.001518343,-0.001201801,-0.001681136,,,
1786043623512237707,1786043623.511661868,/novatel/oem7/bestpos,/novatel/oem7/bestpos,/novatel/oem7/odom,39.663,-75.756,33.182120776,0.001936412,-0.001681136,0.001518343,-0.001201801,-0.001681136,,novatel_oem7_msgs.msg.SolutionStatus(status=0),novatel_oem7_msgs.msg.PositionOrVelocityType(type=53)
1786043623513682591,1786043623.512615824,/novatel/oem7/bestvel,/novatel/oem7/bestpos,/novatel/oem7/bestvel,39.663,-75.756,33.182120776,0.001925841,-0.000536263,,,,173.385288288,novatel_oem7_msgs.msg.SolutionStatus(status=0),novatel_oem7_msgs.msg.PositionOrVelocityType(type=53)
1786043623515633674,1786043623.514718025,/novatel/oem7/odom,/novatel/oem7/bestpos,/novatel/oem7/odom,39.663,-75.756,33.182120776,0.001936412,-0.001681136,0.001518343,-0.001201801,-0.001681136,,,
1786043623525706642,1786043623.525171960,/novatel/oem7/inspva,/novatel/oem7/inspva,/novatel/oem7/inspva,39.663,-75.756,-1.800333852,0.002269106,0.001114781,-0.000717049,0.002152831,0.001114781,,novatel_oem7_msgs.msg.InertialSolutionStatus(status=3),
1786043623527045439,1786043623.525357102,/novatel/oem7/fix,/novatel/oem7/fix,/novatel/oem7/inspva,39.663,-75.756,-1.800333852,0.002269106,0.001114781,-0.000717049,0.002152831,0.001114781,,0,
1786043623528118969,1786043623.525920764,/novatel/oem7/odom,/novatel/oem7/fix,/novatel/oem7/odom,39.663,-75.756,-1.800333852,0.002266117,0.001120845,0.002110908,-0.000824230,0.001120845,,,
1786043623535816897,1786043623.535169328,/novatel/oem7/odom,/novatel/oem7/fix,/novatel/oem7/odom,39.663,-75.756,-1.800333852,0.002266117,0.001120845,0.002110908,-0.000824230,0.001120845,,,
1786043623546598800,1786043623.546052511,/novatel/oem7/inspva,/novatel/oem7/inspva,/novatel/oem7/inspva,39.663,-75.756,-1.800369889,0.001730064,0.000344829,0.000021553,0.001729929,0.000344829,,novatel_oem7_msgs.msg.InertialSolutionStatus(status=3),
1786043623547922106,1786043623.546203833,/novatel/oem7/fix,/novatel/oem7/fix,/novatel/oem7/inspva,39.663,-75.756,-1.800369889,0.001730064,0.000344829,0.000021553,0.001729929,0.000344829,,0,
1786043623548986003,1786043623.546627979,/novatel/oem7/odom,/novatel/oem7/fix,/novatel/oem7/odom,39.663,-75.756,-1.800369889,0.001728757,0.000351320,0.001727575,-0.000063921,0.000351320,,,
1786043623556340812,1786043623.555702672,/novatel/oem7/odom,/novatel/oem7/fix,/novatel/oem7/odom,39.663,-75.756,-1.800369889,0.001728757,0.000351320,0.001727575,-0.000063921,0.000351320,,,
1786043623565750920,1786043623.565238592,/novatel/oem7/inspva,/novatel/oem7/inspva,/novatel/oem7/inspva,39.663,-75.756,-1.800408297,0.001442323,-0.002041278,-0.000084949,0.001439819,-0.002041278,,novatel_oem7_msgs.msg.InertialSolutionStatus(status=3),
1786043623567048712,1786043623.565389006,/novatel/oem7/fix,/novatel/oem7/fix,/novatel/oem7/inspva,39.663,-75.756,-1.800408297,0.001442323,-0.002041278,-0.000084949,0.001439819,-0.002041278,,0,
1786043623568229318,1786043623.566054158,/novatel/oem7/odom,/novatel/oem7/fix,/novatel/oem7/odom,39.663,-75.756,-1.800408297,0.001449469,-0.002036210,0.001441659,-0.000150266,-0.002036210,,,
1786043623576132618,1786043623.575480135,/novatel/oem7/odom,/novatel/oem7/fix,/novatel/oem7/odom,39.663,-75.756,-1.800408297,0.001449469,-0.002036210,0.001441659,-0.000150266,-0.002036210,,,
1786043623585486216,1786043623.584983368,/novatel/oem7/inspva,/novatel/oem7/inspva,/novatel/oem7/inspva,39.663,-75.756,-1.800423682,0.001759475,-0.001621872,-0.000261507,0.001739933,-0.001621872,,novatel_oem7_msgs.msg.InertialSolutionStatus(status=3),
1786043623586803192,1786043623.585153779,/novatel/oem7/fix,/novatel/oem7/fix,/novatel/oem7/inspva,39.663,-75.756,-1.800423682,0.001759475,-0.001621872,-0.000261507,0.001739933,-0.001621872,,0,
1786043623587846262,1786043623.585635618,/novatel/oem7/odom,/novatel/oem7/fix,/novatel/oem7/odom,39.663,-75.756,-1.800423682,0.001764754,-0.001616127,0.001731238,-0.000342301,-0.001616127,,,
1786043623595097490,1786043623.594466674,/novatel/oem7/odom,/novatel/oem7/fix,/novatel/oem7/odom,39.663,-75.756,-1.800423682,0.001764754,-0.001616127,0.001731238,-0.000342301,-0.001616127,,,
1786043623606924962,1786043623.606384356,/novatel/oem7/inspva,/novatel/oem7/inspva,/novatel/oem7/inspva,39.663,-75.756,-1.800426708,0.002518214,0.000773530,-0.001292235,0.002161372,0.000773530,,novatel_oem7_msgs.msg.InertialSolutionStatus(status=3),
1786043623608222511,1786043623.606575062,/novatel/oem7/fix,/novatel/oem7/fix,/novatel/oem7/inspva,39.663,-75.756,-1.800426708,0.002518214,0.000773530,-0.001292235,0.002161372,0.000773530,,0,
1786043623609256555,1786043623.607064843,/novatel/oem7/odom,/novatel/oem7/fix,/novatel/oem7/odom,39.663,-75.756,-1.800426708,0.002516794,0.000778139,0.002092653,-0.001398232,0.000778139,,,
1786043623611078219,1786043623.610276808,/novatel/oem7/bestpos,/novatel/oem7/bestpos,/novatel/oem7/odom,39.663,-75.756,33.181990542,0.002516794,0.000778139,0.002092653,-0.001398232,0.000778139,,novatel_oem7_msgs.msg.SolutionStatus(status=0),novatel_oem7_msgs.msg.PositionOrVelocityType(type=53)
1786043623612489946,1786043623.610812387,/novatel/oem7/bestvel,/novatel/oem7/bestpos,/novatel/oem7/bestvel,39.663,-75.756,33.181990542,0.003018659,0.000082759,,,,104.840087884,novatel_oem7_msgs.msg.SolutionStatus(status=0),novatel_oem7_msgs.msg.PositionOrVelocityType(type=53)
1786043623615716021,1786043623.615062635,/novatel/oem7/odom,/novatel/oem7/bestpos,/novatel/oem7/odom,39.663,-75.756,33.181990542,0.002516794,0.000778139,0.002092653,-0.001398232,0.000778139,,,
1786043623625515193,1786043623.625002998,/novatel/oem7/inspva,/novatel/oem7/inspva,/novatel/oem7/inspva,39.663,-75.756,-1.800463228,0.002461268,0.000278638,-0.000162538,0.002455896,0.000278638,,novatel_oem7_msgs.msg.InertialSolutionStatus(status=3),
1786043623626795986,1786043623.625143543,/novatel/oem7/fix,/novatel/oem7/fix,/novatel/oem7/inspva,39.663,-75.756,-1.800463228,0.002461268,0.000278638,-0.000162538,0.002455896,0.000278638,,0,
1786043623627833230,1786043623.625487487,/novatel/oem7/odom,/novatel/oem7/fix,/novatel/oem7/odom,39.663,-75.756,-1.800463228,0.002460272,0.000287303,0.002443935,-0.000283058,0.000287303,,,
1786043623636127514,1786043623.635516795,/novatel/oem7/odom,/novatel/oem7/fix,/novatel/oem7/odom,39.663,-75.756,-1.800463228,0.002460272,0.000287303,0.002443935,-0.000283058,0.000287303,,,
1786043623645770448,1786043623.645262910,/novatel/oem7/inspva,/novatel/oem7/inspva,/novatel/oem7/inspva,39.663,-75.756,-1.800504808,0.001206728,-0.002081441,0.000330164,0.001160683,-0.002081441,,novatel_oem7_msgs.msg.InertialSolutionStatus(status=3),
1786043623647062968,1786043623.645482718,/novatel/oem7/fix,/novatel/oem7/fix,/novatel/oem7/inspva,39.663,-75.756,-1.800504808,0.001206728,-0.002081441,0.000330164,0.001160683,-0.002081441,,0,
1786043623648099228,1786043623.645816122,/novatel/oem7/odom,/novatel/oem7/fix,/novatel/oem7/odom,39.663,-75.756,-1.800504808,0.001215572,-0.002076289,0.001183331,0.000278105,-0.002076289,,,
1786043623657118799,1786043623.656491846,/novatel/oem7/odom,/novatel/oem7/fix,/novatel/oem7/odom,39.663,-75.756,-1.800504808,0.001215572,-0.002076289,0.001183331,0.000278105,-0.002076289,,,
1786043623666631272,1786043623.666112264,/novatel/oem7/inspva,/novatel/oem7/inspva,/novatel/oem7/inspva,39.663,-75.756,-1.800521974,0.000915404,-0.001519411,0.000022404,0.000915130,-0.001519411,,novatel_oem7_msgs.msg.InertialSolutionStatus(status=3),
1786043623667925438,1786043623.666274682,/novatel/oem7/fix,/novatel/oem7/fix,/novatel/oem7/inspva,39.663,-75.756,-1.800521974,0.000915404,-0.001519411,0.000022404,0.000915130,-0.001519411,,0,
1786043623668955024,1786043623.666618999,/novatel/oem7/odom,/novatel/oem7/fix,/novatel/oem7/odom,39.663,-75.756,-1.800521974,0.000921078,-0.001515978,0.000920889,-0.000018641,-0.001515978,,,
1786043623674983307,1786043623.674379302,/novatel/oem7/odom,/novatel/oem7/fix,/novatel/oem7/odom,39.663,-75.756,-1.800521974,0.000921078,-0.001515978,0.000920889,-0.000018641,-0.001515978,,,
1786043623685776542,1786043623.685284931,/novatel/oem7/inspva,/novatel/oem7/inspva,/novatel/oem7/inspva,39.663,-75.756,-1.800535821,0.003520651,-0.000172859,-0.001383971,0.003237222,-0.000172859,,novatel_oem7_msgs.msg.InertialSolutionStatus(status=3),
1786043623687054334,1786043623.685451626,/novatel/oem7/fix,/novatel/oem7/fix,/novatel/oem7/inspva,39.663,-75.756,-1.800535821,0.003520651,-0.000172859,-0.001383971,0.003237222,-0.000172859,,0,
1786043623688064028,1786043623.685747655,/novatel/oem7/odom,/novatel/oem7/fix,/novatel/oem7/odom,39.663,-75.756,-1.800535821,0.003521049,-0.000164551,0.003166359,-0.001540118,-0.000164551,,,
1786043623696087656,1786043623.695450833,/novatel/oem7/odom,/novatel/oem7/fix,/novatel/oem7/odom,39.663,-75.756,-1.800535821,0.003521049,-0.000164551,0.003166359,-0.001540118,-0.000164551,,,
1786043623706356580,1786043623.705851152,/novatel/oem7/inspva,/novatel/oem7/inspva,/novatel/oem7/inspva,39.663,-75.756,-1.800558275,0.002971349,0.000685093,-0.000934320,0.002820632,0.000685093,,novatel_oem7_msgs.msg.InertialSolutionStatus(status=3),
1786043623707672063,1786043623.706027384,/novatel/oem7/fix,/novatel/oem7/fix,/novatel/oem7/inspva,39.663,-75.756,-1.800558275,0.002971349,0.000685093,-0.000934320,0.002820632,0.000685093,,0,
1786043623708681552,1786043623.706545049,/novatel/oem7/odom,/novatel/oem7/fix,/novatel/oem7/odom,39.663,-75.756,-1.800558275,0.002969500,0.000693066,0.002768960,-0.001072749,0.000693066,,,
1786043623710069253,1786043623.709510524,/novatel/oem7/bestpos,/novatel/oem7/bestpos,/novatel/oem7/odom,39.663,-75.756,33.181867406,0.002969500,0.000693066,0.002768960,-0.001072749,0.000693066,,novatel_oem7_msgs.msg.SolutionStatus(status=0),novatel_oem7_msgs.msg.PositionOrVelocityType(type=53)
1786043623711444276,1786043623.710069769,/novatel/oem7/bestvel,/novatel/oem7/bestpos,/novatel/oem7/bestvel,39.663,-75.756,33.181867406,0.003053993,0.000036470,,,,90.443487532,novatel_oem7_msgs.msg.SolutionStatus(status=0),novatel_oem7_msgs.msg.PositionOrVelocityType(type=53)
1786043623715012964,1786043623.714379695,/novatel/oem7/odom,/novatel/oem7/bestpos,/novatel/oem7/odom,39.663,-75.756,33.181867406,0.002969500,0.000693066,0.002768960,-0.001072749,0.000693066,,,
1786043623726277147,1786043623.725770796,/novatel/oem7/inspva,/novatel/oem7/inspva,/novatel/oem7/inspva,39.663,-75.756,-1.800604320,0.001046372,-0.001948498,0.000260610,0.001013399,-0.001948498,,novatel_oem7_msgs.msg.InertialSolutionStatus(status=3),
1786043623727574847,1786043623.725922484,/novatel/oem7/fix,/novatel/oem7/fix,/novatel/oem7/inspva,39.663,-75.756,-1.800604320,0.001046372,-0.001948498,0.000260610,0.001013399,-0.001948498,,0,
1786043623728853776,1786043623.726770336,/novatel/oem7/odom,/novatel/oem7/fix,/novatel/oem7/odom,39.663,-75.756,-1.800604320,0.001054643,-0.001944034,0.001032391,0.000215501,-0.001944034,,,
1786043623735822334,1786043623.735177724,/novatel/oem7/odom,/novatel/oem7/fix,/novatel/oem7/odom,39.663,-75.756,-1.800604320,0.001054643,-0.001944034,0.001032391,0.000215501,-0.001944034,,,
1786043623745702811,1786043623.745172646,/novatel/oem7/inspva,/novatel/oem7/inspva,/novatel/oem7/inspva,39.663,-75.756,-1.800630327,0.001003347,-0.001725711,0.000264922,0.000967741,-0.001725711,,novatel_oem7_msgs.msg.InertialSolutionStatus(status=3),
1786043623746998877,1786043623.745332204,/novatel/oem7/fix,/novatel/oem7/fix,/novatel/oem7/inspva,39.663,-75.756,-1.800630327,0.001003347,-0.001725711,0.000264922,0.000967741,-0.001725711,,0,
1786043623748033904,1786043623.745791032,/novatel/oem7/odom,/novatel/oem7/fix,/novatel/oem7/odom,39.663,-75.756,-1.800630327,0.001010661,-0.001721438,0.000986088,0.000221507,-0.001721438,,,
1786043623756529937,1786043623.755880123,/novatel/oem7/odom,/novatel/oem7/fix,/novatel/oem7/odom,39.663,-75.756,-1.800630327,0.001010661,-0.001721438,0.000986088,0.000221507,-0.001721438,,,
1786043623765928818,1786043623.765398810,/novatel/oem7/inspva,/novatel/oem7/inspva,/novatel/oem7/inspva,39.663,-75.756,-1.800646559,0.003387193,-0.000742457,-0.001622969,0.002973054,-0.000742457,,novatel_oem7_msgs.msg.InertialSolutionStatus(status=3),
1786043623767228001,1786043623.765612152,/novatel/oem7/fix,/novatel/oem7/fix,/novatel/oem7/inspva,39.663,-75.756,-1.800646559,0.003387193,-0.000742457,-0.001622969,0.002973054,-0.000742457,,0,
1786043623768270065,1786043623.765988982,/novatel/oem7/odom,/novatel/oem7/fix,/novatel/oem7/odom,39.663,-75.756,-1.800646559,0.003388658,-0.000735742,0.002893025,-0.001764486,-0.000735742,,,
1786043623775659047,1786043623.775008193,/novatel/oem7/odom,/novatel/oem7/fix,/novatel/oem7/odom,39.663,-75.756,-1.800646559,0.003388658,-0.000735742,0.002893025,-0.001764486,-0.000735742,,,
1786043623786779268,1786043623.786264653,/novatel/oem7/inspva,/novatel/oem7/inspva,/novatel/oem7/inspva,39.663,-75.756,-1.800673352,0.003250660,-0.000348255,-0.001407398,0.002930191,-0.000348255,,novatel_oem7_msgs.msg.InertialSolutionStatus(status=3),
1786043623788066871,1786043623.786459782,/novatel/oem7/fix,/novatel/oem7/fix,/novatel/oem7/inspva,39.663,-75.756,-1.800673352,0.003250660,-0.000348255,-0.001407398,0.002930191,-0.000348255,,0,
1786043623789074485,1786043623.786912720,/novatel/oem7/odom,/novatel/oem7/fix,/novatel/oem7/odom,39.663,-75.756,-1.800673352,0.003251422,-0.000341074,0.002859241,-0.001548058,-0.000341074,,,
1786043623795609881,1786043623.794931632,/novatel/oem7/odom,/novatel/oem7/fix,/novatel/oem7/odom,39.663,-75.756,-1.800673352,0.003251422,-0.000341074,0.002859241,-0.001548058,-0.000341074,,,
1786043623806928489,1786043623.806417830,/novatel/oem7/inspva,/novatel/oem7/inspva,/novatel/oem7/inspva,39.663,-75.756,-1.800709045,0.001578311,-0.000829687,0.000655456,0.001435773,-0.000829687,,novatel_oem7_msgs.msg.InertialSolutionStatus(status=3),
1786043623808212491,1786043623.806593856,/novatel/oem7/fix,/novatel/oem7/fix,/novatel/oem7/inspva,39.663,-75.756,-1.800709045,0.001578311,-0.000829687,0.000655456,0.001435773,-0.000829687,,0,
1786043623809238675,1786043623.806967733,/novatel/oem7/odom,/novatel/oem7/fix,/novatel/oem7/odom,39.663,-75.756,-1.800709045,0.001582028,-0.000822576,0.001469281,0.000586537,-0.000822576,,,
1786043623811057349,1786043623.810301018,/novatel/oem7/bestpos,/novatel/oem7/bestpos,/novatel/oem7/odom,39.663,-75.756,33.181710480,0.001582028,-0.000822576,0.001469281,0.000586537,-0.000822576,,novatel_oem7_msgs.msg.SolutionStatus(status=0),novatel_oem7_msgs.msg.PositionOrVelocityType(type=53)
1786043623812451589,1786043623.810817933,/novatel/oem7/bestvel,/novatel/oem7/bestpos,/novatel/oem7/bestvel,39.663,-75.756,33.181710480,0.002780061,-0.001610067,,,,69.820382179,novatel_oem7_msgs.msg.SolutionStatus(status=0),novatel_oem7_msgs.msg.PositionOrVelocityType(type=53)
1786043623816186569,1786043623.815536163,/novatel/oem7/odom,/novatel/oem7/bestpos,/novatel/oem7/odom,39.663,-75.756,33.181710480,0.001582028,-0.000822576,0.001469281,0.000586537,-0.000822576,,,
1786043623825613105,1786043623.825108480,/novatel/oem7/inspva,/novatel/oem7/inspva,/novatel/oem7/inspva,39.663,-75.756,-1.800750142,0.001340897,-0.001283042,0.000447508,0.001264018,-0.001283042,,novatel_oem7_msgs.msg.InertialSolutionStatus(status=3),
1786043623826953295,1786043623.825287255,/novatel/oem7/fix,/novatel/oem7/fix,/novatel/oem7/inspva,39.663,-75.756,-1.800750142,0.001340897,-0.001283042,0.000447508,0.001264018,-0.001283042,,0,
1786043623828393502,1786043623.825724249,/novatel/oem7/odom,/novatel/oem7/fix,/novatel/oem7/odom,39.663,-75.756,-1.800750142,0.001346484,-0.001277178,0.001289273,0.000388323,-0.001277178,,,
1786043623835270266,1786043623.834642193,/novatel/oem7/odom,/novatel/oem7/fix,/novatel/oem7/odom,39.663,-75.756,-1.800750142,0.001346484,-0.001277178,0.001289273,0.000388323,-0.001277178,,,
1786043623847266139,1786043623.846783531,/novatel/oem7/inspva,/novatel/oem7/inspva,/novatel/oem7/inspva,39.663,-75.756,-1.800782140,0.002985561,-0.002153940,-0.001791947,0.002387991,-0.002153940,,novatel_oem7_msgs.msg.InertialSolutionStatus(status=3),
1786043623848567052,1786043623.846945770,/novatel/oem7/fix,/novatel/oem7/fix,/novatel/oem7/inspva,39.663,-75.756,-1.800782140,0.002985561,-0.002153940,-0.001791947,0.002387991,-0.002153940,,0,
1786043623849593726,1786043623.847380637,/novatel/oem7/odom,/novatel/oem7/fix,/novatel/oem7/odom,39.663,-75.756,-1.800782140,0.002988520,-0.002149833,0.002305764,-0.001901238,-0.002149833,,,
1786043623856992481,1786043623.856372452,/novatel/oem7/odom,/novatel/oem7/fix,/novatel/oem7/odom,39.663,-75.756,-1.800782140,0.002988520,-0.002149833,0.002305764,-0.001901238,-0.002149833,,,
1786043623865627859,1786043623.865119537,/novatel/oem7/inspva,/novatel/oem7/inspva,/novatel/oem7/inspva,39.663,-75.756,-1.800809111,0.002500885,-0.001202239,-0.001446330,0.002040234,-0.001202239,,novatel_oem7_msgs.msg.InertialSolutionStatus(status=3),
1786043623866924891,1786043623.865280319,/novatel/oem7/fix,/novatel/oem7/fix,/novatel/oem7/inspva,39.663,-75.756,-1.800809111,0.002500885,-0.001202239,-0.001446330,0.002040234,-0.001202239,,0,
1786043623867941995,1786043623.865764024,/novatel/oem7/odom,/novatel/oem7/fix,/novatel/oem7/odom,39.663,-75.756,-1.800809111,0.002502694,-0.001198469,0.001971741,-0.001541335,-0.001198469,,,
1786043623876340130,1786043623.875713264,/novatel/oem7/odom,/novatel/oem7/fix,/novatel/oem7/odom,39.663,-75.756,-1.800809111,0.002502694,-0.001198469,0.001971741,-0.001541335,-0.001198469,,,
1786043623885918690,1786043623.885439522,/novatel/oem7/inspva,/novatel/oem7/inspva,/novatel/oem7/inspva,39.663,-75.756,-1.800838215,0.002270320,-0.000344670,-0.000050682,0.002269754,-0.000344670,,novatel_oem7_msgs.msg.InertialSolutionStatus(status=3),
1786043623887186116,1786043623.885594324,/novatel/oem7/fix,/novatel/oem7/fix,/novatel/oem7/inspva,39.663,-75.756,-1.800838215,0.002270320,-0.000344670,-0.000050682,0.002269754,-0.000344670,,0,
1786043623888203043,1786043623.886355845,/novatel/oem7/odom,/novatel/oem7/fix,/novatel/oem7/odom,39.663,-75.756,-1.800838215,0.002271565,-0.000336370,0.002265877,-0.000160643,-0.000336370,,,
1786043623895741536,1786043623.895098956,/novatel/oem7/odom,/novatel/oem7/fix,/novatel/oem7/odom,39.663,-75.756,-1.800838215,0.002271565,-0.000336370,0.002265877,-0.000160643,-0.000336370,,,
1786043623906323246,1786043623.905845545,/novatel/oem7/inspva,/novatel/oem7/inspva,/novatel/oem7/inspva,39.663,-75.756,-1.800883185,0.001540099,-0.000650849,-0.000069883,0.001538513,-0.000650849,,novatel_oem7_msgs.msg.InertialSolutionStatus(status=3),
1786043623907617969,1786043623.906002617,/novatel/oem7/fix,/novatel/oem7/fix,/novatel/oem7/inspva,39.663,-75.756,-1.800883185,0.001540099,-0.000650849,-0.000069883,0.001538513,-0.000650849,,0,
1786043623908649412,1786043623.906376063,/novatel/oem7/odom,/novatel/oem7/fix,/novatel/oem7/odom,39.663,-75.756,-1.800883185,0.001542437,-0.000645289,0.001535759,-0.000143371,-0.000645289,,,
1786043623910507107,1786043623.909942625,/novatel/oem7/bestpos,/novatel/oem7/bestpos,/novatel/oem7/odom,39.663,-75.756,33.181537344,0.001542437,-0.000645289,0.001535759,-0.000143371,-0.000645289,,novatel_oem7_msgs.msg.SolutionStatus(status=0),novatel_oem7_msgs.msg.PositionOrVelocityType(type=53)
1786043623911876387,1786043623.910483773,/novatel/oem7/bestvel,/novatel/oem7/bestpos,/novatel/oem7/bestvel,39.663,-75.756,33.181537344,0.002710875,-0.001577978,,,,78.618517668,novatel_oem7_msgs.msg.SolutionStatus(status=0),novatel_oem7_msgs.msg.PositionOrVelocityType(type=53)
1786043623915196403,1786043623.914576477,/novatel/oem7/odom,/novatel/oem7/bestpos,/novatel/oem7/odom,39.663,-75.756,33.181537344,0.001542437,-0.000645289,0.001535759,-0.000143371,-0.000645289,,,
1786043623925741939,1786043623.925230581,/novatel/oem7/inspva,/novatel/oem7/inspva,/novatel/oem7/inspva,39.663,-75.756,-1.800936933,0.001165436,-0.003441584,-0.000808125,0.000839748,-0.003441584,,novatel_oem7_msgs.msg.InertialSolutionStatus(status=3),
1786043623927021032,1786043623.925388669,/novatel/oem7/fix,/novatel/oem7/fix,/novatel/oem7/inspva,39.663,-75.756,-1.800936933,0.001165436,-0.003441584,-0.000808125,0.000839748,-0.003441584,,0,
1786043623928027088,1786043623.925878267,/novatel/oem7/odom,/novatel/oem7/fix,/novatel/oem7/odom,39.663,-75.756,-1.800936933,0.001168401,-0.003440578,0.000812330,-0.000839811,-0.003440578,,,
1786043623936119804,1786043623.935506305,/novatel/oem7/odom,/novatel/oem7/fix,/novatel/oem7/odom,39.663,-75.756,-1.800936933,0.001168401,-0.003440578,0.000812330,-0.000839811,-0.003440578,,,
1786043623945538443,1786043623.945043628,/novatel/oem7/inspva,/novatel/oem7/inspva,/novatel/oem7/inspva,39.663,-75.756,-1.800961638,0.002188700,-0.002163759,-0.001217813,0.001818609,-0.002163759,,novatel_oem7_msgs.msg.InertialSolutionStatus(status=3),
1786043623946821448,1786043623.945200080,/novatel/oem7/fix,/novatel/oem7/fix,/novatel/oem7/inspva,39.663,-75.756,-1.800961638,0.002188700,-0.002163759,-0.001217813,0.001818609,-0.002163759,,0,
1786043623947853972,1786043623.945598753,/novatel/oem7/odom,/novatel/oem7/fix,/novatel/oem7/odom,39.663,-75.756,-1.800961638,0.002192178,-0.002160235,0.001765180,-0.001299916,-0.002160235,,,
1786043623956342171,1786043623.955730996,/novatel/oem7/odom,/novatel/oem7/fix,/novatel/oem7/odom,39.663,-75.756,-1.800961638,0.002192178,-0.002160235,0.001765180,-0.001299916,-0.002160235,,,
1786043623966106647,1786043623.965592609,/novatel/oem7/inspva,/novatel/oem7/inspva,/novatel/oem7/inspva,39.663,-75.756,-1.800982224,0.002568292,0.000043300,-0.001025925,0.002354485,0.000043300,,novatel_oem7_msgs.msg.InertialSolutionStatus(status=3),
1786043623967412076,1786043623.965792724,/novatel/oem7/fix,/novatel/oem7/fix,/novatel/oem7/inspva,39.663,-75.756,-1.800982224,0.002568292,0.000043300,-0.001025925,0.002354485,0.000043300,,0,
1786043623968466087,1786043623.966220955,/novatel/oem7/odom,/novatel/oem7/fix,/novatel/oem7/odom,39.663,-75.756,-1.800982224,0.002568182,0.000049393,0.002301387,-0.001139815,0.000049393,,,
1786043623975762188,1786043623.975102602,/novatel/oem7/odom,/novatel/oem7/fix,/novatel/oem7/odom,39.663,-75.756,-1.800982224,0.002568182,0.000049393,0.002301387,-0.001139815,0.000049393,,,
1786043623985548147,1786043623.984999901,/novatel/oem7/inspva,/novatel/oem7/inspva,/novatel/oem7/inspva,39.663,-75.756,-1.801031578,0.002712220,-0.000400730,-0.000635331,0.002636758,-0.000400730,,novatel_oem7_msgs.msg.InertialSolutionStatus(status=3),
1786043623986820816,1786043623.985202926,/novatel/oem7/fix,/novatel/oem7/fix,/novatel/oem7/inspva,39.663,-75.756,-1.801031578,0.002712220,-0.000400730,-0.000635331,0.002636758,-0.000400730,,0,
1786043623987835232,1786043623.985582057,/novatel/oem7/odom,/novatel/oem7/fix,/novatel/oem7/odom,39.663,-75.756,-1.801031578,0.002713402,-0.000392647,0.002604097,-0.000762382,-0.000392647,,,
1786043623996157650,1786043623.995521184,/novatel/oem7/odom,/novatel/oem7/fix,/novatel/oem7/odom,39.663,-75.756,-1.801031578,0.002713402,-0.000392647,0.002604097,-0.000762382,-0.000392647,,,
1786043624008951938,1786043624.008461511,/novatel/oem7/inspva,/novatel/oem7/inspva,/novatel/oem7/inspva,39.663,-75.756,-1.801093110,0.001132992,-0.003409954,0.000157303,0.001122019,-0.003409954,,novatel_oem7_msgs.msg.InertialSolutionStatus(status=3),
1786043624010243788,1786043624.008656516,/novatel/oem7/fix,/novatel/oem7/fix,/novatel/oem7/inspva,39.663,-75.756,-1.801093110,0.001132992,-0.003409954,0.000157303,0.001122019,-0.003409954,,0,
1786043624012117306,1786043624.011260148,/novatel/oem7/odom,/novatel/oem7/fix,/novatel/oem7/odom,39.663,-75.756,-1.801093110,0.001146751,-0.003405352,0.001141403,0.000110621,-0.003405352,,,
1786043624016698271,1786043624.016049455,/novatel/oem7/odom,/novatel/oem7/fix,/novatel/oem7/odom,39.663,-75.756,-1.801093110,0.001146751,-0.003405352,0.001141403,0.000110621,-0.003405352,,,
1786043624025558904,1786043624.024963912,/novatel/oem7/bestpos,/novatel/oem7/bestpos,/novatel/oem7/odom,39.663,-75.756,33.181351240,0.001146751,-0.003405352,0.001141403,0.000110621,-0.003405352,,novatel_oem7_msgs.msg.SolutionStatus(status=0),novatel_oem7_msgs.msg.PositionOrVelocityType(type=53)
1786043624026950158,1786043624.026468423,/novatel/oem7/bestvel,/novatel/oem7/bestpos,/novatel/oem7/bestvel,39.663,-75.756,33.181351240,0.001474675,-0.003208125,,,,107.477138074,novatel_oem7_msgs.msg.SolutionStatus(status=0),novatel_oem7_msgs.msg.PositionOrVelocityType(type=53)
1786043624028339155,1786043624.026952698,/novatel/oem7/inspva,/novatel/oem7/inspva,/novatel/oem7/inspva,39.663,-75.756,-1.801130123,0.001092831,-0.003173435,-0.000283475,0.001055425,-0.003173435,,novatel_oem7_msgs.msg.InertialSolutionStatus(status=3),
1786043624029172590,1786043624.027097429,/novatel/oem7/fix,/novatel/oem7/fix,/novatel/oem7/inspva,39.663,-75.756,-1.801130123,0.001092831,-0.003173435,-0.000283475,0.001055425,-0.003173435,,0,
1786043624030181083,1786043624.027699432,/novatel/oem7/odom,/novatel/oem7/fix,/novatel/oem7/odom,39.663,-75.756,-1.801130123,0.001101980,-0.003170270,0.001052367,-0.000326928,-0.003170270,,,
1786043624035356613,1786043624.034698180,/novatel/oem7/odom,/novatel/oem7/fix,/novatel/oem7/odom,39.663,-75.756,-1.801130123,0.001101980,-0.003170270,0.001052367,-0.000326928,-0.003170270,,,
1786043624046664534,1786043624.046118501,/novatel/oem7/inspva,/novatel/oem7/inspva,/novatel/oem7/inspva,39.663,-75.756,-1.801119030,0.003140822,-0.000308473,-0.001195475,0.002904411,-0.000308473,,novatel_oem7_msgs.msg.InertialSolutionStatus(status=3),
1786043624048045124,1786043624.046260253,/novatel/oem7/fix,/novatel/oem7/fix,/novatel/oem7/inspva,39.663,-75.756,-1.801119030,0.003140822,-0.000308473,-0.001195475,0.002904411,-0.000308473,,0,
1786043624049100754,1786043624.046757318,/novatel/oem7/odom,/novatel/oem7/fix,/novatel/oem7/odom,39.663,-75.756,-1.801119030,0.003141561,-0.000300850,0.002843725,-0.001335154,-0.000300850,,,
1786043624057245787,1786043624.056572220,/novatel/oem7/odom,/novatel/oem7/fix,/novatel/oem7/odom,39.663,-75.756,-1.801119030,0.003141561,-0.000300850,0.002843725,-0.001335154,-0.000300850,,,
1786043624065794284,1786043624.065221165,/novatel/oem7/inspva,/novatel/oem7/inspva,/novatel/oem7/inspva,39.663,-75.756,-1.801116347,0.002586100,-0.000080950,-0.000703135,0.002488677,-0.000080950,,novatel_oem7_msgs.msg.InertialSolutionStatus(status=3),
1786043624067129501,1786043624.065376696,/novatel/oem7/fix,/novatel/oem7/fix,/novatel/oem7/inspva,39.663,-75.756,-1.801116347,0.002586100,-0.000080950,-0.000703135,0.002488677,-0.000080950,,0,
1786043624068201181,1786043624.065809368,/novatel/oem7/odom,/novatel/oem7/fix,/novatel/oem7/odom,39.663,-75.756,-1.801116347,0.002586321,-0.000073542,0.002451659,-0.000823665,-0.000073542,,,
1786043624075305120,1786043624.074590450,/novatel/oem7/odom,/novatel/oem7/fix,/novatel/oem7/odom,39.663,-75.756,-1.801116347,0.002586321,-0.000073542,0.002451659,-0.000823665,-0.000073542,,,
1786043624087444116,1786043624.086851223,/novatel/oem7/inspva,/novatel/oem7/inspva,/novatel/oem7/inspva,39.663,-75.756,-1.801131217,0.001792027,-0.002334759,0.000712598,0.001644252,-0.002334759,,novatel_oem7_msgs.msg.InertialSolutionStatus(status=3),
1786043624088115635,1786043624.087046911,/novatel/oem7/fix,/novatel/oem7/fix,/novatel/oem7/inspva,39.663,-75.756,-1.801131217,0.001792027,-0.002334759,0.000712598,0.001644252,-0.002334759,,0,
1786043624088628982,1786043624.087711855,/novatel/oem7/odom,/novatel/oem7/fix,/novatel/oem7/odom,39.663,-75.756,-1.801131217,0.001802387,-0.002326770,0.001686011,0.000637153,-0.002326770,,,
1786043624095904415,1786043624.095552301,/novatel/oem7/odom,/novatel/oem7/fix,/novatel/oem7/odom,39.663,-75.756,-1.801131217,0.001802387,-0.002326770,0.001686011,0.000637153,-0.002326770,,,
1786043624106323140,1786043624.105867392,/novatel/oem7/inspva,/novatel/oem7/inspva,/novatel/oem7/inspva,39.663,-75.756,-1.801127404,0.001630834,-0.002466864,0.000327499,0.001597612,-0.002466864,,novatel_oem7_msgs.msg.InertialSolutionStatus(status=3),
1786043624106945929,1786043624.106004167,/novatel/oem7/fix,/novatel/oem7/fix,/novatel/oem7/inspva,39.663,-75.756,-1.801127404,0.001630834,-0.002466864,0.000327499,0.001597612,-0.002466864,,0,
1786043624107520309,1786043624.106555046,/novatel/oem7/odom,/novatel/oem7/fix,/novatel/oem7/odom,39.663,-75.756,-1.801127404,0.001641093,-0.002460051,0.001621144,0.000255105,-0.002460051,,,
1786043624110015628,1786043624.109690619,/novatel/oem7/bestpos,/novatel/oem7/bestpos,/novatel/oem7/odom,39.663,-75.756,33.181315202,0.001641093,-0.002460051,0.001621144,0.000255105,-0.002460051,,novatel_oem7_msgs.msg.SolutionStatus(status=0),novatel_oem7_msgs.msg.PositionOrVelocityType(type=53)
1786043624110848615,1786043624.110505414,/novatel/oem7/bestvel,/novatel/oem7/bestpos,/novatel/oem7/bestvel,39.663,-75.756,33.181315202,0.001902898,-0.002579780,,,,81.901189644,novatel_oem7_msgs.msg.SolutionStatus(status=0),novatel_oem7_msgs.msg.PositionOrVelocityType(type=53)
1786043624115988575,1786043624.115626560,/novatel/oem7/odom,/novatel/oem7/bestpos,/novatel/oem7/odom,39.663,-75.756,33.181315202,0.001641093,-0.002460051,0.001621144,0.000255105,-0.002460051,,,
1786043624125566059,1786043624.125275382,/novatel/oem7/inspva,/novatel/oem7/inspva,/novatel/oem7/inspva,39.663,-75.756,-1.801114095,0.003457360,-0.001216269,-0.001692223,0.003014917,-0.001216269,,novatel_oem7_msgs.msg.InertialSolutionStatus(status=3),
1786043624126158512,1786043624.125416376,/novatel/oem7/fix,/novatel/oem7/fix,/novatel/oem7/inspva,39.663,-75.756,-1.801114095,0.003457360,-0.001216269,-0.001692223,0.003014917,-0.001216269,,0,
1786043624126853085,1786043624.126185844,/novatel/oem7/odom,/novatel/oem7/fix,/novatel/oem7/odom,39.663,-75.756,-1.801114095,0.003459688,-0.001209631,0.002933308,-0.001834434,-0.001209631,,,
1786043624135216468,1786043624.134882432,/novatel/oem7/odom,/novatel/oem7/fix,/novatel/oem7/odom,39.663,-75.756,-1.801114095,0.003459688,-0.001209631,0.002933308,-0.001834434,-0.001209631,,,
1786043624146323700,1786043624.146054625,/novatel/oem7/inspva,/novatel/oem7/inspva,/novatel/oem7/inspva,39.663,-75.756,-1.801102973,0.003087057,-0.000372778,-0.001096720,0.002885676,-0.000372778,,novatel_oem7_msgs.msg.InertialSolutionStatus(status=3),
1786043624146911899,1786043624.146187336,/novatel/oem7/fix,/novatel/oem7/fix,/novatel/oem7/inspva,39.663,-75.756,-1.801102973,0.003087057,-0.000372778,-0.001096720,0.002885676,-0.000372778,,0,
1786043624147439670,1786043624.146613010,/novatel/oem7/odom,/novatel/oem7/fix,/novatel/oem7/odom,39.663,-75.756,-1.801102973,0.003087991,-0.000364961,0.002830089,-0.001235429,-0.000364961,,,
1786043624156372639,1786043624.155969598,/novatel/oem7/odom,/novatel/oem7/fix,/novatel/oem7/odom,39.663,-75.756,-1.801102973,0.003087991,-0.000364961,0.002830089,-0.001235429,-0.000364961,,,
1786043624165677218,1786043624.165351530,/novatel/oem7/inspva,/novatel/oem7/inspva,/novatel/oem7/inspva,39.663,-75.756,-1.801108232,0.001893641,-0.001202255,0.001236767,0.001433975,-0.001202255,,novatel_oem7_msgs.msg.InertialSolutionStatus(status=3),
1786043624166282413,1786043624.165514182,/novatel/oem7/fix,/novatel/oem7/fix,/novatel/oem7/inspva,39.663,-75.756,-1.801108232,0.001893641,-0.001202255,0.001236767,0.001433975,-0.001202255,,0,
1786043624166973527,1786043624.166159661,/novatel/oem7/odom,/novatel/oem7/fix,/novatel/oem7/odom,39.663,-75.756,-1.801108232,0.001899083,-0.001193640,0.001497272,0.001168200,-0.001193640,,,
1786043624176201625,1786043624.175837092,/novatel/oem7/odom,/novatel/oem7/fix,/novatel/oem7/odom,39.663,-75.756,-1.801108232,0.001899083,-0.001193640,0.001497272,0.001168200,-0.001193640,,,
1786043624185815820,1786043624.185453783,/novatel/oem7/inspva,/novatel/oem7/inspva,/novatel/oem7/inspva,39.663,-75.756,-1.801110333,0.002006146,-0.002349532,0.000854820,0.001814912,-0.002349532,,novatel_oem7_msgs.msg.InertialSolutionStatus(status=3),
1786043624186430424,1786043624.185599374,/novatel/oem7/fix,/novatel/oem7/fix,/novatel/oem7/inspva,39.663,-75.756,-1.801110333,0.002006146,-0.002349532,0.000854820,0.001814912,-0.002349532,,0,
1786043624186916621,1786043624.185974555,/novatel/oem7/odom,/novatel/oem7/fix,/novatel/oem7/odom,39.663,-75.756,-1.801110333,0.002016642,-0.002340530,0.001863472,0.000770920,-0.002340530,,,
1786043624195040422,1786043624.194568892,/novatel/oem7/odom,/novatel/oem7/fix,/novatel/oem7/odom,39.663,-75.756,-1.801110333,0.002016642,-0.002340530,0.001863472,0.000770920,-0.002340530,,,
1786043624206867888,1786043624.206482132,/novatel/oem7/inspva,/novatel/oem7/inspva,/novatel/oem7/inspva,39.663,-75.756,-1.801114182,0.003020659,-0.002173097,-0.000941763,0.002870098,-0.002173097,,novatel_oem7_msgs.msg.InertialSolutionStatus(status=3),
1786043624207582119,1786043624.206623299,/novatel/oem7/fix,/novatel/oem7/fix,/novatel/oem7/inspva,39.663,-75.756,-1.801114182,0.003020659,-0.002173097,-0.000941763,0.002870098,-0.002173097,,0,
1786043624208096339,1786043624.207141838,/novatel/oem7/odom,/novatel/oem7/fix,/novatel/oem7/odom,39.663,-75.756,-1.801114182,0.003026508,-0.002164943,0.002828975,-0.001075475,-0.002164943,,,
1786043624210820840,1786043624.210288115,/novatel/oem7/bestpos,/novatel/oem7/bestpos,/novatel/oem7/odom,39.663,-75.756,33.181330786,0.003026508,-0.002164943,0.002828975,-0.001075475,-0.002164943,,novatel_oem7_msgs.msg.SolutionStatus(status=0),novatel_oem7_msgs.msg.PositionOrVelocityType(type=53)
1786043624211627691,1786043624.210819014,/novatel/oem7/bestvel,/novatel/oem7/bestpos,/novatel/oem7/bestvel,39.663,-75.756,33.181330786,0.002426854,-0.001873205,,,,111.989374839,novatel_oem7_msgs.msg.SolutionStatus(status=0),novatel_oem7_msgs.msg.PositionOrVelocityType(type=53)
1786043624215692698,1786043624.215312468,/novatel/oem7/odom,/novatel/oem7/bestpos,/novatel/oem7/odom,39.663,-75.756,33.181330786,0.003026508,-0.002164943,0.002828975,-0.001075475,-0.002164943,,,
1786043624225519645,1786043624.225046969,/novatel/oem7/inspva,/novatel/oem7/inspva,/novatel/oem7/inspva,39.663,-75.756,-1.801106417,0.002866327,-0.001546551,-0.000975257,0.002695312,-0.001546551,,novatel_oem7_msgs.msg.InertialSolutionStatus(status=3),
1786043624226121124,1786043624.225196665,/novatel/oem7/fix,/novatel/oem7/fix,/novatel/oem7/inspva,39.663,-75.756,-1.801106417,0.002866327,-0.001546551,-0.000975257,0.002695312,-0.001546551,,0,
1786043624226611385,1786043624.225617932,/novatel/oem7/odom,/novatel/oem7/fix,/novatel/oem7/odom,39.663,-75.756,-1.801106417,0.002870320,-0.001539127,0.002650372,-0.001101938,-0.001539127,,,
1786043624236050696,1786043624.235648887,/novatel/oem7/odom,/novatel/oem7/fix,/novatel/oem7/odom,39.663,-75.756,-1.801106417,0.002870320,-0.001539127,0.002650372,-0.001101938,-0.001539127,,,
1786043624245901918,1786043624.245591837,/novatel/oem7/inspva,/novatel/oem7/inspva,/novatel/oem7/inspva,39.663,-75.756,-1.801108081,0.001971662,-0.000566240,0.001274705,0.001504187,-0.000566240,,novatel_oem7_msgs.msg.InertialSolutionStatus(status=3),
1786043624247078848,1786043624.245745735,/novatel/oem7/fix,/novatel/oem7/fix,/novatel/oem7/inspva,39.663,-75.756,-1.801108081,0.001971662,-0.000566240,0.001274705,0.001504187,-0.000566240,,0,
1786043624247952784,1786043624.246374658,/novatel/oem7/odom,/novatel/oem7/fix,/novatel/oem7/odom,39.663,-75.756,-1.801108081,0.001974214,-0.000557278,0.001566806,0.001201099,-0.000557278,,,
1786043624256876755,1786043624.256518911,/novatel/oem7/odom,/novatel/oem7/fix,/novatel/oem7/odom,39.663,-75.756,-1.801108081,0.001974214,-0.000557278,0.001566806,0.001201099,-0.000557278,,,
1786043624266576405,1786043624.266130491,/novatel/oem7/inspva,/novatel/oem7/inspva,/novatel/oem7/inspva,39.663,-75.756,-1.801119604,0.001867055,-0.002187091,0.000999347,0.001577087,-0.002187091,,novatel_oem7_msgs.msg.InertialSolutionStatus(status=3),
1786043624267274536,1786043624.266307123,/novatel/oem7/fix,/novatel/oem7/fix,/novatel/oem7/inspva,39.663,-75.756,-1.801119604,0.001867055,-0.002187091,0.000999347,0.001577087,-0.002187091,,0,
1786043624267805898,1786043624.266755414,/novatel/oem7/odom,/novatel/oem7/fix,/novatel/oem7/odom,39.663,-75.756,-1.801119604,0.001876991,-0.002178570,0.001632420,0.000926445,-0.002178570,,,
1786043624275068544,1786043624.274609267,/novatel/oem7/odom,/novatel/oem7/fix,/novatel/oem7/odom,39.663,-75.756,-1.801119604,0.001876991,-0.002178570,0.001632420,0.000926445,-0.002178570,,,
1786043624285783659,1786043624.285490724,/novatel/oem7/inspva,/novatel/oem7/inspva,/novatel/oem7/inspva,39.663,-75.756,-1.801130032,0.001912510,-0.002621955,0.000247958,0.001896368,-0.002621955,,novatel_oem7_msgs.msg.InertialSolutionStatus(status=3),
1786043624286385674,1786043624.285655471,/novatel/oem7/fix,/novatel/oem7/fix,/novatel/oem7/inspva,39.663,-75.756,-1.801130032,0.001912510,-0.002621955,0.000247958,0.001896368,-0.002621955,,0,
1786043624287121747,1786043624.286382599,/novatel/oem7/odom,/novatel/oem7/fix,/novatel/oem7/odom,39.663,-75.756,-1.801130032,0.001922953,-0.002614306,0.001916165,0.000161436,-0.002614306,,,
1786043624296277585,1786043624.295613833,/novatel/oem7/odom,/novatel/oem7/fix,/novatel/oem7/odom,39.663,-75.756,-1.801130032,0.001922953,-0.002614306,0.001916165,0.000161436,-0.002614306,,,
1786043624306349400,1786043624.305890009,/novatel/oem7/inspva,/novatel/oem7/inspva,/novatel/oem7/inspva,39.663,-75.756,-1.801123904,0.002586534,-0.001732804,-0.000462676,0.002544816,-0.001732804,,novatel_oem7_msgs.msg.InertialSolutionStatus(status=3),
1786043624306980369,1786043624.306045441,/novatel/oem7/fix,/novatel/oem7/fix,/novatel/oem7/inspva,39.663,-75.756,-1.801123904,0.002586534,-0.001732804,-0.000462676,0.002544816,-0.001732804,,0,
1786043624307560401,1786043624.306525129,/novatel/oem7/odom,/novatel/oem7/fix,/novatel/oem7/odom,39.663,-75.756,-1.801123904,0.002591981,-0.001724645,0.002525757,-0.000582167,-0.001724645,,,
1786043624310128281,1786043624.309763141,/novatel/oem7/bestpos,/novatel/oem7/bestpos,/novatel/oem7/odom,39.663,-75.756,33.181331144,0.002591981,-0.001724645,0.002525757,-0.000582167,-0.001724645,,novatel_oem7_msgs.msg.SolutionStatus(status=0),novatel_oem7_msgs.msg.PositionOrVelocityType(type=53)
1786043624311029109,1786043624.310640633,/novatel/oem7/bestvel,/novatel/oem7/bestpos,/novatel/oem7/bestvel,39.663,-75.756,33.181331144,0.001590126,-0.001276423,,,,103.256423962,novatel_oem7_msgs.msg.SolutionStatus(status=0),novatel_oem7_msgs.msg.PositionOrVelocityType(type=53)
1786043624314920950,1786043624.314544791,/novatel/oem7/odom,/novatel/oem7/bestpos,/novatel/oem7/odom,39.663,-75.756,33.181331144,0.002591981,-0.001724645,0.002525757,-0.000582167,-0.001724645,,,
1786043624326967594,1786043624.326660016,/novatel/oem7/inspva,/novatel/oem7/inspva,/novatel/oem7/inspva,39.663,-75.756,-1.801120901,0.002248926,-0.000435979,0.000550202,0.002180584,-0.000435979,,novatel_oem7_msgs.msg.InertialSolutionStatus(status=3),
1786043624327683307,1786043624.326821651,/novatel/oem7/fix,/novatel/oem7/fix,/novatel/oem7/inspva,39.663,-75.756,-1.801120901,0.002248926,-0.000435979,0.000550202,0.002180584,-0.000435979,,0,
1786043624328198550,1786043624.327339526,/novatel/oem7/odom,/novatel/oem7/fix,/novatel/oem7/odom,39.663,-75.756,-1.801120901,0.002250769,-0.000426363,0.002206515,0.000444131,-0.000426363,,,
1786043624336031749,1786043624.335635187,/novatel/oem7/odom,/novatel/oem7/fix,/novatel/oem7/odom,39.663,-75.756,-1.801120901,0.002250769,-0.000426363,0.002206515,0.000444131,-0.000426363,,,
1786043624346464013,1786043624.345211003,/novatel/oem7/inspva,/novatel/oem7/inspva,/novatel/oem7/inspva,39.663,-75.756,-1.801134124,0.002164002,-0.001103663,0.001124769,0.001848730,-0.001103663,,novatel_oem7_msgs.msg.InertialSolutionStatus(status=3),
1786043624347293962,1786043624.345479840,/novatel/oem7/fix,/novatel/oem7/fix,/novatel/oem7/inspva,39.663,-75.756,-1.801134124,0.002164002,-0.001103663,0.001124769,0.001848730,-0.001103663,,0,
1786043624347839165,1786043624.345799605,/novatel/oem7/odom,/novatel/oem7/fix,/novatel/oem7/odom,39.663,-75.756,-1.801134124,0.002168969,-0.001093870,0.001905625,0.001035866,-0.001093870,,,
1786043624356114546,1786043624.355742920,/novatel/oem7/odom,/novatel/oem7/fix,/novatel/oem7/odom,39.663,-75.756,-1.801134124,0.002168969,-0.001093870,0.001905625,0.001035866,-0.001093870,,,
1786043624366108011,1786043624.365441038,/novatel/oem7/inspva,/novatel/oem7/inspva,/novatel/oem7/inspva,39.663,-75.756,-1.801162310,0.002841548,-0.003652460,0.000295262,0.002826166,-0.003652460,,novatel_oem7_msgs.msg.InertialSolutionStatus(status=3),
1786043624367682350,1786043624.365644000,/novatel/oem7/fix,/novatel/oem7/fix,/novatel/oem7/inspva,39.663,-75.756,-1.801162310,0.002841548,-0.003652460,0.000295262,0.002826166,-0.003652460,,0,
1786043624368767277,1786043624.366522248,/novatel/oem7/odom,/novatel/oem7/fix,/novatel/oem7/odom,39.663,-75.756,-1.801162310,0.002855777,-0.003641346,0.002850961,0.000165789,-0.003641346,,,
1786043624375662041,1786043624.374803552,/novatel/oem7/odom,/novatel/oem7/fix,/novatel/oem7/odom,39.663,-75.756,-1.801162310,0.002855777,-0.003641346,0.002850961,0.000165789,-0.003641346,,,
1786043624386656542,1786043624.385935478,/novatel/oem7/inspva,/novatel/oem7/inspva,/novatel/oem7/inspva,39.663,-75.756,-1.801153311,0.001781903,-0.002338914,-0.000171005,0.001773679,-0.002338914,,novatel_oem7_msgs.msg.InertialSolutionStatus(status=3),
1786043624388047766,1786043624.386138667,/novatel/oem7/fix,/novatel/oem7/fix,/novatel/oem7/inspva,39.663,-75.756,-1.801153311,0.001781903,-0.002338914,-0.000171005,0.001773679,-0.002338914,,0,
1786043624389122549,1786043624.386535871,/novatel/oem7/odom,/novatel/oem7/fix,/novatel/oem7/odom,39.663,-75.756,-1.801153311,0.001789877,-0.002332817,0.001772085,-0.000251744,-0.002332817,,,
1786043624395638560,1786043624.394808215,/novatel/oem7/odom,/novatel/oem7/fix,/novatel/oem7/odom,39.663,-75.756,-1.801153311,0.001789877,-0.002332817,0.001772085,-0.000251744,-0.002332817,,,
1786043624407010931,1786043624.406263854,/novatel/oem7/inspva,/novatel/oem7/inspva,/novatel/oem7/inspva,39.663,-75.756,-1.801146220,0.003733912,-0.000388872,-0.000131021,0.003731613,-0.000388872,,novatel_oem7_msgs.msg.InertialSolutionStatus(status=3),
1786043624408850472,1786043624.406476232,/novatel/oem7/fix,/novatel/oem7/fix,/novatel/oem7/inspva,39.663,-75.756,-1.801146220,0.003733912,-0.000388872,-0.000131021,0.003731613,-0.000388872,,0,
1786043624410054854,1786043624.407071651,/novatel/oem7/odom,/novatel/oem7/fix,/novatel/oem7/odom,39.663,-75.756,-1.801146220,0.003735283,-0.000375477,0.003722221,-0.000312097,-0.000375477,,,
1786043624411601352,1786043624.410240075,/novatel/oem7/bestpos,/novatel/oem7/bestpos,/novatel/oem7/odom,39.663,-75.756,33.181311581,0.003735283,-0.000375477,0.003722221,-0.000312097,-0.000375477,,novatel_oem7_msgs.msg.SolutionStatus(status=0),novatel_oem7_msgs.msg.PositionOrVelocityType(type=53)
1786043624412567911,1786043624.410550842,/novatel/oem7/bestvel,/novatel/oem7/bestpos,/novatel/oem7/bestvel,39.663,-75.756,33.181311581,0.003671952,-0.000580523,,,,85.933794303,novatel_oem7_msgs.msg.SolutionStatus(status=0),novatel_oem7_msgs.msg.PositionOrVelocityType(type=53)
1786043624415618891,1786043624.414930228,/novatel/oem7/odom,/novatel/oem7/bestpos,/novatel/oem7/odom,39.663,-75.756,33.181311581,0.003735283,-0.000375477,0.003722221,-0.000312097,-0.000375477,,,
1786043624426537172,1786043624.426002629,/novatel/oem7/inspva,/novatel/oem7/inspva,/novatel/oem7/inspva,39.663,-75.756,-1.801151508,0.002424658,-0.000449088,-0.000033691,0.002424424,-0.000449088,,novatel_oem7_msgs.msg.InertialSolutionStatus(status=3),
1786043624427855938,1786043624.426167111,/novatel/oem7/fix,/novatel/oem7/fix,/novatel/oem7/inspva,39.663,-75.756,-1.801151508,0.002424658,-0.000449088,-0.000033691,0.002424424,-0.000449088,,0,
1786043624428904418,1786043624.426626262,/novatel/oem7/odom,/novatel/oem7/fix,/novatel/oem7/odom,39.663,-75.756,-1.801151508,0.002426296,-0.000440154,0.002421597,-0.000150931,-0.000440154,,,
1786043624435105022,1786043624.434452745,/novatel/oem7/odom,/novatel/oem7/fix,/novatel/oem7/odom,39.663,-75.756,-1.801151508,0.002426296,-0.000440154,0.002421597,-0.000150931,-0.000440154,,,
1786043624445825403,1786043624.445279501,/novatel/oem7/inspva,/novatel/oem7/inspva,/novatel/oem7/inspva,39.663,-75.756,-1.801183984,0.002129160,-0.003173736,0.001017101,0.001870515,-0.003173736,,novatel_oem7_msgs.msg.InertialSolutionStatus(status=3),
1786043624447193489,1786043624.445472350,/novatel/oem7/fix,/novatel/oem7/fix,/novatel/oem7/inspva,39.663,-75.756,-1.801183984,0.002129160,-0.003173736,0.001017101,0.001870515,-0.003173736,,0,
1786043624448276827,1786043624.446024187,/novatel/oem7/odom,/novatel/oem7/fix,/novatel/oem7/odom,39.663,-75.756,-1.801183984,0.002143292,-0.003164208,0.001929903,0.000932296,-0.003164208,,,
1786043624457192357,1786043624.456530031,/novatel/oem7/odom,/novatel/oem7/fix,/novatel/oem7/odom,39.663,-75.756,-1.801183984,0.002143292,-0.003164208,0.001929903,0.000932296,-0.003164208,,,
1786043624465605236,1786043624.465060674,/novatel/oem7/inspva,/novatel/oem7/inspva,/novatel/oem7/inspva,39.663,-75.756,-1.801182278,0.002449842,-0.002867330,0.000059396,0.002449122,-0.002867330,,novatel_oem7_msgs.msg.InertialSolutionStatus(status=3),
1786043624466976513,1786043624.465228603,/novatel/oem7/fix,/novatel/oem7/fix,/novatel/oem7/inspva,39.663,-75.756,-1.801182278,0.002449842,-0.002867330,0.000059396,0.002449122,-0.002867330,,0,
1786043624468058140,1786043624.465678264,/novatel/oem7/odom,/novatel/oem7/fix,/novatel/oem7/odom,39.663,-75.756,-1.801182278,0.002460531,-0.002858163,0.002459953,-0.000053325,-0.002858163,,,
1786043624475347855,1786043624.474655162,/novatel/oem7/odom,/novatel/oem7/fix,/novatel/oem7/odom,39.663,-75.756,-1.801182278,0.002460531,-0.002858163,0.002459953,-0.000053325,-0.002858163,,,
1786043624487048556,1786043624.486524761,/novatel/oem7/inspva,/novatel/oem7/inspva,/novatel/oem7/inspva,39.663,-75.756,-1.801167279,0.003607809,-0.000240521,-0.000572920,0.003562028,-0.000240521,,novatel_oem7_msgs.msg.InertialSolutionStatus(status=3),
1786043624488372229,1786043624.486736183,/novatel/oem7/fix,/novatel/oem7/fix,/novatel/oem7/inspva,39.663,-75.756,-1.801167279,0.003607809,-0.000240521,-0.000572920,0.003562028,-0.000240521,,0,
1786043624489439796,1786043624.487225988,/novatel/oem7/odom,/novatel/oem7/fix,/novatel/oem7/odom,39.663,-75.756,-1.801167279,0.003608567,-0.000228856,0.003530699,-0.000745602,-0.000228856,,,
1786043624495382107,1786043624.494720451,/novatel/oem7/odom,/novatel/oem7/fix,/novatel/oem7/odom,39.663,-75.756,-1.801167279,0.003608567,-0.000228856,0.003530699,-0.000745602,-0.000228856,,,
1786043624506639054,1786043624.506066925,/novatel/oem7/inspva,/novatel/oem7/inspva,/novatel/oem7/inspva,39.663,-75.756,-1.801175908,0.003475062,-0.000633879,-0.000442626,0.003446758,-0.000633879,,novatel_oem7_msgs.msg.InertialSolutionStatus(status=3),
1786043624507980890,1786043624.506268723,/novatel/oem7/fix,/novatel/oem7/fix,/novatel/oem7/inspva,39.663,-75.756,-1.801175908,0.003475062,-0.000633879,-0.000442626,0.003446758,-0.000633879,,0,
1786043624509040041,1786043624.506762255,/novatel/oem7/odom,/novatel/oem7/fix,/novatel/oem7/odom,39.663,-75.756,-1.801175908,0.003477142,-0.000622372,0.003423423,-0.000608839,-0.000622372,,,
1786043624512124791,1786043624.511536412,/novatel/oem7/bestpos,/novatel/oem7/bestpos,/novatel/oem7/odom,39.663,-75.756,33.181282819,0.003477142,-0.000622372,0.003423423,-0.000608839,-0.000622372,,novatel_oem7_msgs.msg.SolutionStatus(status=0),novatel_oem7_msgs.msg.PositionOrVelocityType(type=53)
1786043624513571492,1786043624.512440437,/novatel/oem7/bestvel,/novatel/oem7/bestpos,/novatel/oem7/bestvel,39.663,-75.756,33.181282819,0.003162619,-0.000728073,,,,90.509818587,novatel_oem7_msgs.msg.SolutionStatus(status=0),novatel_oem7_msgs.msg.PositionOrVelocityType(type=53)
1786043624515585545,1786043624.514764698,/novatel/oem7/odom,/novatel/oem7/bestpos,/novatel/oem7/odom,39.663,-75.756,33.181282819,0.003477142,-0.000622372,0.003423423,-0.000608839,-0.000622372,,,
1786043624525804994,1786043624.525264869,/novatel/oem7/inspva,/novatel/oem7/inspva,/novatel/oem7/inspva,39.663,-75.756,-1.801206861,0.002332569,-0.002564126,0.001556625,0.001737181,-0.002564126,,novatel_oem7_msgs.msg.InertialSolutionStatus(status=3),
1786043624527168625,1786043624.525477868,/novatel/oem7/fix,/novatel/oem7/fix,/novatel/oem7/inspva,39.663,-75.756,-1.801206861,0.002332569,-0.002564126,0.001556625,0.001737181,-0.002564126,,0,
1786043624528243401,1786043624.525919099,/novatel/oem7/odom,/novatel/oem7/fix,/novatel/oem7/odom,39.663,-75.756,-1.801206861,0.002344062,-0.002553624,0.001820847,0.001476192,-0.002553624,,,
1786043624535554050,1786043624.534901400,/novatel/oem7/odom,/novatel/oem7/fix,/novatel/oem7/odom,39.663,-75.756,-1.801206861,0.002344062,-0.002553624,0.001820847,0.001476192,-0.002553624,,,
1786043624546662501,1786043624.546080932,/novatel/oem7/inspva,/novatel/oem7/inspva,/novatel/oem7/inspva,39.663,-75.756,-1.801216059,0.001526132,-0.002773981,0.000675595,0.001368449,-0.002773981,,novatel_oem7_msgs.msg.InertialSolutionStatus(status=3),
1786043624548029328,1786043624.546284421,/novatel/oem7/fix,/novatel/oem7/fix,/novatel/oem7/inspva,39.663,-75.756,-1.801216059,0.001526132,-0.002773981,0.000675595,0.001368449,-0.002773981,,0,
1786043624549108762,1786043624.546712019,/novatel/oem7/odom,/novatel/oem7/fix,/novatel/oem7/odom,39.663,-75.756,-1.801216059,0.001538405,-0.002767194,0.001410253,0.000614715,-0.002767194,,,
1786043624556399066,1786043624.555722454,/novatel/oem7/odom,/novatel/oem7/fix,/novatel/oem7/odom,39.663,-75.756,-1.801216059,0.001538405,-0.002767194,0.001410253,0.000614715,-0.002767194,,,
1786043624565795295,1786043624.565255093,/novatel/oem7/inspva,/novatel/oem7/inspva,/novatel/oem7/inspva,39.663,-75.756,-1.801209738,0.003590706,-0.000963159,-0.001154161,0.003400159,-0.000963159,,novatel_oem7_msgs.msg.InertialSolutionStatus(status=3),
1786043624567173002,1786043624.565483375,/novatel/oem7/fix,/novatel/oem7/fix,/novatel/oem7/inspva,39.663,-75.756,-1.801209738,0.003590706,-0.000963159,-0.001154161,0.003400159,-0.000963159,,0,
1786043624568253692,1786043624.565817138,/novatel/oem7/odom,/novatel/oem7/fix,/novatel/oem7/odom,39.663,-75.756,-1.801209738,0.003593206,-0.000953791,0.003343341,-0.001316510,-0.000953791,,,
1786043624576230480,1786043624.575610399,/novatel/oem7/odom,/novatel/oem7/fix,/novatel/oem7/odom,39.663,-75.756,-1.801209738,0.003593206,-0.000953791,0.003343341,-0.001316510,-0.000953791,,,
1786043624585556918,1786043624.585026096,/novatel/oem7/inspva,/novatel/oem7/inspva,/novatel/oem7/inspva,39.663,-75.756,-1.801208975,0.002951614,-0.000593750,-0.000926974,0.002802275,-0.000593750,,novatel_oem7_msgs.msg.InertialSolutionStatus(status=3),
1786043624586885011,1786043624.585221625,/novatel/oem7/fix,/novatel/oem7/fix,/novatel/oem7/inspva,39.663,-75.756,-1.801208975,0.002951614,-0.000593750,-0.000926974,0.002802275,-0.000593750,,0,
1786043624587947065,1786043624.585737013,/novatel/oem7/odom,/novatel/oem7/fix,/novatel/oem7/odom,39.663,-75.756,-1.801208975,0.002953193,-0.000585847,0.002755916,-0.001061260,-0.000585847,,,
1786043624595141902,1786043624.594458658,/novatel/oem7/odom,/novatel/oem7/fix,/novatel/oem7/odom,39.663,-75.756,-1.801208975,0.002953193,-0.000585847,0.002755916,-0.001061260,-0.000585847,,,
1786043624606970234,1786043624.606417739,/novatel/oem7/inspva,/novatel/oem7/inspva,/novatel/oem7/inspva,39.663,-75.756,-1.801232508,0.002111816,-0.001747639,0.000627453,0.002016450,-0.001747639,,novatel_oem7_msgs.msg.InertialSolutionStatus(status=3),
1786043624608294303,1786043624.606652364,/novatel/oem7/fix,/novatel/oem7/fix,/novatel/oem7/inspva,39.663,-75.756,-1.801232508,0.002111816,-0.001747639,0.000627453,0.002016450,-0.001747639,,0,
1786043624609350857,1786043624.607256119,/novatel/oem7/odom,/novatel/oem7/fix,/novatel/oem7/odom,39.663,-75.756,-1.801232508,0.002119268,-0.001738595,0.002051269,0.000532536,-0.001738595,,,
1786043624611242306,1786043624.610532092,/novatel/oem7/bestpos,/novatel/oem7/bestpos,/novatel/oem7/odom,39.663,-75.756,33.181234894,0.002119268,-0.001738595,0.002051269,0.000532536,-0.001738595,,novatel_oem7_msgs.msg.SolutionStatus(status=0),novatel_oem7_msgs.msg.PositionOrVelocityType(type=53)
1786043624612684563,1786043624.611035620,/novatel/oem7/bestvel,/novatel/oem7/bestpos,/novatel/oem7/bestvel,39.663,-75.756,33.181234894,0.002432258,-0.001951898,,,,73.210440440,novatel_oem7_msgs.msg.SolutionStatus(status=0),novatel_oem7_msgs.msg.PositionOrVelocityType(type=53)
1786043624615686659,1786043624.615010405,/novatel/oem7/odom,/novatel/oem7/bestpos,/novatel/oem7/odom,39.663,-75.756,33.181234894,0.002119268,-0.001738595,0.002051269,0.000532536,-0.001738595,,,
1786043624625782644,1786043624.625089124,/novatel/oem7/inspva,/novatel/oem7/inspva,/novatel/oem7/inspva,39.663,-75.756,-1.801242210,0.001855779,-0.001666359,0.000589256,0.001759742,-0.001666359,,novatel_oem7_msgs.msg.InertialSolutionStatus(status=3),
1786043624627154321,1786043624.625302959,/novatel/oem7/fix,/novatel/oem7/fix,/novatel/oem7/inspva,39.663,-75.756,-1.801242210,0.001855779,-0.001666359,0.000589256,0.001759742,-0.001666359,,0,
1786043624628239325,1786043624.625802494,/novatel/oem7/odom,/novatel/oem7/fix,/novatel/oem7/odom,39.663,-75.756,-1.801242210,0.001862939,-0.001658350,0.001792704,0.000506708,-0.001658350,,,
1786043624635645194,1786043624.634956914,/novatel/oem7/odom,/novatel/oem7/fix,/novatel/oem7/odom,39.663,-75.756,-1.801242210,0.001862939,-0.001658350,0.001792704,0.000506708,-0.001658350,,,
1786043624645974838,1786043624.645439860,/novatel/oem7/inspva,/novatel/oem7/inspva,/novatel/oem7/inspva,39.663,-75.756,-1.801254116,0.002987121,-0.002387491,-0.001124890,0.002767221,-0.002387491,,novatel_oem7_msgs.msg.InertialSolutionStatus(status=3),
1786043624647327818,1786043624.645654058,/novatel/oem7/fix,/novatel/oem7/fix,/novatel/oem7/inspva,39.663,-75.756,-1.801254116,0.002987121,-0.002387491,-0.001124890,0.002767221,-0.002387491,,0,
1786043624648407962,1786043624.646208654,/novatel/oem7/odom,/novatel/oem7/fix,/novatel/oem7/odom,39.663,-75.756,-1.801254116,0.002992792,-0.002380379,0.002717932,-0.001252856,-0.002380379,,,
1786043624657006939,1786043624.656329613,/novatel/oem7/odom,/novatel/oem7/fix,/novatel/oem7/odom,39.663,-75.756,-1.801254116,0.002992792,-0.002380379,0.002717932,-0.001252856,-0.002380379,,,
1786043624666696501,1786043624.666121958,/novatel/oem7/inspva,/novatel/oem7/inspva,/novatel/oem7/inspva,39.663,-75.756,-1.801244417,0.002547785,-0.000954361,-0.000816930,0.002413262,-0.000954361,,novatel_oem7_msgs.msg.InertialSolutionStatus(status=3),
1786043624668059417,1786043624.666328744,/novatel/oem7/fix,/novatel/oem7/fix,/novatel/oem7/inspva,39.663,-75.756,-1.801244417,0.002547785,-0.000954361,-0.000816930,0.002413262,-0.000954361,,0,
1786043624669163085,1786043624.666859719,/novatel/oem7/odom,/novatel/oem7/fix,/novatel/oem7/odom,39.663,-75.756,-1.801244417,0.002550279,-0.000947676,0.002374091,-0.000931459,-0.000947676,,,
1786043624675355072,1786043624.674690602,/novatel/oem7/odom,/novatel/oem7/fix,/novatel/oem7/odom,39.663,-75.756,-1.801244417,0.002550279,-0.000947676,0.002374091,-0.000931459,-0.000947676,,,
1786043624685839668,1786043624.685309479,/novatel/oem7/inspva,/novatel/oem7/inspva,/novatel/oem7/inspva,39.663,-75.756,-1.801259370,0.002519688,-0.000996382,0.000174437,0.002513643,-0.000996382,,novatel_oem7_msgs.msg.InertialSolutionStatus(status=3),
1786043624687198101,1786043624.685531875,/novatel/oem7/fix,/novatel/oem7/fix,/novatel/oem7/inspva,39.663,-75.756,-1.801259370,0.002519688,-0.000996382,0.000174437,0.002513643,-0.000996382,,0,
1786043624688279142,1786043624.686153474,/novatel/oem7/odom,/novatel/oem7/fix,/novatel/oem7/odom,39.663,-75.756,-1.801259370,0.002523524,-0.000986627,0.002522947,0.000053953,-0.000986627,,,
1786043624696343360,1786043624.695696154,/novatel/oem7/odom,/novatel/oem7/fix,/novatel/oem7/odom,39.663,-75.756,-1.801259370,0.002523524,-0.000986627,0.002522947,0.000053953,-0.000986627,,,
1786043624706409326,1786043624.705898531,/novatel/oem7/inspva,/novatel/oem7/inspva,/novatel/oem7/inspva,39.663,-75.756,-1.801273374,0.002846653,-0.001185180,0.000515736,0.002799544,-0.001185180,,novatel_oem7_msgs.msg.InertialSolutionStatus(status=3),
1786043624707755265,1786043624.706090833,/novatel/oem7/fix,/novatel/oem7/fix,/novatel/oem7/inspva,39.663,-75.756,-1.801273374,0.002846653,-0.001185180,0.000515736,0.002799544,-0.001185180,,0,
1786043624708800595,1786043624.706513100,/novatel/oem7/odom,/novatel/oem7/fix,/novatel/oem7/odom,39.663,-75.756,-1.801273374,0.002851465,-0.001173554,0.002825848,0.000381359,-0.001173554,,,
1786043624710231759,1786043624.709444372,/novatel/oem7/bestpos,/novatel/oem7/bestpos,/novatel/oem7/odom,39.663,-75.756,33.181189545,0.002851465,-0.001173554,0.002825848,0.000381359,-0.001173554,,novatel_oem7_msgs.msg.SolutionStatus(status=0),novatel_oem7_msgs.msg.PositionOrVelocityType(type=53)
1786043624711649597,1786043624.710045514,/novatel/oem7/bestvel,/novatel/oem7/bestpos,/novatel/oem7/bestvel,39.663,-75.756,33.181189545,0.003277782,-0.001709748,,,,68.600935158,novatel_oem7_msgs.msg.SolutionStatus(status=0),novatel_oem7_msgs.msg.PositionOrVelocityType(type=53)
1786043624715135847,1786043624.714455771,/novatel/oem7/odom,/novatel/oem7/bestpos,/novatel/oem7/odom,39.663,-75.756,33.181189545,0.002851465,-0.001173554,0.002825848,0.000381359,-0.001173554,,,
1786043624727088964,1786043624.726539782,/novatel/oem7/inspva,/novatel/oem7/inspva,/novatel/oem7/inspva,39.663,-75.756,-1.801297595,0.003494383,-0.002679963,-0.000756994,0.003411403,-0.002679963,,novatel_oem7_msgs.msg.InertialSolutionStatus(status=3),
1786043624728442897,1786043624.726732850,/novatel/oem7/fix,/novatel/oem7/fix,/novatel/oem7/inspva,39.663,-75.756,-1.801297595,0.003494383,-0.002679963,-0.000756994,0.003411403,-0.002679963,,0,
1786043624729512278,1786043624.727098784,/novatel/oem7/odom,/novatel/oem7/fix,/novatel/oem7/odom,39.663,-75.756,-1.801297595,0.003502389,-0.002669492,0.003380458,-0.000916097,-0.002669492,,,
1786043624735573807,1786043624.734890864,/novatel/oem7/odom,/novatel/oem7/fix,/novatel/oem7/odom,39.663,-75.756,-1.801297595,0.003502389,-0.002669492,0.003380458,-0.000916097,-0.002669492,,,
1786043624745573428,1786043624.745029406,/novatel/oem7/inspva,/novatel/oem7/inspva,/novatel/oem7/inspva,39.663,-75.756,-1.801294276,0.002528087,-0.002222917,-0.000766407,0.002409116,-0.002222917,,novatel_oem7_msgs.msg.InertialSolutionStatus(status=3),
1786043624746925871,1786043624.745208991,/novatel/oem7/fix,/novatel/oem7/fix,/novatel/oem7/inspva,39.663,-75.756,-1.801294276,0.002528087,-0.002222917,-0.000766407,0.002409116,-0.002222917,,0,
1786043624747983932,1786043624.745540408,/novatel/oem7/odom,/novatel/oem7/fix,/novatel/oem7/odom,39.663,-75.756,-1.801294276,0.002534082,-0.002216080,0.002377213,-0.000877741,-0.002216080,,,
1786043624758139421,1786043624.756049731,/novatel/oem7/odom,/novatel/oem7/fix,/novatel/oem7/odom,39.663,-75.756,-1.801294276,0.002534082,-0.002216080,0.002377213,-0.000877741,-0.002216080,,,
1786043624765709938,1786043624.765168062,/novatel/oem7/inspva,/novatel/oem7/inspva,/novatel/oem7/inspva,39.663,-75.756,-1.801290543,0.003132266,0.000037357,-0.000308534,0.003117033,0.000037357,,novatel_oem7_msgs.msg.InertialSolutionStatus(status=3),
1786043624767126395,1786043624.765268022,/novatel/oem7/fix,/novatel/oem7/fix,/novatel/oem7/inspva,39.663,-75.756,-1.801290543,0.003132266,0.000037357,-0.000308534,0.003117033,0.000037357,,0,
1786043624768276606,1786043624.765970374,/novatel/oem7/odom,/novatel/oem7/fix,/novatel/oem7/odom,39.663,-75.756,-1.801290543,0.003132121,0.000047977,0.003098094,-0.000460432,0.000047977,,,
1786043624775858504,1786043624.775109253,/novatel/oem7/odom,/novatel/oem7/fix,/novatel/oem7/odom,39.663,-75.756,-1.801290543,0.003132121,0.000047977,0.003098094,-0.000460432,0.000047977,,,
1786043624786740450,1786043624.786139912,/novatel/oem7/inspva,/novatel/oem7/inspva,/novatel/oem7/inspva,39.663,-75.756,-1.801306217,0.003318395,-0.000320966,0.000410251,0.003292938,-0.000320966,,novatel_oem7_msgs.msg.InertialSolutionStatus(status=3),
1786043624788199018,1786043624.786229625,/novatel/oem7/fix,/novatel/oem7/fix,/novatel/oem7/inspva,39.663,-75.756,-1.801306217,0.003318395,-0.000320966,0.000410251,0.003292938,-0.000320966,,0,
1786043624789339542,1786043624.786922158,/novatel/oem7/odom,/novatel/oem7/fix,/novatel/oem7/odom,39.663,-75.756,-1.801306217,0.003319646,-0.000307752,0.003310235,0.000249796,-0.000307752,,,
1786043624795219149,1786043624.794527203,/novatel/oem7/odom,/novatel/oem7/fix,/novatel/oem7/odom,39.663,-75.756,-1.801306217,0.003319646,-0.000307752,0.003310235,0.000249796,-0.000307752,,,
1786043624807107752,1786043624.806547407,/novatel/oem7/inspva,/novatel/oem7/inspva,/novatel/oem7/inspva,39.663,-75.756,-1.801334258,0.002137506,-0.002936358,0.000064716,0.002136526,-0.002936358,,novatel_oem7_msgs.msg.InertialSolutionStatus(status=3),
1786043624808570567,1786043624.806728759,/novatel/oem7/fix,/novatel/oem7/fix,/novatel/oem7/inspva,39.663,-75.756,-1.801334258,0.002137506,-0.002936358,0.000064716,0.002136526,-0.002936358,,0,
1786043624809701148,1786043624.807133027,/novatel/oem7/odom,/novatel/oem7/fix,/novatel/oem7/odom,39.663,-75.756,-1.801334258,0.002148456,-0.002928356,0.002148210,-0.000032551,-0.002928356,,,
1786043624811681027,1786043624.810861737,/novatel/oem7/bestpos,/novatel/oem7/bestpos,/novatel/oem7/odom,39.663,-75.756,33.181142164,0.002148456,-0.002928356,0.002148210,-0.000032551,-0.002928356,,novatel_oem7_msgs.msg.SolutionStatus(status=0),novatel_oem7_msgs.msg.PositionOrVelocityType(type=53)
1786043624813189979,1786043624.811274869,/novatel/oem7/bestvel,/novatel/oem7/bestpos,/novatel/oem7/bestvel,39.663,-75.756,33.181142164,0.001629271,-0.002461376,,,,99.968355861,novatel_oem7_msgs.msg.SolutionStatus(status=0),novatel_oem7_msgs.msg.PositionOrVelocityType(type=53)
1786043624816394126,1786043624.815717330,/novatel/oem7/odom,/novatel/oem7/bestpos,/novatel/oem7/odom,39.663,-75.756,33.181142164,0.002148456,-0.002928356,0.002148210,-0.000032551,-0.002928356,,,
1786043624825680557,1786043624.825110805,/novatel/oem7/inspva,/novatel/oem7/inspva,/novatel/oem7/inspva,39.663,-75.756,-1.801335743,0.002711220,-0.002356141,0.000132549,0.002707978,-0.002356141,,novatel_oem7_msgs.msg.InertialSolutionStatus(status=3),
1786043624827547979,1786043624.825201042,/novatel/oem7/fix,/novatel/oem7/fix,/novatel/oem7/inspva,39.663,-75.756,-1.801335743,0.002711220,-0.002356141,0.000132549,0.002707978,-0.002356141,,0,
1786043624828667496,1786043624.825671404,/novatel/oem7/odom,/novatel/oem7/fix,/novatel/oem7/odom,39.663,-75.756,-1.801335743,0.002720089,-0.002345896,0.002720083,0.000005900,-0.002345896,,,
1786043624835379022,1786043624.834674795,/novatel/oem7/odom,/novatel/oem7/fix,/novatel/oem7/odom,39.663,-75.756,-1.801335743,0.002720089,-0.002345896,0.002720083,0.000005900,-0.002345896,,,
1786043624847130720,1786043624.846612255,/novatel/oem7/inspva,/novatel/oem7/inspva,/novatel/oem7/inspva,39.663,-75.756,-1.801322529,0.004008900,0.000356964,-0.001325917,0.003783282,0.000356964,,novatel_oem7_msgs.msg.InertialSolutionStatus(status=3),
1786043624848645438,1786043624.846812687,/novatel/oem7/fix,/novatel/oem7/fix,/novatel/oem7/inspva,39.663,-75.756,-1.801322529,0.004008900,0.000356964,-0.001325917,0.003783282,0.000356964,,0,
1786043624849848343,1786043624.847196744,/novatel/oem7/odom,/novatel/oem7/fix,/novatel/oem7/odom,39.663,-75.756,-1.801322529,0.004007962,0.000367356,0.003712683,-0.001509882,0.000367356,,,
1786043624856968776,1786043624.856251346,/novatel/oem7/odom,/novatel/oem7/fix,/novatel/oem7/odom,39.663,-75.756,-1.801322529,0.004007962,0.000367356,0.003712683,-0.001509882,0.000367356,,,
1786043624865462886,1786043624.864931156,/novatel/oem7/inspva,/novatel/oem7/inspva,/novatel/oem7/inspva,39.663,-75.756,-1.801339015,0.003540324,-0.000432485,-0.000406009,0.003516966,-0.000432485,,novatel_oem7_msgs.msg.InertialSolutionStatus(status=3),
1786043624866866849,1786043624.865020770,/novatel/oem7/fix,/novatel/oem7/fix,/novatel/oem7/inspva,39.663,-75.756,-1.801339015,0.003540324,-0.000432485,-0.000406009,0.003516966,-0.000432485,,0,
1786043624867967910,1786043624.865498446,/novatel/oem7/odom,/novatel/oem7/fix,/novatel/oem7/odom,39.663,-75.756,-1.801339015,0.003541768,-0.000420502,0.003494591,-0.000576149,-0.000420502,,,
1786043624876132007,1786043624.875469520,/novatel/oem7/odom,/novatel/oem7/fix,/novatel/oem7/odom,39.663,-75.756,-1.801339015,0.003541768,-0.000420502,0.003494591,-0.000576149,-0.000420502,,,
1786043624885779388,1786043624.885225605,/novatel/oem7/inspva,/novatel/oem7/inspva,/novatel/oem7/inspva,39.663,-75.756,-1.801378089,0.001542039,-0.003369361,0.000942852,0.001220212,-0.003369361,,novatel_oem7_msgs.msg.InertialSolutionStatus(status=3),
1786043624887175322,1786043624.885325888,/novatel/oem7/fix,/novatel/oem7/fix,/novatel/oem7/inspva,39.663,-75.756,-1.801378089,0.001542039,-0.003369361,0.000942852,0.001220212,-0.003369361,,0,
1786043624888344979,1786043624.885968696,/novatel/oem7/odom,/novatel/oem7/fix,/novatel/oem7/odom,39.663,-75.756,-1.801378089,0.001557067,-0.003362443,0.001277441,0.000890283,-0.003362443,,,
1786043624895629317,1786043624.894940894,/novatel/oem7/odom,/novatel/oem7/fix,/novatel/oem7/odom,39.663,-75.756,-1.801378089,0.001557067,-0.003362443,0.001277441,0.000890283,-0.003362443,,,
1786043624906604365,1786043624.906007505,/novatel/oem7/inspva,/novatel/oem7/inspva,/novatel/oem7/inspva,39.663,-75.756,-1.801381310,0.002144793,-0.002769862,0.000374699,0.002111809,-0.002769862,,novatel_oem7_msgs.msg.InertialSolutionStatus(status=3),
1786043624907883254,1786043624.906196670,/novatel/oem7/fix,/novatel/oem7/fix,/novatel/oem7/inspva,39.663,-75.756,-1.801381310,0.002144793,-0.002769862,0.000374699,0.002111809,-0.002769862,,0,
1786043624908915557,1786043624.906642088,/novatel/oem7/odom,/novatel/oem7/fix,/novatel/oem7/odom,39.663,-75.756,-1.801381310,0.002155966,-0.002761174,0.002137988,0.000277844,-0.002761174,,,
1786043624910462175,1786043624.909511661,/novatel/oem7/bestpos,/novatel/oem7/bestpos,/novatel/oem7/odom,39.663,-75.756,33.181103391,0.002155966,-0.002761174,0.002137988,0.000277844,-0.002761174,,novatel_oem7_msgs.msg.SolutionStatus(status=0),novatel_oem7_msgs.msg.PositionOrVelocityType(type=53)
1786043624911830656,1786043624.910151412,/novatel/oem7/bestvel,/novatel/oem7/bestpos,/novatel/oem7/bestvel,39.663,-75.756,33.181103391,0.001273538,-0.002120882,,,,90.005621817,novatel_oem7_msgs.msg.SolutionStatus(status=0),novatel_oem7_msgs.msg.PositionOrVelocityType(type=53)
1786043624915073410,1786043624.914342970,/novatel/oem7/odom,/novatel/oem7/bestpos,/novatel/oem7/odom,39.663,-75.756,33.181103391,0.002155966,-0.002761174,0.002137988,0.000277844,-0.002761174,,,
1786043624925938616,1786043624.925259734,/novatel/oem7/inspva,/novatel/oem7/inspva,/novatel/oem7/inspva,39.663,-75.756,-1.801376277,0.003811978,-0.000353341,-0.001070885,0.003658467,-0.000353341,,novatel_oem7_msgs.msg.InertialSolutionStatus(status=3),
1786043624927608523,1786043624.925463946,/novatel/oem7/fix,/novatel/oem7/fix,/novatel/oem7/inspva,39.663,-75.756,-1.801376277,0.003811978,-0.000353341,-0.001070885,0.003658467,-0.000353341,,0,
1786043624928711633,1786043624.925869573,/novatel/oem7/odom,/novatel/oem7/fix,/novatel/oem7/odom,39.663,-75.756,-1.801376277,0.003812946,-0.000342729,0.003603158,-0.001247323,-0.000342729,,,
1786043624936283207,1786043624.935585584,/novatel/oem7/odom,/novatel/oem7/fix,/novatel/oem7/odom,39.663,-75.756,-1.801376277,0.003812946,-0.000342729,0.003603158,-0.001247323,-0.000342729,,,
1786043624945789310,1786043624.945099670,/novatel/oem7/inspva,/novatel/oem7/inspva,/novatel/oem7/inspva,39.663,-75.756,-1.801391169,0.003179960,-0.000692496,-0.000675082,0.003107476,-0.000692496,,novatel_oem7_msgs.msg.InertialSolutionStatus(status=3),
1786043624947292102,1786043624.945270045,/novatel/oem7/fix,/novatel/oem7/fix,/novatel/oem7/inspva,39.663,-75.756,-1.801391169,0.003179960,-0.000692496,-0.000675082,0.003107476,-0.000692496,,0,
1786043624948369652,1786043624.945877518,/novatel/oem7/odom,/novatel/oem7/fix,/novatel/oem7/odom,39.663,-75.756,-1.801391169,0.003182050,-0.000682829,0.003073440,-0.000824261,-0.000682829,,,
1786043624956364531,1786043624.955670231,/novatel/oem7/odom,/novatel/oem7/fix,/novatel/oem7/odom,39.663,-75.756,-1.801391169,0.003182050,-0.000682829,0.003073440,-0.000824261,-0.000682829,,,
1786043624967742165,1786043624.965971858,/novatel/oem7/inspva,/novatel/oem7/inspva,/novatel/oem7/inspva,39.663,-75.756,-1.801424640,0.002400911,-0.002413246,0.001138688,0.002113709,-0.002413246,,novatel_oem7_msgs.msg.InertialSolutionStatus(status=3),
1786043624969126678,1786043624.966211397,/novatel/oem7/fix,/novatel/oem7/fix,/novatel/oem7/inspva,39.663,-75.756,-1.801424640,0.002400911,-0.002413246,0.001138688,0.002113709,-0.002413246,,0,
1786043624970305650,1786043624.966984344,/novatel/oem7/odom,/novatel/oem7/fix,/novatel/oem7/odom,39.663,-75.756,-1.801424640,0.002411596,-0.002402568,0.002175824,0.001039992,-0.002402568,,,
1786043624975729293,1786043624.975003793,/novatel/oem7/odom,/novatel/oem7/fix,/novatel/oem7/odom,39.663,-75.756,-1.801424640,0.002411596,-0.002402568,0.002175824,0.001039992,-0.002402568,,,
1786043624985621003,1786043624.985021274,/novatel/oem7/inspva,/novatel/oem7/inspva,/novatel/oem7/inspva,39.663,-75.756,-1.801426075,0.002329550,-0.002397305,0.000482820,0.002278966,-0.002397305,,novatel_oem7_msgs.msg.InertialSolutionStatus(status=3),
1786043624986997187,1786043624.985182899,/novatel/oem7/fix,/novatel/oem7/fix,/novatel/oem7/inspva,39.663,-75.756,-1.801426075,0.002329550,-0.002397305,0.000482820,0.002278966,-0.002397305,,0,
1786043624988110894,1786043624.985706370,/novatel/oem7/odom,/novatel/oem7/fix,/novatel/oem7/odom,39.663,-75.756,-1.801426075,0.002339367,-0.002387727,0.002308831,0.000376746,-0.002387727,,,
1786043624996198497,1786043624.995501633,/novatel/oem7/odom,/novatel/oem7/fix,/novatel/oem7/odom,39.663,-75.756,-1.801426075,0.002339367,-0.002387727,0.002308831,0.000376746,-0.002387727,,,
1786043625008883907,1786043625.008291235,/novatel/oem7/inspva,/novatel/oem7/inspva,/novatel/oem7/inspva,39.663,-75.756,-1.801416793,0.003293723,-0.000428724,-0.000914164,0.003164320,-0.000428724,,novatel_oem7_msgs.msg.InertialSolutionStatus(status=3),
1786043625010206020,1786043625.008482780,/novatel/oem7/fix,/novatel/oem7/fix,/novatel/oem7/inspva,39.663,-75.756,-1.801416793,0.003293723,-0.000428724,-0.000914164,0.003164320,-0.000428724,,0,
1786043625012201426,1786043625.011313101,/novatel/oem7/odom,/novatel/oem7/fix,/novatel/oem7/odom,39.663,-75.756,-1.801416793,0.003294912,-0.000419492,0.003117539,-0.001066487,-0.000419492,,,
1786043625016714697,1786043625.016021310,/novatel/oem7/odom,/novatel/oem7/fix,/novatel/oem7/odom,39.663,-75.756,-1.801416793,0.003294912,-0.000419492,0.003117539,-0.001066487,-0.000419492,,,
1786043625026612557,1786043625.025973947,/novatel/oem7/bestpos,/novatel/oem7/bestpos,/novatel/oem7/odom,39.663,-75.756,33.181073491,0.003294912,-0.000419492,0.003117539,-0.001066487,-0.000419492,,novatel_oem7_msgs.msg.SolutionStatus(status=0),novatel_oem7_msgs.msg.PositionOrVelocityType(type=53)
1786043625028206746,1786043625.026562036,/novatel/oem7/bestvel,/novatel/oem7/bestpos,/novatel/oem7/bestvel,39.663,-75.756,33.181073491,0.003122244,0.000018085,,,,115.969476367,novatel_oem7_msgs.msg.SolutionStatus(status=0),novatel_oem7_msgs.msg.PositionOrVelocityType(type=53)
1786043625029161032,1786043625.027188476,/novatel/oem7/inspva,/novatel/oem7/inspva,/novatel/oem7/inspva,39.663,-75.756,-1.801420944,0.004186741,-0.000673356,-0.001018857,0.004060878,-0.000673356,,novatel_oem7_msgs.msg.InertialSolutionStatus(status=3),
1786043625030018660,1786043625.027333554,/novatel/oem7/fix,/novatel/oem7/fix,/novatel/oem7/inspva,39.663,-75.756,-1.801420944,0.004186741,-0.000673356,-0.001018857,0.004060878,-0.000673356,,0,
1786043625031536472,1786043625.027793238,/novatel/oem7/odom,/novatel/oem7/fix,/novatel/oem7/odom,39.663,-75.756,-1.801420944,0.004188685,-0.000661158,0.004008851,-0.001214164,-0.000661158,,,
1786043625035671278,1786043625.034799754,/novatel/oem7/odom,/novatel/oem7/fix,/novatel/oem7/odom,39.663,-75.756,-1.801420944,0.004188685,-0.000661158,0.004008851,-0.001214164,-0.000661158,,,
1786043625045880938,1786043625.045327807,/novatel/oem7/inspva,/novatel/oem7/inspva,/novatel/oem7/inspva,39.663,-75.756,-1.801405110,0.003196535,-0.000873223,0.001423483,0.002862086,-0.000873223,,novatel_oem7_msgs.msg.InertialSolutionStatus(status=3),
1786043625047216301,1786043625.045540052,/novatel/oem7/fix,/novatel/oem7/fix,/novatel/oem7/inspva,39.663,-75.756,-1.801405110,0.003196535,-0.000873223,0.001423483,0.002862086,-0.000873223,,0,
1786043625048269295,1786043625.046259029,/novatel/oem7/odom,/novatel/oem7/fix,/novatel/oem7/odom,39.663,-75.756,-1.801405110,0.003200399,-0.000858956,0.002931431,0.001284236,-0.000858956,,,
1786043625057269083,1786043625.056597017,/novatel/oem7/odom,/novatel/oem7/fix,/novatel/oem7/odom,39.663,-75.756,-1.801405110,0.003200399,-0.000858956,0.002931431,0.001284236,-0.000858956,,,
1786043625065573868,1786043625.065045946,/novatel/oem7/inspva,/novatel/oem7/inspva,/novatel/oem7/inspva,39.663,-75.756,-1.801379179,0.002391441,-0.001338355,0.000986348,0.002178556,-0.001338355,,novatel_oem7_msgs.msg.InertialSolutionStatus(status=3),
1786043625066916714,1786043625.065189837,/novatel/oem7/fix,/novatel/oem7/fix,/novatel/oem7/inspva,39.663,-75.756,-1.801379179,0.002391441,-0.001338355,0.000986348,0.002178556,-0.001338355,,0,
1786043625067991634,1786043625.065655788,/novatel/oem7/odom,/novatel/oem7/fix,/novatel/oem7/odom,39.663,-75.756,-1.801379179,0.002397314,-0.001327806,0.002229140,0.000882073,-0.001327806,,,
1786043625075371900,1786043625.074624596,/novatel/oem7/odom,/novatel/oem7/fix,/novatel/oem7/odom,39.663,-75.756,-1.801379179,0.002397314,-0.001327806,0.002229140,0.000882073,-0.001327806,,,
1786043625087876545,1786043625.087298970,/novatel/oem7/inspva,/novatel/oem7/inspva,/novatel/oem7/inspva,39.663,-75.756,-1.801347150,0.003469422,-0.001135032,-0.000627367,0.003412228,-0.001135032,,novatel_oem7_msgs.msg.InertialSolutionStatus(status=3),
1786043625089267796,1786043625.087488019,/novatel/oem7/fix,/novatel/oem7/fix,/novatel/oem7/inspva,39.663,-75.756,-1.801347150,0.003469422,-0.001135032,-0.000627367,0.003412228,-0.001135032,,0,
1786043625090398947,1786043625.087933873,/novatel/oem7/odom,/novatel/oem7/fix,/novatel/oem7/odom,39.663,-75.756,-1.801347150,0.003472934,-0.001124239,0.003381787,-0.000790435,-0.001124239,,,
1786043625096051998,1786043625.095366739,/novatel/oem7/odom,/novatel/oem7/fix,/novatel/oem7/odom,39.663,-75.756,-1.801347150,0.003472934,-0.001124239,0.003381787,-0.000790435,-0.001124239,,,
1786043625106399373,1786043625.105836888,/novatel/oem7/inspva,/novatel/oem7/inspva,/novatel/oem7/inspva,39.663,-75.756,-1.801312295,0.003259679,-0.000584926,-0.000915895,0.003128361,-0.000584926,,novatel_oem7_msgs.msg.InertialSolutionStatus(status=3),
1786043625107776387,1786043625.105983899,/novatel/oem7/fix,/novatel/oem7/fix,/novatel/oem7/inspva,39.663,-75.756,-1.801312295,0.003259679,-0.000584926,-0.000915895,0.003128361,-0.000584926,,0,
1786043625108845593,1786043625.106569471,/novatel/oem7/odom,/novatel/oem7/fix,/novatel/oem7/odom,39.663,-75.756,-1.801312295,0.003261308,-0.000575775,0.003082135,-0.001066103,-0.000575775,,,
1786043625110364992,1786043625.109246134,/novatel/oem7/bestpos,/novatel/oem7/bestpos,/novatel/oem7/odom,39.663,-75.756,33.181225615,0.003261308,-0.000575775,0.003082135,-0.001066103,-0.000575775,,novatel_oem7_msgs.msg.SolutionStatus(status=0),novatel_oem7_msgs.msg.PositionOrVelocityType(type=53)
1786043625111803659,1786043625.109983301,/novatel/oem7/bestvel,/novatel/oem7/bestpos,/novatel/oem7/bestvel,39.663,-75.756,33.181225615,0.003032127,-0.000339894,,,,110.812800985,novatel_oem7_msgs.msg.SolutionStatus(status=0),novatel_oem7_msgs.msg.PositionOrVelocityType(type=53)
1786043625116191192,1786043625.115500345,/novatel/oem7/odom,/novatel/oem7/bestpos,/novatel/oem7/odom,39.663,-75.756,33.181225615,0.003261308,-0.000575775,0.003082135,-0.001066103,-0.000575775,,,
1786043625126081942,1786043625.125497423,/novatel/oem7/inspva,/novatel/oem7/inspva,/novatel/oem7/inspva,39.663,-75.756,-1.801299486,0.002885912,-0.000982955,0.001087725,0.002673077,-0.000982955,,novatel_oem7_msgs.msg.InertialSolutionStatus(status=3),
1786043625127460699,1786043625.125678862,/novatel/oem7/fix,/novatel/oem7/fix,/novatel/oem7/inspva,39.663,-75.756,-1.801299486,0.002885912,-0.000982955,0.001087725,0.002673077,-0.000982955,,0,
1786043625128522723,1786043625.126238663,/novatel/oem7/odom,/novatel/oem7/fix,/novatel/oem7/odom,39.663,-75.756,-1.801299486,0.002890174,-0.000970351,0.002726677,0.000958301,-0.000970351,,,
1786043625135566055,1786043625.134876695,/novatel/oem7/odom,/novatel/oem7/fix,/novatel/oem7/odom,39.663,-75.756,-1.801299486,0.002890174,-0.000970351,0.002726677,0.000958301,-0.000970351,,,
1786043625146850879,1786043625.146286426,/novatel/oem7/inspva,/novatel/oem7/inspva,/novatel/oem7/inspva,39.663,-75.756,-1.801271862,0.001929176,-0.000452896,0.000574004,0.001841803,-0.000452896,,novatel_oem7_msgs.msg.InertialSolutionStatus(status=3),
1786043625148227875,1786043625.146446105,/novatel/oem7/fix,/novatel/oem7/fix,/novatel/oem7/inspva,39.663,-75.756,-1.801271862,0.001929176,-0.000452896,0.000574004,0.001841803,-0.000452896,,0,
1786043625149295766,1786043625.147057964,/novatel/oem7/odom,/novatel/oem7/fix,/novatel/oem7/odom,39.663,-75.756,-1.801271862,0.001931094,-0.000444645,0.001869332,0.000484484,-0.000444645,,,
1786043625156711071,1786043625.156022314,/novatel/oem7/odom,/novatel/oem7/fix,/novatel/oem7/odom,39.663,-75.756,-1.801271862,0.001931094,-0.000444645,0.001869332,0.000484484,-0.000444645,,,
1786043625166197900,1786043625.165415990,/novatel/oem7/inspva,/novatel/oem7/inspva,/novatel/oem7/inspva,39.663,-75.756,-1.801250819,0.002029455,-0.001528437,-0.000326727,0.002002982,-0.001528437,,novatel_oem7_msgs.msg.InertialSolutionStatus(status=3),
1786043625167125202,1786043625.165694323,/novatel/oem7/fix,/novatel/oem7/fix,/novatel/oem7/inspva,39.663,-75.756,-1.801250819,0.002029455,-0.001528437,-0.000326727,0.002002982,-0.001528437,,0,
1786043625167809338,1786043625.166359582,/novatel/oem7/odom,/novatel/oem7/fix,/novatel/oem7/odom,39.663,-75.756,-1.801250819,0.002034298,-0.001521985,0.001990366,-0.000420493,-0.001521985,,,
1786043625176281202,1786043625.175852512,/novatel/oem7/odom,/novatel/oem7/fix,/novatel/oem7/odom,39.663,-75.756,-1.801250819,0.002034298,-0.001521985,0.001990366,-0.000420493,-0.001521985,,,
1786043625185673943,1786043625.185255044,/novatel/oem7/inspva,/novatel/oem7/inspva,/novatel/oem7/inspva,39.663,-75.756,-1.801217598,0.002236318,-0.000995512,-0.000963921,0.002017913,-0.000995512,,novatel_oem7_msgs.msg.InertialSolutionStatus(status=3),
1786043625186471521,1786043625.185475096,/novatel/oem7/fix,/novatel/oem7/fix,/novatel/oem7/inspva,39.663,-75.756,-1.801217598,0.002236318,-0.000995512,-0.000963921,0.002017913,-0.000995512,,0,
1786043625187077989,1786043625.185983547,/novatel/oem7/odom,/novatel/oem7/fix,/novatel/oem7/odom,39.663,-75.756,-1.801217598,0.002238508,-0.000990579,0.001972202,-0.001058932,-0.000990579,,,
1786043625194856611,1786043625.194488260,/novatel/oem7/odom,/novatel/oem7/fix,/novatel/oem7/odom,39.663,-75.756,-1.801217598,0.002238508,-0.000990579,0.001972202,-0.001058932,-0.000990579,,,
1786043625207034155,1786043625.206748477,/novatel/oem7/inspva,/novatel/oem7/inspva,/novatel/oem7/inspva,39.663,-75.756,-1.801202063,0.002147829,-0.000364799,0.000343479,0.002120186,-0.000364799,,novatel_oem7_msgs.msg.InertialSolutionStatus(status=3),
1786043625207703110,1786043625.206919072,/novatel/oem7/fix,/novatel/oem7/fix,/novatel/oem7/inspva,39.663,-75.756,-1.801202063,0.002147829,-0.000364799,0.000343479,0.002120186,-0.000364799,,0,
1786043625208470856,1786043625.207480424,/novatel/oem7/odom,/novatel/oem7/fix,/novatel/oem7/odom,39.663,-75.756,-1.801202063,0.002149282,-0.000356136,0.002135789,0.000240451,-0.000356136,,,
1786043625210643247,1786043625.210240928,/novatel/oem7/bestpos,/novatel/oem7/bestpos,/novatel/oem7/odom,39.663,-75.756,33.181334134,0.002149282,-0.000356136,0.002135789,0.000240451,-0.000356136,,novatel_oem7_msgs.msg.SolutionStatus(status=0),novatel_oem7_msgs.msg.PositionOrVelocityType(type=53)
1786043625211342581,1786043625.210665912,/novatel/oem7/bestvel,/novatel/oem7/bestpos,/novatel/oem7/bestvel,39.663,-75.756,33.181334134,0.003115223,-0.000968633,,,,79.941248871,novatel_oem7_msgs.msg.SolutionStatus(status=0),novatel_oem7_msgs.msg.PositionOrVelocityType(type=53)
1786043625215623941,1786043625.215204460,/novatel/oem7/odom,/novatel/oem7/bestpos,/novatel/oem7/odom,39.663,-75.756,33.181334134,0.002149282,-0.000356136,0.002135789,0.000240451,-0.000356136,,,
1786043625225635033,1786043625.225111433,/novatel/oem7/inspva,/novatel/oem7/inspva,/novatel/oem7/inspva,39.663,-75.756,-1.801177297,0.001803031,-0.000286155,0.000155898,0.001796279,-0.000286155,,novatel_oem7_msgs.msg.InertialSolutionStatus(status=3),
1786043625226328731,1786043625.225261288,/novatel/oem7/fix,/novatel/oem7/fix,/novatel/oem7/inspva,39.663,-75.756,-1.801177297,0.001803031,-0.000286155,0.000155898,0.001796279,-0.000286155,,0,
1786043625226889676,1786043625.225699165,/novatel/oem7/odom,/novatel/oem7/fix,/novatel/oem7/odom,39.663,-75.756,-1.801177297,0.001804123,-0.000279189,0.001802814,0.000068714,-0.000279189,,,
1786043625236188684,1786043625.235827631,/novatel/oem7/odom,/novatel/oem7/fix,/novatel/oem7/odom,39.663,-75.756,-1.801177297,0.001804123,-0.000279189,0.001802814,0.000068714,-0.000279189,,,
1786043625245895909,1786043625.245588363,/novatel/oem7/inspva,/novatel/oem7/inspva,/novatel/oem7/inspva,39.663,-75.756,-1.801162633,0.001455842,-0.001567336,-0.000139479,0.001449146,-0.001567336,,novatel_oem7_msgs.msg.InertialSolutionStatus(status=3),
1786043625246580941,1786043625.245753898,/novatel/oem7/fix,/novatel/oem7/fix,/novatel/oem7/inspva,39.663,-75.756,-1.801162633,0.001455842,-0.001567336,-0.000139479,0.001449146,-0.001567336,,0,
1786043625247352606,1786043625.246637637,/novatel/oem7/odom,/novatel/oem7/fix,/novatel/oem7/odom,39.663,-75.756,-1.801162633,0.001461144,-0.001562395,0.001446499,-0.000206353,-0.001562395,,,
1786043625257005859,1786043625.256613141,/novatel/oem7/odom,/novatel/oem7/fix,/novatel/oem7/odom,39.663,-75.756,-1.801162633,0.001461144,-0.001562395,0.001446499,-0.000206353,-0.001562395,,,
1786043625266647284,1786043625.266277202,/novatel/oem7/inspva,/novatel/oem7/inspva,/novatel/oem7/inspva,39.663,-75.756,-1.801129806,0.001736521,-0.001549558,-0.000964406,0.001444101,-0.001549558,,novatel_oem7_msgs.msg.InertialSolutionStatus(status=3),
1786043625267319368,1786043625.266438070,/novatel/oem7/fix,/novatel/oem7/fix,/novatel/oem7/inspva,39.663,-75.756,-1.801129806,0.001736521,-0.001549558,-0.000964406,0.001444101,-0.001549558,,0,
1786043625267880064,1786043625.266937238,/novatel/oem7/odom,/novatel/oem7/fix,/novatel/oem7/odom,39.663,-75.756,-1.801129806,0.001739011,-0.001546764,0.001401111,-0.001030071,-0.001546764,,,
1786043625275241906,1786043625.274888053,/novatel/oem7/odom,/novatel/oem7/fix,/novatel/oem7/odom,39.663,-75.756,-1.801129806,0.001739011,-0.001546764,0.001401111,-0.001030071,-0.001546764,,,
1786043625285647576,1786043625.285359468,/novatel/oem7/inspva,/novatel/oem7/inspva,/novatel/oem7/inspva,39.663,-75.756,-1.801099078,0.002824081,0.000783349,0.000140281,0.002820595,0.000783349,,novatel_oem7_msgs.msg.InertialSolutionStatus(status=3),
1786043625286316635,1786043625.285515700,/novatel/oem7/fix,/novatel/oem7/fix,/novatel/oem7/inspva,39.663,-75.756,-1.801099078,0.002824081,0.000783349,0.000140281,0.002820595,0.000783349,,0,
1786043625287089459,1786043625.286169226,/novatel/oem7/odom,/novatel/oem7/fix,/novatel/oem7/odom,39.663,-75.756,-1.801099078,0.002821102,0.000794012,0.002821102,0.000000639,0.000794012,,,
1786043625295967798,1786043625.295565075,/novatel/oem7/odom,/novatel/oem7/fix,/novatel/oem7/odom,39.663,-75.756,-1.801099078,0.002821102,0.000794012,0.002821102,0.000000639,0.000794012,,,
1786043625306327939,1786043625.306042864,/novatel/oem7/inspva,/novatel/oem7/inspva,/novatel/oem7/inspva,39.663,-75.756,-1.801078875,0.001720687,0.000180502,0.000189904,0.001710175,0.000180502,,novatel_oem7_msgs.msg.InertialSolutionStatus(status=3),
1786043625307019894,1786043625.306184402,/novatel/oem7/fix,/novatel/oem7/fix,/novatel/oem7/inspva,39.663,-75.756,-1.801078875,0.001720687,0.000180502,0.000189904,0.001710175,0.000180502,,0,
1786043625307593056,1786043625.306669780,/novatel/oem7/odom,/novatel/oem7/fix,/novatel/oem7/odom,39.663,-75.756,-1.801078875,0.001719966,0.000187242,0.001716709,0.000105797,0.000187242,,,
1786043625310000095,1786043625.309677573,/novatel/oem7/bestpos,/novatel/oem7/bestpos,/novatel/oem7/odom,39.663,-75.756,33.181461233,0.001719966,0.000187242,0.001716709,0.000105797,0.000187242,,novatel_oem7_msgs.msg.SolutionStatus(status=0),novatel_oem7_msgs.msg.PositionOrVelocityType(type=53)
1786043625310750829,1786043625.310402440,/novatel/oem7/bestvel,/novatel/oem7/bestpos,/novatel/oem7/bestvel,39.663,-75.756,33.181461233,0.002941878,-0.000574244,,,,81.679815229,novatel_oem7_msgs.msg.SolutionStatus(status=0),novatel_oem7_msgs.msg.PositionOrVelocityType(type=53)
1786043625314854871,1786043625.314500017,/novatel/oem7/odom,/novatel/oem7/bestpos,/novatel/oem7/odom,39.663,-75.756,33.181461233,0.001719966,0.000187242,0.001716709,0.000105797,0.000187242,,,
1786043625326985460,1786043625.326679369,/novatel/oem7/inspva,/novatel/oem7/inspva,/novatel/oem7/inspva,39.663,-75.756,-1.801066726,0.001117186,-0.001591795,-0.000098739,0.001112814,-0.001591795,,novatel_oem7_msgs.msg.InertialSolutionStatus(status=3),
1786043625327681380,1786043625.326826657,/novatel/oem7/fix,/novatel/oem7/fix,/novatel/oem7/inspva,39.663,-75.756,-1.801066726,0.001117186,-0.001591795,-0.000098739,0.001112814,-0.001591795,,0,
1786043625328491255,1786043625.327652945,/novatel/oem7/odom,/novatel/oem7/fix,/novatel/oem7/odom,39.663,-75.756,-1.801066726,0.001122556,-0.001588013,0.001112599,-0.000149178,-0.001588013,,,
1786043625335473235,1786043625.334949883,/novatel/oem7/odom,/novatel/oem7/fix,/novatel/oem7/odom,39.663,-75.756,-1.801066726,0.001122556,-0.001588013,0.001112599,-0.000149178,-0.001588013,,,
1786043625345283749,1786043625.344977398,/novatel/oem7/inspva,/novatel/oem7/inspva,/novatel/oem7/inspva,39.663,-75.756,-1.801036147,0.001900587,-0.001554784,-0.000470700,0.001841378,-0.001554784,,novatel_oem7_msgs.msg.InertialSolutionStatus(status=3),
1786043625345994666,1786043625.345116602,/novatel/oem7/fix,/novatel/oem7/fix,/novatel/oem7/inspva,39.663,-75.756,-1.801036147,0.001900587,-0.001554784,-0.000470700,0.001841378,-0.001554784,,0,
1786043625346563285,1786043625.345550456,/novatel/oem7/odom,/novatel/oem7/fix,/novatel/oem7/odom,39.663,-75.756,-1.801036147,0.001905033,-0.001549333,0.001822003,-0.000556286,-0.001549333,,,
1786043625356053742,1786043625.355633895,/novatel/oem7/odom,/novatel/oem7/fix,/novatel/oem7/odom,39.663,-75.756,-1.801036147,0.001905033,-0.001549333,0.001822003,-0.000556286,-0.001549333,,,
1786043625365635990,1786043625.365333083,/novatel/oem7/inspva,/novatel/oem7/inspva,/novatel/oem7/inspva,39.663,-75.756,-1.801000263,0.002974675,0.000728289,-0.001122589,0.002754721,0.000728289,,novatel_oem7_msgs.msg.InertialSolutionStatus(status=3),
1786043625366293490,1786043625.365506095,/novatel/oem7/fix,/novatel/oem7/fix,/novatel/oem7/inspva,39.663,-75.756,-1.801000263,0.002974675,0.000728289,-0.001122589,0.002754721,0.000728289,,0,
1786043625367056524,1786043625.366202445,/novatel/oem7/odom,/novatel/oem7/fix,/novatel/oem7/odom,39.663,-75.756,-1.801000263,0.002972922,0.000735412,0.002693945,-0.001257349,0.000735412,,,
1786043625374992873,1786043625.374619610,/novatel/oem7/odom,/novatel/oem7/fix,/novatel/oem7/odom,39.663,-75.756,-1.801000263,0.002972922,0.000735412,0.002693945,-0.001257349,0.000735412,,,
1786043625386459682,1786043625.386063182,/novatel/oem7/inspva,/novatel/oem7/inspva,/novatel/oem7/inspva,39.663,-75.756,-1.800977546,0.002097222,0.000761043,-0.000212068,0.002086473,0.000761043,,novatel_oem7_msgs.msg.InertialSolutionStatus(status=3),
1786043625387452323,1786043625.386208317,/novatel/oem7/fix,/novatel/oem7/fix,/novatel/oem7/inspva,39.663,-75.756,-1.800977546,0.002097222,0.000761043,-0.000212068,0.002086473,0.000761043,,0,
1786043625388488756,1786043625.386664082,/novatel/oem7/odom,/novatel/oem7/fix,/novatel/oem7/odom,39.663,-75.756,-1.800977546,0.002094645,0.000768109,0.002070765,-0.000315384,0.000768109,,,
1786043625395477061,1786043625.394809045,/novatel/oem7/odom,/novatel/oem7/fix,/novatel/oem7/odom,39.663,-75.756,-1.800977546,0.002094645,0.000768109,0.002070765,-0.000315384,0.000768109,,,
1786043625407037717,1786043625.406544306,/novatel/oem7/inspva,/novatel/oem7/inspva,/novatel/oem7/inspva,39.663,-75.756,-1.800974398,0.000402350,-0.001895732,0.000310573,0.000255793,-0.001895732,,novatel_oem7_msgs.msg.InertialSolutionStatus(status=3),
1786043625408350004,1786043625.406682327,/novatel/oem7/fix,/novatel/oem7/fix,/novatel/oem7/inspva,39.663,-75.756,-1.800974398,0.000402350,-0.001895732,0.000310573,0.000255793,-0.001895732,,0,
1786043625409388954,1786043625.407159915,/novatel/oem7/odom,/novatel/oem7/fix,/novatel/oem7/odom,39.663,-75.756,-1.800974398,0.000410383,-0.001894010,0.000277682,0.000302171,-0.001894010,,,
1786043625411288012,1786043625.410277753,/novatel/oem7/bestpos,/novatel/oem7/bestpos,/novatel/oem7/odom,39.663,-75.756,33.181591736,0.000410383,-0.001894010,0.000277682,0.000302171,-0.001894010,,novatel_oem7_msgs.msg.SolutionStatus(status=0),novatel_oem7_msgs.msg.PositionOrVelocityType(type=53)
1786043625412219558,1786043625.410597666,/novatel/oem7/bestvel,/novatel/oem7/bestpos,/novatel/oem7/bestvel,39.663,-75.756,33.181591736,0.000766663,-0.000991195,,,,226.019400298,novatel_oem7_msgs.msg.SolutionStatus(status=0),novatel_oem7_msgs.msg.PositionOrVelocityType(type=53)
1786043625416761689,1786043625.416024665,/novatel/oem7/odom,/novatel/oem7/bestpos,/novatel/oem7/odom,39.663,-75.756,33.181591736,0.000410383,-0.001894010,0.000277682,0.000302171,-0.001894010,,,
1786043625425828801,1786043625.425164851,/novatel/oem7/inspva,/novatel/oem7/inspva,/novatel/oem7/inspva,39.663,-75.756,-1.800943408,0.001084390,-0.001701433,-0.000063158,0.001082549,-0.001701433,,novatel_oem7_msgs.msg.InertialSolutionStatus(status=3),
1786043625427147614,1786043625.425549018,/novatel/oem7/fix,/novatel/oem7/fix,/novatel/oem7/inspva,39.663,-75.756,-1.800943408,0.001084390,-0.001701433,-0.000063158,0.001082549,-0.001701433,,0,
1786043625428256368,1786043625.425898958,/novatel/oem7/odom,/novatel/oem7/fix,/novatel/oem7/odom,39.663,-75.756,-1.800943408,0.001090275,-0.001697667,0.001084519,-0.000111882,-0.001697667,,,
1786043625435131369,1786043625.434454182,/novatel/oem7/odom,/novatel/oem7/fix,/novatel/oem7/odom,39.663,-75.756,-1.800943408,0.001090275,-0.001697667,0.001084519,-0.000111882,-0.001697667,,,
1786043625447058358,1786043625.446531497,/novatel/oem7/inspva,/novatel/oem7/inspva,/novatel/oem7/inspva,39.663,-75.756,-1.800904745,0.003691515,0.000586058,-0.001818095,0.003212758,0.000586058,,novatel_oem7_msgs.msg.InertialSolutionStatus(status=3),
1786043625448417682,1786043625.446753345,/novatel/oem7/fix,/novatel/oem7/fix,/novatel/oem7/inspva,39.663,-75.756,-1.800904745,0.003691515,0.000586058,-0.001818095,0.003212758,0.000586058,,0,
1786043625449857996,1786043625.447247964,/novatel/oem7/odom,/novatel/oem7/fix,/novatel/oem7/odom,39.663,-75.756,-1.800904745,0.003690399,0.000593049,0.003118063,-0.001974012,0.000593049,,,
1786043625457193877,1786043625.456540935,/novatel/oem7/odom,/novatel/oem7/fix,/novatel/oem7/odom,39.663,-75.756,-1.800904745,0.003690399,0.000593049,0.003118063,-0.001974012,0.000593049,,,
1786043625465505135,1786043625.464997720,/novatel/oem7/inspva,/novatel/oem7/inspva,/novatel/oem7/inspva,39.663,-75.756,-1.800874431,0.001946615,0.001035297,-0.000982657,0.001680385,0.001035297,,novatel_oem7_msgs.msg.InertialSolutionStatus(status=3),
1786043625466833251,1786043625.465157402,/novatel/oem7/fix,/novatel/oem7/fix,/novatel/oem7/inspva,39.663,-75.756,-1.800874431,0.001946615,0.001035297,-0.000982657,0.001680385,0.001035297,,0,
1786043625467901442,1786043625.465648084,/novatel/oem7/odom,/novatel/oem7/fix,/novatel/oem7/odom,39.663,-75.756,-1.800874431,0.001944673,0.001038939,0.001626549,-0.001065877,0.001038939,,,
1786043625476088306,1786043625.475436082,/novatel/oem7/odom,/novatel/oem7/fix,/novatel/oem7/odom,39.663,-75.756,-1.800874431,0.001944673,0.001038939,0.001626549,-0.001065877,0.001038939,,,
1786043625487204204,1786043625.486645825,/novatel/oem7/inspva,/novatel/oem7/inspva,/novatel/oem7/inspva,39.663,-75.756,-1.800874354,0.000703058,-0.001564528,0.000655039,-0.000255371,-0.001564528,,novatel_oem7_msgs.msg.InertialSolutionStatus(status=3),
1786043625488595334,1786043625.486860631,/novatel/oem7/fix,/novatel/oem7/fix,/novatel/oem7/inspva,39.663,-75.756,-1.800874354,0.000703058,-0.001564528,0.000655039,-0.000255371,-0.001564528,,0,
1786043625489693622,1786043625.487257785,/novatel/oem7/odom,/novatel/oem7/fix,/novatel/oem7/odom,39.663,-75.756,-1.800874354,0.000704687,-0.001563795,-0.000217272,0.000670355,-0.001563795,,,
1786043625495797371,1786043625.495152692,/novatel/oem7/odom,/novatel/oem7/fix,/novatel/oem7/odom,39.663,-75.756,-1.800874354,0.000704687,-0.001563795,-0.000217272,0.000670355,-0.001563795,,,
1786043625506607754,1786043625.506118972,/novatel/oem7/inspva,/novatel/oem7/inspva,/novatel/oem7/inspva,39.663,-75.756,-1.800843447,0.000625932,-0.002087092,-0.000072635,0.000621703,-0.002087092,,novatel_oem7_msgs.msg.InertialSolutionStatus(status=3),
1786043625507896963,1786043625.506283137,/novatel/oem7/fix,/novatel/oem7/fix,/novatel/oem7/inspva,39.663,-75.756,-1.800843447,0.000625932,-0.002087092,-0.000072635,0.000621703,-0.002087092,,0,
1786043625508908443,1786043625.506751908,/novatel/oem7/odom,/novatel/oem7/fix,/novatel/oem7/odom,39.663,-75.756,-1.800843447,0.000632863,-0.002085000,0.000625228,-0.000098008,-0.002085000,,,
1786043625512139478,1786043625.511581546,/novatel/oem7/bestpos,/novatel/oem7/bestpos,/novatel/oem7/odom,39.663,-75.756,33.181713611,0.000632863,-0.002085000,0.000625228,-0.000098008,-0.002085000,,novatel_oem7_msgs.msg.SolutionStatus(status=0),novatel_oem7_msgs.msg.PositionOrVelocityType(type=53)
1786043625513529801,1786043625.512643016,/novatel/oem7/bestvel,/novatel/oem7/bestpos,/novatel/oem7/bestvel,39.663,-75.756,33.181713611,0.000992213,-0.001710337,,,,138.967046466,novatel_oem7_msgs.msg.SolutionStatus(status=0),novatel_oem7_msgs.msg.PositionOrVelocityType(type=53)
1786043625515448236,1786043625.514820524,/novatel/oem7/odom,/novatel/oem7/bestpos,/novatel/oem7/odom,39.663,-75.756,33.181713611,0.000632863,-0.002085000,0.000625228,-0.000098008,-0.002085000,,,
1786043625525890689,1786043625.525362807,/novatel/oem7/inspva,/novatel/oem7/inspva,/novatel/oem7/inspva,39.663,-75.756,-1.800815010,0.002202903,-0.000346183,-0.001530312,0.001584590,-0.000346183,,novatel_oem7_msgs.msg.InertialSolutionStatus(status=3),
1786043625527191905,1786043625.525536142,/novatel/oem7/fix,/novatel/oem7/fix,/novatel/oem7/inspva,39.663,-75.756,-1.800815010,0.002202903,-0.000346183,-0.001530312,0.001584590,-0.000346183,,0,
1786043625528244501,1786043625.526090510,/novatel/oem7/odom,/novatel/oem7/fix,/novatel/oem7/odom,39.663,-75.756,-1.800815010,0.002203204,-0.000344260,0.001509384,-0.001604952,-0.000344260,,,
1786043625536080188,1786043625.535455089,/novatel/oem7/odom,/novatel/oem7/fix,/novatel/oem7/odom,39.663,-75.756,-1.800815010,0.002203204,-0.000344260,0.001509384,-0.001604952,-0.000344260,,,
1786043625546660051,1786043625.546137516,/novatel/oem7/inspva,/novatel/oem7/inspva,/novatel/oem7/inspva,39.663,-75.756,-1.800796368,0.002419356,-0.000109596,-0.001217557,0.002090655,-0.000109596,,novatel_oem7_msgs.msg.InertialSolutionStatus(status=3),
1786043625548366388,1786043625.546286378,/novatel/oem7/fix,/novatel/oem7/fix,/novatel/oem7/inspva,39.663,-75.756,-1.800796368,0.002419356,-0.000109596,-0.001217557,0.002090655,-0.000109596,,0,
1786043625549571974,1786043625.546771452,/novatel/oem7/odom,/novatel/oem7/fix,/novatel/oem7/odom,39.663,-75.756,-1.800796368,0.002419553,-0.000105168,0.002029204,-0.001317789,-0.000105168,,,
1786043625556532298,1786043625.555881372,/novatel/oem7/odom,/novatel/oem7/fix,/novatel/oem7/odom,39.663,-75.756,-1.800796368,0.002419553,-0.000105168,0.002029204,-0.001317789,-0.000105168,,,
1786043625565691677,1786043625.565167226,/novatel/oem7/inspva,/novatel/oem7/inspva,/novatel/oem7/inspva,39.663,-75.756,-1.800785283,0.000279650,-0.000113360,0.000221754,0.000170380,-0.000113360,,novatel_oem7_msgs.msg.InertialSolutionStatus(status=3),
1786043625567028047,1786043625.565325384,/novatel/oem7/fix,/novatel/oem7/fix,/novatel/oem7/inspva,39.663,-75.756,-1.800785283,0.000279650,-0.000113360,0.000221754,0.000170380,-0.000113360,,0,
1786043625568118475,1786043625.565884423,/novatel/oem7/odom,/novatel/oem7/fix,/novatel/oem7/odom,39.663,-75.756,-1.800785283,0.000280126,-0.000112180,0.000181418,0.000213443,-0.000112180,,,
1786043625576120106,1786043625.575463843,/novatel/oem7/odom,/novatel/oem7/fix,/novatel/oem7/odom,39.663,-75.756,-1.800785283,0.000280126,-0.000112180,0.000181418,0.000213443,-0.000112180,,,
1786043625585496708,1786043625.584983446,/novatel/oem7/inspva,/novatel/oem7/inspva,/novatel/oem7/inspva,39.663,-75.756,-1.800769604,0.000129752,-0.001785733,0.000049838,-0.000119798,-0.001785733,,novatel_oem7_msgs.msg.InertialSolutionStatus(status=3),
1786043625586812841,1786043625.585138671,/novatel/oem7/fix,/novatel/oem7/fix,/novatel/oem7/inspva,39.663,-75.756,-1.800769604,0.000129752,-0.001785733,0.000049838,-0.000119798,-0.001785733,,0,
1786043625587854864,1786043625.585466121,/novatel/oem7/odom,/novatel/oem7/fix,/novatel/oem7/odom,39.663,-75.756,-1.800769604,0.000125676,-0.001786024,-0.000110557,0.000059763,-0.001786024,,,
1786043625595038154,1786043625.594402288,/novatel/oem7/odom,/novatel/oem7/fix,/novatel/oem7/odom,39.663,-75.756,-1.800769604,0.000125676,-0.001786024,-0.000110557,0.000059763,-0.001786024,,,
1786043625606987758,1786043625.606470906,/novatel/oem7/inspva,/novatel/oem7/inspva,/novatel/oem7/inspva,39.663,-75.756,-1.800749998,0.002384302,-0.001236434,-0.002120754,0.001089632,-0.001236434,,novatel_oem7_msgs.msg.InertialSolutionStatus(status=3),
1786043625608265863,1786043625.606616907,/novatel/oem7/fix,/novatel/oem7/fix,/novatel/oem7/inspva,39.663,-75.756,-1.800749998,0.002384302,-0.001236434,-0.002120754,0.001089632,-0.001236434,,0,
1786043625609287523,1786043625.606992971,/novatel/oem7/odom,/novatel/oem7/fix,/novatel/oem7/odom,39.663,-75.756,-1.800749998,0.002383574,-0.001237839,0.000989505,-0.002168479,-0.001237839,,,
1786043625611084551,1786043625.610496662,/novatel/oem7/bestpos,/novatel/oem7/bestpos,/novatel/oem7/odom,39.663,-75.756,33.181816928,0.002383574,-0.001237839,0.000989505,-0.002168479,-0.001237839,,novatel_oem7_msgs.msg.SolutionStatus(status=0),novatel_oem7_msgs.msg.PositionOrVelocityType(type=53)
1786043625612475061,1786043625.610955347,/novatel/oem7/bestvel,/novatel/oem7/bestpos,/novatel/oem7/bestvel,39.663,-75.756,33.181816928,0.002347306,-0.000441316,,,,185.149797711,novatel_oem7_msgs.msg.SolutionStatus(status=0),novatel_oem7_msgs.msg.PositionOrVelocityType(type=53)
1786043625615575925,1786043625.614931368,/novatel/oem7/odom,/novatel/oem7/bestpos,/novatel/oem7/odom,39.663,-75.756,33.181816928,0.002383574,-0.001237839,0.000989505,-0.002168479,-0.001237839,,,
1786043625625652403,1786043625.625135022,/novatel/oem7/inspva,/novatel/oem7/inspva,/novatel/oem7/inspva,39.663,-75.756,-1.800714364,0.002539411,0.000362614,-0.001816658,0.001774362,0.000362614,,novatel_oem7_msgs.msg.InertialSolutionStatus(status=3),
1786043625626945926,1786043625.625272093,/novatel/oem7/fix,/novatel/oem7/fix,/novatel/oem7/inspva,39.663,-75.756,-1.800714364,0.002539411,0.000362614,-0.001816658,0.001774362,0.000362614,,0,
1786043625627979153,1786043625.625579583,/novatel/oem7/odom,/novatel/oem7/fix,/novatel/oem7/odom,39.663,-75.756,-1.800714364,0.002539159,0.000364376,0.001682319,-0.001901876,0.000364376,,,
1786043625635874540,1786043625.635000142,/novatel/oem7/odom,/novatel/oem7/fix,/novatel/oem7/odom,39.663,-75.756,-1.800714364,0.002539159,0.000364376,0.001682319,-0.001901876,0.000364376,,,
1786043625646032759,1786043625.645449024,/novatel/oem7/inspva,/novatel/oem7/inspva,/novatel/oem7/inspva,39.663,-75.756,-1.800683089,0.000563588,0.001282020,-0.000313752,0.000468179,0.001282020,,novatel_oem7_msgs.msg.InertialSolutionStatus(status=3),
1786043625647473037,1786043625.645616042,/novatel/oem7/fix,/novatel/oem7/fix,/novatel/oem7/inspva,39.663,-75.756,-1.800683089,0.000563588,0.001282020,-0.000313752,0.000468179,0.001282020,,0,
1786043625648528264,1786043625.646224448,/novatel/oem7/odom,/novatel/oem7/fix,/novatel/oem7/odom,39.663,-75.756,-1.800683089,0.000561546,0.001282916,0.000447500,-0.000339230,0.001282916,,,
1786043625656796021,1786043625.656100858,/novatel/oem7/odom,/novatel/oem7/fix,/novatel/oem7/odom,39.663,-75.756,-1.800683089,0.000561546,0.001282916,0.000447500,-0.000339230,0.001282916,,,
1786043625665918331,1786043625.665367465,/novatel/oem7/inspva,/novatel/oem7/inspva,/novatel/oem7/inspva,39.663,-75.756,-1.800659086,0.000382506,-0.000455696,0.000062543,-0.000377358,-0.000455696,,novatel_oem7_msgs.msg.InertialSolutionStatus(status=3),
1786043625667295424,1786043625.665540173,/novatel/oem7/fix,/novatel/oem7/fix,/novatel/oem7/inspva,39.663,-75.756,-1.800659086,0.000382506,-0.000455696,0.000062543,-0.000377358,-0.000455696,,0,
1786043625668372554,1786043625.666021308,/novatel/oem7/odom,/novatel/oem7/fix,/novatel/oem7/odom,39.663,-75.756,-1.800659086,0.000381059,-0.000456907,-0.000372149,0.000081923,-0.000456907,,,
1786043625676066360,1786043625.675022878,/novatel/oem7/odom,/novatel/oem7/fix,/novatel/oem7/odom,39.663,-75.756,-1.800659086,0.000381059,-0.000456907,-0.000372149,0.000081923,-0.000456907,,,
1786043625686118131,1786043625.685435821,/novatel/oem7/inspva,/novatel/oem7/inspva,/novatel/oem7/inspva,39.663,-75.756,-1.800648087,0.001784515,-0.001672685,-0.001782698,0.000080523,-0.001672685,,novatel_oem7_msgs.msg.InertialSolutionStatus(status=3),
1786043625687917595,1786043625.685638806,/novatel/oem7/fix,/novatel/oem7/fix,/novatel/oem7/inspva,39.663,-75.756,-1.800648087,0.001784515,-0.001672685,-0.001782698,0.000080523,-0.001672685,,0,
1786043625689315952,1786043625.686358040,/novatel/oem7/odom,/novatel/oem7/fix,/novatel/oem7/odom,39.663,-75.756,-1.800648087,0.001780618,-0.001676833,-0.000000278,-0.001780618,-0.001676833,,,
1786043625696324804,1786043625.695557948,/novatel/oem7/odom,/novatel/oem7/fix,/novatel/oem7/odom,39.663,-75.756,-1.800648087,0.001780618,-0.001676833,-0.000000278,-0.001780618,-0.001676833,,,
1786043625706680152,1786043625.705903814,/novatel/oem7/inspva,/novatel/oem7/inspva,/novatel/oem7/inspva,39.663,-75.756,-1.800611424,0.002533250,-0.000279035,-0.002097895,0.001419928,-0.000279035,,novatel_oem7_msgs.msg.InertialSolutionStatus(status=3),
1786043625708250990,1786043625.706145607,/novatel/oem7/fix,/novatel/oem7/fix,/novatel/oem7/inspva,39.663,-75.756,-1.800611424,0.002533250,-0.000279035,-0.002097895,0.001419928,-0.000279035,,0,
1786043625709341381,1786043625.706655435,/novatel/oem7/odom,/novatel/oem7/fix,/novatel/oem7/odom,39.663,-75.756,-1.800611424,0.002533230,-0.000279215,0.001316989,-0.002163977,-0.000279215,,,
1786043625710936623,1786043625.709584597,/novatel/oem7/bestpos,/novatel/oem7/bestpos,/novatel/oem7/odom,39.663,-75.756,33.181945731,0.002533230,-0.000279215,0.001316989,-0.002163977,-0.000279215,,novatel_oem7_msgs.msg.SolutionStatus(status=0),novatel_oem7_msgs.msg.PositionOrVelocityType(type=53)
1786043625712349600,1786043625.710339788,/novatel/oem7/bestvel,/novatel/oem7/bestpos,/novatel/oem7/bestvel,39.663,-75.756,33.181945731,0.002142125,0.000089787,,,,162.557616221,novatel_oem7_msgs.msg.SolutionStatus(status=0),novatel_oem7_msgs.msg.PositionOrVelocityType(type=53)
1786043625715117021,1786043625.714464055,/novatel/oem7/odom,/novatel/oem7/bestpos,/novatel/oem7/odom,39.663,-75.756,33.181945731,0.002533230,-0.000279215,0.001316989,-0.002163977,-0.000279215,,,
1786043625727451778,1786043625.726696368,/novatel/oem7/inspva,/novatel/oem7/inspva,/novatel/oem7/inspva,39.663,-75.756,-1.800573651,0.000966511,0.001684236,-0.000937193,0.000236247,0.001684236,,novatel_oem7_msgs.msg.InertialSolutionStatus(status=3),
1786043625729001867,1786043625.726902306,/novatel/oem7/fix,/novatel/oem7/fix,/novatel/oem7/inspva,39.663,-75.756,-1.800573651,0.000966511,0.001684236,-0.000937193,0.000236247,0.001684236,,0,
1786043625730116568,1786043625.727393847,/novatel/oem7/odom,/novatel/oem7/fix,/novatel/oem7/odom,39.663,-75.756,-1.800573651,0.000969117,0.001682738,0.000183927,-0.000951503,0.001682738,,,
1786043625736508870,1786043625.735736516,/novatel/oem7/odom,/novatel/oem7/fix,/novatel/oem7/odom,39.663,-75.756,-1.800573651,0.000969117,0.001682738,0.000183927,-0.000951503,0.001682738,,,
1786043625745959516,1786043625.745223455,/novatel/oem7/inspva,/novatel/oem7/inspva,/novatel/oem7/inspva,39.663,-75.756,-1.800558864,0.000547605,-0.000203855,-0.000534288,0.000120031,-0.000203855,,novatel_oem7_msgs.msg.InertialSolutionStatus(status=3),
1786043625747714026,1786043625.745534682,/novatel/oem7/fix,/novatel/oem7/fix,/novatel/oem7/inspva,39.663,-75.756,-1.800558864,0.000547605,-0.000203855,-0.000534288,0.000120031,-0.000203855,,0,
1786043625748989475,1786043625.745826237,/novatel/oem7/odom,/novatel/oem7/fix,/novatel/oem7/odom,39.663,-75.756,-1.800558864,0.000547272,-0.000204748,0.000094615,-0.000539031,-0.000204748,,,
1786043625756904243,1786043625.756045494,/novatel/oem7/odom,/novatel/oem7/fix,/novatel/oem7/odom,39.663,-75.756,-1.800558864,0.000547272,-0.000204748,0.000094615,-0.000539031,-0.000204748,,,
1786043625766382052,1786043625.765384662,/novatel/oem7/inspva,/novatel/oem7/inspva,/novatel/oem7/inspva,39.663,-75.756,-1.800562112,0.000709746,-0.002108610,-0.000694616,0.000145765,-0.002108610,,novatel_oem7_msgs.msg.InertialSolutionStatus(status=3),
1786043625768352104,1786043625.765565410,/novatel/oem7/fix,/novatel/oem7/fix,/novatel/oem7/inspva,39.663,-75.756,-1.800562112,0.000709746,-0.002108610,-0.000694616,0.000145765,-0.002108610,,0,
1786043625769522256,1786043625.767361778,/novatel/oem7/odom,/novatel/oem7/fix,/novatel/oem7/odom,39.663,-75.756,-1.800562112,0.000706180,-0.002109806,0.000119550,-0.000695987,-0.002109806,,,
1786043625775991672,1786043625.775143394,/novatel/oem7/odom,/novatel/oem7/fix,/novatel/oem7/odom,39.663,-75.756,-1.800562112,0.000706180,-0.002109806,0.000119550,-0.000695987,-0.002109806,,,
1786043625786827132,1786043625.786146375,/novatel/oem7/inspva,/novatel/oem7/inspva,/novatel/oem7/inspva,39.663,-75.756,-1.800533015,0.001552440,-0.001256735,-0.001497333,0.000409959,-0.001256735,,novatel_oem7_msgs.msg.InertialSolutionStatus(status=3),
1786043625788632373,1786043625.786323193,/novatel/oem7/fix,/novatel/oem7/fix,/novatel/oem7/inspva,39.663,-75.756,-1.800533015,0.001552440,-0.001256735,-0.001497333,0.000409959,-0.001256735,,0,
1786043625790036863,1786043625.786966796,/novatel/oem7/odom,/novatel/oem7/fix,/novatel/oem7/odom,39.663,-75.756,-1.800533015,0.001550588,-0.001259020,0.000341143,-0.001512595,-0.001259020,,,
1786043625795410742,1786043625.794572454,/novatel/oem7/odom,/novatel/oem7/fix,/novatel/oem7/odom,39.663,-75.756,-1.800533015,0.001550588,-0.001259020,0.000341143,-0.001512595,-0.001259020,,,
1786043625807399763,1786043625.806399429,/novatel/oem7/inspva,/novatel/oem7/inspva,/novatel/oem7/inspva,39.663,-75.756,-1.800482133,0.001704481,0.002508261,-0.001621057,0.000526716,0.002508261,,novatel_oem7_msgs.msg.InertialSolutionStatus(status=3),
1786043625809396176,1786043625.806584661,/novatel/oem7/fix,/novatel/oem7/fix,/novatel/oem7/inspva,39.663,-75.756,-1.800482133,0.001704481,0.002508261,-0.001621057,0.000526716,0.002508261,,0,
1786043625810905143,1786043625.807346062,/novatel/oem7/odom,/novatel/oem7/fix,/novatel/oem7/odom,39.663,-75.756,-1.800482133,0.001707700,0.002506071,0.000437671,-0.001650662,0.002506071,,,
1786043625812821232,1786043625.810352275,/novatel/oem7/bestpos,/novatel/oem7/bestpos,/novatel/oem7/odom,39.663,-75.756,33.182056032,0.001707700,0.002506071,0.000437671,-0.001650662,0.002506071,,novatel_oem7_msgs.msg.SolutionStatus(status=0),novatel_oem7_msgs.msg.PositionOrVelocityType(type=53)
1786043625814018164,1786043625.810833340,/novatel/oem7/bestvel,/novatel/oem7/bestpos,/novatel/oem7/bestvel,39.663,-75.756,33.182056032,0.001832525,0.002174212,,,,145.224254263,novatel_oem7_msgs.msg.SolutionStatus(status=0),novatel_oem7_msgs.msg.PositionOrVelocityType(type=53)
1786043625816605416,1786043625.815702457,/novatel/oem7/odom,/novatel/oem7/bestpos,/novatel/oem7/odom,39.663,-75.756,33.182056032,0.001707700,0.002506071,0.000437671,-0.001650662,0.002506071,,,
1786043625825556790,1786043625.824967095,/novatel/oem7/inspva,/novatel/oem7/inspva,/novatel/oem7/inspva,39.663,-75.756,-1.800466464,0.001153408,0.000919402,-0.001146317,-0.000127698,0.000919402,,novatel_oem7_msgs.msg.InertialSolutionStatus(status=3),
1786043625827035255,1786043625.825132782,/novatel/oem7/fix,/novatel/oem7/fix,/novatel/oem7/inspva,39.663,-75.756,-1.800466464,0.001153408,0.000919402,-0.001146317,-0.000127698,0.000919402,,0,
1786043625828121135,1786043625.825606084,/novatel/oem7/odom,/novatel/oem7/fix,/novatel/oem7/odom,39.663,-75.756,-1.800466464,0.001156049,0.000916079,-0.000186841,-0.001140850,0.000916079,,,
1786043625835834854,1786043625.834862951,/novatel/oem7/odom,/novatel/oem7/fix,/novatel/oem7/odom,39.663,-75.756,-1.800466464,0.001156049,0.000916079,-0.000186841,-0.001140850,0.000916079,,,
1786043625847741670,1786043625.846591523,/novatel/oem7/inspva,/novatel/oem7/inspva,/novatel/oem7/inspva,39.663,-75.756,-1.800478167,0.000771062,-0.002273580,-0.000364776,-0.000679319,-0.002273580,,novatel_oem7_msgs.msg.InertialSolutionStatus(status=3),
1786043625849436810,1786043625.846760869,/novatel/oem7/fix,/novatel/oem7/fix,/novatel/oem7/inspva,39.663,-75.756,-1.800478167,0.000771062,-0.002273580,-0.000364776,-0.000679319,-0.002273580,,0,
1786043625850718236,1786043625.847242305,/novatel/oem7/odom,/novatel/oem7/fix,/novatel/oem7/odom,39.663,-75.756,-1.800478167,0.000761218,-0.002276895,-0.000687883,-0.000325989,-0.002276895,,,
1786043625857166669,1786043625.856372602,/novatel/oem7/odom,/novatel/oem7/fix,/novatel/oem7/odom,39.663,-75.756,-1.800478167,0.000761218,-0.002276895,-0.000687883,-0.000325989,-0.002276895,,,
1786043625866097593,1786043625.865039939,/novatel/oem7/inspva,/novatel/oem7/inspva,/novatel/oem7/inspva,39.663,-75.756,-1.800455329,0.000948438,-0.001650929,-0.000947467,-0.000042916,-0.001650929,,novatel_oem7_msgs.msg.InertialSolutionStatus(status=3),
1786043625867924131,1786043625.865212742,/novatel/oem7/fix,/novatel/oem7/fix,/novatel/oem7/inspva,39.663,-75.756,-1.800455329,0.000948438,-0.001650929,-0.000947467,-0.000042916,-0.001650929,,0,
1786043625869344941,1786043625.865793084,/novatel/oem7/odom,/novatel/oem7/fix,/novatel/oem7/odom,39.663,-75.756,-1.800455329,0.000944049,-0.001653443,-0.000082927,-0.000940400,-0.001653443,,,
1786043625875846148,1786043625.874742364,/novatel/oem7/odom,/novatel/oem7/fix,/novatel/oem7/odom,39.663,-75.756,-1.800455329,0.000944049,-0.001653443,-0.000082927,-0.000940400,-0.001653443,,,
1786043625886289947,1786043625.885346278,/novatel/oem7/inspva,/novatel/oem7/inspva,/novatel/oem7/inspva,39.663,-75.756,-1.800413942,0.002660592,0.001545721,-0.002641099,-0.000321481,0.001545721,,novatel_oem7_msgs.msg.InertialSolutionStatus(status=3),
1786043625888183902,1786043625.885498538,/novatel/oem7/fix,/novatel/oem7/fix,/novatel/oem7/inspva,39.663,-75.756,-1.800413942,0.002660592,0.001545721,-0.002641099,-0.000321481,0.001545721,,0,
1786043625889565749,1786043625.886182963,/novatel/oem7/odom,/novatel/oem7/fix,/novatel/oem7/odom,39.663,-75.756,-1.800413942,0.002665095,0.001537945,-0.000455549,-0.002625873,0.001537945,,,
1786043625895841613,1786043625.894893711,/novatel/oem7/odom,/novatel/oem7/fix,/novatel/oem7/odom,39.663,-75.756,-1.800413942,0.002665095,0.001537945,-0.000455549,-0.002625873,0.001537945,,,
1786043625906766884,1786043625.905948792,/novatel/oem7/inspva,/novatel/oem7/inspva,/novatel/oem7/inspva,39.663,-75.756,-1.800393727,0.001936243,0.001229894,-0.001917256,-0.000270497,0.001229894,,novatel_oem7_msgs.msg.InertialSolutionStatus(status=3),
1786043625908170161,1786043625.906183241,/novatel/oem7/fix,/novatel/oem7/fix,/novatel/oem7/inspva,39.663,-75.756,-1.800393727,0.001936243,0.001229894,-0.001917256,-0.000270497,0.001229894,,0,
1786043625909214811,1786043625.906654919,/novatel/oem7/odom,/novatel/oem7/fix,/novatel/oem7/odom,39.663,-75.756,-1.800393727,0.001939894,0.001224129,-0.000368141,-0.001904641,0.001224129,,,
1786043625910857707,1786043625.909687347,/novatel/oem7/bestpos,/novatel/oem7/bestpos,/novatel/oem7/odom,39.663,-75.756,33.182162280,0.001939894,0.001224129,-0.000368141,-0.001904641,0.001224129,,novatel_oem7_msgs.msg.SolutionStatus(status=0),novatel_oem7_msgs.msg.PositionOrVelocityType(type=53)
1786043625912264884,1786043625.910334080,/novatel/oem7/bestvel,/novatel/oem7/bestpos,/novatel/oem7/bestvel,39.663,-75.756,33.182162280,0.001595972,0.001139851,,,,201.354144681,novatel_oem7_msgs.msg.SolutionStatus(status=0),novatel_oem7_msgs.msg.PositionOrVelocityType(type=53)
1786043625915165982,1786043625.914436025,/novatel/oem7/odom,/novatel/oem7/bestpos,/novatel/oem7/odom,39.663,-75.756,33.182162280,0.001939894,0.001224129,-0.000368141,-0.001904641,0.001224129,,,
1786043625926173140,1786043625.925216840,/novatel/oem7/inspva,/novatel/oem7/inspva,/novatel/oem7/inspva,39.663,-75.756,-1.800405989,0.001286211,-0.001655948,-0.000279130,-0.001255558,-0.001655948,,novatel_oem7_msgs.msg.InertialSolutionStatus(status=3),
1786043625928117192,1786043625.925378044,/novatel/oem7/fix,/novatel/oem7/fix,/novatel/oem7/inspva,39.663,-75.756,-1.800405989,0.001286211,-0.001655948,-0.000279130,-0.001255558,-0.001655948,,0,
1786043625929670901,1786043625.925934481,/novatel/oem7/odom,/novatel/oem7/fix,/novatel/oem7/odom,39.663,-75.756,-1.800405989,0.001279494,-0.001661144,-0.001261507,-0.000213786,-0.001661144,,,
1786043625936244885,1786043625.935470751,/novatel/oem7/odom,/novatel/oem7/fix,/novatel/oem7/odom,39.663,-75.756,-1.800405989,0.001279494,-0.001661144,-0.001261507,-0.000213786,-0.001661144,,,
1786043625945392565,1786043625.944972020,/novatel/oem7/inspva,/novatel/oem7/inspva,/novatel/oem7/inspva,39.663,-75.756,-1.800382831,0.000629239,-0.001318408,-0.000503416,-0.000377511,-0.001318408,,novatel_oem7_msgs.msg.InertialSolutionStatus(status=3),
1786043625946287662,1786043625.945144962,/novatel/oem7/fix,/novatel/oem7/fix,/novatel/oem7/inspva,39.663,-75.756,-1.800382831,0.000629239,-0.001318408,-0.000503416,-0.000377511,-0.001318408,,0,
1786043625946952853,1786043625.945567893,/novatel/oem7/odom,/novatel/oem7/fix,/novatel/oem7/odom,39.663,-75.756,-1.800382831,0.000623762,-0.001321008,-0.000396715,-0.000481349,-0.001321008,,,
1786043625956418430,1786043625.955716245,/novatel/oem7/odom,/novatel/oem7/fix,/novatel/oem7/odom,39.663,-75.756,-1.800382831,0.000623762,-0.001321008,-0.000396715,-0.000481349,-0.001321008,,,
1786043625967250019,1786043625.966556407,/novatel/oem7/inspva,/novatel/oem7/inspva,/novatel/oem7/inspva,39.663,-75.756,-1.800359073,0.002814193,0.000145587,-0.002779873,0.000438161,0.000145587,,novatel_oem7_msgs.msg.InertialSolutionStatus(status=3),
1786043625968896945,1786043625.966713567,/novatel/oem7/fix,/novatel/oem7/fix,/novatel/oem7/inspva,39.663,-75.756,-1.800359073,0.002814193,0.000145587,-0.002779873,0.000438161,0.000145587,,0,
1786043625970165457,1786043625.967410146,/novatel/oem7/odom,/novatel/oem7/fix,/novatel/oem7/odom,39.663,-75.756,-1.800359073,0.002814466,0.000140197,0.000301692,-0.002798250,0.000140197,,,
1786043625975926516,1786043625.975187379,/novatel/oem7/odom,/novatel/oem7/fix,/novatel/oem7/odom,39.663,-75.756,-1.800359073,0.002814466,0.000140197,0.000301692,-0.002798250,0.000140197,,,
1786043625985772725,1786043625.985156720,/novatel/oem7/inspva,/novatel/oem7/inspva,/novatel/oem7/inspva,39.663,-75.756,-1.800332832,0.002351204,0.000420293,-0.002337350,-0.000254859,0.000420293,,novatel_oem7_msgs.msg.InertialSolutionStatus(status=3),
1786043625987256947,1786043625.985396228,/novatel/oem7/fix,/novatel/oem7/fix,/novatel/oem7/inspva,39.663,-75.756,-1.800332832,0.002351204,0.000420293,-0.002337350,-0.000254859,0.000420293,,0,
1786043625988404753,1786043625.986049518,/novatel/oem7/odom,/novatel/oem7/fix,/novatel/oem7/odom,39.663,-75.756,-1.800332832,0.002352395,0.000413573,-0.000369946,-0.002323123,0.000413573,,,
1786043625996540367,1786043625.995542334,/novatel/oem7/odom,/novatel/oem7/fix,/novatel/oem7/odom,39.663,-75.756,-1.800332832,0.002352395,0.000413573,-0.000369946,-0.002323123,0.000413573,,,
1786043626008898032,1786043626.008275316,/novatel/oem7/inspva,/novatel/oem7/inspva,/novatel/oem7/inspva,39.663,-75.756,-1.800330017,0.001059000,-0.000304954,0.000099605,-0.001054305,-0.000304954,,novatel_oem7_msgs.msg.InertialSolutionStatus(status=3),
1786043626010245431,1786043626.008448342,/novatel/oem7/fix,/novatel/oem7/fix,/novatel/oem7/inspva,39.663,-75.756,-1.800330017,0.001059000,-0.000304954,0.000099605,-0.001054305,-0.000304954,,0,
1786043626012186110,1786043626.011297788,/novatel/oem7/odom,/novatel/oem7/fix,/novatel/oem7/odom,39.663,-75.756,-1.800330017,0.001057975,-0.000308488,-0.001047066,0.000151543,-0.000308488,,,
1786043626016352961,1786043626.015613934,/novatel/oem7/odom,/novatel/oem7/fix,/novatel/oem7/odom,39.663,-75.756,-1.800330017,0.001057975,-0.000308488,-0.001047066,0.000151543,-0.000308488,,,
1786043626026212211,1786043626.025139947,/novatel/oem7/bestpos,/novatel/oem7/bestpos,/novatel/oem7/odom,39.663,-75.756,33.182222548,0.001057975,-0.000308488,-0.001047066,0.000151543,-0.000308488,,novatel_oem7_msgs.msg.SolutionStatus(status=0),novatel_oem7_msgs.msg.PositionOrVelocityType(type=53)
1786043626028886463,1786043626.027510349,/novatel/oem7/bestvel,/novatel/oem7/bestpos,/novatel/oem7/bestvel,39.663,-75.756,33.182222548,0.000591260,-0.000872694,,,,322.000130545,novatel_oem7_msgs.msg.SolutionStatus(status=0),novatel_oem7_msgs.msg.PositionOrVelocityType(type=53)
1786043626030603700,1786043626.028583264,/novatel/oem7/inspva,/novatel/oem7/inspva,/novatel/oem7/inspva,39.663,-75.756,-1.800316100,0.001147570,-0.000884960,-0.000046350,-0.001146633,-0.000884960,,novatel_oem7_msgs.msg.InertialSolutionStatus(status=3),
1786043626031478536,1786043626.028887946,/novatel/oem7/fix,/novatel/oem7/fix,/novatel/oem7/inspva,39.663,-75.756,-1.800316100,0.001147570,-0.000884960,-0.000046350,-0.001146633,-0.000884960,,0,
1786043626032569766,1786043626.029351792,/novatel/oem7/odom,/novatel/oem7/fix,/novatel/oem7/odom,39.663,-75.756,-1.800316100,0.001144283,-0.000889206,-0.001144224,0.000011595,-0.000889206,,,
1786043626035243386,1786043626.034487208,/novatel/oem7/odom,/novatel/oem7/fix,/novatel/oem7/odom,39.663,-75.756,-1.800316100,0.001144283,-0.000889206,-0.001144224,0.000011595,-0.000889206,,,
1786043626046042678,1786043626.045350504,/novatel/oem7/inspva,/novatel/oem7/inspva,/novatel/oem7/inspva,39.663,-75.756,-1.800311930,0.001570296,-0.000861738,-0.001475780,-0.000536564,-0.000861738,,novatel_oem7_msgs.msg.InertialSolutionStatus(status=3),
1786043626047479835,1786043626.045524206,/novatel/oem7/fix,/novatel/oem7/fix,/novatel/oem7/inspva,39.663,-75.756,-1.800311930,0.001570296,-0.000861738,-0.001475780,-0.000536564,-0.000861738,,0,
1786043626048557399,1786043626.046082661,/novatel/oem7/odom,/novatel/oem7/fix,/novatel/oem7/odom,39.663,-75.756,-1.800311930,0.001567219,-0.000867321,-0.000604639,-0.001445887,-0.000867321,,,
1786043626057593488,1786043626.056496433,/novatel/oem7/odom,/novatel/oem7/fix,/novatel/oem7/odom,39.663,-75.756,-1.800311930,0.001567219,-0.000867321,-0.000604639,-0.001445887,-0.000867321,,,
1786043626066647632,1786043626.065387230,/novatel/oem7/inspva,/novatel/oem7/inspva,/novatel/oem7/inspva,39.663,-75.756,-1.800314131,0.001891739,-0.000479339,-0.001872142,0.000271584,-0.000479339,,novatel_oem7_msgs.msg.InertialSolutionStatus(status=3),
1786043626068582525,1786043626.066398355,/novatel/oem7/fix,/novatel/oem7/fix,/novatel/oem7/inspva,39.663,-75.756,-1.800314131,0.001891739,-0.000479339,-0.001872142,0.000271584,-0.000479339,,0,
1786043626070013265,1786043626.067604386,/novatel/oem7/odom,/novatel/oem7/fix,/novatel/oem7/odom,39.663,-75.756,-1.800314131,0.001890808,-0.000482996,0.000181848,-0.001882043,-0.000482996,,,
1786043626076210433,1786043626.075250893,/novatel/oem7/odom,/novatel/oem7/fix,/novatel/oem7/odom,39.663,-75.756,-1.800314131,0.001890808,-0.000482996,0.000181848,-0.001882043,-0.000482996,,,
1786043626087497920,1786043626.086791010,/novatel/oem7/inspva,/novatel/oem7/inspva,/novatel/oem7/inspva,39.663,-75.756,-1.800312528,0.000976274,0.000752217,-0.000842443,-0.000493357,0.000752217,,novatel_oem7_msgs.msg.InertialSolutionStatus(status=3),
1786043626089442919,1786043626.086960096,/novatel/oem7/fix,/novatel/oem7/fix,/novatel/oem7/inspva,39.663,-75.756,-1.800312528,0.000976274,0.000752217,-0.000842443,-0.000493357,0.000752217,,0,
1786043626090579400,1786043626.087380629,/novatel/oem7/odom,/novatel/oem7/fix,/novatel/oem7/odom,39.663,-75.756,-1.800312528,0.000979262,0.000748322,-0.000536613,-0.000819147,0.000748322,,,
1786043626096685123,1786043626.095857475,/novatel/oem7/odom,/novatel/oem7/fix,/novatel/oem7/odom,39.663,-75.756,-1.800312528,0.000979262,0.000748322,-0.000536613,-0.000819147,0.000748322,,,
1786043626106457638,1786043626.105755402,/novatel/oem7/inspva,/novatel/oem7/inspva,/novatel/oem7/inspva,39.663,-75.756,-1.800335847,0.000611205,-0.000405853,-0.000236270,-0.000563692,-0.000405853,,novatel_oem7_msgs.msg.InertialSolutionStatus(status=3),
1786043626107886839,1786043626.105865326,/novatel/oem7/fix,/novatel/oem7/fix,/novatel/oem7/inspva,39.663,-75.756,-1.800335847,0.000611205,-0.000405853,-0.000236270,-0.000563692,-0.000405853,,0,
1786043626108922803,1786043626.106437721,/novatel/oem7/odom,/novatel/oem7/fix,/novatel/oem7/odom,39.663,-75.756,-1.800335847,0.000609462,-0.000408466,-0.000573015,-0.000207598,-0.000408466,,,
1786043626110687980,1786043626.109237770,/novatel/oem7/bestpos,/novatel/oem7/bestpos,/novatel/oem7/odom,39.663,-75.756,33.182206881,0.000609462,-0.000408466,-0.000573015,-0.000207598,-0.000408466,,novatel_oem7_msgs.msg.SolutionStatus(status=0),novatel_oem7_msgs.msg.PositionOrVelocityType(type=53)
1786043626111646622,1786043626.109662934,/novatel/oem7/bestvel,/novatel/oem7/bestpos,/novatel/oem7/bestvel,39.663,-75.756,33.182206881,0.000346984,-0.001100235,,,,34.797294455,novatel_oem7_msgs.msg.SolutionStatus(status=0),novatel_oem7_msgs.msg.PositionOrVelocityType(type=53)
1786043626116188520,1786043626.115452186,/novatel/oem7/odom,/novatel/oem7/bestpos,/novatel/oem7/odom,39.663,-75.756,33.182206881,0.000609462,-0.000408466,-0.000573015,-0.000207598,-0.000408466,,,
1786043626127075830,1786043626.125578928,/novatel/oem7/inspva,/novatel/oem7/inspva,/novatel/oem7/inspva,39.663,-75.756,-1.800358333,0.001112026,-0.001752310,-0.000342355,-0.001058015,-0.001752310,,novatel_oem7_msgs.msg.InertialSolutionStatus(status=3),
1786043626128861300,1786043626.126716843,/novatel/oem7/fix,/novatel/oem7/fix,/novatel/oem7/inspva,39.663,-75.756,-1.800358333,0.001112026,-0.001752310,-0.000342355,-0.001058015,-0.001752310,,0,
1786043626130016329,1786043626.127529544,/novatel/oem7/odom,/novatel/oem7/fix,/novatel/oem7/odom,39.663,-75.756,-1.800358333,0.001104737,-0.001756914,-0.001066980,-0.000286354,-0.001756914,,,
1786043626135648741,1786043626.134856643,/novatel/oem7/odom,/novatel/oem7/fix,/novatel/oem7/odom,39.663,-75.756,-1.800358333,0.001104737,-0.001756914,-0.001066980,-0.000286354,-0.001756914,,,
1786043626146749719,1786043626.146076630,/novatel/oem7/inspva,/novatel/oem7/inspva,/novatel/oem7/inspva,39.663,-75.756,-1.800361915,0.001515173,-0.001552881,-0.000875294,-0.001236775,-0.001552881,,novatel_oem7_msgs.msg.InertialSolutionStatus(status=3),
1786043626148189009,1786043626.146163141,/novatel/oem7/fix,/novatel/oem7/fix,/novatel/oem7/inspva,39.663,-75.756,-1.800361915,0.001515173,-0.001552881,-0.000875294,-0.001236775,-0.001552881,,0,
1786043626149317817,1786043626.146627848,/novatel/oem7/odom,/novatel/oem7/fix,/novatel/oem7/odom,39.663,-75.756,-1.800361915,0.001508425,-0.001559437,-0.001272205,-0.000810457,-0.001559437,,,
1786043626157008759,1786043626.155955399,/novatel/oem7/odom,/novatel/oem7/fix,/novatel/oem7/odom,39.663,-75.756,-1.800361915,0.001508425,-0.001559437,-0.001272205,-0.000810457,-0.001559437,,,
1786043626166946180,1786043626.165617241,/novatel/oem7/inspva,/novatel/oem7/inspva,/novatel/oem7/inspva,39.663,-75.756,-1.800358943,0.000878549,0.000636035,-0.000861070,0.000174376,0.000636035,,novatel_oem7_msgs.msg.InertialSolutionStatus(status=3),
1786043626169002243,1786043626.166798751,/novatel/oem7/fix,/novatel/oem7/fix,/novatel/oem7/inspva,39.663,-75.756,-1.800358943,0.000878549,0.000636035,-0.000861070,0.000174376,0.000636035,,0,
1786043626170441181,1786043626.168182119,/novatel/oem7/odom,/novatel/oem7/fix,/novatel/oem7/odom,39.663,-75.756,-1.800358943,0.000879657,0.000634502,0.000129893,-0.000870013,0.000634502,,,
1786043626177051798,1786043626.176047039,/novatel/oem7/odom,/novatel/oem7/fix,/novatel/oem7/odom,39.663,-75.756,-1.800358943,0.000879657,0.000634502,0.000129893,-0.000870013,0.000634502,,,
1786043626185904328,1786043626.185175650,/novatel/oem7/inspva,/novatel/oem7/inspva,/novatel/oem7/inspva,39.663,-75.756,-1.800379032,0.000625479,0.000647773,-0.000389262,-0.000489591,0.000647773,,novatel_oem7_msgs.msg.InertialSolutionStatus(status=3),
1786043626187596535,1786043626.185375492,/novatel/oem7/fix,/novatel/oem7/fix,/novatel/oem7/inspva,39.663,-75.756,-1.800379032,0.000625479,0.000647773,-0.000389262,-0.000489591,0.000647773,,0,
1786043626188925978,1786043626.185883308,/novatel/oem7/odom,/novatel/oem7/fix,/novatel/oem7/odom,39.663,-75.756,-1.800379032,0.000628309,0.000645028,-0.000510363,-0.000366472,0.000645028,,,
1786043626195750148,1786043626.194804329,/novatel/oem7/odom,/novatel/oem7/fix,/novatel/oem7/odom,39.663,-75.756,-1.800379032,0.000628309,0.000645028,-0.000510363,-0.000366472,0.000645028,,,
1786043626207339641,1786043626.206620710,/novatel/oem7/inspva,/novatel/oem7/inspva,/novatel/oem7/inspva,39.663,-75.756,-1.800413200,0.001724408,-0.002041020,0.000360528,-0.001686299,-0.002041020,,novatel_oem7_msgs.msg.InertialSolutionStatus(status=3),
1786043626208783695,1786043626.206812399,/novatel/oem7/fix,/novatel/oem7/fix,/novatel/oem7/inspva,39.663,-75.756,-1.800413200,0.001724408,-0.002041020,0.000360528,-0.001686299,-0.002041020,,0,
1786043626209841576,1786043626.207344197,/novatel/oem7/odom,/novatel/oem7/fix,/novatel/oem7/odom,39.663,-75.756,-1.800413200,0.001718355,-0.002046118,-0.001659213,0.000446943,-0.002046118,,,
1786043626211535832,1786043626.210201402,/novatel/oem7/bestpos,/novatel/oem7/bestpos,/novatel/oem7/odom,39.663,-75.756,33.182141474,0.001718355,-0.002046118,-0.001659213,0.000446943,-0.002046118,,novatel_oem7_msgs.msg.SolutionStatus(status=0),novatel_oem7_msgs.msg.PositionOrVelocityType(type=53)
1786043626212524735,1786043626.210599839,/novatel/oem7/bestvel,/novatel/oem7/bestpos,/novatel/oem7/bestvel,39.663,-75.756,33.182141474,0.001788665,-0.001789787,,,,270.581207825,novatel_oem7_msgs.msg.SolutionStatus(status=0),novatel_oem7_msgs.msg.PositionOrVelocityType(type=53)
1786043626215576888,1786043626.214812970,/novatel/oem7/odom,/novatel/oem7/bestpos,/novatel/oem7/odom,39.663,-75.756,33.182141474,0.001718355,-0.002046118,-0.001659213,0.000446943,-0.002046118,,,
1786043626226294603,1786043626.225194276,/novatel/oem7/inspva,/novatel/oem7/inspva,/novatel/oem7/inspva,39.663,-75.756,-1.800417768,0.001419614,-0.001859929,-0.000377723,-0.001368440,-0.001859929,,novatel_oem7_msgs.msg.InertialSolutionStatus(status=3),
1786043626227945656,1786043626.225447761,/novatel/oem7/fix,/novatel/oem7/fix,/novatel/oem7/inspva,39.663,-75.756,-1.800417768,0.001419614,-0.001859929,-0.000377723,-0.001368440,-0.001859929,,0,
1786043626229068454,1786043626.225890116,/novatel/oem7/odom,/novatel/oem7/fix,/novatel/oem7/odom,39.663,-75.756,-1.800417768,0.001411987,-0.001865726,-0.001378349,-0.000306367,-0.001865726,,,
1786043626236571260,1786043626.235792469,/novatel/oem7/odom,/novatel/oem7/fix,/novatel/oem7/odom,39.663,-75.756,-1.800417768,0.001411987,-0.001865726,-0.001378349,-0.000306367,-0.001865726,,,
1786043626246173821,1786043626.245475230,/novatel/oem7/inspva,/novatel/oem7/inspva,/novatel/oem7/inspva,39.663,-75.756,-1.800413736,0.001044766,0.000357413,-0.001012870,-0.000256183,0.000357413,,novatel_oem7_msgs.msg.InertialSolutionStatus(status=3),
1786043626247639405,1786043626.245674972,/novatel/oem7/fix,/novatel/oem7/fix,/novatel/oem7/inspva,39.663,-75.756,-1.800413736,0.001044766,0.000357413,-0.001012870,-0.000256183,0.000357413,,0,
1786043626248884887,1786043626.246397043,/novatel/oem7/odom,/novatel/oem7/fix,/novatel/oem7/odom,39.663,-75.756,-1.800413736,0.001045941,0.000353960,-0.000306507,-0.001000023,0.000353960,,,
1786043626257273199,1786043626.256522285,/novatel/oem7/odom,/novatel/oem7/fix,/novatel/oem7/odom,39.663,-75.756,-1.800413736,0.001045941,0.000353960,-0.000306507,-0.001000023,0.000353960,,,
1786043626266170046,1786043626.265497766,/novatel/oem7/inspva,/novatel/oem7/inspva,/novatel/oem7/inspva,39.663,-75.756,-1.800437381,0.001047995,0.000234089,-0.001044358,0.000087230,0.000234089,,novatel_oem7_msgs.msg.InertialSolutionStatus(status=3),
1786043626267623920,1786043626.265665901,/novatel/oem7/fix,/novatel/oem7/fix,/novatel/oem7/inspva,39.663,-75.756,-1.800437381,0.001047995,0.000234089,-0.001044358,0.000087230,0.000234089,,0,
1786043626268682204,1786043626.266126759,/novatel/oem7/odom,/novatel/oem7/fix,/novatel/oem7/odom,39.663,-75.756,-1.800437381,0.001048511,0.000231766,0.000035412,-0.001047913,0.000231766,,,
1786043626275625572,1786043626.274850841,/novatel/oem7/odom,/novatel/oem7/fix,/novatel/oem7/odom,39.663,-75.756,-1.800437381,0.001048511,0.000231766,0.000035412,-0.001047913,0.000231766,,,
1786043626286117661,1786043626.285443295,/novatel/oem7/inspva,/novatel/oem7/inspva,/novatel/oem7/inspva,39.663,-75.756,-1.800461167,0.001694921,-0.000667218,0.001033511,-0.001343358,-0.000667218,,novatel_oem7_msgs.msg.InertialSolutionStatus(status=3),
1786043626287669976,1786043626.285599969,/novatel/oem7/fix,/novatel/oem7/fix,/novatel/oem7/inspva,39.663,-75.756,-1.800461167,0.001694921,-0.000667218,0.001033511,-0.001343358,-0.000667218,,0,
1786043626288755183,1786043626.286212825,/novatel/oem7/odom,/novatel/oem7/fix,/novatel/oem7/odom,39.663,-75.756,-1.800461167,0.001694042,-0.000669447,-0.001288955,0.001099260,-0.000669447,,,
1786043626296617377,1786043626.295835379,/novatel/oem7/odom,/novatel/oem7/fix,/novatel/oem7/odom,39.663,-75.756,-1.800461167,0.001694042,-0.000669447,-0.001288955,0.001099260,-0.000669447,,,
1786043626306674048,1786043626.305977231,/novatel/oem7/inspva,/novatel/oem7/inspva,/novatel/oem7/inspva,39.663,-75.756,-1.800475715,0.001603333,-0.001430009,0.000349664,-0.001564741,-0.001430009,,novatel_oem7_msgs.msg.InertialSolutionStatus(status=3),
1786043626308076412,1786043626.306136573,/novatel/oem7/fix,/novatel/oem7/fix,/novatel/oem7/inspva,39.663,-75.756,-1.800475715,0.001603333,-0.001430009,0.000349664,-0.001564741,-0.001430009,,0,
1786043626309130366,1786043626.306673362,/novatel/oem7/odom,/novatel/oem7/fix,/novatel/oem7/odom,39.663,-75.756,-1.800475715,0.001599127,-0.001434711,-0.001540579,0.000428747,-0.001434711,,,
1786043626310829123,1786043626.309884090,/novatel/oem7/bestpos,/novatel/oem7/bestpos,/novatel/oem7/odom,39.663,-75.756,33.182091231,0.001599127,-0.001434711,-0.001540579,0.000428747,-0.001434711,,novatel_oem7_msgs.msg.SolutionStatus(status=0),novatel_oem7_msgs.msg.PositionOrVelocityType(type=53)
1786043626312274160,1786043626.310498346,/novatel/oem7/bestvel,/novatel/oem7/bestpos,/novatel/oem7/bestvel,39.663,-75.756,33.182091231,0.001639932,-0.000828089,,,,240.297333600,novatel_oem7_msgs.msg.SolutionStatus(status=0),novatel_oem7_msgs.msg.PositionOrVelocityType(type=53)
1786043626315392313,1786043626.314615416,/novatel/oem7/odom,/novatel/oem7/bestpos,/novatel/oem7/odom,39.663,-75.756,33.182091231,0.001599127,-0.001434711,-0.001540579,0.000428747,-0.001434711,,,
1786043626327950746,1786043626.327228533,/novatel/oem7/inspva,/novatel/oem7/inspva,/novatel/oem7/inspva,39.663,-75.756,-1.800479025,0.001592468,-0.000377483,-0.001487467,0.000568680,-0.000377483,,novatel_oem7_msgs.msg.InertialSolutionStatus(status=3),
1786043626329330233,1786043626.327393328,/novatel/oem7/fix,/novatel/oem7/fix,/novatel/oem7/inspva,39.663,-75.756,-1.800479025,0.001592468,-0.000377483,-0.001487467,0.000568680,-0.000377483,,0,
1786043626330374224,1786043626.327867345,/novatel/oem7/odom,/novatel/oem7/fix,/novatel/oem7/odom,39.663,-75.756,-1.800479025,0.001592068,-0.000379167,0.000496944,-0.001512523,-0.000379167,,,
1786043626335929391,1786043626.335168580,/novatel/oem7/odom,/novatel/oem7/fix,/novatel/oem7/odom,39.663,-75.756,-1.800479025,0.001592068,-0.000379167,0.000496944,-0.001512523,-0.000379167,,,
1786043626345925539,1786043626.345210665,/novatel/oem7/inspva,/novatel/oem7/inspva,/novatel/oem7/inspva,39.663,-75.756,-1.800491570,0.001526646,0.000347569,-0.001403942,0.000599663,0.000347569,,novatel_oem7_msgs.msg.InertialSolutionStatus(status=3),
1786043626347344436,1786043626.345367390,/novatel/oem7/fix,/novatel/oem7/fix,/novatel/oem7/inspva,39.663,-75.756,-1.800491570,0.001526646,0.000347569,-0.001403942,0.000599663,0.000347569,,0,
1786043626348407356,1786043626.345825068,/novatel/oem7/odom,/novatel/oem7/fix,/novatel/oem7/odom,39.663,-75.756,-1.800491570,0.001526960,0.000346188,0.000529288,-0.001432292,0.000346188,,,
1786043626356573093,1786043626.355778355,/novatel/oem7/odom,/novatel/oem7/fix,/novatel/oem7/odom,39.663,-75.756,-1.800491570,0.001526960,0.000346188,0.000529288,-0.001432292,0.000346188,,,
1786043626366029902,1786043626.365337362,/novatel/oem7/inspva,/novatel/oem7/inspva,/novatel/oem7/inspva,39.663,-75.756,-1.800507694,0.000988668,-0.000106732,0.000445051,-0.000882833,-0.000106732,,novatel_oem7_msgs.msg.InertialSolutionStatus(status=3),
1786043626367520453,1786043626.365526840,/novatel/oem7/fix,/novatel/oem7/fix,/novatel/oem7/inspva,39.663,-75.756,-1.800507694,0.000988668,-0.000106732,0.000445051,-0.000882833,-0.000106732,,0,
1786043626368573750,1786043626.366196937,/novatel/oem7/odom,/novatel/oem7/fix,/novatel/oem7/odom,39.663,-75.756,-1.800507694,0.000988445,-0.000108780,-0.000859712,0.000487770,-0.000108780,,,
1786043626375663983,1786043626.374888145,/novatel/oem7/odom,/novatel/oem7/fix,/novatel/oem7/odom,39.663,-75.756,-1.800507694,0.000988445,-0.000108780,-0.000859712,0.000487770,-0.000108780,,,
1786043626386868739,1786043626.386154062,/novatel/oem7/inspva,/novatel/oem7/inspva,/novatel/oem7/inspva,39.663,-75.756,-1.800525828,0.001534124,-0.000692430,0.000635904,-0.001396124,-0.000692430,,novatel_oem7_msgs.msg.InertialSolutionStatus(status=3),
1786043626388295260,1786043626.386329780,/novatel/oem7/fix,/novatel/oem7/fix,/novatel/oem7/inspva,39.663,-75.756,-1.800525828,0.001534124,-0.000692430,0.000635904,-0.001396124,-0.000692430,,0,
1786043626389361606,1786043626.386796408,/novatel/oem7/odom,/novatel/oem7/fix,/novatel/oem7/odom,39.663,-75.756,-1.800525828,0.001532575,-0.000695851,-0.001360933,0.000704732,-0.000695851,,,
1786043626395220947,1786043626.394485656,/novatel/oem7/odom,/novatel/oem7/fix,/novatel/oem7/odom,39.663,-75.756,-1.800525828,0.001532575,-0.000695851,-0.001360933,0.000704732,-0.000695851,,,
1786043626407052269,1786043626.406378816,/novatel/oem7/inspva,/novatel/oem7/inspva,/novatel/oem7/inspva,39.663,-75.756,-1.800550211,0.001318739,-0.001798662,-0.001318505,0.000024842,-0.001798662,,novatel_oem7_msgs.msg.InertialSolutionStatus(status=3),
1786043626408433343,1786043626.406537541,/novatel/oem7/fix,/novatel/oem7/fix,/novatel/oem7/inspva,39.663,-75.756,-1.800550211,0.001318739,-0.001798662,-0.001318505,0.000024842,-0.001798662,,0,
1786043626409483663,1786043626.407298132,/novatel/oem7/odom,/novatel/oem7/fix,/novatel/oem7/odom,39.663,-75.756,-1.800550211,0.001314413,-0.001801826,-0.000032792,-0.001314004,-0.001801826,,,
1786043626411110769,1786043626.410292558,/novatel/oem7/bestpos,/novatel/oem7/bestpos,/novatel/oem7/odom,39.663,-75.756,33.182021609,0.001314413,-0.001801826,-0.000032792,-0.001314004,-0.001801826,,novatel_oem7_msgs.msg.SolutionStatus(status=0),novatel_oem7_msgs.msg.PositionOrVelocityType(type=53)
1786043626412540507,1786043626.410690605,/novatel/oem7/bestvel,/novatel/oem7/bestpos,/novatel/oem7/bestvel,39.663,-75.756,33.182021609,0.002031276,-0.000995333,,,,212.477507157,novatel_oem7_msgs.msg.SolutionStatus(status=0),novatel_oem7_msgs.msg.PositionOrVelocityType(type=53)
1786043626416261303,1786043626.415547131,/novatel/oem7/odom,/novatel/oem7/bestpos,/novatel/oem7/odom,39.663,-75.756,33.182021609,0.001314413,-0.001801826,-0.000032792,-0.001314004,-0.001801826,,,
1786043626425800589,1786043626.425090843,/novatel/oem7/inspva,/novatel/oem7/inspva,/novatel/oem7/inspva,39.663,-75.756,-1.800557871,0.001316857,-0.000666653,-0.001212419,0.000513958,-0.000666653,,novatel_oem7_msgs.msg.InertialSolutionStatus(status=3),
1786043626427177730,1786043626.425238421,/novatel/oem7/fix,/novatel/oem7/fix,/novatel/oem7/inspva,39.663,-75.756,-1.800557871,0.001316857,-0.000666653,-0.001212419,0.000513958,-0.000666653,,0,
1786043626428240746,1786043626.425680708,/novatel/oem7/odom,/novatel/oem7/fix,/novatel/oem7/odom,39.663,-75.756,-1.800557871,0.001316258,-0.000667834,0.000456743,-0.001234472,-0.000667834,,,
1786043626435184361,1786043626.434445381,/novatel/oem7/odom,/novatel/oem7/fix,/novatel/oem7/odom,39.663,-75.756,-1.800557871,0.001316258,-0.000667834,0.000456743,-0.001234472,-0.000667834,,,
1786043626447834618,1786043626.447115025,/novatel/oem7/inspva,/novatel/oem7/inspva,/novatel/oem7/inspva,39.663,-75.756,-1.800565057,0.000570981,0.000716487,-0.000200485,-0.000534626,0.000716487,,novatel_oem7_msgs.msg.InertialSolutionStatus(status=3),
1786043626449299439,1786043626.447336480,/novatel/oem7/fix,/novatel/oem7/fix,/novatel/oem7/inspva,39.663,-75.756,-1.800565057,0.000570981,0.000716487,-0.000200485,-0.000534626,0.000716487,,0,
1786043626450762813,1786043626.447672456,/novatel/oem7/odom,/novatel/oem7/fix,/novatel/oem7/odom,39.663,-75.756,-1.800565057,0.000574018,0.000714056,-0.000546413,-0.000175866,0.000714056,,,
1786043626457450659,1786043626.456610300,/novatel/oem7/odom,/novatel/oem7/fix,/novatel/oem7/odom,39.663,-75.756,-1.800565057,0.000574018,0.000714056,-0.000546413,-0.000175866,0.000714056,,,
1786043626465741597,1786043626.465040280,/novatel/oem7/inspva,/novatel/oem7/inspva,/novatel/oem7/inspva,39.663,-75.756,-1.800594417,0.000464786,-0.000439723,0.000313838,-0.000342829,-0.000439723,,novatel_oem7_msgs.msg.InertialSolutionStatus(status=3),
1786043626467193264,1786043626.465218555,/novatel/oem7/fix,/novatel/oem7/fix,/novatel/oem7/inspva,39.663,-75.756,-1.800594417,0.000464786,-0.000439723,0.000313838,-0.000342829,-0.000439723,,0,
1786043626468293355,1786043626.465652106,/novatel/oem7/odom,/novatel/oem7/fix,/novatel/oem7/odom,39.663,-75.756,-1.800594417,0.000464371,-0.000440162,-0.000325523,0.000331173,-0.000440162,,,
1786043626476250186,1786043626.475488182,/novatel/oem7/odom,/novatel/oem7/fix,/novatel/oem7/odom,39.663,-75.756,-1.800594417,0.000464371,-0.000440162,-0.000325523,0.000331173,-0.000440162,,,
1786043626485989898,1786043626.485305901,/novatel/oem7/inspva,/novatel/oem7/inspva,/novatel/oem7/inspva,39.663,-75.756,-1.800632548,0.000818711,-0.002672160,-0.000803976,-0.000154633,-0.002672160,,novatel_oem7_msgs.msg.InertialSolutionStatus(status=3),
1786043626487442709,1786043626.485477289,/novatel/oem7/fix,/novatel/oem7/fix,/novatel/oem7/inspva,39.663,-75.756,-1.800632548,0.000818711,-0.002672160,-0.000803976,-0.000154633,-0.002672160,,0,
1786043626488517969,1786043626.486176023,/novatel/oem7/odom,/novatel/oem7/fix,/novatel/oem7/odom,39.663,-75.756,-1.800632548,0.000810419,-0.002674686,-0.000183788,-0.000789304,-0.002674686,,,
1786043626495473547,1786043626.494704490,/novatel/oem7/odom,/novatel/oem7/fix,/novatel/oem7/odom,39.663,-75.756,-1.800632548,0.000810419,-0.002674686,-0.000183788,-0.000789304,-0.002674686,,,
1786043626506783134,1786043626.506081717,/novatel/oem7/inspva,/novatel/oem7/inspva,/novatel/oem7/inspva,39.663,-75.756,-1.800642415,0.001019554,-0.001834552,-0.000881885,-0.000511634,-0.001834552,,novatel_oem7_msgs.msg.InertialSolutionStatus(status=3),
1786043626508196522,1786043626.506225979,/novatel/oem7/fix,/novatel/oem7/fix,/novatel/oem7/inspva,39.663,-75.756,-1.800642415,0.001019554,-0.001834552,-0.000881885,-0.000511634,-0.001834552,,0,
1786043626509251698,1786043626.506651313,/novatel/oem7/odom,/novatel/oem7/fix,/novatel/oem7/odom,39.663,-75.756,-1.800642415,0.001012346,-0.001838540,-0.000547226,-0.000851697,-0.001838540,,,
1786043626512344572,1786043626.511494364,/novatel/oem7/bestpos,/novatel/oem7/bestpos,/novatel/oem7/odom,39.663,-75.756,33.181927116,0.001012346,-0.001838540,-0.000547226,-0.000851697,-0.001838540,,novatel_oem7_msgs.msg.SolutionStatus(status=0),novatel_oem7_msgs.msg.PositionOrVelocityType(type=53)
1786043626513904647,1786043626.512502500,/novatel/oem7/bestvel,/novatel/oem7/bestpos,/novatel/oem7/bestvel,39.663,-75.756,33.181927116,0.002108667,-0.000974463,,,,220.616557450,novatel_oem7_msgs.msg.SolutionStatus(status=0),novatel_oem7_msgs.msg.PositionOrVelocityType(type=53)
1786043626515639494,1786043626.514853350,/novatel/oem7/odom,/novatel/oem7/bestpos,/novatel/oem7/odom,39.663,-75.756,33.181927116,0.001012346,-0.001838540,-0.000547226,-0.000851697,-0.001838540,,,
1786043626525962405,1786043626.525234521,/novatel/oem7/inspva,/novatel/oem7/inspva,/novatel/oem7/inspva,39.663,-75.756,-1.800638258,0.001171494,0.001085757,-0.001101693,0.000398337,0.001085757,,novatel_oem7_msgs.msg.InertialSolutionStatus(status=3),
1786043626527413092,1786043626.525458603,/novatel/oem7/fix,/novatel/oem7/fix,/novatel/oem7/inspva,39.663,-75.756,-1.800638258,0.001171494,0.001085757,-0.001101693,0.000398337,0.001085757,,0,
1786043626528510426,1786043626.525990945,/novatel/oem7/odom,/novatel/oem7/fix,/novatel/oem7/odom,39.663,-75.756,-1.800638258,0.001172724,0.001084430,0.000340206,-0.001122293,0.001084430,,,
1786043626536289776,1786043626.535532579,/novatel/oem7/odom,/novatel/oem7/fix,/novatel/oem7/odom,39.663,-75.756,-1.800638258,0.001172724,0.001084430,0.000340206,-0.001122293,0.001084430,,,
1786043626545755532,1786043626.545033305,/novatel/oem7/inspva,/novatel/oem7/inspva,/novatel/oem7/inspva,39.663,-75.756,-1.800670231,0.000199966,0.000311814,-0.000198519,0.000024011,0.000311814,,novatel_oem7_msgs.msg.InertialSolutionStatus(status=3),
1786043626547202903,1786043626.545211206,/novatel/oem7/fix,/novatel/oem7/fix,/novatel/oem7/inspva,39.663,-75.756,-1.800670231,0.000199966,0.000311814,-0.000198519,0.000024011,0.000311814,,0,
1786043626548524466,1786043626.545617264,/novatel/oem7/odom,/novatel/oem7/fix,/novatel/oem7/odom,39.663,-75.756,-1.800670231,0.000200604,0.000311404,0.000013162,-0.000200171,0.000311404,,,
1786043626556565094,1786043626.555756529,/novatel/oem7/odom,/novatel/oem7/fix,/novatel/oem7/odom,39.663,-75.756,-1.800670231,0.000200604,0.000311404,0.000013162,-0.000200171,0.000311404,,,
1786043626567353670,1786043626.566648193,/novatel/oem7/inspva,/novatel/oem7/inspva,/novatel/oem7/inspva,39.663,-75.756,-1.800715469,0.000448723,-0.002764303,-0.000066200,-0.000443812,-0.002764303,,novatel_oem7_msgs.msg.InertialSolutionStatus(status=3),
1786043626568804660,1786043626.566811488,/novatel/oem7/fix,/novatel/oem7/fix,/novatel/oem7/inspva,39.663,-75.756,-1.800715469,0.000448723,-0.002764303,-0.000066200,-0.000443812,-0.002764303,,0,
1786043626569935228,1786043626.567682873,/novatel/oem7/odom,/novatel/oem7/fix,/novatel/oem7/odom,39.663,-75.756,-1.800715469,0.000438048,-0.002766015,-0.000436384,-0.000038144,-0.002766015,,,
1786043626575833083,1786043626.575054091,/novatel/oem7/odom,/novatel/oem7/fix,/novatel/oem7/odom,39.663,-75.756,-1.800715469,0.000438048,-0.002766015,-0.000436384,-0.000038144,-0.002766015,,,
1786043626585762186,1786043626.585031959,/novatel/oem7/inspva,/novatel/oem7/inspva,/novatel/oem7/inspva,39.663,-75.756,-1.800728404,0.000166866,-0.002323777,-0.000160622,-0.000045220,-0.002323777,,novatel_oem7_msgs.msg.InertialSolutionStatus(status=3),
1786043626587137546,1786043626.585203970,/novatel/oem7/fix,/novatel/oem7/fix,/novatel/oem7/inspva,39.663,-75.756,-1.800728404,0.000166866,-0.002323777,-0.000160622,-0.000045220,-0.002323777,,0,
1786043626588220687,1786043626.585586059,/novatel/oem7/odom,/novatel/oem7/fix,/novatel/oem7/odom,39.663,-75.756,-1.800728404,0.000159197,-0.002324315,-0.000044441,-0.000152868,-0.002324315,,,
1786043626596153784,1786043626.595398970,/novatel/oem7/odom,/novatel/oem7/fix,/novatel/oem7/odom,39.663,-75.756,-1.800728404,0.000159197,-0.002324315,-0.000044441,-0.000152868,-0.002324315,,,
1786043626607180555,1786043626.606513292,/novatel/oem7/inspva,/novatel/oem7/inspva,/novatel/oem7/inspva,39.663,-75.756,-1.800729130,0.001941167,0.000100467,-0.001906634,0.000364522,0.000100467,,novatel_oem7_msgs.msg.InertialSolutionStatus(status=3),
1786043626608651580,1786043626.606663217,/novatel/oem7/fix,/novatel/oem7/fix,/novatel/oem7/inspva,39.663,-75.756,-1.800729130,0.001941167,0.000100467,-0.001906634,0.000364522,0.000100467,,0,
1786043626609723430,1786043626.607310403,/novatel/oem7/odom,/novatel/oem7/fix,/novatel/oem7/odom,39.663,-75.756,-1.800729130,0.001941342,0.000097041,0.000270907,-0.001922347,0.000097041,,,
1786043626611536875,1786043626.610496918,/novatel/oem7/bestpos,/novatel/oem7/bestpos,/novatel/oem7/odom,39.663,-75.756,33.181821351,0.001941342,0.000097041,0.000270907,-0.001922347,0.000097041,,novatel_oem7_msgs.msg.SolutionStatus(status=0),novatel_oem7_msgs.msg.PositionOrVelocityType(type=53)
1786043626612967522,1786043626.610983242,/novatel/oem7/bestvel,/novatel/oem7/bestpos,/novatel/oem7/bestvel,39.663,-75.756,33.181821351,0.002089915,0.000003078,,,,162.017278314,novatel_oem7_msgs.msg.SolutionStatus(status=0),novatel_oem7_msgs.msg.PositionOrVelocityType(type=53)
1786043626615794746,1786043626.615018232,/novatel/oem7/odom,/novatel/oem7/bestpos,/novatel/oem7/odom,39.663,-75.756,33.181821351,0.001941342,0.000097041,0.000270907,-0.001922347,0.000097041,,,
1786043626627029993,1786043626.626331989,/novatel/oem7/inspva,/novatel/oem7/inspva,/novatel/oem7/inspva,39.663,-75.756,-1.800755230,0.001261529,0.000241721,-0.000781815,0.000990061,0.000241721,,novatel_oem7_msgs.msg.InertialSolutionStatus(status=3),
1786043626628438243,1786043626.626502754,/novatel/oem7/fix,/novatel/oem7/fix,/novatel/oem7/inspva,39.663,-75.756,-1.800755230,0.001261529,0.000241721,-0.000781815,0.000990061,0.000241721,,0,
1786043626629493177,1786043626.626998913,/novatel/oem7/odom,/novatel/oem7/fix,/novatel/oem7/odom,39.663,-75.756,-1.800755230,0.001261228,0.000243289,0.000949939,-0.000829645,0.000243289,,,
1786043626635671127,1786043626.634903573,/novatel/oem7/odom,/novatel/oem7/fix,/novatel/oem7/odom,39.663,-75.756,-1.800755230,0.001261228,0.000243289,0.000949939,-0.000829645,0.000243289,,,
1786043626646183116,1786043626.645442973,/novatel/oem7/inspva,/novatel/oem7/inspva,/novatel/oem7/inspva,39.663,-75.756,-1.800791466,0.000198158,-0.001727210,0.000192493,-0.000047043,-0.001727210,,novatel_oem7_msgs.msg.InertialSolutionStatus(status=3),
1786043626647995791,1786043626.645592954,/novatel/oem7/fix,/novatel/oem7/fix,/novatel/oem7/inspva,39.663,-75.756,-1.800791466,0.000198158,-0.001727210,0.000192493,-0.000047043,-0.001727210,,0,
1786043626649565816,1786043626.647548860,/novatel/oem7/odom,/novatel/oem7/fix,/novatel/oem7/odom,39.663,-75.756,-1.800791466,0.000200973,-0.001726885,-0.000031221,0.000198534,-0.001726885,,,
1786043626657150664,1786043626.656484621,/novatel/oem7/odom,/novatel/oem7/fix,/novatel/oem7/odom,39.663,-75.756,-1.800791466,0.000200973,-0.001726885,-0.000031221,0.000198534,-0.001726885,,,
1786043626665853775,1786043626.665329627,/novatel/oem7/inspva,/novatel/oem7/inspva,/novatel/oem7/inspva,39.663,-75.756,-1.800806559,0.000924497,-0.001691977,0.000773589,-0.000506215,-0.001691977,,novatel_oem7_msgs.msg.InertialSolutionStatus(status=3),
1786043626667211022,1786043626.665543406,/novatel/oem7/fix,/novatel/oem7/fix,/novatel/oem7/inspva,39.663,-75.756,-1.800806559,0.000924497,-0.001691977,0.000773589,-0.000506215,-0.001691977,,0,
1786043626668328603,1786043626.666018720,/novatel/oem7/odom,/novatel/oem7/fix,/novatel/oem7/odom,39.663,-75.756,-1.800806559,0.000924737,-0.001691846,-0.000461735,0.000801211,-0.001691846,,,
1786043626675283365,1786043626.674588568,/novatel/oem7/odom,/novatel/oem7/fix,/novatel/oem7/odom,39.663,-75.756,-1.800806559,0.000924737,-0.001691846,-0.000461735,0.000801211,-0.001691846,,,
1786043626687677142,1786043626.687134467,/novatel/oem7/inspva,/novatel/oem7/inspva,/novatel/oem7/inspva,39.663,-75.756,-1.800818964,0.002681046,-0.001033992,-0.002117985,0.001643821,-0.001033992,,novatel_oem7_msgs.msg.InertialSolutionStatus(status=3),
1786043626688994345,1786043626.687304602,/novatel/oem7/fix,/novatel/oem7/fix,/novatel/oem7/inspva,39.663,-75.756,-1.800818964,0.002681046,-0.001033992,-0.002117985,0.001643821,-0.001033992,,0,
1786043626690069625,1786043626.687781857,/novatel/oem7/odom,/novatel/oem7/fix,/novatel/oem7/odom,39.663,-75.756,-1.800818964,0.002681269,-0.001033412,0.001542579,-0.002193093,-0.001033412,,,
1786043626695747971,1786043626.695069968,/novatel/oem7/odom,/novatel/oem7/fix,/novatel/oem7/odom,39.663,-75.756,-1.800818964,0.002681269,-0.001033412,0.001542579,-0.002193093,-0.001033412,,,
1786043626706329478,1786043626.705813849,/novatel/oem7/inspva,/novatel/oem7/inspva,/novatel/oem7/inspva,39.663,-75.756,-1.800830093,0.001973250,-0.000159730,-0.001643025,0.001092787,-0.000159730,,novatel_oem7_msgs.msg.InertialSolutionStatus(status=3),
1786043626707879043,1786043626.706000035,/novatel/oem7/fix,/novatel/oem7/fix,/novatel/oem7/inspva,39.663,-75.756,-1.800830093,0.001973250,-0.000159730,-0.001643025,0.001092787,-0.000159730,,0,
1786043626708942887,1786043626.706525433,/novatel/oem7/odom,/novatel/oem7/fix,/novatel/oem7/odom,39.663,-75.756,-1.800830093,0.001973233,-0.000159939,0.001012114,-0.001693893,-0.000159939,,,
1786043626710461448,1786043626.709528895,/novatel/oem7/bestpos,/novatel/oem7/bestpos,/novatel/oem7/odom,39.663,-75.756,33.181729509,0.001973233,-0.000159939,0.001012114,-0.001693893,-0.000159939,,novatel_oem7_msgs.msg.SolutionStatus(status=0),novatel_oem7_msgs.msg.PositionOrVelocityType(type=53)
1786043626711896052,1786043626.710084281,/novatel/oem7/bestvel,/novatel/oem7/bestpos,/novatel/oem7/bestvel,39.663,-75.756,33.181729509,0.001497383,0.000139637,,,,168.037525257,novatel_oem7_msgs.msg.SolutionStatus(status=0),novatel_oem7_msgs.msg.PositionOrVelocityType(type=53)
1786043626716114987,1786043626.715441380,/novatel/oem7/odom,/novatel/oem7/bestpos,/novatel/oem7/odom,39.663,-75.756,33.181729509,0.001973233,-0.000159939,0.001012114,-0.001693893,-0.000159939,,,
1786043626727049334,1786043626.726530382,/novatel/oem7/inspva,/novatel/oem7/inspva,/novatel/oem7/inspva,39.663,-75.756,-1.800847414,0.000455465,-0.000135510,0.000441243,-0.000112931,-0.000135510,,novatel_oem7_msgs.msg.InertialSolutionStatus(status=3),
1786043626728417607,1786043626.726732164,/novatel/oem7/fix,/novatel/oem7/fix,/novatel/oem7/inspva,39.663,-75.756,-1.800847414,0.000455465,-0.000135510,0.000441243,-0.000112931,-0.000135510,,0,
1786043626729515195,1786043626.727261499,/novatel/oem7/odom,/novatel/oem7/fix,/novatel/oem7/odom,39.663,-75.756,-1.800847414,0.000455673,-0.000134810,-0.000090818,0.000446531,-0.000134810,,,
1786043626735416615,1786043626.734747086,/novatel/oem7/odom,/novatel/oem7/fix,/novatel/oem7/odom,39.663,-75.756,-1.800847414,0.000455673,-0.000134810,-0.000090818,0.000446531,-0.000134810,,,
1786043626745753220,1786043626.745209848,/novatel/oem7/inspva,/novatel/oem7/inspva,/novatel/oem7/inspva,39.663,-75.756,-1.800868149,0.000516479,-0.001014324,0.000471800,-0.000210132,-0.001014324,,novatel_oem7_msgs.msg.InertialSolutionStatus(status=3),
1786043626747096206,1786043626.745415883,/novatel/oem7/fix,/novatel/oem7/fix,/novatel/oem7/inspva,39.663,-75.756,-1.800868149,0.000516479,-0.001014324,0.000471800,-0.000210132,-0.001014324,,0,
1786043626748194963,1786043626.745805537,/novatel/oem7/odom,/novatel/oem7/fix,/novatel/oem7/odom,39.663,-75.756,-1.800868149,0.000517297,-0.001013907,-0.000183166,0.000483784,-0.001013907,,,
1786043626756582852,1786043626.755874785,/novatel/oem7/odom,/novatel/oem7/fix,/novatel/oem7/odom,39.663,-75.756,-1.800868149,0.000517297,-0.001013907,-0.000183166,0.000483784,-0.001013907,,,
1786043626765882553,1786043626.765375281,/novatel/oem7/inspva,/novatel/oem7/inspva,/novatel/oem7/inspva,39.663,-75.756,-1.800887873,0.001121772,-0.001651899,-0.001112612,0.000143063,-0.001651899,,novatel_oem7_msgs.msg.InertialSolutionStatus(status=3),
1786043626767341737,1786043626.765563007,/novatel/oem7/fix,/novatel/oem7/fix,/novatel/oem7/inspva,39.663,-75.756,-1.800887873,0.001121772,-0.001651899,-0.001112612,0.000143063,-0.001651899,,0,
1786043626768471791,1786043626.766293940,/novatel/oem7/odom,/novatel/oem7/fix,/novatel/oem7/odom,39.663,-75.756,-1.800887873,0.001118485,-0.001654127,0.000094798,-0.001114461,-0.001654127,,,
1786043626775885424,1786043626.775113350,/novatel/oem7/odom,/novatel/oem7/fix,/novatel/oem7/odom,39.663,-75.756,-1.800887873,0.001118485,-0.001654127,0.000094798,-0.001114461,-0.001654127,,,
1786043626786079807,1786043626.785360350,/novatel/oem7/inspva,/novatel/oem7/inspva,/novatel/oem7/inspva,39.663,-75.756,-1.800901593,0.002162409,-0.001021372,-0.001543791,0.001514174,-0.001021372,,novatel_oem7_msgs.msg.InertialSolutionStatus(status=3),
1786043626787560075,1786043626.785572619,/novatel/oem7/fix,/novatel/oem7/fix,/novatel/oem7/inspva,39.663,-75.756,-1.800901593,0.002162409,-0.001021372,-0.001543791,0.001514174,-0.001021372,,0,
1786043626788655576,1786043626.786057277,/novatel/oem7/odom,/novatel/oem7/fix,/novatel/oem7/odom,39.663,-75.756,-1.800901593,0.002163131,-0.001019842,0.001440965,-0.001613306,-0.001019842,,,
1786043626795244970,1786043626.794571777,/novatel/oem7/odom,/novatel/oem7/fix,/novatel/oem7/odom,39.663,-75.756,-1.800901593,0.002163131,-0.001019842,0.001440965,-0.001613306,-0.001019842,,,
1786043626806904107,1786043626.806380216,/novatel/oem7/inspva,/novatel/oem7/inspva,/novatel/oem7/inspva,39.663,-75.756,-1.800905031,0.000630143,0.000891554,-0.000360989,0.000516496,0.000891554,,novatel_oem7_msgs.msg.InertialSolutionStatus(status=3),
1786043626808254984,1786043626.806568668,/novatel/oem7/fix,/novatel/oem7/fix,/novatel/oem7/inspva,39.663,-75.756,-1.800905031,0.000630143,0.000891554,-0.000360989,0.000516496,0.000891554,,0,
1786043626809306254,1786043626.807242951,/novatel/oem7/odom,/novatel/oem7/fix,/novatel/oem7/odom,39.663,-75.756,-1.800905031,0.000628792,0.000892508,0.000494988,-0.000387771,0.000892508,,,
1786043626811191499,1786043626.810399635,/novatel/oem7/bestpos,/novatel/oem7/bestpos,/novatel/oem7/odom,39.663,-75.756,33.181636428,0.000628792,0.000892508,0.000494988,-0.000387771,0.000892508,,novatel_oem7_msgs.msg.SolutionStatus(status=0),novatel_oem7_msgs.msg.PositionOrVelocityType(type=53)
1786043626812690997,1786043626.810945224,/novatel/oem7/bestvel,/novatel/oem7/bestpos,/novatel/oem7/bestvel,39.663,-75.756,33.181636428,0.002046947,-0.000159089,,,,87.360668340,novatel_oem7_msgs.msg.SolutionStatus(status=0),novatel_oem7_msgs.msg.PositionOrVelocityType(type=53)
1786043626816114204,1786043626.815459405,/novatel/oem7/odom,/novatel/oem7/bestpos,/novatel/oem7/odom,39.663,-75.756,33.181636428,0.000628792,0.000892508,0.000494988,-0.000387771,0.000892508,,,
1786043626825522579,1786043626.824992424,/novatel/oem7/inspva,/novatel/oem7/inspva,/novatel/oem7/inspva,39.663,-75.756,-1.800935810,0.000118316,-0.000152628,0.000037577,0.000112191,-0.000152628,,novatel_oem7_msgs.msg.InertialSolutionStatus(status=3),
1786043626826868262,1786043626.825175683,/novatel/oem7/fix,/novatel/oem7/fix,/novatel/oem7/inspva,39.663,-75.756,-1.800935810,0.000118316,-0.000152628,0.000037577,0.000112191,-0.000152628,,0,
1786043626827988477,1786043626.825558309,/novatel/oem7/odom,/novatel/oem7/fix,/novatel/oem7/odom,39.663,-75.756,-1.800935810,0.000118954,-0.000152131,0.000114450,0.000032423,-0.000152131,,,
1786043626835160170,1786043626.834472510,/novatel/oem7/odom,/novatel/oem7/fix,/novatel/oem7/odom,39.663,-75.756,-1.800935810,0.000118954,-0.000152131,0.000114450,0.000032423,-0.000152131,,,
1786043626846968046,1786043626.846442407,/novatel/oem7/inspva,/novatel/oem7/inspva,/novatel/oem7/inspva,39.663,-75.756,-1.800974316,0.000742303,-0.002898581,-0.000741133,-0.000041662,-0.002898581,,novatel_oem7_msgs.msg.InertialSolutionStatus(status=3),
1786043626848346559,1786043626.846628525,/novatel/oem7/fix,/novatel/oem7/fix,/novatel/oem7/inspva,39.663,-75.756,-1.800974316,0.000742303,-0.002898581,-0.000741133,-0.000041662,-0.002898581,,0,
1786043626849447713,1786043626.847058816,/novatel/oem7/odom,/novatel/oem7/fix,/novatel/oem7/odom,39.663,-75.756,-1.800974316,0.000734664,-0.002900526,-0.000067111,-0.000731593,-0.002900526,,,
1786043626857316777,1786043626.856615960,/novatel/oem7/odom,/novatel/oem7/fix,/novatel/oem7/odom,39.663,-75.756,-1.800974316,0.000734664,-0.002900526,-0.000067111,-0.000731593,-0.002900526,,,
1786043626865477633,1786043626.864943528,/novatel/oem7/inspva,/novatel/oem7/inspva,/novatel/oem7/inspva,39.663,-75.756,-1.800981718,0.001169177,-0.001397022,-0.001167471,0.000063139,-0.001397022,,novatel_oem7_msgs.msg.InertialSolutionStatus(status=3),
1786043626866834000,1786043626.865121893,/novatel/oem7/fix,/novatel/oem7/fix,/novatel/oem7/inspva,39.663,-75.756,-1.800981718,0.001169177,-0.001397022,-0.001167471,0.000063139,-0.001397022,,0,
1786043626867913173,1786043626.865568567,/novatel/oem7/odom,/novatel/oem7/fix,/novatel/oem7/odom,39.663,-75.756,-1.800981718,0.001165998,-0.001399677,0.000011372,-0.001165942,-0.001399677,,,
1786043626875492821,1786043626.874804728,/novatel/oem7/odom,/novatel/oem7/fix,/novatel/oem7/odom,39.663,-75.756,-1.800981718,0.001165998,-0.001399677,0.000011372,-0.001165942,-0.001399677,,,
1786043626885824402,1786043626.885287333,/novatel/oem7/inspva,/novatel/oem7/inspva,/novatel/oem7/inspva,39.663,-75.756,-1.800981800,0.001982055,0.000978343,-0.001558035,0.001225181,0.000978343,,novatel_oem7_msgs.msg.InertialSolutionStatus(status=3),
1786043626887166048,1786043626.885492962,/novatel/oem7/fix,/novatel/oem7/fix,/novatel/oem7/inspva,39.663,-75.756,-1.800981800,0.001982055,0.000978343,-0.001558035,0.001225181,0.000978343,,0,
1786043626888277236,1786043626.886256436,/novatel/oem7/odom,/novatel/oem7/fix,/novatel/oem7/odom,39.663,-75.756,-1.800981800,0.001981817,0.000978826,0.001144302,-0.001618076,0.000978826,,,
1786043626895545813,1786043626.894877464,/novatel/oem7/odom,/novatel/oem7/fix,/novatel/oem7/odom,39.663,-75.756,-1.800981800,0.001981817,0.000978826,0.001144302,-0.001618076,0.000978826,,,
1786043626906497324,1786043626.905999109,/novatel/oem7/inspva,/novatel/oem7/inspva,/novatel/oem7/inspva,39.663,-75.756,-1.800999163,0.001129266,0.001107211,-0.001082636,0.000321156,0.001107211,,novatel_oem7_msgs.msg.InertialSolutionStatus(status=3),
1786043626907799593,1786043626.906171841,/novatel/oem7/fix,/novatel/oem7/fix,/novatel/oem7/inspva,39.663,-75.756,-1.800999163,0.001129266,0.001107211,-0.001082636,0.000321156,0.001107211,,0,
1786043626909102270,1786043626.906570255,/novatel/oem7/odom,/novatel/oem7/fix,/novatel/oem7/odom,39.663,-75.756,-1.800999163,0.001130758,0.001105687,0.000263980,-0.001099513,0.001105687,,,
1786043626912672321,1786043626.909536274,/novatel/oem7/bestpos,/novatel/oem7/bestpos,/novatel/oem7/odom,39.663,-75.756,33.181557031,0.001130758,0.001105687,0.000263980,-0.001099513,0.001105687,,novatel_oem7_msgs.msg.SolutionStatus(status=0),novatel_oem7_msgs.msg.PositionOrVelocityType(type=53)
1786043626917631726,1786043626.909665310,/novatel/oem7/bestvel,/novatel/oem7/bestpos,/novatel/oem7/bestvel,39.663,-75.756,33.181557031,0.002081386,0.000220081,,,,116.336896967,novatel_oem7_msgs.msg.SolutionStatus(status=0),novatel_oem7_msgs.msg.PositionOrVelocityType(type=53)
1786043626926696928,1786043626.914387654,/novatel/oem7/odom,/novatel/oem7/bestpos,/novatel/oem7/odom,39.663,-75.756,33.181557031,0.001130758,0.001105687,0.000263980,-0.001099513,0.001105687,,,
1786043626931862791,1786043626.925239039,/novatel/oem7/inspva,/novatel/oem7/inspva,/novatel/oem7/inspva,39.663,-75.756,-1.801039004,0.001420315,-0.002693502,-0.001207873,-0.000747220,-0.002693502,,novatel_oem7_msgs.msg.InertialSolutionStatus(status=3),
1786043626933238664,1786043626.925350730,/novatel/oem7/fix,/novatel/oem7/fix,/novatel/oem7/inspva,39.663,-75.756,-1.801039004,0.001420315,-0.002693502,-0.001207873,-0.000747220,-0.002693502,,0,
1786043626934768724,1786043626.925862660,/novatel/oem7/odom,/novatel/oem7/fix,/novatel/oem7/odom,39.663,-75.756,-1.801039004,0.001409688,-0.002699079,-0.000795208,-0.001163986,-0.002699079,,,
1786043626936586157,1786043626.935446193,/novatel/oem7/odom,/novatel/oem7/fix,/novatel/oem7/odom,39.663,-75.756,-1.801039004,0.001409688,-0.002699079,-0.000795208,-0.001163986,-0.002699079,,,
1786043626945531640,1786043626.944972357,/novatel/oem7/inspva,/novatel/oem7/inspva,/novatel/oem7/inspva,39.663,-75.756,-1.801046050,0.001805029,-0.001637271,-0.001777622,0.000313353,-0.001637271,,novatel_oem7_msgs.msg.InertialSolutionStatus(status=3),
1786043626946649450,1786043626.945216699,/novatel/oem7/fix,/novatel/oem7/fix,/novatel/oem7/inspva,39.663,-75.756,-1.801046050,0.001805029,-0.001637271,-0.001777622,0.000313353,-0.001637271,,0,
1786043626947482629,1786043626.945733624,/novatel/oem7/odom,/novatel/oem7/fix,/novatel/oem7/odom,39.663,-75.756,-1.801046050,0.001802085,-0.001640511,0.000232495,-0.001787024,-0.001640511,,,
1786043626956247142,1786043626.955677407,/novatel/oem7/odom,/novatel/oem7/fix,/novatel/oem7/odom,39.663,-75.756,-1.801046050,0.001802085,-0.001640511,0.000232495,-0.001787024,-0.001640511,,,
1786043626966941666,1786043626.966413240,/novatel/oem7/inspva,/novatel/oem7/inspva,/novatel/oem7/inspva,39.663,-75.756,-1.801041228,0.002823325,0.000921563,-0.002535812,0.001241300,0.000921563,,novatel_oem7_msgs.msg.InertialSolutionStatus(status=3),
1786043626967987161,1786043626.966628138,/novatel/oem7/fix,/novatel/oem7/fix,/novatel/oem7/inspva,39.663,-75.756,-1.801041228,0.002823325,0.000921563,-0.002535812,0.001241300,0.000921563,,0,
1786043626969226951,1786043626.967299128,/novatel/oem7/odom,/novatel/oem7/fix,/novatel/oem7/odom,39.663,-75.756,-1.801041228,0.002823920,0.000919741,0.001113021,-0.002595324,0.000919741,,,
1786043626975522024,1786043626.974931986,/novatel/oem7/odom,/novatel/oem7/fix,/novatel/oem7/odom,39.663,-75.756,-1.801041228,0.002823920,0.000919741,0.001113021,-0.002595324,0.000919741,,,
1786043626985530204,1786043626.985050912,/novatel/oem7/inspva,/novatel/oem7/inspva,/novatel/oem7/inspva,39.663,-75.756,-1.801063980,0.002177580,0.000095856,-0.001941027,0.000987052,0.000095856,,novatel_oem7_msgs.msg.InertialSolutionStatus(status=3),
1786043626986667656,1786043626.985241587,/novatel/oem7/fix,/novatel/oem7/fix,/novatel/oem7/inspva,39.663,-75.756,-1.801063980,0.002177580,0.000095856,-0.001941027,0.000987052,0.000095856,,0,
1786043626987607056,1786043626.985588990,/novatel/oem7/odom,/novatel/oem7/fix,/novatel/oem7/odom,39.663,-75.756,-1.801063980,0.002177633,0.000094636,0.000891078,-0.001986974,0.000094636,,,
1786043626995134236,1786043626.994568201,/novatel/oem7/odom,/novatel/oem7/fix,/novatel/oem7/odom,39.663,-75.756,-1.801063980,0.002177633,0.000094636,0.000891078,-0.001986974,0.000094636,,,
1786043627011097703,1786043627.010626062,/novatel/oem7/inspva,/novatel/oem7/inspva,/novatel/oem7/inspva,39.663,-75.756,-1.801094128,0.000730219,-0.001545749,-0.000649519,-0.000333684,-0.001545749,,novatel_oem7_msgs.msg.InertialSolutionStatus(status=3),
1786043627012255237,1786043627.010806084,/novatel/oem7/fix,/novatel/oem7/fix,/novatel/oem7/inspva,39.663,-75.756,-1.801094128,0.000730219,-0.001545749,-0.000649519,-0.000333684,-0.001545749,,0,
1786043627013627936,1786043627.012234288,/novatel/oem7/odom,/novatel/oem7/fix,/novatel/oem7/odom,39.663,-75.756,-1.801094128,0.000724314,-0.001548525,-0.000359179,-0.000628984,-0.001548525,,,
1786043627016565825,1786043627.015963867,/novatel/oem7/odom,/novatel/oem7/fix,/novatel/oem7/odom,39.663,-75.756,-1.801094128,0.000724314,-0.001548525,-0.000359179,-0.000628984,-0.001548525,,,
1786043627027683289,1786043627.027032635,/novatel/oem7/bestpos,/novatel/oem7/bestpos,/novatel/oem7/odom,39.663,-75.756,33.181476149,0.000724314,-0.001548525,-0.000359179,-0.000628984,-0.001548525,,novatel_oem7_msgs.msg.SolutionStatus(status=0),novatel_oem7_msgs.msg.PositionOrVelocityType(type=53)
1786043627028979631,1786043627.027477547,/novatel/oem7/bestvel,/novatel/oem7/bestpos,/novatel/oem7/bestvel,39.663,-75.756,33.181476149,0.000689213,-0.001560698,,,,218.210128051,novatel_oem7_msgs.msg.SolutionStatus(status=0),novatel_oem7_msgs.msg.PositionOrVelocityType(type=53)
1786043627029816859,1786043627.028027512,/novatel/oem7/inspva,/novatel/oem7/inspva,/novatel/oem7/inspva,39.663,-75.756,-1.801112001,0.001626465,-0.001905970,-0.001577252,0.000397070,-0.001905970,,novatel_oem7_msgs.msg.InertialSolutionStatus(status=3),
1786043627030576863,1786043627.028276644,/novatel/oem7/fix,/novatel/oem7/fix,/novatel/oem7/inspva,39.663,-75.756,-1.801112001,0.001626465,-0.001905970,-0.001577252,0.000397070,-0.001905970,,0,
1786043627031916849,1786043627.028652654,/novatel/oem7/odom,/novatel/oem7/fix,/novatel/oem7/odom,39.663,-75.756,-1.801112001,0.001623584,-0.001908425,0.000326883,-0.001590337,-0.001908425,,,
1786043627035092252,1786043627.034525766,/novatel/oem7/odom,/novatel/oem7/fix,/novatel/oem7/odom,39.663,-75.756,-1.801112001,0.001623584,-0.001908425,0.000326883,-0.001590337,-0.001908425,,,
1786043627045886360,1786043627.045346751,/novatel/oem7/inspva,/novatel/oem7/inspva,/novatel/oem7/inspva,39.663,-75.756,-1.801096742,0.003344677,0.000475695,-0.002917666,0.001635263,0.000475695,,novatel_oem7_msgs.msg.InertialSolutionStatus(status=3),
1786043627047044469,1786043627.045558770,/novatel/oem7/fix,/novatel/oem7/fix,/novatel/oem7/inspva,39.663,-75.756,-1.801096742,0.003344677,0.000475695,-0.002917666,0.001635263,0.000475695,,0,
1786043627047965266,1786043627.046289867,/novatel/oem7/odom,/novatel/oem7/fix,/novatel/oem7/odom,39.663,-75.756,-1.801096742,0.003344870,0.000474334,0.001489604,-0.002994868,0.000474334,,,
1786043627057217332,1786043627.056598324,/novatel/oem7/odom,/novatel/oem7/fix,/novatel/oem7/odom,39.663,-75.756,-1.801096742,0.003344870,0.000474334,0.001489604,-0.002994868,0.000474334,,,
1786043627065551698,1786043627.065030730,/novatel/oem7/inspva,/novatel/oem7/inspva,/novatel/oem7/inspva,39.663,-75.756,-1.801092341,0.002625251,0.000362746,-0.002313765,0.001240338,0.000362746,,novatel_oem7_msgs.msg.InertialSolutionStatus(status=3),
1786043627066698515,1786043627.065203175,/novatel/oem7/fix,/novatel/oem7/fix,/novatel/oem7/inspva,39.663,-75.756,-1.801092341,0.002625251,0.000362746,-0.002313765,0.001240338,0.000362746,,0,
1786043627067845215,1786043627.065594462,/novatel/oem7/odom,/novatel/oem7/fix,/novatel/oem7/odom,39.663,-75.756,-1.801092341,0.002625424,0.000361494,0.001124954,-0.002372199,0.000361494,,,
1786043627075185738,1786043627.074570133,/novatel/oem7/odom,/novatel/oem7/fix,/novatel/oem7/odom,39.663,-75.756,-1.801092341,0.002625424,0.000361494,0.001124954,-0.002372199,0.000361494,,,
1786043627087089882,1786043627.086625738,/novatel/oem7/inspva,/novatel/oem7/inspva,/novatel/oem7/inspva,39.663,-75.756,-1.801103947,0.000933117,-0.001527026,-0.000933024,-0.000013193,-0.001527026,,novatel_oem7_msgs.msg.InertialSolutionStatus(status=3),
1786043627088254524,1786043627.086802433,/novatel/oem7/fix,/novatel/oem7/fix,/novatel/oem7/inspva,39.663,-75.756,-1.801103947,0.000933117,-0.001527026,-0.000933024,-0.000013193,-0.001527026,,0,
1786043627089207962,1786043627.087229534,/novatel/oem7/odom,/novatel/oem7/fix,/novatel/oem7/odom,39.663,-75.756,-1.801103947,0.000929298,-0.001529353,-0.000052923,-0.000927790,-0.001529353,,,
1786043627095790398,1786043627.095137874,/novatel/oem7/odom,/novatel/oem7/fix,/novatel/oem7/odom,39.663,-75.756,-1.801103947,0.000929298,-0.001529353,-0.000052923,-0.000927790,-0.001529353,,,
1786043627106414503,1786043627.105919933,/novatel/oem7/inspva,/novatel/oem7/inspva,/novatel/oem7/inspva,39.663,-75.756,-1.801096256,0.001380748,-0.001486241,-0.001358886,0.000244732,-0.001486241,,novatel_oem7_msgs.msg.InertialSolutionStatus(status=3),
1786043627107568077,1786043627.106094898,/novatel/oem7/fix,/novatel/oem7/fix,/novatel/oem7/inspva,39.663,-75.756,-1.801096256,0.001380748,-0.001486241,-0.001358886,0.000244732,-0.001486241,,0,
1786043627108473512,1786043627.106594630,/novatel/oem7/odom,/novatel/oem7/fix,/novatel/oem7/odom,39.663,-75.756,-1.801096256,0.001378086,-0.001488710,0.000183821,-0.001365772,-0.001488710,,,
1786043627109751399,1786043627.109192092,/novatel/oem7/bestpos,/novatel/oem7/bestpos,/novatel/oem7/odom,39.663,-75.756,33.181440354,0.001378086,-0.001488710,0.000183821,-0.001365772,-0.001488710,,novatel_oem7_msgs.msg.SolutionStatus(status=0),novatel_oem7_msgs.msg.PositionOrVelocityType(type=53)
1786043627110975494,1786043627.109526299,/novatel/oem7/bestvel,/novatel/oem7/bestpos,/novatel/oem7/bestvel,39.663,-75.756,33.181440354,0.001500192,-0.001297065,,,,178.626369084,novatel_oem7_msgs.msg.SolutionStatus(status=0),novatel_oem7_msgs.msg.PositionOrVelocityType(type=53)
1786043627116037375,1786043627.115468053,/novatel/oem7/odom,/novatel/oem7/bestpos,/novatel/oem7/odom,39.663,-75.756,33.181440354,0.001378086,-0.001488710,0.000183821,-0.001365772,-0.001488710,,,
1786043627125768732,1786043627.125285829,/novatel/oem7/inspva,/novatel/oem7/inspva,/novatel/oem7/inspva,39.663,-75.756,-1.801079028,0.003001779,-0.000196265,-0.002867075,0.000889133,-0.000196265,,novatel_oem7_msgs.msg.InertialSolutionStatus(status=3),
1786043627126912301,1786043627.125490511,/novatel/oem7/fix,/novatel/oem7/fix,/novatel/oem7/inspva,39.663,-75.756,-1.801079028,0.003001779,-0.000196265,-0.002867075,0.000889133,-0.000196265,,0,
1786043627127820275,1786043627.126300099,/novatel/oem7/odom,/novatel/oem7/fix,/novatel/oem7/odom,39.663,-75.756,-1.801079028,0.003001518,-0.000200219,0.000749335,-0.002906477,-0.000200219,,,
1786043627135819262,1786043627.135188073,/novatel/oem7/odom,/novatel/oem7/fix,/novatel/oem7/odom,39.663,-75.756,-1.801079028,0.003001518,-0.000200219,0.000749335,-0.002906477,-0.000200219,,,
1786043627146707378,1786043627.146174560,/novatel/oem7/inspva,/novatel/oem7/inspva,/novatel/oem7/inspva,39.663,-75.756,-1.801065893,0.002472013,0.000375476,-0.002269266,0.000980450,0.000375476,,novatel_oem7_msgs.msg.InertialSolutionStatus(status=3),
1786043627147881021,1786043627.146373755,/novatel/oem7/fix,/novatel/oem7/fix,/novatel/oem7/inspva,39.663,-75.756,-1.801065893,0.002472013,0.000375476,-0.002269266,0.000980450,0.000375476,,0,
1786043627148829073,1786043627.146750519,/novatel/oem7/odom,/novatel/oem7/fix,/novatel/oem7/odom,39.663,-75.756,-1.801065893,0.002472330,0.000373388,0.000867484,-0.002315143,0.000373388,,,
1786043627156337061,1786043627.155741820,/novatel/oem7/odom,/novatel/oem7/fix,/novatel/oem7/odom,39.663,-75.756,-1.801065893,0.002472330,0.000373388,0.000867484,-0.002315143,0.000373388,,,
1786043627166010026,1786043627.165553720,/novatel/oem7/inspva,/novatel/oem7/inspva,/novatel/oem7/inspva,39.663,-75.756,-1.801065551,0.000674936,-0.000293470,-0.000665342,0.000113396,-0.000293470,,novatel_oem7_msgs.msg.InertialSolutionStatus(status=3),
1786043627167157731,1786043627.165730048,/novatel/oem7/fix,/novatel/oem7/fix,/novatel/oem7/inspva,39.663,-75.756,-1.801065551,0.000674936,-0.000293470,-0.000665342,0.000113396,-0.000293470,,0,
1786043627168068977,1786043627.166216383,/novatel/oem7/odom,/novatel/oem7/fix,/novatel/oem7/odom,39.663,-75.756,-1.801065551,0.000674405,-0.000294688,0.000081978,-0.000669404,-0.000294688,,,
1786043627176345764,1786043627.175745389,/novatel/oem7/odom,/novatel/oem7/fix,/novatel/oem7/odom,39.663,-75.756,-1.801065551,0.000674405,-0.000294688,0.000081978,-0.000669404,-0.000294688,,,
1786043627185909330,1786043627.185381143,/novatel/oem7/inspva,/novatel/oem7/inspva,/novatel/oem7/inspva,39.663,-75.756,-1.801059712,0.001201190,-0.001305209,-0.001192560,0.000143730,-0.001305209,,novatel_oem7_msgs.msg.InertialSolutionStatus(status=3),
1786043627187128162,1786043627.185615916,/novatel/oem7/fix,/novatel/oem7/fix,/novatel/oem7/inspva,39.663,-75.756,-1.801059712,0.001201190,-0.001305209,-0.001192560,0.000143730,-0.001305209,,0,
1786043627188066180,1786043627.185930112,/novatel/oem7/odom,/novatel/oem7/fix,/novatel/oem7/odom,39.663,-75.756,-1.801059712,0.001198575,-0.001307611,0.000090405,-0.001195161,-0.001307611,,,
1786043627195192252,1786043627.194580736,/novatel/oem7/odom,/novatel/oem7/fix,/novatel/oem7/odom,39.663,-75.756,-1.801059712,0.001198575,-0.001307611,0.000090405,-0.001195161,-0.001307611,,,
1786043627207470254,1786043627.206953271,/novatel/oem7/inspva,/novatel/oem7/inspva,/novatel/oem7/inspva,39.663,-75.756,-1.801059206,0.003055663,-0.001449684,-0.002845243,0.001114302,-0.001449684,,novatel_oem7_msgs.msg.InertialSolutionStatus(status=3),
1786043627208621094,1786043627.207123556,/novatel/oem7/fix,/novatel/oem7/fix,/novatel/oem7/inspva,39.663,-75.756,-1.801059206,0.003055663,-0.001449684,-0.002845243,0.001114302,-0.001449684,,0,
1786043627209517446,1786043627.207528497,/novatel/oem7/odom,/novatel/oem7/fix,/novatel/oem7/odom,39.663,-75.756,-1.801059206,0.003054211,-0.001452740,0.000979903,-0.002892749,-0.001452740,,,
1786043627211198010,1786043627.210687218,/novatel/oem7/bestpos,/novatel/oem7/bestpos,/novatel/oem7/odom,39.663,-75.756,33.181476267,0.003054211,-0.001452740,0.000979903,-0.002892749,-0.001452740,,novatel_oem7_msgs.msg.SolutionStatus(status=0),novatel_oem7_msgs.msg.PositionOrVelocityType(type=53)
1786043627212400662,1786043627.211290270,/novatel/oem7/bestvel,/novatel/oem7/bestpos,/novatel/oem7/bestvel,39.663,-75.756,33.181476267,0.002483163,-0.001138528,,,,177.703025539,novatel_oem7_msgs.msg.SolutionStatus(status=0),novatel_oem7_msgs.msg.PositionOrVelocityType(type=53)
1786043627215713437,1786043627.215144437,/novatel/oem7/odom,/novatel/oem7/bestpos,/novatel/oem7/odom,39.663,-75.756,33.181476267,0.003054211,-0.001452740,0.000979903,-0.002892749,-0.001452740,,,
1786043627225613511,1786043627.225156505,/novatel/oem7/inspva,/novatel/oem7/inspva,/novatel/oem7/inspva,39.663,-75.756,-1.801039298,0.003086230,-0.000146039,-0.002824961,0.001242744,-0.000146039,,novatel_oem7_msgs.msg.InertialSolutionStatus(status=3),
1786043627226736248,1786043627.225334094,/novatel/oem7/fix,/novatel/oem7/fix,/novatel/oem7/inspva,39.663,-75.756,-1.801039298,0.003086230,-0.000146039,-0.002824961,0.001242744,-0.000146039,,0,
1786043627227628148,1786043627.225627257,/novatel/oem7/odom,/novatel/oem7/fix,/novatel/oem7/odom,39.663,-75.756,-1.801039298,0.003086109,-0.000148576,0.001104348,-0.002881750,-0.000148576,,,
1786043627236169883,1786043627.235581421,/novatel/oem7/odom,/novatel/oem7/fix,/novatel/oem7/odom,39.663,-75.756,-1.801039298,0.003086109,-0.000148576,0.001104348,-0.002881750,-0.000148576,,,
1786043627245960033,1786043627.245461111,/novatel/oem7/inspva,/novatel/oem7/inspva,/novatel/oem7/inspva,39.663,-75.756,-1.801033500,0.000336396,0.000490183,-0.000271300,0.000198893,0.000490183,,novatel_oem7_msgs.msg.InertialSolutionStatus(status=3),
1786043627247089601,1786043627.245632916,/novatel/oem7/fix,/novatel/oem7/fix,/novatel/oem7/inspva,39.663,-75.756,-1.801033500,0.000336396,0.000490183,-0.000271300,0.000198893,0.000490183,,0,
1786043627247993396,1786043627.246212042,/novatel/oem7/odom,/novatel/oem7/fix,/novatel/oem7/odom,39.663,-75.756,-1.801033500,0.000336321,0.000490235,0.000183616,-0.000281774,0.000490235,,,
1786043627257231120,1786043627.256606046,/novatel/oem7/odom,/novatel/oem7/fix,/novatel/oem7/odom,39.663,-75.756,-1.801033500,0.000336321,0.000490235,0.000183616,-0.000281774,0.000490235,,,
1786043627266655413,1786043627.265531890,/novatel/oem7/inspva,/novatel/oem7/inspva,/novatel/oem7/inspva,39.663,-75.756,-1.801037913,0.000983010,-0.001453621,-0.000982985,-0.000006914,-0.001453621,,novatel_oem7_msgs.msg.InertialSolutionStatus(status=3),
1786043627267868882,1786043627.265787899,/novatel/oem7/fix,/novatel/oem7/fix,/novatel/oem7/inspva,39.663,-75.756,-1.801037913,0.000983010,-0.001453621,-0.000982985,-0.000006914,-0.001453621,,0,
1786043627268790973,1786043627.266263774,/novatel/oem7/odom,/novatel/oem7/fix,/novatel/oem7/odom,39.663,-75.756,-1.801037913,0.000336332,0.000490227,0.000183636,-0.000281774,0.000490227,,,
1786043627275310244,1786043627.274702677,/novatel/oem7/odom,/novatel/oem7/fix,/novatel/oem7/odom,39.663,-75.756,-1.801037913,0.000979405,-0.001456052,-0.000049316,-0.000978163,-0.001456052,,,
1786043627285768489,1786043627.285280420,/novatel/oem7/inspva,/novatel/oem7/inspva,/novatel/oem7/inspva,39.663,-75.756,-1.801035593,0.002388928,-0.001156180,-0.002069679,0.001193065,-0.001156180,,novatel_oem7_msgs.msg.InertialSolutionStatus(status=3),
1786043627286974881,1786043627.285416024,/novatel/oem7/fix,/novatel/oem7/fix,/novatel/oem7/inspva,39.663,-75.756,-1.801035593,0.002388928,-0.001156180,-0.002069679,0.001193065,-0.001156180,,0,
1786043627287929485,1786043627.285804032,/novatel/oem7/odom,/novatel/oem7/fix,/novatel/oem7/odom,39.663,-75.756,-1.801035593,0.002388520,-0.001157021,0.001095236,-0.002122614,-0.001157021,,,
1786043627296049948,1786043627.295477920,/novatel/oem7/odom,/novatel/oem7/fix,/novatel/oem7/odom,39.663,-75.756,-1.801035593,0.002388520,-0.001157021,0.001095236,-0.002122614,-0.001157021,,,
1786043627306444687,1786043627.305908408,/novatel/oem7/inspva,/novatel/oem7/inspva,/novatel/oem7/inspva,39.663,-75.756,-1.801014434,0.003271968,-0.000039417,-0.002887388,0.001539079,-0.000039417,,novatel_oem7_msgs.msg.InertialSolutionStatus(status=3),
1786043627307643688,1786043627.306081150,/novatel/oem7/fix,/novatel/oem7/fix,/novatel/oem7/inspva,39.663,-75.756,-1.801014434,0.003271968,-0.000039417,-0.002887388,0.001539079,-0.000039417,,0,
1786043627308572357,1786043627.306564035,/novatel/oem7/odom,/novatel/oem7/fix,/novatel/oem7/odom,39.663,-75.756,-1.801014434,0.003271947,-0.000041092,0.001396923,-0.002958757,-0.000041092,,,
1786043627310199747,1786043627.309410806,/novatel/oem7/bestpos,/novatel/oem7/bestpos,/novatel/oem7/odom,39.663,-75.756,33.181529039,0.003271947,-0.000041092,0.001396923,-0.002958757,-0.000041092,,novatel_oem7_msgs.msg.SolutionStatus(status=0),novatel_oem7_msgs.msg.PositionOrVelocityType(type=53)
1786043627311450139,1786043627.310039372,/novatel/oem7/bestvel,/novatel/oem7/bestpos,/novatel/oem7/bestvel,39.663,-75.756,33.181529039,0.003118271,0.000507531,,,,167.825401271,novatel_oem7_msgs.msg.SolutionStatus(status=0),novatel_oem7_msgs.msg.PositionOrVelocityType(type=53)
1786043627315135509,1786043627.314515656,/novatel/oem7/odom,/novatel/oem7/bestpos,/novatel/oem7/odom,39.663,-75.756,33.181529039,0.003271947,-0.000041092,0.001396923,-0.002958757,-0.000041092,,,
1786043627327046226,1786043627.326567707,/novatel/oem7/inspva,/novatel/oem7/inspva,/novatel/oem7/inspva,39.663,-75.756,-1.800999375,0.001468065,0.000967732,-0.001372214,0.000521769,0.000967732,,novatel_oem7_msgs.msg.InertialSolutionStatus(status=3),
1786043627328182106,1786043627.326740602,/novatel/oem7/fix,/novatel/oem7/fix,/novatel/oem7/inspva,39.663,-75.756,-1.800999375,0.001468065,0.000967732,-0.001372214,0.000521769,0.000967732,,0,
1786043627329094269,1786043627.327281514,/novatel/oem7/odom,/novatel/oem7/fix,/novatel/oem7/odom,39.663,-75.756,-1.800999375,0.001469057,0.000966227,0.000450770,-0.001398190,0.000966227,,,
1786043627336044102,1786043627.335200085,/novatel/oem7/odom,/novatel/oem7/fix,/novatel/oem7/odom,39.663,-75.756,-1.800999375,0.001469057,0.000966227,0.000450770,-0.001398190,0.000966227,,,
1786043627345699662,1786043627.345130828,/novatel/oem7/inspva,/novatel/oem7/inspva,/novatel/oem7/inspva,39.663,-75.756,-1.800996978,0.001068187,0.000330557,-0.001027711,0.000291263,0.000330557,,novatel_oem7_msgs.msg.InertialSolutionStatus(status=3),
1786043627346862854,1786043627.345476458,/novatel/oem7/fix,/novatel/oem7/fix,/novatel/oem7/inspva,39.663,-75.756,-1.800996978,0.001068187,0.000330557,-0.001027711,0.000291263,0.000330557,,0,
1786043627347797657,1786043627.345838959,/novatel/oem7/odom,/novatel/oem7/fix,/novatel/oem7/odom,39.663,-75.756,-1.800996978,0.001068653,0.000329050,0.000239701,-0.001041423,0.000329050,,,
1786043627356505654,1786043627.355902777,/novatel/oem7/odom,/novatel/oem7/fix,/novatel/oem7/odom,39.663,-75.756,-1.800996978,0.001068653,0.000329050,0.000239701,-0.001041423,0.000329050,,,
1786043627365947183,1786043627.365413330,/novatel/oem7/inspva,/novatel/oem7/inspva,/novatel/oem7/inspva,39.663,-75.756,-1.801002149,0.002868245,-0.001816238,-0.002612243,0.001184491,-0.001816238,,novatel_oem7_msgs.msg.InertialSolutionStatus(status=3),
1786043627367095729,1786043627.365671873,/novatel/oem7/fix,/novatel/oem7/fix,/novatel/oem7/inspva,39.663,-75.756,-1.801002149,0.002868245,-0.001816238,-0.002612243,0.001184491,-0.001816238,,0,
1786043627368278923,1786043627.366132947,/novatel/oem7/odom,/novatel/oem7/fix,/novatel/oem7/odom,39.663,-75.756,-1.801002149,0.002866803,-0.001818513,0.001062596,-0.002662602,-0.001818513,,,
1786043627375372110,1786043627.374784588,/novatel/oem7/odom,/novatel/oem7/fix,/novatel/oem7/odom,39.663,-75.756,-1.801002149,0.002866803,-0.001818513,0.001062596,-0.002662602,-0.001818513,,,
1786043627386710600,1786043627.386112506,/novatel/oem7/inspva,/novatel/oem7/inspva,/novatel/oem7/inspva,39.663,-75.756,-1.800977338,0.002569479,-0.000504660,-0.002553848,0.000282983,-0.000504660,,novatel_oem7_msgs.msg.InertialSolutionStatus(status=3),
1786043627387853746,1786043627.386469412,/novatel/oem7/fix,/novatel/oem7/fix,/novatel/oem7/inspva,39.663,-75.756,-1.800977338,0.002569479,-0.000504660,-0.002553848,0.000282983,-0.000504660,,0,
1786043627388752963,1786043627.386847266,/novatel/oem7/odom,/novatel/oem7/fix,/novatel/oem7/odom,39.663,-75.756,-1.800977338,0.002568436,-0.000509940,0.000160250,-0.002563432,-0.000509940,,,
1786043627395381822,1786043627.394818704,/novatel/oem7/odom,/novatel/oem7/fix,/novatel/oem7/odom,39.663,-75.756,-1.800977338,0.002568436,-0.000509940,0.000160250,-0.002563432,-0.000509940,,,
1786043627407003747,1786043627.406480535,/novatel/oem7/inspva,/novatel/oem7/inspva,/novatel/oem7/inspva,39.663,-75.756,-1.800958266,0.002559750,0.001130576,-0.002095357,0.001470306,0.001130576,,novatel_oem7_msgs.msg.InertialSolutionStatus(status=3),
1786043627408121770,1786043627.406721830,/novatel/oem7/fix,/novatel/oem7/fix,/novatel/oem7/inspva,39.663,-75.756,-1.800958266,0.002559750,0.001130576,-0.002095357,0.001470306,0.001130576,,0,
1786043627409011964,1786043627.407119248,/novatel/oem7/odom,/novatel/oem7/fix,/novatel/oem7/odom,39.663,-75.756,-1.800958266,0.002559744,0.001130592,0.001362455,-0.002167027,0.001130592,,,
1786043627410754461,1786043627.410222778,/novatel/oem7/bestpos,/novatel/oem7/bestpos,/novatel/oem7/odom,39.663,-75.756,33.181587779,0.002559744,0.001130592,0.001362455,-0.002167027,0.001130592,,novatel_oem7_msgs.msg.SolutionStatus(status=0),novatel_oem7_msgs.msg.PositionOrVelocityType(type=53)
1786043627411948470,1786043627.410582125,/novatel/oem7/bestvel,/novatel/oem7/bestpos,/novatel/oem7/bestvel,39.663,-75.756,33.181587779,0.001912137,0.001159065,,,,150.762801520,novatel_oem7_msgs.msg.SolutionStatus(status=0),novatel_oem7_msgs.msg.PositionOrVelocityType(type=53)
1786043627416058219,1786043627.415497116,/novatel/oem7/odom,/novatel/oem7/bestpos,/novatel/oem7/odom,39.663,-75.756,33.181587779,0.002559744,0.001130592,0.001362455,-0.002167027,0.001130592,,,
1786043627425696993,1786043627.425219805,/novatel/oem7/inspva,/novatel/oem7/inspva,/novatel/oem7/inspva,39.663,-75.756,-1.800950480,0.001656849,0.001170636,-0.001579511,0.000500296,0.001170636,,novatel_oem7_msgs.msg.InertialSolutionStatus(status=3),
1786043627426849547,1786043627.425411033,/novatel/oem7/fix,/novatel/oem7/fix,/novatel/oem7/inspva,39.663,-75.756,-1.800950480,0.001656849,0.001170636,-0.001579511,0.000500296,0.001170636,,0,
1786043627427756362,1786043627.425915385,/novatel/oem7/odom,/novatel/oem7/fix,/novatel/oem7/odom,39.663,-75.756,-1.800950480,0.001658350,0.001168509,0.000418487,-0.001604678,0.001168509,,,
1786043627435124585,1786043627.434507295,/novatel/oem7/odom,/novatel/oem7/fix,/novatel/oem7/odom,39.663,-75.756,-1.800950480,0.001658350,0.001168509,0.000418487,-0.001604678,0.001168509,,,
1786043627447604070,1786043627.447094038,/novatel/oem7/inspva,/novatel/oem7/inspva,/novatel/oem7/inspva,39.663,-75.756,-1.800968363,0.001595741,-0.002140012,-0.001587692,-0.000160068,-0.002140012,,novatel_oem7_msgs.msg.InertialSolutionStatus(status=3),
1786043627448772436,1786043627.447262780,/novatel/oem7/fix,/novatel/oem7/fix,/novatel/oem7/inspva,39.663,-75.756,-1.800968363,0.001595741,-0.002140012,-0.001587692,-0.000160068,-0.002140012,,0,
1786043627449705139,1786043627.447751581,/novatel/oem7/odom,/novatel/oem7/fix,/novatel/oem7/odom,39.663,-75.756,-1.800968363,0.001589725,-0.002144484,-0.000229254,-0.001573108,-0.002144484,,,
1786043627456953473,1786043627.456364262,/novatel/oem7/odom,/novatel/oem7/fix,/novatel/oem7/odom,39.663,-75.756,-1.800968363,0.001589725,-0.002144484,-0.000229254,-0.001573108,-0.002144484,,,
1786043627465569511,1786043627.465120741,/novatel/oem7/inspva,/novatel/oem7/inspva,/novatel/oem7/inspva,39.663,-75.756,-1.800949671,0.002133424,-0.001599609,-0.002100320,0.000374372,-0.001599609,,novatel_oem7_msgs.msg.InertialSolutionStatus(status=3),
1786043627466672731,1786043627.465264332,/novatel/oem7/fix,/novatel/oem7/fix,/novatel/oem7/inspva,39.663,-75.756,-1.800949671,0.002133424,-0.001599609,-0.002100320,0.000374372,-0.001599609,,0,
1786043627467557345,1786043627.465702487,/novatel/oem7/odom,/novatel/oem7/fix,/novatel/oem7/odom,39.663,-75.756,-1.800949671,0.002130558,-0.001603425,0.000277642,-0.002112390,-0.001603425,,,
1786043627476061914,1786043627.475502906,/novatel/oem7/odom,/novatel/oem7/fix,/novatel/oem7/odom,39.663,-75.756,-1.800949671,0.002130558,-0.001603425,0.000277642,-0.002112390,-0.001603425,,,
1786043627485722722,1786043627.485280842,/novatel/oem7/inspva,/novatel/oem7/inspva,/novatel/oem7/inspva,39.663,-75.756,-1.800921258,0.003057038,0.001282386,-0.002696514,0.001440241,0.001282386,,novatel_oem7_msgs.msg.InertialSolutionStatus(status=3),
1786043627486835305,1786043627.485449450,/novatel/oem7/fix,/novatel/oem7/fix,/novatel/oem7/inspva,39.663,-75.756,-1.800921258,0.003057038,0.001282386,-0.002696514,0.001440241,0.001282386,,0,
1786043627487736974,1786043627.486299278,/novatel/oem7/odom,/novatel/oem7/fix,/novatel/oem7/odom,39.663,-75.756,-1.800921258,0.003057681,0.001280854,0.001302634,-0.002766326,0.001280854,,,
1786043627495619382,1786043627.494918422,/novatel/oem7/odom,/novatel/oem7/fix,/novatel/oem7/odom,39.663,-75.756,-1.800921258,0.003057681,0.001280854,0.001302634,-0.002766326,0.001280854,,,
1786043627506606681,1786043627.506143822,/novatel/oem7/inspva,/novatel/oem7/inspva,/novatel/oem7/inspva,39.663,-75.756,-1.800911536,0.002914996,0.001425417,-0.002415415,0.001631862,0.001425417,,novatel_oem7_msgs.msg.InertialSolutionStatus(status=3),
1786043627507727675,1786043627.506322327,/novatel/oem7/fix,/novatel/oem7/fix,/novatel/oem7/inspva,39.663,-75.756,-1.800911536,0.002914996,0.001425417,-0.002415415,0.001631862,0.001425417,,0,
1786043627508630332,1786043627.506779605,/novatel/oem7/odom,/novatel/oem7/fix,/novatel/oem7/odom,39.663,-75.756,-1.800911536,0.002915113,0.001425179,0.001507215,-0.002495233,0.001425179,,,
1786043627512145367,1786043627.511602519,/novatel/oem7/bestpos,/novatel/oem7/bestpos,/novatel/oem7/odom,39.663,-75.756,33.181634162,0.002915113,0.001425179,0.001507215,-0.002495233,0.001425179,,novatel_oem7_msgs.msg.SolutionStatus(status=0),novatel_oem7_msgs.msg.PositionOrVelocityType(type=53)
1786043627513348550,1786043627.512673748,/novatel/oem7/bestvel,/novatel/oem7/bestpos,/novatel/oem7/bestvel,39.663,-75.756,33.181634162,0.002312999,0.000970924,,,,134.992513122,novatel_oem7_msgs.msg.SolutionStatus(status=0),novatel_oem7_msgs.msg.PositionOrVelocityType(type=53)
1786043627515372867,1786043627.514806047,/novatel/oem7/odom,/novatel/oem7/bestpos,/novatel/oem7/odom,39.663,-75.756,33.181634162,0.002915113,0.001425179,0.001507215,-0.002495233,0.001425179,,,
1786043627525908405,1786043627.525246766,/novatel/oem7/inspva,/novatel/oem7/inspva,/novatel/oem7/inspva,39.663,-75.756,-1.800922920,0.000935054,-0.001081257,-0.000921252,0.000160067,-0.001081257,,novatel_oem7_msgs.msg.InertialSolutionStatus(status=3),
1786043627527324359,1786043627.525399196,/novatel/oem7/fix,/novatel/oem7/fix,/novatel/oem7/inspva,39.663,-75.756,-1.800922920,0.000935054,-0.001081257,-0.000921252,0.000160067,-0.001081257,,0,
1786043627528379039,1786043627.525738244,/novatel/oem7/odom,/novatel/oem7/fix,/novatel/oem7/odom,39.663,-75.756,-1.800922920,0.000933091,-0.001082952,0.000119080,-0.000925461,-0.001082952,,,
1786043627536190763,1786043627.535499056,/novatel/oem7/odom,/novatel/oem7/fix,/novatel/oem7/odom,39.663,-75.756,-1.800922920,0.000933091,-0.001082952,0.000119080,-0.000925461,-0.001082952,,,
1786043627545620265,1786043627.545043899,/novatel/oem7/inspva,/novatel/oem7/inspva,/novatel/oem7/inspva,39.663,-75.756,-1.800906924,0.001266482,-0.001685055,-0.001254547,-0.000173462,-0.001685055,,novatel_oem7_msgs.msg.InertialSolutionStatus(status=3),
1786043627546970548,1786043627.545195544,/novatel/oem7/fix,/novatel/oem7/fix,/novatel/oem7/inspva,39.663,-75.756,-1.800906924,0.001266482,-0.001685055,-0.001254547,-0.000173462,-0.001685055,,0,
1786043627548040199,1786043627.545600678,/novatel/oem7/odom,/novatel/oem7/fix,/novatel/oem7/odom,39.663,-75.756,-1.800906924,0.001261558,-0.001688744,-0.000228089,-0.001240768,-0.001688744,,,
1786043627556334370,1786043627.555666543,/novatel/oem7/odom,/novatel/oem7/fix,/novatel/oem7/odom,39.663,-75.756,-1.800906924,0.001261558,-0.001688744,-0.000228089,-0.001240768,-0.001688744,,,
1786043627567171002,1786043627.566615573,/novatel/oem7/inspva,/novatel/oem7/inspva,/novatel/oem7/inspva,39.663,-75.756,-1.800879992,0.004099343,0.000583425,-0.003692247,0.001780990,0.000583425,,novatel_oem7_msgs.msg.InertialSolutionStatus(status=3),
1786043627568568462,1786043627.566764725,/novatel/oem7/fix,/novatel/oem7/fix,/novatel/oem7/inspva,39.663,-75.756,-1.800879992,0.004099343,0.000583425,-0.003692247,0.001780990,0.000583425,,0,
1786043627569635863,1786043627.567133285,/novatel/oem7/odom,/novatel/oem7/fix,/novatel/oem7/odom,39.663,-75.756,-1.800879992,0.004099746,0.000580591,0.001597116,-0.003775862,0.000580591,,,
1786043627575717649,1786043627.575018155,/novatel/oem7/odom,/novatel/oem7/fix,/novatel/oem7/odom,39.663,-75.756,-1.800879992,0.004099746,0.000580591,0.001597116,-0.003775862,0.000580591,,,
1786043627585856128,1786043627.585261115,/novatel/oem7/inspva,/novatel/oem7/inspva,/novatel/oem7/inspva,39.663,-75.756,-1.800867571,0.003041775,0.000905022,-0.002621639,0.001542531,0.000905022,,novatel_oem7_msgs.msg.InertialSolutionStatus(status=3),
1786043627587214078,1786043627.585415341,/novatel/oem7/fix,/novatel/oem7/fix,/novatel/oem7/inspva,39.663,-75.756,-1.800867571,0.003041775,0.000905022,-0.002621639,0.001542531,0.000905022,,0,
1786043627588281645,1786043627.585770265,/novatel/oem7/odom,/novatel/oem7/fix,/novatel/oem7/odom,39.663,-75.756,-1.800867571,0.003042067,0.000904040,0.001409811,-0.002695664,0.000904040,,,
1786043627596281610,1786043627.595607694,/novatel/oem7/odom,/novatel/oem7/fix,/novatel/oem7/odom,39.663,-75.756,-1.800867571,0.003042067,0.000904040,0.001409811,-0.002695664,0.000904040,,,
1786043627607080026,1786043627.606539653,/novatel/oem7/inspva,/novatel/oem7/inspva,/novatel/oem7/inspva,39.663,-75.756,-1.800864497,0.000796829,0.000048268,-0.000796689,0.000014952,0.000048268,,novatel_oem7_msgs.msg.InertialSolutionStatus(status=3),
1786043627608475572,1786043627.606686909,/novatel/oem7/fix,/novatel/oem7/fix,/novatel/oem7/inspva,39.663,-75.756,-1.800864497,0.000796829,0.000048268,-0.000796689,0.000014952,0.000048268,,0,
1786043627609531226,1786043627.607152889,/novatel/oem7/odom,/novatel/oem7/fix,/novatel/oem7/odom,39.663,-75.756,-1.800864497,0.000796943,0.000046346,-0.000023999,-0.000796582,0.000046346,,,
1786043627611063955,1786043627.610390128,/novatel/oem7/bestpos,/novatel/oem7/bestpos,/novatel/oem7/odom,39.663,-75.756,33.181685527,0.000796943,0.000046346,-0.000023999,-0.000796582,0.000046346,,novatel_oem7_msgs.msg.SolutionStatus(status=0),novatel_oem7_msgs.msg.PositionOrVelocityType(type=53)
1786043627612507866,1786043627.610788382,/novatel/oem7/bestvel,/novatel/oem7/bestpos,/novatel/oem7/bestvel,39.663,-75.756,33.181685527,0.000553688,-0.000091795,,,,178.648828122,novatel_oem7_msgs.msg.SolutionStatus(status=0),novatel_oem7_msgs.msg.PositionOrVelocityType(type=53)
1786043627615404800,1786043627.614725260,/novatel/oem7/odom,/novatel/oem7/bestpos,/novatel/oem7/odom,39.663,-75.756,33.181685527,0.000796943,0.000046346,-0.000023999,-0.000796582,0.000046346,,,
1786043627626882606,1786043627.626310534,/novatel/oem7/inspva,/novatel/oem7/inspva,/novatel/oem7/inspva,39.663,-75.756,-1.800854539,0.000800528,-0.000762372,-0.000800491,-0.000007666,-0.000762372,,novatel_oem7_msgs.msg.InertialSolutionStatus(status=3),
1786043627628702170,1786043627.626515389,/novatel/oem7/fix,/novatel/oem7/fix,/novatel/oem7/inspva,39.663,-75.756,-1.800854539,0.000800528,-0.000762372,-0.000800491,-0.000007666,-0.000762372,,0,
1786043627629831168,1786043627.626896394,/novatel/oem7/odom,/novatel/oem7/fix,/novatel/oem7/odom,39.663,-75.756,-1.800854539,0.000798615,-0.000764375,-0.000043758,-0.000797415,-0.000764375,,,
1786043627635342559,1786043627.634590688,/novatel/oem7/odom,/novatel/oem7/fix,/novatel/oem7/odom,39.663,-75.756,-1.800854539,0.000798615,-0.000764375,-0.000043758,-0.000797415,-0.000764375,,,
1786043627645856018,1786043627.645274359,/novatel/oem7/inspva,/novatel/oem7/inspva,/novatel/oem7/inspva,39.663,-75.756,-1.800843934,0.003162774,-0.000976458,-0.003129541,0.000457283,-0.000976458,,novatel_oem7_msgs.msg.InertialSolutionStatus(status=3),
1786043627647224068,1786043627.645495438,/novatel/oem7/fix,/novatel/oem7/fix,/novatel/oem7/inspva,39.663,-75.756,-1.800843934,0.003162774,-0.000976458,-0.003129541,0.000457283,-0.000976458,,0,
1786043627648294535,1786043627.646206780,/novatel/oem7/odom,/novatel/oem7/fix,/novatel/oem7/odom,39.663,-75.756,-1.800843934,0.003160886,-0.000982552,0.000308092,-0.003145835,-0.000982552,,,
1786043627656829439,1786043627.656141575,/novatel/oem7/odom,/novatel/oem7/fix,/novatel/oem7/odom,39.663,-75.756,-1.800843934,0.003160886,-0.000982552,0.000308092,-0.003145835,-0.000982552,,,
1786043627666019069,1786043627.665480317,/novatel/oem7/inspva,/novatel/oem7/inspva,/novatel/oem7/inspva,39.663,-75.756,-1.800822155,0.003171634,0.000422972,-0.002648218,0.001745337,0.000422972,,novatel_oem7_msgs.msg.InertialSolutionStatus(status=3),
1786043627667366892,1786043627.665573804,/novatel/oem7/fix,/novatel/oem7/fix,/novatel/oem7/inspva,39.663,-75.756,-1.800822155,0.003171634,0.000422972,-0.002648218,0.001745337,0.000422972,,0,
1786043627668450159,1786043627.666090959,/novatel/oem7/odom,/novatel/oem7/fix,/novatel/oem7/odom,39.663,-75.756,-1.800822155,0.003171682,0.000422607,0.001612899,-0.002730957,0.000422607,,,
1786043627675288569,1786043627.674605946,/novatel/oem7/odom,/novatel/oem7/fix,/novatel/oem7/odom,39.663,-75.756,-1.800822155,0.003171682,0.000422607,0.001612899,-0.002730957,0.000422607,,,
1786043627687277746,1786043627.686722411,/novatel/oem7/inspva,/novatel/oem7/inspva,/novatel/oem7/inspva,39.663,-75.756,-1.800810258,0.001839629,0.000690290,-0.001686963,0.000733750,0.000690290,,novatel_oem7_msgs.msg.InertialSolutionStatus(status=3),
1786043627688685776,1786043627.686890089,/novatel/oem7/fix,/novatel/oem7/fix,/novatel/oem7/inspva,39.663,-75.756,-1.800810258,0.001839629,0.000690290,-0.001686963,0.000733750,0.000690290,,0,
1786043627689753017,1786043627.687307083,/novatel/oem7/odom,/novatel/oem7/fix,/novatel/oem7/odom,39.663,-75.756,-1.800810258,0.001840191,0.000688790,0.000648226,-0.001722238,0.000688790,,,
1786043627696111073,1786043627.695493214,/novatel/oem7/odom,/novatel/oem7/fix,/novatel/oem7/odom,39.663,-75.756,-1.800810258,0.001840191,0.000688790,0.000648226,-0.001722238,0.000688790,,,
1786043627706379916,1786043627.705856011,/novatel/oem7/inspva,/novatel/oem7/inspva,/novatel/oem7/inspva,39.663,-75.756,-1.800799902,0.001261283,-0.000232787,-0.001029467,0.000728719,-0.000232787,,novatel_oem7_msgs.msg.InertialSolutionStatus(status=3),
1786043627707707136,1786043627.706023020,/novatel/oem7/fix,/novatel/oem7/fix,/novatel/oem7/inspva,39.663,-75.756,-1.800799902,0.001261283,-0.000232787,-0.001029467,0.000728719,-0.000232787,,0,
1786043627708738492,1786043627.706476194,/novatel/oem7/odom,/novatel/oem7/fix,/novatel/oem7/odom,39.663,-75.756,-1.800799902,0.001261291,-0.000232742,0.000678641,-0.001063157,-0.000232742,,,
1786043627710222934,1786043627.709368252,/novatel/oem7/bestpos,/novatel/oem7/bestpos,/novatel/oem7/odom,39.663,-75.756,33.181761133,0.001261291,-0.000232742,0.000678641,-0.001063157,-0.000232742,,novatel_oem7_msgs.msg.SolutionStatus(status=0),novatel_oem7_msgs.msg.PositionOrVelocityType(type=53)
1786043627711609421,1786043627.709950354,/novatel/oem7/bestvel,/novatel/oem7/bestpos,/novatel/oem7/bestvel,39.663,-75.756,33.181761133,0.000589792,-0.000155318,,,,172.495676926,novatel_oem7_msgs.msg.SolutionStatus(status=0),novatel_oem7_msgs.msg.PositionOrVelocityType(type=53)
1786043627716281186,1786043627.715639540,/novatel/oem7/odom,/novatel/oem7/bestpos,/novatel/oem7/odom,39.663,-75.756,33.181761133,0.001261291,-0.000232742,0.000678641,-0.001063157,-0.000232742,,,
1786043627726364275,1786043627.725513613,/novatel/oem7/inspva,/novatel/oem7/inspva,/novatel/oem7/inspva,39.663,-75.756,-1.800796736,0.002835002,-0.001329924,-0.002521505,0.001295858,-0.001329924,,novatel_oem7_msgs.msg.InertialSolutionStatus(status=3),
1786043627727936414,1786043627.725750519,/novatel/oem7/fix,/novatel/oem7/fix,/novatel/oem7/inspva,39.663,-75.756,-1.800796736,0.002835002,-0.001329924,-0.002521505,0.001295858,-0.001329924,,0,
1786043627729112845,1786043627.726416025,/novatel/oem7/odom,/novatel/oem7/fix,/novatel/oem7/odom,39.663,-75.756,-1.800796736,0.002834241,-0.001331545,0.001176575,-0.002578486,-0.001331545,,,
1786043627735635102,1786043627.734875178,/novatel/oem7/odom,/novatel/oem7/fix,/novatel/oem7/odom,39.663,-75.756,-1.800796736,0.002834241,-0.001331545,0.001176575,-0.002578486,-0.001331545,,,
1786043627746710727,1786043627.746119462,/novatel/oem7/inspva,/novatel/oem7/inspva,/novatel/oem7/inspva,39.663,-75.756,-1.800774740,0.002680828,-0.000836403,-0.002567807,0.000770199,-0.000836403,,novatel_oem7_msgs.msg.InertialSolutionStatus(status=3),
1786043627748275136,1786043627.746282103,/novatel/oem7/fix,/novatel/oem7/fix,/novatel/oem7/inspva,39.663,-75.756,-1.800774740,0.002680828,-0.000836403,-0.002567807,0.000770199,-0.000836403,,0,
1786043627749458214,1786043627.746731804,/novatel/oem7/odom,/novatel/oem7/fix,/novatel/oem7/odom,39.663,-75.756,-1.800774740,0.002679705,-0.000839994,0.000647480,-0.002600306,-0.000839994,,,
1786043627756524500,1786043627.755807863,/novatel/oem7/odom,/novatel/oem7/fix,/novatel/oem7/odom,39.663,-75.756,-1.800774740,0.002679705,-0.000839994,0.000647480,-0.002600306,-0.000839994,,,
1786043627765938532,1786043627.765347303,/novatel/oem7/inspva,/novatel/oem7/inspva,/novatel/oem7/inspva,39.663,-75.756,-1.800739680,0.002722044,0.002174551,-0.001910796,0.001938656,0.002174551,,novatel_oem7_msgs.msg.InertialSolutionStatus(status=3),
1786043627767418206,1786043627.765439843,/novatel/oem7/fix,/novatel/oem7/fix,/novatel/oem7/inspva,39.663,-75.756,-1.800739680,0.002722044,0.002174551,-0.001910796,0.001938656,0.002174551,,0,
1786043627768670905,1786043627.765851715,/novatel/oem7/odom,/novatel/oem7/fix,/novatel/oem7/odom,39.663,-75.756,-1.800739680,0.002720313,0.002176716,0.001835392,-0.002007844,0.002176716,,,
1786043627776179022,1786043627.775454055,/novatel/oem7/odom,/novatel/oem7/fix,/novatel/oem7/odom,39.663,-75.756,-1.800739680,0.002720313,0.002176716,0.001835392,-0.002007844,0.002176716,,,
1786043627785692165,1786043627.785085995,/novatel/oem7/inspva,/novatel/oem7/inspva,/novatel/oem7/inspva,39.663,-75.756,-1.800727935,0.002039562,0.001166883,-0.001592593,0.001274151,0.001166883,,novatel_oem7_msgs.msg.InertialSolutionStatus(status=3),
1786043627787146319,1786043627.785167531,/novatel/oem7/fix,/novatel/oem7/fix,/novatel/oem7/inspva,39.663,-75.756,-1.800727935,0.002039562,0.001166883,-0.001592593,0.001274151,0.001166883,,0,
1786043627788492106,1786043627.785669154,/novatel/oem7/odom,/novatel/oem7/fix,/novatel/oem7/odom,39.663,-75.756,-1.800727935,0.002039167,0.001167573,0.001190814,-0.001655344,0.001167573,,,
1786043627795179717,1786043627.794381950,/novatel/oem7/odom,/novatel/oem7/fix,/novatel/oem7/odom,39.663,-75.756,-1.800727935,0.002039167,0.001167573,0.001190814,-0.001655344,0.001167573,,,
1786043627807079858,1786043627.806455318,/novatel/oem7/inspva,/novatel/oem7/inspva,/novatel/oem7/inspva,39.663,-75.756,-1.800728621,0.001832332,-0.001382421,-0.001712828,0.000650893,-0.001382421,,novatel_oem7_msgs.msg.InertialSolutionStatus(status=3),
1786043627808639016,1786043627.806609983,/novatel/oem7/fix,/novatel/oem7/fix,/novatel/oem7/inspva,39.663,-75.756,-1.800728621,0.001832332,-0.001382421,-0.001712828,0.000650893,-0.001382421,,0,
1786043627809934686,1786043627.807040467,/novatel/oem7/odom,/novatel/oem7/fix,/novatel/oem7/odom,39.663,-75.756,-1.800728621,0.001830914,-0.001384300,0.000571907,-0.001739301,-0.001384300,,,
1786043627811793197,1786043627.810414895,/novatel/oem7/bestpos,/novatel/oem7/bestpos,/novatel/oem7/odom,39.663,-75.756,33.181842853,0.001830914,-0.001384300,0.000571907,-0.001739301,-0.001384300,,novatel_oem7_msgs.msg.SolutionStatus(status=0),novatel_oem7_msgs.msg.PositionOrVelocityType(type=53)
1786043627812872924,1786043627.810912424,/novatel/oem7/bestvel,/novatel/oem7/bestpos,/novatel/oem7/bestvel,39.663,-75.756,33.181842853,0.002184396,-0.000556400,,,,192.792133725,novatel_oem7_msgs.msg.SolutionStatus(status=0),novatel_oem7_msgs.msg.PositionOrVelocityType(type=53)
1786043627816285234,1786043627.815578207,/novatel/oem7/odom,/novatel/oem7/bestpos,/novatel/oem7/odom,39.663,-75.756,33.181842853,0.001830914,-0.001384300,0.000571907,-0.001739301,-0.001384300,,,
1786043627825519784,1786043627.824946283,/novatel/oem7/inspva,/novatel/oem7/inspva,/novatel/oem7/inspva,39.663,-75.756,-1.800702375,0.003189085,-0.000704373,-0.002742815,0.001627029,-0.000704373,,novatel_oem7_msgs.msg.InertialSolutionStatus(status=3),
1786043627827049723,1786043627.825028741,/novatel/oem7/fix,/novatel/oem7/fix,/novatel/oem7/inspva,39.663,-75.756,-1.800702375,0.003189085,-0.000704373,-0.002742815,0.001627029,-0.000704373,,0,
1786043627828255541,1786043627.825466344,/novatel/oem7/odom,/novatel/oem7/fix,/novatel/oem7/odom,39.663,-75.756,-1.800702375,0.003188868,-0.000705352,0.001494308,-0.002817077,-0.000705352,,,
1786043627836259943,1786043627.835484655,/novatel/oem7/odom,/novatel/oem7/fix,/novatel/oem7/odom,39.663,-75.756,-1.800702375,0.003188868,-0.000705352,0.001494308,-0.002817077,-0.000705352,,,
1786043627846061655,1786043627.845485289,/novatel/oem7/inspva,/novatel/oem7/inspva,/novatel/oem7/inspva,39.663,-75.756,-1.800659286,0.003803859,0.002195217,-0.003350714,0.001800572,0.002195217,,novatel_oem7_msgs.msg.InertialSolutionStatus(status=3),
1786043627847436526,1786043627.845678878,/novatel/oem7/fix,/novatel/oem7/fix,/novatel/oem7/inspva,39.663,-75.756,-1.800659286,0.003803859,0.002195217,-0.003350714,0.001800572,0.002195217,,0,
1786043627847954278,1786043627.846228130,/novatel/oem7/odom,/novatel/oem7/fix,/novatel/oem7/odom,39.663,-75.756,-1.800659286,0.003804970,0.002193290,0.001627320,-0.003439422,0.002193290,,,
1786043627856827904,1786043627.856343489,/novatel/oem7/odom,/novatel/oem7/fix,/novatel/oem7/odom,39.663,-75.756,-1.800659286,0.003804970,0.002193290,0.001627320,-0.003439422,0.002193290,,,
1786043627866330709,1786043627.866031474,/novatel/oem7/inspva,/novatel/oem7/inspva,/novatel/oem7/inspva,39.663,-75.756,-1.800641418,0.002837404,0.001769719,-0.002494437,0.001352274,0.001769719,,novatel_oem7_msgs.msg.InertialSolutionStatus(status=3),
1786043627867216529,1786043627.866182328,/novatel/oem7/fix,/novatel/oem7/fix,/novatel/oem7/inspva,39.663,-75.756,-1.800641418,0.002837404,0.001769719,-0.002494437,0.001352274,0.001769719,,0,
1786043627868295622,1786043627.866912362,/novatel/oem7/odom,/novatel/oem7/fix,/novatel/oem7/odom,39.663,-75.756,-1.800641418,0.002838264,0.001768340,0.001222833,-0.002561332,0.001768340,,,
1786043627875226447,1786043627.874756575,/novatel/oem7/odom,/novatel/oem7/fix,/novatel/oem7/odom,39.663,-75.756,-1.800641418,0.002838264,0.001768340,0.001222833,-0.002561332,0.001768340,,,
1786043627885684966,1786043627.885304935,/novatel/oem7/inspva,/novatel/oem7/inspva,/novatel/oem7/inspva,39.663,-75.756,-1.800645081,0.001373545,-0.001159167,-0.001371687,0.000071414,-0.001159167,,novatel_oem7_msgs.msg.InertialSolutionStatus(status=3),
1786043627886318050,1786043627.885502007,/novatel/oem7/fix,/novatel/oem7/fix,/novatel/oem7/inspva,39.663,-75.756,-1.800645081,0.001373545,-0.001159167,-0.001371687,0.000071414,-0.001159167,,0,
1786043627886834093,1786043627.885941475,/novatel/oem7/odom,/novatel/oem7/fix,/novatel/oem7/odom,39.663,-75.756,-1.800645081,0.001370910,-0.001162282,0.000008904,-0.001370881,-0.001162282,,,
1786043627895304712,1786043627.894930073,/novatel/oem7/odom,/novatel/oem7/fix,/novatel/oem7/odom,39.663,-75.756,-1.800645081,0.001370910,-0.001162282,0.000008904,-0.001370881,-0.001162282,,,
1786043627906240003,1786043627.905938220,/novatel/oem7/inspva,/novatel/oem7/inspva,/novatel/oem7/inspva,39.663,-75.756,-1.800615127,0.002133969,-0.000586803,-0.001993406,0.000761680,-0.000586803,,novatel_oem7_msgs.msg.InertialSolutionStatus(status=3),
1786043627906857147,1786043627.906094939,/novatel/oem7/fix,/novatel/oem7/fix,/novatel/oem7/inspva,39.663,-75.756,-1.800615127,0.002133969,-0.000586803,-0.001993406,0.000761680,-0.000586803,,0,
1786043627907633102,1786043627.906657131,/novatel/oem7/odom,/novatel/oem7/fix,/novatel/oem7/odom,39.663,-75.756,-1.800615127,0.002133347,-0.000589059,0.000666004,-0.002026724,-0.000589059,,,
1786043627910342220,1786043627.909996020,/novatel/oem7/bestpos,/novatel/oem7/bestpos,/novatel/oem7/odom,39.663,-75.756,33.181946536,0.002133347,-0.000589059,0.000666004,-0.002026724,-0.000589059,,novatel_oem7_msgs.msg.SolutionStatus(status=0),novatel_oem7_msgs.msg.PositionOrVelocityType(type=53)
1786043627911029051,1786043627.910504072,/novatel/oem7/bestvel,/novatel/oem7/bestpos,/novatel/oem7/bestvel,39.663,-75.756,33.181946536,0.002023823,-0.000094595,,,,184.768946425,novatel_oem7_msgs.msg.SolutionStatus(status=0),novatel_oem7_msgs.msg.PositionOrVelocityType(type=53)
1786043627914862249,1786043627.914444977,/novatel/oem7/odom,/novatel/oem7/bestpos,/novatel/oem7/odom,39.663,-75.756,33.181946536,0.002133347,-0.000589059,0.000666004,-0.002026724,-0.000589059,,,
1786043627925594657,1786043627.925213759,/novatel/oem7/inspva,/novatel/oem7/inspva,/novatel/oem7/inspva,39.663,-75.756,-1.800576062,0.004086028,0.001577811,-0.003484183,0.002134501,0.001577811,,novatel_oem7_msgs.msg.InertialSolutionStatus(status=3),
1786043627926242384,1786043627.925376604,/novatel/oem7/fix,/novatel/oem7/fix,/novatel/oem7/inspva,39.663,-75.756,-1.800576062,0.004086028,0.001577811,-0.003484183,0.002134501,0.001577811,,0,
1786043627926970170,1786043627.926009600,/novatel/oem7/odom,/novatel/oem7/fix,/novatel/oem7/odom,39.663,-75.756,-1.800576062,0.004086468,0.001576670,0.001956748,-0.003587529,0.001576670,,,
1786043627935527074,1786043627.935095351,/novatel/oem7/odom,/novatel/oem7/fix,/novatel/oem7/odom,39.663,-75.756,-1.800576062,0.004086468,0.001576670,0.001956748,-0.003587529,0.001576670,,,
1786043627945262132,1786043627.944946928,/novatel/oem7/inspva,/novatel/oem7/inspva,/novatel/oem7/inspva,39.663,-75.756,-1.800549274,0.003419251,0.001893721,-0.003262898,0.001022142,0.001893721,,novatel_oem7_msgs.msg.InertialSolutionStatus(status=3),
1786043627945892683,1786043627.945103123,/novatel/oem7/fix,/novatel/oem7/fix,/novatel/oem7/inspva,39.663,-75.756,-1.800549274,0.003419251,0.001893721,-0.003262898,0.001022142,0.001893721,,0,
1786043627946375279,1786043627.945572288,/novatel/oem7/odom,/novatel/oem7/fix,/novatel/oem7/odom,39.663,-75.756,-1.800549274,0.003421736,0.001889226,0.000855272,-0.003313124,0.001889226,,,
1786043627956312695,1786043627.955822555,/novatel/oem7/odom,/novatel/oem7/fix,/novatel/oem7/odom,39.663,-75.756,-1.800549274,0.003421736,0.001889226,0.000855272,-0.003313124,0.001889226,,,
1786043627966615080,1786043627.965903010,/novatel/oem7/inspva,/novatel/oem7/inspva,/novatel/oem7/inspva,39.663,-75.756,-1.800544490,0.001435387,-0.000119072,-0.001424675,-0.000175041,-0.000119072,,novatel_oem7_msgs.msg.InertialSolutionStatus(status=3),
1786043627968200273,1786043627.966015470,/novatel/oem7/fix,/novatel/oem7/fix,/novatel/oem7/inspva,39.663,-75.756,-1.800544490,0.001435387,-0.000119072,-0.001424675,-0.000175041,-0.000119072,,0,
1786043627969404234,1786043627.966635434,/novatel/oem7/odom,/novatel/oem7/fix,/novatel/oem7/odom,39.663,-75.756,-1.800544490,0.001435037,-0.000123228,-0.000243655,-0.001414200,-0.000123228,,,
1786043627975456113,1786043627.974688899,/novatel/oem7/odom,/novatel/oem7/fix,/novatel/oem7/odom,39.663,-75.756,-1.800544490,0.001435037,-0.000123228,-0.000243655,-0.001414200,-0.000123228,,,
1786043627985615696,1786043627.984982924,/novatel/oem7/inspva,/novatel/oem7/inspva,/novatel/oem7/inspva,39.663,-75.756,-1.800510474,0.002030830,0.000019761,-0.002009376,0.000294410,0.000019761,,novatel_oem7_msgs.msg.InertialSolutionStatus(status=3),
1786043627987067253,1786043627.985078303,/novatel/oem7/fix,/novatel/oem7/fix,/novatel/oem7/inspva,39.663,-75.756,-1.800510474,0.002030830,0.000019761,-0.002009376,0.000294410,0.000019761,,0,
1786043627988272845,1786043627.985546978,/novatel/oem7/odom,/novatel/oem7/fix,/novatel/oem7/odom,39.663,-75.756,-1.800510474,0.002030864,0.000015843,0.000196292,-0.002021356,0.000015843,,,
1786043627996309624,1786043627.995476505,/novatel/oem7/odom,/novatel/oem7/fix,/novatel/oem7/odom,39.663,-75.756,-1.800510474,0.002030864,0.000015843,0.000196292,-0.002021356,0.000015843,,,
1786043628009006848,1786043628.008395216,/novatel/oem7/inspva,/novatel/oem7/inspva,/novatel/oem7/inspva,39.663,-75.756,-1.800476889,0.003810356,0.000803820,-0.003651409,0.001089048,0.000803820,,novatel_oem7_msgs.msg.InertialSolutionStatus(status=3),
1786043628010492172,1786043628.008599734,/novatel/oem7/fix,/novatel/oem7/fix,/novatel/oem7/inspva,39.663,-75.756,-1.800476889,0.003810356,0.000803820,-0.003651409,0.001089048,0.000803820,,0,
1786043628012222133,1786043628.011230489,/novatel/oem7/odom,/novatel/oem7/fix,/novatel/oem7/odom,39.663,-75.756,-1.800476889,0.003811431,0.000798705,0.000907278,-0.003701872,0.000798705,,,
1786043628015644226,1786043628.014735764,/novatel/oem7/odom,/novatel/oem7/fix,/novatel/oem7/odom,39.663,-75.756,-1.800476889,0.003811431,0.000798705,0.000907278,-0.003701872,0.000798705,,,
1786043628027061341,1786043628.026142375,/novatel/oem7/bestpos,/novatel/oem7/bestpos,/novatel/oem7/odom,39.663,-75.756,33.182086376,0.003811431,0.000798705,0.000907278,-0.003701872,0.000798705,,novatel_oem7_msgs.msg.SolutionStatus(status=0),novatel_oem7_msgs.msg.PositionOrVelocityType(type=53)
1786043628028893239,1786043628.026737721,/novatel/oem7/bestvel,/novatel/oem7/bestpos,/novatel/oem7/bestvel,39.663,-75.756,33.182086376,0.004357749,0.001247209,,,,167.889222123,novatel_oem7_msgs.msg.SolutionStatus(status=0),novatel_oem7_msgs.msg.PositionOrVelocityType(type=53)
1786043628030077241,1786043628.027259331,/novatel/oem7/inspva,/novatel/oem7/inspva,/novatel/oem7/inspva,39.663,-75.756,-1.800445303,0.004524194,0.001259200,-0.003841622,0.002389617,0.001259200,,novatel_oem7_msgs.msg.InertialSolutionStatus(status=3),
1786043628031100781,1786043628.027367852,/novatel/oem7/fix,/novatel/oem7/fix,/novatel/oem7/inspva,39.663,-75.756,-1.800445303,0.004524194,0.001259200,-0.003841622,0.002389617,0.001259200,,0,
1786043628032444104,1786043628.027954990,/novatel/oem7/odom,/novatel/oem7/fix,/novatel/oem7/odom,39.663,-75.756,-1.800445303,0.004524496,0.001258112,0.002195405,-0.003956168,0.001258112,,,
1786043628035400816,1786043628.034478157,/novatel/oem7/odom,/novatel/oem7/fix,/novatel/oem7/odom,39.663,-75.756,-1.800445303,0.004524496,0.001258112,0.002195405,-0.003956168,0.001258112,,,
1786043628045972993,1786043628.045358399,/novatel/oem7/inspva,/novatel/oem7/inspva,/novatel/oem7/inspva,39.663,-75.756,-1.800432901,0.002158705,0.001477438,-0.002092536,0.000530379,0.001477438,,novatel_oem7_msgs.msg.InertialSolutionStatus(status=3),
1786043628047589175,1786043628.045466757,/novatel/oem7/fix,/novatel/oem7/fix,/novatel/oem7/inspva,39.663,-75.756,-1.800432901,0.002158705,0.001477438,-0.002092536,0.000530379,0.001477438,,0,
1786043628048770590,1786043628.046324810,/novatel/oem7/odom,/novatel/oem7/fix,/novatel/oem7/odom,39.663,-75.756,-1.800432901,0.002160959,0.001474138,0.000422510,-0.002119252,0.001474138,,,
1786043628056952087,1786043628.056117852,/novatel/oem7/odom,/novatel/oem7/fix,/novatel/oem7/odom,39.663,-75.756,-1.800432901,0.002160959,0.001474138,0.000422510,-0.002119252,0.001474138,,,
1786043628065888728,1786043628.065262305,/novatel/oem7/inspva,/novatel/oem7/inspva,/novatel/oem7/inspva,39.663,-75.756,-1.800431705,0.002118894,0.000422913,-0.002093311,0.000328272,0.000422913,,novatel_oem7_msgs.msg.InertialSolutionStatus(status=3),
1786043628067398886,1786043628.065450163,/novatel/oem7/fix,/novatel/oem7/fix,/novatel/oem7/inspva,39.663,-75.756,-1.800431705,0.002118894,0.000422913,-0.002093311,0.000328272,0.000422913,,0,
1786043628068639761,1786043628.065763883,/novatel/oem7/odom,/novatel/oem7/fix,/novatel/oem7/odom,39.663,-75.756,-1.800431705,0.002119694,0.000418888,0.000224576,-0.002107763,0.000418888,,,
1786043628075737934,1786043628.074799195,/novatel/oem7/odom,/novatel/oem7/fix,/novatel/oem7/odom,39.663,-75.756,-1.800431705,0.002119694,0.000418888,0.000224576,-0.002107763,0.000418888,,,
1786043628086132169,1786043628.085609125,/novatel/oem7/inspva,/novatel/oem7/inspva,/novatel/oem7/inspva,39.663,-75.756,-1.800420688,0.003941931,0.000138561,-0.003697299,0.001367040,0.000138561,,novatel_oem7_msgs.msg.InertialSolutionStatus(status=3),
1786043628087654794,1786043628.085700776,/novatel/oem7/fix,/novatel/oem7/fix,/novatel/oem7/inspva,39.663,-75.756,-1.800420688,0.003941931,0.000138561,-0.003697299,0.001367040,0.000138561,,0,
1786043628088788675,1786043628.086559950,/novatel/oem7/odom,/novatel/oem7/fix,/novatel/oem7/odom,39.663,-75.756,-1.800420688,0.003942080,0.000134253,0.001185214,-0.003759689,0.000134253,,,
1786043628095557191,1786043628.094746013,/novatel/oem7/odom,/novatel/oem7/fix,/novatel/oem7/odom,39.663,-75.756,-1.800420688,0.003942080,0.000134253,0.001185214,-0.003759689,0.000134253,,,
1786043628106683480,1786043628.106077164,/novatel/oem7/inspva,/novatel/oem7/inspva,/novatel/oem7/inspva,39.663,-75.756,-1.800405591,0.004060668,0.000472044,-0.003884090,0.001184427,0.000472044,,novatel_oem7_msgs.msg.InertialSolutionStatus(status=3),
1786043628108123967,1786043628.106245022,/novatel/oem7/fix,/novatel/oem7/fix,/novatel/oem7/inspva,39.663,-75.756,-1.800405591,0.004060668,0.000472044,-0.003884090,0.001184427,0.000472044,,0,
1786043628109474890,1786043628.106590786,/novatel/oem7/odom,/novatel/oem7/fix,/novatel/oem7/odom,39.663,-75.756,-1.800405591,0.004061292,0.000466640,0.000992524,-0.003938146,0.000466640,,,
1786043628111214074,1786043628.110010595,/novatel/oem7/bestpos,/novatel/oem7/bestpos,/novatel/oem7/odom,39.663,-75.756,33.182153046,0.004061292,0.000466640,0.000992524,-0.003938146,0.000466640,,novatel_oem7_msgs.msg.SolutionStatus(status=0),novatel_oem7_msgs.msg.PositionOrVelocityType(type=53)
1786043628112305871,1786043628.110534138,/novatel/oem7/bestvel,/novatel/oem7/bestpos,/novatel/oem7/bestvel,39.663,-75.756,33.182153046,0.004199106,0.000791785,,,,168.658101866,novatel_oem7_msgs.msg.SolutionStatus(status=0),novatel_oem7_msgs.msg.PositionOrVelocityType(type=53)
1786043628115457355,1786043628.114742895,/novatel/oem7/odom,/novatel/oem7/bestpos,/novatel/oem7/odom,39.663,-75.756,33.182153046,0.004061292,0.000466640,0.000992524,-0.003938146,0.000466640,,,
1786043628125929811,1786043628.125390792,/novatel/oem7/inspva,/novatel/oem7/inspva,/novatel/oem7/inspva,39.663,-75.756,-1.800383983,0.002497695,0.002093720,-0.002279776,0.001020342,0.002093720,,novatel_oem7_msgs.msg.InertialSolutionStatus(status=3),
1786043628127447966,1786043628.125504283,/novatel/oem7/fix,/novatel/oem7/fix,/novatel/oem7/inspva,39.663,-75.756,-1.800383983,0.002497695,0.002093720,-0.002279776,0.001020342,0.002093720,,0,
1786043628128618327,1786043628.126161743,/novatel/oem7/odom,/novatel/oem7/fix,/novatel/oem7/odom,39.663,-75.756,-1.800383983,0.002499400,0.002091684,0.000900616,-0.002331500,0.002091684,,,
1786043628135764341,1786043628.135001070,/novatel/oem7/odom,/novatel/oem7/fix,/novatel/oem7/odom,39.663,-75.756,-1.800383983,0.002499400,0.002091684,0.000900616,-0.002331500,0.002091684,,,
1786043628146027791,1786043628.145441729,/novatel/oem7/inspva,/novatel/oem7/inspva,/novatel/oem7/inspva,39.663,-75.756,-1.800381275,0.002020128,0.001681588,-0.001999418,0.000288518,0.001681588,,novatel_oem7_msgs.msg.InertialSolutionStatus(status=3),
1786043628147558386,1786043628.145584579,/novatel/oem7/fix,/novatel/oem7/fix,/novatel/oem7/inspva,39.663,-75.756,-1.800381275,0.002020128,0.001681588,-0.001999418,0.000288518,0.001681588,,0,
1786043628148754288,1786043628.146109722,/novatel/oem7/odom,/novatel/oem7/fix,/novatel/oem7/odom,39.663,-75.756,-1.800381275,0.002023387,0.001677665,0.000184793,-0.002014931,0.001677665,,,
1786043628156484634,1786043628.155736772,/novatel/oem7/odom,/novatel/oem7/fix,/novatel/oem7/odom,39.663,-75.756,-1.800381275,0.002023387,0.001677665,0.000184793,-0.002014931,0.001677665,,,
1786043628166040203,1786043628.165399408,/novatel/oem7/inspva,/novatel/oem7/inspva,/novatel/oem7/inspva,39.663,-75.756,-1.800389138,0.003010270,-0.001124585,-0.003009894,0.000047568,-0.001124585,,novatel_oem7_msgs.msg.InertialSolutionStatus(status=3),
1786043628167768977,1786043628.165504607,/novatel/oem7/fix,/novatel/oem7/fix,/novatel/oem7/inspva,39.663,-75.756,-1.800389138,0.003010270,-0.001124585,-0.003009894,0.000047568,-0.001124585,,0,
1786043628169128873,1786043628.166249583,/novatel/oem7/odom,/novatel/oem7/fix,/novatel/oem7/odom,39.663,-75.756,-1.800389138,0.003007562,-0.001131806,-0.000094626,-0.003006073,-0.001131806,,,
1786043628176143662,1786043628.175326021,/novatel/oem7/odom,/novatel/oem7/fix,/novatel/oem7/odom,39.663,-75.756,-1.800389138,0.003007562,-0.001131806,-0.000094626,-0.003006073,-0.001131806,,,
1786043628185418386,1786043628.185042831,/novatel/oem7/inspva,/novatel/oem7/inspva,/novatel/oem7/inspva,39.663,-75.756,-1.800370843,0.003695902,-0.000323252,-0.003569574,0.000958038,-0.000323252,,novatel_oem7_msgs.msg.InertialSolutionStatus(status=3),
1786043628186383974,1786043628.185145420,/novatel/oem7/fix,/novatel/oem7/fix,/novatel/oem7/inspva,39.663,-75.756,-1.800370843,0.003695902,-0.000323252,-0.003569574,0.000958038,-0.000323252,,0,
1786043628187166218,1786043628.185686812,/novatel/oem7/odom,/novatel/oem7/fix,/novatel/oem7/odom,39.663,-75.756,-1.800370843,0.003695431,-0.000328598,0.000784673,-0.003611163,-0.000328598,,,
1786043628195642446,1786043628.194727007,/novatel/oem7/odom,/novatel/oem7/fix,/novatel/oem7/odom,39.663,-75.756,-1.800370843,0.003695431,-0.000328598,0.000784673,-0.003611163,-0.000328598,,,
1786043628207236919,1786043628.206880587,/novatel/oem7/inspva,/novatel/oem7/inspva,/novatel/oem7/inspva,39.663,-75.756,-1.800341555,0.003288064,0.002353115,-0.003017661,0.001305789,0.002353115,,novatel_oem7_msgs.msg.InertialSolutionStatus(status=3),
1786043628208097958,1786043628.206972665,/novatel/oem7/fix,/novatel/oem7/fix,/novatel/oem7/inspva,39.663,-75.756,-1.800341555,0.003288064,0.002353115,-0.003017661,0.001305789,0.002353115,,0,
1786043628209067210,1786043628.207827322,/novatel/oem7/odom,/novatel/oem7/fix,/novatel/oem7/odom,39.663,-75.756,-1.800341555,0.003290014,0.002350387,0.001148902,-0.003082891,0.002350387,,,
1786043628211011250,1786043628.210474615,/novatel/oem7/bestpos,/novatel/oem7/bestpos,/novatel/oem7/odom,39.663,-75.756,33.182223084,0.003290014,0.002350387,0.001148902,-0.003082891,0.002350387,,novatel_oem7_msgs.msg.SolutionStatus(status=0),novatel_oem7_msgs.msg.PositionOrVelocityType(type=53)
1786043628212026692,1786043628.211098204,/novatel/oem7/bestvel,/novatel/oem7/bestpos,/novatel/oem7/bestvel,39.663,-75.756,33.182223084,0.003836317,0.002042761,,,,146.544563715,novatel_oem7_msgs.msg.SolutionStatus(status=0),novatel_oem7_msgs.msg.PositionOrVelocityType(type=53)
1786043628215582343,1786043628.215077774,/novatel/oem7/odom,/novatel/oem7/bestpos,/novatel/oem7/odom,39.663,-75.756,33.182223084,0.003290014,0.002350387,0.001148902,-0.003082891,0.002350387,,,
1786043628225733093,1786043628.225229306,/novatel/oem7/inspva,/novatel/oem7/inspva,/novatel/oem7/inspva,39.663,-75.756,-1.800337764,0.003416672,0.001865875,-0.002955205,0.001714762,0.001865875,,novatel_oem7_msgs.msg.InertialSolutionStatus(status=3),
1786043628226609485,1786043628.225356552,/novatel/oem7/fix,/novatel/oem7/fix,/novatel/oem7/inspva,39.663,-75.756,-1.800337764,0.003416672,0.001865875,-0.002955205,0.001714762,0.001865875,,0,
1786043628227280332,1786043628.225791331,/novatel/oem7/odom,/novatel/oem7/fix,/novatel/oem7/odom,39.663,-75.756,-1.800337764,0.003417298,0.001864728,0.001562237,-0.003039299,0.001864728,,,
1786043628236182013,1786043628.235645917,/novatel/oem7/odom,/novatel/oem7/fix,/novatel/oem7/odom,39.663,-75.756,-1.800337764,0.003417298,0.001864728,0.001562237,-0.003039299,0.001864728,,,
1786043628245712989,1786043628.245197528,/novatel/oem7/inspva,/novatel/oem7/inspva,/novatel/oem7/inspva,39.663,-75.756,-1.800346598,0.001781732,-0.000741598,-0.001779793,-0.000083107,-0.000741598,,novatel_oem7_msgs.msg.InertialSolutionStatus(status=3),
1786043628246658958,1786043628.245323034,/novatel/oem7/fix,/novatel/oem7/fix,/novatel/oem7/inspva,39.663,-75.756,-1.800346598,0.001781732,-0.000741598,-0.001779793,-0.000083107,-0.000741598,,0,
1786043628247383940,1786043628.245853867,/novatel/oem7/odom,/novatel/oem7/fix,/novatel/oem7/odom,39.663,-75.756,-1.800346598,0.001779796,-0.000746232,-0.000166691,-0.001771973,-0.000746232,,,
1786043628257042328,1786043628.256565452,/novatel/oem7/odom,/novatel/oem7/fix,/novatel/oem7/odom,39.663,-75.756,-1.800346598,0.001779796,-0.000746232,-0.000166691,-0.001771973,-0.000746232,,,
1786043628266807370,1786043628.266143156,/novatel/oem7/inspva,/novatel/oem7/inspva,/novatel/oem7/inspva,39.663,-75.756,-1.800336699,0.002702947,-0.000859006,-0.002687249,-0.000290890,-0.000859006,,novatel_oem7_msgs.msg.InertialSolutionStatus(status=3),
1786043628267705719,1786043628.266333191,/novatel/oem7/fix,/novatel/oem7/fix,/novatel/oem7/inspva,39.663,-75.756,-1.800336699,0.002702947,-0.000859006,-0.002687249,-0.000290890,-0.000859006,,0,
1786043628268406811,1786043628.266956492,/novatel/oem7/odom,/novatel/oem7/fix,/novatel/oem7/odom,39.663,-75.756,-1.800336699,0.002700535,-0.000866561,-0.000417886,-0.002668006,-0.000866561,,,
1786043628274966709,1786043628.274450267,/novatel/oem7/odom,/novatel/oem7/fix,/novatel/oem7/odom,39.663,-75.756,-1.800336699,0.002700535,-0.000866561,-0.000417886,-0.002668006,-0.000866561,,,
1786043628286062927,1786043628.285236558,/novatel/oem7/inspva,/novatel/oem7/inspva,/novatel/oem7/inspva,39.663,-75.756,-1.800303497,0.004762682,0.002278669,-0.003917303,0.002708852,0.002278669,,novatel_oem7_msgs.msg.InertialSolutionStatus(status=3),
1786043628287640096,1786043628.285500878,/novatel/oem7/fix,/novatel/oem7/fix,/novatel/oem7/inspva,39.663,-75.756,-1.800303497,0.004762682,0.002278669,-0.003917303,0.002708852,0.002278669,,0,
1786043628288818070,1786043628.285875930,/novatel/oem7/odom,/novatel/oem7/fix,/novatel/oem7/odom,39.663,-75.756,-1.800303497,0.004762650,0.002278736,0.002506951,-0.004049449,0.002278736,,,
1786043628296481948,1786043628.295645594,/novatel/oem7/odom,/novatel/oem7/fix,/novatel/oem7/odom,39.663,-75.756,-1.800303497,0.004762650,0.002278736,0.002506951,-0.004049449,0.002278736,,,
1786043628306811850,1786043628.305984301,/novatel/oem7/inspva,/novatel/oem7/inspva,/novatel/oem7/inspva,39.663,-75.756,-1.800293310,0.004166692,0.002265482,-0.004006087,0.001145682,0.002265482,,novatel_oem7_msgs.msg.InertialSolutionStatus(status=3),
1786043628308390315,1786043628.306187137,/novatel/oem7/fix,/novatel/oem7/fix,/novatel/oem7/inspva,39.663,-75.756,-1.800293310,0.004166692,0.002265482,-0.004006087,0.001145682,0.002265482,,0,
1786043628309691795,1786043628.306661201,/novatel/oem7/odom,/novatel/oem7/fix,/novatel/oem7/odom,39.663,-75.756,-1.800293310,0.004169704,0.002259933,0.000941250,-0.004062078,0.002259933,,,
1786043628311658701,1786043628.310004298,/novatel/oem7/bestpos,/novatel/oem7/bestpos,/novatel/oem7/odom,39.663,-75.756,33.182269589,0.004169704,0.002259933,0.000941250,-0.004062078,0.002259933,,novatel_oem7_msgs.msg.SolutionStatus(status=0),novatel_oem7_msgs.msg.PositionOrVelocityType(type=53)
1786043628312722687,1786043628.310639087,/novatel/oem7/bestvel,/novatel/oem7/bestpos,/novatel/oem7/bestvel,39.663,-75.756,33.182269589,0.005321284,0.001834511,,,,149.995021235,novatel_oem7_msgs.msg.SolutionStatus(status=0),novatel_oem7_msgs.msg.PositionOrVelocityType(type=53)
1786043628315342643,1786043628.314634639,/novatel/oem7/odom,/novatel/oem7/bestpos,/novatel/oem7/odom,39.663,-75.756,33.182269589,0.004169704,0.002259933,0.000941250,-0.004062078,0.002259933,,,
1786043628327510436,1786043628.326650600,/novatel/oem7/inspva,/novatel/oem7/inspva,/novatel/oem7/inspva,39.663,-75.756,-1.800309126,0.001529071,-0.000949600,-0.001523418,0.000131366,-0.000949600,,novatel_oem7_msgs.msg.InertialSolutionStatus(status=3),
1786043628329072737,1786043628.326874612,/novatel/oem7/fix,/novatel/oem7/fix,/novatel/oem7/inspva,39.663,-75.756,-1.800309126,0.001529071,-0.000949600,-0.001523418,0.000131366,-0.000949600,,0,
1786043628330277096,1786043628.327374217,/novatel/oem7/odom,/novatel/oem7/fix,/novatel/oem7/odom,39.663,-75.756,-1.800309126,0.001527081,-0.000952797,0.000060752,-0.001525872,-0.000952797,,,
1786043628337027862,1786043628.336130023,/novatel/oem7/odom,/novatel/oem7/fix,/novatel/oem7/odom,39.663,-75.756,-1.800309126,0.001527081,-0.000952797,0.000060752,-0.001525872,-0.000952797,,,
1786043628345700043,1786043628.345038263,/novatel/oem7/inspva,/novatel/oem7/inspva,/novatel/oem7/inspva,39.663,-75.756,-1.800296458,0.002568740,0.000113479,-0.002565933,0.000120071,0.000113479,,novatel_oem7_msgs.msg.InertialSolutionStatus(status=3),
1786043628347277819,1786043628.345150161,/novatel/oem7/fix,/novatel/oem7/fix,/novatel/oem7/inspva,39.663,-75.756,-1.800296458,0.002568740,0.000113479,-0.002565933,0.000120071,0.000113479,,0,
1786043628348574215,1786043628.345760734,/novatel/oem7/odom,/novatel/oem7/fix,/novatel/oem7/odom,39.663,-75.756,-1.800296458,0.002568989,0.000107711,-0.000005061,-0.002568984,0.000107711,,,
1786043628356715404,1786043628.355900466,/novatel/oem7/odom,/novatel/oem7/fix,/novatel/oem7/odom,39.663,-75.756,-1.800296458,0.002568989,0.000107711,-0.000005061,-0.002568984,0.000107711,,,
1786043628365951852,1786043628.365290001,/novatel/oem7/inspva,/novatel/oem7/inspva,/novatel/oem7/inspva,39.663,-75.756,-1.800271759,0.004800946,0.001168377,-0.004210856,0.002306030,0.001168377,,novatel_oem7_msgs.msg.InertialSolutionStatus(status=3),
1786043628367655938,1786043628.365486927,/novatel/oem7/fix,/novatel/oem7/fix,/novatel/oem7/inspva,39.663,-75.756,-1.800271759,0.004800946,0.001168377,-0.004210856,0.002306030,0.001168377,,0,
1786043628368835146,1786043628.366036789,/novatel/oem7/odom,/novatel/oem7/fix,/novatel/oem7/odom,39.663,-75.756,-1.800271759,0.004801436,0.001166361,0.002094492,-0.004320520,0.001166361,,,
1786043628375601719,1786043628.374850372,/novatel/oem7/odom,/novatel/oem7/fix,/novatel/oem7/odom,39.663,-75.756,-1.800271759,0.004801436,0.001166361,0.002094492,-0.004320520,0.001166361,,,
1786043628386678340,1786043628.386064671,/novatel/oem7/inspva,/novatel/oem7/inspva,/novatel/oem7/inspva,39.663,-75.756,-1.800256170,0.004217558,0.001798155,-0.004128064,0.000864219,0.001798155,,novatel_oem7_msgs.msg.InertialSolutionStatus(status=3),
1786043628388152312,1786043628.386221427,/novatel/oem7/fix,/novatel/oem7/fix,/novatel/oem7/inspva,39.663,-75.756,-1.800256170,0.004217558,0.001798155,-0.004128064,0.000864219,0.001798155,,0,
1786043628389339863,1786043628.386656257,/novatel/oem7/odom,/novatel/oem7/fix,/novatel/oem7/odom,39.663,-75.756,-1.800256170,0.004220464,0.001791323,0.000656116,-0.004169152,0.001791323,,,
1786043628395289831,1786043628.394455603,/novatel/oem7/odom,/novatel/oem7/fix,/novatel/oem7/odom,39.663,-75.756,-1.800256170,0.004220464,0.001791323,0.000656116,-0.004169152,0.001791323,,,
1786043628407327822,1786043628.406719256,/novatel/oem7/inspva,/novatel/oem7/inspva,/novatel/oem7/inspva,39.663,-75.756,-1.800258878,0.002155201,0.000494189,-0.001981994,0.000846517,0.000494189,,novatel_oem7_msgs.msg.InertialSolutionStatus(status=3),
1786043628408807894,1786043628.406895025,/novatel/oem7/fix,/novatel/oem7/fix,/novatel/oem7/inspva,39.663,-75.756,-1.800258878,0.002155201,0.000494189,-0.001981994,0.000846517,0.000494189,,0,
1786043628410031526,1786043628.407336196,/novatel/oem7/odom,/novatel/oem7/fix,/novatel/oem7/odom,39.663,-75.756,-1.800258878,0.002155591,0.000492486,0.000747450,-0.002021853,0.000492486,,,
1786043628411681252,1786043628.410278254,/novatel/oem7/bestpos,/novatel/oem7/bestpos,/novatel/oem7/odom,39.663,-75.756,33.182325800,0.002155591,0.000492486,0.000747450,-0.002021853,0.000492486,,novatel_oem7_msgs.msg.SolutionStatus(status=0),novatel_oem7_msgs.msg.PositionOrVelocityType(type=53)
1786043628412741549,1786043628.410745419,/novatel/oem7/bestvel,/novatel/oem7/bestpos,/novatel/oem7/bestvel,39.663,-75.756,33.182325800,0.002588871,0.000303511,,,,146.694340883,novatel_oem7_msgs.msg.SolutionStatus(status=0),novatel_oem7_msgs.msg.PositionOrVelocityType(type=53)
1786043628416243600,1786043628.415520402,/novatel/oem7/odom,/novatel/oem7/bestpos,/novatel/oem7/odom,39.663,-75.756,33.182325800,0.002155591,0.000492486,0.000747450,-0.002021853,0.000492486,,,
1786043628425657681,1786043628.425017455,/novatel/oem7/inspva,/novatel/oem7/inspva,/novatel/oem7/inspva,39.663,-75.756,-1.800249665,0.002942657,0.000938270,-0.002892570,0.000540620,0.000938270,,novatel_oem7_msgs.msg.InertialSolutionStatus(status=3),
1786043628427140136,1786043628.425197141,/novatel/oem7/fix,/novatel/oem7/fix,/novatel/oem7/inspva,39.663,-75.756,-1.800249665,0.002942657,0.000938270,-0.002892570,0.000540620,0.000938270,,0,
1786043628428368778,1786043628.425664662,/novatel/oem7/odom,/novatel/oem7/fix,/novatel/oem7/odom,39.663,-75.756,-1.800249665,0.002944267,0.000933206,0.000396066,-0.002917506,0.000933206,,,
1786043628435530465,1786043628.434595649,/novatel/oem7/odom,/novatel/oem7/fix,/novatel/oem7/odom,39.663,-75.756,-1.800249665,0.002944267,0.000933206,0.000396066,-0.002917506,0.000933206,,,
1786043628447190736,1786043628.446567767,/novatel/oem7/inspva,/novatel/oem7/inspva,/novatel/oem7/inspva,39.663,-75.756,-1.800245658,0.004520259,-0.000355616,-0.004305618,0.001376370,-0.000355616,,novatel_oem7_msgs.msg.InertialSolutionStatus(status=3),
1786043628448737777,1786043628.446668058,/novatel/oem7/fix,/novatel/oem7/fix,/novatel/oem7/inspva,39.663,-75.756,-1.800245658,0.004520259,-0.000355616,-0.004305618,0.001376370,-0.000355616,,0,
1786043628449979629,1786043628.447220712,/novatel/oem7/odom,/novatel/oem7/fix,/novatel/oem7/odom,39.663,-75.756,-1.800245658,0.004519829,-0.000361036,0.001167022,-0.004366568,-0.000361036,,,
1786043628457237667,1786043628.456486727,/novatel/oem7/odom,/novatel/oem7/fix,/novatel/oem7/odom,39.663,-75.756,-1.800245658,0.004519829,-0.000361036,0.001167022,-0.004366568,-0.000361036,,,
1786043628465647266,1786043628.465034372,/novatel/oem7/inspva,/novatel/oem7/inspva,/novatel/oem7/inspva,39.663,-75.756,-1.800220311,0.004542908,0.000756619,-0.004514129,0.000510541,0.000756619,,novatel_oem7_msgs.msg.InertialSolutionStatus(status=3),
1786043628467091784,1786043628.465129527,/novatel/oem7/fix,/novatel/oem7/fix,/novatel/oem7/inspva,39.663,-75.756,-1.800220311,0.004542908,0.000756619,-0.004514129,0.000510541,0.000756619,,0,
1786043628468251988,1786043628.465656436,/novatel/oem7/odom,/novatel/oem7/fix,/novatel/oem7/odom,39.663,-75.756,-1.800220311,0.004544400,0.000747606,0.000288003,-0.004535264,0.000747606,,,
1786043628476391238,1786043628.475633537,/novatel/oem7/odom,/novatel/oem7/fix,/novatel/oem7/odom,39.663,-75.756,-1.800220311,0.004544400,0.000747606,0.000288003,-0.004535264,0.000747606,,,
1786043628485958685,1786043628.485391606,/novatel/oem7/inspva,/novatel/oem7/inspva,/novatel/oem7/inspva,39.663,-75.756,-1.800212741,0.003172789,0.001410112,-0.003099176,0.000679484,0.001410112,,novatel_oem7_msgs.msg.InertialSolutionStatus(status=3),
1786043628487523673,1786043628.485498282,/novatel/oem7/fix,/novatel/oem7/fix,/novatel/oem7/inspva,39.663,-75.756,-1.800212741,0.003172789,0.001410112,-0.003099176,0.000679484,0.001410112,,0,
1786043628488709462,1786043628.486237951,/novatel/oem7/odom,/novatel/oem7/fix,/novatel/oem7/odom,39.663,-75.756,-1.800212741,0.003175015,0.001405093,0.000522998,-0.003131644,0.001405093,,,
1786043628495553429,1786043628.494732787,/novatel/oem7/odom,/novatel/oem7/fix,/novatel/oem7/odom,39.663,-75.756,-1.800212741,0.003175015,0.001405093,0.000522998,-0.003131644,0.001405093,,,
1786043628506948510,1786043628.506315100,/novatel/oem7/inspva,/novatel/oem7/inspva,/novatel/oem7/inspva,39.663,-75.756,-1.800213572,0.002977865,0.001174931,-0.002939973,0.000473535,0.001174931,,novatel_oem7_msgs.msg.InertialSolutionStatus(status=3),
1786043628508404284,1786043628.506513179,/novatel/oem7/fix,/novatel/oem7/fix,/novatel/oem7/inspva,39.663,-75.756,-1.800213572,0.002977865,0.001174931,-0.002939973,0.000473535,0.001174931,,0,
1786043628509624319,1786043628.506987420,/novatel/oem7/odom,/novatel/oem7/fix,/novatel/oem7/odom,39.663,-75.756,-1.800213572,0.002980010,0.001169478,0.000325893,-0.002962137,0.001169478,,,
1786043628512122387,1786043628.511487751,/novatel/oem7/bestpos,/novatel/oem7/bestpos,/novatel/oem7/odom,39.663,-75.756,33.182355155,0.002980010,0.001169478,0.000325893,-0.002962137,0.001169478,,novatel_oem7_msgs.msg.SolutionStatus(status=0),novatel_oem7_msgs.msg.PositionOrVelocityType(type=53)
1786043628513747757,1786043628.512310601,/novatel/oem7/bestvel,/novatel/oem7/bestpos,/novatel/oem7/bestvel,39.663,-75.756,33.182355155,0.002538628,-0.000109911,,,,136.732008701,novatel_oem7_msgs.msg.SolutionStatus(status=0),novatel_oem7_msgs.msg.PositionOrVelocityType(type=53)
1786043628515497017,1786043628.514458924,/novatel/oem7/odom,/novatel/oem7/bestpos,/novatel/oem7/odom,39.663,-75.756,33.182355155,0.002980010,0.001169478,0.000325893,-0.002962137,0.001169478,,,
1786043628527521301,1786043628.525305953,/novatel/oem7/inspva,/novatel/oem7/inspva,/novatel/oem7/inspva,39.663,-75.756,-1.800211822,0.003753035,-0.000351085,-0.003743611,0.000265801,-0.000351085,,novatel_oem7_msgs.msg.InertialSolutionStatus(status=3),
1786043628528558154,1786043628.525499801,/novatel/oem7/fix,/novatel/oem7/fix,/novatel/oem7/inspva,39.663,-75.756,-1.800211822,0.003753035,-0.000351085,-0.003743611,0.000265801,-0.000351085,,0,
1786043628529724496,1786043628.526210502,/novatel/oem7/odom,/novatel/oem7/fix,/novatel/oem7/odom,39.663,-75.756,-1.800211822,0.003752273,-0.000359137,0.000085070,-0.003751309,-0.000359137,,,
1786043628536596733,1786043628.535691644,/novatel/oem7/odom,/novatel/oem7/fix,/novatel/oem7/odom,39.663,-75.756,-1.800211822,0.003752273,-0.000359137,0.000085070,-0.003751309,-0.000359137,,,
1786043628545790300,1786043628.545149597,/novatel/oem7/inspva,/novatel/oem7/inspva,/novatel/oem7/inspva,39.663,-75.756,-1.800194017,0.003985957,0.000201403,-0.003983202,0.000148186,0.000201403,,novatel_oem7_msgs.msg.InertialSolutionStatus(status=3),
1786043628547283334,1786043628.545317298,/novatel/oem7/fix,/novatel/oem7/fix,/novatel/oem7/inspva,39.663,-75.756,-1.800194017,0.003985957,0.000201403,-0.003983202,0.000148186,0.000201403,,0,
1786043628548511616,1786043628.545936478,/novatel/oem7/odom,/novatel/oem7/fix,/novatel/oem7/odom,39.663,-75.756,-1.800194017,0.003986403,0.000192376,-0.000046041,-0.003986137,0.000192376,,,
1786043628556726837,1786043628.555717317,/novatel/oem7/odom,/novatel/oem7/fix,/novatel/oem7/odom,39.663,-75.756,-1.800194017,0.003986403,0.000192376,-0.000046041,-0.003986137,0.000192376,,,
1786043628567305033,1786043628.566707818,/novatel/oem7/inspva,/novatel/oem7/inspva,/novatel/oem7/inspva,39.663,-75.756,-1.800169563,0.004684194,0.002136183,-0.004504574,0.001284715,0.002136183,,novatel_oem7_msgs.msg.InertialSolutionStatus(status=3),
1786043628568810465,1786043628.566794761,/novatel/oem7/fix,/novatel/oem7/fix,/novatel/oem7/inspva,39.663,-75.756,-1.800169563,0.004684194,0.002136183,-0.004504574,0.001284715,0.002136183,,0,
1786043628569964482,1786043628.567344344,/novatel/oem7/odom,/novatel/oem7/fix,/novatel/oem7/odom,39.663,-75.756,-1.800169563,0.004687060,0.002129888,0.001056603,-0.004566412,0.002129888,,,
1786043628575965048,1786043628.575181094,/novatel/oem7/odom,/novatel/oem7/fix,/novatel/oem7/odom,39.663,-75.756,-1.800169563,0.004687060,0.002129888,0.001056603,-0.004566412,0.002129888,,,
1786043628585827548,1786043628.585213445,/novatel/oem7/inspva,/novatel/oem7/inspva,/novatel/oem7/inspva,39.663,-75.756,-1.800164890,0.003834735,0.002110823,-0.003708553,0.000975616,0.002110823,,novatel_oem7_msgs.msg.InertialSolutionStatus(status=3),
1786043628587536761,1786043628.585367653,/novatel/oem7/fix,/novatel/oem7/fix,/novatel/oem7/inspva,39.663,-75.756,-1.800164890,0.003834735,0.002110823,-0.003708553,0.000975616,0.002110823,,0,
1786043628588799630,1786043628.585849858,/novatel/oem7/odom,/novatel/oem7/fix,/novatel/oem7/odom,39.663,-75.756,-1.800164890,0.003837747,0.002105342,0.000786553,-0.003756279,0.002105342,,,
1786043628596534562,1786043628.595702104,/novatel/oem7/odom,/novatel/oem7/fix,/novatel/oem7/odom,39.663,-75.756,-1.800164890,0.003837747,0.002105342,0.000786553,-0.003756279,0.002105342,,,
1786043628608025998,1786043628.607208424,/novatel/oem7/inspva,/novatel/oem7/inspva,/novatel/oem7/inspva,39.663,-75.756,-1.800170179,0.003344131,-0.000891876,-0.003305248,-0.000508477,-0.000891876,,novatel_oem7_msgs.msg.InertialSolutionStatus(status=3),
1786043628609632577,1786043628.607435769,/novatel/oem7/fix,/novatel/oem7/fix,/novatel/oem7/inspva,39.663,-75.756,-1.800170179,0.003344131,-0.000891876,-0.003305248,-0.000508477,-0.000891876,,0,
1786043628611150195,1786043628.607906747,/novatel/oem7/odom,/novatel/oem7/fix,/novatel/oem7/odom,39.663,-75.756,-1.800170179,0.003341514,-0.000901630,-0.000665007,-0.003274673,-0.000901630,,,
1786043628612782188,1786043628.610453042,/novatel/oem7/bestpos,/novatel/oem7/bestpos,/novatel/oem7/odom,39.663,-75.756,33.182422220,0.003341514,-0.000901630,-0.000665007,-0.003274673,-0.000901630,,novatel_oem7_msgs.msg.SolutionStatus(status=0),novatel_oem7_msgs.msg.PositionOrVelocityType(type=53)
1786043628613841938,1786043628.610866999,/novatel/oem7/bestvel,/novatel/oem7/bestpos,/novatel/oem7/bestvel,39.663,-75.756,33.182422220,0.004141040,-0.000186195,,,,195.518189216,novatel_oem7_msgs.msg.SolutionStatus(status=0),novatel_oem7_msgs.msg.PositionOrVelocityType(type=53)
1786043628615761864,1786043628.614877005,/novatel/oem7/odom,/novatel/oem7/bestpos,/novatel/oem7/odom,39.663,-75.756,33.182422220,0.003341514,-0.000901630,-0.000665007,-0.003274673,-0.000901630,,,
1786043628627133385,1786043628.626398981,/novatel/oem7/inspva,/novatel/oem7/inspva,/novatel/oem7/inspva,39.663,-75.756,-1.800151752,0.003669273,-0.000359477,-0.003634053,-0.000507176,-0.000359477,,novatel_oem7_msgs.msg.InertialSolutionStatus(status=3),
1786043628628696607,1786043628.626733654,/novatel/oem7/fix,/novatel/oem7/fix,/novatel/oem7/inspva,39.663,-75.756,-1.800151752,0.003669273,-0.000359477,-0.003634053,-0.000507176,-0.000359477,,0,
1786043628629930076,1786043628.627507392,/novatel/oem7/odom,/novatel/oem7/fix,/novatel/oem7/odom,39.663,-75.756,-1.800151752,0.003668228,-0.000369991,-0.000681612,-0.003604345,-0.000369991,,,
1786043628635440596,1786043628.634700635,/novatel/oem7/odom,/novatel/oem7/fix,/novatel/oem7/odom,39.663,-75.756,-1.800151752,0.003668228,-0.000369991,-0.000681612,-0.003604345,-0.000369991,,,
1786043628645954769,1786043628.645372277,/novatel/oem7/inspva,/novatel/oem7/inspva,/novatel/oem7/inspva,39.663,-75.756,-1.800130987,0.005288488,0.001669700,-0.004858043,0.002089861,0.001669700,,novatel_oem7_msgs.msg.InertialSolutionStatus(status=3),
1786043628647482207,1786043628.645599779,/novatel/oem7/fix,/novatel/oem7/fix,/novatel/oem7/inspva,39.663,-75.756,-1.800130987,0.005288488,0.001669700,-0.004858043,0.002089861,0.001669700,,0,
1786043628648626569,1786043628.646356496,/novatel/oem7/odom,/novatel/oem7/fix,/novatel/oem7/odom,39.663,-75.756,-1.800130987,0.005289850,0.001665380,0.001845343,-0.004957542,0.001665380,,,
1786043628657508565,1786043628.656689597,/novatel/oem7/odom,/novatel/oem7/fix,/novatel/oem7/odom,39.663,-75.756,-1.800130987,0.005289850,0.001665380,0.001845343,-0.004957542,0.001665380,,,
1786043628665827057,1786043628.665168197,/novatel/oem7/inspva,/novatel/oem7/inspva,/novatel/oem7/inspva,39.663,-75.756,-1.800126460,0.004456402,0.001872997,-0.004427834,0.000503785,0.001872997,,novatel_oem7_msgs.msg.InertialSolutionStatus(status=3),
1786043628667260374,1786043628.665415873,/novatel/oem7/fix,/novatel/oem7/fix,/novatel/oem7/inspva,39.663,-75.756,-1.800126460,0.004456402,0.001872997,-0.004427834,0.000503785,0.001872997,,0,
1786043628668411752,1786043628.665843226,/novatel/oem7/odom,/novatel/oem7/fix,/novatel/oem7/odom,39.663,-75.756,-1.800126460,0.004460139,0.001864081,0.000281224,-0.004451264,0.001864081,,,
1786043628675180735,1786043628.674478121,/novatel/oem7/odom,/novatel/oem7/fix,/novatel/oem7/odom,39.663,-75.756,-1.800126460,0.004460139,0.001864081,0.000281224,-0.004451264,0.001864081,,,
1786043628687281300,1786043628.686698761,/novatel/oem7/inspva,/novatel/oem7/inspva,/novatel/oem7/inspva,39.663,-75.756,-1.800140105,0.003475123,-0.001046203,-0.003328890,-0.000997483,-0.001046203,,novatel_oem7_msgs.msg.InertialSolutionStatus(status=3),
1786043628688780481,1786043628.686874329,/novatel/oem7/fix,/novatel/oem7/fix,/novatel/oem7/inspva,39.663,-75.756,-1.800140105,0.003475123,-0.001046203,-0.003328890,-0.000997483,-0.001046203,,0,
1786043628689945616,1786043628.687516476,/novatel/oem7/odom,/novatel/oem7/fix,/novatel/oem7/odom,39.663,-75.756,-1.800140105,0.003471629,-0.001057742,-0.001154002,-0.003274215,-0.001057742,,,
1786043628695775313,1786043628.695010079,/novatel/oem7/odom,/novatel/oem7/fix,/novatel/oem7/odom,39.663,-75.756,-1.800140105,0.003471629,-0.001057742,-0.001154002,-0.003274215,-0.001057742,,,
1786043628706499131,1786043628.705887252,/novatel/oem7/inspva,/novatel/oem7/inspva,/novatel/oem7/inspva,39.663,-75.756,-1.800128772,0.004035871,-0.000895464,-0.004030882,-0.000200602,-0.000895464,,novatel_oem7_msgs.msg.InertialSolutionStatus(status=3),
1786043628707959219,1786043628.706062057,/novatel/oem7/fix,/novatel/oem7/fix,/novatel/oem7/inspva,39.663,-75.756,-1.800128772,0.004035871,-0.000895464,-0.004030882,-0.000200602,-0.000895464,,0,
1786043628709152393,1786043628.706575518,/novatel/oem7/odom,/novatel/oem7/fix,/novatel/oem7/odom,39.663,-75.756,-1.800128772,0.004033558,-0.000905824,-0.000392683,-0.004014398,-0.000905824,,,
1786043628710874637,1786043628.709397873,/novatel/oem7/bestpos,/novatel/oem7/bestpos,/novatel/oem7/odom,39.663,-75.756,33.182469991,0.004033558,-0.000905824,-0.000392683,-0.004014398,-0.000905824,,novatel_oem7_msgs.msg.SolutionStatus(status=0),novatel_oem7_msgs.msg.PositionOrVelocityType(type=53)
1786043628711920260,1786043628.710174440,/novatel/oem7/bestvel,/novatel/oem7/bestpos,/novatel/oem7/bestvel,39.663,-75.756,33.182469991,0.004914885,0.000023197,,,,193.419176847,novatel_oem7_msgs.msg.SolutionStatus(status=0),novatel_oem7_msgs.msg.PositionOrVelocityType(type=53)
1786043628716261893,1786043628.715516889,/novatel/oem7/odom,/novatel/oem7/bestpos,/novatel/oem7/odom,39.663,-75.756,33.182469991,0.004033558,-0.000905824,-0.000392683,-0.004014398,-0.000905824,,,
1786043628726201484,1786043628.725454263,/novatel/oem7/inspva,/novatel/oem7/inspva,/novatel/oem7/inspva,39.663,-75.756,-1.800100095,0.005440898,0.001930534,-0.005305242,0.001207381,0.001930534,,novatel_oem7_msgs.msg.InertialSolutionStatus(status=3),
1786043628727809383,1786043628.725728272,/novatel/oem7/fix,/novatel/oem7/fix,/novatel/oem7/inspva,39.663,-75.756,-1.800100095,0.005440898,0.001930534,-0.005305242,0.001207381,0.001930534,,0,
1786043628729057592,1786043628.726506223,/novatel/oem7/odom,/novatel/oem7/fix,/novatel/oem7/odom,39.663,-75.756,-1.800100095,0.005443914,0.001922012,0.000941302,-0.005361916,0.001922012,,,
1786043628735936075,1786043628.735104321,/novatel/oem7/odom,/novatel/oem7/fix,/novatel/oem7/odom,39.663,-75.756,-1.800100095,0.005443914,0.001922012,0.000941302,-0.005361916,0.001922012,,,
1786043628746796295,1786043628.746149239,/novatel/oem7/inspva,/novatel/oem7/inspva,/novatel/oem7/inspva,39.663,-75.756,-1.800103048,0.004849121,0.001195680,-0.004678375,0.001275454,0.001195680,,novatel_oem7_msgs.msg.InertialSolutionStatus(status=3),
1786043628748326200,1786043628.746367594,/novatel/oem7/fix,/novatel/oem7/fix,/novatel/oem7/inspva,39.663,-75.756,-1.800103048,0.004849121,0.001195680,-0.004678375,0.001275454,0.001195680,,0,
1786043628749546328,1786043628.746893972,/novatel/oem7/odom,/novatel/oem7/fix,/novatel/oem7/odom,39.663,-75.756,-1.800103048,0.004850774,0.001188958,0.001042490,-0.004737428,0.001188958,,,
1786043628756809523,1786043628.755988255,/novatel/oem7/odom,/novatel/oem7/fix,/novatel/oem7/odom,39.663,-75.756,-1.800103048,0.004850774,0.001188958,0.001042490,-0.004737428,0.001188958,,,
1786043628765933112,1786043628.765322723,/novatel/oem7/inspva,/novatel/oem7/inspva,/novatel/oem7/inspva,39.663,-75.756,-1.800104907,0.003860071,-0.000100466,-0.003776998,-0.000796514,-0.000100466,,novatel_oem7_msgs.msg.InertialSolutionStatus(status=3),
1786043628767446300,1786043628.765518104,/novatel/oem7/fix,/novatel/oem7/fix,/novatel/oem7/inspva,39.663,-75.756,-1.800104907,0.003860071,-0.000100466,-0.003776998,-0.000796514,-0.000100466,,0,
1786043628768613448,1786043628.766110497,/novatel/oem7/odom,/novatel/oem7/fix,/novatel/oem7/odom,39.663,-75.756,-1.800104907,0.003859742,-0.000112393,-0.000978502,-0.003733650,-0.000112393,,,
1786043628776238293,1786043628.775532249,/novatel/oem7/odom,/novatel/oem7/fix,/novatel/oem7/odom,39.663,-75.756,-1.800104907,0.003859742,-0.000112393,-0.000978502,-0.003733650,-0.000112393,,,
1786043628785727362,1786043628.785080580,/novatel/oem7/inspva,/novatel/oem7/inspva,/novatel/oem7/inspva,39.663,-75.756,-1.800091530,0.003989671,-0.000348516,-0.003984648,-0.000200134,-0.000348516,,novatel_oem7_msgs.msg.InertialSolutionStatus(status=3),
1786043628787196520,1786043628.785257918,/novatel/oem7/fix,/novatel/oem7/fix,/novatel/oem7/inspva,39.663,-75.756,-1.800091530,0.003989671,-0.000348516,-0.003984648,-0.000200134,-0.000348516,,0,
1786043628788390212,1786043628.785741426,/novatel/oem7/odom,/novatel/oem7/fix,/novatel/oem7/odom,39.663,-75.756,-1.800091530,0.003988758,-0.000358816,-0.000391960,-0.003969453,-0.000358816,,,
1786043628795211319,1786043628.794455987,/novatel/oem7/odom,/novatel/oem7/fix,/novatel/oem7/odom,39.663,-75.756,-1.800091530,0.003988758,-0.000358816,-0.000391960,-0.003969453,-0.000358816,,,
1786043628807110288,1786043628.806482532,/novatel/oem7/inspva,/novatel/oem7/inspva,/novatel/oem7/inspva,39.663,-75.756,-1.800061752,0.006144069,0.001597516,-0.005980702,0.001407405,0.001597516,,novatel_oem7_msgs.msg.InertialSolutionStatus(status=3),
1786043628808636436,1786043628.806656897,/novatel/oem7/fix,/novatel/oem7/fix,/novatel/oem7/inspva,39.663,-75.756,-1.800061752,0.006144069,0.001597516,-0.005980702,0.001407405,0.001597516,,0,
1786043628809858505,1786043628.807133415,/novatel/oem7/odom,/novatel/oem7/fix,/novatel/oem7/odom,39.663,-75.756,-1.800061752,0.006146524,0.001588043,0.001109593,-0.006045541,0.001588043,,,
1786043628811607919,1786043628.810107397,/novatel/oem7/bestpos,/novatel/oem7/bestpos,/novatel/oem7/odom,39.663,-75.756,33.182510936,0.006146524,0.001588043,0.001109593,-0.006045541,0.001588043,,novatel_oem7_msgs.msg.SolutionStatus(status=0),novatel_oem7_msgs.msg.PositionOrVelocityType(type=53)
1786043628812685253,1786043628.810481444,/novatel/oem7/bestvel,/novatel/oem7/bestpos,/novatel/oem7/bestvel,39.663,-75.756,33.182510936,0.005726628,0.001089966,,,,161.832128976,novatel_oem7_msgs.msg.SolutionStatus(status=0),novatel_oem7_msgs.msg.PositionOrVelocityType(type=53)
1786043628815691915,1786043628.814923404,/novatel/oem7/odom,/novatel/oem7/bestpos,/novatel/oem7/odom,39.663,-75.756,33.182510936,0.006146524,0.001588043,0.001109593,-0.006045541,0.001588043,,,
1786043628825859608,1786043628.825216038,/novatel/oem7/inspva,/novatel/oem7/inspva,/novatel/oem7/inspva,39.663,-75.756,-1.800056661,0.004914544,0.001285703,-0.004717410,0.001377966,0.001285703,,novatel_oem7_msgs.msg.InertialSolutionStatus(status=3),
1786043628827451567,1786043628.825402437,/novatel/oem7/fix,/novatel/oem7/fix,/novatel/oem7/inspva,39.663,-75.756,-1.800056661,0.004914544,0.001285703,-0.004717410,0.001377966,0.001285703,,0,
1786043628828664989,1786043628.825922742,/novatel/oem7/odom,/novatel/oem7/fix,/novatel/oem7/odom,39.663,-75.756,-1.800056661,0.004916235,0.001279224,0.001142678,-0.004781595,0.001279224,,,
1786043628836398901,1786043628.835579026,/novatel/oem7/odom,/novatel/oem7/fix,/novatel/oem7/odom,39.663,-75.756,-1.800056661,0.004916235,0.001279224,0.001142678,-0.004781595,0.001279224,,,
1786043628845966281,1786043628.845319292,/novatel/oem7/inspva,/novatel/oem7/inspva,/novatel/oem7/inspva,39.663,-75.756,-1.800055622,0.003749099,0.000229148,-0.003734219,-0.000333696,0.000229148,,novatel_oem7_msgs.msg.InertialSolutionStatus(status=3),
1786043628847534760,1786043628.845503813,/novatel/oem7/fix,/novatel/oem7/fix,/novatel/oem7/inspva,39.663,-75.756,-1.800055622,0.003749099,0.000229148,-0.003734219,-0.000333696,0.000229148,,0,
1786043628848746092,1786043628.846212434,/novatel/oem7/odom,/novatel/oem7/fix,/novatel/oem7/odom,39.663,-75.756,-1.800055622,0.003749712,0.000218891,-0.000515308,-0.003714135,0.000218891,,,
1786043628857642839,1786043628.856720510,/novatel/oem7/odom,/novatel/oem7/fix,/novatel/oem7/odom,39.663,-75.756,-1.800055622,0.003749712,0.000218891,-0.000515308,-0.003714135,0.000218891,,,
1786043628866620207,1786043628.865982821,/novatel/oem7/inspva,/novatel/oem7/inspva,/novatel/oem7/inspva,39.663,-75.756,-1.800037859,0.003947759,0.000058930,-0.003947492,0.000045964,0.000058930,,novatel_oem7_msgs.msg.InertialSolutionStatus(status=3),
1786043628868062447,1786043628.866141002,/novatel/oem7/fix,/novatel/oem7/fix,/novatel/oem7/inspva,39.663,-75.756,-1.800037859,0.003947759,0.000058930,-0.003947492,0.000045964,0.000058930,,0,
1786043628869227449,1786043628.866668283,/novatel/oem7/odom,/novatel/oem7/fix,/novatel/oem7/odom,39.663,-75.756,-1.800037859,0.003947888,0.000049586,-0.000145841,-0.003945193,0.000049586,,,
1786043628875529654,1786043628.874748176,/novatel/oem7/odom,/novatel/oem7/fix,/novatel/oem7/odom,39.663,-75.756,-1.800037859,0.003947888,0.000049586,-0.000145841,-0.003945193,0.000049586,,,
1786043628887343132,1786043628.885328270,/novatel/oem7/inspva,/novatel/oem7/inspva,/novatel/oem7/inspva,39.663,-75.756,-1.800010452,0.006098454,0.001119898,-0.006043614,0.000816009,0.001119898,,novatel_oem7_msgs.msg.InertialSolutionStatus(status=3),
1786043628888845594,1786043628.885558292,/novatel/oem7/fix,/novatel/oem7/fix,/novatel/oem7/inspva,39.663,-75.756,-1.800010452,0.006098454,0.001119898,-0.006043614,0.000816009,0.001119898,,0,
1786043628890101426,1786043628.886197971,/novatel/oem7/odom,/novatel/oem7/fix,/novatel/oem7/odom,39.663,-75.756,-1.800010452,0.006100594,0.001108183,0.000517755,-0.006078583,0.001108183,,,
1786043628896493325,1786043628.895613917,/novatel/oem7/odom,/novatel/oem7/fix,/novatel/oem7/odom,39.663,-75.756,-1.800010452,0.006100594,0.001108183,0.000517755,-0.006078583,0.001108183,,,
1786043628906567284,1786043628.905915854,/novatel/oem7/inspva,/novatel/oem7/inspva,/novatel/oem7/inspva,39.663,-75.756,-1.799999391,0.005792230,0.001429770,-0.005503605,0.001805620,0.001429770,,novatel_oem7_msgs.msg.InertialSolutionStatus(status=3),
1786043628908143599,1786043628.906084553,/novatel/oem7/fix,/novatel/oem7/fix,/novatel/oem7/inspva,39.663,-75.756,-1.799999391,0.005792230,0.001429770,-0.005503605,0.001805620,0.001429770,,0,
1786043628909355998,1786043628.906603821,/novatel/oem7/odom,/novatel/oem7/fix,/novatel/oem7/odom,39.663,-75.756,-1.799999391,0.005793936,0.001422842,0.001531226,-0.005587937,0.001422842,,,
1786043628911039997,1786043628.909934570,/novatel/oem7/bestpos,/novatel/oem7/bestpos,/novatel/oem7/odom,39.663,-75.756,33.182576054,0.005793936,0.001422842,0.001531226,-0.005587937,0.001422842,,novatel_oem7_msgs.msg.SolutionStatus(status=0),novatel_oem7_msgs.msg.PositionOrVelocityType(type=53)
1786043628912646660,1786043628.910502842,/novatel/oem7/bestvel,/novatel/oem7/bestpos,/novatel/oem7/bestvel,39.663,-75.756,33.182576054,0.004850189,0.001257071,,,,165.342877672,novatel_oem7_msgs.msg.SolutionStatus(status=0),novatel_oem7_msgs.msg.PositionOrVelocityType(type=53)
1786043628915245832,1786043628.914512589,/novatel/oem7/odom,/novatel/oem7/bestpos,/novatel/oem7/odom,39.663,-75.756,33.182576054,0.005793936,0.001422842,0.001531226,-0.005587937,0.001422842,,,
1786043628927191332,1786043628.926547726,/novatel/oem7/inspva,/novatel/oem7/inspva,/novatel/oem7/inspva,39.663,-75.756,-1.799993214,0.004250591,0.000929209,-0.004245203,0.000213950,0.000929209,,novatel_oem7_msgs.msg.InertialSolutionStatus(status=3),
1786043628928765534,1786043628.926712104,/novatel/oem7/fix,/novatel/oem7/fix,/novatel/oem7/inspva,39.663,-75.756,-1.799993214,0.004250591,0.000929209,-0.004245203,0.000213950,0.000929209,,0,
1786043628929992783,1786043628.927282629,/novatel/oem7/odom,/novatel/oem7/fix,/novatel/oem7/odom,39.663,-75.756,-1.799993214,0.004252656,0.000919714,0.000004263,-0.004252654,0.000919714,,,
1786043628936079079,1786043628.935253868,/novatel/oem7/odom,/novatel/oem7/fix,/novatel/oem7/odom,39.663,-75.756,-1.799993214,0.004252656,0.000919714,0.000004263,-0.004252654,0.000919714,,,
1786043628945604232,1786043628.944969313,/novatel/oem7/inspva,/novatel/oem7/inspva,/novatel/oem7/inspva,39.663,-75.756,-1.799981611,0.004254296,0.000081561,-0.004253947,0.000054469,0.000081561,,novatel_oem7_msgs.msg.InertialSolutionStatus(status=3),
1786043628947094664,1786043628.945121921,/novatel/oem7/fix,/novatel/oem7/fix,/novatel/oem7/inspva,39.663,-75.756,-1.799981611,0.004254296,0.000081561,-0.004253947,0.000054469,0.000081561,,0,
1786043628948318225,1786043628.945532732,/novatel/oem7/odom,/novatel/oem7/fix,/novatel/oem7/odom,39.663,-75.756,-1.799981611,0.004254478,0.000071456,-0.000152208,-0.004251754,0.000071456,,,
1786043628956944586,1786043628.956128398,/novatel/oem7/odom,/novatel/oem7/fix,/novatel/oem7/odom,39.663,-75.756,-1.799981611,0.004254478,0.000071456,-0.000152208,-0.004251754,0.000071456,,,
1786043628966217324,1786043628.965633951,/novatel/oem7/inspva,/novatel/oem7/inspva,/novatel/oem7/inspva,39.663,-75.756,-1.799967603,0.005984114,0.000036833,-0.005887170,0.001072774,0.000036833,,novatel_oem7_msgs.msg.InertialSolutionStatus(status=3),
1786043628967736195,1786043628.965805033,/novatel/oem7/fix,/novatel/oem7/fix,/novatel/oem7/inspva,39.663,-75.756,-1.799967603,0.005984114,0.000036833,-0.005887170,0.001072774,0.000036833,,0,
1786043628968964937,1786043628.966493459,/novatel/oem7/odom,/novatel/oem7/fix,/novatel/oem7/odom,39.663,-75.756,-1.799967603,0.005984169,0.000026264,0.000785875,-0.005932342,0.000026264,,,
1786043628975770150,1786043628.975010340,/novatel/oem7/odom,/novatel/oem7/fix,/novatel/oem7/odom,39.663,-75.756,-1.799967603,0.005984169,0.000026264,0.000785875,-0.005932342,0.000026264,,,
1786043628986662940,1786043628.986030800,/novatel/oem7/inspva,/novatel/oem7/inspva,/novatel/oem7/inspva,39.663,-75.756,-1.799954607,0.006346805,0.000478454,-0.006282989,0.000897766,0.000478454,,novatel_oem7_msgs.msg.InertialSolutionStatus(status=3),
1786043628988203516,1786043628.986186216,/novatel/oem7/fix,/novatel/oem7/fix,/novatel/oem7/inspva,39.663,-75.756,-1.799954607,0.006346805,0.000478454,-0.006282989,0.000897766,0.000478454,,0,
1786043628989698143,1786043628.986750434,/novatel/oem7/odom,/novatel/oem7/fix,/novatel/oem7/odom,39.663,-75.756,-1.799954607,0.006347709,0.000466306,0.000590309,-0.006320201,0.000466306,,,
1786043628995497650,1786043628.994681062,/novatel/oem7/odom,/novatel/oem7/fix,/novatel/oem7/odom,39.663,-75.756,-1.799954607,0.006347709,0.000466306,0.000590309,-0.006320201,0.000466306,,,
1786043629010554404,1786043629.009945281,/novatel/oem7/inspva,/novatel/oem7/inspva,/novatel/oem7/inspva,39.663,-75.756,-1.799942249,0.004208696,0.001669409,-0.004204726,-0.000182743,0.001669409,,novatel_oem7_msgs.msg.InertialSolutionStatus(status=3),
1786043629012745666,1786043629.010104210,/novatel/oem7/fix,/novatel/oem7/fix,/novatel/oem7/inspva,39.663,-75.756,-1.799942249,0.004208696,0.001669409,-0.004204726,-0.000182743,0.001669409,,0,
1786043629013965364,1786043629.011326028,/novatel/oem7/odom,/novatel/oem7/fix,/novatel/oem7/odom,39.663,-75.756,-1.799942249,0.004213022,0.001658459,-0.000392683,-0.004194682,0.001658459,,,
1786043629017813201,1786043629.017034631,/novatel/oem7/odom,/novatel/oem7/fix,/novatel/oem7/odom,39.663,-75.756,-1.799942249,0.004213022,0.001658459,-0.000392683,-0.004194682,0.001658459,,,
1786043629027671908,1786043629.026865197,/novatel/oem7/bestpos,/novatel/oem7/bestpos,/novatel/oem7/odom,39.663,-75.756,33.182618484,0.004213022,0.001658459,-0.000392683,-0.004194682,0.001658459,,novatel_oem7_msgs.msg.SolutionStatus(status=0),novatel_oem7_msgs.msg.PositionOrVelocityType(type=53)
1786043629029368081,1786043629.027315674,/novatel/oem7/bestvel,/novatel/oem7/bestpos,/novatel/oem7/bestvel,39.663,-75.756,33.182618484,0.003735926,0.001160754,,,,175.909028926,novatel_oem7_msgs.msg.SolutionStatus(status=0),novatel_oem7_msgs.msg.PositionOrVelocityType(type=53)
1786043629030413555,1786043629.027667065,/novatel/oem7/inspva,/novatel/oem7/inspva,/novatel/oem7/inspva,39.663,-75.756,-1.799935006,0.004241136,0.000673685,-0.004235194,-0.000224412,0.000673685,,novatel_oem7_msgs.msg.InertialSolutionStatus(status=3),
1786043629031395231,1786043629.027829179,/novatel/oem7/fix,/novatel/oem7/fix,/novatel/oem7/inspva,39.663,-75.756,-1.799935006,0.004241136,0.000673685,-0.004235194,-0.000224412,0.000673685,,0,
1786043629032626086,1786043629.028342744,/novatel/oem7/odom,/novatel/oem7/fix,/novatel/oem7/odom,39.663,-75.756,-1.799935006,0.004242880,0.000662607,-0.000432083,-0.004220822,0.000662607,,,
1786043629035319009,1786043629.034502981,/novatel/oem7/odom,/novatel/oem7/fix,/novatel/oem7/odom,39.663,-75.756,-1.799935006,0.004242880,0.000662607,-0.000432083,-0.004220822,0.000662607,,,
1786043629046165282,1786043629.045555709,/novatel/oem7/inspva,/novatel/oem7/inspva,/novatel/oem7/inspva,39.663,-75.756,-1.799926931,0.005820573,-0.000354147,-0.005819370,-0.000118311,-0.000354147,,novatel_oem7_msgs.msg.InertialSolutionStatus(status=3),
1786043629047734434,1786043629.045717678,/novatel/oem7/fix,/novatel/oem7/fix,/novatel/oem7/inspva,39.663,-75.756,-1.799926931,0.005820573,-0.000354147,-0.005819370,-0.000118311,-0.000354147,,0,
1786043629048958746,1786043629.046430091,/novatel/oem7/odom,/novatel/oem7/fix,/novatel/oem7/odom,39.663,-75.756,-1.799926931,0.005819673,-0.000368636,-0.000399089,-0.005805973,-0.000368636,,,
1786043629058203226,1786043629.056885437,/novatel/oem7/odom,/novatel/oem7/fix,/novatel/oem7/odom,39.663,-75.756,-1.799926931,0.005819673,-0.000368636,-0.000399089,-0.005805973,-0.000368636,,,
1786043629065565892,1786043629.065021000,/novatel/oem7/inspva,/novatel/oem7/inspva,/novatel/oem7/inspva,39.663,-75.756,-1.799910274,0.006625113,0.000101528,-0.006427177,0.001607335,0.000101528,,novatel_oem7_msgs.msg.InertialSolutionStatus(status=3),
1786043629066875558,1786043629.065171861,/novatel/oem7/fix,/novatel/oem7/fix,/novatel/oem7/inspva,39.663,-75.756,-1.799910274,0.006625113,0.000101528,-0.006427177,0.001607335,0.000101528,,0,
1786043629067952499,1786043629.065728014,/novatel/oem7/odom,/novatel/oem7/fix,/novatel/oem7/odom,39.663,-75.756,-1.799910274,0.006625258,0.000091610,0.001293374,-0.006497786,0.000091610,,,
1786043629082635842,1786043629.074723278,/novatel/oem7/odom,/novatel/oem7/fix,/novatel/oem7/odom,39.663,-75.756,-1.799910274,0.006625258,0.000091610,0.001293374,-0.006497786,0.000091610,,,
1786043629086122749,1786043629.085607064,/novatel/oem7/inspva,/novatel/oem7/inspva,/novatel/oem7/inspva,39.663,-75.756,-1.799879365,0.004999553,0.002558011,-0.004991045,0.000291551,0.002558011,,novatel_oem7_msgs.msg.InertialSolutionStatus(status=3),
1786043629087489790,1786043629.085746943,/novatel/oem7/fix,/novatel/oem7/fix,/novatel/oem7/inspva,39.663,-75.756,-1.799879365,0.004999553,0.002558011,-0.004991045,0.000291551,0.002558011,,0,
1786043629088542833,1786043629.086696192,/novatel/oem7/odom,/novatel/oem7/fix,/novatel/oem7/odom,39.663,-75.756,-1.799879365,0.005005231,0.002546883,0.000039598,-0.005005074,0.002546883,,,
1786043629095469691,1786043629.094803308,/novatel/oem7/odom,/novatel/oem7/fix,/novatel/oem7/odom,39.663,-75.756,-1.799879365,0.005005231,0.002546883,0.000039598,-0.005005074,0.002546883,,,
1786043629106582406,1786043629.106122739,/novatel/oem7/inspva,/novatel/oem7/inspva,/novatel/oem7/inspva,39.663,-75.756,-1.799879298,0.004752162,0.001250005,-0.004751894,0.000050482,0.001250005,,novatel_oem7_msgs.msg.InertialSolutionStatus(status=3),
1786043629107214381,1786043629.106269296,/novatel/oem7/fix,/novatel/oem7/fix,/novatel/oem7/inspva,39.663,-75.756,-1.799879298,0.004752162,0.001250005,-0.004751894,0.000050482,0.001250005,,0,
1786043629107709352,1786043629.106804068,/novatel/oem7/odom,/novatel/oem7/fix,/novatel/oem7/odom,39.663,-75.756,-1.799879298,0.004755142,0.001238622,-0.000184675,-0.004751554,0.001238622,,,
1786043629110028618,1786043629.109705837,/novatel/oem7/bestpos,/novatel/oem7/bestpos,/novatel/oem7/odom,39.663,-75.756,33.182699706,0.004755142,0.001238622,-0.000184675,-0.004751554,0.001238622,,novatel_oem7_msgs.msg.SolutionStatus(status=0),novatel_oem7_msgs.msg.PositionOrVelocityType(type=53)
1786043629110882525,1786043629.110607963,/novatel/oem7/bestvel,/novatel/oem7/bestpos,/novatel/oem7/bestvel,39.663,-75.756,33.182699706,0.004505863,0.000846433,,,,173.334641401,novatel_oem7_msgs.msg.SolutionStatus(status=0),novatel_oem7_msgs.msg.PositionOrVelocityType(type=53)
1786043629116278491,1786043629.115832394,/novatel/oem7/odom,/novatel/oem7/bestpos,/novatel/oem7/odom,39.663,-75.756,33.182699706,0.004755142,0.001238622,-0.000184675,-0.004751554,0.001238622,,,
1786043629125718469,1786043629.125400323,/novatel/oem7/inspva,/novatel/oem7/inspva,/novatel/oem7/inspva,39.663,-75.756,-1.799885362,0.005864966,-0.001215085,-0.005859869,0.000244453,-0.001215085,,novatel_oem7_msgs.msg.InertialSolutionStatus(status=3),
1786043629126341168,1786043629.125568055,/novatel/oem7/fix,/novatel/oem7/fix,/novatel/oem7/inspva,39.663,-75.756,-1.799885362,0.005864966,-0.001215085,-0.005859869,0.000244453,-0.001215085,,0,
1786043629127062115,1786043629.126137651,/novatel/oem7/odom,/novatel/oem7/fix,/novatel/oem7/odom,39.663,-75.756,-1.799885362,0.005862210,-0.001228309,-0.000035540,-0.005862103,-0.001228309,,,
1786043629135805221,1786043629.135131276,/novatel/oem7/odom,/novatel/oem7/fix,/novatel/oem7/odom,39.663,-75.756,-1.799885362,0.005862210,-0.001228309,-0.000035540,-0.005862103,-0.001228309,,,
1786043629146514286,1786043629.146129096,/novatel/oem7/inspva,/novatel/oem7/inspva,/novatel/oem7/inspva,39.663,-75.756,-1.799868055,0.006382139,-0.000343101,-0.006334657,0.000777057,-0.000343101,,novatel_oem7_msgs.msg.InertialSolutionStatus(status=3),
1786043629147138934,1786043629.146282895,/novatel/oem7/fix,/novatel/oem7/fix,/novatel/oem7/inspva,39.663,-75.756,-1.799868055,0.006382139,-0.000343101,-0.006334657,0.000777057,-0.000343101,,0,
1786043629147865942,1786043629.146918144,/novatel/oem7/odom,/novatel/oem7/fix,/novatel/oem7/odom,39.663,-75.756,-1.799868055,0.006381446,-0.000355762,0.000470237,-0.006364097,-0.000355762,,,
1786043629155999342,1786043629.155534558,/novatel/oem7/odom,/novatel/oem7/fix,/novatel/oem7/odom,39.663,-75.756,-1.799868055,0.006381446,-0.000355762,0.000470237,-0.006364097,-0.000355762,,,
1786043629165754327,1786043629.165353324,/novatel/oem7/inspva,/novatel/oem7/inspva,/novatel/oem7/inspva,39.663,-75.756,-1.799836117,0.006573941,0.002383801,-0.006227736,0.002105233,0.002383801,,novatel_oem7_msgs.msg.InertialSolutionStatus(status=3),
1786043629166376607,1786043629.165517583,/novatel/oem7/fix,/novatel/oem7/fix,/novatel/oem7/inspva,39.663,-75.756,-1.799836117,0.006573941,0.002383801,-0.006227736,0.002105233,0.002383801,,0,
1786043629167097824,1786043629.166217483,/novatel/oem7/odom,/novatel/oem7/fix,/novatel/oem7/odom,39.663,-75.756,-1.799836117,0.006576727,0.002376104,0.001791958,-0.006327893,0.002376104,,,
1786043629176075900,1786043629.175647215,/novatel/oem7/odom,/novatel/oem7/fix,/novatel/oem7/odom,39.663,-75.756,-1.799836117,0.006576727,0.002376104,0.001791958,-0.006327893,0.002376104,,,
1786043629185416409,1786043629.185139798,/novatel/oem7/inspva,/novatel/oem7/inspva,/novatel/oem7/inspva,39.663,-75.756,-1.799830913,0.005727024,0.001991519,-0.005711034,0.000427668,0.001991519,,novatel_oem7_msgs.msg.InertialSolutionStatus(status=3),
1786043629186025889,1786043629.185276279,/novatel/oem7/fix,/novatel/oem7/fix,/novatel/oem7/inspva,39.663,-75.756,-1.799830913,0.005727024,0.001991519,-0.005711034,0.000427668,0.001991519,,0,
1786043629186502580,1786043629.185784431,/novatel/oem7/odom,/novatel/oem7/fix,/novatel/oem7/odom,39.663,-75.756,-1.799830913,0.005731283,0.001979231,0.000142775,-0.005729504,0.001979231,,,
1786043629195039014,1786043629.194580267,/novatel/oem7/odom,/novatel/oem7/fix,/novatel/oem7/odom,39.663,-75.756,-1.799830913,0.005731283,0.001979231,0.000142775,-0.005729504,0.001979231,,,
1786043629206891849,1786043629.206612405,/novatel/oem7/inspva,/novatel/oem7/inspva,/novatel/oem7/inspva,39.663,-75.756,-1.799848886,0.005804704,-0.001748911,-0.005747628,-0.000812009,-0.001748911,,novatel_oem7_msgs.msg.InertialSolutionStatus(status=3),
1786043629207515292,1786043629.206749549,/novatel/oem7/fix,/novatel/oem7/fix,/novatel/oem7/inspva,39.663,-75.756,-1.799848886,0.005804704,-0.001748911,-0.005747628,-0.000812009,-0.001748911,,0,
1786043629207974230,1786043629.207224691,/novatel/oem7/odom,/novatel/oem7/fix,/novatel/oem7/odom,39.663,-75.756,-1.799848886,0.005799644,-0.001765619,-0.001083264,-0.005697579,-0.001765619,,,
1786043629211353084,1786043629.210444145,/novatel/oem7/bestpos,/novatel/oem7/bestpos,/novatel/oem7/odom,39.663,-75.756,33.182755994,0.005799644,-0.001765619,-0.001083264,-0.005697579,-0.001765619,,novatel_oem7_msgs.msg.SolutionStatus(status=0),novatel_oem7_msgs.msg.PositionOrVelocityType(type=53)
1786043629212962954,1786043629.210974364,/novatel/oem7/bestvel,/novatel/oem7/bestpos,/novatel/oem7/bestvel,39.663,-75.756,33.182755994,0.006639862,-0.000868495,,,,195.694357847,novatel_oem7_msgs.msg.SolutionStatus(status=0),novatel_oem7_msgs.msg.PositionOrVelocityType(type=53)
1786043629215690020,1786043629.214852611,/novatel/oem7/odom,/novatel/oem7/bestpos,/novatel/oem7/odom,39.663,-75.756,33.182755994,0.005799644,-0.001765619,-0.001083264,-0.005697579,-0.001765619,,,
1786043629225907636,1786043629.225107585,/novatel/oem7/inspva,/novatel/oem7/inspva,/novatel/oem7/inspva,39.663,-75.756,-1.799825345,0.006302924,-0.000819111,-0.006259760,0.000736383,-0.000819111,,novatel_oem7_msgs.msg.InertialSolutionStatus(status=3),
1786043629227404248,1786043629.225317554,/novatel/oem7/fix,/novatel/oem7/fix,/novatel/oem7/inspva,39.663,-75.756,-1.799825345,0.006302924,-0.000819111,-0.006259760,0.000736383,-0.000819111,,0,
1786043629228641883,1786043629.225648359,/novatel/oem7/odom,/novatel/oem7/fix,/novatel/oem7/odom,39.663,-75.756,-1.799825345,0.006301276,-0.000831693,0.000435027,-0.006286242,-0.000831693,,,
1786043629235749300,1786043629.235004009,/novatel/oem7/odom,/novatel/oem7/fix,/novatel/oem7/odom,39.663,-75.756,-1.799825345,0.006301276,-0.000831693,0.000435027,-0.006286242,-0.000831693,,,
1786043629245967886,1786043629.245188532,/novatel/oem7/inspva,/novatel/oem7/inspva,/novatel/oem7/inspva,39.663,-75.756,-1.799780248,0.006548740,0.003023461,-0.006448704,0.001140268,0.003023461,,novatel_oem7_msgs.msg.InertialSolutionStatus(status=3),
1786043629247465487,1786043629.245387614,/novatel/oem7/fix,/novatel/oem7/fix,/novatel/oem7/inspva,39.663,-75.756,-1.799780248,0.006548740,0.003023461,-0.006448704,0.001140268,0.003023461,,0,
1786043629248711156,1786043629.245903876,/novatel/oem7/odom,/novatel/oem7/fix,/novatel/oem7/odom,39.663,-75.756,-1.799780248,0.006554114,0.003011794,0.000815030,-0.006503240,0.003011794,,,
1786043629257111698,1786043629.256395801,/novatel/oem7/odom,/novatel/oem7/fix,/novatel/oem7/odom,39.663,-75.756,-1.799780248,0.006554114,0.003011794,0.000815030,-0.006503240,0.003011794,,,
1786043629266663252,1786043629.266075189,/novatel/oem7/inspva,/novatel/oem7/inspva,/novatel/oem7/inspva,39.663,-75.756,-1.799782439,0.006295110,0.001228993,-0.006156562,0.001313452,0.001228993,,novatel_oem7_msgs.msg.InertialSolutionStatus(status=3),
1786043629268138249,1786043629.266236048,/novatel/oem7/fix,/novatel/oem7/fix,/novatel/oem7/inspva,39.663,-75.756,-1.799782439,0.006295110,0.001228993,-0.006156562,0.001313452,0.001228993,,0,
1786043629269307671,1786043629.266620938,/novatel/oem7/odom,/novatel/oem7/fix,/novatel/oem7/odom,39.663,-75.756,-1.799782439,0.006297107,0.001218717,0.001008924,-0.006215757,0.001218717,,,
1786043629275122311,1786043629.274413908,/novatel/oem7/odom,/novatel/oem7/fix,/novatel/oem7/odom,39.663,-75.756,-1.799782439,0.006297107,0.001218717,0.001008924,-0.006215757,0.001218717,,,
1786043629285787476,1786043629.285181383,/novatel/oem7/inspva,/novatel/oem7/inspva,/novatel/oem7/inspva,39.663,-75.756,-1.799794684,0.004820747,-0.000905612,-0.004779241,-0.000631240,-0.000905612,,novatel_oem7_msgs.msg.InertialSolutionStatus(status=3),
1786043629287310554,1786043629.285329324,/novatel/oem7/fix,/novatel/oem7/fix,/novatel/oem7/inspva,39.663,-75.756,-1.799794684,0.004820747,-0.000905612,-0.004779241,-0.000631240,-0.000905612,,0,
1786043629288479115,1786043629.285705184,/novatel/oem7/odom,/novatel/oem7/fix,/novatel/oem7/odom,39.663,-75.756,-1.799794684,0.004818141,-0.000919376,-0.000858853,-0.004740976,-0.000919376,,,
1786043629296138677,1786043629.295462594,/novatel/oem7/odom,/novatel/oem7/fix,/novatel/oem7/odom,39.663,-75.756,-1.799794684,0.004818141,-0.000919376,-0.000858853,-0.004740976,-0.000919376,,,
1786043629306348867,1786043629.305771744,/novatel/oem7/inspva,/novatel/oem7/inspva,/novatel/oem7/inspva,39.663,-75.756,-1.799786489,0.005813410,-0.001229056,-0.005806006,0.000293291,-0.001229056,,novatel_oem7_msgs.msg.InertialSolutionStatus(status=3),
1786043629307914145,1786043629.305923369,/novatel/oem7/fix,/novatel/oem7/fix,/novatel/oem7/inspva,39.663,-75.756,-1.799786489,0.005813410,-0.001229056,-0.005806006,0.000293291,-0.001229056,,0,
1786043629309071177,1786043629.306416323,/novatel/oem7/odom,/novatel/oem7/fix,/novatel/oem7/odom,39.663,-75.756,-1.799786489,0.005810649,-0.001242042,0.000016010,-0.005810627,-0.001242042,,,
1786043629310748036,1786043629.309341006,/novatel/oem7/bestpos,/novatel/oem7/bestpos,/novatel/oem7/odom,39.663,-75.756,33.182816380,0.005810649,-0.001242042,0.000016010,-0.005810627,-0.001242042,,novatel_oem7_msgs.msg.SolutionStatus(status=0),novatel_oem7_msgs.msg.PositionOrVelocityType(type=53)
1786043629311800456,1786043629.309925605,/novatel/oem7/bestvel,/novatel/oem7/bestpos,/novatel/oem7/bestvel,39.663,-75.756,33.182816380,0.006283544,-0.000498166,,,,185.695478095,novatel_oem7_msgs.msg.SolutionStatus(status=0),novatel_oem7_msgs.msg.PositionOrVelocityType(type=53)
1786043629315140476,1786043629.314472843,/novatel/oem7/odom,/novatel/oem7/bestpos,/novatel/oem7/odom,39.663,-75.756,33.182816380,0.005810649,-0.001242042,0.000016010,-0.005810627,-0.001242042,,,
1786043629327357142,1786043629.326707996,/novatel/oem7/inspva,/novatel/oem7/inspva,/novatel/oem7/inspva,39.663,-75.756,-1.799753197,0.007237592,0.001942099,-0.007068749,0.001554198,0.001942099,,novatel_oem7_msgs.msg.InertialSolutionStatus(status=3),
1786043629328893684,1786043629.326872828,/novatel/oem7/fix,/novatel/oem7/fix,/novatel/oem7/inspva,39.663,-75.756,-1.799753197,0.007237592,0.001942099,-0.007068749,0.001554198,0.001942099,,0,
1786043629330032772,1786043629.327340728,/novatel/oem7/odom,/novatel/oem7/fix,/novatel/oem7/odom,39.663,-75.756,-1.799753197,0.007240678,0.001930561,0.001202608,-0.007140109,0.001930561,,,
1786043629335662860,1786043629.334917673,/novatel/oem7/odom,/novatel/oem7/fix,/novatel/oem7/odom,39.663,-75.756,-1.799753197,0.007240678,0.001930561,0.001202608,-0.007140109,0.001930561,,,
1786043629345724938,1786043629.345005571,/novatel/oem7/inspva,/novatel/oem7/inspva,/novatel/oem7/inspva,39.663,-75.756,-1.799742709,0.006798208,0.001625977,-0.006674321,0.001291926,0.001625977,,novatel_oem7_msgs.msg.InertialSolutionStatus(status=3),
1786043629347283867,1786043629.345145689,/novatel/oem7/fix,/novatel/oem7/fix,/novatel/oem7/inspva,39.663,-75.756,-1.799742709,0.006798208,0.001625977,-0.006674321,0.001291926,0.001625977,,0,
1786043629348499789,1786043629.345486827,/novatel/oem7/odom,/novatel/oem7/fix,/novatel/oem7/odom,39.663,-75.756,-1.799742709,0.006800950,0.001614470,0.000961005,-0.006732711,0.001614470,,,
1786043629356905414,1786043629.356116577,/novatel/oem7/odom,/novatel/oem7/fix,/novatel/oem7/odom,39.663,-75.756,-1.799742709,0.006800950,0.001614470,0.000961005,-0.006732711,0.001614470,,,
1786043629365902229,1786043629.365308470,/novatel/oem7/inspva,/novatel/oem7/inspva,/novatel/oem7/inspva,39.663,-75.756,-1.799747819,0.004980222,-0.000175092,-0.004975099,0.000225832,-0.000175092,,novatel_oem7_msgs.msg.InertialSolutionStatus(status=3),
1786043629367443918,1786043629.365455558,/novatel/oem7/fix,/novatel/oem7/fix,/novatel/oem7/inspva,39.663,-75.756,-1.799747819,0.004980222,-0.000175092,-0.004975099,0.000225832,-0.000175092,,0,
1786043629368608722,1786043629.366099114,/novatel/oem7/odom,/novatel/oem7/fix,/novatel/oem7/odom,39.663,-75.756,-1.799747819,0.004979813,-0.000186344,-0.000014821,-0.004979791,-0.000186344,,,
1786043629375791189,1786043629.375027440,/novatel/oem7/odom,/novatel/oem7/fix,/novatel/oem7/odom,39.663,-75.756,-1.799747819,0.004979813,-0.000186344,-0.000014821,-0.004979791,-0.000186344,,,
1786043629386769476,1786043629.386060483,/novatel/oem7/inspva,/novatel/oem7/inspva,/novatel/oem7/inspva,39.663,-75.756,-1.799735214,0.005493276,-0.000256661,-0.005492750,-0.000076021,-0.000256661,,novatel_oem7_msgs.msg.InertialSolutionStatus(status=3),
1786043629388341902,1786043629.386197148,/novatel/oem7/fix,/novatel/oem7/fix,/novatel/oem7/inspva,39.663,-75.756,-1.799735214,0.005493276,-0.000256661,-0.005492750,-0.000076021,-0.000256661,,0,
1786043629389569461,1786043629.386614772,/novatel/oem7/odom,/novatel/oem7/fix,/novatel/oem7/odom,39.663,-75.756,-1.799735214,0.005492624,-0.000270255,-0.000341070,-0.005482024,-0.000270255,,,
1786043629395165915,1786043629.394405381,/novatel/oem7/odom,/novatel/oem7/fix,/novatel/oem7/odom,39.663,-75.756,-1.799735214,0.005492624,-0.000270255,-0.000341070,-0.005482024,-0.000270255,,,
1786043629407092372,1786043629.406464842,/novatel/oem7/inspva,/novatel/oem7/inspva,/novatel/oem7/inspva,39.663,-75.756,-1.799714739,0.007669415,0.000657702,-0.007514831,0.001532070,0.000657702,,novatel_oem7_msgs.msg.InertialSolutionStatus(status=3),
1786043629408458445,1786043629.406644198,/novatel/oem7/fix,/novatel/oem7/fix,/novatel/oem7/inspva,39.663,-75.756,-1.799714739,0.007669415,0.000657702,-0.007514831,0.001532070,0.000657702,,0,
1786043629409479062,1786043629.407149116,/novatel/oem7/odom,/novatel/oem7/fix,/novatel/oem7/odom,39.663,-75.756,-1.799714739,0.007670502,0.000644894,0.001163765,-0.007581705,0.000644894,,,
1786043629410972673,1786043629.410135718,/novatel/oem7/bestpos,/novatel/oem7/bestpos,/novatel/oem7/odom,39.663,-75.756,33.182879082,0.007670502,0.000644894,0.001163765,-0.007581705,0.000644894,,novatel_oem7_msgs.msg.SolutionStatus(status=0),novatel_oem7_msgs.msg.PositionOrVelocityType(type=53)
1786043629412346864,1786043629.410488005,/novatel/oem7/bestvel,/novatel/oem7/bestpos,/novatel/oem7/bestvel,39.663,-75.756,33.182879082,0.007614027,0.001208623,,,,175.848841522,novatel_oem7_msgs.msg.SolutionStatus(status=0),novatel_oem7_msgs.msg.PositionOrVelocityType(type=53)
1786043629415741380,1786043629.415417535,/novatel/oem7/odom,/novatel/oem7/bestpos,/novatel/oem7/odom,39.663,-75.756,33.182879082,0.007670502,0.000644894,0.001163765,-0.007581705,0.000644894,,,
1786043629425288075,1786043629.424969113,/novatel/oem7/inspva,/novatel/oem7/inspva,/novatel/oem7/inspva,39.663,-75.756,-1.799698173,0.007642492,0.001629805,-0.007538247,0.001257983,0.001629805,,novatel_oem7_msgs.msg.InertialSolutionStatus(status=3),
1786043629425887607,1786043629.425132695,/novatel/oem7/fix,/novatel/oem7/fix,/novatel/oem7/inspva,39.663,-75.756,-1.799698173,0.007642492,0.001629805,-0.007538247,0.001257983,0.001629805,,0,
1786043629426546256,1786043629.425671860,/novatel/oem7/odom,/novatel/oem7/fix,/novatel/oem7/odom,39.663,-75.756,-1.799698173,0.007645415,0.001616039,0.000885296,-0.007593986,0.001616039,,,
1786043629434776307,1786043629.434403475,/novatel/oem7/odom,/novatel/oem7/fix,/novatel/oem7/odom,39.663,-75.756,-1.799698173,0.007645415,0.001616039,0.000885296,-0.007593986,0.001616039,,,
1786043629446982273,1786043629.446563531,/novatel/oem7/inspva,/novatel/oem7/inspva,/novatel/oem7/inspva,39.663,-75.756,-1.799692938,0.005607374,0.000734513,-0.005516811,0.001003714,0.000734513,,novatel_oem7_msgs.msg.InertialSolutionStatus(status=3),
1786043629447631323,1786043629.446731773,/novatel/oem7/fix,/novatel/oem7/fix,/novatel/oem7/inspva,39.663,-75.756,-1.799692938,0.005607374,0.000734513,-0.005516811,0.001003714,0.000734513,,0,
1786043629448115360,1786043629.447132787,/novatel/oem7/odom,/novatel/oem7/fix,/novatel/oem7/odom,39.663,-75.756,-1.799692938,0.005608648,0.000724720,0.000732604,-0.005560596,0.000724720,,,
1786043629456694407,1786043629.456359239,/novatel/oem7/odom,/novatel/oem7/fix,/novatel/oem7/odom,39.663,-75.756,-1.799692938,0.005608648,0.000724720,0.000732604,-0.005560596,0.000724720,,,
1786043629465750626,1786043629.465051722,/novatel/oem7/inspva,/novatel/oem7/inspva,/novatel/oem7/inspva,39.663,-75.756,-1.799688118,0.005902181,-0.000350446,-0.005881164,0.000497642,-0.000350446,,novatel_oem7_msgs.msg.InertialSolutionStatus(status=3),
1786043629467134932,1786043629.465240851,/novatel/oem7/fix,/novatel/oem7/fix,/novatel/oem7/inspva,39.663,-75.756,-1.799688118,0.005902181,-0.000350446,-0.005881164,0.000497642,-0.000350446,,0,
1786043629468216400,1786043629.465608701,/novatel/oem7/odom,/novatel/oem7/fix,/novatel/oem7/odom,39.663,-75.756,-1.799688118,0.005901428,-0.000362897,0.000213487,-0.005897566,-0.000362897,,,
1786043629476378763,1786043629.475664503,/novatel/oem7/odom,/novatel/oem7/fix,/novatel/oem7/odom,39.663,-75.756,-1.799688118,0.005901428,-0.000362897,0.000213487,-0.005897566,-0.000362897,,,
1786043629486052297,1786043629.485417444,/novatel/oem7/inspva,/novatel/oem7/inspva,/novatel/oem7/inspva,39.663,-75.756,-1.799670902,0.007099399,0.000549099,-0.007066064,0.000687177,0.000549099,,novatel_oem7_msgs.msg.InertialSolutionStatus(status=3),
1786043629487507292,1786043629.485636956,/novatel/oem7/fix,/novatel/oem7/fix,/novatel/oem7/inspva,39.663,-75.756,-1.799670902,0.007099399,0.000549099,-0.007066064,0.000687177,0.000549099,,0,
1786043629488561975,1786043629.486236539,/novatel/oem7/odom,/novatel/oem7/fix,/novatel/oem7/odom,39.663,-75.756,-1.799670902,0.007100519,0.000534421,0.000342029,-0.007092277,0.000534421,,,
1786043629495724602,1786043629.495014712,/novatel/oem7/odom,/novatel/oem7/fix,/novatel/oem7/odom,39.663,-75.756,-1.799670902,0.007100519,0.000534421,0.000342029,-0.007092277,0.000534421,,,
1786043629506660349,1786043629.506057583,/novatel/oem7/inspva,/novatel/oem7/inspva,/novatel/oem7/inspva,39.663,-75.756,-1.799662066,0.007798036,0.000365684,-0.007590721,0.001786147,0.000365684,,novatel_oem7_msgs.msg.InertialSolutionStatus(status=3),
1786043629508024955,1786043629.506259365,/novatel/oem7/fix,/novatel/oem7/fix,/novatel/oem7/inspva,39.663,-75.756,-1.799662066,0.007798036,0.000365684,-0.007590721,0.001786147,0.000365684,,0,
1786043629509092120,1786043629.506708256,/novatel/oem7/odom,/novatel/oem7/fix,/novatel/oem7/odom,39.663,-75.756,-1.799662066,0.007798590,0.000353656,0.001415056,-0.007669135,0.000353656,,,
1786043629512125009,1786043629.511451869,/novatel/oem7/bestpos,/novatel/oem7/bestpos,/novatel/oem7/odom,39.663,-75.756,33.182933510,0.007798590,0.000353656,0.001415056,-0.007669135,0.000353656,,novatel_oem7_msgs.msg.SolutionStatus(status=0),novatel_oem7_msgs.msg.PositionOrVelocityType(type=53)
1786043629513562643,1786043629.511864893,/novatel/oem7/bestvel,/novatel/oem7/bestpos,/novatel/oem7/bestvel,39.663,-75.756,33.182933510,0.008142591,0.000913750,,,,171.264086964,novatel_oem7_msgs.msg.SolutionStatus(status=0),novatel_oem7_msgs.msg.PositionOrVelocityType(type=53)
1786043629515151052,1786043629.514430071,/novatel/oem7/odom,/novatel/oem7/bestpos,/novatel/oem7/odom,39.663,-75.756,33.182933510,0.007798590,0.000353656,0.001415056,-0.007669135,0.000353656,,,
1786043629525953221,1786043629.525363792,/novatel/oem7/inspva,/novatel/oem7/inspva,/novatel/oem7/inspva,39.663,-75.756,-1.799646687,0.006143010,0.001804748,-0.006088610,0.000815714,0.001804748,,novatel_oem7_msgs.msg.InertialSolutionStatus(status=3),
1786043629527320404,1786043629.525564554,/novatel/oem7/fix,/novatel/oem7/fix,/novatel/oem7/inspva,39.663,-75.756,-1.799646687,0.006143010,0.001804748,-0.006088610,0.000815714,0.001804748,,0,
1786043629528368898,1786043629.526219623,/novatel/oem7/odom,/novatel/oem7/fix,/novatel/oem7/odom,39.663,-75.756,-1.799646687,0.006146471,0.001792922,0.000513044,-0.006125022,0.001792922,,,
1786043629537030836,1786043629.535706670,/novatel/oem7/odom,/novatel/oem7/fix,/novatel/oem7/odom,39.663,-75.756,-1.799646687,0.006146471,0.001792922,0.000513044,-0.006125022,0.001792922,,,
1786043629545602145,1786043629.545175882,/novatel/oem7/inspva,/novatel/oem7/inspva,/novatel/oem7/inspva,39.663,-75.756,-1.799645614,0.006143141,0.000580508,-0.006085818,0.000837254,0.000580508,,novatel_oem7_msgs.msg.InertialSolutionStatus(status=3),
1786043629546235862,1786043629.545352830,/novatel/oem7/fix,/novatel/oem7/fix,/novatel/oem7/inspva,39.663,-75.756,-1.799645614,0.006143141,0.000580508,-0.006085818,0.000837254,0.000580508,,0,
1786043629546721341,1786043629.545964223,/novatel/oem7/odom,/novatel/oem7/fix,/novatel/oem7/odom,39.663,-75.756,-1.799645614,0.006144238,0.000568777,0.000539318,-0.006120522,0.000568777,,,
1786043629556097342,1786043629.555654101,/novatel/oem7/odom,/novatel/oem7/fix,/novatel/oem7/odom,39.663,-75.756,-1.799645614,0.006144238,0.000568777,0.000539318,-0.006120522,0.000568777,,,
1786043629566916899,1786043629.566604368,/novatel/oem7/inspva,/novatel/oem7/inspva,/novatel/oem7/inspva,39.663,-75.756,-1.799649265,0.007051376,-0.000917102,-0.006996887,0.000874917,-0.000917102,,novatel_oem7_msgs.msg.InertialSolutionStatus(status=3),
1786043629567522512,1786043629.566762824,/novatel/oem7/fix,/novatel/oem7/fix,/novatel/oem7/inspva,39.663,-75.756,-1.799649265,0.007051376,-0.000917102,-0.006996887,0.000874917,-0.000917102,,0,
1786043629568161482,1786043629.567338272,/novatel/oem7/odom,/novatel/oem7/fix,/novatel/oem7/odom,39.663,-75.756,-1.799649265,0.007049566,-0.000930912,0.000538333,-0.007028981,-0.000930912,,,
1786043629575539807,1786043629.575123798,/novatel/oem7/odom,/novatel/oem7/fix,/novatel/oem7/odom,39.663,-75.756,-1.799649265,0.007049566,-0.000930912,0.000538333,-0.007028981,-0.000930912,,,
1786043629585525970,1786043629.585158827,/novatel/oem7/inspva,/novatel/oem7/inspva,/novatel/oem7/inspva,39.663,-75.756,-1.799622994,0.007656665,0.000351079,-0.007526409,0.001406300,0.000351079,,novatel_oem7_msgs.msg.InertialSolutionStatus(status=3),
1786043629586130237,1786043629.585348545,/novatel/oem7/fix,/novatel/oem7/fix,/novatel/oem7/inspva,39.663,-75.756,-1.799622994,0.007656665,0.000351079,-0.007526409,0.001406300,0.000351079,,0,
1786043629586801748,1786043629.585904857,/novatel/oem7/odom,/novatel/oem7/fix,/novatel/oem7/odom,39.663,-75.756,-1.799622994,0.007657265,0.000337736,0.001038822,-0.007586472,0.000337736,,,
1786043629596220192,1786043629.595862044,/novatel/oem7/odom,/novatel/oem7/fix,/novatel/oem7/odom,39.663,-75.756,-1.799622994,0.007657265,0.000337736,0.001038822,-0.007586472,0.000337736,,,
1786043629606873753,1786043629.606549929,/novatel/oem7/inspva,/novatel/oem7/inspva,/novatel/oem7/inspva,39.663,-75.756,-1.799594936,0.007331450,0.002337882,-0.007143384,0.001649915,0.002337882,,novatel_oem7_msgs.msg.InertialSolutionStatus(status=3),
1786043629607513842,1786043629.606724411,/novatel/oem7/fix,/novatel/oem7/fix,/novatel/oem7/inspva,39.663,-75.756,-1.799594936,0.007331450,0.002337882,-0.007143384,0.001649915,0.002337882,,0,
1786043629607979965,1786043629.607223126,/novatel/oem7/odom,/novatel/oem7/fix,/novatel/oem7/odom,39.663,-75.756,-1.799594936,0.007335112,0.002326367,0.001293261,-0.007220204,0.002326367,,,
1786043629610701997,1786043629.610372046,/novatel/oem7/bestpos,/novatel/oem7/bestpos,/novatel/oem7/odom,39.663,-75.756,33.182971908,0.007335112,0.002326367,0.001293261,-0.007220204,0.002326367,,novatel_oem7_msgs.msg.SolutionStatus(status=0),novatel_oem7_msgs.msg.PositionOrVelocityType(type=53)
1786043629611349211,1786043629.610761354,/novatel/oem7/bestvel,/novatel/oem7/bestpos,/novatel/oem7/bestvel,39.663,-75.756,33.182971908,0.007491823,0.001449787,,,,156.051819583,novatel_oem7_msgs.msg.SolutionStatus(status=0),novatel_oem7_msgs.msg.PositionOrVelocityType(type=53)
1786043629615544131,1786043629.615187413,/novatel/oem7/odom,/novatel/oem7/bestpos,/novatel/oem7/odom,39.663,-75.756,33.182971908,0.007335112,0.002326367,0.001293261,-0.007220204,0.002326367,,,
1786043629626597344,1786043629.626260545,/novatel/oem7/inspva,/novatel/oem7/inspva,/novatel/oem7/inspva,39.663,-75.756,-1.799584345,0.006631765,0.002022892,-0.006604921,0.000596087,0.002022892,,novatel_oem7_msgs.msg.InertialSolutionStatus(status=3),
1786043629627236200,1786043629.626437583,/novatel/oem7/fix,/novatel/oem7/fix,/novatel/oem7/inspva,39.663,-75.756,-1.799584345,0.006631765,0.002022892,-0.006604921,0.000596087,0.002022892,,0,
1786043629627718446,1786043629.626920355,/novatel/oem7/odom,/novatel/oem7/fix,/novatel/oem7/odom,39.663,-75.756,-1.799584345,0.006635990,0.002008987,0.000268054,-0.006630574,0.002008987,,,
1786043629634912679,1786043629.634541400,/novatel/oem7/odom,/novatel/oem7/fix,/novatel/oem7/odom,39.663,-75.756,-1.799584345,0.006635990,0.002008987,0.000268054,-0.006630574,0.002008987,,,
1786043629645574813,1786043629.645241346,/novatel/oem7/inspva,/novatel/oem7/inspva,/novatel/oem7/inspva,39.663,-75.756,-1.799596771,0.006906591,-0.001410609,-0.006872228,0.000688106,-0.001410609,,novatel_oem7_msgs.msg.InertialSolutionStatus(status=3),
1786043629646239063,1786043629.645338968,/novatel/oem7/fix,/novatel/oem7/fix,/novatel/oem7/inspva,39.663,-75.756,-1.799596771,0.006906591,-0.001410609,-0.006872228,0.000688106,-0.001410609,,0,
1786043629647004023,1786043629.646053047,/novatel/oem7/odom,/novatel/oem7/fix,/novatel/oem7/odom,39.663,-75.756,-1.799596771,0.006903706,-0.001424664,0.000359556,-0.006894336,-0.001424664,,,
1786043629656661449,1786043629.656297122,/novatel/oem7/odom,/novatel/oem7/fix,/novatel/oem7/odom,39.663,-75.756,-1.799596771,0.006903706,-0.001424664,0.000359556,-0.006894336,-0.001424664,,,
1786043629665348225,1786043629.665033770,/novatel/oem7/inspva,/novatel/oem7/inspva,/novatel/oem7/inspva,39.663,-75.756,-1.799574581,0.007344797,-0.000242842,-0.007335885,0.000361700,-0.000242842,,novatel_oem7_msgs.msg.InertialSolutionStatus(status=3),
1786043629666018782,1786043629.665134332,/novatel/oem7/fix,/novatel/oem7/fix,/novatel/oem7/inspva,39.663,-75.756,-1.799574581,0.007344797,-0.000242842,-0.007335885,0.000361700,-0.000242842,,0,
1786043629666540181,1786043629.665583364,/novatel/oem7/odom,/novatel/oem7/fix,/novatel/oem7/odom,39.663,-75.756,-1.799574581,0.007344235,-0.000259292,0.000006939,-0.007344231,-0.000259292,,,
1786043629675031634,1786043629.674554564,/novatel/oem7/odom,/novatel/oem7/fix,/novatel/oem7/odom,39.663,-75.756,-1.799574581,0.007344235,-0.000259292,0.000006939,-0.007344231,-0.000259292,,,
1786043629686865498,1786043629.686566216,/novatel/oem7/inspva,/novatel/oem7/inspva,/novatel/oem7/inspva,39.663,-75.756,-1.799555445,0.008991670,0.001142560,-0.008617040,0.002568413,0.001142560,,novatel_oem7_msgs.msg.InertialSolutionStatus(status=3),
1786043629687545121,1786043629.686663774,/novatel/oem7/fix,/novatel/oem7/fix,/novatel/oem7/inspva,39.663,-75.756,-1.799555445,0.008991670,0.001142560,-0.008617040,0.002568413,0.001142560,,0,
1786043629688025002,1786043629.687095982,/novatel/oem7/odom,/novatel/oem7/fix,/novatel/oem7/odom,39.663,-75.756,-1.799555445,0.008993170,0.001130689,0.002143922,-0.008733883,0.001130689,,,
1786043629695208167,1786043629.694861913,/novatel/oem7/odom,/novatel/oem7/fix,/novatel/oem7/odom,39.663,-75.756,-1.799555445,0.008993170,0.001130689,0.002143922,-0.008733883,0.001130689,,,
1786043629706462376,1786043629.705732601,/novatel/oem7/inspva,/novatel/oem7/inspva,/novatel/oem7/inspva,39.663,-75.756,-1.799551953,0.007970662,0.001400120,-0.007907689,0.000999951,0.001400120,,novatel_oem7_msgs.msg.InertialSolutionStatus(status=3),
1786043629707922730,1786043629.705833657,/novatel/oem7/fix,/novatel/oem7/fix,/novatel/oem7/inspva,39.663,-75.756,-1.799551953,0.007970662,0.001400120,-0.007907689,0.000999951,0.001400120,,0,
1786043629709003505,1786043629.706327048,/novatel/oem7/odom,/novatel/oem7/fix,/novatel/oem7/odom,39.663,-75.756,-1.799551953,0.007973402,0.001384427,0.000610762,-0.007949976,0.001384427,,,
1786043629710678234,1786043629.709134826,/novatel/oem7/bestpos,/novatel/oem7/bestpos,/novatel/oem7/odom,39.663,-75.756,33.183020935,0.007973402,0.001384427,0.000610762,-0.007949976,0.001384427,,novatel_oem7_msgs.msg.SolutionStatus(status=0),novatel_oem7_msgs.msg.PositionOrVelocityType(type=53)
1786043629711625707,1786043629.709493841,/novatel/oem7/bestvel,/novatel/oem7/bestpos,/novatel/oem7/bestvel,39.663,-75.756,33.183020935,0.007614698,0.000679761,,,,166.168003841,novatel_oem7_msgs.msg.SolutionStatus(status=0),novatel_oem7_msgs.msg.PositionOrVelocityType(type=53)
1786043629716140261,1786043629.715408622,/novatel/oem7/odom,/novatel/oem7/bestpos,/novatel/oem7/odom,39.663,-75.756,33.183020935,0.007973402,0.001384427,0.000610762,-0.007949976,0.001384427,,,
1786043629726099472,1786043629.725364091,/novatel/oem7/inspva,/novatel/oem7/inspva,/novatel/oem7/inspva,39.663,-75.756,-1.799571615,0.006550247,-0.001108041,-0.006548520,-0.000150384,-0.001108041,,novatel_oem7_msgs.msg.InertialSolutionStatus(status=3),
1786043629727592350,1786043629.725522231,/novatel/oem7/fix,/novatel/oem7/fix,/novatel/oem7/inspva,39.663,-75.756,-1.799571615,0.006550247,-0.001108041,-0.006548520,-0.000150384,-0.001108041,,0,
1786043629729098321,1786043629.726047351,/novatel/oem7/odom,/novatel/oem7/fix,/novatel/oem7/odom,39.663,-75.756,-1.799571615,0.006547447,-0.001124466,-0.000463163,-0.006531045,-0.001124466,,,
1786043629735627451,1786043629.734908608,/novatel/oem7/odom,/novatel/oem7/fix,/novatel/oem7/odom,39.663,-75.756,-1.799571615,0.006547447,-0.001124466,-0.000463163,-0.006531045,-0.001124466,,,
1786043629746795177,1786043629.746091664,/novatel/oem7/inspva,/novatel/oem7/inspva,/novatel/oem7/inspva,39.663,-75.756,-1.799565211,0.007191136,-0.001037493,-0.007176421,0.000459809,-0.001037493,,novatel_oem7_msgs.msg.InertialSolutionStatus(status=3),
1786043629748156851,1786043629.746234232,/novatel/oem7/fix,/novatel/oem7/fix,/novatel/oem7/inspva,39.663,-75.756,-1.799565211,0.007191136,-0.001037493,-0.007176421,0.000459809,-0.001037493,,0,
1786043629749205348,1786043629.746674676,/novatel/oem7/odom,/novatel/oem7/fix,/novatel/oem7/odom,39.663,-75.756,-1.799565211,0.007188849,-0.001053229,0.000115623,-0.007187919,-0.001053229,,,
1786043629756483649,1786043629.755755026,/novatel/oem7/odom,/novatel/oem7/fix,/novatel/oem7/odom,39.663,-75.756,-1.799565211,0.007188849,-0.001053229,0.000115623,-0.007187919,-0.001053229,,,
1786043629766046606,1786043629.765274578,/novatel/oem7/inspva,/novatel/oem7/inspva,/novatel/oem7/inspva,39.663,-75.756,-1.799544207,0.009129381,0.001060113,-0.009022464,0.001393106,0.001060113,,novatel_oem7_msgs.msg.InertialSolutionStatus(status=3),
1786043629767365302,1786043629.765433860,/novatel/oem7/fix,/novatel/oem7/fix,/novatel/oem7/inspva,39.663,-75.756,-1.799544207,0.009129381,0.001060113,-0.009022464,0.001393106,0.001060113,,0,
1786043629768402935,1786043629.765760490,/novatel/oem7/odom,/novatel/oem7/fix,/novatel/oem7/odom,39.663,-75.756,-1.799544207,0.009131342,0.001043088,0.000950722,-0.009081714,0.001043088,,,
1786043629776168995,1786043629.775467713,/novatel/oem7/odom,/novatel/oem7/fix,/novatel/oem7/odom,39.663,-75.756,-1.799544207,0.009131342,0.001043088,0.000950722,-0.009081714,0.001043088,,,
1786043629785700058,1786043629.785013549,/novatel/oem7/inspva,/novatel/oem7/inspva,/novatel/oem7/inspva,39.663,-75.756,-1.799546054,0.008948290,0.000746975,-0.008720980,0.002004098,0.000746975,,novatel_oem7_msgs.msg.InertialSolutionStatus(status=3),
1786043629787107788,1786043629.785082952,/novatel/oem7/fix,/novatel/oem7/fix,/novatel/oem7/inspva,39.663,-75.756,-1.799546054,0.008948290,0.000746975,-0.008720980,0.002004098,0.000746975,,0,
1786043629788139702,1786043629.785569763,/novatel/oem7/odom,/novatel/oem7/fix,/novatel/oem7/odom,39.663,-75.756,-1.799546054,0.008949472,0.000732685,0.001576812,-0.008809467,0.000732685,,,
1786043629795203511,1786043629.794463893,/novatel/oem7/odom,/novatel/oem7/fix,/novatel/oem7/odom,39.663,-75.756,-1.799546054,0.008949472,0.000732685,0.001576812,-0.008809467,0.000732685,,,
1786043629807330159,1786043629.806627946,/novatel/oem7/inspva,/novatel/oem7/inspva,/novatel/oem7/inspva,39.663,-75.756,-1.799549758,0.007227191,0.000377680,-0.007221130,0.000295922,0.000377680,,novatel_oem7_msgs.msg.InertialSolutionStatus(status=3),
1786043629808762930,1786043629.806773957,/novatel/oem7/fix,/novatel/oem7/fix,/novatel/oem7/inspva,39.663,-75.756,-1.799549758,0.007227191,0.000377680,-0.007221130,0.000295922,0.000377680,,0,
1786043629809869351,1786043629.807161711,/novatel/oem7/odom,/novatel/oem7/fix,/novatel/oem7/odom,39.663,-75.756,-1.799549758,0.007228040,0.000361065,-0.000055434,-0.007227827,0.000361065,,,
1786043629811545834,1786043629.810104993,/novatel/oem7/bestpos,/novatel/oem7/bestpos,/novatel/oem7/odom,39.663,-75.756,33.183024570,0.007228040,0.000361065,-0.000055434,-0.007227827,0.000361065,,novatel_oem7_msgs.msg.SolutionStatus(status=0),novatel_oem7_msgs.msg.PositionOrVelocityType(type=53)
1786043629812476130,1786043629.810510824,/novatel/oem7/bestvel,/novatel/oem7/bestpos,/novatel/oem7/bestvel,39.663,-75.756,33.183024570,0.007002776,-0.000367049,,,,168.894003935,novatel_oem7_msgs.msg.SolutionStatus(status=0),novatel_oem7_msgs.msg.PositionOrVelocityType(type=53)
1786043629815616117,1786043629.814891269,/novatel/oem7/odom,/novatel/oem7/bestpos,/novatel/oem7/odom,39.663,-75.756,33.183024570,0.007228040,0.000361065,-0.000055434,-0.007227827,0.000361065,,,
1786043629825689916,1786043629.824941702,/novatel/oem7/inspva,/novatel/oem7/inspva,/novatel/oem7/inspva,39.663,-75.756,-1.799547471,0.007066709,-0.000264748,-0.007035044,0.000668221,-0.000264748,,novatel_oem7_msgs.msg.InertialSolutionStatus(status=3),
1786043629827098836,1786043629.825080920,/novatel/oem7/fix,/novatel/oem7/fix,/novatel/oem7/inspva,39.663,-75.756,-1.799547471,0.007066709,-0.000264748,-0.007035044,0.000668221,-0.000264748,,0,
1786043629828606794,1786043629.825484584,/novatel/oem7/odom,/novatel/oem7/fix,/novatel/oem7/odom,39.663,-75.756,-1.799547471,0.007066139,-0.000279527,0.000327897,-0.007058527,-0.000279527,,,
1786043629836264492,1786043629.835503635,/novatel/oem7/odom,/novatel/oem7/fix,/novatel/oem7/odom,39.663,-75.756,-1.799547471,0.007066139,-0.000279527,0.000327897,-0.007058527,-0.000279527,,,
1786043629846041565,1786043629.845278634,/novatel/oem7/inspva,/novatel/oem7/inspva,/novatel/oem7/inspva,39.663,-75.756,-1.799533382,0.009334648,-0.000073930,-0.009181319,0.001684943,-0.000073930,,novatel_oem7_msgs.msg.InertialSolutionStatus(status=3),
1786043629847575950,1786043629.845447972,/novatel/oem7/fix,/novatel/oem7/fix,/novatel/oem7/inspva,39.663,-75.756,-1.799533382,0.009334648,-0.000073930,-0.009181319,0.001684943,-0.000073930,,0,
1786043629848657377,1786043629.846075875,/novatel/oem7/odom,/novatel/oem7/fix,/novatel/oem7/odom,39.663,-75.756,-1.799533382,0.009334503,-0.000090422,0.001238758,-0.009251941,-0.000090422,,,
1786043629857208687,1786043629.856412422,/novatel/oem7/odom,/novatel/oem7/fix,/novatel/oem7/odom,39.663,-75.756,-1.799533382,0.009334503,-0.000090422,0.001238758,-0.009251941,-0.000090422,,,
1786043629866907875,1786043629.866123544,/novatel/oem7/inspva,/novatel/oem7/inspva,/novatel/oem7/inspva,39.663,-75.756,-1.799529384,0.008927441,0.000247899,-0.008757027,0.001735995,0.000247899,,novatel_oem7_msgs.msg.InertialSolutionStatus(status=3),
1786043629868453400,1786043629.866269816,/novatel/oem7/fix,/novatel/oem7/fix,/novatel/oem7/inspva,39.663,-75.756,-1.799529384,0.008927441,0.000247899,-0.008757027,0.001735995,0.000247899,,0,
1786043629869859101,1786043629.866725070,/novatel/oem7/odom,/novatel/oem7/fix,/novatel/oem7/odom,39.663,-75.756,-1.799529384,0.008927852,0.000232604,0.001309173,-0.008831343,0.000232604,,,
1786043629875239067,1786043629.874543367,/novatel/oem7/odom,/novatel/oem7/fix,/novatel/oem7/odom,39.663,-75.756,-1.799529384,0.008927852,0.000232604,0.001309173,-0.008831343,0.000232604,,,
1786043629885690699,1786043629.885160799,/novatel/oem7/inspva,/novatel/oem7/inspva,/novatel/oem7/inspva,39.663,-75.756,-1.799525339,0.007841788,0.000966215,-0.007624806,0.001831934,0.000966215,,novatel_oem7_msgs.msg.InertialSolutionStatus(status=3),
1786043629887095099,1786043629.885241509,/novatel/oem7/fix,/novatel/oem7/fix,/novatel/oem7/inspva,39.663,-75.756,-1.799525339,0.007841788,0.000966215,-0.007624806,0.001831934,0.000966215,,0,
1786043629888215634,1786043629.885725180,/novatel/oem7/odom,/novatel/oem7/fix,/novatel/oem7/odom,39.663,-75.756,-1.799525339,0.007843295,0.000953909,0.001457101,-0.007706759,0.000953909,,,
1786043629896405647,1786043629.895535772,/novatel/oem7/odom,/novatel/oem7/fix,/novatel/oem7/odom,39.663,-75.756,-1.799525339,0.007843295,0.000953909,0.001457101,-0.007706759,0.000953909,,,
1786043629906441559,1786043629.905888263,/novatel/oem7/inspva,/novatel/oem7/inspva,/novatel/oem7/inspva,39.663,-75.756,-1.799528882,0.007349252,0.000379376,-0.007298827,0.000859441,0.000379376,,novatel_oem7_msgs.msg.InertialSolutionStatus(status=3),
1786043629907838965,1786043629.906036942,/novatel/oem7/fix,/novatel/oem7/fix,/novatel/oem7/inspva,39.663,-75.756,-1.799528882,0.007349252,0.000379376,-0.007298827,0.000859441,0.000379376,,0,
1786043629908953413,1786043629.906563090,/novatel/oem7/odom,/novatel/oem7/fix,/novatel/oem7/odom,39.663,-75.756,-1.799528882,0.007350005,0.000364516,0.000503728,-0.007332723,0.000364516,,,
1786043629910526405,1786043629.909564197,/novatel/oem7/bestpos,/novatel/oem7/bestpos,/novatel/oem7/odom,39.663,-75.756,33.183035618,0.007350005,0.000364516,0.000503728,-0.007332723,0.000364516,,novatel_oem7_msgs.msg.SolutionStatus(status=0),novatel_oem7_msgs.msg.PositionOrVelocityType(type=53)
1786043629911964076,1786043629.910271380,/novatel/oem7/bestvel,/novatel/oem7/bestpos,/novatel/oem7/bestvel,39.663,-75.756,33.183035618,0.007732545,-0.000480020,,,,160.857241917,novatel_oem7_msgs.msg.SolutionStatus(status=0),novatel_oem7_msgs.msg.PositionOrVelocityType(type=53)
1786043629915070540,1786043629.914382212,/novatel/oem7/odom,/novatel/oem7/bestpos,/novatel/oem7/odom,39.663,-75.756,33.183035618,0.007350005,0.000364516,0.000503728,-0.007332723,0.000364516,,,
1786043629927806628,1786043629.927077591,/novatel/oem7/inspva,/novatel/oem7/inspva,/novatel/oem7/inspva,39.663,-75.756,-1.799539174,0.008853445,-0.001636008,-0.008839912,0.000489324,-0.001636008,,novatel_oem7_msgs.msg.InertialSolutionStatus(status=3),
1786043629929181351,1786043629.927262125,/novatel/oem7/fix,/novatel/oem7/fix,/novatel/oem7/inspva,39.663,-75.756,-1.799539174,0.008853445,-0.001636008,-0.008839912,0.000489324,-0.001636008,,0,
1786043629930281265,1786043629.927743700,/novatel/oem7/odom,/novatel/oem7/fix,/novatel/oem7/odom,39.663,-75.756,-1.799539174,0.008849750,-0.001655877,0.000066820,-0.008849498,-0.001655877,,,
1786043629935928700,1786043629.935234057,/novatel/oem7/odom,/novatel/oem7/fix,/novatel/oem7/odom,39.663,-75.756,-1.799539174,0.008849750,-0.001655877,0.000066820,-0.008849498,-0.001655877,,,
1786043629945838117,1786043629.945221555,/novatel/oem7/inspva,/novatel/oem7/inspva,/novatel/oem7/inspva,39.663,-75.756,-1.799531369,0.009313862,-0.000531160,-0.009120826,0.001886416,-0.000531160,,novatel_oem7_msgs.msg.InertialSolutionStatus(status=3),
1786043629947200837,1786043629.945373933,/novatel/oem7/fix,/novatel/oem7/fix,/novatel/oem7/inspva,39.663,-75.756,-1.799531369,0.009313862,-0.000531160,-0.009120826,0.001886416,-0.000531160,,0,
1786043629948293561,1786043629.945726447,/novatel/oem7/odom,/novatel/oem7/fix,/novatel/oem7/odom,39.663,-75.756,-1.799531369,0.009312958,-0.000546787,0.001444636,-0.009200229,-0.000546787,,,
1786043629956374277,1786043629.955753088,/novatel/oem7/odom,/novatel/oem7/fix,/novatel/oem7/odom,39.663,-75.756,-1.799531369,0.009312958,-0.000546787,0.001444636,-0.009200229,-0.000546787,,,
1786043629966576937,1786043629.966004754,/novatel/oem7/inspva,/novatel/oem7/inspva,/novatel/oem7/inspva,39.663,-75.756,-1.799521361,0.008806160,0.001289721,-0.008708916,0.001305081,0.001289721,,novatel_oem7_msgs.msg.InertialSolutionStatus(status=3),
1786043629967974384,1786043629.966159899,/novatel/oem7/fix,/novatel/oem7/fix,/novatel/oem7/inspva,39.663,-75.756,-1.799521361,0.008806160,0.001289721,-0.008708916,0.001305081,0.001289721,,0,
1786043629969007124,1786043629.966693043,/novatel/oem7/odom,/novatel/oem7/fix,/novatel/oem7/odom,39.663,-75.756,-1.799521361,0.008808589,0.001273023,0.000877235,-0.008764799,0.001273023,,,
1786043629975737466,1786043629.975061863,/novatel/oem7/odom,/novatel/oem7/fix,/novatel/oem7/odom,39.663,-75.756,-1.799521361,0.008808589,0.001273023,0.000877235,-0.008764799,0.001273023,,,
1786043629986804381,1786043629.986279303,/novatel/oem7/inspva,/novatel/oem7/inspva,/novatel/oem7/inspva,39.663,-75.756,-1.799526753,0.008352810,0.000596781,-0.008285664,0.001056982,0.000596781,,novatel_oem7_msgs.msg.InertialSolutionStatus(status=3),
1786043629988150838,1786043629.986411951,/novatel/oem7/fix,/novatel/oem7/fix,/novatel/oem7/inspva,39.663,-75.756,-1.799526753,0.008352810,0.000596781,-0.008285664,0.001056982,0.000596781,,0,
1786043629989336176,1786043629.986892395,/novatel/oem7/odom,/novatel/oem7/fix,/novatel/oem7/odom,39.663,-75.756,-1.799526753,0.008353982,0.000580148,0.000652559,-0.008328456,0.000580148,,,
1786043629995175679,1786043629.994499617,/novatel/oem7/odom,/novatel/oem7/fix,/novatel/oem7/odom,39.663,-75.756,-1.799526753,0.008353982,0.000580148,0.000652559,-0.008328456,0.000580148,,,
1786043630008945884,1786043630.008416534,/novatel/oem7/inspva,/novatel/oem7/inspva,/novatel/oem7/inspva,39.663,-75.756,-1.799539135,0.008065565,-0.001134376,-0.008063137,0.000197877,-0.001134376,,novatel_oem7_msgs.msg.InertialSolutionStatus(status=3),
1786043630010336338,1786043630.008507371,/novatel/oem7/fix,/novatel/oem7/fix,/novatel/oem7/inspva,39.663,-75.756,-1.799539135,0.008065565,-0.001134376,-0.008063137,0.000197877,-0.001134376,,0,
1786043630011449946,1786043630.009821803,/novatel/oem7/odom,/novatel/oem7/fix,/novatel/oem7/odom,39.663,-75.756,-1.799539135,0.008062855,-0.001153478,-0.000188408,-0.008060654,-0.001153478,,,
1786043630016905409,1786043630.016202884,/novatel/oem7/odom,/novatel/oem7/fix,/novatel/oem7/odom,39.663,-75.756,-1.799539135,0.008062855,-0.001153478,-0.000188408,-0.008060654,-0.001153478,,,
1786043630025622531,1786043630.025000388,/novatel/oem7/bestpos,/novatel/oem7/bestpos,/novatel/oem7/odom,39.663,-75.756,33.183029838,0.008062855,-0.001153478,-0.000188408,-0.008060654,-0.001153478,,novatel_oem7_msgs.msg.SolutionStatus(status=0),novatel_oem7_msgs.msg.PositionOrVelocityType(type=53)
1786043630027646947,1786043630.026722812,/novatel/oem7/bestvel,/novatel/oem7/bestpos,/novatel/oem7/bestvel,39.663,-75.756,33.183029838,0.007996877,-0.001197854,,,,178.262958104,novatel_oem7_msgs.msg.SolutionStatus(status=0),novatel_oem7_msgs.msg.PositionOrVelocityType(type=53)
1786043630029121432,1786043630.027301801,/novatel/oem7/inspva,/novatel/oem7/inspva,/novatel/oem7/inspva,39.663,-75.756,-1.799533850,0.008821233,-0.001267967,-0.008817944,0.000240852,-0.001267967,,novatel_oem7_msgs.msg.InertialSolutionStatus(status=3),
1786043630029995500,1786043630.027513930,/novatel/oem7/fix,/novatel/oem7/fix,/novatel/oem7/inspva,39.663,-75.756,-1.799533850,0.008821233,-0.001267967,-0.008817944,0.000240852,-0.001267967,,0,
1786043630031077948,1786043630.027771737,/novatel/oem7/odom,/novatel/oem7/fix,/novatel/oem7/odom,39.663,-75.756,-1.799533850,0.008818226,-0.001288714,-0.000181497,-0.008816358,-0.001288714,,,
1786043630035271966,1786043630.034573732,/novatel/oem7/odom,/novatel/oem7/fix,/novatel/oem7/odom,39.663,-75.756,-1.799533850,0.008818226,-0.001288714,-0.000181497,-0.008816358,-0.001288714,,,
1786043630047531295,1786043630.046949493,/novatel/oem7/inspva,/novatel/oem7/inspva,/novatel/oem7/inspva,39.663,-75.756,-1.799522532,0.010077039,0.001425357,-0.009898998,0.001885885,0.001425357,,novatel_oem7_msgs.msg.InertialSolutionStatus(status=3),
1786043630048942789,1786043630.047114451,/novatel/oem7/fix,/novatel/oem7/fix,/novatel/oem7/inspva,39.663,-75.756,-1.799522532,0.010077039,0.001425357,-0.009898998,0.001885885,0.001425357,,0,
1786043630050011570,1786043630.047986543,/novatel/oem7/odom,/novatel/oem7/fix,/novatel/oem7/odom,39.663,-75.756,-1.799522532,0.010079529,0.001407639,0.001399315,-0.009981925,0.001407639,,,
1786043630057175643,1786043630.056539067,/novatel/oem7/odom,/novatel/oem7/fix,/novatel/oem7/odom,39.663,-75.756,-1.799522532,0.010079529,0.001407639,0.001399315,-0.009981925,0.001407639,,,
1786043630065840018,1786043630.065290995,/novatel/oem7/inspva,/novatel/oem7/inspva,/novatel/oem7/inspva,39.663,-75.756,-1.799545448,0.008844743,0.001114273,-0.008785279,0.001023889,0.001114273,,novatel_oem7_msgs.msg.InertialSolutionStatus(status=3),
1786043630067146080,1786043630.065448937,/novatel/oem7/fix,/novatel/oem7/fix,/novatel/oem7/inspva,39.663,-75.756,-1.799545448,0.008844743,0.001114273,-0.008785279,0.001023889,0.001114273,,0,
1786043630068172770,1786043630.065787110,/novatel/oem7/odom,/novatel/oem7/fix,/novatel/oem7/odom,39.663,-75.756,-1.799545448,0.008846981,0.001096359,0.000593394,-0.008827059,0.001096359,,,
1786043630076250109,1786043630.075609716,/novatel/oem7/odom,/novatel/oem7/fix,/novatel/oem7/odom,39.663,-75.756,-1.799545448,0.008846981,0.001096359,0.000593394,-0.008827059,0.001096359,,,
1786043630086595581,1786043630.086039402,/novatel/oem7/inspva,/novatel/oem7/inspva,/novatel/oem7/inspva,39.663,-75.756,-1.799572103,0.007113940,-0.000827802,-0.007070889,-0.000781456,-0.000827802,,novatel_oem7_msgs.msg.InertialSolutionStatus(status=3),
1786043630087981157,1786043630.086185680,/novatel/oem7/fix,/novatel/oem7/fix,/novatel/oem7/inspva,39.663,-75.756,-1.799572103,0.007113940,-0.000827802,-0.007070889,-0.000781456,-0.000827802,,0,
1786043630089008957,1786043630.086759002,/novatel/oem7/odom,/novatel/oem7/fix,/novatel/oem7/odom,39.663,-75.756,-1.799572103,0.007111570,-0.000847925,-0.001119661,-0.007022876,-0.000847925,,,
1786043630095493968,1786043630.094829221,/novatel/oem7/odom,/novatel/oem7/fix,/novatel/oem7/odom,39.663,-75.756,-1.799572103,0.007111570,-0.000847925,-0.001119661,-0.007022876,-0.000847925,,,
1786043630106623180,1786043630.106048791,/novatel/oem7/inspva,/novatel/oem7/inspva,/novatel/oem7/inspva,39.663,-75.756,-1.799588017,0.007710653,-0.001285380,-0.007709433,0.000137161,-0.001285380,,novatel_oem7_msgs.msg.InertialSolutionStatus(status=3),
1786043630107964350,1786043630.106190985,/novatel/oem7/fix,/novatel/oem7/fix,/novatel/oem7/inspva,39.663,-75.756,-1.799588017,0.007710653,-0.001285380,-0.007709433,0.000137161,-0.001285380,,0,
1786043630109044183,1786043630.106683940,/novatel/oem7/odom,/novatel/oem7/fix,/novatel/oem7/odom,39.663,-75.756,-1.799588017,0.007707562,-0.001303785,-0.000231313,-0.007704090,-0.001303785,,,
1786043630110610949,1786043630.109696047,/novatel/oem7/bestpos,/novatel/oem7/bestpos,/novatel/oem7/odom,39.663,-75.756,33.182938443,0.007707562,-0.001303785,-0.000231313,-0.007704090,-0.001303785,,novatel_oem7_msgs.msg.SolutionStatus(status=0),novatel_oem7_msgs.msg.PositionOrVelocityType(type=53)
1786043630112056707,1786043630.110379593,/novatel/oem7/bestvel,/novatel/oem7/bestpos,/novatel/oem7/bestvel,39.663,-75.756,33.182938443,0.008253540,-0.001153139,,,,176.682921676,novatel_oem7_msgs.msg.SolutionStatus(status=0),novatel_oem7_msgs.msg.PositionOrVelocityType(type=53)
1786043630115779003,1786043630.115106316,/novatel/oem7/odom,/novatel/oem7/bestpos,/novatel/oem7/odom,39.663,-75.756,33.182938443,0.007707562,-0.001303785,-0.000231313,-0.007704090,-0.001303785,,,
1786043630126097864,1786043630.125446397,/novatel/oem7/inspva,/novatel/oem7/inspva,/novatel/oem7/inspva,39.663,-75.756,-1.799594878,0.009681979,-0.000052807,-0.009677304,0.000300837,-0.000052807,,novatel_oem7_msgs.msg.InertialSolutionStatus(status=3),
1786043630127669636,1786043630.125665503,/novatel/oem7/fix,/novatel/oem7/fix,/novatel/oem7/inspva,39.663,-75.756,-1.799594878,0.009681979,-0.000052807,-0.009677304,0.000300837,-0.000052807,,0,
1786043630128774116,1786043630.126322010,/novatel/oem7/odom,/novatel/oem7/fix,/novatel/oem7/odom,39.663,-75.756,-1.799594878,0.009681829,-0.000075491,-0.000167584,-0.009680378,-0.000075491,,,
1786043630136337910,1786043630.135650614,/novatel/oem7/odom,/novatel/oem7/fix,/novatel/oem7/odom,39.663,-75.756,-1.799594878,0.009681829,-0.000075491,-0.000167584,-0.009680378,-0.000075491,,,
1786043630146234237,1786043630.145502297,/novatel/oem7/inspva,/novatel/oem7/inspva,/novatel/oem7/inspva,39.663,-75.756,-1.799617963,0.009051840,0.000990952,-0.008954838,0.001321621,0.000990952,,novatel_oem7_msgs.msg.InertialSolutionStatus(status=3),
1786043630147633505,1786043630.145714412,/novatel/oem7/fix,/novatel/oem7/fix,/novatel/oem7/inspva,39.663,-75.756,-1.799617963,0.009051840,0.000990952,-0.008954838,0.001321621,0.000990952,,0,
1786043630148724562,1786043630.146145475,/novatel/oem7/odom,/novatel/oem7/fix,/novatel/oem7/odom,39.663,-75.756,-1.799617963,0.009053739,0.000973447,0.000883099,-0.009010567,0.000973447,,,
1786043630156374196,1786043630.155737879,/novatel/oem7/odom,/novatel/oem7/fix,/novatel/oem7/odom,39.663,-75.756,-1.799617963,0.009053739,0.000973447,0.000883099,-0.009010567,0.000973447,,,
1786043630167338810,1786043630.166596436,/novatel/oem7/inspva,/novatel/oem7/inspva,/novatel/oem7/inspva,39.663,-75.756,-1.799650569,0.007649335,-0.000579108,-0.007628263,-0.000567378,-0.000579108,,novatel_oem7_msgs.msg.InertialSolutionStatus(status=3),
1786043630168761171,1786043630.166815198,/novatel/oem7/fix,/novatel/oem7/fix,/novatel/oem7/inspva,39.663,-75.756,-1.799650569,0.007649335,-0.000579108,-0.007628263,-0.000567378,-0.000579108,,0,
1786043630169812395,1786043630.167161127,/novatel/oem7/odom,/novatel/oem7/fix,/novatel/oem7/odom,39.663,-75.756,-1.799650569,0.007647742,-0.000599771,-0.000933743,-0.007590526,-0.000599771,,,
1786043630175651425,1786043630.174960828,/novatel/oem7/odom,/novatel/oem7/fix,/novatel/oem7/odom,39.663,-75.756,-1.799650569,0.007647742,-0.000599771,-0.000933743,-0.007590526,-0.000599771,,,
1786043630187159254,1786043630.185008500,/novatel/oem7/inspva,/novatel/oem7/inspva,/novatel/oem7/inspva,39.663,-75.756,-1.799673758,0.007275294,-0.001323919,-0.007239747,-0.000718309,-0.001323919,,novatel_oem7_msgs.msg.InertialSolutionStatus(status=3),
1786043630189394426,1786043630.185179068,/novatel/oem7/fix,/novatel/oem7/fix,/novatel/oem7/inspva,39.663,-75.756,-1.799673758,0.007275294,-0.001323919,-0.007239747,-0.000718309,-0.001323919,,0,
1786043630191029345,1786043630.185646813,/novatel/oem7/odom,/novatel/oem7/fix,/novatel/oem7/odom,39.663,-75.756,-1.799673758,0.007271586,-0.001344134,-0.001062873,-0.007193488,-0.001344134,,,
1786043630195912922,1786043630.195388285,/novatel/oem7/odom,/novatel/oem7/fix,/novatel/oem7/odom,39.663,-75.756,-1.799673758,0.007271586,-0.001344134,-0.001062873,-0.007193488,-0.001344134,,,
1786043630207034763,1786043630.206530110,/novatel/oem7/inspva,/novatel/oem7/inspva,/novatel/oem7/inspva,39.663,-75.756,-1.799691686,0.009044789,-0.000900775,-0.009022672,0.000632141,-0.000900775,,novatel_oem7_msgs.msg.InertialSolutionStatus(status=3),
1786043630207936626,1786043630.206656380,/novatel/oem7/fix,/novatel/oem7/fix,/novatel/oem7/inspva,39.663,-75.756,-1.799691686,0.009044789,-0.000900775,-0.009022672,0.000632141,-0.000900775,,0,
1786043630208576008,1786043630.207224040,/novatel/oem7/odom,/novatel/oem7/fix,/novatel/oem7/odom,39.663,-75.756,-1.799691686,0.009042783,-0.000920695,0.000198181,-0.009040611,-0.000920695,,,
1786043630211128409,1786043630.210348801,/novatel/oem7/bestpos,/novatel/oem7/bestpos,/novatel/oem7/odom,39.663,-75.756,33.182858450,0.009042783,-0.000920695,0.000198181,-0.009040611,-0.000920695,,novatel_oem7_msgs.msg.SolutionStatus(status=0),novatel_oem7_msgs.msg.PositionOrVelocityType(type=53)
1786043630212023194,1786043630.210786769,/novatel/oem7/bestvel,/novatel/oem7/bestpos,/novatel/oem7/bestvel,39.663,-75.756,33.182858450,0.008934983,-0.000404783,,,,182.837171138,novatel_oem7_msgs.msg.SolutionStatus(status=0),novatel_oem7_msgs.msg.PositionOrVelocityType(type=53)
1786043630215299538,1786043630.214902526,/novatel/oem7/odom,/novatel/oem7/bestpos,/novatel/oem7/odom,39.663,-75.756,33.182858450,0.009042783,-0.000920695,0.000198181,-0.009040611,-0.000920695,,,
1786043630225446912,1786043630.225041614,/novatel/oem7/inspva,/novatel/oem7/inspva,/novatel/oem7/inspva,39.663,-75.756,-1.799706623,0.008620912,0.000324740,-0.008610126,0.000431105,0.000324740,,novatel_oem7_msgs.msg.InertialSolutionStatus(status=3),
1786043630226267552,1786043630.225174247,/novatel/oem7/fix,/novatel/oem7/fix,/novatel/oem7/inspva,39.663,-75.756,-1.799706623,0.008620912,0.000324740,-0.008610126,0.000431105,0.000324740,,0,
1786043630226915318,1786043630.225565677,/novatel/oem7/odom,/novatel/oem7/fix,/novatel/oem7/odom,39.663,-75.756,-1.799706623,0.008621636,0.000304915,0.000012859,-0.008621627,0.000304915,,,
1786043630234969160,1786043630.234585779,/novatel/oem7/odom,/novatel/oem7/fix,/novatel/oem7/odom,39.663,-75.756,-1.799706623,0.008621636,0.000304915,0.000012859,-0.008621627,0.000304915,,,
1786043630245804757,1786043630.245305760,/novatel/oem7/inspva,/novatel/oem7/inspva,/novatel/oem7/inspva,39.663,-75.756,-1.799726093,0.006853970,0.000486975,-0.006791333,-0.000924499,0.000486975,,novatel_oem7_msgs.msg.InertialSolutionStatus(status=3),
1786043630246609787,1786043630.245491060,/novatel/oem7/fix,/novatel/oem7/fix,/novatel/oem7/inspva,39.663,-75.756,-1.799726093,0.006853970,0.000486975,-0.006791333,-0.000924499,0.000486975,,0,
1786043630247284561,1786043630.245881682,/novatel/oem7/odom,/novatel/oem7/fix,/novatel/oem7/odom,39.663,-75.756,-1.799726093,0.006855361,0.000466990,-0.001253723,-0.006739744,0.000466990,,,
1786043630256790003,1786043630.256382038,/novatel/oem7/odom,/novatel/oem7/fix,/novatel/oem7/odom,39.663,-75.756,-1.799726093,0.006855361,0.000466990,-0.001253723,-0.006739744,0.000466990,,,
1786043630266660549,1786043630.266086706,/novatel/oem7/inspva,/novatel/oem7/inspva,/novatel/oem7/inspva,39.663,-75.756,-1.799751668,0.006445452,-0.000860462,-0.006373655,-0.000959356,-0.000860462,,novatel_oem7_msgs.msg.InertialSolutionStatus(status=3),
1786043630267501066,1786043630.266295875,/novatel/oem7/fix,/novatel/oem7/fix,/novatel/oem7/inspva,39.663,-75.756,-1.799751668,0.006445452,-0.000860462,-0.006373655,-0.000959356,-0.000860462,,0,
1786043630268133148,1786043630.266696119,/novatel/oem7/odom,/novatel/oem7/fix,/novatel/oem7/odom,39.663,-75.756,-1.799751668,0.006442893,-0.000879413,-0.001263373,-0.006317813,-0.000879413,,,
1786043630274719262,1786043630.274339095,/novatel/oem7/odom,/novatel/oem7/fix,/novatel/oem7/odom,39.663,-75.756,-1.799751668,0.006442893,-0.000879413,-0.001263373,-0.006317813,-0.000879413,,,
1786043630285739771,1786043630.285271497,/novatel/oem7/inspva,/novatel/oem7/inspva,/novatel/oem7/inspva,39.663,-75.756,-1.799771076,0.007852896,-0.001125624,-0.007850853,-0.000179129,-0.001125624,,novatel_oem7_msgs.msg.InertialSolutionStatus(status=3),
1786043630286516465,1786043630.285492253,/novatel/oem7/fix,/novatel/oem7/fix,/novatel/oem7/inspva,39.663,-75.756,-1.799771076,0.007852896,-0.001125624,-0.007850853,-0.000179129,-0.001125624,,0,
1786043630287140618,1786043630.286055402,/novatel/oem7/odom,/novatel/oem7/fix,/novatel/oem7/odom,39.663,-75.756,-1.799771076,0.007850036,-0.001145403,-0.000554454,-0.007830430,-0.001145403,,,
1786043630295238367,1786043630.294877951,/novatel/oem7/odom,/novatel/oem7/fix,/novatel/oem7/odom,39.663,-75.756,-1.799771076,0.007850036,-0.001145403,-0.000554454,-0.007830430,-0.001145403,,,
1786043630306482870,1786043630.305888183,/novatel/oem7/inspva,/novatel/oem7/inspva,/novatel/oem7/inspva,39.663,-75.756,-1.799794670,0.008246882,-0.000940481,-0.008207038,0.000809687,-0.000940481,,novatel_oem7_msgs.msg.InertialSolutionStatus(status=3),
1786043630307229690,1786043630.306088495,/novatel/oem7/fix,/novatel/oem7/fix,/novatel/oem7/inspva,39.663,-75.756,-1.799794670,0.008246882,-0.000940481,-0.008207038,0.000809687,-0.000940481,,0,
1786043630307836170,1786043630.306484608,/novatel/oem7/odom,/novatel/oem7/fix,/novatel/oem7/odom,39.663,-75.756,-1.799794670,0.008244903,-0.000957680,0.000415309,-0.008234436,-0.000957680,,,
1786043630310201529,1786043630.309667336,/novatel/oem7/bestpos,/novatel/oem7/bestpos,/novatel/oem7/odom,39.663,-75.756,33.182756778,0.008244903,-0.000957680,0.000415309,-0.008234436,-0.000957680,,novatel_oem7_msgs.msg.SolutionStatus(status=0),novatel_oem7_msgs.msg.PositionOrVelocityType(type=53)
1786043630311124032,1786043630.310417833,/novatel/oem7/bestvel,/novatel/oem7/bestpos,/novatel/oem7/bestvel,39.663,-75.756,33.182756778,0.008433683,-0.000564712,,,,177.771436002,novatel_oem7_msgs.msg.SolutionStatus(status=0),novatel_oem7_msgs.msg.PositionOrVelocityType(type=53)
1786043630314909883,1786043630.314395422,/novatel/oem7/odom,/novatel/oem7/bestpos,/novatel/oem7/odom,39.663,-75.756,33.182756778,0.008244903,-0.000957680,0.000415309,-0.008234436,-0.000957680,,,
1786043630326854862,1786043630.326497882,/novatel/oem7/inspva,/novatel/oem7/inspva,/novatel/oem7/inspva,39.663,-75.756,-1.799804275,0.006841087,0.000780336,-0.006833647,-0.000318985,0.000780336,,novatel_oem7_msgs.msg.InertialSolutionStatus(status=3),
1786043630327715423,1786043630.326616329,/novatel/oem7/fix,/novatel/oem7/fix,/novatel/oem7/inspva,39.663,-75.756,-1.799804275,0.006841087,0.000780336,-0.006833647,-0.000318985,0.000780336,,0,
1786043630328315725,1786043630.327024182,/novatel/oem7/odom,/novatel/oem7/fix,/novatel/oem7/odom,39.663,-75.756,-1.799804275,0.006843098,0.000762506,-0.000651949,-0.006811971,0.000762506,,,
1786043630335412299,1786043630.334993277,/novatel/oem7/odom,/novatel/oem7/fix,/novatel/oem7/odom,39.663,-75.756,-1.799804275,0.006843098,0.000762506,-0.000651949,-0.006811971,0.000762506,,,
1786043630345400399,1786043630.345042522,/novatel/oem7/inspva,/novatel/oem7/inspva,/novatel/oem7/inspva,39.663,-75.756,-1.799838951,0.006476535,-0.000145314,-0.006440927,-0.000678205,-0.000145314,,novatel_oem7_msgs.msg.InertialSolutionStatus(status=3),
1786043630346207699,1786043630.345157856,/novatel/oem7/fix,/novatel/oem7/fix,/novatel/oem7/inspva,39.663,-75.756,-1.799838951,0.006476535,-0.000145314,-0.006440927,-0.000678205,-0.000145314,,0,
1786043630346800411,1786043630.345600701,/novatel/oem7/odom,/novatel/oem7/fix,/novatel/oem7/odom,39.663,-75.756,-1.799838951,0.006476103,-0.000163419,-0.000988349,-0.006400241,-0.000163419,,,
1786043630356505941,1786043630.355988696,/novatel/oem7/odom,/novatel/oem7/fix,/novatel/oem7/odom,39.663,-75.756,-1.799838951,0.006476103,-0.000163419,-0.000988349,-0.006400241,-0.000163419,,,
1786043630365851627,1786043630.365321384,/novatel/oem7/inspva,/novatel/oem7/inspva,/novatel/oem7/inspva,39.663,-75.756,-1.799876556,0.006965225,-0.002313563,-0.006964017,-0.000129692,-0.002313563,,novatel_oem7_msgs.msg.InertialSolutionStatus(status=3),
1786043630366683212,1786043630.365543179,/novatel/oem7/fix,/novatel/oem7/fix,/novatel/oem7/inspva,39.663,-75.756,-1.799876556,0.006965225,-0.002313563,-0.006964017,-0.000129692,-0.002313563,,0,
1786043630367286418,1786043630.366034687,/novatel/oem7/odom,/novatel/oem7/fix,/novatel/oem7/odom,39.663,-75.756,-1.799876556,0.006959441,-0.002330903,-0.000457877,-0.006944362,-0.002330903,,,
1786043630375318298,1786043630.374892451,/novatel/oem7/odom,/novatel/oem7/fix,/novatel/oem7/odom,39.663,-75.756,-1.799876556,0.006959441,-0.002330903,-0.000457877,-0.006944362,-0.002330903,,,
1786043630386538186,1786043630.386146219,/novatel/oem7/inspva,/novatel/oem7/inspva,/novatel/oem7/inspva,39.663,-75.756,-1.799906788,0.007274920,-0.001965435,-0.007274440,0.000083620,-0.001965435,,novatel_oem7_msgs.msg.InertialSolutionStatus(status=3),
1786043630387357208,1786043630.386278156,/novatel/oem7/fix,/novatel/oem7/fix,/novatel/oem7/inspva,39.663,-75.756,-1.799906788,0.007274920,-0.001965435,-0.007274440,0.000083620,-0.001965435,,0,
1786043630387983149,1786043630.386752587,/novatel/oem7/odom,/novatel/oem7/fix,/novatel/oem7/odom,39.663,-75.756,-1.799906788,0.007270196,-0.001982840,-0.000261052,-0.007265507,-0.001982840,,,
1786043630395304437,1786043630.394541130,/novatel/oem7/odom,/novatel/oem7/fix,/novatel/oem7/odom,39.663,-75.756,-1.799906788,0.007270196,-0.001982840,-0.000261052,-0.007265507,-0.001982840,,,
1786043630407264401,1786043630.406661738,/novatel/oem7/inspva,/novatel/oem7/inspva,/novatel/oem7/inspva,39.663,-75.756,-1.799918926,0.007037791,0.000657809,-0.006934073,0.001203799,0.000657809,,novatel_oem7_msgs.msg.InertialSolutionStatus(status=3),
1786043630408781742,1786043630.406830326,/novatel/oem7/fix,/novatel/oem7/fix,/novatel/oem7/inspva,39.663,-75.756,-1.799918926,0.007037791,0.000657809,-0.006934073,0.001203799,0.000657809,,0,
1786043630410034824,1786043630.407311998,/novatel/oem7/odom,/novatel/oem7/fix,/novatel/oem7/odom,39.663,-75.756,-1.799918926,0.007038977,0.000644991,0.000864643,-0.006985670,0.000644991,,,
1786043630411740931,1786043630.410389691,/novatel/oem7/bestpos,/novatel/oem7/bestpos,/novatel/oem7/odom,39.663,-75.756,33.182631317,0.007038977,0.000644991,0.000864643,-0.006985670,0.000644991,,novatel_oem7_msgs.msg.SolutionStatus(status=0),novatel_oem7_msgs.msg.PositionOrVelocityType(type=53)
1786043630412838629,1786043630.410876046,/novatel/oem7/bestvel,/novatel/oem7/bestpos,/novatel/oem7/bestvel,39.663,-75.756,33.182631317,0.006208967,0.000399109,,,,172.343307325,novatel_oem7_msgs.msg.SolutionStatus(status=0),novatel_oem7_msgs.msg.PositionOrVelocityType(type=53)
1786043630416372800,1786043630.415700627,/novatel/oem7/odom,/novatel/oem7/bestpos,/novatel/oem7/odom,39.663,-75.756,33.182631317,0.007038977,0.000644991,0.000864643,-0.006985670,0.000644991,,,
1786043630425841172,1786043630.425246453,/novatel/oem7/inspva,/novatel/oem7/inspva,/novatel/oem7/inspva,39.663,-75.756,-1.799950374,0.006723098,0.000710101,-0.006721303,-0.000155348,0.000710101,,novatel_oem7_msgs.msg.InertialSolutionStatus(status=3),
1786043630427404901,1786043630.425400102,/novatel/oem7/fix,/novatel/oem7/fix,/novatel/oem7/inspva,39.663,-75.756,-1.799950374,0.006723098,0.000710101,-0.006721303,-0.000155348,0.000710101,,0,
1786043630428634683,1786043630.425781388,/novatel/oem7/odom,/novatel/oem7/fix,/novatel/oem7/odom,39.663,-75.756,-1.799950374,0.006724869,0.000693122,-0.000482759,-0.006707519,0.000693122,,,
1786043630435342059,1786043630.434590065,/novatel/oem7/odom,/novatel/oem7/fix,/novatel/oem7/odom,39.663,-75.756,-1.799950374,0.006724869,0.000693122,-0.000482759,-0.006707519,0.000693122,,,
1786043630447566635,1786043630.446740407,/novatel/oem7/inspva,/novatel/oem7/inspva,/novatel/oem7/inspva,39.663,-75.756,-1.799999896,0.005829236,-0.002680975,-0.005655525,-0.001412454,-0.002680975,,novatel_oem7_msgs.msg.InertialSolutionStatus(status=3),
1786043630449189387,1786043630.446983443,/novatel/oem7/fix,/novatel/oem7/fix,/novatel/oem7/inspva,39.663,-75.756,-1.799999896,0.005829236,-0.002680975,-0.005655525,-0.001412454,-0.002680975,,0,
1786043630450502477,1786043630.447560368,/novatel/oem7/odom,/novatel/oem7/fix,/novatel/oem7/odom,39.663,-75.756,-1.799999896,0.005820627,-0.002699613,-0.001674407,-0.005574591,-0.002699613,,,
1786043630457125622,1786043630.456392821,/novatel/oem7/odom,/novatel/oem7/fix,/novatel/oem7/odom,39.663,-75.756,-1.799999896,0.005820627,-0.002699613,-0.001674407,-0.005574591,-0.002699613,,,
1786043630465849540,1786043630.465076236,/novatel/oem7/inspva,/novatel/oem7/inspva,/novatel/oem7/inspva,39.663,-75.756,-1.800025551,0.006465415,-0.002214444,-0.006441604,-0.000554371,-0.002214444,,novatel_oem7_msgs.msg.InertialSolutionStatus(status=3),
1786043630467320522,1786043630.465314402,/novatel/oem7/fix,/novatel/oem7/fix,/novatel/oem7/inspva,39.663,-75.756,-1.800025551,0.006465415,-0.002214444,-0.006441604,-0.000554371,-0.002214444,,0,
1786043630468550390,1786043630.465810730,/novatel/oem7/odom,/novatel/oem7/fix,/novatel/oem7/odom,39.663,-75.756,-1.800025551,0.006459365,-0.002232030,-0.000857076,-0.006402251,-0.002232030,,,
1786043630475575382,1786043630.474826925,/novatel/oem7/odom,/novatel/oem7/fix,/novatel/oem7/odom,39.663,-75.756,-1.800025551,0.006459365,-0.002232030,-0.000857076,-0.006402251,-0.002232030,,,
1786043630485992981,1786043630.485439609,/novatel/oem7/inspva,/novatel/oem7/inspva,/novatel/oem7/inspva,39.663,-75.756,-1.800022464,0.007000987,0.001170303,-0.006859882,0.001398515,0.001170303,,novatel_oem7_msgs.msg.InertialSolutionStatus(status=3),
1786043630487389884,1786043630.485626321,/novatel/oem7/fix,/novatel/oem7/fix,/novatel/oem7/inspva,39.663,-75.756,-1.800022464,0.007000987,0.001170303,-0.006859882,0.001398515,0.001170303,,0,
1786043630488499542,1786043630.486347898,/novatel/oem7/odom,/novatel/oem7/fix,/novatel/oem7/odom,39.663,-75.756,-1.800022464,0.007002965,0.001158410,0.001060904,-0.006922138,0.001158410,,,
1786043630496031846,1786043630.495144143,/novatel/oem7/odom,/novatel/oem7/fix,/novatel/oem7/odom,39.663,-75.756,-1.800022464,0.007002965,0.001158410,0.001060904,-0.006922138,0.001158410,,,
1786043630506864932,1786043630.506335473,/novatel/oem7/inspva,/novatel/oem7/inspva,/novatel/oem7/inspva,39.663,-75.756,-1.800059058,0.006461158,0.000621533,-0.006448498,0.000404287,0.000621533,,novatel_oem7_msgs.msg.InertialSolutionStatus(status=3),
1786043630508233455,1786043630.506516105,/novatel/oem7/fix,/novatel/oem7/fix,/novatel/oem7/inspva,39.663,-75.756,-1.800059058,0.006461158,0.000621533,-0.006448498,0.000404287,0.000621533,,0,
1786043630509281695,1786043630.507012230,/novatel/oem7/odom,/novatel/oem7/fix,/novatel/oem7/odom,39.663,-75.756,-1.800059058,0.006462523,0.000607179,0.000089774,-0.006461900,0.000607179,,,
1786043630512881227,1786043630.512278891,/novatel/oem7/bestpos,/novatel/oem7/bestpos,/novatel/oem7/odom,39.663,-75.756,33.182491069,0.006462523,0.000607179,0.000089774,-0.006461900,0.000607179,,novatel_oem7_msgs.msg.SolutionStatus(status=0),novatel_oem7_msgs.msg.PositionOrVelocityType(type=53)
1786043630514290504,1786043630.512648398,/novatel/oem7/bestvel,/novatel/oem7/bestpos,/novatel/oem7/bestvel,39.663,-75.756,33.182491069,0.006516183,0.000218509,,,,169.849399481,novatel_oem7_msgs.msg.SolutionStatus(status=0),novatel_oem7_msgs.msg.PositionOrVelocityType(type=53)
1786043630515898107,1786043630.514486746,/novatel/oem7/odom,/novatel/oem7/bestpos,/novatel/oem7/odom,39.663,-75.756,33.182491069,0.006462523,0.000607179,0.000089774,-0.006461900,0.000607179,,,
1786043630525878661,1786043630.525340235,/novatel/oem7/inspva,/novatel/oem7/inspva,/novatel/oem7/inspva,39.663,-75.756,-1.800104888,0.004423086,-0.001749854,-0.004294178,-0.001060060,-0.001749854,,novatel_oem7_msgs.msg.InertialSolutionStatus(status=3),
1786043630527261898,1786043630.525562658,/novatel/oem7/fix,/novatel/oem7/fix,/novatel/oem7/inspva,39.663,-75.756,-1.800104888,0.004423086,-0.001749854,-0.004294178,-0.001060060,-0.001749854,,0,
1786043630528329678,1786043630.526173177,/novatel/oem7/odom,/novatel/oem7/fix,/novatel/oem7/odom,39.663,-75.756,-1.800104888,0.004417419,-0.001764112,-0.001259967,-0.004233919,-0.001764112,,,
1786043630536388613,1786043630.535709957,/novatel/oem7/odom,/novatel/oem7/fix,/novatel/oem7/odom,39.663,-75.756,-1.800104888,0.004417419,-0.001764112,-0.001259967,-0.004233919,-0.001764112,,,
1786043630545730935,1786043630.545189773,/novatel/oem7/inspva,/novatel/oem7/inspva,/novatel/oem7/inspva,39.663,-75.756,-1.800137212,0.005393625,-0.002620325,-0.005355662,-0.000638809,-0.002620325,,novatel_oem7_msgs.msg.InertialSolutionStatus(status=3),
1786043630547100455,1786043630.545384425,/novatel/oem7/fix,/novatel/oem7/fix,/novatel/oem7/inspva,39.663,-75.756,-1.800137212,0.005393625,-0.002620325,-0.005355662,-0.000638809,-0.002620325,,0,
1786043630548200469,1786043630.545726300,/novatel/oem7/odom,/novatel/oem7/fix,/novatel/oem7/odom,39.663,-75.756,-1.800137212,0.005386125,-0.002635708,-0.000887313,-0.005312534,-0.002635708,,,
1786043630556374006,1786043630.555723340,/novatel/oem7/odom,/novatel/oem7/fix,/novatel/oem7/odom,39.663,-75.756,-1.800137212,0.005386125,-0.002635708,-0.000887313,-0.005312534,-0.002635708,,,
1786043630567150458,1786043630.566626109,/novatel/oem7/inspva,/novatel/oem7/inspva,/novatel/oem7/inspva,39.663,-75.756,-1.800151695,0.006825419,-0.000334438,-0.006800294,0.000585101,-0.000334438,,novatel_oem7_msgs.msg.InertialSolutionStatus(status=3),
1786043630568568252,1786043630.566782455,/novatel/oem7/fix,/novatel/oem7/fix,/novatel/oem7/inspva,39.663,-75.756,-1.800151695,0.006825419,-0.000334438,-0.006800294,0.000585101,-0.000334438,,0,
1786043630569628669,1786043630.567500332,/novatel/oem7/odom,/novatel/oem7/fix,/novatel/oem7/odom,39.663,-75.756,-1.800151695,0.006824682,-0.000349140,0.000256789,-0.006819850,-0.000349140,,,
1786043630575504700,1786043630.574859114,/novatel/oem7/odom,/novatel/oem7/fix,/novatel/oem7/odom,39.663,-75.756,-1.800151695,0.006824682,-0.000349140,0.000256789,-0.006819850,-0.000349140,,,
1786043630585612935,1786043630.585076377,/novatel/oem7/inspva,/novatel/oem7/inspva,/novatel/oem7/inspva,39.663,-75.756,-1.800191747,0.006505091,-0.000023868,-0.006422632,0.001032478,-0.000023868,,novatel_oem7_msgs.msg.InertialSolutionStatus(status=3),
1786043630586962838,1786043630.585237225,/novatel/oem7/fix,/novatel/oem7/fix,/novatel/oem7/inspva,39.663,-75.756,-1.800191747,0.006505091,-0.000023868,-0.006422632,0.001032478,-0.000023868,,0,
1786043630588025812,1786043630.585724426,/novatel/oem7/odom,/novatel/oem7/fix,/novatel/oem7/odom,39.663,-75.756,-1.800191747,0.006505035,-0.000036041,0.000720812,-0.006464976,-0.000036041,,,
1786043630596073081,1786043630.595433032,/novatel/oem7/odom,/novatel/oem7/fix,/novatel/oem7/odom,39.663,-75.756,-1.800191747,0.006505035,-0.000036041,0.000720812,-0.006464976,-0.000036041,,,
1786043630607116669,1786043630.606593287,/novatel/oem7/inspva,/novatel/oem7/inspva,/novatel/oem7/inspva,39.663,-75.756,-1.800235297,0.004537263,-0.001134896,-0.004536096,-0.000102879,-0.001134896,,novatel_oem7_msgs.msg.InertialSolutionStatus(status=3),
1786043630608500473,1786043630.606746882,/novatel/oem7/fix,/novatel/oem7/fix,/novatel/oem7/inspva,39.663,-75.756,-1.800235297,0.004537263,-0.001134896,-0.004536096,-0.000102879,-0.001134896,,0,
1786043630609556346,1786043630.607199676,/novatel/oem7/odom,/novatel/oem7/fix,/novatel/oem7/odom,39.663,-75.756,-1.800235297,0.004534363,-0.001146426,-0.000317892,-0.004523206,-0.001146426,,,
1786043630611078011,1786043630.610416818,/novatel/oem7/bestpos,/novatel/oem7/bestpos,/novatel/oem7/odom,39.663,-75.756,33.182316107,0.004534363,-0.001146426,-0.000317892,-0.004523206,-0.001146426,,novatel_oem7_msgs.msg.SolutionStatus(status=0),novatel_oem7_msgs.msg.PositionOrVelocityType(type=53)
1786043630612553215,1786043630.610811901,/novatel/oem7/bestvel,/novatel/oem7/bestpos,/novatel/oem7/bestvel,39.663,-75.756,33.182316107,0.004487843,-0.001611514,,,,170.953873476,novatel_oem7_msgs.msg.SolutionStatus(status=0),novatel_oem7_msgs.msg.PositionOrVelocityType(type=53)
1786043630615569848,1786043630.614903508,/novatel/oem7/odom,/novatel/oem7/bestpos,/novatel/oem7/odom,39.663,-75.756,33.182316107,0.004534363,-0.001146426,-0.000317892,-0.004523206,-0.001146426,,,
1786043630626619480,1786043630.626069048,/novatel/oem7/inspva,/novatel/oem7/inspva,/novatel/oem7/inspva,39.663,-75.756,-1.800271557,0.004559073,-0.001482609,-0.004523050,-0.000571985,-0.001482609,,novatel_oem7_msgs.msg.InertialSolutionStatus(status=3),
1786043630627996473,1786043630.626221466,/novatel/oem7/fix,/novatel/oem7/fix,/novatel/oem7/inspva,39.663,-75.756,-1.800271557,0.004559073,-0.001482609,-0.004523050,-0.000571985,-0.001482609,,0,
1786043630629058880,1786043630.626714327,/novatel/oem7/odom,/novatel/oem7/fix,/novatel/oem7/odom,39.663,-75.756,-1.800271557,0.004554762,-0.001495802,-0.000784501,-0.004486693,-0.001495802,,,
1786043630635179497,1786043630.634469830,/novatel/oem7/odom,/novatel/oem7/fix,/novatel/oem7/odom,39.663,-75.756,-1.800271557,0.004554762,-0.001495802,-0.000784501,-0.004486693,-0.001495802,,,
1786043630645854421,1786043630.645285956,/novatel/oem7/inspva,/novatel/oem7/inspva,/novatel/oem7/inspva,39.663,-75.756,-1.800299158,0.006736700,-0.001362855,-0.006729252,0.000316706,-0.001362855,,novatel_oem7_msgs.msg.InertialSolutionStatus(status=3),
1786043630647183017,1786043630.645461497,/novatel/oem7/fix,/novatel/oem7/fix,/novatel/oem7/inspva,39.663,-75.756,-1.800299158,0.006736700,-0.001362855,-0.006729252,0.000316706,-0.001362855,,0,
1786043630648297952,1786043630.645726919,/novatel/oem7/odom,/novatel/oem7/fix,/novatel/oem7/odom,39.663,-75.756,-1.800299158,0.006733559,-0.001378292,-0.000004041,-0.006733558,-0.001378292,,,
1786043630657156232,1786043630.656498805,/novatel/oem7/odom,/novatel/oem7/fix,/novatel/oem7/odom,39.663,-75.756,-1.800299158,0.006733559,-0.001378292,-0.000004041,-0.006733558,-0.001378292,,,
1786043630665623001,1786043630.665063712,/novatel/oem7/inspva,/novatel/oem7/inspva,/novatel/oem7/inspva,39.663,-75.756,-1.800333927,0.006334492,-0.000494091,-0.006297705,0.000681687,-0.000494091,,novatel_oem7_msgs.msg.InertialSolutionStatus(status=3),
1786043630667016328,1786043630.665253924,/novatel/oem7/fix,/novatel/oem7/fix,/novatel/oem7/inspva,39.663,-75.756,-1.800333927,0.006334492,-0.000494091,-0.006297705,0.000681687,-0.000494091,,0,
1786043630668098599,1786043630.665597036,/novatel/oem7/odom,/novatel/oem7/fix,/novatel/oem7/odom,39.663,-75.756,-1.800333927,0.006333456,-0.000507193,0.000378237,-0.006322152,-0.000507193,,,
1786043630675094284,1786043630.674443284,/novatel/oem7/odom,/novatel/oem7/fix,/novatel/oem7/odom,39.663,-75.756,-1.800333927,0.006333456,-0.000507193,0.000378237,-0.006322152,-0.000507193,,,
1786043630687138605,1786043630.686608553,/novatel/oem7/inspva,/novatel/oem7/inspva,/novatel/oem7/inspva,39.663,-75.756,-1.800371324,0.004879870,-0.000587577,-0.004872771,-0.000263117,-0.000587577,,novatel_oem7_msgs.msg.InertialSolutionStatus(status=3),
1786043630688513192,1786043630.686761184,/novatel/oem7/fix,/novatel/oem7/fix,/novatel/oem7/inspva,39.663,-75.756,-1.800371324,0.004879870,-0.000587577,-0.004872771,-0.000263117,-0.000587577,,0,
1786043630689577142,1786043630.687262106,/novatel/oem7/odom,/novatel/oem7/fix,/novatel/oem7/odom,39.663,-75.756,-1.800371324,0.004878300,-0.000600467,-0.000496213,-0.004852998,-0.000600467,,,
1786043630695617931,1786043630.694931784,/novatel/oem7/odom,/novatel/oem7/fix,/novatel/oem7/odom,39.663,-75.756,-1.800371324,0.004878300,-0.000600467,-0.000496213,-0.004852998,-0.000600467,,,
1786043630706377400,1786043630.705850698,/novatel/oem7/inspva,/novatel/oem7/inspva,/novatel/oem7/inspva,39.663,-75.756,-1.800412863,0.004131249,-0.001377453,-0.004113137,-0.000386415,-0.001377453,,novatel_oem7_msgs.msg.InertialSolutionStatus(status=3),
1786043630707725733,1786043630.705996246,/novatel/oem7/fix,/novatel/oem7/fix,/novatel/oem7/inspva,39.663,-75.756,-1.800412863,0.004131249,-0.001377453,-0.004113137,-0.000386415,-0.001377453,,0,
1786043630708770260,1786043630.706481457,/novatel/oem7/odom,/novatel/oem7/fix,/novatel/oem7/odom,39.663,-75.756,-1.800412863,0.004127398,-0.001388947,-0.000579775,-0.004086475,-0.001388947,,,
1786043630710256648,1786043630.709467850,/novatel/oem7/bestpos,/novatel/oem7/bestpos,/novatel/oem7/odom,39.663,-75.756,33.182152700,0.004127398,-0.001388947,-0.000579775,-0.004086475,-0.001388947,,novatel_oem7_msgs.msg.SolutionStatus(status=0),novatel_oem7_msgs.msg.PositionOrVelocityType(type=53)
1786043630711678308,1786043630.710142257,/novatel/oem7/bestvel,/novatel/oem7/bestpos,/novatel/oem7/bestvel,39.663,-75.756,33.182152700,0.003631139,-0.001697735,,,,185.110227727,novatel_oem7_msgs.msg.SolutionStatus(status=0),novatel_oem7_msgs.msg.PositionOrVelocityType(type=53)
1786043630716149239,1786043630.715499535,/novatel/oem7/odom,/novatel/oem7/bestpos,/novatel/oem7/odom,39.663,-75.756,33.182152700,0.004127398,-0.001388947,-0.000579775,-0.004086475,-0.001388947,,,
1786043630725795600,1786043630.725241201,/novatel/oem7/inspva,/novatel/oem7/inspva,/novatel/oem7/inspva,39.663,-75.756,-1.800456379,0.005283056,-0.002473370,-0.005283053,-0.000005723,-0.002473370,,novatel_oem7_msgs.msg.InertialSolutionStatus(status=3),
1786043630727315478,1786043630.725392612,/novatel/oem7/fix,/novatel/oem7/fix,/novatel/oem7/inspva,39.663,-75.756,-1.800456379,0.005283056,-0.002473370,-0.005283053,-0.000005723,-0.002473370,,0,
1786043630728728995,1786043630.726023128,/novatel/oem7/odom,/novatel/oem7/fix,/novatel/oem7/odom,39.663,-75.756,-1.800456379,0.005276961,-0.002486347,-0.000252066,-0.005270938,-0.002486347,,,
1786043630735640519,1786043630.734975667,/novatel/oem7/odom,/novatel/oem7/fix,/novatel/oem7/odom,39.663,-75.756,-1.800456379,0.005276961,-0.002486347,-0.000252066,-0.005270938,-0.002486347,,,
1786043630746706228,1786043630.746141512,/novatel/oem7/inspva,/novatel/oem7/inspva,/novatel/oem7/inspva,39.663,-75.756,-1.800493891,0.005539358,-0.001945661,-0.005539119,0.000051448,-0.001945661,,novatel_oem7_msgs.msg.InertialSolutionStatus(status=3),
1786043630748093238,1786043630.746303591,/novatel/oem7/fix,/novatel/oem7/fix,/novatel/oem7/inspva,39.663,-75.756,-1.800493891,0.005539358,-0.001945661,-0.005539119,0.000051448,-0.001945661,,0,
1786043630749181292,1786043630.746704468,/novatel/oem7/odom,/novatel/oem7/fix,/novatel/oem7/odom,39.663,-75.756,-1.800493891,0.005534609,-0.001959129,-0.000209293,-0.005530650,-0.001959129,,,
1786043630756589121,1786043630.755895304,/novatel/oem7/odom,/novatel/oem7/fix,/novatel/oem7/odom,39.663,-75.756,-1.800493891,0.005534609,-0.001959129,-0.000209293,-0.005530650,-0.001959129,,,
1786043630765876328,1786043630.765305823,/novatel/oem7/inspva,/novatel/oem7/inspva,/novatel/oem7/inspva,39.663,-75.756,-1.800519766,0.004776133,0.000131514,-0.004743688,0.000555760,0.000131514,,novatel_oem7_msgs.msg.InertialSolutionStatus(status=3),
1786043630767212535,1786043630.765495741,/novatel/oem7/fix,/novatel/oem7/fix,/novatel/oem7/inspva,39.663,-75.756,-1.800519766,0.004776133,0.000131514,-0.004743688,0.000555760,0.000131514,,0,
1786043630768285686,1786043630.766146881,/novatel/oem7/odom,/novatel/oem7/fix,/novatel/oem7/odom,39.663,-75.756,-1.800519766,0.004776392,0.000121754,0.000325258,-0.004765304,0.000121754,,,
1786043630776136969,1786043630.775490044,/novatel/oem7/odom,/novatel/oem7/fix,/novatel/oem7/odom,39.663,-75.756,-1.800519766,0.004776392,0.000121754,0.000325258,-0.004765304,0.000121754,,,
1786043630785608621,1786043630.785070546,/novatel/oem7/inspva,/novatel/oem7/inspva,/novatel/oem7/inspva,39.663,-75.756,-1.800566628,0.003965609,-0.000603092,-0.003961369,-0.000183333,-0.000603092,,novatel_oem7_msgs.msg.InertialSolutionStatus(status=3),
1786043630786978642,1786043630.785248878,/novatel/oem7/fix,/novatel/oem7/fix,/novatel/oem7/inspva,39.663,-75.756,-1.800566628,0.003965609,-0.000603092,-0.003961369,-0.000183333,-0.000603092,,0,
1786043630788044672,1786043630.785652165,/novatel/oem7/odom,/novatel/oem7/fix,/novatel/oem7/odom,39.663,-75.756,-1.800566628,0.003964015,-0.000613478,-0.000372369,-0.003946487,-0.000613478,,,
1786043630795109194,1786043630.794452658,/novatel/oem7/odom,/novatel/oem7/fix,/novatel/oem7/odom,39.663,-75.756,-1.800566628,0.003964015,-0.000613478,-0.000372369,-0.003946487,-0.000613478,,,
1786043630807093608,1786043630.806558873,/novatel/oem7/inspva,/novatel/oem7/inspva,/novatel/oem7/inspva,39.663,-75.756,-1.800619648,0.004322469,-0.003037729,-0.004315362,-0.000247760,-0.003037729,,novatel_oem7_msgs.msg.InertialSolutionStatus(status=3),
1786043630808479622,1786043630.806717778,/novatel/oem7/fix,/novatel/oem7/fix,/novatel/oem7/inspva,39.663,-75.756,-1.800619648,0.004322469,-0.003037729,-0.004315362,-0.000247760,-0.003037729,,0,
1786043630809558956,1786043630.807133976,/novatel/oem7/odom,/novatel/oem7/fix,/novatel/oem7/odom,39.663,-75.756,-1.800619648,0.004314390,-0.003049193,-0.000444942,-0.004291385,-0.003049193,,,
1786043630811083507,1786043630.810161711,/novatel/oem7/bestpos,/novatel/oem7/bestpos,/novatel/oem7/odom,39.663,-75.756,33.181961770,0.004314390,-0.003049193,-0.000444942,-0.004291385,-0.003049193,,novatel_oem7_msgs.msg.SolutionStatus(status=0),novatel_oem7_msgs.msg.PositionOrVelocityType(type=53)
1786043630812546432,1786043630.810527502,/novatel/oem7/bestvel,/novatel/oem7/bestpos,/novatel/oem7/bestvel,39.663,-75.756,33.181961770,0.004683857,-0.002528125,,,,191.413810554,novatel_oem7_msgs.msg.SolutionStatus(status=0),novatel_oem7_msgs.msg.PositionOrVelocityType(type=53)
1786043630815726403,1786043630.815050003,/novatel/oem7/odom,/novatel/oem7/bestpos,/novatel/oem7/odom,39.663,-75.756,33.181961770,0.004314390,-0.003049193,-0.000444942,-0.004291385,-0.003049193,,,
1786043630825697177,1786043630.825150325,/novatel/oem7/inspva,/novatel/oem7/inspva,/novatel/oem7/inspva,39.663,-75.756,-1.800653974,0.004795078,-0.002728477,-0.004763425,0.000550052,-0.002728477,,novatel_oem7_msgs.msg.InertialSolutionStatus(status=3),
1786043630827074627,1786043630.825371230,/novatel/oem7/fix,/novatel/oem7/fix,/novatel/oem7/inspva,39.663,-75.756,-1.800653974,0.004795078,-0.002728477,-0.004763425,0.000550052,-0.002728477,,0,
1786043630828151617,1786043630.825676688,/novatel/oem7/odom,/novatel/oem7/fix,/novatel/oem7/odom,39.663,-75.756,-1.800653974,0.004789479,-0.002738293,0.000329112,-0.004778158,-0.002738293,,,
1786043630836502399,1786043630.835789186,/novatel/oem7/odom,/novatel/oem7/fix,/novatel/oem7/odom,39.663,-75.756,-1.800653974,0.004789479,-0.002738293,0.000329112,-0.004778158,-0.002738293,,,
1786043630846216164,1786043630.845482977,/novatel/oem7/inspva,/novatel/oem7/inspva,/novatel/oem7/inspva,39.663,-75.756,-1.800666855,0.005004029,0.000533903,-0.004970249,0.000580457,0.000533903,,novatel_oem7_msgs.msg.InertialSolutionStatus(status=3),
1786043630847843170,1786043630.845677169,/novatel/oem7/fix,/novatel/oem7/fix,/novatel/oem7/inspva,39.663,-75.756,-1.800666855,0.005004029,0.000533903,-0.004970249,0.000580457,0.000533903,,0,
1786043630849053449,1786043630.846389110,/novatel/oem7/odom,/novatel/oem7/fix,/novatel/oem7/odom,39.663,-75.756,-1.800666855,0.005005112,0.000523654,0.000337587,-0.004993714,0.000523654,,,
1786043630857385940,1786043630.856586656,/novatel/oem7/odom,/novatel/oem7/fix,/novatel/oem7/odom,39.663,-75.756,-1.800666855,0.005005112,0.000523654,0.000337587,-0.004993714,0.000523654,,,
1786043630866936847,1786043630.866238377,/novatel/oem7/inspva,/novatel/oem7/inspva,/novatel/oem7/inspva,39.663,-75.756,-1.800711676,0.003912624,0.000066406,-0.003907692,0.000196404,0.000066406,,novatel_oem7_msgs.msg.InertialSolutionStatus(status=3),
1786043630868409621,1786043630.866388888,/novatel/oem7/fix,/novatel/oem7/fix,/novatel/oem7/inspva,39.663,-75.756,-1.800711676,0.003912624,0.000066406,-0.003907692,0.000196404,0.000066406,,0,
1786043630869583540,1786043630.866834360,/novatel/oem7/odom,/novatel/oem7/fix,/novatel/oem7/odom,39.663,-75.756,-1.800711676,0.003912766,0.000057427,0.000007093,-0.003912760,0.000057427,,,
1786043630875689939,1786043630.874895395,/novatel/oem7/odom,/novatel/oem7/fix,/novatel/oem7/odom,39.663,-75.756,-1.800711676,0.003912766,0.000057427,0.000007093,-0.003912760,0.000057427,,,
1786043630885978633,1786043630.885323334,/novatel/oem7/inspva,/novatel/oem7/inspva,/novatel/oem7/inspva,39.663,-75.756,-1.800764827,0.003961186,-0.002915640,-0.003925477,-0.000530684,-0.002915640,,novatel_oem7_msgs.msg.InertialSolutionStatus(status=3),
1786043630887398031,1786043630.885549159,/novatel/oem7/fix,/novatel/oem7/fix,/novatel/oem7/inspva,39.663,-75.756,-1.800764827,0.003961186,-0.002915640,-0.003925477,-0.000530684,-0.002915640,,0,
1786043630888493094,1786043630.886222149,/novatel/oem7/odom,/novatel/oem7/fix,/novatel/oem7/odom,39.663,-75.756,-1.800764827,0.003952709,-0.002927121,-0.000709089,-0.003888586,-0.002927121,,,
1786043630896236783,1786043630.895541483,/novatel/oem7/odom,/novatel/oem7/fix,/novatel/oem7/odom,39.663,-75.756,-1.800764827,0.003952709,-0.002927121,-0.000709089,-0.003888586,-0.002927121,,,
1786043630906593505,1786043630.905968762,/novatel/oem7/inspva,/novatel/oem7/inspva,/novatel/oem7/inspva,39.663,-75.756,-1.800794768,0.003847356,-0.002561450,-0.003846613,-0.000075614,-0.002561450,,novatel_oem7_msgs.msg.InertialSolutionStatus(status=3),
1786043630908037576,1786043630.906152264,/novatel/oem7/fix,/novatel/oem7/fix,/novatel/oem7/inspva,39.663,-75.756,-1.800794768,0.003847356,-0.002561450,-0.003846613,-0.000075614,-0.002561450,,0,
1786043630909077916,1786043630.906628319,/novatel/oem7/odom,/novatel/oem7/fix,/novatel/oem7/odom,39.663,-75.756,-1.800794768,0.003840855,-0.002571189,-0.000251978,-0.003832580,-0.002571189,,,
1786043630910606094,1786043630.909697609,/novatel/oem7/bestpos,/novatel/oem7/bestpos,/novatel/oem7/odom,39.663,-75.756,33.181780606,0.003840855,-0.002571189,-0.000251978,-0.003832580,-0.002571189,,novatel_oem7_msgs.msg.SolutionStatus(status=0),novatel_oem7_msgs.msg.PositionOrVelocityType(type=53)
1786043630912002131,1786043630.910379726,/novatel/oem7/bestvel,/novatel/oem7/bestpos,/novatel/oem7/bestvel,39.663,-75.756,33.181780606,0.004191215,-0.002085239,,,,189.252372686,novatel_oem7_msgs.msg.SolutionStatus(status=0),novatel_oem7_msgs.msg.PositionOrVelocityType(type=53)
1786043630915140158,1786043630.914439191,/novatel/oem7/odom,/novatel/oem7/bestpos,/novatel/oem7/odom,39.663,-75.756,33.181780606,0.003840855,-0.002571189,-0.000251978,-0.003832580,-0.002571189,,,
1786043630928488589,1786043630.927516743,/novatel/oem7/inspva,/novatel/oem7/inspva,/novatel/oem7/inspva,39.663,-75.756,-1.800812413,0.005513298,-0.000400664,-0.005349939,0.001332142,-0.000400664,,novatel_oem7_msgs.msg.InertialSolutionStatus(status=3),
1786043630929798032,1786043630.927900513,/novatel/oem7/fix,/novatel/oem7/fix,/novatel/oem7/inspva,39.663,-75.756,-1.800812413,0.005513298,-0.000400664,-0.005349939,0.001332142,-0.000400664,,0,
1786043630930835036,1786043630.928252960,/novatel/oem7/odom,/novatel/oem7/fix,/novatel/oem7/odom,39.663,-75.756,-1.800812413,0.005512670,-0.000409212,0.001073622,-0.005407112,-0.000409212,,,
1786043630935933672,1786043630.935213918,/novatel/oem7/odom,/novatel/oem7/fix,/novatel/oem7/odom,39.663,-75.756,-1.800812413,0.005512670,-0.000409212,0.001073622,-0.005407112,-0.000409212,,,
1786043630945911736,1786043630.945238620,/novatel/oem7/inspva,/novatel/oem7/inspva,/novatel/oem7/inspva,39.663,-75.756,-1.800848827,0.004085361,0.000074574,-0.004042647,0.000589222,0.000074574,,novatel_oem7_msgs.msg.InertialSolutionStatus(status=3),
1786043630947256292,1786043630.945466122,/novatel/oem7/fix,/novatel/oem7/fix,/novatel/oem7/inspva,39.663,-75.756,-1.800848827,0.004085361,0.000074574,-0.004042647,0.000589222,0.000074574,,0,
1786043630948321260,1786043630.945813632,/novatel/oem7/odom,/novatel/oem7/fix,/novatel/oem7/odom,39.663,-75.756,-1.800848827,0.004085498,0.000066627,0.000392953,-0.004066557,0.000066627,,,
1786043630956748132,1786043630.956008672,/novatel/oem7/odom,/novatel/oem7/fix,/novatel/oem7/odom,39.663,-75.756,-1.800848827,0.004085498,0.000066627,0.000392953,-0.004066557,0.000066627,,,
1786043630966243518,1786043630.965586985,/novatel/oem7/inspva,/novatel/oem7/inspva,/novatel/oem7/inspva,39.663,-75.756,-1.800901430,0.003064705,-0.002516258,-0.002758340,-0.001335656,-0.002516258,,novatel_oem7_msgs.msg.InertialSolutionStatus(status=3),
1786043630967873774,1786043630.965804511,/novatel/oem7/fix,/novatel/oem7/fix,/novatel/oem7/inspva,39.663,-75.756,-1.800901430,0.003064705,-0.002516258,-0.002758340,-0.001335656,-0.002516258,,0,
1786043630968932238,1786043630.966631296,/novatel/oem7/odom,/novatel/oem7/fix,/novatel/oem7/odom,39.663,-75.756,-1.800901430,0.003055233,-0.002527750,-0.001458068,-0.002684862,-0.002527750,,,
1786043630975439792,1786043630.974663364,/novatel/oem7/odom,/novatel/oem7/fix,/novatel/oem7/odom,39.663,-75.756,-1.800901430,0.003055233,-0.002527750,-0.001458068,-0.002684862,-0.002527750,,,
1786043630986983341,1786043630.986360242,/novatel/oem7/inspva,/novatel/oem7/inspva,/novatel/oem7/inspva,39.663,-75.756,-1.800934317,0.003041919,-0.002539119,-0.003004025,-0.000478651,-0.002539119,,novatel_oem7_msgs.msg.InertialSolutionStatus(status=3),
1786043630988551303,1786043630.986568561,/novatel/oem7/fix,/novatel/oem7/fix,/novatel/oem7/inspva,39.663,-75.756,-1.800934317,0.003041919,-0.002539119,-0.003004025,-0.000478651,-0.002539119,,0,
1786043630989749698,1786043630.987012068,/novatel/oem7/odom,/novatel/oem7/fix,/novatel/oem7/odom,39.663,-75.756,-1.800934317,0.003034328,-0.002548186,-0.000613865,-0.002971585,-0.002548186,,,
1786043630995693340,1786043630.994911896,/novatel/oem7/odom,/novatel/oem7/fix,/novatel/oem7/odom,39.663,-75.756,-1.800934317,0.003034328,-0.002548186,-0.000613865,-0.002971585,-0.002548186,,,
1786043631010624932,1786043631.010049558,/novatel/oem7/inspva,/novatel/oem7/inspva,/novatel/oem7/inspva,39.663,-75.756,-1.800959210,0.004686370,-0.001009844,-0.004595679,0.000917497,-0.001009844,,novatel_oem7_msgs.msg.InertialSolutionStatus(status=3),
1786043631012122111,1786043631.010137475,/novatel/oem7/fix,/novatel/oem7/fix,/novatel/oem7/inspva,39.663,-75.756,-1.800959210,0.004686370,-0.001009844,-0.004595679,0.000917497,-0.001009844,,0,
1786043631013292298,1786043631.011328826,/novatel/oem7/odom,/novatel/oem7/fix,/novatel/oem7/odom,39.663,-75.756,-1.800959210,0.004684623,-0.001017919,0.000698158,-0.004632307,-0.001017919,,,
1786043631017825543,1786043631.017081885,/novatel/oem7/odom,/novatel/oem7/fix,/novatel/oem7/odom,39.663,-75.756,-1.800959210,0.004684623,-0.001017919,0.000698158,-0.004632307,-0.001017919,,,
1786043631027248695,1786043631.026542155,/novatel/oem7/bestpos,/novatel/oem7/bestpos,/novatel/oem7/odom,39.663,-75.756,33.181610290,0.004684623,-0.001017919,0.000698158,-0.004632307,-0.001017919,,novatel_oem7_msgs.msg.SolutionStatus(status=0),novatel_oem7_msgs.msg.PositionOrVelocityType(type=53)
1786043631028885948,1786043631.026998606,/novatel/oem7/bestvel,/novatel/oem7/bestpos,/novatel/oem7/bestvel,39.663,-75.756,33.181610290,0.004445768,-0.000906322,,,,173.360462111,novatel_oem7_msgs.msg.SolutionStatus(status=0),novatel_oem7_msgs.msg.PositionOrVelocityType(type=53)
1786043631029927558,1786043631.027378372,/novatel/oem7/inspva,/novatel/oem7/inspva,/novatel/oem7/inspva,39.663,-75.756,-1.800995965,0.004381075,-0.000272919,-0.004238457,0.001108739,-0.000272919,,novatel_oem7_msgs.msg.InertialSolutionStatus(status=3),
1786043631030846130,1786043631.027475700,/novatel/oem7/fix,/novatel/oem7/fix,/novatel/oem7/inspva,39.663,-75.756,-1.800995965,0.004381075,-0.000272919,-0.004238457,0.001108739,-0.000272919,,0,
1786043631032011675,1786043631.027876825,/novatel/oem7/odom,/novatel/oem7/fix,/novatel/oem7/odom,39.663,-75.756,-1.800995965,0.004380663,-0.000279463,0.000903705,-0.004286435,-0.000279463,,,
1786043631035742685,1786043631.034988188,/novatel/oem7/odom,/novatel/oem7/fix,/novatel/oem7/odom,39.663,-75.756,-1.800995965,0.004380663,-0.000279463,0.000903705,-0.004286435,-0.000279463,,,
1786043631047880531,1786043631.047262456,/novatel/oem7/inspva,/novatel/oem7/inspva,/novatel/oem7/inspva,39.663,-75.756,-1.801001025,0.002794136,-0.001734761,-0.002475735,-0.001295350,-0.001734761,,novatel_oem7_msgs.msg.InertialSolutionStatus(status=3),
1786043631049408172,1786043631.047344609,/novatel/oem7/fix,/novatel/oem7/fix,/novatel/oem7/inspva,39.663,-75.756,-1.801001025,0.002794136,-0.001734761,-0.002475735,-0.001295350,-0.001734761,,0,
1786043631050623691,1786043631.047715569,/novatel/oem7/odom,/novatel/oem7/fix,/novatel/oem7/odom,39.663,-75.756,-1.801001025,0.002787477,-0.001745441,-0.001407034,-0.002406301,-0.001745441,,,
1786043631056903699,1786043631.056139748,/novatel/oem7/odom,/novatel/oem7/fix,/novatel/oem7/odom,39.663,-75.756,-1.801001025,0.002787477,-0.001745441,-0.001407034,-0.002406301,-0.001745441,,,
1786043631065770119,1786043631.065115216,/novatel/oem7/inspva,/novatel/oem7/inspva,/novatel/oem7/inspva,39.663,-75.756,-1.800978651,0.003065729,-0.001829985,-0.002905859,-0.000977077,-0.001829985,,novatel_oem7_msgs.msg.InertialSolutionStatus(status=3),
1786043631067342074,1786043631.065197241,/novatel/oem7/fix,/novatel/oem7/fix,/novatel/oem7/inspva,39.663,-75.756,-1.800978651,0.003065729,-0.001829985,-0.002905859,-0.000977077,-0.001829985,,0,
1786043631068565886,1786043631.065581700,/novatel/oem7/odom,/novatel/oem7/fix,/novatel/oem7/odom,39.663,-75.756,-1.800978651,0.003059393,-0.001840559,-0.001109609,-0.002851079,-0.001840559,,,
1786043631076347052,1786043631.075623065,/novatel/oem7/odom,/novatel/oem7/fix,/novatel/oem7/odom,39.663,-75.756,-1.800978651,0.003059393,-0.001840559,-0.001109609,-0.002851079,-0.001840559,,,
1786043631086099565,1786043631.085504802,/novatel/oem7/inspva,/novatel/oem7/inspva,/novatel/oem7/inspva,39.663,-75.756,-1.800954871,0.004977132,-0.001310877,-0.004931191,0.000674684,-0.001310877,,novatel_oem7_msgs.msg.InertialSolutionStatus(status=3),
1786043631087767694,1786043631.085669229,/novatel/oem7/fix,/novatel/oem7/fix,/novatel/oem7/inspva,39.663,-75.756,-1.800954871,0.004977132,-0.001310877,-0.004931191,0.000674684,-0.001310877,,0,
1786043631088991176,1786043631.086392361,/novatel/oem7/odom,/novatel/oem7/fix,/novatel/oem7/odom,39.663,-75.756,-1.800954871,0.004974527,-0.001320727,0.000440474,-0.004954988,-0.001320727,,,
1786043631095658771,1786043631.094824680,/novatel/oem7/odom,/novatel/oem7/fix,/novatel/oem7/odom,39.663,-75.756,-1.800954871,0.004974527,-0.001320727,0.000440474,-0.004954988,-0.001320727,,,
1786043631106490327,1786043631.105888892,/novatel/oem7/inspva,/novatel/oem7/inspva,/novatel/oem7/inspva,39.663,-75.756,-1.800921734,0.004608881,-0.000380086,-0.004592535,0.000387823,-0.000380086,,novatel_oem7_msgs.msg.InertialSolutionStatus(status=3),
1786043631107986639,1786043631.105976203,/novatel/oem7/fix,/novatel/oem7/fix,/novatel/oem7/inspva,39.663,-75.756,-1.800921734,0.004608881,-0.000380086,-0.004592535,0.000387823,-0.000380086,,0,
1786043631109201254,1786043631.106413363,/novatel/oem7/odom,/novatel/oem7/fix,/novatel/oem7/odom,39.663,-75.756,-1.800921734,0.004608046,-0.000390087,0.000166931,-0.004605021,-0.000390087,,,
1786043631110983788,1786043631.109282101,/novatel/oem7/bestpos,/novatel/oem7/bestpos,/novatel/oem7/odom,39.663,-75.756,33.181628137,0.004608046,-0.000390087,0.000166931,-0.004605021,-0.000390087,,novatel_oem7_msgs.msg.SolutionStatus(status=0),novatel_oem7_msgs.msg.PositionOrVelocityType(type=53)
1786043631112018658,1786043631.109664125,/novatel/oem7/bestvel,/novatel/oem7/bestpos,/novatel/oem7/bestvel,39.663,-75.756,33.181628137,0.004311572,-0.000591609,,,,173.941009765,novatel_oem7_msgs.msg.SolutionStatus(status=0),novatel_oem7_msgs.msg.PositionOrVelocityType(type=53)
1786043631115592779,1786043631.114853499,/novatel/oem7/odom,/novatel/oem7/bestpos,/novatel/oem7/odom,39.663,-75.756,33.181628137,0.004608046,-0.000390087,0.000166931,-0.004605021,-0.000390087,,,
1786043631125773289,1786043631.125206810,/novatel/oem7/inspva,/novatel/oem7/inspva,/novatel/oem7/inspva,39.663,-75.756,-1.800915286,0.002957642,-0.001224888,-0.002926697,-0.000426718,-0.001224888,,novatel_oem7_msgs.msg.InertialSolutionStatus(status=3),
1786043631127238217,1786043631.125290708,/novatel/oem7/fix,/novatel/oem7/fix,/novatel/oem7/inspva,39.663,-75.756,-1.800915286,0.002957642,-0.001224888,-0.002926697,-0.000426718,-0.001224888,,0,
1786043631128403318,1786043631.125749569,/novatel/oem7/odom,/novatel/oem7/fix,/novatel/oem7/odom,39.663,-75.756,-1.800915286,0.002953997,-0.001233652,-0.000563083,-0.002899834,-0.001233652,,,
1786043631136234998,1786043631.135527318,/novatel/oem7/odom,/novatel/oem7/fix,/novatel/oem7/odom,39.663,-75.756,-1.800915286,0.002953997,-0.001233652,-0.000563083,-0.002899834,-0.001233652,,,
1786043631145641930,1786043631.145065490,/novatel/oem7/inspva,/novatel/oem7/inspva,/novatel/oem7/inspva,39.663,-75.756,-1.800892823,0.003177194,-0.000989416,-0.003139231,-0.000489687,-0.000989416,,novatel_oem7_msgs.msg.InertialSolutionStatus(status=3),
1786043631147091781,1786043631.145140413,/novatel/oem7/fix,/novatel/oem7/fix,/novatel/oem7/inspva,39.663,-75.756,-1.800892823,0.003177194,-0.000989416,-0.003139231,-0.000489687,-0.000989416,,0,
1786043631148250193,1786043631.145589700,/novatel/oem7/odom,/novatel/oem7/fix,/novatel/oem7/odom,39.663,-75.756,-1.800892823,0.003174204,-0.000998967,-0.000637125,-0.003109605,-0.000998967,,,
1786043631156433599,1786043631.155652998,/novatel/oem7/odom,/novatel/oem7/fix,/novatel/oem7/odom,39.663,-75.756,-1.800892823,0.003174204,-0.000998967,-0.000637125,-0.003109605,-0.000998967,,,
1786043631167205584,1786043631.166567058,/novatel/oem7/inspva,/novatel/oem7/inspva,/novatel/oem7/inspva,39.663,-75.756,-1.800876924,0.005475107,-0.001937231,-0.005465135,0.000330290,-0.001937231,,novatel_oem7_msgs.msg.InertialSolutionStatus(status=3),
1786043631168775720,1786043631.166728196,/novatel/oem7/fix,/novatel/oem7/fix,/novatel/oem7/inspva,39.663,-75.756,-1.800876924,0.005475107,-0.001937231,-0.005465135,0.000330290,-0.001937231,,0,
1786043631170039279,1786043631.167207144,/novatel/oem7/odom,/novatel/oem7/fix,/novatel/oem7/odom,39.663,-75.756,-1.800876924,0.005470663,-0.001949744,0.000072978,-0.005470176,-0.001949744,,,
1786043631175770808,1786043631.174983260,/novatel/oem7/odom,/novatel/oem7/fix,/novatel/oem7/odom,39.663,-75.756,-1.800876924,0.005470663,-0.001949744,0.000072978,-0.005470176,-0.001949744,,,
1786043631185589634,1786043631.184995958,/novatel/oem7/inspva,/novatel/oem7/inspva,/novatel/oem7/inspva,39.663,-75.756,-1.800842070,0.005243498,-0.000841336,-0.005225926,0.000428923,-0.000841336,,novatel_oem7_msgs.msg.InertialSolutionStatus(status=3),
1786043631187167757,1786043631.185184364,/novatel/oem7/fix,/novatel/oem7/fix,/novatel/oem7/inspva,39.663,-75.756,-1.800842070,0.005243498,-0.000841336,-0.005225926,0.000428923,-0.000841336,,0,
1786043631188358851,1786043631.185597801,/novatel/oem7/odom,/novatel/oem7/fix,/novatel/oem7/odom,39.663,-75.756,-1.800842070,0.005241637,-0.000852852,0.000179059,-0.005238578,-0.000852852,,,
1786043631196209022,1786043631.195509238,/novatel/oem7/odom,/novatel/oem7/fix,/novatel/oem7/odom,39.663,-75.756,-1.800842070,0.005241637,-0.000852852,0.000179059,-0.005238578,-0.000852852,,,
1786043631207201073,1786043631.206604607,/novatel/oem7/inspva,/novatel/oem7/inspva,/novatel/oem7/inspva,39.663,-75.756,-1.800831630,0.003274264,-0.000777674,-0.003267348,0.000212697,-0.000777674,,novatel_oem7_msgs.msg.InertialSolutionStatus(status=3),
1786043631208712940,1786043631.206787665,/novatel/oem7/fix,/novatel/oem7/fix,/novatel/oem7/inspva,39.663,-75.756,-1.800831630,0.003274264,-0.000777674,-0.003267348,0.000212697,-0.000777674,,0,
1786043631209890279,1786043631.207350371,/novatel/oem7/odom,/novatel/oem7/fix,/novatel/oem7/odom,39.663,-75.756,-1.800831630,0.003272515,-0.000784998,0.000057508,-0.003272010,-0.000784998,,,
1786043631211518872,1786043631.210266879,/novatel/oem7/bestpos,/novatel/oem7/bestpos,/novatel/oem7/odom,39.663,-75.756,33.181721795,0.003272515,-0.000784998,0.000057508,-0.003272010,-0.000784998,,novatel_oem7_msgs.msg.SolutionStatus(status=0),novatel_oem7_msgs.msg.PositionOrVelocityType(type=53)
1786043631212549852,1786043631.210781411,/novatel/oem7/bestvel,/novatel/oem7/bestpos,/novatel/oem7/bestvel,39.663,-75.756,33.181721795,0.003837685,-0.001038105,,,,162.422041394,novatel_oem7_msgs.msg.SolutionStatus(status=0),novatel_oem7_msgs.msg.PositionOrVelocityType(type=53)
1786043631215777596,1786043631.215022382,/novatel/oem7/odom,/novatel/oem7/bestpos,/novatel/oem7/odom,39.663,-75.756,33.181721795,0.003272515,-0.000784998,0.000057508,-0.003272010,-0.000784998,,,
1786043631226743267,1786043631.226109261,/novatel/oem7/inspva,/novatel/oem7/inspva,/novatel/oem7/inspva,39.663,-75.756,-1.800813098,0.003668581,-0.000634398,-0.003660954,0.000236445,-0.000634398,,novatel_oem7_msgs.msg.InertialSolutionStatus(status=3),
1786043631228326012,1786043631.226274649,/novatel/oem7/fix,/novatel/oem7/fix,/novatel/oem7/inspva,39.663,-75.756,-1.800813098,0.003668581,-0.000634398,-0.003660954,0.000236445,-0.000634398,,0,
1786043631229558621,1786043631.226683816,/novatel/oem7/odom,/novatel/oem7/fix,/novatel/oem7/odom,39.663,-75.756,-1.800813098,0.003667132,-0.000642720,0.000061600,-0.003666615,-0.000642720,,,
1786043631236273494,1786043631.235454856,/novatel/oem7/odom,/novatel/oem7/fix,/novatel/oem7/odom,39.663,-75.756,-1.800813098,0.003667132,-0.000642720,0.000061600,-0.003666615,-0.000642720,,,
1786043631245891158,1786043631.245317229,/novatel/oem7/inspva,/novatel/oem7/inspva,/novatel/oem7/inspva,39.663,-75.756,-1.800801626,0.004745745,-0.001877896,-0.004743950,0.000130514,-0.001877896,,novatel_oem7_msgs.msg.InertialSolutionStatus(status=3),
1786043631247414616,1786043631.245506124,/novatel/oem7/fix,/novatel/oem7/fix,/novatel/oem7/inspva,39.663,-75.756,-1.800801626,0.004745745,-0.001877896,-0.004743950,0.000130514,-0.001877896,,0,
1786043631248555850,1786043631.245878014,/novatel/oem7/odom,/novatel/oem7/fix,/novatel/oem7/odom,39.663,-75.756,-1.800801626,0.004741234,-0.001889255,-0.000091928,-0.004740343,-0.001889255,,,
1786043631257081054,1786043631.256279196,/novatel/oem7/odom,/novatel/oem7/fix,/novatel/oem7/odom,39.663,-75.756,-1.800801626,0.004741234,-0.001889255,-0.000091928,-0.004740343,-0.001889255,,,
1786043631265820219,1786043631.265211290,/novatel/oem7/inspva,/novatel/oem7/inspva,/novatel/oem7/inspva,39.663,-75.756,-1.800769234,0.005169890,-0.001726103,-0.005169000,-0.000095906,-0.001726103,,novatel_oem7_msgs.msg.InertialSolutionStatus(status=3),
1786043631267391521,1786043631.265369969,/novatel/oem7/fix,/novatel/oem7/fix,/novatel/oem7/inspva,39.663,-75.756,-1.800769234,0.005169890,-0.001726103,-0.005169000,-0.000095906,-0.001726103,,0,
1786043631268681724,1786043631.265788073,/novatel/oem7/odom,/novatel/oem7/fix,/novatel/oem7/odom,39.663,-75.756,-1.800769234,0.005165475,-0.001739272,-0.000339157,-0.005154328,-0.001739272,,,
1786043631275377976,1786043631.274605802,/novatel/oem7/odom,/novatel/oem7/fix,/novatel/oem7/odom,39.663,-75.756,-1.800769234,0.005165475,-0.001739272,-0.000339157,-0.005154328,-0.001739272,,,
1786043631287475988,1786043631.286730221,/novatel/oem7/inspva,/novatel/oem7/inspva,/novatel/oem7/inspva,39.663,-75.756,-1.800744732,0.004157430,0.000260000,-0.004122697,0.000536277,0.000260000,,novatel_oem7_msgs.msg.InertialSolutionStatus(status=3),
1786043631289261602,1786043631.286890579,/novatel/oem7/fix,/novatel/oem7/fix,/novatel/oem7/inspva,39.663,-75.756,-1.800744732,0.004157430,0.000260000,-0.004122697,0.000536277,0.000260000,,0,
1786043631290391583,1786043631.287825998,/novatel/oem7/odom,/novatel/oem7/fix,/novatel/oem7/odom,39.663,-75.756,-1.800744732,0.004157949,0.000251566,0.000335611,-0.004144382,0.000251566,,,
1786043631296368492,1786043631.295658780,/novatel/oem7/odom,/novatel/oem7/fix,/novatel/oem7/odom,39.663,-75.756,-1.800744732,0.004157949,0.000251566,0.000335611,-0.004144382,0.000251566,,,
1786043631306745660,1786043631.306083647,/novatel/oem7/inspva,/novatel/oem7/inspva,/novatel/oem7/inspva,39.663,-75.756,-1.800738205,0.004158156,-0.000587393,-0.004133297,0.000454007,-0.000587393,,novatel_oem7_msgs.msg.InertialSolutionStatus(status=3),
1786043631308316825,1786043631.306271029,/novatel/oem7/fix,/novatel/oem7/fix,/novatel/oem7/inspva,39.663,-75.756,-1.800738205,0.004158156,-0.000587393,-0.004133297,0.000454007,-0.000587393,,0,
1786043631309578797,1786043631.306739013,/novatel/oem7/odom,/novatel/oem7/fix,/novatel/oem7/odom,39.663,-75.756,-1.800738205,0.004156913,-0.000596131,0.000255991,-0.004149023,-0.000596131,,,
1786043631311362052,1786043631.309910521,/novatel/oem7/bestpos,/novatel/oem7/bestpos,/novatel/oem7/odom,39.663,-75.756,33.181806774,0.004156913,-0.000596131,0.000255991,-0.004149023,-0.000596131,,novatel_oem7_msgs.msg.SolutionStatus(status=0),novatel_oem7_msgs.msg.PositionOrVelocityType(type=53)
1786043631312439672,1786043631.310580601,/novatel/oem7/bestvel,/novatel/oem7/bestpos,/novatel/oem7/bestvel,39.663,-75.756,33.181806774,0.003956524,-0.001482650,,,,156.008499638,novatel_oem7_msgs.msg.SolutionStatus(status=0),novatel_oem7_msgs.msg.PositionOrVelocityType(type=53)
1786043631316232666,1786043631.315563392,/novatel/oem7/odom,/novatel/oem7/bestpos,/novatel/oem7/odom,39.663,-75.756,33.181806774,0.004156913,-0.000596131,0.000255991,-0.004149023,-0.000596131,,,
1786043631326148269,1786043631.325594018,/novatel/oem7/inspva,/novatel/oem7/inspva,/novatel/oem7/inspva,39.663,-75.756,-1.800735796,0.004255361,-0.002353578,-0.004012639,-0.001416624,-0.002353578,,novatel_oem7_msgs.msg.InertialSolutionStatus(status=3),
1786043631327719632,1786043631.325772013,/novatel/oem7/fix,/novatel/oem7/fix,/novatel/oem7/inspva,39.663,-75.756,-1.800735796,0.004255361,-0.002353578,-0.004012639,-0.001416624,-0.002353578,,0,
1786043631328854060,1786043631.326473226,/novatel/oem7/odom,/novatel/oem7/fix,/novatel/oem7/odom,39.663,-75.756,-1.800735796,0.004247079,-0.002368489,-0.001600202,-0.003934086,-0.002368489,,,
1786043631335867614,1786043631.335155396,/novatel/oem7/odom,/novatel/oem7/fix,/novatel/oem7/odom,39.663,-75.756,-1.800735796,0.004247079,-0.002368489,-0.001600202,-0.003934086,-0.002368489,,,
1786043631346503302,1786043631.345903673,/novatel/oem7/inspva,/novatel/oem7/inspva,/novatel/oem7/inspva,39.663,-75.756,-1.800710825,0.004590043,-0.002312262,-0.004572022,-0.000406338,-0.002312262,,novatel_oem7_msgs.msg.InertialSolutionStatus(status=3),
1786043631347969803,1786043631.346076974,/novatel/oem7/fix,/novatel/oem7/fix,/novatel/oem7/inspva,39.663,-75.756,-1.800710825,0.004590043,-0.002312262,-0.004572022,-0.000406338,-0.002312262,,0,
1786043631349408777,1786043631.346367692,/novatel/oem7/odom,/novatel/oem7/fix,/novatel/oem7/odom,39.663,-75.756,-1.800710825,0.004583586,-0.002325036,-0.000618261,-0.004541697,-0.002325036,,,
1786043631356759996,1786043631.356002295,/novatel/oem7/odom,/novatel/oem7/fix,/novatel/oem7/odom,39.663,-75.756,-1.800710825,0.004583586,-0.002325036,-0.000618261,-0.004541697,-0.002325036,,,
1786043631365965906,1786043631.365350083,/novatel/oem7/inspva,/novatel/oem7/inspva,/novatel/oem7/inspva,39.663,-75.756,-1.800685607,0.004889146,0.000118878,-0.004860562,0.000527901,0.000118878,,novatel_oem7_msgs.msg.InertialSolutionStatus(status=3),
1786043631367556074,1786043631.365523671,/novatel/oem7/fix,/novatel/oem7/fix,/novatel/oem7/inspva,39.663,-75.756,-1.800685607,0.004889146,0.000118878,-0.004860562,0.000527901,0.000118878,,0,
1786043631368757783,1786043631.366144961,/novatel/oem7/odom,/novatel/oem7/fix,/novatel/oem7/odom,39.663,-75.756,-1.800685607,0.004889384,0.000108637,0.000292140,-0.004880649,0.000108637,,,
1786043631375808509,1786043631.375059852,/novatel/oem7/odom,/novatel/oem7/fix,/novatel/oem7/odom,39.663,-75.756,-1.800685607,0.004889384,0.000108637,0.000292140,-0.004880649,0.000108637,,,
1786043631385878917,1786043631.385310458,/novatel/oem7/inspva,/novatel/oem7/inspva,/novatel/oem7/inspva,39.663,-75.756,-1.800685090,0.004253688,-0.000428963,-0.004238586,0.000358120,-0.000428963,,novatel_oem7_msgs.msg.InertialSolutionStatus(status=3),
1786043631387347748,1786043631.385492730,/novatel/oem7/fix,/novatel/oem7/fix,/novatel/oem7/inspva,39.663,-75.756,-1.800685090,0.004253688,-0.000428963,-0.004238586,0.000358120,-0.000428963,,0,
1786043631388559600,1786043631.385860854,/novatel/oem7/odom,/novatel/oem7/fix,/novatel/oem7/odom,39.663,-75.756,-1.800685090,0.004252735,-0.000438310,0.000154579,-0.004249924,-0.000438310,,,
1786043631395306640,1786043631.394573483,/novatel/oem7/odom,/novatel/oem7/fix,/novatel/oem7/odom,39.663,-75.756,-1.800685090,0.004252735,-0.000438310,0.000154579,-0.004249924,-0.000438310,,,
1786043631407169222,1786043631.406616970,/novatel/oem7/inspva,/novatel/oem7/inspva,/novatel/oem7/inspva,39.663,-75.756,-1.800693286,0.003778871,-0.002347254,-0.003734579,-0.000576876,-0.002347254,,novatel_oem7_msgs.msg.InertialSolutionStatus(status=3),
1786043631408716581,1786043631.406792662,/novatel/oem7/fix,/novatel/oem7/fix,/novatel/oem7/inspva,39.663,-75.756,-1.800693286,0.003778871,-0.002347254,-0.003734579,-0.000576876,-0.002347254,,0,
1786043631409861472,1786043631.407238957,/novatel/oem7/odom,/novatel/oem7/fix,/novatel/oem7/odom,39.663,-75.756,-1.800693286,0.003771849,-0.002358521,-0.000748082,-0.003696921,-0.002358521,,,
1786043631411524025,1786043631.410334573,/novatel/oem7/bestpos,/novatel/oem7/bestpos,/novatel/oem7/odom,39.663,-75.756,33.181883874,0.003771849,-0.002358521,-0.000748082,-0.003696921,-0.002358521,,novatel_oem7_msgs.msg.SolutionStatus(status=0),novatel_oem7_msgs.msg.PositionOrVelocityType(type=53)
1786043631412519628,1786043631.410736144,/novatel/oem7/bestvel,/novatel/oem7/bestpos,/novatel/oem7/bestvel,39.663,-75.756,33.181883874,0.004185784,-0.001985907,,,,192.061026583,novatel_oem7_msgs.msg.SolutionStatus(status=0),novatel_oem7_msgs.msg.PositionOrVelocityType(type=53)
1786043631416391082,1786043631.415700808,/novatel/oem7/odom,/novatel/oem7/bestpos,/novatel/oem7/odom,39.663,-75.756,33.181883874,0.003771849,-0.002358521,-0.000748082,-0.003696921,-0.002358521,,,
1786043631425893655,1786043631.425306680,/novatel/oem7/inspva,/novatel/oem7/inspva,/novatel/oem7/inspva,39.663,-75.756,-1.800667825,0.004120491,-0.001961848,-0.004091250,-0.000490018,-0.001961848,,novatel_oem7_msgs.msg.InertialSolutionStatus(status=3),
1786043631427349036,1786043631.425488041,/novatel/oem7/fix,/novatel/oem7/fix,/novatel/oem7/inspva,39.663,-75.756,-1.800667825,0.004120491,-0.001961848,-0.004091250,-0.000490018,-0.001961848,,0,
1786043631428489011,1786043631.425887319,/novatel/oem7/odom,/novatel/oem7/fix,/novatel/oem7/odom,39.663,-75.756,-1.800667825,0.004114820,-0.001973715,-0.000679884,-0.004058263,-0.001973715,,,
1786043631435398788,1786043631.434664811,/novatel/oem7/odom,/novatel/oem7/fix,/novatel/oem7/odom,39.663,-75.756,-1.800667825,0.004114820,-0.001973715,-0.000679884,-0.004058263,-0.001973715,,,
1786043631447172900,1786043631.446472187,/novatel/oem7/inspva,/novatel/oem7/inspva,/novatel/oem7/inspva,39.663,-75.756,-1.800640901,0.005419913,-0.000297547,-0.005145005,0.001704225,-0.000297547,,novatel_oem7_msgs.msg.InertialSolutionStatus(status=3),
1786043631449008608,1786043631.446648718,/novatel/oem7/fix,/novatel/oem7/fix,/novatel/oem7/inspva,39.663,-75.756,-1.800640901,0.005419913,-0.000297547,-0.005145005,0.001704225,-0.000297547,,0,
1786043631450152043,1786043631.447116907,/novatel/oem7/odom,/novatel/oem7/fix,/novatel/oem7/odom,39.663,-75.756,-1.800640901,0.005419532,-0.000304415,0.001454847,-0.005220608,-0.000304415,,,
1786043631457149051,1786043631.456393674,/novatel/oem7/odom,/novatel/oem7/fix,/novatel/oem7/odom,39.663,-75.756,-1.800640901,0.005419532,-0.000304415,0.001454847,-0.005220608,-0.000304415,,,
1786043631465589957,1786043631.465003448,/novatel/oem7/inspva,/novatel/oem7/inspva,/novatel/oem7/inspva,39.663,-75.756,-1.800624884,0.004778932,0.000170428,-0.004719440,0.000751716,0.000170428,,novatel_oem7_msgs.msg.InertialSolutionStatus(status=3),
1786043631467119765,1786043631.465160583,/novatel/oem7/fix,/novatel/oem7/fix,/novatel/oem7/inspva,39.663,-75.756,-1.800624884,0.004778932,0.000170428,-0.004719440,0.000751716,0.000170428,,0,
1786043631468280864,1786043631.465548707,/novatel/oem7/odom,/novatel/oem7/fix,/novatel/oem7/odom,39.663,-75.756,-1.800624884,0.004779251,0.000161236,0.000522317,-0.004750624,0.000161236,,,
1786043631475295422,1786043631.474585172,/novatel/oem7/odom,/novatel/oem7/fix,/novatel/oem7/odom,39.663,-75.756,-1.800624884,0.004779251,0.000161236,0.000522317,-0.004750624,0.000161236,,,
1786043631485879319,1786043631.485285876,/novatel/oem7/inspva,/novatel/oem7/inspva,/novatel/oem7/inspva,39.663,-75.756,-1.800631528,0.002941603,-0.001526964,-0.002831532,-0.000797152,-0.001526964,,novatel_oem7_msgs.msg.InertialSolutionStatus(status=3),
1786043631487307783,1786043631.485462405,/novatel/oem7/fix,/novatel/oem7/fix,/novatel/oem7/inspva,39.663,-75.756,-1.800631528,0.002941603,-0.001526964,-0.002831532,-0.000797152,-0.001526964,,0,
1786043631488469018,1786043631.485810611,/novatel/oem7/odom,/novatel/oem7/fix,/novatel/oem7/odom,39.663,-75.756,-1.800631528,0.002936472,-0.001536807,-0.000927434,-0.002786168,-0.001536807,,,
1786043631495664552,1786043631.494931174,/novatel/oem7/odom,/novatel/oem7/fix,/novatel/oem7/odom,39.663,-75.756,-1.800631528,0.002936472,-0.001536807,-0.000927434,-0.002786168,-0.001536807,,,
1786043631506693003,1786043631.506109827,/novatel/oem7/inspva,/novatel/oem7/inspva,/novatel/oem7/inspva,39.663,-75.756,-1.800611041,0.003439645,-0.002167508,-0.003392174,-0.000569480,-0.002167508,,novatel_oem7_msgs.msg.InertialSolutionStatus(status=3),
1786043631508096053,1786043631.506257235,/novatel/oem7/fix,/novatel/oem7/fix,/novatel/oem7/inspva,39.663,-75.756,-1.800611041,0.003439645,-0.002167508,-0.003392174,-0.000569480,-0.002167508,,0,
1786043631509238891,1786043631.506645632,/novatel/oem7/odom,/novatel/oem7/fix,/novatel/oem7/odom,39.663,-75.756,-1.800611041,0.003433099,-0.002177860,-0.000724728,-0.003355733,-0.002177860,,,
1786043631512832406,1786043631.512086849,/novatel/oem7/bestpos,/novatel/oem7/bestpos,/novatel/oem7/odom,39.663,-75.756,33.181961187,0.003433099,-0.002177860,-0.000724728,-0.003355733,-0.002177860,,novatel_oem7_msgs.msg.SolutionStatus(status=0),novatel_oem7_msgs.msg.PositionOrVelocityType(type=53)
1786043631514372315,1786043631.512464819,/novatel/oem7/bestvel,/novatel/oem7/bestpos,/novatel/oem7/bestvel,39.663,-75.756,33.181961187,0.004416411,-0.002206994,,,,172.026237824,novatel_oem7_msgs.msg.SolutionStatus(status=0),novatel_oem7_msgs.msg.PositionOrVelocityType(type=53)
1786043631516061197,1786043631.514542573,/novatel/oem7/odom,/novatel/oem7/bestpos,/novatel/oem7/odom,39.663,-75.756,33.181961187,0.003433099,-0.002177860,-0.000724728,-0.003355733,-0.002177860,,,
1786043631525816397,1786043631.525240851,/novatel/oem7/inspva,/novatel/oem7/inspva,/novatel/oem7/inspva,39.663,-75.756,-1.800582762,0.004823292,-0.000269881,-0.004776680,0.000668939,-0.000269881,,novatel_oem7_msgs.msg.InertialSolutionStatus(status=3),
1786043631527281747,1786043631.525402413,/novatel/oem7/fix,/novatel/oem7/fix,/novatel/oem7/inspva,39.663,-75.756,-1.800582762,0.004823292,-0.000269881,-0.004776680,0.000668939,-0.000269881,,0,
1786043631528574294,1786043631.526089499,/novatel/oem7/odom,/novatel/oem7/fix,/novatel/oem7/odom,39.663,-75.756,-1.800582762,0.004822755,-0.000279319,0.000438465,-0.004802782,-0.000279319,,,
1786043631536183351,1786043631.535448234,/novatel/oem7/odom,/novatel/oem7/fix,/novatel/oem7/odom,39.663,-75.756,-1.800582762,0.004822755,-0.000279319,0.000438465,-0.004802782,-0.000279319,,,
1786043631545672721,1786043631.545094818,/novatel/oem7/inspva,/novatel/oem7/inspva,/novatel/oem7/inspva,39.663,-75.756,-1.800570588,0.005585403,-0.000468450,-0.005249140,0.001908732,-0.000468450,,novatel_oem7_msgs.msg.InertialSolutionStatus(status=3),
1786043631547176629,1786043631.545244287,/novatel/oem7/fix,/novatel/oem7/fix,/novatel/oem7/inspva,39.663,-75.756,-1.800570588,0.005585403,-0.000468450,-0.005249140,0.001908732,-0.000468450,,0,
1786043631548703681,1786043631.545584952,/novatel/oem7/odom,/novatel/oem7/fix,/novatel/oem7/odom,39.663,-75.756,-1.800570588,0.005584860,-0.000474879,0.001654728,-0.005334092,-0.000474879,,,
1786043631556380292,1786043631.555664199,/novatel/oem7/odom,/novatel/oem7/fix,/novatel/oem7/odom,39.663,-75.756,-1.800570588,0.005584860,-0.000474879,0.001654728,-0.005334092,-0.000474879,,,
1786043631567071610,1786043631.566536328,/novatel/oem7/inspva,/novatel/oem7/inspva,/novatel/oem7/inspva,39.663,-75.756,-1.800564558,0.002770411,-0.000393887,-0.002711024,-0.000570548,-0.000393887,,novatel_oem7_msgs.msg.InertialSolutionStatus(status=3),
1786043631568640962,1786043631.566693797,/novatel/oem7/fix,/novatel/oem7/fix,/novatel/oem7/inspva,39.663,-75.756,-1.800564558,0.002770411,-0.000393887,-0.002711024,-0.000570548,-0.000393887,,0,
1786043631569826550,1786043631.567066843,/novatel/oem7/odom,/novatel/oem7/fix,/novatel/oem7/odom,39.663,-75.756,-1.800564558,0.002769146,-0.000402685,-0.000699310,-0.002679391,-0.000402685,,,
1786043631575665057,1786043631.574918800,/novatel/oem7/odom,/novatel/oem7/fix,/novatel/oem7/odom,39.663,-75.756,-1.800564558,0.002769146,-0.000402685,-0.000699310,-0.002679391,-0.000402685,,,
1786043631586234744,1786043631.585302323,/novatel/oem7/inspva,/novatel/oem7/inspva,/novatel/oem7/inspva,39.663,-75.756,-1.800556203,0.003290581,-0.001444457,-0.003155107,-0.000934462,-0.001444457,,novatel_oem7_msgs.msg.InertialSolutionStatus(status=3),
1786043631587738336,1786043631.586521595,/novatel/oem7/fix,/novatel/oem7/fix,/novatel/oem7/inspva,39.663,-75.756,-1.800556203,0.003290581,-0.001444457,-0.003155107,-0.000934462,-0.001444457,,0,
1786043631589417809,1786043631.587592512,/novatel/oem7/odom,/novatel/oem7/fix,/novatel/oem7/odom,39.663,-75.756,-1.800556203,0.003285684,-0.001455561,-0.001080470,-0.003102951,-0.001455561,,,
1786043631595603009,1786043631.594899222,/novatel/oem7/odom,/novatel/oem7/fix,/novatel/oem7/odom,39.663,-75.756,-1.800556203,0.003285684,-0.001455561,-0.001080470,-0.003102951,-0.001455561,,,
1786043631606946247,1786043631.606404685,/novatel/oem7/inspva,/novatel/oem7/inspva,/novatel/oem7/inspva,39.663,-75.756,-1.800545242,0.004716432,-0.001450533,-0.004637781,0.000857743,-0.001450533,,novatel_oem7_msgs.msg.InertialSolutionStatus(status=3),
1786043631608401671,1786043631.606572595,/novatel/oem7/fix,/novatel/oem7/fix,/novatel/oem7/inspva,39.663,-75.756,-1.800545242,0.004716432,-0.001450533,-0.004637781,0.000857743,-0.001450533,,0,
1786043631609551382,1786043631.607009353,/novatel/oem7/odom,/novatel/oem7/fix,/novatel/oem7/odom,39.663,-75.756,-1.800545242,0.004713808,-0.001459039,0.000638032,-0.004670428,-0.001459039,,,
1786043631611280023,1786043631.610326573,/novatel/oem7/bestpos,/novatel/oem7/bestpos,/novatel/oem7/odom,39.663,-75.756,33.182036798,0.004713808,-0.001459039,0.000638032,-0.004670428,-0.001459039,,novatel_oem7_msgs.msg.SolutionStatus(status=0),novatel_oem7_msgs.msg.PositionOrVelocityType(type=53)
1786043631612816434,1786043631.610714264,/novatel/oem7/bestvel,/novatel/oem7/bestpos,/novatel/oem7/bestvel,39.663,-75.756,33.182036798,0.004929483,-0.000839588,,,,180.004710421,novatel_oem7_msgs.msg.SolutionStatus(status=0),novatel_oem7_msgs.msg.PositionOrVelocityType(type=53)
1786043631615599491,1786043631.614921408,/novatel/oem7/odom,/novatel/oem7/bestpos,/novatel/oem7/odom,39.663,-75.756,33.182036798,0.004713808,-0.001459039,0.000638032,-0.004670428,-0.001459039,,,
1786043631626712844,1786043631.626051853,/novatel/oem7/inspva,/novatel/oem7/inspva,/novatel/oem7/inspva,39.663,-75.756,-1.800522833,0.004856559,-0.000779257,-0.004836647,0.000439329,-0.000779257,,novatel_oem7_msgs.msg.InertialSolutionStatus(status=3),
1786043631628118491,1786043631.626210435,/novatel/oem7/fix,/novatel/oem7/fix,/novatel/oem7/inspva,39.663,-75.756,-1.800522833,0.004856559,-0.000779257,-0.004836647,0.000439329,-0.000779257,,0,
1786043631629175234,1786043631.626603193,/novatel/oem7/odom,/novatel/oem7/fix,/novatel/oem7/odom,39.663,-75.756,-1.800522833,0.004854865,-0.000789743,0.000208135,-0.004850401,-0.000789743,,,
1786043631635089479,1786043631.634388099,/novatel/oem7/odom,/novatel/oem7/fix,/novatel/oem7/odom,39.663,-75.756,-1.800522833,0.004854865,-0.000789743,0.000208135,-0.004850401,-0.000789743,,,
1786043631645844257,1786043631.645180281,/novatel/oem7/inspva,/novatel/oem7/inspva,/novatel/oem7/inspva,39.663,-75.756,-1.800521768,0.003960149,-0.000669736,-0.003911197,0.000620741,-0.000669736,,novatel_oem7_msgs.msg.InertialSolutionStatus(status=3),
1786043631647162914,1786043631.645323699,/novatel/oem7/fix,/novatel/oem7/fix,/novatel/oem7/inspva,39.663,-75.756,-1.800521768,0.003960149,-0.000669736,-0.003911197,0.000620741,-0.000669736,,0,
1786043631648268871,1786043631.645678776,/novatel/oem7/odom,/novatel/oem7/fix,/novatel/oem7/odom,39.663,-75.756,-1.800521768,0.003958864,-0.000677294,0.000433631,-0.003935043,-0.000677294,,,
1786043631657231836,1786043631.656489241,/novatel/oem7/odom,/novatel/oem7/fix,/novatel/oem7/odom,39.663,-75.756,-1.800521768,0.003958864,-0.000677294,0.000433631,-0.003935043,-0.000677294,,,
1786043631665677141,1786043631.664993055,/novatel/oem7/inspva,/novatel/oem7/inspva,/novatel/oem7/inspva,39.663,-75.756,-1.800509714,0.003523892,0.000005355,-0.003515841,-0.000238067,0.000005355,,novatel_oem7_msgs.msg.InertialSolutionStatus(status=3),
1786043631667065949,1786043631.665152666,/novatel/oem7/fix,/novatel/oem7/fix,/novatel/oem7/inspva,39.663,-75.756,-1.800509714,0.003523892,0.000005355,-0.003515841,-0.000238067,0.000005355,,0,
1786043631668150869,1786043631.665600834,/novatel/oem7/odom,/novatel/oem7/fix,/novatel/oem7/odom,39.663,-75.756,-1.800509714,0.003523893,-0.000004236,-0.000407557,-0.003500246,-0.000004236,,,
1786043631675185654,1786043631.674451714,/novatel/oem7/odom,/novatel/oem7/fix,/novatel/oem7/odom,39.663,-75.756,-1.800509714,0.003523893,-0.000004236,-0.000407557,-0.003500246,-0.000004236,,,
1786043631687736721,1786043631.687016944,/novatel/oem7/inspva,/novatel/oem7/inspva,/novatel/oem7/inspva,39.663,-75.756,-1.800522756,0.004125401,-0.002830496,-0.004125002,0.000057394,-0.002830496,,novatel_oem7_msgs.msg.InertialSolutionStatus(status=3),
1786043631689052700,1786043631.687163511,/novatel/oem7/fix,/novatel/oem7/fix,/novatel/oem7/inspva,39.663,-75.756,-1.800522756,0.004125401,-0.002830496,-0.004125002,0.000057394,-0.002830496,,0,
1786043631690126960,1786043631.687472643,/novatel/oem7/odom,/novatel/oem7/fix,/novatel/oem7/odom,39.663,-75.756,-1.800522756,0.004118508,-0.002840516,-0.000131650,-0.004116403,-0.002840516,,,
1786043631695627088,1786043631.694900717,/novatel/oem7/odom,/novatel/oem7/fix,/novatel/oem7/odom,39.663,-75.756,-1.800522756,0.004118508,-0.002840516,-0.000131650,-0.004116403,-0.002840516,,,
1786043631706360896,1786043631.705832948,/novatel/oem7/inspva,/novatel/oem7/inspva,/novatel/oem7/inspva,39.663,-75.756,-1.800492607,0.004388343,-0.001343304,-0.004379823,-0.000273331,-0.001343304,,novatel_oem7_msgs.msg.InertialSolutionStatus(status=3),
1786043631707779380,1786043631.705973449,/novatel/oem7/fix,/novatel/oem7/fix,/novatel/oem7/inspva,39.663,-75.756,-1.800492607,0.004388343,-0.001343304,-0.004379823,-0.000273331,-0.001343304,,0,
1786043631708823930,1786043631.706411777,/novatel/oem7/odom,/novatel/oem7/fix,/novatel/oem7/odom,39.663,-75.756,-1.800492607,0.004384709,-0.001355120,-0.000479541,-0.004358407,-0.001355120,,,
1786043631710573560,1786043631.709282858,/novatel/oem7/bestpos,/novatel/oem7/bestpos,/novatel/oem7/odom,39.663,-75.756,33.182088864,0.004384709,-0.001355120,-0.000479541,-0.004358407,-0.001355120,,novatel_oem7_msgs.msg.SolutionStatus(status=0),novatel_oem7_msgs.msg.PositionOrVelocityType(type=53)
1786043631711510620,1786043631.709614845,/novatel/oem7/bestvel,/novatel/oem7/bestpos,/novatel/oem7/bestvel,39.663,-75.756,33.182088864,0.005337105,-0.000526708,,,,189.271059128,novatel_oem7_msgs.msg.SolutionStatus(status=0),novatel_oem7_msgs.msg.PositionOrVelocityType(type=53)
1786043631716206222,1786043631.715460772,/novatel/oem7/odom,/novatel/oem7/bestpos,/novatel/oem7/odom,39.663,-75.756,33.182088864,0.004384709,-0.001355120,-0.000479541,-0.004358407,-0.001355120,,,
1786043631726132516,1786043631.725451640,/novatel/oem7/inspva,/novatel/oem7/inspva,/novatel/oem7/inspva,39.663,-75.756,-1.800473802,0.004590677,0.000450929,-0.004469501,0.001047796,0.000450929,,novatel_oem7_msgs.msg.InertialSolutionStatus(status=3),
1786043631727595591,1786043631.725602194,/novatel/oem7/fix,/novatel/oem7/fix,/novatel/oem7/inspva,39.663,-75.756,-1.800473802,0.004590677,0.000450929,-0.004469501,0.001047796,0.000450929,,0,
1786043631728684138,1786043631.726160787,/novatel/oem7/odom,/novatel/oem7/fix,/novatel/oem7/odom,39.663,-75.756,-1.800473802,0.004591408,0.000443427,0.000829240,-0.004515904,0.000443427,,,
1786043631735986866,1786043631.735215375,/novatel/oem7/odom,/novatel/oem7/fix,/novatel/oem7/odom,39.663,-75.756,-1.800473802,0.004591408,0.000443427,0.000829240,-0.004515904,0.000443427,,,
1786043631746785359,1786043631.746171726,/novatel/oem7/inspva,/novatel/oem7/inspva,/novatel/oem7/inspva,39.663,-75.756,-1.800460704,0.004704732,0.000558171,-0.004467024,0.001476551,0.000558171,,novatel_oem7_msgs.msg.InertialSolutionStatus(status=3),
1786043631748296553,1786043631.746362544,/novatel/oem7/fix,/novatel/oem7/fix,/novatel/oem7/inspva,39.663,-75.756,-1.800460704,0.004704732,0.000558171,-0.004467024,0.001476551,0.000558171,,0,
1786043631764722664,1786043631.746826602,/novatel/oem7/odom,/novatel/oem7/fix,/novatel/oem7/odom,39.663,-75.756,-1.800460704,0.004705455,0.000552044,0.001257207,-0.004534395,0.000552044,,,
1786043631766329110,1786043631.765417587,/novatel/oem7/inspva,/novatel/oem7/inspva,/novatel/oem7/inspva,39.663,-75.756,-1.800466185,0.003400614,-0.001636914,-0.003396570,0.000165793,-0.001636914,,novatel_oem7_msgs.msg.InertialSolutionStatus(status=3),
1786043631774857536,1786043631.765613836,/novatel/oem7/fix,/novatel/oem7/fix,/novatel/oem7/inspva,39.663,-75.756,-1.800466185,0.003400614,-0.001636914,-0.003396570,0.000165793,-0.001636914,,0,
1786043631776043268,1786043631.755822227,/novatel/oem7/odom,/novatel/oem7/fix,/novatel/oem7/odom,39.663,-75.756,-1.800466185,0.004705455,0.000552044,0.001257207,-0.004534395,0.000552044,,,
1786043631777795388,1786043631.766270359,/novatel/oem7/odom,/novatel/oem7/fix,/novatel/oem7/odom,39.663,-75.756,-1.800466185,0.003396810,-0.001644793,0.000007639,-0.003396802,-0.001644793,,,
1786043631779484095,1786043631.775557116,/novatel/oem7/odom,/novatel/oem7/fix,/novatel/oem7/odom,39.663,-75.756,-1.800466185,0.003396810,-0.001644793,0.000007639,-0.003396802,-0.001644793,,,
1786043631785980308,1786043631.785439150,/novatel/oem7/inspva,/novatel/oem7/inspva,/novatel/oem7/inspva,39.663,-75.756,-1.800448772,0.004129544,-0.002166352,-0.004126140,-0.000167629,-0.002166352,,novatel_oem7_msgs.msg.InertialSolutionStatus(status=3),
1786043631787410692,1786043631.785615718,/novatel/oem7/fix,/novatel/oem7/fix,/novatel/oem7/inspva,39.663,-75.756,-1.800448772,0.004129544,-0.002166352,-0.004126140,-0.000167629,-0.002166352,,0,
1786043631788623824,1786043631.786045616,/novatel/oem7/odom,/novatel/oem7/fix,/novatel/oem7/odom,39.663,-75.756,-1.800448772,0.004123833,-0.002177203,-0.000358684,-0.004108205,-0.002177203,,,
1786043631795182412,1786043631.794457021,/novatel/oem7/odom,/novatel/oem7/fix,/novatel/oem7/odom,39.663,-75.756,-1.800448772,0.004123833,-0.002177203,-0.000358684,-0.004108205,-0.002177203,,,
1786043631807227383,1786043631.806679291,/novatel/oem7/inspva,/novatel/oem7/inspva,/novatel/oem7/inspva,39.663,-75.756,-1.800425392,0.005869740,0.000262787,-0.005561949,0.001875784,0.000262787,,novatel_oem7_msgs.msg.InertialSolutionStatus(status=3),
1786043631808687034,1786043631.806846649,/novatel/oem7/fix,/novatel/oem7/fix,/novatel/oem7/inspva,39.663,-75.756,-1.800425392,0.005869740,0.000262787,-0.005561949,0.001875784,0.000262787,,0,
1786043631809843242,1786043631.807360364,/novatel/oem7/odom,/novatel/oem7/fix,/novatel/oem7/odom,39.663,-75.756,-1.800425392,0.005870068,0.000255364,0.001604258,-0.005646596,0.000255364,,,
1786043631811506128,1786043631.810142192,/novatel/oem7/bestpos,/novatel/oem7/bestpos,/novatel/oem7/odom,39.663,-75.756,33.182142924,0.005870068,0.000255364,0.001604258,-0.005646596,0.000255364,,novatel_oem7_msgs.msg.SolutionStatus(status=0),novatel_oem7_msgs.msg.PositionOrVelocityType(type=53)
1786043631812519788,1786043631.810539035,/novatel/oem7/bestvel,/novatel/oem7/bestpos,/novatel/oem7/bestvel,39.663,-75.756,33.182142924,0.005234310,0.000307893,,,,166.195956637,novatel_oem7_msgs.msg.SolutionStatus(status=0),novatel_oem7_msgs.msg.PositionOrVelocityType(type=53)
1786043631816325075,1786043631.815568855,/novatel/oem7/odom,/novatel/oem7/bestpos,/novatel/oem7/odom,39.663,-75.756,33.182142924,0.005870068,0.000255364,0.001604258,-0.005646596,0.000255364,,,
1786043631825879109,1786043631.825138288,/novatel/oem7/inspva,/novatel/oem7/inspva,/novatel/oem7/inspva,39.663,-75.756,-1.800412389,0.005439975,0.000795086,-0.005288087,0.001276507,0.000795086,,novatel_oem7_msgs.msg.InertialSolutionStatus(status=3),
1786043631827287266,1786043631.825313457,/novatel/oem7/fix,/novatel/oem7/fix,/novatel/oem7/inspva,39.663,-75.756,-1.800412389,0.005439975,0.000795086,-0.005288087,0.001276507,0.000795086,,0,
1786043631828388753,1786043631.825698834,/novatel/oem7/odom,/novatel/oem7/fix,/novatel/oem7/odom,39.663,-75.756,-1.800412389,0.005441263,0.000786223,0.001016895,-0.005345397,0.000786223,,,
1786043631836550417,1786043631.835760985,/novatel/oem7/odom,/novatel/oem7/fix,/novatel/oem7/odom,39.663,-75.756,-1.800412389,0.005441263,0.000786223,0.001016895,-0.005345397,0.000786223,,,
1786043631846165384,1786043631.845472067,/novatel/oem7/inspva,/novatel/oem7/inspva,/novatel/oem7/inspva,39.663,-75.756,-1.800429286,0.003249571,-0.001949444,-0.003228921,-0.000365765,-0.001949444,,novatel_oem7_msgs.msg.InertialSolutionStatus(status=3),
1786043631847849167,1786043631.845624385,/novatel/oem7/fix,/novatel/oem7/fix,/novatel/oem7/inspva,39.663,-75.756,-1.800429286,0.003249571,-0.001949444,-0.003228921,-0.000365765,-0.001949444,,0,
1786043631849185333,1786043631.846261285,/novatel/oem7/odom,/novatel/oem7/fix,/novatel/oem7/odom,39.663,-75.756,-1.800429286,0.003243935,-0.001958809,-0.000514031,-0.003202949,-0.001958809,,,
1786043631857332686,1786043631.856553056,/novatel/oem7/odom,/novatel/oem7/fix,/novatel/oem7/odom,39.663,-75.756,-1.800429286,0.003243935,-0.001958809,-0.000514031,-0.003202949,-0.001958809,,,
1786043631867023525,1786043631.866262567,/novatel/oem7/inspva,/novatel/oem7/inspva,/novatel/oem7/inspva,39.663,-75.756,-1.800419371,0.003410412,-0.001800677,-0.003399731,-0.000269707,-0.001800677,,novatel_oem7_msgs.msg.InertialSolutionStatus(status=3),
1786043631868456629,1786043631.866446215,/novatel/oem7/fix,/novatel/oem7/fix,/novatel/oem7/inspva,39.663,-75.756,-1.800419371,0.003410412,-0.001800677,-0.003399731,-0.000269707,-0.001800677,,0,
1786043631869531589,1786043631.866882524,/novatel/oem7/odom,/novatel/oem7/fix,/novatel/oem7/odom,39.663,-75.756,-1.800419371,0.003405386,-0.001810165,-0.000426873,-0.003378525,-0.001810165,,,
1786043631875301276,1786043631.874553725,/novatel/oem7/odom,/novatel/oem7/fix,/novatel/oem7/odom,39.663,-75.756,-1.800419371,0.003405386,-0.001810165,-0.000426873,-0.003378525,-0.001810165,,,
1786043631885855389,1786043631.885308374,/novatel/oem7/inspva,/novatel/oem7/inspva,/novatel/oem7/inspva,39.663,-75.756,-1.800408662,0.006421395,-0.000716117,-0.006244225,0.001497987,-0.000716117,,novatel_oem7_msgs.msg.InertialSolutionStatus(status=3),
1786043631887185302,1786043631.885503662,/novatel/oem7/fix,/novatel/oem7/fix,/novatel/oem7/inspva,39.663,-75.756,-1.800408662,0.006421395,-0.000716117,-0.006244225,0.001497987,-0.000716117,,0,
1786043631888246359,1786043631.886202486,/novatel/oem7/odom,/novatel/oem7/fix,/novatel/oem7/odom,39.663,-75.756,-1.800408662,0.006420208,-0.000726679,0.001197534,-0.006307534,-0.000726679,,,
1786043631896193883,1786043631.895521767,/novatel/oem7/odom,/novatel/oem7/fix,/novatel/oem7/odom,39.663,-75.756,-1.800408662,0.006420208,-0.000726679,0.001197534,-0.006307534,-0.000726679,,,
1786043631906336666,1786043631.905815968,/novatel/oem7/inspva,/novatel/oem7/inspva,/novatel/oem7/inspva,39.663,-75.756,-1.800393251,0.005680854,0.000381498,-0.005580251,0.001064381,0.000381498,,novatel_oem7_msgs.msg.InertialSolutionStatus(status=3),
1786043631907732263,1786043631.905963296,/novatel/oem7/fix,/novatel/oem7/fix,/novatel/oem7/inspva,39.663,-75.756,-1.800393251,0.005680854,0.000381498,-0.005580251,0.001064381,0.000381498,,0,
1786043631908790700,1786043631.906563152,/novatel/oem7/odom,/novatel/oem7/fix,/novatel/oem7/odom,39.663,-75.756,-1.800393251,0.005681540,0.000371155,0.000792513,-0.005625995,0.000371155,,,
1786043631910453753,1786043631.909538174,/novatel/oem7/bestpos,/novatel/oem7/bestpos,/novatel/oem7/odom,39.663,-75.756,33.182163657,0.005681540,0.000371155,0.000792513,-0.005625995,0.000371155,,novatel_oem7_msgs.msg.SolutionStatus(status=0),novatel_oem7_msgs.msg.PositionOrVelocityType(type=53)
1786043631911903970,1786043631.910139527,/novatel/oem7/bestvel,/novatel/oem7/bestpos,/novatel/oem7/bestvel,39.663,-75.756,33.182163657,0.005678867,0.000411261,,,,169.706997217,novatel_oem7_msgs.msg.SolutionStatus(status=0),novatel_oem7_msgs.msg.PositionOrVelocityType(type=53)
1786043631915241370,1786043631.914501750,/novatel/oem7/odom,/novatel/oem7/bestpos,/novatel/oem7/odom,39.663,-75.756,33.182163657,0.005681540,0.000371155,0.000792513,-0.005625995,0.000371155,,,
1786043631927358371,1786043631.926633324,/novatel/oem7/inspva,/novatel/oem7/inspva,/novatel/oem7/inspva,39.663,-75.756,-1.800399463,0.003688571,-0.000719156,-0.003673410,-0.000334088,-0.000719156,,novatel_oem7_msgs.msg.InertialSolutionStatus(status=3),
1786043631928748492,1786043631.926804360,/novatel/oem7/fix,/novatel/oem7/fix,/novatel/oem7/inspva,39.663,-75.756,-1.800399463,0.003688571,-0.000719156,-0.003673410,-0.000334088,-0.000719156,,0,
1786043631929848580,1786043631.927168370,/novatel/oem7/odom,/novatel/oem7/fix,/novatel/oem7/odom,39.663,-75.756,-1.800399463,0.003686538,-0.000729507,-0.000508290,-0.003651329,-0.000729507,,,
1786043631935771278,1786043631.934991476,/novatel/oem7/odom,/novatel/oem7/fix,/novatel/oem7/odom,39.663,-75.756,-1.800399463,0.003686538,-0.000729507,-0.000508290,-0.003651329,-0.000729507,,,
1786043631945623127,1786043631.944951344,/novatel/oem7/inspva,/novatel/oem7/inspva,/novatel/oem7/inspva,39.663,-75.756,-1.800395818,0.003272968,-0.001511165,-0.003271758,-0.000089009,-0.001511165,,novatel_oem7_msgs.msg.InertialSolutionStatus(status=3),
1786043631946975123,1786043631.945109852,/novatel/oem7/fix,/novatel/oem7/fix,/novatel/oem7/inspva,39.663,-75.756,-1.800395818,0.003272968,-0.001511165,-0.003271758,-0.000089009,-0.001511165,,0,
1786043631948107688,1786043631.945542109,/novatel/oem7/odom,/novatel/oem7/fix,/novatel/oem7/odom,39.663,-75.756,-1.800395818,0.003269032,-0.001519662,-0.000241246,-0.003260118,-0.001519662,,,
1786043631956656158,1786043631.955879527,/novatel/oem7/odom,/novatel/oem7/fix,/novatel/oem7/odom,39.663,-75.756,-1.800395818,0.003269032,-0.001519662,-0.000241246,-0.003260118,-0.001519662,,,
1786043631965945376,1786043631.965270706,/novatel/oem7/inspva,/novatel/oem7/inspva,/novatel/oem7/inspva,39.663,-75.756,-1.800394306,0.005614844,-0.001325181,-0.005503802,0.001111139,-0.001325181,,novatel_oem7_msgs.msg.InertialSolutionStatus(status=3),
1786043631967394367,1786043631.965467121,/novatel/oem7/fix,/novatel/oem7/fix,/novatel/oem7/inspva,39.663,-75.756,-1.800394306,0.005614844,-0.001325181,-0.005503802,0.001111139,-0.001325181,,0,
1786043631968457174,1786043631.966086244,/novatel/oem7/odom,/novatel/oem7/fix,/novatel/oem7/odom,39.663,-75.756,-1.800394306,0.005612472,-0.001335190,0.000849188,-0.005547858,-0.001335190,,,
1786043631975614541,1786043631.974864000,/novatel/oem7/odom,/novatel/oem7/fix,/novatel/oem7/odom,39.663,-75.756,-1.800394306,0.005612472,-0.001335190,0.000849188,-0.005547858,-0.001335190,,,
1786043631986888954,1786043631.986133104,/novatel/oem7/inspva,/novatel/oem7/inspva,/novatel/oem7/inspva,39.663,-75.756,-1.800374170,0.005259739,-0.000509393,-0.005123915,0.001187581,-0.000509393,,novatel_oem7_msgs.msg.InertialSolutionStatus(status=3),
1786043631988288618,1786043631.986455807,/novatel/oem7/fix,/novatel/oem7/fix,/novatel/oem7/inspva,39.663,-75.756,-1.800374170,0.005259739,-0.000509393,-0.005123915,0.001187581,-0.000509393,,0,
1786043631989322565,1786043631.986792513,/novatel/oem7/odom,/novatel/oem7/fix,/novatel/oem7/odom,39.663,-75.756,-1.800374170,0.005258886,-0.000518127,0.000940876,-0.005174034,-0.000518127,,,
1786043631995554635,1786043631.994765448,/novatel/oem7/odom,/novatel/oem7/fix,/novatel/oem7/odom,39.663,-75.756,-1.800374170,0.005258886,-0.000518127,0.000940876,-0.005174034,-0.000518127,,,
1786043632009181289,1786043632.008387073,/novatel/oem7/inspva,/novatel/oem7/inspva,/novatel/oem7/inspva,39.663,-75.756,-1.800363384,0.003821161,0.000574278,-0.003816999,0.000178300,0.000574278,,novatel_oem7_msgs.msg.InertialSolutionStatus(status=3),
1786043632010645846,1786043632.008715220,/novatel/oem7/fix,/novatel/oem7/fix,/novatel/oem7/inspva,39.663,-75.756,-1.800363384,0.003821161,0.000574278,-0.003816999,0.000178300,0.000574278,,0,
1786043632011800645,1786043632.009789642,/novatel/oem7/odom,/novatel/oem7/fix,/novatel/oem7/odom,39.663,-75.756,-1.800363384,0.003822502,0.000565285,-0.000008162,-0.003822493,0.000565285,,,
1786043632017603444,1786043632.016793417,/novatel/oem7/odom,/novatel/oem7/fix,/novatel/oem7/odom,39.663,-75.756,-1.800363384,0.003822502,0.000565285,-0.000008162,-0.003822493,0.000565285,,,
1786043632027383244,1786043632.026646497,/novatel/oem7/bestpos,/novatel/oem7/bestpos,/novatel/oem7/odom,39.663,-75.756,33.182189836,0.003822502,0.000565285,-0.000008162,-0.003822493,0.000565285,,novatel_oem7_msgs.msg.SolutionStatus(status=0),novatel_oem7_msgs.msg.PositionOrVelocityType(type=53)
1786043632029110474,1786043632.027353942,/novatel/oem7/bestvel,/novatel/oem7/bestpos,/novatel/oem7/bestvel,39.663,-75.756,33.182189836,0.003594978,0.000043575,,,,166.398068128,novatel_oem7_msgs.msg.SolutionStatus(status=0),novatel_oem7_msgs.msg.PositionOrVelocityType(type=53)
1786043632030078346,1786043632.027883713,/novatel/oem7/inspva,/novatel/oem7/inspva,/novatel/oem7/inspva,39.663,-75.756,-1.800364078,0.003529971,-0.000692246,-0.003493625,0.000505258,-0.000692246,,novatel_oem7_msgs.msg.InertialSolutionStatus(status=3),
1786043632030898351,1786043632.028054987,/novatel/oem7/fix,/novatel/oem7/fix,/novatel/oem7/inspva,39.663,-75.756,-1.800364078,0.003529971,-0.000692246,-0.003493625,0.000505258,-0.000692246,,0,
1786043632031909568,1786043632.028390957,/novatel/oem7/odom,/novatel/oem7/fix,/novatel/oem7/odom,39.663,-75.756,-1.800364078,0.003528588,-0.000699263,0.000338658,-0.003512299,-0.000699263,,,
1786043632035749402,1786043632.034972608,/novatel/oem7/odom,/novatel/oem7/fix,/novatel/oem7/odom,39.663,-75.756,-1.800364078,0.003528588,-0.000699263,0.000338658,-0.003512299,-0.000699263,,,
1786043632047495191,1786043632.046788327,/novatel/oem7/inspva,/novatel/oem7/inspva,/novatel/oem7/inspva,39.663,-75.756,-1.800376227,0.004944374,-0.001879746,-0.004849934,0.000961756,-0.001879746,,novatel_oem7_msgs.msg.InertialSolutionStatus(status=3),
1786043632048905901,1786043632.046974406,/novatel/oem7/fix,/novatel/oem7/fix,/novatel/oem7/inspva,39.663,-75.756,-1.800376227,0.004944374,-0.001879746,-0.004849934,0.000961756,-0.001879746,,0,
1786043632049944128,1786043632.047393193,/novatel/oem7/odom,/novatel/oem7/fix,/novatel/oem7/odom,39.663,-75.756,-1.800376227,0.004940995,-0.001888612,0.000733547,-0.004886239,-0.001888612,,,
1786043632057232096,1786043632.056470305,/novatel/oem7/odom,/novatel/oem7/fix,/novatel/oem7/odom,39.663,-75.756,-1.800376227,0.004940995,-0.001888612,0.000733547,-0.004886239,-0.001888612,,,
1786043632065836663,1786043632.065134480,/novatel/oem7/inspva,/novatel/oem7/inspva,/novatel/oem7/inspva,39.663,-75.756,-1.800375480,0.005255840,-0.001709058,-0.004956020,0.001749776,-0.001709058,,novatel_oem7_msgs.msg.InertialSolutionStatus(status=3),
1786043632067178083,1786043632.065282905,/novatel/oem7/fix,/novatel/oem7/fix,/novatel/oem7/inspva,39.663,-75.756,-1.800375480,0.005255840,-0.001709058,-0.004956020,0.001749776,-0.001709058,,0,
1786043632068219940,1786043632.065660892,/novatel/oem7/odom,/novatel/oem7/fix,/novatel/oem7/odom,39.663,-75.756,-1.800375480,0.005253758,-0.001715447,0.001514848,-0.005030627,-0.001715447,,,
1786043632076487857,1786043632.075702820,/novatel/oem7/odom,/novatel/oem7/fix,/novatel/oem7/odom,39.663,-75.756,-1.800375480,0.005253758,-0.001715447,0.001514848,-0.005030627,-0.001715447,,,
1786043632086193499,1786043632.085512009,/novatel/oem7/inspva,/novatel/oem7/inspva,/novatel/oem7/inspva,39.663,-75.756,-1.800357850,0.004554993,0.001410264,-0.004492928,0.000749374,0.001410264,,novatel_oem7_msgs.msg.InertialSolutionStatus(status=3),
1786043632087639807,1786043632.085677204,/novatel/oem7/fix,/novatel/oem7/fix,/novatel/oem7/inspva,39.663,-75.756,-1.800357850,0.004554993,0.001410264,-0.004492928,0.000749374,0.001410264,,0,
1786043632088694100,1786043632.086358561,/novatel/oem7/odom,/novatel/oem7/fix,/novatel/oem7/odom,39.663,-75.756,-1.800357850,0.004557693,0.001401513,0.000526563,-0.004527174,0.001401513,,,
1786043632096182153,1786043632.095399629,/novatel/oem7/odom,/novatel/oem7/fix,/novatel/oem7/odom,39.663,-75.756,-1.800357850,0.004557693,0.001401513,0.000526563,-0.004527174,0.001401513,,,
1786043632106634869,1786043632.105885702,/novatel/oem7/inspva,/novatel/oem7/inspva,/novatel/oem7/inspva,39.663,-75.756,-1.800372914,0.003978592,0.000606871,-0.003747188,0.001337077,0.000606871,,novatel_oem7_msgs.msg.InertialSolutionStatus(status=3),
1786043632108034299,1786043632.106037077,/novatel/oem7/fix,/novatel/oem7/fix,/novatel/oem7/inspva,39.663,-75.756,-1.800372914,0.003978592,0.000606871,-0.003747188,0.001337077,0.000606871,,0,
1786043632109077186,1786043632.106416083,/novatel/oem7/odom,/novatel/oem7/fix,/novatel/oem7/odom,39.663,-75.756,-1.800372914,0.003979318,0.000602091,0.001152565,-0.003808749,0.000602091,,,
1786043632110698109,1786043632.109466420,/novatel/oem7/bestpos,/novatel/oem7/bestpos,/novatel/oem7/odom,39.663,-75.756,33.182117444,0.003979318,0.000602091,0.001152565,-0.003808749,0.000602091,,novatel_oem7_msgs.msg.SolutionStatus(status=0),novatel_oem7_msgs.msg.PositionOrVelocityType(type=53)
1786043632112097126,1786043632.110113693,/novatel/oem7/bestvel,/novatel/oem7/bestpos,/novatel/oem7/bestvel,39.663,-75.756,33.182117444,0.003836938,0.000110179,,,,150.993256121,novatel_oem7_msgs.msg.SolutionStatus(status=0),novatel_oem7_msgs.msg.PositionOrVelocityType(type=53)
1786043632115512586,1786043632.114740365,/novatel/oem7/odom,/novatel/oem7/bestpos,/novatel/oem7/odom,39.663,-75.756,33.182117444,0.003979318,0.000602091,0.001152565,-0.003808749,0.000602091,,,
1786043632126023715,1786043632.125321468,/novatel/oem7/inspva,/novatel/oem7/inspva,/novatel/oem7/inspva,39.663,-75.756,-1.800397401,0.004362509,-0.002260985,-0.004311940,0.000662312,-0.002260985,,novatel_oem7_msgs.msg.InertialSolutionStatus(status=3),
1786043632127483973,1786043632.125483384,/novatel/oem7/fix,/novatel/oem7/fix,/novatel/oem7/inspva,39.663,-75.756,-1.800397401,0.004362509,-0.002260985,-0.004311940,0.000662312,-0.002260985,,0,
1786043632128550454,1786043632.126052353,/novatel/oem7/odom,/novatel/oem7/fix,/novatel/oem7/odom,39.663,-75.756,-1.800397401,0.004358120,-0.002269433,0.000461723,-0.004333592,-0.002269433,,,
1786043632136287986,1786043632.135517338,/novatel/oem7/odom,/novatel/oem7/fix,/novatel/oem7/odom,39.663,-75.756,-1.800397401,0.004358120,-0.002269433,0.000461723,-0.004333592,-0.002269433,,,
1786043632145843969,1786043632.145098532,/novatel/oem7/inspva,/novatel/oem7/inspva,/novatel/oem7/inspva,39.663,-75.756,-1.800389204,0.004332061,-0.001274920,-0.004289965,0.000602457,-0.001274920,,novatel_oem7_msgs.msg.InertialSolutionStatus(status=3),
1786043632147242713,1786043632.145254054,/novatel/oem7/fix,/novatel/oem7/fix,/novatel/oem7/inspva,39.663,-75.756,-1.800389204,0.004332061,-0.001274920,-0.004289965,0.000602457,-0.001274920,,0,
1786043632148316014,1786043632.145739278,/novatel/oem7/odom,/novatel/oem7/fix,/novatel/oem7/odom,39.663,-75.756,-1.800389204,0.004329506,-0.001283569,0.000399494,-0.004311035,-0.001283569,,,
1786043632156496371,1786043632.155690779,/novatel/oem7/odom,/novatel/oem7/fix,/novatel/oem7/odom,39.663,-75.756,-1.800389204,0.004329506,-0.001283569,0.000399494,-0.004311035,-0.001283569,,,
1786043632167848555,1786043632.167110007,/novatel/oem7/inspva,/novatel/oem7/inspva,/novatel/oem7/inspva,39.663,-75.756,-1.800381972,0.005716719,0.000243957,-0.005351795,0.002009768,0.000243957,,novatel_oem7_msgs.msg.InertialSolutionStatus(status=3),
1786043632169266965,1786043632.167252549,/novatel/oem7/fix,/novatel/oem7/fix,/novatel/oem7/inspva,39.663,-75.756,-1.800381972,0.005716719,0.000243957,-0.005351795,0.002009768,0.000243957,,0,
1786043632170374506,1786043632.167704203,/novatel/oem7/odom,/novatel/oem7/fix,/novatel/oem7/odom,39.663,-75.756,-1.800381972,0.005716989,0.000237535,0.001748426,-0.005443067,0.000237535,,,
1786043632175982491,1786043632.175197430,/novatel/oem7/odom,/novatel/oem7/fix,/novatel/oem7/odom,39.663,-75.756,-1.800381972,0.005716989,0.000237535,0.001748426,-0.005443067,0.000237535,,,
1786043632186076847,1786043632.185348150,/novatel/oem7/inspva,/novatel/oem7/inspva,/novatel/oem7/inspva,39.663,-75.756,-1.800382419,0.004647096,0.000908870,-0.004452222,0.001331625,0.000908870,,novatel_oem7_msgs.msg.InertialSolutionStatus(status=3),
1786043632187484304,1786043632.185523081,/novatel/oem7/fix,/novatel/oem7/fix,/novatel/oem7/inspva,39.663,-75.756,-1.800382419,0.004647096,0.000908870,-0.004452222,0.001331625,0.000908870,,0,
1786043632188552067,1786043632.185855391,/novatel/oem7/odom,/novatel/oem7/fix,/novatel/oem7/odom,39.663,-75.756,-1.800382419,0.004648376,0.000902304,0.001112051,-0.004513396,0.000902304,,,
1786043632196326773,1786043632.195575470,/novatel/oem7/odom,/novatel/oem7/fix,/novatel/oem7/odom,39.663,-75.756,-1.800382419,0.004648376,0.000902304,0.001112051,-0.004513396,0.000902304,,,
1786043632207771972,1786043632.207031238,/novatel/oem7/inspva,/novatel/oem7/inspva,/novatel/oem7/inspva,39.663,-75.756,-1.800411885,0.003016900,-0.002077749,-0.002983660,-0.000446613,-0.002077749,,novatel_oem7_msgs.msg.InertialSolutionStatus(status=3),
1786043632209160099,1786043632.207188250,/novatel/oem7/fix,/novatel/oem7/fix,/novatel/oem7/inspva,39.663,-75.756,-1.800411885,0.003016900,-0.002077749,-0.002983660,-0.000446613,-0.002077749,,0,
1786043632210266527,1786043632.207573577,/novatel/oem7/odom,/novatel/oem7/fix,/novatel/oem7/odom,39.663,-75.756,-1.800411885,0.003010639,-0.002086811,-0.000582343,-0.002953782,-0.002086811,,,
1786043632211731401,1786043632.210645937,/novatel/oem7/bestpos,/novatel/oem7/bestpos,/novatel/oem7/odom,39.663,-75.756,33.182086961,0.003010639,-0.002086811,-0.000582343,-0.002953782,-0.002086811,,novatel_oem7_msgs.msg.SolutionStatus(status=0),novatel_oem7_msgs.msg.PositionOrVelocityType(type=53)
1786043632212681053,1786043632.211147505,/novatel/oem7/bestvel,/novatel/oem7/bestpos,/novatel/oem7/bestvel,39.663,-75.756,33.182086961,0.003483635,-0.001883511,,,,184.491743157,novatel_oem7_msgs.msg.SolutionStatus(status=0),novatel_oem7_msgs.msg.PositionOrVelocityType(type=53)
1786043632215832634,1786043632.215161965,/novatel/oem7/odom,/novatel/oem7/bestpos,/novatel/oem7/odom,39.663,-75.756,33.182086961,0.003010639,-0.002086811,-0.000582343,-0.002953782,-0.002086811,,,
1786043632226796405,1786043632.226276576,/novatel/oem7/inspva,/novatel/oem7/inspva,/novatel/oem7/inspva,39.663,-75.756,-1.800411097,0.003709769,-0.001831960,-0.003691172,0.000370991,-0.001831960,,novatel_oem7_msgs.msg.InertialSolutionStatus(status=3),
1786043632228136965,1786043632.226439965,/novatel/oem7/fix,/novatel/oem7/fix,/novatel/oem7/inspva,39.663,-75.756,-1.800411097,0.003709769,-0.001831960,-0.003691172,0.000370991,-0.001831960,,0,
1786043632229203409,1786043632.226928897,/novatel/oem7/odom,/novatel/oem7/fix,/novatel/oem7/odom,39.663,-75.756,-1.800411097,0.003705832,-0.001839910,0.000199308,-0.003700469,-0.001839910,,,
1786043632235642198,1786043632.234960635,/novatel/oem7/odom,/novatel/oem7/fix,/novatel/oem7/odom,39.663,-75.756,-1.800411097,0.003705832,-0.001839910,0.000199308,-0.003700469,-0.001839910,,,
1786043632245952443,1786043632.245411774,/novatel/oem7/inspva,/novatel/oem7/inspva,/novatel/oem7/inspva,39.663,-75.756,-1.800401574,0.005435290,0.000223650,-0.005084956,0.001919792,0.000223650,,novatel_oem7_msgs.msg.InertialSolutionStatus(status=3),
1786043632247292282,1786043632.245538842,/novatel/oem7/fix,/novatel/oem7/fix,/novatel/oem7/inspva,39.663,-75.756,-1.800401574,0.005435290,0.000223650,-0.005084956,0.001919792,0.000223650,,0,
1786043632248364253,1786043632.246079437,/novatel/oem7/odom,/novatel/oem7/fix,/novatel/oem7/odom,39.663,-75.756,-1.800401574,0.005435535,0.000217616,0.001671600,-0.005172117,0.000217616,,,
1786043632256877266,1786043632.256203386,/novatel/oem7/odom,/novatel/oem7/fix,/novatel/oem7/odom,39.663,-75.756,-1.800401574,0.005435535,0.000217616,0.001671600,-0.005172117,0.000217616,,,
1786043632265843191,1786043632.265315648,/novatel/oem7/inspva,/novatel/oem7/inspva,/novatel/oem7/inspva,39.663,-75.756,-1.800409709,0.005200175,0.000295580,-0.004819350,0.001953379,0.000295580,,novatel_oem7_msgs.msg.InertialSolutionStatus(status=3),
1786043632267196424,1786043632.265507910,/novatel/oem7/fix,/novatel/oem7/fix,/novatel/oem7/inspva,39.663,-75.756,-1.800409709,0.005200175,0.000295580,-0.004819350,0.001953379,0.000295580,,0,
1786043632268382982,1786043632.265867881,/novatel/oem7/odom,/novatel/oem7/fix,/novatel/oem7/odom,39.663,-75.756,-1.800409709,0.005200472,0.000290301,0.001717729,-0.004908596,0.000290301,,,
1786043632275373037,1786043632.274575523,/novatel/oem7/odom,/novatel/oem7/fix,/novatel/oem7/odom,39.663,-75.756,-1.800409709,0.005200472,0.000290301,0.001717729,-0.004908596,0.000290301,,,
1786043632287781022,1786043632.287138126,/novatel/oem7/inspva,/novatel/oem7/inspva,/novatel/oem7/inspva,39.663,-75.756,-1.800427924,0.002901166,-0.000825352,-0.002895211,0.000185789,-0.000825352,,novatel_oem7_msgs.msg.InertialSolutionStatus(status=3),
1786043632289182846,1786043632.287318228,/novatel/oem7/fix,/novatel/oem7/fix,/novatel/oem7/inspva,39.663,-75.756,-1.800427924,0.002901166,-0.000825352,-0.002895211,0.000185789,-0.000825352,,0,
1786043632290340043,1786043632.287666824,/novatel/oem7/odom,/novatel/oem7/fix,/novatel/oem7/odom,39.663,-75.756,-1.800427924,0.002899268,-0.000831995,0.000049066,-0.002898853,-0.000831995,,,
1786043632295933722,1786043632.295219361,/novatel/oem7/odom,/novatel/oem7/fix,/novatel/oem7/odom,39.663,-75.756,-1.800427924,0.002899268,-0.000831995,0.000049066,-0.002898853,-0.000831995,,,
1786043632306343170,1786043632.305802312,/novatel/oem7/inspva,/novatel/oem7/inspva,/novatel/oem7/inspva,39.663,-75.756,-1.800434842,0.003460515,-0.001675674,-0.003445520,0.000321804,-0.001675674,,novatel_oem7_msgs.msg.InertialSolutionStatus(status=3),
1786043632307835051,1786043632.305960150,/novatel/oem7/fix,/novatel/oem7/fix,/novatel/oem7/inspva,39.663,-75.756,-1.800434842,0.003460515,-0.001675674,-0.003445520,0.000321804,-0.001675674,,0,
1786043632308961309,1786043632.306434758,/novatel/oem7/odom,/novatel/oem7/fix,/novatel/oem7/odom,39.663,-75.756,-1.800434842,0.003456847,-0.001683228,0.000161477,-0.003453074,-0.001683228,,,
1786043632310618539,1786043632.309409497,/novatel/oem7/bestpos,/novatel/oem7/bestpos,/novatel/oem7/odom,39.663,-75.756,33.182070825,0.003456847,-0.001683228,0.000161477,-0.003453074,-0.001683228,,novatel_oem7_msgs.msg.SolutionStatus(status=0),novatel_oem7_msgs.msg.PositionOrVelocityType(type=53)
1786043632311637306,1786043632.309985999,/novatel/oem7/bestvel,/novatel/oem7/bestpos,/novatel/oem7/bestvel,39.663,-75.756,33.182070825,0.003704264,-0.001518609,,,,175.433160162,novatel_oem7_msgs.msg.SolutionStatus(status=0),novatel_oem7_msgs.msg.PositionOrVelocityType(type=53)
1786043632316337208,1786043632.315678141,/novatel/oem7/odom,/novatel/oem7/bestpos,/novatel/oem7/odom,39.663,-75.756,33.182070825,0.003456847,-0.001683228,0.000161477,-0.003453074,-0.001683228,,,
1786043632326679979,1786043632.326036263,/novatel/oem7/inspva,/novatel/oem7/inspva,/novatel/oem7/inspva,39.663,-75.756,-1.800434818,0.004868487,-0.000762517,-0.004736158,0.001127375,-0.000762517,,novatel_oem7_msgs.msg.InertialSolutionStatus(status=3),
1786043632328135943,1786043632.326187781,/novatel/oem7/fix,/novatel/oem7/fix,/novatel/oem7/inspva,39.663,-75.756,-1.800434818,0.004868487,-0.000762517,-0.004736158,0.001127375,-0.000762517,,0,
1786043632329233804,1786043632.326693979,/novatel/oem7/odom,/novatel/oem7/fix,/novatel/oem7/odom,39.663,-75.756,-1.800434818,0.004867232,-0.000770484,0.000900595,-0.004783187,-0.000770484,,,
1786043632335651761,1786043632.334912673,/novatel/oem7/odom,/novatel/oem7/fix,/novatel/oem7/odom,39.663,-75.756,-1.800434818,0.004867232,-0.000770484,0.000900595,-0.004783187,-0.000770484,,,
1786043632346904824,1786043632.346002865,/novatel/oem7/inspva,/novatel/oem7/inspva,/novatel/oem7/inspva,39.663,-75.756,-1.800437172,0.005369319,-0.000030818,-0.004991759,0.001977858,-0.000030818,,novatel_oem7_msgs.msg.InertialSolutionStatus(status=3),
1786043632348313148,1786043632.346201377,/novatel/oem7/fix,/novatel/oem7/fix,/novatel/oem7/inspva,39.663,-75.756,-1.800437172,0.005369319,-0.000030818,-0.004991759,0.001977858,-0.000030818,,0,
1786043632349409811,1786043632.346630751,/novatel/oem7/odom,/novatel/oem7/fix,/novatel/oem7/odom,39.663,-75.756,-1.800437172,0.005369283,-0.000036510,0.001735063,-0.005081216,-0.000036510,,,
1786043632356840008,1786043632.356053106,/novatel/oem7/odom,/novatel/oem7/fix,/novatel/oem7/odom,39.663,-75.756,-1.800437172,0.005369283,-0.000036510,0.001735063,-0.005081216,-0.000036510,,,
1786043632366012404,1786043632.365302577,/novatel/oem7/inspva,/novatel/oem7/inspva,/novatel/oem7/inspva,39.663,-75.756,-1.800447128,0.003247845,-0.000086641,-0.003001352,0.001241122,-0.000086641,,novatel_oem7_msgs.msg.InertialSolutionStatus(status=3),
1786043632367541406,1786043632.365501853,/novatel/oem7/fix,/novatel/oem7/fix,/novatel/oem7/inspva,39.663,-75.756,-1.800447128,0.003247845,-0.000086641,-0.003001352,0.001241122,-0.000086641,,0,
1786043632368799491,1786043632.366106435,/novatel/oem7/odom,/novatel/oem7/fix,/novatel/oem7/odom,39.663,-75.756,-1.800447128,0.003247758,-0.000089829,0.001095311,-0.003057487,-0.000089829,,,
1786043632376289798,1786043632.375514564,/novatel/oem7/odom,/novatel/oem7/fix,/novatel/oem7/odom,39.663,-75.756,-1.800447128,0.003247758,-0.000089829,0.001095311,-0.003057487,-0.000089829,,,
1786043632385825508,1786043632.385090041,/novatel/oem7/inspva,/novatel/oem7/inspva,/novatel/oem7/inspva,39.663,-75.756,-1.800457044,0.003101821,-0.000754599,-0.003026448,0.000679638,-0.000754599,,novatel_oem7_msgs.msg.InertialSolutionStatus(status=3),
1786043632387318476,1786043632.385284669,/novatel/oem7/fix,/novatel/oem7/fix,/novatel/oem7/inspva,39.663,-75.756,-1.800457044,0.003101821,-0.000754599,-0.003026448,0.000679638,-0.000754599,,0,
1786043632388379743,1786043632.385654333,/novatel/oem7/odom,/novatel/oem7/fix,/novatel/oem7/odom,39.663,-75.756,-1.800457044,0.003100536,-0.000759863,0.000535697,-0.003053907,-0.000759863,,,
1786043632395190026,1786043632.394397652,/novatel/oem7/odom,/novatel/oem7/fix,/novatel/oem7/odom,39.663,-75.756,-1.800457044,0.003100536,-0.000759863,0.000535697,-0.003053907,-0.000759863,,,
1786043632407214887,1786043632.406508950,/novatel/oem7/inspva,/novatel/oem7/inspva,/novatel/oem7/inspva,39.663,-75.756,-1.800468135,0.004861318,-0.001572018,-0.004719643,0.001165068,-0.001572018,,novatel_oem7_msgs.msg.InertialSolutionStatus(status=3),
1786043632408765306,1786043632.406689036,/novatel/oem7/fix,/novatel/oem7/fix,/novatel/oem7/inspva,39.663,-75.756,-1.800468135,0.004861318,-0.001572018,-0.004719643,0.001165068,-0.001572018,,0,
1786043632409859300,1786043632.407349892,/novatel/oem7/odom,/novatel/oem7/fix,/novatel/oem7/odom,39.663,-75.756,-1.800468135,0.004858800,-0.001579783,0.000941943,-0.004766622,-0.001579783,,,
1786043632411524756,1786043632.410290644,/novatel/oem7/bestpos,/novatel/oem7/bestpos,/novatel/oem7/odom,39.663,-75.756,33.182057127,0.004858800,-0.001579783,0.000941943,-0.004766622,-0.001579783,,novatel_oem7_msgs.msg.SolutionStatus(status=0),novatel_oem7_msgs.msg.PositionOrVelocityType(type=53)
1786043632412477405,1786043632.410698421,/novatel/oem7/bestvel,/novatel/oem7/bestpos,/novatel/oem7/bestvel,39.663,-75.756,33.182057127,0.005806580,-0.000561950,,,,175.938292657,novatel_oem7_msgs.msg.SolutionStatus(status=0),novatel_oem7_msgs.msg.PositionOrVelocityType(type=53)
1786043632415837431,1786043632.415048021,/novatel/oem7/odom,/novatel/oem7/bestpos,/novatel/oem7/odom,39.663,-75.756,33.182057127,0.004858800,-0.001579783,0.000941943,-0.004766622,-0.001579783,,,
1786043632425707348,1786043632.424967121,/novatel/oem7/inspva,/novatel/oem7/inspva,/novatel/oem7/inspva,39.663,-75.756,-1.800464369,0.005244688,-0.000715375,-0.004849686,0.001996822,-0.000715375,,novatel_oem7_msgs.msg.InertialSolutionStatus(status=3),
1786043632427160642,1786043632.425142869,/novatel/oem7/fix,/novatel/oem7/fix,/novatel/oem7/inspva,39.663,-75.756,-1.800464369,0.005244688,-0.000715375,-0.004849686,0.001996822,-0.000715375,,0,
1786043632428264443,1786043632.425536896,/novatel/oem7/odom,/novatel/oem7/fix,/novatel/oem7/odom,39.663,-75.756,-1.800464369,0.005243974,-0.000720592,0.001763322,-0.004938619,-0.000720592,,,
1786043632436204368,1786043632.435415533,/novatel/oem7/odom,/novatel/oem7/fix,/novatel/oem7/odom,39.663,-75.756,-1.800464369,0.005243974,-0.000720592,0.001763322,-0.004938619,-0.000720592,,,
1786043632446011644,1786043632.445293740,/novatel/oem7/inspva,/novatel/oem7/inspva,/novatel/oem7/inspva,39.663,-75.756,-1.800458213,0.003391830,0.000965597,-0.003028059,0.001528191,0.000965597,,novatel_oem7_msgs.msg.InertialSolutionStatus(status=3),
1786043632447509398,1786043632.445492482,/novatel/oem7/fix,/novatel/oem7/fix,/novatel/oem7/inspva,39.663,-75.756,-1.800458213,0.003391830,0.000965597,-0.003028059,0.001528191,0.000965597,,0,
1786043632448606079,1786043632.446076594,/novatel/oem7/odom,/novatel/oem7/fix,/novatel/oem7/odom,39.663,-75.756,-1.800458213,0.003392456,0.000963397,0.001376864,-0.003100484,0.000963397,,,
1786043632457186060,1786043632.456382038,/novatel/oem7/odom,/novatel/oem7/fix,/novatel/oem7/odom,39.663,-75.756,-1.800458213,0.003392456,0.000963397,0.001376864,-0.003100484,0.000963397,,,
1786043632466838244,1786043632.465968976,/novatel/oem7/inspva,/novatel/oem7/inspva,/novatel/oem7/inspva,39.663,-75.756,-1.800471627,0.003013742,0.000062419,-0.002601223,0.001521933,0.000062419,,novatel_oem7_msgs.msg.InertialSolutionStatus(status=3),
1786043632468271388,1786043632.466162901,/novatel/oem7/fix,/novatel/oem7/fix,/novatel/oem7/inspva,39.663,-75.756,-1.800471627,0.003013742,0.000062419,-0.002601223,0.001521933,0.000062419,,0,
1786043632469359692,1786043632.466550902,/novatel/oem7/odom,/novatel/oem7/fix,/novatel/oem7/odom,39.663,-75.756,-1.800471627,0.003013766,0.000061225,0.001394568,-0.002671697,0.000061225,,,
1786043632475819262,1786043632.474836103,/novatel/oem7/odom,/novatel/oem7/fix,/novatel/oem7/odom,39.663,-75.756,-1.800471627,0.003013766,0.000061225,0.001394568,-0.002671697,0.000061225,,,
1786043632485949438,1786043632.485181657,/novatel/oem7/inspva,/novatel/oem7/inspva,/novatel/oem7/inspva,39.663,-75.756,-1.800495846,0.004019057,-0.002321963,-0.003624507,0.001736597,-0.002321963,,novatel_oem7_msgs.msg.InertialSolutionStatus(status=3),
1786043632487523790,1786043632.485374759,/novatel/oem7/fix,/novatel/oem7/fix,/novatel/oem7/inspva,39.663,-75.756,-1.800495846,0.004019057,-0.002321963,-0.003624507,0.001736597,-0.002321963,,0,
1786043632488633381,1786043632.485801036,/novatel/oem7/odom,/novatel/oem7/fix,/novatel/oem7/odom,39.663,-75.756,-1.800495846,0.004017311,-0.002324983,0.001568384,-0.003698508,-0.002324983,,,
1786043632496240295,1786043632.495435507,/novatel/oem7/odom,/novatel/oem7/fix,/novatel/oem7/odom,39.663,-75.756,-1.800495846,0.004017311,-0.002324983,0.001568384,-0.003698508,-0.002324983,,,
1786043632506884629,1786043632.506141252,/novatel/oem7/inspva,/novatel/oem7/inspva,/novatel/oem7/inspva,39.663,-75.756,-1.800487738,0.004158691,-0.001529344,-0.003892888,0.001462920,-0.001529344,,novatel_oem7_msgs.msg.InertialSolutionStatus(status=3),
1786043632508445368,1786043632.506343304,/novatel/oem7/fix,/novatel/oem7/fix,/novatel/oem7/inspva,39.663,-75.756,-1.800487738,0.004158691,-0.001529344,-0.003892888,0.001462920,-0.001529344,,0,
1786043632509663783,1786043632.506893499,/novatel/oem7/odom,/novatel/oem7/fix,/novatel/oem7/odom,39.663,-75.756,-1.800487738,0.004156979,-0.001533992,0.001279238,-0.003955253,-0.001533992,,,
1786043632512275599,1786043632.511498688,/novatel/oem7/bestpos,/novatel/oem7/bestpos,/novatel/oem7/odom,39.663,-75.756,33.182029516,0.004156979,-0.001533992,0.001279238,-0.003955253,-0.001533992,,novatel_oem7_msgs.msg.SolutionStatus(status=0),novatel_oem7_msgs.msg.PositionOrVelocityType(type=53)
1786043632513930378,1786043632.512386146,/novatel/oem7/bestvel,/novatel/oem7/bestpos,/novatel/oem7/bestvel,39.663,-75.756,33.182029516,0.004813367,-0.000613673,,,,172.012479287,novatel_oem7_msgs.msg.SolutionStatus(status=0),novatel_oem7_msgs.msg.PositionOrVelocityType(type=53)
1786043632515717033,1786043632.514613835,/novatel/oem7/odom,/novatel/oem7/bestpos,/novatel/oem7/odom,39.663,-75.756,33.182029516,0.004156979,-0.001533992,0.001279238,-0.003955253,-0.001533992,,,
1786043632526071994,1786043632.525350463,/novatel/oem7/inspva,/novatel/oem7/inspva,/novatel/oem7/inspva,39.663,-75.756,-1.800471308,0.004205974,0.001575454,-0.003609146,0.002159695,0.001575454,,novatel_oem7_msgs.msg.InertialSolutionStatus(status=3),
1786043632527581945,1786043632.525533192,/novatel/oem7/fix,/novatel/oem7/fix,/novatel/oem7/inspva,39.663,-75.756,-1.800471308,0.004205974,0.001575454,-0.003609146,0.002159695,0.001575454,,0,
1786043632528677986,1786043632.526172281,/novatel/oem7/odom,/novatel/oem7/fix,/novatel/oem7/odom,39.663,-75.756,-1.800471308,0.004206524,0.001573985,0.001977474,-0.003712740,0.001573985,,,
1786043632536410228,1786043632.535668321,/novatel/oem7/odom,/novatel/oem7/fix,/novatel/oem7/odom,39.663,-75.756,-1.800471308,0.004206524,0.001573985,0.001977474,-0.003712740,0.001573985,,,
1786043632545689376,1786043632.544982645,/novatel/oem7/inspva,/novatel/oem7/inspva,/novatel/oem7/inspva,39.663,-75.756,-1.800489514,0.004058473,0.000212699,-0.003409815,0.002200992,0.000212699,,novatel_oem7_msgs.msg.InertialSolutionStatus(status=3),
1786043632547123063,1786043632.545138634,/novatel/oem7/fix,/novatel/oem7/fix,/novatel/oem7/inspva,39.663,-75.756,-1.800489514,0.004058473,0.000212699,-0.003409815,0.002200992,0.000212699,,0,
1786043632548244261,1786043632.545634989,/novatel/oem7/odom,/novatel/oem7/fix,/novatel/oem7/odom,39.663,-75.756,-1.800489514,0.004058512,0.000211966,0.002033348,-0.003512409,0.000211966,,,
1786043632556317140,1786043632.555598216,/novatel/oem7/odom,/novatel/oem7/fix,/novatel/oem7/odom,39.663,-75.756,-1.800489514,0.004058512,0.000211966,0.002033348,-0.003512409,0.000211966,,,
1786043632567179579,1786043632.566505520,/novatel/oem7/inspva,/novatel/oem7/inspva,/novatel/oem7/inspva,39.663,-75.756,-1.800508862,0.002598866,-0.001473424,-0.002404611,0.000985874,-0.001473424,,novatel_oem7_msgs.msg.InertialSolutionStatus(status=3),
1786043632568591133,1786043632.566660437,/novatel/oem7/fix,/novatel/oem7/fix,/novatel/oem7/inspva,39.663,-75.756,-1.800508862,0.002598866,-0.001473424,-0.002404611,0.000985874,-0.001473424,,0,
1786043632569666441,1786043632.566983739,/novatel/oem7/odom,/novatel/oem7/fix,/novatel/oem7/odom,39.663,-75.756,-1.800508862,0.002597416,-0.001475978,0.000874272,-0.002445857,-0.001475978,,,
1786043632575684229,1786043632.574958139,/novatel/oem7/odom,/novatel/oem7/fix,/novatel/oem7/odom,39.663,-75.756,-1.800508862,0.002597416,-0.001475978,0.000874272,-0.002445857,-0.001475978,,,
1786043632585694304,1786043632.585019047,/novatel/oem7/inspva,/novatel/oem7/inspva,/novatel/oem7/inspva,39.663,-75.756,-1.800508541,0.003603499,-0.001956848,-0.003227071,0.001603502,-0.001956848,,novatel_oem7_msgs.msg.InertialSolutionStatus(status=3),
1786043632587048777,1786043632.585159632,/novatel/oem7/fix,/novatel/oem7/fix,/novatel/oem7/inspva,39.663,-75.756,-1.800508541,0.003603499,-0.001956848,-0.003227071,0.001603502,-0.001956848,,0,
1786043632588133524,1786043632.585462738,/novatel/oem7/odom,/novatel/oem7/fix,/novatel/oem7/odom,39.663,-75.756,-1.800508541,0.003602189,-0.001959258,0.001453358,-0.003295985,-0.001959258,,,
1786043632595307931,1786043632.594588481,/novatel/oem7/odom,/novatel/oem7/fix,/novatel/oem7/odom,39.663,-75.756,-1.800508541,0.003602189,-0.001959258,0.001453358,-0.003295985,-0.001959258,,,
1786043632607050213,1786043632.606518224,/novatel/oem7/inspva,/novatel/oem7/inspva,/novatel/oem7/inspva,39.663,-75.756,-1.800490366,0.004620227,0.001006326,-0.004029749,0.002260006,0.001006326,,novatel_oem7_msgs.msg.InertialSolutionStatus(status=3),
1786043632608496707,1786043632.606668099,/novatel/oem7/fix,/novatel/oem7/fix,/novatel/oem7/inspva,39.663,-75.756,-1.800490366,0.004620227,0.001006326,-0.004029749,0.002260006,0.001006326,,0,
1786043632609579267,1786043632.607065323,/novatel/oem7/odom,/novatel/oem7/fix,/novatel/oem7/odom,39.663,-75.756,-1.800490366,0.004620681,0.001004239,0.002059504,-0.004136320,0.001004239,,,
1786043632611106699,1786043632.610354482,/novatel/oem7/bestpos,/novatel/oem7/bestpos,/novatel/oem7/odom,39.663,-75.756,33.182016240,0.004620681,0.001004239,0.002059504,-0.004136320,0.001004239,,novatel_oem7_msgs.msg.SolutionStatus(status=0),novatel_oem7_msgs.msg.PositionOrVelocityType(type=53)
1786043632612564537,1786043632.610765823,/novatel/oem7/bestvel,/novatel/oem7/bestpos,/novatel/oem7/bestvel,39.663,-75.756,33.182016240,0.004808606,0.001086208,,,,151.237107498,novatel_oem7_msgs.msg.SolutionStatus(status=0),novatel_oem7_msgs.msg.PositionOrVelocityType(type=53)
1786043632615595770,1786043632.614867963,/novatel/oem7/odom,/novatel/oem7/bestpos,/novatel/oem7/odom,39.663,-75.756,33.182016240,0.004620681,0.001004239,0.002059504,-0.004136320,0.001004239,,,
1786043632628041542,1786043632.626300505,/novatel/oem7/inspva,/novatel/oem7/inspva,/novatel/oem7/inspva,39.663,-75.756,-1.800501298,0.004543869,0.000839887,-0.003540466,0.002848130,0.000839887,,novatel_oem7_msgs.msg.InertialSolutionStatus(status=3),
1786043632628919064,1786043632.626548617,/novatel/oem7/fix,/novatel/oem7/fix,/novatel/oem7/inspva,39.663,-75.756,-1.800501298,0.004543869,0.000839887,-0.003540466,0.002848130,0.000839887,,0,
1786043632630468016,1786043632.627753979,/novatel/oem7/odom,/novatel/oem7/fix,/novatel/oem7/odom,39.663,-75.756,-1.800501298,0.004620702,0.001004145,0.002059500,-0.004136344,0.001004145,,,
1786043632635212815,1786043632.634564389,/novatel/oem7/odom,/novatel/oem7/fix,/novatel/oem7/odom,39.663,-75.756,-1.800501298,0.004543655,0.000841043,0.002671125,-0.003675581,0.000841043,,,
1786043632645953660,1786043632.645401952,/novatel/oem7/inspva,/novatel/oem7/inspva,/novatel/oem7/inspva,39.663,-75.756,-1.800525192,0.002525555,-0.001405133,-0.001979978,0.001567837,-0.001405133,,novatel_oem7_msgs.msg.InertialSolutionStatus(status=3),
1786043632647312013,1786043632.645593080,/novatel/oem7/fix,/novatel/oem7/fix,/novatel/oem7/inspva,39.663,-75.756,-1.800525192,0.002525555,-0.001405133,-0.001979978,0.001567837,-0.001405133,,0,
1786043632648386547,1786043632.646221696,/novatel/oem7/odom,/novatel/oem7/fix,/novatel/oem7/odom,39.663,-75.756,-1.800525192,0.002525929,-0.001404459,0.001475801,-0.002049959,-0.001404459,,,
1786043632657198557,1786043632.656556634,/novatel/oem7/odom,/novatel/oem7/fix,/novatel/oem7/odom,39.663,-75.756,-1.800525192,0.002525929,-0.001404459,0.001475801,-0.002049959,-0.001404459,,,
1786043632665808915,1786043632.665266176,/novatel/oem7/inspva,/novatel/oem7/inspva,/novatel/oem7/inspva,39.663,-75.756,-1.800525585,0.002251067,-0.001565691,-0.001852845,0.001278385,-0.001565691,,novatel_oem7_msgs.msg.InertialSolutionStatus(status=3),
1786043632667163191,1786043632.665414931,/novatel/oem7/fix,/novatel/oem7/fix,/novatel/oem7/inspva,39.663,-75.756,-1.800525585,0.002251067,-0.001565691,-0.001852845,0.001278385,-0.001565691,,0,
1786043632668241281,1786043632.665800608,/novatel/oem7/odom,/novatel/oem7/fix,/novatel/oem7/odom,39.663,-75.756,-1.800525585,0.002251005,-0.001565780,0.001193394,-0.001908621,-0.001565780,,,
1786043632675262034,1786043632.674585027,/novatel/oem7/odom,/novatel/oem7/fix,/novatel/oem7/odom,39.663,-75.756,-1.800525585,0.002251005,-0.001565780,0.001193394,-0.001908621,-0.001565780,,,
1786043632687150817,1786043632.686634975,/novatel/oem7/inspva,/novatel/oem7/inspva,/novatel/oem7/inspva,39.663,-75.756,-1.800526471,0.005251107,-0.000816573,-0.003718138,0.003708043,-0.000816573,,novatel_oem7_msgs.msg.InertialSolutionStatus(status=3),
1786043632688686738,1786043632.686781420,/novatel/oem7/fix,/novatel/oem7/fix,/novatel/oem7/inspva,39.663,-75.756,-1.800526471,0.005251107,-0.000816573,-0.003718138,0.003708043,-0.000816573,,0,
1786043632689782662,1786043632.687309618,/novatel/oem7/odom,/novatel/oem7/fix,/novatel/oem7/odom,39.663,-75.756,-1.800526471,0.005251696,-0.000812781,0.003527572,-0.003890572,-0.000812781,,,
1786043632695780805,1786043632.695104811,/novatel/oem7/odom,/novatel/oem7/fix,/novatel/oem7/odom,39.663,-75.756,-1.800526471,0.005251696,-0.000812781,0.003527572,-0.003890572,-0.000812781,,,
1786043632706319118,1786043632.705764216,/novatel/oem7/inspva,/novatel/oem7/inspva,/novatel/oem7/inspva,39.663,-75.756,-1.800532450,0.004668858,0.000146695,-0.003800815,0.002711465,0.000146695,,novatel_oem7_msgs.msg.InertialSolutionStatus(status=3),
1786043632707720552,1786043632.705942984,/novatel/oem7/fix,/novatel/oem7/fix,/novatel/oem7/inspva,39.663,-75.756,-1.800532450,0.004668858,0.000146695,-0.003800815,0.002711465,0.000146695,,0,
1786043632708851123,1786043632.706448759,/novatel/oem7/odom,/novatel/oem7/fix,/novatel/oem7/odom,39.663,-75.756,-1.800532450,0.004668856,0.000146772,0.002524670,-0.003927372,0.000146772,,,
1786043632710439801,1786043632.709304730,/novatel/oem7/bestpos,/novatel/oem7/bestpos,/novatel/oem7/odom,39.663,-75.756,33.181965966,0.004668856,0.000146772,0.002524670,-0.003927372,0.000146772,,novatel_oem7_msgs.msg.SolutionStatus(status=0),novatel_oem7_msgs.msg.PositionOrVelocityType(type=53)
1786043632711398351,1786043632.709649434,/novatel/oem7/bestvel,/novatel/oem7/bestpos,/novatel/oem7/bestvel,39.663,-75.756,33.181965966,0.004704430,-0.000055250,,,,141.164478181,novatel_oem7_msgs.msg.SolutionStatus(status=0),novatel_oem7_msgs.msg.PositionOrVelocityType(type=53)
1786043632716091157,1786043632.715435817,/novatel/oem7/odom,/novatel/oem7/bestpos,/novatel/oem7/odom,39.663,-75.756,33.181965966,0.004668856,0.000146772,0.002524670,-0.003927372,0.000146772,,,
1786043632726389404,1786043632.725742094,/novatel/oem7/inspva,/novatel/oem7/inspva,/novatel/oem7/inspva,39.663,-75.756,-1.800555640,0.002493092,-0.000831725,-0.001373720,0.002080482,-0.000831725,,novatel_oem7_msgs.msg.InertialSolutionStatus(status=3),
1786043632727814388,1786043632.725939470,/novatel/oem7/fix,/novatel/oem7/fix,/novatel/oem7/inspva,39.663,-75.756,-1.800555640,0.002493092,-0.000831725,-0.001373720,0.002080482,-0.000831725,,0,
1786043632728913529,1786043632.726626510,/novatel/oem7/odom,/novatel/oem7/fix,/novatel/oem7/odom,39.663,-75.756,-1.800555640,0.002494417,-0.000827746,0.002014974,-0.001470372,-0.000827746,,,
1786043632735826477,1786043632.735143340,/novatel/oem7/odom,/novatel/oem7/fix,/novatel/oem7/odom,39.663,-75.756,-1.800555640,0.002494417,-0.000827746,0.002014974,-0.001470372,-0.000827746,,,
1786043632746877758,1786043632.746235769,/novatel/oem7/inspva,/novatel/oem7/inspva,/novatel/oem7/inspva,39.663,-75.756,-1.800559871,0.002557645,-0.000835681,-0.001959984,0.001643171,-0.000835681,,novatel_oem7_msgs.msg.InertialSolutionStatus(status=3),
1786043632748242928,1786043632.746601135,/novatel/oem7/fix,/novatel/oem7/fix,/novatel/oem7/inspva,39.663,-75.756,-1.800559871,0.002557645,-0.000835681,-0.001959984,0.001643171,-0.000835681,,0,
1786043632749357485,1786043632.747008782,/novatel/oem7/odom,/novatel/oem7/fix,/novatel/oem7/odom,39.663,-75.756,-1.800559871,0.002557962,-0.000834711,0.001549964,-0.002034890,-0.000834711,,,
1786043632756502135,1786043632.755854643,/novatel/oem7/odom,/novatel/oem7/fix,/novatel/oem7/odom,39.663,-75.756,-1.800559871,0.002557962,-0.000834711,0.001549964,-0.002034890,-0.000834711,,,
1786043632765848573,1786043632.765286108,/novatel/oem7/inspva,/novatel/oem7/inspva,/novatel/oem7/inspva,39.663,-75.756,-1.800563823,0.004905144,-0.001041216,-0.003738472,0.003175573,-0.001041216,,novatel_oem7_msgs.msg.InertialSolutionStatus(status=3),
1786043632767166080,1786043632.765565488,/novatel/oem7/fix,/novatel/oem7/fix,/novatel/oem7/inspva,39.663,-75.756,-1.800563823,0.004905144,-0.001041216,-0.003738472,0.003175573,-0.001041216,,0,
1786043632768221820,1786043632.766067279,/novatel/oem7/odom,/novatel/oem7/fix,/novatel/oem7/odom,39.663,-75.756,-1.800563823,0.004905528,-0.001039405,0.002995665,-0.003884610,-0.001039405,,,
1786043632776344016,1786043632.775675553,/novatel/oem7/odom,/novatel/oem7/fix,/novatel/oem7/odom,39.663,-75.756,-1.800563823,0.004905528,-0.001039405,0.002995665,-0.003884610,-0.001039405,,,
1786043632785927370,1786043632.785390345,/novatel/oem7/inspva,/novatel/oem7/inspva,/novatel/oem7/inspva,39.663,-75.756,-1.800569363,0.005240801,-0.000441901,-0.004056956,0.003317696,-0.000441901,,novatel_oem7_msgs.msg.InertialSolutionStatus(status=3),
1786043632787258496,1786043632.785602334,/novatel/oem7/fix,/novatel/oem7/fix,/novatel/oem7/inspva,39.663,-75.756,-1.800569363,0.005240801,-0.000441901,-0.004056956,0.003317696,-0.000441901,,0,
1786043632788342361,1786043632.785895400,/novatel/oem7/odom,/novatel/oem7/fix,/novatel/oem7/odom,39.663,-75.756,-1.800569363,0.005240930,-0.000440372,0.003120073,-0.004210996,-0.000440372,,,
1786043632795195858,1786043632.794553931,/novatel/oem7/odom,/novatel/oem7/fix,/novatel/oem7/odom,39.663,-75.756,-1.800569363,0.005240930,-0.000440372,0.003120073,-0.004210996,-0.000440372,,,
1786043632807154821,1786043632.806560442,/novatel/oem7/inspva,/novatel/oem7/inspva,/novatel/oem7/inspva,39.663,-75.756,-1.800574940,0.003495998,0.000324140,-0.002102896,0.002792818,0.000324140,,novatel_oem7_msgs.msg.InertialSolutionStatus(status=3),
1786043632808607265,1786043632.806744674,/novatel/oem7/fix,/novatel/oem7/fix,/novatel/oem7/inspva,39.663,-75.756,-1.800574940,0.003495998,0.000324140,-0.002102896,0.002792818,0.000324140,,0,
1786043632809668842,1786043632.807118897,/novatel/oem7/odom,/novatel/oem7/fix,/novatel/oem7/odom,39.663,-75.756,-1.800574940,0.003495563,0.000328798,0.002687079,-0.002235748,0.000328798,,,
1786043632811188124,1786043632.810436703,/novatel/oem7/bestpos,/novatel/oem7/bestpos,/novatel/oem7/odom,39.663,-75.756,33.181914967,0.003495563,0.000328798,0.002687079,-0.002235748,0.000328798,,novatel_oem7_msgs.msg.SolutionStatus(status=0),novatel_oem7_msgs.msg.PositionOrVelocityType(type=53)
1786043632812720015,1786043632.810802880,/novatel/oem7/bestvel,/novatel/oem7/bestpos,/novatel/oem7/bestvel,39.663,-75.756,33.181914967,0.003570708,-0.000209677,,,,115.838216015,novatel_oem7_msgs.msg.SolutionStatus(status=0),novatel_oem7_msgs.msg.PositionOrVelocityType(type=53)
1786043632815811709,1786043632.815059295,/novatel/oem7/odom,/novatel/oem7/bestpos,/novatel/oem7/odom,39.663,-75.756,33.181914967,0.003495563,0.000328798,0.002687079,-0.002235748,0.000328798,,,
1786043632825695579,1786043632.825007799,/novatel/oem7/inspva,/novatel/oem7/inspva,/novatel/oem7/inspva,39.663,-75.756,-1.800584999,0.002832718,-0.000318524,-0.002387045,0.001525223,-0.000318524,,novatel_oem7_msgs.msg.InertialSolutionStatus(status=3),
1786043632827076113,1786043632.825196414,/novatel/oem7/fix,/novatel/oem7/fix,/novatel/oem7/inspva,39.663,-75.756,-1.800584999,0.002832718,-0.000318524,-0.002387045,0.001525223,-0.000318524,,0,
1786043632828146843,1786043632.825596735,/novatel/oem7/odom,/novatel/oem7/fix,/novatel/oem7/odom,39.663,-75.756,-1.800584999,0.002832655,-0.000319085,0.001409672,-0.002456981,-0.000319085,,,
1786043632836216929,1786043632.835440431,/novatel/oem7/odom,/novatel/oem7/fix,/novatel/oem7/odom,39.663,-75.756,-1.800584999,0.002832655,-0.000319085,0.001409672,-0.002456981,-0.000319085,,,
1786043632846050735,1786043632.845358545,/novatel/oem7/inspva,/novatel/oem7/inspva,/novatel/oem7/inspva,39.663,-75.756,-1.800597287,0.004030647,-0.001702231,-0.003159291,0.002502997,-0.001702231,,novatel_oem7_msgs.msg.InertialSolutionStatus(status=3),
1786043632847464955,1786043632.845654868,/novatel/oem7/fix,/novatel/oem7/fix,/novatel/oem7/inspva,39.663,-75.756,-1.800597287,0.004030647,-0.001702231,-0.003159291,0.002502997,-0.001702231,,0,
1786043632848521703,1786043632.846002575,/novatel/oem7/odom,/novatel/oem7/fix,/novatel/oem7/odom,39.663,-75.756,-1.800597287,0.004031036,-0.001701309,0.002354206,-0.003272149,-0.001701309,,,
1786043632857400239,1786043632.856538391,/novatel/oem7/odom,/novatel/oem7/fix,/novatel/oem7/odom,39.663,-75.756,-1.800597287,0.004031036,-0.001701309,0.002354206,-0.003272149,-0.001701309,,,
1786043632866906716,1786043632.866068007,/novatel/oem7/inspva,/novatel/oem7/inspva,/novatel/oem7/inspva,39.663,-75.756,-1.800599529,0.004917140,-0.001001338,-0.003879543,0.003021161,-0.001001338,,novatel_oem7_msgs.msg.InertialSolutionStatus(status=3),
1786043632868794944,1786043632.866291919,/novatel/oem7/fix,/novatel/oem7/fix,/novatel/oem7/inspva,39.663,-75.756,-1.800599529,0.004917140,-0.001001338,-0.003879543,0.003021161,-0.001001338,,0,
1786043632870234712,1786043632.866784064,/novatel/oem7/odom,/novatel/oem7/fix,/novatel/oem7/odom,39.663,-75.756,-1.800599529,0.004917328,-0.001000417,0.002834552,-0.004018137,-0.001000417,,,
1786043632875305041,1786043632.874397343,/novatel/oem7/odom,/novatel/oem7/fix,/novatel/oem7/odom,39.663,-75.756,-1.800599529,0.004917328,-0.001000417,0.002834552,-0.004018137,-0.001000417,,,
1786043632886294545,1786043632.885245412,/novatel/oem7/inspva,/novatel/oem7/inspva,/novatel/oem7/inspva,39.663,-75.756,-1.800603678,0.004683733,0.000315804,-0.003149152,0.003467015,0.000315804,,novatel_oem7_msgs.msg.InertialSolutionStatus(status=3),
1786043632888682482,1786043632.885405140,/novatel/oem7/fix,/novatel/oem7/fix,/novatel/oem7/inspva,39.663,-75.756,-1.800603678,0.004683733,0.000315804,-0.003149152,0.003467015,0.000315804,,0,
1786043632889958878,1786043632.886122684,/novatel/oem7/odom,/novatel/oem7/fix,/novatel/oem7/odom,39.663,-75.756,-1.800603678,0.004683431,0.000320245,0.003310157,-0.003313214,0.000320245,,,
1786043632896171606,1786043632.895474659,/novatel/oem7/odom,/novatel/oem7/fix,/novatel/oem7/odom,39.663,-75.756,-1.800603678,0.004683431,0.000320245,0.003310157,-0.003313214,0.000320245,,,
1786043632906509250,1786043632.905788640,/novatel/oem7/inspva,/novatel/oem7/inspva,/novatel/oem7/inspva,39.663,-75.756,-1.800620888,0.003557697,-0.000182037,-0.002543177,0.002487862,-0.000182037,,novatel_oem7_msgs.msg.InertialSolutionStatus(status=3),
1786043632908001901,1786043632.905986398,/novatel/oem7/fix,/novatel/oem7/fix,/novatel/oem7/inspva,39.663,-75.756,-1.800620888,0.003557697,-0.000182037,-0.002543177,0.002487862,-0.000182037,,0,
1786043632909136939,1786043632.906430829,/novatel/oem7/odom,/novatel/oem7/fix,/novatel/oem7/odom,39.663,-75.756,-1.800620888,0.003557823,-0.000179559,0.002363181,-0.002659602,-0.000179559,,,
1786043632910808719,1786043632.909608250,/novatel/oem7/bestpos,/novatel/oem7/bestpos,/novatel/oem7/odom,39.663,-75.756,33.181879582,0.003557823,-0.000179559,0.002363181,-0.002659602,-0.000179559,,novatel_oem7_msgs.msg.SolutionStatus(status=0),novatel_oem7_msgs.msg.PositionOrVelocityType(type=53)
1786043632912235536,1786043632.910490056,/novatel/oem7/bestvel,/novatel/oem7/bestpos,/novatel/oem7/bestvel,39.663,-75.756,33.181879582,0.004083349,-0.000722456,,,,125.320108719,novatel_oem7_msgs.msg.SolutionStatus(status=0),novatel_oem7_msgs.msg.PositionOrVelocityType(type=53)
1786043632915166065,1786043632.914387070,/novatel/oem7/odom,/novatel/oem7/bestpos,/novatel/oem7/odom,39.663,-75.756,33.181879582,0.003557823,-0.000179559,0.002363181,-0.002659602,-0.000179559,,,
1786043632927462482,1786043632.926480372,/novatel/oem7/inspva,/novatel/oem7/inspva,/novatel/oem7/inspva,39.663,-75.756,-1.800647404,0.003416905,-0.002426273,-0.002914479,0.001783550,-0.002426273,,novatel_oem7_msgs.msg.InertialSolutionStatus(status=3),
1786043632929186499,1786043632.926647094,/novatel/oem7/fix,/novatel/oem7/fix,/novatel/oem7/inspva,39.663,-75.756,-1.800647404,0.003416905,-0.002426273,-0.002914479,0.001783550,-0.002426273,,0,
1786043632930607179,1786043632.927224803,/novatel/oem7/odom,/novatel/oem7/fix,/novatel/oem7/odom,39.663,-75.756,-1.800647404,0.003416194,-0.002427273,0.001650083,-0.002991255,-0.002427273,,,
1786043632936000956,1786043632.935026382,/novatel/oem7/odom,/novatel/oem7/fix,/novatel/oem7/odom,39.663,-75.756,-1.800647404,0.003416194,-0.002427273,0.001650083,-0.002991255,-0.002427273,,,
1786043632945806798,1786043632.945015807,/novatel/oem7/inspva,/novatel/oem7/inspva,/novatel/oem7/inspva,39.663,-75.756,-1.800646562,0.004563651,-0.001604194,-0.003255036,0.003198695,-0.001604194,,novatel_oem7_msgs.msg.InertialSolutionStatus(status=3),
1786043632947630442,1786043632.945168501,/novatel/oem7/fix,/novatel/oem7/fix,/novatel/oem7/inspva,39.663,-75.756,-1.800646562,0.004563651,-0.001604194,-0.003255036,0.003198695,-0.001604194,,0,
1786043632948904582,1786043632.945770277,/novatel/oem7/odom,/novatel/oem7/fix,/novatel/oem7/odom,39.663,-75.756,-1.800646562,0.004564755,-0.001601047,0.003044157,-0.003401485,-0.001601047,,,
1786043632957005024,1786043632.956073747,/novatel/oem7/odom,/novatel/oem7/fix,/novatel/oem7/odom,39.663,-75.756,-1.800646562,0.004564755,-0.001601047,0.003044157,-0.003401485,-0.001601047,,,
1786043632966052386,1786043632.965311975,/novatel/oem7/inspva,/novatel/oem7/inspva,/novatel/oem7/inspva,39.663,-75.756,-1.800647444,0.004549747,0.000357950,-0.003251663,0.003182277,0.000357950,,novatel_oem7_msgs.msg.InertialSolutionStatus(status=3),
1786043632968585268,1786043632.965615572,/novatel/oem7/fix,/novatel/oem7/fix,/novatel/oem7/inspva,39.663,-75.756,-1.800647444,0.004549747,0.000357950,-0.003251663,0.003182277,0.000357950,,0,
1786043632970587934,1786043632.966069456,/novatel/oem7/odom,/novatel/oem7/fix,/novatel/oem7/odom,39.663,-75.756,-1.800647444,0.004549485,0.000361264,0.003020618,-0.003402011,0.000361264,,,
1786043632975937723,1786043632.974871107,/novatel/oem7/odom,/novatel/oem7/fix,/novatel/oem7/odom,39.663,-75.756,-1.800647444,0.004549485,0.000361264,0.003020618,-0.003402011,0.000361264,,,
1786043632987258437,1786043632.986185420,/novatel/oem7/inspva,/novatel/oem7/inspva,/novatel/oem7/inspva,39.663,-75.756,-1.800668087,0.003959253,-0.000235459,-0.002380646,0.003163575,-0.000235459,,novatel_oem7_msgs.msg.InertialSolutionStatus(status=3),
1786043632989153386,1786043632.986451229,/novatel/oem7/fix,/novatel/oem7/fix,/novatel/oem7/inspva,39.663,-75.756,-1.800668087,0.003959253,-0.000235459,-0.002380646,0.003163575,-0.000235459,,0,
1786043632990524679,1786043632.988132431,/novatel/oem7/odom,/novatel/oem7/fix,/novatel/oem7/odom,39.663,-75.756,-1.800668087,0.003959563,-0.000230176,0.003046108,-0.002529697,-0.000230176,,,
1786043632995159734,1786043632.994407421,/novatel/oem7/odom,/novatel/oem7/fix,/novatel/oem7/odom,39.663,-75.756,-1.800668087,0.003959563,-0.000230176,0.003046108,-0.002529697,-0.000230176,,,
1786043633009190038,1786043633.008545809,/novatel/oem7/inspva,/novatel/oem7/inspva,/novatel/oem7/inspva,39.663,-75.756,-1.800695094,0.003034670,-0.001757016,-0.002210223,0.002079455,-0.001757016,,novatel_oem7_msgs.msg.InertialSolutionStatus(status=3),
1786043633010985522,1786043633.008760981,/novatel/oem7/fix,/novatel/oem7/fix,/novatel/oem7/inspva,39.663,-75.756,-1.800695094,0.003034670,-0.001757016,-0.002210223,0.002079455,-0.001757016,,0,
1786043633012087646,1786043633.009789781,/novatel/oem7/odom,/novatel/oem7/fix,/novatel/oem7/odom,39.663,-75.756,-1.800695094,0.003035730,-0.001755183,0.001977078,-0.002303654,-0.001755183,,,
1786043633017041922,1786043633.016099057,/novatel/oem7/odom,/novatel/oem7/fix,/novatel/oem7/odom,39.663,-75.756,-1.800695094,0.003035730,-0.001755183,0.001977078,-0.002303654,-0.001755183,,,
1786043633026855945,1786043633.026128164,/novatel/oem7/bestpos,/novatel/oem7/bestpos,/novatel/oem7/odom,39.663,-75.756,33.181823396,0.003035730,-0.001755183,0.001977078,-0.002303654,-0.001755183,,novatel_oem7_msgs.msg.SolutionStatus(status=0),novatel_oem7_msgs.msg.PositionOrVelocityType(type=53)
1786043633028332175,1786043633.026605498,/novatel/oem7/bestvel,/novatel/oem7/bestpos,/novatel/oem7/bestvel,39.663,-75.756,33.181823396,0.003062163,-0.001126593,,,,152.352233132,novatel_oem7_msgs.msg.SolutionStatus(status=0),novatel_oem7_msgs.msg.PositionOrVelocityType(type=53)
1786043633029275961,1786043633.027027739,/novatel/oem7/inspva,/novatel/oem7/inspva,/novatel/oem7/inspva,39.663,-75.756,-1.800698589,0.003351789,-0.001727416,-0.002543368,0.002183065,-0.001727416,,novatel_oem7_msgs.msg.InertialSolutionStatus(status=3),
1786043633030143447,1786043633.027197521,/novatel/oem7/fix,/novatel/oem7/fix,/novatel/oem7/inspva,39.663,-75.756,-1.800698589,0.003351789,-0.001727416,-0.002543368,0.002183065,-0.001727416,,0,
1786043633031204967,1786043633.027600938,/novatel/oem7/odom,/novatel/oem7/fix,/novatel/oem7/odom,39.663,-75.756,-1.800698589,0.003352491,-0.001726055,0.002064478,-0.002641425,-0.001726055,,,
1786043633035706521,1786043633.034685771,/novatel/oem7/odom,/novatel/oem7/fix,/novatel/oem7/odom,39.663,-75.756,-1.800698589,0.003352491,-0.001726055,0.002064478,-0.002641425,-0.001726055,,,
1786043633047664801,1786043633.046709052,/novatel/oem7/inspva,/novatel/oem7/inspva,/novatel/oem7/inspva,39.663,-75.756,-1.800670383,0.005097578,0.000528113,-0.003670562,0.003537270,0.000528113,,novatel_oem7_msgs.msg.InertialSolutionStatus(status=3),
1786043633049838150,1786043633.046949161,/novatel/oem7/fix,/novatel/oem7/fix,/novatel/oem7/inspva,39.663,-75.756,-1.800670383,0.005097578,0.000528113,-0.003670562,0.003537270,0.000528113,,0,
1786043633051126182,1786043633.047461526,/novatel/oem7/odom,/novatel/oem7/fix,/novatel/oem7/odom,39.663,-75.756,-1.800670383,0.005097233,0.000531437,0.003354431,-0.003837913,0.000531437,,,
1786043633057263365,1786043633.056360435,/novatel/oem7/odom,/novatel/oem7/fix,/novatel/oem7/odom,39.663,-75.756,-1.800670383,0.005097233,0.000531437,0.003354431,-0.003837913,0.000531437,,,
1786043633065844466,1786043633.065163920,/novatel/oem7/inspva,/novatel/oem7/inspva,/novatel/oem7/inspva,39.663,-75.756,-1.800657520,0.004434508,0.000583940,-0.002840122,0.003405667,0.000583940,,novatel_oem7_msgs.msg.InertialSolutionStatus(status=3),
1786043633067512823,1786043633.065386078,/novatel/oem7/fix,/novatel/oem7/fix,/novatel/oem7/inspva,39.663,-75.756,-1.800657520,0.004434508,0.000583940,-0.002840122,0.003405667,0.000583940,,0,
1786043633069283046,1786043633.065874033,/novatel/oem7/odom,/novatel/oem7/fix,/novatel/oem7/odom,39.663,-75.756,-1.800657520,0.004433842,0.000588975,0.003262728,-0.003002259,0.000588975,,,
1786043633076835210,1786043633.075676267,/novatel/oem7/odom,/novatel/oem7/fix,/novatel/oem7/odom,39.663,-75.756,-1.800657520,0.004433842,0.000588975,0.003262728,-0.003002259,0.000588975,,,
1786043633086741174,1786043633.085517236,/novatel/oem7/inspva,/novatel/oem7/inspva,/novatel/oem7/inspva,39.663,-75.756,-1.800660121,0.003024961,-0.001290183,-0.002172772,0.002104625,-0.001290183,,novatel_oem7_msgs.msg.InertialSolutionStatus(status=3),
1786043633087936949,1786043633.085796119,/novatel/oem7/fix,/novatel/oem7/fix,/novatel/oem7/inspva,39.663,-75.756,-1.800660121,0.003024961,-0.001290183,-0.002172772,0.002104625,-0.001290183,,0,
1786043633090073097,1786043633.086249772,/novatel/oem7/odom,/novatel/oem7/fix,/novatel/oem7/odom,39.663,-75.756,-1.800660121,0.004433848,0.000588931,0.003262742,-0.003002252,0.000588931,,,
1786043633095813643,1786043633.095026433,/novatel/oem7/odom,/novatel/oem7/fix,/novatel/oem7/odom,39.663,-75.756,-1.800660121,0.003025823,-0.001288160,0.002002361,-0.002268514,-0.001288160,,,
1786043633106677122,1786043633.105954329,/novatel/oem7/inspva,/novatel/oem7/inspva,/novatel/oem7/inspva,39.663,-75.756,-1.800642181,0.003136978,-0.001493252,-0.002268307,0.002166891,-0.001493252,,novatel_oem7_msgs.msg.InertialSolutionStatus(status=3),
1786043633108492147,1786043633.106160384,/novatel/oem7/fix,/novatel/oem7/fix,/novatel/oem7/inspva,39.663,-75.756,-1.800642181,0.003136978,-0.001493252,-0.002268307,0.002166891,-0.001493252,,0,
1786043633109713009,1786043633.106675239,/novatel/oem7/odom,/novatel/oem7/fix,/novatel/oem7/odom,39.663,-75.756,-1.800642181,0.003137941,-0.001491227,0.002060731,-0.002366445,-0.001491227,,,
1786043633111306717,1786043633.109997901,/novatel/oem7/bestpos,/novatel/oem7/bestpos,/novatel/oem7/odom,39.663,-75.756,33.181855328,0.003137941,-0.001491227,0.002060731,-0.002366445,-0.001491227,,novatel_oem7_msgs.msg.SolutionStatus(status=0),novatel_oem7_msgs.msg.PositionOrVelocityType(type=53)
1786043633112877703,1786043633.110721169,/novatel/oem7/bestvel,/novatel/oem7/bestpos,/novatel/oem7/bestvel,39.663,-75.756,33.181855328,0.003486922,-0.000970608,,,,147.093489078,novatel_oem7_msgs.msg.SolutionStatus(status=0),novatel_oem7_msgs.msg.PositionOrVelocityType(type=53)
1786043633115453658,1786043633.114610680,/novatel/oem7/odom,/novatel/oem7/bestpos,/novatel/oem7/odom,39.663,-75.756,33.181855328,0.003137941,-0.001491227,0.002060731,-0.002366445,-0.001491227,,,
1786043633125914740,1786043633.125256246,/novatel/oem7/inspva,/novatel/oem7/inspva,/novatel/oem7/inspva,39.663,-75.756,-1.800610031,0.005466534,0.000382141,-0.004423947,0.003211182,0.000382141,,novatel_oem7_msgs.msg.InertialSolutionStatus(status=3),
1786043633127333351,1786043633.125391180,/novatel/oem7/fix,/novatel/oem7/fix,/novatel/oem7/inspva,39.663,-75.756,-1.800610031,0.005466534,0.000382141,-0.004423947,0.003211182,0.000382141,,0,
1786043633128443692,1786043633.125893124,/novatel/oem7/odom,/novatel/oem7/fix,/novatel/oem7/odom,39.663,-75.756,-1.800610031,0.005466527,0.000382244,0.002993016,-0.004574361,0.000382244,,,
1786043633136592432,1786043633.135543066,/novatel/oem7/odom,/novatel/oem7/fix,/novatel/oem7/odom,39.663,-75.756,-1.800610031,0.005466527,0.000382244,0.002993016,-0.004574361,0.000382244,,,
1786043633145940733,1786043633.145055742,/novatel/oem7/inspva,/novatel/oem7/inspva,/novatel/oem7/inspva,39.663,-75.756,-1.800593951,0.004792188,0.000437308,-0.003406034,0.003371053,0.000437308,,novatel_oem7_msgs.msg.InertialSolutionStatus(status=3),
1786043633147807395,1786043633.145314077,/novatel/oem7/fix,/novatel/oem7/fix,/novatel/oem7/inspva,39.663,-75.756,-1.800593951,0.004792188,0.000437308,-0.003406034,0.003371053,0.000437308,,0,
1786043633148969576,1786043633.145631320,/novatel/oem7/odom,/novatel/oem7/fix,/novatel/oem7/odom,39.663,-75.756,-1.800593951,0.004791879,0.000440681,0.003201471,-0.003565486,0.000440681,,,
1786043633156375365,1786043633.155694702,/novatel/oem7/odom,/novatel/oem7/fix,/novatel/oem7/odom,39.663,-75.756,-1.800593951,0.004791879,0.000440681,0.003201471,-0.003565486,0.000440681,,,
1786043633167162431,1786043633.166574225,/novatel/oem7/inspva,/novatel/oem7/inspva,/novatel/oem7/inspva,39.663,-75.756,-1.800599695,0.002452238,-0.001256237,-0.001857614,0.001600856,-0.001256237,,novatel_oem7_msgs.msg.InertialSolutionStatus(status=3),
1786043633168586165,1786043633.166776027,/novatel/oem7/fix,/novatel/oem7/fix,/novatel/oem7/inspva,39.663,-75.756,-1.800599695,0.002452238,-0.001256237,-0.001857614,0.001600856,-0.001256237,,0,
1786043633169885491,1786043633.167193148,/novatel/oem7/odom,/novatel/oem7/fix,/novatel/oem7/odom,39.663,-75.756,-1.800599695,0.002452791,-0.001255156,0.001514240,-0.001929575,-0.001255156,,,
1786043633176222590,1786043633.175241103,/novatel/oem7/odom,/novatel/oem7/fix,/novatel/oem7/odom,39.663,-75.756,-1.800599695,0.002452791,-0.001255156,0.001514240,-0.001929575,-0.001255156,,,
1786043633186510411,1786043633.185270241,/novatel/oem7/inspva,/novatel/oem7/inspva,/novatel/oem7/inspva,39.663,-75.756,-1.800583051,0.002894709,-0.001377171,-0.002004864,0.002088028,-0.001377171,,novatel_oem7_msgs.msg.InertialSolutionStatus(status=3),
1786043633188577144,1786043633.185641909,/novatel/oem7/fix,/novatel/oem7/fix,/novatel/oem7/inspva,39.663,-75.756,-1.800583051,0.002894709,-0.001377171,-0.002004864,0.002088028,-0.001377171,,0,
1786043633190088946,1786043633.186247105,/novatel/oem7/odom,/novatel/oem7/fix,/novatel/oem7/odom,39.663,-75.756,-1.800583051,0.002895828,-0.001374816,0.001994167,-0.002099789,-0.001374816,,,
1786043633196768231,1786043633.195747434,/novatel/oem7/odom,/novatel/oem7/fix,/novatel/oem7/odom,39.663,-75.756,-1.800583051,0.002895828,-0.001374816,0.001994167,-0.002099789,-0.001374816,,,
1786043633207142605,1786043633.206510536,/novatel/oem7/inspva,/novatel/oem7/inspva,/novatel/oem7/inspva,39.663,-75.756,-1.800559006,0.004947101,-0.000276230,-0.003876269,0.003073816,-0.000276230,,novatel_oem7_msgs.msg.InertialSolutionStatus(status=3),
1786043633208662264,1786043633.206691448,/novatel/oem7/fix,/novatel/oem7/fix,/novatel/oem7/inspva,39.663,-75.756,-1.800559006,0.004947101,-0.000276230,-0.003876269,0.003073816,-0.000276230,,0,
1786043633209796448,1786043633.207100722,/novatel/oem7/odom,/novatel/oem7/fix,/novatel/oem7/odom,39.663,-75.756,-1.800559006,0.004947160,-0.000275170,0.002884583,-0.004019151,-0.000275170,,,
1786043633211472225,1786043633.210523912,/novatel/oem7/bestpos,/novatel/oem7/bestpos,/novatel/oem7/odom,39.663,-75.756,33.181937737,0.004947160,-0.000275170,0.002884583,-0.004019151,-0.000275170,,novatel_oem7_msgs.msg.SolutionStatus(status=0),novatel_oem7_msgs.msg.PositionOrVelocityType(type=53)
1786043633213232605,1786043633.211098321,/novatel/oem7/bestvel,/novatel/oem7/bestpos,/novatel/oem7/bestvel,39.663,-75.756,33.181937737,0.004434663,-0.000224915,,,,143.625509392,novatel_oem7_msgs.msg.SolutionStatus(status=0),novatel_oem7_msgs.msg.PositionOrVelocityType(type=53)
1786043633215927222,1786043633.215167994,/novatel/oem7/odom,/novatel/oem7/bestpos,/novatel/oem7/odom,39.663,-75.756,33.181937737,0.004947160,-0.000275170,0.002884583,-0.004019151,-0.000275170,,,
1786043633226986707,1786043633.226282533,/novatel/oem7/inspva,/novatel/oem7/inspva,/novatel/oem7/inspva,39.663,-75.756,-1.800536750,0.004486225,0.000047220,-0.003488153,0.002821170,0.000047220,,novatel_oem7_msgs.msg.InertialSolutionStatus(status=3),
1786043633228591552,1786043633.226485965,/novatel/oem7/fix,/novatel/oem7/fix,/novatel/oem7/inspva,39.663,-75.756,-1.800536750,0.004486225,0.000047220,-0.003488153,0.002821170,0.000047220,,0,
1786043633229951496,1786043633.226932796,/novatel/oem7/odom,/novatel/oem7/fix,/novatel/oem7/odom,39.663,-75.756,-1.800536750,0.004486213,0.000048345,0.002649759,-0.003620067,0.000048345,,,
1786043633235915807,1786043633.234974308,/novatel/oem7/odom,/novatel/oem7/fix,/novatel/oem7/odom,39.663,-75.756,-1.800536750,0.004486213,0.000048345,0.002649759,-0.003620067,0.000048345,,,
1786043633246264095,1786043633.245376250,/novatel/oem7/inspva,/novatel/oem7/inspva,/novatel/oem7/inspva,39.663,-75.756,-1.800529112,0.002297480,-0.000064562,-0.001649738,0.001598993,-0.000064562,,novatel_oem7_msgs.msg.InertialSolutionStatus(status=3),
1786043633248152417,1786043633.245621479,/novatel/oem7/fix,/novatel/oem7/fix,/novatel/oem7/inspva,39.663,-75.756,-1.800529112,0.002297480,-0.000064562,-0.001649738,0.001598993,-0.000064562,,0,
1786043633249591211,1786043633.246318976,/novatel/oem7/odom,/novatel/oem7/fix,/novatel/oem7/odom,39.663,-75.756,-1.800529112,0.002297523,-0.000063020,0.001517944,-0.001724661,-0.000063020,,,
1786043633257652574,1786043633.256660604,/novatel/oem7/odom,/novatel/oem7/fix,/novatel/oem7/odom,39.663,-75.756,-1.800529112,0.002297523,-0.000063020,0.001517944,-0.001724661,-0.000063020,,,
1786043633266706755,1786043633.265541551,/novatel/oem7/inspva,/novatel/oem7/inspva,/novatel/oem7/inspva,39.663,-75.756,-1.800520812,0.002833977,-0.001145443,-0.002106977,0.001895276,-0.001145443,,novatel_oem7_msgs.msg.InertialSolutionStatus(status=3),
1786043633268018820,1786043633.265945585,/novatel/oem7/fix,/novatel/oem7/fix,/novatel/oem7/inspva,39.663,-75.756,-1.800520812,0.002833977,-0.001145443,-0.002106977,0.001895276,-0.001145443,,0,
1786043633268978243,1786043633.266535881,/novatel/oem7/odom,/novatel/oem7/fix,/novatel/oem7/odom,39.663,-75.756,-1.800520812,0.002834564,-0.001143988,0.001795902,-0.002193054,-0.001143988,,,
1786043633275283013,1786043633.274626816,/novatel/oem7/odom,/novatel/oem7/fix,/novatel/oem7/odom,39.663,-75.756,-1.800520812,0.002834564,-0.001143988,0.001795902,-0.002193054,-0.001143988,,,
1786043633287895385,1786043633.287324164,/novatel/oem7/inspva,/novatel/oem7/inspva,/novatel/oem7/inspva,39.663,-75.756,-1.800512644,0.004293670,-0.001463614,-0.003575215,0.002377697,-0.001463614,,novatel_oem7_msgs.msg.InertialSolutionStatus(status=3),
1786043633289138616,1786043633.287563860,/novatel/oem7/fix,/novatel/oem7/fix,/novatel/oem7/inspva,39.663,-75.756,-1.800512644,0.004293670,-0.001463614,-0.003575215,0.002377697,-0.001463614,,0,
1786043633290219505,1786043633.287991887,/novatel/oem7/odom,/novatel/oem7/fix,/novatel/oem7/odom,39.663,-75.756,-1.800512644,0.004293454,-0.001464249,0.002208250,-0.003682034,-0.001464249,,,
1786043633295971873,1786043633.295304112,/novatel/oem7/odom,/novatel/oem7/fix,/novatel/oem7/odom,39.663,-75.756,-1.800512644,0.004293454,-0.001464249,0.002208250,-0.003682034,-0.001464249,,,
1786043633307019690,1786043633.306035853,/novatel/oem7/inspva,/novatel/oem7/inspva,/novatel/oem7/inspva,39.663,-75.756,-1.800485855,0.004908333,-0.000450454,-0.003752244,0.003164236,-0.000450454,,novatel_oem7_msgs.msg.InertialSolutionStatus(status=3),
1786043633308813111,1786043633.306342973,/novatel/oem7/fix,/novatel/oem7/fix,/novatel/oem7/inspva,39.663,-75.756,-1.800485855,0.004908333,-0.000450454,-0.003752244,0.003164236,-0.000450454,,0,
1786043633310018919,1786043633.306781891,/novatel/oem7/odom,/novatel/oem7/fix,/novatel/oem7/odom,39.663,-75.756,-1.800485855,0.004908488,-0.000448758,0.002981580,-0.003899158,-0.000448758,,,
1786043633311590972,1786043633.310060317,/novatel/oem7/bestpos,/novatel/oem7/bestpos,/novatel/oem7/odom,39.663,-75.756,33.182010720,0.004908488,-0.000448758,0.002981580,-0.003899158,-0.000448758,,novatel_oem7_msgs.msg.SolutionStatus(status=0),novatel_oem7_msgs.msg.PositionOrVelocityType(type=53)
1786043633312595958,1786043633.310488577,/novatel/oem7/bestvel,/novatel/oem7/bestpos,/novatel/oem7/bestvel,39.663,-75.756,33.182010720,0.004780826,-0.000026464,,,,146.777886560,novatel_oem7_msgs.msg.SolutionStatus(status=0),novatel_oem7_msgs.msg.PositionOrVelocityType(type=53)
1786043633316326454,1786043633.315673665,/novatel/oem7/odom,/novatel/oem7/bestpos,/novatel/oem7/odom,39.663,-75.756,33.182010720,0.004908488,-0.000448758,0.002981580,-0.003899158,-0.000448758,,,
1786043633326086360,1786043633.325562358,/novatel/oem7/inspva,/novatel/oem7/inspva,/novatel/oem7/inspva,39.663,-75.756,-1.800471660,0.003015060,0.000241995,-0.002347338,0.001892245,0.000241995,,novatel_oem7_msgs.msg.InertialSolutionStatus(status=3),
1786043633327449553,1786043633.325780097,/novatel/oem7/fix,/novatel/oem7/fix,/novatel/oem7/inspva,39.663,-75.756,-1.800471660,0.003015060,0.000241995,-0.002347338,0.001892245,0.000241995,,0,
1786043633328661062,1786043633.326273118,/novatel/oem7/odom,/novatel/oem7/fix,/novatel/oem7/odom,39.663,-75.756,-1.800471660,0.003014993,0.000242827,0.001776130,-0.002436298,0.000242827,,,
1786043633335389721,1786043633.334741631,/novatel/oem7/odom,/novatel/oem7/fix,/novatel/oem7/odom,39.663,-75.756,-1.800471660,0.003014993,0.000242827,0.001776130,-0.002436298,0.000242827,,,
1786043633346641015,1786043633.346077805,/novatel/oem7/inspva,/novatel/oem7/inspva,/novatel/oem7/inspva,39.663,-75.756,-1.800472155,0.002448667,-0.000615772,-0.001927606,0.001510068,-0.000615772,,novatel_oem7_msgs.msg.InertialSolutionStatus(status=3),
1786043633347977258,1786043633.346322101,/novatel/oem7/fix,/novatel/oem7/fix,/novatel/oem7/inspva,39.663,-75.756,-1.800472155,0.002448667,-0.000615772,-0.001927606,0.001510068,-0.000615772,,0,
1786043633349040598,1786043633.346756169,/novatel/oem7/odom,/novatel/oem7/fix,/novatel/oem7/odom,39.663,-75.756,-1.800472155,0.002448784,-0.000615306,0.001417826,-0.001996575,-0.000615306,,,
1786043633356790070,1786043633.356086903,/novatel/oem7/odom,/novatel/oem7/fix,/novatel/oem7/odom,39.663,-75.756,-1.800472155,0.002448784,-0.000615306,0.001417826,-0.001996575,-0.000615306,,,
1786043633365978824,1786043633.365411741,/novatel/oem7/inspva,/novatel/oem7/inspva,/novatel/oem7/inspva,39.663,-75.756,-1.800476289,0.004203077,-0.002012657,-0.003423608,0.002438188,-0.002012657,,novatel_oem7_msgs.msg.InertialSolutionStatus(status=3),
1786043633367353017,1786043633.365677751,/novatel/oem7/fix,/novatel/oem7/fix,/novatel/oem7/inspva,39.663,-75.756,-1.800476289,0.004203077,-0.002012657,-0.003423608,0.002438188,-0.002012657,,0,
1786043633368475075,1786043633.366210782,/novatel/oem7/odom,/novatel/oem7/fix,/novatel/oem7/odom,39.663,-75.756,-1.800476289,0.004203012,-0.002012793,0.002277969,-0.003532162,-0.002012793,,,
1786043633376325858,1786043633.375662379,/novatel/oem7/odom,/novatel/oem7/fix,/novatel/oem7/odom,39.663,-75.756,-1.800476289,0.004203012,-0.002012793,0.002277969,-0.003532162,-0.002012793,,,
1786043633385782174,1786043633.385210082,/novatel/oem7/inspva,/novatel/oem7/inspva,/novatel/oem7/inspva,39.663,-75.756,-1.800450318,0.003927159,-0.000684572,-0.003499301,0.001782545,-0.000684572,,novatel_oem7_msgs.msg.InertialSolutionStatus(status=3),
1786043633387154377,1786043633.385485035,/novatel/oem7/fix,/novatel/oem7/fix,/novatel/oem7/inspva,39.663,-75.756,-1.800450318,0.003927159,-0.000684572,-0.003499301,0.001782545,-0.000684572,,0,
1786043633388223345,1786043633.385862119,/novatel/oem7/odom,/novatel/oem7/fix,/novatel/oem7/odom,39.663,-75.756,-1.800450318,0.003926700,-0.000687202,0.001614544,-0.003579416,-0.000687202,,,
1786043633395147316,1786043633.394478859,/novatel/oem7/odom,/novatel/oem7/fix,/novatel/oem7/odom,39.663,-75.756,-1.800450318,0.003926700,-0.000687202,0.001614544,-0.003579416,-0.000687202,,,
1786043633407231661,1786043633.406716386,/novatel/oem7/inspva,/novatel/oem7/inspva,/novatel/oem7/inspva,39.663,-75.756,-1.800429623,0.003698965,0.000549754,-0.002746761,0.002477427,0.000549754,,novatel_oem7_msgs.msg.InertialSolutionStatus(status=3),
1786043633408603761,1786043633.406873614,/novatel/oem7/fix,/novatel/oem7/fix,/novatel/oem7/inspva,39.663,-75.756,-1.800429623,0.003698965,0.000549754,-0.002746761,0.002477427,0.000549754,,0,
1786043633409691208,1786043633.407390552,/novatel/oem7/odom,/novatel/oem7/fix,/novatel/oem7/odom,39.663,-75.756,-1.800429623,0.003698699,0.000551544,0.002340282,-0.002864167,0.000551544,,,
1786043633411168736,1786043633.410273898,/novatel/oem7/bestpos,/novatel/oem7/bestpos,/novatel/oem7/odom,39.663,-75.756,33.182056943,0.003698699,0.000551544,0.002340282,-0.002864167,0.000551544,,novatel_oem7_msgs.msg.SolutionStatus(status=0),novatel_oem7_msgs.msg.PositionOrVelocityType(type=53)
1786043633412655824,1786043633.410659614,/novatel/oem7/bestvel,/novatel/oem7/bestpos,/novatel/oem7/bestvel,39.663,-75.756,33.182056943,0.003893231,0.000228933,,,,131.535336002,novatel_oem7_msgs.msg.SolutionStatus(status=0),novatel_oem7_msgs.msg.PositionOrVelocityType(type=53)
1786043633415906896,1786043633.415005560,/novatel/oem7/odom,/novatel/oem7/bestpos,/novatel/oem7/odom,39.663,-75.756,33.182056943,0.003698699,0.000551544,0.002340282,-0.002864167,0.000551544,,,
1786043633425496146,1786043633.424956977,/novatel/oem7/inspva,/novatel/oem7/inspva,/novatel/oem7/inspva,39.663,-75.756,-1.800421019,0.003055794,0.000426029,-0.002408012,0.001881318,0.000426029,,novatel_oem7_msgs.msg.InertialSolutionStatus(status=3),
1786043633426860716,1786043633.425145973,/novatel/oem7/fix,/novatel/oem7/fix,/novatel/oem7/inspva,39.663,-75.756,-1.800421019,0.003055794,0.000426029,-0.002408012,0.001881318,0.000426029,,0,
1786043633427945030,1786043633.425586960,/novatel/oem7/odom,/novatel/oem7/fix,/novatel/oem7/odom,39.663,-75.756,-1.800421019,0.003055717,0.000426582,0.001761615,-0.002496821,0.000426582,,,
1786043633436244462,1786043633.435547578,/novatel/oem7/odom,/novatel/oem7/fix,/novatel/oem7/odom,39.663,-75.756,-1.800421019,0.003055717,0.000426582,0.001761615,-0.002496821,0.000426582,,,
1786043633445890259,1786043633.445306600,/novatel/oem7/inspva,/novatel/oem7/inspva,/novatel/oem7/inspva,39.663,-75.756,-1.800435637,0.002426842,-0.002565106,-0.002213944,0.000993989,-0.002565106,,novatel_oem7_msgs.msg.InertialSolutionStatus(status=3),
1786043633447266700,1786043633.445533356,/novatel/oem7/fix,/novatel/oem7/fix,/novatel/oem7/inspva,39.663,-75.756,-1.800435637,0.002426842,-0.002565106,-0.002213944,0.000993989,-0.002565106,,0,
1786043633448370700,1786043633.446071474,/novatel/oem7/odom,/novatel/oem7/fix,/novatel/oem7/odom,39.663,-75.756,-1.800435637,0.002424537,-0.002567285,0.000895743,-0.002253003,-0.002567285,,,
1786043633458086846,1786043633.457185090,/novatel/oem7/odom,/novatel/oem7/fix,/novatel/oem7/odom,39.663,-75.756,-1.800435637,0.002424537,-0.002567285,0.000895743,-0.002253003,-0.002567285,,,
1786043633466871101,1786043633.466219741,/novatel/oem7/inspva,/novatel/oem7/inspva,/novatel/oem7/inspva,39.663,-75.756,-1.800403901,0.003337493,-0.001150451,-0.002910310,0.001633693,-0.001150451,,novatel_oem7_msgs.msg.InertialSolutionStatus(status=3),
1786043633468264545,1786043633.466607935,/novatel/oem7/fix,/novatel/oem7/fix,/novatel/oem7/inspva,39.663,-75.756,-1.800403901,0.003337493,-0.001150451,-0.002910310,0.001633693,-0.001150451,,0,
1786043633469376469,1786043633.466954095,/novatel/oem7/odom,/novatel/oem7/fix,/novatel/oem7/odom,39.663,-75.756,-1.800403901,0.003336917,-0.001152120,0.001495951,-0.002982808,-0.001152120,,,
1786043633475361158,1786043633.474677404,/novatel/oem7/odom,/novatel/oem7/fix,/novatel/oem7/odom,39.663,-75.756,-1.800403901,0.003336917,-0.001152120,0.001495951,-0.002982808,-0.001152120,,,
1786043633485843973,1786043633.485242614,/novatel/oem7/inspva,/novatel/oem7/inspva,/novatel/oem7/inspva,39.663,-75.756,-1.800365486,0.003710979,0.001701687,-0.002932520,0.002274136,0.001701687,,novatel_oem7_msgs.msg.InertialSolutionStatus(status=3),
1786043633487204194,1786043633.485490754,/novatel/oem7/fix,/novatel/oem7/fix,/novatel/oem7/inspva,39.663,-75.756,-1.800365486,0.003710979,0.001701687,-0.002932520,0.002274136,0.001701687,,0,
1786043633488308251,1786043633.485897998,/novatel/oem7/odom,/novatel/oem7/fix,/novatel/oem7/odom,39.663,-75.756,-1.800365486,0.003710710,0.001702275,0.002123958,-0.003042724,0.001702275,,,
1786043633496246615,1786043633.495577272,/novatel/oem7/odom,/novatel/oem7/fix,/novatel/oem7/odom,39.663,-75.756,-1.800365486,0.003710710,0.001702275,0.002123958,-0.003042724,0.001702275,,,
1786043633506694671,1786043633.506107279,/novatel/oem7/inspva,/novatel/oem7/inspva,/novatel/oem7/inspva,39.663,-75.756,-1.800354244,0.004333126,0.000984894,-0.002920658,0.003200897,0.000984894,,novatel_oem7_msgs.msg.InertialSolutionStatus(status=3),
1786043633508067008,1786043633.506318144,/novatel/oem7/fix,/novatel/oem7/fix,/novatel/oem7/inspva,39.663,-75.756,-1.800354244,0.004333126,0.000984894,-0.002920658,0.003200897,0.000984894,,0,
1786043633509138798,1786043633.506737722,/novatel/oem7/odom,/novatel/oem7/fix,/novatel/oem7/odom,39.663,-75.756,-1.800354244,0.004332248,0.000988752,0.003052939,-0.003073749,0.000988752,,,
1786043633512729950,1786043633.512046114,/novatel/oem7/bestpos,/novatel/oem7/bestpos,/novatel/oem7/odom,39.663,-75.756,33.182124480,0.004332248,0.000988752,0.003052939,-0.003073749,0.000988752,,novatel_oem7_msgs.msg.SolutionStatus(status=0),novatel_oem7_msgs.msg.PositionOrVelocityType(type=53)
1786043633514173951,1786043633.512450154,/novatel/oem7/bestvel,/novatel/oem7/bestpos,/novatel/oem7/bestvel,39.663,-75.756,33.182124480,0.004146952,0.000353785,,,,121.113093856,novatel_oem7_msgs.msg.SolutionStatus(status=0),novatel_oem7_msgs.msg.PositionOrVelocityType(type=53)
1786043633515769630,1786043633.514547671,/novatel/oem7/odom,/novatel/oem7/bestpos,/novatel/oem7/odom,39.663,-75.756,33.182124480,0.004332248,0.000988752,0.003052939,-0.003073749,0.000988752,,,
1786043633527196485,1786043633.526542986,/novatel/oem7/inspva,/novatel/oem7/inspva,/novatel/oem7/inspva,39.663,-75.756,-1.800365837,0.002298114,-0.001853073,-0.001834269,0.001384480,-0.001853073,,novatel_oem7_msgs.msg.InertialSolutionStatus(status=3),
1786043633528588656,1786043633.526851712,/novatel/oem7/fix,/novatel/oem7/fix,/novatel/oem7/inspva,39.663,-75.756,-1.800365837,0.002298114,-0.001853073,-0.001834269,0.001384480,-0.001853073,,0,
1786043633529683622,1786043633.527352893,/novatel/oem7/odom,/novatel/oem7/fix,/novatel/oem7/odom,39.663,-75.756,-1.800365837,0.002298320,-0.001852816,0.001301566,-0.001894255,-0.001852816,,,
1786043633536155310,1786043633.535473036,/novatel/oem7/odom,/novatel/oem7/fix,/novatel/oem7/odom,39.663,-75.756,-1.800365837,0.002298320,-0.001852816,0.001301566,-0.001894255,-0.001852816,,,
1786043633545569922,1786043633.544997086,/novatel/oem7/inspva,/novatel/oem7/inspva,/novatel/oem7/inspva,39.663,-75.756,-1.800346850,0.002597890,-0.001787470,-0.002385082,0.001029767,-0.001787470,,novatel_oem7_msgs.msg.InertialSolutionStatus(status=3),
1786043633546953362,1786043633.545172644,/novatel/oem7/fix,/novatel/oem7/fix,/novatel/oem7/inspva,39.663,-75.756,-1.800346850,0.002597890,-0.001787470,-0.002385082,0.001029767,-0.001787470,,0,
1786043633548048912,1786043633.545642739,/novatel/oem7/odom,/novatel/oem7/fix,/novatel/oem7/odom,39.663,-75.756,-1.800346850,0.002596162,-0.001789980,0.000920391,-0.002427537,-0.001789980,,,
1786043633557458621,1786043633.555883183,/novatel/oem7/odom,/novatel/oem7/fix,/novatel/oem7/odom,39.663,-75.756,-1.800346850,0.002596162,-0.001789980,0.000920391,-0.002427537,-0.001789980,,,
1786043633566030672,1786043633.565395909,/novatel/oem7/inspva,/novatel/oem7/inspva,/novatel/oem7/inspva,39.663,-75.756,-1.800306373,0.004595421,0.001431155,-0.003541779,0.002928087,0.001431155,,novatel_oem7_msgs.msg.InertialSolutionStatus(status=3),
1786043633567392055,1786043633.565739382,/novatel/oem7/fix,/novatel/oem7/fix,/novatel/oem7/inspva,39.663,-75.756,-1.800306373,0.004595421,0.001431155,-0.003541779,0.002928087,0.001431155,,0,
1786043633568496079,1786043633.566226440,/novatel/oem7/odom,/novatel/oem7/fix,/novatel/oem7/odom,39.663,-75.756,-1.800306373,0.004595032,0.001432402,0.002748879,-0.003682117,0.001432402,,,
1786043633575777721,1786043633.575018286,/novatel/oem7/odom,/novatel/oem7/fix,/novatel/oem7/odom,39.663,-75.756,-1.800306373,0.004595032,0.001432402,0.002748879,-0.003682117,0.001432402,,,
1786043633586701064,1786043633.586098815,/novatel/oem7/inspva,/novatel/oem7/inspva,/novatel/oem7/inspva,39.663,-75.756,-1.800291489,0.003790201,0.001177875,-0.003227128,0.001987781,0.001177875,,novatel_oem7_msgs.msg.InertialSolutionStatus(status=3),
1786043633588090751,1786043633.586372921,/novatel/oem7/fix,/novatel/oem7/fix,/novatel/oem7/inspva,39.663,-75.756,-1.800291489,0.003790201,0.001177875,-0.003227128,0.001987781,0.001177875,,0,
1786043633589202755,1786043633.586914030,/novatel/oem7/odom,/novatel/oem7/fix,/novatel/oem7/odom,39.663,-75.756,-1.800291489,0.003790573,0.001176677,0.001825749,-0.003321910,0.001176677,,,
1786043633595475133,1786043633.594755179,/novatel/oem7/odom,/novatel/oem7/fix,/novatel/oem7/odom,39.663,-75.756,-1.800291489,0.003790573,0.001176677,0.001825749,-0.003321910,0.001176677,,,
1786043633606908288,1786043633.606337007,/novatel/oem7/inspva,/novatel/oem7/inspva,/novatel/oem7/inspva,39.663,-75.756,-1.800298983,0.001942509,-0.000997217,-0.001486892,0.001249997,-0.000997217,,novatel_oem7_msgs.msg.InertialSolutionStatus(status=3),
1786043633608240862,1786043633.606605785,/novatel/oem7/fix,/novatel/oem7/fix,/novatel/oem7/inspva,39.663,-75.756,-1.800298983,0.001942509,-0.000997217,-0.001486892,0.001249997,-0.000997217,,0,
1786043633609332702,1786043633.607041880,/novatel/oem7/odom,/novatel/oem7/fix,/novatel/oem7/odom,39.663,-75.756,-1.800298983,0.001942838,-0.000996576,0.001180710,-0.001542901,-0.000996576,,,
1786043633611338176,1786043633.610573208,/novatel/oem7/bestpos,/novatel/oem7/bestpos,/novatel/oem7/odom,39.663,-75.756,33.182186819,0.001942838,-0.000996576,0.001180710,-0.001542901,-0.000996576,,novatel_oem7_msgs.msg.SolutionStatus(status=0),novatel_oem7_msgs.msg.PositionOrVelocityType(type=53)
1786043633612805400,1786043633.611078293,/novatel/oem7/bestvel,/novatel/oem7/bestpos,/novatel/oem7/bestvel,39.663,-75.756,33.182186819,0.001805849,-0.001223156,,,,131.304112979,novatel_oem7_msgs.msg.SolutionStatus(status=0),novatel_oem7_msgs.msg.PositionOrVelocityType(type=53)
1786043633616208666,1786043633.615548007,/novatel/oem7/odom,/novatel/oem7/bestpos,/novatel/oem7/odom,39.663,-75.756,33.182186819,0.001942838,-0.000996576,0.001180710,-0.001542901,-0.000996576,,,
1786043633625959179,1786043633.625374109,/novatel/oem7/inspva,/novatel/oem7/inspva,/novatel/oem7/inspva,39.663,-75.756,-1.800279009,0.001643759,-0.000512772,-0.001431240,0.000808391,-0.000512772,,novatel_oem7_msgs.msg.InertialSolutionStatus(status=3),
1786043633627280065,1786043633.625632942,/novatel/oem7/fix,/novatel/oem7/fix,/novatel/oem7/inspva,39.663,-75.756,-1.800279009,0.001643759,-0.000512772,-0.001431240,0.000808391,-0.000512772,,0,
1786043633628356475,1786043633.626107550,/novatel/oem7/odom,/novatel/oem7/fix,/novatel/oem7/odom,39.663,-75.756,-1.800279009,0.001643500,-0.000513600,0.000740481,-0.001467236,-0.000513600,,,
1786043633635316610,1786043633.634658770,/novatel/oem7/odom,/novatel/oem7/fix,/novatel/oem7/odom,39.663,-75.756,-1.800279009,0.001643500,-0.000513600,0.000740481,-0.001467236,-0.000513600,,,
1786043633647845966,1786043633.647259403,/novatel/oem7/inspva,/novatel/oem7/inspva,/novatel/oem7/inspva,39.663,-75.756,-1.800254369,0.003969380,-0.000027377,-0.003630211,0.001605473,-0.000027377,,novatel_oem7_msgs.msg.InertialSolutionStatus(status=3),
1786043633649216033,1786043633.647523840,/novatel/oem7/fix,/novatel/oem7/fix,/novatel/oem7/inspva,39.663,-75.756,-1.800254369,0.003969380,-0.000027377,-0.003630211,0.001605473,-0.000027377,,0,
1786043633650300053,1786043633.647995211,/novatel/oem7/odom,/novatel/oem7/fix,/novatel/oem7/odom,39.663,-75.756,-1.800254369,0.003969352,-0.000031129,0.001428982,-0.003703210,-0.000031129,,,
1786043633657043119,1786043633.656332296,/novatel/oem7/odom,/novatel/oem7/fix,/novatel/oem7/odom,39.663,-75.756,-1.800254369,0.003969352,-0.000031129,0.001428982,-0.003703210,-0.000031129,,,
1786043633665739341,1786043633.665113225,/novatel/oem7/inspva,/novatel/oem7/inspva,/novatel/oem7/inspva,39.663,-75.756,-1.800224496,0.003460626,0.000738085,-0.003075524,0.001586531,0.000738085,,novatel_oem7_msgs.msg.InertialSolutionStatus(status=3),
1786043633667112141,1786043633.665402188,/novatel/oem7/fix,/novatel/oem7/fix,/novatel/oem7/inspva,39.663,-75.756,-1.800224496,0.003460626,0.000738085,-0.003075524,0.001586531,0.000738085,,0,
1786043633668229462,1786043633.665806975,/novatel/oem7/odom,/novatel/oem7/fix,/novatel/oem7/odom,39.663,-75.756,-1.800224496,0.003461132,0.000735709,0.001433947,-0.003150116,0.000735709,,,
1786043633675274301,1786043633.674596945,/novatel/oem7/odom,/novatel/oem7/fix,/novatel/oem7/odom,39.663,-75.756,-1.800224496,0.003461132,0.000735709,0.001433947,-0.003150116,0.000735709,,,
1786043633686507651,1786043633.685896822,/novatel/oem7/inspva,/novatel/oem7/inspva,/novatel/oem7/inspva,39.663,-75.756,-1.800205498,0.001769178,0.000981791,-0.001414719,0.001062338,0.000981791,,novatel_oem7_msgs.msg.InertialSolutionStatus(status=3),
1786043633687870875,1786043633.686150378,/novatel/oem7/fix,/novatel/oem7/fix,/novatel/oem7/inspva,39.663,-75.756,-1.800205498,0.001769178,0.000981791,-0.001414719,0.001062338,0.000981791,,0,
1786043633688936115,1786043633.686636089,/novatel/oem7/odom,/novatel/oem7/fix,/novatel/oem7/odom,39.663,-75.756,-1.800205498,0.001769121,0.000981894,0.000989346,-0.001466623,0.000981894,,,
1786043633695534003,1786043633.694813283,/novatel/oem7/odom,/novatel/oem7/fix,/novatel/oem7/odom,39.663,-75.756,-1.800205498,0.001769121,0.000981894,0.000989346,-0.001466623,0.000981894,,,
1786043633706370819,1786043633.705870193,/novatel/oem7/inspva,/novatel/oem7/inspva,/novatel/oem7/inspva,39.663,-75.756,-1.800188763,0.001596903,0.000361710,-0.001288115,0.000943853,0.000361710,,novatel_oem7_msgs.msg.InertialSolutionStatus(status=3),
1786043633707734889,1786043633.705958195,/novatel/oem7/fix,/novatel/oem7/fix,/novatel/oem7/inspva,39.663,-75.756,-1.800188763,0.001596903,0.000361710,-0.001288115,0.000943853,0.000361710,,0,
1786043633708809380,1786043633.706572318,/novatel/oem7/odom,/novatel/oem7/fix,/novatel/oem7/odom,39.663,-75.756,-1.800188763,0.001596903,0.000361707,0.000879431,-0.001332930,0.000361707,,,
1786043633710316674,1786043633.709607264,/novatel/oem7/bestpos,/novatel/oem7/bestpos,/novatel/oem7/odom,39.663,-75.756,33.182292375,0.001596903,0.000361707,0.000879431,-0.001332930,0.000361707,,novatel_oem7_msgs.msg.SolutionStatus(status=0),novatel_oem7_msgs.msg.PositionOrVelocityType(type=53)
1786043633711800899,1786043633.710471272,/novatel/oem7/bestvel,/novatel/oem7/bestpos,/novatel/oem7/bestvel,39.663,-75.756,33.182292375,0.001979225,-0.000237091,,,,118.893212233,novatel_oem7_msgs.msg.SolutionStatus(status=0),novatel_oem7_msgs.msg.PositionOrVelocityType(type=53)
1786043633715706903,1786043633.715009763,/novatel/oem7/odom,/novatel/oem7/bestpos,/novatel/oem7/odom,39.663,-75.756,33.182292375,0.001596903,0.000361707,0.000879431,-0.001332930,0.000361707,,,
1786043633725942824,1786043633.725391138,/novatel/oem7/inspva,/novatel/oem7/inspva,/novatel/oem7/inspva,39.663,-75.756,-1.800176296,0.002784198,-0.000794992,-0.002334482,0.001517219,-0.000794992,,novatel_oem7_msgs.msg.InertialSolutionStatus(status=3),
1786043633727262636,1786043633.725614967,/novatel/oem7/fix,/novatel/oem7/fix,/novatel/oem7/inspva,39.663,-75.756,-1.800176296,0.002784198,-0.000794992,-0.002334482,0.001517219,-0.000794992,,0,
1786043633728321787,1786043633.726131822,/novatel/oem7/odom,/novatel/oem7/fix,/novatel/oem7/odom,39.663,-75.756,-1.800176296,0.002783993,-0.000795709,0.001406030,-0.002402852,-0.000795709,,,
1786043633735647595,1786043633.734918335,/novatel/oem7/odom,/novatel/oem7/fix,/novatel/oem7/odom,39.663,-75.756,-1.800176296,0.002783993,-0.000795709,0.001406030,-0.002402852,-0.000795709,,,
1786043633745988940,1786043633.745403581,/novatel/oem7/inspva,/novatel/oem7/inspva,/novatel/oem7/inspva,39.663,-75.756,-1.800141773,0.003072520,-0.000306788,-0.002845687,0.001158641,-0.000306788,,novatel_oem7_msgs.msg.InertialSolutionStatus(status=3),
1786043633747297486,1786043633.745648380,/novatel/oem7/fix,/novatel/oem7/fix,/novatel/oem7/inspva,39.663,-75.756,-1.800141773,0.003072520,-0.000306788,-0.002845687,0.001158641,-0.000306788,,0,
1786043633748335990,1786043633.746102278,/novatel/oem7/odom,/novatel/oem7/fix,/novatel/oem7/odom,39.663,-75.756,-1.800141773,0.003072188,-0.000310096,0.001021494,-0.002897394,-0.000310096,,,
1786043633756537650,1786043633.755822110,/novatel/oem7/odom,/novatel/oem7/fix,/novatel/oem7/odom,39.663,-75.756,-1.800141773,0.003072188,-0.000310096,0.001021494,-0.002897394,-0.000310096,,,
1786043633766021940,1786043633.765475417,/novatel/oem7/inspva,/novatel/oem7/inspva,/novatel/oem7/inspva,39.663,-75.756,-1.800102632,0.002848679,0.002221080,-0.002153018,0.001865337,0.002221080,,novatel_oem7_msgs.msg.InertialSolutionStatus(status=3),
1786043633767354139,1786043633.765722357,/novatel/oem7/fix,/novatel/oem7/fix,/novatel/oem7/inspva,39.663,-75.756,-1.800102632,0.002848679,0.002221080,-0.002153018,0.001865337,0.002221080,,0,
1786043633768437689,1786043633.766272715,/novatel/oem7/odom,/novatel/oem7/fix,/novatel/oem7/odom,39.663,-75.756,-1.800102632,0.002847924,0.002222048,0.001751338,-0.002245771,0.002222048,,,
1786043633776389981,1786043633.775721828,/novatel/oem7/odom,/novatel/oem7/fix,/novatel/oem7/odom,39.663,-75.756,-1.800102632,0.002847924,0.002222048,0.001751338,-0.002245771,0.002222048,,,
1786043633785697598,1786043633.785057666,/novatel/oem7/inspva,/novatel/oem7/inspva,/novatel/oem7/inspva,39.663,-75.756,-1.800085316,0.002407275,0.001129882,-0.002008501,0.001326988,0.001129882,,novatel_oem7_msgs.msg.InertialSolutionStatus(status=3),
1786043633787063699,1786043633.785402456,/novatel/oem7/fix,/novatel/oem7/fix,/novatel/oem7/inspva,39.663,-75.756,-1.800085316,0.002407275,0.001129882,-0.002008501,0.001326988,0.001129882,,0,
1786043633788154722,1786043633.785908147,/novatel/oem7/odom,/novatel/oem7/fix,/novatel/oem7/odom,39.663,-75.756,-1.800085316,0.002407507,0.001129386,0.001224581,-0.002072798,0.001129386,,,
1786043633795136931,1786043633.794449754,/novatel/oem7/odom,/novatel/oem7/fix,/novatel/oem7/odom,39.663,-75.756,-1.800085316,0.002407507,0.001129386,0.001224581,-0.002072798,0.001129386,,,
1786043633807035014,1786043633.806512859,/novatel/oem7/inspva,/novatel/oem7/inspva,/novatel/oem7/inspva,39.663,-75.756,-1.800077411,0.001500362,-0.001015498,-0.001442265,0.000413472,-0.001015498,,novatel_oem7_msgs.msg.InertialSolutionStatus(status=3),
1786043633808389297,1786043633.806663597,/novatel/oem7/fix,/novatel/oem7/fix,/novatel/oem7/inspva,39.663,-75.756,-1.800077411,0.001500362,-0.001015498,-0.001442265,0.000413472,-0.001015498,,0,
1786043633809500261,1786043633.807438305,/novatel/oem7/odom,/novatel/oem7/fix,/novatel/oem7/odom,39.663,-75.756,-1.800077411,0.001498795,-0.001017810,0.000347339,-0.001457992,-0.001017810,,,
1786043633811037863,1786043633.810288869,/novatel/oem7/bestpos,/novatel/oem7/bestpos,/novatel/oem7/odom,39.663,-75.756,33.182428816,0.001498795,-0.001017810,0.000347339,-0.001457992,-0.001017810,,novatel_oem7_msgs.msg.SolutionStatus(status=0),novatel_oem7_msgs.msg.PositionOrVelocityType(type=53)
1786043633812527901,1786043633.810611539,/novatel/oem7/bestvel,/novatel/oem7/bestpos,/novatel/oem7/bestvel,39.663,-75.756,33.182428816,0.001981372,-0.000151147,,,,207.104500572,novatel_oem7_msgs.msg.SolutionStatus(status=0),novatel_oem7_msgs.msg.PositionOrVelocityType(type=53)
1786043633815781087,1786043633.815099636,/novatel/oem7/odom,/novatel/oem7/bestpos,/novatel/oem7/odom,39.663,-75.756,33.182428816,0.001498795,-0.001017810,0.000347339,-0.001457992,-0.001017810,,,
1786043633825701590,1786043633.825095034,/novatel/oem7/inspva,/novatel/oem7/inspva,/novatel/oem7/inspva,39.663,-75.756,-1.800042025,0.002710448,-0.000449239,-0.002526513,0.000981458,-0.000449239,,novatel_oem7_msgs.msg.InertialSolutionStatus(status=3),
1786043633827060477,1786043633.825467051,/novatel/oem7/fix,/novatel/oem7/fix,/novatel/oem7/inspva,39.663,-75.756,-1.800042025,0.002710448,-0.000449239,-0.002526513,0.000981458,-0.000449239,,0,
1786043633828137864,1786043633.825948719,/novatel/oem7/odom,/novatel/oem7/fix,/novatel/oem7/odom,39.663,-75.756,-1.800042025,0.002709922,-0.000452398,0.000860436,-0.002569694,-0.000452398,,,
1786043633835445595,1786043633.834751939,/novatel/oem7/odom,/novatel/oem7/fix,/novatel/oem7/odom,39.663,-75.756,-1.800042025,0.002709922,-0.000452398,0.000860436,-0.002569694,-0.000452398,,,
1786043633845908448,1786043633.845345896,/novatel/oem7/inspva,/novatel/oem7/inspva,/novatel/oem7/inspva,39.663,-75.756,-1.799993889,0.003198966,0.002319808,-0.002762741,0.001612651,0.002319808,,novatel_oem7_msgs.msg.InertialSolutionStatus(status=3),
1786043633847270655,1786043633.845596825,/novatel/oem7/fix,/novatel/oem7/fix,/novatel/oem7/inspva,39.663,-75.756,-1.799993889,0.003198966,0.002319808,-0.002762741,0.001612651,0.002319808,,0,
1786043633848385262,1786043633.845984802,/novatel/oem7/odom,/novatel/oem7/fix,/novatel/oem7/odom,39.663,-75.756,-1.799993889,0.003200099,0.002318245,0.001469250,-0.002842874,0.002318245,,,
1786043633857282576,1786043633.856579256,/novatel/oem7/odom,/novatel/oem7/fix,/novatel/oem7/odom,39.663,-75.756,-1.799993889,0.003200099,0.002318245,0.001469250,-0.002842874,0.002318245,,,
1786043633866771139,1786043633.866148423,/novatel/oem7/inspva,/novatel/oem7/inspva,/novatel/oem7/inspva,39.663,-75.756,-1.799967551,0.002767597,0.002149731,-0.002482206,0.001224028,0.002149731,,novatel_oem7_msgs.msg.InertialSolutionStatus(status=3),
1786043633868109585,1786043633.866506543,/novatel/oem7/fix,/novatel/oem7/fix,/novatel/oem7/inspva,39.663,-75.756,-1.799967551,0.002767597,0.002149731,-0.002482206,0.001224028,0.002149731,,0,
1786043633869180855,1786043633.866884273,/novatel/oem7/odom,/novatel/oem7/fix,/novatel/oem7/odom,39.663,-75.756,-1.799967551,0.002769300,0.002147536,0.001095248,-0.002543513,0.002147536,,,
1786043633875227612,1786043633.874537688,/novatel/oem7/odom,/novatel/oem7/fix,/novatel/oem7/odom,39.663,-75.756,-1.799967551,0.002769300,0.002147536,0.001095248,-0.002543513,0.002147536,,,
1786043633886624493,1786043633.885268263,/novatel/oem7/inspva,/novatel/oem7/inspva,/novatel/oem7/inspva,39.663,-75.756,-1.799961925,0.001253071,-0.000838493,-0.001234906,0.000212594,-0.000838493,,novatel_oem7_msgs.msg.InertialSolutionStatus(status=3),
1786043633888006680,1786043633.885685054,/novatel/oem7/fix,/novatel/oem7/fix,/novatel/oem7/inspva,39.663,-75.756,-1.799961925,0.001253071,-0.000838493,-0.001234906,0.000212594,-0.000838493,,0,
1786043633889106827,1786043633.886258846,/novatel/oem7/odom,/novatel/oem7/fix,/novatel/oem7/odom,39.663,-75.756,-1.799961925,0.002769282,0.002147560,0.001095275,-0.002543481,0.002147560,,,
1786043633895821530,1786043633.895141680,/novatel/oem7/odom,/novatel/oem7/fix,/novatel/oem7/odom,39.663,-75.756,-1.799961925,0.001251413,-0.000840966,0.000156028,-0.001241648,-0.000840966,,,
1786043633906275709,1786043633.905734673,/novatel/oem7/inspva,/novatel/oem7/inspva,/novatel/oem7/inspva,39.663,-75.756,-1.799925343,0.001737203,-0.000427027,-0.001737197,0.000004583,-0.000427027,,novatel_oem7_msgs.msg.InertialSolutionStatus(status=3),
1786043633907646169,1786043633.905932439,/novatel/oem7/fix,/novatel/oem7/fix,/novatel/oem7/inspva,39.663,-75.756,-1.799925343,0.001737203,-0.000427027,-0.001737197,0.000004583,-0.000427027,,0,
1786043633908724426,1786043633.906462270,/novatel/oem7/odom,/novatel/oem7/fix,/novatel/oem7/odom,39.663,-75.756,-1.799925343,0.001736083,-0.000431557,-0.000077417,-0.001734356,-0.000431557,,,
1786043633910254997,1786043633.908894155,/novatel/oem7/bestpos,/novatel/oem7/bestpos,/novatel/oem7/odom,39.663,-75.756,33.182580293,0.001736083,-0.000431557,-0.000077417,-0.001734356,-0.000431557,,novatel_oem7_msgs.msg.SolutionStatus(status=0),novatel_oem7_msgs.msg.PositionOrVelocityType(type=53)
1786043633911256361,1786043633.909586958,/novatel/oem7/bestvel,/novatel/oem7/bestpos,/novatel/oem7/bestvel,39.663,-75.756,33.182580293,0.002513939,0.000393877,,,,201.077051256,novatel_oem7_msgs.msg.SolutionStatus(status=0),novatel_oem7_msgs.msg.PositionOrVelocityType(type=53)
1786043633915312507,1786043633.914470083,/novatel/oem7/odom,/novatel/oem7/bestpos,/novatel/oem7/odom,39.663,-75.756,33.182580293,0.001736083,-0.000431557,-0.000077417,-0.001734356,-0.000431557,,,
1786043633926092596,1786043633.925535704,/novatel/oem7/inspva,/novatel/oem7/inspva,/novatel/oem7/inspva,39.663,-75.756,-1.799890968,0.003804104,0.001005370,-0.003299164,0.001893864,0.001005370,,novatel_oem7_msgs.msg.InertialSolutionStatus(status=3),
1786043633927456156,1786043633.925737204,/novatel/oem7/fix,/novatel/oem7/fix,/novatel/oem7/inspva,39.663,-75.756,-1.799890968,0.003804104,0.001005370,-0.003299164,0.001893864,0.001005370,,0,
1786043633928525363,1786043633.926509594,/novatel/oem7/odom,/novatel/oem7/fix,/novatel/oem7/odom,39.663,-75.756,-1.799890968,0.003804624,0.001003398,0.001729223,-0.003388946,0.001003398,,,
1786043633935545402,1786043633.934852202,/novatel/oem7/odom,/novatel/oem7/fix,/novatel/oem7/odom,39.663,-75.756,-1.799890968,0.003804624,0.001003398,0.001729223,-0.003388946,0.001003398,,,
1786043633945512210,1786043633.944957138,/novatel/oem7/inspva,/novatel/oem7/inspva,/novatel/oem7/inspva,39.663,-75.756,-1.799860547,0.002639273,0.001513958,-0.002607997,0.000405112,0.001513958,,novatel_oem7_msgs.msg.InertialSolutionStatus(status=3),
1786043633946878656,1786043633.945127390,/novatel/oem7/fix,/novatel/oem7/fix,/novatel/oem7/inspva,39.663,-75.756,-1.799860547,0.002639273,0.001513958,-0.002607997,0.000405112,0.001513958,,0,
1786043633947974377,1786043633.945630461,/novatel/oem7/odom,/novatel/oem7/fix,/novatel/oem7/odom,39.663,-75.756,-1.799860547,0.002642401,0.001508493,0.000273554,-0.002628203,0.001508493,,,
1786043633956733369,1786043633.956031919,/novatel/oem7/odom,/novatel/oem7/fix,/novatel/oem7/odom,39.663,-75.756,-1.799860547,0.002642401,0.001508493,0.000273554,-0.002628203,0.001508493,,,
1786043633965789421,1786043633.965250566,/novatel/oem7/inspva,/novatel/oem7/inspva,/novatel/oem7/inspva,39.663,-75.756,-1.799858059,0.000692520,-0.000296856,-0.000529369,-0.000446490,-0.000296856,,novatel_oem7_msgs.msg.InertialSolutionStatus(status=3),
1786043633967155781,1786043633.965437464,/novatel/oem7/fix,/novatel/oem7/fix,/novatel/oem7/inspva,39.663,-75.756,-1.799858059,0.000692520,-0.000296856,-0.000529369,-0.000446490,-0.000296856,,0,
1786043633968271115,1786043633.965776551,/novatel/oem7/odom,/novatel/oem7/fix,/novatel/oem7/odom,39.663,-75.756,-1.799858059,0.000691230,-0.000299847,-0.000470328,-0.000506548,-0.000299847,,,
1786043633975531556,1786043633.974842177,/novatel/oem7/odom,/novatel/oem7/fix,/novatel/oem7/odom,39.663,-75.756,-1.799858059,0.000691230,-0.000299847,-0.000470328,-0.000506548,-0.000299847,,,
1786043633986645979,1786043633.986056165,/novatel/oem7/inspva,/novatel/oem7/inspva,/novatel/oem7/inspva,39.663,-75.756,-1.799836773,0.001156931,-0.000444943,-0.001108702,-0.000330560,-0.000444943,,novatel_oem7_msgs.msg.InertialSolutionStatus(status=3),
1786043633988008392,1786043633.986278492,/novatel/oem7/fix,/novatel/oem7/fix,/novatel/oem7/inspva,39.663,-75.756,-1.799836773,0.001156931,-0.000444943,-0.001108702,-0.000330560,-0.000444943,,0,
1786043633989324475,1786043633.986821654,/novatel/oem7/odom,/novatel/oem7/fix,/novatel/oem7/odom,39.663,-75.756,-1.799836773,0.001155352,-0.000449029,-0.000381856,-0.001090424,-0.000449029,,,
1786043633995106975,1786043633.994412928,/novatel/oem7/odom,/novatel/oem7/fix,/novatel/oem7/odom,39.663,-75.756,-1.799836773,0.001155352,-0.000449029,-0.000381856,-0.001090424,-0.000449029,,,
1786043634008964231,1786043634.008410893,/novatel/oem7/inspva,/novatel/oem7/inspva,/novatel/oem7/inspva,39.663,-75.756,-1.799814832,0.003401275,0.000258239,-0.003192871,0.001172281,0.000258239,,novatel_oem7_msgs.msg.InertialSolutionStatus(status=3),
1786043634010341561,1786043634.008589481,/novatel/oem7/fix,/novatel/oem7/fix,/novatel/oem7/inspva,39.663,-75.756,-1.799814832,0.003401275,0.000258239,-0.003192871,0.001172281,0.000258239,,0,
1786043634011462792,1786043634.009762908,/novatel/oem7/odom,/novatel/oem7/fix,/novatel/oem7/odom,39.663,-75.756,-1.799814832,0.003401594,0.000253993,0.001016374,-0.003246202,0.000253993,,,
1786043634017530068,1786043634.016827698,/novatel/oem7/odom,/novatel/oem7/fix,/novatel/oem7/odom,39.663,-75.756,-1.799814832,0.003401594,0.000253993,0.001016374,-0.003246202,0.000253993,,,
1786043634027162866,1786043634.026539461,/novatel/oem7/bestpos,/novatel/oem7/bestpos,/novatel/oem7/odom,39.663,-75.756,33.182679661,0.003401594,0.000253993,0.001016374,-0.003246202,0.000253993,,novatel_oem7_msgs.msg.SolutionStatus(status=0),novatel_oem7_msgs.msg.PositionOrVelocityType(type=53)
1786043634028648023,1786043634.027026297,/novatel/oem7/bestvel,/novatel/oem7/bestpos,/novatel/oem7/bestvel,39.663,-75.756,33.182679661,0.003030934,0.000734030,,,,178.764228337,novatel_oem7_msgs.msg.SolutionStatus(status=0),novatel_oem7_msgs.msg.PositionOrVelocityType(type=53)
1786043634029583903,1786043634.027444412,/novatel/oem7/inspva,/novatel/oem7/inspva,/novatel/oem7/inspva,39.663,-75.756,-1.799791708,0.003487231,0.000512903,-0.003233362,0.001306197,0.000512903,,novatel_oem7_msgs.msg.InertialSolutionStatus(status=3),
1786043634030411841,1786043634.027569613,/novatel/oem7/fix,/novatel/oem7/fix,/novatel/oem7/inspva,39.663,-75.756,-1.799791708,0.003487231,0.000512903,-0.003233362,0.001306197,0.000512903,,0,
1786043634031482738,1786043634.027982944,/novatel/oem7/odom,/novatel/oem7/fix,/novatel/oem7/odom,39.663,-75.756,-1.799791708,0.003487796,0.000509045,0.001147223,-0.003293722,0.000509045,,,
1786043634035457267,1786043634.034775166,/novatel/oem7/odom,/novatel/oem7/fix,/novatel/oem7/odom,39.663,-75.756,-1.799791708,0.003487796,0.000509045,0.001147223,-0.003293722,0.000509045,,,
1786043634047320416,1786043634.046774074,/novatel/oem7/inspva,/novatel/oem7/inspva,/novatel/oem7/inspva,39.663,-75.756,-1.799773014,0.001285418,0.001582110,-0.001067134,-0.000716606,0.001582110,,novatel_oem7_msgs.msg.InertialSolutionStatus(status=3),
1786043634049020220,1786043634.046961229,/novatel/oem7/fix,/novatel/oem7/fix,/novatel/oem7/inspva,39.663,-75.756,-1.799773014,0.001285418,0.001582110,-0.001067134,-0.000716606,0.001582110,,0,
1786043634050464554,1786043634.047407087,/novatel/oem7/odom,/novatel/oem7/fix,/novatel/oem7/odom,39.663,-75.756,-1.799773014,0.001292028,0.001576717,-0.000772990,-0.001035288,0.001576717,,,
1786043634056834422,1786043634.056127825,/novatel/oem7/odom,/novatel/oem7/fix,/novatel/oem7/odom,39.663,-75.756,-1.799773014,0.001292028,0.001576717,-0.000772990,-0.001035288,0.001576717,,,
1786043634065665316,1786043634.065075698,/novatel/oem7/inspva,/novatel/oem7/inspva,/novatel/oem7/inspva,39.663,-75.756,-1.799776774,0.001098842,0.000534156,-0.001070678,-0.000247189,0.000534156,,novatel_oem7_msgs.msg.InertialSolutionStatus(status=3),
1786043634067042149,1786043634.065241631,/novatel/oem7/fix,/novatel/oem7/fix,/novatel/oem7/inspva,39.663,-75.756,-1.799776774,0.001098842,0.000534156,-0.001070678,-0.000247189,0.000534156,,0,
1786043634068148577,1786043634.065615075,/novatel/oem7/odom,/novatel/oem7/fix,/novatel/oem7/odom,39.663,-75.756,-1.799776774,0.001100630,0.000530462,-0.000300395,-0.001058844,0.000530462,,,
1786043634076351773,1786043634.075652894,/novatel/oem7/odom,/novatel/oem7/fix,/novatel/oem7/odom,39.663,-75.756,-1.799776774,0.001100630,0.000530462,-0.000300395,-0.001058844,0.000530462,,,
1786043634086078826,1786043634.085500654,/novatel/oem7/inspva,/novatel/oem7/inspva,/novatel/oem7/inspva,39.663,-75.756,-1.799767754,0.003166880,-0.000074835,-0.003023968,0.000940608,-0.000074835,,novatel_oem7_msgs.msg.InertialSolutionStatus(status=3),
1786043634087498460,1786043634.085698276,/novatel/oem7/fix,/novatel/oem7/fix,/novatel/oem7/inspva,39.663,-75.756,-1.799767754,0.003166880,-0.000074835,-0.003023968,0.000940608,-0.000074835,,0,
1786043634088616634,1786043634.086401922,/novatel/oem7/odom,/novatel/oem7/fix,/novatel/oem7/odom,39.663,-75.756,-1.799767754,0.003166768,-0.000079434,0.000794273,-0.003065542,-0.000079434,,,
1786043634095813708,1786043634.095110071,/novatel/oem7/odom,/novatel/oem7/fix,/novatel/oem7/odom,39.663,-75.756,-1.799767754,0.003166768,-0.000079434,0.000794273,-0.003065542,-0.000079434,,,
1786043634106363611,1786043634.105842417,/novatel/oem7/inspva,/novatel/oem7/inspva,/novatel/oem7/inspva,39.663,-75.756,-1.799750699,0.002786201,0.000668610,-0.002680910,0.000758708,0.000668610,,novatel_oem7_msgs.msg.InertialSolutionStatus(status=3),
1786043634107918359,1786043634.105958712,/novatel/oem7/fix,/novatel/oem7/fix,/novatel/oem7/inspva,39.663,-75.756,-1.799750699,0.002786201,0.000668610,-0.002680910,0.000758708,0.000668610,,0,
1786043634109041213,1786043634.106393564,/novatel/oem7/odom,/novatel/oem7/fix,/novatel/oem7/odom,39.663,-75.756,-1.799750699,0.002787237,0.000664278,0.000626342,-0.002715950,0.000664278,,,
1786043634110615679,1786043634.109540605,/novatel/oem7/bestpos,/novatel/oem7/bestpos,/novatel/oem7/odom,39.663,-75.756,33.182756527,0.002787237,0.000664278,0.000626342,-0.002715950,0.000664278,,novatel_oem7_msgs.msg.SolutionStatus(status=0),novatel_oem7_msgs.msg.PositionOrVelocityType(type=53)
1786043634112075983,1786043634.110216175,/novatel/oem7/bestvel,/novatel/oem7/bestpos,/novatel/oem7/bestvel,39.663,-75.756,33.182756527,0.002925683,0.001148482,,,,178.028261091,novatel_oem7_msgs.msg.SolutionStatus(status=0),novatel_oem7_msgs.msg.PositionOrVelocityType(type=53)
1786043634115149260,1786043634.114468403,/novatel/oem7/odom,/novatel/oem7/bestpos,/novatel/oem7/odom,39.663,-75.756,33.182756527,0.002787237,0.000664278,0.000626342,-0.002715950,0.000664278,,,
1786043634125877312,1786043634.125338896,/novatel/oem7/inspva,/novatel/oem7/inspva,/novatel/oem7/inspva,39.663,-75.756,-1.799728884,0.002198341,0.002094212,-0.001977809,0.000959674,0.002094212,,novatel_oem7_msgs.msg.InertialSolutionStatus(status=3),
1786043634127245695,1786043634.125510071,/novatel/oem7/fix,/novatel/oem7/fix,/novatel/oem7/inspva,39.663,-75.756,-1.799728884,0.002198341,0.002094212,-0.001977809,0.000959674,0.002094212,,0,
1786043634128328392,1786043634.126162721,/novatel/oem7/odom,/novatel/oem7/fix,/novatel/oem7/odom,39.663,-75.756,-1.799728884,0.002200051,0.002092415,0.000855583,-0.002026871,0.002092415,,,
1786043634136231413,1786043634.135574410,/novatel/oem7/odom,/novatel/oem7/fix,/novatel/oem7/odom,39.663,-75.756,-1.799728884,0.002200051,0.002092415,0.000855583,-0.002026871,0.002092415,,,
1786043634145861518,1786043634.145214944,/novatel/oem7/inspva,/novatel/oem7/inspva,/novatel/oem7/inspva,39.663,-75.756,-1.799727366,0.001185909,0.001494616,-0.001152415,0.000279854,0.001494616,,novatel_oem7_msgs.msg.InertialSolutionStatus(status=3),
1786043634147234031,1786043634.145514188,/novatel/oem7/fix,/novatel/oem7/fix,/novatel/oem7/inspva,39.663,-75.756,-1.799727366,0.001185909,0.001494616,-0.001152415,0.000279854,0.001494616,,0,
1786043634148342092,1786043634.145891171,/novatel/oem7/odom,/novatel/oem7/fix,/novatel/oem7/odom,39.663,-75.756,-1.799727366,0.001188468,0.001492582,0.000218499,-0.001168210,0.001492582,,,
1786043634156361654,1786043634.155685424,/novatel/oem7/odom,/novatel/oem7/fix,/novatel/oem7/odom,39.663,-75.756,-1.799727366,0.001188468,0.001492582,0.000218499,-0.001168210,0.001492582,,,
1786043634167188860,1786043634.166661344,/novatel/oem7/inspva,/novatel/oem7/inspva,/novatel/oem7/inspva,39.663,-75.756,-1.799735165,0.002346712,-0.001200318,-0.002341348,-0.000158581,-0.001200318,,novatel_oem7_msgs.msg.InertialSolutionStatus(status=3),
1786043634168578236,1786043634.166801323,/novatel/oem7/fix,/novatel/oem7/fix,/novatel/oem7/inspva,39.663,-75.756,-1.799735165,0.002346712,-0.001200318,-0.002341348,-0.000158581,-0.001200318,,0,
1786043634169714501,1786043634.167369725,/novatel/oem7/odom,/novatel/oem7/fix,/novatel/oem7/odom,39.663,-75.756,-1.799735165,0.002343289,-0.001206987,-0.000266666,-0.002328067,-0.001206987,,,
1786043634175858381,1786043634.175145574,/novatel/oem7/odom,/novatel/oem7/fix,/novatel/oem7/odom,39.663,-75.756,-1.799735165,0.002343289,-0.001206987,-0.000266666,-0.002328067,-0.001206987,,,
1786043634185789225,1786043634.185216978,/novatel/oem7/inspva,/novatel/oem7/inspva,/novatel/oem7/inspva,39.663,-75.756,-1.799715678,0.002070305,-0.000150500,-0.002044429,0.000326306,-0.000150500,,novatel_oem7_msgs.msg.InertialSolutionStatus(status=3),
1786043634187129312,1786043634.185467072,/novatel/oem7/fix,/novatel/oem7/fix,/novatel/oem7/inspva,39.663,-75.756,-1.799715678,0.002070305,-0.000150500,-0.002044429,0.000326306,-0.000150500,,0,
1786043634188216982,1786043634.186032911,/novatel/oem7/odom,/novatel/oem7/fix,/novatel/oem7/odom,39.663,-75.756,-1.799715678,0.002069996,-0.000154701,0.000228099,-0.002057390,-0.000154701,,,
1786043634196325548,1786043634.195634271,/novatel/oem7/odom,/novatel/oem7/fix,/novatel/oem7/odom,39.663,-75.756,-1.799715678,0.002069996,-0.000154701,0.000228099,-0.002057390,-0.000154701,,,
1786043634207312192,1786043634.206536089,/novatel/oem7/inspva,/novatel/oem7/inspva,/novatel/oem7/inspva,39.663,-75.756,-1.799682862,0.002770951,0.002718283,-0.002473573,0.001248842,0.002718283,,novatel_oem7_msgs.msg.InertialSolutionStatus(status=3),
1786043634208768280,1786043634.206628603,/novatel/oem7/fix,/novatel/oem7/fix,/novatel/oem7/inspva,39.663,-75.756,-1.799682862,0.002770951,0.002718283,-0.002473573,0.001248842,0.002718283,,0,
1786043634209889098,1786043634.207500007,/novatel/oem7/odom,/novatel/oem7/fix,/novatel/oem7/odom,39.663,-75.756,-1.799682862,0.002772948,0.002716246,0.001118195,-0.002537494,0.002716246,,,
1786043634211183399,1786043634.210188800,/novatel/oem7/bestpos,/novatel/oem7/bestpos,/novatel/oem7/odom,39.663,-75.756,33.182798435,0.002772948,0.002716246,0.001118195,-0.002537494,0.002716246,,novatel_oem7_msgs.msg.SolutionStatus(status=0),novatel_oem7_msgs.msg.PositionOrVelocityType(type=53)
1786043634211777768,1786043634.210646079,/novatel/oem7/bestvel,/novatel/oem7/bestpos,/novatel/oem7/bestvel,39.663,-75.756,33.182798435,0.003200882,0.001654106,,,,125.298917702,novatel_oem7_msgs.msg.SolutionStatus(status=0),novatel_oem7_msgs.msg.PositionOrVelocityType(type=53)
1786043634215330708,1786043634.214912954,/novatel/oem7/odom,/novatel/oem7/bestpos,/novatel/oem7/odom,39.663,-75.756,33.182798435,0.002772948,0.002716246,0.001118195,-0.002537494,0.002716246,,,
1786043634226828512,1786043634.226461334,/novatel/oem7/inspva,/novatel/oem7/inspva,/novatel/oem7/inspva,39.663,-75.756,-1.799693184,0.001684623,0.001051048,-0.001550963,0.000657625,0.001051048,,novatel_oem7_msgs.msg.InertialSolutionStatus(status=3),
1786043634227652165,1786043634.226590535,/novatel/oem7/fix,/novatel/oem7/fix,/novatel/oem7/inspva,39.663,-75.756,-1.799693184,0.001684623,0.001051048,-0.001550963,0.000657625,0.001051048,,0,
1786043634228285627,1786043634.227024585,/novatel/oem7/odom,/novatel/oem7/fix,/novatel/oem7/odom,39.663,-75.756,-1.799693184,0.001685684,0.001049345,0.000578325,-0.001583374,0.001049345,,,
1786043634235184155,1786043634.234507349,/novatel/oem7/odom,/novatel/oem7/fix,/novatel/oem7/odom,39.663,-75.756,-1.799693184,0.001685684,0.001049345,0.000578325,-0.001583374,0.001049345,,,
1786043634246064109,1786043634.245383658,/novatel/oem7/inspva,/novatel/oem7/inspva,/novatel/oem7/inspva,39.663,-75.756,-1.799707137,0.001840493,-0.001128459,-0.001742109,-0.000593694,-0.001128459,,novatel_oem7_msgs.msg.InertialSolutionStatus(status=3),
1786043634247533616,1786043634.245649821,/novatel/oem7/fix,/novatel/oem7/fix,/novatel/oem7/inspva,39.663,-75.756,-1.799707137,0.001840493,-0.001128459,-0.001742109,-0.000593694,-0.001128459,,0,
1786043634248654847,1786043634.246313021,/novatel/oem7/odom,/novatel/oem7/fix,/novatel/oem7/odom,39.663,-75.756,-1.799707137,0.001836396,-0.001135114,-0.000672663,-0.001708764,-0.001135114,,,
1786043634257471333,1786043634.256747819,/novatel/oem7/odom,/novatel/oem7/fix,/novatel/oem7/odom,39.663,-75.756,-1.799707137,0.001836396,-0.001135114,-0.000672663,-0.001708764,-0.001135114,,,
1786043634265769478,1786043634.265191716,/novatel/oem7/inspva,/novatel/oem7/inspva,/novatel/oem7/inspva,39.663,-75.756,-1.799698995,0.002072256,-0.000892102,-0.002071655,-0.000049936,-0.000892102,,novatel_oem7_msgs.msg.InertialSolutionStatus(status=3),
1786043634267109255,1786043634.265444408,/novatel/oem7/fix,/novatel/oem7/fix,/novatel/oem7/inspva,39.663,-75.756,-1.799698995,0.002072256,-0.000892102,-0.002071655,-0.000049936,-0.000892102,,0,
1786043634268189312,1786043634.265992260,/novatel/oem7/odom,/novatel/oem7/fix,/novatel/oem7/odom,39.663,-75.756,-1.799698995,0.002069843,-0.000897687,-0.000146273,-0.002064668,-0.000897687,,,
1786043634275384796,1786043634.274656075,/novatel/oem7/odom,/novatel/oem7/fix,/novatel/oem7/odom,39.663,-75.756,-1.799698995,0.002069843,-0.000897687,-0.000146273,-0.002064668,-0.000897687,,,
1786043634287305039,1786043634.286764087,/novatel/oem7/inspva,/novatel/oem7/inspva,/novatel/oem7/inspva,39.663,-75.756,-1.799675058,0.003005574,0.001680500,-0.003005543,-0.000013791,0.001680500,,novatel_oem7_msgs.msg.InertialSolutionStatus(status=3),
1786043634288693912,1786043634.286963475,/novatel/oem7/fix,/novatel/oem7/fix,/novatel/oem7/inspva,39.663,-75.756,-1.799675058,0.003005574,0.001680500,-0.003005543,-0.000013791,0.001680500,,0,
1786043634289775423,1786043634.287778407,/novatel/oem7/odom,/novatel/oem7/fix,/novatel/oem7/odom,39.663,-75.756,-1.799675058,0.003010009,0.001672544,-0.000164669,-0.003005502,0.001672544,,,
1786043634295919070,1786043634.295205596,/novatel/oem7/odom,/novatel/oem7/fix,/novatel/oem7/odom,39.663,-75.756,-1.799675058,0.003010009,0.001672544,-0.000164669,-0.003005502,0.001672544,,,
1786043634306331365,1786043634.305784713,/novatel/oem7/inspva,/novatel/oem7/inspva,/novatel/oem7/inspva,39.663,-75.756,-1.799681086,0.002154684,0.001031411,-0.002062767,0.000622620,0.001031411,,novatel_oem7_msgs.msg.InertialSolutionStatus(status=3),
1786043634307443301,1786043634.305961041,/novatel/oem7/fix,/novatel/oem7/fix,/novatel/oem7/inspva,39.663,-75.756,-1.799681086,0.002154684,0.001031411,-0.002062767,0.000622620,0.001031411,,0,
1786043634308295109,1786043634.306433136,/novatel/oem7/odom,/novatel/oem7/fix,/novatel/oem7/odom,39.663,-75.756,-1.799681086,0.002156208,0.001028221,0.000518808,-0.002092863,0.001028221,,,
1786043634309862030,1786043634.309282878,/novatel/oem7/bestpos,/novatel/oem7/bestpos,/novatel/oem7/odom,39.663,-75.756,33.182809503,0.002156208,0.001028221,0.000518808,-0.002092863,0.001028221,,novatel_oem7_msgs.msg.SolutionStatus(status=0),novatel_oem7_msgs.msg.PositionOrVelocityType(type=53)
1786043634311025046,1786043634.309678205,/novatel/oem7/bestvel,/novatel/oem7/bestpos,/novatel/oem7/bestvel,39.663,-75.756,33.182809503,0.001718831,0.000265844,,,,136.341680569,novatel_oem7_msgs.msg.SolutionStatus(status=0),novatel_oem7_msgs.msg.PositionOrVelocityType(type=53)
1786043634316113191,1786043634.315530479,/novatel/oem7/odom,/novatel/oem7/bestpos,/novatel/oem7/odom,39.663,-75.756,33.182809503,0.002156208,0.001028221,0.000518808,-0.002092863,0.001028221,,,
1786043634325887819,1786043634.325389042,/novatel/oem7/inspva,/novatel/oem7/inspva,/novatel/oem7/inspva,39.663,-75.756,-1.799686847,0.001546160,-0.000221970,-0.001126614,-0.001058939,-0.000221970,,novatel_oem7_msgs.msg.InertialSolutionStatus(status=3),
1786043634326976370,1786043634.325598670,/novatel/oem7/fix,/novatel/oem7/fix,/novatel/oem7/inspva,39.663,-75.756,-1.799686847,0.001546160,-0.000221970,-0.001126614,-0.001058939,-0.000221970,,0,
1786043634327845511,1786043634.326164789,/novatel/oem7/odom,/novatel/oem7/fix,/novatel/oem7/odom,39.663,-75.756,-1.799686847,0.001545177,-0.000228715,-0.001111092,-0.001073799,-0.000228715,,,
1786043634335553414,1786043634.334898995,/novatel/oem7/odom,/novatel/oem7/fix,/novatel/oem7/odom,39.663,-75.756,-1.799686847,0.001545177,-0.000228715,-0.001111092,-0.001073799,-0.000228715,,,
1786043634346940198,1786043634.346190359,/novatel/oem7/inspva,/novatel/oem7/inspva,/novatel/oem7/inspva,39.663,-75.756,-1.799679833,0.001538600,-0.000390739,-0.001442446,-0.000535386,-0.000390739,,novatel_oem7_msgs.msg.InertialSolutionStatus(status=3),
1786043634348535071,1786043634.346343680,/novatel/oem7/fix,/novatel/oem7/fix,/novatel/oem7/inspva,39.663,-75.756,-1.799679833,0.001538600,-0.000390739,-0.001442446,-0.000535386,-0.000390739,,0,
1786043634349718837,1786043634.346769591,/novatel/oem7/odom,/novatel/oem7/fix,/novatel/oem7/odom,39.663,-75.756,-1.799679833,0.001537147,-0.000396415,-0.000602731,-0.001414050,-0.000396415,,,
1786043634356616587,1786043634.355864394,/novatel/oem7/odom,/novatel/oem7/fix,/novatel/oem7/odom,39.663,-75.756,-1.799679833,0.001537147,-0.000396415,-0.000602731,-0.001414050,-0.000396415,,,
1786043634365838578,1786043634.365246879,/novatel/oem7/inspva,/novatel/oem7/inspva,/novatel/oem7/inspva,39.663,-75.756,-1.799656169,0.002935938,0.001133696,-0.002935827,0.000025439,0.001133696,,novatel_oem7_msgs.msg.InertialSolutionStatus(status=3),
1786043634367265379,1786043634.365439304,/novatel/oem7/fix,/novatel/oem7/fix,/novatel/oem7/inspva,39.663,-75.756,-1.799656169,0.002935938,0.001133696,-0.002935827,0.000025439,0.001133696,,0,
1786043634368323774,1786043634.365929412,/novatel/oem7/odom,/novatel/oem7/fix,/novatel/oem7/odom,39.663,-75.756,-1.799656169,0.002938865,0.001126086,-0.000120056,-0.002936411,0.001126086,,,
1786043634376065323,1786043634.375492922,/novatel/oem7/odom,/novatel/oem7/fix,/novatel/oem7/odom,39.663,-75.756,-1.799656169,0.002938865,0.001126086,-0.000120056,-0.002936411,0.001126086,,,
1786043634385623304,1786043634.385013072,/novatel/oem7/inspva,/novatel/oem7/inspva,/novatel/oem7/inspva,39.663,-75.756,-1.799652084,0.002329589,0.001233703,-0.002256898,0.000577404,0.001233703,,novatel_oem7_msgs.msg.InertialSolutionStatus(status=3),
1786043634386806413,1786043634.385162317,/novatel/oem7/fix,/novatel/oem7/fix,/novatel/oem7/inspva,39.663,-75.756,-1.799652084,0.002329589,0.001233703,-0.002256898,0.000577404,0.001233703,,0,
1786043634387743904,1786043634.385594155,/novatel/oem7/odom,/novatel/oem7/fix,/novatel/oem7/odom,39.663,-75.756,-1.799652084,0.002331642,0.001229818,0.000463559,-0.002285097,0.001229818,,,
1786043634395022591,1786043634.394472765,/novatel/oem7/odom,/novatel/oem7/fix,/novatel/oem7/odom,39.663,-75.756,-1.799652084,0.002331642,0.001229818,0.000463559,-0.002285097,0.001229818,,,
1786043634407316321,1786043634.406721608,/novatel/oem7/inspva,/novatel/oem7/inspva,/novatel/oem7/inspva,39.663,-75.756,-1.799657281,0.000930597,-0.000039851,-0.000651745,-0.000664257,-0.000039851,,novatel_oem7_msgs.msg.InertialSolutionStatus(status=3),
1786043634408734871,1786043634.406896943,/novatel/oem7/fix,/novatel/oem7/fix,/novatel/oem7/inspva,39.663,-75.756,-1.799657281,0.000930597,-0.000039851,-0.000651745,-0.000664257,-0.000039851,,0,
1786043634409838805,1786043634.407739035,/novatel/oem7/odom,/novatel/oem7/fix,/novatel/oem7/odom,39.663,-75.756,-1.799657281,0.000930412,-0.000043948,-0.000694694,-0.000618924,-0.000043948,,,
1786043634411397060,1786043634.410264316,/novatel/oem7/bestpos,/novatel/oem7/bestpos,/novatel/oem7/odom,39.663,-75.756,33.182838037,0.000930412,-0.000043948,-0.000694694,-0.000618924,-0.000043948,,novatel_oem7_msgs.msg.SolutionStatus(status=0),novatel_oem7_msgs.msg.PositionOrVelocityType(type=53)
1786043634412861875,1786043634.410788514,/novatel/oem7/bestvel,/novatel/oem7/bestpos,/novatel/oem7/bestvel,39.663,-75.756,33.182838037,0.000873617,-0.000226409,,,,183.554621047,novatel_oem7_msgs.msg.SolutionStatus(status=0),novatel_oem7_msgs.msg.PositionOrVelocityType(type=53)
1786043634415840784,1786043634.415141427,/novatel/oem7/odom,/novatel/oem7/bestpos,/novatel/oem7/odom,39.663,-75.756,33.182838037,0.000930412,-0.000043948,-0.000694694,-0.000618924,-0.000043948,,,
1786043634425512729,1786043634.424965913,/novatel/oem7/inspva,/novatel/oem7/inspva,/novatel/oem7/inspva,39.663,-75.756,-1.799650298,0.000955222,-0.000039455,-0.000715193,-0.000633204,-0.000039455,,novatel_oem7_msgs.msg.InertialSolutionStatus(status=3),
1786043634426894792,1786043634.425109745,/novatel/oem7/fix,/novatel/oem7/fix,/novatel/oem7/inspva,39.663,-75.756,-1.799650298,0.000955222,-0.000039455,-0.000715193,-0.000633204,-0.000039455,,0,
1786043634427967420,1786043634.425583192,/novatel/oem7/odom,/novatel/oem7/fix,/novatel/oem7/odom,39.663,-75.756,-1.799650298,0.000955042,-0.000043599,-0.000666731,-0.000683794,-0.000043599,,,
1786043634436620887,1786043634.435752436,/novatel/oem7/odom,/novatel/oem7/fix,/novatel/oem7/odom,39.663,-75.756,-1.799650298,0.000955042,-0.000043599,-0.000666731,-0.000683794,-0.000043599,,,
1786043634446003819,1786043634.445286415,/novatel/oem7/inspva,/novatel/oem7/inspva,/novatel/oem7/inspva,39.663,-75.756,-1.799636970,0.002860383,0.000107671,-0.002563854,0.001268244,0.000107671,,novatel_oem7_msgs.msg.InertialSolutionStatus(status=3),
1786043634447867941,1786043634.445474967,/novatel/oem7/fix,/novatel/oem7/fix,/novatel/oem7/inspva,39.663,-75.756,-1.799636970,0.002860383,0.000107671,-0.002563854,0.001268244,0.000107671,,0,
1786043634449207234,1786043634.446148701,/novatel/oem7/odom,/novatel/oem7/fix,/novatel/oem7/odom,39.663,-75.756,-1.799636970,0.002860464,0.000105505,0.001143017,-0.002622168,0.000105505,,,
1786043634457288247,1786043634.456462909,/novatel/oem7/odom,/novatel/oem7/fix,/novatel/oem7/odom,39.663,-75.756,-1.799636970,0.002860464,0.000105505,0.001143017,-0.002622168,0.000105505,,,
1786043634467109896,1786043634.466074449,/novatel/oem7/inspva,/novatel/oem7/inspva,/novatel/oem7/inspva,39.663,-75.756,-1.799623378,0.002562279,0.001157151,-0.002508103,0.000524110,0.001157151,,novatel_oem7_msgs.msg.InertialSolutionStatus(status=3),
1786043634469380578,1786043634.466221410,/novatel/oem7/fix,/novatel/oem7/fix,/novatel/oem7/inspva,39.663,-75.756,-1.799623378,0.002562279,0.001157151,-0.002508103,0.000524110,0.001157151,,0,
1786043634470766525,1786043634.466700265,/novatel/oem7/odom,/novatel/oem7/fix,/novatel/oem7/odom,39.663,-75.756,-1.799623378,0.002564402,0.001152438,0.000398538,-0.002533244,0.001152438,,,
1786043634475216242,1786043634.474555762,/novatel/oem7/odom,/novatel/oem7/fix,/novatel/oem7/odom,39.663,-75.756,-1.799623378,0.002564402,0.001152438,0.000398538,-0.002533244,0.001152438,,,
1786043634485929727,1786043634.485277587,/novatel/oem7/inspva,/novatel/oem7/inspva,/novatel/oem7/inspva,39.663,-75.756,-1.799622555,0.000631591,0.000840559,-0.000630546,0.000036319,0.000840559,,novatel_oem7_msgs.msg.InertialSolutionStatus(status=3),
1786043634487385114,1786043634.485440518,/novatel/oem7/fix,/novatel/oem7/fix,/novatel/oem7/inspva,39.663,-75.756,-1.799622555,0.000631591,0.000840559,-0.000630546,0.000036319,0.000840559,,0,
1786043634488542139,1786043634.485970234,/novatel/oem7/odom,/novatel/oem7/fix,/novatel/oem7/odom,39.663,-75.756,-1.799622555,0.000633620,0.000839031,0.000002804,-0.000633614,0.000839031,,,
1786043634496539507,1786043634.495553761,/novatel/oem7/odom,/novatel/oem7/fix,/novatel/oem7/odom,39.663,-75.756,-1.799622555,0.000633620,0.000839031,0.000002804,-0.000633614,0.000839031,,,
1786043634506645613,1786043634.506042540,/novatel/oem7/inspva,/novatel/oem7/inspva,/novatel/oem7/inspva,39.663,-75.756,-1.799616648,0.001254662,0.000441761,-0.001196521,-0.000377512,0.000441761,,novatel_oem7_msgs.msg.InertialSolutionStatus(status=3),
1786043634508025206,1786043634.506195395,/novatel/oem7/fix,/novatel/oem7/fix,/novatel/oem7/inspva,39.663,-75.756,-1.799616648,0.001254662,0.000441761,-0.001196521,-0.000377512,0.000441761,,0,
1786043634509108540,1786043634.506665123,/novatel/oem7/odom,/novatel/oem7/fix,/novatel/oem7/odom,39.663,-75.756,-1.799616648,0.001256233,0.000437274,-0.000436301,-0.001178033,0.000437274,,,
1786043634512199404,1786043634.511476963,/novatel/oem7/bestpos,/novatel/oem7/bestpos,/novatel/oem7/odom,39.663,-75.756,33.182875957,0.001256233,0.000437274,-0.000436301,-0.001178033,0.000437274,,novatel_oem7_msgs.msg.SolutionStatus(status=0),novatel_oem7_msgs.msg.PositionOrVelocityType(type=53)
1786043634513745542,1786043634.512490823,/novatel/oem7/bestvel,/novatel/oem7/bestpos,/novatel/oem7/bestvel,39.663,-75.756,33.182875957,0.001383068,0.000112382,,,,163.013991873,novatel_oem7_msgs.msg.SolutionStatus(status=0),novatel_oem7_msgs.msg.PositionOrVelocityType(type=53)
1786043634515390058,1786043634.514519983,/novatel/oem7/odom,/novatel/oem7/bestpos,/novatel/oem7/odom,39.663,-75.756,33.182875957,0.001256233,0.000437274,-0.000436301,-0.001178033,0.000437274,,,
1786043634527175817,1786043634.526587101,/novatel/oem7/inspva,/novatel/oem7/inspva,/novatel/oem7/inspva,39.663,-75.756,-1.799605261,0.002343524,0.000006990,-0.002343352,0.000028364,0.000006990,,novatel_oem7_msgs.msg.InertialSolutionStatus(status=3),
1786043634528617675,1786043634.526731086,/novatel/oem7/fix,/novatel/oem7/fix,/novatel/oem7/inspva,39.663,-75.756,-1.799605261,0.002343524,0.000006990,-0.002343352,0.000028364,0.000006990,,0,
1786043634529784046,1786043634.527084973,/novatel/oem7/odom,/novatel/oem7/fix,/novatel/oem7/odom,39.663,-75.756,-1.799605261,0.002343534,0.000000999,-0.000084430,-0.002342013,0.000000999,,,
1786043634535836646,1786043634.534919895,/novatel/oem7/odom,/novatel/oem7/fix,/novatel/oem7/odom,39.663,-75.756,-1.799605261,0.002343534,0.000000999,-0.000084430,-0.002342013,0.000000999,,,
1786043634545737932,1786043634.544954075,/novatel/oem7/inspva,/novatel/oem7/inspva,/novatel/oem7/inspva,39.663,-75.756,-1.799588148,0.003192060,0.000427899,-0.003009025,0.001065369,0.000427899,,novatel_oem7_msgs.msg.InertialSolutionStatus(status=3),
1786043634547556830,1786043634.545110989,/novatel/oem7/fix,/novatel/oem7/fix,/novatel/oem7/inspva,39.663,-75.756,-1.799588148,0.003192060,0.000427899,-0.003009025,0.001065369,0.000427899,,0,
1786043634549041758,1786043634.545524947,/novatel/oem7/odom,/novatel/oem7/fix,/novatel/oem7/odom,39.663,-75.756,-1.799588148,0.003192602,0.000423832,0.000917748,-0.003057850,0.000423832,,,
1786043634556244332,1786043634.555610744,/novatel/oem7/odom,/novatel/oem7/fix,/novatel/oem7/odom,39.663,-75.756,-1.799588148,0.003192602,0.000423832,0.000917748,-0.003057850,0.000423832,,,
1786043634566484752,1786043634.565321644,/novatel/oem7/inspva,/novatel/oem7/inspva,/novatel/oem7/inspva,39.663,-75.756,-1.799571146,0.001113983,0.001932485,-0.001092911,-0.000215647,0.001932485,,novatel_oem7_msgs.msg.InertialSolutionStatus(status=3),
1786043634568192922,1786043634.565479379,/novatel/oem7/fix,/novatel/oem7/fix,/novatel/oem7/inspva,39.663,-75.756,-1.799571146,0.001113983,0.001932485,-0.001092911,-0.000215647,0.001932485,,0,
1786043634569381060,1786043634.566254023,/novatel/oem7/odom,/novatel/oem7/fix,/novatel/oem7/odom,39.663,-75.756,-1.799571146,0.001120333,0.001928810,-0.000275285,-0.001085986,0.001928810,,,
1786043634575362793,1786043634.574628635,/novatel/oem7/odom,/novatel/oem7/fix,/novatel/oem7/odom,39.663,-75.756,-1.799571146,0.001120333,0.001928810,-0.000275285,-0.001085986,0.001928810,,,
1786043634586960132,1786043634.586300866,/novatel/oem7/inspva,/novatel/oem7/inspva,/novatel/oem7/inspva,39.663,-75.756,-1.799577673,0.001119478,0.000789327,-0.001118433,-0.000048361,0.000789327,,novatel_oem7_msgs.msg.InertialSolutionStatus(status=3),
1786043634588472227,1786043634.586467284,/novatel/oem7/fix,/novatel/oem7/fix,/novatel/oem7/inspva,39.663,-75.756,-1.799577673,0.001119478,0.000789327,-0.001118433,-0.000048361,0.000789327,,0,
1786043634589623392,1786043634.586945986,/novatel/oem7/odom,/novatel/oem7/fix,/novatel/oem7/odom,39.663,-75.756,-1.799577673,0.001121669,0.000786211,-0.000105053,-0.001116738,0.000786211,,,
1786043634595604181,1786043634.594791111,/novatel/oem7/odom,/novatel/oem7/fix,/novatel/oem7/odom,39.663,-75.756,-1.799577673,0.001121669,0.000786211,-0.000105053,-0.001116738,0.000786211,,,
1786043634606980725,1786043634.606436500,/novatel/oem7/inspva,/novatel/oem7/inspva,/novatel/oem7/inspva,39.663,-75.756,-1.799574357,0.002087071,-0.000387705,-0.002086532,-0.000047436,-0.000387705,,novatel_oem7_msgs.msg.InertialSolutionStatus(status=3),
1786043634608350682,1786043634.606589708,/novatel/oem7/fix,/novatel/oem7/fix,/novatel/oem7/inspva,39.663,-75.756,-1.799574357,0.002087071,-0.000387705,-0.002086532,-0.000047436,-0.000387705,,0,
1786043634609456153,1786043634.607011182,/novatel/oem7/odom,/novatel/oem7/fix,/novatel/oem7/odom,39.663,-75.756,-1.799574357,0.002086025,-0.000393292,-0.000146366,-0.002080884,-0.000393292,,,
1786043634611063632,1786043634.610380092,/novatel/oem7/bestpos,/novatel/oem7/bestpos,/novatel/oem7/odom,39.663,-75.756,33.182934123,0.002086025,-0.000393292,-0.000146366,-0.002080884,-0.000393292,,novatel_oem7_msgs.msg.SolutionStatus(status=0),novatel_oem7_msgs.msg.PositionOrVelocityType(type=53)
1786043634612583623,1786043634.610806009,/novatel/oem7/bestvel,/novatel/oem7/bestpos,/novatel/oem7/bestvel,39.663,-75.756,33.182934123,0.002819723,0.000370143,,,,197.248244557,novatel_oem7_msgs.msg.SolutionStatus(status=0),novatel_oem7_msgs.msg.PositionOrVelocityType(type=53)
1786043634616296866,1786043634.615583763,/novatel/oem7/odom,/novatel/oem7/bestpos,/novatel/oem7/odom,39.663,-75.756,33.182934123,0.002086025,-0.000393292,-0.000146366,-0.002080884,-0.000393292,,,
1786043634625928741,1786043634.625343978,/novatel/oem7/inspva,/novatel/oem7/inspva,/novatel/oem7/inspva,39.663,-75.756,-1.799561917,0.002222303,0.000063859,-0.002214576,-0.000185157,0.000063859,,novatel_oem7_msgs.msg.InertialSolutionStatus(status=3),
1786043634627371018,1786043634.625520874,/novatel/oem7/fix,/novatel/oem7/fix,/novatel/oem7/inspva,39.663,-75.756,-1.799561917,0.002222303,0.000063859,-0.002214576,-0.000185157,0.000063859,,0,
1786043634628521319,1786043634.625944598,/novatel/oem7/odom,/novatel/oem7/fix,/novatel/oem7/odom,39.663,-75.756,-1.799561917,0.002222478,0.000057445,-0.000291730,-0.002203248,0.000057445,,,
1786043634635576755,1786043634.634553908,/novatel/oem7/odom,/novatel/oem7/fix,/novatel/oem7/odom,39.663,-75.756,-1.799561917,0.002222478,0.000057445,-0.000291730,-0.002203248,0.000057445,,,
1786043634647447975,1786043634.646733674,/novatel/oem7/inspva,/novatel/oem7/inspva,/novatel/oem7/inspva,39.663,-75.756,-1.799550376,0.002267573,0.001322655,-0.001920107,0.001206266,0.001322655,,novatel_oem7_msgs.msg.InertialSolutionStatus(status=3),
1786043634649281929,1786043634.646888069,/novatel/oem7/fix,/novatel/oem7/fix,/novatel/oem7/inspva,39.663,-75.756,-1.799550376,0.002267573,0.001322655,-0.001920107,0.001206266,0.001322655,,0,
1786043634650757781,1786043634.647272767,/novatel/oem7/odom,/novatel/oem7/fix,/novatel/oem7/odom,39.663,-75.756,-1.799550376,0.002267993,0.001321936,0.001107570,-0.001979161,0.001321936,,,
1786043634657263761,1786043634.656508207,/novatel/oem7/odom,/novatel/oem7/fix,/novatel/oem7/odom,39.663,-75.756,-1.799550376,0.002267993,0.001321936,0.001107570,-0.001979161,0.001321936,,,
1786043634665792768,1786043634.665016366,/novatel/oem7/inspva,/novatel/oem7/inspva,/novatel/oem7/inspva,39.663,-75.756,-1.799547721,0.001396576,0.001877575,-0.001317764,0.000462516,0.001877575,,novatel_oem7_msgs.msg.InertialSolutionStatus(status=3),
1786043634667359999,1786043634.665159635,/novatel/oem7/fix,/novatel/oem7/fix,/novatel/oem7/inspva,39.663,-75.756,-1.799547721,0.001396576,0.001877575,-0.001317764,0.000462516,0.001877575,,0,
1786043634668523895,1786043634.665572753,/novatel/oem7/odom,/novatel/oem7/fix,/novatel/oem7/odom,39.663,-75.756,-1.799547721,0.001399009,0.001875763,0.000391571,-0.001343092,0.001875763,,,
1786043634676282281,1786043634.675640697,/novatel/oem7/odom,/novatel/oem7/fix,/novatel/oem7/odom,39.663,-75.756,-1.799547721,0.001399009,0.001875763,0.000391571,-0.001343092,0.001875763,,,
1786043634685960781,1786043634.685308835,/novatel/oem7/inspva,/novatel/oem7/inspva,/novatel/oem7/inspva,39.663,-75.756,-1.799559996,0.001241473,-0.001053974,-0.001061416,-0.000643934,-0.001053974,,novatel_oem7_msgs.msg.InertialSolutionStatus(status=3),
1786043634687453020,1786043634.685461287,/novatel/oem7/fix,/novatel/oem7/fix,/novatel/oem7/inspva,39.663,-75.756,-1.799559996,0.001241473,-0.001053974,-0.001061416,-0.000643934,-0.001053974,,0,
1786043634688638305,1786043634.686320730,/novatel/oem7/odom,/novatel/oem7/fix,/novatel/oem7/odom,39.663,-75.756,-1.799559996,0.001237167,-0.001059025,-0.000690363,-0.001026636,-0.001059025,,,
1786043634695951049,1786043634.695289240,/novatel/oem7/odom,/novatel/oem7/fix,/novatel/oem7/odom,39.663,-75.756,-1.799559996,0.001237167,-0.001059025,-0.000690363,-0.001026636,-0.001059025,,,
1786043634706551847,1786043634.705972727,/novatel/oem7/inspva,/novatel/oem7/inspva,/novatel/oem7/inspva,39.663,-75.756,-1.799540983,0.001376540,-0.000375729,-0.001376428,-0.000017524,-0.000375729,,novatel_oem7_msgs.msg.InertialSolutionStatus(status=3),
1786043634707927127,1786043634.706129596,/novatel/oem7/fix,/novatel/oem7/fix,/novatel/oem7/inspva,39.663,-75.756,-1.799540983,0.001376540,-0.000375729,-0.001376428,-0.000017524,-0.000375729,,0,
1786043634709010747,1786043634.706536677,/novatel/oem7/odom,/novatel/oem7/fix,/novatel/oem7/odom,39.663,-75.756,-1.799540983,0.001375539,-0.000379377,-0.000082316,-0.001373074,-0.000379377,,,
1786043634710620733,1786043634.709572293,/novatel/oem7/bestpos,/novatel/oem7/bestpos,/novatel/oem7/odom,39.663,-75.756,33.182967150,0.001375539,-0.000379377,-0.000082316,-0.001373074,-0.000379377,,novatel_oem7_msgs.msg.SolutionStatus(status=0),novatel_oem7_msgs.msg.PositionOrVelocityType(type=53)
1786043634712120538,1786043634.710213509,/novatel/oem7/bestvel,/novatel/oem7/bestpos,/novatel/oem7/bestvel,39.663,-75.756,33.182967150,0.001874129,0.000104061,,,,193.911994148,novatel_oem7_msgs.msg.SolutionStatus(status=0),novatel_oem7_msgs.msg.PositionOrVelocityType(type=53)
1786043634715607839,1786043634.714854074,/novatel/oem7/odom,/novatel/oem7/bestpos,/novatel/oem7/odom,39.663,-75.756,33.182967150,0.001375539,-0.000379377,-0.000082316,-0.001373074,-0.000379377,,,
1786043634726234573,1786043634.725445642,/novatel/oem7/inspva,/novatel/oem7/inspva,/novatel/oem7/inspva,39.663,-75.756,-1.799502055,0.002950968,0.002805199,-0.002339218,0.001798963,0.002805199,,novatel_oem7_msgs.msg.InertialSolutionStatus(status=3),
1786043634728194899,1786043634.725590539,/novatel/oem7/fix,/novatel/oem7/fix,/novatel/oem7/inspva,39.663,-75.756,-1.799502055,0.002950968,0.002805199,-0.002339218,0.001798963,0.002805199,,0,
1786043634729372183,1786043634.726349983,/novatel/oem7/odom,/novatel/oem7/fix,/novatel/oem7/odom,39.663,-75.756,-1.799502055,0.002950698,0.002805483,0.001673901,-0.002429954,0.002805483,,,
1786043634736539084,1786043634.735698112,/novatel/oem7/odom,/novatel/oem7/fix,/novatel/oem7/odom,39.663,-75.756,-1.799502055,0.002950698,0.002805483,0.001673901,-0.002429954,0.002805483,,,
1786043634745825151,1786043634.745161881,/novatel/oem7/inspva,/novatel/oem7/inspva,/novatel/oem7/inspva,39.663,-75.756,-1.799497785,0.002328911,0.002230668,-0.001863153,0.001397314,0.002230668,,novatel_oem7_msgs.msg.InertialSolutionStatus(status=3),
1786043634747565278,1786043634.745373810,/novatel/oem7/fix,/novatel/oem7/fix,/novatel/oem7/inspva,39.663,-75.756,-1.799497785,0.002328911,0.002230668,-0.001863153,0.001397314,0.002230668,,0,
1786043634749004676,1786043634.745670490,/novatel/oem7/odom,/novatel/oem7/fix,/novatel/oem7/odom,39.663,-75.756,-1.799497785,0.002328790,0.002230794,0.001297737,-0.001933686,0.002230794,,,
1786043634756569980,1786043634.755655918,/novatel/oem7/odom,/novatel/oem7/fix,/novatel/oem7/odom,39.663,-75.756,-1.799497785,0.002328790,0.002230794,0.001297737,-0.001933686,0.002230794,,,
1786043634767172340,1786043634.766514654,/novatel/oem7/inspva,/novatel/oem7/inspva,/novatel/oem7/inspva,39.663,-75.756,-1.799503931,0.000484816,-0.000139965,-0.000444327,0.000193960,-0.000139965,,novatel_oem7_msgs.msg.InertialSolutionStatus(status=3),
1786043634768697655,1786043634.766705999,/novatel/oem7/fix,/novatel/oem7/fix,/novatel/oem7/inspva,39.663,-75.756,-1.799503931,0.000484816,-0.000139965,-0.000444327,0.000193960,-0.000139965,,0,
1786043634769821566,1786043634.767005770,/novatel/oem7/odom,/novatel/oem7/fix,/novatel/oem7/odom,39.663,-75.756,-1.799503931,0.000484680,-0.000140436,0.000172882,-0.000452798,-0.000140436,,,
1786043634776121668,1786043634.775447525,/novatel/oem7/odom,/novatel/oem7/fix,/novatel/oem7/odom,39.663,-75.756,-1.799503931,0.000484680,-0.000140436,0.000172882,-0.000452798,-0.000140436,,,
1786043634785777992,1786043634.785017165,/novatel/oem7/inspva,/novatel/oem7/inspva,/novatel/oem7/inspva,39.663,-75.756,-1.799490803,0.001513536,-0.000954933,-0.001390139,0.000598587,-0.000954933,,novatel_oem7_msgs.msg.InertialSolutionStatus(status=3),
1786043634787575763,1786043634.785202073,/novatel/oem7/fix,/novatel/oem7/fix,/novatel/oem7/inspva,39.663,-75.756,-1.799490803,0.001513536,-0.000954933,-0.001390139,0.000598587,-0.000954933,,0,
1786043634789126442,1786043634.785549229,/novatel/oem7/odom,/novatel/oem7/fix,/novatel/oem7/odom,39.663,-75.756,-1.799490803,0.001512609,-0.000956401,0.000534576,-0.001414997,-0.000956401,,,
1786043634796069666,1786043634.795389870,/novatel/oem7/odom,/novatel/oem7/fix,/novatel/oem7/odom,39.663,-75.756,-1.799490803,0.001512609,-0.000956401,0.000534576,-0.001414997,-0.000956401,,,
1786043634807216626,1786043634.806678763,/novatel/oem7/inspva,/novatel/oem7/inspva,/novatel/oem7/inspva,39.663,-75.756,-1.799454367,0.003254119,0.002076079,-0.002767158,0.001712345,0.002076079,,novatel_oem7_msgs.msg.InertialSolutionStatus(status=3),
1786043634808665450,1786043634.806844079,/novatel/oem7/fix,/novatel/oem7/fix,/novatel/oem7/inspva,39.663,-75.756,-1.799454367,0.003254119,0.002076079,-0.002767158,0.001712345,0.002076079,,0,
1786043634809778067,1786043634.807198547,/novatel/oem7/odom,/novatel/oem7/fix,/novatel/oem7/odom,39.663,-75.756,-1.799454367,0.003254842,0.002074945,0.001569454,-0.002851458,0.002074945,,,
1786043634811391519,1786043634.810149521,/novatel/oem7/bestpos,/novatel/oem7/bestpos,/novatel/oem7/odom,39.663,-75.756,33.183017422,0.003254842,0.002074945,0.001569454,-0.002851458,0.002074945,,novatel_oem7_msgs.msg.SolutionStatus(status=0),novatel_oem7_msgs.msg.PositionOrVelocityType(type=53)
1786043634812437924,1786043634.810608202,/novatel/oem7/bestvel,/novatel/oem7/bestpos,/novatel/oem7/bestvel,39.663,-75.756,33.183017422,0.002659698,0.001788919,,,,143.800760448,novatel_oem7_msgs.msg.SolutionStatus(status=0),novatel_oem7_msgs.msg.PositionOrVelocityType(type=53)
1786043634815711099,1786043634.814936743,/novatel/oem7/odom,/novatel/oem7/bestpos,/novatel/oem7/odom,39.663,-75.756,33.183017422,0.003254842,0.002074945,0.001569454,-0.002851458,0.002074945,,,
1786043634826621495,1786043634.825991539,/novatel/oem7/inspva,/novatel/oem7/inspva,/novatel/oem7/inspva,39.663,-75.756,-1.799451103,0.003243611,0.001689585,-0.002522776,0.002038779,0.001689585,,novatel_oem7_msgs.msg.InertialSolutionStatus(status=3),
1786043634828029689,1786043634.826153861,/novatel/oem7/fix,/novatel/oem7/fix,/novatel/oem7/inspva,39.663,-75.756,-1.799451103,0.003243611,0.001689585,-0.002522776,0.002038779,0.001689585,,0,
1786043634829145377,1786043634.826406825,/novatel/oem7/odom,/novatel/oem7/fix,/novatel/oem7/odom,39.663,-75.756,-1.799451103,0.003243255,0.001690269,0.001908725,-0.002622112,0.001690269,,,
1786043634835300130,1786043634.834610761,/novatel/oem7/odom,/novatel/oem7/fix,/novatel/oem7/odom,39.663,-75.756,-1.799451103,0.003243255,0.001690269,0.001908725,-0.002622112,0.001690269,,,
1786043634845858011,1786043634.845148834,/novatel/oem7/inspva,/novatel/oem7/inspva,/novatel/oem7/inspva,39.663,-75.756,-1.799447934,0.000648496,0.000778429,-0.000456726,0.000460379,0.000778429,,novatel_oem7_msgs.msg.InertialSolutionStatus(status=3),
1786043634847519293,1786043634.845305012,/novatel/oem7/fix,/novatel/oem7/fix,/novatel/oem7/inspva,39.663,-75.756,-1.799447934,0.000648496,0.000778429,-0.000456726,0.000460379,0.000778429,,0,
1786043634848706892,1786043634.845768743,/novatel/oem7/odom,/novatel/oem7/fix,/novatel/oem7/odom,39.663,-75.756,-1.799447934,0.000647939,0.000778892,0.000434949,-0.000480255,0.000778892,,,
1786043634857578018,1786043634.856512795,/novatel/oem7/odom,/novatel/oem7/fix,/novatel/oem7/odom,39.663,-75.756,-1.799447934,0.000647939,0.000778892,0.000434949,-0.000480255,0.000778892,,,
1786043634865966584,1786043634.865176836,/novatel/oem7/inspva,/novatel/oem7/inspva,/novatel/oem7/inspva,39.663,-75.756,-1.799444324,0.000919629,-0.000102379,-0.000786878,0.000475963,-0.000102379,,novatel_oem7_msgs.msg.InertialSolutionStatus(status=3),
1786043634867787992,1786043634.865335698,/novatel/oem7/fix,/novatel/oem7/fix,/novatel/oem7/inspva,39.663,-75.756,-1.799444324,0.000919629,-0.000102379,-0.000786878,0.000475963,-0.000102379,,0,
1786043634869214406,1786043634.865739472,/novatel/oem7/odom,/novatel/oem7/fix,/novatel/oem7/odom,39.663,-75.756,-1.799444324,0.000919591,-0.000102715,0.000437936,-0.000808616,-0.000102715,,,
1786043634875193991,1786043634.874372032,/novatel/oem7/odom,/novatel/oem7/fix,/novatel/oem7/odom,39.663,-75.756,-1.799444324,0.000919591,-0.000102715,0.000437936,-0.000808616,-0.000102715,,,
1786043634886005200,1786043634.885224212,/novatel/oem7/inspva,/novatel/oem7/inspva,/novatel/oem7/inspva,39.663,-75.756,-1.799428526,0.003074620,0.000154572,-0.002688730,0.001491313,0.000154572,,novatel_oem7_msgs.msg.InertialSolutionStatus(status=3),
1786043634887695410,1786043634.885398441,/novatel/oem7/fix,/novatel/oem7/fix,/novatel/oem7/inspva,39.663,-75.756,-1.799428526,0.003074620,0.000154572,-0.002688730,0.001491313,0.000154572,,0,
1786043634889132031,1786043634.885994614,/novatel/oem7/odom,/novatel/oem7/fix,/novatel/oem7/odom,39.663,-75.756,-1.799428526,0.003074704,0.000152887,0.001359674,-0.002757733,0.000152887,,,
1786043634895702749,1786043634.895018271,/novatel/oem7/odom,/novatel/oem7/fix,/novatel/oem7/odom,39.663,-75.756,-1.799428526,0.003074704,0.000152887,0.001359674,-0.002757733,0.000152887,,,
1786043634906456834,1786043634.905869134,/novatel/oem7/inspva,/novatel/oem7/inspva,/novatel/oem7/inspva,39.663,-75.756,-1.799412419,0.002842350,0.001424806,-0.002210066,0.001787333,0.001424806,,novatel_oem7_msgs.msg.InertialSolutionStatus(status=3),
1786043634907816163,1786043634.906038743,/novatel/oem7/fix,/novatel/oem7/fix,/novatel/oem7/inspva,39.663,-75.756,-1.799412419,0.002842350,0.001424806,-0.002210066,0.001787333,0.001424806,,0,
1786043634908883271,1786043634.906486914,/novatel/oem7/odom,/novatel/oem7/fix,/novatel/oem7/odom,39.663,-75.756,-1.799412419,0.002842056,0.001425392,0.001673647,-0.002296995,0.001425392,,,
1786043634910464069,1786043634.909515204,/novatel/oem7/bestpos,/novatel/oem7/bestpos,/novatel/oem7/odom,39.663,-75.756,33.183065839,0.002842056,0.001425392,0.001673647,-0.002296995,0.001425392,,novatel_oem7_msgs.msg.SolutionStatus(status=0),novatel_oem7_msgs.msg.PositionOrVelocityType(type=53)
1786043634911926708,1786043634.910188941,/novatel/oem7/bestvel,/novatel/oem7/bestpos,/novatel/oem7/bestvel,39.663,-75.756,33.183065839,0.001757114,0.001673696,,,,158.196112576,novatel_oem7_msgs.msg.SolutionStatus(status=0),novatel_oem7_msgs.msg.PositionOrVelocityType(type=53)
1786043634915110935,1786043634.914406572,/novatel/oem7/odom,/novatel/oem7/bestpos,/novatel/oem7/odom,39.663,-75.756,33.183065839,0.002842056,0.001425392,0.001673647,-0.002296995,0.001425392,,,
1786043634927716275,1786043634.926548384,/novatel/oem7/inspva,/novatel/oem7/inspva,/novatel/oem7/inspva,39.663,-75.756,-1.799413096,0.001162482,0.000463739,-0.000873498,0.000767050,0.000463739,,novatel_oem7_msgs.msg.InertialSolutionStatus(status=3),
1786043634929879486,1786043634.926746873,/novatel/oem7/fix,/novatel/oem7/fix,/novatel/oem7/inspva,39.663,-75.756,-1.799413096,0.001162482,0.000463739,-0.000873498,0.000767050,0.000463739,,0,
1786043634931552153,1786043634.927065183,/novatel/oem7/odom,/novatel/oem7/fix,/novatel/oem7/odom,39.663,-75.756,-1.799413096,0.001162281,0.000464243,0.000722386,-0.000910525,0.000464243,,,
1786043634935862305,1786043634.935098054,/novatel/oem7/odom,/novatel/oem7/fix,/novatel/oem7/odom,39.663,-75.756,-1.799413096,0.001162281,0.000464243,0.000722386,-0.000910525,0.000464243,,,
1786043634945514362,1786043634.944969354,/novatel/oem7/inspva,/novatel/oem7/inspva,/novatel/oem7/inspva,39.663,-75.756,-1.799409386,0.000675002,0.000113305,-0.000583488,0.000339366,0.000113305,,novatel_oem7_msgs.msg.InertialSolutionStatus(status=3),
1786043634946912726,1786043634.945156013,/novatel/oem7/fix,/novatel/oem7/fix,/novatel/oem7/inspva,39.663,-75.756,-1.799409386,0.000675002,0.000113305,-0.000583488,0.000339366,0.000113305,,0,
1786043634948056177,1786043634.945487980,/novatel/oem7/odom,/novatel/oem7/fix,/novatel/oem7/odom,39.663,-75.756,-1.799409386,0.000675054,0.000112994,0.000310490,-0.000599412,0.000112994,,,
1786043634957696209,1786043634.956566568,/novatel/oem7/odom,/novatel/oem7/fix,/novatel/oem7/odom,39.663,-75.756,-1.799409386,0.000675054,0.000112994,0.000310490,-0.000599412,0.000112994,,,
1786043634966226309,1786043634.965398527,/novatel/oem7/inspva,/novatel/oem7/inspva,/novatel/oem7/inspva,39.663,-75.756,-1.799406972,0.003049615,-0.000398406,-0.002312623,0.001987945,-0.000398406,,novatel_oem7_msgs.msg.InertialSolutionStatus(status=3),
1786043634968063960,1786043634.965608423,/novatel/oem7/fix,/novatel/oem7/fix,/novatel/oem7/inspva,39.663,-75.756,-1.799406972,0.003049615,-0.000398406,-0.002312623,0.001987945,-0.000398406,,0,
1786043634969489744,1786043634.966105387,/novatel/oem7/odom,/novatel/oem7/fix,/novatel/oem7/odom,39.663,-75.756,-1.799406972,0.003049748,-0.000397386,0.001875879,-0.002404587,-0.000397386,,,
1786043634975823909,1786043634.974965043,/novatel/oem7/odom,/novatel/oem7/fix,/novatel/oem7/odom,39.663,-75.756,-1.799406972,0.003049748,-0.000397386,0.001875879,-0.002404587,-0.000397386,,,
1786043634986886934,1786043634.986088870,/novatel/oem7/inspva,/novatel/oem7/inspva,/novatel/oem7/inspva,39.663,-75.756,-1.799392883,0.003003725,0.000313889,-0.002722992,0.001267944,0.000313889,,novatel_oem7_msgs.msg.InertialSolutionStatus(status=3),
1786043634988605598,1786043634.986244851,/novatel/oem7/fix,/novatel/oem7/fix,/novatel/oem7/inspva,39.663,-75.756,-1.799392883,0.003003725,0.000313889,-0.002722992,0.001267944,0.000313889,,0,
1786043634989795816,1786043634.986627943,/novatel/oem7/odom,/novatel/oem7/fix,/novatel/oem7/odom,39.663,-75.756,-1.799392883,0.003003997,0.000311277,0.001134364,-0.002781585,0.000311277,,,
1786043634995256680,1786043634.994389688,/novatel/oem7/odom,/novatel/oem7/fix,/novatel/oem7/odom,39.663,-75.756,-1.799392883,0.003003997,0.000311277,0.001134364,-0.002781585,0.000311277,,,
1786043635010786158,1786043635.010181133,/novatel/oem7/inspva,/novatel/oem7/inspva,/novatel/oem7/inspva,39.663,-75.756,-1.799377320,0.002193948,0.001537618,-0.001200133,0.001836597,0.001537618,,novatel_oem7_msgs.msg.InertialSolutionStatus(status=3),
1786043635012355721,1786043635.010327057,/novatel/oem7/fix,/novatel/oem7/fix,/novatel/oem7/inspva,39.663,-75.756,-1.799377320,0.002193948,0.001537618,-0.001200133,0.001836597,0.001537618,,0,
1786043635013584843,1786043635.011627077,/novatel/oem7/odom,/novatel/oem7/fix,/novatel/oem7/odom,39.663,-75.756,-1.799377320,0.002191522,0.001541074,0.001770999,-0.001290866,0.001541074,,,
1786043635017210408,1786043635.016397480,/novatel/oem7/odom,/novatel/oem7/fix,/novatel/oem7/odom,39.663,-75.756,-1.799377320,0.002191522,0.001541074,0.001770999,-0.001290866,0.001541074,,,
1786043635027450075,1786043635.026651791,/novatel/oem7/bestpos,/novatel/oem7/bestpos,/novatel/oem7/odom,39.663,-75.756,33.183097378,0.002191522,0.001541074,0.001770999,-0.001290866,0.001541074,,novatel_oem7_msgs.msg.SolutionStatus(status=0),novatel_oem7_msgs.msg.PositionOrVelocityType(type=53)
1786043635028998720,1786043635.027224083,/novatel/oem7/bestvel,/novatel/oem7/bestpos,/novatel/oem7/bestvel,39.663,-75.756,33.183097378,0.002145513,0.001379296,,,,117.407591817,novatel_oem7_msgs.msg.SolutionStatus(status=0),novatel_oem7_msgs.msg.PositionOrVelocityType(type=53)
1786043635029944586,1786043635.027562520,/novatel/oem7/inspva,/novatel/oem7/inspva,/novatel/oem7/inspva,39.663,-75.756,-1.799378762,0.001906823,0.000929652,-0.001338092,0.001358486,0.000929652,,novatel_oem7_msgs.msg.InertialSolutionStatus(status=3),
1786043635030821135,1786043635.027709281,/novatel/oem7/fix,/novatel/oem7/fix,/novatel/oem7/inspva,39.663,-75.756,-1.799378762,0.001906823,0.000929652,-0.001338092,0.001358486,0.000929652,,0,
1786043635031905532,1786043635.028069958,/novatel/oem7/odom,/novatel/oem7/fix,/novatel/oem7/odom,39.663,-75.756,-1.799378762,0.001906144,0.000931045,0.001289086,-0.001404151,0.000931045,,,
1786043635035467527,1786043635.034805071,/novatel/oem7/odom,/novatel/oem7/fix,/novatel/oem7/odom,39.663,-75.756,-1.799378762,0.001906144,0.000931045,0.001289086,-0.001404151,0.000931045,,,
1786043635047696093,1786043635.046713757,/novatel/oem7/inspva,/novatel/oem7/inspva,/novatel/oem7/inspva,39.663,-75.756,-1.799406393,0.002394352,-0.000702564,-0.001803031,0.001575437,-0.000702564,,novatel_oem7_msgs.msg.InertialSolutionStatus(status=3),
1786043635050074726,1786043635.046920642,/novatel/oem7/fix,/novatel/oem7/fix,/novatel/oem7/inspva,39.663,-75.756,-1.799406393,0.002394352,-0.000702564,-0.001803031,0.001575437,-0.000702564,,0,
1786043635051585425,1786043635.047391484,/novatel/oem7/odom,/novatel/oem7/fix,/novatel/oem7/odom,39.663,-75.756,-1.799406393,0.002394620,-0.000701650,0.001489495,-0.001874996,-0.000701650,,,
1786043635057293904,1786043635.056446345,/novatel/oem7/odom,/novatel/oem7/fix,/novatel/oem7/odom,39.663,-75.756,-1.799406393,0.002394620,-0.000701650,0.001489495,-0.001874996,-0.000701650,,,
1786043635065861758,1786043635.065176741,/novatel/oem7/inspva,/novatel/oem7/inspva,/novatel/oem7/inspva,39.663,-75.756,-1.799417581,0.003126982,0.000224897,-0.002517003,0.001855455,0.000224897,,novatel_oem7_msgs.msg.InertialSolutionStatus(status=3),
1786043635067580028,1786043635.065370400,/novatel/oem7/fix,/novatel/oem7/fix,/novatel/oem7/inspva,39.663,-75.756,-1.799417581,0.003126982,0.000224897,-0.002517003,0.001855455,0.000224897,,0,
1786043635068853660,1786043635.065857055,/novatel/oem7/odom,/novatel/oem7/fix,/novatel/oem7/odom,39.663,-75.756,-1.799417581,0.003126981,0.000224906,0.001731402,-0.002603893,0.000224906,,,
1786043635075702734,1786043635.074888233,/novatel/oem7/odom,/novatel/oem7/fix,/novatel/oem7/odom,39.663,-75.756,-1.799417581,0.003126981,0.000224906,0.001731402,-0.002603893,0.000224906,,,
1786043635086641438,1786043635.085396102,/novatel/oem7/inspva,/novatel/oem7/inspva,/novatel/oem7/inspva,39.663,-75.756,-1.799417427,0.002751731,0.002194082,-0.001486024,0.002315978,0.002194082,,novatel_oem7_msgs.msg.InertialSolutionStatus(status=3),
1786043635088928751,1786043635.085633454,/novatel/oem7/fix,/novatel/oem7/fix,/novatel/oem7/inspva,39.663,-75.756,-1.799417427,0.002751731,0.002194082,-0.001486024,0.002315978,0.002194082,,0,
1786043635090361265,1786043635.086138561,/novatel/oem7/odom,/novatel/oem7/fix,/novatel/oem7/odom,39.663,-75.756,-1.799417427,0.002748203,0.002198500,0.002233579,-0.001601169,0.002198500,,,
1786043635095986070,1786043635.095209425,/novatel/oem7/odom,/novatel/oem7/fix,/novatel/oem7/odom,39.663,-75.756,-1.799417427,0.002748203,0.002198500,0.002233579,-0.001601169,0.002198500,,,
1786043635106869939,1786043635.106089059,/novatel/oem7/inspva,/novatel/oem7/inspva,/novatel/oem7/inspva,39.663,-75.756,-1.799441915,0.002282368,0.001825588,-0.001049297,0.002026864,0.001825588,,novatel_oem7_msgs.msg.InertialSolutionStatus(status=3),
1786043635108695210,1786043635.106286324,/novatel/oem7/fix,/novatel/oem7/fix,/novatel/oem7/inspva,39.663,-75.756,-1.799441915,0.002282368,0.001825588,-0.001049297,0.002026864,0.001825588,,0,
1786043635109794915,1786043635.106766485,/novatel/oem7/odom,/novatel/oem7/fix,/novatel/oem7/odom,39.663,-75.756,-1.799441915,0.002278757,0.001830093,0.001967205,-0.001150148,0.001830093,,,
1786043635112283279,1786043635.109839682,/novatel/oem7/bestpos,/novatel/oem7/bestpos,/novatel/oem7/odom,39.663,-75.756,33.182982092,0.002278757,0.001830093,0.001967205,-0.001150148,0.001830093,,novatel_oem7_msgs.msg.SolutionStatus(status=0),novatel_oem7_msgs.msg.PositionOrVelocityType(type=53)
1786043635113534815,1786043635.110488072,/novatel/oem7/bestvel,/novatel/oem7/bestpos,/novatel/oem7/bestvel,39.663,-75.756,33.182982092,0.002768593,0.000829964,,,,89.825927861,novatel_oem7_msgs.msg.SolutionStatus(status=0),novatel_oem7_msgs.msg.PositionOrVelocityType(type=53)
1786043635115741723,1786043635.114579985,/novatel/oem7/odom,/novatel/oem7/bestpos,/novatel/oem7/odom,39.663,-75.756,33.182982092,0.002278757,0.001830093,0.001967205,-0.001150148,0.001830093,,,
1786043635125964639,1786043635.125357480,/novatel/oem7/inspva,/novatel/oem7/inspva,/novatel/oem7/inspva,39.663,-75.756,-1.799471939,0.001892351,-0.000620433,-0.001187373,0.001473477,-0.000620433,,novatel_oem7_msgs.msg.InertialSolutionStatus(status=3),
1786043635127356830,1786043635.125567612,/novatel/oem7/fix,/novatel/oem7/fix,/novatel/oem7/inspva,39.663,-75.756,-1.799471939,0.001892351,-0.000620433,-0.001187373,0.001473477,-0.000620433,,0,
1786043635128484461,1786043635.126142461,/novatel/oem7/odom,/novatel/oem7/fix,/novatel/oem7/odom,39.663,-75.756,-1.799471939,0.001893060,-0.000618265,0.001416952,-0.001255358,-0.000618265,,,
1786043635136495666,1786043635.135679088,/novatel/oem7/odom,/novatel/oem7/fix,/novatel/oem7/odom,39.663,-75.756,-1.799471939,0.001893060,-0.000618265,0.001416952,-0.001255358,-0.000618265,,,
1786043635146020890,1786043635.145290099,/novatel/oem7/inspva,/novatel/oem7/inspva,/novatel/oem7/inspva,39.663,-75.756,-1.799484507,0.002341956,-0.000301829,-0.001668946,0.001642979,-0.000301829,,novatel_oem7_msgs.msg.InertialSolutionStatus(status=3),
1786043635147957165,1786043635.145509921,/novatel/oem7/fix,/novatel/oem7/fix,/novatel/oem7/inspva,39.663,-75.756,-1.799484507,0.002341956,-0.000301829,-0.001668946,0.001642979,-0.000301829,,0,
1786043635149507720,1786043635.145903958,/novatel/oem7/odom,/novatel/oem7/fix,/novatel/oem7/odom,39.663,-75.756,-1.799484507,0.002342147,-0.000300344,0.001561917,-0.001745299,-0.000300344,,,
1786043635156736358,1786043635.155727898,/novatel/oem7/odom,/novatel/oem7/fix,/novatel/oem7/odom,39.663,-75.756,-1.799484507,0.002342147,-0.000300344,0.001561917,-0.001745299,-0.000300344,,,
1786043635167384729,1786043635.166561097,/novatel/oem7/inspva,/novatel/oem7/inspva,/novatel/oem7/inspva,39.663,-75.756,-1.799486250,0.003619914,0.001663141,-0.002043739,0.002987793,0.001663141,,novatel_oem7_msgs.msg.InertialSolutionStatus(status=3),
1786043635169172843,1786043635.166756146,/novatel/oem7/fix,/novatel/oem7/fix,/novatel/oem7/inspva,39.663,-75.756,-1.799486250,0.003619914,0.001663141,-0.002043739,0.002987793,0.001663141,,0,
1786043635170400263,1786043635.167224677,/novatel/oem7/odom,/novatel/oem7/fix,/novatel/oem7/odom,39.663,-75.756,-1.799486250,0.003617450,0.001668494,0.002879819,-0.002189198,0.001668494,,,
1786043635175670523,1786043635.175187678,/novatel/oem7/odom,/novatel/oem7/fix,/novatel/oem7/odom,39.663,-75.756,-1.799486250,0.003617450,0.001668494,0.002879819,-0.002189198,0.001668494,,,
1786043635186114385,1786043635.185133999,/novatel/oem7/inspva,/novatel/oem7/inspva,/novatel/oem7/inspva,39.663,-75.756,-1.799508289,0.002243842,0.002005521,-0.001265652,0.001852823,0.002005521,,novatel_oem7_msgs.msg.InertialSolutionStatus(status=3),
1786043635187440198,1786043635.185322721,/novatel/oem7/fix,/novatel/oem7/fix,/novatel/oem7/inspva,39.663,-75.756,-1.799508289,0.002243842,0.002005521,-0.001265652,0.001852823,0.002005521,,0,
1786043635188134479,1786043635.185750819,/novatel/oem7/odom,/novatel/oem7/fix,/novatel/oem7/odom,39.663,-75.756,-1.799508289,0.002240867,0.002008845,0.001782280,-0.001358294,0.002008845,,,
1786043635196063043,1786043635.195585131,/novatel/oem7/odom,/novatel/oem7/fix,/novatel/oem7/odom,39.663,-75.756,-1.799508289,0.002240867,0.002008845,0.001782280,-0.001358294,0.002008845,,,
1786043635206765034,1786043635.206372640,/novatel/oem7/inspva,/novatel/oem7/inspva,/novatel/oem7/inspva,39.663,-75.756,-1.799551298,0.000590717,-0.001254923,-0.000509981,0.000298103,-0.001254923,,novatel_oem7_msgs.msg.InertialSolutionStatus(status=3),
1786043635207532456,1786043635.206624049,/novatel/oem7/fix,/novatel/oem7/fix,/novatel/oem7/inspva,39.663,-75.756,-1.799551298,0.000590717,-0.001254923,-0.000509981,0.000298103,-0.001254923,,0,
1786043635208134233,1786043635.207165241,/novatel/oem7/odom,/novatel/oem7/fix,/novatel/oem7/odom,39.663,-75.756,-1.799551298,0.000590171,-0.001255179,0.000277915,-0.000520639,-0.001255179,,,
1786043635211039441,1786043635.210546541,/novatel/oem7/bestpos,/novatel/oem7/bestpos,/novatel/oem7/odom,39.663,-75.756,33.182891765,0.000590171,-0.001255179,0.000277915,-0.000520639,-0.001255179,,novatel_oem7_msgs.msg.SolutionStatus(status=0),novatel_oem7_msgs.msg.PositionOrVelocityType(type=53)
1786043635211908986,1786043635.210812687,/novatel/oem7/bestvel,/novatel/oem7/bestpos,/novatel/oem7/bestvel,39.663,-75.756,33.182891765,0.001213058,-0.000875351,,,,165.285037816,novatel_oem7_msgs.msg.SolutionStatus(status=0),novatel_oem7_msgs.msg.PositionOrVelocityType(type=53)
1786043635215835983,1786043635.215028095,/novatel/oem7/odom,/novatel/oem7/bestpos,/novatel/oem7/odom,39.663,-75.756,33.182891765,0.000590171,-0.001255179,0.000277915,-0.000520639,-0.001255179,,,
1786043635226707196,1786043635.226189438,/novatel/oem7/inspva,/novatel/oem7/inspva,/novatel/oem7/inspva,39.663,-75.756,-1.799572238,0.001221853,-0.001082333,-0.000757245,0.000958908,-0.001082333,,novatel_oem7_msgs.msg.InertialSolutionStatus(status=3),
1786043635227741713,1786043635.226349706,/novatel/oem7/fix,/novatel/oem7/fix,/novatel/oem7/inspva,39.663,-75.756,-1.799572238,0.001221853,-0.001082333,-0.000757245,0.000958908,-0.001082333,,0,
1786043635228462693,1786043635.226702387,/novatel/oem7/odom,/novatel/oem7/fix,/novatel/oem7/odom,39.663,-75.756,-1.799572238,0.001223135,-0.001080884,0.000925394,-0.000799815,-0.001080884,,,
1786043635234893801,1786043635.234496992,/novatel/oem7/odom,/novatel/oem7/fix,/novatel/oem7/odom,39.663,-75.756,-1.799572238,0.001223135,-0.001080884,0.000925394,-0.000799815,-0.001080884,,,
1786043635247160083,1786043635.246104113,/novatel/oem7/inspva,/novatel/oem7/inspva,/novatel/oem7/inspva,39.663,-75.756,-1.799582402,0.003517165,0.001041081,-0.002812791,0.002111552,0.001041081,,novatel_oem7_msgs.msg.InertialSolutionStatus(status=3),
1786043635249391322,1786043635.246315935,/novatel/oem7/fix,/novatel/oem7/fix,/novatel/oem7/inspva,39.663,-75.756,-1.799582402,0.003517165,0.001041081,-0.002812791,0.002111552,0.001041081,,0,
1786043635251050124,1786043635.247021229,/novatel/oem7/odom,/novatel/oem7/fix,/novatel/oem7/odom,39.663,-75.756,-1.799582402,0.003517124,0.001041218,0.001969908,-0.002913696,0.001041218,,,
1786043635257335773,1786043635.256550143,/novatel/oem7/odom,/novatel/oem7/fix,/novatel/oem7/odom,39.663,-75.756,-1.799582402,0.003517124,0.001041218,0.001969908,-0.002913696,0.001041218,,,
1786043635265909110,1786043635.265102699,/novatel/oem7/inspva,/novatel/oem7/inspva,/novatel/oem7/inspva,39.663,-75.756,-1.799613141,0.003028857,0.000994694,-0.001696344,0.002509261,0.000994694,,novatel_oem7_msgs.msg.InertialSolutionStatus(status=3),
1786043635267688204,1786043635.265280317,/novatel/oem7/fix,/novatel/oem7/fix,/novatel/oem7/inspva,39.663,-75.756,-1.799613141,0.003028857,0.000994694,-0.001696344,0.002509261,0.000994694,,0,
1786043635269076991,1786043635.265673687,/novatel/oem7/odom,/novatel/oem7/fix,/novatel/oem7/odom,39.663,-75.756,-1.799613141,0.003027376,0.000999190,0.002421037,-0.001817577,0.000999190,,,
1786043635275118984,1786043635.274488641,/novatel/oem7/odom,/novatel/oem7/fix,/novatel/oem7/odom,39.663,-75.756,-1.799613141,0.003027376,0.000999190,0.002421037,-0.001817577,0.000999190,,,
1786043635288124287,1786043635.287082997,/novatel/oem7/inspva,/novatel/oem7/inspva,/novatel/oem7/inspva,39.663,-75.756,-1.799641923,0.000064972,0.000094950,-0.000045669,-0.000046214,0.000094950,,novatel_oem7_msgs.msg.InertialSolutionStatus(status=3),
1786043635290168974,1786043635.287245486,/novatel/oem7/fix,/novatel/oem7/fix,/novatel/oem7/inspva,39.663,-75.756,-1.799641923,0.000064972,0.000094950,-0.000045669,-0.000046214,0.000094950,,0,
1786043635291594418,1786043635.287767061,/novatel/oem7/odom,/novatel/oem7/fix,/novatel/oem7/odom,39.663,-75.756,-1.799641923,0.000065391,0.000094662,-0.000048710,-0.000043627,0.000094662,,,
1786043635295714379,1786043635.294922671,/novatel/oem7/odom,/novatel/oem7/fix,/novatel/oem7/odom,39.663,-75.756,-1.799641923,0.000065391,0.000094662,-0.000048710,-0.000043627,0.000094662,,,
1786043635306601588,1786043635.305906785,/novatel/oem7/inspva,/novatel/oem7/inspva,/novatel/oem7/inspva,39.663,-75.756,-1.799673448,0.000571061,-0.001117645,-0.000250707,0.000513086,-0.001117645,,novatel_oem7_msgs.msg.InertialSolutionStatus(status=3),
1786043635308308482,1786043635.306084233,/novatel/oem7/fix,/novatel/oem7/fix,/novatel/oem7/inspva,39.663,-75.756,-1.799673448,0.000571061,-0.001117645,-0.000250707,0.000513086,-0.001117645,,0,
1786043635309708012,1786043635.306532156,/novatel/oem7/odom,/novatel/oem7/fix,/novatel/oem7/odom,39.663,-75.756,-1.799673448,0.000573377,-0.001116459,0.000504576,-0.000272333,-0.001116459,,,
1786043635311222724,1786043635.309509580,/novatel/oem7/bestpos,/novatel/oem7/bestpos,/novatel/oem7/odom,39.663,-75.756,33.182780229,0.000573377,-0.001116459,0.000504576,-0.000272333,-0.001116459,,novatel_oem7_msgs.msg.SolutionStatus(status=0),novatel_oem7_msgs.msg.PositionOrVelocityType(type=53)
1786043635312190800,1786043635.310288981,/novatel/oem7/bestvel,/novatel/oem7/bestpos,/novatel/oem7/bestvel,39.663,-75.756,33.182780229,0.000560723,-0.000619190,,,,192.373078248,novatel_oem7_msgs.msg.SolutionStatus(status=0),novatel_oem7_msgs.msg.PositionOrVelocityType(type=53)
1786043635316146679,1786043635.315429861,/novatel/oem7/odom,/novatel/oem7/bestpos,/novatel/oem7/odom,39.663,-75.756,33.182780229,0.000573377,-0.001116459,0.000504576,-0.000272333,-0.001116459,,,
1786043635325822410,1786043635.325241858,/novatel/oem7/inspva,/novatel/oem7/inspva,/novatel/oem7/inspva,39.663,-75.756,-1.799679157,0.003228355,0.000705657,-0.002111479,0.002442116,0.000705657,,novatel_oem7_msgs.msg.InertialSolutionStatus(status=3),
1786043635327201220,1786043635.325417399,/novatel/oem7/fix,/novatel/oem7/fix,/novatel/oem7/inspva,39.663,-75.756,-1.799679157,0.003228355,0.000705657,-0.002111479,0.002442116,0.000705657,,0,
1786043635328278141,1786043635.326013795,/novatel/oem7/odom,/novatel/oem7/fix,/novatel/oem7/odom,39.663,-75.756,-1.799679157,0.003227677,0.000708750,0.002335093,-0.002228282,0.000708750,,,
1786043635335738214,1786043635.335049207,/novatel/oem7/odom,/novatel/oem7/fix,/novatel/oem7/odom,39.663,-75.756,-1.799679157,0.003227677,0.000708750,0.002335093,-0.002228282,0.000708750,,,
1786043635347006624,1786043635.346036051,/novatel/oem7/inspva,/novatel/oem7/inspva,/novatel/oem7/inspva,39.663,-75.756,-1.799701502,0.002691453,0.001158714,-0.001227110,0.002395437,0.001158714,,novatel_oem7_msgs.msg.InertialSolutionStatus(status=3),
1786043635348909479,1786043635.346205776,/novatel/oem7/fix,/novatel/oem7/fix,/novatel/oem7/inspva,39.663,-75.756,-1.799701502,0.002691453,0.001158714,-0.001227110,0.002395437,0.001158714,,0,
1786043635350371447,1786043635.346645014,/novatel/oem7/odom,/novatel/oem7/fix,/novatel/oem7/odom,39.663,-75.756,-1.799701502,0.002689145,0.001164060,0.002329301,-0.001343822,0.001164060,,,
1786043635356795394,1786043635.355944514,/novatel/oem7/odom,/novatel/oem7/fix,/novatel/oem7/odom,39.663,-75.756,-1.799701502,0.002689145,0.001164060,0.002329301,-0.001343822,0.001164060,,,
1786043635365922093,1786043635.365309637,/novatel/oem7/inspva,/novatel/oem7/inspva,/novatel/oem7/inspva,39.663,-75.756,-1.799727882,0.001479911,0.000231096,0.000287028,0.001451810,0.000231096,,novatel_oem7_msgs.msg.InertialSolutionStatus(status=3),
1786043635367409711,1786043635.365485702,/novatel/oem7/fix,/novatel/oem7/fix,/novatel/oem7/inspva,39.663,-75.756,-1.799727882,0.001479911,0.000231096,0.000287028,0.001451810,0.000231096,,0,
1786043635368565762,1786043635.366002264,/novatel/oem7/odom,/novatel/oem7/fix,/novatel/oem7/odom,39.663,-75.756,-1.799727882,0.001478963,0.000237088,0.001463064,0.000216275,0.000237088,,,
1786043635376622981,1786043635.375477493,/novatel/oem7/odom,/novatel/oem7/fix,/novatel/oem7/odom,39.663,-75.756,-1.799727882,0.001478963,0.000237088,0.001463064,0.000216275,0.000237088,,,
1786043635385787104,1786043635.385030613,/novatel/oem7/inspva,/novatel/oem7/inspva,/novatel/oem7/inspva,39.663,-75.756,-1.799756075,0.001870044,-0.000283307,0.000349798,0.001837037,-0.000283307,,novatel_oem7_msgs.msg.InertialSolutionStatus(status=3),
1786043635387351749,1786043635.385186282,/novatel/oem7/fix,/novatel/oem7/fix,/novatel/oem7/inspva,39.663,-75.756,-1.799756075,0.001870044,-0.000283307,0.000349798,0.001837037,-0.000283307,,0,
1786043635388537757,1786043635.385580608,/novatel/oem7/odom,/novatel/oem7/fix,/novatel/oem7/odom,39.663,-75.756,-1.799756075,0.001871170,-0.000275767,0.001852778,0.000261712,-0.000275767,,,
1786043635395060938,1786043635.394415735,/novatel/oem7/odom,/novatel/oem7/fix,/novatel/oem7/odom,39.663,-75.756,-1.799756075,0.001871170,-0.000275767,0.001852778,0.000261712,-0.000275767,,,
1786043635407263698,1786043635.406662768,/novatel/oem7/inspva,/novatel/oem7/inspva,/novatel/oem7/inspva,39.663,-75.756,-1.799775844,0.003155310,-0.000929498,-0.001917469,0.002505852,-0.000929498,,novatel_oem7_msgs.msg.InertialSolutionStatus(status=3),
1786043635408637961,1786043635.406831417,/novatel/oem7/fix,/novatel/oem7/fix,/novatel/oem7/inspva,39.663,-75.756,-1.799775844,0.003155310,-0.000929498,-0.001917469,0.002505852,-0.000929498,,0,
1786043635409710812,1786043635.407311861,/novatel/oem7/odom,/novatel/oem7/fix,/novatel/oem7/odom,39.663,-75.756,-1.799775844,0.003156436,-0.000925668,0.002414141,-0.002033473,-0.000925668,,,
1786043635411206026,1786043635.410075728,/novatel/oem7/bestpos,/novatel/oem7/bestpos,/novatel/oem7/odom,39.663,-75.756,33.182672813,0.003156436,-0.000925668,0.002414141,-0.002033473,-0.000925668,,novatel_oem7_msgs.msg.SolutionStatus(status=0),novatel_oem7_msgs.msg.PositionOrVelocityType(type=53)
1786043635412151712,1786043635.410490396,/novatel/oem7/bestvel,/novatel/oem7/bestpos,/novatel/oem7/bestvel,39.663,-75.756,33.182672813,0.002362949,-0.000536310,,,,138.330473143,novatel_oem7_msgs.msg.SolutionStatus(status=0),novatel_oem7_msgs.msg.PositionOrVelocityType(type=53)
1786043635415672860,1786043635.414926809,/novatel/oem7/odom,/novatel/oem7/bestpos,/novatel/oem7/odom,39.663,-75.756,33.182672813,0.003156436,-0.000925668,0.002414141,-0.002033473,-0.000925668,,,
1786043635425490512,1786043635.424938544,/novatel/oem7/inspva,/novatel/oem7/inspva,/novatel/oem7/inspva,39.663,-75.756,-1.799789178,0.003041140,0.000252219,-0.001415133,0.002691827,0.000252219,,novatel_oem7_msgs.msg.InertialSolutionStatus(status=3),
1786043635426840432,1786043635.425092999,/novatel/oem7/fix,/novatel/oem7/fix,/novatel/oem7/inspva,39.663,-75.756,-1.799789178,0.003041140,0.000252219,-0.001415133,0.002691827,0.000252219,,0,
1786043635427904630,1786043635.425493243,/novatel/oem7/odom,/novatel/oem7/fix,/novatel/oem7/odom,39.663,-75.756,-1.799789178,0.003040647,0.000258096,0.002619686,-0.001543624,0.000258096,,,
1786043635436079823,1786043635.435456937,/novatel/oem7/odom,/novatel/oem7/fix,/novatel/oem7/odom,39.663,-75.756,-1.799789178,0.003040647,0.000258096,0.002619686,-0.001543624,0.000258096,,,
1786043635446311506,1786043635.445408731,/novatel/oem7/inspva,/novatel/oem7/inspva,/novatel/oem7/inspva,39.663,-75.756,-1.799807644,0.002191787,0.000857299,0.000173114,0.002184939,0.000857299,,novatel_oem7_msgs.msg.InertialSolutionStatus(status=3),
1786043635448357006,1786043635.445597589,/novatel/oem7/fix,/novatel/oem7/fix,/novatel/oem7/inspva,39.663,-75.756,-1.799807644,0.002191787,0.000857299,0.000173114,0.002184939,0.000857299,,0,
1786043635449798044,1786043635.446268590,/novatel/oem7/odom,/novatel/oem7/fix,/novatel/oem7/odom,39.663,-75.756,-1.799807644,0.002188487,0.000865687,0.002187502,0.000065683,0.000865687,,,
1786043635457243193,1786043635.456458213,/novatel/oem7/odom,/novatel/oem7/fix,/novatel/oem7/odom,39.663,-75.756,-1.799807644,0.002188487,0.000865687,0.002187502,0.000065683,0.000865687,,,
1786043635466633129,1786043635.466086770,/novatel/oem7/inspva,/novatel/oem7/inspva,/novatel/oem7/inspva,39.663,-75.756,-1.799839420,0.002274613,0.000191027,-0.000016465,0.002274554,0.000191027,,novatel_oem7_msgs.msg.InertialSolutionStatus(status=3),
1786043635468026889,1786043635.466248732,/novatel/oem7/fix,/novatel/oem7/fix,/novatel/oem7/inspva,39.663,-75.756,-1.799839420,0.002274613,0.000191027,-0.000016465,0.002274554,0.000191027,,0,
1786043635469149040,1786043635.466666413,/novatel/oem7/odom,/novatel/oem7/fix,/novatel/oem7/odom,39.663,-75.756,-1.799839420,0.002273914,0.000199177,0.002270401,-0.000126351,0.000199177,,,
1786043635475327481,1786043635.474548023,/novatel/oem7/odom,/novatel/oem7/fix,/novatel/oem7/odom,39.663,-75.756,-1.799839420,0.002273914,0.000199177,0.002270401,-0.000126351,0.000199177,,,
1786043635486054525,1786043635.485369093,/novatel/oem7/inspva,/novatel/oem7/inspva,/novatel/oem7/inspva,39.663,-75.756,-1.799870033,0.002854316,-0.001607264,-0.001137154,0.002618015,-0.001607264,,novatel_oem7_msgs.msg.InertialSolutionStatus(status=3),
1786043635487575334,1786043635.485547334,/novatel/oem7/fix,/novatel/oem7/fix,/novatel/oem7/inspva,39.663,-75.756,-1.799870033,0.002854316,-0.001607264,-0.001137154,0.002618015,-0.001607264,,0,
1786043635488698051,1786043635.486198841,/novatel/oem7/odom,/novatel/oem7/fix,/novatel/oem7/odom,39.663,-75.756,-1.799870033,0.002857890,-0.001600901,0.002566229,-0.001257778,-0.001600901,,,
1786043635496268809,1786043635.495638736,/novatel/oem7/odom,/novatel/oem7/fix,/novatel/oem7/odom,39.663,-75.756,-1.799870033,0.002857890,-0.001600901,0.002566229,-0.001257778,-0.001600901,,,
1786043635507156046,1786043635.506218870,/novatel/oem7/inspva,/novatel/oem7/inspva,/novatel/oem7/inspva,39.663,-75.756,-1.799882866,0.002614435,-0.000923270,-0.001767229,0.001926700,-0.000923270,,novatel_oem7_msgs.msg.InertialSolutionStatus(status=3),
1786043635509246019,1786043635.506384431,/novatel/oem7/fix,/novatel/oem7/fix,/novatel/oem7/inspva,39.663,-75.756,-1.799882866,0.002614435,-0.000923270,-0.001767229,0.001926700,-0.000923270,,0,
1786043635510782398,1786043635.506769392,/novatel/oem7/odom,/novatel/oem7/fix,/novatel/oem7/odom,39.663,-75.756,-1.799882866,0.002615216,-0.000921055,0.001842848,-0.001855604,-0.000921055,,,
1786043635512786971,1786043635.511887592,/novatel/oem7/bestpos,/novatel/oem7/bestpos,/novatel/oem7/odom,39.663,-75.756,33.182569003,0.002615216,-0.000921055,0.001842848,-0.001855604,-0.000921055,,novatel_oem7_msgs.msg.SolutionStatus(status=0),novatel_oem7_msgs.msg.PositionOrVelocityType(type=53)
1786043635514640012,1786043635.512369323,/novatel/oem7/bestvel,/novatel/oem7/bestpos,/novatel/oem7/bestvel,39.663,-75.756,33.182569003,0.002303778,0.000153661,,,,169.983670592,novatel_oem7_msgs.msg.SolutionStatus(status=0),novatel_oem7_msgs.msg.PositionOrVelocityType(type=53)
1786043635516584681,1786043635.514557721,/novatel/oem7/odom,/novatel/oem7/bestpos,/novatel/oem7/odom,39.663,-75.756,33.182569003,0.002615216,-0.000921055,0.001842848,-0.001855604,-0.000921055,,,
1786043635527268039,1786043635.526761968,/novatel/oem7/inspva,/novatel/oem7/inspva,/novatel/oem7/inspva,39.663,-75.756,-1.799888259,0.002200256,0.001418105,-0.000291678,0.002180837,0.001418105,,novatel_oem7_msgs.msg.InertialSolutionStatus(status=3),
1786043635528629209,1786043635.526927863,/novatel/oem7/fix,/novatel/oem7/fix,/novatel/oem7/inspva,39.663,-75.756,-1.799888259,0.002200256,0.001418105,-0.000291678,0.002180837,0.001418105,,0,
1786043635529724900,1786043635.527245926,/novatel/oem7/odom,/novatel/oem7/fix,/novatel/oem7/odom,39.663,-75.756,-1.799888259,0.002195656,0.001425217,0.002158942,-0.000399843,0.001425217,,,
1786043635536147766,1786043635.535248487,/novatel/oem7/odom,/novatel/oem7/fix,/novatel/oem7/odom,39.663,-75.756,-1.799888259,0.002195656,0.001425217,0.002158942,-0.000399843,0.001425217,,,
1786043635545933196,1786043635.545057813,/novatel/oem7/inspva,/novatel/oem7/inspva,/novatel/oem7/inspva,39.663,-75.756,-1.799922086,0.002014007,0.000775685,-0.000351012,0.001983183,0.000775685,,novatel_oem7_msgs.msg.InertialSolutionStatus(status=3),
1786043635547743760,1786043635.545225415,/novatel/oem7/fix,/novatel/oem7/fix,/novatel/oem7/inspva,39.663,-75.756,-1.799922086,0.002014007,0.000775685,-0.000351012,0.001983183,0.000775685,,0,
1786043635549230024,1786043635.545694996,/novatel/oem7/odom,/novatel/oem7/fix,/novatel/oem7/odom,39.663,-75.756,-1.799922086,0.002011593,0.000781923,0.001961074,-0.000447992,0.000781923,,,
1786043635556660697,1786043635.555818332,/novatel/oem7/odom,/novatel/oem7/fix,/novatel/oem7/odom,39.663,-75.756,-1.799922086,0.002011593,0.000781923,0.001961074,-0.000447992,0.000781923,,,
1786043635565955172,1786043635.565362419,/novatel/oem7/inspva,/novatel/oem7/inspva,/novatel/oem7/inspva,39.663,-75.756,-1.799956978,0.001696785,-0.001630407,-0.000070783,0.001695308,-0.001630407,,novatel_oem7_msgs.msg.InertialSolutionStatus(status=3),
1786043635567415972,1786043635.565563038,/novatel/oem7/fix,/novatel/oem7/fix,/novatel/oem7/inspva,39.663,-75.756,-1.799956978,0.001696785,-0.001630407,-0.000070783,0.001695308,-0.001630407,,0,
1786043635568569993,1786043635.566052603,/novatel/oem7/odom,/novatel/oem7/fix,/novatel/oem7/odom,39.663,-75.756,-1.799956978,0.001702452,-0.001624488,0.001695988,-0.000148213,-0.001624488,,,
1786043635576480468,1786043635.575190922,/novatel/oem7/odom,/novatel/oem7/fix,/novatel/oem7/odom,39.663,-75.756,-1.799956978,0.001702452,-0.001624488,0.001695988,-0.000148213,-0.001624488,,,
1786043635587016004,1786043635.586295314,/novatel/oem7/inspva,/novatel/oem7/inspva,/novatel/oem7/inspva,39.663,-75.756,-1.799974677,0.001950497,-0.001292114,-0.000670214,0.001831734,-0.001292114,,novatel_oem7_msgs.msg.InertialSolutionStatus(status=3),
1786043635588681417,1786043635.586490006,/novatel/oem7/fix,/novatel/oem7/fix,/novatel/oem7/inspva,39.663,-75.756,-1.799974677,0.001950497,-0.001292114,-0.000670214,0.001831734,-0.001292114,,0,
1786043635589985880,1786043635.586969507,/novatel/oem7/odom,/novatel/oem7/fix,/novatel/oem7/odom,39.663,-75.756,-1.799974677,0.001953672,-0.001287307,0.001802160,-0.000754358,-0.001287307,,,
1786043635595515844,1786043635.594779515,/novatel/oem7/odom,/novatel/oem7/fix,/novatel/oem7/odom,39.663,-75.756,-1.799974677,0.001953672,-0.001287307,0.001802160,-0.000754358,-0.001287307,,,
1786043635607547135,1786043635.606442834,/novatel/oem7/inspva,/novatel/oem7/inspva,/novatel/oem7/inspva,39.663,-75.756,-1.799979308,0.003128411,0.001172822,-0.001008477,0.002961406,0.001172822,,novatel_oem7_msgs.msg.InertialSolutionStatus(status=3),
1786043635609597485,1786043635.606609223,/novatel/oem7/fix,/novatel/oem7/fix,/novatel/oem7/inspva,39.663,-75.756,-1.799979308,0.003128411,0.001172822,-0.001008477,0.002961406,0.001172822,,0,
1786043635610783661,1786043635.607184905,/novatel/oem7/odom,/novatel/oem7/fix,/novatel/oem7/odom,39.663,-75.756,-1.799979308,0.003125401,0.001180820,0.002905049,-0.001152743,0.001180820,,,
1786043635612364256,1786043635.610233275,/novatel/oem7/bestpos,/novatel/oem7/bestpos,/novatel/oem7/odom,39.663,-75.756,33.182452367,0.003125401,0.001180820,0.002905049,-0.001152743,0.001180820,,novatel_oem7_msgs.msg.SolutionStatus(status=0),novatel_oem7_msgs.msg.PositionOrVelocityType(type=53)
1786043635613349709,1786043635.610654726,/novatel/oem7/bestvel,/novatel/oem7/bestpos,/novatel/oem7/bestvel,39.663,-75.756,33.182452367,0.003577157,0.000774948,,,,102.771570420,novatel_oem7_msgs.msg.SolutionStatus(status=0),novatel_oem7_msgs.msg.PositionOrVelocityType(type=53)
1786043635616292774,1786043635.615574037,/novatel/oem7/odom,/novatel/oem7/bestpos,/novatel/oem7/odom,39.663,-75.756,33.182452367,0.003125401,0.001180820,0.002905049,-0.001152743,0.001180820,,,
1786043635625978759,1786043635.625437147,/novatel/oem7/inspva,/novatel/oem7/inspva,/novatel/oem7/inspva,39.663,-75.756,-1.800012019,0.002699118,0.001097055,-0.000608125,0.002629719,0.001097055,,novatel_oem7_msgs.msg.InertialSolutionStatus(status=3),
1786043635627350206,1786043635.625604472,/novatel/oem7/fix,/novatel/oem7/fix,/novatel/oem7/inspva,39.663,-75.756,-1.800012019,0.002699118,0.001097055,-0.000608125,0.002629719,0.001097055,,0,
1786043635628440390,1786043635.625971107,/novatel/oem7/odom,/novatel/oem7/fix,/novatel/oem7/odom,39.663,-75.756,-1.800012019,0.002695910,0.001104914,0.002593295,-0.000736718,0.001104914,,,
1786043635635517683,1786043635.634624997,/novatel/oem7/odom,/novatel/oem7/fix,/novatel/oem7/odom,39.663,-75.756,-1.800012019,0.002695910,0.001104914,0.002593295,-0.000736718,0.001104914,,,
1786043635647980678,1786043635.647195837,/novatel/oem7/inspva,/novatel/oem7/inspva,/novatel/oem7/inspva,39.663,-75.756,-1.800052350,0.001758122,-0.001498650,0.000847221,0.001540523,-0.001498650,,novatel_oem7_msgs.msg.InertialSolutionStatus(status=3),
1786043635649704818,1786043635.647375332,/novatel/oem7/fix,/novatel/oem7/fix,/novatel/oem7/inspva,39.663,-75.756,-1.800052350,0.001758122,-0.001498650,0.000847221,0.001540523,-0.001498650,,0,
1786043635651033521,1786043635.647860587,/novatel/oem7/odom,/novatel/oem7/fix,/novatel/oem7/odom,39.663,-75.756,-1.800052350,0.001764743,-0.001490849,0.001585041,0.000775862,-0.001490849,,,
1786043635657243302,1786043635.656395200,/novatel/oem7/odom,/novatel/oem7/fix,/novatel/oem7/odom,39.663,-75.756,-1.800052350,0.001764743,-0.001490849,0.001585041,0.000775862,-0.001490849,,,
1786043635665807942,1786043635.664979748,/novatel/oem7/inspva,/novatel/oem7/inspva,/novatel/oem7/inspva,39.663,-75.756,-1.800073163,0.001772868,-0.001207704,0.000072810,0.001771372,-0.001207704,,novatel_oem7_msgs.msg.InertialSolutionStatus(status=3),
1786043635667668341,1786043635.665151033,/novatel/oem7/fix,/novatel/oem7/fix,/novatel/oem7/inspva,39.663,-75.756,-1.800073163,0.001772868,-0.001207704,0.000072810,0.001771372,-0.001207704,,0,
1786043635669100935,1786043635.665526160,/novatel/oem7/odom,/novatel/oem7/fix,/novatel/oem7/odom,39.663,-75.756,-1.800073163,0.001777314,-0.001201151,0.001777289,-0.000009452,-0.001201151,,,
1786043635676154351,1786043635.675497954,/novatel/oem7/odom,/novatel/oem7/fix,/novatel/oem7/odom,39.663,-75.756,-1.800073163,0.001777314,-0.001201151,0.001777289,-0.000009452,-0.001201151,,,
1786043635686016007,1786043635.685279640,/novatel/oem7/inspva,/novatel/oem7/inspva,/novatel/oem7/inspva,39.663,-75.756,-1.800075687,0.004445505,0.000954076,-0.001071802,0.004314366,0.000954076,,novatel_oem7_msgs.msg.InertialSolutionStatus(status=3),
1786043635687589609,1786043635.685461575,/novatel/oem7/fix,/novatel/oem7/fix,/novatel/oem7/inspva,39.663,-75.756,-1.800075687,0.004445505,0.000954076,-0.001071802,0.004314366,0.000954076,,0,
1786043635688714704,1786043635.686095684,/novatel/oem7/odom,/novatel/oem7/fix,/novatel/oem7/odom,39.663,-75.756,-1.800075687,0.004442794,0.000966617,0.004254260,-0.001280505,0.000966617,,,
1786043635695534010,1786043635.694866744,/novatel/oem7/odom,/novatel/oem7/fix,/novatel/oem7/odom,39.663,-75.756,-1.800075687,0.004442794,0.000966617,0.004254260,-0.001280505,0.000966617,,,
1786043635706780074,1786043635.705875632,/novatel/oem7/inspva,/novatel/oem7/inspva,/novatel/oem7/inspva,39.663,-75.756,-1.800098425,0.003095643,0.001370011,-0.000754522,0.003002283,0.001370011,,novatel_oem7_msgs.msg.InertialSolutionStatus(status=3),
1786043635708697529,1786043635.706044057,/novatel/oem7/fix,/novatel/oem7/fix,/novatel/oem7/inspva,39.663,-75.756,-1.800098425,0.003095643,0.001370011,-0.000754522,0.003002283,0.001370011,,0,
1786043635710098403,1786043635.706407426,/novatel/oem7/odom,/novatel/oem7/fix,/novatel/oem7/odom,39.663,-75.756,-1.800098425,0.003091729,0.001378820,0.002957362,-0.000901555,0.001378820,,,
1786043635712063515,1786043635.709537531,/novatel/oem7/bestpos,/novatel/oem7/bestpos,/novatel/oem7/odom,39.663,-75.756,33.182330254,0.003091729,0.001378820,0.002957362,-0.000901555,0.001378820,,novatel_oem7_msgs.msg.SolutionStatus(status=0),novatel_oem7_msgs.msg.PositionOrVelocityType(type=53)
1786043635713243934,1786043635.710258781,/novatel/oem7/bestvel,/novatel/oem7/bestpos,/novatel/oem7/bestvel,39.663,-75.756,33.182330254,0.003617283,0.000731126,,,,93.084160786,novatel_oem7_msgs.msg.SolutionStatus(status=0),novatel_oem7_msgs.msg.PositionOrVelocityType(type=53)
1786043635715708411,1786043635.714898943,/novatel/oem7/odom,/novatel/oem7/bestpos,/novatel/oem7/odom,39.663,-75.756,33.182330254,0.003091729,0.001378820,0.002957362,-0.000901555,0.001378820,,,
1786043635725775640,1786043635.725194621,/novatel/oem7/inspva,/novatel/oem7/inspva,/novatel/oem7/inspva,39.663,-75.756,-1.800131923,0.001862292,-0.000534696,0.001271788,0.001360400,-0.000534696,,novatel_oem7_msgs.msg.InertialSolutionStatus(status=3),
1786043635727267774,1786043635.725363686,/novatel/oem7/fix,/novatel/oem7/fix,/novatel/oem7/inspva,39.663,-75.756,-1.800131923,0.001862292,-0.000534696,0.001271788,0.001360400,-0.000534696,,0,
1786043635728409685,1786043635.725796793,/novatel/oem7/odom,/novatel/oem7/fix,/novatel/oem7/odom,39.663,-75.756,-1.800131923,0.001864650,-0.000526415,0.001421973,0.001206197,-0.000526415,,,
1786043635737356026,1786043635.736263609,/novatel/oem7/odom,/novatel/oem7/fix,/novatel/oem7/odom,39.663,-75.756,-1.800131923,0.001864650,-0.000526415,0.001421973,0.001206197,-0.000526415,,,
1786043635745760682,1786043635.745013915,/novatel/oem7/inspva,/novatel/oem7/inspva,/novatel/oem7/inspva,39.663,-75.756,-1.800153078,0.002113998,-0.000822055,0.000414466,0.002072971,-0.000822055,,novatel_oem7_msgs.msg.InertialSolutionStatus(status=3),
1786043635747596017,1786043635.745186830,/novatel/oem7/fix,/novatel/oem7/fix,/novatel/oem7/inspva,39.663,-75.756,-1.800153078,0.002113998,-0.000822055,0.000414466,0.002072971,-0.000822055,,0,
1786043635748981664,1786043635.745527453,/novatel/oem7/odom,/novatel/oem7/fix,/novatel/oem7/odom,39.663,-75.756,-1.800153078,0.002117301,-0.000813512,0.002093542,0.000316296,-0.000813512,,,
1786043635756474727,1786043635.755682666,/novatel/oem7/odom,/novatel/oem7/fix,/novatel/oem7/odom,39.663,-75.756,-1.800153078,0.002117301,-0.000813512,0.002093542,0.000316296,-0.000813512,,,
1786043635767750171,1786043635.766616463,/novatel/oem7/inspva,/novatel/oem7/inspva,/novatel/oem7/inspva,39.663,-75.756,-1.800152111,0.003667750,0.000668613,-0.001256100,0.003445955,0.000668613,,novatel_oem7_msgs.msg.InertialSolutionStatus(status=3),
1786043635769755090,1786043635.766787318,/novatel/oem7/fix,/novatel/oem7/fix,/novatel/oem7/inspva,39.663,-75.756,-1.800152111,0.003667750,0.000668613,-0.001256100,0.003445955,0.000668613,,0,
1786043635770936932,1786043635.767134235,/novatel/oem7/odom,/novatel/oem7/fix,/novatel/oem7/odom,39.663,-75.756,-1.800152111,0.003666109,0.000677555,0.003379025,-0.001422160,0.000677555,,,
1786043635775683075,1786043635.774979975,/novatel/oem7/odom,/novatel/oem7/fix,/novatel/oem7/odom,39.663,-75.756,-1.800152111,0.003666109,0.000677555,0.003379025,-0.001422160,0.000677555,,,
1786043635785846085,1786043635.785145801,/novatel/oem7/inspva,/novatel/oem7/inspva,/novatel/oem7/inspva,39.663,-75.756,-1.800171773,0.003779056,0.000521748,-0.001139095,0.003603294,0.000521748,,novatel_oem7_msgs.msg.InertialSolutionStatus(status=3),
1786043635787365860,1786043635.785305443,/novatel/oem7/fix,/novatel/oem7/fix,/novatel/oem7/inspva,39.663,-75.756,-1.800171773,0.003779056,0.000521748,-0.001139095,0.003603294,0.000521748,,0,
1786043635788516694,1786043635.785642473,/novatel/oem7/odom,/novatel/oem7/fix,/novatel/oem7/odom,39.663,-75.756,-1.800171773,0.003777688,0.000531563,0.003542357,-0.001312491,0.000531563,,,
1786043635796079515,1786043635.795413318,/novatel/oem7/odom,/novatel/oem7/fix,/novatel/oem7/odom,39.663,-75.756,-1.800171773,0.003777688,0.000531563,0.003542357,-0.001312491,0.000531563,,,
1786043635807469187,1786043635.806735436,/novatel/oem7/inspva,/novatel/oem7/inspva,/novatel/oem7/inspva,39.663,-75.756,-1.800188958,0.002279697,0.000790418,0.001227251,0.001921165,0.000790418,,novatel_oem7_msgs.msg.InertialSolutionStatus(status=3),
1786043635809218254,1786043635.806997825,/novatel/oem7/fix,/novatel/oem7/fix,/novatel/oem7/inspva,39.663,-75.756,-1.800188958,0.002279697,0.000790418,0.001227251,0.001921165,0.000790418,,0,
1786043635810631097,1786043635.807441069,/novatel/oem7/odom,/novatel/oem7/fix,/novatel/oem7/odom,39.663,-75.756,-1.800188958,0.002276102,0.000800710,0.001974993,0.001131390,0.000800710,,,
1786043635812521496,1786043635.810352235,/novatel/oem7/bestpos,/novatel/oem7/bestpos,/novatel/oem7/odom,39.663,-75.756,33.182233754,0.002276102,0.000800710,0.001974993,0.001131390,0.000800710,,novatel_oem7_msgs.msg.SolutionStatus(status=0),novatel_oem7_msgs.msg.PositionOrVelocityType(type=53)
1786043635813724704,1786043635.810818359,/novatel/oem7/bestvel,/novatel/oem7/bestpos,/novatel/oem7/bestvel,39.663,-75.756,33.182233754,0.003765013,-0.000145232,,,,67.064699362,novatel_oem7_msgs.msg.SolutionStatus(status=0),novatel_oem7_msgs.msg.PositionOrVelocityType(type=53)
1786043635816050124,1786043635.815086587,/novatel/oem7/odom,/novatel/oem7/bestpos,/novatel/oem7/odom,39.663,-75.756,33.182233754,0.002276102,0.000800710,0.001974993,0.001131390,0.000800710,,,
1786043635826942977,1786043635.826073569,/novatel/oem7/inspva,/novatel/oem7/inspva,/novatel/oem7/inspva,39.663,-75.756,-1.800219822,0.002089041,-0.000491278,0.001124281,0.001760706,-0.000491278,,novatel_oem7_msgs.msg.InertialSolutionStatus(status=3),
1786043635828763225,1786043635.826349065,/novatel/oem7/fix,/novatel/oem7/fix,/novatel/oem7/inspva,39.663,-75.756,-1.800219822,0.002089041,-0.000491278,0.001124281,0.001760706,-0.000491278,,0,
1786043635830114881,1786043635.826724288,/novatel/oem7/odom,/novatel/oem7/fix,/novatel/oem7/odom,39.663,-75.756,-1.800219822,0.002091231,-0.000481870,0.001814569,0.001039513,-0.000481870,,,
1786043635835611325,1786043635.834702373,/novatel/oem7/odom,/novatel/oem7/fix,/novatel/oem7/odom,39.663,-75.756,-1.800219822,0.002091231,-0.000481870,0.001814569,0.001039513,-0.000481870,,,
1786043635846137200,1786043635.845392354,/novatel/oem7/inspva,/novatel/oem7/inspva,/novatel/oem7/inspva,39.663,-75.756,-1.800231430,0.002778932,-0.000532385,-0.000702865,0.002688576,-0.000532385,,novatel_oem7_msgs.msg.InertialSolutionStatus(status=3),
1786043635847414120,1786043635.845586093,/novatel/oem7/fix,/novatel/oem7/fix,/novatel/oem7/inspva,39.663,-75.756,-1.800231430,0.002778932,-0.000532385,-0.000702865,0.002688576,-0.000532385,,0,
1786043635848326620,1786043635.846204036,/novatel/oem7/odom,/novatel/oem7/fix,/novatel/oem7/odom,39.663,-75.756,-1.800231430,0.002780400,-0.000524662,0.002653606,-0.000830061,-0.000524662,,,
1786043635856898286,1786043635.856356778,/novatel/oem7/odom,/novatel/oem7/fix,/novatel/oem7/odom,39.663,-75.756,-1.800231430,0.002780400,-0.000524662,0.002653606,-0.000830061,-0.000524662,,,
1786043635865861287,1786043635.865235128,/novatel/oem7/inspva,/novatel/oem7/inspva,/novatel/oem7/inspva,39.663,-75.756,-1.800249539,0.002676519,-0.000061233,-0.000350617,0.002653455,-0.000061233,,novatel_oem7_msgs.msg.InertialSolutionStatus(status=3),
1786043635866723545,1786043635.865373750,/novatel/oem7/fix,/novatel/oem7/fix,/novatel/oem7/inspva,39.663,-75.756,-1.800249539,0.002676519,-0.000061233,-0.000350617,0.002653455,-0.000061233,,0,
1786043635867338819,1786043635.865828401,/novatel/oem7/odom,/novatel/oem7/fix,/novatel/oem7/odom,39.663,-75.756,-1.800249539,0.002676702,-0.000052649,0.002633725,-0.000477726,-0.000052649,,,
1786043635874975848,1786043635.874477316,/novatel/oem7/odom,/novatel/oem7/fix,/novatel/oem7/odom,39.663,-75.756,-1.800249539,0.002676702,-0.000052649,0.002633725,-0.000477726,-0.000052649,,,
1786043635887471691,1786043635.886604388,/novatel/oem7/inspva,/novatel/oem7/inspva,/novatel/oem7/inspva,39.663,-75.756,-1.800263278,0.003348219,0.000697646,0.000528619,0.003306227,0.000697646,,novatel_oem7_msgs.msg.InertialSolutionStatus(status=3),
1786043635888801598,1786043635.886752286,/novatel/oem7/fix,/novatel/oem7/fix,/novatel/oem7/inspva,39.663,-75.756,-1.800263278,0.003348219,0.000697646,0.000528619,0.003306227,0.000697646,,0,
1786043635889540595,1786043635.887630901,/novatel/oem7/odom,/novatel/oem7/fix,/novatel/oem7/odom,39.663,-75.756,-1.800263278,0.003345404,0.000711024,0.003325197,0.000367138,0.000711024,,,
1786043635895629005,1786043635.895165782,/novatel/oem7/odom,/novatel/oem7/fix,/novatel/oem7/odom,39.663,-75.756,-1.800263278,0.003345404,0.000711024,0.003325197,0.000367138,0.000711024,,,
1786043635906475116,1786043635.905830243,/novatel/oem7/inspva,/novatel/oem7/inspva,/novatel/oem7/inspva,39.663,-75.756,-1.800299506,0.002362143,-0.000173122,0.000934948,0.002169237,-0.000173122,,novatel_oem7_msgs.msg.InertialSolutionStatus(status=3),
1786043635908167743,1786043635.906010912,/novatel/oem7/fix,/novatel/oem7/fix,/novatel/oem7/inspva,39.663,-75.756,-1.800299506,0.002362143,-0.000173122,0.000934948,0.002169237,-0.000173122,,0,
1786043635909413241,1786043635.906505043,/novatel/oem7/odom,/novatel/oem7/fix,/novatel/oem7/odom,39.663,-75.756,-1.800299506,0.002362884,-0.000162696,0.002212326,0.000829961,-0.000162696,,,
1786043635910993240,1786043635.909525136,/novatel/oem7/bestpos,/novatel/oem7/bestpos,/novatel/oem7/odom,39.663,-75.756,33.182122792,0.002362884,-0.000162696,0.002212326,0.000829961,-0.000162696,,novatel_oem7_msgs.msg.SolutionStatus(status=0),novatel_oem7_msgs.msg.PositionOrVelocityType(type=53)
1786043635912011860,1786043635.910033634,/novatel/oem7/bestvel,/novatel/oem7/bestpos,/novatel/oem7/bestvel,39.663,-75.756,33.182122792,0.003823512,-0.000942430,,,,76.630126939,novatel_oem7_msgs.msg.SolutionStatus(status=0),novatel_oem7_msgs.msg.PositionOrVelocityType(type=53)
1786043635916600958,1786043635.915463910,/novatel/oem7/odom,/novatel/oem7/bestpos,/novatel/oem7/odom,39.663,-75.756,33.182122792,0.002362884,-0.000162696,0.002212326,0.000829961,-0.000162696,,,
1786043635926632390,1786043635.925978890,/novatel/oem7/inspva,/novatel/oem7/inspva,/novatel/oem7/inspva,39.663,-75.756,-1.800339971,0.002049797,-0.002297377,0.000402044,0.002009982,-0.002297377,,novatel_oem7_msgs.msg.InertialSolutionStatus(status=3),
1786043635928075991,1786043635.926140355,/novatel/oem7/fix,/novatel/oem7/fix,/novatel/oem7/inspva,39.663,-75.756,-1.800339971,0.002049797,-0.002297377,0.000402044,0.002009982,-0.002297377,,0,
1786043635929176048,1786043635.926618156,/novatel/oem7/odom,/novatel/oem7/fix,/novatel/oem7/odom,39.663,-75.756,-1.800339971,0.002059009,-0.002289124,0.002035428,0.000310729,-0.002289124,,,
1786043635935468336,1786043635.934784413,/novatel/oem7/odom,/novatel/oem7/fix,/novatel/oem7/odom,39.663,-75.756,-1.800339971,0.002059009,-0.002289124,0.002035428,0.000310729,-0.002289124,,,
1786043635946937835,1786043635.946297832,/novatel/oem7/inspva,/novatel/oem7/inspva,/novatel/oem7/inspva,39.663,-75.756,-1.800354923,0.002988551,-0.001418280,0.000117552,0.002986238,-0.001418280,,novatel_oem7_msgs.msg.InertialSolutionStatus(status=3),
1786043635948367372,1786043635.946460127,/novatel/oem7/fix,/novatel/oem7/fix,/novatel/oem7/inspva,39.663,-75.756,-1.800354923,0.002988551,-0.001418280,0.000117552,0.002986238,-0.001418280,,0,
1786043635949497663,1786043635.946965906,/novatel/oem7/odom,/novatel/oem7/fix,/novatel/oem7/odom,39.663,-75.756,-1.800354923,0.002993739,-0.001407297,0.002993653,-0.000022607,-0.001407297,,,
1786043635957004844,1786043635.955976577,/novatel/oem7/odom,/novatel/oem7/fix,/novatel/oem7/odom,39.663,-75.756,-1.800354923,0.002993739,-0.001407297,0.002993653,-0.000022607,-0.001407297,,,
1786043635966328832,1786043635.965405593,/novatel/oem7/inspva,/novatel/oem7/inspva,/novatel/oem7/inspva,39.663,-75.756,-1.800357784,0.003433869,0.001062500,0.000143995,0.003430849,0.001062500,,novatel_oem7_msgs.msg.InertialSolutionStatus(status=3),
1786043635968267717,1786043635.965810203,/novatel/oem7/fix,/novatel/oem7/fix,/novatel/oem7/inspva,39.663,-75.756,-1.800357784,0.003433869,0.001062500,0.000143995,0.003430849,0.001062500,,0,
1786043635969788546,1786043635.966150490,/novatel/oem7/odom,/novatel/oem7/fix,/novatel/oem7/odom,39.663,-75.756,-1.800357784,0.003429880,0.001075309,0.003429796,-0.000023923,0.001075309,,,
1786043635976416187,1786043635.975622269,/novatel/oem7/odom,/novatel/oem7/fix,/novatel/oem7/odom,39.663,-75.756,-1.800357784,0.003429880,0.001075309,0.003429796,-0.000023923,0.001075309,,,
1786043635986257847,1786043635.985433236,/novatel/oem7/inspva,/novatel/oem7/inspva,/novatel/oem7/inspva,39.663,-75.756,-1.800397757,0.003807444,0.000179047,0.000769808,0.003728810,0.000179047,,novatel_oem7_msgs.msg.InertialSolutionStatus(status=3),
1786043635987870359,1786043635.985809529,/novatel/oem7/fix,/novatel/oem7/fix,/novatel/oem7/inspva,39.663,-75.756,-1.800397757,0.003807444,0.000179047,0.000769808,0.003728810,0.000179047,,0,
1786043635989091445,1786043635.986180220,/novatel/oem7/odom,/novatel/oem7/fix,/novatel/oem7/odom,39.663,-75.756,-1.800397757,0.003806685,0.000194514,0.003760832,0.000589060,0.000194514,,,
1786043635995342386,1786043635.994542912,/novatel/oem7/odom,/novatel/oem7/fix,/novatel/oem7/odom,39.663,-75.756,-1.800397757,0.003806685,0.000194514,0.003760832,0.000589060,0.000194514,,,
1786043636009253446,1786043636.008500063,/novatel/oem7/inspva,/novatel/oem7/inspva,/novatel/oem7/inspva,39.663,-75.756,-1.800441586,0.003409598,-0.002221300,0.001312444,0.003146879,-0.002221300,,novatel_oem7_msgs.msg.InertialSolutionStatus(status=3),
1786043636010887595,1786043636.008812004,/novatel/oem7/fix,/novatel/oem7/fix,/novatel/oem7/inspva,39.663,-75.756,-1.800441586,0.003409598,-0.002221300,0.001312444,0.003146879,-0.002221300,,0,
1786043636012133581,1786043636.009898102,/novatel/oem7/odom,/novatel/oem7/fix,/novatel/oem7/odom,39.663,-75.756,-1.800441586,0.003419244,-0.002206422,0.003214570,0.001165233,-0.002206422,,,
1786043636017298928,1786043636.016609228,/novatel/oem7/odom,/novatel/oem7/fix,/novatel/oem7/odom,39.663,-75.756,-1.800441586,0.003419244,-0.002206422,0.003214570,0.001165233,-0.002206422,,,
1786043636027522868,1786043636.026509341,/novatel/oem7/bestpos,/novatel/oem7/bestpos,/novatel/oem7/odom,39.663,-75.756,33.181998085,0.003419244,-0.002206422,0.003214570,0.001165233,-0.002206422,,novatel_oem7_msgs.msg.SolutionStatus(status=0),novatel_oem7_msgs.msg.PositionOrVelocityType(type=53)
1786043636029292242,1786043636.027025983,/novatel/oem7/bestvel,/novatel/oem7/bestpos,/novatel/oem7/bestvel,39.663,-75.756,33.181998085,0.003501006,-0.002288807,,,,67.183432760,novatel_oem7_msgs.msg.SolutionStatus(status=0),novatel_oem7_msgs.msg.PositionOrVelocityType(type=53)
1786043636030289448,1786043636.027414583,/novatel/oem7/inspva,/novatel/oem7/inspva,/novatel/oem7/inspva,39.663,-75.756,-1.800459232,0.002763003,-0.002049743,0.000915820,0.002606810,-0.002049743,,novatel_oem7_msgs.msg.InertialSolutionStatus(status=3),
1786043636031175547,1786043636.027631702,/novatel/oem7/fix,/novatel/oem7/fix,/novatel/oem7/inspva,39.663,-75.756,-1.800459232,0.002763003,-0.002049743,0.000915820,0.002606810,-0.002049743,,0,
1786043636032324675,1786043636.028043930,/novatel/oem7/odom,/novatel/oem7/fix,/novatel/oem7/odom,39.663,-75.756,-1.800459232,0.002771717,-0.002037944,0.002655389,0.000794560,-0.002037944,,,
1786043636035168606,1786043636.034522760,/novatel/oem7/odom,/novatel/oem7/fix,/novatel/oem7/odom,39.663,-75.756,-1.800459232,0.002771717,-0.002037944,0.002655389,0.000794560,-0.002037944,,,
1786043636046176574,1786043636.045606459,/novatel/oem7/inspva,/novatel/oem7/inspva,/novatel/oem7/inspva,39.663,-75.756,-1.800438672,0.004198187,0.000993806,0.000305287,0.004187072,0.000993806,,novatel_oem7_msgs.msg.InertialSolutionStatus(status=3),
1786043636047704679,1786043636.045776090,/novatel/oem7/fix,/novatel/oem7/fix,/novatel/oem7/inspva,39.663,-75.756,-1.800438672,0.004198187,0.000993806,0.000305287,0.004187072,0.000993806,,0,
1786043636049369719,1786043636.046361886,/novatel/oem7/odom,/novatel/oem7/fix,/novatel/oem7/odom,39.663,-75.756,-1.800438672,0.004194410,0.001009628,0.004193195,0.000100920,0.001009628,,,
1786043636057645023,1786043636.056598862,/novatel/oem7/odom,/novatel/oem7/fix,/novatel/oem7/odom,39.663,-75.756,-1.800438672,0.004194410,0.001009628,0.004193195,0.000100920,0.001009628,,,
1786043636065945948,1786043636.065166163,/novatel/oem7/inspva,/novatel/oem7/inspva,/novatel/oem7/inspva,39.663,-75.756,-1.800437317,0.003963318,0.000746654,0.000662086,0.003907625,0.000746654,,novatel_oem7_msgs.msg.InertialSolutionStatus(status=3),
1786043636067738275,1786043636.065314452,/novatel/oem7/fix,/novatel/oem7/fix,/novatel/oem7/inspva,39.663,-75.756,-1.800437317,0.003963318,0.000746654,0.000662086,0.003907625,0.000746654,,0,
1786043636069234813,1786043636.065834700,/novatel/oem7/odom,/novatel/oem7/fix,/novatel/oem7/odom,39.663,-75.756,-1.800437317,0.003960293,0.000762539,0.003932134,0.000471423,0.000762539,,,
1786043636075676893,1786043636.074875055,/novatel/oem7/odom,/novatel/oem7/fix,/novatel/oem7/odom,39.663,-75.756,-1.800437317,0.003960293,0.000762539,0.003932134,0.000471423,0.000762539,,,
1786043636086169259,1786043636.085465882,/novatel/oem7/inspva,/novatel/oem7/inspva,/novatel/oem7/inspva,39.663,-75.756,-1.800450301,0.003444698,-0.001355997,0.002079229,0.002746407,-0.001355997,,novatel_oem7_msgs.msg.InertialSolutionStatus(status=3),
1786043636087788178,1786043636.085614627,/novatel/oem7/fix,/novatel/oem7/fix,/novatel/oem7/inspva,39.663,-75.756,-1.800450301,0.003444698,-0.001355997,0.002079229,0.002746407,-0.001355997,,0,
1786043636088955953,1786043636.086199622,/novatel/oem7/odom,/novatel/oem7/fix,/novatel/oem7/odom,39.663,-75.756,-1.800450301,0.003450797,-0.001340399,0.002848274,0.001948163,-0.001340399,,,
1786043636095735549,1786043636.095051563,/novatel/oem7/odom,/novatel/oem7/fix,/novatel/oem7/odom,39.663,-75.756,-1.800450301,0.003450797,-0.001340399,0.002848274,0.001948163,-0.001340399,,,
1786043636106491925,1786043636.105909209,/novatel/oem7/inspva,/novatel/oem7/inspva,/novatel/oem7/inspva,39.663,-75.756,-1.800440102,0.002941942,-0.001353928,0.001741073,0.002371431,-0.001353928,,novatel_oem7_msgs.msg.InertialSolutionStatus(status=3),
1786043636107969339,1786043636.106047801,/novatel/oem7/fix,/novatel/oem7/fix,/novatel/oem7/inspva,39.663,-75.756,-1.800440102,0.002941942,-0.001353928,0.001741073,0.002371431,-0.001353928,,0,
1786043636109084957,1786043636.106586512,/novatel/oem7/odom,/novatel/oem7/fix,/novatel/oem7/odom,39.663,-75.756,-1.800440102,0.002948020,-0.001340641,0.002457450,0.001628423,-0.001340641,,,
1786043636111085926,1786043636.109889891,/novatel/oem7/bestpos,/novatel/oem7/bestpos,/novatel/oem7/odom,39.663,-75.756,33.182011090,0.002948020,-0.001340641,0.002457450,0.001628423,-0.001340641,,novatel_oem7_msgs.msg.SolutionStatus(status=0),novatel_oem7_msgs.msg.PositionOrVelocityType(type=53)
1786043636112945668,1786043636.110535421,/novatel/oem7/bestvel,/novatel/oem7/bestpos,/novatel/oem7/bestvel,39.663,-75.756,33.182011090,0.002655218,-0.000937832,,,,69.803135548,novatel_oem7_msgs.msg.SolutionStatus(status=0),novatel_oem7_msgs.msg.PositionOrVelocityType(type=53)
1786043636115238644,1786043636.114563234,/novatel/oem7/odom,/novatel/oem7/bestpos,/novatel/oem7/odom,39.663,-75.756,33.182011090,0.002948020,-0.001340641,0.002457450,0.001628423,-0.001340641,,,
1786043636125847361,1786043636.125266782,/novatel/oem7/inspva,/novatel/oem7/inspva,/novatel/oem7/inspva,39.663,-75.756,-1.800426647,0.003653531,-0.000390150,-0.000218736,0.003646977,-0.000390150,,novatel_oem7_msgs.msg.InertialSolutionStatus(status=3),
1786043636127232088,1786043636.125413200,/novatel/oem7/fix,/novatel/oem7/fix,/novatel/oem7/inspva,39.663,-75.756,-1.800426647,0.003653531,-0.000390150,-0.000218736,0.003646977,-0.000390150,,0,
1786043636128331289,1786043636.126292349,/novatel/oem7/odom,/novatel/oem7/fix,/novatel/oem7/odom,39.663,-75.756,-1.800426647,0.003654841,-0.000377681,0.003633659,-0.000392917,-0.000377681,,,
1786043636136316580,1786043636.135658100,/novatel/oem7/odom,/novatel/oem7/fix,/novatel/oem7/odom,39.663,-75.756,-1.800426647,0.003654841,-0.000377681,0.003633659,-0.000392917,-0.000377681,,,
1786043636145978558,1786043636.145227921,/novatel/oem7/inspva,/novatel/oem7/inspva,/novatel/oem7/inspva,39.663,-75.756,-1.800415735,0.003672897,0.000258946,0.000052935,0.003672515,0.000258946,,novatel_oem7_msgs.msg.InertialSolutionStatus(status=3),
1786043636147960061,1786043636.145384639,/novatel/oem7/fix,/novatel/oem7/fix,/novatel/oem7/inspva,39.663,-75.756,-1.800415735,0.003672897,0.000258946,0.000052935,0.003672515,0.000258946,,0,
1786043636149159663,1786043636.147321945,/novatel/oem7/odom,/novatel/oem7/fix,/novatel/oem7/odom,39.663,-75.756,-1.800415735,0.003671934,0.000272260,0.003669825,-0.000124443,0.000272260,,,
1786043636156631192,1786043636.155676020,/novatel/oem7/odom,/novatel/oem7/fix,/novatel/oem7/odom,39.663,-75.756,-1.800415735,0.003671934,0.000272260,0.003669825,-0.000124443,0.000272260,,,
1786043636167337237,1786043636.166592820,/novatel/oem7/inspva,/novatel/oem7/inspva,/novatel/oem7/inspva,39.663,-75.756,-1.800426334,0.002789356,-0.000778105,0.001838132,0.002098042,-0.000778105,,novatel_oem7_msgs.msg.InertialSolutionStatus(status=3),
1786043636169064204,1786043636.166778755,/novatel/oem7/fix,/novatel/oem7/fix,/novatel/oem7/inspva,39.663,-75.756,-1.800426334,0.002789356,-0.000778105,0.001838132,0.002098042,-0.000778105,,0,
1786043636170522672,1786043636.167241283,/novatel/oem7/odom,/novatel/oem7/fix,/novatel/oem7/odom,39.663,-75.756,-1.800426334,0.002792849,-0.000765473,0.002186910,0.001737075,-0.000765473,,,
1786043636175682499,1786043636.174978382,/novatel/oem7/odom,/novatel/oem7/fix,/novatel/oem7/odom,39.663,-75.756,-1.800426334,0.002792849,-0.000765473,0.002186910,0.001737075,-0.000765473,,,
1786043636185803505,1786043636.184965650,/novatel/oem7/inspva,/novatel/oem7/inspva,/novatel/oem7/inspva,39.663,-75.756,-1.800425967,0.002621105,-0.001207603,0.001697846,0.001996875,-0.001207603,,novatel_oem7_msgs.msg.InertialSolutionStatus(status=3),
1786043636187512258,1786043636.185150595,/novatel/oem7/fix,/novatel/oem7/fix,/novatel/oem7/inspva,39.663,-75.756,-1.800425967,0.002621105,-0.001207603,0.001697846,0.001996875,-0.001207603,,0,
1786043636188971496,1786043636.185681477,/novatel/oem7/odom,/novatel/oem7/fix,/novatel/oem7/odom,39.663,-75.756,-1.800425967,0.002626502,-0.001195817,0.002080677,0.001602903,-0.001195817,,,
1786043636195204297,1786043636.194557567,/novatel/oem7/odom,/novatel/oem7/fix,/novatel/oem7/odom,39.663,-75.756,-1.800425967,0.002626502,-0.001195817,0.002080677,0.001602903,-0.001195817,,,
1786043636207313729,1786043636.206516508,/novatel/oem7/inspva,/novatel/oem7/inspva,/novatel/oem7/inspva,39.663,-75.756,-1.800429616,0.003386828,-0.001155494,-0.000257665,0.003377013,-0.001155494,,novatel_oem7_msgs.msg.InertialSolutionStatus(status=3),
1786043636209208997,1786043636.206729687,/novatel/oem7/fix,/novatel/oem7/fix,/novatel/oem7/inspva,39.663,-75.756,-1.800429616,0.003386828,-0.001155494,-0.000257665,0.003377013,-0.001155494,,0,
1786043636210551504,1786043636.207203411,/novatel/oem7/odom,/novatel/oem7/fix,/novatel/oem7/odom,39.663,-75.756,-1.800429616,0.003390668,-0.001144177,0.003364939,-0.000416914,-0.001144177,,,
1786043636212143006,1786043636.210915318,/novatel/oem7/bestpos,/novatel/oem7/bestpos,/novatel/oem7/odom,39.663,-75.756,33.182032477,0.003390668,-0.001144177,0.003364939,-0.000416914,-0.001144177,,novatel_oem7_msgs.msg.SolutionStatus(status=0),novatel_oem7_msgs.msg.PositionOrVelocityType(type=53)
1786043636213165926,1786043636.211322755,/novatel/oem7/bestvel,/novatel/oem7/bestpos,/novatel/oem7/bestvel,39.663,-75.756,33.182032477,0.002312213,-0.000607211,,,,96.101045237,novatel_oem7_msgs.msg.SolutionStatus(status=0),novatel_oem7_msgs.msg.PositionOrVelocityType(type=53)
1786043636216009824,1786043636.215307764,/novatel/oem7/odom,/novatel/oem7/bestpos,/novatel/oem7/odom,39.663,-75.756,33.182032477,0.003390668,-0.001144177,0.003364939,-0.000416914,-0.001144177,,,
1786043636226652132,1786043636.226040282,/novatel/oem7/inspva,/novatel/oem7/inspva,/novatel/oem7/inspva,39.663,-75.756,-1.800421274,0.002782791,-0.000551235,-0.000566863,0.002724443,-0.000551235,,novatel_oem7_msgs.msg.InertialSolutionStatus(status=3),
1786043636228037662,1786043636.226220634,/novatel/oem7/fix,/novatel/oem7/fix,/novatel/oem7/inspva,39.663,-75.756,-1.800421274,0.002782791,-0.000551235,-0.000566863,0.002724443,-0.000551235,,0,
1786043636229132692,1786043636.226724456,/novatel/oem7/odom,/novatel/oem7/fix,/novatel/oem7/odom,39.663,-75.756,-1.800421274,0.002784394,-0.000543080,0.002696039,-0.000695861,-0.000543080,,,
1786043636235043264,1786043636.234366790,/novatel/oem7/odom,/novatel/oem7/fix,/novatel/oem7/odom,39.663,-75.756,-1.800421274,0.002784394,-0.000543080,0.002696039,-0.000695861,-0.000543080,,,
1786043636246034298,1786043636.245215930,/novatel/oem7/inspva,/novatel/oem7/inspva,/novatel/oem7/inspva,39.663,-75.756,-1.800420653,0.002356112,0.000233627,0.000964547,0.002149631,0.000233627,,novatel_oem7_msgs.msg.InertialSolutionStatus(status=3),
1786043636248040611,1786043636.245388492,/novatel/oem7/fix,/novatel/oem7/fix,/novatel/oem7/inspva,39.663,-75.756,-1.800420653,0.002356112,0.000233627,0.000964547,0.002149631,0.000233627,,0,
1786043636249585506,1786043636.245827780,/novatel/oem7/odom,/novatel/oem7/fix,/novatel/oem7/odom,39.663,-75.756,-1.800420653,0.002355061,0.000243989,0.002192657,0.000859402,0.000243989,,,
1786043636257082586,1786043636.256312136,/novatel/oem7/odom,/novatel/oem7/fix,/novatel/oem7/odom,39.663,-75.756,-1.800420653,0.002355061,0.000243989,0.002192657,0.000859402,0.000243989,,,
1786043636265868782,1786043636.265265763,/novatel/oem7/inspva,/novatel/oem7/inspva,/novatel/oem7/inspva,39.663,-75.756,-1.800425779,0.002475692,-0.000536606,0.001151610,0.002191539,-0.000536606,,novatel_oem7_msgs.msg.InertialSolutionStatus(status=3),
1786043636267350627,1786043636.265464565,/novatel/oem7/fix,/novatel/oem7/fix,/novatel/oem7/inspva,39.663,-75.756,-1.800425779,0.002475692,-0.000536606,0.001151610,0.002191539,-0.000536606,,0,
1786043636268472448,1786043636.265926263,/novatel/oem7/odom,/novatel/oem7/fix,/novatel/oem7/odom,39.663,-75.756,-1.800425779,0.002478055,-0.000525585,0.002246383,0.001046193,-0.000525585,,,
1786043636275811379,1786043636.274649982,/novatel/oem7/odom,/novatel/oem7/fix,/novatel/oem7/odom,39.663,-75.756,-1.800425779,0.002478055,-0.000525585,0.002246383,0.001046193,-0.000525585,,,
1786043636287257458,1786043636.286512181,/novatel/oem7/inspva,/novatel/oem7/inspva,/novatel/oem7/inspva,39.663,-75.756,-1.800433945,0.002212855,-0.001484282,0.000156368,0.002207324,-0.001484282,,novatel_oem7_msgs.msg.InertialSolutionStatus(status=3),
1786043636288878347,1786043636.286679993,/novatel/oem7/fix,/novatel/oem7/fix,/novatel/oem7/inspva,39.663,-75.756,-1.800433945,0.002212855,-0.001484282,0.000156368,0.002207324,-0.001484282,,0,
1786043636290031549,1786043636.287101057,/novatel/oem7/odom,/novatel/oem7/fix,/novatel/oem7/odom,39.663,-75.756,-1.800433945,0.002218379,-0.001476014,0.002217726,0.000053799,-0.001476014,,,
1786043636295585523,1786043636.294892140,/novatel/oem7/odom,/novatel/oem7/fix,/novatel/oem7/odom,39.663,-75.756,-1.800433945,0.002218379,-0.001476014,0.002217726,0.000053799,-0.001476014,,,
1786043636306669382,1786043636.305955378,/novatel/oem7/inspva,/novatel/oem7/inspva,/novatel/oem7/inspva,39.663,-75.756,-1.800421509,0.002870731,-0.000947531,-0.000213977,0.002862745,-0.000947531,,novatel_oem7_msgs.msg.InertialSolutionStatus(status=3),
1786043636308089786,1786043636.306107800,/novatel/oem7/fix,/novatel/oem7/fix,/novatel/oem7/inspva,39.663,-75.756,-1.800421509,0.002870731,-0.000947531,-0.000213977,0.002862745,-0.000947531,,0,
1786043636309189266,1786043636.306594751,/novatel/oem7/odom,/novatel/oem7/fix,/novatel/oem7/odom,39.663,-75.756,-1.800421509,0.002873877,-0.000937947,0.002852606,-0.000349007,-0.000937947,,,
1786043636310785066,1786043636.309491796,/novatel/oem7/bestpos,/novatel/oem7/bestpos,/novatel/oem7/odom,39.663,-75.756,33.182040501,0.002873877,-0.000937947,0.002852606,-0.000349007,-0.000937947,,novatel_oem7_msgs.msg.SolutionStatus(status=0),novatel_oem7_msgs.msg.PositionOrVelocityType(type=53)
1786043636312267510,1786043636.310256347,/novatel/oem7/bestvel,/novatel/oem7/bestpos,/novatel/oem7/bestvel,39.663,-75.756,33.182040501,0.002345078,-0.000439215,,,,104.030138526,novatel_oem7_msgs.msg.SolutionStatus(status=0),novatel_oem7_msgs.msg.PositionOrVelocityType(type=53)
1786043636315233272,1786043636.314555383,/novatel/oem7/odom,/novatel/oem7/bestpos,/novatel/oem7/odom,39.663,-75.756,33.182040501,0.002873877,-0.000937947,0.002852606,-0.000349007,-0.000937947,,,
1786043636325855166,1786043636.325277701,/novatel/oem7/inspva,/novatel/oem7/inspva,/novatel/oem7/inspva,39.663,-75.756,-1.800400008,0.002440375,0.001352836,0.000279830,0.002424278,0.001352836,,novatel_oem7_msgs.msg.InertialSolutionStatus(status=3),
1786043636327253467,1786043636.325435276,/novatel/oem7/fix,/novatel/oem7/fix,/novatel/oem7/inspva,39.663,-75.756,-1.800400008,0.002440375,0.001352836,0.000279830,0.002424278,0.001352836,,0,
1786043636328339608,1786043636.326039745,/novatel/oem7/odom,/novatel/oem7/fix,/novatel/oem7/odom,39.663,-75.756,-1.800400008,0.002435091,0.001362324,0.002429867,0.000159427,0.001362324,,,
1786043636335520701,1786043636.334855005,/novatel/oem7/odom,/novatel/oem7/fix,/novatel/oem7/odom,39.663,-75.756,-1.800400008,0.002435091,0.001362324,0.002429867,0.000159427,0.001362324,,,
1786043636346960843,1786043636.346050051,/novatel/oem7/inspva,/novatel/oem7/inspva,/novatel/oem7/inspva,39.663,-75.756,-1.800404808,0.002716893,0.000813047,0.000862058,0.002576502,0.000813047,,novatel_oem7_msgs.msg.InertialSolutionStatus(status=3),
1786043636348851352,1786043636.346240949,/novatel/oem7/fix,/novatel/oem7/fix,/novatel/oem7/inspva,39.663,-75.756,-1.800404808,0.002716893,0.000813047,0.000862058,0.002576502,0.000813047,,0,
1786043636350450624,1786043636.346723648,/novatel/oem7/odom,/novatel/oem7/fix,/novatel/oem7/odom,39.663,-75.756,-1.800404808,0.002713401,0.000824625,0.002611944,0.000735048,0.000824625,,,
1786043636356542500,1786043636.355712702,/novatel/oem7/odom,/novatel/oem7/fix,/novatel/oem7/odom,39.663,-75.756,-1.800404808,0.002713401,0.000824625,0.002611944,0.000735048,0.000824625,,,
1786043636365775541,1786043636.365230805,/novatel/oem7/inspva,/novatel/oem7/inspva,/novatel/oem7/inspva,39.663,-75.756,-1.800427033,0.002277952,-0.002399299,0.000048553,0.002277434,-0.002399299,,novatel_oem7_msgs.msg.InertialSolutionStatus(status=3),
1786043636367194114,1786043636.365384941,/novatel/oem7/fix,/novatel/oem7/fix,/novatel/oem7/inspva,39.663,-75.756,-1.800427033,0.002277952,-0.002399299,0.000048553,0.002277434,-0.002399299,,0,
1786043636368347006,1786043636.366003797,/novatel/oem7/odom,/novatel/oem7/fix,/novatel/oem7/odom,39.663,-75.756,-1.800427033,0.002286602,-0.002391057,0.002285943,-0.000054893,-0.002391057,,,
1786043636376372051,1786043636.375537273,/novatel/oem7/odom,/novatel/oem7/fix,/novatel/oem7/odom,39.663,-75.756,-1.800427033,0.002286602,-0.002391057,0.002285943,-0.000054893,-0.002391057,,,
1786043636385823947,1786043636.385088173,/novatel/oem7/inspva,/novatel/oem7/inspva,/novatel/oem7/inspva,39.663,-75.756,-1.800410538,0.002406807,-0.001479736,0.000080599,0.002405457,-0.001479736,,novatel_oem7_msgs.msg.InertialSolutionStatus(status=3),
1786043636387370506,1786043636.385252775,/novatel/oem7/fix,/novatel/oem7/fix,/novatel/oem7/inspva,39.663,-75.756,-1.800410538,0.002406807,-0.001479736,0.000080599,0.002405457,-0.001479736,,0,
1786043636388531777,1786043636.385667074,/novatel/oem7/odom,/novatel/oem7/fix,/novatel/oem7/odom,39.663,-75.756,-1.800410538,0.002412170,-0.001470977,0.002411966,-0.000031387,-0.001470977,,,
1786043636395223109,1786043636.394551826,/novatel/oem7/odom,/novatel/oem7/fix,/novatel/oem7/odom,39.663,-75.756,-1.800410538,0.002412170,-0.001470977,0.002411966,-0.000031387,-0.001470977,,,
1786043636406993964,1786043636.406411572,/novatel/oem7/inspva,/novatel/oem7/inspva,/novatel/oem7/inspva,39.663,-75.756,-1.800395392,0.003679631,0.000522254,-0.000984271,0.003545546,0.000522254,,novatel_oem7_msgs.msg.InertialSolutionStatus(status=3),
1786043636408371538,1786043636.406596917,/novatel/oem7/fix,/novatel/oem7/fix,/novatel/oem7/inspva,39.663,-75.756,-1.800395392,0.003679631,0.000522254,-0.000984271,0.003545546,0.000522254,,0,
1786043636409490322,1786043636.407021001,/novatel/oem7/odom,/novatel/oem7/fix,/novatel/oem7/odom,39.663,-75.756,-1.800395392,0.003678211,0.000532163,0.003492160,-0.001155014,0.000532163,,,
1786043636411098601,1786043636.410200879,/novatel/oem7/bestpos,/novatel/oem7/bestpos,/novatel/oem7/odom,39.663,-75.756,33.182047095,0.003678211,0.000532163,0.003492160,-0.001155014,0.000532163,,novatel_oem7_msgs.msg.SolutionStatus(status=0),novatel_oem7_msgs.msg.PositionOrVelocityType(type=53)
1786043636412602553,1786043636.410695740,/novatel/oem7/bestvel,/novatel/oem7/bestpos,/novatel/oem7/bestvel,39.663,-75.756,33.182047095,0.003644235,-0.000072933,,,,90.716488180,novatel_oem7_msgs.msg.SolutionStatus(status=0),novatel_oem7_msgs.msg.PositionOrVelocityType(type=53)
1786043636415946052,1786043636.415263482,/novatel/oem7/odom,/novatel/oem7/bestpos,/novatel/oem7/odom,39.663,-75.756,33.182047095,0.003678211,0.000532163,0.003492160,-0.001155014,0.000532163,,,
1786043636425767192,1786043636.425167352,/novatel/oem7/inspva,/novatel/oem7/inspva,/novatel/oem7/inspva,39.663,-75.756,-1.800394417,0.002814885,0.000804553,-0.000269116,0.002801991,0.000804553,,novatel_oem7_msgs.msg.InertialSolutionStatus(status=3),
1786043636427190816,1786043636.425326761,/novatel/oem7/fix,/novatel/oem7/fix,/novatel/oem7/inspva,39.663,-75.756,-1.800394417,0.002814885,0.000804553,-0.000269116,0.002801991,0.000804553,,0,
1786043636428479408,1786043636.425652351,/novatel/oem7/odom,/novatel/oem7/fix,/novatel/oem7/odom,39.663,-75.756,-1.800394417,0.002812217,0.000813829,0.002782804,-0.000405673,0.000813829,,,
1786043636436838107,1786043636.435586418,/novatel/oem7/odom,/novatel/oem7/fix,/novatel/oem7/odom,39.663,-75.756,-1.800394417,0.002812217,0.000813829,0.002782804,-0.000405673,0.000813829,,,
1786043636445987676,1786043636.445205382,/novatel/oem7/inspva,/novatel/oem7/inspva,/novatel/oem7/inspva,39.663,-75.756,-1.800416329,0.001800441,-0.001814156,0.000557015,0.001712111,-0.001814156,,novatel_oem7_msgs.msg.InertialSolutionStatus(status=3),
1786043636447899109,1786043636.445363954,/novatel/oem7/fix,/novatel/oem7/fix,/novatel/oem7/inspva,39.663,-75.756,-1.800416329,0.001800441,-0.001814156,0.000557015,0.001712111,-0.001814156,,0,
1786043636449396076,1786043636.445931479,/novatel/oem7/odom,/novatel/oem7/fix,/novatel/oem7/odom,39.663,-75.756,-1.800416329,0.001808101,-0.001806522,0.001743588,0.000478675,-0.001806522,,,
1786043636457163469,1786043636.456391872,/novatel/oem7/odom,/novatel/oem7/fix,/novatel/oem7/odom,39.663,-75.756,-1.800416329,0.001808101,-0.001806522,0.001743588,0.000478675,-0.001806522,,,
1786043636466996812,1786043636.466258732,/novatel/oem7/inspva,/novatel/oem7/inspva,/novatel/oem7/inspva,39.663,-75.756,-1.800404689,0.001936832,-0.002026686,0.000252842,0.001920257,-0.002026686,,novatel_oem7_msgs.msg.InertialSolutionStatus(status=3),
1786043636469362999,1786043636.466402966,/novatel/oem7/fix,/novatel/oem7/fix,/novatel/oem7/inspva,39.663,-75.756,-1.800404689,0.001936832,-0.002026686,0.000252842,0.001920257,-0.002026686,,0,
1786043636471199817,1786043636.466861664,/novatel/oem7/odom,/novatel/oem7/fix,/novatel/oem7/odom,39.663,-75.756,-1.800404689,0.001944696,-0.002019141,0.001937651,0.000165380,-0.002019141,,,
1786043636475180032,1786043636.474528259,/novatel/oem7/odom,/novatel/oem7/fix,/novatel/oem7/odom,39.663,-75.756,-1.800404689,0.001944696,-0.002019141,0.001937651,0.000165380,-0.002019141,,,
1786043636486087456,1786043636.485375916,/novatel/oem7/inspva,/novatel/oem7/inspva,/novatel/oem7/inspva,39.663,-75.756,-1.800393963,0.003092852,-0.000149686,-0.001561435,0.002669767,-0.000149686,,novatel_oem7_msgs.msg.InertialSolutionStatus(status=3),
1786043636487621308,1786043636.485545871,/novatel/oem7/fix,/novatel/oem7/fix,/novatel/oem7/inspva,39.663,-75.756,-1.800393963,0.003092852,-0.000149686,-0.001561435,0.002669767,-0.000149686,,0,
1786043636488753905,1786043636.486279918,/novatel/oem7/odom,/novatel/oem7/fix,/novatel/oem7/odom,39.663,-75.756,-1.800393963,0.003093102,-0.000144418,0.002592131,-0.001687643,-0.000144418,,,
1786043636496706897,1786043636.495836321,/novatel/oem7/odom,/novatel/oem7/fix,/novatel/oem7/odom,39.663,-75.756,-1.800393963,0.003093102,-0.000144418,0.002592131,-0.001687643,-0.000144418,,,
1786043636506622117,1786043636.505993914,/novatel/oem7/inspva,/novatel/oem7/inspva,/novatel/oem7/inspva,39.663,-75.756,-1.800394293,0.003871816,0.000259481,-0.001032947,0.003731485,0.000259481,,novatel_oem7_msgs.msg.InertialSolutionStatus(status=3),
1786043636508040108,1786043636.506145245,/novatel/oem7/fix,/novatel/oem7/fix,/novatel/oem7/inspva,39.663,-75.756,-1.800394293,0.003871816,0.000259481,-0.001032947,0.003731485,0.000259481,,0,
1786043636509130795,1786043636.506590093,/novatel/oem7/odom,/novatel/oem7/fix,/novatel/oem7/odom,39.663,-75.756,-1.800394293,0.003871104,0.000269898,0.003676513,-0.001211898,0.000269898,,,
1786043636511947806,1786043636.511261019,/novatel/oem7/bestpos,/novatel/oem7/bestpos,/novatel/oem7/odom,39.663,-75.756,33.182044948,0.003871104,0.000269898,0.003676513,-0.001211898,0.000269898,,novatel_oem7_msgs.msg.SolutionStatus(status=0),novatel_oem7_msgs.msg.PositionOrVelocityType(type=53)
1786043636513411640,1786043636.511616263,/novatel/oem7/bestvel,/novatel/oem7/bestpos,/novatel/oem7/bestvel,39.663,-75.756,33.182044948,0.003391254,-0.000192539,,,,89.177043084,novatel_oem7_msgs.msg.SolutionStatus(status=0),novatel_oem7_msgs.msg.PositionOrVelocityType(type=53)
1786043636515580595,1786043636.514529021,/novatel/oem7/odom,/novatel/oem7/bestpos,/novatel/oem7/odom,39.663,-75.756,33.182044948,0.003871104,0.000269898,0.003676513,-0.001211898,0.000269898,,,
1786043636527549009,1786043636.526811361,/novatel/oem7/inspva,/novatel/oem7/inspva,/novatel/oem7/inspva,39.663,-75.756,-1.800407982,0.001439906,-0.001077923,0.000681044,0.001268664,-0.001077923,,novatel_oem7_msgs.msg.InertialSolutionStatus(status=3),
1786043636529084987,1786043636.526959656,/novatel/oem7/fix,/novatel/oem7/fix,/novatel/oem7/inspva,39.663,-75.756,-1.800407982,0.001439906,-0.001077923,0.000681044,0.001268664,-0.001077923,,0,
1786043636530263885,1786043636.527332370,/novatel/oem7/odom,/novatel/oem7/fix,/novatel/oem7/odom,39.663,-75.756,-1.800407982,0.001444721,-0.001071461,0.001303975,0.000621988,-0.001071461,,,
1786043636535776059,1786043636.535042735,/novatel/oem7/odom,/novatel/oem7/fix,/novatel/oem7/odom,39.663,-75.756,-1.800407982,0.001444721,-0.001071461,0.001303975,0.000621988,-0.001071461,,,
1786043636545895862,1786043636.545108921,/novatel/oem7/inspva,/novatel/oem7/inspva,/novatel/oem7/inspva,39.663,-75.756,-1.800414646,0.001183415,-0.002388897,0.000381665,0.001120180,-0.002388897,,novatel_oem7_msgs.msg.InertialSolutionStatus(status=3),
1786043636547700452,1786043636.545251565,/novatel/oem7/fix,/novatel/oem7/fix,/novatel/oem7/inspva,39.663,-75.756,-1.800414646,0.001183415,-0.002388897,0.000381665,0.001120180,-0.002388897,,0,
1786043636549142690,1786043636.545632609,/novatel/oem7/odom,/novatel/oem7/fix,/novatel/oem7/odom,39.663,-75.756,-1.800414646,0.001193541,-0.002383854,0.001146024,0.000333421,-0.002383854,,,
1786043636556674717,1786043636.555872962,/novatel/oem7/odom,/novatel/oem7/fix,/novatel/oem7/odom,39.663,-75.756,-1.800414646,0.001193541,-0.002383854,0.001146024,0.000333421,-0.002383854,,,
1786043636566134367,1786043636.565251431,/novatel/oem7/inspva,/novatel/oem7/inspva,/novatel/oem7/inspva,39.663,-75.756,-1.800411427,0.003080257,-0.000740782,-0.001199046,0.002837300,-0.000740782,,novatel_oem7_msgs.msg.InertialSolutionStatus(status=3),
1786043636567820143,1786043636.565478550,/novatel/oem7/fix,/novatel/oem7/fix,/novatel/oem7/inspva,39.663,-75.756,-1.800411427,0.003080257,-0.000740782,-0.001199046,0.002837300,-0.000740782,,0,
1786043636568976791,1786043636.566124020,/novatel/oem7/odom,/novatel/oem7/fix,/novatel/oem7/odom,39.663,-75.756,-1.800411427,0.003081878,-0.000734010,0.002779069,-0.001332197,-0.000734010,,,
1786043636575621846,1786043636.574859112,/novatel/oem7/odom,/novatel/oem7/fix,/novatel/oem7/odom,39.663,-75.756,-1.800411427,0.003081878,-0.000734010,0.002779069,-0.001332197,-0.000734010,,,
1786043636586725928,1786043636.586066058,/novatel/oem7/inspva,/novatel/oem7/inspva,/novatel/oem7/inspva,39.663,-75.756,-1.800412460,0.003155170,-0.000225602,-0.001279747,0.002883981,-0.000225602,,novatel_oem7_msgs.msg.InertialSolutionStatus(status=3),
1786043636588194693,1786043636.586200666,/novatel/oem7/fix,/novatel/oem7/fix,/novatel/oem7/inspva,39.663,-75.756,-1.800412460,0.003155170,-0.000225602,-0.001279747,0.002883981,-0.000225602,,0,
1786043636589305937,1786043636.586636291,/novatel/oem7/odom,/novatel/oem7/fix,/novatel/oem7/odom,39.663,-75.756,-1.800412460,0.003155650,-0.000218776,0.002819918,-0.001416401,-0.000218776,,,
1786043636595228352,1786043636.594379283,/novatel/oem7/odom,/novatel/oem7/fix,/novatel/oem7/odom,39.663,-75.756,-1.800412460,0.003155650,-0.000218776,0.002819918,-0.001416401,-0.000218776,,,
1786043636606995223,1786043636.606451065,/novatel/oem7/inspva,/novatel/oem7/inspva,/novatel/oem7/inspva,39.663,-75.756,-1.800418647,0.002047793,-0.000438277,0.000574386,0.001965588,-0.000438277,,novatel_oem7_msgs.msg.InertialSolutionStatus(status=3),
1786043636608350050,1786043636.606588596,/novatel/oem7/fix,/novatel/oem7/fix,/novatel/oem7/inspva,39.663,-75.756,-1.800418647,0.002047793,-0.000438277,0.000574386,0.001965588,-0.000438277,,0,
1786043636609409950,1786043636.607040327,/novatel/oem7/odom,/novatel/oem7/fix,/novatel/oem7/odom,39.663,-75.756,-1.800418647,0.002049616,-0.000429674,0.001992543,0.000480308,-0.000429674,,,
1786043636610967232,1786043636.610046867,/novatel/oem7/bestpos,/novatel/oem7/bestpos,/novatel/oem7/odom,39.663,-75.756,33.182034478,0.002049616,-0.000429674,0.001992543,0.000480308,-0.000429674,,novatel_oem7_msgs.msg.SolutionStatus(status=0),novatel_oem7_msgs.msg.PositionOrVelocityType(type=53)
1786043636612410190,1786043636.610407513,/novatel/oem7/bestvel,/novatel/oem7/bestpos,/novatel/oem7/bestvel,39.663,-75.756,33.182034478,0.002461536,-0.000505264,,,,83.892904071,novatel_oem7_msgs.msg.SolutionStatus(status=0),novatel_oem7_msgs.msg.PositionOrVelocityType(type=53)
1786043636616159810,1786043636.615481770,/novatel/oem7/odom,/novatel/oem7/bestpos,/novatel/oem7/odom,39.663,-75.756,33.182034478,0.002049616,-0.000429674,0.001992543,0.000480308,-0.000429674,,,
1786043636625655870,1786043636.625009086,/novatel/oem7/inspva,/novatel/oem7/inspva,/novatel/oem7/inspva,39.663,-75.756,-1.800423138,0.002047788,-0.000783804,0.000374149,0.002013318,-0.000783804,,novatel_oem7_msgs.msg.InertialSolutionStatus(status=3),
1786043636627114874,1786043636.625157491,/novatel/oem7/fix,/novatel/oem7/fix,/novatel/oem7/inspva,39.663,-75.756,-1.800423138,0.002047788,-0.000783804,0.000374149,0.002013318,-0.000783804,,0,
1786043636628255588,1786043636.625612835,/novatel/oem7/odom,/novatel/oem7/fix,/novatel/oem7/odom,39.663,-75.756,-1.800423138,0.002050914,-0.000775589,0.002031863,0.000278889,-0.000775589,,,
1786043636635260947,1786043636.634470709,/novatel/oem7/odom,/novatel/oem7/fix,/novatel/oem7/odom,39.663,-75.756,-1.800423138,0.002050914,-0.000775589,0.002031863,0.000278889,-0.000775589,,,
1786043636647282411,1786043636.646597935,/novatel/oem7/inspva,/novatel/oem7/inspva,/novatel/oem7/inspva,39.663,-75.756,-1.800429773,0.003279303,-0.001707612,-0.001352078,0.002987593,-0.001707612,,novatel_oem7_msgs.msg.InertialSolutionStatus(status=3),
1786043636649155683,1786043636.646749946,/novatel/oem7/fix,/novatel/oem7/fix,/novatel/oem7/inspva,39.663,-75.756,-1.800429773,0.003279303,-0.001707612,-0.001352078,0.002987593,-0.001707612,,0,
1786043636650608860,1786043636.647208164,/novatel/oem7/odom,/novatel/oem7/fix,/novatel/oem7/odom,39.663,-75.756,-1.800429773,0.003282893,-0.001700699,0.002925370,-0.001489831,-0.001700699,,,
1786043636656923726,1786043636.656246519,/novatel/oem7/odom,/novatel/oem7/fix,/novatel/oem7/odom,39.663,-75.756,-1.800429773,0.003282893,-0.001700699,0.002925370,-0.001489831,-0.001700699,,,
1786043636666086532,1786043636.665084739,/novatel/oem7/inspva,/novatel/oem7/inspva,/novatel/oem7/inspva,39.663,-75.756,-1.800417555,0.003180877,-0.000604756,-0.001492799,0.002808831,-0.000604756,,novatel_oem7_msgs.msg.InertialSolutionStatus(status=3),
1786043636667970500,1786043636.665226547,/novatel/oem7/fix,/novatel/oem7/fix,/novatel/oem7/inspva,39.663,-75.756,-1.800417555,0.003180877,-0.000604756,-0.001492799,0.002808831,-0.000604756,,0,
1786043636669161676,1786043636.665591444,/novatel/oem7/odom,/novatel/oem7/fix,/novatel/oem7/odom,39.663,-75.756,-1.800417555,0.003181996,-0.000598842,0.002736030,-0.001624574,-0.000598842,,,
1786043636676139574,1786043636.675485834,/novatel/oem7/odom,/novatel/oem7/fix,/novatel/oem7/odom,39.663,-75.756,-1.800417555,0.003181996,-0.000598842,0.002736030,-0.001624574,-0.000598842,,,
1786043636686078661,1786043636.685430628,/novatel/oem7/inspva,/novatel/oem7/inspva,/novatel/oem7/inspva,39.663,-75.756,-1.800419720,0.002682060,0.000058959,0.000414729,0.002649801,0.000058959,,novatel_oem7_msgs.msg.InertialSolutionStatus(status=3),
1786043636687651123,1786043636.685567996,/novatel/oem7/fix,/novatel/oem7/fix,/novatel/oem7/inspva,39.663,-75.756,-1.800419720,0.002682060,0.000058959,0.000414729,0.002649801,0.000058959,,0,
1786043636688793624,1786043636.686275896,/novatel/oem7/odom,/novatel/oem7/fix,/novatel/oem7/odom,39.663,-75.756,-1.800419720,0.002681804,0.000069631,0.002666434,0.000286706,0.000069631,,,
1786043636695755186,1786043636.694921341,/novatel/oem7/odom,/novatel/oem7/fix,/novatel/oem7/odom,39.663,-75.756,-1.800419720,0.002681804,0.000069631,0.002666434,0.000286706,0.000069631,,,
1786043636706567942,1786043636.705998143,/novatel/oem7/inspva,/novatel/oem7/inspva,/novatel/oem7/inspva,39.663,-75.756,-1.800424886,0.002373113,-0.000163328,-0.000113418,0.002370401,-0.000163328,,novatel_oem7_msgs.msg.InertialSolutionStatus(status=3),
1786043636707952252,1786043636.706141204,/novatel/oem7/fix,/novatel/oem7/fix,/novatel/oem7/inspva,39.663,-75.756,-1.800424886,0.002373113,-0.000163328,-0.000113418,0.002370401,-0.000163328,,0,
1786043636709034046,1786043636.706512008,/novatel/oem7/odom,/novatel/oem7/fix,/novatel/oem7/odom,39.663,-75.756,-1.800424886,0.002373660,-0.000155173,0.002362796,-0.000226848,-0.000155173,,,
1786043636710623612,1786043636.709220334,/novatel/oem7/bestpos,/novatel/oem7/bestpos,/novatel/oem7/odom,39.663,-75.756,33.182019562,0.002373660,-0.000155173,0.002362796,-0.000226848,-0.000155173,,novatel_oem7_msgs.msg.SolutionStatus(status=0),novatel_oem7_msgs.msg.PositionOrVelocityType(type=53)
1786043636711625005,1786043636.709640012,/novatel/oem7/bestvel,/novatel/oem7/bestpos,/novatel/oem7/bestvel,39.663,-75.756,33.182019562,0.002622534,-0.000618073,,,,79.293860352,novatel_oem7_msgs.msg.SolutionStatus(status=0),novatel_oem7_msgs.msg.PositionOrVelocityType(type=53)
1786043636715339458,1786043636.714673018,/novatel/oem7/odom,/novatel/oem7/bestpos,/novatel/oem7/odom,39.663,-75.756,33.182019562,0.002373660,-0.000155173,0.002362796,-0.000226848,-0.000155173,,,
1786043636726054503,1786043636.725313536,/novatel/oem7/inspva,/novatel/oem7/inspva,/novatel/oem7/inspva,39.663,-75.756,-1.800442643,0.003473902,-0.002137738,-0.001131197,0.003284568,-0.002137738,,novatel_oem7_msgs.msg.InertialSolutionStatus(status=3),
1786043636728144663,1786043636.725476614,/novatel/oem7/fix,/novatel/oem7/fix,/novatel/oem7/inspva,39.663,-75.756,-1.800442643,0.003473902,-0.002137738,-0.001131197,0.003284568,-0.002137738,,0,
1786043636730061372,1786043636.726104073,/novatel/oem7/odom,/novatel/oem7/fix,/novatel/oem7/odom,39.663,-75.756,-1.800442643,0.003479190,-0.002129121,0.003234262,-0.001282308,-0.002129121,,,
1786043636736213489,1786043636.735549276,/novatel/oem7/odom,/novatel/oem7/fix,/novatel/oem7/odom,39.663,-75.756,-1.800442643,0.003479190,-0.002129121,0.003234262,-0.001282308,-0.002129121,,,
1786043636745655311,1786043636.745057272,/novatel/oem7/inspva,/novatel/oem7/inspva,/novatel/oem7/inspva,39.663,-75.756,-1.800435896,0.002927517,-0.001735623,-0.001865309,0.002256321,-0.001735623,,novatel_oem7_msgs.msg.InertialSolutionStatus(status=3),
1786043636747037252,1786043636.745212044,/novatel/oem7/fix,/novatel/oem7/fix,/novatel/oem7/inspva,39.663,-75.756,-1.800435896,0.002927517,-0.001735623,-0.001865309,0.002256321,-0.001735623,,0,
1786043636748129355,1786043636.745637568,/novatel/oem7/odom,/novatel/oem7/fix,/novatel/oem7/odom,39.663,-75.756,-1.800435896,0.002929266,-0.001732670,0.002170433,-0.001967186,-0.001732670,,,
1786043636756373753,1786043636.755701606,/novatel/oem7/odom,/novatel/oem7/fix,/novatel/oem7/odom,39.663,-75.756,-1.800435896,0.002929266,-0.001732670,0.002170433,-0.001967186,-0.001732670,,,
1786043636767190836,1786043636.766705637,/novatel/oem7/inspva,/novatel/oem7/inspva,/novatel/oem7/inspva,39.663,-75.756,-1.800427596,0.002957640,0.000935503,-0.000174576,0.002952483,0.000935503,,novatel_oem7_msgs.msg.InertialSolutionStatus(status=3),
1786043636768540765,1786043636.766842459,/novatel/oem7/fix,/novatel/oem7/fix,/novatel/oem7/inspva,39.663,-75.756,-1.800427596,0.002957640,0.000935503,-0.000174576,0.002952483,0.000935503,,0,
1786043636769589206,1786043636.767307327,/novatel/oem7/odom,/novatel/oem7/fix,/novatel/oem7/odom,39.663,-75.756,-1.800427596,0.002954449,0.000945532,0.002937207,-0.000318720,0.000945532,,,
1786043636775538541,1786043636.774878821,/novatel/oem7/odom,/novatel/oem7/fix,/novatel/oem7/odom,39.663,-75.756,-1.800427596,0.002954449,0.000945532,0.002937207,-0.000318720,0.000945532,,,
1786043636785521655,1786043636.784999890,/novatel/oem7/inspva,/novatel/oem7/inspva,/novatel/oem7/inspva,39.663,-75.756,-1.800440756,0.002528481,0.000243971,-0.000757282,0.002412414,0.000243971,,novatel_oem7_msgs.msg.InertialSolutionStatus(status=3),
1786043636786848268,1786043636.785146235,/novatel/oem7/fix,/novatel/oem7/fix,/novatel/oem7/inspva,39.663,-75.756,-1.800440756,0.002528481,0.000243971,-0.000757282,0.002412414,0.000243971,,0,
1786043636787900742,1786043636.785546672,/novatel/oem7/odom,/novatel/oem7/fix,/novatel/oem7/odom,39.663,-75.756,-1.800440756,0.002527839,0.000250534,0.002372294,-0.000873038,0.000250534,,,
1786043636796095195,1786043636.795442826,/novatel/oem7/odom,/novatel/oem7/fix,/novatel/oem7/odom,39.663,-75.756,-1.800440756,0.002527839,0.000250534,0.002372294,-0.000873038,0.000250534,,,
1786043636807059509,1786043636.806550071,/novatel/oem7/inspva,/novatel/oem7/inspva,/novatel/oem7/inspva,39.663,-75.756,-1.800461479,0.001774591,-0.002235758,-0.000482691,0.001707683,-0.002235758,,novatel_oem7_msgs.msg.InertialSolutionStatus(status=3),
1786043636808410430,1786043636.806692216,/novatel/oem7/fix,/novatel/oem7/fix,/novatel/oem7/inspva,39.663,-75.756,-1.800461479,0.001774591,-0.002235758,-0.000482691,0.001707683,-0.002235758,,0,
1786043636809496546,1786043636.807246064,/novatel/oem7/odom,/novatel/oem7/fix,/novatel/oem7/odom,39.663,-75.756,-1.800461479,0.001780564,-0.002231004,0.001690701,-0.000558512,-0.002231004,,,
1786043636811031361,1786043636.810272264,/novatel/oem7/bestpos,/novatel/oem7/bestpos,/novatel/oem7/odom,39.663,-75.756,33.182004182,0.001780564,-0.002231004,0.001690701,-0.000558512,-0.002231004,,novatel_oem7_msgs.msg.SolutionStatus(status=0),novatel_oem7_msgs.msg.PositionOrVelocityType(type=53)
1786043636812498276,1786043636.811197250,/novatel/oem7/bestvel,/novatel/oem7/bestpos,/novatel/oem7/bestvel,39.663,-75.756,33.182004182,0.001925500,-0.001378958,,,,141.519867824,novatel_oem7_msgs.msg.SolutionStatus(status=0),novatel_oem7_msgs.msg.PositionOrVelocityType(type=53)
1786043636815902713,1786043636.815150449,/novatel/oem7/odom,/novatel/oem7/bestpos,/novatel/oem7/odom,39.663,-75.756,33.182004182,0.001780564,-0.002231004,0.001690701,-0.000558512,-0.002231004,,,
1786043636826907887,1786043636.826347568,/novatel/oem7/inspva,/novatel/oem7/inspva,/novatel/oem7/inspva,39.663,-75.756,-1.800462091,0.002223673,-0.001801256,-0.001209437,0.001866007,-0.001801256,,novatel_oem7_msgs.msg.InertialSolutionStatus(status=3),
1786043636828258457,1786043636.826606661,/novatel/oem7/fix,/novatel/oem7/fix,/novatel/oem7/inspva,39.663,-75.756,-1.800462091,0.002223673,-0.001801256,-0.001209437,0.001866007,-0.001801256,,0,
1786043636829339565,1786043636.827095186,/novatel/oem7/odom,/novatel/oem7/fix,/novatel/oem7/odom,39.663,-75.756,-1.800462091,0.002226357,-0.001797938,0.001812303,-0.001293144,-0.001797938,,,
1786043636835566115,1786043636.834878075,/novatel/oem7/odom,/novatel/oem7/fix,/novatel/oem7/odom,39.663,-75.756,-1.800462091,0.002226357,-0.001797938,0.001812303,-0.001293144,-0.001797938,,,
1786043636845905513,1786043636.845367845,/novatel/oem7/inspva,/novatel/oem7/inspva,/novatel/oem7/inspva,39.663,-75.756,-1.800453073,0.003669528,0.000792717,-0.001965525,0.003098734,0.000792717,,novatel_oem7_msgs.msg.InertialSolutionStatus(status=3),
1786043636847251733,1786043636.845553723,/novatel/oem7/fix,/novatel/oem7/fix,/novatel/oem7/inspva,39.663,-75.756,-1.800453073,0.003669528,0.000792717,-0.001965525,0.003098734,0.000792717,,0,
1786043636848334031,1786043636.846130322,/novatel/oem7/odom,/novatel/oem7/fix,/novatel/oem7/odom,39.663,-75.756,-1.800453073,0.003668307,0.000798348,0.002997705,-0.002114294,0.000798348,,,
1786043636857048386,1786043636.856376193,/novatel/oem7/odom,/novatel/oem7/fix,/novatel/oem7/odom,39.663,-75.756,-1.800453073,0.003668307,0.000798348,0.002997705,-0.002114294,0.000798348,,,
1786043636865828918,1786043636.865272230,/novatel/oem7/inspva,/novatel/oem7/inspva,/novatel/oem7/inspva,39.663,-75.756,-1.800462593,0.002951078,0.001028619,-0.001195328,0.002698157,0.001028619,,novatel_oem7_msgs.msg.InertialSolutionStatus(status=3),
1786043636867204718,1786043636.865450471,/novatel/oem7/fix,/novatel/oem7/fix,/novatel/oem7/inspva,39.663,-75.756,-1.800462593,0.002951078,0.001028619,-0.001195328,0.002698157,0.001028619,,0,
1786043636868300406,1786043636.865900309,/novatel/oem7/odom,/novatel/oem7/fix,/novatel/oem7/odom,39.663,-75.756,-1.800462593,0.002948869,0.001034936,0.002633768,-0.001326308,0.001034936,,,
1786043636875254814,1786043636.874583504,/novatel/oem7/odom,/novatel/oem7/fix,/novatel/oem7/odom,39.663,-75.756,-1.800462593,0.002948869,0.001034936,0.002633768,-0.001326308,0.001034936,,,
1786043636887798847,1786043636.887242345,/novatel/oem7/inspva,/novatel/oem7/inspva,/novatel/oem7/inspva,39.663,-75.756,-1.800492035,0.001088855,-0.002431297,-0.000291044,0.001049237,-0.002431297,,novatel_oem7_msgs.msg.InertialSolutionStatus(status=3),
1786043636889169877,1786043636.887394016,/novatel/oem7/fix,/novatel/oem7/fix,/novatel/oem7/inspva,39.663,-75.756,-1.800492035,0.001088855,-0.002431297,-0.000291044,0.001049237,-0.002431297,,0,
1786043636890230354,1786043636.887937922,/novatel/oem7/odom,/novatel/oem7/fix,/novatel/oem7/odom,39.663,-75.756,-1.800492035,0.001095424,-0.002428344,0.001042947,-0.000334988,-0.002428344,,,
1786043636895685124,1786043636.895009958,/novatel/oem7/odom,/novatel/oem7/fix,/novatel/oem7/odom,39.663,-75.756,-1.800492035,0.001095424,-0.002428344,0.001042947,-0.000334988,-0.002428344,,,
1786043636906288161,1786043636.905786433,/novatel/oem7/inspva,/novatel/oem7/inspva,/novatel/oem7/inspva,39.663,-75.756,-1.800495183,0.001482952,-0.002085209,-0.000666792,0.001324589,-0.002085209,,novatel_oem7_msgs.msg.InertialSolutionStatus(status=3),
1786043636907641788,1786043636.905942868,/novatel/oem7/fix,/novatel/oem7/fix,/novatel/oem7/inspva,39.663,-75.756,-1.800495183,0.001482952,-0.002085209,-0.000666792,0.001324589,-0.002085209,,0,
1786043636908700462,1786043636.906437136,/novatel/oem7/odom,/novatel/oem7/fix,/novatel/oem7/odom,39.663,-75.756,-1.800495183,0.001486991,-0.002082330,0.001298625,-0.000724373,-0.002082330,,,
1786043636910184843,1786043636.909084929,/novatel/oem7/bestpos,/novatel/oem7/bestpos,/novatel/oem7/odom,39.663,-75.756,33.181976486,0.001486991,-0.002082330,0.001298625,-0.000724373,-0.002082330,,novatel_oem7_msgs.msg.SolutionStatus(status=0),novatel_oem7_msgs.msg.PositionOrVelocityType(type=53)
1786043636911135849,1786043636.909541783,/novatel/oem7/bestvel,/novatel/oem7/bestpos,/novatel/oem7/bestvel,39.663,-75.756,33.181976486,0.000690049,-0.001432236,,,,173.507869105,novatel_oem7_msgs.msg.SolutionStatus(status=0),novatel_oem7_msgs.msg.PositionOrVelocityType(type=53)
1786043636916154538,1786043636.915486161,/novatel/oem7/odom,/novatel/oem7/bestpos,/novatel/oem7/odom,39.663,-75.756,33.181976486,0.001486991,-0.002082330,0.001298625,-0.000724373,-0.002082330,,,
1786043636926130403,1786043636.925520880,/novatel/oem7/inspva,/novatel/oem7/inspva,/novatel/oem7/inspva,39.663,-75.756,-1.800490849,0.004794956,0.000120425,-0.002623991,0.004013262,0.000120425,,novatel_oem7_msgs.msg.InertialSolutionStatus(status=3),
1786043636927843005,1786043636.925668828,/novatel/oem7/fix,/novatel/oem7/fix,/novatel/oem7/inspva,39.663,-75.756,-1.800490849,0.004794956,0.000120425,-0.002623991,0.004013262,0.000120425,,0,
1786043636928905930,1786043636.926657531,/novatel/oem7/odom,/novatel/oem7/fix,/novatel/oem7/odom,39.663,-75.756,-1.800490849,0.004794776,0.000127364,0.003882010,-0.002814228,0.000127364,,,
1786043636935497204,1786043636.934818334,/novatel/oem7/odom,/novatel/oem7/fix,/novatel/oem7/odom,39.663,-75.756,-1.800490849,0.004794776,0.000127364,0.003882010,-0.002814228,0.000127364,,,
1786043636946846772,1786043636.946317593,/novatel/oem7/inspva,/novatel/oem7/inspva,/novatel/oem7/inspva,39.663,-75.756,-1.800492939,0.003238861,0.001017850,-0.001787053,0.002701233,0.001017850,,novatel_oem7_msgs.msg.InertialSolutionStatus(status=3),
1786043636948189699,1786043636.946532672,/novatel/oem7/fix,/novatel/oem7/fix,/novatel/oem7/inspva,39.663,-75.756,-1.800492939,0.003238861,0.001017850,-0.001787053,0.002701233,0.001017850,,0,
1786043636949266925,1786043636.947043827,/novatel/oem7/odom,/novatel/oem7/fix,/novatel/oem7/odom,39.663,-75.756,-1.800492939,0.003237361,0.001022610,0.002608413,-0.001917470,0.001022610,,,
1786043636956592084,1786043636.955939191,/novatel/oem7/odom,/novatel/oem7/fix,/novatel/oem7/odom,39.663,-75.756,-1.800492939,0.003237361,0.001022610,0.002608413,-0.001917470,0.001022610,,,
1786043636965813651,1786043636.965292179,/novatel/oem7/inspva,/novatel/oem7/inspva,/novatel/oem7/inspva,39.663,-75.756,-1.800521072,0.001099860,-0.001722412,-0.000305021,0.001056719,-0.001722412,,novatel_oem7_msgs.msg.InertialSolutionStatus(status=3),
1786043636967099920,1786043636.965462484,/novatel/oem7/fix,/novatel/oem7/fix,/novatel/oem7/inspva,39.663,-75.756,-1.800521072,0.001099860,-0.001722412,-0.000305021,0.001056719,-0.001722412,,0,
1786043636968127900,1786043636.965985576,/novatel/oem7/odom,/novatel/oem7/fix,/novatel/oem7/odom,39.663,-75.756,-1.800521072,0.001104417,-0.001719494,0.001047125,-0.000351090,-0.001719494,,,
1786043636976307400,1786043636.975647407,/novatel/oem7/odom,/novatel/oem7/fix,/novatel/oem7/odom,39.663,-75.756,-1.800521072,0.001104417,-0.001719494,0.001047125,-0.000351090,-0.001719494,,,
1786043636985932108,1786043636.985454494,/novatel/oem7/inspva,/novatel/oem7/inspva,/novatel/oem7/inspva,39.663,-75.756,-1.800523316,0.002089975,-0.001983189,-0.000830885,0.001917714,-0.001983189,,novatel_oem7_msgs.msg.InertialSolutionStatus(status=3),
1786043636987241177,1786043636.985595898,/novatel/oem7/fix,/novatel/oem7/fix,/novatel/oem7/inspva,39.663,-75.756,-1.800523316,0.002089975,-0.001983189,-0.000830885,0.001917714,-0.001983189,,0,
1786043636988297568,1786043636.985984989,/novatel/oem7/odom,/novatel/oem7/fix,/novatel/oem7/odom,39.663,-75.756,-1.800523316,0.002094248,-0.001978676,0.001882787,-0.000917054,-0.001978676,,,
1786043636995708757,1786043636.994544666,/novatel/oem7/odom,/novatel/oem7/fix,/novatel/oem7/odom,39.663,-75.756,-1.800523316,0.002094248,-0.001978676,0.001882787,-0.000917054,-0.001978676,,,
1786043637010528475,1786043637.009989910,/novatel/oem7/inspva,/novatel/oem7/inspva,/novatel/oem7/inspva,39.663,-75.756,-1.800512724,0.004340500,-0.000000975,-0.002839574,0.003282798,-0.000000975,,novatel_oem7_msgs.msg.InertialSolutionStatus(status=3),
1786043637011817525,1786043637.010182106,/novatel/oem7/fix,/novatel/oem7/fix,/novatel/oem7/inspva,39.663,-75.756,-1.800512724,0.004340500,-0.000000975,-0.002839574,0.003282798,-0.000000975,,0,
1786043637012859695,1786043637.011350607,/novatel/oem7/odom,/novatel/oem7/fix,/novatel/oem7/odom,39.663,-75.756,-1.800512724,0.004340499,0.000002816,0.003142506,-0.002994093,0.000002816,,,
1786043637016309786,1786043637.015659376,/novatel/oem7/odom,/novatel/oem7/fix,/novatel/oem7/odom,39.663,-75.756,-1.800512724,0.004340499,0.000002816,0.003142506,-0.002994093,0.000002816,,,
1786043637027096748,1786043637.026521769,/novatel/oem7/bestpos,/novatel/oem7/bestpos,/novatel/oem7/odom,39.663,-75.756,33.181940729,0.004340499,0.000002816,0.003142506,-0.002994093,0.000002816,,novatel_oem7_msgs.msg.SolutionStatus(status=0),novatel_oem7_msgs.msg.PositionOrVelocityType(type=53)
1786043637028533035,1786043637.027194626,/novatel/oem7/bestvel,/novatel/oem7/bestpos,/novatel/oem7/bestvel,39.663,-75.756,33.181940729,0.003630199,-0.000329302,,,,124.011394087,novatel_oem7_msgs.msg.SolutionStatus(status=0),novatel_oem7_msgs.msg.PositionOrVelocityType(type=53)
1786043637029410824,1786043637.027677117,/novatel/oem7/inspva,/novatel/oem7/inspva,/novatel/oem7/inspva,39.663,-75.756,-1.800503880,0.003901698,0.000680590,-0.002322913,0.003134856,0.000680590,,novatel_oem7_msgs.msg.InertialSolutionStatus(status=3),
1786043637030226478,1786043637.027837422,/novatel/oem7/fix,/novatel/oem7/fix,/novatel/oem7/inspva,39.663,-75.756,-1.800503880,0.003901698,0.000680590,-0.002322913,0.003134856,0.000680590,,0,
1786043637031788861,1786043637.028149248,/novatel/oem7/odom,/novatel/oem7/fix,/novatel/oem7/odom,39.663,-75.756,-1.800503880,0.003900880,0.000685262,0.003017076,-0.002472675,0.000685262,,,
1786043637036145093,1786043637.035526363,/novatel/oem7/odom,/novatel/oem7/fix,/novatel/oem7/odom,39.663,-75.756,-1.800503880,0.003900880,0.000685262,0.003017076,-0.002472675,0.000685262,,,
1786043637046518115,1786043637.045982336,/novatel/oem7/inspva,/novatel/oem7/inspva,/novatel/oem7/inspva,39.663,-75.756,-1.800488110,0.001412133,0.000242773,-0.000226386,0.001393868,0.000242773,,novatel_oem7_msgs.msg.InertialSolutionStatus(status=3),
1786043637047906535,1786043637.046141128,/novatel/oem7/fix,/novatel/oem7/fix,/novatel/oem7/inspva,39.663,-75.756,-1.800488110,0.001412133,0.000242773,-0.000226386,0.001393868,0.000242773,,0,
1786043637048948452,1786043637.046732087,/novatel/oem7/odom,/novatel/oem7/fix,/novatel/oem7/odom,39.663,-75.756,-1.800488110,0.001411377,0.000247127,0.001380469,-0.000293752,0.000247127,,,
1786043637057034391,1786043637.056371984,/novatel/oem7/odom,/novatel/oem7/fix,/novatel/oem7/odom,39.663,-75.756,-1.800488110,0.001411377,0.000247127,0.001380469,-0.000293752,0.000247127,,,
1786043637066796277,1786043637.066261135,/novatel/oem7/inspva,/novatel/oem7/inspva,/novatel/oem7/inspva,39.663,-75.756,-1.800473130,0.001698453,-0.001259672,-0.000462021,0.001634404,-0.001259672,,novatel_oem7_msgs.msg.InertialSolutionStatus(status=3),
1786043637068177127,1786043637.066443663,/novatel/oem7/fix,/novatel/oem7/fix,/novatel/oem7/inspva,39.663,-75.756,-1.800473130,0.001698453,-0.001259672,-0.000462021,0.001634404,-0.001259672,,0,
1786043637069255064,1786043637.066956302,/novatel/oem7/odom,/novatel/oem7/fix,/novatel/oem7/odom,39.663,-75.756,-1.800473130,0.001701807,-0.001255137,0.001614915,-0.000536839,-0.001255137,,,
1786043637075525309,1786043637.074852672,/novatel/oem7/odom,/novatel/oem7/fix,/novatel/oem7/odom,39.663,-75.756,-1.800473130,0.001701807,-0.001255137,0.001614915,-0.000536839,-0.001255137,,,
1786043637085963898,1786043637.085405673,/novatel/oem7/inspva,/novatel/oem7/inspva,/novatel/oem7/inspva,39.663,-75.756,-1.800444323,0.004002355,-0.000310400,-0.002805891,0.002854088,-0.000310400,,novatel_oem7_msgs.msg.InertialSolutionStatus(status=3),
1786043637087460653,1786043637.085614638,/novatel/oem7/fix,/novatel/oem7/fix,/novatel/oem7/inspva,39.663,-75.756,-1.800444323,0.004002355,-0.000310400,-0.002805891,0.002854088,-0.000310400,,0,
1786043637088553487,1786043637.086308481,/novatel/oem7/odom,/novatel/oem7/fix,/novatel/oem7/odom,39.663,-75.756,-1.800444323,0.004002538,-0.000308029,0.002717035,-0.002939053,-0.000308029,,,
1786043637096391047,1786043637.095611645,/novatel/oem7/odom,/novatel/oem7/fix,/novatel/oem7/odom,39.663,-75.756,-1.800444323,0.004002538,-0.000308029,0.002717035,-0.002939053,-0.000308029,,,
1786043637106524106,1786043637.105957404,/novatel/oem7/inspva,/novatel/oem7/inspva,/novatel/oem7/inspva,39.663,-75.756,-1.800419609,0.003498614,0.000370802,-0.002250065,0.002679087,0.000370802,,novatel_oem7_msgs.msg.InertialSolutionStatus(status=3),
1786043637107839292,1786043637.106105195,/novatel/oem7/fix,/novatel/oem7/fix,/novatel/oem7/inspva,39.663,-75.756,-1.800419609,0.003498614,0.000370802,-0.002250065,0.002679087,0.000370802,,0,
1786043637108973110,1786043637.106562223,/novatel/oem7/odom,/novatel/oem7/fix,/novatel/oem7/odom,39.663,-75.756,-1.800419609,0.003498259,0.000374143,0.002566472,-0.002377191,0.000374143,,,
1786043637110483395,1786043637.109517869,/novatel/oem7/bestpos,/novatel/oem7/bestpos,/novatel/oem7/odom,39.663,-75.756,33.182058053,0.003498259,0.000374143,0.002566472,-0.002377191,0.000374143,,novatel_oem7_msgs.msg.SolutionStatus(status=0),novatel_oem7_msgs.msg.PositionOrVelocityType(type=53)
1786043637111934089,1786043637.110134141,/novatel/oem7/bestvel,/novatel/oem7/bestpos,/novatel/oem7/bestvel,39.663,-75.756,33.182058053,0.003112894,0.000711378,,,,137.924419383,novatel_oem7_msgs.msg.SolutionStatus(status=0),novatel_oem7_msgs.msg.PositionOrVelocityType(type=53)
1786043637115061983,1786043637.114400170,/novatel/oem7/odom,/novatel/oem7/bestpos,/novatel/oem7/odom,39.663,-75.756,33.182058053,0.003498259,0.000374143,0.002566472,-0.002377191,0.000374143,,,
1786043637127091797,1786043637.126528315,/novatel/oem7/inspva,/novatel/oem7/inspva,/novatel/oem7/inspva,39.663,-75.756,-1.800405234,0.002321373,0.000035479,-0.001004515,0.002092779,0.000035479,,novatel_oem7_msgs.msg.InertialSolutionStatus(status=3),
1786043637128445827,1786043637.126694147,/novatel/oem7/fix,/novatel/oem7/fix,/novatel/oem7/inspva,39.663,-75.756,-1.800405234,0.002321373,0.000035479,-0.001004515,0.002092779,0.000035479,,0,
1786043637129476978,1786043637.127406559,/novatel/oem7/odom,/novatel/oem7/fix,/novatel/oem7/odom,39.663,-75.756,-1.800405234,0.002321297,0.000040174,0.002041939,-0.001104040,0.000040174,,,
1786043637136177710,1786043637.135544417,/novatel/oem7/odom,/novatel/oem7/fix,/novatel/oem7/odom,39.663,-75.756,-1.800405234,0.002321297,0.000040174,0.002041939,-0.001104040,0.000040174,,,
1786043637145614259,1786043637.145045030,/novatel/oem7/inspva,/novatel/oem7/inspva,/novatel/oem7/inspva,39.663,-75.756,-1.800394485,0.001987380,-0.000802662,-0.000759221,0.001836645,-0.000802662,,novatel_oem7_msgs.msg.InertialSolutionStatus(status=3),
1786043637146937129,1786043637.145202222,/novatel/oem7/fix,/novatel/oem7/fix,/novatel/oem7/inspva,39.663,-75.756,-1.800394485,0.001987380,-0.000802662,-0.000759221,0.001836645,-0.000802662,,0,
1786043637147965212,1786043637.145669429,/novatel/oem7/odom,/novatel/oem7/fix,/novatel/oem7/odom,39.663,-75.756,-1.800394485,0.001989186,-0.000798175,0.001800996,-0.000844557,-0.000798175,,,
1786043637156305580,1786043637.155662557,/novatel/oem7/odom,/novatel/oem7/fix,/novatel/oem7/odom,39.663,-75.756,-1.800394485,0.001989186,-0.000798175,0.001800996,-0.000844557,-0.000798175,,,
1786043637167627871,1786043637.166909651,/novatel/oem7/inspva,/novatel/oem7/inspva,/novatel/oem7/inspva,39.663,-75.756,-1.800387124,0.003373344,-0.001692370,-0.002708632,0.002010663,-0.001692370,,novatel_oem7_msgs.msg.InertialSolutionStatus(status=3),
1786043637169024472,1786043637.167115379,/novatel/oem7/fix,/novatel/oem7/fix,/novatel/oem7/inspva,39.663,-75.756,-1.800387124,0.003373344,-0.001692370,-0.002708632,0.002010663,-0.001692370,,0,
1786043637170106545,1786043637.167467653,/novatel/oem7/odom,/novatel/oem7/fix,/novatel/oem7/odom,39.663,-75.756,-1.800387124,0.003373172,-0.001692713,0.001884358,-0.002797765,-0.001692713,,,
1786043637175559262,1786043637.174905387,/novatel/oem7/odom,/novatel/oem7/fix,/novatel/oem7/odom,39.663,-75.756,-1.800387124,0.003373172,-0.001692713,0.001884358,-0.002797765,-0.001692713,,,
1786043637185558817,1786043637.185024749,/novatel/oem7/inspva,/novatel/oem7/inspva,/novatel/oem7/inspva,39.663,-75.756,-1.800359518,0.003924814,-0.000104439,-0.002640829,0.002903478,-0.000104439,,novatel_oem7_msgs.msg.InertialSolutionStatus(status=3),
1786043637186901863,1786043637.185177616,/novatel/oem7/fix,/novatel/oem7/fix,/novatel/oem7/inspva,39.663,-75.756,-1.800359518,0.003924814,-0.000104439,-0.002640829,0.002903478,-0.000104439,,0,
1786043637187977561,1786043637.185519197,/novatel/oem7/odom,/novatel/oem7/fix,/novatel/oem7/odom,39.663,-75.756,-1.800359518,0.003924893,-0.000101400,0.002773577,-0.002777059,-0.000101400,,,
1786043637195341623,1786043637.194559168,/novatel/oem7/odom,/novatel/oem7/fix,/novatel/oem7/odom,39.663,-75.756,-1.800359518,0.003924893,-0.000101400,0.002773577,-0.002777059,-0.000101400,,,
1786043637206664282,1786043637.206368584,/novatel/oem7/inspva,/novatel/oem7/inspva,/novatel/oem7/inspva,39.663,-75.756,-1.800337831,0.002675999,0.000730040,-0.001620127,0.002129826,0.000730040,,novatel_oem7_msgs.msg.InertialSolutionStatus(status=3),
1786043637207319048,1786043637.206543419,/novatel/oem7/fix,/novatel/oem7/fix,/novatel/oem7/inspva,39.663,-75.756,-1.800337831,0.002675999,0.000730040,-0.001620127,0.002129826,0.000730040,,0,
1786043637208042255,1786043637.207071328,/novatel/oem7/odom,/novatel/oem7/fix,/novatel/oem7/odom,39.663,-75.756,-1.800337831,0.002675135,0.000733199,0.002046779,-0.001722511,0.000733199,,,
1786043637210511903,1786043637.210156081,/novatel/oem7/bestpos,/novatel/oem7/bestpos,/novatel/oem7/odom,39.663,-75.756,33.182130795,0.002675135,0.000733199,0.002046779,-0.001722511,0.000733199,,novatel_oem7_msgs.msg.SolutionStatus(status=0),novatel_oem7_msgs.msg.PositionOrVelocityType(type=53)
1786043637211207258,1786043637.210533102,/novatel/oem7/bestvel,/novatel/oem7/bestpos,/novatel/oem7/bestvel,39.663,-75.756,33.182130795,0.003187619,-0.000018803,,,,110.106832377,novatel_oem7_msgs.msg.SolutionStatus(status=0),novatel_oem7_msgs.msg.PositionOrVelocityType(type=53)
1786043637215238117,1786043637.214899447,/novatel/oem7/odom,/novatel/oem7/bestpos,/novatel/oem7/odom,39.663,-75.756,33.182130795,0.002675135,0.000733199,0.002046779,-0.001722511,0.000733199,,,
1786043637226290175,1786043637.226004920,/novatel/oem7/inspva,/novatel/oem7/inspva,/novatel/oem7/inspva,39.663,-75.756,-1.800319257,0.002594997,0.000203664,-0.001290508,0.002251355,0.000203664,,novatel_oem7_msgs.msg.InertialSolutionStatus(status=3),
1786043637226971401,1786043637.226157962,/novatel/oem7/fix,/novatel/oem7/fix,/novatel/oem7/inspva,39.663,-75.756,-1.800319257,0.002594997,0.000203664,-0.001290508,0.002251355,0.000203664,,0,
1786043637227510972,1786043637.226615806,/novatel/oem7/odom,/novatel/oem7/fix,/novatel/oem7/odom,39.663,-75.756,-1.800319257,0.002594646,0.000208089,0.002185979,-0.001397742,0.000208089,,,
1786043637234832108,1786043637.234453696,/novatel/oem7/odom,/novatel/oem7/fix,/novatel/oem7/odom,39.663,-75.756,-1.800319257,0.002594646,0.000208089,0.002185979,-0.001397742,0.000208089,,,
1786043637245606024,1786043637.245283095,/novatel/oem7/inspva,/novatel/oem7/inspva,/novatel/oem7/inspva,39.663,-75.756,-1.800309666,0.003413511,-0.001199581,-0.002475865,0.002349926,-0.001199581,,novatel_oem7_msgs.msg.InertialSolutionStatus(status=3),
1786043637246229017,1786043637.245474471,/novatel/oem7/fix,/novatel/oem7/fix,/novatel/oem7/inspva,39.663,-75.756,-1.800309666,0.003413511,-0.001199581,-0.002475865,0.002349926,-0.001199581,,0,
1786043637246980007,1786043637.246057846,/novatel/oem7/odom,/novatel/oem7/fix,/novatel/oem7/odom,39.663,-75.756,-1.800309666,0.003414039,-0.001198079,0.002232618,-0.002582843,-0.001198079,,,
1786043637256762076,1786043637.256407324,/novatel/oem7/odom,/novatel/oem7/fix,/novatel/oem7/odom,39.663,-75.756,-1.800309666,0.003414039,-0.001198079,0.002232618,-0.002582843,-0.001198079,,,
1786043637265258475,1786043637.264984648,/novatel/oem7/inspva,/novatel/oem7/inspva,/novatel/oem7/inspva,39.663,-75.756,-1.800274769,0.003623495,-0.000642943,-0.002764759,0.002342185,-0.000642943,,novatel_oem7_msgs.msg.InertialSolutionStatus(status=3),
1786043637265912863,1786043637.265134016,/novatel/oem7/fix,/novatel/oem7/fix,/novatel/oem7/inspva,39.663,-75.756,-1.800274769,0.003623495,-0.000642943,-0.002764759,0.002342185,-0.000642943,,0,
1786043637266435999,1786043637.265610531,/novatel/oem7/odom,/novatel/oem7/fix,/novatel/oem7/odom,39.663,-75.756,-1.800274769,0.003623619,-0.000642243,0.002208983,-0.002872457,-0.000642243,,,
1786043637275100672,1786043637.274551752,/novatel/oem7/odom,/novatel/oem7/fix,/novatel/oem7/odom,39.663,-75.756,-1.800274769,0.003623619,-0.000642243,0.002208983,-0.002872457,-0.000642243,,,
1786043637286390196,1786043637.285969807,/novatel/oem7/inspva,/novatel/oem7/inspva,/novatel/oem7/inspva,39.663,-75.756,-1.800233474,0.003253860,0.001805567,-0.001871357,0.002661884,0.001805567,,novatel_oem7_msgs.msg.InertialSolutionStatus(status=3),
1786043637286972805,1786043637.286117169,/novatel/oem7/fix,/novatel/oem7/fix,/novatel/oem7/inspva,39.663,-75.756,-1.800233474,0.003253860,0.001805567,-0.001871357,0.002661884,0.001805567,,0,
1786043637287444552,1786043637.286688411,/novatel/oem7/odom,/novatel/oem7/fix,/novatel/oem7/odom,39.663,-75.756,-1.800233474,0.003251453,0.001809898,0.002562249,-0.002001706,0.001809898,,,
1786043637295095648,1786043637.294770064,/novatel/oem7/odom,/novatel/oem7/fix,/novatel/oem7/odom,39.663,-75.756,-1.800233474,0.003251453,0.001809898,0.002562249,-0.002001706,0.001809898,,,
1786043637306403726,1786043637.305966283,/novatel/oem7/inspva,/novatel/oem7/inspva,/novatel/oem7/inspva,39.663,-75.756,-1.800214677,0.003009692,0.000732405,-0.001543926,0.002583513,0.000732405,,novatel_oem7_msgs.msg.InertialSolutionStatus(status=3),
1786043637307010099,1786043637.306114278,/novatel/oem7/fix,/novatel/oem7/fix,/novatel/oem7/inspva,39.663,-75.756,-1.800214677,0.003009692,0.000732405,-0.001543926,0.002583513,0.000732405,,0,
1786043637307487909,1786043637.306595236,/novatel/oem7/odom,/novatel/oem7/fix,/novatel/oem7/odom,39.663,-75.756,-1.800214677,0.003008481,0.000737363,0.002503676,-0.001668102,0.000737363,,,
1786043637309903632,1786043637.309594372,/novatel/oem7/bestpos,/novatel/oem7/bestpos,/novatel/oem7/odom,39.663,-75.756,33.182262418,0.003008481,0.000737363,0.002503676,-0.001668102,0.000737363,,novatel_oem7_msgs.msg.SolutionStatus(status=0),novatel_oem7_msgs.msg.PositionOrVelocityType(type=53)
1786043637310564521,1786043637.310287526,/novatel/oem7/bestvel,/novatel/oem7/bestpos,/novatel/oem7/bestvel,39.663,-75.756,33.182262418,0.003966070,-0.000026318,,,,108.770267856,novatel_oem7_msgs.msg.SolutionStatus(status=0),novatel_oem7_msgs.msg.PositionOrVelocityType(type=53)
1786043637315159750,1786043637.314845223,/novatel/oem7/odom,/novatel/oem7/bestpos,/novatel/oem7/odom,39.663,-75.756,33.182262418,0.003008481,0.000737363,0.002503676,-0.001668102,0.000737363,,,
1786043637325708935,1786043637.325441847,/novatel/oem7/inspva,/novatel/oem7/inspva,/novatel/oem7/inspva,39.663,-75.756,-1.800207186,0.002747205,-0.001084534,-0.001497603,0.002303111,-0.001084534,,novatel_oem7_msgs.msg.InertialSolutionStatus(status=3),
1786043637326296253,1786043637.325582479,/novatel/oem7/fix,/novatel/oem7/fix,/novatel/oem7/inspva,39.663,-75.756,-1.800207186,0.002747205,-0.001084534,-0.001497603,0.002303111,-0.001084534,,0,
1786043637326989274,1786043637.326119387,/novatel/oem7/odom,/novatel/oem7/fix,/novatel/oem7/odom,39.663,-75.756,-1.800207186,0.002748789,-0.001080514,0.002232481,-0.001603705,-0.001080514,,,
1786043637335365531,1786043637.335043588,/novatel/oem7/odom,/novatel/oem7/fix,/novatel/oem7/odom,39.663,-75.756,-1.800207186,0.002748789,-0.001080514,0.002232481,-0.001603705,-0.001080514,,,
1786043637346384867,1786043637.346104170,/novatel/oem7/inspva,/novatel/oem7/inspva,/novatel/oem7/inspva,39.663,-75.756,-1.800179619,0.003669461,-0.000858225,-0.002286299,0.002870153,-0.000858225,,novatel_oem7_msgs.msg.InertialSolutionStatus(status=3),
1786043637347011057,1786043637.346246494,/novatel/oem7/fix,/novatel/oem7/fix,/novatel/oem7/inspva,39.663,-75.756,-1.800179619,0.003669461,-0.000858225,-0.002286299,0.002870153,-0.000858225,,0,
1786043637347722385,1786043637.346792553,/novatel/oem7/odom,/novatel/oem7/fix,/novatel/oem7/odom,39.663,-75.756,-1.800179619,0.003670363,-0.000854361,0.002760190,-0.002419280,-0.000854361,,,
1786043637356102896,1786043637.355764654,/novatel/oem7/odom,/novatel/oem7/fix,/novatel/oem7/odom,39.663,-75.756,-1.800179619,0.003670363,-0.000854361,0.002760190,-0.002419280,-0.000854361,,,
1786043637365489025,1786043637.365213017,/novatel/oem7/inspva,/novatel/oem7/inspva,/novatel/oem7/inspva,39.663,-75.756,-1.800145099,0.003890702,0.001112465,-0.002884756,0.002610697,0.001112465,,novatel_oem7_msgs.msg.InertialSolutionStatus(status=3),
1786043637366094381,1786043637.365354241,/novatel/oem7/fix,/novatel/oem7/fix,/novatel/oem7/inspva,39.663,-75.756,-1.800145099,0.003890702,0.001112465,-0.002884756,0.002610697,0.001112465,,0,
1786043637366585362,1786043637.365832590,/novatel/oem7/odom,/novatel/oem7/fix,/novatel/oem7/odom,39.663,-75.756,-1.800145099,0.003890330,0.001113762,0.002465047,-0.003009687,0.001113762,,,
1786043637375461864,1786043637.375102321,/novatel/oem7/odom,/novatel/oem7/fix,/novatel/oem7/odom,39.663,-75.756,-1.800145099,0.003890330,0.001113762,0.002465047,-0.003009687,0.001113762,,,
1786043637385336523,1786043637.385059928,/novatel/oem7/inspva,/novatel/oem7/inspva,/novatel/oem7/inspva,39.663,-75.756,-1.800126818,0.003660498,0.001181741,-0.002452888,0.002717091,0.001181741,,novatel_oem7_msgs.msg.InertialSolutionStatus(status=3),
1786043637385967416,1786043637.385211743,/novatel/oem7/fix,/novatel/oem7/fix,/novatel/oem7/inspva,39.663,-75.756,-1.800126818,0.003660498,0.001181741,-0.002452888,0.002717091,0.001181741,,0,
1786043637386476353,1786043637.385680784,/novatel/oem7/odom,/novatel/oem7/fix,/novatel/oem7/odom,39.663,-75.756,-1.800126818,0.003659568,0.001184615,0.002591796,-0.002583608,0.001184615,,,
1786043637394836651,1786043637.394494877,/novatel/oem7/odom,/novatel/oem7/fix,/novatel/oem7/odom,39.663,-75.756,-1.800126818,0.003659568,0.001184615,0.002591796,-0.002583608,0.001184615,,,
1786043637406885452,1786043637.406575245,/novatel/oem7/inspva,/novatel/oem7/inspva,/novatel/oem7/inspva,39.663,-75.756,-1.800125389,0.001868059,-0.001150551,-0.001497327,0.001116985,-0.001150551,,novatel_oem7_msgs.msg.InertialSolutionStatus(status=3),
1786043637407525806,1786043637.406748924,/novatel/oem7/fix,/novatel/oem7/fix,/novatel/oem7/inspva,39.663,-75.756,-1.800125389,0.001868059,-0.001150551,-0.001497327,0.001116985,-0.001150551,,0,
1786043637408025761,1786043637.407215285,/novatel/oem7/odom,/novatel/oem7/fix,/novatel/oem7/odom,39.663,-75.756,-1.800125389,0.001867970,-0.001150695,0.001047998,-0.001546290,-0.001150695,,,
1786043637410519863,1786043637.410169824,/novatel/oem7/bestpos,/novatel/oem7/bestpos,/novatel/oem7/odom,39.663,-75.756,33.182347822,0.001867970,-0.001150695,0.001047998,-0.001546290,-0.001150695,,novatel_oem7_msgs.msg.SolutionStatus(status=0),novatel_oem7_msgs.msg.PositionOrVelocityType(type=53)
1786043637411229498,1786043637.410578714,/novatel/oem7/bestvel,/novatel/oem7/bestpos,/novatel/oem7/bestvel,39.663,-75.756,33.182347822,0.002030729,-0.001297389,,,,136.935068608,novatel_oem7_msgs.msg.SolutionStatus(status=0),novatel_oem7_msgs.msg.PositionOrVelocityType(type=53)
1786043637415361873,1786043637.415010025,/novatel/oem7/odom,/novatel/oem7/bestpos,/novatel/oem7/odom,39.663,-75.756,33.182347822,0.001867970,-0.001150695,0.001047998,-0.001546290,-0.001150695,,,
1786043637425397883,1786043637.425117277,/novatel/oem7/inspva,/novatel/oem7/inspva,/novatel/oem7/inspva,39.663,-75.756,-1.800096449,0.002629545,-0.000869762,-0.002031757,0.001669272,-0.000869762,,novatel_oem7_msgs.msg.InertialSolutionStatus(status=3),
1786043637426056063,1786043637.425261445,/novatel/oem7/fix,/novatel/oem7/fix,/novatel/oem7/inspva,39.663,-75.756,-1.800096449,0.002629545,-0.000869762,-0.002031757,0.001669272,-0.000869762,,0,
1786043637426579687,1786043637.425573457,/novatel/oem7/odom,/novatel/oem7/fix,/novatel/oem7/odom,39.663,-75.756,-1.800096449,0.002629643,-0.000869466,0.001572915,-0.002107358,-0.000869466,,,
1786043637436837535,1786043637.435110148,/novatel/oem7/odom,/novatel/oem7/fix,/novatel/oem7/odom,39.663,-75.756,-1.800096449,0.002629643,-0.000869466,0.001572915,-0.002107358,-0.000869466,,,
1786043637446002778,1786043637.445439086,/novatel/oem7/inspva,/novatel/oem7/inspva,/novatel/oem7/inspva,39.663,-75.756,-1.800063353,0.004657452,0.000897080,-0.003607643,0.002945635,0.000897080,,novatel_oem7_msgs.msg.InertialSolutionStatus(status=3),
1786043637447374199,1786043637.445648478,/novatel/oem7/fix,/novatel/oem7/fix,/novatel/oem7/inspva,39.663,-75.756,-1.800063353,0.004657452,0.000897080,-0.003607643,0.002945635,0.000897080,,0,
1786043637448485823,1786043637.446174757,/novatel/oem7/odom,/novatel/oem7/fix,/novatel/oem7/odom,39.663,-75.756,-1.800063353,0.004657371,0.000897499,0.002765650,-0.003747304,0.000897499,,,
1786043637457191595,1786043637.456522885,/novatel/oem7/odom,/novatel/oem7/fix,/novatel/oem7/odom,39.663,-75.756,-1.800063353,0.004657371,0.000897499,0.002765650,-0.003747304,0.000897499,,,
1786043637466629833,1786043637.466101562,/novatel/oem7/inspva,/novatel/oem7/inspva,/novatel/oem7/inspva,39.663,-75.756,-1.800040798,0.003643039,0.001546074,-0.002983547,0.002090497,0.001546074,,novatel_oem7_msgs.msg.InertialSolutionStatus(status=3),
1786043637467946363,1786043637.466295040,/novatel/oem7/fix,/novatel/oem7/fix,/novatel/oem7/inspva,39.663,-75.756,-1.800040798,0.003643039,0.001546074,-0.002983547,0.002090497,0.001546074,,0,
1786043637469183165,1786043637.466739521,/novatel/oem7/odom,/novatel/oem7/fix,/novatel/oem7/odom,39.663,-75.756,-1.800040798,0.003643396,0.001545234,0.001939098,-0.003084515,0.001545234,,,
1786043637475330312,1786043637.474664876,/novatel/oem7/odom,/novatel/oem7/fix,/novatel/oem7/odom,39.663,-75.756,-1.800040798,0.003643396,0.001545234,0.001939098,-0.003084515,0.001545234,,,
1786043637485972500,1786043637.485453845,/novatel/oem7/inspva,/novatel/oem7/inspva,/novatel/oem7/inspva,39.663,-75.756,-1.800042816,0.001507389,-0.000856944,-0.001406018,0.000543446,-0.000856944,,novatel_oem7_msgs.msg.InertialSolutionStatus(status=3),
1786043637487301643,1786043637.485635496,/novatel/oem7/fix,/novatel/oem7/fix,/novatel/oem7/inspva,39.663,-75.756,-1.800042816,0.001507389,-0.000856944,-0.001406018,0.000543446,-0.000856944,,0,
1786043637488365773,1786043637.486316463,/novatel/oem7/odom,/novatel/oem7/fix,/novatel/oem7/odom,39.663,-75.756,-1.800042816,0.001506300,-0.000858857,0.000478423,-0.001428303,-0.000858857,,,
1786043637496247264,1786043637.495619778,/novatel/oem7/odom,/novatel/oem7/fix,/novatel/oem7/odom,39.663,-75.756,-1.800042816,0.001506300,-0.000858857,0.000478423,-0.001428303,-0.000858857,,,
1786043637506539511,1786043637.505981269,/novatel/oem7/inspva,/novatel/oem7/inspva,/novatel/oem7/inspva,39.663,-75.756,-1.800019988,0.002074423,-0.001223592,-0.001885368,0.000865229,-0.001223592,,novatel_oem7_msgs.msg.InertialSolutionStatus(status=3),
1786043637507879288,1786043637.506162811,/novatel/oem7/fix,/novatel/oem7/fix,/novatel/oem7/inspva,39.663,-75.756,-1.800019988,0.002074423,-0.001223592,-0.001885368,0.000865229,-0.001223592,,0,
1786043637508963655,1786043637.506642719,/novatel/oem7/odom,/novatel/oem7/fix,/novatel/oem7/odom,39.663,-75.756,-1.800019988,0.002073200,-0.001225663,0.000778155,-0.001921623,-0.001225663,,,
1786043637512048438,1786043637.511438222,/novatel/oem7/bestpos,/novatel/oem7/bestpos,/novatel/oem7/odom,39.663,-75.756,33.182455780,0.002073200,-0.001225663,0.000778155,-0.001921623,-0.001225663,,novatel_oem7_msgs.msg.SolutionStatus(status=0),novatel_oem7_msgs.msg.PositionOrVelocityType(type=53)
1786043637513555637,1786043637.512053522,/novatel/oem7/bestvel,/novatel/oem7/bestpos,/novatel/oem7/bestvel,39.663,-75.756,33.182455780,0.002485019,-0.001103124,,,,155.096766868,novatel_oem7_msgs.msg.SolutionStatus(status=0),novatel_oem7_msgs.msg.PositionOrVelocityType(type=53)
1786043637515528276,1786043637.514550050,/novatel/oem7/odom,/novatel/oem7/bestpos,/novatel/oem7/odom,39.663,-75.756,33.182455780,0.002073200,-0.001225663,0.000778155,-0.001921623,-0.001225663,,,
1786043637526856503,1786043637.526322865,/novatel/oem7/inspva,/novatel/oem7/inspva,/novatel/oem7/inspva,39.663,-75.756,-1.799995514,0.003877774,0.000136783,-0.003363441,0.001929870,0.000136783,,novatel_oem7_msgs.msg.InertialSolutionStatus(status=3),
1786043637528206744,1786043637.526498417,/novatel/oem7/fix,/novatel/oem7/fix,/novatel/oem7/inspva,39.663,-75.756,-1.799995514,0.003877774,0.000136783,-0.003363441,0.001929870,0.000136783,,0,
1786043637529297101,1786043637.527046735,/novatel/oem7/odom,/novatel/oem7/fix,/novatel/oem7/odom,39.663,-75.756,-1.799995514,0.003877859,0.000134373,0.001765618,-0.003452591,0.000134373,,,
1786043637535807235,1786043637.535138141,/novatel/oem7/odom,/novatel/oem7/fix,/novatel/oem7/odom,39.663,-75.756,-1.799995514,0.003877859,0.000134373,0.001765618,-0.003452591,0.000134373,,,
1786043637545299144,1786043637.545008538,/novatel/oem7/inspva,/novatel/oem7/inspva,/novatel/oem7/inspva,39.663,-75.756,-1.799980893,0.004235447,0.000537909,-0.003363984,0.002573446,0.000537909,,novatel_oem7_msgs.msg.InertialSolutionStatus(status=3),
1786043637545960641,1786043637.545199283,/novatel/oem7/fix,/novatel/oem7/fix,/novatel/oem7/inspva,39.663,-75.756,-1.799980893,0.004235447,0.000537909,-0.003363984,0.002573446,0.000537909,,0,
1786043637546488315,1786043637.545472368,/novatel/oem7/odom,/novatel/oem7/fix,/novatel/oem7/odom,39.663,-75.756,-1.799980893,0.004235475,0.000537691,0.002406946,-0.003485091,0.000537691,,,
1786043637556306473,1786043637.555845677,/novatel/oem7/odom,/novatel/oem7/fix,/novatel/oem7/odom,39.663,-75.756,-1.799980893,0.004235475,0.000537691,0.002406946,-0.003485091,0.000537691,,,
1786043637565727103,1786043637.565400468,/novatel/oem7/inspva,/novatel/oem7/inspva,/novatel/oem7/inspva,39.663,-75.756,-1.799969653,0.001525643,0.000527676,-0.001155620,0.000996057,0.000527676,,novatel_oem7_msgs.msg.InertialSolutionStatus(status=3),
1786043637566362240,1786043637.565581230,/novatel/oem7/fix,/novatel/oem7/fix,/novatel/oem7/inspva,39.663,-75.756,-1.799969653,0.001525643,0.000527676,-0.001155620,0.000996057,0.000527676,,0,
1786043637567097396,1786043637.566125652,/novatel/oem7/odom,/novatel/oem7/fix,/novatel/oem7/odom,39.663,-75.756,-1.799969653,0.001525518,0.000528038,0.000937452,-0.001203491,0.000528038,,,
1786043637576307748,1786043637.575022649,/novatel/oem7/odom,/novatel/oem7/fix,/novatel/oem7/odom,39.663,-75.756,-1.799969653,0.001525518,0.000528038,0.000937452,-0.001203491,0.000528038,,,
1786043637586382657,1786043637.586047667,/novatel/oem7/inspva,/novatel/oem7/inspva,/novatel/oem7/inspva,39.663,-75.756,-1.799957326,0.001561457,-0.000554165,-0.001377280,0.000735696,-0.000554165,,novatel_oem7_msgs.msg.InertialSolutionStatus(status=3),
1786043637587034549,1786043637.586243712,/novatel/oem7/fix,/novatel/oem7/fix,/novatel/oem7/inspva,39.663,-75.756,-1.799957326,0.001561457,-0.000554165,-0.001377280,0.000735696,-0.000554165,,0,
1786043637587568071,1786043637.586731220,/novatel/oem7/odom,/novatel/oem7/fix,/novatel/oem7/odom,39.663,-75.756,-1.799957326,0.001561042,-0.000555332,0.000670730,-0.001409601,-0.000555332,,,
1786043637594776330,1786043637.594387052,/novatel/oem7/odom,/novatel/oem7/fix,/novatel/oem7/odom,39.663,-75.756,-1.799957326,0.001561042,-0.000555332,0.000670730,-0.001409601,-0.000555332,,,
1786043637606576849,1786043637.606250675,/novatel/oem7/inspva,/novatel/oem7/inspva,/novatel/oem7/inspva,39.663,-75.756,-1.799938466,0.003752119,-0.000508633,-0.003253922,0.001868257,-0.000508633,,novatel_oem7_msgs.msg.InertialSolutionStatus(status=3),
1786043637607190208,1786043637.606465760,/novatel/oem7/fix,/novatel/oem7/fix,/novatel/oem7/inspva,39.663,-75.756,-1.799938466,0.003752119,-0.000508633,-0.003253922,0.001868257,-0.000508633,,0,
1786043637607900760,1786043637.607129170,/novatel/oem7/odom,/novatel/oem7/fix,/novatel/oem7/odom,39.663,-75.756,-1.799938466,0.003751796,-0.000511007,0.001711719,-0.003338561,-0.000511007,,,
1786043637610686416,1786043637.610230977,/novatel/oem7/bestpos,/novatel/oem7/bestpos,/novatel/oem7/odom,39.663,-75.756,33.182551064,0.003751796,-0.000511007,0.001711719,-0.003338561,-0.000511007,,novatel_oem7_msgs.msg.SolutionStatus(status=0),novatel_oem7_msgs.msg.PositionOrVelocityType(type=53)
1786043637611343982,1786043637.610590184,/novatel/oem7/bestvel,/novatel/oem7/bestpos,/novatel/oem7/bestvel,39.663,-75.756,33.182551064,0.003648338,0.000144171,,,,165.492715091,novatel_oem7_msgs.msg.SolutionStatus(status=0),novatel_oem7_msgs.msg.PositionOrVelocityType(type=53)
1786043637615873819,1786043637.615522256,/novatel/oem7/odom,/novatel/oem7/bestpos,/novatel/oem7/odom,39.663,-75.756,33.182551064,0.003751796,-0.000511007,0.001711719,-0.003338561,-0.000511007,,,
1786043637625239584,1786043637.624950911,/novatel/oem7/inspva,/novatel/oem7/inspva,/novatel/oem7/inspva,39.663,-75.756,-1.799909427,0.004190809,0.000288671,-0.003479006,0.002336536,0.000288671,,novatel_oem7_msgs.msg.InertialSolutionStatus(status=3),
1786043637625856413,1786043637.625127230,/novatel/oem7/fix,/novatel/oem7/fix,/novatel/oem7/inspva,39.663,-75.756,-1.799909427,0.004190809,0.000288671,-0.003479006,0.002336536,0.000288671,,0,
1786043637626341919,1786043637.625538107,/novatel/oem7/odom,/novatel/oem7/fix,/novatel/oem7/odom,39.663,-75.756,-1.799909427,0.004190900,0.000287346,0.002165741,-0.003587925,0.000287346,,,
1786043637634955806,1786043637.634456161,/novatel/oem7/odom,/novatel/oem7/fix,/novatel/oem7/odom,39.663,-75.756,-1.799909427,0.004190900,0.000287346,0.002165741,-0.003587925,0.000287346,,,
1786043637646949144,1786043637.646528363,/novatel/oem7/inspva,/novatel/oem7/inspva,/novatel/oem7/inspva,39.663,-75.756,-1.799872400,0.002166887,0.001996324,-0.001526310,0.001538108,0.001996324,,novatel_oem7_msgs.msg.InertialSolutionStatus(status=3),
1786043637647600309,1786043637.646708454,/novatel/oem7/fix,/novatel/oem7/fix,/novatel/oem7/inspva,39.663,-75.756,-1.799872400,0.002166887,0.001996324,-0.001526310,0.001538108,0.001996324,,0,
1786043637648111453,1786043637.647169492,/novatel/oem7/odom,/novatel/oem7/fix,/novatel/oem7/odom,39.663,-75.756,-1.799872400,0.002165739,0.001997570,0.001455718,-0.001603531,0.001997570,,,
1786043637656438183,1786043637.656078189,/novatel/oem7/odom,/novatel/oem7/fix,/novatel/oem7/odom,39.663,-75.756,-1.799872400,0.002165739,0.001997570,0.001455718,-0.001603531,0.001997570,,,
1786043637665345818,1786043637.665054241,/novatel/oem7/inspva,/novatel/oem7/inspva,/novatel/oem7/inspva,39.663,-75.756,-1.799852014,0.001941849,0.001142083,-0.001466900,0.001272393,0.001142083,,novatel_oem7_msgs.msg.InertialSolutionStatus(status=3),
1786043637665953952,1786043637.665226849,/novatel/oem7/fix,/novatel/oem7/fix,/novatel/oem7/inspva,39.663,-75.756,-1.799852014,0.001941849,0.001142083,-0.001466900,0.001272393,0.001142083,,0,
1786043637666531027,1786043637.665594976,/novatel/oem7/odom,/novatel/oem7/fix,/novatel/oem7/odom,39.663,-75.756,-1.799852014,0.001941548,0.001142595,0.001196294,-0.001529212,0.001142595,,,
1786043637675819718,1786043637.675457399,/novatel/oem7/odom,/novatel/oem7/fix,/novatel/oem7/odom,39.663,-75.756,-1.799852014,0.001941548,0.001142595,0.001196294,-0.001529212,0.001142595,,,
1786043637685614184,1786043637.685322393,/novatel/oem7/inspva,/novatel/oem7/inspva,/novatel/oem7/inspva,39.663,-75.756,-1.799843580,0.003087554,-0.001275916,-0.002589992,0.001680754,-0.001275916,,novatel_oem7_msgs.msg.InertialSolutionStatus(status=3),
1786043637686202237,1786043637.685512405,/novatel/oem7/fix,/novatel/oem7/fix,/novatel/oem7/inspva,39.663,-75.756,-1.799843580,0.003087554,-0.001275916,-0.002589992,0.001680754,-0.001275916,,0,
1786043637686886129,1786043637.686253935,/novatel/oem7/odom,/novatel/oem7/fix,/novatel/oem7/odom,39.663,-75.756,-1.799843580,0.003087091,-0.001277038,0.001559132,-0.002664439,-0.001277038,,,
1786043637695302075,1786043637.694968527,/novatel/oem7/odom,/novatel/oem7/fix,/novatel/oem7/odom,39.663,-75.756,-1.799843580,0.003087091,-0.001277038,0.001559132,-0.002664439,-0.001277038,,,
1786043637706321912,1786043637.706022732,/novatel/oem7/inspva,/novatel/oem7/inspva,/novatel/oem7/inspva,39.663,-75.756,-1.799803321,0.003829834,-0.000182675,-0.003063635,0.002298211,-0.000182675,,novatel_oem7_msgs.msg.InertialSolutionStatus(status=3),
1786043637706927471,1786043637.706207770,/novatel/oem7/fix,/novatel/oem7/fix,/novatel/oem7/inspva,39.663,-75.756,-1.799803321,0.003829834,-0.000182675,-0.003063635,0.002298211,-0.000182675,,0,
1786043637707615909,1786043637.706717005,/novatel/oem7/odom,/novatel/oem7/fix,/novatel/oem7/odom,39.663,-75.756,-1.799803321,0.003829822,-0.000182928,0.002149167,-0.003169956,-0.000182928,,,
1786043637709641528,1786043637.709149169,/novatel/oem7/bestpos,/novatel/oem7/bestpos,/novatel/oem7/odom,39.663,-75.756,33.182683018,0.003829822,-0.000182928,0.002149167,-0.003169956,-0.000182928,,novatel_oem7_msgs.msg.SolutionStatus(status=0),novatel_oem7_msgs.msg.PositionOrVelocityType(type=53)
1786043637710296875,1786043637.709665041,/novatel/oem7/bestvel,/novatel/oem7/bestpos,/novatel/oem7/bestvel,39.663,-75.756,33.182683018,0.004005453,0.000448358,,,,154.811764129,novatel_oem7_msgs.msg.SolutionStatus(status=0),novatel_oem7_msgs.msg.PositionOrVelocityType(type=53)
1786043637714804516,1786043637.714469058,/novatel/oem7/odom,/novatel/oem7/bestpos,/novatel/oem7/odom,39.663,-75.756,33.182683018,0.003829822,-0.000182928,0.002149167,-0.003169956,-0.000182928,,,
1786043637725674367,1786043637.725382322,/novatel/oem7/inspva,/novatel/oem7/inspva,/novatel/oem7/inspva,39.663,-75.756,-1.799760521,0.003687627,0.002236786,-0.002693446,0.002518719,0.002236786,,novatel_oem7_msgs.msg.InertialSolutionStatus(status=3),
1786043637726263772,1786043637.725562147,/novatel/oem7/fix,/novatel/oem7/fix,/novatel/oem7/inspva,39.663,-75.756,-1.799760521,0.003687627,0.002236786,-0.002693446,0.002518719,0.002236786,,0,
1786043637726948802,1786043637.726227590,/novatel/oem7/odom,/novatel/oem7/fix,/novatel/oem7/odom,39.663,-75.756,-1.799760521,0.003686642,0.002238410,0.002378267,-0.002816944,0.002238410,,,
1786043637736127119,1786043637.735767837,/novatel/oem7/odom,/novatel/oem7/fix,/novatel/oem7/odom,39.663,-75.756,-1.799760521,0.003686642,0.002238410,0.002378267,-0.002816944,0.002238410,,,
1786043637745488686,1786043637.745183789,/novatel/oem7/inspva,/novatel/oem7/inspva,/novatel/oem7/inspva,39.663,-75.756,-1.799741712,0.003475248,0.001403831,-0.002310148,0.002596260,0.001403831,,novatel_oem7_msgs.msg.InertialSolutionStatus(status=3),
1786043637746089850,1786043637.745361921,/novatel/oem7/fix,/novatel/oem7/fix,/novatel/oem7/inspva,39.663,-75.756,-1.799741712,0.003475248,0.001403831,-0.002310148,0.002596260,0.001403831,,0,
1786043637746583638,1786043637.745745565,/novatel/oem7/odom,/novatel/oem7/fix,/novatel/oem7/odom,39.663,-75.756,-1.799741712,0.003474093,0.001406688,0.002477257,-0.002435676,0.001406688,,,
1786043637756054133,1786043637.755691799,/novatel/oem7/odom,/novatel/oem7/fix,/novatel/oem7/odom,39.663,-75.756,-1.799741712,0.003474093,0.001406688,0.002477257,-0.002435676,0.001406688,,,
1786043637766100936,1786043637.765688137,/novatel/oem7/inspva,/novatel/oem7/inspva,/novatel/oem7/inspva,39.663,-75.756,-1.799738612,0.002276525,-0.000947613,-0.001597897,0.001621508,-0.000947613,,novatel_oem7_msgs.msg.InertialSolutionStatus(status=3),
1786043637766706766,1786043637.765867779,/novatel/oem7/fix,/novatel/oem7/fix,/novatel/oem7/inspva,39.663,-75.756,-1.799738612,0.002276525,-0.000947613,-0.001597897,0.001621508,-0.000947613,,0,
1786043637767182668,1786043637.766407687,/novatel/oem7/odom,/novatel/oem7/fix,/novatel/oem7/odom,39.663,-75.756,-1.799738612,0.002277116,-0.000946190,0.001546415,-0.001671484,-0.000946190,,,
1786043637775934423,1786043637.775158730,/novatel/oem7/odom,/novatel/oem7/fix,/novatel/oem7/odom,39.663,-75.756,-1.799738612,0.002277116,-0.000946190,0.001546415,-0.001671484,-0.000946190,,,
1786043637785684203,1786043637.785105507,/novatel/oem7/inspva,/novatel/oem7/inspva,/novatel/oem7/inspva,39.663,-75.756,-1.799705904,0.002699022,-0.001151787,-0.002333893,0.001355604,-0.001151787,,novatel_oem7_msgs.msg.InertialSolutionStatus(status=3),
1786043637787016189,1786043637.785281429,/novatel/oem7/fix,/novatel/oem7/fix,/novatel/oem7/inspva,39.663,-75.756,-1.799705904,0.002699022,-0.001151787,-0.002333893,0.001355604,-0.001151787,,0,
1786043637788070779,1786043637.785717866,/novatel/oem7/odom,/novatel/oem7/fix,/novatel/oem7/odom,39.663,-75.756,-1.799705904,0.002698369,-0.001153316,0.001246256,-0.002393333,-0.001153316,,,
1786043637797212462,1786043637.795735044,/novatel/oem7/odom,/novatel/oem7/fix,/novatel/oem7/odom,39.663,-75.756,-1.799705904,0.002698369,-0.001153316,0.001246256,-0.002393333,-0.001153316,,,
1786043637806956437,1786043637.806354955,/novatel/oem7/inspva,/novatel/oem7/inspva,/novatel/oem7/inspva,39.663,-75.756,-1.799657754,0.004053420,0.002357237,-0.002997929,0.002728120,0.002357237,,novatel_oem7_msgs.msg.InertialSolutionStatus(status=3),
1786043637808304464,1786043637.806565644,/novatel/oem7/fix,/novatel/oem7/fix,/novatel/oem7/inspva,39.663,-75.756,-1.799657754,0.004053420,0.002357237,-0.002997929,0.002728120,0.002357237,,0,
1786043637809369545,1786043637.807516023,/novatel/oem7/odom,/novatel/oem7/fix,/novatel/oem7/odom,39.663,-75.756,-1.799657754,0.002698357,-0.001153345,0.001246240,-0.002393327,-0.001153345,,,
1786043637811254390,1786043637.810450825,/novatel/oem7/bestpos,/novatel/oem7/bestpos,/novatel/oem7/odom,39.663,-75.756,33.182826096,0.002698357,-0.001153345,0.001246240,-0.002393327,-0.001153345,,novatel_oem7_msgs.msg.SolutionStatus(status=0),novatel_oem7_msgs.msg.PositionOrVelocityType(type=53)
1786043637812693207,1786043637.810906390,/novatel/oem7/bestvel,/novatel/oem7/bestpos,/novatel/oem7/bestvel,39.663,-75.756,33.182826096,0.003480412,0.002385710,,,,139.314467003,novatel_oem7_msgs.msg.SolutionStatus(status=0),novatel_oem7_msgs.msg.PositionOrVelocityType(type=53)
1786043637815634769,1786043637.814986546,/novatel/oem7/odom,/novatel/oem7/bestpos,/novatel/oem7/odom,39.663,-75.756,33.182826096,0.004052588,0.002358668,0.002572520,-0.003131391,0.002358668,,,
1786043637826681381,1786043637.826116222,/novatel/oem7/inspva,/novatel/oem7/inspva,/novatel/oem7/inspva,39.663,-75.756,-1.799637375,0.003382394,0.001822989,-0.002683776,0.002058625,0.001822989,,novatel_oem7_msgs.msg.InertialSolutionStatus(status=3),
1786043637828492005,1786043637.826291841,/novatel/oem7/fix,/novatel/oem7/fix,/novatel/oem7/inspva,39.663,-75.756,-1.799637375,0.003382394,0.001822989,-0.002683776,0.002058625,0.001822989,,0,
1786043637829672857,1786043637.826732108,/novatel/oem7/odom,/novatel/oem7/fix,/novatel/oem7/odom,39.663,-75.756,-1.799637375,0.003382420,0.001822941,0.001920805,-0.002784111,0.001822941,,,
1786043637835020106,1786043637.834371916,/novatel/oem7/odom,/novatel/oem7/fix,/novatel/oem7/odom,39.663,-75.756,-1.799637375,0.003382420,0.001822941,0.001920805,-0.002784111,0.001822941,,,
1786043637845800815,1786043637.845231222,/novatel/oem7/inspva,/novatel/oem7/inspva,/novatel/oem7/inspva,39.663,-75.756,-1.799628167,0.001860766,-0.000155852,-0.001173608,0.001443985,-0.000155852,,novatel_oem7_msgs.msg.InertialSolutionStatus(status=3),
1786043637847143088,1786043637.845404671,/novatel/oem7/fix,/novatel/oem7/fix,/novatel/oem7/inspva,39.663,-75.756,-1.799628167,0.001860766,-0.000155852,-0.001173608,0.001443985,-0.000155852,,0,
1786043637848228345,1786043637.845748614,/novatel/oem7/odom,/novatel/oem7/fix,/novatel/oem7/odom,39.663,-75.756,-1.799628167,0.001860919,-0.000154015,0.001386574,-0.001241141,-0.000154015,,,
1786043637856932897,1786043637.856316447,/novatel/oem7/odom,/novatel/oem7/fix,/novatel/oem7/odom,39.663,-75.756,-1.799628167,0.001860919,-0.000154015,0.001386574,-0.001241141,-0.000154015,,,
1786043637865608366,1786043637.865072514,/novatel/oem7/inspva,/novatel/oem7/inspva,/novatel/oem7/inspva,39.663,-75.756,-1.799598600,0.002103332,-0.000287799,-0.001776594,0.001125931,-0.000287799,,novatel_oem7_msgs.msg.InertialSolutionStatus(status=3),
1786043637866912155,1786043637.865225222,/novatel/oem7/fix,/novatel/oem7/fix,/novatel/oem7/inspva,39.663,-75.756,-1.799598600,0.002103332,-0.000287799,-0.001776594,0.001125931,-0.000287799,,0,
1786043637867937632,1786043637.865638319,/novatel/oem7/odom,/novatel/oem7/fix,/novatel/oem7/odom,39.663,-75.756,-1.799598600,0.002103212,-0.000288678,0.001040464,-0.001827822,-0.000288678,,,
1786043637875202660,1786043637.874565294,/novatel/oem7/odom,/novatel/oem7/fix,/novatel/oem7/odom,39.663,-75.756,-1.799598600,0.002103212,-0.000288678,0.001040464,-0.001827822,-0.000288678,,,
1786043637887855874,1786043637.887299551,/novatel/oem7/inspva,/novatel/oem7/inspva,/novatel/oem7/inspva,39.663,-75.756,-1.799560935,0.004029143,0.001034260,-0.003317249,0.002286887,0.001034260,,novatel_oem7_msgs.msg.InertialSolutionStatus(status=3),
1786043637889167740,1786043637.887485310,/novatel/oem7/fix,/novatel/oem7/fix,/novatel/oem7/inspva,39.663,-75.756,-1.799560935,0.004029143,0.001034260,-0.003317249,0.002286887,0.001034260,,0,
1786043637890220093,1786043637.887819340,/novatel/oem7/odom,/novatel/oem7/fix,/novatel/oem7/odom,39.663,-75.756,-1.799560935,0.004029425,0.001033158,0.002121370,-0.003425793,0.001033158,,,
1786043637895741247,1786043637.895122992,/novatel/oem7/odom,/novatel/oem7/fix,/novatel/oem7/odom,39.663,-75.756,-1.799560935,0.004029425,0.001033158,0.002121370,-0.003425793,0.001033158,,,
1786043637906528240,1786043637.905978877,/novatel/oem7/inspva,/novatel/oem7/inspva,/novatel/oem7/inspva,39.663,-75.756,-1.799534266,0.004003437,0.001552584,-0.003261523,0.002321632,0.001552584,,novatel_oem7_msgs.msg.InertialSolutionStatus(status=3),
1786043637907871233,1786043637.906144663,/novatel/oem7/fix,/novatel/oem7/fix,/novatel/oem7/inspva,39.663,-75.756,-1.799534266,0.004003437,0.001552584,-0.003261523,0.002321632,0.001552584,,0,
1786043637908909470,1786043637.906549157,/novatel/oem7/odom,/novatel/oem7/fix,/novatel/oem7/odom,39.663,-75.756,-1.799534266,0.004003756,0.001551759,0.002156900,-0.003373107,0.001551759,,,
1786043637910342727,1786043637.909551532,/novatel/oem7/bestpos,/novatel/oem7/bestpos,/novatel/oem7/odom,39.663,-75.756,33.182949649,0.004003756,0.001551759,0.002156900,-0.003373107,0.001551759,,novatel_oem7_msgs.msg.SolutionStatus(status=0),novatel_oem7_msgs.msg.PositionOrVelocityType(type=53)
1786043637911759278,1786043637.910296084,/novatel/oem7/bestvel,/novatel/oem7/bestpos,/novatel/oem7/bestvel,39.663,-75.756,33.182949649,0.003865783,0.001309139,,,,140.284349809,novatel_oem7_msgs.msg.SolutionStatus(status=0),novatel_oem7_msgs.msg.PositionOrVelocityType(type=53)
1786043637916236978,1786043637.915592662,/novatel/oem7/odom,/novatel/oem7/bestpos,/novatel/oem7/odom,39.663,-75.756,33.182949649,0.004003756,0.001551759,0.002156900,-0.003373107,0.001551759,,,
1786043637925992323,1786043637.925449302,/novatel/oem7/inspva,/novatel/oem7/inspva,/novatel/oem7/inspva,39.663,-75.756,-1.799518974,0.002120988,0.000795252,-0.001186913,0.001757791,0.000795252,,novatel_oem7_msgs.msg.InertialSolutionStatus(status=3),
1786043637927304586,1786043637.925629544,/novatel/oem7/fix,/novatel/oem7/fix,/novatel/oem7/inspva,39.663,-75.756,-1.799518974,0.002120988,0.000795252,-0.001186913,0.001757791,0.000795252,,0,
1786043637928347657,1786043637.926126689,/novatel/oem7/odom,/novatel/oem7/fix,/novatel/oem7/odom,39.663,-75.756,-1.799518974,0.002119898,0.000798153,0.001695934,-0.001271918,0.000798153,,,
1786043637935769759,1786043637.935101303,/novatel/oem7/odom,/novatel/oem7/fix,/novatel/oem7/odom,39.663,-75.756,-1.799518974,0.002119898,0.000798153,0.001695934,-0.001271918,0.000798153,,,
1786043637946723347,1786043637.946156611,/novatel/oem7/inspva,/novatel/oem7/inspva,/novatel/oem7/inspva,39.663,-75.756,-1.799492262,0.002258866,0.000558874,-0.001653098,0.001539397,0.000558874,,novatel_oem7_msgs.msg.InertialSolutionStatus(status=3),
1786043637948057376,1786043637.946345733,/novatel/oem7/fix,/novatel/oem7/fix,/novatel/oem7/inspva,39.663,-75.756,-1.799492262,0.002258866,0.000558874,-0.001653098,0.001539397,0.000558874,,0,
1786043637949114934,1786043637.946744617,/novatel/oem7/odom,/novatel/oem7/fix,/novatel/oem7/odom,39.663,-75.756,-1.799492262,0.002258658,0.000559714,0.001456313,-0.001726467,0.000559714,,,
1786043637956512929,1786043637.955857583,/novatel/oem7/odom,/novatel/oem7/fix,/novatel/oem7/odom,39.663,-75.756,-1.799492262,0.002258658,0.000559714,0.001456313,-0.001726467,0.000559714,,,
1786043637965907431,1786043637.965356889,/novatel/oem7/inspva,/novatel/oem7/inspva,/novatel/oem7/inspva,39.663,-75.756,-1.799472289,0.004888113,-0.000197516,-0.003699223,0.003195214,-0.000197516,,novatel_oem7_msgs.msg.InertialSolutionStatus(status=3),
1786043637967259451,1786043637.965535691,/novatel/oem7/fix,/novatel/oem7/fix,/novatel/oem7/inspva,39.663,-75.756,-1.799472289,0.004888113,-0.000197516,-0.003699223,0.003195214,-0.000197516,,0,
1786043637968327275,1786043637.966098696,/novatel/oem7/odom,/novatel/oem7/fix,/novatel/oem7/odom,39.663,-75.756,-1.799472289,0.004888152,-0.000196551,0.003014787,-0.003847738,-0.000196551,,,
1786043637976206452,1786043637.975549329,/novatel/oem7/odom,/novatel/oem7/fix,/novatel/oem7/odom,39.663,-75.756,-1.799472289,0.004888152,-0.000196551,0.003014787,-0.003847738,-0.000196551,,,
1786043637985626411,1786043637.985057146,/novatel/oem7/inspva,/novatel/oem7/inspva,/novatel/oem7/inspva,39.663,-75.756,-1.799436875,0.004446634,0.000863033,-0.003712404,0.002447573,0.000863033,,novatel_oem7_msgs.msg.InertialSolutionStatus(status=3),
1786043637987002771,1786043637.985222108,/novatel/oem7/fix,/novatel/oem7/fix,/novatel/oem7/inspva,39.663,-75.756,-1.799436875,0.004446634,0.000863033,-0.003712404,0.002447573,0.000863033,,0,
1786043637988078772,1786043637.985615865,/novatel/oem7/odom,/novatel/oem7/fix,/novatel/oem7/odom,39.663,-75.756,-1.799436875,0.004446944,0.000861432,0.002263601,-0.003827718,0.000861432,,,
1786043637996192811,1786043637.995554649,/novatel/oem7/odom,/novatel/oem7/fix,/novatel/oem7/odom,39.663,-75.756,-1.799436875,0.004446944,0.000861432,0.002263601,-0.003827718,0.000861432,,,
1786043638008936193,1786043638.008384184,/novatel/oem7/inspva,/novatel/oem7/inspva,/novatel/oem7/inspva,39.663,-75.756,-1.799398948,0.002794258,0.002499376,-0.001823978,0.002116833,0.002499376,,novatel_oem7_msgs.msg.InertialSolutionStatus(status=3),
1786043638010236786,1786043638.008543966,/novatel/oem7/fix,/novatel/oem7/fix,/novatel/oem7/inspva,39.663,-75.756,-1.799398948,0.002794258,0.002499376,-0.001823978,0.002116833,0.002499376,,0,
1786043638011275006,1786043638.009644837,/novatel/oem7/odom,/novatel/oem7/fix,/novatel/oem7/odom,39.663,-75.756,-1.799398948,0.002792143,0.002501739,0.002017855,-0.001929850,0.002501739,,,
1786043638016223211,1786043638.015592691,/novatel/oem7/odom,/novatel/oem7/fix,/novatel/oem7/odom,39.663,-75.756,-1.799398948,0.002792143,0.002501739,0.002017855,-0.001929850,0.002501739,,,
1786043638026202849,1786043638.025626823,/novatel/oem7/bestpos,/novatel/oem7/bestpos,/novatel/oem7/odom,39.663,-75.756,33.183080015,0.002792143,0.002501739,0.002017855,-0.001929850,0.002501739,,novatel_oem7_msgs.msg.SolutionStatus(status=0),novatel_oem7_msgs.msg.PositionOrVelocityType(type=53)
1786043638027664906,1786043638.026541872,/novatel/oem7/bestvel,/novatel/oem7/bestpos,/novatel/oem7/bestvel,39.663,-75.756,33.183080015,0.002513041,0.001864643,,,,111.592157227,novatel_oem7_msgs.msg.SolutionStatus(status=0),novatel_oem7_msgs.msg.PositionOrVelocityType(type=53)
1786043638028573365,1786043638.026985730,/novatel/oem7/inspva,/novatel/oem7/inspva,/novatel/oem7/inspva,39.663,-75.756,-1.799373318,0.002161998,0.001462167,-0.001656307,0.001389562,0.001462167,,novatel_oem7_msgs.msg.InertialSolutionStatus(status=3),
1786043638029394913,1786043638.027125961,/novatel/oem7/fix,/novatel/oem7/fix,/novatel/oem7/inspva,39.663,-75.756,-1.799373318,0.002161998,0.001462167,-0.001656307,0.001389562,0.001462167,,0,
1786043638030904255,1786043638.027534668,/novatel/oem7/odom,/novatel/oem7/fix,/novatel/oem7/odom,39.663,-75.756,-1.799373318,0.002161748,0.001462536,0.001303182,-0.001724782,0.001462536,,,
1786043638036232230,1786043638.035592164,/novatel/oem7/odom,/novatel/oem7/fix,/novatel/oem7/odom,39.663,-75.756,-1.799373318,0.002161748,0.001462536,0.001303182,-0.001724782,0.001462536,,,
1786043638046056427,1786043638.045514771,/novatel/oem7/inspva,/novatel/oem7/inspva,/novatel/oem7/inspva,39.663,-75.756,-1.799390943,0.002936558,-0.000928994,-0.002582025,0.001398758,-0.000928994,,novatel_oem7_msgs.msg.InertialSolutionStatus(status=3),
1786043638047370953,1786043638.045683113,/novatel/oem7/fix,/novatel/oem7/fix,/novatel/oem7/inspva,39.663,-75.756,-1.799390943,0.002936558,-0.000928994,-0.002582025,0.001398758,-0.000928994,,0,
1786043638048799864,1786043638.046577475,/novatel/oem7/odom,/novatel/oem7/fix,/novatel/oem7/odom,39.663,-75.756,-1.799390943,0.002935871,-0.000931162,0.001276691,-0.002643748,-0.000931162,,,
1786043638057215989,1786043638.056572270,/novatel/oem7/odom,/novatel/oem7/fix,/novatel/oem7/odom,39.663,-75.756,-1.799390943,0.002935871,-0.000931162,0.001276691,-0.002643748,-0.000931162,,,
1786043638066864041,1786043638.066307628,/novatel/oem7/inspva,/novatel/oem7/inspva,/novatel/oem7/inspva,39.663,-75.756,-1.799396319,0.003942583,0.000207601,-0.003045231,0.002504102,0.000207601,,novatel_oem7_msgs.msg.InertialSolutionStatus(status=3),
1786043638068211307,1786043638.066474887,/novatel/oem7/fix,/novatel/oem7/fix,/novatel/oem7/inspva,39.663,-75.756,-1.799396319,0.003942583,0.000207601,-0.003045231,0.002504102,0.000207601,,0,
1786043638069296428,1786043638.066926251,/novatel/oem7/odom,/novatel/oem7/fix,/novatel/oem7/odom,39.663,-75.756,-1.799396319,0.003942566,0.000207913,0.002354462,-0.003162331,0.000207913,,,
1786043638075213452,1786043638.074563593,/novatel/oem7/odom,/novatel/oem7/fix,/novatel/oem7/odom,39.663,-75.756,-1.799396319,0.003942566,0.000207913,0.002354462,-0.003162331,0.000207913,,,
1786043638085932837,1786043638.085390595,/novatel/oem7/inspva,/novatel/oem7/inspva,/novatel/oem7/inspva,39.663,-75.756,-1.799380801,0.003631007,0.002981682,-0.003093896,0.001900530,0.002981682,,novatel_oem7_msgs.msg.InertialSolutionStatus(status=3),
1786043638087210080,1786043638.085551191,/novatel/oem7/fix,/novatel/oem7/fix,/novatel/oem7/inspva,39.663,-75.756,-1.799380801,0.003631007,0.002981682,-0.003093896,0.001900530,0.002981682,,0,
1786043638088253997,1786043638.086172967,/novatel/oem7/odom,/novatel/oem7/fix,/novatel/oem7/odom,39.663,-75.756,-1.799380801,0.003632495,0.002979869,0.001739076,-0.003189143,0.002979869,,,
1786043638096243708,1786043638.095628395,/novatel/oem7/odom,/novatel/oem7/fix,/novatel/oem7/odom,39.663,-75.756,-1.799380801,0.003632495,0.002979869,0.001739076,-0.003189143,0.002979869,,,
1786043638106591267,1786043638.106045391,/novatel/oem7/inspva,/novatel/oem7/inspva,/novatel/oem7/inspva,39.663,-75.756,-1.799402067,0.002655579,0.001825482,-0.002304415,0.001319762,0.001825482,,novatel_oem7_msgs.msg.InertialSolutionStatus(status=3),
1786043638107906250,1786043638.106186303,/novatel/oem7/fix,/novatel/oem7/fix,/novatel/oem7/inspva,39.663,-75.756,-1.799402067,0.002655579,0.001825482,-0.002304415,0.001319762,0.001825482,,0,
1786043638108940886,1786043638.106682551,/novatel/oem7/odom,/novatel/oem7/fix,/novatel/oem7/odom,39.663,-75.756,-1.799402067,0.002656719,0.001823823,0.001201106,-0.002369705,0.001823823,,,
1786043638110513928,1786043638.109158165,/novatel/oem7/bestpos,/novatel/oem7/bestpos,/novatel/oem7/odom,39.663,-75.756,33.183077446,0.002656719,0.001823823,0.001201106,-0.002369705,0.001823823,,novatel_oem7_msgs.msg.SolutionStatus(status=0),novatel_oem7_msgs.msg.PositionOrVelocityType(type=53)
1786043638111441484,1786043638.109619776,/novatel/oem7/bestvel,/novatel/oem7/bestpos,/novatel/oem7/bestvel,39.663,-75.756,33.183077446,0.002980292,0.001342775,,,,135.924838527,novatel_oem7_msgs.msg.SolutionStatus(status=0),novatel_oem7_msgs.msg.PositionOrVelocityType(type=53)
1786043638115193541,1786043638.114558881,/novatel/oem7/odom,/novatel/oem7/bestpos,/novatel/oem7/odom,39.663,-75.756,33.183077446,0.002656719,0.001823823,0.001201106,-0.002369705,0.001823823,,,
1786043638127163784,1786043638.126622996,/novatel/oem7/inspva,/novatel/oem7/inspva,/novatel/oem7/inspva,39.663,-75.756,-1.799439736,0.002087080,-0.001560025,-0.001986734,0.000639369,-0.001560025,,novatel_oem7_msgs.msg.InertialSolutionStatus(status=3),
1786043638128511265,1786043638.126782621,/novatel/oem7/fix,/novatel/oem7/fix,/novatel/oem7/inspva,39.663,-75.756,-1.799439736,0.002087080,-0.001560025,-0.001986734,0.000639369,-0.001560025,,0,
1786043638129570168,1786043638.127158638,/novatel/oem7/odom,/novatel/oem7/fix,/novatel/oem7/odom,39.663,-75.756,-1.799439736,0.002084721,-0.001563176,0.000549005,-0.002011133,-0.001563176,,,
1786043638135885727,1786043638.135221727,/novatel/oem7/odom,/novatel/oem7/fix,/novatel/oem7/odom,39.663,-75.756,-1.799439736,0.002084721,-0.001563176,0.000549005,-0.002011133,-0.001563176,,,
1786043638145535184,1786043638.144965586,/novatel/oem7/inspva,/novatel/oem7/inspva,/novatel/oem7/inspva,39.663,-75.756,-1.799450116,0.002584730,-0.000826733,-0.002235792,0.001296944,-0.000826733,,novatel_oem7_msgs.msg.InertialSolutionStatus(status=3),
1786043638146832477,1786043638.145114084,/novatel/oem7/fix,/novatel/oem7/fix,/novatel/oem7/inspva,39.663,-75.756,-1.799450116,0.002584730,-0.000826733,-0.002235792,0.001296944,-0.000826733,,0,
1786043638147866134,1786043638.145525741,/novatel/oem7/odom,/novatel/oem7/fix,/novatel/oem7/odom,39.663,-75.756,-1.799450116,0.002584209,-0.000828361,0.001191231,-0.002293274,-0.000828361,,,
1786043638156302444,1786043638.155611527,/novatel/oem7/odom,/novatel/oem7/fix,/novatel/oem7/odom,39.663,-75.756,-1.799450116,0.002584209,-0.000828361,0.001191231,-0.002293274,-0.000828361,,,
1786043638166205817,1786043638.165559268,/novatel/oem7/inspva,/novatel/oem7/inspva,/novatel/oem7/inspva,39.663,-75.756,-1.799440156,0.004406370,0.002117034,-0.003576354,0.002574061,0.002117034,,novatel_oem7_msgs.msg.InertialSolutionStatus(status=3),
1786043638167634598,1786043638.165724499,/novatel/oem7/fix,/novatel/oem7/fix,/novatel/oem7/inspva,39.663,-75.756,-1.799440156,0.004406370,0.002117034,-0.003576354,0.002574061,0.002117034,,0,
1786043638168719572,1786043638.166310112,/novatel/oem7/odom,/novatel/oem7/fix,/novatel/oem7/odom,39.663,-75.756,-1.799440156,0.004406795,0.002116150,0.002391983,-0.003701116,0.002116150,,,
1786043638175293123,1786043638.174654554,/novatel/oem7/odom,/novatel/oem7/fix,/novatel/oem7/odom,39.663,-75.756,-1.799440156,0.004406795,0.002116150,0.002391983,-0.003701116,0.002116150,,,
1786043638186926527,1786043638.186397050,/novatel/oem7/inspva,/novatel/oem7/inspva,/novatel/oem7/inspva,39.663,-75.756,-1.799464457,0.002993509,0.001534318,-0.002617986,0.001451635,0.001534318,,novatel_oem7_msgs.msg.InertialSolutionStatus(status=3),
1786043638188244623,1786043638.186517764,/novatel/oem7/fix,/novatel/oem7/fix,/novatel/oem7/inspva,39.663,-75.756,-1.799464457,0.002993509,0.001534318,-0.002617986,0.001451635,0.001534318,,0,
1786043638189305790,1786043638.186949214,/novatel/oem7/odom,/novatel/oem7/fix,/novatel/oem7/odom,39.663,-75.756,-1.799464457,0.002994584,0.001532218,0.001318900,-0.002688501,0.001532218,,,
1786043638195381027,1786043638.194734940,/novatel/oem7/odom,/novatel/oem7/fix,/novatel/oem7/odom,39.663,-75.756,-1.799464457,0.002994584,0.001532218,0.001318900,-0.002688501,0.001532218,,,
1786043638207049177,1786043638.206539359,/novatel/oem7/inspva,/novatel/oem7/inspva,/novatel/oem7/inspva,39.663,-75.756,-1.799498431,0.001555616,-0.000502140,-0.001498880,0.000416293,-0.000502140,,novatel_oem7_msgs.msg.InertialSolutionStatus(status=3),
1786043638208383010,1786043638.206717104,/novatel/oem7/fix,/novatel/oem7/fix,/novatel/oem7/inspva,39.663,-75.756,-1.799498431,0.001555616,-0.000502140,-0.001498880,0.000416293,-0.000502140,,0,
1786043638209457165,1786043638.207216406,/novatel/oem7/odom,/novatel/oem7/fix,/novatel/oem7/odom,39.663,-75.756,-1.799498431,0.001554756,-0.000504795,0.000345769,-0.001515820,-0.000504795,,,
1786043638210929365,1786043638.210208662,/novatel/oem7/bestpos,/novatel/oem7/bestpos,/novatel/oem7/odom,39.663,-75.756,33.183002417,0.001554756,-0.000504795,0.000345769,-0.001515820,-0.000504795,,novatel_oem7_msgs.msg.SolutionStatus(status=0),novatel_oem7_msgs.msg.PositionOrVelocityType(type=53)
1786043638212350563,1786043638.210593577,/novatel/oem7/bestvel,/novatel/oem7/bestpos,/novatel/oem7/bestvel,39.663,-75.756,33.183002417,0.001590100,-0.000006345,,,,200.512588961,novatel_oem7_msgs.msg.SolutionStatus(status=0),novatel_oem7_msgs.msg.PositionOrVelocityType(type=53)
1786043638216257554,1786043638.215613408,/novatel/oem7/odom,/novatel/oem7/bestpos,/novatel/oem7/odom,39.663,-75.756,33.183002417,0.001554756,-0.000504795,0.000345769,-0.001515820,-0.000504795,,,
1786043638226000767,1786043638.225496515,/novatel/oem7/inspva,/novatel/oem7/inspva,/novatel/oem7/inspva,39.663,-75.756,-1.799515317,0.002218330,-0.000708070,-0.001775276,0.001330181,-0.000708070,,novatel_oem7_msgs.msg.InertialSolutionStatus(status=3),
1786043638227312946,1786043638.225662600,/novatel/oem7/fix,/novatel/oem7/fix,/novatel/oem7/inspva,39.663,-75.756,-1.799515317,0.002218330,-0.000708070,-0.001775276,0.001330181,-0.000708070,,0,
1786043638228363653,1786043638.226110598,/novatel/oem7/odom,/novatel/oem7/fix,/novatel/oem7/odom,39.663,-75.756,-1.799515317,0.002218254,-0.000708306,0.001246072,-0.001835199,-0.000708306,,,
1786043638235297011,1786043638.234607344,/novatel/oem7/odom,/novatel/oem7/fix,/novatel/oem7/odom,39.663,-75.756,-1.799515317,0.002218254,-0.000708306,0.001246072,-0.001835199,-0.000708306,,,
1786043638247014283,1786043638.246531989,/novatel/oem7/inspva,/novatel/oem7/inspva,/novatel/oem7/inspva,39.663,-75.756,-1.799505976,0.003890428,0.001542562,-0.003580847,0.001520843,0.001542562,,novatel_oem7_msgs.msg.InertialSolutionStatus(status=3),
1786043638248378506,1786043638.246612272,/novatel/oem7/fix,/novatel/oem7/fix,/novatel/oem7/inspva,39.663,-75.756,-1.799505976,0.003890428,0.001542562,-0.003580847,0.001520843,0.001542562,,0,
1786043638249461017,1786043638.246959642,/novatel/oem7/odom,/novatel/oem7/fix,/novatel/oem7/odom,39.663,-75.756,-1.799505976,0.003892224,0.001538023,0.001341820,-0.003653618,0.001538023,,,
1786043638256997290,1786043638.256374090,/novatel/oem7/odom,/novatel/oem7/fix,/novatel/oem7/odom,39.663,-75.756,-1.799505976,0.003892224,0.001538023,0.001341820,-0.003653618,0.001538023,,,
1786043638265597665,1786043638.265078053,/novatel/oem7/inspva,/novatel/oem7/inspva,/novatel/oem7/inspva,39.663,-75.756,-1.799526728,0.003901738,0.000845392,-0.003029766,0.002458469,0.000845392,,novatel_oem7_msgs.msg.InertialSolutionStatus(status=3),
1786043638266901317,1786043638.265234817,/novatel/oem7/fix,/novatel/oem7/fix,/novatel/oem7/inspva,39.663,-75.756,-1.799526728,0.003901738,0.000845392,-0.003029766,0.002458469,0.000845392,,0,
1786043638267984564,1786043638.265609201,/novatel/oem7/odom,/novatel/oem7/fix,/novatel/oem7/odom,39.663,-75.756,-1.799526728,0.003901716,0.000845494,0.002307375,-0.003146332,0.000845494,,,
1786043638276104668,1786043638.275435454,/novatel/oem7/odom,/novatel/oem7/fix,/novatel/oem7/odom,39.663,-75.756,-1.799526728,0.003901716,0.000845494,0.002307375,-0.003146332,0.000845494,,,
1786043638285967797,1786043638.285470516,/novatel/oem7/inspva,/novatel/oem7/inspva,/novatel/oem7/inspva,39.663,-75.756,-1.799533928,0.001361183,0.001616542,-0.001168035,0.000698937,0.001616542,,novatel_oem7_msgs.msg.InertialSolutionStatus(status=3),
1786043638287338631,1786043638.285615167,/novatel/oem7/fix,/novatel/oem7/fix,/novatel/oem7/inspva,39.663,-75.756,-1.799533928,0.001361183,0.001616542,-0.001168035,0.000698937,0.001616542,,0,
1786043638288398988,1786043638.286343001,/novatel/oem7/odom,/novatel/oem7/fix,/novatel/oem7/odom,39.663,-75.756,-1.799533928,0.001362164,0.001615715,0.000636308,-0.001204410,0.001615715,,,
1786043638295586225,1786043638.294929662,/novatel/oem7/odom,/novatel/oem7/fix,/novatel/oem7/odom,39.663,-75.756,-1.799533928,0.001362164,0.001615715,0.000636308,-0.001204410,0.001615715,,,
1786043638306405535,1786043638.305889893,/novatel/oem7/inspva,/novatel/oem7/inspva,/novatel/oem7/inspva,39.663,-75.756,-1.799557426,0.001330119,0.000078146,-0.000956784,0.000924003,0.000078146,,novatel_oem7_msgs.msg.InertialSolutionStatus(status=3),
1786043638307840665,1786043638.306037154,/novatel/oem7/fix,/novatel/oem7/fix,/novatel/oem7/inspva,39.663,-75.756,-1.799557426,0.001330119,0.000078146,-0.000956784,0.000924003,0.000078146,,0,
1786043638308916439,1786043638.306594223,/novatel/oem7/odom,/novatel/oem7/fix,/novatel/oem7/odom,39.663,-75.756,-1.799557426,0.001330085,0.000078725,0.000876794,-0.001000179,0.000078725,,,
1786043638310461520,1786043638.309307489,/novatel/oem7/bestpos,/novatel/oem7/bestpos,/novatel/oem7/odom,39.663,-75.756,33.182925406,0.001330085,0.000078725,0.000876794,-0.001000179,0.000078725,,novatel_oem7_msgs.msg.SolutionStatus(status=0),novatel_oem7_msgs.msg.PositionOrVelocityType(type=53)
1786043638311406744,1786043638.309723830,/novatel/oem7/bestvel,/novatel/oem7/bestpos,/novatel/oem7/bestvel,39.663,-75.756,33.182925406,0.002746049,-0.000053953,,,,130.177134918,novatel_oem7_msgs.msg.SolutionStatus(status=0),novatel_oem7_msgs.msg.PositionOrVelocityType(type=53)
1786043638315269681,1786043638.314601098,/novatel/oem7/odom,/novatel/oem7/bestpos,/novatel/oem7/odom,39.663,-75.756,33.182925406,0.001330085,0.000078725,0.000876794,-0.001000179,0.000078725,,,
1786043638325804941,1786043638.325270636,/novatel/oem7/inspva,/novatel/oem7/inspva,/novatel/oem7/inspva,39.663,-75.756,-1.799564412,0.003430177,-0.000026911,-0.003186794,0.001269037,-0.000026911,,novatel_oem7_msgs.msg.InertialSolutionStatus(status=3),
1786043638327169211,1786043638.325414881,/novatel/oem7/fix,/novatel/oem7/fix,/novatel/oem7/inspva,39.663,-75.756,-1.799564412,0.003430177,-0.000026911,-0.003186794,0.001269037,-0.000026911,,0,
1786043638328313982,1786043638.326043517,/novatel/oem7/odom,/novatel/oem7/fix,/novatel/oem7/odom,39.663,-75.756,-1.799564412,0.003430139,-0.000031284,0.001114890,-0.003243899,-0.000031284,,,
1786043638335521336,1786043638.334837489,/novatel/oem7/odom,/novatel/oem7/fix,/novatel/oem7/odom,39.663,-75.756,-1.799564412,0.003430139,-0.000031284,0.001114890,-0.003243899,-0.000031284,,,
1786043638346578521,1786043638.346001106,/novatel/oem7/inspva,/novatel/oem7/inspva,/novatel/oem7/inspva,39.663,-75.756,-1.799579261,0.003576635,0.000285565,-0.002920864,0.002064188,0.000285565,,novatel_oem7_msgs.msg.InertialSolutionStatus(status=3),
1786043638347986248,1786043638.346149620,/novatel/oem7/fix,/novatel/oem7/fix,/novatel/oem7/inspva,39.663,-75.756,-1.799579261,0.003576635,0.000285565,-0.002920864,0.002064188,0.000285565,,0,
1786043638349067649,1786043638.346603578,/novatel/oem7/odom,/novatel/oem7/fix,/novatel/oem7/odom,39.663,-75.756,-1.799579261,0.003576709,0.000284641,0.001920753,-0.003017210,0.000284641,,,
1786043638356407431,1786043638.355743814,/novatel/oem7/odom,/novatel/oem7/fix,/novatel/oem7/odom,39.663,-75.756,-1.799579261,0.003576709,0.000284641,0.001920753,-0.003017210,0.000284641,,,
1786043638365851297,1786043638.365332722,/novatel/oem7/inspva,/novatel/oem7/inspva,/novatel/oem7/inspva,39.663,-75.756,-1.799584667,0.002399742,0.001587989,-0.001729279,0.001663838,0.001587989,,novatel_oem7_msgs.msg.InertialSolutionStatus(status=3),
1786043638367207943,1786043638.365496437,/novatel/oem7/fix,/novatel/oem7/fix,/novatel/oem7/inspva,39.663,-75.756,-1.799584667,0.002399742,0.001587989,-0.001729279,0.001663838,0.001587989,,0,
1786043638368320501,1786043638.366131203,/novatel/oem7/odom,/novatel/oem7/fix,/novatel/oem7/odom,39.663,-75.756,-1.799584667,0.002399106,0.001588949,0.001573277,-0.001811218,0.001588949,,,
1786043638376149561,1786043638.375499268,/novatel/oem7/odom,/novatel/oem7/fix,/novatel/oem7/odom,39.663,-75.756,-1.799584667,0.002399106,0.001588949,0.001573277,-0.001811218,0.001588949,,,
1786043638385849236,1786043638.385326528,/novatel/oem7/inspva,/novatel/oem7/inspva,/novatel/oem7/inspva,39.663,-75.756,-1.799611290,0.001276856,0.000336303,-0.001170352,0.000510526,0.000336303,,novatel_oem7_msgs.msg.InertialSolutionStatus(status=3),
1786043638387199849,1786043638.385482749,/novatel/oem7/fix,/novatel/oem7/fix,/novatel/oem7/inspva,39.663,-75.756,-1.799611290,0.001276856,0.000336303,-0.001170352,0.000510526,0.000336303,,0,
1786043638388284483,1786043638.385977000,/novatel/oem7/odom,/novatel/oem7/fix,/novatel/oem7/odom,39.663,-75.756,-1.799611290,0.001277238,0.000334846,0.000452619,-0.001194351,0.000334846,,,
1786043638395215068,1786043638.394563598,/novatel/oem7/odom,/novatel/oem7/fix,/novatel/oem7/odom,39.663,-75.756,-1.799611290,0.001277238,0.000334846,0.000452619,-0.001194351,0.000334846,,,
1786043638407803841,1786043638.407286959,/novatel/oem7/inspva,/novatel/oem7/inspva,/novatel/oem7/inspva,39.663,-75.756,-1.799637021,0.002247655,-0.001217967,-0.002243080,0.000143330,-0.001217967,,novatel_oem7_msgs.msg.InertialSolutionStatus(status=3),
1786043638409081077,1786043638.407448851,/novatel/oem7/fix,/novatel/oem7/fix,/novatel/oem7/inspva,39.663,-75.756,-1.799637021,0.002247655,-0.001217967,-0.002243080,0.000143330,-0.001217967,,0,
1786043638410101551,1786043638.407806578,/novatel/oem7/odom,/novatel/oem7/fix,/novatel/oem7/odom,39.663,-75.756,-1.799637021,0.002244581,-0.001223622,0.000039985,-0.002244225,-0.001223622,,,
1786043638411550831,1786043638.410280846,/novatel/oem7/bestpos,/novatel/oem7/bestpos,/novatel/oem7/odom,39.663,-75.756,33.182864993,0.002244581,-0.001223622,0.000039985,-0.002244225,-0.001223622,,novatel_oem7_msgs.msg.SolutionStatus(status=0),novatel_oem7_msgs.msg.PositionOrVelocityType(type=53)
1786043638412465044,1786043638.410627292,/novatel/oem7/bestvel,/novatel/oem7/bestpos,/novatel/oem7/bestvel,39.663,-75.756,33.182864993,0.003204064,-0.000050535,,,,206.081884281,novatel_oem7_msgs.msg.SolutionStatus(status=0),novatel_oem7_msgs.msg.PositionOrVelocityType(type=53)
1786043638415495956,1786043638.414849360,/novatel/oem7/odom,/novatel/oem7/bestpos,/novatel/oem7/odom,39.663,-75.756,33.182864993,0.002244581,-0.001223622,0.000039985,-0.002244225,-0.001223622,,,
1786043638425712750,1786043638.425203869,/novatel/oem7/inspva,/novatel/oem7/inspva,/novatel/oem7/inspva,39.663,-75.756,-1.799646459,0.003013477,-0.000161021,-0.002678244,0.001381323,-0.000161021,,novatel_oem7_msgs.msg.InertialSolutionStatus(status=3),
1786043638427013362,1786043638.425342516,/novatel/oem7/fix,/novatel/oem7/fix,/novatel/oem7/inspva,39.663,-75.756,-1.799646459,0.003013477,-0.000161021,-0.002678244,0.001381323,-0.000161021,,0,
1786043638428040019,1786043638.425785500,/novatel/oem7/odom,/novatel/oem7/fix,/novatel/oem7/odom,39.663,-75.756,-1.799646459,0.003013333,-0.000163699,0.001251894,-0.002740974,-0.000163699,,,
1786043638437916013,1786043638.437067701,/novatel/oem7/odom,/novatel/oem7/fix,/novatel/oem7/odom,39.663,-75.756,-1.799646459,0.003013333,-0.000163699,0.001251894,-0.002740974,-0.000163699,,,
1786043638446002689,1786043638.445400520,/novatel/oem7/inspva,/novatel/oem7/inspva,/novatel/oem7/inspva,39.663,-75.756,-1.799650248,0.002261408,0.001376159,-0.002022702,0.001011258,0.001376159,,novatel_oem7_msgs.msg.InertialSolutionStatus(status=3),
1786043638447544387,1786043638.445564474,/novatel/oem7/fix,/novatel/oem7/fix,/novatel/oem7/inspva,39.663,-75.756,-1.799650248,0.002261408,0.001376159,-0.002022702,0.001011258,0.001376159,,0,
1786043638448704629,1786043638.446105906,/novatel/oem7/odom,/novatel/oem7/fix,/novatel/oem7/odom,39.663,-75.756,-1.799650248,0.002262667,0.001374087,0.000908121,-0.002072433,0.001374087,,,
1786043638457145052,1786043638.456408951,/novatel/oem7/odom,/novatel/oem7/fix,/novatel/oem7/odom,39.663,-75.756,-1.799650248,0.002262667,0.001374087,0.000908121,-0.002072433,0.001374087,,,
1786043638466890060,1786043638.466265787,/novatel/oem7/inspva,/novatel/oem7/inspva,/novatel/oem7/inspva,39.663,-75.756,-1.799673538,0.001604555,0.000877985,-0.001338426,0.000884994,0.000877985,,novatel_oem7_msgs.msg.InertialSolutionStatus(status=3),
1786043638468606347,1786043638.466411135,/novatel/oem7/fix,/novatel/oem7/fix,/novatel/oem7/inspva,39.663,-75.756,-1.799673538,0.001604555,0.000877985,-0.001338426,0.000884994,0.000877985,,0,
1786043638469738961,1786043638.466737709,/novatel/oem7/odom,/novatel/oem7/fix,/novatel/oem7/odom,39.663,-75.756,-1.799673538,0.001604926,0.000877308,0.000816672,-0.001381606,0.000877308,,,
1786043638475096844,1786043638.474385083,/novatel/oem7/odom,/novatel/oem7/fix,/novatel/oem7/odom,39.663,-75.756,-1.799673538,0.001604926,0.000877308,0.000816672,-0.001381606,0.000877308,,,
1786043638485716921,1786043638.485105362,/novatel/oem7/inspva,/novatel/oem7/inspva,/novatel/oem7/inspva,39.663,-75.756,-1.799703679,0.001701966,-0.001369894,-0.001582019,0.000627615,-0.001369894,,novatel_oem7_msgs.msg.InertialSolutionStatus(status=3),
1786043638487246983,1786043638.485249413,/novatel/oem7/fix,/novatel/oem7/fix,/novatel/oem7/inspva,39.663,-75.756,-1.799703679,0.001701966,-0.001369894,-0.001582019,0.000627615,-0.001369894,,0,
1786043638488355247,1786043638.485695814,/novatel/oem7/odom,/novatel/oem7/fix,/novatel/oem7/odom,39.663,-75.756,-1.799703679,0.001700194,-0.001372093,0.000555924,-0.001606738,-0.001372093,,,
1786043638496312878,1786043638.495491953,/novatel/oem7/odom,/novatel/oem7/fix,/novatel/oem7/odom,39.663,-75.756,-1.799703679,0.001700194,-0.001372093,0.000555924,-0.001606738,-0.001372093,,,
1786043638506603646,1786043638.505974480,/novatel/oem7/inspva,/novatel/oem7/inspva,/novatel/oem7/inspva,39.663,-75.756,-1.799717438,0.002102009,-0.000742100,-0.002101985,0.000010094,-0.000742100,,novatel_oem7_msgs.msg.InertialSolutionStatus(status=3),
1786043638508055763,1786043638.506128625,/novatel/oem7/fix,/novatel/oem7/fix,/novatel/oem7/inspva,39.663,-75.756,-1.799717438,0.002102009,-0.000742100,-0.002101985,0.000010094,-0.000742100,,0,
1786043638509182021,1786043638.506538952,/novatel/oem7/odom,/novatel/oem7/fix,/novatel/oem7/odom,39.663,-75.756,-1.799717438,0.002099970,-0.000747851,-0.000088042,-0.002098123,-0.000747851,,,
1786043638511900141,1786043638.511272228,/novatel/oem7/bestpos,/novatel/oem7/bestpos,/novatel/oem7/odom,39.663,-75.756,33.182781496,0.002099970,-0.000747851,-0.000088042,-0.002098123,-0.000747851,,novatel_oem7_msgs.msg.SolutionStatus(status=0),novatel_oem7_msgs.msg.PositionOrVelocityType(type=53)
1786043638513333408,1786043638.512132756,/novatel/oem7/bestvel,/novatel/oem7/bestpos,/novatel/oem7/bestvel,39.663,-75.756,33.182781496,0.003036495,0.000340241,,,,208.757458748,novatel_oem7_msgs.msg.SolutionStatus(status=0),novatel_oem7_msgs.msg.PositionOrVelocityType(type=53)
1786043638515316548,1786043638.514640631,/novatel/oem7/odom,/novatel/oem7/bestpos,/novatel/oem7/odom,39.663,-75.756,33.182781496,0.002099970,-0.000747851,-0.000088042,-0.002098123,-0.000747851,,,
1786043638527175604,1786043638.526602625,/novatel/oem7/inspva,/novatel/oem7/inspva,/novatel/oem7/inspva,39.663,-75.756,-1.799709824,0.002781550,0.001855978,-0.002020396,0.001911811,0.001855978,,novatel_oem7_msgs.msg.InertialSolutionStatus(status=3),
1786043638528538324,1786043638.526787794,/novatel/oem7/fix,/novatel/oem7/fix,/novatel/oem7/inspva,39.663,-75.756,-1.799709824,0.002781550,0.001855978,-0.002020396,0.001911811,0.001855978,,0,
1786043638529618995,1786043638.527247678,/novatel/oem7/odom,/novatel/oem7/fix,/novatel/oem7/odom,39.663,-75.756,-1.799709824,0.002780920,0.001856921,0.001806135,-0.002114567,0.001856921,,,
1786043638535646134,1786043638.534935940,/novatel/oem7/odom,/novatel/oem7/fix,/novatel/oem7/odom,39.663,-75.756,-1.799709824,0.002780920,0.001856921,0.001806135,-0.002114567,0.001856921,,,
1786043638545607685,1786043638.545027369,/novatel/oem7/inspva,/novatel/oem7/inspva,/novatel/oem7/inspva,39.663,-75.756,-1.799732991,0.001764297,0.000958599,-0.001561069,0.000822075,0.000958599,,novatel_oem7_msgs.msg.InertialSolutionStatus(status=3),
1786043638546984855,1786043638.545235898,/novatel/oem7/fix,/novatel/oem7/fix,/novatel/oem7/inspva,39.663,-75.756,-1.799732991,0.001764297,0.000958599,-0.001561069,0.000822075,0.000958599,,0,
1786043638548057402,1786043638.545530424,/novatel/oem7/odom,/novatel/oem7/fix,/novatel/oem7/odom,39.663,-75.756,-1.799732991,0.001765090,0.000957136,0.000742824,-0.001601174,0.000957136,,,
1786043638556670220,1786043638.555995223,/novatel/oem7/odom,/novatel/oem7/fix,/novatel/oem7/odom,39.663,-75.756,-1.799732991,0.001765090,0.000957136,0.000742824,-0.001601174,0.000957136,,,
1786043638565867047,1786043638.565184206,/novatel/oem7/inspva,/novatel/oem7/inspva,/novatel/oem7/inspva,39.663,-75.756,-1.799769022,0.000614022,-0.001565595,-0.000604258,-0.000109064,-0.001565595,,novatel_oem7_msgs.msg.InertialSolutionStatus(status=3),
1786043638567407875,1786043638.565384845,/novatel/oem7/fix,/novatel/oem7/fix,/novatel/oem7/inspva,39.663,-75.756,-1.799769022,0.000614022,-0.001565595,-0.000604258,-0.000109064,-0.001565595,,0,
1786043638568648200,1786043638.565906477,/novatel/oem7/odom,/novatel/oem7/fix,/novatel/oem7/odom,39.663,-75.756,-1.799769022,0.000608825,-0.001567623,-0.000132366,-0.000594262,-0.001567623,,,
1786043638575532068,1786043638.574830918,/novatel/oem7/odom,/novatel/oem7/fix,/novatel/oem7/odom,39.663,-75.756,-1.799769022,0.000608825,-0.001567623,-0.000132366,-0.000594262,-0.001567623,,,
1786043638585825469,1786043638.585248817,/novatel/oem7/inspva,/novatel/oem7/inspva,/novatel/oem7/inspva,39.663,-75.756,-1.799786670,0.001996464,-0.000869078,-0.001735392,0.000987058,-0.000869078,,novatel_oem7_msgs.msg.InertialSolutionStatus(status=3),
1786043638587288247,1786043638.585474359,/novatel/oem7/fix,/novatel/oem7/fix,/novatel/oem7/inspva,39.663,-75.756,-1.799786670,0.001996464,-0.000869078,-0.001735392,0.000987058,-0.000869078,,0,
1786043638588496622,1786043638.585778332,/novatel/oem7/odom,/novatel/oem7/fix,/novatel/oem7/odom,39.663,-75.756,-1.799786670,0.001995831,-0.000870532,0.000905801,-0.001778444,-0.000870532,,,
1786043638595128997,1786043638.594391749,/novatel/oem7/odom,/novatel/oem7/fix,/novatel/oem7/odom,39.663,-75.756,-1.799786670,0.001995831,-0.000870532,0.000905801,-0.001778444,-0.000870532,,,
1786043638607068870,1786043638.606519515,/novatel/oem7/inspva,/novatel/oem7/inspva,/novatel/oem7/inspva,39.663,-75.756,-1.799779692,0.002963192,0.001486415,-0.002600826,0.001419935,0.001486415,,novatel_oem7_msgs.msg.InertialSolutionStatus(status=3),
1786043638608642956,1786043638.606723107,/novatel/oem7/fix,/novatel/oem7/fix,/novatel/oem7/inspva,39.663,-75.756,-1.799779692,0.002963192,0.001486415,-0.002600826,0.001419935,0.001486415,,0,
1786043638609835844,1786043638.607258155,/novatel/oem7/odom,/novatel/oem7/fix,/novatel/oem7/odom,39.663,-75.756,-1.799779692,0.002964390,0.001484025,0.001288322,-0.002669801,0.001484025,,,
1786043638611493250,1786043638.610179821,/novatel/oem7/bestpos,/novatel/oem7/bestpos,/novatel/oem7/odom,39.663,-75.756,33.182698599,0.002964390,0.001484025,0.001288322,-0.002669801,0.001484025,,novatel_oem7_msgs.msg.SolutionStatus(status=0),novatel_oem7_msgs.msg.PositionOrVelocityType(type=53)
1786043638612519064,1786043638.610579971,/novatel/oem7/bestvel,/novatel/oem7/bestpos,/novatel/oem7/bestvel,39.663,-75.756,33.182698599,0.003136932,0.001295306,,,,145.541483565,novatel_oem7_msgs.msg.SolutionStatus(status=0),novatel_oem7_msgs.msg.PositionOrVelocityType(type=53)
1786043638616773382,1786043638.615063569,/novatel/oem7/odom,/novatel/oem7/bestpos,/novatel/oem7/odom,39.663,-75.756,33.182698599,0.002964390,0.001484025,0.001288322,-0.002669801,0.001484025,,,
1786043638626041386,1786043638.625073577,/novatel/oem7/inspva,/novatel/oem7/inspva,/novatel/oem7/inspva,39.663,-75.756,-1.799798152,0.002013563,0.001404459,-0.001798782,0.000904886,0.001404459,,novatel_oem7_msgs.msg.InertialSolutionStatus(status=3),
1786043638627631158,1786043638.625278235,/novatel/oem7/fix,/novatel/oem7/fix,/novatel/oem7/inspva,39.663,-75.756,-1.799798152,0.002013563,0.001404459,-0.001798782,0.000904886,0.001404459,,0,
1786043638628791037,1786043638.625713989,/novatel/oem7/odom,/novatel/oem7/fix,/novatel/oem7/odom,39.663,-75.756,-1.799798152,0.002014901,0.001402537,0.000812639,-0.001843758,0.001402537,,,
1786043638635600840,1786043638.634749105,/novatel/oem7/odom,/novatel/oem7/fix,/novatel/oem7/odom,39.663,-75.756,-1.799798152,0.002014901,0.001402537,0.000812639,-0.001843758,0.001402537,,,
1786043638647467993,1786043638.646731718,/novatel/oem7/inspva,/novatel/oem7/inspva,/novatel/oem7/inspva,39.663,-75.756,-1.799833185,0.000009490,-0.001307010,-0.000006266,-0.000007128,-0.001307010,,novatel_oem7_msgs.msg.InertialSolutionStatus(status=3),
1786043638649062708,1786043638.646895531,/novatel/oem7/fix,/novatel/oem7/fix,/novatel/oem7/inspva,39.663,-75.756,-1.799833185,0.000009490,-0.001307010,-0.000006266,-0.000007128,-0.001307010,,0,
1786043638650297890,1786043638.647417066,/novatel/oem7/odom,/novatel/oem7/fix,/novatel/oem7/odom,39.663,-75.756,-1.799833185,0.000003757,-0.001307039,-0.000002777,-0.000002531,-0.001307039,,,
1786043638657060367,1786043638.656280513,/novatel/oem7/odom,/novatel/oem7/fix,/novatel/oem7/odom,39.663,-75.756,-1.799833185,0.000003757,-0.001307039,-0.000002777,-0.000002531,-0.001307039,,,
1786043638665687218,1786043638.665069401,/novatel/oem7/inspva,/novatel/oem7/inspva,/novatel/oem7/inspva,39.663,-75.756,-1.799850126,0.001154875,-0.001262203,-0.001067260,0.000441241,-0.001262203,,novatel_oem7_msgs.msg.InertialSolutionStatus(status=3),
1786043638667177729,1786043638.665148692,/novatel/oem7/fix,/novatel/oem7/fix,/novatel/oem7/inspva,39.663,-75.756,-1.799850126,0.001154875,-0.001262203,-0.001067260,0.000441241,-0.001262203,,0,
1786043638668351127,1786043638.665585967,/novatel/oem7/odom,/novatel/oem7/fix,/novatel/oem7/odom,39.663,-75.756,-1.799850126,0.001153270,-0.001263671,0.000394041,-0.001083865,-0.001263671,,,
1786043638676471200,1786043638.675712456,/novatel/oem7/odom,/novatel/oem7/fix,/novatel/oem7/odom,39.663,-75.756,-1.799850126,0.001153270,-0.001263671,0.000394041,-0.001083865,-0.001263671,,,
1786043638686110335,1786043638.685453739,/novatel/oem7/inspva,/novatel/oem7/inspva,/novatel/oem7/inspva,39.663,-75.756,-1.799847691,0.003113253,0.001075305,-0.002348852,0.002043340,0.001075305,,novatel_oem7_msgs.msg.InertialSolutionStatus(status=3),
1786043638687715121,1786043638.685616926,/novatel/oem7/fix,/novatel/oem7/fix,/novatel/oem7/inspva,39.663,-75.756,-1.799847691,0.003113253,0.001075305,-0.002348852,0.002043340,0.001075305,,0,
1786043638688903602,1786043638.686365207,/novatel/oem7/odom,/novatel/oem7/fix,/novatel/oem7/odom,39.663,-75.756,-1.799847691,0.003113117,0.001075698,0.001924605,-0.002446915,0.001075698,,,
1786043638695954085,1786043638.695153197,/novatel/oem7/odom,/novatel/oem7/fix,/novatel/oem7/odom,39.663,-75.756,-1.799847691,0.003113117,0.001075698,0.001924605,-0.002446915,0.001075698,,,
1786043638706725127,1786043638.705986023,/novatel/oem7/inspva,/novatel/oem7/inspva,/novatel/oem7/inspva,39.663,-75.756,-1.799869576,0.001751706,0.000973912,-0.001682027,0.000489142,0.000973912,,novatel_oem7_msgs.msg.InertialSolutionStatus(status=3),
1786043638708193621,1786043638.706137077,/novatel/oem7/fix,/novatel/oem7/fix,/novatel/oem7/inspva,39.663,-75.756,-1.799869576,0.001751706,0.000973912,-0.001682027,0.000489142,0.000973912,,0,
1786043638709364439,1786043638.706594696,/novatel/oem7/odom,/novatel/oem7/fix,/novatel/oem7/odom,39.663,-75.756,-1.799869576,0.001753397,0.000970864,0.000404509,-0.001706099,0.000970864,,,
1786043638711126176,1786043638.709659116,/novatel/oem7/bestpos,/novatel/oem7/bestpos,/novatel/oem7/odom,39.663,-75.756,33.182603817,0.001753397,0.000970864,0.000404509,-0.001706099,0.000970864,,novatel_oem7_msgs.msg.SolutionStatus(status=0),novatel_oem7_msgs.msg.PositionOrVelocityType(type=53)
1786043638712174337,1786043638.710284528,/novatel/oem7/bestvel,/novatel/oem7/bestpos,/novatel/oem7/bestvel,39.663,-75.756,33.182603817,0.001485447,0.000384087,,,,138.274385940,novatel_oem7_msgs.msg.SolutionStatus(status=0),novatel_oem7_msgs.msg.PositionOrVelocityType(type=53)
1786043638715206886,1786043638.714402509,/novatel/oem7/odom,/novatel/oem7/bestpos,/novatel/oem7/odom,39.663,-75.756,33.182603817,0.001753397,0.000970864,0.000404509,-0.001706099,0.000970864,,,
1786043638725995909,1786043638.725197491,/novatel/oem7/inspva,/novatel/oem7/inspva,/novatel/oem7/inspva,39.663,-75.756,-1.799906121,0.000544886,-0.000943915,0.000363179,-0.000406203,-0.000943915,,novatel_oem7_msgs.msg.InertialSolutionStatus(status=3),
1786043638727506517,1786043638.725356926,/novatel/oem7/fix,/novatel/oem7/fix,/novatel/oem7/inspva,39.663,-75.756,-1.799906121,0.000544886,-0.000943915,0.000363179,-0.000406203,-0.000943915,,0,
1786043638728663932,1786043638.725768640,/novatel/oem7/odom,/novatel/oem7/fix,/novatel/oem7/odom,39.663,-75.756,-1.799906121,0.000544256,-0.000944279,-0.000384993,0.000384701,-0.000944279,,,
1786043638736176786,1786043638.735384428,/novatel/oem7/odom,/novatel/oem7/fix,/novatel/oem7/odom,39.663,-75.756,-1.799906121,0.000544256,-0.000944279,-0.000384993,0.000384701,-0.000944279,,,
1786043638745724362,1786043638.744936264,/novatel/oem7/inspva,/novatel/oem7/inspva,/novatel/oem7/inspva,39.663,-75.756,-1.799936527,0.000526651,-0.002022814,-0.000411487,-0.000328694,-0.002022814,,novatel_oem7_msgs.msg.InertialSolutionStatus(status=3),
1786043638747186113,1786043638.745019712,/novatel/oem7/fix,/novatel/oem7/fix,/novatel/oem7/inspva,39.663,-75.756,-1.799936527,0.000526651,-0.002022814,-0.000411487,-0.000328694,-0.002022814,,0,
1786043638748393718,1786043638.745514947,/novatel/oem7/odom,/novatel/oem7/fix,/novatel/oem7/odom,39.663,-75.756,-1.799936527,0.000517910,-0.002025069,-0.000340846,-0.000389942,-0.002025069,,,
1786043638756519331,1786043638.755692597,/novatel/oem7/odom,/novatel/oem7/fix,/novatel/oem7/odom,39.663,-75.756,-1.799936527,0.000517910,-0.002025069,-0.000340846,-0.000389942,-0.002025069,,,
1786043638767482608,1786043638.766614140,/novatel/oem7/inspva,/novatel/oem7/inspva,/novatel/oem7/inspva,39.663,-75.756,-1.799942545,0.001412133,0.000349025,-0.001409167,-0.000091472,0.000349025,,novatel_oem7_msgs.msg.InertialSolutionStatus(status=3),
1786043638769059051,1786043638.766709032,/novatel/oem7/fix,/novatel/oem7/fix,/novatel/oem7/inspva,39.663,-75.756,-1.799942545,0.001412133,0.000349025,-0.001409167,-0.000091472,0.000349025,,0,
1786043638770281146,1786043638.767141605,/novatel/oem7/odom,/novatel/oem7/fix,/novatel/oem7/odom,39.663,-75.756,-1.799942545,0.001413179,0.000344762,-0.000160089,-0.001404083,0.000344762,,,
1786043638775698363,1786043638.774870638,/novatel/oem7/odom,/novatel/oem7/fix,/novatel/oem7/odom,39.663,-75.756,-1.799942545,0.001413179,0.000344762,-0.000160089,-0.001404083,0.000344762,,,
1786043638785806662,1786043638.785012964,/novatel/oem7/inspva,/novatel/oem7/inspva,/novatel/oem7/inspva,39.663,-75.756,-1.799987638,0.001235605,-0.000289392,-0.000772824,0.000964087,-0.000289392,,novatel_oem7_msgs.msg.InertialSolutionStatus(status=3),
1786043638787343783,1786043638.785118353,/novatel/oem7/fix,/novatel/oem7/fix,/novatel/oem7/inspva,39.663,-75.756,-1.799987638,0.001235605,-0.000289392,-0.000772824,0.000964087,-0.000289392,,0,
1786043638788548109,1786043638.785516119,/novatel/oem7/odom,/novatel/oem7/fix,/novatel/oem7/odom,39.663,-75.756,-1.799987638,0.001235862,-0.000288294,0.000926981,-0.000817350,-0.000288294,,,
1786043638796246694,1786043638.795457986,/novatel/oem7/odom,/novatel/oem7/fix,/novatel/oem7/odom,39.663,-75.756,-1.799987638,0.001235862,-0.000288294,0.000926981,-0.000817350,-0.000288294,,,
1786043638807251108,1786043638.806472828,/novatel/oem7/inspva,/novatel/oem7/inspva,/novatel/oem7/inspva,39.663,-75.756,-1.800024416,0.000982596,-0.000548104,0.000494296,-0.000849215,-0.000548104,,novatel_oem7_msgs.msg.InertialSolutionStatus(status=3),
1786043638808785943,1786043638.806557820,/novatel/oem7/fix,/novatel/oem7/fix,/novatel/oem7/inspva,39.663,-75.756,-1.800024416,0.000982596,-0.000548104,0.000494296,-0.000849215,-0.000548104,,0,
1786043638810023235,1786043638.807099990,/novatel/oem7/odom,/novatel/oem7/fix,/novatel/oem7/odom,39.663,-75.756,-1.800024416,0.000981750,-0.000549617,-0.000822614,0.000535854,-0.000549617,,,
1786043638811702029,1786043638.810264528,/novatel/oem7/bestpos,/novatel/oem7/bestpos,/novatel/oem7/odom,39.663,-75.756,33.182452707,0.000981750,-0.000549617,-0.000822614,0.000535854,-0.000549617,,novatel_oem7_msgs.msg.SolutionStatus(status=0),novatel_oem7_msgs.msg.PositionOrVelocityType(type=53)
1786043638812791052,1786043638.810636048,/novatel/oem7/bestvel,/novatel/oem7/bestpos,/novatel/oem7/bestvel,39.663,-75.756,33.182452707,0.000861000,-0.001352204,,,,29.698509434,novatel_oem7_msgs.msg.SolutionStatus(status=0),novatel_oem7_msgs.msg.PositionOrVelocityType(type=53)
1786043638815986911,1786043638.815160849,/novatel/oem7/odom,/novatel/oem7/bestpos,/novatel/oem7/odom,39.663,-75.756,33.182452707,0.000981750,-0.000549617,-0.000822614,0.000535854,-0.000549617,,,
1786043638827004529,1786043638.826288298,/novatel/oem7/inspva,/novatel/oem7/inspva,/novatel/oem7/inspva,39.663,-75.756,-1.800065497,0.001210650,-0.001420565,0.000581853,-0.001061660,-0.001420565,,novatel_oem7_msgs.msg.InertialSolutionStatus(status=3),
1786043638828495066,1786043638.826369635,/novatel/oem7/fix,/novatel/oem7/fix,/novatel/oem7/inspva,39.663,-75.756,-1.800065497,0.001210650,-0.001420565,0.000581853,-0.001061660,-0.001420565,,0,
1786043638829613727,1786043638.826852570,/novatel/oem7/odom,/novatel/oem7/fix,/novatel/oem7/odom,39.663,-75.756,-1.800065497,0.001208361,-0.001422513,-0.001027595,0.000635756,-0.001422513,,,
1786043638835336237,1786043638.834548026,/novatel/oem7/odom,/novatel/oem7/fix,/novatel/oem7/odom,39.663,-75.756,-1.800065497,0.001208361,-0.001422513,-0.001027595,0.000635756,-0.001422513,,,
1786043638846122086,1786043638.845387702,/novatel/oem7/inspva,/novatel/oem7/inspva,/novatel/oem7/inspva,39.663,-75.756,-1.800091810,0.001473827,-0.001042309,-0.001428868,0.000361252,-0.001042309,,novatel_oem7_msgs.msg.InertialSolutionStatus(status=3),
1786043638847673348,1786043638.845561037,/novatel/oem7/fix,/novatel/oem7/fix,/novatel/oem7/inspva,39.663,-75.756,-1.800091810,0.001473827,-0.001042309,-0.001428868,0.000361252,-0.001042309,,0,
1786043638848864253,1786043638.846186240,/novatel/oem7/odom,/novatel/oem7/fix,/novatel/oem7/odom,39.663,-75.756,-1.800091810,0.001471848,-0.001045102,0.000296043,-0.001441768,-0.001045102,,,
1786043638857135234,1786043638.856312926,/novatel/oem7/odom,/novatel/oem7/fix,/novatel/oem7/odom,39.663,-75.756,-1.800091810,0.001471848,-0.001045102,0.000296043,-0.001441768,-0.001045102,,,
1786043638865918570,1786043638.865119855,/novatel/oem7/inspva,/novatel/oem7/inspva,/novatel/oem7/inspva,39.663,-75.756,-1.800125027,0.001036275,-0.000545986,-0.000951815,0.000409774,-0.000545986,,novatel_oem7_msgs.msg.InertialSolutionStatus(status=3),
1786043638867449602,1786043638.865202787,/novatel/oem7/fix,/novatel/oem7/fix,/novatel/oem7/inspva,39.663,-75.756,-1.800125027,0.001036275,-0.000545986,-0.000951815,0.000409774,-0.000545986,,0,
1786043638868668127,1786043638.865736008,/novatel/oem7/odom,/novatel/oem7/fix,/novatel/oem7/odom,39.663,-75.756,-1.800125027,0.001035595,-0.000547274,0.000365644,-0.000968897,-0.000547274,,,
1786043638875333785,1786043638.874540587,/novatel/oem7/odom,/novatel/oem7/fix,/novatel/oem7/odom,39.663,-75.756,-1.800125027,0.001035595,-0.000547274,0.000365644,-0.000968897,-0.000547274,,,
1786043638887605546,1786043638.886801038,/novatel/oem7/inspva,/novatel/oem7/inspva,/novatel/oem7/inspva,39.663,-75.756,-1.800149945,0.000579061,0.000161803,0.000246841,0.000523814,0.000161803,,novatel_oem7_msgs.msg.InertialSolutionStatus(status=3),
1786043638889159711,1786043638.886915940,/novatel/oem7/fix,/novatel/oem7/fix,/novatel/oem7/inspva,39.663,-75.756,-1.800149945,0.000579061,0.000161803,0.000246841,0.000523814,0.000161803,,0,
1786043638890340249,1786043638.887839692,/novatel/oem7/odom,/novatel/oem7/fix,/novatel/oem7/odom,39.663,-75.756,-1.800149945,0.000578371,0.000164254,0.000534468,0.000221036,0.000164254,,,
1786043638895685818,1786043638.894885441,/novatel/oem7/odom,/novatel/oem7/fix,/novatel/oem7/odom,39.663,-75.756,-1.800149945,0.000578371,0.000164254,0.000534468,0.000221036,0.000164254,,,
1786043638906662479,1786043638.905878435,/novatel/oem7/inspva,/novatel/oem7/inspva,/novatel/oem7/inspva,39.663,-75.756,-1.800173379,0.001283220,0.000155606,0.001068637,-0.000710401,0.000155606,,novatel_oem7_msgs.msg.InertialSolutionStatus(status=3),
1786043638908203117,1786043638.906028383,/novatel/oem7/fix,/novatel/oem7/fix,/novatel/oem7/inspva,39.663,-75.756,-1.800173379,0.001283220,0.000155606,0.001068637,-0.000710401,0.000155606,,0,
1786043638909393733,1786043638.906489131,/novatel/oem7/odom,/novatel/oem7/fix,/novatel/oem7/odom,39.663,-75.756,-1.800173379,0.001283151,0.000156179,-0.000658968,0.001101017,0.000156179,,,
1786043638911117540,1786043638.909353491,/novatel/oem7/bestpos,/novatel/oem7/bestpos,/novatel/oem7/odom,39.663,-75.756,33.182308381,0.001283151,0.000156179,-0.000658968,0.001101017,0.000156179,,novatel_oem7_msgs.msg.SolutionStatus(status=0),novatel_oem7_msgs.msg.PositionOrVelocityType(type=53)
1786043638912170050,1786043638.909816637,/novatel/oem7/bestvel,/novatel/oem7/bestpos,/novatel/oem7/bestvel,39.663,-75.756,33.182308381,0.001590741,-0.000720450,,,,65.271170051,novatel_oem7_msgs.msg.SolutionStatus(status=0),novatel_oem7_msgs.msg.PositionOrVelocityType(type=53)
1786043638916418408,1786043638.915478175,/novatel/oem7/odom,/novatel/oem7/bestpos,/novatel/oem7/odom,39.663,-75.756,33.182308381,0.001283151,0.000156179,-0.000658968,0.001101017,0.000156179,,,
1786043638926050992,1786043638.925291199,/novatel/oem7/inspva,/novatel/oem7/inspva,/novatel/oem7/inspva,39.663,-75.756,-1.800211150,0.001043059,-0.002365394,-0.001041669,-0.000053842,-0.002365394,,novatel_oem7_msgs.msg.InertialSolutionStatus(status=3),
1786043638927712285,1786043638.925466716,/novatel/oem7/fix,/novatel/oem7/fix,/novatel/oem7/inspva,39.663,-75.756,-1.800211150,0.001043059,-0.002365394,-0.001041669,-0.000053842,-0.002365394,,0,
1786043638928963401,1786043638.925993455,/novatel/oem7/odom,/novatel/oem7/fix,/novatel/oem7/odom,39.663,-75.756,-1.800211150,0.001036056,-0.002368469,-0.000095386,-0.001031656,-0.002368469,,,
1786043638935665963,1786043638.934855248,/novatel/oem7/odom,/novatel/oem7/fix,/novatel/oem7/odom,39.663,-75.756,-1.800211150,0.001036056,-0.002368469,-0.000095386,-0.001031656,-0.002368469,,,
1786043638946700125,1786043638.946054155,/novatel/oem7/inspva,/novatel/oem7/inspva,/novatel/oem7/inspva,39.663,-75.756,-1.800237641,0.000985072,-0.000935799,-0.000924329,0.000340562,-0.000935799,,novatel_oem7_msgs.msg.InertialSolutionStatus(status=3),
1786043638948197279,1786043638.946202263,/novatel/oem7/fix,/novatel/oem7/fix,/novatel/oem7/inspva,39.663,-75.756,-1.800237641,0.000985072,-0.000935799,-0.000924329,0.000340562,-0.000935799,,0,
1786043638949340710,1786043638.946595894,/novatel/oem7/odom,/novatel/oem7/fix,/novatel/oem7/odom,39.663,-75.756,-1.800237641,0.000983687,-0.000937255,0.000299183,-0.000937086,-0.000937255,,,
1786043638956692023,1786043638.955909245,/novatel/oem7/odom,/novatel/oem7/fix,/novatel/oem7/odom,39.663,-75.756,-1.800237641,0.000983687,-0.000937255,0.000299183,-0.000937086,-0.000937255,,,
1786043638966247323,1786043638.965486429,/novatel/oem7/inspva,/novatel/oem7/inspva,/novatel/oem7/inspva,39.663,-75.756,-1.800261420,0.000945981,0.000049878,0.000182271,0.000928255,0.000049878,,novatel_oem7_msgs.msg.InertialSolutionStatus(status=3),
1786043638967796025,1786043638.965590570,/novatel/oem7/fix,/novatel/oem7/fix,/novatel/oem7/inspva,39.663,-75.756,-1.800261420,0.000945981,0.000049878,0.000182271,0.000928255,0.000049878,,0,
1786043638968973530,1786043638.966032548,/novatel/oem7/odom,/novatel/oem7/fix,/novatel/oem7/odom,39.663,-75.756,-1.800261420,0.000945781,0.000053531,0.000935740,0.000137455,0.000053531,,,
1786043638976340579,1786043638.975554697,/novatel/oem7/odom,/novatel/oem7/fix,/novatel/oem7/odom,39.663,-75.756,-1.800261420,0.000945781,0.000053531,0.000935740,0.000137455,0.000053531,,,
1786043638985630803,1786043638.984984088,/novatel/oem7/inspva,/novatel/oem7/inspva,/novatel/oem7/inspva,39.663,-75.756,-1.800292186,0.001116565,-0.000054002,0.001013370,-0.000468827,-0.000054002,,novatel_oem7_msgs.msg.InertialSolutionStatus(status=3),
1786043638987193108,1786043638.985067357,/novatel/oem7/fix,/novatel/oem7/fix,/novatel/oem7/inspva,39.663,-75.756,-1.800292186,0.001116565,-0.000054002,0.001013370,-0.000468827,-0.000054002,,0,
1786043638988347459,1786043638.985526739,/novatel/oem7/odom,/novatel/oem7/fix,/novatel/oem7/odom,39.663,-75.756,-1.800292186,0.001116626,-0.000052735,-0.000419572,0.001034801,-0.000052735,,,
1786043638995150769,1786043638.994410562,/novatel/oem7/odom,/novatel/oem7/fix,/novatel/oem7/odom,39.663,-75.756,-1.800292186,0.001116626,-0.000052735,-0.000419572,0.001034801,-0.000052735,,,
1786043639010846717,1786043639.010175403,/novatel/oem7/inspva,/novatel/oem7/inspva,/novatel/oem7/inspva,39.663,-75.756,-1.800344322,0.000103727,-0.003394971,-0.000061074,-0.000083841,-0.003394971,,novatel_oem7_msgs.msg.InertialSolutionStatus(status=3),
1786043639012576167,1786043639.010322708,/novatel/oem7/fix,/novatel/oem7/fix,/novatel/oem7/inspva,39.663,-75.756,-1.800344322,0.000103727,-0.003394971,-0.000061074,-0.000083841,-0.003394971,,0,
1786043639013788162,1786043639.011660058,/novatel/oem7/odom,/novatel/oem7/fix,/novatel/oem7/odom,39.663,-75.756,-1.800344322,0.000088864,-0.003395393,-0.000074791,-0.000047989,-0.003395393,,,
1786043639016291170,1786043639.015532739,/novatel/oem7/odom,/novatel/oem7/fix,/novatel/oem7/odom,39.663,-75.756,-1.800344322,0.000088864,-0.003395393,-0.000074791,-0.000047989,-0.003395393,,,
1786043639027284731,1786043639.026549864,/novatel/oem7/bestpos,/novatel/oem7/bestpos,/novatel/oem7/odom,39.663,-75.756,33.182148127,0.000088864,-0.003395393,-0.000074791,-0.000047989,-0.003395393,,novatel_oem7_msgs.msg.SolutionStatus(status=0),novatel_oem7_msgs.msg.PositionOrVelocityType(type=53)
1786043639029096436,1786043639.027113526,/novatel/oem7/bestvel,/novatel/oem7/bestpos,/novatel/oem7/bestvel,39.663,-75.756,33.182148127,0.001040656,-0.002666637,,,,223.038746193,novatel_oem7_msgs.msg.SolutionStatus(status=0),novatel_oem7_msgs.msg.PositionOrVelocityType(type=53)
1786043639030061258,1786043639.027592777,/novatel/oem7/inspva,/novatel/oem7/inspva,/novatel/oem7/inspva,39.663,-75.756,-1.800375695,0.001078261,-0.002343260,-0.001025806,0.000332218,-0.002343260,,novatel_oem7_msgs.msg.InertialSolutionStatus(status=3),
1786043639030997444,1786043639.027782269,/novatel/oem7/fix,/novatel/oem7/fix,/novatel/oem7/inspva,39.663,-75.756,-1.800375695,0.001078261,-0.002343260,-0.001025806,0.000332218,-0.002343260,,0,
1786043639032067445,1786043639.028185147,/novatel/oem7/odom,/novatel/oem7/fix,/novatel/oem7/odom,39.663,-75.756,-1.800375695,0.001074416,-0.002345026,0.000290929,-0.001034278,-0.002345026,,,
1786043639036344640,1786043639.035595566,/novatel/oem7/odom,/novatel/oem7/fix,/novatel/oem7/odom,39.663,-75.756,-1.800375695,0.001074416,-0.002345026,0.000290929,-0.001034278,-0.002345026,,,
1786043639046024348,1786043639.045471689,/novatel/oem7/inspva,/novatel/oem7/inspva,/novatel/oem7/inspva,39.663,-75.756,-1.800361955,0.001027594,0.000305937,-0.000059604,0.001025864,0.000305937,,novatel_oem7_msgs.msg.InertialSolutionStatus(status=3),
1786043639047788669,1786043639.045660961,/novatel/oem7/fix,/novatel/oem7/fix,/novatel/oem7/inspva,39.663,-75.756,-1.800361955,0.001027594,0.000305937,-0.000059604,0.001025864,0.000305937,,0,
1786043639049209773,1786043639.046267817,/novatel/oem7/odom,/novatel/oem7/fix,/novatel/oem7/odom,39.663,-75.756,-1.800361955,0.001026603,0.000309246,0.001020749,-0.000109480,0.000309246,,,
1786043639057295698,1786043639.056486894,/novatel/oem7/odom,/novatel/oem7/fix,/novatel/oem7/odom,39.663,-75.756,-1.800361955,0.001026603,0.000309246,0.001020749,-0.000109480,0.000309246,,,
1786043639066897916,1786043639.066208983,/novatel/oem7/inspva,/novatel/oem7/inspva,/novatel/oem7/inspva,39.663,-75.756,-1.800352036,0.000701236,0.000461415,0.000329421,-0.000619043,0.000461415,,novatel_oem7_msgs.msg.InertialSolutionStatus(status=3),
1786043639068484105,1786043639.066413031,/novatel/oem7/fix,/novatel/oem7/fix,/novatel/oem7/inspva,39.663,-75.756,-1.800352036,0.000701236,0.000461415,0.000329421,-0.000619043,0.000461415,,0,
1786043639069693417,1786043639.066829472,/novatel/oem7/odom,/novatel/oem7/fix,/novatel/oem7/odom,39.663,-75.756,-1.800352036,0.000702012,0.000460233,-0.000604194,0.000357452,0.000460233,,,
1786043639075392489,1786043639.074635538,/novatel/oem7/odom,/novatel/oem7/fix,/novatel/oem7/odom,39.663,-75.756,-1.800352036,0.000702012,0.000460233,-0.000604194,0.000357452,0.000460233,,,
1786043639085967503,1786043639.085370393,/novatel/oem7/inspva,/novatel/oem7/inspva,/novatel/oem7/inspva,39.663,-75.756,-1.800361285,0.001110585,-0.002878050,0.000074097,-0.001108111,-0.002878050,,novatel_oem7_msgs.msg.InertialSolutionStatus(status=3),
1786043639087433971,1786043639.085585239,/novatel/oem7/fix,/novatel/oem7/fix,/novatel/oem7/inspva,39.663,-75.756,-1.800361285,0.001110585,-0.002878050,0.000074097,-0.001108111,-0.002878050,,0,
1786043639088602039,1786043639.086156078,/novatel/oem7/odom,/novatel/oem7/fix,/novatel/oem7/odom,39.663,-75.756,-1.800361285,0.001101551,-0.002881519,-0.001093284,0.000134701,-0.002881519,,,
1786043639096316685,1786043639.095624284,/novatel/oem7/odom,/novatel/oem7/fix,/novatel/oem7/odom,39.663,-75.756,-1.800361285,0.001101551,-0.002881519,-0.001093284,0.000134701,-0.002881519,,,
1786043639106823167,1786043639.106056403,/novatel/oem7/inspva,/novatel/oem7/inspva,/novatel/oem7/inspva,39.663,-75.756,-1.800345667,0.000795008,-0.002572166,-0.000790942,0.000080297,-0.002572166,,novatel_oem7_msgs.msg.InertialSolutionStatus(status=3),
1786043639108301552,1786043639.106251855,/novatel/oem7/fix,/novatel/oem7/fix,/novatel/oem7/inspva,39.663,-75.756,-1.800345667,0.000795008,-0.002572166,-0.000790942,0.000080297,-0.002572166,,0,
1786043639109541404,1786043639.106617738,/novatel/oem7/odom,/novatel/oem7/fix,/novatel/oem7/odom,39.663,-75.756,-1.800345667,0.000788657,-0.002574120,0.000051348,-0.000786983,-0.002574120,,,
1786043639111087479,1786043639.109103816,/novatel/oem7/bestpos,/novatel/oem7/bestpos,/novatel/oem7/odom,39.663,-75.756,33.182170973,0.000788657,-0.002574120,0.000051348,-0.000786983,-0.002574120,,novatel_oem7_msgs.msg.SolutionStatus(status=0),novatel_oem7_msgs.msg.PositionOrVelocityType(type=53)
1786043639112057002,1786043639.109545437,/novatel/oem7/bestvel,/novatel/oem7/bestpos,/novatel/oem7/bestvel,39.663,-75.756,33.182170973,0.000654099,-0.002500571,,,,206.136071663,novatel_oem7_msgs.msg.SolutionStatus(status=0),novatel_oem7_msgs.msg.PositionOrVelocityType(type=53)
1786043639115293984,1786043639.114584997,/novatel/oem7/odom,/novatel/oem7/bestpos,/novatel/oem7/odom,39.663,-75.756,33.182170973,0.000788657,-0.002574120,0.000051348,-0.000786983,-0.002574120,,,
1786043639127773883,1786043639.127231978,/novatel/oem7/inspva,/novatel/oem7/inspva,/novatel/oem7/inspva,39.663,-75.756,-1.800313350,0.001251046,0.000669052,-0.001249133,0.000069172,0.000669052,,novatel_oem7_msgs.msg.InertialSolutionStatus(status=3),
1786043639129130106,1786043639.127408579,/novatel/oem7/fix,/novatel/oem7/fix,/novatel/oem7/inspva,39.663,-75.756,-1.800313350,0.001251046,0.000669052,-0.001249133,0.000069172,0.000669052,,0,
1786043639130221553,1786043639.127829897,/novatel/oem7/odom,/novatel/oem7/fix,/novatel/oem7/odom,39.663,-75.756,-1.800313350,0.001252831,0.000665705,0.000006969,-0.001252812,0.000665705,,,
1786043639136024297,1786043639.135348977,/novatel/oem7/odom,/novatel/oem7/fix,/novatel/oem7/odom,39.663,-75.756,-1.800313350,0.001252831,0.000665705,0.000006969,-0.001252812,0.000665705,,,
1786043639145820783,1786043639.145269837,/novatel/oem7/inspva,/novatel/oem7/inspva,/novatel/oem7/inspva,39.663,-75.756,-1.800308289,0.000584416,0.000578550,-0.000475139,-0.000340272,0.000578550,,novatel_oem7_msgs.msg.InertialSolutionStatus(status=3),
1786043639147199816,1786043639.145453899,/novatel/oem7/fix,/novatel/oem7/fix,/novatel/oem7/inspva,39.663,-75.756,-1.800308289,0.000584416,0.000578550,-0.000475139,-0.000340272,0.000578550,,0,
1786043639148312550,1786043639.145850210,/novatel/oem7/odom,/novatel/oem7/fix,/novatel/oem7/odom,39.663,-75.756,-1.800308289,0.000586886,0.000576045,-0.000364651,-0.000459852,0.000576045,,,
1786043639156630469,1786043639.155939545,/novatel/oem7/odom,/novatel/oem7/fix,/novatel/oem7/odom,39.663,-75.756,-1.800308289,0.000586886,0.000576045,-0.000364651,-0.000459852,0.000576045,,,
1786043639166078558,1786043639.165526900,/novatel/oem7/inspva,/novatel/oem7/inspva,/novatel/oem7/inspva,39.663,-75.756,-1.800317829,0.002148888,-0.002333288,0.000309995,-0.002126411,-0.002333288,,novatel_oem7_msgs.msg.InertialSolutionStatus(status=3),
1786043639167483772,1786043639.165609349,/novatel/oem7/fix,/novatel/oem7/fix,/novatel/oem7/inspva,39.663,-75.756,-1.800317829,0.002148888,-0.002333288,0.000309995,-0.002126411,-0.002333288,,0,
1786043639168555482,1786043639.166487235,/novatel/oem7/odom,/novatel/oem7/fix,/novatel/oem7/odom,39.663,-75.756,-1.800317829,0.002141997,-0.002339616,-0.002100901,0.000417569,-0.002339616,,,
1786043639175405306,1786043639.174709983,/novatel/oem7/odom,/novatel/oem7/fix,/novatel/oem7/odom,39.663,-75.756,-1.800317829,0.002141997,-0.002339616,-0.002100901,0.000417569,-0.002339616,,,
1786043639186880038,1786043639.186256672,/novatel/oem7/inspva,/novatel/oem7/inspva,/novatel/oem7/inspva,39.663,-75.756,-1.800311574,0.000327152,-0.002931687,0.000229829,-0.000232824,-0.002931687,,novatel_oem7_msgs.msg.InertialSolutionStatus(status=3),
1786043639188233145,1786043639.186410764,/novatel/oem7/fix,/novatel/oem7/fix,/novatel/oem7/inspva,39.663,-75.756,-1.800311574,0.000327152,-0.002931687,0.000229829,-0.000232824,-0.002931687,,0,
1786043639189279716,1786043639.186855678,/novatel/oem7/odom,/novatel/oem7/fix,/novatel/oem7/odom,39.663,-75.756,-1.800311574,0.000326185,-0.002931794,-0.000211295,0.000248498,-0.002931794,,,
1786043639195552110,1786043639.194824153,/novatel/oem7/odom,/novatel/oem7/fix,/novatel/oem7/odom,39.663,-75.756,-1.800311574,0.000326185,-0.002931794,-0.000211295,0.000248498,-0.002931794,,,
1786043639207031226,1786043639.206436400,/novatel/oem7/inspva,/novatel/oem7/inspva,/novatel/oem7/inspva,39.663,-75.756,-1.800302781,0.002353535,-0.000903272,-0.002034836,0.001182611,-0.000903272,,novatel_oem7_msgs.msg.InertialSolutionStatus(status=3),
1786043639208444110,1786043639.206606222,/novatel/oem7/fix,/novatel/oem7/fix,/novatel/oem7/inspva,39.663,-75.756,-1.800302781,0.002353535,-0.000903272,-0.002034836,0.001182611,-0.000903272,,0,
1786043639209687466,1786043639.207189827,/novatel/oem7/odom,/novatel/oem7/fix,/novatel/oem7/odom,39.663,-75.756,-1.800302781,0.002352855,-0.000905043,0.001087101,-0.002086657,-0.000905043,,,
1786043639211955954,1786043639.210904184,/novatel/oem7/bestpos,/novatel/oem7/bestpos,/novatel/oem7/odom,39.663,-75.756,33.182187946,0.002352855,-0.000905043,0.001087101,-0.002086657,-0.000905043,,novatel_oem7_msgs.msg.SolutionStatus(status=0),novatel_oem7_msgs.msg.PositionOrVelocityType(type=53)
1786043639212925257,1786043639.211047395,/novatel/oem7/bestvel,/novatel/oem7/bestpos,/novatel/oem7/bestvel,39.663,-75.756,33.182187946,0.001771440,-0.001438458,,,,133.100776465,novatel_oem7_msgs.msg.SolutionStatus(status=0),novatel_oem7_msgs.msg.PositionOrVelocityType(type=53)
1786043639216256563,1786043639.215542383,/novatel/oem7/odom,/novatel/oem7/bestpos,/novatel/oem7/odom,39.663,-75.756,33.182187946,0.002352855,-0.000905043,0.001087101,-0.002086657,-0.000905043,,,
1786043639225772173,1786043639.225186512,/novatel/oem7/inspva,/novatel/oem7/inspva,/novatel/oem7/inspva,39.663,-75.756,-1.800299496,0.001058086,-0.000303875,-0.000934639,0.000495980,-0.000303875,,novatel_oem7_msgs.msg.InertialSolutionStatus(status=3),
1786043639227188323,1786043639.225276635,/novatel/oem7/fix,/novatel/oem7/fix,/novatel/oem7/inspva,39.663,-75.756,-1.800299496,0.001058086,-0.000303875,-0.000934639,0.000495980,-0.000303875,,0,
1786043639228287964,1786043639.225797020,/novatel/oem7/odom,/novatel/oem7/fix,/novatel/oem7/odom,39.663,-75.756,-1.800299496,0.001057807,-0.000304844,0.000451766,-0.000956485,-0.000304844,,,
1786043639235285600,1786043639.234573949,/novatel/oem7/odom,/novatel/oem7/fix,/novatel/oem7/odom,39.663,-75.756,-1.800299496,0.001057807,-0.000304844,0.000451766,-0.000956485,-0.000304844,,,
1786043639247277590,1786043639.246700331,/novatel/oem7/inspva,/novatel/oem7/inspva,/novatel/oem7/inspva,39.663,-75.756,-1.800314990,0.001676792,-0.001751880,0.000982961,-0.001358461,-0.001751880,,novatel_oem7_msgs.msg.InertialSolutionStatus(status=3),
1786043639248656011,1786043639.246852830,/novatel/oem7/fix,/novatel/oem7/fix,/novatel/oem7/inspva,39.663,-75.756,-1.800314990,0.001676792,-0.001751880,0.000982961,-0.001358461,-0.001751880,,0,
1786043639249691311,1786043639.247718474,/novatel/oem7/odom,/novatel/oem7/fix,/novatel/oem7/odom,39.663,-75.756,-1.800314990,0.001674870,-0.001753717,-0.001303679,0.001051480,-0.001753717,,,
1786043639257209704,1786043639.256535105,/novatel/oem7/odom,/novatel/oem7/fix,/novatel/oem7/odom,39.663,-75.756,-1.800314990,0.001674870,-0.001753717,-0.001303679,0.001051480,-0.001753717,,,
1786043639265679844,1786043639.265064921,/novatel/oem7/inspva,/novatel/oem7/inspva,/novatel/oem7/inspva,39.663,-75.756,-1.800313967,0.001211089,-0.002694028,0.000688030,-0.000996670,-0.002694028,,novatel_oem7_msgs.msg.InertialSolutionStatus(status=3),
1786043639267013191,1786043639.265252060,/novatel/oem7/fix,/novatel/oem7/fix,/novatel/oem7/inspva,39.663,-75.756,-1.800313967,0.001211089,-0.002694028,0.000688030,-0.000996670,-0.002694028,,0,
1786043639268053141,1786043639.265679894,/novatel/oem7/odom,/novatel/oem7/fix,/novatel/oem7/odom,39.663,-75.756,-1.800313967,0.001207914,-0.002695453,-0.000953105,0.000742056,-0.002695453,,,
1786043639276333405,1786043639.275645332,/novatel/oem7/odom,/novatel/oem7/fix,/novatel/oem7/odom,39.663,-75.756,-1.800313967,0.001207914,-0.002695453,-0.000953105,0.000742056,-0.002695453,,,
1786043639286154108,1786043639.285559829,/novatel/oem7/inspva,/novatel/oem7/inspva,/novatel/oem7/inspva,39.663,-75.756,-1.800312615,0.001355975,-0.001434496,-0.001337005,0.000226022,-0.001434496,,novatel_oem7_msgs.msg.InertialSolutionStatus(status=3),
1786043639287539485,1786043639.285762287,/novatel/oem7/fix,/novatel/oem7/fix,/novatel/oem7/inspva,39.663,-75.756,-1.800312615,0.001355975,-0.001434496,-0.001337005,0.000226022,-0.001434496,,0,
1786043639288580382,1786043639.286578859,/novatel/oem7/odom,/novatel/oem7/fix,/novatel/oem7/odom,39.663,-75.756,-1.800312615,0.001352790,-0.001437500,0.000166875,-0.001342458,-0.001437500,,,
1786043639295781622,1786043639.295087873,/novatel/oem7/odom,/novatel/oem7/fix,/novatel/oem7/odom,39.663,-75.756,-1.800312615,0.001352790,-0.001437500,0.000166875,-0.001342458,-0.001437500,,,
1786043639306467590,1786043639.305860638,/novatel/oem7/inspva,/novatel/oem7/inspva,/novatel/oem7/inspva,39.663,-75.756,-1.800308161,0.001616182,-0.000486110,-0.001473409,0.000664163,-0.000486110,,novatel_oem7_msgs.msg.InertialSolutionStatus(status=3),
1786043639307817317,1786043639.306022190,/novatel/oem7/fix,/novatel/oem7/fix,/novatel/oem7/inspva,39.663,-75.756,-1.800308161,0.001616182,-0.000486110,-0.001473409,0.000664163,-0.000486110,,0,
1786043639308853257,1786043639.306526898,/novatel/oem7/odom,/novatel/oem7/fix,/novatel/oem7/odom,39.663,-75.756,-1.800308161,0.001615602,-0.000488037,0.000594623,-0.001502196,-0.000488037,,,
1786043639310741082,1786043639.309892921,/novatel/oem7/bestpos,/novatel/oem7/bestpos,/novatel/oem7/odom,39.663,-75.756,33.182194030,0.001615602,-0.000488037,0.000594623,-0.001502196,-0.000488037,,novatel_oem7_msgs.msg.SolutionStatus(status=0),novatel_oem7_msgs.msg.PositionOrVelocityType(type=53)
1786043639312160790,1786043639.310741696,/novatel/oem7/bestvel,/novatel/oem7/bestpos,/novatel/oem7/bestvel,39.663,-75.756,33.182194030,0.001232527,-0.000170866,,,,191.580015452,novatel_oem7_msgs.msg.SolutionStatus(status=0),novatel_oem7_msgs.msg.PositionOrVelocityType(type=53)
1786043639315519176,1786043639.314812309,/novatel/oem7/odom,/novatel/oem7/bestpos,/novatel/oem7/odom,39.663,-75.756,33.182194030,0.001615602,-0.000488037,0.000594623,-0.001502196,-0.000488037,,,
1786043639325983368,1786043639.325365785,/novatel/oem7/inspva,/novatel/oem7/inspva,/novatel/oem7/inspva,39.663,-75.756,-1.800306124,0.001466923,-0.000197494,0.000091250,-0.001464082,-0.000197494,,novatel_oem7_msgs.msg.InertialSolutionStatus(status=3),
1786043639327342329,1786043639.325591941,/novatel/oem7/fix,/novatel/oem7/fix,/novatel/oem7/inspva,39.663,-75.756,-1.800306124,0.001466923,-0.000197494,0.000091250,-0.001464082,-0.000197494,,0,
1786043639328382872,1786043639.326222411,/novatel/oem7/odom,/novatel/oem7/fix,/novatel/oem7/odom,39.663,-75.756,-1.800306124,0.001466267,-0.000202304,-0.001457323,0.000161709,-0.000202304,,,
1786043639336338330,1786043639.335640733,/novatel/oem7/odom,/novatel/oem7/fix,/novatel/oem7/odom,39.663,-75.756,-1.800306124,0.001466267,-0.000202304,-0.001457323,0.000161709,-0.000202304,,,
1786043639346635151,1786043639.345997585,/novatel/oem7/inspva,/novatel/oem7/inspva,/novatel/oem7/inspva,39.663,-75.756,-1.800315922,0.001550832,-0.001862320,0.000315785,-0.001518341,-0.001862320,,novatel_oem7_msgs.msg.InertialSolutionStatus(status=3),
1786043639348024874,1786043639.346172666,/novatel/oem7/fix,/novatel/oem7/fix,/novatel/oem7/inspva,39.663,-75.756,-1.800315922,0.001550832,-0.001862320,0.000315785,-0.001518341,-0.001862320,,0,
1786043639349103442,1786043639.346642544,/novatel/oem7/odom,/novatel/oem7/fix,/novatel/oem7/odom,39.663,-75.756,-1.800315922,0.001545704,-0.001866578,-0.001494912,0.000392987,-0.001866578,,,
1786043639356471317,1786043639.355735547,/novatel/oem7/odom,/novatel/oem7/fix,/novatel/oem7/odom,39.663,-75.756,-1.800315922,0.001545704,-0.001866578,-0.001494912,0.000392987,-0.001866578,,,
1786043639367163649,1786043639.366588896,/novatel/oem7/inspva,/novatel/oem7/inspva,/novatel/oem7/inspva,39.663,-75.756,-1.800317788,0.001782254,-0.001879894,-0.001729613,-0.000429961,-0.001879894,,novatel_oem7_msgs.msg.InertialSolutionStatus(status=3),
1786043639368556913,1786043639.366740908,/novatel/oem7/fix,/novatel/oem7/fix,/novatel/oem7/inspva,39.663,-75.756,-1.800317788,0.001782254,-0.001879894,-0.001729613,-0.000429961,-0.001879894,,0,
1786043639369646659,1786043639.367464678,/novatel/oem7/odom,/novatel/oem7/fix,/novatel/oem7/odom,39.663,-75.756,-1.800317788,0.001775539,-0.001886237,-0.000505565,-0.001702040,-0.001886237,,,
1786043639376216864,1786043639.375517367,/novatel/oem7/odom,/novatel/oem7/fix,/novatel/oem7/odom,39.663,-75.756,-1.800317788,0.001775539,-0.001886237,-0.000505565,-0.001702040,-0.001886237,,,
1786043639385579962,1786043639.384982387,/novatel/oem7/inspva,/novatel/oem7/inspva,/novatel/oem7/inspva,39.663,-75.756,-1.800311493,0.001644773,-0.001119694,-0.001536251,-0.000587548,-0.001119694,,novatel_oem7_msgs.msg.InertialSolutionStatus(status=3),
1786043639386936553,1786043639.385131811,/novatel/oem7/fix,/novatel/oem7/fix,/novatel/oem7/inspva,39.663,-75.756,-1.800311493,0.001644773,-0.001119694,-0.001536251,-0.000587548,-0.001119694,,0,
1786043639387982089,1786043639.385549685,/novatel/oem7/odom,/novatel/oem7/fix,/novatel/oem7/odom,39.663,-75.756,-1.800311493,0.001640452,-0.001126015,-0.000656355,-0.001503423,-0.001126015,,,
1786043639396084115,1786043639.395360915,/novatel/oem7/odom,/novatel/oem7/fix,/novatel/oem7/odom,39.663,-75.756,-1.800311493,0.001640452,-0.001126015,-0.000656355,-0.001503423,-0.001126015,,,
1786043639406914262,1786043639.406321576,/novatel/oem7/inspva,/novatel/oem7/inspva,/novatel/oem7/inspva,39.663,-75.756,-1.800316175,0.000705597,-0.000647393,-0.000246043,-0.000661309,-0.000647393,,novatel_oem7_msgs.msg.InertialSolutionStatus(status=3),
1786043639408289495,1786043639.406489914,/novatel/oem7/fix,/novatel/oem7/fix,/novatel/oem7/inspva,39.663,-75.756,-1.800316175,0.000705597,-0.000647393,-0.000246043,-0.000661309,-0.000647393,,0,
1786043639409337985,1786043639.407149867,/novatel/oem7/odom,/novatel/oem7/fix,/novatel/oem7/odom,39.663,-75.756,-1.800316175,0.000702880,-0.000650342,-0.000670011,-0.000212428,-0.000650342,,,
1786043639410909964,1786043639.410015082,/novatel/oem7/bestpos,/novatel/oem7/bestpos,/novatel/oem7/odom,39.663,-75.756,33.182184350,0.000702880,-0.000650342,-0.000670011,-0.000212428,-0.000650342,,novatel_oem7_msgs.msg.SolutionStatus(status=0),novatel_oem7_msgs.msg.PositionOrVelocityType(type=53)
1786043639412305308,1786043639.410493630,/novatel/oem7/bestvel,/novatel/oem7/bestpos,/novatel/oem7/bestvel,39.663,-75.756,33.182184350,0.000610787,-0.000670286,,,,207.986574118,novatel_oem7_msgs.msg.SolutionStatus(status=0),novatel_oem7_msgs.msg.PositionOrVelocityType(type=53)
1786043639416028238,1786043639.415330221,/novatel/oem7/odom,/novatel/oem7/bestpos,/novatel/oem7/odom,39.663,-75.756,33.182184350,0.000702880,-0.000650342,-0.000670011,-0.000212428,-0.000650342,,,
1786043639426623072,1786043639.426004142,/novatel/oem7/inspva,/novatel/oem7/inspva,/novatel/oem7/inspva,39.663,-75.756,-1.800331333,0.001155087,-0.001122882,0.000357693,-0.001098308,-0.001122882,,novatel_oem7_msgs.msg.InertialSolutionStatus(status=3),
1786043639427961548,1786043639.426163210,/novatel/oem7/fix,/novatel/oem7/fix,/novatel/oem7/inspva,39.663,-75.756,-1.800331333,0.001155087,-0.001122882,0.000357693,-0.001098308,-0.001122882,,0,
1786043639428998681,1786043639.426495180,/novatel/oem7/odom,/novatel/oem7/fix,/novatel/oem7/odom,39.663,-75.756,-1.800331333,0.001152406,-0.001125633,-0.001075940,0.000412787,-0.001125633,,,
1786043639435251502,1786043639.434572309,/novatel/oem7/odom,/novatel/oem7/fix,/novatel/oem7/odom,39.663,-75.756,-1.800331333,0.001152406,-0.001125633,-0.001075940,0.000412787,-0.001125633,,,
1786043639445819673,1786043639.445235650,/novatel/oem7/inspva,/novatel/oem7/inspva,/novatel/oem7/inspva,39.663,-75.756,-1.800361280,0.001672546,-0.003389458,-0.001253108,-0.001107759,-0.003389458,,novatel_oem7_msgs.msg.InertialSolutionStatus(status=3),
1786043639447156416,1786043639.445379205,/novatel/oem7/fix,/novatel/oem7/fix,/novatel/oem7/inspva,39.663,-75.756,-1.800361280,0.001672546,-0.003389458,-0.001253108,-0.001107759,-0.003389458,,0,
1786043639448201446,1786043639.445885474,/novatel/oem7/odom,/novatel/oem7/fix,/novatel/oem7/odom,39.663,-75.756,-1.800361280,0.001657821,-0.003396684,-0.001154529,-0.001189721,-0.003396684,,,
1786043639457075230,1786043639.456390740,/novatel/oem7/odom,/novatel/oem7/fix,/novatel/oem7/odom,39.663,-75.756,-1.800361280,0.001657821,-0.003396684,-0.001154529,-0.001189721,-0.003396684,,,
1786043639465709565,1786043639.465140915,/novatel/oem7/inspva,/novatel/oem7/inspva,/novatel/oem7/inspva,39.663,-75.756,-1.800359815,0.001200534,-0.002110133,-0.001005914,-0.000655302,-0.002110133,,novatel_oem7_msgs.msg.InertialSolutionStatus(status=3),
1786043639467046444,1786043639.465280584,/novatel/oem7/fix,/novatel/oem7/fix,/novatel/oem7/inspva,39.663,-75.756,-1.800359815,0.001200534,-0.002110133,-0.001005914,-0.000655302,-0.002110133,,0,
1786043639468086358,1786043639.465701375,/novatel/oem7/odom,/novatel/oem7/fix,/novatel/oem7/odom,39.663,-75.756,-1.800359815,0.001191673,-0.002115151,-0.000695231,-0.000967852,-0.002115151,,,
1786043639475209431,1786043639.474528917,/novatel/oem7/odom,/novatel/oem7/fix,/novatel/oem7/odom,39.663,-75.756,-1.800359815,0.001191673,-0.002115151,-0.000695231,-0.000967852,-0.002115151,,,
1786043639485816548,1786043639.485253513,/novatel/oem7/inspva,/novatel/oem7/inspva,/novatel/oem7/inspva,39.663,-75.756,-1.800363173,0.000676576,-0.000594079,-0.000391823,-0.000551570,-0.000594079,,novatel_oem7_msgs.msg.InertialSolutionStatus(status=3),
1786043639487147565,1786043639.485393448,/novatel/oem7/fix,/novatel/oem7/fix,/novatel/oem7/inspva,39.663,-75.756,-1.800363173,0.000676576,-0.000594079,-0.000391823,-0.000551570,-0.000594079,,0,
1786043639488188565,1786043639.485792852,/novatel/oem7/odom,/novatel/oem7/fix,/novatel/oem7/odom,39.663,-75.756,-1.800363173,0.000673944,-0.000597063,-0.000567562,-0.000363421,-0.000597063,,,
1786043639496126169,1786043639.495433916,/novatel/oem7/odom,/novatel/oem7/fix,/novatel/oem7/odom,39.663,-75.756,-1.800363173,0.000673944,-0.000597063,-0.000567562,-0.000363421,-0.000597063,,,
1786043639506597439,1786043639.505999446,/novatel/oem7/inspva,/novatel/oem7/inspva,/novatel/oem7/inspva,39.663,-75.756,-1.800378705,0.000328413,-0.000859435,-0.000104562,-0.000311323,-0.000859435,,novatel_oem7_msgs.msg.InertialSolutionStatus(status=3),
1786043639507943122,1786043639.506169834,/novatel/oem7/fix,/novatel/oem7/fix,/novatel/oem7/inspva,39.663,-75.756,-1.800378705,0.000328413,-0.000859435,-0.000104562,-0.000311323,-0.000859435,,0,
1786043639508978712,1786043639.506601472,/novatel/oem7/odom,/novatel/oem7/fix,/novatel/oem7/odom,39.663,-75.756,-1.800378705,0.000324882,-0.000860776,-0.000312941,-0.000087269,-0.000860776,,,
1786043639512019422,1786043639.511404286,/novatel/oem7/bestpos,/novatel/oem7/bestpos,/novatel/oem7/odom,39.663,-75.756,33.182122725,0.000324882,-0.000860776,-0.000312941,-0.000087269,-0.000860776,,novatel_oem7_msgs.msg.SolutionStatus(status=0),novatel_oem7_msgs.msg.PositionOrVelocityType(type=53)
1786043639513488783,1786043639.512257957,/novatel/oem7/bestvel,/novatel/oem7/bestpos,/novatel/oem7/bestvel,39.663,-75.756,33.182122725,0.000912285,-0.001384393,,,,337.051947646,novatel_oem7_msgs.msg.SolutionStatus(status=0),novatel_oem7_msgs.msg.PositionOrVelocityType(type=53)
1786043639515463995,1786043639.514520996,/novatel/oem7/odom,/novatel/oem7/bestpos,/novatel/oem7/odom,39.663,-75.756,33.182122725,0.000324882,-0.000860776,-0.000312941,-0.000087269,-0.000860776,,,
1786043639527067722,1786043639.526493907,/novatel/oem7/inspva,/novatel/oem7/inspva,/novatel/oem7/inspva,39.663,-75.756,-1.800400571,0.001026975,-0.002383904,0.000259927,-0.000993536,-0.002383904,,novatel_oem7_msgs.msg.InertialSolutionStatus(status=3),
1786043639528407029,1786043639.526648418,/novatel/oem7/fix,/novatel/oem7/fix,/novatel/oem7/inspva,39.663,-75.756,-1.800400571,0.001026975,-0.002383904,0.000259927,-0.000993536,-0.002383904,,0,
1786043639529472900,1786043639.527115827,/novatel/oem7/odom,/novatel/oem7/fix,/novatel/oem7/odom,39.663,-75.756,-1.800400571,0.001020899,-0.002386513,-0.000971586,0.000313456,-0.002386513,,,
1786043639535690901,1786043639.534983170,/novatel/oem7/odom,/novatel/oem7/fix,/novatel/oem7/odom,39.663,-75.756,-1.800400571,0.001020899,-0.002386513,-0.000971586,0.000313456,-0.002386513,,,
1786043639545625761,1786043639.545033258,/novatel/oem7/inspva,/novatel/oem7/inspva,/novatel/oem7/inspva,39.663,-75.756,-1.800399252,0.001206267,-0.002291066,-0.000553516,-0.001071774,-0.002291066,,novatel_oem7_msgs.msg.InertialSolutionStatus(status=3),
1786043639547023595,1786043639.545194694,/novatel/oem7/fix,/novatel/oem7/fix,/novatel/oem7/inspva,39.663,-75.756,-1.800399252,0.001206267,-0.002291066,-0.000553516,-0.001071774,-0.002291066,,0,
1786043639548077858,1786043639.545719819,/novatel/oem7/odom,/novatel/oem7/fix,/novatel/oem7/odom,39.663,-75.756,-1.800399252,0.001196423,-0.002296222,-0.001088963,-0.000495567,-0.002296222,,,
1786043639556653999,1786043639.555917885,/novatel/oem7/odom,/novatel/oem7/fix,/novatel/oem7/odom,39.663,-75.756,-1.800399252,0.001196423,-0.002296222,-0.001088963,-0.000495567,-0.002296222,,,
1786043639565966547,1786043639.565344611,/novatel/oem7/inspva,/novatel/oem7/inspva,/novatel/oem7/inspva,39.663,-75.756,-1.800383760,0.001395092,0.000344269,-0.001171258,0.000757916,0.000344269,,novatel_oem7_msgs.msg.InertialSolutionStatus(status=3),
1786043639567325664,1786043639.565523683,/novatel/oem7/fix,/novatel/oem7/fix,/novatel/oem7/inspva,39.663,-75.756,-1.800383760,0.001395092,0.000344269,-0.001171258,0.000757916,0.000344269,,0,
1786043639568381524,1786043639.566053428,/novatel/oem7/odom,/novatel/oem7/fix,/novatel/oem7/odom,39.663,-75.756,-1.800383760,0.001395271,0.000343544,0.000699830,-0.001207070,0.000343544,,,
1786043639575548724,1786043639.574833440,/novatel/oem7/odom,/novatel/oem7/fix,/novatel/oem7/odom,39.663,-75.756,-1.800383760,0.001395271,0.000343544,0.000699830,-0.001207070,0.000343544,,,
1786043639586622753,1786043639.586018047,/novatel/oem7/inspva,/novatel/oem7/inspva,/novatel/oem7/inspva,39.663,-75.756,-1.800394688,0.001187402,-0.000535896,-0.001162333,-0.000242706,-0.000535896,,novatel_oem7_msgs.msg.InertialSolutionStatus(status=3),
1786043639588007930,1786043639.586174245,/novatel/oem7/fix,/novatel/oem7/fix,/novatel/oem7/inspva,39.663,-75.756,-1.800394688,0.001187402,-0.000535896,-0.001162333,-0.000242706,-0.000535896,,0,
1786043639589070320,1786043639.586670500,/novatel/oem7/odom,/novatel/oem7/fix,/novatel/oem7/odom,39.663,-75.756,-1.800394688,0.001185545,-0.000539992,-0.000296067,-0.001147981,-0.000539992,,,
1786043639595260721,1786043639.594395146,/novatel/oem7/odom,/novatel/oem7/fix,/novatel/oem7/odom,39.663,-75.756,-1.800394688,0.001185545,-0.000539992,-0.000296067,-0.001147981,-0.000539992,,,
1786043639606979902,1786043639.606387670,/novatel/oem7/inspva,/novatel/oem7/inspva,/novatel/oem7/inspva,39.663,-75.756,-1.800419391,0.001654122,-0.002408649,0.000716264,-0.001491001,-0.002408649,,novatel_oem7_msgs.msg.InertialSolutionStatus(status=3),
1786043639608357089,1786043639.606559078,/novatel/oem7/fix,/novatel/oem7/fix,/novatel/oem7/inspva,39.663,-75.756,-1.800419391,0.001654122,-0.002408649,0.000716264,-0.001491001,-0.002408649,,0,
1786043639609454457,1786043639.607362883,/novatel/oem7/odom,/novatel/oem7/fix,/novatel/oem7/odom,39.663,-75.756,-1.800419391,0.001649708,-0.002411674,-0.001446564,0.000793087,-0.002411674,,,
1786043639611437403,1786043639.610396816,/novatel/oem7/bestpos,/novatel/oem7/bestpos,/novatel/oem7/odom,39.663,-75.756,33.182078849,0.001649708,-0.002411674,-0.001446564,0.000793087,-0.002411674,,novatel_oem7_msgs.msg.SolutionStatus(status=0),novatel_oem7_msgs.msg.PositionOrVelocityType(type=53)
1786043639612874050,1786043639.610971071,/novatel/oem7/bestvel,/novatel/oem7/bestpos,/novatel/oem7/bestvel,39.663,-75.756,33.182078849,0.002422628,-0.002007523,,,,287.962736127,novatel_oem7_msgs.msg.SolutionStatus(status=0),novatel_oem7_msgs.msg.PositionOrVelocityType(type=53)
1786043639616152385,1786043639.615473222,/novatel/oem7/odom,/novatel/oem7/bestpos,/novatel/oem7/odom,39.663,-75.756,33.182078849,0.001649708,-0.002411674,-0.001446564,0.000793087,-0.002411674,,,
1786043639625689759,1786043639.625101180,/novatel/oem7/inspva,/novatel/oem7/inspva,/novatel/oem7/inspva,39.663,-75.756,-1.800422040,0.001242944,-0.002401387,-0.000826131,-0.000928664,-0.002401387,,novatel_oem7_msgs.msg.InertialSolutionStatus(status=3),
1786043639627049726,1786043639.625255681,/novatel/oem7/fix,/novatel/oem7/fix,/novatel/oem7/inspva,39.663,-75.756,-1.800422040,0.001242944,-0.002401387,-0.000826131,-0.000928664,-0.002401387,,0,
1786043639628091172,1786043639.625726456,/novatel/oem7/odom,/novatel/oem7/fix,/novatel/oem7/odom,39.663,-75.756,-1.800422040,0.001232301,-0.002406866,-0.000958557,-0.000774426,-0.002406866,,,
1786043639635317237,1786043639.634612586,/novatel/oem7/odom,/novatel/oem7/fix,/novatel/oem7/odom,39.663,-75.756,-1.800422040,0.001232301,-0.002406866,-0.000958557,-0.000774426,-0.002406866,,,
1786043639647176783,1786043639.646591000,/novatel/oem7/inspva,/novatel/oem7/inspva,/novatel/oem7/inspva,39.663,-75.756,-1.800413099,0.001477573,-0.000430739,-0.001463310,-0.000204812,-0.000430739,,novatel_oem7_msgs.msg.InertialSolutionStatus(status=3),
1786043639648567940,1786043639.646761269,/novatel/oem7/fix,/novatel/oem7/fix,/novatel/oem7/inspva,39.663,-75.756,-1.800413099,0.001477573,-0.000430739,-0.001463310,-0.000204812,-0.000430739,,0,
1786043639649619250,1786043639.647300234,/novatel/oem7/odom,/novatel/oem7/fix,/novatel/oem7/odom,39.663,-75.756,-1.800413099,0.001476160,-0.000435557,-0.000272991,-0.001450698,-0.000435557,,,
1786043639657158827,1786043639.656468777,/novatel/oem7/odom,/novatel/oem7/fix,/novatel/oem7/odom,39.663,-75.756,-1.800413099,0.001476160,-0.000435557,-0.000272991,-0.001450698,-0.000435557,,,
1786043639665902343,1786043639.665110712,/novatel/oem7/inspva,/novatel/oem7/inspva,/novatel/oem7/inspva,39.663,-75.756,-1.800428235,0.001494516,-0.000343861,-0.001494113,-0.000034730,-0.000343861,,novatel_oem7_msgs.msg.InertialSolutionStatus(status=3),
1786043639667449248,1786043639.665340364,/novatel/oem7/fix,/novatel/oem7/fix,/novatel/oem7/inspva,39.663,-75.756,-1.800428235,0.001494516,-0.000343861,-0.001494113,-0.000034730,-0.000343861,,0,
1786043639668644747,1786043639.665702901,/novatel/oem7/odom,/novatel/oem7/fix,/novatel/oem7/odom,39.663,-75.756,-1.800428235,0.001493515,-0.000348183,-0.000104902,-0.001489827,-0.000348183,,,
1786043639675486547,1786043639.674746803,/novatel/oem7/odom,/novatel/oem7/fix,/novatel/oem7/odom,39.663,-75.756,-1.800428235,0.001493515,-0.000348183,-0.000104902,-0.001489827,-0.000348183,,,
1786043639686040657,1786043639.685415788,/novatel/oem7/inspva,/novatel/oem7/inspva,/novatel/oem7/inspva,39.663,-75.756,-1.800456503,0.001200872,-0.001976918,0.000529415,-0.001077874,-0.001976918,,novatel_oem7_msgs.msg.InertialSolutionStatus(status=3),
1786043639687608456,1786043639.685648433,/novatel/oem7/fix,/novatel/oem7/fix,/novatel/oem7/inspva,39.663,-75.756,-1.800456503,0.001200872,-0.001976918,0.000529415,-0.001077874,-0.001976918,,0,
1786043639688770204,1786043639.686201816,/novatel/oem7/odom,/novatel/oem7/fix,/novatel/oem7/odom,39.663,-75.756,-1.800456503,0.001197281,-0.001979095,-0.001044325,0.000585549,-0.001979095,,,
1786043639695690615,1786043639.694964825,/novatel/oem7/odom,/novatel/oem7/fix,/novatel/oem7/odom,39.663,-75.756,-1.800456503,0.001197281,-0.001979095,-0.001044325,0.000585549,-0.001979095,,,
1786043639707071123,1786043639.706515235,/novatel/oem7/inspva,/novatel/oem7/inspva,/novatel/oem7/inspva,39.663,-75.756,-1.800465998,0.001621891,-0.002236008,-0.000206147,-0.001608737,-0.002236008,,novatel_oem7_msgs.msg.InertialSolutionStatus(status=3),
1786043639708530201,1786043639.706673592,/novatel/oem7/fix,/novatel/oem7/fix,/novatel/oem7/inspva,39.663,-75.756,-1.800465998,0.001621891,-0.002236008,-0.000206147,-0.001608737,-0.002236008,,0,
1786043639709627158,1786043639.707099477,/novatel/oem7/odom,/novatel/oem7/fix,/novatel/oem7/odom,39.663,-75.756,-1.800465998,0.001613561,-0.002242027,-0.001608858,-0.000123095,-0.002242027,,,
1786043639711210354,1786043639.709707272,/novatel/oem7/bestpos,/novatel/oem7/bestpos,/novatel/oem7/odom,39.663,-75.756,33.182034698,0.001613561,-0.002242027,-0.001608858,-0.000123095,-0.002242027,,novatel_oem7_msgs.msg.SolutionStatus(status=0),novatel_oem7_msgs.msg.PositionOrVelocityType(type=53)
1786043639712187200,1786043639.710505657,/novatel/oem7/bestvel,/novatel/oem7/bestpos,/novatel/oem7/bestvel,39.663,-75.756,33.182034698,0.002202081,-0.001702741,,,,251.458580631,novatel_oem7_msgs.msg.SolutionStatus(status=0),novatel_oem7_msgs.msg.PositionOrVelocityType(type=53)
1786043639715130755,1786043639.714385948,/novatel/oem7/odom,/novatel/oem7/bestpos,/novatel/oem7/odom,39.663,-75.756,33.182034698,0.001613561,-0.002242027,-0.001608858,-0.000123095,-0.002242027,,,
1786043639725921008,1786043639.725347612,/novatel/oem7/inspva,/novatel/oem7/inspva,/novatel/oem7/inspva,39.663,-75.756,-1.800471831,0.001653851,-0.001521622,-0.001647757,-0.000141842,-0.001521622,,novatel_oem7_msgs.msg.InertialSolutionStatus(status=3),
1786043639727339825,1786043639.725536961,/novatel/oem7/fix,/novatel/oem7/fix,/novatel/oem7/inspva,39.663,-75.756,-1.800471831,0.001653851,-0.001521622,-0.001647757,-0.000141842,-0.001521622,,0,
1786043639728550314,1786043639.725985695,/novatel/oem7/odom,/novatel/oem7/fix,/novatel/oem7/odom,39.663,-75.756,-1.800471831,0.001649170,-0.001526693,-0.000215106,-0.001635081,-0.001526693,,,
1786043639736433408,1786043639.735720834,/novatel/oem7/odom,/novatel/oem7/fix,/novatel/oem7/odom,39.663,-75.756,-1.800471831,0.001649170,-0.001526693,-0.000215106,-0.001635081,-0.001526693,,,
1786043639745846033,1786043639.745292595,/novatel/oem7/inspva,/novatel/oem7/inspva,/novatel/oem7/inspva,39.663,-75.756,-1.800468634,0.001823181,-0.000315035,-0.001801661,-0.000279298,-0.000315035,,novatel_oem7_msgs.msg.InertialSolutionStatus(status=3),
1786043639747264244,1786043639.745472796,/novatel/oem7/fix,/novatel/oem7/fix,/novatel/oem7/inspva,39.663,-75.756,-1.800468634,0.001823181,-0.000315035,-0.001801661,-0.000279298,-0.000315035,,0,
1786043639748395375,1786043639.745766627,/novatel/oem7/odom,/novatel/oem7/fix,/novatel/oem7/odom,39.663,-75.756,-1.800468634,0.001822134,-0.000321034,-0.000363995,-0.001785408,-0.000321034,,,
1786043639757011756,1786043639.756077027,/novatel/oem7/odom,/novatel/oem7/fix,/novatel/oem7/odom,39.663,-75.756,-1.800468634,0.001822134,-0.000321034,-0.000363995,-0.001785408,-0.000321034,,,
1786043639767382951,1786043639.766651887,/novatel/oem7/inspva,/novatel/oem7/inspva,/novatel/oem7/inspva,39.663,-75.756,-1.800474498,0.000898842,0.000148533,0.000339803,-0.000832136,0.000148533,,novatel_oem7_msgs.msg.InertialSolutionStatus(status=3),
1786043639768884432,1786043639.766838619,/novatel/oem7/fix,/novatel/oem7/fix,/novatel/oem7/inspva,39.663,-75.756,-1.800474498,0.000898842,0.000148533,0.000339803,-0.000832136,0.000148533,,0,
1786043639769953023,1786043639.767296829,/novatel/oem7/odom,/novatel/oem7/fix,/novatel/oem7/odom,39.663,-75.756,-1.800474498,0.000899152,0.000146645,-0.000815460,0.000378814,0.000146645,,,
1786043639775864911,1786043639.775071237,/novatel/oem7/odom,/novatel/oem7/fix,/novatel/oem7/odom,39.663,-75.756,-1.800474498,0.000899152,0.000146645,-0.000815460,0.000378814,0.000146645,,,
1786043639785878499,1786043639.785128875,/novatel/oem7/inspva,/novatel/oem7/inspva,/novatel/oem7/inspva,39.663,-75.756,-1.800482593,0.001471446,-0.001044036,0.000394325,-0.001417625,-0.001044036,,novatel_oem7_msgs.msg.InertialSolutionStatus(status=3),
1786043639787258242,1786043639.785313770,/novatel/oem7/fix,/novatel/oem7/fix,/novatel/oem7/inspva,39.663,-75.756,-1.800482593,0.001471446,-0.001044036,0.000394325,-0.001417625,-0.001044036,,0,
1786043639788303859,1786043639.785689071,/novatel/oem7/odom,/novatel/oem7/fix,/novatel/oem7/odom,39.663,-75.756,-1.800482593,0.001468784,-0.001047777,-0.001393436,0.000464396,-0.001047777,,,
1786043639795650918,1786043639.794888581,/novatel/oem7/odom,/novatel/oem7/fix,/novatel/oem7/odom,39.663,-75.756,-1.800482593,0.001468784,-0.001047777,-0.001393436,0.000464396,-0.001047777,,,
1786043639807129514,1786043639.806543361,/novatel/oem7/inspva,/novatel/oem7/inspva,/novatel/oem7/inspva,39.663,-75.756,-1.800488944,0.001237713,-0.001592911,-0.001182280,-0.000366261,-0.001592911,,novatel_oem7_msgs.msg.InertialSolutionStatus(status=3),
1786043639808693759,1786043639.806736307,/novatel/oem7/fix,/novatel/oem7/fix,/novatel/oem7/inspva,39.663,-75.756,-1.800488944,0.001237713,-0.001592911,-0.001182280,-0.000366261,-0.001592911,,0,
1786043639809889438,1786043639.807244118,/novatel/oem7/odom,/novatel/oem7/fix,/novatel/oem7/odom,39.663,-75.756,-1.800488944,0.001231875,-0.001597430,-0.000416780,-0.001159228,-0.001597430,,,
1786043639811495687,1786043639.810352679,/novatel/oem7/bestpos,/novatel/oem7/bestpos,/novatel/oem7/odom,39.663,-75.756,33.182021463,0.001231875,-0.001597430,-0.000416780,-0.001159228,-0.001597430,,novatel_oem7_msgs.msg.SolutionStatus(status=0),novatel_oem7_msgs.msg.PositionOrVelocityType(type=53)
1786043639812562990,1786043639.810796517,/novatel/oem7/bestvel,/novatel/oem7/bestpos,/novatel/oem7/bestvel,39.663,-75.756,33.182021463,0.002306364,-0.000688903,,,,227.839385657,novatel_oem7_msgs.msg.SolutionStatus(status=0),novatel_oem7_msgs.msg.PositionOrVelocityType(type=53)
1786043639815522259,1786043639.814834605,/novatel/oem7/odom,/novatel/oem7/bestpos,/novatel/oem7/odom,39.663,-75.756,33.182021463,0.001231875,-0.001597430,-0.000416780,-0.001159228,-0.001597430,,,
1786043639826678292,1786043639.826056032,/novatel/oem7/inspva,/novatel/oem7/inspva,/novatel/oem7/inspva,39.663,-75.756,-1.800486472,0.001585208,-0.001000458,-0.001506909,0.000492047,-0.001000458,,novatel_oem7_msgs.msg.InertialSolutionStatus(status=3),
1786043639828166080,1786043639.826229221,/novatel/oem7/fix,/novatel/oem7/fix,/novatel/oem7/inspva,39.663,-75.756,-1.800486472,0.001585208,-0.001000458,-0.001506909,0.000492047,-0.001000458,,0,
1786043639829315871,1786043639.826650785,/novatel/oem7/odom,/novatel/oem7/fix,/novatel/oem7/odom,39.663,-75.756,-1.800486472,0.001583605,-0.001002994,0.000422921,-0.001526087,-0.001002994,,,
1786043639835243949,1786043639.834463545,/novatel/oem7/odom,/novatel/oem7/fix,/novatel/oem7/odom,39.663,-75.756,-1.800486472,0.001583605,-0.001002994,0.000422921,-0.001526087,-0.001002994,,,
1786043639845848953,1786043639.845219124,/novatel/oem7/inspva,/novatel/oem7/inspva,/novatel/oem7/inspva,39.663,-75.756,-1.800477697,0.000525689,0.001068072,-0.000236897,-0.000469286,0.001068072,,novatel_oem7_msgs.msg.InertialSolutionStatus(status=3),
1786043639847304918,1786043639.845368955,/novatel/oem7/fix,/novatel/oem7/fix,/novatel/oem7/inspva,39.663,-75.756,-1.800477697,0.000525689,0.001068072,-0.000236897,-0.000469286,0.001068072,,0,
1786043639848435192,1786043639.845806676,/novatel/oem7/odom,/novatel/oem7/fix,/novatel/oem7/odom,39.663,-75.756,-1.800477697,0.000530313,0.001065784,-0.000483888,-0.000216989,0.001065784,,,
1786043639857099990,1786043639.856336503,/novatel/oem7/odom,/novatel/oem7/fix,/novatel/oem7/odom,39.663,-75.756,-1.800477697,0.000530313,0.001065784,-0.000483888,-0.000216989,0.001065784,,,
1786043639865658724,1786043639.865069922,/novatel/oem7/inspva,/novatel/oem7/inspva,/novatel/oem7/inspva,39.663,-75.756,-1.800498982,0.000647769,-0.000630780,0.000359498,-0.000538856,-0.000630780,,novatel_oem7_msgs.msg.InertialSolutionStatus(status=3),
1786043639867148372,1786043639.865221956,/novatel/oem7/fix,/novatel/oem7/fix,/novatel/oem7/inspva,39.663,-75.756,-1.800498982,0.000647769,-0.000630780,0.000359498,-0.000538856,-0.000630780,,0,
1786043639868330027,1786043639.865622180,/novatel/oem7/odom,/novatel/oem7/fix,/novatel/oem7/odom,39.663,-75.756,-1.800498982,0.000646956,-0.000631613,-0.000518812,0.000386506,-0.000631613,,,
1786043639875179151,1786043639.874475027,/novatel/oem7/odom,/novatel/oem7/fix,/novatel/oem7/odom,39.663,-75.756,-1.800498982,0.000646956,-0.000631613,-0.000518812,0.000386506,-0.000631613,,,
1786043639887189915,1786043639.886629476,/novatel/oem7/inspva,/novatel/oem7/inspva,/novatel/oem7/inspva,39.663,-75.756,-1.800524968,0.000916784,-0.002553820,-0.000472546,-0.000785617,-0.002553820,,novatel_oem7_msgs.msg.InertialSolutionStatus(status=3),
1786043639888618409,1786043639.886794075,/novatel/oem7/fix,/novatel/oem7/fix,/novatel/oem7/inspva,39.663,-75.756,-1.800524968,0.000916784,-0.002553820,-0.000472546,-0.000785617,-0.002553820,,0,
1786043639890069744,1786043639.887199755,/novatel/oem7/odom,/novatel/oem7/fix,/novatel/oem7/odom,39.663,-75.756,-1.800524968,0.000905755,-0.002557752,-0.000798388,-0.000427748,-0.002557752,,,
1786043639895762832,1786043639.895083020,/novatel/oem7/odom,/novatel/oem7/fix,/novatel/oem7/odom,39.663,-75.756,-1.800524968,0.000905755,-0.002557752,-0.000798388,-0.000427748,-0.002557752,,,
1786043639906328896,1786043639.905774904,/novatel/oem7/inspva,/novatel/oem7/inspva,/novatel/oem7/inspva,39.663,-75.756,-1.800531709,0.000837256,-0.001926663,-0.000696915,-0.000464012,-0.001926663,,novatel_oem7_msgs.msg.InertialSolutionStatus(status=3),
1786043639907748667,1786043639.905930075,/novatel/oem7/fix,/novatel/oem7/fix,/novatel/oem7/inspva,39.663,-75.756,-1.800531709,0.000837256,-0.001926663,-0.000696915,-0.000464012,-0.001926663,,0,
1786043639908905051,1786043639.906386847,/novatel/oem7/odom,/novatel/oem7/fix,/novatel/oem7/odom,39.663,-75.756,-1.800531709,0.000829179,-0.001930152,-0.000490051,-0.000668871,-0.001930152,,,
1786043639910566484,1786043639.909238621,/novatel/oem7/bestpos,/novatel/oem7/bestpos,/novatel/oem7/odom,39.663,-75.756,33.181975259,0.000829179,-0.001930152,-0.000490051,-0.000668871,-0.001930152,,novatel_oem7_msgs.msg.SolutionStatus(status=0),novatel_oem7_msgs.msg.PositionOrVelocityType(type=53)
1786043639911583691,1786043639.909835534,/novatel/oem7/bestvel,/novatel/oem7/bestpos,/novatel/oem7/bestvel,39.663,-75.756,33.181975259,0.001639930,-0.001382126,,,,242.579450186,novatel_oem7_msgs.msg.SolutionStatus(status=0),novatel_oem7_msgs.msg.PositionOrVelocityType(type=53)
1786043639916245483,1786043639.915555296,/novatel/oem7/odom,/novatel/oem7/bestpos,/novatel/oem7/odom,39.663,-75.756,33.181975259,0.000829179,-0.001930152,-0.000490051,-0.000668871,-0.001930152,,,
1786043639925823640,1786043639.925265172,/novatel/oem7/inspva,/novatel/oem7/inspva,/novatel/oem7/inspva,39.663,-75.756,-1.800528035,0.001057314,0.000551906,-0.001034961,0.000216261,0.000551906,,novatel_oem7_msgs.msg.InertialSolutionStatus(status=3),
1786043639927231918,1786043639.925463474,/novatel/oem7/fix,/novatel/oem7/fix,/novatel/oem7/inspva,39.663,-75.756,-1.800528035,0.001057314,0.000551906,-0.001034961,0.000216261,0.000551906,,0,
1786043639928342499,1786043639.926050926,/novatel/oem7/odom,/novatel/oem7/fix,/novatel/oem7/odom,39.663,-75.756,-1.800528035,0.001058439,0.000549746,0.000164561,-0.001045568,0.000549746,,,
1786043639935581113,1786043639.934871261,/novatel/oem7/odom,/novatel/oem7/fix,/novatel/oem7/odom,39.663,-75.756,-1.800528035,0.001058439,0.000549746,0.000164561,-0.001045568,0.000549746,,,
1786043639946639354,1786043639.946057609,/novatel/oem7/inspva,/novatel/oem7/inspva,/novatel/oem7/inspva,39.663,-75.756,-1.800535893,0.000523601,0.000713317,-0.000025408,-0.000522984,0.000713317,,novatel_oem7_msgs.msg.InertialSolutionStatus(status=3),
1786043639948045755,1786043639.946230087,/novatel/oem7/fix,/novatel/oem7/fix,/novatel/oem7/inspva,39.663,-75.756,-1.800535893,0.000523601,0.000713317,-0.000025408,-0.000522984,0.000713317,,0,
1786043639949146666,1786043639.946637151,/novatel/oem7/odom,/novatel/oem7/fix,/novatel/oem7/odom,39.663,-75.756,-1.800535893,0.000526132,0.000711453,-0.000526127,-0.000002228,0.000711453,,,
1786043639956646652,1786043639.955942267,/novatel/oem7/odom,/novatel/oem7/fix,/novatel/oem7/odom,39.663,-75.756,-1.800535893,0.000526132,0.000711453,-0.000526127,-0.000002228,0.000711453,,,
1786043639965892257,1786043639.965303591,/novatel/oem7/inspva,/novatel/oem7/inspva,/novatel/oem7/inspva,39.663,-75.756,-1.800568865,0.001250083,-0.002467283,0.000163695,-0.001239319,-0.002467283,,novatel_oem7_msgs.msg.InertialSolutionStatus(status=3),
1786043639967334441,1786043639.965492639,/novatel/oem7/fix,/novatel/oem7/fix,/novatel/oem7/inspva,39.663,-75.756,-1.800568865,0.001250083,-0.002467283,0.000163695,-0.001239319,-0.002467283,,0,
1786043639968495002,1786043639.966180686,/novatel/oem7/odom,/novatel/oem7/fix,/novatel/oem7/odom,39.663,-75.756,-1.800568865,0.001242723,-0.002470998,-0.001221409,0.000229177,-0.002470998,,,
1786043639976148833,1786043639.975440260,/novatel/oem7/odom,/novatel/oem7/fix,/novatel/oem7/odom,39.663,-75.756,-1.800568865,0.001242723,-0.002470998,-0.001221409,0.000229177,-0.002470998,,,
1786043639985577566,1786043639.985027280,/novatel/oem7/inspva,/novatel/oem7/inspva,/novatel/oem7/inspva,39.663,-75.756,-1.800566878,0.000707200,-0.002111301,-0.000148385,-0.000691458,-0.002111301,,novatel_oem7_msgs.msg.InertialSolutionStatus(status=3),
1786043639987075174,1786043639.985195316,/novatel/oem7/fix,/novatel/oem7/fix,/novatel/oem7/inspva,39.663,-75.756,-1.800566878,0.000707200,-0.002111301,-0.000148385,-0.000691458,-0.002111301,,0,
1786043639988527695,1786043639.985602483,/novatel/oem7/odom,/novatel/oem7/fix,/novatel/oem7/odom,39.663,-75.756,-1.800566878,0.000699026,-0.002114021,-0.000690370,-0.000109671,-0.002114021,,,
1786043639995174380,1786043639.994457758,/novatel/oem7/odom,/novatel/oem7/fix,/novatel/oem7/odom,39.663,-75.756,-1.800566878,0.000699026,-0.002114021,-0.000690370,-0.000109671,-0.002114021,,,
1786043640008991662,1786043640.008404193,/novatel/oem7/inspva,/novatel/oem7/inspva,/novatel/oem7/inspva,39.663,-75.756,-1.800550555,0.001353225,0.000781803,-0.001347074,0.000128873,0.000781803,,novatel_oem7_msgs.msg.InertialSolutionStatus(status=3),
1786043640010474684,1786043640.008584268,/novatel/oem7/fix,/novatel/oem7/fix,/novatel/oem7/inspva,39.663,-75.756,-1.800550555,0.001353225,0.000781803,-0.001347074,0.000128873,0.000781803,,0,
1786043640012114886,1786043640.011250577,/novatel/oem7/odom,/novatel/oem7/fix,/novatel/oem7/odom,39.663,-75.756,-1.800550555,0.001355129,0.000778498,0.000061534,-0.001353731,0.000778498,,,
1786043640016342811,1786043640.015648144,/novatel/oem7/odom,/novatel/oem7/fix,/novatel/oem7/odom,39.663,-75.756,-1.800550555,0.001355129,0.000778498,0.000061534,-0.001353731,0.000778498,,,
1786043640026372509,1786043640.025740196,/novatel/oem7/bestpos,/novatel/oem7/bestpos,/novatel/oem7/odom,39.663,-75.756,33.181945371,0.001355129,0.000778498,0.000061534,-0.001353731,0.000778498,,novatel_oem7_msgs.msg.SolutionStatus(status=0),novatel_oem7_msgs.msg.PositionOrVelocityType(type=53)
1786043640027947755,1786043640.026613998,/novatel/oem7/bestvel,/novatel/oem7/bestpos,/novatel/oem7/bestvel,39.663,-75.756,33.181945371,0.000920685,0.000353321,,,,155.248346808,novatel_oem7_msgs.msg.SolutionStatus(status=0),novatel_oem7_msgs.msg.PositionOrVelocityType(type=53)
1786043640028940721,1786043640.027120760,/novatel/oem7/inspva,/novatel/oem7/inspva,/novatel/oem7/inspva,39.663,-75.756,-1.800553768,0.000794922,0.000929510,-0.000692275,0.000390711,0.000929510,,novatel_oem7_msgs.msg.InertialSolutionStatus(status=3),
1786043640029856570,1786043640.027307059,/novatel/oem7/fix,/novatel/oem7/fix,/novatel/oem7/inspva,39.663,-75.756,-1.800553768,0.000794922,0.000929510,-0.000692275,0.000390711,0.000929510,,0,
1786043640031502296,1786043640.027621468,/novatel/oem7/odom,/novatel/oem7/fix,/novatel/oem7/odom,39.663,-75.756,-1.800553768,0.000795623,0.000928910,0.000353881,-0.000712590,0.000928910,,,
1786043640036211739,1786043640.035549357,/novatel/oem7/odom,/novatel/oem7/fix,/novatel/oem7/odom,39.663,-75.756,-1.800553768,0.000795623,0.000928910,0.000353881,-0.000712590,0.000928910,,,
1786043640045954308,1786043640.045409602,/novatel/oem7/inspva,/novatel/oem7/inspva,/novatel/oem7/inspva,39.663,-75.756,-1.800569437,0.001104635,-0.001946382,0.000456218,-0.001006024,-0.001946382,,novatel_oem7_msgs.msg.InertialSolutionStatus(status=3),
1786043640047447362,1786043640.045615024,/novatel/oem7/fix,/novatel/oem7/fix,/novatel/oem7/inspva,39.663,-75.756,-1.800569437,0.001104635,-0.001946382,0.000456218,-0.001006024,-0.001946382,,0,
1786043640048575737,1786043640.046295785,/novatel/oem7/odom,/novatel/oem7/fix,/novatel/oem7/odom,39.663,-75.756,-1.800569437,0.001100796,-0.001948556,-0.000976138,0.000508829,-0.001948556,,,
1786043640057402210,1786043640.056568802,/novatel/oem7/odom,/novatel/oem7/fix,/novatel/oem7/odom,39.663,-75.756,-1.800569437,0.001100796,-0.001948556,-0.000976138,0.000508829,-0.001948556,,,
1786043640066770695,1786043640.066181920,/novatel/oem7/inspva,/novatel/oem7/inspva,/novatel/oem7/inspva,39.663,-75.756,-1.800563478,0.001329493,-0.002183433,0.000577879,-0.001197333,-0.002183433,,novatel_oem7_msgs.msg.InertialSolutionStatus(status=3),
1786043640068236853,1786043640.066369268,/novatel/oem7/fix,/novatel/oem7/fix,/novatel/oem7/inspva,39.663,-75.756,-1.800563478,0.001329493,-0.002183433,0.000577879,-0.001197333,-0.002183433,,0,
1786043640069450835,1786043640.066802599,/novatel/oem7/odom,/novatel/oem7/fix,/novatel/oem7/odom,39.663,-75.756,-1.800563478,0.001325506,-0.002185856,-0.001160692,0.000640126,-0.002185856,,,
1786043640075288302,1786043640.074522255,/novatel/oem7/odom,/novatel/oem7/fix,/novatel/oem7/odom,39.663,-75.756,-1.800563478,0.001325506,-0.002185856,-0.001160692,0.000640126,-0.002185856,,,
1786043640085977190,1786043640.085394331,/novatel/oem7/inspva,/novatel/oem7/inspva,/novatel/oem7/inspva,39.663,-75.756,-1.800551234,0.002035374,-0.000863019,-0.001727682,0.001076039,-0.000863019,,novatel_oem7_msgs.msg.InertialSolutionStatus(status=3),
1786043640087461655,1786043640.085569980,/novatel/oem7/fix,/novatel/oem7/fix,/novatel/oem7/inspva,39.663,-75.756,-1.800551234,0.002035374,-0.000863019,-0.001727682,0.001076039,-0.000863019,,0,
1786043640088603389,1786043640.086295477,/novatel/oem7/odom,/novatel/oem7/fix,/novatel/oem7/odom,39.663,-75.756,-1.800551234,0.002034876,-0.000864192,0.000995187,-0.001774915,-0.000864192,,,
1786043640096473607,1786043640.095804125,/novatel/oem7/odom,/novatel/oem7/fix,/novatel/oem7/odom,39.663,-75.756,-1.800551234,0.002034876,-0.000864192,0.000995187,-0.001774915,-0.000864192,,,
1786043640106491191,1786043640.105911509,/novatel/oem7/inspva,/novatel/oem7/inspva,/novatel/oem7/inspva,39.663,-75.756,-1.800536086,0.000939204,0.000128081,-0.000937998,-0.000047586,0.000128081,,novatel_oem7_msgs.msg.InertialSolutionStatus(status=3),
1786043640107979473,1786043640.106076201,/novatel/oem7/fix,/novatel/oem7/fix,/novatel/oem7/inspva,39.663,-75.756,-1.800536086,0.000939204,0.000128081,-0.000937998,-0.000047586,0.000128081,,0,
1786043640109100870,1786043640.106557432,/novatel/oem7/odom,/novatel/oem7/fix,/novatel/oem7/odom,39.663,-75.756,-1.800536086,0.000939576,0.000125327,-0.000092834,-0.000934978,0.000125327,,,
1786043640110766183,1786043640.109280592,/novatel/oem7/bestpos,/novatel/oem7/bestpos,/novatel/oem7/odom,39.663,-75.756,33.181979651,0.000939576,0.000125327,-0.000092834,-0.000934978,0.000125327,,novatel_oem7_msgs.msg.SolutionStatus(status=0),novatel_oem7_msgs.msg.PositionOrVelocityType(type=53)
1786043640111897138,1786043640.109875848,/novatel/oem7/bestvel,/novatel/oem7/bestpos,/novatel/oem7/bestvel,39.663,-75.756,33.181979651,0.000731141,0.000089935,,,,200.860379900,novatel_oem7_msgs.msg.SolutionStatus(status=0),novatel_oem7_msgs.msg.PositionOrVelocityType(type=53)
1786043640115246797,1786043640.114461789,/novatel/oem7/odom,/novatel/oem7/bestpos,/novatel/oem7/odom,39.663,-75.756,33.181979651,0.000939576,0.000125327,-0.000092834,-0.000934978,0.000125327,,,
1786043640127200561,1786043640.126605188,/novatel/oem7/inspva,/novatel/oem7/inspva,/novatel/oem7/inspva,39.663,-75.756,-1.800539771,0.001527337,-0.000863870,0.001193552,-0.000952990,-0.000863870,,novatel_oem7_msgs.msg.InertialSolutionStatus(status=3),
1786043640128723539,1786043640.126771187,/novatel/oem7/fix,/novatel/oem7/fix,/novatel/oem7/inspva,39.663,-75.756,-1.800539771,0.001527337,-0.000863870,0.001193552,-0.000952990,-0.000863870,,0,
1786043640129963511,1786043640.127124972,/novatel/oem7/odom,/novatel/oem7/fix,/novatel/oem7/odom,39.663,-75.756,-1.800539771,0.001527395,-0.000863768,-0.000891807,0.001240006,-0.000863768,,,
1786043640135674621,1786043640.134934984,/novatel/oem7/odom,/novatel/oem7/fix,/novatel/oem7/odom,39.663,-75.756,-1.800539771,0.001527395,-0.000863768,-0.000891807,0.001240006,-0.000863768,,,
1786043640145728543,1786043640.145141574,/novatel/oem7/inspva,/novatel/oem7/inspva,/novatel/oem7/inspva,39.663,-75.756,-1.800531264,0.001296639,-0.000860411,0.000942050,-0.000890962,-0.000860411,,novatel_oem7_msgs.msg.InertialSolutionStatus(status=3),
1786043640147178097,1786043640.145290851,/novatel/oem7/fix,/novatel/oem7/fix,/novatel/oem7/inspva,39.663,-75.756,-1.800531264,0.001296639,-0.000860411,0.000942050,-0.000890962,-0.000860411,,0,
1786043640148385032,1786043640.145667495,/novatel/oem7/odom,/novatel/oem7/fix,/novatel/oem7/odom,39.663,-75.756,-1.800531264,0.001296372,-0.000860811,-0.000841875,0.000985813,-0.000860811,,,
1786043640156632663,1786043640.155854412,/novatel/oem7/odom,/novatel/oem7/fix,/novatel/oem7/odom,39.663,-75.756,-1.800531264,0.001296372,-0.000860811,-0.000841875,0.000985813,-0.000860811,,,
1786043640166039065,1786043640.165474303,/novatel/oem7/inspva,/novatel/oem7/inspva,/novatel/oem7/inspva,39.663,-75.756,-1.800527848,0.000961621,-0.001643365,-0.000824610,-0.000494706,-0.001643365,,novatel_oem7_msgs.msg.InertialSolutionStatus(status=3),
1786043640167697035,1786043640.165676115,/novatel/oem7/fix,/novatel/oem7/fix,/novatel/oem7/inspva,39.663,-75.756,-1.800527848,0.000961621,-0.001643365,-0.000824610,-0.000494706,-0.001643365,,0,
1786043640168914033,1786043640.166202269,/novatel/oem7/odom,/novatel/oem7/fix,/novatel/oem7/odom,39.663,-75.756,-1.800527848,0.000954911,-0.001647274,-0.000527859,-0.000795751,-0.001647274,,,
1786043640175886395,1786043640.175140764,/novatel/oem7/odom,/novatel/oem7/fix,/novatel/oem7/odom,39.663,-75.756,-1.800527848,0.000954911,-0.001647274,-0.000527859,-0.000795751,-0.001647274,,,
1786043640186796675,1786043640.186236112,/novatel/oem7/inspva,/novatel/oem7/inspva,/novatel/oem7/inspva,39.663,-75.756,-1.800502784,0.000828305,-0.000427438,-0.000825917,0.000062850,-0.000427438,,novatel_oem7_msgs.msg.InertialSolutionStatus(status=3),
1786043640188270023,1786043640.186320429,/novatel/oem7/fix,/novatel/oem7/fix,/novatel/oem7/inspva,39.663,-75.756,-1.800502784,0.000828305,-0.000427438,-0.000825917,0.000062850,-0.000427438,,0,
1786043640189452944,1786043640.186950860,/novatel/oem7/odom,/novatel/oem7/fix,/novatel/oem7/odom,39.663,-75.756,-1.800502784,0.000827238,-0.000429500,0.000024771,-0.000826867,-0.000429500,,,
1786043640195553854,1786043640.194796254,/novatel/oem7/odom,/novatel/oem7/fix,/novatel/oem7/odom,39.663,-75.756,-1.800502784,0.000827238,-0.000429500,0.000024771,-0.000826867,-0.000429500,,,
1786043640207066281,1786043640.206475588,/novatel/oem7/inspva,/novatel/oem7/inspva,/novatel/oem7/inspva,39.663,-75.756,-1.800481015,0.000783829,0.000782639,0.000453530,-0.000639295,0.000782639,,novatel_oem7_msgs.msg.InertialSolutionStatus(status=3),
1786043640208546018,1786043640.206654557,/novatel/oem7/fix,/novatel/oem7/fix,/novatel/oem7/inspva,39.663,-75.756,-1.800481015,0.000783829,0.000782639,0.000453530,-0.000639295,0.000782639,,0,
1786043640209733480,1786043640.207160682,/novatel/oem7/odom,/novatel/oem7/fix,/novatel/oem7/odom,39.663,-75.756,-1.800481015,0.000784765,0.000781701,-0.000619645,0.000481556,0.000781701,,,
1786043640211410270,1786043640.210235558,/novatel/oem7/bestpos,/novatel/oem7/bestpos,/novatel/oem7/odom,39.663,-75.756,33.182027412,0.000784765,0.000781701,-0.000619645,0.000481556,0.000781701,,novatel_oem7_msgs.msg.SolutionStatus(status=0),novatel_oem7_msgs.msg.PositionOrVelocityType(type=53)
1786043640212524784,1786043640.210628266,/novatel/oem7/bestvel,/novatel/oem7/bestpos,/novatel/oem7/bestvel,39.663,-75.756,33.182027412,0.000982374,-0.000029645,,,,53.337580987,novatel_oem7_msgs.msg.SolutionStatus(status=0),novatel_oem7_msgs.msg.PositionOrVelocityType(type=53)
1786043640216310501,1786043640.215600964,/novatel/oem7/odom,/novatel/oem7/bestpos,/novatel/oem7/odom,39.663,-75.756,33.182027412,0.000784765,0.000781701,-0.000619645,0.000481556,0.000781701,,,
1786043640225979716,1786043640.225385140,/novatel/oem7/inspva,/novatel/oem7/inspva,/novatel/oem7/inspva,39.663,-75.756,-1.800473945,0.000751142,-0.000194284,0.000429479,-0.000616249,-0.000194284,,novatel_oem7_msgs.msg.InertialSolutionStatus(status=3),
1786043640227485867,1786043640.225593119,/novatel/oem7/fix,/novatel/oem7/fix,/novatel/oem7/inspva,39.663,-75.756,-1.800473945,0.000751142,-0.000194284,0.000429479,-0.000616249,-0.000194284,,0,
1786043640228699673,1786043640.226008403,/novatel/oem7/odom,/novatel/oem7/fix,/novatel/oem7/odom,39.663,-75.756,-1.800473945,0.000750910,-0.000195179,-0.000594329,0.000458954,-0.000195179,,,
1786043640235355508,1786043640.234602517,/novatel/oem7/odom,/novatel/oem7/fix,/novatel/oem7/odom,39.663,-75.756,-1.800473945,0.000750910,-0.000195179,-0.000594329,0.000458954,-0.000195179,,,
1786043640247854324,1786043640.247179137,/novatel/oem7/inspva,/novatel/oem7/inspva,/novatel/oem7/inspva,39.663,-75.756,-1.800481994,0.000717638,-0.002205596,0.000125881,-0.000706511,-0.002205596,,novatel_oem7_msgs.msg.InertialSolutionStatus(status=3),
1786043640249375569,1786043640.247372489,/novatel/oem7/fix,/novatel/oem7/fix,/novatel/oem7/inspva,39.663,-75.756,-1.800481994,0.000717638,-0.002205596,0.000125881,-0.000706511,-0.002205596,,0,
1786043640250709935,1786043640.247716954,/novatel/oem7/odom,/novatel/oem7/fix,/novatel/oem7/odom,39.663,-75.756,-1.800481994,0.000711417,-0.002207610,-0.000691966,0.000165220,-0.002207610,,,
1786043640257343414,1786043640.256500688,/novatel/oem7/odom,/novatel/oem7/fix,/novatel/oem7/odom,39.663,-75.756,-1.800481994,0.000711417,-0.002207610,-0.000691966,0.000165220,-0.002207610,,,
1786043640265780449,1786043640.265117343,/novatel/oem7/inspva,/novatel/oem7/inspva,/novatel/oem7/inspva,39.663,-75.756,-1.800460841,0.001145409,-0.001505970,-0.000433276,-0.001060298,-0.001505970,,novatel_oem7_msgs.msg.InertialSolutionStatus(status=3),
1786043640267376998,1786043640.265298278,/novatel/oem7/fix,/novatel/oem7/fix,/novatel/oem7/inspva,39.663,-75.756,-1.800460841,0.001145409,-0.001505970,-0.000433276,-0.001060298,-0.001505970,,0,
1786043640268647947,1786043640.265773766,/novatel/oem7/odom,/novatel/oem7/fix,/novatel/oem7/odom,39.663,-75.756,-1.800460841,0.001139148,-0.001510711,-0.001074539,-0.000378185,-0.001510711,,,
1786043640276358123,1786043640.275614893,/novatel/oem7/odom,/novatel/oem7/fix,/novatel/oem7/odom,39.663,-75.756,-1.800460841,0.001139148,-0.001510711,-0.001074539,-0.000378185,-0.001510711,,,
1786043640286141902,1786043640.285532140,/novatel/oem7/inspva,/novatel/oem7/inspva,/novatel/oem7/inspva,39.663,-75.756,-1.800429981,0.000715719,0.001272099,-0.000683245,0.000213143,0.001272099,,novatel_oem7_msgs.msg.InertialSolutionStatus(status=3),
1786043640287820652,1786043640.285699378,/novatel/oem7/fix,/novatel/oem7/fix,/novatel/oem7/inspva,39.663,-75.756,-1.800429981,0.000715719,0.001272099,-0.000683245,0.000213143,0.001272099,,0,
1786043640288963250,1786043640.286601840,/novatel/oem7/odom,/novatel/oem7/fix,/novatel/oem7/odom,39.663,-75.756,-1.800429981,0.000717793,0.001270930,0.000175755,-0.000695943,0.001270930,,,
1786043640295694096,1786043640.294925978,/novatel/oem7/odom,/novatel/oem7/fix,/novatel/oem7/odom,39.663,-75.756,-1.800429981,0.000717793,0.001270930,0.000175755,-0.000695943,0.001270930,,,
1786043640306777554,1786043640.306033071,/novatel/oem7/inspva,/novatel/oem7/inspva,/novatel/oem7/inspva,39.663,-75.756,-1.800425709,0.000496809,0.000660382,-0.000294947,-0.000399782,0.000660382,,novatel_oem7_msgs.msg.InertialSolutionStatus(status=3),
1786043640308361294,1786043640.306264209,/novatel/oem7/fix,/novatel/oem7/fix,/novatel/oem7/inspva,39.663,-75.756,-1.800425709,0.000496809,0.000660382,-0.000294947,-0.000399782,0.000660382,,0,
1786043640309573562,1786043640.306894019,/novatel/oem7/odom,/novatel/oem7/fix,/novatel/oem7/odom,39.663,-75.756,-1.800425709,0.000499695,0.000658201,-0.000415763,-0.000277194,0.000658201,,,
1786043640311177548,1786043640.309999000,/novatel/oem7/bestpos,/novatel/oem7/bestpos,/novatel/oem7/odom,39.663,-75.756,33.182085533,0.000499695,0.000658201,-0.000415763,-0.000277194,0.000658201,,novatel_oem7_msgs.msg.SolutionStatus(status=0),novatel_oem7_msgs.msg.PositionOrVelocityType(type=53)
1786043640312241205,1786043640.310566362,/novatel/oem7/bestvel,/novatel/oem7/bestpos,/novatel/oem7/bestvel,39.663,-75.756,33.182085533,0.000746265,-0.000120400,,,,87.365745768,novatel_oem7_msgs.msg.SolutionStatus(status=0),novatel_oem7_msgs.msg.PositionOrVelocityType(type=53)
1786043640315637251,1786043640.314892664,/novatel/oem7/odom,/novatel/oem7/bestpos,/novatel/oem7/odom,39.663,-75.756,33.182085533,0.000499695,0.000658201,-0.000415763,-0.000277194,0.000658201,,,
1786043640325944509,1786043640.325376664,/novatel/oem7/inspva,/novatel/oem7/inspva,/novatel/oem7/inspva,39.663,-75.756,-1.800439238,0.001509770,-0.002109379,0.000693625,-0.001341003,-0.002109379,,novatel_oem7_msgs.msg.InertialSolutionStatus(status=3),
1786043640327574308,1786043640.325554755,/novatel/oem7/fix,/novatel/oem7/fix,/novatel/oem7/inspva,39.663,-75.756,-1.800439238,0.001509770,-0.002109379,0.000693625,-0.001341003,-0.002109379,,0,
1786043640328740787,1786043640.326201359,/novatel/oem7/odom,/novatel/oem7/fix,/novatel/oem7/odom,39.663,-75.756,-1.800439238,0.001506172,-0.002111949,-0.001298959,0.000762405,-0.002111949,,,
1786043640336214350,1786043640.335479879,/novatel/oem7/odom,/novatel/oem7/fix,/novatel/oem7/odom,39.663,-75.756,-1.800439238,0.001506172,-0.002111949,-0.001298959,0.000762405,-0.002111949,,,
1786043640345743743,1786043640.345107730,/novatel/oem7/inspva,/novatel/oem7/inspva,/novatel/oem7/inspva,39.663,-75.756,-1.800420704,0.000878842,-0.001409742,-0.000057139,-0.000876983,-0.001409742,,novatel_oem7_msgs.msg.InertialSolutionStatus(status=3),
1786043640347281158,1786043640.345295206,/novatel/oem7/fix,/novatel/oem7/fix,/novatel/oem7/inspva,39.663,-75.756,-1.800420704,0.000878842,-0.001409742,-0.000057139,-0.000876983,-0.001409742,,0,
1786043640348531884,1786043640.345687879,/novatel/oem7/odom,/novatel/oem7/fix,/novatel/oem7/odom,39.663,-75.756,-1.800420704,0.000873862,-0.001412835,-0.000873786,-0.000011510,-0.001412835,,,
1786043640356571286,1786043640.355753934,/novatel/oem7/odom,/novatel/oem7/fix,/novatel/oem7/odom,39.663,-75.756,-1.800420704,0.000873862,-0.001412835,-0.000873786,-0.000011510,-0.001412835,,,
1786043640367789322,1786043640.367165266,/novatel/oem7/inspva,/novatel/oem7/inspva,/novatel/oem7/inspva,39.663,-75.756,-1.800390068,0.001763102,0.000927126,-0.001556589,-0.000827985,0.000927126,,novatel_oem7_msgs.msg.InertialSolutionStatus(status=3),
1786043640369287197,1786043640.367311948,/novatel/oem7/fix,/novatel/oem7/fix,/novatel/oem7/inspva,39.663,-75.756,-1.800390068,0.001763102,0.000927126,-0.001556589,-0.000827985,0.000927126,,0,
1786043640370492759,1786043640.367680305,/novatel/oem7/odom,/novatel/oem7/fix,/novatel/oem7/odom,39.663,-75.756,-1.800390068,0.001766811,0.000920037,-0.000904689,-0.001517617,0.000920037,,,
1786043640375824571,1786043640.374969333,/novatel/oem7/odom,/novatel/oem7/fix,/novatel/oem7/odom,39.663,-75.756,-1.800390068,0.001766811,0.000920037,-0.000904689,-0.001517617,0.000920037,,,
1786043640385593837,1786043640.384997711,/novatel/oem7/inspva,/novatel/oem7/inspva,/novatel/oem7/inspva,39.663,-75.756,-1.800372638,0.000965597,0.001221252,-0.000963726,-0.000060090,0.001221252,,novatel_oem7_msgs.msg.InertialSolutionStatus(status=3),
1786043640387037341,1786043640.385141636,/novatel/oem7/fix,/novatel/oem7/fix,/novatel/oem7/inspva,39.663,-75.756,-1.800372638,0.000965597,0.001221252,-0.000963726,-0.000060090,0.001221252,,0,
1786043640388266327,1786043640.385529546,/novatel/oem7/odom,/novatel/oem7/fix,/novatel/oem7/odom,39.663,-75.756,-1.800372638,0.000969220,0.001218379,-0.000110367,-0.000962916,0.001218379,,,
1786043640396223071,1786043640.395525154,/novatel/oem7/odom,/novatel/oem7/fix,/novatel/oem7/odom,39.663,-75.756,-1.800372638,0.000969220,0.001218379,-0.000110367,-0.000962916,0.001218379,,,
1786043640407179445,1786043640.406564992,/novatel/oem7/inspva,/novatel/oem7/inspva,/novatel/oem7/inspva,39.663,-75.756,-1.800367407,0.001961606,-0.000126710,0.000713454,-0.001827260,-0.000126710,,novatel_oem7_msgs.msg.InertialSolutionStatus(status=3),
1786043640409277566,1786043640.406722641,/novatel/oem7/fix,/novatel/oem7/fix,/novatel/oem7/inspva,39.663,-75.756,-1.800367407,0.001961606,-0.000126710,0.000713454,-0.001827260,-0.000126710,,0,
1786043640410556825,1786043640.407174482,/novatel/oem7/odom,/novatel/oem7/fix,/novatel/oem7/odom,39.663,-75.756,-1.800367407,0.001961325,-0.000130980,-0.001790607,0.000800326,-0.000130980,,,
1786043640412217315,1786043640.410266953,/novatel/oem7/bestpos,/novatel/oem7/bestpos,/novatel/oem7/odom,39.663,-75.756,33.182147880,0.001961325,-0.000130980,-0.001790607,0.000800326,-0.000130980,,novatel_oem7_msgs.msg.SolutionStatus(status=0),novatel_oem7_msgs.msg.PositionOrVelocityType(type=53)
1786043640413283642,1786043640.410689383,/novatel/oem7/bestvel,/novatel/oem7/bestpos,/novatel/oem7/bestvel,39.663,-75.756,33.182147880,0.000752872,-0.000812348,,,,327.335198116,novatel_oem7_msgs.msg.SolutionStatus(status=0),novatel_oem7_msgs.msg.PositionOrVelocityType(type=53)
1786043640415824797,1786043640.415062016,/novatel/oem7/odom,/novatel/oem7/bestpos,/novatel/oem7/odom,39.663,-75.756,33.182147880,0.001961325,-0.000130980,-0.001790607,0.000800326,-0.000130980,,,
1786043640426691644,1786043640.426076057,/novatel/oem7/inspva,/novatel/oem7/inspva,/novatel/oem7/inspva,39.663,-75.756,-1.800352476,0.001409245,-0.001202122,0.000378129,-0.001357567,-0.001202122,,novatel_oem7_msgs.msg.InertialSolutionStatus(status=3),
1786043640428178298,1786043640.426260662,/novatel/oem7/fix,/novatel/oem7/fix,/novatel/oem7/inspva,39.663,-75.756,-1.800352476,0.001409245,-0.001202122,0.000378129,-0.001357567,-0.001202122,,0,
1786043640429380650,1786043640.426810265,/novatel/oem7/odom,/novatel/oem7/fix,/novatel/oem7/odom,39.663,-75.756,-1.800352476,0.001406207,-0.001205675,-0.001333708,0.000445690,-0.001205675,,,
1786043640435350025,1786043640.434641238,/novatel/oem7/odom,/novatel/oem7/fix,/novatel/oem7/odom,39.663,-75.756,-1.800352476,0.001406207,-0.001205675,-0.001333708,0.000445690,-0.001205675,,,
1786043640445954132,1786043640.445319836,/novatel/oem7/inspva,/novatel/oem7/inspva,/novatel/oem7/inspva,39.663,-75.756,-1.800330131,0.001557690,0.000108592,-0.001461882,-0.000537867,0.000108592,,novatel_oem7_msgs.msg.InertialSolutionStatus(status=3),
1786043640447474774,1786043640.445523788,/novatel/oem7/fix,/novatel/oem7/fix,/novatel/oem7/inspva,39.663,-75.756,-1.800330131,0.001557690,0.000108592,-0.001461882,-0.000537867,0.000108592,,0,
1786043640448780410,1786043640.446022829,/novatel/oem7/odom,/novatel/oem7/fix,/novatel/oem7/odom,39.663,-75.756,-1.800330131,0.001558087,0.000102750,-0.000607505,-0.001434772,0.000102750,,,
1786043640457065244,1786043640.456334332,/novatel/oem7/odom,/novatel/oem7/fix,/novatel/oem7/odom,39.663,-75.756,-1.800330131,0.001558087,0.000102750,-0.000607505,-0.001434772,0.000102750,,,
1786043640465944048,1786043640.465333992,/novatel/oem7/inspva,/novatel/oem7/inspva,/novatel/oem7/inspva,39.663,-75.756,-1.800311105,0.001330507,0.000479944,-0.001327518,-0.000089131,0.000479944,,novatel_oem7_msgs.msg.InertialSolutionStatus(status=3),
1786043640467466589,1786043640.465546598,/novatel/oem7/fix,/novatel/oem7/fix,/novatel/oem7/inspva,39.663,-75.756,-1.800311105,0.001330507,0.000479944,-0.001327518,-0.000089131,0.000479944,,0,
1786043640468629051,1786043640.465888420,/novatel/oem7/odom,/novatel/oem7/fix,/novatel/oem7/odom,39.663,-75.756,-1.800311105,0.001331934,0.000475970,-0.000154170,-0.001322981,0.000475970,,,
1786043640475135622,1786043640.474412441,/novatel/oem7/odom,/novatel/oem7/fix,/novatel/oem7/odom,39.663,-75.756,-1.800311105,0.001331934,0.000475970,-0.000154170,-0.001322981,0.000475970,,,
1786043640487272987,1786043640.486695628,/novatel/oem7/inspva,/novatel/oem7/inspva,/novatel/oem7/inspva,39.663,-75.756,-1.800299774,0.002548017,0.000533108,0.000724914,-0.002442722,0.000533108,,novatel_oem7_msgs.msg.InertialSolutionStatus(status=3),
1786043640488771652,1786043640.486852566,/novatel/oem7/fix,/novatel/oem7/fix,/novatel/oem7/inspva,39.663,-75.756,-1.800299774,0.002548017,0.000533108,0.000724914,-0.002442722,0.000533108,,0,
1786043640489897029,1786043640.487621490,/novatel/oem7/odom,/novatel/oem7/fix,/novatel/oem7/odom,39.663,-75.756,-1.800299774,0.002549344,0.000526728,-0.002407162,0.000839478,0.000526728,,,
1786043640495889738,1786043640.495175251,/novatel/oem7/odom,/novatel/oem7/fix,/novatel/oem7/odom,39.663,-75.756,-1.800299774,0.002549344,0.000526728,-0.002407162,0.000839478,0.000526728,,,
1786043640506629407,1786043640.506028081,/novatel/oem7/inspva,/novatel/oem7/inspva,/novatel/oem7/inspva,39.663,-75.756,-1.800296210,0.001412775,-0.000989145,0.000761736,-0.001189828,-0.000989145,,novatel_oem7_msgs.msg.InertialSolutionStatus(status=3),
1786043640508087168,1786043640.506175216,/novatel/oem7/fix,/novatel/oem7/fix,/novatel/oem7/inspva,39.663,-75.756,-1.800296210,0.001412775,-0.000989145,0.000761736,-0.001189828,-0.000989145,,0,
1786043640509192349,1786043640.506641284,/novatel/oem7/odom,/novatel/oem7/fix,/novatel/oem7/odom,39.663,-75.756,-1.800296210,0.001411427,-0.000991067,-0.001148596,0.000820278,-0.000991067,,,
1786043640512059484,1786043640.511416867,/novatel/oem7/bestpos,/novatel/oem7/bestpos,/novatel/oem7/odom,39.663,-75.756,33.182235050,0.001411427,-0.000991067,-0.001148596,0.000820278,-0.000991067,,novatel_oem7_msgs.msg.SolutionStatus(status=0),novatel_oem7_msgs.msg.PositionOrVelocityType(type=53)
1786043640513614249,1786043640.512289069,/novatel/oem7/bestvel,/novatel/oem7/bestpos,/novatel/oem7/bestvel,39.663,-75.756,33.182235050,0.001343638,-0.001100417,,,,308.320485488,novatel_oem7_msgs.msg.SolutionStatus(status=0),novatel_oem7_msgs.msg.PositionOrVelocityType(type=53)
1786043640516236778,1786043640.515558617,/novatel/oem7/odom,/novatel/oem7/bestpos,/novatel/oem7/odom,39.663,-75.756,33.182235050,0.001411427,-0.000991067,-0.001148596,0.000820278,-0.000991067,,,
1786043640526146345,1786043640.525558296,/novatel/oem7/inspva,/novatel/oem7/inspva,/novatel/oem7/inspva,39.663,-75.756,-1.800286061,0.001529146,-0.000626933,-0.001230886,-0.000907308,-0.000626933,,novatel_oem7_msgs.msg.InertialSolutionStatus(status=3),
1786043640527685420,1786043640.525721111,/novatel/oem7/fix,/novatel/oem7/fix,/novatel/oem7/inspva,39.663,-75.756,-1.800286061,0.001529146,-0.000626933,-0.001230886,-0.000907308,-0.000626933,,0,
1786043640528843575,1786043640.526593293,/novatel/oem7/odom,/novatel/oem7/fix,/novatel/oem7/odom,39.663,-75.756,-1.800286061,0.001526509,-0.000633326,-0.000962898,-0.001184508,-0.000633326,,,
1786043640535707412,1786043640.534994328,/novatel/oem7/odom,/novatel/oem7/fix,/novatel/oem7/odom,39.663,-75.756,-1.800286061,0.001526509,-0.000633326,-0.000962898,-0.001184508,-0.000633326,,,
1786043640546704813,1786043640.546101134,/novatel/oem7/inspva,/novatel/oem7/inspva,/novatel/oem7/inspva,39.663,-75.756,-1.800266230,0.001230947,-0.000339303,-0.001217334,0.000182563,-0.000339303,,novatel_oem7_msgs.msg.InertialSolutionStatus(status=3),
1786043640548165504,1786043640.546247342,/novatel/oem7/fix,/novatel/oem7/fix,/novatel/oem7/inspva,39.663,-75.756,-1.800266230,0.001230947,-0.000339303,-0.001217334,0.000182563,-0.000339303,,0,
1786043640549334916,1786043640.546768311,/novatel/oem7/odom,/novatel/oem7/fix,/novatel/oem7/odom,39.663,-75.756,-1.800266230,0.001230198,-0.000342011,0.000125361,-0.001223794,-0.000342011,,,
1786043640556646534,1786043640.555894840,/novatel/oem7/odom,/novatel/oem7/fix,/novatel/oem7/odom,39.663,-75.756,-1.800266230,0.001230198,-0.000342011,0.000125361,-0.001223794,-0.000342011,,,
1786043640566822520,1786043640.565441104,/novatel/oem7/inspva,/novatel/oem7/inspva,/novatel/oem7/inspva,39.663,-75.756,-1.800238306,0.001414897,0.001482433,-0.000302586,-0.001382163,0.001482433,,novatel_oem7_msgs.msg.InertialSolutionStatus(status=3),
1786043640567780459,1786043640.565695249,/novatel/oem7/fix,/novatel/oem7/fix,/novatel/oem7/inspva,39.663,-75.756,-1.800238306,0.001414897,0.001482433,-0.000302586,-0.001382163,0.001482433,,0,
1786043640568304040,1786043640.566556281,/novatel/oem7/odom,/novatel/oem7/fix,/novatel/oem7/odom,39.663,-75.756,-1.800238306,0.001230199,-0.000342006,0.000125394,-0.001223792,-0.000342006,,,
1786043640576198540,1786043640.575633770,/novatel/oem7/odom,/novatel/oem7/fix,/novatel/oem7/odom,39.663,-75.756,-1.800238306,0.001420691,0.001476881,-0.001400273,-0.000240000,0.001476881,,,
1786043640586009175,1786043640.585248048,/novatel/oem7/inspva,/novatel/oem7/inspva,/novatel/oem7/inspva,39.663,-75.756,-1.800226625,0.001108415,0.000637684,0.000253758,-0.001078977,0.000637684,,novatel_oem7_msgs.msg.InertialSolutionStatus(status=3),
1786043640587769888,1786043640.585514954,/novatel/oem7/fix,/novatel/oem7/fix,/novatel/oem7/inspva,39.663,-75.756,-1.800226625,0.001108415,0.000637684,0.000253758,-0.001078977,0.000637684,,0,
1786043640588516215,1786043640.585978561,/novatel/oem7/odom,/novatel/oem7/fix,/novatel/oem7/odom,39.663,-75.756,-1.800226625,0.001110111,0.000634727,-0.001067852,0.000303377,0.000634727,,,
1786043640595197152,1786043640.594475768,/novatel/oem7/odom,/novatel/oem7/fix,/novatel/oem7/odom,39.663,-75.756,-1.800226625,0.001110111,0.000634727,-0.001067852,0.000303377,0.000634727,,,
1786043640607683784,1786043640.606772855,/novatel/oem7/inspva,/novatel/oem7/inspva,/novatel/oem7/inspva,39.663,-75.756,-1.800223256,0.001308174,-0.001347175,-0.000702826,-0.001103338,-0.001347175,,novatel_oem7_msgs.msg.InertialSolutionStatus(status=3),
1786043640608668822,1786043640.606999997,/novatel/oem7/fix,/novatel/oem7/fix,/novatel/oem7/inspva,39.663,-75.756,-1.800223256,0.001308174,-0.001347175,-0.000702826,-0.001103338,-0.001347175,,0,
1786043640609534252,1786043640.607608993,/novatel/oem7/odom,/novatel/oem7/fix,/novatel/oem7/odom,39.663,-75.756,-1.800223256,0.001302384,-0.001352774,-0.001130962,-0.000645854,-0.001352774,,,
1786043640610593318,1786043640.610048457,/novatel/oem7/bestpos,/novatel/oem7/bestpos,/novatel/oem7/odom,39.663,-75.756,33.182321992,0.001302384,-0.001352774,-0.001130962,-0.000645854,-0.001352774,,novatel_oem7_msgs.msg.SolutionStatus(status=0),novatel_oem7_msgs.msg.PositionOrVelocityType(type=53)
1786043640611270032,1786043640.610408388,/novatel/oem7/bestvel,/novatel/oem7/bestpos,/novatel/oem7/bestvel,39.663,-75.756,33.182321992,0.002043102,-0.000809292,,,,238.808833235,novatel_oem7_msgs.msg.SolutionStatus(status=0),novatel_oem7_msgs.msg.PositionOrVelocityType(type=53)
1786043640616163064,1786043640.615493627,/novatel/oem7/odom,/novatel/oem7/bestpos,/novatel/oem7/odom,39.663,-75.756,33.182321992,0.001302384,-0.001352774,-0.001130962,-0.000645854,-0.001352774,,,
1786043640625617815,1786043640.625132075,/novatel/oem7/inspva,/novatel/oem7/inspva,/novatel/oem7/inspva,39.663,-75.756,-1.800191768,0.001549164,-0.000798381,-0.000817137,-0.001316129,-0.000798381,,novatel_oem7_msgs.msg.InertialSolutionStatus(status=3),
1786043640626518037,1786043640.625402895,/novatel/oem7/fix,/novatel/oem7/fix,/novatel/oem7/inspva,39.663,-75.756,-1.800191768,0.001549164,-0.000798381,-0.000817137,-0.001316129,-0.000798381,,0,
1786043640627043494,1786043640.625868216,/novatel/oem7/odom,/novatel/oem7/fix,/novatel/oem7/odom,39.663,-75.756,-1.800191768,0.001545721,-0.000805025,-0.001350868,-0.000751272,-0.000805025,,,
1786043640635294355,1786043640.634684032,/novatel/oem7/odom,/novatel/oem7/fix,/novatel/oem7/odom,39.663,-75.756,-1.800191768,0.001545721,-0.000805025,-0.001350868,-0.000751272,-0.000805025,,,
1786043640646244442,1786043640.645612533,/novatel/oem7/inspva,/novatel/oem7/inspva,/novatel/oem7/inspva,39.663,-75.756,-1.800162565,0.000391217,0.001332599,-0.000209370,-0.000330477,0.001332599,,novatel_oem7_msgs.msg.InertialSolutionStatus(status=3),
1786043640647633071,1786043640.645805174,/novatel/oem7/fix,/novatel/oem7/fix,/novatel/oem7/inspva,39.663,-75.756,-1.800162565,0.000391217,0.001332599,-0.000209370,-0.000330477,0.001332599,,0,
1786043640648168395,1786043640.646620043,/novatel/oem7/odom,/novatel/oem7/fix,/novatel/oem7/odom,39.663,-75.756,-1.800162565,0.000396981,0.001330893,-0.000344786,-0.000196767,0.001330893,,,
1786043640657817467,1786043640.656596880,/novatel/oem7/odom,/novatel/oem7/fix,/novatel/oem7/odom,39.663,-75.756,-1.800162565,0.000396981,0.001330893,-0.000344786,-0.000196767,0.001330893,,,
1786043640666201785,1786043640.665145771,/novatel/oem7/inspva,/novatel/oem7/inspva,/novatel/oem7/inspva,39.663,-75.756,-1.800151072,0.000934662,0.001057828,0.000132282,-0.000925254,0.001057828,,novatel_oem7_msgs.msg.InertialSolutionStatus(status=3),
1786043640667882308,1786043640.665463477,/novatel/oem7/fix,/novatel/oem7/fix,/novatel/oem7/inspva,39.663,-75.756,-1.800151072,0.000934662,0.001057828,0.000132282,-0.000925254,0.001057828,,0,
1786043640668717348,1786043640.666184297,/novatel/oem7/odom,/novatel/oem7/fix,/novatel/oem7/odom,39.663,-75.756,-1.800151072,0.000937808,0.001055040,-0.000921595,0.000173628,0.001055040,,,
1786043640675443721,1786043640.674933163,/novatel/oem7/odom,/novatel/oem7/fix,/novatel/oem7/odom,39.663,-75.756,-1.800151072,0.000937808,0.001055040,-0.000921595,0.000173628,0.001055040,,,
1786043640685675713,1786043640.685353022,/novatel/oem7/inspva,/novatel/oem7/inspva,/novatel/oem7/inspva,39.663,-75.756,-1.800158532,0.001617954,-0.001667768,0.000601068,-0.001502162,-0.001667768,,novatel_oem7_msgs.msg.InertialSolutionStatus(status=3),
1786043640686340523,1786043640.685512001,/novatel/oem7/fix,/novatel/oem7/fix,/novatel/oem7/inspva,39.663,-75.756,-1.800158532,0.001617954,-0.001667768,0.000601068,-0.001502162,-0.001667768,,0,
1786043640687889546,1786043640.686286558,/novatel/oem7/odom,/novatel/oem7/fix,/novatel/oem7/odom,39.663,-75.756,-1.800158532,0.001614401,-0.001671207,-0.001465867,0.000676407,-0.001671207,,,
1786043640695346776,1786043640.694926663,/novatel/oem7/odom,/novatel/oem7/fix,/novatel/oem7/odom,39.663,-75.756,-1.800158532,0.001614401,-0.001671207,-0.001465867,0.000676407,-0.001671207,,,
1786043640706839416,1786043640.706121763,/novatel/oem7/inspva,/novatel/oem7/inspva,/novatel/oem7/inspva,39.663,-75.756,-1.800139997,0.001808568,-0.001703284,-0.000037736,-0.001808174,-0.001703284,,novatel_oem7_msgs.msg.InertialSolutionStatus(status=3),
1786043640707904489,1786043640.706313578,/novatel/oem7/fix,/novatel/oem7/fix,/novatel/oem7/inspva,39.663,-75.756,-1.800139997,0.001808568,-0.001703284,-0.000037736,-0.001808174,-0.001703284,,0,
1786043640708454795,1786043640.706843350,/novatel/oem7/odom,/novatel/oem7/fix,/novatel/oem7/odom,39.663,-75.756,-1.800139997,0.001802748,-0.001709442,-0.001801968,0.000053026,-0.001709442,,,
1786043640710293595,1786043640.709895853,/novatel/oem7/bestpos,/novatel/oem7/bestpos,/novatel/oem7/odom,39.663,-75.756,33.182411510,0.001802748,-0.001709442,-0.001801968,0.000053026,-0.001709442,,novatel_oem7_msgs.msg.SolutionStatus(status=0),novatel_oem7_msgs.msg.PositionOrVelocityType(type=53)
1786043640710982202,1786043640.710445688,/novatel/oem7/bestvel,/novatel/oem7/bestpos,/novatel/oem7/bestvel,39.663,-75.756,33.182411510,0.003197940,-0.000485377,,,,250.520485880,novatel_oem7_msgs.msg.SolutionStatus(status=0),novatel_oem7_msgs.msg.PositionOrVelocityType(type=53)
1786043640714943692,1786043640.714576586,/novatel/oem7/odom,/novatel/oem7/bestpos,/novatel/oem7/odom,39.663,-75.756,33.182411510,0.001802748,-0.001709442,-0.001801968,0.000053026,-0.001709442,,,
1786043640725860846,1786043640.725410885,/novatel/oem7/inspva,/novatel/oem7/inspva,/novatel/oem7/inspva,39.663,-75.756,-1.800114923,0.000486673,0.000964181,-0.000341817,-0.000346428,0.000964181,,novatel_oem7_msgs.msg.InertialSolutionStatus(status=3),
1786043640726828146,1786043640.725608484,/novatel/oem7/fix,/novatel/oem7/fix,/novatel/oem7/inspva,39.663,-75.756,-1.800114923,0.000486673,0.000964181,-0.000341817,-0.000346428,0.000964181,,0,
1786043640727762001,1786043640.726260463,/novatel/oem7/odom,/novatel/oem7/fix,/novatel/oem7/odom,39.663,-75.756,-1.800114923,0.000490823,0.000962075,-0.000365746,-0.000327318,0.000962075,,,
1786043640735921518,1786043640.735171107,/novatel/oem7/odom,/novatel/oem7/fix,/novatel/oem7/odom,39.663,-75.756,-1.800114923,0.000490823,0.000962075,-0.000365746,-0.000327318,0.000962075,,,
1786043640745653886,1786043640.745265423,/novatel/oem7/inspva,/novatel/oem7/inspva,/novatel/oem7/inspva,39.663,-75.756,-1.800100995,0.000535964,0.001183093,-0.000347049,-0.000408428,0.001183093,,novatel_oem7_msgs.msg.InertialSolutionStatus(status=3),
1786043640746914839,1786043640.745447874,/novatel/oem7/fix,/novatel/oem7/fix,/novatel/oem7/inspva,39.663,-75.756,-1.800100995,0.000535964,0.001183093,-0.000347049,-0.000408428,0.001183093,,0,
1786043640747855814,1786043640.745940123,/novatel/oem7/odom,/novatel/oem7/fix,/novatel/oem7/odom,39.663,-75.756,-1.800100995,0.000541082,0.001180761,-0.000428680,-0.000330157,0.001180761,,,
1786043640756957774,1786043640.755858203,/novatel/oem7/odom,/novatel/oem7/fix,/novatel/oem7/odom,39.663,-75.756,-1.800100995,0.000541082,0.001180761,-0.000428680,-0.000330157,0.001180761,,,
1786043640767394526,1786043640.766672746,/novatel/oem7/inspva,/novatel/oem7/inspva,/novatel/oem7/inspva,39.663,-75.756,-1.800099601,0.002283729,-0.000556940,0.001354549,-0.001838645,-0.000556940,,novatel_oem7_msgs.msg.InertialSolutionStatus(status=3),
1786043640768746930,1786043640.766974389,/novatel/oem7/fix,/novatel/oem7/fix,/novatel/oem7/inspva,39.663,-75.756,-1.800099601,0.002283729,-0.000556940,0.001354549,-0.001838645,-0.000556940,,0,
1786043640770070181,1786043640.767456864,/novatel/oem7/odom,/novatel/oem7/fix,/novatel/oem7/odom,39.663,-75.756,-1.800099601,0.002283098,-0.000559523,-0.001769864,0.001442261,-0.000559523,,,
1786043640775772760,1786043640.775221770,/novatel/oem7/odom,/novatel/oem7/fix,/novatel/oem7/odom,39.663,-75.756,-1.800099601,0.002283098,-0.000559523,-0.001769864,0.001442261,-0.000559523,,,
1786043640785656467,1786043640.785017602,/novatel/oem7/inspva,/novatel/oem7/inspva,/novatel/oem7/inspva,39.663,-75.756,-1.800080234,0.002598632,-0.001200364,0.000502360,-0.002549612,-0.001200364,,novatel_oem7_msgs.msg.InertialSolutionStatus(status=3),
1786043640786652887,1786043640.785251085,/novatel/oem7/fix,/novatel/oem7/fix,/novatel/oem7/inspva,39.663,-75.756,-1.800080234,0.002598632,-0.001200364,0.000502360,-0.002549612,-0.001200364,,0,
1786043640787370209,1786043640.785556601,/novatel/oem7/odom,/novatel/oem7/fix,/novatel/oem7/odom,39.663,-75.756,-1.800080234,0.002595293,-0.001207565,-0.002518508,0.000626632,-0.001207565,,,
1786043640795681781,1786043640.795044234,/novatel/oem7/odom,/novatel/oem7/fix,/novatel/oem7/odom,39.663,-75.756,-1.800080234,0.002595293,-0.001207565,-0.002518508,0.000626632,-0.001207565,,,
1786043640806823847,1786043640.806366968,/novatel/oem7/inspva,/novatel/oem7/inspva,/novatel/oem7/inspva,39.663,-75.756,-1.800050208,0.000847749,0.000921378,-0.000840215,0.000112768,0.000921378,,novatel_oem7_msgs.msg.InertialSolutionStatus(status=3),
1786043640807853892,1786043640.806592581,/novatel/oem7/fix,/novatel/oem7/fix,/novatel/oem7/inspva,39.663,-75.756,-1.800050208,0.000847749,0.000921378,-0.000840215,0.000112768,0.000921378,,0,
1786043640808401480,1786043640.807141039,/novatel/oem7/odom,/novatel/oem7/fix,/novatel/oem7/odom,39.663,-75.756,-1.800050208,0.000849814,0.000919474,0.000069270,-0.000846986,0.000919474,,,
1786043640810753136,1786043640.810315624,/novatel/oem7/bestpos,/novatel/oem7/bestpos,/novatel/oem7/odom,39.663,-75.756,33.182490813,0.000849814,0.000919474,0.000069270,-0.000846986,0.000919474,,novatel_oem7_msgs.msg.SolutionStatus(status=0),novatel_oem7_msgs.msg.PositionOrVelocityType(type=53)
1786043640811494252,1786043640.810647277,/novatel/oem7/bestvel,/novatel/oem7/bestpos,/novatel/oem7/bestvel,39.663,-75.756,33.182490813,0.000327756,0.000712393,,,,191.599056175,novatel_oem7_msgs.msg.SolutionStatus(status=0),novatel_oem7_msgs.msg.PositionOrVelocityType(type=53)
1786043640815314343,1786043640.814904029,/novatel/oem7/odom,/novatel/oem7/bestpos,/novatel/oem7/odom,39.663,-75.756,33.182490813,0.000849814,0.000919474,0.000069270,-0.000846986,0.000919474,,,
1786043640827619731,1786043640.826088739,/novatel/oem7/inspva,/novatel/oem7/inspva,/novatel/oem7/inspva,39.663,-75.756,-1.800032873,0.001000621,0.001417435,-0.000504610,-0.000864067,0.001417435,,novatel_oem7_msgs.msg.InertialSolutionStatus(status=3),
1786043640829668984,1786043640.826325434,/novatel/oem7/fix,/novatel/oem7/fix,/novatel/oem7/inspva,39.663,-75.756,-1.800032873,0.001000621,0.001417435,-0.000504610,-0.000864067,0.001417435,,0,
1786043640832448423,1786043640.826881280,/novatel/oem7/odom,/novatel/oem7/fix,/novatel/oem7/odom,39.663,-75.756,-1.800032873,0.001006703,0.001413122,-0.000892179,-0.000466334,0.001413122,,,
1786043640841205367,1786043640.834523194,/novatel/oem7/odom,/novatel/oem7/fix,/novatel/oem7/odom,39.663,-75.756,-1.800032873,0.001006703,0.001413122,-0.000892179,-0.000466334,0.001413122,,,
1786043640846485302,1786043640.845255800,/novatel/oem7/inspva,/novatel/oem7/inspva,/novatel/oem7/inspva,39.663,-75.756,-1.800029677,0.003056454,-0.000152666,0.001763877,-0.002496127,-0.000152666,,novatel_oem7_msgs.msg.InertialSolutionStatus(status=3),
1786043640847697374,1786043640.845533825,/novatel/oem7/fix,/novatel/oem7/fix,/novatel/oem7/inspva,39.663,-75.756,-1.800029677,0.003056454,-0.000152666,0.001763877,-0.002496127,-0.000152666,,0,
1786043640849326195,1786043640.846079961,/novatel/oem7/odom,/novatel/oem7/fix,/novatel/oem7/odom,39.663,-75.756,-1.800029677,0.003056268,-0.000156343,-0.002408444,0.001881534,-0.000156343,,,
1786043640856834154,1786043640.856394226,/novatel/oem7/odom,/novatel/oem7/fix,/novatel/oem7/odom,39.663,-75.756,-1.800029677,0.003056268,-0.000156343,-0.002408444,0.001881534,-0.000156343,,,
1786043640865799942,1786043640.865051537,/novatel/oem7/inspva,/novatel/oem7/inspva,/novatel/oem7/inspva,39.663,-75.756,-1.800014924,0.002606847,-0.000865893,0.000890138,-0.002450164,-0.000865893,,novatel_oem7_msgs.msg.InertialSolutionStatus(status=3),
1786043640867019290,1786043640.865366527,/novatel/oem7/fix,/novatel/oem7/fix,/novatel/oem7/inspva,39.663,-75.756,-1.800014924,0.002606847,-0.000865893,0.000890138,-0.002450164,-0.000865893,,0,
1786043640867845760,1786043640.866019356,/novatel/oem7/odom,/novatel/oem7/fix,/novatel/oem7/odom,39.663,-75.756,-1.800014924,0.002604880,-0.000871793,-0.002401790,0.001008367,-0.000871793,,,
1786043640874974427,1786043640.874545857,/novatel/oem7/odom,/novatel/oem7/fix,/novatel/oem7/odom,39.663,-75.756,-1.800014924,0.002604880,-0.000871793,-0.002401790,0.001008367,-0.000871793,,,
1786043640886844227,1786043640.886511527,/novatel/oem7/inspva,/novatel/oem7/inspva,/novatel/oem7/inspva,39.663,-75.756,-1.799998607,0.001500613,-0.000026901,-0.000915010,-0.001189368,-0.000026901,,novatel_oem7_msgs.msg.InertialSolutionStatus(status=3),
1786043640887508911,1786043640.886701859,/novatel/oem7/fix,/novatel/oem7/fix,/novatel/oem7/inspva,39.663,-75.756,-1.799998607,0.001500613,-0.000026901,-0.000915010,-0.001189368,-0.000026901,,0,
1786043640887989102,1786043640.887032972,/novatel/oem7/odom,/novatel/oem7/fix,/novatel/oem7/odom,39.663,-75.756,-1.799998607,0.001500483,-0.000033348,-0.001231627,-0.000857057,-0.000033348,,,
1786043640895246519,1786043640.894865204,/novatel/oem7/odom,/novatel/oem7/fix,/novatel/oem7/odom,39.663,-75.756,-1.799998607,0.001500483,-0.000033348,-0.001231627,-0.000857057,-0.000033348,,,
1786043640906294504,1786043640.905859637,/novatel/oem7/inspva,/novatel/oem7/inspva,/novatel/oem7/inspva,39.663,-75.756,-1.799980822,0.001050439,0.001007054,-0.000582415,-0.000874194,0.001007054,,novatel_oem7_msgs.msg.InertialSolutionStatus(status=3),
1786043640906966594,1786043640.906041729,/novatel/oem7/fix,/novatel/oem7/fix,/novatel/oem7/inspva,39.663,-75.756,-1.799980822,0.001050439,0.001007054,-0.000582415,-0.000874194,0.001007054,,0,
1786043640907515116,1786043640.906466120,/novatel/oem7/odom,/novatel/oem7/fix,/novatel/oem7/odom,39.663,-75.756,-1.799980822,0.001054743,0.001002545,-0.000904532,-0.000542498,0.001002545,,,
1786043640909691958,1786043640.909266767,/novatel/oem7/bestpos,/novatel/oem7/bestpos,/novatel/oem7/odom,39.663,-75.756,33.182577552,0.001054743,0.001002545,-0.000904532,-0.000542498,0.001002545,,novatel_oem7_msgs.msg.SolutionStatus(status=0),novatel_oem7_msgs.msg.PositionOrVelocityType(type=53)
1786043640910348062,1786043640.909660027,/novatel/oem7/bestvel,/novatel/oem7/bestpos,/novatel/oem7/bestvel,39.663,-75.756,33.182577552,0.001091670,0.000919425,,,,255.805086510,novatel_oem7_msgs.msg.SolutionStatus(status=0),novatel_oem7_msgs.msg.PositionOrVelocityType(type=53)
1786043640915785554,1786043640.915401427,/novatel/oem7/odom,/novatel/oem7/bestpos,/novatel/oem7/odom,39.663,-75.756,33.182577552,0.001054743,0.001002545,-0.000904532,-0.000542498,0.001002545,,,
1786043640925666677,1786043640.925186256,/novatel/oem7/inspva,/novatel/oem7/inspva,/novatel/oem7/inspva,39.663,-75.756,-1.799975234,0.002665977,0.000601883,0.001311825,-0.002320894,0.000601883,,novatel_oem7_msgs.msg.InertialSolutionStatus(status=3),
1786043640926300211,1786043640.925364028,/novatel/oem7/fix,/novatel/oem7/fix,/novatel/oem7/inspva,39.663,-75.756,-1.799975234,0.002665977,0.000601883,0.001311825,-0.002320894,0.000601883,,0,
1786043640926817705,1786043640.925824688,/novatel/oem7/odom,/novatel/oem7/fix,/novatel/oem7/odom,39.663,-75.756,-1.799975234,0.002666974,0.000597451,-0.002257674,0.001419739,0.000597451,,,
1786043640935259523,1786043640.934890945,/novatel/oem7/odom,/novatel/oem7/fix,/novatel/oem7/odom,39.663,-75.756,-1.799975234,0.002666974,0.000597451,-0.002257674,0.001419739,0.000597451,,,
1786043640945696590,1786043640.945291423,/novatel/oem7/inspva,/novatel/oem7/inspva,/novatel/oem7/inspva,39.663,-75.756,-1.799962342,0.003290079,-0.000024197,0.001348261,-0.003001135,-0.000024197,,novatel_oem7_msgs.msg.InertialSolutionStatus(status=3),
1786043640946303491,1786043640.945472262,/novatel/oem7/fix,/novatel/oem7/fix,/novatel/oem7/inspva,39.663,-75.756,-1.799962342,0.003290079,-0.000024197,0.001348261,-0.003001135,-0.000024197,,0,
1786043640946799716,1786043640.946016147,/novatel/oem7/odom,/novatel/oem7/fix,/novatel/oem7/odom,39.663,-75.756,-1.799962342,0.003290025,-0.000030729,-0.002933184,0.001490200,-0.000030729,,,
1786043640956205872,1786043640.955827857,/novatel/oem7/odom,/novatel/oem7/fix,/novatel/oem7/odom,39.663,-75.756,-1.799962342,0.003290025,-0.000030729,-0.002933184,0.001490200,-0.000030729,,,
1786043640965687642,1786043640.965367024,/novatel/oem7/inspva,/novatel/oem7/inspva,/novatel/oem7/inspva,39.663,-75.756,-1.799954630,0.001183086,-0.000793131,-0.000413149,-0.001108603,-0.000793131,,novatel_oem7_msgs.msg.InertialSolutionStatus(status=3),
1786043640966264553,1786043640.965579062,/novatel/oem7/fix,/novatel/oem7/fix,/novatel/oem7/inspva,39.663,-75.756,-1.799954630,0.001183086,-0.000793131,-0.000413149,-0.001108603,-0.000793131,,0,
1786043640966925962,1786043640.966175472,/novatel/oem7/odom,/novatel/oem7/fix,/novatel/oem7/odom,39.663,-75.756,-1.799954630,0.001179859,-0.000797923,-0.001124323,-0.000357724,-0.000797923,,,
1786043640975929255,1786043640.975468186,/novatel/oem7/odom,/novatel/oem7/fix,/novatel/oem7/odom,39.663,-75.756,-1.799954630,0.001179859,-0.000797923,-0.001124323,-0.000357724,-0.000797923,,,
1786043640985459530,1786043640.985173191,/novatel/oem7/inspva,/novatel/oem7/inspva,/novatel/oem7/inspva,39.663,-75.756,-1.799924632,0.002076052,0.000486606,-0.000528997,-0.002007525,0.000486606,,novatel_oem7_msgs.msg.InertialSolutionStatus(status=3),
1786043640986017245,1786043640.985348326,/novatel/oem7/fix,/novatel/oem7/fix,/novatel/oem7/inspva,39.663,-75.756,-1.799924632,0.002076052,0.000486606,-0.000528997,-0.002007525,0.000486606,,0,
1786043640986473908,1786043640.985732830,/novatel/oem7/odom,/novatel/oem7/fix,/novatel/oem7/odom,39.663,-75.756,-1.799924632,0.002077952,0.000478429,-0.002032193,-0.000433679,0.000478429,,,
1786043640994811699,1786043640.994442912,/novatel/oem7/odom,/novatel/oem7/fix,/novatel/oem7/odom,39.663,-75.756,-1.799924632,0.002077952,0.000478429,-0.002032193,-0.000433679,0.000478429,,,
1786043641010503448,1786043641.010216164,/novatel/oem7/inspva,/novatel/oem7/inspva,/novatel/oem7/inspva,39.663,-75.756,-1.799897154,0.002721811,0.002335255,0.001325440,-0.002377281,0.002335255,,novatel_oem7_msgs.msg.InertialSolutionStatus(status=3),
1786043641011716215,1786043641.010383171,/novatel/oem7/fix,/novatel/oem7/fix,/novatel/oem7/inspva,39.663,-75.756,-1.799897154,0.002721811,0.002335255,0.001325440,-0.002377281,0.002335255,,0,
1786043641012711807,1786043641.011909383,/novatel/oem7/odom,/novatel/oem7/fix,/novatel/oem7/odom,39.663,-75.756,-1.799897154,0.002725737,0.002330671,-0.002319430,0.001431743,0.002330671,,,
1786043641016299172,1786043641.015948736,/novatel/oem7/odom,/novatel/oem7/fix,/novatel/oem7/odom,39.663,-75.756,-1.799897154,0.002725737,0.002330671,-0.002319430,0.001431743,0.002330671,,,
1786043641026808929,1786043641.026483566,/novatel/oem7/bestpos,/novatel/oem7/bestpos,/novatel/oem7/odom,39.663,-75.756,33.182653675,0.002725737,0.002330671,-0.002319430,0.001431743,0.002330671,,novatel_oem7_msgs.msg.SolutionStatus(status=0),novatel_oem7_msgs.msg.PositionOrVelocityType(type=53)
1786043641027482478,1786043641.026939364,/novatel/oem7/bestvel,/novatel/oem7/bestpos,/novatel/oem7/bestvel,39.663,-75.756,33.182653675,0.002308444,0.001792381,,,,314.400942482,novatel_oem7_msgs.msg.SolutionStatus(status=0),novatel_oem7_msgs.msg.PositionOrVelocityType(type=53)
1786043641028092257,1786043641.027339665,/novatel/oem7/inspva,/novatel/oem7/inspva,/novatel/oem7/inspva,39.663,-75.756,-1.799885503,0.002922464,0.000840472,0.001280514,-0.002626990,0.000840472,,novatel_oem7_msgs.msg.InertialSolutionStatus(status=3),
1786043641028482448,1786043641.027496819,/novatel/oem7/fix,/novatel/oem7/fix,/novatel/oem7/inspva,39.663,-75.756,-1.799885503,0.002922464,0.000840472,0.001280514,-0.002626990,0.000840472,,0,
1786043641029141538,1786043641.027848333,/novatel/oem7/odom,/novatel/oem7/fix,/novatel/oem7/odom,39.663,-75.756,-1.799885503,0.002924066,0.000834882,-0.002565733,0.001402560,0.000834882,,,
1786043641039407442,1786043641.039069426,/novatel/oem7/odom,/novatel/oem7/fix,/novatel/oem7/odom,39.663,-75.756,-1.799885503,0.002924066,0.000834882,-0.002565733,0.001402560,0.000834882,,,
1786043641045725847,1786043641.045437022,/novatel/oem7/inspva,/novatel/oem7/inspva,/novatel/oem7/inspva,39.663,-75.756,-1.799902049,0.002421261,-0.000863871,-0.000046761,-0.002420810,-0.000863871,,novatel_oem7_msgs.msg.InertialSolutionStatus(status=3),
1786043641046325666,1786043641.045591773,/novatel/oem7/fix,/novatel/oem7/fix,/novatel/oem7/inspva,39.663,-75.756,-1.799902049,0.002421261,-0.000863871,-0.000046761,-0.002420810,-0.000863871,,0,
1786043641047009524,1786043641.046281757,/novatel/oem7/odom,/novatel/oem7/fix,/novatel/oem7/odom,39.663,-75.756,-1.799902049,0.002418306,-0.000872111,-0.002417259,0.000071127,-0.000872111,,,
1786043641056920376,1786043641.056427583,/novatel/oem7/odom,/novatel/oem7/fix,/novatel/oem7/odom,39.663,-75.756,-1.799902049,0.002418306,-0.000872111,-0.002417259,0.000071127,-0.000872111,,,
1786043641066775604,1786043641.066481358,/novatel/oem7/inspva,/novatel/oem7/inspva,/novatel/oem7/inspva,39.663,-75.756,-1.799914091,0.001704343,-0.000203054,-0.000191808,-0.001693515,-0.000203054,,novatel_oem7_msgs.msg.InertialSolutionStatus(status=3),
1786043641067455480,1786043641.066637883,/novatel/oem7/fix,/novatel/oem7/fix,/novatel/oem7/inspva,39.663,-75.756,-1.799914091,0.001704343,-0.000203054,-0.000191808,-0.001693515,-0.000203054,,0,
1786043641067931919,1786043641.067070827,/novatel/oem7/odom,/novatel/oem7/fix,/novatel/oem7/odom,39.663,-75.756,-1.799914091,0.001703592,-0.000209257,-0.001700028,-0.000110135,-0.000209257,,,
1786043641074833076,1786043641.074440009,/novatel/oem7/odom,/novatel/oem7/fix,/novatel/oem7/odom,39.663,-75.756,-1.799914091,0.001703592,-0.000209257,-0.001700028,-0.000110135,-0.000209257,,,
1786043641085734781,1786043641.085314836,/novatel/oem7/inspva,/novatel/oem7/inspva,/novatel/oem7/inspva,39.663,-75.756,-1.799912198,0.002319126,0.002014189,0.000207737,-0.002309803,0.002014189,,novatel_oem7_msgs.msg.InertialSolutionStatus(status=3),
1786043641086308877,1786043641.085467624,/novatel/oem7/fix,/novatel/oem7/fix,/novatel/oem7/inspva,39.663,-75.756,-1.799912198,0.002319126,0.002014189,0.000207737,-0.002309803,0.002014189,,0,
1786043641086984876,1786043641.086113431,/novatel/oem7/odom,/novatel/oem7/fix,/novatel/oem7/odom,39.663,-75.756,-1.799912198,0.002325472,0.002006859,-0.002304326,0.000312889,0.002006859,,,
1786043641095918778,1786043641.095578584,/novatel/oem7/odom,/novatel/oem7/fix,/novatel/oem7/odom,39.663,-75.756,-1.799912198,0.002325472,0.002006859,-0.002304326,0.000312889,0.002006859,,,
1786043641106256196,1786043641.105875648,/novatel/oem7/inspva,/novatel/oem7/inspva,/novatel/oem7/inspva,39.663,-75.756,-1.799936569,0.002696100,0.001192173,0.001086435,-0.002467512,0.001192173,,novatel_oem7_msgs.msg.InertialSolutionStatus(status=3),
1786043641106832912,1786043641.106034313,/novatel/oem7/fix,/novatel/oem7/fix,/novatel/oem7/inspva,39.663,-75.756,-1.799936569,0.002696100,0.001192173,0.001086435,-0.002467512,0.001192173,,0,
1786043641107346566,1786043641.106572388,/novatel/oem7/odom,/novatel/oem7/fix,/novatel/oem7/odom,39.663,-75.756,-1.799936569,0.002698540,0.001186639,-0.002416954,0.001200187,0.001186639,,,
1786043641109966288,1786043641.109638328,/novatel/oem7/bestpos,/novatel/oem7/bestpos,/novatel/oem7/odom,39.663,-75.756,33.182560778,0.002698540,0.001186639,-0.002416954,0.001200187,0.001186639,,novatel_oem7_msgs.msg.SolutionStatus(status=0),novatel_oem7_msgs.msg.PositionOrVelocityType(type=53)
1786043641110595460,1786043641.110246674,/novatel/oem7/bestvel,/novatel/oem7/bestpos,/novatel/oem7/bestvel,39.663,-75.756,33.182560778,0.001896736,0.000721835,,,,304.948459816,novatel_oem7_msgs.msg.SolutionStatus(status=0),novatel_oem7_msgs.msg.PositionOrVelocityType(type=53)
1786043641114828239,1786043641.114407868,/novatel/oem7/odom,/novatel/oem7/bestpos,/novatel/oem7/odom,39.663,-75.756,33.182560778,0.002698540,0.001186639,-0.002416954,0.001200187,0.001186639,,,
1786043641126856682,1786043641.126564781,/novatel/oem7/inspva,/novatel/oem7/inspva,/novatel/oem7/inspva,39.663,-75.756,-1.799970070,0.002814955,-0.001533942,0.000417868,-0.002783767,-0.001533942,,novatel_oem7_msgs.msg.InertialSolutionStatus(status=3),
1786043641127537394,1786043641.126713532,/novatel/oem7/fix,/novatel/oem7/fix,/novatel/oem7/inspva,39.663,-75.756,-1.799970070,0.002814955,-0.001533942,0.000417868,-0.002783767,-0.001533942,,0,
1786043641128028277,1786043641.127156543,/novatel/oem7/odom,/novatel/oem7/fix,/novatel/oem7/odom,39.663,-75.756,-1.799970070,0.002810447,-0.001542184,-0.002755252,0.000554257,-0.001542184,,,
1786043641135407852,1786043641.135061994,/novatel/oem7/odom,/novatel/oem7/fix,/novatel/oem7/odom,39.663,-75.756,-1.799970070,0.002810447,-0.001542184,-0.002755252,0.000554257,-0.001542184,,,
1786043641145331180,1786043641.145047802,/novatel/oem7/inspva,/novatel/oem7/inspva,/novatel/oem7/inspva,39.663,-75.756,-1.799973861,0.001914811,-0.000384508,0.000583522,-0.001823734,-0.000384508,,novatel_oem7_msgs.msg.InertialSolutionStatus(status=3),
1786043641145943796,1786043641.145190530,/novatel/oem7/fix,/novatel/oem7/fix,/novatel/oem7/inspva,39.663,-75.756,-1.799973861,0.001914811,-0.000384508,0.000583522,-0.001823734,-0.000384508,,0,
1786043641146442553,1786043641.145539157,/novatel/oem7/odom,/novatel/oem7/fix,/novatel/oem7/odom,39.663,-75.756,-1.799973861,0.001913882,-0.000389104,-0.001792407,0.000670986,-0.000389104,,,
1786043641156273074,1786043641.155902665,/novatel/oem7/odom,/novatel/oem7/fix,/novatel/oem7/odom,39.663,-75.756,-1.799973861,0.001913882,-0.000389104,-0.001792407,0.000670986,-0.000389104,,,
1786043641165556292,1786043641.165240897,/novatel/oem7/inspva,/novatel/oem7/inspva,/novatel/oem7/inspva,39.663,-75.756,-1.799965315,0.000931790,0.001934646,-0.000043253,-0.000930785,0.001934646,,novatel_oem7_msgs.msg.InertialSolutionStatus(status=3),
1786043641166197122,1786043641.165395415,/novatel/oem7/fix,/novatel/oem7/fix,/novatel/oem7/inspva,39.663,-75.756,-1.799965315,0.000931790,0.001934646,-0.000043253,-0.000930785,0.001934646,,0,
1786043641166932446,1786043641.166028877,/novatel/oem7/odom,/novatel/oem7/fix,/novatel/oem7/odom,39.663,-75.756,-1.799965315,0.000938609,0.001931346,-0.000938603,-0.000003531,0.001931346,,,
1786043641175266714,1786043641.174887111,/novatel/oem7/odom,/novatel/oem7/fix,/novatel/oem7/odom,39.663,-75.756,-1.799965315,0.000938609,0.001931346,-0.000938603,-0.000003531,0.001931346,,,
1786043641186624299,1786043641.186202129,/novatel/oem7/inspva,/novatel/oem7/inspva,/novatel/oem7/inspva,39.663,-75.756,-1.799976636,0.002064834,0.001642504,0.000945623,-0.001835575,0.001642504,,novatel_oem7_msgs.msg.InertialSolutionStatus(status=3),
1786043641187291138,1786043641.186353454,/novatel/oem7/fix,/novatel/oem7/fix,/novatel/oem7/inspva,39.663,-75.756,-1.799976636,0.002064834,0.001642504,0.000945623,-0.001835575,0.001642504,,0,
1786043641187788511,1786043641.186848455,/novatel/oem7/odom,/novatel/oem7/fix,/novatel/oem7/odom,39.663,-75.756,-1.799976636,0.002067843,0.001638713,-0.001794097,0.001028199,0.001638713,,,
1786043641195031602,1786043641.194613245,/novatel/oem7/odom,/novatel/oem7/fix,/novatel/oem7/odom,39.663,-75.756,-1.799976636,0.002067843,0.001638713,-0.001794097,0.001028199,0.001638713,,,
1786043641206651804,1786043641.206344590,/novatel/oem7/inspva,/novatel/oem7/inspva,/novatel/oem7/inspva,39.663,-75.756,-1.800005650,0.002908302,-0.001015885,0.001005425,-0.002728981,-0.001015885,,novatel_oem7_msgs.msg.InertialSolutionStatus(status=3),
1786043641207355036,1786043641.206506224,/novatel/oem7/fix,/novatel/oem7/fix,/novatel/oem7/inspva,39.663,-75.756,-1.800005650,0.002908302,-0.001015885,0.001005425,-0.002728981,-0.001015885,,0,
1786043641208080028,1786043641.207102287,/novatel/oem7/odom,/novatel/oem7/fix,/novatel/oem7/odom,39.663,-75.756,-1.800005650,0.002906007,-0.001022430,-0.002674254,0.001137208,-0.001022430,,,
1786043641210663416,1786043641.210326042,/novatel/oem7/bestpos,/novatel/oem7/bestpos,/novatel/oem7/odom,39.663,-75.756,33.182504312,0.002906007,-0.001022430,-0.002674254,0.001137208,-0.001022430,,novatel_oem7_msgs.msg.SolutionStatus(status=0),novatel_oem7_msgs.msg.PositionOrVelocityType(type=53)
1786043641211329957,1786043641.210813607,/novatel/oem7/bestvel,/novatel/oem7/bestpos,/novatel/oem7/bestvel,39.663,-75.756,33.182504312,0.003710718,-0.000563549,,,,285.320386945,novatel_oem7_msgs.msg.SolutionStatus(status=0),novatel_oem7_msgs.msg.PositionOrVelocityType(type=53)
1786043641215910310,1786043641.215546810,/novatel/oem7/odom,/novatel/oem7/bestpos,/novatel/oem7/odom,39.663,-75.756,33.182504312,0.002906007,-0.001022430,-0.002674254,0.001137208,-0.001022430,,,
1786043641225435952,1786043641.225125301,/novatel/oem7/inspva,/novatel/oem7/inspva,/novatel/oem7/inspva,39.663,-75.756,-1.800008176,0.002076469,-0.000871455,0.001093844,-0.001765001,-0.000871455,,novatel_oem7_msgs.msg.InertialSolutionStatus(status=3),
1786043641226045030,1786043641.225269165,/novatel/oem7/fix,/novatel/oem7/fix,/novatel/oem7/inspva,39.663,-75.756,-1.800008176,0.002076469,-0.000871455,0.001093844,-0.001765001,-0.000871455,,0,
1786043641226567240,1786043641.225745013,/novatel/oem7/odom,/novatel/oem7/fix,/novatel/oem7/odom,39.663,-75.756,-1.800008176,0.002075170,-0.000874543,-0.001707641,0.001179106,-0.000874543,,,
1786043641235327334,1786043641.234611717,/novatel/oem7/odom,/novatel/oem7/fix,/novatel/oem7/odom,39.663,-75.756,-1.800008176,0.002075170,-0.000874543,-0.001707641,0.001179106,-0.000874543,,,
1786043641246597354,1786043641.245996155,/novatel/oem7/inspva,/novatel/oem7/inspva,/novatel/oem7/inspva,39.663,-75.756,-1.799988632,0.000800832,0.001918517,-0.000128294,-0.000790489,0.001918517,,novatel_oem7_msgs.msg.InertialSolutionStatus(status=3),
1786043641247943321,1786043641.246131850,/novatel/oem7/fix,/novatel/oem7/fix,/novatel/oem7/inspva,39.663,-75.756,-1.799988632,0.000800832,0.001918517,-0.000128294,-0.000790489,0.001918517,,0,
1786043641248992128,1786043641.246661675,/novatel/oem7/odom,/novatel/oem7/fix,/novatel/oem7/odom,39.663,-75.756,-1.799988632,0.000808119,0.001915459,-0.000802504,-0.000095102,0.001915459,,,
1786043641257400737,1786043641.256704323,/novatel/oem7/odom,/novatel/oem7/fix,/novatel/oem7/odom,39.663,-75.756,-1.799988632,0.000808119,0.001915459,-0.000802504,-0.000095102,0.001915459,,,
1786043641265751289,1786043641.265172926,/novatel/oem7/inspva,/novatel/oem7/inspva,/novatel/oem7/inspva,39.663,-75.756,-1.800005158,0.000519200,0.001217492,0.000398175,-0.000333205,0.001217492,,novatel_oem7_msgs.msg.InertialSolutionStatus(status=3),
1786043641267108179,1786043641.265324251,/novatel/oem7/fix,/novatel/oem7/fix,/novatel/oem7/inspva,39.663,-75.756,-1.800005158,0.000519200,0.001217492,0.000398175,-0.000333205,0.001217492,,0,
1786043641268197876,1786043641.265798576,/novatel/oem7/odom,/novatel/oem7/fix,/novatel/oem7/odom,39.663,-75.756,-1.800005158,0.000519421,0.001217398,-0.000318091,0.000410629,0.001217398,,,
1786043641276259402,1786043641.275576568,/novatel/oem7/odom,/novatel/oem7/fix,/novatel/oem7/odom,39.663,-75.756,-1.800005158,0.000519421,0.001217398,-0.000318091,0.000410629,0.001217398,,,
1786043641286031411,1786043641.285406645,/novatel/oem7/inspva,/novatel/oem7/inspva,/novatel/oem7/inspva,39.663,-75.756,-1.800028386,0.002770555,-0.000231334,0.001787908,-0.002116450,-0.000231334,,novatel_oem7_msgs.msg.InertialSolutionStatus(status=3),
1786043641287767948,1786043641.285553876,/novatel/oem7/fix,/novatel/oem7/fix,/novatel/oem7/inspva,39.663,-75.756,-1.800028386,0.002770555,-0.000231334,0.001787908,-0.002116450,-0.000231334,,0,
1786043641288811648,1786043641.286506932,/novatel/oem7/odom,/novatel/oem7/fix,/novatel/oem7/odom,39.663,-75.756,-1.800028386,0.002770348,-0.000233806,-0.002027772,0.001887582,-0.000233806,,,
1786043641295892891,1786043641.295171567,/novatel/oem7/odom,/novatel/oem7/fix,/novatel/oem7/odom,39.663,-75.756,-1.800028386,0.002770348,-0.000233806,-0.002027772,0.001887582,-0.000233806,,,
1786043641306505839,1786043641.305925519,/novatel/oem7/inspva,/novatel/oem7/inspva,/novatel/oem7/inspva,39.663,-75.756,-1.800037539,0.002223118,-0.000748543,0.001112400,-0.001924791,-0.000748543,,novatel_oem7_msgs.msg.InertialSolutionStatus(status=3),
1786043641307857558,1786043641.306127808,/novatel/oem7/fix,/novatel/oem7/fix,/novatel/oem7/inspva,39.663,-75.756,-1.800037539,0.002223118,-0.000748543,0.001112400,-0.001924791,-0.000748543,,0,
1786043641308929109,1786043641.306472748,/novatel/oem7/odom,/novatel/oem7/fix,/novatel/oem7/odom,39.663,-75.756,-1.800037539,0.002221897,-0.000752160,-0.001866798,0.001204945,-0.000752160,,,
1786043641310444880,1786043641.309535088,/novatel/oem7/bestpos,/novatel/oem7/bestpos,/novatel/oem7/odom,39.663,-75.756,33.182479505,0.002221897,-0.000752160,-0.001866798,0.001204945,-0.000752160,,novatel_oem7_msgs.msg.SolutionStatus(status=0),novatel_oem7_msgs.msg.PositionOrVelocityType(type=53)
1786043641311873641,1786043641.310339949,/novatel/oem7/bestvel,/novatel/oem7/bestpos,/novatel/oem7/bestvel,39.663,-75.756,33.182479505,0.001619955,-0.000329031,,,,274.047031730,novatel_oem7_msgs.msg.SolutionStatus(status=0),novatel_oem7_msgs.msg.PositionOrVelocityType(type=53)
1786043641315402969,1786043641.314739035,/novatel/oem7/odom,/novatel/oem7/bestpos,/novatel/oem7/odom,39.663,-75.756,33.182479505,0.002221897,-0.000752160,-0.001866798,0.001204945,-0.000752160,,,
1786043641325880215,1786043641.325334029,/novatel/oem7/inspva,/novatel/oem7/inspva,/novatel/oem7/inspva,39.663,-75.756,-1.800024596,0.001412428,0.001091893,-0.000257742,-0.001388712,0.001091893,,novatel_oem7_msgs.msg.InertialSolutionStatus(status=3),
1786043641327212251,1786043641.325530568,/novatel/oem7/fix,/novatel/oem7/fix,/novatel/oem7/inspva,39.663,-75.756,-1.800024596,0.001412428,0.001091893,-0.000257742,-0.001388712,0.001091893,,0,
1786043641328260488,1786043641.326103597,/novatel/oem7/odom,/novatel/oem7/fix,/novatel/oem7/odom,39.663,-75.756,-1.800024596,0.001416589,0.001086489,-0.001403274,-0.000193764,0.001086489,,,
1786043641336202126,1786043641.335567567,/novatel/oem7/odom,/novatel/oem7/fix,/novatel/oem7/odom,39.663,-75.756,-1.800024596,0.001416589,0.001086489,-0.001403274,-0.000193764,0.001086489,,,
1786043641345620052,1786043641.345067767,/novatel/oem7/inspva,/novatel/oem7/inspva,/novatel/oem7/inspva,39.663,-75.756,-1.800036403,0.000506220,0.000969979,-0.000190890,-0.000468849,0.000969979,,novatel_oem7_msgs.msg.InertialSolutionStatus(status=3),
1786043641346957878,1786043641.345247812,/novatel/oem7/fix,/novatel/oem7/fix,/novatel/oem7/inspva,39.663,-75.756,-1.800036403,0.000506220,0.000969979,-0.000190890,-0.000468849,0.000969979,,0,
1786043641348443966,1786043641.345705166,/novatel/oem7/odom,/novatel/oem7/fix,/novatel/oem7/odom,39.663,-75.756,-1.800036403,0.000510238,0.000967871,-0.000480854,-0.000170651,0.000967871,,,
1786043641356328043,1786043641.355676367,/novatel/oem7/odom,/novatel/oem7/fix,/novatel/oem7/odom,39.663,-75.756,-1.800036403,0.000510238,0.000967871,-0.000480854,-0.000170651,0.000967871,,,
1786043641367589644,1786043641.367025772,/novatel/oem7/inspva,/novatel/oem7/inspva,/novatel/oem7/inspva,39.663,-75.756,-1.800048222,0.002680985,0.000643907,0.001704625,-0.002069284,0.000643907,,novatel_oem7_msgs.msg.InertialSolutionStatus(status=3),
1786043641368929111,1786043641.367203534,/novatel/oem7/fix,/novatel/oem7/fix,/novatel/oem7/inspva,39.663,-75.756,-1.800048222,0.002680985,0.000643907,0.001704625,-0.002069284,0.000643907,,0,
1786043641369996607,1786043641.367672841,/novatel/oem7/odom,/novatel/oem7/fix,/novatel/oem7/odom,39.663,-75.756,-1.800048222,0.002681612,0.000641290,-0.001987748,0.001799973,0.000641290,,,
1786043641375594089,1786043641.374915592,/novatel/oem7/odom,/novatel/oem7/fix,/novatel/oem7/odom,39.663,-75.756,-1.800048222,0.002681612,0.000641290,-0.001987748,0.001799973,0.000641290,,,
1786043641385542527,1786043641.384979531,/novatel/oem7/inspva,/novatel/oem7/inspva,/novatel/oem7/inspva,39.663,-75.756,-1.800055937,0.002804206,0.000391585,0.001645255,-0.002270839,0.000391585,,novatel_oem7_msgs.msg.InertialSolutionStatus(status=3),
1786043641386860139,1786043641.385152080,/novatel/oem7/fix,/novatel/oem7/fix,/novatel/oem7/inspva,39.663,-75.756,-1.800055937,0.002804206,0.000391585,0.001645255,-0.002270839,0.000391585,,0,
1786043641387903720,1786043641.385441095,/novatel/oem7/odom,/novatel/oem7/fix,/novatel/oem7/odom,39.663,-75.756,-1.800055937,0.002804690,0.000388103,-0.002191023,0.001750916,0.000388103,,,
1786043641396113597,1786043641.395475621,/novatel/oem7/odom,/novatel/oem7/fix,/novatel/oem7/odom,39.663,-75.756,-1.800055937,0.002804690,0.000388103,-0.002191023,0.001750916,0.000388103,,,
1786043641407740407,1786043641.407144988,/novatel/oem7/inspva,/novatel/oem7/inspva,/novatel/oem7/inspva,39.663,-75.756,-1.800058030,0.001516772,-0.000105560,-0.000371884,-0.001470476,-0.000105560,,novatel_oem7_msgs.msg.InertialSolutionStatus(status=3),
1786043641409078127,1786043641.407315553,/novatel/oem7/fix,/novatel/oem7/fix,/novatel/oem7/inspva,39.663,-75.756,-1.800058030,0.001516772,-0.000105560,-0.000371884,-0.001470476,-0.000105560,,0,
1786043641410130834,1786043641.407772251,/novatel/oem7/odom,/novatel/oem7/fix,/novatel/oem7/odom,39.663,-75.756,-1.800058030,0.001516345,-0.000111529,-0.001486183,-0.000300932,-0.000111529,,,
1786043641411846431,1786043641.410018420,/novatel/oem7/bestpos,/novatel/oem7/bestpos,/novatel/oem7/odom,39.663,-75.756,33.182474230,0.001516345,-0.000111529,-0.001486183,-0.000300932,-0.000111529,,novatel_oem7_msgs.msg.SolutionStatus(status=0),novatel_oem7_msgs.msg.PositionOrVelocityType(type=53)
1786043641412992159,1786043641.410462678,/novatel/oem7/bestvel,/novatel/oem7/bestpos,/novatel/oem7/bestvel,39.663,-75.756,33.182474230,0.002777254,0.000873687,,,,246.608676647,novatel_oem7_msgs.msg.SolutionStatus(status=0),novatel_oem7_msgs.msg.PositionOrVelocityType(type=53)
1786043641415707935,1786043641.415019692,/novatel/oem7/odom,/novatel/oem7/bestpos,/novatel/oem7/odom,39.663,-75.756,33.182474230,0.001516345,-0.000111529,-0.001486183,-0.000300932,-0.000111529,,,
1786043641426648610,1786043641.426067211,/novatel/oem7/inspva,/novatel/oem7/inspva,/novatel/oem7/inspva,39.663,-75.756,-1.800052883,0.000724775,0.000913985,-0.000398983,-0.000605072,0.000913985,,novatel_oem7_msgs.msg.InertialSolutionStatus(status=3),
1786043641428008156,1786043641.426242856,/novatel/oem7/fix,/novatel/oem7/fix,/novatel/oem7/inspva,39.663,-75.756,-1.800052883,0.000724775,0.000913985,-0.000398983,-0.000605072,0.000913985,,0,
1786043641429102674,1786043641.426757741,/novatel/oem7/odom,/novatel/oem7/fix,/novatel/oem7/odom,39.663,-75.756,-1.800052883,0.000728696,0.000910863,-0.000626673,-0.000371858,0.000910863,,,
1786043641435088542,1786043641.434403349,/novatel/oem7/odom,/novatel/oem7/fix,/novatel/oem7/odom,39.663,-75.756,-1.800052883,0.000728696,0.000910863,-0.000626673,-0.000371858,0.000910863,,,
1786043641446021749,1786043641.445362346,/novatel/oem7/inspva,/novatel/oem7/inspva,/novatel/oem7/inspva,39.663,-75.756,-1.800060399,0.001960179,0.000910093,0.000936660,-0.001721909,0.000910093,,novatel_oem7_msgs.msg.InertialSolutionStatus(status=3),
1786043641447444497,1786043641.445548872,/novatel/oem7/fix,/novatel/oem7/fix,/novatel/oem7/inspva,39.663,-75.756,-1.800060399,0.001960179,0.000910093,0.000936660,-0.001721909,0.000910093,,0,
1786043641448506387,1786043641.446076581,/novatel/oem7/odom,/novatel/oem7/fix,/novatel/oem7/odom,39.663,-75.756,-1.800060399,0.001961820,0.000906551,-0.001678456,0.001015639,0.000906551,,,
1786043641457182472,1786043641.456496262,/novatel/oem7/odom,/novatel/oem7/fix,/novatel/oem7/odom,39.663,-75.756,-1.800060399,0.001961820,0.000906551,-0.001678456,0.001015639,0.000906551,,,
1786043641465653949,1786043641.465092400,/novatel/oem7/inspva,/novatel/oem7/inspva,/novatel/oem7/inspva,39.663,-75.756,-1.800069239,0.001877947,0.000619260,0.001135877,-0.001495482,0.000619260,,novatel_oem7_msgs.msg.InertialSolutionStatus(status=3),
1786043641467000652,1786043641.465238308,/novatel/oem7/fix,/novatel/oem7/fix,/novatel/oem7/inspva,39.663,-75.756,-1.800069239,0.001877947,0.000619260,0.001135877,-0.001495482,0.000619260,,0,
1786043641468147433,1786043641.465692042,/novatel/oem7/odom,/novatel/oem7/fix,/novatel/oem7/odom,39.663,-75.756,-1.800069239,0.001878662,0.000617085,-0.001441705,0.001204517,0.000617085,,,
1786043641475152772,1786043641.474408478,/novatel/oem7/odom,/novatel/oem7/fix,/novatel/oem7/odom,39.663,-75.756,-1.800069239,0.001878662,0.000617085,-0.001441705,0.001204517,0.000617085,,,
1786043641487237901,1786043641.486637561,/novatel/oem7/inspva,/novatel/oem7/inspva,/novatel/oem7/inspva,39.663,-75.756,-1.800079068,0.001191096,-0.000483358,0.000063765,-0.001189388,-0.000483358,,novatel_oem7_msgs.msg.InertialSolutionStatus(status=3),
1786043641488559027,1786043641.486801626,/novatel/oem7/fix,/novatel/oem7/fix,/novatel/oem7/inspva,39.663,-75.756,-1.800079068,0.001191096,-0.000483358,0.000063765,-0.001189388,-0.000483358,,0,
1786043641489586610,1786043641.487267847,/novatel/oem7/odom,/novatel/oem7/fix,/novatel/oem7/odom,39.663,-75.756,-1.800079068,0.001189504,-0.000487261,-0.001183262,0.000121703,-0.000487261,,,
1786043641495755147,1786043641.495081841,/novatel/oem7/odom,/novatel/oem7/fix,/novatel/oem7/odom,39.663,-75.756,-1.800079068,0.001189504,-0.000487261,-0.001183262,0.000121703,-0.000487261,,,
1786043641506477425,1786043641.505920917,/novatel/oem7/inspva,/novatel/oem7/inspva,/novatel/oem7/inspva,39.663,-75.756,-1.800075158,0.001466383,-0.000149283,-0.000423757,-0.001403820,-0.000149283,,novatel_oem7_msgs.msg.InertialSolutionStatus(status=3),
1786043641507861706,1786043641.506058101,/novatel/oem7/fix,/novatel/oem7/fix,/novatel/oem7/inspva,39.663,-75.756,-1.800075158,0.001466383,-0.000149283,-0.000423757,-0.001403820,-0.000149283,,0,
1786043641508905913,1786043641.506538146,/novatel/oem7/odom,/novatel/oem7/fix,/novatel/oem7/odom,39.663,-75.756,-1.800075158,0.001465770,-0.000155189,-0.001421922,-0.000355837,-0.000155189,,,
1786043641512546902,1786043641.511870555,/novatel/oem7/bestpos,/novatel/oem7/bestpos,/novatel/oem7/odom,39.663,-75.756,33.182457989,0.001465770,-0.000155189,-0.001421922,-0.000355837,-0.000155189,,novatel_oem7_msgs.msg.SolutionStatus(status=0),novatel_oem7_msgs.msg.PositionOrVelocityType(type=53)
1786043641513942586,1786043641.512188001,/novatel/oem7/bestvel,/novatel/oem7/bestpos,/novatel/oem7/bestvel,39.663,-75.756,33.182457989,0.003020150,0.001037665,,,,244.642845729,novatel_oem7_msgs.msg.SolutionStatus(status=0),novatel_oem7_msgs.msg.PositionOrVelocityType(type=53)
1786043641516371059,1786043641.515716970,/novatel/oem7/odom,/novatel/oem7/bestpos,/novatel/oem7/odom,39.663,-75.756,33.182457989,0.001465770,-0.000155189,-0.001421922,-0.000355837,-0.000155189,,,
1786043641525854872,1786043641.525316337,/novatel/oem7/inspva,/novatel/oem7/inspva,/novatel/oem7/inspva,39.663,-75.756,-1.800069843,0.000663769,0.001712625,-0.000033450,-0.000662925,0.001712625,,novatel_oem7_msgs.msg.InertialSolutionStatus(status=3),
1786043641527258923,1786043641.525502819,/novatel/oem7/fix,/novatel/oem7/fix,/novatel/oem7/inspva,39.663,-75.756,-1.800069843,0.000663769,0.001712625,-0.000033450,-0.000662925,0.001712625,,0,
1786043641528326720,1786043641.526188306,/novatel/oem7/odom,/novatel/oem7/fix,/novatel/oem7/odom,39.663,-75.756,-1.800069843,0.000669909,0.001710233,-0.000669883,-0.000005925,0.001710233,,,
1786043641535542714,1786043641.534877164,/novatel/oem7/odom,/novatel/oem7/fix,/novatel/oem7/odom,39.663,-75.756,-1.800069843,0.000669909,0.001710233,-0.000669883,-0.000005925,0.001710233,,,
1786043641546679076,1786043641.546097921,/novatel/oem7/inspva,/novatel/oem7/inspva,/novatel/oem7/inspva,39.663,-75.756,-1.800083280,0.000724004,0.001475286,0.000349991,-0.000633789,0.001475286,,novatel_oem7_msgs.msg.InertialSolutionStatus(status=3),
1786043641548062160,1786043641.546292576,/novatel/oem7/fix,/novatel/oem7/fix,/novatel/oem7/inspva,39.663,-75.756,-1.800083280,0.000724004,0.001475286,0.000349991,-0.000633789,0.001475286,,0,
1786043641549100050,1786043641.546664443,/novatel/oem7/odom,/novatel/oem7/fix,/novatel/oem7/odom,39.663,-75.756,-1.800083280,0.000726626,0.001473997,-0.000621611,0.000376278,0.001473997,,,
1786043641556645044,1786043641.555984118,/novatel/oem7/odom,/novatel/oem7/fix,/novatel/oem7/odom,39.663,-75.756,-1.800083280,0.000726626,0.001473997,-0.000621611,0.000376278,0.001473997,,,
1786043641565821604,1786043641.565284479,/novatel/oem7/inspva,/novatel/oem7/inspva,/novatel/oem7/inspva,39.663,-75.756,-1.800099946,0.001987877,-0.000772310,0.000387586,-0.001949726,-0.000772310,,novatel_oem7_msgs.msg.InertialSolutionStatus(status=3),
1786043641567154957,1786043641.565460034,/novatel/oem7/fix,/novatel/oem7/fix,/novatel/oem7/inspva,39.663,-75.756,-1.800099946,0.001987877,-0.000772310,0.000387586,-0.001949726,-0.000772310,,0,
1786043641568252981,1786043641.565982759,/novatel/oem7/odom,/novatel/oem7/fix,/novatel/oem7/odom,39.663,-75.756,-1.800099946,0.001985657,-0.000777999,-0.001926234,0.000482138,-0.000777999,,,
1786043641576089388,1786043641.575462022,/novatel/oem7/odom,/novatel/oem7/fix,/novatel/oem7/odom,39.663,-75.756,-1.800099946,0.001985657,-0.000777999,-0.001926234,0.000482138,-0.000777999,,,
1786043641585636042,1786043641.585097290,/novatel/oem7/inspva,/novatel/oem7/inspva,/novatel/oem7/inspva,39.663,-75.756,-1.800097170,0.001134561,-0.000614396,-0.000121340,-0.001128053,-0.000614396,,novatel_oem7_msgs.msg.InertialSolutionStatus(status=3),
1786043641586916441,1786043641.585260768,/novatel/oem7/fix,/novatel/oem7/fix,/novatel/oem7/inspva,39.663,-75.756,-1.800097170,0.001134561,-0.000614396,-0.000121340,-0.001128053,-0.000614396,,0,
1786043641588032002,1786043641.585680709,/novatel/oem7/odom,/novatel/oem7/fix,/novatel/oem7/odom,39.663,-75.756,-1.800097170,0.001132290,-0.000618570,-0.001130374,-0.000065841,-0.000618570,,,
1786043641595070604,1786043641.594358084,/novatel/oem7/odom,/novatel/oem7/fix,/novatel/oem7/odom,39.663,-75.756,-1.800097170,0.001132290,-0.000618570,-0.001130374,-0.000065841,-0.000618570,,,
1786043641607412572,1786043641.606782506,/novatel/oem7/inspva,/novatel/oem7/inspva,/novatel/oem7/inspva,39.663,-75.756,-1.800078043,0.001001163,0.002124373,-0.000346281,-0.000939370,0.002124373,,novatel_oem7_msgs.msg.InertialSolutionStatus(status=3),
1786043641608752812,1786043641.606972251,/novatel/oem7/fix,/novatel/oem7/fix,/novatel/oem7/inspva,39.663,-75.756,-1.800078043,0.001001163,0.002124373,-0.000346281,-0.000939370,0.002124373,,0,
1786043641609876853,1786043641.607348744,/novatel/oem7/odom,/novatel/oem7/fix,/novatel/oem7/odom,39.663,-75.756,-1.800078043,0.001009947,0.002120211,-0.000962404,-0.000306219,0.002120211,,,
1786043641611326567,1786043641.609955340,/novatel/oem7/bestpos,/novatel/oem7/bestpos,/novatel/oem7/odom,39.663,-75.756,33.182445304,0.001009947,0.002120211,-0.000962404,-0.000306219,0.002120211,,novatel_oem7_msgs.msg.SolutionStatus(status=0),novatel_oem7_msgs.msg.PositionOrVelocityType(type=53)
1786043641612347013,1786043641.610356498,/novatel/oem7/bestvel,/novatel/oem7/bestpos,/novatel/oem7/bestvel,39.663,-75.756,33.182445304,0.000878884,0.001795028,,,,280.206568558,novatel_oem7_msgs.msg.SolutionStatus(status=0),novatel_oem7_msgs.msg.PositionOrVelocityType(type=53)
1786043641615778851,1786043641.615123294,/novatel/oem7/odom,/novatel/oem7/bestpos,/novatel/oem7/odom,39.663,-75.756,33.182445304,0.001009947,0.002120211,-0.000962404,-0.000306219,0.002120211,,,
1786043641625586767,1786043641.625034175,/novatel/oem7/inspva,/novatel/oem7/inspva,/novatel/oem7/inspva,39.663,-75.756,-1.800085027,0.000607323,0.002088235,0.000013499,-0.000607173,0.002088235,,novatel_oem7_msgs.msg.InertialSolutionStatus(status=3),
1786043641626882496,1786043641.625200743,/novatel/oem7/fix,/novatel/oem7/fix,/novatel/oem7/inspva,39.663,-75.756,-1.800085027,0.000607323,0.002088235,0.000013499,-0.000607173,0.002088235,,0,
1786043641627987764,1786043641.625604003,/novatel/oem7/odom,/novatel/oem7/fix,/novatel/oem7/odom,39.663,-75.756,-1.800085027,0.000614434,0.002086154,-0.000613296,0.000037376,0.002086154,,,
1786043641636466340,1786043641.635622592,/novatel/oem7/odom,/novatel/oem7/fix,/novatel/oem7/odom,39.663,-75.756,-1.800085027,0.000614434,0.002086154,-0.000613296,0.000037376,0.002086154,,,
1786043641646107044,1786043641.645564263,/novatel/oem7/inspva,/novatel/oem7/inspva,/novatel/oem7/inspva,39.663,-75.756,-1.800096571,0.002405635,-0.000198674,0.001195315,-0.002087655,-0.000198674,,novatel_oem7_msgs.msg.InertialSolutionStatus(status=3),
1786043641647528498,1786043641.645745898,/novatel/oem7/fix,/novatel/oem7/fix,/novatel/oem7/inspva,39.663,-75.756,-1.800096571,0.002405635,-0.000198674,0.001195315,-0.002087655,-0.000198674,,0,
1786043641648573572,1786043641.646381703,/novatel/oem7/odom,/novatel/oem7/fix,/novatel/oem7/odom,39.663,-75.756,-1.800096571,0.002405294,-0.000202766,-0.002027476,0.001294132,-0.000202766,,,
1786043641657045849,1786043641.656387072,/novatel/oem7/odom,/novatel/oem7/fix,/novatel/oem7/odom,39.663,-75.756,-1.800096571,0.002405294,-0.000202766,-0.002027476,0.001294132,-0.000202766,,,
1786043641666838238,1786043641.666298069,/novatel/oem7/inspva,/novatel/oem7/inspva,/novatel/oem7/inspva,39.663,-75.756,-1.800091757,0.001661568,-0.000650886,0.000661504,-0.001524211,-0.000650886,,novatel_oem7_msgs.msg.InertialSolutionStatus(status=3),
1786043641668212725,1786043641.666485824,/novatel/oem7/fix,/novatel/oem7/fix,/novatel/oem7/inspva,39.663,-75.756,-1.800091757,0.001661568,-0.000650886,0.000661504,-0.001524211,-0.000650886,,0,
1786043641669517841,1786043641.667023056,/novatel/oem7/odom,/novatel/oem7/fix,/novatel/oem7/odom,39.663,-75.756,-1.800091757,0.001660184,-0.000654408,-0.001488569,0.000735099,-0.000654408,,,
1786043641675565453,1786043641.674884740,/novatel/oem7/odom,/novatel/oem7/fix,/novatel/oem7/odom,39.663,-75.756,-1.800091757,0.001660184,-0.000654408,-0.001488569,0.000735099,-0.000654408,,,
1786043641685782903,1786043641.685236725,/novatel/oem7/inspva,/novatel/oem7/inspva,/novatel/oem7/inspva,39.663,-75.756,-1.800079502,0.000923073,0.000943797,-0.000898198,0.000212850,0.000943797,,novatel_oem7_msgs.msg.InertialSolutionStatus(status=3),
1786043641687083846,1786043641.685407067,/novatel/oem7/fix,/novatel/oem7/fix,/novatel/oem7/inspva,39.663,-75.756,-1.800079502,0.000923073,0.000943797,-0.000898198,0.000212850,0.000943797,,0,
1786043641688181157,1786043641.685795700,/novatel/oem7/odom,/novatel/oem7/fix,/novatel/oem7/odom,39.663,-75.756,-1.800079502,0.000924733,0.000942171,0.000166377,-0.000909643,0.000942171,,,
1786043641696202893,1786043641.695577003,/novatel/oem7/odom,/novatel/oem7/fix,/novatel/oem7/odom,39.663,-75.756,-1.800079502,0.000924733,0.000942171,0.000166377,-0.000909643,0.000942171,,,
1786043641706613078,1786043641.706051599,/novatel/oem7/inspva,/novatel/oem7/inspva,/novatel/oem7/inspva,39.663,-75.756,-1.800076677,0.000542314,0.001947118,-0.000542257,-0.000007883,0.001947118,,novatel_oem7_msgs.msg.InertialSolutionStatus(status=3),
1786043641707979671,1786043641.706226004,/novatel/oem7/fix,/novatel/oem7/fix,/novatel/oem7/inspva,39.663,-75.756,-1.800076677,0.000542314,0.001947118,-0.000542257,-0.000007883,0.001947118,,0,
1786043641708993388,1786043641.706555980,/novatel/oem7/odom,/novatel/oem7/fix,/novatel/oem7/odom,39.663,-75.756,-1.800076677,0.000547545,0.001945654,-0.000040727,-0.000546028,0.001945654,,,
1786043641710864243,1786043641.710081585,/novatel/oem7/bestpos,/novatel/oem7/bestpos,/novatel/oem7/odom,39.663,-75.756,33.182448202,0.000547545,0.001945654,-0.000040727,-0.000546028,0.001945654,,novatel_oem7_msgs.msg.SolutionStatus(status=0),novatel_oem7_msgs.msg.PositionOrVelocityType(type=53)
1786043641712286283,1786043641.710583440,/novatel/oem7/bestvel,/novatel/oem7/bestpos,/novatel/oem7/bestvel,39.663,-75.756,33.182448202,0.000226794,0.001464346,,,,62.480465559,novatel_oem7_msgs.msg.SolutionStatus(status=0),novatel_oem7_msgs.msg.PositionOrVelocityType(type=53)
1786043641715250069,1786043641.714559296,/novatel/oem7/odom,/novatel/oem7/bestpos,/novatel/oem7/odom,39.663,-75.756,33.182448202,0.000547545,0.001945654,-0.000040727,-0.000546028,0.001945654,,,
1786043641727308391,1786043641.726709445,/novatel/oem7/inspva,/novatel/oem7/inspva,/novatel/oem7/inspva,39.663,-75.756,-1.800090648,0.002500761,-0.000173404,0.001336220,-0.002113840,-0.000173404,,novatel_oem7_msgs.msg.InertialSolutionStatus(status=3),
1786043641728631507,1786043641.726877460,/novatel/oem7/fix,/novatel/oem7/fix,/novatel/oem7/inspva,39.663,-75.756,-1.800090648,0.002500761,-0.000173404,0.001336220,-0.002113840,-0.000173404,,0,
1786043641729993314,1786043641.727311207,/novatel/oem7/odom,/novatel/oem7/fix,/novatel/oem7/odom,39.663,-75.756,-1.800090648,0.002500487,-0.000177308,-0.002047009,0.001436032,-0.000177308,,,
1786043641736285145,1786043641.735647746,/novatel/oem7/odom,/novatel/oem7/fix,/novatel/oem7/odom,39.663,-75.756,-1.800090648,0.002500487,-0.000177308,-0.002047009,0.001436032,-0.000177308,,,
1786043641745874999,1786043641.745325907,/novatel/oem7/inspva,/novatel/oem7/inspva,/novatel/oem7/inspva,39.663,-75.756,-1.800087733,0.001868975,-0.000550620,0.000932622,-0.001619656,-0.000550620,,novatel_oem7_msgs.msg.InertialSolutionStatus(status=3),
1786043641747190799,1786043641.745515699,/novatel/oem7/fix,/novatel/oem7/fix,/novatel/oem7/inspva,39.663,-75.756,-1.800087733,0.001868975,-0.000550620,0.000932622,-0.001619656,-0.000550620,,0,
1786043641748232390,1786043641.745909080,/novatel/oem7/odom,/novatel/oem7/fix,/novatel/oem7/odom,39.663,-75.756,-1.800087733,0.001868044,-0.000553771,-0.001571337,0.001010192,-0.000553771,,,
1786043641756347395,1786043641.755714976,/novatel/oem7/odom,/novatel/oem7/fix,/novatel/oem7/odom,39.663,-75.756,-1.800087733,0.001868044,-0.000553771,-0.001571337,0.001010192,-0.000553771,,,
1786043641766581569,1786043641.766003550,/novatel/oem7/inspva,/novatel/oem7/inspva,/novatel/oem7/inspva,39.663,-75.756,-1.800070019,0.001602932,0.001135353,-0.001351777,0.000861447,0.001135353,,novatel_oem7_msgs.msg.InertialSolutionStatus(status=3),
1786043641767892922,1786043641.766180275,/novatel/oem7/fix,/novatel/oem7/fix,/novatel/oem7/inspva,39.663,-75.756,-1.800070019,0.001602932,0.001135353,-0.001351777,0.000861447,0.001135353,,0,
1786043641768926139,1786043641.766691750,/novatel/oem7/odom,/novatel/oem7/fix,/novatel/oem7/odom,39.663,-75.756,-1.800070019,0.001603332,0.001134788,0.000791894,-0.001394122,0.001134788,,,
1786043641775296215,1786043641.774658499,/novatel/oem7/odom,/novatel/oem7/fix,/novatel/oem7/odom,39.663,-75.756,-1.800070019,0.001603332,0.001134788,0.000791894,-0.001394122,0.001134788,,,
1786043641785542095,1786043641.784985940,/novatel/oem7/inspva,/novatel/oem7/inspva,/novatel/oem7/inspva,39.663,-75.756,-1.800059255,0.001629567,0.001561281,-0.001394202,0.000843616,0.001561281,,novatel_oem7_msgs.msg.InertialSolutionStatus(status=3),
1786043641786836034,1786043641.785135784,/novatel/oem7/fix,/novatel/oem7/fix,/novatel/oem7/inspva,39.663,-75.756,-1.800059255,0.001629567,0.001561281,-0.001394202,0.000843616,0.001561281,,0,
1786043641787862388,1786043641.785580972,/novatel/oem7/odom,/novatel/oem7/fix,/novatel/oem7/odom,39.663,-75.756,-1.800059255,0.001630275,0.001560541,0.000770524,-0.001436694,0.001560541,,,
1786043641796343687,1786043641.795679965,/novatel/oem7/odom,/novatel/oem7/fix,/novatel/oem7/odom,39.663,-75.756,-1.800059255,0.001630275,0.001560541,0.000770524,-0.001436694,0.001560541,,,
1786043641806862777,1786043641.806285585,/novatel/oem7/inspva,/novatel/oem7/inspva,/novatel/oem7/inspva,39.663,-75.756,-1.800047422,0.001153153,0.001582714,0.000820936,-0.000809830,0.001582714,,novatel_oem7_msgs.msg.InertialSolutionStatus(status=3),
1786043641808191467,1786043641.806448936,/novatel/oem7/fix,/novatel/oem7/fix,/novatel/oem7/inspva,39.663,-75.756,-1.800047422,0.001153153,0.001582714,0.000820936,-0.000809830,0.001582714,,0,
1786043641809229254,1786043641.807055176,/novatel/oem7/odom,/novatel/oem7/fix,/novatel/oem7/odom,39.663,-75.756,-1.800047422,0.001154103,0.001582022,-0.000775402,0.000854812,0.001582022,,,
1786043641811078942,1786043641.810213273,/novatel/oem7/bestpos,/novatel/oem7/bestpos,/novatel/oem7/odom,39.663,-75.756,33.182486213,0.001154103,0.001582022,-0.000775402,0.000854812,0.001582022,,novatel_oem7_msgs.msg.SolutionStatus(status=0),novatel_oem7_msgs.msg.PositionOrVelocityType(type=53)
1786043641812467155,1786043641.810553014,/novatel/oem7/bestvel,/novatel/oem7/bestpos,/novatel/oem7/bestvel,39.663,-75.756,33.182486213,0.000698671,0.001318023,,,,348.271220355,novatel_oem7_msgs.msg.SolutionStatus(status=0),novatel_oem7_msgs.msg.PositionOrVelocityType(type=53)
1786043641815545216,1786043641.814907496,/novatel/oem7/odom,/novatel/oem7/bestpos,/novatel/oem7/odom,39.663,-75.756,33.182486213,0.001154103,0.001582022,-0.000775402,0.000854812,0.001582022,,,
1786043641826607521,1786043641.826054839,/novatel/oem7/inspva,/novatel/oem7/inspva,/novatel/oem7/inspva,39.663,-75.756,-1.800047539,0.000987669,0.000303886,0.000628550,-0.000761850,0.000303886,,novatel_oem7_msgs.msg.InertialSolutionStatus(status=3),
1786043641827978788,1786043641.826204934,/novatel/oem7/fix,/novatel/oem7/fix,/novatel/oem7/inspva,39.663,-75.756,-1.800047539,0.000987669,0.000303886,0.000628550,-0.000761850,0.000303886,,0,
1786043641829244537,1786043641.826630798,/novatel/oem7/odom,/novatel/oem7/fix,/novatel/oem7/odom,39.663,-75.756,-1.800047539,0.000987983,0.000302865,-0.000732065,0.000663469,0.000302865,,,
1786043641835081017,1786043641.834445368,/novatel/oem7/odom,/novatel/oem7/fix,/novatel/oem7/odom,39.663,-75.756,-1.800047539,0.000987983,0.000302865,-0.000732065,0.000663469,0.000302865,,,
1786043641845789026,1786043641.845239544,/novatel/oem7/inspva,/novatel/oem7/inspva,/novatel/oem7/inspva,39.663,-75.756,-1.800032034,0.001196876,0.000308050,-0.000783298,0.000904962,0.000308050,,novatel_oem7_msgs.msg.InertialSolutionStatus(status=3),
1786043641847078119,1786043641.845381912,/novatel/oem7/fix,/novatel/oem7/fix,/novatel/oem7/inspva,39.663,-75.756,-1.800032034,0.001196876,0.000308050,-0.000783298,0.000904962,0.000308050,,0,
1786043641848101679,1786043641.846052025,/novatel/oem7/odom,/novatel/oem7/fix,/novatel/oem7/odom,39.663,-75.756,-1.800032034,0.001196598,0.000309128,0.000865435,-0.000826358,0.000309128,,,
1786043641857064980,1786043641.856440820,/novatel/oem7/odom,/novatel/oem7/fix,/novatel/oem7/odom,39.663,-75.756,-1.800032034,0.001196598,0.000309128,0.000865435,-0.000826358,0.000309128,,,
1786043641865369715,1786043641.865069765,/novatel/oem7/inspva,/novatel/oem7/inspva,/novatel/oem7/inspva,39.663,-75.756,-1.800019407,0.000910736,0.000911324,-0.000746949,0.000521064,0.000911324,,novatel_oem7_msgs.msg.InertialSolutionStatus(status=3),
1786043641866322190,1786043641.865237193,/novatel/oem7/fix,/novatel/oem7/fix,/novatel/oem7/inspva,39.663,-75.756,-1.800019407,0.000910736,0.000911324,-0.000746949,0.000521064,0.000911324,,0,
1786043641867430172,1786043641.865735258,/novatel/oem7/odom,/novatel/oem7/fix,/novatel/oem7/odom,39.663,-75.756,-1.800019407,0.000910852,0.000911208,0.000481522,-0.000773167,0.000911208,,,
1786043641874782294,1786043641.874389013,/novatel/oem7/odom,/novatel/oem7/fix,/novatel/oem7/odom,39.663,-75.756,-1.800019407,0.000910852,0.000911208,0.000481522,-0.000773167,0.000911208,,,
1786043641886905959,1786043641.886510271,/novatel/oem7/inspva,/novatel/oem7/inspva,/novatel/oem7/inspva,39.663,-75.756,-1.800012617,0.001202032,0.001212360,0.000900041,0.000796749,0.001212360,,novatel_oem7_msgs.msg.InertialSolutionStatus(status=3),
1786043641887535285,1786043641.886656613,/novatel/oem7/fix,/novatel/oem7/fix,/novatel/oem7/inspva,39.663,-75.756,-1.800012617,0.001202032,0.001212360,0.000900041,0.000796749,0.001212360,,0,
1786043641887980227,1786043641.887103477,/novatel/oem7/odom,/novatel/oem7/fix,/novatel/oem7/odom,39.663,-75.756,-1.800012617,0.001196870,0.001217457,0.000834421,0.000858043,0.001217457,,,
1786043641895359986,1786043641.895033142,/novatel/oem7/odom,/novatel/oem7/fix,/novatel/oem7/odom,39.663,-75.756,-1.800012617,0.001196870,0.001217457,0.000834421,0.000858043,0.001217457,,,
1786043641906235692,1786043641.905738024,/novatel/oem7/inspva,/novatel/oem7/inspva,/novatel/oem7/inspva,39.663,-75.756,-1.800018205,0.000722552,0.000944783,0.000634284,0.000346070,0.000944783,,novatel_oem7_msgs.msg.InertialSolutionStatus(status=3),
1786043641907442095,1786043641.905886951,/novatel/oem7/fix,/novatel/oem7/fix,/novatel/oem7/inspva,39.663,-75.756,-1.800018205,0.000722552,0.000944783,0.000634284,0.000346070,0.000944783,,0,
1786043641907880170,1786043641.906400166,/novatel/oem7/odom,/novatel/oem7/fix,/novatel/oem7/odom,39.663,-75.756,-1.800018205,0.000718807,0.000947635,0.000372516,0.000614748,0.000947635,,,
1786043641909651121,1786043641.909301709,/novatel/oem7/bestpos,/novatel/oem7/bestpos,/novatel/oem7/odom,39.663,-75.756,33.182508132,0.000718807,0.000947635,0.000372516,0.000614748,0.000947635,,novatel_oem7_msgs.msg.SolutionStatus(status=0),novatel_oem7_msgs.msg.PositionOrVelocityType(type=53)
1786043641910417416,1786043641.910032646,/novatel/oem7/bestvel,/novatel/oem7/bestpos,/novatel/oem7/bestvel,39.663,-75.756,33.182508132,0.001719845,0.000255108,,,,63.744111794,novatel_oem7_msgs.msg.SolutionStatus(status=0),novatel_oem7_msgs.msg.PositionOrVelocityType(type=53)
1786043641914967454,1786043641.914644194,/novatel/oem7/odom,/novatel/oem7/bestpos,/novatel/oem7/odom,39.663,-75.756,33.182508132,0.000718807,0.000947635,0.000372516,0.000614748,0.000947635,,,
1786043641925642564,1786043641.925353719,/novatel/oem7/inspva,/novatel/oem7/inspva,/novatel/oem7/inspva,39.663,-75.756,-1.800030661,0.000596577,-0.001333911,-0.000386941,0.000454071,-0.001333911,,novatel_oem7_msgs.msg.InertialSolutionStatus(status=3),
1786043641926200253,1786043641.925518941,/novatel/oem7/fix,/novatel/oem7/fix,/novatel/oem7/inspva,39.663,-75.756,-1.800030661,0.000596577,-0.001333911,-0.000386941,0.000454071,-0.001333911,,0,
1786043641926846336,1786043641.926092829,/novatel/oem7/odom,/novatel/oem7/fix,/novatel/oem7/odom,39.663,-75.756,-1.800030661,0.000597905,-0.001333316,0.000439886,-0.000404958,-0.001333316,,,
1786043641935177366,1786043641.934846242,/novatel/oem7/odom,/novatel/oem7/fix,/novatel/oem7/odom,39.663,-75.756,-1.800030661,0.000597905,-0.001333316,0.000439886,-0.000404958,-0.001333316,,,
1786043641946317518,1786043641.946040425,/novatel/oem7/inspva,/novatel/oem7/inspva,/novatel/oem7/inspva,39.663,-75.756,-1.800017788,0.001229787,-0.000325035,-0.000975771,0.000748497,-0.000325035,,novatel_oem7_msgs.msg.InertialSolutionStatus(status=3),
1786043641946907066,1786043641.946187103,/novatel/oem7/fix,/novatel/oem7/fix,/novatel/oem7/inspva,39.663,-75.756,-1.800017788,0.001229787,-0.000325035,-0.000975771,0.000748497,-0.000325035,,0,
1786043641947450513,1786043641.946670811,/novatel/oem7/odom,/novatel/oem7/fix,/novatel/oem7/odom,39.663,-75.756,-1.800017788,0.001229808,-0.000324954,0.000702246,-0.001009594,-0.000324954,,,
1786043641956197002,1786043641.955709427,/novatel/oem7/odom,/novatel/oem7/fix,/novatel/oem7/odom,39.663,-75.756,-1.800017788,0.001229808,-0.000324954,0.000702246,-0.001009594,-0.000324954,,,
1786043641965712112,1786043641.965399119,/novatel/oem7/inspva,/novatel/oem7/inspva,/novatel/oem7/inspva,39.663,-75.756,-1.800002142,0.001531162,0.001837804,0.000025401,0.001530952,0.001837804,,novatel_oem7_msgs.msg.InertialSolutionStatus(status=3),
1786043641966307693,1786043641.965585680,/novatel/oem7/fix,/novatel/oem7/fix,/novatel/oem7/inspva,39.663,-75.756,-1.800002142,0.001531162,0.001837804,0.000025401,0.001530952,0.001837804,,0,
1786043641967000591,1786043641.966104132,/novatel/oem7/odom,/novatel/oem7/fix,/novatel/oem7/odom,39.663,-75.756,-1.800002142,0.001524572,0.001843275,0.001523679,-0.000052165,0.001843275,,,
1786043641975412917,1786043641.975068007,/novatel/oem7/odom,/novatel/oem7/fix,/novatel/oem7/odom,39.663,-75.756,-1.800002142,0.001524572,0.001843275,0.001523679,-0.000052165,0.001843275,,,
1786043641985463513,1786043641.985024974,/novatel/oem7/inspva,/novatel/oem7/inspva,/novatel/oem7/inspva,39.663,-75.756,-1.800006337,0.000996102,0.001540795,-0.000000985,0.000996102,0.001540795,,novatel_oem7_msgs.msg.InertialSolutionStatus(status=3),
1786043641986064274,1786043641.985190009,/novatel/oem7/fix,/novatel/oem7/fix,/novatel/oem7/inspva,39.663,-75.756,-1.800006337,0.000996102,0.001540795,-0.000000985,0.000996102,0.001540795,,0,
1786043641986558550,1786043641.985743658,/novatel/oem7/odom,/novatel/oem7/fix,/novatel/oem7/odom,39.663,-75.756,-1.800006337,0.000990689,0.001544281,0.000989308,-0.000052283,0.001544281,,,
1786043641994847469,1786043641.994461996,/novatel/oem7/odom,/novatel/oem7/fix,/novatel/oem7/odom,39.663,-75.756,-1.800006337,0.000990689,0.001544281,0.000989308,-0.000052283,0.001544281,,,
1786043642008775974,1786043642.008501104,/novatel/oem7/inspva,/novatel/oem7/inspva,/novatel/oem7/inspva,39.663,-75.756,-1.800019654,0.000906729,-0.001059168,-0.000033958,0.000906092,-0.001059168,,novatel_oem7_msgs.msg.InertialSolutionStatus(status=3),
1786043642009345013,1786043642.008698646,/novatel/oem7/fix,/novatel/oem7/fix,/novatel/oem7/inspva,39.663,-75.756,-1.800019654,0.000906729,-0.001059168,-0.000033958,0.000906092,-0.001059168,,0,
1786043642011803115,1786043642.011381763,/novatel/oem7/odom,/novatel/oem7/fix,/novatel/oem7/odom,39.663,-75.756,-1.800019654,0.000910336,-0.001056070,0.000907273,-0.000074604,-0.001056070,,,
1786043642016268096,1786043642.015789153,/novatel/oem7/odom,/novatel/oem7/fix,/novatel/oem7/odom,39.663,-75.756,-1.800019654,0.000910336,-0.001056070,0.000907273,-0.000074604,-0.001056070,,,
1786043642026704969,1786043642.026375633,/novatel/oem7/bestpos,/novatel/oem7/bestpos,/novatel/oem7/odom,39.663,-75.756,33.182515990,0.000910336,-0.001056070,0.000907273,-0.000074604,-0.001056070,,novatel_oem7_msgs.msg.SolutionStatus(status=0),novatel_oem7_msgs.msg.PositionOrVelocityType(type=53)
1786043642027388695,1786043642.026863754,/novatel/oem7/bestvel,/novatel/oem7/bestpos,/novatel/oem7/bestvel,39.663,-75.756,33.182515990,0.000862646,-0.000736519,,,,120.906101740,novatel_oem7_msgs.msg.SolutionStatus(status=0),novatel_oem7_msgs.msg.PositionOrVelocityType(type=53)
1786043642028005136,1786043642.027414633,/novatel/oem7/inspva,/novatel/oem7/inspva,/novatel/oem7/inspva,39.663,-75.756,-1.800009091,0.000772648,-0.000733854,-0.000756901,0.000155193,-0.000733854,,novatel_oem7_msgs.msg.InertialSolutionStatus(status=3),
1786043642028377154,1786043642.027639929,/novatel/oem7/fix,/novatel/oem7/fix,/novatel/oem7/inspva,39.663,-75.756,-1.800009091,0.000772648,-0.000733854,-0.000756901,0.000155193,-0.000733854,,0,
1786043642029039163,1786043642.028131220,/novatel/oem7/odom,/novatel/oem7/fix,/novatel/oem7/odom,39.663,-75.756,-1.800009091,0.000771315,-0.000735254,0.000121556,-0.000761676,-0.000735254,,,
1786043642035325849,1786043642.034985994,/novatel/oem7/odom,/novatel/oem7/fix,/novatel/oem7/odom,39.663,-75.756,-1.800009091,0.000771315,-0.000735254,0.000121556,-0.000761676,-0.000735254,,,
1786043642045703314,1786043642.045392013,/novatel/oem7/inspva,/novatel/oem7/inspva,/novatel/oem7/inspva,39.663,-75.756,-1.799989246,0.003227926,0.002123061,-0.001606681,0.002799657,0.002123061,,novatel_oem7_msgs.msg.InertialSolutionStatus(status=3),
1786043642046293396,1786043642.045591645,/novatel/oem7/fix,/novatel/oem7/fix,/novatel/oem7/inspva,39.663,-75.756,-1.799989246,0.003227926,0.002123061,-0.001606681,0.002799657,0.002123061,,0,
1786043642046984254,1786043642.046169457,/novatel/oem7/odom,/novatel/oem7/fix,/novatel/oem7/odom,39.663,-75.756,-1.799989246,0.003224183,0.002128740,0.002712017,-0.001743652,0.002128740,,,
1786043642056940368,1786043642.056562499,/novatel/oem7/odom,/novatel/oem7/fix,/novatel/oem7/odom,39.663,-75.756,-1.799989246,0.003224183,0.002128740,0.002712017,-0.001743652,0.002128740,,,
1786043642066710885,1786043642.066246488,/novatel/oem7/inspva,/novatel/oem7/inspva,/novatel/oem7/inspva,39.663,-75.756,-1.799997954,0.002284183,0.001653590,-0.001172902,0.001960049,0.001653590,,novatel_oem7_msgs.msg.InertialSolutionStatus(status=3),
1786043642067358622,1786043642.066459670,/novatel/oem7/fix,/novatel/oem7/fix,/novatel/oem7/inspva,39.663,-75.756,-1.799997954,0.002284183,0.001653590,-0.001172902,0.001960049,0.001653590,,0,
1786043642067867083,1786043642.066938127,/novatel/oem7/odom,/novatel/oem7/fix,/novatel/oem7/odom,39.663,-75.756,-1.799997954,0.002281342,0.001657507,0.001895741,-0.001269128,0.001657507,,,
1786043642074896064,1786043642.074545699,/novatel/oem7/odom,/novatel/oem7/fix,/novatel/oem7/odom,39.663,-75.756,-1.799997954,0.002281342,0.001657507,0.001895741,-0.001269128,0.001657507,,,
1786043642086055248,1786043642.085518913,/novatel/oem7/inspva,/novatel/oem7/inspva,/novatel/oem7/inspva,39.663,-75.756,-1.800018103,0.000657235,-0.000927168,0.000223527,0.000618056,-0.000927168,,novatel_oem7_msgs.msg.InertialSolutionStatus(status=3),
1786043642087455393,1786043642.085688018,/novatel/oem7/fix,/novatel/oem7/fix,/novatel/oem7/inspva,39.663,-75.756,-1.800018103,0.000657235,-0.000927168,0.000223527,0.000618056,-0.000927168,,0,
1786043642087944740,1786043642.086319924,/novatel/oem7/odom,/novatel/oem7/fix,/novatel/oem7/odom,39.663,-75.756,-1.800018103,0.000661094,-0.000924421,0.000631365,0.000196020,-0.000924421,,,
1786043642096104777,1786043642.095679612,/novatel/oem7/odom,/novatel/oem7/fix,/novatel/oem7/odom,39.663,-75.756,-1.800018103,0.000661094,-0.000924421,0.000631365,0.000196020,-0.000924421,,,
1786043642106184219,1786043642.105904786,/novatel/oem7/inspva,/novatel/oem7/inspva,/novatel/oem7/inspva,39.663,-75.756,-1.800021243,0.000696703,-0.000802180,-0.000181846,0.000672553,-0.000802180,,novatel_oem7_msgs.msg.InertialSolutionStatus(status=3),
1786043642106791469,1786043642.106048914,/novatel/oem7/fix,/novatel/oem7/fix,/novatel/oem7/inspva,39.663,-75.756,-1.800021243,0.000696703,-0.000802180,-0.000181846,0.000672553,-0.000802180,,0,
1786043642107315554,1786043642.106507809,/novatel/oem7/odom,/novatel/oem7/fix,/novatel/oem7/odom,39.663,-75.756,-1.800021243,0.000698877,-0.000800287,0.000666014,-0.000211791,-0.000800287,,,
1786043642109745263,1786043642.109376427,/novatel/oem7/bestpos,/novatel/oem7/bestpos,/novatel/oem7/odom,39.663,-75.756,33.182511087,0.000698877,-0.000800287,0.000666014,-0.000211791,-0.000800287,,novatel_oem7_msgs.msg.SolutionStatus(status=0),novatel_oem7_msgs.msg.PositionOrVelocityType(type=53)
1786043642110384553,1786043642.109947092,/novatel/oem7/bestvel,/novatel/oem7/bestpos,/novatel/oem7/bestvel,39.663,-75.756,33.182511087,0.000608458,-0.000441227,,,,146.345449810,novatel_oem7_msgs.msg.SolutionStatus(status=0),novatel_oem7_msgs.msg.PositionOrVelocityType(type=53)
1786043642114794221,1786043642.114402000,/novatel/oem7/odom,/novatel/oem7/bestpos,/novatel/oem7/odom,39.663,-75.756,33.182511087,0.000698877,-0.000800287,0.000666014,-0.000211791,-0.000800287,,,
1786043642126926418,1786043642.126617493,/novatel/oem7/inspva,/novatel/oem7/inspva,/novatel/oem7/inspva,39.663,-75.756,-1.800010632,0.002862853,0.000849902,-0.002183155,0.001851961,0.000849902,,novatel_oem7_msgs.msg.InertialSolutionStatus(status=3),
1786043642127611154,1786043642.126766384,/novatel/oem7/fix,/novatel/oem7/fix,/novatel/oem7/inspva,39.663,-75.756,-1.800010632,0.002862853,0.000849902,-0.002183155,0.001851961,0.000849902,,0,
1786043642128121019,1786043642.127272239,/novatel/oem7/odom,/novatel/oem7/fix,/novatel/oem7/odom,39.663,-75.756,-1.800010632,0.002862606,0.000850734,0.001742559,-0.002271123,0.000850734,,,
1786043642135603714,1786043642.135229560,/novatel/oem7/odom,/novatel/oem7/fix,/novatel/oem7/odom,39.663,-75.756,-1.800010632,0.002862606,0.000850734,0.001742559,-0.002271123,0.000850734,,,
1786043642145478032,1786043642.145166602,/novatel/oem7/inspva,/novatel/oem7/inspva,/novatel/oem7/inspva,39.663,-75.756,-1.800018782,0.002546868,0.001147268,-0.001351499,0.002158701,0.001147268,,novatel_oem7_msgs.msg.InertialSolutionStatus(status=3),
1786043642146110846,1786043642.145310686,/novatel/oem7/fix,/novatel/oem7/fix,/novatel/oem7/inspva,39.663,-75.756,-1.800018782,0.002546868,0.001147268,-0.001351499,0.002158701,0.001147268,,0,
1786043642146636330,1786043642.145766517,/novatel/oem7/odom,/novatel/oem7/fix,/novatel/oem7/odom,39.663,-75.756,-1.800018782,0.002545034,0.001151332,0.002087572,-0.001455761,0.001151332,,,
1786043642156311737,1786043642.155823902,/novatel/oem7/odom,/novatel/oem7/fix,/novatel/oem7/odom,39.663,-75.756,-1.800018782,0.002545034,0.001151332,0.002087572,-0.001455761,0.001151332,,,
1786043642165745973,1786043642.165436983,/novatel/oem7/inspva,/novatel/oem7/inspva,/novatel/oem7/inspva,39.663,-75.756,-1.800039752,0.000670634,-0.000389865,-0.000087041,0.000664961,-0.000389865,,novatel_oem7_msgs.msg.InertialSolutionStatus(status=3),
1786043642166406585,1786043642.165594962,/novatel/oem7/fix,/novatel/oem7/fix,/novatel/oem7/inspva,39.663,-75.756,-1.800039752,0.000670634,-0.000389865,-0.000087041,0.000664961,-0.000389865,,0,
1786043642167227410,1786043642.166313445,/novatel/oem7/odom,/novatel/oem7/fix,/novatel/oem7/odom,39.663,-75.756,-1.800039752,0.000671866,-0.000387737,0.000661471,-0.000117727,-0.000387737,,,
1786043642175307002,1786043642.174933593,/novatel/oem7/odom,/novatel/oem7/fix,/novatel/oem7/odom,39.663,-75.756,-1.800039752,0.000671866,-0.000387737,0.000661471,-0.000117727,-0.000387737,,,
1786043642187242287,1786043642.186309395,/novatel/oem7/inspva,/novatel/oem7/inspva,/novatel/oem7/inspva,39.663,-75.756,-1.800039776,0.000806492,0.000077937,-0.000121830,0.000797237,0.000077937,,novatel_oem7_msgs.msg.InertialSolutionStatus(status=3),
1786043642188123129,1786043642.186624451,/novatel/oem7/fix,/novatel/oem7/fix,/novatel/oem7/inspva,39.663,-75.756,-1.800039776,0.000806492,0.000077937,-0.000121830,0.000797237,0.000077937,,0,
1786043642189645708,1786043642.187016498,/novatel/oem7/odom,/novatel/oem7/fix,/novatel/oem7/odom,39.663,-75.756,-1.800039776,0.000806248,0.000080414,0.000790229,-0.000159920,0.000080414,,,
1786043642195182755,1786043642.194535377,/novatel/oem7/odom,/novatel/oem7/fix,/novatel/oem7/odom,39.663,-75.756,-1.800039776,0.000806248,0.000080414,0.000790229,-0.000159920,0.000080414,,,
1786043642207233583,1786043642.206687891,/novatel/oem7/inspva,/novatel/oem7/inspva,/novatel/oem7/inspva,39.663,-75.756,-1.800043470,0.003359442,-0.000711128,-0.002463165,0.002284441,-0.000711128,,novatel_oem7_msgs.msg.InertialSolutionStatus(status=3),
1786043642208609237,1786043642.206850763,/novatel/oem7/fix,/novatel/oem7/fix,/novatel/oem7/inspva,39.663,-75.756,-1.800043470,0.003359442,-0.000711128,-0.002463165,0.002284441,-0.000711128,,0,
1786043642209705041,1786043642.207364448,/novatel/oem7/odom,/novatel/oem7/fix,/novatel/oem7/odom,39.663,-75.756,-1.800043470,0.003359789,-0.000709490,0.002166898,-0.002567631,-0.000709490,,,
1786043642211683754,1786043642.210746531,/novatel/oem7/bestpos,/novatel/oem7/bestpos,/novatel/oem7/odom,39.663,-75.756,33.182490938,0.003359789,-0.000709490,0.002166898,-0.002567631,-0.000709490,,novatel_oem7_msgs.msg.SolutionStatus(status=0),novatel_oem7_msgs.msg.PositionOrVelocityType(type=53)
1786043642213081871,1786043642.211209202,/novatel/oem7/bestvel,/novatel/oem7/bestpos,/novatel/oem7/bestvel,39.663,-75.756,33.182490938,0.003372847,-0.000320835,,,,145.819027606,novatel_oem7_msgs.msg.SolutionStatus(status=0),novatel_oem7_msgs.msg.PositionOrVelocityType(type=53)
1786043642216464827,1786043642.215787794,/novatel/oem7/odom,/novatel/oem7/bestpos,/novatel/oem7/odom,39.663,-75.756,33.182490938,0.003359789,-0.000709490,0.002166898,-0.002567631,-0.000709490,,,
1786043642225667331,1786043642.225112149,/novatel/oem7/inspva,/novatel/oem7/inspva,/novatel/oem7/inspva,39.663,-75.756,-1.800045397,0.002309487,-0.000237142,-0.001975108,0.001196946,-0.000237142,,novatel_oem7_msgs.msg.InertialSolutionStatus(status=3),
1786043642226973454,1786043642.225268250,/novatel/oem7/fix,/novatel/oem7/fix,/novatel/oem7/inspva,39.663,-75.756,-1.800045397,0.002309487,-0.000237142,-0.001975108,0.001196946,-0.000237142,,0,
1786043642228003154,1786043642.225690316,/novatel/oem7/odom,/novatel/oem7/fix,/novatel/oem7/odom,39.663,-75.756,-1.800045397,0.002309391,-0.000238069,0.001102241,-0.002029373,-0.000238069,,,
1786043642235260698,1786043642.234615275,/novatel/oem7/odom,/novatel/oem7/fix,/novatel/oem7/odom,39.663,-75.756,-1.800045397,0.002309391,-0.000238069,0.001102241,-0.002029373,-0.000238069,,,
1786043642247160412,1786043642.246598039,/novatel/oem7/inspva,/novatel/oem7/inspva,/novatel/oem7/inspva,39.663,-75.756,-1.800047283,0.001516390,0.001203917,-0.000310867,0.001484183,0.001203917,,novatel_oem7_msgs.msg.InertialSolutionStatus(status=3),
1786043642248550748,1786043642.246746398,/novatel/oem7/fix,/novatel/oem7/fix,/novatel/oem7/inspva,39.663,-75.756,-1.800047283,0.001516390,0.001203917,-0.000310867,0.001484183,0.001203917,,0,
1786043642249863721,1786043642.247251159,/novatel/oem7/odom,/novatel/oem7/fix,/novatel/oem7/odom,39.663,-75.756,-1.800047283,0.001512898,0.001208302,0.001463281,-0.000384276,0.001208302,,,
1786043642257269177,1786043642.256594244,/novatel/oem7/odom,/novatel/oem7/fix,/novatel/oem7/odom,39.663,-75.756,-1.800047283,0.001512898,0.001208302,0.001463281,-0.000384276,0.001208302,,,
1786043642265786244,1786043642.265206935,/novatel/oem7/inspva,/novatel/oem7/inspva,/novatel/oem7/inspva,39.663,-75.756,-1.800055673,0.001098074,0.000822254,-0.000242778,0.001070900,0.000822254,,novatel_oem7_msgs.msg.InertialSolutionStatus(status=3),
1786043642267119237,1786043642.265363726,/novatel/oem7/fix,/novatel/oem7/fix,/novatel/oem7/inspva,39.663,-75.756,-1.800055673,0.001098074,0.000822254,-0.000242778,0.001070900,0.000822254,,0,
1786043642268189651,1786043642.265745366,/novatel/oem7/odom,/novatel/oem7/fix,/novatel/oem7/odom,39.663,-75.756,-1.800055673,0.001095690,0.000825428,0.001055063,-0.000295600,0.000825428,,,
1786043642275604877,1786043642.274917510,/novatel/oem7/odom,/novatel/oem7/fix,/novatel/oem7/odom,39.663,-75.756,-1.800055673,0.001095690,0.000825428,0.001055063,-0.000295600,0.000825428,,,
1786043642285791247,1786043642.285252685,/novatel/oem7/inspva,/novatel/oem7/inspva,/novatel/oem7/inspva,39.663,-75.756,-1.800074724,0.002019064,-0.001919424,-0.001655946,0.001155190,-0.001919424,,novatel_oem7_msgs.msg.InertialSolutionStatus(status=3),
1786043642287142544,1786043642.285407307,/novatel/oem7/fix,/novatel/oem7/fix,/novatel/oem7/inspva,39.663,-75.756,-1.800074724,0.002019064,-0.001919424,-0.001655946,0.001155190,-0.001919424,,0,
1786043642288200654,1786043642.286043046,/novatel/oem7/odom,/novatel/oem7/fix,/novatel/oem7/odom,39.663,-75.756,-1.800074724,0.002018892,-0.001919605,0.001081838,-0.001704568,-0.001919605,,,
1786043642295778235,1786043642.295099645,/novatel/oem7/odom,/novatel/oem7/fix,/novatel/oem7/odom,39.663,-75.756,-1.800074724,0.002018892,-0.001919605,0.001081838,-0.001704568,-0.001919605,,,
1786043642306375882,1786043642.305845290,/novatel/oem7/inspva,/novatel/oem7/inspva,/novatel/oem7/inspva,39.663,-75.756,-1.800079178,0.003088722,-0.001304853,-0.001961221,0.002386171,-0.001304853,,novatel_oem7_msgs.msg.InertialSolutionStatus(status=3),
1786043642307713456,1786043642.305984282,/novatel/oem7/fix,/novatel/oem7/fix,/novatel/oem7/inspva,39.663,-75.756,-1.800079178,0.003088722,-0.001304853,-0.001961221,0.002386171,-0.001304853,,0,
1786043642308800596,1786043642.306342617,/novatel/oem7/odom,/novatel/oem7/fix,/novatel/oem7/odom,39.663,-75.756,-1.800079178,0.003090104,-0.001301577,0.002294599,-0.002069675,-0.001301577,,,
1786043642310534113,1786043642.309308037,/novatel/oem7/bestpos,/novatel/oem7/bestpos,/novatel/oem7/odom,39.663,-75.756,33.182449990,0.003090104,-0.001301577,0.002294599,-0.002069675,-0.001301577,,novatel_oem7_msgs.msg.SolutionStatus(status=0),novatel_oem7_msgs.msg.PositionOrVelocityType(type=53)
1786043642312008228,1786043642.309922757,/novatel/oem7/bestvel,/novatel/oem7/bestpos,/novatel/oem7/bestvel,39.663,-75.756,33.182449990,0.001782064,-0.000807110,,,,148.681621970,novatel_oem7_msgs.msg.SolutionStatus(status=0),novatel_oem7_msgs.msg.PositionOrVelocityType(type=53)
1786043642315310873,1786043642.314644233,/novatel/oem7/odom,/novatel/oem7/bestpos,/novatel/oem7/odom,39.663,-75.756,33.182449990,0.003090104,-0.001301577,0.002294599,-0.002069675,-0.001301577,,,
1786043642325821796,1786043642.325244214,/novatel/oem7/inspva,/novatel/oem7/inspva,/novatel/oem7/inspva,39.663,-75.756,-1.800075966,0.002701521,0.001262173,-0.001499247,0.002247326,0.001262173,,novatel_oem7_msgs.msg.InertialSolutionStatus(status=3),
1786043642327204307,1786043642.325448772,/novatel/oem7/fix,/novatel/oem7/fix,/novatel/oem7/inspva,39.663,-75.756,-1.800075966,0.002701521,0.001262173,-0.001499247,0.002247326,0.001262173,,0,
1786043642328284547,1786043642.326204070,/novatel/oem7/odom,/novatel/oem7/fix,/novatel/oem7/odom,39.663,-75.756,-1.800075966,0.002699631,0.001266212,0.002168571,-0.001607890,0.001266212,,,
1786043642336191631,1786043642.335505961,/novatel/oem7/odom,/novatel/oem7/fix,/novatel/oem7/odom,39.663,-75.756,-1.800075966,0.002699631,0.001266212,0.002168571,-0.001607890,0.001266212,,,
1786043642345617177,1786043642.345012924,/novatel/oem7/inspva,/novatel/oem7/inspva,/novatel/oem7/inspva,39.663,-75.756,-1.800088615,0.001504297,0.001216717,-0.000459946,0.001432257,0.001216717,,novatel_oem7_msgs.msg.InertialSolutionStatus(status=3),
1786043642347331417,1786043642.345184599,/novatel/oem7/fix,/novatel/oem7/fix,/novatel/oem7/inspva,39.663,-75.756,-1.800088615,0.001504297,0.001216717,-0.000459946,0.001432257,0.001216717,,0,
1786043642348671413,1786043642.345615703,/novatel/oem7/odom,/novatel/oem7/fix,/novatel/oem7/odom,39.663,-75.756,-1.800088615,0.001501156,0.001220590,0.001404204,-0.000530736,0.001220590,,,
1786043642356341395,1786043642.355681851,/novatel/oem7/odom,/novatel/oem7/fix,/novatel/oem7/odom,39.663,-75.756,-1.800088615,0.001501156,0.001220590,0.001404204,-0.000530736,0.001220590,,,
1786043642367644083,1786043642.367035057,/novatel/oem7/inspva,/novatel/oem7/inspva,/novatel/oem7/inspva,39.663,-75.756,-1.800108145,0.000888670,-0.001591232,-0.000507046,0.000729821,-0.001591232,,novatel_oem7_msgs.msg.InertialSolutionStatus(status=3),
1786043642368999220,1786043642.367229329,/novatel/oem7/fix,/novatel/oem7/fix,/novatel/oem7/inspva,39.663,-75.756,-1.800108145,0.000888670,-0.001591232,-0.000507046,0.000729821,-0.001591232,,0,
1786043642370078310,1786043642.367586139,/novatel/oem7/odom,/novatel/oem7/fix,/novatel/oem7/odom,39.663,-75.756,-1.800108145,0.000890970,-0.001589945,0.000710609,-0.000537459,-0.001589945,,,
1786043642375552367,1786043642.374883757,/novatel/oem7/odom,/novatel/oem7/fix,/novatel/oem7/odom,39.663,-75.756,-1.800108145,0.000890970,-0.001589945,0.000710609,-0.000537459,-0.001589945,,,
1786043642385649743,1786043642.385031220,/novatel/oem7/inspva,/novatel/oem7/inspva,/novatel/oem7/inspva,39.663,-75.756,-1.800120682,0.001902957,-0.001867498,-0.000772813,0.001738967,-0.001867498,,novatel_oem7_msgs.msg.InertialSolutionStatus(status=3),
1786043642386984553,1786043642.385218572,/novatel/oem7/fix,/novatel/oem7/fix,/novatel/oem7/inspva,39.663,-75.756,-1.800120682,0.001902957,-0.001867498,-0.000772813,0.001738967,-0.001867498,,0,
1786043642388027346,1786043642.385570602,/novatel/oem7/odom,/novatel/oem7/fix,/novatel/oem7/odom,39.663,-75.756,-1.800120682,0.001906971,-0.001863399,0.001706888,-0.000850337,-0.001863399,,,
1786043642396156903,1786043642.395489686,/novatel/oem7/odom,/novatel/oem7/fix,/novatel/oem7/odom,39.663,-75.756,-1.800120682,0.001906971,-0.001863399,0.001706888,-0.000850337,-0.001863399,,,
1786043642407205947,1786043642.406614518,/novatel/oem7/inspva,/novatel/oem7/inspva,/novatel/oem7/inspva,39.663,-75.756,-1.800117322,0.004111974,0.000879458,-0.002156779,0.003500947,0.000879458,,novatel_oem7_msgs.msg.InertialSolutionStatus(status=3),
1786043642408743059,1786043642.406760140,/novatel/oem7/fix,/novatel/oem7/fix,/novatel/oem7/inspva,39.663,-75.756,-1.800117322,0.004111974,0.000879458,-0.002156779,0.003500947,0.000879458,,0,
1786043642410350505,1786043642.408722089,/novatel/oem7/odom,/novatel/oem7/fix,/novatel/oem7/odom,39.663,-75.756,-1.800117322,0.004110546,0.000886107,0.003390848,-0.002323519,0.000886107,,,
1786043642411861610,1786043642.410092186,/novatel/oem7/bestpos,/novatel/oem7/bestpos,/novatel/oem7/odom,39.663,-75.756,33.182387542,0.004110546,0.000886107,0.003390848,-0.002323519,0.000886107,,novatel_oem7_msgs.msg.SolutionStatus(status=0),novatel_oem7_msgs.msg.PositionOrVelocityType(type=53)
1786043642412800702,1786043642.410540077,/novatel/oem7/bestvel,/novatel/oem7/bestpos,/novatel/oem7/bestvel,39.663,-75.756,33.182387542,0.003502286,0.000257358,,,,105.985242683,novatel_oem7_msgs.msg.SolutionStatus(status=0),novatel_oem7_msgs.msg.PositionOrVelocityType(type=53)
1786043642415563756,1786043642.414898987,/novatel/oem7/odom,/novatel/oem7/bestpos,/novatel/oem7/odom,39.663,-75.756,33.182387542,0.004110546,0.000886107,0.003390848,-0.002323519,0.000886107,,,
1786043642426678862,1786043642.426053476,/novatel/oem7/inspva,/novatel/oem7/inspva,/novatel/oem7/inspva,39.663,-75.756,-1.800126559,0.002437435,0.001242672,-0.001252748,0.002090864,0.001242672,,novatel_oem7_msgs.msg.InertialSolutionStatus(status=3),
1786043642428013842,1786043642.426213384,/novatel/oem7/fix,/novatel/oem7/fix,/novatel/oem7/inspva,39.663,-75.756,-1.800126559,0.002437435,0.001242672,-0.001252748,0.002090864,0.001242672,,0,
1786043642429070926,1786043642.426658632,/novatel/oem7/odom,/novatel/oem7/fix,/novatel/oem7/odom,39.663,-75.756,-1.800126559,0.002435324,0.001246804,0.002024141,-0.001354125,0.001246804,,,
1786043642435160322,1786043642.434480135,/novatel/oem7/odom,/novatel/oem7/fix,/novatel/oem7/odom,39.663,-75.756,-1.800126559,0.002435324,0.001246804,0.002024141,-0.001354125,0.001246804,,,
1786043642446192867,1786043642.445325701,/novatel/oem7/inspva,/novatel/oem7/inspva,/novatel/oem7/inspva,39.663,-75.756,-1.800144632,0.000703057,-0.000988813,0.000392361,-0.000583388,-0.000988813,,novatel_oem7_msgs.msg.InertialSolutionStatus(status=3),
1786043642447654998,1786043642.445583061,/novatel/oem7/fix,/novatel/oem7/fix,/novatel/oem7/inspva,39.663,-75.756,-1.800144632,0.000703057,-0.000988813,0.000392361,-0.000583388,-0.000988813,,0,
1786043642448741172,1786043642.446172453,/novatel/oem7/odom,/novatel/oem7/fix,/novatel/oem7/odom,39.663,-75.756,-1.800144632,0.000701596,-0.000989850,-0.000560401,0.000422123,-0.000989850,,,
1786043642457158741,1786043642.456484698,/novatel/oem7/odom,/novatel/oem7/fix,/novatel/oem7/odom,39.663,-75.756,-1.800144632,0.000701596,-0.000989850,-0.000560401,0.000422123,-0.000989850,,,
1786043642465752808,1786043642.465120249,/novatel/oem7/inspva,/novatel/oem7/inspva,/novatel/oem7/inspva,39.663,-75.756,-1.800158273,0.001464440,-0.001969450,-0.000203242,0.001450268,-0.001969450,,novatel_oem7_msgs.msg.InertialSolutionStatus(status=3),
1786043642467111785,1786043642.465299444,/novatel/oem7/fix,/novatel/oem7/fix,/novatel/oem7/inspva,39.663,-75.756,-1.800158273,0.001464440,-0.001969450,-0.000203242,0.001450268,-0.001969450,,0,
1786043642468200206,1786043642.465731048,/novatel/oem7/odom,/novatel/oem7/fix,/novatel/oem7/odom,39.663,-75.756,-1.800158273,0.001470570,-0.001964876,0.001446042,-0.000267468,-0.001964876,,,
1786043642475117947,1786043642.474468067,/novatel/oem7/odom,/novatel/oem7/fix,/novatel/oem7/odom,39.663,-75.756,-1.800158273,0.001470570,-0.001964876,0.001446042,-0.000267468,-0.001964876,,,
1786043642487197666,1786043642.486602573,/novatel/oem7/inspva,/novatel/oem7/inspva,/novatel/oem7/inspva,39.663,-75.756,-1.800149512,0.003443297,0.000740309,-0.002087627,0.002738268,0.000740309,,novatel_oem7_msgs.msg.InertialSolutionStatus(status=3),
1786043642488575259,1786043642.486775995,/novatel/oem7/fix,/novatel/oem7/fix,/novatel/oem7/inspva,39.663,-75.756,-1.800149512,0.003443297,0.000740309,-0.002087627,0.002738268,0.000740309,,0,
1786043642489628083,1786043642.487468675,/novatel/oem7/odom,/novatel/oem7/fix,/novatel/oem7/odom,39.663,-75.756,-1.800149512,0.003442389,0.000744522,0.002632787,-0.002217763,0.000744522,,,
1786043642495634395,1786043642.494954138,/novatel/oem7/odom,/novatel/oem7/fix,/novatel/oem7/odom,39.663,-75.756,-1.800149512,0.003442389,0.000744522,0.002632787,-0.002217763,0.000744522,,,
1786043642506649206,1786043642.506096191,/novatel/oem7/inspva,/novatel/oem7/inspva,/novatel/oem7/inspva,39.663,-75.756,-1.800164426,0.002810259,0.000664381,-0.001286598,0.002498444,0.000664381,,novatel_oem7_msgs.msg.InertialSolutionStatus(status=3),
1786043642508154384,1786043642.506262979,/novatel/oem7/fix,/novatel/oem7/fix,/novatel/oem7/inspva,39.663,-75.756,-1.800164426,0.002810259,0.000664381,-0.001286598,0.002498444,0.000664381,,0,
1786043642509208642,1786043642.506709700,/novatel/oem7/odom,/novatel/oem7/fix,/novatel/oem7/odom,39.663,-75.756,-1.800164426,0.002808969,0.000669816,0.002431758,-0.001406009,0.000669816,,,
1786043642512012099,1786043642.511433019,/novatel/oem7/bestpos,/novatel/oem7/bestpos,/novatel/oem7/odom,39.663,-75.756,33.182352930,0.002808969,0.000669816,0.002431758,-0.001406009,0.000669816,,novatel_oem7_msgs.msg.SolutionStatus(status=0),novatel_oem7_msgs.msg.PositionOrVelocityType(type=53)
1786043642513404176,1786043642.511967465,/novatel/oem7/bestvel,/novatel/oem7/bestpos,/novatel/oem7/bestvel,39.663,-75.756,33.182352930,0.002961155,0.000424908,,,,111.751510775,novatel_oem7_msgs.msg.SolutionStatus(status=0),novatel_oem7_msgs.msg.PositionOrVelocityType(type=53)
1786043642516116816,1786043642.515502768,/novatel/oem7/odom,/novatel/oem7/bestpos,/novatel/oem7/odom,39.663,-75.756,33.182352930,0.002808969,0.000669816,0.002431758,-0.001406009,0.000669816,,,
1786043642525801650,1786043642.525244872,/novatel/oem7/inspva,/novatel/oem7/inspva,/novatel/oem7/inspva,39.663,-75.756,-1.800180578,0.000688768,-0.000348974,0.000686362,0.000057525,-0.000348974,,novatel_oem7_msgs.msg.InertialSolutionStatus(status=3),
1786043642527136794,1786043642.525413037,/novatel/oem7/fix,/novatel/oem7/fix,/novatel/oem7/inspva,39.663,-75.756,-1.800180578,0.000688768,-0.000348974,0.000686362,0.000057525,-0.000348974,,0,
1786043642528205324,1786043642.526021456,/novatel/oem7/odom,/novatel/oem7/fix,/novatel/oem7/odom,39.663,-75.756,-1.800180578,0.000689775,-0.000346980,0.000091497,0.000683680,-0.000346980,,,
1786043642535696201,1786043642.535022325,/novatel/oem7/odom,/novatel/oem7/fix,/novatel/oem7/odom,39.663,-75.756,-1.800180578,0.000689775,-0.000346980,0.000091497,0.000683680,-0.000346980,,,
1786043642546713259,1786043642.546115567,/novatel/oem7/inspva,/novatel/oem7/inspva,/novatel/oem7/inspva,39.663,-75.756,-1.800199844,0.000962343,-0.001529726,0.000122993,0.000954451,-0.001529726,,novatel_oem7_msgs.msg.InertialSolutionStatus(status=3),
1786043642548078043,1786043642.546296698,/novatel/oem7/fix,/novatel/oem7/fix,/novatel/oem7/inspva,39.663,-75.756,-1.800199844,0.000962343,-0.001529726,0.000122993,0.000954451,-0.001529726,,0,
1786043642549163683,1786043642.546783256,/novatel/oem7/odom,/novatel/oem7/fix,/novatel/oem7/odom,39.663,-75.756,-1.800199844,0.000968192,-0.001526032,0.000964796,0.000081017,-0.001526032,,,
1786043642556561709,1786043642.555888245,/novatel/oem7/odom,/novatel/oem7/fix,/novatel/oem7/odom,39.663,-75.756,-1.800199844,0.000968192,-0.001526032,0.000964796,0.000081017,-0.001526032,,,
1786043642565884473,1786043642.565323988,/novatel/oem7/inspva,/novatel/oem7/inspva,/novatel/oem7/inspva,39.663,-75.756,-1.800203591,0.003679260,-0.000532799,-0.002190900,0.002955827,-0.000532799,,novatel_oem7_msgs.msg.InertialSolutionStatus(status=3),
1786043642567233674,1786043642.565512144,/novatel/oem7/fix,/novatel/oem7/fix,/novatel/oem7/inspva,39.663,-75.756,-1.800203591,0.003679260,-0.000532799,-0.002190900,0.002955827,-0.000532799,,0,
1786043642568302121,1786043642.566127680,/novatel/oem7/odom,/novatel/oem7/fix,/novatel/oem7/odom,39.663,-75.756,-1.800203591,0.003679933,-0.000528131,0.002849858,-0.002328136,-0.000528131,,,
1786043642576255919,1786043642.575621413,/novatel/oem7/odom,/novatel/oem7/fix,/novatel/oem7/odom,39.663,-75.756,-1.800203591,0.003679933,-0.000528131,0.002849858,-0.002328136,-0.000528131,,,
1786043642585977037,1786043642.585402792,/novatel/oem7/inspva,/novatel/oem7/inspva,/novatel/oem7/inspva,39.663,-75.756,-1.800220176,0.002392506,-0.000048046,-0.001645781,0.001736517,-0.000048046,,novatel_oem7_msgs.msg.InertialSolutionStatus(status=3),
1786043642587289690,1786043642.585595664,/novatel/oem7/fix,/novatel/oem7/fix,/novatel/oem7/inspva,39.663,-75.756,-1.800220176,0.002392506,-0.000048046,-0.001645781,0.001736517,-0.000048046,,0,
1786043642588337617,1786043642.585957722,/novatel/oem7/odom,/novatel/oem7/fix,/novatel/oem7/odom,39.663,-75.756,-1.800220176,0.002392542,-0.000046197,0.001656172,-0.001726660,-0.000046197,,,
1786043642595217378,1786043642.594559552,/novatel/oem7/odom,/novatel/oem7/fix,/novatel/oem7/odom,39.663,-75.756,-1.800220176,0.002392542,-0.000046197,0.001656172,-0.001726660,-0.000046197,,,
1786043642607147598,1786043642.606606790,/novatel/oem7/inspva,/novatel/oem7/inspva,/novatel/oem7/inspva,39.663,-75.756,-1.800237408,0.001219235,-0.000096837,0.000457739,0.001130048,-0.000096837,,novatel_oem7_msgs.msg.InertialSolutionStatus(status=3),
1786043642608484011,1786043642.606770141,/novatel/oem7/fix,/novatel/oem7/fix,/novatel/oem7/inspva,39.663,-75.756,-1.800237408,0.001219235,-0.000096837,0.000457739,0.001130048,-0.000096837,,0,
1786043642609530882,1786043642.607228166,/novatel/oem7/odom,/novatel/oem7/fix,/novatel/oem7/odom,39.663,-75.756,-1.800237408,0.001219635,-0.000091663,0.001150953,0.000403506,-0.000091663,,,
1786043642610963472,1786043642.610314156,/novatel/oem7/bestpos,/novatel/oem7/bestpos,/novatel/oem7/odom,39.663,-75.756,33.182285400,0.001219635,-0.000091663,0.001150953,0.000403506,-0.000091663,,novatel_oem7_msgs.msg.SolutionStatus(status=0),novatel_oem7_msgs.msg.PositionOrVelocityType(type=53)
1786043642612358846,1786043642.610797904,/novatel/oem7/bestvel,/novatel/oem7/bestpos,/novatel/oem7/bestvel,39.663,-75.756,33.182285400,0.001247474,-0.000209265,,,,48.769336820,novatel_oem7_msgs.msg.SolutionStatus(status=0),novatel_oem7_msgs.msg.PositionOrVelocityType(type=53)
1786043642615887494,1786043642.615235238,/novatel/oem7/odom,/novatel/oem7/bestpos,/novatel/oem7/odom,39.663,-75.756,33.182285400,0.001219635,-0.000091663,0.001150953,0.000403506,-0.000091663,,,
1786043642625737734,1786043642.625185332,/novatel/oem7/inspva,/novatel/oem7/inspva,/novatel/oem7/inspva,39.663,-75.756,-1.800255239,0.000772287,-0.000557062,0.000366868,0.000679584,-0.000557062,,novatel_oem7_msgs.msg.InertialSolutionStatus(status=3),
1786043642627087637,1786043642.625345354,/novatel/oem7/fix,/novatel/oem7/fix,/novatel/oem7/inspva,39.663,-75.756,-1.800255239,0.000772287,-0.000557062,0.000366868,0.000679584,-0.000557062,,0,
1786043642628160098,1786043642.625707770,/novatel/oem7/odom,/novatel/oem7/fix,/novatel/oem7/odom,39.663,-75.756,-1.800255239,0.000774717,-0.000553678,0.000698365,0.000335368,-0.000553678,,,
1786043642636474153,1786043642.635776606,/novatel/oem7/odom,/novatel/oem7/fix,/novatel/oem7/odom,39.663,-75.756,-1.800255239,0.000774717,-0.000553678,0.000698365,0.000335368,-0.000553678,,,
1786043642645990029,1786043642.645394940,/novatel/oem7/inspva,/novatel/oem7/inspva,/novatel/oem7/inspva,39.663,-75.756,-1.800275840,0.001870409,-0.001759773,-0.001342960,0.001301879,-0.001759773,,novatel_oem7_msgs.msg.InertialSolutionStatus(status=3),
1786043642647327669,1786043642.645615322,/novatel/oem7/fix,/novatel/oem7/fix,/novatel/oem7/inspva,39.663,-75.756,-1.800275840,0.001870409,-0.001759773,-0.001342960,0.001301879,-0.001759773,,0,
1786043642648417077,1786043642.646212485,/novatel/oem7/odom,/novatel/oem7/fix,/novatel/oem7/odom,39.663,-75.756,-1.800275840,0.001871441,-0.001758676,0.001242687,-0.001399293,-0.001758676,,,
1786043642657072915,1786043642.656428259,/novatel/oem7/odom,/novatel/oem7/fix,/novatel/oem7/odom,39.663,-75.756,-1.800275840,0.001871441,-0.001758676,0.001242687,-0.001399293,-0.001758676,,,
1786043642666716612,1786043642.666087936,/novatel/oem7/inspva,/novatel/oem7/inspva,/novatel/oem7/inspva,39.663,-75.756,-1.800283944,0.002308175,-0.000499277,-0.001597441,0.001666089,-0.000499277,,novatel_oem7_msgs.msg.InertialSolutionStatus(status=3),
1786043642668586114,1786043642.666278525,/novatel/oem7/fix,/novatel/oem7/fix,/novatel/oem7/inspva,39.663,-75.756,-1.800283944,0.002308175,-0.000499277,-0.001597441,0.001666089,-0.000499277,,0,
1786043642669758582,1786043642.666663426,/novatel/oem7/odom,/novatel/oem7/fix,/novatel/oem7/odom,39.663,-75.756,-1.800283944,0.002308539,-0.000497589,0.001589747,-0.001673935,-0.000497589,,,
1786043642675405461,1786043642.674777526,/novatel/oem7/odom,/novatel/oem7/fix,/novatel/oem7/odom,39.663,-75.756,-1.800283944,0.002308539,-0.000497589,0.001589747,-0.001673935,-0.000497589,,,
1786043642686031675,1786043642.685461750,/novatel/oem7/inspva,/novatel/oem7/inspva,/novatel/oem7/inspva,39.663,-75.756,-1.800294351,0.001342723,0.000558101,-0.000112343,0.001338015,0.000558101,,novatel_oem7_msgs.msg.InertialSolutionStatus(status=3),
1786043642687357339,1786043642.685637192,/novatel/oem7/fix,/novatel/oem7/fix,/novatel/oem7/inspva,39.663,-75.756,-1.800294351,0.001342723,0.000558101,-0.000112343,0.001338015,0.000558101,,0,
1786043642688412859,1786043642.686313408,/novatel/oem7/odom,/novatel/oem7/fix,/novatel/oem7/odom,39.663,-75.756,-1.800294351,0.001340868,0.000562543,0.001329075,-0.000177445,0.000562543,,,
1786043642696203698,1786043642.695570937,/novatel/oem7/odom,/novatel/oem7/fix,/novatel/oem7/odom,39.663,-75.756,-1.800294351,0.001340868,0.000562543,0.001329075,-0.000177445,0.000562543,,,
1786043642706594623,1786043642.706017798,/novatel/oem7/inspva,/novatel/oem7/inspva,/novatel/oem7/inspva,39.663,-75.756,-1.800312927,0.001138366,-0.000165914,0.000010001,0.001138323,-0.000165914,,novatel_oem7_msgs.msg.InertialSolutionStatus(status=3),
1786043642707900803,1786043642.706200123,/novatel/oem7/fix,/novatel/oem7/fix,/novatel/oem7/inspva,39.663,-75.756,-1.800312927,0.001138366,-0.000165914,0.000010001,0.001138323,-0.000165914,,0,
1786043642708935803,1786043642.706667518,/novatel/oem7/odom,/novatel/oem7/fix,/novatel/oem7/odom,39.663,-75.756,-1.800312927,0.001138950,-0.000161863,0.001138101,-0.000043947,-0.000161863,,,
1786043642710381937,1786043642.709661197,/novatel/oem7/bestpos,/novatel/oem7/bestpos,/novatel/oem7/odom,39.663,-75.756,33.182205535,0.001138950,-0.000161863,0.001138101,-0.000043947,-0.000161863,,novatel_oem7_msgs.msg.SolutionStatus(status=0),novatel_oem7_msgs.msg.PositionOrVelocityType(type=53)
1786043642711787921,1786043642.710305140,/novatel/oem7/bestvel,/novatel/oem7/bestpos,/novatel/oem7/bestvel,39.663,-75.756,33.182205535,0.002021481,-0.000810190,,,,79.561287435,novatel_oem7_msgs.msg.SolutionStatus(status=0),novatel_oem7_msgs.msg.PositionOrVelocityType(type=53)
1786043642715194641,1786043642.714508715,/novatel/oem7/odom,/novatel/oem7/bestpos,/novatel/oem7/odom,39.663,-75.756,33.182205535,0.001138950,-0.000161863,0.001138101,-0.000043947,-0.000161863,,,
1786043642727326754,1786043642.726759511,/novatel/oem7/inspva,/novatel/oem7/inspva,/novatel/oem7/inspva,39.663,-75.756,-1.800336947,0.001197272,-0.001967023,-0.000362396,0.001141109,-0.001967023,,novatel_oem7_msgs.msg.InertialSolutionStatus(status=3),
1786043642728854649,1786043642.726935323,/novatel/oem7/fix,/novatel/oem7/fix,/novatel/oem7/inspva,39.663,-75.756,-1.800336947,0.001197272,-0.001967023,-0.000362396,0.001141109,-0.001967023,,0,
1786043642729909449,1786043642.727702190,/novatel/oem7/odom,/novatel/oem7/fix,/novatel/oem7/odom,39.663,-75.756,-1.800336947,0.001202301,-0.001963953,0.001129626,-0.000411669,-0.001963953,,,
1786043642735903275,1786043642.735241408,/novatel/oem7/odom,/novatel/oem7/fix,/novatel/oem7/odom,39.663,-75.756,-1.800336947,0.001202301,-0.001963953,0.001129626,-0.000411669,-0.001963953,,,
1786043642745776535,1786043642.745211542,/novatel/oem7/inspva,/novatel/oem7/inspva,/novatel/oem7/inspva,39.663,-75.756,-1.800355142,0.001784656,-0.001545205,-0.001392582,0.001116114,-0.001545205,,novatel_oem7_msgs.msg.InertialSolutionStatus(status=3),
1786043642747080057,1786043642.745385051,/novatel/oem7/fix,/novatel/oem7/fix,/novatel/oem7/inspva,39.663,-75.756,-1.800355142,0.001784656,-0.001545205,-0.001392582,0.001116114,-0.001545205,,0,
1786043642748148728,1786043642.745714064,/novatel/oem7/odom,/novatel/oem7/fix,/novatel/oem7/odom,39.663,-75.756,-1.800355142,0.001784902,-0.001544920,0.001053957,-0.001440504,-0.001544920,,,
1786043642756257560,1786043642.755630609,/novatel/oem7/odom,/novatel/oem7/fix,/novatel/oem7/odom,39.663,-75.756,-1.800355142,0.001784902,-0.001544920,0.001053957,-0.001440504,-0.001544920,,,
1786043642766996436,1786043642.766436460,/novatel/oem7/inspva,/novatel/oem7/inspva,/novatel/oem7/inspva,39.663,-75.756,-1.800364504,0.002562646,0.000478719,-0.000783310,0.002439997,0.000478719,,novatel_oem7_msgs.msg.InertialSolutionStatus(status=3),
1786043642768319772,1786043642.766614436,/novatel/oem7/fix,/novatel/oem7/fix,/novatel/oem7/inspva,39.663,-75.756,-1.800364504,0.002562646,0.000478719,-0.000783310,0.002439997,0.000478719,,0,
1786043642769363506,1786043642.766987253,/novatel/oem7/odom,/novatel/oem7/fix,/novatel/oem7/odom,39.663,-75.756,-1.800364504,0.002561418,0.000485251,0.002398059,-0.000900097,0.000485251,,,
1786043642775529739,1786043642.774884969,/novatel/oem7/odom,/novatel/oem7/fix,/novatel/oem7/odom,39.663,-75.756,-1.800364504,0.002561418,0.000485251,0.002398059,-0.000900097,0.000485251,,,
1786043642786693836,1786043642.786128650,/novatel/oem7/inspva,/novatel/oem7/inspva,/novatel/oem7/inspva,39.663,-75.756,-1.800385726,0.001571167,0.000261758,-0.000257818,0.001549869,0.000261758,,novatel_oem7_msgs.msg.InertialSolutionStatus(status=3),
1786043642787984948,1786043642.786324092,/novatel/oem7/fix,/novatel/oem7/fix,/novatel/oem7/inspva,39.663,-75.756,-1.800385726,0.001571167,0.000261758,-0.000257818,0.001549869,0.000261758,,0,
1786043642789012085,1786043642.786651635,/novatel/oem7/odom,/novatel/oem7/fix,/novatel/oem7/odom,39.663,-75.756,-1.800385726,0.001570354,0.000266588,0.001534819,-0.000332177,0.000266588,,,
1786043642795270383,1786043642.794599796,/novatel/oem7/odom,/novatel/oem7/fix,/novatel/oem7/odom,39.663,-75.756,-1.800385726,0.001570354,0.000266588,0.001534819,-0.000332177,0.000266588,,,
1786043642807060792,1786043642.806513070,/novatel/oem7/inspva,/novatel/oem7/inspva,/novatel/oem7/inspva,39.663,-75.756,-1.800422481,0.000835178,-0.002544906,-0.000033579,0.000834503,-0.002544906,,novatel_oem7_msgs.msg.InertialSolutionStatus(status=3),
1786043642808346658,1786043642.806683062,/novatel/oem7/fix,/novatel/oem7/fix,/novatel/oem7/inspva,39.663,-75.756,-1.800422481,0.000835178,-0.002544906,-0.000033579,0.000834503,-0.002544906,,0,
1786043642809395565,1786043642.807220160,/novatel/oem7/odom,/novatel/oem7/fix,/novatel/oem7/odom,39.663,-75.756,-1.800422481,0.000843834,-0.002542049,0.000841153,-0.000067216,-0.002542049,,,
1786043642810848643,1786043642.810214553,/novatel/oem7/bestpos,/novatel/oem7/bestpos,/novatel/oem7/odom,39.663,-75.756,33.182117970,0.000843834,-0.002542049,0.000841153,-0.000067216,-0.002542049,,novatel_oem7_msgs.msg.SolutionStatus(status=0),novatel_oem7_msgs.msg.PositionOrVelocityType(type=53)
1786043642812225779,1786043642.810601950,/novatel/oem7/bestvel,/novatel/oem7/bestpos,/novatel/oem7/bestvel,39.663,-75.756,33.182117970,0.000894731,-0.001755234,,,,164.755851159,novatel_oem7_msgs.msg.SolutionStatus(status=0),novatel_oem7_msgs.msg.PositionOrVelocityType(type=53)
1786043642816148558,1786043642.815512842,/novatel/oem7/odom,/novatel/oem7/bestpos,/novatel/oem7/odom,39.663,-75.756,33.182117970,0.000843834,-0.002542049,0.000841153,-0.000067216,-0.002542049,,,
1786043642825911180,1786043642.825319205,/novatel/oem7/inspva,/novatel/oem7/inspva,/novatel/oem7/inspva,39.663,-75.756,-1.800441060,0.001925035,-0.002253965,-0.000884999,0.001709543,-0.002253965,,novatel_oem7_msgs.msg.InertialSolutionStatus(status=3),
1786043642827213063,1786043642.825521560,/novatel/oem7/fix,/novatel/oem7/fix,/novatel/oem7/inspva,39.663,-75.756,-1.800441060,0.001925035,-0.002253965,-0.000884999,0.001709543,-0.002253965,,0,
1786043642828267177,1786043642.825849784,/novatel/oem7/odom,/novatel/oem7/fix,/novatel/oem7/odom,39.663,-75.756,-1.800441060,0.001929346,-0.002250276,0.001673479,-0.000960126,-0.002250276,,,
1786043642835085993,1786043642.834402784,/novatel/oem7/odom,/novatel/oem7/fix,/novatel/oem7/odom,39.663,-75.756,-1.800441060,0.001929346,-0.002250276,0.001673479,-0.000960126,-0.002250276,,,
1786043642847153069,1786043642.846590356,/novatel/oem7/inspva,/novatel/oem7/inspva,/novatel/oem7/inspva,39.663,-75.756,-1.800438883,0.002709179,0.000885675,-0.001071395,0.002488325,0.000885675,,novatel_oem7_msgs.msg.InertialSolutionStatus(status=3),
1786043642848549119,1786043642.846774548,/novatel/oem7/fix,/novatel/oem7/fix,/novatel/oem7/inspva,39.663,-75.756,-1.800438883,0.002709179,0.000885675,-0.001071395,0.002488325,0.000885675,,0,
1786043642849617773,1786043642.847157409,/novatel/oem7/odom,/novatel/oem7/fix,/novatel/oem7/odom,39.663,-75.756,-1.800438883,0.002707219,0.000891647,0.002431084,-0.001191162,0.000891647,,,
1786043642857027349,1786043642.856370563,/novatel/oem7/odom,/novatel/oem7/fix,/novatel/oem7/odom,39.663,-75.756,-1.800438883,0.002707219,0.000891647,0.002431084,-0.001191162,0.000891647,,,
1786043642866683407,1786043642.865980750,/novatel/oem7/inspva,/novatel/oem7/inspva,/novatel/oem7/inspva,39.663,-75.756,-1.800465603,0.001632990,0.000449234,-0.000336497,0.001597944,0.000449234,,novatel_oem7_msgs.msg.InertialSolutionStatus(status=3),
1786043642868051230,1786043642.866189782,/novatel/oem7/fix,/novatel/oem7/fix,/novatel/oem7/inspva,39.663,-75.756,-1.800465603,0.001632990,0.000449234,-0.000336497,0.001597944,0.000449234,,0,
1786043642869135407,1786043642.866791204,/novatel/oem7/odom,/novatel/oem7/fix,/novatel/oem7/odom,39.663,-75.756,-1.800465603,0.001631667,0.000454013,0.001578403,-0.000413499,0.000454013,,,
1786043642876042372,1786043642.875374802,/novatel/oem7/odom,/novatel/oem7/fix,/novatel/oem7/odom,39.663,-75.756,-1.800465603,0.001631667,0.000454013,0.001578403,-0.000413499,0.000454013,,,
1786043642885863595,1786043642.885306186,/novatel/oem7/inspva,/novatel/oem7/inspva,/novatel/oem7/inspva,39.663,-75.756,-1.800501023,0.000841437,-0.002099366,0.000428638,0.000724076,-0.002099366,,novatel_oem7_msgs.msg.InertialSolutionStatus(status=3),
1786043642887189378,1786043642.885497902,/novatel/oem7/fix,/novatel/oem7/fix,/novatel/oem7/inspva,39.663,-75.756,-1.800501023,0.000841437,-0.002099366,0.000428638,0.000724076,-0.002099366,,0,
1786043642888248265,1786043642.886127904,/novatel/oem7/odom,/novatel/oem7/fix,/novatel/oem7/odom,39.663,-75.756,-1.800501023,0.000850544,-0.002095693,0.000751331,0.000398656,-0.002095693,,,
1786043642895626867,1786043642.894930824,/novatel/oem7/odom,/novatel/oem7/fix,/novatel/oem7/odom,39.663,-75.756,-1.800501023,0.000850544,-0.002095693,0.000751331,0.000398656,-0.002095693,,,
1786043642906371212,1786043642.905874271,/novatel/oem7/inspva,/novatel/oem7/inspva,/novatel/oem7/inspva,39.663,-75.756,-1.800521614,0.001686250,-0.002237914,-0.000179950,0.001676621,-0.002237914,,novatel_oem7_msgs.msg.InertialSolutionStatus(status=3),
1786043642907690352,1786043642.905945997,/novatel/oem7/fix,/novatel/oem7/fix,/novatel/oem7/inspva,39.663,-75.756,-1.800521614,0.001686250,-0.002237914,-0.000179950,0.001676621,-0.002237914,,0,
1786043642908713102,1786043642.906384216,/novatel/oem7/odom,/novatel/oem7/fix,/novatel/oem7/odom,39.663,-75.756,-1.800521614,0.001693443,-0.002232476,0.001674235,-0.000254336,-0.002232476,,,
1786043642910111923,1786043642.909417144,/novatel/oem7/bestpos,/novatel/oem7/bestpos,/novatel/oem7/odom,39.663,-75.756,33.182010416,0.001693443,-0.002232476,0.001674235,-0.000254336,-0.002232476,,novatel_oem7_msgs.msg.SolutionStatus(status=0),novatel_oem7_msgs.msg.PositionOrVelocityType(type=53)
1786043642911484709,1786043642.910089689,/novatel/oem7/bestvel,/novatel/oem7/bestpos,/novatel/oem7/bestvel,39.663,-75.756,33.182010416,0.001446958,-0.001903181,,,,109.388556382,novatel_oem7_msgs.msg.SolutionStatus(status=0),novatel_oem7_msgs.msg.PositionOrVelocityType(type=53)
1786043642915494146,1786043642.914840772,/novatel/oem7/odom,/novatel/oem7/bestpos,/novatel/oem7/odom,39.663,-75.756,33.182010416,0.001693443,-0.002232476,0.001674235,-0.000254336,-0.002232476,,,
1786043642925855234,1786043642.925312128,/novatel/oem7/inspva,/novatel/oem7/inspva,/novatel/oem7/inspva,39.663,-75.756,-1.800527886,0.003568775,-0.000232734,-0.001652331,0.003163220,-0.000232734,,novatel_oem7_msgs.msg.InertialSolutionStatus(status=3),
1786043642927146630,1786043642.925471287,/novatel/oem7/fix,/novatel/oem7/fix,/novatel/oem7/inspva,39.663,-75.756,-1.800527886,0.003568775,-0.000232734,-0.001652331,0.003163220,-0.000232734,,0,
1786043642928319128,1786043642.925935271,/novatel/oem7/odom,/novatel/oem7/fix,/novatel/oem7/odom,39.663,-75.756,-1.800527886,0.003569209,-0.000225993,0.003081573,-0.001800876,-0.000225993,,,
1786043642936117808,1786043642.935468742,/novatel/oem7/odom,/novatel/oem7/fix,/novatel/oem7/odom,39.663,-75.756,-1.800527886,0.003569209,-0.000225993,0.003081573,-0.001800876,-0.000225993,,,
1786043642946510310,1786043642.945998415,/novatel/oem7/inspva,/novatel/oem7/inspva,/novatel/oem7/inspva,39.663,-75.756,-1.800550019,0.002714416,0.000172666,-0.000792888,0.002596032,0.000172666,,novatel_oem7_msgs.msg.InertialSolutionStatus(status=3),
1786043642947822973,1786043642.946075069,/novatel/oem7/fix,/novatel/oem7/fix,/novatel/oem7/inspva,39.663,-75.756,-1.800550019,0.002714416,0.000172666,-0.000792888,0.002596032,0.000172666,,0,
1786043642948864283,1786043642.946594944,/novatel/oem7/odom,/novatel/oem7/fix,/novatel/oem7/odom,39.663,-75.756,-1.800550019,0.002713956,0.000179751,0.002554577,-0.000916347,0.000179751,,,
1786043642956344826,1786043642.955707396,/novatel/oem7/odom,/novatel/oem7/fix,/novatel/oem7/odom,39.663,-75.756,-1.800550019,0.002713956,0.000179751,0.002554577,-0.000916347,0.000179751,,,
1786043642965894700,1786043642.965348701,/novatel/oem7/inspva,/novatel/oem7/inspva,/novatel/oem7/inspva,39.663,-75.756,-1.800588505,0.001095301,-0.001763713,0.000940840,0.000560807,-0.001763713,,novatel_oem7_msgs.msg.InertialSolutionStatus(status=3),
1786043642967221183,1786043642.965436713,/novatel/oem7/fix,/novatel/oem7/fix,/novatel/oem7/inspva,39.663,-75.756,-1.800588505,0.001095301,-0.001763713,0.000940840,0.000560807,-0.001763713,,0,
1786043642968293430,1786043642.966019434,/novatel/oem7/odom,/novatel/oem7/fix,/novatel/oem7/odom,39.663,-75.756,-1.800588505,0.001102405,-0.001759281,0.000611485,0.000917269,-0.001759281,,,
1786043642976153501,1786043642.975508867,/novatel/oem7/odom,/novatel/oem7/fix,/novatel/oem7/odom,39.663,-75.756,-1.800588505,0.001102405,-0.001759281,0.000611485,0.000917269,-0.001759281,,,
1786043642985482138,1786043642.984964507,/novatel/oem7/inspva,/novatel/oem7/inspva,/novatel/oem7/inspva,39.663,-75.756,-1.800610638,0.001790431,-0.002131092,0.000664213,0.001662668,-0.002131092,,novatel_oem7_msgs.msg.InertialSolutionStatus(status=3),
1786043642986853289,1786043642.985041203,/novatel/oem7/fix,/novatel/oem7/fix,/novatel/oem7/inspva,39.663,-75.756,-1.800610638,0.001790431,-0.002131092,0.000664213,0.001662668,-0.002131092,,0,
1786043642987941312,1786043642.985552769,/novatel/oem7/odom,/novatel/oem7/fix,/novatel/oem7/odom,39.663,-75.756,-1.800610638,0.001799418,-0.002123509,0.001700182,0.000589311,-0.002123509,,,
1786043642995023379,1786043642.994398350,/novatel/oem7/odom,/novatel/oem7/fix,/novatel/oem7/odom,39.663,-75.756,-1.800610638,0.001799418,-0.002123509,0.001700182,0.000589311,-0.002123509,,,
1786043643010619415,1786043643.010059713,/novatel/oem7/inspva,/novatel/oem7/inspva,/novatel/oem7/inspva,39.663,-75.756,-1.800615940,0.003618700,-0.000463763,-0.001429347,0.003324448,-0.000463763,,novatel_oem7_msgs.msg.InertialSolutionStatus(status=3),
1786043643011943385,1786043643.010280938,/novatel/oem7/fix,/novatel/oem7/fix,/novatel/oem7/inspva,39.663,-75.756,-1.800615940,0.003618700,-0.000463763,-0.001429347,0.003324448,-0.000463763,,0,
1786043643013437889,1786043643.011742076,/novatel/oem7/odom,/novatel/oem7/fix,/novatel/oem7/odom,39.663,-75.756,-1.800615940,0.003619710,-0.000455811,0.003254127,-0.001585231,-0.000455811,,,
1786043643017304150,1786043643.016665681,/novatel/oem7/odom,/novatel/oem7/fix,/novatel/oem7/odom,39.663,-75.756,-1.800615940,0.003619710,-0.000455811,0.003254127,-0.001585231,-0.000455811,,,
1786043643026993745,1786043643.026390289,/novatel/oem7/bestpos,/novatel/oem7/bestpos,/novatel/oem7/odom,39.663,-75.756,33.181905123,0.003619710,-0.000455811,0.003254127,-0.001585231,-0.000455811,,novatel_oem7_msgs.msg.SolutionStatus(status=0),novatel_oem7_msgs.msg.PositionOrVelocityType(type=53)
1786043643028595488,1786043643.026895618,/novatel/oem7/bestvel,/novatel/oem7/bestpos,/novatel/oem7/bestvel,39.663,-75.756,33.181905123,0.003537632,-0.000468338,,,,112.727977911,novatel_oem7_msgs.msg.SolutionStatus(status=0),novatel_oem7_msgs.msg.PositionOrVelocityType(type=53)
1786043643029769726,1786043643.027283725,/novatel/oem7/inspva,/novatel/oem7/inspva,/novatel/oem7/inspva,39.663,-75.756,-1.800638692,0.003178390,-0.000443685,-0.000870339,0.003056906,-0.000443685,,novatel_oem7_msgs.msg.InertialSolutionStatus(status=3),
1786043643030692245,1786043643.027472697,/novatel/oem7/fix,/novatel/oem7/fix,/novatel/oem7/inspva,39.663,-75.756,-1.800638692,0.003178390,-0.000443685,-0.000870339,0.003056906,-0.000443685,,0,
1786043643032167020,1786043643.028011532,/novatel/oem7/odom,/novatel/oem7/fix,/novatel/oem7/odom,39.663,-75.756,-1.800638692,0.003179560,-0.000435221,0.003013487,-0.001014149,-0.000435221,,,
1786043643035585537,1786043643.034909840,/novatel/oem7/odom,/novatel/oem7/fix,/novatel/oem7/odom,39.663,-75.756,-1.800638692,0.003179560,-0.000435221,0.003013487,-0.001014149,-0.000435221,,,
1786043643046161177,1786043643.045579048,/novatel/oem7/inspva,/novatel/oem7/inspva,/novatel/oem7/inspva,39.663,-75.756,-1.800642367,0.001891753,-0.000957527,0.000994204,0.001609437,-0.000957527,,novatel_oem7_msgs.msg.InertialSolutionStatus(status=3),
1786043643047549491,1786043643.045766210,/novatel/oem7/fix,/novatel/oem7/fix,/novatel/oem7/inspva,39.663,-75.756,-1.800642367,0.001891753,-0.000957527,0.000994204,0.001609437,-0.000957527,,0,
1786043643048600117,1786043643.046446186,/novatel/oem7/odom,/novatel/oem7/fix,/novatel/oem7/odom,39.663,-75.756,-1.800642367,0.001895916,-0.000949257,0.001658515,0.000918599,-0.000949257,,,
1786043643057239599,1786043643.056591096,/novatel/oem7/odom,/novatel/oem7/fix,/novatel/oem7/odom,39.663,-75.756,-1.800642367,0.001895916,-0.000949257,0.001658515,0.000918599,-0.000949257,,,
1786043643065908654,1786043643.065360656,/novatel/oem7/inspva,/novatel/oem7/inspva,/novatel/oem7/inspva,39.663,-75.756,-1.800641734,0.001682054,-0.002131779,0.000749909,0.001505637,-0.002131779,,novatel_oem7_msgs.msg.InertialSolutionStatus(status=3),
1786043643067224684,1786043643.065529203,/novatel/oem7/fix,/novatel/oem7/fix,/novatel/oem7/inspva,39.663,-75.756,-1.800641734,0.001682054,-0.002131779,0.000749909,0.001505637,-0.002131779,,0,
1786043643068280890,1786043643.066029743,/novatel/oem7/odom,/novatel/oem7/fix,/novatel/oem7/odom,39.663,-75.756,-1.800641734,0.001691215,-0.002124518,0.001547428,0.000682404,-0.002124518,,,
1786043643075341866,1786043643.074693980,/novatel/oem7/odom,/novatel/oem7/fix,/novatel/oem7/odom,39.663,-75.756,-1.800641734,0.001691215,-0.002124518,0.001547428,0.000682404,-0.002124518,,,
1786043643085997271,1786043643.085470716,/novatel/oem7/inspva,/novatel/oem7/inspva,/novatel/oem7/inspva,39.663,-75.756,-1.800630125,0.002654039,-0.001551932,-0.001120435,0.002405940,-0.001551932,,novatel_oem7_msgs.msg.InertialSolutionStatus(status=3),
1786043643087277754,1786043643.085615627,/novatel/oem7/fix,/novatel/oem7/fix,/novatel/oem7/inspva,39.663,-75.756,-1.800630125,0.002654039,-0.001551932,-0.001120435,0.002405940,-0.001551932,,0,
1786043643088304901,1786043643.086329714,/novatel/oem7/odom,/novatel/oem7/fix,/novatel/oem7/odom,39.663,-75.756,-1.800630125,0.002657222,-0.001546477,0.002355327,-0.001230148,-0.001546477,,,
1786043643096323642,1786043643.095684739,/novatel/oem7/odom,/novatel/oem7/fix,/novatel/oem7/odom,39.663,-75.756,-1.800630125,0.002657222,-0.001546477,0.002355327,-0.001230148,-0.001546477,,,
1786043643106471955,1786043643.105918960,/novatel/oem7/inspva,/novatel/oem7/inspva,/novatel/oem7/inspva,39.663,-75.756,-1.800613707,0.002613509,-0.000765653,-0.000821592,0.002481011,-0.000765653,,novatel_oem7_msgs.msg.InertialSolutionStatus(status=3),
1786043643107755614,1786043643.106077248,/novatel/oem7/fix,/novatel/oem7/fix,/novatel/oem7/inspva,39.663,-75.756,-1.800613707,0.002613509,-0.000765653,-0.000821592,0.002481011,-0.000765653,,0,
1786043643108769584,1786043643.106553270,/novatel/oem7/odom,/novatel/oem7/fix,/novatel/oem7/odom,39.663,-75.756,-1.800613707,0.002615427,-0.000759077,0.002441761,-0.000937156,-0.000759077,,,
1786043643110159368,1786043643.109576212,/novatel/oem7/bestpos,/novatel/oem7/bestpos,/novatel/oem7/odom,39.663,-75.756,33.181945704,0.002615427,-0.000759077,0.002441761,-0.000937156,-0.000759077,,novatel_oem7_msgs.msg.SolutionStatus(status=0),novatel_oem7_msgs.msg.PositionOrVelocityType(type=53)
1786043643111557412,1786043643.110198438,/novatel/oem7/bestvel,/novatel/oem7/bestpos,/novatel/oem7/bestvel,39.663,-75.756,33.181945704,0.002698312,-0.000670259,,,,111.896753207,novatel_oem7_msgs.msg.SolutionStatus(status=0),novatel_oem7_msgs.msg.PositionOrVelocityType(type=53)
1786043643115319485,1786043643.114677169,/novatel/oem7/odom,/novatel/oem7/bestpos,/novatel/oem7/odom,39.663,-75.756,33.181945704,0.002615427,-0.000759077,0.002441761,-0.000937156,-0.000759077,,,
1786043643127245576,1786043643.126700383,/novatel/oem7/inspva,/novatel/oem7/inspva,/novatel/oem7/inspva,39.663,-75.756,-1.800614457,0.001744827,-0.000843333,0.000356130,0.001708097,-0.000843333,,novatel_oem7_msgs.msg.InertialSolutionStatus(status=3),
1786043643128551032,1786043643.126849792,/novatel/oem7/fix,/novatel/oem7/fix,/novatel/oem7/inspva,39.663,-75.756,-1.800614457,0.001744827,-0.000843333,0.000356130,0.001708097,-0.000843333,,0,
1786043643129594049,1786043643.127300653,/novatel/oem7/odom,/novatel/oem7/fix,/novatel/oem7/odom,39.663,-75.756,-1.800614457,0.001748194,-0.000836331,0.001726225,0.000276283,-0.000836331,,,
1786043643135468673,1786043643.134805253,/novatel/oem7/odom,/novatel/oem7/fix,/novatel/oem7/odom,39.663,-75.756,-1.800614457,0.001748194,-0.000836331,0.001726225,0.000276283,-0.000836331,,,
1786043643145692933,1786043643.145138568,/novatel/oem7/inspva,/novatel/oem7/inspva,/novatel/oem7/inspva,39.663,-75.756,-1.800613439,0.002087545,-0.001015113,0.000699439,0.001966883,-0.001015113,,novatel_oem7_msgs.msg.InertialSolutionStatus(status=3),
1786043643147019710,1786043643.145284023,/novatel/oem7/fix,/novatel/oem7/fix,/novatel/oem7/inspva,39.663,-75.756,-1.800613439,0.002087545,-0.001015113,0.000699439,0.001966883,-0.001015113,,0,
1786043643148059730,1786043643.145688990,/novatel/oem7/odom,/novatel/oem7/fix,/novatel/oem7/odom,39.663,-75.756,-1.800613439,0.002091752,-0.001006417,0.002001654,0.000607293,-0.001006417,,,
1786043643156786702,1786043643.156105906,/novatel/oem7/odom,/novatel/oem7/fix,/novatel/oem7/odom,39.663,-75.756,-1.800613439,0.002091752,-0.001006417,0.002001654,0.000607293,-0.001006417,,,
1786043643165995773,1786043643.165417123,/novatel/oem7/inspva,/novatel/oem7/inspva,/novatel/oem7/inspva,39.663,-75.756,-1.800627855,0.003432805,-0.003121811,-0.001180974,0.003223267,-0.003121811,,novatel_oem7_msgs.msg.InertialSolutionStatus(status=3),
1786043643167342606,1786043643.165636239,/novatel/oem7/fix,/novatel/oem7/fix,/novatel/oem7/inspva,39.663,-75.756,-1.800627855,0.003432805,-0.003121811,-0.001180974,0.003223267,-0.003121811,,0,
1786043643168469070,1786043643.166197135,/novatel/oem7/odom,/novatel/oem7/fix,/novatel/oem7/odom,39.663,-75.756,-1.800627855,0.003440203,-0.003113656,0.003174468,-0.001325803,-0.003113656,,,
1786043643175906780,1786043643.175200686,/novatel/oem7/odom,/novatel/oem7/fix,/novatel/oem7/odom,39.663,-75.756,-1.800627855,0.003440203,-0.003113656,0.003174468,-0.001325803,-0.003113656,,,
1786043643186011992,1786043643.185407686,/novatel/oem7/inspva,/novatel/oem7/inspva,/novatel/oem7/inspva,39.663,-75.756,-1.800600897,0.001846066,-0.001161703,-0.001174296,0.001424426,-0.001161703,,novatel_oem7_msgs.msg.InertialSolutionStatus(status=3),
1786043643187399106,1786043643.185617608,/novatel/oem7/fix,/novatel/oem7/fix,/novatel/oem7/inspva,39.663,-75.756,-1.800600897,0.001846066,-0.001161703,-0.001174296,0.001424426,-0.001161703,,0,
1786043643188501490,1786043643.186009092,/novatel/oem7/odom,/novatel/oem7/fix,/novatel/oem7/odom,39.663,-75.756,-1.800600897,0.001847280,-0.001159772,0.001370966,-0.001238101,-0.001159772,,,
1786043643195153515,1786043643.194518640,/novatel/oem7/odom,/novatel/oem7/fix,/novatel/oem7/odom,39.663,-75.756,-1.800600897,0.001847280,-0.001159772,0.001370966,-0.001238101,-0.001159772,,,
1786043643207049832,1786043643.206504886,/novatel/oem7/inspva,/novatel/oem7/inspva,/novatel/oem7/inspva,39.663,-75.756,-1.800598396,0.002853650,-0.000732562,-0.000174031,0.002848338,-0.000732562,,novatel_oem7_msgs.msg.InertialSolutionStatus(status=3),
1786043643208351568,1786043643.206685158,/novatel/oem7/fix,/novatel/oem7/fix,/novatel/oem7/inspva,39.663,-75.756,-1.800598396,0.002853650,-0.000732562,-0.000174031,0.002848338,-0.000732562,,0,
1786043643209398654,1786043643.207242473,/novatel/oem7/odom,/novatel/oem7/fix,/novatel/oem7/odom,39.663,-75.756,-1.800598396,0.002856079,-0.000723034,0.002839431,-0.000307926,-0.000723034,,,
1786043643210840686,1786043643.210258827,/novatel/oem7/bestpos,/novatel/oem7/bestpos,/novatel/oem7/odom,39.663,-75.756,33.181970499,0.002856079,-0.000723034,0.002839431,-0.000307926,-0.000723034,,novatel_oem7_msgs.msg.SolutionStatus(status=0),novatel_oem7_msgs.msg.PositionOrVelocityType(type=53)
1786043643212228592,1786043643.210750342,/novatel/oem7/bestvel,/novatel/oem7/bestpos,/novatel/oem7/bestvel,39.663,-75.756,33.181970499,0.003231878,-0.001048255,,,,89.470023139,novatel_oem7_msgs.msg.SolutionStatus(status=0),novatel_oem7_msgs.msg.PositionOrVelocityType(type=53)
1786043643216198391,1786043643.215532745,/novatel/oem7/odom,/novatel/oem7/bestpos,/novatel/oem7/odom,39.663,-75.756,33.181970499,0.002856079,-0.000723034,0.002839431,-0.000307926,-0.000723034,,,
1786043643225837843,1786043643.225268254,/novatel/oem7/inspva,/novatel/oem7/inspva,/novatel/oem7/inspva,39.663,-75.756,-1.800594789,0.001896651,-0.000132524,-0.000209421,0.001885054,-0.000132524,,novatel_oem7_msgs.msg.InertialSolutionStatus(status=3),
1786043643227620223,1786043643.225464639,/novatel/oem7/fix,/novatel/oem7/fix,/novatel/oem7/inspva,39.663,-75.756,-1.800594789,0.001896651,-0.000132524,-0.000209421,0.001885054,-0.000132524,,0,
1786043643229150635,1786043643.225968574,/novatel/oem7/odom,/novatel/oem7/fix,/novatel/oem7/odom,39.663,-75.756,-1.800594789,0.001897066,-0.000126445,0.001873389,-0.000298786,-0.000126445,,,
1786043643235333429,1786043643.234651972,/novatel/oem7/odom,/novatel/oem7/fix,/novatel/oem7/odom,39.663,-75.756,-1.800594789,0.001897066,-0.000126445,0.001873389,-0.000298786,-0.000126445,,,
1786043643247148855,1786043643.246582446,/novatel/oem7/inspva,/novatel/oem7/inspva,/novatel/oem7/inspva,39.663,-75.756,-1.800610173,0.002047235,-0.002912190,-0.000496512,0.001986114,-0.002912190,,novatel_oem7_msgs.msg.InertialSolutionStatus(status=3),
1786043643248526315,1786043643.246773948,/novatel/oem7/fix,/novatel/oem7/fix,/novatel/oem7/inspva,39.663,-75.756,-1.800610173,0.002047235,-0.002912190,-0.000496512,0.001986114,-0.002912190,,0,
1786043643249603886,1786043643.247207489,/novatel/oem7/odom,/novatel/oem7/fix,/novatel/oem7/odom,39.663,-75.756,-1.800610173,0.002055179,-0.002906589,0.001970585,-0.000583570,-0.002906589,,,
1786043643257227831,1786043643.256580044,/novatel/oem7/odom,/novatel/oem7/fix,/novatel/oem7/odom,39.663,-75.756,-1.800610173,0.002055179,-0.002906589,0.001970585,-0.000583570,-0.002906589,,,
1786043643265632483,1786043643.265071611,/novatel/oem7/inspva,/novatel/oem7/inspva,/novatel/oem7/inspva,39.663,-75.756,-1.800592365,0.001557928,-0.001821818,-0.000801616,0.001335871,-0.001821818,,novatel_oem7_msgs.msg.InertialSolutionStatus(status=3),
1786043643266920869,1786043643.265234049,/novatel/oem7/fix,/novatel/oem7/fix,/novatel/oem7/inspva,39.663,-75.756,-1.800592365,0.001557928,-0.001821818,-0.000801616,0.001335871,-0.001821818,,0,
1786043643267947159,1786043643.265635880,/novatel/oem7/odom,/novatel/oem7/fix,/novatel/oem7/odom,39.663,-75.756,-1.800592365,0.001560945,-0.001819233,0.001302677,-0.000859990,-0.001819233,,,
1786043643275510440,1786043643.274735025,/novatel/oem7/odom,/novatel/oem7/fix,/novatel/oem7/odom,39.663,-75.756,-1.800592365,0.001560945,-0.001819233,0.001302677,-0.000859990,-0.001819233,,,
1786043643285674993,1786043643.285144190,/novatel/oem7/inspva,/novatel/oem7/inspva,/novatel/oem7/inspva,39.663,-75.756,-1.800565682,0.002854687,0.000747130,-0.001147983,0.002613690,0.000747130,,novatel_oem7_msgs.msg.InertialSolutionStatus(status=3),
1786043643286971812,1786043643.285224728,/novatel/oem7/fix,/novatel/oem7/fix,/novatel/oem7/inspva,39.663,-75.756,-1.800565682,0.002854687,0.000747130,-0.001147983,0.002613690,0.000747130,,0,
1786043643288018593,1786043643.286008470,/novatel/oem7/odom,/novatel/oem7/fix,/novatel/oem7/odom,39.663,-75.756,-1.800565682,0.002853091,0.000753202,0.002553257,-0.001273189,0.000753202,,,
1786043643295463166,1786043643.294789122,/novatel/oem7/odom,/novatel/oem7/fix,/novatel/oem7/odom,39.663,-75.756,-1.800565682,0.002853091,0.000753202,0.002553257,-0.001273189,0.000753202,,,
1786043643306574822,1786043643.306008179,/novatel/oem7/inspva,/novatel/oem7/inspva,/novatel/oem7/inspva,39.663,-75.756,-1.800575985,0.002459653,-0.000301328,-0.001009217,0.002243072,-0.000301328,,novatel_oem7_msgs.msg.InertialSolutionStatus(status=3),
1786043643307867084,1786043643.306173133,/novatel/oem7/fix,/novatel/oem7/fix,/novatel/oem7/inspva,39.663,-75.756,-1.800575985,0.002459653,-0.000301328,-0.001009217,0.002243072,-0.000301328,,0,
1786043643308897954,1786043643.306609382,/novatel/oem7/odom,/novatel/oem7/fix,/novatel/oem7/odom,39.663,-75.756,-1.800575985,0.002460292,-0.000296066,0.002193472,-0.001114323,-0.000296066,,,
1786043643310316968,1786043643.309207261,/novatel/oem7/bestpos,/novatel/oem7/bestpos,/novatel/oem7/odom,39.663,-75.756,33.181964752,0.002460292,-0.000296066,0.002193472,-0.001114323,-0.000296066,,novatel_oem7_msgs.msg.SolutionStatus(status=0),novatel_oem7_msgs.msg.PositionOrVelocityType(type=53)
1786043643311248100,1786043643.309617148,/novatel/oem7/bestvel,/novatel/oem7/bestpos,/novatel/oem7/bestvel,39.663,-75.756,33.181964752,0.004212256,-0.001638356,,,,95.898059887,novatel_oem7_msgs.msg.SolutionStatus(status=0),novatel_oem7_msgs.msg.PositionOrVelocityType(type=53)
1786043643315073715,1786043643.314367191,/novatel/oem7/odom,/novatel/oem7/bestpos,/novatel/oem7/odom,39.663,-75.756,33.181964752,0.002460292,-0.000296066,0.002193472,-0.001114323,-0.000296066,,,
1786043643325694355,1786043643.325168938,/novatel/oem7/inspva,/novatel/oem7/inspva,/novatel/oem7/inspva,39.663,-75.756,-1.800593179,0.000276137,-0.002728985,0.000093612,0.000259785,-0.002728985,,novatel_oem7_msgs.msg.InertialSolutionStatus(status=3),
1786043643327002725,1786043643.325247473,/novatel/oem7/fix,/novatel/oem7/fix,/novatel/oem7/inspva,39.663,-75.756,-1.800593179,0.000276137,-0.002728985,0.000093612,0.000259785,-0.002728985,,0,
1786043643328031368,1786043643.325667392,/novatel/oem7/odom,/novatel/oem7/fix,/novatel/oem7/odom,39.663,-75.756,-1.800593179,0.000287494,-0.002727812,0.000273764,0.000087783,-0.002727812,,,
1786043643336096964,1786043643.335461558,/novatel/oem7/odom,/novatel/oem7/fix,/novatel/oem7/odom,39.663,-75.756,-1.800593179,0.000287494,-0.002727812,0.000273764,0.000087783,-0.002727812,,,
1786043643345565747,1786043643.344929948,/novatel/oem7/inspva,/novatel/oem7/inspva,/novatel/oem7/inspva,39.663,-75.756,-1.800584691,0.001626944,-0.002303684,-0.000630638,0.001499748,-0.002303684,,novatel_oem7_msgs.msg.InertialSolutionStatus(status=3),
1786043643347248384,1786043643.345105669,/novatel/oem7/fix,/novatel/oem7/fix,/novatel/oem7/inspva,39.663,-75.756,-1.800584691,0.001626944,-0.002303684,-0.000630638,0.001499748,-0.002303684,,0,
1786043643348284211,1786043643.346661270,/novatel/oem7/odom,/novatel/oem7/fix,/novatel/oem7/odom,39.663,-75.756,-1.800584691,0.001631990,-0.002300112,0.001476210,-0.000695842,-0.002300112,,,
1786043643356322039,1786043643.355687083,/novatel/oem7/odom,/novatel/oem7/fix,/novatel/oem7/odom,39.663,-75.756,-1.800584691,0.001631990,-0.002300112,0.001476210,-0.000695842,-0.002300112,,,
1786043643367186879,1786043643.366683517,/novatel/oem7/inspva,/novatel/oem7/inspva,/novatel/oem7/inspva,39.663,-75.756,-1.800571260,0.002825795,-0.000149304,-0.001831355,0.002152036,-0.000149304,,novatel_oem7_msgs.msg.InertialSolutionStatus(status=3),
1786043643368492222,1786043643.366758406,/novatel/oem7/fix,/novatel/oem7/fix,/novatel/oem7/inspva,39.663,-75.756,-1.800571260,0.002825795,-0.000149304,-0.001831355,0.002152036,-0.000149304,,0,
1786043643369519002,1786043643.367270833,/novatel/oem7/odom,/novatel/oem7/fix,/novatel/oem7/odom,39.663,-75.756,-1.800571260,0.002825940,-0.000146533,0.002062763,-0.001931567,-0.000146533,,,
1786043643375476140,1786043643.374838147,/novatel/oem7/odom,/novatel/oem7/fix,/novatel/oem7/odom,39.663,-75.756,-1.800571260,0.002825940,-0.000146533,0.002062763,-0.001931567,-0.000146533,,,
1786043643385386098,1786043643.384884532,/novatel/oem7/inspva,/novatel/oem7/inspva,/novatel/oem7/inspva,39.663,-75.756,-1.800576037,0.002739972,-0.000446046,-0.001208255,0.002459180,-0.000446046,,novatel_oem7_msgs.msg.InertialSolutionStatus(status=3),
1786043643386687440,1786043643.384958440,/novatel/oem7/fix,/novatel/oem7/fix,/novatel/oem7/inspva,39.663,-75.756,-1.800576037,0.002739972,-0.000446046,-0.001208255,0.002459180,-0.000446046,,0,
1786043643387718227,1786043643.385349554,/novatel/oem7/odom,/novatel/oem7/fix,/novatel/oem7/odom,39.663,-75.756,-1.800576037,0.002740844,-0.000440657,0.002400353,-0.001323076,-0.000440657,,,
1786043643396037749,1786043643.395394113,/novatel/oem7/odom,/novatel/oem7/fix,/novatel/oem7/odom,39.663,-75.756,-1.800576037,0.002740844,-0.000440657,0.002400353,-0.001323076,-0.000440657,,,
1786043643407699021,1786043643.407217795,/novatel/oem7/inspva,/novatel/oem7/inspva,/novatel/oem7/inspva,39.663,-75.756,-1.800599239,0.000570980,-0.002499528,-0.000176588,0.000542987,-0.002499528,,novatel_oem7_msgs.msg.InertialSolutionStatus(status=3),
1786043643408341986,1786043643.407393550,/novatel/oem7/fix,/novatel/oem7/fix,/novatel/oem7/inspva,39.663,-75.756,-1.800599239,0.000570980,-0.002499528,-0.000176588,0.000542987,-0.002499528,,0,
1786043643408842581,1786043643.407881328,/novatel/oem7/odom,/novatel/oem7/fix,/novatel/oem7/odom,39.663,-75.756,-1.800599239,0.000577328,-0.002498069,0.000542962,-0.000196214,-0.002498069,,,
1786043643410921580,1786043643.410409120,/novatel/oem7/bestpos,/novatel/oem7/bestpos,/novatel/oem7/odom,39.663,-75.756,33.181967525,0.000577328,-0.002498069,0.000542962,-0.000196214,-0.002498069,,novatel_oem7_msgs.msg.SolutionStatus(status=0),novatel_oem7_msgs.msg.PositionOrVelocityType(type=53)
1786043643411584715,1786043643.410819764,/novatel/oem7/bestvel,/novatel/oem7/bestpos,/novatel/oem7/bestvel,39.663,-75.756,33.181967525,0.001346478,-0.002418815,,,,126.318271989,novatel_oem7_msgs.msg.SolutionStatus(status=0),novatel_oem7_msgs.msg.PositionOrVelocityType(type=53)
1786043643415227671,1786043643.414849227,/novatel/oem7/odom,/novatel/oem7/bestpos,/novatel/oem7/odom,39.663,-75.756,33.181967525,0.000577328,-0.002498069,0.000542962,-0.000196214,-0.002498069,,,
1786043643426601185,1786043643.426193718,/novatel/oem7/inspva,/novatel/oem7/inspva,/novatel/oem7/inspva,39.663,-75.756,-1.800595868,0.000753521,-0.002125888,-0.000323615,0.000680491,-0.002125888,,novatel_oem7_msgs.msg.InertialSolutionStatus(status=3),
1786043643427278089,1786043643.426359573,/novatel/oem7/fix,/novatel/oem7/fix,/novatel/oem7/inspva,39.663,-75.756,-1.800595868,0.000753521,-0.002125888,-0.000323615,0.000680491,-0.002125888,,0,
1786043643427766666,1786043643.426775490,/novatel/oem7/odom,/novatel/oem7/fix,/novatel/oem7/odom,39.663,-75.756,-1.800595868,0.000757758,-0.002124381,0.000671824,-0.000350501,-0.002124381,,,
1786043643434793809,1786043643.434362118,/novatel/oem7/odom,/novatel/oem7/fix,/novatel/oem7/odom,39.663,-75.756,-1.800595868,0.000757758,-0.002124381,0.000671824,-0.000350501,-0.002124381,,,
1786043643445650284,1786043643.445264665,/novatel/oem7/inspva,/novatel/oem7/inspva,/novatel/oem7/inspva,39.663,-75.756,-1.800589410,0.003366242,-0.000853080,-0.002180737,0.002564365,-0.000853080,,novatel_oem7_msgs.msg.InertialSolutionStatus(status=3),
1786043643446299522,1786043643.445406870,/novatel/oem7/fix,/novatel/oem7/fix,/novatel/oem7/inspva,39.663,-75.756,-1.800589410,0.003366242,-0.000853080,-0.002180737,0.002564365,-0.000853080,,0,
1786043643446999745,1786043643.446092803,/novatel/oem7/odom,/novatel/oem7/fix,/novatel/oem7/odom,39.663,-75.756,-1.800589410,0.003367033,-0.000849950,0.002460510,-0.002298435,-0.000849950,,,
1786043643457002472,1786043643.456444645,/novatel/oem7/odom,/novatel/oem7/fix,/novatel/oem7/odom,39.663,-75.756,-1.800589410,0.003367033,-0.000849950,0.002460510,-0.002298435,-0.000849950,,,
1786043643465636468,1786043643.465016319,/novatel/oem7/inspva,/novatel/oem7/inspva,/novatel/oem7/inspva,39.663,-75.756,-1.800583637,0.002154734,-0.000333246,-0.001339372,0.001687886,-0.000333246,,novatel_oem7_msgs.msg.InertialSolutionStatus(status=3),
1786043643466986421,1786043643.465165510,/novatel/oem7/fix,/novatel/oem7/fix,/novatel/oem7/inspva,39.663,-75.756,-1.800583637,0.002154734,-0.000333246,-0.001339372,0.001687886,-0.000333246,,0,
1786043643468093066,1786043643.465632998,/novatel/oem7/odom,/novatel/oem7/fix,/novatel/oem7/odom,39.663,-75.756,-1.800583637,0.002155095,-0.000330902,0.001623309,-0.001417498,-0.000330902,,,
1786043643475267926,1786043643.474558725,/novatel/oem7/odom,/novatel/oem7/fix,/novatel/oem7/odom,39.663,-75.756,-1.800583637,0.002155095,-0.000330902,0.001623309,-0.001417498,-0.000330902,,,
1786043643488447118,1786043643.486979387,/novatel/oem7/inspva,/novatel/oem7/inspva,/novatel/oem7/inspva,39.663,-75.756,-1.800594830,0.000761327,-0.001215679,0.000533192,0.000543438,-0.001215679,,novatel_oem7_msgs.msg.InertialSolutionStatus(status=3),
1786043643489789825,1786043643.487248650,/novatel/oem7/fix,/novatel/oem7/fix,/novatel/oem7/inspva,39.663,-75.756,-1.800594830,0.000761327,-0.001215679,0.000533192,0.000543438,-0.001215679,,0,
1786043643490839035,1786043643.488135152,/novatel/oem7/odom,/novatel/oem7/fix,/novatel/oem7/odom,39.663,-75.756,-1.800594830,0.002155102,-0.000330857,0.001623317,-0.001417499,-0.000330857,,,
1786043643495845338,1786043643.495194835,/novatel/oem7/odom,/novatel/oem7/fix,/novatel/oem7/odom,39.663,-75.756,-1.800594830,0.000766570,-0.001212380,0.000572617,0.000509646,-0.001212380,,,
1786043643506651437,1786043643.506100099,/novatel/oem7/inspva,/novatel/oem7/inspva,/novatel/oem7/inspva,39.663,-75.756,-1.800598574,0.001294467,-0.002084489,-0.000084276,0.001291720,-0.002084489,,novatel_oem7_msgs.msg.InertialSolutionStatus(status=3),
1786043643507972907,1786043643.506254690,/novatel/oem7/fix,/novatel/oem7/fix,/novatel/oem7/inspva,39.663,-75.756,-1.800598574,0.001294467,-0.002084489,-0.000084276,0.001291720,-0.002084489,,0,
1786043643508993137,1786043643.506644864,/novatel/oem7/odom,/novatel/oem7/fix,/novatel/oem7/odom,39.663,-75.756,-1.800598574,0.001301353,-0.002080197,0.001293726,-0.000140680,-0.002080197,,,
1786043643512264019,1786043643.511682043,/novatel/oem7/bestpos,/novatel/oem7/bestpos,/novatel/oem7/odom,39.663,-75.756,33.181964301,0.001301353,-0.002080197,0.001293726,-0.000140680,-0.002080197,,novatel_oem7_msgs.msg.SolutionStatus(status=0),novatel_oem7_msgs.msg.PositionOrVelocityType(type=53)
1786043643513670566,1786043643.512727627,/novatel/oem7/bestvel,/novatel/oem7/bestpos,/novatel/oem7/bestvel,39.663,-75.756,33.181964301,0.001832650,-0.002218575,,,,99.744835663,novatel_oem7_msgs.msg.SolutionStatus(status=0),novatel_oem7_msgs.msg.PositionOrVelocityType(type=53)
1786043643516196484,1786043643.515559265,/novatel/oem7/odom,/novatel/oem7/bestpos,/novatel/oem7/odom,39.663,-75.756,33.181964301,0.001301353,-0.002080197,0.001293726,-0.000140680,-0.002080197,,,
1786043643525859286,1786043643.525301457,/novatel/oem7/inspva,/novatel/oem7/inspva,/novatel/oem7/inspva,39.663,-75.756,-1.800588098,0.002720279,-0.000661806,-0.002061983,0.001774302,-0.000661806,,novatel_oem7_msgs.msg.InertialSolutionStatus(status=3),
1786043643527094567,1786043643.525458175,/novatel/oem7/fix,/novatel/oem7/fix,/novatel/oem7/inspva,39.663,-75.756,-1.800588098,0.002720279,-0.000661806,-0.002061983,0.001774302,-0.000661806,,0,
1786043643528051202,1786043643.526170995,/novatel/oem7/odom,/novatel/oem7/fix,/novatel/oem7/odom,39.663,-75.756,-1.800588098,0.002720465,-0.000661042,0.001676360,-0.002142603,-0.000661042,,,
1786043643535675562,1786043643.535064183,/novatel/oem7/odom,/novatel/oem7/fix,/novatel/oem7/odom,39.663,-75.756,-1.800588098,0.002720465,-0.000661042,0.001676360,-0.002142603,-0.000661042,,,
1786043643546744993,1786043643.546249792,/novatel/oem7/inspva,/novatel/oem7/inspva,/novatel/oem7/inspva,39.663,-75.756,-1.800591847,0.003037981,-0.001142506,-0.001763415,0.002473801,-0.001142506,,novatel_oem7_msgs.msg.InertialSolutionStatus(status=3),
1786043643547954871,1786043643.546390317,/novatel/oem7/fix,/novatel/oem7/fix,/novatel/oem7/inspva,39.663,-75.756,-1.800591847,0.003037981,-0.001142506,-0.001763415,0.002473801,-0.001142506,,0,
1786043643548896798,1786043643.546873342,/novatel/oem7/odom,/novatel/oem7/fix,/novatel/oem7/odom,39.663,-75.756,-1.800591847,0.003039477,-0.001138518,0.002391026,-0.001876543,-0.001138518,,,
1786043643556220473,1786043643.555899767,/novatel/oem7/odom,/novatel/oem7/fix,/novatel/oem7/odom,39.663,-75.756,-1.800591847,0.003039477,-0.001138518,0.002391026,-0.001876543,-0.001138518,,,
1786043643565688001,1786043643.565233719,/novatel/oem7/inspva,/novatel/oem7/inspva,/novatel/oem7/inspva,39.663,-75.756,-1.800597921,0.001108459,-0.000660304,0.000327730,0.001058902,-0.000660304,,novatel_oem7_msgs.msg.InertialSolutionStatus(status=3),
1786043643566285774,1786043643.565381296,/novatel/oem7/fix,/novatel/oem7/fix,/novatel/oem7/inspva,39.663,-75.756,-1.800597921,0.001108459,-0.000660304,0.000327730,0.001058902,-0.000660304,,0,
1786043643566742192,1786043643.565892528,/novatel/oem7/odom,/novatel/oem7/fix,/novatel/oem7/odom,39.663,-75.756,-1.800597921,0.001111166,-0.000655738,0.001075700,0.000278495,-0.000655738,,,
1786043643575916778,1786043643.575607497,/novatel/oem7/odom,/novatel/oem7/fix,/novatel/oem7/odom,39.663,-75.756,-1.800597921,0.001111166,-0.000655738,0.001075700,0.000278495,-0.000655738,,,
1786043643585493381,1786043643.585210834,/novatel/oem7/inspva,/novatel/oem7/inspva,/novatel/oem7/inspva,39.663,-75.756,-1.800611110,0.001157646,-0.001678487,0.000031972,0.001157204,-0.001678487,,novatel_oem7_msgs.msg.InertialSolutionStatus(status=3),
1786043643586058323,1786043643.585356289,/novatel/oem7/fix,/novatel/oem7/fix,/novatel/oem7/inspva,39.663,-75.756,-1.800611110,0.001157646,-0.001678487,0.000031972,0.001157204,-0.001678487,,0,
1786043643586693965,1786043643.585841447,/novatel/oem7/odom,/novatel/oem7/fix,/novatel/oem7/odom,39.663,-75.756,-1.800611110,0.001163594,-0.001674369,0.001163437,-0.000019135,-0.001674369,,,
1786043643595007351,1786043643.594576223,/novatel/oem7/odom,/novatel/oem7/fix,/novatel/oem7/odom,39.663,-75.756,-1.800611110,0.001163594,-0.001674369,0.001163437,-0.000019135,-0.001674369,,,
1786043643607288971,1786043643.606771676,/novatel/oem7/inspva,/novatel/oem7/inspva,/novatel/oem7/inspva,39.663,-75.756,-1.800612187,0.002502041,-0.001532190,-0.001765124,0.001773287,-0.001532190,,novatel_oem7_msgs.msg.InertialSolutionStatus(status=3),
1786043643608608507,1786043643.606910367,/novatel/oem7/fix,/novatel/oem7/fix,/novatel/oem7/inspva,39.663,-75.756,-1.800612187,0.002502041,-0.001532190,-0.001765124,0.001773287,-0.001532190,,0,
1786043643609635180,1786043643.607337452,/novatel/oem7/odom,/novatel/oem7/fix,/novatel/oem7/odom,39.663,-75.756,-1.800612187,0.002502964,-0.001530683,0.001692564,-0.001843924,-0.001530683,,,
1786043643611114342,1786043643.610458748,/novatel/oem7/bestpos,/novatel/oem7/bestpos,/novatel/oem7/odom,39.663,-75.756,33.181958496,0.002502964,-0.001530683,0.001692564,-0.001843924,-0.001530683,,novatel_oem7_msgs.msg.SolutionStatus(status=0),novatel_oem7_msgs.msg.PositionOrVelocityType(type=53)
1786043643612490658,1786043643.610842402,/novatel/oem7/bestvel,/novatel/oem7/bestpos,/novatel/oem7/bestvel,39.663,-75.756,33.181958496,0.001764576,-0.000892457,,,,164.834438024,novatel_oem7_msgs.msg.SolutionStatus(status=0),novatel_oem7_msgs.msg.PositionOrVelocityType(type=53)
1786043643615834945,1786043643.615190172,/novatel/oem7/odom,/novatel/oem7/bestpos,/novatel/oem7/odom,39.663,-75.756,33.181958496,0.002502964,-0.001530683,0.001692564,-0.001843924,-0.001530683,,,
1786043643625673695,1786043643.625114266,/novatel/oem7/inspva,/novatel/oem7/inspva,/novatel/oem7/inspva,39.663,-75.756,-1.800611084,0.002257959,-0.001080660,-0.001655523,0.001535455,-0.001080660,,novatel_oem7_msgs.msg.InertialSolutionStatus(status=3),
1786043643627003834,1786043643.625277258,/novatel/oem7/fix,/novatel/oem7/fix,/novatel/oem7/inspva,39.663,-75.756,-1.800611084,0.002257959,-0.001080660,-0.001655523,0.001535455,-0.001080660,,0,
1786043643628043298,1786043643.625676802,/novatel/oem7/odom,/novatel/oem7/fix,/novatel/oem7/odom,39.663,-75.756,-1.800611084,0.002258461,-0.001079610,0.001458679,-0.001724210,-0.001079610,,,
1786043643636338239,1786043643.635692483,/novatel/oem7/odom,/novatel/oem7/fix,/novatel/oem7/odom,39.663,-75.756,-1.800611084,0.002258461,-0.001079610,0.001458679,-0.001724210,-0.001079610,,,
1786043643646021947,1786043643.645495509,/novatel/oem7/inspva,/novatel/oem7/inspva,/novatel/oem7/inspva,39.663,-75.756,-1.800615639,0.002080379,-0.000411968,-0.000597364,0.001992770,-0.000411968,,novatel_oem7_msgs.msg.InertialSolutionStatus(status=3),
1786043643647350450,1786043643.645643614,/novatel/oem7/fix,/novatel/oem7/fix,/novatel/oem7/inspva,39.663,-75.756,-1.800615639,0.002080379,-0.000411968,-0.000597364,0.001992770,-0.000411968,,0,
1786043643648400414,1786043643.646268673,/novatel/oem7/odom,/novatel/oem7/fix,/novatel/oem7/odom,39.663,-75.756,-1.800615639,0.002081437,-0.000406587,0.001963501,-0.000690684,-0.000406587,,,
1786043643656854142,1786043643.656428003,/novatel/oem7/odom,/novatel/oem7/fix,/novatel/oem7/odom,39.663,-75.756,-1.800615639,0.002081437,-0.000406587,0.001963501,-0.000690684,-0.000406587,,,
1786043643666543192,1786043643.666049917,/novatel/oem7/inspva,/novatel/oem7/inspva,/novatel/oem7/inspva,39.663,-75.756,-1.800619061,0.001355533,-0.000405874,-0.000348929,0.001309855,-0.000405874,,novatel_oem7_msgs.msg.InertialSolutionStatus(status=3),
1786043643667167130,1786043643.666200082,/novatel/oem7/fix,/novatel/oem7/fix,/novatel/oem7/inspva,39.663,-75.756,-1.800619061,0.001355533,-0.000405874,-0.000348929,0.001309855,-0.000405874,,0,
1786043643667666687,1786043643.666610756,/novatel/oem7/odom,/novatel/oem7/fix,/novatel/oem7/odom,39.663,-75.756,-1.800619061,0.001356629,-0.000402195,0.001293191,-0.000410000,-0.000402195,,,
1786043643675173746,1786043643.674844200,/novatel/oem7/odom,/novatel/oem7/fix,/novatel/oem7/odom,39.663,-75.756,-1.800619061,0.001356629,-0.000402195,0.001293191,-0.000410000,-0.000402195,,,
1786043643685569961,1786043643.685291442,/novatel/oem7/inspva,/novatel/oem7/inspva,/novatel/oem7/inspva,39.663,-75.756,-1.800637385,0.001487536,-0.002842137,-0.001338696,0.000648580,-0.002842137,,novatel_oem7_msgs.msg.InertialSolutionStatus(status=3),
1786043643686154376,1786043643.685454908,/novatel/oem7/fix,/novatel/oem7/fix,/novatel/oem7/inspva,39.663,-75.756,-1.800637385,0.001487536,-0.002842137,-0.001338696,0.000648580,-0.002842137,,0,
1786043643686651838,1786043643.685813387,/novatel/oem7/odom,/novatel/oem7/fix,/novatel/oem7/odom,39.663,-75.756,-1.800637385,0.001485272,-0.002843320,0.000594198,-0.001361235,-0.002843320,,,
1786043643695821492,1786043643.695507279,/novatel/oem7/odom,/novatel/oem7/fix,/novatel/oem7/odom,39.663,-75.756,-1.800637385,0.001485272,-0.002843320,0.000594198,-0.001361235,-0.002843320,,,
1786043643706163837,1786043643.705883898,/novatel/oem7/inspva,/novatel/oem7/inspva,/novatel/oem7/inspva,39.663,-75.756,-1.800629752,0.002103572,-0.001852196,-0.001621376,0.001340207,-0.001852196,,novatel_oem7_msgs.msg.InertialSolutionStatus(status=3),
1786043643707266315,1786043643.706032003,/novatel/oem7/fix,/novatel/oem7/fix,/novatel/oem7/inspva,39.663,-75.756,-1.800629752,0.002103572,-0.001852196,-0.001621376,0.001340207,-0.001852196,,0,
1786043643708293942,1786043643.706409056,/novatel/oem7/odom,/novatel/oem7/fix,/novatel/oem7/odom,39.663,-75.756,-1.800629752,0.002103976,-0.001851737,0.001268020,-0.001678940,-0.001851737,,,
1786043643710485900,1786043643.709895948,/novatel/oem7/bestpos,/novatel/oem7/bestpos,/novatel/oem7/odom,39.663,-75.756,33.181944503,0.002103976,-0.001851737,0.001268020,-0.001678940,-0.001851737,,novatel_oem7_msgs.msg.SolutionStatus(status=0),novatel_oem7_msgs.msg.PositionOrVelocityType(type=53)
1786043643711889443,1786043643.710405956,/novatel/oem7/bestvel,/novatel/oem7/bestpos,/novatel/oem7/bestvel,39.663,-75.756,33.181944503,0.001794797,-0.000988537,,,,184.733343896,novatel_oem7_msgs.msg.SolutionStatus(status=0),novatel_oem7_msgs.msg.PositionOrVelocityType(type=53)
1786043643715914590,1786043643.714785812,/novatel/oem7/odom,/novatel/oem7/bestpos,/novatel/oem7/odom,39.663,-75.756,33.181944503,0.002103976,-0.001851737,0.001268020,-0.001678940,-0.001851737,,,
1786043643727304721,1786043643.726597485,/novatel/oem7/inspva,/novatel/oem7/inspva,/novatel/oem7/inspva,39.663,-75.756,-1.800637797,0.002417735,-0.000540034,-0.000788870,0.002285416,-0.000540034,,novatel_oem7_msgs.msg.InertialSolutionStatus(status=3),
1786043643728747956,1786043643.726825257,/novatel/oem7/fix,/novatel/oem7/fix,/novatel/oem7/inspva,39.663,-75.756,-1.800637797,0.002417735,-0.000540034,-0.000788870,0.002285416,-0.000540034,,0,
1786043643729813659,1786043643.727213507,/novatel/oem7/odom,/novatel/oem7/fix,/novatel/oem7/odom,39.663,-75.756,-1.800637797,0.002419062,-0.000534057,0.002247162,-0.000895614,-0.000534057,,,
1786043643735576286,1786043643.734849542,/novatel/oem7/odom,/novatel/oem7/fix,/novatel/oem7/odom,39.663,-75.756,-1.800637797,0.002419062,-0.000534057,0.002247162,-0.000895614,-0.000534057,,,
1786043643745733642,1786043643.745043342,/novatel/oem7/inspva,/novatel/oem7/inspva,/novatel/oem7/inspva,39.663,-75.756,-1.800649801,0.001903062,-0.000431913,-0.000751984,0.001748189,-0.000431913,,novatel_oem7_msgs.msg.InertialSolutionStatus(status=3),
1786043643747580130,1786043643.745198624,/novatel/oem7/fix,/novatel/oem7/fix,/novatel/oem7/inspva,39.663,-75.756,-1.800649801,0.001903062,-0.000431913,-0.000751984,0.001748189,-0.000431913,,0,
1786043643748698171,1786043643.745694002,/novatel/oem7/odom,/novatel/oem7/fix,/novatel/oem7/odom,39.663,-75.756,-1.800649801,0.001903991,-0.000427801,0.001711894,-0.000833425,-0.000427801,,,
1786043643756490381,1786043643.755713003,/novatel/oem7/odom,/novatel/oem7/fix,/novatel/oem7/odom,39.663,-75.756,-1.800649801,0.001903991,-0.000427801,0.001711894,-0.000833425,-0.000427801,,,
1786043643765874467,1786043643.765272231,/novatel/oem7/inspva,/novatel/oem7/inspva,/novatel/oem7/inspva,39.663,-75.756,-1.800675958,0.001006894,-0.002682788,-0.000504804,0.000871211,-0.002682788,,novatel_oem7_msgs.msg.InertialSolutionStatus(status=3),
1786043643767347334,1786043643.765447195,/novatel/oem7/fix,/novatel/oem7/fix,/novatel/oem7/inspva,39.663,-75.756,-1.800675958,0.001006894,-0.002682788,-0.000504804,0.000871211,-0.002682788,,0,
1786043643768416691,1786043643.766058398,/novatel/oem7/odom,/novatel/oem7/fix,/novatel/oem7/odom,39.663,-75.756,-1.800675958,0.001011515,-0.002681049,0.000855746,-0.000539315,-0.002681049,,,
1786043643775523447,1786043643.774796034,/novatel/oem7/odom,/novatel/oem7/fix,/novatel/oem7/odom,39.663,-75.756,-1.800675958,0.001011515,-0.002681049,0.000855746,-0.000539315,-0.002681049,,,
1786043643786365249,1786043643.786081718,/novatel/oem7/inspva,/novatel/oem7/inspva,/novatel/oem7/inspva,39.663,-75.756,-1.800680379,0.001625990,-0.002932971,-0.001511297,0.000599852,-0.002932971,,novatel_oem7_msgs.msg.InertialSolutionStatus(status=3),
1786043643786960016,1786043643.786242683,/novatel/oem7/fix,/novatel/oem7/fix,/novatel/oem7/inspva,39.663,-75.756,-1.800680379,0.001625990,-0.002932971,-0.001511297,0.000599852,-0.002932971,,0,
1786043643787432303,1786043643.786624413,/novatel/oem7/odom,/novatel/oem7/fix,/novatel/oem7/odom,39.663,-75.756,-1.800680379,0.001622763,-0.002934758,0.000537572,-0.001531135,-0.002934758,,,
1786043643795248671,1786043643.794524194,/novatel/oem7/odom,/novatel/oem7/fix,/novatel/oem7/odom,39.663,-75.756,-1.800680379,0.001622763,-0.002934758,0.000537572,-0.001531135,-0.002934758,,,
1786043643806967210,1786043643.806329887,/novatel/oem7/inspva,/novatel/oem7/inspva,/novatel/oem7/inspva,39.663,-75.756,-1.800673504,0.002714642,0.000193796,-0.001489409,0.002269569,0.000193796,,novatel_oem7_msgs.msg.InertialSolutionStatus(status=3),
1786043643808322679,1786043643.806488551,/novatel/oem7/fix,/novatel/oem7/fix,/novatel/oem7/inspva,39.663,-75.756,-1.800673504,0.002714642,0.000193796,-0.001489409,0.002269569,0.000193796,,0,
1786043643809393747,1786043643.806994670,/novatel/oem7/odom,/novatel/oem7/fix,/novatel/oem7/odom,39.663,-75.756,-1.800673504,0.002714354,0.000197790,0.002195310,-0.001596349,0.000197790,,,
1786043643811197367,1786043643.809993776,/novatel/oem7/bestpos,/novatel/oem7/bestpos,/novatel/oem7/odom,39.663,-75.756,33.181889494,0.002714354,0.000197790,0.002195310,-0.001596349,0.000197790,,novatel_oem7_msgs.msg.SolutionStatus(status=0),novatel_oem7_msgs.msg.PositionOrVelocityType(type=53)
1786043643812326902,1786043643.810335743,/novatel/oem7/bestvel,/novatel/oem7/bestpos,/novatel/oem7/bestvel,39.663,-75.756,33.181889494,0.002787916,-0.000342374,,,,108.706197691,novatel_oem7_msgs.msg.SolutionStatus(status=0),novatel_oem7_msgs.msg.PositionOrVelocityType(type=53)
1786043643816173106,1786043643.815496909,/novatel/oem7/odom,/novatel/oem7/bestpos,/novatel/oem7/odom,39.663,-75.756,33.181889494,0.002714354,0.000197790,0.002195310,-0.001596349,0.000197790,,,
1786043643825749517,1786043643.825094747,/novatel/oem7/inspva,/novatel/oem7/inspva,/novatel/oem7/inspva,39.663,-75.756,-1.800684988,0.002259803,0.000145954,-0.001427003,0.001752247,0.000145954,,novatel_oem7_msgs.msg.InertialSolutionStatus(status=3),
1786043643827104433,1786043643.825253815,/novatel/oem7/fix,/novatel/oem7/fix,/novatel/oem7/inspva,39.663,-75.756,-1.800684988,0.002259803,0.000145954,-0.001427003,0.001752247,0.000145954,,0,
1786043643828134464,1786043643.825683846,/novatel/oem7/odom,/novatel/oem7/fix,/novatel/oem7/odom,39.663,-75.756,-1.800684988,0.002259645,0.000148373,0.001681716,-0.001509247,0.000148373,,,
1786043643835092802,1786043643.834442118,/novatel/oem7/odom,/novatel/oem7/fix,/novatel/oem7/odom,39.663,-75.756,-1.800684988,0.002259645,0.000148373,0.001681716,-0.001509247,0.000148373,,,
1786043643847330456,1786043643.846669189,/novatel/oem7/inspva,/novatel/oem7/inspva,/novatel/oem7/inspva,39.663,-75.756,-1.800706471,0.000285228,-0.002073322,0.000185225,0.000216903,-0.002073322,,novatel_oem7_msgs.msg.InertialSolutionStatus(status=3),
1786043643848703582,1786043643.846836977,/novatel/oem7/fix,/novatel/oem7/fix,/novatel/oem7/inspva,39.663,-75.756,-1.800706471,0.000285228,-0.002073322,0.000185225,0.000216903,-0.002073322,,0,
1786043643849732235,1786043643.847177344,/novatel/oem7/odom,/novatel/oem7/fix,/novatel/oem7/odom,39.663,-75.756,-1.800706471,0.000294130,-0.002072078,0.000232893,0.000179647,-0.002072078,,,
1786043643857210836,1786043643.856527096,/novatel/oem7/odom,/novatel/oem7/fix,/novatel/oem7/odom,39.663,-75.756,-1.800706471,0.000294130,-0.002072078,0.000232893,0.000179647,-0.002072078,,,
1786043643865749169,1786043643.865136650,/novatel/oem7/inspva,/novatel/oem7/inspva,/novatel/oem7/inspva,39.663,-75.756,-1.800710283,0.001032549,-0.002479812,-0.000695994,0.000762725,-0.002479812,,novatel_oem7_msgs.msg.InertialSolutionStatus(status=3),
1786043643867069975,1786043643.865267875,/novatel/oem7/fix,/novatel/oem7/fix,/novatel/oem7/inspva,39.663,-75.756,-1.800710283,0.001032549,-0.002479812,-0.000695994,0.000762725,-0.002479812,,0,
1786043643868081625,1786043643.865651382,/novatel/oem7/odom,/novatel/oem7/fix,/novatel/oem7/odom,39.663,-75.756,-1.800710283,0.001034638,-0.002478941,0.000737565,-0.000725584,-0.002478941,,,
1786043643876085584,1786043643.875433771,/novatel/oem7/odom,/novatel/oem7/fix,/novatel/oem7/odom,39.663,-75.756,-1.800710283,0.001034638,-0.002478941,0.000737565,-0.000725584,-0.002478941,,,
1786043643885828423,1786043643.885259048,/novatel/oem7/inspva,/novatel/oem7/inspva,/novatel/oem7/inspva,39.663,-75.756,-1.800705821,0.002970196,-0.000449872,-0.001828592,0.002340580,-0.000449872,,novatel_oem7_msgs.msg.InertialSolutionStatus(status=3),
1786043643887242480,1786043643.885399465,/novatel/oem7/fix,/novatel/oem7/fix,/novatel/oem7/inspva,39.663,-75.756,-1.800705821,0.002970196,-0.000449872,-0.001828592,0.002340580,-0.000449872,,0,
1786043643888303684,1786043643.886035888,/novatel/oem7/odom,/novatel/oem7/fix,/novatel/oem7/odom,39.663,-75.756,-1.800705821,0.002970708,-0.000446475,0.002252394,-0.001936964,-0.000446475,,,
1786043643895662226,1786043643.894964949,/novatel/oem7/odom,/novatel/oem7/fix,/novatel/oem7/odom,39.663,-75.756,-1.800705821,0.002970708,-0.000446475,0.002252394,-0.001936964,-0.000446475,,,
1786043643906490016,1786043643.905862040,/novatel/oem7/inspva,/novatel/oem7/inspva,/novatel/oem7/inspva,39.663,-75.756,-1.800718965,0.002057044,0.000040628,-0.001385665,0.001520317,0.000040628,,novatel_oem7_msgs.msg.InertialSolutionStatus(status=3),
1786043643907838392,1786043643.906005707,/novatel/oem7/fix,/novatel/oem7/fix,/novatel/oem7/inspva,39.663,-75.756,-1.800718965,0.002057044,0.000040628,-0.001385665,0.001520317,0.000040628,,0,
1786043643908956003,1786043643.906484736,/novatel/oem7/odom,/novatel/oem7/fix,/novatel/oem7/odom,39.663,-75.756,-1.800718965,0.002057010,0.000042316,0.001452403,-0.001456645,0.000042316,,,
1786043643910555439,1786043643.909527499,/novatel/oem7/bestpos,/novatel/oem7/bestpos,/novatel/oem7/odom,39.663,-75.756,33.181835425,0.002057010,0.000042316,0.001452403,-0.001456645,0.000042316,,novatel_oem7_msgs.msg.SolutionStatus(status=0),novatel_oem7_msgs.msg.PositionOrVelocityType(type=53)
1786043643911958086,1786043643.910144678,/novatel/oem7/bestvel,/novatel/oem7/bestpos,/novatel/oem7/bestvel,39.663,-75.756,33.181835425,0.002130354,-0.000443030,,,,115.328662687,novatel_oem7_msgs.msg.SolutionStatus(status=0),novatel_oem7_msgs.msg.PositionOrVelocityType(type=53)
1786043643915330239,1786043643.914648546,/novatel/oem7/odom,/novatel/oem7/bestpos,/novatel/oem7/odom,39.663,-75.756,33.181835425,0.002057010,0.000042316,0.001452403,-0.001456645,0.000042316,,,
1786043643925952467,1786043643.925379367,/novatel/oem7/inspva,/novatel/oem7/inspva,/novatel/oem7/inspva,39.663,-75.756,-1.800751901,0.000720414,-0.002182719,0.000585220,0.000420136,-0.002182719,,novatel_oem7_msgs.msg.InertialSolutionStatus(status=3),
1786043643927352550,1786043643.925525376,/novatel/oem7/fix,/novatel/oem7/fix,/novatel/oem7/inspva,39.663,-75.756,-1.800751901,0.000720414,-0.002182719,0.000585220,0.000420136,-0.002182719,,0,
1786043643928364224,1786043643.926158349,/novatel/oem7/odom,/novatel/oem7/fix,/novatel/oem7/odom,39.663,-75.756,-1.800751901,0.000729347,-0.002179750,0.000455338,0.000569750,-0.002179750,,,
1786043643936265948,1786043643.935584854,/novatel/oem7/odom,/novatel/oem7/fix,/novatel/oem7/odom,39.663,-75.756,-1.800751901,0.000729347,-0.002179750,0.000455338,0.000569750,-0.002179750,,,
1786043643945862655,1786043643.945254532,/novatel/oem7/inspva,/novatel/oem7/inspva,/novatel/oem7/inspva,39.663,-75.756,-1.800761935,0.000109523,-0.002525063,-0.000108440,-0.000015358,-0.002525063,,novatel_oem7_msgs.msg.InertialSolutionStatus(status=3),
1786043643947188165,1786043643.945388174,/novatel/oem7/fix,/novatel/oem7/fix,/novatel/oem7/inspva,39.663,-75.756,-1.800761935,0.000109523,-0.002525063,-0.000108440,-0.000015358,-0.002525063,,0,
1786043643948214091,1786043643.945876398,/novatel/oem7/odom,/novatel/oem7/fix,/novatel/oem7/odom,39.663,-75.756,-1.800761935,0.000102177,-0.002525371,-0.000011484,-0.000101530,-0.002525371,,,
1786043643956452669,1786043643.955750335,/novatel/oem7/odom,/novatel/oem7/fix,/novatel/oem7/odom,39.663,-75.756,-1.800761935,0.000102177,-0.002525371,-0.000011484,-0.000101530,-0.002525371,,,
1786043643967343139,1786043643.966735467,/novatel/oem7/inspva,/novatel/oem7/inspva,/novatel/oem7/inspva,39.663,-75.756,-1.800772653,0.003189997,-0.001470798,-0.001865067,0.002587973,-0.001470798,,novatel_oem7_msgs.msg.InertialSolutionStatus(status=3),
1786043643968771227,1786043643.966879054,/novatel/oem7/fix,/novatel/oem7/fix,/novatel/oem7/inspva,39.663,-75.756,-1.800772653,0.003189997,-0.001470798,-0.001865067,0.002587973,-0.001470798,,0,
1786043643969953231,1786043643.967713756,/novatel/oem7/odom,/novatel/oem7/fix,/novatel/oem7/odom,39.663,-75.756,-1.800772653,0.003191888,-0.001466690,0.002501427,-0.001982677,-0.001466690,,,
1786043643975844239,1786043643.975137212,/novatel/oem7/odom,/novatel/oem7/fix,/novatel/oem7/odom,39.663,-75.756,-1.800772653,0.003191888,-0.001466690,0.002501427,-0.001982677,-0.001466690,,,
1786043643985863841,1786043643.985214144,/novatel/oem7/inspva,/novatel/oem7/inspva,/novatel/oem7/inspva,39.663,-75.756,-1.800785886,0.002458642,-0.000571079,-0.001919362,0.001536545,-0.000571079,,novatel_oem7_msgs.msg.InertialSolutionStatus(status=3),
1786043643987245561,1786043643.985366926,/novatel/oem7/fix,/novatel/oem7/fix,/novatel/oem7/inspva,39.663,-75.756,-1.800785886,0.002458642,-0.000571079,-0.001919362,0.001536545,-0.000571079,,0,
1786043643988299625,1786043643.985822214,/novatel/oem7/odom,/novatel/oem7/fix,/novatel/oem7/odom,39.663,-75.756,-1.800785886,0.002458716,-0.000570758,0.001445408,-0.001988990,-0.000570758,,,
1786043643996089305,1786043643.995395674,/novatel/oem7/odom,/novatel/oem7/fix,/novatel/oem7/odom,39.663,-75.756,-1.800785886,0.002458716,-0.000570758,0.001445408,-0.001988990,-0.000570758,,,
1786043644008984111,1786043644.008388809,/novatel/oem7/inspva,/novatel/oem7/inspva,/novatel/oem7/inspva,39.663,-75.756,-1.800814264,0.000173207,-0.001121919,0.000111733,0.000132350,-0.001121919,,novatel_oem7_msgs.msg.InertialSolutionStatus(status=3),
1786043644010416542,1786043644.008544637,/novatel/oem7/fix,/novatel/oem7/fix,/novatel/oem7/inspva,39.663,-75.756,-1.800814264,0.000173207,-0.001121919,0.000111733,0.000132350,-0.001121919,,0,
1786043644012115262,1786043644.011312914,/novatel/oem7/odom,/novatel/oem7/fix,/novatel/oem7/odom,39.663,-75.756,-1.800814264,0.000178037,-0.001121163,0.000141533,0.000108007,-0.001121163,,,
1786043644016481765,1786043644.015743998,/novatel/oem7/odom,/novatel/oem7/fix,/novatel/oem7/odom,39.663,-75.756,-1.800814264,0.000178037,-0.001121163,0.000141533,0.000108007,-0.001121163,,,
1786043644026093142,1786043644.025462836,/novatel/oem7/bestpos,/novatel/oem7/bestpos,/novatel/oem7/odom,39.663,-75.756,33.181749723,0.000178037,-0.001121163,0.000141533,0.000108007,-0.001121163,,novatel_oem7_msgs.msg.SolutionStatus(status=0),novatel_oem7_msgs.msg.PositionOrVelocityType(type=53)
1786043644027906463,1786043644.026463709,/novatel/oem7/bestvel,/novatel/oem7/bestpos,/novatel/oem7/bestvel,39.663,-75.756,33.181749723,0.000612603,-0.001291807,,,,92.025461486,novatel_oem7_msgs.msg.SolutionStatus(status=0),novatel_oem7_msgs.msg.PositionOrVelocityType(type=53)
1786043644028844312,1786043644.026949497,/novatel/oem7/inspva,/novatel/oem7/inspva,/novatel/oem7/inspva,39.663,-75.756,-1.800829806,0.000484027,-0.001991136,-0.000482870,0.000033449,-0.001991136,,novatel_oem7_msgs.msg.InertialSolutionStatus(status=3),
1786043644029709044,1786043644.027089485,/novatel/oem7/fix,/novatel/oem7/fix,/novatel/oem7/inspva,39.663,-75.756,-1.800829806,0.000484027,-0.001991136,-0.000482870,0.000033449,-0.001991136,,0,
1786043644031266880,1786043644.027472103,/novatel/oem7/odom,/novatel/oem7/fix,/novatel/oem7/odom,39.663,-75.756,-1.800829806,0.000479485,-0.001992235,0.000017533,-0.000479164,-0.001992235,,,
1786043644035366030,1786043644.034643689,/novatel/oem7/odom,/novatel/oem7/fix,/novatel/oem7/odom,39.663,-75.756,-1.800829806,0.000479485,-0.001992235,0.000017533,-0.000479164,-0.001992235,,,
1786043644045993590,1786043644.045412519,/novatel/oem7/inspva,/novatel/oem7/inspva,/novatel/oem7/inspva,39.663,-75.756,-1.800834359,0.002133296,-0.001763040,-0.001587644,0.001424899,-0.001763040,,novatel_oem7_msgs.msg.InertialSolutionStatus(status=3),
1786043644047378591,1786043644.045662081,/novatel/oem7/fix,/novatel/oem7/fix,/novatel/oem7/inspva,39.663,-75.756,-1.800834359,0.002133296,-0.001763040,-0.001587644,0.001424899,-0.001763040,,0,
1786043644048514125,1786043644.046201743,/novatel/oem7/odom,/novatel/oem7/fix,/novatel/oem7/odom,39.663,-75.756,-1.800834359,0.002133973,-0.001762221,0.001353941,-0.001649449,-0.001762221,,,
1786043644057222608,1786043644.056581401,/novatel/oem7/odom,/novatel/oem7/fix,/novatel/oem7/odom,39.663,-75.756,-1.800834359,0.002133973,-0.001762221,0.001353941,-0.001649449,-0.001762221,,,
1786043644065873042,1786043644.065329577,/novatel/oem7/inspva,/novatel/oem7/inspva,/novatel/oem7/inspva,39.663,-75.756,-1.800842547,0.002981895,-0.001815015,-0.002114285,0.002102736,-0.001815015,,novatel_oem7_msgs.msg.InertialSolutionStatus(status=3),
1786043644067199205,1786043644.065552032,/novatel/oem7/fix,/novatel/oem7/fix,/novatel/oem7/inspva,39.663,-75.756,-1.800842547,0.002981895,-0.001815015,-0.002114285,0.002102736,-0.001815015,,0,
1786043644068155144,1786043644.065975290,/novatel/oem7/odom,/novatel/oem7/fix,/novatel/oem7/odom,39.663,-75.756,-1.800842547,0.002982970,-0.001813248,0.002006125,-0.002207617,-0.001813248,,,
1786043644075264015,1786043644.074553574,/novatel/oem7/odom,/novatel/oem7/fix,/novatel/oem7/odom,39.663,-75.756,-1.800842547,0.002982970,-0.001813248,0.002006125,-0.002207617,-0.001813248,,,
1786043644087366506,1786043644.086838475,/novatel/oem7/inspva,/novatel/oem7/inspva,/novatel/oem7/inspva,39.663,-75.756,-1.800839825,0.000943628,0.000352342,-0.000450663,0.000829058,0.000352342,,novatel_oem7_msgs.msg.InertialSolutionStatus(status=3),
1786043644088716637,1786043644.087049573,/novatel/oem7/fix,/novatel/oem7/fix,/novatel/oem7/inspva,39.663,-75.756,-1.800839825,0.000943628,0.000352342,-0.000450663,0.000829058,0.000352342,,0,
1786043644089776044,1786043644.087717087,/novatel/oem7/odom,/novatel/oem7/fix,/novatel/oem7/odom,39.663,-75.756,-1.800839825,0.000942989,0.000354051,0.000805389,-0.000490486,0.000354051,,,
1786043644096344144,1786043644.095661515,/novatel/oem7/odom,/novatel/oem7/fix,/novatel/oem7/odom,39.663,-75.756,-1.800839825,0.000942989,0.000354051,0.000805389,-0.000490486,0.000354051,,,
1786043644106377637,1786043644.105852528,/novatel/oem7/inspva,/novatel/oem7/inspva,/novatel/oem7/inspva,39.663,-75.756,-1.800852948,0.000397764,-0.000557019,0.000051727,0.000394386,-0.000557019,,novatel_oem7_msgs.msg.InertialSolutionStatus(status=3),
1786043644107754556,1786043644.106017286,/novatel/oem7/fix,/novatel/oem7/fix,/novatel/oem7/inspva,39.663,-75.756,-1.800852948,0.000397764,-0.000557019,0.000051727,0.000394386,-0.000557019,,0,
1786043644108829681,1786043644.106408417,/novatel/oem7/odom,/novatel/oem7/fix,/novatel/oem7/odom,39.663,-75.756,-1.800852948,0.000399859,-0.000555517,0.000398391,0.000034230,-0.000555517,,,
1786043644110721036,1786043644.109835094,/novatel/oem7/bestpos,/novatel/oem7/bestpos,/novatel/oem7/odom,39.663,-75.756,33.181675477,0.000399859,-0.000555517,0.000398391,0.000034230,-0.000555517,,novatel_oem7_msgs.msg.SolutionStatus(status=0),novatel_oem7_msgs.msg.PositionOrVelocityType(type=53)
1786043644112160737,1786043644.110535871,/novatel/oem7/bestvel,/novatel/oem7/bestpos,/novatel/oem7/bestvel,39.663,-75.756,33.181675477,0.001448177,-0.000926701,,,,99.168516604,novatel_oem7_msgs.msg.SolutionStatus(status=0),novatel_oem7_msgs.msg.PositionOrVelocityType(type=53)
1786043644115299354,1786043644.114548510,/novatel/oem7/odom,/novatel/oem7/bestpos,/novatel/oem7/odom,39.663,-75.756,33.181675477,0.000399859,-0.000555517,0.000398391,0.000034230,-0.000555517,,,
1786043644125995129,1786043644.125478444,/novatel/oem7/inspva,/novatel/oem7/inspva,/novatel/oem7/inspva,39.663,-75.756,-1.800878500,0.001742932,-0.003048341,-0.001189444,0.001273983,-0.003048341,,novatel_oem7_msgs.msg.InertialSolutionStatus(status=3),
1786043644127349366,1786043644.125633069,/novatel/oem7/fix,/novatel/oem7/fix,/novatel/oem7/inspva,39.663,-75.756,-1.800878500,0.001742932,-0.003048341,-0.001189444,0.001273983,-0.003048341,,0,
1786043644128464983,1786043644.126212421,/novatel/oem7/odom,/novatel/oem7/fix,/novatel/oem7/odom,39.663,-75.756,-1.800878500,0.001745264,-0.003047006,0.001226703,-0.001241429,-0.003047006,,,
1786043644135445295,1786043644.134750408,/novatel/oem7/odom,/novatel/oem7/fix,/novatel/oem7/odom,39.663,-75.756,-1.800878500,0.001745264,-0.003047006,0.001226703,-0.001241429,-0.003047006,,,
1786043644145682455,1786043644.145147453,/novatel/oem7/inspva,/novatel/oem7/inspva,/novatel/oem7/inspva,39.663,-75.756,-1.800877822,0.002378633,-0.002310655,-0.001177769,0.002066580,-0.002310655,,novatel_oem7_msgs.msg.InertialSolutionStatus(status=3),
1786043644147042316,1786043644.145300615,/novatel/oem7/fix,/novatel/oem7/fix,/novatel/oem7/inspva,39.663,-75.756,-1.800877822,0.002378633,-0.002310655,-0.001177769,0.002066580,-0.002310655,,0,
1786043644148124689,1786043644.145789790,/novatel/oem7/odom,/novatel/oem7/fix,/novatel/oem7/odom,39.663,-75.756,-1.800877822,0.002382591,-0.002306573,0.002016399,-0.001269203,-0.002306573,,,
1786043644156593216,1786043644.155907566,/novatel/oem7/odom,/novatel/oem7/fix,/novatel/oem7/odom,39.663,-75.756,-1.800877822,0.002382591,-0.002306573,0.002016399,-0.001269203,-0.002306573,,,
1786043644165920821,1786043644.165401812,/novatel/oem7/inspva,/novatel/oem7/inspva,/novatel/oem7/inspva,39.663,-75.756,-1.800882872,0.002675156,-0.000481693,-0.001522247,0.002199823,-0.000481693,,novatel_oem7_msgs.msg.InertialSolutionStatus(status=3),
1786043644167133188,1786043644.165563117,/novatel/oem7/fix,/novatel/oem7/fix,/novatel/oem7/inspva,39.663,-75.756,-1.800882872,0.002675156,-0.000481693,-0.001522247,0.002199823,-0.000481693,,0,
1786043644167640540,1786043644.166236354,/novatel/oem7/odom,/novatel/oem7/fix,/novatel/oem7/odom,39.663,-75.756,-1.800882872,0.002675811,-0.000478041,0.002126577,-0.001624079,-0.000478041,,,
1786043644175164679,1786043644.174827684,/novatel/oem7/odom,/novatel/oem7/fix,/novatel/oem7/odom,39.663,-75.756,-1.800882872,0.002675811,-0.000478041,0.002126577,-0.001624079,-0.000478041,,,
1786043644186472282,1786043644.186065978,/novatel/oem7/inspva,/novatel/oem7/inspva,/novatel/oem7/inspva,39.663,-75.756,-1.800896414,0.001649236,-0.000355409,-0.000423054,0.001594053,-0.000355409,,novatel_oem7_msgs.msg.InertialSolutionStatus(status=3),
1786043644187091580,1786043644.186202550,/novatel/oem7/fix,/novatel/oem7/fix,/novatel/oem7/inspva,39.663,-75.756,-1.800896414,0.001649236,-0.000355409,-0.000423054,0.001594053,-0.000355409,,0,
1786043644187601781,1786043644.186609904,/novatel/oem7/odom,/novatel/oem7/fix,/novatel/oem7/odom,39.663,-75.756,-1.800896414,0.001650182,-0.000350993,0.001573375,-0.000497586,-0.000350993,,,
1786043644194794279,1786043644.194362433,/novatel/oem7/odom,/novatel/oem7/fix,/novatel/oem7/odom,39.663,-75.756,-1.800896414,0.001650182,-0.000350993,0.001573375,-0.000497586,-0.000350993,,,
1786043644206752921,1786043644.206381601,/novatel/oem7/inspva,/novatel/oem7/inspva,/novatel/oem7/inspva,39.663,-75.756,-1.800931607,0.000660373,-0.002945522,-0.000178131,0.000635894,-0.002945522,,novatel_oem7_msgs.msg.InertialSolutionStatus(status=3),
1786043644207390350,1786043644.206548429,/novatel/oem7/fix,/novatel/oem7/fix,/novatel/oem7/inspva,39.663,-75.756,-1.800931607,0.000660373,-0.002945522,-0.000178131,0.000635894,-0.002945522,,0,
1786043644207916054,1786043644.207020090,/novatel/oem7/odom,/novatel/oem7/fix,/novatel/oem7/odom,39.663,-75.756,-1.800931607,0.000668136,-0.002943770,0.000637160,-0.000201082,-0.002943770,,,
1786043644210290841,1786043644.209976473,/novatel/oem7/bestpos,/novatel/oem7/bestpos,/novatel/oem7/odom,39.663,-75.756,33.181604395,0.000668136,-0.002943770,0.000637160,-0.000201082,-0.002943770,,novatel_oem7_msgs.msg.SolutionStatus(status=0),novatel_oem7_msgs.msg.PositionOrVelocityType(type=53)
1786043644210982835,1786043644.210355873,/novatel/oem7/bestvel,/novatel/oem7/bestpos,/novatel/oem7/bestvel,39.663,-75.756,33.181604395,0.000534833,-0.002466405,,,,169.523240617,novatel_oem7_msgs.msg.SolutionStatus(status=0),novatel_oem7_msgs.msg.PositionOrVelocityType(type=53)
1786043644216006217,1786043644.215655199,/novatel/oem7/odom,/novatel/oem7/bestpos,/novatel/oem7/odom,39.663,-75.756,33.181604395,0.000668136,-0.002943770,0.000637160,-0.000201082,-0.002943770,,,
1786043644225240803,1786043644.224956476,/novatel/oem7/inspva,/novatel/oem7/inspva,/novatel/oem7/inspva,39.663,-75.756,-1.800935736,0.001239272,-0.002977973,-0.000214248,0.001220611,-0.002977973,,novatel_oem7_msgs.msg.InertialSolutionStatus(status=3),
1786043644225908687,1786043644.225100738,/novatel/oem7/fix,/novatel/oem7/fix,/novatel/oem7/inspva,39.663,-75.756,-1.800935736,0.001239272,-0.002977973,-0.000214248,0.001220611,-0.002977973,,0,
1786043644226447996,1786043644.225520329,/novatel/oem7/odom,/novatel/oem7/fix,/novatel/oem7/odom,39.663,-75.756,-1.800935736,0.001248078,-0.002974293,0.001219646,-0.000264880,-0.002974293,,,
1786043644234821832,1786043644.234452073,/novatel/oem7/odom,/novatel/oem7/fix,/novatel/oem7/odom,39.663,-75.756,-1.800935736,0.001248078,-0.002974293,0.001219646,-0.000264880,-0.002974293,,,
1786043644246736301,1786043644.246439437,/novatel/oem7/inspva,/novatel/oem7/inspva,/novatel/oem7/inspva,39.663,-75.756,-1.800936144,0.003726736,-0.000565460,-0.002424456,0.002830296,-0.000565460,,novatel_oem7_msgs.msg.InertialSolutionStatus(status=3),
1786043644247946472,1786043644.246591675,/novatel/oem7/fix,/novatel/oem7/fix,/novatel/oem7/inspva,39.663,-75.756,-1.800936144,0.003726736,-0.000565460,-0.002424456,0.002830296,-0.000565460,,0,
1786043644249025789,1786043644.247211978,/novatel/oem7/odom,/novatel/oem7/fix,/novatel/oem7/odom,39.663,-75.756,-1.800936144,0.003727267,-0.000561953,0.002713684,-0.002555081,-0.000561953,,,
1786043644257255683,1786043644.256608144,/novatel/oem7/odom,/novatel/oem7/fix,/novatel/oem7/odom,39.663,-75.756,-1.800936144,0.003727267,-0.000561953,0.002713684,-0.002555081,-0.000561953,,,
1786043644265336436,1786043644.265052516,/novatel/oem7/inspva,/novatel/oem7/inspva,/novatel/oem7/inspva,39.663,-75.756,-1.800953039,0.003300240,-0.000648584,-0.001261568,0.003049596,-0.000648584,,novatel_oem7_msgs.msg.InertialSolutionStatus(status=3),
1786043644265966644,1786043644.265193408,/novatel/oem7/fix,/novatel/oem7/fix,/novatel/oem7/inspva,39.663,-75.756,-1.800953039,0.003300240,-0.000648584,-0.001261568,0.003049596,-0.000648584,,0,
1786043644266467887,1786043644.265553551,/novatel/oem7/odom,/novatel/oem7/fix,/novatel/oem7/odom,39.663,-75.756,-1.800953039,0.003301660,-0.000641319,0.002988384,-0.001403752,-0.000641319,,,
1786043644274792441,1786043644.274466478,/novatel/oem7/odom,/novatel/oem7/fix,/novatel/oem7/odom,39.663,-75.756,-1.800953039,0.003301660,-0.000641319,0.002988384,-0.001403752,-0.000641319,,,
1786043644285412884,1786043644.285149991,/novatel/oem7/inspva,/novatel/oem7/inspva,/novatel/oem7/inspva,39.663,-75.756,-1.800983599,0.000874165,-0.002161011,0.000025660,0.000873788,-0.002161011,,novatel_oem7_msgs.msg.InertialSolutionStatus(status=3),
1786043644286030095,1786043644.285293362,/novatel/oem7/fix,/novatel/oem7/fix,/novatel/oem7/inspva,39.663,-75.756,-1.800983599,0.000874165,-0.002161011,0.000025660,0.000873788,-0.002161011,,0,
1786043644286524734,1786043644.285753086,/novatel/oem7/odom,/novatel/oem7/fix,/novatel/oem7/odom,39.663,-75.756,-1.800983599,0.000881838,-0.002157891,0.000881773,-0.000010718,-0.002157891,,,
1786043644295199317,1786043644.294856272,/novatel/oem7/odom,/novatel/oem7/fix,/novatel/oem7/odom,39.663,-75.756,-1.800983599,0.000881838,-0.002157891,0.000881773,-0.000010718,-0.002157891,,,
1786043644306399814,1786043644.306122636,/novatel/oem7/inspva,/novatel/oem7/inspva,/novatel/oem7/inspva,39.663,-75.756,-1.800997751,0.001120569,-0.002963998,0.000431363,0.001034215,-0.002963998,,novatel_oem7_msgs.msg.InertialSolutionStatus(status=3),
1786043644307041613,1786043644.306267758,/novatel/oem7/fix,/novatel/oem7/fix,/novatel/oem7/inspva,39.663,-75.756,-1.800997751,0.001120569,-0.002963998,0.000431363,0.001034215,-0.002963998,,0,
1786043644307564677,1786043644.306733755,/novatel/oem7/odom,/novatel/oem7/fix,/novatel/oem7/odom,39.663,-75.756,-1.800997751,0.001132984,-0.002959275,0.001064185,0.000388797,-0.002959275,,,
1786043644309661798,1786043644.309342718,/novatel/oem7/bestpos,/novatel/oem7/bestpos,/novatel/oem7/odom,39.663,-75.756,33.181531242,0.001132984,-0.002959275,0.001064185,0.000388797,-0.002959275,,novatel_oem7_msgs.msg.SolutionStatus(status=0),novatel_oem7_msgs.msg.PositionOrVelocityType(type=53)
1786043644310333385,1786043644.309974230,/novatel/oem7/bestvel,/novatel/oem7/bestpos,/novatel/oem7/bestvel,39.663,-75.756,33.181531242,0.000847347,-0.002653207,,,,85.708717188,novatel_oem7_msgs.msg.SolutionStatus(status=0),novatel_oem7_msgs.msg.PositionOrVelocityType(type=53)
1786043644314789455,1786043644.314376280,/novatel/oem7/odom,/novatel/oem7/bestpos,/novatel/oem7/odom,39.663,-75.756,33.181531242,0.001132984,-0.002959275,0.001064185,0.000388797,-0.002959275,,,
1786043644326311344,1786043644.325310735,/novatel/oem7/inspva,/novatel/oem7/inspva,/novatel/oem7/inspva,39.663,-75.756,-1.801006899,0.002980937,-0.001836998,-0.001884464,0.002309714,-0.001836998,,novatel_oem7_msgs.msg.InertialSolutionStatus(status=3),
1786043644328246250,1786043644.325581200,/novatel/oem7/fix,/novatel/oem7/fix,/novatel/oem7/inspva,39.663,-75.756,-1.801006899,0.002980937,-0.001836998,-0.001884464,0.002309714,-0.001836998,,0,
1786043644329553539,1786043644.325928931,/novatel/oem7/odom,/novatel/oem7/fix,/novatel/oem7/odom,39.663,-75.756,-1.801006899,0.002982815,-0.001833945,0.002223893,-0.001987834,-0.001833945,,,
1786043644336563861,1786043644.335593785,/novatel/oem7/odom,/novatel/oem7/fix,/novatel/oem7/odom,39.663,-75.756,-1.801006899,0.002982815,-0.001833945,0.002223893,-0.001987834,-0.001833945,,,
1786043644345530400,1786043644.345040211,/novatel/oem7/inspva,/novatel/oem7/inspva,/novatel/oem7/inspva,39.663,-75.756,-1.801023670,0.003081219,-0.001496367,-0.001215615,0.002831288,-0.001496367,,novatel_oem7_msgs.msg.InertialSolutionStatus(status=3),
1786043644347309534,1786043644.345276437,/novatel/oem7/fix,/novatel/oem7/fix,/novatel/oem7/inspva,39.663,-75.756,-1.801023670,0.003081219,-0.001496367,-0.001215615,0.002831288,-0.001496367,,0,
1786043644348007347,1786043644.345878693,/novatel/oem7/odom,/novatel/oem7/fix,/novatel/oem7/odom,39.663,-75.756,-1.801023670,0.003084446,-0.001489705,0.002775542,-0.001345426,-0.001489705,,,
1786043644356554510,1786043644.355818084,/novatel/oem7/odom,/novatel/oem7/fix,/novatel/oem7/odom,39.663,-75.756,-1.801023670,0.003084446,-0.001489705,0.002775542,-0.001345426,-0.001489705,,,
1786043644367749450,1786043644.367217249,/novatel/oem7/inspva,/novatel/oem7/inspva,/novatel/oem7/inspva,39.663,-75.756,-1.801050417,0.001778465,-0.001615953,0.000277294,0.001756714,-0.001615953,,novatel_oem7_msgs.msg.InertialSolutionStatus(status=3),
1786043644368384738,1786043644.367452674,/novatel/oem7/fix,/novatel/oem7/fix,/novatel/oem7/inspva,39.663,-75.756,-1.801050417,0.001778465,-0.001615953,0.000277294,0.001756714,-0.001615953,,0,
1786043644368884435,1786043644.367945609,/novatel/oem7/odom,/novatel/oem7/fix,/novatel/oem7/odom,39.663,-75.756,-1.801050417,0.001784649,-0.001609121,0.001773714,0.000197255,-0.001609121,,,
1786043644375671692,1786043644.375173257,/novatel/oem7/odom,/novatel/oem7/fix,/novatel/oem7/odom,39.663,-75.756,-1.801050417,0.001784649,-0.001609121,0.001773714,0.000197255,-0.001609121,,,
1786043644385649336,1786043644.385264433,/novatel/oem7/inspva,/novatel/oem7/inspva,/novatel/oem7/inspva,39.663,-75.756,-1.801070339,0.001791311,-0.001876992,0.000707656,0.001645605,-0.001876992,,novatel_oem7_msgs.msg.InertialSolutionStatus(status=3),
1786043644386311939,1786043644.385479535,/novatel/oem7/fix,/novatel/oem7/fix,/novatel/oem7/inspva,39.663,-75.756,-1.801070339,0.001791311,-0.001876992,0.000707656,0.001645605,-0.001876992,,0,
1786043644386850030,1786043644.385880772,/novatel/oem7/odom,/novatel/oem7/fix,/novatel/oem7/odom,39.663,-75.756,-1.801070339,0.001799209,-0.001869422,0.001684165,0.000633041,-0.001869422,,,
1786043644395283711,1786043644.394808589,/novatel/oem7/odom,/novatel/oem7/fix,/novatel/oem7/odom,39.663,-75.756,-1.801070339,0.001799209,-0.001869422,0.001684165,0.000633041,-0.001869422,,,
1786043644407328849,1786043644.406805087,/novatel/oem7/inspva,/novatel/oem7/inspva,/novatel/oem7/inspva,39.663,-75.756,-1.801100497,0.002383813,-0.003432782,-0.001424810,0.001911146,-0.003432782,,novatel_oem7_msgs.msg.InertialSolutionStatus(status=3),
1786043644408193004,1786043644.406998872,/novatel/oem7/fix,/novatel/oem7/fix,/novatel/oem7/inspva,39.663,-75.756,-1.801100497,0.002383813,-0.003432782,-0.001424810,0.001911146,-0.003432782,,0,
1786043644408797050,1786043644.407382253,/novatel/oem7/odom,/novatel/oem7/fix,/novatel/oem7/odom,39.663,-75.756,-1.801100497,0.002388024,-0.003429853,0.001853352,-0.001505904,-0.003429853,,,
1786043644410669762,1786043644.410287441,/novatel/oem7/bestpos,/novatel/oem7/bestpos,/novatel/oem7/odom,39.663,-75.756,33.181443302,0.002388024,-0.003429853,0.001853352,-0.001505904,-0.003429853,,novatel_oem7_msgs.msg.SolutionStatus(status=0),novatel_oem7_msgs.msg.PositionOrVelocityType(type=53)
1786043644411337312,1786043644.410668565,/novatel/oem7/bestvel,/novatel/oem7/bestpos,/novatel/oem7/bestvel,39.663,-75.756,33.181443302,0.002330457,-0.002441112,,,,159.073663601,novatel_oem7_msgs.msg.SolutionStatus(status=0),novatel_oem7_msgs.msg.PositionOrVelocityType(type=53)
1786043644415364632,1786043644.414992231,/novatel/oem7/odom,/novatel/oem7/bestpos,/novatel/oem7/odom,39.663,-75.756,33.181443302,0.002388024,-0.003429853,0.001853352,-0.001505904,-0.003429853,,,
1786043644426760323,1786043644.426181074,/novatel/oem7/inspva,/novatel/oem7/inspva,/novatel/oem7/inspva,39.663,-75.756,-1.801107885,0.002680324,-0.002191885,-0.001388866,0.002292420,-0.002191885,,novatel_oem7_msgs.msg.InertialSolutionStatus(status=3),
1786043644427810741,1786043644.426374556,/novatel/oem7/fix,/novatel/oem7/fix,/novatel/oem7/inspva,39.663,-75.756,-1.801107885,0.002680324,-0.002191885,-0.001388866,0.002292420,-0.002191885,,0,
1786043644428316691,1786043644.426786463,/novatel/oem7/odom,/novatel/oem7/fix,/novatel/oem7/odom,39.663,-75.756,-1.801107885,0.002683844,-0.002187575,0.002231482,-0.001491142,-0.002187575,,,
1786043644434853616,1786043644.434446398,/novatel/oem7/odom,/novatel/oem7/fix,/novatel/oem7/odom,39.663,-75.756,-1.801107885,0.002683844,-0.002187575,0.002231482,-0.001491142,-0.002187575,,,
1786043644445721008,1786043644.445209374,/novatel/oem7/inspva,/novatel/oem7/inspva,/novatel/oem7/inspva,39.663,-75.756,-1.801127065,0.002108693,-0.001240847,-0.000297465,0.002087607,-0.001240847,,novatel_oem7_msgs.msg.InertialSolutionStatus(status=3),
1786043644446559294,1786043644.445459003,/novatel/oem7/fix,/novatel/oem7/fix,/novatel/oem7/inspva,39.663,-75.756,-1.801127065,0.002108693,-0.001240847,-0.000297465,0.002087607,-0.001240847,,0,
1786043644447140910,1786043644.446013725,/novatel/oem7/odom,/novatel/oem7/fix,/novatel/oem7/odom,39.663,-75.756,-1.801127065,0.002112515,-0.001234329,0.002075539,-0.000393523,-0.001234329,,,
1786043644458982222,1786043644.457340800,/novatel/oem7/odom,/novatel/oem7/fix,/novatel/oem7/odom,39.663,-75.756,-1.801127065,0.002112515,-0.001234329,0.002075539,-0.000393523,-0.001234329,,,
1786043644468196336,1786043644.465121866,/novatel/oem7/inspva,/novatel/oem7/inspva,/novatel/oem7/inspva,39.663,-75.756,-1.801144611,0.002020240,-0.001085942,0.000030913,0.002020003,-0.001085942,,novatel_oem7_msgs.msg.InertialSolutionStatus(status=3),
1786043644473055567,1786043644.465382879,/novatel/oem7/fix,/novatel/oem7/fix,/novatel/oem7/inspva,39.663,-75.756,-1.801144611,0.002020240,-0.001085942,0.000030913,0.002020003,-0.001085942,,0,
1786043644480951344,1786043644.465981991,/novatel/oem7/odom,/novatel/oem7/fix,/novatel/oem7/odom,39.663,-75.756,-1.801144611,0.002024031,-0.001078860,0.002023061,-0.000062662,-0.001078860,,,
1786043644484059703,1786043644.474675293,/novatel/oem7/odom,/novatel/oem7/fix,/novatel/oem7/odom,39.663,-75.756,-1.801144611,0.002024031,-0.001078860,0.002023061,-0.000062662,-0.001078860,,,
1786043644487337666,1786043644.486596027,/novatel/oem7/inspva,/novatel/oem7/inspva,/novatel/oem7/inspva,39.663,-75.756,-1.801182927,0.001542423,-0.003363782,-0.000245377,0.001522780,-0.003363782,,novatel_oem7_msgs.msg.InertialSolutionStatus(status=3),
1786043644488812389,1786043644.486870833,/novatel/oem7/fix,/novatel/oem7/fix,/novatel/oem7/inspva,39.663,-75.756,-1.801182927,0.001542423,-0.003363782,-0.000245377,0.001522780,-0.003363782,,0,
1786043644492111856,1786043644.487570553,/novatel/oem7/odom,/novatel/oem7/fix,/novatel/oem7/odom,39.663,-75.756,-1.801182927,0.001552504,-0.003359141,0.001521347,-0.000309470,-0.003359141,,,
1786043644495789729,1786043644.495196971,/novatel/oem7/odom,/novatel/oem7/fix,/novatel/oem7/odom,39.663,-75.756,-1.801182927,0.001552504,-0.003359141,0.001521347,-0.000309470,-0.003359141,,,
1786043644506766885,1786043644.506164092,/novatel/oem7/inspva,/novatel/oem7/inspva,/novatel/oem7/inspva,39.663,-75.756,-1.801192248,0.001541464,-0.003170526,-0.000710962,0.001367715,-0.003170526,,novatel_oem7_msgs.msg.InertialSolutionStatus(status=3),
1786043644508087210,1786043644.506379991,/novatel/oem7/fix,/novatel/oem7/fix,/novatel/oem7/inspva,39.663,-75.756,-1.801192248,0.001541464,-0.003170526,-0.000710962,0.001367715,-0.003170526,,0,
1786043644509088180,1786043644.507026553,/novatel/oem7/odom,/novatel/oem7/fix,/novatel/oem7/odom,39.663,-75.756,-1.801192248,0.001547379,-0.003167643,0.001343553,-0.000767625,-0.003167643,,,
1786043644512917749,1786043644.512258482,/novatel/oem7/bestpos,/novatel/oem7/bestpos,/novatel/oem7/odom,39.663,-75.756,33.181360408,0.001547379,-0.003167643,0.001343553,-0.000767625,-0.003167643,,novatel_oem7_msgs.msg.SolutionStatus(status=0),novatel_oem7_msgs.msg.PositionOrVelocityType(type=53)
1786043644514695223,1786043644.512686939,/novatel/oem7/bestvel,/novatel/oem7/bestpos,/novatel/oem7/bestvel,39.663,-75.756,33.181360408,0.001483868,-0.001929774,,,,187.118121282,novatel_oem7_msgs.msg.SolutionStatus(status=0),novatel_oem7_msgs.msg.PositionOrVelocityType(type=53)
1786043644517099641,1786043644.515546917,/novatel/oem7/odom,/novatel/oem7/bestpos,/novatel/oem7/odom,39.663,-75.756,33.181360408,0.001547379,-0.003167643,0.001343553,-0.000767625,-0.003167643,,,
1786043644526044900,1786043644.525408621,/novatel/oem7/inspva,/novatel/oem7/inspva,/novatel/oem7/inspva,39.663,-75.756,-1.801186815,0.003014813,0.000043927,-0.001003889,0.002842764,0.000043927,,novatel_oem7_msgs.msg.InertialSolutionStatus(status=3),
1786043644527486454,1786043644.525628950,/novatel/oem7/fix,/novatel/oem7/fix,/novatel/oem7/inspva,39.663,-75.756,-1.801186815,0.003014813,0.000043927,-0.001003889,0.002842764,0.000043927,,0,
1786043644528037378,1786043644.526173481,/novatel/oem7/odom,/novatel/oem7/fix,/novatel/oem7/odom,39.663,-75.756,-1.801186815,0.003014700,0.000051088,0.002791559,-0.001138251,0.000051088,,,
1786043644535523198,1786043644.535129526,/novatel/oem7/odom,/novatel/oem7/fix,/novatel/oem7/odom,39.663,-75.756,-1.801186815,0.003014700,0.000051088,0.002791559,-0.001138251,0.000051088,,,
1786043644546826398,1786043644.546249308,/novatel/oem7/inspva,/novatel/oem7/inspva,/novatel/oem7/inspva,39.663,-75.756,-1.801212509,0.001754046,-0.000798215,-0.000356115,0.001717516,-0.000798215,,novatel_oem7_msgs.msg.InertialSolutionStatus(status=3),
1786043644547804844,1786043644.546502688,/novatel/oem7/fix,/novatel/oem7/fix,/novatel/oem7/inspva,39.663,-75.756,-1.801212509,0.001754046,-0.000798215,-0.000356115,0.001717516,-0.000798215,,0,
1786043644548402798,1786043644.546925595,/novatel/oem7/odom,/novatel/oem7/fix,/novatel/oem7/odom,39.663,-75.756,-1.801212509,0.001756349,-0.000793135,0.001701484,-0.000435562,-0.000793135,,,
1786043644556680927,1786043644.556169199,/novatel/oem7/odom,/novatel/oem7/fix,/novatel/oem7/odom,39.663,-75.756,-1.801212509,0.001756349,-0.000793135,0.001701484,-0.000435562,-0.000793135,,,
1786043644566266710,1786043644.565617632,/novatel/oem7/inspva,/novatel/oem7/inspva,/novatel/oem7/inspva,39.663,-75.756,-1.801254268,0.001140353,-0.003390200,0.000795873,0.000816696,-0.003390200,,novatel_oem7_msgs.msg.InertialSolutionStatus(status=3),
1786043644567235503,1786043644.566491374,/novatel/oem7/fix,/novatel/oem7/fix,/novatel/oem7/inspva,39.663,-75.756,-1.801254268,0.001140353,-0.003390200,0.000795873,0.000816696,-0.003390200,,0,
1786043644568269928,1786043644.567333135,/novatel/oem7/odom,/novatel/oem7/fix,/novatel/oem7/odom,39.663,-75.756,-1.801254268,0.001154868,-0.003385283,0.000865754,0.000764323,-0.003385283,,,
1786043644576389408,1786043644.575877209,/novatel/oem7/odom,/novatel/oem7/fix,/novatel/oem7/odom,39.663,-75.756,-1.801254268,0.001154868,-0.003385283,0.000865754,0.000764323,-0.003385283,,,
1786043644585975582,1786043644.585205541,/novatel/oem7/inspva,/novatel/oem7/inspva,/novatel/oem7/inspva,39.663,-75.756,-1.801268783,0.001431124,-0.003072025,-0.000042490,0.001430493,-0.003072025,,novatel_oem7_msgs.msg.InertialSolutionStatus(status=3),
1786043644587058035,1786043644.585636415,/novatel/oem7/fix,/novatel/oem7/fix,/novatel/oem7/inspva,39.663,-75.756,-1.801268783,0.001431124,-0.003072025,-0.000042490,0.001430493,-0.003072025,,0,
1786043644587869232,1786043644.586070623,/novatel/oem7/odom,/novatel/oem7/fix,/novatel/oem7/odom,39.663,-75.756,-1.801268783,0.001441507,-0.003067167,0.001437817,-0.000103074,-0.003067167,,,
1786043644594804915,1786043644.594386581,/novatel/oem7/odom,/novatel/oem7/fix,/novatel/oem7/odom,39.663,-75.756,-1.801268783,0.001441507,-0.003067167,0.001437817,-0.000103074,-0.003067167,,,
1786043644607169132,1786043644.606707872,/novatel/oem7/inspva,/novatel/oem7/inspva,/novatel/oem7/inspva,39.663,-75.756,-1.801278629,0.002003272,-0.001085264,-0.001136444,0.001649725,-0.001085264,,novatel_oem7_msgs.msg.InertialSolutionStatus(status=3),
1786043644607942452,1786043644.606907563,/novatel/oem7/fix,/novatel/oem7/fix,/novatel/oem7/inspva,39.663,-75.756,-1.801278629,0.002003272,-0.001085264,-0.001136444,0.001649725,-0.001085264,,0,
1786043644608512514,1786043644.607570920,/novatel/oem7/odom,/novatel/oem7/fix,/novatel/oem7/odom,39.663,-75.756,-1.801278629,0.002004761,-0.001082511,0.001597612,-0.001211075,-0.001082511,,,
1786043644610955030,1786043644.610206889,/novatel/oem7/bestpos,/novatel/oem7/bestpos,/novatel/oem7/odom,39.663,-75.756,33.181250677,0.002004761,-0.001082511,0.001597612,-0.001211075,-0.001082511,,novatel_oem7_msgs.msg.SolutionStatus(status=0),novatel_oem7_msgs.msg.PositionOrVelocityType(type=53)
1786043644612472122,1786043644.610640550,/novatel/oem7/bestvel,/novatel/oem7/bestpos,/novatel/oem7/bestvel,39.663,-75.756,33.181250677,0.001760043,-0.000845533,,,,133.668412379,novatel_oem7_msgs.msg.SolutionStatus(status=0),novatel_oem7_msgs.msg.PositionOrVelocityType(type=53)
1786043644615880805,1786043644.615154184,/novatel/oem7/odom,/novatel/oem7/bestpos,/novatel/oem7/odom,39.663,-75.756,33.181250677,0.002004761,-0.001082511,0.001597612,-0.001211075,-0.001082511,,,
1786043644625598474,1786043644.625024385,/novatel/oem7/inspva,/novatel/oem7/inspva,/novatel/oem7/inspva,39.663,-75.756,-1.801307738,0.002136151,-0.001140138,-0.000586840,0.002053962,-0.001140138,,novatel_oem7_msgs.msg.InertialSolutionStatus(status=3),
1786043644626968150,1786043644.625228763,/novatel/oem7/fix,/novatel/oem7/fix,/novatel/oem7/inspva,39.663,-75.756,-1.801307738,0.002136151,-0.001140138,-0.000586840,0.002053962,-0.001140138,,0,
1786043644628045688,1786043644.625752712,/novatel/oem7/odom,/novatel/oem7/fix,/novatel/oem7/odom,39.663,-75.756,-1.801307738,0.002139105,-0.001134586,0.002027746,-0.000681187,-0.001134586,,,
1786043644636179371,1786043644.635499951,/novatel/oem7/odom,/novatel/oem7/fix,/novatel/oem7/odom,39.663,-75.756,-1.801307738,0.002139105,-0.001134586,0.002027746,-0.000681187,-0.001134586,,,
1786043644646239396,1786043644.645381121,/novatel/oem7/inspva,/novatel/oem7/inspva,/novatel/oem7/inspva,39.663,-75.756,-1.801345647,0.001181006,-0.002375493,0.001073517,0.000492277,-0.002375493,,novatel_oem7_msgs.msg.InertialSolutionStatus(status=3),
1786043644647905309,1786043644.645808049,/novatel/oem7/fix,/novatel/oem7/fix,/novatel/oem7/inspva,39.663,-75.756,-1.801345647,0.001181006,-0.002375493,0.001073517,0.000492277,-0.002375493,,0,
1786043644649051201,1786043644.646274133,/novatel/oem7/odom,/novatel/oem7/fix,/novatel/oem7/odom,39.663,-75.756,-1.801345647,0.001189995,-0.002371002,0.000551274,0.001054602,-0.002371002,,,
1786043644658069145,1786043644.656794600,/novatel/oem7/odom,/novatel/oem7/fix,/novatel/oem7/odom,39.663,-75.756,-1.801345647,0.001189995,-0.002371002,0.000551274,0.001054602,-0.002371002,,,
1786043644666918672,1786043644.666202405,/novatel/oem7/inspva,/novatel/oem7/inspva,/novatel/oem7/inspva,39.663,-75.756,-1.801365985,0.001252110,-0.002734632,0.000001574,0.001252109,-0.002734632,,novatel_oem7_msgs.msg.InertialSolutionStatus(status=3),
1786043644668790261,1786043644.666546692,/novatel/oem7/fix,/novatel/oem7/fix,/novatel/oem7/inspva,39.663,-75.756,-1.801365985,0.001252110,-0.002734632,0.000001574,0.001252109,-0.002734632,,0,
1786043644670159521,1786043644.666917962,/novatel/oem7/odom,/novatel/oem7/fix,/novatel/oem7/odom,39.663,-75.756,-1.801365985,0.001261500,-0.002730313,0.001260453,-0.000051375,-0.002730313,,,
1786043644675567427,1786043644.674684085,/novatel/oem7/odom,/novatel/oem7/fix,/novatel/oem7/odom,39.663,-75.756,-1.801365985,0.001261500,-0.002730313,0.001260453,-0.000051375,-0.002730313,,,
1786043644686692336,1786043644.685408234,/novatel/oem7/inspva,/novatel/oem7/inspva,/novatel/oem7/inspva,39.663,-75.756,-1.801382480,0.002591840,-0.001666325,-0.001431916,0.002160382,-0.001666325,,novatel_oem7_msgs.msg.InertialSolutionStatus(status=3),
1786043644688663185,1786043644.685813798,/novatel/oem7/fix,/novatel/oem7/fix,/novatel/oem7/inspva,39.663,-75.756,-1.801382480,0.002591840,-0.001666325,-0.001431916,0.002160382,-0.001666325,,0,
1786043644689890611,1786043644.686710720,/novatel/oem7/odom,/novatel/oem7/fix,/novatel/oem7/odom,39.663,-75.756,-1.801382480,0.002594191,-0.001662662,0.002095668,-0.001529054,-0.001662662,,,
1786043644696136879,1786043644.695500785,/novatel/oem7/odom,/novatel/oem7/fix,/novatel/oem7/odom,39.663,-75.756,-1.801382480,0.002594191,-0.001662662,0.002095668,-0.001529054,-0.001662662,,,
1786043644706538648,1786043644.705965215,/novatel/oem7/inspva,/novatel/oem7/inspva,/novatel/oem7/inspva,39.663,-75.756,-1.801400297,0.002294613,-0.001163603,-0.001055024,0.002037688,-0.001163603,,novatel_oem7_msgs.msg.InertialSolutionStatus(status=3),
1786043644707966842,1786043644.706168147,/novatel/oem7/fix,/novatel/oem7/fix,/novatel/oem7/inspva,39.663,-75.756,-1.801400297,0.002294613,-0.001163603,-0.001055024,0.002037688,-0.001163603,,0,
1786043644709065606,1786043644.706729606,/novatel/oem7/odom,/novatel/oem7/fix,/novatel/oem7/odom,39.663,-75.756,-1.801400297,0.002296739,-0.001159400,0.001989276,-0.001147951,-0.001159400,,,
1786043644710633101,1786043644.709510730,/novatel/oem7/bestpos,/novatel/oem7/bestpos,/novatel/oem7/odom,39.663,-75.756,33.181139200,0.002296739,-0.001159400,0.001989276,-0.001147951,-0.001159400,,novatel_oem7_msgs.msg.SolutionStatus(status=0),novatel_oem7_msgs.msg.PositionOrVelocityType(type=53)
1786043644712054155,1786043644.710009229,/novatel/oem7/bestvel,/novatel/oem7/bestpos,/novatel/oem7/bestvel,39.663,-75.756,33.181139200,0.001896579,-0.001393847,,,,104.597478859,novatel_oem7_msgs.msg.SolutionStatus(status=0),novatel_oem7_msgs.msg.PositionOrVelocityType(type=53)
1786043644715628690,1786043644.714591460,/novatel/oem7/odom,/novatel/oem7/bestpos,/novatel/oem7/odom,39.663,-75.756,33.181139200,0.002296739,-0.001159400,0.001989276,-0.001147951,-0.001159400,,,
1786043644727222467,1786043644.726664542,/novatel/oem7/inspva,/novatel/oem7/inspva,/novatel/oem7/inspva,39.663,-75.756,-1.801425253,0.001107435,-0.001146941,0.000621375,0.000916682,-0.001146941,,novatel_oem7_msgs.msg.InertialSolutionStatus(status=3),
1786043644728610291,1786043644.726890264,/novatel/oem7/fix,/novatel/oem7/fix,/novatel/oem7/inspva,39.663,-75.756,-1.801425253,0.001107435,-0.001146941,0.000621375,0.000916682,-0.001146941,,0,
1786043644729682712,1786043644.727407672,/novatel/oem7/odom,/novatel/oem7/fix,/novatel/oem7/odom,39.663,-75.756,-1.801425253,0.001112377,-0.001142149,0.000949309,0.000579822,-0.001142149,,,
1786043644735665597,1786043644.734972804,/novatel/oem7/odom,/novatel/oem7/fix,/novatel/oem7/odom,39.663,-75.756,-1.801425253,0.001112377,-0.001142149,0.000949309,0.000579822,-0.001142149,,,
1786043644745821873,1786043644.744960678,/novatel/oem7/inspva,/novatel/oem7/inspva,/novatel/oem7/inspva,39.663,-75.756,-1.801448264,0.001255423,-0.002266908,0.000513676,0.001145523,-0.002266908,,novatel_oem7_msgs.msg.InertialSolutionStatus(status=3),
1786043644747483956,1786043644.745211130,/novatel/oem7/fix,/novatel/oem7/fix,/novatel/oem7/inspva,39.663,-75.756,-1.801448264,0.001255423,-0.002266908,0.000513676,0.001145523,-0.002266908,,0,
1786043644748668758,1786043644.745974025,/novatel/oem7/odom,/novatel/oem7/fix,/novatel/oem7/odom,39.663,-75.756,-1.801448264,0.001264914,-0.002261625,0.001176703,0.000464088,-0.002261625,,,
1786043644756982016,1786043644.755993130,/novatel/oem7/odom,/novatel/oem7/fix,/novatel/oem7/odom,39.663,-75.756,-1.801448264,0.001264914,-0.002261625,0.001176703,0.000464088,-0.002261625,,,
1786043644766288137,1786043644.765418142,/novatel/oem7/inspva,/novatel/oem7/inspva,/novatel/oem7/inspva,39.663,-75.756,-1.801471425,0.002676537,-0.002216999,-0.001687861,0.002077252,-0.002216999,,novatel_oem7_msgs.msg.InertialSolutionStatus(status=3),
1786043644768226246,1786043644.765800099,/novatel/oem7/fix,/novatel/oem7/fix,/novatel/oem7/inspva,39.663,-75.756,-1.801471425,0.002676537,-0.002216999,-0.001687861,0.002077252,-0.002216999,,0,
1786043644770992760,1786043644.766531290,/novatel/oem7/odom,/novatel/oem7/fix,/novatel/oem7/odom,39.663,-75.756,-1.801471425,0.002678752,-0.002214322,0.002002375,-0.001779384,-0.002214322,,,
1786043644775653199,1786043644.774967389,/novatel/oem7/odom,/novatel/oem7/fix,/novatel/oem7/odom,39.663,-75.756,-1.801471425,0.002678752,-0.002214322,0.002002375,-0.001779384,-0.002214322,,,
1786043644787190102,1786043644.786106941,/novatel/oem7/inspva,/novatel/oem7/inspva,/novatel/oem7/inspva,39.663,-75.756,-1.801482436,0.003542579,-0.001405708,-0.001516248,0.003201696,-0.001405708,,novatel_oem7_msgs.msg.InertialSolutionStatus(status=3),
1786043644788968870,1786043644.786485519,/novatel/oem7/fix,/novatel/oem7/fix,/novatel/oem7/inspva,39.663,-75.756,-1.801482436,0.003542579,-0.001405708,-0.001516248,0.003201696,-0.001405708,,0,
1786043644790169298,1786043644.787103378,/novatel/oem7/odom,/novatel/oem7/fix,/novatel/oem7/odom,39.663,-75.756,-1.801482436,0.003545316,-0.001398790,0.003130830,-0.001663479,-0.001398790,,,
1786043644795561758,1786043644.794867654,/novatel/oem7/odom,/novatel/oem7/fix,/novatel/oem7/odom,39.663,-75.756,-1.801482436,0.003545316,-0.001398790,0.003130830,-0.001663479,-0.001398790,,,
1786043644806925783,1786043644.806347159,/novatel/oem7/inspva,/novatel/oem7/inspva,/novatel/oem7/inspva,39.663,-75.756,-1.801508083,0.001402410,-0.001216281,0.000542782,0.001293114,-0.001216281,,novatel_oem7_msgs.msg.InertialSolutionStatus(status=3),
1786043644808389800,1786043644.806481620,/novatel/oem7/fix,/novatel/oem7/fix,/novatel/oem7/inspva,39.663,-75.756,-1.801508083,0.001402410,-0.001216281,0.000542782,0.001293114,-0.001216281,,0,
1786043644809568125,1786043644.807046274,/novatel/oem7/odom,/novatel/oem7/fix,/novatel/oem7/odom,39.663,-75.756,-1.801508083,0.001407544,-0.001210337,0.001321866,0.000483581,-0.001210337,,,
1786043644811186011,1786043644.809888104,/novatel/oem7/bestpos,/novatel/oem7/bestpos,/novatel/oem7/odom,39.663,-75.756,33.181014722,0.001407544,-0.001210337,0.001321866,0.000483581,-0.001210337,,novatel_oem7_msgs.msg.SolutionStatus(status=0),novatel_oem7_msgs.msg.PositionOrVelocityType(type=53)
1786043644812223315,1786043644.810245793,/novatel/oem7/bestvel,/novatel/oem7/bestpos,/novatel/oem7/bestvel,39.663,-75.756,33.181014722,0.003835426,-0.002497618,,,,82.118043584,novatel_oem7_msgs.msg.SolutionStatus(status=0),novatel_oem7_msgs.msg.PositionOrVelocityType(type=53)
1786043644815951353,1786043644.815499457,/novatel/oem7/odom,/novatel/oem7/bestpos,/novatel/oem7/odom,39.663,-75.756,33.181014722,0.001407544,-0.001210337,0.001321866,0.000483581,-0.001210337,,,
1786043644825926373,1786043644.825203834,/novatel/oem7/inspva,/novatel/oem7/inspva,/novatel/oem7/inspva,39.663,-75.756,-1.801538336,0.001446689,-0.001876224,0.000898287,0.001134015,-0.001876224,,novatel_oem7_msgs.msg.InertialSolutionStatus(status=3),
1786043644826938677,1786043644.825408810,/novatel/oem7/fix,/novatel/oem7/fix,/novatel/oem7/inspva,39.663,-75.756,-1.801538336,0.001446689,-0.001876224,0.000898287,0.001134015,-0.001876224,,0,
1786043644827801151,1786043644.826063947,/novatel/oem7/odom,/novatel/oem7/fix,/novatel/oem7/odom,39.663,-75.756,-1.801538336,0.001454744,-0.001869986,0.001182110,0.000847878,-0.001869986,,,
1786043644835163858,1786043644.834587137,/novatel/oem7/odom,/novatel/oem7/fix,/novatel/oem7/odom,39.663,-75.756,-1.801538336,0.001454744,-0.001869986,0.001182110,0.000847878,-0.001869986,,,
1786043644847567122,1786043644.846789661,/novatel/oem7/inspva,/novatel/oem7/inspva,/novatel/oem7/inspva,39.663,-75.756,-1.801566996,0.002824062,-0.002841424,-0.001065716,0.002615258,-0.002841424,,novatel_oem7_msgs.msg.InertialSolutionStatus(status=3),
1786043644848611768,1786043644.846997563,/novatel/oem7/fix,/novatel/oem7/fix,/novatel/oem7/inspva,39.663,-75.756,-1.801566996,0.002824062,-0.002841424,-0.001065716,0.002615258,-0.002841424,,0,
1786043644849233220,1786043644.847823704,/novatel/oem7/odom,/novatel/oem7/fix,/novatel/oem7/odom,39.663,-75.756,-1.801566996,0.002830229,-0.002835281,0.002571578,-0.001182024,-0.002835281,,,
1786043644857492603,1786043644.856654974,/novatel/oem7/odom,/novatel/oem7/fix,/novatel/oem7/odom,39.663,-75.756,-1.801566996,0.002830229,-0.002835281,0.002571578,-0.001182024,-0.002835281,,,
1786043644865832755,1786043644.865204273,/novatel/oem7/inspva,/novatel/oem7/inspva,/novatel/oem7/inspva,39.663,-75.756,-1.801586363,0.001730507,-0.002346215,-0.000788719,0.001540317,-0.002346215,,novatel_oem7_msgs.msg.InertialSolutionStatus(status=3),
1786043644866725645,1786043644.865414497,/novatel/oem7/fix,/novatel/oem7/fix,/novatel/oem7/inspva,39.663,-75.756,-1.801586363,0.001730507,-0.002346215,-0.000788719,0.001540317,-0.002346215,,0,
1786043644867505505,1786043644.866028312,/novatel/oem7/odom,/novatel/oem7/fix,/novatel/oem7/odom,39.663,-75.756,-1.801586363,0.001734926,-0.002342949,0.001509386,-0.000855408,-0.002342949,,,
1786043644876061694,1786043644.875577629,/novatel/oem7/odom,/novatel/oem7/fix,/novatel/oem7/odom,39.663,-75.756,-1.801586363,0.001734926,-0.002342949,0.001509386,-0.000855408,-0.002342949,,,
1786043644886455096,1786043644.885576735,/novatel/oem7/inspva,/novatel/oem7/inspva,/novatel/oem7/inspva,39.663,-75.756,-1.801614481,0.002333736,-0.001339797,0.000351433,0.002307124,-0.001339797,,novatel_oem7_msgs.msg.InertialSolutionStatus(status=3),
1786043644887500919,1786043644.885819848,/novatel/oem7/fix,/novatel/oem7/fix,/novatel/oem7/inspva,39.663,-75.756,-1.801614481,0.002333736,-0.001339797,0.000351433,0.002307124,-0.001339797,,0,
1786043644888056124,1786043644.886532654,/novatel/oem7/odom,/novatel/oem7/fix,/novatel/oem7/odom,39.663,-75.756,-1.801614481,0.002338773,-0.001330985,0.002325953,0.000244546,-0.001330985,,,
1786043644895302899,1786043644.894939273,/novatel/oem7/odom,/novatel/oem7/fix,/novatel/oem7/odom,39.663,-75.756,-1.801614481,0.002338773,-0.001330985,0.002325953,0.000244546,-0.001330985,,,
1786043644906205832,1786043644.905861371,/novatel/oem7/inspva,/novatel/oem7/inspva,/novatel/oem7/inspva,39.663,-75.756,-1.801636846,0.002015323,-0.000831888,0.000278350,0.001996008,-0.000831888,,novatel_oem7_msgs.msg.InertialSolutionStatus(status=3),
1786043644906901340,1786043644.905982039,/novatel/oem7/fix,/novatel/oem7/fix,/novatel/oem7/inspva,39.663,-75.756,-1.801636846,0.002015323,-0.000831888,0.000278350,0.001996008,-0.000831888,,0,
1786043644907681192,1786043644.906626011,/novatel/oem7/odom,/novatel/oem7/fix,/novatel/oem7/odom,39.663,-75.756,-1.801636846,0.002018474,-0.000824213,0.002009970,0.000185090,-0.000824213,,,
1786043644909968340,1786043644.909250111,/novatel/oem7/bestpos,/novatel/oem7/bestpos,/novatel/oem7/odom,39.663,-75.756,33.180895648,0.002018474,-0.000824213,0.002009970,0.000185090,-0.000824213,,novatel_oem7_msgs.msg.SolutionStatus(status=0),novatel_oem7_msgs.msg.PositionOrVelocityType(type=53)
1786043644911459358,1786043644.909614683,/novatel/oem7/bestvel,/novatel/oem7/bestpos,/novatel/oem7/bestvel,39.663,-75.756,33.180895648,0.004414149,-0.002143717,,,,84.681377279,novatel_oem7_msgs.msg.SolutionStatus(status=0),novatel_oem7_msgs.msg.PositionOrVelocityType(type=53)
1786043644915315036,1786043644.914590159,/novatel/oem7/odom,/novatel/oem7/bestpos,/novatel/oem7/odom,39.663,-75.756,33.180895648,0.002018474,-0.000824213,0.002009970,0.000185090,-0.000824213,,,
1786043644926255213,1786043644.925409668,/novatel/oem7/inspva,/novatel/oem7/inspva,/novatel/oem7/inspva,39.663,-75.756,-1.801679206,0.000808393,-0.003820792,-0.000205474,0.000781844,-0.003820792,,novatel_oem7_msgs.msg.InertialSolutionStatus(status=3),
1786043644928073048,1786043644.925726685,/novatel/oem7/fix,/novatel/oem7/fix,/novatel/oem7/inspva,39.663,-75.756,-1.801679206,0.000808393,-0.003820792,-0.000205474,0.000781844,-0.003820792,,0,
1786043644929531702,1786043644.926143542,/novatel/oem7/odom,/novatel/oem7/fix,/novatel/oem7/odom,39.663,-75.756,-1.801679206,0.000818625,-0.003818613,0.000784714,-0.000233177,-0.003818613,,,
1786043644936668495,1786043644.935902001,/novatel/oem7/odom,/novatel/oem7/fix,/novatel/oem7/odom,39.663,-75.756,-1.801679206,0.000818625,-0.003818613,0.000784714,-0.000233177,-0.003818613,,,
1786043644946091751,1786043644.945332717,/novatel/oem7/inspva,/novatel/oem7/inspva,/novatel/oem7/inspva,39.663,-75.756,-1.801692861,0.001727671,-0.003144127,-0.000700153,0.001579441,-0.003144127,,novatel_oem7_msgs.msg.InertialSolutionStatus(status=3),
1786043644947764594,1786043644.945692877,/novatel/oem7/fix,/novatel/oem7/fix,/novatel/oem7/inspva,39.663,-75.756,-1.801692861,0.001727671,-0.003144127,-0.000700153,0.001579441,-0.003144127,,0,
1786043644949013620,1786043644.946107268,/novatel/oem7/odom,/novatel/oem7/fix,/novatel/oem7/odom,39.663,-75.756,-1.801692861,0.001734213,-0.003140523,0.001555431,-0.000766895,-0.003140523,,,
1786043644957086349,1786043644.956006862,/novatel/oem7/odom,/novatel/oem7/fix,/novatel/oem7/odom,39.663,-75.756,-1.801692861,0.001734213,-0.003140523,0.001555431,-0.000766895,-0.003140523,,,
1786043644966713863,1786043644.965995130,/novatel/oem7/inspva,/novatel/oem7/inspva,/novatel/oem7/inspva,39.663,-75.756,-1.801707129,0.002944549,-0.000472823,-0.000113976,0.002942342,-0.000472823,,novatel_oem7_msgs.msg.InertialSolutionStatus(status=3),
1786043644968522238,1786043644.966257599,/novatel/oem7/fix,/novatel/oem7/fix,/novatel/oem7/inspva,39.663,-75.756,-1.801707129,0.002944549,-0.000472823,-0.000113976,0.002942342,-0.000472823,,0,
1786043644970156084,1786043644.966923885,/novatel/oem7/odom,/novatel/oem7/fix,/novatel/oem7/odom,39.663,-75.756,-1.801707129,0.002946123,-0.000462915,0.002935264,-0.000252710,-0.000462915,,,
1786043644976164213,1786043644.975350872,/novatel/oem7/odom,/novatel/oem7/fix,/novatel/oem7/odom,39.663,-75.756,-1.801707129,0.002946123,-0.000462915,0.002935264,-0.000252710,-0.000462915,,,
1786043644986411234,1786043644.985173648,/novatel/oem7/inspva,/novatel/oem7/inspva,/novatel/oem7/inspva,39.663,-75.756,-1.801731832,0.002350687,-0.000533014,-0.000189195,0.002343061,-0.000533014,,novatel_oem7_msgs.msg.InertialSolutionStatus(status=3),
1786043644988514684,1786043644.985414327,/novatel/oem7/fix,/novatel/oem7/fix,/novatel/oem7/inspva,39.663,-75.756,-1.801731832,0.002350687,-0.000533014,-0.000189195,0.002343061,-0.000533014,,0,
1786043644989949318,1786043644.985918049,/novatel/oem7/odom,/novatel/oem7/fix,/novatel/oem7/odom,39.663,-75.756,-1.801731832,0.002352397,-0.000525413,0.002333294,-0.000299185,-0.000525413,,,
1786043644996479332,1786043644.995641397,/novatel/oem7/odom,/novatel/oem7/fix,/novatel/oem7/odom,39.663,-75.756,-1.801731832,0.002352397,-0.000525413,0.002333294,-0.000299185,-0.000525413,,,
1786043645010338188,1786043645.009791000,/novatel/oem7/inspva,/novatel/oem7/inspva,/novatel/oem7/inspva,39.663,-75.756,-1.801779080,0.001715442,-0.003759233,0.000736893,0.001549107,-0.003759233,,novatel_oem7_msgs.msg.InertialSolutionStatus(status=3),
1786043645011958747,1786043645.009994048,/novatel/oem7/fix,/novatel/oem7/fix,/novatel/oem7/inspva,39.663,-75.756,-1.801779080,0.001715442,-0.003759233,0.000736893,0.001549107,-0.003759233,,0,
1786043645013295357,1786043645.011193474,/novatel/oem7/odom,/novatel/oem7/fix,/novatel/oem7/odom,39.663,-75.756,-1.801779080,0.001731251,-0.003751979,0.001595761,0.000671400,-0.003751979,,,
1786043645017370714,1786043645.016238529,/novatel/oem7/odom,/novatel/oem7/fix,/novatel/oem7/odom,39.663,-75.756,-1.801779080,0.001731251,-0.003751979,0.001595761,0.000671400,-0.003751979,,,
1786043645024876158,1786043645.024055433,/novatel/oem7/bestpos,/novatel/oem7/bestpos,/novatel/oem7/odom,39.663,-75.756,33.180794035,0.001731251,-0.003751979,0.001595761,0.000671400,-0.003751979,,novatel_oem7_msgs.msg.SolutionStatus(status=0),novatel_oem7_msgs.msg.PositionOrVelocityType(type=53)
1786043645026372346,1786043645.024451067,/novatel/oem7/bestvel,/novatel/oem7/bestpos,/novatel/oem7/bestvel,39.663,-75.756,33.180794035,0.002090183,-0.002884853,,,,119.133780335,novatel_oem7_msgs.msg.SolutionStatus(status=0),novatel_oem7_msgs.msg.PositionOrVelocityType(type=53)
1786043645028064049,1786043645.026681352,/novatel/oem7/inspva,/novatel/oem7/inspva,/novatel/oem7/inspva,39.663,-75.756,-1.801802970,0.001350170,-0.003825319,-0.000324950,0.001310483,-0.003825319,,novatel_oem7_msgs.msg.InertialSolutionStatus(status=3),
1786043645028928181,1786043645.026953301,/novatel/oem7/fix,/novatel/oem7/fix,/novatel/oem7/inspva,39.663,-75.756,-1.801802970,0.001350170,-0.003825319,-0.000324950,0.001310483,-0.003825319,,0,
1786043645029966504,1786043645.027336042,/novatel/oem7/odom,/novatel/oem7/fix,/novatel/oem7/odom,39.663,-75.756,-1.801802970,0.001360498,-0.003821658,0.001307029,-0.000377664,-0.003821658,,,
1786043645035312840,1786043645.034608826,/novatel/oem7/odom,/novatel/oem7/fix,/novatel/oem7/odom,39.663,-75.756,-1.801802970,0.001360498,-0.003821658,0.001307029,-0.000377664,-0.003821658,,,
1786043645046027502,1786043645.045267448,/novatel/oem7/inspva,/novatel/oem7/inspva,/novatel/oem7/inspva,39.663,-75.756,-1.801772341,0.004085233,-0.000544684,-0.000551742,0.004047803,-0.000544684,,novatel_oem7_msgs.msg.InertialSolutionStatus(status=3),
1786043645047648624,1786043645.045555887,/novatel/oem7/fix,/novatel/oem7/fix,/novatel/oem7/inspva,39.663,-75.756,-1.801772341,0.004085233,-0.000544684,-0.000551742,0.004047803,-0.000544684,,0,
1786043645048762968,1786043645.045996348,/novatel/oem7/odom,/novatel/oem7/fix,/novatel/oem7/odom,39.663,-75.756,-1.801772341,0.004086875,-0.000532224,0.004018875,-0.000742420,-0.000532224,,,
1786043645060875166,1786043645.056583218,/novatel/oem7/odom,/novatel/oem7/fix,/novatel/oem7/odom,39.663,-75.756,-1.801772341,0.004086875,-0.000532224,0.004018875,-0.000742420,-0.000532224,,,
1786043645069002471,1786043645.065374518,/novatel/oem7/inspva,/novatel/oem7/inspva,/novatel/oem7/inspva,39.663,-75.756,-1.801745538,0.002284508,-0.000659460,-0.000285721,0.002266570,-0.000659460,,novatel_oem7_msgs.msg.InertialSolutionStatus(status=3),
1786043645073739433,1786043645.065663691,/novatel/oem7/fix,/novatel/oem7/fix,/novatel/oem7/inspva,39.663,-75.756,-1.801745538,0.002284508,-0.000659460,-0.000285721,0.002266570,-0.000659460,,0,
1786043645076285337,1786043645.066143263,/novatel/oem7/odom,/novatel/oem7/fix,/novatel/oem7/odom,39.663,-75.756,-1.801745538,0.002286550,-0.000652345,0.002252756,-0.000391664,-0.000652345,,,
1786043645078164013,1786043645.074626990,/novatel/oem7/odom,/novatel/oem7/fix,/novatel/oem7/odom,39.663,-75.756,-1.801745538,0.002286550,-0.000652345,0.002252756,-0.000391664,-0.000652345,,,
1786043645087491489,1786043645.086830849,/novatel/oem7/inspva,/novatel/oem7/inspva,/novatel/oem7/inspva,39.663,-75.756,-1.801737144,0.002023826,-0.002467188,0.001719694,0.001067018,-0.002467188,,novatel_oem7_msgs.msg.InertialSolutionStatus(status=3),
1786043645088529991,1786043645.087117942,/novatel/oem7/fix,/novatel/oem7/fix,/novatel/oem7/inspva,39.663,-75.756,-1.801737144,0.002023826,-0.002467188,0.001719694,0.001067018,-0.002467188,,0,
1786043645089199607,1786043645.087659637,/novatel/oem7/odom,/novatel/oem7/fix,/novatel/oem7/odom,39.663,-75.756,-1.801737144,0.002033645,-0.002459101,0.001156287,0.001672935,-0.002459101,,,
1786043645095574324,1786043645.095131847,/novatel/oem7/odom,/novatel/oem7/fix,/novatel/oem7/odom,39.663,-75.756,-1.801737144,0.002033645,-0.002459101,0.001156287,0.001672935,-0.002459101,,,
1786043645106759361,1786043645.105861839,/novatel/oem7/inspva,/novatel/oem7/inspva,/novatel/oem7/inspva,39.663,-75.756,-1.801709456,0.001789160,-0.002836409,0.000462326,0.001728395,-0.002836409,,novatel_oem7_msgs.msg.InertialSolutionStatus(status=3),
1786043645108049778,1786043645.106116278,/novatel/oem7/fix,/novatel/oem7/fix,/novatel/oem7/inspva,39.663,-75.756,-1.801709456,0.001789160,-0.002836409,0.000462326,0.001728395,-0.002836409,,0,
1786043645108783364,1786043645.106541302,/novatel/oem7/odom,/novatel/oem7/fix,/novatel/oem7/odom,39.663,-75.756,-1.801709456,0.001800410,-0.002829282,0.001758454,0.000386415,-0.002829282,,,
1786043645110020210,1786043645.109437664,/novatel/oem7/bestpos,/novatel/oem7/bestpos,/novatel/oem7/odom,39.663,-75.756,33.180858229,0.001800410,-0.002829282,0.001758454,0.000386415,-0.002829282,,novatel_oem7_msgs.msg.SolutionStatus(status=0),novatel_oem7_msgs.msg.PositionOrVelocityType(type=53)
1786043645111650670,1786043645.109986809,/novatel/oem7/bestvel,/novatel/oem7/bestpos,/novatel/oem7/bestvel,39.663,-75.756,33.180858229,0.001872173,-0.002785309,,,,81.929653479,novatel_oem7_msgs.msg.SolutionStatus(status=0),novatel_oem7_msgs.msg.PositionOrVelocityType(type=53)
1786043645116701291,1786043645.115511063,/novatel/oem7/odom,/novatel/oem7/bestpos,/novatel/oem7/odom,39.663,-75.756,33.180858229,0.001800410,-0.002829282,0.001758454,0.000386415,-0.002829282,,,
1786043645128396319,1786043645.125435208,/novatel/oem7/inspva,/novatel/oem7/inspva,/novatel/oem7/inspva,39.663,-75.756,-1.801674928,0.003507267,-0.001181988,-0.001397483,0.003216825,-0.001181988,,novatel_oem7_msgs.msg.InertialSolutionStatus(status=3),
1786043645135304646,1786043645.125758861,/novatel/oem7/fix,/novatel/oem7/fix,/novatel/oem7/inspva,39.663,-75.756,-1.801674928,0.003507267,-0.001181988,-0.001397483,0.003216825,-0.001181988,,0,
1786043645141038811,1786043645.126388337,/novatel/oem7/odom,/novatel/oem7/fix,/novatel/oem7/odom,39.663,-75.756,-1.801674928,0.003509740,-0.001174624,0.003150861,-0.001546074,-0.001174624,,,
1786043645143524645,1786043645.134942404,/novatel/oem7/odom,/novatel/oem7/fix,/novatel/oem7/odom,39.663,-75.756,-1.801674928,0.003509740,-0.001174624,0.003150861,-0.001546074,-0.001174624,,,
1786043645147082179,1786043645.146135491,/novatel/oem7/inspva,/novatel/oem7/inspva,/novatel/oem7/inspva,39.663,-75.756,-1.801643226,0.002321627,-0.000373849,-0.000663522,0.002224790,-0.000373849,,novatel_oem7_msgs.msg.InertialSolutionStatus(status=3),
1786043645148503853,1786043645.146513691,/novatel/oem7/fix,/novatel/oem7/fix,/novatel/oem7/inspva,39.663,-75.756,-1.801643226,0.002321627,-0.000373849,-0.000663522,0.002224790,-0.000373849,,0,
1786043645150065687,1786043645.146956692,/novatel/oem7/odom,/novatel/oem7/fix,/novatel/oem7/odom,39.663,-75.756,-1.801643226,0.002322573,-0.000367923,0.002192021,-0.000767717,-0.000367923,,,
1786043645157636602,1786043645.156258520,/novatel/oem7/odom,/novatel/oem7/fix,/novatel/oem7/odom,39.663,-75.756,-1.801643226,0.002322573,-0.000367923,0.002192021,-0.000767717,-0.000367923,,,
1786043645166192293,1786043645.165418233,/novatel/oem7/inspva,/novatel/oem7/inspva,/novatel/oem7/inspva,39.663,-75.756,-1.801632083,0.001629395,-0.001594737,0.001477638,0.000686669,-0.001594737,,novatel_oem7_msgs.msg.InertialSolutionStatus(status=3),
1786043645167796401,1786043645.165763120,/novatel/oem7/fix,/novatel/oem7/fix,/novatel/oem7/inspva,39.663,-75.756,-1.801632083,0.001629395,-0.001594737,0.001477638,0.000686669,-0.001594737,,0,
1786043645168983334,1786043645.166554781,/novatel/oem7/odom,/novatel/oem7/fix,/novatel/oem7/odom,39.663,-75.756,-1.801632083,0.001635426,-0.001588551,0.000761817,0.001447154,-0.001588551,,,
1786043645176254226,1786043645.175552766,/novatel/oem7/odom,/novatel/oem7/fix,/novatel/oem7/odom,39.663,-75.756,-1.801632083,0.001635426,-0.001588551,0.000761817,0.001447154,-0.001588551,,,
1786043645186007952,1786043645.185149064,/novatel/oem7/inspva,/novatel/oem7/inspva,/novatel/oem7/inspva,39.663,-75.756,-1.801607866,0.001417014,-0.002859406,0.000573240,0.001295888,-0.002859406,,novatel_oem7_msgs.msg.InertialSolutionStatus(status=3),
1786043645187335378,1786043645.185382693,/novatel/oem7/fix,/novatel/oem7/fix,/novatel/oem7/inspva,39.663,-75.756,-1.801607866,0.001417014,-0.002859406,0.000573240,0.001295888,-0.002859406,,0,
1786043645188156756,1786043645.185906018,/novatel/oem7/odom,/novatel/oem7/fix,/novatel/oem7/odom,39.663,-75.756,-1.801607866,0.001428971,-0.002853450,0.001331818,0.000517897,-0.002853450,,,
1786043645194929468,1786043645.194404004,/novatel/oem7/odom,/novatel/oem7/fix,/novatel/oem7/odom,39.663,-75.756,-1.801607866,0.001428971,-0.002853450,0.001331818,0.000517897,-0.002853450,,,
1786043645206924865,1786043645.206525827,/novatel/oem7/inspva,/novatel/oem7/inspva,/novatel/oem7/inspva,39.663,-75.756,-1.801589101,0.003034403,-0.002144538,-0.001257912,0.002761387,-0.002144538,,novatel_oem7_msgs.msg.InertialSolutionStatus(status=3),
1786043645207941442,1786043645.206759163,/novatel/oem7/fix,/novatel/oem7/fix,/novatel/oem7/inspva,39.663,-75.756,-1.801589101,0.003034403,-0.002144538,-0.001257912,0.002761387,-0.002144538,,0,
1786043645208729027,1786043645.207253730,/novatel/oem7/odom,/novatel/oem7/fix,/novatel/oem7/odom,39.663,-75.756,-1.801589101,0.003038735,-0.002138396,0.002705971,-0.001382618,-0.002138396,,,
1786043645210875732,1786043645.210326674,/novatel/oem7/bestpos,/novatel/oem7/bestpos,/novatel/oem7/odom,39.663,-75.756,33.180978789,0.003038735,-0.002138396,0.002705971,-0.001382618,-0.002138396,,novatel_oem7_msgs.msg.SolutionStatus(status=0),novatel_oem7_msgs.msg.PositionOrVelocityType(type=53)
1786043645211911154,1786043645.210804812,/novatel/oem7/bestvel,/novatel/oem7/bestpos,/novatel/oem7/bestvel,39.663,-75.756,33.180978789,0.002417851,-0.001429835,,,,132.279602887,novatel_oem7_msgs.msg.SolutionStatus(status=0),novatel_oem7_msgs.msg.PositionOrVelocityType(type=53)
1786043645216643718,1786043645.215125908,/novatel/oem7/odom,/novatel/oem7/bestpos,/novatel/oem7/odom,39.663,-75.756,33.180978789,0.003038735,-0.002138396,0.002705971,-0.001382618,-0.002138396,,,
1786043645225828976,1786043645.225033659,/novatel/oem7/inspva,/novatel/oem7/inspva,/novatel/oem7/inspva,39.663,-75.756,-1.801558186,0.002568849,-0.000977089,-0.001121094,0.002311306,-0.000977089,,novatel_oem7_msgs.msg.InertialSolutionStatus(status=3),
1786043645227475089,1786043645.225279850,/novatel/oem7/fix,/novatel/oem7/fix,/novatel/oem7/inspva,39.663,-75.756,-1.801558186,0.002568849,-0.000977089,-0.001121094,0.002311306,-0.000977089,,0,
1786043645228679518,1786043645.225901167,/novatel/oem7/odom,/novatel/oem7/fix,/novatel/oem7/odom,39.663,-75.756,-1.801558186,0.002570718,-0.000972161,0.002258783,-0.001227391,-0.000972161,,,
1786043645236308013,1786043645.235531381,/novatel/oem7/odom,/novatel/oem7/fix,/novatel/oem7/odom,39.663,-75.756,-1.801558186,0.002570718,-0.000972161,0.002258783,-0.001227391,-0.000972161,,,
1786043645246357007,1786043645.245347857,/novatel/oem7/inspva,/novatel/oem7/inspva,/novatel/oem7/inspva,39.663,-75.756,-1.801545576,0.001153495,-0.000904035,0.000628361,0.000967323,-0.000904035,,novatel_oem7_msgs.msg.InertialSolutionStatus(status=3),
1786043645248250910,1786043645.245629397,/novatel/oem7/fix,/novatel/oem7/fix,/novatel/oem7/inspva,39.663,-75.756,-1.801545576,0.001153495,-0.000904035,0.000628361,0.000967323,-0.000904035,,0,
1786043645249726334,1786043645.246185323,/novatel/oem7/odom,/novatel/oem7/fix,/novatel/oem7/odom,39.663,-75.756,-1.801545576,0.001157356,-0.000899087,0.000999322,0.000583806,-0.000899087,,,
1786043645257677728,1786043645.256674752,/novatel/oem7/odom,/novatel/oem7/fix,/novatel/oem7/odom,39.663,-75.756,-1.801545576,0.001157356,-0.000899087,0.000999322,0.000583806,-0.000899087,,,
1786043645265932423,1786043645.265094731,/novatel/oem7/inspva,/novatel/oem7/inspva,/novatel/oem7/inspva,39.663,-75.756,-1.801523406,0.000905710,-0.001747647,0.000514702,0.000745246,-0.001747647,,novatel_oem7_msgs.msg.InertialSolutionStatus(status=3),
1786043645267820885,1786043645.265383034,/novatel/oem7/fix,/novatel/oem7/fix,/novatel/oem7/inspva,39.663,-75.756,-1.801523406,0.000905710,-0.001747647,0.000514702,0.000745246,-0.001747647,,0,
1786043645269515811,1786043645.265996204,/novatel/oem7/odom,/novatel/oem7/fix,/novatel/oem7/odom,39.663,-75.756,-1.801523406,0.000913191,-0.001743750,0.000775069,0.000482893,-0.001743750,,,
1786043645275651459,1786043645.274918656,/novatel/oem7/odom,/novatel/oem7/fix,/novatel/oem7/odom,39.663,-75.756,-1.801523406,0.000913191,-0.001743750,0.000775069,0.000482893,-0.001743750,,,
1786043645286669343,1786043645.285496531,/novatel/oem7/inspva,/novatel/oem7/inspva,/novatel/oem7/inspva,39.663,-75.756,-1.801512656,0.002383868,-0.002633541,-0.001254025,0.002027375,-0.002633541,,novatel_oem7_msgs.msg.InertialSolutionStatus(status=3),
1786043645288865614,1786043645.285800978,/novatel/oem7/fix,/novatel/oem7/fix,/novatel/oem7/inspva,39.663,-75.756,-1.801512656,0.002383868,-0.002633541,-0.001254025,0.002027375,-0.002633541,,0,
1786043645290552368,1786043645.286549962,/novatel/oem7/odom,/novatel/oem7/fix,/novatel/oem7/odom,39.663,-75.756,-1.801512656,0.002387868,-0.002629914,0.001974622,-0.001342678,-0.002629914,,,
1786043645295994078,1786043645.295161940,/novatel/oem7/odom,/novatel/oem7/fix,/novatel/oem7/odom,39.663,-75.756,-1.801512656,0.002387868,-0.002629914,0.001974622,-0.001342678,-0.002629914,,,
1786043645306731327,1786043645.306146864,/novatel/oem7/inspva,/novatel/oem7/inspva,/novatel/oem7/inspva,39.663,-75.756,-1.801477171,0.002596906,-0.001480110,-0.001462672,0.002145812,-0.001480110,,novatel_oem7_msgs.msg.InertialSolutionStatus(status=3),
1786043645308195711,1786043645.306323779,/novatel/oem7/fix,/novatel/oem7/fix,/novatel/oem7/inspva,39.663,-75.756,-1.801477171,0.002596906,-0.001480110,-0.001462672,0.002145812,-0.001480110,,0,
1786043645309397126,1786043645.306819694,/novatel/oem7/odom,/novatel/oem7/fix,/novatel/oem7/odom,39.663,-75.756,-1.801477171,0.002598897,-0.001476612,0.002078999,-0.001559496,-0.001476612,,,
1786043645311122950,1786043645.310342565,/novatel/oem7/bestpos,/novatel/oem7/bestpos,/novatel/oem7/odom,39.663,-75.756,33.181095931,0.002598897,-0.001476612,0.002078999,-0.001559496,-0.001476612,,novatel_oem7_msgs.msg.SolutionStatus(status=0),novatel_oem7_msgs.msg.PositionOrVelocityType(type=53)
1786043645312914914,1786043645.310789150,/novatel/oem7/bestvel,/novatel/oem7/bestpos,/novatel/oem7/bestvel,39.663,-75.756,33.181095931,0.001949990,-0.001078924,,,,137.077420731,novatel_oem7_msgs.msg.SolutionStatus(status=0),novatel_oem7_msgs.msg.PositionOrVelocityType(type=53)
1786043645315599810,1786043645.314679695,/novatel/oem7/odom,/novatel/oem7/bestpos,/novatel/oem7/odom,39.663,-75.756,33.181095931,0.002598897,-0.001476612,0.002078999,-0.001559496,-0.001476612,,,
1786043645325986609,1786043645.325374163,/novatel/oem7/inspva,/novatel/oem7/inspva,/novatel/oem7/inspva,39.663,-75.756,-1.801450697,0.001535816,0.000008509,-0.000568816,0.001426597,0.000008509,,novatel_oem7_msgs.msg.InertialSolutionStatus(status=3),
1786043645327400669,1786043645.325615095,/novatel/oem7/fix,/novatel/oem7/fix,/novatel/oem7/inspva,39.663,-75.756,-1.801450697,0.001535816,0.000008509,-0.000568816,0.001426597,0.000008509,,0,
1786043645328524484,1786043645.326197894,/novatel/oem7/odom,/novatel/oem7/fix,/novatel/oem7/odom,39.663,-75.756,-1.801450697,0.001535793,0.000011939,0.001397885,-0.000636065,0.000011939,,,
1786043645336366141,1786043645.335677471,/novatel/oem7/odom,/novatel/oem7/fix,/novatel/oem7/odom,39.663,-75.756,-1.801450697,0.001535793,0.000011939,0.001397885,-0.000636065,0.000011939,,,
1786043645346616871,1786043645.345354133,/novatel/oem7/inspva,/novatel/oem7/inspva,/novatel/oem7/inspva,39.663,-75.756,-1.801426224,0.001210682,-0.000902472,0.000123428,0.001204374,-0.000902472,,novatel_oem7_msgs.msg.InertialSolutionStatus(status=3),
1786043645348957214,1786043645.345658882,/novatel/oem7/fix,/novatel/oem7/fix,/novatel/oem7/inspva,39.663,-75.756,-1.801426224,0.001210682,-0.000902472,0.000123428,0.001204374,-0.000902472,,0,
1786043645350633087,1786043645.346213927,/novatel/oem7/odom,/novatel/oem7/fix,/novatel/oem7/odom,39.663,-75.756,-1.801426224,0.001213985,-0.000898024,0.001212069,0.000068175,-0.000898024,,,
1786043645356874606,1786043645.355938283,/novatel/oem7/odom,/novatel/oem7/fix,/novatel/oem7/odom,39.663,-75.756,-1.801426224,0.001213985,-0.000898024,0.001212069,0.000068175,-0.000898024,,,
1786043645367143053,1786043645.366574747,/novatel/oem7/inspva,/novatel/oem7/inspva,/novatel/oem7/inspva,39.663,-75.756,-1.801418045,0.002045874,-0.002642836,-0.001105889,0.001721223,-0.002642836,,novatel_oem7_msgs.msg.InertialSolutionStatus(status=3),
1786043645368608027,1786043645.366729912,/novatel/oem7/fix,/novatel/oem7/fix,/novatel/oem7/inspva,39.663,-75.756,-1.801418045,0.002045874,-0.002642836,-0.001105889,0.001721223,-0.002642836,,0,
1786043645369902683,1786043645.367125409,/novatel/oem7/odom,/novatel/oem7/fix,/novatel/oem7/odom,39.663,-75.756,-1.801418045,0.002049715,-0.002639857,0.001675915,-0.001180103,-0.002639857,,,
1786043645375651286,1786043645.374790614,/novatel/oem7/odom,/novatel/oem7/fix,/novatel/oem7/odom,39.663,-75.756,-1.801418045,0.002049715,-0.002639857,0.001675915,-0.001180103,-0.002639857,,,
1786043645385689445,1786043645.385004242,/novatel/oem7/inspva,/novatel/oem7/inspva,/novatel/oem7/inspva,39.663,-75.756,-1.801383756,0.002408923,-0.002107760,-0.001318288,0.002016191,-0.002107760,,novatel_oem7_msgs.msg.InertialSolutionStatus(status=3),
1786043645387138806,1786043645.385200270,/novatel/oem7/fix,/novatel/oem7/fix,/novatel/oem7/inspva,39.663,-75.756,-1.801383756,0.002408923,-0.002107760,-0.001318288,0.002016191,-0.002107760,,0,
1786043645388302177,1786043645.385536340,/novatel/oem7/odom,/novatel/oem7/fix,/novatel/oem7/odom,39.663,-75.756,-1.801383756,0.002411942,-0.002104304,0.001958608,-0.001407594,-0.002104304,,,
1786043645395458620,1786043645.394731400,/novatel/oem7/odom,/novatel/oem7/fix,/novatel/oem7/odom,39.663,-75.756,-1.801383756,0.002411942,-0.002104304,0.001958608,-0.001407594,-0.002104304,,,
1786043645407050234,1786043645.406408908,/novatel/oem7/inspva,/novatel/oem7/inspva,/novatel/oem7/inspva,39.663,-75.756,-1.801362730,0.002997025,-0.000650376,-0.001523096,0.002581150,-0.000650376,,novatel_oem7_msgs.msg.InertialSolutionStatus(status=3),
1786043645408597499,1786043645.406578283,/novatel/oem7/fix,/novatel/oem7/fix,/novatel/oem7/inspva,39.663,-75.756,-1.801362730,0.002997025,-0.000650376,-0.001523096,0.002581150,-0.000650376,,0,
1786043645409839055,1786043645.407021858,/novatel/oem7/odom,/novatel/oem7/fix,/novatel/oem7/odom,39.663,-75.756,-1.801362730,0.002998073,-0.000645524,0.002508075,-0.001642560,-0.000645524,,,
1786043645411575315,1786043645.410098098,/novatel/oem7/bestpos,/novatel/oem7/bestpos,/novatel/oem7/odom,39.663,-75.756,33.181199754,0.002998073,-0.000645524,0.002508075,-0.001642560,-0.000645524,,novatel_oem7_msgs.msg.SolutionStatus(status=0),novatel_oem7_msgs.msg.PositionOrVelocityType(type=53)
1786043645412654246,1786043645.410515572,/novatel/oem7/bestvel,/novatel/oem7/bestpos,/novatel/oem7/bestvel,39.663,-75.756,33.181199754,0.002864152,-0.001188269,,,,105.308972418,novatel_oem7_msgs.msg.SolutionStatus(status=0),novatel_oem7_msgs.msg.PositionOrVelocityType(type=53)
1786043645415614732,1786043645.414899775,/novatel/oem7/odom,/novatel/oem7/bestpos,/novatel/oem7/odom,39.663,-75.756,33.181199754,0.002998073,-0.000645524,0.002508075,-0.001642560,-0.000645524,,,
1786043645426803228,1786043645.426189829,/novatel/oem7/inspva,/novatel/oem7/inspva,/novatel/oem7/inspva,39.663,-75.756,-1.801339745,0.001973419,-0.000486213,-0.000747278,0.001826461,-0.000486213,,novatel_oem7_msgs.msg.InertialSolutionStatus(status=3),
1786043645428292923,1786043645.426359637,/novatel/oem7/fix,/novatel/oem7/fix,/novatel/oem7/inspva,39.663,-75.756,-1.801339745,0.001973419,-0.000486213,-0.000747278,0.001826461,-0.000486213,,0,
1786043645429521715,1786043645.426848922,/novatel/oem7/odom,/novatel/oem7/fix,/novatel/oem7/odom,39.663,-75.756,-1.801339745,0.001974472,-0.000481917,0.001790563,-0.000832122,-0.000481917,,,
1786043645435992955,1786043645.434842484,/novatel/oem7/odom,/novatel/oem7/fix,/novatel/oem7/odom,39.663,-75.756,-1.801339745,0.001974472,-0.000481917,0.001790563,-0.000832122,-0.000481917,,,
1786043645446169882,1786043645.445370650,/novatel/oem7/inspva,/novatel/oem7/inspva,/novatel/oem7/inspva,39.663,-75.756,-1.801340639,0.001548531,-0.002903616,-0.000917002,0.001247820,-0.002903616,,novatel_oem7_msgs.msg.InertialSolutionStatus(status=3),
1786043645448208135,1786043645.445600849,/novatel/oem7/fix,/novatel/oem7/fix,/novatel/oem7/inspva,39.663,-75.756,-1.801340639,0.001548531,-0.002903616,-0.000917002,0.001247820,-0.002903616,,0,
1786043645449696616,1786043645.446321043,/novatel/oem7/odom,/novatel/oem7/fix,/novatel/oem7/odom,39.663,-75.756,-1.801340639,0.001552038,-0.002901743,0.001212953,-0.000968280,-0.002901743,,,
1786043645457748408,1786043645.456655765,/novatel/oem7/odom,/novatel/oem7/fix,/novatel/oem7/odom,39.663,-75.756,-1.801340639,0.001552038,-0.002901743,0.001212953,-0.000968280,-0.002901743,,,
1786043645467436160,1786043645.465354093,/novatel/oem7/inspva,/novatel/oem7/inspva,/novatel/oem7/inspva,39.663,-75.756,-1.801307177,0.001926491,-0.002606610,-0.000851058,0.001728314,-0.002606610,,novatel_oem7_msgs.msg.InertialSolutionStatus(status=3),
1786043645469224478,1786043645.465713667,/novatel/oem7/fix,/novatel/oem7/fix,/novatel/oem7/inspva,39.663,-75.756,-1.801307177,0.001926491,-0.002606610,-0.000851058,0.001728314,-0.002606610,,0,
1786043645470560307,1786043645.466674116,/novatel/oem7/odom,/novatel/oem7/fix,/novatel/oem7/odom,39.663,-75.756,-1.801307177,0.001552034,-0.002901745,0.001212942,-0.000968287,-0.002901745,,,
1786043645475387615,1786043645.474605661,/novatel/oem7/odom,/novatel/oem7/fix,/novatel/oem7/odom,39.663,-75.756,-1.801307177,0.001931433,-0.002602951,0.001694988,-0.000925986,-0.002602951,,,
1786043645487997945,1786043645.487246485,/novatel/oem7/inspva,/novatel/oem7/inspva,/novatel/oem7/inspva,39.663,-75.756,-1.801281306,0.003211542,-0.000510831,-0.002239824,0.002301563,-0.000510831,,novatel_oem7_msgs.msg.InertialSolutionStatus(status=3),
1786043645489500090,1786043645.487493077,/novatel/oem7/fix,/novatel/oem7/fix,/novatel/oem7/inspva,39.663,-75.756,-1.801281306,0.003211542,-0.000510831,-0.002239824,0.002301563,-0.000510831,,0,
1786043645490692842,1786043645.487861371,/novatel/oem7/odom,/novatel/oem7/fix,/novatel/oem7/odom,39.663,-75.756,-1.801281306,0.003211873,-0.000508748,0.002194228,-0.002345525,-0.000508748,,,
1786043645495916780,1786043645.495217993,/novatel/oem7/odom,/novatel/oem7/fix,/novatel/oem7/odom,39.663,-75.756,-1.801281306,0.003211873,-0.000508748,0.002194228,-0.002345525,-0.000508748,,,
1786043645507130473,1786043645.506111753,/novatel/oem7/inspva,/novatel/oem7/inspva,/novatel/oem7/inspva,39.663,-75.756,-1.801256017,0.003096147,-0.000352933,-0.001430256,0.002745997,-0.000352933,,novatel_oem7_msgs.msg.InertialSolutionStatus(status=3),
1786043645509019642,1786043645.506441813,/novatel/oem7/fix,/novatel/oem7/fix,/novatel/oem7/inspva,39.663,-75.756,-1.801256017,0.003096147,-0.000352933,-0.001430256,0.002745997,-0.000352933,,0,
1786043645510645544,1786043645.506891621,/novatel/oem7/odom,/novatel/oem7/fix,/novatel/oem7/odom,39.663,-75.756,-1.801256017,0.003096780,-0.000347336,0.002676107,-0.001558365,-0.000347336,,,
1786043645513198806,1786043645.511726581,/novatel/oem7/bestpos,/novatel/oem7/bestpos,/novatel/oem7/odom,39.663,-75.756,33.181317165,0.003096780,-0.000347336,0.002676107,-0.001558365,-0.000347336,,novatel_oem7_msgs.msg.SolutionStatus(status=0),novatel_oem7_msgs.msg.PositionOrVelocityType(type=53)
1786043645515514848,1786043645.512641380,/novatel/oem7/bestvel,/novatel/oem7/bestpos,/novatel/oem7/bestvel,39.663,-75.756,33.181317165,0.003087975,-0.001066400,,,,98.773974831,novatel_oem7_msgs.msg.SolutionStatus(status=0),novatel_oem7_msgs.msg.PositionOrVelocityType(type=53)
1786043645517619119,1786043645.514865746,/novatel/oem7/odom,/novatel/oem7/bestpos,/novatel/oem7/odom,39.663,-75.756,33.181317165,0.003096780,-0.000347336,0.002676107,-0.001558365,-0.000347336,,,
1786043645526093062,1786043645.525216107,/novatel/oem7/inspva,/novatel/oem7/inspva,/novatel/oem7/inspva,39.663,-75.756,-1.801253838,0.000802415,-0.002084586,-0.000634628,0.000491036,-0.002084586,,novatel_oem7_msgs.msg.InertialSolutionStatus(status=3),
1786043645527842583,1786043645.525454336,/novatel/oem7/fix,/novatel/oem7/fix,/novatel/oem7/inspva,39.663,-75.756,-1.801253838,0.000802415,-0.002084586,-0.000634628,0.000491036,-0.002084586,,0,
1786043645529037075,1786043645.525979601,/novatel/oem7/odom,/novatel/oem7/fix,/novatel/oem7/odom,39.663,-75.756,-1.801253838,0.000802572,-0.002084525,0.000467667,-0.000652234,-0.002084525,,,
1786043645536349870,1786043645.535020854,/novatel/oem7/odom,/novatel/oem7/fix,/novatel/oem7/odom,39.663,-75.756,-1.801253838,0.000802572,-0.002084525,0.000467667,-0.000652234,-0.002084525,,,
1786043645547139169,1786043645.546128506,/novatel/oem7/inspva,/novatel/oem7/inspva,/novatel/oem7/inspva,39.663,-75.756,-1.801226390,0.000932207,-0.003099444,-0.000592915,0.000719348,-0.003099444,,novatel_oem7_msgs.msg.InertialSolutionStatus(status=3),
1786043645549098415,1786043645.546440692,/novatel/oem7/fix,/novatel/oem7/fix,/novatel/oem7/inspva,39.663,-75.756,-1.801226390,0.000932207,-0.003099444,-0.000592915,0.000719348,-0.003099444,,0,
1786043645550813155,1786043645.546983857,/novatel/oem7/odom,/novatel/oem7/fix,/novatel/oem7/odom,39.663,-75.756,-1.801226390,0.000935337,-0.003098501,0.000701205,-0.000619005,-0.003098501,,,
1786043645556503298,1786043645.555716720,/novatel/oem7/odom,/novatel/oem7/fix,/novatel/oem7/odom,39.663,-75.756,-1.801226390,0.000935337,-0.003098501,0.000701205,-0.000619005,-0.003098501,,,
1786043645566863116,1786043645.565343577,/novatel/oem7/inspva,/novatel/oem7/inspva,/novatel/oem7/inspva,39.663,-75.756,-1.801194312,0.003066342,-0.000604444,-0.002293439,0.002035336,-0.000604444,,novatel_oem7_msgs.msg.InertialSolutionStatus(status=3),
1786043645569523105,1786043645.565713385,/novatel/oem7/fix,/novatel/oem7/fix,/novatel/oem7/inspva,39.663,-75.756,-1.801194312,0.003066342,-0.000604444,-0.002293439,0.002035336,-0.000604444,,0,
1786043645571294423,1786043645.566529403,/novatel/oem7/odom,/novatel/oem7/fix,/novatel/oem7/odom,39.663,-75.756,-1.801194312,0.003066533,-0.000603477,0.001926095,-0.002386165,-0.000603477,,,
1786043645576635452,1786043645.575568998,/novatel/oem7/odom,/novatel/oem7/fix,/novatel/oem7/odom,39.663,-75.756,-1.801194312,0.003066533,-0.000603477,0.001926095,-0.002386165,-0.000603477,,,
1786043645585747498,1786043645.584980490,/novatel/oem7/inspva,/novatel/oem7/inspva,/novatel/oem7/inspva,39.663,-75.756,-1.801173168,0.002423652,-0.000318262,-0.001510467,0.001895410,-0.000318262,,novatel_oem7_msgs.msg.InertialSolutionStatus(status=3),
1786043645587204649,1786043645.585220646,/novatel/oem7/fix,/novatel/oem7/fix,/novatel/oem7/inspva,39.663,-75.756,-1.801173168,0.002423652,-0.000318262,-0.001510467,0.001895410,-0.000318262,,0,
1786043645588312133,1786043645.585735781,/novatel/oem7/odom,/novatel/oem7/fix,/novatel/oem7/odom,39.663,-75.756,-1.801173168,0.002423987,-0.000315705,0.001822541,-0.001598141,-0.000315705,,,
1786043645596234744,1786043645.595295651,/novatel/oem7/odom,/novatel/oem7/fix,/novatel/oem7/odom,39.663,-75.756,-1.801173168,0.002423987,-0.000315705,0.001822541,-0.001598141,-0.000315705,,,
1786043645607102317,1786043645.606333840,/novatel/oem7/inspva,/novatel/oem7/inspva,/novatel/oem7/inspva,39.663,-75.756,-1.801171705,0.000704220,-0.001630000,-0.000027397,0.000703687,-0.001630000,,novatel_oem7_msgs.msg.InertialSolutionStatus(status=3),
1786043645609097051,1786043645.606636376,/novatel/oem7/fix,/novatel/oem7/fix,/novatel/oem7/inspva,39.663,-75.756,-1.801171705,0.000704220,-0.001630000,-0.000027397,0.000703687,-0.001630000,,0,
1786043645610705326,1786043645.607408074,/novatel/oem7/odom,/novatel/oem7/fix,/novatel/oem7/odom,39.663,-75.756,-1.801171705,0.000709599,-0.001627666,0.000707313,-0.000056912,-0.001627666,,,
1786043645612909214,1786043645.610206831,/novatel/oem7/bestpos,/novatel/oem7/bestpos,/novatel/oem7/odom,39.663,-75.756,33.181413327,0.000709599,-0.001627666,0.000707313,-0.000056912,-0.001627666,,novatel_oem7_msgs.msg.SolutionStatus(status=0),novatel_oem7_msgs.msg.PositionOrVelocityType(type=53)
1786043645614238251,1786043645.610701552,/novatel/oem7/bestvel,/novatel/oem7/bestpos,/novatel/oem7/bestvel,39.663,-75.756,33.181413327,0.000515598,-0.001468451,,,,104.057805420,novatel_oem7_msgs.msg.SolutionStatus(status=0),novatel_oem7_msgs.msg.PositionOrVelocityType(type=53)
1786043645616414475,1786043645.615061692,/novatel/oem7/odom,/novatel/oem7/bestpos,/novatel/oem7/odom,39.663,-75.756,33.181413327,0.000709599,-0.001627666,0.000707313,-0.000056912,-0.001627666,,,
1786043645625825848,1786043645.625027633,/novatel/oem7/inspva,/novatel/oem7/inspva,/novatel/oem7/inspva,39.663,-75.756,-1.801148506,0.000618464,-0.002546471,-0.000212425,0.000580838,-0.002546471,,novatel_oem7_msgs.msg.InertialSolutionStatus(status=3),
1786043645627906818,1786043645.625249149,/novatel/oem7/fix,/novatel/oem7/fix,/novatel/oem7/inspva,39.663,-75.756,-1.801148506,0.000618464,-0.002546471,-0.000212425,0.000580838,-0.002546471,,0,
1786043645629186034,1786043645.625692040,/novatel/oem7/odom,/novatel/oem7/fix,/novatel/oem7/odom,39.663,-75.756,-1.801148506,0.000624439,-0.002545013,0.000579058,-0.000233701,-0.002545013,,,
1786043645636199086,1786043645.635414554,/novatel/oem7/odom,/novatel/oem7/fix,/novatel/oem7/odom,39.663,-75.756,-1.801148506,0.000624439,-0.002545013,0.000579058,-0.000233701,-0.002545013,,,
1786043645645940232,1786043645.645226751,/novatel/oem7/inspva,/novatel/oem7/inspva,/novatel/oem7/inspva,39.663,-75.756,-1.801137222,0.002646964,-0.002028783,-0.002491923,0.000892602,-0.002028783,,novatel_oem7_msgs.msg.InertialSolutionStatus(status=3),
1786043645647774900,1786043645.645500491,/novatel/oem7/fix,/novatel/oem7/fix,/novatel/oem7/inspva,39.663,-75.756,-1.801137222,0.002646964,-0.002028783,-0.002491923,0.000892602,-0.002028783,,0,
1786043645649087746,1786043645.645970789,/novatel/oem7/odom,/novatel/oem7/fix,/novatel/oem7/odom,39.663,-75.756,-1.801137222,0.002644396,-0.002032130,0.000780231,-0.002526671,-0.002032130,,,
1786043645657397728,1786043645.656509258,/novatel/oem7/odom,/novatel/oem7/fix,/novatel/oem7/odom,39.663,-75.756,-1.801137222,0.002644396,-0.002032130,0.000780231,-0.002526671,-0.002032130,,,
1786043645667143296,1786043645.666223917,/novatel/oem7/inspva,/novatel/oem7/inspva,/novatel/oem7/inspva,39.663,-75.756,-1.801121906,0.003293047,-0.001238853,-0.002088690,0.002545886,-0.001238853,,novatel_oem7_msgs.msg.InertialSolutionStatus(status=3),
1786043645669508866,1786043645.666518504,/novatel/oem7/fix,/novatel/oem7/fix,/novatel/oem7/inspva,39.663,-75.756,-1.801121906,0.003293047,-0.001238853,-0.002088690,0.002545886,-0.001238853,,0,
1786043645671232513,1786043645.667050069,/novatel/oem7/odom,/novatel/oem7/fix,/novatel/oem7/odom,39.663,-75.756,-1.801121906,0.003294244,-0.001235669,0.002447999,-0.002204391,-0.001235669,,,
1786043645675466645,1786043645.674537478,/novatel/oem7/odom,/novatel/oem7/fix,/novatel/oem7/odom,39.663,-75.756,-1.801121906,0.003294244,-0.001235669,0.002447999,-0.002204391,-0.001235669,,,
1786043645685676915,1786043645.685135910,/novatel/oem7/inspva,/novatel/oem7/inspva,/novatel/oem7/inspva,39.663,-75.756,-1.801121727,0.000394249,-0.001278425,-0.000390147,0.000056722,-0.001278425,,novatel_oem7_msgs.msg.InertialSolutionStatus(status=3),
1786043645687110272,1786043645.685283228,/novatel/oem7/fix,/novatel/oem7/fix,/novatel/oem7/inspva,39.663,-75.756,-1.801121727,0.000394249,-0.001278425,-0.000390147,0.000056722,-0.001278425,,0,
1786043645688269330,1786043645.685715559,/novatel/oem7/odom,/novatel/oem7/fix,/novatel/oem7/odom,39.663,-75.756,-1.801121727,0.000391656,-0.001279222,0.000042632,-0.000389329,-0.001279222,,,
1786043645696253099,1786043645.695547988,/novatel/oem7/odom,/novatel/oem7/fix,/novatel/oem7/odom,39.663,-75.756,-1.801121727,0.000391656,-0.001279222,0.000042632,-0.000389329,-0.001279222,,,
1786043645706461126,1786043645.705891023,/novatel/oem7/inspva,/novatel/oem7/inspva,/novatel/oem7/inspva,39.663,-75.756,-1.801103593,0.000199534,-0.002193701,-0.000099741,0.000172817,-0.002193701,,novatel_oem7_msgs.msg.InertialSolutionStatus(status=3),
1786043645707852106,1786043645.706052605,/novatel/oem7/fix,/novatel/oem7/fix,/novatel/oem7/inspva,39.663,-75.756,-1.801103593,0.000199534,-0.002193701,-0.000099741,0.000172817,-0.002193701,,0,
1786043645708983277,1786043645.706517040,/novatel/oem7/odom,/novatel/oem7/fix,/novatel/oem7/odom,39.663,-75.756,-1.801103593,0.000203316,-0.002193354,0.000175545,-0.000102574,-0.002193354,,,
1786043645710587636,1786043645.709238416,/novatel/oem7/bestpos,/novatel/oem7/bestpos,/novatel/oem7/odom,39.663,-75.756,33.181494006,0.000203316,-0.002193354,0.000175545,-0.000102574,-0.002193354,,novatel_oem7_msgs.msg.SolutionStatus(status=0),novatel_oem7_msgs.msg.PositionOrVelocityType(type=53)
1786043645712047684,1786043645.710037884,/novatel/oem7/bestvel,/novatel/oem7/bestpos,/novatel/oem7/bestvel,39.663,-75.756,33.181494006,0.000656315,-0.001654079,,,,224.125008580,novatel_oem7_msgs.msg.SolutionStatus(status=0),novatel_oem7_msgs.msg.PositionOrVelocityType(type=53)
1786043645715076590,1786043645.714433457,/novatel/oem7/odom,/novatel/oem7/bestpos,/novatel/oem7/odom,39.663,-75.756,33.181494006,0.000203316,-0.002193354,0.000175545,-0.000102574,-0.002193354,,,
1786043645727509042,1786043645.726798585,/novatel/oem7/inspva,/novatel/oem7/inspva,/novatel/oem7/inspva,39.663,-75.756,-1.801104709,0.002742176,-0.002456727,-0.002358798,0.001398427,-0.002456727,,novatel_oem7_msgs.msg.InertialSolutionStatus(status=3),
1786043645729474312,1786043645.727004534,/novatel/oem7/fix,/novatel/oem7/fix,/novatel/oem7/inspva,39.663,-75.756,-1.801104709,0.002742176,-0.002456727,-0.002358798,0.001398427,-0.002456727,,0,
1786043645730974047,1786043645.727598930,/novatel/oem7/odom,/novatel/oem7/fix,/novatel/oem7/odom,39.663,-75.756,-1.801104709,0.002740928,-0.002458118,0.001293208,-0.002416672,-0.002458118,,,
1786043645736336472,1786043645.735304692,/novatel/oem7/odom,/novatel/oem7/fix,/novatel/oem7/odom,39.663,-75.756,-1.801104709,0.002740928,-0.002458118,0.001293208,-0.002416672,-0.002458118,,,
1786043645746021070,1786043645.745244333,/novatel/oem7/inspva,/novatel/oem7/inspva,/novatel/oem7/inspva,39.663,-75.756,-1.801080092,0.003032756,-0.001464361,-0.002254521,0.002028483,-0.001464361,,novatel_oem7_msgs.msg.InertialSolutionStatus(status=3),
1786043645747852152,1786043645.745487475,/novatel/oem7/fix,/novatel/oem7/fix,/novatel/oem7/inspva,39.663,-75.756,-1.801080092,0.003032756,-0.001464361,-0.002254521,0.002028483,-0.001464361,,0,
1786043645748958383,1786043645.746193302,/novatel/oem7/odom,/novatel/oem7/fix,/novatel/oem7/odom,39.663,-75.756,-1.801080092,0.003033214,-0.001463412,0.001924052,-0.002344869,-0.001463412,,,
1786043645757277631,1786043645.756011885,/novatel/oem7/odom,/novatel/oem7/fix,/novatel/oem7/odom,39.663,-75.756,-1.801080092,0.003033214,-0.001463412,0.001924052,-0.002344869,-0.001463412,,,
1786043645766549122,1786043645.765536806,/novatel/oem7/inspva,/novatel/oem7/inspva,/novatel/oem7/inspva,39.663,-75.756,-1.801065543,0.000739902,0.000158143,-0.000719207,0.000173771,0.000158143,,novatel_oem7_msgs.msg.InertialSolutionStatus(status=3),
1786043645768678186,1786043645.765830619,/novatel/oem7/fix,/novatel/oem7/fix,/novatel/oem7/inspva,39.663,-75.756,-1.801065543,0.000739902,0.000158143,-0.000719207,0.000173771,0.000158143,,0,
1786043645770466064,1786043645.766469208,/novatel/oem7/odom,/novatel/oem7/fix,/novatel/oem7/odom,39.663,-75.756,-1.801065543,0.000740175,0.000156857,0.000138806,-0.000727044,0.000156857,,,
1786043645776084659,1786043645.775096996,/novatel/oem7/odom,/novatel/oem7/fix,/novatel/oem7/odom,39.663,-75.756,-1.801065543,0.000740175,0.000156857,0.000138806,-0.000727044,0.000156857,,,
1786043645787133408,1786043645.786326230,/novatel/oem7/inspva,/novatel/oem7/inspva,/novatel/oem7/inspva,39.663,-75.756,-1.801044426,0.000472273,-0.001020259,-0.000471623,-0.000024754,-0.001020259,,novatel_oem7_msgs.msg.InertialSolutionStatus(status=3),
1786043645788814734,1786043645.786595618,/novatel/oem7/fix,/novatel/oem7/fix,/novatel/oem7/inspva,39.663,-75.756,-1.801044426,0.000472273,-0.001020259,-0.000471623,-0.000024754,-0.001020259,,0,
1786043645790028446,1786043645.787164798,/novatel/oem7/odom,/novatel/oem7/fix,/novatel/oem7/odom,39.663,-75.756,-1.801044426,0.000469493,-0.001021542,-0.000043564,-0.000467467,-0.001021542,,,
1786043645795642774,1786043645.794597121,/novatel/oem7/odom,/novatel/oem7/fix,/novatel/oem7/odom,39.663,-75.756,-1.801044426,0.000469493,-0.001021542,-0.000043564,-0.000467467,-0.001021542,,,
1786043645807366896,1786043645.806622759,/novatel/oem7/inspva,/novatel/oem7/inspva,/novatel/oem7/inspva,39.663,-75.756,-1.801050396,0.001791663,-0.003032160,-0.001683483,0.000613142,-0.003032160,,novatel_oem7_msgs.msg.InertialSolutionStatus(status=3),
1786043645809195707,1786043645.806921872,/novatel/oem7/fix,/novatel/oem7/fix,/novatel/oem7/inspva,39.663,-75.756,-1.801050396,0.001791663,-0.003032160,-0.001683483,0.000613142,-0.003032160,,0,
1786043645810702385,1786043645.807620245,/novatel/oem7/odom,/novatel/oem7/fix,/novatel/oem7/odom,39.663,-75.756,-1.801050396,0.001787877,-0.003034394,0.000542943,-0.001703443,-0.003034394,,,
1786043645812877303,1786043645.810483210,/novatel/oem7/bestpos,/novatel/oem7/bestpos,/novatel/oem7/odom,39.663,-75.756,33.181556013,0.001787877,-0.003034394,0.000542943,-0.001703443,-0.003034394,,novatel_oem7_msgs.msg.SolutionStatus(status=0),novatel_oem7_msgs.msg.PositionOrVelocityType(type=53)
1786043645814171373,1786043645.811016195,/novatel/oem7/bestvel,/novatel/oem7/bestpos,/novatel/oem7/bestvel,39.663,-75.756,33.181556013,0.001943746,-0.002421078,,,,189.117749478,novatel_oem7_msgs.msg.SolutionStatus(status=0),novatel_oem7_msgs.msg.PositionOrVelocityType(type=53)
1786043645816220456,1786043645.815531579,/novatel/oem7/odom,/novatel/oem7/bestpos,/novatel/oem7/odom,39.663,-75.756,33.181556013,0.001787877,-0.003034394,0.000542943,-0.001703443,-0.003034394,,,
1786043645826681516,1786043645.825091026,/novatel/oem7/inspva,/novatel/oem7/inspva,/novatel/oem7/inspva,39.663,-75.756,-1.801033371,0.002516431,-0.002238533,-0.002171510,0.001271601,-0.002238533,,novatel_oem7_msgs.msg.InertialSolutionStatus(status=3),
1786043645829007138,1786043645.825471867,/novatel/oem7/fix,/novatel/oem7/fix,/novatel/oem7/inspva,39.663,-75.756,-1.801033371,0.002516431,-0.002238533,-0.002171510,0.001271601,-0.002238533,,0,
1786043645830786899,1786043645.826063300,/novatel/oem7/odom,/novatel/oem7/fix,/novatel/oem7/odom,39.663,-75.756,-1.801033371,0.001787803,-0.003034437,0.000542973,-0.001703356,-0.003034437,,,
1786043645835510935,1786043645.834533690,/novatel/oem7/odom,/novatel/oem7/fix,/novatel/oem7/odom,39.663,-75.756,-1.801033371,0.002515244,-0.002239867,0.001174712,-0.002224073,-0.002239867,,,
1786043645847460626,1786043645.846675392,/novatel/oem7/inspva,/novatel/oem7/inspva,/novatel/oem7/inspva,39.663,-75.756,-1.801015255,0.001159801,0.000485770,-0.001002099,0.000583898,0.000485770,,novatel_oem7_msgs.msg.InertialSolutionStatus(status=3),
1786043645849246887,1786043645.846902067,/novatel/oem7/fix,/novatel/oem7/fix,/novatel/oem7/inspva,39.663,-75.756,-1.801015255,0.001159801,0.000485770,-0.001002099,0.000583898,0.000485770,,0,
1786043645851514829,1786043645.847261951,/novatel/oem7/odom,/novatel/oem7/fix,/novatel/oem7/odom,39.663,-75.756,-1.801015255,0.001160070,0.000485126,0.000533871,-0.001029925,0.000485126,,,
1786043645857588915,1786043645.856596415,/novatel/oem7/odom,/novatel/oem7/fix,/novatel/oem7/odom,39.663,-75.756,-1.801015255,0.001160070,0.000485126,0.000533871,-0.001029925,0.000485126,,,
1786043645865875626,1786043645.865042192,/novatel/oem7/inspva,/novatel/oem7/inspva,/novatel/oem7/inspva,39.663,-75.756,-1.801013460,0.000809369,-0.000506223,-0.000617000,-0.000523822,-0.000506223,,novatel_oem7_msgs.msg.InertialSolutionStatus(status=3),
1786043645868003837,1786043645.865216350,/novatel/oem7/fix,/novatel/oem7/fix,/novatel/oem7/inspva,39.663,-75.756,-1.801013460,0.000809369,-0.000506223,-0.000617000,-0.000523822,-0.000506223,,0,
1786043645869511699,1786043645.865968537,/novatel/oem7/odom,/novatel/oem7/fix,/novatel/oem7/odom,39.663,-75.756,-1.801013460,0.000807259,-0.000509582,-0.000550785,-0.000590171,-0.000509582,,,
1786043645876613746,1786043645.875676036,/novatel/oem7/odom,/novatel/oem7/fix,/novatel/oem7/odom,39.663,-75.756,-1.801013460,0.000807259,-0.000509582,-0.000550785,-0.000590171,-0.000509582,,,
1786043645886141735,1786043645.885400447,/novatel/oem7/inspva,/novatel/oem7/inspva,/novatel/oem7/inspva,39.663,-75.756,-1.801040647,0.001362073,-0.003912689,-0.001273474,-0.000483224,-0.003912689,,novatel_oem7_msgs.msg.InertialSolutionStatus(status=3),
1786043645887871882,1786043645.885558171,/novatel/oem7/fix,/novatel/oem7/fix,/novatel/oem7/inspva,39.663,-75.756,-1.801040647,0.001362073,-0.003912689,-0.001273474,-0.000483224,-0.003912689,,0,
1786043645888967567,1786043645.886258553,/novatel/oem7/odom,/novatel/oem7/fix,/novatel/oem7/odom,39.663,-75.756,-1.801040647,0.001348113,-0.003917521,-0.000529692,-0.001239691,-0.003917521,,,
1786043645896231121,1786043645.895223948,/novatel/oem7/odom,/novatel/oem7/fix,/novatel/oem7/odom,39.663,-75.756,-1.801040647,0.001348113,-0.003917521,-0.000529692,-0.001239691,-0.003917521,,,
1786043645907119355,1786043645.906404039,/novatel/oem7/inspva,/novatel/oem7/inspva,/novatel/oem7/inspva,39.663,-75.756,-1.801029246,0.002108684,-0.002944419,-0.002074939,0.000375736,-0.002944419,,novatel_oem7_msgs.msg.InertialSolutionStatus(status=3),
1786043645909065534,1786043645.906548737,/novatel/oem7/fix,/novatel/oem7/fix,/novatel/oem7/inspva,39.663,-75.756,-1.801029246,0.002108684,-0.002944419,-0.002074939,0.000375736,-0.002944419,,0,
1786043645910708706,1786043645.907270626,/novatel/oem7/odom,/novatel/oem7/fix,/novatel/oem7/odom,39.663,-75.756,-1.801029246,0.002103013,-0.002948472,0.000286868,-0.002083356,-0.002948472,,,
1786043645912796554,1786043645.909990033,/novatel/oem7/bestpos,/novatel/oem7/bestpos,/novatel/oem7/odom,39.663,-75.756,33.181579510,0.002103013,-0.002948472,0.000286868,-0.002083356,-0.002948472,,novatel_oem7_msgs.msg.SolutionStatus(status=0),novatel_oem7_msgs.msg.PositionOrVelocityType(type=53)
1786043645913753873,1786043645.910584421,/novatel/oem7/bestvel,/novatel/oem7/bestpos,/novatel/oem7/bestvel,39.663,-75.756,33.181579510,0.002099861,-0.002454798,,,,198.619528760,novatel_oem7_msgs.msg.SolutionStatus(status=0),novatel_oem7_msgs.msg.PositionOrVelocityType(type=53)
1786043645915418410,1786043645.914593671,/novatel/oem7/odom,/novatel/oem7/bestpos,/novatel/oem7/odom,39.663,-75.756,33.181579510,0.002103013,-0.002948472,0.000286868,-0.002083356,-0.002948472,,,
1786043645926125835,1786043645.925408157,/novatel/oem7/inspva,/novatel/oem7/inspva,/novatel/oem7/inspva,39.663,-75.756,-1.801011049,0.002306375,0.000344575,-0.002044616,0.001067198,0.000344575,,novatel_oem7_msgs.msg.InertialSolutionStatus(status=3),
1786043645927710867,1786043645.925613851,/novatel/oem7/fix,/novatel/oem7/fix,/novatel/oem7/inspva,39.663,-75.756,-1.801011049,0.002306375,0.000344575,-0.002044616,0.001067198,0.000344575,,0,
1786043645928792368,1786043645.926193092,/novatel/oem7/odom,/novatel/oem7/fix,/novatel/oem7/odom,39.663,-75.756,-1.801011049,0.002306631,0.000342859,0.000967562,-0.002093888,0.000342859,,,
1786043645936247357,1786043645.935603424,/novatel/oem7/odom,/novatel/oem7/fix,/novatel/oem7/odom,39.663,-75.756,-1.801011049,0.002306631,0.000342859,0.000967562,-0.002093888,0.000342859,,,
1786043645945824131,1786043645.945124558,/novatel/oem7/inspva,/novatel/oem7/inspva,/novatel/oem7/inspva,39.663,-75.756,-1.801004620,0.001419083,0.000083111,-0.001252730,-0.000666682,0.000083111,,novatel_oem7_msgs.msg.InertialSolutionStatus(status=3),
1786043645947380826,1786043645.945357350,/novatel/oem7/fix,/novatel/oem7/fix,/novatel/oem7/inspva,39.663,-75.756,-1.801004620,0.001419083,0.000083111,-0.001252730,-0.000666682,0.000083111,,0,
1786043645948543865,1786043645.945779474,/novatel/oem7/odom,/novatel/oem7/fix,/novatel/oem7/odom,39.663,-75.756,-1.801004620,0.001419394,0.000077616,-0.000725780,-0.001219805,0.000077616,,,
1786043645956932530,1786043645.955842176,/novatel/oem7/odom,/novatel/oem7/fix,/novatel/oem7/odom,39.663,-75.756,-1.801004620,0.001419394,0.000077616,-0.000725780,-0.001219805,0.000077616,,,
1786043645966302592,1786043645.965527304,/novatel/oem7/inspva,/novatel/oem7/inspva,/novatel/oem7/inspva,39.663,-75.756,-1.801033247,0.001896692,-0.003307694,-0.000254434,-0.001879549,-0.003307694,,novatel_oem7_msgs.msg.InertialSolutionStatus(status=3),
1786043645968286968,1786043645.965842714,/novatel/oem7/fix,/novatel/oem7/fix,/novatel/oem7/inspva,39.663,-75.756,-1.801033247,0.001896692,-0.003307694,-0.000254434,-0.001879549,-0.003307694,,0,
1786043645970079666,1786043645.966344789,/novatel/oem7/odom,/novatel/oem7/fix,/novatel/oem7/odom,39.663,-75.756,-1.801033247,0.001884595,-0.003314602,-0.001878054,-0.000156870,-0.003314602,,,
1786043645975912243,1786043645.975002867,/novatel/oem7/odom,/novatel/oem7/fix,/novatel/oem7/odom,39.663,-75.756,-1.801033247,0.001884595,-0.003314602,-0.001878054,-0.000156870,-0.003314602,,,
1786043645986171371,1786043645.985012482,/novatel/oem7/inspva,/novatel/oem7/inspva,/novatel/oem7/inspva,39.663,-75.756,-1.801018582,0.001550582,-0.002948282,-0.001544327,-0.000139132,-0.002948282,,novatel_oem7_msgs.msg.InertialSolutionStatus(status=3),
1786043645987943431,1786043645.985381946,/novatel/oem7/fix,/novatel/oem7/fix,/novatel/oem7/inspva,39.663,-75.756,-1.801018582,0.001550582,-0.002948282,-0.001544327,-0.000139132,-0.002948282,,0,
1786043645989084592,1786043645.985969795,/novatel/oem7/odom,/novatel/oem7/fix,/novatel/oem7/odom,39.663,-75.756,-1.801018582,0.001542138,-0.002952707,-0.000202140,-0.001528833,-0.002952707,,,
1786043645996139155,1786043645.995479705,/novatel/oem7/odom,/novatel/oem7/fix,/novatel/oem7/odom,39.663,-75.756,-1.801018582,0.001542138,-0.002952707,-0.000202140,-0.001528833,-0.002952707,,,
1786043646008855966,1786043646.008301921,/novatel/oem7/inspva,/novatel/oem7/inspva,/novatel/oem7/inspva,39.663,-75.756,-1.801000382,0.003064314,-0.000049674,-0.002998571,0.000631340,-0.000049674,,novatel_oem7_msgs.msg.InertialSolutionStatus(status=3),
1786043646010346184,1786043646.008501976,/novatel/oem7/fix,/novatel/oem7/fix,/novatel/oem7/inspva,39.663,-75.756,-1.801000382,0.003064314,-0.000049674,-0.002998571,0.000631340,-0.000049674,,0,
1786043646012604893,1786043646.011436995,/novatel/oem7/odom,/novatel/oem7/fix,/novatel/oem7/odom,39.663,-75.756,-1.801000382,0.003064218,-0.000055259,0.000488236,-0.003025072,-0.000055259,,,
1786043646016781237,1786043646.015858355,/novatel/oem7/odom,/novatel/oem7/fix,/novatel/oem7/odom,39.663,-75.756,-1.801000382,0.003064218,-0.000055259,0.000488236,-0.003025072,-0.000055259,,,
1786043646025876883,1786043646.025110969,/novatel/oem7/bestpos,/novatel/oem7/bestpos,/novatel/oem7/odom,39.663,-75.756,33.181590544,0.003064218,-0.000055259,0.000488236,-0.003025072,-0.000055259,,novatel_oem7_msgs.msg.SolutionStatus(status=0),novatel_oem7_msgs.msg.PositionOrVelocityType(type=53)
1786043646027482326,1786043646.026447852,/novatel/oem7/bestvel,/novatel/oem7/bestpos,/novatel/oem7/bestvel,39.663,-75.756,33.181590544,0.003323370,-0.000193001,,,,161.140509890,novatel_oem7_msgs.msg.SolutionStatus(status=0),novatel_oem7_msgs.msg.PositionOrVelocityType(type=53)
1786043646028943830,1786043646.027504156,/novatel/oem7/inspva,/novatel/oem7/inspva,/novatel/oem7/inspva,39.663,-75.756,-1.801000712,0.002576653,-0.000833235,-0.002506183,0.000598490,-0.000833235,,novatel_oem7_msgs.msg.InertialSolutionStatus(status=3),
1786043646029928966,1786043646.027728675,/novatel/oem7/fix,/novatel/oem7/fix,/novatel/oem7/inspva,39.663,-75.756,-1.801000712,0.002576653,-0.000833235,-0.002506183,0.000598490,-0.000833235,,0,
1786043646031015011,1786043646.028239524,/novatel/oem7/odom,/novatel/oem7/fix,/novatel/oem7/odom,39.663,-75.756,-1.801000712,0.002575209,-0.000837687,0.000481572,-0.002529781,-0.000837687,,,
1786043646035477158,1786043646.034789891,/novatel/oem7/odom,/novatel/oem7/fix,/novatel/oem7/odom,39.663,-75.756,-1.801000712,0.002575209,-0.000837687,0.000481572,-0.002529781,-0.000837687,,,
1786043646046594147,1786043646.045650527,/novatel/oem7/inspva,/novatel/oem7/inspva,/novatel/oem7/inspva,39.663,-75.756,-1.800998801,0.001139883,-0.001984510,-0.000330294,-0.001090981,-0.001984510,,novatel_oem7_msgs.msg.InertialSolutionStatus(status=3),
1786043646048388994,1786043646.045896707,/novatel/oem7/fix,/novatel/oem7/fix,/novatel/oem7/inspva,39.663,-75.756,-1.800998801,0.001139883,-0.001984510,-0.000330294,-0.001090981,-0.001984510,,0,
1786043646050013743,1786043646.046472416,/novatel/oem7/odom,/novatel/oem7/fix,/novatel/oem7/odom,39.663,-75.756,-1.800998801,0.001131980,-0.001989028,-0.001098494,-0.000273297,-0.001989028,,,
1786043646057721786,1786043646.056710056,/novatel/oem7/odom,/novatel/oem7/fix,/novatel/oem7/odom,39.663,-75.756,-1.800998801,0.001131980,-0.001989028,-0.001098494,-0.000273297,-0.001989028,,,
1786043646065994100,1786043646.065246437,/novatel/oem7/inspva,/novatel/oem7/inspva,/novatel/oem7/inspva,39.663,-75.756,-1.800994926,0.001066570,-0.002430694,-0.000692093,-0.000811529,-0.002430694,,novatel_oem7_msgs.msg.InertialSolutionStatus(status=3),
1786043646067925169,1786043646.065525003,/novatel/oem7/fix,/novatel/oem7/fix,/novatel/oem7/inspva,39.663,-75.756,-1.800994926,0.001066570,-0.002430694,-0.000692093,-0.000811529,-0.002430694,,0,
1786043646069396774,1786043646.066160392,/novatel/oem7/odom,/novatel/oem7/fix,/novatel/oem7/odom,39.663,-75.756,-1.800994926,0.001056265,-0.002435190,-0.000835032,-0.000646852,-0.002435190,,,
1786043646075233845,1786043646.074545758,/novatel/oem7/odom,/novatel/oem7/fix,/novatel/oem7/odom,39.663,-75.756,-1.800994926,0.001056265,-0.002435190,-0.000835032,-0.000646852,-0.002435190,,,
1786043646087992553,1786043646.087112531,/novatel/oem7/inspva,/novatel/oem7/inspva,/novatel/oem7/inspva,39.663,-75.756,-1.800982135,0.002694120,-0.001567468,-0.002645501,0.000509516,-0.001567468,,novatel_oem7_msgs.msg.InertialSolutionStatus(status=3),
1786043646089689243,1786043646.087363037,/novatel/oem7/fix,/novatel/oem7/fix,/novatel/oem7/inspva,39.663,-75.756,-1.800982135,0.002694120,-0.001567468,-0.002645501,0.000509516,-0.001567468,,0,
1786043646090896445,1786043646.087956016,/novatel/oem7/odom,/novatel/oem7/fix,/novatel/oem7/odom,39.663,-75.756,-1.800982135,0.002691150,-0.001572562,0.000388610,-0.002662944,-0.001572562,,,
1786043646095822373,1786043646.095096353,/novatel/oem7/odom,/novatel/oem7/fix,/novatel/oem7/odom,39.663,-75.756,-1.800982135,0.002691150,-0.001572562,0.000388610,-0.002662944,-0.001572562,,,
1786043646106405574,1786043646.105840305,/novatel/oem7/inspva,/novatel/oem7/inspva,/novatel/oem7/inspva,39.663,-75.756,-1.800970944,0.002421772,-0.001208319,-0.002414384,0.000189018,-0.001208319,,novatel_oem7_msgs.msg.InertialSolutionStatus(status=3),
1786043646108294795,1786043646.106028323,/novatel/oem7/fix,/novatel/oem7/fix,/novatel/oem7/inspva,39.663,-75.756,-1.800970944,0.002421772,-0.001208319,-0.002414384,0.000189018,-0.001208319,,0,
1786043646109961642,1786043646.106561748,/novatel/oem7/odom,/novatel/oem7/fix,/novatel/oem7/odom,39.663,-75.756,-1.800970944,0.002419007,-0.001213845,0.000078253,-0.002417741,-0.001213845,,,
1786043646111642272,1786043646.109368853,/novatel/oem7/bestpos,/novatel/oem7/bestpos,/novatel/oem7/odom,39.663,-75.756,33.181618814,0.002419007,-0.001213845,0.000078253,-0.002417741,-0.001213845,,novatel_oem7_msgs.msg.SolutionStatus(status=0),novatel_oem7_msgs.msg.PositionOrVelocityType(type=53)
1786043646112674238,1786043646.109981129,/novatel/oem7/bestvel,/novatel/oem7/bestpos,/novatel/oem7/bestvel,39.663,-75.756,33.181618814,0.002951883,-0.000688735,,,,184.362782934,novatel_oem7_msgs.msg.SolutionStatus(status=0),novatel_oem7_msgs.msg.PositionOrVelocityType(type=53)
1786043646116289434,1786043646.115566214,/novatel/oem7/odom,/novatel/oem7/bestpos,/novatel/oem7/odom,39.663,-75.756,33.181618814,0.002419007,-0.001213845,0.000078253,-0.002417741,-0.001213845,,,
1786043646125873335,1786043646.125274302,/novatel/oem7/inspva,/novatel/oem7/inspva,/novatel/oem7/inspva,39.663,-75.756,-1.800967104,0.001018922,-0.000872126,-0.001009694,0.000136826,-0.000872126,,novatel_oem7_msgs.msg.InertialSolutionStatus(status=3),
1786043646127310106,1786043646.125499164,/novatel/oem7/fix,/novatel/oem7/fix,/novatel/oem7/inspva,39.663,-75.756,-1.800967104,0.001018922,-0.000872126,-0.001009694,0.000136826,-0.000872126,,0,
1786043646128417630,1786043646.126056907,/novatel/oem7/odom,/novatel/oem7/fix,/novatel/oem7/odom,39.663,-75.756,-1.800967104,0.001017086,-0.000874267,0.000091739,-0.001012940,-0.000874267,,,
1786043646135604167,1786043646.134868146,/novatel/oem7/odom,/novatel/oem7/fix,/novatel/oem7/odom,39.663,-75.756,-1.800967104,0.001017086,-0.000874267,0.000091739,-0.001012940,-0.000874267,,,
1786043646147436546,1786043646.146170154,/novatel/oem7/inspva,/novatel/oem7/inspva,/novatel/oem7/inspva,39.663,-75.756,-1.800961406,0.001028911,-0.001125790,-0.000815187,-0.000627797,-0.001125790,,novatel_oem7_msgs.msg.InertialSolutionStatus(status=3),
1786043646149854600,1786043646.146533458,/novatel/oem7/fix,/novatel/oem7/fix,/novatel/oem7/inspva,39.663,-75.756,-1.800961406,0.001028911,-0.001125790,-0.000815187,-0.000627797,-0.001125790,,0,
1786043646151562024,1786043646.147225921,/novatel/oem7/odom,/novatel/oem7/fix,/novatel/oem7/odom,39.663,-75.756,-1.800961406,0.001024258,-0.001130026,-0.000661861,-0.000781693,-0.001130026,,,
1786043646157076661,1786043646.156166242,/novatel/oem7/odom,/novatel/oem7/fix,/novatel/oem7/odom,39.663,-75.756,-1.800961406,0.001024258,-0.001130026,-0.000661861,-0.000781693,-0.001130026,,,
1786043646166232924,1786043646.165432243,/novatel/oem7/inspva,/novatel/oem7/inspva,/novatel/oem7/inspva,39.663,-75.756,-1.800963160,0.001855015,-0.002643683,-0.001746323,-0.000625648,-0.002643683,,novatel_oem7_msgs.msg.InertialSolutionStatus(status=3),
1786043646167743223,1786043646.165675215,/novatel/oem7/fix,/novatel/oem7/fix,/novatel/oem7/inspva,39.663,-75.756,-1.800963160,0.001855015,-0.002643683,-0.001746323,-0.000625648,-0.002643683,,0,
1786043646168863044,1786043646.166265921,/novatel/oem7/odom,/novatel/oem7/fix,/novatel/oem7/odom,39.663,-75.756,-1.800963160,0.001845615,-0.002650253,-0.000698754,-0.001708226,-0.002650253,,,
1786043646176477438,1786043646.175645073,/novatel/oem7/odom,/novatel/oem7/fix,/novatel/oem7/odom,39.663,-75.756,-1.800963160,0.001845615,-0.002650253,-0.000698754,-0.001708226,-0.002650253,,,
1786043646186150010,1786043646.185460346,/novatel/oem7/inspva,/novatel/oem7/inspva,/novatel/oem7/inspva,39.663,-75.756,-1.800946984,0.002254073,-0.002341182,-0.002239578,-0.000255216,-0.002341182,,novatel_oem7_msgs.msg.InertialSolutionStatus(status=3),
1786043646187789309,1786043646.185696945,/novatel/oem7/fix,/novatel/oem7/fix,/novatel/oem7/inspva,39.663,-75.756,-1.800946984,0.002254073,-0.002341182,-0.002239578,-0.000255216,-0.002341182,,0,
1786043646188937474,1786043646.186190784,/novatel/oem7/odom,/novatel/oem7/fix,/novatel/oem7/odom,39.663,-75.756,-1.800946984,0.002247215,-0.002347766,-0.000353226,-0.002219281,-0.002347766,,,
1786043646195222559,1786043646.194490658,/novatel/oem7/odom,/novatel/oem7/fix,/novatel/oem7/odom,39.663,-75.756,-1.800946984,0.002247215,-0.002347766,-0.000353226,-0.002219281,-0.002347766,,,
1786043646207318521,1786043646.206632561,/novatel/oem7/inspva,/novatel/oem7/inspva,/novatel/oem7/inspva,39.663,-75.756,-1.800931850,0.001393166,0.000003359,-0.001386483,0.000136300,0.000003359,,novatel_oem7_msgs.msg.InertialSolutionStatus(status=3),
1786043646208918550,1786043646.206845366,/novatel/oem7/fix,/novatel/oem7/fix,/novatel/oem7/inspva,39.663,-75.756,-1.800931850,0.001393166,0.000003359,-0.001386483,0.000136300,0.000003359,,0,
1786043646210150145,1786043646.207364985,/novatel/oem7/odom,/novatel/oem7/fix,/novatel/oem7/odom,39.663,-75.756,-1.800931850,0.001393170,0.000000236,0.000070226,-0.001391399,0.000000236,,,
1786043646211873836,1786043646.210304630,/novatel/oem7/bestpos,/novatel/oem7/bestpos,/novatel/oem7/odom,39.663,-75.756,33.181631939,0.001393170,0.000000236,0.000070226,-0.001391399,0.000000236,,novatel_oem7_msgs.msg.SolutionStatus(status=0),novatel_oem7_msgs.msg.PositionOrVelocityType(type=53)
1786043646213003590,1786043646.210788478,/novatel/oem7/bestvel,/novatel/oem7/bestpos,/novatel/oem7/bestvel,39.663,-75.756,33.181631939,0.001320281,-0.000791507,,,,128.187922525,novatel_oem7_msgs.msg.SolutionStatus(status=0),novatel_oem7_msgs.msg.PositionOrVelocityType(type=53)
1786043646215922486,1786043646.215191155,/novatel/oem7/odom,/novatel/oem7/bestpos,/novatel/oem7/odom,39.663,-75.756,33.181631939,0.001393170,0.000000236,0.000070226,-0.001391399,0.000000236,,,
1786043646225818903,1786043646.225223377,/novatel/oem7/inspva,/novatel/oem7/inspva,/novatel/oem7/inspva,39.663,-75.756,-1.800937861,0.001237172,-0.001011628,-0.001194444,0.000322330,-0.001011628,,novatel_oem7_msgs.msg.InertialSolutionStatus(status=3),
1786043646227351901,1786043646.225435472,/novatel/oem7/fix,/novatel/oem7/fix,/novatel/oem7/inspva,39.663,-75.756,-1.800937861,0.001237172,-0.001011628,-0.001194444,0.000322330,-0.001011628,,0,
1786043646228540346,1786043646.225959120,/novatel/oem7/odom,/novatel/oem7/fix,/novatel/oem7/odom,39.663,-75.756,-1.800937861,0.001235531,-0.001013631,0.000268740,-0.001205951,-0.001013631,,,
1786043646236361499,1786043646.235642229,/novatel/oem7/odom,/novatel/oem7/fix,/novatel/oem7/odom,39.663,-75.756,-1.800937861,0.001235531,-0.001013631,0.000268740,-0.001205951,-0.001013631,,,
1786043646246179146,1786043646.245327784,/novatel/oem7/inspva,/novatel/oem7/inspva,/novatel/oem7/inspva,39.663,-75.756,-1.800958341,0.001251274,-0.003234046,-0.001190734,-0.000384498,-0.003234046,,novatel_oem7_msgs.msg.InertialSolutionStatus(status=3),
1786043646247996883,1786043646.245581597,/novatel/oem7/fix,/novatel/oem7/fix,/novatel/oem7/inspva,39.663,-75.756,-1.800958341,0.001251274,-0.003234046,-0.001190734,-0.000384498,-0.003234046,,0,
1786043646249242083,1786043646.246136052,/novatel/oem7/odom,/novatel/oem7/fix,/novatel/oem7/odom,39.663,-75.756,-1.800958341,0.001240055,-0.003238364,-0.000429371,-0.001163347,-0.003238364,,,
1786043646257061022,1786043646.256318592,/novatel/oem7/odom,/novatel/oem7/fix,/novatel/oem7/odom,39.663,-75.756,-1.800958341,0.001240055,-0.003238364,-0.000429371,-0.001163347,-0.003238364,,,
1786043646267013397,1786043646.266174775,/novatel/oem7/inspva,/novatel/oem7/inspva,/novatel/oem7/inspva,39.663,-75.756,-1.800950709,0.002055378,-0.003342016,-0.002046510,-0.000190720,-0.003342016,,novatel_oem7_msgs.msg.InertialSolutionStatus(status=3),
1786043646268735367,1786043646.266406477,/novatel/oem7/fix,/novatel/oem7/fix,/novatel/oem7/inspva,39.663,-75.756,-1.800950709,0.002055378,-0.003342016,-0.002046510,-0.000190720,-0.003342016,,0,
1786043646269848651,1786043646.266753908,/novatel/oem7/odom,/novatel/oem7/fix,/novatel/oem7/odom,39.663,-75.756,-1.800950709,0.002045868,-0.003347847,-0.000276178,-0.002027141,-0.003347847,,,
1786043646275179720,1786043646.274599655,/novatel/oem7/odom,/novatel/oem7/fix,/novatel/oem7/odom,39.663,-75.756,-1.800950709,0.002045868,-0.003347847,-0.000276178,-0.002027141,-0.003347847,,,
1786043646285926133,1786043646.285184158,/novatel/oem7/inspva,/novatel/oem7/inspva,/novatel/oem7/inspva,39.663,-75.756,-1.800941651,0.002827732,-0.000603539,-0.002541084,0.001240549,-0.000603539,,novatel_oem7_msgs.msg.InertialSolutionStatus(status=3),
1786043646287478941,1786043646.285413001,/novatel/oem7/fix,/novatel/oem7/fix,/novatel/oem7/inspva,39.663,-75.756,-1.800941651,0.002827732,-0.000603539,-0.002541084,0.001240549,-0.000603539,,0,
1786043646288664703,1786043646.286008030,/novatel/oem7/odom,/novatel/oem7/fix,/novatel/oem7/odom,39.663,-75.756,-1.800941651,0.002827224,-0.000605914,0.001120496,-0.002595705,-0.000605914,,,
1786043646296233380,1786043646.295541493,/novatel/oem7/odom,/novatel/oem7/fix,/novatel/oem7/odom,39.663,-75.756,-1.800941651,0.002827224,-0.000605914,0.001120496,-0.002595705,-0.000605914,,,
1786043646306381080,1786043646.305823931,/novatel/oem7/inspva,/novatel/oem7/inspva,/novatel/oem7/inspva,39.663,-75.756,-1.800948121,0.002501302,-0.000686807,-0.002371013,0.000796750,-0.000686807,,novatel_oem7_msgs.msg.InertialSolutionStatus(status=3),
1786043646307841984,1786043646.306014556,/novatel/oem7/fix,/novatel/oem7/fix,/novatel/oem7/inspva,39.663,-75.756,-1.800948121,0.002501302,-0.000686807,-0.002371013,0.000796750,-0.000686807,,0,
1786043646308919031,1786043646.306516088,/novatel/oem7/odom,/novatel/oem7/fix,/novatel/oem7/odom,39.663,-75.756,-1.800948121,0.002500350,-0.000690263,0.000685600,-0.002404517,-0.000690263,,,
1786043646310585158,1786043646.309532344,/novatel/oem7/bestpos,/novatel/oem7/bestpos,/novatel/oem7/odom,39.663,-75.756,33.181626645,0.002500350,-0.000690263,0.000685600,-0.002404517,-0.000690263,,novatel_oem7_msgs.msg.SolutionStatus(status=0),novatel_oem7_msgs.msg.PositionOrVelocityType(type=53)
1786043646312133976,1786043646.310144417,/novatel/oem7/bestvel,/novatel/oem7/bestpos,/novatel/oem7/bestvel,39.663,-75.756,33.181626645,0.002147718,-0.001482487,,,,137.422182829,novatel_oem7_msgs.msg.SolutionStatus(status=0),novatel_oem7_msgs.msg.PositionOrVelocityType(type=53)
1786043646315239623,1786043646.314486289,/novatel/oem7/odom,/novatel/oem7/bestpos,/novatel/oem7/odom,39.663,-75.756,33.181626645,0.002500350,-0.000690263,0.000685600,-0.002404517,-0.000690263,,,
1786043646327268588,1786043646.326613188,/novatel/oem7/inspva,/novatel/oem7/inspva,/novatel/oem7/inspva,39.663,-75.756,-1.800960921,0.000708145,-0.002048441,-0.000648352,-0.000284796,-0.002048441,,novatel_oem7_msgs.msg.InertialSolutionStatus(status=3),
1786043646328792730,1786043646.326836600,/novatel/oem7/fix,/novatel/oem7/fix,/novatel/oem7/inspva,39.663,-75.756,-1.800960921,0.000708145,-0.002048441,-0.000648352,-0.000284796,-0.002048441,,0,
1786043646329936945,1786043646.327305229,/novatel/oem7/odom,/novatel/oem7/fix,/novatel/oem7/odom,39.663,-75.756,-1.800960921,0.000700531,-0.002051057,-0.000308169,-0.000629107,-0.002051057,,,
1786043646335862223,1786043646.335090781,/novatel/oem7/odom,/novatel/oem7/fix,/novatel/oem7/odom,39.663,-75.756,-1.800960921,0.000700531,-0.002051057,-0.000308169,-0.000629107,-0.002051057,,,
1786043646345740543,1786043646.344985479,/novatel/oem7/inspva,/novatel/oem7/inspva,/novatel/oem7/inspva,39.663,-75.756,-1.800957598,0.001338367,-0.002379313,-0.001205528,-0.000581315,-0.002379313,,novatel_oem7_msgs.msg.InertialSolutionStatus(status=3),
1786043646347325648,1786043646.345208504,/novatel/oem7/fix,/novatel/oem7/fix,/novatel/oem7/inspva,39.663,-75.756,-1.800957598,0.001338367,-0.002379313,-0.001205528,-0.000581315,-0.002379313,,0,
1786043646348549800,1786043646.345751803,/novatel/oem7/odom,/novatel/oem7/fix,/novatel/oem7/odom,39.663,-75.756,-1.800957598,0.001329395,-0.002384338,-0.000629643,-0.001170829,-0.002384338,,,
1786043646356520245,1786043646.355672757,/novatel/oem7/odom,/novatel/oem7/fix,/novatel/oem7/odom,39.663,-75.756,-1.800957598,0.001329395,-0.002384338,-0.000629643,-0.001170829,-0.002384338,,,
1786043646366070009,1786043646.365469543,/novatel/oem7/inspva,/novatel/oem7/inspva,/novatel/oem7/inspva,39.663,-75.756,-1.800951315,0.003528204,-0.001272469,-0.003358131,0.001082213,-0.001272469,,novatel_oem7_msgs.msg.InertialSolutionStatus(status=3),
1786043646367558324,1786043646.365690542,/novatel/oem7/fix,/novatel/oem7/fix,/novatel/oem7/inspva,39.663,-75.756,-1.800951315,0.003528204,-0.001272469,-0.003358131,0.001082213,-0.001272469,,0,
1786043646368714845,1786043646.366221951,/novatel/oem7/odom,/novatel/oem7/fix,/novatel/oem7/odom,39.663,-75.756,-1.800951315,0.003526378,-0.001277522,0.000925881,-0.003402658,-0.001277522,,,
1786043646375822905,1786043646.375090298,/novatel/oem7/odom,/novatel/oem7/fix,/novatel/oem7/odom,39.663,-75.756,-1.800951315,0.003526378,-0.001277522,0.000925881,-0.003402658,-0.001277522,,,
1786043646386778943,1786043646.386136742,/novatel/oem7/inspva,/novatel/oem7/inspva,/novatel/oem7/inspva,39.663,-75.756,-1.800942094,0.003111394,-0.000024670,-0.002912969,0.001093338,-0.000024670,,novatel_oem7_msgs.msg.InertialSolutionStatus(status=3),
1786043646388147882,1786043646.386318251,/novatel/oem7/fix,/novatel/oem7/fix,/novatel/oem7/inspva,39.663,-75.756,-1.800942094,0.003111394,-0.000024670,-0.002912969,0.001093338,-0.000024670,,0,
1786043646389215903,1786043646.386728908,/novatel/oem7/odom,/novatel/oem7/fix,/novatel/oem7/odom,39.663,-75.756,-1.800942094,0.003111361,-0.000028562,0.000953819,-0.002961553,-0.000028562,,,
1786043646396280339,1786043646.395618142,/novatel/oem7/odom,/novatel/oem7/fix,/novatel/oem7/odom,39.663,-75.756,-1.800942094,0.003111361,-0.000028562,0.000953819,-0.002961553,-0.000028562,,,
1786043646407168593,1786043646.406632347,/novatel/oem7/inspva,/novatel/oem7/inspva,/novatel/oem7/inspva,39.663,-75.756,-1.800957589,0.001388229,-0.001893917,-0.001190314,-0.000714374,-0.001893917,,novatel_oem7_msgs.msg.InertialSolutionStatus(status=3),
1786043646408627887,1786043646.406802785,/novatel/oem7/fix,/novatel/oem7/fix,/novatel/oem7/inspva,39.663,-75.756,-1.800957589,0.001388229,-0.001893917,-0.001190314,-0.000714374,-0.001893917,,0,
1786043646409731104,1786043646.407217466,/novatel/oem7/odom,/novatel/oem7/fix,/novatel/oem7/odom,39.663,-75.756,-1.800957589,0.001380761,-0.001899368,-0.000763470,-0.001150485,-0.001899368,,,
1786043646411320906,1786043646.410256619,/novatel/oem7/bestpos,/novatel/oem7/bestpos,/novatel/oem7/odom,39.663,-75.756,33.181631873,0.001380761,-0.001899368,-0.000763470,-0.001150485,-0.001899368,,novatel_oem7_msgs.msg.SolutionStatus(status=0),novatel_oem7_msgs.msg.PositionOrVelocityType(type=53)
1786043646412843894,1786043646.410795244,/novatel/oem7/bestvel,/novatel/oem7/bestpos,/novatel/oem7/bestvel,39.663,-75.756,33.181631873,0.001934495,-0.002028034,,,,169.647646604,novatel_oem7_msgs.msg.SolutionStatus(status=0),novatel_oem7_msgs.msg.PositionOrVelocityType(type=53)
1786043646415549318,1786043646.414828184,/novatel/oem7/odom,/novatel/oem7/bestpos,/novatel/oem7/odom,39.663,-75.756,33.181631873,0.001380761,-0.001899368,-0.000763470,-0.001150485,-0.001899368,,,
1786043646425926127,1786043646.425360597,/novatel/oem7/inspva,/novatel/oem7/inspva,/novatel/oem7/inspva,39.663,-75.756,-1.800959821,0.001417380,-0.002536548,-0.001240215,-0.000686173,-0.002536548,,novatel_oem7_msgs.msg.InertialSolutionStatus(status=3),
1786043646427328507,1786043646.425551533,/novatel/oem7/fix,/novatel/oem7/fix,/novatel/oem7/inspva,39.663,-75.756,-1.800959821,0.001417380,-0.002536548,-0.001240215,-0.000686173,-0.002536548,,0,
1786043646428417407,1786043646.426049481,/novatel/oem7/odom,/novatel/oem7/fix,/novatel/oem7/odom,39.663,-75.756,-1.800959821,0.001407569,-0.002542006,-0.000735505,-0.001200118,-0.002542006,,,
1786043646435300432,1786043646.434576731,/novatel/oem7/odom,/novatel/oem7/fix,/novatel/oem7/odom,39.663,-75.756,-1.800959821,0.001407569,-0.002542006,-0.000735505,-0.001200118,-0.002542006,,,
1786043646446034670,1786043646.445484122,/novatel/oem7/inspva,/novatel/oem7/inspva,/novatel/oem7/inspva,39.663,-75.756,-1.800964630,0.004047242,-0.001908280,-0.003627032,0.001795774,-0.001908280,,novatel_oem7_msgs.msg.InertialSolutionStatus(status=3),
1786043646447504238,1786043646.445652217,/novatel/oem7/fix,/novatel/oem7/fix,/novatel/oem7/inspva,39.663,-75.756,-1.800964630,0.004047242,-0.001908280,-0.003627032,0.001795774,-0.001908280,,0,
1786043646448612646,1786043646.446410974,/novatel/oem7/odom,/novatel/oem7/fix,/novatel/oem7/odom,39.663,-75.756,-1.800964630,0.004045620,-0.001911716,0.001628081,-0.003703565,-0.001911716,,,
1786043646457188054,1786043646.456517350,/novatel/oem7/odom,/novatel/oem7/fix,/novatel/oem7/odom,39.663,-75.756,-1.800964630,0.004045620,-0.001911716,0.001628081,-0.003703565,-0.001911716,,,
1786043646465655420,1786043646.465064367,/novatel/oem7/inspva,/novatel/oem7/inspva,/novatel/oem7/inspva,39.663,-75.756,-1.800957311,0.003539694,-0.000806310,-0.003454898,0.000770140,-0.000806310,,novatel_oem7_msgs.msg.InertialSolutionStatus(status=3),
1786043646467077971,1786043646.465234849,/novatel/oem7/fix,/novatel/oem7/fix,/novatel/oem7/inspva,39.663,-75.756,-1.800957311,0.003539694,-0.000806310,-0.003454898,0.000770140,-0.000806310,,0,
1786043646468192808,1786043646.465698767,/novatel/oem7/odom,/novatel/oem7/fix,/novatel/oem7/odom,39.663,-75.756,-1.800957311,0.003538239,-0.000812673,0.000608036,-0.003485602,-0.000812673,,,
1786043646475143776,1786043646.474458186,/novatel/oem7/odom,/novatel/oem7/fix,/novatel/oem7/odom,39.663,-75.756,-1.800957311,0.003538239,-0.000812673,0.000608036,-0.003485602,-0.000812673,,,
1786043646487202141,1786043646.486628616,/novatel/oem7/inspva,/novatel/oem7/inspva,/novatel/oem7/inspva,39.663,-75.756,-1.800967095,0.001393366,-0.000940751,-0.001392898,-0.000036106,-0.000940751,,novatel_oem7_msgs.msg.InertialSolutionStatus(status=3),
1786043646488648322,1786043646.486793587,/novatel/oem7/fix,/novatel/oem7/fix,/novatel/oem7/inspva,39.663,-75.756,-1.800967095,0.001393366,-0.000940751,-0.001392898,-0.000036106,-0.000940751,,0,
1786043646489758793,1786043646.487245505,/novatel/oem7/odom,/novatel/oem7/fix,/novatel/oem7/odom,39.663,-75.756,-1.800967095,0.001390867,-0.000944442,-0.000098917,-0.001387345,-0.000944442,,,
1786043646495606857,1786043646.494921017,/novatel/oem7/odom,/novatel/oem7/fix,/novatel/oem7/odom,39.663,-75.756,-1.800967095,0.001390867,-0.000944442,-0.000098917,-0.001387345,-0.000944442,,,
1786043646506627809,1786043646.506037696,/novatel/oem7/inspva,/novatel/oem7/inspva,/novatel/oem7/inspva,39.663,-75.756,-1.800977488,0.001695734,-0.002335491,-0.001682345,-0.000212670,-0.002335491,,novatel_oem7_msgs.msg.InertialSolutionStatus(status=3),
1786043646508001635,1786043646.506199731,/novatel/oem7/fix,/novatel/oem7/fix,/novatel/oem7/inspva,39.663,-75.756,-1.800977488,0.001695734,-0.002335491,-0.001682345,-0.000212670,-0.002335491,,0,
1786043646509117216,1786043646.506654045,/novatel/oem7/odom,/novatel/oem7/fix,/novatel/oem7/odom,39.663,-75.756,-1.800977488,0.001688838,-0.002340483,-0.000284174,-0.001664758,-0.002340483,,,
1786043646513223264,1786043646.512561363,/novatel/oem7/bestpos,/novatel/oem7/bestpos,/novatel/oem7/odom,39.663,-75.756,33.181621169,0.001688838,-0.002340483,-0.000284174,-0.001664758,-0.002340483,,novatel_oem7_msgs.msg.SolutionStatus(status=0),novatel_oem7_msgs.msg.PositionOrVelocityType(type=53)
1786043646514762109,1786043646.513050515,/novatel/oem7/bestvel,/novatel/oem7/bestpos,/novatel/oem7/bestvel,39.663,-75.756,33.181621169,0.002335062,-0.002183283,,,,174.719052745,novatel_oem7_msgs.msg.SolutionStatus(status=0),novatel_oem7_msgs.msg.PositionOrVelocityType(type=53)
1786043646516492649,1786043646.514576783,/novatel/oem7/odom,/novatel/oem7/bestpos,/novatel/oem7/odom,39.663,-75.756,33.181621169,0.001688838,-0.002340483,-0.000284174,-0.001664758,-0.002340483,,,
1786043646525776147,1786043646.525132230,/novatel/oem7/inspva,/novatel/oem7/inspva,/novatel/oem7/inspva,39.663,-75.756,-1.800988605,0.003709711,-0.002458648,-0.003697697,0.000298313,-0.002458648,,novatel_oem7_msgs.msg.InertialSolutionStatus(status=3),
1786043646527174567,1786043646.525297935,/novatel/oem7/fix,/novatel/oem7/fix,/novatel/oem7/inspva,39.663,-75.756,-1.800988605,0.003709711,-0.002458648,-0.003697697,0.000298313,-0.002458648,,0,
1786043646528275201,1786043646.525856857,/novatel/oem7/odom,/novatel/oem7/fix,/novatel/oem7/odom,39.663,-75.756,-1.800988605,0.003704066,-0.002467144,0.000130919,-0.003701751,-0.002467144,,,
1786043646535909226,1786043646.535172809,/novatel/oem7/odom,/novatel/oem7/fix,/novatel/oem7/odom,39.663,-75.756,-1.800988605,0.003704066,-0.002467144,0.000130919,-0.003701751,-0.002467144,,,
1786043646546651438,1786043646.546007221,/novatel/oem7/inspva,/novatel/oem7/inspva,/novatel/oem7/inspva,39.663,-75.756,-1.800981741,0.003999196,-0.001300678,-0.003783465,0.001295747,-0.001300678,,novatel_oem7_msgs.msg.InertialSolutionStatus(status=3),
1786043646548081149,1786043646.546179217,/novatel/oem7/fix,/novatel/oem7/fix,/novatel/oem7/inspva,39.663,-75.756,-1.800981741,0.003999196,-0.001300678,-0.003783465,0.001295747,-0.001300678,,0,
1786043646549167132,1786043646.546699842,/novatel/oem7/odom,/novatel/oem7/fix,/novatel/oem7/odom,39.663,-75.756,-1.800981741,0.003997425,-0.001306111,0.001119136,-0.003837569,-0.001306111,,,
1786043646556573842,1786043646.555821145,/novatel/oem7/odom,/novatel/oem7/fix,/novatel/oem7/odom,39.663,-75.756,-1.800981741,0.003997425,-0.001306111,0.001119136,-0.003837569,-0.001306111,,,
1786043646565839083,1786043646.565270050,/novatel/oem7/inspva,/novatel/oem7/inspva,/novatel/oem7/inspva,39.663,-75.756,-1.800968313,0.002421252,0.000557891,-0.002380379,-0.000443008,0.000557891,,novatel_oem7_msgs.msg.InertialSolutionStatus(status=3),
1786043646567313291,1786043646.565445316,/novatel/oem7/fix,/novatel/oem7/fix,/novatel/oem7/inspva,39.663,-75.756,-1.800968313,0.002421252,0.000557891,-0.002380379,-0.000443008,0.000557891,,0,
1786043646568470262,1786043646.566077715,/novatel/oem7/odom,/novatel/oem7/fix,/novatel/oem7/odom,39.663,-75.756,-1.800968313,0.002422995,0.000550270,-0.000557516,-0.002357983,0.000550270,,,
1786043646576173207,1786043646.575470508,/novatel/oem7/odom,/novatel/oem7/fix,/novatel/oem7/odom,39.663,-75.756,-1.800968313,0.002422995,0.000550270,-0.000557516,-0.002357983,0.000550270,,,
1786043646585605734,1786043646.584967061,/novatel/oem7/inspva,/novatel/oem7/inspva,/novatel/oem7/inspva,39.663,-75.756,-1.800978937,0.001801513,-0.001168305,-0.001718638,-0.000540125,-0.001168305,,novatel_oem7_msgs.msg.InertialSolutionStatus(status=3),
1786043646587010341,1786043646.585133156,/novatel/oem7/fix,/novatel/oem7/fix,/novatel/oem7/inspva,39.663,-75.756,-1.800978937,0.001801513,-0.001168305,-0.001718638,-0.000540125,-0.001168305,,0,
1786043646588088281,1786043646.585527169,/novatel/oem7/odom,/novatel/oem7/fix,/novatel/oem7/odom,39.663,-75.756,-1.800978937,0.001797464,-0.001174526,-0.000617025,-0.001688240,-0.001174526,,,
1786043646595108573,1786043646.594408503,/novatel/oem7/odom,/novatel/oem7/fix,/novatel/oem7/odom,39.663,-75.756,-1.800978937,0.001797464,-0.001174526,-0.000617025,-0.001688240,-0.001174526,,,
1786043646607133808,1786043646.606561696,/novatel/oem7/inspva,/novatel/oem7/inspva,/novatel/oem7/inspva,39.663,-75.756,-1.800994711,0.003660986,-0.002817195,-0.003625468,0.000508722,-0.002817195,,novatel_oem7_msgs.msg.InertialSolutionStatus(status=3),
1786043646608637763,1786043646.606730034,/novatel/oem7/fix,/novatel/oem7/fix,/novatel/oem7/inspva,39.663,-75.756,-1.800994711,0.003660986,-0.002817195,-0.003625468,0.000508722,-0.002817195,,0,
1786043646609824385,1786043646.607111225,/novatel/oem7/odom,/novatel/oem7/fix,/novatel/oem7/odom,39.663,-75.756,-1.800994711,0.003655108,-0.002824816,0.000345711,-0.003638722,-0.002824816,,,
1786043646611590085,1786043646.610011617,/novatel/oem7/bestpos,/novatel/oem7/bestpos,/novatel/oem7/odom,39.663,-75.756,33.181615446,0.003655108,-0.002824816,0.000345711,-0.003638722,-0.002824816,,novatel_oem7_msgs.msg.SolutionStatus(status=0),novatel_oem7_msgs.msg.PositionOrVelocityType(type=53)
1786043646612617952,1786043646.610447174,/novatel/oem7/bestvel,/novatel/oem7/bestpos,/novatel/oem7/bestvel,39.663,-75.756,33.181615446,0.003500372,-0.002186127,,,,197.148414014,novatel_oem7_msgs.msg.SolutionStatus(status=0),novatel_oem7_msgs.msg.PositionOrVelocityType(type=53)
1786043646615915224,1786043646.615134540,/novatel/oem7/odom,/novatel/oem7/bestpos,/novatel/oem7/odom,39.663,-75.756,33.181615446,0.003655108,-0.002824816,0.000345711,-0.003638722,-0.002824816,,,
1786043646625872145,1786043646.625103235,/novatel/oem7/inspva,/novatel/oem7/inspva,/novatel/oem7/inspva,39.663,-75.756,-1.800982176,0.003337724,-0.001647954,-0.003294504,0.000535394,-0.001647954,,novatel_oem7_msgs.msg.InertialSolutionStatus(status=3),
1786043646627292326,1786043646.625263286,/novatel/oem7/fix,/novatel/oem7/fix,/novatel/oem7/inspva,39.663,-75.756,-1.800982176,0.003337724,-0.001647954,-0.003294504,0.000535394,-0.001647954,,0,
1786043646628377857,1786043646.625719324,/novatel/oem7/odom,/novatel/oem7/fix,/novatel/oem7/odom,39.663,-75.756,-1.800982176,0.003334414,-0.001654643,0.000384074,-0.003312220,-0.001654643,,,
1786043646636413269,1786043646.635659031,/novatel/oem7/odom,/novatel/oem7/fix,/novatel/oem7/odom,39.663,-75.756,-1.800982176,0.003334414,-0.001654643,0.000384074,-0.003312220,-0.001654643,,,
1786043646646120708,1786043646.645405651,/novatel/oem7/inspva,/novatel/oem7/inspva,/novatel/oem7/inspva,39.663,-75.756,-1.800964382,0.002910803,0.000622171,-0.002863634,0.000521898,0.000622171,,novatel_oem7_msgs.msg.InertialSolutionStatus(status=3),
1786043646647663226,1786043646.645579046,/novatel/oem7/fix,/novatel/oem7/fix,/novatel/oem7/inspva,39.663,-75.756,-1.800964382,0.002910803,0.000622171,-0.002863634,0.000521898,0.000622171,,0,
1786043646648825817,1786043646.646196762,/novatel/oem7/odom,/novatel/oem7/fix,/novatel/oem7/odom,39.663,-75.756,-1.800964382,0.002911997,0.000616561,0.000383164,-0.002886678,0.000616561,,,
1786043646657282494,1786043646.656486976,/novatel/oem7/odom,/novatel/oem7/fix,/novatel/oem7/odom,39.663,-75.756,-1.800964382,0.002911997,0.000616561,0.000383164,-0.002886678,0.000616561,,,
1786043646666148894,1786043646.665414083,/novatel/oem7/inspva,/novatel/oem7/inspva,/novatel/oem7/inspva,39.663,-75.756,-1.800971702,0.001926628,-0.000501105,-0.001916171,-0.000200459,-0.000501105,,novatel_oem7_msgs.msg.InertialSolutionStatus(status=3),
1786043646667653989,1786043646.665601165,/novatel/oem7/fix,/novatel/oem7/fix,/novatel/oem7/inspva,39.663,-75.756,-1.800971702,0.001926628,-0.000501105,-0.001916171,-0.000200459,-0.000501105,,0,
1786043646668786687,1786043646.666098794,/novatel/oem7/odom,/novatel/oem7/fix,/novatel/oem7/odom,39.663,-75.756,-1.800971702,0.001925166,-0.000506692,-0.000289409,-0.001903288,-0.000506692,,,
1786043646675447742,1786043646.674639558,/novatel/oem7/odom,/novatel/oem7/fix,/novatel/oem7/odom,39.663,-75.756,-1.800971702,0.001925166,-0.000506692,-0.000289409,-0.001903288,-0.000506692,,,
1786043646686089826,1786043646.685392733,/novatel/oem7/inspva,/novatel/oem7/inspva,/novatel/oem7/inspva,39.663,-75.756,-1.800996772,0.002592667,-0.003282631,-0.002550829,-0.000463886,-0.003282631,,novatel_oem7_msgs.msg.InertialSolutionStatus(status=3),
1786043646687589851,1786043646.685568195,/novatel/oem7/fix,/novatel/oem7/fix,/novatel/oem7/inspva,39.663,-75.756,-1.800996772,0.002592667,-0.003282631,-0.002550829,-0.000463886,-0.003282631,,0,
1786043646688654672,1786043646.686343563,/novatel/oem7/odom,/novatel/oem7/fix,/novatel/oem7/odom,39.663,-75.756,-1.800996772,0.002582466,-0.003290662,-0.000573023,-0.002518089,-0.003290662,,,
1786043646696257456,1786043646.695485269,/novatel/oem7/odom,/novatel/oem7/fix,/novatel/oem7/odom,39.663,-75.756,-1.800996772,0.002582466,-0.003290662,-0.000573023,-0.002518089,-0.003290662,,,
1786043646706598641,1786043646.705845237,/novatel/oem7/inspva,/novatel/oem7/inspva,/novatel/oem7/inspva,39.663,-75.756,-1.800990641,0.002853617,-0.002362860,-0.002829949,0.000366767,-0.002362860,,novatel_oem7_msgs.msg.InertialSolutionStatus(status=3),
1786043646708196713,1786043646.706007922,/novatel/oem7/fix,/novatel/oem7/fix,/novatel/oem7/inspva,39.663,-75.756,-1.800990641,0.002853617,-0.002362860,-0.002829949,0.000366767,-0.002362860,,0,
1786043646709338268,1786043646.706519401,/novatel/oem7/odom,/novatel/oem7/fix,/novatel/oem7/odom,39.663,-75.756,-1.800990641,0.002848637,-0.002368861,0.000240267,-0.002838486,-0.002368861,,,
1786043646711121156,1786043646.709507330,/novatel/oem7/bestpos,/novatel/oem7/bestpos,/novatel/oem7/odom,39.663,-75.756,33.181612292,0.002848637,-0.002368861,0.000240267,-0.002838486,-0.002368861,,novatel_oem7_msgs.msg.SolutionStatus(status=0),novatel_oem7_msgs.msg.PositionOrVelocityType(type=53)
1786043646712112166,1786043646.710062302,/novatel/oem7/bestvel,/novatel/oem7/bestpos,/novatel/oem7/bestvel,39.663,-75.756,33.181612292,0.003135286,-0.001607083,,,,196.833103252,novatel_oem7_msgs.msg.SolutionStatus(status=0),novatel_oem7_msgs.msg.PositionOrVelocityType(type=53)
1786043646715180626,1786043646.714446958,/novatel/oem7/odom,/novatel/oem7/bestpos,/novatel/oem7/odom,39.663,-75.756,33.181612292,0.002848637,-0.002368861,0.000240267,-0.002838486,-0.002368861,,,
1786043646727229127,1786043646.726499160,/novatel/oem7/inspva,/novatel/oem7/inspva,/novatel/oem7/inspva,39.663,-75.756,-1.800974995,0.003171417,0.000480290,-0.003157100,0.000301013,0.000480290,,novatel_oem7_msgs.msg.InertialSolutionStatus(status=3),
1786043646728654668,1786043646.726670615,/novatel/oem7/fix,/novatel/oem7/fix,/novatel/oem7/inspva,39.663,-75.756,-1.800974995,0.003171417,0.000480290,-0.003157100,0.000301013,0.000480290,,0,
1786043646729738022,1786043646.727037238,/novatel/oem7/odom,/novatel/oem7/fix,/novatel/oem7/odom,39.663,-75.756,-1.800974995,0.003172478,0.000473237,0.000149121,-0.003168971,0.000473237,,,
1786043646735749817,1786043646.734936339,/novatel/oem7/odom,/novatel/oem7/fix,/novatel/oem7/odom,39.663,-75.756,-1.800974995,0.003172478,0.000473237,0.000149121,-0.003168971,0.000473237,,,
1786043646745829990,1786043646.745031152,/novatel/oem7/inspva,/novatel/oem7/inspva,/novatel/oem7/inspva,39.663,-75.756,-1.800977225,0.002507502,-0.000272369,-0.002403479,0.000714740,-0.000272369,,novatel_oem7_msgs.msg.InertialSolutionStatus(status=3),
1786043646747195523,1786043646.745198320,/novatel/oem7/fix,/novatel/oem7/fix,/novatel/oem7/inspva,39.663,-75.756,-1.800977225,0.002507502,-0.000272369,-0.002403479,0.000714740,-0.000272369,,0,
1786043646748289301,1786043646.745517306,/novatel/oem7/odom,/novatel/oem7/fix,/novatel/oem7/odom,39.663,-75.756,-1.800977225,0.002507092,-0.000276116,0.000600834,-0.002434031,-0.000276116,,,
1786043646756716246,1786043646.755869578,/novatel/oem7/odom,/novatel/oem7/fix,/novatel/oem7/odom,39.663,-75.756,-1.800977225,0.002507092,-0.000276116,0.000600834,-0.002434031,-0.000276116,,,
1786043646766058961,1786043646.765348078,/novatel/oem7/inspva,/novatel/oem7/inspva,/novatel/oem7/inspva,39.663,-75.756,-1.801003145,0.002242017,-0.002778861,-0.002173651,-0.000549437,-0.002778861,,novatel_oem7_msgs.msg.InertialSolutionStatus(status=3),
1786043646767591030,1786043646.765512443,/novatel/oem7/fix,/novatel/oem7/fix,/novatel/oem7/inspva,39.663,-75.756,-1.801003145,0.002242017,-0.002778861,-0.002173651,-0.000549437,-0.002778861,,0,
1786043646768707757,1786043646.766022658,/novatel/oem7/odom,/novatel/oem7/fix,/novatel/oem7/odom,39.663,-75.756,-1.801003145,0.002232802,-0.002786271,-0.000642186,-0.002138458,-0.002786271,,,
1786043646775798701,1786043646.775006529,/novatel/oem7/odom,/novatel/oem7/fix,/novatel/oem7/odom,39.663,-75.756,-1.801003145,0.002232802,-0.002786271,-0.000642186,-0.002138458,-0.002786271,,,
1786043646786779191,1786043646.785997537,/novatel/oem7/inspva,/novatel/oem7/inspva,/novatel/oem7/inspva,39.663,-75.756,-1.801000488,0.002708347,-0.002798054,-0.002701746,-0.000188980,-0.002798054,,novatel_oem7_msgs.msg.InertialSolutionStatus(status=3),
1786043646788186805,1786043646.786153805,/novatel/oem7/fix,/novatel/oem7/fix,/novatel/oem7/inspva,39.663,-75.756,-1.801000488,0.002708347,-0.002798054,-0.002701746,-0.000188980,-0.002798054,,0,
1786043646789285369,1786043646.786565373,/novatel/oem7/odom,/novatel/oem7/fix,/novatel/oem7/odom,39.663,-75.756,-1.801000488,0.002700551,-0.002805579,-0.000307235,-0.002683018,-0.002805579,,,
1786043646795151287,1786043646.794377859,/novatel/oem7/odom,/novatel/oem7/fix,/novatel/oem7/odom,39.663,-75.756,-1.801000488,0.002700551,-0.002805579,-0.000307235,-0.002683018,-0.002805579,,,
1786043646807066261,1786043646.806311900,/novatel/oem7/inspva,/novatel/oem7/inspva,/novatel/oem7/inspva,39.663,-75.756,-1.800965589,0.003241974,0.001466350,-0.003094145,0.000967814,0.001466350,,novatel_oem7_msgs.msg.InertialSolutionStatus(status=3),
1786043646808597012,1786043646.806491822,/novatel/oem7/fix,/novatel/oem7/fix,/novatel/oem7/inspva,39.663,-75.756,-1.800965589,0.003241974,0.001466350,-0.003094145,0.000967814,0.001466350,,0,
1786043646809743927,1786043646.807058720,/novatel/oem7/odom,/novatel/oem7/fix,/novatel/oem7/odom,39.663,-75.756,-1.800965589,0.003244094,0.001461655,0.000814776,-0.003140109,0.001461655,,,
1786043646811403523,1786043646.810277735,/novatel/oem7/bestpos,/novatel/oem7/bestpos,/novatel/oem7/odom,39.663,-75.756,33.181628576,0.003244094,0.001461655,0.000814776,-0.003140109,0.001461655,,novatel_oem7_msgs.msg.SolutionStatus(status=0),novatel_oem7_msgs.msg.PositionOrVelocityType(type=53)
1786043646812343429,1786043646.810663469,/novatel/oem7/bestvel,/novatel/oem7/bestpos,/novatel/oem7/bestvel,39.663,-75.756,33.181628576,0.002971489,0.001283561,,,,160.484615401,novatel_oem7_msgs.msg.SolutionStatus(status=0),novatel_oem7_msgs.msg.PositionOrVelocityType(type=53)
1786043646816311341,1786043646.815494860,/novatel/oem7/odom,/novatel/oem7/bestpos,/novatel/oem7/odom,39.663,-75.756,33.181628576,0.003244094,0.001461655,0.000814776,-0.003140109,0.001461655,,,
1786043646825793824,1786043646.825015300,/novatel/oem7/inspva,/novatel/oem7/inspva,/novatel/oem7/inspva,39.663,-75.756,-1.800964538,0.002975739,0.000383674,-0.002972287,-0.000143285,0.000383674,,novatel_oem7_msgs.msg.InertialSolutionStatus(status=3),
1786043646827235782,1786043646.825177275,/novatel/oem7/fix,/novatel/oem7/fix,/novatel/oem7/inspva,39.663,-75.756,-1.800964538,0.002975739,0.000383674,-0.002972287,-0.000143285,0.000383674,,0,
1786043646828344713,1786043646.825632490,/novatel/oem7/odom,/novatel/oem7/fix,/novatel/oem7/odom,39.663,-75.756,-1.800964538,0.002976761,0.000375666,-0.000285475,-0.002963040,0.000375666,,,
1786043646835314788,1786043646.834562130,/novatel/oem7/odom,/novatel/oem7/fix,/novatel/oem7/odom,39.663,-75.756,-1.800964538,0.002976761,0.000375666,-0.000285475,-0.002963040,0.000375666,,,
1786043646847307222,1786043646.846560055,/novatel/oem7/inspva,/novatel/oem7/inspva,/novatel/oem7/inspva,39.663,-75.756,-1.800991727,0.002101139,-0.002711123,-0.001955076,-0.000769718,-0.002711123,,novatel_oem7_msgs.msg.InertialSolutionStatus(status=3),
1786043646848795947,1786043646.846728770,/novatel/oem7/fix,/novatel/oem7/fix,/novatel/oem7/inspva,39.663,-75.756,-1.800991727,0.002101139,-0.002711123,-0.001955076,-0.000769718,-0.002711123,,0,
1786043646849927121,1786043646.847184077,/novatel/oem7/odom,/novatel/oem7/fix,/novatel/oem7/odom,39.663,-75.756,-1.800991727,0.002091391,-0.002718650,-0.000852105,-0.001909930,-0.002718650,,,
1786043646857175599,1786043646.856394345,/novatel/oem7/odom,/novatel/oem7/fix,/novatel/oem7/odom,39.663,-75.756,-1.800991727,0.002091391,-0.002718650,-0.000852105,-0.001909930,-0.002718650,,,
1786043646865879755,1786043646.865093013,/novatel/oem7/inspva,/novatel/oem7/inspva,/novatel/oem7/inspva,39.663,-75.756,-1.800982550,0.003037182,-0.001822485,-0.003012079,0.000389691,-0.001822485,,novatel_oem7_msgs.msg.InertialSolutionStatus(status=3),
1786043646867276162,1786043646.865258425,/novatel/oem7/fix,/novatel/oem7/fix,/novatel/oem7/inspva,39.663,-75.756,-1.800982550,0.003037182,-0.001822485,-0.003012079,0.000389691,-0.001822485,,0,
1786043646868409969,1786043646.865618115,/novatel/oem7/odom,/novatel/oem7/fix,/novatel/oem7/odom,39.663,-75.756,-1.800982550,0.003033354,-0.001828850,0.000252786,-0.003022803,-0.001828850,,,
1786043646876472625,1786043646.875692441,/novatel/oem7/odom,/novatel/oem7/fix,/novatel/oem7/odom,39.663,-75.756,-1.800982550,0.003033354,-0.001828850,0.000252786,-0.003022803,-0.001828850,,,
1786043646886116683,1786043646.885450743,/novatel/oem7/inspva,/novatel/oem7/inspva,/novatel/oem7/inspva,39.663,-75.756,-1.800962414,0.004552883,0.000237839,-0.004534951,0.000403696,0.000237839,,novatel_oem7_msgs.msg.InertialSolutionStatus(status=3),
1786043646887677002,1786043646.885608458,/novatel/oem7/fix,/novatel/oem7/fix,/novatel/oem7/inspva,39.663,-75.756,-1.800962414,0.004552883,0.000237839,-0.004534951,0.000403696,0.000237839,,0,
1786043646888785926,1786043646.886366259,/novatel/oem7/odom,/novatel/oem7/fix,/novatel/oem7/odom,39.663,-75.756,-1.800962414,0.004553407,0.000227604,0.000187289,-0.004549553,0.000227604,,,
1786043646895676023,1786043646.894851462,/novatel/oem7/odom,/novatel/oem7/fix,/novatel/oem7/odom,39.663,-75.756,-1.800962414,0.004553407,0.000227604,0.000187289,-0.004549553,0.000227604,,,
1786043646906641145,1786043646.905868740,/novatel/oem7/inspva,/novatel/oem7/inspva,/novatel/oem7/inspva,39.663,-75.756,-1.800957425,0.003870688,0.000324082,-0.003861427,0.000267595,0.000324082,,novatel_oem7_msgs.msg.InertialSolutionStatus(status=3),
1786043646908127456,1786043646.906028845,/novatel/oem7/fix,/novatel/oem7/fix,/novatel/oem7/inspva,39.663,-75.756,-1.800957425,0.003870688,0.000324082,-0.003861427,0.000267595,0.000324082,,0,
1786043646909251527,1786043646.906495847,/novatel/oem7/odom,/novatel/oem7/fix,/novatel/oem7/odom,39.663,-75.756,-1.800957425,0.003871425,0.000315156,0.000083010,-0.003870535,0.000315156,,,
1786043646911010444,1786043646.909505293,/novatel/oem7/bestpos,/novatel/oem7/bestpos,/novatel/oem7/odom,39.663,-75.756,33.181645743,0.003871425,0.000315156,0.000083010,-0.003870535,0.000315156,,novatel_oem7_msgs.msg.SolutionStatus(status=0),novatel_oem7_msgs.msg.PositionOrVelocityType(type=53)
1786043646912013774,1786043646.910193450,/novatel/oem7/bestvel,/novatel/oem7/bestpos,/novatel/oem7/bestvel,39.663,-75.756,33.181645743,0.003704332,0.000520026,,,,184.698337645,novatel_oem7_msgs.msg.SolutionStatus(status=0),novatel_oem7_msgs.msg.PositionOrVelocityType(type=53)
1786043646915290813,1786043646.914526538,/novatel/oem7/odom,/novatel/oem7/bestpos,/novatel/oem7/odom,39.663,-75.756,33.181645743,0.003871425,0.000315156,0.000083010,-0.003870535,0.000315156,,,
1786043646926033465,1786043646.925259577,/novatel/oem7/inspva,/novatel/oem7/inspva,/novatel/oem7/inspva,39.663,-75.756,-1.800974687,0.002068428,-0.001555221,-0.001871845,-0.000880108,-0.001555221,,novatel_oem7_msgs.msg.InertialSolutionStatus(status=3),
1786043646927437185,1786043646.925411959,/novatel/oem7/fix,/novatel/oem7/fix,/novatel/oem7/inspva,39.663,-75.756,-1.800974687,0.002068428,-0.001555221,-0.001871845,-0.000880108,-0.001555221,,0,
1786043646928577910,1786043646.925752725,/novatel/oem7/odom,/novatel/oem7/fix,/novatel/oem7/odom,39.663,-75.756,-1.800974687,0.002062601,-0.001562941,-0.000962444,-0.001824287,-0.001562941,,,
1786043646936549114,1786043646.935722013,/novatel/oem7/odom,/novatel/oem7/fix,/novatel/oem7/odom,39.663,-75.756,-1.800974687,0.002062601,-0.001562941,-0.000962444,-0.001824287,-0.001562941,,,
1786043646945776902,1786043646.945045422,/novatel/oem7/inspva,/novatel/oem7/inspva,/novatel/oem7/inspva,39.663,-75.756,-1.800965712,0.002515263,-0.001084877,-0.002398740,-0.000756701,-0.001084877,,novatel_oem7_msgs.msg.InertialSolutionStatus(status=3),
1786043646947256400,1786043646.945203136,/novatel/oem7/fix,/novatel/oem7/fix,/novatel/oem7/inspva,39.663,-75.756,-1.800965712,0.002515263,-0.001084877,-0.002398740,-0.000756701,-0.001084877,,0,
1786043646948360587,1786043646.945738198,/novatel/oem7/odom,/novatel/oem7/fix,/novatel/oem7/odom,39.663,-75.756,-1.800965712,0.002511492,-0.001093579,-0.000865852,-0.002357518,-0.001093579,,,
1786043646956564628,1786043646.955726508,/novatel/oem7/odom,/novatel/oem7/fix,/novatel/oem7/odom,39.663,-75.756,-1.800965712,0.002511492,-0.001093579,-0.000865852,-0.002357518,-0.001093579,,,
1786043646967185812,1786043646.966487458,/novatel/oem7/inspva,/novatel/oem7/inspva,/novatel/oem7/inspva,39.663,-75.756,-1.800958983,0.004465384,-0.000669512,-0.004431007,0.000553015,-0.000669512,,novatel_oem7_msgs.msg.InertialSolutionStatus(status=3),
1786043646968709040,1786043646.966647134,/novatel/oem7/fix,/novatel/oem7/fix,/novatel/oem7/inspva,39.663,-75.756,-1.800958983,0.004465384,-0.000669512,-0.004431007,0.000553015,-0.000669512,,0,
1786043646969857031,1786043646.967274533,/novatel/oem7/odom,/novatel/oem7/fix,/novatel/oem7/odom,39.663,-75.756,-1.800958983,0.004463960,-0.000678940,0.000344528,-0.004450645,-0.000678940,,,
1786043646976505627,1786043646.975592151,/novatel/oem7/odom,/novatel/oem7/fix,/novatel/oem7/odom,39.663,-75.756,-1.800958983,0.004463960,-0.000678940,0.000344528,-0.004450645,-0.000678940,,,
1786043646985953789,1786043646.985257586,/novatel/oem7/inspva,/novatel/oem7/inspva,/novatel/oem7/inspva,39.663,-75.756,-1.800940247,0.004453226,-0.000029917,-0.004451234,-0.000133208,-0.000029917,,novatel_oem7_msgs.msg.InertialSolutionStatus(status=3),
1786043646987350827,1786043646.985443518,/novatel/oem7/fix,/novatel/oem7/fix,/novatel/oem7/inspva,39.663,-75.756,-1.800940247,0.004453226,-0.000029917,-0.004451234,-0.000133208,-0.000029917,,0,
1786043646988460951,1786043646.985769211,/novatel/oem7/odom,/novatel/oem7/fix,/novatel/oem7/odom,39.663,-75.756,-1.800940247,0.004453132,-0.000041675,-0.000344067,-0.004439820,-0.000041675,,,
1786043646996189234,1786043646.995489760,/novatel/oem7/odom,/novatel/oem7/fix,/novatel/oem7/odom,39.663,-75.756,-1.800940247,0.004453132,-0.000041675,-0.000344067,-0.004439820,-0.000041675,,,
1786043647010902811,1786043647.010329575,/novatel/oem7/inspva,/novatel/oem7/inspva,/novatel/oem7/inspva,39.663,-75.756,-1.800937803,0.002715024,0.000322705,-0.002601958,-0.000775351,0.000322705,,novatel_oem7_msgs.msg.InertialSolutionStatus(status=3),
1786043647012594331,1786043647.010492094,/novatel/oem7/fix,/novatel/oem7/fix,/novatel/oem7/inspva,39.663,-75.756,-1.800937803,0.002715024,0.000322705,-0.002601958,-0.000775351,0.000322705,,0,
1786043647013738586,1786043647.011774197,/novatel/oem7/odom,/novatel/oem7/fix,/novatel/oem7/odom,39.663,-75.756,-1.800937803,0.002716108,0.000313457,-0.000898996,-0.002563015,0.000313457,,,
1786043647016521209,1786043647.015727632,/novatel/oem7/odom,/novatel/oem7/fix,/novatel/oem7/odom,39.663,-75.756,-1.800937803,0.002716108,0.000313457,-0.000898996,-0.002563015,0.000313457,,,
1786043647027222291,1786043647.026588505,/novatel/oem7/bestpos,/novatel/oem7/bestpos,/novatel/oem7/odom,39.663,-75.756,33.181668923,0.002716108,0.000313457,-0.000898996,-0.002563015,0.000313457,,novatel_oem7_msgs.msg.SolutionStatus(status=0),novatel_oem7_msgs.msg.PositionOrVelocityType(type=53)
1786043647028941105,1786043647.027142524,/novatel/oem7/bestvel,/novatel/oem7/bestpos,/novatel/oem7/bestvel,39.663,-75.756,33.181668923,0.002418492,-0.000113726,,,,183.295301878,novatel_oem7_msgs.msg.SolutionStatus(status=0),novatel_oem7_msgs.msg.PositionOrVelocityType(type=53)
1786043647029886304,1786043647.027567918,/novatel/oem7/inspva,/novatel/oem7/inspva,/novatel/oem7/inspva,39.663,-75.756,-1.800932982,0.003008226,-0.000417000,-0.002854313,-0.000949903,-0.000417000,,novatel_oem7_msgs.msg.InertialSolutionStatus(status=3),
1786043647030779359,1786043647.027709853,/novatel/oem7/fix,/novatel/oem7/fix,/novatel/oem7/inspva,39.663,-75.756,-1.800932982,0.003008226,-0.000417000,-0.002854313,-0.000949903,-0.000417000,,0,
1786043647031843144,1786043647.028122430,/novatel/oem7/odom,/novatel/oem7/fix,/novatel/oem7/odom,39.663,-75.756,-1.800932982,0.003006752,-0.000427498,-0.001082686,-0.002805058,-0.000427498,,,
1786043647035767252,1786043647.035043564,/novatel/oem7/odom,/novatel/oem7/fix,/novatel/oem7/odom,39.663,-75.756,-1.800932982,0.003006752,-0.000427498,-0.001082686,-0.002805058,-0.000427498,,,
1786043647046031706,1786043647.045413173,/novatel/oem7/inspva,/novatel/oem7/inspva,/novatel/oem7/inspva,39.663,-75.756,-1.800926890,0.003927974,-0.001093273,-0.003868873,-0.000678827,-0.001093273,,novatel_oem7_msgs.msg.InertialSolutionStatus(status=3),
1786043647047629782,1786043647.045575495,/novatel/oem7/fix,/novatel/oem7/fix,/novatel/oem7/inspva,39.663,-75.756,-1.800926890,0.003927974,-0.001093273,-0.003868873,-0.000678827,-0.001093273,,0,
1786043647048781840,1786043647.046246971,/novatel/oem7/odom,/novatel/oem7/fix,/novatel/oem7/odom,39.663,-75.756,-1.800926890,0.003924599,-0.001105328,-0.000857671,-0.003829736,-0.001105328,,,
1786043647056833135,1786043647.056094212,/novatel/oem7/odom,/novatel/oem7/fix,/novatel/oem7/odom,39.663,-75.756,-1.800926890,0.003924599,-0.001105328,-0.000857671,-0.003829736,-0.001105328,,,
1786043647065725779,1786043647.065107763,/novatel/oem7/inspva,/novatel/oem7/inspva,/novatel/oem7/inspva,39.663,-75.756,-1.800909287,0.004406105,-0.000844849,-0.004404968,0.000100127,-0.000844849,,novatel_oem7_msgs.msg.InertialSolutionStatus(status=3),
1786043647067571011,1786043647.065253148,/novatel/oem7/fix,/novatel/oem7/fix,/novatel/oem7/inspva,39.663,-75.756,-1.800909287,0.004406105,-0.000844849,-0.004404968,0.000100127,-0.000844849,,0,
1786043647068810153,1786043647.065683939,/novatel/oem7/odom,/novatel/oem7/fix,/novatel/oem7/odom,39.663,-75.756,-1.800909287,0.004404005,-0.000855732,-0.000105920,-0.004402731,-0.000855732,,,
1786043647075374407,1786043647.074678980,/novatel/oem7/odom,/novatel/oem7/fix,/novatel/oem7/odom,39.663,-75.756,-1.800909287,0.004404005,-0.000855732,-0.000105920,-0.004402731,-0.000855732,,,
1786043647087378225,1786043647.086737839,/novatel/oem7/inspva,/novatel/oem7/inspva,/novatel/oem7/inspva,39.663,-75.756,-1.800890979,0.003387118,0.001100735,-0.003384504,-0.000133049,0.001100735,,novatel_oem7_msgs.msg.InertialSolutionStatus(status=3),
1786043647088967391,1786043647.086912424,/novatel/oem7/fix,/novatel/oem7/fix,/novatel/oem7/inspva,39.663,-75.756,-1.800890979,0.003387118,0.001100735,-0.003384504,-0.000133049,0.001100735,,0,
1786043647090120672,1786043647.087758799,/novatel/oem7/odom,/novatel/oem7/fix,/novatel/oem7/odom,39.663,-75.756,-1.800890979,0.003390071,0.001091608,-0.000297256,-0.003377013,0.001091608,,,
1786043647096004140,1786043647.095280079,/novatel/oem7/odom,/novatel/oem7/fix,/novatel/oem7/odom,39.663,-75.756,-1.800890979,0.003390071,0.001091608,-0.000297256,-0.003377013,0.001091608,,,
1786043647106480969,1786043647.105850330,/novatel/oem7/inspva,/novatel/oem7/inspva,/novatel/oem7/inspva,39.663,-75.756,-1.800895445,0.002982061,0.000103795,-0.002956971,-0.000386018,0.000103795,,novatel_oem7_msgs.msg.InertialSolutionStatus(status=3),
1786043647107901403,1786043647.106015352,/novatel/oem7/fix,/novatel/oem7/fix,/novatel/oem7/inspva,39.663,-75.756,-1.800895445,0.002982061,0.000103795,-0.002956971,-0.000386018,0.000103795,,0,
1786043647108998397,1786043647.106554847,/novatel/oem7/odom,/novatel/oem7/fix,/novatel/oem7/odom,39.663,-75.756,-1.800895445,0.002982357,0.000094928,-0.000526152,-0.002935578,0.000094928,,,
1786043647110538089,1786043647.109429525,/novatel/oem7/bestpos,/novatel/oem7/bestpos,/novatel/oem7/odom,39.663,-75.756,33.181649742,0.002982357,0.000094928,-0.000526152,-0.002935578,0.000094928,,novatel_oem7_msgs.msg.SolutionStatus(status=0),novatel_oem7_msgs.msg.PositionOrVelocityType(type=53)
1786043647111971130,1786043647.109994641,/novatel/oem7/bestvel,/novatel/oem7/bestpos,/novatel/oem7/bestvel,39.663,-75.756,33.181649742,0.002356579,-0.000567557,,,,174.421531843,novatel_oem7_msgs.msg.SolutionStatus(status=0),novatel_oem7_msgs.msg.PositionOrVelocityType(type=53)
1786043647116277302,1786043647.115540568,/novatel/oem7/odom,/novatel/oem7/bestpos,/novatel/oem7/odom,39.663,-75.756,33.181649742,0.002982357,0.000094928,-0.000526152,-0.002935578,0.000094928,,,
1786043647126133396,1786043647.125561030,/novatel/oem7/inspva,/novatel/oem7/inspva,/novatel/oem7/inspva,39.663,-75.756,-1.800906628,0.003261415,-0.001865275,-0.003023635,-0.001222482,-0.001865275,,novatel_oem7_msgs.msg.InertialSolutionStatus(status=3),
1786043647127690608,1786043647.125717125,/novatel/oem7/fix,/novatel/oem7/fix,/novatel/oem7/inspva,39.663,-75.756,-1.800906628,0.003261415,-0.001865275,-0.003023635,-0.001222482,-0.001865275,,0,
1786043647128813902,1786043647.126504072,/novatel/oem7/odom,/novatel/oem7/fix,/novatel/oem7/odom,39.663,-75.756,-1.800906628,0.003254668,-0.001877022,-0.001358057,-0.002957794,-0.001877022,,,
1786043647135783520,1786043647.135019713,/novatel/oem7/odom,/novatel/oem7/fix,/novatel/oem7/odom,39.663,-75.756,-1.800906628,0.003254668,-0.001877022,-0.001358057,-0.002957794,-0.001877022,,,
1786043647146884216,1786043647.146319481,/novatel/oem7/inspva,/novatel/oem7/inspva,/novatel/oem7/inspva,39.663,-75.756,-1.800889081,0.003716527,-0.001496287,-0.003561122,-0.001063476,-0.001496287,,novatel_oem7_msgs.msg.InertialSolutionStatus(status=3),
1786043647148365597,1786043647.146501635,/novatel/oem7/fix,/novatel/oem7/fix,/novatel/oem7/inspva,39.663,-75.756,-1.800889081,0.003716527,-0.001496287,-0.003561122,-0.001063476,-0.001496287,,0,
1786043647149493668,1786043647.147151832,/novatel/oem7/odom,/novatel/oem7/fix,/novatel/oem7/odom,39.663,-75.756,-1.800889081,0.003711434,-0.001508874,-0.001225960,-0.003503108,-0.001508874,,,
1786043647156890544,1786043647.156151554,/novatel/oem7/odom,/novatel/oem7/fix,/novatel/oem7/odom,39.663,-75.756,-1.800889081,0.003711434,-0.001508874,-0.001225960,-0.003503108,-0.001508874,,,
1786043647166402421,1786043647.165651970,/novatel/oem7/inspva,/novatel/oem7/inspva,/novatel/oem7/inspva,39.663,-75.756,-1.800867330,0.003737987,0.000969335,-0.003737095,0.000081619,0.000969335,,novatel_oem7_msgs.msg.InertialSolutionStatus(status=3),
1786043647168196138,1786043647.165872196,/novatel/oem7/fix,/novatel/oem7/fix,/novatel/oem7/inspva,39.663,-75.756,-1.800867330,0.003737987,0.000969335,-0.003737095,0.000081619,0.000969335,,0,
1786043647169283723,1786043647.167222563,/novatel/oem7/odom,/novatel/oem7/fix,/novatel/oem7/odom,39.663,-75.756,-1.800867330,0.003740393,0.000960008,-0.000099065,-0.003739081,0.000960008,,,
1786043647176310375,1786043647.175650024,/novatel/oem7/odom,/novatel/oem7/fix,/novatel/oem7/odom,39.663,-75.756,-1.800867330,0.003740393,0.000960008,-0.000099065,-0.003739081,0.000960008,,,
1786043647186106211,1786043647.185485078,/novatel/oem7/inspva,/novatel/oem7/inspva,/novatel/oem7/inspva,39.663,-75.756,-1.800859883,0.003304347,0.001190573,-0.003276642,-0.000426999,0.001190573,,novatel_oem7_msgs.msg.InertialSolutionStatus(status=3),
1786043647187592543,1786043647.185655904,/novatel/oem7/fix,/novatel/oem7/fix,/novatel/oem7/inspva,39.663,-75.756,-1.800859883,0.003304347,0.001190573,-0.003276642,-0.000426999,0.001190573,,0,
1786043647188726194,1786043647.186084811,/novatel/oem7/odom,/novatel/oem7/fix,/novatel/oem7/odom,39.663,-75.756,-1.800859883,0.003307908,0.001180642,-0.000586096,-0.003255572,0.001180642,,,
1786043647195191753,1786043647.194485633,/novatel/oem7/odom,/novatel/oem7/fix,/novatel/oem7/odom,39.663,-75.756,-1.800859883,0.003307908,0.001180642,-0.000586096,-0.003255572,0.001180642,,,
1786043647207248366,1786043647.206677193,/novatel/oem7/inspva,/novatel/oem7/inspva,/novatel/oem7/inspva,39.663,-75.756,-1.800876695,0.002925629,-0.001895931,-0.002282266,-0.001830456,-0.001895931,,novatel_oem7_msgs.msg.InertialSolutionStatus(status=3),
1786043647208619809,1786043647.206824541,/novatel/oem7/fix,/novatel/oem7/fix,/novatel/oem7/inspva,39.663,-75.756,-1.800876695,0.002925629,-0.001895931,-0.002282266,-0.001830456,-0.001895931,,0,
1786043647209670889,1786043647.207352780,/novatel/oem7/odom,/novatel/oem7/fix,/novatel/oem7/odom,39.663,-75.756,-1.800876695,0.002917840,-0.001907898,-0.001930024,-0.002188331,-0.001907898,,,
1786043647211238848,1786043647.210298525,/novatel/oem7/bestpos,/novatel/oem7/bestpos,/novatel/oem7/odom,39.663,-75.756,33.181683809,0.002917840,-0.001907898,-0.001930024,-0.002188331,-0.001907898,,novatel_oem7_msgs.msg.SolutionStatus(status=0),novatel_oem7_msgs.msg.PositionOrVelocityType(type=53)
1786043647212703865,1786043647.210942692,/novatel/oem7/bestvel,/novatel/oem7/bestpos,/novatel/oem7/bestvel,39.663,-75.756,33.181683809,0.003479481,-0.001496134,,,,212.718974446,novatel_oem7_msgs.msg.SolutionStatus(status=0),novatel_oem7_msgs.msg.PositionOrVelocityType(type=53)
1786043647215760395,1786043647.215099800,/novatel/oem7/odom,/novatel/oem7/bestpos,/novatel/oem7/odom,39.663,-75.756,33.181683809,0.002917840,-0.001907898,-0.001930024,-0.002188331,-0.001907898,,,
1786043647225597446,1786043647.224997023,/novatel/oem7/inspva,/novatel/oem7/inspva,/novatel/oem7/inspva,39.663,-75.756,-1.800854499,0.003044602,-0.001609609,-0.002681932,-0.001441127,-0.001609609,,novatel_oem7_msgs.msg.InertialSolutionStatus(status=3),
1786043647226995959,1786043647.225146287,/novatel/oem7/fix,/novatel/oem7/fix,/novatel/oem7/inspva,39.663,-75.756,-1.800854499,0.003044602,-0.001609609,-0.002681932,-0.001441127,-0.001609609,,0,
1786043647228056436,1786043647.225580949,/novatel/oem7/odom,/novatel/oem7/fix,/novatel/oem7/odom,39.663,-75.756,-1.800854499,0.003038412,-0.001621264,-0.001561113,-0.002606698,-0.001621264,,,
1786043647236062701,1786043647.235433464,/novatel/oem7/odom,/novatel/oem7/fix,/novatel/oem7/odom,39.663,-75.756,-1.800854499,0.003038412,-0.001621264,-0.001561113,-0.002606698,-0.001621264,,,
1786043647245840164,1786043647.245274359,/novatel/oem7/inspva,/novatel/oem7/inspva,/novatel/oem7/inspva,39.663,-75.756,-1.800832912,0.003998060,0.000720545,-0.003994004,-0.000180063,0.000720545,,novatel_oem7_msgs.msg.InertialSolutionStatus(status=3),
1786043647247223051,1786043647.245430423,/novatel/oem7/fix,/novatel/oem7/fix,/novatel/oem7/inspva,39.663,-75.756,-1.800832912,0.003998060,0.000720545,-0.003994004,-0.000180063,0.000720545,,0,
1786043647248297052,1786043647.246125397,/novatel/oem7/odom,/novatel/oem7/fix,/novatel/oem7/odom,39.663,-75.756,-1.800832912,0.004000003,0.000709685,-0.000371744,-0.003982691,0.000709685,,,
1786043647257309960,1786043647.256640900,/novatel/oem7/odom,/novatel/oem7/fix,/novatel/oem7/odom,39.663,-75.756,-1.800832912,0.004000003,0.000709685,-0.000371744,-0.003982691,0.000709685,,,
1786043647266702045,1786043647.266075486,/novatel/oem7/inspva,/novatel/oem7/inspva,/novatel/oem7/inspva,39.663,-75.756,-1.800831546,0.003935219,0.000296225,-0.003918729,0.000359882,0.000296225,,novatel_oem7_msgs.msg.InertialSolutionStatus(status=3),
1786043647268081009,1786043647.266223781,/novatel/oem7/fix,/novatel/oem7/fix,/novatel/oem7/inspva,39.663,-75.756,-1.800831546,0.003935219,0.000296225,-0.003918729,0.000359882,0.000296225,,0,
1786043647269160070,1786043647.266688222,/novatel/oem7/odom,/novatel/oem7/fix,/novatel/oem7/odom,39.663,-75.756,-1.800831546,0.003935883,0.000287264,0.000172642,-0.003932095,0.000287264,,,
1786043647275591713,1786043647.274864405,/novatel/oem7/odom,/novatel/oem7/fix,/novatel/oem7/odom,39.663,-75.756,-1.800831546,0.003935883,0.000287264,0.000172642,-0.003932095,0.000287264,,,
1786043647285756439,1786043647.285383779,/novatel/oem7/inspva,/novatel/oem7/inspva,/novatel/oem7/inspva,39.663,-75.756,-1.800835863,0.002321131,-0.000662519,-0.001863607,-0.001383698,-0.000662519,,novatel_oem7_msgs.msg.InertialSolutionStatus(status=3),
1786043647286521867,1786043647.285540250,/novatel/oem7/fix,/novatel/oem7/fix,/novatel/oem7/inspva,39.663,-75.756,-1.800835863,0.002321131,-0.000662519,-0.001863607,-0.001383698,-0.000662519,,0,
1786043647287350970,1786043647.286272114,/novatel/oem7/odom,/novatel/oem7/fix,/novatel/oem7/odom,39.663,-75.756,-1.800835863,0.002318403,-0.000672006,-0.001468187,-0.001794274,-0.000672006,,,
1786043647295967071,1786043647.295602072,/novatel/oem7/odom,/novatel/oem7/fix,/novatel/oem7/odom,39.663,-75.756,-1.800835863,0.002318403,-0.000672006,-0.001468187,-0.001794274,-0.000672006,,,
1786043647306742478,1786043647.306085396,/novatel/oem7/inspva,/novatel/oem7/inspva,/novatel/oem7/inspva,39.663,-75.756,-1.800830528,0.002719272,-0.001712367,-0.002185206,-0.001618429,-0.001712367,,novatel_oem7_msgs.msg.InertialSolutionStatus(status=3),
1786043647308099809,1786043647.306233107,/novatel/oem7/fix,/novatel/oem7/fix,/novatel/oem7/inspva,39.663,-75.756,-1.800830528,0.002719272,-0.001712367,-0.002185206,-0.001618429,-0.001712367,,0,
1786043647309220663,1786043647.306666216,/novatel/oem7/odom,/novatel/oem7/fix,/novatel/oem7/odom,39.663,-75.756,-1.800830528,0.002712325,-0.001723350,-0.001714272,-0.002101898,-0.001723350,,,
1786043647310861406,1786043647.309977154,/novatel/oem7/bestpos,/novatel/oem7/bestpos,/novatel/oem7/odom,39.663,-75.756,33.181742039,0.002712325,-0.001723350,-0.001714272,-0.002101898,-0.001723350,,novatel_oem7_msgs.msg.SolutionStatus(status=0),novatel_oem7_msgs.msg.PositionOrVelocityType(type=53)
1786043647312355667,1786043647.310694104,/novatel/oem7/bestvel,/novatel/oem7/bestpos,/novatel/oem7/bestvel,39.663,-75.756,33.181742039,0.004061096,-0.000677775,,,,216.173505023,novatel_oem7_msgs.msg.SolutionStatus(status=0),novatel_oem7_msgs.msg.PositionOrVelocityType(type=53)
1786043647315363467,1786043647.314720996,/novatel/oem7/odom,/novatel/oem7/bestpos,/novatel/oem7/odom,39.663,-75.756,33.181742039,0.002712325,-0.001723350,-0.001714272,-0.002101898,-0.001723350,,,
1786043647327331741,1786043647.326774452,/novatel/oem7/inspva,/novatel/oem7/inspva,/novatel/oem7/inspva,39.663,-75.756,-1.800813851,0.004249836,0.000137118,-0.004215479,0.000539294,0.000137118,,novatel_oem7_msgs.msg.InertialSolutionStatus(status=3),
1786043647328715281,1786043647.326920120,/novatel/oem7/fix,/novatel/oem7/fix,/novatel/oem7/inspva,39.663,-75.756,-1.800813851,0.004249836,0.000137118,-0.004215479,0.000539294,0.000137118,,0,
1786043647329753661,1786043647.327639867,/novatel/oem7/odom,/novatel/oem7/fix,/novatel/oem7/odom,39.663,-75.756,-1.800813851,0.004250119,0.000128035,0.000338333,-0.004236631,0.000128035,,,
1786043647335748883,1786043647.335100978,/novatel/oem7/odom,/novatel/oem7/fix,/novatel/oem7/odom,39.663,-75.756,-1.800813851,0.004250119,0.000128035,0.000338333,-0.004236631,0.000128035,,,
1786043647345803696,1786043647.345197923,/novatel/oem7/inspva,/novatel/oem7/inspva,/novatel/oem7/inspva,39.663,-75.756,-1.800807638,0.003897393,0.000422565,-0.003896050,0.000102301,0.000422565,,novatel_oem7_msgs.msg.InertialSolutionStatus(status=3),
1786043647347164489,1786043647.345337607,/novatel/oem7/fix,/novatel/oem7/fix,/novatel/oem7/inspva,39.663,-75.756,-1.800807638,0.003897393,0.000422565,-0.003896050,0.000102301,0.000422565,,0,
1786043647348256170,1786043647.345762548,/novatel/oem7/odom,/novatel/oem7/fix,/novatel/oem7/odom,39.663,-75.756,-1.800807638,0.003898438,0.000412810,-0.000084031,-0.003897532,0.000412810,,,
1786043647356304349,1786043647.355648522,/novatel/oem7/odom,/novatel/oem7/fix,/novatel/oem7/odom,39.663,-75.756,-1.800807638,0.003898438,0.000412810,-0.000084031,-0.003897532,0.000412810,,,
1786043647366596350,1786043647.365964964,/novatel/oem7/inspva,/novatel/oem7/inspva,/novatel/oem7/inspva,39.663,-75.756,-1.800802598,0.001950376,0.000130497,-0.001870753,-0.000551588,0.000130497,,novatel_oem7_msgs.msg.InertialSolutionStatus(status=3),
1786043647368046044,1786043647.366114285,/novatel/oem7/fix,/novatel/oem7/fix,/novatel/oem7/inspva,39.663,-75.756,-1.800802598,0.001950376,0.000130497,-0.001870753,-0.000551588,0.000130497,,0,
1786043647369107184,1786043647.366704744,/novatel/oem7/odom,/novatel/oem7/fix,/novatel/oem7/odom,39.663,-75.756,-1.800802598,0.001950814,0.000123775,-0.000640134,-0.001842798,0.000123775,,,
1786043647375707802,1786043647.375000209,/novatel/oem7/odom,/novatel/oem7/fix,/novatel/oem7/odom,39.663,-75.756,-1.800802598,0.001950814,0.000123775,-0.000640134,-0.001842798,0.000123775,,,
1786043647386773681,1786043647.386180328,/novatel/oem7/inspva,/novatel/oem7/inspva,/novatel/oem7/inspva,39.663,-75.756,-1.800793964,0.002476537,-0.000510766,-0.002166178,-0.001200380,-0.000510766,,novatel_oem7_msgs.msg.InertialSolutionStatus(status=3),
1786043647388177205,1786043647.386325427,/novatel/oem7/fix,/novatel/oem7/fix,/novatel/oem7/inspva,39.663,-75.756,-1.800793964,0.002476537,-0.000510766,-0.002166178,-0.001200380,-0.000510766,,0,
1786043647389228435,1786043647.386765971,/novatel/oem7/odom,/novatel/oem7/fix,/novatel/oem7/odom,39.663,-75.756,-1.800793964,0.002474525,-0.000520427,-0.001299911,-0.002105589,-0.000520427,,,
1786043647395396189,1786043647.394696886,/novatel/oem7/odom,/novatel/oem7/fix,/novatel/oem7/odom,39.663,-75.756,-1.800793964,0.002474525,-0.000520427,-0.001299911,-0.002105589,-0.000520427,,,
1786043647407162448,1786043647.406616503,/novatel/oem7/inspva,/novatel/oem7/inspva,/novatel/oem7/inspva,39.663,-75.756,-1.800789845,0.003838400,-0.001245803,-0.003838397,-0.000005058,-0.001245803,,novatel_oem7_msgs.msg.InertialSolutionStatus(status=3),
1786043647408631252,1786043647.406761204,/novatel/oem7/fix,/novatel/oem7/fix,/novatel/oem7/inspva,39.663,-75.756,-1.800789845,0.003838400,-0.001245803,-0.003838397,-0.000005058,-0.001245803,,0,
1786043647409757520,1786043647.407259859,/novatel/oem7/odom,/novatel/oem7/fix,/novatel/oem7/odom,39.663,-75.756,-1.800789845,0.003835168,-0.001255719,-0.000182687,-0.003830814,-0.001255719,,,
1786043647411314185,1786043647.410349062,/novatel/oem7/bestpos,/novatel/oem7/bestpos,/novatel/oem7/odom,39.663,-75.756,33.181777671,0.003835168,-0.001255719,-0.000182687,-0.003830814,-0.001255719,,novatel_oem7_msgs.msg.SolutionStatus(status=0),novatel_oem7_msgs.msg.PositionOrVelocityType(type=53)
1786043647412341462,1786043647.410740743,/novatel/oem7/bestvel,/novatel/oem7/bestpos,/novatel/oem7/bestvel,39.663,-75.756,33.181777671,0.004608138,-0.000180146,,,,198.779259754,novatel_oem7_msgs.msg.SolutionStatus(status=0),novatel_oem7_msgs.msg.PositionOrVelocityType(type=53)
1786043647416174320,1786043647.415527970,/novatel/oem7/odom,/novatel/oem7/bestpos,/novatel/oem7/odom,39.663,-75.756,33.181777671,0.003835168,-0.001255719,-0.000182687,-0.003830814,-0.001255719,,,
1786043647425758997,1786043647.425097260,/novatel/oem7/inspva,/novatel/oem7/inspva,/novatel/oem7/inspva,39.663,-75.756,-1.800777434,0.003733935,-0.000225087,-0.003733529,-0.000055070,-0.000225087,,novatel_oem7_msgs.msg.InertialSolutionStatus(status=3),
1786043647427514891,1786043647.425236909,/novatel/oem7/fix,/novatel/oem7/fix,/novatel/oem7/inspva,39.663,-75.756,-1.800777434,0.003733935,-0.000225087,-0.003733529,-0.000055070,-0.000225087,,0,
1786043647428634112,1786043647.425711113,/novatel/oem7/odom,/novatel/oem7/fix,/novatel/oem7/odom,39.663,-75.756,-1.800777434,0.003733327,-0.000234957,-0.000231229,-0.003726159,-0.000234957,,,
1786043647435125442,1786043647.434436529,/novatel/oem7/odom,/novatel/oem7/fix,/novatel/oem7/odom,39.663,-75.756,-1.800777434,0.003733327,-0.000234957,-0.000231229,-0.003726159,-0.000234957,,,
1786043647447203461,1786043647.446639116,/novatel/oem7/inspva,/novatel/oem7/inspva,/novatel/oem7/inspva,39.663,-75.756,-1.800776068,0.002186644,0.000205324,-0.002062548,-0.000726157,0.000205324,,novatel_oem7_msgs.msg.InertialSolutionStatus(status=3),
1786043647448661522,1786043647.446794850,/novatel/oem7/fix,/novatel/oem7/fix,/novatel/oem7/inspva,39.663,-75.756,-1.800776068,0.002186644,0.000205324,-0.002062548,-0.000726157,0.000205324,,0,
1786043647449813937,1786043647.447302765,/novatel/oem7/odom,/novatel/oem7/fix,/novatel/oem7/odom,39.663,-75.756,-1.800776068,0.002187361,0.000197531,-0.000823867,-0.002026276,0.000197531,,,
1786043647457185602,1786043647.456473502,/novatel/oem7/odom,/novatel/oem7/fix,/novatel/oem7/odom,39.663,-75.756,-1.800776068,0.002187361,0.000197531,-0.000823867,-0.002026276,0.000197531,,,
1786043647465664969,1786043647.465008336,/novatel/oem7/inspva,/novatel/oem7/inspva,/novatel/oem7/inspva,39.663,-75.756,-1.800776177,0.002463762,-0.000491666,-0.002211417,-0.001086166,-0.000491666,,novatel_oem7_msgs.msg.InertialSolutionStatus(status=3),
1786043647467048382,1786043647.465154294,/novatel/oem7/fix,/novatel/oem7/fix,/novatel/oem7/inspva,39.663,-75.756,-1.800776177,0.002463762,-0.000491666,-0.002211417,-0.001086166,-0.000491666,,0,
1786043647468130333,1786043647.465551037,/novatel/oem7/odom,/novatel/oem7/fix,/novatel/oem7/odom,39.663,-75.756,-1.800776177,0.002461870,-0.000501054,-0.001188066,-0.002156224,-0.000501054,,,
1786043647476122228,1786043647.475433754,/novatel/oem7/odom,/novatel/oem7/fix,/novatel/oem7/odom,39.663,-75.756,-1.800776177,0.002461870,-0.000501054,-0.001188066,-0.002156224,-0.000501054,,,
1786043647485942568,1786043647.485260961,/novatel/oem7/inspva,/novatel/oem7/inspva,/novatel/oem7/inspva,39.663,-75.756,-1.800793876,0.003683593,-0.002462094,-0.003683018,-0.000065077,-0.002462094,,novatel_oem7_msgs.msg.InertialSolutionStatus(status=3),
1786043647487497717,1786043647.485503823,/novatel/oem7/fix,/novatel/oem7/fix,/novatel/oem7/inspva,39.663,-75.756,-1.800793876,0.003683593,-0.002462094,-0.003683018,-0.000065077,-0.002462094,,0,
1786043647488558910,1786043647.486144093,/novatel/oem7/odom,/novatel/oem7/fix,/novatel/oem7/odom,39.663,-75.756,-1.800793876,0.003677092,-0.002471794,-0.000231104,-0.003669822,-0.002471794,,,
1786043647495834548,1786043647.495150488,/novatel/oem7/odom,/novatel/oem7/fix,/novatel/oem7/odom,39.663,-75.756,-1.800793876,0.003677092,-0.002471794,-0.000231104,-0.003669822,-0.002471794,,,
1786043647506852710,1786043647.506120596,/novatel/oem7/inspva,/novatel/oem7/inspva,/novatel/oem7/inspva,39.663,-75.756,-1.800786033,0.003874076,-0.001465054,-0.003834591,-0.000551701,-0.001465054,,novatel_oem7_msgs.msg.InertialSolutionStatus(status=3),
1786043647508221153,1786043647.506338425,/novatel/oem7/fix,/novatel/oem7/fix,/novatel/oem7/inspva,39.663,-75.756,-1.800786033,0.003874076,-0.001465054,-0.003834591,-0.000551701,-0.001465054,,0,
1786043647509307217,1786043647.506745606,/novatel/oem7/odom,/novatel/oem7/fix,/novatel/oem7/odom,39.663,-75.756,-1.800786033,0.003869601,-0.001476832,-0.000727810,-0.003800540,-0.001476832,,,
1786043647512310203,1786043647.511659260,/novatel/oem7/bestpos,/novatel/oem7/bestpos,/novatel/oem7/odom,39.663,-75.756,33.181784983,0.003869601,-0.001476832,-0.000727810,-0.003800540,-0.001476832,,novatel_oem7_msgs.msg.SolutionStatus(status=0),novatel_oem7_msgs.msg.PositionOrVelocityType(type=53)
1786043647513902252,1786043647.512736867,/novatel/oem7/bestvel,/novatel/oem7/bestpos,/novatel/oem7/bestvel,39.663,-75.756,33.181784983,0.004652009,-0.000410590,,,,212.443108977,novatel_oem7_msgs.msg.SolutionStatus(status=0),novatel_oem7_msgs.msg.PositionOrVelocityType(type=53)
1786043647516267372,1786043647.515631119,/novatel/oem7/odom,/novatel/oem7/bestpos,/novatel/oem7/odom,39.663,-75.756,33.181784983,0.003869601,-0.001476832,-0.000727810,-0.003800540,-0.001476832,,,
1786043647525959067,1786043647.525265201,/novatel/oem7/inspva,/novatel/oem7/inspva,/novatel/oem7/inspva,39.663,-75.756,-1.800782754,0.002615342,0.000475633,-0.002539168,-0.000626612,0.000475633,,novatel_oem7_msgs.msg.InertialSolutionStatus(status=3),
1786043647527805289,1786043647.525489886,/novatel/oem7/fix,/novatel/oem7/fix,/novatel/oem7/inspva,39.663,-75.756,-1.800782754,0.002615342,0.000475633,-0.002539168,-0.000626612,0.000475633,,0,
1786043647528866459,1786043647.525802316,/novatel/oem7/odom,/novatel/oem7/fix,/novatel/oem7/odom,39.663,-75.756,-1.800782754,0.002616919,0.000466883,-0.000747986,-0.002507744,0.000466883,,,
1786043647536159464,1786043647.535477581,/novatel/oem7/odom,/novatel/oem7/fix,/novatel/oem7/odom,39.663,-75.756,-1.800782754,0.002616919,0.000466883,-0.000747986,-0.002507744,0.000466883,,,
1786043647546758505,1786043647.546014231,/novatel/oem7/inspva,/novatel/oem7/inspva,/novatel/oem7/inspva,39.663,-75.756,-1.800785074,0.002514547,0.000064543,-0.002125823,-0.001343065,0.000064543,,novatel_oem7_msgs.msg.InertialSolutionStatus(status=3),
1786043647548119418,1786043647.546225389,/novatel/oem7/fix,/novatel/oem7/fix,/novatel/oem7/inspva,39.663,-75.756,-1.800785074,0.002514547,0.000064543,-0.002125823,-0.001343065,0.000064543,,0,
1786043647549222269,1786043647.546651229,/novatel/oem7/odom,/novatel/oem7/fix,/novatel/oem7/odom,39.663,-75.756,-1.800785074,0.002514786,0.000054478,-0.001442572,-0.002059886,0.000054478,,,
1786043647556438477,1786043647.555763077,/novatel/oem7/odom,/novatel/oem7/fix,/novatel/oem7/odom,39.663,-75.756,-1.800785074,0.002514786,0.000054478,-0.001442572,-0.002059886,0.000054478,,,
1786043647567235569,1786043647.566520956,/novatel/oem7/inspva,/novatel/oem7/inspva,/novatel/oem7/inspva,39.663,-75.756,-1.800802871,0.002852675,-0.002371785,-0.002587322,-0.001201465,-0.002371785,,novatel_oem7_msgs.msg.InertialSolutionStatus(status=3),
1786043647568662730,1786043647.566731958,/novatel/oem7/fix,/novatel/oem7/fix,/novatel/oem7/inspva,39.663,-75.756,-1.800802871,0.002852675,-0.002371785,-0.002587322,-0.001201465,-0.002371785,,0,
1786043647569750284,1786043647.567114003,/novatel/oem7/odom,/novatel/oem7/fix,/novatel/oem7/odom,39.663,-75.756,-1.800802871,0.002843753,-0.002382475,-0.001314544,-0.002521687,-0.002382475,,,
1786043647575673442,1786043647.574981559,/novatel/oem7/odom,/novatel/oem7/fix,/novatel/oem7/odom,39.663,-75.756,-1.800802871,0.002843753,-0.002382475,-0.001314544,-0.002521687,-0.002382475,,,
1786043647585752807,1786043647.584993450,/novatel/oem7/inspva,/novatel/oem7/inspva,/novatel/oem7/inspva,39.663,-75.756,-1.800794177,0.003337910,-0.001520871,-0.003282076,-0.000607962,-0.001520871,,novatel_oem7_msgs.msg.InertialSolutionStatus(status=3),
1786043647587125118,1786043647.585209249,/novatel/oem7/fix,/novatel/oem7/fix,/novatel/oem7/inspva,39.663,-75.756,-1.800794177,0.003337910,-0.001520871,-0.003282076,-0.000607962,-0.001520871,,0,
1786043647588207045,1786043647.585678217,/novatel/oem7/odom,/novatel/oem7/fix,/novatel/oem7/odom,39.663,-75.756,-1.800794177,0.003333074,-0.001531441,-0.000757589,-0.003245834,-0.001531441,,,
1786043647595168760,1786043647.594496763,/novatel/oem7/odom,/novatel/oem7/fix,/novatel/oem7/odom,39.663,-75.756,-1.800794177,0.003333074,-0.001531441,-0.000757589,-0.003245834,-0.001531441,,,
1786043647607347589,1786043647.606657879,/novatel/oem7/inspva,/novatel/oem7/inspva,/novatel/oem7/inspva,39.663,-75.756,-1.800774269,0.003480189,0.001288286,-0.003471929,0.000239633,0.001288286,,novatel_oem7_msgs.msg.InertialSolutionStatus(status=3),
1786043647608852348,1786043647.606866122,/novatel/oem7/fix,/novatel/oem7/fix,/novatel/oem7/inspva,39.663,-75.756,-1.800774269,0.003480189,0.001288286,-0.003471929,0.000239633,0.001288286,,0,
1786043647610080340,1786043647.607756500,/novatel/oem7/odom,/novatel/oem7/fix,/novatel/oem7/odom,39.663,-75.756,-1.800774269,0.003483262,0.001279955,0.000070220,-0.003482554,0.001279955,,,
1786043647611761437,1786043647.610459454,/novatel/oem7/bestpos,/novatel/oem7/bestpos,/novatel/oem7/odom,39.663,-75.756,33.181769052,0.003483262,0.001279955,0.000070220,-0.003482554,0.001279955,,novatel_oem7_msgs.msg.SolutionStatus(status=0),novatel_oem7_msgs.msg.PositionOrVelocityType(type=53)
1786043647612703222,1786043647.610895058,/novatel/oem7/bestvel,/novatel/oem7/bestpos,/novatel/oem7/bestvel,39.663,-75.756,33.181769052,0.002636079,0.000541908,,,,165.611890989,novatel_oem7_msgs.msg.SolutionStatus(status=0),novatel_oem7_msgs.msg.PositionOrVelocityType(type=53)
1786043647615588914,1786043647.614942018,/novatel/oem7/odom,/novatel/oem7/bestpos,/novatel/oem7/odom,39.663,-75.756,33.181769052,0.003483262,0.001279955,0.000070220,-0.003482554,0.001279955,,,
1786043647625906448,1786043647.625148411,/novatel/oem7/inspva,/novatel/oem7/inspva,/novatel/oem7/inspva,39.663,-75.756,-1.800774192,0.002649349,0.000838227,-0.002459598,-0.000984595,0.000838227,,novatel_oem7_msgs.msg.InertialSolutionStatus(status=3),
1786043647626548745,1786043647.625355676,/novatel/oem7/fix,/novatel/oem7/fix,/novatel/oem7/inspva,39.663,-75.756,-1.800774192,0.002649349,0.000838227,-0.002459598,-0.000984595,0.000838227,,0,
1786043647627027954,1786043647.625644663,/novatel/oem7/odom,/novatel/oem7/fix,/novatel/oem7/odom,39.663,-75.756,-1.800774192,0.002652429,0.000828431,-0.001103050,-0.002412190,0.000828431,,,
1786043647635411829,1786043647.634707795,/novatel/oem7/odom,/novatel/oem7/fix,/novatel/oem7/odom,39.663,-75.756,-1.800774192,0.002652429,0.000828431,-0.001103050,-0.002412190,0.000828431,,,
1786043647645945048,1786043647.645376920,/novatel/oem7/inspva,/novatel/oem7/inspva,/novatel/oem7/inspva,39.663,-75.756,-1.800798332,0.002728598,-0.002730271,-0.002107701,-0.001732872,-0.002730271,,novatel_oem7_msgs.msg.InertialSolutionStatus(status=3),
1786043647647287508,1786043647.645538181,/novatel/oem7/fix,/novatel/oem7/fix,/novatel/oem7/inspva,39.663,-75.756,-1.800798332,0.002728598,-0.002730271,-0.002107701,-0.001732872,-0.002730271,,0,
1786043647648309835,1786043647.646147830,/novatel/oem7/odom,/novatel/oem7/fix,/novatel/oem7/odom,39.663,-75.756,-1.800798332,0.002717280,-0.002741536,-0.001821345,-0.002016510,-0.002741536,,,
1786043647657227803,1786043647.656518636,/novatel/oem7/odom,/novatel/oem7/fix,/novatel/oem7/odom,39.663,-75.756,-1.800798332,0.002717280,-0.002741536,-0.001821345,-0.002016510,-0.002741536,,,
1786043647666741946,1786043647.666152434,/novatel/oem7/inspva,/novatel/oem7/inspva,/novatel/oem7/inspva,39.663,-75.756,-1.800793150,0.002805283,-0.001931881,-0.002700002,-0.000761316,-0.001931881,,novatel_oem7_msgs.msg.InertialSolutionStatus(status=3),
1786043647668090136,1786043647.666304415,/novatel/oem7/fix,/novatel/oem7/fix,/novatel/oem7/inspva,39.663,-75.756,-1.800793150,0.002805283,-0.001931881,-0.002700002,-0.000761316,-0.001931881,,0,
1786043647669125503,1786043647.666721979,/novatel/oem7/odom,/novatel/oem7/fix,/novatel/oem7/odom,39.663,-75.756,-1.800793150,0.002798640,-0.001941493,-0.000881762,-0.002656103,-0.001941493,,,
1786043647675320204,1786043647.674628737,/novatel/oem7/odom,/novatel/oem7/fix,/novatel/oem7/odom,39.663,-75.756,-1.800793150,0.002798640,-0.001941493,-0.000881762,-0.002656103,-0.001941493,,,
1786043647685996655,1786043647.685400390,/novatel/oem7/inspva,/novatel/oem7/inspva,/novatel/oem7/inspva,39.663,-75.756,-1.800774151,0.003670064,0.001001398,-0.003612250,0.000648861,0.001001398,,novatel_oem7_msgs.msg.InertialSolutionStatus(status=3),
1786043647687520086,1786043647.685589188,/novatel/oem7/fix,/novatel/oem7/fix,/novatel/oem7/inspva,39.663,-75.756,-1.800774151,0.003670064,0.001001398,-0.003612250,0.000648861,0.001001398,,0,
1786043647688567001,1786043647.686262124,/novatel/oem7/odom,/novatel/oem7/fix,/novatel/oem7/odom,39.663,-75.756,-1.800774151,0.003672069,0.000994020,0.000473335,-0.003641435,0.000994020,,,
1786043647695389871,1786043647.695076577,/novatel/oem7/odom,/novatel/oem7/fix,/novatel/oem7/odom,39.663,-75.756,-1.800774151,0.003672069,0.000994020,0.000473335,-0.003641435,0.000994020,,,
1786043647706573950,1786043647.705970018,/novatel/oem7/inspva,/novatel/oem7/inspva,/novatel/oem7/inspva,39.663,-75.756,-1.800781397,0.002951055,0.000240338,-0.002705982,-0.001177451,0.000240338,,novatel_oem7_msgs.msg.InertialSolutionStatus(status=3),
1786043647707888993,1786043647.706138649,/novatel/oem7/fix,/novatel/oem7/fix,/novatel/oem7/inspva,39.663,-75.756,-1.800781397,0.002951055,0.000240338,-0.002705982,-0.001177451,0.000240338,,0,
1786043647708906046,1786043647.706455452,/novatel/oem7/odom,/novatel/oem7/fix,/novatel/oem7/odom,39.663,-75.756,-1.800781397,0.002951938,0.000229239,-0.001305280,-0.002647675,0.000229239,,,
1786043647710372811,1786043647.709639341,/novatel/oem7/bestpos,/novatel/oem7/bestpos,/novatel/oem7/odom,39.663,-75.756,33.181759459,0.002951938,0.000229239,-0.001305280,-0.002647675,0.000229239,,novatel_oem7_msgs.msg.SolutionStatus(status=0),novatel_oem7_msgs.msg.PositionOrVelocityType(type=53)
1786043647711798609,1786043647.710441291,/novatel/oem7/bestvel,/novatel/oem7/bestpos,/novatel/oem7/bestvel,39.663,-75.756,33.181759459,0.003178774,-0.000374178,,,,170.911180691,novatel_oem7_msgs.msg.SolutionStatus(status=0),novatel_oem7_msgs.msg.PositionOrVelocityType(type=53)
1786043647715096444,1786043647.714405980,/novatel/oem7/odom,/novatel/oem7/bestpos,/novatel/oem7/odom,39.663,-75.756,33.181759459,0.002951938,0.000229239,-0.001305280,-0.002647675,0.000229239,,,
1786043647727355981,1786043647.726782739,/novatel/oem7/inspva,/novatel/oem7/inspva,/novatel/oem7/inspva,39.663,-75.756,-1.800809668,0.002750113,-0.002135609,-0.001325356,-0.002409679,-0.002135609,,novatel_oem7_msgs.msg.InertialSolutionStatus(status=3),
1786043647728710421,1786043647.726944247,/novatel/oem7/fix,/novatel/oem7/fix,/novatel/oem7/inspva,39.663,-75.756,-1.800809668,0.002750113,-0.002135609,-0.001325356,-0.002409679,-0.002135609,,0,
1786043647729750021,1786043647.727346344,/novatel/oem7/odom,/novatel/oem7/fix,/novatel/oem7/odom,39.663,-75.756,-1.800809668,0.002741139,-0.002147116,-0.002462369,-0.001204400,-0.002147116,,,
1786043647735797184,1786043647.735104144,/novatel/oem7/odom,/novatel/oem7/fix,/novatel/oem7/odom,39.663,-75.756,-1.800809668,0.002741139,-0.002147116,-0.002462369,-0.001204400,-0.002147116,,,
1786043647745869353,1786043647.745288384,/novatel/oem7/inspva,/novatel/oem7/inspva,/novatel/oem7/inspva,39.663,-75.756,-1.800811601,0.002493611,-0.002264103,-0.002367931,-0.000781664,-0.002264103,,novatel_oem7_msgs.msg.InertialSolutionStatus(status=3),
1786043647747197029,1786043647.745457465,/novatel/oem7/fix,/novatel/oem7/fix,/novatel/oem7/inspva,39.663,-75.756,-1.800811601,0.002493611,-0.002264103,-0.002367931,-0.000781664,-0.002264103,,0,
1786043647748217612,1786043647.745866129,/novatel/oem7/odom,/novatel/oem7/fix,/novatel/oem7/odom,39.663,-75.756,-1.800811601,0.002485566,-0.002272933,-0.000885177,-0.002322606,-0.002272933,,,
1786043647756795040,1786043647.756027736,/novatel/oem7/odom,/novatel/oem7/fix,/novatel/oem7/odom,39.663,-75.756,-1.800811601,0.002485566,-0.002272933,-0.000885177,-0.002322606,-0.002272933,,,
1786043647765752986,1786043647.765397238,/novatel/oem7/inspva,/novatel/oem7/inspva,/novatel/oem7/inspva,39.663,-75.756,-1.800795891,0.003818876,0.000276354,-0.003739644,-0.000773871,0.000276354,,novatel_oem7_msgs.msg.InertialSolutionStatus(status=3),
1786043647766354914,1786043647.765570670,/novatel/oem7/fix,/novatel/oem7/fix,/novatel/oem7/inspva,39.663,-75.756,-1.800795891,0.003818876,0.000276354,-0.003739644,-0.000773871,0.000276354,,0,
1786043647767671803,1786043647.766152890,/novatel/oem7/odom,/novatel/oem7/fix,/novatel/oem7/odom,39.663,-75.756,-1.800795891,0.003819759,0.000263871,-0.000951315,-0.003699399,0.000263871,,,
1786043647775232491,1786043647.774557298,/novatel/oem7/odom,/novatel/oem7/fix,/novatel/oem7/odom,39.663,-75.756,-1.800795891,0.003819759,0.000263871,-0.000951315,-0.003699399,0.000263871,,,
1786043647787756470,1786043647.787123404,/novatel/oem7/inspva,/novatel/oem7/inspva,/novatel/oem7/inspva,39.663,-75.756,-1.800798146,0.002806918,0.000238915,-0.002792798,-0.000281197,0.000238915,,novatel_oem7_msgs.msg.InertialSolutionStatus(status=3),
1786043647789106024,1786043647.787287740,/novatel/oem7/fix,/novatel/oem7/fix,/novatel/oem7/inspva,39.663,-75.756,-1.800798146,0.002806918,0.000238915,-0.002792798,-0.000281197,0.000238915,,0,
1786043647790156764,1786043647.787516265,/novatel/oem7/odom,/novatel/oem7/fix,/novatel/oem7/odom,39.663,-75.756,-1.800798146,0.002807612,0.000230623,-0.000414155,-0.002776898,0.000230623,,,
1786043647795021332,1786043647.794373537,/novatel/oem7/odom,/novatel/oem7/fix,/novatel/oem7/odom,39.663,-75.756,-1.800798146,0.002807612,0.000230623,-0.000414155,-0.002776898,0.000230623,,,
1786043647806902642,1786043647.806388970,/novatel/oem7/inspva,/novatel/oem7/inspva,/novatel/oem7/inspva,39.663,-75.756,-1.800815688,0.002333577,-0.001115916,-0.001234181,-0.001980499,-0.001115916,,novatel_oem7_msgs.msg.InertialSolutionStatus(status=3),
1786043647808266216,1786043647.806547179,/novatel/oem7/fix,/novatel/oem7/fix,/novatel/oem7/inspva,39.663,-75.756,-1.800815688,0.002333577,-0.001115916,-0.001234181,-0.001980499,-0.001115916,,0,
1786043647809314952,1786043647.807121991,/novatel/oem7/odom,/novatel/oem7/fix,/novatel/oem7/odom,39.663,-75.756,-1.800815688,0.002328777,-0.001125899,-0.002032841,-0.001136116,-0.001125899,,,
1786043647810799197,1786043647.810218711,/novatel/oem7/bestpos,/novatel/oem7/bestpos,/novatel/oem7/odom,39.663,-75.756,33.181730335,0.002328777,-0.001125899,-0.002032841,-0.001136116,-0.001125899,,novatel_oem7_msgs.msg.SolutionStatus(status=0),novatel_oem7_msgs.msg.PositionOrVelocityType(type=53)
1786043647812233448,1786043647.810622535,/novatel/oem7/bestvel,/novatel/oem7/bestpos,/novatel/oem7/bestvel,39.663,-75.756,33.181730335,0.001240736,-0.001957275,,,,199.991714455,novatel_oem7_msgs.msg.SolutionStatus(status=0),novatel_oem7_msgs.msg.PositionOrVelocityType(type=53)
1786043647816069732,1786043647.815437886,/novatel/oem7/odom,/novatel/oem7/bestpos,/novatel/oem7/odom,39.663,-75.756,33.181730335,0.002328777,-0.001125899,-0.002032841,-0.001136116,-0.001125899,,,
1786043647825586899,1786043647.824973043,/novatel/oem7/inspva,/novatel/oem7/inspva,/novatel/oem7/inspva,39.663,-75.756,-1.800818400,0.002090449,-0.001843356,-0.001356720,-0.001590374,-0.001843356,,novatel_oem7_msgs.msg.InertialSolutionStatus(status=3),
1786043647826884935,1786043647.825154701,/novatel/oem7/fix,/novatel/oem7/fix,/novatel/oem7/inspva,39.663,-75.756,-1.800818400,0.002090449,-0.001843356,-0.001356720,-0.001590374,-0.001843356,,0,
1786043647827935765,1786043647.825498441,/novatel/oem7/odom,/novatel/oem7/fix,/novatel/oem7/odom,39.663,-75.756,-1.800818400,0.002082549,-0.001852277,-0.001646470,-0.001275205,-0.001852277,,,
1786043647835045552,1786043647.834393712,/novatel/oem7/odom,/novatel/oem7/fix,/novatel/oem7/odom,39.663,-75.756,-1.800818400,0.002082549,-0.001852277,-0.001646470,-0.001275205,-0.001852277,,,
1786043647847078790,1786043647.846538401,/novatel/oem7/inspva,/novatel/oem7/inspva,/novatel/oem7/inspva,39.663,-75.756,-1.800803673,0.003390948,-0.000037821,-0.003384010,-0.000216812,-0.000037821,,novatel_oem7_msgs.msg.InertialSolutionStatus(status=3),
1786043647848404443,1786043647.846703873,/novatel/oem7/fix,/novatel/oem7/fix,/novatel/oem7/inspva,39.663,-75.756,-1.800803673,0.003390948,-0.000037821,-0.003384010,-0.000216812,-0.000037821,,0,
1786043647849497920,1786043647.846994258,/novatel/oem7/odom,/novatel/oem7/fix,/novatel/oem7/odom,39.663,-75.756,-1.800803673,0.003390827,-0.000047455,-0.000376934,-0.003369812,-0.000047455,,,
1786043647857062938,1786043647.856393538,/novatel/oem7/odom,/novatel/oem7/fix,/novatel/oem7/odom,39.663,-75.756,-1.800803673,0.003390827,-0.000047455,-0.000376934,-0.003369812,-0.000047455,,,
1786043647865714073,1786043647.865117914,/novatel/oem7/inspva,/novatel/oem7/inspva,/novatel/oem7/inspva,39.663,-75.756,-1.800800361,0.002711470,-0.000086047,-0.002660783,-0.000521826,-0.000086047,,novatel_oem7_msgs.msg.InertialSolutionStatus(status=3),
1786043647867043816,1786043647.865284222,/novatel/oem7/fix,/novatel/oem7/fix,/novatel/oem7/inspva,39.663,-75.756,-1.800800361,0.002711470,-0.000086047,-0.002660783,-0.000521826,-0.000086047,,0,
1786043647868179114,1786043647.865578756,/novatel/oem7/odom,/novatel/oem7/fix,/novatel/oem7/odom,39.663,-75.756,-1.800800361,0.002711178,-0.000094814,-0.000647145,-0.002632810,-0.000094814,,,
1786043647875348674,1786043647.874712908,/novatel/oem7/odom,/novatel/oem7/fix,/novatel/oem7/odom,39.663,-75.756,-1.800800361,0.002711178,-0.000094814,-0.000647145,-0.002632810,-0.000094814,,,
1786043647885908604,1786043647.885380219,/novatel/oem7/inspva,/novatel/oem7/inspva,/novatel/oem7/inspva,39.663,-75.756,-1.800810971,0.001950515,-0.000561630,-0.001369933,-0.001388450,-0.000561630,,novatel_oem7_msgs.msg.InertialSolutionStatus(status=3),
1786043647887356558,1786043647.885564291,/novatel/oem7/fix,/novatel/oem7/fix,/novatel/oem7/inspva,39.663,-75.756,-1.800810971,0.001950515,-0.000561630,-0.001369933,-0.001388450,-0.000561630,,0,
1786043647888405912,1786043647.886234270,/novatel/oem7/odom,/novatel/oem7/fix,/novatel/oem7/odom,39.663,-75.756,-1.800810971,0.001948097,-0.000569960,-0.001449870,-0.001301138,-0.000569960,,,
1786043647895582776,1786043647.894891962,/novatel/oem7/odom,/novatel/oem7/fix,/novatel/oem7/odom,39.663,-75.756,-1.800810971,0.001948097,-0.000569960,-0.001449870,-0.001301138,-0.000569960,,,
1786043647906538883,1786043647.905961538,/novatel/oem7/inspva,/novatel/oem7/inspva,/novatel/oem7/inspva,39.663,-75.756,-1.800818199,0.001766278,-0.000982364,-0.001281356,-0.001215676,-0.000982364,,novatel_oem7_msgs.msg.InertialSolutionStatus(status=3),
1786043647907943327,1786043647.906127653,/novatel/oem7/fix,/novatel/oem7/fix,/novatel/oem7/inspva,39.663,-75.756,-1.800818199,0.001766278,-0.000982364,-0.001281356,-0.001215676,-0.000982364,,0,
1786043647909088958,1786043647.906383014,/novatel/oem7/odom,/novatel/oem7/fix,/novatel/oem7/odom,39.663,-75.756,-1.800818199,0.001762075,-0.000989883,-0.001271601,-0.001219812,-0.000989883,,,
1786043647910869813,1786043647.909485062,/novatel/oem7/bestpos,/novatel/oem7/bestpos,/novatel/oem7/odom,39.663,-75.756,33.181728063,0.001762075,-0.000989883,-0.001271601,-0.001219812,-0.000989883,,novatel_oem7_msgs.msg.SolutionStatus(status=0),novatel_oem7_msgs.msg.PositionOrVelocityType(type=53)
1786043647912280593,1786043647.910288573,/novatel/oem7/bestvel,/novatel/oem7/bestpos,/novatel/oem7/bestvel,39.663,-75.756,33.181728063,0.001123610,-0.001628561,,,,187.684636897,novatel_oem7_msgs.msg.SolutionStatus(status=0),novatel_oem7_msgs.msg.PositionOrVelocityType(type=53)
1786043647915054140,1786043647.914378924,/novatel/oem7/odom,/novatel/oem7/bestpos,/novatel/oem7/odom,39.663,-75.756,33.181728063,0.001762075,-0.000989883,-0.001271601,-0.001219812,-0.000989883,,,
1786043647925732112,1786043647.925168119,/novatel/oem7/inspva,/novatel/oem7/inspva,/novatel/oem7/inspva,39.663,-75.756,-1.800823958,0.002997008,-0.001692648,-0.002818495,-0.001018893,-0.001692648,,novatel_oem7_msgs.msg.InertialSolutionStatus(status=3),
1786043647927062668,1786043647.925348101,/novatel/oem7/fix,/novatel/oem7/fix,/novatel/oem7/inspva,39.663,-75.756,-1.800823958,0.002997008,-0.001692648,-0.002818495,-0.001018893,-0.001692648,,0,
1786043647928110835,1786043647.925751319,/novatel/oem7/odom,/novatel/oem7/fix,/novatel/oem7/odom,39.663,-75.756,-1.800823958,0.002990818,-0.001703561,-0.001145511,-0.002762752,-0.001703561,,,
1786043647936071480,1786043647.935404467,/novatel/oem7/odom,/novatel/oem7/fix,/novatel/oem7/odom,39.663,-75.756,-1.800823958,0.002990818,-0.001703561,-0.001145511,-0.002762752,-0.001703561,,,
1786043647945529306,1786043647.944949534,/novatel/oem7/inspva,/novatel/oem7/inspva,/novatel/oem7/inspva,39.663,-75.756,-1.800813823,0.002770258,-0.000829150,-0.002734480,-0.000443787,-0.000829150,,novatel_oem7_msgs.msg.InertialSolutionStatus(status=3),
1786043647946875029,1786043647.945119432,/novatel/oem7/fix,/novatel/oem7/fix,/novatel/oem7/inspva,39.663,-75.756,-1.800813823,0.002770258,-0.000829150,-0.002734480,-0.000443787,-0.000829150,,0,
1786043647947969237,1786043647.945566190,/novatel/oem7/odom,/novatel/oem7/fix,/novatel/oem7/odom,39.663,-75.756,-1.800813823,0.002767635,-0.000837864,-0.000570068,-0.002708288,-0.000837864,,,
1786043647956321535,1786043647.955649602,/novatel/oem7/odom,/novatel/oem7/fix,/novatel/oem7/odom,39.663,-75.756,-1.800813823,0.002767635,-0.000837864,-0.000570068,-0.002708288,-0.000837864,,,
1786043647967046334,1786043647.966475005,/novatel/oem7/inspva,/novatel/oem7/inspva,/novatel/oem7/inspva,39.663,-75.756,-1.800816939,0.001834975,-0.000012120,-0.001616617,-0.000868150,-0.000012120,,novatel_oem7_msgs.msg.InertialSolutionStatus(status=3),
1786043647968500065,1786043647.966700887,/novatel/oem7/fix,/novatel/oem7/fix,/novatel/oem7/inspva,39.663,-75.756,-1.800816939,0.001834975,-0.000012120,-0.001616617,-0.000868150,-0.000012120,,0,
1786043647969631486,1786043647.967092328,/novatel/oem7/odom,/novatel/oem7/fix,/novatel/oem7/odom,39.663,-75.756,-1.800816939,0.001834913,-0.000019362,-0.000943790,-0.001573584,-0.000019362,,,
1786043647975632815,1786043647.974881351,/novatel/oem7/odom,/novatel/oem7/fix,/novatel/oem7/odom,39.663,-75.756,-1.800816939,0.001834913,-0.000019362,-0.000943790,-0.001573584,-0.000019362,,,
1786043647985695417,1786043647.985043437,/novatel/oem7/inspva,/novatel/oem7/inspva,/novatel/oem7/inspva,39.663,-75.756,-1.800822237,0.001599620,-0.000177962,-0.001538624,-0.000437517,-0.000177962,,novatel_oem7_msgs.msg.InertialSolutionStatus(status=3),
1786043647987073761,1786043647.985248516,/novatel/oem7/fix,/novatel/oem7/fix,/novatel/oem7/inspva,39.663,-75.756,-1.800822237,0.001599620,-0.000177962,-0.001538624,-0.000437517,-0.000177962,,0,
1786043647988154348,1786043647.985606366,/novatel/oem7/odom,/novatel/oem7/fix,/novatel/oem7/odom,39.663,-75.756,-1.800822237,0.001598991,-0.000183526,-0.000509363,-0.001515692,-0.000183526,,,
1786043647996084412,1786043647.995395099,/novatel/oem7/odom,/novatel/oem7/fix,/novatel/oem7/odom,39.663,-75.756,-1.800822237,0.001598991,-0.000183526,-0.000509363,-0.001515692,-0.000183526,,,
1786043648009097473,1786043648.008308676,/novatel/oem7/inspva,/novatel/oem7/inspva,/novatel/oem7/inspva,39.663,-75.756,-1.800837014,0.002254533,-0.002071975,-0.002155820,-0.000659818,-0.002071975,,novatel_oem7_msgs.msg.InertialSolutionStatus(status=3),
1786043648010579885,1786043648.008516948,/novatel/oem7/fix,/novatel/oem7/fix,/novatel/oem7/inspva,39.663,-75.756,-1.800837014,0.002254533,-0.002071975,-0.002155820,-0.000659818,-0.002071975,,0,
1786043648012271578,1786043648.010987542,/novatel/oem7/odom,/novatel/oem7/fix,/novatel/oem7/odom,39.663,-75.756,-1.800837014,0.002247262,-0.002079859,-0.000754028,-0.002116986,-0.002079859,,,
1786043648016247060,1786043648.015564944,/novatel/oem7/odom,/novatel/oem7/fix,/novatel/oem7/odom,39.663,-75.756,-1.800837014,0.002247262,-0.002079859,-0.000754028,-0.002116986,-0.002079859,,,
1786043648025472204,1786043648.024873070,/novatel/oem7/bestpos,/novatel/oem7/bestpos,/novatel/oem7/odom,39.663,-75.756,33.181729333,0.002247262,-0.002079859,-0.000754028,-0.002116986,-0.002079859,,novatel_oem7_msgs.msg.SolutionStatus(status=0),novatel_oem7_msgs.msg.PositionOrVelocityType(type=53)
1786043648027020396,1786043648.026286929,/novatel/oem7/bestvel,/novatel/oem7/bestpos,/novatel/oem7/bestvel,39.663,-75.756,33.181729333,0.003032335,-0.001561867,,,,194.869543262,novatel_oem7_msgs.msg.SolutionStatus(status=0),novatel_oem7_msgs.msg.PositionOrVelocityType(type=53)
1786043648028655862,1786043648.027178331,/novatel/oem7/inspva,/novatel/oem7/inspva,/novatel/oem7/inspva,39.663,-75.756,-1.800827205,0.002981637,-0.001762205,-0.002713877,-0.001234922,-0.001762205,,novatel_oem7_msgs.msg.InertialSolutionStatus(status=3),
1786043648029532784,1786043648.027342392,/novatel/oem7/fix,/novatel/oem7/fix,/novatel/oem7/inspva,39.663,-75.756,-1.800827205,0.002981637,-0.001762205,-0.002713877,-0.001234922,-0.001762205,,0,
1786043648030660132,1786043648.027720726,/novatel/oem7/odom,/novatel/oem7/fix,/novatel/oem7/odom,39.663,-75.756,-1.800827205,0.002974953,-0.001773465,-0.001356033,-0.002647928,-0.001773465,,,
1786043648035334595,1786043648.034645294,/novatel/oem7/odom,/novatel/oem7/fix,/novatel/oem7/odom,39.663,-75.756,-1.800827205,0.002974953,-0.001773465,-0.001356033,-0.002647928,-0.001773465,,,
1786043648046146801,1786043648.045469187,/novatel/oem7/inspva,/novatel/oem7/inspva,/novatel/oem7/inspva,39.663,-75.756,-1.800806521,0.001994206,0.000430807,-0.001994092,0.000021352,0.000430807,,novatel_oem7_msgs.msg.InertialSolutionStatus(status=3),
1786043648047627852,1786043648.045680563,/novatel/oem7/fix,/novatel/oem7/fix,/novatel/oem7/inspva,39.663,-75.756,-1.800806521,0.001994206,0.000430807,-0.001994092,0.000021352,0.000430807,,0,
1786043648048706952,1786043648.046312742,/novatel/oem7/odom,/novatel/oem7/fix,/novatel/oem7/odom,39.663,-75.756,-1.800806521,0.001995317,0.000425634,-0.000074770,-0.001993915,0.000425634,,,
1786043648057146892,1786043648.056470938,/novatel/oem7/odom,/novatel/oem7/fix,/novatel/oem7/odom,39.663,-75.756,-1.800806521,0.001995317,0.000425634,-0.000074770,-0.001993915,0.000425634,,,
1786043648065699249,1786043648.065064393,/novatel/oem7/inspva,/novatel/oem7/inspva,/novatel/oem7/inspva,39.663,-75.756,-1.800796220,0.001868267,0.000594370,-0.001837355,-0.000338450,0.000594370,,novatel_oem7_msgs.msg.InertialSolutionStatus(status=3),
1786043648067127353,1786043648.065238608,/novatel/oem7/fix,/novatel/oem7/fix,/novatel/oem7/inspva,39.663,-75.756,-1.800796220,0.001868267,0.000594370,-0.001837355,-0.000338450,0.000594370,,0,
1786043648068243931,1786043648.065646625,/novatel/oem7/odom,/novatel/oem7/fix,/novatel/oem7/odom,39.663,-75.756,-1.800796220,0.001870177,0.000588332,-0.000427326,-0.001820702,0.000588332,,,
1786043648075303867,1786043648.074496216,/novatel/oem7/odom,/novatel/oem7/fix,/novatel/oem7/odom,39.663,-75.756,-1.800796220,0.001870177,0.000588332,-0.000427326,-0.001820702,0.000588332,,,
1786043648087311575,1786043648.086737103,/novatel/oem7/inspva,/novatel/oem7/inspva,/novatel/oem7/inspva,39.663,-75.756,-1.800810782,0.001785940,-0.002290862,-0.001077123,-0.001424565,-0.002290862,,novatel_oem7_msgs.msg.InertialSolutionStatus(status=3),
1786043648088704322,1786043648.086886831,/novatel/oem7/fix,/novatel/oem7/fix,/novatel/oem7/inspva,39.663,-75.756,-1.800810782,0.001785940,-0.002290862,-0.001077123,-0.001424565,-0.002290862,,0,
1786043648089804393,1786043648.087319178,/novatel/oem7/odom,/novatel/oem7/fix,/novatel/oem7/odom,39.663,-75.756,-1.800810782,0.001776098,-0.002298500,-0.001465944,-0.001002762,-0.002298500,,,
1786043648095643140,1786043648.094976580,/novatel/oem7/odom,/novatel/oem7/fix,/novatel/oem7/odom,39.663,-75.756,-1.800810782,0.001776098,-0.002298500,-0.001465944,-0.001002762,-0.002298500,,,
1786043648106920561,1786043648.105815373,/novatel/oem7/inspva,/novatel/oem7/inspva,/novatel/oem7/inspva,39.663,-75.756,-1.800797516,0.002066908,-0.002152973,-0.001753890,-0.001093609,-0.002152973,,novatel_oem7_msgs.msg.InertialSolutionStatus(status=3),
1786043648107835963,1786043648.106082776,/novatel/oem7/fix,/novatel/oem7/fix,/novatel/oem7/inspva,39.663,-75.756,-1.800797516,0.002066908,-0.002152973,-0.001753890,-0.001093609,-0.002152973,,0,
1786043648109604097,1786043648.106468753,/novatel/oem7/odom,/novatel/oem7/fix,/novatel/oem7/odom,39.663,-75.756,-1.800797516,0.002058252,-0.002161250,-0.001167959,-0.001694778,-0.002161250,,,
1786043648111215126,1786043648.109335844,/novatel/oem7/bestpos,/novatel/oem7/bestpos,/novatel/oem7/odom,39.663,-75.756,33.181760409,0.002058252,-0.002161250,-0.001167959,-0.001694778,-0.002161250,,novatel_oem7_msgs.msg.SolutionStatus(status=0),novatel_oem7_msgs.msg.PositionOrVelocityType(type=53)
1786043648112222950,1786043648.109953944,/novatel/oem7/bestvel,/novatel/oem7/bestpos,/novatel/oem7/bestvel,39.663,-75.756,33.181760409,0.003130313,-0.001324480,,,,214.458057903,novatel_oem7_msgs.msg.SolutionStatus(status=0),novatel_oem7_msgs.msg.PositionOrVelocityType(type=53)
1786043648116304380,1786043648.115594243,/novatel/oem7/odom,/novatel/oem7/bestpos,/novatel/oem7/odom,39.663,-75.756,33.181760409,0.002058252,-0.002161250,-0.001167959,-0.001694778,-0.002161250,,,
1786043648126025341,1786043648.125471266,/novatel/oem7/inspva,/novatel/oem7/inspva,/novatel/oem7/inspva,39.663,-75.756,-1.800772530,0.002753858,0.000440224,-0.002706291,0.000509632,0.000440224,,novatel_oem7_msgs.msg.InertialSolutionStatus(status=3),
1786043648127529380,1786043648.125640338,/novatel/oem7/fix,/novatel/oem7/fix,/novatel/oem7/inspva,39.663,-75.756,-1.800772530,0.002753858,0.000440224,-0.002706291,0.000509632,0.000440224,,0,
1786043648128669221,1786043648.126286680,/novatel/oem7/odom,/novatel/oem7/fix,/novatel/oem7/odom,39.663,-75.756,-1.800772530,0.002754719,0.000434807,0.000379205,-0.002728494,0.000434807,,,
1786043648135826511,1786043648.135084550,/novatel/oem7/odom,/novatel/oem7/fix,/novatel/oem7/odom,39.663,-75.756,-1.800772530,0.002754719,0.000434807,0.000379205,-0.002728494,0.000434807,,,
1786043648146894860,1786043648.146267387,/novatel/oem7/inspva,/novatel/oem7/inspva,/novatel/oem7/inspva,39.663,-75.756,-1.800767526,0.002428797,0.000639518,-0.002424917,-0.000137236,0.000639518,,novatel_oem7_msgs.msg.InertialSolutionStatus(status=3),
1786043648148299377,1786043648.146445402,/novatel/oem7/fix,/novatel/oem7/fix,/novatel/oem7/inspva,39.663,-75.756,-1.800767526,0.002428797,0.000639518,-0.002424917,-0.000137236,0.000639518,,0,
1786043648149393631,1786043648.146948317,/novatel/oem7/odom,/novatel/oem7/fix,/novatel/oem7/odom,39.663,-75.756,-1.800767526,0.002430589,0.000632672,-0.000254311,-0.002417249,0.000632672,,,
1786043648156604105,1786043648.155851258,/novatel/oem7/odom,/novatel/oem7/fix,/novatel/oem7/odom,39.663,-75.756,-1.800767526,0.002430589,0.000632672,-0.000254311,-0.002417249,0.000632672,,,
1786043648165943573,1786043648.165293301,/novatel/oem7/inspva,/novatel/oem7/inspva,/novatel/oem7/inspva,39.663,-75.756,-1.800777578,0.001657379,-0.001395733,-0.000242283,-0.001639575,-0.001395733,,novatel_oem7_msgs.msg.InertialSolutionStatus(status=3),
1786043648167376151,1786043648.165484843,/novatel/oem7/fix,/novatel/oem7/fix,/novatel/oem7/inspva,39.663,-75.756,-1.800777578,0.001657379,-0.001395733,-0.000242283,-0.001639575,-0.001395733,,0,
1786043648168570059,1786043648.166054460,/novatel/oem7/odom,/novatel/oem7/fix,/novatel/oem7/odom,39.663,-75.756,-1.800777578,0.001652136,-0.001401936,-0.001644282,-0.000160897,-0.001401936,,,
1786043648176523957,1786043648.175815430,/novatel/oem7/odom,/novatel/oem7/fix,/novatel/oem7/odom,39.663,-75.756,-1.800777578,0.001652136,-0.001401936,-0.001644282,-0.000160897,-0.001401936,,,
1786043648185687851,1786043648.185074108,/novatel/oem7/inspva,/novatel/oem7/inspva,/novatel/oem7/inspva,39.663,-75.756,-1.800761960,0.001678219,-0.001188747,-0.001211960,-0.001160849,-0.001188747,,novatel_oem7_msgs.msg.InertialSolutionStatus(status=3),
1786043648187121238,1786043648.185245840,/novatel/oem7/fix,/novatel/oem7/fix,/novatel/oem7/inspva,39.663,-75.756,-1.800761960,0.001678219,-0.001188747,-0.001211960,-0.001160849,-0.001188747,,0,
1786043648188325370,1786043648.185705921,/novatel/oem7/odom,/novatel/oem7/fix,/novatel/oem7/odom,39.663,-75.756,-1.800761960,0.001673182,-0.001195825,-0.001212824,-0.001152648,-0.001195825,,,
1786043648195368372,1786043648.194661645,/novatel/oem7/odom,/novatel/oem7/fix,/novatel/oem7/odom,39.663,-75.756,-1.800761960,0.001673182,-0.001195825,-0.001212824,-0.001152648,-0.001195825,,,
1786043648207569346,1786043648.206939110,/novatel/oem7/inspva,/novatel/oem7/inspva,/novatel/oem7/inspva,39.663,-75.756,-1.800742337,0.003523663,-0.000073650,-0.003300326,0.001234525,-0.000073650,,novatel_oem7_msgs.msg.InertialSolutionStatus(status=3),
1786043648208967043,1786043648.207135302,/novatel/oem7/fix,/novatel/oem7/fix,/novatel/oem7/inspva,39.663,-75.756,-1.800742337,0.003523663,-0.000073650,-0.003300326,0.001234525,-0.000073650,,0,
1786043648210056160,1786043648.207496831,/novatel/oem7/odom,/novatel/oem7/fix,/novatel/oem7/odom,39.663,-75.756,-1.800742337,0.003523566,-0.000078176,0.001076939,-0.003354955,-0.000078176,,,
1786043648211584501,1786043648.210337126,/novatel/oem7/bestpos,/novatel/oem7/bestpos,/novatel/oem7/odom,39.663,-75.756,33.181813194,0.003523566,-0.000078176,0.001076939,-0.003354955,-0.000078176,,novatel_oem7_msgs.msg.SolutionStatus(status=0),novatel_oem7_msgs.msg.PositionOrVelocityType(type=53)
1786043648212551488,1786043648.210812718,/novatel/oem7/bestvel,/novatel/oem7/bestpos,/novatel/oem7/bestvel,39.663,-75.756,33.181813194,0.002904440,-0.000156289,,,,163.651837506,novatel_oem7_msgs.msg.SolutionStatus(status=0),novatel_oem7_msgs.msg.PositionOrVelocityType(type=53)
1786043648215769359,1786043648.215117052,/novatel/oem7/odom,/novatel/oem7/bestpos,/novatel/oem7/odom,39.663,-75.756,33.181813194,0.003523566,-0.000078176,0.001076939,-0.003354955,-0.000078176,,,
1786043648225697827,1786043648.225136875,/novatel/oem7/inspva,/novatel/oem7/inspva,/novatel/oem7/inspva,39.663,-75.756,-1.800725792,0.003359082,0.000301681,-0.003342242,0.000335931,0.000301681,,novatel_oem7_msgs.msg.InertialSolutionStatus(status=3),
1786043648226447689,1786043648.225304900,/novatel/oem7/fix,/novatel/oem7/fix,/novatel/oem7/inspva,39.663,-75.756,-1.800725792,0.003359082,0.000301681,-0.003342242,0.000335931,0.000301681,,0,
1786043648226934030,1786043648.225635573,/novatel/oem7/odom,/novatel/oem7/fix,/novatel/oem7/odom,39.663,-75.756,-1.800725792,0.003359759,0.000294045,0.000176029,-0.003355145,0.000294045,,,
1786043648236038684,1786043648.235664218,/novatel/oem7/odom,/novatel/oem7/fix,/novatel/oem7/odom,39.663,-75.756,-1.800725792,0.003359759,0.000294045,0.000176029,-0.003355145,0.000294045,,,
1786043648246082704,1786043648.245506875,/novatel/oem7/inspva,/novatel/oem7/inspva,/novatel/oem7/inspva,39.663,-75.756,-1.800720429,0.001392993,0.000167651,-0.000805050,-0.001136804,0.000167651,,novatel_oem7_msgs.msg.InertialSolutionStatus(status=3),
1786043648247705573,1786043648.245685423,/novatel/oem7/fix,/novatel/oem7/fix,/novatel/oem7/inspva,39.663,-75.756,-1.800720429,0.001392993,0.000167651,-0.000805050,-0.001136804,0.000167651,,0,
1786043648248827711,1786043648.246301726,/novatel/oem7/odom,/novatel/oem7/fix,/novatel/oem7/odom,39.663,-75.756,-1.800720429,0.001393701,0.000161656,-0.001174281,-0.000750645,0.000161656,,,
1786043648257186416,1786043648.256522374,/novatel/oem7/odom,/novatel/oem7/fix,/novatel/oem7/odom,39.663,-75.756,-1.800720429,0.001393701,0.000161656,-0.001174281,-0.000750645,0.000161656,,,
1786043648266058843,1786043648.265474571,/novatel/oem7/inspva,/novatel/oem7/inspva,/novatel/oem7/inspva,39.663,-75.756,-1.800711303,0.001560903,-0.000768438,-0.001383829,-0.000722105,-0.000768438,,novatel_oem7_msgs.msg.InertialSolutionStatus(status=3),
1786043648267540681,1786043648.265636932,/novatel/oem7/fix,/novatel/oem7/fix,/novatel/oem7/inspva,39.663,-75.756,-1.800711303,0.001560903,-0.000768438,-0.001383829,-0.000722105,-0.000768438,,0,
1786043648268677812,1786043648.266032726,/novatel/oem7/odom,/novatel/oem7/fix,/novatel/oem7/odom,39.663,-75.756,-1.800711303,0.001557891,-0.000774525,-0.000784175,-0.001346141,-0.000774525,,,
1786043648275598570,1786043648.274804056,/novatel/oem7/odom,/novatel/oem7/fix,/novatel/oem7/odom,39.663,-75.756,-1.800711303,0.001557891,-0.000774525,-0.000784175,-0.001346141,-0.000774525,,,
1786043648285847958,1786043648.285216595,/novatel/oem7/inspva,/novatel/oem7/inspva,/novatel/oem7/inspva,39.663,-75.756,-1.800699625,0.002625757,-0.000800534,-0.002614681,-0.000240925,-0.000800534,,novatel_oem7_msgs.msg.InertialSolutionStatus(status=3),
1786043648287556781,1786043648.285471354,/novatel/oem7/fix,/novatel/oem7/fix,/novatel/oem7/inspva,39.663,-75.756,-1.800699625,0.002625757,-0.000800534,-0.002614681,-0.000240925,-0.000800534,,0,
1786043648288670538,1786043648.286085493,/novatel/oem7/odom,/novatel/oem7/fix,/novatel/oem7/odom,39.663,-75.756,-1.800699625,0.002623417,-0.000808171,-0.000361788,-0.002598350,-0.000808171,,,
1786043648296149079,1786043648.295508237,/novatel/oem7/odom,/novatel/oem7/fix,/novatel/oem7/odom,39.663,-75.756,-1.800699625,0.002623417,-0.000808171,-0.000361788,-0.002598350,-0.000808171,,,
1786043648306353002,1786043648.306020106,/novatel/oem7/inspva,/novatel/oem7/inspva,/novatel/oem7/inspva,39.663,-75.756,-1.800687939,0.002886969,-0.000717631,-0.002850393,0.000458091,-0.000717631,,novatel_oem7_msgs.msg.InertialSolutionStatus(status=3),
1786043648306971323,1786043648.306199197,/novatel/oem7/fix,/novatel/oem7/fix,/novatel/oem7/inspva,39.663,-75.756,-1.800687939,0.002886969,-0.000717631,-0.002850393,0.000458091,-0.000717631,,0,
1786043648307471350,1786043648.306627302,/novatel/oem7/odom,/novatel/oem7/fix,/novatel/oem7/odom,39.663,-75.756,-1.800687939,0.002885491,-0.000723549,0.000324989,-0.002867131,-0.000723549,,,
1786043648309770467,1786043648.309447326,/novatel/oem7/bestpos,/novatel/oem7/bestpos,/novatel/oem7/odom,39.663,-75.756,33.181867289,0.002885491,-0.000723549,0.000324989,-0.002867131,-0.000723549,,novatel_oem7_msgs.msg.SolutionStatus(status=0),novatel_oem7_msgs.msg.PositionOrVelocityType(type=53)
1786043648310432333,1786043648.310128926,/novatel/oem7/bestvel,/novatel/oem7/bestpos,/novatel/oem7/bestvel,39.663,-75.756,33.181867289,0.003189888,-0.000292425,,,,179.736474845,novatel_oem7_msgs.msg.SolutionStatus(status=0),novatel_oem7_msgs.msg.PositionOrVelocityType(type=53)
1786043648314719842,1786043648.314399942,/novatel/oem7/odom,/novatel/oem7/bestpos,/novatel/oem7/odom,39.663,-75.756,33.181867289,0.002885491,-0.000723549,0.000324989,-0.002867131,-0.000723549,,,
1786043648327180317,1786043648.326628531,/novatel/oem7/inspva,/novatel/oem7/inspva,/novatel/oem7/inspva,39.663,-75.756,-1.800665590,0.001894824,0.001343448,-0.001892951,-0.000084221,0.001343448,,novatel_oem7_msgs.msg.InertialSolutionStatus(status=3),
1786043648328555774,1786043648.326819510,/novatel/oem7/fix,/novatel/oem7/fix,/novatel/oem7/inspva,39.663,-75.756,-1.800665590,0.001894824,0.001343448,-0.001892951,-0.000084221,0.001343448,,0,
1786043648329622821,1786043648.327177493,/novatel/oem7/odom,/novatel/oem7/fix,/novatel/oem7/odom,39.663,-75.756,-1.800665590,0.001898558,0.001338166,-0.000178635,-0.001890135,0.001338166,,,
1786043648335515708,1786043648.334865411,/novatel/oem7/odom,/novatel/oem7/fix,/novatel/oem7/odom,39.663,-75.756,-1.800665590,0.001898558,0.001338166,-0.000178635,-0.001890135,0.001338166,,,
1786043648345517950,1786043648.344936675,/novatel/oem7/inspva,/novatel/oem7/inspva,/novatel/oem7/inspva,39.663,-75.756,-1.800661732,0.001476066,0.000540689,-0.001420550,-0.000401011,0.000540689,,novatel_oem7_msgs.msg.InertialSolutionStatus(status=3),
1786043648346867527,1786043648.345108889,/novatel/oem7/fix,/novatel/oem7/fix,/novatel/oem7/inspva,39.663,-75.756,-1.800661732,0.001476066,0.000540689,-0.001420550,-0.000401011,0.000540689,,0,
1786043648347946547,1786043648.345504840,/novatel/oem7/odom,/novatel/oem7/fix,/novatel/oem7/odom,39.663,-75.756,-1.800661732,0.001477930,0.000535573,-0.000469799,-0.001401273,0.000535573,,,
1786043648356325320,1786043648.355648423,/novatel/oem7/odom,/novatel/oem7/fix,/novatel/oem7/odom,39.663,-75.756,-1.800661732,0.001477930,0.000535573,-0.000469799,-0.001401273,0.000535573,,,
1786043648365880373,1786043648.365304315,/novatel/oem7/inspva,/novatel/oem7/inspva,/novatel/oem7/inspva,39.663,-75.756,-1.800668215,0.002198712,-0.001874553,-0.002146254,-0.000477419,-0.001874553,,novatel_oem7_msgs.msg.InertialSolutionStatus(status=3),
1786043648367237327,1786043648.365500427,/novatel/oem7/fix,/novatel/oem7/fix,/novatel/oem7/inspva,39.663,-75.756,-1.800668215,0.002198712,-0.001874553,-0.002146254,-0.000477419,-0.001874553,,0,
1786043648368337457,1786043648.366078748,/novatel/oem7/odom,/novatel/oem7/fix,/novatel/oem7/odom,39.663,-75.756,-1.800668215,0.002192553,-0.001881754,-0.000572032,-0.002116617,-0.001881754,,,
1786043648375282436,1786043648.374632977,/novatel/oem7/odom,/novatel/oem7/fix,/novatel/oem7/odom,39.663,-75.756,-1.800668215,0.002192553,-0.001881754,-0.000572032,-0.002116617,-0.001881754,,,
1786043648386785555,1786043648.386203033,/novatel/oem7/inspva,/novatel/oem7/inspva,/novatel/oem7/inspva,39.663,-75.756,-1.800650502,0.002122938,-0.001196427,-0.002095577,-0.000339743,-0.001196427,,novatel_oem7_msgs.msg.InertialSolutionStatus(status=3),
1786043648388124932,1786043648.386369395,/novatel/oem7/fix,/novatel/oem7/fix,/novatel/oem7/inspva,39.663,-75.756,-1.800650502,0.002122938,-0.001196427,-0.002095577,-0.000339743,-0.001196427,,0,
1786043648389173089,1786043648.386774399,/novatel/oem7/odom,/novatel/oem7/fix,/novatel/oem7/odom,39.663,-75.756,-1.800650502,0.002119178,-0.001203074,-0.000434453,-0.002074166,-0.001203074,,,
1786043648395383286,1786043648.394762806,/novatel/oem7/odom,/novatel/oem7/fix,/novatel/oem7/odom,39.663,-75.756,-1.800650502,0.002119178,-0.001203074,-0.000434453,-0.002074166,-0.001203074,,,
1786043648406858830,1786043648.406574770,/novatel/oem7/inspva,/novatel/oem7/inspva,/novatel/oem7/inspva,39.663,-75.756,-1.800629459,0.003134421,0.000877422,-0.002904366,0.001178664,0.000877422,,novatel_oem7_msgs.msg.InertialSolutionStatus(status=3),
1786043648407743661,1786043648.406739228,/novatel/oem7/fix,/novatel/oem7/fix,/novatel/oem7/inspva,39.663,-75.756,-1.800629459,0.003134421,0.000877422,-0.002904366,0.001178664,0.000877422,,0,
1786043648408785118,1786043648.407226506,/novatel/oem7/odom,/novatel/oem7/fix,/novatel/oem7/odom,39.663,-75.756,-1.800629459,0.003135453,0.000873727,0.001036547,-0.002959161,0.000873727,,,
1786043648410711207,1786043648.410065177,/novatel/oem7/bestpos,/novatel/oem7/bestpos,/novatel/oem7/odom,39.663,-75.756,33.181900335,0.003135453,0.000873727,0.001036547,-0.002959161,0.000873727,,novatel_oem7_msgs.msg.SolutionStatus(status=0),novatel_oem7_msgs.msg.PositionOrVelocityType(type=53)
1786043648412091334,1786043648.410443574,/novatel/oem7/bestvel,/novatel/oem7/bestpos,/novatel/oem7/bestvel,39.663,-75.756,33.181900335,0.002308177,0.000112395,,,,141.641998766,novatel_oem7_msgs.msg.SolutionStatus(status=0),novatel_oem7_msgs.msg.PositionOrVelocityType(type=53)
1786043648416216808,1786043648.415524318,/novatel/oem7/odom,/novatel/oem7/bestpos,/novatel/oem7/odom,39.663,-75.756,33.181900335,0.003135453,0.000873727,0.001036547,-0.002959161,0.000873727,,,
1786043648425596957,1786043648.425054218,/novatel/oem7/inspva,/novatel/oem7/inspva,/novatel/oem7/inspva,39.663,-75.756,-1.800619053,0.001840171,0.001014575,-0.001834196,-0.000148173,0.001014575,,novatel_oem7_msgs.msg.InertialSolutionStatus(status=3),
1786043648426911196,1786043648.425219309,/novatel/oem7/fix,/novatel/oem7/fix,/novatel/oem7/inspva,39.663,-75.756,-1.800619053,0.001840171,0.001014575,-0.001834196,-0.000148173,0.001014575,,0,
1786043648427938273,1786043648.425591894,/novatel/oem7/odom,/novatel/oem7/fix,/novatel/oem7/odom,39.663,-75.756,-1.800619053,0.001843113,0.001009220,-0.000238545,-0.001827611,0.001009220,,,
1786043648435105850,1786043648.434456657,/novatel/oem7/odom,/novatel/oem7/fix,/novatel/oem7/odom,39.663,-75.756,-1.800619053,0.001843113,0.001009220,-0.000238545,-0.001827611,0.001009220,,,
1786043648447215295,1786043648.446650720,/novatel/oem7/inspva,/novatel/oem7/inspva,/novatel/oem7/inspva,39.663,-75.756,-1.800632476,0.001603415,-0.001704932,-0.001394993,-0.000790528,-0.001704932,,novatel_oem7_msgs.msg.InertialSolutionStatus(status=3),
1786043648448566028,1786043648.446822388,/novatel/oem7/fix,/novatel/oem7/fix,/novatel/oem7/inspva,39.663,-75.756,-1.800632476,0.001603415,-0.001704932,-0.001394993,-0.000790528,-0.001704932,,0,
1786043648449615582,1786043648.447150551,/novatel/oem7/odom,/novatel/oem7/fix,/novatel/oem7/odom,39.663,-75.756,-1.800632476,0.001596666,-0.001711254,-0.000849714,-0.001351788,-0.001711254,,,
1786043648458373505,1786043648.457590649,/novatel/oem7/odom,/novatel/oem7/fix,/novatel/oem7/odom,39.663,-75.756,-1.800632476,0.001596666,-0.001711254,-0.000849714,-0.001351788,-0.001711254,,,
1786043648465731357,1786043648.465153151,/novatel/oem7/inspva,/novatel/oem7/inspva,/novatel/oem7/inspva,39.663,-75.756,-1.800616139,0.002064187,-0.001740818,-0.002061965,0.000095747,-0.001740818,,novatel_oem7_msgs.msg.InertialSolutionStatus(status=3),
1786043648467060247,1786043648.465318847,/novatel/oem7/fix,/novatel/oem7/fix,/novatel/oem7/inspva,39.663,-75.756,-1.800616139,0.002064187,-0.001740818,-0.002061965,0.000095747,-0.001740818,,0,
1786043648468114587,1786043648.465687663,/novatel/oem7/odom,/novatel/oem7/fix,/novatel/oem7/odom,39.663,-75.756,-1.800616139,0.002059944,-0.001745836,0.000004084,-0.002059940,-0.001745836,,,
1786043648476171013,1786043648.475520010,/novatel/oem7/odom,/novatel/oem7/fix,/novatel/oem7/odom,39.663,-75.756,-1.800616139,0.002059944,-0.001745836,0.000004084,-0.002059940,-0.001745836,,,
1786043648485810501,1786043648.485289895,/novatel/oem7/inspva,/novatel/oem7/inspva,/novatel/oem7/inspva,39.663,-75.756,-1.800590934,0.003822065,0.000745928,-0.003690277,0.000995006,0.000745928,,novatel_oem7_msgs.msg.InertialSolutionStatus(status=3),
1786043648487310659,1786043648.485371050,/novatel/oem7/fix,/novatel/oem7/fix,/novatel/oem7/inspva,39.663,-75.756,-1.800590934,0.003822065,0.000745928,-0.003690277,0.000995006,0.000745928,,0,
1786043648488384876,1786043648.486225005,/novatel/oem7/odom,/novatel/oem7/fix,/novatel/oem7/odom,39.663,-75.756,-1.800590934,0.003823288,0.000739637,0.000816295,-0.003735129,0.000739637,,,
1786043648495361272,1786043648.494691068,/novatel/oem7/odom,/novatel/oem7/fix,/novatel/oem7/odom,39.663,-75.756,-1.800590934,0.003823288,0.000739637,0.000816295,-0.003735129,0.000739637,,,
1786043648506575462,1786043648.505995709,/novatel/oem7/inspva,/novatel/oem7/inspva,/novatel/oem7/inspva,39.663,-75.756,-1.800581473,0.003336584,0.000666165,-0.002984840,0.001491148,0.000666165,,novatel_oem7_msgs.msg.InertialSolutionStatus(status=3),
1786043648507915225,1786043648.506176131,/novatel/oem7/fix,/novatel/oem7/fix,/novatel/oem7/inspva,39.663,-75.756,-1.800581473,0.003336584,0.000666165,-0.002984840,0.001491148,0.000666165,,0,
1786043648508975561,1786043648.506619762,/novatel/oem7/odom,/novatel/oem7/fix,/novatel/oem7/odom,39.663,-75.756,-1.800581473,0.003337135,0.000663398,0.001345650,-0.003053800,0.000663398,,,
1786043648511785663,1786043648.511186460,/novatel/oem7/bestpos,/novatel/oem7/bestpos,/novatel/oem7/odom,39.663,-75.756,33.181961698,0.003337135,0.000663398,0.001345650,-0.003053800,0.000663398,,novatel_oem7_msgs.msg.SolutionStatus(status=0),novatel_oem7_msgs.msg.PositionOrVelocityType(type=53)
1786043648513208430,1786043648.511603824,/novatel/oem7/bestvel,/novatel/oem7/bestpos,/novatel/oem7/bestvel,39.663,-75.756,33.181961698,0.002650897,0.000493111,,,,154.193085194,novatel_oem7_msgs.msg.SolutionStatus(status=0),novatel_oem7_msgs.msg.PositionOrVelocityType(type=53)
1786043648515605137,1786043648.514927380,/novatel/oem7/odom,/novatel/oem7/bestpos,/novatel/oem7/odom,39.663,-75.756,33.181961698,0.003337135,0.000663398,0.001345650,-0.003053800,0.000663398,,,
1786043648525702343,1786043648.525143384,/novatel/oem7/inspva,/novatel/oem7/inspva,/novatel/oem7/inspva,39.663,-75.756,-1.800588757,0.001199223,-0.000998672,-0.001095195,-0.000488553,-0.000998672,,novatel_oem7_msgs.msg.InertialSolutionStatus(status=3),
1786043648527019409,1786043648.525309372,/novatel/oem7/fix,/novatel/oem7/fix,/novatel/oem7/inspva,39.663,-75.756,-1.800588757,0.001199223,-0.000998672,-0.001095195,-0.000488553,-0.000998672,,0,
1786043648528059809,1786043648.525830191,/novatel/oem7/odom,/novatel/oem7/fix,/novatel/oem7/odom,39.663,-75.756,-1.800588757,0.001195438,-0.001003200,-0.000536356,-0.001068360,-0.001003200,,,
1786043648536191196,1786043648.535538732,/novatel/oem7/odom,/novatel/oem7/fix,/novatel/oem7/odom,39.663,-75.756,-1.800588757,0.001195438,-0.001003200,-0.000536356,-0.001068360,-0.001003200,,,
1786043648545651695,1786043648.545084470,/novatel/oem7/inspva,/novatel/oem7/inspva,/novatel/oem7/inspva,39.663,-75.756,-1.800578222,0.001486821,-0.001488823,-0.001468887,-0.000230234,-0.001488823,,novatel_oem7_msgs.msg.InertialSolutionStatus(status=3),
1786043648546986109,1786043648.545255968,/novatel/oem7/fix,/novatel/oem7/fix,/novatel/oem7/inspva,39.663,-75.756,-1.800578222,0.001486821,-0.001488823,-0.001468887,-0.000230234,-0.001488823,,0,
1786043648548059032,1786043648.545649798,/novatel/oem7/odom,/novatel/oem7/fix,/novatel/oem7/odom,39.663,-75.756,-1.800578222,0.001482190,-0.001493432,-0.000294347,-0.001452669,-0.001493432,,,
1786043648556547489,1786043648.555700257,/novatel/oem7/odom,/novatel/oem7/fix,/novatel/oem7/odom,39.663,-75.756,-1.800578222,0.001482190,-0.001493432,-0.000294347,-0.001452669,-0.001493432,,,
1786043648567153417,1786043648.566591561,/novatel/oem7/inspva,/novatel/oem7/inspva,/novatel/oem7/inspva,39.663,-75.756,-1.800553842,0.003783495,0.000279223,-0.003319745,0.001814973,0.000279223,,novatel_oem7_msgs.msg.InertialSolutionStatus(status=3),
1786043648568535763,1786043648.566768233,/novatel/oem7/fix,/novatel/oem7/fix,/novatel/oem7/inspva,39.663,-75.756,-1.800553842,0.003783495,0.000279223,-0.003319745,0.001814973,0.000279223,,0,
1786043648569627014,1786043648.567186997,/novatel/oem7/odom,/novatel/oem7/fix,/novatel/oem7/odom,39.663,-75.756,-1.800553842,0.003783681,0.000276681,0.001654569,-0.003402741,0.000276681,,,
1786043648575810152,1786043648.575121038,/novatel/oem7/odom,/novatel/oem7/fix,/novatel/oem7/odom,39.663,-75.756,-1.800553842,0.003783681,0.000276681,0.001654569,-0.003402741,0.000276681,,,
1786043648585754589,1786043648.585164750,/novatel/oem7/inspva,/novatel/oem7/inspva,/novatel/oem7/inspva,39.663,-75.756,-1.800538064,0.003182596,0.000548228,-0.003026366,0.000984899,0.000548228,,novatel_oem7_msgs.msg.InertialSolutionStatus(status=3),
1786043648587063358,1786043648.585332948,/novatel/oem7/fix,/novatel/oem7/fix,/novatel/oem7/inspva,39.663,-75.756,-1.800538064,0.003182596,0.000548228,-0.003026366,0.000984899,0.000548228,,0,
1786043648588116485,1786043648.585755115,/novatel/oem7/odom,/novatel/oem7/fix,/novatel/oem7/odom,39.663,-75.756,-1.800538064,0.003183370,0.000543715,0.000838403,-0.003070981,0.000543715,,,
1786043648595986590,1786043648.595622686,/novatel/oem7/odom,/novatel/oem7/fix,/novatel/oem7/odom,39.663,-75.756,-1.800538064,0.003183370,0.000543715,0.000838403,-0.003070981,0.000543715,,,
1786043648607206385,1786043648.606895807,/novatel/oem7/inspva,/novatel/oem7/inspva,/novatel/oem7/inspva,39.663,-75.756,-1.800536168,0.001473336,-0.000329836,-0.001407855,0.000434354,-0.000329836,,novatel_oem7_msgs.msg.InertialSolutionStatus(status=3),
1786043648608456812,1786043648.607066978,/novatel/oem7/fix,/novatel/oem7/fix,/novatel/oem7/inspva,39.663,-75.756,-1.800536168,0.001473336,-0.000329836,-0.001407855,0.000434354,-0.000329836,,0,
1786043648609520619,1786043648.607828539,/novatel/oem7/odom,/novatel/oem7/fix,/novatel/oem7/odom,39.663,-75.756,-1.800536168,0.001472843,-0.000332030,0.000368292,-0.001426053,-0.000332030,,,
1786043648610992160,1786043648.610377324,/novatel/oem7/bestpos,/novatel/oem7/bestpos,/novatel/oem7/odom,39.663,-75.756,33.182029757,0.001472843,-0.000332030,0.000368292,-0.001426053,-0.000332030,,novatel_oem7_msgs.msg.SolutionStatus(status=0),novatel_oem7_msgs.msg.PositionOrVelocityType(type=53)
1786043648612415104,1786043648.610810471,/novatel/oem7/bestvel,/novatel/oem7/bestpos,/novatel/oem7/bestvel,39.663,-75.756,33.182029757,0.001181969,-0.000222095,,,,181.416826333,novatel_oem7_msgs.msg.SolutionStatus(status=0),novatel_oem7_msgs.msg.PositionOrVelocityType(type=53)
1786043648615809361,1786043648.615113301,/novatel/oem7/odom,/novatel/oem7/bestpos,/novatel/oem7/odom,39.663,-75.756,33.182029757,0.001472843,-0.000332030,0.000368292,-0.001426053,-0.000332030,,,
1786043648626936047,1786043648.626342978,/novatel/oem7/inspva,/novatel/oem7/inspva,/novatel/oem7/inspva,39.663,-75.756,-1.800522442,0.001629730,-0.000126628,-0.001629344,-0.000035464,-0.000126628,,novatel_oem7_msgs.msg.InertialSolutionStatus(status=3),
1786043648628276277,1786043648.626537463,/novatel/oem7/fix,/novatel/oem7/fix,/novatel/oem7/inspva,39.663,-75.756,-1.800522442,0.001629730,-0.000126628,-0.001629344,-0.000035464,-0.000126628,,0,
1786043648629358560,1786043648.627045175,/novatel/oem7/odom,/novatel/oem7/fix,/novatel/oem7/odom,39.663,-75.756,-1.800522442,0.001629384,-0.000131007,-0.000112210,-0.001625515,-0.000131007,,,
1786043648635313686,1786043648.634637775,/novatel/oem7/odom,/novatel/oem7/fix,/novatel/oem7/odom,39.663,-75.756,-1.800522442,0.001629384,-0.000131007,-0.000112210,-0.001625515,-0.000131007,,,
1786043648645950143,1786043648.645365758,/novatel/oem7/inspva,/novatel/oem7/inspva,/novatel/oem7/inspva,39.663,-75.756,-1.800522042,0.003499280,-0.001713412,-0.003462682,0.000504775,-0.001713412,,novatel_oem7_msgs.msg.InertialSolutionStatus(status=3),
1786043648647305210,1786043648.645543319,/novatel/oem7/fix,/novatel/oem7/fix,/novatel/oem7/inspva,39.663,-75.756,-1.800522042,0.003499280,-0.001713412,-0.003462682,0.000504775,-0.001713412,,0,
1786043648648389110,1786043648.646145982,/novatel/oem7/odom,/novatel/oem7/fix,/novatel/oem7/odom,39.663,-75.756,-1.800522042,0.003495691,-0.001720723,0.000346046,-0.003478521,-0.001720723,,,
1786043648656997425,1786043648.656240287,/novatel/oem7/odom,/novatel/oem7/fix,/novatel/oem7/odom,39.663,-75.756,-1.800522042,0.003495691,-0.001720723,0.000346046,-0.003478521,-0.001720723,,,
1786043648665909672,1786043648.665332517,/novatel/oem7/inspva,/novatel/oem7/inspva,/novatel/oem7/inspva,39.663,-75.756,-1.800500707,0.003756103,-0.000582711,-0.003629005,0.000968827,-0.000582711,,novatel_oem7_msgs.msg.InertialSolutionStatus(status=3),
1786043648667326003,1786043648.665519062,/novatel/oem7/fix,/novatel/oem7/fix,/novatel/oem7/inspva,39.663,-75.756,-1.800500707,0.003756103,-0.000582711,-0.003629005,0.000968827,-0.000582711,,0,
1786043648668416491,1786043648.665908691,/novatel/oem7/odom,/novatel/oem7/fix,/novatel/oem7/odom,39.663,-75.756,-1.800500707,0.003755138,-0.000588893,0.000797736,-0.003669425,-0.000588893,,,
1786043648675298821,1786043648.674617085,/novatel/oem7/odom,/novatel/oem7/fix,/novatel/oem7/odom,39.663,-75.756,-1.800500707,0.003755138,-0.000588893,0.000797736,-0.003669425,-0.000588893,,,
1786043648687344313,1786043648.686727867,/novatel/oem7/inspva,/novatel/oem7/inspva,/novatel/oem7/inspva,39.663,-75.756,-1.800491827,0.002516969,0.000532421,-0.002398902,0.000761840,0.000532421,,novatel_oem7_msgs.msg.InertialSolutionStatus(status=3),
1786043648688723103,1786043648.686898142,/novatel/oem7/fix,/novatel/oem7/fix,/novatel/oem7/inspva,39.663,-75.756,-1.800491827,0.002516969,0.000532421,-0.002398902,0.000761840,0.000532421,,0,
1786043648689820451,1786043648.687672993,/novatel/oem7/odom,/novatel/oem7/fix,/novatel/oem7/odom,39.663,-75.756,-1.800491827,0.002517737,0.000528773,0.000645369,-0.002433619,0.000528773,,,
1786043648696257754,1786043648.695596861,/novatel/oem7/odom,/novatel/oem7/fix,/novatel/oem7/odom,39.663,-75.756,-1.800491827,0.002517737,0.000528773,0.000645369,-0.002433619,0.000528773,,,
1786043648706624882,1786043648.706068600,/novatel/oem7/inspva,/novatel/oem7/inspva,/novatel/oem7/inspva,39.663,-75.756,-1.800490124,0.002435074,0.000093387,-0.002345869,0.000653058,0.000093387,,novatel_oem7_msgs.msg.InertialSolutionStatus(status=3),
1786043648708012286,1786043648.706227338,/novatel/oem7/fix,/novatel/oem7/fix,/novatel/oem7/inspva,39.663,-75.756,-1.800490124,0.002435074,0.000093387,-0.002345869,0.000653058,0.000093387,,0,
1786043648709075660,1786043648.706590837,/novatel/oem7/odom,/novatel/oem7/fix,/novatel/oem7/odom,39.663,-75.756,-1.800490124,0.002435221,0.000089471,0.000540788,-0.002374415,0.000089471,,,
1786043648710626025,1786043648.709630482,/novatel/oem7/bestpos,/novatel/oem7/bestpos,/novatel/oem7/odom,39.663,-75.756,33.182062946,0.002435221,0.000089471,0.000540788,-0.002374415,0.000089471,,novatel_oem7_msgs.msg.SolutionStatus(status=0),novatel_oem7_msgs.msg.PositionOrVelocityType(type=53)
1786043648712073736,1786043648.710372746,/novatel/oem7/bestvel,/novatel/oem7/bestpos,/novatel/oem7/bestvel,39.663,-75.756,33.182062946,0.002307649,-0.000303682,,,,152.114169221,novatel_oem7_msgs.msg.SolutionStatus(status=0),novatel_oem7_msgs.msg.PositionOrVelocityType(type=53)
1786043648716225280,1786043648.715585760,/novatel/oem7/odom,/novatel/oem7/bestpos,/novatel/oem7/odom,39.663,-75.756,33.182062946,0.002435221,0.000089471,0.000540788,-0.002374415,0.000089471,,,
1786043648726109340,1786043648.725564595,/novatel/oem7/inspva,/novatel/oem7/inspva,/novatel/oem7/inspva,39.663,-75.756,-1.800498893,0.003141130,-0.001911279,-0.003063683,0.000693215,-0.001911279,,novatel_oem7_msgs.msg.InertialSolutionStatus(status=3),
1786043648727412526,1786043648.725734150,/novatel/oem7/fix,/novatel/oem7/fix,/novatel/oem7/inspva,39.663,-75.756,-1.800498893,0.003141130,-0.001911279,-0.003063683,0.000693215,-0.001911279,,0,
1786043648728475667,1786043648.726354423,/novatel/oem7/odom,/novatel/oem7/fix,/novatel/oem7/odom,39.663,-75.756,-1.800498893,0.003137733,-0.001916851,0.000553936,-0.003088450,-0.001916851,,,
1786043648735687898,1786043648.735016685,/novatel/oem7/odom,/novatel/oem7/fix,/novatel/oem7/odom,39.663,-75.756,-1.800498893,0.003137733,-0.001916851,0.000553936,-0.003088450,-0.001916851,,,
1786043648745698670,1786043648.745137740,/novatel/oem7/inspva,/novatel/oem7/inspva,/novatel/oem7/inspva,39.663,-75.756,-1.800482750,0.003659550,-0.001457253,-0.003657580,0.000120070,-0.001457253,,novatel_oem7_msgs.msg.InertialSolutionStatus(status=3),
1786043648747034709,1786043648.745303559,/novatel/oem7/fix,/novatel/oem7/fix,/novatel/oem7/inspva,39.663,-75.756,-1.800482750,0.003659550,-0.001457253,-0.003657580,0.000120070,-0.001457253,,0,
1786043648748322552,1786043648.745691169,/novatel/oem7/odom,/novatel/oem7/fix,/novatel/oem7/odom,39.663,-75.756,-1.800482750,0.003655914,-0.001466352,-0.000048304,-0.003655595,-0.001466352,,,
1786043648756494326,1786043648.755811515,/novatel/oem7/odom,/novatel/oem7/fix,/novatel/oem7/odom,39.663,-75.756,-1.800482750,0.003655914,-0.001466352,-0.000048304,-0.003655595,-0.001466352,,,
1786043648765933508,1786043648.765352433,/novatel/oem7/inspva,/novatel/oem7/inspva,/novatel/oem7/inspva,39.663,-75.756,-1.800459960,0.003155822,0.001403600,-0.002942828,0.001139725,0.001403600,,novatel_oem7_msgs.msg.InertialSolutionStatus(status=3),
1786043648767300688,1786043648.765550858,/novatel/oem7/fix,/novatel/oem7/fix,/novatel/oem7/inspva,39.663,-75.756,-1.800459960,0.003155822,0.001403600,-0.002942828,0.001139725,0.001403600,,0,
1786043648768434213,1786043648.766059336,/novatel/oem7/odom,/novatel/oem7/fix,/novatel/oem7/odom,39.663,-75.756,-1.800459960,0.003157522,0.001399770,0.000993969,-0.002996994,0.001399770,,,
1786043648775714707,1786043648.775033738,/novatel/oem7/odom,/novatel/oem7/fix,/novatel/oem7/odom,39.663,-75.756,-1.800459960,0.003157522,0.001399770,0.000993969,-0.002996994,0.001399770,,,
1786043648786588591,1786043648.785995795,/novatel/oem7/inspva,/novatel/oem7/inspva,/novatel/oem7/inspva,39.663,-75.756,-1.800459851,0.003028178,0.000847854,-0.002943199,0.000712346,0.000847854,,novatel_oem7_msgs.msg.InertialSolutionStatus(status=3),
1786043648787997285,1786043648.786171263,/novatel/oem7/fix,/novatel/oem7/fix,/novatel/oem7/inspva,39.663,-75.756,-1.800459851,0.003028178,0.000847854,-0.002943199,0.000712346,0.000847854,,0,
1786043648789043511,1786043648.786604231,/novatel/oem7/odom,/novatel/oem7/fix,/novatel/oem7/odom,39.663,-75.756,-1.800459851,0.003029645,0.000842595,0.000568975,-0.002975738,0.000842595,,,
1786043648794777023,1786043648.794344297,/novatel/oem7/odom,/novatel/oem7/fix,/novatel/oem7/odom,39.663,-75.756,-1.800459851,0.003029645,0.000842595,0.000568975,-0.002975738,0.000842595,,,
1786043648807163013,1786043648.806621031,/novatel/oem7/inspva,/novatel/oem7/inspva,/novatel/oem7/inspva,39.663,-75.756,-1.800468830,0.002580320,-0.001633701,-0.002557309,-0.000343835,-0.001633701,,novatel_oem7_msgs.msg.InertialSolutionStatus(status=3),
1786043648808501772,1786043648.806784859,/novatel/oem7/fix,/novatel/oem7/fix,/novatel/oem7/inspva,39.663,-75.756,-1.800468830,0.002580320,-0.001633701,-0.002557309,-0.000343835,-0.001633701,,0,
1786043648809610207,1786043648.807272224,/novatel/oem7/odom,/novatel/oem7/fix,/novatel/oem7/odom,39.663,-75.756,-1.800468830,0.002575352,-0.001641522,-0.000458951,-0.002534127,-0.001641522,,,
1786043648811065641,1786043648.810046891,/novatel/oem7/bestpos,/novatel/oem7/bestpos,/novatel/oem7/odom,39.663,-75.756,33.182106076,0.002575352,-0.001641522,-0.000458951,-0.002534127,-0.001641522,,novatel_oem7_msgs.msg.SolutionStatus(status=0),novatel_oem7_msgs.msg.PositionOrVelocityType(type=53)
1786043648812006117,1786043648.810389911,/novatel/oem7/bestvel,/novatel/oem7/bestpos,/novatel/oem7/bestvel,39.663,-75.756,33.182106076,0.003439326,-0.000672095,,,,210.955764170,novatel_oem7_msgs.msg.SolutionStatus(status=0),novatel_oem7_msgs.msg.PositionOrVelocityType(type=53)
1786043648815755871,1786043648.815069257,/novatel/oem7/odom,/novatel/oem7/bestpos,/novatel/oem7/odom,39.663,-75.756,33.182106076,0.002575352,-0.001641522,-0.000458951,-0.002534127,-0.001641522,,,
1786043648825524776,1786043648.824945501,/novatel/oem7/inspva,/novatel/oem7/inspva,/novatel/oem7/inspva,39.663,-75.756,-1.800448993,0.003204518,-0.001246284,-0.003173474,0.000444974,-0.001246284,,novatel_oem7_msgs.msg.InertialSolutionStatus(status=3),
1786043648826848630,1786043648.825123746,/novatel/oem7/fix,/novatel/oem7/fix,/novatel/oem7/inspva,39.663,-75.756,-1.800448993,0.003204518,-0.001246284,-0.003173474,0.000444974,-0.001246284,,0,
1786043648827902420,1786043648.825492909,/novatel/oem7/odom,/novatel/oem7/fix,/novatel/oem7/odom,39.663,-75.756,-1.800448993,0.003201856,-0.001253108,0.000298403,-0.003187921,-0.001253108,,,
1786043648835079037,1786043648.834435041,/novatel/oem7/odom,/novatel/oem7/fix,/novatel/oem7/odom,39.663,-75.756,-1.800448993,0.003201856,-0.001253108,0.000298403,-0.003187921,-0.001253108,,,
1786043648847092391,1786043648.846556436,/novatel/oem7/inspva,/novatel/oem7/inspva,/novatel/oem7/inspva,39.663,-75.756,-1.800423589,0.003906082,0.001220239,-0.003842511,0.000701842,0.001220239,,novatel_oem7_msgs.msg.InertialSolutionStatus(status=3),
1786043648848404888,1786043648.846714785,/novatel/oem7/fix,/novatel/oem7/fix,/novatel/oem7/inspva,39.663,-75.756,-1.800423589,0.003906082,0.001220239,-0.003842511,0.000701842,0.001220239,,0,
1786043648849709477,1786043648.847075945,/novatel/oem7/odom,/novatel/oem7/fix,/novatel/oem7/odom,39.663,-75.756,-1.800423589,0.003908481,0.001212532,0.000514568,-0.003874460,0.001212532,,,
1786043648857058786,1786043648.856390376,/novatel/oem7/odom,/novatel/oem7/fix,/novatel/oem7/odom,39.663,-75.756,-1.800423589,0.003908481,0.001212532,0.000514568,-0.003874460,0.001212532,,,
1786043648865270791,1786043648.864954454,/novatel/oem7/inspva,/novatel/oem7/inspva,/novatel/oem7/inspva,39.663,-75.756,-1.800421207,0.003603613,0.001180344,-0.003359819,0.001302935,0.001180344,,novatel_oem7_msgs.msg.InertialSolutionStatus(status=3),
1786043648866273337,1786043648.865128658,/novatel/oem7/fix,/novatel/oem7/fix,/novatel/oem7/inspva,39.663,-75.756,-1.800421207,0.003603613,0.001180344,-0.003359819,0.001302935,0.001180344,,0,
1786043648867339354,1786043648.865613890,/novatel/oem7/odom,/novatel/oem7/fix,/novatel/oem7/odom,39.663,-75.756,-1.800421207,0.003605062,0.001175909,0.001138004,-0.003420734,0.001175909,,,
1786043648875205484,1786043648.874542341,/novatel/oem7/odom,/novatel/oem7/fix,/novatel/oem7/odom,39.663,-75.756,-1.800421207,0.003605062,0.001175909,0.001138004,-0.003420734,0.001175909,,,
1786043648885877536,1786043648.885287360,/novatel/oem7/inspva,/novatel/oem7/inspva,/novatel/oem7/inspva,39.663,-75.756,-1.800432043,0.002302847,-0.001184254,-0.002207303,-0.000656445,-0.001184254,,novatel_oem7_msgs.msg.InertialSolutionStatus(status=3),
1786043648887241209,1786043648.885493198,/novatel/oem7/fix,/novatel/oem7/fix,/novatel/oem7/inspva,39.663,-75.756,-1.800432043,0.002302847,-0.001184254,-0.002207303,-0.000656445,-0.001184254,,0,
1786043648888310610,1786043648.885984270,/novatel/oem7/odom,/novatel/oem7/fix,/novatel/oem7/odom,39.663,-75.756,-1.800432043,0.002298726,-0.001192233,-0.000756180,-0.002170791,-0.001192233,,,
1786043648895487195,1786043648.895129930,/novatel/oem7/odom,/novatel/oem7/fix,/novatel/oem7/odom,39.663,-75.756,-1.800432043,0.002298726,-0.001192233,-0.000756180,-0.002170791,-0.001192233,,,
1786043648906474358,1786043648.905915749,/novatel/oem7/inspva,/novatel/oem7/inspva,/novatel/oem7/inspva,39.663,-75.756,-1.800415308,0.002612948,-0.001236273,-0.002606029,-0.000190021,-0.001236273,,novatel_oem7_msgs.msg.InertialSolutionStatus(status=3),
1786043648907840008,1786043648.906081097,/novatel/oem7/fix,/novatel/oem7/fix,/novatel/oem7/inspva,39.663,-75.756,-1.800415308,0.002612948,-0.001236273,-0.002606029,-0.000190021,-0.001236273,,0,
1786043648908908452,1786043648.906585396,/novatel/oem7/odom,/novatel/oem7/fix,/novatel/oem7/odom,39.663,-75.756,-1.800415308,0.002609406,-0.001243732,-0.000309003,-0.002591045,-0.001243732,,,
1786043648910368820,1786043648.909586392,/novatel/oem7/bestpos,/novatel/oem7/bestpos,/novatel/oem7/odom,39.663,-75.756,33.182155075,0.002609406,-0.001243732,-0.000309003,-0.002591045,-0.001243732,,novatel_oem7_msgs.msg.SolutionStatus(status=0),novatel_oem7_msgs.msg.PositionOrVelocityType(type=53)
1786043648911802404,1786043648.910196658,/novatel/oem7/bestvel,/novatel/oem7/bestpos,/novatel/oem7/bestvel,39.663,-75.756,33.182155075,0.003104128,-0.000508572,,,,207.667734912,novatel_oem7_msgs.msg.SolutionStatus(status=0),novatel_oem7_msgs.msg.PositionOrVelocityType(type=53)
1786043648915894674,1786043648.915174470,/novatel/oem7/odom,/novatel/oem7/bestpos,/novatel/oem7/odom,39.663,-75.756,33.182155075,0.002609406,-0.001243732,-0.000309003,-0.002591045,-0.001243732,,,
1786043648925898229,1786043648.925290593,/novatel/oem7/inspva,/novatel/oem7/inspva,/novatel/oem7/inspva,39.663,-75.756,-1.800400838,0.005069471,0.000164157,-0.004805205,0.001615408,0.000164157,,novatel_oem7_msgs.msg.InertialSolutionStatus(status=3),
1786043648927318789,1786043648.925488541,/novatel/oem7/fix,/novatel/oem7/fix,/novatel/oem7/inspva,39.663,-75.756,-1.800400838,0.005069471,0.000164157,-0.004805205,0.001615408,0.000164157,,0,
1786043648928412420,1786043648.926036843,/novatel/oem7/odom,/novatel/oem7/fix,/novatel/oem7/odom,39.663,-75.756,-1.800400838,0.005069698,0.000156988,0.001385196,-0.004876789,0.000156988,,,
1786043648936107165,1786043648.935431113,/novatel/oem7/odom,/novatel/oem7/fix,/novatel/oem7/odom,39.663,-75.756,-1.800400838,0.005069698,0.000156988,0.001385196,-0.004876789,0.000156988,,,
1786043648945541228,1786043648.944980303,/novatel/oem7/inspva,/novatel/oem7/inspva,/novatel/oem7/inspva,39.663,-75.756,-1.800384142,0.004667236,0.001132944,-0.004387995,0.001590155,0.001132944,,novatel_oem7_msgs.msg.InertialSolutionStatus(status=3),
1786043648946949252,1786043648.945130168,/novatel/oem7/fix,/novatel/oem7/fix,/novatel/oem7/inspva,39.663,-75.756,-1.800384142,0.004667236,0.001132944,-0.004387995,0.001590155,0.001132944,,0,
1786043648948050126,1786043648.945551202,/novatel/oem7/odom,/novatel/oem7/fix,/novatel/oem7/odom,39.663,-75.756,-1.800384142,0.004668741,0.001126724,0.001376327,-0.004461263,0.001126724,,,
1786043648956370628,1786043648.955721355,/novatel/oem7/odom,/novatel/oem7/fix,/novatel/oem7/odom,39.663,-75.756,-1.800384142,0.004668741,0.001126724,0.001376327,-0.004461263,0.001126724,,,
1786043648967078483,1786043648.966530241,/novatel/oem7/inspva,/novatel/oem7/inspva,/novatel/oem7/inspva,39.663,-75.756,-1.800386286,0.002363931,0.000096669,-0.002327752,-0.000411994,0.000096669,,novatel_oem7_msgs.msg.InertialSolutionStatus(status=3),
1786043648968476647,1786043648.966693499,/novatel/oem7/fix,/novatel/oem7/fix,/novatel/oem7/inspva,39.663,-75.756,-1.800386286,0.002363931,0.000096669,-0.002327752,-0.000411994,0.000096669,,0,
1786043648969589788,1786043648.967103277,/novatel/oem7/odom,/novatel/oem7/fix,/novatel/oem7/odom,39.663,-75.756,-1.800386286,0.002364228,0.000089107,-0.000522236,-0.002305828,0.000089107,,,
1786043648975306007,1786043648.974644284,/novatel/oem7/odom,/novatel/oem7/fix,/novatel/oem7/odom,39.663,-75.756,-1.800386286,0.002364228,0.000089107,-0.000522236,-0.002305828,0.000089107,,,
1786043648985623212,1786043648.985022636,/novatel/oem7/inspva,/novatel/oem7/inspva,/novatel/oem7/inspva,39.663,-75.756,-1.800376902,0.002439285,-0.000752490,-0.002438588,0.000058288,-0.000752490,,novatel_oem7_msgs.msg.InertialSolutionStatus(status=3),
1786043648986997379,1786043648.985167497,/novatel/oem7/fix,/novatel/oem7/fix,/novatel/oem7/inspva,39.663,-75.756,-1.800376902,0.002439285,-0.000752490,-0.002438588,0.000058288,-0.000752490,,0,
1786043648988021849,1786043648.985537478,/novatel/oem7/odom,/novatel/oem7/fix,/novatel/oem7/odom,39.663,-75.756,-1.800376902,0.002437363,-0.000758692,-0.000054735,-0.002436748,-0.000758692,,,
1786043648995215783,1786043648.994562516,/novatel/oem7/odom,/novatel/oem7/fix,/novatel/oem7/odom,39.663,-75.756,-1.800376902,0.002437363,-0.000758692,-0.000054735,-0.002436748,-0.000758692,,,
1786043649008837786,1786043649.008272531,/novatel/oem7/inspva,/novatel/oem7/inspva,/novatel/oem7/inspva,39.663,-75.756,-1.800363351,0.004740828,-0.000473416,-0.004552253,0.001323800,-0.000473416,,novatel_oem7_msgs.msg.InertialSolutionStatus(status=3),
1786043649010137289,1786043649.008433572,/novatel/oem7/fix,/novatel/oem7/fix,/novatel/oem7/inspva,39.663,-75.756,-1.800363351,0.004740828,-0.000473416,-0.004552253,0.001323800,-0.000473416,,0,
1786043649012281030,1786043649.011643564,/novatel/oem7/odom,/novatel/oem7/fix,/novatel/oem7/odom,39.663,-75.756,-1.800363351,0.004740067,-0.000480972,0.001108181,-0.004608706,-0.000480972,,,
1786043649016377700,1786043649.015731497,/novatel/oem7/odom,/novatel/oem7/fix,/novatel/oem7/odom,39.663,-75.756,-1.800363351,0.004740067,-0.000480972,0.001108181,-0.004608706,-0.000480972,,,
1786043649025385409,1786043649.024802773,/novatel/oem7/bestpos,/novatel/oem7/bestpos,/novatel/oem7/odom,39.663,-75.756,33.182194033,0.004740067,-0.000480972,0.001108181,-0.004608706,-0.000480972,,novatel_oem7_msgs.msg.SolutionStatus(status=0),novatel_oem7_msgs.msg.PositionOrVelocityType(type=53)
1786043649027495886,1786043649.026601281,/novatel/oem7/bestvel,/novatel/oem7/bestpos,/novatel/oem7/bestvel,39.663,-75.756,33.182194033,0.004444629,-0.000279342,,,,170.237279361,novatel_oem7_msgs.msg.SolutionStatus(status=0),novatel_oem7_msgs.msg.PositionOrVelocityType(type=53)
1786043649029006131,1786043649.027127489,/novatel/oem7/inspva,/novatel/oem7/inspva,/novatel/oem7/inspva,39.663,-75.756,-1.800351520,0.004602128,-0.000342635,-0.004376238,0.001424121,-0.000342635,,novatel_oem7_msgs.msg.InertialSolutionStatus(status=3),
1786043649029884476,1786043649.027265954,/novatel/oem7/fix,/novatel/oem7/fix,/novatel/oem7/inspva,39.663,-75.756,-1.800351520,0.004602128,-0.000342635,-0.004376238,0.001424121,-0.000342635,,0,
1786043649030962407,1786043649.027663491,/novatel/oem7/odom,/novatel/oem7/fix,/novatel/oem7/odom,39.663,-75.756,-1.800351520,0.004601624,-0.000349338,0.001216317,-0.004437963,-0.000349338,,,
1786043649035072787,1786043649.034410778,/novatel/oem7/odom,/novatel/oem7/fix,/novatel/oem7/odom,39.663,-75.756,-1.800351520,0.004601624,-0.000349338,0.001216317,-0.004437963,-0.000349338,,,
1786043649046042049,1786043649.045307601,/novatel/oem7/inspva,/novatel/oem7/inspva,/novatel/oem7/inspva,39.663,-75.756,-1.800328876,0.002291740,0.001493451,-0.002291334,-0.000043149,0.001493451,,novatel_oem7_msgs.msg.InertialSolutionStatus(status=3),
1786043649047793596,1786043649.045498943,/novatel/oem7/fix,/novatel/oem7/fix,/novatel/oem7/inspva,39.663,-75.756,-1.800328876,0.002291740,0.001493451,-0.002291334,-0.000043149,0.001493451,,0,
1786043649049372701,1786043649.047250351,/novatel/oem7/odom,/novatel/oem7/fix,/novatel/oem7/odom,39.663,-75.756,-1.800328876,0.002295798,0.001487205,-0.000157008,-0.002290423,0.001487205,,,
1786043649057205405,1786043649.056541032,/novatel/oem7/odom,/novatel/oem7/fix,/novatel/oem7/odom,39.663,-75.756,-1.800328876,0.002295798,0.001487205,-0.000157008,-0.002290423,0.001487205,,,
1786043649065688495,1786043649.065037178,/novatel/oem7/inspva,/novatel/oem7/inspva,/novatel/oem7/inspva,39.663,-75.756,-1.800329853,0.002170641,0.000349844,-0.002167029,-0.000125176,0.000349844,,novatel_oem7_msgs.msg.InertialSolutionStatus(status=3),
1786043649067083642,1786043649.065195347,/novatel/oem7/fix,/novatel/oem7/fix,/novatel/oem7/inspva,39.663,-75.756,-1.800329853,0.002170641,0.000349844,-0.002167029,-0.000125176,0.000349844,,0,
1786043649068183356,1786043649.065696828,/novatel/oem7/odom,/novatel/oem7/fix,/novatel/oem7/odom,39.663,-75.756,-1.800329853,0.002171622,0.000343705,-0.000228976,-0.002159517,0.000343705,,,
1786043649075207815,1786043649.074542934,/novatel/oem7/odom,/novatel/oem7/fix,/novatel/oem7/odom,39.663,-75.756,-1.800329853,0.002171622,0.000343705,-0.000228976,-0.002159517,0.000343705,,,
1786043649087292684,1786043649.086693011,/novatel/oem7/inspva,/novatel/oem7/inspva,/novatel/oem7/inspva,39.663,-75.756,-1.800328269,0.003383000,-0.001527751,-0.003379558,0.000152588,-0.001527751,,novatel_oem7_msgs.msg.InertialSolutionStatus(status=3),
1786043649088727501,1786043649.086841106,/novatel/oem7/fix,/novatel/oem7/fix,/novatel/oem7/inspva,39.663,-75.756,-1.800328269,0.003383000,-0.001527751,-0.003379558,0.000152588,-0.001527751,,0,
1786043649089813505,1786043649.087303754,/novatel/oem7/odom,/novatel/oem7/fix,/novatel/oem7/odom,39.663,-75.756,-1.800328269,0.003379215,-0.001536106,-0.000002424,-0.003379214,-0.001536106,,,
1786043649095879518,1786043649.095043925,/novatel/oem7/odom,/novatel/oem7/fix,/novatel/oem7/odom,39.663,-75.756,-1.800328269,0.003379215,-0.001536106,-0.000002424,-0.003379214,-0.001536106,,,
1786043649106662387,1786043649.105996458,/novatel/oem7/inspva,/novatel/oem7/inspva,/novatel/oem7/inspva,39.663,-75.756,-1.800310300,0.003698354,-0.000662239,-0.003660213,0.000529783,-0.000662239,,novatel_oem7_msgs.msg.InertialSolutionStatus(status=3),
1786043649108064854,1786043649.106150129,/novatel/oem7/fix,/novatel/oem7/fix,/novatel/oem7/inspva,39.663,-75.756,-1.800310300,0.003698354,-0.000662239,-0.003660213,0.000529783,-0.000662239,,0,
1786043649109253200,1786043649.106509006,/novatel/oem7/odom,/novatel/oem7/fix,/novatel/oem7/odom,39.663,-75.756,-1.800310300,0.003696938,-0.000670101,0.000358036,-0.003679560,-0.000670101,,,
1786043649110914152,1786043649.109905382,/novatel/oem7/bestpos,/novatel/oem7/bestpos,/novatel/oem7/odom,39.663,-75.756,33.182262782,0.003696938,-0.000670101,0.000358036,-0.003679560,-0.000670101,,novatel_oem7_msgs.msg.SolutionStatus(status=0),novatel_oem7_msgs.msg.PositionOrVelocityType(type=53)
1786043649112434374,1786043649.110434094,/novatel/oem7/bestvel,/novatel/oem7/bestpos,/novatel/oem7/bestvel,39.663,-75.756,33.182262782,0.003788738,-0.000027507,,,,189.326558215,novatel_oem7_msgs.msg.SolutionStatus(status=0),novatel_oem7_msgs.msg.PositionOrVelocityType(type=53)
1786043649116230838,1786043649.115559358,/novatel/oem7/odom,/novatel/oem7/bestpos,/novatel/oem7/odom,39.663,-75.756,33.182262782,0.003696938,-0.000670101,0.000358036,-0.003679560,-0.000670101,,,
1786043649125931979,1786043649.125379961,/novatel/oem7/inspva,/novatel/oem7/inspva,/novatel/oem7/inspva,39.663,-75.756,-1.800291751,0.003068173,0.001164371,-0.002977270,0.000741314,0.001164371,,novatel_oem7_msgs.msg.InertialSolutionStatus(status=3),
1786043649127457864,1786043649.125545779,/novatel/oem7/fix,/novatel/oem7/fix,/novatel/oem7/inspva,39.663,-75.756,-1.800291751,0.003068173,0.001164371,-0.002977270,0.000741314,0.001164371,,0,
1786043649128578682,1786043649.126182502,/novatel/oem7/odom,/novatel/oem7/fix,/novatel/oem7/odom,39.663,-75.756,-1.800291751,0.003070227,0.001158944,0.000595260,-0.003011969,0.001158944,,,
1786043649137033582,1786043649.136298648,/novatel/oem7/odom,/novatel/oem7/fix,/novatel/oem7/odom,39.663,-75.756,-1.800291751,0.003070227,0.001158944,0.000595260,-0.003011969,0.001158944,,,
1786043649146778518,1786043649.146142695,/novatel/oem7/inspva,/novatel/oem7/inspva,/novatel/oem7/inspva,39.663,-75.756,-1.800286240,0.002716658,0.000944812,-0.002711981,-0.000159345,0.000944812,,novatel_oem7_msgs.msg.InertialSolutionStatus(status=3),
1786043649148169625,1786043649.146317927,/novatel/oem7/fix,/novatel/oem7/fix,/novatel/oem7/inspva,39.663,-75.756,-1.800286240,0.002716658,0.000944812,-0.002711981,-0.000159345,0.000944812,,0,
1786043649149261632,1786043649.146789968,/novatel/oem7/odom,/novatel/oem7/fix,/novatel/oem7/odom,39.663,-75.756,-1.800286240,0.002719347,0.000937044,-0.000291035,-0.002703728,0.000937044,,,
1786043649156487850,1786043649.155796040,/novatel/oem7/odom,/novatel/oem7/fix,/novatel/oem7/odom,39.663,-75.756,-1.800286240,0.002719347,0.000937044,-0.000291035,-0.002703728,0.000937044,,,
1786043649165852125,1786043649.165297246,/novatel/oem7/inspva,/novatel/oem7/inspva,/novatel/oem7/inspva,39.663,-75.756,-1.800289424,0.002299169,-0.001372416,-0.002224452,-0.000581369,-0.001372416,,novatel_oem7_msgs.msg.InertialSolutionStatus(status=3),
1786043649167174201,1786043649.165508025,/novatel/oem7/fix,/novatel/oem7/fix,/novatel/oem7/inspva,39.663,-75.756,-1.800289424,0.002299169,-0.001372416,-0.002224452,-0.000581369,-0.001372416,,0,
1786043649168226229,1786043649.166006889,/novatel/oem7/odom,/novatel/oem7/fix,/novatel/oem7/odom,39.663,-75.756,-1.800289424,0.002294494,-0.001380217,-0.000681330,-0.002191003,-0.001380217,,,
1786043649176407615,1786043649.175712655,/novatel/oem7/odom,/novatel/oem7/fix,/novatel/oem7/odom,39.663,-75.756,-1.800289424,0.002294494,-0.001380217,-0.000681330,-0.002191003,-0.001380217,,,
1786043649185982153,1786043649.185400104,/novatel/oem7/inspva,/novatel/oem7/inspva,/novatel/oem7/inspva,39.663,-75.756,-1.800262842,0.003066225,-0.000696289,-0.003065681,0.000057779,-0.000696289,,novatel_oem7_msgs.msg.InertialSolutionStatus(status=3),
1786043649187334816,1786043649.185594739,/novatel/oem7/fix,/novatel/oem7/fix,/novatel/oem7/inspva,39.663,-75.756,-1.800262842,0.003066225,-0.000696289,-0.003065681,0.000057779,-0.000696289,,0,
1786043649188441163,1786043649.185920200,/novatel/oem7/odom,/novatel/oem7/fix,/novatel/oem7/odom,39.663,-75.756,-1.800262842,0.003064422,-0.000704182,-0.000085119,-0.003063240,-0.000704182,,,
1786043649195252334,1786043649.194589501,/novatel/oem7/odom,/novatel/oem7/fix,/novatel/oem7/odom,39.663,-75.756,-1.800262842,0.003064422,-0.000704182,-0.000085119,-0.003063240,-0.000704182,,,
1786043649207162514,1786043649.206865324,/novatel/oem7/inspva,/novatel/oem7/inspva,/novatel/oem7/inspva,39.663,-75.756,-1.800236436,0.003502248,0.001267660,-0.003273060,0.001246122,0.001267660,,novatel_oem7_msgs.msg.InertialSolutionStatus(status=3),
1786043649208164187,1786043649.207056393,/novatel/oem7/fix,/novatel/oem7/fix,/novatel/oem7/inspva,39.663,-75.756,-1.800236436,0.003502248,0.001267660,-0.003273060,0.001246122,0.001267660,,0,
1786043649209191454,1786043649.207540218,/novatel/oem7/odom,/novatel/oem7/fix,/novatel/oem7/odom,39.663,-75.756,-1.800236436,0.003503845,0.001263239,0.001085129,-0.003331580,0.001263239,,,
1786043649211113560,1786043649.210554937,/novatel/oem7/bestpos,/novatel/oem7/bestpos,/novatel/oem7/odom,39.663,-75.756,33.182317141,0.003503845,0.001263239,0.001085129,-0.003331580,0.001263239,,novatel_oem7_msgs.msg.SolutionStatus(status=0),novatel_oem7_msgs.msg.PositionOrVelocityType(type=53)
1786043649212554097,1786043649.211039482,/novatel/oem7/bestvel,/novatel/oem7/bestpos,/novatel/oem7/bestvel,39.663,-75.756,33.182317141,0.003775048,0.000715650,,,,145.529368574,novatel_oem7_msgs.msg.SolutionStatus(status=0),novatel_oem7_msgs.msg.PositionOrVelocityType(type=53)
1786043649215782579,1786043649.215150089,/novatel/oem7/odom,/novatel/oem7/bestpos,/novatel/oem7/odom,39.663,-75.756,33.182317141,0.003503845,0.001263239,0.001085129,-0.003331580,0.001263239,,,
1786043649225666386,1786043649.225115504,/novatel/oem7/inspva,/novatel/oem7/inspva,/novatel/oem7/inspva,39.663,-75.756,-1.800226890,0.003194112,0.000987704,-0.003067924,0.000888926,0.000987704,,novatel_oem7_msgs.msg.InertialSolutionStatus(status=3),
1786043649226953422,1786043649.225274469,/novatel/oem7/fix,/novatel/oem7/fix,/novatel/oem7/inspva,39.663,-75.756,-1.800226890,0.003194112,0.000987704,-0.003067924,0.000888926,0.000987704,,0,
1786043649227988952,1786043649.225759837,/novatel/oem7/odom,/novatel/oem7/fix,/novatel/oem7/odom,39.663,-75.756,-1.800226890,0.003195720,0.000982488,0.000739062,-0.003109086,0.000982488,,,
1786043649236237223,1786043649.235602863,/novatel/oem7/odom,/novatel/oem7/fix,/novatel/oem7/odom,39.663,-75.756,-1.800226890,0.003195720,0.000982488,0.000739062,-0.003109086,0.000982488,,,
1786043649245658372,1786043649.245340249,/novatel/oem7/inspva,/novatel/oem7/inspva,/novatel/oem7/inspva,39.663,-75.756,-1.800223296,0.001984399,-0.000526168,-0.001980702,-0.000121080,-0.000526168,,novatel_oem7_msgs.msg.InertialSolutionStatus(status=3),
1786043649246563874,1786043649.245518498,/novatel/oem7/fix,/novatel/oem7/fix,/novatel/oem7/inspva,39.663,-75.756,-1.800223296,0.001984399,-0.000526168,-0.001980702,-0.000121080,-0.000526168,,0,
1786043649247603338,1786043649.246028079,/novatel/oem7/odom,/novatel/oem7/fix,/novatel/oem7/odom,39.663,-75.756,-1.800223296,0.001982887,-0.000531840,-0.000212968,-0.001971417,-0.000531840,,,
1786043649257011397,1786043649.256359160,/novatel/oem7/odom,/novatel/oem7/fix,/novatel/oem7/odom,39.663,-75.756,-1.800223296,0.001982887,-0.000531840,-0.000212968,-0.001971417,-0.000531840,,,
1786043649267536324,1786043649.266844807,/novatel/oem7/inspva,/novatel/oem7/inspva,/novatel/oem7/inspva,39.663,-75.756,-1.800200853,0.002971562,-0.000639026,-0.002850791,-0.000838554,-0.000639026,,novatel_oem7_msgs.msg.InertialSolutionStatus(status=3),
1786043649268847567,1786043649.267015745,/novatel/oem7/fix,/novatel/oem7/fix,/novatel/oem7/inspva,39.663,-75.756,-1.800200853,0.002971562,-0.000639026,-0.002850791,-0.000838554,-0.000639026,,0,
1786043649269889700,1786043649.267496000,/novatel/oem7/odom,/novatel/oem7/fix,/novatel/oem7/odom,39.663,-75.756,-1.800200853,0.002969310,-0.000649412,-0.000970450,-0.002806248,-0.000649412,,,
1786043649275333154,1786043649.274693840,/novatel/oem7/odom,/novatel/oem7/fix,/novatel/oem7/odom,39.663,-75.756,-1.800200853,0.002969310,-0.000649412,-0.000970450,-0.002806248,-0.000649412,,,
1786043649285802653,1786043649.285232018,/novatel/oem7/inspva,/novatel/oem7/inspva,/novatel/oem7/inspva,39.663,-75.756,-1.800168842,0.003429132,0.001337730,-0.003104526,0.001456320,0.001337730,,novatel_oem7_msgs.msg.InertialSolutionStatus(status=3),
1786043649287125043,1786043649.285398246,/novatel/oem7/fix,/novatel/oem7/fix,/novatel/oem7/inspva,39.663,-75.756,-1.800168842,0.003429132,0.001337730,-0.003104526,0.001456320,0.001337730,,0,
1786043649288187367,1786043649.285896180,/novatel/oem7/odom,/novatel/oem7/fix,/novatel/oem7/odom,39.663,-75.756,-1.800168842,0.003430453,0.001334340,0.001302865,-0.003173413,0.001334340,,,
1786043649295912901,1786043649.295457594,/novatel/oem7/odom,/novatel/oem7/fix,/novatel/oem7/odom,39.663,-75.756,-1.800168842,0.003430453,0.001334340,0.001302865,-0.003173413,0.001334340,,,
1786043649306382539,1786043649.305977481,/novatel/oem7/inspva,/novatel/oem7/inspva,/novatel/oem7/inspva,39.663,-75.756,-1.800161444,0.002875621,0.001216870,-0.002846597,0.000407533,0.001216870,,novatel_oem7_msgs.msg.InertialSolutionStatus(status=3),
1786043649307034049,1786043649.306140293,/novatel/oem7/fix,/novatel/oem7/fix,/novatel/oem7/inspva,39.663,-75.756,-1.800161444,0.002875621,0.001216870,-0.002846597,0.000407533,0.001216870,,0,
1786043649307548746,1786043649.306608964,/novatel/oem7/odom,/novatel/oem7/fix,/novatel/oem7/odom,39.663,-75.756,-1.800161444,0.002878248,0.001210644,0.000267855,-0.002865757,0.001210644,,,
1786043649310227906,1786043649.309562040,/novatel/oem7/bestpos,/novatel/oem7/bestpos,/novatel/oem7/odom,39.663,-75.756,33.182381013,0.002878248,0.001210644,0.000267855,-0.002865757,0.001210644,,novatel_oem7_msgs.msg.SolutionStatus(status=0),novatel_oem7_msgs.msg.PositionOrVelocityType(type=53)
1786043649311768868,1786043649.310353284,/novatel/oem7/bestvel,/novatel/oem7/bestpos,/novatel/oem7/bestvel,39.663,-75.756,33.182381013,0.003174530,0.000244288,,,,142.577237928,novatel_oem7_msgs.msg.SolutionStatus(status=0),novatel_oem7_msgs.msg.PositionOrVelocityType(type=53)
1786043649315099534,1786043649.314368180,/novatel/oem7/odom,/novatel/oem7/bestpos,/novatel/oem7/odom,39.663,-75.756,33.182381013,0.002878248,0.001210644,0.000267855,-0.002865757,0.001210644,,,
1786043649327108232,1786043649.326519839,/novatel/oem7/inspva,/novatel/oem7/inspva,/novatel/oem7/inspva,39.663,-75.756,-1.800157873,0.001579948,-0.000181046,-0.001533036,-0.000382148,-0.000181046,,novatel_oem7_msgs.msg.InertialSolutionStatus(status=3),
1786043649328507999,1786043649.326682751,/novatel/oem7/fix,/novatel/oem7/fix,/novatel/oem7/inspva,39.663,-75.756,-1.800157873,0.001579948,-0.000181046,-0.001533036,-0.000382148,-0.000181046,,0,
1786043649329562173,1786043649.327073952,/novatel/oem7/odom,/novatel/oem7/fix,/novatel/oem7/odom,39.663,-75.756,-1.800157873,0.001579323,-0.000186425,-0.000453742,-0.001512739,-0.000186425,,,
1786043649335605626,1786043649.334876208,/novatel/oem7/odom,/novatel/oem7/fix,/novatel/oem7/odom,39.663,-75.756,-1.800157873,0.001579323,-0.000186425,-0.000453742,-0.001512739,-0.000186425,,,
1786043649345648041,1786043649.345026115,/novatel/oem7/inspva,/novatel/oem7/inspva,/novatel/oem7/inspva,39.663,-75.756,-1.800138215,0.002460867,-0.000201746,-0.002341268,-0.000757847,-0.000201746,,novatel_oem7_msgs.msg.InertialSolutionStatus(status=3),
1786043649347053478,1786043649.345197047,/novatel/oem7/fix,/novatel/oem7/fix,/novatel/oem7/inspva,39.663,-75.756,-1.800138215,0.002460867,-0.000201746,-0.002341268,-0.000757847,-0.000201746,,0,
1786043649348124769,1786043649.345668374,/novatel/oem7/odom,/novatel/oem7/fix,/novatel/oem7/odom,39.663,-75.756,-1.800138215,0.002460128,-0.000210561,-0.000867221,-0.002302208,-0.000210561,,,
1786043649356515318,1786043649.355796851,/novatel/oem7/odom,/novatel/oem7/fix,/novatel/oem7/odom,39.663,-75.756,-1.800138215,0.002460128,-0.000210561,-0.000867221,-0.002302208,-0.000210561,,,
1786043649367005091,1786043649.365375691,/novatel/oem7/inspva,/novatel/oem7/inspva,/novatel/oem7/inspva,39.663,-75.756,-1.800111811,0.003365274,0.000995914,-0.003362322,-0.000140944,0.000995914,,novatel_oem7_msgs.msg.InertialSolutionStatus(status=3),
1786043649367963000,1786043649.365692088,/novatel/oem7/fix,/novatel/oem7/fix,/novatel/oem7/inspva,39.663,-75.756,-1.800111811,0.003365274,0.000995914,-0.003362322,-0.000140944,0.000995914,,0,
1786043649369491665,1786043649.366871079,/novatel/oem7/odom,/novatel/oem7/fix,/novatel/oem7/odom,39.663,-75.756,-1.800111811,0.002460124,-0.000210613,-0.000867235,-0.002302198,-0.000210613,,,
1786043649375629499,1786043649.374918967,/novatel/oem7/odom,/novatel/oem7/fix,/novatel/oem7/odom,39.663,-75.756,-1.800111811,0.003368083,0.000986373,-0.000303616,-0.003354370,0.000986373,,,
1786043649386716821,1786043649.386084951,/novatel/oem7/inspva,/novatel/oem7/inspva,/novatel/oem7/inspva,39.663,-75.756,-1.800096779,0.003191980,0.001333676,-0.003151550,0.000506427,0.001333676,,novatel_oem7_msgs.msg.InertialSolutionStatus(status=3),
1786043649388137275,1786043649.386253046,/novatel/oem7/fix,/novatel/oem7/fix,/novatel/oem7/inspva,39.663,-75.756,-1.800096779,0.003191980,0.001333676,-0.003151550,0.000506427,0.001333676,,0,
1786043649389198189,1786043649.386701670,/novatel/oem7/odom,/novatel/oem7/fix,/novatel/oem7/odom,39.663,-75.756,-1.800096779,0.003194809,0.001326882,0.000351793,-0.003175382,0.001326882,,,
1786043649395239664,1786043649.394541647,/novatel/oem7/odom,/novatel/oem7/fix,/novatel/oem7/odom,39.663,-75.756,-1.800096779,0.003194809,0.001326882,0.000351793,-0.003175382,0.001326882,,,
1786043649407152278,1786043649.406551922,/novatel/oem7/inspva,/novatel/oem7/inspva,/novatel/oem7/inspva,39.663,-75.756,-1.800087781,0.001637330,0.000414139,-0.001157785,-0.001157749,0.000414139,,novatel_oem7_msgs.msg.InertialSolutionStatus(status=3),
1786043649408565865,1786043649.406726144,/novatel/oem7/fix,/novatel/oem7/fix,/novatel/oem7/inspva,39.663,-75.756,-1.800087781,0.001637330,0.000414139,-0.001157785,-0.001157749,0.000414139,,0,
1786043649409636096,1786043649.407235116,/novatel/oem7/odom,/novatel/oem7/fix,/novatel/oem7/odom,39.663,-75.756,-1.800087781,0.001639089,0.000407122,-0.001212777,-0.001102626,0.000407122,,,
1786043649411195738,1786043649.410267136,/novatel/oem7/bestpos,/novatel/oem7/bestpos,/novatel/oem7/odom,39.663,-75.756,33.182467726,0.001639089,0.000407122,-0.001212777,-0.001102626,0.000407122,,novatel_oem7_msgs.msg.SolutionStatus(status=0),novatel_oem7_msgs.msg.PositionOrVelocityType(type=53)
1786043649412647479,1786043649.410649726,/novatel/oem7/bestvel,/novatel/oem7/bestpos,/novatel/oem7/bestvel,39.663,-75.756,33.182467726,0.001755914,0.000433570,,,,202.564592269,novatel_oem7_msgs.msg.SolutionStatus(status=0),novatel_oem7_msgs.msg.PositionOrVelocityType(type=53)
1786043649416238577,1786043649.415533347,/novatel/oem7/odom,/novatel/oem7/bestpos,/novatel/oem7/odom,39.663,-75.756,33.182467726,0.001639089,0.000407122,-0.001212777,-0.001102626,0.000407122,,,
1786043649425614339,1786043649.425021444,/novatel/oem7/inspva,/novatel/oem7/inspva,/novatel/oem7/inspva,39.663,-75.756,-1.800067547,0.001923251,0.000490894,-0.001533421,-0.001160825,0.000490894,,novatel_oem7_msgs.msg.InertialSolutionStatus(status=3),
1786043649426979643,1786043649.425169128,/novatel/oem7/fix,/novatel/oem7/fix,/novatel/oem7/inspva,39.663,-75.756,-1.800067547,0.001923251,0.000490894,-0.001533421,-0.001160825,0.000490894,,0,
1786043649428404520,1786043649.425614859,/novatel/oem7/odom,/novatel/oem7/fix,/novatel/oem7/odom,39.663,-75.756,-1.800067547,0.001925278,0.000482884,-0.001233901,-0.001477899,0.000482884,,,
1786043649435208004,1786043649.434517875,/novatel/oem7/odom,/novatel/oem7/fix,/novatel/oem7/odom,39.663,-75.756,-1.800067547,0.001925278,0.000482884,-0.001233901,-0.001477899,0.000482884,,,
1786043649447250709,1786043649.446667589,/novatel/oem7/inspva,/novatel/oem7/inspva,/novatel/oem7/inspva,39.663,-75.756,-1.800049028,0.003894363,0.000265982,-0.003782758,0.000925638,0.000265982,,novatel_oem7_msgs.msg.InertialSolutionStatus(status=3),
1786043649448674516,1786043649.446815311,/novatel/oem7/fix,/novatel/oem7/fix,/novatel/oem7/inspva,39.663,-75.756,-1.800049028,0.003894363,0.000265982,-0.003782758,0.000925638,0.000265982,,0,
1786043649449755317,1786043649.447365250,/novatel/oem7/odom,/novatel/oem7/fix,/novatel/oem7/odom,39.663,-75.756,-1.800049028,0.003894841,0.000258883,0.000744392,-0.003823044,0.000258883,,,
1786043649457070945,1786043649.456354134,/novatel/oem7/odom,/novatel/oem7/fix,/novatel/oem7/odom,39.663,-75.756,-1.800049028,0.003894841,0.000258883,0.000744392,-0.003823044,0.000258883,,,
1786043649465601882,1786043649.464979106,/novatel/oem7/inspva,/novatel/oem7/inspva,/novatel/oem7/inspva,39.663,-75.756,-1.800024131,0.003073064,0.001290489,-0.003063254,-0.000245358,0.001290489,,novatel_oem7_msgs.msg.InertialSolutionStatus(status=3),
1786043649466998866,1786043649.465140271,/novatel/oem7/fix,/novatel/oem7/fix,/novatel/oem7/inspva,39.663,-75.756,-1.800024131,0.003073064,0.001290489,-0.003063254,-0.000245358,0.001290489,,0,
1786043649468061309,1786043649.465520015,/novatel/oem7/odom,/novatel/oem7/fix,/novatel/oem7/odom,39.663,-75.756,-1.800024131,0.003076877,0.001281373,-0.000394749,-0.003051449,0.001281373,,,
1786043649476389605,1786043649.475680881,/novatel/oem7/odom,/novatel/oem7/fix,/novatel/oem7/odom,39.663,-75.756,-1.800024131,0.003076877,0.001281373,-0.000394749,-0.003051449,0.001281373,,,
1786043649486103057,1786043649.485521101,/novatel/oem7/inspva,/novatel/oem7/inspva,/novatel/oem7/inspva,39.663,-75.756,-1.800016223,0.001641328,0.000752242,-0.001264685,-0.001046197,0.000752242,,novatel_oem7_msgs.msg.InertialSolutionStatus(status=3),
1786043649487585565,1786043649.485675793,/novatel/oem7/fix,/novatel/oem7/fix,/novatel/oem7/inspva,39.663,-75.756,-1.800016223,0.001641328,0.000752242,-0.001264685,-0.001046197,0.000752242,,0,
1786043649488654359,1786043649.486256762,/novatel/oem7/odom,/novatel/oem7/fix,/novatel/oem7/odom,39.663,-75.756,-1.800016223,0.001644474,0.000745340,-0.001107574,-0.001215554,0.000745340,,,
1786043649495839509,1786043649.495142732,/novatel/oem7/odom,/novatel/oem7/fix,/novatel/oem7/odom,39.663,-75.756,-1.800016223,0.001644474,0.000745340,-0.001107574,-0.001215554,0.000745340,,,
1786043649506804854,1786043649.506219104,/novatel/oem7/inspva,/novatel/oem7/inspva,/novatel/oem7/inspva,39.663,-75.756,-1.799999285,0.001721586,0.000380899,-0.001180756,-0.001252866,0.000380899,,novatel_oem7_msgs.msg.InertialSolutionStatus(status=3),
1786043649508146987,1786043649.506359629,/novatel/oem7/fix,/novatel/oem7/fix,/novatel/oem7/inspva,39.663,-75.756,-1.799999285,0.001721586,0.000380899,-0.001180756,-0.001252866,0.000380899,,0,
1786043649509185160,1786043649.506834017,/novatel/oem7/odom,/novatel/oem7/fix,/novatel/oem7/odom,39.663,-75.756,-1.799999285,0.001723202,0.000373518,-0.001308730,-0.001121004,0.000373518,,,
1786043649512861036,1786043649.512186933,/novatel/oem7/bestpos,/novatel/oem7/bestpos,/novatel/oem7/odom,39.663,-75.756,33.182560820,0.001723202,0.000373518,-0.001308730,-0.001121004,0.000373518,,novatel_oem7_msgs.msg.SolutionStatus(status=0),novatel_oem7_msgs.msg.PositionOrVelocityType(type=53)
1786043649514247580,1786043649.512568410,/novatel/oem7/bestvel,/novatel/oem7/bestpos,/novatel/oem7/bestvel,39.663,-75.756,33.182560820,0.001718411,0.000197987,,,,191.024546141,novatel_oem7_msgs.msg.SolutionStatus(status=0),novatel_oem7_msgs.msg.PositionOrVelocityType(type=53)
1786043649515827832,1786043649.514695794,/novatel/oem7/odom,/novatel/oem7/bestpos,/novatel/oem7/odom,39.663,-75.756,33.182560820,0.001723202,0.000373518,-0.001308730,-0.001121004,0.000373518,,,
1786043649527031942,1786043649.526387379,/novatel/oem7/inspva,/novatel/oem7/inspva,/novatel/oem7/inspva,39.663,-75.756,-1.799980124,0.003311300,0.000091041,-0.003306298,-0.000181938,0.000091041,,novatel_oem7_msgs.msg.InertialSolutionStatus(status=3),
1786043649528474005,1786043649.526564024,/novatel/oem7/fix,/novatel/oem7/fix,/novatel/oem7/inspva,39.663,-75.756,-1.799980124,0.003311300,0.000091041,-0.003306298,-0.000181938,0.000091041,,0,
1786043649528945786,1786043649.526993028,/novatel/oem7/odom,/novatel/oem7/fix,/novatel/oem7/odom,39.663,-75.756,-1.799980124,0.003311548,0.000081551,-0.000338710,-0.003294180,0.000081551,,,
1786043649536283930,1786043649.535629013,/novatel/oem7/odom,/novatel/oem7/fix,/novatel/oem7/odom,39.663,-75.756,-1.799980124,0.003311548,0.000081551,-0.000338710,-0.003294180,0.000081551,,,
1786043649545925358,1786043649.545311825,/novatel/oem7/inspva,/novatel/oem7/inspva,/novatel/oem7/inspva,39.663,-75.756,-1.799953748,0.002952432,0.000867606,-0.002940534,0.000264789,0.000867606,,novatel_oem7_msgs.msg.InertialSolutionStatus(status=3),
1786043649547290951,1786043649.545490327,/novatel/oem7/fix,/novatel/oem7/fix,/novatel/oem7/inspva,39.663,-75.756,-1.799953748,0.002952432,0.000867606,-0.002940534,0.000264789,0.000867606,,0,
1786043649548325678,1786043649.546010699,/novatel/oem7/odom,/novatel/oem7/fix,/novatel/oem7/odom,39.663,-75.756,-1.799953748,0.002954495,0.000860554,0.000122143,-0.002951969,0.000860554,,,
1786043649556397714,1786043649.555771755,/novatel/oem7/odom,/novatel/oem7/fix,/novatel/oem7/odom,39.663,-75.756,-1.799953748,0.002954495,0.000860554,0.000122143,-0.002951969,0.000860554,,,
1786043649567265881,1786043649.566644604,/novatel/oem7/inspva,/novatel/oem7/inspva,/novatel/oem7/inspva,39.663,-75.756,-1.799926172,0.002162785,0.002131076,-0.001982483,-0.000864522,0.002131076,,novatel_oem7_msgs.msg.InertialSolutionStatus(status=3),
1786043649568649801,1786043649.566810769,/novatel/oem7/fix,/novatel/oem7/fix,/novatel/oem7/inspva,39.663,-75.756,-1.799926172,0.002162785,0.002131076,-0.001982483,-0.000864522,0.002131076,,0,
1786043649569688541,1786043649.567535413,/novatel/oem7/odom,/novatel/oem7/fix,/novatel/oem7/odom,39.663,-75.756,-1.799926172,0.002170932,0.002122776,-0.000964985,-0.001944672,0.002122776,,,
1786043649575601119,1786043649.574934049,/novatel/oem7/odom,/novatel/oem7/fix,/novatel/oem7/odom,39.663,-75.756,-1.799926172,0.002170932,0.002122776,-0.000964985,-0.001944672,0.002122776,,,
1786043649585553103,1786043649.584975571,/novatel/oem7/inspva,/novatel/oem7/inspva,/novatel/oem7/inspva,39.663,-75.756,-1.799912929,0.001454288,0.001236611,-0.001144307,-0.000897505,0.001236611,,novatel_oem7_msgs.msg.InertialSolutionStatus(status=3),
1786043649586830033,1786043649.585133849,/novatel/oem7/fix,/novatel/oem7/fix,/novatel/oem7/inspva,39.663,-75.756,-1.799912929,0.001454288,0.001236611,-0.001144307,-0.000897505,0.001236611,,0,
1786043649587894020,1786043649.585549037,/novatel/oem7/odom,/novatel/oem7/fix,/novatel/oem7/odom,39.663,-75.756,-1.799912929,0.001459461,0.001230501,-0.000955033,-0.001103602,0.001230501,,,
1786043649595775319,1786043649.595460914,/novatel/oem7/odom,/novatel/oem7/fix,/novatel/oem7/odom,39.663,-75.756,-1.799912929,0.001459461,0.001230501,-0.000955033,-0.001103602,0.001230501,,,
1786043649607164956,1786043649.606565593,/novatel/oem7/inspva,/novatel/oem7/inspva,/novatel/oem7/inspva,39.663,-75.756,-1.799897362,0.003132902,-0.000375293,-0.003022159,-0.000825609,-0.000375293,,novatel_oem7_msgs.msg.InertialSolutionStatus(status=3),
1786043649608549456,1786043649.606730235,/novatel/oem7/fix,/novatel/oem7/fix,/novatel/oem7/inspva,39.663,-75.756,-1.799897362,0.003132902,-0.000375293,-0.003022159,-0.000825609,-0.000375293,,0,
1786043649609644250,1786043649.607237423,/novatel/oem7/odom,/novatel/oem7/fix,/novatel/oem7/odom,39.663,-75.756,-1.799897362,0.003131585,-0.000386129,-0.000966578,-0.002978683,-0.000386129,,,
1786043649611248646,1786043649.610479335,/novatel/oem7/bestpos,/novatel/oem7/bestpos,/novatel/oem7/odom,39.663,-75.756,33.182671619,0.003131585,-0.000386129,-0.000966578,-0.002978683,-0.000386129,,novatel_oem7_msgs.msg.SolutionStatus(status=0),novatel_oem7_msgs.msg.PositionOrVelocityType(type=53)
1786043649612682907,1786043649.611015303,/novatel/oem7/bestvel,/novatel/oem7/bestpos,/novatel/oem7/bestvel,39.663,-75.756,33.182671619,0.003803823,0.000248464,,,,203.344567055,novatel_oem7_msgs.msg.SolutionStatus(status=0),novatel_oem7_msgs.msg.PositionOrVelocityType(type=53)
1786043649615792810,1786043649.615086535,/novatel/oem7/odom,/novatel/oem7/bestpos,/novatel/oem7/odom,39.663,-75.756,33.182671619,0.003131585,-0.000386129,-0.000966578,-0.002978683,-0.000386129,,,
1786043649626910853,1786043649.626296330,/novatel/oem7/inspva,/novatel/oem7/inspva,/novatel/oem7/inspva,39.663,-75.756,-1.799871479,0.002490836,-0.000026921,-0.002445199,-0.000474624,-0.000026921,,novatel_oem7_msgs.msg.InertialSolutionStatus(status=3),
1786043649628218242,1786043649.626451752,/novatel/oem7/fix,/novatel/oem7/fix,/novatel/oem7/inspva,39.663,-75.756,-1.799871479,0.002490836,-0.000026921,-0.002445199,-0.000474624,-0.000026921,,0,
1786043649629248259,1786043649.626967267,/novatel/oem7/odom,/novatel/oem7/fix,/novatel/oem7/odom,39.663,-75.756,-1.799871479,0.002490735,-0.000035056,-0.000589822,-0.002419891,-0.000035056,,,
1786043649635087380,1786043649.634765957,/novatel/oem7/odom,/novatel/oem7/fix,/novatel/oem7/odom,39.663,-75.756,-1.799871479,0.002490735,-0.000035056,-0.000589822,-0.002419891,-0.000035056,,,
1786043649645663852,1786043649.645335120,/novatel/oem7/inspva,/novatel/oem7/inspva,/novatel/oem7/inspva,39.663,-75.756,-1.799843991,0.001793389,0.001764301,-0.001737050,-0.000445984,0.001764301,,novatel_oem7_msgs.msg.InertialSolutionStatus(status=3),
1786043649646244722,1786043649.645498316,/novatel/oem7/fix,/novatel/oem7/fix,/novatel/oem7/inspva,39.663,-75.756,-1.799843991,0.001793389,0.001764301,-0.001737050,-0.000445984,0.001764301,,0,
1786043649646901960,1786043649.646082805,/novatel/oem7/odom,/novatel/oem7/fix,/novatel/oem7/odom,39.663,-75.756,-1.799843991,0.001799441,0.001758128,-0.000533897,-0.001718412,0.001758128,,,
1786043649656699542,1786043649.656034579,/novatel/oem7/odom,/novatel/oem7/fix,/novatel/oem7/odom,39.663,-75.756,-1.799843991,0.001799441,0.001758128,-0.000533897,-0.001718412,0.001758128,,,
1786043649665761726,1786043649.665471258,/novatel/oem7/inspva,/novatel/oem7/inspva,/novatel/oem7/inspva,39.663,-75.756,-1.799837990,0.001451476,0.001252371,-0.000769369,-0.001230794,0.001252371,,novatel_oem7_msgs.msg.InertialSolutionStatus(status=3),
1786043649666347197,1786043649.665641030,/novatel/oem7/fix,/novatel/oem7/fix,/novatel/oem7/inspva,39.663,-75.756,-1.799837990,0.001451476,0.001252371,-0.000769369,-0.001230794,0.001252371,,0,
1786043649666823779,1786043649.665974936,/novatel/oem7/odom,/novatel/oem7/fix,/novatel/oem7/odom,39.663,-75.756,-1.799837990,0.001456811,0.001246161,-0.001270211,-0.000713346,0.001246161,,,
1786043649674882103,1786043649.674535724,/novatel/oem7/odom,/novatel/oem7/fix,/novatel/oem7/odom,39.663,-75.756,-1.799837990,0.001456811,0.001246161,-0.001270211,-0.000713346,0.001246161,,,
1786043649687783347,1786043649.687191988,/novatel/oem7/inspva,/novatel/oem7/inspva,/novatel/oem7/inspva,39.663,-75.756,-1.799842650,0.002750910,-0.001305994,-0.001866217,-0.002021074,-0.001305994,,novatel_oem7_msgs.msg.InertialSolutionStatus(status=3),
1786043649689067974,1786043649.687332157,/novatel/oem7/fix,/novatel/oem7/fix,/novatel/oem7/inspva,39.663,-75.756,-1.799842650,0.002750910,-0.001305994,-0.001866217,-0.002021074,-0.001305994,,0,
1786043649690077767,1786043649.687700870,/novatel/oem7/odom,/novatel/oem7/fix,/novatel/oem7/odom,39.663,-75.756,-1.799842650,0.002745349,-0.001317644,-0.002102712,-0.001765089,-0.001317644,,,
1786043649695326539,1786043649.695035195,/novatel/oem7/odom,/novatel/oem7/fix,/novatel/oem7/odom,39.663,-75.756,-1.799842650,0.002745349,-0.001317644,-0.002102712,-0.001765089,-0.001317644,,,
1786043649706378610,1786043649.705804961,/novatel/oem7/inspva,/novatel/oem7/inspva,/novatel/oem7/inspva,39.663,-75.756,-1.799815542,0.001804927,-0.000608974,-0.001633284,-0.000768210,-0.000608974,,novatel_oem7_msgs.msg.InertialSolutionStatus(status=3),
1786043649707667899,1786043649.705961330,/novatel/oem7/fix,/novatel/oem7/fix,/novatel/oem7/inspva,39.663,-75.756,-1.799815542,0.001804927,-0.000608974,-0.001633284,-0.000768210,-0.000608974,,0,
1786043649708767903,1786043649.706462668,/novatel/oem7/odom,/novatel/oem7/fix,/novatel/oem7/odom,39.663,-75.756,-1.799815542,0.001802589,-0.000615860,-0.000842619,-0.001593524,-0.000615860,,,
1786043649710250202,1786043649.709348893,/novatel/oem7/bestpos,/novatel/oem7/bestpos,/novatel/oem7/odom,39.663,-75.756,33.182773647,0.001802589,-0.000615860,-0.000842619,-0.001593524,-0.000615860,,novatel_oem7_msgs.msg.SolutionStatus(status=0),novatel_oem7_msgs.msg.PositionOrVelocityType(type=53)
1786043649711672662,1786043649.709908408,/novatel/oem7/bestvel,/novatel/oem7/bestpos,/novatel/oem7/bestvel,39.663,-75.756,33.182773647,0.002787885,0.000199357,,,,227.438708777,novatel_oem7_msgs.msg.SolutionStatus(status=0),novatel_oem7_msgs.msg.PositionOrVelocityType(type=53)
1786043649716072809,1786043649.715459222,/novatel/oem7/odom,/novatel/oem7/bestpos,/novatel/oem7/odom,39.663,-75.756,33.182773647,0.001802589,-0.000615860,-0.000842619,-0.001593524,-0.000615860,,,
1786043649725851485,1786043649.725279072,/novatel/oem7/inspva,/novatel/oem7/inspva,/novatel/oem7/inspva,39.663,-75.756,-1.799790028,0.002106948,0.001432221,-0.001878163,-0.000954847,0.001432221,,novatel_oem7_msgs.msg.InertialSolutionStatus(status=3),
1786043649727287629,1786043649.725455414,/novatel/oem7/fix,/novatel/oem7/fix,/novatel/oem7/inspva,39.663,-75.756,-1.799790028,0.002106948,0.001432221,-0.001878163,-0.000954847,0.001432221,,0,
1786043649728320272,1786043649.726154624,/novatel/oem7/odom,/novatel/oem7/fix,/novatel/oem7/odom,39.663,-75.756,-1.799790028,0.002112552,0.001423942,-0.001047721,-0.001834437,0.001423942,,,
1786043649735546946,1786043649.734894450,/novatel/oem7/odom,/novatel/oem7/fix,/novatel/oem7/odom,39.663,-75.756,-1.799790028,0.002112552,0.001423942,-0.001047721,-0.001834437,0.001423942,,,
1786043649746634495,1786043649.746059710,/novatel/oem7/inspva,/novatel/oem7/inspva,/novatel/oem7/inspva,39.663,-75.756,-1.799782048,0.001167420,0.001534412,-0.001119599,-0.000330708,0.001534412,,novatel_oem7_msgs.msg.InertialSolutionStatus(status=3),
1786043649747916658,1786043649.746214005,/novatel/oem7/fix,/novatel/oem7/fix,/novatel/oem7/inspva,39.663,-75.756,-1.799782048,0.001167420,0.001534412,-0.001119599,-0.000330708,0.001534412,,0,
1786043649748927635,1786043649.746697953,/novatel/oem7/odom,/novatel/oem7/fix,/novatel/oem7/odom,39.663,-75.756,-1.799782048,0.001172836,0.001530276,-0.000388632,-0.001106576,0.001530276,,,
1786043649756591847,1786043649.755909133,/novatel/oem7/odom,/novatel/oem7/fix,/novatel/oem7/odom,39.663,-75.756,-1.799782048,0.001172836,0.001530276,-0.000388632,-0.001106576,0.001530276,,,
1786043649765910741,1786043649.765350979,/novatel/oem7/inspva,/novatel/oem7/inspva,/novatel/oem7/inspva,39.663,-75.756,-1.799784033,0.001832354,-0.000872604,-0.000868806,-0.001613288,-0.000872604,,novatel_oem7_msgs.msg.InertialSolutionStatus(status=3),
1786043649767319725,1786043649.765577575,/novatel/oem7/fix,/novatel/oem7/fix,/novatel/oem7/inspva,39.663,-75.756,-1.799784033,0.001832354,-0.000872604,-0.000868806,-0.001613288,-0.000872604,,0,
1786043649768360746,1786043649.765894761,/novatel/oem7/odom,/novatel/oem7/fix,/novatel/oem7/odom,39.663,-75.756,-1.799784033,0.001828669,-0.000880301,-0.001649612,-0.000789184,-0.000880301,,,
1786043649776134119,1786043649.775508119,/novatel/oem7/odom,/novatel/oem7/fix,/novatel/oem7/odom,39.663,-75.756,-1.799784033,0.001828669,-0.000880301,-0.001649612,-0.000789184,-0.000880301,,,
1786043649785662182,1786043649.785074577,/novatel/oem7/inspva,/novatel/oem7/inspva,/novatel/oem7/inspva,39.663,-75.756,-1.799757969,0.002606455,-0.001048295,-0.000966218,-0.002420749,-0.001048295,,novatel_oem7_msgs.msg.InertialSolutionStatus(status=3),
1786043649787375092,1786043649.785261028,/novatel/oem7/fix,/novatel/oem7/fix,/novatel/oem7/inspva,39.663,-75.756,-1.799757969,0.002606455,-0.001048295,-0.000966218,-0.002420749,-0.001048295,,0,
1786043649788874144,1786043649.787021076,/novatel/oem7/odom,/novatel/oem7/fix,/novatel/oem7/odom,39.663,-75.756,-1.799757969,0.002602179,-0.001058864,-0.002460184,-0.000847839,-0.001058864,,,
1786043649795077898,1786043649.794415411,/novatel/oem7/odom,/novatel/oem7/fix,/novatel/oem7/odom,39.663,-75.756,-1.799757969,0.002602179,-0.001058864,-0.002460184,-0.000847839,-0.001058864,,,
1786043649807149783,1786043649.806640445,/novatel/oem7/inspva,/novatel/oem7/inspva,/novatel/oem7/inspva,39.663,-75.756,-1.799718876,0.001858110,0.002075948,-0.001845032,-0.000220071,0.002075948,,novatel_oem7_msgs.msg.InertialSolutionStatus(status=3),
1786043649808472353,1786043649.806818800,/novatel/oem7/fix,/novatel/oem7/fix,/novatel/oem7/inspva,39.663,-75.756,-1.799718876,0.001858110,0.002075948,-0.001845032,-0.000220071,0.002075948,,0,
1786043649809492696,1786043649.807210354,/novatel/oem7/odom,/novatel/oem7/fix,/novatel/oem7/odom,39.663,-75.756,-1.799718876,0.001864468,0.002070240,-0.000314346,-0.001837778,0.002070240,,,
1786043649810933587,1786043649.810047225,/novatel/oem7/bestpos,/novatel/oem7/bestpos,/novatel/oem7/odom,39.663,-75.756,33.182855795,0.001864468,0.002070240,-0.000314346,-0.001837778,0.002070240,,novatel_oem7_msgs.msg.SolutionStatus(status=0),novatel_oem7_msgs.msg.PositionOrVelocityType(type=53)
1786043649812288464,1786043649.810472786,/novatel/oem7/bestvel,/novatel/oem7/bestpos,/novatel/oem7/bestvel,39.663,-75.756,33.182855795,0.001569907,0.002096994,,,,213.057252440,novatel_oem7_msgs.msg.SolutionStatus(status=0),novatel_oem7_msgs.msg.PositionOrVelocityType(type=53)
1786043649815741744,1786043649.815101731,/novatel/oem7/odom,/novatel/oem7/bestpos,/novatel/oem7/odom,39.663,-75.756,33.182855795,0.001864468,0.002070240,-0.000314346,-0.001837778,0.002070240,,,
1786043649825515144,1786043649.824969225,/novatel/oem7/inspva,/novatel/oem7/inspva,/novatel/oem7/inspva,39.663,-75.756,-1.799710096,0.001550781,0.001790361,-0.001395747,-0.000675877,0.001790361,,novatel_oem7_msgs.msg.InertialSolutionStatus(status=3),
1786043649826819663,1786043649.825126116,/novatel/oem7/fix,/novatel/oem7/fix,/novatel/oem7/inspva,39.663,-75.756,-1.799710096,0.001550781,0.001790361,-0.001395747,-0.000675877,0.001790361,,0,
1786043649827852920,1786043649.825560634,/novatel/oem7/odom,/novatel/oem7/fix,/novatel/oem7/odom,39.663,-75.756,-1.799710096,0.001557716,0.001784330,-0.000747454,-0.001366672,0.001784330,,,
1786043649836101658,1786043649.835470348,/novatel/oem7/odom,/novatel/oem7/fix,/novatel/oem7/odom,39.663,-75.756,-1.799710096,0.001557716,0.001784330,-0.000747454,-0.001366672,0.001784330,,,
1786043649845795963,1786043649.845291051,/novatel/oem7/inspva,/novatel/oem7/inspva,/novatel/oem7/inspva,39.663,-75.756,-1.799711199,0.002119929,-0.000522026,-0.000449612,-0.002071701,-0.000522026,,novatel_oem7_msgs.msg.InertialSolutionStatus(status=3),
1786043649847091012,1786043649.845453110,/novatel/oem7/fix,/novatel/oem7/fix,/novatel/oem7/inspva,39.663,-75.756,-1.799711199,0.002119929,-0.000522026,-0.000449612,-0.002071701,-0.000522026,,0,
1786043649848105599,1786043649.846080822,/novatel/oem7/odom,/novatel/oem7/fix,/novatel/oem7/odom,39.663,-75.756,-1.799711199,0.002117934,-0.000530061,-0.002088880,-0.000349606,-0.000530061,,,
1786043649857306402,1786043649.856669250,/novatel/oem7/odom,/novatel/oem7/fix,/novatel/oem7/odom,39.663,-75.756,-1.799711199,0.002117934,-0.000530061,-0.002088880,-0.000349606,-0.000530061,,,
1786043649866632307,1786043649.866095832,/novatel/oem7/inspva,/novatel/oem7/inspva,/novatel/oem7/inspva,39.663,-75.756,-1.799688914,0.002408454,-0.000604438,-0.000684856,-0.002309031,-0.000604438,,novatel_oem7_msgs.msg.InertialSolutionStatus(status=3),
1786043649867912303,1786043649.866197503,/novatel/oem7/fix,/novatel/oem7/fix,/novatel/oem7/inspva,39.663,-75.756,-1.799688914,0.002408454,-0.000604438,-0.000684856,-0.002309031,-0.000604438,,0,
1786043649868919303,1786043649.866506360,/novatel/oem7/odom,/novatel/oem7/fix,/novatel/oem7/odom,39.663,-75.756,-1.799688914,0.002406057,-0.000613908,-0.002336794,-0.000573153,-0.000613908,,,
1786043649876068746,1786043649.875407974,/novatel/oem7/odom,/novatel/oem7/fix,/novatel/oem7/odom,39.663,-75.756,-1.799688914,0.002406057,-0.000613908,-0.002336794,-0.000573153,-0.000613908,,,
1786043649885707198,1786043649.885167096,/novatel/oem7/inspva,/novatel/oem7/inspva,/novatel/oem7/inspva,39.663,-75.756,-1.799658194,0.002644893,0.001160263,-0.002071298,-0.001644745,0.001160263,,novatel_oem7_msgs.msg.InertialSolutionStatus(status=3),
1786043649887003651,1786043649.885338184,/novatel/oem7/fix,/novatel/oem7/fix,/novatel/oem7/inspva,39.663,-75.756,-1.799658194,0.002644893,0.001160263,-0.002071298,-0.001644745,0.001160263,,0,
1786043649888016611,1786043649.885805209,/novatel/oem7/odom,/novatel/oem7/fix,/novatel/oem7/odom,39.663,-75.756,-1.799658194,0.002649719,0.001149199,-0.001745019,-0.001993971,0.001149199,,,
1786043649894896741,1786043649.894256662,/novatel/oem7/odom,/novatel/oem7/fix,/novatel/oem7/odom,39.663,-75.756,-1.799658194,0.002649719,0.001149199,-0.001745019,-0.001993971,0.001149199,,,
1786043649906437542,1786043649.905923753,/novatel/oem7/inspva,/novatel/oem7/inspva,/novatel/oem7/inspva,39.663,-75.756,-1.799640316,0.002171588,0.001839814,-0.001949224,-0.000957245,0.001839814,,novatel_oem7_msgs.msg.InertialSolutionStatus(status=3),
1786043649907734531,1786043649.906070688,/novatel/oem7/fix,/novatel/oem7/fix,/novatel/oem7/inspva,39.663,-75.756,-1.799640316,0.002171588,0.001839814,-0.001949224,-0.000957245,0.001839814,,0,
1786043649908749281,1786043649.906543940,/novatel/oem7/odom,/novatel/oem7/fix,/novatel/oem7/odom,39.663,-75.756,-1.799640316,0.002178741,0.001831338,-0.001054856,-0.001906355,0.001831338,,,
1786043649910183725,1786043649.909561525,/novatel/oem7/bestpos,/novatel/oem7/bestpos,/novatel/oem7/odom,39.663,-75.756,33.182921609,0.002178741,0.001831338,-0.001054856,-0.001906355,0.001831338,,novatel_oem7_msgs.msg.SolutionStatus(status=0),novatel_oem7_msgs.msg.PositionOrVelocityType(type=53)
1786043649911714883,1786043649.910388860,/novatel/oem7/bestvel,/novatel/oem7/bestpos,/novatel/oem7/bestvel,39.663,-75.756,33.182921609,0.001386753,0.001289488,,,,217.503190463,novatel_oem7_msgs.msg.SolutionStatus(status=0),novatel_oem7_msgs.msg.PositionOrVelocityType(type=53)
1786043649915108680,1786043649.914484158,/novatel/oem7/odom,/novatel/oem7/bestpos,/novatel/oem7/odom,39.663,-75.756,33.182921609,0.002178741,0.001831338,-0.001054856,-0.001906355,0.001831338,,,
1786043649925922226,1786043649.925389081,/novatel/oem7/inspva,/novatel/oem7/inspva,/novatel/oem7/inspva,39.663,-75.756,-1.799636315,0.002993618,0.000399186,-0.000192668,-0.002987412,0.000399186,,novatel_oem7_msgs.msg.InertialSolutionStatus(status=3),
1786043649927215859,1786043649.925593960,/novatel/oem7/fix,/novatel/oem7/fix,/novatel/oem7/inspva,39.663,-75.756,-1.799636315,0.002993618,0.000399186,-0.000192668,-0.002987412,0.000399186,,0,
1786043649928251033,1786043649.926171159,/novatel/oem7/odom,/novatel/oem7/fix,/novatel/oem7/odom,39.663,-75.756,-1.799636315,0.002994994,0.000388725,-0.002994546,-0.000051850,0.000388725,,,
1786043649935999135,1786043649.935345939,/novatel/oem7/odom,/novatel/oem7/fix,/novatel/oem7/odom,39.663,-75.756,-1.799636315,0.002994994,0.000388725,-0.002994546,-0.000051850,0.000388725,,,
1786043649945778238,1786043649.945245606,/novatel/oem7/inspva,/novatel/oem7/inspva,/novatel/oem7/inspva,39.663,-75.756,-1.799619070,0.002766409,0.000035565,-0.000362230,-0.002742592,0.000035565,,novatel_oem7_msgs.msg.InertialSolutionStatus(status=3),
1786043649947085608,1786043649.945397887,/novatel/oem7/fix,/novatel/oem7/fix,/novatel/oem7/inspva,39.663,-75.756,-1.799619070,0.002766409,0.000035565,-0.000362230,-0.002742592,0.000035565,,0,
1786043649948124031,1786043649.945804705,/novatel/oem7/odom,/novatel/oem7/fix,/novatel/oem7/odom,39.663,-75.756,-1.799619070,0.002766520,0.000025571,-0.002756779,-0.000231944,0.000025571,,,
1786043649956606987,1786043649.955910931,/novatel/oem7/odom,/novatel/oem7/fix,/novatel/oem7/odom,39.663,-75.756,-1.799619070,0.002766520,0.000025571,-0.002756779,-0.000231944,0.000025571,,,
1786043649966075897,1786043649.965571139,/novatel/oem7/inspva,/novatel/oem7/inspva,/novatel/oem7/inspva,39.663,-75.756,-1.799601530,0.002878224,0.000208437,-0.002545117,-0.001344080,0.000208437,,novatel_oem7_msgs.msg.InertialSolutionStatus(status=3),
1786043649967399700,1786043649.965723951,/novatel/oem7/fix,/novatel/oem7/fix,/novatel/oem7/inspva,39.663,-75.756,-1.799601530,0.002878224,0.000208437,-0.002545117,-0.001344080,0.000208437,,0,
1786043649968516964,1786043649.966500965,/novatel/oem7/odom,/novatel/oem7/fix,/novatel/oem7/odom,39.663,-75.756,-1.799601530,0.002879017,0.000197174,-0.001463841,-0.002479094,0.000197174,,,
1786043649975336578,1786043649.974665785,/novatel/oem7/odom,/novatel/oem7/fix,/novatel/oem7/odom,39.663,-75.756,-1.799601530,0.002879017,0.000197174,-0.001463841,-0.002479094,0.000197174,,,
1786043649985683953,1786043649.985144715,/novatel/oem7/inspva,/novatel/oem7/inspva,/novatel/oem7/inspva,39.663,-75.756,-1.799573417,0.002968025,0.001340101,-0.002549200,-0.001520116,0.001340101,,novatel_oem7_msgs.msg.InertialSolutionStatus(status=3),
1786043649987016163,1786043649.985309196,/novatel/oem7/fix,/novatel/oem7/fix,/novatel/oem7/inspva,39.663,-75.756,-1.799573417,0.002968025,0.001340101,-0.002549200,-0.001520116,0.001340101,,0,
1786043649988101934,1786043649.985680883,/novatel/oem7/odom,/novatel/oem7/fix,/novatel/oem7/odom,39.663,-75.756,-1.799573417,0.002973387,0.001328161,-0.001643763,-0.002477715,0.001328161,,,
1786043649996069472,1786043649.995439869,/novatel/oem7/odom,/novatel/oem7/fix,/novatel/oem7/odom,39.663,-75.756,-1.799573417,0.002973387,0.001328161,-0.001643763,-0.002477715,0.001328161,,,
1786043650010746039,1786043650.010210311,/novatel/oem7/inspva,/novatel/oem7/inspva,/novatel/oem7/inspva,39.663,-75.756,-1.799564587,0.003278907,0.001039466,-0.000443350,-0.003248795,0.001039466,,novatel_oem7_msgs.msg.InertialSolutionStatus(status=3),
1786043650012107826,1786043650.010366793,/novatel/oem7/fix,/novatel/oem7/fix,/novatel/oem7/inspva,39.663,-75.756,-1.799564587,0.003278907,0.001039466,-0.000443350,-0.003248795,0.001039466,,0,
1786043650013659405,1786043650.011748906,/novatel/oem7/odom,/novatel/oem7/fix,/novatel/oem7/odom,39.663,-75.756,-1.799564587,0.003282686,0.001027469,-0.003269713,-0.000291550,0.001027469,,,
1786043650015588017,1786043650.014760749,/novatel/oem7/odom,/novatel/oem7/fix,/novatel/oem7/odom,39.663,-75.756,-1.799564587,0.003282686,0.001027469,-0.003269713,-0.000291550,0.001027469,,,
1786043650026919438,1786043650.026341992,/novatel/oem7/bestpos,/novatel/oem7/bestpos,/novatel/oem7/odom,39.663,-75.756,33.183003970,0.003282686,0.001027469,-0.003269713,-0.000291550,0.001027469,,novatel_oem7_msgs.msg.SolutionStatus(status=0),novatel_oem7_msgs.msg.PositionOrVelocityType(type=53)
1786043650028318532,1786043650.026807371,/novatel/oem7/bestvel,/novatel/oem7/bestpos,/novatel/oem7/bestvel,39.663,-75.756,33.183003970,0.002480161,0.000748135,,,,253.163247812,novatel_oem7_msgs.msg.SolutionStatus(status=0),novatel_oem7_msgs.msg.PositionOrVelocityType(type=53)
1786043650029233961,1786043650.027202568,/novatel/oem7/inspva,/novatel/oem7/inspva,/novatel/oem7/inspva,39.663,-75.756,-1.799555496,0.003065765,0.000615324,-0.000553659,-0.003015357,0.000615324,,novatel_oem7_msgs.msg.InertialSolutionStatus(status=3),
1786043650030069326,1786043650.027346332,/novatel/oem7/fix,/novatel/oem7/fix,/novatel/oem7/inspva,39.663,-75.756,-1.799555496,0.003065765,0.000615324,-0.000553659,-0.003015357,0.000615324,,0,
1786043650031093009,1786043650.027807127,/novatel/oem7/odom,/novatel/oem7/fix,/novatel/oem7/odom,39.663,-75.756,-1.799555496,0.003068040,0.000603877,-0.003040288,-0.000411725,0.000603877,,,
1786043650035327074,1786043650.034645258,/novatel/oem7/odom,/novatel/oem7/fix,/novatel/oem7/odom,39.663,-75.756,-1.799555496,0.003068040,0.000603877,-0.003040288,-0.000411725,0.000603877,,,
1786043650047178804,1786043650.045368016,/novatel/oem7/inspva,/novatel/oem7/inspva,/novatel/oem7/inspva,39.663,-75.756,-1.799578072,0.003062527,-0.000366874,-0.002104392,-0.002224996,-0.000366874,,novatel_oem7_msgs.msg.InertialSolutionStatus(status=3),
1786043650048601401,1786043650.045649112,/novatel/oem7/fix,/novatel/oem7/fix,/novatel/oem7/inspva,39.663,-75.756,-1.799578072,0.003062527,-0.000366874,-0.002104392,-0.002224996,-0.000366874,,0,
1786043650049684055,1786043650.046592378,/novatel/oem7/odom,/novatel/oem7/fix,/novatel/oem7/odom,39.663,-75.756,-1.799578072,0.003068035,0.000603903,-0.003040281,-0.000411745,0.000603903,,,
1786043650057336240,1786043650.056650217,/novatel/oem7/odom,/novatel/oem7/fix,/novatel/oem7/odom,39.663,-75.756,-1.799578072,0.003060941,-0.000379883,-0.002320914,-0.001995675,-0.000379883,,,
1786043650066037399,1786043650.065468507,/novatel/oem7/inspva,/novatel/oem7/inspva,/novatel/oem7/inspva,39.663,-75.756,-1.799599123,0.002935199,-0.000043176,-0.002255119,-0.001878785,-0.000043176,,novatel_oem7_msgs.msg.InertialSolutionStatus(status=3),
1786043650067466056,1786043650.065662672,/novatel/oem7/fix,/novatel/oem7/fix,/novatel/oem7/inspva,39.663,-75.756,-1.799599123,0.002935199,-0.000043176,-0.002255119,-0.001878785,-0.000043176,,0,
1786043650068554361,1786043650.066148123,/novatel/oem7/odom,/novatel/oem7/fix,/novatel/oem7/odom,39.663,-75.756,-1.799599123,0.002934993,-0.000055463,-0.001983328,-0.002163468,-0.000055463,,,
1786043650075329310,1786043650.074619817,/novatel/oem7/odom,/novatel/oem7/fix,/novatel/oem7/odom,39.663,-75.756,-1.799599123,0.002934993,-0.000055463,-0.001983328,-0.002163468,-0.000055463,,,
1786043650087143996,1786043650.086608264,/novatel/oem7/inspva,/novatel/oem7/inspva,/novatel/oem7/inspva,39.663,-75.756,-1.799608056,0.002801197,0.002016911,-0.001414456,-0.002417854,0.002016911,,novatel_oem7_msgs.msg.InertialSolutionStatus(status=3),
1786043650088496353,1786043650.086784366,/novatel/oem7/fix,/novatel/oem7/fix,/novatel/oem7/inspva,39.663,-75.756,-1.799608056,0.002801197,0.002016911,-0.001414456,-0.002417854,0.002016911,,0,
1786043650089564147,1786043650.087230950,/novatel/oem7/odom,/novatel/oem7/fix,/novatel/oem7/odom,39.663,-75.756,-1.799608056,0.002809739,0.002004995,-0.002489072,-0.001303515,0.002004995,,,
1786043650095537756,1786043650.094869685,/novatel/oem7/odom,/novatel/oem7/fix,/novatel/oem7/odom,39.663,-75.756,-1.799608056,0.002809739,0.002004995,-0.002489072,-0.001303515,0.002004995,,,
1786043650106550417,1786043650.105792103,/novatel/oem7/inspva,/novatel/oem7/inspva,/novatel/oem7/inspva,39.663,-75.756,-1.799651703,0.002510803,0.001263496,-0.001069644,-0.002271562,0.001263496,,novatel_oem7_msgs.msg.InertialSolutionStatus(status=3),
1786043650108089385,1786043650.105987678,/novatel/oem7/fix,/novatel/oem7/fix,/novatel/oem7/inspva,39.663,-75.756,-1.799651703,0.002510803,0.001263496,-0.001069644,-0.002271562,0.001263496,,0,
1786043650109312497,1786043650.106606388,/novatel/oem7/odom,/novatel/oem7/fix,/novatel/oem7/odom,39.663,-75.756,-1.799651703,0.002516026,0.001253062,-0.002324000,-0.000964059,0.001253062,,,
1786043650110934693,1786043650.109237000,/novatel/oem7/bestpos,/novatel/oem7/bestpos,/novatel/oem7/odom,39.663,-75.756,33.182844756,0.002516026,0.001253062,-0.002324000,-0.000964059,0.001253062,,novatel_oem7_msgs.msg.SolutionStatus(status=0),novatel_oem7_msgs.msg.PositionOrVelocityType(type=53)
1786043650111929157,1786043650.109664608,/novatel/oem7/bestvel,/novatel/oem7/bestpos,/novatel/oem7/bestvel,39.663,-75.756,33.182844756,0.001702449,0.000460607,,,,263.217236670,novatel_oem7_msgs.msg.SolutionStatus(status=0),novatel_oem7_msgs.msg.PositionOrVelocityType(type=53)
1786043650116209655,1786043650.115501182,/novatel/oem7/odom,/novatel/oem7/bestpos,/novatel/oem7/odom,39.663,-75.756,33.182844756,0.002516026,0.001253062,-0.002324000,-0.000964059,0.001253062,,,
1786043650125998951,1786043650.125468516,/novatel/oem7/inspva,/novatel/oem7/inspva,/novatel/oem7/inspva,39.663,-75.756,-1.799693991,0.002934862,-0.001370192,-0.001431860,-0.002561872,-0.001370192,,novatel_oem7_msgs.msg.InertialSolutionStatus(status=3),
1786043650127478513,1786043650.125646128,/novatel/oem7/fix,/novatel/oem7/fix,/novatel/oem7/inspva,39.663,-75.756,-1.799693991,0.002934862,-0.001370192,-0.001431860,-0.002561872,-0.001370192,,0,
1786043650128587274,1786043650.126129562,/novatel/oem7/odom,/novatel/oem7/fix,/novatel/oem7/odom,39.663,-75.756,-1.799693991,0.002929112,-0.001382441,-0.002622147,-0.001305389,-0.001382441,,,
1786043650135123058,1786043650.134384620,/novatel/oem7/odom,/novatel/oem7/fix,/novatel/oem7/odom,39.663,-75.756,-1.799693991,0.002929112,-0.001382441,-0.002622147,-0.001305389,-0.001382441,,,
1786043650146716618,1786043650.146141439,/novatel/oem7/inspva,/novatel/oem7/inspva,/novatel/oem7/inspva,39.663,-75.756,-1.799712272,0.002793066,-0.000749113,-0.001384354,-0.002425856,-0.000749113,,novatel_oem7_msgs.msg.InertialSolutionStatus(status=3),
1786043650148163629,1786043650.146309434,/novatel/oem7/fix,/novatel/oem7/fix,/novatel/oem7/inspva,39.663,-75.756,-1.799712272,0.002793066,-0.000749113,-0.001384354,-0.002425856,-0.000749113,,0,
1786043650149266807,1786043650.146781072,/novatel/oem7/odom,/novatel/oem7/fix,/novatel/oem7/odom,39.663,-75.756,-1.799712272,0.002789896,-0.000760831,-0.002486127,-0.001265976,-0.000760831,,,
1786043650156476647,1786043650.155764954,/novatel/oem7/odom,/novatel/oem7/fix,/novatel/oem7/odom,39.663,-75.756,-1.799712272,0.002789896,-0.000760831,-0.002486127,-0.001265976,-0.000760831,,,
1786043650166273991,1786043650.165277824,/novatel/oem7/inspva,/novatel/oem7/inspva,/novatel/oem7/inspva,39.663,-75.756,-1.799720188,0.002071431,0.001498059,-0.001838750,-0.000953848,0.001498059,,novatel_oem7_msgs.msg.InertialSolutionStatus(status=3),
1786043650167810332,1786043650.165528916,/novatel/oem7/fix,/novatel/oem7/fix,/novatel/oem7/inspva,39.663,-75.756,-1.799720188,0.002071431,0.001498059,-0.001838750,-0.000953848,0.001498059,,0,
1786043650169009627,1786043650.166131175,/novatel/oem7/odom,/novatel/oem7/fix,/novatel/oem7/odom,39.663,-75.756,-1.799720188,0.002077312,0.001489893,-0.001044982,-0.001795337,0.001489893,,,
1786043650176378863,1786043650.175655386,/novatel/oem7/odom,/novatel/oem7/fix,/novatel/oem7/odom,39.663,-75.756,-1.799720188,0.002077312,0.001489893,-0.001044982,-0.001795337,0.001489893,,,
1786043650185596100,1786043650.185012008,/novatel/oem7/inspva,/novatel/oem7/inspva,/novatel/oem7/inspva,39.663,-75.756,-1.799758549,0.001933051,0.001543474,-0.001552345,-0.001151916,0.001543474,,novatel_oem7_msgs.msg.InertialSolutionStatus(status=3),
1786043650187080278,1786043650.185178879,/novatel/oem7/fix,/novatel/oem7/fix,/novatel/oem7/inspva,39.663,-75.756,-1.799758549,0.001933051,0.001543474,-0.001552345,-0.001151916,0.001543474,,0,
1786043650188407764,1786043650.185649237,/novatel/oem7/odom,/novatel/oem7/fix,/novatel/oem7/odom,39.663,-75.756,-1.799758549,0.001939477,0.001535392,-0.001229477,-0.001499985,0.001535392,,,
1786043650195295909,1786043650.194605175,/novatel/oem7/odom,/novatel/oem7/fix,/novatel/oem7/odom,39.663,-75.756,-1.799758549,0.001939477,0.001535392,-0.001229477,-0.001499985,0.001535392,,,
1786043650207201289,1786043650.206628757,/novatel/oem7/inspva,/novatel/oem7/inspva,/novatel/oem7/inspva,39.663,-75.756,-1.799810578,0.002567288,-0.001554860,-0.000497196,-0.002518683,-0.001554860,,novatel_oem7_msgs.msg.InertialSolutionStatus(status=3),
1786043650208725934,1786043650.206778072,/novatel/oem7/fix,/novatel/oem7/fix,/novatel/oem7/inspva,39.663,-75.756,-1.799810578,0.002567288,-0.001554860,-0.000497196,-0.002518683,-0.001554860,,0,
1786043650209921342,1786043650.207610213,/novatel/oem7/odom,/novatel/oem7/fix,/novatel/oem7/odom,39.663,-75.756,-1.799810578,0.002561421,-0.001564506,-0.002534058,-0.000373401,-0.001564506,,,
1786043650211522631,1786043650.210225469,/novatel/oem7/bestpos,/novatel/oem7/bestpos,/novatel/oem7/odom,39.663,-75.756,33.182707819,0.002561421,-0.001564506,-0.002534058,-0.000373401,-0.001564506,,novatel_oem7_msgs.msg.SolutionStatus(status=0),novatel_oem7_msgs.msg.PositionOrVelocityType(type=53)
1786043650212610812,1786043650.210736017,/novatel/oem7/bestvel,/novatel/oem7/bestpos,/novatel/oem7/bestvel,39.663,-75.756,33.182707819,0.002723415,-0.001160957,,,,242.018397160,novatel_oem7_msgs.msg.SolutionStatus(status=0),novatel_oem7_msgs.msg.PositionOrVelocityType(type=53)
1786043650215647549,1786043650.214929348,/novatel/oem7/odom,/novatel/oem7/bestpos,/novatel/oem7/odom,39.663,-75.756,33.182707819,0.002561421,-0.001564506,-0.002534058,-0.000373401,-0.001564506,,,
1786043650225576229,1786043650.225019008,/novatel/oem7/inspva,/novatel/oem7/inspva,/novatel/oem7/inspva,39.663,-75.756,-1.799838997,0.002501210,-0.001197956,-0.000981210,-0.002300713,-0.001197956,,novatel_oem7_msgs.msg.InertialSolutionStatus(status=3),
1786043650227068384,1786043650.225176375,/novatel/oem7/fix,/novatel/oem7/fix,/novatel/oem7/inspva,39.663,-75.756,-1.799838997,0.002501210,-0.001197956,-0.000981210,-0.002300713,-0.001197956,,0,
1786043650228237905,1786043650.225654334,/novatel/oem7/odom,/novatel/oem7/fix,/novatel/oem7/odom,39.663,-75.756,-1.799838997,0.002496299,-0.001208156,-0.002340485,-0.000868123,-0.001208156,,,
1786043650236128780,1786043650.235397906,/novatel/oem7/odom,/novatel/oem7/fix,/novatel/oem7/odom,39.663,-75.756,-1.799838997,0.002496299,-0.001208156,-0.002340485,-0.000868123,-0.001208156,,,
1786043650245863289,1786043650.245257476,/novatel/oem7/inspva,/novatel/oem7/inspva,/novatel/oem7/inspva,39.663,-75.756,-1.799854721,0.002528913,0.000494062,-0.002409668,-0.000767399,0.000494062,,novatel_oem7_msgs.msg.InertialSolutionStatus(status=3),
1786043650247370937,1786043650.245484899,/novatel/oem7/fix,/novatel/oem7/fix,/novatel/oem7/inspva,39.663,-75.756,-1.799854721,0.002528913,0.000494062,-0.002409668,-0.000767399,0.000494062,,0,
1786043650248589602,1786043650.245970253,/novatel/oem7/odom,/novatel/oem7/fix,/novatel/oem7/odom,39.663,-75.756,-1.799854721,0.002530663,0.000485017,-0.000882327,-0.002371867,0.000485017,,,
1786043650257223787,1786043650.256465313,/novatel/oem7/odom,/novatel/oem7/fix,/novatel/oem7/odom,39.663,-75.756,-1.799854721,0.002530663,0.000485017,-0.000882327,-0.002371867,0.000485017,,,
1786043650268046346,1786043650.267366576,/novatel/oem7/inspva,/novatel/oem7/inspva,/novatel/oem7/inspva,39.663,-75.756,-1.799894194,0.002548523,0.000277269,-0.002477813,-0.000596165,0.000277269,,novatel_oem7_msgs.msg.InertialSolutionStatus(status=3),
1786043650269583418,1786043650.267495005,/novatel/oem7/fix,/novatel/oem7/fix,/novatel/oem7/inspva,39.663,-75.756,-1.799894194,0.002548523,0.000277269,-0.002477813,-0.000596165,0.000277269,,0,
1786043650270956702,1786043650.268059173,/novatel/oem7/odom,/novatel/oem7/fix,/novatel/oem7/odom,39.663,-75.756,-1.799894194,0.002549453,0.000268585,-0.000713772,-0.002447496,0.000268585,,,
1786043650275180403,1786043650.274339875,/novatel/oem7/odom,/novatel/oem7/fix,/novatel/oem7/odom,39.663,-75.756,-1.799894194,0.002549453,0.000268585,-0.000713772,-0.002447496,0.000268585,,,
1786043650285877482,1786043650.285257596,/novatel/oem7/inspva,/novatel/oem7/inspva,/novatel/oem7/inspva,39.663,-75.756,-1.799933988,0.002429925,-0.000207189,0.000260398,-0.002415932,-0.000207189,,novatel_oem7_msgs.msg.InertialSolutionStatus(status=3),
1786043650287582612,1786043650.285461257,/novatel/oem7/fix,/novatel/oem7/fix,/novatel/oem7/inspva,39.663,-75.756,-1.799933988,0.002429925,-0.000207189,0.000260398,-0.002415932,-0.000207189,,0,
1786043650288822721,1786043650.286000917,/novatel/oem7/odom,/novatel/oem7/fix,/novatel/oem7/odom,39.663,-75.756,-1.799933988,0.002429288,-0.000214524,-0.002400165,0.000375028,-0.000214524,,,
1786043650296168330,1786043650.295431184,/novatel/oem7/odom,/novatel/oem7/fix,/novatel/oem7/odom,39.663,-75.756,-1.799933988,0.002429288,-0.000214524,-0.002400165,0.000375028,-0.000214524,,,
1786043650306689353,1786043650.306014333,/novatel/oem7/inspva,/novatel/oem7/inspva,/novatel/oem7/inspva,39.663,-75.756,-1.799977407,0.002454170,-0.000851690,-0.000322955,-0.002432828,-0.000851690,,novatel_oem7_msgs.msg.InertialSolutionStatus(status=3),
1786043650308202448,1786043650.306192738,/novatel/oem7/fix,/novatel/oem7/fix,/novatel/oem7/inspva,39.663,-75.756,-1.799977407,0.002454170,-0.000851690,-0.000322955,-0.002432828,-0.000851690,,0,
1786043650309409263,1786043650.306579335,/novatel/oem7/odom,/novatel/oem7/fix,/novatel/oem7/odom,39.663,-75.756,-1.799977407,0.002451069,-0.000860571,-0.002442464,-0.000205210,-0.000860571,,,
1786043650311133260,1786043650.309279355,/novatel/oem7/bestpos,/novatel/oem7/bestpos,/novatel/oem7/odom,39.663,-75.756,33.182545809,0.002451069,-0.000860571,-0.002442464,-0.000205210,-0.000860571,,novatel_oem7_msgs.msg.SolutionStatus(status=0),novatel_oem7_msgs.msg.PositionOrVelocityType(type=53)
1786043650312184500,1786043650.309872544,/novatel/oem7/bestvel,/novatel/oem7/bestpos,/novatel/oem7/bestvel,39.663,-75.756,33.182545809,0.002843903,-0.000579202,,,,260.669743645,novatel_oem7_msgs.msg.SolutionStatus(status=0),novatel_oem7_msgs.msg.PositionOrVelocityType(type=53)
1786043650315148489,1786043650.314373742,/novatel/oem7/odom,/novatel/oem7/bestpos,/novatel/oem7/odom,39.663,-75.756,33.182545809,0.002451069,-0.000860571,-0.002442464,-0.000205210,-0.000860571,,,
1786043650327027930,1786043650.326484778,/novatel/oem7/inspva,/novatel/oem7/inspva,/novatel/oem7/inspva,39.663,-75.756,-1.799998917,0.002086164,-0.000347111,-0.002055223,-0.000357966,-0.000347111,,novatel_oem7_msgs.msg.InertialSolutionStatus(status=3),
1786043650328570691,1786043650.326573870,/novatel/oem7/fix,/novatel/oem7/fix,/novatel/oem7/inspva,39.663,-75.756,-1.799998917,0.002086164,-0.000347111,-0.002055223,-0.000357966,-0.000347111,,0,
1786043650329958178,1786043650.327053530,/novatel/oem7/odom,/novatel/oem7/fix,/novatel/oem7/odom,39.663,-75.756,-1.799998917,0.002085033,-0.000353842,-0.000453718,-0.002035068,-0.000353842,,,
1786043650335570957,1786043650.334832174,/novatel/oem7/odom,/novatel/oem7/fix,/novatel/oem7/odom,39.663,-75.756,-1.799998917,0.002085033,-0.000353842,-0.000453718,-0.002035068,-0.000353842,,,
1786043650345550958,1786043650.344986115,/novatel/oem7/inspva,/novatel/oem7/inspva,/novatel/oem7/inspva,39.663,-75.756,-1.800032930,0.002092750,0.000007088,-0.001854568,-0.000969629,0.000007088,,novatel_oem7_msgs.msg.InertialSolutionStatus(status=3),
1786043650347038099,1786043650.345068603,/novatel/oem7/fix,/novatel/oem7/fix,/novatel/oem7/inspva,39.663,-75.756,-1.800032930,0.002092750,0.000007088,-0.001854568,-0.000969629,0.000007088,,0,
1786043650348272875,1786043650.345418063,/novatel/oem7/odom,/novatel/oem7/fix,/novatel/oem7/odom,39.663,-75.756,-1.800032930,0.002092762,-0.000001117,-0.001056363,-0.001806585,-0.000001117,,,
1786043650356660087,1786043650.355875486,/novatel/oem7/odom,/novatel/oem7/fix,/novatel/oem7/odom,39.663,-75.756,-1.800032930,0.002092762,-0.000001117,-0.001056363,-0.001806585,-0.000001117,,,
1786043650367239145,1786043650.366399406,/novatel/oem7/inspva,/novatel/oem7/inspva,/novatel/oem7/inspva,39.663,-75.756,-1.800081698,0.001159169,-0.000938965,0.000222838,-0.001137548,-0.000938965,,novatel_oem7_msgs.msg.InertialSolutionStatus(status=3),
1786043650368749423,1786043650.366681575,/novatel/oem7/fix,/novatel/oem7/fix,/novatel/oem7/inspva,39.663,-75.756,-1.800081698,0.001159169,-0.000938965,0.000222838,-0.001137548,-0.000938965,,0,
1786043650369992532,1786043650.367163607,/novatel/oem7/odom,/novatel/oem7/fix,/novatel/oem7/odom,39.663,-75.756,-1.800081698,0.001156610,-0.000942115,-0.001122493,0.000278848,-0.000942115,,,
1786043650375877833,1786043650.375113062,/novatel/oem7/odom,/novatel/oem7/fix,/novatel/oem7/odom,39.663,-75.756,-1.800081698,0.001156610,-0.000942115,-0.001122493,0.000278848,-0.000942115,,,
1786043650387119680,1786043650.386312875,/novatel/oem7/inspva,/novatel/oem7/inspva,/novatel/oem7/inspva,39.663,-75.756,-1.800129877,0.001689001,-0.000935611,-0.000187516,-0.001678560,-0.000935611,,novatel_oem7_msgs.msg.InertialSolutionStatus(status=3),
1786043650388679318,1786043650.386534190,/novatel/oem7/fix,/novatel/oem7/fix,/novatel/oem7/inspva,39.663,-75.756,-1.800129877,0.001689001,-0.000935611,-0.000187516,-0.001678560,-0.000935611,,0,
1786043650389846603,1786043650.387073003,/novatel/oem7/odom,/novatel/oem7/fix,/novatel/oem7/odom,39.663,-75.756,-1.800129877,0.001685634,-0.000941663,-0.001682334,-0.000105433,-0.000941663,,,
1786043650395230386,1786043650.394531639,/novatel/oem7/odom,/novatel/oem7/fix,/novatel/oem7/odom,39.663,-75.756,-1.800129877,0.001685634,-0.000941663,-0.001682334,-0.000105433,-0.000941663,,,
1786043650407485266,1786043650.406686458,/novatel/oem7/inspva,/novatel/oem7/inspva,/novatel/oem7/inspva,39.663,-75.756,-1.800172898,0.001763310,-0.001598518,-0.001492796,-0.000938520,-0.001598518,,novatel_oem7_msgs.msg.InertialSolutionStatus(status=3),
1786043650409021088,1786043650.406894977,/novatel/oem7/fix,/novatel/oem7/fix,/novatel/oem7/inspva,39.663,-75.756,-1.800172898,0.001763310,-0.001598518,-0.001492796,-0.000938520,-0.001598518,,0,
1786043650410435385,1786043650.407429502,/novatel/oem7/odom,/novatel/oem7/fix,/novatel/oem7/odom,39.663,-75.756,-1.800172898,0.001756853,-0.001605611,-0.001002696,-0.001442613,-0.001605611,,,
1786043650412150889,1786043650.410293794,/novatel/oem7/bestpos,/novatel/oem7/bestpos,/novatel/oem7/odom,39.663,-75.756,33.182364900,0.001756853,-0.001605611,-0.001002696,-0.001442613,-0.001605611,,novatel_oem7_msgs.msg.SolutionStatus(status=0),novatel_oem7_msgs.msg.PositionOrVelocityType(type=53)
1786043650413165762,1786043650.410669131,/novatel/oem7/bestvel,/novatel/oem7/bestpos,/novatel/oem7/bestvel,39.663,-75.756,33.182364900,0.002993186,-0.000627448,,,,219.628675818,novatel_oem7_msgs.msg.SolutionStatus(status=0),novatel_oem7_msgs.msg.PositionOrVelocityType(type=53)
1786043650416524645,1786043650.415760484,/novatel/oem7/odom,/novatel/oem7/bestpos,/novatel/oem7/odom,39.663,-75.756,33.182364900,0.001756853,-0.001605611,-0.001002696,-0.001442613,-0.001605611,,,
1786043650425845180,1786043650.425065303,/novatel/oem7/inspva,/novatel/oem7/inspva,/novatel/oem7/inspva,39.663,-75.756,-1.800208708,0.002073429,-0.000833894,-0.001865610,-0.000904769,-0.000833894,,novatel_oem7_msgs.msg.InertialSolutionStatus(status=3),
1786043650427293001,1786043650.425328721,/novatel/oem7/fix,/novatel/oem7/fix,/novatel/oem7/inspva,39.663,-75.756,-1.800208708,0.002073429,-0.000833894,-0.001865610,-0.000904769,-0.000833894,,0,
1786043650428596547,1786043650.425760306,/novatel/oem7/odom,/novatel/oem7/fix,/novatel/oem7/odom,39.663,-75.756,-1.800208708,0.002070191,-0.000841901,-0.000989210,-0.001818558,-0.000841901,,,
1786043650435266726,1786043650.434565717,/novatel/oem7/odom,/novatel/oem7/fix,/novatel/oem7/odom,39.663,-75.756,-1.800208708,0.002070191,-0.000841901,-0.000989210,-0.001818558,-0.000841901,,,
1786043650447553527,1786043650.446768889,/novatel/oem7/inspva,/novatel/oem7/inspva,/novatel/oem7/inspva,39.663,-75.756,-1.800252212,0.000869430,-0.000374470,-0.000718593,-0.000489420,-0.000374470,,novatel_oem7_msgs.msg.InertialSolutionStatus(status=3),
1786043650449074178,1786043650.447007298,/novatel/oem7/fix,/novatel/oem7/fix,/novatel/oem7/inspva,39.663,-75.756,-1.800252212,0.000869430,-0.000374470,-0.000718593,-0.000489420,-0.000374470,,0,
1786043650450247866,1786043650.447416305,/novatel/oem7/odom,/novatel/oem7/fix,/novatel/oem7/odom,39.663,-75.756,-1.800252212,0.000867881,-0.000378047,-0.000521594,-0.000693654,-0.000378047,,,
1786043650456895958,1786043650.456144628,/novatel/oem7/odom,/novatel/oem7/fix,/novatel/oem7/odom,39.663,-75.756,-1.800252212,0.000867881,-0.000378047,-0.000521594,-0.000693654,-0.000378047,,,
1786043650466523040,1786043650.465704865,/novatel/oem7/inspva,/novatel/oem7/inspva,/novatel/oem7/inspva,39.663,-75.756,-1.800302316,0.000979281,-0.000408587,-0.000813518,-0.000545142,-0.000408587,,novatel_oem7_msgs.msg.InertialSolutionStatus(status=3),
1786043650467986840,1786043650.465937594,/novatel/oem7/fix,/novatel/oem7/fix,/novatel/oem7/inspva,39.663,-75.756,-1.800302316,0.000979281,-0.000408587,-0.000813518,-0.000545142,-0.000408587,,0,
1786043650469128132,1786043650.466361901,/novatel/oem7/odom,/novatel/oem7/fix,/novatel/oem7/odom,39.663,-75.756,-1.800302316,0.000977595,-0.000412605,-0.000581634,-0.000785744,-0.000412605,,,
1786043650476286702,1786043650.475530725,/novatel/oem7/odom,/novatel/oem7/fix,/novatel/oem7/odom,39.663,-75.756,-1.800302316,0.000977595,-0.000412605,-0.000581634,-0.000785744,-0.000412605,,,
1786043650486100998,1786043650.485373488,/novatel/oem7/inspva,/novatel/oem7/inspva,/novatel/oem7/inspva,39.663,-75.756,-1.800343591,0.001466323,-0.001319412,-0.001225798,-0.000804688,-0.001319412,,novatel_oem7_msgs.msg.InertialSolutionStatus(status=3),
1786043650487809892,1786043650.485644884,/novatel/oem7/fix,/novatel/oem7/fix,/novatel/oem7/inspva,39.663,-75.756,-1.800343591,0.001466323,-0.001319412,-0.001225798,-0.000804688,-0.001319412,,0,
1786043650488997461,1786043650.486406261,/novatel/oem7/odom,/novatel/oem7/fix,/novatel/oem7/odom,39.663,-75.756,-1.800343591,0.001460937,-0.001325374,-0.000857309,-0.001182944,-0.001325374,,,
1786043650495648876,1786043650.494974856,/novatel/oem7/odom,/novatel/oem7/fix,/novatel/oem7/odom,39.663,-75.756,-1.800343591,0.001460937,-0.001325374,-0.000857309,-0.001182944,-0.001325374,,,
1786043650506740315,1786043650.505985531,/novatel/oem7/inspva,/novatel/oem7/inspva,/novatel/oem7/inspva,39.663,-75.756,-1.800372390,0.001886792,-0.000946989,-0.001589950,-0.001015895,-0.000946989,,novatel_oem7_msgs.msg.InertialSolutionStatus(status=3),
1786043650508144615,1786043650.506178279,/novatel/oem7/fix,/novatel/oem7/fix,/novatel/oem7/inspva,39.663,-75.756,-1.800372390,0.001886792,-0.000946989,-0.001589950,-0.001015895,-0.000946989,,0,
1786043650509269316,1786043650.506633784,/novatel/oem7/odom,/novatel/oem7/fix,/novatel/oem7/odom,39.663,-75.756,-1.800372390,0.001882940,-0.000954625,-0.001086762,-0.001537664,-0.000954625,,,
1786043650512096137,1786043650.511347783,/novatel/oem7/bestpos,/novatel/oem7/bestpos,/novatel/oem7/odom,39.663,-75.756,33.182164310,0.001882940,-0.000954625,-0.001086762,-0.001537664,-0.000954625,,novatel_oem7_msgs.msg.SolutionStatus(status=0),novatel_oem7_msgs.msg.PositionOrVelocityType(type=53)
1786043650513687806,1786043650.511761720,/novatel/oem7/bestvel,/novatel/oem7/bestpos,/novatel/oem7/bestvel,39.663,-75.756,33.182164310,0.003151507,0.000044094,,,,216.997319257,novatel_oem7_msgs.msg.SolutionStatus(status=0),novatel_oem7_msgs.msg.PositionOrVelocityType(type=53)
1786043650515404866,1786043650.514576215,/novatel/oem7/odom,/novatel/oem7/bestpos,/novatel/oem7/odom,39.663,-75.756,33.182164310,0.001882940,-0.000954625,-0.001086762,-0.001537664,-0.000954625,,,
1786043650525985747,1786043650.525297017,/novatel/oem7/inspva,/novatel/oem7/inspva,/novatel/oem7/inspva,39.663,-75.756,-1.800401091,0.000917679,0.000301259,-0.000909515,-0.000122133,0.000301259,,novatel_oem7_msgs.msg.InertialSolutionStatus(status=3),
1786043650527601240,1786043650.525519162,/novatel/oem7/fix,/novatel/oem7/fix,/novatel/oem7/inspva,39.663,-75.756,-1.800401091,0.000917679,0.000301259,-0.000909515,-0.000122133,0.000301259,,0,
1786043650528732411,1786043650.526188546,/novatel/oem7/odom,/novatel/oem7/fix,/novatel/oem7/odom,39.663,-75.756,-1.800401091,0.000918619,0.000298380,-0.000166083,-0.000903481,0.000298380,,,
1786043650536242428,1786043650.535526961,/novatel/oem7/odom,/novatel/oem7/fix,/novatel/oem7/odom,39.663,-75.756,-1.800401091,0.000918619,0.000298380,-0.000166083,-0.000903481,0.000298380,,,
1786043650545837035,1786043650.545068884,/novatel/oem7/inspva,/novatel/oem7/inspva,/novatel/oem7/inspva,39.663,-75.756,-1.800453270,0.000657892,-0.000180939,-0.000589315,-0.000292456,-0.000180939,,novatel_oem7_msgs.msg.InertialSolutionStatus(status=3),
1786043650547291889,1786043650.545300044,/novatel/oem7/fix,/novatel/oem7/fix,/novatel/oem7/inspva,39.663,-75.756,-1.800453270,0.000657892,-0.000180939,-0.000589315,-0.000292456,-0.000180939,,0,
1786043650548470571,1786043650.545792982,/novatel/oem7/odom,/novatel/oem7/fix,/novatel/oem7/odom,39.663,-75.756,-1.800453270,0.000657176,-0.000183522,-0.000319390,-0.000574344,-0.000183522,,,
1786043650557770662,1786043650.555858604,/novatel/oem7/odom,/novatel/oem7/fix,/novatel/oem7/odom,39.663,-75.756,-1.800453270,0.000657176,-0.000183522,-0.000319390,-0.000574344,-0.000183522,,,
1786043650567290680,1786043650.566573009,/novatel/oem7/inspva,/novatel/oem7/inspva,/novatel/oem7/inspva,39.663,-75.756,-1.800504368,0.001125359,-0.001803105,-0.000624126,-0.000936429,-0.001803105,,novatel_oem7_msgs.msg.InertialSolutionStatus(status=3),
1786043650568751184,1786043650.566744731,/novatel/oem7/fix,/novatel/oem7/fix,/novatel/oem7/inspva,39.663,-75.756,-1.800504368,0.001125359,-0.001803105,-0.000624126,-0.000936429,-0.001803105,,0,
1786043650569855895,1786043650.567181315,/novatel/oem7/odom,/novatel/oem7/fix,/novatel/oem7/odom,39.663,-75.756,-1.800504368,0.001117686,-0.001807871,-0.000958746,-0.000574481,-0.001807871,,,
1786043650575950868,1786043650.575170417,/novatel/oem7/odom,/novatel/oem7/fix,/novatel/oem7/odom,39.663,-75.756,-1.800504368,0.001117686,-0.001807871,-0.000958746,-0.000574481,-0.001807871,,,
1786043650585875989,1786043650.585161625,/novatel/oem7/inspva,/novatel/oem7/inspva,/novatel/oem7/inspva,39.663,-75.756,-1.800547183,0.001300073,-0.001928800,-0.001027837,-0.000796079,-0.001928800,,novatel_oem7_msgs.msg.InertialSolutionStatus(status=3),
1786043650587337690,1786043650.585331427,/novatel/oem7/fix,/novatel/oem7/fix,/novatel/oem7/inspva,39.663,-75.756,-1.800547183,0.001300073,-0.001928800,-0.001027837,-0.000796079,-0.001928800,,0,
1786043650588414237,1786043650.585782131,/novatel/oem7/odom,/novatel/oem7/fix,/novatel/oem7/odom,39.663,-75.756,-1.800547183,0.001292005,-0.001934214,-0.000837180,-0.000984077,-0.001934214,,,
1786043650596367508,1786043650.595626401,/novatel/oem7/odom,/novatel/oem7/fix,/novatel/oem7/odom,39.663,-75.756,-1.800547183,0.001292005,-0.001934214,-0.000837180,-0.000984077,-0.001934214,,,
1786043650607353490,1786043650.606683523,/novatel/oem7/inspva,/novatel/oem7/inspva,/novatel/oem7/inspva,39.663,-75.756,-1.800575601,0.002128771,-0.000145276,-0.002116694,0.000226437,-0.000145276,,novatel_oem7_msgs.msg.InertialSolutionStatus(status=3),
1786043650608789210,1786043650.606839208,/novatel/oem7/fix,/novatel/oem7/fix,/novatel/oem7/inspva,39.663,-75.756,-1.800575601,0.002128771,-0.000145276,-0.002116694,0.000226437,-0.000145276,,0,
1786043650609844508,1786043650.607287064,/novatel/oem7/odom,/novatel/oem7/fix,/novatel/oem7/odom,39.663,-75.756,-1.800575601,0.002128422,-0.000150302,0.000126553,-0.002124657,-0.000150302,,,
1786043650611607515,1786043650.610476767,/novatel/oem7/bestpos,/novatel/oem7/bestpos,/novatel/oem7/odom,39.663,-75.756,33.181940629,0.002128422,-0.000150302,0.000126553,-0.002124657,-0.000150302,,novatel_oem7_msgs.msg.SolutionStatus(status=0),novatel_oem7_msgs.msg.PositionOrVelocityType(type=53)
1786043650613036415,1786043650.610915758,/novatel/oem7/bestvel,/novatel/oem7/bestpos,/novatel/oem7/bestvel,39.663,-75.756,33.181940629,0.001937433,-0.000333211,,,,169.501277625,novatel_oem7_msgs.msg.SolutionStatus(status=0),novatel_oem7_msgs.msg.PositionOrVelocityType(type=53)
1786043650615313235,1786043650.614460901,/novatel/oem7/odom,/novatel/oem7/bestpos,/novatel/oem7/odom,39.663,-75.756,33.181940629,0.002128422,-0.000150302,0.000126553,-0.002124657,-0.000150302,,,
1786043650626980109,1786043650.626279042,/novatel/oem7/inspva,/novatel/oem7/inspva,/novatel/oem7/inspva,39.663,-75.756,-1.800636550,0.001219357,-0.000314585,-0.001181220,0.000302574,-0.000314585,,novatel_oem7_msgs.msg.InertialSolutionStatus(status=3),
1786043650628398740,1786043650.626464251,/novatel/oem7/fix,/novatel/oem7/fix,/novatel/oem7/inspva,39.663,-75.756,-1.800636550,0.001219357,-0.000314585,-0.001181220,0.000302574,-0.000314585,,0,
1786043650629539014,1786043650.626902952,/novatel/oem7/odom,/novatel/oem7/fix,/novatel/oem7/odom,39.663,-75.756,-1.800636550,0.001218779,-0.000316815,0.000247440,-0.001193397,-0.000316815,,,
1786043650635226607,1786043650.634509926,/novatel/oem7/odom,/novatel/oem7/fix,/novatel/oem7/odom,39.663,-75.756,-1.800636550,0.001218779,-0.000316815,0.000247440,-0.001193397,-0.000316815,,,
1786043650646029279,1786043650.645343060,/novatel/oem7/inspva,/novatel/oem7/inspva,/novatel/oem7/inspva,39.663,-75.756,-1.800701762,0.001148430,-0.002359944,-0.000519257,-0.001024336,-0.002359944,,novatel_oem7_msgs.msg.InertialSolutionStatus(status=3),
1786043650647468020,1786043650.645520448,/novatel/oem7/fix,/novatel/oem7/fix,/novatel/oem7/inspva,39.663,-75.756,-1.800701762,0.001148430,-0.002359944,-0.000519257,-0.001024336,-0.002359944,,0,
1786043650648617922,1786043650.646118217,/novatel/oem7/odom,/novatel/oem7/fix,/novatel/oem7/odom,39.663,-75.756,-1.800701762,0.001138530,-0.002364736,-0.001039633,-0.000464127,-0.002364736,,,
1786043650657411715,1786043650.656300820,/novatel/oem7/odom,/novatel/oem7/fix,/novatel/oem7/odom,39.663,-75.756,-1.800701762,0.001138530,-0.002364736,-0.001039633,-0.000464127,-0.002364736,,,
1786043650666041520,1786043650.665061433,/novatel/oem7/inspva,/novatel/oem7/inspva,/novatel/oem7/inspva,39.663,-75.756,-1.800746550,0.000877580,-0.002421482,-0.000308983,-0.000821387,-0.002421482,,novatel_oem7_msgs.msg.InertialSolutionStatus(status=3),
1786043650667911064,1786043650.665290119,/novatel/oem7/fix,/novatel/oem7/fix,/novatel/oem7/inspva,39.663,-75.756,-1.800746550,0.000877580,-0.002421482,-0.000308983,-0.000821387,-0.002421482,,0,
1786043650669496074,1786043650.665805277,/novatel/oem7/odom,/novatel/oem7/fix,/novatel/oem7/odom,39.663,-75.756,-1.800746550,0.000867709,-0.002425037,-0.000826711,-0.000263569,-0.002425037,,,
1786043650675291964,1786043650.674513899,/novatel/oem7/odom,/novatel/oem7/fix,/novatel/oem7/odom,39.663,-75.756,-1.800746550,0.000867709,-0.002425037,-0.000826711,-0.000263569,-0.002425037,,,
1786043650687795437,1786043650.686681619,/novatel/oem7/inspva,/novatel/oem7/inspva,/novatel/oem7/inspva,39.663,-75.756,-1.800781170,0.002600038,-0.000885180,-0.002401105,0.000997443,-0.000885180,,novatel_oem7_msgs.msg.InertialSolutionStatus(status=3),
1786043650689485023,1786043650.686944968,/novatel/oem7/fix,/novatel/oem7/fix,/novatel/oem7/inspva,39.663,-75.756,-1.800781170,0.002600038,-0.000885180,-0.002401105,0.000997443,-0.000885180,,0,
1786043650690679675,1786043650.687441600,/novatel/oem7/odom,/novatel/oem7/fix,/novatel/oem7/odom,39.663,-75.756,-1.800781170,0.002598934,-0.000888415,0.000885815,-0.002443316,-0.000888415,,,
1786043650695869823,1786043650.695090595,/novatel/oem7/odom,/novatel/oem7/fix,/novatel/oem7/odom,39.663,-75.756,-1.800781170,0.002598934,-0.000888415,0.000885815,-0.002443316,-0.000888415,,,
1786043650706737699,1786043650.705986682,/novatel/oem7/inspva,/novatel/oem7/inspva,/novatel/oem7/inspva,39.663,-75.756,-1.800835541,0.002014063,-0.000339702,-0.001686358,0.001101203,-0.000339702,,novatel_oem7_msgs.msg.InertialSolutionStatus(status=3),
1786043650708185364,1786043650.706228798,/novatel/oem7/fix,/novatel/oem7/fix,/novatel/oem7/inspva,39.663,-75.756,-1.800835541,0.002014063,-0.000339702,-0.001686358,0.001101203,-0.000339702,,0,
1786043650709283665,1786043650.706661882,/novatel/oem7/odom,/novatel/oem7/fix,/novatel/oem7/odom,39.663,-75.756,-1.800835541,0.002013902,-0.000340656,0.001021387,-0.001735676,-0.000340656,,,
1786043650711022195,1786043650.709548343,/novatel/oem7/bestpos,/novatel/oem7/bestpos,/novatel/oem7/odom,39.663,-75.756,33.181664273,0.002013902,-0.000340656,0.001021387,-0.001735676,-0.000340656,,novatel_oem7_msgs.msg.SolutionStatus(status=0),novatel_oem7_msgs.msg.PositionOrVelocityType(type=53)
1786043650712015488,1786043650.710218097,/novatel/oem7/bestvel,/novatel/oem7/bestpos,/novatel/oem7/bestvel,39.663,-75.756,33.181664273,0.001320497,-0.000944086,,,,120.697820280,novatel_oem7_msgs.msg.SolutionStatus(status=0),novatel_oem7_msgs.msg.PositionOrVelocityType(type=53)
1786043650716310303,1786043650.715542819,/novatel/oem7/odom,/novatel/oem7/bestpos,/novatel/oem7/odom,39.663,-75.756,33.181664273,0.002013902,-0.000340656,0.001021387,-0.001735676,-0.000340656,,,
1786043650726162957,1786043650.725278622,/novatel/oem7/inspva,/novatel/oem7/inspva,/novatel/oem7/inspva,39.663,-75.756,-1.800897856,0.000466240,-0.001884331,-0.000406206,-0.000228859,-0.001884331,,novatel_oem7_msgs.msg.InertialSolutionStatus(status=3),
1786043650727825040,1786043650.725496960,/novatel/oem7/fix,/novatel/oem7/fix,/novatel/oem7/inspva,39.663,-75.756,-1.800897856,0.000466240,-0.001884331,-0.000406206,-0.000228859,-0.001884331,,0,
1786043650728980124,1786043650.726091660,/novatel/oem7/odom,/novatel/oem7/fix,/novatel/oem7/odom,39.663,-75.756,-1.800897856,0.000458642,-0.001886195,-0.000241240,-0.000390071,-0.001886195,,,
1786043650735815281,1786043650.734995223,/novatel/oem7/odom,/novatel/oem7/fix,/novatel/oem7/odom,39.663,-75.756,-1.800897856,0.000458642,-0.001886195,-0.000241240,-0.000390071,-0.001886195,,,
1786043650746968698,1786043650.746164710,/novatel/oem7/inspva,/novatel/oem7/inspva,/novatel/oem7/inspva,39.663,-75.756,-1.800945620,0.000515942,-0.002607405,-0.000330415,-0.000396260,-0.002607405,,novatel_oem7_msgs.msg.InertialSolutionStatus(status=3),
1786043650748945657,1786043650.746378805,/novatel/oem7/fix,/novatel/oem7/fix,/novatel/oem7/inspva,39.663,-75.756,-1.800945620,0.000515942,-0.002607405,-0.000330415,-0.000396260,-0.002607405,,0,
1786043650750236893,1786043650.746875867,/novatel/oem7/odom,/novatel/oem7/fix,/novatel/oem7/odom,39.663,-75.756,-1.800945620,0.000504668,-0.002609611,-0.000402345,-0.000304644,-0.002609611,,,
1786043650757054567,1786043650.755963113,/novatel/oem7/odom,/novatel/oem7/fix,/novatel/oem7/odom,39.663,-75.756,-1.800945620,0.000504668,-0.002609611,-0.000402345,-0.000304644,-0.002609611,,,
1786043650766133809,1786043650.765256627,/novatel/oem7/inspva,/novatel/oem7/inspva,/novatel/oem7/inspva,39.663,-75.756,-1.800981196,0.002042229,-0.001485224,-0.001922737,0.000688318,-0.001485224,,novatel_oem7_msgs.msg.InertialSolutionStatus(status=3),
1786043650768080028,1786043650.765508173,/novatel/oem7/fix,/novatel/oem7/fix,/novatel/oem7/inspva,39.663,-75.756,-1.800981196,0.002042229,-0.001485224,-0.001922737,0.000688318,-0.001485224,,0,
1786043650769680271,1786043650.766044278,/novatel/oem7/odom,/novatel/oem7/fix,/novatel/oem7/odom,39.663,-75.756,-1.800981196,0.002040103,-0.001488144,0.000601784,-0.001949327,-0.001488144,,,
1786043650776418060,1786043650.775564252,/novatel/oem7/odom,/novatel/oem7/fix,/novatel/oem7/odom,39.663,-75.756,-1.800981196,0.002040103,-0.001488144,0.000601784,-0.001949327,-0.001488144,,,
1786043650786101105,1786043650.785137410,/novatel/oem7/inspva,/novatel/oem7/inspva,/novatel/oem7/inspva,39.663,-75.756,-1.801035979,0.002889842,-0.000999134,-0.001587136,0.002414992,-0.000999134,,novatel_oem7_msgs.msg.InertialSolutionStatus(status=3),
1786043650787854653,1786043650.785372868,/novatel/oem7/fix,/novatel/oem7/fix,/novatel/oem7/inspva,39.663,-75.756,-1.801035979,0.002889842,-0.000999134,-0.001587136,0.002414992,-0.000999134,,0,
1786043650789036414,1786043650.785898950,/novatel/oem7/odom,/novatel/oem7/fix,/novatel/oem7/odom,39.663,-75.756,-1.801035979,0.002891126,-0.000995411,0.002340705,-0.001696971,-0.000995411,,,
1786043650795368410,1786043650.794515705,/novatel/oem7/odom,/novatel/oem7/fix,/novatel/oem7/odom,39.663,-75.756,-1.801035979,0.002891126,-0.000995411,0.002340705,-0.001696971,-0.000995411,,,
1786043650807554376,1786043650.806738665,/novatel/oem7/inspva,/novatel/oem7/inspva,/novatel/oem7/inspva,39.663,-75.756,-1.801090084,0.000550816,-0.001200563,-0.000409998,0.000367831,-0.001200563,,novatel_oem7_msgs.msg.InertialSolutionStatus(status=3),
1786043650809061308,1786043650.807017535,/novatel/oem7/fix,/novatel/oem7/fix,/novatel/oem7/inspva,39.663,-75.756,-1.801090084,0.000550816,-0.001200563,-0.000409998,0.000367831,-0.001200563,,0,
1786043650810181869,1786043650.807733702,/novatel/oem7/odom,/novatel/oem7/fix,/novatel/oem7/odom,39.663,-75.756,-1.801090084,0.000551114,-0.001200427,0.000352289,-0.000423815,-0.001200427,,,
1786043650811992280,1786043650.810389478,/novatel/oem7/bestpos,/novatel/oem7/bestpos,/novatel/oem7/odom,39.663,-75.756,33.181389522,0.000551114,-0.001200427,0.000352289,-0.000423815,-0.001200427,,novatel_oem7_msgs.msg.SolutionStatus(status=0),novatel_oem7_msgs.msg.PositionOrVelocityType(type=53)
1786043650812997186,1786043650.810854045,/novatel/oem7/bestvel,/novatel/oem7/bestpos,/novatel/oem7/bestvel,39.663,-75.756,33.181389522,0.002308172,-0.002438412,,,,89.990081310,novatel_oem7_msgs.msg.SolutionStatus(status=0),novatel_oem7_msgs.msg.PositionOrVelocityType(type=53)
1786043650815966249,1786043650.815168575,/novatel/oem7/odom,/novatel/oem7/bestpos,/novatel/oem7/odom,39.663,-75.756,33.181389522,0.000551114,-0.001200427,0.000352289,-0.000423815,-0.001200427,,,
1786043650826253013,1786043650.825196053,/novatel/oem7/inspva,/novatel/oem7/inspva,/novatel/oem7/inspva,39.663,-75.756,-1.801150310,0.000256377,-0.002301731,0.000253571,0.000037827,-0.002301731,,novatel_oem7_msgs.msg.InertialSolutionStatus(status=3),
1786043650828067644,1786043650.825453699,/novatel/oem7/fix,/novatel/oem7/fix,/novatel/oem7/inspva,39.663,-75.756,-1.801150310,0.000256377,-0.002301731,0.000253571,0.000037827,-0.002301731,,0,
1786043650829448471,1786043650.825807673,/novatel/oem7/odom,/novatel/oem7/fix,/novatel/oem7/odom,39.663,-75.756,-1.801150310,0.000263825,-0.002300889,0.000057819,0.000257412,-0.002300889,,,
1786043650836980395,1786043650.835932779,/novatel/oem7/odom,/novatel/oem7/fix,/novatel/oem7/odom,39.663,-75.756,-1.801150310,0.000263825,-0.002300889,0.000057819,0.000257412,-0.002300889,,,
1786043650846598126,1786043650.845666904,/novatel/oem7/inspva,/novatel/oem7/inspva,/novatel/oem7/inspva,39.663,-75.756,-1.801198779,0.002350269,-0.002608853,-0.001997137,0.001239035,-0.002608853,,novatel_oem7_msgs.msg.InertialSolutionStatus(status=3),
1786043650848453815,1786043650.846054648,/novatel/oem7/fix,/novatel/oem7/fix,/novatel/oem7/inspva,39.663,-75.756,-1.801198779,0.002350269,-0.002608853,-0.001997137,0.001239035,-0.002608853,,0,
1786043650849739050,1786043650.846645895,/novatel/oem7/odom,/novatel/oem7/fix,/novatel/oem7/odom,39.663,-75.756,-1.801198779,0.002348830,-0.002610148,0.001152250,-0.002046784,-0.002610148,,,
1786043650857712129,1786043650.856659058,/novatel/oem7/odom,/novatel/oem7/fix,/novatel/oem7/odom,39.663,-75.756,-1.801198779,0.002348830,-0.002610148,0.001152250,-0.002046784,-0.002610148,,,
1786043650867241402,1786043650.866358140,/novatel/oem7/inspva,/novatel/oem7/inspva,/novatel/oem7/inspva,39.663,-75.756,-1.801253441,0.002275112,-0.001919646,-0.001618914,0.001598515,-0.001919646,,novatel_oem7_msgs.msg.InertialSolutionStatus(status=3),
1786043650868998336,1786043650.866609430,/novatel/oem7/fix,/novatel/oem7/fix,/novatel/oem7/inspva,39.663,-75.756,-1.801253441,0.002275112,-0.001919646,-0.001618914,0.001598515,-0.001919646,,0,
1786043650870540722,1786043650.866987500,/novatel/oem7/odom,/novatel/oem7/fix,/novatel/oem7/odom,39.663,-75.756,-1.801253441,0.002275931,-0.001918674,0.001526906,-0.001687727,-0.001918674,,,
1786043650875786906,1786043650.874903754,/novatel/oem7/odom,/novatel/oem7/fix,/novatel/oem7/odom,39.663,-75.756,-1.801253441,0.002275931,-0.001918674,0.001526906,-0.001687727,-0.001918674,,,
1786043650886257656,1786043650.885376854,/novatel/oem7/inspva,/novatel/oem7/inspva,/novatel/oem7/inspva,39.663,-75.756,-1.801308794,0.001134546,-0.001535446,-0.000388822,0.001065838,-0.001535446,,novatel_oem7_msgs.msg.InertialSolutionStatus(status=3),
1786043650888039467,1786043650.885621893,/novatel/oem7/fix,/novatel/oem7/fix,/novatel/oem7/inspva,39.663,-75.756,-1.801308794,0.001134546,-0.001535446,-0.000388822,0.001065838,-0.001535446,,0,
1786043650889184168,1786043650.886305240,/novatel/oem7/odom,/novatel/oem7/fix,/novatel/oem7/odom,39.663,-75.756,-1.801308794,0.001138007,-0.001532882,0.001051666,-0.000434810,-0.001532882,,,
1786043650896788016,1786043650.895764894,/novatel/oem7/odom,/novatel/oem7/fix,/novatel/oem7/odom,39.663,-75.756,-1.801308794,0.001138007,-0.001532882,0.001051666,-0.000434810,-0.001532882,,,
1786043650907036383,1786043650.906249485,/novatel/oem7/inspva,/novatel/oem7/inspva,/novatel/oem7/inspva,39.663,-75.756,-1.801370565,0.000540552,-0.001529984,0.000102993,0.000530649,-0.001529984,,novatel_oem7_msgs.msg.InertialSolutionStatus(status=3),
1786043650908734977,1786043650.906538878,/novatel/oem7/fix,/novatel/oem7/fix,/novatel/oem7/inspva,39.663,-75.756,-1.801370565,0.000540552,-0.001529984,0.000102993,0.000530649,-0.001529984,,0,
1786043650910151484,1786043650.907081537,/novatel/oem7/odom,/novatel/oem7/fix,/novatel/oem7/odom,39.663,-75.756,-1.801370565,0.000546466,-0.001527882,0.000540320,0.000081727,-0.001527882,,,
1786043650912023039,1786043650.909521575,/novatel/oem7/bestpos,/novatel/oem7/bestpos,/novatel/oem7/odom,39.663,-75.756,33.181131658,0.000546466,-0.001527882,0.000540320,0.000081727,-0.001527882,,novatel_oem7_msgs.msg.SolutionStatus(status=0),novatel_oem7_msgs.msg.PositionOrVelocityType(type=53)
1786043650913231404,1786043650.910152598,/novatel/oem7/bestvel,/novatel/oem7/bestpos,/novatel/oem7/bestvel,39.663,-75.756,33.181131658,0.001355109,-0.001945258,,,,86.233006830,novatel_oem7_msgs.msg.SolutionStatus(status=0),novatel_oem7_msgs.msg.PositionOrVelocityType(type=53)
1786043650915254091,1786043650.914383445,/novatel/oem7/odom,/novatel/oem7/bestpos,/novatel/oem7/odom,39.663,-75.756,33.181131658,0.000546466,-0.001527882,0.000540320,0.000081727,-0.001527882,,,
1786043650927699130,1786043650.926794501,/novatel/oem7/inspva,/novatel/oem7/inspva,/novatel/oem7/inspva,39.663,-75.756,-1.801434763,0.001488545,-0.003487074,-0.001336237,0.000655924,-0.003487074,,novatel_oem7_msgs.msg.InertialSolutionStatus(status=3),
1786043650929348289,1786043650.927016656,/novatel/oem7/fix,/novatel/oem7/fix,/novatel/oem7/inspva,39.663,-75.756,-1.801434763,0.001488545,-0.003487074,-0.001336237,0.000655924,-0.003487074,,0,
1786043650930610348,1786043650.927881685,/novatel/oem7/odom,/novatel/oem7/fix,/novatel/oem7/odom,39.663,-75.756,-1.801434763,0.001485245,-0.003488481,0.000604152,-0.001356817,-0.003488481,,,
1786043650935748502,1786043650.935043878,/novatel/oem7/odom,/novatel/oem7/fix,/novatel/oem7/odom,39.663,-75.756,-1.801434763,0.001485245,-0.003488481,0.000604152,-0.001356817,-0.003488481,,,
1786043650945658473,1786043650.945047483,/novatel/oem7/inspva,/novatel/oem7/inspva,/novatel/oem7/inspva,39.663,-75.756,-1.801486441,0.002071894,-0.002754963,-0.001464852,0.001465249,-0.002754963,,novatel_oem7_msgs.msg.InertialSolutionStatus(status=3),
1786043650947047776,1786043650.945239268,/novatel/oem7/fix,/novatel/oem7/fix,/novatel/oem7/inspva,39.663,-75.756,-1.801486441,0.002071894,-0.002754963,-0.001464852,0.001465249,-0.002754963,,0,
1786043650948213511,1786043650.945633859,/novatel/oem7/odom,/novatel/oem7/fix,/novatel/oem7/odom,39.663,-75.756,-1.801486441,0.002073190,-0.002753988,0.001403991,-0.001525426,-0.002753988,,,
1786043650956475913,1786043650.955753866,/novatel/oem7/odom,/novatel/oem7/fix,/novatel/oem7/odom,39.663,-75.756,-1.801486441,0.002073190,-0.002753988,0.001403991,-0.001525426,-0.002753988,,,
1786043650966281249,1786043650.965392400,/novatel/oem7/inspva,/novatel/oem7/inspva,/novatel/oem7/inspva,39.663,-75.756,-1.801532457,0.001739650,-0.000980900,-0.000883483,0.001498612,-0.000980900,,novatel_oem7_msgs.msg.InertialSolutionStatus(status=3),
1786043650968092243,1786043650.965693663,/novatel/oem7/fix,/novatel/oem7/fix,/novatel/oem7/inspva,39.663,-75.756,-1.801532457,0.001739650,-0.000980900,-0.000883483,0.001498612,-0.000980900,,0,
1786043650969263458,1786043650.966275492,/novatel/oem7/odom,/novatel/oem7/fix,/novatel/oem7/odom,39.663,-75.756,-1.801532457,0.001741183,-0.000978175,0.001458635,-0.000950844,-0.000978175,,,
1786043650976039455,1786043650.975104026,/novatel/oem7/odom,/novatel/oem7/fix,/novatel/oem7/odom,39.663,-75.756,-1.801532457,0.001741183,-0.000978175,0.001458635,-0.000950844,-0.000978175,,,
1786043650986863194,1786043650.986081070,/novatel/oem7/inspva,/novatel/oem7/inspva,/novatel/oem7/inspva,39.663,-75.756,-1.801594508,0.001713505,-0.001123007,-0.000834286,0.001496686,-0.001123007,,novatel_oem7_msgs.msg.InertialSolutionStatus(status=3),
1786043650988577018,1786043650.986369042,/novatel/oem7/fix,/novatel/oem7/fix,/novatel/oem7/inspva,39.663,-75.756,-1.801594508,0.001713505,-0.001123007,-0.000834286,0.001496686,-0.001123007,,0,
1786043650990034782,1786043650.986922892,/novatel/oem7/odom,/novatel/oem7/fix,/novatel/oem7/odom,39.663,-75.756,-1.801594508,0.001715349,-0.001120189,0.001459519,-0.000901237,-0.001120189,,,
1786043650995346401,1786043650.994605067,/novatel/oem7/odom,/novatel/oem7/fix,/novatel/oem7/odom,39.663,-75.756,-1.801594508,0.001715349,-0.001120189,0.001459519,-0.000901237,-0.001120189,,,
1786043651010971794,1786043651.009891614,/novatel/oem7/inspva,/novatel/oem7/inspva,/novatel/oem7/inspva,39.663,-75.756,-1.801662724,0.000764663,-0.003476453,-0.000447082,0.000620344,-0.003476453,,novatel_oem7_msgs.msg.InertialSolutionStatus(status=3),
1786043651013110569,1786043651.010214807,/novatel/oem7/fix,/novatel/oem7/fix,/novatel/oem7/inspva,39.663,-75.756,-1.801662724,0.000764663,-0.003476453,-0.000447082,0.000620344,-0.003476453,,0,
1786043651014572889,1786043651.011369358,/novatel/oem7/odom,/novatel/oem7/fix,/novatel/oem7/odom,39.663,-75.756,-1.801662724,0.000768852,-0.003475529,0.000610771,-0.000467004,-0.003475529,,,
1786043651017413771,1786043651.016600256,/novatel/oem7/odom,/novatel/oem7/fix,/novatel/oem7/odom,39.663,-75.756,-1.801662724,0.000768852,-0.003475529,0.000610771,-0.000467004,-0.003475529,,,
1786043651026280151,1786043651.025504861,/novatel/oem7/bestpos,/novatel/oem7/bestpos,/novatel/oem7/odom,39.663,-75.756,33.180852625,0.000768852,-0.003475529,0.000610771,-0.000467004,-0.003475529,,novatel_oem7_msgs.msg.SolutionStatus(status=0),novatel_oem7_msgs.msg.PositionOrVelocityType(type=53)
1786043651028027305,1786043651.026825450,/novatel/oem7/bestvel,/novatel/oem7/bestpos,/novatel/oem7/bestvel,39.663,-75.756,33.180852625,0.001256073,-0.003225471,,,,142.912781766,novatel_oem7_msgs.msg.SolutionStatus(status=0),novatel_oem7_msgs.msg.PositionOrVelocityType(type=53)
1786043651028964685,1786043651.027278558,/novatel/oem7/inspva,/novatel/oem7/inspva,/novatel/oem7/inspva,39.663,-75.756,-1.801715122,0.001395107,-0.003454190,-0.001018177,0.000953750,-0.003454190,,novatel_oem7_msgs.msg.InertialSolutionStatus(status=3),
1786043651029817589,1786043651.027463110,/novatel/oem7/fix,/novatel/oem7/fix,/novatel/oem7/inspva,39.663,-75.756,-1.801715122,0.001395107,-0.003454190,-0.001018177,0.000953750,-0.003454190,,0,
1786043651031463822,1786043651.027820277,/novatel/oem7/odom,/novatel/oem7/fix,/novatel/oem7/odom,39.663,-75.756,-1.801715122,0.001396311,-0.003453703,0.000916666,-0.001053285,-0.003453703,,,
1786043651035882616,1786043651.034664984,/novatel/oem7/odom,/novatel/oem7/fix,/novatel/oem7/odom,39.663,-75.756,-1.801715122,0.001396311,-0.003453703,0.000916666,-0.001053285,-0.003453703,,,
1786043651046136837,1786043651.045338012,/novatel/oem7/inspva,/novatel/oem7/inspva,/novatel/oem7/inspva,39.663,-75.756,-1.801696371,0.002847659,-0.000502574,-0.001515771,0.002410726,-0.000502574,,novatel_oem7_msgs.msg.InertialSolutionStatus(status=3),
1786043651047692995,1786043651.045579598,/novatel/oem7/fix,/novatel/oem7/fix,/novatel/oem7/inspva,39.663,-75.756,-1.801696371,0.002847659,-0.000502574,-0.001515771,0.002410726,-0.000502574,,0,
1786043651048782656,1786043651.046174014,/novatel/oem7/odom,/novatel/oem7/fix,/novatel/oem7/odom,39.663,-75.756,-1.801696371,0.002848378,-0.000498484,0.002338127,-0.001626783,-0.000498484,,,
1786043651057253416,1786043651.056436541,/novatel/oem7/odom,/novatel/oem7/fix,/novatel/oem7/odom,39.663,-75.756,-1.801696371,0.002848378,-0.000498484,0.002338127,-0.001626783,-0.000498484,,,
1786043651065936594,1786043651.065058599,/novatel/oem7/inspva,/novatel/oem7/inspva,/novatel/oem7/inspva,39.663,-75.756,-1.801674985,0.002102834,-0.000322227,-0.001100877,0.001791641,-0.000322227,,novatel_oem7_msgs.msg.InertialSolutionStatus(status=3),
1786043651067578027,1786043651.065261255,/novatel/oem7/fix,/novatel/oem7/fix,/novatel/oem7/inspva,39.663,-75.756,-1.801674985,0.002102834,-0.000322227,-0.001100877,0.001791641,-0.000322227,,0,
1786043651068697965,1786043651.065842973,/novatel/oem7/odom,/novatel/oem7/fix,/novatel/oem7/odom,39.663,-75.756,-1.801674985,0.002103310,-0.000319105,0.001738720,-0.001183539,-0.000319105,,,
1786043651075795911,1786043651.074694287,/novatel/oem7/odom,/novatel/oem7/fix,/novatel/oem7/odom,39.663,-75.756,-1.801674985,0.002103310,-0.000319105,0.001738720,-0.001183539,-0.000319105,,,
1786043651086513493,1786043651.085666892,/novatel/oem7/inspva,/novatel/oem7/inspva,/novatel/oem7/inspva,39.663,-75.756,-1.801678637,0.000285229,-0.003262251,-0.000192584,0.000210398,-0.003262251,,novatel_oem7_msgs.msg.InertialSolutionStatus(status=3),
1786043651088400992,1786043651.085885414,/novatel/oem7/fix,/novatel/oem7/fix,/novatel/oem7/inspva,39.663,-75.756,-1.801678637,0.000285229,-0.003262251,-0.000192584,0.000210398,-0.003262251,,0,
1786043651089940027,1786043651.086632508,/novatel/oem7/odom,/novatel/oem7/fix,/novatel/oem7/odom,39.663,-75.756,-1.801678637,0.000287758,-0.003262029,0.000212590,-0.000193934,-0.003262029,,,
1786043651095792097,1786043651.094959809,/novatel/oem7/odom,/novatel/oem7/fix,/novatel/oem7/odom,39.663,-75.756,-1.801678637,0.000287758,-0.003262029,0.000212590,-0.000193934,-0.003262029,,,
1786043651107227819,1786043651.106213373,/novatel/oem7/inspva,/novatel/oem7/inspva,/novatel/oem7/inspva,39.663,-75.756,-1.801648199,0.001190237,-0.003418649,-0.000750419,0.000923869,-0.003418649,,novatel_oem7_msgs.msg.InertialSolutionStatus(status=3),
1786043651108913243,1786043651.106453232,/novatel/oem7/fix,/novatel/oem7/fix,/novatel/oem7/inspva,39.663,-75.756,-1.801648199,0.001190237,-0.003418649,-0.000750419,0.000923869,-0.003418649,,0,
1786043651110089561,1786043651.106957367,/novatel/oem7/odom,/novatel/oem7/fix,/novatel/oem7/odom,39.663,-75.756,-1.801648199,0.001193430,-0.003417536,0.000899407,-0.000784437,-0.003417536,,,
1786043651111714853,1786043651.109605270,/novatel/oem7/bestpos,/novatel/oem7/bestpos,/novatel/oem7/odom,39.663,-75.756,33.180861624,0.001193430,-0.003417536,0.000899407,-0.000784437,-0.003417536,,novatel_oem7_msgs.msg.SolutionStatus(status=0),novatel_oem7_msgs.msg.PositionOrVelocityType(type=53)
1786043651112726470,1786043651.110404770,/novatel/oem7/bestvel,/novatel/oem7/bestpos,/novatel/oem7/bestvel,39.663,-75.756,33.180861624,0.000959852,-0.003065189,,,,156.443888137,novatel_oem7_msgs.msg.SolutionStatus(status=0),novatel_oem7_msgs.msg.PositionOrVelocityType(type=53)
1786043651115558918,1786043651.114835084,/novatel/oem7/odom,/novatel/oem7/bestpos,/novatel/oem7/odom,39.663,-75.756,33.180861624,0.001193430,-0.003417536,0.000899407,-0.000784437,-0.003417536,,,
1786043651125941120,1786043651.125378927,/novatel/oem7/inspva,/novatel/oem7/inspva,/novatel/oem7/inspva,39.663,-75.756,-1.801620753,0.002934507,-0.001189564,-0.002451170,0.001613411,-0.001189564,,novatel_oem7_msgs.msg.InertialSolutionStatus(status=3),
1786043651127381824,1786043651.125553079,/novatel/oem7/fix,/novatel/oem7/fix,/novatel/oem7/inspva,39.663,-75.756,-1.801620753,0.002934507,-0.001189564,-0.002451170,0.001613411,-0.001189564,,0,
1786043651128631343,1786043651.126132052,/novatel/oem7/odom,/novatel/oem7/fix,/novatel/oem7/odom,39.663,-75.756,-1.801620753,0.002934009,-0.001190790,0.001499943,-0.002521623,-0.001190790,,,
1786043651136073026,1786043651.135212574,/novatel/oem7/odom,/novatel/oem7/fix,/novatel/oem7/odom,39.663,-75.756,-1.801620753,0.002934009,-0.001190790,0.001499943,-0.002521623,-0.001190790,,,
1786043651146878535,1786043651.146100871,/novatel/oem7/inspva,/novatel/oem7/inspva,/novatel/oem7/inspva,39.663,-75.756,-1.801598044,0.002672444,-0.000314701,-0.001679553,0.002078716,-0.000314701,,novatel_oem7_msgs.msg.InertialSolutionStatus(status=3),
1786043651148726990,1786043651.146344267,/novatel/oem7/fix,/novatel/oem7/fix,/novatel/oem7/inspva,39.663,-75.756,-1.801598044,0.002672444,-0.000314701,-0.001679553,0.002078716,-0.000314701,,0,
1786043651150094097,1786043651.146926659,/novatel/oem7/odom,/novatel/oem7/fix,/novatel/oem7/odom,39.663,-75.756,-1.801598044,0.002672729,-0.000312275,0.001998091,-0.001775138,-0.000312275,,,
1786043651156625164,1786043651.155774389,/novatel/oem7/odom,/novatel/oem7/fix,/novatel/oem7/odom,39.663,-75.756,-1.801598044,0.002672729,-0.000312275,0.001998091,-0.001775138,-0.000312275,,,
1786043651166257819,1786043651.165314753,/novatel/oem7/inspva,/novatel/oem7/inspva,/novatel/oem7/inspva,39.663,-75.756,-1.801602606,0.000394066,-0.002728587,-0.000221509,-0.000325916,-0.002728587,,novatel_oem7_msgs.msg.InertialSolutionStatus(status=3),
1786043651168060457,1786043651.165604953,/novatel/oem7/fix,/novatel/oem7/fix,/novatel/oem7/inspva,39.663,-75.756,-1.801602606,0.000394066,-0.002728587,-0.000221509,-0.000325916,-0.002728587,,0,
1786043651169219752,1786043651.166174625,/novatel/oem7/odom,/novatel/oem7/fix,/novatel/oem7/odom,39.663,-75.756,-1.801602606,0.000382119,-0.002730286,-0.000326305,-0.000198847,-0.002730286,,,
1786043651176382939,1786043651.175493957,/novatel/oem7/odom,/novatel/oem7/fix,/novatel/oem7/odom,39.663,-75.756,-1.801602606,0.000382119,-0.002730286,-0.000326305,-0.000198847,-0.002730286,,,
1786043651185770775,1786043651.185062074,/novatel/oem7/inspva,/novatel/oem7/inspva,/novatel/oem7/inspva,39.663,-75.756,-1.801580526,0.000502403,-0.003428756,-0.000417239,0.000279858,-0.003428756,,novatel_oem7_msgs.msg.InertialSolutionStatus(status=3),
1786043651187640446,1786043651.185327320,/novatel/oem7/fix,/novatel/oem7/fix,/novatel/oem7/inspva,39.663,-75.756,-1.801580526,0.000502403,-0.003428756,-0.000417239,0.000279858,-0.003428756,,0,
1786043651189102741,1786043651.186017777,/novatel/oem7/odom,/novatel/oem7/fix,/novatel/oem7/odom,39.663,-75.756,-1.801580526,0.000501295,-0.003428918,0.000271877,-0.000421165,-0.003428918,,,
1786043651195150263,1786043651.194431856,/novatel/oem7/odom,/novatel/oem7/fix,/novatel/oem7/odom,39.663,-75.756,-1.801580526,0.000501295,-0.003428918,0.000271877,-0.000421165,-0.003428918,,,
1786043651207959839,1786043651.206718564,/novatel/oem7/inspva,/novatel/oem7/inspva,/novatel/oem7/inspva,39.663,-75.756,-1.801559432,0.003573610,-0.001662184,-0.002661898,0.002384322,-0.001662184,,novatel_oem7_msgs.msg.InertialSolutionStatus(status=3),
1786043651209905832,1786043651.207055550,/novatel/oem7/fix,/novatel/oem7/fix,/novatel/oem7/inspva,39.663,-75.756,-1.801559432,0.003573610,-0.001662184,-0.002661898,0.002384322,-0.001662184,,0,
1786043651211483024,1786043651.207465482,/novatel/oem7/odom,/novatel/oem7/fix,/novatel/oem7/odom,39.663,-75.756,-1.801559432,0.003573949,-0.001661455,0.002261673,-0.002767299,-0.001661455,,,
1786043651213435700,1786043651.210261959,/novatel/oem7/bestpos,/novatel/oem7/bestpos,/novatel/oem7/odom,39.663,-75.756,33.180954283,0.003573949,-0.001661455,0.002261673,-0.002767299,-0.001661455,,novatel_oem7_msgs.msg.SolutionStatus(status=0),novatel_oem7_msgs.msg.PositionOrVelocityType(type=53)
1786043651214740200,1786043651.210663486,/novatel/oem7/bestvel,/novatel/oem7/bestpos,/novatel/oem7/bestvel,39.663,-75.756,33.180954283,0.002775841,-0.001344022,,,,148.719670401,novatel_oem7_msgs.msg.SolutionStatus(status=0),novatel_oem7_msgs.msg.PositionOrVelocityType(type=53)
1786043651216775256,1786043651.215081779,/novatel/oem7/odom,/novatel/oem7/bestpos,/novatel/oem7/odom,39.663,-75.756,33.180954283,0.003573949,-0.001661455,0.002261673,-0.002767299,-0.001661455,,,
1786043651225730257,1786043651.225023941,/novatel/oem7/inspva,/novatel/oem7/inspva,/novatel/oem7/inspva,39.663,-75.756,-1.801532770,0.002834534,-0.000924443,-0.002377301,0.001543704,-0.000924443,,novatel_oem7_msgs.msg.InertialSolutionStatus(status=3),
1786043651227408067,1786043651.225209285,/novatel/oem7/fix,/novatel/oem7/fix,/novatel/oem7/inspva,39.663,-75.756,-1.801532770,0.002834534,-0.000924443,-0.002377301,0.001543704,-0.000924443,,0,
1786043651228824398,1786043651.225850759,/novatel/oem7/odom,/novatel/oem7/fix,/novatel/oem7/odom,39.663,-75.756,-1.801532770,0.002834117,-0.000925719,0.001432853,-0.002445231,-0.000925719,,,
1786043651235689705,1786043651.234716256,/novatel/oem7/odom,/novatel/oem7/fix,/novatel/oem7/odom,39.663,-75.756,-1.801532770,0.002834117,-0.000925719,0.001432853,-0.002445231,-0.000925719,,,
1786043651246014913,1786043651.245270173,/novatel/oem7/inspva,/novatel/oem7/inspva,/novatel/oem7/inspva,39.663,-75.756,-1.801533611,0.000569816,-0.002269265,-0.000025844,-0.000569230,-0.002269265,,novatel_oem7_msgs.msg.InertialSolutionStatus(status=3),
1786043651247576962,1786043651.245503265,/novatel/oem7/fix,/novatel/oem7/fix,/novatel/oem7/inspva,39.663,-75.756,-1.801533611,0.000569816,-0.002269265,-0.000025844,-0.000569230,-0.002269265,,0,
1786043651248791387,1786043651.246018667,/novatel/oem7/odom,/novatel/oem7/fix,/novatel/oem7/odom,39.663,-75.756,-1.801533611,0.000561826,-0.002271256,-0.000561784,0.000006905,-0.002271256,,,
1786043651257574257,1786043651.256550847,/novatel/oem7/odom,/novatel/oem7/fix,/novatel/oem7/odom,39.663,-75.756,-1.801533611,0.000561826,-0.002271256,-0.000561784,0.000006905,-0.002271256,,,
1786043651267321156,1786043651.266083077,/novatel/oem7/inspva,/novatel/oem7/inspva,/novatel/oem7/inspva,39.663,-75.756,-1.801513472,0.000447667,-0.003031571,-0.000447613,-0.000006919,-0.003031571,,novatel_oem7_msgs.msg.InertialSolutionStatus(status=3),
1786043651269320432,1786043651.266369467,/novatel/oem7/fix,/novatel/oem7/fix,/novatel/oem7/inspva,39.663,-75.756,-1.801513472,0.000447667,-0.003031571,-0.000447613,-0.000006919,-0.003031571,,0,
1786043651270800810,1786043651.267128847,/novatel/oem7/odom,/novatel/oem7/fix,/novatel/oem7/odom,39.663,-75.756,-1.801513472,0.000439379,-0.003032783,-0.000017395,-0.000439035,-0.003032783,,,
1786043651275080669,1786043651.274552087,/novatel/oem7/odom,/novatel/oem7/fix,/novatel/oem7/odom,39.663,-75.756,-1.801513472,0.000439379,-0.003032783,-0.000017395,-0.000439035,-0.003032783,,,
1786043651285713709,1786043651.285377157,/novatel/oem7/inspva,/novatel/oem7/inspva,/novatel/oem7/inspva,39.663,-75.756,-1.801493068,0.002599745,-0.001590950,-0.002159837,0.001446989,-0.001590950,,novatel_oem7_msgs.msg.InertialSolutionStatus(status=3),
1786043651286458189,1786043651.285584606,/novatel/oem7/fix,/novatel/oem7/fix,/novatel/oem7/inspva,39.663,-75.756,-1.801493068,0.002599745,-0.001590950,-0.002159837,0.001446989,-0.001590950,,0,
1786043651287177496,1786043651.286239648,/novatel/oem7/odom,/novatel/oem7/fix,/novatel/oem7/odom,39.663,-75.756,-1.801493068,0.002599143,-0.001591932,0.001348904,-0.002221711,-0.001591932,,,
1786043651296849355,1786043651.295917230,/novatel/oem7/odom,/novatel/oem7/fix,/novatel/oem7/odom,39.663,-75.756,-1.801493068,0.002599143,-0.001591932,0.001348904,-0.002221711,-0.001591932,,,
1786043651306651983,1786043651.305890581,/novatel/oem7/inspva,/novatel/oem7/inspva,/novatel/oem7/inspva,39.663,-75.756,-1.801468541,0.002806441,-0.001726801,-0.002285520,0.001628653,-0.001726801,,novatel_oem7_msgs.msg.InertialSolutionStatus(status=3),
1786043651307683983,1786043651.306126121,/novatel/oem7/fix,/novatel/oem7/fix,/novatel/oem7/inspva,39.663,-75.756,-1.801468541,0.002806441,-0.001726801,-0.002285520,0.001628653,-0.001726801,,0,
1786043651308339833,1786043651.306669236,/novatel/oem7/odom,/novatel/oem7/fix,/novatel/oem7/odom,39.663,-75.756,-1.801468541,0.002806011,-0.001727501,0.001524905,-0.002355496,-0.001727501,,,
1786043651310247122,1786043651.309677655,/novatel/oem7/bestpos,/novatel/oem7/bestpos,/novatel/oem7/odom,39.663,-75.756,33.181039196,0.002806011,-0.001727501,0.001524905,-0.002355496,-0.001727501,,novatel_oem7_msgs.msg.SolutionStatus(status=0),novatel_oem7_msgs.msg.PositionOrVelocityType(type=53)
1786043651311154564,1786043651.310360243,/novatel/oem7/bestvel,/novatel/oem7/bestpos,/novatel/oem7/bestvel,39.663,-75.756,33.181039196,0.002499218,-0.001666846,,,,147.981394281,novatel_oem7_msgs.msg.SolutionStatus(status=0),novatel_oem7_msgs.msg.PositionOrVelocityType(type=53)
1786043651314990313,1786043651.314512066,/novatel/oem7/odom,/novatel/oem7/bestpos,/novatel/oem7/odom,39.663,-75.756,33.181039196,0.002806011,-0.001727501,0.001524905,-0.002355496,-0.001727501,,,
1786043651327319359,1786043651.326708830,/novatel/oem7/inspva,/novatel/oem7/inspva,/novatel/oem7/inspva,39.663,-75.756,-1.801447447,0.000114293,-0.000714083,0.000094497,0.000064289,-0.000714083,,novatel_oem7_msgs.msg.InertialSolutionStatus(status=3),
1786043651328220297,1786043651.326951055,/novatel/oem7/fix,/novatel/oem7/fix,/novatel/oem7/inspva,39.663,-75.756,-1.801447447,0.000114293,-0.000714083,0.000094497,0.000064289,-0.000714083,,0,
1786043651328796461,1786043651.327446353,/novatel/oem7/odom,/novatel/oem7/fix,/novatel/oem7/odom,39.663,-75.756,-1.801447447,0.000117287,-0.000713597,0.000071220,0.000093187,-0.000713597,,,
1786043651335718384,1786043651.335283687,/novatel/oem7/odom,/novatel/oem7/fix,/novatel/oem7/odom,39.663,-75.756,-1.801447447,0.000117287,-0.000713597,0.000071220,0.000093187,-0.000713597,,,
1786043651345460254,1786043651.345079576,/novatel/oem7/inspva,/novatel/oem7/inspva,/novatel/oem7/inspva,39.663,-75.756,-1.801433709,0.000785378,-0.001628411,-0.000612261,0.000491889,-0.001628411,,novatel_oem7_msgs.msg.InertialSolutionStatus(status=3),
1786043651346180627,1786043651.345279755,/novatel/oem7/fix,/novatel/oem7/fix,/novatel/oem7/inspva,39.663,-75.756,-1.801433709,0.000785378,-0.001628411,-0.000612261,0.000491889,-0.001628411,,0,
1786043651346695622,1786043651.345830288,/novatel/oem7/odom,/novatel/oem7/fix,/novatel/oem7/odom,39.663,-75.756,-1.801433709,0.000785419,-0.001628390,0.000468152,-0.000630648,-0.001628390,,,
1786043651356720764,1786043651.356075957,/novatel/oem7/odom,/novatel/oem7/fix,/novatel/oem7/odom,39.663,-75.756,-1.801433709,0.000785419,-0.001628390,0.000468152,-0.000630648,-0.001628390,,,
1786043651365841913,1786043651.365340989,/novatel/oem7/inspva,/novatel/oem7/inspva,/novatel/oem7/inspva,39.663,-75.756,-1.801424136,0.002431331,-0.002561744,-0.001785262,0.001650519,-0.002561744,,novatel_oem7_msgs.msg.InertialSolutionStatus(status=3),
1786043651366683624,1786043651.365494706,/novatel/oem7/fix,/novatel/oem7/fix,/novatel/oem7/inspva,39.663,-75.756,-1.801424136,0.002431331,-0.002561744,-0.001785262,0.001650519,-0.002561744,,0,
1786043651367330441,1786043651.366121277,/novatel/oem7/odom,/novatel/oem7/fix,/novatel/oem7/odom,39.663,-75.756,-1.801424136,0.002432103,-0.002561011,0.001573320,-0.001854667,-0.002561011,,,
1786043651375269101,1786043651.374925904,/novatel/oem7/odom,/novatel/oem7/fix,/novatel/oem7/odom,39.663,-75.756,-1.801424136,0.002432103,-0.002561011,0.001573320,-0.001854667,-0.002561011,,,
1786043651386807593,1786043651.386047539,/novatel/oem7/inspva,/novatel/oem7/inspva,/novatel/oem7/inspva,39.663,-75.756,-1.801394878,0.002160406,-0.002105636,-0.001882899,0.001059267,-0.002105636,,novatel_oem7_msgs.msg.InertialSolutionStatus(status=3),
1786043651387800373,1786043651.386298149,/novatel/oem7/fix,/novatel/oem7/fix,/novatel/oem7/inspva,39.663,-75.756,-1.801394878,0.002160406,-0.002105636,-0.001882899,0.001059267,-0.002105636,,0,
1786043651388362592,1786043651.386659200,/novatel/oem7/odom,/novatel/oem7/fix,/novatel/oem7/odom,39.663,-75.756,-1.801394878,0.002158908,-0.002107172,0.000976535,-0.001925426,-0.002107172,,,
1786043651394978099,1786043651.394466642,/novatel/oem7/odom,/novatel/oem7/fix,/novatel/oem7/odom,39.663,-75.756,-1.801394878,0.002158908,-0.002107172,0.000976535,-0.001925426,-0.002107172,,,
1786043651406819357,1786043651.406335172,/novatel/oem7/inspva,/novatel/oem7/inspva,/novatel/oem7/inspva,39.663,-75.756,-1.801370505,0.001494309,-0.000326700,-0.000279813,0.001467878,-0.000326700,,novatel_oem7_msgs.msg.InertialSolutionStatus(status=3),
1786043651408295875,1786043651.406568168,/novatel/oem7/fix,/novatel/oem7/fix,/novatel/oem7/inspva,39.663,-75.756,-1.801370505,0.001494309,-0.000326700,-0.000279813,0.001467878,-0.000326700,,0,
1786043651409363192,1786043651.407204641,/novatel/oem7/odom,/novatel/oem7/fix,/novatel/oem7/odom,39.663,-75.756,-1.801370505,0.001495227,-0.000322475,0.001454163,-0.000348016,-0.000322475,,,
1786043651410955314,1786043651.410121250,/novatel/oem7/bestpos,/novatel/oem7/bestpos,/novatel/oem7/odom,39.663,-75.756,33.181135096,0.001495227,-0.000322475,0.001454163,-0.000348016,-0.000322475,,novatel_oem7_msgs.msg.SolutionStatus(status=0),novatel_oem7_msgs.msg.PositionOrVelocityType(type=53)
1786043651412376918,1786043651.410587470,/novatel/oem7/bestvel,/novatel/oem7/bestpos,/novatel/oem7/bestvel,39.663,-75.756,33.181135096,0.001518717,-0.000551668,,,,87.572001650,novatel_oem7_msgs.msg.SolutionStatus(status=0),novatel_oem7_msgs.msg.PositionOrVelocityType(type=53)
1786043651416532196,1786043651.415539583,/novatel/oem7/odom,/novatel/oem7/bestpos,/novatel/oem7/odom,39.663,-75.756,33.181135096,0.001495227,-0.000322475,0.001454163,-0.000348016,-0.000322475,,,
1786043651425852360,1786043651.425042399,/novatel/oem7/inspva,/novatel/oem7/inspva,/novatel/oem7/inspva,39.663,-75.756,-1.801355663,0.000986445,-0.000696935,-0.000606147,0.000778242,-0.000696935,,novatel_oem7_msgs.msg.InertialSolutionStatus(status=3),
1786043651427731043,1786043651.425292975,/novatel/oem7/fix,/novatel/oem7/fix,/novatel/oem7/inspva,39.663,-75.756,-1.801355663,0.000986445,-0.000696935,-0.000606147,0.000778242,-0.000696935,,0,
1786043651429121759,1786043651.426111083,/novatel/oem7/odom,/novatel/oem7/fix,/novatel/oem7/odom,39.663,-75.756,-1.801355663,0.000987153,-0.000695933,0.000751205,-0.000640439,-0.000695933,,,
1786043651435493979,1786043651.434515652,/novatel/oem7/odom,/novatel/oem7/fix,/novatel/oem7/odom,39.663,-75.756,-1.801355663,0.000987153,-0.000695933,0.000751205,-0.000640439,-0.000695933,,,
1786043651447883884,1786043651.446689005,/novatel/oem7/inspva,/novatel/oem7/inspva,/novatel/oem7/inspva,39.663,-75.756,-1.801361904,0.001295294,-0.003249529,-0.001038702,0.000773876,-0.003249529,,novatel_oem7_msgs.msg.InertialSolutionStatus(status=3),
1786043651449991977,1786043651.447012635,/novatel/oem7/fix,/novatel/oem7/fix,/novatel/oem7/inspva,39.663,-75.756,-1.801361904,0.001295294,-0.003249529,-0.001038702,0.000773876,-0.003249529,,0,
1786043651451584080,1786043651.447699869,/novatel/oem7/odom,/novatel/oem7/fix,/novatel/oem7/odom,39.663,-75.756,-1.801361904,0.001294767,-0.003249739,0.000735270,-0.001065739,-0.003249739,,,
1786043651457307203,1786043651.456336004,/novatel/oem7/odom,/novatel/oem7/fix,/novatel/oem7/odom,39.663,-75.756,-1.801361904,0.001294767,-0.003249739,0.000735270,-0.001065739,-0.003249739,,,
1786043651465926171,1786043651.465095531,/novatel/oem7/inspva,/novatel/oem7/inspva,/novatel/oem7/inspva,39.663,-75.756,-1.801321671,0.002086445,-0.002128380,-0.001854638,0.000955809,-0.002128380,,novatel_oem7_msgs.msg.InertialSolutionStatus(status=3),
1786043651467734689,1786043651.465252415,/novatel/oem7/fix,/novatel/oem7/fix,/novatel/oem7/inspva,39.663,-75.756,-1.801321671,0.002086445,-0.002128380,-0.001854638,0.000955809,-0.002128380,,0,
1786043651469090906,1786043651.466018249,/novatel/oem7/odom,/novatel/oem7/fix,/novatel/oem7/odom,39.663,-75.756,-1.801321671,0.002084589,-0.002130199,0.000874555,-0.001892265,-0.002130199,,,
1786043651476928256,1786043651.475846982,/novatel/oem7/odom,/novatel/oem7/fix,/novatel/oem7/odom,39.663,-75.756,-1.801321671,0.002084589,-0.002130199,0.000874555,-0.001892265,-0.002130199,,,
1786043651486535874,1786043651.485476311,/novatel/oem7/inspva,/novatel/oem7/inspva,/novatel/oem7/inspva,39.663,-75.756,-1.801288541,0.001787505,0.000293724,-0.001298869,0.001228052,0.000293724,,novatel_oem7_msgs.msg.InertialSolutionStatus(status=3),
1786043651488488163,1786043651.485755463,/novatel/oem7/fix,/novatel/oem7/fix,/novatel/oem7/inspva,39.663,-75.756,-1.801288541,0.001787505,0.000293724,-0.001298869,0.001228052,0.000293724,,0,
1786043651489808613,1786043651.486660392,/novatel/oem7/odom,/novatel/oem7/fix,/novatel/oem7/odom,39.663,-75.756,-1.801288541,0.001787399,0.000294368,0.001164240,-0.001356223,0.000294368,,,
1786043651495926716,1786043651.495050288,/novatel/oem7/odom,/novatel/oem7/fix,/novatel/oem7/odom,39.663,-75.756,-1.801288541,0.001787399,0.000294368,0.001164240,-0.001356223,0.000294368,,,
1786043651507215304,1786043651.506130027,/novatel/oem7/inspva,/novatel/oem7/inspva,/novatel/oem7/inspva,39.663,-75.756,-1.801276896,0.001879495,-0.000741029,-0.001397105,0.001257219,-0.000741029,,novatel_oem7_msgs.msg.InertialSolutionStatus(status=3),
1786043651508954531,1786043651.506368659,/novatel/oem7/fix,/novatel/oem7/fix,/novatel/oem7/inspva,39.663,-75.756,-1.801276896,0.001879495,-0.000741029,-0.001397105,0.001257219,-0.000741029,,0,
1786043651510186866,1786043651.507060213,/novatel/oem7/odom,/novatel/oem7/fix,/novatel/oem7/odom,39.663,-75.756,-1.801276896,0.001879665,-0.000740599,0.001192410,-0.001453031,-0.000740599,,,
1786043651512600703,1786043651.511563477,/novatel/oem7/bestpos,/novatel/oem7/bestpos,/novatel/oem7/odom,39.663,-75.756,33.181221161,0.001879665,-0.000740599,0.001192410,-0.001453031,-0.000740599,,novatel_oem7_msgs.msg.SolutionStatus(status=0),novatel_oem7_msgs.msg.PositionOrVelocityType(type=53)
1786043651514417805,1786043651.512199916,/novatel/oem7/bestvel,/novatel/oem7/bestpos,/novatel/oem7/bestvel,39.663,-75.756,33.181221161,0.001939478,-0.001502869,,,,108.134994760,novatel_oem7_msgs.msg.SolutionStatus(status=0),novatel_oem7_msgs.msg.PositionOrVelocityType(type=53)
1786043651516487461,1786043651.514524246,/novatel/oem7/odom,/novatel/oem7/bestpos,/novatel/oem7/odom,39.663,-75.756,33.181221161,0.001879665,-0.000740599,0.001192410,-0.001453031,-0.000740599,,,
1786043651526125370,1786043651.525424994,/novatel/oem7/inspva,/novatel/oem7/inspva,/novatel/oem7/inspva,39.663,-75.756,-1.801279245,0.000485863,-0.002447053,-0.000264760,0.000407388,-0.002447053,,novatel_oem7_msgs.msg.InertialSolutionStatus(status=3),
1786043651527951944,1786043651.525578482,/novatel/oem7/fix,/novatel/oem7/fix,/novatel/oem7/inspva,39.663,-75.756,-1.801279245,0.000485863,-0.002447053,-0.000264760,0.000407388,-0.002447053,,0,
1786043651529307441,1786043651.526327295,/novatel/oem7/odom,/novatel/oem7/fix,/novatel/oem7/odom,39.663,-75.756,-1.801279245,0.000489243,-0.002446379,0.000403019,-0.000277371,-0.002446379,,,
1786043651536518855,1786043651.535580262,/novatel/oem7/odom,/novatel/oem7/fix,/novatel/oem7/odom,39.663,-75.756,-1.801279245,0.000489243,-0.002446379,0.000403019,-0.000277371,-0.002446379,,,
1786043651546552673,1786043651.545208450,/novatel/oem7/inspva,/novatel/oem7/inspva,/novatel/oem7/inspva,39.663,-75.756,-1.801248055,0.001283783,-0.002177429,-0.001261184,-0.000239824,-0.002177429,,novatel_oem7_msgs.msg.InertialSolutionStatus(status=3),
1786043651548717408,1786043651.545651554,/novatel/oem7/fix,/novatel/oem7/fix,/novatel/oem7/inspva,39.663,-75.756,-1.801248055,0.001283783,-0.002177429,-0.001261184,-0.000239824,-0.002177429,,0,
1786043651550174576,1786043651.546205717,/novatel/oem7/odom,/novatel/oem7/fix,/novatel/oem7/odom,39.663,-75.756,-1.801248055,0.001276528,-0.002181690,-0.000291499,-0.001242800,-0.002181690,,,
1786043651556903512,1786043651.555931763,/novatel/oem7/odom,/novatel/oem7/fix,/novatel/oem7/odom,39.663,-75.756,-1.801248055,0.001276528,-0.002181690,-0.000291499,-0.001242800,-0.002181690,,,
1786043651567057032,1786043651.566488106,/novatel/oem7/inspva,/novatel/oem7/inspva,/novatel/oem7/inspva,39.663,-75.756,-1.801213844,0.002798796,0.000216228,-0.002211936,0.001714818,0.000216228,,novatel_oem7_msgs.msg.InertialSolutionStatus(status=3),
1786043651568538457,1786043651.566639094,/novatel/oem7/fix,/novatel/oem7/fix,/novatel/oem7/inspva,39.663,-75.756,-1.801213844,0.002798796,0.000216228,-0.002211936,0.001714818,0.000216228,,0,
1786043651569600773,1786043651.567233090,/novatel/oem7/odom,/novatel/oem7/fix,/novatel/oem7/odom,39.663,-75.756,-1.801213844,0.002798816,0.000215973,0.001607599,-0.002291069,0.000215973,,,
1786043651575614972,1786043651.574911875,/novatel/oem7/odom,/novatel/oem7/fix,/novatel/oem7/odom,39.663,-75.756,-1.801213844,0.002798816,0.000215973,0.001607599,-0.002291069,0.000215973,,,
1786043651585739989,1786043651.585019282,/novatel/oem7/inspva,/novatel/oem7/inspva,/novatel/oem7/inspva,39.663,-75.756,-1.801198115,0.002183316,-0.000186677,-0.001843113,0.001170386,-0.000186677,,novatel_oem7_msgs.msg.InertialSolutionStatus(status=3),
1786043651587071155,1786043651.585196550,/novatel/oem7/fix,/novatel/oem7/fix,/novatel/oem7/inspva,39.663,-75.756,-1.801198115,0.002183316,-0.000186677,-0.001843113,0.001170386,-0.000186677,,0,
1786043651588100279,1786043651.585530480,/novatel/oem7/odom,/novatel/oem7/fix,/novatel/oem7/odom,39.663,-75.756,-1.801198115,0.002183226,-0.000187727,0.001082648,-0.001895877,-0.000187727,,,
1786043651596492034,1786043651.595517683,/novatel/oem7/odom,/novatel/oem7/fix,/novatel/oem7/odom,39.663,-75.756,-1.801198115,0.002183226,-0.000187727,0.001082648,-0.001895877,-0.000187727,,,
1786043651607177002,1786043651.606536353,/novatel/oem7/inspva,/novatel/oem7/inspva,/novatel/oem7/inspva,39.663,-75.756,-1.801206429,0.000402777,-0.002276620,-0.000166886,0.000366577,-0.002276620,,novatel_oem7_msgs.msg.InertialSolutionStatus(status=3),
1786043651608903663,1786043651.606787105,/novatel/oem7/fix,/novatel/oem7/fix,/novatel/oem7/inspva,39.663,-75.756,-1.801206429,0.000402777,-0.002276620,-0.000166886,0.000366577,-0.002276620,,0,
1786043651610130066,1786043651.607574466,/novatel/oem7/odom,/novatel/oem7/fix,/novatel/oem7/odom,39.663,-75.756,-1.801206429,0.000407299,-0.002275815,0.000366281,-0.000178131,-0.002275815,,,
1786043651611121460,1786043651.610495829,/novatel/oem7/bestpos,/novatel/oem7/bestpos,/novatel/oem7/odom,39.663,-75.756,33.181307229,0.000407299,-0.002275815,0.000366281,-0.000178131,-0.002275815,,novatel_oem7_msgs.msg.SolutionStatus(status=0),novatel_oem7_msgs.msg.PositionOrVelocityType(type=53)
1786043651611937764,1786043651.610844365,/novatel/oem7/bestvel,/novatel/oem7/bestpos,/novatel/oem7/bestvel,39.663,-75.756,33.181307229,0.000289558,-0.002125341,,,,146.897040492,novatel_oem7_msgs.msg.SolutionStatus(status=0),novatel_oem7_msgs.msg.PositionOrVelocityType(type=53)
1786043651615632102,1786043651.614970932,/novatel/oem7/odom,/novatel/oem7/bestpos,/novatel/oem7/odom,39.663,-75.756,33.181307229,0.000407299,-0.002275815,0.000366281,-0.000178131,-0.002275815,,,
1786043651626451579,1786043651.626091621,/novatel/oem7/inspva,/novatel/oem7/inspva,/novatel/oem7/inspva,39.663,-75.756,-1.801185365,0.000504340,-0.002144730,-0.000488331,-0.000126063,-0.002144730,,novatel_oem7_msgs.msg.InertialSolutionStatus(status=3),
1786043651627446350,1786043651.626243639,/novatel/oem7/fix,/novatel/oem7/fix,/novatel/oem7/inspva,39.663,-75.756,-1.801185365,0.000504340,-0.002144730,-0.000488331,-0.000126063,-0.002144730,,0,
1786043651627965574,1786043651.626683788,/novatel/oem7/odom,/novatel/oem7/fix,/novatel/oem7/odom,39.663,-75.756,-1.801185365,0.000496818,-0.002146485,-0.000141400,-0.000476272,-0.002146485,,,
1786043651636103419,1786043651.634632205,/novatel/oem7/odom,/novatel/oem7/fix,/novatel/oem7/odom,39.663,-75.756,-1.801185365,0.000496818,-0.002146485,-0.000141400,-0.000476272,-0.002146485,,,
1786043651648416277,1786043651.645270700,/novatel/oem7/inspva,/novatel/oem7/inspva,/novatel/oem7/inspva,39.663,-75.756,-1.801160917,0.002607543,-0.000794293,-0.002349837,0.001130286,-0.000794293,,novatel_oem7_msgs.msg.InertialSolutionStatus(status=3),
1786043651655869277,1786043651.645566653,/novatel/oem7/fix,/novatel/oem7/fix,/novatel/oem7/inspva,39.663,-75.756,-1.801160917,0.002607543,-0.000794293,-0.002349837,0.001130286,-0.000794293,,0,
1786043651656736740,1786043651.645970737,/novatel/oem7/odom,/novatel/oem7/fix,/novatel/oem7/odom,39.663,-75.756,-1.801160917,0.002606739,-0.000796925,0.001020816,-0.002398546,-0.000796925,,,
1786043651658313214,1786043651.656362612,/novatel/oem7/odom,/novatel/oem7/fix,/novatel/oem7/odom,39.663,-75.756,-1.801160917,0.002606739,-0.000796925,0.001020816,-0.002398546,-0.000796925,,,
1786043651665789877,1786043651.665095341,/novatel/oem7/inspva,/novatel/oem7/inspva,/novatel/oem7/inspva,39.663,-75.756,-1.801133832,0.002565938,0.000107709,-0.002071388,0.001514394,0.000107709,,novatel_oem7_msgs.msg.InertialSolutionStatus(status=3),
1786043651667121765,1786043651.665339530,/novatel/oem7/fix,/novatel/oem7/fix,/novatel/oem7/inspva,39.663,-75.756,-1.801133832,0.002565938,0.000107709,-0.002071388,0.001514394,0.000107709,,0,
1786043651667797585,1786043651.666025094,/novatel/oem7/odom,/novatel/oem7/fix,/novatel/oem7/odom,39.663,-75.756,-1.801133832,0.002565961,0.000107148,0.001414466,-0.002140898,0.000107148,,,
1786043651675021867,1786043651.674534968,/novatel/oem7/odom,/novatel/oem7/fix,/novatel/oem7/odom,39.663,-75.756,-1.801133832,0.002565961,0.000107148,0.001414466,-0.002140898,0.000107148,,,
1786043651687017836,1786043651.686575296,/novatel/oem7/inspva,/novatel/oem7/inspva,/novatel/oem7/inspva,39.663,-75.756,-1.801138797,0.000611698,-0.001527702,-0.000404627,0.000458750,-0.001527702,,novatel_oem7_msgs.msg.InertialSolutionStatus(status=3),
1786043651687886607,1786043651.686873685,/novatel/oem7/fix,/novatel/oem7/fix,/novatel/oem7/inspva,39.663,-75.756,-1.801138797,0.000611698,-0.001527702,-0.000404627,0.000458750,-0.001527702,,0,
1786043651688574344,1786043651.687482621,/novatel/oem7/odom,/novatel/oem7/fix,/novatel/oem7/odom,39.663,-75.756,-1.801138797,0.000612897,-0.001527222,0.000444572,-0.000421899,-0.001527222,,,
1786043651695721116,1786043651.694887407,/novatel/oem7/odom,/novatel/oem7/fix,/novatel/oem7/odom,39.663,-75.756,-1.801138797,0.000612897,-0.001527222,0.000444572,-0.000421899,-0.001527222,,,
1786043651706359796,1786043651.705841821,/novatel/oem7/inspva,/novatel/oem7/inspva,/novatel/oem7/inspva,39.663,-75.756,-1.801117089,0.000510584,-0.001468206,-0.000109547,0.000498693,-0.001468206,,novatel_oem7_msgs.msg.InertialSolutionStatus(status=3),
1786043651707230323,1786043651.706059564,/novatel/oem7/fix,/novatel/oem7/fix,/novatel/oem7/inspva,39.663,-75.756,-1.801117089,0.000510584,-0.001468206,-0.000109547,0.000498693,-0.001468206,,0,
1786043651707897214,1786043651.706472974,/novatel/oem7/odom,/novatel/oem7/fix,/novatel/oem7/odom,39.663,-75.756,-1.801117089,0.000514594,-0.001466805,0.000498123,-0.000129151,-0.001466805,,,
1786043651710046457,1786043651.709562368,/novatel/oem7/bestpos,/novatel/oem7/bestpos,/novatel/oem7/odom,39.663,-75.756,33.181385279,0.000514594,-0.001466805,0.000498123,-0.000129151,-0.001466805,,novatel_oem7_msgs.msg.SolutionStatus(status=0),novatel_oem7_msgs.msg.PositionOrVelocityType(type=53)
1786043651710978824,1786043651.710182921,/novatel/oem7/bestvel,/novatel/oem7/bestpos,/novatel/oem7/bestvel,39.663,-75.756,33.181385279,0.000459822,-0.001391827,,,,330.816504310,novatel_oem7_msgs.msg.SolutionStatus(status=0),novatel_oem7_msgs.msg.PositionOrVelocityType(type=53)
1786043651716001854,1786043651.715521290,/novatel/oem7/odom,/novatel/oem7/bestpos,/novatel/oem7/odom,39.663,-75.756,33.181385279,0.000514594,-0.001466805,0.000498123,-0.000129151,-0.001466805,,,
1786043651725879983,1786043651.725464300,/novatel/oem7/inspva,/novatel/oem7/inspva,/novatel/oem7/inspva,39.663,-75.756,-1.801104631,0.002925070,-0.001818309,-0.002339553,0.001755712,-0.001818309,,novatel_oem7_msgs.msg.InertialSolutionStatus(status=3),
1786043651726822964,1786043651.725609968,/novatel/oem7/fix,/novatel/oem7/fix,/novatel/oem7/inspva,39.663,-75.756,-1.801104631,0.002925070,-0.001818309,-0.002339553,0.001755712,-0.001818309,,0,
1786043651727577997,1786043651.726369747,/novatel/oem7/odom,/novatel/oem7/fix,/novatel/oem7/odom,39.663,-75.756,-1.801104631,0.002924762,-0.001818804,0.001649646,-0.002415140,-0.001818804,,,
1786043651735780488,1786043651.734943171,/novatel/oem7/odom,/novatel/oem7/fix,/novatel/oem7/odom,39.663,-75.756,-1.801104631,0.002924762,-0.001818804,0.001649646,-0.002415140,-0.001818804,,,
1786043651746748396,1786043651.746043471,/novatel/oem7/inspva,/novatel/oem7/inspva,/novatel/oem7/inspva,39.663,-75.756,-1.801066646,0.002048405,-0.000788576,-0.001956799,0.000605723,-0.000788576,,novatel_oem7_msgs.msg.InertialSolutionStatus(status=3),
1786043651747785278,1786043651.746262821,/novatel/oem7/fix,/novatel/oem7/fix,/novatel/oem7/inspva,39.663,-75.756,-1.801066646,0.002048405,-0.000788576,-0.001956799,0.000605723,-0.000788576,,0,
1786043651748627644,1786043651.746842394,/novatel/oem7/odom,/novatel/oem7/fix,/novatel/oem7/odom,39.663,-75.756,-1.801066646,0.002047125,-0.000791893,0.000515424,-0.001981176,-0.000791893,,,
1786043651756350240,1786043651.755878856,/novatel/oem7/odom,/novatel/oem7/fix,/novatel/oem7/odom,39.663,-75.756,-1.801066646,0.002047125,-0.000791893,0.000515424,-0.001981176,-0.000791893,,,
1786043651766221779,1786043651.765342530,/novatel/oem7/inspva,/novatel/oem7/inspva,/novatel/oem7/inspva,39.663,-75.756,-1.801058272,0.000963299,-0.000389979,-0.000455967,0.000848551,-0.000389979,,novatel_oem7_msgs.msg.InertialSolutionStatus(status=3),
1786043651767813466,1786043651.765583968,/novatel/oem7/fix,/novatel/oem7/fix,/novatel/oem7/inspva,39.663,-75.756,-1.801058272,0.000963299,-0.000389979,-0.000455967,0.000848551,-0.000389979,,0,
1786043651768668225,1786043651.766257951,/novatel/oem7/odom,/novatel/oem7/fix,/novatel/oem7/odom,39.663,-75.756,-1.801058272,0.000963964,-0.000388334,0.000827452,-0.000494518,-0.000388334,,,
1786043651776444981,1786043651.775782248,/novatel/oem7/odom,/novatel/oem7/fix,/novatel/oem7/odom,39.663,-75.756,-1.801058272,0.000963964,-0.000388334,0.000827452,-0.000494518,-0.000388334,,,
1786043651786122708,1786043651.785410307,/novatel/oem7/inspva,/novatel/oem7/inspva,/novatel/oem7/inspva,39.663,-75.756,-1.801042343,0.000489203,-0.000945363,-0.000318510,0.000371310,-0.000945363,,novatel_oem7_msgs.msg.InertialSolutionStatus(status=3),
1786043651787206047,1786043651.785629933,/novatel/oem7/fix,/novatel/oem7/fix,/novatel/oem7/inspva,39.663,-75.756,-1.801042343,0.000489203,-0.000945363,-0.000318510,0.000371310,-0.000945363,,0,
1786043651788129096,1786043651.786118290,/novatel/oem7/odom,/novatel/oem7/fix,/novatel/oem7/odom,39.663,-75.756,-1.801042343,0.000489980,-0.000944961,0.000359206,-0.000333243,-0.000944961,,,
1786043651795179245,1786043651.794548099,/novatel/oem7/odom,/novatel/oem7/fix,/novatel/oem7/odom,39.663,-75.756,-1.801042343,0.000489980,-0.000944961,0.000359206,-0.000333243,-0.000944961,,,
1786043651807550223,1786043651.806646544,/novatel/oem7/inspva,/novatel/oem7/inspva,/novatel/oem7/inspva,39.663,-75.756,-1.801038607,0.001552004,-0.002223241,-0.001392934,0.000684435,-0.002223241,,novatel_oem7_msgs.msg.InertialSolutionStatus(status=3),
1786043651808997861,1786043651.806895926,/novatel/oem7/fix,/novatel/oem7/fix,/novatel/oem7/inspva,39.663,-75.756,-1.801038607,0.001552004,-0.002223241,-0.001392934,0.000684435,-0.002223241,,0,
1786043651810154054,1786043651.807445179,/novatel/oem7/odom,/novatel/oem7/fix,/novatel/oem7/odom,39.663,-75.756,-1.801038607,0.001549896,-0.002224711,0.000625675,-0.001417995,-0.002224711,,,
1786043651811649480,1786043651.810464211,/novatel/oem7/bestpos,/novatel/oem7/bestpos,/novatel/oem7/odom,39.663,-75.756,33.181488796,0.001549896,-0.002224711,0.000625675,-0.001417995,-0.002224711,,novatel_oem7_msgs.msg.SolutionStatus(status=0),novatel_oem7_msgs.msg.PositionOrVelocityType(type=53)
1786043651812490989,1786043651.810920110,/novatel/oem7/bestvel,/novatel/oem7/bestpos,/novatel/oem7/bestvel,39.663,-75.756,33.181488796,0.002156253,-0.001183080,,,,194.999391242,novatel_oem7_msgs.msg.SolutionStatus(status=0),novatel_oem7_msgs.msg.PositionOrVelocityType(type=53)
1786043651815532705,1786043651.815018040,/novatel/oem7/odom,/novatel/oem7/bestpos,/novatel/oem7/odom,39.663,-75.756,33.181488796,0.001549896,-0.002224711,0.000625675,-0.001417995,-0.002224711,,,
1786043651825667944,1786043651.825170293,/novatel/oem7/inspva,/novatel/oem7/inspva,/novatel/oem7/inspva,39.663,-75.756,-1.801006299,0.001956768,-0.001485868,-0.001490567,0.001267734,-0.001485868,,novatel_oem7_msgs.msg.InertialSolutionStatus(status=3),
1786043651826596290,1786043651.825304153,/novatel/oem7/fix,/novatel/oem7/fix,/novatel/oem7/inspva,39.663,-75.756,-1.801006299,0.001956768,-0.001485868,-0.001490567,0.001267734,-0.001485868,,0,
1786043651827312799,1786043651.825679348,/novatel/oem7/odom,/novatel/oem7/fix,/novatel/oem7/odom,39.663,-75.756,-1.801006299,0.001956953,-0.001485624,0.001201161,-0.001544953,-0.001485624,,,
1786043651836655909,1786043651.835727117,/novatel/oem7/odom,/novatel/oem7/fix,/novatel/oem7/odom,39.663,-75.756,-1.801006299,0.001956953,-0.001485624,0.001201161,-0.001544953,-0.001485624,,,
1786043651846096855,1786043651.845507347,/novatel/oem7/inspva,/novatel/oem7/inspva,/novatel/oem7/inspva,39.663,-75.756,-1.800988744,0.001544327,-0.000166213,-0.001451140,0.000528334,-0.000166213,,novatel_oem7_msgs.msg.InertialSolutionStatus(status=3),
1786043651847342855,1786043651.845703841,/novatel/oem7/fix,/novatel/oem7/fix,/novatel/oem7/inspva,39.663,-75.756,-1.800988744,0.001544327,-0.000166213,-0.001451140,0.000528334,-0.000166213,,0,
1786043651848201318,1786043651.846309885,/novatel/oem7/odom,/novatel/oem7/fix,/novatel/oem7/odom,39.663,-75.756,-1.800988744,0.001544090,-0.000168393,0.000459825,-0.001474034,-0.000168393,,,
1786043651856828730,1786043651.856397838,/novatel/oem7/odom,/novatel/oem7/fix,/novatel/oem7/odom,39.663,-75.756,-1.800988744,0.001544090,-0.000168393,0.000459825,-0.001474034,-0.000168393,,,
1786043651867654789,1786043651.866201193,/novatel/oem7/inspva,/novatel/oem7/inspva,/novatel/oem7/inspva,39.663,-75.756,-1.800979283,0.001167385,-0.000495496,-0.000770957,0.000876591,-0.000495496,,novatel_oem7_msgs.msg.InertialSolutionStatus(status=3),
1786043651868823820,1786043651.866590530,/novatel/oem7/fix,/novatel/oem7/fix,/novatel/oem7/inspva,39.663,-75.756,-1.800979283,0.001167385,-0.000495496,-0.000770957,0.000876591,-0.000495496,,0,
1786043651869852805,1786043651.867110142,/novatel/oem7/odom,/novatel/oem7/fix,/novatel/oem7/odom,39.663,-75.756,-1.800979283,0.001167748,-0.000494640,0.000840962,-0.000810197,-0.000494640,,,
1786043651875467257,1786043651.874875338,/novatel/oem7/odom,/novatel/oem7/fix,/novatel/oem7/odom,39.663,-75.756,-1.800979283,0.001167748,-0.000494640,0.000840962,-0.000810197,-0.000494640,,,
1786043651885751263,1786043651.885251660,/novatel/oem7/inspva,/novatel/oem7/inspva,/novatel/oem7/inspva,39.663,-75.756,-1.800986926,0.000714974,-0.002501794,-0.000700778,-0.000141766,-0.002501794,,novatel_oem7_msgs.msg.InertialSolutionStatus(status=3),
1786043651886805443,1786043651.885474816,/novatel/oem7/fix,/novatel/oem7/fix,/novatel/oem7/inspva,39.663,-75.756,-1.800986926,0.000714974,-0.002501794,-0.000700778,-0.000141766,-0.002501794,,0,
1786043651887707362,1786043651.885951214,/novatel/oem7/odom,/novatel/oem7/fix,/novatel/oem7/odom,39.663,-75.756,-1.800986926,0.000706642,-0.002504160,-0.000165915,-0.000686888,-0.002504160,,,
1786043651896417223,1786043651.895609322,/novatel/oem7/odom,/novatel/oem7/fix,/novatel/oem7/odom,39.663,-75.756,-1.800986926,0.000706642,-0.002504160,-0.000165915,-0.000686888,-0.002504160,,,
1786043651906240944,1786043651.905840902,/novatel/oem7/inspva,/novatel/oem7/inspva,/novatel/oem7/inspva,39.663,-75.756,-1.800960852,0.000720559,-0.002172315,-0.000720150,-0.000024293,-0.002172315,,novatel_oem7_msgs.msg.InertialSolutionStatus(status=3),
1786043651907102713,1786043651.905958308,/novatel/oem7/fix,/novatel/oem7/fix,/novatel/oem7/inspva,39.663,-75.756,-1.800960852,0.000720559,-0.002172315,-0.000720150,-0.000024293,-0.002172315,,0,
1786043651907771547,1786043651.906506736,/novatel/oem7/odom,/novatel/oem7/fix,/novatel/oem7/odom,39.663,-75.756,-1.800960852,0.000714427,-0.002174339,-0.000050630,-0.000712631,-0.002174339,,,
1786043651910183275,1786043651.909603016,/novatel/oem7/bestpos,/novatel/oem7/bestpos,/novatel/oem7/odom,39.663,-75.756,33.181562812,0.000714427,-0.002174339,-0.000050630,-0.000712631,-0.002174339,,novatel_oem7_msgs.msg.SolutionStatus(status=0),novatel_oem7_msgs.msg.PositionOrVelocityType(type=53)
1786043651911106050,1786043651.910370287,/novatel/oem7/bestvel,/novatel/oem7/bestpos,/novatel/oem7/bestvel,39.663,-75.756,33.181562812,0.001486867,-0.001471264,,,,210.379595833,novatel_oem7_msgs.msg.SolutionStatus(status=0),novatel_oem7_msgs.msg.PositionOrVelocityType(type=53)
1786043651914943065,1786043651.914487351,/novatel/oem7/odom,/novatel/oem7/bestpos,/novatel/oem7/odom,39.663,-75.756,33.181562812,0.000714427,-0.002174339,-0.000050630,-0.000712631,-0.002174339,,,
1786043651928172918,1786043651.927324922,/novatel/oem7/inspva,/novatel/oem7/inspva,/novatel/oem7/inspva,39.663,-75.756,-1.800943024,0.002529807,-0.000268010,-0.001959811,0.001599708,-0.000268010,,novatel_oem7_msgs.msg.InertialSolutionStatus(status=3),
1786043651929663470,1786043651.927551302,/novatel/oem7/fix,/novatel/oem7/fix,/novatel/oem7/inspva,39.663,-75.756,-1.800943024,0.002529807,-0.000268010,-0.001959811,0.001599708,-0.000268010,,0,
1786043651930378367,1786043651.928464148,/novatel/oem7/odom,/novatel/oem7/fix,/novatel/oem7/odom,39.663,-75.756,-1.800943024,0.002529812,-0.000267960,0.001506320,-0.002032474,-0.000267960,,,
1786043651935662609,1786043651.935186298,/novatel/oem7/odom,/novatel/oem7/fix,/novatel/oem7/odom,39.663,-75.756,-1.800943024,0.002529812,-0.000267960,0.001506320,-0.002032474,-0.000267960,,,
1786043651945575974,1786043651.945198639,/novatel/oem7/inspva,/novatel/oem7/inspva,/novatel/oem7/inspva,39.663,-75.756,-1.800926436,0.001784856,0.000329995,-0.001147305,0.001367261,0.000329995,,novatel_oem7_msgs.msg.InertialSolutionStatus(status=3),
1786043651946431433,1786043651.945296641,/novatel/oem7/fix,/novatel/oem7/fix,/novatel/oem7/inspva,39.663,-75.756,-1.800926436,0.001784856,0.000329995,-0.001147305,0.001367261,0.000329995,,0,
1786043651947118200,1786043651.945770408,/novatel/oem7/odom,/novatel/oem7/fix,/novatel/oem7/odom,39.663,-75.756,-1.800926436,0.001784583,0.000331468,0.001310395,-0.001211446,0.000331468,,,
1786043651956139206,1786043651.955692206,/novatel/oem7/odom,/novatel/oem7/fix,/novatel/oem7/odom,39.663,-75.756,-1.800926436,0.001784583,0.000331468,0.001310395,-0.001211446,0.000331468,,,
1786043651966170043,1786043651.965535165,/novatel/oem7/inspva,/novatel/oem7/inspva,/novatel/oem7/inspva,39.663,-75.756,-1.800944149,0.000872562,-0.002604510,-0.000294424,-0.000821389,-0.002604510,,novatel_oem7_msgs.msg.InertialSolutionStatus(status=3),
1786043651967438586,1786043651.965703813,/novatel/oem7/fix,/novatel/oem7/fix,/novatel/oem7/inspva,39.663,-75.756,-1.800944149,0.000872562,-0.002604510,-0.000294424,-0.000821389,-0.002604510,,0,
1786043651968341504,1786043651.966476229,/novatel/oem7/odom,/novatel/oem7/fix,/novatel/oem7/odom,39.663,-75.756,-1.800944149,0.000861838,-0.002608078,-0.000825209,-0.000248588,-0.002608078,,,
1786043651975485533,1786043651.974732943,/novatel/oem7/odom,/novatel/oem7/fix,/novatel/oem7/odom,39.663,-75.756,-1.800944149,0.000861838,-0.002608078,-0.000825209,-0.000248588,-0.002608078,,,
1786043651986872468,1786043651.986255041,/novatel/oem7/inspva,/novatel/oem7/inspva,/novatel/oem7/inspva,39.663,-75.756,-1.800917212,0.000817460,-0.002072733,-0.000343894,-0.000741604,-0.002072733,,novatel_oem7_msgs.msg.InertialSolutionStatus(status=3),
1786043651988121939,1786043651.986507445,/novatel/oem7/fix,/novatel/oem7/fix,/novatel/oem7/inspva,39.663,-75.756,-1.800917212,0.000817460,-0.002072733,-0.000343894,-0.000741604,-0.002072733,,0,
1786043651989186865,1786043651.987028224,/novatel/oem7/odom,/novatel/oem7/fix,/novatel/oem7/odom,39.663,-75.756,-1.800917212,0.000808730,-0.002076154,-0.000749754,-0.000303170,-0.002076154,,,
1786043651995256283,1786043651.994715226,/novatel/oem7/odom,/novatel/oem7/fix,/novatel/oem7/odom,39.663,-75.756,-1.800917212,0.000808730,-0.002076154,-0.000749754,-0.000303170,-0.002076154,,,
1786043652010604910,1786043652.009933195,/novatel/oem7/inspva,/novatel/oem7/inspva,/novatel/oem7/inspva,39.663,-75.756,-1.800896506,0.001932565,-0.000245471,-0.001736547,0.000848063,-0.000245471,,novatel_oem7_msgs.msg.InertialSolutionStatus(status=3),
1786043652011788675,1786043652.010085822,/novatel/oem7/fix,/novatel/oem7/fix,/novatel/oem7/inspva,39.663,-75.756,-1.800896506,0.001932565,-0.000245471,-0.001736547,0.000848063,-0.000245471,,0,
1786043652012616243,1786043652.011220301,/novatel/oem7/odom,/novatel/oem7/fix,/novatel/oem7/odom,39.663,-75.756,-1.800896506,0.001932323,-0.000247369,0.000766007,-0.001774008,-0.000247369,,,
1786043652017337634,1786043652.016755590,/novatel/oem7/odom,/novatel/oem7/fix,/novatel/oem7/odom,39.663,-75.756,-1.800896506,0.001932323,-0.000247369,0.000766007,-0.001774008,-0.000247369,,,
1786043652025501166,1786043652.024976808,/novatel/oem7/bestpos,/novatel/oem7/bestpos,/novatel/oem7/odom,39.663,-75.756,33.181611241,0.001932323,-0.000247369,0.000766007,-0.001774008,-0.000247369,,novatel_oem7_msgs.msg.SolutionStatus(status=0),novatel_oem7_msgs.msg.PositionOrVelocityType(type=53)
1786043652026966159,1786043652.026586116,/novatel/oem7/bestvel,/novatel/oem7/bestpos,/novatel/oem7/bestvel,39.663,-75.756,33.181611241,0.001676561,-0.000488546,,,,146.178427166,novatel_oem7_msgs.msg.SolutionStatus(status=0),novatel_oem7_msgs.msg.PositionOrVelocityType(type=53)
1786043652028107012,1786043652.027073776,/novatel/oem7/inspva,/novatel/oem7/inspva,/novatel/oem7/inspva,39.663,-75.756,-1.800881393,0.001816234,0.000002689,-0.001469767,0.001067002,0.000002689,,novatel_oem7_msgs.msg.InertialSolutionStatus(status=3),
1786043652028919718,1786043652.027202319,/novatel/oem7/fix,/novatel/oem7/fix,/novatel/oem7/inspva,39.663,-75.756,-1.800881393,0.001816234,0.000002689,-0.001469767,0.001067002,0.000002689,,0,
1786043652029924740,1786043652.027590212,/novatel/oem7/odom,/novatel/oem7/fix,/novatel/oem7/odom,39.663,-75.756,-1.800881393,0.001816235,0.000002259,0.000996416,-0.001518507,0.000002259,,,
1786043652035441420,1786043652.034866694,/novatel/oem7/odom,/novatel/oem7/fix,/novatel/oem7/odom,39.663,-75.756,-1.800881393,0.001816235,0.000002259,0.000996416,-0.001518507,0.000002259,,,
1786043652047765943,1786043652.047269013,/novatel/oem7/inspva,/novatel/oem7/inspva,/novatel/oem7/inspva,39.663,-75.756,-1.800870401,0.000748608,-0.001377725,0.000075493,-0.000744792,-0.001377725,,novatel_oem7_msgs.msg.InertialSolutionStatus(status=3),
1786043652048693746,1786043652.047472162,/novatel/oem7/fix,/novatel/oem7/fix,/novatel/oem7/inspva,39.663,-75.756,-1.800870401,0.000748608,-0.001377725,0.000075493,-0.000744792,-0.001377725,,0,
1786043652049412655,1786043652.047953402,/novatel/oem7/odom,/novatel/oem7/fix,/novatel/oem7/odom,39.663,-75.756,-1.800870401,0.000744317,-0.001380048,-0.000735515,0.000114128,-0.001380048,,,
1786043652056858014,1786043652.056315148,/novatel/oem7/odom,/novatel/oem7/fix,/novatel/oem7/odom,39.663,-75.756,-1.800870401,0.000744317,-0.001380048,-0.000735515,0.000114128,-0.001380048,,,
1786043652066613836,1786043652.065599503,/novatel/oem7/inspva,/novatel/oem7/inspva,/novatel/oem7/inspva,39.663,-75.756,-1.800853648,0.000883376,-0.001971662,-0.000336829,-0.000816639,-0.001971662,,novatel_oem7_msgs.msg.InertialSolutionStatus(status=3),
1786043652068174217,1786043652.066002920,/novatel/oem7/fix,/novatel/oem7/fix,/novatel/oem7/inspva,39.663,-75.756,-1.800853648,0.000883376,-0.001971662,-0.000336829,-0.000816639,-0.001971662,,0,
1786043652069254816,1786043652.066674080,/novatel/oem7/odom,/novatel/oem7/fix,/novatel/oem7/odom,39.663,-75.756,-1.800853648,0.000875143,-0.001975330,-0.000824710,-0.000292794,-0.001975330,,,
1786043652076379756,1786043652.075758370,/novatel/oem7/odom,/novatel/oem7/fix,/novatel/oem7/odom,39.663,-75.756,-1.800853648,0.000875143,-0.001975330,-0.000824710,-0.000292794,-0.001975330,,,
1786043652086979246,1786043652.086584682,/novatel/oem7/inspva,/novatel/oem7/inspva,/novatel/oem7/inspva,39.663,-75.756,-1.800827309,0.002284946,-0.000786044,-0.002243711,0.000432131,-0.000786044,,novatel_oem7_msgs.msg.InertialSolutionStatus(status=3),
1786043652087910615,1786043652.086735777,/novatel/oem7/fix,/novatel/oem7/fix,/novatel/oem7/inspva,39.663,-75.756,-1.800827309,0.002284946,-0.000786044,-0.002243711,0.000432131,-0.000786044,,0,
1786043652088632135,1786043652.087171268,/novatel/oem7/odom,/novatel/oem7/fix,/novatel/oem7/odom,39.663,-75.756,-1.800827309,0.002283310,-0.000790782,0.000328514,-0.002259554,-0.000790782,,,
1786043652095325128,1786043652.094832549,/novatel/oem7/odom,/novatel/oem7/fix,/novatel/oem7/odom,39.663,-75.756,-1.800827309,0.002283310,-0.000790782,0.000328514,-0.002259554,-0.000790782,,,
1786043652106284590,1786043652.105717354,/novatel/oem7/inspva,/novatel/oem7/inspva,/novatel/oem7/inspva,39.663,-75.756,-1.800809293,0.002176988,-0.000530309,-0.002168288,0.000194427,-0.000530309,,novatel_oem7_msgs.msg.InertialSolutionStatus(status=3),
1786043652107351424,1786043652.105965439,/novatel/oem7/fix,/novatel/oem7/fix,/novatel/oem7/inspva,39.663,-75.756,-1.800809293,0.002176988,-0.000530309,-0.002168288,0.000194427,-0.000530309,,0,
1786043652108126614,1786043652.106455847,/novatel/oem7/odom,/novatel/oem7/fix,/novatel/oem7/odom,39.663,-75.756,-1.800809293,0.002175686,-0.000535624,0.000093771,-0.002173664,-0.000535624,,,
1786043652109545344,1786043652.108781867,/novatel/oem7/bestpos,/novatel/oem7/bestpos,/novatel/oem7/odom,39.663,-75.756,33.181722892,0.002175686,-0.000535624,0.000093771,-0.002173664,-0.000535624,,novatel_oem7_msgs.msg.SolutionStatus(status=0),novatel_oem7_msgs.msg.PositionOrVelocityType(type=53)
1786043652110549318,1786043652.109379690,/novatel/oem7/bestvel,/novatel/oem7/bestpos,/novatel/oem7/bestvel,39.663,-75.756,33.181722892,0.002191221,-0.000459170,,,,177.894080094,novatel_oem7_msgs.msg.SolutionStatus(status=0),novatel_oem7_msgs.msg.PositionOrVelocityType(type=53)
1786043652115154007,1786043652.114646308,/novatel/oem7/odom,/novatel/oem7/bestpos,/novatel/oem7/odom,39.663,-75.756,33.181722892,0.002175686,-0.000535624,0.000093771,-0.002173664,-0.000535624,,,
1786043652126104059,1786043652.125440478,/novatel/oem7/inspva,/novatel/oem7/inspva,/novatel/oem7/inspva,39.663,-75.756,-1.800805632,0.000797219,-0.000991982,0.000047987,-0.000795774,-0.000991982,,novatel_oem7_msgs.msg.InertialSolutionStatus(status=3),
1786043652127243206,1786043652.125716974,/novatel/oem7/fix,/novatel/oem7/fix,/novatel/oem7/inspva,39.663,-75.756,-1.800805632,0.000797219,-0.000991982,0.000047987,-0.000795774,-0.000991982,,0,
1786043652128044990,1786043652.126385907,/novatel/oem7/odom,/novatel/oem7/fix,/novatel/oem7/odom,39.663,-75.756,-1.800805632,0.000794018,-0.000994547,-0.000789120,0.000088056,-0.000994547,,,
1786043652136241643,1786043652.135642504,/novatel/oem7/odom,/novatel/oem7/fix,/novatel/oem7/odom,39.663,-75.756,-1.800805632,0.000794018,-0.000994547,-0.000789120,0.000088056,-0.000994547,,,
1786043652145580602,1786043652.145102684,/novatel/oem7/inspva,/novatel/oem7/inspva,/novatel/oem7/inspva,39.663,-75.756,-1.800793232,0.001145962,-0.001052599,-0.000477241,-0.001041858,-0.001052599,,novatel_oem7_msgs.msg.InertialSolutionStatus(status=3),
1786043652146522511,1786043652.145309006,/novatel/oem7/fix,/novatel/oem7/fix,/novatel/oem7/inspva,39.663,-75.756,-1.800793232,0.001145962,-0.001052599,-0.000477241,-0.001041858,-0.001052599,,0,
1786043652147239703,1786043652.145781084,/novatel/oem7/odom,/novatel/oem7/fix,/novatel/oem7/odom,39.663,-75.756,-1.800793232,0.001141486,-0.001057450,-0.001059494,-0.000424810,-0.001057450,,,
1786043652156264161,1786043652.155744416,/novatel/oem7/odom,/novatel/oem7/fix,/novatel/oem7/odom,39.663,-75.756,-1.800793232,0.001141486,-0.001057450,-0.001059494,-0.000424810,-0.001057450,,,
1786043652167803493,1786043652.166725220,/novatel/oem7/inspva,/novatel/oem7/inspva,/novatel/oem7/inspva,39.663,-75.756,-1.800781731,0.002359018,-0.001650995,-0.002188948,-0.000879473,-0.001650995,,novatel_oem7_msgs.msg.InertialSolutionStatus(status=3),
1786043652169338934,1786043652.167103320,/novatel/oem7/fix,/novatel/oem7/fix,/novatel/oem7/inspva,39.663,-75.756,-1.800781731,0.002359018,-0.001650995,-0.002188948,-0.000879473,-0.001650995,,0,
1786043652170458199,1786043652.167680954,/novatel/oem7/odom,/novatel/oem7/fix,/novatel/oem7/odom,39.663,-75.756,-1.800781731,0.002352694,-0.001659994,-0.000975948,-0.002140723,-0.001659994,,,
1786043652175734783,1786043652.175126883,/novatel/oem7/odom,/novatel/oem7/fix,/novatel/oem7/odom,39.663,-75.756,-1.800781731,0.002352694,-0.001659994,-0.000975948,-0.002140723,-0.001659994,,,
1786043652185629900,1786043652.185222446,/novatel/oem7/inspva,/novatel/oem7/inspva,/novatel/oem7/inspva,39.663,-75.756,-1.800754301,0.002164621,-0.000647606,-0.002152267,-0.000230933,-0.000647606,,novatel_oem7_msgs.msg.InertialSolutionStatus(status=3),
1786043652186540179,1786043652.185372647,/novatel/oem7/fix,/novatel/oem7/fix,/novatel/oem7/inspva,39.663,-75.756,-1.800754301,0.002164621,-0.000647606,-0.002152267,-0.000230933,-0.000647606,,0,
1786043652187247774,1786043652.185782721,/novatel/oem7/odom,/novatel/oem7/fix,/novatel/oem7/odom,39.663,-75.756,-1.800754301,0.002162601,-0.000654319,-0.000329918,-0.002137288,-0.000654319,,,
1786043652196152725,1786043652.195482849,/novatel/oem7/odom,/novatel/oem7/fix,/novatel/oem7/odom,39.663,-75.756,-1.800754301,0.002162601,-0.000654319,-0.000329918,-0.002137288,-0.000654319,,,
1786043652207189522,1786043652.206515401,/novatel/oem7/inspva,/novatel/oem7/inspva,/novatel/oem7/inspva,39.663,-75.756,-1.800740601,0.001605009,-0.000218306,-0.000980613,-0.001270610,-0.000218306,,novatel_oem7_msgs.msg.InertialSolutionStatus(status=3),
1786043652208263346,1786043652.206726051,/novatel/oem7/fix,/novatel/oem7/fix,/novatel/oem7/inspva,39.663,-75.756,-1.800740601,0.001605009,-0.000218306,-0.000980613,-0.001270610,-0.000218306,,0,
1786043652209110214,1786043652.207056571,/novatel/oem7/odom,/novatel/oem7/fix,/novatel/oem7/odom,39.663,-75.756,-1.800740601,0.001604032,-0.000225373,-0.001314661,-0.000919012,-0.000225373,,,
1786043652210852306,1786043652.210194327,/novatel/oem7/bestpos,/novatel/oem7/bestpos,/novatel/oem7/odom,39.663,-75.756,33.181775965,0.001604032,-0.000225373,-0.001314661,-0.000919012,-0.000225373,,novatel_oem7_msgs.msg.SolutionStatus(status=0),novatel_oem7_msgs.msg.PositionOrVelocityType(type=53)
1786043652211855876,1786043652.210598081,/novatel/oem7/bestvel,/novatel/oem7/bestpos,/novatel/oem7/bestvel,39.663,-75.756,33.181775965,0.000920502,-0.001203240,,,,151.143046331,novatel_oem7_msgs.msg.SolutionStatus(status=0),novatel_oem7_msgs.msg.PositionOrVelocityType(type=53)
1786043652215566654,1786043652.215033728,/novatel/oem7/odom,/novatel/oem7/bestpos,/novatel/oem7/odom,39.663,-75.756,33.181775965,0.001604032,-0.000225373,-0.001314661,-0.000919012,-0.000225373,,,
1786043652225771774,1786043652.225113252,/novatel/oem7/inspva,/novatel/oem7/inspva,/novatel/oem7/inspva,39.663,-75.756,-1.800729491,0.001352644,-0.000760157,-0.000879237,-0.001027904,-0.000760157,,novatel_oem7_msgs.msg.InertialSolutionStatus(status=3),
1786043652226833605,1786043652.225288035,/novatel/oem7/fix,/novatel/oem7/fix,/novatel/oem7/inspva,39.663,-75.756,-1.800729491,0.001352644,-0.000760157,-0.000879237,-0.001027904,-0.000760157,,0,
1786043652227653083,1786043652.225842225,/novatel/oem7/odom,/novatel/oem7/fix,/novatel/oem7/odom,39.663,-75.756,-1.800729491,0.001349300,-0.000766076,-0.001065544,-0.000827785,-0.000766076,,,
1786043652236290678,1786043652.235724238,/novatel/oem7/odom,/novatel/oem7/fix,/novatel/oem7/odom,39.663,-75.756,-1.800729491,0.001349300,-0.000766076,-0.001065544,-0.000827785,-0.000766076,,,
1786043652246021897,1786043652.245396557,/novatel/oem7/inspva,/novatel/oem7/inspva,/novatel/oem7/inspva,39.663,-75.756,-1.800725665,0.001980624,-0.001964470,-0.001395533,-0.001405475,-0.001964470,,novatel_oem7_msgs.msg.InertialSolutionStatus(status=3),
1786043652247060314,1786043652.245687296,/novatel/oem7/fix,/novatel/oem7/fix,/novatel/oem7/inspva,39.663,-75.756,-1.800725665,0.001980624,-0.001964470,-0.001395533,-0.001405475,-0.001964470,,0,
1786043652247804385,1786043652.246136840,/novatel/oem7/odom,/novatel/oem7/fix,/novatel/oem7/odom,39.663,-75.756,-1.800725665,0.001972093,-0.001973034,-0.001462829,-0.001322605,-0.001973034,,,
1786043652257263214,1786043652.256576410,/novatel/oem7/odom,/novatel/oem7/fix,/novatel/oem7/odom,39.663,-75.756,-1.800725665,0.001972093,-0.001973034,-0.001462829,-0.001322605,-0.001973034,,,
1786043652266309537,1786043652.265331922,/novatel/oem7/inspva,/novatel/oem7/inspva,/novatel/oem7/inspva,39.663,-75.756,-1.800698873,0.002409390,-0.001558884,-0.001811095,-0.001589054,-0.001558884,,novatel_oem7_msgs.msg.InertialSolutionStatus(status=3),
1786043652267909589,1786043652.265609476,/novatel/oem7/fix,/novatel/oem7/fix,/novatel/oem7/inspva,39.663,-75.756,-1.800698873,0.002409390,-0.001558884,-0.001811095,-0.001589054,-0.001558884,,0,
1786043652268900287,1786043652.266179827,/novatel/oem7/odom,/novatel/oem7/fix,/novatel/oem7/odom,39.663,-75.756,-1.800698873,0.002402660,-0.001569237,-0.001667212,-0.001730080,-0.001569237,,,
1786043652275242091,1786043652.274595540,/novatel/oem7/odom,/novatel/oem7/fix,/novatel/oem7/odom,39.663,-75.756,-1.800698873,0.002402660,-0.001569237,-0.001667212,-0.001730080,-0.001569237,,,
1786043652285948480,1786043652.285502000,/novatel/oem7/inspva,/novatel/oem7/inspva,/novatel/oem7/inspva,39.663,-75.756,-1.800664504,0.001613597,0.001016604,-0.001429011,-0.000749417,0.001016604,,novatel_oem7_msgs.msg.InertialSolutionStatus(status=3),
1786043652286950401,1786043652.285648399,/novatel/oem7/fix,/novatel/oem7/fix,/novatel/oem7/inspva,39.663,-75.756,-1.800664504,0.001613597,0.001016604,-0.001429011,-0.000749417,0.001016604,,0,
1786043652287727133,1786043652.286191618,/novatel/oem7/odom,/novatel/oem7/fix,/novatel/oem7/odom,39.663,-75.756,-1.800664504,0.001617705,0.001010056,-0.000819585,-0.001394722,0.001010056,,,
1786043652295680297,1786043652.295058601,/novatel/oem7/odom,/novatel/oem7/fix,/novatel/oem7/odom,39.663,-75.756,-1.800664504,0.001617705,0.001010056,-0.000819585,-0.001394722,0.001010056,,,
1786043652306507018,1786043652.305821875,/novatel/oem7/inspva,/novatel/oem7/inspva,/novatel/oem7/inspva,39.663,-75.756,-1.800659789,0.001460915,-0.000015046,-0.000791381,-0.001228003,-0.000015046,,novatel_oem7_msgs.msg.InertialSolutionStatus(status=3),
1786043652307648689,1786043652.306025807,/novatel/oem7/fix,/novatel/oem7/fix,/novatel/oem7/inspva,39.663,-75.756,-1.800659789,0.001460915,-0.000015046,-0.000791381,-0.001228003,-0.000015046,,0,
1786043652308484857,1786043652.306632355,/novatel/oem7/odom,/novatel/oem7/fix,/novatel/oem7/odom,39.663,-75.756,-1.800659789,0.001460836,-0.000021436,-0.001263891,-0.000732544,-0.000021436,,,
1786043652310079353,1786043652.309543943,/novatel/oem7/bestpos,/novatel/oem7/bestpos,/novatel/oem7/odom,39.663,-75.756,33.181857923,0.001460836,-0.000021436,-0.001263891,-0.000732544,-0.000021436,,novatel_oem7_msgs.msg.SolutionStatus(status=0),novatel_oem7_msgs.msg.PositionOrVelocityType(type=53)
1786043652311207914,1786043652.310213666,/novatel/oem7/bestvel,/novatel/oem7/bestpos,/novatel/oem7/bestvel,39.663,-75.756,33.181857923,0.000696559,-0.000822680,,,,163.356534827,novatel_oem7_msgs.msg.SolutionStatus(status=0),novatel_oem7_msgs.msg.PositionOrVelocityType(type=53)
1786043652315023973,1786043652.314542632,/novatel/oem7/odom,/novatel/oem7/bestpos,/novatel/oem7/odom,39.663,-75.756,33.181857923,0.001460836,-0.000021436,-0.001263891,-0.000732544,-0.000021436,,,
1786043652327220411,1786043652.326576799,/novatel/oem7/inspva,/novatel/oem7/inspva,/novatel/oem7/inspva,39.663,-75.756,-1.800665768,0.002059909,-0.002296761,-0.000574722,-0.001978110,-0.002296761,,novatel_oem7_msgs.msg.InertialSolutionStatus(status=3),
1786043652328351041,1786043652.326744239,/novatel/oem7/fix,/novatel/oem7/fix,/novatel/oem7/inspva,39.663,-75.756,-1.800665768,0.002059909,-0.002296761,-0.000574722,-0.001978110,-0.002296761,,0,
1786043652329134048,1786043652.327299538,/novatel/oem7/odom,/novatel/oem7/fix,/novatel/oem7/odom,39.663,-75.756,-1.800665768,0.002050690,-0.002304995,-0.001994952,-0.000474866,-0.002304995,,,
1786043652335470906,1786043652.334954413,/novatel/oem7/odom,/novatel/oem7/fix,/novatel/oem7/odom,39.663,-75.756,-1.800665768,0.002050690,-0.002304995,-0.001994952,-0.000474866,-0.002304995,,,
1786043652345516337,1786043652.345004014,/novatel/oem7/inspva,/novatel/oem7/inspva,/novatel/oem7/inspva,39.663,-75.756,-1.800639088,0.001769971,-0.001866090,-0.001265523,-0.001237435,-0.001866090,,novatel_oem7_msgs.msg.InertialSolutionStatus(status=3),
1786043652346367027,1786043652.345160567,/novatel/oem7/fix,/novatel/oem7/fix,/novatel/oem7/inspva,39.663,-75.756,-1.800639088,0.001769971,-0.001866090,-0.001265523,-0.001237435,-0.001866090,,0,
1786043652347045808,1786043652.345635441,/novatel/oem7/odom,/novatel/oem7/fix,/novatel/oem7/odom,39.663,-75.756,-1.800639088,0.001761850,-0.001873759,-0.001289141,-0.001200929,-0.001873759,,,
1786043652356641238,1786043652.355979453,/novatel/oem7/odom,/novatel/oem7/fix,/novatel/oem7/odom,39.663,-75.756,-1.800639088,0.001761850,-0.001873759,-0.001289141,-0.001200929,-0.001873759,,,
1786043652366149097,1786043652.365386078,/novatel/oem7/inspva,/novatel/oem7/inspva,/novatel/oem7/inspva,39.663,-75.756,-1.800597132,0.001900548,0.001017879,-0.001504869,-0.001160799,0.001017879,,novatel_oem7_msgs.msg.InertialSolutionStatus(status=3),
1786043652367591996,1786043652.365613294,/novatel/oem7/fix,/novatel/oem7/fix,/novatel/oem7/inspva,39.663,-75.756,-1.800597132,0.001900548,0.001017879,-0.001504869,-0.001160799,0.001017879,,0,
1786043652368608576,1786043652.366281741,/novatel/oem7/odom,/novatel/oem7/fix,/novatel/oem7/odom,39.663,-75.756,-1.800597132,0.001904886,0.001009738,-0.001234077,-0.001451084,0.001009738,,,
1786043652375889841,1786043652.375243142,/novatel/oem7/odom,/novatel/oem7/fix,/novatel/oem7/odom,39.663,-75.756,-1.800597132,0.001904886,0.001009738,-0.001234077,-0.001451084,0.001009738,,,
1786043652386119542,1786043652.385307012,/novatel/oem7/inspva,/novatel/oem7/inspva,/novatel/oem7/inspva,39.663,-75.756,-1.800584923,0.001343873,0.000545355,-0.001232154,-0.000536462,0.000545355,,novatel_oem7_msgs.msg.InertialSolutionStatus(status=3),
1786043652387491373,1786043652.385517546,/novatel/oem7/fix,/novatel/oem7/fix,/novatel/oem7/inspva,39.663,-75.756,-1.800584923,0.001343873,0.000545355,-0.001232154,-0.000536462,0.000545355,,0,
1786043652388376222,1786043652.386114856,/novatel/oem7/odom,/novatel/oem7/fix,/novatel/oem7/odom,39.663,-75.756,-1.800584923,0.001345986,0.000540120,-0.000595893,-0.001206893,0.000540120,,,
1786043652395189223,1786043652.394553438,/novatel/oem7/odom,/novatel/oem7/fix,/novatel/oem7/odom,39.663,-75.756,-1.800584923,0.001345986,0.000540120,-0.000595893,-0.001206893,0.000540120,,,
1786043652407208487,1786043652.406596354,/novatel/oem7/inspva,/novatel/oem7/inspva,/novatel/oem7/inspva,39.663,-75.756,-1.800584001,0.001930609,-0.001323930,-0.000026216,-0.001930431,-0.001323930,,novatel_oem7_msgs.msg.InertialSolutionStatus(status=3),
1786043652408163280,1786043652.406846859,/novatel/oem7/fix,/novatel/oem7/fix,/novatel/oem7/inspva,39.663,-75.756,-1.800584001,0.001930609,-0.001323930,-0.000026216,-0.001930431,-0.001323930,,0,
1786043652408892924,1786043652.407360814,/novatel/oem7/odom,/novatel/oem7/fix,/novatel/oem7/odom,39.663,-75.756,-1.800584001,0.001926010,-0.001330612,-0.001924800,0.000068260,-0.001330612,,,
1786043652411053281,1786043652.410236959,/novatel/oem7/bestpos,/novatel/oem7/bestpos,/novatel/oem7/odom,39.663,-75.756,33.181941075,0.001926010,-0.001330612,-0.001924800,0.000068260,-0.001330612,,novatel_oem7_msgs.msg.SolutionStatus(status=0),novatel_oem7_msgs.msg.PositionOrVelocityType(type=53)
1786043652412562078,1786043652.410746304,/novatel/oem7/bestvel,/novatel/oem7/bestpos,/novatel/oem7/bestvel,39.663,-75.756,33.181941075,0.001383420,-0.001392207,,,,250.260254186,novatel_oem7_msgs.msg.SolutionStatus(status=0),novatel_oem7_msgs.msg.PositionOrVelocityType(type=53)
1786043652415619674,1786043652.415216485,/novatel/oem7/odom,/novatel/oem7/bestpos,/novatel/oem7/odom,39.663,-75.756,33.181941075,0.001926010,-0.001330612,-0.001924800,0.000068260,-0.001330612,,,
1786043652425449205,1786043652.425094373,/novatel/oem7/inspva,/novatel/oem7/inspva,/novatel/oem7/inspva,39.663,-75.756,-1.800558479,0.001695509,-0.001514690,-0.000614304,-0.001580310,-0.001514690,,novatel_oem7_msgs.msg.InertialSolutionStatus(status=3),
1786043652426723152,1786043652.425239010,/novatel/oem7/fix,/novatel/oem7/fix,/novatel/oem7/inspva,39.663,-75.756,-1.800558479,0.001695509,-0.001514690,-0.000614304,-0.001580310,-0.001514690,,0,
1786043652427642774,1786043652.425655198,/novatel/oem7/odom,/novatel/oem7/fix,/novatel/oem7/odom,39.663,-75.756,-1.800558479,0.001689188,-0.001521735,-0.001602165,-0.000535188,-0.001521735,,,
1786043652435133391,1786043652.434660239,/novatel/oem7/odom,/novatel/oem7/fix,/novatel/oem7/odom,39.663,-75.756,-1.800558479,0.001689188,-0.001521735,-0.001602165,-0.000535188,-0.001521735,,,
1786043652446818141,1786043652.446409978,/novatel/oem7/inspva,/novatel/oem7/inspva,/novatel/oem7/inspva,39.663,-75.756,-1.800524977,0.002043251,0.000086457,-0.002038256,-0.000142779,0.000086457,,novatel_oem7_msgs.msg.InertialSolutionStatus(status=3),
1786043652447549545,1786043652.446623530,/novatel/oem7/fix,/novatel/oem7/fix,/novatel/oem7/inspva,39.663,-75.756,-1.800524977,0.002043251,0.000086457,-0.002038256,-0.000142779,0.000086457,,0,
1786043652448096958,1786043652.447095485,/novatel/oem7/odom,/novatel/oem7/fix,/novatel/oem7/odom,39.663,-75.756,-1.800524977,0.002043499,0.000080371,-0.000239013,-0.002029473,0.000080371,,,
1786043652457438396,1786043652.456599632,/novatel/oem7/odom,/novatel/oem7/fix,/novatel/oem7/odom,39.663,-75.756,-1.800524977,0.002043499,0.000080371,-0.000239013,-0.002029473,0.000080371,,,
1786043652465745938,1786043652.465108052,/novatel/oem7/inspva,/novatel/oem7/inspva,/novatel/oem7/inspva,39.663,-75.756,-1.800495052,0.001864219,0.000730188,-0.001821814,-0.000395355,0.000730188,,novatel_oem7_msgs.msg.InertialSolutionStatus(status=3),
1786043652467440303,1786043652.465370148,/novatel/oem7/fix,/novatel/oem7/fix,/novatel/oem7/inspva,39.663,-75.756,-1.800495052,0.001864219,0.000730188,-0.001821814,-0.000395355,0.000730188,,0,
1786043652468189301,1786043652.465703981,/novatel/oem7/odom,/novatel/oem7/fix,/novatel/oem7/odom,39.663,-75.756,-1.800495052,0.001866715,0.000723783,-0.000483393,-0.001803040,0.000723783,,,
1786043652475645175,1786043652.474729416,/novatel/oem7/odom,/novatel/oem7/fix,/novatel/oem7/odom,39.663,-75.756,-1.800495052,0.001866715,0.000723783,-0.000483393,-0.001803040,0.000723783,,,
1786043652486239958,1786043652.485497262,/novatel/oem7/inspva,/novatel/oem7/inspva,/novatel/oem7/inspva,39.663,-75.756,-1.800492871,0.001956687,-0.000928753,0.000422986,-0.001910421,-0.000928753,,novatel_oem7_msgs.msg.InertialSolutionStatus(status=3),
1786043652487364587,1786043652.485792712,/novatel/oem7/fix,/novatel/oem7/fix,/novatel/oem7/inspva,39.663,-75.756,-1.800492871,0.001956687,-0.000928753,0.000422986,-0.001910421,-0.000928753,,0,
1786043652488323257,1786043652.486613317,/novatel/oem7/odom,/novatel/oem7/fix,/novatel/oem7/odom,39.663,-75.756,-1.800492871,0.001954098,-0.000934189,-0.001885014,0.000514996,-0.000934189,,,
1786043652495377498,1786043652.494941245,/novatel/oem7/odom,/novatel/oem7/fix,/novatel/oem7/odom,39.663,-75.756,-1.800492871,0.001954098,-0.000934189,-0.001885014,0.000514996,-0.000934189,,,
1786043652506738361,1786043652.506065024,/novatel/oem7/inspva,/novatel/oem7/inspva,/novatel/oem7/inspva,39.663,-75.756,-1.800471598,0.002187573,-0.001176977,0.000071501,-0.002186404,-0.001176977,,novatel_oem7_msgs.msg.InertialSolutionStatus(status=3),
1786043652507849212,1786043652.506300643,/novatel/oem7/fix,/novatel/oem7/fix,/novatel/oem7/inspva,39.663,-75.756,-1.800471598,0.002187573,-0.001176977,0.000071501,-0.002186404,-0.001176977,,0,
1786043652508391298,1786043652.506907583,/novatel/oem7/odom,/novatel/oem7/fix,/novatel/oem7/odom,39.663,-75.756,-1.800471598,0.002183644,-0.001184250,-0.002176415,0.000177536,-0.001184250,,,
1786043652511970282,1786043652.511551432,/novatel/oem7/bestpos,/novatel/oem7/bestpos,/novatel/oem7/odom,39.663,-75.756,33.182047682,0.002183644,-0.001184250,-0.002176415,0.000177536,-0.001184250,,novatel_oem7_msgs.msg.SolutionStatus(status=0),novatel_oem7_msgs.msg.PositionOrVelocityType(type=53)
1786043652513030760,1786043652.512591088,/novatel/oem7/bestvel,/novatel/oem7/bestpos,/novatel/oem7/bestvel,39.663,-75.756,33.182047682,0.002399183,-0.000678189,,,,253.281892665,novatel_oem7_msgs.msg.SolutionStatus(status=0),novatel_oem7_msgs.msg.PositionOrVelocityType(type=53)
1786043652515207534,1786043652.514596885,/novatel/oem7/odom,/novatel/oem7/bestpos,/novatel/oem7/odom,39.663,-75.756,33.182047682,0.002183644,-0.001184250,-0.002176415,0.000177536,-0.001184250,,,
1786043652525894753,1786043652.525292150,/novatel/oem7/inspva,/novatel/oem7/inspva,/novatel/oem7/inspva,39.663,-75.756,-1.800447047,0.001614358,-0.000448565,-0.001472649,-0.000661406,-0.000448565,,novatel_oem7_msgs.msg.InertialSolutionStatus(status=3),
1786043652527290342,1786043652.525508952,/novatel/oem7/fix,/novatel/oem7/fix,/novatel/oem7/inspva,39.663,-75.756,-1.800447047,0.001614358,-0.000448565,-0.001472649,-0.000661406,-0.000448565,,0,
1786043652527871205,1786043652.526069791,/novatel/oem7/odom,/novatel/oem7/fix,/novatel/oem7/odom,39.663,-75.756,-1.800447047,0.001612595,-0.000454865,-0.000728478,-0.001438673,-0.000454865,,,
1786043652536005250,1786043652.535553484,/novatel/oem7/odom,/novatel/oem7/fix,/novatel/oem7/odom,39.663,-75.756,-1.800447047,0.001612595,-0.000454865,-0.000728478,-0.001438673,-0.000454865,,,
1786043652545555701,1786043652.545151125,/novatel/oem7/inspva,/novatel/oem7/inspva,/novatel/oem7/inspva,39.663,-75.756,-1.800427253,0.002069276,-0.000215737,-0.001856592,-0.000913767,-0.000215737,,novatel_oem7_msgs.msg.InertialSolutionStatus(status=3),
1786043652546923520,1786043652.545382368,/novatel/oem7/fix,/novatel/oem7/fix,/novatel/oem7/inspva,39.663,-75.756,-1.800427253,0.002069276,-0.000215737,-0.001856592,-0.000913767,-0.000215737,,0,
1786043652547673389,1786043652.546064134,/novatel/oem7/odom,/novatel/oem7/fix,/novatel/oem7/odom,39.663,-75.756,-1.800427253,0.002068400,-0.000223983,-0.000999469,-0.001810895,-0.000223983,,,
1786043652556769492,1786043652.555862407,/novatel/oem7/odom,/novatel/oem7/fix,/novatel/oem7/odom,39.663,-75.756,-1.800427253,0.002068400,-0.000223983,-0.000999469,-0.001810895,-0.000223983,,,
1786043652566111951,1786043652.565496682,/novatel/oem7/inspva,/novatel/oem7/inspva,/novatel/oem7/inspva,39.663,-75.756,-1.800417775,0.001113837,-0.000166328,0.000004933,-0.001113827,-0.000166328,,novatel_oem7_msgs.msg.InertialSolutionStatus(status=3),
1786043652567855798,1786043652.565750218,/novatel/oem7/fix,/novatel/oem7/fix,/novatel/oem7/inspva,39.663,-75.756,-1.800417775,0.001113837,-0.000166328,0.000004933,-0.001113827,-0.000166328,,0,
1786043652568639173,1786043652.566514445,/novatel/oem7/odom,/novatel/oem7/fix,/novatel/oem7/odom,39.663,-75.756,-1.800417775,0.001113261,-0.000170140,-0.001111757,0.000057852,-0.000170140,,,
1786043652575757149,1786043652.575061412,/novatel/oem7/odom,/novatel/oem7/fix,/novatel/oem7/odom,39.663,-75.756,-1.800417775,0.001113261,-0.000170140,-0.001111757,0.000057852,-0.000170140,,,
1786043652585710257,1786043652.584997859,/novatel/oem7/inspva,/novatel/oem7/inspva,/novatel/oem7/inspva,39.663,-75.756,-1.800406085,0.002180427,-0.000176876,-0.000428651,-0.002137878,-0.000176876,,novatel_oem7_msgs.msg.InertialSolutionStatus(status=3),
1786043652587352305,1786043652.585155618,/novatel/oem7/fix,/novatel/oem7/fix,/novatel/oem7/inspva,39.663,-75.756,-1.800406085,0.002180427,-0.000176876,-0.000428651,-0.002137878,-0.000176876,,0,
1786043652588049442,1786043652.585666603,/novatel/oem7/odom,/novatel/oem7/fix,/novatel/oem7/odom,39.663,-75.756,-1.800406085,0.002179721,-0.000185374,-0.002155061,-0.000326947,-0.000185374,,,
1786043652596166173,1786043652.595512607,/novatel/oem7/odom,/novatel/oem7/fix,/novatel/oem7/odom,39.663,-75.756,-1.800406085,0.002179721,-0.000185374,-0.002155061,-0.000326947,-0.000185374,,,
1786043652606747369,1786043652.606333466,/novatel/oem7/inspva,/novatel/oem7/inspva,/novatel/oem7/inspva,39.663,-75.756,-1.800399792,0.001945175,-0.001412293,-0.001677614,-0.000984539,-0.001412293,,novatel_oem7_msgs.msg.InertialSolutionStatus(status=3),
1786043652607741386,1786043652.606574549,/novatel/oem7/fix,/novatel/oem7/fix,/novatel/oem7/inspva,39.663,-75.756,-1.800399792,0.001945175,-0.001412293,-0.001677614,-0.000984539,-0.001412293,,0,
1786043652608240528,1786043652.607135124,/novatel/oem7/odom,/novatel/oem7/fix,/novatel/oem7/odom,39.663,-75.756,-1.800399792,0.001939399,-0.001420215,-0.001057534,-0.001625696,-0.001420215,,,
1786043652610735485,1786043652.610327232,/novatel/oem7/bestpos,/novatel/oem7/bestpos,/novatel/oem7/odom,39.663,-75.756,33.182130992,0.001939399,-0.001420215,-0.001057534,-0.001625696,-0.001420215,,novatel_oem7_msgs.msg.SolutionStatus(status=0),novatel_oem7_msgs.msg.PositionOrVelocityType(type=53)
1786043652612318358,1786043652.610920101,/novatel/oem7/bestvel,/novatel/oem7/bestpos,/novatel/oem7/bestvel,39.663,-75.756,33.182130992,0.003028000,-0.000551285,,,,226.305214308,novatel_oem7_msgs.msg.SolutionStatus(status=0),novatel_oem7_msgs.msg.PositionOrVelocityType(type=53)
1786043652615661126,1786043652.615225617,/novatel/oem7/odom,/novatel/oem7/bestpos,/novatel/oem7/odom,39.663,-75.756,33.182130992,0.001939399,-0.001420215,-0.001057534,-0.001625696,-0.001420215,,,
1786043652626716560,1786043652.626096344,/novatel/oem7/inspva,/novatel/oem7/inspva,/novatel/oem7/inspva,39.663,-75.756,-1.800366089,0.002444221,-0.000175879,-0.002011874,-0.001388013,-0.000175879,,novatel_oem7_msgs.msg.InertialSolutionStatus(status=3),
1786043652627784604,1786043652.626296126,/novatel/oem7/fix,/novatel/oem7/fix,/novatel/oem7/inspva,39.663,-75.756,-1.800366089,0.002444221,-0.000175879,-0.002011874,-0.001388013,-0.000175879,,0,
1786043652628308952,1786043652.627143164,/novatel/oem7/odom,/novatel/oem7/fix,/novatel/oem7/odom,39.663,-75.756,-1.800366089,0.002443463,-0.000186123,-0.001480621,-0.001943777,-0.000186123,,,
1786043652634893690,1786043652.634473560,/novatel/oem7/odom,/novatel/oem7/fix,/novatel/oem7/odom,39.663,-75.756,-1.800366089,0.002443463,-0.000186123,-0.001480621,-0.001943777,-0.000186123,,,
1786043652645693410,1786043652.645277142,/novatel/oem7/inspva,/novatel/oem7/inspva,/novatel/oem7/inspva,39.663,-75.756,-1.800334930,0.000786136,0.001369195,-0.000674388,-0.000403995,0.001369195,,novatel_oem7_msgs.msg.InertialSolutionStatus(status=3),
1786043652647152585,1786043652.645493672,/novatel/oem7/fix,/novatel/oem7/fix,/novatel/oem7/inspva,39.663,-75.756,-1.800334930,0.000786136,0.001369195,-0.000674388,-0.000403995,0.001369195,,0,
1786043652647790451,1786043652.646179455,/novatel/oem7/odom,/novatel/oem7/fix,/novatel/oem7/odom,39.663,-75.756,-1.800334930,0.000791791,0.001365932,-0.000440156,-0.000658177,0.001365932,,,
1786043652657380268,1786043652.656500960,/novatel/oem7/odom,/novatel/oem7/fix,/novatel/oem7/odom,39.663,-75.756,-1.800334930,0.000791791,0.001365932,-0.000440156,-0.000658177,0.001365932,,,
1786043652665701423,1786043652.665033010,/novatel/oem7/inspva,/novatel/oem7/inspva,/novatel/oem7/inspva,39.663,-75.756,-1.800317023,0.001773668,0.001096518,-0.000955612,-0.001494223,0.001096518,,novatel_oem7_msgs.msg.InertialSolutionStatus(status=3),
1786043652667578394,1786043652.665250546,/novatel/oem7/fix,/novatel/oem7/fix,/novatel/oem7/inspva,39.663,-75.756,-1.800317023,0.001773668,0.001096518,-0.000955612,-0.001494223,0.001096518,,0,
1786043652668267297,1786043652.665995710,/novatel/oem7/odom,/novatel/oem7/fix,/novatel/oem7/odom,39.663,-75.756,-1.800317023,0.001778459,0.001088730,-0.001541492,-0.000886971,0.001088730,,,
1786043652675192218,1786043652.674663065,/novatel/oem7/odom,/novatel/oem7/fix,/novatel/oem7/odom,39.663,-75.756,-1.800317023,0.001778459,0.001088730,-0.001541492,-0.000886971,0.001088730,,,
1786043652687950751,1786043652.686819344,/novatel/oem7/inspva,/novatel/oem7/inspva,/novatel/oem7/inspva,39.663,-75.756,-1.800319189,0.002491953,-0.001796980,-0.001227508,-0.002168652,-0.001796980,,novatel_oem7_msgs.msg.InertialSolutionStatus(status=3),
1786043652689107813,1786043652.687149134,/novatel/oem7/fix,/novatel/oem7/fix,/novatel/oem7/inspva,39.663,-75.756,-1.800319189,0.002491953,-0.001796980,-0.001227508,-0.002168652,-0.001796980,,0,
1786043652689765343,1786043652.688003566,/novatel/oem7/odom,/novatel/oem7/fix,/novatel/oem7/odom,39.663,-75.756,-1.800319189,0.002484229,-0.001807642,-0.002217760,-0.001119347,-0.001807642,,,
1786043652695934174,1786043652.695412139,/novatel/oem7/odom,/novatel/oem7/fix,/novatel/oem7/odom,39.663,-75.756,-1.800319189,0.002484229,-0.001807642,-0.002217760,-0.001119347,-0.001807642,,,
1786043652706320239,1786043652.705914778,/novatel/oem7/inspva,/novatel/oem7/inspva,/novatel/oem7/inspva,39.663,-75.756,-1.800278232,0.002149519,-0.000562370,-0.001806555,-0.001164814,-0.000562370,,novatel_oem7_msgs.msg.InertialSolutionStatus(status=3),
1786043652707067183,1786043652.706122560,/novatel/oem7/fix,/novatel/oem7/fix,/novatel/oem7/inspva,39.663,-75.756,-1.800278232,0.002149519,-0.000562370,-0.001806555,-0.001164814,-0.000562370,,0,
1786043652707651508,1786043652.706669290,/novatel/oem7/odom,/novatel/oem7/fix,/novatel/oem7/odom,39.663,-75.756,-1.800278232,0.002147173,-0.000571260,-0.001246653,-0.001748202,-0.000571260,,,
1786043652710014750,1786043652.709553611,/novatel/oem7/bestpos,/novatel/oem7/bestpos,/novatel/oem7/odom,39.663,-75.756,33.182247669,0.002147173,-0.000571260,-0.001246653,-0.001748202,-0.000571260,,novatel_oem7_msgs.msg.SolutionStatus(status=0),novatel_oem7_msgs.msg.PositionOrVelocityType(type=53)
1786043652711476920,1786043652.710203937,/novatel/oem7/bestvel,/novatel/oem7/bestpos,/novatel/oem7/bestvel,39.663,-75.756,33.182247669,0.002556282,-0.000250753,,,,212.793854461,novatel_oem7_msgs.msg.SolutionStatus(status=0),novatel_oem7_msgs.msg.PositionOrVelocityType(type=53)
1786043652716453982,1786043652.715744192,/novatel/oem7/odom,/novatel/oem7/bestpos,/novatel/oem7/odom,39.663,-75.756,33.182247669,0.002147173,-0.000571260,-0.001246653,-0.001748202,-0.000571260,,,
1786043652726020963,1786043652.725415567,/novatel/oem7/inspva,/novatel/oem7/inspva,/novatel/oem7/inspva,39.663,-75.756,-1.800236307,0.002048511,0.001974241,-0.001765526,-0.001038901,0.001974241,,novatel_oem7_msgs.msg.InertialSolutionStatus(status=3),
1786043652727401143,1786043652.725627256,/novatel/oem7/fix,/novatel/oem7/fix,/novatel/oem7/inspva,39.663,-75.756,-1.800236307,0.002048511,0.001974241,-0.001765526,-0.001038901,0.001974241,,0,
1786043652727953646,1786043652.726283932,/novatel/oem7/odom,/novatel/oem7/fix,/novatel/oem7/odom,39.663,-75.756,-1.800236307,0.002056636,0.001965776,-0.001128027,-0.001719682,0.001965776,,,
1786043652735801086,1786043652.735046925,/novatel/oem7/odom,/novatel/oem7/fix,/novatel/oem7/odom,39.663,-75.756,-1.800236307,0.002056636,0.001965776,-0.001128027,-0.001719682,0.001965776,,,
1786043652746075423,1786043652.745543835,/novatel/oem7/inspva,/novatel/oem7/inspva,/novatel/oem7/inspva,39.663,-75.756,-1.800227747,0.001782799,0.000541551,-0.001564364,-0.000855066,0.000541551,,novatel_oem7_msgs.msg.InertialSolutionStatus(status=3),
1786043652746874387,1786043652.745934422,/novatel/oem7/fix,/novatel/oem7/fix,/novatel/oem7/inspva,39.663,-75.756,-1.800227747,0.001782799,0.000541551,-0.001564364,-0.000855066,0.000541551,,0,
1786043652747471709,1786043652.746415606,/novatel/oem7/odom,/novatel/oem7/fix,/novatel/oem7/odom,39.663,-75.756,-1.800227747,0.001784987,0.000534295,-0.000929720,-0.001523745,0.000534295,,,
1786043652757341521,1786043652.756334101,/novatel/oem7/odom,/novatel/oem7/fix,/novatel/oem7/odom,39.663,-75.756,-1.800227747,0.001784987,0.000534295,-0.000929720,-0.001523745,0.000534295,,,
1786043652766136781,1786043652.765559168,/novatel/oem7/inspva,/novatel/oem7/inspva,/novatel/oem7/inspva,39.663,-75.756,-1.800229438,0.002303724,-0.001137329,-0.000416423,-0.002265775,-0.001137329,,novatel_oem7_msgs.msg.InertialSolutionStatus(status=3),
1786043652767318225,1786043652.766308522,/novatel/oem7/fix,/novatel/oem7/fix,/novatel/oem7/inspva,39.663,-75.756,-1.800229438,0.002303724,-0.001137329,-0.000416423,-0.002265775,-0.001137329,,0,
1786043652768347413,1786043652.767203584,/novatel/oem7/odom,/novatel/oem7/fix,/novatel/oem7/odom,39.663,-75.756,-1.800229438,0.002299320,-0.001146207,-0.002278829,-0.000306288,-0.001146207,,,
1786043652776070228,1786043652.775577187,/novatel/oem7/odom,/novatel/oem7/fix,/novatel/oem7/odom,39.663,-75.756,-1.800229438,0.002299320,-0.001146207,-0.002278829,-0.000306288,-0.001146207,,,
1786043652785893514,1786043652.785042880,/novatel/oem7/inspva,/novatel/oem7/inspva,/novatel/oem7/inspva,39.663,-75.756,-1.800203761,0.002745010,-0.000956264,-0.000856529,-0.002607957,-0.000956264,,novatel_oem7_msgs.msg.InertialSolutionStatus(status=3),
1786043652787436824,1786043652.785268548,/novatel/oem7/fix,/novatel/oem7/fix,/novatel/oem7/inspva,39.663,-75.756,-1.800203761,0.002745010,-0.000956264,-0.000856529,-0.002607957,-0.000956264,,0,
1786043652787989146,1786043652.785790967,/novatel/oem7/odom,/novatel/oem7/fix,/novatel/oem7/odom,39.663,-75.756,-1.800203761,0.002741073,-0.000967493,-0.002642001,-0.000730279,-0.000967493,,,
1786043652794923379,1786043652.794544746,/novatel/oem7/odom,/novatel/oem7/fix,/novatel/oem7/odom,39.663,-75.756,-1.800203761,0.002741073,-0.000967493,-0.002642001,-0.000730279,-0.000967493,,,
1786043652807443566,1786043652.806790497,/novatel/oem7/inspva,/novatel/oem7/inspva,/novatel/oem7/inspva,39.663,-75.756,-1.800172600,0.002968497,0.000779855,-0.002708680,-0.001214506,0.000779855,,novatel_oem7_msgs.msg.InertialSolutionStatus(status=3),
1786043652808936791,1786043652.806988148,/novatel/oem7/fix,/novatel/oem7/fix,/novatel/oem7/inspva,39.663,-75.756,-1.800172600,0.002968497,0.000779855,-0.002708680,-0.001214506,0.000779855,,0,
1786043652809892686,1786043652.807575931,/novatel/oem7/odom,/novatel/oem7/fix,/novatel/oem7/odom,39.663,-75.756,-1.800172600,0.002971509,0.000768299,-0.001343466,-0.002650465,0.000768299,,,
1786043652811017835,1786043652.810246494,/novatel/oem7/bestpos,/novatel/oem7/bestpos,/novatel/oem7/odom,39.663,-75.756,33.182341618,0.002971509,0.000768299,-0.001343466,-0.002650465,0.000768299,,novatel_oem7_msgs.msg.SolutionStatus(status=0),novatel_oem7_msgs.msg.PositionOrVelocityType(type=53)
1786043652812410430,1786043652.810722432,/novatel/oem7/bestvel,/novatel/oem7/bestpos,/novatel/oem7/bestvel,39.663,-75.756,33.182341618,0.003301996,0.000958179,,,,199.627010192,novatel_oem7_msgs.msg.SolutionStatus(status=0),novatel_oem7_msgs.msg.PositionOrVelocityType(type=53)
1786043652815708457,1786043652.815217006,/novatel/oem7/odom,/novatel/oem7/bestpos,/novatel/oem7/odom,39.663,-75.756,33.182341618,0.002971509,0.000768299,-0.001343466,-0.002650465,0.000768299,,,
1786043652825904425,1786043652.825290968,/novatel/oem7/inspva,/novatel/oem7/inspva,/novatel/oem7/inspva,39.663,-75.756,-1.800160121,0.002419506,0.000869587,-0.002151976,-0.001105896,0.000869587,,novatel_oem7_msgs.msg.InertialSolutionStatus(status=3),
1786043652827443738,1786043652.826008318,/novatel/oem7/fix,/novatel/oem7/fix,/novatel/oem7/inspva,39.663,-75.756,-1.800160121,0.002419506,0.000869587,-0.002151976,-0.001105896,0.000869587,,0,
1786043652828447320,1786043652.826905461,/novatel/oem7/odom,/novatel/oem7/fix,/novatel/oem7/odom,39.663,-75.756,-1.800160121,0.002422959,0.000859918,-0.001209073,-0.002099732,0.000859918,,,
1786043652836496539,1786043652.836015097,/novatel/oem7/odom,/novatel/oem7/fix,/novatel/oem7/odom,39.663,-75.756,-1.800160121,0.002422959,0.000859918,-0.001209073,-0.002099732,0.000859918,,,
1786043652846492810,1786043652.845598334,/novatel/oem7/inspva,/novatel/oem7/inspva,/novatel/oem7/inspva,39.663,-75.756,-1.800161334,0.002160859,-0.000542129,-0.000748809,-0.002026967,-0.000542129,,novatel_oem7_msgs.msg.InertialSolutionStatus(status=3),
1786043652848078172,1786043652.845975055,/novatel/oem7/fix,/novatel/oem7/fix,/novatel/oem7/inspva,39.663,-75.756,-1.800161334,0.002160859,-0.000542129,-0.000748809,-0.002026967,-0.000542129,,0,
1786043652848821978,1786043652.846616951,/novatel/oem7/odom,/novatel/oem7/fix,/novatel/oem7/odom,39.663,-75.756,-1.800161334,0.002158593,-0.000551084,-0.002058050,-0.000651115,-0.000551084,,,
1786043652857266936,1786043652.856351500,/novatel/oem7/odom,/novatel/oem7/fix,/novatel/oem7/odom,39.663,-75.756,-1.800161334,0.002158593,-0.000551084,-0.002058050,-0.000651115,-0.000551084,,,
1786043652867061006,1786043652.866234808,/novatel/oem7/inspva,/novatel/oem7/inspva,/novatel/oem7/inspva,39.663,-75.756,-1.800141145,0.002578017,-0.000922538,-0.000594347,-0.002508570,-0.000922538,,novatel_oem7_msgs.msg.InertialSolutionStatus(status=3),
1786043652868158063,1786043652.866494260,/novatel/oem7/fix,/novatel/oem7/fix,/novatel/oem7/inspva,39.663,-75.756,-1.800141145,0.002578017,-0.000922538,-0.000594347,-0.002508570,-0.000922538,,0,
1786043652868858245,1786043652.866761856,/novatel/oem7/odom,/novatel/oem7/fix,/novatel/oem7/odom,39.663,-75.756,-1.800141145,0.002574328,-0.000932784,-0.002530470,-0.000473163,-0.000932784,,,
1786043652875079617,1786043652.874697344,/novatel/oem7/odom,/novatel/oem7/fix,/novatel/oem7/odom,39.663,-75.756,-1.800141145,0.002574328,-0.000932784,-0.002530470,-0.000473163,-0.000932784,,,
1786043652886222084,1786043652.885365062,/novatel/oem7/inspva,/novatel/oem7/inspva,/novatel/oem7/inspva,39.663,-75.756,-1.800119089,0.003598718,-0.000120337,-0.002657106,-0.002427047,-0.000120337,,novatel_oem7_msgs.msg.InertialSolutionStatus(status=3),
1786043652887636339,1786043652.885635764,/novatel/oem7/fix,/novatel/oem7/fix,/novatel/oem7/inspva,39.663,-75.756,-1.800119089,0.003598718,-0.000120337,-0.002657106,-0.002427047,-0.000120337,,0,
1786043652888214705,1786043652.886542213,/novatel/oem7/odom,/novatel/oem7/fix,/novatel/oem7/odom,39.663,-75.756,-1.800119089,0.003598166,-0.000135835,-0.002549018,-0.002539549,-0.000135835,,,
1786043652896117071,1786043652.895717684,/novatel/oem7/odom,/novatel/oem7/fix,/novatel/oem7/odom,39.663,-75.756,-1.800119089,0.003598166,-0.000135835,-0.002549018,-0.002539549,-0.000135835,,,
1786043652906558716,1786043652.906144533,/novatel/oem7/inspva,/novatel/oem7/inspva,/novatel/oem7/inspva,39.663,-75.756,-1.800104610,0.002524505,0.000233788,-0.002478076,-0.000481936,0.000233788,,novatel_oem7_msgs.msg.InertialSolutionStatus(status=3),
1786043652907793089,1786043652.906312285,/novatel/oem7/fix,/novatel/oem7/fix,/novatel/oem7/inspva,39.663,-75.756,-1.800104610,0.002524505,0.000233788,-0.002478076,-0.000481936,0.000233788,,0,
1786043652908877227,1786043652.906681058,/novatel/oem7/odom,/novatel/oem7/fix,/novatel/oem7/odom,39.663,-75.756,-1.800104610,0.002525266,0.000225415,-0.000598938,-0.002453211,0.000225415,,,
1786043652910282807,1786043652.909350174,/novatel/oem7/bestpos,/novatel/oem7/bestpos,/novatel/oem7/odom,39.663,-75.756,33.182421336,0.002525266,0.000225415,-0.000598938,-0.002453211,0.000225415,,novatel_oem7_msgs.msg.SolutionStatus(status=0),novatel_oem7_msgs.msg.PositionOrVelocityType(type=53)
1786043652910945344,1786043652.909912423,/novatel/oem7/bestvel,/novatel/oem7/bestpos,/novatel/oem7/bestvel,39.663,-75.756,33.182421336,0.002710574,0.000646197,,,,217.552453408,novatel_oem7_msgs.msg.SolutionStatus(status=0),novatel_oem7_msgs.msg.PositionOrVelocityType(type=53)
1786043652915322823,1786043652.914587039,/novatel/oem7/odom,/novatel/oem7/bestpos,/novatel/oem7/odom,39.663,-75.756,33.182421336,0.002525266,0.000225415,-0.000598938,-0.002453211,0.000225415,,,
1786043652927494243,1786043652.926639971,/novatel/oem7/inspva,/novatel/oem7/inspva,/novatel/oem7/inspva,39.663,-75.756,-1.800098822,0.002011703,0.000299690,-0.001370491,-0.001472651,0.000299690,,novatel_oem7_msgs.msg.InertialSolutionStatus(status=3),
1786043652929248210,1786043652.926912757,/novatel/oem7/fix,/novatel/oem7/fix,/novatel/oem7/inspva,39.663,-75.756,-1.800098822,0.002011703,0.000299690,-0.001370491,-0.001472651,0.000299690,,0,
1786043652930635533,1786043652.927605197,/novatel/oem7/odom,/novatel/oem7/fix,/novatel/oem7/odom,39.663,-75.756,-1.800098822,0.002012998,0.000290866,-0.001536637,-0.001300348,0.000290866,,,
1786043652936186321,1786043652.935172140,/novatel/oem7/odom,/novatel/oem7/fix,/novatel/oem7/odom,39.663,-75.756,-1.800098822,0.002012998,0.000290866,-0.001536637,-0.001300348,0.000290866,,,
1786043652945814783,1786043652.944969401,/novatel/oem7/inspva,/novatel/oem7/inspva,/novatel/oem7/inspva,39.663,-75.756,-1.800094354,0.001840172,-0.000901566,-0.000410197,-0.001793870,-0.000901566,,novatel_oem7_msgs.msg.InertialSolutionStatus(status=3),
1786043652947569030,1786043652.945183913,/novatel/oem7/fix,/novatel/oem7/fix,/novatel/oem7/inspva,39.663,-75.756,-1.800094354,0.001840172,-0.000901566,-0.000410197,-0.001793870,-0.000901566,,0,
1786043652948715151,1786043652.945675048,/novatel/oem7/odom,/novatel/oem7/fix,/novatel/oem7/odom,39.663,-75.756,-1.800094354,0.001836625,-0.000908770,-0.001808006,-0.000322966,-0.000908770,,,
1786043652957691996,1786043652.956532098,/novatel/oem7/odom,/novatel/oem7/fix,/novatel/oem7/odom,39.663,-75.756,-1.800094354,0.001836625,-0.000908770,-0.001808006,-0.000322966,-0.000908770,,,
1786043652966194930,1786043652.965430566,/novatel/oem7/inspva,/novatel/oem7/inspva,/novatel/oem7/inspva,39.663,-75.756,-1.800095720,0.002911312,-0.001626146,-0.002488436,-0.001511100,-0.001626146,,novatel_oem7_msgs.msg.InertialSolutionStatus(status=3),
1786043652967942517,1786043652.965693771,/novatel/oem7/fix,/novatel/oem7/fix,/novatel/oem7/inspva,39.663,-75.756,-1.800095720,0.002911312,-0.001626146,-0.002488436,-0.001511100,-0.001626146,,0,
1786043652969287250,1786043652.966160826,/novatel/oem7/odom,/novatel/oem7/fix,/novatel/oem7/odom,39.663,-75.756,-1.800095720,0.002904699,-0.001637929,-0.001620882,-0.002410398,-0.001637929,,,
1786043652975768240,1786043652.975083123,/novatel/oem7/odom,/novatel/oem7/fix,/novatel/oem7/odom,39.663,-75.756,-1.800095720,0.002904699,-0.001637929,-0.001620882,-0.002410398,-0.001637929,,,
1786043652988031801,1786043652.987008688,/novatel/oem7/inspva,/novatel/oem7/inspva,/novatel/oem7/inspva,39.663,-75.756,-1.800077119,0.002619060,-0.000819380,-0.002455133,-0.000912029,-0.000819380,,novatel_oem7_msgs.msg.InertialSolutionStatus(status=3),
1786043652990165545,1786043652.987292900,/novatel/oem7/fix,/novatel/oem7/fix,/novatel/oem7/inspva,39.663,-75.756,-1.800077119,0.002619060,-0.000819380,-0.002455133,-0.000912029,-0.000819380,,0,
1786043652992078977,1786043652.987842713,/novatel/oem7/odom,/novatel/oem7/fix,/novatel/oem7/odom,39.663,-75.756,-1.800077119,0.002616004,-0.000829083,-0.001023764,-0.002407361,-0.000829083,,,
1786043652995617409,1786043652.994798870,/novatel/oem7/odom,/novatel/oem7/fix,/novatel/oem7/odom,39.663,-75.756,-1.800077119,0.002616004,-0.000829083,-0.001023764,-0.002407361,-0.000829083,,,
1786043653010642383,1786043653.009979880,/novatel/oem7/inspva,/novatel/oem7/inspva,/novatel/oem7/inspva,39.663,-75.756,-1.800059051,0.002012987,0.001375353,-0.001291383,-0.001544165,0.001375353,,novatel_oem7_msgs.msg.InertialSolutionStatus(status=3),
1786043653012075234,1786043653.010184135,/novatel/oem7/fix,/novatel/oem7/fix,/novatel/oem7/inspva,39.663,-75.756,-1.800059051,0.002012987,0.001375353,-0.001291383,-0.001544165,0.001375353,,0,
1786043653013217768,1786043653.011324423,/novatel/oem7/odom,/novatel/oem7/fix,/novatel/oem7/odom,39.663,-75.756,-1.800059051,0.002019000,0.001366512,-0.001608175,-0.001220709,0.001366512,,,
1786043653018012755,1786043653.016874794,/novatel/oem7/odom,/novatel/oem7/fix,/novatel/oem7/odom,39.663,-75.756,-1.800059051,0.002019000,0.001366512,-0.001608175,-0.001220709,0.001366512,,,
1786043653027040460,1786043653.026539923,/novatel/oem7/bestpos,/novatel/oem7/bestpos,/novatel/oem7/odom,39.663,-75.756,33.182448538,0.002019000,0.001366512,-0.001608175,-0.001220709,0.001366512,,novatel_oem7_msgs.msg.SolutionStatus(status=0),novatel_oem7_msgs.msg.PositionOrVelocityType(type=53)
1786043653028452745,1786043653.027024451,/novatel/oem7/bestvel,/novatel/oem7/bestpos,/novatel/oem7/bestvel,39.663,-75.756,33.182448538,0.000949027,0.000212057,,,,162.825212459,novatel_oem7_msgs.msg.SolutionStatus(status=0),novatel_oem7_msgs.msg.PositionOrVelocityType(type=53)
1786043653029409084,1786043653.027536316,/novatel/oem7/inspva,/novatel/oem7/inspva,/novatel/oem7/inspva,39.663,-75.756,-1.800056852,0.001881749,0.000177302,-0.000502121,-0.001813520,0.000177302,,novatel_oem7_msgs.msg.InertialSolutionStatus(status=3),
1786043653030374764,1786043653.027726708,/novatel/oem7/fix,/novatel/oem7/fix,/novatel/oem7/inspva,39.663,-75.756,-1.800056852,0.001881749,0.000177302,-0.000502121,-0.001813520,0.000177302,,0,
1786043653031998053,1786043653.028177479,/novatel/oem7/odom,/novatel/oem7/fix,/novatel/oem7/odom,39.663,-75.756,-1.800056852,0.001882447,0.000169734,-0.001835768,-0.000416605,0.000169734,,,
1786043653035462764,1786043653.034718976,/novatel/oem7/odom,/novatel/oem7/fix,/novatel/oem7/odom,39.663,-75.756,-1.800056852,0.001882447,0.000169734,-0.001835768,-0.000416605,0.000169734,,,
1786043653047591653,1786043653.046785958,/novatel/oem7/inspva,/novatel/oem7/inspva,/novatel/oem7/inspva,39.663,-75.756,-1.800056995,0.002666661,-0.001614913,-0.001934876,-0.001835031,-0.001614913,,novatel_oem7_msgs.msg.InertialSolutionStatus(status=3),
1786043653049554232,1786043653.046987934,/novatel/oem7/fix,/novatel/oem7/fix,/novatel/oem7/inspva,39.663,-75.756,-1.800056995,0.002666661,-0.001614913,-0.001934876,-0.001835031,-0.001614913,,0,
1786043653050797571,1786043653.047258101,/novatel/oem7/odom,/novatel/oem7/fix,/novatel/oem7/odom,39.663,-75.756,-1.800056995,0.002659722,-0.001626317,-0.001918409,-0.001842234,-0.001626317,,,
1786043653057677332,1786043653.056644199,/novatel/oem7/odom,/novatel/oem7/fix,/novatel/oem7/odom,39.663,-75.756,-1.800056995,0.002659722,-0.001626317,-0.001918409,-0.001842234,-0.001626317,,,
1786043653065972773,1786043653.065236356,/novatel/oem7/inspva,/novatel/oem7/inspva,/novatel/oem7/inspva,39.663,-75.756,-1.800049294,0.002272875,-0.000995433,-0.002052859,-0.000975569,-0.000995433,,novatel_oem7_msgs.msg.InertialSolutionStatus(status=3),
1786043653067832762,1786043653.065557786,/novatel/oem7/fix,/novatel/oem7/fix,/novatel/oem7/inspva,39.663,-75.756,-1.800049294,0.002272875,-0.000995433,-0.002052859,-0.000975569,-0.000995433,,0,
1786043653069350590,1786043653.065863747,/novatel/oem7/odom,/novatel/oem7/fix,/novatel/oem7/odom,39.663,-75.756,-1.800049294,0.002268974,-0.001004293,-0.001067622,-0.002002106,-0.001004293,,,
1786043653076534860,1786043653.075733952,/novatel/oem7/odom,/novatel/oem7/fix,/novatel/oem7/odom,39.663,-75.756,-1.800049294,0.002268974,-0.001004293,-0.001067622,-0.002002106,-0.001004293,,,
1786043653086106328,1786043653.085554823,/novatel/oem7/inspva,/novatel/oem7/inspva,/novatel/oem7/inspva,39.663,-75.756,-1.800034003,0.002146470,0.001033699,-0.001574743,-0.001458601,0.001033699,,novatel_oem7_msgs.msg.InertialSolutionStatus(status=3),
1786043653086966013,1786043653.085798361,/novatel/oem7/fix,/novatel/oem7/fix,/novatel/oem7/inspva,39.663,-75.756,-1.800034003,0.002146470,0.001033699,-0.001574743,-0.001458601,0.001033699,,0,
1786043653087575155,1786043653.086618339,/novatel/oem7/odom,/novatel/oem7/fix,/novatel/oem7/odom,39.663,-75.756,-1.800034003,0.002150926,0.001024394,-0.001534805,-0.001506936,0.001024394,,,
1786043653095392219,1786043653.095049191,/novatel/oem7/odom,/novatel/oem7/fix,/novatel/oem7/odom,39.663,-75.756,-1.800034003,0.002150926,0.001024394,-0.001534805,-0.001506936,0.001024394,,,
1786043653106382591,1786043653.105893063,/novatel/oem7/inspva,/novatel/oem7/inspva,/novatel/oem7/inspva,39.663,-75.756,-1.800044667,0.002030985,0.000642099,-0.001065892,-0.001728807,0.000642099,,novatel_oem7_msgs.msg.InertialSolutionStatus(status=3),
1786043653107162243,1786043653.106108855,/novatel/oem7/fix,/novatel/oem7/fix,/novatel/oem7/inspva,39.663,-75.756,-1.800044667,0.002030985,0.000642099,-0.001065892,-0.001728807,0.000642099,,0,
1786043653107718151,1786043653.106659466,/novatel/oem7/odom,/novatel/oem7/fix,/novatel/oem7/odom,39.663,-75.756,-1.800044667,0.002033753,0.000633276,-0.001779348,-0.000984923,0.000633276,,,
1786043653109805075,1786043653.109413737,/novatel/oem7/bestpos,/novatel/oem7/bestpos,/novatel/oem7/odom,39.663,-75.756,33.182458235,0.002033753,0.000633276,-0.001779348,-0.000984923,0.000633276,,novatel_oem7_msgs.msg.SolutionStatus(status=0),novatel_oem7_msgs.msg.PositionOrVelocityType(type=53)
1786043653110501269,1786043653.110033063,/novatel/oem7/bestvel,/novatel/oem7/bestpos,/novatel/oem7/bestvel,39.663,-75.756,33.182458235,0.001223887,0.000005319,,,,244.915583260,novatel_oem7_msgs.msg.SolutionStatus(status=0),novatel_oem7_msgs.msg.PositionOrVelocityType(type=53)
1786043653115584513,1786043653.115020596,/novatel/oem7/odom,/novatel/oem7/bestpos,/novatel/oem7/odom,39.663,-75.756,33.182458235,0.002033753,0.000633276,-0.001779348,-0.000984923,0.000633276,,,
1786043653126089157,1786043653.125379377,/novatel/oem7/inspva,/novatel/oem7/inspva,/novatel/oem7/inspva,39.663,-75.756,-1.800065998,0.002333499,-0.002164708,-0.000705091,-0.002224424,-0.002164708,,novatel_oem7_msgs.msg.InertialSolutionStatus(status=3),
1786043653128003846,1786043653.125596372,/novatel/oem7/fix,/novatel/oem7/fix,/novatel/oem7/inspva,39.663,-75.756,-1.800065998,0.002333499,-0.002164708,-0.000705091,-0.002224424,-0.002164708,,0,
1786043653129343853,1786043653.126266513,/novatel/oem7/odom,/novatel/oem7/fix,/novatel/oem7/odom,39.663,-75.756,-1.800065998,0.002324688,-0.002174167,-0.002247491,-0.000594103,-0.002174167,,,
1786043653136624775,1786043653.135850812,/novatel/oem7/odom,/novatel/oem7/fix,/novatel/oem7/odom,39.663,-75.756,-1.800065998,0.002324688,-0.002174167,-0.002247491,-0.000594103,-0.002174167,,,
1786043653146102574,1786043653.145217722,/novatel/oem7/inspva,/novatel/oem7/inspva,/novatel/oem7/inspva,39.663,-75.756,-1.800065846,0.002455373,-0.001420724,-0.001117849,-0.002186154,-0.001420724,,novatel_oem7_msgs.msg.InertialSolutionStatus(status=3),
1786043653147580911,1786043653.145458028,/novatel/oem7/fix,/novatel/oem7/fix,/novatel/oem7/inspva,39.663,-75.756,-1.800065846,0.002455373,-0.001420724,-0.001117849,-0.002186154,-0.001420724,,0,
1786043653148175846,1786043653.145904629,/novatel/oem7/odom,/novatel/oem7/fix,/novatel/oem7/odom,39.663,-75.756,-1.800065846,0.002449315,-0.001431142,-0.002231332,-0.001010100,-0.001431142,,,
1786043653155647920,1786043653.155307562,/novatel/oem7/odom,/novatel/oem7/fix,/novatel/oem7/odom,39.663,-75.756,-1.800065846,0.002449315,-0.001431142,-0.002231332,-0.001010100,-0.001431142,,,
1786043653168074180,1786043653.167246216,/novatel/oem7/inspva,/novatel/oem7/inspva,/novatel/oem7/inspva,39.663,-75.756,-1.800058047,0.002046532,0.000450639,-0.002017924,-0.000340992,0.000450639,,novatel_oem7_msgs.msg.InertialSolutionStatus(status=3),
1786043653169703096,1786043653.167481074,/novatel/oem7/fix,/novatel/oem7/fix,/novatel/oem7/inspva,39.663,-75.756,-1.800058047,0.002046532,0.000450639,-0.002017924,-0.000340992,0.000450639,,0,
1786043653170846437,1786043653.167944196,/novatel/oem7/odom,/novatel/oem7/fix,/novatel/oem7/odom,39.663,-75.756,-1.800058047,0.002047984,0.000443995,-0.000437199,-0.002000774,0.000443995,,,
1786043653175728905,1786043653.175044567,/novatel/oem7/odom,/novatel/oem7/fix,/novatel/oem7/odom,39.663,-75.756,-1.800058047,0.002047984,0.000443995,-0.000437199,-0.002000774,0.000443995,,,
1786043653186690870,1786043653.185306583,/novatel/oem7/inspva,/novatel/oem7/inspva,/novatel/oem7/inspva,39.663,-75.756,-1.800062198,0.002290521,0.000945400,-0.001550551,-0.001685906,0.000945400,,novatel_oem7_msgs.msg.InertialSolutionStatus(status=3),
1786043653188402517,1786043653.185627789,/novatel/oem7/fix,/novatel/oem7/fix,/novatel/oem7/inspva,39.663,-75.756,-1.800062198,0.002290521,0.000945400,-0.001550551,-0.001685906,0.000945400,,0,
1786043653189537185,1786043653.186557729,/novatel/oem7/odom,/novatel/oem7/fix,/novatel/oem7/odom,39.663,-75.756,-1.800062198,0.002294630,0.000935382,-0.001760385,-0.001471860,0.000935382,,,
1786043653196631198,1786043653.195693392,/novatel/oem7/odom,/novatel/oem7/fix,/novatel/oem7/odom,39.663,-75.756,-1.800062198,0.002294630,0.000935382,-0.001760385,-0.001471860,0.000935382,,,
1786043653207275095,1786043653.206496051,/novatel/oem7/inspva,/novatel/oem7/inspva,/novatel/oem7/inspva,39.663,-75.756,-1.800085715,0.003005573,-0.001696162,-0.000256767,-0.002994585,-0.001696162,,novatel_oem7_msgs.msg.InertialSolutionStatus(status=3),
1786043653209016559,1786043653.206769394,/novatel/oem7/fix,/novatel/oem7/fix,/novatel/oem7/inspva,39.663,-75.756,-1.800085715,0.003005573,-0.001696162,-0.000256767,-0.002994585,-0.001696162,,0,
1786043653210369150,1786043653.207059891,/novatel/oem7/odom,/novatel/oem7/fix,/novatel/oem7/odom,39.663,-75.756,-1.800085715,0.002999427,-0.001707007,-0.002997364,-0.000111223,-0.001707007,,,
1786043653212083920,1786043653.210514647,/novatel/oem7/bestpos,/novatel/oem7/bestpos,/novatel/oem7/odom,39.663,-75.756,33.182437835,0.002999427,-0.001707007,-0.002997364,-0.000111223,-0.001707007,,novatel_oem7_msgs.msg.SolutionStatus(status=0),novatel_oem7_msgs.msg.PositionOrVelocityType(type=53)
1786043653213066012,1786043653.211027699,/novatel/oem7/bestvel,/novatel/oem7/bestpos,/novatel/oem7/bestvel,39.663,-75.756,33.182437835,0.003612868,-0.001109619,,,,257.232499407,novatel_oem7_msgs.msg.SolutionStatus(status=0),novatel_oem7_msgs.msg.PositionOrVelocityType(type=53)
1786043653216595561,1786043653.215173840,/novatel/oem7/odom,/novatel/oem7/bestpos,/novatel/oem7/odom,39.663,-75.756,33.182437835,0.002999427,-0.001707007,-0.002997364,-0.000111223,-0.001707007,,,
1786043653226566199,1786043653.226021326,/novatel/oem7/inspva,/novatel/oem7/inspva,/novatel/oem7/inspva,39.663,-75.756,-1.800086785,0.002349286,-0.001543298,-0.000862826,-0.002185103,-0.001543298,,novatel_oem7_msgs.msg.InertialSolutionStatus(status=3),
1786043653227639013,1786043653.226245012,/novatel/oem7/fix,/novatel/oem7/fix,/novatel/oem7/inspva,39.663,-75.756,-1.800086785,0.002349286,-0.001543298,-0.000862826,-0.002185103,-0.001543298,,0,
1786043653228461964,1786043653.226496884,/novatel/oem7/odom,/novatel/oem7/fix,/novatel/oem7/odom,39.663,-75.756,-1.800086785,0.002342868,-0.001553023,-0.002217852,-0.000755094,-0.001553023,,,
1786043653235793769,1786043653.234944961,/novatel/oem7/odom,/novatel/oem7/fix,/novatel/oem7/odom,39.663,-75.756,-1.800086785,0.002342868,-0.001553023,-0.002217852,-0.000755094,-0.001553023,,,
1786043653245896950,1786043653.245387474,/novatel/oem7/inspva,/novatel/oem7/inspva,/novatel/oem7/inspva,39.663,-75.756,-1.800072135,0.002246081,0.000535004,-0.002014508,-0.000993295,0.000535004,,novatel_oem7_msgs.msg.InertialSolutionStatus(status=3),
1786043653246739248,1786043653.245631872,/novatel/oem7/fix,/novatel/oem7/fix,/novatel/oem7/inspva,39.663,-75.756,-1.800072135,0.002246081,0.000535004,-0.002014508,-0.000993295,0.000535004,,0,
1786043653247451345,1786043653.246152997,/novatel/oem7/odom,/novatel/oem7/fix,/novatel/oem7/odom,39.663,-75.756,-1.800072135,0.002248168,0.000526164,-0.001088921,-0.001966853,0.000526164,,,
1786043653256810883,1786043653.256457422,/novatel/oem7/odom,/novatel/oem7/fix,/novatel/oem7/odom,39.663,-75.756,-1.800072135,0.002248168,0.000526164,-0.001088921,-0.001966853,0.000526164,,,
1786043653266112314,1786043653.265212722,/novatel/oem7/inspva,/novatel/oem7/inspva,/novatel/oem7/inspva,39.663,-75.756,-1.800080530,0.001878310,0.000590732,-0.001606414,-0.000973388,0.000590732,,novatel_oem7_msgs.msg.InertialSolutionStatus(status=3),
1786043653267843606,1786043653.265489648,/novatel/oem7/fix,/novatel/oem7/fix,/novatel/oem7/inspva,39.663,-75.756,-1.800080530,0.001878310,0.000590732,-0.001606414,-0.000973388,0.000590732,,0,
1786043653269027332,1786043653.266048164,/novatel/oem7/odom,/novatel/oem7/fix,/novatel/oem7/odom,39.663,-75.756,-1.800080530,0.001880709,0.000583049,-0.001050024,-0.001560294,0.000583049,,,
1786043653275000604,1786043653.274502700,/novatel/oem7/odom,/novatel/oem7/fix,/novatel/oem7/odom,39.663,-75.756,-1.800080530,0.001880709,0.000583049,-0.001050024,-0.001560294,0.000583049,,,
1786043653287172878,1786043653.286642705,/novatel/oem7/inspva,/novatel/oem7/inspva,/novatel/oem7/inspva,39.663,-75.756,-1.800096028,0.002389509,-0.000509866,0.000213507,-0.002379952,-0.000509866,,novatel_oem7_msgs.msg.InertialSolutionStatus(status=3),
1786043653288453278,1786043653.286910568,/novatel/oem7/fix,/novatel/oem7/fix,/novatel/oem7/inspva,39.663,-75.756,-1.800096028,0.002389509,-0.000509866,0.000213507,-0.002379952,-0.000509866,,0,
1786043653289300124,1786043653.287573456,/novatel/oem7/odom,/novatel/oem7/fix,/novatel/oem7/odom,39.663,-75.756,-1.800096028,0.002387884,-0.000517426,-0.002365446,0.000326579,-0.000517426,,,
1786043653296189394,1786043653.295550703,/novatel/oem7/odom,/novatel/oem7/fix,/novatel/oem7/odom,39.663,-75.756,-1.800096028,0.002387884,-0.000517426,-0.002365446,0.000326579,-0.000517426,,,
1786043653310142894,1786043653.305784130,/novatel/oem7/inspva,/novatel/oem7/inspva,/novatel/oem7/inspva,39.663,-75.756,-1.800104268,0.001908647,-0.001027645,-0.000378996,-0.001870641,-0.001027645,,novatel_oem7_msgs.msg.InertialSolutionStatus(status=3),
1786043653320800886,1786043653.309023835,/novatel/oem7/bestpos,/novatel/oem7/bestpos,/novatel/oem7/inspva,39.663,-75.756,33.182423268,0.001908647,-0.001027645,-0.000378996,-0.001870641,-0.001027645,,novatel_oem7_msgs.msg.SolutionStatus(status=0),novatel_oem7_msgs.msg.PositionOrVelocityType(type=53)
1786043653323795334,1786043653.309649208,/novatel/oem7/bestvel,/novatel/oem7/bestpos,/novatel/oem7/bestvel,39.663,-75.756,33.182423268,0.001744311,-0.000938760,,,,241.460620243,novatel_oem7_msgs.msg.SolutionStatus(status=0),novatel_oem7_msgs.msg.PositionOrVelocityType(type=53)
1786043653324212617,1786043653.306064463,/novatel/oem7/fix,/novatel/oem7/fix,/novatel/oem7/bestvel,39.663,-75.756,-1.800104268,0.001744311,-0.000938760,,,,241.460620243,0,
1786043653325070924,1786043653.306491711,/novatel/oem7/odom,/novatel/oem7/fix,/novatel/oem7/odom,39.663,-75.756,-1.800104268,0.001904646,-0.001035041,-0.001882756,-0.000287935,-0.001035041,,,
1786043653326581032,1786043653.315692705,/novatel/oem7/odom,/novatel/oem7/fix,/novatel/oem7/odom,39.663,-75.756,-1.800104268,0.001904646,-0.001035041,-0.001882756,-0.000287935,-0.001035041,,,
1786043653327388468,1786043653.325925998,/novatel/oem7/inspva,/novatel/oem7/inspva,/novatel/oem7/inspva,39.663,-75.756,-1.800090071,0.002310275,0.000119314,-0.002144876,-0.000858415,0.000119314,,novatel_oem7_msgs.msg.InertialSolutionStatus(status=3),
1786043653327940643,1786043653.326096333,/novatel/oem7/fix,/novatel/oem7/fix,/novatel/oem7/inspva,39.663,-75.756,-1.800090071,0.002310275,0.000119314,-0.002144876,-0.000858415,0.000119314,,0,
1786043653328664597,1786043653.326590098,/novatel/oem7/odom,/novatel/oem7/fix,/novatel/oem7/odom,39.663,-75.756,-1.800090071,0.002310707,0.000110629,-0.000958849,-0.002102374,0.000110629,,,
1786043653335849862,1786043653.335122422,/novatel/oem7/odom,/novatel/oem7/fix,/novatel/oem7/odom,39.663,-75.756,-1.800090071,0.002310707,0.000110629,-0.000958849,-0.002102374,0.000110629,,,
1786043653347122059,1786043653.346381776,/novatel/oem7/inspva,/novatel/oem7/inspva,/novatel/oem7/inspva,39.663,-75.756,-1.800096688,0.002134737,0.000299749,-0.001865919,-0.001037037,0.000299749,,novatel_oem7_msgs.msg.InertialSolutionStatus(status=3),
1786043653348662095,1786043653.346633762,/novatel/oem7/fix,/novatel/oem7/fix,/novatel/oem7/inspva,39.663,-75.756,-1.800096688,0.002134737,0.000299749,-0.001865919,-0.001037037,0.000299749,,0,
1786043653349715036,1786043653.347183500,/novatel/oem7/odom,/novatel/oem7/fix,/novatel/oem7/odom,39.663,-75.756,-1.800096688,0.002135924,0.000291166,-0.001124765,-0.001815785,0.000291166,,,
1786043653356711168,1786043653.356087518,/novatel/oem7/odom,/novatel/oem7/fix,/novatel/oem7/odom,39.663,-75.756,-1.800096688,0.002135924,0.000291166,-0.001124765,-0.001815785,0.000291166,,,
1786043653365935354,1786043653.365455517,/novatel/oem7/inspva,/novatel/oem7/inspva,/novatel/oem7/inspva,39.663,-75.756,-1.800106904,0.001363381,-0.000082030,0.000383030,-0.001308471,-0.000082030,,novatel_oem7_msgs.msg.InertialSolutionStatus(status=3),
1786043653367130553,1786043653.365643359,/novatel/oem7/fix,/novatel/oem7/fix,/novatel/oem7/inspva,39.663,-75.756,-1.800106904,0.001363381,-0.000082030,0.000383030,-0.001308471,-0.000082030,,0,
1786043653367987869,1786043653.366279525,/novatel/oem7/odom,/novatel/oem7/fix,/novatel/oem7/odom,39.663,-75.756,-1.800106904,0.001363170,-0.000085460,-0.001288695,0.000444408,-0.000085460,,,
1786043653376287076,1786043653.375282903,/novatel/oem7/odom,/novatel/oem7/fix,/novatel/oem7/odom,39.663,-75.756,-1.800106904,0.001363170,-0.000085460,-0.001288695,0.000444408,-0.000085460,,,
1786043653386105270,1786043653.385510861,/novatel/oem7/inspva,/novatel/oem7/inspva,/novatel/oem7/inspva,39.663,-75.756,-1.800108724,0.001958078,0.000213376,0.000008696,-0.001958058,0.000213376,,novatel_oem7_msgs.msg.InertialSolutionStatus(status=3),
1786043653387223641,1786043653.385679952,/novatel/oem7/fix,/novatel/oem7/fix,/novatel/oem7/inspva,39.663,-75.756,-1.800108724,0.001958078,0.000213376,0.000008696,-0.001958058,0.000213376,,0,
1786043653388072200,1786043653.386155730,/novatel/oem7/odom,/novatel/oem7/fix,/novatel/oem7/odom,39.663,-75.756,-1.800108724,0.001958798,0.000206657,-0.001956226,0.000100352,0.000206657,,,
1786043653395134864,1786043653.394568203,/novatel/oem7/odom,/novatel/oem7/fix,/novatel/oem7/odom,39.663,-75.756,-1.800108724,0.001958798,0.000206657,-0.001956226,0.000100352,0.000206657,,,
1786043653407457413,1786043653.406596824,/novatel/oem7/inspva,/novatel/oem7/inspva,/novatel/oem7/inspva,39.663,-75.756,-1.800107158,0.002087285,-0.001021948,-0.001501913,-0.001449488,-0.001021948,,novatel_oem7_msgs.msg.InertialSolutionStatus(status=3),
1786043653409197650,1786043653.406805203,/novatel/oem7/fix,/novatel/oem7/fix,/novatel/oem7/inspva,39.663,-75.756,-1.800107158,0.002087285,-0.001021948,-0.001501913,-0.001449488,-0.001021948,,0,
1786043653410234828,1786043653.407571561,/novatel/oem7/odom,/novatel/oem7/fix,/novatel/oem7/odom,39.663,-75.756,-1.800107158,0.002082892,-0.001030872,-0.001514959,-0.001429454,-0.001030872,,,
1786043653411983417,1786043653.410179923,/novatel/oem7/bestpos,/novatel/oem7/bestpos,/novatel/oem7/odom,39.663,-75.756,33.182430727,0.002082892,-0.001030872,-0.001514959,-0.001429454,-0.001030872,,novatel_oem7_msgs.msg.SolutionStatus(status=0),novatel_oem7_msgs.msg.PositionOrVelocityType(type=53)
1786043653412886311,1786043653.410693135,/novatel/oem7/bestvel,/novatel/oem7/bestpos,/novatel/oem7/bestvel,39.663,-75.756,33.182430727,0.003493693,0.000063612,,,,217.687038616,novatel_oem7_msgs.msg.SolutionStatus(status=0),novatel_oem7_msgs.msg.PositionOrVelocityType(type=53)
1786043653416035953,1786043653.415586790,/novatel/oem7/odom,/novatel/oem7/bestpos,/novatel/oem7/odom,39.663,-75.756,33.182430727,0.002082892,-0.001030872,-0.001514959,-0.001429454,-0.001030872,,,
1786043653425779656,1786043653.425109006,/novatel/oem7/inspva,/novatel/oem7/inspva,/novatel/oem7/inspva,39.663,-75.756,-1.800104500,0.001750382,-0.000191750,-0.001416667,-0.001028054,-0.000191750,,novatel_oem7_msgs.msg.InertialSolutionStatus(status=3),
1786043653427480230,1786043653.425383099,/novatel/oem7/fix,/novatel/oem7/fix,/novatel/oem7/inspva,39.663,-75.756,-1.800104500,0.001750382,-0.000191750,-0.001416667,-0.001028054,-0.000191750,,0,
1786043653428111846,1786043653.425935401,/novatel/oem7/odom,/novatel/oem7/fix,/novatel/oem7/odom,39.663,-75.756,-1.800104500,0.001749572,-0.000199007,-0.001092914,-0.001366215,-0.000199007,,,
1786043653435154549,1786043653.434560749,/novatel/oem7/odom,/novatel/oem7/fix,/novatel/oem7/odom,39.663,-75.756,-1.800104500,0.001749572,-0.000199007,-0.001092914,-0.001366215,-0.000199007,,,
1786043653447519097,1786043653.446615284,/novatel/oem7/inspva,/novatel/oem7/inspva,/novatel/oem7/inspva,39.663,-75.756,-1.800109209,0.000853558,0.000340865,-0.000218490,-0.000825120,0.000340865,,novatel_oem7_msgs.msg.InertialSolutionStatus(status=3),
1786043653448927134,1786043653.446920741,/novatel/oem7/fix,/novatel/oem7/fix,/novatel/oem7/inspva,39.663,-75.756,-1.800109209,0.000853558,0.000340865,-0.000218490,-0.000825120,0.000340865,,0,
1786043653449768650,1786043653.447356362,/novatel/oem7/odom,/novatel/oem7/fix,/novatel/oem7/odom,39.663,-75.756,-1.800109209,0.000854917,0.000337442,-0.000835698,-0.000180254,0.000337442,,,
1786043653456985262,1786043653.456580603,/novatel/oem7/odom,/novatel/oem7/fix,/novatel/oem7/odom,39.663,-75.756,-1.800109209,0.000854917,0.000337442,-0.000835698,-0.000180254,0.000337442,,,
1786043653465363043,1786043653.465007258,/novatel/oem7/inspva,/novatel/oem7/inspva,/novatel/oem7/inspva,39.663,-75.756,-1.800112139,0.001462869,0.000489773,-0.000144619,-0.001455703,0.000489773,,novatel_oem7_msgs.msg.InertialSolutionStatus(status=3),
1786043653466266001,1786043653.465223900,/novatel/oem7/fix,/novatel/oem7/fix,/novatel/oem7/inspva,39.663,-75.756,-1.800112139,0.001462869,0.000489773,-0.000144619,-0.001455703,0.000489773,,0,
1786043653466834501,1786043653.465636978,/novatel/oem7/odom,/novatel/oem7/fix,/novatel/oem7/odom,39.663,-75.756,-1.800112139,0.001464661,0.000484389,-0.001462627,-0.000077154,0.000484389,,,
1786043653475725376,1786043653.474973083,/novatel/oem7/odom,/novatel/oem7/fix,/novatel/oem7/odom,39.663,-75.756,-1.800112139,0.001464661,0.000484389,-0.001462627,-0.000077154,0.000484389,,,
1786043653485702971,1786043653.485150756,/novatel/oem7/inspva,/novatel/oem7/inspva,/novatel/oem7/inspva,39.663,-75.756,-1.800115729,0.001740875,-0.001038940,-0.000334993,-0.001708340,-0.001038940,,novatel_oem7_msgs.msg.InertialSolutionStatus(status=3),
1786043653486391780,1786043653.485350732,/novatel/oem7/fix,/novatel/oem7/fix,/novatel/oem7/inspva,39.663,-75.756,-1.800115729,0.001740875,-0.001038940,-0.000334993,-0.001708340,-0.001038940,,0,
1786043653486885172,1786043653.485918901,/novatel/oem7/odom,/novatel/oem7/fix,/novatel/oem7/odom,39.663,-75.756,-1.800115729,0.001736858,-0.001045643,-0.001718530,-0.000251651,-0.001045643,,,
1786043653495532913,1786043653.494874426,/novatel/oem7/odom,/novatel/oem7/fix,/novatel/oem7/odom,39.663,-75.756,-1.800115729,0.001736858,-0.001045643,-0.001718530,-0.000251651,-0.001045643,,,
1786043653506775404,1786043653.506036458,/novatel/oem7/inspva,/novatel/oem7/inspva,/novatel/oem7/inspva,39.663,-75.756,-1.800117695,0.001816781,-0.001462258,-0.001096411,-0.001448646,-0.001462258,,novatel_oem7_msgs.msg.InertialSolutionStatus(status=3),
1786043653507818242,1786043653.506277314,/novatel/oem7/fix,/novatel/oem7/fix,/novatel/oem7/inspva,39.663,-75.756,-1.800117695,0.001816781,-0.001462258,-0.001096411,-0.001448646,-0.001462258,,0,
1786043653508418085,1786043653.507085229,/novatel/oem7/odom,/novatel/oem7/fix,/novatel/oem7/odom,39.663,-75.756,-1.800117695,0.001810477,-0.001470056,-0.001493493,-0.001023380,-0.001470056,,,
1786043653512094151,1786043653.511547228,/novatel/oem7/bestpos,/novatel/oem7/bestpos,/novatel/oem7/odom,39.663,-75.756,33.182434366,0.001810477,-0.001470056,-0.001493493,-0.001023380,-0.001470056,,novatel_oem7_msgs.msg.SolutionStatus(status=0),novatel_oem7_msgs.msg.PositionOrVelocityType(type=53)
1786043653513070863,1786043653.512191897,/novatel/oem7/bestvel,/novatel/oem7/bestpos,/novatel/oem7/bestvel,39.663,-75.756,33.182434366,0.003748915,-0.000133365,,,,242.841285473,novatel_oem7_msgs.msg.SolutionStatus(status=0),novatel_oem7_msgs.msg.PositionOrVelocityType(type=53)
1786043653515045599,1786043653.514492125,/novatel/oem7/odom,/novatel/oem7/bestpos,/novatel/oem7/odom,39.663,-75.756,33.182434366,0.001810477,-0.001470056,-0.001493493,-0.001023380,-0.001470056,,,
1786043653525699915,1786043653.525191160,/novatel/oem7/inspva,/novatel/oem7/inspva,/novatel/oem7/inspva,39.663,-75.756,-1.800103785,0.001119460,0.001431797,-0.001020767,-0.000459591,0.001431797,,novatel_oem7_msgs.msg.InertialSolutionStatus(status=3),
1786043653526580307,1786043653.525343843,/novatel/oem7/fix,/novatel/oem7/fix,/novatel/oem7/inspva,39.663,-75.756,-1.800103785,0.001119460,0.001431797,-0.001020767,-0.000459591,0.001431797,,0,
1786043653527322665,1786043653.525971958,/novatel/oem7/odom,/novatel/oem7/fix,/novatel/oem7/odom,39.663,-75.756,-1.800103785,0.001124985,0.001427460,-0.000512183,-0.001001629,0.001427460,,,
1786043653535842975,1786043653.535090877,/novatel/oem7/odom,/novatel/oem7/fix,/novatel/oem7/odom,39.663,-75.756,-1.800103785,0.001124985,0.001427460,-0.000512183,-0.001001629,0.001427460,,,
1786043653545729983,1786043653.545019515,/novatel/oem7/inspva,/novatel/oem7/inspva,/novatel/oem7/inspva,39.663,-75.756,-1.800112557,0.001211031,0.001414390,-0.000179594,-0.001197641,0.001414390,,novatel_oem7_msgs.msg.InertialSolutionStatus(status=3),
1786043653547005192,1786043653.545333682,/novatel/oem7/fix,/novatel/oem7/fix,/novatel/oem7/inspva,39.663,-75.756,-1.800112557,0.001211031,0.001414390,-0.000179594,-0.001197641,0.001414390,,0,
1786043653548046748,1786043653.546135749,/novatel/oem7/odom,/novatel/oem7/fix,/novatel/oem7/odom,39.663,-75.756,-1.800112557,0.001216388,0.001409786,-0.001209783,-0.000126584,0.001409786,,,
1786043653556367701,1786043653.555797673,/novatel/oem7/odom,/novatel/oem7/fix,/novatel/oem7/odom,39.663,-75.756,-1.800112557,0.001216388,0.001409786,-0.001209783,-0.000126584,0.001409786,,,
1786043653567068665,1786043653.566522713,/novatel/oem7/inspva,/novatel/oem7/inspva,/novatel/oem7/inspva,39.663,-75.756,-1.800124775,0.002450059,-0.001339562,0.000436672,-0.002410831,-0.001339562,,novatel_oem7_msgs.msg.InertialSolutionStatus(status=3),
1786043653568035676,1786043653.566713835,/novatel/oem7/fix,/novatel/oem7/fix,/novatel/oem7/inspva,39.663,-75.756,-1.800124775,0.002450059,-0.001339562,0.000436672,-0.002410831,-0.001339562,,0,
1786043653568649523,1786043653.567158972,/novatel/oem7/odom,/novatel/oem7/fix,/novatel/oem7/odom,39.663,-75.756,-1.800124775,0.002446192,-0.001346611,-0.002382880,0.000552934,-0.001346611,,,
1786043653575634387,1786043653.574915672,/novatel/oem7/odom,/novatel/oem7/fix,/novatel/oem7/odom,39.663,-75.756,-1.800124775,0.002446192,-0.001346611,-0.002382880,0.000552934,-0.001346611,,,
1786043653585682432,1786043653.585212284,/novatel/oem7/inspva,/novatel/oem7/inspva,/novatel/oem7/inspva,39.663,-75.756,-1.800129590,0.001437183,-0.001906562,-0.000423319,-0.001373425,-0.001906562,,novatel_oem7_msgs.msg.InertialSolutionStatus(status=3),
1786043653586533192,1786043653.585514627,/novatel/oem7/fix,/novatel/oem7/fix,/novatel/oem7/inspva,39.663,-75.756,-1.800129590,0.001437183,-0.001906562,-0.000423319,-0.001373425,-0.001906562,,0,
1786043653587205987,1786043653.586160119,/novatel/oem7/odom,/novatel/oem7/fix,/novatel/oem7/odom,39.663,-75.756,-1.800129590,0.001429502,-0.001912328,-0.001385104,-0.000353501,-0.001912328,,,
1786043653595886907,1786043653.595536605,/novatel/oem7/odom,/novatel/oem7/fix,/novatel/oem7/odom,39.663,-75.756,-1.800129590,0.001429502,-0.001912328,-0.001385104,-0.000353501,-0.001912328,,,
1786043653607687430,1786043653.606888422,/novatel/oem7/inspva,/novatel/oem7/inspva,/novatel/oem7/inspva,39.663,-75.756,-1.800112996,0.001142354,0.001189674,-0.001126242,0.000191183,0.001189674,,novatel_oem7_msgs.msg.InertialSolutionStatus(status=3),
1786043653608836793,1786043653.607120996,/novatel/oem7/fix,/novatel/oem7/fix,/novatel/oem7/inspva,39.663,-75.756,-1.800112996,0.001142354,0.001189674,-0.001126242,0.000191183,0.001189674,,0,
1786043653609652505,1786043653.607688108,/novatel/oem7/odom,/novatel/oem7/fix,/novatel/oem7/odom,39.663,-75.756,-1.800112996,0.001144854,0.001187269,0.000133790,-0.001137009,0.001187269,,,
1786043653610828727,1786043653.610425748,/novatel/oem7/bestpos,/novatel/oem7/bestpos,/novatel/oem7/odom,39.663,-75.756,33.182406644,0.001144854,0.001187269,0.000133790,-0.001137009,0.001187269,,novatel_oem7_msgs.msg.SolutionStatus(status=0),novatel_oem7_msgs.msg.PositionOrVelocityType(type=53)
1786043653611643735,1786043653.610867497,/novatel/oem7/bestvel,/novatel/oem7/bestpos,/novatel/oem7/bestvel,39.663,-75.756,33.182406644,0.000305025,0.000545599,,,,334.040773747,novatel_oem7_msgs.msg.SolutionStatus(status=0),novatel_oem7_msgs.msg.PositionOrVelocityType(type=53)
1786043653615579432,1786043653.615191696,/novatel/oem7/odom,/novatel/oem7/bestpos,/novatel/oem7/odom,39.663,-75.756,33.182406644,0.001144854,0.001187269,0.000133790,-0.001137009,0.001187269,,,
1786043653625845534,1786043653.625389972,/novatel/oem7/inspva,/novatel/oem7/inspva,/novatel/oem7/inspva,39.663,-75.756,-1.800121821,0.001117528,0.001461957,-0.000410958,-0.001039222,0.001461957,,novatel_oem7_msgs.msg.InertialSolutionStatus(status=3),
1786043653627314319,1786043653.625511143,/novatel/oem7/fix,/novatel/oem7/fix,/novatel/oem7/inspva,39.663,-75.756,-1.800121821,0.001117528,0.001461957,-0.000410958,-0.001039222,0.001461957,,0,
1786043653628040746,1786043653.626111347,/novatel/oem7/odom,/novatel/oem7/fix,/novatel/oem7/odom,39.663,-75.756,-1.800121821,0.001123640,0.001457265,-0.001062609,-0.000365279,0.001457265,,,
1786043653634890898,1786043653.634544767,/novatel/oem7/odom,/novatel/oem7/fix,/novatel/oem7/odom,39.663,-75.756,-1.800121821,0.001123640,0.001457265,-0.001062609,-0.000365279,0.001457265,,,
1786043653646224574,1786043653.645485174,/novatel/oem7/inspva,/novatel/oem7/inspva,/novatel/oem7/inspva,39.663,-75.756,-1.800140486,0.002629755,-0.001240881,0.000997544,-0.002433211,-0.001240881,,novatel_oem7_msgs.msg.InertialSolutionStatus(status=3),
1786043653647839757,1786043653.645652486,/novatel/oem7/fix,/novatel/oem7/fix,/novatel/oem7/inspva,39.663,-75.756,-1.800140486,0.002629755,-0.001240881,0.000997544,-0.002433211,-0.001240881,,0,
1786043653648607570,1786043653.646403319,/novatel/oem7/odom,/novatel/oem7/fix,/novatel/oem7/odom,39.663,-75.756,-1.800140486,0.002627057,-0.001246581,-0.002379180,0.001113973,-0.001246581,,,
1786043653656953325,1786043653.656517339,/novatel/oem7/odom,/novatel/oem7/fix,/novatel/oem7/odom,39.663,-75.756,-1.800140486,0.002627057,-0.001246581,-0.002379180,0.001113973,-0.001246581,,,
1786043653665381679,1786043653.664980760,/novatel/oem7/inspva,/novatel/oem7/inspva,/novatel/oem7/inspva,39.663,-75.756,-1.800140741,0.001515622,-0.001237398,-0.000004247,-0.001515616,-0.001237398,,novatel_oem7_msgs.msg.InertialSolutionStatus(status=3),
1786043653666114599,1786043653.665079325,/novatel/oem7/fix,/novatel/oem7/fix,/novatel/oem7/inspva,39.663,-75.756,-1.800140741,0.001515622,-0.001237398,-0.000004247,-0.001515616,-0.001237398,,0,
1786043653666633768,1786043653.665521773,/novatel/oem7/odom,/novatel/oem7/fix,/novatel/oem7/odom,39.663,-75.756,-1.800140741,0.001511404,-0.001242547,-0.001509777,0.000070112,-0.001242547,,,
1786043653674964647,1786043653.674477214,/novatel/oem7/odom,/novatel/oem7/fix,/novatel/oem7/odom,39.663,-75.756,-1.800140741,0.001511404,-0.001242547,-0.001509777,0.000070112,-0.001242547,,,
1786043653687198068,1786043653.686695207,/novatel/oem7/inspva,/novatel/oem7/inspva,/novatel/oem7/inspva,39.663,-75.756,-1.800133454,0.002194449,0.000236807,-0.001891270,0.001112971,0.000236807,,novatel_oem7_msgs.msg.InertialSolutionStatus(status=3),
1786043653687803229,1786043653.686900263,/novatel/oem7/fix,/novatel/oem7/fix,/novatel/oem7/inspva,39.663,-75.756,-1.800133454,0.002194449,0.000236807,-0.001891270,0.001112971,0.000236807,,0,
1786043653688252989,1786043653.687395318,/novatel/oem7/odom,/novatel/oem7/fix,/novatel/oem7/odom,39.663,-75.756,-1.800133454,0.002194586,0.000235537,0.001021952,-0.001942118,0.000235537,,,
1786043653695197136,1786043653.694861944,/novatel/oem7/odom,/novatel/oem7/fix,/novatel/oem7/odom,39.663,-75.756,-1.800133454,0.002194586,0.000235537,0.001021952,-0.001942118,0.000235537,,,
1786043653707138301,1786043653.705842135,/novatel/oem7/inspva,/novatel/oem7/inspva,/novatel/oem7/inspva,39.663,-75.756,-1.800130825,0.001466381,0.001378914,-0.001316878,-0.000645063,0.001378914,,novatel_oem7_msgs.msg.InertialSolutionStatus(status=3),
1786043653708328795,1786043653.706180016,/novatel/oem7/fix,/novatel/oem7/fix,/novatel/oem7/inspva,39.663,-75.756,-1.800130825,0.001466381,0.001378914,-0.001316878,-0.000645063,0.001378914,,0,
1786043653709073842,1786043653.706728998,/novatel/oem7/odom,/novatel/oem7/fix,/novatel/oem7/odom,39.663,-75.756,-1.800130825,0.002194586,0.000235535,0.001021954,-0.001942117,0.000235535,,,
1786043653710215436,1786043653.709584599,/novatel/oem7/bestpos,/novatel/oem7/bestpos,/novatel/oem7/odom,39.663,-75.756,33.182407034,0.002194586,0.000235535,0.001021954,-0.001942117,0.000235535,,novatel_oem7_msgs.msg.SolutionStatus(status=0),novatel_oem7_msgs.msg.PositionOrVelocityType(type=53)
1786043653711042628,1786043653.710415147,/novatel/oem7/bestvel,/novatel/oem7/bestpos,/novatel/oem7/bestvel,39.663,-75.756,33.182407034,0.001477437,0.001424536,,,,226.817508481,novatel_oem7_msgs.msg.SolutionStatus(status=0),novatel_oem7_msgs.msg.PositionOrVelocityType(type=53)
1786043653715972414,1786043653.715508054,/novatel/oem7/odom,/novatel/oem7/bestpos,/novatel/oem7/odom,39.663,-75.756,33.182407034,0.001471746,0.001373186,-0.000711136,-0.001288535,0.001373186,,,
1786043653725631957,1786043653.725251323,/novatel/oem7/inspva,/novatel/oem7/inspva,/novatel/oem7/inspva,39.663,-75.756,-1.800148590,0.002646449,-0.000743513,0.000831408,-0.002512459,-0.000743513,,novatel_oem7_msgs.msg.InertialSolutionStatus(status=3),
1786043653726400789,1786043653.725506259,/novatel/oem7/fix,/novatel/oem7/fix,/novatel/oem7/inspva,39.663,-75.756,-1.800148590,0.002646449,-0.000743513,0.000831408,-0.002512459,-0.000743513,,0,
1786043653727290600,1786043653.726123112,/novatel/oem7/odom,/novatel/oem7/fix,/novatel/oem7/odom,39.663,-75.756,-1.800148590,0.002644648,-0.000749892,-0.002467938,0.000950498,-0.000749892,,,
1786043653735942688,1786043653.735064550,/novatel/oem7/odom,/novatel/oem7/fix,/novatel/oem7/odom,39.663,-75.756,-1.800148590,0.002644648,-0.000749892,-0.002467938,0.000950498,-0.000749892,,,
1786043653746760884,1786043653.746109154,/novatel/oem7/inspva,/novatel/oem7/inspva,/novatel/oem7/inspva,39.663,-75.756,-1.800148127,0.002114338,-0.001027612,0.000269717,-0.002097064,-0.001027612,,novatel_oem7_msgs.msg.InertialSolutionStatus(status=3),
1786043653747836458,1786043653.746374289,/novatel/oem7/fix,/novatel/oem7/fix,/novatel/oem7/inspva,39.663,-75.756,-1.800148127,0.002114338,-0.001027612,0.000269717,-0.002097064,-0.001027612,,0,
1786043653748611463,1786043653.747092695,/novatel/oem7/odom,/novatel/oem7/fix,/novatel/oem7/odom,39.663,-75.756,-1.800148127,0.002111217,-0.001034009,-0.002078435,0.000370598,-0.001034009,,,
1786043653756254561,1786043653.755762113,/novatel/oem7/odom,/novatel/oem7/fix,/novatel/oem7/odom,39.663,-75.756,-1.800148127,0.002111217,-0.001034009,-0.002078435,0.000370598,-0.001034009,,,
1786043653766121082,1786043653.765263073,/novatel/oem7/inspva,/novatel/oem7/inspva,/novatel/oem7/inspva,39.663,-75.756,-1.800141230,0.001351380,0.000211488,-0.001350889,0.000036420,0.000211488,,novatel_oem7_msgs.msg.InertialSolutionStatus(status=3),
1786043653767717331,1786043653.765504572,/novatel/oem7/fix,/novatel/oem7/fix,/novatel/oem7/inspva,39.663,-75.756,-1.800141230,0.001351380,0.000211488,-0.001350889,0.000036420,0.000211488,,0,
1786043653768894735,1786043653.765758241,/novatel/oem7/odom,/novatel/oem7/fix,/novatel/oem7/odom,39.663,-75.756,-1.800141230,0.001351921,0.000207998,-0.000027875,-0.001351634,0.000207998,,,
1786043653776666785,1786043653.775590608,/novatel/oem7/odom,/novatel/oem7/fix,/novatel/oem7/odom,39.663,-75.756,-1.800141230,0.001351921,0.000207998,-0.000027875,-0.001351634,0.000207998,,,
1786043653786107968,1786043653.785152529,/novatel/oem7/inspva,/novatel/oem7/inspva,/novatel/oem7/inspva,39.663,-75.756,-1.800147053,0.001350678,0.000524035,-0.001305842,-0.000345119,0.000524035,,novatel_oem7_msgs.msg.InertialSolutionStatus(status=3),
1786043653787749127,1786043653.785469842,/novatel/oem7/fix,/novatel/oem7/fix,/novatel/oem7/inspva,39.663,-75.756,-1.800147053,0.001350678,0.000524035,-0.001305842,-0.000345119,0.000524035,,0,
1786043653789074890,1786043653.785789039,/novatel/oem7/odom,/novatel/oem7/fix,/novatel/oem7/odom,39.663,-75.756,-1.800147053,0.001352480,0.000519366,-0.000407973,-0.001289481,0.000519366,,,
1786043653795236921,1786043653.794555721,/novatel/oem7/odom,/novatel/oem7/fix,/novatel/oem7/odom,39.663,-75.756,-1.800147053,0.001352480,0.000519366,-0.000407973,-0.001289481,0.000519366,,,
1786043653807684520,1786043653.806620377,/novatel/oem7/inspva,/novatel/oem7/inspva,/novatel/oem7/inspva,39.663,-75.756,-1.800153003,0.002004885,0.000397128,0.000552490,-0.001927256,0.000397128,,novatel_oem7_msgs.msg.InertialSolutionStatus(status=3),
1786043653809692233,1786043653.806812107,/novatel/oem7/fix,/novatel/oem7/fix,/novatel/oem7/inspva,39.663,-75.756,-1.800153003,0.002004885,0.000397128,0.000552490,-0.001927256,0.000397128,,0,
1786043653811225908,1786043653.807405887,/novatel/oem7/odom,/novatel/oem7/fix,/novatel/oem7/odom,39.663,-75.756,-1.800153003,0.002005892,0.000392006,-0.001900551,0.000641491,0.000392006,,,
1786043653813089483,1786043653.810240512,/novatel/oem7/bestpos,/novatel/oem7/bestpos,/novatel/oem7/odom,39.663,-75.756,33.182386205,0.002005892,0.000392006,-0.001900551,0.000641491,0.000392006,,novatel_oem7_msgs.msg.SolutionStatus(status=0),novatel_oem7_msgs.msg.PositionOrVelocityType(type=53)
1786043653814275978,1786043653.810684353,/novatel/oem7/bestvel,/novatel/oem7/bestpos,/novatel/oem7/bestvel,39.663,-75.756,33.182386205,0.001518848,0.000193996,,,,288.130014660,novatel_oem7_msgs.msg.SolutionStatus(status=0),novatel_oem7_msgs.msg.PositionOrVelocityType(type=53)
1786043653816371012,1786043653.815378242,/novatel/oem7/odom,/novatel/oem7/bestpos,/novatel/oem7/odom,39.663,-75.756,33.182386205,0.002005892,0.000392006,-0.001900551,0.000641491,0.000392006,,,
1786043653825969923,1786043653.825137267,/novatel/oem7/inspva,/novatel/oem7/inspva,/novatel/oem7/inspva,39.663,-75.756,-1.800164831,0.002122250,-0.000548202,0.000542447,-0.002051754,-0.000548202,,novatel_oem7_msgs.msg.InertialSolutionStatus(status=3),
1786043653827646006,1786043653.825263087,/novatel/oem7/fix,/novatel/oem7/fix,/novatel/oem7/inspva,39.663,-75.756,-1.800164831,0.002122250,-0.000548202,0.000542447,-0.002051754,-0.000548202,,0,
1786043653828662906,1786043653.825602130,/novatel/oem7/odom,/novatel/oem7/fix,/novatel/oem7/odom,39.663,-75.756,-1.800164831,0.002120805,-0.000553767,-0.002022047,0.000639639,-0.000553767,,,
1786043653837498051,1786043653.836504997,/novatel/oem7/odom,/novatel/oem7/fix,/novatel/oem7/odom,39.663,-75.756,-1.800164831,0.002120805,-0.000553767,-0.002022047,0.000639639,-0.000553767,,,
1786043653846266149,1786043653.845379913,/novatel/oem7/inspva,/novatel/oem7/inspva,/novatel/oem7/inspva,39.663,-75.756,-1.800171711,0.001843996,-0.000949060,-0.001670021,-0.000781890,-0.000949060,,novatel_oem7_msgs.msg.InertialSolutionStatus(status=3),
1786043653848127228,1786043653.845597736,/novatel/oem7/fix,/novatel/oem7/fix,/novatel/oem7/inspva,39.663,-75.756,-1.800171711,0.001843996,-0.000949060,-0.001670021,-0.000781890,-0.000949060,,0,
1786043653849657109,1786043653.846235605,/novatel/oem7/odom,/novatel/oem7/fix,/novatel/oem7/odom,39.663,-75.756,-1.800171711,0.001840321,-0.000956166,-0.000856141,-0.001629050,-0.000956166,,,
1786043653857567381,1786043653.856622674,/novatel/oem7/odom,/novatel/oem7/fix,/novatel/oem7/odom,39.663,-75.756,-1.800171711,0.001840321,-0.000956166,-0.000856141,-0.001629050,-0.000956166,,,
1786043653866947283,1786043653.866078227,/novatel/oem7/inspva,/novatel/oem7/inspva,/novatel/oem7/inspva,39.663,-75.756,-1.800170478,0.001600316,-0.000007324,-0.001464352,-0.000645512,-0.000007324,,novatel_oem7_msgs.msg.InertialSolutionStatus(status=3),
1786043653868591525,1786043653.866291169,/novatel/oem7/fix,/novatel/oem7/fix,/novatel/oem7/inspva,39.663,-75.756,-1.800170478,0.001600316,-0.000007324,-0.001464352,-0.000645512,-0.000007324,,0,
1786043653869757603,1786043653.866712380,/novatel/oem7/odom,/novatel/oem7/fix,/novatel/oem7/odom,39.663,-75.756,-1.800170478,0.001600277,-0.000013443,-0.000713574,-0.001432375,-0.000013443,,,
1786043653875654215,1786043653.874697859,/novatel/oem7/odom,/novatel/oem7/fix,/novatel/oem7/odom,39.663,-75.756,-1.800170478,0.001600277,-0.000013443,-0.000713574,-0.001432375,-0.000013443,,,
1786043653886132714,1786043653.885322313,/novatel/oem7/inspva,/novatel/oem7/inspva,/novatel/oem7/inspva,39.663,-75.756,-1.800168377,0.001217895,0.000880962,-0.000608279,-0.001055114,0.000880962,,novatel_oem7_msgs.msg.InertialSolutionStatus(status=3),
1786043653887990283,1786043653.885579952,/novatel/oem7/fix,/novatel/oem7/fix,/novatel/oem7/inspva,39.663,-75.756,-1.800168377,0.001217895,0.000880962,-0.000608279,-0.001055114,0.000880962,,0,
1786043653889439757,1786043653.886335010,/novatel/oem7/odom,/novatel/oem7/fix,/novatel/oem7/odom,39.663,-75.756,-1.800168377,0.001221677,0.000875710,-0.001085664,-0.000560203,0.000875710,,,
1786043653896183396,1786043653.895464856,/novatel/oem7/odom,/novatel/oem7/fix,/novatel/oem7/odom,39.663,-75.756,-1.800168377,0.001221677,0.000875710,-0.001085664,-0.000560203,0.000875710,,,
1786043653906775920,1786043653.905944706,/novatel/oem7/inspva,/novatel/oem7/inspva,/novatel/oem7/inspva,39.663,-75.756,-1.800180194,0.001250268,0.000524679,-0.000077200,-0.001247883,0.000524679,,novatel_oem7_msgs.msg.InertialSolutionStatus(status=3),
1786043653908291899,1786043653.906183965,/novatel/oem7/fix,/novatel/oem7/fix,/novatel/oem7/inspva,39.663,-75.756,-1.800180194,0.001250268,0.000524679,-0.000077200,-0.001247883,0.000524679,,0,
1786043653909363036,1786043653.906719060,/novatel/oem7/odom,/novatel/oem7/fix,/novatel/oem7/odom,39.663,-75.756,-1.800180194,0.001252142,0.000520192,-0.001251986,-0.000019767,0.000520192,,,
1786043653910861711,1786043653.909388936,/novatel/oem7/bestpos,/novatel/oem7/bestpos,/novatel/oem7/odom,39.663,-75.756,33.182358538,0.001252142,0.000520192,-0.001251986,-0.000019767,0.000520192,,novatel_oem7_msgs.msg.SolutionStatus(status=0),novatel_oem7_msgs.msg.PositionOrVelocityType(type=53)
1786043653911772816,1786043653.910039566,/novatel/oem7/bestvel,/novatel/oem7/bestpos,/novatel/oem7/bestvel,39.663,-75.756,33.182358538,0.000670834,0.000139791,,,,276.023385952,novatel_oem7_msgs.msg.SolutionStatus(status=0),novatel_oem7_msgs.msg.PositionOrVelocityType(type=53)
1786043653915228180,1786043653.914552227,/novatel/oem7/odom,/novatel/oem7/bestpos,/novatel/oem7/odom,39.663,-75.756,33.182358538,0.001252142,0.000520192,-0.001251986,-0.000019767,0.000520192,,,
1786043653927105914,1786043653.926538591,/novatel/oem7/inspva,/novatel/oem7/inspva,/novatel/oem7/inspva,39.663,-75.756,-1.800200366,0.002237925,-0.001764017,-0.001834584,-0.001281644,-0.001764017,,novatel_oem7_msgs.msg.InertialSolutionStatus(status=3),
1786043653928484907,1786043653.926638867,/novatel/oem7/fix,/novatel/oem7/fix,/novatel/oem7/inspva,39.663,-75.756,-1.800200366,0.002237925,-0.001764017,-0.001834584,-0.001281644,-0.001764017,,0,
1786043653929509271,1786043653.927082514,/novatel/oem7/odom,/novatel/oem7/fix,/novatel/oem7/odom,39.663,-75.756,-1.800200366,0.002230660,-0.001773195,-0.001360246,-0.001767929,-0.001773195,,,
1786043653935890823,1786043653.934925134,/novatel/oem7/odom,/novatel/oem7/fix,/novatel/oem7/odom,39.663,-75.756,-1.800200366,0.002230660,-0.001773195,-0.001360246,-0.001767929,-0.001773195,,,
1786043653946198492,1786043653.945080491,/novatel/oem7/inspva,/novatel/oem7/inspva,/novatel/oem7/inspva,39.663,-75.756,-1.800190953,0.001804593,-0.000843166,-0.001503232,-0.000998424,-0.000843166,,novatel_oem7_msgs.msg.InertialSolutionStatus(status=3),
1786043653948140714,1786043653.945398407,/novatel/oem7/fix,/novatel/oem7/fix,/novatel/oem7/inspva,39.663,-75.756,-1.800190953,0.001804593,-0.000843166,-0.001503232,-0.000998424,-0.000843166,,0,
1786043653949621395,1786043653.945807888,/novatel/oem7/odom,/novatel/oem7/fix,/novatel/oem7/odom,39.663,-75.756,-1.800190953,0.001801127,-0.000850544,-0.001064979,-0.001452542,-0.000850544,,,
1786043653956831766,1786043653.955864154,/novatel/oem7/odom,/novatel/oem7/fix,/novatel/oem7/odom,39.663,-75.756,-1.800190953,0.001801127,-0.000850544,-0.001064979,-0.001452542,-0.000850544,,,
1786043653966155098,1786043653.965395397,/novatel/oem7/inspva,/novatel/oem7/inspva,/novatel/oem7/inspva,39.663,-75.756,-1.800181879,0.001608659,0.001269387,-0.001105873,-0.001168260,0.001269387,,novatel_oem7_msgs.msg.InertialSolutionStatus(status=3),
1786043653967789020,1786043653.965609756,/novatel/oem7/fix,/novatel/oem7/fix,/novatel/oem7/inspva,39.663,-75.756,-1.800181879,0.001608659,0.001269387,-0.001105873,-0.001168260,0.001269387,,0,
1786043653968992706,1786043653.966350956,/novatel/oem7/odom,/novatel/oem7/fix,/novatel/oem7/odom,39.663,-75.756,-1.800181879,0.001614148,0.001262401,-0.001223467,-0.001052901,0.001262401,,,
1786043653976351222,1786043653.975639155,/novatel/oem7/odom,/novatel/oem7/fix,/novatel/oem7/odom,39.663,-75.756,-1.800181879,0.001614148,0.001262401,-0.001223467,-0.001052901,0.001262401,,,
1786043653987370576,1786043653.986417311,/novatel/oem7/inspva,/novatel/oem7/inspva,/novatel/oem7/inspva,39.663,-75.756,-1.800197454,0.000605960,0.000414664,-0.000253022,-0.000550606,0.000414664,,novatel_oem7_msgs.msg.InertialSolutionStatus(status=3),
1786043653989343676,1786043653.987364555,/novatel/oem7/fix,/novatel/oem7/fix,/novatel/oem7/inspva,39.663,-75.756,-1.800197454,0.000605960,0.000414664,-0.000253022,-0.000550606,0.000414664,,0,
1786043653990442469,1786043653.988220138,/novatel/oem7/odom,/novatel/oem7/fix,/novatel/oem7/odom,39.663,-75.756,-1.800197454,0.000607699,0.000412111,-0.000563344,-0.000227907,0.000412111,,,
1786043653995271557,1786043653.994525507,/novatel/oem7/odom,/novatel/oem7/fix,/novatel/oem7/odom,39.663,-75.756,-1.800197454,0.000607699,0.000412111,-0.000563344,-0.000227907,0.000412111,,,
1786043654009135923,1786043654.008363805,/novatel/oem7/inspva,/novatel/oem7/inspva,/novatel/oem7/inspva,39.663,-75.756,-1.800218883,0.001418639,-0.001551104,-0.000333217,-0.001378950,-0.001551104,,novatel_oem7_msgs.msg.InertialSolutionStatus(status=3),
1786043654010793573,1786043654.008510510,/novatel/oem7/fix,/novatel/oem7/fix,/novatel/oem7/inspva,39.663,-75.756,-1.800218883,0.001418639,-0.001551104,-0.000333217,-0.001378950,-0.001551104,,0,
1786043654011959544,1786043654.009968128,/novatel/oem7/odom,/novatel/oem7/fix,/novatel/oem7/odom,39.663,-75.756,-1.800218883,0.001412517,-0.001556681,-0.001387590,-0.000264194,-0.001556681,,,
1786043654017155742,1786043654.016472032,/novatel/oem7/odom,/novatel/oem7/fix,/novatel/oem7/odom,39.663,-75.756,-1.800218883,0.001412517,-0.001556681,-0.001387590,-0.000264194,-0.001556681,,,
1786043654025606798,1786043654.024944697,/novatel/oem7/bestpos,/novatel/oem7/bestpos,/novatel/oem7/odom,39.663,-75.756,33.182328738,0.001412517,-0.001556681,-0.001387590,-0.000264194,-0.001556681,,novatel_oem7_msgs.msg.SolutionStatus(status=0),novatel_oem7_msgs.msg.PositionOrVelocityType(type=53)
1786043654027206834,1786043654.025855603,/novatel/oem7/bestvel,/novatel/oem7/bestpos,/novatel/oem7/bestvel,39.663,-75.756,33.182328738,0.001174514,-0.001567456,,,,234.646092822,novatel_oem7_msgs.msg.SolutionStatus(status=0),novatel_oem7_msgs.msg.PositionOrVelocityType(type=53)
1786043654028680599,1786043654.026748925,/novatel/oem7/inspva,/novatel/oem7/inspva,/novatel/oem7/inspva,39.663,-75.756,-1.800219663,0.002058363,-0.001670097,-0.000292908,-0.002037416,-0.001670097,,novatel_oem7_msgs.msg.InertialSolutionStatus(status=3),
1786043654029528194,1786043654.026842206,/novatel/oem7/fix,/novatel/oem7/fix,/novatel/oem7/inspva,39.663,-75.756,-1.800219663,0.002058363,-0.001670097,-0.000292908,-0.002037416,-0.001670097,,0,
1786043654030650438,1786043654.027237098,/novatel/oem7/odom,/novatel/oem7/fix,/novatel/oem7/odom,39.663,-75.756,-1.800219663,0.002052114,-0.001677769,-0.002043045,-0.000192721,-0.001677769,,,
1786043654035308098,1786043654.034579234,/novatel/oem7/odom,/novatel/oem7/fix,/novatel/oem7/odom,39.663,-75.756,-1.800219663,0.002052114,-0.001677769,-0.002043045,-0.000192721,-0.001677769,,,
1786043654047544514,1786043654.046854414,/novatel/oem7/inspva,/novatel/oem7/inspva,/novatel/oem7/inspva,39.663,-75.756,-1.800209430,0.001585261,0.001133431,-0.001554993,-0.000308299,0.001133431,,novatel_oem7_msgs.msg.InertialSolutionStatus(status=3),
1786043654048884467,1786043654.047034883,/novatel/oem7/fix,/novatel/oem7/fix,/novatel/oem7/inspva,39.663,-75.756,-1.800209430,0.001585261,0.001133431,-0.001554993,-0.000308299,0.001133431,,0,
1786043654050044199,1786043654.047498617,/novatel/oem7/odom,/novatel/oem7/fix,/novatel/oem7/odom,39.663,-75.756,-1.800209430,0.001588978,0.001128214,-0.000385034,-0.001541622,0.001128214,,,
1786043654056710211,1786043654.055990144,/novatel/oem7/odom,/novatel/oem7/fix,/novatel/oem7/odom,39.663,-75.756,-1.800209430,0.001588978,0.001128214,-0.000385034,-0.001541622,0.001128214,,,
1786043654066282138,1786043654.065186971,/novatel/oem7/inspva,/novatel/oem7/inspva,/novatel/oem7/inspva,39.663,-75.756,-1.800231149,0.000823846,0.000331757,-0.000751255,-0.000338140,0.000331757,,novatel_oem7_msgs.msg.InertialSolutionStatus(status=3),
1786043654068153347,1786043654.065450467,/novatel/oem7/fix,/novatel/oem7/fix,/novatel/oem7/inspva,39.663,-75.756,-1.800231149,0.000823846,0.000331757,-0.000751255,-0.000338140,0.000331757,,0,
1786043654069624551,1786043654.066059166,/novatel/oem7/odom,/novatel/oem7/fix,/novatel/oem7/odom,39.663,-75.756,-1.800231149,0.000825118,0.000328582,-0.000374239,-0.000735367,0.000328582,,,
1786043654076853339,1786043654.075896180,/novatel/oem7/odom,/novatel/oem7/fix,/novatel/oem7/odom,39.663,-75.756,-1.800231149,0.000825118,0.000328582,-0.000374239,-0.000735367,0.000328582,,,
1786043654086100037,1786043654.085508567,/novatel/oem7/inspva,/novatel/oem7/inspva,/novatel/oem7/inspva,39.663,-75.756,-1.800260418,0.002066722,-0.001751542,0.000312494,-0.002042960,-0.001751542,,novatel_oem7_msgs.msg.InertialSolutionStatus(status=3),
1786043654087669142,1786043654.085708583,/novatel/oem7/fix,/novatel/oem7/fix,/novatel/oem7/inspva,39.663,-75.756,-1.800260418,0.002066722,-0.001751542,0.000312494,-0.002042960,-0.001751542,,0,
1786043654088339780,1786043654.086346542,/novatel/oem7/odom,/novatel/oem7/fix,/novatel/oem7/odom,39.663,-75.756,-1.800260418,0.002061517,-0.001757665,-0.002019821,0.000412525,-0.001757665,,,
1786043654096346408,1786043654.095526796,/novatel/oem7/odom,/novatel/oem7/fix,/novatel/oem7/odom,39.663,-75.756,-1.800260418,0.002061517,-0.001757665,-0.002019821,0.000412525,-0.001757665,,,
1786043654106512553,1786043654.105936165,/novatel/oem7/inspva,/novatel/oem7/inspva,/novatel/oem7/inspva,39.663,-75.756,-1.800272262,0.001569275,-0.001720138,0.000099154,-0.001566139,-0.001720138,,novatel_oem7_msgs.msg.InertialSolutionStatus(status=3),
1786043654107612048,1786043654.106159764,/novatel/oem7/fix,/novatel/oem7/fix,/novatel/oem7/inspva,39.663,-75.756,-1.800272262,0.001569275,-0.001720138,0.000099154,-0.001566139,-0.001720138,,0,
1786043654108155037,1786043654.106713150,/novatel/oem7/odom,/novatel/oem7/fix,/novatel/oem7/odom,39.663,-75.756,-1.800272262,0.001563732,-0.001725179,-0.001553692,0.000176911,-0.001725179,,,
1786043654109999674,1786043654.109556361,/novatel/oem7/bestpos,/novatel/oem7/bestpos,/novatel/oem7/odom,39.663,-75.756,33.182260755,0.001563732,-0.001725179,-0.001553692,0.000176911,-0.001725179,,novatel_oem7_msgs.msg.SolutionStatus(status=0),novatel_oem7_msgs.msg.PositionOrVelocityType(type=53)
1786043654111351498,1786043654.110243917,/novatel/oem7/bestvel,/novatel/oem7/bestpos,/novatel/oem7/bestvel,39.663,-75.756,33.182260755,0.002418869,-0.000961781,,,,258.146364493,novatel_oem7_msgs.msg.SolutionStatus(status=0),novatel_oem7_msgs.msg.PositionOrVelocityType(type=53)
1786043654115440582,1786043654.115011147,/novatel/oem7/odom,/novatel/oem7/bestpos,/novatel/oem7/odom,39.663,-75.756,33.182260755,0.001563732,-0.001725179,-0.001553692,0.000176911,-0.001725179,,,
1786043654126118043,1786043654.125356813,/novatel/oem7/inspva,/novatel/oem7/inspva,/novatel/oem7/inspva,39.663,-75.756,-1.800266546,0.001862825,0.000282045,-0.001725306,-0.000702450,0.000282045,,novatel_oem7_msgs.msg.InertialSolutionStatus(status=3),
1786043654127653559,1786043654.125569195,/novatel/oem7/fix,/novatel/oem7/fix,/novatel/oem7/inspva,39.663,-75.756,-1.800266546,0.001862825,0.000282045,-0.001725306,-0.000702450,0.000282045,,0,
1786043654128188843,1786043654.126229245,/novatel/oem7/odom,/novatel/oem7/fix,/novatel/oem7/odom,39.663,-75.756,-1.800266546,0.001863875,0.000275017,-0.000783722,-0.001691098,0.000275017,,,
1786043654136260341,1786043654.135626097,/novatel/oem7/odom,/novatel/oem7/fix,/novatel/oem7/odom,39.663,-75.756,-1.800266546,0.001863875,0.000275017,-0.000783722,-0.001691098,0.000275017,,,
1786043654145808059,1786043654.145315015,/novatel/oem7/inspva,/novatel/oem7/inspva,/novatel/oem7/inspva,39.663,-75.756,-1.800278346,0.001380484,0.000909982,-0.001241477,-0.000603715,0.000909982,,novatel_oem7_msgs.msg.InertialSolutionStatus(status=3),
1786043654146763463,1786043654.145525884,/novatel/oem7/fix,/novatel/oem7/fix,/novatel/oem7/inspva,39.663,-75.756,-1.800278346,0.001380484,0.000909982,-0.001241477,-0.000603715,0.000909982,,0,
1786043654147674843,1786043654.145872481,/novatel/oem7/odom,/novatel/oem7/fix,/novatel/oem7/odom,39.663,-75.756,-1.800278346,0.001384029,0.000904580,-0.000664574,-0.001214034,0.000904580,,,
1786043654156563520,1786043654.155740632,/novatel/oem7/odom,/novatel/oem7/fix,/novatel/oem7/odom,39.663,-75.756,-1.800278346,0.001384029,0.000904580,-0.000664574,-0.001214034,0.000904580,,,
1786043654166878221,1786043654.165979992,/novatel/oem7/inspva,/novatel/oem7/inspva,/novatel/oem7/inspva,39.663,-75.756,-1.800307775,0.001788387,-0.001318858,0.000268539,-0.001768111,-0.001318858,,novatel_oem7_msgs.msg.InertialSolutionStatus(status=3),
1786043654168782926,1786043654.166805873,/novatel/oem7/fix,/novatel/oem7/fix,/novatel/oem7/inspva,39.663,-75.756,-1.800307775,0.001788387,-0.001318858,0.000268539,-0.001768111,-0.001318858,,0,
1786043654170308108,1786043654.167911841,/novatel/oem7/odom,/novatel/oem7/fix,/novatel/oem7/odom,39.663,-75.756,-1.800307775,0.001784450,-0.001324181,-0.001748858,0.000354619,-0.001324181,,,
1786043654176187189,1786043654.175280970,/novatel/oem7/odom,/novatel/oem7/fix,/novatel/oem7/odom,39.663,-75.756,-1.800307775,0.001784450,-0.001324181,-0.001748858,0.000354619,-0.001324181,,,
1786043654185786257,1786043654.185089144,/novatel/oem7/inspva,/novatel/oem7/inspva,/novatel/oem7/inspva,39.663,-75.756,-1.800312852,0.001916906,-0.000674360,0.000651310,-0.001802866,-0.000674360,,novatel_oem7_msgs.msg.InertialSolutionStatus(status=3),
1786043654187394644,1786043654.185333855,/novatel/oem7/fix,/novatel/oem7/fix,/novatel/oem7/inspva,39.663,-75.756,-1.800312852,0.001916906,-0.000674360,0.000651310,-0.001802866,-0.000674360,,0,
1786043654188101015,1786043654.186016185,/novatel/oem7/odom,/novatel/oem7/fix,/novatel/oem7/odom,39.663,-75.756,-1.800312852,0.001915357,-0.000678749,-0.001767896,0.000736977,-0.000678749,,,
1786043654196141591,1786043654.195612863,/novatel/oem7/odom,/novatel/oem7/fix,/novatel/oem7/odom,39.663,-75.756,-1.800312852,0.001915357,-0.000678749,-0.001767896,0.000736977,-0.000678749,,,
1786043654207559460,1786043654.206731164,/novatel/oem7/inspva,/novatel/oem7/inspva,/novatel/oem7/inspva,39.663,-75.756,-1.800323017,0.001582873,-0.001096453,-0.001493319,-0.000524868,-0.001096453,,novatel_oem7_msgs.msg.InertialSolutionStatus(status=3),
1786043654208395676,1786043654.206897401,/novatel/oem7/fix,/novatel/oem7/fix,/novatel/oem7/inspva,39.663,-75.756,-1.800323017,0.001582873,-0.001096453,-0.001493319,-0.000524868,-0.001096453,,0,
1786043654208953341,1786043654.207408009,/novatel/oem7/odom,/novatel/oem7/fix,/novatel/oem7/odom,39.663,-75.756,-1.800323017,0.001578846,-0.001102245,-0.000590567,-0.001464235,-0.001102245,,,
1786043654211078769,1786043654.210253658,/novatel/oem7/bestpos,/novatel/oem7/bestpos,/novatel/oem7/odom,39.663,-75.756,33.182197545,0.001578846,-0.001102245,-0.000590567,-0.001464235,-0.001102245,,novatel_oem7_msgs.msg.SolutionStatus(status=0),novatel_oem7_msgs.msg.PositionOrVelocityType(type=53)
1786043654212390750,1786043654.210603507,/novatel/oem7/bestvel,/novatel/oem7/bestpos,/novatel/oem7/bestvel,39.663,-75.756,33.182197545,0.001925051,-0.000739366,,,,220.986814248,novatel_oem7_msgs.msg.SolutionStatus(status=0),novatel_oem7_msgs.msg.PositionOrVelocityType(type=53)
1786043654215863286,1786043654.215100221,/novatel/oem7/odom,/novatel/oem7/bestpos,/novatel/oem7/odom,39.663,-75.756,33.182197545,0.001578846,-0.001102245,-0.000590567,-0.001464235,-0.001102245,,,
1786043654227185506,1786043654.226388449,/novatel/oem7/inspva,/novatel/oem7/inspva,/novatel/oem7/inspva,39.663,-75.756,-1.800320392,0.001763324,-0.000061799,-0.001257085,-0.001236547,-0.000061799,,novatel_oem7_msgs.msg.InertialSolutionStatus(status=3),
1786043654227890076,1786043654.226583431,/novatel/oem7/fix,/novatel/oem7/fix,/novatel/oem7/inspva,39.663,-75.756,-1.800320392,0.001763324,-0.000061799,-0.001257085,-0.001236547,-0.000061799,,0,
1786043654228398167,1786043654.227109069,/novatel/oem7/odom,/novatel/oem7/fix,/novatel/oem7/odom,39.663,-75.756,-1.800320392,0.001763041,-0.000069407,-0.001293987,-0.001197460,-0.000069407,,,
1786043654235814329,1786043654.234833725,/novatel/oem7/odom,/novatel/oem7/fix,/novatel/oem7/odom,39.663,-75.756,-1.800320392,0.001763041,-0.000069407,-0.001293987,-0.001197460,-0.000069407,,,
1786043654246161857,1786043654.245390123,/novatel/oem7/inspva,/novatel/oem7/inspva,/novatel/oem7/inspva,39.663,-75.756,-1.800333693,0.002337158,0.000144364,0.000924398,-0.002146578,0.000144364,,novatel_oem7_msgs.msg.InertialSolutionStatus(status=3),
1786043654247482665,1786043654.245608221,/novatel/oem7/fix,/novatel/oem7/fix,/novatel/oem7/inspva,39.663,-75.756,-1.800333693,0.002337158,0.000144364,0.000924398,-0.002146578,0.000144364,,0,
1786043654248002451,1786043654.246166584,/novatel/oem7/odom,/novatel/oem7/fix,/novatel/oem7/odom,39.663,-75.756,-1.800333693,0.002337456,0.000139457,-0.002101311,0.001023813,0.000139457,,,
1786043654257719239,1786043654.256840565,/novatel/oem7/odom,/novatel/oem7/fix,/novatel/oem7/odom,39.663,-75.756,-1.800333693,0.002337456,0.000139457,-0.002101311,0.001023813,0.000139457,,,
1786043654266054983,1786043654.265326392,/novatel/oem7/inspva,/novatel/oem7/inspva,/novatel/oem7/inspva,39.663,-75.756,-1.800353646,0.002276117,-0.000675366,0.000570894,-0.002203359,-0.000675366,,novatel_oem7_msgs.msg.InertialSolutionStatus(status=3),
1786043654267248844,1786043654.265645938,/novatel/oem7/fix,/novatel/oem7/fix,/novatel/oem7/inspva,39.663,-75.756,-1.800353646,0.002276117,-0.000675366,0.000570894,-0.002203359,-0.000675366,,0,
1786043654268753383,1786043654.266343555,/novatel/oem7/odom,/novatel/oem7/fix,/novatel/oem7/odom,39.663,-75.756,-1.800353646,0.002274321,-0.000681390,-0.002171705,0.000675450,-0.000681390,,,
1786043654275230222,1786043654.274605663,/novatel/oem7/odom,/novatel/oem7/fix,/novatel/oem7/odom,39.663,-75.756,-1.800353646,0.002274321,-0.000681390,-0.002171705,0.000675450,-0.000681390,,,
1786043654288012711,1786043654.286832137,/novatel/oem7/inspva,/novatel/oem7/inspva,/novatel/oem7/inspva,39.663,-75.756,-1.800380375,0.002045041,-0.002206279,-0.000914247,-0.001829302,-0.002206279,,novatel_oem7_msgs.msg.InertialSolutionStatus(status=3),
1786043654289597874,1786043654.287135643,/novatel/oem7/fix,/novatel/oem7/fix,/novatel/oem7/inspva,39.663,-75.756,-1.800380375,0.002045041,-0.002206279,-0.000914247,-0.001829302,-0.002206279,,0,
1786043654290520239,1786043654.287826843,/novatel/oem7/odom,/novatel/oem7/fix,/novatel/oem7/odom,39.663,-75.756,-1.800380375,0.002035660,-0.002214938,-0.001862418,-0.000821773,-0.002214938,,,
1786043654295395197,1786043654.294979460,/novatel/oem7/odom,/novatel/oem7/fix,/novatel/oem7/odom,39.663,-75.756,-1.800380375,0.002035660,-0.002214938,-0.001862418,-0.000821773,-0.002214938,,,
1786043654306605941,1786043654.305918411,/novatel/oem7/inspva,/novatel/oem7/inspva,/novatel/oem7/inspva,39.663,-75.756,-1.800389579,0.001406329,-0.001333727,-0.001019938,-0.000968240,-0.001333727,,novatel_oem7_msgs.msg.InertialSolutionStatus(status=3),
1786043654308030969,1786043654.306122776,/novatel/oem7/fix,/novatel/oem7/fix,/novatel/oem7/inspva,39.663,-75.756,-1.800389579,0.001406329,-0.001333727,-0.001019938,-0.000968240,-0.001333727,,0,
1786043654309138996,1786043654.306619478,/novatel/oem7/odom,/novatel/oem7/fix,/novatel/oem7/odom,39.663,-75.756,-1.800389579,0.001400590,-0.001339751,-0.001010349,-0.000969974,-0.001339751,,,
1786043654310499837,1786043654.309277511,/novatel/oem7/bestpos,/novatel/oem7/bestpos,/novatel/oem7/odom,39.663,-75.756,33.182130973,0.001400590,-0.001339751,-0.001010349,-0.000969974,-0.001339751,,novatel_oem7_msgs.msg.SolutionStatus(status=0),novatel_oem7_msgs.msg.PositionOrVelocityType(type=53)
1786043654310978835,1786043654.309652495,/novatel/oem7/bestvel,/novatel/oem7/bestpos,/novatel/oem7/bestvel,39.663,-75.756,33.182130973,0.002101109,-0.000860981,,,,238.111559720,novatel_oem7_msgs.msg.SolutionStatus(status=0),novatel_oem7_msgs.msg.PositionOrVelocityType(type=53)
1786043654316190731,1786043654.315533793,/novatel/oem7/odom,/novatel/oem7/bestpos,/novatel/oem7/odom,39.663,-75.756,33.182130973,0.001400590,-0.001339751,-0.001010349,-0.000969974,-0.001339751,,,
1786043654325661213,1786043654.325322715,/novatel/oem7/inspva,/novatel/oem7/inspva,/novatel/oem7/inspva,39.663,-75.756,-1.800404103,0.002302156,0.000130900,0.000426497,-0.002262305,0.000130900,,novatel_oem7_msgs.msg.InertialSolutionStatus(status=3),
1786043654326292998,1786043654.325522401,/novatel/oem7/fix,/novatel/oem7/fix,/novatel/oem7/inspva,39.663,-75.756,-1.800404103,0.002302156,0.000130900,0.000426497,-0.002262305,0.000130900,,0,
1786043654327007444,1786043654.326289907,/novatel/oem7/odom,/novatel/oem7/fix,/novatel/oem7/odom,39.663,-75.756,-1.800404103,0.002302525,0.000124238,-0.002240246,0.000531903,0.000124238,,,
1786043654335498745,1786043654.334951033,/novatel/oem7/odom,/novatel/oem7/fix,/novatel/oem7/odom,39.663,-75.756,-1.800404103,0.002302525,0.000124238,-0.002240246,0.000531903,0.000124238,,,
1786043654346885411,1786043654.346205114,/novatel/oem7/inspva,/novatel/oem7/inspva,/novatel/oem7/inspva,39.663,-75.756,-1.800437080,0.002074754,-0.000686230,0.000287232,-0.002054775,-0.000686230,,novatel_oem7_msgs.msg.InertialSolutionStatus(status=3),
1786043654347972188,1786043654.346585074,/novatel/oem7/fix,/novatel/oem7/fix,/novatel/oem7/inspva,39.663,-75.756,-1.800437080,0.002074754,-0.000686230,0.000287232,-0.002054775,-0.000686230,,0,
1786043654348562613,1786043654.347016267,/novatel/oem7/odom,/novatel/oem7/fix,/novatel/oem7/odom,39.663,-75.756,-1.800437080,0.002072683,-0.000692461,-0.002036588,0.000385128,-0.000692461,,,
1786043654357010100,1786043654.356047061,/novatel/oem7/odom,/novatel/oem7/fix,/novatel/oem7/odom,39.663,-75.756,-1.800437080,0.002072683,-0.000692461,-0.002036588,0.000385128,-0.000692461,,,
1786043654365921065,1786043654.365391006,/novatel/oem7/inspva,/novatel/oem7/inspva,/novatel/oem7/inspva,39.663,-75.756,-1.800466153,0.002159197,-0.002020735,-0.000190966,-0.002150736,-0.002020735,,novatel_oem7_msgs.msg.InertialSolutionStatus(status=3),
1786043654366872360,1786043654.365687896,/novatel/oem7/fix,/novatel/oem7/fix,/novatel/oem7/inspva,39.663,-75.756,-1.800466153,0.002159197,-0.002020735,-0.000190966,-0.002150736,-0.002020735,,0,
1786043654367668252,1786043654.366299911,/novatel/oem7/odom,/novatel/oem7/fix,/novatel/oem7/odom,39.663,-75.756,-1.800466153,0.002151901,-0.002028503,-0.002150234,-0.000084689,-0.002028503,,,
1786043654376568123,1786043654.375611169,/novatel/oem7/odom,/novatel/oem7/fix,/novatel/oem7/odom,39.663,-75.756,-1.800466153,0.002151901,-0.002028503,-0.002150234,-0.000084689,-0.002028503,,,
1786043654387331978,1786043654.386013289,/novatel/oem7/inspva,/novatel/oem7/inspva,/novatel/oem7/inspva,39.663,-75.756,-1.800475271,0.002324672,-0.001198806,-0.000602041,-0.002245361,-0.001198806,,novatel_oem7_msgs.msg.InertialSolutionStatus(status=3),
1786043654388813335,1786043654.386374519,/novatel/oem7/fix,/novatel/oem7/fix,/novatel/oem7/inspva,39.663,-75.756,-1.800475271,0.002324672,-0.001198806,-0.000602041,-0.002245361,-0.001198806,,0,
1786043654389495313,1786043654.387119572,/novatel/oem7/odom,/novatel/oem7/fix,/novatel/oem7/odom,39.663,-75.756,-1.800475271,0.002319875,-0.001208064,-0.002266900,-0.000492936,-0.001208064,,,
1786043654394944474,1786043654.394522335,/novatel/oem7/odom,/novatel/oem7/fix,/novatel/oem7/odom,39.663,-75.756,-1.800475271,0.002319875,-0.001208064,-0.002266900,-0.000492936,-0.001208064,,,
1786043654407094416,1786043654.406416391,/novatel/oem7/inspva,/novatel/oem7/inspva,/novatel/oem7/inspva,39.663,-75.756,-1.800481362,0.000690849,0.000353751,-0.000356691,-0.000591645,0.000353751,,novatel_oem7_msgs.msg.InertialSolutionStatus(status=3),
1786043654408152370,1786043654.406606645,/novatel/oem7/fix,/novatel/oem7/fix,/novatel/oem7/inspva,39.663,-75.756,-1.800481362,0.000690849,0.000353751,-0.000356691,-0.000591645,0.000353751,,0,
1786043654408740970,1786043654.407300805,/novatel/oem7/odom,/novatel/oem7/fix,/novatel/oem7/odom,39.663,-75.756,-1.800481362,0.000692373,0.000350760,-0.000608978,-0.000329434,0.000350760,,,
1786043654410701767,1786043654.410276843,/novatel/oem7/bestpos,/novatel/oem7/bestpos,/novatel/oem7/odom,39.663,-75.756,33.182027704,0.000692373,0.000350760,-0.000608978,-0.000329434,0.000350760,,novatel_oem7_msgs.msg.SolutionStatus(status=0),novatel_oem7_msgs.msg.PositionOrVelocityType(type=53)
1786043654411490631,1786043654.410727128,/novatel/oem7/bestvel,/novatel/oem7/bestpos,/novatel/oem7/bestvel,39.663,-75.756,33.182027704,0.000275673,-0.000121707,,,,141.426649962,novatel_oem7_msgs.msg.SolutionStatus(status=0),novatel_oem7_msgs.msg.PositionOrVelocityType(type=53)
1786043654416283095,1786043654.415718784,/novatel/oem7/odom,/novatel/oem7/bestpos,/novatel/oem7/odom,39.663,-75.756,33.182027704,0.000692373,0.000350760,-0.000608978,-0.000329434,0.000350760,,,
1786043654425307172,1786043654.424959084,/novatel/oem7/inspva,/novatel/oem7/inspva,/novatel/oem7/inspva,39.663,-75.756,-1.800507439,0.001456310,0.000214222,-0.000198721,-0.001442689,0.000214222,,novatel_oem7_msgs.msg.InertialSolutionStatus(status=3),
1786043654425996733,1786043654.425172197,/novatel/oem7/fix,/novatel/oem7/fix,/novatel/oem7/inspva,39.663,-75.756,-1.800507439,0.001456310,0.000214222,-0.000198721,-0.001442689,0.000214222,,0,
1786043654426544865,1786043654.425550894,/novatel/oem7/odom,/novatel/oem7/fix,/novatel/oem7/odom,39.663,-75.756,-1.800507439,0.001457112,0.000208702,-0.001451181,-0.000131330,0.000208702,,,
1786043654436018312,1786043654.435474255,/novatel/oem7/odom,/novatel/oem7/fix,/novatel/oem7/odom,39.663,-75.756,-1.800507439,0.001457112,0.000208702,-0.001451181,-0.000131330,0.000208702,,,
1786043654446345455,1786043654.445938494,/novatel/oem7/inspva,/novatel/oem7/inspva,/novatel/oem7/inspva,39.663,-75.756,-1.800548556,0.002687868,-0.002646566,0.000343555,-0.002665822,-0.002646566,,novatel_oem7_msgs.msg.InertialSolutionStatus(status=3),
1786043654447102528,1786043654.446153267,/novatel/oem7/fix,/novatel/oem7/fix,/novatel/oem7/inspva,39.663,-75.756,-1.800548556,0.002687868,-0.002646566,0.000343555,-0.002665822,-0.002646566,,0,
1786043654447692762,1786043654.446761116,/novatel/oem7/odom,/novatel/oem7/fix,/novatel/oem7/odom,39.663,-75.756,-1.800548556,0.002679821,-0.002654714,-0.002637395,0.000474963,-0.002654714,,,
1786043654457139678,1786043654.456476564,/novatel/oem7/odom,/novatel/oem7/fix,/novatel/oem7/odom,39.663,-75.756,-1.800548556,0.002679821,-0.002654714,-0.002637395,0.000474963,-0.002654714,,,
1786043654466546667,1786043654.465971018,/novatel/oem7/inspva,/novatel/oem7/inspva,/novatel/oem7/inspva,39.663,-75.756,-1.800558667,0.001781562,-0.002213955,-0.000133270,-0.001776570,-0.002213955,,novatel_oem7_msgs.msg.InertialSolutionStatus(status=3),
1786043654467485581,1786043654.466250384,/novatel/oem7/fix,/novatel/oem7/fix,/novatel/oem7/inspva,39.663,-75.756,-1.800558667,0.001781562,-0.002213955,-0.000133270,-0.001776570,-0.002213955,,0,
1786043654468246891,1786043654.466763685,/novatel/oem7/odom,/novatel/oem7/fix,/novatel/oem7/odom,39.663,-75.756,-1.800558667,0.001773591,-0.002220346,-0.001773041,-0.000044164,-0.002220346,,,
1786043654476405564,1786043654.475698843,/novatel/oem7/odom,/novatel/oem7/fix,/novatel/oem7/odom,39.663,-75.756,-1.800558667,0.001773591,-0.002220346,-0.001773041,-0.000044164,-0.002220346,,,
1786043654486072145,1786043654.485380545,/novatel/oem7/inspva,/novatel/oem7/inspva,/novatel/oem7/inspva,39.663,-75.756,-1.800562614,0.001050362,0.000127179,-0.000667925,-0.000810639,0.000127179,,novatel_oem7_msgs.msg.InertialSolutionStatus(status=3),
1786043654487028587,1786043654.485735882,/novatel/oem7/fix,/novatel/oem7/fix,/novatel/oem7/inspva,39.663,-75.756,-1.800562614,0.001050362,0.000127179,-0.000667925,-0.000810639,0.000127179,,0,
1786043654487615564,1786043654.486476849,/novatel/oem7/odom,/novatel/oem7/fix,/novatel/oem7/odom,39.663,-75.756,-1.800562614,0.001050909,0.000122571,-0.000841534,-0.000629469,0.000122571,,,
1786043654495992010,1786043654.495626979,/novatel/oem7/odom,/novatel/oem7/fix,/novatel/oem7/odom,39.663,-75.756,-1.800562614,0.001050909,0.000122571,-0.000841534,-0.000629469,0.000122571,,,
1786043654507050334,1786043654.506505666,/novatel/oem7/inspva,/novatel/oem7/inspva,/novatel/oem7/inspva,39.663,-75.756,-1.800600437,0.000949286,-0.000611217,-0.000266579,-0.000911087,-0.000611217,,novatel_oem7_msgs.msg.InertialSolutionStatus(status=3),
1786043654507930571,1786043654.506741352,/novatel/oem7/fix,/novatel/oem7/fix,/novatel/oem7/inspva,39.663,-75.756,-1.800600437,0.000949286,-0.000611217,-0.000266579,-0.000911087,-0.000611217,,0,
1786043654508513080,1786043654.507174330,/novatel/oem7/odom,/novatel/oem7/fix,/novatel/oem7/odom,39.663,-75.756,-1.800600437,0.000946790,-0.000615078,-0.000920403,-0.000221966,-0.000615078,,,
1786043654513061089,1786043654.512457495,/novatel/oem7/bestpos,/novatel/oem7/bestpos,/novatel/oem7/odom,39.663,-75.756,33.181890422,0.000946790,-0.000615078,-0.000920403,-0.000221966,-0.000615078,,novatel_oem7_msgs.msg.SolutionStatus(status=0),novatel_oem7_msgs.msg.PositionOrVelocityType(type=53)
1786043654514603053,1786043654.512950483,/novatel/oem7/bestvel,/novatel/oem7/bestpos,/novatel/oem7/bestvel,39.663,-75.756,33.181890422,0.001106220,-0.001544396,,,,332.772126755,novatel_oem7_msgs.msg.SolutionStatus(status=0),novatel_oem7_msgs.msg.PositionOrVelocityType(type=53)
1786043654515502576,1786043654.514596239,/novatel/oem7/odom,/novatel/oem7/bestpos,/novatel/oem7/odom,39.663,-75.756,33.181890422,0.000946790,-0.000615078,-0.000920403,-0.000221966,-0.000615078,,,
1786043654525603809,1786043654.525238194,/novatel/oem7/inspva,/novatel/oem7/inspva,/novatel/oem7/inspva,39.663,-75.756,-1.800643829,0.002437420,-0.001889936,0.001237857,-0.002099696,-0.001889936,,novatel_oem7_msgs.msg.InertialSolutionStatus(status=3),
1786043654526997431,1786043654.525406499,/novatel/oem7/fix,/novatel/oem7/fix,/novatel/oem7/inspva,39.663,-75.756,-1.800643829,0.002437420,-0.001889936,0.001237857,-0.002099696,-0.001889936,,0,
1786043654527762559,1786043654.526117089,/novatel/oem7/odom,/novatel/oem7/fix,/novatel/oem7/odom,39.663,-75.756,-1.800643829,0.002434412,-0.001893810,-0.002032548,0.001339816,-0.001893810,,,
1786043654535952302,1786043654.535376147,/novatel/oem7/odom,/novatel/oem7/fix,/novatel/oem7/odom,39.663,-75.756,-1.800643829,0.002434412,-0.001893810,-0.002032548,0.001339816,-0.001893810,,,
1786043654545830253,1786043654.545316551,/novatel/oem7/inspva,/novatel/oem7/inspva,/novatel/oem7/inspva,39.663,-75.756,-1.800674165,0.002757613,-0.002586125,0.000821691,-0.002632347,-0.002586125,,novatel_oem7_msgs.msg.InertialSolutionStatus(status=3),
1786043654547457256,1786043654.545568324,/novatel/oem7/fix,/novatel/oem7/fix,/novatel/oem7/inspva,39.663,-75.756,-1.800674165,0.002757613,-0.002586125,0.000821691,-0.002632347,-0.002586125,,0,
1786043654548131840,1786043654.546172783,/novatel/oem7/odom,/novatel/oem7/fix,/novatel/oem7/odom,39.663,-75.756,-1.800674165,0.002751246,-0.002592897,-0.002581720,0.000950830,-0.002592897,,,
1786043654556454913,1786043654.555866635,/novatel/oem7/odom,/novatel/oem7/fix,/novatel/oem7/odom,39.663,-75.756,-1.800674165,0.002751246,-0.002592897,-0.002581720,0.000950830,-0.002592897,,,
1786043654567184298,1786043654.566648094,/novatel/oem7/inspva,/novatel/oem7/inspva,/novatel/oem7/inspva,39.663,-75.756,-1.800686219,0.001517658,-0.000912366,-0.001291111,-0.000797696,-0.000912366,,novatel_oem7_msgs.msg.InertialSolutionStatus(status=3),
1786043654568218787,1786043654.566868616,/novatel/oem7/fix,/novatel/oem7/fix,/novatel/oem7/inspva,39.663,-75.756,-1.800686219,0.001517658,-0.000912366,-0.001291111,-0.000797696,-0.000912366,,0,
1786043654568957331,1786043654.567499776,/novatel/oem7/odom,/novatel/oem7/fix,/novatel/oem7/odom,39.663,-75.756,-1.800686219,0.001513907,-0.000918577,-0.000854150,-0.001249937,-0.000918577,,,
1786043654575605849,1786043654.575030217,/novatel/oem7/odom,/novatel/oem7/fix,/novatel/oem7/odom,39.663,-75.756,-1.800686219,0.001513907,-0.000918577,-0.000854150,-0.001249937,-0.000918577,,,
1786043654585725912,1786043654.585027478,/novatel/oem7/inspva,/novatel/oem7/inspva,/novatel/oem7/inspva,39.663,-75.756,-1.800711558,0.001120151,-0.000401636,-0.000646160,-0.000914995,-0.000401636,,novatel_oem7_msgs.msg.InertialSolutionStatus(status=3),
1786043654587300637,1786043654.585238794,/novatel/oem7/fix,/novatel/oem7/fix,/novatel/oem7/inspva,39.663,-75.756,-1.800711558,0.001120151,-0.000401636,-0.000646160,-0.000914995,-0.000401636,,0,
1786043654587871366,1786043654.585668769,/novatel/oem7/odom,/novatel/oem7/fix,/novatel/oem7/odom,39.663,-75.756,-1.800711558,0.001118385,-0.000406527,-0.000942860,-0.000601499,-0.000406527,,,
1786043654595317303,1786043654.594631572,/novatel/oem7/odom,/novatel/oem7/fix,/novatel/oem7/odom,39.663,-75.756,-1.800711558,0.001118385,-0.000406527,-0.000942860,-0.000601499,-0.000406527,,,
1786043654607557756,1786043654.606596637,/novatel/oem7/inspva,/novatel/oem7/inspva,/novatel/oem7/inspva,39.663,-75.756,-1.800740625,0.002079174,-0.000527617,0.001361565,-0.001571338,-0.000527617,,novatel_oem7_msgs.msg.InertialSolutionStatus(status=3),
1786043654609486348,1786043654.606854713,/novatel/oem7/fix,/novatel/oem7/fix,/novatel/oem7/inspva,39.663,-75.756,-1.800740625,0.002079174,-0.000527617,0.001361565,-0.001571338,-0.000527617,,0,
1786043654610931846,1786043654.607455825,/novatel/oem7/odom,/novatel/oem7/fix,/novatel/oem7/odom,39.663,-75.756,-1.800740625,0.002078738,-0.000529329,-0.001503857,0.001435120,-0.000529329,,,
1786043654612504111,1786043654.610389124,/novatel/oem7/bestpos,/novatel/oem7/bestpos,/novatel/oem7/odom,39.663,-75.756,33.181755480,0.002078738,-0.000529329,-0.001503857,0.001435120,-0.000529329,,novatel_oem7_msgs.msg.SolutionStatus(status=0),novatel_oem7_msgs.msg.PositionOrVelocityType(type=53)
1786043654612978554,1786043654.610881579,/novatel/oem7/bestvel,/novatel/oem7/bestpos,/novatel/oem7/bestvel,39.663,-75.756,33.181755480,0.001864435,-0.001155038,,,,336.446824053,novatel_oem7_msgs.msg.SolutionStatus(status=0),novatel_oem7_msgs.msg.PositionOrVelocityType(type=53)
1786043654615620059,1786043654.615049983,/novatel/oem7/odom,/novatel/oem7/bestpos,/novatel/oem7/odom,39.663,-75.756,33.181755480,0.002078738,-0.000529329,-0.001503857,0.001435120,-0.000529329,,,
1786043654626390050,1786043654.626049735,/novatel/oem7/inspva,/novatel/oem7/inspva,/novatel/oem7/inspva,39.663,-75.756,-1.800773104,0.002589371,-0.001587828,0.001285793,-0.002247572,-0.001587828,,novatel_oem7_msgs.msg.InertialSolutionStatus(status=3),
1786043654627432875,1786043654.626244737,/novatel/oem7/fix,/novatel/oem7/fix,/novatel/oem7/inspva,39.663,-75.756,-1.800773104,0.002589371,-0.001587828,0.001285793,-0.002247572,-0.001587828,,0,
1786043654627951524,1786043654.626798656,/novatel/oem7/odom,/novatel/oem7/fix,/novatel/oem7/odom,39.663,-75.756,-1.800773104,0.002586753,-0.001592089,-0.002179092,0.001393861,-0.001592089,,,
1786043654635353167,1786043654.634481344,/novatel/oem7/odom,/novatel/oem7/fix,/novatel/oem7/odom,39.663,-75.756,-1.800773104,0.002586753,-0.001592089,-0.002179092,0.001393861,-0.001592089,,,
1786043654647026474,1786043654.645483119,/novatel/oem7/inspva,/novatel/oem7/inspva,/novatel/oem7/inspva,39.663,-75.756,-1.800799984,0.001796184,-0.002197944,-0.000433453,-0.001743099,-0.002197944,,novatel_oem7_msgs.msg.InertialSolutionStatus(status=3),
1786043654648643260,1786043654.645823336,/novatel/oem7/fix,/novatel/oem7/fix,/novatel/oem7/inspva,39.663,-75.756,-1.800799984,0.001796184,-0.002197944,-0.000433453,-0.001743099,-0.002197944,,0,
1786043654650160165,1786043654.646413225,/novatel/oem7/odom,/novatel/oem7/fix,/novatel/oem7/odom,39.663,-75.756,-1.800799984,0.002586827,-0.001591969,-0.002179169,0.001393879,-0.001591969,,,
1786043654657131307,1786043654.656082970,/novatel/oem7/odom,/novatel/oem7/fix,/novatel/oem7/odom,39.663,-75.756,-1.800799984,0.001787470,-0.002205037,-0.001753746,-0.000345576,-0.002205037,,,
1786043654666004208,1786043654.665087385,/novatel/oem7/inspva,/novatel/oem7/inspva,/novatel/oem7/inspva,39.663,-75.756,-1.800823699,0.001083375,-0.001528494,-0.000465021,-0.000978497,-0.001528494,,novatel_oem7_msgs.msg.InertialSolutionStatus(status=3),
1786043654667911730,1786043654.665314407,/novatel/oem7/fix,/novatel/oem7/fix,/novatel/oem7/inspva,39.663,-75.756,-1.800823699,0.001083375,-0.001528494,-0.000465021,-0.000978497,-0.001528494,,0,
1786043654669418101,1786043654.665830989,/novatel/oem7/odom,/novatel/oem7/fix,/novatel/oem7/odom,39.663,-75.756,-1.800823699,0.001076857,-0.001533093,-0.000993814,-0.000414673,-0.001533093,,,
1786043654675781164,1786043654.674647279,/novatel/oem7/odom,/novatel/oem7/fix,/novatel/oem7/odom,39.663,-75.756,-1.800823699,0.001076857,-0.001533093,-0.000993814,-0.000414673,-0.001533093,,,
1786043654687399691,1786043654.686613990,/novatel/oem7/inspva,/novatel/oem7/inspva,/novatel/oem7/inspva,39.663,-75.756,-1.800846476,0.001390178,-0.000214521,0.000865791,-0.001087659,-0.000214521,,novatel_oem7_msgs.msg.InertialSolutionStatus(status=3),
1786043654688951687,1786043654.686806535,/novatel/oem7/fix,/novatel/oem7/fix,/novatel/oem7/inspva,39.663,-75.756,-1.800846476,0.001390178,-0.000214521,0.000865791,-0.001087659,-0.000214521,,0,
1786043654690058564,1786043654.687437445,/novatel/oem7/odom,/novatel/oem7/fix,/novatel/oem7/odom,39.663,-75.756,-1.800846476,0.001389961,-0.000215927,-0.001045078,0.000916408,-0.000215927,,,
1786043654695626475,1786043654.694795601,/novatel/oem7/odom,/novatel/oem7/fix,/novatel/oem7/odom,39.663,-75.756,-1.800846476,0.001389961,-0.000215927,-0.001045078,0.000916408,-0.000215927,,,
1786043654707139295,1786043654.706154556,/novatel/oem7/inspva,/novatel/oem7/inspva,/novatel/oem7/inspva,39.663,-75.756,-1.800887821,0.001993131,-0.001139797,0.000997722,-0.001725434,-0.001139797,,novatel_oem7_msgs.msg.InertialSolutionStatus(status=3),
1786043654709385967,1786043654.706373421,/novatel/oem7/fix,/novatel/oem7/fix,/novatel/oem7/inspva,39.663,-75.756,-1.800887821,0.001993131,-0.001139797,0.000997722,-0.001725434,-0.001139797,,0,
1786043654710854515,1786043654.707041644,/novatel/oem7/odom,/novatel/oem7/fix,/novatel/oem7/odom,39.663,-75.756,-1.800887821,0.001991297,-0.001142998,-0.001672679,0.001080468,-0.001142998,,,
1786043654712397027,1786043654.709620847,/novatel/oem7/bestpos,/novatel/oem7/bestpos,/novatel/oem7/odom,39.663,-75.756,33.181605668,0.001991297,-0.001142998,-0.001672679,0.001080468,-0.001142998,,novatel_oem7_msgs.msg.SolutionStatus(status=0),novatel_oem7_msgs.msg.PositionOrVelocityType(type=53)
1786043654713562542,1786043654.710286299,/novatel/oem7/bestvel,/novatel/oem7/bestpos,/novatel/oem7/bestvel,39.663,-75.756,33.181605668,0.001536585,-0.001472589,,,,312.685859399,novatel_oem7_msgs.msg.SolutionStatus(status=0),novatel_oem7_msgs.msg.PositionOrVelocityType(type=53)
1786043654715759077,1786043654.715044228,/novatel/oem7/odom,/novatel/oem7/bestpos,/novatel/oem7/odom,39.663,-75.756,33.181605668,0.001991297,-0.001142998,-0.001672679,0.001080468,-0.001142998,,,
1786043654725932450,1786043654.725400073,/novatel/oem7/inspva,/novatel/oem7/inspva,/novatel/oem7/inspva,39.663,-75.756,-1.800937938,0.001765075,-0.003320565,0.000798956,-0.001573899,-0.003320565,,novatel_oem7_msgs.msg.InertialSolutionStatus(status=3),
1786043654727437398,1786043654.725501117,/novatel/oem7/fix,/novatel/oem7/fix,/novatel/oem7/inspva,39.663,-75.756,-1.800937938,0.001765075,-0.003320565,0.000798956,-0.001573899,-0.003320565,,0,
1786043654728621247,1786043654.726123845,/novatel/oem7/odom,/novatel/oem7/fix,/novatel/oem7/odom,39.663,-75.756,-1.800937938,0.001759132,-0.003323717,-0.001522996,0.000880356,-0.003323717,,,
1786043654735919465,1786043654.735031216,/novatel/oem7/odom,/novatel/oem7/fix,/novatel/oem7/odom,39.663,-75.756,-1.800937938,0.001759132,-0.003323717,-0.001522996,0.000880356,-0.003323717,,,
1786043654746979034,1786043654.746187369,/novatel/oem7/inspva,/novatel/oem7/inspva,/novatel/oem7/inspva,39.663,-75.756,-1.800961252,0.001920412,-0.002411380,0.000166185,-0.001913208,-0.002411380,,novatel_oem7_msgs.msg.InertialSolutionStatus(status=3),
1786043654749107435,1786043654.746409694,/novatel/oem7/fix,/novatel/oem7/fix,/novatel/oem7/inspva,39.663,-75.756,-1.800961252,0.001920412,-0.002411380,0.000166185,-0.001913208,-0.002411380,,0,
1786043654750677853,1786043654.747004257,/novatel/oem7/odom,/novatel/oem7/fix,/novatel/oem7/odom,39.663,-75.756,-1.800961252,0.001912828,-0.002417400,-0.001894813,0.000261910,-0.002417400,,,
1786043654756803667,1786043654.755791677,/novatel/oem7/odom,/novatel/oem7/fix,/novatel/oem7/odom,39.663,-75.756,-1.800961252,0.001912828,-0.002417400,-0.001894813,0.000261910,-0.002417400,,,
1786043654766049858,1786043654.765258294,/novatel/oem7/inspva,/novatel/oem7/inspva,/novatel/oem7/inspva,39.663,-75.756,-1.800967942,0.000614217,0.000730943,-0.000229524,-0.000569720,0.000730943,,novatel_oem7_msgs.msg.InertialSolutionStatus(status=3),
1786043654767959343,1786043654.765481659,/novatel/oem7/fix,/novatel/oem7/fix,/novatel/oem7/inspva,39.663,-75.756,-1.800967942,0.000614217,0.000730943,-0.000229524,-0.000569720,0.000730943,,0,
1786043654769080014,1786043654.766032797,/novatel/oem7/odom,/novatel/oem7/fix,/novatel/oem7/odom,39.663,-75.756,-1.800967942,0.000617284,0.000728354,-0.000582448,-0.000204435,0.000728354,,,
1786043654776182851,1786043654.775224455,/novatel/oem7/odom,/novatel/oem7/fix,/novatel/oem7/odom,39.663,-75.756,-1.800967942,0.000617284,0.000728354,-0.000582448,-0.000204435,0.000728354,,,
1786043654785793599,1786043654.785087728,/novatel/oem7/inspva,/novatel/oem7/inspva,/novatel/oem7/inspva,39.663,-75.756,-1.801001207,0.001588633,-0.000093574,0.000119139,-0.001584159,-0.000093574,,novatel_oem7_msgs.msg.InertialSolutionStatus(status=3),
1786043654787179575,1786043654.785282934,/novatel/oem7/fix,/novatel/oem7/fix,/novatel/oem7/inspva,39.663,-75.756,-1.801001207,0.001588633,-0.000093574,0.000119139,-0.001584159,-0.000093574,,0,
1786043654788317820,1786043654.785686271,/novatel/oem7/odom,/novatel/oem7/fix,/novatel/oem7/odom,39.663,-75.756,-1.801001207,0.001588322,-0.000098709,-0.001576486,0.000193544,-0.000098709,,,
1786043654795238298,1786043654.794470284,/novatel/oem7/odom,/novatel/oem7/fix,/novatel/oem7/odom,39.663,-75.756,-1.801001207,0.001588322,-0.000098709,-0.001576486,0.000193544,-0.000098709,,,
1786043654807766645,1786043654.806666631,/novatel/oem7/inspva,/novatel/oem7/inspva,/novatel/oem7/inspva,39.663,-75.756,-1.801044671,0.002231166,-0.002714538,0.000953917,-0.002016965,-0.002714538,,novatel_oem7_msgs.msg.InertialSolutionStatus(status=3),
1786043654810141361,1786043654.806896686,/novatel/oem7/fix,/novatel/oem7/fix,/novatel/oem7/inspva,39.663,-75.756,-1.801044671,0.002231166,-0.002714538,0.000953917,-0.002016965,-0.002714538,,0,
1786043654811747757,1786043654.807495442,/novatel/oem7/odom,/novatel/oem7/fix,/novatel/oem7/odom,39.663,-75.756,-1.801044671,0.002226052,-0.002718734,-0.001960477,0.001054435,-0.002718734,,,
1786043654813327652,1786043654.810524025,/novatel/oem7/bestpos,/novatel/oem7/bestpos,/novatel/oem7/odom,39.663,-75.756,33.181473795,0.002226052,-0.002718734,-0.001960477,0.001054435,-0.002718734,,novatel_oem7_msgs.msg.SolutionStatus(status=0),novatel_oem7_msgs.msg.PositionOrVelocityType(type=53)
1786043654814345426,1786043654.810931469,/novatel/oem7/bestvel,/novatel/oem7/bestpos,/novatel/oem7/bestvel,39.663,-75.756,33.181473795,0.003447512,-0.002100371,,,,287.339451043,novatel_oem7_msgs.msg.SolutionStatus(status=0),novatel_oem7_msgs.msg.PositionOrVelocityType(type=53)
1786043654816212214,1786043654.815039403,/novatel/oem7/odom,/novatel/oem7/bestpos,/novatel/oem7/odom,39.663,-75.756,33.181473795,0.002226052,-0.002718734,-0.001960477,0.001054435,-0.002718734,,,
1786043654825868186,1786043654.825043638,/novatel/oem7/inspva,/novatel/oem7/inspva,/novatel/oem7/inspva,39.663,-75.756,-1.801063091,0.001560355,-0.002216479,0.000189055,-0.001548860,-0.002216479,,novatel_oem7_msgs.msg.InertialSolutionStatus(status=3),
1786043654827349894,1786043654.825192389,/novatel/oem7/fix,/novatel/oem7/fix,/novatel/oem7/inspva,39.663,-75.756,-1.801063091,0.001560355,-0.002216479,0.000189055,-0.001548860,-0.002216479,,0,
1786043654828504145,1786043654.825562253,/novatel/oem7/odom,/novatel/oem7/fix,/novatel/oem7/odom,39.663,-75.756,-1.801063091,0.001553613,-0.002221210,-0.001530462,0.000267208,-0.002221210,,,
1786043654835679756,1786043654.834714193,/novatel/oem7/odom,/novatel/oem7/fix,/novatel/oem7/odom,39.663,-75.756,-1.801063091,0.001553613,-0.002221210,-0.001530462,0.000267208,-0.002221210,,,
1786043654846394914,1786043654.845336767,/novatel/oem7/inspva,/novatel/oem7/inspva,/novatel/oem7/inspva,39.663,-75.756,-1.801072887,0.001330368,-0.000227695,-0.000740792,-0.001105037,-0.000227695,,novatel_oem7_msgs.msg.InertialSolutionStatus(status=3),
1786043654848326180,1786043654.845637170,/novatel/oem7/fix,/novatel/oem7/fix,/novatel/oem7/inspva,39.663,-75.756,-1.801072887,0.001330368,-0.000227695,-0.000740792,-0.001105037,-0.000227695,,0,
1786043654849556099,1786043654.846303724,/novatel/oem7/odom,/novatel/oem7/fix,/novatel/oem7/odom,39.663,-75.756,-1.801072887,0.001329360,-0.000233510,-0.001137748,-0.000687551,-0.000233510,,,
1786043654857397489,1786043654.856396376,/novatel/oem7/odom,/novatel/oem7/fix,/novatel/oem7/odom,39.663,-75.756,-1.801072887,0.001329360,-0.000233510,-0.001137748,-0.000687551,-0.000233510,,,
1786043654866947500,1786043654.866137968,/novatel/oem7/inspva,/novatel/oem7/inspva,/novatel/oem7/inspva,39.663,-75.756,-1.801103295,0.001218679,-0.000200277,-0.000062463,-0.001217077,-0.000200277,,novatel_oem7_msgs.msg.InertialSolutionStatus(status=3),
1786043654868819988,1786043654.866358941,/novatel/oem7/fix,/novatel/oem7/fix,/novatel/oem7/inspva,39.663,-75.756,-1.801103295,0.001218679,-0.000200277,-0.000062463,-0.001217077,-0.000200277,,0,
1786043654870344027,1786043654.867131785,/novatel/oem7/odom,/novatel/oem7/fix,/novatel/oem7/odom,39.663,-75.756,-1.801103295,0.001217959,-0.000204611,-0.001217949,-0.000004780,-0.000204611,,,
1786043654876036639,1786043654.874638115,/novatel/oem7/odom,/novatel/oem7/fix,/novatel/oem7/odom,39.663,-75.756,-1.801103295,0.001217959,-0.000204611,-0.001217949,-0.000004780,-0.000204611,,,
1786043654885984657,1786043654.885262720,/novatel/oem7/inspva,/novatel/oem7/inspva,/novatel/oem7/inspva,39.663,-75.756,-1.801150895,0.002493942,-0.002478471,0.001293415,-0.002132328,-0.002478471,,novatel_oem7_msgs.msg.InertialSolutionStatus(status=3),
1786043654887479208,1786043654.885539379,/novatel/oem7/fix,/novatel/oem7/fix,/novatel/oem7/inspva,39.663,-75.756,-1.801150895,0.002493942,-0.002478471,0.001293415,-0.002132328,-0.002478471,,0,
1786043654888610936,1786043654.885979184,/novatel/oem7/odom,/novatel/oem7/fix,/novatel/oem7/odom,39.663,-75.756,-1.801150895,0.002490187,-0.002482244,-0.002060503,0.001398341,-0.002482244,,,
1786043654896162794,1786043654.895497324,/novatel/oem7/odom,/novatel/oem7/fix,/novatel/oem7/odom,39.663,-75.756,-1.801150895,0.002490187,-0.002482244,-0.002060503,0.001398341,-0.002482244,,,
1786043654906802005,1786043654.905960023,/novatel/oem7/inspva,/novatel/oem7/inspva,/novatel/oem7/inspva,39.663,-75.756,-1.801184127,0.002288713,-0.002609591,0.000964076,-0.002075757,-0.002609591,,novatel_oem7_msgs.msg.InertialSolutionStatus(status=3),
1786043654908437487,1786043654.906184039,/novatel/oem7/fix,/novatel/oem7/fix,/novatel/oem7/inspva,39.663,-75.756,-1.801184127,0.002288713,-0.002609591,0.000964076,-0.002075757,-0.002609591,,0,
1786043654909603926,1786043654.906550353,/novatel/oem7/odom,/novatel/oem7/fix,/novatel/oem7/odom,39.663,-75.756,-1.801184127,0.002283706,-0.002613974,-0.002019077,0.001067071,-0.002613974,,,
1786043654911511171,1786043654.909502365,/novatel/oem7/bestpos,/novatel/oem7/bestpos,/novatel/oem7/odom,39.663,-75.756,33.181335007,0.002283706,-0.002613974,-0.002019077,0.001067071,-0.002613974,,novatel_oem7_msgs.msg.SolutionStatus(status=0),novatel_oem7_msgs.msg.PositionOrVelocityType(type=53)
1786043654912583418,1786043654.910204502,/novatel/oem7/bestvel,/novatel/oem7/bestpos,/novatel/oem7/bestvel,39.663,-75.756,33.181335007,0.003736181,-0.001933691,,,,287.470655093,novatel_oem7_msgs.msg.SolutionStatus(status=0),novatel_oem7_msgs.msg.PositionOrVelocityType(type=53)
1786043654915656885,1786043654.914672129,/novatel/oem7/odom,/novatel/oem7/bestpos,/novatel/oem7/odom,39.663,-75.756,33.181335007,0.002283706,-0.002613974,-0.002019077,0.001067071,-0.002613974,,,
1786043654926261776,1786043654.925477619,/novatel/oem7/inspva,/novatel/oem7/inspva,/novatel/oem7/inspva,39.663,-75.756,-1.801211437,0.001151975,-0.001618570,-0.001047521,-0.000479319,-0.001618570,,novatel_oem7_msgs.msg.InertialSolutionStatus(status=3),
1786043654928028340,1786043654.925798488,/novatel/oem7/fix,/novatel/oem7/fix,/novatel/oem7/inspva,39.663,-75.756,-1.801211437,0.001151975,-0.001618570,-0.001047521,-0.000479319,-0.001618570,,0,
1786043654929413627,1786043654.926443071,/novatel/oem7/odom,/novatel/oem7/fix,/novatel/oem7/odom,39.663,-75.756,-1.801211437,0.001145671,-0.001623039,-0.000522239,-0.001019720,-0.001623039,,,
1786043654935729619,1786043654.934995689,/novatel/oem7/odom,/novatel/oem7/fix,/novatel/oem7/odom,39.663,-75.756,-1.801211437,0.001145671,-0.001623039,-0.000522239,-0.001019720,-0.001623039,,,
1786043654945983427,1786043654.945063391,/novatel/oem7/inspva,/novatel/oem7/inspva,/novatel/oem7/inspva,39.663,-75.756,-1.801240733,0.001442752,-0.000718041,-0.000671418,-0.001277001,-0.000718041,,novatel_oem7_msgs.msg.InertialSolutionStatus(status=3),
1786043654947759888,1786043654.945324760,/novatel/oem7/fix,/novatel/oem7/fix,/novatel/oem7/inspva,39.663,-75.756,-1.801240733,0.001442752,-0.000718041,-0.000671418,-0.001277001,-0.000718041,,0,
1786043654949207388,1786043654.945901429,/novatel/oem7/odom,/novatel/oem7/fix,/novatel/oem7/odom,39.663,-75.756,-1.801240733,0.001439659,-0.000724222,-0.001304540,-0.000608929,-0.000724222,,,
1786043654957067926,1786043654.956143916,/novatel/oem7/odom,/novatel/oem7/fix,/novatel/oem7/odom,39.663,-75.756,-1.801240733,0.001439659,-0.000724222,-0.001304540,-0.000608929,-0.000724222,,,
1786043654966257100,1786043654.965519239,/novatel/oem7/inspva,/novatel/oem7/inspva,/novatel/oem7/inspva,39.663,-75.756,-1.801279942,0.002863792,-0.001423994,0.001067795,-0.002657277,-0.001423994,,novatel_oem7_msgs.msg.InertialSolutionStatus(status=3),
1786043654968044683,1786043654.965762645,/novatel/oem7/fix,/novatel/oem7/fix,/novatel/oem7/inspva,39.663,-75.756,-1.801279942,0.002863792,-0.001423994,0.001067795,-0.002657277,-0.001423994,,0,
1786043654969511378,1786043654.966497252,/novatel/oem7/odom,/novatel/oem7/fix,/novatel/oem7/odom,39.663,-75.756,-1.801279942,0.002860726,-0.001430144,-0.002599233,0.001194881,-0.001430144,,,
1786043654975267261,1786043654.974613499,/novatel/oem7/odom,/novatel/oem7/fix,/novatel/oem7/odom,39.663,-75.756,-1.801279942,0.002860726,-0.001430144,-0.002599233,0.001194881,-0.001430144,,,
1786043654987515692,1786043654.986289877,/novatel/oem7/inspva,/novatel/oem7/inspva,/novatel/oem7/inspva,39.663,-75.756,-1.801315168,0.002456872,-0.002423415,0.000884797,-0.002292020,-0.002423415,,novatel_oem7_msgs.msg.InertialSolutionStatus(status=3),
1786043654989740467,1786043654.986589650,/novatel/oem7/fix,/novatel/oem7/fix,/novatel/oem7/inspva,39.663,-75.756,-1.801315168,0.002456872,-0.002423415,0.000884797,-0.002292020,-0.002423415,,0,
1786043654991335342,1786043654.987178942,/novatel/oem7/odom,/novatel/oem7/fix,/novatel/oem7/odom,39.663,-75.756,-1.801315168,0.002451538,-0.002428811,-0.002239446,0.000997457,-0.002428811,,,
1786043654995360621,1786043654.994571774,/novatel/oem7/odom,/novatel/oem7/fix,/novatel/oem7/odom,39.663,-75.756,-1.801315168,0.002451538,-0.002428811,-0.002239446,0.000997457,-0.002428811,,,
1786043655011033100,1786043655.010094377,/novatel/oem7/inspva,/novatel/oem7/inspva,/novatel/oem7/inspva,39.663,-75.756,-1.801340573,0.001970300,-0.001624353,-0.001202866,-0.001560512,-0.001624353,,novatel_oem7_msgs.msg.InertialSolutionStatus(status=3),
1786043655013033246,1786043655.010304286,/novatel/oem7/fix,/novatel/oem7/fix,/novatel/oem7/inspva,39.663,-75.756,-1.801340573,0.001970300,-0.001624353,-0.001202866,-0.001560512,-0.001624353,,0,
1786043655014360106,1786043655.011828531,/novatel/oem7/odom,/novatel/oem7/fix,/novatel/oem7/odom,39.663,-75.756,-1.801340573,0.001963214,-0.001632911,-0.001609457,-0.001124214,-0.001632911,,,
1786043655017242994,1786043655.015670692,/novatel/oem7/odom,/novatel/oem7/fix,/novatel/oem7/odom,39.663,-75.756,-1.801340573,0.001963214,-0.001632911,-0.001609457,-0.001124214,-0.001632911,,,
1786043655027848291,1786043655.026994907,/novatel/oem7/bestpos,/novatel/oem7/bestpos,/novatel/oem7/odom,39.663,-75.756,33.181182574,0.001963214,-0.001632911,-0.001609457,-0.001124214,-0.001632911,,novatel_oem7_msgs.msg.SolutionStatus(status=0),novatel_oem7_msgs.msg.PositionOrVelocityType(type=53)
1786043655029686979,1786043655.027428067,/novatel/oem7/bestvel,/novatel/oem7/bestpos,/novatel/oem7/bestvel,39.663,-75.756,33.181182574,0.002535302,-0.001261400,,,,240.187264992,novatel_oem7_msgs.msg.SolutionStatus(status=0),novatel_oem7_msgs.msg.PositionOrVelocityType(type=53)
1786043655030765660,1786043655.027946561,/novatel/oem7/inspva,/novatel/oem7/inspva,/novatel/oem7/inspva,39.663,-75.756,-1.801365723,0.001242355,-0.001130982,-0.001163304,-0.000436085,-0.001130982,,novatel_oem7_msgs.msg.InertialSolutionStatus(status=3),
1786043655031735570,1786043655.028055626,/novatel/oem7/fix,/novatel/oem7/fix,/novatel/oem7/inspva,39.663,-75.756,-1.801365723,0.001242355,-0.001130982,-0.001163304,-0.000436085,-0.001130982,,0,
1786043655032956715,1786043655.028400114,/novatel/oem7/odom,/novatel/oem7/fix,/novatel/oem7/odom,39.663,-75.756,-1.801365723,0.001238113,-0.001135624,-0.000486160,-0.001138671,-0.001135624,,,
1786043655035753223,1786043655.034920058,/novatel/oem7/odom,/novatel/oem7/fix,/novatel/oem7/odom,39.663,-75.756,-1.801365723,0.001238113,-0.001135624,-0.000486160,-0.001138671,-0.001135624,,,
1786043655047708120,1786043655.046656145,/novatel/oem7/inspva,/novatel/oem7/inspva,/novatel/oem7/inspva,39.663,-75.756,-1.801351908,0.002417734,-0.000594956,0.000340771,-0.002393598,-0.000594956,,novatel_oem7_msgs.msg.InertialSolutionStatus(status=3),
1786043655049894715,1786043655.046816713,/novatel/oem7/fix,/novatel/oem7/fix,/novatel/oem7/inspva,39.663,-75.756,-1.801351908,0.002417734,-0.000594956,0.000340771,-0.002393598,-0.000594956,,0,
1786043655051211625,1786043655.047560432,/novatel/oem7/odom,/novatel/oem7/fix,/novatel/oem7/odom,39.663,-75.756,-1.801351908,0.002415914,-0.000602301,-0.002372843,0.000454158,-0.000602301,,,
1786043655057904231,1786043655.056836115,/novatel/oem7/odom,/novatel/oem7/fix,/novatel/oem7/odom,39.663,-75.756,-1.801351908,0.002415914,-0.000602301,-0.002372843,0.000454158,-0.000602301,,,
1786043655066390477,1786043655.065219663,/novatel/oem7/inspva,/novatel/oem7/inspva,/novatel/oem7/inspva,39.663,-75.756,-1.801338179,0.002585460,-0.001857462,0.000986219,-0.002389974,-0.001857462,,novatel_oem7_msgs.msg.InertialSolutionStatus(status=3),
1786043655068641369,1786043655.065552082,/novatel/oem7/fix,/novatel/oem7/fix,/novatel/oem7/inspva,39.663,-75.756,-1.801338179,0.002585460,-0.001857462,0.000986219,-0.002389974,-0.001857462,,0,
1786043655070267892,1786043655.065975245,/novatel/oem7/odom,/novatel/oem7/fix,/novatel/oem7/odom,39.663,-75.756,-1.801338179,0.002581559,-0.001862880,-0.002334563,0.001101935,-0.001862880,,,
1786043655076833303,1786043655.075865897,/novatel/oem7/odom,/novatel/oem7/fix,/novatel/oem7/odom,39.663,-75.756,-1.801338179,0.002581559,-0.001862880,-0.002334563,0.001101935,-0.001862880,,,
1786043655086458582,1786043655.085458222,/novatel/oem7/inspva,/novatel/oem7/inspva,/novatel/oem7/inspva,39.663,-75.756,-1.801329644,0.001438527,-0.002592533,-0.001018398,-0.001015985,-0.002592533,,novatel_oem7_msgs.msg.InertialSolutionStatus(status=3),
1786043655088160054,1786043655.085788575,/novatel/oem7/fix,/novatel/oem7/fix,/novatel/oem7/inspva,39.663,-75.756,-1.801329644,0.001438527,-0.002592533,-0.001018398,-0.001015985,-0.002592533,,0,
1786043655089443057,1786043655.086481185,/novatel/oem7/odom,/novatel/oem7/fix,/novatel/oem7/odom,39.663,-75.756,-1.801329644,0.001427322,-0.002598718,-0.001053492,-0.000963017,-0.002598718,,,
1786043655096012109,1786043655.095231598,/novatel/oem7/odom,/novatel/oem7/fix,/novatel/oem7/odom,39.663,-75.756,-1.801329644,0.001427322,-0.002598718,-0.001053492,-0.000963017,-0.002598718,,,
1786043655107570412,1786043655.106031020,/novatel/oem7/inspva,/novatel/oem7/inspva,/novatel/oem7/inspva,39.663,-75.756,-1.801306296,0.001625216,-0.002057945,-0.000914169,-0.001343734,-0.002057945,,novatel_oem7_msgs.msg.InertialSolutionStatus(status=3),
1786043655110507251,1786043655.109453840,/novatel/oem7/bestpos,/novatel/oem7/bestpos,/novatel/oem7/inspva,39.663,-75.756,33.181225427,0.001625216,-0.002057945,-0.000914169,-0.001343734,-0.002057945,,novatel_oem7_msgs.msg.SolutionStatus(status=0),novatel_oem7_msgs.msg.PositionOrVelocityType(type=53)
1786043655111465950,1786043655.106321700,/novatel/oem7/fix,/novatel/oem7/fix,/novatel/oem7/inspva,39.663,-75.756,-1.801306296,0.001625216,-0.002057945,-0.000914169,-0.001343734,-0.002057945,,0,
1786043655112676469,1786043655.108614102,/novatel/oem7/odom,/novatel/oem7/fix,/novatel/oem7/odom,39.663,-75.756,-1.801306296,0.001616293,-0.002064960,-0.001377861,-0.000844927,-0.002064960,,,
1786043655114178994,1786043655.110090240,/novatel/oem7/bestvel,/novatel/oem7/fix,/novatel/oem7/bestvel,39.663,-75.756,-1.801306296,0.002737267,-0.001306821,,,,243.289217775,novatel_oem7_msgs.msg.SolutionStatus(status=0),novatel_oem7_msgs.msg.PositionOrVelocityType(type=53)
1786043655115927291,1786043655.114654182,/novatel/oem7/odom,/novatel/oem7/fix,/novatel/oem7/odom,39.663,-75.756,-1.801306296,0.001616293,-0.002064960,-0.001377861,-0.000844927,-0.002064960,,,
1786043655125997256,1786043655.125362284,/novatel/oem7/inspva,/novatel/oem7/inspva,/novatel/oem7/inspva,39.663,-75.756,-1.801287358,0.000674802,-0.000525793,-0.000001016,-0.000674801,-0.000525793,,novatel_oem7_msgs.msg.InertialSolutionStatus(status=3),
1786043655127552149,1786043655.125554992,/novatel/oem7/fix,/novatel/oem7/fix,/novatel/oem7/inspva,39.663,-75.756,-1.801287358,0.000674802,-0.000525793,-0.000001016,-0.000674801,-0.000525793,,0,
1786043655128688713,1786043655.126103018,/novatel/oem7/odom,/novatel/oem7/fix,/novatel/oem7/odom,39.663,-75.756,-1.801287358,0.000673012,-0.000528082,-0.000672252,0.000031973,-0.000528082,,,
1786043655136355395,1786043655.135561734,/novatel/oem7/odom,/novatel/oem7/fix,/novatel/oem7/odom,39.663,-75.756,-1.801287358,0.000673012,-0.000528082,-0.000672252,0.000031973,-0.000528082,,,
1786043655146395097,1786043655.145525682,/novatel/oem7/inspva,/novatel/oem7/inspva,/novatel/oem7/inspva,39.663,-75.756,-1.801278264,0.001464228,-0.001064935,0.000592532,-0.001338981,-0.001064935,,novatel_oem7_msgs.msg.InertialSolutionStatus(status=3),
1786043655148145921,1786043655.145759051,/novatel/oem7/fix,/novatel/oem7/fix,/novatel/oem7/inspva,39.663,-75.756,-1.801278264,0.001464228,-0.001064935,0.000592532,-0.001338981,-0.001064935,,0,
1786043655149356343,1786043655.146244272,/novatel/oem7/odom,/novatel/oem7/fix,/novatel/oem7/odom,39.663,-75.756,-1.801278264,0.001462061,-0.001067909,-0.001305948,0.000657360,-0.001067909,,,
1786043655156991488,1786043655.155914564,/novatel/oem7/odom,/novatel/oem7/fix,/novatel/oem7/odom,39.663,-75.756,-1.801278264,0.001462061,-0.001067909,-0.001305948,0.000657360,-0.001067909,,,
1786043655167778397,1786043655.166768797,/novatel/oem7/inspva,/novatel/oem7/inspva,/novatel/oem7/inspva,39.663,-75.756,-1.801286100,0.001897251,-0.003316492,-0.000798016,-0.001721259,-0.003316492,,novatel_oem7_msgs.msg.InertialSolutionStatus(status=3),
1786043655169885965,1786043655.167097497,/novatel/oem7/fix,/novatel/oem7/fix,/novatel/oem7/inspva,39.663,-75.756,-1.801286100,0.001897251,-0.003316492,-0.000798016,-0.001721259,-0.003316492,,0,
1786043655171441277,1786043655.167795764,/novatel/oem7/odom,/novatel/oem7/fix,/novatel/oem7/odom,39.663,-75.756,-1.801286100,0.001883341,-0.003324412,-0.001745180,-0.000708039,-0.003324412,,,
1786043655175985545,1786043655.175164274,/novatel/oem7/odom,/novatel/oem7/fix,/novatel/oem7/odom,39.663,-75.756,-1.801286100,0.001883341,-0.003324412,-0.001745180,-0.000708039,-0.003324412,,,
1786043655185993500,1786043655.185171175,/novatel/oem7/inspva,/novatel/oem7/inspva,/novatel/oem7/inspva,39.663,-75.756,-1.801258229,0.001198814,-0.002521867,-0.000877970,-0.000816287,-0.002521867,,novatel_oem7_msgs.msg.InertialSolutionStatus(status=3),
1786043655187585499,1786043655.185394717,/novatel/oem7/fix,/novatel/oem7/fix,/novatel/oem7/inspva,39.663,-75.756,-1.801258229,0.001198814,-0.002521867,-0.000877970,-0.000816287,-0.002521867,,0,
1786043655188780051,1786043655.185813355,/novatel/oem7/odom,/novatel/oem7/fix,/novatel/oem7/odom,39.663,-75.756,-1.801258229,0.001188023,-0.002526969,-0.000847699,-0.000832348,-0.002526969,,,
1786043655196552497,1786043655.195794516,/novatel/oem7/odom,/novatel/oem7/fix,/novatel/oem7/odom,39.663,-75.756,-1.801258229,0.001188023,-0.002526969,-0.000847699,-0.000832348,-0.002526969,,,
1786043655207798495,1786043655.206858162,/novatel/oem7/inspva,/novatel/oem7/inspva,/novatel/oem7/inspva,39.663,-75.756,-1.801225926,0.001223963,0.000322544,-0.000530759,-0.001102896,0.000322544,,novatel_oem7_msgs.msg.InertialSolutionStatus(status=3),
1786043655209578592,1786043655.207134328,/novatel/oem7/fix,/novatel/oem7/fix,/novatel/oem7/inspva,39.663,-75.756,-1.801225926,0.001223963,0.000322544,-0.000530759,-0.001102896,0.000322544,,0,
1786043655210931395,1786043655.208012907,/novatel/oem7/odom,/novatel/oem7/fix,/novatel/oem7/odom,39.663,-75.756,-1.801225926,0.001225331,0.000317308,-0.001127703,-0.000479292,0.000317308,,,
1786043655212678752,1786043655.210318869,/novatel/oem7/bestpos,/novatel/oem7/bestpos,/novatel/oem7/odom,39.663,-75.756,33.181283909,0.001225331,0.000317308,-0.001127703,-0.000479292,0.000317308,,novatel_oem7_msgs.msg.SolutionStatus(status=0),novatel_oem7_msgs.msg.PositionOrVelocityType(type=53)
1786043655213735743,1786043655.210658586,/novatel/oem7/bestvel,/novatel/oem7/bestpos,/novatel/oem7/bestvel,39.663,-75.756,33.181283909,0.000271347,-0.000751749,,,,21.970022831,novatel_oem7_msgs.msg.SolutionStatus(status=0),novatel_oem7_msgs.msg.PositionOrVelocityType(type=53)
1786043655216169663,1786043655.215028922,/novatel/oem7/odom,/novatel/oem7/bestpos,/novatel/oem7/odom,39.663,-75.756,33.181283909,0.001225331,0.000317308,-0.001127703,-0.000479292,0.000317308,,,
1786043655227149565,1786043655.226165318,/novatel/oem7/inspva,/novatel/oem7/inspva,/novatel/oem7/inspva,39.663,-75.756,-1.801215705,0.000369170,-0.000613074,-0.000181192,-0.000321645,-0.000613074,,novatel_oem7_msgs.msg.InertialSolutionStatus(status=3),
1786043655229269306,1786043655.226471578,/novatel/oem7/fix,/novatel/oem7/fix,/novatel/oem7/inspva,39.663,-75.756,-1.801215705,0.000369170,-0.000613074,-0.000181192,-0.000321645,-0.000613074,,0,
1786043655230887815,1786043655.227040417,/novatel/oem7/odom,/novatel/oem7/fix,/novatel/oem7/odom,39.663,-75.756,-1.801215705,0.000366532,-0.000614655,-0.000327622,-0.000164344,-0.000614655,,,
1786043655235681129,1786043655.234614461,/novatel/oem7/odom,/novatel/oem7/fix,/novatel/oem7/odom,39.663,-75.756,-1.801215705,0.000366532,-0.000614655,-0.000327622,-0.000164344,-0.000614655,,,
1786043655246612549,1786043655.245350197,/novatel/oem7/inspva,/novatel/oem7/inspva,/novatel/oem7/inspva,39.663,-75.756,-1.801222176,0.001778472,-0.002831141,0.000251798,-0.001760556,-0.002831141,,novatel_oem7_msgs.msg.InertialSolutionStatus(status=3),
1786043655248543688,1786043655.245680500,/novatel/oem7/fix,/novatel/oem7/fix,/novatel/oem7/inspva,39.663,-75.756,-1.801222176,0.001778472,-0.002831141,0.000251798,-0.001760556,-0.002831141,,0,
1786043655249905312,1786043655.246387060,/novatel/oem7/odom,/novatel/oem7/fix,/novatel/oem7/odom,39.663,-75.756,-1.801222176,0.001770050,-0.002836413,-0.001736843,0.000341252,-0.002836413,,,
1786043655257597990,1786043655.256372658,/novatel/oem7/odom,/novatel/oem7/fix,/novatel/oem7/odom,39.663,-75.756,-1.801222176,0.001770050,-0.002836413,-0.001736843,0.000341252,-0.002836413,,,
1786043655266071758,1786043655.265124281,/novatel/oem7/inspva,/novatel/oem7/inspva,/novatel/oem7/inspva,39.663,-75.756,-1.801198501,0.001758125,-0.002801147,-0.000721885,-0.001603086,-0.002801147,,novatel_oem7_msgs.msg.InertialSolutionStatus(status=3),
1786043655268202448,1786043655.265377774,/novatel/oem7/fix,/novatel/oem7/fix,/novatel/oem7/inspva,39.663,-75.756,-1.801198501,0.001758125,-0.002801147,-0.000721885,-0.001603086,-0.002801147,,0,
1786043655269974626,1786043655.265783591,/novatel/oem7/odom,/novatel/oem7/fix,/novatel/oem7/odom,39.663,-75.756,-1.801198501,0.001746393,-0.002808476,-0.001625359,-0.000638825,-0.002808476,,,
1786043655275291584,1786043655.274537657,/novatel/oem7/odom,/novatel/oem7/fix,/novatel/oem7/odom,39.663,-75.756,-1.801198501,0.001746393,-0.002808476,-0.001625359,-0.000638825,-0.002808476,,,
1786043655288206711,1786043655.286706515,/novatel/oem7/inspva,/novatel/oem7/inspva,/novatel/oem7/inspva,39.663,-75.756,-1.801164852,0.001257262,0.000204923,-0.001208731,-0.000345943,0.000204923,,novatel_oem7_msgs.msg.InertialSolutionStatus(status=3),
1786043655290067153,1786043655.287084724,/novatel/oem7/fix,/novatel/oem7/fix,/novatel/oem7/inspva,39.663,-75.756,-1.801164852,0.001257262,0.000204923,-0.001208731,-0.000345943,0.000204923,,0,
1786043655291355579,1786043655.287861442,/novatel/oem7/odom,/novatel/oem7/fix,/novatel/oem7/odom,39.663,-75.756,-1.801164852,0.001257980,0.000200468,-0.000402946,-0.001191699,0.000200468,,,
1786043655295599001,1786043655.294899930,/novatel/oem7/odom,/novatel/oem7/fix,/novatel/oem7/odom,39.663,-75.756,-1.801164852,0.001257980,0.000200468,-0.000402946,-0.001191699,0.000200468,,,
1786043655306540139,1786043655.305916139,/novatel/oem7/inspva,/novatel/oem7/inspva,/novatel/oem7/inspva,39.663,-75.756,-1.801156729,0.001174956,-0.000479950,-0.000875916,-0.000783130,-0.000479950,,novatel_oem7_msgs.msg.InertialSolutionStatus(status=3),
1786043655308058900,1786043655.306113171,/novatel/oem7/fix,/novatel/oem7/fix,/novatel/oem7/inspva,39.663,-75.756,-1.801156729,0.001174956,-0.000479950,-0.000875916,-0.000783130,-0.000479950,,0,
1786043655309223508,1786043655.306659457,/novatel/oem7/odom,/novatel/oem7/fix,/novatel/oem7/odom,39.663,-75.756,-1.801156729,0.001172888,-0.000484982,-0.000821625,-0.000837018,-0.000484982,,,
1786043655310980815,1786043655.309553928,/novatel/oem7/bestpos,/novatel/oem7/bestpos,/novatel/oem7/odom,39.663,-75.756,33.181370478,0.001172888,-0.000484982,-0.000821625,-0.000837018,-0.000484982,,novatel_oem7_msgs.msg.SolutionStatus(status=0),novatel_oem7_msgs.msg.PositionOrVelocityType(type=53)
1786043655312560105,1786043655.310272568,/novatel/oem7/bestvel,/novatel/oem7/bestpos,/novatel/oem7/bestvel,39.663,-75.756,33.181370478,0.000773799,-0.000931076,,,,181.728285184,novatel_oem7_msgs.msg.SolutionStatus(status=0),novatel_oem7_msgs.msg.PositionOrVelocityType(type=53)
1786043655316202414,1786043655.315506337,/novatel/oem7/odom,/novatel/oem7/bestpos,/novatel/oem7/odom,39.663,-75.756,33.181370478,0.001172888,-0.000484982,-0.000821625,-0.000837018,-0.000484982,,,
1786043655325963393,1786043655.325387241,/novatel/oem7/inspva,/novatel/oem7/inspva,/novatel/oem7/inspva,39.663,-75.756,-1.801166401,0.001671994,-0.002587123,0.000478932,-0.001601933,-0.002587123,,novatel_oem7_msgs.msg.InertialSolutionStatus(status=3),
1786043655327352940,1786043655.325594716,/novatel/oem7/fix,/novatel/oem7/fix,/novatel/oem7/inspva,39.663,-75.756,-1.801166401,0.001671994,-0.002587123,0.000478932,-0.001601933,-0.002587123,,0,
1786043655328484087,1786043655.326060084,/novatel/oem7/odom,/novatel/oem7/fix,/novatel/oem7/odom,39.663,-75.756,-1.801166401,0.001665688,-0.002591187,-0.001568694,0.000560104,-0.002591187,,,
1786043655335665742,1786043655.334961115,/novatel/oem7/odom,/novatel/oem7/fix,/novatel/oem7/odom,39.663,-75.756,-1.801166401,0.001665688,-0.002591187,-0.001568694,0.000560104,-0.002591187,,,
1786043655346693143,1786043655.346071654,/novatel/oem7/inspva,/novatel/oem7/inspva,/novatel/oem7/inspva,39.663,-75.756,-1.801142602,0.001532130,-0.002586978,-0.000154277,-0.001524343,-0.002586978,,novatel_oem7_msgs.msg.InertialSolutionStatus(status=3),
1786043655348151975,1786043655.346262089,/novatel/oem7/fix,/novatel/oem7/fix,/novatel/oem7/inspva,39.663,-75.756,-1.801142602,0.001532130,-0.002586978,-0.000154277,-0.001524343,-0.002586978,,0,
1786043655349266059,1786043655.346695820,/novatel/oem7/odom,/novatel/oem7/fix,/novatel/oem7/odom,39.663,-75.756,-1.801142602,0.001522697,-0.002592542,-0.001520797,-0.000076034,-0.002592542,,,
1786043655356575147,1786043655.355873167,/novatel/oem7/odom,/novatel/oem7/fix,/novatel/oem7/odom,39.663,-75.756,-1.801142602,0.001522697,-0.002592542,-0.001520797,-0.000076034,-0.002592542,,,
1786043655365984696,1786043655.365361297,/novatel/oem7/inspva,/novatel/oem7/inspva,/novatel/oem7/inspva,39.663,-75.756,-1.801116594,0.001833514,-0.000615756,-0.001183120,-0.001400714,-0.000615756,,novatel_oem7_msgs.msg.InertialSolutionStatus(status=3),
1786043655367466841,1786043655.365576032,/novatel/oem7/fix,/novatel/oem7/fix,/novatel/oem7/inspva,39.663,-75.756,-1.801116594,0.001833514,-0.000615756,-0.001183120,-0.001400714,-0.000615756,,0,
1786043655368584022,1786043655.366032687,/novatel/oem7/odom,/novatel/oem7/fix,/novatel/oem7/odom,39.663,-75.756,-1.801116594,0.001830817,-0.000623729,-0.001452446,-0.001114581,-0.000623729,,,
1786043655376228437,1786043655.375521830,/novatel/oem7/odom,/novatel/oem7/fix,/novatel/oem7/odom,39.663,-75.756,-1.801116594,0.001830817,-0.000623729,-0.001452446,-0.001114581,-0.000623729,,,
1786043655385684017,1786043655.385088224,/novatel/oem7/inspva,/novatel/oem7/inspva,/novatel/oem7/inspva,39.663,-75.756,-1.801109406,0.001268874,-0.000553673,-0.000710526,-0.001051282,-0.000553673,,novatel_oem7_msgs.msg.InertialSolutionStatus(status=3),
1786043655387103831,1786043655.385263706,/novatel/oem7/fix,/novatel/oem7/fix,/novatel/oem7/inspva,39.663,-75.756,-1.801109406,0.001268874,-0.000553673,-0.000710526,-0.001051282,-0.000553673,,0,
1786043655388226019,1786043655.385721334,/novatel/oem7/odom,/novatel/oem7/fix,/novatel/oem7/odom,39.663,-75.756,-1.801109406,0.001266468,-0.000559153,-0.001081478,-0.000659050,-0.000559153,,,
1786043655395111819,1786043655.394405513,/novatel/oem7/odom,/novatel/oem7/fix,/novatel/oem7/odom,39.663,-75.756,-1.801109406,0.001266468,-0.000559153,-0.001081478,-0.000659050,-0.000559153,,,
1786043655407164175,1786043655.406539602,/novatel/oem7/inspva,/novatel/oem7/inspva,/novatel/oem7/inspva,39.663,-75.756,-1.801114275,0.002248413,-0.001765479,0.000682536,-0.002142313,-0.001765479,,novatel_oem7_msgs.msg.InertialSolutionStatus(status=3),
1786043655408677520,1786043655.406714304,/novatel/oem7/fix,/novatel/oem7/fix,/novatel/oem7/inspva,39.663,-75.756,-1.801114275,0.002248413,-0.001765479,0.000682536,-0.002142313,-0.001765479,,0,
1786043655409807914,1786043655.407131591,/novatel/oem7/odom,/novatel/oem7/fix,/novatel/oem7/odom,39.663,-75.756,-1.801114275,0.002244154,-0.001770889,-0.002101753,0.000786679,-0.001770889,,,
1786043655411857737,1786043655.409858051,/novatel/oem7/bestpos,/novatel/oem7/bestpos,/novatel/oem7/odom,39.663,-75.756,33.181420077,0.002244154,-0.001770889,-0.002101753,0.000786679,-0.001770889,,novatel_oem7_msgs.msg.SolutionStatus(status=0),novatel_oem7_msgs.msg.PositionOrVelocityType(type=53)
1786043655413330852,1786043655.411503737,/novatel/oem7/bestvel,/novatel/oem7/bestpos,/novatel/oem7/bestvel,39.663,-75.756,33.181420077,0.001589200,-0.002033552,,,,290.698423511,novatel_oem7_msgs.msg.SolutionStatus(status=0),novatel_oem7_msgs.msg.PositionOrVelocityType(type=53)
1786043655415996275,1786043655.415262178,/novatel/oem7/odom,/novatel/oem7/bestpos,/novatel/oem7/odom,39.663,-75.756,33.181420077,0.002244154,-0.001770889,-0.002101753,0.000786679,-0.001770889,,,
1786043655425679450,1786043655.425100566,/novatel/oem7/inspva,/novatel/oem7/inspva,/novatel/oem7/inspva,39.663,-75.756,-1.801092329,0.002432468,-0.002010766,0.000145695,-0.002428100,-0.002010766,,novatel_oem7_msgs.msg.InertialSolutionStatus(status=3),
1786043655427161405,1786043655.425190768,/novatel/oem7/fix,/novatel/oem7/fix,/novatel/oem7/inspva,39.663,-75.756,-1.801092329,0.002432468,-0.002010766,0.000145695,-0.002428100,-0.002010766,,0,
1786043655428370610,1786043655.425633800,/novatel/oem7/odom,/novatel/oem7/fix,/novatel/oem7/odom,39.663,-75.756,-1.801092329,0.002425956,-0.002018618,-0.002411503,0.000264411,-0.002018618,,,
1786043655436534904,1786043655.435778503,/novatel/oem7/odom,/novatel/oem7/fix,/novatel/oem7/odom,39.663,-75.756,-1.801092329,0.002425956,-0.002018618,-0.002411503,0.000264411,-0.002018618,,,
1786043655447160981,1786043655.446460988,/novatel/oem7/inspva,/novatel/oem7/inspva,/novatel/oem7/inspva,39.663,-75.756,-1.801077495,0.001719749,-0.001529044,-0.001114910,-0.001309394,-0.001529044,,novatel_oem7_msgs.msg.InertialSolutionStatus(status=3),
1786043655448638356,1786043655.446662280,/novatel/oem7/fix,/novatel/oem7/fix,/novatel/oem7/inspva,39.663,-75.756,-1.801077495,0.001719749,-0.001529044,-0.001114910,-0.001309394,-0.001529044,,0,
1786043655449848541,1786043655.447253932,/novatel/oem7/odom,/novatel/oem7/fix,/novatel/oem7/odom,39.663,-75.756,-1.801077495,0.001713135,-0.001536451,-0.001354820,-0.001048473,-0.001536451,,,
1786043655457169287,1786043655.456437956,/novatel/oem7/odom,/novatel/oem7/fix,/novatel/oem7/odom,39.663,-75.756,-1.801077495,0.001713135,-0.001536451,-0.001354820,-0.001048473,-0.001536451,,,
1786043655465981399,1786043655.465407731,/novatel/oem7/inspva,/novatel/oem7/inspva,/novatel/oem7/inspva,39.663,-75.756,-1.801059597,0.001452418,-0.000884913,-0.001247715,-0.000743454,-0.000884913,,novatel_oem7_msgs.msg.InertialSolutionStatus(status=3),
1786043655467484114,1786043655.465616573,/novatel/oem7/fix,/novatel/oem7/fix,/novatel/oem7/inspva,39.663,-75.756,-1.801059597,0.001452418,-0.000884913,-0.001247715,-0.000743454,-0.000884913,,0,
1786043655468617429,1786043655.466102508,/novatel/oem7/odom,/novatel/oem7/fix,/novatel/oem7/odom,39.663,-75.756,-1.801059597,0.001448809,-0.000890809,-0.000797974,-0.001209250,-0.000890809,,,
1786043655475317171,1786043655.474654648,/novatel/oem7/odom,/novatel/oem7/fix,/novatel/oem7/odom,39.663,-75.756,-1.801059597,0.001448809,-0.000890809,-0.000797974,-0.001209250,-0.000890809,,,
1786043655485749488,1786043655.485190296,/novatel/oem7/inspva,/novatel/oem7/inspva,/novatel/oem7/inspva,39.663,-75.756,-1.801057910,0.002350582,-0.000881925,0.000671663,-0.002252578,-0.000881925,,novatel_oem7_msgs.msg.InertialSolutionStatus(status=3),
1786043655487131844,1786043655.485264170,/novatel/oem7/fix,/novatel/oem7/fix,/novatel/oem7/inspva,39.663,-75.756,-1.801057910,0.002350582,-0.000881925,0.000671663,-0.002252578,-0.000881925,,0,
1786043655488228632,1786043655.486263503,/novatel/oem7/odom,/novatel/oem7/fix,/novatel/oem7/odom,39.663,-75.756,-1.801057910,0.002348370,-0.000887800,-0.002215495,0.000778732,-0.000887800,,,
1786043655496263807,1786043655.495575950,/novatel/oem7/odom,/novatel/oem7/fix,/novatel/oem7/odom,39.663,-75.756,-1.801057910,0.002348370,-0.000887800,-0.002215495,0.000778732,-0.000887800,,,
1786043655506668340,1786043655.506091574,/novatel/oem7/inspva,/novatel/oem7/inspva,/novatel/oem7/inspva,39.663,-75.756,-1.801044379,0.002523150,-0.001829221,0.000309180,-0.002504136,-0.001829221,,novatel_oem7_msgs.msg.InertialSolutionStatus(status=3),
1786043655508066513,1786043655.506257339,/novatel/oem7/fix,/novatel/oem7/fix,/novatel/oem7/inspva,39.663,-75.756,-1.801044379,0.002523150,-0.001829221,0.000309180,-0.002504136,-0.001829221,,0,
1786043655509130674,1786043655.506724790,/novatel/oem7/odom,/novatel/oem7/fix,/novatel/oem7/odom,39.663,-75.756,-1.801044379,0.002517541,-0.001836933,-0.002480405,0.000430820,-0.001836933,,,
1786043655512988042,1786043655.512314732,/novatel/oem7/bestpos,/novatel/oem7/bestpos,/novatel/oem7/odom,39.663,-75.756,33.181483211,0.002517541,-0.001836933,-0.002480405,0.000430820,-0.001836933,,novatel_oem7_msgs.msg.SolutionStatus(status=0),novatel_oem7_msgs.msg.PositionOrVelocityType(type=53)
1786043655514579144,1786043655.512898771,/novatel/oem7/bestvel,/novatel/oem7/bestpos,/novatel/oem7/bestvel,39.663,-75.756,33.181483211,0.001962471,-0.001912203,,,,269.126789884,novatel_oem7_msgs.msg.SolutionStatus(status=0),novatel_oem7_msgs.msg.PositionOrVelocityType(type=53)
1786043655516253644,1786043655.514519050,/novatel/oem7/odom,/novatel/oem7/bestpos,/novatel/oem7/odom,39.663,-75.756,33.181483211,0.002517541,-0.001836933,-0.002480405,0.000430820,-0.001836933,,,
1786043655527118867,1786043655.526568339,/novatel/oem7/inspva,/novatel/oem7/inspva,/novatel/oem7/inspva,39.663,-75.756,-1.801043986,0.001788000,-0.002222583,-0.000952459,-0.001513197,-0.002222583,,novatel_oem7_msgs.msg.InertialSolutionStatus(status=3),
1786043655528633116,1786043655.526754794,/novatel/oem7/fix,/novatel/oem7/fix,/novatel/oem7/inspva,39.663,-75.756,-1.801043986,0.001788000,-0.002222583,-0.000952459,-0.001513197,-0.002222583,,0,
1786043655529819934,1786043655.527206058,/novatel/oem7/odom,/novatel/oem7/fix,/novatel/oem7/odom,39.663,-75.756,-1.801043986,0.001778442,-0.002230238,-0.001548361,-0.000874891,-0.002230238,,,
1786043655535709342,1786043655.534991115,/novatel/oem7/odom,/novatel/oem7/fix,/novatel/oem7/odom,39.663,-75.756,-1.801043986,0.001778442,-0.002230238,-0.001548361,-0.000874891,-0.002230238,,,
1786043655545978206,1786043655.545268736,/novatel/oem7/inspva,/novatel/oem7/inspva,/novatel/oem7/inspva,39.663,-75.756,-1.801030452,0.001606513,-0.001735970,-0.001593976,-0.000200310,-0.001735970,,novatel_oem7_msgs.msg.InertialSolutionStatus(status=3),
1786043655547406944,1786043655.545478458,/novatel/oem7/fix,/novatel/oem7/fix,/novatel/oem7/inspva,39.663,-75.756,-1.801030452,0.001606513,-0.001735970,-0.001593976,-0.000200310,-0.001735970,,0,
1786043655548620052,1786043655.546141151,/novatel/oem7/odom,/novatel/oem7/fix,/novatel/oem7/odom,39.663,-75.756,-1.801030452,0.001601097,-0.001740967,-0.000268688,-0.001578391,-0.001740967,,,
1786043655556465553,1786043655.555758497,/novatel/oem7/odom,/novatel/oem7/fix,/novatel/oem7/odom,39.663,-75.756,-1.801030452,0.001601097,-0.001740967,-0.000268688,-0.001578391,-0.001740967,,,
1786043655566082241,1786043655.565503358,/novatel/oem7/inspva,/novatel/oem7/inspva,/novatel/oem7/inspva,39.663,-75.756,-1.801014215,0.001954172,0.000335233,0.000886906,-0.001741318,0.000335233,,novatel_oem7_msgs.msg.InertialSolutionStatus(status=3),
1786043655567648786,1786043655.565657783,/novatel/oem7/fix,/novatel/oem7/fix,/novatel/oem7/inspva,39.663,-75.756,-1.801014215,0.001954172,0.000335233,0.000886906,-0.001741318,0.000335233,,0,
1786043655568818924,1786043655.566468304,/novatel/oem7/odom,/novatel/oem7/fix,/novatel/oem7/odom,39.663,-75.756,-1.801014215,0.001954781,0.000331666,-0.001699035,0.000966670,0.000331666,,,
1786043655575337058,1786043655.574672212,/novatel/oem7/odom,/novatel/oem7/fix,/novatel/oem7/odom,39.663,-75.756,-1.801014215,0.001954781,0.000331666,-0.001699035,0.000966670,0.000331666,,,
1786043655586896652,1786043655.586309533,/novatel/oem7/inspva,/novatel/oem7/inspva,/novatel/oem7/inspva,39.663,-75.756,-1.801010964,0.002690920,-0.000957124,0.000957570,-0.002514778,-0.000957124,,novatel_oem7_msgs.msg.InertialSolutionStatus(status=3),
1786043655588363157,1786043655.586473461,/novatel/oem7/fix,/novatel/oem7/fix,/novatel/oem7/inspva,39.663,-75.756,-1.801010964,0.002690920,-0.000957124,0.000957570,-0.002514778,-0.000957124,,0,
1786043655589548921,1786043655.586896822,/novatel/oem7/odom,/novatel/oem7/fix,/novatel/oem7/odom,39.663,-75.756,-1.801010964,0.002688791,-0.000963088,-0.002463783,0.001076740,-0.000963088,,,
1786043655595367449,1786043655.594685035,/novatel/oem7/odom,/novatel/oem7/fix,/novatel/oem7/odom,39.663,-75.756,-1.801010964,0.002688791,-0.000963088,-0.002463783,0.001076740,-0.000963088,,,
1786043655607756430,1786043655.607182635,/novatel/oem7/inspva,/novatel/oem7/inspva,/novatel/oem7/inspva,39.663,-75.756,-1.801010738,0.001614317,-0.002288563,-0.000482679,-0.001540468,-0.002288563,,novatel_oem7_msgs.msg.InertialSolutionStatus(status=3),
1786043655609172537,1786043655.607322996,/novatel/oem7/fix,/novatel/oem7/fix,/novatel/oem7/inspva,39.663,-75.756,-1.801010738,0.001614317,-0.002288563,-0.000482679,-0.001540468,-0.002288563,,0,
1786043655610474540,1786043655.607696087,/novatel/oem7/odom,/novatel/oem7/fix,/novatel/oem7/odom,39.663,-75.756,-1.801010738,0.001605149,-0.002295002,-0.001553416,-0.000404233,-0.002295002,,,
1786043655612316685,1786043655.611561961,/novatel/oem7/bestpos,/novatel/oem7/bestpos,/novatel/oem7/odom,39.663,-75.756,33.181551785,0.001605149,-0.002295002,-0.001553416,-0.000404233,-0.002295002,,novatel_oem7_msgs.msg.SolutionStatus(status=0),novatel_oem7_msgs.msg.PositionOrVelocityType(type=53)
1786043655613897434,1786043655.611742673,/novatel/oem7/bestvel,/novatel/oem7/bestpos,/novatel/oem7/bestvel,39.663,-75.756,33.181551785,0.002740680,-0.001451639,,,,247.639047619,novatel_oem7_msgs.msg.SolutionStatus(status=0),novatel_oem7_msgs.msg.PositionOrVelocityType(type=53)
1786043655616379142,1786043655.615685375,/novatel/oem7/odom,/novatel/oem7/bestpos,/novatel/oem7/odom,39.663,-75.756,33.181551785,0.001605149,-0.002295002,-0.001553416,-0.000404233,-0.002295002,,,
1786043655625844118,1786043655.625304540,/novatel/oem7/inspva,/novatel/oem7/inspva,/novatel/oem7/inspva,39.663,-75.756,-1.800987495,0.001796618,-0.001443965,-0.000687597,-0.001659833,-0.001443965,,novatel_oem7_msgs.msg.InertialSolutionStatus(status=3),
1786043655627280809,1786043655.625507418,/novatel/oem7/fix,/novatel/oem7/fix,/novatel/oem7/inspva,39.663,-75.756,-1.800987495,0.001796618,-0.001443965,-0.000687597,-0.001659833,-0.001443965,,0,
1786043655628437807,1786043655.625873712,/novatel/oem7/odom,/novatel/oem7/fix,/novatel/oem7/odom,39.663,-75.756,-1.800987495,0.001790603,-0.001451417,-0.001685151,-0.000605415,-0.001451417,,,
1786043655635191190,1786043655.634529471,/novatel/oem7/odom,/novatel/oem7/fix,/novatel/oem7/odom,39.663,-75.756,-1.800987495,0.001790603,-0.001451417,-0.001685151,-0.000605415,-0.001451417,,,
1786043655647170915,1786043655.646627109,/novatel/oem7/inspva,/novatel/oem7/inspva,/novatel/oem7/inspva,39.663,-75.756,-1.800963454,0.000492800,0.000746079,0.000102961,-0.000481924,0.000746079,,novatel_oem7_msgs.msg.InertialSolutionStatus(status=3),
1786043655648660986,1786043655.646798137,/novatel/oem7/fix,/novatel/oem7/fix,/novatel/oem7/inspva,39.663,-75.756,-1.800963454,0.000492800,0.000746079,0.000102961,-0.000481924,0.000746079,,0,
1786043655649757293,1786043655.647626339,/novatel/oem7/odom,/novatel/oem7/fix,/novatel/oem7/odom,39.663,-75.756,-1.800963454,0.000494860,0.000744715,-0.000479196,0.000123520,0.000744715,,,
1786043655656878373,1786043655.656172223,/novatel/oem7/odom,/novatel/oem7/fix,/novatel/oem7/odom,39.663,-75.756,-1.800963454,0.000494860,0.000744715,-0.000479196,0.000123520,0.000744715,,,
1786043655665777038,1786043655.665238763,/novatel/oem7/inspva,/novatel/oem7/inspva,/novatel/oem7/inspva,39.663,-75.756,-1.800952218,0.001719949,0.000224556,0.000486729,-0.001649643,0.000224556,,novatel_oem7_msgs.msg.InertialSolutionStatus(status=3),
1786043655667264052,1786043655.665400274,/novatel/oem7/fix,/novatel/oem7/fix,/novatel/oem7/inspva,39.663,-75.756,-1.800952218,0.001719949,0.000224556,0.000486729,-0.001649643,0.000224556,,0,
1786043655668342539,1786043655.665749348,/novatel/oem7/odom,/novatel/oem7/fix,/novatel/oem7/odom,39.663,-75.756,-1.800952218,0.001720510,0.000220222,-0.001625817,0.000562913,0.000220222,,,
1786043655676146246,1786043655.675467343,/novatel/oem7/odom,/novatel/oem7/fix,/novatel/oem7/odom,39.663,-75.756,-1.800952218,0.001720510,0.000220222,-0.001625817,0.000562913,0.000220222,,,
1786043655687080340,1786043655.686518872,/novatel/oem7/inspva,/novatel/oem7/inspva,/novatel/oem7/inspva,39.663,-75.756,-1.800969821,0.002401875,-0.003201481,0.000350184,-0.002376210,-0.003201481,,novatel_oem7_msgs.msg.InertialSolutionStatus(status=3),
1786043655688495657,1786043655.686662109,/novatel/oem7/fix,/novatel/oem7/fix,/novatel/oem7/inspva,39.663,-75.756,-1.800969821,0.002401875,-0.003201481,0.000350184,-0.002376210,-0.003201481,,0,
1786043655689571402,1786043655.687236629,/novatel/oem7/odom,/novatel/oem7/fix,/novatel/oem7/odom,39.663,-75.756,-1.800969821,0.002392473,-0.003208514,-0.002346014,0.000469196,-0.003208514,,,
1786043655695595747,1786043655.694923751,/novatel/oem7/odom,/novatel/oem7/fix,/novatel/oem7/odom,39.663,-75.756,-1.800969821,0.002392473,-0.003208514,-0.002346014,0.000469196,-0.003208514,,,
1786043655706270926,1786043655.705728977,/novatel/oem7/inspva,/novatel/oem7/inspva,/novatel/oem7/inspva,39.663,-75.756,-1.800949318,0.001471776,-0.002315409,-0.000034412,-0.001471374,-0.002315409,,novatel_oem7_msgs.msg.InertialSolutionStatus(status=3),
1786043655707793144,1786043655.705876282,/novatel/oem7/fix,/novatel/oem7/fix,/novatel/oem7/inspva,39.663,-75.756,-1.800949318,0.001471776,-0.002315409,-0.000034412,-0.001471374,-0.002315409,,0,
1786043655708902532,1786043655.706347360,/novatel/oem7/odom,/novatel/oem7/fix,/novatel/oem7/odom,39.663,-75.756,-1.800949318,0.001463806,-0.002320456,-0.001463248,0.000040384,-0.002320456,,,
1786043655710535314,1786043655.709218231,/novatel/oem7/bestpos,/novatel/oem7/bestpos,/novatel/oem7/odom,39.663,-75.756,33.181597589,0.001463806,-0.002320456,-0.001463248,0.000040384,-0.002320456,,novatel_oem7_msgs.msg.SolutionStatus(status=0),novatel_oem7_msgs.msg.PositionOrVelocityType(type=53)
1786043655711533264,1786043655.709580828,/novatel/oem7/bestvel,/novatel/oem7/bestpos,/novatel/oem7/bestvel,39.663,-75.756,33.181597589,0.001979335,-0.001723420,,,,248.433332831,novatel_oem7_msgs.msg.SolutionStatus(status=0),novatel_oem7_msgs.msg.PositionOrVelocityType(type=53)
1786043655716075535,1786043655.715386265,/novatel/oem7/odom,/novatel/oem7/bestpos,/novatel/oem7/odom,39.663,-75.756,33.181597589,0.001463806,-0.002320456,-0.001463248,0.000040384,-0.002320456,,,
1786043655725867589,1786043655.725295676,/novatel/oem7/inspva,/novatel/oem7/inspva,/novatel/oem7/inspva,39.663,-75.756,-1.800922995,0.000751662,0.000852563,-0.000596776,-0.000457006,0.000852563,,novatel_oem7_msgs.msg.InertialSolutionStatus(status=3),
1786043655727270766,1786043655.725454811,/novatel/oem7/fix,/novatel/oem7/fix,/novatel/oem7/inspva,39.663,-75.756,-1.800922995,0.000751662,0.000852563,-0.000596776,-0.000457006,0.000852563,,0,
1786043655728403624,1786043655.726040677,/novatel/oem7/odom,/novatel/oem7/fix,/novatel/oem7/odom,39.663,-75.756,-1.800922995,0.000755257,0.000849380,-0.000487477,-0.000576871,0.000849380,,,
1786043655735721849,1786043655.735007618,/novatel/oem7/odom,/novatel/oem7/fix,/novatel/oem7/odom,39.663,-75.756,-1.800922995,0.000755257,0.000849380,-0.000487477,-0.000576871,0.000849380,,,
1786043655746595389,1786043655.746037713,/novatel/oem7/inspva,/novatel/oem7/inspva,/novatel/oem7/inspva,39.663,-75.756,-1.800921600,0.000714408,-0.000160734,-0.000348291,-0.000623757,-0.000160734,,novatel_oem7_msgs.msg.InertialSolutionStatus(status=3),
1786043655748076070,1786043655.746145109,/novatel/oem7/fix,/novatel/oem7/fix,/novatel/oem7/inspva,39.663,-75.756,-1.800921600,0.000714408,-0.000160734,-0.000348291,-0.000623757,-0.000160734,,0,
1786043655749237168,1786043655.746560932,/novatel/oem7/odom,/novatel/oem7/fix,/novatel/oem7/odom,39.663,-75.756,-1.800921600,0.000713713,-0.000163793,-0.000638813,-0.000318284,-0.000163793,,,
1786043655756507603,1786043655.755836347,/novatel/oem7/odom,/novatel/oem7/fix,/novatel/oem7/odom,39.663,-75.756,-1.800921600,0.000713713,-0.000163793,-0.000638813,-0.000318284,-0.000163793,,,
1786043655765681336,1786043655.765143889,/novatel/oem7/inspva,/novatel/oem7/inspva,/novatel/oem7/inspva,39.663,-75.756,-1.800940718,0.002291909,-0.002300767,0.001028904,-0.002047976,-0.002300767,,novatel_oem7_msgs.msg.InertialSolutionStatus(status=3),
1786043655767093334,1786043655.765218334,/novatel/oem7/fix,/novatel/oem7/fix,/novatel/oem7/inspva,39.663,-75.756,-1.800940718,0.002291909,-0.002300767,0.001028904,-0.002047976,-0.002300767,,0,
1786043655768232061,1786043655.765638580,/novatel/oem7/odom,/novatel/oem7/fix,/novatel/oem7/odom,39.663,-75.756,-1.800940718,0.002287726,-0.002304927,-0.001989455,0.001129495,-0.002304927,,,
1786043655775856910,1786043655.775186117,/novatel/oem7/odom,/novatel/oem7/fix,/novatel/oem7/odom,39.663,-75.756,-1.800940718,0.002287726,-0.002304927,-0.001989455,0.001129495,-0.002304927,,,
1786043655785461705,1786043655.784927213,/novatel/oem7/inspva,/novatel/oem7/inspva,/novatel/oem7/inspva,39.663,-75.756,-1.800934345,0.001803907,-0.002529324,0.000458292,-0.001744721,-0.002529324,,novatel_oem7_msgs.msg.InertialSolutionStatus(status=3),
1786043655786849761,1786043655.785000555,/novatel/oem7/fix,/novatel/oem7/fix,/novatel/oem7/inspva,39.663,-75.756,-1.800934345,0.001803907,-0.002529324,0.000458292,-0.001744721,-0.002529324,,0,
1786043655787939489,1786043655.785483948,/novatel/oem7/odom,/novatel/oem7/fix,/novatel/oem7/odom,39.663,-75.756,-1.800934345,0.001797415,-0.002533942,-0.001712520,0.000545875,-0.002533942,,,
1786043655795089142,1786043655.794429296,/novatel/oem7/odom,/novatel/oem7/fix,/novatel/oem7/odom,39.663,-75.756,-1.800934345,0.001797415,-0.002533942,-0.001712520,0.000545875,-0.002533942,,,
1786043655807196651,1786043655.806645062,/novatel/oem7/inspva,/novatel/oem7/inspva,/novatel/oem7/inspva,39.663,-75.756,-1.800907904,0.001400830,0.000224019,-0.001235190,-0.000660781,0.000224019,,novatel_oem7_msgs.msg.InertialSolutionStatus(status=3),
1786043655808644343,1786043655.806725055,/novatel/oem7/fix,/novatel/oem7/fix,/novatel/oem7/inspva,39.663,-75.756,-1.800907904,0.001400830,0.000224019,-0.001235190,-0.000660781,0.000224019,,0,
1786043655809748930,1786043655.807245659,/novatel/oem7/odom,/novatel/oem7/fix,/novatel/oem7/odom,39.663,-75.756,-1.800907904,0.001401708,0.000218459,-0.000718680,-0.001203447,0.000218459,,,
1786043655811378796,1786043655.809920655,/novatel/oem7/bestpos,/novatel/oem7/bestpos,/novatel/oem7/odom,39.663,-75.756,33.181636325,0.001401708,0.000218459,-0.000718680,-0.001203447,0.000218459,,novatel_oem7_msgs.msg.SolutionStatus(status=0),novatel_oem7_msgs.msg.PositionOrVelocityType(type=53)
1786043655812388972,1786043655.810405125,/novatel/oem7/bestvel,/novatel/oem7/bestpos,/novatel/oem7/bestvel,39.663,-75.756,33.181636325,0.001664500,0.000438883,,,,231.701035539,novatel_oem7_msgs.msg.SolutionStatus(status=0),novatel_oem7_msgs.msg.PositionOrVelocityType(type=53)
1786043655815704185,1786043655.815049069,/novatel/oem7/odom,/novatel/oem7/bestpos,/novatel/oem7/odom,39.663,-75.756,33.181636325,0.001401708,0.000218459,-0.000718680,-0.001203447,0.000218459,,,
1786043655825522158,1786043655.824981162,/novatel/oem7/inspva,/novatel/oem7/inspva,/novatel/oem7/inspva,39.663,-75.756,-1.800897906,0.001279391,0.000282663,-0.000339569,-0.001233505,0.000282663,,novatel_oem7_msgs.msg.InertialSolutionStatus(status=3),
1786043655826953969,1786043655.825054965,/novatel/oem7/fix,/novatel/oem7/fix,/novatel/oem7/inspva,39.663,-75.756,-1.800897906,0.001279391,0.000282663,-0.000339569,-0.001233505,0.000282663,,0,
1786043655828061850,1786043655.825524502,/novatel/oem7/odom,/novatel/oem7/fix,/novatel/oem7/odom,39.663,-75.756,-1.800897906,0.001280510,0.000277551,-0.001249043,-0.000282130,0.000277551,,,
1786043655836950361,1786043655.836123636,/novatel/oem7/odom,/novatel/oem7/fix,/novatel/oem7/odom,39.663,-75.756,-1.800897906,0.001280510,0.000277551,-0.001249043,-0.000282130,0.000277551,,,
1786043655845710053,1786043655.845158748,/novatel/oem7/inspva,/novatel/oem7/inspva,/novatel/oem7/inspva,39.663,-75.756,-1.800917136,0.002369208,-0.002006213,0.001488406,-0.001843310,-0.002006213,,novatel_oem7_msgs.msg.InertialSolutionStatus(status=3),
1786043655847160241,1786043655.845236362,/novatel/oem7/fix,/novatel/oem7/fix,/novatel/oem7/inspva,39.663,-75.756,-1.800917136,0.002369208,-0.002006213,0.001488406,-0.001843310,-0.002006213,,0,
1786043655848350939,1786043655.845712570,/novatel/oem7/odom,/novatel/oem7/fix,/novatel/oem7/odom,39.663,-75.756,-1.800917136,0.002367286,-0.002008480,-0.001764546,0.001578107,-0.002008480,,,
1786043655856853173,1786043655.856191990,/novatel/oem7/odom,/novatel/oem7/fix,/novatel/oem7/odom,39.663,-75.756,-1.800917136,0.002367286,-0.002008480,-0.001764546,0.001578107,-0.002008480,,,
1786043655866629416,1786043655.866045190,/novatel/oem7/inspva,/novatel/oem7/inspva,/novatel/oem7/inspva,39.663,-75.756,-1.800907727,0.002013400,-0.001724036,0.000963707,-0.001767781,-0.001724036,,novatel_oem7_msgs.msg.InertialSolutionStatus(status=3),
1786043655868028350,1786043655.866217972,/novatel/oem7/fix,/novatel/oem7/fix,/novatel/oem7/inspva,39.663,-75.756,-1.800907727,0.002013400,-0.001724036,0.000963707,-0.001767781,-0.001724036,,0,
1786043655869230431,1786043655.866679643,/novatel/oem7/odom,/novatel/oem7/fix,/novatel/oem7/odom,39.663,-75.756,-1.800907727,0.002010475,-0.001727446,-0.001714660,0.001049738,-0.001727446,,,
1786043655875140823,1786043655.874467263,/novatel/oem7/odom,/novatel/oem7/fix,/novatel/oem7/odom,39.663,-75.756,-1.800907727,0.002010475,-0.001727446,-0.001714660,0.001049738,-0.001727446,,,
1786043655885788701,1786043655.885239488,/novatel/oem7/inspva,/novatel/oem7/inspva,/novatel/oem7/inspva,39.663,-75.756,-1.800896506,0.001834353,-0.001003517,-0.001530818,-0.001010666,-0.001003517,,novatel_oem7_msgs.msg.InertialSolutionStatus(status=3),
1786043655887238855,1786043655.885314585,/novatel/oem7/fix,/novatel/oem7/fix,/novatel/oem7/inspva,39.663,-75.756,-1.800896506,0.001834353,-0.001003517,-0.001530818,-0.001010666,-0.001003517,,0,
1786043655888392183,1786043655.886079724,/novatel/oem7/odom,/novatel/oem7/fix,/novatel/oem7/odom,39.663,-75.756,-1.800896506,0.001830227,-0.001011021,-0.001077730,-0.001479267,-0.001011021,,,
1786043655896000441,1786043655.895250457,/novatel/oem7/odom,/novatel/oem7/fix,/novatel/oem7/odom,39.663,-75.756,-1.800896506,0.001830227,-0.001011021,-0.001077730,-0.001479267,-0.001011021,,,
1786043655906388180,1786043655.905815008,/novatel/oem7/inspva,/novatel/oem7/inspva,/novatel/oem7/inspva,39.663,-75.756,-1.800885206,0.001350520,-0.000457193,-0.000965527,-0.000944279,-0.000457193,,novatel_oem7_msgs.msg.InertialSolutionStatus(status=3),
1786043655907796554,1786043655.905965631,/novatel/oem7/fix,/novatel/oem7/fix,/novatel/oem7/inspva,39.663,-75.756,-1.800885206,0.001350520,-0.000457193,-0.000965527,-0.000944279,-0.000457193,,0,
1786043655908937732,1786043655.906357376,/novatel/oem7/odom,/novatel/oem7/fix,/novatel/oem7/odom,39.663,-75.756,-1.800885206,0.001348555,-0.000462959,-0.000986835,-0.000919106,-0.000462959,,,
1786043655911266175,1786043655.910733726,/novatel/oem7/bestpos,/novatel/oem7/bestpos,/novatel/oem7/odom,39.663,-75.756,33.181667692,0.001348555,-0.000462959,-0.000986835,-0.000919106,-0.000462959,,novatel_oem7_msgs.msg.SolutionStatus(status=0),novatel_oem7_msgs.msg.PositionOrVelocityType(type=53)
1786043655912768816,1786043655.911256012,/novatel/oem7/bestvel,/novatel/oem7/bestpos,/novatel/oem7/bestvel,39.663,-75.756,33.181667692,0.002119169,0.000077023,,,,237.588394850,novatel_oem7_msgs.msg.SolutionStatus(status=0),novatel_oem7_msgs.msg.PositionOrVelocityType(type=53)
1786043655915079612,1786043655.914410876,/novatel/oem7/odom,/novatel/oem7/bestpos,/novatel/oem7/odom,39.663,-75.756,33.181667692,0.001348555,-0.000462959,-0.000986835,-0.000919106,-0.000462959,,,
1786043655927151628,1786043655.926562732,/novatel/oem7/inspva,/novatel/oem7/inspva,/novatel/oem7/inspva,39.663,-75.756,-1.800899554,0.001384552,-0.001357315,0.000682961,-0.001204387,-0.001357315,,novatel_oem7_msgs.msg.InertialSolutionStatus(status=3),
1786043655928598112,1786043655.926733570,/novatel/oem7/fix,/novatel/oem7/fix,/novatel/oem7/inspva,39.663,-75.756,-1.800899554,0.001384552,-0.001357315,0.000682961,-0.001204387,-0.001357315,,0,
1786043655929724343,1786043655.927242049,/novatel/oem7/odom,/novatel/oem7/fix,/novatel/oem7/odom,39.663,-75.756,-1.800899554,0.001382330,-0.001359578,-0.001166309,0.000741997,-0.001359578,,,
1786043655935394529,1786043655.934706845,/novatel/oem7/odom,/novatel/oem7/fix,/novatel/oem7/odom,39.663,-75.756,-1.800899554,0.001382330,-0.001359578,-0.001166309,0.000741997,-0.001359578,,,
1786043655945890042,1786043655.945304313,/novatel/oem7/inspva,/novatel/oem7/inspva,/novatel/oem7/inspva,39.663,-75.756,-1.800897909,0.001552621,-0.001561760,0.000450631,-0.001485787,-0.001561760,,novatel_oem7_msgs.msg.InertialSolutionStatus(status=3),
1786043655947287992,1786043655.945516578,/novatel/oem7/fix,/novatel/oem7/fix,/novatel/oem7/inspva,39.663,-75.756,-1.800897909,0.001552621,-0.001561760,0.000450631,-0.001485787,-0.001561760,,0,
1786043655948414763,1786043655.945974726,/novatel/oem7/odom,/novatel/oem7/fix,/novatel/oem7/odom,39.663,-75.756,-1.800897909,0.001548772,-0.001565577,-0.001457571,0.000523623,-0.001565577,,,
1786043655956659578,1786043655.955949871,/novatel/oem7/odom,/novatel/oem7/fix,/novatel/oem7/odom,39.663,-75.756,-1.800897909,0.001548772,-0.001565577,-0.001457571,0.000523623,-0.001565577,,,
1786043655966156711,1786043655.965411357,/novatel/oem7/inspva,/novatel/oem7/inspva,/novatel/oem7/inspva,39.663,-75.756,-1.800901228,0.001114878,-0.001748286,-0.000778732,-0.000797829,-0.001748286,,novatel_oem7_msgs.msg.InertialSolutionStatus(status=3),
1786043655967863721,1786043655.965603832,/novatel/oem7/fix,/novatel/oem7/fix,/novatel/oem7/inspva,39.663,-75.756,-1.800901228,0.001114878,-0.001748286,-0.000778732,-0.000797829,-0.001748286,,0,
1786043655969130594,1786043655.966179548,/novatel/oem7/odom,/novatel/oem7/fix,/novatel/oem7/odom,39.663,-75.756,-1.800901228,0.001107406,-0.001753028,-0.000827307,-0.000736146,-0.001753028,,,
1786043655975934688,1786043655.975136110,/novatel/oem7/odom,/novatel/oem7/fix,/novatel/oem7/odom,39.663,-75.756,-1.800901228,0.001107406,-0.001753028,-0.000827307,-0.000736146,-0.001753028,,,
1786043655986700606,1786043655.986103604,/novatel/oem7/inspva,/novatel/oem7/inspva,/novatel/oem7/inspva,39.663,-75.756,-1.800878358,0.001561646,-0.000892031,-0.001073458,-0.001134208,-0.000892031,,novatel_oem7_msgs.msg.InertialSolutionStatus(status=3),
1786043655988199978,1786043655.986253182,/novatel/oem7/fix,/novatel/oem7/fix,/novatel/oem7/inspva,39.663,-75.756,-1.800878358,0.001561646,-0.000892031,-0.001073458,-0.001134208,-0.000892031,,0,
1786043655989362746,1786043655.986741400,/novatel/oem7/odom,/novatel/oem7/fix,/novatel/oem7/odom,39.663,-75.756,-1.800878358,0.001557815,-0.000898706,-0.001180088,-0.001016945,-0.000898706,,,
1786043655995298854,1786043655.994545761,/novatel/oem7/odom,/novatel/oem7/fix,/novatel/oem7/odom,39.663,-75.756,-1.800878358,0.001557815,-0.000898706,-0.001180088,-0.001016945,-0.000898706,,,
1786043656010925052,1786043656.010270115,/novatel/oem7/inspva,/novatel/oem7/inspva,/novatel/oem7/inspva,39.663,-75.756,-1.800869828,0.000969490,0.000301938,-0.000068244,-0.000967086,0.000301938,,novatel_oem7_msgs.msg.InertialSolutionStatus(status=3),
1786043656012600141,1786043656.010446497,/novatel/oem7/fix,/novatel/oem7/fix,/novatel/oem7/inspva,39.663,-75.756,-1.800869828,0.000969490,0.000301938,-0.000068244,-0.000967086,0.000301938,,0,
1786043656013878927,1786043656.011833577,/novatel/oem7/odom,/novatel/oem7/fix,/novatel/oem7/odom,39.663,-75.756,-1.800869828,0.000970569,0.000298453,-0.000970280,-0.000023655,0.000298453,,,
1786043656016835563,1786043656.016074025,/novatel/oem7/odom,/novatel/oem7/fix,/novatel/oem7/odom,39.663,-75.756,-1.800869828,0.000970569,0.000298453,-0.000970280,-0.000023655,0.000298453,,,
1786043656025379504,1786043656.024707253,/novatel/oem7/bestpos,/novatel/oem7/bestpos,/novatel/oem7/odom,39.663,-75.756,33.181668745,0.000970569,0.000298453,-0.000970280,-0.000023655,0.000298453,,novatel_oem7_msgs.msg.SolutionStatus(status=0),novatel_oem7_msgs.msg.PositionOrVelocityType(type=53)
1786043656027628732,1786043656.026835438,/novatel/oem7/bestvel,/novatel/oem7/bestpos,/novatel/oem7/bestvel,39.663,-75.756,33.181668745,0.000224260,-0.000358500,,,,356.357163117,novatel_oem7_msgs.msg.SolutionStatus(status=0),novatel_oem7_msgs.msg.PositionOrVelocityType(type=53)
1786043656029214211,1786043656.027210882,/novatel/oem7/inspva,/novatel/oem7/inspva,/novatel/oem7/inspva,39.663,-75.756,-1.800868642,0.001186495,-0.000646735,-0.000173233,-0.001173780,-0.000646735,,novatel_oem7_msgs.msg.InertialSolutionStatus(status=3),
1786043656030157354,1786043656.027356426,/novatel/oem7/fix,/novatel/oem7/fix,/novatel/oem7/inspva,39.663,-75.756,-1.800868642,0.001186495,-0.000646735,-0.000173233,-0.001173780,-0.000646735,,0,
1786043656031316858,1786043656.027816288,/novatel/oem7/odom,/novatel/oem7/fix,/novatel/oem7/odom,39.663,-75.756,-1.800868642,0.001184061,-0.000651180,-0.001178319,-0.000116475,-0.000651180,,,
1786043656035457159,1786043656.034719302,/novatel/oem7/odom,/novatel/oem7/fix,/novatel/oem7/odom,39.663,-75.756,-1.800868642,0.001184061,-0.000651180,-0.001178319,-0.000116475,-0.000651180,,,
1786043656049880415,1786043656.049261655,/novatel/oem7/inspva,/novatel/oem7/inspva,/novatel/oem7/inspva,39.663,-75.756,-1.800868236,0.001860772,-0.001628832,-0.000360437,-0.001825529,-0.001628832,,novatel_oem7_msgs.msg.InertialSolutionStatus(status=3),
1786043656051342782,1786043656.049454111,/novatel/oem7/fix,/novatel/oem7/fix,/novatel/oem7/inspva,39.663,-75.756,-1.800868236,0.001860772,-0.001628832,-0.000360437,-0.001825529,-0.001628832,,0,
1786043656052618015,1786043656.049893168,/novatel/oem7/odom,/novatel/oem7/fix,/novatel/oem7/odom,39.663,-75.756,-1.800868236,0.001854549,-0.001635914,-0.001834715,-0.000270500,-0.001635914,,,
1786043656057025091,1786043656.056254744,/novatel/oem7/odom,/novatel/oem7/fix,/novatel/oem7/odom,39.663,-75.756,-1.800868236,0.001854549,-0.001635914,-0.001834715,-0.000270500,-0.001635914,,,
1786043656065809178,1786043656.065135031,/novatel/oem7/inspva,/novatel/oem7/inspva,/novatel/oem7/inspva,39.663,-75.756,-1.800848830,0.001525390,-0.001012335,-0.000794582,-0.001302097,-0.001012335,,novatel_oem7_msgs.msg.InertialSolutionStatus(status=3),
1786043656067366290,1786043656.065316923,/novatel/oem7/fix,/novatel/oem7/fix,/novatel/oem7/inspva,39.663,-75.756,-1.800848830,0.001525390,-0.001012335,-0.000794582,-0.001302097,-0.001012335,,0,
1786043656068677086,1786043656.065825608,/novatel/oem7/odom,/novatel/oem7/fix,/novatel/oem7/odom,39.663,-75.756,-1.800848830,0.001521045,-0.001018853,-0.001334294,-0.000730232,-0.001018853,,,
1786043656076462032,1786043656.075642128,/novatel/oem7/odom,/novatel/oem7/fix,/novatel/oem7/odom,39.663,-75.756,-1.800848830,0.001521045,-0.001018853,-0.001334294,-0.000730232,-0.001018853,,,
1786043656086010520,1786043656.085408654,/novatel/oem7/inspva,/novatel/oem7/inspva,/novatel/oem7/inspva,39.663,-75.756,-1.800831378,0.001583239,0.000528678,-0.000580109,-0.001473132,0.000528678,,novatel_oem7_msgs.msg.InertialSolutionStatus(status=3),
1786043656087596889,1786043656.085584322,/novatel/oem7/fix,/novatel/oem7/fix,/novatel/oem7/inspva,39.663,-75.756,-1.800831378,0.001583239,0.000528678,-0.000580109,-0.001473132,0.000528678,,0,
1786043656088822821,1786043656.086114874,/novatel/oem7/odom,/novatel/oem7/fix,/novatel/oem7/odom,39.663,-75.756,-1.800831378,0.001585431,0.000522066,-0.001500530,-0.000511862,0.000522066,,,
1786043656096007641,1786043656.095275864,/novatel/oem7/odom,/novatel/oem7/fix,/novatel/oem7/odom,39.663,-75.756,-1.800831378,0.001585431,0.000522066,-0.001500530,-0.000511862,0.000522066,,,
1786043656106966642,1786043656.106364673,/novatel/oem7/inspva,/novatel/oem7/inspva,/novatel/oem7/inspva,39.663,-75.756,-1.800836371,0.001140804,0.000119729,-0.000140866,-0.001132074,0.000119729,,novatel_oem7_msgs.msg.InertialSolutionStatus(status=3),
1786043656108540355,1786043656.106548438,/novatel/oem7/fix,/novatel/oem7/fix,/novatel/oem7/inspva,39.663,-75.756,-1.800836371,0.001140804,0.000119729,-0.000140866,-0.001132074,0.000119729,,0,
1786043656109741090,1786043656.107020493,/novatel/oem7/odom,/novatel/oem7/fix,/novatel/oem7/odom,39.663,-75.756,-1.800836371,0.001141240,0.000115504,-0.001137840,-0.000088028,0.000115504,,,
1786043656111383490,1786043656.109404700,/novatel/oem7/bestpos,/novatel/oem7/bestpos,/novatel/oem7/odom,39.663,-75.756,33.181657842,0.001141240,0.000115504,-0.001137840,-0.000088028,0.000115504,,novatel_oem7_msgs.msg.SolutionStatus(status=0),novatel_oem7_msgs.msg.PositionOrVelocityType(type=53)
1786043656112440430,1786043656.110040596,/novatel/oem7/bestvel,/novatel/oem7/bestpos,/novatel/oem7/bestvel,39.663,-75.756,33.181657842,0.001368950,-0.000279664,,,,297.166222313,novatel_oem7_msgs.msg.SolutionStatus(status=0),novatel_oem7_msgs.msg.PositionOrVelocityType(type=53)
1786043656115617444,1786043656.114709845,/novatel/oem7/odom,/novatel/oem7/bestpos,/novatel/oem7/odom,39.663,-75.756,33.181657842,0.001141240,0.000115504,-0.001137840,-0.000088028,0.000115504,,,
1786043656126093760,1786043656.125450441,/novatel/oem7/inspva,/novatel/oem7/inspva,/novatel/oem7/inspva,39.663,-75.756,-1.800848859,0.001734713,-0.001762844,-0.000124461,-0.001730242,-0.001762844,,novatel_oem7_msgs.msg.InertialSolutionStatus(status=3),
1786043656127607755,1786043656.125641510,/novatel/oem7/fix,/novatel/oem7/fix,/novatel/oem7/inspva,39.663,-75.756,-1.800848859,0.001734713,-0.001762844,-0.000124461,-0.001730242,-0.001762844,,0,
1786043656128770997,1786043656.126244092,/novatel/oem7/odom,/novatel/oem7/fix,/novatel/oem7/odom,39.663,-75.756,-1.800848859,0.001728424,-0.001769011,-0.001727986,-0.000038917,-0.001769011,,,
1786043656136291358,1786043656.135590091,/novatel/oem7/odom,/novatel/oem7/fix,/novatel/oem7/odom,39.663,-75.756,-1.800848859,0.001728424,-0.001769011,-0.001727986,-0.000038917,-0.001769011,,,
1786043656145703043,1786043656.145077664,/novatel/oem7/inspva,/novatel/oem7/inspva,/novatel/oem7/inspva,39.663,-75.756,-1.800831362,0.001791522,-0.001245423,-0.000344733,-0.001758041,-0.001245423,,novatel_oem7_msgs.msg.InertialSolutionStatus(status=3),
1786043656147168448,1786043656.145256576,/novatel/oem7/fix,/novatel/oem7/fix,/novatel/oem7/inspva,39.663,-75.756,-1.800831362,0.001791522,-0.001245423,-0.000344733,-0.001758041,-0.001245423,,0,
1786043656148333419,1786043656.145738117,/novatel/oem7/odom,/novatel/oem7/fix,/novatel/oem7/odom,39.663,-75.756,-1.800831362,0.001786746,-0.001252265,-0.001767879,-0.000258971,-0.001252265,,,
1786043656156502276,1786043656.155714812,/novatel/oem7/odom,/novatel/oem7/fix,/novatel/oem7/odom,39.663,-75.756,-1.800831362,0.001786746,-0.001252265,-0.001767879,-0.000258971,-0.001252265,,,
1786043656167106074,1786043656.166483674,/novatel/oem7/inspva,/novatel/oem7/inspva,/novatel/oem7/inspva,39.663,-75.756,-1.800813772,0.001779540,0.000188047,-0.001763218,-0.000240469,0.000188047,,novatel_oem7_msgs.msg.InertialSolutionStatus(status=3),
1786043656168678189,1786043656.166670659,/novatel/oem7/fix,/novatel/oem7/fix,/novatel/oem7/inspva,39.663,-75.756,-1.800813772,0.001779540,0.000188047,-0.001763218,-0.000240469,0.000188047,,0,
1786043656169879278,1786043656.167304452,/novatel/oem7/odom,/novatel/oem7/fix,/novatel/oem7/odom,39.663,-75.756,-1.800813772,0.001780116,0.000182519,-0.000323363,-0.001750500,0.000182519,,,
1786043656175887870,1786043656.175160853,/novatel/oem7/odom,/novatel/oem7/fix,/novatel/oem7/odom,39.663,-75.756,-1.800813772,0.001780116,0.000182519,-0.000323363,-0.001750500,0.000182519,,,
1786043656185675960,1786043656.185044214,/novatel/oem7/inspva,/novatel/oem7/inspva,/novatel/oem7/inspva,39.663,-75.756,-1.800810503,0.001656941,0.000436440,-0.001314188,-0.001009139,0.000436440,,novatel_oem7_msgs.msg.InertialSolutionStatus(status=3),
1786043656187115574,1786043656.185212562,/novatel/oem7/fix,/novatel/oem7/fix,/novatel/oem7/inspva,39.663,-75.756,-1.800810503,0.001656941,0.000436440,-0.001314188,-0.001009139,0.000436440,,0,
1786043656188260415,1786043656.185625693,/novatel/oem7/odom,/novatel/oem7/fix,/novatel/oem7/odom,39.663,-75.756,-1.800810503,0.001658762,0.000429465,-0.001071046,-0.001266630,0.000429465,,,
1786043656196194917,1786043656.195473016,/novatel/oem7/odom,/novatel/oem7/fix,/novatel/oem7/odom,39.663,-75.756,-1.800810503,0.001658762,0.000429465,-0.001071046,-0.001266630,0.000429465,,,
1786043656207012690,1786043656.206400344,/novatel/oem7/inspva,/novatel/oem7/inspva,/novatel/oem7/inspva,39.663,-75.756,-1.800821315,0.001998998,-0.001111244,0.000153605,-0.001993087,-0.001111244,,novatel_oem7_msgs.msg.InertialSolutionStatus(status=3),
1786043656208508405,1786043656.206593642,/novatel/oem7/fix,/novatel/oem7/fix,/novatel/oem7/inspva,39.663,-75.756,-1.800821315,0.001998998,-0.001111244,0.000153605,-0.001993087,-0.001111244,,0,
1786043656209642822,1786043656.207146144,/novatel/oem7/odom,/novatel/oem7/fix,/novatel/oem7/odom,39.663,-75.756,-1.800821315,0.001995488,-0.001117535,-0.001979826,0.000249518,-0.001117535,,,
1786043656211215274,1786043656.209999132,/novatel/oem7/bestpos,/novatel/oem7/bestpos,/novatel/oem7/odom,39.663,-75.756,33.181691334,0.001995488,-0.001117535,-0.001979826,0.000249518,-0.001117535,,novatel_oem7_msgs.msg.SolutionStatus(status=0),novatel_oem7_msgs.msg.PositionOrVelocityType(type=53)
1786043656212347072,1786043656.210482634,/novatel/oem7/bestvel,/novatel/oem7/bestpos,/novatel/oem7/bestvel,39.663,-75.756,33.181691334,0.002944652,-0.000821849,,,,279.142368389,novatel_oem7_msgs.msg.SolutionStatus(status=0),novatel_oem7_msgs.msg.PositionOrVelocityType(type=53)
1786043656215628168,1786043656.214904098,/novatel/oem7/odom,/novatel/oem7/bestpos,/novatel/oem7/odom,39.663,-75.756,33.181691334,0.001995488,-0.001117535,-0.001979826,0.000249518,-0.001117535,,,
1786043656226745554,1786043656.226125904,/novatel/oem7/inspva,/novatel/oem7/inspva,/novatel/oem7/inspva,39.663,-75.756,-1.800803820,0.002231706,-0.001407331,-0.000064809,-0.002230765,-0.001407331,,novatel_oem7_msgs.msg.InertialSolutionStatus(status=3),
1786043656228141891,1786043656.226275979,/novatel/oem7/fix,/novatel/oem7/fix,/novatel/oem7/inspva,39.663,-75.756,-1.800803820,0.002231706,-0.001407331,-0.000064809,-0.002230765,-0.001407331,,0,
1786043656229306359,1786043656.226773600,/novatel/oem7/odom,/novatel/oem7/fix,/novatel/oem7/odom,39.663,-75.756,-1.800803820,0.002226814,-0.001415060,-0.002226396,0.000043161,-0.001415060,,,
1786043656235096786,1786043656.234401099,/novatel/oem7/odom,/novatel/oem7/fix,/novatel/oem7/odom,39.663,-75.756,-1.800803820,0.002226814,-0.001415060,-0.002226396,0.000043161,-0.001415060,,,
1786043656245856025,1786043656.245252009,/novatel/oem7/inspva,/novatel/oem7/inspva,/novatel/oem7/inspva,39.663,-75.756,-1.800777803,0.002122128,0.000540959,-0.001799839,-0.001124280,0.000540959,,novatel_oem7_msgs.msg.InertialSolutionStatus(status=3),
1786043656247327996,1786043656.245399801,/novatel/oem7/fix,/novatel/oem7/fix,/novatel/oem7/inspva,39.663,-75.756,-1.800777803,0.002122128,0.000540959,-0.001799839,-0.001124280,0.000540959,,0,
1786043656248844291,1786043656.245776987,/novatel/oem7/odom,/novatel/oem7/fix,/novatel/oem7/odom,39.663,-75.756,-1.800777803,0.002124304,0.000532349,-0.001209138,-0.001746611,0.000532349,,,
1786043656257333198,1786043656.256602021,/novatel/oem7/odom,/novatel/oem7/fix,/novatel/oem7/odom,39.663,-75.756,-1.800777803,0.002124304,0.000532349,-0.001209138,-0.001746611,0.000532349,,,
1786043656265619049,1786043656.265059441,/novatel/oem7/inspva,/novatel/oem7/inspva,/novatel/oem7/inspva,39.663,-75.756,-1.800772059,0.001709460,0.000493462,-0.001681660,0.000307043,0.000493462,,novatel_oem7_msgs.msg.InertialSolutionStatus(status=3),
1786043656267126324,1786043656.265211025,/novatel/oem7/fix,/novatel/oem7/fix,/novatel/oem7/inspva,39.663,-75.756,-1.800772059,0.001709460,0.000493462,-0.001681660,0.000307043,0.000493462,,0,
1786043656268273046,1786043656.265668987,/novatel/oem7/odom,/novatel/oem7/fix,/novatel/oem7/odom,39.663,-75.756,-1.800772059,0.001710461,0.000489981,0.000226303,-0.001695425,0.000489981,,,
1786043656275168420,1786043656.274487810,/novatel/oem7/odom,/novatel/oem7/fix,/novatel/oem7/odom,39.663,-75.756,-1.800772059,0.001710461,0.000489981,0.000226303,-0.001695425,0.000489981,,,
1786043656287134511,1786043656.286568529,/novatel/oem7/inspva,/novatel/oem7/inspva,/novatel/oem7/inspva,39.663,-75.756,-1.800776334,0.001890977,-0.000444164,0.000187453,-0.001881663,-0.000444164,,novatel_oem7_msgs.msg.InertialSolutionStatus(status=3),
1786043656288553282,1786043656.286711797,/novatel/oem7/fix,/novatel/oem7/fix,/novatel/oem7/inspva,39.663,-75.756,-1.800776334,0.001890977,-0.000444164,0.000187453,-0.001881663,-0.000444164,,0,
1786043656289656126,1786043656.287133938,/novatel/oem7/odom,/novatel/oem7/fix,/novatel/oem7/odom,39.663,-75.756,-1.800776334,0.001889568,-0.000450120,-0.001869243,0.000276404,-0.000450120,,,
1786043656295739326,1786043656.295056549,/novatel/oem7/odom,/novatel/oem7/fix,/novatel/oem7/odom,39.663,-75.756,-1.800776334,0.001889568,-0.000450120,-0.001869243,0.000276404,-0.000450120,,,
1786043656306625993,1786043656.306030370,/novatel/oem7/inspva,/novatel/oem7/inspva,/novatel/oem7/inspva,39.663,-75.756,-1.800762855,0.002174052,-0.000882545,0.000077266,-0.002172679,-0.000882545,,novatel_oem7_msgs.msg.InertialSolutionStatus(status=3),
1786043656308002733,1786043656.306190421,/novatel/oem7/fix,/novatel/oem7/fix,/novatel/oem7/inspva,39.663,-75.756,-1.800762855,0.002174052,-0.000882545,0.000077266,-0.002172679,-0.000882545,,0,
1786043656309113260,1786043656.306590679,/novatel/oem7/odom,/novatel/oem7/fix,/novatel/oem7/odom,39.663,-75.756,-1.800762855,0.002171145,-0.000889674,-0.002163585,0.000181015,-0.000889674,,,
1786043656310855567,1786043656.309274776,/novatel/oem7/bestpos,/novatel/oem7/bestpos,/novatel/oem7/odom,39.663,-75.756,33.181761280,0.002171145,-0.000889674,-0.002163585,0.000181015,-0.000889674,,novatel_oem7_msgs.msg.SolutionStatus(status=0),novatel_oem7_msgs.msg.PositionOrVelocityType(type=53)
1786043656311918018,1786043656.309663743,/novatel/oem7/bestvel,/novatel/oem7/bestpos,/novatel/oem7/bestvel,39.663,-75.756,33.181761280,0.002876742,-0.000170556,,,,258.427100088,novatel_oem7_msgs.msg.SolutionStatus(status=0),novatel_oem7_msgs.msg.PositionOrVelocityType(type=53)
1786043656316149549,1786043656.315482677,/novatel/oem7/odom,/novatel/oem7/bestpos,/novatel/oem7/odom,39.663,-75.756,33.181761280,0.002171145,-0.000889674,-0.002163585,0.000181015,-0.000889674,,,
1786043656325902985,1786043656.325346170,/novatel/oem7/inspva,/novatel/oem7/inspva,/novatel/oem7/inspva,39.663,-75.756,-1.800736803,0.002037332,0.000170485,-0.001967071,-0.000530427,0.000170485,,novatel_oem7_msgs.msg.InertialSolutionStatus(status=3),
1786043656327314836,1786043656.325526102,/novatel/oem7/fix,/novatel/oem7/fix,/novatel/oem7/inspva,39.663,-75.756,-1.800736803,0.002037332,0.000170485,-0.001967071,-0.000530427,0.000170485,,0,
1786043656328444994,1786043656.326078394,/novatel/oem7/odom,/novatel/oem7/fix,/novatel/oem7/odom,39.663,-75.756,-1.800736803,0.002037908,0.000163450,-0.000622466,-0.001940517,0.000163450,,,
1786043656335560814,1786043656.334865897,/novatel/oem7/odom,/novatel/oem7/fix,/novatel/oem7/odom,39.663,-75.756,-1.800736803,0.002037908,0.000163450,-0.000622466,-0.001940517,0.000163450,,,
1786043656346730587,1786043656.346136644,/novatel/oem7/inspva,/novatel/oem7/inspva,/novatel/oem7/inspva,39.663,-75.756,-1.800723079,0.001741601,0.000212721,-0.001701443,-0.000371841,0.000212721,,novatel_oem7_msgs.msg.InertialSolutionStatus(status=3),
1786043656348581005,1786043656.346304136,/novatel/oem7/fix,/novatel/oem7/fix,/novatel/oem7/inspva,39.663,-75.756,-1.800723079,0.001741601,0.000212721,-0.001701443,-0.000371841,0.000212721,,0,
1786043656349740064,1786043656.346760834,/novatel/oem7/odom,/novatel/oem7/fix,/novatel/oem7/odom,39.663,-75.756,-1.800723079,0.001742303,0.000206897,-0.000451762,-0.001682715,0.000206897,,,
1786043656356697142,1786043656.355967088,/novatel/oem7/odom,/novatel/oem7/fix,/novatel/oem7/odom,39.663,-75.756,-1.800723079,0.001742303,0.000206897,-0.000451762,-0.001682715,0.000206897,,,
1786043656365942766,1786043656.365347523,/novatel/oem7/inspva,/novatel/oem7/inspva,/novatel/oem7/inspva,39.663,-75.756,-1.800717510,0.000777474,0.000265260,-0.000363778,-0.000687118,0.000265260,,novatel_oem7_msgs.msg.InertialSolutionStatus(status=3),
1786043656367367980,1786043656.365532932,/novatel/oem7/fix,/novatel/oem7/fix,/novatel/oem7/inspva,39.663,-75.756,-1.800717510,0.000777474,0.000265260,-0.000363778,-0.000687118,0.000265260,,0,
1786043656368505981,1786043656.366125221,/novatel/oem7/odom,/novatel/oem7/fix,/novatel/oem7/odom,39.663,-75.756,-1.800717510,0.000778605,0.000261922,-0.000704321,-0.000331900,0.000261922,,,
1786043656376221954,1786043656.375525857,/novatel/oem7/odom,/novatel/oem7/fix,/novatel/oem7/odom,39.663,-75.756,-1.800717510,0.000778605,0.000261922,-0.000704321,-0.000331900,0.000261922,,,
1786043656385836065,1786043656.385231839,/novatel/oem7/inspva,/novatel/oem7/inspva,/novatel/oem7/inspva,39.663,-75.756,-1.800705541,0.001492802,0.000315797,0.000107231,-0.001488945,0.000315797,,novatel_oem7_msgs.msg.InertialSolutionStatus(status=3),
1786043656387237689,1786043656.385405338,/novatel/oem7/fix,/novatel/oem7/fix,/novatel/oem7/inspva,39.663,-75.756,-1.800705541,0.001492802,0.000315797,0.000107231,-0.001488945,0.000315797,,0,
1786043656388323393,1786043656.385818482,/novatel/oem7/odom,/novatel/oem7/fix,/novatel/oem7/odom,39.663,-75.756,-1.800705541,0.001493813,0.000310979,-0.001483411,0.000175978,0.000310979,,,
1786043656395159830,1786043656.394469994,/novatel/oem7/odom,/novatel/oem7/fix,/novatel/oem7/odom,39.663,-75.756,-1.800705541,0.001493813,0.000310979,-0.001483411,0.000175978,0.000310979,,,
1786043656407092278,1786043656.406485178,/novatel/oem7/inspva,/novatel/oem7/inspva,/novatel/oem7/inspva,39.663,-75.756,-1.800703589,0.002237380,-0.001598094,-0.001721085,-0.001429594,-0.001598094,,novatel_oem7_msgs.msg.InertialSolutionStatus(status=3),
1786043656408587999,1786043656.406669327,/novatel/oem7/fix,/novatel/oem7/fix,/novatel/oem7/inspva,39.663,-75.756,-1.800703589,0.002237380,-0.001598094,-0.001721085,-0.001429594,-0.001598094,,0,
1786043656409771144,1786043656.407301276,/novatel/oem7/odom,/novatel/oem7/fix,/novatel/oem7/odom,39.663,-75.756,-1.800703589,0.002230608,-0.001607533,-0.001502922,-0.001648283,-0.001607533,,,
1786043656411342830,1786043656.410373136,/novatel/oem7/bestpos,/novatel/oem7/bestpos,/novatel/oem7/odom,39.663,-75.756,33.181811805,0.002230608,-0.001607533,-0.001502922,-0.001648283,-0.001607533,,novatel_oem7_msgs.msg.SolutionStatus(status=0),novatel_oem7_msgs.msg.PositionOrVelocityType(type=53)
1786043656412862428,1786043656.410854878,/novatel/oem7/bestvel,/novatel/oem7/bestpos,/novatel/oem7/bestvel,39.663,-75.756,33.181811805,0.003509806,-0.000624075,,,,227.468860538,novatel_oem7_msgs.msg.SolutionStatus(status=0),novatel_oem7_msgs.msg.PositionOrVelocityType(type=53)
1786043656415771506,1786043656.415040132,/novatel/oem7/odom,/novatel/oem7/bestpos,/novatel/oem7/odom,39.663,-75.756,33.181811805,0.002230608,-0.001607533,-0.001502922,-0.001648283,-0.001607533,,,
1786043656425686287,1786043656.425120695,/novatel/oem7/inspva,/novatel/oem7/inspva,/novatel/oem7/inspva,39.663,-75.756,-1.800678987,0.001647581,-0.000629943,-0.001592269,-0.000423325,-0.000629943,,novatel_oem7_msgs.msg.InertialSolutionStatus(status=3),
1786043656427127878,1786043656.425281736,/novatel/oem7/fix,/novatel/oem7/fix,/novatel/oem7/inspva,39.663,-75.756,-1.800678987,0.001647581,-0.000629943,-0.001592269,-0.000423325,-0.000629943,,0,
1786043656428278869,1786043656.425681450,/novatel/oem7/odom,/novatel/oem7/fix,/novatel/oem7/odom,39.663,-75.756,-1.800678987,0.001645384,-0.000635660,-0.000495110,-0.001569126,-0.000635660,,,
1786043656436523263,1786043656.435758673,/novatel/oem7/odom,/novatel/oem7/fix,/novatel/oem7/odom,39.663,-75.756,-1.800678987,0.001645384,-0.000635660,-0.000495110,-0.001569126,-0.000635660,,,
1786043656446711757,1786043656.445601490,/novatel/oem7/inspva,/novatel/oem7/inspva,/novatel/oem7/inspva,39.663,-75.756,-1.800667921,0.001180712,0.000494329,-0.000748408,-0.000913217,0.000494329,,novatel_oem7_msgs.msg.InertialSolutionStatus(status=3),
1786043656448287019,1786043656.445856912,/novatel/oem7/fix,/novatel/oem7/fix,/novatel/oem7/inspva,39.663,-75.756,-1.800667921,0.001180712,0.000494329,-0.000748408,-0.000913217,0.000494329,,0,
1786043656449506855,1786043656.446873005,/novatel/oem7/odom,/novatel/oem7/fix,/novatel/oem7/odom,39.663,-75.756,-1.800667921,0.001182872,0.000489137,-0.000948989,-0.000706120,0.000489137,,,
1786043656457174740,1786043656.456456896,/novatel/oem7/odom,/novatel/oem7/fix,/novatel/oem7/odom,39.663,-75.756,-1.800667921,0.001182872,0.000489137,-0.000948989,-0.000706120,0.000489137,,,
1786043656466906992,1786043656.466323840,/novatel/oem7/inspva,/novatel/oem7/inspva,/novatel/oem7/inspva,39.663,-75.756,-1.800659402,0.000898434,0.000620341,-0.000701129,-0.000561785,0.000620341,,novatel_oem7_msgs.msg.InertialSolutionStatus(status=3),
1786043656468399984,1786043656.466520172,/novatel/oem7/fix,/novatel/oem7/fix,/novatel/oem7/inspva,39.663,-75.756,-1.800659402,0.000898434,0.000620341,-0.000701129,-0.000561785,0.000620341,,0,
1786043656469671183,1786043656.466999663,/novatel/oem7/odom,/novatel/oem7/fix,/novatel/oem7/odom,39.663,-75.756,-1.800659402,0.000901067,0.000616510,-0.000596161,-0.000675658,0.000616510,,,
1786043656475586378,1786043656.474841527,/novatel/oem7/odom,/novatel/oem7/fix,/novatel/oem7/odom,39.663,-75.756,-1.800659402,0.000901067,0.000616510,-0.000596161,-0.000675658,0.000616510,,,
1786043656485895406,1786043656.485347240,/novatel/oem7/inspva,/novatel/oem7/inspva,/novatel/oem7/inspva,39.663,-75.756,-1.800666326,0.001429989,-0.001646428,-0.001202937,-0.000773182,-0.001646428,,novatel_oem7_msgs.msg.InertialSolutionStatus(status=3),
1786043656487324950,1786043656.485506309,/novatel/oem7/fix,/novatel/oem7/fix,/novatel/oem7/inspva,39.663,-75.756,-1.800666326,0.001429989,-0.001646428,-0.001202937,-0.000773182,-0.001646428,,0,
1786043656488447281,1786043656.486137581,/novatel/oem7/odom,/novatel/oem7/fix,/novatel/oem7/odom,39.663,-75.756,-1.800666326,0.001423232,-0.001652272,-0.000822747,-0.001161325,-0.001652272,,,
1786043656496467433,1786043656.495741546,/novatel/oem7/odom,/novatel/oem7/fix,/novatel/oem7/odom,39.663,-75.756,-1.800666326,0.001423232,-0.001652272,-0.000822747,-0.001161325,-0.001652272,,,
1786043656506605163,1786043656.506014857,/novatel/oem7/inspva,/novatel/oem7/inspva,/novatel/oem7/inspva,39.663,-75.756,-1.800649510,0.002029839,-0.001668753,-0.001607882,-0.001238935,-0.001668753,,novatel_oem7_msgs.msg.InertialSolutionStatus(status=3),
1786043656508066584,1786043656.506190238,/novatel/oem7/fix,/novatel/oem7/fix,/novatel/oem7/inspva,39.663,-75.756,-1.800649510,0.002029839,-0.001668753,-0.001607882,-0.001238935,-0.001668753,,0,
1786043656509227192,1786043656.506595309,/novatel/oem7/odom,/novatel/oem7/fix,/novatel/oem7/odom,39.663,-75.756,-1.800649510,0.002022816,-0.001677259,-0.001306855,-0.001543993,-0.001677259,,,
1786043656511992019,1786043656.511363679,/novatel/oem7/bestpos,/novatel/oem7/bestpos,/novatel/oem7/odom,39.663,-75.756,33.181864550,0.002022816,-0.001677259,-0.001306855,-0.001543993,-0.001677259,,novatel_oem7_msgs.msg.SolutionStatus(status=0),novatel_oem7_msgs.msg.PositionOrVelocityType(type=53)
1786043656513483480,1786043656.512271858,/novatel/oem7/bestvel,/novatel/oem7/bestpos,/novatel/oem7/bestvel,39.663,-75.756,33.181864550,0.003600871,-0.000467368,,,,228.721470729,novatel_oem7_msgs.msg.SolutionStatus(status=0),novatel_oem7_msgs.msg.PositionOrVelocityType(type=53)
1786043656515531270,1786043656.514525464,/novatel/oem7/odom,/novatel/oem7/bestpos,/novatel/oem7/odom,39.663,-75.756,33.181864550,0.002022816,-0.001677259,-0.001306855,-0.001543993,-0.001677259,,,
1786043656527309253,1786043656.526765801,/novatel/oem7/inspva,/novatel/oem7/inspva,/novatel/oem7/inspva,39.663,-75.756,-1.800628405,0.001802980,0.000909763,-0.001765178,0.000367263,0.000909763,,novatel_oem7_msgs.msg.InertialSolutionStatus(status=3),
1786043656528735747,1786043656.526911972,/novatel/oem7/fix,/novatel/oem7/fix,/novatel/oem7/inspva,39.663,-75.756,-1.800628405,0.001802980,0.000909763,-0.001765178,0.000367263,0.000909763,,0,
1786043656529883092,1786043656.527366477,/novatel/oem7/odom,/novatel/oem7/fix,/novatel/oem7/odom,39.663,-75.756,-1.800628405,0.001804760,0.000906226,0.000281077,-0.001782738,0.000906226,,,
1786043656536001292,1786043656.535269028,/novatel/oem7/odom,/novatel/oem7/fix,/novatel/oem7/odom,39.663,-75.756,-1.800628405,0.001804760,0.000906226,0.000281077,-0.001782738,0.000906226,,,
1786043656545719491,1786043656.545131128,/novatel/oem7/inspva,/novatel/oem7/inspva,/novatel/oem7/inspva,39.663,-75.756,-1.800621626,0.001646213,0.000766697,-0.001607360,-0.000355543,0.000766697,,novatel_oem7_msgs.msg.InertialSolutionStatus(status=3),
1786043656547235546,1786043656.545286427,/novatel/oem7/fix,/novatel/oem7/fix,/novatel/oem7/inspva,39.663,-75.756,-1.800621626,0.001646213,0.000766697,-0.001607360,-0.000355543,0.000766697,,0,
1786043656548446828,1786043656.545789455,/novatel/oem7/odom,/novatel/oem7/fix,/novatel/oem7/odom,39.663,-75.756,-1.800621626,0.001648803,0.000761109,-0.000433079,-0.001590910,0.000761109,,,
1786043656556395429,1786043656.555695805,/novatel/oem7/odom,/novatel/oem7/fix,/novatel/oem7/odom,39.663,-75.756,-1.800621626,0.001648803,0.000761109,-0.000433079,-0.001590910,0.000761109,,,
1786043656566035001,1786043656.565513999,/novatel/oem7/inspva,/novatel/oem7/inspva,/novatel/oem7/inspva,39.663,-75.756,-1.800631887,0.001625319,-0.001523328,-0.000067193,-0.001623929,-0.001523328,,novatel_oem7_msgs.msg.InertialSolutionStatus(status=3),
1786043656567532019,1786043656.565661517,/novatel/oem7/fix,/novatel/oem7/fix,/novatel/oem7/inspva,39.663,-75.756,-1.800631887,0.001625319,-0.001523328,-0.000067193,-0.001623929,-0.001523328,,0,
1786043656568704673,1786043656.566388121,/novatel/oem7/odom,/novatel/oem7/fix,/novatel/oem7/odom,39.663,-75.756,-1.800631887,0.001619919,-0.001529069,-0.001619869,0.000012652,-0.001529069,,,
1786043656575942598,1786043656.575216621,/novatel/oem7/odom,/novatel/oem7/fix,/novatel/oem7/odom,39.663,-75.756,-1.800631887,0.001619919,-0.001529069,-0.001619869,0.000012652,-0.001529069,,,
1786043656586799925,1786043656.586272846,/novatel/oem7/inspva,/novatel/oem7/inspva,/novatel/oem7/inspva,39.663,-75.756,-1.800617315,0.001413780,-0.001859053,-0.001297238,-0.000562093,-0.001859053,,novatel_oem7_msgs.msg.InertialSolutionStatus(status=3),
1786043656588225315,1786043656.586417551,/novatel/oem7/fix,/novatel/oem7/fix,/novatel/oem7/inspva,39.663,-75.756,-1.800617315,0.001413780,-0.001859053,-0.001297238,-0.000562093,-0.001859053,,0,
1786043656589339900,1786043656.586946183,/novatel/oem7/odom,/novatel/oem7/fix,/novatel/oem7/odom,39.663,-75.756,-1.800617315,0.001406658,-0.001864447,-0.000615501,-0.001264850,-0.001864447,,,
1786043656595235224,1786043656.594571755,/novatel/oem7/odom,/novatel/oem7/fix,/novatel/oem7/odom,39.663,-75.756,-1.800617315,0.001406658,-0.001864447,-0.000615501,-0.001264850,-0.001864447,,,
1786043656607785381,1786043656.607218049,/novatel/oem7/inspva,/novatel/oem7/inspva,/novatel/oem7/inspva,39.663,-75.756,-1.800593023,0.001933382,0.000685398,-0.001923759,0.000192661,0.000685398,,novatel_oem7_msgs.msg.InertialSolutionStatus(status=3),
1786043656609224336,1786043656.607364560,/novatel/oem7/fix,/novatel/oem7/fix,/novatel/oem7/inspva,39.663,-75.756,-1.800593023,0.001933382,0.000685398,-0.001923759,0.000192661,0.000685398,,0,
1786043656610392830,1786043656.607904616,/novatel/oem7/odom,/novatel/oem7/fix,/novatel/oem7/odom,39.663,-75.756,-1.800593023,0.001934986,0.000680856,0.000100066,-0.001932397,0.000680856,,,
1786043656611965563,1786043656.610168158,/novatel/oem7/bestpos,/novatel/oem7/bestpos,/novatel/oem7/odom,39.663,-75.756,33.181886032,0.001934986,0.000680856,0.000100066,-0.001932397,0.000680856,,novatel_oem7_msgs.msg.SolutionStatus(status=0),novatel_oem7_msgs.msg.PositionOrVelocityType(type=53)
1786043656613001109,1786043656.610600149,/novatel/oem7/bestvel,/novatel/oem7/bestpos,/novatel/oem7/bestvel,39.663,-75.756,33.181886032,0.001833399,0.000257400,,,,156.062988478,novatel_oem7_msgs.msg.SolutionStatus(status=0),novatel_oem7_msgs.msg.PositionOrVelocityType(type=53)
1786043656616258625,1786043656.615572004,/novatel/oem7/odom,/novatel/oem7/bestpos,/novatel/oem7/odom,39.663,-75.756,33.181886032,0.001934986,0.000680856,0.000100066,-0.001932397,0.000680856,,,
1786043656625791842,1786043656.625269797,/novatel/oem7/inspva,/novatel/oem7/inspva,/novatel/oem7/inspva,39.663,-75.756,-1.800589872,0.001860022,0.001060270,-0.001817931,0.000393456,0.001060270,,novatel_oem7_msgs.msg.InertialSolutionStatus(status=3),
1786043656627193129,1786043656.625414531,/novatel/oem7/fix,/novatel/oem7/fix,/novatel/oem7/inspva,39.663,-75.756,-1.800589872,0.001860022,0.001060270,-0.001817931,0.000393456,0.001060270,,0,
1786043656628351387,1786043656.625804545,/novatel/oem7/odom,/novatel/oem7/fix,/novatel/oem7/odom,39.663,-75.756,-1.800589872,0.001862055,0.001056696,0.000304257,-0.001837029,0.001056696,,,
1786043656635101003,1786043656.634406916,/novatel/oem7/odom,/novatel/oem7/fix,/novatel/oem7/odom,39.663,-75.756,-1.800589872,0.001862055,0.001056696,0.000304257,-0.001837029,0.001056696,,,
1786043656647297750,1786043656.646622140,/novatel/oem7/inspva,/novatel/oem7/inspva,/novatel/oem7/inspva,39.663,-75.756,-1.800601252,0.000925031,-0.001153311,0.000041181,-0.000924114,-0.001153311,,novatel_oem7_msgs.msg.InertialSolutionStatus(status=3),
1786043656648901312,1786043656.646797051,/novatel/oem7/fix,/novatel/oem7/fix,/novatel/oem7/inspva,39.663,-75.756,-1.800601252,0.000925031,-0.001153311,0.000041181,-0.000924114,-0.001153311,,0,
1786043656650068554,1786043656.647656707,/novatel/oem7/odom,/novatel/oem7/fix,/novatel/oem7/odom,39.663,-75.756,-1.800601252,0.000921183,-0.001156387,-0.000917043,0.000087239,-0.001156387,,,
1786043656657397689,1786043656.656664862,/novatel/oem7/odom,/novatel/oem7/fix,/novatel/oem7/odom,39.663,-75.756,-1.800601252,0.000921183,-0.001156387,-0.000917043,0.000087239,-0.001156387,,,
1786043656665621543,1786043656.664987144,/novatel/oem7/inspva,/novatel/oem7/inspva,/novatel/oem7/inspva,39.663,-75.756,-1.800591045,0.001308413,-0.001776216,-0.000737128,-0.001081013,-0.001776216,,novatel_oem7_msgs.msg.InertialSolutionStatus(status=3),
1786043656667127088,1786043656.665166169,/novatel/oem7/fix,/novatel/oem7/fix,/novatel/oem7/inspva,39.663,-75.756,-1.800591045,0.001308413,-0.001776216,-0.000737128,-0.001081013,-0.001776216,,0,
1786043656668324900,1786043656.665566070,/novatel/oem7/odom,/novatel/oem7/fix,/novatel/oem7/odom,39.663,-75.756,-1.800591045,0.001300662,-0.001781901,-0.001107942,-0.000681311,-0.001781901,,,
1786043656676237195,1786043656.675474310,/novatel/oem7/odom,/novatel/oem7/fix,/novatel/oem7/odom,39.663,-75.756,-1.800591045,0.001300662,-0.001781901,-0.001107942,-0.000681311,-0.001781901,,,
1786043656685909150,1786043656.685292497,/novatel/oem7/inspva,/novatel/oem7/inspva,/novatel/oem7/inspva,39.663,-75.756,-1.800584192,0.002152180,-0.000473657,-0.002001587,0.000790903,-0.000473657,,novatel_oem7_msgs.msg.InertialSolutionStatus(status=3),
1786043656687415385,1786043656.685470452,/novatel/oem7/fix,/novatel/oem7/fix,/novatel/oem7/inspva,39.663,-75.756,-1.800584192,0.002152180,-0.000473657,-0.002001587,0.000790903,-0.000473657,,0,
1786043656688733728,1786043656.686164802,/novatel/oem7/odom,/novatel/oem7/fix,/novatel/oem7/odom,39.663,-75.756,-1.800584192,0.002151586,-0.000476344,0.000698190,-0.002035155,-0.000476344,,,
1786043656695750917,1786043656.694996975,/novatel/oem7/odom,/novatel/oem7/fix,/novatel/oem7/odom,39.663,-75.756,-1.800584192,0.002151586,-0.000476344,0.000698190,-0.002035155,-0.000476344,,,
1786043656706610770,1786043656.705963147,/novatel/oem7/inspva,/novatel/oem7/inspva,/novatel/oem7/inspva,39.663,-75.756,-1.800578102,0.002103571,0.000478952,-0.001863660,0.000975593,0.000478952,,novatel_oem7_msgs.msg.InertialSolutionStatus(status=3),
1786043656708161999,1786043656.706118335,/novatel/oem7/fix,/novatel/oem7/fix,/novatel/oem7/inspva,39.663,-75.756,-1.800578102,0.002103571,0.000478952,-0.001863660,0.000975593,0.000478952,,0,
1786043656709355700,1786043656.706634784,/novatel/oem7/odom,/novatel/oem7/fix,/novatel/oem7/odom,39.663,-75.756,-1.800578102,0.002103962,0.000477229,0.000885711,-0.001908448,0.000477229,,,
1786043656711116198,1786043656.709601676,/novatel/oem7/bestpos,/novatel/oem7/bestpos,/novatel/oem7/odom,39.663,-75.756,33.181899588,0.002103962,0.000477229,0.000885711,-0.001908448,0.000477229,,novatel_oem7_msgs.msg.SolutionStatus(status=0),novatel_oem7_msgs.msg.PositionOrVelocityType(type=53)
1786043656712148314,1786043656.710357200,/novatel/oem7/bestvel,/novatel/oem7/bestpos,/novatel/oem7/bestvel,39.663,-75.756,33.181899588,0.001516855,-0.000014357,,,,135.732575676,novatel_oem7_msgs.msg.SolutionStatus(status=0),novatel_oem7_msgs.msg.PositionOrVelocityType(type=53)
1786043656715213764,1786043656.714476631,/novatel/oem7/odom,/novatel/oem7/bestpos,/novatel/oem7/odom,39.663,-75.756,33.181899588,0.002103962,0.000477229,0.000885711,-0.001908448,0.000477229,,,
1786043656725862699,1786043656.725237523,/novatel/oem7/inspva,/novatel/oem7/inspva,/novatel/oem7/inspva,39.663,-75.756,-1.800586502,0.000818547,-0.000360467,-0.000053589,-0.000816791,-0.000360467,,novatel_oem7_msgs.msg.InertialSolutionStatus(status=3),
1786043656727354267,1786043656.725391674,/novatel/oem7/fix,/novatel/oem7/fix,/novatel/oem7/inspva,39.663,-75.756,-1.800586502,0.000818547,-0.000360467,-0.000053589,-0.000816791,-0.000360467,,0,
1786043656728575996,1786043656.725892529,/novatel/oem7/odom,/novatel/oem7/fix,/novatel/oem7/odom,39.663,-75.756,-1.800586502,0.000817225,-0.000363454,-0.000817097,-0.000014440,-0.000363454,,,
1786043656736352016,1786043656.735585308,/novatel/oem7/odom,/novatel/oem7/fix,/novatel/oem7/odom,39.663,-75.756,-1.800586502,0.000817225,-0.000363454,-0.000817097,-0.000014440,-0.000363454,,,
1786043656745742721,1786043656.745118722,/novatel/oem7/inspva,/novatel/oem7/inspva,/novatel/oem7/inspva,39.663,-75.756,-1.800587706,0.001117226,-0.001508519,-0.000345558,-0.001062443,-0.001508519,,novatel_oem7_msgs.msg.InertialSolutionStatus(status=3),
1786043656747239923,1786043656.745333714,/novatel/oem7/fix,/novatel/oem7/fix,/novatel/oem7/inspva,39.663,-75.756,-1.800587706,0.001117226,-0.001508519,-0.000345558,-0.001062443,-0.001508519,,0,
1786043656748463278,1786043656.745848066,/novatel/oem7/odom,/novatel/oem7/fix,/novatel/oem7/odom,39.663,-75.756,-1.800587706,0.001110984,-0.001513123,-0.001072001,-0.000291716,-0.001513123,,,
1786043656756506957,1786043656.755788543,/novatel/oem7/odom,/novatel/oem7/fix,/novatel/oem7/odom,39.663,-75.756,-1.800587706,0.001110984,-0.001513123,-0.001072001,-0.000291716,-0.001513123,,,
1786043656766990827,1786043656.766451602,/novatel/oem7/inspva,/novatel/oem7/inspva,/novatel/oem7/inspva,39.663,-75.756,-1.800585059,0.002493302,-0.000753181,-0.002246582,0.001081401,-0.000753181,,novatel_oem7_msgs.msg.InertialSolutionStatus(status=3),
1786043656768386271,1786043656.766627124,/novatel/oem7/fix,/novatel/oem7/fix,/novatel/oem7/inspva,39.663,-75.756,-1.800585059,0.002493302,-0.000753181,-0.002246582,0.001081401,-0.000753181,,0,
1786043656769545049,1786043656.766996300,/novatel/oem7/odom,/novatel/oem7/fix,/novatel/oem7/odom,39.663,-75.756,-1.800585059,0.002492587,-0.000755547,0.000977890,-0.002292753,-0.000755547,,,
1786043656776080950,1786043656.775403906,/novatel/oem7/odom,/novatel/oem7/fix,/novatel/oem7/odom,39.663,-75.756,-1.800585059,0.002492587,-0.000755547,0.000977890,-0.002292753,-0.000755547,,,
1786043656785516369,1786043656.784976434,/novatel/oem7/inspva,/novatel/oem7/inspva,/novatel/oem7/inspva,39.663,-75.756,-1.800583297,0.003020567,-0.000321552,-0.002679886,0.001393569,-0.000321552,,novatel_oem7_msgs.msg.InertialSolutionStatus(status=3),
1786043656786919689,1786043656.785168132,/novatel/oem7/fix,/novatel/oem7/fix,/novatel/oem7/inspva,39.663,-75.756,-1.800583297,0.003020567,-0.000321552,-0.002679886,0.001393569,-0.000321552,,0,
1786043656788198389,1786043656.785670091,/novatel/oem7/odom,/novatel/oem7/fix,/novatel/oem7/odom,39.663,-75.756,-1.800583297,0.003020304,-0.000324017,0.001267905,-0.002741287,-0.000324017,,,
1786043656796153347,1786043656.795464527,/novatel/oem7/odom,/novatel/oem7/fix,/novatel/oem7/odom,39.663,-75.756,-1.800583297,0.003020304,-0.000324017,0.001267905,-0.002741287,-0.000324017,,,
1786043656807140338,1786043656.806609887,/novatel/oem7/inspva,/novatel/oem7/inspva,/novatel/oem7/inspva,39.663,-75.756,-1.800577167,0.000628163,0.000834779,-0.000468502,-0.000418442,0.000834779,,novatel_oem7_msgs.msg.InertialSolutionStatus(status=3),
1786043656808599200,1786043656.806822819,/novatel/oem7/fix,/novatel/oem7/fix,/novatel/oem7/inspva,39.663,-75.756,-1.800577167,0.000628163,0.000834779,-0.000468502,-0.000418442,0.000834779,,0,
1786043656809716401,1786043656.807272500,/novatel/oem7/odom,/novatel/oem7/fix,/novatel/oem7/odom,39.663,-75.756,-1.800577167,0.000631800,0.000832029,-0.000442906,-0.000450561,0.000832029,,,
1786043656811301489,1786043656.809880249,/novatel/oem7/bestpos,/novatel/oem7/bestpos,/novatel/oem7/odom,39.663,-75.756,33.181890825,0.000631800,0.000832029,-0.000442906,-0.000450561,0.000832029,,novatel_oem7_msgs.msg.SolutionStatus(status=0),novatel_oem7_msgs.msg.PositionOrVelocityType(type=53)
1786043656812280836,1786043656.810254359,/novatel/oem7/bestvel,/novatel/oem7/bestpos,/novatel/oem7/bestvel,39.663,-75.756,33.181890825,0.000509199,0.000021177,,,,75.956782053,novatel_oem7_msgs.msg.SolutionStatus(status=0),novatel_oem7_msgs.msg.PositionOrVelocityType(type=53)
1786043656815814491,1786043656.815129044,/novatel/oem7/odom,/novatel/oem7/bestpos,/novatel/oem7/odom,39.663,-75.756,33.181890825,0.000631800,0.000832029,-0.000442906,-0.000450561,0.000832029,,,
1786043656826602877,1786043656.826044018,/novatel/oem7/inspva,/novatel/oem7/inspva,/novatel/oem7/inspva,39.663,-75.756,-1.800584722,0.000741848,-0.000658293,-0.000524648,-0.000524484,-0.000658293,,novatel_oem7_msgs.msg.InertialSolutionStatus(status=3),
1786043656828000940,1786043656.826219820,/novatel/oem7/fix,/novatel/oem7/fix,/novatel/oem7/inspva,39.663,-75.756,-1.800584722,0.000741848,-0.000658293,-0.000524648,-0.000524484,-0.000658293,,0,
1786043656829130888,1786043656.826581886,/novatel/oem7/odom,/novatel/oem7/fix,/novatel/oem7/odom,39.663,-75.756,-1.800584722,0.000738958,-0.000661536,-0.000546052,-0.000497882,-0.000661536,,,
1786043656835160324,1786043656.834489057,/novatel/oem7/odom,/novatel/oem7/fix,/novatel/oem7/odom,39.663,-75.756,-1.800584722,0.000738958,-0.000661536,-0.000546052,-0.000497882,-0.000661536,,,
1786043656845833513,1786043656.845281343,/novatel/oem7/inspva,/novatel/oem7/inspva,/novatel/oem7/inspva,39.663,-75.756,-1.800589633,0.002065994,-0.001373455,-0.001975286,0.000605457,-0.001373455,,novatel_oem7_msgs.msg.InertialSolutionStatus(status=3),
1786043656847205726,1786043656.845480069,/novatel/oem7/fix,/novatel/oem7/fix,/novatel/oem7/inspva,39.663,-75.756,-1.800589633,0.002065994,-0.001373455,-0.001975286,0.000605457,-0.001373455,,0,
1786043656848327880,1786043656.845828506,/novatel/oem7/odom,/novatel/oem7/fix,/novatel/oem7/odom,39.663,-75.756,-1.800589633,0.002063836,-0.001376695,0.000517362,-0.001997938,-0.001376695,,,
1786043656856976975,1786043656.856283345,/novatel/oem7/odom,/novatel/oem7/fix,/novatel/oem7/odom,39.663,-75.756,-1.800589633,0.002063836,-0.001376695,0.000517362,-0.001997938,-0.001376695,,,
1786043656865834579,1786043656.865202996,/novatel/oem7/inspva,/novatel/oem7/inspva,/novatel/oem7/inspva,39.663,-75.756,-1.800581574,0.002539920,-0.000659831,-0.002307663,0.001061079,-0.000659831,,novatel_oem7_msgs.msg.InertialSolutionStatus(status=3),
1786043656867278023,1786043656.865403905,/novatel/oem7/fix,/novatel/oem7/fix,/novatel/oem7/inspva,39.663,-75.756,-1.800581574,0.002539920,-0.000659831,-0.002307663,0.001061079,-0.000659831,,0,
1786043656868497812,1786043656.865820262,/novatel/oem7/odom,/novatel/oem7/fix,/novatel/oem7/odom,39.663,-75.756,-1.800581574,0.002539252,-0.000662398,0.000954430,-0.002353054,-0.000662398,,,
1786043656875297659,1786043656.874614646,/novatel/oem7/odom,/novatel/oem7/fix,/novatel/oem7/odom,39.663,-75.756,-1.800581574,0.002539252,-0.000662398,0.000954430,-0.002353054,-0.000662398,,,
1786043656885828989,1786043656.885276937,/novatel/oem7/inspva,/novatel/oem7/inspva,/novatel/oem7/inspva,39.663,-75.756,-1.800566265,0.002032453,0.001344705,-0.001568667,0.001292343,0.001344705,,novatel_oem7_msgs.msg.InertialSolutionStatus(status=3),
1786043656887252746,1786043656.885486143,/novatel/oem7/fix,/novatel/oem7/fix,/novatel/oem7/inspva,39.663,-75.756,-1.800566265,0.002032453,0.001344705,-0.001568667,0.001292343,0.001344705,,0,
1786043656888442555,1786043656.886083008,/novatel/oem7/odom,/novatel/oem7/fix,/novatel/oem7/odom,39.663,-75.756,-1.800566265,0.002032273,0.001344976,0.001212707,-0.001630789,0.001344976,,,
1786043656896482927,1786043656.895754020,/novatel/oem7/odom,/novatel/oem7/fix,/novatel/oem7/odom,39.663,-75.756,-1.800566265,0.002032273,0.001344976,0.001212707,-0.001630789,0.001344976,,,
1786043656906622820,1786043656.906091611,/novatel/oem7/inspva,/novatel/oem7/inspva,/novatel/oem7/inspva,39.663,-75.756,-1.800571868,0.001155462,0.000355224,-0.001136647,0.000207669,0.000355224,,novatel_oem7_msgs.msg.InertialSolutionStatus(status=3),
1786043656908069615,1786043656.906272817,/novatel/oem7/fix,/novatel/oem7/fix,/novatel/oem7/inspva,39.663,-75.756,-1.800571868,0.001155462,0.000355224,-0.001136647,0.000207669,0.000355224,,0,
1786043656909215796,1786043656.906633514,/novatel/oem7/odom,/novatel/oem7/fix,/novatel/oem7/odom,39.663,-75.756,-1.800571868,0.001156179,0.000352883,0.000153022,-0.001146008,0.000352883,,,
1786043656910840795,1786043656.909364944,/novatel/oem7/bestpos,/novatel/oem7/bestpos,/novatel/oem7/odom,39.663,-75.756,33.181905237,0.001156179,0.000352883,0.000153022,-0.001146008,0.000352883,,novatel_oem7_msgs.msg.SolutionStatus(status=0),novatel_oem7_msgs.msg.PositionOrVelocityType(type=53)
1786043656911850648,1786043656.909907969,/novatel/oem7/bestvel,/novatel/oem7/bestpos,/novatel/oem7/bestvel,39.663,-75.756,33.181905237,0.001782807,-0.000339551,,,,125.726935621,novatel_oem7_msgs.msg.SolutionStatus(status=0),novatel_oem7_msgs.msg.PositionOrVelocityType(type=53)
1786043656915241548,1786043656.914599039,/novatel/oem7/odom,/novatel/oem7/bestpos,/novatel/oem7/odom,39.663,-75.756,33.181905237,0.001156179,0.000352883,0.000153022,-0.001146008,0.000352883,,,
1786043656926870553,1786043656.926298214,/novatel/oem7/inspva,/novatel/oem7/inspva,/novatel/oem7/inspva,39.663,-75.756,-1.800595489,0.001898610,-0.002701737,-0.001807270,0.000581803,-0.002701737,,novatel_oem7_msgs.msg.InertialSolutionStatus(status=3),
1786043656928281993,1786043656.926508746,/novatel/oem7/fix,/novatel/oem7/fix,/novatel/oem7/inspva,39.663,-75.756,-1.800595489,0.001898610,-0.002701737,-0.001807270,0.000581803,-0.002701737,,0,
1786043656929491788,1786043656.927014787,/novatel/oem7/odom,/novatel/oem7/fix,/novatel/oem7/odom,39.663,-75.756,-1.800595489,0.001894605,-0.002704547,0.000506434,-0.001825665,-0.002704547,,,
1786043656936053140,1786043656.935326369,/novatel/oem7/odom,/novatel/oem7/fix,/novatel/oem7/odom,39.663,-75.756,-1.800595489,0.001894605,-0.002704547,0.000506434,-0.001825665,-0.002704547,,,
1786043656945606634,1786043656.945040858,/novatel/oem7/inspva,/novatel/oem7/inspva,/novatel/oem7/inspva,39.663,-75.756,-1.800583530,0.002130511,-0.001368294,-0.001905188,0.000953591,-0.001368294,,novatel_oem7_msgs.msg.InertialSolutionStatus(status=3),
1786043656947096822,1786043656.945204070,/novatel/oem7/fix,/novatel/oem7/fix,/novatel/oem7/inspva,39.663,-75.756,-1.800583530,0.002130511,-0.001368294,-0.001905188,0.000953591,-0.001368294,,0,
1786043656948293416,1786043656.945703085,/novatel/oem7/odom,/novatel/oem7/fix,/novatel/oem7/odom,39.663,-75.756,-1.800583530,0.002129353,-0.001370095,0.000868451,-0.001944206,-0.001370095,,,
1786043656956656973,1786043656.955946089,/novatel/oem7/odom,/novatel/oem7/fix,/novatel/oem7/odom,39.663,-75.756,-1.800583530,0.002129353,-0.001370095,0.000868451,-0.001944206,-0.001370095,,,
1786043656965973590,1786043656.965383202,/novatel/oem7/inspva,/novatel/oem7/inspva,/novatel/oem7/inspva,39.663,-75.756,-1.800563286,0.002947461,0.001430951,-0.002335431,0.001798134,0.001430951,,novatel_oem7_msgs.msg.InertialSolutionStatus(status=3),
1786043656967477245,1786043656.965545740,/novatel/oem7/fix,/novatel/oem7/fix,/novatel/oem7/inspva,39.663,-75.756,-1.800563286,0.002947461,0.001430951,-0.002335431,0.001798134,0.001430951,,0,
1786043656968700421,1786043656.966115439,/novatel/oem7/odom,/novatel/oem7/fix,/novatel/oem7/odom,39.663,-75.756,-1.800563286,0.002947425,0.001431025,0.001681747,-0.002420545,0.001431025,,,
1786043656975587649,1786043656.974884752,/novatel/oem7/odom,/novatel/oem7/fix,/novatel/oem7/odom,39.663,-75.756,-1.800563286,0.002947425,0.001431025,0.001681747,-0.002420545,0.001431025,,,
1786043656986588653,1786043656.986011354,/novatel/oem7/inspva,/novatel/oem7/inspva,/novatel/oem7/inspva,39.663,-75.756,-1.800570356,0.001915566,0.000603591,-0.001231815,0.001466978,0.000603591,,novatel_oem7_msgs.msg.InertialSolutionStatus(status=3),
1786043656988016331,1786043656.986157526,/novatel/oem7/fix,/novatel/oem7/fix,/novatel/oem7/inspva,39.663,-75.756,-1.800570356,0.001915566,0.000603591,-0.001231815,0.001466978,0.000603591,,0,
1786043656989224313,1786043656.986549290,/novatel/oem7/odom,/novatel/oem7/fix,/novatel/oem7/odom,39.663,-75.756,-1.800570356,0.001914977,0.000605459,0.001405604,-0.001300544,0.000605459,,,
1786043656995141964,1786043656.994466811,/novatel/oem7/odom,/novatel/oem7/fix,/novatel/oem7/odom,39.663,-75.756,-1.800570356,0.001914977,0.000605459,0.001405604,-0.001300544,0.000605459,,,
1786043657010661064,1786043657.010096868,/novatel/oem7/inspva,/novatel/oem7/inspva,/novatel/oem7/inspva,39.663,-75.756,-1.800604376,0.001483088,-0.002909978,-0.001342596,0.000630068,-0.002909978,,novatel_oem7_msgs.msg.InertialSolutionStatus(status=3),
1786043657012137921,1786043657.010252770,/novatel/oem7/fix,/novatel/oem7/fix,/novatel/oem7/inspva,39.663,-75.756,-1.800604376,0.001483088,-0.002909978,-0.001342596,0.000630068,-0.002909978,,0,
1786043657013343526,1786043657.011437741,/novatel/oem7/odom,/novatel/oem7/fix,/novatel/oem7/odom,39.663,-75.756,-1.800604376,0.001480410,-0.002911341,0.000577217,-0.001363245,-0.002911341,,,
1786043657017689499,1786043657.016975669,/novatel/oem7/odom,/novatel/oem7/fix,/novatel/oem7/odom,39.663,-75.756,-1.800604376,0.001480410,-0.002911341,0.000577217,-0.001363245,-0.002911341,,,
1786043657026117369,1786043657.025520510,/novatel/oem7/bestpos,/novatel/oem7/bestpos,/novatel/oem7/odom,39.663,-75.756,33.181887740,0.001480410,-0.002911341,0.000577217,-0.001363245,-0.002911341,,novatel_oem7_msgs.msg.SolutionStatus(status=0),novatel_oem7_msgs.msg.PositionOrVelocityType(type=53)
1786043657027645457,1786043657.026480425,/novatel/oem7/bestvel,/novatel/oem7/bestpos,/novatel/oem7/bestvel,39.663,-75.756,33.181887740,0.001358392,-0.002751519,,,,167.140522215,novatel_oem7_msgs.msg.SolutionStatus(status=0),novatel_oem7_msgs.msg.PositionOrVelocityType(type=53)
1786043657029281557,1786043657.027202590,/novatel/oem7/inspva,/novatel/oem7/inspva,/novatel/oem7/inspva,39.663,-75.756,-1.800600666,0.001603067,-0.002183913,-0.001149272,0.001117585,-0.002183913,,novatel_oem7_msgs.msg.InertialSolutionStatus(status=3),
1786043657030270647,1786043657.027341568,/novatel/oem7/fix,/novatel/oem7/fix,/novatel/oem7/inspva,39.663,-75.756,-1.800600666,0.001603067,-0.002183913,-0.001149272,0.001117585,-0.002183913,,0,
1786043657031467258,1786043657.027813816,/novatel/oem7/odom,/novatel/oem7/fix,/novatel/oem7/odom,39.663,-75.756,-1.800600666,0.001604221,-0.002183066,0.001070580,-0.001194731,-0.002183066,,,
1786043657035237122,1786043657.034558965,/novatel/oem7/odom,/novatel/oem7/fix,/novatel/oem7/odom,39.663,-75.756,-1.800600666,0.001604221,-0.002183066,0.001070580,-0.001194731,-0.002183066,,,
1786043657047139262,1786043657.046590997,/novatel/oem7/inspva,/novatel/oem7/inspva,/novatel/oem7/inspva,39.663,-75.756,-1.800569329,0.003102306,0.001205049,-0.002702765,0.001522946,0.001205049,,novatel_oem7_msgs.msg.InertialSolutionStatus(status=3),
1786043657048553983,1786043657.046780305,/novatel/oem7/fix,/novatel/oem7/fix,/novatel/oem7/inspva,39.663,-75.756,-1.800569329,0.003102306,0.001205049,-0.002702765,0.001522946,0.001205049,,0,
1786043657049684681,1786043657.047226446,/novatel/oem7/odom,/novatel/oem7/fix,/novatel/oem7/odom,39.663,-75.756,-1.800569329,0.003103056,0.001203116,0.001390568,-0.002774036,0.001203116,,,
1786043657056691906,1786043657.055999310,/novatel/oem7/odom,/novatel/oem7/fix,/novatel/oem7/odom,39.663,-75.756,-1.800569329,0.003103056,0.001203116,0.001390568,-0.002774036,0.001203116,,,
1786043657065675225,1786043657.065107476,/novatel/oem7/inspva,/novatel/oem7/inspva,/novatel/oem7/inspva,39.663,-75.756,-1.800578084,0.001919741,-0.000135620,-0.001563189,0.001114381,-0.000135620,,novatel_oem7_msgs.msg.InertialSolutionStatus(status=3),
1786043657067194796,1786043657.065307568,/novatel/oem7/fix,/novatel/oem7/fix,/novatel/oem7/inspva,39.663,-75.756,-1.800578084,0.001919741,-0.000135620,-0.001563189,0.001114381,-0.000135620,,0,
1786043657068447275,1786043657.065601507,/novatel/oem7/odom,/novatel/oem7/fix,/novatel/oem7/odom,39.663,-75.756,-1.800578084,0.001919724,-0.000135857,0.001040634,-0.001613202,-0.000135857,,,
1786043657076312726,1786043657.075596802,/novatel/oem7/odom,/novatel/oem7/fix,/novatel/oem7/odom,39.663,-75.756,-1.800578084,0.001919724,-0.000135857,0.001040634,-0.001613202,-0.000135857,,,
1786043657085944137,1786043657.085379225,/novatel/oem7/inspva,/novatel/oem7/inspva,/novatel/oem7/inspva,39.663,-75.756,-1.800602378,0.000817563,-0.002373256,-0.000558243,0.000597305,-0.002373256,,novatel_oem7_msgs.msg.InertialSolutionStatus(status=3),
1786043657087403332,1786043657.085598447,/novatel/oem7/fix,/novatel/oem7/fix,/novatel/oem7/inspva,39.663,-75.756,-1.800602378,0.000817563,-0.002373256,-0.000558243,0.000597305,-0.002373256,,0,
1786043657088567073,1786043657.086153609,/novatel/oem7/odom,/novatel/oem7/fix,/novatel/oem7/odom,39.663,-75.756,-1.800602378,0.000819347,-0.002372640,0.000579194,-0.000579538,-0.002372640,,,
1786043657095965329,1786043657.095258879,/novatel/oem7/odom,/novatel/oem7/fix,/novatel/oem7/odom,39.663,-75.756,-1.800602378,0.000819347,-0.002372640,0.000579194,-0.000579538,-0.002372640,,,
1786043657106746049,1786043657.106176393,/novatel/oem7/inspva,/novatel/oem7/inspva,/novatel/oem7/inspva,39.663,-75.756,-1.800597986,0.001245223,-0.001819639,-0.000863027,0.000897644,-0.001819639,,novatel_oem7_msgs.msg.InertialSolutionStatus(status=3),
1786043657108162633,1786043657.106368675,/novatel/oem7/fix,/novatel/oem7/fix,/novatel/oem7/inspva,39.663,-75.756,-1.800597986,0.001245223,-0.001819639,-0.000863027,0.000897644,-0.001819639,,0,
1786043657109314364,1786043657.106802456,/novatel/oem7/odom,/novatel/oem7/fix,/novatel/oem7/odom,39.663,-75.756,-1.800597986,0.001246467,-0.001818787,0.000862976,-0.000899418,-0.001818787,,,
1786043657110880129,1786043657.109669001,/novatel/oem7/bestpos,/novatel/oem7/bestpos,/novatel/oem7/odom,39.663,-75.756,33.181870614,0.001246467,-0.001818787,0.000862976,-0.000899418,-0.001818787,,novatel_oem7_msgs.msg.SolutionStatus(status=0),novatel_oem7_msgs.msg.PositionOrVelocityType(type=53)
1786043657112394111,1786043657.110417428,/novatel/oem7/bestvel,/novatel/oem7/bestpos,/novatel/oem7/bestvel,39.663,-75.756,33.181870614,0.001264935,-0.001854626,,,,131.795879403,novatel_oem7_msgs.msg.SolutionStatus(status=0),novatel_oem7_msgs.msg.PositionOrVelocityType(type=53)
1786043657115346200,1786043657.114694060,/novatel/oem7/odom,/novatel/oem7/bestpos,/novatel/oem7/odom,39.663,-75.756,33.181870614,0.001246467,-0.001818787,0.000862976,-0.000899418,-0.001818787,,,
1786043657126016262,1786043657.125417476,/novatel/oem7/inspva,/novatel/oem7/inspva,/novatel/oem7/inspva,39.663,-75.756,-1.800582664,0.003175024,-0.000023045,-0.002861655,0.001375393,-0.000023045,,novatel_oem7_msgs.msg.InertialSolutionStatus(status=3),
1786043657127493279,1786043657.125623118,/novatel/oem7/fix,/novatel/oem7/fix,/novatel/oem7/inspva,39.663,-75.756,-1.800582664,0.003175024,-0.000023045,-0.002861655,0.001375393,-0.000023045,,0,
1786043657128688538,1786043657.126239727,/novatel/oem7/odom,/novatel/oem7/fix,/novatel/oem7/odom,39.663,-75.756,-1.800582664,0.003175002,-0.000025889,0.001240270,-0.002922733,-0.000025889,,,
1786043657136180991,1786043657.135530505,/novatel/oem7/odom,/novatel/oem7/fix,/novatel/oem7/odom,39.663,-75.756,-1.800582664,0.003175002,-0.000025889,0.001240270,-0.002922733,-0.000025889,,,
1786043657145757869,1786043657.145185040,/novatel/oem7/inspva,/novatel/oem7/inspva,/novatel/oem7/inspva,39.663,-75.756,-1.800579682,0.002653180,0.000059095,-0.001976318,0.001770178,0.000059095,,novatel_oem7_msgs.msg.InertialSolutionStatus(status=3),
1786043657147265711,1786043657.145361429,/novatel/oem7/fix,/novatel/oem7/fix,/novatel/oem7/inspva,39.663,-75.756,-1.800579682,0.002653180,0.000059095,-0.001976318,0.001770178,0.000059095,,0,
1786043657148476749,1786043657.145791289,/novatel/oem7/odom,/novatel/oem7/fix,/novatel/oem7/odom,39.663,-75.756,-1.800579682,0.002653159,0.000060011,0.001675713,-0.002056998,0.000060011,,,
1786043657156378417,1786043657.155689797,/novatel/oem7/odom,/novatel/oem7/fix,/novatel/oem7/odom,39.663,-75.756,-1.800579682,0.002653159,0.000060011,0.001675713,-0.002056998,0.000060011,,,
1786043657167129733,1786043657.166521190,/novatel/oem7/inspva,/novatel/oem7/inspva,/novatel/oem7/inspva,39.663,-75.756,-1.800598433,0.000556204,-0.001781001,-0.000446610,0.000331515,-0.001781001,,novatel_oem7_msgs.msg.InertialSolutionStatus(status=3),
1786043657168651204,1786043657.166705995,/novatel/oem7/fix,/novatel/oem7/fix,/novatel/oem7/inspva,39.663,-75.756,-1.800598433,0.000556204,-0.001781001,-0.000446610,0.000331515,-0.001781001,,0,
1786043657169877856,1786043657.167131979,/novatel/oem7/odom,/novatel/oem7/fix,/novatel/oem7/odom,39.663,-75.756,-1.800598433,0.000556182,-0.001781008,0.000316826,-0.000457121,-0.001781008,,,
1786043657175741951,1786043657.175012433,/novatel/oem7/odom,/novatel/oem7/fix,/novatel/oem7/odom,39.663,-75.756,-1.800598433,0.000556182,-0.001781008,0.000316826,-0.000457121,-0.001781008,,,
1786043657185597741,1786043657.185020782,/novatel/oem7/inspva,/novatel/oem7/inspva,/novatel/oem7/inspva,39.663,-75.756,-1.800594594,0.000880938,-0.001354811,-0.000625344,0.000620481,-0.001354811,,novatel_oem7_msgs.msg.InertialSolutionStatus(status=3),
1786043657187032275,1786043657.185178733,/novatel/oem7/fix,/novatel/oem7/fix,/novatel/oem7/inspva,39.663,-75.756,-1.800594594,0.000880938,-0.001354811,-0.000625344,0.000620481,-0.001354811,,0,
1786043657188207660,1786043657.185664568,/novatel/oem7/odom,/novatel/oem7/fix,/novatel/oem7/odom,39.663,-75.756,-1.800594594,0.000881708,-0.001354310,0.000595517,-0.000650207,-0.001354310,,,
1786043657196115821,1786043657.195412691,/novatel/oem7/odom,/novatel/oem7/fix,/novatel/oem7/odom,39.663,-75.756,-1.800594594,0.000881708,-0.001354310,0.000595517,-0.000650207,-0.001354310,,,
1786043657207018588,1786043657.206462243,/novatel/oem7/inspva,/novatel/oem7/inspva,/novatel/oem7/inspva,39.663,-75.756,-1.800588889,0.003239909,-0.000901350,-0.002287897,0.002294022,-0.000901350,,novatel_oem7_msgs.msg.InertialSolutionStatus(status=3),
1786043657208473496,1786043657.206614008,/novatel/oem7/fix,/novatel/oem7/fix,/novatel/oem7/inspva,39.663,-75.756,-1.800588889,0.003239909,-0.000901350,-0.002287897,0.002294022,-0.000901350,,0,
1786043657209635631,1786043657.207137446,/novatel/oem7/odom,/novatel/oem7/fix,/novatel/oem7/odom,39.663,-75.756,-1.800588889,0.003240432,-0.000899466,0.002187907,-0.002390286,-0.000899466,,,
1786043657211244847,1786043657.210074808,/novatel/oem7/bestpos,/novatel/oem7/bestpos,/novatel/oem7/odom,39.663,-75.756,33.181888486,0.003240432,-0.000899466,0.002187907,-0.002390286,-0.000899466,,novatel_oem7_msgs.msg.SolutionStatus(status=0),novatel_oem7_msgs.msg.PositionOrVelocityType(type=53)
1786043657212252517,1786043657.210437502,/novatel/oem7/bestvel,/novatel/oem7/bestpos,/novatel/oem7/bestvel,39.663,-75.756,33.181888486,0.002885867,-0.000509623,,,,145.478848856,novatel_oem7_msgs.msg.SolutionStatus(status=0),novatel_oem7_msgs.msg.PositionOrVelocityType(type=53)
1786043657215680907,1786043657.214996307,/novatel/oem7/odom,/novatel/oem7/bestpos,/novatel/oem7/odom,39.663,-75.756,33.181888486,0.003240432,-0.000899466,0.002187907,-0.002390286,-0.000899466,,,
1786043657226640591,1786043657.226045715,/novatel/oem7/inspva,/novatel/oem7/inspva,/novatel/oem7/inspva,39.663,-75.756,-1.800585915,0.002357013,-0.000612412,-0.002063883,0.001138376,-0.000612412,,novatel_oem7_msgs.msg.InertialSolutionStatus(status=3),
1786043657228146753,1786043657.226201777,/novatel/oem7/fix,/novatel/oem7/fix,/novatel/oem7/inspva,39.663,-75.756,-1.800585915,0.002357013,-0.000612412,-0.002063883,0.001138376,-0.000612412,,0,
1786043657229350878,1786043657.226607918,/novatel/oem7/odom,/novatel/oem7/fix,/novatel/oem7/odom,39.663,-75.756,-1.800585915,0.002356619,-0.000613927,0.001042958,-0.002113266,-0.000613927,,,
1786043657235077017,1786043657.234416621,/novatel/oem7/odom,/novatel/oem7/fix,/novatel/oem7/odom,39.663,-75.756,-1.800585915,0.002356619,-0.000613927,0.001042958,-0.002113266,-0.000613927,,,
1786043657245836803,1786043657.245265461,/novatel/oem7/inspva,/novatel/oem7/inspva,/novatel/oem7/inspva,39.663,-75.756,-1.800597736,0.000879172,-0.000773419,-0.000514314,0.000713039,-0.000773419,,novatel_oem7_msgs.msg.InertialSolutionStatus(status=3),
1786043657247315505,1786043657.245445403,/novatel/oem7/fix,/novatel/oem7/fix,/novatel/oem7/inspva,39.663,-75.756,-1.800597736,0.000879172,-0.000773419,-0.000514314,0.000713039,-0.000773419,,0,
1786043657248483656,1786043657.246175163,/novatel/oem7/odom,/novatel/oem7/fix,/novatel/oem7/odom,39.663,-75.756,-1.800597736,0.000880170,-0.000772282,0.000691059,-0.000545103,-0.000772282,,,
1786043657257228179,1786043657.256546959,/novatel/oem7/odom,/novatel/oem7/fix,/novatel/oem7/odom,39.663,-75.756,-1.800597736,0.000880170,-0.000772282,0.000691059,-0.000545103,-0.000772282,,,
1786043657265624988,1786043657.265023716,/novatel/oem7/inspva,/novatel/oem7/inspva,/novatel/oem7/inspva,39.663,-75.756,-1.800602871,0.001240474,-0.001246143,-0.000906354,0.000846935,-0.001246143,,novatel_oem7_msgs.msg.InertialSolutionStatus(status=3),
1786043657267115770,1786043657.265180534,/novatel/oem7/fix,/novatel/oem7/fix,/novatel/oem7/inspva,39.663,-75.756,-1.800602871,0.001240474,-0.001246143,-0.000906354,0.000846935,-0.001246143,,0,
1786043657268263938,1786043657.265678402,/novatel/oem7/odom,/novatel/oem7/fix,/novatel/oem7/odom,39.663,-75.756,-1.800602871,0.001241058,-0.001245561,0.000808245,-0.000941788,-0.001245561,,,
1786043657275133468,1786043657.274406748,/novatel/oem7/odom,/novatel/oem7/fix,/novatel/oem7/odom,39.663,-75.756,-1.800602871,0.001241058,-0.001245561,0.000808245,-0.000941788,-0.001245561,,,
1786043657287173947,1786043657.286597551,/novatel/oem7/inspva,/novatel/oem7/inspva,/novatel/oem7/inspva,39.663,-75.756,-1.800607242,0.002353509,-0.001563651,-0.002216815,0.000790401,-0.001563651,,novatel_oem7_msgs.msg.InertialSolutionStatus(status=3),
1786043657288606791,1786043657.286751256,/novatel/oem7/fix,/novatel/oem7/fix,/novatel/oem7/inspva,39.663,-75.756,-1.800607242,0.002353509,-0.001563651,-0.002216815,0.000790401,-0.001563651,,0,
1786043657289714042,1786043657.287227890,/novatel/oem7/odom,/novatel/oem7/fix,/novatel/oem7/odom,39.663,-75.756,-1.800607242,0.002351387,-0.001566840,0.000691713,-0.002247344,-0.001566840,,,
1786043657295584623,1786043657.294878286,/novatel/oem7/odom,/novatel/oem7/fix,/novatel/oem7/odom,39.663,-75.756,-1.800607242,0.002351387,-0.001566840,0.000691713,-0.002247344,-0.001566840,,,
1786043657306437049,1786043657.305855027,/novatel/oem7/inspva,/novatel/oem7/inspva,/novatel/oem7/inspva,39.663,-75.756,-1.800604226,0.003231463,-0.000962522,-0.002533950,0.002005356,-0.000962522,,novatel_oem7_msgs.msg.InertialSolutionStatus(status=3),
1786043657307895871,1786043657.305996949,/novatel/oem7/fix,/novatel/oem7/fix,/novatel/oem7/inspva,39.663,-75.756,-1.800604226,0.003231463,-0.000962522,-0.002533950,0.002005356,-0.000962522,,0,
1786043657309155293,1786043657.306491114,/novatel/oem7/odom,/novatel/oem7/fix,/novatel/oem7/odom,39.663,-75.756,-1.800604226,0.003231528,-0.000962305,0.001888302,-0.002622420,-0.000962305,,,
1786043657310950248,1786043657.309466213,/novatel/oem7/bestpos,/novatel/oem7/bestpos,/novatel/oem7/odom,39.663,-75.756,33.181870743,0.003231528,-0.000962305,0.001888302,-0.002622420,-0.000962305,,novatel_oem7_msgs.msg.SolutionStatus(status=0),novatel_oem7_msgs.msg.PositionOrVelocityType(type=53)
1786043657311964278,1786043657.310187090,/novatel/oem7/bestvel,/novatel/oem7/bestpos,/novatel/oem7/bestvel,39.663,-75.756,33.181870743,0.002979390,-0.000432066,,,,156.335406006,novatel_oem7_msgs.msg.SolutionStatus(status=0),novatel_oem7_msgs.msg.PositionOrVelocityType(type=53)
1786043657316145912,1786043657.315470962,/novatel/oem7/odom,/novatel/oem7/bestpos,/novatel/oem7/odom,39.663,-75.756,33.181870743,0.003231528,-0.000962305,0.001888302,-0.002622420,-0.000962305,,,
1786043657325977155,1786043657.325463143,/novatel/oem7/inspva,/novatel/oem7/inspva,/novatel/oem7/inspva,39.663,-75.756,-1.800608302,0.001135091,-0.000101993,-0.000986189,0.000562017,-0.000101993,,novatel_oem7_msgs.msg.InertialSolutionStatus(status=3),
1786043657327497037,1786043657.325607408,/novatel/oem7/fix,/novatel/oem7/fix,/novatel/oem7/inspva,39.663,-75.756,-1.800608302,0.001135091,-0.000101993,-0.000986189,0.000562017,-0.000101993,,0,
1786043657328614978,1786043657.326186571,/novatel/oem7/odom,/novatel/oem7/fix,/novatel/oem7/odom,39.663,-75.756,-1.800608302,0.001135032,-0.000102646,0.000515720,-0.001011104,-0.000102646,,,
1786043657335838516,1786043657.335144962,/novatel/oem7/odom,/novatel/oem7/fix,/novatel/oem7/odom,39.663,-75.756,-1.800608302,0.001135032,-0.000102646,0.000515720,-0.001011104,-0.000102646,,,
1786043657346771096,1786043657.346198241,/novatel/oem7/inspva,/novatel/oem7/inspva,/novatel/oem7/inspva,39.663,-75.756,-1.800620661,0.000878600,-0.000541609,-0.000765627,0.000430992,-0.000541609,,novatel_oem7_msgs.msg.InertialSolutionStatus(status=3),
1786043657348213237,1786043657.346352932,/novatel/oem7/fix,/novatel/oem7/fix,/novatel/oem7/inspva,39.663,-75.756,-1.800620661,0.000878600,-0.000541609,-0.000765627,0.000430992,-0.000541609,,0,
1786043657349350812,1786043657.346980655,/novatel/oem7/odom,/novatel/oem7/fix,/novatel/oem7/odom,39.663,-75.756,-1.800620661,0.000878264,-0.000542154,0.000396740,-0.000783546,-0.000542154,,,
1786043657356649607,1786043657.355918936,/novatel/oem7/odom,/novatel/oem7/fix,/novatel/oem7/odom,39.663,-75.756,-1.800620661,0.000878264,-0.000542154,0.000396740,-0.000783546,-0.000542154,,,
1786043657366054463,1786043657.365448337,/novatel/oem7/inspva,/novatel/oem7/inspva,/novatel/oem7/inspva,39.663,-75.756,-1.800629608,0.002129438,-0.001642273,-0.001915879,0.000929471,-0.001642273,,novatel_oem7_msgs.msg.InertialSolutionStatus(status=3),
1786043657367620495,1786043657.365609385,/novatel/oem7/fix,/novatel/oem7/fix,/novatel/oem7/inspva,39.663,-75.756,-1.800629608,0.002129438,-0.001642273,-0.001915879,0.000929471,-0.001642273,,0,
1786043657368807123,1786043657.366228138,/novatel/oem7/odom,/novatel/oem7/fix,/novatel/oem7/odom,39.663,-75.756,-1.800629608,0.002127985,-0.001644155,0.000844930,-0.001953052,-0.001644155,,,
1786043657376242616,1786043657.375571436,/novatel/oem7/odom,/novatel/oem7/fix,/novatel/oem7/odom,39.663,-75.756,-1.800629608,0.002127985,-0.001644155,0.000844930,-0.001953052,-0.001644155,,,
1786043657385680046,1786043657.385118003,/novatel/oem7/inspva,/novatel/oem7/inspva,/novatel/oem7/inspva,39.663,-75.756,-1.800626743,0.002043429,-0.001312651,-0.001956963,0.000588129,-0.001312651,,novatel_oem7_msgs.msg.InertialSolutionStatus(status=3),
1786043657387122257,1786043657.385260065,/novatel/oem7/fix,/novatel/oem7/fix,/novatel/oem7/inspva,39.663,-75.756,-1.800626743,0.002043429,-0.001312651,-0.001956963,0.000588129,-0.001312651,,0,
1786043657388233901,1786043657.385747823,/novatel/oem7/odom,/novatel/oem7/fix,/novatel/oem7/odom,39.663,-75.756,-1.800626743,0.002041395,-0.001315810,0.000500895,-0.001978990,-0.001315810,,,
1786043657395095975,1786043657.394414145,/novatel/oem7/odom,/novatel/oem7/fix,/novatel/oem7/odom,39.663,-75.756,-1.800626743,0.002041395,-0.001315810,0.000500895,-0.001978990,-0.001315810,,,
1786043657407182244,1786043657.406626619,/novatel/oem7/inspva,/novatel/oem7/inspva,/novatel/oem7/inspva,39.663,-75.756,-1.800631201,0.001882834,-0.000299204,-0.001488802,0.001152621,-0.000299204,,novatel_oem7_msgs.msg.InertialSolutionStatus(status=3),
1786043657408601828,1786043657.406771740,/novatel/oem7/fix,/novatel/oem7/fix,/novatel/oem7/inspva,39.663,-75.756,-1.800631201,0.001882834,-0.000299204,-0.001488802,0.001152621,-0.000299204,,0,
1786043657409799526,1786043657.407318499,/novatel/oem7/odom,/novatel/oem7/fix,/novatel/oem7/odom,39.663,-75.756,-1.800631201,0.001882843,-0.000299147,0.001082932,-0.001540246,-0.000299147,,,
1786043657411352625,1786043657.410035139,/novatel/oem7/bestpos,/novatel/oem7/bestpos,/novatel/oem7/odom,39.663,-75.756,33.181823323,0.001882843,-0.000299147,0.001082932,-0.001540246,-0.000299147,,novatel_oem7_msgs.msg.SolutionStatus(status=0),novatel_oem7_msgs.msg.PositionOrVelocityType(type=53)
1786043657412363331,1786043657.410439206,/novatel/oem7/bestvel,/novatel/oem7/bestpos,/novatel/oem7/bestvel,39.663,-75.756,33.181823323,0.001837472,-0.001025838,,,,112.909355099,novatel_oem7_msgs.msg.SolutionStatus(status=0),novatel_oem7_msgs.msg.PositionOrVelocityType(type=53)
1786043657415883336,1786043657.415061098,/novatel/oem7/odom,/novatel/oem7/bestpos,/novatel/oem7/odom,39.663,-75.756,33.181823323,0.001882843,-0.000299147,0.001082932,-0.001540246,-0.000299147,,,
1786043657425530008,1786043657.424930319,/novatel/oem7/inspva,/novatel/oem7/inspva,/novatel/oem7/inspva,39.663,-75.756,-1.800644254,0.001354208,-0.000090700,-0.001061655,0.000840694,-0.000090700,,novatel_oem7_msgs.msg.InertialSolutionStatus(status=3),
1786043657426998115,1786043657.425113921,/novatel/oem7/fix,/novatel/oem7/fix,/novatel/oem7/inspva,39.663,-75.756,-1.800644254,0.001354208,-0.000090700,-0.001061655,0.000840694,-0.000090700,,0,
1786043657428113666,1786043657.425640496,/novatel/oem7/odom,/novatel/oem7/fix,/novatel/oem7/odom,39.663,-75.756,-1.800644254,0.001354215,-0.000090584,0.000790530,-0.001099528,-0.000090584,,,
1786043657436160492,1786043657.435512789,/novatel/oem7/odom,/novatel/oem7/fix,/novatel/oem7/odom,39.663,-75.756,-1.800644254,0.001354215,-0.000090584,0.000790530,-0.001099528,-0.000090584,,,
1786043657445776460,1786043657.445253519,/novatel/oem7/inspva,/novatel/oem7/inspva,/novatel/oem7/inspva,39.663,-75.756,-1.800674496,0.001343532,-0.002633764,-0.001247507,-0.000498805,-0.002633764,,novatel_oem7_msgs.msg.InertialSolutionStatus(status=3),
1786043657447202861,1786043657.445452527,/novatel/oem7/fix,/novatel/oem7/fix,/novatel/oem7/inspva,39.663,-75.756,-1.800674496,0.001343532,-0.002633764,-0.001247507,-0.000498805,-0.002633764,,0,
1786043657448332279,1786043657.445994739,/novatel/oem7/odom,/novatel/oem7/fix,/novatel/oem7/odom,39.663,-75.756,-1.800674496,0.001333494,-0.002638861,-0.000546890,-0.001216189,-0.002638861,,,
1786043657456977677,1786043657.456267570,/novatel/oem7/odom,/novatel/oem7/fix,/novatel/oem7/odom,39.663,-75.756,-1.800674496,0.001333494,-0.002638861,-0.000546890,-0.001216189,-0.002638861,,,
1786043657466733456,1786043657.466111107,/novatel/oem7/inspva,/novatel/oem7/inspva,/novatel/oem7/inspva,39.663,-75.756,-1.800673222,0.001538169,-0.002140566,-0.001440146,0.000540319,-0.002140566,,novatel_oem7_msgs.msg.InertialSolutionStatus(status=3),
1786043657468155577,1786043657.466283822,/novatel/oem7/fix,/novatel/oem7/fix,/novatel/oem7/inspva,39.663,-75.756,-1.800673222,0.001538169,-0.002140566,-0.001440146,0.000540319,-0.002140566,,0,
1786043657469265515,1786043657.466675403,/novatel/oem7/odom,/novatel/oem7/fix,/novatel/oem7/odom,39.663,-75.756,-1.800673222,0.001535429,-0.002142532,0.000480267,-0.001458385,-0.002142532,,,
1786043657475409465,1786043657.474731062,/novatel/oem7/odom,/novatel/oem7/fix,/novatel/oem7/odom,39.663,-75.756,-1.800673222,0.001535429,-0.002142532,0.000480267,-0.001458385,-0.002142532,,,
1786043657485840911,1786043657.485310323,/novatel/oem7/inspva,/novatel/oem7/inspva,/novatel/oem7/inspva,39.663,-75.756,-1.800667481,0.002358351,0.000281704,-0.002037186,0.001188147,0.000281704,,novatel_oem7_msgs.msg.InertialSolutionStatus(status=3),
1786043657487349716,1786043657.485498425,/novatel/oem7/fix,/novatel/oem7/fix,/novatel/oem7/inspva,39.663,-75.756,-1.800667481,0.002358351,0.000281704,-0.002037186,0.001188147,0.000281704,,0,
1786043657488532801,1786043657.486218692,/novatel/oem7/odom,/novatel/oem7/fix,/novatel/oem7/odom,39.663,-75.756,-1.800667481,0.002358507,0.000280396,0.001090692,-0.002091159,0.000280396,,,
1786043657496501216,1786043657.495845209,/novatel/oem7/odom,/novatel/oem7/fix,/novatel/oem7/odom,39.663,-75.756,-1.800667481,0.002358507,0.000280396,0.001090692,-0.002091159,0.000280396,,,
1786043657506588278,1786043657.506012703,/novatel/oem7/inspva,/novatel/oem7/inspva,/novatel/oem7/inspva,39.663,-75.756,-1.800683140,0.002279424,0.000177023,-0.001353019,0.001834425,0.000177023,,novatel_oem7_msgs.msg.InertialSolutionStatus(status=3),
1786043657507962562,1786043657.506184681,/novatel/oem7/fix,/novatel/oem7/fix,/novatel/oem7/inspva,39.663,-75.756,-1.800683140,0.002279424,0.000177023,-0.001353019,0.001834425,0.000177023,,0,
1786043657509063563,1786043657.506681609,/novatel/oem7/odom,/novatel/oem7/fix,/novatel/oem7/odom,39.663,-75.756,-1.800683140,0.002279208,0.000179788,0.001768587,-0.001437667,0.000179788,,,
1786043657512022135,1786043657.511389229,/novatel/oem7/bestpos,/novatel/oem7/bestpos,/novatel/oem7/odom,39.663,-75.756,33.181768905,0.002279208,0.000179788,0.001768587,-0.001437667,0.000179788,,novatel_oem7_msgs.msg.SolutionStatus(status=0),novatel_oem7_msgs.msg.PositionOrVelocityType(type=53)
1786043657513522103,1786043657.512286324,/novatel/oem7/bestvel,/novatel/oem7/bestpos,/novatel/oem7/bestvel,39.663,-75.756,33.181768905,0.002133991,-0.000727682,,,,91.543303865,novatel_oem7_msgs.msg.SolutionStatus(status=0),novatel_oem7_msgs.msg.PositionOrVelocityType(type=53)
1786043657515757975,1786043657.514544476,/novatel/oem7/odom,/novatel/oem7/bestpos,/novatel/oem7/odom,39.663,-75.756,33.181768905,0.002279208,0.000179788,0.001768587,-0.001437667,0.000179788,,,
1786043657527235571,1786043657.526649859,/novatel/oem7/inspva,/novatel/oem7/inspva,/novatel/oem7/inspva,39.663,-75.756,-1.800712058,0.000330169,-0.002132415,-0.000299219,-0.000139569,-0.002132415,,novatel_oem7_msgs.msg.InertialSolutionStatus(status=3),
1786043657528688739,1786043657.526832911,/novatel/oem7/fix,/novatel/oem7/fix,/novatel/oem7/inspva,39.663,-75.756,-1.800712058,0.000330169,-0.002132415,-0.000299219,-0.000139569,-0.002132415,,0,
1786043657529847074,1786043657.527862721,/novatel/oem7/odom,/novatel/oem7/fix,/novatel/oem7/odom,39.663,-75.756,-1.800712058,0.000321773,-0.002133697,-0.000145570,-0.000286962,-0.002133697,,,
1786043657535684714,1786043657.535028568,/novatel/oem7/odom,/novatel/oem7/fix,/novatel/oem7/odom,39.663,-75.756,-1.800712058,0.000321773,-0.002133697,-0.000145570,-0.000286962,-0.002133697,,,
1786043657545717883,1786043657.545150594,/novatel/oem7/inspva,/novatel/oem7/inspva,/novatel/oem7/inspva,39.663,-75.756,-1.800717057,0.000779802,-0.002580322,-0.000660348,-0.000414767,-0.002580322,,novatel_oem7_msgs.msg.InertialSolutionStatus(status=3),
1786043657547138007,1786043657.545319469,/novatel/oem7/fix,/novatel/oem7/fix,/novatel/oem7/inspva,39.663,-75.756,-1.800717057,0.000779802,-0.002580322,-0.000660348,-0.000414767,-0.002580322,,0,
1786043657548608442,1786043657.545686303,/novatel/oem7/odom,/novatel/oem7/fix,/novatel/oem7/odom,39.663,-75.756,-1.800717057,0.000769063,-0.002583543,-0.000435760,-0.000633696,-0.002583543,,,
1786043657556610304,1786043657.555895393,/novatel/oem7/odom,/novatel/oem7/fix,/novatel/oem7/odom,39.663,-75.756,-1.800717057,0.000769063,-0.002583543,-0.000435760,-0.000633696,-0.002583543,,,
1786043657565892445,1786043657.565353350,/novatel/oem7/inspva,/novatel/oem7/inspva,/novatel/oem7/inspva,39.663,-75.756,-1.800705809,0.002421427,0.000068063,-0.001833902,0.001581174,0.000068063,,novatel_oem7_msgs.msg.InertialSolutionStatus(status=3),
1786043657567388960,1786043657.565544632,/novatel/oem7/fix,/novatel/oem7/fix,/novatel/oem7/inspva,39.663,-75.756,-1.800705809,0.002421427,0.000068063,-0.001833902,0.001581174,0.000068063,,0,
1786043657568581172,1786043657.566120911,/novatel/oem7/odom,/novatel/oem7/fix,/novatel/oem7/odom,39.663,-75.756,-1.800705809,0.002421412,0.000068603,0.001493575,-0.001905904,0.000068603,,,
1786043657575486743,1786043657.574842827,/novatel/oem7/odom,/novatel/oem7/fix,/novatel/oem7/odom,39.663,-75.756,-1.800705809,0.002421412,0.000068603,0.001493575,-0.001905904,0.000068603,,,
1786043657586910992,1786043657.586039660,/novatel/oem7/inspva,/novatel/oem7/inspva,/novatel/oem7/inspva,39.663,-75.756,-1.800719548,0.001784623,-0.000054442,-0.001194864,0.001325587,-0.000054442,,novatel_oem7_msgs.msg.InertialSolutionStatus(status=3),
1786043657588746283,1786043657.586289896,/novatel/oem7/fix,/novatel/oem7/fix,/novatel/oem7/inspva,39.663,-75.756,-1.800719548,0.001784623,-0.000054442,-0.001194864,0.001325587,-0.000054442,,0,
1786043657590359286,1786043657.586656050,/novatel/oem7/odom,/novatel/oem7/fix,/novatel/oem7/odom,39.663,-75.756,-1.800719548,0.001784666,-0.000053013,0.001268542,-0.001255323,-0.000053013,,,
1786043657595542417,1786043657.594603141,/novatel/oem7/odom,/novatel/oem7/fix,/novatel/oem7/odom,39.663,-75.756,-1.800719548,0.001784666,-0.000053013,0.001268542,-0.001255323,-0.000053013,,,
1786043657607037523,1786043657.606371484,/novatel/oem7/inspva,/novatel/oem7/inspva,/novatel/oem7/inspva,39.663,-75.756,-1.800750517,0.000458431,-0.001934125,0.000458269,0.000012203,-0.001934125,,novatel_oem7_msgs.msg.InertialSolutionStatus(status=3),
1786043657608578531,1786043657.606572966,/novatel/oem7/fix,/novatel/oem7/fix,/novatel/oem7/inspva,39.663,-75.756,-1.800750517,0.000458431,-0.001934125,0.000458269,0.000012203,-0.001934125,,0,
1786043657609695913,1786043657.607027706,/novatel/oem7/odom,/novatel/oem7/fix,/novatel/oem7/odom,39.663,-75.756,-1.800750517,0.000463965,-0.001932805,0.000040688,0.000462178,-0.001932805,,,
1786043657611321815,1786043657.609966192,/novatel/oem7/bestpos,/novatel/oem7/bestpos,/novatel/oem7/odom,39.663,-75.756,33.181695409,0.000463965,-0.001932805,0.000040688,0.000462178,-0.001932805,,novatel_oem7_msgs.msg.SolutionStatus(status=0),novatel_oem7_msgs.msg.PositionOrVelocityType(type=53)
1786043657612316085,1786043657.610318255,/novatel/oem7/bestvel,/novatel/oem7/bestpos,/novatel/oem7/bestvel,39.663,-75.756,33.181695409,0.001006453,-0.002441861,,,,38.501038717,novatel_oem7_msgs.msg.SolutionStatus(status=0),novatel_oem7_msgs.msg.PositionOrVelocityType(type=53)
1786043657616621028,1786043657.615593500,/novatel/oem7/odom,/novatel/oem7/bestpos,/novatel/oem7/odom,39.663,-75.756,33.181695409,0.000463965,-0.001932805,0.000040688,0.000462178,-0.001932805,,,
1786043657625856002,1786043657.625236659,/novatel/oem7/inspva,/novatel/oem7/inspva,/novatel/oem7/inspva,39.663,-75.756,-1.800765420,0.000593381,-0.001961892,0.000472388,-0.000359096,-0.001961892,,novatel_oem7_msgs.msg.InertialSolutionStatus(status=3),
1786043657627329096,1786043657.625403244,/novatel/oem7/fix,/novatel/oem7/fix,/novatel/oem7/inspva,39.663,-75.756,-1.800765420,0.000593381,-0.001961892,0.000472388,-0.000359096,-0.001961892,,0,
1786043657628436684,1786043657.625848201,/novatel/oem7/odom,/novatel/oem7/fix,/novatel/oem7/odom,39.663,-75.756,-1.800765420,0.000593531,-0.001961847,-0.000329475,0.000493686,-0.001961847,,,
1786043657635145167,1786043657.634464630,/novatel/oem7/odom,/novatel/oem7/fix,/novatel/oem7/odom,39.663,-75.756,-1.800765420,0.000593531,-0.001961847,-0.000329475,0.000493686,-0.001961847,,,
1786043657647110917,1786043657.646607749,/novatel/oem7/inspva,/novatel/oem7/inspva,/novatel/oem7/inspva,39.663,-75.756,-1.800778001,0.002085025,-0.001872271,-0.001664893,0.001255174,-0.001872271,,novatel_oem7_msgs.msg.InertialSolutionStatus(status=3),
1786043657648501591,1786043657.646745624,/novatel/oem7/fix,/novatel/oem7/fix,/novatel/oem7/inspva,39.663,-75.756,-1.800778001,0.002085025,-0.001872271,-0.001664893,0.001255174,-0.001872271,,0,
1786043657649560325,1786043657.647157508,/novatel/oem7/odom,/novatel/oem7/fix,/novatel/oem7/odom,39.663,-75.756,-1.800778001,0.002084881,-0.001872431,0.001182879,-0.001716836,-0.001872431,,,
1786043657656856523,1786043657.656217424,/novatel/oem7/odom,/novatel/oem7/fix,/novatel/oem7/odom,39.663,-75.756,-1.800778001,0.002084881,-0.001872431,0.001182879,-0.001716836,-0.001872431,,,
1786043657665642833,1786043657.665105008,/novatel/oem7/inspva,/novatel/oem7/inspva,/novatel/oem7/inspva,39.663,-75.756,-1.800793881,0.001759807,-0.001343547,-0.001427039,0.001029796,-0.001343547,,novatel_oem7_msgs.msg.InertialSolutionStatus(status=3),
1786043657667029720,1786043657.665243479,/novatel/oem7/fix,/novatel/oem7/fix,/novatel/oem7/inspva,39.663,-75.756,-1.800793881,0.001759807,-0.001343547,-0.001427039,0.001029796,-0.001343547,,0,
1786043657668197038,1786043657.665577181,/novatel/oem7/odom,/novatel/oem7/fix,/novatel/oem7/odom,39.663,-75.756,-1.800793881,0.001759593,-0.001343827,0.000966951,-0.001470093,-0.001343827,,,
1786043657676088402,1786043657.675451226,/novatel/oem7/odom,/novatel/oem7/fix,/novatel/oem7/odom,39.663,-75.756,-1.800793881,0.001759593,-0.001343827,0.000966951,-0.001470093,-0.001343827,,,
1786043657685799945,1786043657.685278243,/novatel/oem7/inspva,/novatel/oem7/inspva,/novatel/oem7/inspva,39.663,-75.756,-1.800812419,0.000723888,-0.000661530,0.000645495,0.000327642,-0.000661530,,novatel_oem7_msgs.msg.InertialSolutionStatus(status=3),
1786043657687189085,1786043657.685413517,/novatel/oem7/fix,/novatel/oem7/fix,/novatel/oem7/inspva,39.663,-75.756,-1.800812419,0.000723888,-0.000661530,0.000645495,0.000327642,-0.000661530,,0,
1786043657688288242,1786043657.686224815,/novatel/oem7/odom,/novatel/oem7/fix,/novatel/oem7/odom,39.663,-75.756,-1.800812419,0.000726573,-0.000658580,0.000359839,0.000631208,-0.000658580,,,
1786043657695720446,1786043657.695045412,/novatel/oem7/odom,/novatel/oem7/fix,/novatel/oem7/odom,39.663,-75.756,-1.800812419,0.000726573,-0.000658580,0.000359839,0.000631208,-0.000658580,,,
1786043657706510215,1786043657.705977126,/novatel/oem7/inspva,/novatel/oem7/inspva,/novatel/oem7/inspva,39.663,-75.756,-1.800838546,0.000538854,-0.001760161,0.000457553,0.000284620,-0.001760161,,novatel_oem7_msgs.msg.InertialSolutionStatus(status=3),
1786043657707908266,1786043657.706121361,/novatel/oem7/fix,/novatel/oem7/fix,/novatel/oem7/inspva,39.663,-75.756,-1.800838546,0.000538854,-0.001760161,0.000457553,0.000284620,-0.001760161,,0,
1786043657708987636,1786043657.706464001,/novatel/oem7/odom,/novatel/oem7/fix,/novatel/oem7/odom,39.663,-75.756,-1.800838546,0.000546266,-0.001757875,0.000312131,0.000448308,-0.001757875,,,
1786043657710491001,1786043657.709321439,/novatel/oem7/bestpos,/novatel/oem7/bestpos,/novatel/oem7/odom,39.663,-75.756,33.181605429,0.000546266,-0.001757875,0.000312131,0.000448308,-0.001757875,,novatel_oem7_msgs.msg.SolutionStatus(status=0),novatel_oem7_msgs.msg.PositionOrVelocityType(type=53)
1786043657711925048,1786043657.709956679,/novatel/oem7/bestvel,/novatel/oem7/bestpos,/novatel/oem7/bestvel,39.663,-75.756,33.181605429,0.001818420,-0.002528143,,,,74.914267374,novatel_oem7_msgs.msg.SolutionStatus(status=0),novatel_oem7_msgs.msg.PositionOrVelocityType(type=53)
1786043657715289071,1786043657.714665574,/novatel/oem7/odom,/novatel/oem7/bestpos,/novatel/oem7/odom,39.663,-75.756,33.181605429,0.000546266,-0.001757875,0.000312131,0.000448308,-0.001757875,,,
1786043657725815778,1786043657.725282849,/novatel/oem7/inspva,/novatel/oem7/inspva,/novatel/oem7/inspva,39.663,-75.756,-1.800868246,0.000934941,-0.002735657,-0.000457997,0.000815078,-0.002735657,,novatel_oem7_msgs.msg.InertialSolutionStatus(status=3),
1786043657727166928,1786043657.725443688,/novatel/oem7/fix,/novatel/oem7/fix,/novatel/oem7/inspva,39.663,-75.756,-1.800868246,0.000934941,-0.002735657,-0.000457997,0.000815078,-0.002735657,,0,
1786043657728321386,1786043657.725821879,/novatel/oem7/odom,/novatel/oem7/fix,/novatel/oem7/odom,39.663,-75.756,-1.800868246,0.000939719,-0.002734019,0.000802745,-0.000488540,-0.002734019,,,
1786043657736150756,1786043657.735499210,/novatel/oem7/odom,/novatel/oem7/fix,/novatel/oem7/odom,39.663,-75.756,-1.800868246,0.000939719,-0.002734019,0.000802745,-0.000488540,-0.002734019,,,
1786043657745744078,1786043657.745191742,/novatel/oem7/inspva,/novatel/oem7/inspva,/novatel/oem7/inspva,39.663,-75.756,-1.800883917,0.001490481,-0.002289343,-0.000883908,0.001200100,-0.002289343,,novatel_oem7_msgs.msg.InertialSolutionStatus(status=3),
1786043657747195019,1786043657.745345404,/novatel/oem7/fix,/novatel/oem7/fix,/novatel/oem7/inspva,39.663,-75.756,-1.800883917,0.001490481,-0.002289343,-0.000883908,0.001200100,-0.002289343,,0,
1786043657748386114,1786043657.745781618,/novatel/oem7/odom,/novatel/oem7/fix,/novatel/oem7/odom,39.663,-75.756,-1.800883917,0.001493241,-0.002287545,0.001165846,-0.000933044,-0.002287545,,,
1786043657756385609,1786043657.755718266,/novatel/oem7/odom,/novatel/oem7/fix,/novatel/oem7/odom,39.663,-75.756,-1.800883917,0.001493241,-0.002287545,0.001165846,-0.000933044,-0.002287545,,,
1786043657767123951,1786043657.766612816,/novatel/oem7/inspva,/novatel/oem7/inspva,/novatel/oem7/inspva,39.663,-75.756,-1.800888915,0.001398761,0.000172529,0.000231088,0.001379540,0.000172529,,novatel_oem7_msgs.msg.InertialSolutionStatus(status=3),
1786043657768552015,1786043657.766758487,/novatel/oem7/fix,/novatel/oem7/fix,/novatel/oem7/inspva,39.663,-75.756,-1.800888915,0.001398761,0.000172529,0.000231088,0.001379540,0.000172529,,0,
1786043657769664226,1786043657.767160244,/novatel/oem7/odom,/novatel/oem7/fix,/novatel/oem7/odom,39.663,-75.756,-1.800888915,0.001398068,0.000178059,0.001388179,0.000165993,0.000178059,,,
1786043657775922455,1786043657.775245528,/novatel/oem7/odom,/novatel/oem7/fix,/novatel/oem7/odom,39.663,-75.756,-1.800888915,0.001398068,0.000178059,0.001388179,0.000165993,0.000178059,,,
1786043657785786832,1786043657.785261966,/novatel/oem7/inspva,/novatel/oem7/inspva,/novatel/oem7/inspva,39.663,-75.756,-1.800922194,0.001022958,-0.001084355,0.000542573,0.000867212,-0.001084355,,novatel_oem7_msgs.msg.InertialSolutionStatus(status=3),
1786043657787152678,1786043657.785408301,/novatel/oem7/fix,/novatel/oem7/fix,/novatel/oem7/inspva,39.663,-75.756,-1.800922194,0.001022958,-0.001084355,0.000542573,0.000867212,-0.001084355,,0,
1786043657788306683,1786043657.785719150,/novatel/oem7/odom,/novatel/oem7/fix,/novatel/oem7/odom,39.663,-75.756,-1.800922194,0.001027787,-0.001079779,0.000895558,0.000504302,-0.001079779,,,
1786043657796289088,1786043657.795616538,/novatel/oem7/odom,/novatel/oem7/fix,/novatel/oem7/odom,39.663,-75.756,-1.800922194,0.001027787,-0.001079779,0.000895558,0.000504302,-0.001079779,,,
1786043657807118861,1786043657.806572239,/novatel/oem7/inspva,/novatel/oem7/inspva,/novatel/oem7/inspva,39.663,-75.756,-1.800960069,0.001426151,-0.002961708,0.001008691,0.001008191,-0.002961708,,novatel_oem7_msgs.msg.InertialSolutionStatus(status=3),
1786043657808637953,1786043657.806724561,/novatel/oem7/fix,/novatel/oem7/fix,/novatel/oem7/inspva,39.663,-75.756,-1.800960069,0.001426151,-0.002961708,0.001008691,0.001008191,-0.002961708,,0,
1786043657809856158,1786043657.807175228,/novatel/oem7/odom,/novatel/oem7/fix,/novatel/oem7/odom,39.663,-75.756,-1.800960069,0.001439205,-0.002955387,0.001064890,0.000968153,-0.002955387,,,
1786043657811407321,1786043657.810358536,/novatel/oem7/bestpos,/novatel/oem7/bestpos,/novatel/oem7/odom,39.663,-75.756,33.181509554,0.001439205,-0.002955387,0.001064890,0.000968153,-0.002955387,,novatel_oem7_msgs.msg.SolutionStatus(status=0),novatel_oem7_msgs.msg.PositionOrVelocityType(type=53)
1786043657812481857,1786043657.810738480,/novatel/oem7/bestvel,/novatel/oem7/bestpos,/novatel/oem7/bestvel,39.663,-75.756,33.181509554,0.000531988,-0.002205006,,,,9.103708323,novatel_oem7_msgs.msg.SolutionStatus(status=0),novatel_oem7_msgs.msg.PositionOrVelocityType(type=53)
1786043657816109783,1786043657.815434516,/novatel/oem7/odom,/novatel/oem7/bestpos,/novatel/oem7/odom,39.663,-75.756,33.181509554,0.001439205,-0.002955387,0.001064890,0.000968153,-0.002955387,,,
1786043657826853422,1786043657.826321587,/novatel/oem7/inspva,/novatel/oem7/inspva,/novatel/oem7/inspva,39.663,-75.756,-1.800975916,0.001032256,-0.002496416,0.000149094,0.001021432,-0.002496416,,novatel_oem7_msgs.msg.InertialSolutionStatus(status=3),
1786043657828315937,1786043657.826496712,/novatel/oem7/fix,/novatel/oem7/fix,/novatel/oem7/inspva,39.663,-75.756,-1.800975916,0.001032256,-0.002496416,0.000149094,0.001021432,-0.002496416,,0,
1786043657829483521,1786043657.827005557,/novatel/oem7/odom,/novatel/oem7/fix,/novatel/oem7/odom,39.663,-75.756,-1.800975916,0.001041943,-0.002492389,0.001036361,0.000107710,-0.002492389,,,
1786043657835549841,1786043657.834860577,/novatel/oem7/odom,/novatel/oem7/fix,/novatel/oem7/odom,39.663,-75.756,-1.800975916,0.001041943,-0.002492389,0.001036361,0.000107710,-0.002492389,,,
1786043657846000717,1786043657.845417638,/novatel/oem7/inspva,/novatel/oem7/inspva,/novatel/oem7/inspva,39.663,-75.756,-1.800973621,0.001907897,0.000406675,-0.000142255,0.001902586,0.000406675,,novatel_oem7_msgs.msg.InertialSolutionStatus(status=3),
1786043657847560416,1786043657.845584160,/novatel/oem7/fix,/novatel/oem7/fix,/novatel/oem7/inspva,39.663,-75.756,-1.800973621,0.001907897,0.000406675,-0.000142255,0.001902586,0.000406675,,0,
1786043657848729588,1786043657.846291520,/novatel/oem7/odom,/novatel/oem7/fix,/novatel/oem7/odom,39.663,-75.756,-1.800973621,0.001906529,0.000413038,0.001892365,-0.000231967,0.000413038,,,
1786043657857005609,1786043657.856310142,/novatel/oem7/odom,/novatel/oem7/fix,/novatel/oem7/odom,39.663,-75.756,-1.800973621,0.001906529,0.000413038,0.001892365,-0.000231967,0.000413038,,,
1786043657865885743,1786043657.865310141,/novatel/oem7/inspva,/novatel/oem7/inspva,/novatel/oem7/inspva,39.663,-75.756,-1.800998432,0.001461947,0.000174848,0.000312391,0.001428181,0.000174848,,novatel_oem7_msgs.msg.InertialSolutionStatus(status=3),
1786043657867303863,1786043657.865479592,/novatel/oem7/fix,/novatel/oem7/fix,/novatel/oem7/inspva,39.663,-75.756,-1.800998432,0.001461947,0.000174848,0.000312391,0.001428181,0.000174848,,0,
1786043657868447458,1786043657.865945577,/novatel/oem7/odom,/novatel/oem7/fix,/novatel/oem7/odom,39.663,-75.756,-1.800998432,0.001461226,0.000180773,0.001440551,0.000244937,0.000180773,,,
1786043657875576272,1786043657.874883018,/novatel/oem7/odom,/novatel/oem7/fix,/novatel/oem7/odom,39.663,-75.756,-1.800998432,0.001461226,0.000180773,0.001440551,0.000244937,0.000180773,,,
1786043657887335250,1786043657.886609386,/novatel/oem7/inspva,/novatel/oem7/inspva,/novatel/oem7/inspva,39.663,-75.756,-1.801043269,0.001419024,-0.003026444,0.001074674,0.000926663,-0.003026444,,novatel_oem7_msgs.msg.InertialSolutionStatus(status=3),
1786043657888859922,1786043657.886849019,/novatel/oem7/fix,/novatel/oem7/fix,/novatel/oem7/inspva,39.663,-75.756,-1.801043269,0.001419024,-0.003026444,0.001074674,0.000926663,-0.003026444,,0,
1786043657889997707,1786043657.887302627,/novatel/oem7/odom,/novatel/oem7/fix,/novatel/oem7/odom,39.663,-75.756,-1.801043269,0.001432294,-0.003020187,0.000986868,0.001038056,-0.003020187,,,
1786043657896112877,1786043657.895450960,/novatel/oem7/odom,/novatel/oem7/fix,/novatel/oem7/odom,39.663,-75.756,-1.801043269,0.001432294,-0.003020187,0.000986868,0.001038056,-0.003020187,,,
1786043657906298370,1786043657.905800402,/novatel/oem7/inspva,/novatel/oem7/inspva,/novatel/oem7/inspva,39.663,-75.756,-1.801058501,0.000909503,-0.002706502,0.000717114,0.000559413,-0.002706502,,novatel_oem7_msgs.msg.InertialSolutionStatus(status=3),
1786043657907698204,1786043657.905882817,/novatel/oem7/fix,/novatel/oem7/fix,/novatel/oem7/inspva,39.663,-75.756,-1.801058501,0.000909503,-0.002706502,0.000717114,0.000559413,-0.002706502,,0,
1786043657908836505,1786043657.906454482,/novatel/oem7/odom,/novatel/oem7/fix,/novatel/oem7/odom,39.663,-75.756,-1.801058501,0.000921246,-0.002702528,0.000602167,0.000697201,-0.002702528,,,
1786043657910346124,1786043657.909377934,/novatel/oem7/bestpos,/novatel/oem7/bestpos,/novatel/oem7/odom,39.663,-75.756,33.181395185,0.000921246,-0.002702528,0.000602167,0.000697201,-0.002702528,,novatel_oem7_msgs.msg.SolutionStatus(status=0),novatel_oem7_msgs.msg.PositionOrVelocityType(type=53)
1786043657911814718,1786043657.910047651,/novatel/oem7/bestvel,/novatel/oem7/bestpos,/novatel/oem7/bestvel,39.663,-75.756,33.181395185,0.000386435,-0.002004660,,,,312.105383030,novatel_oem7_msgs.msg.SolutionStatus(status=0),novatel_oem7_msgs.msg.PositionOrVelocityType(type=53)
1786043657916022113,1786043657.915352776,/novatel/oem7/odom,/novatel/oem7/bestpos,/novatel/oem7/odom,39.663,-75.756,33.181395185,0.000921246,-0.002702528,0.000602167,0.000697201,-0.002702528,,,
1786043657926087972,1786043657.925563073,/novatel/oem7/inspva,/novatel/oem7/inspva,/novatel/oem7/inspva,39.663,-75.756,-1.801069314,0.002822418,-0.000641347,-0.000945517,0.002659331,-0.000641347,,novatel_oem7_msgs.msg.InertialSolutionStatus(status=3),
1786043657927530763,1786043657.925717368,/novatel/oem7/fix,/novatel/oem7/fix,/novatel/oem7/inspva,39.663,-75.756,-1.801069314,0.002822418,-0.000641347,-0.000945517,0.002659331,-0.000641347,,0,
1786043657928625494,1786043657.926460872,/novatel/oem7/odom,/novatel/oem7/fix,/novatel/oem7/odom,39.663,-75.756,-1.801069314,0.002823958,-0.000634532,0.002614646,-0.001066942,-0.000634532,,,
1786043657935747284,1786043657.935064313,/novatel/oem7/odom,/novatel/oem7/fix,/novatel/oem7/odom,39.663,-75.756,-1.801069314,0.002823958,-0.000634532,0.002614646,-0.001066942,-0.000634532,,,
1786043657946798352,1786043657.946275996,/novatel/oem7/inspva,/novatel/oem7/inspva,/novatel/oem7/inspva,39.663,-75.756,-1.801089982,0.001899230,-0.000164306,-0.000316463,0.001872679,-0.000164306,,novatel_oem7_msgs.msg.InertialSolutionStatus(status=3),
1786043657948224023,1786043657.946352540,/novatel/oem7/fix,/novatel/oem7/fix,/novatel/oem7/inspva,39.663,-75.756,-1.801089982,0.001899230,-0.000164306,-0.000316463,0.001872679,-0.000164306,,0,
1786043657949379828,1786043657.946949267,/novatel/oem7/odom,/novatel/oem7/fix,/novatel/oem7/odom,39.663,-75.756,-1.801089982,0.001899723,-0.000158510,0.001856458,-0.000403126,-0.000158510,,,
1786043657956595242,1786043657.955921138,/novatel/oem7/odom,/novatel/oem7/fix,/novatel/oem7/odom,39.663,-75.756,-1.801089982,0.001899723,-0.000158510,0.001856458,-0.000403126,-0.000158510,,,
1786043657965825203,1786043657.965312368,/novatel/oem7/inspva,/novatel/oem7/inspva,/novatel/oem7/inspva,39.663,-75.756,-1.801133659,0.001325431,-0.002369580,0.001228900,0.000496561,-0.002369580,,novatel_oem7_msgs.msg.InertialSolutionStatus(status=3),
1786043657967370648,1786043657.965380960,/novatel/oem7/fix,/novatel/oem7/fix,/novatel/oem7/inspva,39.663,-75.756,-1.801133659,0.001325431,-0.002369580,0.001228900,0.000496561,-0.002369580,,0,
1786043657968637090,1786043657.966054925,/novatel/oem7/odom,/novatel/oem7/fix,/novatel/oem7/odom,39.663,-75.756,-1.801133659,0.001334631,-0.002364410,0.000562116,0.001210481,-0.002364410,,,
1786043657976226888,1786043657.975580645,/novatel/oem7/odom,/novatel/oem7/fix,/novatel/oem7/odom,39.663,-75.756,-1.801133659,0.001334631,-0.002364410,0.000562116,0.001210481,-0.002364410,,,
1786043657985835319,1786043657.985312461,/novatel/oem7/inspva,/novatel/oem7/inspva,/novatel/oem7/inspva,39.663,-75.756,-1.801160485,0.001173156,-0.002860019,0.001074772,0.000470276,-0.002860019,,novatel_oem7_msgs.msg.InertialSolutionStatus(status=3),
1786043657987248626,1786043657.985498459,/novatel/oem7/fix,/novatel/oem7/fix,/novatel/oem7/inspva,39.663,-75.756,-1.801160485,0.001173156,-0.002860019,0.001074772,0.000470276,-0.002860019,,0,
1786043657988408302,1786043657.985908170,/novatel/oem7/odom,/novatel/oem7/fix,/novatel/oem7/odom,39.663,-75.756,-1.801160485,0.001184395,-0.002855384,0.000530381,0.001059003,-0.002855384,,,
1786043657995021227,1786043657.994354416,/novatel/oem7/odom,/novatel/oem7/fix,/novatel/oem7/odom,39.663,-75.756,-1.801160485,0.001184395,-0.002855384,0.000530381,0.001059003,-0.002855384,,,
1786043658010496732,1786043658.009987071,/novatel/oem7/inspva,/novatel/oem7/inspva,/novatel/oem7/inspva,39.663,-75.756,-1.801180691,0.001905736,-0.001375104,-0.000756453,0.001749173,-0.001375104,,novatel_oem7_msgs.msg.InertialSolutionStatus(status=3),
1786043658011842898,1786043658.010063651,/novatel/oem7/fix,/novatel/oem7/fix,/novatel/oem7/inspva,39.663,-75.756,-1.801180691,0.001905736,-0.001375104,-0.000756453,0.001749173,-0.001375104,,0,
1786043658012952556,1786043658.011385314,/novatel/oem7/odom,/novatel/oem7/fix,/novatel/oem7/odom,39.663,-75.756,-1.801180691,0.001908706,-0.001370977,0.001716998,-0.000833714,-0.001370977,,,
1786043658017265935,1786043658.016603502,/novatel/oem7/odom,/novatel/oem7/fix,/novatel/oem7/odom,39.663,-75.756,-1.801180691,0.001908706,-0.001370977,0.001716998,-0.000833714,-0.001370977,,,
1786043658026331798,1786043658.025772010,/novatel/oem7/bestpos,/novatel/oem7/bestpos,/novatel/oem7/odom,39.663,-75.756,33.181265021,0.001908706,-0.001370977,0.001716998,-0.000833714,-0.001370977,,novatel_oem7_msgs.msg.SolutionStatus(status=0),novatel_oem7_msgs.msg.PositionOrVelocityType(type=53)
1786043658027799479,1786043658.026808167,/novatel/oem7/bestvel,/novatel/oem7/bestpos,/novatel/oem7/bestvel,39.663,-75.756,33.181265021,0.001276033,-0.001382860,,,,103.214045492,novatel_oem7_msgs.msg.SolutionStatus(status=0),novatel_oem7_msgs.msg.PositionOrVelocityType(type=53)
1786043658028762362,1786043658.027257574,/novatel/oem7/inspva,/novatel/oem7/inspva,/novatel/oem7/inspva,39.663,-75.756,-1.801204471,0.002267833,-0.001021961,-0.000506916,0.002210453,-0.001021961,,novatel_oem7_msgs.msg.InertialSolutionStatus(status=3),
1786043658030134308,1786043658.027335875,/novatel/oem7/fix,/novatel/oem7/fix,/novatel/oem7/inspva,39.663,-75.756,-1.801204471,0.002267833,-0.001021961,-0.000506916,0.002210453,-0.001021961,,0,
1786043658031586666,1786043658.027751569,/novatel/oem7/odom,/novatel/oem7/fix,/novatel/oem7/odom,39.663,-75.756,-1.801204471,0.002270737,-0.001015493,0.002188134,-0.000606893,-0.001015493,,,
1786043658035312749,1786043658.034562432,/novatel/oem7/odom,/novatel/oem7/fix,/novatel/oem7/odom,39.663,-75.756,-1.801204471,0.002270737,-0.001015493,0.002188134,-0.000606893,-0.001015493,,,
1786043658047000024,1786043658.046374278,/novatel/oem7/inspva,/novatel/oem7/inspva,/novatel/oem7/inspva,39.663,-75.756,-1.801195241,0.001338120,-0.001291742,0.001337978,-0.000019484,-0.001291742,,novatel_oem7_msgs.msg.InertialSolutionStatus(status=3),
1786043658048560723,1786043658.046562744,/novatel/oem7/fix,/novatel/oem7/fix,/novatel/oem7/inspva,39.663,-75.756,-1.801195241,0.001338120,-0.001291742,0.001337978,-0.000019484,-0.001291742,,0,
1786043658049747658,1786043658.047082802,/novatel/oem7/odom,/novatel/oem7/fix,/novatel/oem7/odom,39.663,-75.756,-1.801195241,0.001341601,-0.001288126,0.000047737,0.001340752,-0.001288126,,,
1786043658057067627,1786043658.056330226,/novatel/oem7/odom,/novatel/oem7/fix,/novatel/oem7/odom,39.663,-75.756,-1.801195241,0.001341601,-0.001288126,0.000047737,0.001340752,-0.001288126,,,
1786043658065607564,1786043658.064999158,/novatel/oem7/inspva,/novatel/oem7/inspva,/novatel/oem7/inspva,39.663,-75.756,-1.801180845,0.001363778,-0.002333299,0.001357454,0.000131191,-0.002333299,,novatel_oem7_msgs.msg.InertialSolutionStatus(status=3),
1786043658067011241,1786043658.065083622,/novatel/oem7/fix,/novatel/oem7/fix,/novatel/oem7/inspva,39.663,-75.756,-1.801180845,0.001363778,-0.002333299,0.001357454,0.000131191,-0.002333299,,0,
1786043658068132749,1786043658.065462666,/novatel/oem7/odom,/novatel/oem7/fix,/novatel/oem7/odom,39.663,-75.756,-1.801180845,0.001370940,-0.002329098,0.000202912,0.001355841,-0.002329098,,,
1786043658075493988,1786043658.074758841,/novatel/oem7/odom,/novatel/oem7/fix,/novatel/oem7/odom,39.663,-75.756,-1.801180845,0.001370940,-0.002329098,0.000202912,0.001355841,-0.002329098,,,
1786043658086003208,1786043658.085386099,/novatel/oem7/inspva,/novatel/oem7/inspva,/novatel/oem7/inspva,39.663,-75.756,-1.801167474,0.001488977,-0.002171054,-0.000525478,0.001393171,-0.002171054,,novatel_oem7_msgs.msg.InertialSolutionStatus(status=3),
1786043658087449722,1786043658.085578628,/novatel/oem7/fix,/novatel/oem7/fix,/novatel/oem7/inspva,39.663,-75.756,-1.801167474,0.001488977,-0.002171054,-0.000525478,0.001393171,-0.002171054,,0,
1786043658088558743,1786043658.086120043,/novatel/oem7/odom,/novatel/oem7/fix,/novatel/oem7/odom,39.663,-75.756,-1.801167474,0.001494062,-0.002167559,0.001375056,-0.000584329,-0.002167559,,,
1786043658095761431,1786043658.095038491,/novatel/oem7/odom,/novatel/oem7/fix,/novatel/oem7/odom,39.663,-75.756,-1.801167474,0.001494062,-0.002167559,0.001375056,-0.000584329,-0.002167559,,,
1786043658106414946,1786043658.105830893,/novatel/oem7/inspva,/novatel/oem7/inspva,/novatel/oem7/inspva,39.663,-75.756,-1.801139163,0.001355863,-0.001233453,-0.000222486,0.001337485,-0.001233453,,novatel_oem7_msgs.msg.InertialSolutionStatus(status=3),
1786043658107876370,1786043658.105921699,/novatel/oem7/fix,/novatel/oem7/fix,/novatel/oem7/inspva,39.663,-75.756,-1.801139163,0.001355863,-0.001233453,-0.000222486,0.001337485,-0.001233453,,0,
1786043658108986911,1786043658.106503447,/novatel/oem7/odom,/novatel/oem7/fix,/novatel/oem7/odom,39.663,-75.756,-1.801139163,0.001359630,-0.001229300,0.001330176,-0.000281468,-0.001229300,,,
1786043658110633287,1786043658.108958904,/novatel/oem7/bestpos,/novatel/oem7/bestpos,/novatel/oem7/odom,39.663,-75.756,33.181353899,0.001359630,-0.001229300,0.001330176,-0.000281468,-0.001229300,,novatel_oem7_msgs.msg.SolutionStatus(status=0),novatel_oem7_msgs.msg.PositionOrVelocityType(type=53)
1786043658111648514,1786043658.109579960,/novatel/oem7/bestvel,/novatel/oem7/bestpos,/novatel/oem7/bestvel,39.663,-75.756,33.181353899,0.001376036,-0.001505319,,,,80.388807509,novatel_oem7_msgs.msg.SolutionStatus(status=0),novatel_oem7_msgs.msg.PositionOrVelocityType(type=53)
1786043658115138578,1786043658.114370327,/novatel/oem7/odom,/novatel/oem7/bestpos,/novatel/oem7/odom,39.663,-75.756,33.181353899,0.001359630,-0.001229300,0.001330176,-0.000281468,-0.001229300,,,
1786043658125823144,1786043658.125169207,/novatel/oem7/inspva,/novatel/oem7/inspva,/novatel/oem7/inspva,39.663,-75.756,-1.801122370,0.001309715,-0.000747702,0.000853561,0.000993372,-0.000747702,,novatel_oem7_msgs.msg.InertialSolutionStatus(status=3),
1786043658127283238,1786043658.125345365,/novatel/oem7/fix,/novatel/oem7/fix,/novatel/oem7/inspva,39.663,-75.756,-1.801122370,0.001309715,-0.000747702,0.000853561,0.000993372,-0.000747702,,0,
1786043658128450739,1786043658.125752239,/novatel/oem7/odom,/novatel/oem7/fix,/novatel/oem7/odom,39.663,-75.756,-1.801122370,0.001313061,-0.000741810,0.001034862,0.000808203,-0.000741810,,,
1786043658136156415,1786043658.135407238,/novatel/oem7/odom,/novatel/oem7/fix,/novatel/oem7/odom,39.663,-75.756,-1.801122370,0.001313061,-0.000741810,0.001034862,0.000808203,-0.000741810,,,
1786043658145590481,1786043658.144931572,/novatel/oem7/inspva,/novatel/oem7/inspva,/novatel/oem7/inspva,39.663,-75.756,-1.801111927,0.001462499,-0.001491056,0.001309701,0.000650836,-0.001491056,,novatel_oem7_msgs.msg.InertialSolutionStatus(status=3),
1786043658147053726,1786043658.145082833,/novatel/oem7/fix,/novatel/oem7/fix,/novatel/oem7/inspva,39.663,-75.756,-1.801111927,0.001462499,-0.001491056,0.001309701,0.000650836,-0.001491056,,0,
1786043658148218017,1786043658.145487790,/novatel/oem7/odom,/novatel/oem7/fix,/novatel/oem7/odom,39.663,-75.756,-1.801111927,0.001468526,-0.001485120,0.000716695,0.001281763,-0.001485120,,,
1786043658156490745,1786043658.155722538,/novatel/oem7/odom,/novatel/oem7/fix,/novatel/oem7/odom,39.663,-75.756,-1.801111927,0.001468526,-0.001485120,0.000716695,0.001281763,-0.001485120,,,
1786043658167174550,1786043658.166552951,/novatel/oem7/inspva,/novatel/oem7/inspva,/novatel/oem7/inspva,39.663,-75.756,-1.801116765,0.001171629,-0.003396762,-0.000572212,0.001022393,-0.003396762,,novatel_oem7_msgs.msg.InertialSolutionStatus(status=3),
1786043658168664581,1786043658.166734462,/novatel/oem7/fix,/novatel/oem7/fix,/novatel/oem7/inspva,39.663,-75.756,-1.801116765,0.001171629,-0.003396762,-0.000572212,0.001022393,-0.003396762,,0,
1786043658169804159,1786043658.167212311,/novatel/oem7/odom,/novatel/oem7/fix,/novatel/oem7/odom,39.663,-75.756,-1.801116765,0.001177573,-0.003394706,0.001006969,-0.000610485,-0.003394706,,,
1786043658175731221,1786043658.174939540,/novatel/oem7/odom,/novatel/oem7/fix,/novatel/oem7/odom,39.663,-75.756,-1.801116765,0.001177573,-0.003394706,0.001006969,-0.000610485,-0.003394706,,,
1786043658185717563,1786043658.185042139,/novatel/oem7/inspva,/novatel/oem7/inspva,/novatel/oem7/inspva,39.663,-75.756,-1.801083131,0.001462962,-0.002047645,-0.000135937,0.001456633,-0.002047645,,novatel_oem7_msgs.msg.InertialSolutionStatus(status=3),
1786043658187280134,1786043658.185218098,/novatel/oem7/fix,/novatel/oem7/fix,/novatel/oem7/inspva,39.663,-75.756,-1.801083131,0.001462962,-0.002047645,-0.000135937,0.001456633,-0.002047645,,0,
1786043658188552767,1786043658.185674332,/novatel/oem7/odom,/novatel/oem7/fix,/novatel/oem7/odom,39.663,-75.756,-1.801083131,0.001469634,-0.002042862,0.001456178,-0.000198419,-0.002042862,,,
1786043658195511449,1786043658.194700097,/novatel/oem7/odom,/novatel/oem7/fix,/novatel/oem7/odom,39.663,-75.756,-1.801083131,0.001469634,-0.002042862,0.001456178,-0.000198419,-0.002042862,,,
1786043658206823694,1786043658.206222776,/novatel/oem7/inspva,/novatel/oem7/inspva,/novatel/oem7/inspva,39.663,-75.756,-1.801054114,0.001131348,0.000214346,0.000622883,0.000944438,0.000214346,,novatel_oem7_msgs.msg.InertialSolutionStatus(status=3),
1786043658208303535,1786043658.206313677,/novatel/oem7/fix,/novatel/oem7/fix,/novatel/oem7/inspva,39.663,-75.756,-1.801054114,0.001131348,0.000214346,0.000622883,0.000944438,0.000214346,,0,
1786043658209468183,1786043658.206948428,/novatel/oem7/odom,/novatel/oem7/fix,/novatel/oem7/odom,39.663,-75.756,-1.801054114,0.001130369,0.000219448,0.000971655,0.000577599,0.000219448,,,
1786043658211105059,1786043658.209974749,/novatel/oem7/bestpos,/novatel/oem7/bestpos,/novatel/oem7/odom,39.663,-75.756,33.181420459,0.001130369,0.000219448,0.000971655,0.000577599,0.000219448,,novatel_oem7_msgs.msg.SolutionStatus(status=0),novatel_oem7_msgs.msg.PositionOrVelocityType(type=53)
1786043658212119929,1786043658.210430032,/novatel/oem7/bestvel,/novatel/oem7/bestpos,/novatel/oem7/bestvel,39.663,-75.756,33.181420459,0.002682554,-0.000504188,,,,82.847281930,novatel_oem7_msgs.msg.SolutionStatus(status=0),novatel_oem7_msgs.msg.PositionOrVelocityType(type=53)
1786043658215563407,1786043658.214839773,/novatel/oem7/odom,/novatel/oem7/bestpos,/novatel/oem7/odom,39.663,-75.756,33.181420459,0.001130369,0.000219448,0.000971655,0.000577599,0.000219448,,,
1786043658226788307,1786043658.226136587,/novatel/oem7/inspva,/novatel/oem7/inspva,/novatel/oem7/inspva,39.663,-75.756,-1.801046029,0.001811913,-0.001015429,0.001186561,0.001369343,-0.001015429,,novatel_oem7_msgs.msg.InertialSolutionStatus(status=3),
1786043658228225354,1786043658.226301832,/novatel/oem7/fix,/novatel/oem7/fix,/novatel/oem7/inspva,39.663,-75.756,-1.801046029,0.001811913,-0.001015429,0.001186561,0.001369343,-0.001015429,,0,
1786043658229367019,1786043658.226799037,/novatel/oem7/odom,/novatel/oem7/fix,/novatel/oem7/odom,39.663,-75.756,-1.801046029,0.001816445,-0.001007299,0.001426892,0.001124034,-0.001007299,,,
1786043658235267803,1786043658.234542919,/novatel/oem7/odom,/novatel/oem7/fix,/novatel/oem7/odom,39.663,-75.756,-1.801046029,0.001816445,-0.001007299,0.001426892,0.001124034,-0.001007299,,,
1786043658246138557,1786043658.245515487,/novatel/oem7/inspva,/novatel/oem7/inspva,/novatel/oem7/inspva,39.663,-75.756,-1.801047756,0.001270335,-0.002770685,0.000260919,0.001243251,-0.002770685,,novatel_oem7_msgs.msg.InertialSolutionStatus(status=3),
1786043658247606862,1786043658.245678629,/novatel/oem7/fix,/novatel/oem7/fix,/novatel/oem7/inspva,39.663,-75.756,-1.801047756,0.001270335,-0.002770685,0.000260919,0.001243251,-0.002770685,,0,
1786043658248777230,1786043658.246412626,/novatel/oem7/odom,/novatel/oem7/fix,/novatel/oem7/odom,39.663,-75.756,-1.801047756,0.001281485,-0.002765545,0.001264189,0.000209835,-0.002765545,,,
1786043658257299107,1786043658.256563863,/novatel/oem7/odom,/novatel/oem7/fix,/novatel/oem7/odom,39.663,-75.756,-1.801047756,0.001281485,-0.002765545,0.001264189,0.000209835,-0.002765545,,,
1786043658265635749,1786043658.265055625,/novatel/oem7/inspva,/novatel/oem7/inspva,/novatel/oem7/inspva,39.663,-75.756,-1.801015307,0.000865734,-0.002573267,-0.000072442,0.000862698,-0.002573267,,novatel_oem7_msgs.msg.InertialSolutionStatus(status=3),
1786043658267112940,1786043658.265134342,/novatel/oem7/fix,/novatel/oem7/fix,/novatel/oem7/inspva,39.663,-75.756,-1.801015307,0.000865734,-0.002573267,-0.000072442,0.000862698,-0.002573267,,0,
1786043658268294238,1786043658.265628559,/novatel/oem7/odom,/novatel/oem7/fix,/novatel/oem7/odom,39.663,-75.756,-1.801015307,0.000874218,-0.002570397,0.000867767,-0.000106008,-0.002570397,,,
1786043658275310964,1786043658.274574377,/novatel/oem7/odom,/novatel/oem7/fix,/novatel/oem7/odom,39.663,-75.756,-1.801015307,0.000874218,-0.002570397,0.000867767,-0.000106008,-0.002570397,,,
1786043658287181674,1786043658.286572865,/novatel/oem7/inspva,/novatel/oem7/inspva,/novatel/oem7/inspva,39.663,-75.756,-1.800971999,0.000938849,0.000691088,-0.000146975,0.000927274,0.000691088,,novatel_oem7_msgs.msg.InertialSolutionStatus(status=3),
1786043658288645292,1786043658.286733020,/novatel/oem7/fix,/novatel/oem7/fix,/novatel/oem7/inspva,39.663,-75.756,-1.800971999,0.000938849,0.000691088,-0.000146975,0.000927274,0.000691088,,0,
1786043658289760597,1786043658.287309942,/novatel/oem7/odom,/novatel/oem7/fix,/novatel/oem7/odom,39.663,-75.756,-1.800971999,0.000936716,0.000693977,0.000916859,-0.000191852,0.000693977,,,
1786043658295452949,1786043658.294727162,/novatel/oem7/odom,/novatel/oem7/fix,/novatel/oem7/odom,39.663,-75.756,-1.800971999,0.000936716,0.000693977,0.000916859,-0.000191852,0.000693977,,,
1786043658306411450,1786043658.305810081,/novatel/oem7/inspva,/novatel/oem7/inspva,/novatel/oem7/inspva,39.663,-75.756,-1.800959245,0.001406588,-0.000295290,0.000236244,0.001386607,-0.000295290,,novatel_oem7_msgs.msg.InertialSolutionStatus(status=3),
1786043658307886118,1786043658.305966579,/novatel/oem7/fix,/novatel/oem7/fix,/novatel/oem7/inspva,39.663,-75.756,-1.800959245,0.001406588,-0.000295290,0.000236244,0.001386607,-0.000295290,,0,
1786043658309006366,1786043658.306497651,/novatel/oem7/odom,/novatel/oem7/fix,/novatel/oem7/odom,39.663,-75.756,-1.800959245,0.001407752,-0.000289688,0.001397199,0.000172049,-0.000289688,,,
1786043658310629028,1786043658.309312416,/novatel/oem7/bestpos,/novatel/oem7/bestpos,/novatel/oem7/odom,39.663,-75.756,33.181512990,0.001407752,-0.000289688,0.001397199,0.000172049,-0.000289688,,novatel_oem7_msgs.msg.SolutionStatus(status=0),novatel_oem7_msgs.msg.PositionOrVelocityType(type=53)
1786043658311648448,1786043658.309901776,/novatel/oem7/bestvel,/novatel/oem7/bestpos,/novatel/oem7/bestvel,39.663,-75.756,33.181512990,0.002595857,-0.001414533,,,,53.425632836,novatel_oem7_msgs.msg.SolutionStatus(status=0),novatel_oem7_msgs.msg.PositionOrVelocityType(type=53)
1786043658315594807,1786043658.314798679,/novatel/oem7/odom,/novatel/oem7/bestpos,/novatel/oem7/odom,39.663,-75.756,33.181512990,0.001407752,-0.000289688,0.001397199,0.000172049,-0.000289688,,,
1786043658325906558,1786043658.325185481,/novatel/oem7/inspva,/novatel/oem7/inspva,/novatel/oem7/inspva,39.663,-75.756,-1.800962302,0.001440993,-0.002486209,0.001411647,0.000289333,-0.002486209,,novatel_oem7_msgs.msg.InertialSolutionStatus(status=3),
1786043658327356460,1786043658.325307860,/novatel/oem7/fix,/novatel/oem7/fix,/novatel/oem7/inspva,39.663,-75.756,-1.800962302,0.001440993,-0.002486209,0.001411647,0.000289333,-0.002486209,,0,
1786043658328552078,1786043658.325831821,/novatel/oem7/odom,/novatel/oem7/fix,/novatel/oem7/odom,39.663,-75.756,-1.800962302,0.001449458,-0.002481283,0.000363989,0.001403012,-0.002481283,,,
1786043658335812650,1786043658.335048152,/novatel/oem7/odom,/novatel/oem7/fix,/novatel/oem7/odom,39.663,-75.756,-1.800962302,0.001449458,-0.002481283,0.000363989,0.001403012,-0.002481283,,,
1786043658346686747,1786043658.346039260,/novatel/oem7/inspva,/novatel/oem7/inspva,/novatel/oem7/inspva,39.663,-75.756,-1.800942138,0.000842827,-0.002646580,0.000727020,0.000426380,-0.002646580,,novatel_oem7_msgs.msg.InertialSolutionStatus(status=3),
1786043658348234825,1786043658.346209248,/novatel/oem7/fix,/novatel/oem7/fix,/novatel/oem7/inspva,39.663,-75.756,-1.800942138,0.000842827,-0.002646580,0.000727020,0.000426380,-0.002646580,,0,
1786043658349377486,1786043658.346693327,/novatel/oem7/odom,/novatel/oem7/fix,/novatel/oem7/odom,39.663,-75.756,-1.800942138,0.000853800,-0.002643061,0.000469505,0.000713119,-0.002643061,,,
1786043658356655811,1786043658.355793879,/novatel/oem7/odom,/novatel/oem7/fix,/novatel/oem7/odom,39.663,-75.756,-1.800942138,0.000853800,-0.002643061,0.000469505,0.000713119,-0.002643061,,,
1786043658365944346,1786043658.365313223,/novatel/oem7/inspva,/novatel/oem7/inspva,/novatel/oem7/inspva,39.663,-75.756,-1.800914860,0.001332617,-0.000537911,-0.000863375,0.001015112,-0.000537911,,novatel_oem7_msgs.msg.InertialSolutionStatus(status=3),
1786043658367359276,1786043658.365442444,/novatel/oem7/fix,/novatel/oem7/fix,/novatel/oem7/inspva,39.663,-75.756,-1.800914860,0.001332617,-0.000537911,-0.000863375,0.001015112,-0.000537911,,0,
1786043658368516588,1786043658.366029790,/novatel/oem7/odom,/novatel/oem7/fix,/novatel/oem7/odom,39.663,-75.756,-1.800914860,0.001333112,-0.000536683,0.000975697,-0.000908407,-0.000536683,,,
1786043658376371595,1786043658.375658768,/novatel/oem7/odom,/novatel/oem7/fix,/novatel/oem7/odom,39.663,-75.756,-1.800914860,0.001333112,-0.000536683,0.000975697,-0.000908407,-0.000536683,,,
1786043658385603903,1786043658.385033888,/novatel/oem7/inspva,/novatel/oem7/inspva,/novatel/oem7/inspva,39.663,-75.756,-1.800895894,0.001758575,0.000170834,-0.000382587,0.001716454,0.000170834,,novatel_oem7_msgs.msg.InertialSolutionStatus(status=3),
1786043658387086670,1786043658.385114090,/novatel/oem7/fix,/novatel/oem7/fix,/novatel/oem7/inspva,39.663,-75.756,-1.800895894,0.001758575,0.000170834,-0.000382587,0.001716454,0.000170834,,0,
1786043658388172048,1786043658.385583492,/novatel/oem7/odom,/novatel/oem7/fix,/novatel/oem7/odom,39.663,-75.756,-1.800895894,0.001758081,0.000175849,0.001696107,-0.000462677,0.000175849,,,
1786043658395215060,1786043658.394493613,/novatel/oem7/odom,/novatel/oem7/fix,/novatel/oem7/odom,39.663,-75.756,-1.800895894,0.001758081,0.000175849,0.001696107,-0.000462677,0.000175849,,,
1786043658407165062,1786043658.406557866,/novatel/oem7/inspva,/novatel/oem7/inspva,/novatel/oem7/inspva,39.663,-75.756,-1.800905650,0.001175648,-0.002268309,0.001170450,0.000110429,-0.002268309,,novatel_oem7_msgs.msg.InertialSolutionStatus(status=3),
1786043658408654399,1786043658.406711070,/novatel/oem7/fix,/novatel/oem7/fix,/novatel/oem7/inspva,39.663,-75.756,-1.800905650,0.001175648,-0.002268309,0.001170450,0.000110429,-0.002268309,,0,
1786043658409798381,1786043658.407196952,/novatel/oem7/odom,/novatel/oem7/fix,/novatel/oem7/odom,39.663,-75.756,-1.800905650,0.001182569,-0.002264708,0.000173248,0.001169810,-0.002264708,,,
1786043658411463954,1786043658.410143131,/novatel/oem7/bestpos,/novatel/oem7/bestpos,/novatel/oem7/odom,39.663,-75.756,33.181584033,0.001182569,-0.002264708,0.000173248,0.001169810,-0.002264708,,novatel_oem7_msgs.msg.SolutionStatus(status=0),novatel_oem7_msgs.msg.PositionOrVelocityType(type=53)
1786043658412496817,1786043658.410605407,/novatel/oem7/bestvel,/novatel/oem7/bestpos,/novatel/oem7/bestvel,39.663,-75.756,33.181584033,0.001618249,-0.002701326,,,,63.170902858,novatel_oem7_msgs.msg.SolutionStatus(status=0),novatel_oem7_msgs.msg.PositionOrVelocityType(type=53)
1786043658415856830,1786043658.415121366,/novatel/oem7/odom,/novatel/oem7/bestpos,/novatel/oem7/odom,39.663,-75.756,33.181584033,0.001182569,-0.002264708,0.000173248,0.001169810,-0.002264708,,,
1786043658425765295,1786043658.425119036,/novatel/oem7/inspva,/novatel/oem7/inspva,/novatel/oem7/inspva,39.663,-75.756,-1.800887629,0.001043128,-0.002373096,0.001039809,-0.000083144,-0.002373096,,novatel_oem7_msgs.msg.InertialSolutionStatus(status=3),
1786043658427226602,1786043658.425202070,/novatel/oem7/fix,/novatel/oem7/fix,/novatel/oem7/inspva,39.663,-75.756,-1.800887629,0.001043128,-0.002373096,0.001039809,-0.000083144,-0.002373096,,0,
1786043658428417134,1786043658.425568349,/novatel/oem7/odom,/novatel/oem7/fix,/novatel/oem7/odom,39.663,-75.756,-1.800887629,0.001048955,-0.002370526,-0.000025950,0.001048634,-0.002370526,,,
1786043658436219137,1786043658.435492857,/novatel/oem7/odom,/novatel/oem7/fix,/novatel/oem7/odom,39.663,-75.756,-1.800887629,0.001048955,-0.002370526,-0.000025950,0.001048634,-0.002370526,,,
1786043658445941896,1786043658.445347089,/novatel/oem7/inspva,/novatel/oem7/inspva,/novatel/oem7/inspva,39.663,-75.756,-1.800876902,0.002061309,-0.001540938,-0.000890141,0.001859206,-0.001540938,,novatel_oem7_msgs.msg.InertialSolutionStatus(status=3),
1786043658447410888,1786043658.445492729,/novatel/oem7/fix,/novatel/oem7/fix,/novatel/oem7/inspva,39.663,-75.756,-1.800876902,0.002061309,-0.001540938,-0.000890141,0.001859206,-0.001540938,,0,
1786043658448579519,1786043658.446066501,/novatel/oem7/odom,/novatel/oem7/fix,/novatel/oem7/odom,39.663,-75.756,-1.800876902,0.002064364,-0.001536843,0.001821258,-0.000971915,-0.001536843,,,
1786043658457074459,1786043658.456360252,/novatel/oem7/odom,/novatel/oem7/fix,/novatel/oem7/odom,39.663,-75.756,-1.800876902,0.002064364,-0.001536843,0.001821258,-0.000971915,-0.001536843,,,
1786043658466742194,1786043658.466120832,/novatel/oem7/inspva,/novatel/oem7/inspva,/novatel/oem7/inspva,39.663,-75.756,-1.800852276,0.001414288,-0.000376901,-0.000826185,0.001147880,-0.000376901,,novatel_oem7_msgs.msg.InertialSolutionStatus(status=3),
1786043658468180748,1786043658.466279699,/novatel/oem7/fix,/novatel/oem7/fix,/novatel/oem7/inspva,39.663,-75.756,-1.800852276,0.001414288,-0.000376901,-0.000826185,0.001147880,-0.000376901,,0,
1786043658469283619,1786043658.466714807,/novatel/oem7/odom,/novatel/oem7/fix,/novatel/oem7/odom,39.663,-75.756,-1.800852276,0.001414758,-0.000375131,0.001109469,-0.000877850,-0.000375131,,,
1786043658475264862,1786043658.474517227,/novatel/oem7/odom,/novatel/oem7/fix,/novatel/oem7/odom,39.663,-75.756,-1.800852276,0.001414758,-0.000375131,0.001109469,-0.000877850,-0.000375131,,,
1786043658485766755,1786043658.485189970,/novatel/oem7/inspva,/novatel/oem7/inspva,/novatel/oem7/inspva,39.663,-75.756,-1.800853202,0.001368700,-0.001059920,0.001363485,-0.000119359,-0.001059920,,novatel_oem7_msgs.msg.InertialSolutionStatus(status=3),
1786043658487238366,1786043658.485269378,/novatel/oem7/fix,/novatel/oem7/fix,/novatel/oem7/inspva,39.663,-75.756,-1.800853202,0.001368700,-0.001059920,0.001363485,-0.000119359,-0.001059920,,0,
1786043658488386281,1786043658.486060844,/novatel/oem7/odom,/novatel/oem7/fix,/novatel/oem7/odom,39.663,-75.756,-1.800853202,0.001371256,-0.001056612,-0.000051758,0.001370278,-0.001056612,,,
1786043658496203384,1786043658.495462877,/novatel/oem7/odom,/novatel/oem7/fix,/novatel/oem7/odom,39.663,-75.756,-1.800853202,0.001371256,-0.001056612,-0.000051758,0.001370278,-0.001056612,,,
1786043658506473919,1786043658.505890869,/novatel/oem7/inspva,/novatel/oem7/inspva,/novatel/oem7/inspva,39.663,-75.756,-1.800844698,0.000990063,-0.001909614,0.000989884,0.000018854,-0.001909614,,novatel_oem7_msgs.msg.InertialSolutionStatus(status=3),
1786043658507918719,1786043658.505970635,/novatel/oem7/fix,/novatel/oem7/fix,/novatel/oem7/inspva,39.663,-75.756,-1.800844698,0.000990063,-0.001909614,0.000989884,0.000018854,-0.001909614,,0,
1786043658508998293,1786043658.506504345,/novatel/oem7/odom,/novatel/oem7/fix,/novatel/oem7/odom,39.663,-75.756,-1.800844698,0.000995420,-0.001906827,0.000071957,0.000992816,-0.001906827,,,
1786043658512037713,1786043658.511326287,/novatel/oem7/bestpos,/novatel/oem7/bestpos,/novatel/oem7/odom,39.663,-75.756,33.181651196,0.000995420,-0.001906827,0.000071957,0.000992816,-0.001906827,,novatel_oem7_msgs.msg.SolutionStatus(status=0),novatel_oem7_msgs.msg.PositionOrVelocityType(type=53)
1786043658513509921,1786043658.511652426,/novatel/oem7/bestvel,/novatel/oem7/bestpos,/novatel/oem7/bestvel,39.663,-75.756,33.181651196,0.001127182,-0.002133023,,,,18.980841670,novatel_oem7_msgs.msg.SolutionStatus(status=0),novatel_oem7_msgs.msg.PositionOrVelocityType(type=53)
1786043658515169260,1786043658.514464630,/novatel/oem7/odom,/novatel/oem7/bestpos,/novatel/oem7/odom,39.663,-75.756,33.181651196,0.000995420,-0.001906827,0.000071957,0.000992816,-0.001906827,,,
1786043658527082401,1786043658.526474932,/novatel/oem7/inspva,/novatel/oem7/inspva,/novatel/oem7/inspva,39.663,-75.756,-1.800833315,0.001270066,-0.001538621,-0.000756246,0.001020372,-0.001538621,,novatel_oem7_msgs.msg.InertialSolutionStatus(status=3),
1786043658528563336,1786043658.526631003,/novatel/oem7/fix,/novatel/oem7/fix,/novatel/oem7/inspva,39.663,-75.756,-1.800833315,0.001270066,-0.001538621,-0.000756246,0.001020372,-0.001538621,,0,
1786043658529684690,1786043658.527065614,/novatel/oem7/odom,/novatel/oem7/fix,/novatel/oem7/odom,39.663,-75.756,-1.800833315,0.001271900,-0.001537106,0.000989576,-0.000799042,-0.001537106,,,
1786043658535503081,1786043658.534778963,/novatel/oem7/odom,/novatel/oem7/fix,/novatel/oem7/odom,39.663,-75.756,-1.800833315,0.001271900,-0.001537106,0.000989576,-0.000799042,-0.001537106,,,
1786043658545484232,1786043658.544895529,/novatel/oem7/inspva,/novatel/oem7/inspva,/novatel/oem7/inspva,39.663,-75.756,-1.800807440,0.001425939,-0.000730055,-0.000967909,0.001047117,-0.000730055,,novatel_oem7_msgs.msg.InertialSolutionStatus(status=3),
1786043658546939930,1786043658.544969510,/novatel/oem7/fix,/novatel/oem7/fix,/novatel/oem7/inspva,39.663,-75.756,-1.800807440,0.001425939,-0.000730055,-0.000967909,0.001047117,-0.000730055,,0,
1786043658548065384,1786043658.545367774,/novatel/oem7/odom,/novatel/oem7/fix,/novatel/oem7/odom,39.663,-75.756,-1.800807440,0.001426469,-0.000729018,0.001003507,-0.001013798,-0.000729018,,,
1786043658556581528,1786043658.555803647,/novatel/oem7/odom,/novatel/oem7/fix,/novatel/oem7/odom,39.663,-75.756,-1.800807440,0.001426469,-0.000729018,0.001003507,-0.001013798,-0.000729018,,,
1786043658565964170,1786043658.565368541,/novatel/oem7/inspva,/novatel/oem7/inspva,/novatel/oem7/inspva,39.663,-75.756,-1.800791563,0.001285561,0.000001118,0.001281892,-0.000097056,0.000001118,,novatel_oem7_msgs.msg.InertialSolutionStatus(status=3),
1786043658567381168,1786043658.565535566,/novatel/oem7/fix,/novatel/oem7/fix,/novatel/oem7/inspva,39.663,-75.756,-1.800791563,0.001285561,0.000001118,0.001281892,-0.000097056,0.000001118,,0,
1786043658568514959,1786043658.566190399,/novatel/oem7/odom,/novatel/oem7/fix,/novatel/oem7/odom,39.663,-75.756,-1.800791563,0.001285554,0.000004285,-0.000037210,0.001285016,0.000004285,,,
1786043658575672400,1786043658.574920112,/novatel/oem7/odom,/novatel/oem7/fix,/novatel/oem7/odom,39.663,-75.756,-1.800791563,0.001285554,0.000004285,-0.000037210,0.001285016,0.000004285,,,
1786043658586719901,1786043658.586110438,/novatel/oem7/inspva,/novatel/oem7/inspva,/novatel/oem7/inspva,39.663,-75.756,-1.800783291,0.001010287,-0.000677492,0.001007386,0.000076515,-0.000677492,,novatel_oem7_msgs.msg.InertialSolutionStatus(status=3),
1786043658588165836,1786043658.586263337,/novatel/oem7/fix,/novatel/oem7/fix,/novatel/oem7/inspva,39.663,-75.756,-1.800783291,0.001010287,-0.000677492,0.001007386,0.000076515,-0.000677492,,0,
1786043658589260259,1786043658.586713534,/novatel/oem7/odom,/novatel/oem7/fix,/novatel/oem7/odom,39.663,-75.756,-1.800783291,0.001012324,-0.000674444,0.000125874,0.001004468,-0.000674444,,,
1786043658595357863,1786043658.594615819,/novatel/oem7/odom,/novatel/oem7/fix,/novatel/oem7/odom,39.663,-75.756,-1.800783291,0.001012324,-0.000674444,0.000125874,0.001004468,-0.000674444,,,
1786043658607009311,1786043658.606431605,/novatel/oem7/inspva,/novatel/oem7/inspva,/novatel/oem7/inspva,39.663,-75.756,-1.800784861,0.000634178,-0.002398219,-0.000342296,0.000533868,-0.002398219,,novatel_oem7_msgs.msg.InertialSolutionStatus(status=3),
1786043658608495012,1786043658.606522258,/novatel/oem7/fix,/novatel/oem7/fix,/novatel/oem7/inspva,39.663,-75.756,-1.800784861,0.000634178,-0.002398219,-0.000342296,0.000533868,-0.002398219,,0,
1786043658609640837,1786043658.607077109,/novatel/oem7/odom,/novatel/oem7/fix,/novatel/oem7/odom,39.663,-75.756,-1.800784861,0.000637809,-0.002397256,0.000526071,-0.000360624,-0.002397256,,,
1786043658611257533,1786043658.609915349,/novatel/oem7/bestpos,/novatel/oem7/bestpos,/novatel/oem7/odom,39.663,-75.756,33.181698288,0.000637809,-0.002397256,0.000526071,-0.000360624,-0.002397256,,novatel_oem7_msgs.msg.SolutionStatus(status=0),novatel_oem7_msgs.msg.PositionOrVelocityType(type=53)
1786043658612279610,1786043658.610287665,/novatel/oem7/bestvel,/novatel/oem7/bestpos,/novatel/oem7/bestvel,39.663,-75.756,33.181698288,0.000747672,-0.002089276,,,,155.247824328,novatel_oem7_msgs.msg.SolutionStatus(status=0),novatel_oem7_msgs.msg.PositionOrVelocityType(type=53)
1786043658616193021,1786043658.615454547,/novatel/oem7/odom,/novatel/oem7/bestpos,/novatel/oem7/odom,39.663,-75.756,33.181698288,0.000637809,-0.002397256,0.000526071,-0.000360624,-0.002397256,,,
1786043658625581967,1786043658.624957566,/novatel/oem7/inspva,/novatel/oem7/inspva,/novatel/oem7/inspva,39.663,-75.756,-1.800760641,0.000676350,-0.001547970,-0.000614356,0.000282872,-0.001547970,,novatel_oem7_msgs.msg.InertialSolutionStatus(status=3),
1786043658627109276,1786043658.625048663,/novatel/oem7/fix,/novatel/oem7/fix,/novatel/oem7/inspva,39.663,-75.756,-1.800760641,0.000676350,-0.001547970,-0.000614356,0.000282872,-0.001547970,,0,
1786043658628292687,1786043658.625549130,/novatel/oem7/odom,/novatel/oem7/fix,/novatel/oem7/odom,39.663,-75.756,-1.800760641,0.000674803,-0.001548645,0.000259583,-0.000622877,-0.001548645,,,
1786043658635178265,1786043658.634405424,/novatel/oem7/odom,/novatel/oem7/fix,/novatel/oem7/odom,39.663,-75.756,-1.800760641,0.000674803,-0.001548645,0.000259583,-0.000622877,-0.001548645,,,
1786043658647030512,1786043658.646410669,/novatel/oem7/inspva,/novatel/oem7/inspva,/novatel/oem7/inspva,39.663,-75.756,-1.800744021,0.001377193,0.000066178,0.000400940,0.001317538,0.000066178,,novatel_oem7_msgs.msg.InertialSolutionStatus(status=3),
1786043658648538840,1786043658.646593907,/novatel/oem7/fix,/novatel/oem7/fix,/novatel/oem7/inspva,39.663,-75.756,-1.800744021,0.001377193,0.000066178,0.000400940,0.001317538,0.000066178,,0,
1786043658649723011,1786043658.647299554,/novatel/oem7/odom,/novatel/oem7/fix,/novatel/oem7/odom,39.663,-75.756,-1.800744021,0.001376903,0.000071955,0.001334541,0.000338913,0.000071955,,,
1786043658656995770,1786043658.656264816,/novatel/oem7/odom,/novatel/oem7/fix,/novatel/oem7/odom,39.663,-75.756,-1.800744021,0.001376903,0.000071955,0.001334541,0.000338913,0.000071955,,,
1786043658665670838,1786043658.665064319,/novatel/oem7/inspva,/novatel/oem7/inspva,/novatel/oem7/inspva,39.663,-75.756,-1.800744802,0.000628167,-0.000597634,0.000599758,0.000186773,-0.000597634,,novatel_oem7_msgs.msg.InertialSolutionStatus(status=3),
1786043658667064829,1786043658.665147436,/novatel/oem7/fix,/novatel/oem7/fix,/novatel/oem7/inspva,39.663,-75.756,-1.800744802,0.000628167,-0.000597634,0.000599758,0.000186773,-0.000597634,,0,
1786043658668168626,1786043658.665527030,/novatel/oem7/odom,/novatel/oem7/fix,/novatel/oem7/odom,39.663,-75.756,-1.800744802,0.000630371,-0.000595308,0.000216727,0.000591944,-0.000595308,,,
1786043658676630296,1786043658.675882572,/novatel/oem7/odom,/novatel/oem7/fix,/novatel/oem7/odom,39.663,-75.756,-1.800744802,0.000630371,-0.000595308,0.000216727,0.000591944,-0.000595308,,,
1786043658685970491,1786043658.685452350,/novatel/oem7/inspva,/novatel/oem7/inspva,/novatel/oem7/inspva,39.663,-75.756,-1.800761341,0.001014019,-0.002658882,0.000904488,-0.000458405,-0.002658882,,novatel_oem7_msgs.msg.InertialSolutionStatus(status=3),
1786043658687327584,1786043658.685632958,/novatel/oem7/fix,/novatel/oem7/fix,/novatel/oem7/inspva,39.663,-75.756,-1.800761341,0.001014019,-0.002658882,0.000904488,-0.000458405,-0.002658882,,0,
1786043658688385862,1786043658.686210583,/novatel/oem7/odom,/novatel/oem7/fix,/novatel/oem7/odom,39.663,-75.756,-1.800761341,0.001016357,-0.002657989,-0.000406081,0.000931708,-0.002657989,,,
1786043658695776541,1786043658.695091984,/novatel/oem7/odom,/novatel/oem7/fix,/novatel/oem7/odom,39.663,-75.756,-1.800761341,0.001016357,-0.002657989,-0.000406081,0.000931708,-0.002657989,,,
1786043658706539610,1786043658.706014662,/novatel/oem7/inspva,/novatel/oem7/inspva,/novatel/oem7/inspva,39.663,-75.756,-1.800742874,0.000444436,-0.002285370,0.000443420,0.000030040,-0.002285370,,novatel_oem7_msgs.msg.InertialSolutionStatus(status=3),
1786043658707898924,1786043658.706190157,/novatel/oem7/fix,/novatel/oem7/fix,/novatel/oem7/inspva,39.663,-75.756,-1.800742874,0.000444436,-0.002285370,0.000443420,0.000030040,-0.002285370,,0,
1786043658708962701,1786043658.706746405,/novatel/oem7/odom,/novatel/oem7/fix,/novatel/oem7/odom,39.663,-75.756,-1.800742874,0.000451266,-0.002284031,0.000058996,0.000447393,-0.002284031,,,
1786043658710482776,1786043658.709315961,/novatel/oem7/bestpos,/novatel/oem7/bestpos,/novatel/oem7/odom,39.663,-75.756,33.181743540,0.000451266,-0.002284031,0.000058996,0.000447393,-0.002284031,,novatel_oem7_msgs.msg.SolutionStatus(status=0),novatel_oem7_msgs.msg.PositionOrVelocityType(type=53)
1786043658712415661,1786043658.709988631,/novatel/oem7/bestvel,/novatel/oem7/bestpos,/novatel/oem7/bestvel,39.663,-75.756,33.181743540,0.000596244,-0.001552662,,,,227.186958830,novatel_oem7_msgs.msg.SolutionStatus(status=0),novatel_oem7_msgs.msg.PositionOrVelocityType(type=53)
1786043658715460171,1786043658.714761534,/novatel/oem7/odom,/novatel/oem7/bestpos,/novatel/oem7/odom,39.663,-75.756,33.181743540,0.000451266,-0.002284031,0.000058996,0.000447393,-0.002284031,,,
1786043658725918224,1786043658.725359452,/novatel/oem7/inspva,/novatel/oem7/inspva,/novatel/oem7/inspva,39.663,-75.756,-1.800725547,0.000921403,0.000056835,-0.000007083,0.000921376,0.000056835,,novatel_oem7_msgs.msg.InertialSolutionStatus(status=3),
1786043658727342252,1786043658.725603711,/novatel/oem7/fix,/novatel/oem7/fix,/novatel/oem7/inspva,39.663,-75.756,-1.800725547,0.000921403,0.000056835,-0.000007083,0.000921376,0.000056835,,0,
1786043658728393178,1786043658.726173070,/novatel/oem7/odom,/novatel/oem7/fix,/novatel/oem7/odom,39.663,-75.756,-1.800725547,0.000921196,0.000060098,0.000919830,-0.000050154,0.000060098,,,
1786043658736281096,1786043658.735614976,/novatel/oem7/odom,/novatel/oem7/fix,/novatel/oem7/odom,39.663,-75.756,-1.800725547,0.000921196,0.000060098,0.000919830,-0.000050154,0.000060098,,,
1786043658745643215,1786043658.745086396,/novatel/oem7/inspva,/novatel/oem7/inspva,/novatel/oem7/inspva,39.663,-75.756,-1.800724847,0.001712774,-0.000043131,0.000470579,0.001646861,-0.000043131,,novatel_oem7_msgs.msg.InertialSolutionStatus(status=3),
1786043658747025152,1786043658.745278808,/novatel/oem7/fix,/novatel/oem7/fix,/novatel/oem7/inspva,39.663,-75.756,-1.800724847,0.001712774,-0.000043131,0.000470579,0.001646861,-0.000043131,,0,
1786043658748130793,1786043658.745757596,/novatel/oem7/odom,/novatel/oem7/fix,/novatel/oem7/odom,39.663,-75.756,-1.800724847,0.001712938,-0.000036036,0.001667145,0.000393428,-0.000036036,,,
1786043658756319470,1786043658.755652563,/novatel/oem7/odom,/novatel/oem7/fix,/novatel/oem7/odom,39.663,-75.756,-1.800724847,0.001712938,-0.000036036,0.001667145,0.000393428,-0.000036036,,,
1786043658768001955,1786043658.767230690,/novatel/oem7/inspva,/novatel/oem7/inspva,/novatel/oem7/inspva,39.663,-75.756,-1.800743580,0.001761888,-0.002257736,0.001727740,0.000345201,-0.002257736,,novatel_oem7_msgs.msg.InertialSolutionStatus(status=3),
1786043658769590707,1786043658.767529080,/novatel/oem7/fix,/novatel/oem7/fix,/novatel/oem7/inspva,39.663,-75.756,-1.800743580,0.001761888,-0.002257736,0.001727740,0.000345201,-0.002257736,,0,
1786043658770678131,1786043658.767830643,/novatel/oem7/odom,/novatel/oem7/fix,/novatel/oem7/odom,39.663,-75.756,-1.800743580,0.001769510,-0.002251767,0.000433590,0.001715566,-0.002251767,,,
1786043658775550352,1786043658.774853852,/novatel/oem7/odom,/novatel/oem7/fix,/novatel/oem7/odom,39.663,-75.756,-1.800743580,0.001769510,-0.002251767,0.000433590,0.001715566,-0.002251767,,,
1786043658785511060,1786043658.784953989,/novatel/oem7/inspva,/novatel/oem7/inspva,/novatel/oem7/inspva,39.663,-75.756,-1.800735438,0.001492973,-0.002616873,0.001378568,-0.000573166,-0.002616873,,novatel_oem7_msgs.msg.InertialSolutionStatus(status=3),
1786043658786849924,1786043658.785139607,/novatel/oem7/fix,/novatel/oem7/fix,/novatel/oem7/inspva,39.663,-75.756,-1.800735438,0.001492973,-0.002616873,0.001378568,-0.000573166,-0.002616873,,0,
1786043658787930888,1786043658.785548908,/novatel/oem7/odom,/novatel/oem7/fix,/novatel/oem7/odom,39.663,-75.756,-1.800735438,0.001496062,-0.002615109,-0.000498843,0.001410445,-0.002615109,,,
1786043658796174665,1786043658.795504179,/novatel/oem7/odom,/novatel/oem7/fix,/novatel/oem7/odom,39.663,-75.756,-1.800735438,0.001496062,-0.002615109,-0.000498843,0.001410445,-0.002615109,,,
1786043658807330702,1786043658.806724786,/novatel/oem7/inspva,/novatel/oem7/inspva,/novatel/oem7/inspva,39.663,-75.756,-1.800714775,0.001726825,-0.000015457,-0.000098507,0.001724013,-0.000015457,,novatel_oem7_msgs.msg.InertialSolutionStatus(status=3),
1786043658808725349,1786043658.806899048,/novatel/oem7/fix,/novatel/oem7/fix,/novatel/oem7/inspva,39.663,-75.756,-1.800714775,0.001726825,-0.000015457,-0.000098507,0.001724013,-0.000015457,,0,
1786043658809831940,1786043658.807332595,/novatel/oem7/odom,/novatel/oem7/fix,/novatel/oem7/odom,39.663,-75.756,-1.800714775,0.001726867,-0.000009691,0.001717597,-0.000178682,-0.000009691,,,
1786043658811376742,1786043658.810327374,/novatel/oem7/bestpos,/novatel/oem7/bestpos,/novatel/oem7/odom,39.663,-75.756,33.181770500,0.001726867,-0.000009691,0.001717597,-0.000178682,-0.000009691,,novatel_oem7_msgs.msg.SolutionStatus(status=0),novatel_oem7_msgs.msg.PositionOrVelocityType(type=53)
1786043658812398679,1786043658.810786229,/novatel/oem7/bestvel,/novatel/oem7/bestpos,/novatel/oem7/bestvel,39.663,-75.756,33.181770500,0.000975566,0.000195802,,,,76.531639329,novatel_oem7_msgs.msg.SolutionStatus(status=0),novatel_oem7_msgs.msg.PositionOrVelocityType(type=53)
1786043658815608020,1786043658.814904923,/novatel/oem7/odom,/novatel/oem7/bestpos,/novatel/oem7/odom,39.663,-75.756,33.181770500,0.001726867,-0.000009691,0.001717597,-0.000178682,-0.000009691,,,
1786043658826748123,1786043658.826208198,/novatel/oem7/inspva,/novatel/oem7/inspva,/novatel/oem7/inspva,39.663,-75.756,-1.800711885,0.001362697,0.000009447,0.000395215,0.001304128,0.000009447,,novatel_oem7_msgs.msg.InertialSolutionStatus(status=3),
1786043658828149517,1786043658.826326671,/novatel/oem7/fix,/novatel/oem7/fix,/novatel/oem7/inspva,39.663,-75.756,-1.800711885,0.001362697,0.000009447,0.000395215,0.001304128,0.000009447,,0,
1786043658829232880,1786043658.826871444,/novatel/oem7/odom,/novatel/oem7/fix,/novatel/oem7/odom,39.663,-75.756,-1.800711885,0.001362646,0.000015155,0.001321078,0.000334001,0.000015155,,,
1786043658835512852,1786043658.834768522,/novatel/oem7/odom,/novatel/oem7/fix,/novatel/oem7/odom,39.663,-75.756,-1.800711885,0.001362646,0.000015155,0.001321078,0.000334001,0.000015155,,,
1786043658846245318,1786043658.845406183,/novatel/oem7/inspva,/novatel/oem7/inspva,/novatel/oem7/inspva,39.663,-75.756,-1.800721802,0.002021199,-0.001116999,0.002010751,0.000205253,-0.001116999,,novatel_oem7_msgs.msg.InertialSolutionStatus(status=3),
1786043658848203071,1786043658.845696886,/novatel/oem7/fix,/novatel/oem7/fix,/novatel/oem7/inspva,39.663,-75.756,-1.800721802,0.002021199,-0.001116999,0.002010751,0.000205253,-0.001116999,,0,
1786043658849688689,1786043658.846287662,/novatel/oem7/odom,/novatel/oem7/fix,/novatel/oem7/odom,39.663,-75.756,-1.800721802,0.002024623,-0.001110782,0.000302753,0.002001859,-0.001110782,,,
1786043658857298217,1786043658.856444115,/novatel/oem7/odom,/novatel/oem7/fix,/novatel/oem7/odom,39.663,-75.756,-1.800721802,0.002024623,-0.001110782,0.000302753,0.002001859,-0.001110782,,,
1786043658866151931,1786043658.865463267,/novatel/oem7/inspva,/novatel/oem7/inspva,/novatel/oem7/inspva,39.663,-75.756,-1.800718453,0.001772678,-0.001670528,0.001745459,0.000309454,-0.001670528,,novatel_oem7_msgs.msg.InertialSolutionStatus(status=3),
1786043658867716376,1786043658.865696163,/novatel/oem7/fix,/novatel/oem7/fix,/novatel/oem7/inspva,39.663,-75.756,-1.800718453,0.001772678,-0.001670528,0.001745459,0.000309454,-0.001670528,,0,
1786043658868943825,1786043658.866314225,/novatel/oem7/odom,/novatel/oem7/fix,/novatel/oem7/odom,39.663,-75.756,-1.800718453,0.001778172,-0.001664680,0.000396533,0.001733394,-0.001664680,,,
1786043658875313438,1786043658.874590454,/novatel/oem7/odom,/novatel/oem7/fix,/novatel/oem7/odom,39.663,-75.756,-1.800718453,0.001778172,-0.001664680,0.000396533,0.001733394,-0.001664680,,,
1786043658888122637,1786043658.887317126,/novatel/oem7/inspva,/novatel/oem7/inspva,/novatel/oem7/inspva,39.663,-75.756,-1.800715448,0.001142317,-0.001557318,-0.000618538,0.000960365,-0.001557318,,novatel_oem7_msgs.msg.InertialSolutionStatus(status=3),
1786043658889707729,1786043658.887621415,/novatel/oem7/fix,/novatel/oem7/fix,/novatel/oem7/inspva,39.663,-75.756,-1.800715448,0.001142317,-0.001557318,-0.000618538,0.000960365,-0.001557318,,0,
1786043658890856724,1786043658.888147927,/novatel/oem7/odom,/novatel/oem7/fix,/novatel/oem7/odom,39.663,-75.756,-1.800715448,0.001144634,-0.001555616,0.000936161,-0.000658628,-0.001555616,,,
1786043658895833533,1786043658.895130143,/novatel/oem7/odom,/novatel/oem7/fix,/novatel/oem7/odom,39.663,-75.756,-1.800715448,0.001144634,-0.001555616,0.000936161,-0.000658628,-0.001555616,,,
1786043658906685339,1786043658.905924729,/novatel/oem7/inspva,/novatel/oem7/inspva,/novatel/oem7/inspva,39.663,-75.756,-1.800700179,0.001855246,-0.000207839,-0.000170437,0.001847400,-0.000207839,,novatel_oem7_msgs.msg.InertialSolutionStatus(status=3),
1786043658908661172,1786043658.906167464,/novatel/oem7/fix,/novatel/oem7/fix,/novatel/oem7/inspva,39.663,-75.756,-1.800700179,0.001855246,-0.000207839,-0.000170437,0.001847400,-0.000207839,,0,
1786043658910180524,1786043658.906678076,/novatel/oem7/odom,/novatel/oem7/fix,/novatel/oem7/odom,39.663,-75.756,-1.800700179,0.001855911,-0.000201810,0.001838199,-0.000255795,-0.000201810,,,
1786043658912186284,1786043658.909499840,/novatel/oem7/bestpos,/novatel/oem7/bestpos,/novatel/oem7/odom,39.663,-75.756,33.181781801,0.001855911,-0.000201810,0.001838199,-0.000255795,-0.000201810,,novatel_oem7_msgs.msg.SolutionStatus(status=0),novatel_oem7_msgs.msg.PositionOrVelocityType(type=53)
1786043658913539160,1786043658.910141880,/novatel/oem7/bestvel,/novatel/oem7/bestpos,/novatel/oem7/bestvel,39.663,-75.756,33.181781801,0.001428798,0.000050083,,,,99.132552857,novatel_oem7_msgs.msg.SolutionStatus(status=0),novatel_oem7_msgs.msg.PositionOrVelocityType(type=53)
1786043658916369318,1786043658.915482349,/novatel/oem7/odom,/novatel/oem7/bestpos,/novatel/oem7/odom,39.663,-75.756,33.181781801,0.001855911,-0.000201810,0.001838199,-0.000255795,-0.000201810,,,
1786043658925942956,1786043658.925280485,/novatel/oem7/inspva,/novatel/oem7/inspva,/novatel/oem7/inspva,39.663,-75.756,-1.800703939,0.001403641,-0.000511407,0.001393065,0.000171981,-0.000511407,,novatel_oem7_msgs.msg.InertialSolutionStatus(status=3),
1786043658927591652,1786043658.925403305,/novatel/oem7/fix,/novatel/oem7/fix,/novatel/oem7/inspva,39.663,-75.756,-1.800703939,0.001403641,-0.000511407,0.001393065,0.000171981,-0.000511407,,0,
1786043658928714456,1786043658.926149241,/novatel/oem7/odom,/novatel/oem7/fix,/novatel/oem7/odom,39.663,-75.756,-1.800703939,0.001405237,-0.000507004,0.000238573,0.001384837,-0.000507004,,,
1786043658935895940,1786043658.934995111,/novatel/oem7/odom,/novatel/oem7/fix,/novatel/oem7/odom,39.663,-75.756,-1.800703939,0.001405237,-0.000507004,0.000238573,0.001384837,-0.000507004,,,
1786043658946753804,1786043658.946056290,/novatel/oem7/inspva,/novatel/oem7/inspva,/novatel/oem7/inspva,39.663,-75.756,-1.800702606,0.001839509,-0.001226187,0.001828364,0.000202191,-0.001226187,,novatel_oem7_msgs.msg.InertialSolutionStatus(status=3),
1786043658948365896,1786043658.946198413,/novatel/oem7/fix,/novatel/oem7/fix,/novatel/oem7/inspva,39.663,-75.756,-1.800702606,0.001839509,-0.001226187,0.001828364,0.000202191,-0.001226187,,0,
1786043658949569201,1786043658.946686218,/novatel/oem7/odom,/novatel/oem7/fix,/novatel/oem7/odom,39.663,-75.756,-1.800702606,0.001843285,-0.001220504,0.000291576,0.001820078,-0.001220504,,,
1786043658956711925,1786043658.956003142,/novatel/oem7/odom,/novatel/oem7/fix,/novatel/oem7/odom,39.663,-75.756,-1.800702606,0.001843285,-0.001220504,0.000291576,0.001820078,-0.001220504,,,
1786043658965940656,1786043658.965306978,/novatel/oem7/inspva,/novatel/oem7/inspva,/novatel/oem7/inspva,39.663,-75.756,-1.800712327,0.001395228,-0.002103303,-0.000233111,0.001375616,-0.002103303,,novatel_oem7_msgs.msg.InertialSolutionStatus(status=3),
1786043658967374560,1786043658.965512671,/novatel/oem7/fix,/novatel/oem7/fix,/novatel/oem7/inspva,39.663,-75.756,-1.800712327,0.001395228,-0.002103303,-0.000233111,0.001375616,-0.002103303,,0,
1786043658968529651,1786043658.966158548,/novatel/oem7/odom,/novatel/oem7/fix,/novatel/oem7/odom,39.663,-75.756,-1.800712327,0.001401569,-0.002099083,0.001370899,-0.000291599,-0.002099083,,,
1786043658976646731,1786043658.975594697,/novatel/oem7/odom,/novatel/oem7/fix,/novatel/oem7/odom,39.663,-75.756,-1.800712327,0.001401569,-0.002099083,0.001370899,-0.000291599,-0.002099083,,,
1786043658985842975,1786043658.985077250,/novatel/oem7/inspva,/novatel/oem7/inspva,/novatel/oem7/inspva,39.663,-75.756,-1.800693123,0.000726041,-0.000985730,-0.000222154,0.000691219,-0.000985730,,novatel_oem7_msgs.msg.InertialSolutionStatus(status=3),
1786043658987731607,1786043658.985224349,/novatel/oem7/fix,/novatel/oem7/fix,/novatel/oem7/inspva,39.663,-75.756,-1.800693123,0.000726041,-0.000985730,-0.000222154,0.000691219,-0.000985730,,0,
1786043658989134378,1786043658.985754547,/novatel/oem7/odom,/novatel/oem7/fix,/novatel/oem7/odom,39.663,-75.756,-1.800693123,0.000728547,-0.000983879,0.000683720,-0.000251612,-0.000983879,,,
1786043658995685642,1786043658.994607448,/novatel/oem7/odom,/novatel/oem7/fix,/novatel/oem7/odom,39.663,-75.756,-1.800693123,0.000728547,-0.000983879,0.000683720,-0.000251612,-0.000983879,,,
1786043659011390143,1786043659.010165722,/novatel/oem7/inspva,/novatel/oem7/inspva,/novatel/oem7/inspva,39.663,-75.756,-1.800692651,0.000890987,-0.000121283,0.000566334,0.000687840,-0.000121283,,novatel_oem7_msgs.msg.InertialSolutionStatus(status=3),
1786043659013613165,1786043659.010762448,/novatel/oem7/fix,/novatel/oem7/fix,/novatel/oem7/inspva,39.663,-75.756,-1.800692651,0.000890987,-0.000121283,0.000566334,0.000687840,-0.000121283,,0,
1786043659015094183,1786043659.012353912,/novatel/oem7/odom,/novatel/oem7/fix,/novatel/oem7/odom,39.663,-75.756,-1.800692651,0.000891520,-0.000117301,0.000713918,0.000533976,-0.000117301,,,
1786043659017066445,1786043659.016048219,/novatel/oem7/odom,/novatel/oem7/fix,/novatel/oem7/odom,39.663,-75.756,-1.800692651,0.000891520,-0.000117301,0.000713918,0.000533976,-0.000117301,,,
1786043659026581779,1786043659.025610725,/novatel/oem7/bestpos,/novatel/oem7/bestpos,/novatel/oem7/odom,39.663,-75.756,33.181773567,0.000891520,-0.000117301,0.000713918,0.000533976,-0.000117301,,novatel_oem7_msgs.msg.SolutionStatus(status=0),novatel_oem7_msgs.msg.PositionOrVelocityType(type=53)
1786043659028440104,1786043659.026374858,/novatel/oem7/bestvel,/novatel/oem7/bestpos,/novatel/oem7/bestvel,39.663,-75.756,33.181773567,0.001569080,-0.000546317,,,,66.142511975,novatel_oem7_msgs.msg.SolutionStatus(status=0),novatel_oem7_msgs.msg.PositionOrVelocityType(type=53)
1786043659029582042,1786043659.027216053,/novatel/oem7/inspva,/novatel/oem7/inspva,/novatel/oem7/inspva,39.663,-75.756,-1.800695476,0.001052032,-0.000628102,0.001022851,0.000246064,-0.000628102,,novatel_oem7_msgs.msg.InertialSolutionStatus(status=3),
1786043659031102704,1786043659.027898853,/novatel/oem7/fix,/novatel/oem7/fix,/novatel/oem7/inspva,39.663,-75.756,-1.800695476,0.001052032,-0.000628102,0.001022851,0.000246064,-0.000628102,,0,
1786043659032188177,1786043659.028749087,/novatel/oem7/odom,/novatel/oem7/fix,/novatel/oem7/odom,39.663,-75.756,-1.800695476,0.001054199,-0.000624458,0.000295742,0.001011866,-0.000624458,,,
1786043659036685189,1786043659.035778773,/novatel/oem7/odom,/novatel/oem7/fix,/novatel/oem7/odom,39.663,-75.756,-1.800695476,0.001054199,-0.000624458,0.000295742,0.001011866,-0.000624458,,,
1786043659046920249,1786043659.046001361,/novatel/oem7/inspva,/novatel/oem7/inspva,/novatel/oem7/inspva,39.663,-75.756,-1.800704077,0.000691427,-0.002190566,0.000595411,0.000351507,-0.002190566,,novatel_oem7_msgs.msg.InertialSolutionStatus(status=3),
1786043659048665676,1786043659.046398955,/novatel/oem7/fix,/novatel/oem7/fix,/novatel/oem7/inspva,39.663,-75.756,-1.800704077,0.000691427,-0.002190566,0.000595411,0.000351507,-0.002190566,,0,
1786043659049872391,1786043659.046968720,/novatel/oem7/odom,/novatel/oem7/fix,/novatel/oem7/odom,39.663,-75.756,-1.800704077,0.000700432,-0.002187703,0.000386798,0.000583946,-0.002187703,,,
1786043659057382985,1786043659.056690702,/novatel/oem7/odom,/novatel/oem7/fix,/novatel/oem7/odom,39.663,-75.756,-1.800704077,0.000700432,-0.002187703,0.000386798,0.000583946,-0.002187703,,,
1786043659067000140,1786043659.066321818,/novatel/oem7/inspva,/novatel/oem7/inspva,/novatel/oem7/inspva,39.663,-75.756,-1.800695688,0.000548555,-0.001587478,0.000136624,0.000531269,-0.001587478,,novatel_oem7_msgs.msg.InertialSolutionStatus(status=3),
1786043659068871162,1786043659.066544189,/novatel/oem7/fix,/novatel/oem7/fix,/novatel/oem7/inspva,39.663,-75.756,-1.800695688,0.000548555,-0.001587478,0.000136624,0.000531269,-0.001587478,,0,
1786043659070103254,1786043659.066928499,/novatel/oem7/odom,/novatel/oem7/fix,/novatel/oem7/odom,39.663,-75.756,-1.800695688,0.000555048,-0.001585219,0.000542846,0.000115742,-0.001585219,,,
1786043659076037193,1786043659.075042756,/novatel/oem7/odom,/novatel/oem7/fix,/novatel/oem7/odom,39.663,-75.756,-1.800695688,0.000555048,-0.001585219,0.000542846,0.000115742,-0.001585219,,,
1786043659086087862,1786043659.085376976,/novatel/oem7/inspva,/novatel/oem7/inspva,/novatel/oem7/inspva,39.663,-75.756,-1.800678669,0.000882283,0.000655490,-0.000122919,0.000873679,0.000655490,,novatel_oem7_msgs.msg.InertialSolutionStatus(status=3),
1786043659087911906,1786043659.085527779,/novatel/oem7/fix,/novatel/oem7/fix,/novatel/oem7/inspva,39.663,-75.756,-1.800678669,0.000882283,0.000655490,-0.000122919,0.000873679,0.000655490,,0,
1786043659089243159,1786043659.086338180,/novatel/oem7/odom,/novatel/oem7/fix,/novatel/oem7/odom,39.663,-75.756,-1.800678669,0.000880222,0.000658256,0.000864591,-0.000165144,0.000658256,,,
1786043659096272555,1786043659.095526364,/novatel/oem7/odom,/novatel/oem7/fix,/novatel/oem7/odom,39.663,-75.756,-1.800678669,0.000880222,0.000658256,0.000864591,-0.000165144,0.000658256,,,
1786043659106635617,1786043659.105874616,/novatel/oem7/inspva,/novatel/oem7/inspva,/novatel/oem7/inspva,39.663,-75.756,-1.800684175,0.001433353,0.000553750,0.000467630,0.001354925,0.000553750,,novatel_oem7_msgs.msg.InertialSolutionStatus(status=3),
1786043659108153625,1786043659.106079945,/novatel/oem7/fix,/novatel/oem7/fix,/novatel/oem7/inspva,39.663,-75.756,-1.800684175,0.001433353,0.000553750,0.000467630,0.001354925,0.000553750,,0,
1786043659109250033,1786043659.106590023,/novatel/oem7/odom,/novatel/oem7/fix,/novatel/oem7/odom,39.663,-75.756,-1.800684175,0.001430994,0.000559818,0.001373192,0.000402600,0.000559818,,,
1786043659110816655,1786043659.109532811,/novatel/oem7/bestpos,/novatel/oem7/bestpos,/novatel/oem7/odom,39.663,-75.756,33.181769405,0.001430994,0.000559818,0.001373192,0.000402600,0.000559818,,novatel_oem7_msgs.msg.SolutionStatus(status=0),novatel_oem7_msgs.msg.PositionOrVelocityType(type=53)
1786043659112219322,1786043659.110354199,/novatel/oem7/bestvel,/novatel/oem7/bestpos,/novatel/oem7/bestvel,39.663,-75.756,33.181769405,0.002435029,-0.000272729,,,,59.693064655,novatel_oem7_msgs.msg.SolutionStatus(status=0),novatel_oem7_msgs.msg.PositionOrVelocityType(type=53)
1786043659115180984,1786043659.114477377,/novatel/oem7/odom,/novatel/oem7/bestpos,/novatel/oem7/odom,39.663,-75.756,33.181769405,0.001430994,0.000559818,0.001373192,0.000402600,0.000559818,,,
1786043659127452442,1786043659.126840436,/novatel/oem7/inspva,/novatel/oem7/inspva,/novatel/oem7/inspva,39.663,-75.756,-1.800709168,0.000826885,-0.002798232,0.000812062,0.000155863,-0.002798232,,novatel_oem7_msgs.msg.InertialSolutionStatus(status=3),
1786043659128848802,1786043659.126956868,/novatel/oem7/fix,/novatel/oem7/fix,/novatel/oem7/inspva,39.663,-75.756,-1.800709168,0.000826885,-0.002798232,0.000812062,0.000155863,-0.002798232,,0,
1786043659130001100,1786043659.127764145,/novatel/oem7/odom,/novatel/oem7/fix,/novatel/oem7/odom,39.663,-75.756,-1.800709168,0.000836167,-0.002795472,0.000203745,0.000810964,-0.002795472,,,
1786043659136695213,1786043659.135676050,/novatel/oem7/odom,/novatel/oem7/fix,/novatel/oem7/odom,39.663,-75.756,-1.800709168,0.000836167,-0.002795472,0.000203745,0.000810964,-0.002795472,,,
1786043659145876676,1786043659.145070714,/novatel/oem7/inspva,/novatel/oem7/inspva,/novatel/oem7/inspva,39.663,-75.756,-1.800698076,0.000565643,-0.002059628,0.000498731,0.000266869,-0.002059628,,novatel_oem7_msgs.msg.InertialSolutionStatus(status=3),
1786043659147871843,1786043659.145229499,/novatel/oem7/fix,/novatel/oem7/fix,/novatel/oem7/inspva,39.663,-75.756,-1.800698076,0.000565643,-0.002059628,0.000498731,0.000266869,-0.002059628,,0,
1786043659149380978,1786043659.145947647,/novatel/oem7/odom,/novatel/oem7/fix,/novatel/oem7/odom,39.663,-75.756,-1.800698076,0.000573959,-0.002057326,0.000297311,0.000490953,-0.002057326,,,
1786043659156447094,1786043659.155733773,/novatel/oem7/odom,/novatel/oem7/fix,/novatel/oem7/odom,39.663,-75.756,-1.800698076,0.000573959,-0.002057326,0.000297311,0.000490953,-0.002057326,,,
1786043659166444742,1786043659.165570101,/novatel/oem7/inspva,/novatel/oem7/inspva,/novatel/oem7/inspva,39.663,-75.756,-1.800680729,0.002232796,0.000370454,-0.000439193,0.002189175,0.000370454,,novatel_oem7_msgs.msg.InertialSolutionStatus(status=3),
1786043659168543639,1786043659.165743490,/novatel/oem7/fix,/novatel/oem7/fix,/novatel/oem7/inspva,39.663,-75.756,-1.800680729,0.002232796,0.000370454,-0.000439193,0.002189175,0.000370454,,0,
1786043659169926107,1786043659.166533713,/novatel/oem7/odom,/novatel/oem7/fix,/novatel/oem7/odom,39.663,-75.756,-1.800680729,0.002231699,0.000377007,0.002164981,-0.000541609,0.000377007,,,
1786043659175688936,1786043659.174762750,/novatel/oem7/odom,/novatel/oem7/fix,/novatel/oem7/odom,39.663,-75.756,-1.800680729,0.002231699,0.000377007,0.002164981,-0.000541609,0.000377007,,,
1786043659185798729,1786043659.185056107,/novatel/oem7/inspva,/novatel/oem7/inspva,/novatel/oem7/inspva,39.663,-75.756,-1.800680245,0.001413927,0.000718333,-0.000119200,0.001408894,0.000718333,,novatel_oem7_msgs.msg.InertialSolutionStatus(status=3),
1786043659187668171,1786043659.185186974,/novatel/oem7/fix,/novatel/oem7/fix,/novatel/oem7/inspva,39.663,-75.756,-1.800680245,0.001413927,0.000718333,-0.000119200,0.001408894,0.000718333,,0,
1786043659189088821,1786043659.185801199,/novatel/oem7/odom,/novatel/oem7/fix,/novatel/oem7/odom,39.663,-75.756,-1.800680245,0.001411527,0.000723038,0.001399152,-0.000186497,0.000723038,,,
1786043659195698060,1786043659.194859582,/novatel/oem7/odom,/novatel/oem7/fix,/novatel/oem7/odom,39.663,-75.756,-1.800680245,0.001411527,0.000723038,0.001399152,-0.000186497,0.000723038,,,
1786043659207595850,1786043659.206399269,/novatel/oem7/inspva,/novatel/oem7/inspva,/novatel/oem7/inspva,39.663,-75.756,-1.800707643,0.001275778,-0.002547871,0.001241335,0.000294444,-0.002547871,,novatel_oem7_msgs.msg.InertialSolutionStatus(status=3),
1786043659209626170,1786043659.206630814,/novatel/oem7/fix,/novatel/oem7/fix,/novatel/oem7/inspva,39.663,-75.756,-1.800707643,0.001275778,-0.002547871,0.001241335,0.000294444,-0.002547871,,0,
1786043659211272497,1786043659.207334875,/novatel/oem7/odom,/novatel/oem7/fix,/novatel/oem7/odom,39.663,-75.756,-1.800707643,0.001284528,-0.002543472,0.000361276,0.001232677,-0.002543472,,,
1786043659213283583,1786043659.210393135,/novatel/oem7/bestpos,/novatel/oem7/bestpos,/novatel/oem7/odom,39.663,-75.756,33.181757058,0.001284528,-0.002543472,0.000361276,0.001232677,-0.002543472,,novatel_oem7_msgs.msg.SolutionStatus(status=0),novatel_oem7_msgs.msg.PositionOrVelocityType(type=53)
1786043659214584739,1786043659.210773166,/novatel/oem7/bestvel,/novatel/oem7/bestpos,/novatel/oem7/bestvel,39.663,-75.756,33.181757058,0.000879204,-0.002292184,,,,16.131025505,novatel_oem7_msgs.msg.SolutionStatus(status=0),novatel_oem7_msgs.msg.PositionOrVelocityType(type=53)
1786043659216722120,1786043659.215227019,/novatel/oem7/odom,/novatel/oem7/bestpos,/novatel/oem7/odom,39.663,-75.756,33.181757058,0.001284528,-0.002543472,0.000361276,0.001232677,-0.002543472,,,
1786043659226562650,1786043659.226004687,/novatel/oem7/inspva,/novatel/oem7/inspva,/novatel/oem7/inspva,39.663,-75.756,-1.800693739,0.000655620,-0.001663308,0.000375472,0.000537455,-0.001663308,,novatel_oem7_msgs.msg.InertialSolutionStatus(status=3),
1786043659227974704,1786043659.226095254,/novatel/oem7/fix,/novatel/oem7/fix,/novatel/oem7/inspva,39.663,-75.756,-1.800693739,0.000655620,-0.001663308,0.000375472,0.000537455,-0.001663308,,0,
1786043659229084862,1786043659.226507217,/novatel/oem7/odom,/novatel/oem7/fix,/novatel/oem7/odom,39.663,-75.756,-1.800693739,0.000662982,-0.001660387,0.000560429,0.000354209,-0.001660387,,,
1786043659235918372,1786043659.234709458,/novatel/oem7/odom,/novatel/oem7/fix,/novatel/oem7/odom,39.663,-75.756,-1.800693739,0.000662982,-0.001660387,0.000560429,0.000354209,-0.001660387,,,
1786043659245824994,1786043659.245169073,/novatel/oem7/inspva,/novatel/oem7/inspva,/novatel/oem7/inspva,39.663,-75.756,-1.800678782,0.002369496,0.000126676,-0.001127656,0.002083964,0.000126676,,novatel_oem7_msgs.msg.InertialSolutionStatus(status=3),
1786043659247242674,1786043659.245358379,/novatel/oem7/fix,/novatel/oem7/fix,/novatel/oem7/inspva,39.663,-75.756,-1.800678782,0.002369496,0.000126676,-0.001127656,0.002083964,0.000126676,,0,
1786043659248357478,1786043659.245894367,/novatel/oem7/odom,/novatel/oem7/fix,/novatel/oem7/odom,39.663,-75.756,-1.800678782,0.002369258,0.000131046,0.002028726,-0.001223788,0.000131046,,,
1786043659257103271,1786043659.256393763,/novatel/oem7/odom,/novatel/oem7/fix,/novatel/oem7/odom,39.663,-75.756,-1.800678782,0.002369258,0.000131046,0.002028726,-0.001223788,0.000131046,,,
1786043659265824447,1786043659.264980688,/novatel/oem7/inspva,/novatel/oem7/inspva,/novatel/oem7/inspva,39.663,-75.756,-1.800673265,0.002492471,0.000111625,-0.001007230,0.002279890,0.000111625,,novatel_oem7_msgs.msg.InertialSolutionStatus(status=3),
1786043659267731512,1786043659.265125508,/novatel/oem7/fix,/novatel/oem7/fix,/novatel/oem7/inspva,39.663,-75.756,-1.800673265,0.002492471,0.000111625,-0.001007230,0.002279890,0.000111625,,0,
1786043659268891011,1786043659.265533724,/novatel/oem7/odom,/novatel/oem7/fix,/novatel/oem7/odom,39.663,-75.756,-1.800673265,0.002492226,0.000116966,0.002230101,-0.001112582,0.000116966,,,
1786043659275209196,1786043659.274437120,/novatel/oem7/odom,/novatel/oem7/fix,/novatel/oem7/odom,39.663,-75.756,-1.800673265,0.002492226,0.000116966,0.002230101,-0.001112582,0.000116966,,,
1786043659287318802,1786043659.286517437,/novatel/oem7/inspva,/novatel/oem7/inspva,/novatel/oem7/inspva,39.663,-75.756,-1.800676011,0.001229102,-0.000385500,0.001228849,0.000024918,-0.000385500,,novatel_oem7_msgs.msg.InertialSolutionStatus(status=3),
1786043659289208197,1786043659.286798800,/novatel/oem7/fix,/novatel/oem7/fix,/novatel/oem7/inspva,39.663,-75.756,-1.800676011,0.001229102,-0.000385500,0.001228849,0.000024918,-0.000385500,,0,
1786043659290621101,1786043659.287447906,/novatel/oem7/odom,/novatel/oem7/fix,/novatel/oem7/odom,39.663,-75.756,-1.800676011,0.001230163,-0.000382099,0.000083509,0.001227326,-0.000382099,,,
1786043659296160115,1786043659.295242270,/novatel/oem7/odom,/novatel/oem7/fix,/novatel/oem7/odom,39.663,-75.756,-1.800676011,0.001230163,-0.000382099,0.000083509,0.001227326,-0.000382099,,,
1786043659306984909,1786043659.305921689,/novatel/oem7/inspva,/novatel/oem7/inspva,/novatel/oem7/inspva,39.663,-75.756,-1.800676608,0.000710882,-0.001170180,0.000640589,0.000308221,-0.001170180,,novatel_oem7_msgs.msg.InertialSolutionStatus(status=3),
1786043659309006758,1786043659.306147390,/novatel/oem7/fix,/novatel/oem7/fix,/novatel/oem7/inspva,39.663,-75.756,-1.800676608,0.000710882,-0.001170180,0.000640589,0.000308221,-0.001170180,,0,
1786043659310559311,1786043659.306901725,/novatel/oem7/odom,/novatel/oem7/fix,/novatel/oem7/odom,39.663,-75.756,-1.800676608,0.000715526,-0.001167347,0.000341970,0.000628516,-0.001167347,,,
1786043659312553836,1786043659.309348925,/novatel/oem7/bestpos,/novatel/oem7/bestpos,/novatel/oem7/odom,39.663,-75.756,33.181787645,0.000715526,-0.001167347,0.000341970,0.000628516,-0.001167347,,novatel_oem7_msgs.msg.SolutionStatus(status=0),novatel_oem7_msgs.msg.PositionOrVelocityType(type=53)
1786043659313762285,1786043659.310007708,/novatel/oem7/bestvel,/novatel/oem7/bestpos,/novatel/oem7/bestvel,39.663,-75.756,33.181787645,0.000695941,-0.000929841,,,,344.153922669,novatel_oem7_msgs.msg.SolutionStatus(status=0),novatel_oem7_msgs.msg.PositionOrVelocityType(type=53)
1786043659315698701,1786043659.314631751,/novatel/oem7/odom,/novatel/oem7/bestpos,/novatel/oem7/odom,39.663,-75.756,33.181787645,0.000715526,-0.001167347,0.000341970,0.000628516,-0.001167347,,,
1786043659326038679,1786043659.325407893,/novatel/oem7/inspva,/novatel/oem7/inspva,/novatel/oem7/inspva,39.663,-75.756,-1.800660859,0.002230875,-0.000273807,-0.001095662,0.001943277,-0.000273807,,novatel_oem7_msgs.msg.InertialSolutionStatus(status=3),
1786043659327529054,1786043659.325631852,/novatel/oem7/fix,/novatel/oem7/fix,/novatel/oem7/inspva,39.663,-75.756,-1.800660859,0.002230875,-0.000273807,-0.001095662,0.001943277,-0.000273807,,0,
1786043659328698295,1786043659.326201808,/novatel/oem7/odom,/novatel/oem7/fix,/novatel/oem7/odom,39.663,-75.756,-1.800660859,0.002231352,-0.000269889,0.001891154,-0.001184259,-0.000269889,,,
1786043659336149115,1786043659.335254194,/novatel/oem7/odom,/novatel/oem7/fix,/novatel/oem7/odom,39.663,-75.756,-1.800660859,0.002231352,-0.000269889,0.001891154,-0.001184259,-0.000269889,,,
1786043659346679542,1786043659.346034411,/novatel/oem7/inspva,/novatel/oem7/inspva,/novatel/oem7/inspva,39.663,-75.756,-1.800651125,0.001834770,0.000057161,-0.000740861,0.001678542,0.000057161,,novatel_oem7_msgs.msg.InertialSolutionStatus(status=3),
1786043659348129153,1786043659.346178144,/novatel/oem7/fix,/novatel/oem7/fix,/novatel/oem7/inspva,39.663,-75.756,-1.800651125,0.001834770,0.000057161,-0.000740861,0.001678542,0.000057161,,0,
1786043659349268138,1786043659.346633816,/novatel/oem7/odom,/novatel/oem7/fix,/novatel/oem7/odom,39.663,-75.756,-1.800651125,0.001834641,0.000061159,0.001642021,-0.000818336,0.000061159,,,
1786043659356531983,1786043659.355770992,/novatel/oem7/odom,/novatel/oem7/fix,/novatel/oem7/odom,39.663,-75.756,-1.800651125,0.001834641,0.000061159,0.001642021,-0.000818336,0.000061159,,,
1786043659366478837,1786043659.365377876,/novatel/oem7/inspva,/novatel/oem7/inspva,/novatel/oem7/inspva,39.663,-75.756,-1.800655485,0.001105885,-0.000280405,0.000626807,0.000911095,-0.000280405,,novatel_oem7_msgs.msg.InertialSolutionStatus(status=3),
1786043659368012602,1786043659.365735807,/novatel/oem7/fix,/novatel/oem7/fix,/novatel/oem7/inspva,39.663,-75.756,-1.800655485,0.001105885,-0.000280405,0.000626807,0.000911095,-0.000280405,,0,
1786043659369673879,1786043659.366143134,/novatel/oem7/odom,/novatel/oem7/fix,/novatel/oem7/odom,39.663,-75.756,-1.800655485,0.001107131,-0.000275443,0.000940303,0.000584441,-0.000275443,,,
1786043659376687948,1786043659.375729725,/novatel/oem7/odom,/novatel/oem7/fix,/novatel/oem7/odom,39.663,-75.756,-1.800655485,0.001107131,-0.000275443,0.000940303,0.000584441,-0.000275443,,,
1786043659385864038,1786043659.385093504,/novatel/oem7/inspva,/novatel/oem7/inspva,/novatel/oem7/inspva,39.663,-75.756,-1.800660270,0.001277772,-0.000596877,0.000498726,0.001176424,-0.000596877,,novatel_oem7_msgs.msg.InertialSolutionStatus(status=3),
1786043659387774553,1786043659.385354497,/novatel/oem7/fix,/novatel/oem7/fix,/novatel/oem7/inspva,39.663,-75.756,-1.800660270,0.001277772,-0.000596877,0.000498726,0.001176424,-0.000596877,,0,
1786043659389174301,1786043659.385973139,/novatel/oem7/odom,/novatel/oem7/fix,/novatel/oem7/odom,39.663,-75.756,-1.800660270,0.001280356,-0.000591315,0.001200557,0.000444942,-0.000591315,,,
1786043659396310754,1786043659.394733216,/novatel/oem7/odom,/novatel/oem7/fix,/novatel/oem7/odom,39.663,-75.756,-1.800660270,0.001280356,-0.000591315,0.001200557,0.000444942,-0.000591315,,,
1786043659407246668,1786043659.406537151,/novatel/oem7/inspva,/novatel/oem7/inspva,/novatel/oem7/inspva,39.663,-75.756,-1.800664433,0.001400349,-0.001698963,-0.000998657,0.000981663,-0.001698963,,novatel_oem7_msgs.msg.InertialSolutionStatus(status=3),
1786043659408799924,1786043659.406773144,/novatel/oem7/fix,/novatel/oem7/fix,/novatel/oem7/inspva,39.663,-75.756,-1.800664433,0.001400349,-0.001698963,-0.000998657,0.000981663,-0.001698963,,0,
1786043659409864704,1786043659.407517575,/novatel/oem7/odom,/novatel/oem7/fix,/novatel/oem7/odom,39.663,-75.756,-1.800664433,0.001401279,-0.001698196,0.000940309,-0.001038943,-0.001698196,,,
1786043659411379979,1786043659.410132960,/novatel/oem7/bestpos,/novatel/oem7/bestpos,/novatel/oem7/odom,39.663,-75.756,33.181800591,0.001401279,-0.001698196,0.000940309,-0.001038943,-0.001698196,,novatel_oem7_msgs.msg.SolutionStatus(status=0),novatel_oem7_msgs.msg.PositionOrVelocityType(type=53)
1786043659412341588,1786043659.410600598,/novatel/oem7/bestvel,/novatel/oem7/bestpos,/novatel/oem7/bestvel,39.663,-75.756,33.181800591,0.001243264,-0.000889214,,,,197.786415768,novatel_oem7_msgs.msg.SolutionStatus(status=0),novatel_oem7_msgs.msg.PositionOrVelocityType(type=53)
1786043659415987761,1786043659.415171523,/novatel/oem7/odom,/novatel/oem7/bestpos,/novatel/oem7/odom,39.663,-75.756,33.181800591,0.001401279,-0.001698196,0.000940309,-0.001038943,-0.001698196,,,
1786043659425774111,1786043659.425040120,/novatel/oem7/inspva,/novatel/oem7/inspva,/novatel/oem7/inspva,39.663,-75.756,-1.800653435,0.001591194,-0.000851290,-0.000738845,0.001409257,-0.000851290,,novatel_oem7_msgs.msg.InertialSolutionStatus(status=3),
1786043659427702700,1786043659.425256609,/novatel/oem7/fix,/novatel/oem7/fix,/novatel/oem7/inspva,39.663,-75.756,-1.800653435,0.001591194,-0.000851290,-0.000738845,0.001409257,-0.000851290,,0,
1786043659429450687,1786043659.425846658,/novatel/oem7/odom,/novatel/oem7/fix,/novatel/oem7/odom,39.663,-75.756,-1.800653435,0.001592802,-0.000848277,0.001376468,-0.000801471,-0.000848277,,,
1786043659437040798,1786043659.435944585,/novatel/oem7/odom,/novatel/oem7/fix,/novatel/oem7/odom,39.663,-75.756,-1.800653435,0.001592802,-0.000848277,0.001376468,-0.000801471,-0.000848277,,,
1786043659446079627,1786043659.445304053,/novatel/oem7/inspva,/novatel/oem7/inspva,/novatel/oem7/inspva,39.663,-75.756,-1.800653858,0.001217786,0.000069147,0.000829824,0.000891289,0.000069147,,novatel_oem7_msgs.msg.InertialSolutionStatus(status=3),
1786043659447865678,1786043659.445599016,/novatel/oem7/fix,/novatel/oem7/fix,/novatel/oem7/inspva,39.663,-75.756,-1.800653858,0.001217786,0.000069147,0.000829824,0.000891289,0.000069147,,0,
1786043659449185505,1786043659.446707210,/novatel/oem7/odom,/novatel/oem7/fix,/novatel/oem7/odom,39.663,-75.756,-1.800653858,0.001217465,0.000074592,0.000928673,0.000787266,0.000074592,,,
1786043659457495537,1786043659.456458422,/novatel/oem7/odom,/novatel/oem7/fix,/novatel/oem7/odom,39.663,-75.756,-1.800653858,0.001217465,0.000074592,0.000928673,0.000787266,0.000074592,,,
1786043659467006496,1786043659.466081384,/novatel/oem7/inspva,/novatel/oem7/inspva,/novatel/oem7/inspva,39.663,-75.756,-1.800656205,0.001866156,0.000161701,0.000861946,0.001655170,0.000161701,,novatel_oem7_msgs.msg.InertialSolutionStatus(status=3),
1786043659468630319,1786043659.466334200,/novatel/oem7/fix,/novatel/oem7/fix,/novatel/oem7/inspva,39.663,-75.756,-1.800656205,0.001866156,0.000161701,0.000861946,0.001655170,0.000161701,,0,
1786043659469750490,1786043659.466694640,/novatel/oem7/odom,/novatel/oem7/fix,/novatel/oem7/odom,39.663,-75.756,-1.800656205,0.001865424,0.000169932,0.001692888,0.000783543,0.000169932,,,
1786043659475144876,1786043659.474451673,/novatel/oem7/odom,/novatel/oem7/fix,/novatel/oem7/odom,39.663,-75.756,-1.800656205,0.001865424,0.000169932,0.001692888,0.000783543,0.000169932,,,
1786043659485904299,1786043659.485300053,/novatel/oem7/inspva,/novatel/oem7/inspva,/novatel/oem7/inspva,39.663,-75.756,-1.800666378,0.001348702,-0.001790272,-0.000263410,0.001322729,-0.001790272,,novatel_oem7_msgs.msg.InertialSolutionStatus(status=3),
1786043659487314030,1786043659.485498542,/novatel/oem7/fix,/novatel/oem7/fix,/novatel/oem7/inspva,39.663,-75.756,-1.800666378,0.001348702,-0.001790272,-0.000263410,0.001322729,-0.001790272,,0,
1786043659488386440,1786043659.486159879,/novatel/oem7/odom,/novatel/oem7/fix,/novatel/oem7/odom,39.663,-75.756,-1.800666378,0.001354003,-0.001786266,0.001315607,-0.000320162,-0.001786266,,,
1786043659496468833,1786043659.495521604,/novatel/oem7/odom,/novatel/oem7/fix,/novatel/oem7/odom,39.663,-75.756,-1.800666378,0.001354003,-0.001786266,0.001315607,-0.000320162,-0.001786266,,,
1786043659506697227,1786043659.506078698,/novatel/oem7/inspva,/novatel/oem7/inspva,/novatel/oem7/inspva,39.663,-75.756,-1.800653711,0.000827074,-0.001489852,-0.000552129,0.000615797,-0.001489852,,novatel_oem7_msgs.msg.InertialSolutionStatus(status=3),
1786043659508052180,1786043659.506223205,/novatel/oem7/fix,/novatel/oem7/fix,/novatel/oem7/inspva,39.663,-75.756,-1.800653711,0.000827074,-0.001489852,-0.000552129,0.000615797,-0.001489852,,0,
1786043659509099394,1786043659.506538768,/novatel/oem7/odom,/novatel/oem7/fix,/novatel/oem7/odom,39.663,-75.756,-1.800653711,0.000828341,-0.001489148,0.000594880,-0.000576425,-0.001489148,,,
1786043659511931722,1786043659.511261232,/novatel/oem7/bestpos,/novatel/oem7/bestpos,/novatel/oem7/odom,39.663,-75.756,33.181812992,0.000828341,-0.001489148,0.000594880,-0.000576425,-0.001489148,,novatel_oem7_msgs.msg.SolutionStatus(status=0),novatel_oem7_msgs.msg.PositionOrVelocityType(type=53)
1786043659513340166,1786043659.511614914,/novatel/oem7/bestvel,/novatel/oem7/bestpos,/novatel/oem7/bestvel,39.663,-75.756,33.181812992,0.001624410,-0.000245288,,,,213.310439018,novatel_oem7_msgs.msg.SolutionStatus(status=0),novatel_oem7_msgs.msg.PositionOrVelocityType(type=53)
1786043659515389513,1786043659.514465673,/novatel/oem7/odom,/novatel/oem7/bestpos,/novatel/oem7/odom,39.663,-75.756,33.181812992,0.000828341,-0.001489148,0.000594880,-0.000576425,-0.001489148,,,
1786043659527045037,1786043659.526484588,/novatel/oem7/inspva,/novatel/oem7/inspva,/novatel/oem7/inspva,39.663,-75.756,-1.800632038,0.002344948,0.001519327,0.000353781,0.002318107,0.001519327,,novatel_oem7_msgs.msg.InertialSolutionStatus(status=3),
1786043659528797921,1786043659.526565177,/novatel/oem7/fix,/novatel/oem7/fix,/novatel/oem7/inspva,39.663,-75.756,-1.800632038,0.002344948,0.001519327,0.000353781,0.002318107,0.001519327,,0,
1786043659529830298,1786043659.526995811,/novatel/oem7/odom,/novatel/oem7/fix,/novatel/oem7/odom,39.663,-75.756,-1.800632038,0.002338967,0.001528520,0.002326460,0.000241559,0.001528520,,,
1786043659535621442,1786043659.534905775,/novatel/oem7/odom,/novatel/oem7/fix,/novatel/oem7/odom,39.663,-75.756,-1.800632038,0.002338967,0.001528520,0.002326460,0.000241559,0.001528520,,,
1786043659545563673,1786043659.545004969,/novatel/oem7/inspva,/novatel/oem7/inspva,/novatel/oem7/inspva,39.663,-75.756,-1.800635195,0.001552613,0.000187687,0.000231121,0.001535314,0.000187687,,novatel_oem7_msgs.msg.InertialSolutionStatus(status=3),
1786043659546913030,1786043659.545088090,/novatel/oem7/fix,/novatel/oem7/fix,/novatel/oem7/inspva,39.663,-75.756,-1.800635195,0.001552613,0.000187687,0.000231121,0.001535314,0.000187687,,0,
1786043659547954343,1786043659.545404708,/novatel/oem7/odom,/novatel/oem7/fix,/novatel/oem7/odom,39.663,-75.756,-1.800635195,0.001551856,0.000193848,0.001543698,0.000158907,0.000193848,,,
1786043659556606588,1786043659.555908048,/novatel/oem7/odom,/novatel/oem7/fix,/novatel/oem7/odom,39.663,-75.756,-1.800635195,0.001551856,0.000193848,0.001543698,0.000158907,0.000193848,,,
1786043659565851566,1786043659.565327399,/novatel/oem7/inspva,/novatel/oem7/inspva,/novatel/oem7/inspva,39.663,-75.756,-1.800650885,0.001111836,-0.002252761,0.000764522,0.000807271,-0.002252761,,novatel_oem7_msgs.msg.InertialSolutionStatus(status=3),
1786043659567239480,1786043659.565412248,/novatel/oem7/fix,/novatel/oem7/fix,/novatel/oem7/inspva,39.663,-75.756,-1.800650885,0.001111836,-0.002252761,0.000764522,0.000807271,-0.002252761,,0,
1786043659568282573,1786043659.565988612,/novatel/oem7/odom,/novatel/oem7/fix,/novatel/oem7/odom,39.663,-75.756,-1.800650885,0.001121773,-0.002247829,0.000850197,0.000731806,-0.002247829,,,
1786043659575824301,1786043659.575120000,/novatel/oem7/odom,/novatel/oem7/fix,/novatel/oem7/odom,39.663,-75.756,-1.800650885,0.001121773,-0.002247829,0.000850197,0.000731806,-0.002247829,,,
1786043659586734731,1786043659.586175434,/novatel/oem7/inspva,/novatel/oem7/inspva,/novatel/oem7/inspva,39.663,-75.756,-1.800646052,0.001650271,-0.001442552,-0.000362123,0.001610050,-0.001442552,,novatel_oem7_msgs.msg.InertialSolutionStatus(status=3),
1786043659588122058,1786043659.586254681,/novatel/oem7/fix,/novatel/oem7/fix,/novatel/oem7/inspva,39.663,-75.756,-1.800646052,0.001650271,-0.001442552,-0.000362123,0.001610050,-0.001442552,,0,
1786043659589314044,1786043659.586843389,/novatel/oem7/odom,/novatel/oem7/fix,/novatel/oem7/odom,39.663,-75.756,-1.800646052,0.001654379,-0.001437839,0.001596706,-0.000433013,-0.001437839,,,
1786043659595128567,1786043659.594465274,/novatel/oem7/odom,/novatel/oem7/fix,/novatel/oem7/odom,39.663,-75.756,-1.800646052,0.001654379,-0.001437839,0.001596706,-0.000433013,-0.001437839,,,
1786043659607109092,1786043659.606570244,/novatel/oem7/inspva,/novatel/oem7/inspva,/novatel/oem7/inspva,39.663,-75.756,-1.800625178,0.003139838,0.001132036,-0.000544889,0.003092197,0.001132036,,novatel_oem7_msgs.msg.InertialSolutionStatus(status=3),
1786043659608487089,1786043659.606734075,/novatel/oem7/fix,/novatel/oem7/fix,/novatel/oem7/inspva,39.663,-75.756,-1.800625178,0.003139838,0.001132036,-0.000544889,0.003092197,0.001132036,,0,
1786043659609514619,1786043659.607190750,/novatel/oem7/odom,/novatel/oem7/fix,/novatel/oem7/odom,39.663,-75.756,-1.800625178,0.003136395,0.001141540,0.003059283,-0.000691206,0.001141540,,,
1786043659610966570,1786043659.610243713,/novatel/oem7/bestpos,/novatel/oem7/bestpos,/novatel/oem7/odom,39.663,-75.756,33.181811663,0.003136395,0.001141540,0.003059283,-0.000691206,0.001141540,,novatel_oem7_msgs.msg.SolutionStatus(status=0),novatel_oem7_msgs.msg.PositionOrVelocityType(type=53)
1786043659612326460,1786043659.610580479,/novatel/oem7/bestvel,/novatel/oem7/bestpos,/novatel/oem7/bestvel,39.663,-75.756,33.181811663,0.003579149,0.000189020,,,,78.504949273,novatel_oem7_msgs.msg.SolutionStatus(status=0),novatel_oem7_msgs.msg.PositionOrVelocityType(type=53)
1786043659616368133,1786043659.615638519,/novatel/oem7/odom,/novatel/oem7/bestpos,/novatel/oem7/odom,39.663,-75.756,33.181811663,0.003136395,0.001141540,0.003059283,-0.000691206,0.001141540,,,
1786043659625564664,1786043659.624996544,/novatel/oem7/inspva,/novatel/oem7/inspva,/novatel/oem7/inspva,39.663,-75.756,-1.800625718,0.001994162,0.000920629,-0.000350652,0.001963091,0.000920629,,novatel_oem7_msgs.msg.InertialSolutionStatus(status=3),
1786043659626968597,1786043659.625070129,/novatel/oem7/fix,/novatel/oem7/fix,/novatel/oem7/inspva,39.663,-75.756,-1.800625718,0.001994162,0.000920629,-0.000350652,0.001963091,0.000920629,,0,
1786043659627991668,1786043659.625584912,/novatel/oem7/odom,/novatel/oem7/fix,/novatel/oem7/odom,39.663,-75.756,-1.800625718,0.001991369,0.000926656,0.001941236,-0.000444018,0.000926656,,,
1786043659635277442,1786043659.634607819,/novatel/oem7/odom,/novatel/oem7/fix,/novatel/oem7/odom,39.663,-75.756,-1.800625718,0.001991369,0.000926656,0.001941236,-0.000444018,0.000926656,,,
1786043659647042132,1786043659.646535682,/novatel/oem7/inspva,/novatel/oem7/inspva,/novatel/oem7/inspva,39.663,-75.756,-1.800648296,0.001652899,-0.002433762,0.001016903,0.001303067,-0.002433762,,novatel_oem7_msgs.msg.InertialSolutionStatus(status=3),
1786043659648403118,1786043659.646618476,/novatel/oem7/fix,/novatel/oem7/fix,/novatel/oem7/inspva,39.663,-75.756,-1.800648296,0.001652899,-0.002433762,0.001016903,0.001303067,-0.002433762,,0,
1786043659649448199,1786043659.647024768,/novatel/oem7/odom,/novatel/oem7/fix,/novatel/oem7/odom,39.663,-75.756,-1.800648296,0.001663649,-0.002426426,0.001357821,0.000961274,-0.002426426,,,
1786043659657898032,1786043659.657038631,/novatel/oem7/odom,/novatel/oem7/fix,/novatel/oem7/odom,39.663,-75.756,-1.800648296,0.001663649,-0.002426426,0.001357821,0.000961274,-0.002426426,,,
1786043659665554684,1786043659.665031249,/novatel/oem7/inspva,/novatel/oem7/inspva,/novatel/oem7/inspva,39.663,-75.756,-1.800636509,0.001740195,-0.001091356,-0.000189024,0.001729898,-0.001091356,,novatel_oem7_msgs.msg.InertialSolutionStatus(status=3),
1786043659666857790,1786043659.665120649,/novatel/oem7/fix,/novatel/oem7/fix,/novatel/oem7/inspva,39.663,-75.756,-1.800636509,0.001740195,-0.001091356,-0.000189024,0.001729898,-0.001091356,,0,
1786043659667886810,1786043659.665641045,/novatel/oem7/odom,/novatel/oem7/fix,/novatel/oem7/odom,39.663,-75.756,-1.800636509,0.001743677,-0.001085783,0.001723180,-0.000266574,-0.001085783,,,
1786043659676089488,1786043659.675449311,/novatel/oem7/odom,/novatel/oem7/fix,/novatel/oem7/odom,39.663,-75.756,-1.800636509,0.001743677,-0.001085783,0.001723180,-0.000266574,-0.001085783,,,
1786043659685723106,1786043659.685207427,/novatel/oem7/inspva,/novatel/oem7/inspva,/novatel/oem7/inspva,39.663,-75.756,-1.800611794,0.004304124,0.001047673,-0.001322499,0.004095910,0.001047673,,novatel_oem7_msgs.msg.InertialSolutionStatus(status=3),
1786043659687012581,1786043659.685380959,/novatel/oem7/fix,/novatel/oem7/fix,/novatel/oem7/inspva,39.663,-75.756,-1.800611794,0.004304124,0.001047673,-0.001322499,0.004095910,0.001047673,,0,
1786043659688044835,1786043659.686072752,/novatel/oem7/odom,/novatel/oem7/fix,/novatel/oem7/odom,39.663,-75.756,-1.800611794,0.004301480,0.001058474,0.004026044,-0.001514498,0.001058474,,,
1786043659695532685,1786043659.694882876,/novatel/oem7/odom,/novatel/oem7/fix,/novatel/oem7/odom,39.663,-75.756,-1.800611794,0.004301480,0.001058474,0.004026044,-0.001514498,0.001058474,,,
1786043659706480107,1786043659.705993626,/novatel/oem7/inspva,/novatel/oem7/inspva,/novatel/oem7/inspva,39.663,-75.756,-1.800598152,0.002318333,0.001178015,-0.000739891,0.002197095,0.001178015,,novatel_oem7_msgs.msg.InertialSolutionStatus(status=3),
1786043659707759619,1786043659.706079508,/novatel/oem7/fix,/novatel/oem7/fix,/novatel/oem7/inspva,39.663,-75.756,-1.800598152,0.002318333,0.001178015,-0.000739891,0.002197095,0.001178015,,0,
1786043659708775139,1786043659.706613548,/novatel/oem7/odom,/novatel/oem7/fix,/novatel/oem7/odom,39.663,-75.756,-1.800598152,0.002315355,0.001183857,0.002155903,-0.000844364,0.001183857,,,
1786043659710176596,1786043659.709246045,/novatel/oem7/bestpos,/novatel/oem7/bestpos,/novatel/oem7/odom,39.663,-75.756,33.181851240,0.002315355,0.001183857,0.002155903,-0.000844364,0.001183857,,novatel_oem7_msgs.msg.SolutionStatus(status=0),novatel_oem7_msgs.msg.PositionOrVelocityType(type=53)
1786043659711572840,1786043659.709968476,/novatel/oem7/bestvel,/novatel/oem7/bestpos,/novatel/oem7/bestvel,39.663,-75.756,33.181851240,0.003475737,0.000845874,,,,109.069352342,novatel_oem7_msgs.msg.SolutionStatus(status=0),novatel_oem7_msgs.msg.PositionOrVelocityType(type=53)
1786043659715395884,1786043659.714734481,/novatel/oem7/odom,/novatel/oem7/bestpos,/novatel/oem7/odom,39.663,-75.756,33.181851240,0.002315355,0.001183857,0.002155903,-0.000844364,0.001183857,,,
1786043659725786623,1786043659.725250865,/novatel/oem7/inspva,/novatel/oem7/inspva,/novatel/oem7/inspva,39.663,-75.756,-1.800614313,0.001684412,-0.001260065,0.001253618,0.001125027,-0.001260065,,novatel_oem7_msgs.msg.InertialSolutionStatus(status=3),
1786043659727085850,1786043659.725376849,/novatel/oem7/fix,/novatel/oem7/fix,/novatel/oem7/inspva,39.663,-75.756,-1.800614313,0.001684412,-0.001260065,0.001253618,0.001125027,-0.001260065,,0,
1786043659728122613,1786043659.725707642,/novatel/oem7/odom,/novatel/oem7/fix,/novatel/oem7/odom,39.663,-75.756,-1.800614313,0.001689903,-0.001252691,0.001186744,0.001203084,-0.001252691,,,
1786043659736124448,1786043659.735510496,/novatel/oem7/odom,/novatel/oem7/fix,/novatel/oem7/odom,39.663,-75.756,-1.800614313,0.001689903,-0.001252691,0.001186744,0.001203084,-0.001252691,,,
1786043659745557087,1786043659.745031896,/novatel/oem7/inspva,/novatel/oem7/inspva,/novatel/oem7/inspva,39.663,-75.756,-1.800609695,0.002424124,-0.001574246,-0.000047791,0.002423653,-0.001574246,,novatel_oem7_msgs.msg.InertialSolutionStatus(status=3),
1786043659746866340,1786043659.745186744,/novatel/oem7/fix,/novatel/oem7/fix,/novatel/oem7/inspva,39.663,-75.756,-1.800609695,0.002424124,-0.001574246,-0.000047791,0.002423653,-0.001574246,,0,
1786043659747924848,1786043659.745598918,/novatel/oem7/odom,/novatel/oem7/fix,/novatel/oem7/odom,39.663,-75.756,-1.800609695,0.002429625,-0.001565743,0.002424575,-0.000156578,-0.001565743,,,
1786043659756397758,1786043659.755726864,/novatel/oem7/odom,/novatel/oem7/fix,/novatel/oem7/odom,39.663,-75.756,-1.800609695,0.002429625,-0.001565743,0.002424575,-0.000156578,-0.001565743,,,
1786043659767054249,1786043659.766523998,/novatel/oem7/inspva,/novatel/oem7/inspva,/novatel/oem7/inspva,39.663,-75.756,-1.800591561,0.003270254,0.000186156,-0.001480183,0.002916097,0.000186156,,novatel_oem7_msgs.msg.InertialSolutionStatus(status=3),
1786043659768382222,1786043659.766722173,/novatel/oem7/fix,/novatel/oem7/fix,/novatel/oem7/inspva,39.663,-75.756,-1.800591561,0.003270254,0.000186156,-0.001480183,0.002916097,0.000186156,,0,
1786043659769471397,1786043659.767240698,/novatel/oem7/odom,/novatel/oem7/fix,/novatel/oem7/odom,39.663,-75.756,-1.800591561,0.003269884,0.000192543,0.002843322,-0.001614825,0.000192543,,,
1786043659775768262,1786043659.775102492,/novatel/oem7/odom,/novatel/oem7/fix,/novatel/oem7/odom,39.663,-75.756,-1.800591561,0.003269884,0.000192543,0.002843322,-0.001614825,0.000192543,,,
1786043659785610959,1786043659.785107200,/novatel/oem7/inspva,/novatel/oem7/inspva,/novatel/oem7/inspva,39.663,-75.756,-1.800588286,0.003461118,0.000264986,-0.001385209,0.003171835,0.000264986,,novatel_oem7_msgs.msg.InertialSolutionStatus(status=3),
1786043659786927445,1786043659.785195344,/novatel/oem7/fix,/novatel/oem7/fix,/novatel/oem7/inspva,39.663,-75.756,-1.800588286,0.003461118,0.000264986,-0.001385209,0.003171835,0.000264986,,0,
1786043659787992662,1786043659.785598342,/novatel/oem7/odom,/novatel/oem7/fix,/novatel/oem7/odom,39.663,-75.756,-1.800588286,0.003460536,0.000272479,0.003102918,-0.001532062,0.000272479,,,
1786043659796186526,1786043659.795552916,/novatel/oem7/odom,/novatel/oem7/fix,/novatel/oem7/odom,39.663,-75.756,-1.800588286,0.003460536,0.000272479,0.003102918,-0.001532062,0.000272479,,,
1786043659807010652,1786043659.806546324,/novatel/oem7/inspva,/novatel/oem7/inspva,/novatel/oem7/inspva,39.663,-75.756,-1.800590571,0.002443312,0.000304582,0.000661271,0.002352126,0.000304582,,novatel_oem7_msgs.msg.InertialSolutionStatus(status=3),
1786043659808325979,1786043659.806629065,/novatel/oem7/fix,/novatel/oem7/fix,/novatel/oem7/inspva,39.663,-75.756,-1.800590571,0.002443312,0.000304582,0.000661271,0.002352126,0.000304582,,0,
1786043659809351192,1786043659.807065974,/novatel/oem7/odom,/novatel/oem7/fix,/novatel/oem7/odom,39.663,-75.756,-1.800590571,0.002442009,0.000314860,0.002379205,0.000550264,0.000314860,,,
1786043659811164570,1786043659.810339663,/novatel/oem7/bestpos,/novatel/oem7/bestpos,/novatel/oem7/odom,39.663,-75.756,33.181843836,0.002442009,0.000314860,0.002379205,0.000550264,0.000314860,,novatel_oem7_msgs.msg.SolutionStatus(status=0),novatel_oem7_msgs.msg.PositionOrVelocityType(type=53)
1786043659812548121,1786043659.810668261,/novatel/oem7/bestvel,/novatel/oem7/bestpos,/novatel/oem7/bestvel,39.663,-75.756,33.181843836,0.004322069,-0.000832047,,,,77.082834603,novatel_oem7_msgs.msg.SolutionStatus(status=0),novatel_oem7_msgs.msg.PositionOrVelocityType(type=53)
1786043659815884106,1786043659.815262365,/novatel/oem7/odom,/novatel/oem7/bestpos,/novatel/oem7/odom,39.663,-75.756,33.181843836,0.002442009,0.000314860,0.002379205,0.000550264,0.000314860,,,
1786043659826660749,1786043659.826162186,/novatel/oem7/inspva,/novatel/oem7/inspva,/novatel/oem7/inspva,39.663,-75.756,-1.800601725,0.002107919,-0.001107899,0.000222581,0.002096134,-0.001107899,,novatel_oem7_msgs.msg.InertialSolutionStatus(status=3),
1786043659827958962,1786043659.826236894,/novatel/oem7/fix,/novatel/oem7/fix,/novatel/oem7/inspva,39.663,-75.756,-1.800601725,0.002107919,-0.001107899,0.000222581,0.002096134,-0.001107899,,0,
1786043659828994746,1786043659.826748616,/novatel/oem7/odom,/novatel/oem7/fix,/novatel/oem7/odom,39.663,-75.756,-1.800601725,0.002112168,-0.001099775,0.002108314,0.000127542,-0.001099775,,,
1786043659835435139,1786043659.834823226,/novatel/oem7/odom,/novatel/oem7/fix,/novatel/oem7/odom,39.663,-75.756,-1.800601725,0.002112168,-0.001099775,0.002108314,0.000127542,-0.001099775,,,
1786043659845979543,1786043659.845476015,/novatel/oem7/inspva,/novatel/oem7/inspva,/novatel/oem7/inspva,39.663,-75.756,-1.800600984,0.003138522,-0.000888196,-0.001554050,0.002726766,-0.000888196,,novatel_oem7_msgs.msg.InertialSolutionStatus(status=3),
1786043659847253522,1786043659.845644556,/novatel/oem7/fix,/novatel/oem7/fix,/novatel/oem7/inspva,39.663,-75.756,-1.800600984,0.003138522,-0.000888196,-0.001554050,0.002726766,-0.000888196,,0,
1786043659848266555,1786043659.846197885,/novatel/oem7/odom,/novatel/oem7/fix,/novatel/oem7/odom,39.663,-75.756,-1.800600984,0.003140073,-0.000882698,0.002654690,-0.001677104,-0.000882698,,,
1786043659857010104,1786043659.856591751,/novatel/oem7/odom,/novatel/oem7/fix,/novatel/oem7/odom,39.663,-75.756,-1.800600984,0.003140073,-0.000882698,0.002654690,-0.001677104,-0.000882698,,,
1786043659865580759,1786043659.865121614,/novatel/oem7/inspva,/novatel/oem7/inspva,/novatel/oem7/inspva,39.663,-75.756,-1.800590087,0.003221977,-0.000147887,-0.001394440,0.002904595,-0.000147887,,novatel_oem7_msgs.msg.InertialSolutionStatus(status=3),
1786043659866160771,1786043659.865317700,/novatel/oem7/fix,/novatel/oem7/fix,/novatel/oem7/inspva,39.663,-75.756,-1.800590087,0.003221977,-0.000147887,-0.001394440,0.002904595,-0.000147887,,0,
1786043659866632788,1786043659.865813315,/novatel/oem7/odom,/novatel/oem7/fix,/novatel/oem7/odom,39.663,-75.756,-1.800590087,0.003222273,-0.000141287,0.002837033,-0.001527838,-0.000141287,,,
1786043659874962691,1786043659.874584007,/novatel/oem7/odom,/novatel/oem7/fix,/novatel/oem7/odom,39.663,-75.756,-1.800590087,0.003222273,-0.000141287,0.002837033,-0.001527838,-0.000141287,,,
1786043659887140026,1786043659.886594829,/novatel/oem7/inspva,/novatel/oem7/inspva,/novatel/oem7/inspva,39.663,-75.756,-1.800581545,0.002964907,0.000991474,-0.000577825,0.002908056,0.000991474,,novatel_oem7_msgs.msg.InertialSolutionStatus(status=3),
1786043659887741142,1786043659.886778831,/novatel/oem7/fix,/novatel/oem7/fix,/novatel/oem7/inspva,39.663,-75.756,-1.800581545,0.002964907,0.000991474,-0.000577825,0.002908056,0.000991474,,0,
1786043659888182542,1786043659.887240062,/novatel/oem7/odom,/novatel/oem7/fix,/novatel/oem7/odom,39.663,-75.756,-1.800581545,0.002961919,0.001000364,0.002874283,-0.000715164,0.001000364,,,
1786043659895355745,1786043659.895013542,/novatel/oem7/odom,/novatel/oem7/fix,/novatel/oem7/odom,39.663,-75.756,-1.800581545,0.002961919,0.001000364,0.002874283,-0.000715164,0.001000364,,,
1786043659906441031,1786043659.905852885,/novatel/oem7/inspva,/novatel/oem7/inspva,/novatel/oem7/inspva,39.663,-75.756,-1.800590911,0.002283436,-0.000081610,0.000044288,0.002283007,-0.000081610,,novatel_oem7_msgs.msg.InertialSolutionStatus(status=3),
1786043659907633508,1786043659.906033404,/novatel/oem7/fix,/novatel/oem7/fix,/novatel/oem7/inspva,39.663,-75.756,-1.800590911,0.002283436,-0.000081610,0.000044288,0.002283007,-0.000081610,,0,
1786043659908107115,1786043659.906488245,/novatel/oem7/odom,/novatel/oem7/fix,/novatel/oem7/odom,39.663,-75.756,-1.800590911,0.002283719,-0.000073280,0.002282881,-0.000061857,-0.000073280,,,
1786043659909880246,1786043659.909532288,/novatel/oem7/bestpos,/novatel/oem7/bestpos,/novatel/oem7/odom,39.663,-75.756,33.181847744,0.002283719,-0.000073280,0.002282881,-0.000061857,-0.000073280,,novatel_oem7_msgs.msg.SolutionStatus(status=0),novatel_oem7_msgs.msg.PositionOrVelocityType(type=53)
1786043659910526353,1786043659.910095560,/novatel/oem7/bestvel,/novatel/oem7/bestpos,/novatel/oem7/bestvel,39.663,-75.756,33.181847744,0.002954014,-0.000689905,,,,79.442621260,novatel_oem7_msgs.msg.SolutionStatus(status=0),novatel_oem7_msgs.msg.PositionOrVelocityType(type=53)
1786043659915906798,1786043659.915536000,/novatel/oem7/odom,/novatel/oem7/bestpos,/novatel/oem7/odom,39.663,-75.756,33.181847744,0.002283719,-0.000073280,0.002282881,-0.000061857,-0.000073280,,,
1786043659925907182,1786043659.925375234,/novatel/oem7/inspva,/novatel/oem7/inspva,/novatel/oem7/inspva,39.663,-75.756,-1.800603154,0.002474340,-0.001722524,-0.001246395,0.002137488,-0.001722524,,novatel_oem7_msgs.msg.InertialSolutionStatus(status=3),
1786043659927309390,1786043659.925577543,/novatel/oem7/fix,/novatel/oem7/fix,/novatel/oem7/inspva,39.663,-75.756,-1.800603154,0.002474340,-0.001722524,-0.001246395,0.002137488,-0.001722524,,0,
1786043659927823899,1786043659.926184672,/novatel/oem7/odom,/novatel/oem7/fix,/novatel/oem7/odom,39.663,-75.756,-1.800603154,0.002477284,-0.001718287,0.002083439,-0.001340230,-0.001718287,,,
1786043659935455933,1786043659.934921308,/novatel/oem7/odom,/novatel/oem7/fix,/novatel/oem7/odom,39.663,-75.756,-1.800603154,0.002477284,-0.001718287,0.002083439,-0.001340230,-0.001718287,,,
1786043659946691571,1786043659.946121768,/novatel/oem7/inspva,/novatel/oem7/inspva,/novatel/oem7/inspva,39.663,-75.756,-1.800589922,0.002940040,-0.000793333,-0.001163511,0.002700015,-0.000793333,,novatel_oem7_msgs.msg.InertialSolutionStatus(status=3),
1786043659947565620,1786043659.946291260,/novatel/oem7/fix,/novatel/oem7/fix,/novatel/oem7/inspva,39.663,-75.756,-1.800589922,0.002940040,-0.000793333,-0.001163511,0.002700015,-0.000793333,,0,
1786043659948049958,1786043659.946782568,/novatel/oem7/odom,/novatel/oem7/fix,/novatel/oem7/odom,39.663,-75.756,-1.800589922,0.002941795,-0.000786799,0.002645804,-0.001286034,-0.000786799,,,
1786043659957410792,1786043659.956679139,/novatel/oem7/odom,/novatel/oem7/fix,/novatel/oem7/odom,39.663,-75.756,-1.800589922,0.002941795,-0.000786799,0.002645804,-0.001286034,-0.000786799,,,
1786043659965927850,1786043659.965376101,/novatel/oem7/inspva,/novatel/oem7/inspva,/novatel/oem7/inspva,39.663,-75.756,-1.800581532,0.003024220,0.000840762,-0.001388388,0.002686687,0.000840762,,novatel_oem7_msgs.msg.InertialSolutionStatus(status=3),
1786043659967415041,1786043659.965579180,/novatel/oem7/fix,/novatel/oem7/fix,/novatel/oem7/inspva,39.663,-75.756,-1.800581532,0.003024220,0.000840762,-0.001388388,0.002686687,0.000840762,,0,
1786043659968053820,1786043659.966148872,/novatel/oem7/odom,/novatel/oem7/fix,/novatel/oem7/odom,39.663,-75.756,-1.800581532,0.003022538,0.000846790,0.002615926,-0.001514155,0.000846790,,,
1786043659975891719,1786043659.975512020,/novatel/oem7/odom,/novatel/oem7/fix,/novatel/oem7/odom,39.663,-75.756,-1.800581532,0.003022538,0.000846790,0.002615926,-0.001514155,0.000846790,,,
1786043659985664787,1786043659.985079538,/novatel/oem7/inspva,/novatel/oem7/inspva,/novatel/oem7/inspva,39.663,-75.756,-1.800591905,0.003609886,0.000089777,-0.000606878,0.003558507,0.000089777,,novatel_oem7_msgs.msg.InertialSolutionStatus(status=3),
1786043659986998937,1786043659.985273023,/novatel/oem7/fix,/novatel/oem7/fix,/novatel/oem7/inspva,39.663,-75.756,-1.800591905,0.003609886,0.000089777,-0.000606878,0.003558507,0.000089777,,0,
1786043659987896594,1786043659.985690961,/novatel/oem7/odom,/novatel/oem7/fix,/novatel/oem7/odom,39.663,-75.756,-1.800591905,0.003609592,0.000100916,0.003526024,-0.000772209,0.000100916,,,
1786043659994900292,1786043659.994430203,/novatel/oem7/odom,/novatel/oem7/fix,/novatel/oem7/odom,39.663,-75.756,-1.800591905,0.003609592,0.000100916,0.003526024,-0.000772209,0.000100916,,,
1786043660008906220,1786043660.008439115,/novatel/oem7/inspva,/novatel/oem7/inspva,/novatel/oem7/inspva,39.663,-75.756,-1.800607072,0.002864711,-0.001506470,-0.001055567,0.002663146,-0.001506470,,novatel_oem7_msgs.msg.InertialSolutionStatus(status=3),
1786043660009535353,1786043660.008619540,/novatel/oem7/fix,/novatel/oem7/fix,/novatel/oem7/inspva,39.663,-75.756,-1.800607072,0.002864711,-0.001506470,-0.001055567,0.002663146,-0.001506470,,0,
1786043660012289921,1786043660.011737497,/novatel/oem7/odom,/novatel/oem7/fix,/novatel/oem7/odom,39.663,-75.756,-1.800607072,0.002868243,-0.001499734,0.002616670,-0.001174672,-0.001499734,,,
1786043660016932252,1786043660.016265835,/novatel/oem7/odom,/novatel/oem7/fix,/novatel/oem7/odom,39.663,-75.756,-1.800607072,0.002868243,-0.001499734,0.002616670,-0.001174672,-0.001499734,,,
1786043660025451412,1786043660.024946914,/novatel/oem7/bestpos,/novatel/oem7/bestpos,/novatel/oem7/odom,39.663,-75.756,33.181838749,0.002868243,-0.001499734,0.002616670,-0.001174672,-0.001499734,,novatel_oem7_msgs.msg.SolutionStatus(status=0),novatel_oem7_msgs.msg.PositionOrVelocityType(type=53)
1786043660027319545,1786043660.026789242,/novatel/oem7/bestvel,/novatel/oem7/bestpos,/novatel/oem7/bestvel,39.663,-75.756,33.181838749,0.002855941,-0.001392808,,,,114.658655698,novatel_oem7_msgs.msg.SolutionStatus(status=0),novatel_oem7_msgs.msg.PositionOrVelocityType(type=53)
1786043660027977646,1786043660.027284227,/novatel/oem7/inspva,/novatel/oem7/inspva,/novatel/oem7/inspva,39.663,-75.756,-1.800599441,0.002392781,-0.001592197,-0.000606071,0.002314752,-0.001592197,,novatel_oem7_msgs.msg.InertialSolutionStatus(status=3),
1786043660028379112,1786043660.027450065,/novatel/oem7/fix,/novatel/oem7/fix,/novatel/oem7/inspva,39.663,-75.756,-1.800599441,0.002392781,-0.001592197,-0.000606071,0.002314752,-0.001592197,,0,
1786043660029086023,1786043660.027803629,/novatel/oem7/odom,/novatel/oem7/fix,/novatel/oem7/odom,39.663,-75.756,-1.800599441,0.002397200,-0.001585536,0.002289875,-0.000709253,-0.001585536,,,
1786043660036216138,1786043660.035553485,/novatel/oem7/odom,/novatel/oem7/fix,/novatel/oem7/odom,39.663,-75.756,-1.800599441,0.002397200,-0.001585536,0.002289875,-0.000709253,-0.001585536,,,
1786043660046593667,1786043660.046052865,/novatel/oem7/inspva,/novatel/oem7/inspva,/novatel/oem7/inspva,39.663,-75.756,-1.800590090,0.003753560,0.000285570,-0.001763963,0.003313254,0.000285570,,novatel_oem7_msgs.msg.InertialSolutionStatus(status=3),
1786043660047882803,1786043660.046206823,/novatel/oem7/fix,/novatel/oem7/fix,/novatel/oem7/inspva,39.663,-75.756,-1.800590090,0.003753560,0.000285570,-0.001763963,0.003313254,0.000285570,,0,
1786043660048601602,1786043660.046768842,/novatel/oem7/odom,/novatel/oem7/fix,/novatel/oem7/odom,39.663,-75.756,-1.800590090,0.003753010,0.000292712,0.003226420,-0.001917108,0.000292712,,,
1786043660057258097,1786043660.056591672,/novatel/oem7/odom,/novatel/oem7/fix,/novatel/oem7/odom,39.663,-75.756,-1.800590090,0.003753010,0.000292712,0.003226420,-0.001917108,0.000292712,,,
1786043660066879047,1786043660.066351011,/novatel/oem7/inspva,/novatel/oem7/inspva,/novatel/oem7/inspva,39.663,-75.756,-1.800588725,0.003972424,0.001121129,-0.000869503,0.003876096,0.001121129,,novatel_oem7_msgs.msg.InertialSolutionStatus(status=3),
1786043660067905745,1786043660.066522616,/novatel/oem7/fix,/novatel/oem7/fix,/novatel/oem7/inspva,39.663,-75.756,-1.800588725,0.003972424,0.001121129,-0.000869503,0.003876096,0.001121129,,0,
1786043660068405495,1786043660.067135892,/novatel/oem7/odom,/novatel/oem7/fix,/novatel/oem7/odom,39.663,-75.756,-1.800588725,0.003969142,0.001132695,0.003827193,-0.001051988,0.001132695,,,
1786043660075636976,1786043660.074933319,/novatel/oem7/odom,/novatel/oem7/fix,/novatel/oem7/odom,39.663,-75.756,-1.800588725,0.003969142,0.001132695,0.003827193,-0.001051988,0.001132695,,,
1786043660086053312,1786043660.085453182,/novatel/oem7/inspva,/novatel/oem7/inspva,/novatel/oem7/inspva,39.663,-75.756,-1.800605456,0.002287215,-0.001509167,-0.000335904,0.002262415,-0.001509167,,novatel_oem7_msgs.msg.InertialSolutionStatus(status=3),
1786043660087452716,1786043660.085635341,/novatel/oem7/fix,/novatel/oem7/fix,/novatel/oem7/inspva,39.663,-75.756,-1.800605456,0.002287215,-0.001509167,-0.000335904,0.002262415,-0.001509167,,0,
1786043660088497493,1786043660.086185764,/novatel/oem7/odom,/novatel/oem7/fix,/novatel/oem7/odom,39.663,-75.756,-1.800605456,0.002292019,-0.001501861,0.002249954,-0.000437104,-0.001501861,,,
1786043660096494645,1786043660.095848615,/novatel/oem7/odom,/novatel/oem7/fix,/novatel/oem7/odom,39.663,-75.756,-1.800605456,0.002292019,-0.001501861,0.002249954,-0.000437104,-0.001501861,,,
1786043660106553864,1786043660.106027192,/novatel/oem7/inspva,/novatel/oem7/inspva,/novatel/oem7/inspva,39.663,-75.756,-1.800601963,0.002084944,-0.001661858,0.000029979,0.002084729,-0.001661858,,novatel_oem7_msgs.msg.InertialSolutionStatus(status=3),
1786043660107922201,1786043660.106184197,/novatel/oem7/fix,/novatel/oem7/fix,/novatel/oem7/inspva,39.663,-75.756,-1.800601963,0.002084944,-0.001661858,0.000029979,0.002084729,-0.001661858,,0,
1786043660109155330,1786043660.106660778,/novatel/oem7/odom,/novatel/oem7/fix,/novatel/oem7/odom,39.663,-75.756,-1.800601963,0.002090955,-0.001654289,0.002090007,-0.000062970,-0.001654289,,,
1786043660110669158,1786043660.109586254,/novatel/oem7/bestpos,/novatel/oem7/bestpos,/novatel/oem7/odom,39.663,-75.756,33.181857014,0.002090955,-0.001654289,0.002090007,-0.000062970,-0.001654289,,novatel_oem7_msgs.msg.SolutionStatus(status=0),novatel_oem7_msgs.msg.PositionOrVelocityType(type=53)
1786043660112092732,1786043660.110172683,/novatel/oem7/bestvel,/novatel/oem7/bestpos,/novatel/oem7/bestvel,39.663,-75.756,33.181857014,0.001640376,-0.000387256,,,,139.895540292,novatel_oem7_msgs.msg.SolutionStatus(status=0),novatel_oem7_msgs.msg.PositionOrVelocityType(type=53)
1786043660115258160,1786043660.114596749,/novatel/oem7/odom,/novatel/oem7/bestpos,/novatel/oem7/odom,39.663,-75.756,33.181857014,0.002090955,-0.001654289,0.002090007,-0.000062970,-0.001654289,,,
1786043660127135513,1786043660.126636710,/novatel/oem7/inspva,/novatel/oem7/inspva,/novatel/oem7/inspva,39.663,-75.756,-1.800594290,0.004529401,-0.000238458,-0.002588334,0.003716989,-0.000238458,,novatel_oem7_msgs.msg.InertialSolutionStatus(status=3),
1786043660128471503,1786043660.126736731,/novatel/oem7/fix,/novatel/oem7/fix,/novatel/oem7/inspva,39.663,-75.756,-1.800594290,0.004529401,-0.000238458,-0.002588334,0.003716989,-0.000238458,,0,
1786043660129525333,1786043660.127225717,/novatel/oem7/odom,/novatel/oem7/fix,/novatel/oem7/odom,39.663,-75.756,-1.800594290,0.004529729,-0.000232151,0.003593304,-0.002758009,-0.000232151,,,
1786043660135813982,1786043660.135145919,/novatel/oem7/odom,/novatel/oem7/fix,/novatel/oem7/odom,39.663,-75.756,-1.800594290,0.004529729,-0.000232151,0.003593304,-0.002758009,-0.000232151,,,
1786043660146794130,1786043660.145288608,/novatel/oem7/inspva,/novatel/oem7/inspva,/novatel/oem7/inspva,39.663,-75.756,-1.800587308,0.004098603,0.000882640,-0.001739546,0.003711136,0.000882640,,novatel_oem7_msgs.msg.InertialSolutionStatus(status=3),
1786043660147685034,1786043660.145582278,/novatel/oem7/fix,/novatel/oem7/fix,/novatel/oem7/inspva,39.663,-75.756,-1.800587308,0.004098603,0.000882640,-0.001739546,0.003711136,0.000882640,,0,
1786043660148221972,1786043660.145975438,/novatel/oem7/odom,/novatel/oem7/fix,/novatel/oem7/odom,39.663,-75.756,-1.800587308,0.004096731,0.000891292,0.003622778,-0.001912767,0.000891292,,,
1786043660156368376,1786043660.155903886,/novatel/oem7/odom,/novatel/oem7/fix,/novatel/oem7/odom,39.663,-75.756,-1.800587308,0.004096731,0.000891292,0.003622778,-0.001912767,0.000891292,,,
1786043660166142437,1786043660.165501484,/novatel/oem7/inspva,/novatel/oem7/inspva,/novatel/oem7/inspva,39.663,-75.756,-1.800601186,0.001163382,-0.001011329,0.000262802,0.001133310,-0.001011329,,novatel_oem7_msgs.msg.InertialSolutionStatus(status=3),
1786043660167565878,1786043660.165726020,/novatel/oem7/fix,/novatel/oem7/fix,/novatel/oem7/inspva,39.663,-75.756,-1.800601186,0.001163382,-0.001011329,0.000262802,0.001133310,-0.001011329,,0,
1786043660168651435,1786043660.166203044,/novatel/oem7/odom,/novatel/oem7/fix,/novatel/oem7/odom,39.663,-75.756,-1.800601186,0.001167580,-0.001006478,0.001148120,0.000212286,-0.001006478,,,
1786043660175651607,1786043660.174973267,/novatel/oem7/odom,/novatel/oem7/fix,/novatel/oem7/odom,39.663,-75.756,-1.800601186,0.001167580,-0.001006478,0.001148120,0.000212286,-0.001006478,,,
1786043660186590135,1786043660.186042716,/novatel/oem7/inspva,/novatel/oem7/inspva,/novatel/oem7/inspva,39.663,-75.756,-1.800604091,0.001850094,-0.001516264,0.000253194,0.001832687,-0.001516264,,novatel_oem7_msgs.msg.InertialSolutionStatus(status=3),
1786043660187900978,1786043660.186230801,/novatel/oem7/fix,/novatel/oem7/fix,/novatel/oem7/inspva,39.663,-75.756,-1.800604091,0.001850094,-0.001516264,0.000253194,0.001832687,-0.001516264,,0,
1786043660188935378,1786043660.186762817,/novatel/oem7/odom,/novatel/oem7/fix,/novatel/oem7/odom,39.663,-75.756,-1.800604091,0.001856038,-0.001508983,0.001848106,0.000171400,-0.001508983,,,
1786043660195219600,1786043660.194565986,/novatel/oem7/odom,/novatel/oem7/fix,/novatel/oem7/odom,39.663,-75.756,-1.800604091,0.001856038,-0.001508983,0.001848106,0.000171400,-0.001508983,,,
1786043660207951482,1786043660.207204828,/novatel/oem7/inspva,/novatel/oem7/inspva,/novatel/oem7/inspva,39.663,-75.756,-1.800608360,0.004648658,-0.001290052,-0.002250325,0.004067685,-0.001290052,,novatel_oem7_msgs.msg.InertialSolutionStatus(status=3),
1786043660209357256,1786043660.207436527,/novatel/oem7/fix,/novatel/oem7/fix,/novatel/oem7/inspva,39.663,-75.756,-1.800608360,0.004648658,-0.001290052,-0.002250325,0.004067685,-0.001290052,,0,
1786043660210763390,1786043660.207862304,/novatel/oem7/odom,/novatel/oem7/fix,/novatel/oem7/odom,39.663,-75.756,-1.800608360,0.004651009,-0.001281550,0.003963223,-0.002434081,-0.001281550,,,
1786043660212253881,1786043660.210196847,/novatel/oem7/bestpos,/novatel/oem7/bestpos,/novatel/oem7/odom,39.663,-75.756,33.181825841,0.004651009,-0.001281550,0.003963223,-0.002434081,-0.001281550,,novatel_oem7_msgs.msg.SolutionStatus(status=0),novatel_oem7_msgs.msg.PositionOrVelocityType(type=53)
1786043660213176377,1786043660.210569891,/novatel/oem7/bestvel,/novatel/oem7/bestpos,/novatel/oem7/bestvel,39.663,-75.756,33.181825841,0.003574877,-0.001316070,,,,114.466060209,novatel_oem7_msgs.msg.SolutionStatus(status=0),novatel_oem7_msgs.msg.PositionOrVelocityType(type=53)
1786043660216202746,1786043660.215535340,/novatel/oem7/odom,/novatel/oem7/bestpos,/novatel/oem7/odom,39.663,-75.756,33.181825841,0.004651009,-0.001281550,0.003963223,-0.002434081,-0.001281550,,,
1786043660225969573,1786043660.225248942,/novatel/oem7/inspva,/novatel/oem7/inspva,/novatel/oem7/inspva,39.663,-75.756,-1.800603618,0.003469667,-0.000013684,-0.002070778,0.002783966,-0.000013684,,novatel_oem7_msgs.msg.InertialSolutionStatus(status=3),
1786043660227284915,1786043660.225478865,/novatel/oem7/fix,/novatel/oem7/fix,/novatel/oem7/inspva,39.663,-75.756,-1.800603618,0.003469667,-0.000013684,-0.002070778,0.002783966,-0.000013684,,0,
1786043660228333859,1786043660.225881392,/novatel/oem7/odom,/novatel/oem7/fix,/novatel/oem7/odom,39.663,-75.756,-1.800603618,0.003469682,-0.000009259,0.002684549,-0.002198155,-0.000009259,,,
1786043660235291581,1786043660.234615471,/novatel/oem7/odom,/novatel/oem7/fix,/novatel/oem7/odom,39.663,-75.756,-1.800603618,0.003469682,-0.000009259,0.002684549,-0.002198155,-0.000009259,,,
1786043660247541838,1786043660.246774387,/novatel/oem7/inspva,/novatel/oem7/inspva,/novatel/oem7/inspva,39.663,-75.756,-1.800610111,0.001794625,-0.000045022,0.000238756,0.001778672,-0.000045022,,novatel_oem7_msgs.msg.InertialSolutionStatus(status=3),
1786043660248966206,1786043660.246986822,/novatel/oem7/fix,/novatel/oem7/fix,/novatel/oem7/inspva,39.663,-75.756,-1.800610111,0.001794625,-0.000045022,0.000238756,0.001778672,-0.000045022,,0,
1786043660250031742,1786043660.247393600,/novatel/oem7/odom,/novatel/oem7/fix,/novatel/oem7/odom,39.663,-75.756,-1.800610111,0.001794789,-0.000037893,0.001788016,0.000155783,-0.000037893,,,
1786043660257236483,1786043660.256568914,/novatel/oem7/odom,/novatel/oem7/fix,/novatel/oem7/odom,39.663,-75.756,-1.800610111,0.001794789,-0.000037893,0.001788016,0.000155783,-0.000037893,,,
1786043660265827448,1786043660.265057627,/novatel/oem7/inspva,/novatel/oem7/inspva,/novatel/oem7/inspva,39.663,-75.756,-1.800618537,0.001811733,-0.001044692,-0.000488317,0.001744684,-0.001044692,,novatel_oem7_msgs.msg.InertialSolutionStatus(status=3),
1786043660267187798,1786043660.265279009,/novatel/oem7/fix,/novatel/oem7/fix,/novatel/oem7/inspva,39.663,-75.756,-1.800618537,0.001811733,-0.001044692,-0.000488317,0.001744684,-0.001044692,,0,
1786043660268267209,1786043660.265730824,/novatel/oem7/odom,/novatel/oem7/fix,/novatel/oem7/odom,39.663,-75.756,-1.800618537,0.001814636,-0.001039641,0.001723979,-0.000566393,-0.001039641,,,
1786043660276233557,1786043660.275556971,/novatel/oem7/odom,/novatel/oem7/fix,/novatel/oem7/odom,39.663,-75.756,-1.800618537,0.001814636,-0.001039641,0.001723979,-0.000566393,-0.001039641,,,
1786043660286222396,1786043660.285577422,/novatel/oem7/inspva,/novatel/oem7/inspva,/novatel/oem7/inspva,39.663,-75.756,-1.800629825,0.002912328,-0.001863482,-0.001372063,0.002568871,-0.001863482,,novatel_oem7_msgs.msg.InertialSolutionStatus(status=3),
1786043660287779574,1786043660.285792008,/novatel/oem7/fix,/novatel/oem7/fix,/novatel/oem7/inspva,39.663,-75.756,-1.800629825,0.002912328,-0.001863482,-0.001372063,0.002568871,-0.001863482,,0,
1786043660288835751,1786043660.286671650,/novatel/oem7/odom,/novatel/oem7/fix,/novatel/oem7/odom,39.663,-75.756,-1.800629825,0.002915894,-0.001857897,0.002509158,-0.001485452,-0.001857897,,,
1786043660295886171,1786043660.295052039,/novatel/oem7/odom,/novatel/oem7/fix,/novatel/oem7/odom,39.663,-75.756,-1.800629825,0.002915894,-0.001857897,0.002509158,-0.001485452,-0.001857897,,,
1786043660306714424,1786043660.305965307,/novatel/oem7/inspva,/novatel/oem7/inspva,/novatel/oem7/inspva,39.663,-75.756,-1.800625079,0.003820402,-0.000781381,-0.001856078,0.003339228,-0.000781381,,novatel_oem7_msgs.msg.InertialSolutionStatus(status=3),
1786043660308060771,1786043660.306177905,/novatel/oem7/fix,/novatel/oem7/fix,/novatel/oem7/inspva,39.663,-75.756,-1.800625079,0.003820402,-0.000781381,-0.001856078,0.003339228,-0.000781381,,0,
1786043660309348576,1786043660.306588429,/novatel/oem7/odom,/novatel/oem7/fix,/novatel/oem7/odom,39.663,-75.756,-1.800625079,0.003821829,-0.000774371,0.003252089,-0.002007558,-0.000774371,,,
1786043660311184688,1786043660.309667576,/novatel/oem7/bestpos,/novatel/oem7/bestpos,/novatel/oem7/odom,39.663,-75.756,33.181804274,0.003821829,-0.000774371,0.003252089,-0.002007558,-0.000774371,,novatel_oem7_msgs.msg.SolutionStatus(status=0),novatel_oem7_msgs.msg.PositionOrVelocityType(type=53)
1786043660312645013,1786043660.310486414,/novatel/oem7/bestvel,/novatel/oem7/bestpos,/novatel/oem7/bestvel,39.663,-75.756,33.181804274,0.003143844,-0.000366117,,,,126.220629392,novatel_oem7_msgs.msg.SolutionStatus(status=0),novatel_oem7_msgs.msg.PositionOrVelocityType(type=53)
1786043660315340222,1786043660.314645202,/novatel/oem7/odom,/novatel/oem7/bestpos,/novatel/oem7/odom,39.663,-75.756,33.181804274,0.003821829,-0.000774371,0.003252089,-0.002007558,-0.000774371,,,
1786043660326011970,1786043660.325268010,/novatel/oem7/inspva,/novatel/oem7/inspva,/novatel/oem7/inspva,39.663,-75.756,-1.800616927,0.001971438,0.000905908,-0.000486296,0.001910520,0.000905908,,novatel_oem7_msgs.msg.InertialSolutionStatus(status=3),
1786043660327631490,1786043660.325500545,/novatel/oem7/fix,/novatel/oem7/fix,/novatel/oem7/inspva,39.663,-75.756,-1.800616927,0.001971438,0.000905908,-0.000486296,0.001910520,0.000905908,,0,
1786043660328726301,1786043660.325878716,/novatel/oem7/odom,/novatel/oem7/fix,/novatel/oem7/odom,39.663,-75.756,-1.800616927,0.001968806,0.000911614,0.001882346,-0.000577039,0.000911614,,,
1786043660335573738,1786043660.334862834,/novatel/oem7/odom,/novatel/oem7/fix,/novatel/oem7/odom,39.663,-75.756,-1.800616927,0.001968806,0.000911614,0.001882346,-0.000577039,0.000911614,,,
1786043660346899740,1786043660.346130582,/novatel/oem7/inspva,/novatel/oem7/inspva,/novatel/oem7/inspva,39.663,-75.756,-1.800629629,0.002169705,0.000087003,-0.000555185,0.002097472,0.000087003,,novatel_oem7_msgs.msg.InertialSolutionStatus(status=3),
1786043660348281359,1786043660.346351804,/novatel/oem7/fix,/novatel/oem7/fix,/novatel/oem7/inspva,39.663,-75.756,-1.800629629,0.002169705,0.000087003,-0.000555185,0.002097472,0.000087003,,0,
1786043660349368210,1786043660.346840612,/novatel/oem7/odom,/novatel/oem7/fix,/novatel/oem7/odom,39.663,-75.756,-1.800629629,0.002169450,0.000093133,0.002069006,-0.000652481,0.000093133,,,
1786043660356238515,1786043660.355809844,/novatel/oem7/odom,/novatel/oem7/fix,/novatel/oem7/odom,39.663,-75.756,-1.800629629,0.002169450,0.000093133,0.002069006,-0.000652481,0.000093133,,,
1786043660365659564,1786043660.365263627,/novatel/oem7/inspva,/novatel/oem7/inspva,/novatel/oem7/inspva,39.663,-75.756,-1.800654002,0.002600456,-0.002380792,-0.000892893,0.002442358,-0.002380792,,novatel_oem7_msgs.msg.InertialSolutionStatus(status=3),
1786043660366506658,1786043660.365388398,/novatel/oem7/fix,/novatel/oem7/fix,/novatel/oem7/inspva,39.663,-75.756,-1.800654002,0.002600456,-0.002380792,-0.000892893,0.002442358,-0.002380792,,0,
1786043660367254404,1786043660.366005294,/novatel/oem7/odom,/novatel/oem7/fix,/novatel/oem7/odom,39.663,-75.756,-1.800654002,0.002606353,-0.002374334,0.002407051,-0.000999593,-0.002374334,,,
1786043660375863940,1786043660.375443984,/novatel/oem7/odom,/novatel/oem7/fix,/novatel/oem7/odom,39.663,-75.756,-1.800654002,0.002606353,-0.002374334,0.002407051,-0.000999593,-0.002374334,,,
1786043660385294518,1786043660.384979504,/novatel/oem7/inspva,/novatel/oem7/inspva,/novatel/oem7/inspva,39.663,-75.756,-1.800650945,0.002540126,-0.001598454,-0.001386438,0.002128387,-0.001598454,,novatel_oem7_msgs.msg.InertialSolutionStatus(status=3),
1786043660386074621,1786043660.385081098,/novatel/oem7/fix,/novatel/oem7/fix,/novatel/oem7/inspva,39.663,-75.756,-1.800650945,0.002540126,-0.001598454,-0.001386438,0.002128387,-0.001598454,,0,
1786043660386698211,1786043660.385568177,/novatel/oem7/odom,/novatel/oem7/fix,/novatel/oem7/odom,39.663,-75.756,-1.800650945,0.002542629,-0.001594470,0.002067513,-0.001479984,-0.001594470,,,
1786043660394787091,1786043660.394356183,/novatel/oem7/odom,/novatel/oem7/fix,/novatel/oem7/odom,39.663,-75.756,-1.800650945,0.002542629,-0.001594470,0.002067513,-0.001479984,-0.001594470,,,
1786043660406852444,1786043660.406511426,/novatel/oem7/inspva,/novatel/oem7/inspva,/novatel/oem7/inspva,39.663,-75.756,-1.800639220,0.003159392,0.000896578,-0.001347608,0.002857571,0.000896578,,novatel_oem7_msgs.msg.InertialSolutionStatus(status=3),
1786043660408471552,1786043660.406704752,/novatel/oem7/fix,/novatel/oem7/fix,/novatel/oem7/inspva,39.663,-75.756,-1.800639220,0.003159392,0.000896578,-0.001347608,0.002857571,0.000896578,,0,
1786043660409551056,1786043660.407029673,/novatel/oem7/odom,/novatel/oem7/fix,/novatel/oem7/odom,39.663,-75.756,-1.800639220,0.003157468,0.000903331,0.002788328,-0.001481497,0.000903331,,,
1786043660411075568,1786043660.410134712,/novatel/oem7/bestpos,/novatel/oem7/bestpos,/novatel/oem7/odom,39.663,-75.756,33.181766672,0.003157468,0.000903331,0.002788328,-0.001481497,0.000903331,,novatel_oem7_msgs.msg.SolutionStatus(status=0),novatel_oem7_msgs.msg.PositionOrVelocityType(type=53)
1786043660412574147,1786043660.410593010,/novatel/oem7/bestvel,/novatel/oem7/bestpos,/novatel/oem7/bestvel,39.663,-75.756,33.181766672,0.003442588,0.000167185,,,,99.491600347,novatel_oem7_msgs.msg.SolutionStatus(status=0),novatel_oem7_msgs.msg.PositionOrVelocityType(type=53)
1786043660415727942,1786043660.415098277,/novatel/oem7/odom,/novatel/oem7/bestpos,/novatel/oem7/odom,39.663,-75.756,33.181766672,0.003157468,0.000903331,0.002788328,-0.001481497,0.000903331,,,
1786043660425505671,1786043660.424998901,/novatel/oem7/inspva,/novatel/oem7/inspva,/novatel/oem7/inspva,39.663,-75.756,-1.800652105,0.002282982,0.000673213,-0.000910148,0.002093714,0.000673213,,novatel_oem7_msgs.msg.InertialSolutionStatus(status=3),
1786043660426685046,1786043660.425176623,/novatel/oem7/fix,/novatel/oem7/fix,/novatel/oem7/inspva,39.663,-75.756,-1.800652105,0.002282982,0.000673213,-0.000910148,0.002093714,0.000673213,,0,
1786043660427687633,1786043660.425680991,/novatel/oem7/odom,/novatel/oem7/fix,/novatel/oem7/odom,39.663,-75.756,-1.800652105,0.002281439,0.000678423,0.002046498,-0.001008371,0.000678423,,,
1786043660435240655,1786043660.434581313,/novatel/oem7/odom,/novatel/oem7/fix,/novatel/oem7/odom,39.663,-75.756,-1.800652105,0.002281439,0.000678423,0.002046498,-0.001008371,0.000678423,,,
1786043660445658197,1786043660.445150194,/novatel/oem7/inspva,/novatel/oem7/inspva,/novatel/oem7/inspva,39.663,-75.756,-1.800685306,0.001310840,-0.002314498,-0.000123899,0.001304971,-0.002314498,,novatel_oem7_msgs.msg.InertialSolutionStatus(status=3),
1786043660446854711,1786043660.445235575,/novatel/oem7/fix,/novatel/oem7/fix,/novatel/oem7/inspva,39.663,-75.756,-1.800685306,0.001310840,-0.002314498,-0.000123899,0.001304971,-0.002314498,,0,
1786043660447850038,1786043660.445869914,/novatel/oem7/odom,/novatel/oem7/fix,/novatel/oem7/odom,39.663,-75.756,-1.800685306,0.001318602,-0.002310085,0.001306446,-0.000178636,-0.002310085,,,
1786043660457075626,1786043660.456429544,/novatel/oem7/odom,/novatel/oem7/fix,/novatel/oem7/odom,39.663,-75.756,-1.800685306,0.001318602,-0.002310085,0.001306446,-0.000178636,-0.002310085,,,
1786043660466643169,1786043660.466156486,/novatel/oem7/inspva,/novatel/oem7/inspva,/novatel/oem7/inspva,39.663,-75.756,-1.800689439,0.002124259,-0.002067839,-0.000708112,0.002002761,-0.002067839,,novatel_oem7_msgs.msg.InertialSolutionStatus(status=3),
1786043660467917593,1786043660.466247169,/novatel/oem7/fix,/novatel/oem7/fix,/novatel/oem7/inspva,39.663,-75.756,-1.800689439,0.002124259,-0.002067839,-0.000708112,0.002002761,-0.002067839,,0,
1786043660468900986,1786043660.466672649,/novatel/oem7/odom,/novatel/oem7/fix,/novatel/oem7/odom,39.663,-75.756,-1.800689439,0.002129468,-0.002062474,0.001975366,-0.000795338,-0.002062474,,,
1786043660475251002,1786043660.474598967,/novatel/oem7/odom,/novatel/oem7/fix,/novatel/oem7/odom,39.663,-75.756,-1.800689439,0.002129468,-0.002062474,0.001975366,-0.000795338,-0.002062474,,,
1786043660485848338,1786043660.485351802,/novatel/oem7/inspva,/novatel/oem7/inspva,/novatel/oem7/inspva,39.663,-75.756,-1.800679438,0.003137551,0.000644492,-0.001744496,0.002607865,0.000644492,,novatel_oem7_msgs.msg.InertialSolutionStatus(status=3),
1786043660487052893,1786043660.485547597,/novatel/oem7/fix,/novatel/oem7/fix,/novatel/oem7/inspva,39.663,-75.756,-1.800679438,0.003137551,0.000644492,-0.001744496,0.002607865,0.000644492,,0,
1786043660488070711,1786043660.486137606,/novatel/oem7/odom,/novatel/oem7/fix,/novatel/oem7/odom,39.663,-75.756,-1.800679438,0.003136568,0.000649256,0.002521368,-0.001865681,0.000649256,,,
1786043660496103740,1786043660.495512169,/novatel/oem7/odom,/novatel/oem7/fix,/novatel/oem7/odom,39.663,-75.756,-1.800679438,0.003136568,0.000649256,0.002521368,-0.001865681,0.000649256,,,
1786043660506568389,1786043660.506099444,/novatel/oem7/inspva,/novatel/oem7/inspva,/novatel/oem7/inspva,39.663,-75.756,-1.800696361,0.003349959,0.000165346,-0.001175101,0.003137095,0.000165346,,novatel_oem7_msgs.msg.InertialSolutionStatus(status=3),
1786043660507826353,1786043660.506181050,/novatel/oem7/fix,/novatel/oem7/fix,/novatel/oem7/inspva,39.663,-75.756,-1.800696361,0.003349959,0.000165346,-0.001175101,0.003137095,0.000165346,,0,
1786043660508752356,1786043660.506613118,/novatel/oem7/odom,/novatel/oem7/fix,/novatel/oem7/odom,39.663,-75.756,-1.800696361,0.003349544,0.000173548,0.003078337,-0.001320337,0.000173548,,,
1786043660511668961,1786043660.511067965,/novatel/oem7/bestpos,/novatel/oem7/bestpos,/novatel/oem7/odom,39.663,-75.756,33.181713965,0.003349544,0.000173548,0.003078337,-0.001320337,0.000173548,,novatel_oem7_msgs.msg.SolutionStatus(status=0),novatel_oem7_msgs.msg.PositionOrVelocityType(type=53)
1786043660512979157,1786043660.511495066,/novatel/oem7/bestvel,/novatel/oem7/bestpos,/novatel/oem7/bestvel,39.663,-75.756,33.181713965,0.003096618,-0.000232850,,,,97.898431031,novatel_oem7_msgs.msg.SolutionStatus(status=0),novatel_oem7_msgs.msg.PositionOrVelocityType(type=53)
1786043660515225564,1786043660.514546773,/novatel/oem7/odom,/novatel/oem7/bestpos,/novatel/oem7/odom,39.663,-75.756,33.181713965,0.003349544,0.000173548,0.003078337,-0.001320337,0.000173548,,,
1786043660527280019,1786043660.526746506,/novatel/oem7/inspva,/novatel/oem7/inspva,/novatel/oem7/inspva,39.663,-75.756,-1.800722180,0.001522277,-0.001396486,0.000693555,0.001355105,-0.001396486,,novatel_oem7_msgs.msg.InertialSolutionStatus(status=3),
1786043660528478025,1786043660.526875071,/novatel/oem7/fix,/novatel/oem7/fix,/novatel/oem7/inspva,39.663,-75.756,-1.800722180,0.001522277,-0.001396486,0.000693555,0.001355105,-0.001396486,,0,
1786043660529378914,1786043660.527285865,/novatel/oem7/odom,/novatel/oem7/fix,/novatel/oem7/odom,39.663,-75.756,-1.800722180,0.001528551,-0.001389616,0.001391199,0.000633271,-0.001389616,,,
1786043660535717802,1786043660.535080642,/novatel/oem7/odom,/novatel/oem7/fix,/novatel/oem7/odom,39.663,-75.756,-1.800722180,0.001528551,-0.001389616,0.001391199,0.000633271,-0.001389616,,,
1786043660545561223,1786043660.545087214,/novatel/oem7/inspva,/novatel/oem7/inspva,/novatel/oem7/inspva,39.663,-75.756,-1.800735565,0.001157038,-0.001969418,0.000043486,0.001156221,-0.001969418,,novatel_oem7_msgs.msg.InertialSolutionStatus(status=3),
1786043660546755777,1786043660.545174146,/novatel/oem7/fix,/novatel/oem7/fix,/novatel/oem7/inspva,39.663,-75.756,-1.800735565,0.001157038,-0.001969418,0.000043486,0.001156221,-0.001969418,,0,
1786043660547767339,1786043660.545678716,/novatel/oem7/odom,/novatel/oem7/fix,/novatel/oem7/odom,39.663,-75.756,-1.800735565,0.001164401,-0.001965073,0.001164389,-0.000005352,-0.001965073,,,
1786043660556655622,1786043660.556023914,/novatel/oem7/odom,/novatel/oem7/fix,/novatel/oem7/odom,39.663,-75.756,-1.800735565,0.001164401,-0.001965073,0.001164389,-0.000005352,-0.001965073,,,
1786043660565593547,1786043660.565127635,/novatel/oem7/inspva,/novatel/oem7/inspva,/novatel/oem7/inspva,39.663,-75.756,-1.800727714,0.003710051,0.000074241,-0.001680068,0.003307846,0.000074241,,novatel_oem7_msgs.msg.InertialSolutionStatus(status=3),
1786043660566784176,1786043660.565214302,/novatel/oem7/fix,/novatel/oem7/fix,/novatel/oem7/inspva,39.663,-75.756,-1.800727714,0.003710051,0.000074241,-0.001680068,0.003307846,0.000074241,,0,
1786043660567801352,1786043660.565668876,/novatel/oem7/odom,/novatel/oem7/fix,/novatel/oem7/odom,39.663,-75.756,-1.800727714,0.003709896,0.000081584,0.003225748,-0.001832453,0.000081584,,,
1786043660575362102,1786043660.574768203,/novatel/oem7/odom,/novatel/oem7/fix,/novatel/oem7/odom,39.663,-75.756,-1.800727714,0.003709896,0.000081584,0.003225748,-0.001832453,0.000081584,,,
1786043660586626160,1786043660.586087137,/novatel/oem7/inspva,/novatel/oem7/inspva,/novatel/oem7/inspva,39.663,-75.756,-1.800744862,0.002755664,-0.000421595,-0.001213494,0.002474089,-0.000421595,,novatel_oem7_msgs.msg.InertialSolutionStatus(status=3),
1786043660587846063,1786043660.586281036,/novatel/oem7/fix,/novatel/oem7/fix,/novatel/oem7/inspva,39.663,-75.756,-1.800744862,0.002755664,-0.000421595,-0.001213494,0.002474089,-0.000421595,,0,
1786043660588761224,1786043660.586760517,/novatel/oem7/odom,/novatel/oem7/fix,/novatel/oem7/odom,39.663,-75.756,-1.800744862,0.002756538,-0.000415840,0.002416506,-0.001326274,-0.000415840,,,
1786043660595017951,1786043660.594377702,/novatel/oem7/odom,/novatel/oem7/fix,/novatel/oem7/odom,39.663,-75.756,-1.800744862,0.002756538,-0.000415840,0.002416506,-0.001326274,-0.000415840,,,
1786043660606787627,1786043660.606332232,/novatel/oem7/inspva,/novatel/oem7/inspva,/novatel/oem7/inspva,39.663,-75.756,-1.800769971,0.002014246,-0.001113563,0.000220337,0.002002159,-0.001113563,,novatel_oem7_msgs.msg.InertialSolutionStatus(status=3),
1786043660608036315,1786043660.606415360,/novatel/oem7/fix,/novatel/oem7/fix,/novatel/oem7/inspva,39.663,-75.756,-1.800769971,0.002014246,-0.001113563,0.000220337,0.002002159,-0.001113563,,0,
1786043660608963250,1786043660.607030065,/novatel/oem7/odom,/novatel/oem7/fix,/novatel/oem7/odom,39.663,-75.756,-1.800769971,0.002018563,-0.001105718,0.002014386,0.000129784,-0.001105718,,,
1786043660610689130,1786043660.610067041,/novatel/oem7/bestpos,/novatel/oem7/bestpos,/novatel/oem7/odom,39.663,-75.756,33.181649510,0.002018563,-0.001105718,0.002014386,0.000129784,-0.001105718,,novatel_oem7_msgs.msg.SolutionStatus(status=0),novatel_oem7_msgs.msg.PositionOrVelocityType(type=53)
1786043660611934751,1786043660.610487650,/novatel/oem7/bestvel,/novatel/oem7/bestpos,/novatel/oem7/bestvel,39.663,-75.756,33.181649510,0.001527932,-0.001119806,,,,51.779421548,novatel_oem7_msgs.msg.SolutionStatus(status=0),novatel_oem7_msgs.msg.PositionOrVelocityType(type=53)
1786043660616026914,1786043660.615417486,/novatel/oem7/odom,/novatel/oem7/bestpos,/novatel/oem7/odom,39.663,-75.756,33.181649510,0.002018563,-0.001105718,0.002014386,0.000129784,-0.001105718,,,
1786043660625459159,1786043660.624993659,/novatel/oem7/inspva,/novatel/oem7/inspva,/novatel/oem7/inspva,39.663,-75.756,-1.800784857,0.001786445,-0.001279837,0.000219042,0.001772965,-0.001279837,,novatel_oem7_msgs.msg.InertialSolutionStatus(status=3),
1786043660626614616,1786043660.625071845,/novatel/oem7/fix,/novatel/oem7/fix,/novatel/oem7/inspva,39.663,-75.756,-1.800784857,0.001786445,-0.001279837,0.000219042,0.001772965,-0.001279837,,0,
1786043660627626441,1786043660.625535455,/novatel/oem7/odom,/novatel/oem7/fix,/novatel/oem7/odom,39.663,-75.756,-1.800784857,0.001791492,-0.001272762,0.001786049,0.000139549,-0.001272762,,,
1786043660635060774,1786043660.634394036,/novatel/oem7/odom,/novatel/oem7/fix,/novatel/oem7/odom,39.663,-75.756,-1.800784857,0.001791492,-0.001272762,0.001786049,0.000139549,-0.001272762,,,
1786043660647025107,1786043660.646516475,/novatel/oem7/inspva,/novatel/oem7/inspva,/novatel/oem7/inspva,39.663,-75.756,-1.800800219,0.002243400,-0.001819651,-0.001548150,0.001623599,-0.001819651,,novatel_oem7_msgs.msg.InertialSolutionStatus(status=3),
1786043660648307343,1786043660.646696337,/novatel/oem7/fix,/novatel/oem7/fix,/novatel/oem7/inspva,39.663,-75.756,-1.800800219,0.002243400,-0.001819651,-0.001548150,0.001623599,-0.001819651,,0,
1786043660649304967,1786043660.647154121,/novatel/oem7/odom,/novatel/oem7/fix,/novatel/oem7/odom,39.663,-75.756,-1.800800219,0.002244754,-0.001817981,0.001556591,-0.001617388,-0.001817981,,,
1786043660658317161,1786043660.657591851,/novatel/oem7/odom,/novatel/oem7/fix,/novatel/oem7/odom,39.663,-75.756,-1.800800219,0.002244754,-0.001817981,0.001556591,-0.001617388,-0.001817981,,,
1786043660665594321,1786043660.665096432,/novatel/oem7/inspva,/novatel/oem7/inspva,/novatel/oem7/inspva,39.663,-75.756,-1.800804985,0.002877297,-0.000970296,-0.001242977,0.002594965,-0.000970296,,novatel_oem7_msgs.msg.InertialSolutionStatus(status=3),
1786043660666795239,1786043660.665290000,/novatel/oem7/fix,/novatel/oem7/fix,/novatel/oem7/inspva,39.663,-75.756,-1.800804985,0.002877297,-0.000970296,-0.001242977,0.002594965,-0.000970296,,0,
1786043660667828529,1786043660.665755094,/novatel/oem7/odom,/novatel/oem7/fix,/novatel/oem7/odom,39.663,-75.756,-1.800804985,0.002879309,-0.000964308,0.002537916,-0.001359927,-0.000964308,,,
1786043660675433001,1786043660.674785687,/novatel/oem7/odom,/novatel/oem7/fix,/novatel/oem7/odom,39.663,-75.756,-1.800804985,0.002879309,-0.000964308,0.002537916,-0.001359927,-0.000964308,,,
1786043660685969585,1786043660.685475355,/novatel/oem7/inspva,/novatel/oem7/inspva,/novatel/oem7/inspva,39.663,-75.756,-1.800818736,0.002283185,-0.000279133,-0.000054968,0.002282523,-0.000279133,,novatel_oem7_msgs.msg.InertialSolutionStatus(status=3),
1786043660687224674,1786043660.685673167,/novatel/oem7/fix,/novatel/oem7/fix,/novatel/oem7/inspva,39.663,-75.756,-1.800818736,0.002283185,-0.000279133,-0.000054968,0.002282523,-0.000279133,,0,
1786043660688200080,1786043660.686295773,/novatel/oem7/odom,/novatel/oem7/fix,/novatel/oem7/odom,39.663,-75.756,-1.800818736,0.002284179,-0.000270875,0.002278537,-0.000160446,-0.000270875,,,
1786043660695732674,1786043660.695088983,/novatel/oem7/odom,/novatel/oem7/fix,/novatel/oem7/odom,39.663,-75.756,-1.800818736,0.002284179,-0.000270875,0.002278537,-0.000160446,-0.000270875,,,
1786043660706494014,1786043660.706009864,/novatel/oem7/inspva,/novatel/oem7/inspva,/novatel/oem7/inspva,39.663,-75.756,-1.800837554,0.001944084,-0.000895657,0.000720501,0.001805641,-0.000895657,,novatel_oem7_msgs.msg.InertialSolutionStatus(status=3),
1786043660707761711,1786043660.706183396,/novatel/oem7/fix,/novatel/oem7/fix,/novatel/oem7/inspva,39.663,-75.756,-1.800837554,0.001944084,-0.000895657,0.000720501,0.001805641,-0.000895657,,0,
1786043660708709986,1786043660.706581443,/novatel/oem7/odom,/novatel/oem7/fix,/novatel/oem7/odom,39.663,-75.756,-1.800837554,0.001947986,-0.000887139,0.001840560,0.000637956,-0.000887139,,,
1786043660710061276,1786043660.709397574,/novatel/oem7/bestpos,/novatel/oem7/bestpos,/novatel/oem7/odom,39.663,-75.756,33.181584260,0.001947986,-0.000887139,0.001840560,0.000637956,-0.000887139,,novatel_oem7_msgs.msg.SolutionStatus(status=0),novatel_oem7_msgs.msg.PositionOrVelocityType(type=53)
1786043660711315234,1786043660.710114358,/novatel/oem7/bestvel,/novatel/oem7/bestpos,/novatel/oem7/bestvel,39.663,-75.756,33.181584260,0.001705836,-0.000863367,,,,47.390466776,novatel_oem7_msgs.msg.SolutionStatus(status=0),novatel_oem7_msgs.msg.PositionOrVelocityType(type=53)
1786043660715195272,1786043660.714506911,/novatel/oem7/odom,/novatel/oem7/bestpos,/novatel/oem7/odom,39.663,-75.756,33.181584260,0.001947986,-0.000887139,0.001840560,0.000637956,-0.000887139,,,
1786043660725809150,1786043660.725288667,/novatel/oem7/inspva,/novatel/oem7/inspva,/novatel/oem7/inspva,39.663,-75.756,-1.800864926,0.002214164,-0.002519898,-0.000373107,0.002182501,-0.002519898,,novatel_oem7_msgs.msg.InertialSolutionStatus(status=3),
1786043660727046371,1786043660.725488749,/novatel/oem7/fix,/novatel/oem7/fix,/novatel/oem7/inspva,39.663,-75.756,-1.800864926,0.002214164,-0.002519898,-0.000373107,0.002182501,-0.002519898,,0,
1786043660728030600,1786043660.726113478,/novatel/oem7/odom,/novatel/oem7/fix,/novatel/oem7/odom,39.663,-75.756,-1.800864926,0.002222004,-0.002512987,0.002172180,-0.000467906,-0.002512987,,,
1786043660736298093,1786043660.735698383,/novatel/oem7/odom,/novatel/oem7/fix,/novatel/oem7/odom,39.663,-75.756,-1.800864926,0.002222004,-0.002512987,0.002172180,-0.000467906,-0.002512987,,,
1786043660745587586,1786043660.745065729,/novatel/oem7/inspva,/novatel/oem7/inspva,/novatel/oem7/inspva,39.663,-75.756,-1.800871142,0.002075550,-0.002295036,-0.000684965,0.001959268,-0.002295036,,novatel_oem7_msgs.msg.InertialSolutionStatus(status=3),
1786043660746792638,1786043660.745232394,/novatel/oem7/fix,/novatel/oem7/fix,/novatel/oem7/inspva,39.663,-75.756,-1.800871142,0.002075550,-0.002295036,-0.000684965,0.001959268,-0.002295036,,0,
1786043660747806882,1786043660.745701705,/novatel/oem7/odom,/novatel/oem7/fix,/novatel/oem7/odom,39.663,-75.756,-1.800871142,0.002081327,-0.002289798,0.001933828,-0.000769566,-0.002289798,,,
1786043660756322116,1786043660.755729460,/novatel/oem7/odom,/novatel/oem7/fix,/novatel/oem7/odom,39.663,-75.756,-1.800871142,0.002081327,-0.002289798,0.001933828,-0.000769566,-0.002289798,,,
1786043660767705385,1786043660.767174969,/novatel/oem7/inspva,/novatel/oem7/inspva,/novatel/oem7/inspva,39.663,-75.756,-1.800880696,0.002628425,-0.000125433,0.000306005,0.002610551,-0.000125433,,novatel_oem7_msgs.msg.InertialSolutionStatus(status=3),
1786043660768853382,1786043660.767354628,/novatel/oem7/fix,/novatel/oem7/fix,/novatel/oem7/inspva,39.663,-75.756,-1.800880696,0.002628425,-0.000125433,0.000306005,0.002610551,-0.000125433,,0,
1786043660769846583,1786043660.767593414,/novatel/oem7/odom,/novatel/oem7/fix,/novatel/oem7/odom,39.663,-75.756,-1.800880696,0.002628899,-0.000115067,0.002622417,0.000184492,-0.000115067,,,
1786043660775500091,1786043660.774895035,/novatel/oem7/odom,/novatel/oem7/fix,/novatel/oem7/odom,39.663,-75.756,-1.800880696,0.002628899,-0.000115067,0.002622417,0.000184492,-0.000115067,,,
1786043660785592338,1786043660.785037828,/novatel/oem7/inspva,/novatel/oem7/inspva,/novatel/oem7/inspva,39.663,-75.756,-1.800909667,0.002492861,-0.000643375,0.000748485,0.002377840,-0.000643375,,novatel_oem7_msgs.msg.InertialSolutionStatus(status=3),
1786043660786907297,1786043660.785200640,/novatel/oem7/fix,/novatel/oem7/fix,/novatel/oem7/inspva,39.663,-75.756,-1.800909667,0.002492861,-0.000643375,0.000748485,0.002377840,-0.000643375,,0,
1786043660788009145,1786043660.785508910,/novatel/oem7/odom,/novatel/oem7/fix,/novatel/oem7/odom,39.663,-75.756,-1.800909667,0.002495599,-0.000632670,0.002412494,0.000638660,-0.000632670,,,
1786043660796058137,1786043660.795389987,/novatel/oem7/odom,/novatel/oem7/fix,/novatel/oem7/odom,39.663,-75.756,-1.800909667,0.002495599,-0.000632670,0.002412494,0.000638660,-0.000632670,,,
1786043660807373738,1786043660.806721992,/novatel/oem7/inspva,/novatel/oem7/inspva,/novatel/oem7/inspva,39.663,-75.756,-1.800943777,0.002103635,-0.002845277,0.000987806,0.001857288,-0.002845277,,novatel_oem7_msgs.msg.InertialSolutionStatus(status=3),
1786043660808731635,1786043660.806877663,/novatel/oem7/fix,/novatel/oem7/fix,/novatel/oem7/inspva,39.663,-75.756,-1.800943777,0.002103635,-0.002845277,0.000987806,0.001857288,-0.002845277,,0,
1786043660809939890,1786043660.807294897,/novatel/oem7/odom,/novatel/oem7/fix,/novatel/oem7/odom,39.663,-75.756,-1.800943777,0.002116307,-0.002835864,0.001911834,0.000907550,-0.002835864,,,
1786043660811464502,1786043660.810289901,/novatel/oem7/bestpos,/novatel/oem7/bestpos,/novatel/oem7/odom,39.663,-75.756,33.181491208,0.002116307,-0.002835864,0.001911834,0.000907550,-0.002835864,,novatel_oem7_msgs.msg.SolutionStatus(status=0),novatel_oem7_msgs.msg.PositionOrVelocityType(type=53)
1786043660812485022,1786043660.810682511,/novatel/oem7/bestvel,/novatel/oem7/bestpos,/novatel/oem7/bestvel,39.663,-75.756,33.181491208,0.001111759,-0.002135261,,,,59.620464078,novatel_oem7_msgs.msg.SolutionStatus(status=0),novatel_oem7_msgs.msg.PositionOrVelocityType(type=53)
1786043660815867659,1786043660.815180089,/novatel/oem7/odom,/novatel/oem7/bestpos,/novatel/oem7/odom,39.663,-75.756,33.181491208,0.002116307,-0.002835864,0.001911834,0.000907550,-0.002835864,,,
1786043660826837515,1786043660.826368745,/novatel/oem7/inspva,/novatel/oem7/inspva,/novatel/oem7/inspva,39.663,-75.756,-1.800953476,0.001720056,-0.002572288,0.000459289,0.001657603,-0.002572288,,novatel_oem7_msgs.msg.InertialSolutionStatus(status=3),
1786043660827834246,1786043660.826566544,/novatel/oem7/fix,/novatel/oem7/fix,/novatel/oem7/inspva,39.663,-75.756,-1.800953476,0.001720056,-0.002572288,0.000459289,0.001657603,-0.002572288,,0,
1786043660828346017,1786043660.826935778,/novatel/oem7/odom,/novatel/oem7/fix,/novatel/oem7/odom,39.663,-75.756,-1.800953476,0.001730824,-0.002565055,0.001686729,0.000388196,-0.002565055,,,
1786043660834889438,1786043660.834442281,/novatel/oem7/odom,/novatel/oem7/fix,/novatel/oem7/odom,39.663,-75.756,-1.800953476,0.001730824,-0.002565055,0.001686729,0.000388196,-0.002565055,,,
1786043660845748472,1786043660.845306035,/novatel/oem7/inspva,/novatel/oem7/inspva,/novatel/oem7/inspva,39.663,-75.756,-1.800954109,0.003103132,0.000205826,-0.000115057,0.003100998,0.000205826,,novatel_oem7_msgs.msg.InertialSolutionStatus(status=3),
1786043660847256145,1786043660.845520204,/novatel/oem7/fix,/novatel/oem7/fix,/novatel/oem7/inspva,39.663,-75.756,-1.800954109,0.003103132,0.000205826,-0.000115057,0.003100998,0.000205826,,0,
1786043660847915786,1786043660.846125387,/novatel/oem7/odom,/novatel/oem7/fix,/novatel/oem7/odom,39.663,-75.756,-1.800954109,0.003102389,0.000216742,0.003091495,-0.000259762,0.000216742,,,
1786043660856748970,1786043660.856331180,/novatel/oem7/odom,/novatel/oem7/fix,/novatel/oem7/odom,39.663,-75.756,-1.800954109,0.003102389,0.000216742,0.003091495,-0.000259762,0.000216742,,,
1786043660865507442,1786043660.865094826,/novatel/oem7/inspva,/novatel/oem7/inspva,/novatel/oem7/inspva,39.663,-75.756,-1.800978404,0.002793205,0.000138010,0.000111471,0.002790979,0.000138010,,novatel_oem7_msgs.msg.InertialSolutionStatus(status=3),
1786043660866753250,1786043660.865268995,/novatel/oem7/fix,/novatel/oem7/fix,/novatel/oem7/inspva,39.663,-75.756,-1.800978404,0.002793205,0.000138010,0.000111471,0.002790979,0.000138010,,0,
1786043660867601641,1786043660.865741510,/novatel/oem7/odom,/novatel/oem7/fix,/novatel/oem7/odom,39.663,-75.756,-1.800978404,0.002792670,0.000148426,0.002792607,-0.000018885,0.000148426,,,
1786043660875217723,1786043660.874452605,/novatel/oem7/odom,/novatel/oem7/fix,/novatel/oem7/odom,39.663,-75.756,-1.800978404,0.002792670,0.000148426,0.002792607,-0.000018885,0.000148426,,,
1786043660887221385,1786043660.886545351,/novatel/oem7/inspva,/novatel/oem7/inspva,/novatel/oem7/inspva,39.663,-75.756,-1.801014885,0.001780381,-0.002692085,0.001421562,0.001071875,-0.002692085,,novatel_oem7_msgs.msg.InertialSolutionStatus(status=3),
1786043660887876713,1786043660.886727296,/novatel/oem7/fix,/novatel/oem7/fix,/novatel/oem7/inspva,39.663,-75.756,-1.801014885,0.001780381,-0.002692085,0.001421562,0.001071875,-0.002692085,,0,
1786043660888363993,1786043660.887167014,/novatel/oem7/odom,/novatel/oem7/fix,/novatel/oem7/odom,39.663,-75.756,-1.801014885,0.001792030,-0.002684345,0.001146881,0.001376965,-0.002684345,,,
1786043660895555380,1786043660.894948820,/novatel/oem7/odom,/novatel/oem7/fix,/novatel/oem7/odom,39.663,-75.756,-1.801014885,0.001792030,-0.002684345,0.001146881,0.001376965,-0.002684345,,,
1786043660906567355,1786043660.905868751,/novatel/oem7/inspva,/novatel/oem7/inspva,/novatel/oem7/inspva,39.663,-75.756,-1.801020642,0.001342124,-0.002229794,0.000923453,0.000973927,-0.002229794,,novatel_oem7_msgs.msg.InertialSolutionStatus(status=3),
1786043660907681291,1786043660.906021249,/novatel/oem7/fix,/novatel/oem7/fix,/novatel/oem7/inspva,39.663,-75.756,-1.801020642,0.001342124,-0.002229794,0.000923453,0.000973927,-0.002229794,,0,
1786043660908193242,1786043660.906530568,/novatel/oem7/odom,/novatel/oem7/fix,/novatel/oem7/odom,39.663,-75.756,-1.801020642,0.001352099,-0.002223760,0.001024117,0.000882812,-0.002223760,,,
1786043660909903059,1786043660.909520694,/novatel/oem7/bestpos,/novatel/oem7/bestpos,/novatel/oem7/odom,39.663,-75.756,33.181422029,0.001352099,-0.002223760,0.001024117,0.000882812,-0.002223760,,novatel_oem7_msgs.msg.SolutionStatus(status=0),novatel_oem7_msgs.msg.PositionOrVelocityType(type=53)
1786043660911236147,1786043660.910184334,/novatel/oem7/bestvel,/novatel/oem7/bestpos,/novatel/oem7/bestvel,39.663,-75.756,33.181422029,0.000262804,-0.001394063,,,,49.942260514,novatel_oem7_msgs.msg.SolutionStatus(status=0),novatel_oem7_msgs.msg.PositionOrVelocityType(type=53)
1786043660916282157,1786043660.915523223,/novatel/oem7/odom,/novatel/oem7/bestpos,/novatel/oem7/odom,39.663,-75.756,33.181422029,0.001352099,-0.002223760,0.001024117,0.000882812,-0.002223760,,,
1786043660925862811,1786043660.925464684,/novatel/oem7/inspva,/novatel/oem7/inspva,/novatel/oem7/inspva,39.663,-75.756,-1.801031000,0.003574244,-0.000784313,-0.000476966,0.003542276,-0.000784313,,novatel_oem7_msgs.msg.InertialSolutionStatus(status=3),
1786043660926532372,1786043660.925616156,/novatel/oem7/fix,/novatel/oem7/fix,/novatel/oem7/inspva,39.663,-75.756,-1.801031000,0.003574244,-0.000784313,-0.000476966,0.003542276,-0.000784313,,0,
1786043660927458140,1786043660.926307693,/novatel/oem7/odom,/novatel/oem7/fix,/novatel/oem7/odom,39.663,-75.756,-1.801031000,0.003576748,-0.000772814,0.003519158,-0.000639257,-0.000772814,,,
1786043660935842353,1786043660.935051299,/novatel/oem7/odom,/novatel/oem7/fix,/novatel/oem7/odom,39.663,-75.756,-1.801031000,0.003576748,-0.000772814,0.003519158,-0.000639257,-0.000772814,,,
1786043660946753967,1786043660.946195175,/novatel/oem7/inspva,/novatel/oem7/inspva,/novatel/oem7/inspva,39.663,-75.756,-1.801046486,0.002654753,0.000020911,-0.000056955,0.002654142,0.000020911,,novatel_oem7_msgs.msg.InertialSolutionStatus(status=3),
1786043660947659072,1786043660.946339536,/novatel/oem7/fix,/novatel/oem7/fix,/novatel/oem7/inspva,39.663,-75.756,-1.801046486,0.002654753,0.000020911,-0.000056955,0.002654142,0.000020911,,0,
1786043660948171400,1786043660.946843231,/novatel/oem7/odom,/novatel/oem7/fix,/novatel/oem7/odom,39.663,-75.756,-1.801046486,0.002654661,0.000030403,0.002648520,-0.000180456,0.000030403,,,
1786043660956430212,1786043660.955947784,/novatel/oem7/odom,/novatel/oem7/fix,/novatel/oem7/odom,39.663,-75.756,-1.801046486,0.002654661,0.000030403,0.002648520,-0.000180456,0.000030403,,,
1786043660965851738,1786043660.965296980,/novatel/oem7/inspva,/novatel/oem7/inspva,/novatel/oem7/inspva,39.663,-75.756,-1.801086186,0.002017255,-0.001986889,0.001839437,0.000828124,-0.001986889,,novatel_oem7_msgs.msg.InertialSolutionStatus(status=3),
1786043660967184581,1786043660.965507599,/novatel/oem7/fix,/novatel/oem7/fix,/novatel/oem7/inspva,39.663,-75.756,-1.801086186,0.002017255,-0.001986889,0.001839437,0.000828124,-0.001986889,,0,
1786043660968273206,1786043660.966136981,/novatel/oem7/odom,/novatel/oem7/fix,/novatel/oem7/odom,39.663,-75.756,-1.801086186,0.002025120,-0.001978872,0.000920266,0.001803946,-0.001978872,,,
1786043660976212800,1786043660.975578281,/novatel/oem7/odom,/novatel/oem7/fix,/novatel/oem7/odom,39.663,-75.756,-1.801086186,0.002025120,-0.001978872,0.000920266,0.001803946,-0.001978872,,,
1786043660985950186,1786043660.985439995,/novatel/oem7/inspva,/novatel/oem7/inspva,/novatel/oem7/inspva,39.663,-75.756,-1.801103207,0.001787371,-0.002366717,0.001477044,0.001006498,-0.002366717,,novatel_oem7_msgs.msg.InertialSolutionStatus(status=3),
1786043660987343470,1786043660.985555371,/novatel/oem7/fix,/novatel/oem7/fix,/novatel/oem7/inspva,39.663,-75.756,-1.801103207,0.001787371,-0.002366717,0.001477044,0.001006498,-0.002366717,,0,
1786043660988385360,1786043660.985941020,/novatel/oem7/odom,/novatel/oem7/fix,/novatel/oem7/odom,39.663,-75.756,-1.801103207,0.001797484,-0.002359047,0.001082972,0.001434615,-0.002359047,,,
1786043660995180797,1786043660.994466940,/novatel/oem7/odom,/novatel/oem7/fix,/novatel/oem7/odom,39.663,-75.756,-1.801103207,0.001797484,-0.002359047,0.001082972,0.001434615,-0.002359047,,,
1786043661008701912,1786043661.008291846,/novatel/oem7/inspva,/novatel/oem7/inspva,/novatel/oem7/inspva,39.663,-75.756,-1.801120831,0.002546323,-0.001527664,-0.000537385,0.002488971,-0.001527664,,novatel_oem7_msgs.msg.InertialSolutionStatus(status=3),
1786043661009859625,1786043661.008474758,/novatel/oem7/fix,/novatel/oem7/fix,/novatel/oem7/inspva,39.663,-75.756,-1.801120831,0.002546323,-0.001527664,-0.000537385,0.002488971,-0.001527664,,0,
1786043661011502309,1786043661.011114931,/novatel/oem7/odom,/novatel/oem7/fix,/novatel/oem7/odom,39.663,-75.756,-1.801120831,0.002550854,-0.001520086,0.002466995,-0.000648684,-0.001520086,,,
1786043661016998133,1786043661.016485880,/novatel/oem7/odom,/novatel/oem7/fix,/novatel/oem7/odom,39.663,-75.756,-1.801120831,0.002550854,-0.001520086,0.002466995,-0.000648684,-0.001520086,,,
1786043661025271017,1786043661.024572170,/novatel/oem7/bestpos,/novatel/oem7/bestpos,/novatel/oem7/odom,39.663,-75.756,33.181310110,0.002550854,-0.001520086,0.002466995,-0.000648684,-0.001520086,,novatel_oem7_msgs.msg.SolutionStatus(status=0),novatel_oem7_msgs.msg.PositionOrVelocityType(type=53)
1786043661026777582,1786043661.025548683,/novatel/oem7/bestvel,/novatel/oem7/bestpos,/novatel/oem7/bestvel,39.663,-75.756,33.181310110,0.002443401,-0.001326258,,,,107.672360143,novatel_oem7_msgs.msg.SolutionStatus(status=0),novatel_oem7_msgs.msg.PositionOrVelocityType(type=53)
1786043661027908844,1786043661.026633813,/novatel/oem7/inspva,/novatel/oem7/inspva,/novatel/oem7/inspva,39.663,-75.756,-1.801141027,0.002988647,-0.000975415,-0.000363596,0.002966447,-0.000975415,,novatel_oem7_msgs.msg.InertialSolutionStatus(status=3),
1786043661028297179,1786043661.026771948,/novatel/oem7/fix,/novatel/oem7/fix,/novatel/oem7/inspva,39.663,-75.756,-1.801141027,0.002988647,-0.000975415,-0.000363596,0.002966447,-0.000975415,,0,
1786043661028764749,1786043661.027189982,/novatel/oem7/odom,/novatel/oem7/fix,/novatel/oem7/odom,39.663,-75.756,-1.801141027,0.002991805,-0.000965686,0.002949947,-0.000498710,-0.000965686,,,
1786043661035999902,1786043661.035610078,/novatel/oem7/odom,/novatel/oem7/fix,/novatel/oem7/odom,39.663,-75.756,-1.801141027,0.002991805,-0.000965686,0.002949947,-0.000498710,-0.000965686,,,
1786043661046300703,1786043661.045930366,/novatel/oem7/inspva,/novatel/oem7/inspva,/novatel/oem7/inspva,39.663,-75.756,-1.801127996,0.001974760,-0.000738819,0.001859887,0.000663700,-0.000738819,,novatel_oem7_msgs.msg.InertialSolutionStatus(status=3),
1786043661047635521,1786043661.046073438,/novatel/oem7/fix,/novatel/oem7/fix,/novatel/oem7/inspva,39.663,-75.756,-1.801127996,0.001974760,-0.000738819,0.001859887,0.000663700,-0.000738819,,0,
1786043661048121819,1786043661.046659104,/novatel/oem7/odom,/novatel/oem7/fix,/novatel/oem7/odom,39.663,-75.756,-1.801127996,0.001977554,-0.000731308,0.000752311,0.001828865,-0.000731308,,,
1786043661057279055,1786043661.056414513,/novatel/oem7/odom,/novatel/oem7/fix,/novatel/oem7/odom,39.663,-75.756,-1.801127996,0.001977554,-0.000731308,0.000752311,0.001828865,-0.000731308,,,
1786043661067174145,1786043661.066482946,/novatel/oem7/inspva,/novatel/oem7/inspva,/novatel/oem7/inspva,39.663,-75.756,-1.801115338,0.001636801,-0.001801780,0.001542703,0.000546976,-0.001801780,,novatel_oem7_msgs.msg.InertialSolutionStatus(status=3),
1786043661067862851,1786043661.066623714,/novatel/oem7/fix,/novatel/oem7/fix,/novatel/oem7/inspva,39.663,-75.756,-1.801115338,0.001636801,-0.001801780,0.001542703,0.000546976,-0.001801780,,0,
1786043661068357897,1786043661.067045148,/novatel/oem7/odom,/novatel/oem7/fix,/novatel/oem7/odom,39.663,-75.756,-1.801115338,0.001643598,-0.001795581,0.000624883,0.001520177,-0.001795581,,,
1786043661075257605,1786043661.074868265,/novatel/oem7/odom,/novatel/oem7/fix,/novatel/oem7/odom,39.663,-75.756,-1.801115338,0.001643598,-0.001795581,0.000624883,0.001520177,-0.001795581,,,
1786043661085827823,1786043661.085354424,/novatel/oem7/inspva,/novatel/oem7/inspva,/novatel/oem7/inspva,39.663,-75.756,-1.801098522,0.002186522,-0.002191576,-0.001006268,0.001941212,-0.002191576,,novatel_oem7_msgs.msg.InertialSolutionStatus(status=3),
1786043661086472059,1786043661.085515303,/novatel/oem7/fix,/novatel/oem7/fix,/novatel/oem7/inspva,39.663,-75.756,-1.801098522,0.002186522,-0.002191576,-0.001006268,0.001941212,-0.002191576,,0,
1786043661086978242,1786043661.086122302,/novatel/oem7/odom,/novatel/oem7/fix,/novatel/oem7/odom,39.663,-75.756,-1.801098522,0.002190785,-0.002187314,0.001900455,-0.001089868,-0.002187314,,,
1786043661096161571,1786043661.095498591,/novatel/oem7/odom,/novatel/oem7/fix,/novatel/oem7/odom,39.663,-75.756,-1.801098522,0.002190785,-0.002187314,0.001900455,-0.001089868,-0.002187314,,,
1786043661106342747,1786043661.105893127,/novatel/oem7/inspva,/novatel/oem7/inspva,/novatel/oem7/inspva,39.663,-75.756,-1.801065931,0.001830139,-0.000946975,-0.000766726,0.001661788,-0.000946975,,novatel_oem7_msgs.msg.InertialSolutionStatus(status=3),
1786043661106961577,1786043661.106038502,/novatel/oem7/fix,/novatel/oem7/fix,/novatel/oem7/inspva,39.663,-75.756,-1.801065931,0.001830139,-0.000946975,-0.000766726,0.001661788,-0.000946975,,0,
1786043661107504723,1786043661.106482966,/novatel/oem7/odom,/novatel/oem7/fix,/novatel/oem7/odom,39.663,-75.756,-1.801065931,0.001832179,-0.000943021,0.001627879,-0.000840767,-0.000943021,,,
1786043661109824055,1786043661.109441295,/novatel/oem7/bestpos,/novatel/oem7/bestpos,/novatel/oem7/odom,39.663,-75.756,33.181421438,0.001832179,-0.000943021,0.001627879,-0.000840767,-0.000943021,,novatel_oem7_msgs.msg.SolutionStatus(status=0),novatel_oem7_msgs.msg.PositionOrVelocityType(type=53)
1786043661110954743,1786043661.110059778,/novatel/oem7/bestvel,/novatel/oem7/bestpos,/novatel/oem7/bestvel,39.663,-75.756,33.181421438,0.001725264,-0.000801527,,,,120.148329017,novatel_oem7_msgs.msg.SolutionStatus(status=0),novatel_oem7_msgs.msg.PositionOrVelocityType(type=53)
1786043661114848581,1786043661.114413134,/novatel/oem7/odom,/novatel/oem7/bestpos,/novatel/oem7/odom,39.663,-75.756,33.181421438,0.001832179,-0.000943021,0.001627879,-0.000840767,-0.000943021,,,
1786043661126963410,1786043661.126608921,/novatel/oem7/inspva,/novatel/oem7/inspva,/novatel/oem7/inspva,39.663,-75.756,-1.801053554,0.000975536,-0.000955246,0.000644990,0.000731887,-0.000955246,,novatel_oem7_msgs.msg.InertialSolutionStatus(status=3),
1786043661128005184,1786043661.126744979,/novatel/oem7/fix,/novatel/oem7/fix,/novatel/oem7/inspva,39.663,-75.756,-1.801053554,0.000975536,-0.000955246,0.000644990,0.000731887,-0.000955246,,0,
1786043661129532836,1786043661.127631694,/novatel/oem7/odom,/novatel/oem7/fix,/novatel/oem7/odom,39.663,-75.756,-1.801053554,0.000979860,-0.000950810,0.000764683,0.000612687,-0.000950810,,,
1786043661135947731,1786043661.135495208,/novatel/oem7/odom,/novatel/oem7/fix,/novatel/oem7/odom,39.663,-75.756,-1.801053554,0.000979860,-0.000950810,0.000764683,0.000612687,-0.000950810,,,
1786043661145661755,1786043661.145094966,/novatel/oem7/inspva,/novatel/oem7/inspva,/novatel/oem7/inspva,39.663,-75.756,-1.801042281,0.000890154,-0.001708789,0.000689548,0.000562936,-0.001708789,,novatel_oem7_msgs.msg.InertialSolutionStatus(status=3),
1786043661147012605,1786043661.145252924,/novatel/oem7/fix,/novatel/oem7/fix,/novatel/oem7/inspva,39.663,-75.756,-1.801042281,0.000890154,-0.001708789,0.000689548,0.000562936,-0.001708789,,0,
1786043661147724007,1786043661.145710846,/novatel/oem7/odom,/novatel/oem7/fix,/novatel/oem7/odom,39.663,-75.756,-1.801042281,0.000897683,-0.001704845,0.000600838,0.000666955,-0.001704845,,,
1786043661156443521,1786043661.155738724,/novatel/oem7/odom,/novatel/oem7/fix,/novatel/oem7/odom,39.663,-75.756,-1.801042281,0.000897683,-0.001704845,0.000600838,0.000666955,-0.001704845,,,
1786043661166155454,1786043661.165612948,/novatel/oem7/inspva,/novatel/oem7/inspva,/novatel/oem7/inspva,39.663,-75.756,-1.801042363,0.001117620,-0.003048495,-0.000751624,0.000827125,-0.003048495,,novatel_oem7_msgs.msg.InertialSolutionStatus(status=3),
1786043661167558101,1786043661.165804423,/novatel/oem7/fix,/novatel/oem7/fix,/novatel/oem7/inspva,39.663,-75.756,-1.801042363,0.001117620,-0.003048495,-0.000751624,0.000827125,-0.003048495,,0,
1786043661168087088,1786043661.166564054,/novatel/oem7/odom,/novatel/oem7/fix,/novatel/oem7/odom,39.663,-75.756,-1.801042363,0.001120274,-0.003047521,0.000802641,-0.000781524,-0.003047521,,,
1786043661175288547,1786043661.174623617,/novatel/oem7/odom,/novatel/oem7/fix,/novatel/oem7/odom,39.663,-75.756,-1.801042363,0.001120274,-0.003047521,0.000802641,-0.000781524,-0.003047521,,,
1786043661186635683,1786043661.186328929,/novatel/oem7/inspva,/novatel/oem7/inspva,/novatel/oem7/inspva,39.663,-75.756,-1.801015544,0.001629499,-0.001730346,-0.000767046,0.001437675,-0.001730346,,novatel_oem7_msgs.msg.InertialSolutionStatus(status=3),
1786043661187279198,1786043661.186505604,/novatel/oem7/fix,/novatel/oem7/fix,/novatel/oem7/inspva,39.663,-75.756,-1.801015544,0.001629499,-0.001730346,-0.000767046,0.001437675,-0.001730346,,0,
1786043661187795669,1786043661.186980579,/novatel/oem7/odom,/novatel/oem7/fix,/novatel/oem7/odom,39.663,-75.756,-1.801015544,0.001632815,-0.001727217,0.001406903,-0.000828680,-0.001727217,,,
1786043661195239658,1786043661.194873273,/novatel/oem7/odom,/novatel/oem7/fix,/novatel/oem7/odom,39.663,-75.756,-1.801015544,0.001632815,-0.001727217,0.001406903,-0.000828680,-0.001727217,,,
1786043661206657191,1786043661.206226021,/novatel/oem7/inspva,/novatel/oem7/inspva,/novatel/oem7/inspva,39.663,-75.756,-1.801004003,0.001113201,-0.000978232,-0.000130153,0.001105566,-0.000978232,,novatel_oem7_msgs.msg.InertialSolutionStatus(status=3),
1786043661207277370,1786043661.206395263,/novatel/oem7/fix,/novatel/oem7/fix,/novatel/oem7/inspva,39.663,-75.756,-1.801004003,0.001113201,-0.000978232,-0.000130153,0.001105566,-0.000978232,,0,
1786043661207768647,1786043661.206778764,/novatel/oem7/odom,/novatel/oem7/fix,/novatel/oem7/odom,39.663,-75.756,-1.801004003,0.001116445,-0.000974528,0.001102010,-0.000178952,-0.000974528,,,
1786043661211140239,1786043661.210828430,/novatel/oem7/bestpos,/novatel/oem7/bestpos,/novatel/oem7/odom,39.663,-75.756,33.181472882,0.001116445,-0.000974528,0.001102010,-0.000178952,-0.000974528,,novatel_oem7_msgs.msg.SolutionStatus(status=0),novatel_oem7_msgs.msg.PositionOrVelocityType(type=53)
1786043661211791702,1786043661.211240041,/novatel/oem7/bestvel,/novatel/oem7/bestpos,/novatel/oem7/bestvel,39.663,-75.756,33.181472882,0.002376720,-0.001744841,,,,88.511929362,novatel_oem7_msgs.msg.SolutionStatus(status=0),novatel_oem7_msgs.msg.PositionOrVelocityType(type=53)
1786043661215896276,1786043661.215536500,/novatel/oem7/odom,/novatel/oem7/bestpos,/novatel/oem7/odom,39.663,-75.756,33.181472882,0.001116445,-0.000974528,0.001102010,-0.000178952,-0.000974528,,,
1786043661225452865,1786043661.225144261,/novatel/oem7/inspva,/novatel/oem7/inspva,/novatel/oem7/inspva,39.663,-75.756,-1.801000371,0.001551114,-0.001613415,0.000331081,0.001515368,-0.001613415,,novatel_oem7_msgs.msg.InertialSolutionStatus(status=3),
1786043661226075990,1786043661.225326532,/novatel/oem7/fix,/novatel/oem7/fix,/novatel/oem7/inspva,39.663,-75.756,-1.801000371,0.001551114,-0.001613415,0.000331081,0.001515368,-0.001613415,,0,
1786043661226593158,1786043661.225694446,/novatel/oem7/odom,/novatel/oem7/fix,/novatel/oem7/odom,39.663,-75.756,-1.801000371,0.001557725,-0.001607032,0.001535130,0.000264354,-0.001607032,,,
1786043661234937937,1786043661.234538867,/novatel/oem7/odom,/novatel/oem7/fix,/novatel/oem7/odom,39.663,-75.756,-1.801000371,0.001557725,-0.001607032,0.001535130,0.000264354,-0.001607032,,,
1786043661247198262,1786043661.246660563,/novatel/oem7/inspva,/novatel/oem7/inspva,/novatel/oem7/inspva,39.663,-75.756,-1.801004226,0.001562015,-0.002850028,-0.000773231,0.001357205,-0.002850028,,novatel_oem7_msgs.msg.InertialSolutionStatus(status=3),
1786043661247971894,1786043661.246838681,/novatel/oem7/fix,/novatel/oem7/fix,/novatel/oem7/inspva,39.663,-75.756,-1.801004226,0.001562015,-0.002850028,-0.000773231,0.001357205,-0.002850028,,0,
1786043661248430169,1786043661.247240578,/novatel/oem7/odom,/novatel/oem7/fix,/novatel/oem7/odom,39.663,-75.756,-1.801004226,0.001567165,-0.002847199,0.001330396,-0.000828283,-0.002847199,,,
1786043661256879256,1786043661.256531180,/novatel/oem7/odom,/novatel/oem7/fix,/novatel/oem7/odom,39.663,-75.756,-1.801004226,0.001567165,-0.002847199,0.001330396,-0.000828283,-0.002847199,,,
1786043661265307990,1786043661.265022477,/novatel/oem7/inspva,/novatel/oem7/inspva,/novatel/oem7/inspva,39.663,-75.756,-1.800980506,0.001595866,-0.002353256,-0.000983970,0.001256420,-0.002353256,,novatel_oem7_msgs.msg.InertialSolutionStatus(status=3),
1786043661265900875,1786043661.265191442,/novatel/oem7/fix,/novatel/oem7/fix,/novatel/oem7/inspva,39.663,-75.756,-1.800980506,0.001595866,-0.002353256,-0.000983970,0.001256420,-0.002353256,,0,
1786043661266367828,1786043661.265616846,/novatel/oem7/odom,/novatel/oem7/fix,/novatel/oem7/odom,39.663,-75.756,-1.800980506,0.001598635,-0.002351376,0.001218046,-0.001035373,-0.002351376,,,
1786043661275635828,1786043661.275330522,/novatel/oem7/odom,/novatel/oem7/fix,/novatel/oem7/odom,39.663,-75.756,-1.800980506,0.001598635,-0.002351376,0.001218046,-0.001035373,-0.002351376,,,
1786043661286100685,1786043661.285413534,/novatel/oem7/inspva,/novatel/oem7/inspva,/novatel/oem7/inspva,39.663,-75.756,-1.800947204,0.001708364,0.000416817,-0.000491119,0.001636248,0.000416817,,novatel_oem7_msgs.msg.InertialSolutionStatus(status=3),
1786043661287538280,1786043661.285628713,/novatel/oem7/fix,/novatel/oem7/fix,/novatel/oem7/inspva,39.663,-75.756,-1.800947204,0.001708364,0.000416817,-0.000491119,0.001636248,0.000416817,,0,
1786043661287995847,1786043661.286132061,/novatel/oem7/odom,/novatel/oem7/fix,/novatel/oem7/odom,39.663,-75.756,-1.800947204,0.001707227,0.000421450,0.001610072,-0.000567708,0.000421450,,,
1786043661295362944,1786043661.294986705,/novatel/oem7/odom,/novatel/oem7/fix,/novatel/oem7/odom,39.663,-75.756,-1.800947204,0.001707227,0.000421450,0.001610072,-0.000567708,0.000421450,,,
1786043661306628003,1786043661.305954810,/novatel/oem7/inspva,/novatel/oem7/inspva,/novatel/oem7/inspva,39.663,-75.756,-1.800940758,0.001617108,-0.000794199,-0.000286256,0.001591571,-0.000794199,,novatel_oem7_msgs.msg.InertialSolutionStatus(status=3),
1786043661307743640,1786043661.306140712,/novatel/oem7/fix,/novatel/oem7/fix,/novatel/oem7/inspva,39.663,-75.756,-1.800940758,0.001617108,-0.000794199,-0.000286256,0.001591571,-0.000794199,,0,
1786043661308210502,1786043661.306670403,/novatel/oem7/odom,/novatel/oem7/fix,/novatel/oem7/odom,39.663,-75.756,-1.800940758,0.001619571,-0.000789166,0.001579518,-0.000357958,-0.000789166,,,
1786043661310959046,1786043661.310181532,/novatel/oem7/bestpos,/novatel/oem7/bestpos,/novatel/oem7/odom,39.663,-75.756,33.181553635,0.001619571,-0.000789166,0.001579518,-0.000357958,-0.000789166,,novatel_oem7_msgs.msg.SolutionStatus(status=0),novatel_oem7_msgs.msg.PositionOrVelocityType(type=53)
1786043661312383810,1786043661.310372657,/novatel/oem7/bestvel,/novatel/oem7/bestpos,/novatel/oem7/bestvel,39.663,-75.756,33.181553635,0.002942837,-0.001726093,,,,87.639269817,novatel_oem7_msgs.msg.SolutionStatus(status=0),novatel_oem7_msgs.msg.PositionOrVelocityType(type=53)
1786043661315188125,1786043661.314814420,/novatel/oem7/odom,/novatel/oem7/bestpos,/novatel/oem7/odom,39.663,-75.756,33.181553635,0.001619571,-0.000789166,0.001579518,-0.000357958,-0.000789166,,,
1786043661325555044,1786043661.325187239,/novatel/oem7/inspva,/novatel/oem7/inspva,/novatel/oem7/inspva,39.663,-75.756,-1.800942694,0.000924453,-0.002647594,-0.000200464,0.000902457,-0.002647594,,novatel_oem7_msgs.msg.InertialSolutionStatus(status=3),
1786043661326838639,1786043661.325372794,/novatel/oem7/fix,/novatel/oem7/fix,/novatel/oem7/inspva,39.663,-75.756,-1.800942694,0.000924453,-0.002647594,-0.000200464,0.000902457,-0.002647594,,0,
1786043661327646637,1786043661.325798165,/novatel/oem7/odom,/novatel/oem7/fix,/novatel/oem7/odom,39.663,-75.756,-1.800942694,0.000932284,-0.002644847,0.000902015,-0.000235630,-0.002644847,,,
1786043661335960597,1786043661.335581365,/novatel/oem7/odom,/novatel/oem7/fix,/novatel/oem7/odom,39.663,-75.756,-1.800942694,0.000932284,-0.002644847,0.000902015,-0.000235630,-0.002644847,,,
1786043661345446918,1786043661.345080565,/novatel/oem7/inspva,/novatel/oem7/inspva,/novatel/oem7/inspva,39.663,-75.756,-1.800923419,0.001520995,-0.002397836,-0.000718636,0.001340517,-0.002397836,,novatel_oem7_msgs.msg.InertialSolutionStatus(status=3),
1786043661346640151,1786043661.345263290,/novatel/oem7/fix,/novatel/oem7/fix,/novatel/oem7/inspva,39.663,-75.756,-1.800923419,0.001520995,-0.002397836,-0.000718636,0.001340517,-0.002397836,,0,
1786043661347471337,1786043661.345706058,/novatel/oem7/odom,/novatel/oem7/fix,/novatel/oem7/odom,39.663,-75.756,-1.800923419,0.001525594,-0.002394912,0.001314548,-0.000774210,-0.002394912,,,
1786043661356033947,1786043661.355676258,/novatel/oem7/odom,/novatel/oem7/fix,/novatel/oem7/odom,39.663,-75.756,-1.800923419,0.001525594,-0.002394912,0.001314548,-0.000774210,-0.002394912,,,
1786043661366951941,1786043661.366598527,/novatel/oem7/inspva,/novatel/oem7/inspva,/novatel/oem7/inspva,39.663,-75.756,-1.800885657,0.002401318,0.000284661,-0.001475313,0.001894671,0.000284661,,novatel_oem7_msgs.msg.InertialSolutionStatus(status=3),
1786043661368154659,1786043661.366790832,/novatel/oem7/fix,/novatel/oem7/fix,/novatel/oem7/inspva,39.663,-75.756,-1.800885657,0.002401318,0.000284661,-0.001475313,0.001894671,0.000284661,,0,
1786043661369170469,1786043661.367558923,/novatel/oem7/odom,/novatel/oem7/fix,/novatel/oem7/odom,39.663,-75.756,-1.800885657,0.002400973,0.000287557,0.001822937,-0.001562553,0.000287557,,,
1786043661376053323,1786043661.375610299,/novatel/oem7/odom,/novatel/oem7/fix,/novatel/oem7/odom,39.663,-75.756,-1.800885657,0.002400973,0.000287557,0.001822937,-0.001562553,0.000287557,,,
1786043661385686061,1786043661.385281317,/novatel/oem7/inspva,/novatel/oem7/inspva,/novatel/oem7/inspva,39.663,-75.756,-1.800873959,0.001629085,-0.000169771,-0.000836016,0.001398212,-0.000169771,,novatel_oem7_msgs.msg.InertialSolutionStatus(status=3),
1786043661386824706,1786043661.385489593,/novatel/oem7/fix,/novatel/oem7/fix,/novatel/oem7/inspva,39.663,-75.756,-1.800873959,0.001629085,-0.000169771,-0.000836016,0.001398212,-0.000169771,,0,
1786043661387740208,1786043661.385950888,/novatel/oem7/odom,/novatel/oem7/fix,/novatel/oem7/odom,39.663,-75.756,-1.800873959,0.001629381,-0.000166909,0.001358464,-0.000899699,-0.000166909,,,
1786043661395916683,1786043661.395564428,/novatel/oem7/odom,/novatel/oem7/fix,/novatel/oem7/odom,39.663,-75.756,-1.800873959,0.001629381,-0.000166909,0.001358464,-0.000899699,-0.000166909,,,
1786043661407898247,1786043661.407217307,/novatel/oem7/inspva,/novatel/oem7/inspva,/novatel/oem7/inspva,39.663,-75.756,-1.800889821,0.000470877,-0.003050097,0.000442144,0.000161970,-0.003050097,,novatel_oem7_msgs.msg.InertialSolutionStatus(status=3),
1786043661409242893,1786043661.407389929,/novatel/oem7/fix,/novatel/oem7/fix,/novatel/oem7/inspva,39.663,-75.756,-1.800889821,0.000470877,-0.003050097,0.000442144,0.000161970,-0.003050097,,0,
1786043661409954970,1786043661.407851509,/novatel/oem7/odom,/novatel/oem7/fix,/novatel/oem7/odom,39.663,-75.756,-1.800889821,0.000482355,-0.003048303,0.000193763,0.000441726,-0.003048303,,,
1786043661410604919,1786043661.410191322,/novatel/oem7/bestpos,/novatel/oem7/bestpos,/novatel/oem7/odom,39.663,-75.756,33.181611783,0.000482355,-0.003048303,0.000193763,0.000441726,-0.003048303,,novatel_oem7_msgs.msg.SolutionStatus(status=0),novatel_oem7_msgs.msg.PositionOrVelocityType(type=53)
1786043661411886643,1786043661.410636917,/novatel/oem7/bestvel,/novatel/oem7/bestpos,/novatel/oem7/bestvel,39.663,-75.756,33.181611783,0.000521861,-0.002992275,,,,87.581478668,novatel_oem7_msgs.msg.SolutionStatus(status=0),novatel_oem7_msgs.msg.PositionOrVelocityType(type=53)
1786043661415849619,1786043661.415494758,/novatel/oem7/odom,/novatel/oem7/bestpos,/novatel/oem7/odom,39.663,-75.756,33.181611783,0.000482355,-0.003048303,0.000193763,0.000441726,-0.003048303,,,
1786043661426783258,1786043661.426390106,/novatel/oem7/inspva,/novatel/oem7/inspva,/novatel/oem7/inspva,39.663,-75.756,-1.800873179,0.000530594,-0.002558503,-0.000230463,0.000477930,-0.002558503,,novatel_oem7_msgs.msg.InertialSolutionStatus(status=3),
1786043661427758780,1786043661.426579174,/novatel/oem7/fix,/novatel/oem7/fix,/novatel/oem7/inspva,39.663,-75.756,-1.800873179,0.000530594,-0.002558503,-0.000230463,0.000477930,-0.002558503,,0,
1786043661428208286,1786043661.426966098,/novatel/oem7/odom,/novatel/oem7/fix,/novatel/oem7/odom,39.663,-75.756,-1.800873179,0.000536019,-0.002557372,0.000476204,-0.000246060,-0.002557372,,,
1786043661435355603,1786043661.434904126,/novatel/oem7/odom,/novatel/oem7/fix,/novatel/oem7/odom,39.663,-75.756,-1.800873179,0.000536019,-0.002557372,0.000476204,-0.000246060,-0.002557372,,,
1786043661445868529,1786043661.445355429,/novatel/oem7/inspva,/novatel/oem7/inspva,/novatel/oem7/inspva,39.663,-75.756,-1.800850800,0.002550020,-0.000620214,-0.001591124,0.001992718,-0.000620214,,novatel_oem7_msgs.msg.InertialSolutionStatus(status=3),
1786043661446528101,1786043661.445570925,/novatel/oem7/fix,/novatel/oem7/fix,/novatel/oem7/inspva,39.663,-75.756,-1.800850800,0.002550020,-0.000620214,-0.001591124,0.001992718,-0.000620214,,0,
1786043661447316575,1786043661.446167690,/novatel/oem7/odom,/novatel/oem7/fix,/novatel/oem7/odom,39.663,-75.756,-1.800850800,0.002550737,-0.000617258,0.001918889,-0.001680513,-0.000617258,,,
1786043661456968140,1786043661.456587819,/novatel/oem7/odom,/novatel/oem7/fix,/novatel/oem7/odom,39.663,-75.756,-1.800850800,0.002550737,-0.000617258,0.001918889,-0.001680513,-0.000617258,,,
1786043661465504121,1786043661.465114607,/novatel/oem7/inspva,/novatel/oem7/inspva,/novatel/oem7/inspva,39.663,-75.756,-1.800829241,0.001702920,0.000059669,-0.001387792,0.000986900,0.000059669,,novatel_oem7_msgs.msg.InertialSolutionStatus(status=3),
1786043661466711893,1786043661.465299799,/novatel/oem7/fix,/novatel/oem7/fix,/novatel/oem7/inspva,39.663,-75.756,-1.800829241,0.001702920,0.000059669,-0.001387792,0.000986900,0.000059669,,0,
1786043661467611421,1786043661.465701593,/novatel/oem7/odom,/novatel/oem7/fix,/novatel/oem7/odom,39.663,-75.756,-1.800829241,0.001702925,0.000059538,0.000921105,-0.001432313,0.000059538,,,
1786043661474922112,1786043661.474533996,/novatel/oem7/odom,/novatel/oem7/fix,/novatel/oem7/odom,39.663,-75.756,-1.800829241,0.001702925,0.000059538,0.000921105,-0.001432313,0.000059538,,,
1786043661485903588,1786043661.485202888,/novatel/oem7/inspva,/novatel/oem7/inspva,/novatel/oem7/inspva,39.663,-75.756,-1.800839390,0.000747386,-0.001942817,0.000739509,0.000108222,-0.001942817,,novatel_oem7_msgs.msg.InertialSolutionStatus(status=3),
1786043661487260533,1786043661.485396677,/novatel/oem7/fix,/novatel/oem7/fix,/novatel/oem7/inspva,39.663,-75.756,-1.800839390,0.000747386,-0.001942817,0.000739509,0.000108222,-0.001942817,,0,
1786043661487746461,1786043661.486047196,/novatel/oem7/odom,/novatel/oem7/fix,/novatel/oem7/odom,39.663,-75.756,-1.800839390,0.000753537,-0.001940440,0.000149717,0.000738514,-0.001940440,,,
1786043661495859790,1786043661.495465079,/novatel/oem7/odom,/novatel/oem7/fix,/novatel/oem7/odom,39.663,-75.756,-1.800839390,0.000753537,-0.001940440,0.000149717,0.000738514,-0.001940440,,,
1786043661506586845,1786043661.506165077,/novatel/oem7/inspva,/novatel/oem7/inspva,/novatel/oem7/inspva,39.663,-75.756,-1.800826178,0.000088321,-0.002357775,-0.000087800,-0.000009571,-0.002357775,,novatel_oem7_msgs.msg.InertialSolutionStatus(status=3),
1786043661507620545,1786043661.506350956,/novatel/oem7/fix,/novatel/oem7/fix,/novatel/oem7/inspva,39.663,-75.756,-1.800826178,0.000088321,-0.002357775,-0.000087800,-0.000009571,-0.002357775,,0,
1786043661508126678,1786043661.506729243,/novatel/oem7/odom,/novatel/oem7/fix,/novatel/oem7/odom,39.663,-75.756,-1.800826178,0.000081545,-0.002358019,-0.000004867,-0.000081400,-0.002358019,,,
1786043661511604143,1786043661.511202231,/novatel/oem7/bestpos,/novatel/oem7/bestpos,/novatel/oem7/odom,39.663,-75.756,33.181679254,0.000081545,-0.002358019,-0.000004867,-0.000081400,-0.002358019,,novatel_oem7_msgs.msg.SolutionStatus(status=0),novatel_oem7_msgs.msg.PositionOrVelocityType(type=53)
1786043661512654346,1786043661.511592044,/novatel/oem7/bestvel,/novatel/oem7/bestpos,/novatel/oem7/bestvel,39.663,-75.756,33.181679254,0.000663114,-0.002461376,,,,126.367029691,novatel_oem7_msgs.msg.SolutionStatus(status=0),novatel_oem7_msgs.msg.PositionOrVelocityType(type=53)
1786043661514943506,1786043661.514510929,/novatel/oem7/odom,/novatel/oem7/bestpos,/novatel/oem7/odom,39.663,-75.756,33.181679254,0.000081545,-0.002358019,-0.000004867,-0.000081400,-0.002358019,,,
1786043661527081590,1786043661.526379140,/novatel/oem7/inspva,/novatel/oem7/inspva,/novatel/oem7/inspva,39.663,-75.756,-1.800805582,0.001718727,-0.000770908,-0.001092752,0.001326617,-0.000770908,,novatel_oem7_msgs.msg.InertialSolutionStatus(status=3),
1786043661527832441,1786043661.526584852,/novatel/oem7/fix,/novatel/oem7/fix,/novatel/oem7/inspva,39.663,-75.756,-1.800805582,0.001718727,-0.000770908,-0.001092752,0.001326617,-0.000770908,,0,
1786043661528314830,1786043661.527012676,/novatel/oem7/odom,/novatel/oem7/fix,/novatel/oem7/odom,39.663,-75.756,-1.800805582,0.001719557,-0.000769054,0.001277250,-0.001151307,-0.000769054,,,
1786043661535457117,1786043661.535081346,/novatel/oem7/odom,/novatel/oem7/fix,/novatel/oem7/odom,39.663,-75.756,-1.800805582,0.001719557,-0.000769054,0.001277250,-0.001151307,-0.000769054,,,
1786043661545436240,1786043661.544998670,/novatel/oem7/inspva,/novatel/oem7/inspva,/novatel/oem7/inspva,39.663,-75.756,-1.800783806,0.002038197,-0.000339584,-0.001576085,0.001292364,-0.000339584,,novatel_oem7_msgs.msg.InertialSolutionStatus(status=3),
1786043661546062654,1786043661.545163458,/novatel/oem7/fix,/novatel/oem7/fix,/novatel/oem7/inspva,39.663,-75.756,-1.800783806,0.002038197,-0.000339584,-0.001576085,0.001292364,-0.000339584,,0,
1786043661546593069,1786043661.545603469,/novatel/oem7/odom,/novatel/oem7/fix,/novatel/oem7/odom,39.663,-75.756,-1.800783806,0.002038273,-0.000339131,0.001218990,-0.001633591,-0.000339131,,,
1786043661556493679,1786043661.556044295,/novatel/oem7/odom,/novatel/oem7/fix,/novatel/oem7/odom,39.663,-75.756,-1.800783806,0.002038273,-0.000339131,0.001218990,-0.001633591,-0.000339131,,,
1786043661566162008,1786043661.565474965,/novatel/oem7/inspva,/novatel/oem7/inspva,/novatel/oem7/inspva,39.663,-75.756,-1.800774909,0.000557272,-0.000295335,0.000308991,0.000463764,-0.000295335,,novatel_oem7_msgs.msg.InertialSolutionStatus(status=3),
1786043661567621362,1786043661.565639547,/novatel/oem7/fix,/novatel/oem7/fix,/novatel/oem7/inspva,39.663,-75.756,-1.800774909,0.000557272,-0.000295335,0.000308991,0.000463764,-0.000295335,,0,
1786043661568076626,1786043661.566076024,/novatel/oem7/odom,/novatel/oem7/fix,/novatel/oem7/odom,39.663,-75.756,-1.800774909,0.000558598,-0.000292820,0.000478725,0.000287843,-0.000292820,,,
1786043661575028212,1786043661.574253328,/novatel/oem7/odom,/novatel/oem7/fix,/novatel/oem7/odom,39.663,-75.756,-1.800774909,0.000558598,-0.000292820,0.000478725,0.000287843,-0.000292820,,,
1786043661587020260,1786043661.586357284,/novatel/oem7/inspva,/novatel/oem7/inspva,/novatel/oem7/inspva,39.663,-75.756,-1.800772249,0.000038447,-0.001044452,-0.000001012,-0.000038433,-0.001044452,,novatel_oem7_msgs.msg.InertialSolutionStatus(status=3),
1786043661587819852,1786043661.586513075,/novatel/oem7/fix,/novatel/oem7/fix,/novatel/oem7/inspva,39.663,-75.756,-1.800772249,0.000038447,-0.001044452,-0.000001012,-0.000038433,-0.001044452,,0,
1786043661588267594,1786043661.586940959,/novatel/oem7/odom,/novatel/oem7/fix,/novatel/oem7/odom,39.663,-75.756,-1.800772249,0.000034714,-0.001044583,-0.000034549,0.000003377,-0.001044583,,,
1786043661594986463,1786043661.594552627,/novatel/oem7/odom,/novatel/oem7/fix,/novatel/oem7/odom,39.663,-75.756,-1.800772249,0.000034714,-0.001044583,-0.000034549,0.000003377,-0.001044583,,,
1786043661606754698,1786043661.606398168,/novatel/oem7/inspva,/novatel/oem7/inspva,/novatel/oem7/inspva,39.663,-75.756,-1.800776615,0.002437790,-0.002442315,-0.001870155,0.001563758,-0.002442315,,novatel_oem7_msgs.msg.InertialSolutionStatus(status=3),
1786043661607376362,1786043661.606550336,/novatel/oem7/fix,/novatel/oem7/fix,/novatel/oem7/inspva,39.663,-75.756,-1.800776615,0.002437790,-0.002442315,-0.001870155,0.001563758,-0.002442315,,0,
1786043661608202026,1786043661.607088928,/novatel/oem7/odom,/novatel/oem7/fix,/novatel/oem7/odom,39.663,-75.756,-1.800776615,0.002438412,-0.002441694,0.001484148,-0.001934725,-0.002441694,,,
1786043661610599922,1786043661.610257022,/novatel/oem7/bestpos,/novatel/oem7/bestpos,/novatel/oem7/odom,39.663,-75.756,33.181738121,0.002438412,-0.002441694,0.001484148,-0.001934725,-0.002441694,,novatel_oem7_msgs.msg.SolutionStatus(status=0),novatel_oem7_msgs.msg.PositionOrVelocityType(type=53)
1786043661611828481,1786043661.610700583,/novatel/oem7/bestvel,/novatel/oem7/bestpos,/novatel/oem7/bestvel,39.663,-75.756,33.181738121,0.002020133,-0.001670541,,,,173.676353726,novatel_oem7_msgs.msg.SolutionStatus(status=0),novatel_oem7_msgs.msg.PositionOrVelocityType(type=53)
1786043661616025031,1786043661.615653505,/novatel/oem7/odom,/novatel/oem7/bestpos,/novatel/oem7/odom,39.663,-75.756,33.181738121,0.002438412,-0.002441694,0.001484148,-0.001934725,-0.002441694,,,
1786043661625748908,1786043661.625250363,/novatel/oem7/inspva,/novatel/oem7/inspva,/novatel/oem7/inspva,39.663,-75.756,-1.800749710,0.002141849,-0.000918150,-0.001973834,0.000831561,-0.000918150,,novatel_oem7_msgs.msg.InertialSolutionStatus(status=3),
1786043661626748314,1786043661.625391481,/novatel/oem7/fix,/novatel/oem7/fix,/novatel/oem7/inspva,39.663,-75.756,-1.800749710,0.002141849,-0.000918150,-0.001973834,0.000831561,-0.000918150,,0,
1786043661627492528,1786043661.625814915,/novatel/oem7/odom,/novatel/oem7/fix,/novatel/oem7/odom,39.663,-75.756,-1.800749710,0.002140891,-0.000920381,0.000742345,-0.002008069,-0.000920381,,,
1786043661635055419,1786043661.634633986,/novatel/oem7/odom,/novatel/oem7/fix,/novatel/oem7/odom,39.663,-75.756,-1.800749710,0.002140891,-0.000920381,0.000742345,-0.002008069,-0.000920381,,,
1786043661647048027,1786043661.646632360,/novatel/oem7/inspva,/novatel/oem7/inspva,/novatel/oem7/inspva,39.663,-75.756,-1.800737097,0.001199777,0.000036631,-0.000694344,0.000978443,0.000036631,,novatel_oem7_msgs.msg.InertialSolutionStatus(status=3),
1786043661647742136,1786043661.646815399,/novatel/oem7/fix,/novatel/oem7/fix,/novatel/oem7/inspva,39.663,-75.756,-1.800737097,0.001199777,0.000036631,-0.000694344,0.000978443,0.000036631,,0,
1786043661648239614,1786043661.647216213,/novatel/oem7/odom,/novatel/oem7/fix,/novatel/oem7/odom,39.663,-75.756,-1.800737097,0.001199725,0.000038308,0.000944996,-0.000739136,0.000038308,,,
1786043661656719326,1786043661.656281132,/novatel/oem7/odom,/novatel/oem7/fix,/novatel/oem7/odom,39.663,-75.756,-1.800737097,0.001199725,0.000038308,0.000944996,-0.000739136,0.000038308,,,
1786043661665512500,1786043661.665088562,/novatel/oem7/inspva,/novatel/oem7/inspva,/novatel/oem7/inspva,39.663,-75.756,-1.800733268,0.000953353,-0.000321592,-0.000658814,0.000689090,-0.000321592,,novatel_oem7_msgs.msg.InertialSolutionStatus(status=3),
1786043661666843776,1786043661.665269210,/novatel/oem7/fix,/novatel/oem7/fix,/novatel/oem7/inspva,39.663,-75.756,-1.800733268,0.000953353,-0.000321592,-0.000658814,0.000689090,-0.000321592,,0,
1786043661667570545,1786043661.665638604,/novatel/oem7/odom,/novatel/oem7/fix,/novatel/oem7/odom,39.663,-75.756,-1.800733268,0.000953603,-0.000320851,0.000658944,-0.000689312,-0.000320851,,,
1786043661674935514,1786043661.674543715,/novatel/oem7/odom,/novatel/oem7/fix,/novatel/oem7/odom,39.663,-75.756,-1.800733268,0.000953603,-0.000320851,0.000658944,-0.000689312,-0.000320851,,,
1786043661685764525,1786043661.685092713,/novatel/oem7/inspva,/novatel/oem7/inspva,/novatel/oem7/inspva,39.663,-75.756,-1.800746969,0.001476023,-0.002707360,-0.001436559,0.000339030,-0.002707360,,novatel_oem7_msgs.msg.InertialSolutionStatus(status=3),
1786043661687178249,1786043661.685266700,/novatel/oem7/fix,/novatel/oem7/fix,/novatel/oem7/inspva,39.663,-75.756,-1.800746969,0.001476023,-0.002707360,-0.001436559,0.000339030,-0.002707360,,0,
1786043661687867270,1786043661.685726132,/novatel/oem7/odom,/novatel/oem7/fix,/novatel/oem7/odom,39.663,-75.756,-1.800746969,0.001471343,-0.002709907,0.000281890,-0.001444087,-0.002709907,,,
1786043661695265045,1786043661.694880142,/novatel/oem7/odom,/novatel/oem7/fix,/novatel/oem7/odom,39.663,-75.756,-1.800746969,0.001471343,-0.002709907,0.000281890,-0.001444087,-0.002709907,,,
1786043661706676541,1786043661.705983011,/novatel/oem7/inspva,/novatel/oem7/inspva,/novatel/oem7/inspva,39.663,-75.756,-1.800721785,0.001931231,-0.001587044,-0.001864660,0.000502689,-0.001587044,,novatel_oem7_msgs.msg.InertialSolutionStatus(status=3),
1786043661707601499,1786043661.706177910,/novatel/oem7/fix,/novatel/oem7/fix,/novatel/oem7/inspva,39.663,-75.756,-1.800721785,0.001931231,-0.001587044,-0.001864660,0.000502689,-0.001587044,,0,
1786043661708050022,1786043661.706610934,/novatel/oem7/odom,/novatel/oem7/fix,/novatel/oem7/odom,39.663,-75.756,-1.800721785,0.001928717,-0.001590098,0.000421363,-0.001882127,-0.001590098,,,
1786043661709874328,1786043661.709535263,/novatel/oem7/bestpos,/novatel/oem7/bestpos,/novatel/oem7/odom,39.663,-75.756,33.181800216,0.001928717,-0.001590098,0.000421363,-0.001882127,-0.001590098,,novatel_oem7_msgs.msg.SolutionStatus(status=0),novatel_oem7_msgs.msg.PositionOrVelocityType(type=53)
1786043661711170775,1786043661.710139709,/novatel/oem7/bestvel,/novatel/oem7/bestpos,/novatel/oem7/bestvel,39.663,-75.756,33.181800216,0.002952304,-0.000647601,,,,181.927780548,novatel_oem7_msgs.msg.SolutionStatus(status=0),novatel_oem7_msgs.msg.PositionOrVelocityType(type=53)
1786043661714766716,1786043661.714373257,/novatel/oem7/odom,/novatel/oem7/bestpos,/novatel/oem7/odom,39.663,-75.756,33.181800216,0.001928717,-0.001590098,0.000421363,-0.001882127,-0.001590098,,,
1786043661725531429,1786043661.725150757,/novatel/oem7/inspva,/novatel/oem7/inspva,/novatel/oem7/inspva,39.663,-75.756,-1.800696344,0.002009034,0.000825696,-0.001439329,0.001401624,0.000825696,,novatel_oem7_msgs.msg.InertialSolutionStatus(status=3),
1786043661726796683,1786043661.725355242,/novatel/oem7/fix,/novatel/oem7/fix,/novatel/oem7/inspva,39.663,-75.756,-1.800696344,0.002009034,0.000825696,-0.001439329,0.001401624,0.000825696,,0,
1786043661727618117,1786043661.725682478,/novatel/oem7/odom,/novatel/oem7/fix,/novatel/oem7/odom,39.663,-75.756,-1.800696344,0.002008507,0.000826978,0.001330154,-0.001504921,0.000826978,,,
1786043661735962206,1786043661.735458731,/novatel/oem7/odom,/novatel/oem7/fix,/novatel/oem7/odom,39.663,-75.756,-1.800696344,0.002008507,0.000826978,0.001330154,-0.001504921,0.000826978,,,
1786043661745404710,1786043661.745018702,/novatel/oem7/inspva,/novatel/oem7/inspva,/novatel/oem7/inspva,39.663,-75.756,-1.800691645,0.001796391,0.000029694,-0.001136142,0.001391474,0.000029694,,novatel_oem7_msgs.msg.InertialSolutionStatus(status=3),
1786043661746693355,1786043661.745213871,/novatel/oem7/fix,/novatel/oem7/fix,/novatel/oem7/inspva,39.663,-75.756,-1.800691645,0.001796391,0.000029694,-0.001136142,0.001391474,0.000029694,,0,
1786043661747519567,1786043661.745654549,/novatel/oem7/odom,/novatel/oem7/fix,/novatel/oem7/odom,39.663,-75.756,-1.800691645,0.001796356,0.000031719,0.001337076,-0.001199635,0.000031719,,,
1786043661756068080,1786043661.755671164,/novatel/oem7/odom,/novatel/oem7/fix,/novatel/oem7/odom,39.663,-75.756,-1.800691645,0.001796356,0.000031719,0.001337076,-0.001199635,0.000031719,,,
1786043661767269408,1786043661.766523187,/novatel/oem7/inspva,/novatel/oem7/inspva,/novatel/oem7/inspva,39.663,-75.756,-1.800712257,0.000633616,-0.002952604,-0.000590733,0.000229137,-0.002952604,,novatel_oem7_msgs.msg.InertialSolutionStatus(status=3),
1786043661768673272,1786043661.766715359,/novatel/oem7/fix,/novatel/oem7/fix,/novatel/oem7/inspva,39.663,-75.756,-1.800712257,0.000633616,-0.002952604,-0.000590733,0.000229137,-0.002952604,,0,
1786043661769731795,1786043661.767059433,/novatel/oem7/odom,/novatel/oem7/fix,/novatel/oem7/odom,39.663,-75.756,-1.800712257,0.000630365,-0.002953300,0.000212387,-0.000593508,-0.002953300,,,
1786043661775605400,1786043661.774976261,/novatel/oem7/odom,/novatel/oem7/fix,/novatel/oem7/odom,39.663,-75.756,-1.800712257,0.000630365,-0.002953300,0.000212387,-0.000593508,-0.002953300,,,
1786043661785475020,1786043661.785012022,/novatel/oem7/inspva,/novatel/oem7/inspva,/novatel/oem7/inspva,39.663,-75.756,-1.800700973,0.001220352,-0.002291216,-0.001217499,-0.000083400,-0.002291216,,novatel_oem7_msgs.msg.InertialSolutionStatus(status=3),
1786043661786785564,1786043661.785208271,/novatel/oem7/fix,/novatel/oem7/fix,/novatel/oem7/inspva,39.663,-75.756,-1.800700973,0.001220352,-0.002291216,-0.001217499,-0.000083400,-0.002291216,,0,
1786043661787572574,1786043661.785562148,/novatel/oem7/odom,/novatel/oem7/fix,/novatel/oem7/odom,39.663,-75.756,-1.800700973,0.001213833,-0.002294676,-0.000131431,-0.001206697,-0.002294676,,,
1786043661794972477,1786043661.794582427,/novatel/oem7/odom,/novatel/oem7/fix,/novatel/oem7/odom,39.663,-75.756,-1.800700973,0.001213833,-0.002294676,-0.000131431,-0.001206697,-0.002294676,,,
1786043661806655578,1786043661.806292829,/novatel/oem7/inspva,/novatel/oem7/inspva,/novatel/oem7/inspva,39.663,-75.756,-1.800678626,0.002825392,0.000691899,-0.002119140,0.001868713,0.000691899,,novatel_oem7_msgs.msg.InertialSolutionStatus(status=3),
1786043661807575996,1786043661.806495251,/novatel/oem7/fix,/novatel/oem7/fix,/novatel/oem7/inspva,39.663,-75.756,-1.800678626,0.002825392,0.000691899,-0.002119140,0.001868713,0.000691899,,0,
1786043661808036733,1786043661.807051906,/novatel/oem7/odom,/novatel/oem7/fix,/novatel/oem7/odom,39.663,-75.756,-1.800678626,0.002825121,0.000693007,0.001765672,-0.002205382,0.000693007,,,
1786043661810512542,1786043661.810199717,/novatel/oem7/bestpos,/novatel/oem7/bestpos,/novatel/oem7/odom,39.663,-75.756,33.181828621,0.002825121,0.000693007,0.001765672,-0.002205382,0.000693007,,novatel_oem7_msgs.msg.SolutionStatus(status=0),novatel_oem7_msgs.msg.PositionOrVelocityType(type=53)
1786043661811113529,1786043661.810599448,/novatel/oem7/bestvel,/novatel/oem7/bestpos,/novatel/oem7/bestvel,39.663,-75.756,33.181828621,0.002435260,0.000587264,,,,136.509362627,novatel_oem7_msgs.msg.SolutionStatus(status=0),novatel_oem7_msgs.msg.PositionOrVelocityType(type=53)
1786043661815324825,1786043661.814999525,/novatel/oem7/odom,/novatel/oem7/bestpos,/novatel/oem7/odom,39.663,-75.756,33.181828621,0.002825121,0.000693007,0.001765672,-0.002205382,0.000693007,,,
1786043661826729613,1786043661.826369103,/novatel/oem7/inspva,/novatel/oem7/inspva,/novatel/oem7/inspva,39.663,-75.756,-1.800677203,0.001896737,0.000027517,-0.001463633,0.001206396,0.000027517,,novatel_oem7_msgs.msg.InertialSolutionStatus(status=3),
1786043661827329207,1786043661.826529975,/novatel/oem7/fix,/novatel/oem7/fix,/novatel/oem7/inspva,39.663,-75.756,-1.800677203,0.001896737,0.000027517,-0.001463633,0.001206396,0.000027517,,0,
1786043661827806035,1786043661.827024140,/novatel/oem7/odom,/novatel/oem7/fix,/novatel/oem7/odom,39.663,-75.756,-1.800677203,0.001896730,0.000028059,0.001136982,-0.001518175,0.000028059,,,
1786043661835004552,1786043661.834646085,/novatel/oem7/odom,/novatel/oem7/fix,/novatel/oem7/odom,39.663,-75.756,-1.800677203,0.001896730,0.000028059,0.001136982,-0.001518175,0.000028059,,,
1786043661845672727,1786043661.845329300,/novatel/oem7/inspva,/novatel/oem7/inspva,/novatel/oem7/inspva,39.663,-75.756,-1.800700782,0.000426556,-0.002511416,-0.000412801,0.000107448,-0.002511416,,novatel_oem7_msgs.msg.InertialSolutionStatus(status=3),
1786043661846270020,1786043661.845582556,/novatel/oem7/fix,/novatel/oem7/fix,/novatel/oem7/inspva,39.663,-75.756,-1.800700782,0.000426556,-0.002511416,-0.000412801,0.000107448,-0.002511416,,0,
1786043661846967154,1786043661.846149478,/novatel/oem7/odom,/novatel/oem7/fix,/novatel/oem7/odom,39.663,-75.756,-1.800700782,0.000422615,-0.002512082,0.000097393,-0.000411240,-0.002512082,,,
1786043661856941264,1786043661.856587201,/novatel/oem7/odom,/novatel/oem7/fix,/novatel/oem7/odom,39.663,-75.756,-1.800700782,0.000422615,-0.002512082,0.000097393,-0.000411240,-0.002512082,,,
1786043661865868882,1786043661.865310790,/novatel/oem7/inspva,/novatel/oem7/inspva,/novatel/oem7/inspva,39.663,-75.756,-1.800693763,0.001088322,-0.002135871,-0.000861257,0.000665343,-0.002135871,,novatel_oem7_msgs.msg.InertialSolutionStatus(status=3),
1786043661867300373,1786043661.865575602,/novatel/oem7/fix,/novatel/oem7/fix,/novatel/oem7/inspva,39.663,-75.756,-1.800693763,0.001088322,-0.002135871,-0.000861257,0.000665343,-0.002135871,,0,
1786043661868375663,1786043661.865937599,/novatel/oem7/odom,/novatel/oem7/fix,/novatel/oem7/odom,39.663,-75.756,-1.800693763,0.001088620,-0.002135719,0.000632475,-0.000886041,-0.002135719,,,
1786043661875646026,1786043661.874627005,/novatel/oem7/odom,/novatel/oem7/fix,/novatel/oem7/odom,39.663,-75.756,-1.800693763,0.001088620,-0.002135719,0.000632475,-0.000886041,-0.002135719,,,
1786043661887005799,1786043661.886717118,/novatel/oem7/inspva,/novatel/oem7/inspva,/novatel/oem7/inspva,39.663,-75.756,-1.800669096,0.002821155,0.000478582,-0.002529491,0.001249235,0.000478582,,novatel_oem7_msgs.msg.InertialSolutionStatus(status=3),
1786043661887638313,1786043661.886868089,/novatel/oem7/fix,/novatel/oem7/fix,/novatel/oem7/inspva,39.663,-75.756,-1.800669096,0.002821155,0.000478582,-0.002529491,0.001249235,0.000478582,,0,
1786043661888637149,1786043661.887349400,/novatel/oem7/odom,/novatel/oem7/fix,/novatel/oem7/odom,39.663,-75.756,-1.800669096,0.002821520,0.000476427,0.001128575,-0.002585980,0.000476427,,,
1786043661895819353,1786043661.895117813,/novatel/oem7/odom,/novatel/oem7/fix,/novatel/oem7/odom,39.663,-75.756,-1.800669096,0.002821520,0.000476427,0.001128575,-0.002585980,0.000476427,,,
1786043661906347017,1786043661.905826309,/novatel/oem7/inspva,/novatel/oem7/inspva,/novatel/oem7/inspva,39.663,-75.756,-1.800657251,0.002215104,0.000668125,-0.001796251,0.001296214,0.000668125,,novatel_oem7_msgs.msg.InertialSolutionStatus(status=3),
1786043661907754725,1786043661.905973897,/novatel/oem7/fix,/novatel/oem7/fix,/novatel/oem7/inspva,39.663,-75.756,-1.800657251,0.002215104,0.000668125,-0.001796251,0.001296214,0.000668125,,0,
1786043661908848352,1786043661.906470628,/novatel/oem7/odom,/novatel/oem7/fix,/novatel/oem7/odom,39.663,-75.756,-1.800657251,0.002215113,0.000668094,0.001208893,-0.001856154,0.000668094,,,
1786043661910396457,1786043661.909600626,/novatel/oem7/bestpos,/novatel/oem7/bestpos,/novatel/oem7/odom,39.663,-75.756,33.181844910,0.002215113,0.000668094,0.001208893,-0.001856154,0.000668094,,novatel_oem7_msgs.msg.SolutionStatus(status=0),novatel_oem7_msgs.msg.PositionOrVelocityType(type=53)
1786043661911865978,1786043661.910375564,/novatel/oem7/bestvel,/novatel/oem7/bestpos,/novatel/oem7/bestvel,39.663,-75.756,33.181844910,0.002261095,0.000418018,,,,135.666482689,novatel_oem7_msgs.msg.SolutionStatus(status=0),novatel_oem7_msgs.msg.PositionOrVelocityType(type=53)
1786043661916182651,1786043661.915499377,/novatel/oem7/odom,/novatel/oem7/bestpos,/novatel/oem7/odom,39.663,-75.756,33.181844910,0.002215113,0.000668094,0.001208893,-0.001856154,0.000668094,,,
1786043661925978534,1786043661.925392614,/novatel/oem7/inspva,/novatel/oem7/inspva,/novatel/oem7/inspva,39.663,-75.756,-1.800668232,0.000451372,-0.001334861,-0.000380485,0.000242833,-0.001334861,,novatel_oem7_msgs.msg.InertialSolutionStatus(status=3),
1786043661927397151,1786043661.925550530,/novatel/oem7/fix,/novatel/oem7/fix,/novatel/oem7/inspva,39.663,-75.756,-1.800668232,0.000451372,-0.001334861,-0.000380485,0.000242833,-0.001334861,,0,
1786043661928553903,1786043661.926048775,/novatel/oem7/odom,/novatel/oem7/fix,/novatel/oem7/odom,39.663,-75.756,-1.800668232,0.000451086,-0.001334957,0.000229865,-0.000388125,-0.001334957,,,
1786043661935689466,1786043661.934950855,/novatel/oem7/odom,/novatel/oem7/fix,/novatel/oem7/odom,39.663,-75.756,-1.800668232,0.000451086,-0.001334957,0.000229865,-0.000388125,-0.001334957,,,
1786043661946599630,1786043661.946026598,/novatel/oem7/inspva,/novatel/oem7/inspva,/novatel/oem7/inspva,39.663,-75.756,-1.800653755,0.000935103,-0.001063910,-0.000308082,0.000882894,-0.001063910,,novatel_oem7_msgs.msg.InertialSolutionStatus(status=3),
1786043661947988921,1786043661.946175506,/novatel/oem7/fix,/novatel/oem7/fix,/novatel/oem7/inspva,39.663,-75.756,-1.800653755,0.000935103,-0.001063910,-0.000308082,0.000882894,-0.001063910,,0,
1786043661949078268,1786043661.946590007,/novatel/oem7/odom,/novatel/oem7/fix,/novatel/oem7/odom,39.663,-75.756,-1.800653755,0.000937797,-0.001061536,0.000871565,-0.000346176,-0.001061536,,,
1786043661956883685,1786043661.956148054,/novatel/oem7/odom,/novatel/oem7/fix,/novatel/oem7/odom,39.663,-75.756,-1.800653755,0.000937797,-0.001061536,0.000871565,-0.000346176,-0.001061536,,,
1786043661965829566,1786043661.965296157,/novatel/oem7/inspva,/novatel/oem7/inspva,/novatel/oem7/inspva,39.663,-75.756,-1.800641037,0.003556116,-0.000678289,-0.002858945,0.002114804,-0.000678289,,novatel_oem7_msgs.msg.InertialSolutionStatus(status=3),
1786043661967140295,1786043661.965515823,/novatel/oem7/fix,/novatel/oem7/fix,/novatel/oem7/inspva,39.663,-75.756,-1.800641037,0.003556116,-0.000678289,-0.002858945,0.002114804,-0.000678289,,0,
1786043661968174246,1786043661.966192626,/novatel/oem7/odom,/novatel/oem7/fix,/novatel/oem7/odom,39.663,-75.756,-1.800641037,0.003556147,-0.000678129,0.001982178,-0.002952482,-0.000678129,,,
1786043661976138218,1786043661.975500038,/novatel/oem7/odom,/novatel/oem7/fix,/novatel/oem7/odom,39.663,-75.756,-1.800641037,0.003556147,-0.000678129,0.001982178,-0.002952482,-0.000678129,,,
1786043661985598507,1786043661.985024842,/novatel/oem7/inspva,/novatel/oem7/inspva,/novatel/oem7/inspva,39.663,-75.756,-1.800624469,0.002205978,-0.000431324,-0.001896895,0.001126111,-0.000431324,,novatel_oem7_msgs.msg.InertialSolutionStatus(status=3),
1786043661986958561,1786043661.985217213,/novatel/oem7/fix,/novatel/oem7/fix,/novatel/oem7/inspva,39.663,-75.756,-1.800624469,0.002205978,-0.000431324,-0.001896895,0.001126111,-0.000431324,,0,
1786043661988028148,1786043661.985592211,/novatel/oem7/odom,/novatel/oem7/fix,/novatel/oem7/odom,39.663,-75.756,-1.800624469,0.002205814,-0.000432158,0.001038397,-0.001946111,-0.000432158,,,
1786043661995056684,1786043661.994385218,/novatel/oem7/odom,/novatel/oem7/fix,/novatel/oem7/odom,39.663,-75.756,-1.800624469,0.002205814,-0.000432158,0.001038397,-0.001946111,-0.000432158,,,
1786043662008875326,1786043662.008302111,/novatel/oem7/inspva,/novatel/oem7/inspva,/novatel/oem7/inspva,39.663,-75.756,-1.800622446,0.000398818,0.000065983,-0.000268186,0.000295182,0.000065983,,novatel_oem7_msgs.msg.InertialSolutionStatus(status=3),
1786043662010190433,1786043662.008535093,/novatel/oem7/fix,/novatel/oem7/fix,/novatel/oem7/inspva,39.663,-75.756,-1.800622446,0.000398818,0.000065983,-0.000268186,0.000295182,0.000065983,,0,
1786043662011743585,1786043662.011043231,/novatel/oem7/odom,/novatel/oem7/fix,/novatel/oem7/odom,39.663,-75.756,-1.800622446,0.000398757,0.000066353,0.000282160,-0.000281768,0.000066353,,,
1786043662016442515,1786043662.015765528,/novatel/oem7/odom,/novatel/oem7/fix,/novatel/oem7/odom,39.663,-75.756,-1.800622446,0.000398757,0.000066353,0.000282160,-0.000281768,0.000066353,,,
1786043662027403209,1786043662.026739586,/novatel/oem7/bestpos,/novatel/oem7/bestpos,/novatel/oem7/odom,39.663,-75.756,33.181874188,0.000398757,0.000066353,0.000282160,-0.000281768,0.000066353,,novatel_oem7_msgs.msg.SolutionStatus(status=0),novatel_oem7_msgs.msg.PositionOrVelocityType(type=53)
1786043662028941328,1786043662.027191014,/novatel/oem7/bestvel,/novatel/oem7/bestpos,/novatel/oem7/bestvel,39.663,-75.756,33.181874188,0.000435800,-0.000228729,,,,72.037894713,novatel_oem7_msgs.msg.SolutionStatus(status=0),novatel_oem7_msgs.msg.PositionOrVelocityType(type=53)
1786043662029883373,1786043662.027590514,/novatel/oem7/inspva,/novatel/oem7/inspva,/novatel/oem7/inspva,39.663,-75.756,-1.800621141,0.000932799,-0.000689608,-0.000437127,0.000824035,-0.000689608,,novatel_oem7_msgs.msg.InertialSolutionStatus(status=3),
1786043662030733485,1786043662.027775172,/novatel/oem7/fix,/novatel/oem7/fix,/novatel/oem7/inspva,39.663,-75.756,-1.800621141,0.000932799,-0.000689608,-0.000437127,0.000824035,-0.000689608,,0,
1786043662031778066,1786043662.028117716,/novatel/oem7/odom,/novatel/oem7/fix,/novatel/oem7/odom,39.663,-75.756,-1.800621141,0.000934178,-0.000687739,0.000805423,-0.000473268,-0.000687739,,,
1786043662036216573,1786043662.035544519,/novatel/oem7/odom,/novatel/oem7/fix,/novatel/oem7/odom,39.663,-75.756,-1.800621141,0.000934178,-0.000687739,0.000805423,-0.000473268,-0.000687739,,,
1786043662045985652,1786043662.045433020,/novatel/oem7/inspva,/novatel/oem7/inspva,/novatel/oem7/inspva,39.663,-75.756,-1.800619758,0.001793154,-0.001814213,-0.001737559,0.000443048,-0.001814213,,novatel_oem7_msgs.msg.InertialSolutionStatus(status=3),
1786043662047402426,1786043662.045622538,/novatel/oem7/fix,/novatel/oem7/fix,/novatel/oem7/inspva,39.663,-75.756,-1.800619758,0.001793154,-0.001814213,-0.001737559,0.000443048,-0.001814213,,0,
1786043662048579481,1786043662.046313619,/novatel/oem7/odom,/novatel/oem7/fix,/novatel/oem7/odom,39.663,-75.756,-1.800619758,0.001790251,-0.001817078,0.000368596,-0.001751895,-0.001817078,,,
1786043662057106991,1786043662.056434692,/novatel/oem7/odom,/novatel/oem7/fix,/novatel/oem7/odom,39.663,-75.756,-1.800619758,0.001790251,-0.001817078,0.000368596,-0.001751895,-0.001817078,,,
1786043662066929395,1786043662.066389239,/novatel/oem7/inspva,/novatel/oem7/inspva,/novatel/oem7/inspva,39.663,-75.756,-1.800608811,0.002313256,-0.001178396,-0.001931434,0.001273073,-0.001178396,,novatel_oem7_msgs.msg.InertialSolutionStatus(status=3),
1786043662068268905,1786043662.066591105,/novatel/oem7/fix,/novatel/oem7/fix,/novatel/oem7/inspva,39.663,-75.756,-1.800608811,0.002313256,-0.001178396,-0.001931434,0.001273073,-0.001178396,,0,
1786043662069344402,1786043662.067069726,/novatel/oem7/odom,/novatel/oem7/fix,/novatel/oem7/odom,39.663,-75.756,-1.800608811,0.002313065,-0.001178771,0.001186360,-0.001985653,-0.001178771,,,
1786043662075241820,1786043662.074575607,/novatel/oem7/odom,/novatel/oem7/fix,/novatel/oem7/odom,39.663,-75.756,-1.800608811,0.002313065,-0.001178771,0.001186360,-0.001985653,-0.001178771,,,
1786043662085921442,1786043662.085375676,/novatel/oem7/inspva,/novatel/oem7/inspva,/novatel/oem7/inspva,39.663,-75.756,-1.800596438,0.001660941,0.000798536,-0.001426146,0.000851373,0.000798536,,novatel_oem7_msgs.msg.InertialSolutionStatus(status=3),
1786043662087271502,1786043662.085583022,/novatel/oem7/fix,/novatel/oem7/fix,/novatel/oem7/inspva,39.663,-75.756,-1.800596438,0.001660941,0.000798536,-0.001426146,0.000851373,0.000798536,,0,
1786043662088336989,1786043662.086241968,/novatel/oem7/odom,/novatel/oem7/fix,/novatel/oem7/odom,39.663,-75.756,-1.800596438,0.001661227,0.000797943,0.000781217,-0.001466074,0.000797943,,,
1786043662096489116,1786043662.095797356,/novatel/oem7/odom,/novatel/oem7/fix,/novatel/oem7/odom,39.663,-75.756,-1.800596438,0.001661227,0.000797943,0.000781217,-0.001466074,0.000797943,,,
1786043662106451134,1786043662.105894629,/novatel/oem7/inspva,/novatel/oem7/inspva,/novatel/oem7/inspva,39.663,-75.756,-1.800603089,0.001199533,0.000353718,-0.001012022,0.000643964,0.000353718,,novatel_oem7_msgs.msg.InertialSolutionStatus(status=3),
1786043662107838121,1786043662.106080770,/novatel/oem7/fix,/novatel/oem7/fix,/novatel/oem7/inspva,39.663,-75.756,-1.800603089,0.001199533,0.000353718,-0.001012022,0.000643964,0.000353718,,0,
1786043662108916258,1786043662.106558232,/novatel/oem7/odom,/novatel/oem7/fix,/novatel/oem7/odom,39.663,-75.756,-1.800603089,0.001199620,0.000353420,0.000594953,-0.001041691,0.000353420,,,
1786043662110933561,1786043662.110293162,/novatel/oem7/bestpos,/novatel/oem7/bestpos,/novatel/oem7/odom,39.663,-75.756,33.181888710,0.001199620,0.000353420,0.000594953,-0.001041691,0.000353420,,novatel_oem7_msgs.msg.SolutionStatus(status=0),novatel_oem7_msgs.msg.PositionOrVelocityType(type=53)
1786043662112362912,1786043662.110734573,/novatel/oem7/bestvel,/novatel/oem7/bestpos,/novatel/oem7/bestvel,39.663,-75.756,33.181888710,0.001123589,-0.000321289,,,,102.796266443,novatel_oem7_msgs.msg.SolutionStatus(status=0),novatel_oem7_msgs.msg.PositionOrVelocityType(type=53)
1786043662115248341,1786043662.114570844,/novatel/oem7/odom,/novatel/oem7/bestpos,/novatel/oem7/odom,39.663,-75.756,33.181888710,0.001199620,0.000353420,0.000594953,-0.001041691,0.000353420,,,
1786043662127327480,1786043662.126772547,/novatel/oem7/inspva,/novatel/oem7/inspva,/novatel/oem7/inspva,39.663,-75.756,-1.800617387,0.000976670,-0.002216329,-0.000976108,-0.000033142,-0.002216329,,novatel_oem7_msgs.msg.InertialSolutionStatus(status=3),
1786043662128775634,1786043662.126972143,/novatel/oem7/fix,/novatel/oem7/fix,/novatel/oem7/inspva,39.663,-75.756,-1.800617387,0.000976670,-0.002216329,-0.000976108,-0.000033142,-0.002216329,,0,
1786043662129904598,1786043662.127517408,/novatel/oem7/odom,/novatel/oem7/fix,/novatel/oem7/odom,39.663,-75.756,-1.800617387,0.000970714,-0.002218944,-0.000070176,-0.000968174,-0.002218944,,,
1786043662135403219,1786043662.134723016,/novatel/oem7/odom,/novatel/oem7/fix,/novatel/oem7/odom,39.663,-75.756,-1.800617387,0.000970714,-0.002218944,-0.000070176,-0.000968174,-0.002218944,,,
1786043662145715001,1786043662.145139955,/novatel/oem7/inspva,/novatel/oem7/inspva,/novatel/oem7/inspva,39.663,-75.756,-1.800602112,0.001299775,-0.001588044,-0.001296654,-0.000090020,-0.001588044,,novatel_oem7_msgs.msg.InertialSolutionStatus(status=3),
1786043662147045624,1786043662.145332040,/novatel/oem7/fix,/novatel/oem7/fix,/novatel/oem7/inspva,39.663,-75.756,-1.800602112,0.001299775,-0.001588044,-0.001296654,-0.000090020,-0.001588044,,0,
1786043662148125318,1786043662.145753214,/novatel/oem7/odom,/novatel/oem7/fix,/novatel/oem7/odom,39.663,-75.756,-1.800602112,0.001295319,-0.001591681,-0.000144213,-0.001287266,-0.001591681,,,
1786043662156222829,1786043662.155848020,/novatel/oem7/odom,/novatel/oem7/fix,/novatel/oem7/odom,39.663,-75.756,-1.800602112,0.001295319,-0.001591681,-0.000144213,-0.001287266,-0.001591681,,,
1786043662166574619,1786043662.165987857,/novatel/oem7/inspva,/novatel/oem7/inspva,/novatel/oem7/inspva,39.663,-75.756,-1.800586693,0.002670840,0.000535329,-0.001981778,0.001790515,0.000535329,,novatel_oem7_msgs.msg.InertialSolutionStatus(status=3),
1786043662167964047,1786043662.166168959,/novatel/oem7/fix,/novatel/oem7/fix,/novatel/oem7/inspva,39.663,-75.756,-1.800586693,0.002670840,0.000535329,-0.001981778,0.001790515,0.000535329,,0,
1786043662169068204,1786043662.166687727,/novatel/oem7/odom,/novatel/oem7/fix,/novatel/oem7/odom,39.663,-75.756,-1.800586693,0.002670569,0.000536679,0.001694554,-0.002064080,0.000536679,,,
1786043662175711523,1786043662.175027042,/novatel/oem7/odom,/novatel/oem7/fix,/novatel/oem7/odom,39.663,-75.756,-1.800586693,0.002670569,0.000536679,0.001694554,-0.002064080,0.000536679,,,
1786043662186720804,1786043662.186113502,/novatel/oem7/inspva,/novatel/oem7/inspva,/novatel/oem7/inspva,39.663,-75.756,-1.800583144,0.001877863,0.001116211,-0.001330778,0.001324914,0.001116211,,novatel_oem7_msgs.msg.InertialSolutionStatus(status=3),
1786043662188097778,1786043662.186300070,/novatel/oem7/fix,/novatel/oem7/fix,/novatel/oem7/inspva,39.663,-75.756,-1.800583144,0.001877863,0.001116211,-0.001330778,0.001324914,0.001116211,,0,
1786043662189191292,1786043662.186805608,/novatel/oem7/odom,/novatel/oem7/fix,/novatel/oem7/odom,39.663,-75.756,-1.800583144,0.001877059,0.001117561,0.001257488,-0.001393584,0.001117561,,,
1786043662195213738,1786043662.194541232,/novatel/oem7/odom,/novatel/oem7/fix,/novatel/oem7/odom,39.663,-75.756,-1.800583144,0.001877059,0.001117561,0.001257488,-0.001393584,0.001117561,,,
1786043662207783149,1786043662.207213659,/novatel/oem7/inspva,/novatel/oem7/inspva,/novatel/oem7/inspva,39.663,-75.756,-1.800601676,0.000561185,-0.001980823,-0.000218489,-0.000516906,-0.001980823,,novatel_oem7_msgs.msg.InertialSolutionStatus(status=3),
1786043662209166005,1786043662.207412828,/novatel/oem7/fix,/novatel/oem7/fix,/novatel/oem7/inspva,39.663,-75.756,-1.800601676,0.000561185,-0.001980823,-0.000218489,-0.000516906,-0.001980823,,0,
1786043662210545102,1786043662.207945363,/novatel/oem7/odom,/novatel/oem7/fix,/novatel/oem7/odom,39.663,-75.756,-1.800601676,0.000552598,-0.001983236,-0.000519096,-0.000189482,-0.001983236,,,
1786043662212102531,1786043662.210265496,/novatel/oem7/bestpos,/novatel/oem7/bestpos,/novatel/oem7/odom,39.663,-75.756,33.181903575,0.000552598,-0.001983236,-0.000519096,-0.000189482,-0.001983236,,novatel_oem7_msgs.msg.SolutionStatus(status=0),novatel_oem7_msgs.msg.PositionOrVelocityType(type=53)
1786043662213076284,1786043662.210582176,/novatel/oem7/bestvel,/novatel/oem7/bestpos,/novatel/oem7/bestvel,39.663,-75.756,33.181903575,0.000816104,-0.001745555,,,,214.899286101,novatel_oem7_msgs.msg.SolutionStatus(status=0),novatel_oem7_msgs.msg.PositionOrVelocityType(type=53)
1786043662216231125,1786043662.215553775,/novatel/oem7/odom,/novatel/oem7/bestpos,/novatel/oem7/odom,39.663,-75.756,33.181903575,0.000552598,-0.001983236,-0.000519096,-0.000189482,-0.001983236,,,
1786043662225628731,1786043662.225065039,/novatel/oem7/inspva,/novatel/oem7/inspva,/novatel/oem7/inspva,39.663,-75.756,-1.800591921,0.000692355,-0.001941305,-0.000612466,0.000322865,-0.001941305,,novatel_oem7_msgs.msg.InertialSolutionStatus(status=3),
1786043662227068845,1786043662.225233301,/novatel/oem7/fix,/novatel/oem7/fix,/novatel/oem7/inspva,39.663,-75.756,-1.800591921,0.000692355,-0.001941305,-0.000612466,0.000322865,-0.001941305,,0,
1786043662228126079,1786043662.225750496,/novatel/oem7/odom,/novatel/oem7/fix,/novatel/oem7/odom,39.663,-75.756,-1.800591921,0.000691259,-0.001941696,0.000301276,-0.000622151,-0.001941696,,,
1786043662234777991,1786043662.234441324,/novatel/oem7/odom,/novatel/oem7/fix,/novatel/oem7/odom,39.663,-75.756,-1.800591921,0.000691259,-0.001941696,0.000301276,-0.000622151,-0.001941696,,,
1786043662247133726,1786043662.246592097,/novatel/oem7/inspva,/novatel/oem7/inspva,/novatel/oem7/inspva,39.663,-75.756,-1.800579325,0.002231848,-0.000035603,-0.001618848,0.001536384,-0.000035603,,novatel_oem7_msgs.msg.InertialSolutionStatus(status=3),
1786043662248541276,1786043662.246751342,/novatel/oem7/fix,/novatel/oem7/fix,/novatel/oem7/inspva,39.663,-75.756,-1.800579325,0.002231848,-0.000035603,-0.001618848,0.001536384,-0.000035603,,0,
1786043662249627391,1786043662.247114139,/novatel/oem7/odom,/novatel/oem7/fix,/novatel/oem7/odom,39.663,-75.756,-1.800579325,0.002231869,-0.000034242,0.001459681,-0.001688364,-0.000034242,,,
1786043662257188615,1786043662.256523805,/novatel/oem7/odom,/novatel/oem7/fix,/novatel/oem7/odom,39.663,-75.756,-1.800579325,0.002231869,-0.000034242,0.001459681,-0.001688364,-0.000034242,,,
1786043662265563071,1786043662.265010122,/novatel/oem7/inspva,/novatel/oem7/inspva,/novatel/oem7/inspva,39.663,-75.756,-1.800575572,0.002754212,0.000344156,-0.001667725,0.002191889,0.000344156,,novatel_oem7_msgs.msg.InertialSolutionStatus(status=3),
1786043662266908374,1786043662.265160987,/novatel/oem7/fix,/novatel/oem7/fix,/novatel/oem7/inspva,39.663,-75.756,-1.800575572,0.002754212,0.000344156,-0.001667725,0.002191889,0.000344156,,0,
1786043662267960087,1786043662.265611291,/novatel/oem7/odom,/novatel/oem7/fix,/novatel/oem7/odom,39.663,-75.756,-1.800575572,0.002753763,0.000347728,0.002110775,-0.001768571,0.000347728,,,
1786043662276313640,1786043662.275651467,/novatel/oem7/odom,/novatel/oem7/fix,/novatel/oem7/odom,39.663,-75.756,-1.800575572,0.002753763,0.000347728,0.002110775,-0.001768571,0.000347728,,,
1786043662286077026,1786043662.285539661,/novatel/oem7/inspva,/novatel/oem7/inspva,/novatel/oem7/inspva,39.663,-75.756,-1.800578396,0.000579174,-0.000223432,0.000523556,-0.000247652,-0.000223432,,novatel_oem7_msgs.msg.InertialSolutionStatus(status=3),
1786043662287475927,1786043662.285696072,/novatel/oem7/fix,/novatel/oem7/fix,/novatel/oem7/inspva,39.663,-75.756,-1.800578396,0.000579174,-0.000223432,0.000523556,-0.000247652,-0.000223432,,0,
1786043662288543020,1786043662.286508870,/novatel/oem7/odom,/novatel/oem7/fix,/novatel/oem7/odom,39.663,-75.756,-1.800578396,0.000579349,-0.000222977,-0.000222226,0.000535034,-0.000222977,,,
1786043662295710501,1786043662.295026584,/novatel/oem7/odom,/novatel/oem7/fix,/novatel/oem7/odom,39.663,-75.756,-1.800578396,0.000579349,-0.000222977,-0.000222226,0.000535034,-0.000222977,,,
1786043662306376173,1786043662.305826840,/novatel/oem7/inspva,/novatel/oem7/inspva,/novatel/oem7/inspva,39.663,-75.756,-1.800581169,0.000158007,-0.001427691,0.000010243,-0.000157674,-0.001427691,,novatel_oem7_msgs.msg.InertialSolutionStatus(status=3),
1786043662307772883,1786043662.305986939,/novatel/oem7/fix,/novatel/oem7/fix,/novatel/oem7/inspva,39.663,-75.756,-1.800581169,0.000158007,-0.001427691,0.000010243,-0.000157674,-0.001427691,,0,
1786043662308852864,1786043662.306437706,/novatel/oem7/odom,/novatel/oem7/fix,/novatel/oem7/odom,39.663,-75.756,-1.800581169,0.000153159,-0.001428219,-0.000151713,0.000020994,-0.001428219,,,
1786043662310796716,1786043662.310004092,/novatel/oem7/bestpos,/novatel/oem7/bestpos,/novatel/oem7/odom,39.663,-75.756,33.181926011,0.000153159,-0.001428219,-0.000151713,0.000020994,-0.001428219,,novatel_oem7_msgs.msg.SolutionStatus(status=0),novatel_oem7_msgs.msg.PositionOrVelocityType(type=53)
1786043662312243980,1786043662.310533254,/novatel/oem7/bestvel,/novatel/oem7/bestpos,/novatel/oem7/bestvel,39.663,-75.756,33.181926011,0.000948212,-0.000768155,,,,219.649878076,novatel_oem7_msgs.msg.SolutionStatus(status=0),novatel_oem7_msgs.msg.PositionOrVelocityType(type=53)
1786043662315539473,1786043662.314856766,/novatel/oem7/odom,/novatel/oem7/bestpos,/novatel/oem7/odom,39.663,-75.756,33.181926011,0.000153159,-0.001428219,-0.000151713,0.000020994,-0.001428219,,,
1786043662325920122,1786043662.325362960,/novatel/oem7/inspva,/novatel/oem7/inspva,/novatel/oem7/inspva,39.663,-75.756,-1.800570557,0.002840592,-0.000383153,-0.002076511,0.001938315,-0.000383153,,novatel_oem7_msgs.msg.InertialSolutionStatus(status=3),
1786043662327295712,1786043662.325565725,/novatel/oem7/fix,/novatel/oem7/fix,/novatel/oem7/inspva,39.663,-75.756,-1.800570557,0.002840592,-0.000383153,-0.002076511,0.001938315,-0.000383153,,0,
1786043662328363689,1786043662.326130337,/novatel/oem7/odom,/novatel/oem7/fix,/novatel/oem7/odom,39.663,-75.756,-1.800570557,0.002840805,-0.000381570,0.001841202,-0.002163365,-0.000381570,,,
1786043662336508096,1786043662.335810442,/novatel/oem7/odom,/novatel/oem7/fix,/novatel/oem7/odom,39.663,-75.756,-1.800570557,0.002840805,-0.000381570,0.001841202,-0.002163365,-0.000381570,,,
1786043662345771384,1786043662.345206182,/novatel/oem7/inspva,/novatel/oem7/inspva,/novatel/oem7/inspva,39.663,-75.756,-1.800560676,0.002617446,0.000329923,-0.002142331,0.001503809,0.000329923,,novatel_oem7_msgs.msg.InertialSolutionStatus(status=3),
1786043662347126247,1786043662.345360220,/novatel/oem7/fix,/novatel/oem7/fix,/novatel/oem7/inspva,39.663,-75.756,-1.800560676,0.002617446,0.000329923,-0.002142331,0.001503809,0.000329923,,0,
1786043662348200114,1786043662.345886772,/novatel/oem7/odom,/novatel/oem7/fix,/novatel/oem7/odom,39.663,-75.756,-1.800560676,0.002617461,0.000329799,0.001401464,-0.002210656,0.000329799,,,
1786043662356491123,1786043662.355819276,/novatel/oem7/odom,/novatel/oem7/fix,/novatel/oem7/odom,39.663,-75.756,-1.800560676,0.002617461,0.000329799,0.001401464,-0.002210656,0.000329799,,,
1786043662367412826,1786043662.367028547,/novatel/oem7/inspva,/novatel/oem7/inspva,/novatel/oem7/inspva,39.663,-75.756,-1.800562161,0.000380986,-0.000050834,0.000376013,-0.000061356,-0.000050834,,novatel_oem7_msgs.msg.InertialSolutionStatus(status=3),
1786043662368292193,1786043662.367206589,/novatel/oem7/fix,/novatel/oem7/fix,/novatel/oem7/inspva,39.663,-75.756,-1.800562161,0.000380986,-0.000050834,0.000376013,-0.000061356,-0.000050834,,0,
1786043662368930847,1786043662.367851001,/novatel/oem7/odom,/novatel/oem7/fix,/novatel/oem7/odom,39.663,-75.756,-1.800562161,0.000381085,-0.000050085,-0.000043639,0.000378578,-0.000050085,,,
1786043662375367248,1786043662.375023092,/novatel/oem7/odom,/novatel/oem7/fix,/novatel/oem7/odom,39.663,-75.756,-1.800562161,0.000381085,-0.000050085,-0.000043639,0.000378578,-0.000050085,,,
1786043662385477135,1786043662.384927546,/novatel/oem7/inspva,/novatel/oem7/inspva,/novatel/oem7/inspva,39.663,-75.756,-1.800565632,0.000464291,-0.000856929,-0.000069288,0.000459092,-0.000856929,,novatel_oem7_msgs.msg.InertialSolutionStatus(status=3),
1786043662386818948,1786043662.385074031,/novatel/oem7/fix,/novatel/oem7/fix,/novatel/oem7/inspva,39.663,-75.756,-1.800565632,0.000464291,-0.000856929,-0.000069288,0.000459092,-0.000856929,,0,
1786043662387881895,1786043662.385527379,/novatel/oem7/odom,/novatel/oem7/fix,/novatel/oem7/odom,39.663,-75.756,-1.800565632,0.000467024,-0.000855443,0.000458569,-0.000088464,-0.000855443,,,
1786043662396089269,1786043662.395445263,/novatel/oem7/odom,/novatel/oem7/fix,/novatel/oem7/odom,39.663,-75.756,-1.800565632,0.000467024,-0.000855443,0.000458569,-0.000088464,-0.000855443,,,
1786043662407225586,1786043662.406689594,/novatel/oem7/inspva,/novatel/oem7/inspva,/novatel/oem7/inspva,39.663,-75.756,-1.800566467,0.002044950,-0.001183478,-0.001780407,0.001005968,-0.001183478,,novatel_oem7_msgs.msg.InertialSolutionStatus(status=3),
1786043662408595432,1786043662.406847402,/novatel/oem7/fix,/novatel/oem7/fix,/novatel/oem7/inspva,39.663,-75.756,-1.800566467,0.002044950,-0.001183478,-0.001780407,0.001005968,-0.001183478,,0,
1786043662409649443,1786043662.407609819,/novatel/oem7/odom,/novatel/oem7/fix,/novatel/oem7/odom,39.663,-75.756,-1.800566467,0.002044377,-0.001184468,0.000926600,-0.001822331,-0.001184468,,,
1786043662411141991,1786043662.410106447,/novatel/oem7/bestpos,/novatel/oem7/bestpos,/novatel/oem7/odom,39.663,-75.756,33.181936902,0.002044377,-0.001184468,0.000926600,-0.001822331,-0.001184468,,novatel_oem7_msgs.msg.SolutionStatus(status=0),novatel_oem7_msgs.msg.PositionOrVelocityType(type=53)
1786043662412085157,1786043662.410535555,/novatel/oem7/bestvel,/novatel/oem7/bestpos,/novatel/oem7/bestvel,39.663,-75.756,33.181936902,0.001881232,-0.000893375,,,,165.046673960,novatel_oem7_msgs.msg.SolutionStatus(status=0),novatel_oem7_msgs.msg.PositionOrVelocityType(type=53)
1786043662415594441,1786043662.414918345,/novatel/oem7/odom,/novatel/oem7/bestpos,/novatel/oem7/odom,39.663,-75.756,33.181936902,0.002044377,-0.001184468,0.000926600,-0.001822331,-0.001184468,,,
1786043662426358152,1786043662.426065714,/novatel/oem7/inspva,/novatel/oem7/inspva,/novatel/oem7/inspva,39.663,-75.756,-1.800553338,0.002316060,-0.000177282,-0.001619481,0.001655722,-0.000177282,,novatel_oem7_msgs.msg.InertialSolutionStatus(status=3),
1786043662427555286,1786043662.426215080,/novatel/oem7/fix,/novatel/oem7/fix,/novatel/oem7/inspva,39.663,-75.756,-1.800553338,0.002316060,-0.000177282,-0.001619481,0.001655722,-0.000177282,,0,
1786043662428605959,1786043662.426664550,/novatel/oem7/odom,/novatel/oem7/fix,/novatel/oem7/odom,39.663,-75.756,-1.800553338,0.002316194,-0.000175530,0.001579383,-0.001694196,-0.000175530,,,
1786043662435590645,1786043662.434661089,/novatel/oem7/odom,/novatel/oem7/fix,/novatel/oem7/odom,39.663,-75.756,-1.800553338,0.002316194,-0.000175530,0.001579383,-0.001694196,-0.000175530,,,
1786043662445760898,1786043662.445192300,/novatel/oem7/inspva,/novatel/oem7/inspva,/novatel/oem7/inspva,39.663,-75.756,-1.800553365,0.000364548,0.000211307,0.000153139,0.000330822,0.000211307,,novatel_oem7_msgs.msg.InertialSolutionStatus(status=3),
1786043662447119762,1786043662.445375445,/novatel/oem7/fix,/novatel/oem7/fix,/novatel/oem7/inspva,39.663,-75.756,-1.800553365,0.000364548,0.000211307,0.000153139,0.000330822,0.000211307,,0,
1786043662448211146,1786043662.445910577,/novatel/oem7/odom,/novatel/oem7/fix,/novatel/oem7/odom,39.663,-75.756,-1.800553365,0.000363617,0.000212905,0.000336778,0.000137103,0.000212905,,,
1786043662457052453,1786043662.456387913,/novatel/oem7/odom,/novatel/oem7/fix,/novatel/oem7/odom,39.663,-75.756,-1.800553365,0.000363617,0.000212905,0.000336778,0.000137103,0.000212905,,,
1786043662465694761,1786043662.465145086,/novatel/oem7/inspva,/novatel/oem7/inspva,/novatel/oem7/inspva,39.663,-75.756,-1.800565553,0.001157953,-0.000765624,0.000348528,0.001104257,-0.000765624,,novatel_oem7_msgs.msg.InertialSolutionStatus(status=3),
1786043662474062774,1786043662.465312548,/novatel/oem7/fix,/novatel/oem7/fix,/novatel/oem7/inspva,39.663,-75.756,-1.800565553,0.001157953,-0.000765624,0.000348528,0.001104257,-0.000765624,,0,
1786043662475121174,1786043662.465826756,/novatel/oem7/odom,/novatel/oem7/fix,/novatel/oem7/odom,39.663,-75.756,-1.800565553,0.001161172,-0.000760734,0.001122093,0.000298708,-0.000760734,,,
1786043662514475682,1786043662.511293340,/novatel/oem7/bestpos,/novatel/oem7/bestpos,/novatel/oem7/odom,39.663,-75.756,33.181948891,0.001161172,-0.000760734,0.001122093,0.000298708,-0.000760734,,novatel_oem7_msgs.msg.SolutionStatus(status=0),novatel_oem7_msgs.msg.PositionOrVelocityType(type=53)
1786043662515381964,1786043662.512206029,/novatel/oem7/bestvel,/novatel/oem7/bestpos,/novatel/oem7/bestvel,39.663,-75.756,33.181948891,0.001290154,-0.000289819,,,,215.848419431,novatel_oem7_msgs.msg.SolutionStatus(status=0),novatel_oem7_msgs.msg.PositionOrVelocityType(type=53)
1786043662516326450,1786043662.486646367,/novatel/oem7/inspva,/novatel/oem7/inspva,/novatel/oem7/inspva,39.663,-75.756,-1.800575122,0.001197346,-0.001601547,-0.000353258,0.001144049,-0.001601547,,novatel_oem7_msgs.msg.InertialSolutionStatus(status=3),
1786043662517173778,1786043662.486725558,/novatel/oem7/fix,/novatel/oem7/fix,/novatel/oem7/inspva,39.663,-75.756,-1.800575122,0.001197346,-0.001601547,-0.000353258,0.001144049,-0.001601547,,0,
1786043662518204152,1786043662.474519395,/novatel/oem7/odom,/novatel/oem7/fix,/novatel/oem7/odom,39.663,-75.756,-1.800575122,0.001161172,-0.000760734,0.001122093,0.000298708,-0.000760734,,,
1786043662519566155,1786043662.506086619,/novatel/oem7/inspva,/novatel/oem7/inspva,/novatel/oem7/inspva,39.663,-75.756,-1.800568486,0.000616953,-0.001289996,-0.000405844,0.000464674,-0.001289996,,novatel_oem7_msgs.msg.InertialSolutionStatus(status=3),
1786043662520377950,1786043662.506270061,/novatel/oem7/fix,/novatel/oem7/fix,/novatel/oem7/inspva,39.663,-75.756,-1.800568486,0.000616953,-0.001289996,-0.000405844,0.000464674,-0.001289996,,0,
1786043662521401203,1786043662.487761046,/novatel/oem7/odom,/novatel/oem7/fix,/novatel/oem7/odom,39.663,-75.756,-1.800568486,0.001201613,-0.001598348,0.001132320,-0.000402151,-0.001598348,,,
1786043662522891291,1786043662.494983193,/novatel/oem7/odom,/novatel/oem7/fix,/novatel/oem7/odom,39.663,-75.756,-1.800568486,0.001201613,-0.001598348,0.001132320,-0.000402151,-0.001598348,,,
1786043662524401879,1786043662.506726909,/novatel/oem7/odom,/novatel/oem7/fix,/novatel/oem7/odom,39.663,-75.756,-1.800568486,0.000618272,-0.001289365,0.000450091,-0.000423884,-0.001289365,,,
1786043662526002435,1786043662.515553122,/novatel/oem7/odom,/novatel/oem7/fix,/novatel/oem7/odom,39.663,-75.756,-1.800568486,0.000618272,-0.001289365,0.000450091,-0.000423884,-0.001289365,,,
1786043662527386086,1786043662.525479383,/novatel/oem7/inspva,/novatel/oem7/inspva,/novatel/oem7/inspva,39.663,-75.756,-1.800550598,0.001333096,0.001273398,0.000585371,0.001197700,0.001273398,,novatel_oem7_msgs.msg.InertialSolutionStatus(status=3),
1786043662528225184,1786043662.525558524,/novatel/oem7/fix,/novatel/oem7/fix,/novatel/oem7/inspva,39.663,-75.756,-1.800550598,0.001333096,0.001273398,0.000585371,0.001197700,0.001273398,,0,
1786043662529251457,1786043662.526418476,/novatel/oem7/odom,/novatel/oem7/fix,/novatel/oem7/odom,39.663,-75.756,-1.800550598,0.001327501,0.001279229,0.001218846,0.000525998,0.001279229,,,
1786043662535413288,1786043662.534709718,/novatel/oem7/odom,/novatel/oem7/fix,/novatel/oem7/odom,39.663,-75.756,-1.800550598,0.001327501,0.001279229,0.001218846,0.000525998,0.001279229,,,
1786043662546878114,1786043662.546273852,/novatel/oem7/inspva,/novatel/oem7/inspva,/novatel/oem7/inspva,39.663,-75.756,-1.800562460,0.001386811,0.000256201,0.000394358,0.001329558,0.000256201,,novatel_oem7_msgs.msg.InertialSolutionStatus(status=3),
1786043662548242477,1786043662.546494114,/novatel/oem7/fix,/novatel/oem7/fix,/novatel/oem7/inspva,39.663,-75.756,-1.800562460,0.001386811,0.000256201,0.000394358,0.001329558,0.000256201,,0,
1786043662549294595,1786043662.547005609,/novatel/oem7/odom,/novatel/oem7/fix,/novatel/oem7/odom,39.663,-75.756,-1.800562460,0.001385715,0.000262060,0.001345469,0.000331541,0.000262060,,,
1786043662556715125,1786043662.556038031,/novatel/oem7/odom,/novatel/oem7/fix,/novatel/oem7/odom,39.663,-75.756,-1.800562460,0.001385715,0.000262060,0.001345469,0.000331541,0.000262060,,,
1786043662565770737,1786043662.565219292,/novatel/oem7/inspva,/novatel/oem7/inspva,/novatel/oem7/inspva,39.663,-75.756,-1.800576272,0.001155968,-0.001528873,0.000951913,0.000655838,-0.001528873,,novatel_oem7_msgs.msg.InertialSolutionStatus(status=3),
1786043662566651002,1786043662.565299302,/novatel/oem7/fix,/novatel/oem7/fix,/novatel/oem7/inspva,39.663,-75.756,-1.800576272,0.001155968,-0.001528873,0.000951913,0.000655838,-0.001528873,,0,
1786043662567135778,1786043662.565910788,/novatel/oem7/odom,/novatel/oem7/fix,/novatel/oem7/odom,39.663,-75.756,-1.800576272,0.001162336,-0.001524037,0.000705002,0.000924119,-0.001524037,,,
1786043662575828283,1786043662.575475062,/novatel/oem7/odom,/novatel/oem7/fix,/novatel/oem7/odom,39.663,-75.756,-1.800576272,0.001162336,-0.001524037,0.000705002,0.000924119,-0.001524037,,,
1786043662586393589,1786043662.586077647,/novatel/oem7/inspva,/novatel/oem7/inspva,/novatel/oem7/inspva,39.663,-75.756,-1.800568921,0.001121043,-0.001373573,0.000306026,0.001078465,-0.001373573,,novatel_oem7_msgs.msg.InertialSolutionStatus(status=3),
1786043662587533168,1786043662.586197237,/novatel/oem7/fix,/novatel/oem7/fix,/novatel/oem7/inspva,39.663,-75.756,-1.800568921,0.001121043,-0.001373573,0.000306026,0.001078465,-0.001373573,,0,
1786043662588603719,1786043662.586531431,/novatel/oem7/odom,/novatel/oem7/fix,/novatel/oem7/odom,39.663,-75.756,-1.800568921,0.001126764,-0.001368884,0.001096614,0.000258911,-0.001368884,,,
1786043662595176013,1786043662.594479383,/novatel/oem7/odom,/novatel/oem7/fix,/novatel/oem7/odom,39.663,-75.756,-1.800568921,0.001126764,-0.001368884,0.001096614,0.000258911,-0.001368884,,,
1786043662606952412,1786043662.606438160,/novatel/oem7/inspva,/novatel/oem7/inspva,/novatel/oem7/inspva,39.663,-75.756,-1.800543256,0.001803343,0.001199935,-0.000221454,0.001789693,0.001199935,,novatel_oem7_msgs.msg.InertialSolutionStatus(status=3),
1786043662608316706,1786043662.606529954,/novatel/oem7/fix,/novatel/oem7/fix,/novatel/oem7/inspva,39.663,-75.756,-1.800543256,0.001803343,0.001199935,-0.000221454,0.001789693,0.001199935,,0,
1786043662609398660,1786043662.607216955,/novatel/oem7/odom,/novatel/oem7/fix,/novatel/oem7/odom,39.663,-75.756,-1.800543256,0.001799392,0.001205851,0.001772962,-0.000307273,0.001205851,,,
1786043662610916164,1786043662.610330984,/novatel/oem7/bestpos,/novatel/oem7/bestpos,/novatel/oem7/odom,39.663,-75.756,33.181941286,0.001799392,0.001205851,0.001772962,-0.000307273,0.001205851,,novatel_oem7_msgs.msg.SolutionStatus(status=0),novatel_oem7_msgs.msg.PositionOrVelocityType(type=53)
1786043662612382119,1786043662.610898491,/novatel/oem7/bestvel,/novatel/oem7/bestpos,/novatel/oem7/bestvel,39.663,-75.756,33.181941286,0.002296002,0.000813703,,,,90.141097657,novatel_oem7_msgs.msg.SolutionStatus(status=0),novatel_oem7_msgs.msg.PositionOrVelocityType(type=53)
1786043662616158843,1786043662.615476783,/novatel/oem7/odom,/novatel/oem7/bestpos,/novatel/oem7/odom,39.663,-75.756,33.181941286,0.001799392,0.001205851,0.001772962,-0.000307273,0.001205851,,,
1786043662625469418,1786043662.624933646,/novatel/oem7/inspva,/novatel/oem7/inspva,/novatel/oem7/inspva,39.663,-75.756,-1.800549353,0.001669745,0.000787136,0.000232811,0.001653435,0.000787136,,novatel_oem7_msgs.msg.InertialSolutionStatus(status=3),
1786043662626843891,1786043662.625023351,/novatel/oem7/fix,/novatel/oem7/fix,/novatel/oem7/inspva,39.663,-75.756,-1.800549353,0.001669745,0.000787136,0.000232811,0.001653435,0.000787136,,0,
1786043662627931946,1786043662.625572073,/novatel/oem7/odom,/novatel/oem7/fix,/novatel/oem7/odom,39.663,-75.756,-1.800549353,0.001666613,0.000793746,0.001659497,0.000153844,0.000793746,,,
1786043662636108836,1786043662.635402146,/novatel/oem7/odom,/novatel/oem7/fix,/novatel/oem7/odom,39.663,-75.756,-1.800549353,0.001666613,0.000793746,0.001659497,0.000153844,0.000793746,,,
1786043662646964059,1786043662.646398788,/novatel/oem7/inspva,/novatel/oem7/inspva,/novatel/oem7/inspva,39.663,-75.756,-1.800572309,0.001913280,-0.001882882,0.001589652,0.001064729,-0.001882882,,novatel_oem7_msgs.msg.InertialSolutionStatus(status=3),
1786043662648348807,1786043662.646602290,/novatel/oem7/fix,/novatel/oem7/fix,/novatel/oem7/inspva,39.663,-75.756,-1.800572309,0.001913280,-0.001882882,0.001589652,0.001064729,-0.001882882,,0,
1786043662649477228,1786043662.647080281,/novatel/oem7/odom,/novatel/oem7/fix,/novatel/oem7/odom,39.663,-75.756,-1.800572309,0.001921092,-0.001874911,0.001144438,0.001543002,-0.001874911,,,
1786043662657202777,1786043662.656537434,/novatel/oem7/odom,/novatel/oem7/fix,/novatel/oem7/odom,39.663,-75.756,-1.800572309,0.001921092,-0.001874911,0.001144438,0.001543002,-0.001874911,,,
1786043662665440991,1786043662.665006464,/novatel/oem7/inspva,/novatel/oem7/inspva,/novatel/oem7/inspva,39.663,-75.756,-1.800568194,0.001192229,-0.001579898,0.001070032,0.000525776,-0.001579898,,novatel_oem7_msgs.msg.InertialSolutionStatus(status=3),
1786043662666707401,1786043662.665220176,/novatel/oem7/fix,/novatel/oem7/fix,/novatel/oem7/inspva,39.663,-75.756,-1.800568194,0.001192229,-0.001579898,0.001070032,0.000525776,-0.001579898,,0,
1786043662667578939,1786043662.665720264,/novatel/oem7/odom,/novatel/oem7/fix,/novatel/oem7/odom,39.663,-75.756,-1.800568194,0.001198385,-0.001575234,0.000580770,0.001048252,-0.001575234,,,
1786043662674963986,1786043662.674554165,/novatel/oem7/odom,/novatel/oem7/fix,/novatel/oem7/odom,39.663,-75.756,-1.800568194,0.001198385,-0.001575234,0.000580770,0.001048252,-0.001575234,,,
1786043662685712252,1786043662.685304841,/novatel/oem7/inspva,/novatel/oem7/inspva,/novatel/oem7/inspva,39.663,-75.756,-1.800559082,0.002668573,-0.000127339,-0.000593313,0.002601780,-0.000127339,,novatel_oem7_msgs.msg.InertialSolutionStatus(status=3),
1786043662686415953,1786043662.685527179,/novatel/oem7/fix,/novatel/oem7/fix,/novatel/oem7/inspva,39.663,-75.756,-1.800559082,0.002668573,-0.000127339,-0.000593313,0.002601780,-0.000127339,,0,
1786043662686969532,1786043662.686077758,/novatel/oem7/odom,/novatel/oem7/fix,/novatel/oem7/odom,39.663,-75.756,-1.800559082,0.002668934,-0.000119523,0.002571874,-0.000713214,-0.000119523,,,
1786043662695407213,1786043662.694844745,/novatel/oem7/odom,/novatel/oem7/fix,/novatel/oem7/odom,39.663,-75.756,-1.800559082,0.002668934,-0.000119523,0.002571874,-0.000713214,-0.000119523,,,
1786043662706822094,1786043662.706432305,/novatel/oem7/inspva,/novatel/oem7/inspva,/novatel/oem7/inspva,39.663,-75.756,-1.800555878,0.001673961,0.000751252,-0.000160747,0.001666225,0.000751252,,novatel_oem7_msgs.msg.InertialSolutionStatus(status=3),
1786043662707796381,1786043662.706620164,/novatel/oem7/fix,/novatel/oem7/fix,/novatel/oem7/inspva,39.663,-75.756,-1.800555878,0.001673961,0.000751252,-0.000160747,0.001666225,0.000751252,,0,
1786043662708293593,1786043662.707007971,/novatel/oem7/odom,/novatel/oem7/fix,/novatel/oem7/odom,39.663,-75.756,-1.800555878,0.001671439,0.000756846,0.001654150,-0.000239784,0.000756846,,,
1786043662709958208,1786043662.709585946,/novatel/oem7/bestpos,/novatel/oem7/bestpos,/novatel/oem7/odom,39.663,-75.756,33.181938102,0.001671439,0.000756846,0.001654150,-0.000239784,0.000756846,,novatel_oem7_msgs.msg.SolutionStatus(status=0),novatel_oem7_msgs.msg.PositionOrVelocityType(type=53)
1786043662711251742,1786043662.710439074,/novatel/oem7/bestvel,/novatel/oem7/bestpos,/novatel/oem7/bestvel,39.663,-75.756,33.181938102,0.001496466,0.000643613,,,,82.826827235,novatel_oem7_msgs.msg.SolutionStatus(status=0),novatel_oem7_msgs.msg.PositionOrVelocityType(type=53)
1786043662714782947,1786043662.714363467,/novatel/oem7/odom,/novatel/oem7/bestpos,/novatel/oem7/odom,39.663,-75.756,33.181938102,0.001671439,0.000756846,0.001654150,-0.000239784,0.000756846,,,
1786043662726652851,1786043662.725463242,/novatel/oem7/inspva,/novatel/oem7/inspva,/novatel/oem7/inspva,39.663,-75.756,-1.800573917,0.002150600,-0.001040112,0.002001467,0.000786901,-0.001040112,,novatel_oem7_msgs.msg.InertialSolutionStatus(status=3),
1786043662727585398,1786043662.725719489,/novatel/oem7/fix,/novatel/oem7/fix,/novatel/oem7/inspva,39.663,-75.756,-1.800573917,0.002150600,-0.001040112,0.002001467,0.000786901,-0.001040112,,0,
1786043662728312429,1786043662.726251594,/novatel/oem7/odom,/novatel/oem7/fix,/novatel/oem7/odom,39.663,-75.756,-1.800573917,0.002154443,-0.001032129,0.000882829,0.001965258,-0.001032129,,,
1786043662736050948,1786043662.735685073,/novatel/oem7/odom,/novatel/oem7/fix,/novatel/oem7/odom,39.663,-75.756,-1.800573917,0.002154443,-0.001032129,0.000882829,0.001965258,-0.001032129,,,
1786043662745626266,1786043662.745297206,/novatel/oem7/inspva,/novatel/oem7/inspva,/novatel/oem7/inspva,39.663,-75.756,-1.800569612,0.001257964,-0.001407222,0.001124624,0.000563644,-0.001407222,,novatel_oem7_msgs.msg.InertialSolutionStatus(status=3),
1786043662746307903,1786043662.745404441,/novatel/oem7/fix,/novatel/oem7/fix,/novatel/oem7/inspva,39.663,-75.756,-1.800569612,0.001257964,-0.001407222,0.001124624,0.000563644,-0.001407222,,0,
1786043662746830358,1786043662.745868397,/novatel/oem7/odom,/novatel/oem7/fix,/novatel/oem7/odom,39.663,-75.756,-1.800569612,0.001263451,-0.001402297,0.000620478,0.001100598,-0.001402297,,,
1786043662756089611,1786043662.755714977,/novatel/oem7/odom,/novatel/oem7/fix,/novatel/oem7/odom,39.663,-75.756,-1.800569612,0.001263451,-0.001402297,0.000620478,0.001100598,-0.001402297,,,
1786043662766548304,1786043662.766037302,/novatel/oem7/inspva,/novatel/oem7/inspva,/novatel/oem7/inspva,39.663,-75.756,-1.800559022,0.001468794,-0.000167222,0.000079077,0.001466663,-0.000167222,,novatel_oem7_msgs.msg.InertialSolutionStatus(status=3),
1786043662767258905,1786043662.766241841,/novatel/oem7/fix,/novatel/oem7/fix,/novatel/oem7/inspva,39.663,-75.756,-1.800559022,0.001468794,-0.000167222,0.000079077,0.001466663,-0.000167222,,0,
1786043662767754354,1786043662.766742076,/novatel/oem7/odom,/novatel/oem7/fix,/novatel/oem7/odom,39.663,-75.756,-1.800559022,0.001469407,-0.000161743,0.001469364,0.000011298,-0.000161743,,,
1786043662775180048,1786043662.774696697,/novatel/oem7/odom,/novatel/oem7/fix,/novatel/oem7/odom,39.663,-75.756,-1.800559022,0.001469407,-0.000161743,0.001469364,0.000011298,-0.000161743,,,
1786043662785742888,1786043662.785145557,/novatel/oem7/inspva,/novatel/oem7/inspva,/novatel/oem7/inspva,39.663,-75.756,-1.800555781,0.002275008,0.000507557,0.000004943,0.002275003,0.000507557,,novatel_oem7_msgs.msg.InertialSolutionStatus(status=3),
1786043662786402826,1786043662.785359822,/novatel/oem7/fix,/novatel/oem7/fix,/novatel/oem7/inspva,39.663,-75.756,-1.800555781,0.002275008,0.000507557,0.000004943,0.002275003,0.000507557,,0,
1786043662786926919,1786043662.785752130,/novatel/oem7/odom,/novatel/oem7/fix,/novatel/oem7/odom,39.663,-75.756,-1.800555781,0.002273167,0.000515743,0.002270880,-0.000101931,0.000515743,,,
1786043662795160550,1786043662.794800465,/novatel/oem7/odom,/novatel/oem7/fix,/novatel/oem7/odom,39.663,-75.756,-1.800555781,0.002273167,0.000515743,0.002270880,-0.000101931,0.000515743,,,
1786043662806848361,1786043662.806234849,/novatel/oem7/inspva,/novatel/oem7/inspva,/novatel/oem7/inspva,39.663,-75.756,-1.800569685,0.001937541,-0.000633765,0.001687795,0.000951532,-0.000633765,,novatel_oem7_msgs.msg.InertialSolutionStatus(status=3),
1786043662807859235,1786043662.806396266,/novatel/oem7/fix,/novatel/oem7/fix,/novatel/oem7/inspva,39.663,-75.756,-1.800569685,0.001937541,-0.000633765,0.001687795,0.000951532,-0.000633765,,0,
1786043662808357904,1786043662.807193014,/novatel/oem7/odom,/novatel/oem7/fix,/novatel/oem7/odom,39.663,-75.756,-1.800569685,0.001940082,-0.000625944,0.001031236,0.001643310,-0.000625944,,,
1786043662810585991,1786043662.810248920,/novatel/oem7/bestpos,/novatel/oem7/bestpos,/novatel/oem7/odom,39.663,-75.756,33.181920364,0.001940082,-0.000625944,0.001031236,0.001643310,-0.000625944,,novatel_oem7_msgs.msg.SolutionStatus(status=0),novatel_oem7_msgs.msg.PositionOrVelocityType(type=53)
1786043662811243556,1786043662.810603888,/novatel/oem7/bestvel,/novatel/oem7/bestpos,/novatel/oem7/bestvel,39.663,-75.756,33.181920364,0.002875721,-0.001214295,,,,64.988300089,novatel_oem7_msgs.msg.SolutionStatus(status=0),novatel_oem7_msgs.msg.PositionOrVelocityType(type=53)
1786043662815291796,1786043662.814939483,/novatel/oem7/odom,/novatel/oem7/bestpos,/novatel/oem7/odom,39.663,-75.756,33.181920364,0.001940082,-0.000625944,0.001031236,0.001643310,-0.000625944,,,
1786043662826293360,1786043662.825995169,/novatel/oem7/inspva,/novatel/oem7/inspva,/novatel/oem7/inspva,39.663,-75.756,-1.800576491,0.001591504,-0.001061096,0.001434933,0.000688368,-0.001061096,,novatel_oem7_msgs.msg.InertialSolutionStatus(status=3),
1786043662826968282,1786043662.826213464,/novatel/oem7/fix,/novatel/oem7/fix,/novatel/oem7/inspva,39.663,-75.756,-1.800576491,0.001591504,-0.001061096,0.001434933,0.000688368,-0.001061096,,0,
1786043662827541755,1786043662.826643449,/novatel/oem7/odom,/novatel/oem7/fix,/novatel/oem7/odom,39.663,-75.756,-1.800576491,0.001595616,-0.001054902,0.000758171,0.001403982,-0.001054902,,,
1786043662834875450,1786043662.834450269,/novatel/oem7/odom,/novatel/oem7/fix,/novatel/oem7/odom,39.663,-75.756,-1.800576491,0.001595616,-0.001054902,0.000758171,0.001403982,-0.001054902,,,
1786043662845549349,1786043662.845223462,/novatel/oem7/inspva,/novatel/oem7/inspva,/novatel/oem7/inspva,39.663,-75.756,-1.800574193,0.002541538,-0.000633688,-0.000216203,0.002532326,-0.000633688,,novatel_oem7_msgs.msg.InertialSolutionStatus(status=3),
1786043662846231770,1786043662.845452601,/novatel/oem7/fix,/novatel/oem7/fix,/novatel/oem7/inspva,39.663,-75.756,-1.800574193,0.002541538,-0.000633688,-0.000216203,0.002532326,-0.000633688,,0,
1786043662847028036,1786043662.846104390,/novatel/oem7/odom,/novatel/oem7/fix,/novatel/oem7/odom,39.663,-75.756,-1.800574193,0.002543643,-0.000625184,0.002521878,-0.000332044,-0.000625184,,,
1786043662856617313,1786043662.856147916,/novatel/oem7/odom,/novatel/oem7/fix,/novatel/oem7/odom,39.663,-75.756,-1.800574193,0.002543643,-0.000625184,0.002521878,-0.000332044,-0.000625184,,,
1786043662865497491,1786043662.865039310,/novatel/oem7/inspva,/novatel/oem7/inspva,/novatel/oem7/inspva,39.663,-75.756,-1.800576359,0.001830331,-0.000245459,-0.000148899,0.001824265,-0.000245459,,novatel_oem7_msgs.msg.InertialSolutionStatus(status=3),
1786043662866106050,1786043662.865233802,/novatel/oem7/fix,/novatel/oem7/fix,/novatel/oem7/inspva,39.663,-75.756,-1.800576359,0.001830331,-0.000245459,-0.000148899,0.001824265,-0.000245459,,0,
1786043662866614977,1786043662.865626326,/novatel/oem7/odom,/novatel/oem7/fix,/novatel/oem7/odom,39.663,-75.756,-1.800576359,0.001831156,-0.000239231,0.001816289,-0.000232861,-0.000239231,,,
1786043662874861740,1786043662.874448226,/novatel/oem7/odom,/novatel/oem7/fix,/novatel/oem7/odom,39.663,-75.756,-1.800576359,0.001831156,-0.000239231,0.001816289,-0.000232861,-0.000239231,,,
1786043662887052620,1786043662.886500012,/novatel/oem7/inspva,/novatel/oem7/inspva,/novatel/oem7/inspva,39.663,-75.756,-1.800579882,0.002586447,0.000286656,0.001517034,0.002094831,0.000286656,,novatel_oem7_msgs.msg.InertialSolutionStatus(status=3),
1786043662887948179,1786043662.886688957,/novatel/oem7/fix,/novatel/oem7/fix,/novatel/oem7/inspva,39.663,-75.756,-1.800579882,0.002586447,0.000286656,0.001517034,0.002094831,0.000286656,,0,
1786043662888476213,1786043662.887079781,/novatel/oem7/odom,/novatel/oem7/fix,/novatel/oem7/odom,39.663,-75.756,-1.800579882,0.002585151,0.000298119,0.002161917,0.001417434,0.000298119,,,
1786043662895478616,1786043662.895097253,/novatel/oem7/odom,/novatel/oem7/fix,/novatel/oem7/odom,39.663,-75.756,-1.800579882,0.002585151,0.000298119,0.002161917,0.001417434,0.000298119,,,
1786043662906486809,1786043662.906111885,/novatel/oem7/inspva,/novatel/oem7/inspva,/novatel/oem7/inspva,39.663,-75.756,-1.800582307,0.001950940,-0.000112939,0.001496832,0.001251264,-0.000112939,,novatel_oem7_msgs.msg.InertialSolutionStatus(status=3),
1786043662907632554,1786043662.906319070,/novatel/oem7/fix,/novatel/oem7/fix,/novatel/oem7/inspva,39.663,-75.756,-1.800582307,0.001950940,-0.000112939,0.001496832,0.001251264,-0.000112939,,0,
1786043662908144427,1786043662.906766465,/novatel/oem7/odom,/novatel/oem7/fix,/novatel/oem7/odom,39.663,-75.756,-1.800582307,0.001951410,-0.000104492,0.001319832,0.001437375,-0.000104492,,,
1786043662910620376,1786043662.910293532,/novatel/oem7/bestpos,/novatel/oem7/bestpos,/novatel/oem7/odom,39.663,-75.756,33.181898225,0.001951410,-0.000104492,0.001319832,0.001437375,-0.000104492,,novatel_oem7_msgs.msg.SolutionStatus(status=0),novatel_oem7_msgs.msg.PositionOrVelocityType(type=53)
1786043662911339689,1786043662.910734957,/novatel/oem7/bestvel,/novatel/oem7/bestpos,/novatel/oem7/bestvel,39.663,-75.756,33.181898225,0.003303594,-0.001049483,,,,58.814556672,novatel_oem7_msgs.msg.SolutionStatus(status=0),novatel_oem7_msgs.msg.PositionOrVelocityType(type=53)
1786043662915053092,1786043662.914637919,/novatel/oem7/odom,/novatel/oem7/bestpos,/novatel/oem7/odom,39.663,-75.756,33.181898225,0.001951410,-0.000104492,0.001319832,0.001437375,-0.000104492,,,
1786043662925690650,1786043662.925366218,/novatel/oem7/inspva,/novatel/oem7/inspva,/novatel/oem7/inspva,39.663,-75.756,-1.800586542,0.001133203,-0.001119005,0.000171621,0.001120132,-0.001119005,,novatel_oem7_msgs.msg.InertialSolutionStatus(status=3),
1786043662926310903,1786043662.925599130,/novatel/oem7/fix,/novatel/oem7/fix,/novatel/oem7/inspva,39.663,-75.756,-1.800586542,0.001133203,-0.001119005,0.000171621,0.001120132,-0.001119005,,0,
1786043662926846865,1786043662.926057491,/novatel/oem7/odom,/novatel/oem7/fix,/novatel/oem7/odom,39.663,-75.756,-1.800586542,0.001137614,-0.001114520,0.001131039,0.000122133,-0.001114520,,,
1786043662935722339,1786043662.935316816,/novatel/oem7/odom,/novatel/oem7/fix,/novatel/oem7/odom,39.663,-75.756,-1.800586542,0.001137614,-0.001114520,0.001131039,0.000122133,-0.001114520,,,
1786043662946699951,1786043662.946141495,/novatel/oem7/inspva,/novatel/oem7/inspva,/novatel/oem7/inspva,39.663,-75.756,-1.800576973,0.002206677,-0.000322067,-0.000116727,0.002203588,-0.000322067,,novatel_oem7_msgs.msg.InertialSolutionStatus(status=3),
1786043662947746895,1786043662.946346334,/novatel/oem7/fix,/novatel/oem7/fix,/novatel/oem7/inspva,39.663,-75.756,-1.800576973,0.002206677,-0.000322067,-0.000116727,0.002203588,-0.000322067,,0,
1786043662948250741,1786043662.946820326,/novatel/oem7/odom,/novatel/oem7/fix,/novatel/oem7/odom,39.663,-75.756,-1.800576973,0.002207777,-0.000314437,0.002196971,-0.000218174,-0.000314437,,,
1786043662956215837,1786043662.955854565,/novatel/oem7/odom,/novatel/oem7/fix,/novatel/oem7/odom,39.663,-75.756,-1.800576973,0.002207777,-0.000314437,0.002196971,-0.000218174,-0.000314437,,,
1786043662965876325,1786043662.965588924,/novatel/oem7/inspva,/novatel/oem7/inspva,/novatel/oem7/inspva,39.663,-75.756,-1.800563772,0.002441322,0.001347496,0.001077568,0.002190639,0.001347496,,novatel_oem7_msgs.msg.InertialSolutionStatus(status=3),
1786043662966480903,1786043662.965787649,/novatel/oem7/fix,/novatel/oem7/fix,/novatel/oem7/inspva,39.663,-75.756,-1.800563772,0.002441322,0.001347496,0.001077568,0.002190639,0.001347496,,0,
1786043662967182846,1786043662.966373622,/novatel/oem7/odom,/novatel/oem7/fix,/novatel/oem7/odom,39.663,-75.756,-1.800563772,0.002435340,0.001358279,0.002233238,0.000971354,0.001358279,,,
1786043662975609295,1786043662.975266096,/novatel/oem7/odom,/novatel/oem7/fix,/novatel/oem7/odom,39.663,-75.756,-1.800563772,0.002435340,0.001358279,0.002233238,0.000971354,0.001358279,,,
1786043662985562266,1786043662.985139856,/novatel/oem7/inspva,/novatel/oem7/inspva,/novatel/oem7/inspva,39.663,-75.756,-1.800567419,0.002529549,0.000452408,0.001528878,0.002015230,0.000452408,,novatel_oem7_msgs.msg.InertialSolutionStatus(status=3),
1786043662986131354,1786043662.985333131,/novatel/oem7/fix,/novatel/oem7/fix,/novatel/oem7/inspva,39.663,-75.756,-1.800567419,0.002529549,0.000452408,0.001528878,0.002015230,0.000452408,,0,
1786043662986607474,1786043662.985801643,/novatel/oem7/odom,/novatel/oem7/fix,/novatel/oem7/odom,39.663,-75.756,-1.800567419,0.002527511,0.000463657,0.002082363,0.001432507,0.000463657,,,
1786043662995041164,1786043662.994628277,/novatel/oem7/odom,/novatel/oem7/fix,/novatel/oem7/odom,39.663,-75.756,-1.800567419,0.002527511,0.000463657,0.002082363,0.001432507,0.000463657,,,
1786043663010335209,1786043663.010032131,/novatel/oem7/inspva,/novatel/oem7/inspva,/novatel/oem7/inspva,39.663,-75.756,-1.800580591,0.001483630,-0.001717963,0.000789421,0.001256174,-0.001717963,,novatel_oem7_msgs.msg.InertialSolutionStatus(status=3),
1786043663011752731,1786043663.010128008,/novatel/oem7/fix,/novatel/oem7/fix,/novatel/oem7/inspva,39.663,-75.756,-1.800580591,0.001483630,-0.001717963,0.000789421,0.001256174,-0.001717963,,0,
1786043663012746102,1786043663.011612550,/novatel/oem7/odom,/novatel/oem7/fix,/novatel/oem7/odom,39.663,-75.756,-1.800580591,0.001491240,-0.001711362,0.001297888,0.000734360,-0.001711362,,,
1786043663016103031,1786043663.015757871,/novatel/oem7/odom,/novatel/oem7/fix,/novatel/oem7/odom,39.663,-75.756,-1.800580591,0.001491240,-0.001711362,0.001297888,0.000734360,-0.001711362,,,
1786043663026906338,1786043663.026561257,/novatel/oem7/bestpos,/novatel/oem7/bestpos,/novatel/oem7/odom,39.663,-75.756,33.181915210,0.001491240,-0.001711362,0.001297888,0.000734360,-0.001711362,,novatel_oem7_msgs.msg.SolutionStatus(status=0),novatel_oem7_msgs.msg.PositionOrVelocityType(type=53)
1786043663027680072,1786043663.026972175,/novatel/oem7/bestvel,/novatel/oem7/bestpos,/novatel/oem7/bestvel,39.663,-75.756,33.181915210,0.001357145,-0.001461692,,,,77.939705891,novatel_oem7_msgs.msg.SolutionStatus(status=0),novatel_oem7_msgs.msg.PositionOrVelocityType(type=53)
1786043663028095735,1786043663.027359019,/novatel/oem7/inspva,/novatel/oem7/inspva,/novatel/oem7/inspva,39.663,-75.756,-1.800580190,0.001410009,-0.001634516,0.000681756,0.001234234,-0.001634516,,novatel_oem7_msgs.msg.InertialSolutionStatus(status=3),
1786043663028697702,1786043663.027580964,/novatel/oem7/fix,/novatel/oem7/fix,/novatel/oem7/inspva,39.663,-75.756,-1.800580190,0.001410009,-0.001634516,0.000681756,0.001234234,-0.001634516,,0,
1786043663029172260,1786043663.027951871,/novatel/oem7/odom,/novatel/oem7/fix,/novatel/oem7/odom,39.663,-75.756,-1.800580190,0.001417213,-0.001628274,0.001270643,0.000627662,-0.001628274,,,
1786043663035935300,1786043663.035517742,/novatel/oem7/odom,/novatel/oem7/fix,/novatel/oem7/odom,39.663,-75.756,-1.800580190,0.001417213,-0.001628274,0.001270643,0.000627662,-0.001628274,,,
1786043663045751734,1786043663.045409033,/novatel/oem7/inspva,/novatel/oem7/inspva,/novatel/oem7/inspva,39.663,-75.756,-1.800551780,0.002258021,0.001394641,0.000192541,0.002249797,0.001394641,,novatel_oem7_msgs.msg.InertialSolutionStatus(status=3),
1786043663046361464,1786043663.045636459,/novatel/oem7/fix,/novatel/oem7/fix,/novatel/oem7/inspva,39.663,-75.756,-1.800551780,0.002258021,0.001394641,0.000192541,0.002249797,0.001394641,,0,
1786043663047043862,1786043663.046309162,/novatel/oem7/odom,/novatel/oem7/fix,/novatel/oem7/odom,39.663,-75.756,-1.800551780,0.002252662,0.001403282,0.002251081,0.000084388,0.001403282,,,
1786043663056590273,1786043663.056174916,/novatel/oem7/odom,/novatel/oem7/fix,/novatel/oem7/odom,39.663,-75.756,-1.800551780,0.002252662,0.001403282,0.002251081,0.000084388,0.001403282,,,
1786043663066858939,1786043663.066402247,/novatel/oem7/inspva,/novatel/oem7/inspva,/novatel/oem7/inspva,39.663,-75.756,-1.800551949,0.002140944,0.000621787,0.001189906,0.001779821,0.000621787,,novatel_oem7_msgs.msg.InertialSolutionStatus(status=3),
1786043663067478368,1786043663.066586328,/novatel/oem7/fix,/novatel/oem7/fix,/novatel/oem7/inspva,39.663,-75.756,-1.800551949,0.002140944,0.000621787,0.001189906,0.001779821,0.000621787,,0,
1786043663067935416,1786043663.067139657,/novatel/oem7/odom,/novatel/oem7/fix,/novatel/oem7/odom,39.663,-75.756,-1.800551949,0.002138149,0.000631331,0.001830831,0.001104417,0.000631331,,,
1786043663074880428,1786043663.074578834,/novatel/oem7/odom,/novatel/oem7/fix,/novatel/oem7/odom,39.663,-75.756,-1.800551949,0.002138149,0.000631331,0.001830831,0.001104417,0.000631331,,,
1786043663085717680,1786043663.085408877,/novatel/oem7/inspva,/novatel/oem7/inspva,/novatel/oem7/inspva,39.663,-75.756,-1.800564436,0.001029530,-0.002265300,0.000899959,0.000500007,-0.002265300,,novatel_oem7_msgs.msg.InertialSolutionStatus(status=3),
1786043663086327648,1786043663.085601383,/novatel/oem7/fix,/novatel/oem7/fix,/novatel/oem7/inspva,39.663,-75.756,-1.800564436,0.001029530,-0.002265300,0.000899959,0.000500007,-0.002265300,,0,
1786043663087061907,1786043663.086257219,/novatel/oem7/odom,/novatel/oem7/fix,/novatel/oem7/odom,39.663,-75.756,-1.800564436,0.001038577,-0.002261167,0.000549640,0.000881214,-0.002261167,,,
1786043663095899684,1786043663.095563304,/novatel/oem7/odom,/novatel/oem7/fix,/novatel/oem7/odom,39.663,-75.756,-1.800564436,0.001038577,-0.002261167,0.000549640,0.000881214,-0.002261167,,,
1786043663106409635,1786043663.105981893,/novatel/oem7/inspva,/novatel/oem7/inspva,/novatel/oem7/inspva,39.663,-75.756,-1.800551920,0.001688238,-0.001976656,0.000755897,0.001509559,-0.001976656,,novatel_oem7_msgs.msg.InertialSolutionStatus(status=3),
1786043663107023605,1786043663.106157035,/novatel/oem7/fix,/novatel/oem7/fix,/novatel/oem7/inspva,39.663,-75.756,-1.800551920,0.001688238,-0.001976656,0.000755897,0.001509559,-0.001976656,,0,
1786043663107552107,1786043663.106634280,/novatel/oem7/odom,/novatel/oem7/fix,/novatel/oem7/odom,39.663,-75.756,-1.800551920,0.001696856,-0.001969263,0.001550343,0.000689751,-0.001969263,,,
1786043663109567660,1786043663.109239925,/novatel/oem7/bestpos,/novatel/oem7/bestpos,/novatel/oem7/odom,39.663,-75.756,33.182003335,0.001696856,-0.001969263,0.001550343,0.000689751,-0.001969263,,novatel_oem7_msgs.msg.SolutionStatus(status=0),novatel_oem7_msgs.msg.PositionOrVelocityType(type=53)
1786043663110281346,1786043663.110004779,/novatel/oem7/bestvel,/novatel/oem7/bestpos,/novatel/oem7/bestvel,39.663,-75.756,33.182003335,0.001146996,-0.001646081,,,,36.559616282,novatel_oem7_msgs.msg.SolutionStatus(status=0),novatel_oem7_msgs.msg.PositionOrVelocityType(type=53)
1786043663115036189,1786043663.114572128,/novatel/oem7/odom,/novatel/oem7/bestpos,/novatel/oem7/odom,39.663,-75.756,33.182003335,0.001696856,-0.001969263,0.001550343,0.000689751,-0.001969263,,,
1786043663126795608,1786043663.126487355,/novatel/oem7/inspva,/novatel/oem7/inspva,/novatel/oem7/inspva,39.663,-75.756,-1.800515138,0.001948866,0.001502699,-0.000517556,0.001878887,0.001502699,,novatel_oem7_msgs.msg.InertialSolutionStatus(status=3),
1786043663127502511,1786043663.126650257,/novatel/oem7/fix,/novatel/oem7/fix,/novatel/oem7/inspva,39.663,-75.756,-1.800515138,0.001948866,0.001502699,-0.000517556,0.001878887,0.001502699,,0,
1786043663128003968,1786043663.127021660,/novatel/oem7/odom,/novatel/oem7/fix,/novatel/oem7/odom,39.663,-75.756,-1.800515138,0.001944678,0.001508115,0.001847197,-0.000607979,0.001508115,,,
1786043663135496010,1786043663.135136930,/novatel/oem7/odom,/novatel/oem7/fix,/novatel/oem7/odom,39.663,-75.756,-1.800515138,0.001944678,0.001508115,0.001847197,-0.000607979,0.001508115,,,
1786043663145265550,1786043663.144918880,/novatel/oem7/inspva,/novatel/oem7/inspva,/novatel/oem7/inspva,39.663,-75.756,-1.800506010,0.002045897,0.001537763,0.000794477,0.001885339,0.001537763,,novatel_oem7_msgs.msg.InertialSolutionStatus(status=3),
1786043663146632597,1786043663.145111769,/novatel/oem7/fix,/novatel/oem7/fix,/novatel/oem7/inspva,39.663,-75.756,-1.800506010,0.002045897,0.001537763,0.000794477,0.001885339,0.001537763,,0,
1786043663147550243,1786043663.145512483,/novatel/oem7/odom,/novatel/oem7/fix,/novatel/oem7/odom,39.663,-75.756,-1.800506010,0.002039213,0.001546615,0.001914465,0.000702291,0.001546615,,,
1786043663156263091,1786043663.155902671,/novatel/oem7/odom,/novatel/oem7/fix,/novatel/oem7/odom,39.663,-75.756,-1.800506010,0.002039213,0.001546615,0.001914465,0.000702291,0.001546615,,,
1786043663165795240,1786043663.165393102,/novatel/oem7/inspva,/novatel/oem7/inspva,/novatel/oem7/inspva,39.663,-75.756,-1.800513299,0.001364050,-0.001577828,0.001294423,0.000430235,-0.001577828,,novatel_oem7_msgs.msg.InertialSolutionStatus(status=3),
1786043663166469165,1786043663.165606687,/novatel/oem7/fix,/novatel/oem7/fix,/novatel/oem7/inspva,39.663,-75.756,-1.800513299,0.001364050,-0.001577828,0.001294423,0.000430235,-0.001577828,,0,
1786043663167283579,1786043663.166278653,/novatel/oem7/odom,/novatel/oem7/fix,/novatel/oem7/odom,39.663,-75.756,-1.800513299,0.001369712,-0.001572915,0.000495770,0.001276841,-0.001572915,,,
1786043663175409902,1786043663.174960469,/novatel/oem7/odom,/novatel/oem7/fix,/novatel/oem7/odom,39.663,-75.756,-1.800513299,0.001369712,-0.001572915,0.000495770,0.001276841,-0.001572915,,,
1786043663186489939,1786043663.186129343,/novatel/oem7/inspva,/novatel/oem7/inspva,/novatel/oem7/inspva,39.663,-75.756,-1.800491500,0.001944654,-0.001408938,0.001449224,0.001296700,-0.001408938,,novatel_oem7_msgs.msg.InertialSolutionStatus(status=3),
1786043663187225583,1786043663.186331641,/novatel/oem7/fix,/novatel/oem7/fix,/novatel/oem7/inspva,39.663,-75.756,-1.800491500,0.001944654,-0.001408938,0.001449224,0.001296700,-0.001408938,,0,
1786043663187767277,1786043663.186722855,/novatel/oem7/odom,/novatel/oem7/fix,/novatel/oem7/odom,39.663,-75.756,-1.800491500,0.001950723,-0.001400524,0.001367822,0.001390822,-0.001400524,,,
1786043663194935888,1786043663.194461768,/novatel/oem7/odom,/novatel/oem7/fix,/novatel/oem7/odom,39.663,-75.756,-1.800491500,0.001950723,-0.001400524,0.001367822,0.001390822,-0.001400524,,,
1786043663206891478,1786043663.206579220,/novatel/oem7/inspva,/novatel/oem7/inspva,/novatel/oem7/inspva,39.663,-75.756,-1.800461877,0.003446538,0.000317818,-0.000894518,0.003328433,0.000317818,,novatel_oem7_msgs.msg.InertialSolutionStatus(status=3),
1786043663207623151,1786043663.206803932,/novatel/oem7/fix,/novatel/oem7/fix,/novatel/oem7/inspva,39.663,-75.756,-1.800461877,0.003446538,0.000317818,-0.000894518,0.003328433,0.000317818,,0,
1786043663208127808,1786043663.207273577,/novatel/oem7/odom,/novatel/oem7/fix,/novatel/oem7/odom,39.663,-75.756,-1.800461877,0.003445636,0.000327451,0.003282080,-0.001048981,0.000327451,,,
1786043663210600014,1786043663.210269597,/novatel/oem7/bestpos,/novatel/oem7/bestpos,/novatel/oem7/odom,39.663,-75.756,33.182071809,0.003445636,0.000327451,0.003282080,-0.001048981,0.000327451,,novatel_oem7_msgs.msg.SolutionStatus(status=0),novatel_oem7_msgs.msg.PositionOrVelocityType(type=53)
1786043663211257128,1786043663.210807576,/novatel/oem7/bestvel,/novatel/oem7/bestpos,/novatel/oem7/bestvel,39.663,-75.756,33.182071809,0.003022234,-0.000015244,,,,90.873388636,novatel_oem7_msgs.msg.SolutionStatus(status=0),novatel_oem7_msgs.msg.PositionOrVelocityType(type=53)
1786043663215842764,1786043663.215506725,/novatel/oem7/odom,/novatel/oem7/bestpos,/novatel/oem7/odom,39.663,-75.756,33.182071809,0.003445636,0.000327451,0.003282080,-0.001048981,0.000327451,,,
1786043663225477534,1786043663.225162117,/novatel/oem7/inspva,/novatel/oem7/inspva,/novatel/oem7/inspva,39.663,-75.756,-1.800440675,0.002326628,0.000916708,-0.000016350,0.002326570,0.000916708,,novatel_oem7_msgs.msg.InertialSolutionStatus(status=3),
1786043663226123687,1786043663.225371509,/novatel/oem7/fix,/novatel/oem7/fix,/novatel/oem7/inspva,39.663,-75.756,-1.800440675,0.002326628,0.000916708,-0.000016350,0.002326570,0.000916708,,0,
1786043663226631760,1786043663.225797926,/novatel/oem7/odom,/novatel/oem7/fix,/novatel/oem7/odom,39.663,-75.756,-1.800440675,0.002323317,0.000925067,0.002319862,-0.000126656,0.000925067,,,
1786043663235023527,1786043663.234561053,/novatel/oem7/odom,/novatel/oem7/fix,/novatel/oem7/odom,39.663,-75.756,-1.800440675,0.002323317,0.000925067,0.002319862,-0.000126656,0.000925067,,,
1786043663246938446,1786043663.246639842,/novatel/oem7/inspva,/novatel/oem7/inspva,/novatel/oem7/inspva,39.663,-75.756,-1.800448433,0.001809293,-0.001155652,0.001694949,0.000633001,-0.001155652,,novatel_oem7_msgs.msg.InertialSolutionStatus(status=3),
1786043663248192627,1786043663.246789340,/novatel/oem7/fix,/novatel/oem7/fix,/novatel/oem7/inspva,39.663,-75.756,-1.800448433,0.001809293,-0.001155652,0.001694949,0.000633001,-0.001155652,,0,
1786043663249256381,1786043663.247188047,/novatel/oem7/odom,/novatel/oem7/fix,/novatel/oem7/odom,39.663,-75.756,-1.800448433,0.001813562,-0.001148942,0.000715375,0.001666507,-0.001148942,,,
1786043663257337290,1786043663.256341817,/novatel/oem7/odom,/novatel/oem7/fix,/novatel/oem7/odom,39.663,-75.756,-1.800448433,0.001813562,-0.001148942,0.000715375,0.001666507,-0.001148942,,,
1786043663265772530,1786043663.265153447,/novatel/oem7/inspva,/novatel/oem7/inspva,/novatel/oem7/inspva,39.663,-75.756,-1.800436796,0.001725885,-0.001135779,0.001302815,0.001131968,-0.001135779,,novatel_oem7_msgs.msg.InertialSolutionStatus(status=3),
1786043663267151334,1786043663.265359549,/novatel/oem7/fix,/novatel/oem7/fix,/novatel/oem7/inspva,39.663,-75.756,-1.800436796,0.001725885,-0.001135779,0.001302815,0.001131968,-0.001135779,,0,
1786043663268258801,1786043663.265715799,/novatel/oem7/odom,/novatel/oem7/fix,/novatel/oem7/odom,39.663,-75.756,-1.800436796,0.001730787,-0.001128294,0.001195492,0.001251569,-0.001128294,,,
1786043663276389661,1786043663.275734321,/novatel/oem7/odom,/novatel/oem7/fix,/novatel/oem7/odom,39.663,-75.756,-1.800436796,0.001730787,-0.001128294,0.001195492,0.001251569,-0.001128294,,,
1786043663285972686,1786043663.285457634,/novatel/oem7/inspva,/novatel/oem7/inspva,/novatel/oem7/inspva,39.663,-75.756,-1.800416095,0.002789162,-0.000300545,-0.000654437,0.002711298,-0.000300545,,novatel_oem7_msgs.msg.InertialSolutionStatus(status=3),
1786043663287268245,1786043663.285629756,/novatel/oem7/fix,/novatel/oem7/fix,/novatel/oem7/inspva,39.663,-75.756,-1.800416095,0.002789162,-0.000300545,-0.000654437,0.002711298,-0.000300545,,0,
1786043663288295445,1786043663.286193181,/novatel/oem7/odom,/novatel/oem7/fix,/novatel/oem7/odom,39.663,-75.756,-1.800416095,0.002790020,-0.000292469,0.002679073,-0.000778959,-0.000292469,,,
1786043663295520435,1786043663.295174576,/novatel/oem7/odom,/novatel/oem7/fix,/novatel/oem7/odom,39.663,-75.756,-1.800416095,0.002790020,-0.000292469,0.002679073,-0.000778959,-0.000292469,,,
1786043663306588371,1786043663.306302222,/novatel/oem7/inspva,/novatel/oem7/inspva,/novatel/oem7/inspva,39.663,-75.756,-1.800400379,0.002365682,0.000079435,-0.000837076,0.002212636,0.000079435,,novatel_oem7_msgs.msg.InertialSolutionStatus(status=3),
1786043663307179565,1786043663.306436425,/novatel/oem7/fix,/novatel/oem7/fix,/novatel/oem7/inspva,39.663,-75.756,-1.800400379,0.002365682,0.000079435,-0.000837076,0.002212636,0.000079435,,0,
1786043663307868840,1786043663.307027346,/novatel/oem7/odom,/novatel/oem7/fix,/novatel/oem7/odom,39.663,-75.756,-1.800400379,0.002365480,0.000085260,0.002171046,-0.000939178,0.000085260,,,
1786043663310785579,1786043663.310502097,/novatel/oem7/bestpos,/novatel/oem7/bestpos,/novatel/oem7/odom,39.663,-75.756,33.182127487,0.002365480,0.000085260,0.002171046,-0.000939178,0.000085260,,novatel_oem7_msgs.msg.SolutionStatus(status=0),novatel_oem7_msgs.msg.PositionOrVelocityType(type=53)
1786043663311418438,1786043663.311038550,/novatel/oem7/bestvel,/novatel/oem7/bestpos,/novatel/oem7/bestvel,39.663,-75.756,33.182127487,0.001684629,0.000260814,,,,110.356920799,novatel_oem7_msgs.msg.SolutionStatus(status=0),novatel_oem7_msgs.msg.PositionOrVelocityType(type=53)
1786043663314800880,1786043663.314463583,/novatel/oem7/odom,/novatel/oem7/bestpos,/novatel/oem7/odom,39.663,-75.756,33.182127487,0.002365480,0.000085260,0.002171046,-0.000939178,0.000085260,,,
1786043663325622671,1786043663.325179088,/novatel/oem7/inspva,/novatel/oem7/inspva,/novatel/oem7/inspva,39.663,-75.756,-1.800395217,0.001192930,-0.000019072,0.000872932,0.000813064,-0.000019072,,novatel_oem7_msgs.msg.InertialSolutionStatus(status=3),
1786043663326204212,1786043663.325361227,/novatel/oem7/fix,/novatel/oem7/fix,/novatel/oem7/inspva,39.663,-75.756,-1.800395217,0.001192930,-0.000019072,0.000872932,0.000813064,-0.000019072,,0,
1786043663326681832,1786043663.325820548,/novatel/oem7/odom,/novatel/oem7/fix,/novatel/oem7/odom,39.663,-75.756,-1.800395217,0.001193003,-0.000013846,0.000852792,0.000834267,-0.000013846,,,
1786043663335899215,1786043663.335449989,/novatel/oem7/odom,/novatel/oem7/fix,/novatel/oem7/odom,39.663,-75.756,-1.800395217,0.001193003,-0.000013846,0.000852792,0.000834267,-0.000013846,,,
1786043663345518205,1786043663.345101604,/novatel/oem7/inspva,/novatel/oem7/inspva,/novatel/oem7/inspva,39.663,-75.756,-1.800387166,0.001455455,-0.000121739,0.000481728,0.001373422,-0.000121739,,novatel_oem7_msgs.msg.InertialSolutionStatus(status=3),
1786043663346122541,1786043663.345283596,/novatel/oem7/fix,/novatel/oem7/fix,/novatel/oem7/inspva,39.663,-75.756,-1.800387166,0.001455455,-0.000121739,0.000481728,0.001373422,-0.000121739,,0,
1786043663346617342,1786043663.345734301,/novatel/oem7/odom,/novatel/oem7/fix,/novatel/oem7/odom,39.663,-75.756,-1.800387166,0.001455963,-0.000115506,0.001394763,0.000417691,-0.000115506,,,
1786043663356030640,1786043663.355693279,/novatel/oem7/odom,/novatel/oem7/fix,/novatel/oem7/odom,39.663,-75.756,-1.800387166,0.001455963,-0.000115506,0.001394763,0.000417691,-0.000115506,,,
1786043663367036821,1786043663.366779112,/novatel/oem7/inspva,/novatel/oem7/inspva,/novatel/oem7/inspva,39.663,-75.756,-1.800374504,0.001200407,-0.000925550,-0.000549781,0.001067107,-0.000925550,,novatel_oem7_msgs.msg.InertialSolutionStatus(status=3),
1786043663367673689,1786043663.366870043,/novatel/oem7/fix,/novatel/oem7/fix,/novatel/oem7/inspva,39.663,-75.756,-1.800374504,0.001200407,-0.000925550,-0.000549781,0.001067107,-0.000925550,,0,
1786043663368368927,1786043663.367684764,/novatel/oem7/odom,/novatel/oem7/fix,/novatel/oem7/odom,39.663,-75.756,-1.800374504,0.001202284,-0.000923109,0.001043860,-0.000596526,-0.000923109,,,
1786043663375739906,1786043663.375232001,/novatel/oem7/odom,/novatel/oem7/fix,/novatel/oem7/odom,39.663,-75.756,-1.800374504,0.001202284,-0.000923109,0.001043860,-0.000596526,-0.000923109,,,
1786043663385388179,1786043663.385145613,/novatel/oem7/inspva,/novatel/oem7/inspva,/novatel/oem7/inspva,39.663,-75.756,-1.800353756,0.001319660,-0.000291195,-0.000467197,0.001234191,-0.000291195,,novatel_oem7_msgs.msg.InertialSolutionStatus(status=3),
1786043663385970554,1786043663.385229027,/novatel/oem7/fix,/novatel/oem7/fix,/novatel/oem7/inspva,39.663,-75.756,-1.800353756,0.001319660,-0.000291195,-0.000467197,0.001234191,-0.000291195,,0,
1786043663386630107,1786043663.385751235,/novatel/oem7/odom,/novatel/oem7/fix,/novatel/oem7/odom,39.663,-75.756,-1.800353756,0.001320371,-0.000287953,0.001212244,-0.000523301,-0.000287953,,,
1786043663395919201,1786043663.395602409,/novatel/oem7/odom,/novatel/oem7/fix,/novatel/oem7/odom,39.663,-75.756,-1.800353756,0.001320371,-0.000287953,0.001212244,-0.000523301,-0.000287953,,,
1786043663406918280,1786043663.406660947,/novatel/oem7/inspva,/novatel/oem7/inspva,/novatel/oem7/inspva,39.663,-75.756,-1.800351033,0.002466354,0.000011507,0.000624446,0.002385994,0.000011507,,novatel_oem7_msgs.msg.InertialSolutionStatus(status=3),
1786043663407522469,1786043663.406746984,/novatel/oem7/fix,/novatel/oem7/fix,/novatel/oem7/inspva,39.663,-75.756,-1.800351033,0.002466354,0.000011507,0.000624446,0.002385994,0.000011507,,0,
1786043663408243300,1786043663.407632650,/novatel/oem7/odom,/novatel/oem7/fix,/novatel/oem7/odom,39.663,-75.756,-1.800351033,0.002466284,0.000021771,0.002412356,0.000512929,0.000021771,,,
1786043663410566183,1786043663.410274230,/novatel/oem7/bestpos,/novatel/oem7/bestpos,/novatel/oem7/odom,39.663,-75.756,33.182167742,0.002466284,0.000021771,0.002412356,0.000512929,0.000021771,,novatel_oem7_msgs.msg.SolutionStatus(status=0),novatel_oem7_msgs.msg.PositionOrVelocityType(type=53)
1786043663411207729,1786043663.410695806,/novatel/oem7/bestvel,/novatel/oem7/bestpos,/novatel/oem7/bestvel,39.663,-75.756,33.182167742,0.003179599,-0.000721373,,,,61.130059660,novatel_oem7_msgs.msg.SolutionStatus(status=0),novatel_oem7_msgs.msg.PositionOrVelocityType(type=53)
1786043663415448666,1786043663.414976373,/novatel/oem7/odom,/novatel/oem7/bestpos,/novatel/oem7/odom,39.663,-75.756,33.182167742,0.002466284,0.000021771,0.002412356,0.000512929,0.000021771,,,
1786043663426607866,1786043663.426243774,/novatel/oem7/inspva,/novatel/oem7/inspva,/novatel/oem7/inspva,39.663,-75.756,-1.800339947,0.001671799,0.000300663,0.000835791,0.001447883,0.000300663,,novatel_oem7_msgs.msg.InertialSolutionStatus(status=3),
1786043663427239563,1786043663.426416139,/novatel/oem7/fix,/novatel/oem7/fix,/novatel/oem7/inspva,39.663,-75.756,-1.800339947,0.001671799,0.000300663,0.000835791,0.001447883,0.000300663,,0,
1786043663427740760,1786043663.426859983,/novatel/oem7/odom,/novatel/oem7/fix,/novatel/oem7/odom,39.663,-75.756,-1.800339947,0.001670447,0.000308083,0.001484002,0.000766898,0.000308083,,,
1786043663435040302,1786043663.434704361,/novatel/oem7/odom,/novatel/oem7/fix,/novatel/oem7/odom,39.663,-75.756,-1.800339947,0.001670447,0.000308083,0.001484002,0.000766898,0.000308083,,,
1786043663445569573,1786043663.445275512,/novatel/oem7/inspva,/novatel/oem7/inspva,/novatel/oem7/inspva,39.663,-75.756,-1.800343100,0.001096946,-0.001618001,0.000027481,0.001096602,-0.001618001,,novatel_oem7_msgs.msg.InertialSolutionStatus(status=3),
1786043663446201645,1786043663.445370737,/novatel/oem7/fix,/novatel/oem7/fix,/novatel/oem7/inspva,39.663,-75.756,-1.800343100,0.001096946,-0.001618001,0.000027481,0.001096602,-0.001618001,,0,
1786043663446928322,1786043663.446118076,/novatel/oem7/odom,/novatel/oem7/fix,/novatel/oem7/odom,39.663,-75.756,-1.800343100,0.001102845,-0.001613986,0.001102671,-0.000019589,-0.001613986,,,
1786043663456961730,1786043663.456470825,/novatel/oem7/odom,/novatel/oem7/fix,/novatel/oem7/odom,39.663,-75.756,-1.800343100,0.001102845,-0.001613986,0.001102671,-0.000019589,-0.001613986,,,
1786043663465639719,1786043663.465094036,/novatel/oem7/inspva,/novatel/oem7/inspva,/novatel/oem7/inspva,39.663,-75.756,-1.800318831,0.001404445,-0.000489346,-0.000403534,0.001345224,-0.000489346,,novatel_oem7_msgs.msg.InertialSolutionStatus(status=3),
1786043663466981605,1786043663.465268205,/novatel/oem7/fix,/novatel/oem7/fix,/novatel/oem7/inspva,39.663,-75.756,-1.800318831,0.001404445,-0.000489346,-0.000403534,0.001345224,-0.000489346,,0,
1786043663468083600,1786043663.465658019,/novatel/oem7/odom,/novatel/oem7/fix,/novatel/oem7/odom,39.663,-75.756,-1.800318831,0.001405760,-0.000485556,0.001326841,-0.000464386,-0.000485556,,,
1786043663475097775,1786043663.474432822,/novatel/oem7/odom,/novatel/oem7/fix,/novatel/oem7/odom,39.663,-75.756,-1.800318831,0.001405760,-0.000485556,0.001326841,-0.000464386,-0.000485556,,,
1786043663487023666,1786043663.486563355,/novatel/oem7/inspva,/novatel/oem7/inspva,/novatel/oem7/inspva,39.663,-75.756,-1.800307837,0.002577658,0.000523712,0.000201373,0.002569780,0.000523712,,novatel_oem7_msgs.msg.InertialSolutionStatus(status=3),
1786043663488329729,1786043663.486645467,/novatel/oem7/fix,/novatel/oem7/fix,/novatel/oem7/inspva,39.663,-75.756,-1.800307837,0.002577658,0.000523712,0.000201373,0.002569780,0.000523712,,0,
1786043663489346882,1786043663.487041822,/novatel/oem7/odom,/novatel/oem7/fix,/novatel/oem7/odom,39.663,-75.756,-1.800307837,0.002575630,0.000533597,0.002574371,0.000080508,0.000533597,,,
1786043663495513946,1786043663.494858876,/novatel/oem7/odom,/novatel/oem7/fix,/novatel/oem7/odom,39.663,-75.756,-1.800307837,0.002575630,0.000533597,0.002574371,0.000080508,0.000533597,,,
1786043663506901045,1786043663.506103604,/novatel/oem7/inspva,/novatel/oem7/inspva,/novatel/oem7/inspva,39.663,-75.756,-1.800302354,0.002072322,0.000437622,0.000432463,0.002026696,0.000437622,,novatel_oem7_msgs.msg.InertialSolutionStatus(status=3),
1786043663508292182,1786043663.506305376,/novatel/oem7/fix,/novatel/oem7/fix,/novatel/oem7/inspva,39.663,-75.756,-1.800302354,0.002072322,0.000437622,0.000432463,0.002026696,0.000437622,,0,
1786043663509353952,1786043663.506653319,/novatel/oem7/odom,/novatel/oem7/fix,/novatel/oem7/odom,39.663,-75.756,-1.800302354,0.002070518,0.000446080,0.002042946,0.000336775,0.000446080,,,
1786043663511761203,1786043663.511003971,/novatel/oem7/bestpos,/novatel/oem7/bestpos,/novatel/oem7/odom,39.663,-75.756,33.182209292,0.002070518,0.000446080,0.002042946,0.000336775,0.000446080,,novatel_oem7_msgs.msg.SolutionStatus(status=0),novatel_oem7_msgs.msg.PositionOrVelocityType(type=53)
1786043663513175847,1786043663.511380252,/novatel/oem7/bestvel,/novatel/oem7/bestpos,/novatel/oem7/bestvel,39.663,-75.756,33.182209292,0.002830273,-0.000323438,,,,62.118425025,novatel_oem7_msgs.msg.SolutionStatus(status=0),novatel_oem7_msgs.msg.PositionOrVelocityType(type=53)
1786043663516274407,1786043663.515544067,/novatel/oem7/odom,/novatel/oem7/bestpos,/novatel/oem7/odom,39.663,-75.756,33.182209292,0.002070518,0.000446080,0.002042946,0.000336775,0.000446080,,,
1786043663525922869,1786043663.525235300,/novatel/oem7/inspva,/novatel/oem7/inspva,/novatel/oem7/inspva,39.663,-75.756,-1.800305758,0.001243134,-0.001262210,0.000740573,0.000998465,-0.001262210,,novatel_oem7_msgs.msg.InertialSolutionStatus(status=3),
1786043663527358663,1786043663.525310914,/novatel/oem7/fix,/novatel/oem7/fix,/novatel/oem7/inspva,39.663,-75.756,-1.800305758,0.001243134,-0.001262210,0.000740573,0.000998465,-0.001262210,,0,
1786043663528409214,1786043663.526062704,/novatel/oem7/odom,/novatel/oem7/fix,/novatel/oem7/odom,39.663,-75.756,-1.800305758,0.001248708,-0.001256695,0.001036452,0.000696448,-0.001256695,,,
1786043663535592374,1786043663.534840627,/novatel/oem7/odom,/novatel/oem7/fix,/novatel/oem7/odom,39.663,-75.756,-1.800305758,0.001248708,-0.001256695,0.001036452,0.000696448,-0.001256695,,,
1786043663546779138,1786043663.546075228,/novatel/oem7/inspva,/novatel/oem7/inspva,/novatel/oem7/inspva,39.663,-75.756,-1.800289052,0.001115589,-0.000967952,0.000171123,0.001102386,-0.000967952,,novatel_oem7_msgs.msg.InertialSolutionStatus(status=3),
1786043663548201525,1786043663.546156237,/novatel/oem7/fix,/novatel/oem7/fix,/novatel/oem7/inspva,39.663,-75.756,-1.800289052,0.001115589,-0.000967952,0.000171123,0.001102386,-0.000967952,,0,
1786043663549270642,1786043663.546691067,/novatel/oem7/odom,/novatel/oem7/fix,/novatel/oem7/odom,39.663,-75.756,-1.800289052,0.001119393,-0.000963551,0.001112717,0.000122069,-0.000963551,,,
1786043663556776789,1786043663.555991948,/novatel/oem7/odom,/novatel/oem7/fix,/novatel/oem7/odom,39.663,-75.756,-1.800289052,0.001119393,-0.000963551,0.001112717,0.000122069,-0.000963551,,,
1786043663565937786,1786043663.565222187,/novatel/oem7/inspva,/novatel/oem7/inspva,/novatel/oem7/inspva,39.663,-75.756,-1.800261740,0.002878400,0.001435610,-0.000511006,0.002832678,0.001435610,,novatel_oem7_msgs.msg.InertialSolutionStatus(status=3),
1786043663567351970,1786043663.565307354,/novatel/oem7/fix,/novatel/oem7/fix,/novatel/oem7/inspva,39.663,-75.756,-1.800261740,0.002878400,0.001435610,-0.000511006,0.002832678,0.001435610,,0,
1786043663568436978,1786043663.565750791,/novatel/oem7/odom,/novatel/oem7/fix,/novatel/oem7/odom,39.663,-75.756,-1.800261740,0.002873952,0.001444495,0.002800510,-0.000645557,0.001444495,,,
1786043663576194314,1786043663.575443603,/novatel/oem7/odom,/novatel/oem7/fix,/novatel/oem7/odom,39.663,-75.756,-1.800261740,0.002873952,0.001444495,0.002800510,-0.000645557,0.001444495,,,
1786043663585744665,1786043663.585057773,/novatel/oem7/inspva,/novatel/oem7/inspva,/novatel/oem7/inspva,39.663,-75.756,-1.800256965,0.002127219,0.000827727,0.000066860,0.002126168,0.000827727,,novatel_oem7_msgs.msg.InertialSolutionStatus(status=3),
1786043663587174435,1786043663.585139447,/novatel/oem7/fix,/novatel/oem7/fix,/novatel/oem7/inspva,39.663,-75.756,-1.800256965,0.002127219,0.000827727,0.000066860,0.002126168,0.000827727,,0,
1786043663588245729,1786043663.585598067,/novatel/oem7/odom,/novatel/oem7/fix,/novatel/oem7/odom,39.663,-75.756,-1.800256965,0.002124122,0.000835643,0.002123850,-0.000034000,0.000835643,,,
1786043663595195998,1786043663.594445227,/novatel/oem7/odom,/novatel/oem7/fix,/novatel/oem7/odom,39.663,-75.756,-1.800256965,0.002124122,0.000835643,0.002123850,-0.000034000,0.000835643,,,
1786043663607362977,1786043663.606538943,/novatel/oem7/inspva,/novatel/oem7/inspva,/novatel/oem7/inspva,39.663,-75.756,-1.800262358,0.001526202,-0.001033302,0.001483782,0.000357328,-0.001033302,,novatel_oem7_msgs.msg.InertialSolutionStatus(status=3),
1786043663608783568,1786043663.606803682,/novatel/oem7/fix,/novatel/oem7/fix,/novatel/oem7/inspva,39.663,-75.756,-1.800262358,0.001526202,-0.001033302,0.001483782,0.000357328,-0.001033302,,0,
1786043663609824645,1786043663.607311814,/novatel/oem7/odom,/novatel/oem7/fix,/novatel/oem7/odom,39.663,-75.756,-1.800262358,0.001529650,-0.001028190,0.000429680,0.001468062,-0.001028190,,,
1786043663611447261,1786043663.609878302,/novatel/oem7/bestpos,/novatel/oem7/bestpos,/novatel/oem7/odom,39.663,-75.756,33.182272624,0.001529650,-0.001028190,0.000429680,0.001468062,-0.001028190,,novatel_oem7_msgs.msg.SolutionStatus(status=0),novatel_oem7_msgs.msg.PositionOrVelocityType(type=53)
1786043663612359087,1786043663.610266703,/novatel/oem7/bestvel,/novatel/oem7/bestpos,/novatel/oem7/bestvel,39.663,-75.756,33.182272624,0.000873305,-0.000342130,,,,343.049734331,novatel_oem7_msgs.msg.SolutionStatus(status=0),novatel_oem7_msgs.msg.PositionOrVelocityType(type=53)
1786043663615837558,1786043663.615081390,/novatel/oem7/odom,/novatel/oem7/bestpos,/novatel/oem7/odom,39.663,-75.756,33.182272624,0.001529650,-0.001028190,0.000429680,0.001468062,-0.001028190,,,
1786043663625635497,1786043663.624933177,/novatel/oem7/inspva,/novatel/oem7/inspva,/novatel/oem7/inspva,39.663,-75.756,-1.800259025,0.001214533,-0.001410808,0.000833430,0.000883451,-0.001410808,,novatel_oem7_msgs.msg.InertialSolutionStatus(status=3),
1786043663627015001,1786043663.625083889,/novatel/oem7/fix,/novatel/oem7/fix,/novatel/oem7/inspva,39.663,-75.756,-1.800259025,0.001214533,-0.001410808,0.000833430,0.000883451,-0.001410808,,0,
1786043663628059531,1786043663.625506160,/novatel/oem7/odom,/novatel/oem7/fix,/novatel/oem7/odom,39.663,-75.756,-1.800259025,0.001220713,-0.001405464,0.000926443,0.000794886,-0.001405464,,,
1786043663636783794,1786043663.635522399,/novatel/oem7/odom,/novatel/oem7/fix,/novatel/oem7/odom,39.663,-75.756,-1.800259025,0.001220713,-0.001405464,0.000926443,0.000794886,-0.001405464,,,
1786043663647017808,1786043663.646395392,/novatel/oem7/inspva,/novatel/oem7/inspva,/novatel/oem7/inspva,39.663,-75.756,-1.800238242,0.002404147,0.000634517,-0.000874108,0.002239611,0.000634517,,novatel_oem7_msgs.msg.InertialSolutionStatus(status=3),
1786043663648590860,1786043663.646570177,/novatel/oem7/fix,/novatel/oem7/fix,/novatel/oem7/inspva,39.663,-75.756,-1.800238242,0.002404147,0.000634517,-0.000874108,0.002239611,0.000634517,,0,
1786043663649807159,1786043663.647264014,/novatel/oem7/odom,/novatel/oem7/fix,/novatel/oem7/odom,39.663,-75.756,-1.800238242,0.002402608,0.000640319,0.002194222,-0.000978731,0.000640319,,,
1786043663657137898,1786043663.656426834,/novatel/oem7/odom,/novatel/oem7/fix,/novatel/oem7/odom,39.663,-75.756,-1.800238242,0.002402608,0.000640319,0.002194222,-0.000978731,0.000640319,,,
1786043663666672145,1786043663.665958808,/novatel/oem7/inspva,/novatel/oem7/inspva,/novatel/oem7/inspva,39.663,-75.756,-1.800232085,0.001953690,0.001204857,-0.000292881,0.001931612,0.001204857,,novatel_oem7_msgs.msg.InertialSolutionStatus(status=3),
1786043663668140010,1786043663.666113713,/novatel/oem7/fix,/novatel/oem7/fix,/novatel/oem7/inspva,39.663,-75.756,-1.800232085,0.001953690,0.001204857,-0.000292881,0.001931612,0.001204857,,0,
1786043663669306104,1786043663.666490033,/novatel/oem7/odom,/novatel/oem7/fix,/novatel/oem7/odom,39.663,-75.756,-1.800232085,0.001949838,0.001211082,0.001911411,-0.000385194,0.001211082,,,
1786043663675720061,1786043663.674952290,/novatel/oem7/odom,/novatel/oem7/fix,/novatel/oem7/odom,39.663,-75.756,-1.800232085,0.001949838,0.001211082,0.001911411,-0.000385194,0.001211082,,,
1786043663685916878,1786043663.685271505,/novatel/oem7/inspva,/novatel/oem7/inspva,/novatel/oem7/inspva,39.663,-75.756,-1.800246406,0.001452534,-0.000996008,0.001387303,0.000430402,-0.000996008,,novatel_oem7_msgs.msg.InertialSolutionStatus(status=3),
1786043663687387866,1786043663.685416640,/novatel/oem7/fix,/novatel/oem7/fix,/novatel/oem7/inspva,39.663,-75.756,-1.800246406,0.001452534,-0.000996008,0.001387303,0.000430402,-0.000996008,,0,
1786043663688529630,1786043663.686061736,/novatel/oem7/odom,/novatel/oem7/fix,/novatel/oem7/odom,39.663,-75.756,-1.800246406,0.001456039,-0.000990877,0.000498068,0.001368202,-0.000990877,,,
1786043663696356988,1786043663.695615294,/novatel/oem7/odom,/novatel/oem7/fix,/novatel/oem7/odom,39.663,-75.756,-1.800246406,0.001456039,-0.000990877,0.000498068,0.001368202,-0.000990877,,,
1786043663706855091,1786043663.706161274,/novatel/oem7/inspva,/novatel/oem7/inspva,/novatel/oem7/inspva,39.663,-75.756,-1.800245224,0.001250503,-0.001607592,0.000927110,0.000839181,-0.001607592,,novatel_oem7_msgs.msg.InertialSolutionStatus(status=3),
1786043663708469870,1786043663.706309416,/novatel/oem7/fix,/novatel/oem7/fix,/novatel/oem7/inspva,39.663,-75.756,-1.800245224,0.001250503,-0.001607592,0.000927110,0.000839181,-0.001607592,,0,
1786043663709668282,1786043663.706748416,/novatel/oem7/odom,/novatel/oem7/fix,/novatel/oem7/odom,39.663,-75.756,-1.800245224,0.001257420,-0.001602188,0.000887257,0.000890999,-0.001602188,,,
1786043663711991698,1786043663.710878364,/novatel/oem7/bestpos,/novatel/oem7/bestpos,/novatel/oem7/odom,39.663,-75.756,33.182289209,0.001257420,-0.001602188,0.000887257,0.000890999,-0.001602188,,novatel_oem7_msgs.msg.SolutionStatus(status=0),novatel_oem7_msgs.msg.PositionOrVelocityType(type=53)
1786043663713622638,1786043663.711366669,/novatel/oem7/bestvel,/novatel/oem7/bestpos,/novatel/oem7/bestvel,39.663,-75.756,33.182289209,0.000752876,-0.001115039,,,,6.525413993,novatel_oem7_msgs.msg.SolutionStatus(status=0),novatel_oem7_msgs.msg.PositionOrVelocityType(type=53)
1786043663715466522,1786043663.714595614,/novatel/oem7/odom,/novatel/oem7/bestpos,/novatel/oem7/odom,39.663,-75.756,33.182289209,0.001257420,-0.001602188,0.000887257,0.000890999,-0.001602188,,,
1786043663727410510,1786043663.726780214,/novatel/oem7/inspva,/novatel/oem7/inspva,/novatel/oem7/inspva,39.663,-75.756,-1.800231706,0.002857243,-0.000221713,-0.001191527,0.002596941,-0.000221713,,novatel_oem7_msgs.msg.InertialSolutionStatus(status=3),
1786043663728902781,1786043663.726931155,/novatel/oem7/fix,/novatel/oem7/fix,/novatel/oem7/inspva,39.663,-75.756,-1.800231706,0.002857243,-0.000221713,-0.001191527,0.002596941,-0.000221713,,0,
1786043663730062920,1786043663.727732587,/novatel/oem7/odom,/novatel/oem7/fix,/novatel/oem7/odom,39.663,-75.756,-1.800231706,0.002857716,-0.000215533,0.002539613,-0.001310309,-0.000215533,,,
1786043663736473743,1786043663.735667051,/novatel/oem7/odom,/novatel/oem7/fix,/novatel/oem7/odom,39.663,-75.756,-1.800231706,0.002857716,-0.000215533,0.002539613,-0.001310309,-0.000215533,,,
1786043663745918646,1786043663.745282330,/novatel/oem7/inspva,/novatel/oem7/inspva,/novatel/oem7/inspva,39.663,-75.756,-1.800216004,0.001655178,0.000746746,-0.000847897,0.001421508,0.000746746,,novatel_oem7_msgs.msg.InertialSolutionStatus(status=3),
1786043663747551988,1786043663.745443591,/novatel/oem7/fix,/novatel/oem7/fix,/novatel/oem7/inspva,39.663,-75.756,-1.800216004,0.001655178,0.000746746,-0.000847897,0.001421508,0.000746746,,0,
1786043663748715310,1786043663.745898202,/novatel/oem7/odom,/novatel/oem7/fix,/novatel/oem7/odom,39.663,-75.756,-1.800216004,0.001653873,0.000749633,0.001377836,-0.000914802,0.000749633,,,
1786043663756370725,1786043663.755629408,/novatel/oem7/odom,/novatel/oem7/fix,/novatel/oem7/odom,39.663,-75.756,-1.800216004,0.001653873,0.000749633,0.001377836,-0.000914802,0.000749633,,,
1786043663765927419,1786043663.765306737,/novatel/oem7/inspva,/novatel/oem7/inspva,/novatel/oem7/inspva,39.663,-75.756,-1.800219777,0.001754139,-0.000070889,0.001567434,0.000787498,-0.000070889,,novatel_oem7_msgs.msg.InertialSolutionStatus(status=3),
1786043663767479054,1786043663.765466158,/novatel/oem7/fix,/novatel/oem7/fix,/novatel/oem7/inspva,39.663,-75.756,-1.800219777,0.001754139,-0.000070889,0.001567434,0.000787498,-0.000070889,,0,
1786043663768596189,1786043663.766095128,/novatel/oem7/odom,/novatel/oem7/fix,/novatel/oem7/odom,39.663,-75.756,-1.800219777,0.001754404,-0.000063990,0.000859676,0.001529343,-0.000063990,,,
1786043663775633608,1786043663.774871187,/novatel/oem7/odom,/novatel/oem7/fix,/novatel/oem7/odom,39.663,-75.756,-1.800219777,0.001754404,-0.000063990,0.000859676,0.001529343,-0.000063990,,,
1786043663786679990,1786043663.786040074,/novatel/oem7/inspva,/novatel/oem7/inspva,/novatel/oem7/inspva,39.663,-75.756,-1.800224250,0.001279091,-0.001042850,0.000786122,0.001009003,-0.001042850,,novatel_oem7_msgs.msg.InertialSolutionStatus(status=3),
1786043663788178042,1786043663.786185889,/novatel/oem7/fix,/novatel/oem7/fix,/novatel/oem7/inspva,39.663,-75.756,-1.800224250,0.001279091,-0.001042850,0.000786122,0.001009003,-0.001042850,,0,
1786043663789293879,1786043663.786642930,/novatel/oem7/odom,/novatel/oem7/fix,/novatel/oem7/odom,39.663,-75.756,-1.800224250,0.001283696,-0.001037177,0.001048284,0.000740928,-0.001037177,,,
1786043663795440843,1786043663.794646509,/novatel/oem7/odom,/novatel/oem7/fix,/novatel/oem7/odom,39.663,-75.756,-1.800224250,0.001283696,-0.001037177,0.001048284,0.000740928,-0.001037177,,,
1786043663807125692,1786043663.806574973,/novatel/oem7/inspva,/novatel/oem7/inspva,/novatel/oem7/inspva,39.663,-75.756,-1.800223248,0.002739856,-0.001201674,-0.001152499,0.002485670,-0.001201674,,novatel_oem7_msgs.msg.InertialSolutionStatus(status=3),
1786043663808497738,1786043663.806729518,/novatel/oem7/fix,/novatel/oem7/fix,/novatel/oem7/inspva,39.663,-75.756,-1.800223248,0.002739856,-0.001201674,-0.001152499,0.002485670,-0.001201674,,0,
1786043663809563816,1786043663.807186729,/novatel/oem7/odom,/novatel/oem7/fix,/novatel/oem7/odom,39.663,-75.756,-1.800223248,0.002742431,-0.001195786,0.002433878,-0.001263790,-0.001195786,,,
1786043663811030080,1786043663.810247956,/novatel/oem7/bestpos,/novatel/oem7/bestpos,/novatel/oem7/odom,39.663,-75.756,33.182312771,0.002742431,-0.001195786,0.002433878,-0.001263790,-0.001195786,,novatel_oem7_msgs.msg.SolutionStatus(status=0),novatel_oem7_msgs.msg.PositionOrVelocityType(type=53)
1786043663812459917,1786043663.810662550,/novatel/oem7/bestvel,/novatel/oem7/bestpos,/novatel/oem7/bestvel,39.663,-75.756,33.182312771,0.001579346,-0.000347708,,,,142.943661022,novatel_oem7_msgs.msg.SolutionStatus(status=0),novatel_oem7_msgs.msg.PositionOrVelocityType(type=53)
1786043663815649899,1786043663.814966396,/novatel/oem7/odom,/novatel/oem7/bestpos,/novatel/oem7/odom,39.663,-75.756,33.182312771,0.002742431,-0.001195786,0.002433878,-0.001263790,-0.001195786,,,
1786043663825870986,1786043663.825351751,/novatel/oem7/inspva,/novatel/oem7/inspva,/novatel/oem7/inspva,39.663,-75.756,-1.800209309,0.002506214,-0.000035423,-0.001395696,0.002081620,-0.000035423,,novatel_oem7_msgs.msg.InertialSolutionStatus(status=3),
1786043663827224767,1786043663.825521690,/novatel/oem7/fix,/novatel/oem7/fix,/novatel/oem7/inspva,39.663,-75.756,-1.800209309,0.002506214,-0.000035423,-0.001395696,0.002081620,-0.000035423,,0,
1786043663828292713,1786043663.825976314,/novatel/oem7/odom,/novatel/oem7/fix,/novatel/oem7/odom,39.663,-75.756,-1.800209309,0.002506265,-0.000031595,0.002014690,-0.001490768,-0.000031595,,,
1786043663835515071,1786043663.834617876,/novatel/oem7/odom,/novatel/oem7/fix,/novatel/oem7/odom,39.663,-75.756,-1.800209309,0.002506265,-0.000031595,0.002014690,-0.001490768,-0.000031595,,,
1786043663845957284,1786043663.845378145,/novatel/oem7/inspva,/novatel/oem7/inspva,/novatel/oem7/inspva,39.663,-75.756,-1.800194346,0.001543348,0.001182719,0.000422886,0.001484281,0.001182719,,novatel_oem7_msgs.msg.InertialSolutionStatus(status=3),
1786043663847331801,1786043663.845548870,/novatel/oem7/fix,/novatel/oem7/fix,/novatel/oem7/inspva,39.663,-75.756,-1.800194346,0.001543348,0.001182719,0.000422886,0.001484281,0.001182719,,0,
1786043663848394241,1786043663.846141489,/novatel/oem7/odom,/novatel/oem7/fix,/novatel/oem7/odom,39.663,-75.756,-1.800194346,0.001538403,0.001189143,0.001497909,0.000350648,0.001189143,,,
1786043663857119697,1786043663.856412140,/novatel/oem7/odom,/novatel/oem7/fix,/novatel/oem7/odom,39.663,-75.756,-1.800194346,0.001538403,0.001189143,0.001497909,0.000350648,0.001189143,,,
1786043663865542240,1786043663.864985195,/novatel/oem7/inspva,/novatel/oem7/inspva,/novatel/oem7/inspva,39.663,-75.756,-1.800198229,0.001354900,0.000193243,0.000361303,0.001305839,0.000193243,,novatel_oem7_msgs.msg.InertialSolutionStatus(status=3),
1786043663866843240,1786043663.865133153,/novatel/oem7/fix,/novatel/oem7/fix,/novatel/oem7/inspva,39.663,-75.756,-1.800198229,0.001354900,0.000193243,0.000361303,0.001305839,0.000193243,,0,
1786043663867865580,1786043663.865615835,/novatel/oem7/odom,/novatel/oem7/fix,/novatel/oem7/odom,39.663,-75.756,-1.800198229,0.001354087,0.000198862,0.001320479,0.000299814,0.000198862,,,
1786043663875262386,1786043663.874581299,/novatel/oem7/odom,/novatel/oem7/fix,/novatel/oem7/odom,39.663,-75.756,-1.800198229,0.001354087,0.000198862,0.001320479,0.000299814,0.000198862,,,
1786043663886162857,1786043663.885617472,/novatel/oem7/inspva,/novatel/oem7/inspva,/novatel/oem7/inspva,39.663,-75.756,-1.800205725,0.001855932,-0.001677079,-0.000419008,0.001808014,-0.001677079,,novatel_oem7_msgs.msg.InertialSolutionStatus(status=3),
1786043663887532464,1786043663.885780253,/novatel/oem7/fix,/novatel/oem7/fix,/novatel/oem7/inspva,39.663,-75.756,-1.800205725,0.001855932,-0.001677079,-0.000419008,0.001808014,-0.001677079,,0,
1786043663888565904,1786043663.886606004,/novatel/oem7/odom,/novatel/oem7/fix,/novatel/oem7/odom,39.663,-75.756,-1.800205725,0.001860765,-0.001671715,0.001792745,-0.000498509,-0.001671715,,,
1786043663895799262,1786043663.895127191,/novatel/oem7/odom,/novatel/oem7/fix,/novatel/oem7/odom,39.663,-75.756,-1.800205725,0.001860765,-0.001671715,0.001792745,-0.000498509,-0.001671715,,,
1786043663906464911,1786043663.906152624,/novatel/oem7/inspva,/novatel/oem7/inspva,/novatel/oem7/inspva,39.663,-75.756,-1.800189379,0.001418318,-0.000569086,-0.000645246,0.001263045,-0.000569086,,novatel_oem7_msgs.msg.InertialSolutionStatus(status=3),
1786043663907584674,1786043663.906299215,/novatel/oem7/fix,/novatel/oem7/fix,/novatel/oem7/inspva,39.663,-75.756,-1.800189379,0.001418318,-0.000569086,-0.000645246,0.001263045,-0.000569086,,0,
1786043663908625961,1786043663.906724943,/novatel/oem7/odom,/novatel/oem7/fix,/novatel/oem7/odom,39.663,-75.756,-1.800189379,0.001419457,-0.000566239,0.001233808,-0.000701836,-0.000566239,,,
1786043663910977775,1786043663.910353328,/novatel/oem7/bestpos,/novatel/oem7/bestpos,/novatel/oem7/odom,39.663,-75.756,33.182346595,0.001419457,-0.000566239,0.001233808,-0.000701836,-0.000566239,,novatel_oem7_msgs.msg.SolutionStatus(status=0),novatel_oem7_msgs.msg.PositionOrVelocityType(type=53)
1786043663912382898,1786043663.910882630,/novatel/oem7/bestvel,/novatel/oem7/bestpos,/novatel/oem7/bestvel,39.663,-75.756,33.182346595,0.001163261,0.000287621,,,,171.599014017,novatel_oem7_msgs.msg.SolutionStatus(status=0),novatel_oem7_msgs.msg.PositionOrVelocityType(type=53)
1786043663915567760,1786043663.914865556,/novatel/oem7/odom,/novatel/oem7/bestpos,/novatel/oem7/odom,39.663,-75.756,33.182346595,0.001419457,-0.000566239,0.001233808,-0.000701836,-0.000566239,,,
1786043663925818894,1786043663.925247155,/novatel/oem7/inspva,/novatel/oem7/inspva,/novatel/oem7/inspva,39.663,-75.756,-1.800165708,0.002862055,0.001441075,-0.000971815,0.002692013,0.001441075,,novatel_oem7_msgs.msg.InertialSolutionStatus(status=3),
1786043663927168371,1786043663.925394596,/novatel/oem7/fix,/novatel/oem7/fix,/novatel/oem7/inspva,39.663,-75.756,-1.800165708,0.002862055,0.001441075,-0.000971815,0.002692013,0.001441075,,0,
1786043663928233218,1786043663.925859888,/novatel/oem7/odom,/novatel/oem7/fix,/novatel/oem7/odom,39.663,-75.756,-1.800165708,0.002858461,0.001448191,0.002638657,-0.001099222,0.001448191,,,
1786043663935614154,1786043663.934921947,/novatel/oem7/odom,/novatel/oem7/fix,/novatel/oem7/odom,39.663,-75.756,-1.800165708,0.002858461,0.001448191,0.002638657,-0.001099222,0.001448191,,,
1786043663946665389,1786043663.946075350,/novatel/oem7/inspva,/novatel/oem7/inspva,/novatel/oem7/inspva,39.663,-75.756,-1.800159398,0.001596138,0.001418099,-0.000702137,0.001433409,0.001418099,,novatel_oem7_msgs.msg.InertialSolutionStatus(status=3),
1786043663948019822,1786043663.946230275,/novatel/oem7/fix,/novatel/oem7/fix,/novatel/oem7/inspva,39.663,-75.756,-1.800159398,0.001596138,0.001418099,-0.000702137,0.001433409,0.001418099,,0,
1786043663949089103,1786043663.946747697,/novatel/oem7/odom,/novatel/oem7/fix,/novatel/oem7/odom,39.663,-75.756,-1.800159398,0.001593174,0.001421429,0.001394009,-0.000771324,0.001421429,,,
1786043663956547673,1786043663.955845030,/novatel/oem7/odom,/novatel/oem7/fix,/novatel/oem7/odom,39.663,-75.756,-1.800159398,0.001593174,0.001421429,0.001394009,-0.000771324,0.001421429,,,
1786043663966023100,1786043663.965477071,/novatel/oem7/inspva,/novatel/oem7/inspva,/novatel/oem7/inspva,39.663,-75.756,-1.800185017,0.001048107,-0.002364774,-0.000126066,0.001040497,-0.002364774,,novatel_oem7_msgs.msg.InertialSolutionStatus(status=3),
1786043663967848795,1786043663.965613566,/novatel/oem7/fix,/novatel/oem7/fix,/novatel/oem7/inspva,39.663,-75.756,-1.800185017,0.001048107,-0.002364774,-0.000126066,0.001040497,-0.002364774,,0,
1786043663969360943,1786043663.966271536,/novatel/oem7/odom,/novatel/oem7/fix,/novatel/oem7/odom,39.663,-75.756,-1.800185017,0.001055734,-0.002361378,0.001042190,-0.000168568,-0.002361378,,,
1786043663975841757,1786043663.975455370,/novatel/oem7/odom,/novatel/oem7/fix,/novatel/oem7/odom,39.663,-75.756,-1.800185017,0.001055734,-0.002361378,0.001042190,-0.000168568,-0.002361378,,,
1786043663985431995,1786043663.985106838,/novatel/oem7/inspva,/novatel/oem7/inspva,/novatel/oem7/inspva,39.663,-75.756,-1.800170573,0.001160727,-0.001316343,-0.000777766,0.000861608,-0.001316343,,novatel_oem7_msgs.msg.InertialSolutionStatus(status=3),
1786043663986443241,1786043663.985316243,/novatel/oem7/fix,/novatel/oem7/fix,/novatel/oem7/inspva,39.663,-75.756,-1.800170573,0.001160727,-0.001316343,-0.000777766,0.000861608,-0.001316343,,0,
1786043663987533442,1786043663.985685593,/novatel/oem7/odom,/novatel/oem7/fix,/novatel/oem7/odom,39.663,-75.756,-1.800170573,0.001161968,-0.001315248,0.000829416,-0.000813780,-0.001315248,,,
1786043663995096736,1786043663.994442983,/novatel/oem7/odom,/novatel/oem7/fix,/novatel/oem7/odom,39.663,-75.756,-1.800170573,0.001161968,-0.001315248,0.000829416,-0.000813780,-0.001315248,,,
1786043664008713733,1786043664.008387994,/novatel/oem7/inspva,/novatel/oem7/inspva,/novatel/oem7/inspva,39.663,-75.756,-1.800142339,0.002799523,0.001509254,-0.001865530,0.002087372,0.001509254,,novatel_oem7_msgs.msg.InertialSolutionStatus(status=3),
1786043664009331051,1786043664.008607779,/novatel/oem7/fix,/novatel/oem7/fix,/novatel/oem7/inspva,39.663,-75.756,-1.800142339,0.002799523,0.001509254,-0.001865530,0.002087372,0.001509254,,0,
1786043664010067110,1786043664.009720780,/novatel/oem7/odom,/novatel/oem7/fix,/novatel/oem7/odom,39.663,-75.756,-1.800142339,0.002798074,0.001511938,0.001992927,-0.001964041,0.001511938,,,
1786043664016912071,1786043664.016213594,/novatel/oem7/odom,/novatel/oem7/fix,/novatel/oem7/odom,39.663,-75.756,-1.800142339,0.002798074,0.001511938,0.001992927,-0.001964041,0.001511938,,,
1786043664025657157,1786043664.025017538,/novatel/oem7/bestpos,/novatel/oem7/bestpos,/novatel/oem7/odom,39.663,-75.756,33.182375559,0.002798074,0.001511938,0.001992927,-0.001964041,0.001511938,,novatel_oem7_msgs.msg.SolutionStatus(status=0),novatel_oem7_msgs.msg.PositionOrVelocityType(type=53)
1786043664027183442,1786043664.025629657,/novatel/oem7/bestvel,/novatel/oem7/bestpos,/novatel/oem7/bestvel,39.663,-75.756,33.182375559,0.002532599,0.001088799,,,,119.437646625,novatel_oem7_msgs.msg.SolutionStatus(status=0),novatel_oem7_msgs.msg.PositionOrVelocityType(type=53)
1786043664028650184,1786043664.026674224,/novatel/oem7/inspva,/novatel/oem7/inspva,/novatel/oem7/inspva,39.663,-75.756,-1.800141728,0.002308829,0.000978996,-0.001526060,0.001732580,0.000978996,,novatel_oem7_msgs.msg.InertialSolutionStatus(status=3),
1786043664029514912,1786043664.026884759,/novatel/oem7/fix,/novatel/oem7/fix,/novatel/oem7/inspva,39.663,-75.756,-1.800141728,0.002308829,0.000978996,-0.001526060,0.001732580,0.000978996,,0,
1786043664030560812,1786043664.027237423,/novatel/oem7/odom,/novatel/oem7/fix,/novatel/oem7/odom,39.663,-75.756,-1.800141728,0.002307859,0.000981282,0.001656276,-0.001607160,0.000981282,,,
1786043664035397093,1786043664.034748699,/novatel/oem7/odom,/novatel/oem7/fix,/novatel/oem7/odom,39.663,-75.756,-1.800141728,0.002307859,0.000981282,0.001656276,-0.001607160,0.000981282,,,
1786043664045910697,1786043664.045345441,/novatel/oem7/inspva,/novatel/oem7/inspva,/novatel/oem7/inspva,39.663,-75.756,-1.800160800,0.000613360,-0.001088337,0.000258479,0.000556237,-0.001088337,,novatel_oem7_msgs.msg.InertialSolutionStatus(status=3),
1786043664047266820,1786043664.045590230,/novatel/oem7/fix,/novatel/oem7/fix,/novatel/oem7/inspva,39.663,-75.756,-1.800160800,0.000613360,-0.001088337,0.000258479,0.000556237,-0.001088337,,0,
1786043664048336061,1786043664.046113682,/novatel/oem7/odom,/novatel/oem7/fix,/novatel/oem7/odom,39.663,-75.756,-1.800160800,0.000618059,-0.001085676,0.000571643,0.000234992,-0.001085676,,,
1786043664057070117,1786043664.056390604,/novatel/oem7/odom,/novatel/oem7/fix,/novatel/oem7/odom,39.663,-75.756,-1.800160800,0.000618059,-0.001085676,0.000571643,0.000234992,-0.001085676,,,
1786043664066720812,1786043664.066128936,/novatel/oem7/inspva,/novatel/oem7/inspva,/novatel/oem7/inspva,39.663,-75.756,-1.800165427,0.000973821,-0.001037899,-0.000521522,0.000822400,-0.001037899,,novatel_oem7_msgs.msg.InertialSolutionStatus(status=3),
1786043664068098095,1786043664.066340022,/novatel/oem7/fix,/novatel/oem7/fix,/novatel/oem7/inspva,39.663,-75.756,-1.800165427,0.000973821,-0.001037899,-0.000521522,0.000822400,-0.001037899,,0,
1786043664069187936,1786043664.066771712,/novatel/oem7/odom,/novatel/oem7/fix,/novatel/oem7/odom,39.663,-75.756,-1.800165427,0.000975524,-0.001036298,0.000801120,-0.000556644,-0.001036298,,,
1786043664075307146,1786043664.074637113,/novatel/oem7/odom,/novatel/oem7/fix,/novatel/oem7/odom,39.663,-75.756,-1.800165427,0.000975524,-0.001036298,0.000801120,-0.000556644,-0.001036298,,,
1786043664085983821,1786043664.085414866,/novatel/oem7/inspva,/novatel/oem7/inspva,/novatel/oem7/inspva,39.663,-75.756,-1.800143165,0.002673359,0.000969256,-0.002191570,0.001530970,0.000969256,,novatel_oem7_msgs.msg.InertialSolutionStatus(status=3),
1786043664087338488,1786043664.085625078,/novatel/oem7/fix,/novatel/oem7/fix,/novatel/oem7/inspva,39.663,-75.756,-1.800143165,0.002673359,0.000969256,-0.002191570,0.001530970,0.000969256,,0,
1786043664088381185,1786043664.086251706,/novatel/oem7/odom,/novatel/oem7/fix,/novatel/oem7/odom,39.663,-75.756,-1.800143165,0.002673425,0.000969074,0.001424065,-0.002262574,0.000969074,,,
1786043664096172059,1786043664.095486015,/novatel/oem7/odom,/novatel/oem7/fix,/novatel/oem7/odom,39.663,-75.756,-1.800143165,0.002673425,0.000969074,0.001424065,-0.002262574,0.000969074,,,
1786043664106564394,1786043664.105959512,/novatel/oem7/inspva,/novatel/oem7/inspva,/novatel/oem7/inspva,39.663,-75.756,-1.800147661,0.001945591,0.000601388,-0.001602635,0.001103125,0.000601388,,novatel_oem7_msgs.msg.InertialSolutionStatus(status=3),
1786043664107906537,1786043664.106154137,/novatel/oem7/fix,/novatel/oem7/fix,/novatel/oem7/inspva,39.663,-75.756,-1.800147661,0.001945591,0.000601388,-0.001602635,0.001103125,0.000601388,,0,
1786043664108966948,1786043664.106487591,/novatel/oem7/odom,/novatel/oem7/fix,/novatel/oem7/odom,39.663,-75.756,-1.800147661,0.001945636,0.000601241,0.001025349,-0.001653530,0.000601241,,,
1786043664111081359,1786043664.110342488,/novatel/oem7/bestpos,/novatel/oem7/bestpos,/novatel/oem7/odom,39.663,-75.756,33.182393550,0.001945636,0.000601241,0.001025349,-0.001653530,0.000601241,,novatel_oem7_msgs.msg.SolutionStatus(status=0),novatel_oem7_msgs.msg.PositionOrVelocityType(type=53)
1786043664112598397,1786043664.110789743,/novatel/oem7/bestvel,/novatel/oem7/bestpos,/novatel/oem7/bestvel,39.663,-75.756,33.182393550,0.001688271,0.000683593,,,,151.386019424,novatel_oem7_msgs.msg.SolutionStatus(status=0),novatel_oem7_msgs.msg.PositionOrVelocityType(type=53)
1786043664115139902,1786043664.114471541,/novatel/oem7/odom,/novatel/oem7/bestpos,/novatel/oem7/odom,39.663,-75.756,33.182393550,0.001945636,0.000601241,0.001025349,-0.001653530,0.000601241,,,
1786043664127211767,1786043664.126637456,/novatel/oem7/inspva,/novatel/oem7/inspva,/novatel/oem7/inspva,39.663,-75.756,-1.800152726,0.001019924,0.000359706,-0.000020960,0.001019708,0.000359706,,novatel_oem7_msgs.msg.InertialSolutionStatus(status=3),
1786043664128607951,1786043664.126843614,/novatel/oem7/fix,/novatel/oem7/fix,/novatel/oem7/inspva,39.663,-75.756,-1.800152726,0.001019924,0.000359706,-0.000020960,0.001019708,0.000359706,,0,
1786043664129689386,1786043664.127376213,/novatel/oem7/odom,/novatel/oem7/fix,/novatel/oem7/odom,39.663,-75.756,-1.800152726,0.001018655,0.000363283,0.001016308,-0.000069109,0.000363283,,,
1786043664135862570,1786043664.135163783,/novatel/oem7/odom,/novatel/oem7/fix,/novatel/oem7/odom,39.663,-75.756,-1.800152726,0.001018655,0.000363283,0.001016308,-0.000069109,0.000363283,,,
1786043664145762357,1786043664.145175251,/novatel/oem7/inspva,/novatel/oem7/inspva,/novatel/oem7/inspva,39.663,-75.756,-1.800152651,0.000761043,0.000631855,-0.000009311,0.000760986,0.000631855,,novatel_oem7_msgs.msg.InertialSolutionStatus(status=3),
1786043664147587668,1786043664.145383667,/novatel/oem7/fix,/novatel/oem7/fix,/novatel/oem7/inspva,39.663,-75.756,-1.800152651,0.000761043,0.000631855,-0.000009311,0.000760986,0.000631855,,0,
1786043664148781334,1786043664.145704740,/novatel/oem7/odom,/novatel/oem7/fix,/novatel/oem7/odom,39.663,-75.756,-1.800152651,0.000758796,0.000634552,0.000757392,-0.000046129,0.000634552,,,
1786043664156824543,1786043664.156120432,/novatel/oem7/odom,/novatel/oem7/fix,/novatel/oem7/odom,39.663,-75.756,-1.800152651,0.000758796,0.000634552,0.000757392,-0.000046129,0.000634552,,,
1786043664165849485,1786043664.165267212,/novatel/oem7/inspva,/novatel/oem7/inspva,/novatel/oem7/inspva,39.663,-75.756,-1.800150071,0.002093995,-0.000528903,-0.001891387,0.000898593,-0.000528903,,novatel_oem7_msgs.msg.InertialSolutionStatus(status=3),
1786043664167230112,1786043664.165498645,/novatel/oem7/fix,/novatel/oem7/fix,/novatel/oem7/inspva,39.663,-75.756,-1.800150071,0.002093995,-0.000528903,-0.001891387,0.000898593,-0.000528903,,0,
1786043664168325562,1786043664.166078194,/novatel/oem7/odom,/novatel/oem7/fix,/novatel/oem7/odom,39.663,-75.756,-1.800150071,0.002093585,-0.000530521,0.000811826,-0.001929777,-0.000530521,,,
1786043664175760163,1786043664.175035142,/novatel/oem7/odom,/novatel/oem7/fix,/novatel/oem7/odom,39.663,-75.756,-1.800150071,0.002093585,-0.000530521,0.000811826,-0.001929777,-0.000530521,,,
1786043664186530261,1786043664.186195742,/novatel/oem7/inspva,/novatel/oem7/inspva,/novatel/oem7/inspva,39.663,-75.756,-1.800142964,0.002235374,-0.000060756,-0.001694107,0.001458389,-0.000060756,,novatel_oem7_msgs.msg.InertialSolutionStatus(status=3),
1786043664187666623,1786043664.186408227,/novatel/oem7/fix,/novatel/oem7/fix,/novatel/oem7/inspva,39.663,-75.756,-1.800142964,0.002235374,-0.000060756,-0.001694107,0.001458389,-0.000060756,,0,
1786043664188723593,1786043664.186850465,/novatel/oem7/odom,/novatel/oem7/fix,/novatel/oem7/odom,39.663,-75.756,-1.800142964,0.002235396,-0.000059915,0.001378469,-0.001759778,-0.000059915,,,
1786043664195325992,1786043664.194666646,/novatel/oem7/odom,/novatel/oem7/fix,/novatel/oem7/odom,39.663,-75.756,-1.800142964,0.002235396,-0.000059915,0.001378469,-0.001759778,-0.000059915,,,
1786043664207132005,1786043664.206440612,/novatel/oem7/inspva,/novatel/oem7/inspva,/novatel/oem7/inspva,39.663,-75.756,-1.800139252,0.001635614,0.000871650,-0.001119381,0.001192568,0.000871650,,novatel_oem7_msgs.msg.InertialSolutionStatus(status=3),
1786043664208509925,1786043664.206668710,/novatel/oem7/fix,/novatel/oem7/fix,/novatel/oem7/inspva,39.663,-75.756,-1.800139252,0.001635614,0.000871650,-0.001119381,0.001192568,0.000871650,,0,
1786043664209564236,1786043664.207132759,/novatel/oem7/odom,/novatel/oem7/fix,/novatel/oem7/odom,39.663,-75.756,-1.800139252,0.001634874,0.000873038,0.001136138,-0.001175586,0.000873038,,,
1786043664211087821,1786043664.209958566,/novatel/oem7/bestpos,/novatel/oem7/bestpos,/novatel/oem7/odom,39.663,-75.756,33.182386716,0.001634874,0.000873038,0.001136138,-0.001175586,0.000873038,,novatel_oem7_msgs.msg.SolutionStatus(status=0),novatel_oem7_msgs.msg.PositionOrVelocityType(type=53)
1786043664212008503,1786043664.210494348,/novatel/oem7/bestvel,/novatel/oem7/bestpos,/novatel/oem7/bestvel,39.663,-75.756,33.182386716,0.002589620,-0.000480318,,,,90.642997147,novatel_oem7_msgs.msg.SolutionStatus(status=0),novatel_oem7_msgs.msg.PositionOrVelocityType(type=53)
1786043664216201184,1786043664.215532504,/novatel/oem7/odom,/novatel/oem7/bestpos,/novatel/oem7/odom,39.663,-75.756,33.182386716,0.001634874,0.000873038,0.001136138,-0.001175586,0.000873038,,,
1786043664225555526,1786043664.224987798,/novatel/oem7/inspva,/novatel/oem7/inspva,/novatel/oem7/inspva,39.663,-75.756,-1.800145444,0.001390142,0.000723494,-0.000394232,0.001333070,0.000723494,,novatel_oem7_msgs.msg.InertialSolutionStatus(status=3),
1786043664226877333,1786043664.225194903,/novatel/oem7/fix,/novatel/oem7/fix,/novatel/oem7/inspva,39.663,-75.756,-1.800145444,0.001390142,0.000723494,-0.000394232,0.001333070,0.000723494,,0,
1786043664227908713,1786043664.225555253,/novatel/oem7/odom,/novatel/oem7/fix,/novatel/oem7/odom,39.663,-75.756,-1.800145444,0.001388194,0.000727225,0.001310677,-0.000457391,0.000727225,,,
1786043664235165638,1786043664.234501744,/novatel/oem7/odom,/novatel/oem7/fix,/novatel/oem7/odom,39.663,-75.756,-1.800145444,0.001388194,0.000727225,0.001310677,-0.000457391,0.000727225,,,
1786043664247112785,1786043664.246562197,/novatel/oem7/inspva,/novatel/oem7/inspva,/novatel/oem7/inspva,39.663,-75.756,-1.800161898,0.001046776,-0.001388747,-0.000999066,0.000312423,-0.001388747,,novatel_oem7_msgs.msg.InertialSolutionStatus(status=3),
1786043664248468689,1786043664.246756542,/novatel/oem7/fix,/novatel/oem7/fix,/novatel/oem7/inspva,39.663,-75.756,-1.800161898,0.001046776,-0.001388747,-0.000999066,0.000312423,-0.001388747,,0,
1786043664249519216,1786043664.247064744,/novatel/oem7/odom,/novatel/oem7/fix,/novatel/oem7/odom,39.663,-75.756,-1.800161898,0.001044886,-0.001390169,0.000270838,-0.001009175,-0.001390169,,,
1786043664257108427,1786043664.256413844,/novatel/oem7/odom,/novatel/oem7/fix,/novatel/oem7/odom,39.663,-75.756,-1.800161898,0.001044886,-0.001390169,0.000270838,-0.001009175,-0.001390169,,,
1786043664265685368,1786043664.265115863,/novatel/oem7/inspva,/novatel/oem7/inspva,/novatel/oem7/inspva,39.663,-75.756,-1.800164938,0.001469060,-0.001702101,-0.001253475,0.000766118,-0.001702101,,novatel_oem7_msgs.msg.InertialSolutionStatus(status=3),
1786043664267036409,1786043664.265306312,/novatel/oem7/fix,/novatel/oem7/fix,/novatel/oem7/inspva,39.663,-75.756,-1.800164938,0.001469060,-0.001702101,-0.001253475,0.000766118,-0.001702101,,0,
1786043664268101792,1786043664.265789553,/novatel/oem7/odom,/novatel/oem7/fix,/novatel/oem7/odom,39.663,-75.756,-1.800164938,0.001468507,-0.001702578,0.000713377,-0.001283591,-0.001702578,,,
1786043664276295616,1786043664.275652100,/novatel/oem7/odom,/novatel/oem7/fix,/novatel/oem7/odom,39.663,-75.756,-1.800164938,0.001468507,-0.001702578,0.000713377,-0.001283591,-0.001702578,,,
1786043664285801210,1786043664.285406690,/novatel/oem7/inspva,/novatel/oem7/inspva,/novatel/oem7/inspva,39.663,-75.756,-1.800148012,0.003101800,0.001413297,-0.002244388,0.002141001,0.001413297,,novatel_oem7_msgs.msg.InertialSolutionStatus(status=3),
1786043664286358975,1786043664.285601301,/novatel/oem7/fix,/novatel/oem7/fix,/novatel/oem7/inspva,39.663,-75.756,-1.800148012,0.003101800,0.001413297,-0.002244388,0.002141001,0.001413297,,0,
1786043664287500363,1786043664.286326659,/novatel/oem7/odom,/novatel/oem7/fix,/novatel/oem7/odom,39.663,-75.756,-1.800148012,0.003100961,0.001415136,0.002029390,-0.002344682,0.001415136,,,
1786043664295621213,1786043664.294947494,/novatel/oem7/odom,/novatel/oem7/fix,/novatel/oem7/odom,39.663,-75.756,-1.800148012,0.003100961,0.001415136,0.002029390,-0.002344682,0.001415136,,,
1786043664306577818,1786043664.306027779,/novatel/oem7/inspva,/novatel/oem7/inspva,/novatel/oem7/inspva,39.663,-75.756,-1.800162394,0.001896085,0.000887176,-0.001431355,0.001243527,0.000887176,,novatel_oem7_msgs.msg.InertialSolutionStatus(status=3),
1786043664307908354,1786043664.306212981,/novatel/oem7/fix,/novatel/oem7/fix,/novatel/oem7/inspva,39.663,-75.756,-1.800162394,0.001896085,0.000887176,-0.001431355,0.001243527,0.000887176,,0,
1786043664308935448,1786043664.306684552,/novatel/oem7/odom,/novatel/oem7/fix,/novatel/oem7/odom,39.663,-75.756,-1.800162394,0.001895711,0.000887975,0.001172500,-0.001489618,0.000887975,,,
1786043664310396422,1786043664.309507167,/novatel/oem7/bestpos,/novatel/oem7/bestpos,/novatel/oem7/odom,39.663,-75.756,33.182361287,0.001895711,0.000887975,0.001172500,-0.001489618,0.000887975,,novatel_oem7_msgs.msg.SolutionStatus(status=0),novatel_oem7_msgs.msg.PositionOrVelocityType(type=53)
1786043664311806230,1786043664.310311568,/novatel/oem7/bestvel,/novatel/oem7/bestpos,/novatel/oem7/bestvel,39.663,-75.756,33.182361287,0.002974397,-0.000067732,,,,112.264864215,novatel_oem7_msgs.msg.SolutionStatus(status=0),novatel_oem7_msgs.msg.PositionOrVelocityType(type=53)
1786043664315215573,1786043664.314525733,/novatel/oem7/odom,/novatel/oem7/bestpos,/novatel/oem7/odom,39.663,-75.756,33.182361287,0.001895711,0.000887975,0.001172500,-0.001489618,0.000887975,,,
1786043664325943239,1786043664.325385510,/novatel/oem7/inspva,/novatel/oem7/inspva,/novatel/oem7/inspva,39.663,-75.756,-1.800181958,0.000561470,-0.001271179,-0.000466472,-0.000312495,-0.001271179,,novatel_oem7_msgs.msg.InertialSolutionStatus(status=3),
1786043664327266408,1786043664.325602886,/novatel/oem7/fix,/novatel/oem7/fix,/novatel/oem7/inspva,39.663,-75.756,-1.800181958,0.000561470,-0.001271179,-0.000466472,-0.000312495,-0.001271179,,0,
1786043664328310338,1786043664.326311243,/novatel/oem7/odom,/novatel/oem7/fix,/novatel/oem7/odom,39.663,-75.756,-1.800181958,0.000556263,-0.001273466,-0.000329124,-0.000448448,-0.001273466,,,
1786043664336282141,1786043664.335591904,/novatel/oem7/odom,/novatel/oem7/fix,/novatel/oem7/odom,39.663,-75.756,-1.800181958,0.000556263,-0.001273466,-0.000329124,-0.000448448,-0.001273466,,,
1786043664345717790,1786043664.345130961,/novatel/oem7/inspva,/novatel/oem7/inspva,/novatel/oem7/inspva,39.663,-75.756,-1.800186458,0.001089792,-0.001706527,-0.000981919,0.000472740,-0.001706527,,novatel_oem7_msgs.msg.InertialSolutionStatus(status=3),
1786043664347096147,1786043664.345334926,/novatel/oem7/fix,/novatel/oem7/fix,/novatel/oem7/inspva,39.663,-75.756,-1.800186458,0.001089792,-0.001706527,-0.000981919,0.000472740,-0.001706527,,0,
1786043664348185151,1786043664.345888598,/novatel/oem7/odom,/novatel/oem7/fix,/novatel/oem7/odom,39.663,-75.756,-1.800186458,0.001088533,-0.001707331,0.000432952,-0.000998727,-0.001707331,,,
1786043664356471443,1786043664.355724312,/novatel/oem7/odom,/novatel/oem7/fix,/novatel/oem7/odom,39.663,-75.756,-1.800186458,0.001088533,-0.001707331,0.000432952,-0.000998727,-0.001707331,,,
1786043664367216809,1786043664.366646010,/novatel/oem7/inspva,/novatel/oem7/inspva,/novatel/oem7/inspva,39.663,-75.756,-1.800174035,0.002527993,0.000391850,-0.002399855,0.000794635,0.000391850,,novatel_oem7_msgs.msg.InertialSolutionStatus(status=3),
1786043664368617502,1786043664.366832558,/novatel/oem7/fix,/novatel/oem7/fix,/novatel/oem7/inspva,39.663,-75.756,-1.800174035,0.002527993,0.000391850,-0.002399855,0.000794635,0.000391850,,0,
1786043664369707430,1786043664.367628903,/novatel/oem7/odom,/novatel/oem7/fix,/novatel/oem7/odom,39.663,-75.756,-1.800174035,0.002528507,0.000388518,0.000681032,-0.002435065,0.000388518,,,
1786043664375765792,1786043664.375102366,/novatel/oem7/odom,/novatel/oem7/fix,/novatel/oem7/odom,39.663,-75.756,-1.800174035,0.002528507,0.000388518,0.000681032,-0.002435065,0.000388518,,,
1786043664385549272,1786043664.384958420,/novatel/oem7/inspva,/novatel/oem7/inspva,/novatel/oem7/inspva,39.663,-75.756,-1.800186922,0.002067561,0.000764650,-0.001659700,0.001232965,0.000764650,,novatel_oem7_msgs.msg.InertialSolutionStatus(status=3),
1786043664386890729,1786043664.385148742,/novatel/oem7/fix,/novatel/oem7/fix,/novatel/oem7/inspva,39.663,-75.756,-1.800186922,0.002067561,0.000764650,-0.001659700,0.001232965,0.000764650,,0,
1786043664387947446,1786043664.385660873,/novatel/oem7/odom,/novatel/oem7/fix,/novatel/oem7/odom,39.663,-75.756,-1.800186922,0.002067520,0.000764759,0.001151858,-0.001716934,0.000764759,,,
1786043664396125313,1786043664.395447077,/novatel/oem7/odom,/novatel/oem7/fix,/novatel/oem7/odom,39.663,-75.756,-1.800186922,0.002067520,0.000764759,0.001151858,-0.001716934,0.000764759,,,
1786043664407814049,1786043664.407241340,/novatel/oem7/inspva,/novatel/oem7/inspva,/novatel/oem7/inspva,39.663,-75.756,-1.800208715,0.000107004,-0.001010722,-0.000089936,-0.000057979,-0.001010722,,novatel_oem7_msgs.msg.InertialSolutionStatus(status=3),
1786043664409166309,1786043664.407453812,/novatel/oem7/fix,/novatel/oem7/fix,/novatel/oem7/inspva,39.663,-75.756,-1.800208715,0.000107004,-0.001010722,-0.000089936,-0.000057979,-0.001010722,,0,
1786043664410246702,1786043664.407807845,/novatel/oem7/odom,/novatel/oem7/fix,/novatel/oem7/odom,39.663,-75.756,-1.800208715,0.000102896,-0.001011149,-0.000058361,-0.000084745,-0.001011149,,,
1786043664411795788,1786043664.410450818,/novatel/oem7/bestpos,/novatel/oem7/bestpos,/novatel/oem7/odom,39.663,-75.756,33.182333380,0.000102896,-0.001011149,-0.000058361,-0.000084745,-0.001011149,,novatel_oem7_msgs.msg.SolutionStatus(status=0),novatel_oem7_msgs.msg.PositionOrVelocityType(type=53)
1786043664412740890,1786043664.411022297,/novatel/oem7/bestvel,/novatel/oem7/bestpos,/novatel/oem7/bestvel,39.663,-75.756,33.182333380,0.001061519,-0.001328352,,,,115.073502192,novatel_oem7_msgs.msg.SolutionStatus(status=0),novatel_oem7_msgs.msg.PositionOrVelocityType(type=53)
1786043664415894651,1786043664.415191688,/novatel/oem7/odom,/novatel/oem7/bestpos,/novatel/oem7/odom,39.663,-75.756,33.182333380,0.000102896,-0.001011149,-0.000058361,-0.000084745,-0.001011149,,,
1786043664426640537,1786043664.426043488,/novatel/oem7/inspva,/novatel/oem7/inspva,/novatel/oem7/inspva,39.663,-75.756,-1.800214945,0.000257982,-0.001169318,-0.000228014,0.000120683,-0.001169318,,novatel_oem7_msgs.msg.InertialSolutionStatus(status=3),
1786043664428014307,1786043664.426237970,/novatel/oem7/fix,/novatel/oem7/fix,/novatel/oem7/inspva,39.663,-75.756,-1.800214945,0.000257982,-0.001169318,-0.000228014,0.000120683,-0.001169318,,0,
1786043664429094998,1786043664.426708465,/novatel/oem7/odom,/novatel/oem7/fix,/novatel/oem7/odom,39.663,-75.756,-1.800214945,0.000257334,-0.001169460,0.000114265,-0.000230574,-0.001169460,,,
1786043664435269999,1786043664.434588159,/novatel/oem7/odom,/novatel/oem7/fix,/novatel/oem7/odom,39.663,-75.756,-1.800214945,0.000257334,-0.001169460,0.000114265,-0.000230574,-0.001169460,,,
1786043664445857303,1786043664.445255077,/novatel/oem7/inspva,/novatel/oem7/inspva,/novatel/oem7/inspva,39.663,-75.756,-1.800220072,0.003051514,-0.000898167,-0.002373015,0.001918473,-0.000898167,,novatel_oem7_msgs.msg.InertialSolutionStatus(status=3),
1786043664447214420,1786043664.445518870,/novatel/oem7/fix,/novatel/oem7/fix,/novatel/oem7/inspva,39.663,-75.756,-1.800220072,0.003051514,-0.000898167,-0.002373015,0.001918473,-0.000898167,,0,
1786043664448286240,1786043664.446090789,/novatel/oem7/odom,/novatel/oem7/fix,/novatel/oem7/odom,39.663,-75.756,-1.800220072,0.003051731,-0.000897431,0.001809679,-0.002457259,-0.000897431,,,
1786043664457204915,1786043664.456456711,/novatel/oem7/odom,/novatel/oem7/fix,/novatel/oem7/odom,39.663,-75.756,-1.800220072,0.003051731,-0.000897431,0.001809679,-0.002457259,-0.000897431,,,
1786043664465735442,1786043664.465213544,/novatel/oem7/inspva,/novatel/oem7/inspva,/novatel/oem7/inspva,39.663,-75.756,-1.800227760,0.002857892,-0.000331837,-0.002490270,0.001402177,-0.000331837,,novatel_oem7_msgs.msg.InertialSolutionStatus(status=3),
1786043664467054905,1786043664.465413583,/novatel/oem7/fix,/novatel/oem7/fix,/novatel/oem7/inspva,39.663,-75.756,-1.800227760,0.002857892,-0.000331837,-0.002490270,0.001402177,-0.000331837,,0,
1786043664468153296,1786043664.465864890,/novatel/oem7/odom,/novatel/oem7/fix,/novatel/oem7/odom,39.663,-75.756,-1.800227760,0.002857728,-0.000333250,0.001286432,-0.002551804,-0.000333250,,,
1786043664475188762,1786043664.474469008,/novatel/oem7/odom,/novatel/oem7/fix,/novatel/oem7/odom,39.663,-75.756,-1.800227760,0.002857728,-0.000333250,0.001286432,-0.002551804,-0.000333250,,,
1786043664487056222,1786043664.486552504,/novatel/oem7/inspva,/novatel/oem7/inspva,/novatel/oem7/inspva,39.663,-75.756,-1.800234315,0.000697226,0.000372891,-0.000079707,0.000692655,0.000372891,,novatel_oem7_msgs.msg.InertialSolutionStatus(status=3),
1786043664488417136,1786043664.486776586,/novatel/oem7/fix,/novatel/oem7/fix,/novatel/oem7/inspva,39.663,-75.756,-1.800234315,0.000697226,0.000372891,-0.000079707,0.000692655,0.000372891,,0,
1786043664489538777,1786043664.487123240,/novatel/oem7/odom,/novatel/oem7/fix,/novatel/oem7/odom,39.663,-75.756,-1.800234315,0.000696014,0.000375149,0.000686840,-0.000112632,0.000375149,,,
1786043664495795795,1786043664.495126145,/novatel/oem7/odom,/novatel/oem7/fix,/novatel/oem7/odom,39.663,-75.756,-1.800234315,0.000696014,0.000375149,0.000686840,-0.000112632,0.000375149,,,
1786043664506539481,1786043664.506017083,/novatel/oem7/inspva,/novatel/oem7/inspva,/novatel/oem7/inspva,39.663,-75.756,-1.800244767,0.000631345,-0.000518497,-0.000528237,0.000345776,-0.000518497,,novatel_oem7_msgs.msg.InertialSolutionStatus(status=3),
1786043664507904114,1786043664.506201351,/novatel/oem7/fix,/novatel/oem7/fix,/novatel/oem7/inspva,39.663,-75.756,-1.800244767,0.000631345,-0.000518497,-0.000528237,0.000345776,-0.000518497,,0,
1786043664508947598,1786043664.506573928,/novatel/oem7/odom,/novatel/oem7/fix,/novatel/oem7/odom,39.663,-75.756,-1.800244767,0.000631262,-0.000518597,0.000322828,-0.000542470,-0.000518597,,,
1786043664513175553,1786043664.512606041,/novatel/oem7/bestpos,/novatel/oem7/bestpos,/novatel/oem7/odom,39.663,-75.756,33.182296482,0.000631262,-0.000518597,0.000322828,-0.000542470,-0.000518597,,novatel_oem7_msgs.msg.SolutionStatus(status=0),novatel_oem7_msgs.msg.PositionOrVelocityType(type=53)
1786043664514617864,1786043664.513282870,/novatel/oem7/bestvel,/novatel/oem7/bestpos,/novatel/oem7/bestvel,39.663,-75.756,33.182296482,0.002125211,-0.000875075,,,,123.716050297,novatel_oem7_msgs.msg.SolutionStatus(status=0),novatel_oem7_msgs.msg.PositionOrVelocityType(type=53)
1786043664516599503,1786043664.515580173,/novatel/oem7/odom,/novatel/oem7/bestpos,/novatel/oem7/odom,39.663,-75.756,33.182296482,0.000631262,-0.000518597,0.000322828,-0.000542470,-0.000518597,,,
1786043664525922102,1786043664.525400747,/novatel/oem7/inspva,/novatel/oem7/inspva,/novatel/oem7/inspva,39.663,-75.756,-1.800254044,0.002146270,-0.001050669,-0.001597608,0.001433221,-0.001050669,,novatel_oem7_msgs.msg.InertialSolutionStatus(status=3),
1786043664527306779,1786043664.525602806,/novatel/oem7/fix,/novatel/oem7/fix,/novatel/oem7/inspva,39.663,-75.756,-1.800254044,0.002146270,-0.001050669,-0.001597608,0.001433221,-0.001050669,,0,
1786043664528386193,1786043664.526300533,/novatel/oem7/odom,/novatel/oem7/fix,/novatel/oem7/odom,39.663,-75.756,-1.800254044,0.002146764,-0.001049658,0.001361451,-0.001659834,-0.001049658,,,
1786043664535501099,1786043664.534841663,/novatel/oem7/odom,/novatel/oem7/fix,/novatel/oem7/odom,39.663,-75.756,-1.800254044,0.002146764,-0.001049658,0.001361451,-0.001659834,-0.001049658,,,
1786043664546702914,1786043664.546162551,/novatel/oem7/inspva,/novatel/oem7/inspva,/novatel/oem7/inspva,39.663,-75.756,-1.800259604,0.003363438,-0.000874629,-0.002646733,0.002075456,-0.000874629,,novatel_oem7_msgs.msg.InertialSolutionStatus(status=3),
1786043664548091193,1786043664.546362960,/novatel/oem7/fix,/novatel/oem7/fix,/novatel/oem7/inspva,39.663,-75.756,-1.800259604,0.003363438,-0.000874629,-0.002646733,0.002075456,-0.000874629,,0,
1786043664549170231,1786043664.546923602,/novatel/oem7/odom,/novatel/oem7/fix,/novatel/oem7/odom,39.663,-75.756,-1.800259604,0.003363586,-0.000874060,0.001953725,-0.002738004,-0.000874060,,,
1786043664556678468,1786043664.555999505,/novatel/oem7/odom,/novatel/oem7/fix,/novatel/oem7/odom,39.663,-75.756,-1.800259604,0.003363586,-0.000874060,0.001953725,-0.002738004,-0.000874060,,,
1786043664565813345,1786043664.565278533,/novatel/oem7/inspva,/novatel/oem7/inspva,/novatel/oem7/inspva,39.663,-75.756,-1.800247154,0.001406739,0.001618732,-0.000902121,0.001079395,0.001618732,,novatel_oem7_msgs.msg.InertialSolutionStatus(status=3),
1786043664567181351,1786043664.565498542,/novatel/oem7/fix,/novatel/oem7/fix,/novatel/oem7/inspva,39.663,-75.756,-1.800247154,0.001406739,0.001618732,-0.000902121,0.001079395,0.001618732,,0,
1786043664568294769,1786043664.565996164,/novatel/oem7/odom,/novatel/oem7/fix,/novatel/oem7/odom,39.663,-75.756,-1.800247154,0.001404939,0.001620295,0.001030381,-0.000955076,0.001620295,,,
1786043664576234401,1786043664.575578711,/novatel/oem7/odom,/novatel/oem7/fix,/novatel/oem7/odom,39.663,-75.756,-1.800247154,0.001404939,0.001620295,0.001030381,-0.000955076,0.001620295,,,
1786043664585842889,1786043664.585319267,/novatel/oem7/inspva,/novatel/oem7/inspva,/novatel/oem7/inspva,39.663,-75.756,-1.800263336,0.000854386,0.000560138,-0.000667980,0.000532708,0.000560138,,novatel_oem7_msgs.msg.InertialSolutionStatus(status=3),
1786043664587177328,1786043664.585548349,/novatel/oem7/fix,/novatel/oem7/fix,/novatel/oem7/inspva,39.663,-75.756,-1.800263336,0.000854386,0.000560138,-0.000667980,0.000532708,0.000560138,,0,
1786043664588234886,1786043664.585953240,/novatel/oem7/odom,/novatel/oem7/fix,/novatel/oem7/odom,39.663,-75.756,-1.800263336,0.000854262,0.000560327,0.000499105,-0.000693295,0.000560327,,,
1786043664595485717,1786043664.594568998,/novatel/oem7/odom,/novatel/oem7/fix,/novatel/oem7/odom,39.663,-75.756,-1.800263336,0.000854262,0.000560327,0.000499105,-0.000693295,0.000560327,,,
1786043664607108145,1786043664.606604420,/novatel/oem7/inspva,/novatel/oem7/inspva,/novatel/oem7/inspva,39.663,-75.756,-1.800281495,0.001669300,-0.001666398,-0.001399333,0.000910180,-0.001666398,,novatel_oem7_msgs.msg.InertialSolutionStatus(status=3),
1786043664608482078,1786043664.606791869,/novatel/oem7/fix,/novatel/oem7/fix,/novatel/oem7/inspva,39.663,-75.756,-1.800281495,0.001669300,-0.001666398,-0.001399333,0.000910180,-0.001666398,,0,
1786043664609524609,1786043664.607215116,/novatel/oem7/odom,/novatel/oem7/fix,/novatel/oem7/odom,39.663,-75.756,-1.800281495,0.001668979,-0.001666720,0.000850422,-0.001436061,-0.001666720,,,
1786043664611414941,1786043664.610861809,/novatel/oem7/bestpos,/novatel/oem7/bestpos,/novatel/oem7/odom,39.663,-75.756,33.182270297,0.001668979,-0.001666720,0.000850422,-0.001436061,-0.001666720,,novatel_oem7_msgs.msg.SolutionStatus(status=0),novatel_oem7_msgs.msg.PositionOrVelocityType(type=53)
1786043664612896226,1786043664.611222572,/novatel/oem7/bestvel,/novatel/oem7/bestpos,/novatel/oem7/bestvel,39.663,-75.756,33.182270297,0.002057949,-0.001189807,,,,162.504880080,novatel_oem7_msgs.msg.SolutionStatus(status=0),novatel_oem7_msgs.msg.PositionOrVelocityType(type=53)
1786043664615885718,1786043664.615223748,/novatel/oem7/odom,/novatel/oem7/bestpos,/novatel/oem7/odom,39.663,-75.756,33.182270297,0.001668979,-0.001666720,0.000850422,-0.001436061,-0.001666720,,,
1786043664625660248,1786043664.625137596,/novatel/oem7/inspva,/novatel/oem7/inspva,/novatel/oem7/inspva,39.663,-75.756,-1.800277973,0.002112252,-0.000927880,-0.002034514,0.000567771,-0.000927880,,novatel_oem7_msgs.msg.InertialSolutionStatus(status=3),
1786043664627007265,1786043664.625327861,/novatel/oem7/fix,/novatel/oem7/fix,/novatel/oem7/inspva,39.663,-75.756,-1.800277973,0.002112252,-0.000927880,-0.002034514,0.000567771,-0.000927880,,0,
1786043664628122972,1786043664.625636102,/novatel/oem7/odom,/novatel/oem7/fix,/novatel/oem7/odom,39.663,-75.756,-1.800277973,0.002110857,-0.000931050,0.000476272,-0.002056424,-0.000931050,,,
1786043664637741367,1786043664.635744357,/novatel/oem7/odom,/novatel/oem7/fix,/novatel/oem7/odom,39.663,-75.756,-1.800277973,0.002110857,-0.000931050,0.000476272,-0.002056424,-0.000931050,,,
1786043664646640618,1786043664.645992788,/novatel/oem7/inspva,/novatel/oem7/inspva,/novatel/oem7/inspva,39.663,-75.756,-1.800266460,0.002689456,0.001397898,-0.001635922,0.002134697,0.001397898,,novatel_oem7_msgs.msg.InertialSolutionStatus(status=3),
1786043664648204387,1786043664.646204657,/novatel/oem7/fix,/novatel/oem7/fix,/novatel/oem7/inspva,39.663,-75.756,-1.800266460,0.002689456,0.001397898,-0.001635922,0.002134697,0.001397898,,0,
1786043664649443716,1786043664.646767712,/novatel/oem7/odom,/novatel/oem7/fix,/novatel/oem7/odom,39.663,-75.756,-1.800266460,0.002687691,0.001401288,0.002051421,-0.001736477,0.001401288,,,
1786043664657074831,1786043664.656351004,/novatel/oem7/odom,/novatel/oem7/fix,/novatel/oem7/odom,39.663,-75.756,-1.800266460,0.002687691,0.001401288,0.002051421,-0.001736477,0.001401288,,,
1786043664666951508,1786043664.666178644,/novatel/oem7/inspva,/novatel/oem7/inspva,/novatel/oem7/inspva,39.663,-75.756,-1.800281106,0.001394228,0.001092343,-0.001296620,0.000512493,0.001092343,,novatel_oem7_msgs.msg.InertialSolutionStatus(status=3),
1786043664668372155,1786043664.666358176,/novatel/oem7/fix,/novatel/oem7/fix,/novatel/oem7/inspva,39.663,-75.756,-1.800281106,0.001394228,0.001092343,-0.001296620,0.000512493,0.001092343,,0,
1786043664669518716,1786043664.666781213,/novatel/oem7/odom,/novatel/oem7/fix,/novatel/oem7/odom,39.663,-75.756,-1.800281106,0.001395398,0.001090848,0.000447800,-0.001321594,0.001090848,,,
1786043664675507572,1786043664.674726585,/novatel/oem7/odom,/novatel/oem7/fix,/novatel/oem7/odom,39.663,-75.756,-1.800281106,0.001395398,0.001090848,0.000447800,-0.001321594,0.001090848,,,
1786043664685848930,1786043664.685119083,/novatel/oem7/inspva,/novatel/oem7/inspva,/novatel/oem7/inspva,39.663,-75.756,-1.800310810,0.001521759,-0.001822515,-0.001378242,-0.000645136,-0.001822515,,novatel_oem7_msgs.msg.InertialSolutionStatus(status=3),
1786043664687280661,1786043664.685331110,/novatel/oem7/fix,/novatel/oem7/fix,/novatel/oem7/inspva,39.663,-75.756,-1.800310810,0.001521759,-0.001822515,-0.001378242,-0.000645136,-0.001822515,,0,
1786043664688413256,1786043664.685723639,/novatel/oem7/odom,/novatel/oem7/fix,/novatel/oem7/odom,39.663,-75.756,-1.800310810,0.001514815,-0.001828290,-0.000701669,-0.001342508,-0.001828290,,,
1786043664696300880,1786043664.695520716,/novatel/oem7/odom,/novatel/oem7/fix,/novatel/oem7/odom,39.663,-75.756,-1.800310810,0.001514815,-0.001828290,-0.000701669,-0.001342508,-0.001828290,,,
1786043664706784134,1786043664.706049599,/novatel/oem7/inspva,/novatel/oem7/inspva,/novatel/oem7/inspva,39.663,-75.756,-1.800311441,0.001805734,-0.001446859,-0.001778139,0.000314478,-0.001446859,,novatel_oem7_msgs.msg.InertialSolutionStatus(status=3),
1786043664708209014,1786043664.706177772,/novatel/oem7/fix,/novatel/oem7/fix,/novatel/oem7/inspva,39.663,-75.756,-1.800311441,0.001805734,-0.001446859,-0.001778139,0.000314478,-0.001446859,,0,
1786043664709296475,1786043664.706674422,/novatel/oem7/odom,/novatel/oem7/fix,/novatel/oem7/odom,39.663,-75.756,-1.800311441,0.001802983,-0.001450285,0.000237017,-0.001787336,-0.001450285,,,
1786043664710837267,1786043664.709439913,/novatel/oem7/bestpos,/novatel/oem7/bestpos,/novatel/oem7/odom,39.663,-75.756,33.182234038,0.001802983,-0.001450285,0.000237017,-0.001787336,-0.001450285,,novatel_oem7_msgs.msg.SolutionStatus(status=0),novatel_oem7_msgs.msg.PositionOrVelocityType(type=53)
1786043664711804123,1786043664.710067154,/novatel/oem7/bestvel,/novatel/oem7/bestpos,/novatel/oem7/bestvel,39.663,-75.756,33.182234038,0.002018419,-0.000986988,,,,189.681418480,novatel_oem7_msgs.msg.SolutionStatus(status=0),novatel_oem7_msgs.msg.PositionOrVelocityType(type=53)
1786043664715170526,1786043664.714400505,/novatel/oem7/odom,/novatel/oem7/bestpos,/novatel/oem7/odom,39.663,-75.756,33.182234038,0.001802983,-0.001450285,0.000237017,-0.001787336,-0.001450285,,,
1786043664727339159,1786043664.726690867,/novatel/oem7/inspva,/novatel/oem7/inspva,/novatel/oem7/inspva,39.663,-75.756,-1.800290012,0.002355718,0.001893104,-0.002114721,0.001037962,0.001893104,,novatel_oem7_msgs.msg.InertialSolutionStatus(status=3),
1786043664728861331,1786043664.726895332,/novatel/oem7/fix,/novatel/oem7/fix,/novatel/oem7/inspva,39.663,-75.756,-1.800290012,0.002355718,0.001893104,-0.002114721,0.001037962,0.001893104,,0,
1786043664729986979,1786043664.727463100,/novatel/oem7/odom,/novatel/oem7/fix,/novatel/oem7/odom,39.663,-75.756,-1.800290012,0.002357144,0.001891328,0.000931881,-0.002165116,0.001891328,,,
1786043664736005341,1786043664.735241691,/novatel/oem7/odom,/novatel/oem7/fix,/novatel/oem7/odom,39.663,-75.756,-1.800290012,0.002357144,0.001891328,0.000931881,-0.002165116,0.001891328,,,
1786043664745973533,1786043664.745237222,/novatel/oem7/inspva,/novatel/oem7/inspva,/novatel/oem7/inspva,39.663,-75.756,-1.800307458,0.002116515,0.000989511,-0.001866419,0.000998056,0.000989511,,novatel_oem7_msgs.msg.InertialSolutionStatus(status=3),
1786043664747372957,1786043664.745380108,/novatel/oem7/fix,/novatel/oem7/fix,/novatel/oem7/inspva,39.663,-75.756,-1.800307458,0.002116515,0.000989511,-0.001866419,0.000998056,0.000989511,,0,
1786043664748496428,1786043664.745768804,/novatel/oem7/odom,/novatel/oem7/fix,/novatel/oem7/odom,39.663,-75.756,-1.800307458,0.002117117,0.000988223,0.000906872,-0.001913052,0.000988223,,,
1786043664756673328,1786043664.755894424,/novatel/oem7/odom,/novatel/oem7/fix,/novatel/oem7/odom,39.663,-75.756,-1.800307458,0.002117117,0.000988223,0.000906872,-0.001913052,0.000988223,,,
1786043664766130638,1786043664.765518596,/novatel/oem7/inspva,/novatel/oem7/inspva,/novatel/oem7/inspva,39.663,-75.756,-1.800329589,0.001208226,-0.001073617,-0.001103203,-0.000492701,-0.001073617,,novatel_oem7_msgs.msg.InertialSolutionStatus(status=3),
1786043664767613396,1786043664.765614912,/novatel/oem7/fix,/novatel/oem7/fix,/novatel/oem7/inspva,39.663,-75.756,-1.800329589,0.001208226,-0.001073617,-0.001103203,-0.000492701,-0.001073617,,0,
1786043664768725511,1786043664.766349303,/novatel/oem7/odom,/novatel/oem7/fix,/novatel/oem7/odom,39.663,-75.756,-1.800329589,0.001204163,-0.001078173,-0.000539383,-0.001076603,-0.001078173,,,
1786043664775494997,1786043664.774740400,/novatel/oem7/odom,/novatel/oem7/fix,/novatel/oem7/odom,39.663,-75.756,-1.800329589,0.001204163,-0.001078173,-0.000539383,-0.001076603,-0.001078173,,,
1786043664786923396,1786043664.786272133,/novatel/oem7/inspva,/novatel/oem7/inspva,/novatel/oem7/inspva,39.663,-75.756,-1.800336102,0.001332189,-0.001252277,-0.001290624,-0.000330178,-0.001252277,,novatel_oem7_msgs.msg.InertialSolutionStatus(status=3),
1786043664788514035,1786043664.786477275,/novatel/oem7/fix,/novatel/oem7/fix,/novatel/oem7/inspva,39.663,-75.756,-1.800336102,0.001332189,-0.001252277,-0.001290624,-0.000330178,-0.001252277,,0,
1786043664789603903,1786043664.786974993,/novatel/oem7/odom,/novatel/oem7/fix,/novatel/oem7/odom,39.663,-75.756,-1.800336102,0.001327985,-0.001256735,-0.000385086,-0.001270926,-0.001256735,,,
1786043664795529285,1786043664.794734930,/novatel/oem7/odom,/novatel/oem7/fix,/novatel/oem7/odom,39.663,-75.756,-1.800336102,0.001327985,-0.001256735,-0.000385086,-0.001270926,-0.001256735,,,
1786043664807061838,1786043664.806373735,/novatel/oem7/inspva,/novatel/oem7/inspva,/novatel/oem7/inspva,39.663,-75.756,-1.800322363,0.003304851,0.001113164,-0.003111203,0.001114656,0.001113164,,novatel_oem7_msgs.msg.InertialSolutionStatus(status=3),
1786043664808558229,1786043664.806472357,/novatel/oem7/fix,/novatel/oem7/fix,/novatel/oem7/inspva,39.663,-75.756,-1.800322363,0.003304851,0.001113164,-0.003111203,0.001114656,0.001113164,,0,
1786043664809676960,1786043664.807074661,/novatel/oem7/odom,/novatel/oem7/fix,/novatel/oem7/odom,39.663,-75.756,-1.800322363,0.003306236,0.001109044,0.000965210,-0.003162209,0.001109044,,,
1786043664811391067,1786043664.810253221,/novatel/oem7/bestpos,/novatel/oem7/bestpos,/novatel/oem7/odom,39.663,-75.756,33.182217292,0.003306236,0.001109044,0.000965210,-0.003162209,0.001109044,,novatel_oem7_msgs.msg.SolutionStatus(status=0),novatel_oem7_msgs.msg.PositionOrVelocityType(type=53)
1786043664812413304,1786043664.810578945,/novatel/oem7/bestvel,/novatel/oem7/bestpos,/novatel/oem7/bestvel,39.663,-75.756,33.182217292,0.002724254,0.001156418,,,,168.637301075,novatel_oem7_msgs.msg.SolutionStatus(status=0),novatel_oem7_msgs.msg.PositionOrVelocityType(type=53)
1786043664816191324,1786043664.815435381,/novatel/oem7/odom,/novatel/oem7/bestpos,/novatel/oem7/odom,39.663,-75.756,33.182217292,0.003306236,0.001109044,0.000965210,-0.003162209,0.001109044,,,
1786043664825866320,1786043664.825076733,/novatel/oem7/inspva,/novatel/oem7/inspva,/novatel/oem7/inspva,39.663,-75.756,-1.800325420,0.002653265,0.001165312,-0.002464376,0.000983192,0.001165312,,novatel_oem7_msgs.msg.InertialSolutionStatus(status=3),
1786043664827269827,1786043664.825169725,/novatel/oem7/fix,/novatel/oem7/fix,/novatel/oem7/inspva,39.663,-75.756,-1.800325420,0.002653265,0.001165312,-0.002464376,0.000983192,0.001165312,,0,
1786043664828392318,1786043664.825594914,/novatel/oem7/odom,/novatel/oem7/fix,/novatel/oem7/odom,39.663,-75.756,-1.800325420,0.002654528,0.001162431,0.000863658,-0.002510103,0.001162431,,,
1786043664835157951,1786043664.834369310,/novatel/oem7/odom,/novatel/oem7/fix,/novatel/oem7/odom,39.663,-75.756,-1.800325420,0.002654528,0.001162431,0.000863658,-0.002510103,0.001162431,,,
1786043664847455889,1786043664.846646451,/novatel/oem7/inspva,/novatel/oem7/inspva,/novatel/oem7/inspva,39.663,-75.756,-1.800342842,0.001011512,-0.000741825,-0.000962177,-0.000312042,-0.000741825,,novatel_oem7_msgs.msg.InertialSolutionStatus(status=3),
1786043664848946654,1786043664.846748609,/novatel/oem7/fix,/novatel/oem7/fix,/novatel/oem7/inspva,39.663,-75.756,-1.800342842,0.001011512,-0.000741825,-0.000962177,-0.000312042,-0.000741825,,0,
1786043664850087495,1786043664.847223370,/novatel/oem7/odom,/novatel/oem7/fix,/novatel/oem7/odom,39.663,-75.756,-1.800342842,0.001008890,-0.000745387,-0.000353603,-0.000944894,-0.000745387,,,
1786043664857187518,1786043664.856370137,/novatel/oem7/odom,/novatel/oem7/fix,/novatel/oem7/odom,39.663,-75.756,-1.800342842,0.001008890,-0.000745387,-0.000353603,-0.000944894,-0.000745387,,,
1786043664865815823,1786043664.865047602,/novatel/oem7/inspva,/novatel/oem7/inspva,/novatel/oem7/inspva,39.663,-75.756,-1.800337438,0.001144478,-0.000573664,-0.001014268,-0.000530180,-0.000573664,,novatel_oem7_msgs.msg.InertialSolutionStatus(status=3),
1786043664867370855,1786043664.865149927,/novatel/oem7/fix,/novatel/oem7/fix,/novatel/oem7/inspva,39.663,-75.756,-1.800337438,0.001144478,-0.000573664,-0.001014268,-0.000530180,-0.000573664,,0,
1786043664868590954,1786043664.865610518,/novatel/oem7/odom,/novatel/oem7/fix,/novatel/oem7/odom,39.663,-75.756,-1.800337438,0.001142230,-0.000578127,-0.000574526,-0.000987224,-0.000578127,,,
1786043664876232286,1786043664.875415835,/novatel/oem7/odom,/novatel/oem7/fix,/novatel/oem7/odom,39.663,-75.756,-1.800337438,0.001142230,-0.000578127,-0.000574526,-0.000987224,-0.000578127,,,
1786043664887194394,1786043664.886489561,/novatel/oem7/inspva,/novatel/oem7/inspva,/novatel/oem7/inspva,39.663,-75.756,-1.800327372,0.003159022,0.000363365,-0.002935280,0.001167710,0.000363365,,novatel_oem7_msgs.msg.InertialSolutionStatus(status=3),
1786043664888747773,1786043664.886687293,/novatel/oem7/fix,/novatel/oem7/fix,/novatel/oem7/inspva,39.663,-75.756,-1.800327372,0.003159022,0.000363365,-0.002935280,0.001167710,0.000363365,,0,
1786043664889887504,1786043664.887038029,/novatel/oem7/odom,/novatel/oem7/fix,/novatel/oem7/odom,39.663,-75.756,-1.800327372,0.003159419,0.000359890,0.001029106,-0.002987118,0.000359890,,,
1786043664895776992,1786043664.894983801,/novatel/oem7/odom,/novatel/oem7/fix,/novatel/oem7/odom,39.663,-75.756,-1.800327372,0.003159419,0.000359890,0.001029106,-0.002987118,0.000359890,,,
1786043664906733220,1786043664.905999466,/novatel/oem7/inspva,/novatel/oem7/inspva,/novatel/oem7/inspva,39.663,-75.756,-1.800324029,0.002298475,0.001153378,-0.002298080,0.000042626,0.001153378,,novatel_oem7_msgs.msg.InertialSolutionStatus(status=3),
1786043664908180417,1786043664.906156467,/novatel/oem7/fix,/novatel/oem7/fix,/novatel/oem7/inspva,39.663,-75.756,-1.800324029,0.002298475,0.001153378,-0.002298080,0.000042626,0.001153378,,0,
1786043664909308312,1786043664.906590672,/novatel/oem7/odom,/novatel/oem7/fix,/novatel/oem7/odom,39.663,-75.756,-1.800324029,0.002301376,0.001147579,-0.000068122,-0.002300368,0.001147579,,,
1786043664911463267,1786043664.910361641,/novatel/oem7/bestpos,/novatel/oem7/bestpos,/novatel/oem7/odom,39.663,-75.756,33.182209085,0.002301376,0.001147579,-0.000068122,-0.002300368,0.001147579,,novatel_oem7_msgs.msg.SolutionStatus(status=0),novatel_oem7_msgs.msg.PositionOrVelocityType(type=53)
1786043664912944847,1786043664.910872471,/novatel/oem7/bestvel,/novatel/oem7/bestpos,/novatel/oem7/bestvel,39.663,-75.756,33.182209085,0.001850854,0.000966049,,,,183.069544928,novatel_oem7_msgs.msg.SolutionStatus(status=0),novatel_oem7_msgs.msg.PositionOrVelocityType(type=53)
1786043664915204423,1786043664.914433239,/novatel/oem7/odom,/novatel/oem7/bestpos,/novatel/oem7/odom,39.663,-75.756,33.182209085,0.002301376,0.001147579,-0.000068122,-0.002300368,0.001147579,,,
1786043664926012800,1786043664.925269459,/novatel/oem7/inspva,/novatel/oem7/inspva,/novatel/oem7/inspva,39.663,-75.756,-1.800332628,0.000988428,-0.000160974,-0.000987699,-0.000037967,-0.000160974,,novatel_oem7_msgs.msg.InertialSolutionStatus(status=3),
1786043664927570668,1786043664.925355659,/novatel/oem7/fix,/novatel/oem7/fix,/novatel/oem7/inspva,39.663,-75.756,-1.800332628,0.000988428,-0.000160974,-0.000987699,-0.000037967,-0.000160974,,0,
1786043664928755270,1786043664.925952366,/novatel/oem7/odom,/novatel/oem7/fix,/novatel/oem7/odom,39.663,-75.756,-1.800332628,0.000987992,-0.000163632,-0.000083101,-0.000984491,-0.000163632,,,
1786043664936142070,1786043664.935350985,/novatel/oem7/odom,/novatel/oem7/fix,/novatel/oem7/odom,39.663,-75.756,-1.800332628,0.000987992,-0.000163632,-0.000083101,-0.000984491,-0.000163632,,,
1786043664946766531,1786043664.946000263,/novatel/oem7/inspva,/novatel/oem7/inspva,/novatel/oem7/inspva,39.663,-75.756,-1.800341018,0.001175241,-0.000600204,-0.001131009,-0.000319389,-0.000600204,,novatel_oem7_msgs.msg.InertialSolutionStatus(status=3),
1786043664948229422,1786043664.946148558,/novatel/oem7/fix,/novatel/oem7/fix,/novatel/oem7/inspva,39.663,-75.756,-1.800341018,0.001175241,-0.000600204,-0.001131009,-0.000319389,-0.000600204,,0,
1786043664949392403,1786043664.946587203,/novatel/oem7/odom,/novatel/oem7/fix,/novatel/oem7/odom,39.663,-75.756,-1.800341018,0.001173183,-0.000604215,-0.000369267,-0.001113553,-0.000604215,,,
1786043664956460436,1786043664.955659648,/novatel/oem7/odom,/novatel/oem7/fix,/novatel/oem7/odom,39.663,-75.756,-1.800341018,0.001173183,-0.000604215,-0.000369267,-0.001113553,-0.000604215,,,
1786043664966094758,1786043664.965409576,/novatel/oem7/inspva,/novatel/oem7/inspva,/novatel/oem7/inspva,39.663,-75.756,-1.800341781,0.003139352,-0.000660985,-0.003097033,0.000513730,-0.000660985,,novatel_oem7_msgs.msg.InertialSolutionStatus(status=3),
1786043664967673100,1786043664.965498652,/novatel/oem7/fix,/novatel/oem7/fix,/novatel/oem7/inspva,39.663,-75.756,-1.800341781,0.003139352,-0.000660985,-0.003097033,0.000513730,-0.000660985,,0,
1786043664968825965,1786043664.966189169,/novatel/oem7/odom,/novatel/oem7/fix,/novatel/oem7/odom,39.663,-75.756,-1.800341781,0.003138050,-0.000667138,0.000372057,-0.003115916,-0.000667138,,,
1786043664975833311,1786043664.975011523,/novatel/oem7/odom,/novatel/oem7/fix,/novatel/oem7/odom,39.663,-75.756,-1.800341781,0.003138050,-0.000667138,0.000372057,-0.003115916,-0.000667138,,,
1786043664985802015,1786043664.985008707,/novatel/oem7/inspva,/novatel/oem7/inspva,/novatel/oem7/inspva,39.663,-75.756,-1.800330745,0.002828727,0.000589527,-0.002797346,0.000420179,0.000589527,,novatel_oem7_msgs.msg.InertialSolutionStatus(status=3),
1786043664987228999,1786043664.985115967,/novatel/oem7/fix,/novatel/oem7/fix,/novatel/oem7/inspva,39.663,-75.756,-1.800330745,0.002828727,0.000589527,-0.002797346,0.000420179,0.000589527,,0,
1786043664988360024,1786043664.985504312,/novatel/oem7/odom,/novatel/oem7/fix,/novatel/oem7/odom,39.663,-75.756,-1.800330745,0.002829908,0.000583832,0.000287972,-0.002815218,0.000583832,,,
1786043664995374616,1786043664.994365549,/novatel/oem7/odom,/novatel/oem7/fix,/novatel/oem7/odom,39.663,-75.756,-1.800330745,0.002829908,0.000583832,0.000287972,-0.002815218,0.000583832,,,
1786043665008911743,1786043665.008410062,/novatel/oem7/inspva,/novatel/oem7/inspva,/novatel/oem7/inspva,39.663,-75.756,-1.800314588,0.001511618,0.001911177,-0.001162710,-0.000965968,0.001911177,,novatel_oem7_msgs.msg.InertialSolutionStatus(status=3),
1786043665010228493,1786043665.008514425,/novatel/oem7/fix,/novatel/oem7/fix,/novatel/oem7/inspva,39.663,-75.756,-1.800314588,0.001511618,0.001911177,-0.001162710,-0.000965968,0.001911177,,0,
1786043665012121088,1786043665.011358211,/novatel/oem7/odom,/novatel/oem7/fix,/novatel/oem7/odom,39.663,-75.756,-1.800314588,0.001519724,0.001904738,-0.001025806,-0.001121286,0.001904738,,,
1786043665016326286,1786043665.015688290,/novatel/oem7/odom,/novatel/oem7/fix,/novatel/oem7/odom,39.663,-75.756,-1.800314588,0.001519724,0.001904738,-0.001025806,-0.001121286,0.001904738,,,
1786043665027453642,1786043665.026700958,/novatel/oem7/bestpos,/novatel/oem7/bestpos,/novatel/oem7/odom,39.663,-75.756,33.182213705,0.001519724,0.001904738,-0.001025806,-0.001121286,0.001904738,,novatel_oem7_msgs.msg.SolutionStatus(status=0),novatel_oem7_msgs.msg.PositionOrVelocityType(type=53)
1786043665029249367,1786043665.027253014,/novatel/oem7/bestvel,/novatel/oem7/bestpos,/novatel/oem7/bestvel,39.663,-75.756,33.182213705,0.001202983,0.001132969,,,,156.648482985,novatel_oem7_msgs.msg.SolutionStatus(status=0),novatel_oem7_msgs.msg.PositionOrVelocityType(type=53)
1786043665030225193,1786043665.027695788,/novatel/oem7/inspva,/novatel/oem7/inspva,/novatel/oem7/inspva,39.663,-75.756,-1.800324096,0.001449647,-0.000019134,-0.001406700,-0.000350245,-0.000019134,,novatel_oem7_msgs.msg.InertialSolutionStatus(status=3),
1786043665031085368,1786043665.027853616,/novatel/oem7/fix,/novatel/oem7/fix,/novatel/oem7/inspva,39.663,-75.756,-1.800324096,0.001449647,-0.000019134,-0.001406700,-0.000350245,-0.000019134,,0,
1786043665032149939,1786043665.028341618,/novatel/oem7/odom,/novatel/oem7/fix,/novatel/oem7/odom,39.663,-75.756,-1.800324096,0.001449575,-0.000023984,-0.000414962,-0.001388911,-0.000023984,,,
1786043665035665613,1786043665.034880622,/novatel/oem7/odom,/novatel/oem7/fix,/novatel/oem7/odom,39.663,-75.756,-1.800324096,0.001449575,-0.000023984,-0.000414962,-0.001388911,-0.000023984,,,
1786043665046138270,1786043665.045405822,/novatel/oem7/inspva,/novatel/oem7/inspva,/novatel/oem7/inspva,39.663,-75.756,-1.800332537,0.003112231,-0.000535958,-0.003082974,-0.000425743,-0.000535958,,novatel_oem7_msgs.msg.InertialSolutionStatus(status=3),
1786043665047606798,1786043665.045610341,/novatel/oem7/fix,/novatel/oem7/fix,/novatel/oem7/inspva,39.663,-75.756,-1.800332537,0.003112231,-0.000535958,-0.003082974,-0.000425743,-0.000535958,,0,
1786043665048727825,1786043665.046113426,/novatel/oem7/odom,/novatel/oem7/fix,/novatel/oem7/odom,39.663,-75.756,-1.800332537,0.003110595,-0.000545372,-0.000566191,-0.003058632,-0.000545372,,,
1786043665057344800,1786043665.056516496,/novatel/oem7/odom,/novatel/oem7/fix,/novatel/oem7/odom,39.663,-75.756,-1.800332537,0.003110595,-0.000545372,-0.000566191,-0.003058632,-0.000545372,,,
1786043665067199261,1786043665.066493664,/novatel/oem7/inspva,/novatel/oem7/inspva,/novatel/oem7/inspva,39.663,-75.756,-1.800321551,0.003202575,0.000230842,-0.003129653,0.000679530,0.000230842,,novatel_oem7_msgs.msg.InertialSolutionStatus(status=3),
1786043665068723586,1786043665.066650799,/novatel/oem7/fix,/novatel/oem7/fix,/novatel/oem7/inspva,39.663,-75.756,-1.800321551,0.003202575,0.000230842,-0.003129653,0.000679530,0.000230842,,0,
1786043665069911834,1786043665.067143873,/novatel/oem7/odom,/novatel/oem7/fix,/novatel/oem7/odom,39.663,-75.756,-1.800321551,0.003202978,0.000225189,0.000532924,-0.003158332,0.000225189,,,
1786043665075448568,1786043665.074640867,/novatel/oem7/odom,/novatel/oem7/fix,/novatel/oem7/odom,39.663,-75.756,-1.800321551,0.003202978,0.000225189,0.000532924,-0.003158332,0.000225189,,,
1786043665086145188,1786043665.085468694,/novatel/oem7/inspva,/novatel/oem7/inspva,/novatel/oem7/inspva,39.663,-75.756,-1.800309650,0.002102596,0.001766144,-0.002005937,-0.000630181,0.001766144,,novatel_oem7_msgs.msg.InertialSolutionStatus(status=3),
1786043665087769964,1786043665.085629096,/novatel/oem7/fix,/novatel/oem7/fix,/novatel/oem7/inspva,39.663,-75.756,-1.800309650,0.002102596,0.001766144,-0.002005937,-0.000630181,0.001766144,,0,
1786043665088916851,1786043665.086283819,/novatel/oem7/odom,/novatel/oem7/fix,/novatel/oem7/odom,39.663,-75.756,-1.800309650,0.002108804,0.001758727,-0.000728965,-0.001978804,0.001758727,,,
1786043665096509076,1786043665.095650304,/novatel/oem7/odom,/novatel/oem7/fix,/novatel/oem7/odom,39.663,-75.756,-1.800309650,0.002108804,0.001758727,-0.000728965,-0.001978804,0.001758727,,,
1786043665106490224,1786043665.105956709,/novatel/oem7/inspva,/novatel/oem7/inspva,/novatel/oem7/inspva,39.663,-75.756,-1.800328622,0.001678108,0.000524863,-0.001506023,-0.000740232,0.000524863,,novatel_oem7_msgs.msg.InertialSolutionStatus(status=3),
1786043665107874778,1786043665.106111177,/novatel/oem7/fix,/novatel/oem7/fix,/novatel/oem7/inspva,39.663,-75.756,-1.800328622,0.001678108,0.000524863,-0.001506023,-0.000740232,0.000524863,,0,
1786043665108976849,1786043665.106579925,/novatel/oem7/odom,/novatel/oem7/fix,/novatel/oem7/odom,39.663,-75.756,-1.800328622,0.001680126,0.000518367,-0.000811106,-0.001471370,0.000518367,,,
1786043665111359186,1786043665.110778620,/novatel/oem7/bestpos,/novatel/oem7/bestpos,/novatel/oem7/odom,39.663,-75.756,33.182148014,0.001680126,0.000518367,-0.000811106,-0.001471370,0.000518367,,novatel_oem7_msgs.msg.SolutionStatus(status=0),novatel_oem7_msgs.msg.PositionOrVelocityType(type=53)
1786043665112851897,1786043665.111224901,/novatel/oem7/bestvel,/novatel/oem7/bestpos,/novatel/oem7/bestvel,39.663,-75.756,33.182148014,0.001323192,0.000281419,,,,211.673742593,novatel_oem7_msgs.msg.SolutionStatus(status=0),novatel_oem7_msgs.msg.PositionOrVelocityType(type=53)
1786043665115614018,1786043665.114569751,/novatel/oem7/odom,/novatel/oem7/bestpos,/novatel/oem7/odom,39.663,-75.756,33.182148014,0.001680126,0.000518367,-0.000811106,-0.001471370,0.000518367,,,
1786043665127092147,1786043665.126560752,/novatel/oem7/inspva,/novatel/oem7/inspva,/novatel/oem7/inspva,39.663,-75.756,-1.800349755,0.002451660,-0.001197151,-0.002418442,-0.000402208,-0.001197151,,novatel_oem7_msgs.msg.InertialSolutionStatus(status=3),
1786043665128526261,1786043665.126748498,/novatel/oem7/fix,/novatel/oem7/fix,/novatel/oem7/inspva,39.663,-75.756,-1.800349755,0.002451660,-0.001197151,-0.002418442,-0.000402208,-0.001197151,,0,
1786043665129654239,1786043665.127257963,/novatel/oem7/odom,/novatel/oem7/fix,/novatel/oem7/odom,39.663,-75.756,-1.800349755,0.002447909,-0.001204801,-0.000509502,-0.002394299,-0.001204801,,,
1786043665135526230,1786043665.134819707,/novatel/oem7/odom,/novatel/oem7/fix,/novatel/oem7/odom,39.663,-75.756,-1.800349755,0.002447909,-0.001204801,-0.000509502,-0.002394299,-0.001204801,,,
1786043665145743535,1786043665.145196006,/novatel/oem7/inspva,/novatel/oem7/inspva,/novatel/oem7/inspva,39.663,-75.756,-1.800341049,0.002717799,-0.000210861,-0.002551512,-0.000936065,-0.000210861,,novatel_oem7_msgs.msg.InertialSolutionStatus(status=3),
1786043665147155639,1786043665.145377837,/novatel/oem7/fix,/novatel/oem7/fix,/novatel/oem7/inspva,39.663,-75.756,-1.800341049,0.002717799,-0.000210861,-0.002551512,-0.000936065,-0.000210861,,0,
1786043665148287726,1786043665.145900279,/novatel/oem7/odom,/novatel/oem7/fix,/novatel/oem7/odom,39.663,-75.756,-1.800341049,0.002717016,-0.000220720,-0.001052513,-0.002504874,-0.000220720,,,
1786043665156976759,1786043665.156137350,/novatel/oem7/odom,/novatel/oem7/fix,/novatel/oem7/odom,39.663,-75.756,-1.800341049,0.002717016,-0.000220720,-0.001052513,-0.002504874,-0.000220720,,,
1786043665165853269,1786043665.165287867,/novatel/oem7/inspva,/novatel/oem7/inspva,/novatel/oem7/inspva,39.663,-75.756,-1.800326160,0.003049823,0.001733975,-0.003049359,0.000053205,0.001733975,,novatel_oem7_msgs.msg.InertialSolutionStatus(status=3),
1786043665167321530,1786043665.165517666,/novatel/oem7/fix,/novatel/oem7/fix,/novatel/oem7/inspva,39.663,-75.756,-1.800326160,0.003049823,0.001733975,-0.003049359,0.000053205,0.001733975,,0,
1786043665168528902,1786043665.165875503,/novatel/oem7/odom,/novatel/oem7/fix,/novatel/oem7/odom,39.663,-75.756,-1.800326160,0.003054185,0.001726279,-0.000094488,-0.003052723,0.001726279,,,
1786043665175952889,1786043665.174946332,/novatel/oem7/odom,/novatel/oem7/fix,/novatel/oem7/odom,39.663,-75.756,-1.800326160,0.003054185,0.001726279,-0.000094488,-0.003052723,0.001726279,,,
1786043665186656921,1786043665.186079135,/novatel/oem7/inspva,/novatel/oem7/inspva,/novatel/oem7/inspva,39.663,-75.756,-1.800335427,0.002427993,0.001512164,-0.002426852,-0.000074446,0.001512164,,novatel_oem7_msgs.msg.InertialSolutionStatus(status=3),
1786043665188178156,1786043665.186285437,/novatel/oem7/fix,/novatel/oem7/fix,/novatel/oem7/inspva,39.663,-75.756,-1.800335427,0.002427993,0.001512164,-0.002426852,-0.000074446,0.001512164,,0,
1786043665189351821,1786043665.186790255,/novatel/oem7/odom,/novatel/oem7/fix,/novatel/oem7/odom,39.663,-75.756,-1.800335427,0.002432077,0.001505587,-0.000192335,-0.002424460,0.001505587,,,
1786043665195063177,1786043665.194375530,/novatel/oem7/odom,/novatel/oem7/fix,/novatel/oem7/odom,39.663,-75.756,-1.800335427,0.002432077,0.001505587,-0.000192335,-0.002424460,0.001505587,,,
1786043665206955064,1786043665.206438163,/novatel/oem7/inspva,/novatel/oem7/inspva,/novatel/oem7/inspva,39.663,-75.756,-1.800359653,0.002263789,-0.001262224,-0.001857622,-0.001293824,-0.001262224,,novatel_oem7_msgs.msg.InertialSolutionStatus(status=3),
1786043665208311474,1786043665.206683711,/novatel/oem7/fix,/novatel/oem7/fix,/novatel/oem7/inspva,39.663,-75.756,-1.800359653,0.002263789,-0.001262224,-0.001857622,-0.001293824,-0.001262224,,0,
1786043665209401585,1786043665.207135266,/novatel/oem7/odom,/novatel/oem7/fix,/novatel/oem7/odom,39.663,-75.756,-1.800359653,0.002258538,-0.001271596,-0.001373874,-0.001792613,-0.001271596,,,
1786043665210935257,1786043665.210123839,/novatel/oem7/bestpos,/novatel/oem7/bestpos,/novatel/oem7/odom,39.663,-75.756,33.182115621,0.002258538,-0.001271596,-0.001373874,-0.001792613,-0.001271596,,novatel_oem7_msgs.msg.SolutionStatus(status=0),novatel_oem7_msgs.msg.PositionOrVelocityType(type=53)
1786043665212394504,1786043665.210549833,/novatel/oem7/bestvel,/novatel/oem7/bestpos,/novatel/oem7/bestvel,39.663,-75.756,33.182115621,0.002376530,-0.001162881,,,,223.233702347,novatel_oem7_msgs.msg.SolutionStatus(status=0),novatel_oem7_msgs.msg.PositionOrVelocityType(type=53)
1786043665216127014,1786043665.215450648,/novatel/oem7/odom,/novatel/oem7/bestpos,/novatel/oem7/odom,39.663,-75.756,33.182115621,0.002258538,-0.001271596,-0.001373874,-0.001792613,-0.001271596,,,
1786043665225976635,1786043665.225384269,/novatel/oem7/inspva,/novatel/oem7/inspva,/novatel/oem7/inspva,39.663,-75.756,-1.800346940,0.002628541,-0.000529722,-0.002422512,-0.001020129,-0.000529722,,novatel_oem7_msgs.msg.InertialSolutionStatus(status=3),
1786043665227445563,1786043665.225614215,/novatel/oem7/fix,/novatel/oem7/fix,/novatel/oem7/inspva,39.663,-75.756,-1.800346940,0.002628541,-0.000529722,-0.002422512,-0.001020129,-0.000529722,,0,
1786043665228643468,1786043665.226072486,/novatel/oem7/odom,/novatel/oem7/fix,/novatel/oem7/odom,39.663,-75.756,-1.800346940,0.002626537,-0.000539566,-0.001129325,-0.002371355,-0.000539566,,,
1786043665235293387,1786043665.234625414,/novatel/oem7/odom,/novatel/oem7/fix,/novatel/oem7/odom,39.663,-75.756,-1.800346940,0.002626537,-0.000539566,-0.001129325,-0.002371355,-0.000539566,,,
1786043665247106473,1786043665.246583425,/novatel/oem7/inspva,/novatel/oem7/inspva,/novatel/oem7/inspva,39.663,-75.756,-1.800328300,0.003602241,0.001762349,-0.003592045,-0.000270840,0.001762349,,novatel_oem7_msgs.msg.InertialSolutionStatus(status=3),
1786043665248554344,1786043665.246768813,/novatel/oem7/fix,/novatel/oem7/fix,/novatel/oem7/inspva,39.663,-75.756,-1.800328300,0.003602241,0.001762349,-0.003592045,-0.000270840,0.001762349,,0,
1786043665249657445,1786043665.247242195,/novatel/oem7/odom,/novatel/oem7/fix,/novatel/oem7/odom,39.663,-75.756,-1.800328300,0.003607261,0.001752051,-0.000443491,-0.003579895,0.001752051,,,
1786043665257902686,1786043665.256876293,/novatel/oem7/odom,/novatel/oem7/fix,/novatel/oem7/odom,39.663,-75.756,-1.800328300,0.003607261,0.001752051,-0.000443491,-0.003579895,0.001752051,,,
1786043665265702357,1786043665.265095969,/novatel/oem7/inspva,/novatel/oem7/inspva,/novatel/oem7/inspva,39.663,-75.756,-1.800331022,0.003496052,0.001754571,-0.003459708,0.000502795,0.001754571,,novatel_oem7_msgs.msg.InertialSolutionStatus(status=3),
1786043665267300322,1786043665.265189694,/novatel/oem7/fix,/novatel/oem7/fix,/novatel/oem7/inspva,39.663,-75.756,-1.800331022,0.003496052,0.001754571,-0.003459708,0.000502795,0.001754571,,0,
1786043665268546058,1786043665.265644806,/novatel/oem7/odom,/novatel/oem7/fix,/novatel/oem7/odom,39.663,-75.756,-1.800331022,0.003499698,0.001747287,0.000335505,-0.003483579,0.001747287,,,
1786043665275510186,1786043665.274779819,/novatel/oem7/odom,/novatel/oem7/fix,/novatel/oem7/odom,39.663,-75.756,-1.800331022,0.003499698,0.001747287,0.000335505,-0.003483579,0.001747287,,,
1786043665285887379,1786043665.285370453,/novatel/oem7/inspva,/novatel/oem7/inspva,/novatel/oem7/inspva,39.663,-75.756,-1.800351446,0.002094530,-0.000641900,-0.001873649,-0.000936213,-0.000641900,,novatel_oem7_msgs.msg.InertialSolutionStatus(status=3),
1786043665287298603,1786043665.285450076,/novatel/oem7/fix,/novatel/oem7/fix,/novatel/oem7/inspva,39.663,-75.756,-1.800351446,0.002094530,-0.000641900,-0.001873649,-0.000936213,-0.000641900,,0,
1786043665288437807,1786043665.286216182,/novatel/oem7/odom,/novatel/oem7/fix,/novatel/oem7/odom,39.663,-75.756,-1.800351446,0.002091994,-0.000650119,-0.001019645,-0.001826681,-0.000650119,,,
1786043665295624031,1786043665.294862160,/novatel/oem7/odom,/novatel/oem7/fix,/novatel/oem7/odom,39.663,-75.756,-1.800351446,0.002091994,-0.000650119,-0.001019645,-0.001826681,-0.000650119,,,
1786043665306709817,1786043665.306142181,/novatel/oem7/inspva,/novatel/oem7/inspva,/novatel/oem7/inspva,39.663,-75.756,-1.800351028,0.002868780,-0.000470571,-0.002332543,-0.001670072,-0.000470571,,novatel_oem7_msgs.msg.InertialSolutionStatus(status=3),
1786043665308246486,1786043665.306293220,/novatel/oem7/fix,/novatel/oem7/fix,/novatel/oem7/inspva,39.663,-75.756,-1.800351028,0.002868780,-0.000470571,-0.002332543,-0.001670072,-0.000470571,,0,
1786043665309405833,1786043665.306719724,/novatel/oem7/odom,/novatel/oem7/fix,/novatel/oem7/odom,39.663,-75.756,-1.800351028,0.002866790,-0.000482548,-0.001774635,-0.002251478,-0.000482548,,,
1786043665311683510,1786043665.310595840,/novatel/oem7/bestpos,/novatel/oem7/bestpos,/novatel/oem7/odom,39.663,-75.756,33.182121953,0.002866790,-0.000482548,-0.001774635,-0.002251478,-0.000482548,,novatel_oem7_msgs.msg.SolutionStatus(status=0),novatel_oem7_msgs.msg.PositionOrVelocityType(type=53)
1786043665313229741,1786043665.311134437,/novatel/oem7/bestvel,/novatel/oem7/bestpos,/novatel/oem7/bestvel,39.663,-75.756,33.182121953,0.003771793,0.000233393,,,,226.237111959,novatel_oem7_msgs.msg.SolutionStatus(status=0),novatel_oem7_msgs.msg.PositionOrVelocityType(type=53)
1786043665315299288,1786043665.314471723,/novatel/oem7/odom,/novatel/oem7/bestpos,/novatel/oem7/odom,39.663,-75.756,33.182121953,0.002866790,-0.000482548,-0.001774635,-0.002251478,-0.000482548,,,
1786043665325806942,1786043665.325213109,/novatel/oem7/inspva,/novatel/oem7/inspva,/novatel/oem7/inspva,39.663,-75.756,-1.800331030,0.004130436,0.001353882,-0.004129998,0.000060164,0.001353882,,novatel_oem7_msgs.msg.InertialSolutionStatus(status=3),
1786043665327267989,1786043665.325412305,/novatel/oem7/fix,/novatel/oem7/fix,/novatel/oem7/inspva,39.663,-75.756,-1.800331030,0.004130436,0.001353882,-0.004129998,0.000060164,0.001353882,,0,
1786043665328377320,1786043665.325832555,/novatel/oem7/odom,/novatel/oem7/fix,/novatel/oem7/odom,39.663,-75.756,-1.800331030,0.004133892,0.001343292,-0.000136264,-0.004131646,0.001343292,,,
1786043665336136844,1786043665.335445987,/novatel/oem7/odom,/novatel/oem7/fix,/novatel/oem7/odom,39.663,-75.756,-1.800331030,0.004133892,0.001343292,-0.000136264,-0.004131646,0.001343292,,,
1786043665345618954,1786043665.345045848,/novatel/oem7/inspva,/novatel/oem7/inspva,/novatel/oem7/inspva,39.663,-75.756,-1.800334672,0.003721497,0.001533760,-0.003713052,-0.000250574,0.001533760,,novatel_oem7_msgs.msg.InertialSolutionStatus(status=3),
1786043665347024708,1786043665.345217873,/novatel/oem7/fix,/novatel/oem7/fix,/novatel/oem7/inspva,39.663,-75.756,-1.800334672,0.003721497,0.001533760,-0.003713052,-0.000250574,0.001533760,,0,
1786043665348196613,1786043665.345621374,/novatel/oem7/odom,/novatel/oem7/fix,/novatel/oem7/odom,39.663,-75.756,-1.800334672,0.003725844,0.001523170,-0.000428057,-0.003701173,0.001523170,,,
1786043665356407767,1786043665.355670086,/novatel/oem7/odom,/novatel/oem7/fix,/novatel/oem7/odom,39.663,-75.756,-1.800334672,0.003725844,0.001523170,-0.000428057,-0.003701173,0.001523170,,,
1786043665367287211,1786043665.366678661,/novatel/oem7/inspva,/novatel/oem7/inspva,/novatel/oem7/inspva,39.663,-75.756,-1.800351937,0.002058691,-0.000182080,-0.001737437,-0.001104319,-0.000182080,,novatel_oem7_msgs.msg.InertialSolutionStatus(status=3),
1786043665368712928,1786043665.366860816,/novatel/oem7/fix,/novatel/oem7/fix,/novatel/oem7/inspva,39.663,-75.756,-1.800351937,0.002058691,-0.000182080,-0.001737437,-0.001104319,-0.000182080,,0,
1786043665369750705,1786043665.367640427,/novatel/oem7/odom,/novatel/oem7/fix,/novatel/oem7/odom,39.663,-75.756,-1.800351937,0.002057925,-0.000190543,-0.001182966,-0.001683938,-0.000190543,,,
1786043665375629773,1786043665.374926133,/novatel/oem7/odom,/novatel/oem7/fix,/novatel/oem7/odom,39.663,-75.756,-1.800351937,0.002057925,-0.000190543,-0.001182966,-0.001683938,-0.000190543,,,
1786043665385574681,1786043665.384973052,/novatel/oem7/inspva,/novatel/oem7/inspva,/novatel/oem7/inspva,39.663,-75.756,-1.800347841,0.002447026,0.000027303,-0.002114110,-0.001232264,0.000027303,,novatel_oem7_msgs.msg.InertialSolutionStatus(status=3),
1786043665386940237,1786043665.385128203,/novatel/oem7/fix,/novatel/oem7/fix,/novatel/oem7/inspva,39.663,-75.756,-1.800347841,0.002447026,0.000027303,-0.002114110,-0.001232264,0.000027303,,0,
1786043665387982768,1786043665.385531294,/novatel/oem7/odom,/novatel/oem7/fix,/novatel/oem7/odom,39.663,-75.756,-1.800347841,0.002447116,0.000017392,-0.001329045,-0.002054755,0.000017392,,,
1786043665396125905,1786043665.395460531,/novatel/oem7/odom,/novatel/oem7/fix,/novatel/oem7/odom,39.663,-75.756,-1.800347841,0.002447116,0.000017392,-0.001329045,-0.002054755,0.000017392,,,
1786043665407249184,1786043665.406727916,/novatel/oem7/inspva,/novatel/oem7/inspva,/novatel/oem7/inspva,39.663,-75.756,-1.800336505,0.004073373,0.000484823,-0.003903453,-0.001164225,0.000484823,,novatel_oem7_msgs.msg.InertialSolutionStatus(status=3),
1786043665408655995,1786043665.406870718,/novatel/oem7/fix,/novatel/oem7/fix,/novatel/oem7/inspva,39.663,-75.756,-1.800336505,0.004073373,0.000484823,-0.003903453,-0.001164225,0.000484823,,0,
1786043665409696202,1786043665.407352975,/novatel/oem7/odom,/novatel/oem7/fix,/novatel/oem7/odom,39.663,-75.756,-1.800336505,0.004075046,0.000470557,-0.001345701,-0.003846438,0.000470557,,,
1786043665411189436,1786043665.410249567,/novatel/oem7/bestpos,/novatel/oem7/bestpos,/novatel/oem7/odom,39.663,-75.756,33.182138885,0.004075046,0.000470557,-0.001345701,-0.003846438,0.000470557,,novatel_oem7_msgs.msg.SolutionStatus(status=0),novatel_oem7_msgs.msg.PositionOrVelocityType(type=53)
1786043665412113912,1786043665.410622844,/novatel/oem7/bestvel,/novatel/oem7/bestpos,/novatel/oem7/bestvel,39.663,-75.756,33.182138885,0.004908394,0.001213770,,,,202.263085541,novatel_oem7_msgs.msg.SolutionStatus(status=0),novatel_oem7_msgs.msg.PositionOrVelocityType(type=53)
1786043665415577970,1786043665.414846872,/novatel/oem7/odom,/novatel/oem7/bestpos,/novatel/oem7/odom,39.663,-75.756,33.182138885,0.004075046,0.000470557,-0.001345701,-0.003846438,0.000470557,,,
1786043665426753620,1786043665.426071137,/novatel/oem7/inspva,/novatel/oem7/inspva,/novatel/oem7/inspva,39.663,-75.756,-1.800328597,0.003823085,0.001153187,-0.003816304,0.000227604,0.001153187,,novatel_oem7_msgs.msg.InertialSolutionStatus(status=3),
1786043665428109897,1786043665.426218201,/novatel/oem7/fix,/novatel/oem7/fix,/novatel/oem7/inspva,39.663,-75.756,-1.800328597,0.003823085,0.001153187,-0.003816304,0.000227604,0.001153187,,0,
1786043665429158530,1786043665.426660019,/novatel/oem7/odom,/novatel/oem7/fix,/novatel/oem7/odom,39.663,-75.756,-1.800328597,0.003825835,0.001144029,0.000046255,-0.003825556,0.001144029,,,
1786043665435153136,1786043665.434449745,/novatel/oem7/odom,/novatel/oem7/fix,/novatel/oem7/odom,39.663,-75.756,-1.800328597,0.003825835,0.001144029,0.000046255,-0.003825556,0.001144029,,,
1786043665445886008,1786043665.445250092,/novatel/oem7/inspva,/novatel/oem7/inspva,/novatel/oem7/inspva,39.663,-75.756,-1.800334495,0.002181915,0.000518669,-0.002052921,-0.000739099,0.000518669,,novatel_oem7_msgs.msg.InertialSolutionStatus(status=3),
1786043665447236402,1786043665.445403770,/novatel/oem7/fix,/novatel/oem7/fix,/novatel/oem7/inspva,39.663,-75.756,-1.800334495,0.002181915,0.000518669,-0.002052921,-0.000739099,0.000518669,,0,
1786043665448757860,1786043665.445777611,/novatel/oem7/odom,/novatel/oem7/fix,/novatel/oem7/odom,39.663,-75.756,-1.800334495,0.002183810,0.000510631,-0.000835366,-0.002017719,0.000510631,,,
1786043665457095172,1786043665.456315935,/novatel/oem7/odom,/novatel/oem7/fix,/novatel/oem7/odom,39.663,-75.756,-1.800334495,0.002183810,0.000510631,-0.000835366,-0.002017719,0.000510631,,,
1786043665465395780,1786043665.465068594,/novatel/oem7/inspva,/novatel/oem7/inspva,/novatel/oem7/inspva,39.663,-75.756,-1.800329286,0.002364591,0.000607080,-0.002181056,-0.000913394,0.000607080,,novatel_oem7_msgs.msg.InertialSolutionStatus(status=3),
1786043665466130763,1786043665.465235226,/novatel/oem7/fix,/novatel/oem7/fix,/novatel/oem7/inspva,39.663,-75.756,-1.800329286,0.002364591,0.000607080,-0.002181056,-0.000913394,0.000607080,,0,
1786043665466676953,1786043665.465694180,/novatel/oem7/odom,/novatel/oem7/fix,/novatel/oem7/odom,39.663,-75.756,-1.800329286,0.002366876,0.000598111,-0.001015721,-0.002137852,0.000598111,,,
1786043665474962446,1786043665.474574965,/novatel/oem7/odom,/novatel/oem7/fix,/novatel/oem7/odom,39.663,-75.756,-1.800329286,0.002366876,0.000598111,-0.001015721,-0.002137852,0.000598111,,,
1786043665486932160,1786043665.486609749,/novatel/oem7/inspva,/novatel/oem7/inspva,/novatel/oem7/inspva,39.663,-75.756,-1.800317581,0.003161602,0.000365145,-0.003134154,-0.000415699,0.000365145,,novatel_oem7_msgs.msg.InertialSolutionStatus(status=3),
1786043665488199455,1786043665.486793501,/novatel/oem7/fix,/novatel/oem7/fix,/novatel/oem7/inspva,39.663,-75.756,-1.800317581,0.003161602,0.000365145,-0.003134154,-0.000415699,0.000365145,,0,
1786043665489287076,1786043665.487191829,/novatel/oem7/odom,/novatel/oem7/fix,/novatel/oem7/odom,39.663,-75.756,-1.800317581,0.003162700,0.000355513,-0.000561846,-0.003112395,0.000355513,,,
1786043665495835140,1786043665.495144110,/novatel/oem7/odom,/novatel/oem7/fix,/novatel/oem7/odom,39.663,-75.756,-1.800317581,0.003162700,0.000355513,-0.000561846,-0.003112395,0.000355513,,,
1786043665506606450,1786043665.506294300,/novatel/oem7/inspva,/novatel/oem7/inspva,/novatel/oem7/inspva,39.663,-75.756,-1.800313968,0.003505818,-0.000103665,-0.003442996,-0.000660711,-0.000103665,,novatel_oem7_msgs.msg.InertialSolutionStatus(status=3),
1786043665507584837,1786043665.506483269,/novatel/oem7/fix,/novatel/oem7/fix,/novatel/oem7/inspva,39.663,-75.756,-1.800313968,0.003505818,-0.000103665,-0.003442996,-0.000660711,-0.000103665,,0,
1786043665508074128,1786043665.507030464,/novatel/oem7/odom,/novatel/oem7/fix,/novatel/oem7/odom,39.663,-75.756,-1.800313968,0.003505466,-0.000114967,-0.000819148,-0.003408414,-0.000114967,,,
1786043665512981174,1786043665.512577625,/novatel/oem7/bestpos,/novatel/oem7/bestpos,/novatel/oem7/odom,39.663,-75.756,33.182168650,0.003505466,-0.000114967,-0.000819148,-0.003408414,-0.000114967,,novatel_oem7_msgs.msg.SolutionStatus(status=0),novatel_oem7_msgs.msg.PositionOrVelocityType(type=53)
1786043665513650681,1786043665.512854975,/novatel/oem7/bestvel,/novatel/oem7/bestpos,/novatel/oem7/bestvel,39.663,-75.756,33.182168650,0.004177566,0.000681411,,,,206.025157143,novatel_oem7_msgs.msg.SolutionStatus(status=0),novatel_oem7_msgs.msg.PositionOrVelocityType(type=53)
1786043665516005859,1786043665.515625495,/novatel/oem7/odom,/novatel/oem7/bestpos,/novatel/oem7/odom,39.663,-75.756,33.182168650,0.003505466,-0.000114967,-0.000819148,-0.003408414,-0.000114967,,,
1786043665525838343,1786043665.525443516,/novatel/oem7/inspva,/novatel/oem7/inspva,/novatel/oem7/inspva,39.663,-75.756,-1.800303256,0.002290649,0.001559686,-0.002290351,0.000036913,0.001559686,,novatel_oem7_msgs.msg.InertialSolutionStatus(status=3),
1786043665527312374,1786043665.525592910,/novatel/oem7/fix,/novatel/oem7/fix,/novatel/oem7/inspva,39.663,-75.756,-1.800303256,0.002290649,0.001559686,-0.002290351,0.000036913,0.001559686,,0,
1786043665527834044,1786043665.526412601,/novatel/oem7/odom,/novatel/oem7/fix,/novatel/oem7/odom,39.663,-75.756,-1.800303256,0.002294659,0.001553780,-0.000074998,-0.002293433,0.001553780,,,
1786043665535774021,1786043665.535103484,/novatel/oem7/odom,/novatel/oem7/fix,/novatel/oem7/odom,39.663,-75.756,-1.800303256,0.002294659,0.001553780,-0.000074998,-0.002293433,0.001553780,,,
1786043665547635201,1786043665.546853797,/novatel/oem7/inspva,/novatel/oem7/inspva,/novatel/oem7/inspva,39.663,-75.756,-1.800307606,0.002444199,0.000924171,-0.002363263,-0.000623776,0.000924171,,novatel_oem7_msgs.msg.InertialSolutionStatus(status=3),
1786043665549221656,1786043665.547068232,/novatel/oem7/fix,/novatel/oem7/fix,/novatel/oem7/inspva,39.663,-75.756,-1.800307606,0.002444199,0.000924171,-0.002363263,-0.000623776,0.000924171,,0,
1786043665550492333,1786043665.547355338,/novatel/oem7/odom,/novatel/oem7/fix,/novatel/oem7/odom,39.663,-75.756,-1.800307606,0.002447378,0.000915718,-0.000736059,-0.002334068,0.000915718,,,
1786043665557058647,1786043665.556120044,/novatel/oem7/odom,/novatel/oem7/fix,/novatel/oem7/odom,39.663,-75.756,-1.800307606,0.002447378,0.000915718,-0.000736059,-0.002334068,0.000915718,,,
1786043665566070132,1786043665.565293768,/novatel/oem7/inspva,/novatel/oem7/inspva,/novatel/oem7/inspva,39.663,-75.756,-1.800312745,0.002614499,-0.000633261,-0.002210543,-0.001396103,-0.000633261,,novatel_oem7_msgs.msg.InertialSolutionStatus(status=3),
1786043665567777459,1786043665.565498527,/novatel/oem7/fix,/novatel/oem7/fix,/novatel/oem7/inspva,39.663,-75.756,-1.800312745,0.002614499,-0.000633261,-0.002210543,-0.001396103,-0.000633261,,0,
1786043665568997331,1786043665.566119793,/novatel/oem7/odom,/novatel/oem7/fix,/novatel/oem7/odom,39.663,-75.756,-1.800312745,0.002611881,-0.000643975,-0.001494706,-0.002141909,-0.000643975,,,
1786043665576244259,1786043665.575447719,/novatel/oem7/odom,/novatel/oem7/fix,/novatel/oem7/odom,39.663,-75.756,-1.800312745,0.002611881,-0.000643975,-0.001494706,-0.002141909,-0.000643975,,,
1786043665585832924,1786043665.585010770,/novatel/oem7/inspva,/novatel/oem7/inspva,/novatel/oem7/inspva,39.663,-75.756,-1.800307380,0.003213951,-0.000647434,-0.003213902,0.000017715,-0.000647434,,novatel_oem7_msgs.msg.InertialSolutionStatus(status=3),
1786043665587473253,1786043665.585104230,/novatel/oem7/fix,/novatel/oem7/fix,/novatel/oem7/inspva,39.663,-75.756,-1.800307380,0.003213951,-0.000647434,-0.003213902,0.000017715,-0.000647434,,0,
1786043665589623104,1786043665.585616595,/novatel/oem7/odom,/novatel/oem7/fix,/novatel/oem7/odom,39.663,-75.756,-1.800307380,0.003212258,-0.000655783,-0.000128845,-0.003209673,-0.000655783,,,
1786043665595248234,1786043665.594399328,/novatel/oem7/odom,/novatel/oem7/fix,/novatel/oem7/odom,39.663,-75.756,-1.800307380,0.003212258,-0.000655783,-0.000128845,-0.003209673,-0.000655783,,,
1786043665607191491,1786043665.606469814,/novatel/oem7/inspva,/novatel/oem7/inspva,/novatel/oem7/inspva,39.663,-75.756,-1.800282636,0.002731823,0.002206849,-0.002731682,0.000027693,0.002206849,,novatel_oem7_msgs.msg.InertialSolutionStatus(status=3),
1786043665608800423,1786043665.606565083,/novatel/oem7/fix,/novatel/oem7/fix,/novatel/oem7/inspva,39.663,-75.756,-1.800282636,0.002731823,0.002206849,-0.002731682,0.000027693,0.002206849,,0,
1786043665609975219,1786043665.607265688,/novatel/oem7/odom,/novatel/oem7/fix,/novatel/oem7/odom,39.663,-75.756,-1.800282636,0.002737575,0.002199709,-0.000107083,-0.002735480,0.002199709,,,
1786043665611791700,1786043665.610191301,/novatel/oem7/bestpos,/novatel/oem7/bestpos,/novatel/oem7/odom,39.663,-75.756,33.182171914,0.002737575,0.002199709,-0.000107083,-0.002735480,0.002199709,,novatel_oem7_msgs.msg.SolutionStatus(status=0),novatel_oem7_msgs.msg.PositionOrVelocityType(type=53)
1786043665612957101,1786043665.610624918,/novatel/oem7/bestvel,/novatel/oem7/bestpos,/novatel/oem7/bestvel,39.663,-75.756,33.182171914,0.002326303,0.001301836,,,,153.250367525,novatel_oem7_msgs.msg.SolutionStatus(status=0),novatel_oem7_msgs.msg.PositionOrVelocityType(type=53)
1786043665615793369,1786043665.614928377,/novatel/oem7/odom,/novatel/oem7/bestpos,/novatel/oem7/odom,39.663,-75.756,33.182171914,0.002737575,0.002199709,-0.000107083,-0.002735480,0.002199709,,,
1786043665625788764,1786043665.624948942,/novatel/oem7/inspva,/novatel/oem7/inspva,/novatel/oem7/inspva,39.663,-75.756,-1.800281310,0.002314268,0.002199786,-0.002234147,-0.000603675,0.002199786,,novatel_oem7_msgs.msg.InertialSolutionStatus(status=3),
1786043665627453221,1786043665.625042780,/novatel/oem7/fix,/novatel/oem7/fix,/novatel/oem7/inspva,39.663,-75.756,-1.800281310,0.002314268,0.002199786,-0.002234147,-0.000603675,0.002199786,,0,
1786043665628645139,1786043665.625550008,/novatel/oem7/odom,/novatel/oem7/fix,/novatel/oem7/odom,39.663,-75.756,-1.800281310,0.002321922,0.002191706,-0.000714683,-0.002209196,0.002191706,,,
1786043665636267364,1786043665.635460036,/novatel/oem7/odom,/novatel/oem7/fix,/novatel/oem7/odom,39.663,-75.756,-1.800281310,0.002321922,0.002191706,-0.000714683,-0.002209196,0.002191706,,,
1786043665646034790,1786043665.645332050,/novatel/oem7/inspva,/novatel/oem7/inspva,/novatel/oem7/inspva,39.663,-75.756,-1.800290138,0.001919700,-0.000784710,-0.001682449,-0.000924452,-0.000784710,,novatel_oem7_msgs.msg.InertialSolutionStatus(status=3),
1786043665647766881,1786043665.645444454,/novatel/oem7/fix,/novatel/oem7/fix,/novatel/oem7/inspva,39.663,-75.756,-1.800290138,0.001919700,-0.000784710,-0.001682449,-0.000924452,-0.000784710,,0,
1786043665648950169,1786043665.646224586,/novatel/oem7/odom,/novatel/oem7/fix,/novatel/oem7/odom,39.663,-75.756,-1.800290138,0.001916543,-0.000792390,-0.000998533,-0.001635869,-0.000792390,,,
1786043665657475957,1786043665.656585308,/novatel/oem7/odom,/novatel/oem7/fix,/novatel/oem7/odom,39.663,-75.756,-1.800290138,0.001916543,-0.000792390,-0.000998533,-0.001635869,-0.000792390,,,
1786043665667104971,1786043665.666321787,/novatel/oem7/inspva,/novatel/oem7/inspva,/novatel/oem7/inspva,39.663,-75.756,-1.800276802,0.002619898,-0.000787020,-0.002532051,-0.000672743,-0.000787020,,novatel_oem7_msgs.msg.InertialSolutionStatus(status=3),
1786043665668699043,1786043665.666506269,/novatel/oem7/fix,/novatel/oem7/fix,/novatel/oem7/inspva,39.663,-75.756,-1.800276802,0.002619898,-0.000787020,-0.002532051,-0.000672743,-0.000787020,,0,
1786043665669852219,1786043665.666941440,/novatel/oem7/odom,/novatel/oem7/fix,/novatel/oem7/odom,39.663,-75.756,-1.800276802,0.002617170,-0.000796046,-0.000786454,-0.002496211,-0.000796046,,,
1786043665675623502,1786043665.674848109,/novatel/oem7/odom,/novatel/oem7/fix,/novatel/oem7/odom,39.663,-75.756,-1.800276802,0.002617170,-0.000796046,-0.000786454,-0.002496211,-0.000796046,,,
1786043665686147572,1786043665.685396532,/novatel/oem7/inspva,/novatel/oem7/inspva,/novatel/oem7/inspva,39.663,-75.756,-1.800249964,0.003256489,0.001909286,-0.003036829,0.001175751,0.001909286,,novatel_oem7_msgs.msg.InertialSolutionStatus(status=3),
1786043665687768028,1786043665.685557883,/novatel/oem7/fix,/novatel/oem7/fix,/novatel/oem7/inspva,39.663,-75.756,-1.800249964,0.003256489,0.001909286,-0.003036829,0.001175751,0.001909286,,0,
1786043665688887346,1786043665.686176116,/novatel/oem7/odom,/novatel/oem7/fix,/novatel/oem7/odom,39.663,-75.756,-1.800249964,0.003258773,0.001905384,0.001026733,-0.003092802,0.001905384,,,
1786043665696355956,1786043665.695572384,/novatel/oem7/odom,/novatel/oem7/fix,/novatel/oem7/odom,39.663,-75.756,-1.800249964,0.003258773,0.001905384,0.001026733,-0.003092802,0.001905384,,,
1786043665706750088,1786043665.706027645,/novatel/oem7/inspva,/novatel/oem7/inspva,/novatel/oem7/inspva,39.663,-75.756,-1.800246435,0.002850903,0.001944144,-0.002820662,-0.000414142,0.001944144,,novatel_oem7_msgs.msg.InertialSolutionStatus(status=3),
1786043665708183832,1786043665.706168856,/novatel/oem7/fix,/novatel/oem7/fix,/novatel/oem7/inspva,39.663,-75.756,-1.800246435,0.002850903,0.001944144,-0.002820662,-0.000414142,0.001944144,,0,
1786043665709329124,1786043665.706591851,/novatel/oem7/odom,/novatel/oem7/fix,/novatel/oem7/odom,39.663,-75.756,-1.800246435,0.002857001,0.001935172,-0.000551621,-0.002803242,0.001935172,,,
1786043665711047298,1786043665.709632647,/novatel/oem7/bestpos,/novatel/oem7/bestpos,/novatel/oem7/odom,39.663,-75.756,33.182209798,0.002857001,0.001935172,-0.000551621,-0.002803242,0.001935172,,novatel_oem7_msgs.msg.SolutionStatus(status=0),novatel_oem7_msgs.msg.PositionOrVelocityType(type=53)
1786043665712541352,1786043665.710409211,/novatel/oem7/bestvel,/novatel/oem7/bestpos,/novatel/oem7/bestvel,39.663,-75.756,33.182209798,0.002989465,0.001564725,,,,170.976017383,novatel_oem7_msgs.msg.SolutionStatus(status=0),novatel_oem7_msgs.msg.PositionOrVelocityType(type=53)
1786043665715309413,1786043665.714530482,/novatel/oem7/odom,/novatel/oem7/bestpos,/novatel/oem7/odom,39.663,-75.756,33.182209798,0.002857001,0.001935172,-0.000551621,-0.002803242,0.001935172,,,
1786043665727371851,1786043665.726619584,/novatel/oem7/inspva,/novatel/oem7/inspva,/novatel/oem7/inspva,39.663,-75.756,-1.800253933,0.001902233,-0.000154831,-0.000893366,-0.001679401,-0.000154831,,novatel_oem7_msgs.msg.InertialSolutionStatus(status=3),
1786043665728930904,1786043665.726762762,/novatel/oem7/fix,/novatel/oem7/fix,/novatel/oem7/inspva,39.663,-75.756,-1.800253933,0.001902233,-0.000154831,-0.000893366,-0.001679401,-0.000154831,,0,
1786043665730077495,1786043665.727164708,/novatel/oem7/odom,/novatel/oem7/fix,/novatel/oem7/odom,39.663,-75.756,-1.800253933,0.001901537,-0.000163151,-0.001718419,-0.000814176,-0.000163151,,,
1786043665735919063,1786043665.735130942,/novatel/oem7/odom,/novatel/oem7/fix,/novatel/oem7/odom,39.663,-75.756,-1.800253933,0.001901537,-0.000163151,-0.001718419,-0.000814176,-0.000163151,,,
1786043665745866077,1786043665.745105280,/novatel/oem7/inspva,/novatel/oem7/inspva,/novatel/oem7/inspva,39.663,-75.756,-1.800244882,0.002229585,-0.001033659,-0.001961253,-0.001060442,-0.001033659,,novatel_oem7_msgs.msg.InertialSolutionStatus(status=3),
1786043665747367572,1786043665.745301288,/novatel/oem7/fix,/novatel/oem7/fix,/novatel/oem7/inspva,39.663,-75.756,-1.800244882,0.002229585,-0.001033659,-0.001961253,-0.001060442,-0.001033659,,0,
1786043665748557007,1786043665.745778370,/novatel/oem7/odom,/novatel/oem7/fix,/novatel/oem7/odom,39.663,-75.756,-1.800244882,0.002225425,-0.001042586,-0.001146388,-0.001907436,-0.001042586,,,
1786043665756716384,1786043665.755869142,/novatel/oem7/odom,/novatel/oem7/fix,/novatel/oem7/odom,39.663,-75.756,-1.800244882,0.002225425,-0.001042586,-0.001146388,-0.001907436,-0.001042586,,,
1786043665766128007,1786043665.765412053,/novatel/oem7/inspva,/novatel/oem7/inspva,/novatel/oem7/inspva,39.663,-75.756,-1.800227713,0.003322930,0.001055118,-0.003322641,0.000043796,0.001055118,,novatel_oem7_msgs.msg.InertialSolutionStatus(status=3),
1786043665767697323,1786043665.765593562,/novatel/oem7/fix,/novatel/oem7/fix,/novatel/oem7/inspva,39.663,-75.756,-1.800227713,0.003322930,0.001055118,-0.003322641,0.000043796,0.001055118,,0,
1786043665768799173,1786043665.766208451,/novatel/oem7/odom,/novatel/oem7/fix,/novatel/oem7/odom,39.663,-75.756,-1.800227713,0.003325675,0.001046433,-0.000114132,-0.003323716,0.001046433,,,
1786043665776450892,1786043665.774719522,/novatel/oem7/odom,/novatel/oem7/fix,/novatel/oem7/odom,39.663,-75.756,-1.800227713,0.003325675,0.001046433,-0.000114132,-0.003323716,0.001046433,,,
1786043665786554628,1786043665.786041488,/novatel/oem7/inspva,/novatel/oem7/inspva,/novatel/oem7/inspva,39.663,-75.756,-1.800217695,0.003662012,0.001769560,-0.003441317,0.001252066,0.001769560,,novatel_oem7_msgs.msg.InertialSolutionStatus(status=3),
1786043665788020449,1786043665.786123319,/novatel/oem7/fix,/novatel/oem7/fix,/novatel/oem7/inspva,39.663,-75.756,-1.800217695,0.003662012,0.001769560,-0.003441317,0.001252066,0.001769560,,0,
1786043665789170020,1786043665.786614855,/novatel/oem7/odom,/novatel/oem7/fix,/novatel/oem7/odom,39.663,-75.756,-1.800217695,0.003664333,0.001764749,0.001084756,-0.003500091,0.001764749,,,
1786043665795460896,1786043665.794721885,/novatel/oem7/odom,/novatel/oem7/fix,/novatel/oem7/odom,39.663,-75.756,-1.800217695,0.003664333,0.001764749,0.001084756,-0.003500091,0.001764749,,,
1786043665807213332,1786043665.806548245,/novatel/oem7/inspva,/novatel/oem7/inspva,/novatel/oem7/inspva,39.663,-75.756,-1.800206398,0.001844494,0.001452731,-0.001233861,-0.001371037,0.001452731,,novatel_oem7_msgs.msg.InertialSolutionStatus(status=3),
1786043665808738600,1786043665.806626402,/novatel/oem7/fix,/novatel/oem7/fix,/novatel/oem7/inspva,39.663,-75.756,-1.800206398,0.001844494,0.001452731,-0.001233861,-0.001371037,0.001452731,,0,
1786043665810230225,1786043665.807214452,/novatel/oem7/odom,/novatel/oem7/fix,/novatel/oem7/odom,39.663,-75.756,-1.800206398,0.001850952,0.001444493,-0.001432152,-0.001172589,0.001444493,,,
1786043665811964292,1786043665.810236732,/novatel/oem7/bestpos,/novatel/oem7/bestpos,/novatel/oem7/odom,39.663,-75.756,33.182246327,0.001850952,0.001444493,-0.001432152,-0.001172589,0.001444493,,novatel_oem7_msgs.msg.SolutionStatus(status=0),novatel_oem7_msgs.msg.PositionOrVelocityType(type=53)
1786043665812949472,1786043665.810504481,/novatel/oem7/bestvel,/novatel/oem7/bestpos,/novatel/oem7/bestvel,39.663,-75.756,33.182246327,0.002128062,0.000646420,,,,153.610361785,novatel_oem7_msgs.msg.SolutionStatus(status=0),novatel_oem7_msgs.msg.PositionOrVelocityType(type=53)
1786043665816312142,1786043665.815548008,/novatel/oem7/odom,/novatel/oem7/bestpos,/novatel/oem7/odom,39.663,-75.756,33.182246327,0.001850952,0.001444493,-0.001432152,-0.001172589,0.001444493,,,
1786043665825869312,1786043665.825068144,/novatel/oem7/inspva,/novatel/oem7/inspva,/novatel/oem7/inspva,39.663,-75.756,-1.800201434,0.002436831,-0.000369525,-0.001651619,-0.001791730,-0.000369525,,novatel_oem7_msgs.msg.InertialSolutionStatus(status=3),
1786043665827345940,1786043665.825213496,/novatel/oem7/fix,/novatel/oem7/fix,/novatel/oem7/inspva,39.663,-75.756,-1.800201434,0.002436831,-0.000369525,-0.001651619,-0.001791730,-0.000369525,,0,
1786043665828518965,1786043665.825660470,/novatel/oem7/odom,/novatel/oem7/fix,/novatel/oem7/odom,39.663,-75.756,-1.800201434,0.002435182,-0.000380242,-0.001864957,-0.001565900,-0.000380242,,,
1786043665835207128,1786043665.834445620,/novatel/oem7/odom,/novatel/oem7/fix,/novatel/oem7/odom,39.663,-75.756,-1.800201434,0.002435182,-0.000380242,-0.001864957,-0.001565900,-0.000380242,,,
1786043665847408744,1786043665.846706084,/novatel/oem7/inspva,/novatel/oem7/inspva,/novatel/oem7/inspva,39.663,-75.756,-1.800183800,0.003881667,0.000544506,-0.003858753,0.000421146,0.000544506,,novatel_oem7_msgs.msg.InertialSolutionStatus(status=3),
1786043665848937319,1786043665.846855189,/novatel/oem7/fix,/novatel/oem7/fix,/novatel/oem7/inspva,39.663,-75.756,-1.800183800,0.003881667,0.000544506,-0.003858753,0.000421146,0.000544506,,0,
1786043665850081551,1786043665.847353321,/novatel/oem7/odom,/novatel/oem7/fix,/novatel/oem7/odom,39.663,-75.756,-1.800183800,0.003882881,0.000535780,0.000239923,-0.003875461,0.000535780,,,
1786043665857273321,1786043665.856470338,/novatel/oem7/odom,/novatel/oem7/fix,/novatel/oem7/odom,39.663,-75.756,-1.800183800,0.003882881,0.000535780,0.000239923,-0.003875461,0.000535780,,,
1786043665865837880,1786043665.865022481,/novatel/oem7/inspva,/novatel/oem7/inspva,/novatel/oem7/inspva,39.663,-75.756,-1.800157467,0.003715825,0.001923711,-0.003660612,0.000638183,0.001923711,,novatel_oem7_msgs.msg.InertialSolutionStatus(status=3),
1786043665867255453,1786043665.865161936,/novatel/oem7/fix,/novatel/oem7/fix,/novatel/oem7/inspva,39.663,-75.756,-1.800157467,0.003715825,0.001923711,-0.003660612,0.000638183,0.001923711,,0,
1786043665868382611,1786043665.865546050,/novatel/oem7/odom,/novatel/oem7/fix,/novatel/oem7/odom,39.663,-75.756,-1.800157467,0.003719725,0.001916159,0.000460676,-0.003691088,0.001916159,,,
1786043665876414614,1786043665.875444461,/novatel/oem7/odom,/novatel/oem7/fix,/novatel/oem7/odom,39.663,-75.756,-1.800157467,0.003719725,0.001916159,0.000460676,-0.003691088,0.001916159,,,
1786043665885986751,1786043665.885262727,/novatel/oem7/inspva,/novatel/oem7/inspva,/novatel/oem7/inspva,39.663,-75.756,-1.800132522,0.002374725,0.002272629,-0.002337864,-0.000416786,0.002272629,,novatel_oem7_msgs.msg.InertialSolutionStatus(status=3),
1786043665887570364,1786043665.885461269,/novatel/oem7/fix,/novatel/oem7/fix,/novatel/oem7/inspva,39.663,-75.756,-1.800132522,0.002374725,0.002272629,-0.002337864,-0.000416786,0.002272629,,0,
1786043665888677778,1786043665.886103059,/novatel/oem7/odom,/novatel/oem7/fix,/novatel/oem7/odom,39.663,-75.756,-1.800132522,0.002382125,0.002264872,-0.000533196,-0.002321685,0.002264872,,,
1786043665895853952,1786043665.895040434,/novatel/oem7/odom,/novatel/oem7/fix,/novatel/oem7/odom,39.663,-75.756,-1.800132522,0.002382125,0.002264872,-0.000533196,-0.002321685,0.002264872,,,
1786043665906659715,1786043665.905892814,/novatel/oem7/inspva,/novatel/oem7/inspva,/novatel/oem7/inspva,39.663,-75.756,-1.800116801,0.001858170,0.001473776,-0.001254540,-0.001370738,0.001473776,,novatel_oem7_msgs.msg.InertialSolutionStatus(status=3),
1786043665908190313,1786043665.906066099,/novatel/oem7/fix,/novatel/oem7/fix,/novatel/oem7/inspva,39.663,-75.756,-1.800116801,0.001858170,0.001473776,-0.001254540,-0.001370738,0.001473776,,0,
1786043665909539693,1786043665.906429676,/novatel/oem7/odom,/novatel/oem7/fix,/novatel/oem7/odom,39.663,-75.756,-1.800116801,0.001864704,0.001465500,-0.001432866,-0.001193322,0.001465500,,,
1786043665911261793,1786043665.909471713,/novatel/oem7/bestpos,/novatel/oem7/bestpos,/novatel/oem7/odom,39.663,-75.756,33.182347059,0.001864704,0.001465500,-0.001432866,-0.001193322,0.001465500,,novatel_oem7_msgs.msg.SolutionStatus(status=0),novatel_oem7_msgs.msg.PositionOrVelocityType(type=53)
1786043665912298214,1786043665.910092282,/novatel/oem7/bestvel,/novatel/oem7/bestpos,/novatel/oem7/bestvel,39.663,-75.756,33.182347059,0.001505539,0.001130768,,,,200.797420860,novatel_oem7_msgs.msg.SolutionStatus(status=0),novatel_oem7_msgs.msg.PositionOrVelocityType(type=53)
1786043665915404281,1786043665.914622312,/novatel/oem7/odom,/novatel/oem7/bestpos,/novatel/oem7/odom,39.663,-75.756,33.182347059,0.001864704,0.001465500,-0.001432866,-0.001193322,0.001465500,,,
1786043665926085606,1786043665.925353092,/novatel/oem7/inspva,/novatel/oem7/inspva,/novatel/oem7/inspva,39.663,-75.756,-1.800121182,0.003421143,-0.001259010,-0.003421098,0.000017557,-0.001259010,,novatel_oem7_msgs.msg.InertialSolutionStatus(status=3),
1786043665927621748,1786043665.925525658,/novatel/oem7/fix,/novatel/oem7/fix,/novatel/oem7/inspva,39.663,-75.756,-1.800121182,0.003421143,-0.001259010,-0.003421098,0.000017557,-0.001259010,,0,
1786043665928760929,1786043665.926078539,/novatel/oem7/odom,/novatel/oem7/fix,/novatel/oem7/odom,39.663,-75.756,-1.800121182,0.003417807,-0.001268039,-0.000136382,-0.003415085,-0.001268039,,,
1786043665936375568,1786043665.935617897,/novatel/oem7/odom,/novatel/oem7/fix,/novatel/oem7/odom,39.663,-75.756,-1.800121182,0.003417807,-0.001268039,-0.000136382,-0.003415085,-0.001268039,,,
1786043665946129201,1786043665.945370466,/novatel/oem7/inspva,/novatel/oem7/inspva,/novatel/oem7/inspva,39.663,-75.756,-1.800092765,0.003311605,0.000211576,-0.003309944,-0.000104875,0.000211576,,novatel_oem7_msgs.msg.InertialSolutionStatus(status=3),
1786043665947643519,1786043665.945526145,/novatel/oem7/fix,/novatel/oem7/fix,/novatel/oem7/inspva,39.663,-75.756,-1.800092765,0.003311605,0.000211576,-0.003309944,-0.000104875,0.000211576,,0,
1786043665948835474,1786043665.945966359,/novatel/oem7/odom,/novatel/oem7/fix,/novatel/oem7/odom,39.663,-75.756,-1.800092765,0.003312181,0.000202361,-0.000258980,-0.003302041,0.000202361,,,
1786043665956616664,1786043665.955769766,/novatel/oem7/odom,/novatel/oem7/fix,/novatel/oem7/odom,39.663,-75.756,-1.800092765,0.003312181,0.000202361,-0.000258980,-0.003302041,0.000202361,,,
1786043665967878765,1786043665.967132464,/novatel/oem7/inspva,/novatel/oem7/inspva,/novatel/oem7/inspva,39.663,-75.756,-1.800054903,0.002360405,0.003006139,-0.002312392,-0.000473664,0.003006139,,novatel_oem7_msgs.msg.InertialSolutionStatus(status=3),
1786043665969329215,1786043665.967300915,/novatel/oem7/fix,/novatel/oem7/fix,/novatel/oem7/inspva,39.663,-75.756,-1.800054903,0.002360405,0.003006139,-0.002312392,-0.000473664,0.003006139,,0,
1786043665970449740,1786043665.967738450,/novatel/oem7/odom,/novatel/oem7/fix,/novatel/oem7/odom,39.663,-75.756,-1.800054903,0.002370446,0.002998228,-0.000591637,-0.002295426,0.002998228,,,
1786043665976038792,1786043665.975250374,/novatel/oem7/odom,/novatel/oem7/fix,/novatel/oem7/odom,39.663,-75.756,-1.800054903,0.002370446,0.002998228,-0.000591637,-0.002295426,0.002998228,,,
1786043665985976293,1786043665.985233376,/novatel/oem7/inspva,/novatel/oem7/inspva,/novatel/oem7/inspva,39.663,-75.756,-1.800044695,0.001977140,0.001861557,-0.001966225,-0.000207465,0.001861557,,novatel_oem7_msgs.msg.InertialSolutionStatus(status=3),
1786043665987465098,1786043665.985373944,/novatel/oem7/fix,/novatel/oem7/fix,/novatel/oem7/inspva,39.663,-75.756,-1.800044695,0.001977140,0.001861557,-0.001966225,-0.000207465,0.001861557,,0,
1786043665988622542,1786043665.985779438,/novatel/oem7/odom,/novatel/oem7/fix,/novatel/oem7/odom,39.663,-75.756,-1.800044695,0.001982784,0.001855545,-0.000305324,-0.001959134,0.001855545,,,
1786043665996181867,1786043665.995386676,/novatel/oem7/odom,/novatel/oem7/fix,/novatel/oem7/odom,39.663,-75.756,-1.800044695,0.001982784,0.001855545,-0.000305324,-0.001959134,0.001855545,,,
1786043666010664033,1786043666.009930489,/novatel/oem7/inspva,/novatel/oem7/inspva,/novatel/oem7/inspva,39.663,-75.756,-1.800054307,0.002054942,-0.001236941,-0.001995132,-0.000492174,-0.001236941,,novatel_oem7_msgs.msg.InertialSolutionStatus(status=3),
1786043666012205888,1786043666.010068664,/novatel/oem7/fix,/novatel/oem7/fix,/novatel/oem7/inspva,39.663,-75.756,-1.800054307,0.002054942,-0.001236941,-0.001995132,-0.000492174,-0.001236941,,0,
1786043666013362083,1786043666.011582882,/novatel/oem7/odom,/novatel/oem7/fix,/novatel/oem7/odom,39.663,-75.756,-1.800054307,0.002050675,-0.001244002,-0.000579505,-0.001967090,-0.001244002,,,
1786043666017082383,1786043666.016245098,/novatel/oem7/odom,/novatel/oem7/fix,/novatel/oem7/odom,39.663,-75.756,-1.800054307,0.002050675,-0.001244002,-0.000579505,-0.001967090,-0.001244002,,,
1786043666025742135,1786043666.024991111,/novatel/oem7/bestpos,/novatel/oem7/bestpos,/novatel/oem7/odom,39.663,-75.756,33.182410020,0.002050675,-0.001244002,-0.000579505,-0.001967090,-0.001244002,,novatel_oem7_msgs.msg.SolutionStatus(status=0),novatel_oem7_msgs.msg.PositionOrVelocityType(type=53)
1786043666027380841,1786043666.026246756,/novatel/oem7/bestvel,/novatel/oem7/bestpos,/novatel/oem7/bestvel,39.663,-75.756,33.182410020,0.002212159,-0.001251130,,,,186.104354920,novatel_oem7_msgs.msg.SolutionStatus(status=0),novatel_oem7_msgs.msg.PositionOrVelocityType(type=53)
1786043666029144655,1786043666.027498599,/novatel/oem7/inspva,/novatel/oem7/inspva,/novatel/oem7/inspva,39.663,-75.756,-1.800033087,0.002615226,-0.000541086,-0.002435214,-0.000953488,-0.000541086,,novatel_oem7_msgs.msg.InertialSolutionStatus(status=3),
1786043666030011743,1786043666.027630350,/novatel/oem7/fix,/novatel/oem7/fix,/novatel/oem7/inspva,39.663,-75.756,-1.800033087,0.002615226,-0.000541086,-0.002435214,-0.000953488,-0.000541086,,0,
1786043666031113961,1786043666.028025644,/novatel/oem7/odom,/novatel/oem7/fix,/novatel/oem7/odom,39.663,-75.756,-1.800033087,0.002613156,-0.000550997,-0.001063310,-0.002387039,-0.000550997,,,
1786043666036225452,1786043666.035460511,/novatel/oem7/odom,/novatel/oem7/fix,/novatel/oem7/odom,39.663,-75.756,-1.800033087,0.002613156,-0.000550997,-0.001063310,-0.002387039,-0.000550997,,,
1786043666046115762,1786043666.045372959,/novatel/oem7/inspva,/novatel/oem7/inspva,/novatel/oem7/inspva,39.663,-75.756,-1.800002064,0.003500284,0.002809812,-0.003373656,0.000932971,0.002809812,,novatel_oem7_msgs.msg.InertialSolutionStatus(status=3),
1786043666047684218,1786043666.045552477,/novatel/oem7/fix,/novatel/oem7/fix,/novatel/oem7/inspva,39.663,-75.756,-1.800002064,0.003500284,0.002809812,-0.003373656,0.000932971,0.002809812,,0,
1786043666048865829,1786043666.046156102,/novatel/oem7/odom,/novatel/oem7/fix,/novatel/oem7/odom,39.663,-75.756,-1.800002064,0.003504867,0.002804094,0.000765123,-0.003420334,0.002804094,,,
1786043666057286076,1786043666.056493231,/novatel/oem7/odom,/novatel/oem7/fix,/novatel/oem7/odom,39.663,-75.756,-1.800002064,0.003504867,0.002804094,0.000765123,-0.003420334,0.002804094,,,
1786043666065936177,1786043666.065243467,/novatel/oem7/inspva,/novatel/oem7/inspva,/novatel/oem7/inspva,39.663,-75.756,-1.800011219,0.003142157,0.001982995,-0.003093588,-0.000550334,0.001982995,,novatel_oem7_msgs.msg.InertialSolutionStatus(status=3),
1786043666067418299,1786043666.065385869,/novatel/oem7/fix,/novatel/oem7/fix,/novatel/oem7/inspva,39.663,-75.756,-1.800011219,0.003142157,0.001982995,-0.003093588,-0.000550334,0.001982995,,0,
1786043666068528530,1786043666.065830093,/novatel/oem7/odom,/novatel/oem7/fix,/novatel/oem7/odom,39.663,-75.756,-1.800011219,0.003148611,0.001972731,-0.000700603,-0.003069675,0.001972731,,,
1786043666075369947,1786043666.074576229,/novatel/oem7/odom,/novatel/oem7/fix,/novatel/oem7/odom,39.663,-75.756,-1.800011219,0.003148611,0.001972731,-0.000700603,-0.003069675,0.001972731,,,
1786043666087559304,1786043666.086806133,/novatel/oem7/inspva,/novatel/oem7/inspva,/novatel/oem7/inspva,39.663,-75.756,-1.800031727,0.001522832,-0.000986750,-0.001432903,-0.000515565,-0.000986750,,novatel_oem7_msgs.msg.InertialSolutionStatus(status=3),
1786043666089078942,1786043666.086953061,/novatel/oem7/fix,/novatel/oem7/fix,/novatel/oem7/inspva,39.663,-75.756,-1.800031727,0.001522832,-0.000986750,-0.001432903,-0.000515565,-0.000986750,,0,
1786043666090238244,1786043666.087646521,/novatel/oem7/odom,/novatel/oem7/fix,/novatel/oem7/odom,39.663,-75.756,-1.800031727,0.001519147,-0.000992414,-0.000577753,-0.001404994,-0.000992414,,,
1786043666096374754,1786043666.095619267,/novatel/oem7/odom,/novatel/oem7/fix,/novatel/oem7/odom,39.663,-75.756,-1.800031727,0.001519147,-0.000992414,-0.000577753,-0.001404994,-0.000992414,,,
1786043666106886248,1786043666.105868385,/novatel/oem7/inspva,/novatel/oem7/inspva,/novatel/oem7/inspva,39.663,-75.756,-1.800028456,0.002137268,0.000356423,-0.002052362,-0.000596428,0.000356423,,novatel_oem7_msgs.msg.InertialSolutionStatus(status=3),
1786043666108291762,1786043666.106110453,/novatel/oem7/fix,/novatel/oem7/fix,/novatel/oem7/inspva,39.663,-75.756,-1.800028456,0.002137268,0.000356423,-0.002052362,-0.000596428,0.000356423,,0,
1786043666109474856,1786043666.106538681,/novatel/oem7/odom,/novatel/oem7/fix,/novatel/oem7/odom,39.663,-75.756,-1.800028456,0.001519139,-0.000992427,-0.000577737,-0.001404992,-0.000992427,,,
1786043666111225874,1786043666.109324575,/novatel/oem7/bestpos,/novatel/oem7/bestpos,/novatel/oem7/odom,39.663,-75.756,33.182405987,0.001519139,-0.000992427,-0.000577737,-0.001404992,-0.000992427,,novatel_oem7_msgs.msg.SolutionStatus(status=0),novatel_oem7_msgs.msg.PositionOrVelocityType(type=53)
1786043666112220267,1786043666.109974238,/novatel/oem7/bestvel,/novatel/oem7/bestpos,/novatel/oem7/bestvel,39.663,-75.756,33.182405987,0.002688689,0.000478393,,,,182.597009646,novatel_oem7_msgs.msg.SolutionStatus(status=0),novatel_oem7_msgs.msg.PositionOrVelocityType(type=53)
1786043666115220330,1786043666.114435142,/novatel/oem7/odom,/novatel/oem7/bestpos,/novatel/oem7/odom,39.663,-75.756,33.182405987,0.002138528,0.000348786,-0.000692233,-0.002023392,0.000348786,,,
1786043666126324909,1786043666.125600199,/novatel/oem7/inspva,/novatel/oem7/inspva,/novatel/oem7/inspva,39.663,-75.756,-1.800010672,0.004211213,0.001326884,-0.004209312,0.000126504,0.001326884,,novatel_oem7_msgs.msg.InertialSolutionStatus(status=3),
1786043666127860061,1786043666.125744397,/novatel/oem7/fix,/novatel/oem7/fix,/novatel/oem7/inspva,39.663,-75.756,-1.800010672,0.004211213,0.001326884,-0.004209312,0.000126504,0.001326884,,0,
1786043666129146917,1786043666.126559562,/novatel/oem7/odom,/novatel/oem7/fix,/novatel/oem7/odom,39.663,-75.756,-1.800010672,0.004214588,0.001316124,-0.000073635,-0.004213945,0.001316124,,,
1786043666136147119,1786043666.135340475,/novatel/oem7/odom,/novatel/oem7/fix,/novatel/oem7/odom,39.663,-75.756,-1.800010672,0.004214588,0.001316124,-0.000073635,-0.004213945,0.001316124,,,
1786043666145875905,1786043666.145105674,/novatel/oem7/inspva,/novatel/oem7/inspva,/novatel/oem7/inspva,39.663,-75.756,-1.800000366,0.003452557,0.002332843,-0.003430393,0.000390581,0.002332843,,novatel_oem7_msgs.msg.InertialSolutionStatus(status=3),
1786043666147264906,1786043666.145247426,/novatel/oem7/fix,/novatel/oem7/fix,/novatel/oem7/inspva,39.663,-75.756,-1.800000366,0.003452557,0.002332843,-0.003430393,0.000390581,0.002332843,,0,
1786043666148386140,1786043666.145570132,/novatel/oem7/odom,/novatel/oem7/fix,/novatel/oem7/odom,39.663,-75.756,-1.800000366,0.003457790,0.002325079,0.000222471,-0.003450626,0.002325079,,,
1786043666157018152,1786043666.156137983,/novatel/oem7/odom,/novatel/oem7/fix,/novatel/oem7/odom,39.663,-75.756,-1.800000366,0.003457790,0.002325079,0.000222471,-0.003450626,0.002325079,,,
1786043666166061021,1786043666.165349487,/novatel/oem7/inspva,/novatel/oem7/inspva,/novatel/oem7/inspva,39.663,-75.756,-1.800000211,0.002226189,0.000746711,-0.001878297,-0.001194955,0.000746711,,novatel_oem7_msgs.msg.InertialSolutionStatus(status=3),
1786043666167631106,1786043666.165509152,/novatel/oem7/fix,/novatel/oem7/fix,/novatel/oem7/inspva,39.663,-75.756,-1.800000211,0.002226189,0.000746711,-0.001878297,-0.001194955,0.000746711,,0,
1786043666168773431,1786043666.166082718,/novatel/oem7/odom,/novatel/oem7/fix,/novatel/oem7/odom,39.663,-75.756,-1.800000211,0.002229303,0.000737360,-0.001283532,-0.001822728,0.000737360,,,
1786043666175981862,1786043666.175167748,/novatel/oem7/odom,/novatel/oem7/fix,/novatel/oem7/odom,39.663,-75.756,-1.800000211,0.002229303,0.000737360,-0.001283532,-0.001822728,0.000737360,,,
1786043666186845906,1786043666.186078381,/novatel/oem7/inspva,/novatel/oem7/inspva,/novatel/oem7/inspva,39.663,-75.756,-1.799995850,0.001845450,0.000877050,-0.001577859,-0.000957103,0.000877050,,novatel_oem7_msgs.msg.InertialSolutionStatus(status=3),
1786043666188302717,1786043666.186219147,/novatel/oem7/fix,/novatel/oem7/fix,/novatel/oem7/inspva,39.663,-75.756,-1.799995850,0.001845450,0.000877050,-0.001577859,-0.000957103,0.000877050,,0,
1786043666189401164,1786043666.186709098,/novatel/oem7/odom,/novatel/oem7/fix,/novatel/oem7/odom,39.663,-75.756,-1.799995850,0.001849082,0.000869368,-0.001032465,-0.001533988,0.000869368,,,
1786043666195314942,1786043666.194542989,/novatel/oem7/odom,/novatel/oem7/fix,/novatel/oem7/odom,39.663,-75.756,-1.799995850,0.001849082,0.000869368,-0.001032465,-0.001533988,0.000869368,,,
1786043666208023954,1786043666.207206886,/novatel/oem7/inspva,/novatel/oem7/inspva,/novatel/oem7/inspva,39.663,-75.756,-1.799986347,0.004006640,0.000362323,-0.004006128,0.000064063,0.000362323,,novatel_oem7_msgs.msg.InertialSolutionStatus(status=3),
1786043666209453959,1786043666.207344405,/novatel/oem7/fix,/novatel/oem7/fix,/novatel/oem7/inspva,39.663,-75.756,-1.799986347,0.004006640,0.000362323,-0.004006128,0.000064063,0.000362323,,0,
1786043666210661851,1786043666.207712928,/novatel/oem7/odom,/novatel/oem7/fix,/novatel/oem7/odom,39.663,-75.756,-1.799986347,0.004007573,0.000351854,-0.000123071,-0.004005683,0.000351854,,,
1786043666212294753,1786043666.210305760,/novatel/oem7/bestpos,/novatel/oem7/bestpos,/novatel/oem7/odom,39.663,-75.756,33.182454647,0.004007573,0.000351854,-0.000123071,-0.004005683,0.000351854,,novatel_oem7_msgs.msg.SolutionStatus(status=0),novatel_oem7_msgs.msg.PositionOrVelocityType(type=53)
1786043666213264369,1786043666.210786995,/novatel/oem7/bestvel,/novatel/oem7/bestpos,/novatel/oem7/bestvel,39.663,-75.756,33.182454647,0.004370557,0.000742803,,,,183.591830524,novatel_oem7_msgs.msg.SolutionStatus(status=0),novatel_oem7_msgs.msg.PositionOrVelocityType(type=53)
1786043666216388804,1786043666.215591276,/novatel/oem7/odom,/novatel/oem7/bestpos,/novatel/oem7/odom,39.663,-75.756,33.182454647,0.004007573,0.000351854,-0.000123071,-0.004005683,0.000351854,,,
1786043666225712772,1786043666.224939941,/novatel/oem7/inspva,/novatel/oem7/inspva,/novatel/oem7/inspva,39.663,-75.756,-1.799974680,0.003133058,0.000885705,-0.003026415,-0.000810473,0.000885705,,novatel_oem7_msgs.msg.InertialSolutionStatus(status=3),
1786043666227233374,1786043666.225085613,/novatel/oem7/fix,/novatel/oem7/fix,/novatel/oem7/inspva,39.663,-75.756,-1.799974680,0.003133058,0.000885705,-0.003026415,-0.000810473,0.000885705,,0,
1786043666228354032,1786043666.225516644,/novatel/oem7/odom,/novatel/oem7/fix,/novatel/oem7/odom,39.663,-75.756,-1.799974680,0.003136144,0.000874713,-0.000953215,-0.002987772,0.000874713,,,
1786043666235208012,1786043666.234379114,/novatel/oem7/odom,/novatel/oem7/fix,/novatel/oem7/odom,39.663,-75.756,-1.799974680,0.003136144,0.000874713,-0.000953215,-0.002987772,0.000874713,,,
1786043666247311472,1786043666.246574541,/novatel/oem7/inspva,/novatel/oem7/inspva,/novatel/oem7/inspva,39.663,-75.756,-1.799966323,0.002140026,0.001730049,-0.001878589,-0.001024995,0.001730049,,novatel_oem7_msgs.msg.InertialSolutionStatus(status=3),
1786043666248846487,1786043666.246723429,/novatel/oem7/fix,/novatel/oem7/fix,/novatel/oem7/inspva,39.663,-75.756,-1.799966323,0.002140026,0.001730049,-0.001878589,-0.001024995,0.001730049,,0,
1786043666250088832,1786043666.247170210,/novatel/oem7/odom,/novatel/oem7/fix,/novatel/oem7/odom,39.663,-75.756,-1.799966323,0.002147089,0.001721275,-0.001117467,-0.001833374,0.001721275,,,
1786043666257346834,1786043666.256448232,/novatel/oem7/odom,/novatel/oem7/fix,/novatel/oem7/odom,39.663,-75.756,-1.799966323,0.002147089,0.001721275,-0.001117467,-0.001833374,0.001721275,,,
1786043666265867144,1786043666.265027426,/novatel/oem7/inspva,/novatel/oem7/inspva,/novatel/oem7/inspva,39.663,-75.756,-1.799972205,0.001958146,0.000796190,-0.001805450,-0.000758080,0.000796190,,novatel_oem7_msgs.msg.InertialSolutionStatus(status=3),
1786043666267381866,1786043666.265176008,/novatel/oem7/fix,/novatel/oem7/fix,/novatel/oem7/inspva,39.663,-75.756,-1.799972205,0.001958146,0.000796190,-0.001805450,-0.000758080,0.000796190,,0,
1786043666268626539,1786043666.265517314,/novatel/oem7/odom,/novatel/oem7/fix,/novatel/oem7/odom,39.663,-75.756,-1.799972205,0.001961209,0.000788616,-0.000843953,-0.001770334,0.000788616,,,
1786043666275528987,1786043666.274659234,/novatel/oem7/odom,/novatel/oem7/fix,/novatel/oem7/odom,39.663,-75.756,-1.799972205,0.001961209,0.000788616,-0.000843953,-0.001770334,0.000788616,,,
1786043666285876369,1786043666.285137141,/novatel/oem7/inspva,/novatel/oem7/inspva,/novatel/oem7/inspva,39.663,-75.756,-1.799973827,0.003339530,-0.000240952,-0.003029960,-0.001404210,-0.000240952,,novatel_oem7_msgs.msg.InertialSolutionStatus(status=3),
1786043666287409360,1786043666.285282983,/novatel/oem7/fix,/novatel/oem7/fix,/novatel/oem7/inspva,39.663,-75.756,-1.799973827,0.003339530,-0.000240952,-0.003029960,-0.001404210,-0.000240952,,0,
1786043666288569408,1786043666.285842847,/novatel/oem7/odom,/novatel/oem7/fix,/novatel/oem7/odom,39.663,-75.756,-1.799973827,0.003338556,-0.000254098,-0.001542228,-0.002960994,-0.000254098,,,
1786043666295924618,1786043666.295084642,/novatel/oem7/odom,/novatel/oem7/fix,/novatel/oem7/odom,39.663,-75.756,-1.799973827,0.003338556,-0.000254098,-0.001542228,-0.002960994,-0.000254098,,,
1786043666307027167,1786043666.306264616,/novatel/oem7/inspva,/novatel/oem7/inspva,/novatel/oem7/inspva,39.663,-75.756,-1.799967808,0.003516525,0.000218837,-0.003497350,-0.000366725,0.000218837,,novatel_oem7_msgs.msg.InertialSolutionStatus(status=3),
1786043666308519422,1786043666.306408754,/novatel/oem7/fix,/novatel/oem7/fix,/novatel/oem7/inspva,39.663,-75.756,-1.799967808,0.003516525,0.000218837,-0.003497350,-0.000366725,0.000218837,,0,
1786043666309686826,1786043666.306809405,/novatel/oem7/odom,/novatel/oem7/fix,/novatel/oem7/odom,39.663,-75.756,-1.799967808,0.003517170,0.000208206,-0.000529241,-0.003477124,0.000208206,,,
1786043666311463917,1786043666.309557408,/novatel/oem7/bestpos,/novatel/oem7/bestpos,/novatel/oem7/odom,39.663,-75.756,33.182483393,0.003517170,0.000208206,-0.000529241,-0.003477124,0.000208206,,novatel_oem7_msgs.msg.SolutionStatus(status=0),novatel_oem7_msgs.msg.PositionOrVelocityType(type=53)
1786043666312646826,1786043666.310385160,/novatel/oem7/bestvel,/novatel/oem7/bestpos,/novatel/oem7/bestvel,39.663,-75.756,33.182483393,0.004311500,0.001110306,,,,199.940777050,novatel_oem7_msgs.msg.SolutionStatus(status=0),novatel_oem7_msgs.msg.PositionOrVelocityType(type=53)
1786043666315200208,1786043666.314395465,/novatel/oem7/odom,/novatel/oem7/bestpos,/novatel/oem7/odom,39.663,-75.756,33.182483393,0.003517170,0.000208206,-0.000529241,-0.003477124,0.000208206,,,
1786043666325985457,1786043666.325190776,/novatel/oem7/inspva,/novatel/oem7/inspva,/novatel/oem7/inspva,39.663,-75.756,-1.799949328,0.003498619,0.002047114,-0.003337042,-0.001050948,0.002047114,,novatel_oem7_msgs.msg.InertialSolutionStatus(status=3),
1786043666327577323,1786043666.325337021,/novatel/oem7/fix,/novatel/oem7/fix,/novatel/oem7/inspva,39.663,-75.756,-1.799949328,0.003498619,0.002047114,-0.003337042,-0.001050948,0.002047114,,0,
1786043666328749344,1786043666.326000217,/novatel/oem7/odom,/novatel/oem7/fix,/novatel/oem7/odom,39.663,-75.756,-1.799949328,0.003506085,0.002034302,-0.001212177,-0.003289872,0.002034302,,,
1786043666336236385,1786043666.335437599,/novatel/oem7/odom,/novatel/oem7/fix,/novatel/oem7/odom,39.663,-75.756,-1.799949328,0.003506085,0.002034302,-0.001212177,-0.003289872,0.002034302,,,
1786043666345745112,1786043666.344941367,/novatel/oem7/inspva,/novatel/oem7/inspva,/novatel/oem7/inspva,39.663,-75.756,-1.799947939,0.003128084,0.001864027,-0.003054666,-0.000673740,0.001864027,,novatel_oem7_msgs.msg.InertialSolutionStatus(status=3),
1786043666347263353,1786043666.345082685,/novatel/oem7/fix,/novatel/oem7/fix,/novatel/oem7/inspva,39.663,-75.756,-1.799947939,0.003128084,0.001864027,-0.003054666,-0.000673740,0.001864027,,0,
1786043666348826789,1786043666.345549013,/novatel/oem7/odom,/novatel/oem7/fix,/novatel/oem7/odom,39.663,-75.756,-1.799947939,0.003134390,0.001853404,-0.000821511,-0.003024818,0.001853404,,,
1786043666356704747,1786043666.355754703,/novatel/oem7/odom,/novatel/oem7/fix,/novatel/oem7/odom,39.663,-75.756,-1.799947939,0.003134390,0.001853404,-0.000821511,-0.003024818,0.001853404,,,
1786043666367965841,1786043666.367160590,/novatel/oem7/inspva,/novatel/oem7/inspva,/novatel/oem7/inspva,39.663,-75.756,-1.799951196,0.003234244,-0.000288612,-0.002889691,-0.001452590,-0.000288612,,novatel_oem7_msgs.msg.InertialSolutionStatus(status=3),
1786043666369543386,1786043666.367341398,/novatel/oem7/fix,/novatel/oem7/fix,/novatel/oem7/inspva,39.663,-75.756,-1.799951196,0.003234244,-0.000288612,-0.002889691,-0.001452590,-0.000288612,,0,
1786043666370785752,1786043666.367788026,/novatel/oem7/odom,/novatel/oem7/fix,/novatel/oem7/odom,39.663,-75.756,-1.799951196,0.003233066,-0.000301524,-0.001583858,-0.002818530,-0.000301524,,,
1786043666375485348,1786043666.374634540,/novatel/oem7/odom,/novatel/oem7/fix,/novatel/oem7/odom,39.663,-75.756,-1.799951196,0.003233066,-0.000301524,-0.001583858,-0.002818530,-0.000301524,,,
1786043666385901974,1786043666.385065629,/novatel/oem7/inspva,/novatel/oem7/inspva,/novatel/oem7/inspva,39.663,-75.756,-1.799932269,0.003672452,0.000457963,-0.003536766,-0.000989035,0.000457963,,novatel_oem7_msgs.msg.InertialSolutionStatus(status=3),
1786043666387341622,1786043666.385216531,/novatel/oem7/fix,/novatel/oem7/fix,/novatel/oem7/inspva,39.663,-75.756,-1.799932269,0.003672452,0.000457963,-0.003536766,-0.000989035,0.000457963,,0,
1786043666388547947,1786043666.385551864,/novatel/oem7/odom,/novatel/oem7/fix,/novatel/oem7/odom,39.663,-75.756,-1.799932269,0.003674045,0.000445002,-0.001153543,-0.003488258,0.000445002,,,
1786043666395566370,1786043666.394745325,/novatel/oem7/odom,/novatel/oem7/fix,/novatel/oem7/odom,39.663,-75.756,-1.799932269,0.003674045,0.000445002,-0.001153543,-0.003488258,0.000445002,,,
1786043666407188624,1786043666.406474297,/novatel/oem7/inspva,/novatel/oem7/inspva,/novatel/oem7/inspva,39.663,-75.756,-1.799908753,0.004602512,0.001952849,-0.004568745,0.000556494,0.001952849,,novatel_oem7_msgs.msg.InertialSolutionStatus(status=3),
1786043666408709442,1786043666.406615075,/novatel/oem7/fix,/novatel/oem7/fix,/novatel/oem7/inspva,39.663,-75.756,-1.799908753,0.004602512,0.001952849,-0.004568745,0.000556494,0.001952849,,0,
1786043666410010695,1786043666.407033429,/novatel/oem7/odom,/novatel/oem7/fix,/novatel/oem7/odom,39.663,-75.756,-1.799908753,0.004606838,0.001942622,0.000336853,-0.004594506,0.001942622,,,
1786043666411835043,1786043666.410211150,/novatel/oem7/bestpos,/novatel/oem7/bestpos,/novatel/oem7/odom,39.663,-75.756,33.182527350,0.004606838,0.001942622,0.000336853,-0.004594506,0.001942622,,novatel_oem7_msgs.msg.SolutionStatus(status=0),novatel_oem7_msgs.msg.PositionOrVelocityType(type=53)
1786043666412850590,1786043666.410600994,/novatel/oem7/bestvel,/novatel/oem7/bestpos,/novatel/oem7/bestvel,39.663,-75.756,33.182527350,0.004159065,0.001520197,,,,168.360679553,novatel_oem7_msgs.msg.SolutionStatus(status=0),novatel_oem7_msgs.msg.PositionOrVelocityType(type=53)
1786043666415918586,1786043666.415083072,/novatel/oem7/odom,/novatel/oem7/bestpos,/novatel/oem7/odom,39.663,-75.756,33.182527350,0.004606838,0.001942622,0.000336853,-0.004594506,0.001942622,,,
1786043666426226612,1786043666.425414424,/novatel/oem7/inspva,/novatel/oem7/inspva,/novatel/oem7/inspva,39.663,-75.756,-1.799893638,0.003846233,0.002394371,-0.003800443,-0.000591725,0.002394371,,novatel_oem7_msgs.msg.InertialSolutionStatus(status=3),
1786043666427782317,1786043666.425620219,/novatel/oem7/fix,/novatel/oem7/fix,/novatel/oem7/inspva,39.663,-75.756,-1.799893638,0.003846233,0.002394371,-0.003800443,-0.000591725,0.002394371,,0,
1786043666428956252,1786043666.426079484,/novatel/oem7/odom,/novatel/oem7/fix,/novatel/oem7/odom,39.663,-75.756,-1.799893638,0.003853907,0.002381999,-0.000776265,-0.003774919,0.002381999,,,
1786043666435405845,1786043666.434580994,/novatel/oem7/odom,/novatel/oem7/fix,/novatel/oem7/odom,39.663,-75.756,-1.799893638,0.003853907,0.002381999,-0.000776265,-0.003774919,0.002381999,,,
1786043666446158214,1786043666.445411324,/novatel/oem7/inspva,/novatel/oem7/inspva,/novatel/oem7/inspva,39.663,-75.756,-1.799898475,0.003016160,-0.000181079,-0.002517895,-0.001660550,-0.000181079,,novatel_oem7_msgs.msg.InertialSolutionStatus(status=3),
1786043666447864891,1786043666.445610016,/novatel/oem7/fix,/novatel/oem7/fix,/novatel/oem7/inspva,39.663,-75.756,-1.799898475,0.003016160,-0.000181079,-0.002517895,-0.001660550,-0.000181079,,0,
1786043666449186051,1786043666.446382497,/novatel/oem7/odom,/novatel/oem7/fix,/novatel/oem7/odom,39.663,-75.756,-1.799898475,0.003015372,-0.000193756,-0.001774742,-0.002437778,-0.000193756,,,
1786043666457141259,1786043666.456353125,/novatel/oem7/odom,/novatel/oem7/fix,/novatel/oem7/odom,39.663,-75.756,-1.799898475,0.003015372,-0.000193756,-0.001774742,-0.002437778,-0.000193756,,,
1786043666465759041,1786043666.465129221,/novatel/oem7/inspva,/novatel/oem7/inspva,/novatel/oem7/inspva,39.663,-75.756,-1.799874731,0.003497814,0.000155770,-0.003417959,-0.000743140,0.000155770,,novatel_oem7_msgs.msg.InertialSolutionStatus(status=3),
1786043666467294336,1786043666.465300430,/novatel/oem7/fix,/novatel/oem7/fix,/novatel/oem7/inspva,39.663,-75.756,-1.799874731,0.003497814,0.000155770,-0.003417959,-0.000743140,0.000155770,,0,
1786043666468518615,1786043666.465821012,/novatel/oem7/odom,/novatel/oem7/fix,/novatel/oem7/odom,39.663,-75.756,-1.799874731,0.003498317,0.000144022,-0.000901334,-0.003380210,0.000144022,,,
1786043666475162970,1786043666.474402976,/novatel/oem7/odom,/novatel/oem7/fix,/novatel/oem7/odom,39.663,-75.756,-1.799874731,0.003498317,0.000144022,-0.000901334,-0.003380210,0.000144022,,,
1786043666487086821,1786043666.486499559,/novatel/oem7/inspva,/novatel/oem7/inspva,/novatel/oem7/inspva,39.663,-75.756,-1.799847102,0.004551835,0.001970500,-0.004551694,0.000035925,0.001970500,,novatel_oem7_msgs.msg.InertialSolutionStatus(status=3),
1786043666488558899,1786043666.486681051,/novatel/oem7/fix,/novatel/oem7/fix,/novatel/oem7/inspva,39.663,-75.756,-1.799847102,0.004551835,0.001970500,-0.004551694,0.000035925,0.001970500,,0,
1786043666489730067,1786043666.487128808,/novatel/oem7/odom,/novatel/oem7/fix,/novatel/oem7/odom,39.663,-75.756,-1.799847102,0.004557024,0.001958472,-0.000182466,-0.004553369,0.001958472,,,
1786043666495745820,1786043666.494990122,/novatel/oem7/odom,/novatel/oem7/fix,/novatel/oem7/odom,39.663,-75.756,-1.799847102,0.004557024,0.001958472,-0.000182466,-0.004553369,0.001958472,,,
1786043666506721775,1786043666.506056938,/novatel/oem7/inspva,/novatel/oem7/inspva,/novatel/oem7/inspva,39.663,-75.756,-1.799830772,0.004217235,0.002369110,-0.004184778,0.000522211,0.002369110,,novatel_oem7_msgs.msg.InertialSolutionStatus(status=3),
1786043666508230193,1786043666.506228313,/novatel/oem7/fix,/novatel/oem7/fix,/novatel/oem7/inspva,39.663,-75.756,-1.799830772,0.004217235,0.002369110,-0.004184778,0.000522211,0.002369110,,0,
1786043666509455668,1786043666.506654314,/novatel/oem7/odom,/novatel/oem7/fix,/novatel/oem7/odom,39.663,-75.756,-1.799830772,0.004222484,0.002359740,0.000318860,-0.004210428,0.002359740,,,
1786043666511829865,1786043666.511196519,/novatel/oem7/bestpos,/novatel/oem7/bestpos,/novatel/oem7/odom,39.663,-75.756,33.182607677,0.004222484,0.002359740,0.000318860,-0.004210428,0.002359740,,novatel_oem7_msgs.msg.SolutionStatus(status=0),novatel_oem7_msgs.msg.PositionOrVelocityType(type=53)
1786043666513391884,1786043666.511731960,/novatel/oem7/bestvel,/novatel/oem7/bestpos,/novatel/oem7/bestvel,39.663,-75.756,33.182607677,0.003176267,0.001813895,,,,172.164123708,novatel_oem7_msgs.msg.SolutionStatus(status=0),novatel_oem7_msgs.msg.PositionOrVelocityType(type=53)
1786043666516179741,1786043666.515452874,/novatel/oem7/odom,/novatel/oem7/bestpos,/novatel/oem7/odom,39.663,-75.756,33.182607677,0.004222484,0.002359740,0.000318860,-0.004210428,0.002359740,,,
1786043666525840226,1786043666.525243537,/novatel/oem7/inspva,/novatel/oem7/inspva,/novatel/oem7/inspva,39.663,-75.756,-1.799817293,0.002551900,0.001580343,-0.002208400,-0.001278736,0.001580343,,novatel_oem7_msgs.msg.InertialSolutionStatus(status=3),
1786043666527293684,1786043666.525415682,/novatel/oem7/fix,/novatel/oem7/fix,/novatel/oem7/inspva,39.663,-75.756,-1.799817293,0.002551900,0.001580343,-0.002208400,-0.001278736,0.001580343,,0,
1786043666528438915,1786043666.525941921,/novatel/oem7/odom,/novatel/oem7/fix,/novatel/oem7/odom,39.663,-75.756,-1.799817293,0.002558395,0.001569807,-0.001385644,-0.002150669,0.001569807,,,
1786043666535526002,1786043666.534784501,/novatel/oem7/odom,/novatel/oem7/fix,/novatel/oem7/odom,39.663,-75.756,-1.799817293,0.002558395,0.001569807,-0.001385644,-0.002150669,0.001569807,,,
1786043666546667129,1786043666.546045362,/novatel/oem7/inspva,/novatel/oem7/inspva,/novatel/oem7/inspva,39.663,-75.756,-1.799802027,0.003138478,0.000290099,-0.002900592,-0.001198588,0.000290099,,novatel_oem7_msgs.msg.InertialSolutionStatus(status=3),
1786043666548227284,1786043666.546223510,/novatel/oem7/fix,/novatel/oem7/fix,/novatel/oem7/inspva,39.663,-75.756,-1.799802027,0.003138478,0.000290099,-0.002900592,-0.001198588,0.000290099,,0,
1786043666549477916,1786043666.546701345,/novatel/oem7/odom,/novatel/oem7/fix,/novatel/oem7/odom,39.663,-75.756,-1.799802027,0.003139569,0.000278043,-0.001332782,-0.002842637,0.000278043,,,
1786043666556605666,1786043666.555822959,/novatel/oem7/odom,/novatel/oem7/fix,/novatel/oem7/odom,39.663,-75.756,-1.799802027,0.003139569,0.000278043,-0.001332782,-0.002842637,0.000278043,,,
1786043666565864191,1786043666.565273882,/novatel/oem7/inspva,/novatel/oem7/inspva,/novatel/oem7/inspva,39.663,-75.756,-1.799760173,0.004559649,0.002214952,-0.004555614,0.000191774,0.002214952,,novatel_oem7_msgs.msg.InertialSolutionStatus(status=3),
1786043666567381523,1786043666.565462394,/novatel/oem7/fix,/novatel/oem7/fix,/novatel/oem7/inspva,39.663,-75.756,-1.799760173,0.004559649,0.002214952,-0.004555614,0.000191774,0.002214952,,0,
1786043666568583738,1786043666.565808660,/novatel/oem7/odom,/novatel/oem7/fix,/novatel/oem7/odom,39.663,-75.756,-1.799760173,0.004565247,0.002203390,-0.000027767,-0.004565163,0.002203390,,,
1786043666576491292,1786043666.575736475,/novatel/oem7/odom,/novatel/oem7/fix,/novatel/oem7/odom,39.663,-75.756,-1.799760173,0.004565247,0.002203390,-0.000027767,-0.004565163,0.002203390,,,
1786043666585575075,1786043666.584977646,/novatel/oem7/inspva,/novatel/oem7/inspva,/novatel/oem7/inspva,39.663,-75.756,-1.799739569,0.004322296,0.002340633,-0.004318885,-0.000171673,0.002340633,,novatel_oem7_msgs.msg.InertialSolutionStatus(status=3),
1786043666587040826,1786043666.585147841,/novatel/oem7/fix,/novatel/oem7/fix,/novatel/oem7/inspva,39.663,-75.756,-1.799739569,0.004322296,0.002340633,-0.004318885,-0.000171673,0.002340633,,0,
1786043666588207871,1786043666.585626703,/novatel/oem7/odom,/novatel/oem7/fix,/novatel/oem7/odom,39.663,-75.756,-1.799739569,0.004328893,0.002328409,-0.000380400,-0.004312147,0.002328409,,,
1786043666595214043,1786043666.594497480,/novatel/oem7/odom,/novatel/oem7/fix,/novatel/oem7/odom,39.663,-75.756,-1.799739569,0.004328893,0.002328409,-0.000380400,-0.004312147,0.002328409,,,
1786043666607077654,1786043666.606489178,/novatel/oem7/inspva,/novatel/oem7/inspva,/novatel/oem7/inspva,39.663,-75.756,-1.799715287,0.002384598,0.002440898,-0.002064841,-0.001192786,0.002440898,,novatel_oem7_msgs.msg.InertialSolutionStatus(status=3),
1786043666608558188,1786043666.606658523,/novatel/oem7/fix,/novatel/oem7/fix,/novatel/oem7/inspva,39.663,-75.756,-1.799715287,0.002384598,0.002440898,-0.002064841,-0.001192786,0.002440898,,0,
1786043666609699270,1786043666.607084224,/novatel/oem7/odom,/novatel/oem7/fix,/novatel/oem7/odom,39.663,-75.756,-1.799715287,0.002394682,0.002431006,-0.001296345,-0.002013453,0.002431006,,,
1786043666611348262,1786043666.610190098,/novatel/oem7/bestpos,/novatel/oem7/bestpos,/novatel/oem7/odom,39.663,-75.756,33.182719533,0.002394682,0.002431006,-0.001296345,-0.002013453,0.002431006,,novatel_oem7_msgs.msg.SolutionStatus(status=0),novatel_oem7_msgs.msg.PositionOrVelocityType(type=53)
1786043666612755343,1786043666.610654739,/novatel/oem7/bestvel,/novatel/oem7/bestpos,/novatel/oem7/bestvel,39.663,-75.756,33.182719533,0.001871659,0.002032441,,,,206.790395179,novatel_oem7_msgs.msg.SolutionStatus(status=0),novatel_oem7_msgs.msg.PositionOrVelocityType(type=53)
1786043666615503590,1786043666.614732059,/novatel/oem7/odom,/novatel/oem7/bestpos,/novatel/oem7/odom,39.663,-75.756,33.182719533,0.002394682,0.002431006,-0.001296345,-0.002013453,0.002431006,,,
1786043666625784394,1786043666.625127002,/novatel/oem7/inspva,/novatel/oem7/inspva,/novatel/oem7/inspva,39.663,-75.756,-1.799700915,0.002630751,0.001188203,-0.002238223,-0.001382466,0.001188203,,novatel_oem7_msgs.msg.InertialSolutionStatus(status=3),
1786043666627264246,1786043666.625306477,/novatel/oem7/fix,/novatel/oem7/fix,/novatel/oem7/inspva,39.663,-75.756,-1.799700915,0.002630751,0.001188203,-0.002238223,-0.001382466,0.001188203,,0,
1786043666628483098,1786043666.625620300,/novatel/oem7/odom,/novatel/oem7/fix,/novatel/oem7/odom,39.663,-75.756,-1.799700915,0.002635703,0.001177178,-0.001489168,-0.002174697,0.001177178,,,
1786043666636315202,1786043666.635574058,/novatel/oem7/odom,/novatel/oem7/fix,/novatel/oem7/odom,39.663,-75.756,-1.799700915,0.002635703,0.001177178,-0.001489168,-0.002174697,0.001177178,,,
1786043666646020474,1786043666.645405388,/novatel/oem7/inspva,/novatel/oem7/inspva,/novatel/oem7/inspva,39.663,-75.756,-1.799680925,0.004314517,0.000432855,-0.004167550,-0.001116506,0.000432855,,novatel_oem7_msgs.msg.InertialSolutionStatus(status=3),
1786043666647484592,1786043666.645597727,/novatel/oem7/fix,/novatel/oem7/fix,/novatel/oem7/inspva,39.663,-75.756,-1.799680925,0.004314517,0.000432855,-0.004167550,-0.001116506,0.000432855,,0,
1786043666648636123,1786043666.646113859,/novatel/oem7/odom,/novatel/oem7/fix,/novatel/oem7/odom,39.663,-75.756,-1.799680925,0.004316010,0.000417701,-0.001310016,-0.004112396,0.000417701,,,
1786043666656699269,1786043666.655952075,/novatel/oem7/odom,/novatel/oem7/fix,/novatel/oem7/odom,39.663,-75.756,-1.799680925,0.004316010,0.000417701,-0.001310016,-0.004112396,0.000417701,,,
1786043666666706732,1786043666.666081942,/novatel/oem7/inspva,/novatel/oem7/inspva,/novatel/oem7/inspva,39.663,-75.756,-1.799661288,0.003980845,0.001473856,-0.003979930,-0.000085353,0.001473856,,novatel_oem7_msgs.msg.InertialSolutionStatus(status=3),
1786043666668458469,1786043666.666258053,/novatel/oem7/fix,/novatel/oem7/fix,/novatel/oem7/inspva,39.663,-75.756,-1.799661288,0.003980845,0.001473856,-0.003979930,-0.000085353,0.001473856,,0,
1786043666669819512,1786043666.666707258,/novatel/oem7/odom,/novatel/oem7/fix,/novatel/oem7/odom,39.663,-75.756,-1.799661288,0.003984889,0.001462888,-0.000275182,-0.003975376,0.001462888,,,
1786043666675325716,1786043666.674571109,/novatel/oem7/odom,/novatel/oem7/fix,/novatel/oem7/odom,39.663,-75.756,-1.799661288,0.003984889,0.001462888,-0.000275182,-0.003975376,0.001462888,,,
1786043666685892671,1786043666.685249214,/novatel/oem7/inspva,/novatel/oem7/inspva,/novatel/oem7/inspva,39.663,-75.756,-1.799632824,0.002646484,0.002831429,-0.002556620,-0.000683790,0.002831429,,novatel_oem7_msgs.msg.InertialSolutionStatus(status=3),
1786043666687326345,1786043666.685465943,/novatel/oem7/fix,/novatel/oem7/fix,/novatel/oem7/inspva,39.663,-75.756,-1.799632824,0.002646484,0.002831429,-0.002556620,-0.000683790,0.002831429,,0,
1786043666688496319,1786043666.686122129,/novatel/oem7/odom,/novatel/oem7/fix,/novatel/oem7/odom,39.663,-75.756,-1.799632824,0.002656473,0.002822059,-0.000812179,-0.002529271,0.002822059,,,
1786043666696151145,1786043666.695463225,/novatel/oem7/odom,/novatel/oem7/fix,/novatel/oem7/odom,39.663,-75.756,-1.799632824,0.002656473,0.002822059,-0.000812179,-0.002529271,0.002822059,,,
1786043666706906364,1786043666.706270521,/novatel/oem7/inspva,/novatel/oem7/inspva,/novatel/oem7/inspva,39.663,-75.756,-1.799617671,0.002547909,0.001720033,-0.002416997,-0.000806205,0.001720033,,novatel_oem7_msgs.msg.InertialSolutionStatus(status=3),
1786043666708364968,1786043666.706446456,/novatel/oem7/fix,/novatel/oem7/fix,/novatel/oem7/inspva,39.663,-75.756,-1.799617671,0.002547909,0.001720033,-0.002416997,-0.000806205,0.001720033,,0,
1786043666709511419,1786043666.706797087,/novatel/oem7/odom,/novatel/oem7/fix,/novatel/oem7/odom,39.663,-75.756,-1.799617671,0.002554215,0.001710656,-0.000923810,-0.002381300,0.001710656,,,
1786043666711155400,1786043666.709546870,/novatel/oem7/bestpos,/novatel/oem7/bestpos,/novatel/oem7/odom,39.663,-75.756,33.182827635,0.002554215,0.001710656,-0.000923810,-0.002381300,0.001710656,,novatel_oem7_msgs.msg.SolutionStatus(status=0),novatel_oem7_msgs.msg.PositionOrVelocityType(type=53)
1786043666712180866,1786043666.710343081,/novatel/oem7/bestvel,/novatel/oem7/bestpos,/novatel/oem7/bestvel,39.663,-75.756,33.182827635,0.002857732,0.001274816,,,,169.898825611,novatel_oem7_msgs.msg.SolutionStatus(status=0),novatel_oem7_msgs.msg.PositionOrVelocityType(type=53)
1786043666715363407,1786043666.714657645,/novatel/oem7/odom,/novatel/oem7/bestpos,/novatel/oem7/odom,39.663,-75.756,33.182827635,0.002554215,0.001710656,-0.000923810,-0.002381300,0.001710656,,,
1786043666727169484,1786043666.726555198,/novatel/oem7/inspva,/novatel/oem7/inspva,/novatel/oem7/inspva,39.663,-75.756,-1.799606096,0.003228869,0.000136902,-0.003130611,-0.000790488,0.000136902,,novatel_oem7_msgs.msg.InertialSolutionStatus(status=3),
1786043666728817094,1786043666.726793870,/novatel/oem7/fix,/novatel/oem7/fix,/novatel/oem7/inspva,39.663,-75.756,-1.799606096,0.003228869,0.000136902,-0.003130611,-0.000790488,0.000136902,,0,
1786043666729978361,1786043666.727086446,/novatel/oem7/odom,/novatel/oem7/fix,/novatel/oem7/odom,39.663,-75.756,-1.799606096,0.003229322,0.000125753,-0.000935199,-0.003090943,0.000125753,,,
1786043666735472959,1786043666.734786265,/novatel/oem7/odom,/novatel/oem7/fix,/novatel/oem7/odom,39.663,-75.756,-1.799606096,0.003229322,0.000125753,-0.000935199,-0.003090943,0.000125753,,,
1786043666745528141,1786043666.744914482,/novatel/oem7/inspva,/novatel/oem7/inspva,/novatel/oem7/inspva,39.663,-75.756,-1.799581510,0.003696041,0.000719407,-0.003689879,-0.000213333,0.000719407,,novatel_oem7_msgs.msg.InertialSolutionStatus(status=3),
1786043666746969939,1786043666.745083414,/novatel/oem7/fix,/novatel/oem7/fix,/novatel/oem7/inspva,39.663,-75.756,-1.799581510,0.003696041,0.000719407,-0.003689879,-0.000213333,0.000719407,,0,
1786043666748081476,1786043666.745521261,/novatel/oem7/odom,/novatel/oem7/fix,/novatel/oem7/odom,39.663,-75.756,-1.799581510,0.003698097,0.000708759,-0.000386749,-0.003677819,0.000708759,,,
1786043666756600124,1786043666.755861850,/novatel/oem7/odom,/novatel/oem7/fix,/novatel/oem7/odom,39.663,-75.756,-1.799581510,0.003698097,0.000708759,-0.000386749,-0.003677819,0.000708759,,,
1786043666765923896,1786043666.765350730,/novatel/oem7/inspva,/novatel/oem7/inspva,/novatel/oem7/inspva,39.663,-75.756,-1.799532304,0.002992811,0.004075725,-0.002953286,0.000484791,0.004075725,,novatel_oem7_msgs.msg.InertialSolutionStatus(status=3),
1786043666767660699,1786043666.765534012,/novatel/oem7/fix,/novatel/oem7/fix,/novatel/oem7/inspva,39.663,-75.756,-1.799532304,0.002992811,0.004075725,-0.002953286,0.000484791,0.004075725,,0,
1786043666769209428,1786043666.766092047,/novatel/oem7/odom,/novatel/oem7/fix,/novatel/oem7/odom,39.663,-75.756,-1.799532304,0.003001237,0.004069525,0.000332052,-0.002982812,0.004069525,,,
1786043666775710899,1786043666.774986829,/novatel/oem7/odom,/novatel/oem7/fix,/novatel/oem7/odom,39.663,-75.756,-1.799532304,0.003001237,0.004069525,0.000332052,-0.002982812,0.004069525,,,
1786043666786673740,1786043666.786059611,/novatel/oem7/inspva,/novatel/oem7/inspva,/novatel/oem7/inspva,39.663,-75.756,-1.799513375,0.002562642,0.002569092,-0.002416706,-0.000852446,0.002569092,,novatel_oem7_msgs.msg.InertialSolutionStatus(status=3),
1786043666788160965,1786043666.786277096,/novatel/oem7/fix,/novatel/oem7/fix,/novatel/oem7/inspva,39.663,-75.756,-1.799513375,0.002562642,0.002569092,-0.002416706,-0.000852446,0.002569092,,0,
1786043666789355303,1786043666.786667937,/novatel/oem7/odom,/novatel/oem7/fix,/novatel/oem7/odom,39.663,-75.756,-1.799513375,0.002572173,0.002559549,-0.000973231,-0.002380944,0.002559549,,,
1786043666795389660,1786043666.794658369,/novatel/oem7/odom,/novatel/oem7/fix,/novatel/oem7/odom,39.663,-75.756,-1.799513375,0.002572173,0.002559549,-0.000973231,-0.002380944,0.002559549,,,
1786043666807029767,1786043666.806473699,/novatel/oem7/inspva,/novatel/oem7/inspva,/novatel/oem7/inspva,39.663,-75.756,-1.799506237,0.002655427,-0.000316942,-0.002607628,-0.000501568,-0.000316942,,novatel_oem7_msgs.msg.InertialSolutionStatus(status=3),
1786043666808544209,1786043666.806686147,/novatel/oem7/fix,/novatel/oem7/fix,/novatel/oem7/inspva,39.663,-75.756,-1.799506237,0.002655427,-0.000316942,-0.002607628,-0.000501568,-0.000316942,,0,
1786043666809745654,1786043666.807100895,/novatel/oem7/odom,/novatel/oem7/fix,/novatel/oem7/odom,39.663,-75.756,-1.799506237,0.002654372,-0.000325661,-0.000620653,-0.002580791,-0.000325661,,,
1786043666811413938,1786043666.810271999,/novatel/oem7/bestpos,/novatel/oem7/bestpos,/novatel/oem7/odom,39.663,-75.756,33.182960813,0.002654372,-0.000325661,-0.000620653,-0.002580791,-0.000325661,,novatel_oem7_msgs.msg.SolutionStatus(status=0),novatel_oem7_msgs.msg.PositionOrVelocityType(type=53)
1786043666812416027,1786043666.810602783,/novatel/oem7/bestvel,/novatel/oem7/bestpos,/novatel/oem7/bestvel,39.663,-75.756,33.182960813,0.003435525,0.000535194,,,,211.290502505,novatel_oem7_msgs.msg.SolutionStatus(status=0),novatel_oem7_msgs.msg.PositionOrVelocityType(type=53)
1786043666816237691,1786043666.815552747,/novatel/oem7/odom,/novatel/oem7/bestpos,/novatel/oem7/odom,39.663,-75.756,33.182960813,0.002654372,-0.000325661,-0.000620653,-0.002580791,-0.000325661,,,
1786043666825934331,1786043666.825329631,/novatel/oem7/inspva,/novatel/oem7/inspva,/novatel/oem7/inspva,39.663,-75.756,-1.799477639,0.003601795,0.000597328,-0.003588006,0.000314867,0.000597328,,novatel_oem7_msgs.msg.InertialSolutionStatus(status=3),
1786043666827392541,1786043666.825559907,/novatel/oem7/fix,/novatel/oem7/fix,/novatel/oem7/inspva,39.663,-75.756,-1.799477639,0.003601795,0.000597328,-0.003588006,0.000314867,0.000597328,,0,
1786043666828617327,1786043666.825905594,/novatel/oem7/odom,/novatel/oem7/fix,/novatel/oem7/odom,39.663,-75.756,-1.799477639,0.003603186,0.000588878,0.000146015,-0.003600226,0.000588878,,,
1786043666836740680,1786043666.835983900,/novatel/oem7/odom,/novatel/oem7/fix,/novatel/oem7/odom,39.663,-75.756,-1.799477639,0.003603186,0.000588878,0.000146015,-0.003600226,0.000588878,,,
1786043666847450386,1786043666.846864883,/novatel/oem7/inspva,/novatel/oem7/inspva,/novatel/oem7/inspva,39.663,-75.756,-1.799423490,0.003460148,0.003804497,-0.003440480,0.000368403,0.003804497,,novatel_oem7_msgs.msg.InertialSolutionStatus(status=3),
1786043666848952601,1786043666.847076425,/novatel/oem7/fix,/novatel/oem7/fix,/novatel/oem7/inspva,39.663,-75.756,-1.799423490,0.003460148,0.003804497,-0.003440480,0.000368403,0.003804497,,0,
1786043666850115982,1786043666.847373852,/novatel/oem7/odom,/novatel/oem7/fix,/novatel/oem7/odom,39.663,-75.756,-1.799423490,0.003468840,0.003796574,0.000194093,-0.003463406,0.003796574,,,
1786043666857241425,1786043666.856549809,/novatel/oem7/odom,/novatel/oem7/fix,/novatel/oem7/odom,39.663,-75.756,-1.799423490,0.003468840,0.003796574,0.000194093,-0.003463406,0.003796574,,,
1786043666865748116,1786043666.865174417,/novatel/oem7/inspva,/novatel/oem7/inspva,/novatel/oem7/inspva,39.663,-75.756,-1.799396044,0.002640587,0.003506242,-0.002600115,-0.000460544,0.003506242,,novatel_oem7_msgs.msg.InertialSolutionStatus(status=3),
1786043666867202974,1786043666.865355195,/novatel/oem7/fix,/novatel/oem7/fix,/novatel/oem7/inspva,39.663,-75.756,-1.799396044,0.002640587,0.003506242,-0.002600115,-0.000460544,0.003506242,,0,
1786043666868751869,1786043666.865812354,/novatel/oem7/odom,/novatel/oem7/fix,/novatel/oem7/odom,39.663,-75.756,-1.799396044,0.002651989,0.003497626,-0.000593834,-0.002584649,0.003497626,,,
1786043666876292323,1786043666.875584367,/novatel/oem7/odom,/novatel/oem7/fix,/novatel/oem7/odom,39.663,-75.756,-1.799396044,0.002651989,0.003497626,-0.000593834,-0.002584649,0.003497626,,,
1786043666886019196,1786043666.885385850,/novatel/oem7/inspva,/novatel/oem7/inspva,/novatel/oem7/inspva,39.663,-75.756,-1.799392360,0.002516768,-0.000488753,-0.002335849,-0.000936980,-0.000488753,,novatel_oem7_msgs.msg.InertialSolutionStatus(status=3),
1786043666887586354,1786043666.885608355,/novatel/oem7/fix,/novatel/oem7/fix,/novatel/oem7/inspva,39.663,-75.756,-1.799392360,0.002516768,-0.000488753,-0.002335849,-0.000936980,-0.000488753,,0,
1786043666888720939,1786043666.886126647,/novatel/oem7/odom,/novatel/oem7/fix,/novatel/oem7/odom,39.663,-75.756,-1.799392360,0.002514890,-0.000498326,-0.001042394,-0.002288686,-0.000498326,,,
1786043666895390461,1786043666.894700161,/novatel/oem7/odom,/novatel/oem7/fix,/novatel/oem7/odom,39.663,-75.756,-1.799392360,0.002514890,-0.000498326,-0.001042394,-0.002288686,-0.000498326,,,
1786043666906674006,1786043666.906077214,/novatel/oem7/inspva,/novatel/oem7/inspva,/novatel/oem7/inspva,39.663,-75.756,-1.799363218,0.003167821,0.000229929,-0.003165008,-0.000133470,0.000229929,,novatel_oem7_msgs.msg.InertialSolutionStatus(status=3),
1786043666908183137,1786043666.906263265,/novatel/oem7/fix,/novatel/oem7/fix,/novatel/oem7/inspva,39.663,-75.756,-1.799363218,0.003167821,0.000229929,-0.003165008,-0.000133470,0.000229929,,0,
1786043666909327966,1786043666.906687910,/novatel/oem7/odom,/novatel/oem7/fix,/novatel/oem7/odom,39.663,-75.756,-1.799363218,0.003168456,0.000221007,-0.000280888,-0.003155981,0.000221007,,,
1786043666910978722,1786043666.909593785,/novatel/oem7/bestpos,/novatel/oem7/bestpos,/novatel/oem7/odom,39.663,-75.756,33.183092262,0.003168456,0.000221007,-0.000280888,-0.003155981,0.000221007,,novatel_oem7_msgs.msg.SolutionStatus(status=0),novatel_oem7_msgs.msg.PositionOrVelocityType(type=53)
1786043666911959985,1786043666.910196784,/novatel/oem7/bestvel,/novatel/oem7/bestpos,/novatel/oem7/bestvel,39.663,-75.756,33.183092262,0.003477445,0.001002293,,,,214.147526326,novatel_oem7_msgs.msg.SolutionStatus(status=0),novatel_oem7_msgs.msg.PositionOrVelocityType(type=53)
1786043666915000162,1786043666.914639791,/novatel/oem7/odom,/novatel/oem7/bestpos,/novatel/oem7/odom,39.663,-75.756,33.183092262,0.003168456,0.000221007,-0.000280888,-0.003155981,0.000221007,,,
1786043666925573726,1786043666.925200772,/novatel/oem7/inspva,/novatel/oem7/inspva,/novatel/oem7/inspva,39.663,-75.756,-1.799310457,0.004435137,0.003333929,-0.004084981,0.001727245,0.003333929,,novatel_oem7_msgs.msg.InertialSolutionStatus(status=3),
1786043666926916649,1786043666.925371217,/novatel/oem7/fix,/novatel/oem7/fix,/novatel/oem7/inspva,39.663,-75.756,-1.799310457,0.004435137,0.003333929,-0.004084981,0.001727245,0.003333929,,0,
1786043666927780716,1786043666.925758091,/novatel/oem7/odom,/novatel/oem7/fix,/novatel/oem7/odom,39.663,-75.756,-1.799310457,0.004438745,0.003329125,0.001523479,-0.004169109,0.003329125,,,
1786043666935879298,1786043666.935519884,/novatel/oem7/odom,/novatel/oem7/fix,/novatel/oem7/odom,39.663,-75.756,-1.799310457,0.004438745,0.003329125,0.001523479,-0.004169109,0.003329125,,,
1786043666945631053,1786043666.945063571,/novatel/oem7/inspva,/novatel/oem7/inspva,/novatel/oem7/inspva,39.663,-75.756,-1.799279287,0.003728903,0.003327274,-0.003643394,-0.000793975,0.003327274,,novatel_oem7_msgs.msg.InertialSolutionStatus(status=3),
1786043666946985417,1786043666.945228596,/novatel/oem7/fix,/novatel/oem7/fix,/novatel/oem7/inspva,39.663,-75.756,-1.799279287,0.003728903,0.003327274,-0.003643394,-0.000793975,0.003327274,,0,
1786043666947828396,1786043666.945603753,/novatel/oem7/odom,/novatel/oem7/fix,/novatel/oem7/odom,39.663,-75.756,-1.799279287,0.003740155,0.003314621,-0.000974671,-0.003610924,0.003314621,,,
1786043666955972141,1786043666.955657947,/novatel/oem7/odom,/novatel/oem7/fix,/novatel/oem7/odom,39.663,-75.756,-1.799279287,0.003740155,0.003314621,-0.000974671,-0.003610924,0.003314621,,,
1786043666967268921,1786043666.966627440,/novatel/oem7/inspva,/novatel/oem7/inspva,/novatel/oem7/inspva,39.663,-75.756,-1.799277961,0.002656648,-0.000287731,-0.001835949,-0.001920175,-0.000287731,,novatel_oem7_msgs.msg.InertialSolutionStatus(status=3),
1786043666967901017,1786043666.966847379,/novatel/oem7/fix,/novatel/oem7/fix,/novatel/oem7/inspva,39.663,-75.756,-1.799277961,0.002656648,-0.000287731,-0.001835949,-0.001920175,-0.000287731,,0,
1786043666968374247,1786043666.967220573,/novatel/oem7/odom,/novatel/oem7/fix,/novatel/oem7/odom,39.663,-75.756,-1.799277961,0.003740060,0.003314727,-0.000974402,-0.003610899,0.003314727,,,
1786043666975344379,1786043666.974991860,/novatel/oem7/odom,/novatel/oem7/fix,/novatel/oem7/odom,39.663,-75.756,-1.799277961,0.002655344,-0.000299531,-0.002002113,-0.001744246,-0.000299531,,,
1786043666985376725,1786043666.984965151,/novatel/oem7/inspva,/novatel/oem7/inspva,/novatel/oem7/inspva,39.663,-75.756,-1.799246022,0.003114121,0.000155892,-0.003107025,-0.000210116,0.000155892,,novatel_oem7_msgs.msg.InertialSolutionStatus(status=3),
1786043666986747775,1786043666.985122283,/novatel/oem7/fix,/novatel/oem7/fix,/novatel/oem7/inspva,39.663,-75.756,-1.799246022,0.003114121,0.000155892,-0.003107025,-0.000210116,0.000155892,,0,
1786043666987604270,1786043666.985554500,/novatel/oem7/odom,/novatel/oem7/fix,/novatel/oem7/odom,39.663,-75.756,-1.799246022,0.003114562,0.000146817,-0.000354503,-0.003094321,0.000146817,,,
1786043666995861258,1786043666.995477194,/novatel/oem7/odom,/novatel/oem7/fix,/novatel/oem7/odom,39.663,-75.756,-1.799246022,0.003114562,0.000146817,-0.000354503,-0.003094321,0.000146817,,,
1786043667010576593,1786043667.010109549,/novatel/oem7/inspva,/novatel/oem7/inspva,/novatel/oem7/inspva,39.663,-75.756,-1.799205134,0.004719533,0.002406343,-0.004705561,0.000362895,0.002406343,,novatel_oem7_msgs.msg.InertialSolutionStatus(status=3),
1786043667011926467,1786043667.010249950,/novatel/oem7/fix,/novatel/oem7/fix,/novatel/oem7/inspva,39.663,-75.756,-1.799205134,0.004719533,0.002406343,-0.004705561,0.000362895,0.002406343,,0,
1786043667012951080,1786043667.011532813,/novatel/oem7/odom,/novatel/oem7/fix,/novatel/oem7/odom,39.663,-75.756,-1.799205134,0.004725270,0.002395059,0.000135195,-0.004723335,0.002395059,,,
1786043667016190242,1786043667.015854508,/novatel/oem7/odom,/novatel/oem7/fix,/novatel/oem7/odom,39.663,-75.756,-1.799205134,0.004725270,0.002395059,0.000135195,-0.004723335,0.002395059,,,
1786043667026528624,1786043667.025919631,/novatel/oem7/bestpos,/novatel/oem7/bestpos,/novatel/oem7/odom,39.663,-75.756,33.183227637,0.004725270,0.002395059,0.000135195,-0.004723335,0.002395059,,novatel_oem7_msgs.msg.SolutionStatus(status=0),novatel_oem7_msgs.msg.PositionOrVelocityType(type=53)
1786043667027556960,1786043667.026518964,/novatel/oem7/bestvel,/novatel/oem7/bestpos,/novatel/oem7/bestvel,39.663,-75.756,33.183227637,0.004633289,0.002261094,,,,173.441737593,novatel_oem7_msgs.msg.SolutionStatus(status=0),novatel_oem7_msgs.msg.PositionOrVelocityType(type=53)
1786043667027972375,1786043667.026997298,/novatel/oem7/inspva,/novatel/oem7/inspva,/novatel/oem7/inspva,39.663,-75.756,-1.799175970,0.004112129,0.002712328,-0.004085652,0.000465888,0.002712328,,novatel_oem7_msgs.msg.InertialSolutionStatus(status=3),
1786043667028335493,1786043667.027129943,/novatel/oem7/fix,/novatel/oem7/fix,/novatel/oem7/inspva,39.663,-75.756,-1.799175970,0.004112129,0.002712328,-0.004085652,0.000465888,0.002712328,,0,
1786043667028999235,1786043667.027497057,/novatel/oem7/odom,/novatel/oem7/fix,/novatel/oem7/odom,39.663,-75.756,-1.799175970,0.004118201,0.002703099,0.000265744,-0.004109618,0.002703099,,,
1786043667035282031,1786043667.034933067,/novatel/oem7/odom,/novatel/oem7/fix,/novatel/oem7/odom,39.663,-75.756,-1.799175970,0.004118201,0.002703099,0.000265744,-0.004109618,0.002703099,,,
1786043667045878709,1786043667.045390336,/novatel/oem7/inspva,/novatel/oem7/inspva,/novatel/oem7/inspva,39.663,-75.756,-1.799197525,0.002507319,0.001093243,-0.002240372,-0.001125782,0.001093243,,novatel_oem7_msgs.msg.InertialSolutionStatus(status=3),
1786043667046661266,1786043667.045580918,/novatel/oem7/fix,/novatel/oem7/fix,/novatel/oem7/inspva,39.663,-75.756,-1.799197525,0.002507319,0.001093243,-0.002240372,-0.001125782,0.001093243,,0,
1786043667047613531,1786043667.046227118,/novatel/oem7/odom,/novatel/oem7/fix,/novatel/oem7/odom,39.663,-75.756,-1.799197525,0.002511703,0.001083134,-0.001232581,-0.002188468,0.001083134,,,
1786043667057043444,1786043667.056385835,/novatel/oem7/odom,/novatel/oem7/fix,/novatel/oem7/odom,39.663,-75.756,-1.799197525,0.002511703,0.001083134,-0.001232581,-0.002188468,0.001083134,,,
1786043667065923679,1786043667.065304913,/novatel/oem7/inspva,/novatel/oem7/inspva,/novatel/oem7/inspva,39.663,-75.756,-1.799225044,0.002869113,0.000391508,-0.002694199,-0.000986458,0.000391508,,novatel_oem7_msgs.msg.InertialSolutionStatus(status=3),
1786043667067539213,1786043667.065478225,/novatel/oem7/fix,/novatel/oem7/fix,/novatel/oem7/inspva,39.663,-75.756,-1.799225044,0.002869113,0.000391508,-0.002694199,-0.000986458,0.000391508,,0,
1786043667068011713,1786043667.067134818,/novatel/oem7/odom,/novatel/oem7/fix,/novatel/oem7/odom,39.663,-75.756,-1.799225044,0.002870567,0.000380695,-0.001111747,-0.002646541,0.000380695,,,
1786043667074956551,1786043667.074604744,/novatel/oem7/odom,/novatel/oem7/fix,/novatel/oem7/odom,39.663,-75.756,-1.799225044,0.002870567,0.000380695,-0.001111747,-0.002646541,0.000380695,,,
1786043667086905213,1786043667.086623276,/novatel/oem7/inspva,/novatel/oem7/inspva,/novatel/oem7/inspva,39.663,-75.756,-1.799228046,0.004599630,0.001869890,-0.004543412,0.000716944,0.001869890,,novatel_oem7_msgs.msg.InertialSolutionStatus(status=3),
1786043667087937363,1786043667.086778848,/novatel/oem7/fix,/novatel/oem7/fix,/novatel/oem7/inspva,39.663,-75.756,-1.799228046,0.004599630,0.001869890,-0.004543412,0.000716944,0.001869890,,0,
1786043667088957836,1786043667.087224649,/novatel/oem7/odom,/novatel/oem7/fix,/novatel/oem7/odom,39.663,-75.756,-1.799228046,0.004603516,0.001860305,0.000498567,-0.004576438,0.001860305,,,
1786043667095581543,1786043667.095261625,/novatel/oem7/odom,/novatel/oem7/fix,/novatel/oem7/odom,39.663,-75.756,-1.799228046,0.004603516,0.001860305,0.000498567,-0.004576438,0.001860305,,,
1786043667106142058,1786043667.105864223,/novatel/oem7/inspva,/novatel/oem7/inspva,/novatel/oem7/inspva,39.663,-75.756,-1.799240290,0.004065706,0.002510207,-0.004060135,0.000212766,0.002510207,,novatel_oem7_msgs.msg.InertialSolutionStatus(status=3),
1786043667106747613,1786043667.106005624,/novatel/oem7/fix,/novatel/oem7/fix,/novatel/oem7/inspva,39.663,-75.756,-1.799240290,0.004065706,0.002510207,-0.004060135,0.000212766,0.002510207,,0,
1786043667107453588,1786043667.106501722,/novatel/oem7/odom,/novatel/oem7/fix,/novatel/oem7/odom,39.663,-75.756,-1.799240290,0.004071917,0.002500120,0.000014818,-0.004071890,0.002500120,,,
1786043667110018388,1786043667.109723527,/novatel/oem7/bestpos,/novatel/oem7/bestpos,/novatel/oem7/odom,39.663,-75.756,33.183163710,0.004071917,0.002500120,0.000014818,-0.004071890,0.002500120,,novatel_oem7_msgs.msg.SolutionStatus(status=0),novatel_oem7_msgs.msg.PositionOrVelocityType(type=53)
1786043667111135238,1786043667.110576759,/novatel/oem7/bestvel,/novatel/oem7/bestpos,/novatel/oem7/bestvel,39.663,-75.756,33.183163710,0.004109638,0.002630016,,,,179.497306784,novatel_oem7_msgs.msg.SolutionStatus(status=0),novatel_oem7_msgs.msg.PositionOrVelocityType(type=53)
1786043667116284695,1786043667.115636222,/novatel/oem7/odom,/novatel/oem7/bestpos,/novatel/oem7/odom,39.663,-75.756,33.183163710,0.004071917,0.002500120,0.000014818,-0.004071890,0.002500120,,,
1786043667127091741,1786043667.126613330,/novatel/oem7/inspva,/novatel/oem7/inspva,/novatel/oem7/inspva,39.663,-75.756,-1.799254464,0.002822099,0.001969943,-0.002822080,-0.000010385,0.001969943,,novatel_oem7_msgs.msg.InertialSolutionStatus(status=3),
1786043667127670222,1786043667.126750568,/novatel/oem7/fix,/novatel/oem7/fix,/novatel/oem7/inspva,39.663,-75.756,-1.799254464,0.002822099,0.001969943,-0.002822080,-0.000010385,0.001969943,,0,
1786043667128105391,1786043667.127232250,/novatel/oem7/odom,/novatel/oem7/fix,/novatel/oem7/odom,39.663,-75.756,-1.799254464,0.002827410,0.001962313,-0.000148680,-0.002823498,0.001962313,,,
1786043667135828451,1786043667.135495101,/novatel/oem7/odom,/novatel/oem7/fix,/novatel/oem7/odom,39.663,-75.756,-1.799254464,0.002827410,0.001962313,-0.000148680,-0.002823498,0.001962313,,,
1786043667146604591,1786043667.146326481,/novatel/oem7/inspva,/novatel/oem7/inspva,/novatel/oem7/inspva,39.663,-75.756,-1.799284054,0.002205663,0.001102623,-0.002193706,-0.000229348,0.001102623,,novatel_oem7_msgs.msg.InertialSolutionStatus(status=3),
1786043667147513294,1786043667.146483630,/novatel/oem7/fix,/novatel/oem7/fix,/novatel/oem7/inspva,39.663,-75.756,-1.799284054,0.002205663,0.001102623,-0.002193706,-0.000229348,0.001102623,,0,
1786043667147964437,1786043667.147060009,/novatel/oem7/odom,/novatel/oem7/fix,/novatel/oem7/odom,39.663,-75.756,-1.799284054,0.002209026,0.001095870,-0.000334978,-0.002183480,0.001095870,,,
1786043667156610330,1786043667.156125678,/novatel/oem7/odom,/novatel/oem7/fix,/novatel/oem7/odom,39.663,-75.756,-1.799284054,0.002209026,0.001095870,-0.000334978,-0.002183480,0.001095870,,,
1786043667165628097,1786043667.165314282,/novatel/oem7/inspva,/novatel/oem7/inspva,/novatel/oem7/inspva,39.663,-75.756,-1.799305510,0.004250122,0.000279025,-0.004249395,-0.000078557,0.000279025,,novatel_oem7_msgs.msg.InertialSolutionStatus(status=3),
1786043667166196034,1786043667.165492737,/novatel/oem7/fix,/novatel/oem7/fix,/novatel/oem7/inspva,39.663,-75.756,-1.799305510,0.004250122,0.000279025,-0.004249395,-0.000078557,0.000279025,,0,
1786043667166838170,1786043667.166041819,/novatel/oem7/odom,/novatel/oem7/fix,/novatel/oem7/odom,39.663,-75.756,-1.799305510,0.004250878,0.000267260,-0.000276524,-0.004241874,0.000267260,,,
1786043667175817193,1786043667.175467039,/novatel/oem7/odom,/novatel/oem7/fix,/novatel/oem7/odom,39.663,-75.756,-1.799305510,0.004250878,0.000267260,-0.000276524,-0.004241874,0.000267260,,,
1786043667185506282,1786043667.185121991,/novatel/oem7/inspva,/novatel/oem7/inspva,/novatel/oem7/inspva,39.663,-75.756,-1.799313556,0.003993444,0.001781625,-0.003971551,0.000417579,0.001781625,,novatel_oem7_msgs.msg.InertialSolutionStatus(status=3),
1786043667186064834,1786043667.185271045,/novatel/oem7/fix,/novatel/oem7/fix,/novatel/oem7/inspva,39.663,-75.756,-1.799313556,0.003993444,0.001781625,-0.003971551,0.000417579,0.001781625,,0,
1786043667186513462,1786043667.185736673,/novatel/oem7/odom,/novatel/oem7/fix,/novatel/oem7/odom,39.663,-75.756,-1.799313556,0.003997509,0.001772484,0.000226248,-0.003991101,0.001772484,,,
1786043667196292457,1786043667.195645464,/novatel/oem7/odom,/novatel/oem7/fix,/novatel/oem7/odom,39.663,-75.756,-1.799313556,0.003997509,0.001772484,0.000226248,-0.003991101,0.001772484,,,
1786043667206916923,1786043667.206589575,/novatel/oem7/inspva,/novatel/oem7/inspva,/novatel/oem7/inspva,39.663,-75.756,-1.799319515,0.003031464,0.002558464,-0.002936959,-0.000751032,0.002558464,,novatel_oem7_msgs.msg.InertialSolutionStatus(status=3),
1786043667207506318,1786043667.206738347,/novatel/oem7/fix,/novatel/oem7/fix,/novatel/oem7/inspva,39.663,-75.756,-1.799319515,0.003031464,0.002558464,-0.002936959,-0.000751032,0.002558464,,0,
1786043667208144835,1786043667.207570868,/novatel/oem7/odom,/novatel/oem7/fix,/novatel/oem7/odom,39.663,-75.756,-1.799319515,0.003040469,0.002547756,-0.000896237,-0.002905377,0.002547756,,,
1786043667210322984,1786043667.210029522,/novatel/oem7/bestpos,/novatel/oem7/bestpos,/novatel/oem7/odom,39.663,-75.756,33.183053454,0.003040469,0.002547756,-0.000896237,-0.002905377,0.002547756,,novatel_oem7_msgs.msg.SolutionStatus(status=0),novatel_oem7_msgs.msg.PositionOrVelocityType(type=53)
1786043667210922921,1786043667.210378533,/novatel/oem7/bestvel,/novatel/oem7/bestpos,/novatel/oem7/bestvel,39.663,-75.756,33.183053454,0.003055273,0.001368010,,,,153.983940129,novatel_oem7_msgs.msg.SolutionStatus(status=0),novatel_oem7_msgs.msg.PositionOrVelocityType(type=53)
1786043667215455868,1786043667.214972828,/novatel/oem7/odom,/novatel/oem7/bestpos,/novatel/oem7/odom,39.663,-75.756,33.183053454,0.003040469,0.002547756,-0.000896237,-0.002905377,0.002547756,,,
1786043667225705177,1786043667.224911953,/novatel/oem7/inspva,/novatel/oem7/inspva,/novatel/oem7/inspva,39.663,-75.756,-1.799350609,0.002275455,0.001567914,-0.002266707,0.000199335,0.001567914,,novatel_oem7_msgs.msg.InertialSolutionStatus(status=3),
1786043667227182031,1786043667.225111765,/novatel/oem7/fix,/novatel/oem7/fix,/novatel/oem7/inspva,39.663,-75.756,-1.799350609,0.002275455,0.001567914,-0.002266707,0.000199335,0.001567914,,0,
1786043667228290252,1786043667.226297223,/novatel/oem7/odom,/novatel/oem7/fix,/novatel/oem7/odom,39.663,-75.756,-1.799350609,0.002279200,0.001562465,0.000088087,-0.002277497,0.001562465,,,
1786043667236108889,1786043667.235462223,/novatel/oem7/odom,/novatel/oem7/fix,/novatel/oem7/odom,39.663,-75.756,-1.799350609,0.002279200,0.001562465,0.000088087,-0.002277497,0.001562465,,,
1786043667246964290,1786043667.246470098,/novatel/oem7/inspva,/novatel/oem7/inspva,/novatel/oem7/inspva,39.663,-75.756,-1.799378791,0.003736440,-0.000063584,-0.003736349,-0.000026032,-0.000063584,,novatel_oem7_msgs.msg.InertialSolutionStatus(status=3),
1786043667248263483,1786043667.246631707,/novatel/oem7/fix,/novatel/oem7/fix,/novatel/oem7/inspva,39.663,-75.756,-1.799378791,0.003736440,-0.000063584,-0.003736349,-0.000026032,-0.000063584,,0,
1786043667249276876,1786043667.247096751,/novatel/oem7/odom,/novatel/oem7/fix,/novatel/oem7/odom,39.663,-75.756,-1.799378791,0.003736251,-0.000073835,-0.000198945,-0.003730951,-0.000073835,,,
1786043667257083360,1786043667.256431510,/novatel/oem7/odom,/novatel/oem7/fix,/novatel/oem7/odom,39.663,-75.756,-1.799378791,0.003736251,-0.000073835,-0.000198945,-0.003730951,-0.000073835,,,
1786043667266547803,1786043667.266014661,/novatel/oem7/inspva,/novatel/oem7/inspva,/novatel/oem7/inspva,39.663,-75.756,-1.799387623,0.003721543,0.000714738,-0.003714281,-0.000232383,0.000714738,,novatel_oem7_msgs.msg.InertialSolutionStatus(status=3),
1786043667267847642,1786043667.266162003,/novatel/oem7/fix,/novatel/oem7/fix,/novatel/oem7/inspva,39.663,-75.756,-1.799387623,0.003721543,0.000714738,-0.003714281,-0.000232383,0.000714738,,0,
1786043667268892556,1786043667.266564093,/novatel/oem7/odom,/novatel/oem7/fix,/novatel/oem7/odom,39.663,-75.756,-1.799387623,0.003723620,0.000703839,-0.000406983,-0.003701312,0.000703839,,,
1786043667275309647,1786043667.274982446,/novatel/oem7/odom,/novatel/oem7/fix,/novatel/oem7/odom,39.663,-75.756,-1.799387623,0.003723620,0.000703839,-0.000406983,-0.003701312,0.000703839,,,
1786043667285761660,1786043667.285377672,/novatel/oem7/inspva,/novatel/oem7/inspva,/novatel/oem7/inspva,39.663,-75.756,-1.799386724,0.003268866,0.002842340,-0.003257481,-0.000272593,0.002842340,,novatel_oem7_msgs.msg.InertialSolutionStatus(status=3),
1786043667286438487,1786043667.285546320,/novatel/oem7/fix,/novatel/oem7/fix,/novatel/oem7/inspva,39.663,-75.756,-1.799386724,0.003268866,0.002842340,-0.003257481,-0.000272593,0.002842340,,0,
1786043667286919676,1786043667.286156010,/novatel/oem7/odom,/novatel/oem7/fix,/novatel/oem7/odom,39.663,-75.756,-1.799386724,0.003277420,0.002832472,-0.000434147,-0.003248538,0.002832472,,,
1786043667295546128,1786043667.295179260,/novatel/oem7/odom,/novatel/oem7/fix,/novatel/oem7/odom,39.663,-75.756,-1.799386724,0.003277420,0.002832472,-0.000434147,-0.003248538,0.002832472,,,
1786043667306379646,1786043667.306084493,/novatel/oem7/inspva,/novatel/oem7/inspva,/novatel/oem7/inspva,39.663,-75.756,-1.799417729,0.002889506,0.001873327,-0.002878580,-0.000251049,0.001873327,,novatel_oem7_msgs.msg.InertialSolutionStatus(status=3),
1786043667306949848,1786043667.306238038,/novatel/oem7/fix,/novatel/oem7/fix,/novatel/oem7/inspva,39.663,-75.756,-1.799417729,0.002889506,0.001873327,-0.002878580,-0.000251049,0.001873327,,0,
1786043667307597796,1786043667.306751949,/novatel/oem7/odom,/novatel/oem7/fix,/novatel/oem7/odom,39.663,-75.756,-1.799417729,0.002895190,0.001864530,-0.000391403,-0.002868611,0.001864530,,,
1786043667309709424,1786043667.309359125,/novatel/oem7/bestpos,/novatel/oem7/bestpos,/novatel/oem7/odom,39.663,-75.756,33.182945522,0.002895190,0.001864530,-0.000391403,-0.002868611,0.001864530,,novatel_oem7_msgs.msg.SolutionStatus(status=0),novatel_oem7_msgs.msg.PositionOrVelocityType(type=53)
1786043667310333410,1786043667.309972214,/novatel/oem7/bestvel,/novatel/oem7/bestpos,/novatel/oem7/bestvel,39.663,-75.756,33.182945522,0.002163778,0.000735078,,,,154.813501488,novatel_oem7_msgs.msg.SolutionStatus(status=0),novatel_oem7_msgs.msg.PositionOrVelocityType(type=53)
1786043667315016311,1786043667.314590530,/novatel/oem7/odom,/novatel/oem7/bestpos,/novatel/oem7/odom,39.663,-75.756,33.182945522,0.002895190,0.001864530,-0.000391403,-0.002868611,0.001864530,,,
1786043667325652572,1786043667.325354329,/novatel/oem7/inspva,/novatel/oem7/inspva,/novatel/oem7/inspva,39.663,-75.756,-1.799443642,0.003037273,-0.000045426,-0.002932797,-0.000789765,-0.000045426,,novatel_oem7_msgs.msg.InertialSolutionStatus(status=3),
1786043667326204721,1786043667.325563605,/novatel/oem7/fix,/novatel/oem7/fix,/novatel/oem7/inspva,39.663,-75.756,-1.799443642,0.003037273,-0.000045426,-0.002932797,-0.000789765,-0.000045426,,0,
1786043667326843932,1786043667.326226635,/novatel/oem7/odom,/novatel/oem7/fix,/novatel/oem7/odom,39.663,-75.756,-1.799443642,0.003037091,-0.000056301,-0.000924669,-0.002892907,-0.000056301,,,
1786043667336223780,1786043667.335586974,/novatel/oem7/odom,/novatel/oem7/fix,/novatel/oem7/odom,39.663,-75.756,-1.799443642,0.003037091,-0.000056301,-0.000924669,-0.002892907,-0.000056301,,,
1786043667345529095,1786043667.345029127,/novatel/oem7/inspva,/novatel/oem7/inspva,/novatel/oem7/inspva,39.663,-75.756,-1.799454306,0.003098374,0.000679039,-0.003084571,-0.000292134,0.000679039,,novatel_oem7_msgs.msg.InertialSolutionStatus(status=3),
1786043667346807211,1786043667.345167798,/novatel/oem7/fix,/novatel/oem7/fix,/novatel/oem7/inspva,39.663,-75.756,-1.799454306,0.003098374,0.000679039,-0.003084571,-0.000292134,0.000679039,,0,
1786043667347831377,1786043667.345563185,/novatel/oem7/odom,/novatel/oem7/fix,/novatel/oem7/odom,39.663,-75.756,-1.799454306,0.003100420,0.000669636,-0.000437350,-0.003069418,0.000669636,,,
1786043667356278961,1786043667.355645235,/novatel/oem7/odom,/novatel/oem7/fix,/novatel/oem7/odom,39.663,-75.756,-1.799454306,0.003100420,0.000669636,-0.000437350,-0.003069418,0.000669636,,,
1786043667366959720,1786043667.366611483,/novatel/oem7/inspva,/novatel/oem7/inspva,/novatel/oem7/inspva,39.663,-75.756,-1.799448429,0.004096509,0.002561220,-0.004055193,0.000580343,0.002561220,,novatel_oem7_msgs.msg.InertialSolutionStatus(status=3),
1786043667368165331,1786043667.366782231,/novatel/oem7/fix,/novatel/oem7/fix,/novatel/oem7/inspva,39.663,-75.756,-1.799448429,0.004096509,0.002561220,-0.004055193,0.000580343,0.002561220,,0,
1786043667369231642,1786043667.367183219,/novatel/oem7/odom,/novatel/oem7/fix,/novatel/oem7/odom,39.663,-75.756,-1.799448429,0.004102022,0.002552381,0.000382024,-0.004084194,0.002552381,,,
1786043667375320665,1786043667.374967738,/novatel/oem7/odom,/novatel/oem7/fix,/novatel/oem7/odom,39.663,-75.756,-1.799448429,0.004102022,0.002552381,0.000382024,-0.004084194,0.002552381,,,
1786043667385305129,1786043667.384977324,/novatel/oem7/inspva,/novatel/oem7/inspva,/novatel/oem7/inspva,39.663,-75.756,-1.799465105,0.003474632,0.002865892,-0.003393757,0.000745306,0.002865892,,novatel_oem7_msgs.msg.InertialSolutionStatus(status=3),
1786043667385908846,1786043667.385123835,/novatel/oem7/fix,/novatel/oem7/fix,/novatel/oem7/inspva,39.663,-75.756,-1.799465105,0.003474632,0.002865892,-0.003393757,0.000745306,0.002865892,,0,
1786043667386347319,1786043667.385438399,/novatel/oem7/odom,/novatel/oem7/fix,/novatel/oem7/odom,39.663,-75.756,-1.799465105,0.003479955,0.002859426,0.000576311,-0.003431902,0.002859426,,,
1786043667395285188,1786043667.394640032,/novatel/oem7/odom,/novatel/oem7/fix,/novatel/oem7/odom,39.663,-75.756,-1.799465105,0.003479955,0.002859426,0.000576311,-0.003431902,0.002859426,,,
1786043667407127349,1786043667.406549026,/novatel/oem7/inspva,/novatel/oem7/inspva,/novatel/oem7/inspva,39.663,-75.756,-1.799488995,0.002510951,-0.000004981,-0.002466408,-0.000470858,-0.000004981,,novatel_oem7_msgs.msg.InertialSolutionStatus(status=3),
1786043667408474178,1786043667.406716771,/novatel/oem7/fix,/novatel/oem7/fix,/novatel/oem7/inspva,39.663,-75.756,-1.799488995,0.002510951,-0.000004981,-0.002466408,-0.000470858,-0.000004981,,0,
1786043667409488892,1786043667.407145635,/novatel/oem7/odom,/novatel/oem7/fix,/novatel/oem7/odom,39.663,-75.756,-1.799488995,0.002510921,-0.000013326,-0.000584593,-0.002441920,-0.000013326,,,
1786043667410515276,1786043667.410200665,/novatel/oem7/bestpos,/novatel/oem7/bestpos,/novatel/oem7/odom,39.663,-75.756,33.182907152,0.002510921,-0.000013326,-0.000584593,-0.002441920,-0.000013326,,novatel_oem7_msgs.msg.SolutionStatus(status=0),novatel_oem7_msgs.msg.PositionOrVelocityType(type=53)
1786043667411633923,1786043667.410586466,/novatel/oem7/bestvel,/novatel/oem7/bestpos,/novatel/oem7/bestvel,39.663,-75.756,33.182907152,0.003278640,0.000126023,,,,176.836437650,novatel_oem7_msgs.msg.SolutionStatus(status=0),novatel_oem7_msgs.msg.PositionOrVelocityType(type=53)
1786043667415234750,1786043667.414913026,/novatel/oem7/odom,/novatel/oem7/bestpos,/novatel/oem7/odom,39.663,-75.756,33.182907152,0.002510921,-0.000013326,-0.000584593,-0.002441920,-0.000013326,,,
1786043667425783066,1786043667.425218217,/novatel/oem7/inspva,/novatel/oem7/inspva,/novatel/oem7/inspva,39.663,-75.756,-1.799500002,0.002664857,0.000273576,-0.002662474,-0.000112663,0.000273576,,novatel_oem7_msgs.msg.InertialSolutionStatus(status=3),
1786043667427151739,1786043667.425364409,/novatel/oem7/fix,/novatel/oem7/fix,/novatel/oem7/inspva,39.663,-75.756,-1.799500002,0.002664857,0.000273576,-0.002662474,-0.000112663,0.000273576,,0,
1786043667427865893,1786043667.425735325,/novatel/oem7/odom,/novatel/oem7/fix,/novatel/oem7/odom,39.663,-75.756,-1.799500002,0.002665621,0.000266028,-0.000236901,-0.002655073,0.000266028,,,
1786043667435054907,1786043667.434364773,/novatel/oem7/odom,/novatel/oem7/fix,/novatel/oem7/odom,39.663,-75.756,-1.799500002,0.002665621,0.000266028,-0.000236901,-0.002655073,0.000266028,,,
1786043667445504865,1786043667.445190597,/novatel/oem7/inspva,/novatel/oem7/inspva,/novatel/oem7/inspva,39.663,-75.756,-1.799495500,0.004667088,0.001874995,-0.004213472,0.002007079,0.001874995,,novatel_oem7_msgs.msg.InertialSolutionStatus(status=3),
1786043667446577468,1786043667.445348686,/novatel/oem7/fix,/novatel/oem7/fix,/novatel/oem7/inspva,39.663,-75.756,-1.799495500,0.004667088,0.001874995,-0.004213472,0.002007079,0.001874995,,0,
1786043667447536407,1786043667.445809073,/novatel/oem7/odom,/novatel/oem7/fix,/novatel/oem7/odom,39.663,-75.756,-1.799495500,0.004668711,0.001870951,0.001802570,-0.004306692,0.001870951,,,
1786043667458038711,1786043667.456483285,/novatel/oem7/odom,/novatel/oem7/fix,/novatel/oem7/odom,39.663,-75.756,-1.799495500,0.004668711,0.001870951,0.001802570,-0.004306692,0.001870951,,,
1786043667465732420,1786043667.465152664,/novatel/oem7/inspva,/novatel/oem7/inspva,/novatel/oem7/inspva,39.663,-75.756,-1.799506580,0.003913413,0.002526416,-0.003857317,0.000660234,0.002526416,,novatel_oem7_msgs.msg.InertialSolutionStatus(status=3),
1786043667467071950,1786043667.465339473,/novatel/oem7/fix,/novatel/oem7/fix,/novatel/oem7/inspva,39.663,-75.756,-1.799506580,0.003913413,0.002526416,-0.003857317,0.000660234,0.002526416,,0,
1786043667467773902,1786043667.465831321,/novatel/oem7/odom,/novatel/oem7/fix,/novatel/oem7/odom,39.663,-75.756,-1.799506580,0.003918592,0.002518376,0.000471125,-0.003890168,0.002518376,,,
1786043667474938427,1786043667.474591540,/novatel/oem7/odom,/novatel/oem7/fix,/novatel/oem7/odom,39.663,-75.756,-1.799506580,0.003918592,0.002518376,0.000471125,-0.003890168,0.002518376,,,
1786043667487112786,1786043667.486808074,/novatel/oem7/inspva,/novatel/oem7/inspva,/novatel/oem7/inspva,39.663,-75.756,-1.799529500,0.001542848,0.000484285,-0.001464564,-0.000485215,0.000484285,,novatel_oem7_msgs.msg.InertialSolutionStatus(status=3),
1786043667488145594,1786043667.486976582,/novatel/oem7/fix,/novatel/oem7/fix,/novatel/oem7/inspva,39.663,-75.756,-1.799529500,0.001542848,0.000484285,-0.001464564,-0.000485215,0.000484285,,0,
1786043667489170978,1786043667.487327942,/novatel/oem7/odom,/novatel/oem7/fix,/novatel/oem7/odom,39.663,-75.756,-1.799529500,0.001544637,0.000478549,-0.000554369,-0.001441728,0.000478549,,,
1786043667495035062,1786043667.494695985,/novatel/oem7/odom,/novatel/oem7/fix,/novatel/oem7/odom,39.663,-75.756,-1.799529500,0.001544637,0.000478549,-0.000554369,-0.001441728,0.000478549,,,
1786043667506714850,1786043667.506157485,/novatel/oem7/inspva,/novatel/oem7/inspva,/novatel/oem7/inspva,39.663,-75.756,-1.799542414,0.002541590,0.000255941,-0.002541583,0.000005745,0.000255941,,novatel_oem7_msgs.msg.InertialSolutionStatus(status=3),
1786043667507565311,1786043667.506340807,/novatel/oem7/fix,/novatel/oem7/fix,/novatel/oem7/inspva,39.663,-75.756,-1.799542414,0.002541590,0.000255941,-0.002541583,0.000005745,0.000255941,,0,
1786043667508050001,1786043667.506726914,/novatel/oem7/odom,/novatel/oem7/fix,/novatel/oem7/odom,39.663,-75.756,-1.799542414,0.002542270,0.000249098,-0.000112979,-0.002539758,0.000249098,,,
1786043667511484838,1786043667.511173984,/novatel/oem7/bestpos,/novatel/oem7/bestpos,/novatel/oem7/odom,39.663,-75.756,33.182846501,0.002542270,0.000249098,-0.000112979,-0.002539758,0.000249098,,novatel_oem7_msgs.msg.SolutionStatus(status=0),novatel_oem7_msgs.msg.PositionOrVelocityType(type=53)
1786043667512470302,1786043667.511689099,/novatel/oem7/bestvel,/novatel/oem7/bestpos,/novatel/oem7/bestvel,39.663,-75.756,33.182846501,0.002460493,0.000251427,,,,181.813383021,novatel_oem7_msgs.msg.SolutionStatus(status=0),novatel_oem7_msgs.msg.PositionOrVelocityType(type=53)
1786043667514946353,1786043667.514616008,/novatel/oem7/odom,/novatel/oem7/bestpos,/novatel/oem7/odom,39.663,-75.756,33.182846501,0.002542270,0.000249098,-0.000112979,-0.002539758,0.000249098,,,
1786043667525669108,1786043667.525379817,/novatel/oem7/inspva,/novatel/oem7/inspva,/novatel/oem7/inspva,39.663,-75.756,-1.799534189,0.004513969,0.001614460,-0.004331840,0.001269286,0.001614460,,novatel_oem7_msgs.msg.InertialSolutionStatus(status=3),
1786043667526818922,1786043667.525577399,/novatel/oem7/fix,/novatel/oem7/fix,/novatel/oem7/inspva,39.663,-75.756,-1.799534189,0.004513969,0.001614460,-0.004331840,0.001269286,0.001614460,,0,
1786043667527658836,1786043667.526179429,/novatel/oem7/odom,/novatel/oem7/fix,/novatel/oem7/odom,39.663,-75.756,-1.799534189,0.004516480,0.001607423,0.001061027,-0.004390081,0.001607423,,,
1786043667535414900,1786043667.535080183,/novatel/oem7/odom,/novatel/oem7/fix,/novatel/oem7/odom,39.663,-75.756,-1.799534189,0.004516480,0.001607423,0.001061027,-0.004390081,0.001607423,,,
1786043667546442396,1786043667.546156065,/novatel/oem7/inspva,/novatel/oem7/inspva,/novatel/oem7/inspva,39.663,-75.756,-1.799543937,0.004525171,0.002138574,-0.004384880,0.001118034,0.002138574,,novatel_oem7_msgs.msg.InertialSolutionStatus(status=3),
1786043667547358794,1786043667.546310277,/novatel/oem7/fix,/novatel/oem7/fix,/novatel/oem7/inspva,39.663,-75.756,-1.799543937,0.004525171,0.002138574,-0.004384880,0.001118034,0.002138574,,0,
1786043667547808363,1786043667.546888196,/novatel/oem7/odom,/novatel/oem7/fix,/novatel/oem7/odom,39.663,-75.756,-1.799543937,0.004528842,0.002130789,0.000905532,-0.004437389,0.002130789,,,
1786043667556608395,1786043667.555789917,/novatel/oem7/odom,/novatel/oem7/fix,/novatel/oem7/odom,39.663,-75.756,-1.799543937,0.004528842,0.002130789,0.000905532,-0.004437389,0.002130789,,,
1786043667565860927,1786043667.565229403,/novatel/oem7/inspva,/novatel/oem7/inspva,/novatel/oem7/inspva,39.663,-75.756,-1.799552617,0.001596439,0.001565127,-0.001596410,0.000009716,0.001565127,,novatel_oem7_msgs.msg.InertialSolutionStatus(status=3),
1786043667567262183,1786043667.565388419,/novatel/oem7/fix,/novatel/oem7/fix,/novatel/oem7/inspva,39.663,-75.756,-1.799552617,0.001596439,0.001565127,-0.001596410,0.000009716,0.001565127,,0,
1786043667568320118,1786043667.566004401,/novatel/oem7/odom,/novatel/oem7/fix,/novatel/oem7/odom,39.663,-75.756,-1.799552617,0.001600669,0.001560801,-0.000070267,-0.001599126,0.001560801,,,
1786043667576140998,1786043667.575437044,/novatel/oem7/odom,/novatel/oem7/fix,/novatel/oem7/odom,39.663,-75.756,-1.799552617,0.001600669,0.001560801,-0.000070267,-0.001599126,0.001560801,,,
1786043667585587074,1786043667.584932438,/novatel/oem7/inspva,/novatel/oem7/inspva,/novatel/oem7/inspva,39.663,-75.756,-1.799567397,0.002405476,0.000830343,-0.002385653,-0.000308184,0.000830343,,novatel_oem7_msgs.msg.InertialSolutionStatus(status=3),
1786043667586926827,1786043667.585083516,/novatel/oem7/fix,/novatel/oem7/fix,/novatel/oem7/inspva,39.663,-75.756,-1.799567397,0.002405476,0.000830343,-0.002385653,-0.000308184,0.000830343,,0,
1786043667588374515,1786043667.585543774,/novatel/oem7/odom,/novatel/oem7/fix,/novatel/oem7/odom,39.663,-75.756,-1.799567397,0.002408107,0.000822683,-0.000421533,-0.002370926,0.000822683,,,
1786043667595126358,1786043667.594404971,/novatel/oem7/odom,/novatel/oem7/fix,/novatel/oem7/odom,39.663,-75.756,-1.799567397,0.002408107,0.000822683,-0.000421533,-0.002370926,0.000822683,,,
1786043667607269378,1786043667.606660966,/novatel/oem7/inspva,/novatel/oem7/inspva,/novatel/oem7/inspva,39.663,-75.756,-1.799565655,0.004153497,0.000750905,-0.003986010,0.001167590,0.000750905,,novatel_oem7_msgs.msg.InertialSolutionStatus(status=3),
1786043667608653858,1786043667.606803550,/novatel/oem7/fix,/novatel/oem7/fix,/novatel/oem7/inspva,39.663,-75.756,-1.799565655,0.004153497,0.000750905,-0.003986010,0.001167590,0.000750905,,0,
1786043667609684972,1786043667.607745403,/novatel/oem7/odom,/novatel/oem7/fix,/novatel/oem7/odom,39.663,-75.756,-1.799565655,0.004154681,0.000744326,0.000978826,-0.004037732,0.000744326,,,
1786043667611118463,1786043667.610027502,/novatel/oem7/bestpos,/novatel/oem7/bestpos,/novatel/oem7/odom,39.663,-75.756,33.182820109,0.004154681,0.000744326,0.000978826,-0.004037732,0.000744326,,novatel_oem7_msgs.msg.SolutionStatus(status=0),novatel_oem7_msgs.msg.PositionOrVelocityType(type=53)
1786043667612019391,1786043667.610470523,/novatel/oem7/bestvel,/novatel/oem7/bestpos,/novatel/oem7/bestvel,39.663,-75.756,33.182820109,0.004220528,0.001497573,,,,180.210363993,novatel_oem7_msgs.msg.SolutionStatus(status=0),novatel_oem7_msgs.msg.PositionOrVelocityType(type=53)
1786043667615675248,1786043667.614964447,/novatel/oem7/odom,/novatel/oem7/bestpos,/novatel/oem7/odom,39.663,-75.756,33.182820109,0.004154681,0.000744326,0.000978826,-0.004037732,0.000744326,,,
1786043667625714926,1786043667.625071633,/novatel/oem7/inspva,/novatel/oem7/inspva,/novatel/oem7/inspva,39.663,-75.756,-1.799566850,0.003907733,0.001729586,-0.003817095,0.000836756,0.001729586,,novatel_oem7_msgs.msg.InertialSolutionStatus(status=3),
1786043667627050990,1786043667.625226932,/novatel/oem7/fix,/novatel/oem7/fix,/novatel/oem7/inspva,39.663,-75.756,-1.799566850,0.003907733,0.001729586,-0.003817095,0.000836756,0.001729586,,0,
1786043667628075003,1786043667.625659393,/novatel/oem7/odom,/novatel/oem7/fix,/novatel/oem7/odom,39.663,-75.756,-1.799566850,0.003910978,0.001722236,0.000652472,-0.003856168,0.001722236,,,
1786043667636155019,1786043667.635451649,/novatel/oem7/odom,/novatel/oem7/fix,/novatel/oem7/odom,39.663,-75.756,-1.799566850,0.003910978,0.001722236,0.000652472,-0.003856168,0.001722236,,,
1786043667645931856,1786043667.645305386,/novatel/oem7/inspva,/novatel/oem7/inspva,/novatel/oem7/inspva,39.663,-75.756,-1.799571583,0.002691345,0.001861439,-0.002340137,0.001329322,0.001861439,,novatel_oem7_msgs.msg.InertialSolutionStatus(status=3),
1786043667647287622,1786043667.645470068,/novatel/oem7/fix,/novatel/oem7/fix,/novatel/oem7/inspva,39.663,-75.756,-1.799571583,0.002691345,0.001861439,-0.002340137,0.001329322,0.001861439,,0,
1786043667648309762,1786043667.646055634,/novatel/oem7/odom,/novatel/oem7/fix,/novatel/oem7/odom,39.663,-75.756,-1.799571583,0.002692370,0.001859956,0.001212364,-0.002403962,0.001859956,,,
1786043667657134679,1786043667.656401239,/novatel/oem7/odom,/novatel/oem7/fix,/novatel/oem7/odom,39.663,-75.756,-1.799571583,0.002692370,0.001859956,0.001212364,-0.002403962,0.001859956,,,
1786043667666671357,1786043667.666055754,/novatel/oem7/inspva,/novatel/oem7/inspva,/novatel/oem7/inspva,39.663,-75.756,-1.799582413,0.002509125,0.002047232,-0.002427638,0.000634257,0.002047232,,novatel_oem7_msgs.msg.InertialSolutionStatus(status=3),
1786043667668079734,1786043667.666200715,/novatel/oem7/fix,/novatel/oem7/fix,/novatel/oem7/inspva,39.663,-75.756,-1.799582413,0.002509125,0.002047232,-0.002427638,0.000634257,0.002047232,,0,
1786043667669116051,1786043667.666848939,/novatel/oem7/odom,/novatel/oem7/fix,/novatel/oem7/odom,39.663,-75.756,-1.799582413,0.002512651,0.002042902,0.000513262,-0.002459671,0.002042902,,,
1786043667675247202,1786043667.674555401,/novatel/oem7/odom,/novatel/oem7/fix,/novatel/oem7/odom,39.663,-75.756,-1.799582413,0.002512651,0.002042902,0.000513262,-0.002459671,0.002042902,,,
1786043667685852642,1786043667.685249103,/novatel/oem7/inspva,/novatel/oem7/inspva,/novatel/oem7/inspva,39.663,-75.756,-1.799595735,0.003158282,-0.000343363,-0.003081746,0.000691077,-0.000343363,,novatel_oem7_msgs.msg.InertialSolutionStatus(status=3),
1786043667687233790,1786043667.685320226,/novatel/oem7/fix,/novatel/oem7/fix,/novatel/oem7/inspva,39.663,-75.756,-1.799595735,0.003158282,-0.000343363,-0.003081746,0.000691077,-0.000343363,,0,
1786043667688259493,1786043667.686072884,/novatel/oem7/odom,/novatel/oem7/fix,/novatel/oem7/odom,39.663,-75.756,-1.799595735,0.003157638,-0.000349239,0.000548958,-0.003109553,-0.000349239,,,
1786043667696167891,1786043667.695462447,/novatel/oem7/odom,/novatel/oem7/fix,/novatel/oem7/odom,39.663,-75.756,-1.799595735,0.003157638,-0.000349239,0.000548958,-0.003109553,-0.000349239,,,
1786043667706388095,1786043667.705764959,/novatel/oem7/inspva,/novatel/oem7/inspva,/novatel/oem7/inspva,39.663,-75.756,-1.799594491,0.003732829,0.000535551,-0.003558573,0.001127194,0.000535551,,novatel_oem7_msgs.msg.InertialSolutionStatus(status=3),
1786043667707738098,1786043667.705900384,/novatel/oem7/fix,/novatel/oem7/fix,/novatel/oem7/inspva,39.663,-75.756,-1.799594491,0.003732829,0.000535551,-0.003558573,0.001127194,0.000535551,,0,
1786043667708762735,1786043667.706365315,/novatel/oem7/odom,/novatel/oem7/fix,/novatel/oem7/odom,39.663,-75.756,-1.799594491,0.003733623,0.000529986,0.000959188,-0.003608310,0.000529986,,,
1786043667710193236,1786043667.709395461,/novatel/oem7/bestpos,/novatel/oem7/bestpos,/novatel/oem7/odom,39.663,-75.756,33.182787701,0.003733623,0.000529986,0.000959188,-0.003608310,0.000529986,,novatel_oem7_msgs.msg.SolutionStatus(status=0),novatel_oem7_msgs.msg.PositionOrVelocityType(type=53)
1786043667711730711,1786043667.709990920,/novatel/oem7/bestvel,/novatel/oem7/bestpos,/novatel/oem7/bestvel,39.663,-75.756,33.182787701,0.004154176,0.001474473,,,,180.319795278,novatel_oem7_msgs.msg.SolutionStatus(status=0),novatel_oem7_msgs.msg.PositionOrVelocityType(type=53)
1786043667715186001,1786043667.714465004,/novatel/oem7/odom,/novatel/oem7/bestpos,/novatel/oem7/odom,39.663,-75.756,33.182787701,0.003733623,0.000529986,0.000959188,-0.003608310,0.000529986,,,
1786043667727162966,1786043667.726499100,/novatel/oem7/inspva,/novatel/oem7/inspva,/novatel/oem7/inspva,39.663,-75.756,-1.799574989,0.003581769,0.003355176,-0.002994034,0.001965918,0.003355176,,novatel_oem7_msgs.msg.InertialSolutionStatus(status=3),
1786043667728511796,1786043667.726640974,/novatel/oem7/fix,/novatel/oem7/fix,/novatel/oem7/inspva,39.663,-75.756,-1.799574989,0.003581769,0.003355176,-0.002994034,0.001965918,0.003355176,,0,
1786043667729526363,1786043667.727047192,/novatel/oem7/odom,/novatel/oem7/fix,/novatel/oem7/odom,39.663,-75.756,-1.799574989,0.003582672,0.003354212,0.001812221,-0.003090533,0.003354212,,,
1786043667735586979,1786043667.734861402,/novatel/oem7/odom,/novatel/oem7/fix,/novatel/oem7/odom,39.663,-75.756,-1.799574989,0.003582672,0.003354212,0.001812221,-0.003090533,0.003354212,,,
1786043667745691336,1786043667.745053606,/novatel/oem7/inspva,/novatel/oem7/inspva,/novatel/oem7/inspva,39.663,-75.756,-1.799591429,0.003440278,0.002570866,-0.002759462,0.002054478,0.002570866,,novatel_oem7_msgs.msg.InertialSolutionStatus(status=3),
1786043667747008439,1786043667.745187594,/novatel/oem7/fix,/novatel/oem7/fix,/novatel/oem7/inspva,39.663,-75.756,-1.799591429,0.003440278,0.002570866,-0.002759462,0.002054478,0.002570866,,0,
1786043667748045375,1786043667.745553885,/novatel/oem7/odom,/novatel/oem7/fix,/novatel/oem7/odom,39.663,-75.756,-1.799591429,0.003440273,0.002570871,0.001914575,-0.002858301,0.002570871,,,
1786043667756536486,1786043667.755789675,/novatel/oem7/odom,/novatel/oem7/fix,/novatel/oem7/odom,39.663,-75.756,-1.799591429,0.003440273,0.002570871,0.001914575,-0.002858301,0.002570871,,,
1786043667765902381,1786043667.765281169,/novatel/oem7/inspva,/novatel/oem7/inspva,/novatel/oem7/inspva,39.663,-75.756,-1.799606261,0.002551934,-0.000020697,-0.002308200,0.001088384,-0.000020697,,novatel_oem7_msgs.msg.InertialSolutionStatus(status=3),
1786043667767327515,1786043667.765462047,/novatel/oem7/fix,/novatel/oem7/fix,/novatel/oem7/inspva,39.663,-75.756,-1.799606261,0.002551934,-0.000020697,-0.002308200,0.001088384,-0.000020697,,0,
1786043667768379276,1786043667.766121880,/novatel/oem7/odom,/novatel/oem7/fix,/novatel/oem7/odom,39.663,-75.756,-1.799606261,0.002551914,-0.000022988,0.000980442,-0.002356056,-0.000022988,,,
1786043667775857673,1786043667.775131262,/novatel/oem7/odom,/novatel/oem7/fix,/novatel/oem7/odom,39.663,-75.756,-1.799606261,0.002551914,-0.000022988,0.000980442,-0.002356056,-0.000022988,,,
1786043667786904865,1786043667.786221409,/novatel/oem7/inspva,/novatel/oem7/inspva,/novatel/oem7/inspva,39.663,-75.756,-1.799614244,0.003001784,-0.000386956,-0.002819431,0.001030298,-0.000386956,,novatel_oem7_msgs.msg.InertialSolutionStatus(status=3),
1786043667788291782,1786043667.786377853,/novatel/oem7/fix,/novatel/oem7/fix,/novatel/oem7/inspva,39.663,-75.756,-1.799614244,0.003001784,-0.000386956,-0.002819431,0.001030298,-0.000386956,,0,
1786043667789332549,1786043667.786915865,/novatel/oem7/odom,/novatel/oem7/fix,/novatel/oem7/odom,39.663,-75.756,-1.799614244,0.003001278,-0.000390865,0.000900170,-0.002863103,-0.000390865,,,
1786043667795266505,1786043667.794533967,/novatel/oem7/odom,/novatel/oem7/fix,/novatel/oem7/odom,39.663,-75.756,-1.799614244,0.003001278,-0.000390865,0.000900170,-0.002863103,-0.000390865,,,
1786043667806874991,1786043667.806573176,/novatel/oem7/inspva,/novatel/oem7/inspva,/novatel/oem7/inspva,39.663,-75.756,-1.799593350,0.004548427,0.002722967,-0.003712562,0.002627751,0.002722967,,novatel_oem7_msgs.msg.InertialSolutionStatus(status=3),
1786043667807493605,1786043667.806724187,/novatel/oem7/fix,/novatel/oem7/fix,/novatel/oem7/inspva,39.663,-75.756,-1.799593350,0.004548427,0.002722967,-0.003712562,0.002627751,0.002722967,,0,
1786043667807970697,1786043667.807211362,/novatel/oem7/odom,/novatel/oem7/fix,/novatel/oem7/odom,39.663,-75.756,-1.799593350,0.004548755,0.002722420,0.002442534,-0.003837342,0.002722420,,,
1786043667810363472,1786043667.810063010,/novatel/oem7/bestpos,/novatel/oem7/bestpos,/novatel/oem7/odom,39.663,-75.756,33.182757138,0.004548755,0.002722420,0.002442534,-0.003837342,0.002722420,,novatel_oem7_msgs.msg.SolutionStatus(status=0),novatel_oem7_msgs.msg.PositionOrVelocityType(type=53)
1786043667810983701,1786043667.810502945,/novatel/oem7/bestvel,/novatel/oem7/bestpos,/novatel/oem7/bestvel,39.663,-75.756,33.182757138,0.003634063,0.002176492,,,,136.742906201,novatel_oem7_msgs.msg.SolutionStatus(status=0),novatel_oem7_msgs.msg.PositionOrVelocityType(type=53)
1786043667817600625,1786043667.816856964,/novatel/oem7/odom,/novatel/oem7/bestpos,/novatel/oem7/odom,39.663,-75.756,33.182757138,0.004548755,0.002722420,0.002442534,-0.003837342,0.002722420,,,
1786043667825891193,1786043667.825175056,/novatel/oem7/inspva,/novatel/oem7/inspva,/novatel/oem7/inspva,39.663,-75.756,-1.799610673,0.003421759,0.002334927,-0.002784977,0.001988049,0.002334927,,novatel_oem7_msgs.msg.InertialSolutionStatus(status=3),
1786043667827208139,1786043667.825373804,/novatel/oem7/fix,/novatel/oem7/fix,/novatel/oem7/inspva,39.663,-75.756,-1.799610673,0.003421759,0.002334927,-0.002784977,0.001988049,0.002334927,,0,
1786043667828254166,1786043667.825881036,/novatel/oem7/odom,/novatel/oem7/fix,/novatel/oem7/odom,39.663,-75.756,-1.799610673,0.003421932,0.002334674,0.001847913,-0.002880076,0.002334674,,,
1786043667835412633,1786043667.834695903,/novatel/oem7/odom,/novatel/oem7/fix,/novatel/oem7/odom,39.663,-75.756,-1.799610673,0.003421932,0.002334674,0.001847913,-0.002880076,0.002334674,,,
1786043667848326728,1786043667.847750542,/novatel/oem7/inspva,/novatel/oem7/inspva,/novatel/oem7/inspva,39.663,-75.756,-1.799631954,0.001546175,0.000039896,-0.001417839,0.000616757,0.000039896,,novatel_oem7_msgs.msg.InertialSolutionStatus(status=3),
1786043667849728838,1786043667.847839038,/novatel/oem7/fix,/novatel/oem7/fix,/novatel/oem7/inspva,39.663,-75.756,-1.799631954,0.001546175,0.000039896,-0.001417839,0.000616757,0.000039896,,0,
1786043667850768392,1786043667.848363491,/novatel/oem7/odom,/novatel/oem7/fix,/novatel/oem7/odom,39.663,-75.756,-1.799631954,0.001546216,0.000038269,0.000550306,-0.001444973,0.000038269,,,
1786043667856891128,1786043667.856243872,/novatel/oem7/odom,/novatel/oem7/fix,/novatel/oem7/odom,39.663,-75.756,-1.799631954,0.001546216,0.000038269,0.000550306,-0.001444973,0.000038269,,,
1786043667865499333,1786043667.865027256,/novatel/oem7/inspva,/novatel/oem7/inspva,/novatel/oem7/inspva,39.663,-75.756,-1.799647631,0.001832167,-0.000166111,-0.001512374,0.001034196,-0.000166111,,novatel_oem7_msgs.msg.InertialSolutionStatus(status=3),
1786043667866770802,1786043667.865110980,/novatel/oem7/fix,/novatel/oem7/fix,/novatel/oem7/inspva,39.663,-75.756,-1.799647631,0.001832167,-0.000166111,-0.001512374,0.001034196,-0.000166111,,0,
1786043667867779182,1786043667.865582081,/novatel/oem7/odom,/novatel/oem7/fix,/novatel/oem7/odom,39.663,-75.756,-1.799647631,0.001832138,-0.000166430,0.000963707,-0.001558203,-0.000166430,,,
1786043667876050237,1786043667.875406004,/novatel/oem7/odom,/novatel/oem7/fix,/novatel/oem7/odom,39.663,-75.756,-1.799647631,0.001832138,-0.000166430,0.000963707,-0.001558203,-0.000166430,,,
1786043667885796697,1786043667.885317788,/novatel/oem7/inspva,/novatel/oem7/inspva,/novatel/oem7/inspva,39.663,-75.756,-1.799641849,0.004360654,0.001037139,-0.003776200,0.002180737,0.001037139,,novatel_oem7_msgs.msg.InertialSolutionStatus(status=3),
1786043667887082226,1786043667.885402025,/novatel/oem7/fix,/novatel/oem7/fix,/novatel/oem7/inspva,39.663,-75.756,-1.799641849,0.004360654,0.001037139,-0.003776200,0.002180737,0.001037139,,0,
1786043667888095903,1786043667.886294405,/novatel/oem7/odom,/novatel/oem7/fix,/novatel/oem7/odom,39.663,-75.756,-1.799641849,0.004361222,0.001034746,0.001999566,-0.003875822,0.001034746,,,
1786043667895633567,1786043667.894981314,/novatel/oem7/odom,/novatel/oem7/fix,/novatel/oem7/odom,39.663,-75.756,-1.799641849,0.004361222,0.001034746,0.001999566,-0.003875822,0.001034746,,,
1786043667906356133,1786043667.905903430,/novatel/oem7/inspva,/novatel/oem7/inspva,/novatel/oem7/inspva,39.663,-75.756,-1.799652962,0.003299196,0.001829720,-0.002454229,0.002204871,0.001829720,,novatel_oem7_msgs.msg.InertialSolutionStatus(status=3),
1786043667907853354,1786043667.905981212,/novatel/oem7/fix,/novatel/oem7/fix,/novatel/oem7/inspva,39.663,-75.756,-1.799652962,0.003299196,0.001829720,-0.002454229,0.002204871,0.001829720,,0,
1786043667908872847,1786043667.906505424,/novatel/oem7/odom,/novatel/oem7/fix,/novatel/oem7/odom,39.663,-75.756,-1.799652962,0.003298422,0.001831114,0.002081818,-0.002558441,0.001831114,,,
1786043667910314782,1786043667.909294558,/novatel/oem7/bestpos,/novatel/oem7/bestpos,/novatel/oem7/odom,39.663,-75.756,33.182695783,0.003298422,0.001831114,0.002081818,-0.002558441,0.001831114,,novatel_oem7_msgs.msg.SolutionStatus(status=0),novatel_oem7_msgs.msg.PositionOrVelocityType(type=53)
1786043667911680878,1786043667.909893947,/novatel/oem7/bestvel,/novatel/oem7/bestpos,/novatel/oem7/bestvel,39.663,-75.756,33.182695783,0.002599885,0.001801375,,,,138.969296335,novatel_oem7_msgs.msg.SolutionStatus(status=0),novatel_oem7_msgs.msg.PositionOrVelocityType(type=53)
1786043667914910889,1786043667.914528536,/novatel/oem7/odom,/novatel/oem7/bestpos,/novatel/oem7/odom,39.663,-75.756,33.182695783,0.003298422,0.001831114,0.002081818,-0.002558441,0.001831114,,,
1786043667925842455,1786043667.925326173,/novatel/oem7/inspva,/novatel/oem7/inspva,/novatel/oem7/inspva,39.663,-75.756,-1.799674913,0.001491669,0.000172825,-0.001290516,0.000748094,0.000172825,,novatel_oem7_msgs.msg.InertialSolutionStatus(status=3),
1786043667927117630,1786043667.925468619,/novatel/oem7/fix,/novatel/oem7/fix,/novatel/oem7/inspva,39.663,-75.756,-1.799674913,0.001491669,0.000172825,-0.001290516,0.000748094,0.000172825,,0,
1786043667928132334,1786043667.926045280,/novatel/oem7/odom,/novatel/oem7/fix,/novatel/oem7/odom,39.663,-75.756,-1.799674913,0.001491758,0.000172056,0.000686884,-0.001324210,0.000172056,,,
1786043667936231454,1786043667.935590018,/novatel/oem7/odom,/novatel/oem7/fix,/novatel/oem7/odom,39.663,-75.756,-1.799674913,0.001491758,0.000172056,0.000686884,-0.001324210,0.000172056,,,
1786043667946254799,1786043667.945485965,/novatel/oem7/inspva,/novatel/oem7/inspva,/novatel/oem7/inspva,39.663,-75.756,-1.799696422,0.001578272,-0.000382394,-0.000919152,0.001283005,-0.000382394,,novatel_oem7_msgs.msg.InertialSolutionStatus(status=3),
1786043667947628583,1786043667.945737798,/novatel/oem7/fix,/novatel/oem7/fix,/novatel/oem7/inspva,39.663,-75.756,-1.799696422,0.001578272,-0.000382394,-0.000919152,0.001283005,-0.000382394,,0,
1786043667948082463,1786043667.946127215,/novatel/oem7/odom,/novatel/oem7/fix,/novatel/oem7/odom,39.663,-75.756,-1.799696422,0.001491763,0.000172012,0.000686896,-0.001324209,0.000172012,,,
1786043667956088573,1786043667.955768943,/novatel/oem7/odom,/novatel/oem7/fix,/novatel/oem7/odom,39.663,-75.756,-1.799696422,0.001578809,-0.000380170,0.001240556,-0.000976554,-0.000380170,,,
1786043667966929854,1786043667.966516909,/novatel/oem7/inspva,/novatel/oem7/inspva,/novatel/oem7/inspva,39.663,-75.756,-1.799702302,0.004087425,0.000059781,-0.003077213,0.002690317,0.000059781,,novatel_oem7_msgs.msg.InertialSolutionStatus(status=3),
1786043667967530500,1786043667.966724198,/novatel/oem7/fix,/novatel/oem7/fix,/novatel/oem7/inspva,39.663,-75.756,-1.799702302,0.004087425,0.000059781,-0.003077213,0.002690317,0.000059781,,0,
1786043667968193230,1786043667.967243418,/novatel/oem7/odom,/novatel/oem7/fix,/novatel/oem7/odom,39.663,-75.756,-1.799702302,0.004087405,0.000061172,0.002544748,-0.003198614,0.000061172,,,
1786043667975554484,1786043667.975101153,/novatel/oem7/odom,/novatel/oem7/fix,/novatel/oem7/odom,39.663,-75.756,-1.799702302,0.004087405,0.000061172,0.002544748,-0.003198614,0.000061172,,,
1786043667985560738,1786043667.985154362,/novatel/oem7/inspva,/novatel/oem7/inspva,/novatel/oem7/inspva,39.663,-75.756,-1.799714557,0.003548514,0.000656721,-0.002688273,0.002316276,0.000656721,,novatel_oem7_msgs.msg.InertialSolutionStatus(status=3),
1786043667986134391,1786043667.985340948,/novatel/oem7/fix,/novatel/oem7/fix,/novatel/oem7/inspva,39.663,-75.756,-1.799714557,0.003548514,0.000656721,-0.002688273,0.002316276,0.000656721,,0,
1786043667986593884,1786043667.985760790,/novatel/oem7/odom,/novatel/oem7/fix,/novatel/oem7/odom,39.663,-75.756,-1.799714557,0.003548297,0.000657890,0.002186817,-0.002794323,0.000657890,,,
1786043667995870464,1786043667.995459241,/novatel/oem7/odom,/novatel/oem7/fix,/novatel/oem7/odom,39.663,-75.756,-1.799714557,0.003548297,0.000657890,0.002186817,-0.002794323,0.000657890,,,
1786043668010209187,1786043668.009936134,/novatel/oem7/inspva,/novatel/oem7/inspva,/novatel/oem7/inspva,39.663,-75.756,-1.799728908,0.002127631,0.000704659,-0.001270793,0.001706429,0.000704659,,novatel_oem7_msgs.msg.InertialSolutionStatus(status=3),
1786043668011503876,1786043668.010127655,/novatel/oem7/fix,/novatel/oem7/fix,/novatel/oem7/inspva,39.663,-75.756,-1.799728908,0.002127631,0.000704659,-0.001270793,0.001706429,0.000704659,,0,
1786043668012829360,1786043668.012276037,/novatel/oem7/odom,/novatel/oem7/fix,/novatel/oem7/odom,39.663,-75.756,-1.799728908,0.002126681,0.000707522,0.001643038,-0.001350258,0.000707522,,,
1786043668017321244,1786043668.016958363,/novatel/oem7/odom,/novatel/oem7/fix,/novatel/oem7/odom,39.663,-75.756,-1.799728908,0.002126681,0.000707522,0.001643038,-0.001350258,0.000707522,,,
1786043668024555388,1786043668.024233911,/novatel/oem7/bestpos,/novatel/oem7/bestpos,/novatel/oem7/odom,39.663,-75.756,33.182619992,0.002126681,0.000707522,0.001643038,-0.001350258,0.000707522,,novatel_oem7_msgs.msg.SolutionStatus(status=0),novatel_oem7_msgs.msg.PositionOrVelocityType(type=53)
1786043668025184987,1786043668.024637605,/novatel/oem7/bestvel,/novatel/oem7/bestpos,/novatel/oem7/bestvel,39.663,-75.756,33.182619992,0.002365856,0.000446036,,,,119.013595892,novatel_oem7_msgs.msg.SolutionStatus(status=0),novatel_oem7_msgs.msg.PositionOrVelocityType(type=53)
1786043668027160616,1786043668.026863580,/novatel/oem7/inspva,/novatel/oem7/inspva,/novatel/oem7/inspva,39.663,-75.756,-1.799755377,0.002283233,-0.000028302,-0.001179284,0.001955107,-0.000028302,,novatel_oem7_msgs.msg.InertialSolutionStatus(status=3),
1786043668027738956,1786043668.027074696,/novatel/oem7/fix,/novatel/oem7/fix,/novatel/oem7/inspva,39.663,-75.756,-1.799755377,0.002283233,-0.000028302,-0.001179284,0.001955107,-0.000028302,,0,
1786043668028194922,1786043668.027464246,/novatel/oem7/odom,/novatel/oem7/fix,/novatel/oem7/odom,39.663,-75.756,-1.799755377,0.002283280,-0.000024252,0.001898520,-0.001268459,-0.000024252,,,
1786043668034994492,1786043668.034587490,/novatel/oem7/odom,/novatel/oem7/fix,/novatel/oem7/odom,39.663,-75.756,-1.799755377,0.002283280,-0.000024252,0.001898520,-0.001268459,-0.000024252,,,
1786043668045838131,1786043668.045381120,/novatel/oem7/inspva,/novatel/oem7/inspva,/novatel/oem7/inspva,39.663,-75.756,-1.799771414,0.002922917,-0.000277952,-0.002214885,0.001907283,-0.000277952,,novatel_oem7_msgs.msg.InertialSolutionStatus(status=3),
1786043668046752410,1786043668.045628972,/novatel/oem7/fix,/novatel/oem7/fix,/novatel/oem7/inspva,39.663,-75.756,-1.799771414,0.002922917,-0.000277952,-0.002214885,0.001907283,-0.000277952,,0,
1786043668047542661,1786043668.046199398,/novatel/oem7/odom,/novatel/oem7/fix,/novatel/oem7/odom,39.663,-75.756,-1.799771414,0.002923002,-0.000277055,0.001803787,-0.002300064,-0.000277055,,,
1786043668057075826,1786043668.056593264,/novatel/oem7/odom,/novatel/oem7/fix,/novatel/oem7/odom,39.663,-75.756,-1.799771414,0.002923002,-0.000277055,0.001803787,-0.002300064,-0.000277055,,,
1786043668065517237,1786043668.065161621,/novatel/oem7/inspva,/novatel/oem7/inspva,/novatel/oem7/inspva,39.663,-75.756,-1.799780288,0.003581351,-0.000007307,-0.002362718,0.002691400,-0.000007307,,novatel_oem7_msgs.msg.InertialSolutionStatus(status=3),
1786043668066083174,1786043668.065321386,/novatel/oem7/fix,/novatel/oem7/fix,/novatel/oem7/inspva,39.663,-75.756,-1.799780288,0.003581351,-0.000007307,-0.002362718,0.002691400,-0.000007307,,0,
1786043668066545295,1786043668.065747871,/novatel/oem7/odom,/novatel/oem7/fix,/novatel/oem7/odom,39.663,-75.756,-1.799780288,0.003581356,-0.000003872,0.002579179,-0.002484743,-0.000003872,,,
1786043668074934842,1786043668.074585394,/novatel/oem7/odom,/novatel/oem7/fix,/novatel/oem7/odom,39.663,-75.756,-1.799780288,0.003581356,-0.000003872,0.002579179,-0.002484743,-0.000003872,,,
1786043668087076562,1786043668.086796898,/novatel/oem7/inspva,/novatel/oem7/inspva,/novatel/oem7/inspva,39.663,-75.756,-1.799782800,0.002304547,0.001162328,-0.001267803,0.001924477,0.001162328,,novatel_oem7_msgs.msg.InertialSolutionStatus(status=3),
1786043668087668518,1786043668.086954090,/novatel/oem7/fix,/novatel/oem7/fix,/novatel/oem7/inspva,39.663,-75.756,-1.799782800,0.002304547,0.001162328,-0.001267803,0.001924477,0.001162328,,0,
1786043668088315764,1786043668.087632206,/novatel/oem7/odom,/novatel/oem7/fix,/novatel/oem7/odom,39.663,-75.756,-1.799782800,0.002302668,0.001166045,0.001859182,-0.001358574,0.001166045,,,
1786043668095394565,1786043668.095047406,/novatel/oem7/odom,/novatel/oem7/fix,/novatel/oem7/odom,39.663,-75.756,-1.799782800,0.002302668,0.001166045,0.001859182,-0.001358574,0.001166045,,,
1786043668106120629,1786043668.105855616,/novatel/oem7/inspva,/novatel/oem7/inspva,/novatel/oem7/inspva,39.663,-75.756,-1.799801381,0.002432972,0.001239490,-0.001024594,0.002206708,0.001239490,,novatel_oem7_msgs.msg.InertialSolutionStatus(status=3),
1786043668106674904,1786043668.106007061,/novatel/oem7/fix,/novatel/oem7/fix,/novatel/oem7/inspva,39.663,-75.756,-1.799801381,0.002432972,0.001239490,-0.001024594,0.002206708,0.001239490,,0,
1786043668107322092,1786043668.106620210,/novatel/oem7/odom,/novatel/oem7/fix,/novatel/oem7/odom,39.663,-75.756,-1.799801381,0.002430229,0.001244862,0.002152118,-0.001128894,0.001244862,,,
1786043668109569573,1786043668.109256736,/novatel/oem7/bestpos,/novatel/oem7/bestpos,/novatel/oem7/odom,39.663,-75.756,33.182526658,0.002430229,0.001244862,0.002152118,-0.001128894,0.001244862,,novatel_oem7_msgs.msg.SolutionStatus(status=0),novatel_oem7_msgs.msg.PositionOrVelocityType(type=53)
1786043668110169254,1786043668.109800108,/novatel/oem7/bestvel,/novatel/oem7/bestpos,/novatel/oem7/bestvel,39.663,-75.756,33.182526658,0.002313275,0.001135130,,,,110.474892242,novatel_oem7_msgs.msg.SolutionStatus(status=0),novatel_oem7_msgs.msg.PositionOrVelocityType(type=53)
1786043668115971280,1786043668.115544545,/novatel/oem7/odom,/novatel/oem7/bestpos,/novatel/oem7/odom,39.663,-75.756,33.182526658,0.002430229,0.001244862,0.002152118,-0.001128894,0.001244862,,,
1786043668125804846,1786043668.125514060,/novatel/oem7/inspva,/novatel/oem7/inspva,/novatel/oem7/inspva,39.663,-75.756,-1.799826739,0.002830860,-0.001325871,-0.002006084,0.001997346,-0.001325871,,novatel_oem7_msgs.msg.InertialSolutionStatus(status=3),
1786043668126401071,1786043668.125722135,/novatel/oem7/fix,/novatel/oem7/fix,/novatel/oem7/inspva,39.663,-75.756,-1.799826739,0.002830860,-0.001325871,-0.002006084,0.001997346,-0.001325871,,0,
1786043668127085320,1786043668.126286904,/novatel/oem7/odom,/novatel/oem7/fix,/novatel/oem7/odom,39.663,-75.756,-1.799826739,0.002831753,-0.001323962,0.001907452,-0.002092953,-0.001323962,,,
1786043668135286182,1786043668.134950337,/novatel/oem7/odom,/novatel/oem7/fix,/novatel/oem7/odom,39.663,-75.756,-1.799826739,0.002831753,-0.001323962,0.001907452,-0.002092953,-0.001323962,,,
1786043668146402637,1786043668.146055532,/novatel/oem7/inspva,/novatel/oem7/inspva,/novatel/oem7/inspva,39.663,-75.756,-1.799830127,0.002459806,-0.000637279,-0.001801895,0.001674461,-0.000637279,,novatel_oem7_msgs.msg.InertialSolutionStatus(status=3),
1786043668146977328,1786043668.146227134,/novatel/oem7/fix,/novatel/oem7/fix,/novatel/oem7/inspva,39.663,-75.756,-1.799830127,0.002459806,-0.000637279,-0.001801895,0.001674461,-0.000637279,,0,
1786043668147433479,1786043668.146629177,/novatel/oem7/odom,/novatel/oem7/fix,/novatel/oem7/odom,39.663,-75.756,-1.799830127,0.002460136,-0.000636004,0.001591739,-0.001875803,-0.000636004,,,
1786043668156388172,1786043668.156034518,/novatel/oem7/odom,/novatel/oem7/fix,/novatel/oem7/odom,39.663,-75.756,-1.799830127,0.002460136,-0.000636004,0.001591739,-0.001875803,-0.000636004,,,
1786043668165633608,1786043668.165345469,/novatel/oem7/inspva,/novatel/oem7/inspva,/novatel/oem7/inspva,39.663,-75.756,-1.799829531,0.004039911,0.001200208,-0.002163654,0.003411668,0.001200208,,novatel_oem7_msgs.msg.InertialSolutionStatus(status=3),
1786043668166791683,1786043668.165537618,/novatel/oem7/fix,/novatel/oem7/fix,/novatel/oem7/inspva,39.663,-75.756,-1.799829531,0.004039911,0.001200208,-0.002163654,0.003411668,0.001200208,,0,
1786043668167745441,1786043668.166136460,/novatel/oem7/odom,/novatel/oem7/fix,/novatel/oem7/odom,39.663,-75.756,-1.799829531,0.004037907,0.001206931,0.003303198,-0.002322407,0.001206931,,,
1786043668176181396,1786043668.175673214,/novatel/oem7/odom,/novatel/oem7/fix,/novatel/oem7/odom,39.663,-75.756,-1.799829531,0.004037907,0.001206931,0.003303198,-0.002322407,0.001206931,,,
1786043668185464757,1786043668.185101854,/novatel/oem7/inspva,/novatel/oem7/inspva,/novatel/oem7/inspva,39.663,-75.756,-1.799847349,0.002545836,0.001282893,-0.001608370,0.001973430,0.001282893,,novatel_oem7_msgs.msg.InertialSolutionStatus(status=3),
1786043668186067142,1786043668.185258125,/novatel/oem7/fix,/novatel/oem7/fix,/novatel/oem7/inspva,39.663,-75.756,-1.799847349,0.002545836,0.001282893,-0.001608370,0.001973430,0.001282893,,0,
1786043668186538900,1786043668.185650301,/novatel/oem7/odom,/novatel/oem7/fix,/novatel/oem7/odom,39.663,-75.756,-1.799847349,0.002544350,0.001285838,0.001891847,-0.001701362,0.001285838,,,
1786043668194848900,1786043668.194375985,/novatel/oem7/odom,/novatel/oem7/fix,/novatel/oem7/odom,39.663,-75.756,-1.799847349,0.002544350,0.001285838,0.001891847,-0.001701362,0.001285838,,,
1786043668207310532,1786043668.206686540,/novatel/oem7/inspva,/novatel/oem7/inspva,/novatel/oem7/inspva,39.663,-75.756,-1.799883232,0.000826300,-0.001663833,-0.000554947,0.000612214,-0.001663833,,novatel_oem7_msgs.msg.InertialSolutionStatus(status=3),
1786043668208689806,1786043668.206852542,/novatel/oem7/fix,/novatel/oem7/fix,/novatel/oem7/inspva,39.663,-75.756,-1.799883232,0.000826300,-0.001663833,-0.000554947,0.000612214,-0.001663833,,0,
1786043668209816031,1786043668.207281393,/novatel/oem7/odom,/novatel/oem7/fix,/novatel/oem7/odom,39.663,-75.756,-1.799883232,0.000827831,-0.001663072,0.000592288,-0.000578359,-0.001663072,,,
1786043668211341506,1786043668.210099627,/novatel/oem7/bestpos,/novatel/oem7/bestpos,/novatel/oem7/odom,39.663,-75.756,33.182460393,0.000827831,-0.001663072,0.000592288,-0.000578359,-0.001663072,,novatel_oem7_msgs.msg.SolutionStatus(status=0),novatel_oem7_msgs.msg.PositionOrVelocityType(type=53)
1786043668212312899,1786043668.210609239,/novatel/oem7/bestvel,/novatel/oem7/bestpos,/novatel/oem7/bestvel,39.663,-75.756,33.182460393,0.001515810,-0.000628036,,,,193.971652202,novatel_oem7_msgs.msg.SolutionStatus(status=0),novatel_oem7_msgs.msg.PositionOrVelocityType(type=53)
1786043668215737532,1786043668.215102764,/novatel/oem7/odom,/novatel/oem7/bestpos,/novatel/oem7/odom,39.663,-75.756,33.182460393,0.000827831,-0.001663072,0.000592288,-0.000578359,-0.001663072,,,
1786043668225736524,1786043668.225177612,/novatel/oem7/inspva,/novatel/oem7/inspva,/novatel/oem7/inspva,39.663,-75.756,-1.799894382,0.001874061,-0.001236475,-0.001391907,0.001254871,-0.001236475,,novatel_oem7_msgs.msg.InertialSolutionStatus(status=3),
1786043668227045814,1786043668.225360600,/novatel/oem7/fix,/novatel/oem7/fix,/novatel/oem7/inspva,39.663,-75.756,-1.799894382,0.001874061,-0.001236475,-0.001391907,0.001254871,-0.001236475,,0,
1786043668228112551,1786043668.225756331,/novatel/oem7/odom,/novatel/oem7/fix,/novatel/oem7/odom,39.663,-75.756,-1.799894382,0.001874618,-0.001235630,0.001193879,-0.001445284,-0.001235630,,,
1786043668236776487,1786043668.235959322,/novatel/oem7/odom,/novatel/oem7/fix,/novatel/oem7/odom,39.663,-75.756,-1.799894382,0.001874618,-0.001235630,0.001193879,-0.001445284,-0.001235630,,,
1786043668245623891,1786043668.245310991,/novatel/oem7/inspva,/novatel/oem7/inspva,/novatel/oem7/inspva,39.663,-75.756,-1.799889418,0.003943174,0.001253705,-0.002647011,0.002922662,0.001253705,,novatel_oem7_msgs.msg.InertialSolutionStatus(status=3),
1786043668246240628,1786043668.245520366,/novatel/oem7/fix,/novatel/oem7/fix,/novatel/oem7/inspva,39.663,-75.756,-1.799889418,0.003943174,0.001253705,-0.002647011,0.002922662,0.001253705,,0,
1786043668246935894,1786043668.246242076,/novatel/oem7/odom,/novatel/oem7/fix,/novatel/oem7/odom,39.663,-75.756,-1.799889418,0.003942026,0.001257309,0.002792072,-0.002782787,0.001257309,,,
1786043668257146071,1786043668.256779760,/novatel/oem7/odom,/novatel/oem7/fix,/novatel/oem7/odom,39.663,-75.756,-1.799889418,0.003942026,0.001257309,0.002792072,-0.002782787,0.001257309,,,
1786043668265916310,1786043668.265387185,/novatel/oem7/inspva,/novatel/oem7/inspva,/novatel/oem7/inspva,39.663,-75.756,-1.799913318,0.003724522,0.001205594,-0.002310103,0.002921556,0.001205594,,novatel_oem7_msgs.msg.InertialSolutionStatus(status=3),
1786043668267255077,1786043668.265555644,/novatel/oem7/fix,/novatel/oem7/fix,/novatel/oem7/inspva,39.663,-75.756,-1.799913318,0.003724522,0.001205594,-0.002310103,0.002921556,0.001205594,,0,
1786043668267735132,1786043668.266177903,/novatel/oem7/odom,/novatel/oem7/fix,/novatel/oem7/odom,39.663,-75.756,-1.799913318,0.003723047,0.001210142,0.002806795,-0.002446013,0.001210142,,,
1786043668275139662,1786043668.274775448,/novatel/oem7/odom,/novatel/oem7/fix,/novatel/oem7/odom,39.663,-75.756,-1.799913318,0.003723047,0.001210142,0.002806795,-0.002446013,0.001210142,,,
1786043668285907791,1786043668.285360916,/novatel/oem7/inspva,/novatel/oem7/inspva,/novatel/oem7/inspva,39.663,-75.756,-1.799945291,0.000690959,-0.000702464,-0.000367332,0.000585228,-0.000702464,,novatel_oem7_msgs.msg.InertialSolutionStatus(status=3),
1786043668287211140,1786043668.285545011,/novatel/oem7/fix,/novatel/oem7/fix,/novatel/oem7/inspva,39.663,-75.756,-1.799945291,0.000690959,-0.000702464,-0.000367332,0.000585228,-0.000702464,,0,
1786043668288282508,1786043668.286268225,/novatel/oem7/odom,/novatel/oem7/fix,/novatel/oem7/odom,39.663,-75.756,-1.799945291,0.000692172,-0.000701269,0.000570336,-0.000392197,-0.000701269,,,
1786043668296242479,1786043668.295576089,/novatel/oem7/odom,/novatel/oem7/fix,/novatel/oem7/odom,39.663,-75.756,-1.799945291,0.000692172,-0.000701269,0.000570336,-0.000392197,-0.000701269,,,
1786043668306576558,1786043668.306025799,/novatel/oem7/inspva,/novatel/oem7/inspva,/novatel/oem7/inspva,39.663,-75.756,-1.799964445,0.001512613,-0.001316619,-0.001028264,0.001109357,-0.001316619,,novatel_oem7_msgs.msg.InertialSolutionStatus(status=3),
1786043668307929404,1786043668.306178011,/novatel/oem7/fix,/novatel/oem7/fix,/novatel/oem7/inspva,39.663,-75.756,-1.799964445,0.001512613,-0.001316619,-0.001028264,0.001109357,-0.001316619,,0,
1786043668308991832,1786043668.306746710,/novatel/oem7/odom,/novatel/oem7/fix,/novatel/oem7/odom,39.663,-75.756,-1.799964445,0.001513748,-0.001315315,0.001065651,-0.001075091,-0.001315315,,,
1786043668310522180,1786043668.309317448,/novatel/oem7/bestpos,/novatel/oem7/bestpos,/novatel/oem7/odom,39.663,-75.756,33.182373909,0.001513748,-0.001315315,0.001065651,-0.001075091,-0.001315315,,novatel_oem7_msgs.msg.SolutionStatus(status=0),novatel_oem7_msgs.msg.PositionOrVelocityType(type=53)
1786043668311898347,1786043668.309968718,/novatel/oem7/bestvel,/novatel/oem7/bestpos,/novatel/oem7/bestvel,39.663,-75.756,33.182373909,0.001350713,-0.000860318,,,,158.912566959,novatel_oem7_msgs.msg.SolutionStatus(status=0),novatel_oem7_msgs.msg.PositionOrVelocityType(type=53)
1786043668315099562,1786043668.314461833,/novatel/oem7/odom,/novatel/oem7/bestpos,/novatel/oem7/odom,39.663,-75.756,33.182373909,0.001513748,-0.001315315,0.001065651,-0.001075091,-0.001315315,,,
1786043668327100663,1786043668.326559918,/novatel/oem7/inspva,/novatel/oem7/inspva,/novatel/oem7/inspva,39.663,-75.756,-1.799957860,0.003400371,0.001011112,-0.002496747,0.002308414,0.001011112,,novatel_oem7_msgs.msg.InertialSolutionStatus(status=3),
1786043668328439987,1786043668.326715690,/novatel/oem7/fix,/novatel/oem7/fix,/novatel/oem7/inspva,39.663,-75.756,-1.799957860,0.003400371,0.001011112,-0.002496747,0.002308414,0.001011112,,0,
1786043668329489257,1786043668.327082963,/novatel/oem7/odom,/novatel/oem7/fix,/novatel/oem7/odom,39.663,-75.756,-1.799957860,0.003399866,0.001012808,0.002186407,-0.002603596,0.001012808,,,
1786043668335856050,1786043668.335113519,/novatel/oem7/odom,/novatel/oem7/fix,/novatel/oem7/odom,39.663,-75.756,-1.799957860,0.003399866,0.001012808,0.002186407,-0.002603596,0.001012808,,,
1786043668345534725,1786043668.345005950,/novatel/oem7/inspva,/novatel/oem7/inspva,/novatel/oem7/inspva,39.663,-75.756,-1.799978100,0.003432475,0.000977420,-0.002302819,0.002545370,0.000977420,,novatel_oem7_msgs.msg.InertialSolutionStatus(status=3),
1786043668346864265,1786043668.345154715,/novatel/oem7/fix,/novatel/oem7/fix,/novatel/oem7/inspva,39.663,-75.756,-1.799978100,0.003432475,0.000977420,-0.002302819,0.002545370,0.000977420,,0,
1786043668347944276,1786043668.345580286,/novatel/oem7/odom,/novatel/oem7/fix,/novatel/oem7/odom,39.663,-75.756,-1.799978100,0.003431572,0.000980583,0.002432227,-0.002420736,0.000980583,,,
1786043668356345209,1786043668.355681782,/novatel/oem7/odom,/novatel/oem7/fix,/novatel/oem7/odom,39.663,-75.756,-1.799978100,0.003431572,0.000980583,0.002432227,-0.002420736,0.000980583,,,
1786043668367625887,1786043668.367049131,/novatel/oem7/inspva,/novatel/oem7/inspva,/novatel/oem7/inspva,39.663,-75.756,-1.799995456,0.001736397,0.000452042,-0.000501956,0.001662262,0.000452042,,novatel_oem7_msgs.msg.InertialSolutionStatus(status=3),
1786043668368966983,1786043668.367229669,/novatel/oem7/fix,/novatel/oem7/fix,/novatel/oem7/inspva,39.663,-75.756,-1.799995456,0.001736397,0.000452042,-0.000501956,0.001662262,0.000452042,,0,
1786043668370038227,1786043668.367568606,/novatel/oem7/odom,/novatel/oem7/fix,/novatel/oem7/odom,39.663,-75.756,-1.799995456,0.001735121,0.000456914,0.001635470,-0.000579554,0.000456914,,,
1786043668375798280,1786043668.375128762,/novatel/oem7/odom,/novatel/oem7/fix,/novatel/oem7/odom,39.663,-75.756,-1.799995456,0.001735121,0.000456914,0.001635470,-0.000579554,0.000456914,,,
1786043668386897873,1786043668.386329411,/novatel/oem7/inspva,/novatel/oem7/inspva,/novatel/oem7/inspva,39.663,-75.756,-1.800016496,0.001657224,0.000103972,-0.000481707,0.001585670,0.000103972,,novatel_oem7_msgs.msg.InertialSolutionStatus(status=3),
1786043668388246993,1786043668.386535606,/novatel/oem7/fix,/novatel/oem7/fix,/novatel/oem7/inspva,39.663,-75.756,-1.800016496,0.001657224,0.000103972,-0.000481707,0.001585670,0.000103972,,0,
1786043668389313167,1786043668.386981498,/novatel/oem7/odom,/novatel/oem7/fix,/novatel/oem7/odom,39.663,-75.756,-1.800016496,0.001656927,0.000108604,0.001561264,-0.000554853,0.000108604,,,
1786043668395543715,1786043668.394860495,/novatel/oem7/odom,/novatel/oem7/fix,/novatel/oem7/odom,39.663,-75.756,-1.800016496,0.001656927,0.000108604,0.001561264,-0.000554853,0.000108604,,,
1786043668407327648,1786043668.406803286,/novatel/oem7/inspva,/novatel/oem7/inspva,/novatel/oem7/inspva,39.663,-75.756,-1.800032119,0.003140962,-0.000951631,-0.002522152,0.001872002,-0.000951631,,novatel_oem7_msgs.msg.InertialSolutionStatus(status=3),
1786043668408729802,1786043668.406923916,/novatel/oem7/fix,/novatel/oem7/fix,/novatel/oem7/inspva,39.663,-75.756,-1.800032119,0.003140962,-0.000951631,-0.002522152,0.001872002,-0.000951631,,0,
1786043668409806629,1786043668.407341054,/novatel/oem7/odom,/novatel/oem7/fix,/novatel/oem7/odom,39.663,-75.756,-1.800032119,0.003140954,-0.000951657,0.001756999,-0.002603564,-0.000951657,,,
1786043668411371364,1786043668.410348768,/novatel/oem7/bestpos,/novatel/oem7/bestpos,/novatel/oem7/odom,39.663,-75.756,33.182306388,0.003140954,-0.000951657,0.001756999,-0.002603564,-0.000951657,,novatel_oem7_msgs.msg.SolutionStatus(status=0),novatel_oem7_msgs.msg.PositionOrVelocityType(type=53)
1786043668412847122,1786043668.410795905,/novatel/oem7/bestvel,/novatel/oem7/bestpos,/novatel/oem7/bestvel,39.663,-75.756,33.182306388,0.003638296,-0.000007507,,,,162.342806520,novatel_oem7_msgs.msg.SolutionStatus(status=0),novatel_oem7_msgs.msg.PositionOrVelocityType(type=53)
1786043668416143468,1786043668.415459065,/novatel/oem7/odom,/novatel/oem7/bestpos,/novatel/oem7/odom,39.663,-75.756,33.182306388,0.003140954,-0.000951657,0.001756999,-0.002603564,-0.000951657,,,
1786043668425922131,1786043668.425360049,/novatel/oem7/inspva,/novatel/oem7/inspva,/novatel/oem7/inspva,39.663,-75.756,-1.800039589,0.002952925,-0.000020430,-0.002139136,0.002035648,-0.000020430,,novatel_oem7_msgs.msg.InertialSolutionStatus(status=3),
1786043668427287905,1786043668.425565198,/novatel/oem7/fix,/novatel/oem7/fix,/novatel/oem7/inspva,39.663,-75.756,-1.800039589,0.002952925,-0.000020430,-0.002139136,0.002035648,-0.000020430,,0,
1786043668428379416,1786043668.426038564,/novatel/oem7/odom,/novatel/oem7/fix,/novatel/oem7/odom,39.663,-75.756,-1.800039589,0.002952936,-0.000018732,0.001934564,-0.002230986,-0.000018732,,,
1786043668435364861,1786043668.434651751,/novatel/oem7/odom,/novatel/oem7/fix,/novatel/oem7/odom,39.663,-75.756,-1.800039589,0.002952936,-0.000018732,0.001934564,-0.002230986,-0.000018732,,,
1786043668445899055,1786043668.445343863,/novatel/oem7/inspva,/novatel/oem7/inspva,/novatel/oem7/inspva,39.663,-75.756,-1.800045914,0.001866447,0.001097539,-0.000861162,0.001655906,0.001097539,,novatel_oem7_msgs.msg.InertialSolutionStatus(status=3),
1786043668447274932,1786043668.445510581,/novatel/oem7/fix,/novatel/oem7/fix,/novatel/oem7/inspva,39.663,-75.756,-1.800045914,0.001866447,0.001097539,-0.000861162,0.001655906,0.001097539,,0,
1786043668448353702,1786043668.446127301,/novatel/oem7/odom,/novatel/oem7/fix,/novatel/oem7/odom,39.663,-75.756,-1.800045914,0.001864157,0.001101425,0.001609963,-0.000939734,0.001101425,,,
1786043668457261520,1786043668.456583364,/novatel/oem7/odom,/novatel/oem7/fix,/novatel/oem7/odom,39.663,-75.756,-1.800045914,0.001864157,0.001101425,0.001609963,-0.000939734,0.001101425,,,
1786043668465600376,1786043668.465046533,/novatel/oem7/inspva,/novatel/oem7/inspva,/novatel/oem7/inspva,39.663,-75.756,-1.800067685,0.002255349,0.000716229,-0.000645257,0.002161074,0.000716229,,novatel_oem7_msgs.msg.InertialSolutionStatus(status=3),
1786043668466937012,1786043668.465228352,/novatel/oem7/fix,/novatel/oem7/fix,/novatel/oem7/inspva,39.663,-75.756,-1.800067685,0.002255349,0.000716229,-0.000645257,0.002161074,0.000716229,,0,
1786043668467992312,1786043668.465731614,/novatel/oem7/odom,/novatel/oem7/fix,/novatel/oem7/odom,39.663,-75.756,-1.800067685,0.002253316,0.000722598,0.002126094,-0.000746431,0.000722598,,,
1786043668475091916,1786043668.474414229,/novatel/oem7/odom,/novatel/oem7/fix,/novatel/oem7/odom,39.663,-75.756,-1.800067685,0.002253316,0.000722598,0.002126094,-0.000746431,0.000722598,,,
1786043668486971056,1786043668.486435964,/novatel/oem7/inspva,/novatel/oem7/inspva,/novatel/oem7/inspva,39.663,-75.756,-1.800101427,0.002740830,-0.001859370,-0.001669783,0.002173470,-0.001859370,,novatel_oem7_msgs.msg.InertialSolutionStatus(status=3),
1786043668488303070,1786043668.486618110,/novatel/oem7/fix,/novatel/oem7/fix,/novatel/oem7/inspva,39.663,-75.756,-1.800101427,0.002740830,-0.001859370,-0.001669783,0.002173470,-0.001859370,,0,
1786043668489355913,1786043668.487104848,/novatel/oem7/odom,/novatel/oem7/fix,/novatel/oem7/odom,39.663,-75.756,-1.800101427,0.002743242,-0.001855810,0.002101106,-0.001763726,-0.001855810,,,
1786043668495820684,1786043668.495094906,/novatel/oem7/odom,/novatel/oem7/fix,/novatel/oem7/odom,39.663,-75.756,-1.800101427,0.002743242,-0.001855810,0.002101106,-0.001763726,-0.001855810,,,
1786043668506494652,1786043668.505931773,/novatel/oem7/inspva,/novatel/oem7/inspva,/novatel/oem7/inspva,39.663,-75.756,-1.800114422,0.002424046,-0.001667343,-0.001780555,0.001644877,-0.001667343,,novatel_oem7_msgs.msg.InertialSolutionStatus(status=3),
1786043668507868839,1786043668.506108195,/novatel/oem7/fix,/novatel/oem7/fix,/novatel/oem7/inspva,39.663,-75.756,-1.800114422,0.002424046,-0.001667343,-0.001780555,0.001644877,-0.001667343,,0,
1786043668508942896,1786043668.506447858,/novatel/oem7/odom,/novatel/oem7/fix,/novatel/oem7/odom,39.663,-75.756,-1.800114422,0.002424912,-0.001666083,0.001567216,-0.001850414,-0.001666083,,,
1786043668511696117,1786043668.511037227,/novatel/oem7/bestpos,/novatel/oem7/bestpos,/novatel/oem7/odom,39.663,-75.756,33.182225182,0.002424912,-0.001666083,0.001567216,-0.001850414,-0.001666083,,novatel_oem7_msgs.msg.SolutionStatus(status=0),novatel_oem7_msgs.msg.PositionOrVelocityType(type=53)
1786043668513176045,1786043668.511597809,/novatel/oem7/bestvel,/novatel/oem7/bestpos,/novatel/oem7/bestvel,39.663,-75.756,33.182225182,0.002613203,-0.000751386,,,,164.495439717,novatel_oem7_msgs.msg.SolutionStatus(status=0),novatel_oem7_msgs.msg.PositionOrVelocityType(type=53)
1786043668515528431,1786043668.514836394,/novatel/oem7/odom,/novatel/oem7/bestpos,/novatel/oem7/odom,39.663,-75.756,33.182225182,0.002424912,-0.001666083,0.001567216,-0.001850414,-0.001666083,,,
1786043668525772802,1786043668.525214000,/novatel/oem7/inspva,/novatel/oem7/inspva,/novatel/oem7/inspva,39.663,-75.756,-1.800104113,0.003254056,0.001885296,-0.001563379,0.002853897,0.001885296,,novatel_oem7_msgs.msg.InertialSolutionStatus(status=3),
1786043668527135945,1786043668.525391405,/novatel/oem7/fix,/novatel/oem7/fix,/novatel/oem7/inspva,39.663,-75.756,-1.800104113,0.003254056,0.001885296,-0.001563379,0.002853897,0.001885296,,0,
1786043668528218280,1786043668.525880673,/novatel/oem7/odom,/novatel/oem7/fix,/novatel/oem7/odom,39.663,-75.756,-1.800104113,0.003250360,0.001891660,0.002771157,-0.001698684,0.001891660,,,
1786043668535584989,1786043668.534876786,/novatel/oem7/odom,/novatel/oem7/fix,/novatel/oem7/odom,39.663,-75.756,-1.800104113,0.003250360,0.001891660,0.002771157,-0.001698684,0.001891660,,,
1786043668546603781,1786043668.546022815,/novatel/oem7/inspva,/novatel/oem7/inspva,/novatel/oem7/inspva,39.663,-75.756,-1.800128088,0.002649727,0.001254936,-0.001274774,0.002322930,0.001254936,,novatel_oem7_msgs.msg.InertialSolutionStatus(status=3),
1786043668547976011,1786043668.546207090,/novatel/oem7/fix,/novatel/oem7/fix,/novatel/oem7/inspva,39.663,-75.756,-1.800128088,0.002649727,0.001254936,-0.001274774,0.002322930,0.001254936,,0,
1786043668549056748,1786043668.546660128,/novatel/oem7/odom,/novatel/oem7/fix,/novatel/oem7/odom,39.663,-75.756,-1.800128088,0.002647217,0.001260223,0.002256522,-0.001384147,0.001260223,,,
1786043668556378491,1786043668.555711241,/novatel/oem7/odom,/novatel/oem7/fix,/novatel/oem7/odom,39.663,-75.756,-1.800128088,0.002647217,0.001260223,0.002256522,-0.001384147,0.001260223,,,
1786043668565721216,1786043668.565171650,/novatel/oem7/inspva,/novatel/oem7/inspva,/novatel/oem7/inspva,39.663,-75.756,-1.800160524,0.001401208,-0.001730113,-0.000006976,0.001401191,-0.001730113,,novatel_oem7_msgs.msg.InertialSolutionStatus(status=3),
1786043668567051673,1786043668.565341679,/novatel/oem7/fix,/novatel/oem7/fix,/novatel/oem7/inspva,39.663,-75.756,-1.800160524,0.001401208,-0.001730113,-0.000006976,0.001401191,-0.001730113,,0,
1786043668568095636,1786043668.565836101,/novatel/oem7/odom,/novatel/oem7/fix,/novatel/oem7/odom,39.663,-75.756,-1.800160524,0.001407710,-0.001724826,0.001406101,-0.000067286,-0.001724826,,,
1786043668576068802,1786043668.575411541,/novatel/oem7/odom,/novatel/oem7/fix,/novatel/oem7/odom,39.663,-75.756,-1.800160524,0.001407710,-0.001724826,0.001406101,-0.000067286,-0.001724826,,,
1786043668585574585,1786043668.585004773,/novatel/oem7/inspva,/novatel/oem7/inspva,/novatel/oem7/inspva,39.663,-75.756,-1.800174560,0.001880054,-0.001186196,-0.000795069,0.001703663,-0.001186196,,novatel_oem7_msgs.msg.InertialSolutionStatus(status=3),
1786043668586912298,1786043668.585171848,/novatel/oem7/fix,/novatel/oem7/fix,/novatel/oem7/inspva,39.663,-75.756,-1.800174560,0.001880054,-0.001186196,-0.000795069,0.001703663,-0.001186196,,0,
1786043668587971075,1786043668.585594199,/novatel/oem7/odom,/novatel/oem7/fix,/novatel/oem7/odom,39.663,-75.756,-1.800174560,0.001882707,-0.001181980,0.001669663,-0.000869948,-0.001181980,,,
1786043668595058989,1786043668.594394532,/novatel/oem7/odom,/novatel/oem7/fix,/novatel/oem7/odom,39.663,-75.756,-1.800174560,0.001882707,-0.001181980,0.001669663,-0.000869948,-0.001181980,,,
1786043668607921149,1786043668.607343003,/novatel/oem7/inspva,/novatel/oem7/inspva,/novatel/oem7/inspva,39.663,-75.756,-1.800164597,0.003897961,0.001295851,-0.001991192,0.003351008,0.001295851,,novatel_oem7_msgs.msg.InertialSolutionStatus(status=3),
1786043668609304112,1786043668.607542828,/novatel/oem7/fix,/novatel/oem7/fix,/novatel/oem7/inspva,39.663,-75.756,-1.800164597,0.003897961,0.001295851,-0.001991192,0.003351008,0.001295851,,0,
1786043668610384316,1786043668.607856188,/novatel/oem7/odom,/novatel/oem7/fix,/novatel/oem7/odom,39.663,-75.756,-1.800164597,0.003895599,0.001302933,0.003250209,-0.002147518,0.001302933,,,
1786043668611928261,1786043668.610496994,/novatel/oem7/bestpos,/novatel/oem7/bestpos,/novatel/oem7/odom,39.663,-75.756,33.182159303,0.003895599,0.001302933,0.003250209,-0.002147518,0.001302933,,novatel_oem7_msgs.msg.SolutionStatus(status=0),novatel_oem7_msgs.msg.PositionOrVelocityType(type=53)
1786043668612851790,1786043668.611022096,/novatel/oem7/bestvel,/novatel/oem7/bestpos,/novatel/oem7/bestvel,39.663,-75.756,33.182159303,0.003574384,0.001075861,,,,115.017759799,novatel_oem7_msgs.msg.SolutionStatus(status=0),novatel_oem7_msgs.msg.PositionOrVelocityType(type=53)
1786043668615242564,1786043668.614592288,/novatel/oem7/odom,/novatel/oem7/bestpos,/novatel/oem7/odom,39.663,-75.756,33.182159303,0.003895599,0.001302933,0.003250209,-0.002147518,0.001302933,,,
1786043668625552846,1786043668.624996380,/novatel/oem7/inspva,/novatel/oem7/inspva,/novatel/oem7/inspva,39.663,-75.756,-1.800177399,0.003118244,0.001563042,-0.001681801,0.002625831,0.001563042,,novatel_oem7_msgs.msg.InertialSolutionStatus(status=3),
1786043668626889789,1786043668.625169406,/novatel/oem7/fix,/novatel/oem7/fix,/novatel/oem7/inspva,39.663,-75.756,-1.800177399,0.003118244,0.001563042,-0.001681801,0.002625831,0.001563042,,0,
1786043668627940533,1786043668.625485052,/novatel/oem7/odom,/novatel/oem7/fix,/novatel/oem7/odom,39.663,-75.756,-1.800177399,0.003115584,0.001568337,0.002539062,-0.001805556,0.001568337,,,
1786043668635339606,1786043668.634645032,/novatel/oem7/odom,/novatel/oem7/fix,/novatel/oem7/odom,39.663,-75.756,-1.800177399,0.003115584,0.001568337,0.002539062,-0.001805556,0.001568337,,,
1786043668645857663,1786043668.645285747,/novatel/oem7/inspva,/novatel/oem7/inspva,/novatel/oem7/inspva,39.663,-75.756,-1.800215512,0.001682731,-0.001841633,0.000504618,0.001605287,-0.001841633,,novatel_oem7_msgs.msg.InertialSolutionStatus(status=3),
1786043668647228616,1786043668.645496139,/novatel/oem7/fix,/novatel/oem7/fix,/novatel/oem7/inspva,39.663,-75.756,-1.800215512,0.001682731,-0.001841633,0.000504618,0.001605287,-0.001841633,,0,
1786043668648311117,1786043668.645973777,/novatel/oem7/odom,/novatel/oem7/fix,/novatel/oem7/odom,39.663,-75.756,-1.800215512,0.001690920,-0.001834118,0.001634113,0.000434605,-0.001834118,,,
1786043668657146227,1786043668.656445884,/novatel/oem7/odom,/novatel/oem7/fix,/novatel/oem7/odom,39.663,-75.756,-1.800215512,0.001690920,-0.001834118,0.001634113,0.000434605,-0.001834118,,,
1786043668665912340,1786043668.665361342,/novatel/oem7/inspva,/novatel/oem7/inspva,/novatel/oem7/inspva,39.663,-75.756,-1.800227043,0.001991499,-0.001054251,-0.000386883,0.001953558,-0.001054251,,novatel_oem7_msgs.msg.InertialSolutionStatus(status=3),
1786043668667239834,1786043668.665546457,/novatel/oem7/fix,/novatel/oem7/fix,/novatel/oem7/inspva,39.663,-75.756,-1.800227043,0.001991499,-0.001054251,-0.000386883,0.001953558,-0.001054251,,0,
1786043668668733388,1786043668.665928234,/novatel/oem7/odom,/novatel/oem7/fix,/novatel/oem7/odom,39.663,-75.756,-1.800227043,0.001994813,-0.001047968,0.001937659,-0.000474082,-0.001047968,,,
1786043668675089928,1786043668.674385997,/novatel/oem7/odom,/novatel/oem7/fix,/novatel/oem7/odom,39.663,-75.756,-1.800227043,0.001994813,-0.001047968,0.001937659,-0.000474082,-0.001047968,,,
1786043668685756493,1786043668.685198041,/novatel/oem7/inspva,/novatel/oem7/inspva,/novatel/oem7/inspva,39.663,-75.756,-1.800224316,0.004649958,0.000481132,-0.001946574,0.004222909,0.000481132,,novatel_oem7_msgs.msg.InertialSolutionStatus(status=3),
1786043668687139360,1786043668.685372249,/novatel/oem7/fix,/novatel/oem7/fix,/novatel/oem7/inspva,39.663,-75.756,-1.800224316,0.004649958,0.000481132,-0.001946574,0.004222909,0.000481132,,0,
1786043668688231204,1786043668.686087096,/novatel/oem7/odom,/novatel/oem7/fix,/novatel/oem7/odom,39.663,-75.756,-1.800224316,0.004648861,0.000491622,0.004126463,-0.002141077,0.000491622,,,
1786043668695913536,1786043668.695209072,/novatel/oem7/odom,/novatel/oem7/fix,/novatel/oem7/odom,39.663,-75.756,-1.800224316,0.004648861,0.000491622,0.004126463,-0.002141077,0.000491622,,,
1786043668706373429,1786043668.705829371,/novatel/oem7/inspva,/novatel/oem7/inspva,/novatel/oem7/inspva,39.663,-75.756,-1.800225207,0.002976041,0.001227674,-0.001745354,0.002410511,0.001227674,,novatel_oem7_msgs.msg.InertialSolutionStatus(status=3),
1786043668707756946,1786043668.706003429,/novatel/oem7/fix,/novatel/oem7/fix,/novatel/oem7/inspva,39.663,-75.756,-1.800225207,0.002976041,0.001227674,-0.001745354,0.002410511,0.001227674,,0,
1786043668708823027,1786043668.706465690,/novatel/oem7/odom,/novatel/oem7/fix,/novatel/oem7/odom,39.663,-75.756,-1.800225207,0.002974255,0.001231996,0.002322387,-0.001858148,0.001231996,,,
1786043668710334972,1786043668.709477870,/novatel/oem7/bestpos,/novatel/oem7/bestpos,/novatel/oem7/odom,39.663,-75.756,33.182103237,0.002974255,0.001231996,0.002322387,-0.001858148,0.001231996,,novatel_oem7_msgs.msg.SolutionStatus(status=0),novatel_oem7_msgs.msg.PositionOrVelocityType(type=53)
1786043668711761106,1786043668.710098749,/novatel/oem7/bestvel,/novatel/oem7/bestpos,/novatel/oem7/bestvel,39.663,-75.756,33.182103237,0.003698484,0.001538195,,,,133.248916029,novatel_oem7_msgs.msg.SolutionStatus(status=0),novatel_oem7_msgs.msg.PositionOrVelocityType(type=53)
1786043668715126826,1786043668.714467722,/novatel/oem7/odom,/novatel/oem7/bestpos,/novatel/oem7/odom,39.663,-75.756,33.182103237,0.002974255,0.001231996,0.002322387,-0.001858148,0.001231996,,,
1786043668727160771,1786043668.726629742,/novatel/oem7/inspva,/novatel/oem7/inspva,/novatel/oem7/inspva,39.663,-75.756,-1.800243801,0.002551209,-0.000167988,0.000692557,0.002455409,-0.000167988,,novatel_oem7_msgs.msg.InertialSolutionStatus(status=3),
1786043668728562488,1786043668.726798248,/novatel/oem7/fix,/novatel/oem7/fix,/novatel/oem7/inspva,39.663,-75.756,-1.800243801,0.002551209,-0.000167988,0.000692557,0.002455409,-0.000167988,,0,
1786043668729611172,1786043668.727324113,/novatel/oem7/odom,/novatel/oem7/fix,/novatel/oem7/odom,39.663,-75.756,-1.800243801,0.002551921,-0.000156798,0.002485444,0.000578681,-0.000156798,,,
1786043668736647588,1786043668.735878743,/novatel/oem7/odom,/novatel/oem7/fix,/novatel/oem7/odom,39.663,-75.756,-1.800243801,0.002551921,-0.000156798,0.002485444,0.000578681,-0.000156798,,,
1786043668745641343,1786043668.745106244,/novatel/oem7/inspva,/novatel/oem7/inspva,/novatel/oem7/inspva,39.663,-75.756,-1.800251649,0.002612577,-0.000272977,-0.000412709,0.002579773,-0.000272977,,novatel_oem7_msgs.msg.InertialSolutionStatus(status=3),
1786043668746961046,1786043668.745275680,/novatel/oem7/fix,/novatel/oem7/fix,/novatel/oem7/inspva,39.663,-75.756,-1.800251649,0.002612577,-0.000272977,-0.000412709,0.002579773,-0.000272977,,0,
1786043668747987353,1786043668.745616256,/novatel/oem7/odom,/novatel/oem7/fix,/novatel/oem7/odom,39.663,-75.756,-1.800251649,0.002613469,-0.000264305,0.002558975,-0.000530912,-0.000264305,,,
1786043668756784446,1786043668.756136178,/novatel/oem7/odom,/novatel/oem7/fix,/novatel/oem7/odom,39.663,-75.756,-1.800251649,0.002613469,-0.000264305,0.002558975,-0.000530912,-0.000264305,,,
1786043668765864359,1786043668.765341604,/novatel/oem7/inspva,/novatel/oem7/inspva,/novatel/oem7/inspva,39.663,-75.756,-1.800248777,0.003729789,0.000153758,-0.001651732,0.003344116,0.000153758,,novatel_oem7_msgs.msg.InertialSolutionStatus(status=3),
1786043668767372131,1786043668.765514545,/novatel/oem7/fix,/novatel/oem7/fix,/novatel/oem7/inspva,39.663,-75.756,-1.800248777,0.003729789,0.000153758,-0.001651732,0.003344116,0.000153758,,0,
1786043668768595606,1786043668.765984904,/novatel/oem7/odom,/novatel/oem7/fix,/novatel/oem7/odom,39.663,-75.756,-1.800248777,0.003729449,0.000161811,0.003263513,-0.001805067,0.000161811,,,
1786043668775806791,1786043668.775151824,/novatel/oem7/odom,/novatel/oem7/fix,/novatel/oem7/odom,39.663,-75.756,-1.800248777,0.003729449,0.000161811,0.003263513,-0.001805067,0.000161811,,,
1786043668786688428,1786043668.786146046,/novatel/oem7/inspva,/novatel/oem7/inspva,/novatel/oem7/inspva,39.663,-75.756,-1.800244351,0.003983010,0.000837658,-0.001897451,0.003502006,0.000837658,,novatel_oem7_msgs.msg.InertialSolutionStatus(status=3),
1786043668787997611,1786043668.786325308,/novatel/oem7/fix,/novatel/oem7/fix,/novatel/oem7/inspva,39.663,-75.756,-1.800244351,0.003983010,0.000837658,-0.001897451,0.003502006,0.000837658,,0,
1786043668789016864,1786043668.786860983,/novatel/oem7/odom,/novatel/oem7/fix,/novatel/oem7/odom,39.663,-75.756,-1.800244351,0.003981322,0.000845645,0.003407185,-0.002059615,0.000845645,,,
1786043668795456258,1786043668.794678520,/novatel/oem7/odom,/novatel/oem7/fix,/novatel/oem7/odom,39.663,-75.756,-1.800244351,0.003981322,0.000845645,0.003407185,-0.002059615,0.000845645,,,
1786043668806819903,1786043668.806279714,/novatel/oem7/inspva,/novatel/oem7/inspva,/novatel/oem7/inspva,39.663,-75.756,-1.800250548,0.002324614,0.000691964,-0.000022024,0.002324509,0.000691964,,novatel_oem7_msgs.msg.InertialSolutionStatus(status=3),
1786043668808133719,1786043668.806476073,/novatel/oem7/fix,/novatel/oem7/fix,/novatel/oem7/inspva,39.663,-75.756,-1.800250548,0.002324614,0.000691964,-0.000022024,0.002324509,0.000691964,,0,
1786043668809147619,1786043668.807026132,/novatel/oem7/odom,/novatel/oem7/fix,/novatel/oem7/odom,39.663,-75.756,-1.800250548,0.002321958,0.000700824,0.002318241,-0.000131326,0.000700824,,,
1786043668811001444,1786043668.810064442,/novatel/oem7/bestpos,/novatel/oem7/bestpos,/novatel/oem7/odom,39.663,-75.756,33.182066808,0.002321958,0.000700824,0.002318241,-0.000131326,0.000700824,,novatel_oem7_msgs.msg.SolutionStatus(status=0),novatel_oem7_msgs.msg.PositionOrVelocityType(type=53)
1786043668812358844,1786043668.810475399,/novatel/oem7/bestvel,/novatel/oem7/bestpos,/novatel/oem7/bestvel,39.663,-75.756,33.182066808,0.004168035,-0.000108876,,,,93.783755555,novatel_oem7_msgs.msg.SolutionStatus(status=0),novatel_oem7_msgs.msg.PositionOrVelocityType(type=53)
1786043668816272963,1786043668.815634060,/novatel/oem7/odom,/novatel/oem7/bestpos,/novatel/oem7/odom,39.663,-75.756,33.182066808,0.002321958,0.000700824,0.002318241,-0.000131326,0.000700824,,,
1786043668825619795,1786043668.824948035,/novatel/oem7/inspva,/novatel/oem7/inspva,/novatel/oem7/inspva,39.663,-75.756,-1.800273525,0.002370937,-0.000185840,-0.000188318,0.002363447,-0.000185840,,novatel_oem7_msgs.msg.InertialSolutionStatus(status=3),
1786043668827305972,1786043668.825125653,/novatel/oem7/fix,/novatel/oem7/fix,/novatel/oem7/inspva,39.663,-75.756,-1.800273525,0.002370937,-0.000185840,-0.000188318,0.002363447,-0.000185840,,0,
1786043668828355199,1786043668.825645128,/novatel/oem7/odom,/novatel/oem7/fix,/novatel/oem7/odom,39.663,-75.756,-1.800273525,0.002371584,-0.000177398,0.002352917,-0.000296972,-0.000177398,,,
1786043668835115755,1786043668.834468855,/novatel/oem7/odom,/novatel/oem7/fix,/novatel/oem7/odom,39.663,-75.756,-1.800273525,0.002371584,-0.000177398,0.002352917,-0.000296972,-0.000177398,,,
1786043668847106560,1786043668.846602152,/novatel/oem7/inspva,/novatel/oem7/inspva,/novatel/oem7/inspva,39.663,-75.756,-1.800281895,0.003743586,-0.000384773,-0.001789964,0.003287927,-0.000384773,,novatel_oem7_msgs.msg.InertialSolutionStatus(status=3),
1786043668848448553,1786043668.846801631,/novatel/oem7/fix,/novatel/oem7/fix,/novatel/oem7/inspva,39.663,-75.756,-1.800281895,0.003743586,-0.000384773,-0.001789964,0.003287927,-0.000384773,,0,
1786043668849499400,1786043668.847331936,/novatel/oem7/odom,/novatel/oem7/fix,/novatel/oem7/odom,39.663,-75.756,-1.800281895,0.003744341,-0.000377350,0.003203052,-0.001939213,-0.000377350,,,
1786043668857075892,1786043668.856440126,/novatel/oem7/odom,/novatel/oem7/fix,/novatel/oem7/odom,39.663,-75.756,-1.800281895,0.003744341,-0.000377350,0.003203052,-0.001939213,-0.000377350,,,
1786043668865535425,1786043668.865002343,/novatel/oem7/inspva,/novatel/oem7/inspva,/novatel/oem7/inspva,39.663,-75.756,-1.800278022,0.003009918,0.000351667,-0.001588057,0.002556889,0.000351667,,novatel_oem7_msgs.msg.InertialSolutionStatus(status=3),
1786043668866860025,1786043668.865200492,/novatel/oem7/fix,/novatel/oem7/fix,/novatel/oem7/inspva,39.663,-75.756,-1.800278022,0.003009918,0.000351667,-0.001588057,0.002556889,0.000351667,,0,
1786043668867911385,1786043668.865703980,/novatel/oem7/odom,/novatel/oem7/fix,/novatel/oem7/odom,39.663,-75.756,-1.800278022,0.003009296,0.000356950,0.002479291,-0.001705572,0.000356950,,,
1786043668876184600,1786043668.875558637,/novatel/oem7/odom,/novatel/oem7/fix,/novatel/oem7/odom,39.663,-75.756,-1.800278022,0.003009296,0.000356950,0.002479291,-0.001705572,0.000356950,,,
1786043668885890876,1786043668.885384237,/novatel/oem7/inspva,/novatel/oem7/inspva,/novatel/oem7/inspva,39.663,-75.756,-1.800272987,0.003360456,0.001429631,-0.001083819,0.003180880,0.001429631,,novatel_oem7_msgs.msg.InertialSolutionStatus(status=3),
1786043668887176389,1786043668.885583586,/novatel/oem7/fix,/novatel/oem7/fix,/novatel/oem7/inspva,39.663,-75.756,-1.800272987,0.003360456,0.001429631,-0.001083819,0.003180880,0.001429631,,0,
1786043668888239942,1786043668.886269383,/novatel/oem7/odom,/novatel/oem7/fix,/novatel/oem7/odom,39.663,-75.756,-1.800272987,0.003356601,0.001438659,0.003121723,-0.001233537,0.001438659,,,
1786043668895619172,1786043668.894945692,/novatel/oem7/odom,/novatel/oem7/fix,/novatel/oem7/odom,39.663,-75.756,-1.800272987,0.003356601,0.001438659,0.003121723,-0.001233537,0.001438659,,,
1786043668906448752,1786043668.905966910,/novatel/oem7/inspva,/novatel/oem7/inspva,/novatel/oem7/inspva,39.663,-75.756,-1.800292624,0.002984792,0.000632046,-0.000707771,0.002899662,0.000632046,,novatel_oem7_msgs.msg.InertialSolutionStatus(status=3),
1786043668907746608,1786043668.906064796,/novatel/oem7/fix,/novatel/oem7/fix,/novatel/oem7/inspva,39.663,-75.756,-1.800292624,0.002984792,0.000632046,-0.000707771,0.002899662,0.000632046,,0,
1786043668908782872,1786043668.906569260,/novatel/oem7/odom,/novatel/oem7/fix,/novatel/oem7/odom,39.663,-75.756,-1.800292624,0.002982858,0.000641109,0.002861309,-0.000842824,0.000641109,,,
1786043668910582253,1786043668.909962541,/novatel/oem7/bestpos,/novatel/oem7/bestpos,/novatel/oem7/odom,39.663,-75.756,33.182030667,0.002982858,0.000641109,0.002861309,-0.000842824,0.000641109,,novatel_oem7_msgs.msg.SolutionStatus(status=0),novatel_oem7_msgs.msg.PositionOrVelocityType(type=53)
1786043668911953053,1786043668.910550362,/novatel/oem7/bestvel,/novatel/oem7/bestpos,/novatel/oem7/bestvel,39.663,-75.756,33.182030667,0.004245946,-0.000549755,,,,88.190832313,novatel_oem7_msgs.msg.SolutionStatus(status=0),novatel_oem7_msgs.msg.PositionOrVelocityType(type=53)
1786043668915077590,1786043668.914460213,/novatel/oem7/odom,/novatel/oem7/bestpos,/novatel/oem7/odom,39.663,-75.756,33.182030667,0.002982858,0.000641109,0.002861309,-0.000842824,0.000641109,,,
1786043668925938514,1786043668.925358648,/novatel/oem7/inspva,/novatel/oem7/inspva,/novatel/oem7/inspva,39.663,-75.756,-1.800312927,0.002701399,-0.001351747,-0.001359493,0.002334381,-0.001351747,,novatel_oem7_msgs.msg.InertialSolutionStatus(status=3),
1786043668927227754,1786043668.925447742,/novatel/oem7/fix,/novatel/oem7/fix,/novatel/oem7/inspva,39.663,-75.756,-1.800312927,0.002701399,-0.001351747,-0.001359493,0.002334381,-0.001351747,,0,
1786043668928256017,1786043668.926093715,/novatel/oem7/odom,/novatel/oem7/fix,/novatel/oem7/odom,39.663,-75.756,-1.800312927,0.002703884,-0.001346769,0.002274191,-0.001462547,-0.001346769,,,
1786043668936183352,1786043668.935554069,/novatel/oem7/odom,/novatel/oem7/fix,/novatel/oem7/odom,39.663,-75.756,-1.800312927,0.002703884,-0.001346769,0.002274191,-0.001462547,-0.001346769,,,
1786043668945637288,1786043668.945143373,/novatel/oem7/inspva,/novatel/oem7/inspva,/novatel/oem7/inspva,39.663,-75.756,-1.800301407,0.002960660,-0.000100490,-0.001241551,0.002687761,-0.000100490,,novatel_oem7_msgs.msg.InertialSolutionStatus(status=3),
1786043668946924878,1786043668.945322918,/novatel/oem7/fix,/novatel/oem7/fix,/novatel/oem7/inspva,39.663,-75.756,-1.800301407,0.002960660,-0.000100490,-0.001241551,0.002687761,-0.000100490,,0,
1786043668947967381,1786043668.945805197,/novatel/oem7/odom,/novatel/oem7/fix,/novatel/oem7/odom,39.663,-75.756,-1.800301407,0.002960881,-0.000093740,0.002627803,-0.001364356,-0.000093740,,,
1786043668956387334,1786043668.955759205,/novatel/oem7/odom,/novatel/oem7/fix,/novatel/oem7/odom,39.663,-75.756,-1.800301407,0.002960881,-0.000093740,0.002627803,-0.001364356,-0.000093740,,,
1786043668966800929,1786043668.966506044,/novatel/oem7/inspva,/novatel/oem7/inspva,/novatel/oem7/inspva,39.663,-75.756,-1.800292346,0.003150373,0.001422029,-0.001466007,0.002788490,0.001422029,,novatel_oem7_msgs.msg.InertialSolutionStatus(status=3),
1786043668967430082,1786043668.966671679,/novatel/oem7/fix,/novatel/oem7/fix,/novatel/oem7/inspva,39.663,-75.756,-1.800292346,0.003150373,0.001422029,-0.001466007,0.002788490,0.001422029,,0,
1786043668968183990,1786043668.967091677,/novatel/oem7/odom,/novatel/oem7/fix,/novatel/oem7/odom,39.663,-75.756,-1.800292346,0.003147352,0.001428704,0.002712005,-0.001597138,0.001428704,,,
1786043668975190776,1786043668.974869496,/novatel/oem7/odom,/novatel/oem7/fix,/novatel/oem7/odom,39.663,-75.756,-1.800292346,0.003147352,0.001428704,0.002712005,-0.001597138,0.001428704,,,
1786043668985268748,1786043668.985014526,/novatel/oem7/inspva,/novatel/oem7/inspva,/novatel/oem7/inspva,39.663,-75.756,-1.800315744,0.003829781,0.000703009,-0.000776877,0.003750158,0.000703009,,novatel_oem7_msgs.msg.InertialSolutionStatus(status=3),
1786043668985884569,1786043668.985154325,/novatel/oem7/fix,/novatel/oem7/fix,/novatel/oem7/inspva,39.663,-75.756,-1.800315744,0.003829781,0.000703009,-0.000776877,0.003750158,0.000703009,,0,
1786043668986908582,1786043668.985513571,/novatel/oem7/odom,/novatel/oem7/fix,/novatel/oem7/odom,39.663,-75.756,-1.800315744,0.003827558,0.000715012,0.003707431,-0.000951396,0.000715012,,,
1786043668996080042,1786043668.995418506,/novatel/oem7/odom,/novatel/oem7/fix,/novatel/oem7/odom,39.663,-75.756,-1.800315744,0.003827558,0.000715012,0.003707431,-0.000951396,0.000715012,,,
1786043669010203092,1786043669.009934485,/novatel/oem7/inspva,/novatel/oem7/inspva,/novatel/oem7/inspva,39.663,-75.756,-1.800342231,0.003139563,-0.001383923,-0.001350453,0.002834278,-0.001383923,,novatel_oem7_msgs.msg.InertialSolutionStatus(status=3),
1786043669010778887,1786043669.010083667,/novatel/oem7/fix,/novatel/oem7/fix,/novatel/oem7/inspva,39.663,-75.756,-1.800342231,0.003139563,-0.001383923,-0.001350453,0.002834278,-0.001383923,,0,
1786043669011840170,1786043669.011517505,/novatel/oem7/odom,/novatel/oem7/fix,/novatel/oem7/odom,39.663,-75.756,-1.800342231,0.003142634,-0.001376934,0.002774147,-0.001476571,-0.001376934,,,
1786043669016006316,1786043669.015540350,/novatel/oem7/odom,/novatel/oem7/fix,/novatel/oem7/odom,39.663,-75.756,-1.800342231,0.003142634,-0.001376934,0.002774147,-0.001476571,-0.001376934,,,
1786043669024856496,1786043669.024397582,/novatel/oem7/bestpos,/novatel/oem7/bestpos,/novatel/oem7/odom,39.663,-75.756,33.181998207,0.003142634,-0.001376934,0.002774147,-0.001476571,-0.001376934,,novatel_oem7_msgs.msg.SolutionStatus(status=0),novatel_oem7_msgs.msg.PositionOrVelocityType(type=53)
1786043669025482627,1786043669.024906690,/novatel/oem7/bestvel,/novatel/oem7/bestpos,/novatel/oem7/bestvel,39.663,-75.756,33.181998207,0.003197982,-0.001462559,,,,113.883769316,novatel_oem7_msgs.msg.SolutionStatus(status=0),novatel_oem7_msgs.msg.PositionOrVelocityType(type=53)
1786043669027256501,1786043669.026979430,/novatel/oem7/inspva,/novatel/oem7/inspva,/novatel/oem7/inspva,39.663,-75.756,-1.800338786,0.002135902,-0.001088191,-0.000792469,0.001983450,-0.001088191,,novatel_oem7_msgs.msg.InertialSolutionStatus(status=3),
1786043669027837707,1786043669.027165759,/novatel/oem7/fix,/novatel/oem7/fix,/novatel/oem7/inspva,39.663,-75.756,-1.800338786,0.002135902,-0.001088191,-0.000792469,0.001983450,-0.001088191,,0,
1786043669028296495,1786043669.027609453,/novatel/oem7/odom,/novatel/oem7/fix,/novatel/oem7/odom,39.663,-75.756,-1.800338786,0.002138596,-0.001082888,0.001948881,-0.000880600,-0.001082888,,,
1786043669034855718,1786043669.034499361,/novatel/oem7/odom,/novatel/oem7/fix,/novatel/oem7/odom,39.663,-75.756,-1.800338786,0.002138596,-0.001082888,0.001948881,-0.000880600,-0.001082888,,,
1786043669045551851,1786043669.045265067,/novatel/oem7/inspva,/novatel/oem7/inspva,/novatel/oem7/inspva,39.663,-75.756,-1.800327489,0.003468758,0.001300600,-0.001750195,0.002994846,0.001300600,,novatel_oem7_msgs.msg.InertialSolutionStatus(status=3),
1786043669046128055,1786043669.045344211,/novatel/oem7/fix,/novatel/oem7/fix,/novatel/oem7/inspva,39.663,-75.756,-1.800327489,0.003468758,0.001300600,-0.001750195,0.002994846,0.001300600,,0,
1786043669046794526,1786043669.046017941,/novatel/oem7/odom,/novatel/oem7/fix,/novatel/oem7/odom,39.663,-75.756,-1.800327489,0.003466320,0.001307084,0.002905543,-0.001890290,0.001307084,,,
1786043669057402843,1786043669.056926365,/novatel/oem7/odom,/novatel/oem7/fix,/novatel/oem7/odom,39.663,-75.756,-1.800327489,0.003466320,0.001307084,0.002905543,-0.001890290,0.001307084,,,
1786043669065730310,1786043669.065431856,/novatel/oem7/inspva,/novatel/oem7/inspva,/novatel/oem7/inspva,39.663,-75.756,-1.800341478,0.003794046,0.000464002,-0.001014178,0.003655985,0.000464002,,novatel_oem7_msgs.msg.InertialSolutionStatus(status=3),
1786043669066295856,1786043669.065615428,/novatel/oem7/fix,/novatel/oem7/fix,/novatel/oem7/inspva,39.663,-75.756,-1.800341478,0.003794046,0.000464002,-0.001014178,0.003655985,0.000464002,,0,
1786043669066759337,1786043669.065976868,/novatel/oem7/odom,/novatel/oem7/fix,/novatel/oem7/odom,39.663,-75.756,-1.800341478,0.003792673,0.000475094,0.003603288,-0.001183504,0.000475094,,,
1786043669074849666,1786043669.074509306,/novatel/oem7/odom,/novatel/oem7/fix,/novatel/oem7/odom,39.663,-75.756,-1.800341478,0.003792673,0.000475094,0.003603288,-0.001183504,0.000475094,,,
1786043669086920036,1786043669.086599258,/novatel/oem7/inspva,/novatel/oem7/inspva,/novatel/oem7/inspva,39.663,-75.756,-1.800358837,0.001869925,-0.000849405,-0.000202231,0.001858957,-0.000849405,,novatel_oem7_msgs.msg.InertialSolutionStatus(status=3),
1786043669087494026,1786043669.086767193,/novatel/oem7/fix,/novatel/oem7/fix,/novatel/oem7/inspva,39.663,-75.756,-1.800358837,0.001869925,-0.000849405,-0.000202231,0.001858957,-0.000849405,,0,
1786043669087937104,1786043669.087230791,/novatel/oem7/odom,/novatel/oem7/fix,/novatel/oem7/odom,39.663,-75.756,-1.800358837,0.001872851,-0.000842934,0.001850911,-0.000285829,-0.000842934,,,
1786043669095919553,1786043669.095251210,/novatel/oem7/odom,/novatel/oem7/fix,/novatel/oem7/odom,39.663,-75.756,-1.800358837,0.001872851,-0.000842934,0.001850911,-0.000285829,-0.000842934,,,
1786043669106282539,1786043669.105771194,/novatel/oem7/inspva,/novatel/oem7/inspva,/novatel/oem7/inspva,39.663,-75.756,-1.800351863,0.002094916,-0.000520023,-0.000061767,0.002094005,-0.000520023,,novatel_oem7_msgs.msg.InertialSolutionStatus(status=3),
1786043669107429574,1786043669.105930495,/novatel/oem7/fix,/novatel/oem7/fix,/novatel/oem7/inspva,39.663,-75.756,-1.800351863,0.002094916,-0.000520023,-0.000061767,0.002094005,-0.000520023,,0,
1786043669107880948,1786043669.106406396,/novatel/oem7/odom,/novatel/oem7/fix,/novatel/oem7/odom,39.663,-75.756,-1.800351863,0.002096832,-0.000512244,0.002090925,-0.000157270,-0.000512244,,,
1786043669110167754,1786043669.109561774,/novatel/oem7/bestpos,/novatel/oem7/bestpos,/novatel/oem7/odom,39.663,-75.756,33.181982895,0.002096832,-0.000512244,0.002090925,-0.000157270,-0.000512244,,novatel_oem7_msgs.msg.SolutionStatus(status=0),novatel_oem7_msgs.msg.PositionOrVelocityType(type=53)
1786043669111576324,1786043669.110231148,/novatel/oem7/bestvel,/novatel/oem7/bestpos,/novatel/oem7/bestvel,39.663,-75.756,33.181982895,0.002644342,-0.000145192,,,,112.636409536,novatel_oem7_msgs.msg.SolutionStatus(status=0),novatel_oem7_msgs.msg.PositionOrVelocityType(type=53)
1786043669116085269,1786043669.115452499,/novatel/oem7/odom,/novatel/oem7/bestpos,/novatel/oem7/odom,39.663,-75.756,33.181982895,0.002096832,-0.000512244,0.002090925,-0.000157270,-0.000512244,,,
1786043669125859145,1786043669.125351117,/novatel/oem7/inspva,/novatel/oem7/inspva,/novatel/oem7/inspva,39.663,-75.756,-1.800331729,0.003786486,0.000854532,-0.002199268,0.003082320,0.000854532,,novatel_oem7_msgs.msg.InertialSolutionStatus(status=3),
1786043669127173728,1786043669.125526222,/novatel/oem7/fix,/novatel/oem7/fix,/novatel/oem7/inspva,39.663,-75.756,-1.800331729,0.003786486,0.000854532,-0.002199268,0.003082320,0.000854532,,0,
1786043669127848102,1786043669.126087557,/novatel/oem7/odom,/novatel/oem7/fix,/novatel/oem7/odom,39.663,-75.756,-1.800331729,0.003785226,0.000860093,0.002973896,-0.002341769,0.000860093,,,
1786043669135276785,1786043669.134847851,/novatel/oem7/odom,/novatel/oem7/fix,/novatel/oem7/odom,39.663,-75.756,-1.800331729,0.003785226,0.000860093,0.002973896,-0.002341769,0.000860093,,,
1786043669147643843,1786043669.146920070,/novatel/oem7/inspva,/novatel/oem7/inspva,/novatel/oem7/inspva,39.663,-75.756,-1.800330199,0.004180087,0.001169629,-0.001596580,0.003863166,0.001169629,,novatel_oem7_msgs.msg.InertialSolutionStatus(status=3),
1786043669148961390,1786043669.147102138,/novatel/oem7/fix,/novatel/oem7/fix,/novatel/oem7/inspva,39.663,-75.756,-1.800330199,0.004180087,0.001169629,-0.001596580,0.003863166,0.001169629,,0,
1786043669149999503,1786043669.147457768,/novatel/oem7/odom,/novatel/oem7/fix,/novatel/oem7/odom,39.663,-75.756,-1.800330199,0.004177217,0.001179836,0.003780533,-0.001776715,0.001179836,,,
1786043669157057450,1786043669.156315369,/novatel/oem7/odom,/novatel/oem7/fix,/novatel/oem7/odom,39.663,-75.756,-1.800330199,0.004177217,0.001179836,0.003780533,-0.001776715,0.001179836,,,
1786043669165790869,1786043669.165152019,/novatel/oem7/inspva,/novatel/oem7/inspva,/novatel/oem7/inspva,39.663,-75.756,-1.800342185,0.001759003,-0.000398668,0.000287297,0.001735382,-0.000398668,,novatel_oem7_msgs.msg.InertialSolutionStatus(status=3),
1786043669167194090,1786043669.165295591,/novatel/oem7/fix,/novatel/oem7/fix,/novatel/oem7/inspva,39.663,-75.756,-1.800342185,0.001759003,-0.000398668,0.000287297,0.001735382,-0.000398668,,0,
1786043669168228910,1786043669.165842873,/novatel/oem7/odom,/novatel/oem7/fix,/novatel/oem7/odom,39.663,-75.756,-1.800342185,0.001760673,-0.000391225,0.001748377,0.000207718,-0.000391225,,,
1786043669176293356,1786043669.175588135,/novatel/oem7/odom,/novatel/oem7/fix,/novatel/oem7/odom,39.663,-75.756,-1.800342185,0.001760673,-0.000391225,0.001748377,0.000207718,-0.000391225,,,
1786043669186131456,1786043669.185473416,/novatel/oem7/inspva,/novatel/oem7/inspva,/novatel/oem7/inspva,39.663,-75.756,-1.800334683,0.001369039,-0.000696922,0.000022494,0.001368854,-0.000696922,,novatel_oem7_msgs.msg.InertialSolutionStatus(status=3),
1786043669187616217,1786043669.185630788,/novatel/oem7/fix,/novatel/oem7/fix,/novatel/oem7/inspva,39.663,-75.756,-1.800334683,0.001369039,-0.000696922,0.000022494,0.001368854,-0.000696922,,0,
1786043669188683801,1786043669.186138346,/novatel/oem7/odom,/novatel/oem7/fix,/novatel/oem7/odom,39.663,-75.756,-1.800334683,0.001371700,-0.000691668,0.001371144,-0.000039074,-0.000691668,,,
1786043669195315560,1786043669.194601593,/novatel/oem7/odom,/novatel/oem7/fix,/novatel/oem7/odom,39.663,-75.756,-1.800334683,0.001371700,-0.000691668,0.001371144,-0.000039074,-0.000691668,,,
1786043669207211957,1786043669.206589818,/novatel/oem7/inspva,/novatel/oem7/inspva,/novatel/oem7/inspva,39.663,-75.756,-1.800329182,0.003723491,-0.000350768,-0.001948493,0.003172973,-0.000350768,,novatel_oem7_msgs.msg.InertialSolutionStatus(status=3),
1786043669208607164,1786043669.206734743,/novatel/oem7/fix,/novatel/oem7/fix,/novatel/oem7/inspva,39.663,-75.756,-1.800329182,0.003723491,-0.000350768,-0.001948493,0.003172973,-0.000350768,,0,
1786043669209649544,1786043669.207283858,/novatel/oem7/odom,/novatel/oem7/fix,/novatel/oem7/odom,39.663,-75.756,-1.800329182,0.003724103,-0.000344206,0.003080756,-0.002092340,-0.000344206,,,
1786043669211130429,1786043669.210471442,/novatel/oem7/bestpos,/novatel/oem7/bestpos,/novatel/oem7/odom,39.663,-75.756,33.182004110,0.003724103,-0.000344206,0.003080756,-0.002092340,-0.000344206,,novatel_oem7_msgs.msg.SolutionStatus(status=0),novatel_oem7_msgs.msg.PositionOrVelocityType(type=53)
1786043669212547973,1786043669.210955544,/novatel/oem7/bestvel,/novatel/oem7/bestpos,/novatel/oem7/bestvel,39.663,-75.756,33.182004110,0.003141728,0.000035959,,,,128.822096515,novatel_oem7_msgs.msg.SolutionStatus(status=0),novatel_oem7_msgs.msg.PositionOrVelocityType(type=53)
1786043669215963407,1786043669.215284524,/novatel/oem7/odom,/novatel/oem7/bestpos,/novatel/oem7/odom,39.663,-75.756,33.182004110,0.003724103,-0.000344206,0.003080756,-0.002092340,-0.000344206,,,
1786043669225840488,1786043669.225195948,/novatel/oem7/inspva,/novatel/oem7/inspva,/novatel/oem7/inspva,39.663,-75.756,-1.800326009,0.003823802,0.000407501,-0.001978591,0.003272100,0.000407501,,novatel_oem7_msgs.msg.InertialSolutionStatus(status=3),
1786043669227295145,1786043669.225359683,/novatel/oem7/fix,/novatel/oem7/fix,/novatel/oem7/inspva,39.663,-75.756,-1.800326009,0.003823802,0.000407501,-0.001978591,0.003272100,0.000407501,,0,
1786043669228359763,1786043669.225743000,/novatel/oem7/odom,/novatel/oem7/fix,/novatel/oem7/odom,39.663,-75.756,-1.800326009,0.003823072,0.000414292,0.003175423,-0.002128983,0.000414292,,,
1786043669236292871,1786043669.235627404,/novatel/oem7/odom,/novatel/oem7/fix,/novatel/oem7/odom,39.663,-75.756,-1.800326009,0.003823072,0.000414292,0.003175423,-0.002128983,0.000414292,,,
1786043669246023807,1786043669.245507758,/novatel/oem7/inspva,/novatel/oem7/inspva,/novatel/oem7/inspva,39.663,-75.756,-1.800335738,0.001846592,0.000131231,0.000087479,0.001844519,0.000131231,,novatel_oem7_msgs.msg.InertialSolutionStatus(status=3),
1786043669247458594,1786043669.245650706,/novatel/oem7/fix,/novatel/oem7/fix,/novatel/oem7/inspva,39.663,-75.756,-1.800335738,0.001846592,0.000131231,0.000087479,0.001844519,0.000131231,,0,
1786043669248883088,1786043669.246517858,/novatel/oem7/odom,/novatel/oem7/fix,/novatel/oem7/odom,39.663,-75.756,-1.800335738,0.001846060,0.000138513,0.001846060,0.000001673,0.000138513,,,
1786043669256745998,1786043669.256416083,/novatel/oem7/odom,/novatel/oem7/fix,/novatel/oem7/odom,39.663,-75.756,-1.800335738,0.001846060,0.000138513,0.001846060,0.000001673,0.000138513,,,
1786043669266450368,1786043669.266092305,/novatel/oem7/inspva,/novatel/oem7/inspva,/novatel/oem7/inspva,39.663,-75.756,-1.800339306,0.001361002,-0.000565336,-0.000120267,0.001355678,-0.000565336,,novatel_oem7_msgs.msg.InertialSolutionStatus(status=3),
1786043669267075594,1786043669.266266466,/novatel/oem7/fix,/novatel/oem7/fix,/novatel/oem7/inspva,39.663,-75.756,-1.800339306,0.001361002,-0.000565336,-0.000120267,0.001355678,-0.000565336,,0,
1786043669267559383,1786043669.266643540,/novatel/oem7/odom,/novatel/oem7/fix,/novatel/oem7/odom,39.663,-75.756,-1.800339306,0.001362992,-0.000560522,0.001350867,-0.000181401,-0.000560522,,,
1786043669275097942,1786043669.274789613,/novatel/oem7/odom,/novatel/oem7/fix,/novatel/oem7/odom,39.663,-75.756,-1.800339306,0.001362992,-0.000560522,0.001350867,-0.000181401,-0.000560522,,,
1786043669285724203,1786043669.285343111,/novatel/oem7/inspva,/novatel/oem7/inspva,/novatel/oem7/inspva,39.663,-75.756,-1.800339079,0.002665123,-0.000703405,-0.001622700,0.002114173,-0.000703405,,novatel_oem7_msgs.msg.InertialSolutionStatus(status=3),
1786043669286317873,1786043669.285513236,/novatel/oem7/fix,/novatel/oem7/fix,/novatel/oem7/inspva,39.663,-75.756,-1.800339079,0.002665123,-0.000703405,-0.001622700,0.002114173,-0.000703405,,0,
1786043669286975358,1786043669.286121825,/novatel/oem7/odom,/novatel/oem7/fix,/novatel/oem7/odom,39.663,-75.756,-1.800339079,0.002666026,-0.000699976,0.002039571,-0.001716929,-0.000699976,,,
1786043669295866786,1786043669.295523585,/novatel/oem7/odom,/novatel/oem7/fix,/novatel/oem7/odom,39.663,-75.756,-1.800339079,0.002666026,-0.000699976,0.002039571,-0.001716929,-0.000699976,,,
1786043669306584641,1786043669.306170826,/novatel/oem7/inspva,/novatel/oem7/inspva,/novatel/oem7/inspva,39.663,-75.756,-1.800325946,0.003433297,0.000230382,-0.001958066,0.002820197,0.000230382,,novatel_oem7_msgs.msg.InertialSolutionStatus(status=3),
1786043669307155766,1786043669.306310268,/novatel/oem7/fix,/novatel/oem7/fix,/novatel/oem7/inspva,39.663,-75.756,-1.800325946,0.003433297,0.000230382,-0.001958066,0.002820197,0.000230382,,0,
1786043669307610204,1786043669.306704365,/novatel/oem7/odom,/novatel/oem7/fix,/novatel/oem7/odom,39.663,-75.756,-1.800325946,0.003432951,0.000235491,0.002725687,-0.002087051,0.000235491,,,
1786043669310145168,1786043669.309846809,/novatel/oem7/bestpos,/novatel/oem7/bestpos,/novatel/oem7/odom,39.663,-75.756,33.182002105,0.003432951,0.000235491,0.002725687,-0.002087051,0.000235491,,novatel_oem7_msgs.msg.SolutionStatus(status=0),novatel_oem7_msgs.msg.PositionOrVelocityType(type=53)
1786043669310935133,1786043669.310526796,/novatel/oem7/bestvel,/novatel/oem7/bestpos,/novatel/oem7/bestvel,39.663,-75.756,33.182002105,0.002911647,0.000501892,,,,130.433298794,novatel_oem7_msgs.msg.SolutionStatus(status=0),novatel_oem7_msgs.msg.PositionOrVelocityType(type=53)
1786043669314739719,1786043669.314354984,/novatel/oem7/odom,/novatel/oem7/bestpos,/novatel/oem7/odom,39.663,-75.756,33.182002105,0.003432951,0.000235491,0.002725687,-0.002087051,0.000235491,,,
1786043669327639700,1786043669.327357701,/novatel/oem7/inspva,/novatel/oem7/inspva,/novatel/oem7/inspva,39.663,-75.756,-1.800314689,0.001469526,0.001425061,-0.000279393,0.001442721,0.001425061,,novatel_oem7_msgs.msg.InertialSolutionStatus(status=3),
1786043669328240448,1786043669.327460514,/novatel/oem7/fix,/novatel/oem7/fix,/novatel/oem7/inspva,39.663,-75.756,-1.800314689,0.001469526,0.001425061,-0.000279393,0.001442721,0.001425061,,0,
1786043669328695617,1786043669.327913087,/novatel/oem7/odom,/novatel/oem7/fix,/novatel/oem7/odom,39.663,-75.756,-1.800314689,0.001464909,0.001429806,0.001422586,-0.000349581,0.001429806,,,
1786043669335391042,1786043669.335064235,/novatel/oem7/odom,/novatel/oem7/fix,/novatel/oem7/odom,39.663,-75.756,-1.800314689,0.001464909,0.001429806,0.001422586,-0.000349581,0.001429806,,,
1786043669345544112,1786043669.345039683,/novatel/oem7/inspva,/novatel/oem7/inspva,/novatel/oem7/inspva,39.663,-75.756,-1.800318162,0.001187659,0.000602685,-0.000182985,0.001173478,0.000602685,,novatel_oem7_msgs.msg.InertialSolutionStatus(status=3),
1786043669346113553,1786043669.345236438,/novatel/oem7/fix,/novatel/oem7/fix,/novatel/oem7/inspva,39.663,-75.756,-1.800318162,0.001187659,0.000602685,-0.000182985,0.001173478,0.000602685,,0,
1786043669346630344,1786043669.345616382,/novatel/oem7/odom,/novatel/oem7/fix,/novatel/oem7/odom,39.663,-75.756,-1.800318162,0.001185660,0.000606607,0.001161390,-0.000238670,0.000606607,,,
1786043669356373987,1786043669.355899850,/novatel/oem7/odom,/novatel/oem7/fix,/novatel/oem7/odom,39.663,-75.756,-1.800318162,0.001185660,0.000606607,0.001161390,-0.000238670,0.000606607,,,
1786043669365957974,1786043669.365452888,/novatel/oem7/inspva,/novatel/oem7/inspva,/novatel/oem7/inspva,39.663,-75.756,-1.800318888,0.002275735,-0.000724426,-0.001079082,0.002003634,-0.000724426,,novatel_oem7_msgs.msg.InertialSolutionStatus(status=3),
1786043669366571067,1786043669.365650916,/novatel/oem7/fix,/novatel/oem7/fix,/novatel/oem7/inspva,39.663,-75.756,-1.800318888,0.002275735,-0.000724426,-0.001079082,0.002003634,-0.000724426,,0,
1786043669367054545,1786043669.366170362,/novatel/oem7/odom,/novatel/oem7/fix,/novatel/oem7/odom,39.663,-75.756,-1.800318888,0.002277176,-0.000719882,0.001954357,-0.001168770,-0.000719882,,,
1786043669375088996,1786043669.374673742,/novatel/oem7/odom,/novatel/oem7/fix,/novatel/oem7/odom,39.663,-75.756,-1.800318888,0.002277176,-0.000719882,0.001954357,-0.001168770,-0.000719882,,,
1786043669386718467,1786043669.386340907,/novatel/oem7/inspva,/novatel/oem7/inspva,/novatel/oem7/inspva,39.663,-75.756,-1.800305726,0.001999931,-0.000158474,-0.001263595,0.001550177,-0.000158474,,novatel_oem7_msgs.msg.InertialSolutionStatus(status=3),
1786043669387336873,1786043669.386548846,/novatel/oem7/fix,/novatel/oem7/fix,/novatel/oem7/inspva,39.663,-75.756,-1.800305726,0.001999931,-0.000158474,-0.001263595,0.001550177,-0.000158474,,0,
1786043669387799244,1786043669.386994577,/novatel/oem7/odom,/novatel/oem7/fix,/novatel/oem7/odom,39.663,-75.756,-1.800305726,0.002000116,-0.000156121,0.001490681,-0.001333542,-0.000156121,,,
1786043669395172706,1786043669.394866131,/novatel/oem7/odom,/novatel/oem7/fix,/novatel/oem7/odom,39.663,-75.756,-1.800305726,0.002000116,-0.000156121,0.001490681,-0.001333542,-0.000156121,,,
1786043669406763176,1786043669.406488643,/novatel/oem7/inspva,/novatel/oem7/inspva,/novatel/oem7/inspva,39.663,-75.756,-1.800292701,0.002493516,0.001170926,-0.000829456,0.002351516,0.001170926,,novatel_oem7_msgs.msg.InertialSolutionStatus(status=3),
1786043669407364489,1786043669.406578146,/novatel/oem7/fix,/novatel/oem7/fix,/novatel/oem7/inspva,39.663,-75.756,-1.800292701,0.002493516,0.001170926,-0.000829456,0.002351516,0.001170926,,0,
1786043669408037376,1786043669.407147299,/novatel/oem7/odom,/novatel/oem7/fix,/novatel/oem7/odom,39.663,-75.756,-1.800292701,0.002490424,0.001177488,0.002306029,-0.000940447,0.001177488,,,
1786043669410864980,1786043669.410343740,/novatel/oem7/bestpos,/novatel/oem7/bestpos,/novatel/oem7/odom,39.663,-75.756,33.182026415,0.002490424,0.001177488,0.002306029,-0.000940447,0.001177488,,novatel_oem7_msgs.msg.SolutionStatus(status=0),novatel_oem7_msgs.msg.PositionOrVelocityType(type=53)
1786043669411461048,1786043669.410766399,/novatel/oem7/bestvel,/novatel/oem7/bestpos,/novatel/oem7/bestvel,39.663,-75.756,33.182026415,0.002422528,0.000734103,,,,93.202964559,novatel_oem7_msgs.msg.SolutionStatus(status=0),novatel_oem7_msgs.msg.PositionOrVelocityType(type=53)
1786043669415839041,1786043669.415501538,/novatel/oem7/odom,/novatel/oem7/bestpos,/novatel/oem7/odom,39.663,-75.756,33.182026415,0.002490424,0.001177488,0.002306029,-0.000940447,0.001177488,,,
1786043669425321750,1786043669.425043407,/novatel/oem7/inspva,/novatel/oem7/inspva,/novatel/oem7/inspva,39.663,-75.756,-1.800293853,0.001655182,0.001066854,-0.000595069,0.001544513,0.001066854,,novatel_oem7_msgs.msg.InertialSolutionStatus(status=3),
1786043669425924327,1786043669.425134392,/novatel/oem7/fix,/novatel/oem7/fix,/novatel/oem7/inspva,39.663,-75.756,-1.800293853,0.001655182,0.001066854,-0.000595069,0.001544513,0.001066854,,0,
1786043669426371685,1786043669.425586967,/novatel/oem7/odom,/novatel/oem7/fix,/novatel/oem7/odom,39.663,-75.756,-1.800293853,0.001652449,0.001071082,0.001511096,-0.000668713,0.001071082,,,
1786043669434780181,1786043669.434411665,/novatel/oem7/odom,/novatel/oem7/fix,/novatel/oem7/odom,39.663,-75.756,-1.800293853,0.001652449,0.001071082,0.001511096,-0.000668713,0.001071082,,,
1786043669447060039,1786043669.446760964,/novatel/oem7/inspva,/novatel/oem7/inspva,/novatel/oem7/inspva,39.663,-75.756,-1.800313542,0.000360326,-0.001411349,0.000230954,0.000276578,-0.001411349,,novatel_oem7_msgs.msg.InertialSolutionStatus(status=3),
1786043669447760332,1786043669.446843430,/novatel/oem7/fix,/novatel/oem7/fix,/novatel/oem7/inspva,39.663,-75.756,-1.800313542,0.000360326,-0.001411349,0.000230954,0.000276578,-0.001411349,,0,
1786043669448200957,1786043669.447387029,/novatel/oem7/odom,/novatel/oem7/fix,/novatel/oem7/odom,39.663,-75.756,-1.800313542,0.000366952,-0.001409641,0.000292477,0.000221611,-0.001409641,,,
1786043669456907101,1786043669.456570853,/novatel/oem7/odom,/novatel/oem7/fix,/novatel/oem7/odom,39.663,-75.756,-1.800313542,0.000366952,-0.001409641,0.000292477,0.000221611,-0.001409641,,,
1786043669465303369,1786043669.464997316,/novatel/oem7/inspva,/novatel/oem7/inspva,/novatel/oem7/inspva,39.663,-75.756,-1.800301895,0.001525051,-0.001004894,-0.000819674,0.001286047,-0.001004894,,novatel_oem7_msgs.msg.InertialSolutionStatus(status=3),
1786043669465904564,1786043669.465150878,/novatel/oem7/fix,/novatel/oem7/fix,/novatel/oem7/inspva,39.663,-75.756,-1.800301895,0.001525051,-0.001004894,-0.000819674,0.001286047,-0.001004894,,0,
1786043669466354872,1786043669.465591858,/novatel/oem7/odom,/novatel/oem7/fix,/novatel/oem7/odom,39.663,-75.756,-1.800301895,0.001526765,-0.001002288,0.001250689,-0.000875665,-0.001002288,,,
1786043669475729142,1786043669.475390138,/novatel/oem7/odom,/novatel/oem7/fix,/novatel/oem7/odom,39.663,-75.756,-1.800301895,0.001526765,-0.001002288,0.001250689,-0.000875665,-0.001002288,,,
1786043669485651345,1786043669.485292476,/novatel/oem7/inspva,/novatel/oem7/inspva,/novatel/oem7/inspva,39.663,-75.756,-1.800285784,0.001960018,0.001373530,-0.001315837,0.001452668,0.001373530,,novatel_oem7_msgs.msg.InertialSolutionStatus(status=3),
1786043669486207745,1786043669.485490941,/novatel/oem7/fix,/novatel/oem7/fix,/novatel/oem7/inspva,39.663,-75.756,-1.800285784,0.001960018,0.001373530,-0.001315837,0.001452668,0.001373530,,0,
1786043669486869063,1786043669.486116814,/novatel/oem7/odom,/novatel/oem7/fix,/novatel/oem7/odom,39.663,-75.756,-1.800285784,0.001958708,0.001375399,0.001384793,-0.001385238,0.001375399,,,
1786043669495498236,1786043669.495019458,/novatel/oem7/odom,/novatel/oem7/fix,/novatel/oem7/odom,39.663,-75.756,-1.800285784,0.001958708,0.001375399,0.001384793,-0.001385238,0.001375399,,,
1786043669506394227,1786043669.506098128,/novatel/oem7/inspva,/novatel/oem7/inspva,/novatel/oem7/inspva,39.663,-75.756,-1.800288316,0.002331938,0.001306343,-0.000897112,0.002152470,0.001306343,,novatel_oem7_msgs.msg.InertialSolutionStatus(status=3),
1786043669506973734,1786043669.506237283,/novatel/oem7/fix,/novatel/oem7/fix,/novatel/oem7/inspva,39.663,-75.756,-1.800288316,0.002331938,0.001306343,-0.000897112,0.002152470,0.001306343,,0,
1786043669507416615,1786043669.506685117,/novatel/oem7/odom,/novatel/oem7/fix,/novatel/oem7/odom,39.663,-75.756,-1.800288316,0.002328789,0.001311948,0.002103524,-0.000999224,0.001311948,,,
1786043669512027323,1786043669.511286769,/novatel/oem7/bestpos,/novatel/oem7/bestpos,/novatel/oem7/odom,39.663,-75.756,33.182012992,0.002328789,0.001311948,0.002103524,-0.000999224,0.001311948,,novatel_oem7_msgs.msg.SolutionStatus(status=0),novatel_oem7_msgs.msg.PositionOrVelocityType(type=53)
1786043669513882584,1786043669.511865311,/novatel/oem7/bestvel,/novatel/oem7/bestpos,/novatel/oem7/bestvel,39.663,-75.756,33.182012992,0.002096910,0.000503619,,,,72.741238696,novatel_oem7_msgs.msg.SolutionStatus(status=0),novatel_oem7_msgs.msg.PositionOrVelocityType(type=53)
1786043669515597975,1786043669.514725449,/novatel/oem7/odom,/novatel/oem7/bestpos,/novatel/oem7/odom,39.663,-75.756,33.182012992,0.002328789,0.001311948,0.002103524,-0.000999224,0.001311948,,,
1786043669525877499,1786043669.525140609,/novatel/oem7/inspva,/novatel/oem7/inspva,/novatel/oem7/inspva,39.663,-75.756,-1.800298968,0.000692739,-0.000410156,0.000501014,0.000478406,-0.000410156,,novatel_oem7_msgs.msg.InertialSolutionStatus(status=3),
1786043669527273466,1786043669.525341101,/novatel/oem7/fix,/novatel/oem7/fix,/novatel/oem7/inspva,39.663,-75.756,-1.800298968,0.000692739,-0.000410156,0.000501014,0.000478406,-0.000410156,,0,
1786043669528300926,1786043669.525855186,/novatel/oem7/odom,/novatel/oem7/fix,/novatel/oem7/odom,39.663,-75.756,-1.800298968,0.000694652,-0.000406909,0.000502683,0.000479428,-0.000406909,,,
1786043669536126187,1786043669.535483781,/novatel/oem7/odom,/novatel/oem7/fix,/novatel/oem7/odom,39.663,-75.756,-1.800298968,0.000694652,-0.000406909,0.000502683,0.000479428,-0.000406909,,,
1786043669545896977,1786043669.545186397,/novatel/oem7/inspva,/novatel/oem7/inspva,/novatel/oem7/inspva,39.663,-75.756,-1.800292292,0.000304505,-0.001250864,-0.000012842,-0.000304234,-0.001250864,,novatel_oem7_msgs.msg.InertialSolutionStatus(status=3),
1786043669547446652,1786043669.545387662,/novatel/oem7/fix,/novatel/oem7/fix,/novatel/oem7/inspva,39.663,-75.756,-1.800292292,0.000304505,-0.001250864,-0.000012842,-0.000304234,-0.001250864,,0,
1786043669548772108,1786043669.545821569,/novatel/oem7/odom,/novatel/oem7/fix,/novatel/oem7/odom,39.663,-75.756,-1.800292292,0.000299631,-0.001252040,-0.000299596,0.000004544,-0.001252040,,,
1786043669556352307,1786043669.555694623,/novatel/oem7/odom,/novatel/oem7/fix,/novatel/oem7/odom,39.663,-75.756,-1.800292292,0.000299631,-0.001252040,-0.000299596,0.000004544,-0.001252040,,,
1786043669567317698,1786043669.566629694,/novatel/oem7/inspva,/novatel/oem7/inspva,/novatel/oem7/inspva,39.663,-75.756,-1.800267352,0.002048174,0.001380314,-0.001066307,0.001748716,0.001380314,,novatel_oem7_msgs.msg.InertialSolutionStatus(status=3),
1786043669568688032,1786043669.566824020,/novatel/oem7/fix,/novatel/oem7/fix,/novatel/oem7/inspva,39.663,-75.756,-1.800267352,0.002048174,0.001380314,-0.001066307,0.001748716,0.001380314,,0,
1786043669569717872,1786043669.567214474,/novatel/oem7/odom,/novatel/oem7/fix,/novatel/oem7/odom,39.663,-75.756,-1.800267352,0.002045752,0.001383902,0.001692106,-0.001149728,0.001383902,,,
1786043669575641400,1786043669.574972267,/novatel/oem7/odom,/novatel/oem7/fix,/novatel/oem7/odom,39.663,-75.756,-1.800267352,0.002045752,0.001383902,0.001692106,-0.001149728,0.001383902,,,
1786043669585724816,1786043669.585023436,/novatel/oem7/inspva,/novatel/oem7/inspva,/novatel/oem7/inspva,39.663,-75.756,-1.800267546,0.001538046,0.001394014,-0.000501925,0.001453842,0.001394014,,novatel_oem7_msgs.msg.InertialSolutionStatus(status=3),
1786043669587029282,1786043669.585223632,/novatel/oem7/fix,/novatel/oem7/fix,/novatel/oem7/inspva,39.663,-75.756,-1.800267546,0.001538046,0.001394014,-0.000501925,0.001453842,0.001394014,,0,
1786043669588070406,1786043669.585677352,/novatel/oem7/odom,/novatel/oem7/fix,/novatel/oem7/odom,39.663,-75.756,-1.800267546,0.001534303,0.001398134,0.001423548,-0.000572360,0.001398134,,,
1786043669595174093,1786043669.594510306,/novatel/oem7/odom,/novatel/oem7/fix,/novatel/oem7/odom,39.663,-75.756,-1.800267546,0.001534303,0.001398134,0.001423548,-0.000572360,0.001398134,,,
1786043669607263082,1786043669.606595519,/novatel/oem7/inspva,/novatel/oem7/inspva,/novatel/oem7/inspva,39.663,-75.756,-1.800277658,0.000815225,-0.000268312,0.000729006,0.000364887,-0.000268312,,novatel_oem7_msgs.msg.InertialSolutionStatus(status=3),
1786043669608650703,1786043669.606796280,/novatel/oem7/fix,/novatel/oem7/fix,/novatel/oem7/inspva,39.663,-75.756,-1.800277658,0.000815225,-0.000268312,0.000729006,0.000364887,-0.000268312,,0,
1786043669609832830,1786043669.607663999,/novatel/oem7/odom,/novatel/oem7/fix,/novatel/oem7/odom,39.663,-75.756,-1.800277658,0.000816352,-0.000264863,0.000399268,0.000712050,-0.000264863,,,
1786043669611463796,1786043669.610211554,/novatel/oem7/bestpos,/novatel/oem7/bestpos,/novatel/oem7/odom,39.663,-75.756,33.182033424,0.000816352,-0.000264863,0.000399268,0.000712050,-0.000264863,,novatel_oem7_msgs.msg.SolutionStatus(status=0),novatel_oem7_msgs.msg.PositionOrVelocityType(type=53)
1786043669612346305,1786043669.610648482,/novatel/oem7/bestvel,/novatel/oem7/bestpos,/novatel/oem7/bestvel,39.663,-75.756,33.182033424,0.000814243,-0.000274058,,,,29.035509136,novatel_oem7_msgs.msg.SolutionStatus(status=0),novatel_oem7_msgs.msg.PositionOrVelocityType(type=53)
1786043669615747969,1786043669.615079372,/novatel/oem7/odom,/novatel/oem7/bestpos,/novatel/oem7/odom,39.663,-75.756,33.182033424,0.000816352,-0.000264863,0.000399268,0.000712050,-0.000264863,,,
1786043669625705117,1786043669.625090678,/novatel/oem7/inspva,/novatel/oem7/inspva,/novatel/oem7/inspva,39.663,-75.756,-1.800275917,0.000769725,-0.000761731,0.000700258,0.000319555,-0.000761731,,novatel_oem7_msgs.msg.InertialSolutionStatus(status=3),
1786043669627047214,1786043669.625253282,/novatel/oem7/fix,/novatel/oem7/fix,/novatel/oem7/inspva,39.663,-75.756,-1.800275917,0.000769725,-0.000761731,0.000700258,0.000319555,-0.000761731,,0,
1786043669628066560,1786043669.625618146,/novatel/oem7/odom,/novatel/oem7/fix,/novatel/oem7/odom,39.663,-75.756,-1.800275917,0.000772880,-0.000758530,0.000354605,0.000686731,-0.000758530,,,
1786043669635531774,1786043669.634847951,/novatel/oem7/odom,/novatel/oem7/fix,/novatel/oem7/odom,39.663,-75.756,-1.800275917,0.000772880,-0.000758530,0.000354605,0.000686731,-0.000758530,,,
1786043669645912570,1786043669.645342801,/novatel/oem7/inspva,/novatel/oem7/inspva,/novatel/oem7/inspva,39.663,-75.756,-1.800270883,0.001688558,-0.000353740,-0.001349640,0.001014742,-0.000353740,,novatel_oem7_msgs.msg.InertialSolutionStatus(status=3),
1786043669647499149,1786043669.645502499,/novatel/oem7/fix,/novatel/oem7/fix,/novatel/oem7/inspva,39.663,-75.756,-1.800270883,0.001688558,-0.000353740,-0.001349640,0.001014742,-0.000353740,,0,
1786043669648843169,1786043669.646007264,/novatel/oem7/odom,/novatel/oem7/fix,/novatel/oem7/odom,39.663,-75.756,-1.800270883,0.001688559,-0.000353738,0.000952596,-0.001394199,-0.000353738,,,
1786043669656861524,1786043669.656516098,/novatel/oem7/odom,/novatel/oem7/fix,/novatel/oem7/odom,39.663,-75.756,-1.800270883,0.001688559,-0.000353738,0.000952596,-0.001394199,-0.000353738,,,
1786043669665595149,1786043669.665290754,/novatel/oem7/inspva,/novatel/oem7/inspva,/novatel/oem7/inspva,39.663,-75.756,-1.800266689,0.001805631,0.000673301,-0.000853667,0.001591087,0.000673301,,novatel_oem7_msgs.msg.InertialSolutionStatus(status=3),
1786043669666186704,1786043669.665443979,/novatel/oem7/fix,/novatel/oem7/fix,/novatel/oem7/inspva,39.663,-75.756,-1.800266689,0.001805631,0.000673301,-0.000853667,0.001591087,0.000673301,,0,
1786043669666652763,1786043669.665869143,/novatel/oem7/odom,/novatel/oem7/fix,/novatel/oem7/odom,39.663,-75.756,-1.800266689,0.001804300,0.000676860,0.001547265,-0.000928153,0.000676860,,,
1786043669674896083,1786043669.674541272,/novatel/oem7/odom,/novatel/oem7/fix,/novatel/oem7/odom,39.663,-75.756,-1.800266689,0.001804300,0.000676860,0.001547265,-0.000928153,0.000676860,,,
1786043669685816922,1786043669.685312375,/novatel/oem7/inspva,/novatel/oem7/inspva,/novatel/oem7/inspva,39.663,-75.756,-1.800268612,0.001097915,0.000528316,0.001097801,-0.000015846,0.000528316,,novatel_oem7_msgs.msg.InertialSolutionStatus(status=3),
1786043669686413067,1786043669.685463216,/novatel/oem7/fix,/novatel/oem7/fix,/novatel/oem7/inspva,39.663,-75.756,-1.800268612,0.001097915,0.000528316,0.001097801,-0.000015846,0.000528316,,0,
1786043669686869765,1786043669.686009878,/novatel/oem7/odom,/novatel/oem7/fix,/novatel/oem7/odom,39.663,-75.756,-1.800268612,0.001096448,0.000531354,0.000032867,0.001095955,0.000531354,,,
1786043669695696816,1786043669.695347424,/novatel/oem7/odom,/novatel/oem7/fix,/novatel/oem7/odom,39.663,-75.756,-1.800268612,0.001096448,0.000531354,0.000032867,0.001095955,0.000531354,,,
1786043669706160266,1786043669.705850251,/novatel/oem7/inspva,/novatel/oem7/inspva,/novatel/oem7/inspva,39.663,-75.756,-1.800270053,0.001176828,-0.000171376,0.001174662,0.000071366,-0.000171376,,novatel_oem7_msgs.msg.InertialSolutionStatus(status=3),
1786043669706771819,1786043669.705990785,/novatel/oem7/fix,/novatel/oem7/fix,/novatel/oem7/inspva,39.663,-75.756,-1.800270053,0.001176828,-0.000171376,0.001174662,0.000071366,-0.000171376,,0,
1786043669707436375,1786043669.706505830,/novatel/oem7/odom,/novatel/oem7/fix,/novatel/oem7/odom,39.663,-75.756,-1.800270053,0.001177347,-0.000167774,0.000126284,0.001170554,-0.000167774,,,
1786043669709691134,1786043669.709264575,/novatel/oem7/bestpos,/novatel/oem7/bestpos,/novatel/oem7/odom,39.663,-75.756,33.182049147,0.001177347,-0.000167774,0.000126284,0.001170554,-0.000167774,,novatel_oem7_msgs.msg.SolutionStatus(status=0),novatel_oem7_msgs.msg.PositionOrVelocityType(type=53)
1786043669710318719,1786043669.709635488,/novatel/oem7/bestvel,/novatel/oem7/bestpos,/novatel/oem7/bestvel,39.663,-75.756,33.182049147,0.001296361,-0.000105569,,,,352.076225832,novatel_oem7_msgs.msg.SolutionStatus(status=0),novatel_oem7_msgs.msg.PositionOrVelocityType(type=53)
1786043669714735725,1786043669.714391815,/novatel/oem7/odom,/novatel/oem7/bestpos,/novatel/oem7/odom,39.663,-75.756,33.182049147,0.001177347,-0.000167774,0.000126284,0.001170554,-0.000167774,,,
1786043669726689971,1786043669.726389743,/novatel/oem7/inspva,/novatel/oem7/inspva,/novatel/oem7/inspva,39.663,-75.756,-1.800272043,0.001346980,-0.000876094,-0.000572470,0.001219275,-0.000876094,,novatel_oem7_msgs.msg.InertialSolutionStatus(status=3),
1786043669727277378,1786043669.726584222,/novatel/oem7/fix,/novatel/oem7/fix,/novatel/oem7/inspva,39.663,-75.756,-1.800272043,0.001346980,-0.000876094,-0.000572470,0.001219275,-0.000876094,,0,
1786043669727751291,1786043669.726955625,/novatel/oem7/odom,/novatel/oem7/fix,/novatel/oem7/odom,39.663,-75.756,-1.800272043,0.001348898,-0.000873138,0.001194876,-0.000625937,-0.000873138,,,
1786043669735220516,1786043669.734895737,/novatel/oem7/odom,/novatel/oem7/fix,/novatel/oem7/odom,39.663,-75.756,-1.800272043,0.001348898,-0.000873138,0.001194876,-0.000625937,-0.000873138,,,
1786043669745338215,1786043669.745024704,/novatel/oem7/inspva,/novatel/oem7/inspva,/novatel/oem7/inspva,39.663,-75.756,-1.800262459,0.001043255,-0.000328991,-0.000659193,0.000808607,-0.000328991,,novatel_oem7_msgs.msg.InertialSolutionStatus(status=3),
1786043669745941825,1786043669.745213895,/novatel/oem7/fix,/novatel/oem7/fix,/novatel/oem7/inspva,39.663,-75.756,-1.800262459,0.001043255,-0.000328991,-0.000659193,0.000808607,-0.000328991,,0,
1786043669746619443,1786043669.745725554,/novatel/oem7/odom,/novatel/oem7/fix,/novatel/oem7/odom,39.663,-75.756,-1.800262459,0.001043626,-0.000327814,0.000778523,-0.000695023,-0.000327814,,,
1786043669756283854,1786043669.755877427,/novatel/oem7/odom,/novatel/oem7/fix,/novatel/oem7/odom,39.663,-75.756,-1.800262459,0.001043626,-0.000327814,0.000778523,-0.000695023,-0.000327814,,,
1786043669765462250,1786043669.765166689,/novatel/oem7/inspva,/novatel/oem7/inspva,/novatel/oem7/inspva,39.663,-75.756,-1.800253423,0.000973472,0.001197770,0.000973464,0.000003817,0.001197770,,novatel_oem7_msgs.msg.InertialSolutionStatus(status=3),
1786043669766037999,1786043669.765360591,/novatel/oem7/fix,/novatel/oem7/fix,/novatel/oem7/inspva,39.663,-75.756,-1.800253423,0.000973472,0.001197770,0.000973464,0.000003817,0.001197770,,0,
1786043669766690285,1786043669.765822585,/novatel/oem7/odom,/novatel/oem7/fix,/novatel/oem7/odom,39.663,-75.756,-1.800253423,0.000970047,0.001200544,0.000044153,0.000969042,0.001200544,,,
1786043669775482369,1786043669.775131087,/novatel/oem7/odom,/novatel/oem7/fix,/novatel/oem7/odom,39.663,-75.756,-1.800253423,0.000970047,0.001200544,0.000044153,0.000969042,0.001200544,,,
1786043669786618534,1786043669.786081152,/novatel/oem7/inspva,/novatel/oem7/inspva,/novatel/oem7/inspva,39.663,-75.756,-1.800252815,0.001187856,0.000590255,0.001183497,-0.000101671,0.000590255,,novatel_oem7_msgs.msg.InertialSolutionStatus(status=3),
1786043669787936440,1786043669.786268617,/novatel/oem7/fix,/novatel/oem7/fix,/novatel/oem7/inspva,39.663,-75.756,-1.800252815,0.001187856,0.000590255,0.001183497,-0.000101671,0.000590255,,0,
1786043669788965830,1786043669.786766259,/novatel/oem7/odom,/novatel/oem7/fix,/novatel/oem7/odom,39.663,-75.756,-1.800252815,0.001186370,0.000593238,-0.000049127,0.001185352,0.000593238,,,
1786043669795250992,1786043669.794605962,/novatel/oem7/odom,/novatel/oem7/fix,/novatel/oem7/odom,39.663,-75.756,-1.800252815,0.001186370,0.000593238,-0.000049127,0.001185352,0.000593238,,,
1786043669806766594,1786043669.806485456,/novatel/oem7/inspva,/novatel/oem7/inspva,/novatel/oem7/inspva,39.663,-75.756,-1.800261209,0.000809528,-0.001584192,0.000621199,0.000519083,-0.001584192,,novatel_oem7_msgs.msg.InertialSolutionStatus(status=3),
1786043669807348866,1786043669.806668955,/novatel/oem7/fix,/novatel/oem7/fix,/novatel/oem7/inspva,39.663,-75.756,-1.800261209,0.000809528,-0.001584192,0.000621199,0.000519083,-0.001584192,,0,
1786043669807820071,1786043669.807106996,/novatel/oem7/odom,/novatel/oem7/fix,/novatel/oem7/odom,39.663,-75.756,-1.800261209,0.000816778,-0.001580466,0.000553391,0.000600737,-0.001580466,,,
1786043669810557127,1786043669.810258657,/novatel/oem7/bestpos,/novatel/oem7/bestpos,/novatel/oem7/odom,39.663,-75.756,33.182065867,0.000816778,-0.001580466,0.000553391,0.000600737,-0.001580466,,novatel_oem7_msgs.msg.SolutionStatus(status=0),novatel_oem7_msgs.msg.PositionOrVelocityType(type=53)
1786043669811169162,1786043669.810761192,/novatel/oem7/bestvel,/novatel/oem7/bestpos,/novatel/oem7/bestvel,39.663,-75.756,33.182065867,0.000298293,-0.000763719,,,,255.447608767,novatel_oem7_msgs.msg.SolutionStatus(status=0),novatel_oem7_msgs.msg.PositionOrVelocityType(type=53)
1786043669815976367,1786043669.815659717,/novatel/oem7/odom,/novatel/oem7/bestpos,/novatel/oem7/odom,39.663,-75.756,33.182065867,0.000816778,-0.001580466,0.000553391,0.000600737,-0.001580466,,,
1786043669825358582,1786043669.825093430,/novatel/oem7/inspva,/novatel/oem7/inspva,/novatel/oem7/inspva,39.663,-75.756,-1.800257491,0.000169565,-0.001274204,0.000167961,-0.000023263,-0.001274204,,novatel_oem7_msgs.msg.InertialSolutionStatus(status=3),
1786043669825926242,1786043669.825266605,/novatel/oem7/fix,/novatel/oem7/fix,/novatel/oem7/inspva,39.663,-75.756,-1.800257491,0.000169565,-0.001274204,0.000167961,-0.000023263,-0.001274204,,0,
1786043669826571366,1786043669.825735203,/novatel/oem7/odom,/novatel/oem7/fix,/novatel/oem7/odom,39.663,-75.756,-1.800257491,0.000172592,-0.001273798,-0.000010541,0.000172270,-0.001273798,,,
1786043669834998801,1786043669.834560510,/novatel/oem7/odom,/novatel/oem7/fix,/novatel/oem7/odom,39.663,-75.756,-1.800257491,0.000172592,-0.001273798,-0.000010541,0.000172270,-0.001273798,,,
1786043669846843499,1786043669.846527841,/novatel/oem7/inspva,/novatel/oem7/inspva,/novatel/oem7/inspva,39.663,-75.756,-1.800239843,0.001487759,0.001541271,0.000533476,0.001388823,0.001541271,,novatel_oem7_msgs.msg.InertialSolutionStatus(status=3),
1786043669847427822,1786043669.846709116,/novatel/oem7/fix,/novatel/oem7/fix,/novatel/oem7/inspva,39.663,-75.756,-1.800239843,0.001487759,0.001541271,0.000533476,0.001388823,0.001541271,,0,
1786043669847878063,1786043669.847107200,/novatel/oem7/odom,/novatel/oem7/fix,/novatel/oem7/odom,39.663,-75.756,-1.800239843,0.001480714,0.001548040,0.001405978,0.000464476,0.001548040,,,
1786043669856725841,1786043669.856385912,/novatel/oem7/odom,/novatel/oem7/fix,/novatel/oem7/odom,39.663,-75.756,-1.800239843,0.001480714,0.001548040,0.001405978,0.000464476,0.001548040,,,
1786043669865225192,1786043669.864955250,/novatel/oem7/inspva,/novatel/oem7/inspva,/novatel/oem7/inspva,39.663,-75.756,-1.800241170,0.001081110,0.001730291,0.001061115,0.000206962,0.001730291,,novatel_oem7_msgs.msg.InertialSolutionStatus(status=3),
1786043669865791353,1786043669.865134442,/novatel/oem7/fix,/novatel/oem7/fix,/novatel/oem7/inspva,39.663,-75.756,-1.800241170,0.001081110,0.001730291,0.001061115,0.000206962,0.001730291,,0,
1786043669866432727,1786043669.865645733,/novatel/oem7/odom,/novatel/oem7/fix,/novatel/oem7/odom,39.663,-75.756,-1.800241170,0.001074986,0.001734103,0.000249026,0.001045744,0.001734103,,,
1786043669874998729,1786043669.874600005,/novatel/oem7/odom,/novatel/oem7/fix,/novatel/oem7/odom,39.663,-75.756,-1.800241170,0.001074986,0.001734103,0.000249026,0.001045744,0.001734103,,,
1786043669885667004,1786043669.885288650,/novatel/oem7/inspva,/novatel/oem7/inspva,/novatel/oem7/inspva,39.663,-75.756,-1.800267446,0.001386016,-0.002635600,0.001220012,-0.000657731,-0.002635600,,novatel_oem7_msgs.msg.InertialSolutionStatus(status=3),
1786043669886232620,1786043669.885509309,/novatel/oem7/fix,/novatel/oem7/fix,/novatel/oem7/inspva,39.663,-75.756,-1.800267446,0.001386016,-0.002635600,0.001220012,-0.000657731,-0.002635600,,0,
1786043669886875746,1786043669.886024454,/novatel/oem7/odom,/novatel/oem7/fix,/novatel/oem7/odom,39.663,-75.756,-1.800267446,0.001387979,-0.002634567,-0.000590386,0.001256156,-0.002634567,,,
1786043669895220067,1786043669.894901985,/novatel/oem7/odom,/novatel/oem7/fix,/novatel/oem7/odom,39.663,-75.756,-1.800267446,0.001387979,-0.002634567,-0.000590386,0.001256156,-0.002634567,,,
1786043669906361131,1786043669.906092739,/novatel/oem7/inspva,/novatel/oem7/inspva,/novatel/oem7/inspva,39.663,-75.756,-1.800263483,0.000816033,-0.001738253,0.000543639,-0.000608578,-0.001738253,,novatel_oem7_msgs.msg.InertialSolutionStatus(status=3),
1786043669906931714,1786043669.906271490,/novatel/oem7/fix,/novatel/oem7/fix,/novatel/oem7/inspva,39.663,-75.756,-1.800263483,0.000816033,-0.001738253,0.000543639,-0.000608578,-0.001738253,,0,
1786043669907371250,1786043669.906679464,/novatel/oem7/odom,/novatel/oem7/fix,/novatel/oem7/odom,39.663,-75.756,-1.800263483,0.000814528,-0.001738959,-0.000576065,0.000575851,-0.001738959,,,
1786043669909876146,1786043669.909456789,/novatel/oem7/bestpos,/novatel/oem7/bestpos,/novatel/oem7/odom,39.663,-75.756,33.182058733,0.000814528,-0.001738959,-0.000576065,0.000575851,-0.001738959,,novatel_oem7_msgs.msg.SolutionStatus(status=0),novatel_oem7_msgs.msg.PositionOrVelocityType(type=53)
1786043669910506744,1786043669.910192046,/novatel/oem7/bestvel,/novatel/oem7/bestpos,/novatel/oem7/bestvel,39.663,-75.756,33.182058733,0.002389385,-0.000434236,,,,267.059106095,novatel_oem7_msgs.msg.SolutionStatus(status=0),novatel_oem7_msgs.msg.PositionOrVelocityType(type=53)
1786043669914744258,1786043669.914337467,/novatel/oem7/odom,/novatel/oem7/bestpos,/novatel/oem7/odom,39.663,-75.756,33.182058733,0.000814528,-0.001738959,-0.000576065,0.000575851,-0.001738959,,,
1786043669925511929,1786043669.925235660,/novatel/oem7/inspva,/novatel/oem7/inspva,/novatel/oem7/inspva,39.663,-75.756,-1.800249739,0.001600595,0.001242389,-0.000121199,0.001595999,0.001242389,,novatel_oem7_msgs.msg.InertialSolutionStatus(status=3),
1786043669926086769,1786043669.925416152,/novatel/oem7/fix,/novatel/oem7/fix,/novatel/oem7/inspva,39.663,-75.756,-1.800249739,0.001600595,0.001242389,-0.000121199,0.001595999,0.001242389,,0,
1786043669926736594,1786043669.925888437,/novatel/oem7/odom,/novatel/oem7/fix,/novatel/oem7/odom,39.663,-75.756,-1.800249739,0.001596215,0.001248011,0.001583852,-0.000198276,0.001248011,,,
1786043669936080684,1786043669.935732464,/novatel/oem7/odom,/novatel/oem7/fix,/novatel/oem7/odom,39.663,-75.756,-1.800249739,0.001596215,0.001248011,0.001583852,-0.000198276,0.001248011,,,
1786043669945534452,1786043669.945037146,/novatel/oem7/inspva,/novatel/oem7/inspva,/novatel/oem7/inspva,39.663,-75.756,-1.800247063,0.000443913,0.001825360,0.000198165,-0.000397227,0.001825360,,novatel_oem7_msgs.msg.InertialSolutionStatus(status=3),
1786043669946120683,1786043669.945218281,/novatel/oem7/fix,/novatel/oem7/fix,/novatel/oem7/inspva,39.663,-75.756,-1.800247063,0.000443913,0.001825360,0.000198165,-0.000397227,0.001825360,,0,
1786043669946598505,1786043669.945687952,/novatel/oem7/odom,/novatel/oem7/fix,/novatel/oem7/odom,39.663,-75.756,-1.800247063,0.000447824,0.001824405,-0.000394786,0.000211400,0.001824405,,,
1786043669956040264,1786043669.955719071,/novatel/oem7/odom,/novatel/oem7/fix,/novatel/oem7/odom,39.663,-75.756,-1.800247063,0.000447824,0.001824405,-0.000394786,0.000211400,0.001824405,,,
1786043669967039601,1786043669.966721309,/novatel/oem7/inspva,/novatel/oem7/inspva,/novatel/oem7/inspva,39.663,-75.756,-1.800270118,0.002579338,-0.001627508,0.001658349,-0.001975566,-0.001627508,,novatel_oem7_msgs.msg.InertialSolutionStatus(status=3),
1786043669967641675,1786043669.966914725,/novatel/oem7/fix,/novatel/oem7/fix,/novatel/oem7/inspva,39.663,-75.756,-1.800270118,0.002579338,-0.001627508,0.001658349,-0.001975566,-0.001627508,,0,
1786043669968285714,1786043669.967397083,/novatel/oem7/odom,/novatel/oem7/fix,/novatel/oem7/odom,39.663,-75.756,-1.800270118,0.002577662,-0.001630162,-0.001890475,0.001752268,-0.001630162,,,
1786043669975238926,1786043669.974918287,/novatel/oem7/odom,/novatel/oem7/fix,/novatel/oem7/odom,39.663,-75.756,-1.800270118,0.002577662,-0.001630162,-0.001890475,0.001752268,-0.001630162,,,
1786043669985388614,1786043669.985100274,/novatel/oem7/inspva,/novatel/oem7/inspva,/novatel/oem7/inspva,39.663,-75.756,-1.800265772,0.000763849,-0.001569271,0.000584045,-0.000492296,-0.001569271,,novatel_oem7_msgs.msg.InertialSolutionStatus(status=3),
1786043669986005802,1786043669.985258086,/novatel/oem7/fix,/novatel/oem7/fix,/novatel/oem7/inspva,39.663,-75.756,-1.800265772,0.000763849,-0.001569271,0.000584045,-0.000492296,-0.001569271,,0,
1786043669986477299,1786043669.985720607,/novatel/oem7/odom,/novatel/oem7/fix,/novatel/oem7/odom,39.663,-75.756,-1.800265772,0.000763556,-0.001569413,-0.000458715,0.000610409,-0.001569413,,,
1786043669995691796,1786043669.995371676,/novatel/oem7/odom,/novatel/oem7/fix,/novatel/oem7/odom,39.663,-75.756,-1.800265772,0.000763556,-0.001569413,-0.000458715,0.000610409,-0.001569413,,,
1786043670010375419,1786043670.010071031,/novatel/oem7/inspva,/novatel/oem7/inspva,/novatel/oem7/inspva,39.663,-75.756,-1.800253337,0.001211512,0.000572463,-0.000969501,0.000726519,0.000572463,,novatel_oem7_msgs.msg.InertialSolutionStatus(status=3),
1786043670010959072,1786043670.010253032,/novatel/oem7/fix,/novatel/oem7/fix,/novatel/oem7/inspva,39.663,-75.756,-1.800253337,0.001211512,0.000572463,-0.000969501,0.000726519,0.000572463,,0,
1786043670011795776,1786043670.011484185,/novatel/oem7/odom,/novatel/oem7/fix,/novatel/oem7/odom,39.663,-75.756,-1.800253337,0.001211546,0.000572391,0.000678692,-0.001003604,0.000572391,,,
1786043670016553132,1786043670.016070216,/novatel/oem7/odom,/novatel/oem7/fix,/novatel/oem7/odom,39.663,-75.756,-1.800253337,0.001211546,0.000572391,0.000678692,-0.001003604,0.000572391,,,
1786043670026301706,1786043670.025948010,/novatel/oem7/bestpos,/novatel/oem7/bestpos,/novatel/oem7/odom,39.663,-75.756,33.182043786,0.001211546,0.000572391,0.000678692,-0.001003604,0.000572391,,novatel_oem7_msgs.msg.SolutionStatus(status=0),novatel_oem7_msgs.msg.PositionOrVelocityType(type=53)
1786043670026912390,1786043670.026521493,/novatel/oem7/bestvel,/novatel/oem7/bestpos,/novatel/oem7/bestvel,39.663,-75.756,33.182043786,0.001213374,0.000203297,,,,120.528653811,novatel_oem7_msgs.msg.SolutionStatus(status=0),novatel_oem7_msgs.msg.PositionOrVelocityType(type=53)
1786043670027762711,1786043670.027478119,/novatel/oem7/inspva,/novatel/oem7/inspva,/novatel/oem7/inspva,39.663,-75.756,-1.800250961,0.000418184,0.001069281,-0.000350954,0.000227397,0.001069281,,novatel_oem7_msgs.msg.InertialSolutionStatus(status=3),
1786043670028329003,1786043670.027643340,/novatel/oem7/fix,/novatel/oem7/fix,/novatel/oem7/inspva,39.663,-75.756,-1.800250961,0.000418184,0.001069281,-0.000350954,0.000227397,0.001069281,,0,
1786043670028782915,1786043670.028088538,/novatel/oem7/odom,/novatel/oem7/fix,/novatel/oem7/odom,39.663,-75.756,-1.800250961,0.000418615,0.001069112,0.000206784,-0.000363976,0.001069112,,,
1786043670034884532,1786043670.034548242,/novatel/oem7/odom,/novatel/oem7/fix,/novatel/oem7/odom,39.663,-75.756,-1.800250961,0.000418615,0.001069112,0.000206784,-0.000363976,0.001069112,,,
1786043670045882453,1786043670.045513126,/novatel/oem7/inspva,/novatel/oem7/inspva,/novatel/oem7/inspva,39.663,-75.756,-1.800253847,0.002597989,-0.000223620,0.001713734,-0.001952604,-0.000223620,,novatel_oem7_msgs.msg.InertialSolutionStatus(status=3),
1786043670046460430,1786043670.045682818,/novatel/oem7/fix,/novatel/oem7/fix,/novatel/oem7/inspva,39.663,-75.756,-1.800253847,0.002597989,-0.000223620,0.001713734,-0.001952604,-0.000223620,,0,
1786043670047123922,1786043670.046409709,/novatel/oem7/odom,/novatel/oem7/fix,/novatel/oem7/odom,39.663,-75.756,-1.800253847,0.002597774,-0.000226107,-0.001870417,0.001802767,-0.000226107,,,
1786043670056495720,1786043670.056106945,/novatel/oem7/odom,/novatel/oem7/fix,/novatel/oem7/odom,39.663,-75.756,-1.800253847,0.002597774,-0.000226107,-0.001870417,0.001802767,-0.000226107,,,
1786043670065380002,1786043670.065079463,/novatel/oem7/inspva,/novatel/oem7/inspva,/novatel/oem7/inspva,39.663,-75.756,-1.800255124,0.001767258,-0.001418705,0.001132309,-0.001356864,-0.001418705,,novatel_oem7_msgs.msg.InertialSolutionStatus(status=3),
1786043670065950297,1786043670.065250101,/novatel/oem7/fix,/novatel/oem7/fix,/novatel/oem7/inspva,39.663,-75.756,-1.800255124,0.001767258,-0.001418705,0.001132309,-0.001356864,-0.001418705,,0,
1786043670066399520,1786043670.065608248,/novatel/oem7/odom,/novatel/oem7/fix,/novatel/oem7/odom,39.663,-75.756,-1.800255124,0.001765800,-0.001420519,-0.001297576,0.001197643,-0.001420519,,,
1786043670074881025,1786043670.074554377,/novatel/oem7/odom,/novatel/oem7/fix,/novatel/oem7/odom,39.663,-75.756,-1.800255124,0.001765800,-0.001420519,-0.001297576,0.001197643,-0.001420519,,,
1786043670086978808,1786043670.086598615,/novatel/oem7/inspva,/novatel/oem7/inspva,/novatel/oem7/inspva,39.663,-75.756,-1.800248357,0.001339393,-0.000452759,-0.001268265,0.000430671,-0.000452759,,novatel_oem7_msgs.msg.InertialSolutionStatus(status=3),
1786043670087552349,1786043670.086740290,/novatel/oem7/fix,/novatel/oem7/fix,/novatel/oem7/inspva,39.663,-75.756,-1.800248357,0.001339393,-0.000452759,-0.001268265,0.000430671,-0.000452759,,0,
1786043670088092276,1786043670.087292029,/novatel/oem7/odom,/novatel/oem7/fix,/novatel/oem7/odom,39.663,-75.756,-1.800248357,0.001338698,-0.000454809,0.000373316,-0.001285592,-0.000454809,,,
1786043670096015658,1786043670.095125243,/novatel/oem7/odom,/novatel/oem7/fix,/novatel/oem7/odom,39.663,-75.756,-1.800248357,0.001338698,-0.000454809,0.000373316,-0.001285592,-0.000454809,,,
1786043670106136636,1786043670.105869675,/novatel/oem7/inspva,/novatel/oem7/inspva,/novatel/oem7/inspva,39.663,-75.756,-1.800240677,0.000531406,0.000627315,-0.000529747,0.000041954,0.000627315,,novatel_oem7_msgs.msg.InertialSolutionStatus(status=3),
1786043670106716466,1786043670.106007927,/novatel/oem7/fix,/novatel/oem7/fix,/novatel/oem7/inspva,39.663,-75.756,-1.800240677,0.000531406,0.000627315,-0.000529747,0.000041954,0.000627315,,0,
1786043670107350966,1786043670.106501125,/novatel/oem7/odom,/novatel/oem7/fix,/novatel/oem7/odom,39.663,-75.756,-1.800240677,0.000533026,0.000625939,0.000014986,-0.000532815,0.000625939,,,
1786043670109937041,1786043670.109519164,/novatel/oem7/bestpos,/novatel/oem7/bestpos,/novatel/oem7/odom,39.663,-75.756,33.182068027,0.000533026,0.000625939,0.000014986,-0.000532815,0.000625939,,novatel_oem7_msgs.msg.SolutionStatus(status=0),novatel_oem7_msgs.msg.PositionOrVelocityType(type=53)
1786043670110549087,1786043670.110153591,/novatel/oem7/bestvel,/novatel/oem7/bestpos,/novatel/oem7/bestvel,39.663,-75.756,33.182068027,0.000415447,0.000591341,,,,261.081688110,novatel_oem7_msgs.msg.SolutionStatus(status=0),novatel_oem7_msgs.msg.PositionOrVelocityType(type=53)
1786043670115840294,1786043670.115500184,/novatel/oem7/odom,/novatel/oem7/bestpos,/novatel/oem7/odom,39.663,-75.756,33.182068027,0.000533026,0.000625939,0.000014986,-0.000532815,0.000625939,,,
1786043670125576214,1786043670.125235856,/novatel/oem7/inspva,/novatel/oem7/inspva,/novatel/oem7/inspva,39.663,-75.756,-1.800235963,0.001500010,0.000527207,0.000832078,-0.001248068,0.000527207,,novatel_oem7_msgs.msg.InertialSolutionStatus(status=3),
1786043670126334617,1786043670.125387834,/novatel/oem7/fix,/novatel/oem7/fix,/novatel/oem7/inspva,39.663,-75.756,-1.800235963,0.001500010,0.000527207,0.000832078,-0.001248068,0.000527207,,0,
1786043670127076233,1786043670.126011087,/novatel/oem7/odom,/novatel/oem7/fix,/novatel/oem7/odom,39.663,-75.756,-1.800235963,0.001500815,0.000524910,-0.001210304,0.000887473,0.000524910,,,
1786043670135260955,1786043670.134924685,/novatel/oem7/odom,/novatel/oem7/fix,/novatel/oem7/odom,39.663,-75.756,-1.800235963,0.001500815,0.000524910,-0.001210304,0.000887473,0.000524910,,,
1786043670146514395,1786043670.146191716,/novatel/oem7/inspva,/novatel/oem7/inspva,/novatel/oem7/inspva,39.663,-75.756,-1.800235837,0.001689260,-0.000208338,0.001057700,-0.001317145,-0.000208338,,novatel_oem7_msgs.msg.InertialSolutionStatus(status=3),
1786043670147104657,1786043670.146340421,/novatel/oem7/fix,/novatel/oem7/fix,/novatel/oem7/inspva,39.663,-75.756,-1.800235837,0.001689260,-0.000208338,0.001057700,-0.001317145,-0.000208338,,0,
1786043670147569879,1786043670.146747889,/novatel/oem7/odom,/novatel/oem7/fix,/novatel/oem7/odom,39.663,-75.756,-1.800235837,0.001689026,-0.000210230,-0.001266023,0.001118032,-0.000210230,,,
1786043670156341830,1786043670.156003460,/novatel/oem7/odom,/novatel/oem7/fix,/novatel/oem7/odom,39.663,-75.756,-1.800235837,0.001689026,-0.000210230,-0.001266023,0.001118032,-0.000210230,,,
1786043670165796714,1786043670.165305478,/novatel/oem7/inspva,/novatel/oem7/inspva,/novatel/oem7/inspva,39.663,-75.756,-1.800239311,0.001238510,-0.001462813,-0.001171279,-0.000402507,-0.001462813,,novatel_oem7_msgs.msg.InertialSolutionStatus(status=3),
1786043670166386681,1786043670.165455203,/novatel/oem7/fix,/novatel/oem7/fix,/novatel/oem7/inspva,39.663,-75.756,-1.800239311,0.001238510,-0.001462813,-0.001171279,-0.000402507,-0.001462813,,0,
1786043670167032301,1786043670.166195250,/novatel/oem7/odom,/novatel/oem7/fix,/novatel/oem7/odom,39.663,-75.756,-1.800239311,0.001232736,-0.001467682,-0.000450604,-0.001147429,-0.001467682,,,
1786043670176075287,1786043670.175742521,/novatel/oem7/odom,/novatel/oem7/fix,/novatel/oem7/odom,39.663,-75.756,-1.800239311,0.001232736,-0.001467682,-0.000450604,-0.001147429,-0.001467682,,,
1786043670185413267,1786043670.185115637,/novatel/oem7/inspva,/novatel/oem7/inspva,/novatel/oem7/inspva,39.663,-75.756,-1.800225538,0.000896296,-0.000143416,-0.000895113,-0.000046031,-0.000143416,,novatel_oem7_msgs.msg.InertialSolutionStatus(status=3),
1786043670185996822,1786043670.185262015,/novatel/oem7/fix,/novatel/oem7/fix,/novatel/oem7/inspva,39.663,-75.756,-1.800225538,0.000896296,-0.000143416,-0.000895113,-0.000046031,-0.000143416,,0,
1786043670186442871,1786043670.185731696,/novatel/oem7/odom,/novatel/oem7/fix,/novatel/oem7/odom,39.663,-75.756,-1.800225538,0.000895850,-0.000146179,-0.000086818,-0.000891633,-0.000146179,,,
1786043670195298537,1786043670.194597777,/novatel/oem7/odom,/novatel/oem7/fix,/novatel/oem7/odom,39.663,-75.756,-1.800225538,0.000895850,-0.000146179,-0.000086818,-0.000891633,-0.000146179,,,
1786043670207061813,1786043670.206577819,/novatel/oem7/inspva,/novatel/oem7/inspva,/novatel/oem7/inspva,39.663,-75.756,-1.800211390,0.001493424,0.001254257,0.000293142,-0.001464371,0.001254257,,novatel_oem7_msgs.msg.InertialSolutionStatus(status=3),
1786043670208337409,1786043670.206713176,/novatel/oem7/fix,/novatel/oem7/fix,/novatel/oem7/inspva,39.663,-75.756,-1.800211390,0.001493424,0.001254257,0.000293142,-0.001464371,0.001254257,,0,
1786043670209347842,1786043670.207123637,/novatel/oem7/odom,/novatel/oem7/fix,/novatel/oem7/odom,39.663,-75.756,-1.800211390,0.001497350,0.001249567,-0.001454131,0.000357155,0.001249567,,,
1786043670211233758,1786043670.210369082,/novatel/oem7/bestpos,/novatel/oem7/bestpos,/novatel/oem7/odom,39.663,-75.756,33.182082950,0.001497350,0.001249567,-0.001454131,0.000357155,0.001249567,,novatel_oem7_msgs.msg.SolutionStatus(status=0),novatel_oem7_msgs.msg.PositionOrVelocityType(type=53)
1786043670212625525,1786043670.210838487,/novatel/oem7/bestvel,/novatel/oem7/bestpos,/novatel/oem7/bestvel,39.663,-75.756,33.182082950,0.000576396,0.000545431,,,,327.593983243,novatel_oem7_msgs.msg.SolutionStatus(status=0),novatel_oem7_msgs.msg.PositionOrVelocityType(type=53)
1786043670215791263,1786043670.215114829,/novatel/oem7/odom,/novatel/oem7/bestpos,/novatel/oem7/odom,39.663,-75.756,33.182082950,0.001497350,0.001249567,-0.001454131,0.000357155,0.001249567,,,
1786043670225700654,1786043670.225173512,/novatel/oem7/inspva,/novatel/oem7/inspva,/novatel/oem7/inspva,39.663,-75.756,-1.800213181,0.000936430,0.000200124,0.000410649,-0.000841587,0.000200124,,novatel_oem7_msgs.msg.InertialSolutionStatus(status=3),
1786043670227019697,1786043670.225320664,/novatel/oem7/fix,/novatel/oem7/fix,/novatel/oem7/inspva,39.663,-75.756,-1.800213181,0.000936430,0.000200124,0.000410649,-0.000841587,0.000200124,,0,
1786043670228053134,1786043670.225668237,/novatel/oem7/odom,/novatel/oem7/fix,/novatel/oem7/odom,39.663,-75.756,-1.800213181,0.000936849,0.000198156,-0.000822472,0.000448582,0.000198156,,,
1786043670236300538,1786043670.235636388,/novatel/oem7/odom,/novatel/oem7/fix,/novatel/oem7/odom,39.663,-75.756,-1.800213181,0.000936849,0.000198156,-0.000822472,0.000448582,0.000198156,,,
1786043670246060394,1786043670.245562139,/novatel/oem7/inspva,/novatel/oem7/inspva,/novatel/oem7/inspva,39.663,-75.756,-1.800227295,0.001182780,-0.002148800,-0.000694095,-0.000957705,-0.002148800,,novatel_oem7_msgs.msg.InertialSolutionStatus(status=3),
1786043670247380361,1786043670.245710798,/novatel/oem7/fix,/novatel/oem7/fix,/novatel/oem7/inspva,39.663,-75.756,-1.800227295,0.001182780,-0.002148800,-0.000694095,-0.000957705,-0.002148800,,0,
1786043670248403674,1786043670.246369457,/novatel/oem7/odom,/novatel/oem7/fix,/novatel/oem7/odom,39.663,-75.756,-1.800227295,0.001172644,-0.002154347,-0.000980483,-0.000643232,-0.002154347,,,
1786043670257211241,1786043670.256559152,/novatel/oem7/odom,/novatel/oem7/fix,/novatel/oem7/odom,39.663,-75.756,-1.800227295,0.001172644,-0.002154347,-0.000980483,-0.000643232,-0.002154347,,,
1786043670266782819,1786043670.266281948,/novatel/oem7/inspva,/novatel/oem7/inspva,/novatel/oem7/inspva,39.663,-75.756,-1.800223120,0.001433439,-0.001461215,-0.001108842,-0.000908415,-0.001461215,,novatel_oem7_msgs.msg.InertialSolutionStatus(status=3),
1786043670268082011,1786043670.266447179,/novatel/oem7/fix,/novatel/oem7/fix,/novatel/oem7/inspva,39.663,-75.756,-1.800223120,0.001433439,-0.001461215,-0.001108842,-0.000908415,-0.001461215,,0,
1786043670269113402,1786043670.267037001,/novatel/oem7/odom,/novatel/oem7/fix,/novatel/oem7/odom,39.663,-75.756,-1.800223120,0.001426719,-0.001467777,-0.000953099,-0.001061664,-0.001467777,,,
1786043670275115191,1786043670.274774717,/novatel/oem7/odom,/novatel/oem7/fix,/novatel/oem7/odom,39.663,-75.756,-1.800223120,0.001426719,-0.001467777,-0.000953099,-0.001061664,-0.001467777,,,
1786043670286339678,1786043670.285371746,/novatel/oem7/inspva,/novatel/oem7/inspva,/novatel/oem7/inspva,39.663,-75.756,-1.800203564,0.000363580,0.001490853,-0.000177442,-0.000317340,0.001490853,,novatel_oem7_msgs.msg.InertialSolutionStatus(status=3),
1786043670287705432,1786043670.285676929,/novatel/oem7/fix,/novatel/oem7/fix,/novatel/oem7/inspva,39.663,-75.756,-1.800203564,0.000363580,0.001490853,-0.000177442,-0.000317340,0.001490853,,0,
1786043670288752029,1786043670.286160220,/novatel/oem7/odom,/novatel/oem7/fix,/novatel/oem7/odom,39.663,-75.756,-1.800203564,0.000370554,0.001489135,-0.000330971,-0.000166638,0.001489135,,,
1786043670296335114,1786043670.295635967,/novatel/oem7/odom,/novatel/oem7/fix,/novatel/oem7/odom,39.663,-75.756,-1.800203564,0.000370554,0.001489135,-0.000330971,-0.000166638,0.001489135,,,
1786043670306643732,1786043670.306021149,/novatel/oem7/inspva,/novatel/oem7/inspva,/novatel/oem7/inspva,39.663,-75.756,-1.800206932,0.001338314,0.000418843,0.000243896,-0.001315902,0.000418843,,novatel_oem7_msgs.msg.InertialSolutionStatus(status=3),
1786043670308009815,1786043670.306195691,/novatel/oem7/fix,/novatel/oem7/fix,/novatel/oem7/inspva,39.663,-75.756,-1.800206932,0.001338314,0.000418843,0.000243896,-0.001315902,0.000418843,,0,
1786043670309062826,1786043670.306663009,/novatel/oem7/odom,/novatel/oem7/fix,/novatel/oem7/odom,39.663,-75.756,-1.800206932,0.001339645,0.000414564,-0.001304847,0.000303355,0.000414564,,,
1786043670311727292,1786043670.311030259,/novatel/oem7/bestpos,/novatel/oem7/bestpos,/novatel/oem7/odom,39.663,-75.756,33.182089601,0.001339645,0.000414564,-0.001304847,0.000303355,0.000414564,,novatel_oem7_msgs.msg.SolutionStatus(status=0),novatel_oem7_msgs.msg.PositionOrVelocityType(type=53)
1786043670313174386,1786043670.311482883,/novatel/oem7/bestvel,/novatel/oem7/bestpos,/novatel/oem7/bestvel,39.663,-75.756,33.182089601,0.001047370,-0.000592807,,,,96.097886083,novatel_oem7_msgs.msg.SolutionStatus(status=0),novatel_oem7_msgs.msg.PositionOrVelocityType(type=53)
1786043670315351411,1786043670.314624147,/novatel/oem7/odom,/novatel/oem7/bestpos,/novatel/oem7/odom,39.663,-75.756,33.182089601,0.001339645,0.000414564,-0.001304847,0.000303355,0.000414564,,,
1786043670327399913,1786043670.326839635,/novatel/oem7/inspva,/novatel/oem7/inspva,/novatel/oem7/inspva,39.663,-75.756,-1.800225297,0.001858447,-0.002202942,0.000680360,-0.001729432,-0.002202942,,novatel_oem7_msgs.msg.InertialSolutionStatus(status=3),
1786043670328782740,1786043670.327039057,/novatel/oem7/fix,/novatel/oem7/fix,/novatel/oem7/inspva,39.663,-75.756,-1.800225297,0.001858447,-0.002202942,0.000680360,-0.001729432,-0.002202942,,0,
1786043670329865785,1786043670.327460881,/novatel/oem7/odom,/novatel/oem7/fix,/novatel/oem7/odom,39.663,-75.756,-1.800225297,0.001853142,-0.002207407,-0.001687643,0.000765504,-0.002207407,,,
1786043670335896477,1786043670.335214374,/novatel/oem7/odom,/novatel/oem7/fix,/novatel/oem7/odom,39.663,-75.756,-1.800225297,0.001853142,-0.002207407,-0.001687643,0.000765504,-0.002207407,,,
1786043670345647203,1786043670.345091788,/novatel/oem7/inspva,/novatel/oem7/inspva,/novatel/oem7/inspva,39.663,-75.756,-1.800220386,0.000668450,-0.001255266,-0.000321010,-0.000586326,-0.001255266,,novatel_oem7_msgs.msg.InertialSolutionStatus(status=3),
1786043670347006980,1786043670.345286440,/novatel/oem7/fix,/novatel/oem7/fix,/novatel/oem7/inspva,39.663,-75.756,-1.800220386,0.000668450,-0.001255266,-0.000321010,-0.000586326,-0.001255266,,0,
1786043670348085844,1786043670.345686994,/novatel/oem7/odom,/novatel/oem7/fix,/novatel/oem7/odom,39.663,-75.756,-1.800220386,0.000662611,-0.001258358,-0.000595694,-0.000290177,-0.001258358,,,
1786043670356328339,1786043670.355647602,/novatel/oem7/odom,/novatel/oem7/fix,/novatel/oem7/odom,39.663,-75.756,-1.800220386,0.000662611,-0.001258358,-0.000595694,-0.000290177,-0.001258358,,,
1786043670365814995,1786043670.365282894,/novatel/oem7/inspva,/novatel/oem7/inspva,/novatel/oem7/inspva,39.663,-75.756,-1.800201525,0.000926733,0.001019220,-0.000923656,-0.000075453,0.001019220,,novatel_oem7_msgs.msg.InertialSolutionStatus(status=3),
1786043670367160162,1786043670.365467536,/novatel/oem7/fix,/novatel/oem7/fix,/novatel/oem7/inspva,39.663,-75.756,-1.800201525,0.000926733,0.001019220,-0.000923656,-0.000075453,0.001019220,,0,
1786043670368246863,1786043670.366142899,/novatel/oem7/odom,/novatel/oem7/fix,/novatel/oem7/odom,39.663,-75.756,-1.800201525,0.000929964,0.001016272,-0.000122047,-0.000921921,0.001016272,,,
1786043670375522701,1786043670.374843191,/novatel/oem7/odom,/novatel/oem7/fix,/novatel/oem7/odom,39.663,-75.756,-1.800201525,0.000929964,0.001016272,-0.000122047,-0.000921921,0.001016272,,,
1786043670386704068,1786043670.386150063,/novatel/oem7/inspva,/novatel/oem7/inspva,/novatel/oem7/inspva,39.663,-75.756,-1.800195770,0.000776609,0.001189494,-0.000217035,-0.000745665,0.001189494,,novatel_oem7_msgs.msg.InertialSolutionStatus(status=3),
1786043670388057865,1786043670.386327308,/novatel/oem7/fix,/novatel/oem7/fix,/novatel/oem7/inspva,39.663,-75.756,-1.800195770,0.000776609,0.001189494,-0.000217035,-0.000745665,0.001189494,,0,
1786043670389125935,1786043670.386815063,/novatel/oem7/odom,/novatel/oem7/fix,/novatel/oem7/odom,39.663,-75.756,-1.800195770,0.000781837,0.001186064,-0.000759507,-0.000185519,0.001186064,,,
1786043670395385061,1786043670.394727447,/novatel/oem7/odom,/novatel/oem7/fix,/novatel/oem7/odom,39.663,-75.756,-1.800195770,0.000781837,0.001186064,-0.000759507,-0.000185519,0.001186064,,,
1786043670407047878,1786043670.406566891,/novatel/oem7/inspva,/novatel/oem7/inspva,/novatel/oem7/inspva,39.663,-75.756,-1.800203944,0.002121541,-0.000941294,0.001450916,-0.001547832,-0.000941294,,novatel_oem7_msgs.msg.InertialSolutionStatus(status=3),
1786043670407877288,1786043670.406720979,/novatel/oem7/fix,/novatel/oem7/fix,/novatel/oem7/inspva,39.663,-75.756,-1.800203944,0.002121541,-0.000941294,0.001450916,-0.001547832,-0.000941294,,0,
1786043670408545099,1786043670.407172787,/novatel/oem7/odom,/novatel/oem7/fix,/novatel/oem7/odom,39.663,-75.756,-1.800203944,0.002120813,-0.000942933,-0.001475447,0.001523452,-0.000942933,,,
1786043670411026395,1786043670.410279251,/novatel/oem7/bestpos,/novatel/oem7/bestpos,/novatel/oem7/odom,39.663,-75.756,33.182113632,0.002120813,-0.000942933,-0.001475447,0.001523452,-0.000942933,,novatel_oem7_msgs.msg.SolutionStatus(status=0),novatel_oem7_msgs.msg.PositionOrVelocityType(type=53)
1786043670412504806,1786043670.410662384,/novatel/oem7/bestvel,/novatel/oem7/bestpos,/novatel/oem7/bestvel,39.663,-75.756,33.182113632,0.001595549,-0.001120239,,,,321.956266509,novatel_oem7_msgs.msg.SolutionStatus(status=0),novatel_oem7_msgs.msg.PositionOrVelocityType(type=53)
1786043670416247577,1786043670.415544130,/novatel/oem7/odom,/novatel/oem7/bestpos,/novatel/oem7/odom,39.663,-75.756,33.182113632,0.002120813,-0.000942933,-0.001475447,0.001523452,-0.000942933,,,
1786043670425759485,1786043670.425287592,/novatel/oem7/inspva,/novatel/oem7/inspva,/novatel/oem7/inspva,39.663,-75.756,-1.800198619,0.001401604,-0.001446084,0.000746348,-0.001186363,-0.001446084,,novatel_oem7_msgs.msg.InertialSolutionStatus(status=3),
1786043670426409299,1786043670.425472317,/novatel/oem7/fix,/novatel/oem7/fix,/novatel/oem7/inspva,39.663,-75.756,-1.800198619,0.001401604,-0.001446084,0.000746348,-0.001186363,-0.001446084,,0,
1786043670426922842,1786043670.425833118,/novatel/oem7/odom,/novatel/oem7/fix,/novatel/oem7/odom,39.663,-75.756,-1.800198619,0.001399234,-0.001448376,-0.001144972,0.000804299,-0.001448376,,,
1786043670434857863,1786043670.434492696,/novatel/oem7/odom,/novatel/oem7/fix,/novatel/oem7/odom,39.663,-75.756,-1.800198619,0.001399234,-0.001448376,-0.001144972,0.000804299,-0.001448376,,,
1786043670446994901,1786043670.446643576,/novatel/oem7/inspva,/novatel/oem7/inspva,/novatel/oem7/inspva,39.663,-75.756,-1.800183166,0.000935105,0.000292556,-0.000763115,0.000540441,0.000292556,,novatel_oem7_msgs.msg.InertialSolutionStatus(status=3),
1786043670447654390,1786043670.446827764,/novatel/oem7/fix,/novatel/oem7/fix,/novatel/oem7/inspva,39.663,-75.756,-1.800183166,0.000935105,0.000292556,-0.000763115,0.000540441,0.000292556,,0,
1786043670448142932,1786043670.447193475,/novatel/oem7/odom,/novatel/oem7/fix,/novatel/oem7/odom,39.663,-75.756,-1.800183166,0.000935159,0.000292383,0.000503443,-0.000788079,0.000292383,,,
1786043670456973156,1786043670.456470726,/novatel/oem7/odom,/novatel/oem7/fix,/novatel/oem7/odom,39.663,-75.756,-1.800183166,0.000935159,0.000292383,0.000503443,-0.000788079,0.000292383,,,
1786043670465482578,1786043670.465133935,/novatel/oem7/inspva,/novatel/oem7/inspva,/novatel/oem7/inspva,39.663,-75.756,-1.800177526,0.000579151,0.000778957,-0.000302055,-0.000494144,0.000778957,,novatel_oem7_msgs.msg.InertialSolutionStatus(status=3),
1786043670466098294,1786043670.465313430,/novatel/oem7/fix,/novatel/oem7/fix,/novatel/oem7/inspva,39.663,-75.756,-1.800177526,0.000579151,0.000778957,-0.000302055,-0.000494144,0.000778957,,0,
1786043670466590143,1786043670.465681877,/novatel/oem7/odom,/novatel/oem7/fix,/novatel/oem7/odom,39.663,-75.756,-1.800177526,0.000582813,0.000776221,-0.000510606,-0.000280986,0.000776221,,,
1786043670475891060,1786043670.475465444,/novatel/oem7/odom,/novatel/oem7/fix,/novatel/oem7/odom,39.663,-75.756,-1.800177526,0.000582813,0.000776221,-0.000510606,-0.000280986,0.000776221,,,
1786043670485729688,1786043670.485288914,/novatel/oem7/inspva,/novatel/oem7/inspva,/novatel/oem7/inspva,39.663,-75.756,-1.800187742,0.002389329,-0.000261407,0.001713392,-0.001665287,-0.000261407,,novatel_oem7_msgs.msg.InertialSolutionStatus(status=3),
1786043670486340572,1786043670.485473172,/novatel/oem7/fix,/novatel/oem7/fix,/novatel/oem7/inspva,39.663,-75.756,-1.800187742,0.002389329,-0.000261407,0.001713392,-0.001665287,-0.000261407,,0,
1786043670487011046,1786043670.486177152,/novatel/oem7/odom,/novatel/oem7/fix,/novatel/oem7/odom,39.663,-75.756,-1.800187742,0.002389180,-0.000262763,-0.001583272,0.001789254,-0.000262763,,,
1786043670495269147,1786043670.494915552,/novatel/oem7/odom,/novatel/oem7/fix,/novatel/oem7/odom,39.663,-75.756,-1.800187742,0.002389180,-0.000262763,-0.001583272,0.001789254,-0.000262763,,,
1786043670506579730,1786043670.506228287,/novatel/oem7/inspva,/novatel/oem7/inspva,/novatel/oem7/inspva,39.663,-75.756,-1.800196131,0.001587575,-0.001518266,0.000928137,-0.001288004,-0.001518266,,novatel_oem7_msgs.msg.InertialSolutionStatus(status=3),
1786043670507234073,1786043670.506400302,/novatel/oem7/fix,/novatel/oem7/fix,/novatel/oem7/inspva,39.663,-75.756,-1.800196131,0.001587575,-0.001518266,0.000928137,-0.001288004,-0.001518266,,0,
1786043670507746206,1786043670.506891460,/novatel/oem7/odom,/novatel/oem7/fix,/novatel/oem7/odom,39.663,-75.756,-1.800196131,0.001585464,-0.001520471,-0.001237766,0.000990772,-0.001520471,,,
1786043670511885966,1786043670.511558243,/novatel/oem7/bestpos,/novatel/oem7/bestpos,/novatel/oem7/odom,39.663,-75.756,33.182107571,0.001585464,-0.001520471,-0.001237766,0.000990772,-0.001520471,,novatel_oem7_msgs.msg.SolutionStatus(status=0),novatel_oem7_msgs.msg.PositionOrVelocityType(type=53)
1786043670512567087,1786043670.512041381,/novatel/oem7/bestvel,/novatel/oem7/bestpos,/novatel/oem7/bestvel,39.663,-75.756,33.182107571,0.000694809,-0.002093977,,,,7.939973423,novatel_oem7_msgs.msg.SolutionStatus(status=0),novatel_oem7_msgs.msg.PositionOrVelocityType(type=53)
1786043670515222640,1786043670.514857839,/novatel/oem7/odom,/novatel/oem7/bestpos,/novatel/oem7/odom,39.663,-75.756,33.182107571,0.001585464,-0.001520471,-0.001237766,0.000990772,-0.001520471,,,
1786043670525484129,1786043670.525134317,/novatel/oem7/inspva,/novatel/oem7/inspva,/novatel/oem7/inspva,39.663,-75.756,-1.800194237,0.001108870,-0.000768268,-0.000714895,-0.000847655,-0.000768268,,novatel_oem7_msgs.msg.InertialSolutionStatus(status=3),
1786043670526131887,1786043670.525302438,/novatel/oem7/fix,/novatel/oem7/fix,/novatel/oem7/inspva,39.663,-75.756,-1.800194237,0.001108870,-0.000768268,-0.000714895,-0.000847655,-0.000768268,,0,
1786043670526636888,1786043670.525841381,/novatel/oem7/odom,/novatel/oem7/fix,/novatel/oem7/odom,39.663,-75.756,-1.800194237,0.001105239,-0.000773482,-0.000876812,-0.000672871,-0.000773482,,,
1786043670535836113,1786043670.535467919,/novatel/oem7/odom,/novatel/oem7/fix,/novatel/oem7/odom,39.663,-75.756,-1.800194237,0.001105239,-0.000773482,-0.000876812,-0.000672871,-0.000773482,,,
1786043670545464896,1786043670.545094413,/novatel/oem7/inspva,/novatel/oem7/inspva,/novatel/oem7/inspva,39.663,-75.756,-1.800193929,0.001072674,-0.000132692,-0.001070306,-0.000071231,-0.000132692,,novatel_oem7_msgs.msg.InertialSolutionStatus(status=3),
1786043670546149168,1786043670.545274479,/novatel/oem7/fix,/novatel/oem7/fix,/novatel/oem7/inspva,39.663,-75.756,-1.800193929,0.001072674,-0.000132692,-0.001070306,-0.000071231,-0.000132692,,0,
1786043670546675128,1786043670.545780220,/novatel/oem7/odom,/novatel/oem7/fix,/novatel/oem7/odom,39.663,-75.756,-1.800193929,0.001072256,-0.000136028,-0.000120123,-0.001065506,-0.000136028,,,
1786043670556222293,1786043670.555849916,/novatel/oem7/odom,/novatel/oem7/fix,/novatel/oem7/odom,39.663,-75.756,-1.800193929,0.001072256,-0.000136028,-0.000120123,-0.001065506,-0.000136028,,,
1786043670566935484,1786043670.566600669,/novatel/oem7/inspva,/novatel/oem7/inspva,/novatel/oem7/inspva,39.663,-75.756,-1.800188191,0.002034029,0.001124120,0.000958962,-0.001793785,0.001124120,,novatel_oem7_msgs.msg.InertialSolutionStatus(status=3),
1786043670567615981,1786043670.566768261,/novatel/oem7/fix,/novatel/oem7/fix,/novatel/oem7/inspva,39.663,-75.756,-1.800188191,0.002034029,0.001124120,0.000958962,-0.001793785,0.001124120,,0,
1786043670568121801,1786043670.567206319,/novatel/oem7/odom,/novatel/oem7/fix,/novatel/oem7/odom,39.663,-75.756,-1.800188191,0.002036292,0.001120015,-0.001751951,0.001037859,0.001120015,,,
1786043670575457762,1786043670.575066139,/novatel/oem7/odom,/novatel/oem7/fix,/novatel/oem7/odom,39.663,-75.756,-1.800188191,0.002036292,0.001120015,-0.001751951,0.001037859,0.001120015,,,
1786043670585285216,1786043670.584950843,/novatel/oem7/inspva,/novatel/oem7/inspva,/novatel/oem7/inspva,39.663,-75.756,-1.800196728,0.002020434,0.000125478,0.000890644,-0.001813535,0.000125478,,novatel_oem7_msgs.msg.InertialSolutionStatus(status=3),
1786043670585930241,1786043670.585114398,/novatel/oem7/fix,/novatel/oem7/fix,/novatel/oem7/inspva,39.663,-75.756,-1.800196728,0.002020434,0.000125478,0.000890644,-0.001813535,0.000125478,,0,
1786043670586415209,1786043670.585517386,/novatel/oem7/odom,/novatel/oem7/fix,/novatel/oem7/odom,39.663,-75.756,-1.800196728,0.002020697,0.000121173,-0.001770896,0.000973213,0.000121173,,,
1786043670595721414,1786043670.595353859,/novatel/oem7/odom,/novatel/oem7/fix,/novatel/oem7/odom,39.663,-75.756,-1.800196728,0.002020697,0.000121173,-0.001770896,0.000973213,0.000121173,,,
1786043670607041703,1786043670.606702385,/novatel/oem7/inspva,/novatel/oem7/inspva,/novatel/oem7/inspva,39.663,-75.756,-1.800209866,0.001244375,-0.001758591,-0.000343223,-0.001196105,-0.001758591,,novatel_oem7_msgs.msg.InertialSolutionStatus(status=3),
1786043670607712420,1786043670.606869773,/novatel/oem7/fix,/novatel/oem7/fix,/novatel/oem7/inspva,39.663,-75.756,-1.800209866,0.001244375,-0.001758591,-0.000343223,-0.001196105,-0.001758591,,0,
1786043670608479130,1786043670.607704765,/novatel/oem7/odom,/novatel/oem7/fix,/novatel/oem7/odom,39.663,-75.756,-1.800209866,0.001236689,-0.001764004,-0.001203905,-0.000282868,-0.001764004,,,
1786043670610464174,1786043670.610113612,/novatel/oem7/bestpos,/novatel/oem7/bestpos,/novatel/oem7/odom,39.663,-75.756,33.182127804,0.001236689,-0.001764004,-0.001203905,-0.000282868,-0.001764004,,novatel_oem7_msgs.msg.SolutionStatus(status=0),novatel_oem7_msgs.msg.PositionOrVelocityType(type=53)
1786043670611165610,1786043670.610574519,/novatel/oem7/bestvel,/novatel/oem7/bestpos,/novatel/oem7/bestvel,39.663,-75.756,33.182127804,0.002548506,-0.000789052,,,,247.153730110,novatel_oem7_msgs.msg.SolutionStatus(status=0),novatel_oem7_msgs.msg.PositionOrVelocityType(type=53)
1786043670615280840,1786043670.614926699,/novatel/oem7/odom,/novatel/oem7/bestpos,/novatel/oem7/odom,39.663,-75.756,33.182127804,0.001236689,-0.001764004,-0.001203905,-0.000282868,-0.001764004,,,
1786043670626672497,1786043670.626321348,/novatel/oem7/inspva,/novatel/oem7/inspva,/novatel/oem7/inspva,39.663,-75.756,-1.800200975,0.001293339,-0.000583591,-0.000602429,-0.001144467,-0.000583591,,novatel_oem7_msgs.msg.InertialSolutionStatus(status=3),
1786043670627902510,1786043670.626519610,/novatel/oem7/fix,/novatel/oem7/fix,/novatel/oem7/inspva,39.663,-75.756,-1.800200975,0.001293339,-0.000583591,-0.000602429,-0.001144467,-0.000583591,,0,
1786043670628956924,1786043670.626958455,/novatel/oem7/odom,/novatel/oem7/fix,/novatel/oem7/odom,39.663,-75.756,-1.800200975,0.001290619,-0.000589580,-0.001168828,-0.000547302,-0.000589580,,,
1786043670635572540,1786043670.634862426,/novatel/oem7/odom,/novatel/oem7/fix,/novatel/oem7/odom,39.663,-75.756,-1.800200975,0.001290619,-0.000589580,-0.001168828,-0.000547302,-0.000589580,,,
1786043670646111204,1786043670.645403217,/novatel/oem7/inspva,/novatel/oem7/inspva,/novatel/oem7/inspva,39.663,-75.756,-1.800192476,0.000283383,0.001024049,-0.000057680,-0.000277451,0.001024049,,novatel_oem7_msgs.msg.InertialSolutionStatus(status=3),
1786043670647563104,1786043670.645646172,/novatel/oem7/fix,/novatel/oem7/fix,/novatel/oem7/inspva,39.663,-75.756,-1.800192476,0.000283383,0.001024049,-0.000057680,-0.000277451,0.001024049,,0,
1786043670648667585,1786043670.646205298,/novatel/oem7/odom,/novatel/oem7/fix,/novatel/oem7/odom,39.663,-75.756,-1.800192476,0.000287756,0.001022829,-0.000283804,-0.000047527,0.001022829,,,
1786043670657244940,1786043670.656549540,/novatel/oem7/odom,/novatel/oem7/fix,/novatel/oem7/odom,39.663,-75.756,-1.800192476,0.000287756,0.001022829,-0.000283804,-0.000047527,0.001022829,,,
1786043670665891312,1786043670.665235248,/novatel/oem7/inspva,/novatel/oem7/inspva,/novatel/oem7/inspva,39.663,-75.756,-1.800196633,0.001371512,0.000784988,0.000452595,-0.001294683,0.000784988,,novatel_oem7_msgs.msg.InertialSolutionStatus(status=3),
1786043670667271298,1786043670.665399554,/novatel/oem7/fix,/novatel/oem7/fix,/novatel/oem7/inspva,39.663,-75.756,-1.800196633,0.001371512,0.000784988,0.000452595,-0.001294683,0.000784988,,0,
1786043670668337889,1786043670.665899129,/novatel/oem7/odom,/novatel/oem7/fix,/novatel/oem7/odom,39.663,-75.756,-1.800196633,0.001373585,0.000781354,-0.001275441,0.000509889,0.000781354,,,
1786043670675250324,1786043670.674543154,/novatel/oem7/odom,/novatel/oem7/fix,/novatel/oem7/odom,39.663,-75.756,-1.800196633,0.001373585,0.000781354,-0.001275441,0.000509889,0.000781354,,,
1786043670687624587,1786043670.686830361,/novatel/oem7/inspva,/novatel/oem7/inspva,/novatel/oem7/inspva,39.663,-75.756,-1.800223006,0.001883740,-0.002161639,0.000951648,-0.001625681,-0.002161639,,novatel_oem7_msgs.msg.InertialSolutionStatus(status=3),
1786043670688294306,1786043670.686989927,/novatel/oem7/fix,/novatel/oem7/fix,/novatel/oem7/inspva,39.663,-75.756,-1.800223006,0.001883740,-0.002161639,0.000951648,-0.001625681,-0.002161639,,0,
1786043670688803985,1786043670.687840115,/novatel/oem7/odom,/novatel/oem7/fix,/novatel/oem7/odom,39.663,-75.756,-1.800223006,0.001879838,-0.002165032,-0.001571553,0.001031510,-0.002165032,,,
1786043670695964776,1786043670.695587548,/novatel/oem7/odom,/novatel/oem7/fix,/novatel/oem7/odom,39.663,-75.756,-1.800223006,0.001879838,-0.002165032,-0.001571553,0.001031510,-0.002165032,,,
1786043670706492475,1786043670.706005697,/novatel/oem7/inspva,/novatel/oem7/inspva,/novatel/oem7/inspva,39.663,-75.756,-1.800227210,0.001225951,-0.001779867,0.000285279,-0.001192297,-0.001779867,,novatel_oem7_msgs.msg.InertialSolutionStatus(status=3),
1786043670707157468,1786043670.706172636,/novatel/oem7/fix,/novatel/oem7/fix,/novatel/oem7/inspva,39.663,-75.756,-1.800227210,0.001225951,-0.001779867,0.000285279,-0.001192297,-0.001779867,,0,
1786043670707678622,1786043670.706594680,/novatel/oem7/odom,/novatel/oem7/fix,/novatel/oem7/odom,39.663,-75.756,-1.800227210,0.001220638,-0.001783515,-0.001170923,0.000344811,-0.001783515,,,
1786043670709899811,1786043670.709551492,/novatel/oem7/bestpos,/novatel/oem7/bestpos,/novatel/oem7/odom,39.663,-75.756,33.182108054,0.001220638,-0.001783515,-0.001170923,0.000344811,-0.001783515,,novatel_oem7_msgs.msg.SolutionStatus(status=0),novatel_oem7_msgs.msg.PositionOrVelocityType(type=53)
1786043670710827314,1786043670.710417218,/novatel/oem7/bestvel,/novatel/oem7/bestpos,/novatel/oem7/bestvel,39.663,-75.756,33.182108054,0.002031018,-0.000999440,,,,260.370537224,novatel_oem7_msgs.msg.SolutionStatus(status=0),novatel_oem7_msgs.msg.PositionOrVelocityType(type=53)
1786043670715896723,1786043670.715543891,/novatel/oem7/odom,/novatel/oem7/bestpos,/novatel/oem7/odom,39.663,-75.756,33.182108054,0.001220638,-0.001783515,-0.001170923,0.000344811,-0.001783515,,,
1786043670725972611,1786043670.725505040,/novatel/oem7/inspva,/novatel/oem7/inspva,/novatel/oem7/inspva,39.663,-75.756,-1.800215434,0.001034456,0.000920381,-0.001009503,0.000225838,0.000920381,,novatel_oem7_msgs.msg.InertialSolutionStatus(status=3),
1786043670726687038,1786043670.725664658,/novatel/oem7/fix,/novatel/oem7/fix,/novatel/oem7/inspva,39.663,-75.756,-1.800215434,0.001034456,0.000920381,-0.001009503,0.000225838,0.000920381,,0,
1786043670727220913,1786043670.726271397,/novatel/oem7/odom,/novatel/oem7/fix,/novatel/oem7/odom,39.663,-75.756,-1.800215434,0.001036255,0.000918355,0.000175319,-0.001021316,0.000918355,,,
1786043670735453903,1786043670.735074674,/novatel/oem7/odom,/novatel/oem7/fix,/novatel/oem7/odom,39.663,-75.756,-1.800215434,0.001036255,0.000918355,0.000175319,-0.001021316,0.000918355,,,
1786043670745518488,1786043670.745141520,/novatel/oem7/inspva,/novatel/oem7/inspva,/novatel/oem7/inspva,39.663,-75.756,-1.800224008,0.000314420,0.000662278,-0.000314154,-0.000012933,0.000662278,,novatel_oem7_msgs.msg.InertialSolutionStatus(status=3),
1786043670746203032,1786043670.745336142,/novatel/oem7/fix,/novatel/oem7/fix,/novatel/oem7/inspva,39.663,-75.756,-1.800224008,0.000314420,0.000662278,-0.000314154,-0.000012933,0.000662278,,0,
1786043670746731552,1786043670.745833260,/novatel/oem7/odom,/novatel/oem7/fix,/novatel/oem7/odom,39.663,-75.756,-1.800224008,0.000316409,0.000661330,-0.000030038,-0.000314980,0.000661330,,,
1786043670757182880,1786043670.756079004,/novatel/oem7/odom,/novatel/oem7/fix,/novatel/oem7/odom,39.663,-75.756,-1.800224008,0.000316409,0.000661330,-0.000030038,-0.000314980,0.000661330,,,
1786043670765820864,1786043670.765470804,/novatel/oem7/inspva,/novatel/oem7/inspva,/novatel/oem7/inspva,39.663,-75.756,-1.800245246,0.001938019,-0.001307975,0.001156855,-0.001554865,-0.001307975,,novatel_oem7_msgs.msg.InertialSolutionStatus(status=3),
1786043670766496816,1786043670.765649072,/novatel/oem7/fix,/novatel/oem7/fix,/novatel/oem7/inspva,39.663,-75.756,-1.800245246,0.001938019,-0.001307975,0.001156855,-0.001554865,-0.001307975,,0,
1786043670767213205,1786043670.766334749,/novatel/oem7/odom,/novatel/oem7/fix,/novatel/oem7/odom,39.663,-75.756,-1.800245246,0.001936253,-0.001310589,-0.001494578,0.001230980,-0.001310589,,,
1786043670775397956,1786043670.775021295,/novatel/oem7/odom,/novatel/oem7/fix,/novatel/oem7/odom,39.663,-75.756,-1.800245246,0.001936253,-0.001310589,-0.001494578,0.001230980,-0.001310589,,,
1786043670786341258,1786043670.785993769,/novatel/oem7/inspva,/novatel/oem7/inspva,/novatel/oem7/inspva,39.663,-75.756,-1.800250815,0.001268392,-0.001841900,0.000463712,-0.001180589,-0.001841900,,novatel_oem7_msgs.msg.InertialSolutionStatus(status=3),
1786043670786941576,1786043670.786134975,/novatel/oem7/fix,/novatel/oem7/fix,/novatel/oem7/inspva,39.663,-75.756,-1.800250815,0.001268392,-0.001841900,0.000463712,-0.001180589,-0.001841900,,0,
1786043670787385287,1786043670.786568509,/novatel/oem7/odom,/novatel/oem7/fix,/novatel/oem7/odom,39.663,-75.756,-1.800250815,0.001263844,-0.001845024,-0.001150697,0.000522682,-0.001845024,,,
1786043670794701950,1786043670.794356956,/novatel/oem7/odom,/novatel/oem7/fix,/novatel/oem7/odom,39.663,-75.756,-1.800250815,0.001263844,-0.001845024,-0.001150697,0.000522682,-0.001845024,,,
1786043670806967792,1786043670.806639173,/novatel/oem7/inspva,/novatel/oem7/inspva,/novatel/oem7/inspva,39.663,-75.756,-1.800235626,0.001199201,0.000506005,-0.001160903,0.000300646,0.000506005,,novatel_oem7_msgs.msg.InertialSolutionStatus(status=3),
1786043670807552241,1786043670.806817252,/novatel/oem7/fix,/novatel/oem7/fix,/novatel/oem7/inspva,39.663,-75.756,-1.800235626,0.001199201,0.000506005,-0.001160903,0.000300646,0.000506005,,0,
1786043670808229491,1786043670.807635400,/novatel/oem7/odom,/novatel/oem7/fix,/novatel/oem7/odom,39.663,-75.756,-1.800235626,0.001200105,0.000503857,0.000244647,-0.001174904,0.000503857,,,
1786043670810327087,1786043670.810022793,/novatel/oem7/bestpos,/novatel/oem7/bestpos,/novatel/oem7/odom,39.663,-75.756,33.182087648,0.001200105,0.000503857,0.000244647,-0.001174904,0.000503857,,novatel_oem7_msgs.msg.SolutionStatus(status=0),novatel_oem7_msgs.msg.PositionOrVelocityType(type=53)
1786043670810956486,1786043670.810404727,/novatel/oem7/bestvel,/novatel/oem7/bestpos,/novatel/oem7/bestvel,39.663,-75.756,33.182087648,0.001155807,0.000845030,,,,204.385309037,novatel_oem7_msgs.msg.SolutionStatus(status=0),novatel_oem7_msgs.msg.PositionOrVelocityType(type=53)
1786043670816002878,1786043670.815638585,/novatel/oem7/odom,/novatel/oem7/bestpos,/novatel/oem7/odom,39.663,-75.756,33.182087648,0.001200105,0.000503857,0.000244647,-0.001174904,0.000503857,,,
1786043670825222430,1786043670.824930467,/novatel/oem7/inspva,/novatel/oem7/inspva,/novatel/oem7/inspva,39.663,-75.756,-1.800236768,0.000684408,0.000790215,-0.000488256,-0.000479605,0.000790215,,novatel_oem7_msgs.msg.InertialSolutionStatus(status=3),
1786043670825839281,1786043670.825094015,/novatel/oem7/fix,/novatel/oem7/fix,/novatel/oem7/inspva,39.663,-75.756,-1.800236768,0.000684408,0.000790215,-0.000488256,-0.000479605,0.000790215,,0,
1786043670826505581,1786043670.825625154,/novatel/oem7/odom,/novatel/oem7/fix,/novatel/oem7/odom,39.663,-75.756,-1.800236768,0.000688096,0.000787006,-0.000504786,-0.000467619,0.000787006,,,
1786043670834910288,1786043670.834445274,/novatel/oem7/odom,/novatel/oem7/fix,/novatel/oem7/odom,39.663,-75.756,-1.800236768,0.000688096,0.000787006,-0.000504786,-0.000467619,0.000787006,,,
1786043670846968507,1786043670.846549977,/novatel/oem7/inspva,/novatel/oem7/inspva,/novatel/oem7/inspva,39.663,-75.756,-1.800255100,0.001433981,-0.000968010,0.000985197,-0.001041965,-0.000968010,,novatel_oem7_msgs.msg.InertialSolutionStatus(status=3),
1786043670847568793,1786043670.846709968,/novatel/oem7/fix,/novatel/oem7/fix,/novatel/oem7/inspva,39.663,-75.756,-1.800255100,0.001433981,-0.000968010,0.000985197,-0.001041965,-0.000968010,,0,
1786043670848027602,1786043670.847181660,/novatel/oem7/odom,/novatel/oem7/fix,/novatel/oem7/odom,39.663,-75.756,-1.800255100,0.001433185,-0.000969189,-0.000991489,0.001034876,-0.000969189,,,
1786043670856880510,1786043670.856526552,/novatel/oem7/odom,/novatel/oem7/fix,/novatel/oem7/odom,39.663,-75.756,-1.800255100,0.001433185,-0.000969189,-0.000991489,0.001034876,-0.000969189,,,
1786043670865386157,1786043670.865089359,/novatel/oem7/inspva,/novatel/oem7/inspva,/novatel/oem7/inspva,39.663,-75.756,-1.800264001,0.001177520,-0.001265604,0.000794928,-0.000868702,-0.001265604,,novatel_oem7_msgs.msg.InertialSolutionStatus(status=3),
1786043670866012537,1786043670.865242748,/novatel/oem7/fix,/novatel/oem7/fix,/novatel/oem7/inspva,39.663,-75.756,-1.800264001,0.001177520,-0.001265604,0.000794928,-0.000868702,-0.001265604,,0,
1786043670866710389,1786043670.865694459,/novatel/oem7/odom,/novatel/oem7/fix,/novatel/oem7/odom,39.663,-75.756,-1.800264001,0.001176379,-0.001266664,-0.000826017,0.000837594,-0.001266664,,,
1786043670875077602,1786043670.874733938,/novatel/oem7/odom,/novatel/oem7/fix,/novatel/oem7/odom,39.663,-75.756,-1.800264001,0.001176379,-0.001266664,-0.000826017,0.000837594,-0.001266664,,,
1786043670886345798,1786043670.886042836,/novatel/oem7/inspva,/novatel/oem7/inspva,/novatel/oem7/inspva,39.663,-75.756,-1.800268751,0.001082211,-0.001211608,-0.001030298,-0.000331160,-0.001211608,,novatel_oem7_msgs.msg.InertialSolutionStatus(status=3),
1786043670886945785,1786043670.886216858,/novatel/oem7/fix,/novatel/oem7/fix,/novatel/oem7/inspva,39.663,-75.756,-1.800268751,0.001082211,-0.001211608,-0.001030298,-0.000331160,-0.001211608,,0,
1786043670887609027,1786043670.886704209,/novatel/oem7/odom,/novatel/oem7/fix,/novatel/oem7/odom,39.663,-75.756,-1.800268751,0.001077566,-0.001215742,-0.000373747,-0.001010674,-0.001215742,,,
1786043670895205445,1786043670.894869897,/novatel/oem7/odom,/novatel/oem7/fix,/novatel/oem7/odom,39.663,-75.756,-1.800268751,0.001077566,-0.001215742,-0.000373747,-0.001010674,-0.001215742,,,
1786043670906462371,1786043670.906057377,/novatel/oem7/inspva,/novatel/oem7/inspva,/novatel/oem7/inspva,39.663,-75.756,-1.800275575,0.000575750,-0.000163091,-0.000551373,-0.000165756,-0.000163091,,novatel_oem7_msgs.msg.InertialSolutionStatus(status=3),
1786043670907069597,1786043670.906203439,/novatel/oem7/fix,/novatel/oem7/fix,/novatel/oem7/inspva,39.663,-75.756,-1.800275575,0.000575750,-0.000163091,-0.000551373,-0.000165756,-0.000163091,,0,
1786043670907522342,1786043670.906685836,/novatel/oem7/odom,/novatel/oem7/fix,/novatel/oem7/odom,39.663,-75.756,-1.800275575,0.000575130,-0.000165263,-0.000190449,-0.000542682,-0.000165263,,,
1786043670909684483,1786043670.909364570,/novatel/oem7/bestpos,/novatel/oem7/bestpos,/novatel/oem7/odom,39.663,-75.756,33.182050171,0.000575130,-0.000165263,-0.000190449,-0.000542682,-0.000165263,,novatel_oem7_msgs.msg.SolutionStatus(status=0),novatel_oem7_msgs.msg.PositionOrVelocityType(type=53)
1786043670910293936,1786043670.910030206,/novatel/oem7/bestvel,/novatel/oem7/bestpos,/novatel/oem7/bestvel,39.663,-75.756,33.182050171,0.001093012,0.000270699,,,,213.151796682,novatel_oem7_msgs.msg.SolutionStatus(status=0),novatel_oem7_msgs.msg.PositionOrVelocityType(type=53)
1786043670914807350,1786043670.914482660,/novatel/oem7/odom,/novatel/oem7/bestpos,/novatel/oem7/odom,39.663,-75.756,33.182050171,0.000575130,-0.000165263,-0.000190449,-0.000542682,-0.000165263,,,
1786043670925836869,1786043670.925274237,/novatel/oem7/inspva,/novatel/oem7/inspva,/novatel/oem7/inspva,39.663,-75.756,-1.800293884,0.000919479,-0.000578775,0.000768063,-0.000505491,-0.000578775,,novatel_oem7_msgs.msg.InertialSolutionStatus(status=3),
1786043670927159922,1786043670.925448075,/novatel/oem7/fix,/novatel/oem7/fix,/novatel/oem7/inspva,39.663,-75.756,-1.800293884,0.000919479,-0.000578775,0.000768063,-0.000505491,-0.000578775,,0,
1786043670928186542,1786043670.926033621,/novatel/oem7/odom,/novatel/oem7/fix,/novatel/oem7/odom,39.663,-75.756,-1.800293884,0.000919620,-0.000578552,-0.000467128,0.000792144,-0.000578552,,,
1786043670936111764,1786043670.935416187,/novatel/oem7/odom,/novatel/oem7/fix,/novatel/oem7/odom,39.663,-75.756,-1.800293884,0.000919620,-0.000578552,-0.000467128,0.000792144,-0.000578552,,,
1786043670945461649,1786043670.944922217,/novatel/oem7/inspva,/novatel/oem7/inspva,/novatel/oem7/inspva,39.663,-75.756,-1.800305871,0.000723040,-0.000943983,0.000600770,-0.000402322,-0.000943983,,novatel_oem7_msgs.msg.InertialSolutionStatus(status=3),
1786043670946764342,1786043670.945084632,/novatel/oem7/fix,/novatel/oem7/fix,/novatel/oem7/inspva,39.663,-75.756,-1.800305871,0.000723040,-0.000943983,0.000600770,-0.000402322,-0.000943983,,0,
1786043670947773689,1786043670.945565057,/novatel/oem7/odom,/novatel/oem7/fix,/novatel/oem7/odom,39.663,-75.756,-1.800305871,0.000723239,-0.000943830,-0.000370374,0.000621207,-0.000943830,,,
1786043670956041858,1786043670.955712103,/novatel/oem7/odom,/novatel/oem7/fix,/novatel/oem7/odom,39.663,-75.756,-1.800305871,0.000723239,-0.000943830,-0.000370374,0.000621207,-0.000943830,,,
1786043670967022500,1786043670.966582334,/novatel/oem7/inspva,/novatel/oem7/inspva,/novatel/oem7/inspva,39.663,-75.756,-1.800322239,0.001194740,-0.001577281,-0.001089938,0.000489324,-0.001577281,,novatel_oem7_msgs.msg.InertialSolutionStatus(status=3),
1786043670967606559,1786043670.966735146,/novatel/oem7/fix,/novatel/oem7/fix,/novatel/oem7/inspva,39.663,-75.756,-1.800322239,0.001194740,-0.001577281,-0.001089938,0.000489324,-0.001577281,,0,
1786043670968055496,1786043670.967178926,/novatel/oem7/odom,/novatel/oem7/fix,/novatel/oem7/odom,39.663,-75.756,-1.800322239,0.001193171,-0.001578468,0.000444519,-0.001107276,-0.001578468,,,
1786043670975348251,1786043670.975025234,/novatel/oem7/odom,/novatel/oem7/fix,/novatel/oem7/odom,39.663,-75.756,-1.800322239,0.001193171,-0.001578468,0.000444519,-0.001107276,-0.001578468,,,
1786043670986269981,1786043670.985036699,/novatel/oem7/inspva,/novatel/oem7/inspva,/novatel/oem7/inspva,39.663,-75.756,-1.800325237,0.001420862,-0.000941182,-0.001371261,0.000372145,-0.000941182,,novatel_oem7_msgs.msg.InertialSolutionStatus(status=3),
1786043670987134963,1786043670.985272162,/novatel/oem7/fix,/novatel/oem7/fix,/novatel/oem7/inspva,39.663,-75.756,-1.800325237,0.001420862,-0.000941182,-0.001371261,0.000372145,-0.000941182,,0,
1786043670988681502,1786043670.985964795,/novatel/oem7/odom,/novatel/oem7/fix,/novatel/oem7/odom,39.663,-75.756,-1.800325237,0.001193190,-0.001578453,0.000444521,-0.001107296,-0.001578453,,,
1786043670995257830,1786043670.994593534,/novatel/oem7/odom,/novatel/oem7/fix,/novatel/oem7/odom,39.663,-75.756,-1.800325237,0.001419265,-0.000943589,0.000311968,-0.001384554,-0.000943589,,,
1786043671010591484,1786043671.010086289,/novatel/oem7/inspva,/novatel/oem7/inspva,/novatel/oem7/inspva,39.663,-75.756,-1.800330814,0.000149790,0.000314002,0.000101989,0.000109705,0.000314002,,novatel_oem7_msgs.msg.InertialSolutionStatus(status=3),
1786043671011864151,1786043671.010243975,/novatel/oem7/fix,/novatel/oem7/fix,/novatel/oem7/inspva,39.663,-75.756,-1.800330814,0.000149790,0.000314002,0.000101989,0.000109705,0.000314002,,0,
1786043671012911431,1786043671.011375809,/novatel/oem7/odom,/novatel/oem7/fix,/novatel/oem7/odom,39.663,-75.756,-1.800330814,0.000148311,0.000314703,0.000113067,0.000095980,0.000314703,,,
1786043671017025375,1786043671.016375665,/novatel/oem7/odom,/novatel/oem7/fix,/novatel/oem7/odom,39.663,-75.756,-1.800330814,0.000148311,0.000314703,0.000113067,0.000095980,0.000314703,,,
1786043671024979610,1786043671.024338537,/novatel/oem7/bestpos,/novatel/oem7/bestpos,/novatel/oem7/odom,39.663,-75.756,33.181986280,0.000148311,0.000314703,0.000113067,0.000095980,0.000314703,,novatel_oem7_msgs.msg.SolutionStatus(status=0),novatel_oem7_msgs.msg.PositionOrVelocityType(type=53)
1786043671026380694,1786043671.024898162,/novatel/oem7/bestvel,/novatel/oem7/bestpos,/novatel/oem7/bestvel,39.663,-75.756,33.181986280,0.001191753,-0.000424088,,,,64.321650207,novatel_oem7_msgs.msg.SolutionStatus(status=0),novatel_oem7_msgs.msg.PositionOrVelocityType(type=53)
1786043671027813951,1786043671.026871619,/novatel/oem7/inspva,/novatel/oem7/inspva,/novatel/oem7/inspva,39.663,-75.756,-1.800343952,0.000130387,-0.000185535,0.000047036,-0.000121608,-0.000185535,,novatel_oem7_msgs.msg.InertialSolutionStatus(status=3),
1786043671028632209,1786043671.027034050,/novatel/oem7/fix,/novatel/oem7/fix,/novatel/oem7/inspva,39.663,-75.756,-1.800343952,0.000130387,-0.000185535,0.000047036,-0.000121608,-0.000185535,,0,
1786043671030141567,1786043671.027495811,/novatel/oem7/odom,/novatel/oem7/fix,/novatel/oem7/odom,39.663,-75.756,-1.800343952,0.000129915,-0.000185866,-0.000118568,0.000053097,-0.000185866,,,
1786043671035153370,1786043671.034487987,/novatel/oem7/odom,/novatel/oem7/fix,/novatel/oem7/odom,39.663,-75.756,-1.800343952,0.000129915,-0.000185866,-0.000118568,0.000053097,-0.000185866,,,
1786043671045822466,1786043671.045324161,/novatel/oem7/inspva,/novatel/oem7/inspva,/novatel/oem7/inspva,39.663,-75.756,-1.800358504,0.000751654,-0.001777272,-0.000735062,0.000157060,-0.001777272,,novatel_oem7_msgs.msg.InertialSolutionStatus(status=3),
1786043671047095675,1786043671.045478475,/novatel/oem7/fix,/novatel/oem7/fix,/novatel/oem7/inspva,39.663,-75.756,-1.800358504,0.000751654,-0.001777272,-0.000735062,0.000157060,-0.001777272,,0,
1786043671048149359,1786043671.046130572,/novatel/oem7/odom,/novatel/oem7/fix,/novatel/oem7/odom,39.663,-75.756,-1.800358504,0.000748285,-0.001778694,0.000129857,-0.000736931,-0.001778694,,,
1786043671057371010,1786043671.056702776,/novatel/oem7/odom,/novatel/oem7/fix,/novatel/oem7/odom,39.663,-75.756,-1.800358504,0.000748285,-0.001778694,0.000129857,-0.000736931,-0.001778694,,,
1786043671065904717,1786043671.065412782,/novatel/oem7/inspva,/novatel/oem7/inspva,/novatel/oem7/inspva,39.663,-75.756,-1.800359784,0.001167143,-0.001661846,-0.001096763,0.000399168,-0.001661846,,novatel_oem7_msgs.msg.InertialSolutionStatus(status=3),
1786043671067184400,1786043671.065567134,/novatel/oem7/fix,/novatel/oem7/fix,/novatel/oem7/inspva,39.663,-75.756,-1.800359784,0.001167143,-0.001661846,-0.001096763,0.000399168,-0.001661846,,0,
1786043671068238770,1786043671.066009261,/novatel/oem7/odom,/novatel/oem7/fix,/novatel/oem7/odom,39.663,-75.756,-1.800359784,0.001164979,-0.001663363,0.000354507,-0.001109731,-0.001663363,,,
1786043671075182035,1786043671.074538395,/novatel/oem7/odom,/novatel/oem7/fix,/novatel/oem7/odom,39.663,-75.756,-1.800359784,0.001164979,-0.001663363,0.000354507,-0.001109731,-0.001663363,,,
1786043671087154473,1786043671.086670425,/novatel/oem7/inspva,/novatel/oem7/inspva,/novatel/oem7/inspva,39.663,-75.756,-1.800348754,0.001302133,0.001046806,-0.000920930,0.000920564,0.001046806,,novatel_oem7_msgs.msg.InertialSolutionStatus(status=3),
1786043671088453576,1786043671.086836960,/novatel/oem7/fix,/novatel/oem7/fix,/novatel/oem7/inspva,39.663,-75.756,-1.800348754,0.001302133,0.001046806,-0.000920930,0.000920564,0.001046806,,0,
1786043671089456199,1786043671.087247907,/novatel/oem7/odom,/novatel/oem7/fix,/novatel/oem7/odom,39.663,-75.756,-1.800348754,0.001301379,0.001047743,0.000872821,-0.000965283,0.001047743,,,
1786043671095664024,1786043671.095004404,/novatel/oem7/odom,/novatel/oem7/fix,/novatel/oem7/odom,39.663,-75.756,-1.800348754,0.001301379,0.001047743,0.000872821,-0.000965283,0.001047743,,,
1786043671106321836,1786043671.105822161,/novatel/oem7/inspva,/novatel/oem7/inspva,/novatel/oem7/inspva,39.663,-75.756,-1.800364198,0.000242414,0.000568770,-0.000139892,0.000197976,0.000568770,,novatel_oem7_msgs.msg.InertialSolutionStatus(status=3),
1786043671107628229,1786043671.105968212,/novatel/oem7/fix,/novatel/oem7/fix,/novatel/oem7/inspva,39.663,-75.756,-1.800364198,0.000242414,0.000568770,-0.000139892,0.000197976,0.000568770,,0,
1786043671108666136,1786043671.106525961,/novatel/oem7/odom,/novatel/oem7/fix,/novatel/oem7/odom,39.663,-75.756,-1.800364198,0.000241554,0.000569135,0.000189033,-0.000150383,0.000569135,,,
1786043671110134416,1786043671.109132910,/novatel/oem7/bestpos,/novatel/oem7/bestpos,/novatel/oem7/odom,39.663,-75.756,33.181932176,0.000241554,0.000569135,0.000189033,-0.000150383,0.000569135,,novatel_oem7_msgs.msg.SolutionStatus(status=0),novatel_oem7_msgs.msg.PositionOrVelocityType(type=53)
1786043671111039769,1786043671.109573105,/novatel/oem7/bestvel,/novatel/oem7/bestpos,/novatel/oem7/bestvel,39.663,-75.756,33.181932176,0.001245868,-0.000136325,,,,83.029255759,novatel_oem7_msgs.msg.SolutionStatus(status=0),novatel_oem7_msgs.msg.PositionOrVelocityType(type=53)
1786043671116041361,1786043671.115395488,/novatel/oem7/odom,/novatel/oem7/bestpos,/novatel/oem7/odom,39.663,-75.756,33.181932176,0.000241554,0.000569135,0.000189033,-0.000150383,0.000569135,,,
1786043671125884879,1786043671.125381251,/novatel/oem7/inspva,/novatel/oem7/inspva,/novatel/oem7/inspva,39.663,-75.756,-1.800393292,0.000642076,-0.002631890,-0.000052718,-0.000639908,-0.002631890,,novatel_oem7_msgs.msg.InertialSolutionStatus(status=3),
1786043671127154948,1786043671.125571932,/novatel/oem7/fix,/novatel/oem7/fix,/novatel/oem7/inspva,39.663,-75.756,-1.800393292,0.000642076,-0.002631890,-0.000052718,-0.000639908,-0.002631890,,0,
1786043671128167228,1786043671.126241029,/novatel/oem7/odom,/novatel/oem7/fix,/novatel/oem7/odom,39.663,-75.756,-1.800393292,0.000631481,-0.002634452,-0.000631271,-0.000016274,-0.002634452,,,
1786043671135913634,1786043671.135239768,/novatel/oem7/odom,/novatel/oem7/fix,/novatel/oem7/odom,39.663,-75.756,-1.800393292,0.000631481,-0.002634452,-0.000631271,-0.000016274,-0.002634452,,,
1786043671146747891,1786043671.146246513,/novatel/oem7/inspva,/novatel/oem7/inspva,/novatel/oem7/inspva,39.663,-75.756,-1.800392327,0.000618673,-0.002115094,-0.000605110,0.000128835,-0.002115094,,novatel_oem7_msgs.msg.InertialSolutionStatus(status=3),
1786043671148051860,1786043671.146394414,/novatel/oem7/fix,/novatel/oem7/fix,/novatel/oem7/inspva,39.663,-75.756,-1.800392327,0.000618673,-0.002115094,-0.000605110,0.000128835,-0.002115094,,0,
1786043671149066327,1786043671.146950903,/novatel/oem7/odom,/novatel/oem7/fix,/novatel/oem7/odom,39.663,-75.756,-1.800392327,0.000614691,-0.002116255,0.000109066,-0.000604938,-0.002116255,,,
1786043671156285758,1786043671.155654035,/novatel/oem7/odom,/novatel/oem7/fix,/novatel/oem7/odom,39.663,-75.756,-1.800392327,0.000614691,-0.002116255,0.000109066,-0.000604938,-0.002116255,,,
1786043671165849560,1786043671.165324278,/novatel/oem7/inspva,/novatel/oem7/inspva,/novatel/oem7/inspva,39.663,-75.756,-1.800390049,0.001935614,0.000127372,-0.001424437,0.001310565,0.000127372,,novatel_oem7_msgs.msg.InertialSolutionStatus(status=3),
1786043671167608333,1786043671.165505519,/novatel/oem7/fix,/novatel/oem7/fix,/novatel/oem7/inspva,39.663,-75.756,-1.800390049,0.001935614,0.000127372,-0.001424437,0.001310565,0.000127372,,0,
1786043671168632110,1786043671.166235703,/novatel/oem7/odom,/novatel/oem7/fix,/novatel/oem7/odom,39.663,-75.756,-1.800390049,0.001935545,0.000128422,0.001242736,-0.001483894,0.000128422,,,
1786043671176324359,1786043671.175675143,/novatel/oem7/odom,/novatel/oem7/fix,/novatel/oem7/odom,39.663,-75.756,-1.800390049,0.001935545,0.000128422,0.001242736,-0.001483894,0.000128422,,,
1786043671185901368,1786043671.185413229,/novatel/oem7/inspva,/novatel/oem7/inspva,/novatel/oem7/inspva,39.663,-75.756,-1.800398964,0.000905732,0.001032522,-0.000587223,0.000689580,0.001032522,,novatel_oem7_msgs.msg.InertialSolutionStatus(status=3),
1786043671187176280,1786043671.185580364,/novatel/oem7/fix,/novatel/oem7/fix,/novatel/oem7/inspva,39.663,-75.756,-1.800398964,0.000905732,0.001032522,-0.000587223,0.000689580,0.001032522,,0,
1786043671188205700,1786043671.186029209,/novatel/oem7/odom,/novatel/oem7/fix,/novatel/oem7/odom,39.663,-75.756,-1.800398964,0.000904586,0.001033526,0.000657541,-0.000621222,0.001033526,,,
1786043671195123345,1786043671.194453128,/novatel/oem7/odom,/novatel/oem7/fix,/novatel/oem7/odom,39.663,-75.756,-1.800398964,0.000904586,0.001033526,0.000657541,-0.000621222,0.001033526,,,
1786043671207322065,1786043671.206827014,/novatel/oem7/inspva,/novatel/oem7/inspva,/novatel/oem7/inspva,39.663,-75.756,-1.800436107,0.000956579,-0.002586141,-0.000266585,-0.000918681,-0.002586141,,novatel_oem7_msgs.msg.InertialSolutionStatus(status=3),
1786043671208636095,1786043671.206998676,/novatel/oem7/fix,/novatel/oem7/fix,/novatel/oem7/inspva,39.663,-75.756,-1.800436107,0.000956579,-0.002586141,-0.000266585,-0.000918681,-0.002586141,,0,
1786043671209659682,1786043671.207494004,/novatel/oem7/odom,/novatel/oem7/fix,/novatel/oem7/odom,39.663,-75.756,-1.800436107,0.000945024,-0.002590385,-0.000919751,-0.000217092,-0.002590385,,,
1786043671211141316,1786043671.210268861,/novatel/oem7/bestpos,/novatel/oem7/bestpos,/novatel/oem7/odom,39.663,-75.756,33.181867338,0.000945024,-0.002590385,-0.000919751,-0.000217092,-0.002590385,,novatel_oem7_msgs.msg.SolutionStatus(status=0),novatel_oem7_msgs.msg.PositionOrVelocityType(type=53)
1786043671212528286,1786043671.210731799,/novatel/oem7/bestvel,/novatel/oem7/bestpos,/novatel/oem7/bestvel,39.663,-75.756,33.181867338,0.001390726,-0.002146317,,,,213.663231190,novatel_oem7_msgs.msg.SolutionStatus(status=0),novatel_oem7_msgs.msg.PositionOrVelocityType(type=53)
1786043671215844479,1786043671.215214717,/novatel/oem7/odom,/novatel/oem7/bestpos,/novatel/oem7/odom,39.663,-75.756,33.181867338,0.000945024,-0.002590385,-0.000919751,-0.000217092,-0.002590385,,,
1786043671225667273,1786043671.225144955,/novatel/oem7/inspva,/novatel/oem7/inspva,/novatel/oem7/inspva,39.663,-75.756,-1.800439565,0.000729714,-0.002332838,-0.000568823,-0.000457081,-0.002332838,,novatel_oem7_msgs.msg.InertialSolutionStatus(status=3),
1786043671226956369,1786043671.225314643,/novatel/oem7/fix,/novatel/oem7/fix,/novatel/oem7/inspva,39.663,-75.756,-1.800439565,0.000729714,-0.002332838,-0.000568823,-0.000457081,-0.002332838,,0,
1786043671227965126,1786043671.225767671,/novatel/oem7/odom,/novatel/oem7/fix,/novatel/oem7/odom,39.663,-75.756,-1.800439565,0.000719083,-0.002336137,-0.000473709,-0.000541000,-0.002336137,,,
1786043671236374955,1786043671.235694405,/novatel/oem7/odom,/novatel/oem7/fix,/novatel/oem7/odom,39.663,-75.756,-1.800439565,0.000719083,-0.002336137,-0.000473709,-0.000541000,-0.002336137,,,
1786043671245944396,1786043671.245410408,/novatel/oem7/inspva,/novatel/oem7/inspva,/novatel/oem7/inspva,39.663,-75.756,-1.800440006,0.002745480,-0.000223628,-0.002503457,0.001127103,-0.000223628,,novatel_oem7_msgs.msg.InertialSolutionStatus(status=3),
1786043671247293326,1786043671.245612607,/novatel/oem7/fix,/novatel/oem7/fix,/novatel/oem7/inspva,39.663,-75.756,-1.800440006,0.002745480,-0.000223628,-0.002503457,0.001127103,-0.000223628,,0,
1786043671248324919,1786043671.246282113,/novatel/oem7/odom,/novatel/oem7/fix,/novatel/oem7/odom,39.663,-75.756,-1.800440006,0.002745263,-0.000226274,0.001010893,-0.002552364,-0.000226274,,,
1786043671257168897,1786043671.256528367,/novatel/oem7/odom,/novatel/oem7/fix,/novatel/oem7/odom,39.663,-75.756,-1.800440006,0.002745263,-0.000226274,0.001010893,-0.002552364,-0.000226274,,,
1786043671266662027,1786043671.266128139,/novatel/oem7/inspva,/novatel/oem7/inspva,/novatel/oem7/inspva,39.663,-75.756,-1.800447663,0.002023530,0.000319770,-0.001824045,0.000876091,0.000319770,,novatel_oem7_msgs.msg.InertialSolutionStatus(status=3),
1786043671267957477,1786043671.266298011,/novatel/oem7/fix,/novatel/oem7/fix,/novatel/oem7/inspva,39.663,-75.756,-1.800447663,0.002023530,0.000319770,-0.001824045,0.000876091,0.000319770,,0,
1786043671268979583,1786043671.266723541,/novatel/oem7/odom,/novatel/oem7/fix,/novatel/oem7/odom,39.663,-75.756,-1.800447663,0.002023802,0.000318044,0.000789394,-0.001863500,0.000318044,,,
1786043671275213732,1786043671.274529075,/novatel/oem7/odom,/novatel/oem7/fix,/novatel/oem7/odom,39.663,-75.756,-1.800447663,0.002023802,0.000318044,0.000789394,-0.001863500,0.000318044,,,
1786043671285523882,1786043671.285236081,/novatel/oem7/inspva,/novatel/oem7/inspva,/novatel/oem7/inspva,39.663,-75.756,-1.800473254,0.001020358,-0.001486122,-0.000119795,-0.001013301,-0.001486122,,novatel_oem7_msgs.msg.InertialSolutionStatus(status=3),
1786043671286114715,1786043671.285413102,/novatel/oem7/fix,/novatel/oem7/fix,/novatel/oem7/inspva,39.663,-75.756,-1.800473254,0.001020358,-0.001486122,-0.000119795,-0.001013301,-0.001486122,,0,
1786043671286565828,1786043671.285730505,/novatel/oem7/odom,/novatel/oem7/fix,/novatel/oem7/odom,39.663,-75.756,-1.800473254,0.001014165,-0.001490355,-0.001011823,-0.000068879,-0.001490355,,,
1786043671295815362,1786043671.295461458,/novatel/oem7/odom,/novatel/oem7/fix,/novatel/oem7/odom,39.663,-75.756,-1.800473254,0.001014165,-0.001490355,-0.001011823,-0.000068879,-0.001490355,,,
1786043671306237425,1786043671.305849387,/novatel/oem7/inspva,/novatel/oem7/inspva,/novatel/oem7/inspva,39.663,-75.756,-1.800487100,0.000619715,-0.002096689,-0.000362706,-0.000502485,-0.002096689,,novatel_oem7_msgs.msg.InertialSolutionStatus(status=3),
1786043671306798390,1786043671.306009709,/novatel/oem7/fix,/novatel/oem7/fix,/novatel/oem7/inspva,39.663,-75.756,-1.800487100,0.000619715,-0.002096689,-0.000362706,-0.000502485,-0.002096689,,0,
1786043671307251807,1786043671.306467017,/novatel/oem7/odom,/novatel/oem7/fix,/novatel/oem7/odom,39.663,-75.756,-1.800487100,0.000609781,-0.002099600,-0.000510439,-0.000333594,-0.002099600,,,
1786043671309691851,1786043671.309239707,/novatel/oem7/bestpos,/novatel/oem7/bestpos,/novatel/oem7/odom,39.663,-75.756,33.181817227,0.000609781,-0.002099600,-0.000510439,-0.000333594,-0.002099600,,novatel_oem7_msgs.msg.SolutionStatus(status=0),novatel_oem7_msgs.msg.PositionOrVelocityType(type=53)
1786043671310308357,1786043671.309832926,/novatel/oem7/bestvel,/novatel/oem7/bestpos,/novatel/oem7/bestvel,39.663,-75.756,33.181817227,0.001395286,-0.001666325,,,,255.505194027,novatel_oem7_msgs.msg.SolutionStatus(status=0),novatel_oem7_msgs.msg.PositionOrVelocityType(type=53)
1786043671314896670,1786043671.314555813,/novatel/oem7/odom,/novatel/oem7/bestpos,/novatel/oem7/odom,39.663,-75.756,33.181817227,0.000609781,-0.002099600,-0.000510439,-0.000333594,-0.002099600,,,
1786043671327037302,1786043671.326588918,/novatel/oem7/inspva,/novatel/oem7/inspva,/novatel/oem7/inspva,39.663,-75.756,-1.800487655,0.002820306,-0.000547245,-0.002437544,0.001418627,-0.000547245,,novatel_oem7_msgs.msg.InertialSolutionStatus(status=3),
1786043671327641331,1786043671.326742643,/novatel/oem7/fix,/novatel/oem7/fix,/novatel/oem7/inspva,39.663,-75.756,-1.800487655,0.002820306,-0.000547245,-0.002437544,0.001418627,-0.000547245,,0,
1786043671328092493,1786043671.327208648,/novatel/oem7/odom,/novatel/oem7/fix,/novatel/oem7/odom,39.663,-75.756,-1.800487655,0.002820037,-0.000548625,0.001306380,-0.002499196,-0.000548625,,,
1786043671335212334,1786043671.334856677,/novatel/oem7/odom,/novatel/oem7/fix,/novatel/oem7/odom,39.663,-75.756,-1.800487655,0.002820037,-0.000548625,0.001306380,-0.002499196,-0.000548625,,,
1786043671345240758,1786043671.344921636,/novatel/oem7/inspva,/novatel/oem7/inspva,/novatel/oem7/inspva,39.663,-75.756,-1.800497135,0.002079511,-0.000229726,-0.001775697,0.001082249,-0.000229726,,novatel_oem7_msgs.msg.InertialSolutionStatus(status=3),
1786043671345878827,1786043671.345087774,/novatel/oem7/fix,/novatel/oem7/fix,/novatel/oem7/inspva,39.663,-75.756,-1.800497135,0.002079511,-0.000229726,-0.001775697,0.001082249,-0.000229726,,0,
1786043671346354864,1786043671.345441948,/novatel/oem7/odom,/novatel/oem7/fix,/novatel/oem7/odom,39.663,-75.756,-1.800497135,0.002079428,-0.000230474,0.000999765,-0.001823319,-0.000230474,,,
1786043671356398082,1786043671.355884954,/novatel/oem7/odom,/novatel/oem7/fix,/novatel/oem7/odom,39.663,-75.756,-1.800497135,0.002079428,-0.000230474,0.000999765,-0.001823319,-0.000230474,,,
1786043671365629422,1786043671.365276977,/novatel/oem7/inspva,/novatel/oem7/inspva,/novatel/oem7/inspva,39.663,-75.756,-1.800518738,0.000782756,-0.001093535,0.000534584,-0.000571775,-0.001093535,,novatel_oem7_msgs.msg.InertialSolutionStatus(status=3),
1786043671366265824,1786043671.365473005,/novatel/oem7/fix,/novatel/oem7/fix,/novatel/oem7/inspva,39.663,-75.756,-1.800518738,0.000782756,-0.001093535,0.000534584,-0.000571775,-0.001093535,,0,
1786043671366989701,1786043671.366065685,/novatel/oem7/odom,/novatel/oem7/fix,/novatel/oem7/odom,39.663,-75.756,-1.800518738,0.000781753,-0.001094252,-0.000542046,0.000563316,-0.001094252,,,
1786043671375406039,1786043671.375046809,/novatel/oem7/odom,/novatel/oem7/fix,/novatel/oem7/odom,39.663,-75.756,-1.800518738,0.000781753,-0.001094252,-0.000542046,0.000563316,-0.001094252,,,
1786043671386434674,1786043671.386103882,/novatel/oem7/inspva,/novatel/oem7/inspva,/novatel/oem7/inspva,39.663,-75.756,-1.800536334,0.000187541,-0.001273979,0.000161110,0.000095996,-0.001273979,,novatel_oem7_msgs.msg.InertialSolutionStatus(status=3),
1786043671387058611,1786043671.386261944,/novatel/oem7/fix,/novatel/oem7/fix,/novatel/oem7/inspva,39.663,-75.756,-1.800536334,0.000187541,-0.001273979,0.000161110,0.000095996,-0.001273979,,0,
1786043671387544012,1786043671.386706171,/novatel/oem7/odom,/novatel/oem7/fix,/novatel/oem7/odom,39.663,-75.756,-1.800536334,0.000193118,-0.001273145,0.000108411,0.000159818,-0.001273145,,,
1786043671395125231,1786043671.394629546,/novatel/oem7/odom,/novatel/oem7/fix,/novatel/oem7/odom,39.663,-75.756,-1.800536334,0.000193118,-0.001273145,0.000108411,0.000159818,-0.001273145,,,
1786043671406740448,1786043671.406394882,/novatel/oem7/inspva,/novatel/oem7/inspva,/novatel/oem7/inspva,39.663,-75.756,-1.800548585,0.001691695,-0.001729192,-0.001391772,0.000961667,-0.001729192,,novatel_oem7_msgs.msg.InertialSolutionStatus(status=3),
1786043671407428350,1786043671.406584554,/novatel/oem7/fix,/novatel/oem7/fix,/novatel/oem7/inspva,39.663,-75.756,-1.800548585,0.001691695,-0.001729192,-0.001391772,0.000961667,-0.001729192,,0,
1786043671407914642,1786043671.407061345,/novatel/oem7/odom,/novatel/oem7/fix,/novatel/oem7/odom,39.663,-75.756,-1.800548585,0.001691524,-0.001729359,0.000903054,-0.001430296,-0.001729359,,,
1786043671410645821,1786043671.410166096,/novatel/oem7/bestpos,/novatel/oem7/bestpos,/novatel/oem7/odom,39.663,-75.756,33.181741252,0.001691524,-0.001729359,0.000903054,-0.001430296,-0.001729359,,novatel_oem7_msgs.msg.SolutionStatus(status=0),novatel_oem7_msgs.msg.PositionOrVelocityType(type=53)
1786043671411304610,1786043671.410568287,/novatel/oem7/bestvel,/novatel/oem7/bestpos,/novatel/oem7/bestvel,39.663,-75.756,33.181741252,0.001705877,-0.001819480,,,,141.252884244,novatel_oem7_msgs.msg.SolutionStatus(status=0),novatel_oem7_msgs.msg.PositionOrVelocityType(type=53)
1786043671415918855,1786043671.415572383,/novatel/oem7/odom,/novatel/oem7/bestpos,/novatel/oem7/odom,39.663,-75.756,33.181741252,0.001691524,-0.001729359,0.000903054,-0.001430296,-0.001729359,,,
1786043671425517835,1786043671.425013379,/novatel/oem7/inspva,/novatel/oem7/inspva,/novatel/oem7/inspva,39.663,-75.756,-1.800550343,0.001407251,-0.000915735,-0.001071200,0.000912627,-0.000915735,,novatel_oem7_msgs.msg.InertialSolutionStatus(status=3),
1786043671426106226,1786043671.425184064,/novatel/oem7/fix,/novatel/oem7/fix,/novatel/oem7/inspva,39.663,-75.756,-1.800550343,0.001407251,-0.000915735,-0.001071200,0.000912627,-0.000915735,,0,
1786043671426575355,1786043671.425596495,/novatel/oem7/odom,/novatel/oem7/fix,/novatel/oem7/odom,39.663,-75.756,-1.800550343,0.001407606,-0.000915190,0.000865681,-0.001109933,-0.000915190,,,
1786043671434953895,1786043671.434444926,/novatel/oem7/odom,/novatel/oem7/fix,/novatel/oem7/odom,39.663,-75.756,-1.800550343,0.001407606,-0.000915190,0.000865681,-0.001109933,-0.000915190,,,
1786043671447004664,1786043671.446595872,/novatel/oem7/inspva,/novatel/oem7/inspva,/novatel/oem7/inspva,39.663,-75.756,-1.800562575,0.000567438,-0.000306353,0.000383343,0.000418370,-0.000306353,,novatel_oem7_msgs.msg.InertialSolutionStatus(status=3),
1786043671447670833,1786043671.446762944,/novatel/oem7/fix,/novatel/oem7/fix,/novatel/oem7/inspva,39.663,-75.756,-1.800562575,0.000567438,-0.000306353,0.000383343,0.000418370,-0.000306353,,0,
1786043671448154434,1786043671.447211665,/novatel/oem7/odom,/novatel/oem7/fix,/novatel/oem7/odom,39.663,-75.756,-1.800562575,0.000568880,-0.000303666,0.000436896,0.000364344,-0.000303666,,,
1786043671456861514,1786043671.456374915,/novatel/oem7/odom,/novatel/oem7/fix,/novatel/oem7/odom,39.663,-75.756,-1.800562575,0.000568880,-0.000303666,0.000436896,0.000364344,-0.000303666,,,
1786043671465258402,1786043671.464955663,/novatel/oem7/inspva,/novatel/oem7/inspva,/novatel/oem7/inspva,39.663,-75.756,-1.800582355,0.000888020,-0.000705718,0.000378582,0.000803278,-0.000705718,,novatel_oem7_msgs.msg.InertialSolutionStatus(status=3),
1786043671465896416,1786043671.465118255,/novatel/oem7/fix,/novatel/oem7/fix,/novatel/oem7/inspva,39.663,-75.756,-1.800582355,0.000888020,-0.000705718,0.000378582,0.000803278,-0.000705718,,0,
1786043671466352428,1786043671.465619120,/novatel/oem7/odom,/novatel/oem7/fix,/novatel/oem7/odom,39.663,-75.756,-1.800582355,0.000891306,-0.000701563,0.000822748,0.000342800,-0.000701563,,,
1786043671475783524,1786043671.475442207,/novatel/oem7/odom,/novatel/oem7/fix,/novatel/oem7/odom,39.663,-75.756,-1.800582355,0.000891306,-0.000701563,0.000822748,0.000342800,-0.000701563,,,
1786043671485596695,1786043671.485264554,/novatel/oem7/inspva,/novatel/oem7/inspva,/novatel/oem7/inspva,39.663,-75.756,-1.800607958,0.001004649,-0.002433553,-0.000491476,0.000876226,-0.002433553,,novatel_oem7_msgs.msg.InertialSolutionStatus(status=3),
1786043671486194155,1786043671.485485933,/novatel/oem7/fix,/novatel/oem7/fix,/novatel/oem7/inspva,39.663,-75.756,-1.800607958,0.001004649,-0.002433553,-0.000491476,0.000876226,-0.002433553,,0,
1786043671487088337,1786043671.486129269,/novatel/oem7/odom,/novatel/oem7/fix,/novatel/oem7/odom,39.663,-75.756,-1.800607958,0.001009539,-0.002431529,0.000862180,-0.000525180,-0.002431529,,,
1786043671495337352,1786043671.494988850,/novatel/oem7/odom,/novatel/oem7/fix,/novatel/oem7/odom,39.663,-75.756,-1.800607958,0.001009539,-0.002431529,0.000862180,-0.000525180,-0.002431529,,,
1786043671506444163,1786043671.506115039,/novatel/oem7/inspva,/novatel/oem7/inspva,/novatel/oem7/inspva,39.663,-75.756,-1.800612302,0.000604493,-0.002108206,-0.000583793,0.000156835,-0.002108206,,novatel_oem7_msgs.msg.InertialSolutionStatus(status=3),
1786043671507093873,1786043671.506288091,/novatel/oem7/fix,/novatel/oem7/fix,/novatel/oem7/inspva,39.663,-75.756,-1.800612302,0.000604493,-0.002108206,-0.000583793,0.000156835,-0.002108206,,0,
1786043671507589974,1786043671.506691878,/novatel/oem7/odom,/novatel/oem7/fix,/novatel/oem7/odom,39.663,-75.756,-1.800612302,0.000601023,-0.002109198,0.000137972,-0.000584972,-0.002109198,,,
1786043671511488284,1786043671.511163536,/novatel/oem7/bestpos,/novatel/oem7/bestpos,/novatel/oem7/odom,39.663,-75.756,33.181701819,0.000601023,-0.002109198,0.000137972,-0.000584972,-0.002109198,,novatel_oem7_msgs.msg.SolutionStatus(status=0),novatel_oem7_msgs.msg.PositionOrVelocityType(type=53)
1786043671512158077,1786043671.511617160,/novatel/oem7/bestvel,/novatel/oem7/bestpos,/novatel/oem7/bestvel,39.663,-75.756,33.181701819,0.002080789,-0.000779282,,,,210.873539551,novatel_oem7_msgs.msg.SolutionStatus(status=0),novatel_oem7_msgs.msg.PositionOrVelocityType(type=53)
1786043671515189608,1786043671.514835198,/novatel/oem7/odom,/novatel/oem7/bestpos,/novatel/oem7/odom,39.663,-75.756,33.181701819,0.000601023,-0.002109198,0.000137972,-0.000584972,-0.002109198,,,
1786043671525596717,1786043671.525179224,/novatel/oem7/inspva,/novatel/oem7/inspva,/novatel/oem7/inspva,39.663,-75.756,-1.800619091,0.000938138,0.000032363,0.000016678,0.000937989,0.000032363,,novatel_oem7_msgs.msg.InertialSolutionStatus(status=3),
1786043671526215786,1786043671.525346356,/novatel/oem7/fix,/novatel/oem7/fix,/novatel/oem7/inspva,39.663,-75.756,-1.800619091,0.000938138,0.000032363,0.000016678,0.000937989,0.000032363,,0,
1786043671526690535,1786043671.525829541,/novatel/oem7/odom,/novatel/oem7/fix,/novatel/oem7/odom,39.663,-75.756,-1.800619091,0.000938003,0.000036043,0.000937618,-0.000026889,0.000036043,,,
1786043671535954051,1786043671.535438305,/novatel/oem7/odom,/novatel/oem7/fix,/novatel/oem7/odom,39.663,-75.756,-1.800619091,0.000938003,0.000036043,0.000937618,-0.000026889,0.000036043,,,
1786043671545303694,1786043671.544993743,/novatel/oem7/inspva,/novatel/oem7/inspva,/novatel/oem7/inspva,39.663,-75.756,-1.800649541,0.000899617,-0.000596356,0.000151457,0.000886776,-0.000596356,,novatel_oem7_msgs.msg.InertialSolutionStatus(status=3),
1786043671545950547,1786043671.545153131,/novatel/oem7/fix,/novatel/oem7/fix,/novatel/oem7/inspva,39.663,-75.756,-1.800649541,0.000899617,-0.000596356,0.000151457,0.000886776,-0.000596356,,0,
1786043671546437696,1786043671.545612306,/novatel/oem7/odom,/novatel/oem7/fix,/novatel/oem7/odom,39.663,-75.756,-1.800649541,0.000902163,-0.000592497,0.000895216,0.000111744,-0.000592497,,,
1786043671556058069,1786043671.555685991,/novatel/oem7/odom,/novatel/oem7/fix,/novatel/oem7/odom,39.663,-75.756,-1.800649541,0.000902163,-0.000592497,0.000895216,0.000111744,-0.000592497,,,
1786043671567009232,1786043671.566688484,/novatel/oem7/inspva,/novatel/oem7/inspva,/novatel/oem7/inspva,39.663,-75.756,-1.800680499,0.000885573,-0.002269465,0.000880979,0.000090089,-0.002269465,,novatel_oem7_msgs.msg.InertialSolutionStatus(status=3),
1786043671567702622,1786043671.566858605,/novatel/oem7/fix,/novatel/oem7/fix,/novatel/oem7/inspva,39.663,-75.756,-1.800680499,0.000885573,-0.002269465,0.000880979,0.000090089,-0.002269465,,0,
1786043671568190805,1786043671.567326916,/novatel/oem7/odom,/novatel/oem7/fix,/novatel/oem7/odom,39.663,-75.756,-1.800680499,0.000892737,-0.002266656,0.000139780,0.000881726,-0.002266656,,,
1786043671575487214,1786043671.575126263,/novatel/oem7/odom,/novatel/oem7/fix,/novatel/oem7/odom,39.663,-75.756,-1.800680499,0.000892737,-0.002266656,0.000139780,0.000881726,-0.002266656,,,
1786043671585516068,1786043671.585204043,/novatel/oem7/inspva,/novatel/oem7/inspva,/novatel/oem7/inspva,39.663,-75.756,-1.800692399,0.000306304,-0.002334304,0.000245282,0.000183463,-0.002334304,,novatel_oem7_msgs.msg.InertialSolutionStatus(status=3),
1786043671586106513,1786043671.585362151,/novatel/oem7/fix,/novatel/oem7/fix,/novatel/oem7/inspva,39.663,-75.756,-1.800692399,0.000306304,-0.002334304,0.000245282,0.000183463,-0.002334304,,0,
1786043671586558782,1786043671.585801738,/novatel/oem7/odom,/novatel/oem7/fix,/novatel/oem7/odom,39.663,-75.756,-1.800692399,0.000316865,-0.002332894,0.000203867,0.000242573,-0.002332894,,,
1786043671595941588,1786043671.595598755,/novatel/oem7/odom,/novatel/oem7/fix,/novatel/oem7/odom,39.663,-75.756,-1.800692399,0.000316865,-0.002332894,0.000203867,0.000242573,-0.002332894,,,
1786043671607267790,1786043671.606649468,/novatel/oem7/inspva,/novatel/oem7/inspva,/novatel/oem7/inspva,39.663,-75.756,-1.800695591,0.001812948,-0.000114938,-0.000930833,0.001555741,-0.000114938,,novatel_oem7_msgs.msg.InertialSolutionStatus(status=3),
1786043671608650904,1786043671.606814956,/novatel/oem7/fix,/novatel/oem7/fix,/novatel/oem7/inspva,39.663,-75.756,-1.800695591,0.001812948,-0.000114938,-0.000930833,0.001555741,-0.000114938,,0,
1786043671609718851,1786043671.607680544,/novatel/oem7/odom,/novatel/oem7/fix,/novatel/oem7/odom,39.663,-75.756,-1.800695591,0.001813161,-0.000111541,0.001511405,-0.001001602,-0.000111541,,,
1786043671611258870,1786043671.610199979,/novatel/oem7/bestpos,/novatel/oem7/bestpos,/novatel/oem7/odom,39.663,-75.756,33.181596427,0.001813161,-0.000111541,0.001511405,-0.001001602,-0.000111541,,novatel_oem7_msgs.msg.SolutionStatus(status=0),novatel_oem7_msgs.msg.PositionOrVelocityType(type=53)
1786043671612166592,1786043671.610538156,/novatel/oem7/bestvel,/novatel/oem7/bestpos,/novatel/oem7/bestvel,39.663,-75.756,33.181596427,0.001909109,-0.000539905,,,,103.997964520,novatel_oem7_msgs.msg.SolutionStatus(status=0),novatel_oem7_msgs.msg.PositionOrVelocityType(type=53)
1786043671615456981,1786043671.614749644,/novatel/oem7/odom,/novatel/oem7/bestpos,/novatel/oem7/odom,39.663,-75.756,33.181596427,0.001813161,-0.000111541,0.001511405,-0.001001602,-0.000111541,,,
1786043671626875930,1786043671.626266735,/novatel/oem7/inspva,/novatel/oem7/inspva,/novatel/oem7/inspva,39.663,-75.756,-1.800716517,0.001753060,0.000251329,-0.000503683,0.001679144,0.000251329,,novatel_oem7_msgs.msg.InertialSolutionStatus(status=3),
1786043671628245071,1786043671.626351460,/novatel/oem7/fix,/novatel/oem7/fix,/novatel/oem7/inspva,39.663,-75.756,-1.800716517,0.001753060,0.000251329,-0.000503683,0.001679144,0.000251329,,0,
1786043671629284491,1786043671.626856300,/novatel/oem7/odom,/novatel/oem7/fix,/novatel/oem7/odom,39.663,-75.756,-1.800716517,0.001752330,0.000256370,0.001652997,-0.000581602,0.000256370,,,
1786043671635501526,1786043671.634798796,/novatel/oem7/odom,/novatel/oem7/fix,/novatel/oem7/odom,39.663,-75.756,-1.800716517,0.001752330,0.000256370,0.001652997,-0.000581602,0.000256370,,,
1786043671645949556,1786043671.645354220,/novatel/oem7/inspva,/novatel/oem7/inspva,/novatel/oem7/inspva,39.663,-75.756,-1.800750311,0.001436777,-0.002106847,0.001429396,0.000145450,-0.002106847,,novatel_oem7_msgs.msg.InertialSolutionStatus(status=3),
1786043671647358126,1786043671.645527714,/novatel/oem7/fix,/novatel/oem7/fix,/novatel/oem7/inspva,39.663,-75.756,-1.800750311,0.001436777,-0.002106847,0.001429396,0.000145450,-0.002106847,,0,
1786043671648405826,1786043671.646133644,/novatel/oem7/odom,/novatel/oem7/fix,/novatel/oem7/odom,39.663,-75.756,-1.800750311,0.001443445,-0.002102284,0.000219876,0.001426600,-0.002102284,,,
1786043671657349754,1786043671.656632561,/novatel/oem7/odom,/novatel/oem7/fix,/novatel/oem7/odom,39.663,-75.756,-1.800750311,0.001443445,-0.002102284,0.000219876,0.001426600,-0.002102284,,,
1786043671666069957,1786043671.665450408,/novatel/oem7/inspva,/novatel/oem7/inspva,/novatel/oem7/inspva,39.663,-75.756,-1.800759282,0.000795860,-0.001993720,0.000788216,-0.000110043,-0.001993720,,novatel_oem7_msgs.msg.InertialSolutionStatus(status=3),
1786043671667449761,1786043671.665629750,/novatel/oem7/fix,/novatel/oem7/fix,/novatel/oem7/inspva,39.663,-75.756,-1.800759282,0.000795860,-0.001993720,0.000788216,-0.000110043,-0.001993720,,0,
1786043671668513108,1786043671.665997049,/novatel/oem7/odom,/novatel/oem7/fix,/novatel/oem7/odom,39.663,-75.756,-1.800759282,0.000800345,-0.001991924,-0.000065551,0.000797656,-0.001991924,,,
1786043671675257358,1786043671.674578551,/novatel/oem7/odom,/novatel/oem7/fix,/novatel/oem7/odom,39.663,-75.756,-1.800759282,0.000800345,-0.001991924,-0.000065551,0.000797656,-0.001991924,,,
1786043671689002180,1786043671.687295150,/novatel/oem7/inspva,/novatel/oem7/inspva,/novatel/oem7/inspva,39.663,-75.756,-1.800758859,0.002900376,-0.000197087,-0.001015548,0.002716771,-0.000197087,,novatel_oem7_msgs.msg.InertialSolutionStatus(status=3),
1786043671690292869,1786043671.687553862,/novatel/oem7/fix,/novatel/oem7/fix,/novatel/oem7/inspva,39.663,-75.756,-1.800758859,0.002900376,-0.000197087,-0.001015548,0.002716771,-0.000197087,,0,
1786043671691325439,1786043671.688746158,/novatel/oem7/odom,/novatel/oem7/fix,/novatel/oem7/odom,39.663,-75.756,-1.800758859,0.002900877,-0.000189570,0.002667590,-0.001139760,-0.000189570,,,
1786043671695921909,1786043671.695229962,/novatel/oem7/odom,/novatel/oem7/fix,/novatel/oem7/odom,39.663,-75.756,-1.800758859,0.002900877,-0.000189570,0.002667590,-0.001139760,-0.000189570,,,
1786043671706543490,1786043671.705915807,/novatel/oem7/inspva,/novatel/oem7/inspva,/novatel/oem7/inspva,39.663,-75.756,-1.800774798,0.001952902,0.000186656,-0.001201462,0.001539583,0.000186656,,novatel_oem7_msgs.msg.InertialSolutionStatus(status=3),
1786043671707889230,1786043671.706081625,/novatel/oem7/fix,/novatel/oem7/fix,/novatel/oem7/inspva,39.663,-75.756,-1.800774798,0.001952902,0.000186656,-0.001201462,0.001539583,0.000186656,,0,
1786043671708976537,1786043671.706458206,/novatel/oem7/odom,/novatel/oem7/fix,/novatel/oem7/odom,39.663,-75.756,-1.800774798,0.001952654,0.000189231,0.001481533,-0.001271974,0.000189231,,,
1786043671710536383,1786043671.709615317,/novatel/oem7/bestpos,/novatel/oem7/bestpos,/novatel/oem7/odom,39.663,-75.756,33.181504556,0.001952654,0.000189231,0.001481533,-0.001271974,0.000189231,,novatel_oem7_msgs.msg.SolutionStatus(status=0),novatel_oem7_msgs.msg.PositionOrVelocityType(type=53)
1786043671711926059,1786043671.710320211,/novatel/oem7/bestvel,/novatel/oem7/bestpos,/novatel/oem7/bestvel,39.663,-75.756,33.181504556,0.002873136,-0.000600955,,,,108.286801155,novatel_oem7_msgs.msg.SolutionStatus(status=0),novatel_oem7_msgs.msg.PositionOrVelocityType(type=53)
1786043671716269229,1786043671.715603299,/novatel/oem7/odom,/novatel/oem7/bestpos,/novatel/oem7/odom,39.663,-75.756,33.181504556,0.001952654,0.000189231,0.001481533,-0.001271974,0.000189231,,,
1786043671726055952,1786043671.725501358,/novatel/oem7/inspva,/novatel/oem7/inspva,/novatel/oem7/inspva,39.663,-75.756,-1.800808279,0.000941856,-0.001711653,0.000896875,0.000287590,-0.001711653,,novatel_oem7_msgs.msg.InertialSolutionStatus(status=3),
1786043671727492076,1786043671.725580540,/novatel/oem7/fix,/novatel/oem7/fix,/novatel/oem7/inspva,39.663,-75.756,-1.800808279,0.000941856,-0.001711653,0.000896875,0.000287590,-0.001711653,,0,
1786043671728539723,1786043671.726619088,/novatel/oem7/odom,/novatel/oem7/fix,/novatel/oem7/odom,39.663,-75.756,-1.800808279,0.000948428,-0.001708021,0.000335598,0.000887068,-0.001708021,,,
1786043671735728661,1786043671.735018097,/novatel/oem7/odom,/novatel/oem7/fix,/novatel/oem7/odom,39.663,-75.756,-1.800808279,0.000948428,-0.001708021,0.000335598,0.000887068,-0.001708021,,,
1786043671746694069,1786043671.746100297,/novatel/oem7/inspva,/novatel/oem7/inspva,/novatel/oem7/inspva,39.663,-75.756,-1.800819962,0.000479863,-0.001705855,0.000307085,0.000368738,-0.001705855,,novatel_oem7_msgs.msg.InertialSolutionStatus(status=3),
1786043671748017645,1786043671.746254241,/novatel/oem7/fix,/novatel/oem7/fix,/novatel/oem7/inspva,39.663,-75.756,-1.800819962,0.000479863,-0.001705855,0.000307085,0.000368738,-0.001705855,,0,
1786043671749035942,1786043671.746700063,/novatel/oem7/odom,/novatel/oem7/fix,/novatel/oem7/odom,39.663,-75.756,-1.800819962,0.000487954,-0.001703558,0.000389353,0.000294115,-0.001703558,,,
1786043671756557697,1786043671.755867110,/novatel/oem7/odom,/novatel/oem7/fix,/novatel/oem7/odom,39.663,-75.756,-1.800819962,0.000487954,-0.001703558,0.000389353,0.000294115,-0.001703558,,,
1786043671765918845,1786043671.765350393,/novatel/oem7/inspva,/novatel/oem7/inspva,/novatel/oem7/inspva,39.663,-75.756,-1.800826848,0.001825816,-0.000886943,-0.001103378,0.001454703,-0.000886943,,novatel_oem7_msgs.msg.InertialSolutionStatus(status=3),
1786043671767305553,1786043671.765522565,/novatel/oem7/fix,/novatel/oem7/fix,/novatel/oem7/inspva,39.663,-75.756,-1.800826848,0.001825816,-0.000886943,-0.001103378,0.001454703,-0.000886943,,0,
1786043671768359279,1786043671.766088846,/novatel/oem7/odom,/novatel/oem7/fix,/novatel/oem7/odom,39.663,-75.756,-1.800826848,0.001827037,-0.000884426,0.001405555,-0.001167253,-0.000884426,,,
1786043671776145686,1786043671.775465759,/novatel/oem7/odom,/novatel/oem7/fix,/novatel/oem7/odom,39.663,-75.756,-1.800826848,0.001827037,-0.000884426,0.001405555,-0.001167253,-0.000884426,,,
1786043671786212522,1786043671.785075454,/novatel/oem7/inspva,/novatel/oem7/inspva,/novatel/oem7/inspva,39.663,-75.756,-1.800839186,0.002481586,-0.000406118,-0.001089748,0.002229510,-0.000406118,,novatel_oem7_msgs.msg.InertialSolutionStatus(status=3),
1786043671787685674,1786043671.785329100,/novatel/oem7/fix,/novatel/oem7/fix,/novatel/oem7/inspva,39.663,-75.756,-1.800839186,0.002481586,-0.000406118,-0.001089748,0.002229510,-0.000406118,,0,
1786043671788877575,1786043671.785697200,/novatel/oem7/odom,/novatel/oem7/fix,/novatel/oem7/odom,39.663,-75.756,-1.800839186,0.002482482,-0.000400603,0.002178230,-0.001190811,-0.000400603,,,
1786043671795190964,1786043671.794547698,/novatel/oem7/odom,/novatel/oem7/fix,/novatel/oem7/odom,39.663,-75.756,-1.800839186,0.002482482,-0.000400603,0.002178230,-0.001190811,-0.000400603,,,
1786043671807372198,1786043671.806831976,/novatel/oem7/inspva,/novatel/oem7/inspva,/novatel/oem7/inspva,39.663,-75.756,-1.800859693,0.001382505,-0.000438779,0.000815958,0.001116034,-0.000438779,,novatel_oem7_msgs.msg.InertialSolutionStatus(status=3),
1786043671808760838,1786043671.806992387,/novatel/oem7/fix,/novatel/oem7/fix,/novatel/oem7/inspva,39.663,-75.756,-1.800859693,0.001382505,-0.000438779,0.000815958,0.001116034,-0.000438779,,0,
1786043671809869859,1786043671.807661197,/novatel/oem7/odom,/novatel/oem7/fix,/novatel/oem7/odom,39.663,-75.756,-1.800859693,0.001384595,-0.000432139,0.001154395,0.000764510,-0.000432139,,,
1786043671811400061,1786043671.810240109,/novatel/oem7/bestpos,/novatel/oem7/bestpos,/novatel/oem7/odom,39.663,-75.756,33.181418936,0.001384595,-0.000432139,0.001154395,0.000764510,-0.000432139,,novatel_oem7_msgs.msg.SolutionStatus(status=0),novatel_oem7_msgs.msg.PositionOrVelocityType(type=53)
1786043671812335170,1786043671.810723857,/novatel/oem7/bestvel,/novatel/oem7/bestpos,/novatel/oem7/bestvel,39.663,-75.756,33.181418936,0.002842239,-0.001298532,,,,71.797748638,novatel_oem7_msgs.msg.SolutionStatus(status=0),novatel_oem7_msgs.msg.PositionOrVelocityType(type=53)
1786043671815831018,1786043671.815157491,/novatel/oem7/odom,/novatel/oem7/bestpos,/novatel/oem7/odom,39.663,-75.756,33.181418936,0.001384595,-0.000432139,0.001154395,0.000764510,-0.000432139,,,
1786043671825480266,1786043671.824926233,/novatel/oem7/inspva,/novatel/oem7/inspva,/novatel/oem7/inspva,39.663,-75.756,-1.800880912,0.000984494,-0.001254198,0.000901637,0.000395321,-0.001254198,,novatel_oem7_msgs.msg.InertialSolutionStatus(status=3),
1786043671826868663,1786043671.825003467,/novatel/oem7/fix,/novatel/oem7/fix,/novatel/oem7/inspva,39.663,-75.756,-1.800880912,0.000984494,-0.001254198,0.000901637,0.000395321,-0.001254198,,0,
1786043671827967794,1786043671.825393462,/novatel/oem7/odom,/novatel/oem7/fix,/novatel/oem7/odom,39.663,-75.756,-1.800880912,0.000989648,-0.001250135,0.000441663,0.000885629,-0.001250135,,,
1786043671836009760,1786043671.835317160,/novatel/oem7/odom,/novatel/oem7/fix,/novatel/oem7/odom,39.663,-75.756,-1.800880912,0.000989648,-0.001250135,0.000441663,0.000885629,-0.001250135,,,
1786043671845809387,1786043671.845255558,/novatel/oem7/inspva,/novatel/oem7/inspva,/novatel/oem7/inspva,39.663,-75.756,-1.800894200,0.001979123,-0.001429715,-0.000778761,0.001819467,-0.001429715,,novatel_oem7_msgs.msg.InertialSolutionStatus(status=3),
1786043671847169664,1786043671.845401409,/novatel/oem7/fix,/novatel/oem7/fix,/novatel/oem7/inspva,39.663,-75.756,-1.800894200,0.001979123,-0.001429715,-0.000778761,0.001819467,-0.001429715,,0,
1786043671848231761,1786043671.846037282,/novatel/oem7/odom,/novatel/oem7/fix,/novatel/oem7/odom,39.663,-75.756,-1.800894200,0.001982572,-0.001424929,0.001787067,-0.000858479,-0.001424929,,,
1786043671857058084,1786043671.856362771,/novatel/oem7/odom,/novatel/oem7/fix,/novatel/oem7/odom,39.663,-75.756,-1.800894200,0.001982572,-0.001424929,0.001787067,-0.000858479,-0.001424929,,,
1786043671866639286,1786043671.866039040,/novatel/oem7/inspva,/novatel/oem7/inspva,/novatel/oem7/inspva,39.663,-75.756,-1.800903142,0.001963838,-0.000863138,-0.000943501,0.001722343,-0.000863138,,novatel_oem7_msgs.msg.InertialSolutionStatus(status=3),
1786043671868011256,1786043671.866202328,/novatel/oem7/fix,/novatel/oem7/fix,/novatel/oem7/inspva,39.663,-75.756,-1.800903142,0.001963838,-0.000863138,-0.000943501,0.001722343,-0.000863138,,0,
1786043671869112280,1786043671.866529010,/novatel/oem7/odom,/novatel/oem7/fix,/novatel/oem7/odom,39.663,-75.756,-1.800903142,0.001965590,-0.000859142,0.001680216,-0.001020007,-0.000859142,,,
1786043671875213547,1786043671.874543004,/novatel/oem7/odom,/novatel/oem7/fix,/novatel/oem7/odom,39.663,-75.756,-1.800903142,0.001965590,-0.000859142,0.001680216,-0.001020007,-0.000859142,,,
1786043671886740644,1786043671.886197955,/novatel/oem7/inspva,/novatel/oem7/inspva,/novatel/oem7/inspva,39.663,-75.756,-1.800911385,0.002004184,0.000131669,0.000322741,0.001978027,0.000131669,,novatel_oem7_msgs.msg.InertialSolutionStatus(status=3),
1786043671888082767,1786043671.886279065,/novatel/oem7/fix,/novatel/oem7/fix,/novatel/oem7/inspva,39.663,-75.756,-1.800911385,0.002004184,0.000131669,0.000322741,0.001978027,0.000131669,,0,
1786043671889254546,1786043671.886749074,/novatel/oem7/odom,/novatel/oem7/fix,/novatel/oem7/odom,39.663,-75.756,-1.800911385,0.002003604,0.000140211,0.001990314,0.000230392,0.000140211,,,
1786043671896065959,1786043671.895411722,/novatel/oem7/odom,/novatel/oem7/fix,/novatel/oem7/odom,39.663,-75.756,-1.800911385,0.002003604,0.000140211,0.001990314,0.000230392,0.000140211,,,
1786043671906379414,1786043671.905867669,/novatel/oem7/inspva,/novatel/oem7/inspva,/novatel/oem7/inspva,39.663,-75.756,-1.800933507,0.001533197,-0.000628789,0.000668778,0.001379648,-0.000628789,,novatel_oem7_msgs.msg.InertialSolutionStatus(status=3),
1786043671907758748,1786043671.905970795,/novatel/oem7/fix,/novatel/oem7/fix,/novatel/oem7/inspva,39.663,-75.756,-1.800933507,0.001533197,-0.000628789,0.000668778,0.001379648,-0.000628789,,0,
1786043671908802982,1786043671.906532276,/novatel/oem7/odom,/novatel/oem7/fix,/novatel/oem7/odom,39.663,-75.756,-1.800933507,0.001536153,-0.000621532,0.001411656,0.000605801,-0.000621532,,,
1786043671910345160,1786043671.909547766,/novatel/oem7/bestpos,/novatel/oem7/bestpos,/novatel/oem7/odom,39.663,-75.756,33.181338814,0.001536153,-0.000621532,0.001411656,0.000605801,-0.000621532,,novatel_oem7_msgs.msg.SolutionStatus(status=0),novatel_oem7_msgs.msg.PositionOrVelocityType(type=53)
1786043671911793844,1786043671.910108258,/novatel/oem7/bestvel,/novatel/oem7/bestpos,/novatel/oem7/bestvel,39.663,-75.756,33.181338814,0.002749187,-0.001430142,,,,68.708201075,novatel_oem7_msgs.msg.SolutionStatus(status=0),novatel_oem7_msgs.msg.PositionOrVelocityType(type=53)
1786043671915069270,1786043671.914431694,/novatel/oem7/odom,/novatel/oem7/bestpos,/novatel/oem7/odom,39.663,-75.756,33.181338814,0.001536153,-0.000621532,0.001411656,0.000605801,-0.000621532,,,
1786043671925692478,1786043671.925182510,/novatel/oem7/inspva,/novatel/oem7/inspva,/novatel/oem7/inspva,39.663,-75.756,-1.800958190,0.001310003,-0.002126994,-0.000462947,0.001225475,-0.002126994,,novatel_oem7_msgs.msg.InertialSolutionStatus(status=3),
1786043671927099739,1786043671.925252572,/novatel/oem7/fix,/novatel/oem7/fix,/novatel/oem7/inspva,39.663,-75.756,-1.800958190,0.001310003,-0.002126994,-0.000462947,0.001225475,-0.002126994,,0,
1786043671928193963,1786043671.925915683,/novatel/oem7/odom,/novatel/oem7/fix,/novatel/oem7/odom,39.663,-75.756,-1.800958190,0.001315507,-0.002123594,0.001211108,-0.000513591,-0.002123594,,,
1786043671935627389,1786043671.934972156,/novatel/oem7/odom,/novatel/oem7/fix,/novatel/oem7/odom,39.663,-75.756,-1.800958190,0.001315507,-0.002123594,0.001211108,-0.000513591,-0.002123594,,,
1786043671945408219,1786043671.944929888,/novatel/oem7/inspva,/novatel/oem7/inspva,/novatel/oem7/inspva,39.663,-75.756,-1.800957779,0.002529934,-0.001009533,-0.000474066,0.002485121,-0.001009533,,novatel_oem7_msgs.msg.InertialSolutionStatus(status=3),
1786043671946949165,1786043671.945067982,/novatel/oem7/fix,/novatel/oem7/fix,/novatel/oem7/inspva,39.663,-75.756,-1.800957779,0.002529934,-0.001009533,-0.000474066,0.002485121,-0.001009533,,0,
1786043671948319715,1786043671.945373282,/novatel/oem7/odom,/novatel/oem7/fix,/novatel/oem7/odom,39.663,-75.756,-1.800957779,0.002533185,-0.001001347,0.002464471,-0.000586011,-0.001001347,,,
1786043671956391398,1786043671.955743055,/novatel/oem7/odom,/novatel/oem7/fix,/novatel/oem7/odom,39.663,-75.756,-1.800957779,0.002533185,-0.001001347,0.002464471,-0.000586011,-0.001001347,,,
1786043671967131820,1786043671.966655599,/novatel/oem7/inspva,/novatel/oem7/inspva,/novatel/oem7/inspva,39.663,-75.756,-1.800959368,0.002432855,0.000367270,-0.000603606,0.002356786,0.000367270,,novatel_oem7_msgs.msg.InertialSolutionStatus(status=3),
1786043671968558311,1786043671.966803807,/novatel/oem7/fix,/novatel/oem7/fix,/novatel/oem7/inspva,39.663,-75.756,-1.800959368,0.002432855,0.000367270,-0.000603606,0.002356786,0.000367270,,0,
1786043671969678085,1786043671.967242891,/novatel/oem7/odom,/novatel/oem7/fix,/novatel/oem7/odom,39.663,-75.756,-1.800959368,0.002431713,0.000374755,0.002324799,-0.000713116,0.000374755,,,
1786043671975653704,1786043671.974962494,/novatel/oem7/odom,/novatel/oem7/fix,/novatel/oem7/odom,39.663,-75.756,-1.800959368,0.002431713,0.000374755,0.002324799,-0.000713116,0.000374755,,,
1786043671985458235,1786043671.984948706,/novatel/oem7/inspva,/novatel/oem7/inspva,/novatel/oem7/inspva,39.663,-75.756,-1.800980079,0.002945709,-0.000407714,0.000244585,0.002935537,-0.000407714,,novatel_oem7_msgs.msg.InertialSolutionStatus(status=3),
1786043671986837428,1786043671.985017475,/novatel/oem7/fix,/novatel/oem7/fix,/novatel/oem7/inspva,39.663,-75.756,-1.800980079,0.002945709,-0.000407714,0.000244585,0.002935537,-0.000407714,,0,
1786043671987927129,1786043671.985436857,/novatel/oem7/odom,/novatel/oem7/fix,/novatel/oem7/odom,39.663,-75.756,-1.800980079,0.002947347,-0.000395700,0.002945316,0.000109401,-0.000395700,,,
1786043671995161427,1786043671.994547084,/novatel/oem7/odom,/novatel/oem7/fix,/novatel/oem7/odom,39.663,-75.756,-1.800980079,0.002947347,-0.000395700,0.002945316,0.000109401,-0.000395700,,,
1786043672008751794,1786043672.008276446,/novatel/oem7/inspva,/novatel/oem7/inspva,/novatel/oem7/inspva,39.663,-75.756,-1.801009723,0.002217304,-0.002278765,-0.000230725,0.002205267,-0.002278765,,novatel_oem7_msgs.msg.InertialSolutionStatus(status=3),
1786043672010079604,1786043672.008341063,/novatel/oem7/fix,/novatel/oem7/fix,/novatel/oem7/inspva,39.663,-75.756,-1.801009723,0.002217304,-0.002278765,-0.000230725,0.002205267,-0.002278765,,0,
1786043672012482874,1786043672.011654993,/novatel/oem7/odom,/novatel/oem7/fix,/novatel/oem7/odom,39.663,-75.756,-1.801009723,0.002225359,-0.002270899,0.002201258,-0.000326627,-0.002270899,,,
1786043672016779510,1786043672.016113137,/novatel/oem7/odom,/novatel/oem7/fix,/novatel/oem7/odom,39.663,-75.756,-1.801009723,0.002225359,-0.002270899,0.002201258,-0.000326627,-0.002270899,,,
1786043672026803956,1786043672.026139649,/novatel/oem7/bestpos,/novatel/oem7/bestpos,/novatel/oem7/odom,39.663,-75.756,33.181280200,0.002225359,-0.002270899,0.002201258,-0.000326627,-0.002270899,,novatel_oem7_msgs.msg.SolutionStatus(status=0),novatel_oem7_msgs.msg.PositionOrVelocityType(type=53)
1786043672028346021,1786043672.026596470,/novatel/oem7/bestvel,/novatel/oem7/bestpos,/novatel/oem7/bestvel,39.663,-75.756,33.181280200,0.002076157,-0.002019904,,,,104.120358162,novatel_oem7_msgs.msg.SolutionStatus(status=0),novatel_oem7_msgs.msg.PositionOrVelocityType(type=53)
1786043672029321177,1786043672.027184546,/novatel/oem7/inspva,/novatel/oem7/inspva,/novatel/oem7/inspva,39.663,-75.756,-1.801017966,0.001785373,-0.002109280,-0.000210618,0.001772906,-0.002109280,,novatel_oem7_msgs.msg.InertialSolutionStatus(status=3),
1786043672030192909,1786043672.027351854,/novatel/oem7/fix,/novatel/oem7/fix,/novatel/oem7/inspva,39.663,-75.756,-1.801017966,0.001785373,-0.002109280,-0.000210618,0.001772906,-0.002109280,,0,
1786043672031277137,1786043672.027600338,/novatel/oem7/odom,/novatel/oem7/fix,/novatel/oem7/odom,39.663,-75.756,-1.801017966,0.001792733,-0.002103028,0.001769619,-0.000286954,-0.002103028,,,
1786043672035251156,1786043672.034572572,/novatel/oem7/odom,/novatel/oem7/fix,/novatel/oem7/odom,39.663,-75.756,-1.801017966,0.001792733,-0.002103028,0.001769619,-0.000286954,-0.002103028,,,
1786043672045887954,1786043672.045306748,/novatel/oem7/inspva,/novatel/oem7/inspva,/novatel/oem7/inspva,39.663,-75.756,-1.800976967,0.002981965,0.001100002,-0.000298162,0.002967021,0.001100002,,novatel_oem7_msgs.msg.InertialSolutionStatus(status=3),
1786043672047311435,1786043672.045471727,/novatel/oem7/fix,/novatel/oem7/fix,/novatel/oem7/inspva,39.663,-75.756,-1.800976967,0.002981965,0.001100002,-0.000298162,0.002967021,0.001100002,,0,
1786043672048466426,1786043672.046077339,/novatel/oem7/odom,/novatel/oem7/fix,/novatel/oem7/odom,39.663,-75.756,-1.800976967,0.002978031,0.001110608,0.002945598,-0.000438316,0.001110608,,,
1786043672057244053,1786043672.056574876,/novatel/oem7/odom,/novatel/oem7/fix,/novatel/oem7/odom,39.663,-75.756,-1.800976967,0.002978031,0.001110608,0.002945598,-0.000438316,0.001110608,,,
1786043672065621625,1786043672.065048013,/novatel/oem7/inspva,/novatel/oem7/inspva,/novatel/oem7/inspva,39.663,-75.756,-1.800963041,0.002474295,-0.000154089,0.000681936,0.002378465,-0.000154089,,novatel_oem7_msgs.msg.InertialSolutionStatus(status=3),
1786043672066970652,1786043672.065182994,/novatel/oem7/fix,/novatel/oem7/fix,/novatel/oem7/inspva,39.663,-75.756,-1.800963041,0.002474295,-0.000154089,0.000681936,0.002378465,-0.000154089,,0,
1786043672068022249,1786043672.065653682,/novatel/oem7/odom,/novatel/oem7/fix,/novatel/oem7/odom,39.663,-75.756,-1.800963041,0.002474966,-0.000142895,0.002408121,0.000571323,-0.000142895,,,
1786043672075273216,1786043672.074663418,/novatel/oem7/odom,/novatel/oem7/fix,/novatel/oem7/odom,39.663,-75.756,-1.800963041,0.002474966,-0.000142895,0.002408121,0.000571323,-0.000142895,,,
1786043672086953103,1786043672.086631056,/novatel/oem7/inspva,/novatel/oem7/inspva,/novatel/oem7/inspva,39.663,-75.756,-1.800968840,0.001732034,-0.002652384,0.000619348,0.001617513,-0.002652384,,novatel_oem7_msgs.msg.InertialSolutionStatus(status=3),
1786043672087576537,1786043672.086788490,/novatel/oem7/fix,/novatel/oem7/fix,/novatel/oem7/inspva,39.663,-75.756,-1.800968840,0.001732034,-0.002652384,0.000619348,0.001617513,-0.002652384,,0,
1786043672088028880,1786043672.087278742,/novatel/oem7/odom,/novatel/oem7/fix,/novatel/oem7/odom,39.663,-75.756,-1.800968840,0.001744215,-0.002644389,0.001654989,0.000550724,-0.002644389,,,
1786043672095068585,1786043672.094741253,/novatel/oem7/odom,/novatel/oem7/fix,/novatel/oem7/odom,39.663,-75.756,-1.800968840,0.001744215,-0.002644389,0.001654989,0.000550724,-0.002644389,,,
1786043672106268725,1786043672.105977324,/novatel/oem7/inspva,/novatel/oem7/inspva,/novatel/oem7/inspva,39.663,-75.756,-1.800943291,0.002179811,-0.002385125,0.000482513,0.002125737,-0.002385125,,novatel_oem7_msgs.msg.InertialSolutionStatus(status=3),
1786043672106839278,1786043672.106160942,/novatel/oem7/fix,/novatel/oem7/fix,/novatel/oem7/inspva,39.663,-75.756,-1.800943291,0.002179811,-0.002385125,0.000482513,0.002125737,-0.002385125,,0,
1786043672107513283,1786043672.106702504,/novatel/oem7/odom,/novatel/oem7/fix,/novatel/oem7/odom,39.663,-75.756,-1.800943291,0.002190258,-0.002375536,0.002155295,0.000389782,-0.002375536,,,
1786043672110266699,1786043672.109652646,/novatel/oem7/bestpos,/novatel/oem7/bestpos,/novatel/oem7/odom,39.663,-75.756,33.181377205,0.002190258,-0.002375536,0.002155295,0.000389782,-0.002375536,,novatel_oem7_msgs.msg.SolutionStatus(status=0),novatel_oem7_msgs.msg.PositionOrVelocityType(type=53)
1786043672111796797,1786043672.110540775,/novatel/oem7/bestvel,/novatel/oem7/bestpos,/novatel/oem7/bestvel,39.663,-75.756,33.181377205,0.001913712,-0.002074010,,,,85.834494607,novatel_oem7_msgs.msg.SolutionStatus(status=0),novatel_oem7_msgs.msg.PositionOrVelocityType(type=53)
1786043672115574118,1786043672.114881125,/novatel/oem7/odom,/novatel/oem7/bestpos,/novatel/oem7/odom,39.663,-75.756,33.181377205,0.002190258,-0.002375536,0.002155295,0.000389782,-0.002375536,,,
1786043672125978511,1786043672.125411008,/novatel/oem7/inspva,/novatel/oem7/inspva,/novatel/oem7/inspva,39.663,-75.756,-1.800903860,0.002089302,0.000402788,-0.000598293,0.002001806,0.000402788,,novatel_oem7_msgs.msg.InertialSolutionStatus(status=3),
1786043672127399848,1786043672.125597790,/novatel/oem7/fix,/novatel/oem7/fix,/novatel/oem7/inspva,39.663,-75.756,-1.800903860,0.002089302,0.000402788,-0.000598293,0.002001806,0.000402788,,0,
1786043672128494109,1786043672.126165169,/novatel/oem7/odom,/novatel/oem7/fix,/novatel/oem7/odom,39.663,-75.756,-1.800903860,0.002088125,0.000408843,0.001970291,-0.000691535,0.000408843,,,
1786043672135777921,1786043672.135138851,/novatel/oem7/odom,/novatel/oem7/fix,/novatel/oem7/odom,39.663,-75.756,-1.800903860,0.002088125,0.000408843,0.001970291,-0.000691535,0.000408843,,,
1786043672146706782,1786043672.146110486,/novatel/oem7/inspva,/novatel/oem7/inspva,/novatel/oem7/inspva,39.663,-75.756,-1.800883218,0.002642747,0.000697917,0.000317827,0.002623566,0.000697917,,novatel_oem7_msgs.msg.InertialSolutionStatus(status=3),
1786043672148118299,1786043672.146272681,/novatel/oem7/fix,/novatel/oem7/fix,/novatel/oem7/inspva,39.663,-75.756,-1.800883218,0.002642747,0.000697917,0.000317827,0.002623566,0.000697917,,0,
1786043672149252964,1786043672.146805353,/novatel/oem7/odom,/novatel/oem7/fix,/novatel/oem7/odom,39.663,-75.756,-1.800883218,0.002639803,0.000708971,0.002632663,0.000194021,0.000708971,,,
1786043672156568989,1786043672.155866289,/novatel/oem7/odom,/novatel/oem7/fix,/novatel/oem7/odom,39.663,-75.756,-1.800883218,0.002639803,0.000708971,0.002632663,0.000194021,0.000708971,,,
1786043672166228898,1786043672.165480541,/novatel/oem7/inspva,/novatel/oem7/inspva,/novatel/oem7/inspva,39.663,-75.756,-1.800892396,0.001632143,-0.002421509,0.001290878,0.000998763,-0.002421509,,novatel_oem7_msgs.msg.InertialSolutionStatus(status=3),
1786043672167649498,1786043672.165688693,/novatel/oem7/fix,/novatel/oem7/fix,/novatel/oem7/inspva,39.663,-75.756,-1.800892396,0.001632143,-0.002421509,0.001290878,0.000998763,-0.002421509,,0,
1786043672168684759,1786043672.166352616,/novatel/oem7/odom,/novatel/oem7/fix,/novatel/oem7/odom,39.663,-75.756,-1.800892396,0.001643286,-0.002413962,0.001067228,0.001249566,-0.002413962,,,
1786043672176361951,1786043672.175682644,/novatel/oem7/odom,/novatel/oem7/fix,/novatel/oem7/odom,39.663,-75.756,-1.800892396,0.001643286,-0.002413962,0.001067228,0.001249566,-0.002413962,,,
1786043672185867832,1786043672.185310856,/novatel/oem7/inspva,/novatel/oem7/inspva,/novatel/oem7/inspva,39.663,-75.756,-1.800870871,0.001397516,-0.002508685,0.001017328,0.000958172,-0.002508685,,novatel_oem7_msgs.msg.InertialSolutionStatus(status=3),
1786043672187162575,1786043672.185489728,/novatel/oem7/fix,/novatel/oem7/fix,/novatel/oem7/inspva,39.663,-75.756,-1.800870871,0.001397516,-0.002508685,0.001017328,0.000958172,-0.002508685,,0,
1786043672188179048,1786043672.185911635,/novatel/oem7/odom,/novatel/oem7/fix,/novatel/oem7/odom,39.663,-75.756,-1.800870871,0.001409302,-0.002502083,0.001014259,0.000978474,-0.002502083,,,
1786043672195217217,1786043672.194579118,/novatel/oem7/odom,/novatel/oem7/fix,/novatel/oem7/odom,39.663,-75.756,-1.800870871,0.001409302,-0.002502083,0.001014259,0.000978474,-0.002502083,,,
1786043672207465601,1786043672.206867692,/novatel/oem7/inspva,/novatel/oem7/inspva,/novatel/oem7/inspva,39.663,-75.756,-1.800845868,0.003093555,-0.000623668,-0.001190388,0.002855357,-0.000623668,,novatel_oem7_msgs.msg.InertialSolutionStatus(status=3),
1786043672208787698,1786043672.207018617,/novatel/oem7/fix,/novatel/oem7/fix,/novatel/oem7/inspva,39.663,-75.756,-1.800845868,0.003093555,-0.000623668,-0.001190388,0.002855357,-0.000623668,,0,
1786043672209856812,1786043672.207845685,/novatel/oem7/odom,/novatel/oem7/fix,/novatel/oem7/odom,39.663,-75.756,-1.800845868,0.003095080,-0.000616058,0.002799588,-0.001319782,-0.000616058,,,
1786043672211388230,1786043672.210231672,/novatel/oem7/bestpos,/novatel/oem7/bestpos,/novatel/oem7/odom,39.663,-75.756,33.181461194,0.003095080,-0.000616058,0.002799588,-0.001319782,-0.000616058,,novatel_oem7_msgs.msg.SolutionStatus(status=0),novatel_oem7_msgs.msg.PositionOrVelocityType(type=53)
1786043672212330136,1786043672.210630762,/novatel/oem7/bestvel,/novatel/oem7/bestpos,/novatel/oem7/bestvel,39.663,-75.756,33.181461194,0.002323960,-0.000657932,,,,104.702607228,novatel_oem7_msgs.msg.SolutionStatus(status=0),novatel_oem7_msgs.msg.PositionOrVelocityType(type=53)
1786043672215481820,1786043672.214806870,/novatel/oem7/odom,/novatel/oem7/bestpos,/novatel/oem7/odom,39.663,-75.756,33.181461194,0.003095080,-0.000616058,0.002799588,-0.001319782,-0.000616058,,,
1786043672225752948,1786043672.225181793,/novatel/oem7/inspva,/novatel/oem7/inspva,/novatel/oem7/inspva,39.663,-75.756,-1.800825967,0.002084697,-0.000211040,-0.000822535,0.001915567,-0.000211040,,novatel_oem7_msgs.msg.InertialSolutionStatus(status=3),
1786043672227062724,1786043672.225325151,/novatel/oem7/fix,/novatel/oem7/fix,/novatel/oem7/inspva,39.663,-75.756,-1.800825967,0.002084697,-0.000211040,-0.000822535,0.001915567,-0.000211040,,0,
1786043672228103142,1786043672.225753988,/novatel/oem7/odom,/novatel/oem7/fix,/novatel/oem7/odom,39.663,-75.756,-1.800825967,0.002085208,-0.000205932,0.001876214,-0.000909898,-0.000205932,,,
1786043672235647893,1786043672.234946756,/novatel/oem7/odom,/novatel/oem7/fix,/novatel/oem7/odom,39.663,-75.756,-1.800825967,0.002085208,-0.000205932,0.001876214,-0.000909898,-0.000205932,,,
1786043672245895997,1786043672.245250008,/novatel/oem7/inspva,/novatel/oem7/inspva,/novatel/oem7/inspva,39.663,-75.756,-1.800827557,0.001094491,-0.001335915,0.001009406,0.000423095,-0.001335915,,novatel_oem7_msgs.msg.InertialSolutionStatus(status=3),
1786043672247275811,1786043672.245413439,/novatel/oem7/fix,/novatel/oem7/fix,/novatel/oem7/inspva,39.663,-75.756,-1.800827557,0.001094491,-0.001335915,0.001009406,0.000423095,-0.001335915,,0,
1786043672248347744,1786043672.245907919,/novatel/oem7/odom,/novatel/oem7/fix,/novatel/oem7/odom,39.663,-75.756,-1.800827557,0.001099985,-0.001331395,0.000474772,0.000992249,-0.001331395,,,
1786043672257022797,1786043672.256346533,/novatel/oem7/odom,/novatel/oem7/fix,/novatel/oem7/odom,39.663,-75.756,-1.800827557,0.001099985,-0.001331395,0.000474772,0.000992249,-0.001331395,,,
1786043672266712302,1786043672.266109363,/novatel/oem7/inspva,/novatel/oem7/inspva,/novatel/oem7/inspva,39.663,-75.756,-1.800814930,0.001222654,-0.001616539,0.000938294,0.000783893,-0.001616539,,novatel_oem7_msgs.msg.InertialSolutionStatus(status=3),
1786043672268052609,1786043672.266255685,/novatel/oem7/fix,/novatel/oem7/fix,/novatel/oem7/inspva,39.663,-75.756,-1.800814930,0.001222654,-0.001616539,0.000938294,0.000783893,-0.001616539,,0,
1786043672269102116,1786043672.266712486,/novatel/oem7/odom,/novatel/oem7/fix,/novatel/oem7/odom,39.663,-75.756,-1.800814930,0.001230177,-0.001610822,0.000833011,0.000905223,-0.001610822,,,
1786043672275160794,1786043672.274365445,/novatel/oem7/odom,/novatel/oem7/fix,/novatel/oem7/odom,39.663,-75.756,-1.800814930,0.001230177,-0.001610822,0.000833011,0.000905223,-0.001610822,,,
1786043672285625560,1786043672.285245405,/novatel/oem7/inspva,/novatel/oem7/inspva,/novatel/oem7/inspva,39.663,-75.756,-1.800806945,0.002001918,-0.001986207,-0.000868507,0.001803711,-0.001986207,,novatel_oem7_msgs.msg.InertialSolutionStatus(status=3),
1786043672286233315,1786043672.285396227,/novatel/oem7/fix,/novatel/oem7/fix,/novatel/oem7/inspva,39.663,-75.756,-1.800806945,0.002001918,-0.001986207,-0.000868507,0.001803711,-0.001986207,,0,
1786043672286728721,1786043672.285848368,/novatel/oem7/odom,/novatel/oem7/fix,/novatel/oem7/odom,39.663,-75.756,-1.800806945,0.002006376,-0.001981703,0.001769387,-0.000945948,-0.001981703,,,
1786043672295817407,1786043672.295485806,/novatel/oem7/odom,/novatel/oem7/fix,/novatel/oem7/odom,39.663,-75.756,-1.800806945,0.002006376,-0.001981703,0.001769387,-0.000945948,-0.001981703,,,
1786043672306259081,1786043672.305951070,/novatel/oem7/inspva,/novatel/oem7/inspva,/novatel/oem7/inspva,39.663,-75.756,-1.800780970,0.002322748,-0.000742859,-0.000638289,0.002233326,-0.000742859,,novatel_oem7_msgs.msg.InertialSolutionStatus(status=3),
1786043672306901011,1786043672.306108728,/novatel/oem7/fix,/novatel/oem7/fix,/novatel/oem7/inspva,39.663,-75.756,-1.800780970,0.002322748,-0.000742859,-0.000638289,0.002233326,-0.000742859,,0,
1786043672307397066,1786043672.306580638,/novatel/oem7/odom,/novatel/oem7/fix,/novatel/oem7/odom,39.663,-75.756,-1.800780970,0.002324915,-0.000736050,0.002204283,-0.000739165,-0.000736050,,,
1786043672309829181,1786043672.309303133,/novatel/oem7/bestpos,/novatel/oem7/bestpos,/novatel/oem7/odom,39.663,-75.756,33.181530926,0.002324915,-0.000736050,0.002204283,-0.000739165,-0.000736050,,novatel_oem7_msgs.msg.SolutionStatus(status=0),novatel_oem7_msgs.msg.PositionOrVelocityType(type=53)
1786043672310523798,1786043672.309967376,/novatel/oem7/bestvel,/novatel/oem7/bestpos,/novatel/oem7/bestvel,39.663,-75.756,33.181530926,0.002148796,-0.000600897,,,,109.087415176,novatel_oem7_msgs.msg.SolutionStatus(status=0),novatel_oem7_msgs.msg.PositionOrVelocityType(type=53)
1786043672314869533,1786043672.314446127,/novatel/oem7/odom,/novatel/oem7/bestpos,/novatel/oem7/odom,39.663,-75.756,33.181530926,0.002324915,-0.000736050,0.002204283,-0.000739165,-0.000736050,,,
1786043672326994654,1786043672.326519923,/novatel/oem7/inspva,/novatel/oem7/inspva,/novatel/oem7/inspva,39.663,-75.756,-1.800764587,0.001281327,0.000103255,0.000613760,0.001124765,0.000103255,,novatel_oem7_msgs.msg.InertialSolutionStatus(status=3),
1786043672327616399,1786043672.326662694,/novatel/oem7/fix,/novatel/oem7/fix,/novatel/oem7/inspva,39.663,-75.756,-1.800764587,0.001281327,0.000103255,0.000613760,0.001124765,0.000103255,,0,
1786043672328099295,1786043672.327034331,/novatel/oem7/odom,/novatel/oem7/fix,/novatel/oem7/odom,39.663,-75.756,-1.800764587,0.001280818,0.000109385,0.001151578,0.000560681,0.000109385,,,
1786043672335293929,1786043672.334928043,/novatel/oem7/odom,/novatel/oem7/fix,/novatel/oem7/odom,39.663,-75.756,-1.800764587,0.001280818,0.000109385,0.001151578,0.000560681,0.000109385,,,
1786043672345242620,1786043672.344930447,/novatel/oem7/inspva,/novatel/oem7/inspva,/novatel/oem7/inspva,39.663,-75.756,-1.800753068,0.001298607,-0.000426915,0.000570702,0.001166482,-0.000426915,,novatel_oem7_msgs.msg.InertialSolutionStatus(status=3),
1786043672345891102,1786043672.345091143,/novatel/oem7/fix,/novatel/oem7/fix,/novatel/oem7/inspva,39.663,-75.756,-1.800753068,0.001298607,-0.000426915,0.000570702,0.001166482,-0.000426915,,0,
1786043672346398168,1786043672.345398242,/novatel/oem7/odom,/novatel/oem7/fix,/novatel/oem7/odom,39.663,-75.756,-1.800753068,0.001300612,-0.000420768,0.001193376,0.000517151,-0.000420768,,,
1786043672356184177,1786043672.355818635,/novatel/oem7/odom,/novatel/oem7/fix,/novatel/oem7/odom,39.663,-75.756,-1.800753068,0.001300612,-0.000420768,0.001193376,0.000517151,-0.000420768,,,
1786043672365859358,1786043672.365394649,/novatel/oem7/inspva,/novatel/oem7/inspva,/novatel/oem7/inspva,39.663,-75.756,-1.800754318,0.001709713,-0.002511183,-0.000412212,0.001659276,-0.002511183,,novatel_oem7_msgs.msg.InertialSolutionStatus(status=3),
1786043672366500448,1786043672.365559125,/novatel/oem7/fix,/novatel/oem7/fix,/novatel/oem7/inspva,39.663,-75.756,-1.800754318,0.001709713,-0.002511183,-0.000412212,0.001659276,-0.002511183,,0,
1786043672366984927,1786043672.366184993,/novatel/oem7/odom,/novatel/oem7/fix,/novatel/oem7/odom,39.663,-75.756,-1.800754318,0.001717415,-0.002505922,0.001648374,-0.000482055,-0.002505922,,,
1786043672375184148,1786043672.374834116,/novatel/oem7/odom,/novatel/oem7/fix,/novatel/oem7/odom,39.663,-75.756,-1.800754318,0.001717415,-0.002505922,0.001648374,-0.000482055,-0.002505922,,,
1786043672386598615,1786043672.386025997,/novatel/oem7/inspva,/novatel/oem7/inspva,/novatel/oem7/inspva,39.663,-75.756,-1.800727279,0.001363668,-0.001654013,-0.000797490,0.001106164,-0.001654013,,novatel_oem7_msgs.msg.InertialSolutionStatus(status=3),
1786043672387931529,1786043672.386174764,/novatel/oem7/fix,/novatel/oem7/fix,/novatel/oem7/inspva,39.663,-75.756,-1.800727279,0.001363668,-0.001654013,-0.000797490,0.001106164,-0.001654013,,0,
1786043672388972449,1786043672.386578598,/novatel/oem7/odom,/novatel/oem7/fix,/novatel/oem7/odom,39.663,-75.756,-1.800727279,0.001366128,-0.001651981,0.001074605,-0.000843523,-0.001651981,,,
1786043672395080226,1786043672.394392749,/novatel/oem7/odom,/novatel/oem7/fix,/novatel/oem7/odom,39.663,-75.756,-1.800727279,0.001366128,-0.001651981,0.001074605,-0.000843523,-0.001651981,,,
1786043672407138178,1786043672.406586693,/novatel/oem7/inspva,/novatel/oem7/inspva,/novatel/oem7/inspva,39.663,-75.756,-1.800696164,0.002284228,0.000833401,-0.000152047,0.002279162,0.000833401,,novatel_oem7_msgs.msg.InertialSolutionStatus(status=3),
1786043672408488268,1786043672.406727331,/novatel/oem7/fix,/novatel/oem7/fix,/novatel/oem7/inspva,39.663,-75.756,-1.800696164,0.002284228,0.000833401,-0.000152047,0.002279162,0.000833401,,0,
1786043672409551525,1786043672.407196939,/novatel/oem7/odom,/novatel/oem7/fix,/novatel/oem7/odom,39.663,-75.756,-1.800696164,0.002281159,0.000841765,0.002266324,-0.000259733,0.000841765,,,
1786043672411104754,1786043672.410138528,/novatel/oem7/bestpos,/novatel/oem7/bestpos,/novatel/oem7/odom,39.663,-75.756,33.181603845,0.002281159,0.000841765,0.002266324,-0.000259733,0.000841765,,novatel_oem7_msgs.msg.SolutionStatus(status=0),novatel_oem7_msgs.msg.PositionOrVelocityType(type=53)
1786043672412567325,1786043672.410604252,/novatel/oem7/bestvel,/novatel/oem7/bestpos,/novatel/oem7/bestvel,39.663,-75.756,33.181603845,0.002451128,0.000338601,,,,75.356448779,novatel_oem7_msgs.msg.SolutionStatus(status=0),novatel_oem7_msgs.msg.PositionOrVelocityType(type=53)
1786043672416160450,1786043672.415515395,/novatel/oem7/odom,/novatel/oem7/bestpos,/novatel/oem7/odom,39.663,-75.756,33.181603845,0.002281159,0.000841765,0.002266324,-0.000259733,0.000841765,,,
1786043672425581047,1786043672.424991781,/novatel/oem7/inspva,/novatel/oem7/inspva,/novatel/oem7/inspva,39.663,-75.756,-1.800685523,0.001160402,0.000206898,0.000048821,0.001159374,0.000206898,,novatel_oem7_msgs.msg.InertialSolutionStatus(status=3),
1786043672426940687,1786043672.425172219,/novatel/oem7/fix,/novatel/oem7/fix,/novatel/oem7/inspva,39.663,-75.756,-1.800685523,0.001160402,0.000206898,0.000048821,0.001159374,0.000206898,,0,
1786043672428015731,1786043672.425582693,/novatel/oem7/odom,/novatel/oem7/fix,/novatel/oem7/odom,39.663,-75.756,-1.800685523,0.001159561,0.000211559,0.001159548,-0.000005505,0.000211559,,,
1786043672435094937,1786043672.434462065,/novatel/oem7/odom,/novatel/oem7/fix,/novatel/oem7/odom,39.663,-75.756,-1.800685523,0.001159561,0.000211559,0.001159548,-0.000005505,0.000211559,,,
1786043672446683469,1786043672.446355372,/novatel/oem7/inspva,/novatel/oem7/inspva,/novatel/oem7/inspva,39.663,-75.756,-1.800699600,0.000219041,-0.002678072,0.000068039,0.000208206,-0.002678072,,novatel_oem7_msgs.msg.InertialSolutionStatus(status=3),
1786043672447335623,1786043672.446548937,/novatel/oem7/fix,/novatel/oem7/fix,/novatel/oem7/inspva,39.663,-75.756,-1.800699600,0.000219041,-0.002678072,0.000068039,0.000208206,-0.002678072,,0,
1786043672447872587,1786043672.447093562,/novatel/oem7/odom,/novatel/oem7/fix,/novatel/oem7/odom,39.663,-75.756,-1.800699600,0.000231176,-0.002677052,0.000221750,0.000065340,-0.002677052,,,
1786043672458326726,1786043672.457542852,/novatel/oem7/odom,/novatel/oem7/fix,/novatel/oem7/odom,39.663,-75.756,-1.800699600,0.000231176,-0.002677052,0.000221750,0.000065340,-0.002677052,,,
1786043672465704896,1786043672.465136483,/novatel/oem7/inspva,/novatel/oem7/inspva,/novatel/oem7/inspva,39.663,-75.756,-1.800671008,0.001521265,-0.001997653,-0.000745523,0.001326063,-0.001997653,,novatel_oem7_msgs.msg.InertialSolutionStatus(status=3),
1786043672467059082,1786043672.465292905,/novatel/oem7/fix,/novatel/oem7/fix,/novatel/oem7/inspva,39.663,-75.756,-1.800671008,0.001521265,-0.001997653,-0.000745523,0.001326063,-0.001997653,,0,
1786043672468116983,1786043672.465574323,/novatel/oem7/odom,/novatel/oem7/fix,/novatel/oem7/odom,39.663,-75.756,-1.800671008,0.001525218,-0.001994637,0.001297999,-0.000800929,-0.001994637,,,
1786043672476272950,1786043672.475597470,/novatel/oem7/odom,/novatel/oem7/fix,/novatel/oem7/odom,39.663,-75.756,-1.800671008,0.001525218,-0.001994637,0.001297999,-0.000800929,-0.001994637,,,
1786043672486049227,1786043672.485480524,/novatel/oem7/inspva,/novatel/oem7/inspva,/novatel/oem7/inspva,39.663,-75.756,-1.800638862,0.001773298,0.000655103,-0.000971092,0.001483767,0.000655103,,novatel_oem7_msgs.msg.InertialSolutionStatus(status=3),
1786043672487357123,1786043672.485636616,/novatel/oem7/fix,/novatel/oem7/fix,/novatel/oem7/inspva,39.663,-75.756,-1.800638862,0.001773298,0.000655103,-0.000971092,0.001483767,0.000655103,,0,
1786043672488618685,1786043672.486351243,/novatel/oem7/odom,/novatel/oem7/fix,/novatel/oem7/odom,39.663,-75.756,-1.800638862,0.001772176,0.000658133,0.001434545,-0.001040523,0.000658133,,,
1786043672495497390,1786043672.494834026,/novatel/oem7/odom,/novatel/oem7/fix,/novatel/oem7/odom,39.663,-75.756,-1.800638862,0.001772176,0.000658133,0.001434545,-0.001040523,0.000658133,,,
1786043672506591956,1786043672.506019410,/novatel/oem7/inspva,/novatel/oem7/inspva,/novatel/oem7/inspva,39.663,-75.756,-1.800635190,0.002154172,-0.000252819,-0.000787397,0.002005109,-0.000252819,,novatel_oem7_msgs.msg.InertialSolutionStatus(status=3),
1786043672507918976,1786043672.506175802,/novatel/oem7/fix,/novatel/oem7/fix,/novatel/oem7/inspva,39.663,-75.756,-1.800635190,0.002154172,-0.000252819,-0.000787397,0.002005109,-0.000252819,,0,
1786043672508973773,1786043672.506647137,/novatel/oem7/odom,/novatel/oem7/fix,/novatel/oem7/odom,39.663,-75.756,-1.800635190,0.002154806,-0.000247354,0.001967459,-0.000878802,-0.000247354,,,
1786043672512133807,1786043672.511552485,/novatel/oem7/bestpos,/novatel/oem7/bestpos,/novatel/oem7/odom,39.663,-75.756,33.181677703,0.002154806,-0.000247354,0.001967459,-0.000878802,-0.000247354,,novatel_oem7_msgs.msg.SolutionStatus(status=0),novatel_oem7_msgs.msg.PositionOrVelocityType(type=53)
1786043672513736080,1786043672.512816961,/novatel/oem7/bestvel,/novatel/oem7/bestpos,/novatel/oem7/bestvel,39.663,-75.756,33.181677703,0.001740193,-0.000569914,,,,90.130227144,novatel_oem7_msgs.msg.SolutionStatus(status=0),novatel_oem7_msgs.msg.PositionOrVelocityType(type=53)
1786043672515286938,1786043672.514502327,/novatel/oem7/odom,/novatel/oem7/bestpos,/novatel/oem7/odom,39.663,-75.756,33.181677703,0.002154806,-0.000247354,0.001967459,-0.000878802,-0.000247354,,,
1786043672525934547,1786043672.525372851,/novatel/oem7/inspva,/novatel/oem7/inspva,/novatel/oem7/inspva,39.663,-75.756,-1.800634706,0.001351069,-0.001019800,0.001291659,0.000396237,-0.001019800,,novatel_oem7_msgs.msg.InertialSolutionStatus(status=3),
1786043672527238913,1786043672.525537406,/novatel/oem7/fix,/novatel/oem7/fix,/novatel/oem7/inspva,39.663,-75.756,-1.800634706,0.001351069,-0.001019800,0.001291659,0.000396237,-0.001019800,,0,
1786043672528280913,1786043672.526195936,/novatel/oem7/odom,/novatel/oem7/fix,/novatel/oem7/odom,39.663,-75.756,-1.800634706,0.001354968,-0.001014613,0.000459717,0.001274598,-0.001014613,,,
1786043672536384160,1786043672.535734390,/novatel/oem7/odom,/novatel/oem7/fix,/novatel/oem7/odom,39.663,-75.756,-1.800634706,0.001354968,-0.001014613,0.000459717,0.001274598,-0.001014613,,,
1786043672545582254,1786043672.545014205,/novatel/oem7/inspva,/novatel/oem7/inspva,/novatel/oem7/inspva,39.663,-75.756,-1.800617937,0.000600103,-0.001799793,0.000599557,0.000025596,-0.001799793,,novatel_oem7_msgs.msg.InertialSolutionStatus(status=3),
1786043672546922520,1786043672.545156490,/novatel/oem7/fix,/novatel/oem7/fix,/novatel/oem7/inspva,39.663,-75.756,-1.800617937,0.000600103,-0.001799793,0.000599557,0.000025596,-0.001799793,,0,
1786043672547986258,1786043672.545645672,/novatel/oem7/odom,/novatel/oem7/fix,/novatel/oem7/odom,39.663,-75.756,-1.800617937,0.000605501,-0.001797984,0.000060518,0.000602470,-0.001797984,,,
1786043672556388391,1786043672.555724194,/novatel/oem7/odom,/novatel/oem7/fix,/novatel/oem7/odom,39.663,-75.756,-1.800617937,0.000605501,-0.001797984,0.000060518,0.000602470,-0.001797984,,,
1786043672567162624,1786043672.566623722,/novatel/oem7/inspva,/novatel/oem7/inspva,/novatel/oem7/inspva,39.663,-75.756,-1.800592179,0.001787022,0.000005464,-0.000780395,0.001607617,0.000005464,,novatel_oem7_msgs.msg.InertialSolutionStatus(status=3),
1786043672568533010,1786043672.566774086,/novatel/oem7/fix,/novatel/oem7/fix,/novatel/oem7/inspva,39.663,-75.756,-1.800592179,0.001787022,0.000005464,-0.000780395,0.001607617,0.000005464,,0,
1786043672569596114,1786043672.567206457,/novatel/oem7/odom,/novatel/oem7/fix,/novatel/oem7/odom,39.663,-75.756,-1.800592179,0.001787006,0.000009435,0.001569704,-0.000854061,0.000009435,,,
1786043672575524592,1786043672.574841330,/novatel/oem7/odom,/novatel/oem7/fix,/novatel/oem7/odom,39.663,-75.756,-1.800592179,0.001787006,0.000009435,0.001569704,-0.000854061,0.000009435,,,
1786043672585545921,1786043672.584960003,/novatel/oem7/inspva,/novatel/oem7/inspva,/novatel/oem7/inspva,39.663,-75.756,-1.800580499,0.001727031,-0.000016149,-0.000488055,0.001656634,-0.000016149,,novatel_oem7_msgs.msg.InertialSolutionStatus(status=3),
1786043672586911609,1786043672.585109107,/novatel/oem7/fix,/novatel/oem7/fix,/novatel/oem7/inspva,39.663,-75.756,-1.800580499,0.001727031,-0.000016149,-0.000488055,0.001656634,-0.000016149,,0,
1786043672587993739,1786043672.585472044,/novatel/oem7/odom,/novatel/oem7/fix,/novatel/oem7/odom,39.663,-75.756,-1.800580499,0.001727070,-0.000011151,0.001632298,-0.000564247,-0.000011151,,,
1786043672596093609,1786043672.595444396,/novatel/oem7/odom,/novatel/oem7/fix,/novatel/oem7/odom,39.663,-75.756,-1.800580499,0.001727070,-0.000011151,0.001632298,-0.000564247,-0.000011151,,,
1786043672607005183,1786043672.606466118,/novatel/oem7/inspva,/novatel/oem7/inspva,/novatel/oem7/inspva,39.663,-75.756,-1.800572861,0.001350515,-0.000191087,0.001061371,0.000835095,-0.000191087,,novatel_oem7_msgs.msg.InertialSolutionStatus(status=3),
1786043672608363376,1786043672.606604396,/novatel/oem7/fix,/novatel/oem7/fix,/novatel/oem7/inspva,39.663,-75.756,-1.800572861,0.001350515,-0.000191087,0.001061371,0.000835095,-0.000191087,,0,
1786043672609469167,1786043672.607109364,/novatel/oem7/odom,/novatel/oem7/fix,/novatel/oem7/odom,39.663,-75.756,-1.800572861,0.001351383,-0.000184851,0.000884120,0.001022041,-0.000184851,,,
1786043672610970019,1786043672.610017033,/novatel/oem7/bestpos,/novatel/oem7/bestpos,/novatel/oem7/odom,39.663,-75.756,33.181727429,0.001351383,-0.000184851,0.000884120,0.001022041,-0.000184851,,novatel_oem7_msgs.msg.SolutionStatus(status=0),novatel_oem7_msgs.msg.PositionOrVelocityType(type=53)
1786043672612385053,1786043672.610460597,/novatel/oem7/bestvel,/novatel/oem7/bestpos,/novatel/oem7/bestvel,39.663,-75.756,33.181727429,0.002216115,-0.000822535,,,,28.973777861,novatel_oem7_msgs.msg.SolutionStatus(status=0),novatel_oem7_msgs.msg.PositionOrVelocityType(type=53)
1786043672615746429,1786043672.614901861,/novatel/oem7/odom,/novatel/oem7/bestpos,/novatel/oem7/odom,39.663,-75.756,33.181727429,0.001351383,-0.000184851,0.000884120,0.001022041,-0.000184851,,,
1786043672626791988,1786043672.626201386,/novatel/oem7/inspva,/novatel/oem7/inspva,/novatel/oem7/inspva,39.663,-75.756,-1.800558053,0.001169401,-0.000935707,0.001150980,0.000206750,-0.000935707,,novatel_oem7_msgs.msg.InertialSolutionStatus(status=3),
1786043672628134278,1786043672.626381041,/novatel/oem7/fix,/novatel/oem7/fix,/novatel/oem7/inspva,39.663,-75.756,-1.800558053,0.001169401,-0.000935707,0.001150980,0.000206750,-0.000935707,,0,
1786043672629188892,1786043672.626849999,/novatel/oem7/odom,/novatel/oem7/fix,/novatel/oem7/odom,39.663,-75.756,-1.800558053,0.001172637,-0.000931650,0.000263572,0.001142631,-0.000931650,,,
1786043672635297576,1786043672.634639793,/novatel/oem7/odom,/novatel/oem7/fix,/novatel/oem7/odom,39.663,-75.756,-1.800558053,0.001172637,-0.000931650,0.000263572,0.001142631,-0.000931650,,,
1786043672645893447,1786043672.645324268,/novatel/oem7/inspva,/novatel/oem7/inspva,/novatel/oem7/inspva,39.663,-75.756,-1.800547381,0.000931476,-0.001181621,-0.000633138,0.000683216,-0.001181621,,novatel_oem7_msgs.msg.InertialSolutionStatus(status=3),
1786043672647474862,1786043672.645518880,/novatel/oem7/fix,/novatel/oem7/fix,/novatel/oem7/inspva,39.663,-75.756,-1.800547381,0.000931476,-0.001181621,-0.000633138,0.000683216,-0.001181621,,0,
1786043672648855066,1786043672.646056378,/novatel/oem7/odom,/novatel/oem7/fix,/novatel/oem7/odom,39.663,-75.756,-1.800547381,0.000932537,-0.001180784,0.000657813,-0.000660989,-0.001180784,,,
1786043672656821355,1786043672.656139218,/novatel/oem7/odom,/novatel/oem7/fix,/novatel/oem7/odom,39.663,-75.756,-1.800547381,0.000932537,-0.001180784,0.000657813,-0.000660989,-0.001180784,,,
1786043672665868928,1786043672.665313712,/novatel/oem7/inspva,/novatel/oem7/inspva,/novatel/oem7/inspva,39.663,-75.756,-1.800524585,0.002215674,-0.000423858,-0.000853013,0.002044892,-0.000423858,,novatel_oem7_msgs.msg.InertialSolutionStatus(status=3),
1786043672667226321,1786043672.665503070,/novatel/oem7/fix,/novatel/oem7/fix,/novatel/oem7/inspva,39.663,-75.756,-1.800524585,0.002215674,-0.000423858,-0.000853013,0.002044892,-0.000423858,,0,
1786043672668298845,1786043672.665970255,/novatel/oem7/odom,/novatel/oem7/fix,/novatel/oem7/odom,39.663,-75.756,-1.800524585,0.002216698,-0.000418472,0.002004837,-0.000945716,-0.000418472,,,
1786043672675117555,1786043672.674457952,/novatel/oem7/odom,/novatel/oem7/fix,/novatel/oem7/odom,39.663,-75.756,-1.800524585,0.002216698,-0.000418472,0.002004837,-0.000945716,-0.000418472,,,
1786043672687014146,1786043672.686477754,/novatel/oem7/inspva,/novatel/oem7/inspva,/novatel/oem7/inspva,39.663,-75.756,-1.800505027,0.000891452,0.000837302,0.000287232,0.000843910,0.000837302,,novatel_oem7_msgs.msg.InertialSolutionStatus(status=3),
1786043672688706469,1786043672.686648833,/novatel/oem7/fix,/novatel/oem7/fix,/novatel/oem7/inspva,39.663,-75.756,-1.800505027,0.000891452,0.000837302,0.000287232,0.000843910,0.000837302,,0,
1786043672689780170,1786043672.687094343,/novatel/oem7/odom,/novatel/oem7/fix,/novatel/oem7/odom,39.663,-75.756,-1.800505027,0.000887609,0.000841374,0.000852951,0.000245612,0.000841374,,,
1786043672695927234,1786043672.695279524,/novatel/oem7/odom,/novatel/oem7/fix,/novatel/oem7/odom,39.663,-75.756,-1.800505027,0.000887609,0.000841374,0.000852951,0.000245612,0.000841374,,,
1786043672706482888,1786043672.705926263,/novatel/oem7/inspva,/novatel/oem7/inspva,/novatel/oem7/inspva,39.663,-75.756,-1.800494138,0.001006099,-0.000264477,0.000615987,0.000795485,-0.000264477,,novatel_oem7_msgs.msg.InertialSolutionStatus(status=3),
1786043672707799284,1786043672.706098651,/novatel/oem7/fix,/novatel/oem7/fix,/novatel/oem7/inspva,39.663,-75.756,-1.800494138,0.001006099,-0.000264477,0.000615987,0.000795485,-0.000264477,,0,
1786043672708833731,1786043672.706520109,/novatel/oem7/odom,/novatel/oem7/fix,/novatel/oem7/odom,39.663,-75.756,-1.800494138,0.001007341,-0.000259704,0.000824202,0.000579162,-0.000259704,,,
1786043672710254772,1786043672.709478008,/novatel/oem7/bestpos,/novatel/oem7/bestpos,/novatel/oem7/odom,39.663,-75.756,33.181828313,0.001007341,-0.000259704,0.000824202,0.000579162,-0.000259704,,novatel_oem7_msgs.msg.SolutionStatus(status=0),novatel_oem7_msgs.msg.PositionOrVelocityType(type=53)
1786043672711643175,1786043672.710046864,/novatel/oem7/bestvel,/novatel/oem7/bestpos,/novatel/oem7/bestvel,39.663,-75.756,33.181828313,0.000958791,-0.000213020,,,,25.971008501,novatel_oem7_msgs.msg.SolutionStatus(status=0),novatel_oem7_msgs.msg.PositionOrVelocityType(type=53)
1786043672716106306,1786043672.715463747,/novatel/oem7/odom,/novatel/oem7/bestpos,/novatel/oem7/odom,39.663,-75.756,33.181828313,0.001007341,-0.000259704,0.000824202,0.000579162,-0.000259704,,,
1786043672725823462,1786043672.725270814,/novatel/oem7/inspva,/novatel/oem7/inspva,/novatel/oem7/inspva,39.663,-75.756,-1.800493710,0.001126233,-0.001748153,-0.000593752,0.000957005,-0.001748153,,novatel_oem7_msgs.msg.InertialSolutionStatus(status=3),
1786043672727124285,1786043672.725451239,/novatel/oem7/fix,/novatel/oem7/fix,/novatel/oem7/inspva,39.663,-75.756,-1.800493710,0.001126233,-0.001748153,-0.000593752,0.000957005,-0.001748153,,0,
1786043672728195499,1786043672.726059328,/novatel/oem7/odom,/novatel/oem7/fix,/novatel/oem7/odom,39.663,-75.756,-1.800493710,0.001129327,-0.001746156,0.000935324,-0.000632888,-0.001746156,,,
1786043672735512651,1786043672.734884009,/novatel/oem7/odom,/novatel/oem7/fix,/novatel/oem7/odom,39.663,-75.756,-1.800493710,0.001129327,-0.001746156,0.000935324,-0.000632888,-0.001746156,,,
1786043672746644915,1786043672.746094432,/novatel/oem7/inspva,/novatel/oem7/inspva,/novatel/oem7/inspva,39.663,-75.756,-1.800472116,0.000982179,-0.001662267,-0.000761660,0.000620121,-0.001662267,,novatel_oem7_msgs.msg.InertialSolutionStatus(status=3),
1786043672747918350,1786043672.746263547,/novatel/oem7/fix,/novatel/oem7/fix,/novatel/oem7/inspva,39.663,-75.756,-1.800472116,0.000982179,-0.001662267,-0.000761660,0.000620121,-0.001662267,,0,
1786043672748934180,1786043672.746685575,/novatel/oem7/odom,/novatel/oem7/fix,/novatel/oem7/odom,39.663,-75.756,-1.800472116,0.000982580,-0.001662031,0.000590675,-0.000785217,-0.001662031,,,
1786043672756416721,1786043672.755806614,/novatel/oem7/odom,/novatel/oem7/fix,/novatel/oem7/odom,39.663,-75.756,-1.800472116,0.000982580,-0.001662031,0.000590675,-0.000785217,-0.001662031,,,
1786043672765893944,1786043672.765345172,/novatel/oem7/inspva,/novatel/oem7/inspva,/novatel/oem7/inspva,39.663,-75.756,-1.800442103,0.001199113,0.001508905,-0.000093505,0.001195462,0.001508905,,novatel_oem7_msgs.msg.InertialSolutionStatus(status=3),
1786043672767170677,1786043672.765650852,/novatel/oem7/fix,/novatel/oem7/fix,/novatel/oem7/inspva,39.663,-75.756,-1.800442103,0.001199113,0.001508905,-0.000093505,0.001195462,0.001508905,,0,
1786043672768197267,1786043672.766141627,/novatel/oem7/odom,/novatel/oem7/fix,/novatel/oem7/odom,39.663,-75.756,-1.800442103,0.001193688,0.001513201,0.001183868,-0.000152798,0.001513201,,,
1786043672776110898,1786043672.775486429,/novatel/oem7/odom,/novatel/oem7/fix,/novatel/oem7/odom,39.663,-75.756,-1.800442103,0.001193688,0.001513201,0.001183868,-0.000152798,0.001513201,,,
1786043672785584565,1786043672.785048703,/novatel/oem7/inspva,/novatel/oem7/inspva,/novatel/oem7/inspva,39.663,-75.756,-1.800434549,0.000847129,0.000374280,0.000552623,0.000642056,0.000374280,,novatel_oem7_msgs.msg.InertialSolutionStatus(status=3),
1786043672786856148,1786043672.785252895,/novatel/oem7/fix,/novatel/oem7/fix,/novatel/oem7/inspva,39.663,-75.756,-1.800434549,0.000847129,0.000374280,0.000552623,0.000642056,0.000374280,,0,
1786043672787872698,1786043672.785666253,/novatel/oem7/odom,/novatel/oem7/fix,/novatel/oem7/odom,39.663,-75.756,-1.800434549,0.000845346,0.000378289,0.000665481,0.000521292,0.000378289,,,
1786043672795040712,1786043672.794394199,/novatel/oem7/odom,/novatel/oem7/fix,/novatel/oem7/odom,39.663,-75.756,-1.800434549,0.000845346,0.000378289,0.000665481,0.000521292,0.000378289,,,
1786043672807310963,1786043672.806776391,/novatel/oem7/inspva,/novatel/oem7/inspva,/novatel/oem7/inspva,39.663,-75.756,-1.800436701,0.000907435,-0.001692110,0.000894823,0.000150762,-0.001692110,,novatel_oem7_msgs.msg.InertialSolutionStatus(status=3),
1786043672808635479,1786043672.806977720,/novatel/oem7/fix,/novatel/oem7/fix,/novatel/oem7/inspva,39.663,-75.756,-1.800436701,0.000907435,-0.001692110,0.000894823,0.000150762,-0.001692110,,0,
1786043672809663613,1786043672.807328896,/novatel/oem7/odom,/novatel/oem7/fix,/novatel/oem7/odom,39.663,-75.756,-1.800436701,0.000913174,-0.001689020,0.000198687,0.000891297,-0.001689020,,,
1786043672811107471,1786043672.810239375,/novatel/oem7/bestpos,/novatel/oem7/bestpos,/novatel/oem7/odom,39.663,-75.756,33.181901985,0.000913174,-0.001689020,0.000198687,0.000891297,-0.001689020,,novatel_oem7_msgs.msg.SolutionStatus(status=0),novatel_oem7_msgs.msg.PositionOrVelocityType(type=53)
1786043672812484200,1786043672.810743870,/novatel/oem7/bestvel,/novatel/oem7/bestpos,/novatel/oem7/bestvel,39.663,-75.756,33.181901985,0.000968156,-0.001089398,,,,311.218779606,novatel_oem7_msgs.msg.SolutionStatus(status=0),novatel_oem7_msgs.msg.PositionOrVelocityType(type=53)
1786043672815632228,1786043672.815012163,/novatel/oem7/odom,/novatel/oem7/bestpos,/novatel/oem7/odom,39.663,-75.756,33.181901985,0.000913174,-0.001689020,0.000198687,0.000891297,-0.001689020,,,
1786043672825516053,1786043672.824949750,/novatel/oem7/inspva,/novatel/oem7/inspva,/novatel/oem7/inspva,39.663,-75.756,-1.800408565,0.000660878,-0.001535502,0.000322421,0.000576892,-0.001535502,,novatel_oem7_msgs.msg.InertialSolutionStatus(status=3),
1786043672826829692,1786043672.825157335,/novatel/oem7/fix,/novatel/oem7/fix,/novatel/oem7/inspva,39.663,-75.756,-1.800408565,0.000660878,-0.001535502,0.000322421,0.000576892,-0.001535502,,0,
1786043672827848989,1786043672.825605804,/novatel/oem7/odom,/novatel/oem7/fix,/novatel/oem7/odom,39.663,-75.756,-1.800408565,0.000668055,-0.001532393,0.000597226,0.000299363,-0.001532393,,,
1786043672836108903,1786043672.835488957,/novatel/oem7/odom,/novatel/oem7/fix,/novatel/oem7/odom,39.663,-75.756,-1.800408565,0.000668055,-0.001532393,0.000597226,0.000299363,-0.001532393,,,
1786043672845825236,1786043672.845288248,/novatel/oem7/inspva,/novatel/oem7/inspva,/novatel/oem7/inspva,39.663,-75.756,-1.800378776,0.000867681,0.001010430,-0.000387465,0.000776364,0.001010430,,novatel_oem7_msgs.msg.InertialSolutionStatus(status=3),
1786043672847124146,1786043672.845510986,/novatel/oem7/fix,/novatel/oem7/fix,/novatel/oem7/inspva,39.663,-75.756,-1.800378776,0.000867681,0.001010430,-0.000387465,0.000776364,0.001010430,,0,
1786043672848144112,1786043672.846137319,/novatel/oem7/odom,/novatel/oem7/fix,/novatel/oem7/odom,39.663,-75.756,-1.800378776,0.000865479,0.001012316,0.000753567,-0.000425665,0.001012316,,,
1786043672858551539,1786043672.856398471,/novatel/oem7/odom,/novatel/oem7/fix,/novatel/oem7/odom,39.663,-75.756,-1.800378776,0.000865479,0.001012316,0.000753567,-0.000425665,0.001012316,,,
1786043672866697689,1786043672.866145460,/novatel/oem7/inspva,/novatel/oem7/inspva,/novatel/oem7/inspva,39.663,-75.756,-1.800362967,0.001355088,0.001042564,0.000065483,0.001353505,0.001042564,,novatel_oem7_msgs.msg.InertialSolutionStatus(status=3),
1786043672867982452,1786043672.866309005,/novatel/oem7/fix,/novatel/oem7/fix,/novatel/oem7/inspva,39.663,-75.756,-1.800362967,0.001355088,0.001042564,0.000065483,0.001353505,0.001042564,,0,
1786043672869026495,1786043672.866706269,/novatel/oem7/odom,/novatel/oem7/fix,/novatel/oem7/odom,39.663,-75.756,-1.800362967,0.001350989,0.001047870,0.001350989,-0.000000054,0.001047870,,,
1786043672875381075,1786043672.874649151,/novatel/oem7/odom,/novatel/oem7/fix,/novatel/oem7/odom,39.663,-75.756,-1.800362967,0.001350989,0.001047870,0.001350989,-0.000000054,0.001047870,,,
1786043672885882111,1786043672.885169514,/novatel/oem7/inspva,/novatel/oem7/inspva,/novatel/oem7/inspva,39.663,-75.756,-1.800365705,0.000989741,-0.001415804,0.000989110,-0.000035333,-0.001415804,,novatel_oem7_msgs.msg.InertialSolutionStatus(status=3),
1786043672887496977,1786043672.885370623,/novatel/oem7/fix,/novatel/oem7/fix,/novatel/oem7/inspva,39.663,-75.756,-1.800365705,0.000989741,-0.001415804,0.000989110,-0.000035333,-0.001415804,,0,
1786043672888639149,1786043672.885902115,/novatel/oem7/odom,/novatel/oem7/fix,/novatel/oem7/odom,39.663,-75.756,-1.800365705,0.000993499,-0.001413170,0.000016094,0.000993369,-0.001413170,,,
1786043672896111312,1786043672.895448405,/novatel/oem7/odom,/novatel/oem7/fix,/novatel/oem7/odom,39.663,-75.756,-1.800365705,0.000993499,-0.001413170,0.000016094,0.000993369,-0.001413170,,,
1786043672907064790,1786043672.906383401,/novatel/oem7/inspva,/novatel/oem7/inspva,/novatel/oem7/inspva,39.663,-75.756,-1.800340365,0.001065973,-0.001583251,0.001047189,-0.000199235,-0.001583251,,novatel_oem7_msgs.msg.InertialSolutionStatus(status=3),
1786043672908528415,1786043672.906600163,/novatel/oem7/fix,/novatel/oem7/fix,/novatel/oem7/inspva,39.663,-75.756,-1.800340365,0.001065973,-0.001583251,0.001047189,-0.000199235,-0.001583251,,0,
1786043672909811608,1786043672.906896519,/novatel/oem7/odom,/novatel/oem7/fix,/novatel/oem7/odom,39.663,-75.756,-1.800340365,0.001069232,-0.001581052,-0.000144351,0.001059443,-0.001581052,,,
1786043672911510647,1786043672.909593009,/novatel/oem7/bestpos,/novatel/oem7/bestpos,/novatel/oem7/odom,39.663,-75.756,33.182001561,0.001069232,-0.001581052,-0.000144351,0.001059443,-0.001581052,,novatel_oem7_msgs.msg.SolutionStatus(status=0),novatel_oem7_msgs.msg.PositionOrVelocityType(type=53)
1786043672912956322,1786043672.910376820,/novatel/oem7/bestvel,/novatel/oem7/bestpos,/novatel/oem7/bestvel,39.663,-75.756,33.182001561,0.002100468,-0.000619026,,,,295.304526133,novatel_oem7_msgs.msg.SolutionStatus(status=0),novatel_oem7_msgs.msg.PositionOrVelocityType(type=53)
1786043672915236691,1786043672.914513347,/novatel/oem7/odom,/novatel/oem7/bestpos,/novatel/oem7/odom,39.663,-75.756,33.182001561,0.001069232,-0.001581052,-0.000144351,0.001059443,-0.001581052,,,
1786043672927544356,1786043672.926793355,/novatel/oem7/inspva,/novatel/oem7/inspva,/novatel/oem7/inspva,39.663,-75.756,-1.800319955,0.002541772,0.000090523,-0.001059571,0.002310393,0.000090523,,novatel_oem7_msgs.msg.InertialSolutionStatus(status=3),
1786043672929040520,1786043672.927066951,/novatel/oem7/fix,/novatel/oem7/fix,/novatel/oem7/inspva,39.663,-75.756,-1.800319955,0.002541772,0.000090523,-0.001059571,0.002310393,0.000090523,,0,
1786043672930160241,1786043672.927790632,/novatel/oem7/odom,/novatel/oem7/fix,/novatel/oem7/odom,39.663,-75.756,-1.800319955,0.002541562,0.000096250,0.002258458,-0.001165721,0.000096250,,,
1786043672935882722,1786043672.935201061,/novatel/oem7/odom,/novatel/oem7/fix,/novatel/oem7/odom,39.663,-75.756,-1.800319955,0.002541562,0.000096250,0.002258458,-0.001165721,0.000096250,,,
1786043672945745215,1786043672.945185203,/novatel/oem7/inspva,/novatel/oem7/inspva,/novatel/oem7/inspva,39.663,-75.756,-1.800295691,0.000973746,0.000884894,-0.000578573,0.000783220,0.000884894,,novatel_oem7_msgs.msg.InertialSolutionStatus(status=3),
1786043672947140843,1786043672.945361671,/novatel/oem7/fix,/novatel/oem7/fix,/novatel/oem7/inspva,39.663,-75.756,-1.800295691,0.000973746,0.000884894,-0.000578573,0.000783220,0.000884894,,0,
1786043672948276250,1786043672.945633622,/novatel/oem7/odom,/novatel/oem7/fix,/novatel/oem7/odom,39.663,-75.756,-1.800295691,0.000972535,0.000886224,0.000752092,-0.000616589,0.000886224,,,
1786043672956637766,1786043672.955955580,/novatel/oem7/odom,/novatel/oem7/fix,/novatel/oem7/odom,39.663,-75.756,-1.800295691,0.000972535,0.000886224,0.000752092,-0.000616589,0.000886224,,,
1786043672966066316,1786043672.965561638,/novatel/oem7/inspva,/novatel/oem7/inspva,/novatel/oem7/inspva,39.663,-75.756,-1.800292715,0.001513019,-0.000241760,0.001479054,0.000318790,-0.000241760,,novatel_oem7_msgs.msg.InertialSolutionStatus(status=3),
1786043672967480460,1786043672.965720119,/novatel/oem7/fix,/novatel/oem7/fix,/novatel/oem7/inspva,39.663,-75.756,-1.800292715,0.001513019,-0.000241760,0.001479054,0.000318790,-0.000241760,,0,
1786043672968525477,1786043672.966554300,/novatel/oem7/odom,/novatel/oem7/fix,/novatel/oem7/odom,39.663,-75.756,-1.800292715,0.001513864,-0.000236412,0.000387907,0.001463322,-0.000236412,,,
1786043672975260280,1786043672.974613224,/novatel/oem7/odom,/novatel/oem7/fix,/novatel/oem7/odom,39.663,-75.756,-1.800292715,0.001513864,-0.000236412,0.000387907,0.001463322,-0.000236412,,,
1786043672986849788,1786043672.986317719,/novatel/oem7/inspva,/novatel/oem7/inspva,/novatel/oem7/inspva,39.663,-75.756,-1.800267372,0.000958597,-0.000908735,0.000919842,-0.000269814,-0.000908735,,novatel_oem7_msgs.msg.InertialSolutionStatus(status=3),
1786043672988238628,1786043672.986500797,/novatel/oem7/fix,/novatel/oem7/fix,/novatel/oem7/inspva,39.663,-75.756,-1.800267372,0.000958597,-0.000908735,0.000919842,-0.000269814,-0.000908735,,0,
1786043672989390486,1786043672.986972916,/novatel/oem7/odom,/novatel/oem7/fix,/novatel/oem7/odom,39.663,-75.756,-1.800267372,0.000960062,-0.000907187,-0.000223342,0.000933722,-0.000907187,,,
1786043672995156240,1786043672.994531240,/novatel/oem7/odom,/novatel/oem7/fix,/novatel/oem7/odom,39.663,-75.756,-1.800267372,0.000960062,-0.000907187,-0.000223342,0.000933722,-0.000907187,,,
1786043673008839801,1786043673.008338287,/novatel/oem7/inspva,/novatel/oem7/inspva,/novatel/oem7/inspva,39.663,-75.756,-1.800249865,0.000848029,-0.000571684,-0.000651137,0.000543299,-0.000571684,,novatel_oem7_msgs.msg.InertialSolutionStatus(status=3),
1786043673010598045,1786043673.008525225,/novatel/oem7/fix,/novatel/oem7/fix,/novatel/oem7/inspva,39.663,-75.756,-1.800249865,0.000848029,-0.000571684,-0.000651137,0.000543299,-0.000571684,,0,
1786043673012214391,1786043673.011533658,/novatel/oem7/odom,/novatel/oem7/fix,/novatel/oem7/odom,39.663,-75.756,-1.800249865,0.000848189,-0.000571446,0.000514769,-0.000674120,-0.000571446,,,
1786043673017922384,1786043673.017248404,/novatel/oem7/odom,/novatel/oem7/fix,/novatel/oem7/odom,39.663,-75.756,-1.800249865,0.000848189,-0.000571446,0.000514769,-0.000674120,-0.000571446,,,
1786043673025513286,1786043673.024927120,/novatel/oem7/bestpos,/novatel/oem7/bestpos,/novatel/oem7/odom,39.663,-75.756,33.182089652,0.000848189,-0.000571446,0.000514769,-0.000674120,-0.000571446,,novatel_oem7_msgs.msg.SolutionStatus(status=0),novatel_oem7_msgs.msg.PositionOrVelocityType(type=53)
1786043673027013141,1786043673.025752575,/novatel/oem7/bestvel,/novatel/oem7/bestpos,/novatel/oem7/bestvel,39.663,-75.756,33.182089652,0.001028121,0.000129263,,,,223.197440516,novatel_oem7_msgs.msg.SolutionStatus(status=0),novatel_oem7_msgs.msg.PositionOrVelocityType(type=53)
1786043673028473918,1786043673.026786775,/novatel/oem7/inspva,/novatel/oem7/inspva,/novatel/oem7/inspva,39.663,-75.756,-1.800230807,0.001134946,0.000044779,-0.000679051,0.000909391,0.000044779,,novatel_oem7_msgs.msg.InertialSolutionStatus(status=3),
1786043673029345817,1786043673.026942780,/novatel/oem7/fix,/novatel/oem7/fix,/novatel/oem7/inspva,39.663,-75.756,-1.800230807,0.001134946,0.000044779,-0.000679051,0.000909391,0.000044779,,0,
1786043673030455595,1786043673.027382874,/novatel/oem7/odom,/novatel/oem7/fix,/novatel/oem7/odom,39.663,-75.756,-1.800230807,0.001134885,0.000046298,0.000876769,-0.000720583,0.000046298,,,
1786043673035150634,1786043673.034514205,/novatel/oem7/odom,/novatel/oem7/fix,/novatel/oem7/odom,39.663,-75.756,-1.800230807,0.001134885,0.000046298,0.000876769,-0.000720583,0.000046298,,,
1786043673047142579,1786043673.046612454,/novatel/oem7/inspva,/novatel/oem7/inspva,/novatel/oem7/inspva,39.663,-75.756,-1.800209315,0.001595818,0.001197476,0.001415476,-0.000736928,0.001197476,,novatel_oem7_msgs.msg.InertialSolutionStatus(status=3),
1786043673048539866,1786043673.046791426,/novatel/oem7/fix,/novatel/oem7/fix,/novatel/oem7/inspva,39.663,-75.756,-1.800209315,0.001595818,0.001197476,0.001415476,-0.000736928,0.001197476,,0,
1786043673049675014,1786043673.047296331,/novatel/oem7/odom,/novatel/oem7/fix,/novatel/oem7/odom,39.663,-75.756,-1.800209315,0.001594958,0.001198621,-0.000675236,0.001444973,0.001198621,,,
1786043673057223289,1786043673.056578979,/novatel/oem7/odom,/novatel/oem7/fix,/novatel/oem7/odom,39.663,-75.756,-1.800209315,0.001594958,0.001198621,-0.000675236,0.001444973,0.001198621,,,
1786043673065888388,1786043673.065382156,/novatel/oem7/inspva,/novatel/oem7/inspva,/novatel/oem7/inspva,39.663,-75.756,-1.800211718,0.001469013,-0.000269613,0.001145213,-0.000920047,-0.000269613,,novatel_oem7_msgs.msg.InertialSolutionStatus(status=3),
1786043673067246404,1786043673.065556801,/novatel/oem7/fix,/novatel/oem7/fix,/novatel/oem7/inspva,39.663,-75.756,-1.800211718,0.001469013,-0.000269613,0.001145213,-0.000920047,-0.000269613,,0,
1786043673068313495,1786043673.065960158,/novatel/oem7/odom,/novatel/oem7/fix,/novatel/oem7/odom,39.663,-75.756,-1.800211718,0.001468960,-0.000269904,-0.000864931,0.001187324,-0.000269904,,,
1786043673075137976,1786043673.074513496,/novatel/oem7/odom,/novatel/oem7/fix,/novatel/oem7/odom,39.663,-75.756,-1.800211718,0.001468960,-0.000269904,-0.000864931,0.001187324,-0.000269904,,,
1786043673086131230,1786043673.085613029,/novatel/oem7/inspva,/novatel/oem7/inspva,/novatel/oem7/inspva,39.663,-75.756,-1.800214281,0.000746511,-0.001577321,-0.000741878,-0.000083040,-0.001577321,,novatel_oem7_msgs.msg.InertialSolutionStatus(status=3),
1786043673087524614,1786043673.085783364,/novatel/oem7/fix,/novatel/oem7/fix,/novatel/oem7/inspva,39.663,-75.756,-1.800214281,0.000746511,-0.001577321,-0.000741878,-0.000083040,-0.001577321,,0,
1786043673088620355,1786043673.086632769,/novatel/oem7/odom,/novatel/oem7/fix,/novatel/oem7/odom,39.663,-75.756,-1.800214281,0.000741503,-0.001579681,-0.000111217,-0.000733115,-0.001579681,,,
1786043673095689932,1786043673.095020642,/novatel/oem7/odom,/novatel/oem7/fix,/novatel/oem7/odom,39.663,-75.756,-1.800214281,0.000741503,-0.001579681,-0.000111217,-0.000733115,-0.001579681,,,
1786043673106256293,1786043673.105741534,/novatel/oem7/inspva,/novatel/oem7/inspva,/novatel/oem7/inspva,39.663,-75.756,-1.800203704,0.000871215,-0.000682487,-0.000814316,0.000309685,-0.000682487,,novatel_oem7_msgs.msg.InertialSolutionStatus(status=3),
1786043673107599452,1786043673.105908926,/novatel/oem7/fix,/novatel/oem7/fix,/novatel/oem7/inspva,39.663,-75.756,-1.800203704,0.000871215,-0.000682487,-0.000814316,0.000309685,-0.000682487,,0,
1786043673108666336,1786043673.106398084,/novatel/oem7/odom,/novatel/oem7/fix,/novatel/oem7/odom,39.663,-75.756,-1.800203704,0.000870340,-0.000683602,0.000274275,-0.000825993,-0.000683602,,,
1786043673110109217,1786043673.109323909,/novatel/oem7/bestpos,/novatel/oem7/bestpos,/novatel/oem7/odom,39.663,-75.756,33.182164645,0.000870340,-0.000683602,0.000274275,-0.000825993,-0.000683602,,novatel_oem7_msgs.msg.SolutionStatus(status=0),novatel_oem7_msgs.msg.PositionOrVelocityType(type=53)
1786043673111517058,1786043673.109971606,/novatel/oem7/bestvel,/novatel/oem7/bestpos,/novatel/oem7/bestvel,39.663,-75.756,33.182164645,0.000940030,-0.000265134,,,,220.149522871,novatel_oem7_msgs.msg.SolutionStatus(status=0),novatel_oem7_msgs.msg.PositionOrVelocityType(type=53)
1786043673115236598,1786043673.114590555,/novatel/oem7/odom,/novatel/oem7/bestpos,/novatel/oem7/odom,39.663,-75.756,33.182164645,0.000870340,-0.000683602,0.000274275,-0.000825993,-0.000683602,,,
1786043673125860339,1786043673.125337504,/novatel/oem7/inspva,/novatel/oem7/inspva,/novatel/oem7/inspva,39.663,-75.756,-1.800178242,0.000350280,0.001969313,0.000328361,0.000121964,0.001969313,,novatel_oem7_msgs.msg.InertialSolutionStatus(status=3),
1786043673127190546,1786043673.125498658,/novatel/oem7/fix,/novatel/oem7/fix,/novatel/oem7/inspva,39.663,-75.756,-1.800178242,0.000350280,0.001969313,0.000328361,0.000121964,0.001969313,,0,
1786043673128253570,1786043673.125992741,/novatel/oem7/odom,/novatel/oem7/fix,/novatel/oem7/odom,39.663,-75.756,-1.800178242,0.000342520,0.001970677,0.000129353,0.000317156,0.001970677,,,
1786043673135564112,1786043673.134933638,/novatel/oem7/odom,/novatel/oem7/fix,/novatel/oem7/odom,39.663,-75.756,-1.800178242,0.000342520,0.001970677,0.000129353,0.000317156,0.001970677,,,
1786043673145839907,1786043673.145336015,/novatel/oem7/inspva,/novatel/oem7/inspva,/novatel/oem7/inspva,39.663,-75.756,-1.800171780,0.001205807,0.001199525,0.000567624,-0.001063849,0.001199525,,novatel_oem7_msgs.msg.InertialSolutionStatus(status=3),
1786043673147177170,1786043673.145530447,/novatel/oem7/fix,/novatel/oem7/fix,/novatel/oem7/inspva,39.663,-75.756,-1.800171780,0.001205807,0.001199525,0.000567624,-0.001063849,0.001199525,,0,
1786043673148239967,1786043673.145944981,/novatel/oem7/odom,/novatel/oem7/fix,/novatel/oem7/odom,39.663,-75.756,-1.800171780,0.001208261,0.001197054,-0.001041108,0.000613179,0.001197054,,,
1786043673156472888,1786043673.155798592,/novatel/oem7/odom,/novatel/oem7/fix,/novatel/oem7/odom,39.663,-75.756,-1.800171780,0.001208261,0.001197054,-0.001041108,0.000613179,0.001197054,,,
1786043673165763136,1786043673.165457553,/novatel/oem7/inspva,/novatel/oem7/inspva,/novatel/oem7/inspva,39.663,-75.756,-1.800178958,0.001194389,-0.001707429,0.000102598,-0.001189974,-0.001707429,,novatel_oem7_msgs.msg.InertialSolutionStatus(status=3),
1786043673166383429,1786043673.165606122,/novatel/oem7/fix,/novatel/oem7/fix,/novatel/oem7/inspva,39.663,-75.756,-1.800178958,0.001194389,-0.001707429,0.000102598,-0.001189974,-0.001707429,,0,
1786043673167071742,1786043673.166213358,/novatel/oem7/odom,/novatel/oem7/fix,/novatel/oem7/odom,39.663,-75.756,-1.800178958,0.001188423,-0.001711586,-0.001177321,0.000162065,-0.001711586,,,
1786043673176599207,1786043673.176128162,/novatel/oem7/odom,/novatel/oem7/fix,/novatel/oem7/odom,39.663,-75.756,-1.800178958,0.001188423,-0.001711586,-0.001177321,0.000162065,-0.001711586,,,
1786043673185595649,1786043673.185010123,/novatel/oem7/inspva,/novatel/oem7/inspva,/novatel/oem7/inspva,39.663,-75.756,-1.800151567,0.000544760,-0.000511833,-0.000530280,0.000124767,-0.000511833,,novatel_oem7_msgs.msg.InertialSolutionStatus(status=3),
1786043673187043163,1786043673.185182032,/novatel/oem7/fix,/novatel/oem7/fix,/novatel/oem7/inspva,39.663,-75.756,-1.800151567,0.000544760,-0.000511833,-0.000530280,0.000124767,-0.000511833,,0,
1786043673188161877,1786043673.185668283,/novatel/oem7/odom,/novatel/oem7/fix,/novatel/oem7/odom,39.663,-75.756,-1.800151567,0.000543811,-0.000512841,0.000102046,-0.000534151,-0.000512841,,,
1786043673195067692,1786043673.194369442,/novatel/oem7/odom,/novatel/oem7/fix,/novatel/oem7/odom,39.663,-75.756,-1.800151567,0.000543811,-0.000512841,0.000102046,-0.000534151,-0.000512841,,,
1786043673206873176,1786043673.206389501,/novatel/oem7/inspva,/novatel/oem7/inspva,/novatel/oem7/inspva,39.663,-75.756,-1.800114185,0.000819716,0.002408256,-0.000813476,0.000100954,0.002408256,,novatel_oem7_msgs.msg.InertialSolutionStatus(status=3),
1786043673208198232,1786043673.206471297,/novatel/oem7/fix,/novatel/oem7/fix,/novatel/oem7/inspva,39.663,-75.756,-1.800114185,0.000819716,0.002408256,-0.000813476,0.000100954,0.002408256,,0,
1786043673209392544,1786043673.206879029,/novatel/oem7/odom,/novatel/oem7/fix,/novatel/oem7/odom,39.663,-75.756,-1.800114185,0.000825323,0.002406341,0.000053647,-0.000823577,0.002406341,,,
1786043673211619226,1786043673.210726567,/novatel/oem7/bestpos,/novatel/oem7/bestpos,/novatel/oem7/odom,39.663,-75.756,33.182232797,0.000825323,0.002406341,0.000053647,-0.000823577,0.002406341,,novatel_oem7_msgs.msg.SolutionStatus(status=0),novatel_oem7_msgs.msg.PositionOrVelocityType(type=53)
1786043673212601932,1786043673.210868038,/novatel/oem7/bestvel,/novatel/oem7/bestpos,/novatel/oem7/bestvel,39.663,-75.756,33.182232797,0.001383956,0.001608868,,,,110.973268955,novatel_oem7_msgs.msg.SolutionStatus(status=0),novatel_oem7_msgs.msg.PositionOrVelocityType(type=53)
1786043673215305545,1786043673.214608375,/novatel/oem7/odom,/novatel/oem7/bestpos,/novatel/oem7/odom,39.663,-75.756,33.182232797,0.000825323,0.002406341,0.000053647,-0.000823577,0.002406341,,,
1786043673225604081,1786043673.225040701,/novatel/oem7/inspva,/novatel/oem7/inspva,/novatel/oem7/inspva,39.663,-75.756,-1.800107703,0.000200966,0.001227845,-0.000177924,0.000093437,0.001227845,,novatel_oem7_msgs.msg.InertialSolutionStatus(status=3),
1786043673227013051,1786043673.225191603,/novatel/oem7/fix,/novatel/oem7/fix,/novatel/oem7/inspva,39.663,-75.756,-1.800107703,0.000200966,0.001227845,-0.000177924,0.000093437,0.001227845,,0,
1786043673228126055,1786043673.225572880,/novatel/oem7/odom,/novatel/oem7/fix,/novatel/oem7/odom,39.663,-75.756,-1.800107703,0.000201932,0.001227687,0.000080302,-0.000185278,0.001227687,,,
1786043673236280576,1786043673.235605542,/novatel/oem7/odom,/novatel/oem7/fix,/novatel/oem7/odom,39.663,-75.756,-1.800107703,0.000201932,0.001227687,0.000080302,-0.000185278,0.001227687,,,
1786043673245882781,1786043673.245288801,/novatel/oem7/inspva,/novatel/oem7/inspva,/novatel/oem7/inspva,39.663,-75.756,-1.800108024,0.001199801,-0.000796313,0.000698649,-0.000975404,-0.000796313,,novatel_oem7_msgs.msg.InertialSolutionStatus(status=3),
1786043673247358128,1786043673.245496507,/novatel/oem7/fix,/novatel/oem7/fix,/novatel/oem7/inspva,39.663,-75.756,-1.800108024,0.001199801,-0.000796313,0.000698649,-0.000975404,-0.000796313,,0,
1786043673248519353,1786043673.246054932,/novatel/oem7/odom,/novatel/oem7/fix,/novatel/oem7/odom,39.663,-75.756,-1.800108024,0.001198663,-0.000798025,-0.000938872,0.000745193,-0.000798025,,,
1786043673257179668,1786043673.256494622,/novatel/oem7/odom,/novatel/oem7/fix,/novatel/oem7/odom,39.663,-75.756,-1.800108024,0.001198663,-0.000798025,-0.000938872,0.000745193,-0.000798025,,,
1786043673266686199,1786043673.266125597,/novatel/oem7/inspva,/novatel/oem7/inspva,/novatel/oem7/inspva,39.663,-75.756,-1.800093680,0.000684507,-0.001363275,0.000197397,-0.000655427,-0.001363275,,novatel_oem7_msgs.msg.InertialSolutionStatus(status=3),
1786043673268079696,1786043673.266290715,/novatel/oem7/fix,/novatel/oem7/fix,/novatel/oem7/inspva,39.663,-75.756,-1.800093680,0.000684507,-0.001363275,0.000197397,-0.000655427,-0.001363275,,0,
1786043673269164170,1786043673.266681399,/novatel/oem7/odom,/novatel/oem7/fix,/novatel/oem7/odom,39.663,-75.756,-1.800093680,0.000680737,-0.001365161,-0.000640301,0.000231124,-0.001365161,,,
1786043673275098139,1786043673.274382922,/novatel/oem7/odom,/novatel/oem7/fix,/novatel/oem7/odom,39.663,-75.756,-1.800093680,0.000680737,-0.001365161,-0.000640301,0.000231124,-0.001365161,,,
1786043673285830561,1786043673.285241172,/novatel/oem7/inspva,/novatel/oem7/inspva,/novatel/oem7/inspva,39.663,-75.756,-1.800057678,0.001070997,0.001858671,-0.001043344,0.000241801,0.001858671,,novatel_oem7_msgs.msg.InertialSolutionStatus(status=3),
1786043673287276579,1786043673.285387080,/novatel/oem7/fix,/novatel/oem7/fix,/novatel/oem7/inspva,39.663,-75.756,-1.800057678,0.001070997,0.001858671,-0.001043344,0.000241801,0.001858671,,0,
1786043673288415867,1786043673.285792321,/novatel/oem7/odom,/novatel/oem7/fix,/novatel/oem7/odom,39.663,-75.756,-1.800057678,0.001074497,0.001856650,0.000185976,-0.001058280,0.001856650,,,
1786043673295701762,1786043673.295034539,/novatel/oem7/odom,/novatel/oem7/fix,/novatel/oem7/odom,39.663,-75.756,-1.800057678,0.001074497,0.001856650,0.000185976,-0.001058280,0.001856650,,,
1786043673306337690,1786043673.305829172,/novatel/oem7/inspva,/novatel/oem7/inspva,/novatel/oem7/inspva,39.663,-75.756,-1.800052386,0.000503312,0.001469605,-0.000500424,-0.000053838,0.001469605,,novatel_oem7_msgs.msg.InertialSolutionStatus(status=3),
1786043673308128881,1786043673.305980744,/novatel/oem7/fix,/novatel/oem7/fix,/novatel/oem7/inspva,39.663,-75.756,-1.800052386,0.000503312,0.001469605,-0.000500424,-0.000053838,0.001469605,,0,
1786043673309231726,1786043673.306480779,/novatel/oem7/odom,/novatel/oem7/fix,/novatel/oem7/odom,39.663,-75.756,-1.800052386,0.000507984,0.001467996,-0.000082703,-0.000501206,0.001467996,,,
1786043673310844862,1786043673.309315177,/novatel/oem7/bestpos,/novatel/oem7/bestpos,/novatel/oem7/odom,39.663,-75.756,33.182318730,0.000507984,0.001467996,-0.000082703,-0.000501206,0.001467996,,novatel_oem7_msgs.msg.SolutionStatus(status=0),novatel_oem7_msgs.msg.PositionOrVelocityType(type=53)
1786043673311893158,1786043673.309878982,/novatel/oem7/bestvel,/novatel/oem7/bestpos,/novatel/oem7/bestvel,39.663,-75.756,33.182318730,0.000657794,0.001041137,,,,119.172898894,novatel_oem7_msgs.msg.SolutionStatus(status=0),novatel_oem7_msgs.msg.PositionOrVelocityType(type=53)
1786043673315125087,1786043673.314431263,/novatel/oem7/odom,/novatel/oem7/bestpos,/novatel/oem7/odom,39.663,-75.756,33.182318730,0.000507984,0.001467996,-0.000082703,-0.000501206,0.001467996,,,
1786043673327102048,1786043673.326566460,/novatel/oem7/inspva,/novatel/oem7/inspva,/novatel/oem7/inspva,39.663,-75.756,-1.800053108,0.001489843,-0.000350397,0.000695288,-0.001317651,-0.000350397,,novatel_oem7_msgs.msg.InertialSolutionStatus(status=3),
1786043673328556013,1786043673.326743852,/novatel/oem7/fix,/novatel/oem7/fix,/novatel/oem7/inspva,39.663,-75.756,-1.800053108,0.001489843,-0.000350397,0.000695288,-0.001317651,-0.000350397,,0,
1786043673329645447,1786043673.327137082,/novatel/oem7/odom,/novatel/oem7/fix,/novatel/oem7/odom,39.663,-75.756,-1.800053108,0.001489136,-0.000353388,-0.001282641,0.000756544,-0.000353388,,,
1786043673335671360,1786043673.335011206,/novatel/oem7/odom,/novatel/oem7/fix,/novatel/oem7/odom,39.663,-75.756,-1.800053108,0.001489136,-0.000353388,-0.001282641,0.000756544,-0.000353388,,,
1786043673345507380,1786043673.344963011,/novatel/oem7/inspva,/novatel/oem7/inspva,/novatel/oem7/inspva,39.663,-75.756,-1.800031570,0.000914576,-0.000443813,0.000278493,-0.000871143,-0.000443813,,novatel_oem7_msgs.msg.InertialSolutionStatus(status=3),
1786043673346930828,1786043673.345156056,/novatel/oem7/fix,/novatel/oem7/fix,/novatel/oem7/inspva,39.663,-75.756,-1.800031570,0.000914576,-0.000443813,0.000278493,-0.000871143,-0.000443813,,0,
1786043673348059215,1786043673.345509224,/novatel/oem7/odom,/novatel/oem7/fix,/novatel/oem7/odom,39.663,-75.756,-1.800031570,0.000913365,-0.000446301,-0.000855570,0.000319743,-0.000446301,,,
1786043673356648614,1786043673.355958120,/novatel/oem7/odom,/novatel/oem7/fix,/novatel/oem7/odom,39.663,-75.756,-1.800031570,0.000913365,-0.000446301,-0.000855570,0.000319743,-0.000446301,,,
1786043673365789764,1786043673.365253172,/novatel/oem7/inspva,/novatel/oem7/inspva,/novatel/oem7/inspva,39.663,-75.756,-1.799990489,0.001508284,0.001502746,-0.001279665,-0.000798360,0.001502746,,novatel_oem7_msgs.msg.InertialSolutionStatus(status=3),
1786043673367152781,1786043673.365394610,/novatel/oem7/fix,/novatel/oem7/fix,/novatel/oem7/inspva,39.663,-75.756,-1.799990489,0.001508284,0.001502746,-0.001279665,-0.000798360,0.001502746,,0,
1786043673368277215,1786043673.365996869,/novatel/oem7/odom,/novatel/oem7/fix,/novatel/oem7/odom,39.663,-75.756,-1.799990489,0.001514819,0.001496158,-0.000862645,-0.001245199,0.001496158,,,
1786043673375772332,1786043673.375082479,/novatel/oem7/odom,/novatel/oem7/fix,/novatel/oem7/odom,39.663,-75.756,-1.799990489,0.001514819,0.001496158,-0.000862645,-0.001245199,0.001496158,,,
1786043673386792651,1786043673.386237572,/novatel/oem7/inspva,/novatel/oem7/inspva,/novatel/oem7/inspva,39.663,-75.756,-1.799968501,0.000995926,0.001812075,-0.000979700,-0.000179043,0.001812075,,novatel_oem7_msgs.msg.InertialSolutionStatus(status=3),
1786043673388208145,1786043673.386399450,/novatel/oem7/fix,/novatel/oem7/fix,/novatel/oem7/inspva,39.663,-75.756,-1.799968501,0.000995926,0.001812075,-0.000979700,-0.000179043,0.001812075,,0,
1786043673389309022,1786043673.386901482,/novatel/oem7/odom,/novatel/oem7/fix,/novatel/oem7/odom,39.663,-75.756,-1.799968501,0.001002157,0.001808637,-0.000231274,-0.000975106,0.001808637,,,
1786043673395177380,1786043673.394486737,/novatel/oem7/odom,/novatel/oem7/fix,/novatel/oem7/odom,39.663,-75.756,-1.799968501,0.001002157,0.001808637,-0.000231274,-0.000975106,0.001808637,,,
1786043673406971176,1786043673.406436378,/novatel/oem7/inspva,/novatel/oem7/inspva,/novatel/oem7/inspva,39.663,-75.756,-1.799951280,0.001399863,0.000896016,0.000672561,-0.001227712,0.000896016,,novatel_oem7_msgs.msg.InertialSolutionStatus(status=3),
1786043673408332480,1786043673.406594126,/novatel/oem7/fix,/novatel/oem7/fix,/novatel/oem7/inspva,39.663,-75.756,-1.799951280,0.001399863,0.000896016,0.000672561,-0.001227712,0.000896016,,0,
1786043673409413484,1786043673.407183982,/novatel/oem7/odom,/novatel/oem7/fix,/novatel/oem7/odom,39.663,-75.756,-1.799951280,0.001401611,0.000893279,-0.001198675,0.000726424,0.000893279,,,
1786043673410979370,1786043673.410290786,/novatel/oem7/bestpos,/novatel/oem7/bestpos,/novatel/oem7/odom,39.663,-75.756,33.182417695,0.001401611,0.000893279,-0.001198675,0.000726424,0.000893279,,novatel_oem7_msgs.msg.SolutionStatus(status=0),novatel_oem7_msgs.msg.PositionOrVelocityType(type=53)
1786043673412446771,1786043673.410773014,/novatel/oem7/bestvel,/novatel/oem7/bestpos,/novatel/oem7/bestvel,39.663,-75.756,33.182417695,0.001057680,0.000539579,,,,319.566508884,novatel_oem7_msgs.msg.SolutionStatus(status=0),novatel_oem7_msgs.msg.PositionOrVelocityType(type=53)
1786043673416024893,1786043673.415351309,/novatel/oem7/odom,/novatel/oem7/bestpos,/novatel/oem7/odom,39.663,-75.756,33.182417695,0.001401611,0.000893279,-0.001198675,0.000726424,0.000893279,,,
1786043673426573644,1786043673.426001441,/novatel/oem7/inspva,/novatel/oem7/inspva,/novatel/oem7/inspva,39.663,-75.756,-1.799918999,0.001367975,0.000621516,0.000688095,-0.001182320,0.000621516,,novatel_oem7_msgs.msg.InertialSolutionStatus(status=3),
1786043673427962527,1786043673.426119971,/novatel/oem7/fix,/novatel/oem7/fix,/novatel/oem7/inspva,39.663,-75.756,-1.799918999,0.001367975,0.000621516,0.000688095,-0.001182320,0.000621516,,0,
1786043673429046934,1786043673.426323057,/novatel/oem7/odom,/novatel/oem7/fix,/novatel/oem7/odom,39.663,-75.756,-1.799918999,0.001369117,0.000618997,-0.001151549,0.000740551,0.000618997,,,
1786043673435355480,1786043673.434650613,/novatel/oem7/odom,/novatel/oem7/fix,/novatel/oem7/odom,39.663,-75.756,-1.799918999,0.001369117,0.000618997,-0.001151549,0.000740551,0.000618997,,,
1786043673447081746,1786043673.446582081,/novatel/oem7/inspva,/novatel/oem7/inspva,/novatel/oem7/inspva,39.663,-75.756,-1.799891124,0.001238841,0.000128916,-0.001215699,-0.000238331,0.000128916,,novatel_oem7_msgs.msg.InertialSolutionStatus(status=3),
1786043673448498720,1786043673.446686179,/novatel/oem7/fix,/novatel/oem7/fix,/novatel/oem7/inspva,39.663,-75.756,-1.799891124,0.001238841,0.000128916,-0.001215699,-0.000238331,0.000128916,,0,
1786043673449580804,1786043673.447105266,/novatel/oem7/odom,/novatel/oem7/fix,/novatel/oem7/odom,39.663,-75.756,-1.799891124,0.001239280,0.000124627,-0.000294929,-0.001203674,0.000124627,,,
1786043673456938343,1786043673.456297587,/novatel/oem7/odom,/novatel/oem7/fix,/novatel/oem7/odom,39.663,-75.756,-1.799891124,0.001239280,0.000124627,-0.000294929,-0.001203674,0.000124627,,,
1786043673465629932,1786043673.465071204,/novatel/oem7/inspva,/novatel/oem7/inspva,/novatel/oem7/inspva,39.663,-75.756,-1.799864658,0.001368355,0.000758636,-0.001297848,-0.000433574,0.000758636,,novatel_oem7_msgs.msg.InertialSolutionStatus(status=3),
1786043673467058166,1786043673.465217745,/novatel/oem7/fix,/novatel/oem7/fix,/novatel/oem7/inspva,39.663,-75.756,-1.799864658,0.001368355,0.000758636,-0.001297848,-0.000433574,0.000758636,,0,
1786043673468194344,1786043673.465690456,/novatel/oem7/odom,/novatel/oem7/fix,/novatel/oem7/odom,39.663,-75.756,-1.799864658,0.001371253,0.000753386,-0.000496197,-0.001278328,0.000753386,,,
1786043673476058645,1786043673.475381432,/novatel/oem7/odom,/novatel/oem7/fix,/novatel/oem7/odom,39.663,-75.756,-1.799864658,0.001371253,0.000753386,-0.000496197,-0.001278328,0.000753386,,,
1786043673485700343,1786043673.485185882,/novatel/oem7/inspva,/novatel/oem7/inspva,/novatel/oem7/inspva,39.663,-75.756,-1.799842645,0.000793074,0.001431839,0.000686916,-0.000396373,0.001431839,,novatel_oem7_msgs.msg.InertialSolutionStatus(status=3),
1786043673487041640,1786043673.485320813,/novatel/oem7/fix,/novatel/oem7/fix,/novatel/oem7/inspva,39.663,-75.756,-1.799842645,0.000793074,0.001431839,0.000686916,-0.000396373,0.001431839,,0,
1786043673488150731,1786043673.485743118,/novatel/oem7/odom,/novatel/oem7/fix,/novatel/oem7/odom,39.663,-75.756,-1.799842645,0.000792310,0.001432261,-0.000369658,0.000700791,0.001432261,,,
1786043673495513870,1786043673.494838014,/novatel/oem7/odom,/novatel/oem7/fix,/novatel/oem7/odom,39.663,-75.756,-1.799842645,0.000792310,0.001432261,-0.000369658,0.000700791,0.001432261,,,
1786043673506493135,1786043673.505961323,/novatel/oem7/inspva,/novatel/oem7/inspva,/novatel/oem7/inspva,39.663,-75.756,-1.799820110,0.001924414,0.000857480,0.000612533,-0.001824328,0.000857480,,novatel_oem7_msgs.msg.InertialSolutionStatus(status=3),
1786043673507917666,1786043673.506102159,/novatel/oem7/fix,/novatel/oem7/fix,/novatel/oem7/inspva,39.663,-75.756,-1.799820110,0.001924414,0.000857480,0.000612533,-0.001824328,0.000857480,,0,
1786043673509020774,1786043673.506612204,/novatel/oem7/odom,/novatel/oem7/fix,/novatel/oem7/odom,39.663,-75.756,-1.799820110,0.001926721,0.000852282,-0.001797308,0.000694217,0.000852282,,,
1786043673511742847,1786043673.511146305,/novatel/oem7/bestpos,/novatel/oem7/bestpos,/novatel/oem7/odom,39.663,-75.756,33.182533704,0.001926721,0.000852282,-0.001797308,0.000694217,0.000852282,,novatel_oem7_msgs.msg.SolutionStatus(status=0),novatel_oem7_msgs.msg.PositionOrVelocityType(type=53)
1786043673513237759,1786043673.511575693,/novatel/oem7/bestvel,/novatel/oem7/bestpos,/novatel/oem7/bestvel,39.663,-75.756,33.182533704,0.000049171,0.000235793,,,,16.831990809,novatel_oem7_msgs.msg.SolutionStatus(status=0),novatel_oem7_msgs.msg.PositionOrVelocityType(type=53)
1786043673515291775,1786043673.514471846,/novatel/oem7/odom,/novatel/oem7/bestpos,/novatel/oem7/odom,39.663,-75.756,33.182533704,0.001926721,0.000852282,-0.001797308,0.000694217,0.000852282,,,
1786043673526490006,1786043673.525222018,/novatel/oem7/inspva,/novatel/oem7/inspva,/novatel/oem7/inspva,39.663,-75.756,-1.799801663,0.000990178,-0.000256188,0.000055803,-0.000988604,-0.000256188,,novatel_oem7_msgs.msg.InertialSolutionStatus(status=3),
1786043673527400202,1786043673.525334726,/novatel/oem7/fix,/novatel/oem7/fix,/novatel/oem7/inspva,39.663,-75.756,-1.799801663,0.000990178,-0.000256188,0.000055803,-0.000988604,-0.000256188,,0,
1786043673528981450,1786043673.526117067,/novatel/oem7/odom,/novatel/oem7/fix,/novatel/oem7/odom,39.663,-75.756,-1.799801663,0.001926675,0.000852387,-0.001797262,0.000694208,0.000852387,,,
1786043673536060587,1786043673.535388354,/novatel/oem7/odom,/novatel/oem7/fix,/novatel/oem7/odom,39.663,-75.756,-1.799801663,0.000989260,-0.000259709,-0.000983963,0.000102240,-0.000259709,,,
1786043673545448187,1786043673.544945596,/novatel/oem7/inspva,/novatel/oem7/inspva,/novatel/oem7/inspva,39.663,-75.756,-1.799772181,0.001202354,0.000515280,-0.001192595,0.000152880,0.000515280,,novatel_oem7_msgs.msg.InertialSolutionStatus(status=3),
1786043673546817700,1786043673.545029195,/novatel/oem7/fix,/novatel/oem7/fix,/novatel/oem7/inspva,39.663,-75.756,-1.799772181,0.001202354,0.000515280,-0.001192595,0.000152880,0.000515280,,0,
1786043673547914534,1786043673.545503100,/novatel/oem7/odom,/novatel/oem7/fix,/novatel/oem7/odom,39.663,-75.756,-1.799772181,0.001203540,0.000512504,0.000095439,-0.001199750,0.000512504,,,
1786043673556255000,1786043673.555609137,/novatel/oem7/odom,/novatel/oem7/fix,/novatel/oem7/odom,39.663,-75.756,-1.799772181,0.001203540,0.000512504,0.000095439,-0.001199750,0.000512504,,,
1786043673567065686,1786043673.566559871,/novatel/oem7/inspva,/novatel/oem7/inspva,/novatel/oem7/inspva,39.663,-75.756,-1.799735530,0.000638990,0.002435901,0.000238699,-0.000592732,0.002435901,,novatel_oem7_msgs.msg.InertialSolutionStatus(status=3),
1786043673568494500,1786043673.566677711,/novatel/oem7/fix,/novatel/oem7/fix,/novatel/oem7/inspva,39.663,-75.756,-1.799735530,0.000638990,0.002435901,0.000238699,-0.000592732,0.002435901,,0,
1786043673569608111,1786043673.567128544,/novatel/oem7/odom,/novatel/oem7/fix,/novatel/oem7/odom,39.663,-75.756,-1.799735530,0.000645077,0.002434296,-0.000590567,0.000259529,0.002434296,,,
1786043673575821427,1786043673.575129366,/novatel/oem7/odom,/novatel/oem7/fix,/novatel/oem7/odom,39.663,-75.756,-1.799735530,0.000645077,0.002434296,-0.000590567,0.000259529,0.002434296,,,
1786043673585663710,1786043673.585139749,/novatel/oem7/inspva,/novatel/oem7/inspva,/novatel/oem7/inspva,39.663,-75.756,-1.799716967,0.001228149,0.001749715,0.000209493,-0.001210150,0.001749715,,novatel_oem7_msgs.msg.InertialSolutionStatus(status=3),
1786043673586996810,1786043673.585304173,/novatel/oem7/fix,/novatel/oem7/fix,/novatel/oem7/inspva,39.663,-75.756,-1.799716967,0.001228149,0.001749715,0.000209493,-0.001210150,0.001749715,,0,
1786043673588057010,1786043673.585671040,/novatel/oem7/odom,/novatel/oem7/fix,/novatel/oem7/odom,39.663,-75.756,-1.799716967,0.001233798,0.001745736,-0.001205921,0.000260792,0.001745736,,,
1786043673596211621,1786043673.595558618,/novatel/oem7/odom,/novatel/oem7/fix,/novatel/oem7/odom,39.663,-75.756,-1.799716967,0.001233798,0.001745736,-0.001205921,0.000260792,0.001745736,,,
1786043673607137786,1786043673.606631661,/novatel/oem7/inspva,/novatel/oem7/inspva,/novatel/oem7/inspva,39.663,-75.756,-1.799697286,0.001147238,-0.000146813,-0.000047597,-0.001146250,-0.000146813,,novatel_oem7_msgs.msg.InertialSolutionStatus(status=3),
1786043673608588363,1786043673.606738229,/novatel/oem7/fix,/novatel/oem7/fix,/novatel/oem7/inspva,39.663,-75.756,-1.799697286,0.001147238,-0.000146813,-0.000047597,-0.001146250,-0.000146813,,0,
1786043673609713504,1786043673.607213403,/novatel/oem7/odom,/novatel/oem7/fix,/novatel/oem7/odom,39.663,-75.756,-1.799697286,0.001146664,-0.000151226,-0.001146649,0.000005980,-0.000151226,,,
1786043673611252309,1786043673.610181164,/novatel/oem7/bestpos,/novatel/oem7/bestpos,/novatel/oem7/odom,39.663,-75.756,33.182681473,0.001146664,-0.000151226,-0.001146649,0.000005980,-0.000151226,,novatel_oem7_msgs.msg.SolutionStatus(status=0),novatel_oem7_msgs.msg.PositionOrVelocityType(type=53)
1786043673612278216,1786043673.610585636,/novatel/oem7/bestvel,/novatel/oem7/bestpos,/novatel/oem7/bestvel,39.663,-75.756,33.182681473,0.001910924,0.000700576,,,,230.146130086,novatel_oem7_msgs.msg.SolutionStatus(status=0),novatel_oem7_msgs.msg.PositionOrVelocityType(type=53)
1786043673615022680,1786043673.614354507,/novatel/oem7/odom,/novatel/oem7/bestpos,/novatel/oem7/odom,39.663,-75.756,33.182681473,0.001146664,-0.000151226,-0.001146649,0.000005980,-0.000151226,,,
1786043673626715249,1786043673.626225840,/novatel/oem7/inspva,/novatel/oem7/inspva,/novatel/oem7/inspva,39.663,-75.756,-1.799667629,0.001316753,0.000306212,-0.001059969,-0.000781219,0.000306212,,novatel_oem7_msgs.msg.InertialSolutionStatus(status=3),
1786043673628093815,1786043673.626308979,/novatel/oem7/fix,/novatel/oem7/fix,/novatel/oem7/inspva,39.663,-75.756,-1.799667629,0.001316753,0.000306212,-0.001059969,-0.000781219,0.000306212,,0,
1786043673629222527,1786043673.626764096,/novatel/oem7/odom,/novatel/oem7/fix,/novatel/oem7/odom,39.663,-75.756,-1.799667629,0.001318107,0.000300331,-0.000830692,-0.001023404,0.000300331,,,
1786043673635134725,1786043673.634466422,/novatel/oem7/odom,/novatel/oem7/fix,/novatel/oem7/odom,39.663,-75.756,-1.799667629,0.001318107,0.000300331,-0.000830692,-0.001023404,0.000300331,,,
1786043673645808950,1786043673.645283882,/novatel/oem7/inspva,/novatel/oem7/inspva,/novatel/oem7/inspva,39.663,-75.756,-1.799639077,0.000460853,0.001718042,-0.000391060,0.000243840,0.001718042,,novatel_oem7_msgs.msg.InertialSolutionStatus(status=3),
1786043673647132483,1786043673.645466291,/novatel/oem7/fix,/novatel/oem7/fix,/novatel/oem7/inspva,39.663,-75.756,-1.799639077,0.000460853,0.001718042,-0.000391060,0.000243840,0.001718042,,0,
1786043673648193684,1786043673.646173187,/novatel/oem7/odom,/novatel/oem7/fix,/novatel/oem7/odom,39.663,-75.756,-1.799639077,0.000461592,0.001717844,0.000218769,-0.000406457,0.001717844,,,
1786043673657200736,1786043673.656544509,/novatel/oem7/odom,/novatel/oem7/fix,/novatel/oem7/odom,39.663,-75.756,-1.799639077,0.000461592,0.001717844,0.000218769,-0.000406457,0.001717844,,,
1786043673665465271,1786043673.664967539,/novatel/oem7/inspva,/novatel/oem7/inspva,/novatel/oem7/inspva,39.663,-75.756,-1.799618214,0.001090125,0.001985074,-0.000178097,-0.001075479,0.001985074,,novatel_oem7_msgs.msg.InertialSolutionStatus(status=3),
1786043673666823404,1786043673.665051661,/novatel/oem7/fix,/novatel/oem7/fix,/novatel/oem7/inspva,39.663,-75.756,-1.799618214,0.001090125,0.001985074,-0.000178097,-0.001075479,0.001985074,,0,
1786043673667914168,1786043673.665549795,/novatel/oem7/odom,/novatel/oem7/fix,/novatel/oem7/odom,39.663,-75.756,-1.799618214,0.001098449,0.001980480,-0.001090342,-0.000133210,0.001980480,,,
1786043673675024205,1786043673.674386319,/novatel/oem7/odom,/novatel/oem7/fix,/novatel/oem7/odom,39.663,-75.756,-1.799618214,0.001098449,0.001980480,-0.001090342,-0.000133210,0.001980480,,,
1786043673686873972,1786043673.686398858,/novatel/oem7/inspva,/novatel/oem7/inspva,/novatel/oem7/inspva,39.663,-75.756,-1.799610507,0.002200468,-0.000163155,-0.000194785,-0.002191830,-0.000163155,,novatel_oem7_msgs.msg.InertialSolutionStatus(status=3),
1786043673688202499,1786043673.686484091,/novatel/oem7/fix,/novatel/oem7/fix,/novatel/oem7/inspva,39.663,-75.756,-1.799610507,0.002200468,-0.000163155,-0.000194785,-0.002191830,-0.000163155,,0,
1786043673689276799,1786043673.687062144,/novatel/oem7/odom,/novatel/oem7/fix,/novatel/oem7/odom,39.663,-75.756,-1.799610507,0.002199802,-0.000171909,-0.002197855,-0.000092519,-0.000171909,,,
1786043673695623772,1786043673.694952935,/novatel/oem7/odom,/novatel/oem7/fix,/novatel/oem7/odom,39.663,-75.756,-1.799610507,0.002199802,-0.000171909,-0.002197855,-0.000092519,-0.000171909,,,
1786043673706338901,1786043673.705827679,/novatel/oem7/inspva,/novatel/oem7/inspva,/novatel/oem7/inspva,39.663,-75.756,-1.799577952,0.001178183,-0.000023011,-0.000972195,-0.000665546,-0.000023011,,novatel_oem7_msgs.msg.InertialSolutionStatus(status=3),
1786043673707732955,1786043673.706003191,/novatel/oem7/fix,/novatel/oem7/fix,/novatel/oem7/inspva,39.663,-75.756,-1.799577952,0.001178183,-0.000023011,-0.000972195,-0.000665546,-0.000023011,,0,
1786043673708850635,1786043673.706500792,/novatel/oem7/odom,/novatel/oem7/fix,/novatel/oem7/odom,39.663,-75.756,-1.799577952,0.001178070,-0.000028207,-0.000709818,-0.000940217,-0.000028207,,,
1786043673710342800,1786043673.709345827,/novatel/oem7/bestpos,/novatel/oem7/bestpos,/novatel/oem7/odom,39.663,-75.756,33.182787127,0.001178070,-0.000028207,-0.000709818,-0.000940217,-0.000028207,,novatel_oem7_msgs.msg.SolutionStatus(status=0),novatel_oem7_msgs.msg.PositionOrVelocityType(type=53)
1786043673711834879,1786043673.709914027,/novatel/oem7/bestvel,/novatel/oem7/bestpos,/novatel/oem7/bestvel,39.663,-75.756,33.182787127,0.001875382,0.000488620,,,,208.793451785,novatel_oem7_msgs.msg.SolutionStatus(status=0),novatel_oem7_msgs.msg.PositionOrVelocityType(type=53)
1786043673716130597,1786043673.715500965,/novatel/oem7/odom,/novatel/oem7/bestpos,/novatel/oem7/odom,39.663,-75.756,33.182787127,0.001178070,-0.000028207,-0.000709818,-0.000940217,-0.000028207,,,
1786043673725925934,1786043673.725438188,/novatel/oem7/inspva,/novatel/oem7/inspva,/novatel/oem7/inspva,39.663,-75.756,-1.799536147,0.000966215,0.002490249,-0.000952481,-0.000162331,0.002490249,,novatel_oem7_msgs.msg.InertialSolutionStatus(status=3),
1786043673727295577,1786043673.725524284,/novatel/oem7/fix,/novatel/oem7/fix,/novatel/oem7/inspva,39.663,-75.756,-1.799536147,0.000966215,0.002490249,-0.000952481,-0.000162331,0.002490249,,0,
1786043673728396698,1786043673.726036455,/novatel/oem7/odom,/novatel/oem7/fix,/novatel/oem7/odom,39.663,-75.756,-1.799536147,0.000974679,0.002486948,-0.000216082,-0.000950425,0.002486948,,,
1786043673735470578,1786043673.734811635,/novatel/oem7/odom,/novatel/oem7/fix,/novatel/oem7/odom,39.663,-75.756,-1.799536147,0.000974679,0.002486948,-0.000216082,-0.000950425,0.002486948,,,
1786043673746576001,1786043673.746067704,/novatel/oem7/inspva,/novatel/oem7/inspva,/novatel/oem7/inspva,39.663,-75.756,-1.799519750,0.000683704,0.002036639,-0.000581628,-0.000359388,0.002036639,,novatel_oem7_msgs.msg.InertialSolutionStatus(status=3),
1786043673747897618,1786043673.746181098,/novatel/oem7/fix,/novatel/oem7/fix,/novatel/oem7/inspva,39.663,-75.756,-1.799519750,0.000683704,0.002036639,-0.000581628,-0.000359388,0.002036639,,0,
1786043673748939305,1786043673.746631982,/novatel/oem7/odom,/novatel/oem7/fix,/novatel/oem7/odom,39.663,-75.756,-1.799519750,0.000692587,0.002033636,-0.000393893,-0.000569670,0.002033636,,,
1786043673757601723,1786043673.755974364,/novatel/oem7/odom,/novatel/oem7/fix,/novatel/oem7/odom,39.663,-75.756,-1.799519750,0.000692587,0.002033636,-0.000393893,-0.000569670,0.002033636,,,
1786043673765583102,1786043673.765295986,/novatel/oem7/inspva,/novatel/oem7/inspva,/novatel/oem7/inspva,39.663,-75.756,-1.799503899,0.001710043,0.000765812,0.000653255,-0.001580350,0.000765812,,novatel_oem7_msgs.msg.InertialSolutionStatus(status=3),
1786043673766700463,1786043673.765461311,/novatel/oem7/fix,/novatel/oem7/fix,/novatel/oem7/inspva,39.663,-75.756,-1.799503899,0.001710043,0.000765812,0.000653255,-0.001580350,0.000765812,,0,
1786043673767601639,1786043673.766137245,/novatel/oem7/odom,/novatel/oem7/fix,/novatel/oem7/odom,39.663,-75.756,-1.799503899,0.001711884,0.000761687,-0.001551305,0.000723879,0.000761687,,,
1786043673775801066,1786043673.775474710,/novatel/oem7/odom,/novatel/oem7/fix,/novatel/oem7/odom,39.663,-75.756,-1.799503899,0.001711884,0.000761687,-0.001551305,0.000723879,0.000761687,,,
1786043673785682417,1786043673.785127485,/novatel/oem7/inspva,/novatel/oem7/inspva,/novatel/oem7/inspva,39.663,-75.756,-1.799472405,0.001544515,0.000059596,-0.000050814,-0.001543679,0.000059596,,novatel_oem7_msgs.msg.InertialSolutionStatus(status=3),
1786043673787006624,1786043673.785268353,/novatel/oem7/fix,/novatel/oem7/fix,/novatel/oem7/inspva,39.663,-75.756,-1.799472405,0.001544515,0.000059596,-0.000050814,-0.001543679,0.000059596,,0,
1786043673787559926,1786043673.785723678,/novatel/oem7/odom,/novatel/oem7/fix,/novatel/oem7/odom,39.663,-75.756,-1.799472405,0.001544732,0.000053658,-0.001544594,0.000020711,0.000053658,,,
1786043673794789806,1786043673.794456294,/novatel/oem7/odom,/novatel/oem7/fix,/novatel/oem7/odom,39.663,-75.756,-1.799472405,0.001544732,0.000053658,-0.001544594,0.000020711,0.000053658,,,
1786043673806645257,1786043673.806104325,/novatel/oem7/inspva,/novatel/oem7/inspva,/novatel/oem7/inspva,39.663,-75.756,-1.799425627,0.001345563,0.002557499,-0.001340499,0.000116626,0.002557499,,novatel_oem7_msgs.msg.InertialSolutionStatus(status=3),
1786043673807982241,1786043673.806241410,/novatel/oem7/fix,/novatel/oem7/fix,/novatel/oem7/inspva,39.663,-75.756,-1.799425627,0.001345563,0.002557499,-0.001340499,0.000116626,0.002557499,,0,
1786043673809039381,1786043673.806729965,/novatel/oem7/odom,/novatel/oem7/fix,/novatel/oem7/odom,39.663,-75.756,-1.799425627,0.001351938,0.002554135,0.000044374,-0.001351210,0.002554135,,,
1786043673810939940,1786043673.810043178,/novatel/oem7/bestpos,/novatel/oem7/bestpos,/novatel/oem7/odom,39.663,-75.756,33.182914349,0.001351938,0.002554135,0.000044374,-0.001351210,0.002554135,,novatel_oem7_msgs.msg.SolutionStatus(status=0),novatel_oem7_msgs.msg.PositionOrVelocityType(type=53)
1786043673812338234,1786043673.810465882,/novatel/oem7/bestvel,/novatel/oem7/bestpos,/novatel/oem7/bestvel,39.663,-75.756,33.182914349,0.000735196,0.002261312,,,,179.142661067,novatel_oem7_msgs.msg.SolutionStatus(status=0),novatel_oem7_msgs.msg.PositionOrVelocityType(type=53)
1786043673815648973,1786043673.815007663,/novatel/oem7/odom,/novatel/oem7/bestpos,/novatel/oem7/odom,39.663,-75.756,33.182914349,0.001351938,0.002554135,0.000044374,-0.001351210,0.002554135,,,
1786043673825696322,1786043673.825165333,/novatel/oem7/inspva,/novatel/oem7/inspva,/novatel/oem7/inspva,39.663,-75.756,-1.799403142,0.000928164,0.002440113,-0.000928137,0.000007043,0.002440113,,novatel_oem7_msgs.msg.InertialSolutionStatus(status=3),
1786043673827105472,1786043673.825315982,/novatel/oem7/fix,/novatel/oem7/fix,/novatel/oem7/inspva,39.663,-75.756,-1.799403142,0.000928164,0.002440113,-0.000928137,0.000007043,0.002440113,,0,
1786043673828215410,1786043673.825768276,/novatel/oem7/odom,/novatel/oem7/fix,/novatel/oem7/odom,39.663,-75.756,-1.799403142,0.000934983,0.002437508,-0.000045515,-0.000933874,0.002437508,,,
1786043673836401264,1786043673.835768925,/novatel/oem7/odom,/novatel/oem7/fix,/novatel/oem7/odom,39.663,-75.756,-1.799403142,0.000934983,0.002437508,-0.000045515,-0.000933874,0.002437508,,,
1786043673846472490,1786043673.845978519,/novatel/oem7/inspva,/novatel/oem7/inspva,/novatel/oem7/inspva,39.663,-75.756,-1.799384377,0.001460402,0.001123577,0.000796757,-0.001223909,0.001123577,,novatel_oem7_msgs.msg.InertialSolutionStatus(status=3),
1786043673847814601,1786043673.846112440,/novatel/oem7/fix,/novatel/oem7/fix,/novatel/oem7/inspva,39.663,-75.756,-1.799384377,0.001460402,0.001123577,0.000796757,-0.001223909,0.001123577,,0,
1786043673848888671,1786043673.846868161,/novatel/oem7/odom,/novatel/oem7/fix,/novatel/oem7/odom,39.663,-75.756,-1.799384377,0.001462215,0.001121217,-0.001189961,0.000849744,0.001121217,,,
1786043673858179703,1786043673.856241190,/novatel/oem7/odom,/novatel/oem7/fix,/novatel/oem7/odom,39.663,-75.756,-1.799384377,0.001462215,0.001121217,-0.001189961,0.000849744,0.001121217,,,
1786043673866912775,1786043673.866228692,/novatel/oem7/inspva,/novatel/oem7/inspva,/novatel/oem7/inspva,39.663,-75.756,-1.799350148,0.001623479,0.000777727,0.000438217,-0.001563218,0.000777727,,novatel_oem7_msgs.msg.InertialSolutionStatus(status=3),
1786043673868946815,1786043673.866364662,/novatel/oem7/fix,/novatel/oem7/fix,/novatel/oem7/inspva,39.663,-75.756,-1.799350148,0.001623479,0.000777727,0.000438217,-0.001563218,0.000777727,,0,
1786043673870689899,1786043673.866965506,/novatel/oem7/odom,/novatel/oem7/fix,/novatel/oem7/odom,39.663,-75.756,-1.799350148,0.001625705,0.000773063,-0.001544213,0.000508256,0.000773063,,,
1786043673875013887,1786043673.874513440,/novatel/oem7/odom,/novatel/oem7/fix,/novatel/oem7/odom,39.663,-75.756,-1.799350148,0.001625705,0.000773063,-0.001544213,0.000508256,0.000773063,,,
1786043673885886623,1786043673.885315462,/novatel/oem7/inspva,/novatel/oem7/inspva,/novatel/oem7/inspva,39.663,-75.756,-1.799311429,0.002158803,0.001440447,-0.001957837,-0.000909563,0.001440447,,novatel_oem7_msgs.msg.InertialSolutionStatus(status=3),
1786043673887327350,1786043673.885394095,/novatel/oem7/fix,/novatel/oem7/fix,/novatel/oem7/inspva,39.663,-75.756,-1.799311429,0.002158803,0.001440447,-0.001957837,-0.000909563,0.001440447,,0,
1786043673888405477,1786043673.886051244,/novatel/oem7/odom,/novatel/oem7/fix,/novatel/oem7/odom,39.663,-75.756,-1.799311429,0.002164707,0.001431559,-0.001004943,-0.001917302,0.001431559,,,
1786043673896865785,1786043673.895678633,/novatel/oem7/odom,/novatel/oem7/fix,/novatel/oem7/odom,39.663,-75.756,-1.799311429,0.002164707,0.001431559,-0.001004943,-0.001917302,0.001431559,,,
1786043673906774615,1786043673.906037034,/novatel/oem7/inspva,/novatel/oem7/inspva,/novatel/oem7/inspva,39.663,-75.756,-1.799278464,0.001443350,0.002180927,-0.001407894,0.000317955,0.002180927,,novatel_oem7_msgs.msg.InertialSolutionStatus(status=3),
1786043673908561813,1786043673.906172814,/novatel/oem7/fix,/novatel/oem7/fix,/novatel/oem7/inspva,39.663,-75.756,-1.799278464,0.001443350,0.002180927,-0.001407894,0.000317955,0.002180927,,0,
1786043673910050081,1786043673.906684125,/novatel/oem7/odom,/novatel/oem7/fix,/novatel/oem7/odom,39.663,-75.756,-1.799278464,0.001447527,0.002178157,0.000243863,-0.001426837,0.002178157,,,
1786043673911967104,1786043673.909696663,/novatel/oem7/bestpos,/novatel/oem7/bestpos,/novatel/oem7/odom,39.663,-75.756,33.183075760,0.001447527,0.002178157,0.000243863,-0.001426837,0.002178157,,novatel_oem7_msgs.msg.SolutionStatus(status=0),novatel_oem7_msgs.msg.PositionOrVelocityType(type=53)
1786043673913252306,1786043673.910323047,/novatel/oem7/bestvel,/novatel/oem7/bestpos,/novatel/oem7/bestvel,39.663,-75.756,33.183075760,0.000897926,0.002098370,,,,186.440918366,novatel_oem7_msgs.msg.SolutionStatus(status=0),novatel_oem7_msgs.msg.PositionOrVelocityType(type=53)
1786043673915595809,1786043673.914528149,/novatel/oem7/odom,/novatel/oem7/bestpos,/novatel/oem7/odom,39.663,-75.756,33.183075760,0.001447527,0.002178157,0.000243863,-0.001426837,0.002178157,,,
1786043673928010672,1786043673.927098776,/novatel/oem7/inspva,/novatel/oem7/inspva,/novatel/oem7/inspva,39.663,-75.756,-1.799250447,0.001329778,0.002079306,-0.000118796,-0.001324461,0.002079306,,novatel_oem7_msgs.msg.InertialSolutionStatus(status=3),
1786043673930100623,1786043673.927330522,/novatel/oem7/fix,/novatel/oem7/fix,/novatel/oem7/inspva,39.663,-75.756,-1.799250447,0.001329778,0.002079306,-0.000118796,-0.001324461,0.002079306,,0,
1786043673931575207,1786043673.927818403,/novatel/oem7/odom,/novatel/oem7/fix,/novatel/oem7/odom,39.663,-75.756,-1.799250447,0.001338100,0.002073961,-0.001336634,-0.000062620,0.002073961,,,
1786043673935793552,1786043673.935022757,/novatel/oem7/odom,/novatel/oem7/fix,/novatel/oem7/odom,39.663,-75.756,-1.799250447,0.001338100,0.002073961,-0.001336634,-0.000062620,0.002073961,,,
1786043673945625426,1786043673.944935037,/novatel/oem7/inspva,/novatel/oem7/inspva,/novatel/oem7/inspva,39.663,-75.756,-1.799224707,0.001451386,0.001131978,0.000554202,-0.001341410,0.001131978,,novatel_oem7_msgs.msg.InertialSolutionStatus(status=3),
1786043673947401386,1786043673.945049956,/novatel/oem7/fix,/novatel/oem7/fix,/novatel/oem7/inspva,39.663,-75.756,-1.799224707,0.001451386,0.001131978,0.000554202,-0.001341410,0.001131978,,0,
1786043673948536274,1786043673.945436655,/novatel/oem7/odom,/novatel/oem7/fix,/novatel/oem7/odom,39.663,-75.756,-1.799224707,0.001454102,0.001128486,-0.001318624,0.000612898,0.001128486,,,
1786043673956714435,1786043673.955740099,/novatel/oem7/odom,/novatel/oem7/fix,/novatel/oem7/odom,39.663,-75.756,-1.799224707,0.001454102,0.001128486,-0.001318624,0.000612898,0.001128486,,,
1786043673966321096,1786043673.965498502,/novatel/oem7/inspva,/novatel/oem7/inspva,/novatel/oem7/inspva,39.663,-75.756,-1.799205298,0.001912466,-0.000162704,-0.001864275,-0.000426620,-0.000162704,,novatel_oem7_msgs.msg.InertialSolutionStatus(status=3),
1786043673968383423,1786043673.965658163,/novatel/oem7/fix,/novatel/oem7/fix,/novatel/oem7/inspva,39.663,-75.756,-1.799205298,0.001912466,-0.000162704,-0.001864275,-0.000426620,-0.000162704,,0,
1786043673970003850,1786043673.966295803,/novatel/oem7/odom,/novatel/oem7/fix,/novatel/oem7/odom,39.663,-75.756,-1.799205298,0.001911879,-0.000169454,-0.000512007,-0.001842045,-0.000169454,,,
1786043673975804744,1786043673.974939941,/novatel/oem7/odom,/novatel/oem7/fix,/novatel/oem7/odom,39.663,-75.756,-1.799205298,0.001911879,-0.000169454,-0.000512007,-0.001842045,-0.000169454,,,
1786043673986635287,1786043673.986024876,/novatel/oem7/inspva,/novatel/oem7/inspva,/novatel/oem7/inspva,39.663,-75.756,-1.799166489,0.001613204,0.000817770,-0.001533933,-0.000499476,0.000817770,,novatel_oem7_msgs.msg.InertialSolutionStatus(status=3),
1786043673988103358,1786043673.986132494,/novatel/oem7/fix,/novatel/oem7/fix,/novatel/oem7/inspva,39.663,-75.756,-1.799166489,0.001613204,0.000817770,-0.001533933,-0.000499476,0.000817770,,0,
1786043673989207996,1786043673.986478779,/novatel/oem7/odom,/novatel/oem7/fix,/novatel/oem7/odom,39.663,-75.756,-1.799166489,0.001616303,0.000811627,-0.000573241,-0.001511235,0.000811627,,,
1786043673995670003,1786043673.994669186,/novatel/oem7/odom,/novatel/oem7/fix,/novatel/oem7/odom,39.663,-75.756,-1.799166489,0.001616303,0.000811627,-0.000573241,-0.001511235,0.000811627,,,
1786043674010869406,1786043674.010149735,/novatel/oem7/inspva,/novatel/oem7/inspva,/novatel/oem7/inspva,39.663,-75.756,-1.799124958,0.000795045,0.003029144,-0.000424493,-0.000672237,0.003029144,,novatel_oem7_msgs.msg.InertialSolutionStatus(status=3),
1786043674012564146,1786043674.010300743,/novatel/oem7/fix,/novatel/oem7/fix,/novatel/oem7/inspva,39.663,-75.756,-1.799124958,0.000795045,0.003029144,-0.000424493,-0.000672237,0.003029144,,0,
1786043674013966690,1786043674.011502626,/novatel/oem7/odom,/novatel/oem7/fix,/novatel/oem7/odom,39.663,-75.756,-1.799124958,0.000809195,0.003025395,-0.000703001,-0.000400732,0.003025395,,,
1786043674017133655,1786043674.016506005,/novatel/oem7/odom,/novatel/oem7/fix,/novatel/oem7/odom,39.663,-75.756,-1.799124958,0.000809195,0.003025395,-0.000703001,-0.000400732,0.003025395,,,
1786043674027336258,1786043674.026304512,/novatel/oem7/bestpos,/novatel/oem7/bestpos,/novatel/oem7/odom,39.663,-75.756,33.183219649,0.000809195,0.003025395,-0.000703001,-0.000400732,0.003025395,,novatel_oem7_msgs.msg.SolutionStatus(status=0),novatel_oem7_msgs.msg.PositionOrVelocityType(type=53)
1786043674029488940,1786043674.026607751,/novatel/oem7/bestvel,/novatel/oem7/bestpos,/novatel/oem7/bestvel,39.663,-75.756,33.183219649,0.000272557,0.002352861,,,,108.514929410,novatel_oem7_msgs.msg.SolutionStatus(status=0),novatel_oem7_msgs.msg.PositionOrVelocityType(type=53)
1786043674030728202,1786043674.027097983,/novatel/oem7/inspva,/novatel/oem7/inspva,/novatel/oem7/inspva,39.663,-75.756,-1.799105464,0.001258566,0.001758646,0.000238068,-0.001235844,0.001758646,,novatel_oem7_msgs.msg.InertialSolutionStatus(status=3),
1786043674031812893,1786043674.027292848,/novatel/oem7/fix,/novatel/oem7/fix,/novatel/oem7/inspva,39.663,-75.756,-1.799105464,0.001258566,0.001758646,0.000238068,-0.001235844,0.001758646,,0,
1786043674033211140,1786043674.027771043,/novatel/oem7/odom,/novatel/oem7/fix,/novatel/oem7/odom,39.663,-75.756,-1.799105464,0.001264163,0.001754627,-0.001230305,0.000290614,0.001754627,,,
1786043674035742908,1786043674.034537291,/novatel/oem7/odom,/novatel/oem7/fix,/novatel/oem7/odom,39.663,-75.756,-1.799105464,0.001264163,0.001754627,-0.001230305,0.000290614,0.001754627,,,
1786043674047967032,1786043674.047271892,/novatel/oem7/inspva,/novatel/oem7/inspva,/novatel/oem7/inspva,39.663,-75.756,-1.799137712,0.001306302,-0.000634685,-0.000915647,-0.000931673,-0.000634685,,novatel_oem7_msgs.msg.InertialSolutionStatus(status=3),
1786043674049246882,1786043674.047513394,/novatel/oem7/fix,/novatel/oem7/fix,/novatel/oem7/inspva,39.663,-75.756,-1.799137712,0.001306302,-0.000634685,-0.000915647,-0.000931673,-0.000634685,,0,
1786043674050261965,1786043674.047895255,/novatel/oem7/odom,/novatel/oem7/fix,/novatel/oem7/odom,39.663,-75.756,-1.799137712,0.001303380,-0.000640664,-0.000970715,-0.000869776,-0.000640664,,,
1786043674057561050,1786043674.056603044,/novatel/oem7/odom,/novatel/oem7/fix,/novatel/oem7/odom,39.663,-75.756,-1.799137712,0.001303380,-0.000640664,-0.000970715,-0.000869776,-0.000640664,,,
1786043674065918303,1786043674.065065415,/novatel/oem7/inspva,/novatel/oem7/inspva,/novatel/oem7/inspva,39.663,-75.756,-1.799156213,0.001186983,0.000156274,-0.001181930,-0.000109411,0.000156274,,novatel_oem7_msgs.msg.InertialSolutionStatus(status=3),
1786043674067395474,1786043674.065315913,/novatel/oem7/fix,/novatel/oem7/fix,/novatel/oem7/inspva,39.663,-75.756,-1.799156213,0.001186983,0.000156274,-0.001181930,-0.000109411,0.000156274,,0,
1786043674068489102,1786043674.065756154,/novatel/oem7/odom,/novatel/oem7/fix,/novatel/oem7/odom,39.663,-75.756,-1.799156213,0.001187462,0.000152590,-0.000164755,-0.001175977,0.000152590,,,
1786043674076369896,1786043674.075735864,/novatel/oem7/odom,/novatel/oem7/fix,/novatel/oem7/odom,39.663,-75.756,-1.799156213,0.001187462,0.000152590,-0.000164755,-0.001175977,0.000152590,,,
1786043674086226387,1786043674.085598657,/novatel/oem7/inspva,/novatel/oem7/inspva,/novatel/oem7/inspva,39.663,-75.756,-1.799151886,0.001281199,0.003176192,-0.001229642,-0.000359793,0.003176192,,novatel_oem7_msgs.msg.InertialSolutionStatus(status=3),
1786043674087789935,1786043674.085803372,/novatel/oem7/fix,/novatel/oem7/fix,/novatel/oem7/inspva,39.663,-75.756,-1.799151886,0.001281199,0.003176192,-0.001229642,-0.000359793,0.003176192,,0,
1786043674088850509,1786043674.086660404,/novatel/oem7/odom,/novatel/oem7/fix,/novatel/oem7/odom,39.663,-75.756,-1.799151886,0.001293088,0.003171370,-0.000428886,-0.001219891,0.003171370,,,
1786043674096197135,1786043674.095050644,/novatel/oem7/odom,/novatel/oem7/fix,/novatel/oem7/odom,39.663,-75.756,-1.799151886,0.001293088,0.003171370,-0.000428886,-0.001219891,0.003171370,,,
1786043674107044299,1786043674.106089709,/novatel/oem7/inspva,/novatel/oem7/inspva,/novatel/oem7/inspva,39.663,-75.756,-1.799193237,0.000677781,0.002195539,-0.000504778,-0.000452312,0.002195539,,novatel_oem7_msgs.msg.InertialSolutionStatus(status=3),
1786043674109017281,1786043674.106393989,/novatel/oem7/fix,/novatel/oem7/fix,/novatel/oem7/inspva,39.663,-75.756,-1.799193237,0.000677781,0.002195539,-0.000504778,-0.000452312,0.002195539,,0,
1786043674110534196,1786043674.106775971,/novatel/oem7/odom,/novatel/oem7/fix,/novatel/oem7/odom,39.663,-75.756,-1.799193237,0.000687829,0.002192411,-0.000483778,-0.000488946,0.002192411,,,
1786043674112590237,1786043674.110020568,/novatel/oem7/bestpos,/novatel/oem7/bestpos,/novatel/oem7/odom,39.663,-75.756,33.183121256,0.000687829,0.002192411,-0.000483778,-0.000488946,0.002192411,,novatel_oem7_msgs.msg.SolutionStatus(status=0),novatel_oem7_msgs.msg.PositionOrVelocityType(type=53)
1786043674113798189,1786043674.110804776,/novatel/oem7/bestvel,/novatel/oem7/bestpos,/novatel/oem7/bestvel,39.663,-75.756,33.183121256,0.000166335,0.001798465,,,,224.455657087,novatel_oem7_msgs.msg.SolutionStatus(status=0),novatel_oem7_msgs.msg.PositionOrVelocityType(type=53)
1786043674116256530,1786043674.115660999,/novatel/oem7/odom,/novatel/oem7/bestpos,/novatel/oem7/odom,39.663,-75.756,33.183121256,0.000687829,0.002192411,-0.000483778,-0.000488946,0.002192411,,,
1786043674126388403,1786043674.125396216,/novatel/oem7/inspva,/novatel/oem7/inspva,/novatel/oem7/inspva,39.663,-75.756,-1.799239671,0.001075042,-0.000908761,0.000141458,-0.001065695,-0.000908761,,novatel_oem7_msgs.msg.InertialSolutionStatus(status=3),
1786043674128371194,1786043674.125724256,/novatel/oem7/fix,/novatel/oem7/fix,/novatel/oem7/inspva,39.663,-75.756,-1.799239671,0.001075042,-0.000908761,0.000141458,-0.001065695,-0.000908761,,0,
1786043674135856065,1786043674.127123956,/novatel/oem7/odom,/novatel/oem7/fix,/novatel/oem7/odom,39.663,-75.756,-1.799239671,0.001072011,-0.000912334,-0.001054471,0.000193130,-0.000912334,,,
1786043674145251760,1786043674.135636946,/novatel/oem7/odom,/novatel/oem7/fix,/novatel/oem7/odom,39.663,-75.756,-1.799239671,0.001072011,-0.000912334,-0.001054471,0.000193130,-0.000912334,,,
1786043674148591202,1786043674.146076293,/novatel/oem7/inspva,/novatel/oem7/inspva,/novatel/oem7/inspva,39.663,-75.756,-1.799259943,0.000792046,0.000087824,-0.000481264,-0.000629064,0.000087824,,novatel_oem7_msgs.msg.InertialSolutionStatus(status=3),
1786043674148949630,1786043674.146223904,/novatel/oem7/fix,/novatel/oem7/fix,/novatel/oem7/inspva,39.663,-75.756,-1.799259943,0.000792046,0.000087824,-0.000481264,-0.000629064,0.000087824,,0,
1786043674149371128,1786043674.146746541,/novatel/oem7/odom,/novatel/oem7/fix,/novatel/oem7/odom,39.663,-75.756,-1.799259943,0.000792445,0.000084143,-0.000651058,-0.000451766,0.000084143,,,
1786043674156690859,1786043674.156056543,/novatel/oem7/odom,/novatel/oem7/fix,/novatel/oem7/odom,39.663,-75.756,-1.799259943,0.000792445,0.000084143,-0.000651058,-0.000451766,0.000084143,,,
1786043674167370077,1786043674.166535075,/novatel/oem7/inspva,/novatel/oem7/inspva,/novatel/oem7/inspva,39.663,-75.756,-1.799262310,0.002012580,0.002203282,-0.001811800,0.000876274,0.002203282,,novatel_oem7_msgs.msg.InertialSolutionStatus(status=3),
1786043674168838501,1786043674.166772811,/novatel/oem7/fix,/novatel/oem7/fix,/novatel/oem7/inspva,39.663,-75.756,-1.799262310,0.002012580,0.002203282,-0.001811800,0.000876274,0.002203282,,0,
1786043674169873293,1786043674.167501962,/novatel/oem7/odom,/novatel/oem7/fix,/novatel/oem7/odom,39.663,-75.756,-1.799262310,0.002014526,0.002201503,0.000782666,-0.001856273,0.002201503,,,
1786043674176065979,1786043674.175465217,/novatel/oem7/odom,/novatel/oem7/fix,/novatel/oem7/odom,39.663,-75.756,-1.799262310,0.002014526,0.002201503,0.000782666,-0.001856273,0.002201503,,,
1786043674185360081,1786043674.184956890,/novatel/oem7/inspva,/novatel/oem7/inspva,/novatel/oem7/inspva,39.663,-75.756,-1.799294618,0.001476107,0.002275370,-0.001475171,0.000052555,0.002275370,,novatel_oem7_msgs.msg.InertialSolutionStatus(status=3),
1786043674186587827,1786043674.185092915,/novatel/oem7/fix,/novatel/oem7/fix,/novatel/oem7/inspva,39.663,-75.756,-1.799294618,0.001476107,0.002275370,-0.001475171,0.000052555,0.002275370,,0,
1786043674187561822,1786043674.185542580,/novatel/oem7/odom,/novatel/oem7/fix,/novatel/oem7/odom,39.663,-75.756,-1.799294618,0.001482124,0.002271454,-0.000024836,-0.001481916,0.002271454,,,
1786043674196000938,1786043674.195481442,/novatel/oem7/odom,/novatel/oem7/fix,/novatel/oem7/odom,39.663,-75.756,-1.799294618,0.001482124,0.002271454,-0.000024836,-0.001481916,0.002271454,,,
1786043674206832573,1786043674.206344845,/novatel/oem7/inspva,/novatel/oem7/inspva,/novatel/oem7/inspva,39.663,-75.756,-1.799336731,0.000966674,-0.000059902,0.000159480,-0.000953428,-0.000059902,,novatel_oem7_msgs.msg.InertialSolutionStatus(status=3),
1786043674207798856,1786043674.206554450,/novatel/oem7/fix,/novatel/oem7/fix,/novatel/oem7/inspva,39.663,-75.756,-1.799336731,0.000966674,-0.000059902,0.000159480,-0.000953428,-0.000059902,,0,
1786043674208459284,1786043674.207141472,/novatel/oem7/odom,/novatel/oem7/fix,/novatel/oem7/odom,39.663,-75.756,-1.799336731,0.000966475,-0.000063030,-0.000944758,0.000203732,-0.000063030,,,
1786043674210647024,1786043674.210162529,/novatel/oem7/bestpos,/novatel/oem7/bestpos,/novatel/oem7/odom,39.663,-75.756,33.182995367,0.000966475,-0.000063030,-0.000944758,0.000203732,-0.000063030,,novatel_oem7_msgs.msg.SolutionStatus(status=0),novatel_oem7_msgs.msg.PositionOrVelocityType(type=53)
1786043674211593725,1786043674.210650938,/novatel/oem7/bestvel,/novatel/oem7/bestpos,/novatel/oem7/bestvel,39.663,-75.756,33.182995367,0.001239603,0.000188995,,,,269.298852899,novatel_oem7_msgs.msg.SolutionStatus(status=0),novatel_oem7_msgs.msg.PositionOrVelocityType(type=53)
1786043674215761941,1786043674.215155736,/novatel/oem7/odom,/novatel/oem7/bestpos,/novatel/oem7/odom,39.663,-75.756,33.182995367,0.000966475,-0.000063030,-0.000944758,0.000203732,-0.000063030,,,
1786043674225648034,1786043674.224990073,/novatel/oem7/inspva,/novatel/oem7/inspva,/novatel/oem7/inspva,39.663,-75.756,-1.799360997,0.000768606,0.000030630,-0.000134269,-0.000756788,0.000030630,,novatel_oem7_msgs.msg.InertialSolutionStatus(status=3),
1786043674226641506,1786043674.225203246,/novatel/oem7/fix,/novatel/oem7/fix,/novatel/oem7/inspva,39.663,-75.756,-1.799360997,0.000768606,0.000030630,-0.000134269,-0.000756788,0.000030630,,0,
1786043674227339857,1786043674.225619105,/novatel/oem7/odom,/novatel/oem7/fix,/novatel/oem7/odom,39.663,-75.756,-1.799360997,0.000768728,0.000027415,-0.000762319,-0.000099055,0.000027415,,,
1786043674235839809,1786043674.235385002,/novatel/oem7/odom,/novatel/oem7/fix,/novatel/oem7/odom,39.663,-75.756,-1.799360997,0.000768728,0.000027415,-0.000762319,-0.000099055,0.000027415,,,
1786043674245749822,1786043674.245302248,/novatel/oem7/inspva,/novatel/oem7/inspva,/novatel/oem7/inspva,39.663,-75.756,-1.799373873,0.001549052,0.001062919,-0.001446305,-0.000554766,0.001062919,,novatel_oem7_msgs.msg.InertialSolutionStatus(status=3),
1786043674246720994,1786043674.245488274,/novatel/oem7/fix,/novatel/oem7/fix,/novatel/oem7/inspva,39.663,-75.756,-1.799373873,0.001549052,0.001062919,-0.001446305,-0.000554766,0.001062919,,0,
1786043674247409387,1786043674.246071711,/novatel/oem7/odom,/novatel/oem7/fix,/novatel/oem7/odom,39.663,-75.756,-1.799373873,0.001553229,0.001056805,-0.000625459,-0.001421732,0.001056805,,,
1786043674257100809,1786043674.256482167,/novatel/oem7/odom,/novatel/oem7/fix,/novatel/oem7/odom,39.663,-75.756,-1.799373873,0.001553229,0.001056805,-0.000625459,-0.001421732,0.001056805,,,
1786043674266703989,1786043674.266049961,/novatel/oem7/inspva,/novatel/oem7/inspva,/novatel/oem7/inspva,39.663,-75.756,-1.799409396,0.001778741,0.001095909,-0.001596984,0.000783302,0.001095909,,novatel_oem7_msgs.msg.InertialSolutionStatus(status=3),
1786043674267849705,1786043674.266250211,/novatel/oem7/fix,/novatel/oem7/fix,/novatel/oem7/inspva,39.663,-75.756,-1.799409396,0.001778741,0.001095909,-0.001596984,0.000783302,0.001095909,,0,
1786043674268815606,1786043674.266742858,/novatel/oem7/odom,/novatel/oem7/fix,/novatel/oem7/odom,39.663,-75.756,-1.799409396,0.001779683,0.001094379,0.000704071,-0.001634489,0.001094379,,,
1786043674274870198,1786043674.274341403,/novatel/oem7/odom,/novatel/oem7/fix,/novatel/oem7/odom,39.663,-75.756,-1.799409396,0.001779683,0.001094379,0.000704071,-0.001634489,0.001094379,,,
1786043674286041036,1786043674.285191278,/novatel/oem7/inspva,/novatel/oem7/inspva,/novatel/oem7/inspva,39.663,-75.756,-1.799437635,0.000852945,0.001301806,0.000151818,-0.000839325,0.001301806,,novatel_oem7_msgs.msg.InertialSolutionStatus(status=3),
1786043674287815383,1786043674.285395264,/novatel/oem7/fix,/novatel/oem7/fix,/novatel/oem7/inspva,39.663,-75.756,-1.799437635,0.000852945,0.001301806,0.000151818,-0.000839325,0.001301806,,0,
1786043674289007188,1786043674.285881364,/novatel/oem7/odom,/novatel/oem7/fix,/novatel/oem7/odom,39.663,-75.756,-1.799437635,0.000857196,0.001299010,-0.000836492,0.000187259,0.001299010,,,
1786043674296183719,1786043674.295483125,/novatel/oem7/odom,/novatel/oem7/fix,/novatel/oem7/odom,39.663,-75.756,-1.799437635,0.000857196,0.001299010,-0.000836492,0.000187259,0.001299010,,,
1786043674306699180,1786043674.305896718,/novatel/oem7/inspva,/novatel/oem7/inspva,/novatel/oem7/inspva,39.663,-75.756,-1.799481066,0.001510010,0.000434996,0.000593531,-0.001388470,0.000434996,,novatel_oem7_msgs.msg.InertialSolutionStatus(status=3),
1786043674308137010,1786043674.306143877,/novatel/oem7/fix,/novatel/oem7/fix,/novatel/oem7/inspva,39.663,-75.756,-1.799481066,0.001510010,0.000434996,0.000593531,-0.001388470,0.000434996,,0,
1786043674309382082,1786043674.306606229,/novatel/oem7/odom,/novatel/oem7/fix,/novatel/oem7/odom,39.663,-75.756,-1.799481066,0.001511039,0.000431407,-0.001361100,0.000656235,0.000431407,,,
1786043674311334948,1786043674.309326359,/novatel/oem7/bestpos,/novatel/oem7/bestpos,/novatel/oem7/odom,39.663,-75.756,33.182841482,0.001511039,0.000431407,-0.001361100,0.000656235,0.000431407,,novatel_oem7_msgs.msg.SolutionStatus(status=0),novatel_oem7_msgs.msg.PositionOrVelocityType(type=53)
1786043674312592288,1786043674.309951345,/novatel/oem7/bestvel,/novatel/oem7/bestpos,/novatel/oem7/bestvel,39.663,-75.756,33.182841482,0.001446033,0.000629403,,,,281.333397702,novatel_oem7_msgs.msg.SolutionStatus(status=0),novatel_oem7_msgs.msg.PositionOrVelocityType(type=53)
1786043674315350575,1786043674.314666181,/novatel/oem7/odom,/novatel/oem7/bestpos,/novatel/oem7/odom,39.663,-75.756,33.182841482,0.001511039,0.000431407,-0.001361100,0.000656235,0.000431407,,,
1786043674326528262,1786043674.325620939,/novatel/oem7/inspva,/novatel/oem7/inspva,/novatel/oem7/inspva,39.663,-75.756,-1.799512847,0.001395101,-0.000395515,-0.001365408,-0.000286303,-0.000395515,,novatel_oem7_msgs.msg.InertialSolutionStatus(status=3),
1786043674328174045,1786043674.325911289,/novatel/oem7/fix,/novatel/oem7/fix,/novatel/oem7/inspva,39.663,-75.756,-1.799512847,0.001395101,-0.000395515,-0.001365408,-0.000286303,-0.000395515,,0,
1786043674329309989,1786043674.326638986,/novatel/oem7/odom,/novatel/oem7/fix,/novatel/oem7/odom,39.663,-75.756,-1.799512847,0.001393718,-0.000400363,-0.000347861,-0.001349608,-0.000400363,,,
1786043674335693466,1786043674.334889884,/novatel/oem7/odom,/novatel/oem7/fix,/novatel/oem7/odom,39.663,-75.756,-1.799512847,0.001393718,-0.000400363,-0.000347861,-0.001349608,-0.000400363,,,
1786043674345942870,1786043674.345146172,/novatel/oem7/inspva,/novatel/oem7/inspva,/novatel/oem7/inspva,39.663,-75.756,-1.799545042,0.001392539,0.000329006,-0.001389728,0.000088439,0.000329006,,novatel_oem7_msgs.msg.InertialSolutionStatus(status=3),
1786043674347541963,1786043674.345394511,/novatel/oem7/fix,/novatel/oem7/fix,/novatel/oem7/inspva,39.663,-75.756,-1.799545042,0.001392539,0.000329006,-0.001389728,0.000088439,0.000329006,,0,
1786043674348945430,1786043674.345787528,/novatel/oem7/odom,/novatel/oem7/fix,/novatel/oem7/odom,39.663,-75.756,-1.799545042,0.001393366,0.000325487,0.000022525,-0.001393184,0.000325487,,,
1786043674357046363,1786043674.356114547,/novatel/oem7/odom,/novatel/oem7/fix,/novatel/oem7/odom,39.663,-75.756,-1.799545042,0.001393366,0.000325487,0.000022525,-0.001393184,0.000325487,,,
1786043674366473643,1786043674.365465626,/novatel/oem7/inspva,/novatel/oem7/inspva,/novatel/oem7/inspva,39.663,-75.756,-1.799568539,0.000149670,0.001583295,-0.000147632,0.000024615,0.001583295,,novatel_oem7_msgs.msg.InertialSolutionStatus(status=3),
1786043674368388491,1786043674.365771259,/novatel/oem7/fix,/novatel/oem7/fix,/novatel/oem7/inspva,39.663,-75.756,-1.799568539,0.000149670,0.001583295,-0.000147632,0.000024615,0.001583295,,0,
1786043674369838683,1786043674.366448352,/novatel/oem7/odom,/novatel/oem7/fix,/novatel/oem7/odom,39.663,-75.756,-1.799568539,0.000153194,0.001582958,0.000011563,-0.000152757,0.001582958,,,
1786043674375950203,1786043674.375128465,/novatel/oem7/odom,/novatel/oem7/fix,/novatel/oem7/odom,39.663,-75.756,-1.799568539,0.000153194,0.001582958,0.000011563,-0.000152757,0.001582958,,,
1786043674386362199,1786043674.385382849,/novatel/oem7/inspva,/novatel/oem7/inspva,/novatel/oem7/inspva,39.663,-75.756,-1.799612739,0.000711056,0.001167422,0.000210085,-0.000679312,0.001167422,,novatel_oem7_msgs.msg.InertialSolutionStatus(status=3),
1786043674388110616,1786043674.385688399,/novatel/oem7/fix,/novatel/oem7/fix,/novatel/oem7/inspva,39.663,-75.756,-1.799612739,0.000711056,0.001167422,0.000210085,-0.000679312,0.001167422,,0,
1786043674389346575,1786043674.386024909,/novatel/oem7/odom,/novatel/oem7/fix,/novatel/oem7/odom,39.663,-75.756,-1.799612739,0.000714351,0.001165409,-0.000673403,0.000238382,0.001165409,,,
1786043674395379321,1786043674.394643894,/novatel/oem7/odom,/novatel/oem7/fix,/novatel/oem7/odom,39.663,-75.756,-1.799612739,0.000714351,0.001165409,-0.000673403,0.000238382,0.001165409,,,
1786043674407322573,1786043674.406499288,/novatel/oem7/inspva,/novatel/oem7/inspva,/novatel/oem7/inspva,39.663,-75.756,-1.799654135,0.001622382,-0.001050850,-0.000802776,-0.001409849,-0.001050850,,novatel_oem7_msgs.msg.InertialSolutionStatus(status=3),
1786043674408978919,1786043674.406769397,/novatel/oem7/fix,/novatel/oem7/fix,/novatel/oem7/inspva,39.663,-75.756,-1.799654135,0.001622382,-0.001050850,-0.000802776,-0.001409849,-0.001050850,,0,
1786043674410223868,1786043674.407258875,/novatel/oem7/odom,/novatel/oem7/fix,/novatel/oem7/odom,39.663,-75.756,-1.799654135,0.001617500,-0.001058349,-0.001441518,-0.000733710,-0.001058349,,,
1786043674412161990,1786043674.410002492,/novatel/oem7/bestpos,/novatel/oem7/bestpos,/novatel/oem7/odom,39.663,-75.756,33.182681981,0.001617500,-0.001058349,-0.001441518,-0.000733710,-0.001058349,,novatel_oem7_msgs.msg.SolutionStatus(status=0),novatel_oem7_msgs.msg.PositionOrVelocityType(type=53)
1786043674413169757,1786043674.410501420,/novatel/oem7/bestvel,/novatel/oem7/bestpos,/novatel/oem7/bestvel,39.663,-75.756,33.182681981,0.002708431,-0.000224135,,,,237.778166862,novatel_oem7_msgs.msg.SolutionStatus(status=0),novatel_oem7_msgs.msg.PositionOrVelocityType(type=53)
1786043674416195573,1786043674.415524500,/novatel/oem7/odom,/novatel/oem7/bestpos,/novatel/oem7/odom,39.663,-75.756,33.182681981,0.001617500,-0.001058349,-0.001441518,-0.000733710,-0.001058349,,,
1786043674425730031,1786043674.425027684,/novatel/oem7/inspva,/novatel/oem7/inspva,/novatel/oem7/inspva,39.663,-75.756,-1.799684844,0.001208108,-0.000032453,-0.001207270,0.000044976,-0.000032453,,novatel_oem7_msgs.msg.InertialSolutionStatus(status=3),
1786043674427259939,1786043674.425249023,/novatel/oem7/fix,/novatel/oem7/fix,/novatel/oem7/inspva,39.663,-75.756,-1.799684844,0.001208108,-0.000032453,-0.001207270,0.000044976,-0.000032453,,0,
1786043674428367853,1786043674.425593586,/novatel/oem7/odom,/novatel/oem7/fix,/novatel/oem7/odom,39.663,-75.756,-1.799684844,0.001208018,-0.000035632,-0.000011008,-0.001207968,-0.000035632,,,
1786043674435107413,1786043674.434448245,/novatel/oem7/odom,/novatel/oem7/fix,/novatel/oem7/odom,39.663,-75.756,-1.799684844,0.001208018,-0.000035632,-0.000011008,-0.001207968,-0.000035632,,,
1786043674447170486,1786043674.446399038,/novatel/oem7/inspva,/novatel/oem7/inspva,/novatel/oem7/inspva,39.663,-75.756,-1.799700500,0.000944213,0.001882714,-0.000765723,0.000552455,0.001882714,,novatel_oem7_msgs.msg.InertialSolutionStatus(status=3),
1786043674449080955,1786043674.446622354,/novatel/oem7/fix,/novatel/oem7/fix,/novatel/oem7/inspva,39.663,-75.756,-1.799700500,0.000944213,0.001882714,-0.000765723,0.000552455,0.001882714,,0,
1786043674450582403,1786043674.447065848,/novatel/oem7/odom,/novatel/oem7/fix,/novatel/oem7/odom,39.663,-75.756,-1.799700500,0.000944326,0.001882657,0.000508900,-0.000795470,0.001882657,,,
1786043674457342756,1786043674.456529213,/novatel/oem7/odom,/novatel/oem7/fix,/novatel/oem7/odom,39.663,-75.756,-1.799700500,0.000944326,0.001882657,0.000508900,-0.000795470,0.001882657,,,
1786043674465721229,1786043674.465058276,/novatel/oem7/inspva,/novatel/oem7/inspva,/novatel/oem7/inspva,39.663,-75.756,-1.799742271,0.000690531,0.001153125,-0.000438704,0.000533266,0.001153125,,novatel_oem7_msgs.msg.InertialSolutionStatus(status=3),
1786043674467369702,1786043674.465316841,/novatel/oem7/fix,/novatel/oem7/fix,/novatel/oem7/inspva,39.663,-75.756,-1.799742271,0.000690531,0.001153125,-0.000438704,0.000533266,0.001153125,,0,
1786043674468620134,1786043674.465615898,/novatel/oem7/odom,/novatel/oem7/fix,/novatel/oem7/odom,39.663,-75.756,-1.799742271,0.000689213,0.001153913,0.000507794,-0.000466004,0.001153913,,,
1786043674476372140,1786043674.475099797,/novatel/oem7/odom,/novatel/oem7/fix,/novatel/oem7/odom,39.663,-75.756,-1.799742271,0.000689213,0.001153913,0.000507794,-0.000466004,0.001153913,,,
1786043674486040420,1786043674.485459190,/novatel/oem7/inspva,/novatel/oem7/inspva,/novatel/oem7/inspva,39.663,-75.756,-1.799788990,0.001255606,-0.001380635,0.000035170,-0.001255114,-0.001380635,,novatel_oem7_msgs.msg.InertialSolutionStatus(status=3),
1786043674487392893,1786043674.485640429,/novatel/oem7/fix,/novatel/oem7/fix,/novatel/oem7/inspva,39.663,-75.756,-1.799788990,0.001255606,-0.001380635,0.000035170,-0.001255114,-0.001380635,,0,
1786043674488515284,1786043674.486183821,/novatel/oem7/odom,/novatel/oem7/fix,/novatel/oem7/odom,39.663,-75.756,-1.799788990,0.001250484,-0.001385276,-0.001246718,0.000096978,-0.001385276,,,
1786043674495811036,1786043674.495102042,/novatel/oem7/odom,/novatel/oem7/fix,/novatel/oem7/odom,39.663,-75.756,-1.799788990,0.001250484,-0.001385276,-0.001246718,0.000096978,-0.001385276,,,
1786043674507048053,1786043674.506240285,/novatel/oem7/inspva,/novatel/oem7/inspva,/novatel/oem7/inspva,39.663,-75.756,-1.799824634,0.000972284,-0.001276714,-0.000920265,-0.000313765,-0.001276714,,novatel_oem7_msgs.msg.InertialSolutionStatus(status=3),
1786043674508861748,1786043674.506522878,/novatel/oem7/fix,/novatel/oem7/fix,/novatel/oem7/inspva,39.663,-75.756,-1.799824634,0.000972284,-0.001276714,-0.000920265,-0.000313765,-0.001276714,,0,
1786043674509974599,1786043674.506941892,/novatel/oem7/odom,/novatel/oem7/fix,/novatel/oem7/odom,39.663,-75.756,-1.799824634,0.000967378,-0.001280435,-0.000351197,-0.000901377,-0.001280435,,,
1786043674511925841,1786043674.511223284,/novatel/oem7/bestpos,/novatel/oem7/bestpos,/novatel/oem7/odom,39.663,-75.756,33.182504965,0.000967378,-0.001280435,-0.000351197,-0.000901377,-0.001280435,,novatel_oem7_msgs.msg.SolutionStatus(status=0),novatel_oem7_msgs.msg.PositionOrVelocityType(type=53)
1786043674513339402,1786043674.511563825,/novatel/oem7/bestvel,/novatel/oem7/bestpos,/novatel/oem7/bestvel,39.663,-75.756,33.182504965,0.002038557,-0.000521580,,,,245.253639322,novatel_oem7_msgs.msg.SolutionStatus(status=0),novatel_oem7_msgs.msg.PositionOrVelocityType(type=53)
1786043674515273328,1786043674.514456480,/novatel/oem7/odom,/novatel/oem7/bestpos,/novatel/oem7/odom,39.663,-75.756,33.182504965,0.000967378,-0.001280435,-0.000351197,-0.000901377,-0.001280435,,,
1786043674526101078,1786043674.525401181,/novatel/oem7/inspva,/novatel/oem7/inspva,/novatel/oem7/inspva,39.663,-75.756,-1.799834289,0.001802611,0.001898868,-0.001297721,0.001251130,0.001898868,,novatel_oem7_msgs.msg.InertialSolutionStatus(status=3),
1786043674527614420,1786043674.525646834,/novatel/oem7/fix,/novatel/oem7/fix,/novatel/oem7/inspva,39.663,-75.756,-1.799834289,0.001802611,0.001898868,-0.001297721,0.001251130,0.001898868,,0,
1786043674528721741,1786043674.526202246,/novatel/oem7/odom,/novatel/oem7/fix,/novatel/oem7/odom,39.663,-75.756,-1.799834289,0.001801416,0.001900001,0.001182004,-0.001359400,0.001900001,,,
1786043674536461197,1786043674.535743223,/novatel/oem7/odom,/novatel/oem7/fix,/novatel/oem7/odom,39.663,-75.756,-1.799834289,0.001801416,0.001900001,0.001182004,-0.001359400,0.001900001,,,
1786043674546100166,1786043674.545204150,/novatel/oem7/inspva,/novatel/oem7/inspva,/novatel/oem7/inspva,39.663,-75.756,-1.799877618,0.000417608,0.001239742,-0.000407278,0.000092310,0.001239742,,novatel_oem7_msgs.msg.InertialSolutionStatus(status=3),
1786043674547910883,1786043674.545489726,/novatel/oem7/fix,/novatel/oem7/fix,/novatel/oem7/inspva,39.663,-75.756,-1.799877618,0.000417608,0.001239742,-0.000407278,0.000092310,0.001239742,,0,
1786043674549305000,1786043674.546173073,/novatel/oem7/odom,/novatel/oem7/fix,/novatel/oem7/odom,39.663,-75.756,-1.799877618,0.000419950,0.001238951,0.000068385,-0.000414344,0.001238951,,,
1786043674556630683,1786043674.555752691,/novatel/oem7/odom,/novatel/oem7/fix,/novatel/oem7/odom,39.663,-75.756,-1.799877618,0.000419950,0.001238951,0.000068385,-0.000414344,0.001238951,,,
1786043674567113716,1786043674.566559401,/novatel/oem7/inspva,/novatel/oem7/inspva,/novatel/oem7/inspva,39.663,-75.756,-1.799928254,0.000896545,-0.001546581,0.000670774,-0.000594857,-0.001546581,,novatel_oem7_msgs.msg.InertialSolutionStatus(status=3),
1786043674568543887,1786043674.566720989,/novatel/oem7/fix,/novatel/oem7/fix,/novatel/oem7/inspva,39.663,-75.756,-1.799928254,0.000896545,-0.001546581,0.000670774,-0.000594857,-0.001546581,,0,
1786043674569683735,1786043674.567198314,/novatel/oem7/odom,/novatel/oem7/fix,/novatel/oem7/odom,39.663,-75.756,-1.799928254,0.000895903,-0.001546953,-0.000557014,0.000701697,-0.001546953,,,
1786043674576242563,1786043674.575258106,/novatel/oem7/odom,/novatel/oem7/fix,/novatel/oem7/odom,39.663,-75.756,-1.799928254,0.000895903,-0.001546953,-0.000557014,0.000701697,-0.001546953,,,
1786043674585602739,1786043674.585018405,/novatel/oem7/inspva,/novatel/oem7/inspva,/novatel/oem7/inspva,39.663,-75.756,-1.799964971,0.000175796,-0.001436794,-0.000068973,0.000161700,-0.001436794,,novatel_oem7_msgs.msg.InertialSolutionStatus(status=3),
1786043674586970799,1786043674.585138257,/novatel/oem7/fix,/novatel/oem7/fix,/novatel/oem7/inspva,39.663,-75.756,-1.799964971,0.000175796,-0.001436794,-0.000068973,0.000161700,-0.001436794,,0,
1786043674588037266,1786043674.585589312,/novatel/oem7/odom,/novatel/oem7/fix,/novatel/oem7/odom,39.663,-75.756,-1.799964971,0.000179329,-0.001436357,0.000163942,-0.000072676,-0.001436357,,,
1786043674596231237,1786043674.595479726,/novatel/oem7/odom,/novatel/oem7/fix,/novatel/oem7/odom,39.663,-75.756,-1.799964971,0.000179329,-0.001436357,0.000163942,-0.000072676,-0.001436357,,,
1786043674607171431,1786043674.606507904,/novatel/oem7/inspva,/novatel/oem7/inspva,/novatel/oem7/inspva,39.663,-75.756,-1.799980911,0.001891915,0.000767325,-0.001377548,0.001296806,0.000767325,,novatel_oem7_msgs.msg.InertialSolutionStatus(status=3),
1786043674608740341,1786043674.606660631,/novatel/oem7/fix,/novatel/oem7/fix,/novatel/oem7/inspva,39.663,-75.756,-1.799980911,0.001891915,0.000767325,-0.001377548,0.001296806,0.000767325,,0,
1786043674610265832,1786043674.607111531,/novatel/oem7/odom,/novatel/oem7/fix,/novatel/oem7/odom,39.663,-75.756,-1.799980911,0.001891485,0.000768386,0.001228395,-0.001438319,0.000768386,,,
1786043674611948932,1786043674.610333211,/novatel/oem7/bestpos,/novatel/oem7/bestpos,/novatel/oem7/odom,39.663,-75.756,33.182321420,0.001891485,0.000768386,0.001228395,-0.001438319,0.000768386,,novatel_oem7_msgs.msg.SolutionStatus(status=0),novatel_oem7_msgs.msg.PositionOrVelocityType(type=53)
1786043674613228971,1786043674.610870712,/novatel/oem7/bestvel,/novatel/oem7/bestpos,/novatel/oem7/bestvel,39.663,-75.756,33.182321420,0.001383378,0.000469974,,,,122.661536933,novatel_oem7_msgs.msg.SolutionStatus(status=0),novatel_oem7_msgs.msg.PositionOrVelocityType(type=53)
1786043674615866661,1786043674.615057656,/novatel/oem7/odom,/novatel/oem7/bestpos,/novatel/oem7/odom,39.663,-75.756,33.182321420,0.001891485,0.000768386,0.001228395,-0.001438319,0.000768386,,,
1786043674626670471,1786043674.625994127,/novatel/oem7/inspva,/novatel/oem7/inspva,/novatel/oem7/inspva,39.663,-75.756,-1.800013144,0.000945060,0.001762129,-0.000681268,0.000654990,0.001762129,,novatel_oem7_msgs.msg.InertialSolutionStatus(status=3),
1786043674628322680,1786043674.626136030,/novatel/oem7/fix,/novatel/oem7/fix,/novatel/oem7/inspva,39.663,-75.756,-1.800013144,0.000945060,0.001762129,-0.000681268,0.000654990,0.001762129,,0,
1786043674629695297,1786043674.626647884,/novatel/oem7/odom,/novatel/oem7/fix,/novatel/oem7/odom,39.663,-75.756,-1.800013144,0.000944011,0.001762691,0.000615723,-0.000715571,0.001762691,,,
1786043674635555878,1786043674.634628172,/novatel/oem7/odom,/novatel/oem7/fix,/novatel/oem7/odom,39.663,-75.756,-1.800013144,0.000944011,0.001762691,0.000615723,-0.000715571,0.001762691,,,
1786043674646533684,1786043674.645378470,/novatel/oem7/inspva,/novatel/oem7/inspva,/novatel/oem7/inspva,39.663,-75.756,-1.800051748,0.001029978,-0.000551231,0.001028136,-0.000061570,-0.000551231,,novatel_oem7_msgs.msg.InertialSolutionStatus(status=3),
1786043674648708108,1786043674.645632967,/novatel/oem7/fix,/novatel/oem7/fix,/novatel/oem7/inspva,39.663,-75.756,-1.800051748,0.001029978,-0.000551231,0.001028136,-0.000061570,-0.000551231,,0,
1786043674650153306,1786043674.646299524,/novatel/oem7/odom,/novatel/oem7/fix,/novatel/oem7/odom,39.663,-75.756,-1.800051748,0.001031371,-0.000548620,-0.000011574,0.001031306,-0.000548620,,,
1786043674657503825,1786043674.656669884,/novatel/oem7/odom,/novatel/oem7/fix,/novatel/oem7/odom,39.663,-75.756,-1.800051748,0.001031371,-0.000548620,-0.000011574,0.001031306,-0.000548620,,,
1786043674665561758,1786043674.665023206,/novatel/oem7/inspva,/novatel/oem7/inspva,/novatel/oem7/inspva,39.663,-75.756,-1.800086276,0.000613409,-0.000921123,0.000598077,0.000136289,-0.000921123,,novatel_oem7_msgs.msg.InertialSolutionStatus(status=3),
1786043674666875514,1786043674.665181911,/novatel/oem7/fix,/novatel/oem7/fix,/novatel/oem7/inspva,39.663,-75.756,-1.800086276,0.000613409,-0.000921123,0.000598077,0.000136289,-0.000921123,,0,
1786043674667933535,1786043674.665628808,/novatel/oem7/odom,/novatel/oem7/fix,/novatel/oem7/odom,39.663,-75.756,-1.800086276,0.000616684,-0.000918934,0.000167529,0.000593492,-0.000918934,,,
1786043674675481518,1786043674.674494223,/novatel/oem7/odom,/novatel/oem7/fix,/novatel/oem7/odom,39.663,-75.756,-1.800086276,0.000616684,-0.000918934,0.000167529,0.000593492,-0.000918934,,,
1786043674688018299,1786043674.686829116,/novatel/oem7/inspva,/novatel/oem7/inspva,/novatel/oem7/inspva,39.663,-75.756,-1.800099256,0.002646096,0.000346764,-0.001296284,0.002306832,0.000346764,,novatel_oem7_msgs.msg.InertialSolutionStatus(status=3),
1786043674689761843,1786043674.688336705,/novatel/oem7/fix,/novatel/oem7/fix,/novatel/oem7/inspva,39.663,-75.756,-1.800099256,0.002646096,0.000346764,-0.001296284,0.002306832,0.000346764,,0,
1786043674691666189,1786043674.689492288,/novatel/oem7/odom,/novatel/oem7/fix,/novatel/oem7/odom,39.663,-75.756,-1.800099256,0.002645425,0.000351852,0.002242734,-0.001403002,0.000351852,,,
1786043674696272155,1786043674.695506613,/novatel/oem7/odom,/novatel/oem7/fix,/novatel/oem7/odom,39.663,-75.756,-1.800099256,0.002645425,0.000351852,0.002242734,-0.001403002,0.000351852,,,
1786043674706748348,1786043674.705920521,/novatel/oem7/inspva,/novatel/oem7/inspva,/novatel/oem7/inspva,39.663,-75.756,-1.800118048,0.001316487,0.001617383,-0.000663080,0.001137305,0.001617383,,novatel_oem7_msgs.msg.InertialSolutionStatus(status=3),
1786043674708783994,1786043674.706172904,/novatel/oem7/fix,/novatel/oem7/fix,/novatel/oem7/inspva,39.663,-75.756,-1.800118048,0.001316487,0.001617383,-0.000663080,0.001137305,0.001617383,,0,
1786043674709939449,1786043674.706695641,/novatel/oem7/odom,/novatel/oem7/fix,/novatel/oem7/odom,39.663,-75.756,-1.800118048,0.001313453,0.001619848,0.001098868,-0.000719477,0.001619848,,,
1786043674711776754,1786043674.709443095,/novatel/oem7/bestpos,/novatel/oem7/bestpos,/novatel/oem7/odom,39.663,-75.756,33.182181070,0.001313453,0.001619848,0.001098868,-0.000719477,0.001619848,,novatel_oem7_msgs.msg.SolutionStatus(status=0),novatel_oem7_msgs.msg.PositionOrVelocityType(type=53)
1786043674712994430,1786043674.710173435,/novatel/oem7/bestvel,/novatel/oem7/bestpos,/novatel/oem7/bestvel,39.663,-75.756,33.182181070,0.001197181,0.001447840,,,,108.065437294,novatel_oem7_msgs.msg.SolutionStatus(status=0),novatel_oem7_msgs.msg.PositionOrVelocityType(type=53)
1786043674716446044,1786043674.715620392,/novatel/oem7/odom,/novatel/oem7/bestpos,/novatel/oem7/odom,39.663,-75.756,33.182181070,0.001313453,0.001619848,0.001098868,-0.000719477,0.001619848,,,
1786043674726029738,1786043674.725378495,/novatel/oem7/inspva,/novatel/oem7/inspva,/novatel/oem7/inspva,39.663,-75.756,-1.800148214,0.001650963,0.000107660,0.001601561,-0.000400850,0.000107660,,novatel_oem7_msgs.msg.InertialSolutionStatus(status=3),
1786043674727759792,1786043674.725623501,/novatel/oem7/fix,/novatel/oem7/fix,/novatel/oem7/inspva,39.663,-75.756,-1.800148214,0.001650963,0.000107660,0.001601561,-0.000400850,0.000107660,,0,
1786043674729102299,1786043674.726226677,/novatel/oem7/odom,/novatel/oem7/fix,/novatel/oem7/odom,39.663,-75.756,-1.800148214,0.001650769,0.000110587,-0.000326426,0.001618173,0.000110587,,,
1786043674735699607,1786043674.734881796,/novatel/oem7/odom,/novatel/oem7/fix,/novatel/oem7/odom,39.663,-75.756,-1.800148214,0.001650769,0.000110587,-0.000326426,0.001618173,0.000110587,,,
1786043674747107073,1786043674.746088569,/novatel/oem7/inspva,/novatel/oem7/inspva,/novatel/oem7/inspva,39.663,-75.756,-1.800184377,0.001003272,-0.000755848,0.001002398,0.000041870,-0.000755848,,novatel_oem7_msgs.msg.InertialSolutionStatus(status=3),
1786043674749245341,1786043674.746377172,/novatel/oem7/fix,/novatel/oem7/fix,/novatel/oem7/inspva,39.663,-75.756,-1.800184377,0.001003272,-0.000755848,0.001002398,0.000041870,-0.000755848,,0,
1786043674750822653,1786043674.746984985,/novatel/oem7/odom,/novatel/oem7/fix,/novatel/oem7/odom,39.663,-75.756,-1.800184377,0.001005504,-0.000752876,0.000091370,0.001001344,-0.000752876,,,
1786043674756825665,1786043674.755947674,/novatel/oem7/odom,/novatel/oem7/fix,/novatel/oem7/odom,39.663,-75.756,-1.800184377,0.001005504,-0.000752876,0.000091370,0.001001344,-0.000752876,,,
1786043674765964839,1786043674.765368480,/novatel/oem7/inspva,/novatel/oem7/inspva,/novatel/oem7/inspva,39.663,-75.756,-1.800199282,0.001722483,0.000109370,-0.000419155,0.001670706,0.000109370,,novatel_oem7_msgs.msg.InertialSolutionStatus(status=3),
1786043674767250208,1786043674.765581429,/novatel/oem7/fix,/novatel/oem7/fix,/novatel/oem7/inspva,39.663,-75.756,-1.800199282,0.001722483,0.000109370,-0.000419155,0.001670706,0.000109370,,0,
1786043674768295325,1786043674.766128730,/novatel/oem7/odom,/novatel/oem7/fix,/novatel/oem7/odom,39.663,-75.756,-1.800199282,0.001722147,0.000114547,0.001648974,-0.000496661,0.000114547,,,
1786043674776457518,1786043674.775792376,/novatel/oem7/odom,/novatel/oem7/fix,/novatel/oem7/odom,39.663,-75.756,-1.800199282,0.001722147,0.000114547,0.001648974,-0.000496661,0.000114547,,,
1786043674785711715,1786043674.785230439,/novatel/oem7/inspva,/novatel/oem7/inspva,/novatel/oem7/inspva,39.663,-75.756,-1.800218895,0.001343735,0.000858210,-0.000418071,0.001277044,0.000858210,,novatel_oem7_msgs.msg.InertialSolutionStatus(status=3),
1786043674786486718,1786043674.785541252,/novatel/oem7/fix,/novatel/oem7/fix,/novatel/oem7/inspva,39.663,-75.756,-1.800218895,0.001343735,0.000858210,-0.000418071,0.001277044,0.000858210,,0,
1786043674787140162,1786043674.786158778,/novatel/oem7/odom,/novatel/oem7/fix,/novatel/oem7/odom,39.663,-75.756,-1.800218895,0.001341369,0.000861904,0.001252839,-0.000479235,0.000861904,,,
1786043674795575229,1786043674.794861721,/novatel/oem7/odom,/novatel/oem7/fix,/novatel/oem7/odom,39.663,-75.756,-1.800218895,0.001341369,0.000861904,0.001252839,-0.000479235,0.000861904,,,
1786043674807439196,1786043674.806637170,/novatel/oem7/inspva,/novatel/oem7/inspva,/novatel/oem7/inspva,39.663,-75.756,-1.800236402,0.001490109,0.000986564,0.001485711,0.000114391,0.000986564,,novatel_oem7_msgs.msg.InertialSolutionStatus(status=3),
1786043674808722687,1786043674.806878853,/novatel/oem7/fix,/novatel/oem7/fix,/novatel/oem7/inspva,39.663,-75.756,-1.800236402,0.001490109,0.000986564,0.001485711,0.000114391,0.000986564,,0,
1786043674809891557,1786043674.807355161,/novatel/oem7/odom,/novatel/oem7/fix,/novatel/oem7/odom,39.663,-75.756,-1.800236402,0.001487064,0.000991148,0.000179370,0.001476206,0.000991148,,,
1786043674811245379,1786043674.810439835,/novatel/oem7/bestpos,/novatel/oem7/bestpos,/novatel/oem7/odom,39.663,-75.756,33.182060410,0.001487064,0.000991148,0.000179370,0.001476206,0.000991148,,novatel_oem7_msgs.msg.SolutionStatus(status=0),novatel_oem7_msgs.msg.PositionOrVelocityType(type=53)
1786043674812582579,1786043674.811005417,/novatel/oem7/bestvel,/novatel/oem7/bestpos,/novatel/oem7/bestvel,39.663,-75.756,33.182060410,0.001571936,0.000712326,,,,53.523787207,novatel_oem7_msgs.msg.SolutionStatus(status=0),novatel_oem7_msgs.msg.PositionOrVelocityType(type=53)
1786043674815800556,1786043674.815224182,/novatel/oem7/odom,/novatel/oem7/bestpos,/novatel/oem7/odom,39.663,-75.756,33.182060410,0.001487064,0.000991148,0.000179370,0.001476206,0.000991148,,,
1786043674825429843,1786043674.825077269,/novatel/oem7/inspva,/novatel/oem7/inspva,/novatel/oem7/inspva,39.663,-75.756,-1.800267592,0.001038227,0.000419965,0.001019279,0.000197448,0.000419965,,novatel_oem7_msgs.msg.InertialSolutionStatus(status=3),
1786043674826173721,1786043674.825275698,/novatel/oem7/fix,/novatel/oem7/fix,/novatel/oem7/inspva,39.663,-75.756,-1.800267592,0.001038227,0.000419965,0.001019279,0.000197448,0.000419965,,0,
1786043674826788372,1786043674.825723909,/novatel/oem7/odom,/novatel/oem7/fix,/novatel/oem7/odom,39.663,-75.756,-1.800267592,0.001036758,0.000423579,0.000242941,0.001007893,0.000423579,,,
1786043674836376467,1786043674.835789875,/novatel/oem7/odom,/novatel/oem7/fix,/novatel/oem7/odom,39.663,-75.756,-1.800267592,0.001036758,0.000423579,0.000242941,0.001007893,0.000423579,,,
1786043674846078382,1786043674.845404040,/novatel/oem7/inspva,/novatel/oem7/inspva,/novatel/oem7/inspva,39.663,-75.756,-1.800277429,0.001265826,0.000118410,-0.000177012,0.001253389,0.000118410,,novatel_oem7_msgs.msg.InertialSolutionStatus(status=3),
1786043674847142588,1786043674.845727696,/novatel/oem7/fix,/novatel/oem7/fix,/novatel/oem7/inspva,39.663,-75.756,-1.800277429,0.001265826,0.000118410,-0.000177012,0.001253389,0.000118410,,0,
1786043674847836313,1786043674.846301459,/novatel/oem7/odom,/novatel/oem7/fix,/novatel/oem7/odom,39.663,-75.756,-1.800277429,0.001265420,0.000122673,0.001243333,-0.000235397,0.000122673,,,
1786043674856983512,1786043674.856503639,/novatel/oem7/odom,/novatel/oem7/fix,/novatel/oem7/odom,39.663,-75.756,-1.800277429,0.001265420,0.000122673,0.001243333,-0.000235397,0.000122673,,,
1786043674866487491,1786043674.866210215,/novatel/oem7/inspva,/novatel/oem7/inspva,/novatel/oem7/inspva,39.663,-75.756,-1.800283857,0.000406196,0.001134830,-0.000108201,0.000391520,0.001134830,,novatel_oem7_msgs.msg.InertialSolutionStatus(status=3),
1786043674867043399,1786043674.866397927,/novatel/oem7/fix,/novatel/oem7/fix,/novatel/oem7/inspva,39.663,-75.756,-1.800283857,0.000406196,0.001134830,-0.000108201,0.000391520,0.001134830,,0,
1786043674867727358,1786043674.866866658,/novatel/oem7/odom,/novatel/oem7/fix,/novatel/oem7/odom,39.663,-75.756,-1.800283857,0.000402884,0.001136010,0.000381587,-0.000129255,0.001136010,,,
1786043674875375632,1786043674.874631975,/novatel/oem7/odom,/novatel/oem7/fix,/novatel/oem7/odom,39.663,-75.756,-1.800283857,0.000402884,0.001136010,0.000381587,-0.000129255,0.001136010,,,
1786043674885763790,1786043674.885253606,/novatel/oem7/inspva,/novatel/oem7/inspva,/novatel/oem7/inspva,39.663,-75.756,-1.800291661,0.001589753,0.001272078,0.000858851,0.001337793,0.001272078,,novatel_oem7_msgs.msg.InertialSolutionStatus(status=3),
1786043674886357450,1786043674.885453132,/novatel/oem7/fix,/novatel/oem7/fix,/novatel/oem7/inspva,39.663,-75.756,-1.800291661,0.001589753,0.001272078,0.000858851,0.001337793,0.001272078,,0,
1786043674886994667,1786043674.886201839,/novatel/oem7/odom,/novatel/oem7/fix,/novatel/oem7/odom,39.663,-75.756,-1.800291661,0.001583702,0.001279604,0.001371217,0.000792386,0.001279604,,,
1786043674896016307,1786043674.895557578,/novatel/oem7/odom,/novatel/oem7/fix,/novatel/oem7/odom,39.663,-75.756,-1.800291661,0.001583702,0.001279604,0.001371217,0.000792386,0.001279604,,,
1786043674907371196,1786043674.906076469,/novatel/oem7/inspva,/novatel/oem7/inspva,/novatel/oem7/inspva,39.663,-75.756,-1.800311143,0.001154940,0.001395112,0.000958234,0.000644728,0.001395112,,novatel_oem7_msgs.msg.InertialSolutionStatus(status=3),
1786043674908129984,1786043674.906368598,/novatel/oem7/fix,/novatel/oem7/fix,/novatel/oem7/inspva,39.663,-75.756,-1.800311143,0.001154940,0.001395112,0.000958234,0.000644728,0.001395112,,0,
1786043674908730732,1786043674.906781989,/novatel/oem7/odom,/novatel/oem7/fix,/novatel/oem7/odom,39.663,-75.756,-1.800311143,0.001148683,0.001400269,0.000683025,0.000923553,0.001400269,,,
1786043674910623117,1786043674.909469435,/novatel/oem7/bestpos,/novatel/oem7/bestpos,/novatel/oem7/odom,39.663,-75.756,33.181985729,0.001148683,0.001400269,0.000683025,0.000923553,0.001400269,,novatel_oem7_msgs.msg.SolutionStatus(status=0),novatel_oem7_msgs.msg.PositionOrVelocityType(type=53)
1786043674912773275,1786043674.910153482,/novatel/oem7/bestvel,/novatel/oem7/bestpos,/novatel/oem7/bestvel,39.663,-75.756,33.181985729,0.002073204,0.000689763,,,,49.683700380,novatel_oem7_msgs.msg.SolutionStatus(status=0),novatel_oem7_msgs.msg.PositionOrVelocityType(type=53)
1786043674915818862,1786043674.914644366,/novatel/oem7/odom,/novatel/oem7/bestpos,/novatel/oem7/odom,39.663,-75.756,33.181985729,0.001148683,0.001400269,0.000683025,0.000923553,0.001400269,,,
1786043674927799110,1786043674.926839937,/novatel/oem7/inspva,/novatel/oem7/inspva,/novatel/oem7/inspva,39.663,-75.756,-1.800328787,0.000806343,-0.000392736,-0.000566409,0.000573908,-0.000392736,,novatel_oem7_msgs.msg.InertialSolutionStatus(status=3),
1786043674929335438,1786043674.927097059,/novatel/oem7/fix,/novatel/oem7/fix,/novatel/oem7/inspva,39.663,-75.756,-1.800328787,0.000806343,-0.000392736,-0.000566409,0.000573908,-0.000392736,,0,
1786043674930512463,1786043674.927388719,/novatel/oem7/odom,/novatel/oem7/fix,/novatel/oem7/odom,39.663,-75.756,-1.800328787,0.000806630,-0.000392147,0.000548505,-0.000591434,-0.000392147,,,
1786043674936093812,1786043674.935216682,/novatel/oem7/odom,/novatel/oem7/fix,/novatel/oem7/odom,39.663,-75.756,-1.800328787,0.000806630,-0.000392147,0.000548505,-0.000591434,-0.000392147,,,
1786043674946644232,1786043674.945291932,/novatel/oem7/inspva,/novatel/oem7/inspva,/novatel/oem7/inspva,39.663,-75.756,-1.800323449,0.001120284,0.000755973,-0.000342438,0.001066664,0.000755973,,novatel_oem7_msgs.msg.InertialSolutionStatus(status=3),
1786043674949056210,1786043674.945606699,/novatel/oem7/fix,/novatel/oem7/fix,/novatel/oem7/inspva,39.663,-75.756,-1.800323449,0.001120284,0.000755973,-0.000342438,0.001066664,0.000755973,,0,
1786043674950753706,1786043674.946144651,/novatel/oem7/odom,/novatel/oem7/fix,/novatel/oem7/odom,39.663,-75.756,-1.800323449,0.001118196,0.000759058,0.001046625,-0.000393622,0.000759058,,,
1786043674956968234,1786043674.955896831,/novatel/oem7/odom,/novatel/oem7/fix,/novatel/oem7/odom,39.663,-75.756,-1.800323449,0.001118196,0.000759058,0.001046625,-0.000393622,0.000759058,,,
1786043674966076438,1786043674.965468895,/novatel/oem7/inspva,/novatel/oem7/inspva,/novatel/oem7/inspva,39.663,-75.756,-1.800323620,0.001087378,0.001417147,0.000017145,0.001087243,0.001417147,,novatel_oem7_msgs.msg.InertialSolutionStatus(status=3),
1786043674967655096,1786043674.965620099,/novatel/oem7/fix,/novatel/oem7/fix,/novatel/oem7/inspva,39.663,-75.756,-1.800323620,0.001087378,0.001417147,0.000017145,0.001087243,0.001417147,,0,
1786043674968769760,1786043674.966214352,/novatel/oem7/odom,/novatel/oem7/fix,/novatel/oem7/odom,39.663,-75.756,-1.800323620,0.001081841,0.001421378,0.001081205,-0.000037090,0.001421378,,,
1786043674976320765,1786043674.975291579,/novatel/oem7/odom,/novatel/oem7/fix,/novatel/oem7/odom,39.663,-75.756,-1.800323620,0.001081841,0.001421378,0.001081205,-0.000037090,0.001421378,,,
1786043674987255333,1786043674.986313551,/novatel/oem7/inspva,/novatel/oem7/inspva,/novatel/oem7/inspva,39.663,-75.756,-1.800341929,0.001861808,0.001436484,0.000605057,0.001760749,0.001436484,,novatel_oem7_msgs.msg.InertialSolutionStatus(status=3),
1786043674989402944,1786043674.986588306,/novatel/oem7/fix,/novatel/oem7/fix,/novatel/oem7/inspva,39.663,-75.756,-1.800341929,0.001861808,0.001436484,0.000605057,0.001760749,0.001436484,,0,
1786043674991145251,1786043674.987084714,/novatel/oem7/odom,/novatel/oem7/fix,/novatel/oem7/odom,39.663,-75.756,-1.800341929,0.001855310,0.001444868,0.001781306,0.000518771,0.001444868,,,
1786043674995611535,1786043674.994670002,/novatel/oem7/odom,/novatel/oem7/fix,/novatel/oem7/odom,39.663,-75.756,-1.800341929,0.001855310,0.001444868,0.001781306,0.000518771,0.001444868,,,
1786043675011239160,1786043675.010115265,/novatel/oem7/inspva,/novatel/oem7/inspva,/novatel/oem7/inspva,39.663,-75.756,-1.800354205,0.000943045,0.000025987,0.000231328,0.000914233,0.000025987,,novatel_oem7_msgs.msg.InertialSolutionStatus(status=3),
1786043675013352497,1786043675.010499702,/novatel/oem7/fix,/novatel/oem7/fix,/novatel/oem7/inspva,39.663,-75.756,-1.800354205,0.000943045,0.000025987,0.000231328,0.000914233,0.000025987,,0,
1786043675014733968,1786043675.011649719,/novatel/oem7/odom,/novatel/oem7/fix,/novatel/oem7/odom,39.663,-75.756,-1.800354205,0.000942923,0.000030111,0.000923884,0.000188526,0.000030111,,,
1786043675017185415,1786043675.016263584,/novatel/oem7/odom,/novatel/oem7/fix,/novatel/oem7/odom,39.663,-75.756,-1.800354205,0.000942923,0.000030111,0.000923884,0.000188526,0.000030111,,,
1786043675027260535,1786043675.026382253,/novatel/oem7/bestpos,/novatel/oem7/bestpos,/novatel/oem7/odom,39.663,-75.756,33.181964404,0.000942923,0.000030111,0.000923884,0.000188526,0.000030111,,novatel_oem7_msgs.msg.SolutionStatus(status=0),novatel_oem7_msgs.msg.PositionOrVelocityType(type=53)
1786043675028833407,1786043675.026802083,/novatel/oem7/bestvel,/novatel/oem7/bestpos,/novatel/oem7/bestvel,39.663,-75.756,33.181964404,0.001016586,0.000167369,,,,95.619005792,novatel_oem7_msgs.msg.SolutionStatus(status=0),novatel_oem7_msgs.msg.PositionOrVelocityType(type=53)
1786043675029742466,1786043675.027282895,/novatel/oem7/inspva,/novatel/oem7/inspva,/novatel/oem7/inspva,39.663,-75.756,-1.800353361,0.000529804,-0.000258209,0.000167064,0.000502774,-0.000258209,,novatel_oem7_msgs.msg.InertialSolutionStatus(status=3),
1786043675030568577,1786043675.027529810,/novatel/oem7/fix,/novatel/oem7/fix,/novatel/oem7/inspva,39.663,-75.756,-1.800353361,0.000529804,-0.000258209,0.000167064,0.000502774,-0.000258209,,0,
1786043675031606825,1786043675.028122483,/novatel/oem7/odom,/novatel/oem7/fix,/novatel/oem7/odom,39.663,-75.756,-1.800353361,0.000530960,-0.000255824,0.000511006,0.000144191,-0.000255824,,,
1786043675035406378,1786043675.034616707,/novatel/oem7/odom,/novatel/oem7/fix,/novatel/oem7/odom,39.663,-75.756,-1.800353361,0.000530960,-0.000255824,0.000511006,0.000144191,-0.000255824,,,
1786043675047967279,1786043675.046871175,/novatel/oem7/inspva,/novatel/oem7/inspva,/novatel/oem7/inspva,39.663,-75.756,-1.800335075,0.001667992,0.002236132,-0.000539398,0.001578369,0.002236132,,novatel_oem7_msgs.msg.InertialSolutionStatus(status=3),
1786043675050102883,1786043675.047326090,/novatel/oem7/fix,/novatel/oem7/fix,/novatel/oem7/inspva,39.663,-75.756,-1.800335075,0.001667992,0.002236132,-0.000539398,0.001578369,0.002236132,,0,
1786043675051644572,1786043675.047921752,/novatel/oem7/odom,/novatel/oem7/fix,/novatel/oem7/odom,39.663,-75.756,-1.800335075,0.001661958,0.002240621,0.001542772,-0.000618028,0.002240621,,,
1786043675057340732,1786043675.056487133,/novatel/oem7/odom,/novatel/oem7/fix,/novatel/oem7/odom,39.663,-75.756,-1.800335075,0.001661958,0.002240621,0.001542772,-0.000618028,0.002240621,,,
1786043675065821298,1786043675.065198732,/novatel/oem7/inspva,/novatel/oem7/inspva,/novatel/oem7/inspva,39.663,-75.756,-1.800329560,0.002209824,0.002215454,0.000519344,0.002147930,0.002215454,,novatel_oem7_msgs.msg.InertialSolutionStatus(status=3),
1786043675067190066,1786043675.065370984,/novatel/oem7/fix,/novatel/oem7/fix,/novatel/oem7/inspva,39.663,-75.756,-1.800329560,0.002209824,0.002215454,0.000519344,0.002147930,0.002215454,,0,
1786043675068293253,1786043675.065886586,/novatel/oem7/odom,/novatel/oem7/fix,/novatel/oem7/odom,39.663,-75.756,-1.800329560,0.002200095,0.002225116,0.002160963,0.000413106,0.002225116,,,
1786043675076830427,1786043675.075791067,/novatel/oem7/odom,/novatel/oem7/fix,/novatel/oem7/odom,39.663,-75.756,-1.800329560,0.002200095,0.002225116,0.002160963,0.000413106,0.002225116,,,
1786043675086850920,1786043675.086032752,/novatel/oem7/inspva,/novatel/oem7/inspva,/novatel/oem7/inspva,39.663,-75.756,-1.800331737,0.001020123,-0.000194756,0.001016487,0.000086051,-0.000194756,,novatel_oem7_msgs.msg.InertialSolutionStatus(status=3),
1786043675088586470,1786043675.086279674,/novatel/oem7/fix,/novatel/oem7/fix,/novatel/oem7/inspva,39.663,-75.756,-1.800331737,0.001020123,-0.000194756,0.001016487,0.000086051,-0.000194756,,0,
1786043675089928893,1786043675.086916467,/novatel/oem7/odom,/novatel/oem7/fix,/novatel/oem7/odom,39.663,-75.756,-1.800331737,0.001020727,-0.000191565,0.000133953,0.001011899,-0.000191565,,,
1786043675095302389,1786043675.094657357,/novatel/oem7/odom,/novatel/oem7/fix,/novatel/oem7/odom,39.663,-75.756,-1.800331737,0.001020727,-0.000191565,0.000133953,0.001011899,-0.000191565,,,
1786043675106707036,1786043675.105857314,/novatel/oem7/inspva,/novatel/oem7/inspva,/novatel/oem7/inspva,39.663,-75.756,-1.800310642,0.001276797,-0.000796267,0.001276175,-0.000039851,-0.000796267,,novatel_oem7_msgs.msg.InertialSolutionStatus(status=3),
1786043675108246341,1786043675.106071086,/novatel/oem7/fix,/novatel/oem7/fix,/novatel/oem7/inspva,39.663,-75.756,-1.800310642,0.001276797,-0.000796267,0.001276175,-0.000039851,-0.000796267,,0,
1786043675109329175,1786043675.106544797,/novatel/oem7/odom,/novatel/oem7/fix,/novatel/oem7/odom,39.663,-75.756,-1.800310642,0.001278919,-0.000792854,0.000022605,0.001278719,-0.000792854,,,
1786043675110865220,1786043675.109358962,/novatel/oem7/bestpos,/novatel/oem7/bestpos,/novatel/oem7/odom,39.663,-75.756,33.182032758,0.001278919,-0.000792854,0.000022605,0.001278719,-0.000792854,,novatel_oem7_msgs.msg.SolutionStatus(status=0),novatel_oem7_msgs.msg.PositionOrVelocityType(type=53)
1786043675111790482,1786043675.109985951,/novatel/oem7/bestvel,/novatel/oem7/bestpos,/novatel/oem7/bestvel,39.663,-75.756,33.182032758,0.000604300,0.000263334,,,,265.100257792,novatel_oem7_msgs.msg.SolutionStatus(status=0),novatel_oem7_msgs.msg.PositionOrVelocityType(type=53)
1786043675115388535,1786043675.114750068,/novatel/oem7/odom,/novatel/oem7/bestpos,/novatel/oem7/odom,39.663,-75.756,33.182032758,0.001278919,-0.000792854,0.000022605,0.001278719,-0.000792854,,,
1786043675125888425,1786043675.125225415,/novatel/oem7/inspva,/novatel/oem7/inspva,/novatel/oem7/inspva,39.663,-75.756,-1.800280408,0.001825226,0.001679691,-0.001038898,0.001500714,0.001679691,,novatel_oem7_msgs.msg.InertialSolutionStatus(status=3),
1786043675127298109,1786043675.125412964,/novatel/oem7/fix,/novatel/oem7/fix,/novatel/oem7/inspva,39.663,-75.756,-1.800280408,0.001825226,0.001679691,-0.001038898,0.001500714,0.001679691,,0,
1786043675128353676,1786043675.126005686,/novatel/oem7/odom,/novatel/oem7/fix,/novatel/oem7/odom,39.663,-75.756,-1.800280408,0.001822665,0.001682470,0.001444205,-0.001111926,0.001682470,,,
1786043675136182530,1786043675.135516776,/novatel/oem7/odom,/novatel/oem7/fix,/novatel/oem7/odom,39.663,-75.756,-1.800280408,0.001822665,0.001682470,0.001444205,-0.001111926,0.001682470,,,
1786043675146452181,1786043675.145374721,/novatel/oem7/inspva,/novatel/oem7/inspva,/novatel/oem7/inspva,39.663,-75.756,-1.800269724,0.002237165,0.002403185,-0.000104949,0.002234702,0.002403185,,novatel_oem7_msgs.msg.InertialSolutionStatus(status=3),
1786043675148224809,1786043675.145734914,/novatel/oem7/fix,/novatel/oem7/fix,/novatel/oem7/inspva,39.663,-75.756,-1.800269724,0.002237165,0.002403185,-0.000104949,0.002234702,0.002403185,,0,
1786043675149653586,1786043675.146481015,/novatel/oem7/odom,/novatel/oem7/fix,/novatel/oem7/odom,39.663,-75.756,-1.800269724,0.002228307,0.002411401,0.002217906,-0.000215043,0.002411401,,,
1786043675156761173,1786043675.155805664,/novatel/oem7/odom,/novatel/oem7/fix,/novatel/oem7/odom,39.663,-75.756,-1.800269724,0.002228307,0.002411401,0.002217906,-0.000215043,0.002411401,,,
1786043675168306457,1786043675.167023008,/novatel/oem7/inspva,/novatel/oem7/inspva,/novatel/oem7/inspva,39.663,-75.756,-1.800274066,0.001241102,-0.000026251,0.001239366,-0.000065631,-0.000026251,,novatel_oem7_msgs.msg.InertialSolutionStatus(status=3),
1786043675170229279,1786043675.167268570,/novatel/oem7/fix,/novatel/oem7/fix,/novatel/oem7/inspva,39.663,-75.756,-1.800274066,0.001241102,-0.000026251,0.001239366,-0.000065631,-0.000026251,,0,
1786043675171366707,1786043675.167659088,/novatel/oem7/odom,/novatel/oem7/fix,/novatel/oem7/odom,39.663,-75.756,-1.800274066,0.001241166,-0.000023046,-0.000007866,0.001241141,-0.000023046,,,
1786043675176278333,1786043675.175203838,/novatel/oem7/odom,/novatel/oem7/fix,/novatel/oem7/odom,39.663,-75.756,-1.800274066,0.001241166,-0.000023046,-0.000007866,0.001241141,-0.000023046,,,
1786043675185836460,1786043675.184961562,/novatel/oem7/inspva,/novatel/oem7/inspva,/novatel/oem7/inspva,39.663,-75.756,-1.800256915,0.001279050,-0.000754014,0.001211172,-0.000411134,-0.000754014,,novatel_oem7_msgs.msg.InertialSolutionStatus(status=3),
1786043675187515477,1786043675.185232594,/novatel/oem7/fix,/novatel/oem7/fix,/novatel/oem7/inspva,39.663,-75.756,-1.800256915,0.001279050,-0.000754014,0.001211172,-0.000411134,-0.000754014,,0,
1786043675188853370,1786043675.185748586,/novatel/oem7/odom,/novatel/oem7/fix,/novatel/oem7/odom,39.663,-75.756,-1.800256915,0.001280118,-0.000752200,-0.000351462,0.001230925,-0.000752200,,,
1786043675196097668,1786043675.195377294,/novatel/oem7/odom,/novatel/oem7/fix,/novatel/oem7/odom,39.663,-75.756,-1.800256915,0.001280118,-0.000752200,-0.000351462,0.001230925,-0.000752200,,,
1786043675207837217,1786043675.206748367,/novatel/oem7/inspva,/novatel/oem7/inspva,/novatel/oem7/inspva,39.663,-75.756,-1.800238291,0.002394308,0.000493094,-0.000893952,0.002221161,0.000493094,,novatel_oem7_msgs.msg.InertialSolutionStatus(status=3),
1786043675209824010,1786043675.207033723,/novatel/oem7/fix,/novatel/oem7/fix,/novatel/oem7/inspva,39.663,-75.756,-1.800238291,0.002394308,0.000493094,-0.000893952,0.002221161,0.000493094,,0,
1786043675211337772,1786043675.207756203,/novatel/oem7/odom,/novatel/oem7/fix,/novatel/oem7/odom,39.663,-75.756,-1.800238291,0.002393088,0.000498981,0.002175293,-0.000997481,0.000498981,,,
1786043675213241031,1786043675.210238768,/novatel/oem7/bestpos,/novatel/oem7/bestpos,/novatel/oem7/odom,39.663,-75.756,33.182113967,0.002393088,0.000498981,0.002175293,-0.000997481,0.000498981,,novatel_oem7_msgs.msg.SolutionStatus(status=0),novatel_oem7_msgs.msg.PositionOrVelocityType(type=53)
1786043675214442759,1786043675.210737576,/novatel/oem7/bestvel,/novatel/oem7/bestpos,/novatel/oem7/bestvel,39.663,-75.756,33.182113967,0.001070535,0.001246635,,,,140.341594862,novatel_oem7_msgs.msg.SolutionStatus(status=0),novatel_oem7_msgs.msg.PositionOrVelocityType(type=53)
1786043675216309994,1786043675.215050083,/novatel/oem7/odom,/novatel/oem7/bestpos,/novatel/oem7/odom,39.663,-75.756,33.182113967,0.002393088,0.000498981,0.002175293,-0.000997481,0.000498981,,,
1786043675226908366,1786043675.226390617,/novatel/oem7/inspva,/novatel/oem7/inspva,/novatel/oem7/inspva,39.663,-75.756,-1.800216740,0.002080665,0.001741676,-0.000921741,0.001865358,0.001741676,,novatel_oem7_msgs.msg.InertialSolutionStatus(status=3),
1786043675229215892,1786043675.226603933,/novatel/oem7/fix,/novatel/oem7/fix,/novatel/oem7/inspva,39.663,-75.756,-1.800216740,0.002080665,0.001741676,-0.000921741,0.001865358,0.001741676,,0,
1786043675231127687,1786043675.227029917,/novatel/oem7/odom,/novatel/oem7/fix,/novatel/oem7/odom,39.663,-75.756,-1.800216740,0.002076896,0.001746168,0.001813645,-0.001012022,0.001746168,,,
1786043675235490547,1786043675.234696702,/novatel/oem7/odom,/novatel/oem7/fix,/novatel/oem7/odom,39.663,-75.756,-1.800216740,0.002076896,0.001746168,0.001813645,-0.001012022,0.001746168,,,
1786043675245946397,1786043675.245362745,/novatel/oem7/inspva,/novatel/oem7/inspva,/novatel/oem7/inspva,39.663,-75.756,-1.800211073,0.001795970,0.000805942,0.001722841,-0.000507275,0.000805942,,novatel_oem7_msgs.msg.InertialSolutionStatus(status=3),
1786043675247255076,1786043675.245615653,/novatel/oem7/fix,/novatel/oem7/fix,/novatel/oem7/inspva,39.663,-75.756,-1.800211073,0.001795970,0.000805942,0.001722841,-0.000507275,0.000805942,,0,
1786043675248283720,1786043675.246250727,/novatel/oem7/odom,/novatel/oem7/fix,/novatel/oem7/odom,39.663,-75.756,-1.800211073,0.001794698,0.000808771,-0.000429857,0.001742460,0.000808771,,,
1786043675257322273,1786043675.256657639,/novatel/oem7/odom,/novatel/oem7/fix,/novatel/oem7/odom,39.663,-75.756,-1.800211073,0.001794698,0.000808771,-0.000429857,0.001742460,0.000808771,,,
1786043675265811350,1786043675.265309178,/novatel/oem7/inspva,/novatel/oem7/inspva,/novatel/oem7/inspva,39.663,-75.756,-1.800198849,0.001418265,0.000092295,0.001415381,-0.000090396,0.000092295,,novatel_oem7_msgs.msg.InertialSolutionStatus(status=3),
1786043675267107622,1786043675.265506534,/novatel/oem7/fix,/novatel/oem7/fix,/novatel/oem7/inspva,39.663,-75.756,-1.800198849,0.001418265,0.000092295,0.001415381,-0.000090396,0.000092295,,0,
1786043675268134446,1786043675.265934678,/novatel/oem7/odom,/novatel/oem7/fix,/novatel/oem7/odom,39.663,-75.756,-1.800198849,0.001418028,0.000095876,-0.000024879,0.001417809,0.000095876,,,
1786043675275611860,1786043675.274740445,/novatel/oem7/odom,/novatel/oem7/fix,/novatel/oem7/odom,39.663,-75.756,-1.800198849,0.001418028,0.000095876,-0.000024879,0.001417809,0.000095876,,,
1786043675287623542,1786043675.286843207,/novatel/oem7/inspva,/novatel/oem7/inspva,/novatel/oem7/inspva,39.663,-75.756,-1.800182328,0.002011807,0.000288062,-0.000531933,0.001940210,0.000288062,,novatel_oem7_msgs.msg.InertialSolutionStatus(status=3),
1786043675289290275,1786043675.287083020,/novatel/oem7/fix,/novatel/oem7/fix,/novatel/oem7/inspva,39.663,-75.756,-1.800182328,0.002011807,0.000288062,-0.000531933,0.001940210,0.000288062,,0,
1786043675290631552,1786043675.287786730,/novatel/oem7/odom,/novatel/oem7/fix,/novatel/oem7/odom,39.663,-75.756,-1.800182328,0.002010963,0.000293898,0.001912251,-0.000622307,0.000293898,,,
1786043675296114586,1786043675.295075745,/novatel/oem7/odom,/novatel/oem7/fix,/novatel/oem7/odom,39.663,-75.756,-1.800182328,0.002010963,0.000293898,0.001912251,-0.000622307,0.000293898,,,
1786043675306589789,1786043675.305817595,/novatel/oem7/inspva,/novatel/oem7/inspva,/novatel/oem7/inspva,39.663,-75.756,-1.800162368,0.001980248,0.000886111,-0.000968956,0.001726993,0.000886111,,novatel_oem7_msgs.msg.InertialSolutionStatus(status=3),
1786043675308035473,1786043675.306074094,/novatel/oem7/fix,/novatel/oem7/fix,/novatel/oem7/inspva,39.663,-75.756,-1.800162368,0.001980248,0.000886111,-0.000968956,0.001726993,0.000886111,,0,
1786043675309128347,1786043675.306443904,/novatel/oem7/odom,/novatel/oem7/fix,/novatel/oem7/odom,39.663,-75.756,-1.800162368,0.001978529,0.000889941,0.001676616,-0.001050494,0.000889941,,,
1786043675310749646,1786043675.309200451,/novatel/oem7/bestpos,/novatel/oem7/bestpos,/novatel/oem7/odom,39.663,-75.756,33.182196917,0.001978529,0.000889941,0.001676616,-0.001050494,0.000889941,,novatel_oem7_msgs.msg.SolutionStatus(status=0),novatel_oem7_msgs.msg.PositionOrVelocityType(type=53)
1786043675311723303,1786043675.309652542,/novatel/oem7/bestvel,/novatel/oem7/bestpos,/novatel/oem7/bestvel,39.663,-75.756,33.182196917,0.001905670,0.001443882,,,,140.556344142,novatel_oem7_msgs.msg.SolutionStatus(status=0),novatel_oem7_msgs.msg.PositionOrVelocityType(type=53)
1786043675316107693,1786043675.315460203,/novatel/oem7/odom,/novatel/oem7/bestpos,/novatel/oem7/odom,39.663,-75.756,33.182196917,0.001978529,0.000889941,0.001676616,-0.001050494,0.000889941,,,
1786043675327329404,1786043675.326584550,/novatel/oem7/inspva,/novatel/oem7/inspva,/novatel/oem7/inspva,39.663,-75.756,-1.800135844,0.000925522,0.002217851,0.000904273,0.000197184,0.002217851,,novatel_oem7_msgs.msg.InertialSolutionStatus(status=3),
1786043675328880652,1786043675.326771831,/novatel/oem7/fix,/novatel/oem7/fix,/novatel/oem7/inspva,39.663,-75.756,-1.800135844,0.000925522,0.002217851,0.000904273,0.000197184,0.002217851,,0,
1786043675330046604,1786043675.327172142,/novatel/oem7/odom,/novatel/oem7/fix,/novatel/oem7/odom,39.663,-75.756,-1.800135844,0.000917745,0.002221080,0.000230285,0.000888383,0.002221080,,,
1786043675336324409,1786043675.335016263,/novatel/oem7/odom,/novatel/oem7/fix,/novatel/oem7/odom,39.663,-75.756,-1.800135844,0.000917745,0.002221080,0.000230285,0.000888383,0.002221080,,,
1786043675346801426,1786043675.345984988,/novatel/oem7/inspva,/novatel/oem7/inspva,/novatel/oem7/inspva,39.663,-75.756,-1.800124709,0.000875147,0.001502261,0.000868450,-0.000108056,0.001502261,,novatel_oem7_msgs.msg.InertialSolutionStatus(status=3),
1786043675347723676,1786043675.346164056,/novatel/oem7/fix,/novatel/oem7/fix,/novatel/oem7/inspva,39.663,-75.756,-1.800124709,0.000875147,0.001502261,0.000868450,-0.000108056,0.001502261,,0,
1786043675348200352,1786043675.346538747,/novatel/oem7/odom,/novatel/oem7/fix,/novatel/oem7/odom,39.663,-75.756,-1.800124709,0.000871757,0.001504231,-0.000073478,0.000868655,0.001504231,,,
1786043675356506628,1786043675.356009247,/novatel/oem7/odom,/novatel/oem7/fix,/novatel/oem7/odom,39.663,-75.756,-1.800124709,0.000871757,0.001504231,-0.000073478,0.000868655,0.001504231,,,
1786043675365872824,1786043675.365232458,/novatel/oem7/inspva,/novatel/oem7/inspva,/novatel/oem7/inspva,39.663,-75.756,-1.800118284,0.000868834,-0.000568337,-0.000276108,0.000823794,-0.000568337,,novatel_oem7_msgs.msg.InertialSolutionStatus(status=3),
1786043675367256333,1786043675.365383223,/novatel/oem7/fix,/novatel/oem7/fix,/novatel/oem7/inspva,39.663,-75.756,-1.800118284,0.000868834,-0.000568337,-0.000276108,0.000823794,-0.000568337,,0,
1786043675367822842,1786043675.366083596,/novatel/oem7/odom,/novatel/oem7/fix,/novatel/oem7/odom,39.663,-75.756,-1.800118284,0.000870359,-0.000565999,0.000812277,-0.000312619,-0.000565999,,,
1786043675375397921,1786043675.375032041,/novatel/oem7/odom,/novatel/oem7/fix,/novatel/oem7/odom,39.663,-75.756,-1.800118284,0.000870359,-0.000565999,0.000812277,-0.000312619,-0.000565999,,,
1786043675386103510,1786043675.385414834,/novatel/oem7/inspva,/novatel/oem7/inspva,/novatel/oem7/inspva,39.663,-75.756,-1.800083648,0.000580973,0.001022682,-0.000330421,0.000477861,0.001022682,,novatel_oem7_msgs.msg.InertialSolutionStatus(status=3),
1786043675387342760,1786043675.385570962,/novatel/oem7/fix,/novatel/oem7/fix,/novatel/oem7/inspva,39.663,-75.756,-1.800083648,0.000580973,0.001022682,-0.000330421,0.000477861,0.001022682,,0,
1786043675387822367,1786043675.386009363,/novatel/oem7/odom,/novatel/oem7/fix,/novatel/oem7/odom,39.663,-75.756,-1.800083648,0.000579419,0.001023563,0.000458003,-0.000354908,0.001023563,,,
1786043675394954209,1786043675.394489597,/novatel/oem7/odom,/novatel/oem7/fix,/novatel/oem7/odom,39.663,-75.756,-1.800083648,0.000579419,0.001023563,0.000458003,-0.000354908,0.001023563,,,
1786043675406967058,1786043675.406571129,/novatel/oem7/inspva,/novatel/oem7/inspva,/novatel/oem7/inspva,39.663,-75.756,-1.800053111,0.000982886,0.002337907,-0.000314816,0.000931105,0.002337907,,novatel_oem7_msgs.msg.InertialSolutionStatus(status=3),
1786043675408076704,1786043675.406718151,/novatel/oem7/fix,/novatel/oem7/fix,/novatel/oem7/inspva,39.663,-75.756,-1.800053111,0.000982886,0.002337907,-0.000314816,0.000931105,0.002337907,,0,
1786043675409115871,1786043675.407162472,/novatel/oem7/odom,/novatel/oem7/fix,/novatel/oem7/odom,39.663,-75.756,-1.800053111,0.000976582,0.002340547,0.000906280,-0.000363826,0.002340547,,,
1786043675410785464,1786043675.410283966,/novatel/oem7/bestpos,/novatel/oem7/bestpos,/novatel/oem7/odom,39.663,-75.756,33.182292035,0.000976582,0.002340547,0.000906280,-0.000363826,0.002340547,,novatel_oem7_msgs.msg.SolutionStatus(status=0),novatel_oem7_msgs.msg.PositionOrVelocityType(type=53)
1786043675412185389,1786043675.410720477,/novatel/oem7/bestvel,/novatel/oem7/bestpos,/novatel/oem7/bestvel,39.663,-75.756,33.182292035,0.001655412,0.001605278,,,,78.330926902,novatel_oem7_msgs.msg.SolutionStatus(status=0),novatel_oem7_msgs.msg.PositionOrVelocityType(type=53)
1786043675415636514,1786043675.415255375,/novatel/oem7/odom,/novatel/oem7/bestpos,/novatel/oem7/odom,39.663,-75.756,33.182292035,0.000976582,0.002340547,0.000906280,-0.000363826,0.002340547,,,
1786043675425761836,1786043675.425082255,/novatel/oem7/inspva,/novatel/oem7/inspva,/novatel/oem7/inspva,39.663,-75.756,-1.800033433,0.000287685,0.002289696,-0.000092283,0.000272482,0.002289696,,novatel_oem7_msgs.msg.InertialSolutionStatus(status=3),
1786043675427124902,1786043675.425216610,/novatel/oem7/fix,/novatel/oem7/fix,/novatel/oem7/inspva,39.663,-75.756,-1.800033433,0.000287685,0.002289696,-0.000092283,0.000272482,0.002289696,,0,
1786043675427903633,1786043675.425686118,/novatel/oem7/odom,/novatel/oem7/fix,/novatel/oem7/odom,39.663,-75.756,-1.800033433,0.000281635,0.002290448,0.000258932,-0.000110783,0.002290448,,,
1786043675434961363,1786043675.434597103,/novatel/oem7/odom,/novatel/oem7/fix,/novatel/oem7/odom,39.663,-75.756,-1.800033433,0.000281635,0.002290448,0.000258932,-0.000110783,0.002290448,,,
1786043675447036759,1786043675.446388872,/novatel/oem7/inspva,/novatel/oem7/inspva,/novatel/oem7/inspva,39.663,-75.756,-1.800041036,0.000658197,-0.001140465,0.000137751,-0.000643621,-0.001140465,,novatel_oem7_msgs.msg.InertialSolutionStatus(status=3),
1786043675447737158,1786043675.446555491,/novatel/oem7/fix,/novatel/oem7/fix,/novatel/oem7/inspva,39.663,-75.756,-1.800041036,0.000658197,-0.001140465,0.000137751,-0.000643621,-0.001140465,,0,
1786043675448193602,1786043675.447194987,/novatel/oem7/odom,/novatel/oem7/fix,/novatel/oem7/odom,39.663,-75.756,-1.800041036,0.000654663,-0.001142498,-0.000632083,0.000170452,-0.001142498,,,
1786043675456804608,1786043675.456443538,/novatel/oem7/odom,/novatel/oem7/fix,/novatel/oem7/odom,39.663,-75.756,-1.800041036,0.000654663,-0.001142498,-0.000632083,0.000170452,-0.001142498,,,
1786043675465499981,1786043675.465011106,/novatel/oem7/inspva,/novatel/oem7/inspva,/novatel/oem7/inspva,39.663,-75.756,-1.800010406,0.000493460,-0.000152083,-0.000365063,-0.000332011,-0.000152083,,novatel_oem7_msgs.msg.InertialSolutionStatus(status=3),
1786043675466893085,1786043675.465154774,/novatel/oem7/fix,/novatel/oem7/fix,/novatel/oem7/inspva,39.663,-75.756,-1.800010406,0.000493460,-0.000152083,-0.000365063,-0.000332011,-0.000152083,,0,
1786043675467662335,1786043675.465525334,/novatel/oem7/odom,/novatel/oem7/fix,/novatel/oem7/odom,39.663,-75.756,-1.800010406,0.000492759,-0.000154338,-0.000348029,-0.000348837,-0.000154338,,,
1786043675475065706,1786043675.474690572,/novatel/oem7/odom,/novatel/oem7/fix,/novatel/oem7/odom,39.663,-75.756,-1.800010406,0.000492759,-0.000154338,-0.000348029,-0.000348837,-0.000154338,,,
1786043675485734578,1786043675.485097024,/novatel/oem7/inspva,/novatel/oem7/inspva,/novatel/oem7/inspva,39.663,-75.756,-1.799967659,0.000570515,0.003007513,-0.000501233,0.000272495,0.003007513,,novatel_oem7_msgs.msg.InertialSolutionStatus(status=3),
1786043675487130488,1786043675.485232383,/novatel/oem7/fix,/novatel/oem7/fix,/novatel/oem7/inspva,39.663,-75.756,-1.799967659,0.000570515,0.003007513,-0.000501233,0.000272495,0.003007513,,0,
1786043675487653722,1786043675.485839709,/novatel/oem7/odom,/novatel/oem7/fix,/novatel/oem7/odom,39.663,-75.756,-1.799967659,0.000572559,0.003007125,0.000237099,-0.000521161,0.003007125,,,
1786043675495546088,1786043675.495151944,/novatel/oem7/odom,/novatel/oem7/fix,/novatel/oem7/odom,39.663,-75.756,-1.799967659,0.000572559,0.003007125,0.000237099,-0.000521161,0.003007125,,,
1786043675506220184,1786043675.505886557,/novatel/oem7/inspva,/novatel/oem7/inspva,/novatel/oem7/inspva,39.663,-75.756,-1.799956615,0.000613925,0.001979787,-0.000309383,0.000530270,0.001979787,,novatel_oem7_msgs.msg.InertialSolutionStatus(status=3),
1786043675507466695,1786043675.506051164,/novatel/oem7/fix,/novatel/oem7/fix,/novatel/oem7/inspva,39.663,-75.756,-1.799956615,0.000613925,0.001979787,-0.000309383,0.000530270,0.001979787,,0,
1786043675508038489,1786043675.506518299,/novatel/oem7/odom,/novatel/oem7/fix,/novatel/oem7/odom,39.663,-75.756,-1.799956615,0.000610270,0.001980916,0.000507557,-0.000338845,0.001980916,,,
1786043675511670834,1786043675.511321326,/novatel/oem7/bestpos,/novatel/oem7/bestpos,/novatel/oem7/odom,39.663,-75.756,33.182389170,0.000610270,0.001980916,0.000507557,-0.000338845,0.001980916,,novatel_oem7_msgs.msg.SolutionStatus(status=0),novatel_oem7_msgs.msg.PositionOrVelocityType(type=53)
1786043675512577894,1786043675.512296903,/novatel/oem7/bestvel,/novatel/oem7/bestpos,/novatel/oem7/bestvel,39.663,-75.756,33.182389170,0.001545547,0.001077100,,,,75.454429651,novatel_oem7_msgs.msg.SolutionStatus(status=0),novatel_oem7_msgs.msg.PositionOrVelocityType(type=53)
1786043675514885447,1786043675.514451201,/novatel/oem7/odom,/novatel/oem7/bestpos,/novatel/oem7/odom,39.663,-75.756,33.182389170,0.000610270,0.001980916,0.000507557,-0.000338845,0.001980916,,,
1786043675525461804,1786043675.525151863,/novatel/oem7/inspva,/novatel/oem7/inspva,/novatel/oem7/inspva,39.663,-75.756,-1.799960040,0.001310263,-0.000478185,0.000879666,-0.000971070,-0.000478185,,novatel_oem7_msgs.msg.InertialSolutionStatus(status=3),
1786043675526085493,1786043675.525296974,/novatel/oem7/fix,/novatel/oem7/fix,/novatel/oem7/inspva,39.663,-75.756,-1.799960040,0.001310263,-0.000478185,0.000879666,-0.000971070,-0.000478185,,0,
1786043675526559116,1786043675.525634201,/novatel/oem7/odom,/novatel/oem7/fix,/novatel/oem7/odom,39.663,-75.756,-1.799960040,0.001309810,-0.000479424,-0.000927273,0.000925076,-0.000479424,,,
1786043675536117048,1786043675.535417741,/novatel/oem7/odom,/novatel/oem7/fix,/novatel/oem7/odom,39.663,-75.756,-1.799960040,0.001309810,-0.000479424,-0.000927273,0.000925076,-0.000479424,,,
1786043675545210180,1786043675.544931845,/novatel/oem7/inspva,/novatel/oem7/inspva,/novatel/oem7/inspva,39.663,-75.756,-1.799938957,0.000695842,-0.000460662,0.000106317,-0.000687672,-0.000460662,,novatel_oem7_msgs.msg.InertialSolutionStatus(status=3),
1786043675545864371,1786043675.545076760,/novatel/oem7/fix,/novatel/oem7/fix,/novatel/oem7/inspva,39.663,-75.756,-1.799938957,0.000695842,-0.000460662,0.000106317,-0.000687672,-0.000460662,,0,
1786043675546321337,1786043675.545515051,/novatel/oem7/odom,/novatel/oem7/fix,/novatel/oem7/odom,39.663,-75.756,-1.799938957,0.000694325,-0.000462945,-0.000680196,0.000139356,-0.000462945,,,
1786043675556019379,1786043675.555644591,/novatel/oem7/odom,/novatel/oem7/fix,/novatel/oem7/odom,39.663,-75.756,-1.799938957,0.000694325,-0.000462945,-0.000680196,0.000139356,-0.000462945,,,
1786043675566887972,1786043675.566589742,/novatel/oem7/inspva,/novatel/oem7/inspva,/novatel/oem7/inspva,39.663,-75.756,-1.799900287,0.001115001,0.002330445,-0.001056021,0.000357836,0.002330445,,novatel_oem7_msgs.msg.InertialSolutionStatus(status=3),
1786043675567559005,1786043675.566739397,/novatel/oem7/fix,/novatel/oem7/fix,/novatel/oem7/inspva,39.663,-75.756,-1.799900287,0.001115001,0.002330445,-0.001056021,0.000357836,0.002330445,,0,
1786043675568016366,1786043675.567149884,/novatel/oem7/odom,/novatel/oem7/fix,/novatel/oem7/odom,39.663,-75.756,-1.799900287,0.001118357,0.002328836,0.000299280,-0.001077568,0.002328836,,,
1786043675575272845,1786043675.574969090,/novatel/oem7/odom,/novatel/oem7/fix,/novatel/oem7/odom,39.663,-75.756,-1.799900287,0.001118357,0.002328836,0.000299280,-0.001077568,0.002328836,,,
1786043675585316263,1786043675.585041728,/novatel/oem7/inspva,/novatel/oem7/inspva,/novatel/oem7/inspva,39.663,-75.756,-1.799892515,0.000834048,0.001434749,-0.000560930,0.000617247,0.001434749,,novatel_oem7_msgs.msg.InertialSolutionStatus(status=3),
1786043675585955088,1786043675.585183873,/novatel/oem7/fix,/novatel/oem7/fix,/novatel/oem7/inspva,39.663,-75.756,-1.799892515,0.000834048,0.001434749,-0.000560930,0.000617247,0.001434749,,0,
1786043675586392780,1786043675.585562549,/novatel/oem7/odom,/novatel/oem7/fix,/novatel/oem7/odom,39.663,-75.756,-1.799892515,0.000832707,0.001435528,0.000584891,-0.000592709,0.001435528,,,
1786043675595113386,1786043675.594650516,/novatel/oem7/odom,/novatel/oem7/fix,/novatel/oem7/odom,39.663,-75.756,-1.799892515,0.000832707,0.001435528,0.000584891,-0.000592709,0.001435528,,,
1786043675606941099,1786043675.606448319,/novatel/oem7/inspva,/novatel/oem7/inspva,/novatel/oem7/inspva,39.663,-75.756,-1.799892377,0.001653733,-0.000013016,0.001369983,-0.000926272,-0.000013016,,novatel_oem7_msgs.msg.InertialSolutionStatus(status=3),
1786043675608401960,1786043675.606597724,/novatel/oem7/fix,/novatel/oem7/fix,/novatel/oem7/inspva,39.663,-75.756,-1.799892377,0.001653733,-0.000013016,0.001369983,-0.000926272,-0.000013016,,0,
1786043675608847709,1786043675.606991725,/novatel/oem7/odom,/novatel/oem7/fix,/novatel/oem7/odom,39.663,-75.756,-1.799892377,0.001653735,-0.000012714,-0.000861552,0.001411584,-0.000012714,,,
1786043675610491166,1786043675.610167972,/novatel/oem7/bestpos,/novatel/oem7/bestpos,/novatel/oem7/odom,39.663,-75.756,33.182476766,0.001653735,-0.000012714,-0.000861552,0.001411584,-0.000012714,,novatel_oem7_msgs.msg.SolutionStatus(status=0),novatel_oem7_msgs.msg.PositionOrVelocityType(type=53)
1786043675611082450,1786043675.610586323,/novatel/oem7/bestvel,/novatel/oem7/bestpos,/novatel/oem7/bestvel,39.663,-75.756,33.182476766,0.001986995,-0.000020751,,,,323.805080354,novatel_oem7_msgs.msg.SolutionStatus(status=0),novatel_oem7_msgs.msg.PositionOrVelocityType(type=53)
1786043675615281475,1786043675.614938499,/novatel/oem7/odom,/novatel/oem7/bestpos,/novatel/oem7/odom,39.663,-75.756,33.182476766,0.001653735,-0.000012714,-0.000861552,0.001411584,-0.000012714,,,
1786043675626693022,1786043675.625994099,/novatel/oem7/inspva,/novatel/oem7/inspva,/novatel/oem7/inspva,39.663,-75.756,-1.799878888,0.001094497,-0.000051788,0.000791691,-0.000755745,-0.000051788,,novatel_oem7_msgs.msg.InertialSolutionStatus(status=3),
1786043675627793401,1786043675.626145954,/novatel/oem7/fix,/novatel/oem7/fix,/novatel/oem7/inspva,39.663,-75.756,-1.799878888,0.001094497,-0.000051788,0.000791691,-0.000755745,-0.000051788,,0,
1786043675628237198,1786043675.626596168,/novatel/oem7/odom,/novatel/oem7/fix,/novatel/oem7/odom,39.663,-75.756,-1.799878888,0.001094466,-0.000052450,-0.000717923,0.000826100,-0.000052450,,,
1786043675634748392,1786043675.634380288,/novatel/oem7/odom,/novatel/oem7/fix,/novatel/oem7/odom,39.663,-75.756,-1.799878888,0.001094466,-0.000052450,-0.000717923,0.000826100,-0.000052450,,,
1786043675645488010,1786043675.645185798,/novatel/oem7/inspva,/novatel/oem7/inspva,/novatel/oem7/inspva,39.663,-75.756,-1.799851405,0.001234286,0.001098917,-0.001079777,0.000597950,0.001098917,,novatel_oem7_msgs.msg.InertialSolutionStatus(status=3),
1786043675646859718,1786043675.645326413,/novatel/oem7/fix,/novatel/oem7/fix,/novatel/oem7/inspva,39.663,-75.756,-1.799851405,0.001234286,0.001098917,-0.001079777,0.000597950,0.001098917,,0,
1786043675647552139,1786043675.645718760,/novatel/oem7/odom,/novatel/oem7/fix,/novatel/oem7/odom,39.663,-75.756,-1.799851405,0.001234954,0.001098167,0.000542839,-0.001109251,0.001098167,,,
1786043675658048162,1786043675.657443966,/novatel/oem7/odom,/novatel/oem7/fix,/novatel/oem7/odom,39.663,-75.756,-1.799851405,0.001234954,0.001098167,0.000542839,-0.001109251,0.001098167,,,
1786043675666004367,1786043675.665001504,/novatel/oem7/inspva,/novatel/oem7/inspva,/novatel/oem7/inspva,39.663,-75.756,-1.799838346,0.000684510,0.001297339,-0.000511613,0.000454759,0.001297339,,novatel_oem7_msgs.msg.InertialSolutionStatus(status=3),
1786043675667626736,1786043675.665232496,/novatel/oem7/fix,/novatel/oem7/fix,/novatel/oem7/inspva,39.663,-75.756,-1.799838346,0.000684510,0.001297339,-0.000511613,0.000454759,0.001297339,,0,
1786043675668306878,1786043675.665605920,/novatel/oem7/odom,/novatel/oem7/fix,/novatel/oem7/odom,39.663,-75.756,-1.799838346,0.000683965,0.001297626,0.000425430,-0.000535554,0.001297626,,,
1786043675675177659,1786043675.674632769,/novatel/oem7/odom,/novatel/oem7/fix,/novatel/oem7/odom,39.663,-75.756,-1.799838346,0.000683965,0.001297626,0.000425430,-0.000535554,0.001297626,,,
1786043675686918417,1786043675.686569553,/novatel/oem7/inspva,/novatel/oem7/inspva,/novatel/oem7/inspva,39.663,-75.756,-1.799834359,0.001003362,0.000568207,0.001000361,-0.000077556,0.000568207,,novatel_oem7_msgs.msg.InertialSolutionStatus(status=3),
1786043675687869639,1786043675.686727055,/novatel/oem7/fix,/novatel/oem7/fix,/novatel/oem7/inspva,39.663,-75.756,-1.799834359,0.001003362,0.000568207,0.001000361,-0.000077556,0.000568207,,0,
1786043675688920680,1786043675.687081774,/novatel/oem7/odom,/novatel/oem7/fix,/novatel/oem7/odom,39.663,-75.756,-1.799834359,0.001001965,0.000570667,-0.000033161,0.001001416,0.000570667,,,
1786043675695086006,1786043675.694713687,/novatel/oem7/odom,/novatel/oem7/fix,/novatel/oem7/odom,39.663,-75.756,-1.799834359,0.001001965,0.000570667,-0.000033161,0.001001416,0.000570667,,,
1786043675706229678,1786043675.705932575,/novatel/oem7/inspva,/novatel/oem7/inspva,/novatel/oem7/inspva,39.663,-75.756,-1.799819885,0.001003389,0.000011563,0.000962827,-0.000282406,0.000011563,,novatel_oem7_msgs.msg.InertialSolutionStatus(status=3),
1786043675707510031,1786043675.706085173,/novatel/oem7/fix,/novatel/oem7/fix,/novatel/oem7/inspva,39.663,-75.756,-1.799819885,0.001003389,0.000011563,0.000962827,-0.000282406,0.000011563,,0,
1786043675707958468,1786043675.706571571,/novatel/oem7/odom,/novatel/oem7/fix,/novatel/oem7/odom,39.663,-75.756,-1.799819885,0.001003369,0.000013153,-0.000237359,0.000974890,0.000013153,,,
1786043675709950150,1786043675.709587778,/novatel/oem7/bestpos,/novatel/oem7/bestpos,/novatel/oem7/odom,39.663,-75.756,33.182546880,0.001003369,0.000013153,-0.000237359,0.000974890,0.000013153,,novatel_oem7_msgs.msg.SolutionStatus(status=0),novatel_oem7_msgs.msg.PositionOrVelocityType(type=53)
1786043675710571000,1786043675.710271187,/novatel/oem7/bestvel,/novatel/oem7/bestpos,/novatel/oem7/bestvel,39.663,-75.756,33.182546880,0.001031048,-0.000130040,,,,355.490167850,novatel_oem7_msgs.msg.SolutionStatus(status=0),novatel_oem7_msgs.msg.PositionOrVelocityType(type=53)
1786043675714999911,1786043675.714695920,/novatel/oem7/odom,/novatel/oem7/bestpos,/novatel/oem7/odom,39.663,-75.756,33.182546880,0.001003369,0.000013153,-0.000237359,0.000974890,0.000013153,,,
1786043675725707904,1786043675.725372840,/novatel/oem7/inspva,/novatel/oem7/inspva,/novatel/oem7/inspva,39.663,-75.756,-1.799801785,0.000703001,0.000165998,-0.000518001,0.000475274,0.000165998,,novatel_oem7_msgs.msg.InertialSolutionStatus(status=3),
1786043675726335509,1786043675.725561938,/novatel/oem7/fix,/novatel/oem7/fix,/novatel/oem7/inspva,39.663,-75.756,-1.799801785,0.000703001,0.000165998,-0.000518001,0.000475274,0.000165998,,0,
1786043675726981599,1786043675.726152884,/novatel/oem7/odom,/novatel/oem7/fix,/novatel/oem7/odom,39.663,-75.756,-1.799801785,0.000702920,0.000166343,0.000450027,-0.000539974,0.000166343,,,
1786043675735385771,1786043675.735082750,/novatel/oem7/odom,/novatel/oem7/fix,/novatel/oem7/odom,39.663,-75.756,-1.799801785,0.000702920,0.000166343,0.000450027,-0.000539974,0.000166343,,,
1786043675746453370,1786043675.746051164,/novatel/oem7/inspva,/novatel/oem7/inspva,/novatel/oem7/inspva,39.663,-75.756,-1.799784607,0.000901243,0.000375691,-0.000818511,0.000377198,0.000375691,,novatel_oem7_msgs.msg.InertialSolutionStatus(status=3),
1786043675747056262,1786043675.746193399,/novatel/oem7/fix,/novatel/oem7/fix,/novatel/oem7/inspva,39.663,-75.756,-1.799784607,0.000901243,0.000375691,-0.000818511,0.000377198,0.000375691,,0,
1786043675747515434,1786043675.746664670,/novatel/oem7/odom,/novatel/oem7/fix,/novatel/oem7/odom,39.663,-75.756,-1.799784607,0.000901597,0.000374841,0.000337266,-0.000836139,0.000374841,,,
1786043675756199049,1786043675.755849630,/novatel/oem7/odom,/novatel/oem7/fix,/novatel/oem7/odom,39.663,-75.756,-1.799784607,0.000901597,0.000374841,0.000337266,-0.000836139,0.000374841,,,
1786043675765674514,1786043675.765315528,/novatel/oem7/inspva,/novatel/oem7/inspva,/novatel/oem7/inspva,39.663,-75.756,-1.799768403,0.001035144,0.001689149,0.001029611,0.000106879,0.001689149,,novatel_oem7_msgs.msg.InertialSolutionStatus(status=3),
1786043675766305289,1786043675.765512913,/novatel/oem7/fix,/novatel/oem7/fix,/novatel/oem7/inspva,39.663,-75.756,-1.799768403,0.001035144,0.001689149,0.001029611,0.000106879,0.001689149,,0,
1786043675766953388,1786043675.766142222,/novatel/oem7/odom,/novatel/oem7/fix,/novatel/oem7/odom,39.663,-75.756,-1.799768403,0.001029845,0.001692385,0.000148066,0.001019145,0.001692385,,,
1786043675775928689,1786043675.775441638,/novatel/oem7/odom,/novatel/oem7/fix,/novatel/oem7/odom,39.663,-75.756,-1.799768403,0.001029845,0.001692385,0.000148066,0.001019145,0.001692385,,,
1786043675785310146,1786043675.784976728,/novatel/oem7/inspva,/novatel/oem7/inspva,/novatel/oem7/inspva,39.663,-75.756,-1.799765402,0.000803338,0.000092011,0.000690198,-0.000411069,0.000092011,,novatel_oem7_msgs.msg.InertialSolutionStatus(status=3),
1786043675785949736,1786043675.785132629,/novatel/oem7/fix,/novatel/oem7/fix,/novatel/oem7/inspva,39.663,-75.756,-1.799765402,0.000803338,0.000092011,0.000690198,-0.000411069,0.000092011,,0,
1786043675786387258,1786043675.785563647,/novatel/oem7/odom,/novatel/oem7/fix,/novatel/oem7/odom,39.663,-75.756,-1.799765402,0.000803298,0.000092357,-0.000378879,0.000708335,0.000092357,,,
1786043675794736727,1786043675.794415766,/novatel/oem7/odom,/novatel/oem7/fix,/novatel/oem7/odom,39.663,-75.756,-1.799765402,0.000803298,0.000092357,-0.000378879,0.000708335,0.000092357,,,
1786043675807025929,1786043675.806497484,/novatel/oem7/inspva,/novatel/oem7/inspva,/novatel/oem7/inspva,39.663,-75.756,-1.799757740,0.000288241,-0.000505426,-0.000054460,-0.000283050,-0.000505426,,novatel_oem7_msgs.msg.InertialSolutionStatus(status=3),
1786043675808343579,1786043675.806659772,/novatel/oem7/fix,/novatel/oem7/fix,/novatel/oem7/inspva,39.663,-75.756,-1.799757740,0.000288241,-0.000505426,-0.000054460,-0.000283050,-0.000505426,,0,
1786043675809360985,1786043675.807047390,/novatel/oem7/odom,/novatel/oem7/fix,/novatel/oem7/odom,39.663,-75.756,-1.799757740,0.000286129,-0.000506625,-0.000283328,-0.000039937,-0.000506625,,,
1786043675810883587,1786043675.810146690,/novatel/oem7/bestpos,/novatel/oem7/bestpos,/novatel/oem7/odom,39.663,-75.756,33.182626359,0.000286129,-0.000506625,-0.000283328,-0.000039937,-0.000506625,,novatel_oem7_msgs.msg.SolutionStatus(status=0),novatel_oem7_msgs.msg.PositionOrVelocityType(type=53)
1786043675812243904,1786043675.810573748,/novatel/oem7/bestvel,/novatel/oem7/bestpos,/novatel/oem7/bestvel,39.663,-75.756,33.182626359,0.001536682,0.000394539,,,,247.045009049,novatel_oem7_msgs.msg.SolutionStatus(status=0),novatel_oem7_msgs.msg.PositionOrVelocityType(type=53)
1786043675815571270,1786043675.814883450,/novatel/oem7/odom,/novatel/oem7/bestpos,/novatel/oem7/odom,39.663,-75.756,33.182626359,0.000286129,-0.000506625,-0.000283328,-0.000039937,-0.000506625,,,
1786043675825688714,1786043675.825143725,/novatel/oem7/inspva,/novatel/oem7/inspva,/novatel/oem7/inspva,39.663,-75.756,-1.799745735,0.000989637,-0.000294506,-0.000834302,0.000532279,-0.000294506,,novatel_oem7_msgs.msg.InertialSolutionStatus(status=3),
1786043675827004923,1786043675.825313423,/novatel/oem7/fix,/novatel/oem7/fix,/novatel/oem7/inspva,39.663,-75.756,-1.799745735,0.000989637,-0.000294506,-0.000834302,0.000532279,-0.000294506,,0,
1786043675828019247,1786043675.825747316,/novatel/oem7/odom,/novatel/oem7/fix,/novatel/oem7/odom,39.663,-75.756,-1.799745735,0.000989540,-0.000294832,0.000494033,-0.000857392,-0.000294832,,,
1786043675836342259,1786043675.835671602,/novatel/oem7/odom,/novatel/oem7/fix,/novatel/oem7/odom,39.663,-75.756,-1.799745735,0.000989540,-0.000294832,0.000494033,-0.000857392,-0.000294832,,,
1786043675845930734,1786043675.845383018,/novatel/oem7/inspva,/novatel/oem7/inspva,/novatel/oem7/inspva,39.663,-75.756,-1.799722238,0.000443317,0.001866039,0.000414269,0.000157832,0.001866039,,novatel_oem7_msgs.msg.InertialSolutionStatus(status=3),
1786043675847250910,1786043675.845534430,/novatel/oem7/fix,/novatel/oem7/fix,/novatel/oem7/inspva,39.663,-75.756,-1.799722238,0.000443317,0.001866039,0.000414269,0.000157832,0.001866039,,0,
1786043675848270617,1786043675.846156395,/novatel/oem7/odom,/novatel/oem7/fix,/novatel/oem7/odom,39.663,-75.756,-1.799722238,0.000435972,0.001867769,0.000169652,0.000401609,0.001867769,,,
1786043675857240105,1786043675.856561905,/novatel/oem7/odom,/novatel/oem7/fix,/novatel/oem7/odom,39.663,-75.756,-1.799722238,0.000435972,0.001867769,0.000169652,0.000401609,0.001867769,,,
1786043675866913067,1786043675.866314425,/novatel/oem7/inspva,/novatel/oem7/inspva,/novatel/oem7/inspva,39.663,-75.756,-1.799715939,0.001338452,0.001535568,0.001086504,-0.000781642,0.001535568,,novatel_oem7_msgs.msg.InertialSolutionStatus(status=3),
1786043675868244627,1786043675.866502947,/novatel/oem7/fix,/novatel/oem7/fix,/novatel/oem7/inspva,39.663,-75.756,-1.799715939,0.001338452,0.001535568,0.001086504,-0.000781642,0.001535568,,0,
1786043675869316141,1786043675.866955301,/novatel/oem7/odom,/novatel/oem7/fix,/novatel/oem7/odom,39.663,-75.756,-1.799715939,0.001338378,0.001535633,-0.000736201,0.001117704,0.001535633,,,
1786043675875170412,1786043675.874499469,/novatel/oem7/odom,/novatel/oem7/fix,/novatel/oem7/odom,39.663,-75.756,-1.799715939,0.001338378,0.001535633,-0.000736201,0.001117704,0.001535633,,,
1786043675885862384,1786043675.885314318,/novatel/oem7/inspva,/novatel/oem7/inspva,/novatel/oem7/inspva,39.663,-75.756,-1.799718192,0.000162800,-0.001023956,-0.000157775,0.000040138,-0.001023956,,novatel_oem7_msgs.msg.InertialSolutionStatus(status=3),
1786043675887175694,1786043675.885472977,/novatel/oem7/fix,/novatel/oem7/fix,/novatel/oem7/inspva,39.663,-75.756,-1.799718192,0.000162800,-0.001023956,-0.000157775,0.000040138,-0.001023956,,0,
1786043675888201624,1786043675.886110510,/novatel/oem7/odom,/novatel/oem7/fix,/novatel/oem7/odom,39.663,-75.756,-1.799718192,0.000161059,-0.001024231,0.000036681,-0.000156827,-0.001024231,,,
1786043675896295574,1786043675.895627727,/novatel/oem7/odom,/novatel/oem7/fix,/novatel/oem7/odom,39.663,-75.756,-1.799718192,0.000161059,-0.001024231,0.000036681,-0.000156827,-0.001024231,,,
1786043675906338713,1786043675.905803144,/novatel/oem7/inspva,/novatel/oem7/inspva,/novatel/oem7/inspva,39.663,-75.756,-1.799695857,0.000412832,-0.000187094,-0.000179241,-0.000371891,-0.000187094,,novatel_oem7_msgs.msg.InertialSolutionStatus(status=3),
1786043675907659096,1786043675.905949659,/novatel/oem7/fix,/novatel/oem7/fix,/novatel/oem7/inspva,39.663,-75.756,-1.799695857,0.000412832,-0.000187094,-0.000179241,-0.000371891,-0.000187094,,0,
1786043675908684316,1786043675.906438540,/novatel/oem7/odom,/novatel/oem7/fix,/novatel/oem7/odom,39.663,-75.756,-1.799695857,0.000411975,-0.000188975,-0.000379102,-0.000161261,-0.000188975,,,
1786043675910556171,1786043675.909851531,/novatel/oem7/bestpos,/novatel/oem7/bestpos,/novatel/oem7/odom,39.663,-75.756,33.182675448,0.000411975,-0.000188975,-0.000379102,-0.000161261,-0.000188975,,novatel_oem7_msgs.msg.SolutionStatus(status=0),novatel_oem7_msgs.msg.PositionOrVelocityType(type=53)
1786043675911921721,1786043675.910344756,/novatel/oem7/bestvel,/novatel/oem7/bestpos,/novatel/oem7/bestvel,39.663,-75.756,33.182675448,0.001210724,0.000374638,,,,245.806237403,novatel_oem7_msgs.msg.SolutionStatus(status=0),novatel_oem7_msgs.msg.PositionOrVelocityType(type=53)
1786043675915093136,1786043675.914400773,/novatel/oem7/odom,/novatel/oem7/bestpos,/novatel/oem7/odom,39.663,-75.756,33.182675448,0.000411975,-0.000188975,-0.000379102,-0.000161261,-0.000188975,,,
1786043675927067238,1786043675.926520095,/novatel/oem7/inspva,/novatel/oem7/inspva,/novatel/oem7/inspva,39.663,-75.756,-1.799669633,0.001506178,0.001775590,-0.000683599,0.001342111,0.001775590,,novatel_oem7_msgs.msg.InertialSolutionStatus(status=3),
1786043675928387321,1786043675.926664330,/novatel/oem7/fix,/novatel/oem7/fix,/novatel/oem7/inspva,39.663,-75.756,-1.799669633,0.001506178,0.001775590,-0.000683599,0.001342111,0.001775590,,0,
1786043675929414924,1786043675.927035757,/novatel/oem7/odom,/novatel/oem7/fix,/novatel/oem7/odom,39.663,-75.756,-1.799669633,0.001502552,0.001778659,0.001302014,-0.000749948,0.001778659,,,
1786043675935513851,1786043675.934863753,/novatel/oem7/odom,/novatel/oem7/fix,/novatel/oem7/odom,39.663,-75.756,-1.799669633,0.001502552,0.001778659,0.001302014,-0.000749948,0.001778659,,,
1786043675945475019,1786043675.944915687,/novatel/oem7/inspva,/novatel/oem7/inspva,/novatel/oem7/inspva,39.663,-75.756,-1.799657945,0.000100196,0.001849398,-0.000014841,0.000099091,0.001849398,,novatel_oem7_msgs.msg.InertialSolutionStatus(status=3),
1786043675946777719,1786043675.945052015,/novatel/oem7/fix,/novatel/oem7/fix,/novatel/oem7/inspva,39.663,-75.756,-1.799657945,0.000100196,0.001849398,-0.000014841,0.000099091,0.001849398,,0,
1786043675947783225,1786043675.945470322,/novatel/oem7/odom,/novatel/oem7/fix,/novatel/oem7/odom,39.663,-75.756,-1.799657945,0.000094262,0.001849710,0.000091092,-0.000024240,0.001849710,,,
1786043675956488845,1786043675.955792748,/novatel/oem7/odom,/novatel/oem7/fix,/novatel/oem7/odom,39.663,-75.756,-1.799657945,0.000094262,0.001849710,0.000091092,-0.000024240,0.001849710,,,
1786043675965958838,1786043675.965392973,/novatel/oem7/inspva,/novatel/oem7/inspva,/novatel/oem7/inspva,39.663,-75.756,-1.799668675,0.001469564,-0.001263901,0.000433165,-0.001404275,-0.001263901,,novatel_oem7_msgs.msg.InertialSolutionStatus(status=3),
1786043675967358448,1786043675.965585651,/novatel/oem7/fix,/novatel/oem7/fix,/novatel/oem7/inspva,39.663,-75.756,-1.799668675,0.001469564,-0.001263901,0.000433165,-0.001404275,-0.001263901,,0,
1786043675968389052,1786043675.966302125,/novatel/oem7/odom,/novatel/oem7/fix,/novatel/oem7/odom,39.663,-75.756,-1.799668675,0.001466102,-0.001267916,-0.001377740,0.000501287,-0.001267916,,,
1786043675975354904,1786043675.974665528,/novatel/oem7/odom,/novatel/oem7/fix,/novatel/oem7/odom,39.663,-75.756,-1.799668675,0.001466102,-0.001267916,-0.001377740,0.000501287,-0.001267916,,,
1786043675986839735,1786043675.986105417,/novatel/oem7/inspva,/novatel/oem7/inspva,/novatel/oem7/inspva,39.663,-75.756,-1.799646377,0.000368024,-0.000813959,-0.000322671,-0.000176990,-0.000813959,,novatel_oem7_msgs.msg.InertialSolutionStatus(status=3),
1786043675988132783,1786043675.986315766,/novatel/oem7/fix,/novatel/oem7/fix,/novatel/oem7/inspva,39.663,-75.756,-1.799646377,0.000368024,-0.000813959,-0.000322671,-0.000176990,-0.000813959,,0,
1786043675989155461,1786043675.986738524,/novatel/oem7/odom,/novatel/oem7/fix,/novatel/oem7/odom,39.663,-75.756,-1.799646377,0.000364593,-0.000815502,-0.000188672,-0.000311979,-0.000815502,,,
1786043675995266948,1786043675.994577077,/novatel/oem7/odom,/novatel/oem7/fix,/novatel/oem7/odom,39.663,-75.756,-1.799646377,0.000364593,-0.000815502,-0.000188672,-0.000311979,-0.000815502,,,
1786043676009068197,1786043676.008367373,/novatel/oem7/inspva,/novatel/oem7/inspva,/novatel/oem7/inspva,39.663,-75.756,-1.799619354,0.001663107,0.001533756,-0.001453577,0.000808110,0.001533756,,novatel_oem7_msgs.msg.InertialSolutionStatus(status=3),
1786043676010556875,1786043676.008588999,/novatel/oem7/fix,/novatel/oem7/fix,/novatel/oem7/inspva,39.663,-75.756,-1.799619354,0.001663107,0.001533756,-0.001453577,0.000808110,0.001533756,,0,
1786043676011785717,1786043676.009726560,/novatel/oem7/odom,/novatel/oem7/fix,/novatel/oem7/odom,39.663,-75.756,-1.799619354,0.001664029,0.001532755,0.000733655,-0.001493567,0.001532755,,,
1786043676018040013,1786043676.017388832,/novatel/oem7/odom,/novatel/oem7/fix,/novatel/oem7/odom,39.663,-75.756,-1.799619354,0.001664029,0.001532755,0.000733655,-0.001493567,0.001532755,,,
1786043676026868770,1786043676.026134036,/novatel/oem7/bestpos,/novatel/oem7/bestpos,/novatel/oem7/odom,39.663,-75.756,33.182735599,0.001664029,0.001532755,0.000733655,-0.001493567,0.001532755,,novatel_oem7_msgs.msg.SolutionStatus(status=0),novatel_oem7_msgs.msg.PositionOrVelocityType(type=53)
1786043676028538019,1786043676.026610877,/novatel/oem7/bestvel,/novatel/oem7/bestpos,/novatel/oem7/bestvel,39.663,-75.756,33.182735599,0.002001948,0.001173390,,,,134.085441939,novatel_oem7_msgs.msg.SolutionStatus(status=0),novatel_oem7_msgs.msg.PositionOrVelocityType(type=53)
1786043676029415685,1786043676.027116638,/novatel/oem7/inspva,/novatel/oem7/inspva,/novatel/oem7/inspva,39.663,-75.756,-1.799608286,0.001267432,0.001550975,-0.000928725,0.000862470,0.001550975,,novatel_oem7_msgs.msg.InertialSolutionStatus(status=3),
1786043676030228309,1786043676.027351331,/novatel/oem7/fix,/novatel/oem7/fix,/novatel/oem7/inspva,39.663,-75.756,-1.799608286,0.001267432,0.001550975,-0.000928725,0.000862470,0.001550975,,0,
1786043676031303870,1786043676.027650172,/novatel/oem7/odom,/novatel/oem7/fix,/novatel/oem7/odom,39.663,-75.756,-1.799608286,0.001266677,0.001551591,0.000812352,-0.000971883,0.001551591,,,
1786043676035195208,1786043676.034562369,/novatel/oem7/odom,/novatel/oem7/fix,/novatel/oem7/odom,39.663,-75.756,-1.799608286,0.001266677,0.001551591,0.000812352,-0.000971883,0.001551591,,,
1786043676047379565,1786043676.046606485,/novatel/oem7/inspva,/novatel/oem7/inspva,/novatel/oem7/inspva,39.663,-75.756,-1.799630123,0.001163038,-0.000195072,0.000433149,-0.001079369,-0.000195072,,novatel_oem7_msgs.msg.InertialSolutionStatus(status=3),
1786043676048785199,1786043676.046836077,/novatel/oem7/fix,/novatel/oem7/fix,/novatel/oem7/inspva,39.663,-75.756,-1.799630123,0.001163038,-0.000195072,0.000433149,-0.001079369,-0.000195072,,0,
1786043676049916390,1786043676.047347748,/novatel/oem7/odom,/novatel/oem7/fix,/novatel/oem7/odom,39.663,-75.756,-1.799630123,0.001266624,0.001551635,0.000812328,-0.000971833,0.001551635,,,
1786043676057370017,1786043676.056591809,/novatel/oem7/odom,/novatel/oem7/fix,/novatel/oem7/odom,39.663,-75.756,-1.799630123,0.001162556,-0.000197925,-0.001057293,0.000483392,-0.000197925,,,
1786043676066073750,1786043676.065363003,/novatel/oem7/inspva,/novatel/oem7/inspva,/novatel/oem7/inspva,39.663,-75.756,-1.799649919,0.001344403,-0.001189754,0.000067657,-0.001342700,-0.001189754,,novatel_oem7_msgs.msg.InertialSolutionStatus(status=3),
1786043676067508847,1786043676.065593215,/novatel/oem7/fix,/novatel/oem7/fix,/novatel/oem7/inspva,39.663,-75.756,-1.799649919,0.001344403,-0.001189754,0.000067657,-0.001342700,-0.001189754,,0,
1786043676068568985,1786043676.066004159,/novatel/oem7/odom,/novatel/oem7/fix,/novatel/oem7/odom,39.663,-75.756,-1.799649919,0.001340129,-0.001194567,-0.001333502,0.000133110,-0.001194567,,,
1786043676076242870,1786043676.075589277,/novatel/oem7/odom,/novatel/oem7/fix,/novatel/oem7/odom,39.663,-75.756,-1.799649919,0.001340129,-0.001194567,-0.001333502,0.000133110,-0.001194567,,,
1786043676086140428,1786043676.085507735,/novatel/oem7/inspva,/novatel/oem7/inspva,/novatel/oem7/inspva,39.663,-75.756,-1.799646261,0.001611900,0.000973480,-0.001610623,0.000064158,0.000973480,,novatel_oem7_msgs.msg.InertialSolutionStatus(status=3),
1786043676087708107,1786043676.085720997,/novatel/oem7/fix,/novatel/oem7/fix,/novatel/oem7/inspva,39.663,-75.756,-1.799646261,0.001611900,0.000973480,-0.001610623,0.000064158,0.000973480,,0,
1786043676088785541,1786043676.086347963,/novatel/oem7/odom,/novatel/oem7/fix,/novatel/oem7/odom,39.663,-75.756,-1.799646261,0.001614442,0.000969258,-0.000014566,-0.001614376,0.000969258,,,
1786043676095661249,1786043676.094996725,/novatel/oem7/odom,/novatel/oem7/fix,/novatel/oem7/odom,39.663,-75.756,-1.799646261,0.001614442,0.000969258,-0.000014566,-0.001614376,0.000969258,,,
1786043676106487099,1786043676.105975061,/novatel/oem7/inspva,/novatel/oem7/inspva,/novatel/oem7/inspva,39.663,-75.756,-1.799662933,0.001252740,0.001461511,-0.001244311,-0.000145083,0.001461511,,novatel_oem7_msgs.msg.InertialSolutionStatus(status=3),
1786043676107853992,1786043676.106137992,/novatel/oem7/fix,/novatel/oem7/fix,/novatel/oem7/inspva,39.663,-75.756,-1.799662933,0.001252740,0.001461511,-0.001244311,-0.000145083,0.001461511,,0,
1786043676108898963,1786043676.106600150,/novatel/oem7/odom,/novatel/oem7/fix,/novatel/oem7/odom,39.663,-75.756,-1.799662933,0.001257402,0.001457503,-0.000208479,-0.001239998,0.001457503,,,
1786043676110403341,1786043676.109375651,/novatel/oem7/bestpos,/novatel/oem7/bestpos,/novatel/oem7/odom,39.663,-75.756,33.182680913,0.001257402,0.001457503,-0.000208479,-0.001239998,0.001457503,,novatel_oem7_msgs.msg.SolutionStatus(status=0),novatel_oem7_msgs.msg.PositionOrVelocityType(type=53)
1786043676112204719,1786043676.109991027,/novatel/oem7/bestvel,/novatel/oem7/bestpos,/novatel/oem7/bestvel,39.663,-75.756,33.182680913,0.000597227,0.000915283,,,,164.288216356,novatel_oem7_msgs.msg.SolutionStatus(status=0),novatel_oem7_msgs.msg.PositionOrVelocityType(type=53)
1786043676115325863,1786043676.114635003,/novatel/oem7/odom,/novatel/oem7/bestpos,/novatel/oem7/odom,39.663,-75.756,33.182680913,0.001257402,0.001457503,-0.000208479,-0.001239998,0.001457503,,,
1786043676125897687,1786043676.125355728,/novatel/oem7/inspva,/novatel/oem7/inspva,/novatel/oem7/inspva,39.663,-75.756,-1.799682070,0.001096349,0.000568832,0.000382951,-0.001027292,0.000568832,,novatel_oem7_msgs.msg.InertialSolutionStatus(status=3),
1786043676127322618,1786043676.125515044,/novatel/oem7/fix,/novatel/oem7/fix,/novatel/oem7/inspva,39.663,-75.756,-1.799682070,0.001096349,0.000568832,0.000382951,-0.001027292,0.000568832,,0,
1786043676128360182,1786043676.126097259,/novatel/oem7/odom,/novatel/oem7/fix,/novatel/oem7/odom,39.663,-75.756,-1.799682070,0.001097801,0.000566023,-0.001010568,0.000428857,0.000566023,,,
1786043676136194382,1786043676.135580196,/novatel/oem7/odom,/novatel/oem7/fix,/novatel/oem7/odom,39.663,-75.756,-1.799682070,0.001097801,0.000566023,-0.001010568,0.000428857,0.000566023,,,
1786043676146131987,1786043676.145520064,/novatel/oem7/inspva,/novatel/oem7/inspva,/novatel/oem7/inspva,39.663,-75.756,-1.799707653,0.001250688,-0.000252997,0.000484034,-0.001153227,-0.000252997,,novatel_oem7_msgs.msg.InertialSolutionStatus(status=3),
1786043676147488827,1786043676.145681009,/novatel/oem7/fix,/novatel/oem7/fix,/novatel/oem7/inspva,39.663,-75.756,-1.799707653,0.001250688,-0.000252997,0.000484034,-0.001153227,-0.000252997,,0,
1786043676148517501,1786043676.146116020,/novatel/oem7/odom,/novatel/oem7/fix,/novatel/oem7/odom,39.663,-75.756,-1.799707653,0.001250078,-0.000255992,-0.001128476,0.000537808,-0.000255992,,,
1786043676156351394,1786043676.155717345,/novatel/oem7/odom,/novatel/oem7/fix,/novatel/oem7/odom,39.663,-75.756,-1.799707653,0.001250078,-0.000255992,-0.001128476,0.000537808,-0.000255992,,,
1786043676167146155,1786043676.166632406,/novatel/oem7/inspva,/novatel/oem7/inspva,/novatel/oem7/inspva,39.663,-75.756,-1.799730195,0.002123981,-0.001167793,-0.001823913,-0.001088409,-0.001167793,,novatel_oem7_msgs.msg.InertialSolutionStatus(status=3),
1786043676168478098,1786043676.166780018,/novatel/oem7/fix,/novatel/oem7/fix,/novatel/oem7/inspva,39.663,-75.756,-1.799730195,0.002123981,-0.001167793,-0.001823913,-0.001088409,-0.001167793,,0,
1786043676169507018,1786043676.167262096,/novatel/oem7/odom,/novatel/oem7/fix,/novatel/oem7/odom,39.663,-75.756,-1.799730195,0.002118977,-0.001176849,-0.001167573,-0.001768286,-0.001176849,,,
1786043676175880804,1786043676.175224921,/novatel/oem7/odom,/novatel/oem7/fix,/novatel/oem7/odom,39.663,-75.756,-1.799730195,0.002118977,-0.001176849,-0.001167573,-0.001768286,-0.001176849,,,
1786043676185725581,1786043676.185185699,/novatel/oem7/inspva,/novatel/oem7/inspva,/novatel/oem7/inspva,39.663,-75.756,-1.799743648,0.001452348,-0.000037868,-0.001443347,-0.000161444,-0.000037868,,novatel_oem7_msgs.msg.InertialSolutionStatus(status=3),
1786043676187025561,1786043676.185323714,/novatel/oem7/fix,/novatel/oem7/fix,/novatel/oem7/inspva,39.663,-75.756,-1.799743648,0.001452348,-0.000037868,-0.001443347,-0.000161444,-0.000037868,,0,
1786043676188039861,1786043676.185749245,/novatel/oem7/odom,/novatel/oem7/fix,/novatel/oem7/odom,39.663,-75.756,-1.799743648,0.001452222,-0.000042440,-0.000228268,-0.001434169,-0.000042440,,,
1786043676196089231,1786043676.195462501,/novatel/oem7/odom,/novatel/oem7/fix,/novatel/oem7/odom,39.663,-75.756,-1.799743648,0.001452222,-0.000042440,-0.000228268,-0.001434169,-0.000042440,,,
1786043676207822076,1786043676.207268274,/novatel/oem7/inspva,/novatel/oem7/inspva,/novatel/oem7/inspva,39.663,-75.756,-1.799750452,0.000907635,0.001433342,-0.000174338,-0.000890734,0.001433342,,novatel_oem7_msgs.msg.InertialSolutionStatus(status=3),
1786043676209145356,1786043676.207406199,/novatel/oem7/fix,/novatel/oem7/fix,/novatel/oem7/inspva,39.663,-75.756,-1.799750452,0.000907635,0.001433342,-0.000174338,-0.000890734,0.001433342,,0,
1786043676210214490,1786043676.207851483,/novatel/oem7/odom,/novatel/oem7/fix,/novatel/oem7/odom,39.663,-75.756,-1.799750452,0.000913690,0.001429490,-0.000903451,-0.000136405,0.001429490,,,
1786043676211669374,1786043676.210152926,/novatel/oem7/bestpos,/novatel/oem7/bestpos,/novatel/oem7/odom,39.663,-75.756,33.182595144,0.000913690,0.001429490,-0.000903451,-0.000136405,0.001429490,,novatel_oem7_msgs.msg.SolutionStatus(status=0),novatel_oem7_msgs.msg.PositionOrVelocityType(type=53)
1786043676212631507,1786043676.210549653,/novatel/oem7/bestvel,/novatel/oem7/bestpos,/novatel/oem7/bestvel,39.663,-75.756,33.182595144,0.000501801,0.000516419,,,,65.561932628,novatel_oem7_msgs.msg.SolutionStatus(status=0),novatel_oem7_msgs.msg.PositionOrVelocityType(type=53)
1786043676215390794,1786043676.214717531,/novatel/oem7/odom,/novatel/oem7/bestpos,/novatel/oem7/odom,39.663,-75.756,33.182595144,0.000913690,0.001429490,-0.000903451,-0.000136405,0.001429490,,,
1786043676226673416,1786043676.226112257,/novatel/oem7/inspva,/novatel/oem7/inspva,/novatel/oem7/inspva,39.663,-75.756,-1.799779556,0.000578387,0.000413920,0.000332077,-0.000473557,0.000413920,,novatel_oem7_msgs.msg.InertialSolutionStatus(status=3),
1786043676228053376,1786043676.226253545,/novatel/oem7/fix,/novatel/oem7/fix,/novatel/oem7/inspva,39.663,-75.756,-1.799779556,0.000578387,0.000413920,0.000332077,-0.000473557,0.000413920,,0,
1786043676229089463,1786043676.226696289,/novatel/oem7/odom,/novatel/oem7/fix,/novatel/oem7/odom,39.663,-75.756,-1.799779556,0.000579002,0.000413059,-0.000459195,0.000352679,0.000413059,,,
1786043676235244113,1786043676.234539293,/novatel/oem7/odom,/novatel/oem7/fix,/novatel/oem7/odom,39.663,-75.756,-1.799779556,0.000579002,0.000413059,-0.000459195,0.000352679,0.000413059,,,
1786043676245783044,1786043676.245208302,/novatel/oem7/inspva,/novatel/oem7/inspva,/novatel/oem7/inspva,39.663,-75.756,-1.799813279,0.000586619,-0.001599971,-0.000555084,-0.000189745,-0.001599971,,novatel_oem7_msgs.msg.InertialSolutionStatus(status=3),
1786043676247151591,1786043676.245356133,/novatel/oem7/fix,/novatel/oem7/fix,/novatel/oem7/inspva,39.663,-75.756,-1.799813279,0.000586619,-0.001599971,-0.000555084,-0.000189745,-0.001599971,,0,
1786043676248289546,1786043676.245833502,/novatel/oem7/odom,/novatel/oem7/fix,/novatel/oem7/odom,39.663,-75.756,-1.799813279,0.000580520,-0.001602194,-0.000209210,-0.000541512,-0.001602194,,,
1786043676257112186,1786043676.256436886,/novatel/oem7/odom,/novatel/oem7/fix,/novatel/oem7/odom,39.663,-75.756,-1.799813279,0.000580520,-0.001602194,-0.000209210,-0.000541512,-0.001602194,,,
1786043676265602900,1786043676.265052445,/novatel/oem7/inspva,/novatel/oem7/inspva,/novatel/oem7/inspva,39.663,-75.756,-1.799827642,0.000978124,-0.001220878,-0.000721208,-0.000660746,-0.001220878,,novatel_oem7_msgs.msg.InertialSolutionStatus(status=3),
1786043676266960980,1786043676.265194596,/novatel/oem7/fix,/novatel/oem7/fix,/novatel/oem7/inspva,39.663,-75.756,-1.799827642,0.000978124,-0.001220878,-0.000721208,-0.000660746,-0.001220878,,0,
1786043676268115292,1786043676.265654854,/novatel/oem7/odom,/novatel/oem7/fix,/novatel/oem7/odom,39.663,-75.756,-1.799827642,0.000972585,-0.001225295,-0.000688893,-0.000686548,-0.001225295,,,
1786043676275271953,1786043676.274555525,/novatel/oem7/odom,/novatel/oem7/fix,/novatel/oem7/odom,39.663,-75.756,-1.799827642,0.000972585,-0.001225295,-0.000688893,-0.000686548,-0.001225295,,,
1786043676287814849,1786043676.287264431,/novatel/oem7/inspva,/novatel/oem7/inspva,/novatel/oem7/inspva,39.663,-75.756,-1.799818530,0.001156969,0.002001804,-0.001152855,0.000097481,0.002001804,,novatel_oem7_msgs.msg.InertialSolutionStatus(status=3),
1786043676289167706,1786043676.287405992,/novatel/oem7/fix,/novatel/oem7/fix,/novatel/oem7/inspva,39.663,-75.756,-1.799818530,0.001156969,0.002001804,-0.001152855,0.000097481,0.002001804,,0,
1786043676290295541,1786043676.287834623,/novatel/oem7/odom,/novatel/oem7/fix,/novatel/oem7/odom,39.663,-75.756,-1.799818530,0.001161850,0.001998975,0.000036017,-0.001161292,0.001998975,,,
1786043676295839052,1786043676.295136739,/novatel/oem7/odom,/novatel/oem7/fix,/novatel/oem7/odom,39.663,-75.756,-1.799818530,0.001161850,0.001998975,0.000036017,-0.001161292,0.001998975,,,
1786043676306454340,1786043676.305909925,/novatel/oem7/inspva,/novatel/oem7/inspva,/novatel/oem7/inspva,39.663,-75.756,-1.799843885,0.000957733,0.001385497,-0.000929887,-0.000229264,0.001385497,,novatel_oem7_msgs.msg.InertialSolutionStatus(status=3),
1786043676307867587,1786043676.306121113,/novatel/oem7/fix,/novatel/oem7/fix,/novatel/oem7/inspva,39.663,-75.756,-1.799843885,0.000957733,0.001385497,-0.000929887,-0.000229264,0.001385497,,0,
1786043676308938808,1786043676.306538324,/novatel/oem7/odom,/novatel/oem7/fix,/novatel/oem7/odom,39.663,-75.756,-1.799843885,0.000962667,0.001382073,-0.000277632,-0.000921764,0.001382073,,,
1786043676310490436,1786043676.309602198,/novatel/oem7/bestpos,/novatel/oem7/bestpos,/novatel/oem7/odom,39.663,-75.756,33.182517767,0.000962667,0.001382073,-0.000277632,-0.000921764,0.001382073,,novatel_oem7_msgs.msg.SolutionStatus(status=0),novatel_oem7_msgs.msg.PositionOrVelocityType(type=53)
1786043676311904427,1786043676.310373035,/novatel/oem7/bestvel,/novatel/oem7/bestpos,/novatel/oem7/bestvel,39.663,-75.756,33.182517767,0.000971632,0.000766013,,,,134.559595460,novatel_oem7_msgs.msg.SolutionStatus(status=0),novatel_oem7_msgs.msg.PositionOrVelocityType(type=53)
1786043676316313141,1786043676.315659217,/novatel/oem7/odom,/novatel/oem7/bestpos,/novatel/oem7/odom,39.663,-75.756,33.182517767,0.000962667,0.001382073,-0.000277632,-0.000921764,0.001382073,,,
1786043676325971719,1786043676.325453464,/novatel/oem7/inspva,/novatel/oem7/inspva,/novatel/oem7/inspva,39.663,-75.756,-1.799879020,0.001362799,-0.001431924,0.000729767,-0.001150939,-0.001431924,,novatel_oem7_msgs.msg.InertialSolutionStatus(status=3),
1786043676327403337,1786043676.325645700,/novatel/oem7/fix,/novatel/oem7/fix,/novatel/oem7/inspva,39.663,-75.756,-1.799879020,0.001362799,-0.001431924,0.000729767,-0.001150939,-0.001431924,,0,
1786043676328524591,1786043676.326222016,/novatel/oem7/odom,/novatel/oem7/fix,/novatel/oem7/odom,39.663,-75.756,-1.799879020,0.001360399,-0.001434204,-0.001110239,0.000786165,-0.001434204,,,
1786043676335701762,1786043676.335015169,/novatel/oem7/odom,/novatel/oem7/fix,/novatel/oem7/odom,39.663,-75.756,-1.799879020,0.001360399,-0.001434204,-0.001110239,0.000786165,-0.001434204,,,
1786043676346754138,1786043676.346190239,/novatel/oem7/inspva,/novatel/oem7/inspva,/novatel/oem7/inspva,39.663,-75.756,-1.799897660,0.000844722,-0.001440791,0.000104002,-0.000838295,-0.001440791,,novatel_oem7_msgs.msg.InertialSolutionStatus(status=3),
1786043676348192916,1786043676.346388001,/novatel/oem7/fix,/novatel/oem7/fix,/novatel/oem7/inspva,39.663,-75.756,-1.799897660,0.000844722,-0.001440791,0.000104002,-0.000838295,-0.001440791,,0,
1786043676349283116,1786043676.346903513,/novatel/oem7/odom,/novatel/oem7/fix,/novatel/oem7/odom,39.663,-75.756,-1.799897660,0.000839908,-0.001443603,-0.000827021,0.000146565,-0.001443603,,,
1786043676356668886,1786043676.355974902,/novatel/oem7/odom,/novatel/oem7/fix,/novatel/oem7/odom,39.663,-75.756,-1.799897660,0.000839908,-0.001443603,-0.000827021,0.000146565,-0.001443603,,,
1786043676365784629,1786043676.365242157,/novatel/oem7/inspva,/novatel/oem7/inspva,/novatel/oem7/inspva,39.663,-75.756,-1.799893511,0.001772663,0.001056000,-0.001737517,-0.000351239,0.001056000,,novatel_oem7_msgs.msg.InertialSolutionStatus(status=3),
1786043676367152743,1786043676.365455566,/novatel/oem7/fix,/novatel/oem7/fix,/novatel/oem7/inspva,39.663,-75.756,-1.799893511,0.001772663,0.001056000,-0.001737517,-0.000351239,0.001056000,,0,
1786043676368307004,1786043676.366000475,/novatel/oem7/odom,/novatel/oem7/fix,/novatel/oem7/odom,39.663,-75.756,-1.799893511,0.001776267,0.001049927,-0.000435719,-0.001721997,0.001049927,,,
1786043676376180205,1786043676.375530485,/novatel/oem7/odom,/novatel/oem7/fix,/novatel/oem7/odom,39.663,-75.756,-1.799893511,0.001776267,0.001049927,-0.000435719,-0.001721997,0.001049927,,,
1786043676385597738,1786043676.385079384,/novatel/oem7/inspva,/novatel/oem7/inspva,/novatel/oem7/inspva,39.663,-75.756,-1.799914145,0.001454324,0.001469002,-0.001439992,-0.000203667,0.001469002,,novatel_oem7_msgs.msg.InertialSolutionStatus(status=3),
1786043676386919861,1786043676.385176096,/novatel/oem7/fix,/novatel/oem7/fix,/novatel/oem7/inspva,39.663,-75.756,-1.799914145,0.001454324,0.001469002,-0.001439992,-0.000203667,0.001469002,,0,
1786043676388056832,1786043676.385622168,/novatel/oem7/odom,/novatel/oem7/fix,/novatel/oem7/odom,39.663,-75.756,-1.799914145,0.001459076,0.001464282,-0.000276073,-0.001432720,0.001464282,,,
1786043676395087249,1786043676.394373342,/novatel/oem7/odom,/novatel/oem7/fix,/novatel/oem7/odom,39.663,-75.756,-1.799914145,0.001459076,0.001464282,-0.000276073,-0.001432720,0.001464282,,,
1786043676407995953,1786043676.407457831,/novatel/oem7/inspva,/novatel/oem7/inspva,/novatel/oem7/inspva,39.663,-75.756,-1.799952712,0.001507416,-0.001048228,0.000299952,-0.001477272,-0.001048228,,novatel_oem7_msgs.msg.InertialSolutionStatus(status=3),
1786043676409328396,1786043676.407650030,/novatel/oem7/fix,/novatel/oem7/fix,/novatel/oem7/inspva,39.663,-75.756,-1.799952712,0.001507416,-0.001048228,0.000299952,-0.001477272,-0.001048228,,0,
1786043676410497694,1786043676.408124581,/novatel/oem7/odom,/novatel/oem7/fix,/novatel/oem7/odom,39.663,-75.756,-1.799952712,0.001504119,-0.001052954,-0.001457642,0.000371016,-0.001052954,,,
1786043676411951498,1786043676.410443760,/novatel/oem7/bestpos,/novatel/oem7/bestpos,/novatel/oem7/odom,39.663,-75.756,33.182415432,0.001504119,-0.001052954,-0.001457642,0.000371016,-0.001052954,,novatel_oem7_msgs.msg.SolutionStatus(status=0),novatel_oem7_msgs.msg.PositionOrVelocityType(type=53)
1786043676412983729,1786043676.410849071,/novatel/oem7/bestvel,/novatel/oem7/bestpos,/novatel/oem7/bestvel,39.663,-75.756,33.182415432,0.000141450,-0.001697531,,,,98.242066973,novatel_oem7_msgs.msg.SolutionStatus(status=0),novatel_oem7_msgs.msg.PositionOrVelocityType(type=53)
1786043676415669125,1786043676.415001375,/novatel/oem7/odom,/novatel/oem7/bestpos,/novatel/oem7/odom,39.663,-75.756,33.182415432,0.001504119,-0.001052954,-0.001457642,0.000371016,-0.001052954,,,
1786043676425574743,1786043676.425018574,/novatel/oem7/inspva,/novatel/oem7/inspva,/novatel/oem7/inspva,39.663,-75.756,-1.799976714,0.001326348,-0.001078407,-0.000041927,-0.001325685,-0.001078407,,novatel_oem7_msgs.msg.InertialSolutionStatus(status=3),
1786043676426982224,1786043676.425181906,/novatel/oem7/fix,/novatel/oem7/fix,/novatel/oem7/inspva,39.663,-75.756,-1.799976714,0.001326348,-0.001078407,-0.000041927,-0.001325685,-0.001078407,,0,
1786043676428126382,1786043676.425643507,/novatel/oem7/odom,/novatel/oem7/fix,/novatel/oem7/odom,39.663,-75.756,-1.799976714,0.001322247,-0.001083431,-0.001322055,0.000022549,-0.001083431,,,
1786043676436239838,1786043676.435389160,/novatel/oem7/odom,/novatel/oem7/fix,/novatel/oem7/odom,39.663,-75.756,-1.799976714,0.001322247,-0.001083431,-0.001322055,0.000022549,-0.001083431,,,
1786043676445883433,1786043676.445332365,/novatel/oem7/inspva,/novatel/oem7/inspva,/novatel/oem7/inspva,39.663,-75.756,-1.799988634,0.001927318,-0.000287626,-0.001924486,0.000104451,-0.000287626,,novatel_oem7_msgs.msg.InertialSolutionStatus(status=3),
1786043676447252891,1786043676.445541550,/novatel/oem7/fix,/novatel/oem7/fix,/novatel/oem7/inspva,39.663,-75.756,-1.799988634,0.001927318,-0.000287626,-0.001924486,0.000104451,-0.000287626,,0,
1786043676448357085,1786043676.446104462,/novatel/oem7/odom,/novatel/oem7/fix,/novatel/oem7/odom,39.663,-75.756,-1.799988634,0.001926587,-0.000292483,0.000015905,-0.001926521,-0.000292483,,,
1786043676457109571,1786043676.456448531,/novatel/oem7/odom,/novatel/oem7/fix,/novatel/oem7/odom,39.663,-75.756,-1.799988634,0.001926587,-0.000292483,0.000015905,-0.001926521,-0.000292483,,,
1786043676466601048,1786043676.466034679,/novatel/oem7/inspva,/novatel/oem7/inspva,/novatel/oem7/inspva,39.663,-75.756,-1.800005372,0.002276176,0.000513356,-0.001875574,-0.001289651,0.000513356,,novatel_oem7_msgs.msg.InertialSolutionStatus(status=3),
1786043676467985918,1786043676.466188701,/novatel/oem7/fix,/novatel/oem7/fix,/novatel/oem7/inspva,39.663,-75.756,-1.800005372,0.002276176,0.000513356,-0.001875574,-0.001289651,0.000513356,,0,
1786043676469066216,1786043676.466575451,/novatel/oem7/odom,/novatel/oem7/fix,/novatel/oem7/odom,39.663,-75.756,-1.800005372,0.002278385,0.000503461,-0.001377465,-0.001814836,0.000503461,,,
1786043676475346704,1786043676.474662901,/novatel/oem7/odom,/novatel/oem7/fix,/novatel/oem7/odom,39.663,-75.756,-1.800005372,0.002278385,0.000503461,-0.001377465,-0.001814836,0.000503461,,,
1786043676485688046,1786043676.485154111,/novatel/oem7/inspva,/novatel/oem7/inspva,/novatel/oem7/inspva,39.663,-75.756,-1.800028333,0.001253860,0.000235420,-0.000047345,-0.001252966,0.000235420,,novatel_oem7_msgs.msg.InertialSolutionStatus(status=3),
1786043676487033796,1786043676.485302529,/novatel/oem7/fix,/novatel/oem7/fix,/novatel/oem7/inspva,39.663,-75.756,-1.800028333,0.001253860,0.000235420,-0.000047345,-0.001252966,0.000235420,,0,
1786043676488091547,1786043676.485862245,/novatel/oem7/odom,/novatel/oem7/fix,/novatel/oem7/odom,39.663,-75.756,-1.800028333,0.001254749,0.000230636,-0.001254706,0.000010402,0.000230636,,,
1786043676496162470,1786043676.495509463,/novatel/oem7/odom,/novatel/oem7/fix,/novatel/oem7/odom,39.663,-75.756,-1.800028333,0.001254749,0.000230636,-0.001254706,0.000010402,0.000230636,,,
1786043676506803219,1786043676.506271073,/novatel/oem7/inspva,/novatel/oem7/inspva,/novatel/oem7/inspva,39.663,-75.756,-1.800049904,0.001415443,0.000173945,-0.000447154,-0.001342957,0.000173945,,novatel_oem7_msgs.msg.InertialSolutionStatus(status=3),
1786043676508170298,1786043676.506431475,/novatel/oem7/fix,/novatel/oem7/fix,/novatel/oem7/inspva,39.663,-75.756,-1.800049904,0.001415443,0.000173945,-0.000447154,-0.001342957,0.000173945,,0,
1786043676509250486,1786043676.506757261,/novatel/oem7/odom,/novatel/oem7/fix,/novatel/oem7/odom,39.663,-75.756,-1.800049904,0.001416194,0.000167722,-0.001362965,-0.000384618,0.000167722,,,
1786043676512084367,1786043676.511495548,/novatel/oem7/bestpos,/novatel/oem7/bestpos,/novatel/oem7/odom,39.663,-75.756,33.182335920,0.001416194,0.000167722,-0.001362965,-0.000384618,0.000167722,,novatel_oem7_msgs.msg.SolutionStatus(status=0),novatel_oem7_msgs.msg.PositionOrVelocityType(type=53)
1786043676513529338,1786043676.512365850,/novatel/oem7/bestvel,/novatel/oem7/bestpos,/novatel/oem7/bestvel,39.663,-75.756,33.182335920,0.000419880,-0.000463280,,,,206.914278380,novatel_oem7_msgs.msg.SolutionStatus(status=0),novatel_oem7_msgs.msg.PositionOrVelocityType(type=53)
1786043676515500061,1786043676.514565038,/novatel/oem7/odom,/novatel/oem7/bestpos,/novatel/oem7/odom,39.663,-75.756,33.182335920,0.001416194,0.000167722,-0.001362965,-0.000384618,0.000167722,,,
1786043676527050272,1786043676.526482936,/novatel/oem7/inspva,/novatel/oem7/inspva,/novatel/oem7/inspva,39.663,-75.756,-1.800065160,0.001930216,-0.000562107,-0.001720602,-0.000874793,-0.000562107,,novatel_oem7_msgs.msg.InertialSolutionStatus(status=3),
1786043676528447792,1786043676.526670711,/novatel/oem7/fix,/novatel/oem7/fix,/novatel/oem7/inspva,39.663,-75.756,-1.800065160,0.001930216,-0.000562107,-0.001720602,-0.000874793,-0.000562107,,0,
1786043676529536423,1786043676.527032378,/novatel/oem7/odom,/novatel/oem7/fix,/novatel/oem7/odom,39.663,-75.756,-1.800065160,0.001927906,-0.000569980,-0.000951736,-0.001676610,-0.000569980,,,
1786043676535626136,1786043676.534959687,/novatel/oem7/odom,/novatel/oem7/fix,/novatel/oem7/odom,39.663,-75.756,-1.800065160,0.001927906,-0.000569980,-0.000951736,-0.001676610,-0.000569980,,,
1786043676545504727,1786043676.544952588,/novatel/oem7/inspva,/novatel/oem7/inspva,/novatel/oem7/inspva,39.663,-75.756,-1.800081896,0.002335835,-0.000375654,-0.002292641,-0.000447126,-0.000375654,,novatel_oem7_msgs.msg.InertialSolutionStatus(status=3),
1786043676546851427,1786043676.545101423,/novatel/oem7/fix,/novatel/oem7/fix,/novatel/oem7/inspva,39.663,-75.756,-1.800081896,0.002335835,-0.000375654,-0.002292641,-0.000447126,-0.000375654,,0,
1786043676547907898,1786043676.545587612,/novatel/oem7/odom,/novatel/oem7/fix,/novatel/oem7/odom,39.663,-75.756,-1.800081896,0.002334561,-0.000383493,-0.000551860,-0.002268397,-0.000383493,,,
1786043676556305980,1786043676.555649611,/novatel/oem7/odom,/novatel/oem7/fix,/novatel/oem7/odom,39.663,-75.756,-1.800081896,0.002334561,-0.000383493,-0.000551860,-0.002268397,-0.000383493,,,
1786043676567084654,1786043676.566548055,/novatel/oem7/inspva,/novatel/oem7/inspva,/novatel/oem7/inspva,39.663,-75.756,-1.800093399,0.000899669,0.000719157,-0.000660957,-0.000610360,0.000719157,,novatel_oem7_msgs.msg.InertialSolutionStatus(status=3),
1786043676568455227,1786043676.566701443,/novatel/oem7/fix,/novatel/oem7/fix,/novatel/oem7/inspva,39.663,-75.756,-1.800093399,0.000899669,0.000719157,-0.000660957,-0.000610360,0.000719157,,0,
1786043676569505991,1786043676.567105777,/novatel/oem7/odom,/novatel/oem7/fix,/novatel/oem7/odom,39.663,-75.756,-1.800093399,0.000902908,0.000715086,-0.000643197,-0.000633672,0.000715086,,,
1786043676575382619,1786043676.574723795,/novatel/oem7/odom,/novatel/oem7/fix,/novatel/oem7/odom,39.663,-75.756,-1.800093399,0.000902908,0.000715086,-0.000643197,-0.000633672,0.000715086,,,
1786043676585734871,1786043676.585175992,/novatel/oem7/inspva,/novatel/oem7/inspva,/novatel/oem7/inspva,39.663,-75.756,-1.800118837,0.001487681,0.000609199,-0.000819671,-0.001241505,0.000609199,,novatel_oem7_msgs.msg.InertialSolutionStatus(status=3),
1786043676587061711,1786043676.585324350,/novatel/oem7/fix,/novatel/oem7/fix,/novatel/oem7/inspva,39.663,-75.756,-1.800118837,0.001487681,0.000609199,-0.000819671,-0.001241505,0.000609199,,0,
1786043676588119171,1786043676.585645092,/novatel/oem7/odom,/novatel/oem7/fix,/novatel/oem7/odom,39.663,-75.756,-1.800118837,0.001490466,0.000602353,-0.001280621,-0.000762562,0.000602353,,,
1786043676595612979,1786043676.594902152,/novatel/oem7/odom,/novatel/oem7/fix,/novatel/oem7/odom,39.663,-75.756,-1.800118837,0.001490466,0.000602353,-0.001280621,-0.000762562,0.000602353,,,
1786043676607286737,1786043676.606765249,/novatel/oem7/inspva,/novatel/oem7/inspva,/novatel/oem7/inspva,39.663,-75.756,-1.800148585,0.001452970,-0.001504682,-0.000982548,-0.001070383,-0.001504682,,novatel_oem7_msgs.msg.InertialSolutionStatus(status=3),
1786043676608666554,1786043676.606909903,/novatel/oem7/fix,/novatel/oem7/fix,/novatel/oem7/inspva,39.663,-75.756,-1.800148585,0.001452970,-0.001504682,-0.000982548,-0.001070383,-0.001504682,,0,
1786043676609736928,1786043676.607374395,/novatel/oem7/odom,/novatel/oem7/fix,/novatel/oem7/odom,39.663,-75.756,-1.800148585,0.001446122,-0.001511264,-0.001109167,-0.000927911,-0.001511264,,,
1786043676611222436,1786043676.610210173,/novatel/oem7/bestpos,/novatel/oem7/bestpos,/novatel/oem7/odom,39.663,-75.756,33.182262811,0.001446122,-0.001511264,-0.001109167,-0.000927911,-0.001511264,,novatel_oem7_msgs.msg.SolutionStatus(status=0),novatel_oem7_msgs.msg.PositionOrVelocityType(type=53)
1786043676612166905,1786043676.610612264,/novatel/oem7/bestvel,/novatel/oem7/bestpos,/novatel/oem7/bestvel,39.663,-75.756,33.182262811,0.002462978,-0.000780992,,,,206.643672943,novatel_oem7_msgs.msg.SolutionStatus(status=0),novatel_oem7_msgs.msg.PositionOrVelocityType(type=53)
1786043676615717254,1786043676.615069533,/novatel/oem7/odom,/novatel/oem7/bestpos,/novatel/oem7/odom,39.663,-75.756,33.182262811,0.001446122,-0.001511264,-0.001109167,-0.000927911,-0.001511264,,,
1786043676626682952,1786043676.626124043,/novatel/oem7/inspva,/novatel/oem7/inspva,/novatel/oem7/inspva,39.663,-75.756,-1.800169989,0.002164660,-0.001261544,-0.001742562,-0.001284225,-0.001261544,,novatel_oem7_msgs.msg.InertialSolutionStatus(status=3),
1786043676628056872,1786043676.626273354,/novatel/oem7/fix,/novatel/oem7/fix,/novatel/oem7/inspva,39.663,-75.756,-1.800169989,0.002164660,-0.001261544,-0.001742562,-0.001284225,-0.001261544,,0,
1786043676629147077,1786043676.626707146,/novatel/oem7/odom,/novatel/oem7/fix,/novatel/oem7/odom,39.663,-75.756,-1.800169989,0.002159146,-0.001270959,-0.001359076,-0.001677744,-0.001270959,,,
1786043676635298240,1786043676.634609334,/novatel/oem7/odom,/novatel/oem7/fix,/novatel/oem7/odom,39.663,-75.756,-1.800169989,0.002159146,-0.001270959,-0.001359076,-0.001677744,-0.001270959,,,
1786043676645860808,1786043676.645313856,/novatel/oem7/inspva,/novatel/oem7/inspva,/novatel/oem7/inspva,39.663,-75.756,-1.800182361,0.001479006,0.000525784,-0.001345082,0.000614989,0.000525784,,novatel_oem7_msgs.msg.InertialSolutionStatus(status=3),
1786043676647233391,1786043676.645510224,/novatel/oem7/fix,/novatel/oem7/fix,/novatel/oem7/inspva,39.663,-75.756,-1.800182361,0.001479006,0.000525784,-0.001345082,0.000614989,0.000525784,,0,
1786043676648308812,1786043676.646098900,/novatel/oem7/odom,/novatel/oem7/fix,/novatel/oem7/odom,39.663,-75.756,-1.800182361,0.001479502,0.000524386,0.000549728,-0.001373581,0.000524386,,,
1786043676657306225,1786043676.656648858,/novatel/oem7/odom,/novatel/oem7/fix,/novatel/oem7/odom,39.663,-75.756,-1.800182361,0.001479502,0.000524386,0.000549728,-0.001373581,0.000524386,,,
1786043676665516142,1786043676.664975037,/novatel/oem7/inspva,/novatel/oem7/inspva,/novatel/oem7/inspva,39.663,-75.756,-1.800209918,0.001487232,0.001075865,-0.001254640,-0.000798584,0.001075865,,novatel_oem7_msgs.msg.InertialSolutionStatus(status=3),
1786043676666850315,1786043676.665141782,/novatel/oem7/fix,/novatel/oem7/fix,/novatel/oem7/inspva,39.663,-75.756,-1.800209918,0.001487232,0.001075865,-0.001254640,-0.000798584,0.001075865,,0,
1786043676667912479,1786043676.665547566,/novatel/oem7/odom,/novatel/oem7/fix,/novatel/oem7/odom,39.663,-75.756,-1.800209918,0.001491843,0.001069462,-0.000860236,-0.001218848,0.001069462,,,
1786043676675109204,1786043676.674434344,/novatel/oem7/odom,/novatel/oem7/fix,/novatel/oem7/odom,39.663,-75.756,-1.800209918,0.001491843,0.001069462,-0.000860236,-0.001218848,0.001069462,,,
1786043676687203353,1786043676.686685675,/novatel/oem7/inspva,/novatel/oem7/inspva,/novatel/oem7/inspva,39.663,-75.756,-1.800248021,0.002188330,-0.001906673,-0.000890524,-0.001998939,-0.001906673,,novatel_oem7_msgs.msg.InertialSolutionStatus(status=3),
1786043676688565663,1786043676.686882343,/novatel/oem7/fix,/novatel/oem7/fix,/novatel/oem7/inspva,39.663,-75.756,-1.800248021,0.002188330,-0.001906673,-0.000890524,-0.001998939,-0.001906673,,0,
1786043676689630524,1786043676.687293403,/novatel/oem7/odom,/novatel/oem7/fix,/novatel/oem7/odom,39.663,-75.756,-1.800248021,0.002179801,-0.001916418,-0.002030908,-0.000791800,-0.001916418,,,
1786043676695669447,1786043676.694999823,/novatel/oem7/odom,/novatel/oem7/fix,/novatel/oem7/odom,39.663,-75.756,-1.800248021,0.002179801,-0.001916418,-0.002030908,-0.000791800,-0.001916418,,,
1786043676706318329,1786043676.705797537,/novatel/oem7/inspva,/novatel/oem7/inspva,/novatel/oem7/inspva,39.663,-75.756,-1.800268042,0.001873546,-0.001716212,-0.001501395,-0.001120710,-0.001716212,,novatel_oem7_msgs.msg.InertialSolutionStatus(status=3),
1786043676707656892,1786043676.705965568,/novatel/oem7/fix,/novatel/oem7/fix,/novatel/oem7/inspva,39.663,-75.756,-1.800268042,0.001873546,-0.001716212,-0.001501395,-0.001120710,-0.001716212,,0,
1786043676708712182,1786043676.706416977,/novatel/oem7/odom,/novatel/oem7/fix,/novatel/oem7/odom,39.663,-75.756,-1.800268042,0.001866068,-0.001724340,-0.001182801,-0.001443327,-0.001724340,,,
1786043676710165707,1786043676.709368742,/novatel/oem7/bestpos,/novatel/oem7/bestpos,/novatel/oem7/odom,39.663,-75.756,33.182155080,0.001866068,-0.001724340,-0.001182801,-0.001443327,-0.001724340,,novatel_oem7_msgs.msg.SolutionStatus(status=0),novatel_oem7_msgs.msg.PositionOrVelocityType(type=53)
1786043676711576637,1786043676.710045635,/novatel/oem7/bestvel,/novatel/oem7/bestpos,/novatel/oem7/bestvel,39.663,-75.756,33.182155080,0.002904761,-0.000911331,,,,223.044706487,novatel_oem7_msgs.msg.SolutionStatus(status=0),novatel_oem7_msgs.msg.PositionOrVelocityType(type=53)
1786043676715244833,1786043676.714596200,/novatel/oem7/odom,/novatel/oem7/bestpos,/novatel/oem7/odom,39.663,-75.756,33.182155080,0.001866068,-0.001724340,-0.001182801,-0.001443327,-0.001724340,,,
1786043676726194235,1786043676.725649473,/novatel/oem7/inspva,/novatel/oem7/inspva,/novatel/oem7/inspva,39.663,-75.756,-1.800271035,0.002062107,0.000947986,-0.002062075,0.000011501,0.000947986,,novatel_oem7_msgs.msg.InertialSolutionStatus(status=3),
1786043676727579439,1786043676.725839954,/novatel/oem7/fix,/novatel/oem7/fix,/novatel/oem7/inspva,39.663,-75.756,-1.800271035,0.002062107,0.000947986,-0.002062075,0.000011501,0.000947986,,0,
1786043676728630969,1786043676.726239521,/novatel/oem7/odom,/novatel/oem7/fix,/novatel/oem7/odom,39.663,-75.756,-1.800271035,0.002064633,0.000942471,-0.000088124,-0.002062752,0.000942471,,,
1786043676735864537,1786043676.735199007,/novatel/oem7/odom,/novatel/oem7/fix,/novatel/oem7/odom,39.663,-75.756,-1.800271035,0.002064633,0.000942471,-0.000088124,-0.002062752,0.000942471,,,
1786043676746729248,1786043676.746173635,/novatel/oem7/inspva,/novatel/oem7/inspva,/novatel/oem7/inspva,39.663,-75.756,-1.800303111,0.001613753,0.000855959,-0.001606456,0.000153284,0.000855959,,novatel_oem7_msgs.msg.InertialSolutionStatus(status=3),
1786043676748077124,1786043676.746333827,/novatel/oem7/fix,/novatel/oem7/fix,/novatel/oem7/inspva,39.663,-75.756,-1.800303111,0.001613753,0.000855959,-0.001606456,0.000153284,0.000855959,,0,
1786043676749163748,1786043676.746870752,/novatel/oem7/odom,/novatel/oem7/fix,/novatel/oem7/odom,39.663,-75.756,-1.800303111,0.001615744,0.000852194,0.000075074,-0.001613999,0.000852194,,,
1786043676756529204,1786043676.755850421,/novatel/oem7/odom,/novatel/oem7/fix,/novatel/oem7/odom,39.663,-75.756,-1.800303111,0.001615744,0.000852194,0.000075074,-0.001613999,0.000852194,,,
1786043676765868187,1786043676.765271231,/novatel/oem7/inspva,/novatel/oem7/inspva,/novatel/oem7/inspva,39.663,-75.756,-1.800337269,0.001843493,-0.001028838,-0.000492103,-0.001776599,-0.001028838,,novatel_oem7_msgs.msg.InertialSolutionStatus(status=3),
1786043676767699688,1786043676.765442055,/novatel/oem7/fix,/novatel/oem7/fix,/novatel/oem7/inspva,39.663,-75.756,-1.800337269,0.001843493,-0.001028838,-0.000492103,-0.001776599,-0.001028838,,0,
1786043676769316924,1786043676.767455715,/novatel/oem7/odom,/novatel/oem7/fix,/novatel/oem7/odom,39.663,-75.756,-1.800337269,0.001839048,-0.001036763,-0.001793594,-0.000406348,-0.001036763,,,
1786043676776354670,1786043676.775664910,/novatel/oem7/odom,/novatel/oem7/fix,/novatel/oem7/odom,39.663,-75.756,-1.800337269,0.001839048,-0.001036763,-0.001793594,-0.000406348,-0.001036763,,,
1786043676785701945,1786043676.785145470,/novatel/oem7/inspva,/novatel/oem7/inspva,/novatel/oem7/inspva,39.663,-75.756,-1.800364604,0.001468185,-0.002094427,-0.000815734,-0.001220715,-0.002094427,,novatel_oem7_msgs.msg.InertialSolutionStatus(status=3),
1786043676787081556,1786043676.785317415,/novatel/oem7/fix,/novatel/oem7/fix,/novatel/oem7/inspva,39.663,-75.756,-1.800364604,0.001468185,-0.002094427,-0.000815734,-0.001220715,-0.002094427,,0,
1786043676788162300,1786043676.785712529,/novatel/oem7/odom,/novatel/oem7/fix,/novatel/oem7/odom,39.663,-75.756,-1.800364604,0.001458599,-0.002101113,-0.001249297,-0.000752841,-0.002101113,,,
1786043676795189056,1786043676.794552886,/novatel/oem7/odom,/novatel/oem7/fix,/novatel/oem7/odom,39.663,-75.756,-1.800364604,0.001458599,-0.002101113,-0.001249297,-0.000752841,-0.002101113,,,
1786043676807106477,1786043676.806576502,/novatel/oem7/inspva,/novatel/oem7/inspva,/novatel/oem7/inspva,39.663,-75.756,-1.800373094,0.002731540,0.000064860,-0.002654306,0.000644958,0.000064860,,novatel_oem7_msgs.msg.InertialSolutionStatus(status=3),
1786043676808445593,1786043676.806728413,/novatel/oem7/fix,/novatel/oem7/fix,/novatel/oem7/inspva,39.663,-75.756,-1.800373094,0.002731540,0.000064860,-0.002654306,0.000644958,0.000064860,,0,
1786043676809477923,1786043676.807223995,/novatel/oem7/odom,/novatel/oem7/fix,/novatel/oem7/odom,39.663,-75.756,-1.800373094,0.002731648,0.000060137,0.000520545,-0.002681591,0.000060137,,,
1786043676810925651,1786043676.809775216,/novatel/oem7/bestpos,/novatel/oem7/bestpos,/novatel/oem7/odom,39.663,-75.756,33.182033074,0.002731648,0.000060137,0.000520545,-0.002681591,0.000060137,,novatel_oem7_msgs.msg.SolutionStatus(status=0),novatel_oem7_msgs.msg.PositionOrVelocityType(type=53)
1786043676811834693,1786043676.810085112,/novatel/oem7/bestvel,/novatel/oem7/bestpos,/novatel/oem7/bestvel,39.663,-75.756,33.182033074,0.002470030,0.000155227,,,,174.214876241,novatel_oem7_msgs.msg.SolutionStatus(status=0),novatel_oem7_msgs.msg.PositionOrVelocityType(type=53)
1786043676815767699,1786043676.815116966,/novatel/oem7/odom,/novatel/oem7/bestpos,/novatel/oem7/odom,39.663,-75.756,33.182033074,0.002731648,0.000060137,0.000520545,-0.002681591,0.000060137,,,
1786043676825438755,1786043676.824940481,/novatel/oem7/inspva,/novatel/oem7/inspva,/novatel/oem7/inspva,39.663,-75.756,-1.800405525,0.002165887,0.000208201,-0.002116042,0.000461990,0.000208201,,novatel_oem7_msgs.msg.InertialSolutionStatus(status=3),
1786043676826760648,1786043676.825015983,/novatel/oem7/fix,/novatel/oem7/fix,/novatel/oem7/inspva,39.663,-75.756,-1.800405525,0.002165887,0.000208201,-0.002116042,0.000461990,0.000208201,,0,
1786043676827813878,1786043676.825363604,/novatel/oem7/odom,/novatel/oem7/fix,/novatel/oem7/odom,39.663,-75.756,-1.800405525,0.002166264,0.000204242,0.000362240,-0.002135763,0.000204242,,,
1786043676835512724,1786043676.834626635,/novatel/oem7/odom,/novatel/oem7/fix,/novatel/oem7/odom,39.663,-75.756,-1.800405525,0.002166264,0.000204242,0.000362240,-0.002135763,0.000204242,,,
1786043676846255610,1786043676.845726061,/novatel/oem7/inspva,/novatel/oem7/inspva,/novatel/oem7/inspva,39.663,-75.756,-1.800437836,0.000912735,-0.000532223,-0.000024714,-0.000912401,-0.000532223,,novatel_oem7_msgs.msg.InertialSolutionStatus(status=3),
1786043676847593223,1786043676.845881560,/novatel/oem7/fix,/novatel/oem7/fix,/novatel/oem7/inspva,39.663,-75.756,-1.800437836,0.000912735,-0.000532223,-0.000024714,-0.000912401,-0.000532223,,0,
1786043676848639840,1786043676.846621427,/novatel/oem7/odom,/novatel/oem7/fix,/novatel/oem7/odom,39.663,-75.756,-1.800437836,0.000910694,-0.000535709,-0.000910493,0.000019114,-0.000535709,,,
1786043676856952026,1786043676.856310737,/novatel/oem7/odom,/novatel/oem7/fix,/novatel/oem7/odom,39.663,-75.756,-1.800437836,0.000910694,-0.000535709,-0.000910493,0.000019114,-0.000535709,,,
1786043676866625891,1786043676.866042669,/novatel/oem7/inspva,/novatel/oem7/inspva,/novatel/oem7/inspva,39.663,-75.756,-1.800471395,0.000967580,-0.001290847,-0.000400639,-0.000880738,-0.001290847,,novatel_oem7_msgs.msg.InertialSolutionStatus(status=3),
1786043676867945948,1786043676.866186360,/novatel/oem7/fix,/novatel/oem7/fix,/novatel/oem7/inspva,39.663,-75.756,-1.800471395,0.000967580,-0.001290847,-0.000400639,-0.000880738,-0.001290847,,0,
1786043676869000118,1786043676.866521177,/novatel/oem7/odom,/novatel/oem7/fix,/novatel/oem7/odom,39.663,-75.756,-1.800471395,0.000961756,-0.001295192,-0.000893438,-0.000356009,-0.001295192,,,
1786043676874937340,1786043676.874292680,/novatel/oem7/odom,/novatel/oem7/fix,/novatel/oem7/odom,39.663,-75.756,-1.800471395,0.000961756,-0.001295192,-0.000893438,-0.000356009,-0.001295192,,,
1786043676885839817,1786043676.885279699,/novatel/oem7/inspva,/novatel/oem7/inspva,/novatel/oem7/inspva,39.663,-75.756,-1.800493272,0.002880624,-0.001405490,-0.002761772,0.000818909,-0.001405490,,novatel_oem7_msgs.msg.InertialSolutionStatus(status=3),
1786043676887201378,1786043676.885459894,/novatel/oem7/fix,/novatel/oem7/fix,/novatel/oem7/inspva,39.663,-75.756,-1.800493272,0.002880624,-0.001405490,-0.002761772,0.000818909,-0.001405490,,0,
1786043676888300456,1786043676.886039023,/novatel/oem7/odom,/novatel/oem7/fix,/novatel/oem7/odom,39.663,-75.756,-1.800493272,0.002878519,-0.001409796,0.000694932,-0.002793375,-0.001409796,,,
1786043676895771502,1786043676.895088979,/novatel/oem7/odom,/novatel/oem7/fix,/novatel/oem7/odom,39.663,-75.756,-1.800493272,0.002878519,-0.001409796,0.000694932,-0.002793375,-0.001409796,,,
1786043676906625036,1786043676.906111698,/novatel/oem7/inspva,/novatel/oem7/inspva,/novatel/oem7/inspva,39.663,-75.756,-1.800522811,0.002572052,-0.000473921,-0.002549519,0.000339719,-0.000473921,,novatel_oem7_msgs.msg.InertialSolutionStatus(status=3),
1786043676907943846,1786043676.906184416,/novatel/oem7/fix,/novatel/oem7/fix,/novatel/oem7/inspva,39.663,-75.756,-1.800522811,0.002572052,-0.000473921,-0.002549519,0.000339719,-0.000473921,,0,
1786043676908965543,1786043676.906619693,/novatel/oem7/odom,/novatel/oem7/fix,/novatel/oem7/odom,39.663,-75.756,-1.800522811,0.002571026,-0.000479456,0.000222565,-0.002561375,-0.000479456,,,
1786043676910459314,1786043676.909257992,/novatel/oem7/bestpos,/novatel/oem7/bestpos,/novatel/oem7/odom,39.663,-75.756,33.181883303,0.002571026,-0.000479456,0.000222565,-0.002561375,-0.000479456,,novatel_oem7_msgs.msg.SolutionStatus(status=0),novatel_oem7_msgs.msg.PositionOrVelocityType(type=53)
1786043676911357336,1786043676.909861831,/novatel/oem7/bestvel,/novatel/oem7/bestpos,/novatel/oem7/bestvel,39.663,-75.756,33.181883303,0.002554727,-0.000133091,,,,187.654053837,novatel_oem7_msgs.msg.SolutionStatus(status=0),novatel_oem7_msgs.msg.PositionOrVelocityType(type=53)
1786043676915006532,1786043676.914363326,/novatel/oem7/odom,/novatel/oem7/bestpos,/novatel/oem7/odom,39.663,-75.756,33.181883303,0.002571026,-0.000479456,0.000222565,-0.002561375,-0.000479456,,,
1786043676927012741,1786043676.926493276,/novatel/oem7/inspva,/novatel/oem7/inspva,/novatel/oem7/inspva,39.663,-75.756,-1.800559317,0.001134851,-0.000686679,-0.001030003,-0.000476424,-0.000686679,,novatel_oem7_msgs.msg.InertialSolutionStatus(status=3),
1786043676928319224,1786043676.926641810,/novatel/oem7/fix,/novatel/oem7/fix,/novatel/oem7/inspva,39.663,-75.756,-1.800559317,0.001134851,-0.000686679,-0.001030003,-0.000476424,-0.000686679,,0,
1786043676929368464,1786043676.927059798,/novatel/oem7/odom,/novatel/oem7/fix,/novatel/oem7/odom,39.663,-75.756,-1.800559317,0.001132095,-0.000691212,-0.000521153,-0.001005007,-0.000691212,,,
1786043676935442874,1786043676.934770711,/novatel/oem7/odom,/novatel/oem7/fix,/novatel/oem7/odom,39.663,-75.756,-1.800559317,0.001132095,-0.000691212,-0.000521153,-0.001005007,-0.000691212,,,
1786043676945522977,1786043676.945002217,/novatel/oem7/inspva,/novatel/oem7/inspva,/novatel/oem7/inspva,39.663,-75.756,-1.800592387,0.001029606,-0.000601042,-0.000954375,-0.000386337,-0.000601042,,novatel_oem7_msgs.msg.InertialSolutionStatus(status=3),
1786043676946836500,1786043676.945076779,/novatel/oem7/fix,/novatel/oem7/fix,/novatel/oem7/inspva,39.663,-75.756,-1.800592387,0.001029606,-0.000601042,-0.000954375,-0.000386337,-0.000601042,,0,
1786043676947861604,1786043676.945452630,/novatel/oem7/odom,/novatel/oem7/fix,/novatel/oem7/odom,39.663,-75.756,-1.800592387,0.001027268,-0.000605029,-0.000427995,-0.000933863,-0.000605029,,,
1786043676957602693,1786043676.956809675,/novatel/oem7/odom,/novatel/oem7/fix,/novatel/oem7/odom,39.663,-75.756,-1.800592387,0.001027268,-0.000605029,-0.000427995,-0.000933863,-0.000605029,,,
1786043676965947452,1786043676.965401667,/novatel/oem7/inspva,/novatel/oem7/inspva,/novatel/oem7/inspva,39.663,-75.756,-1.800624772,0.002407080,-0.002025760,-0.002395273,0.000238125,-0.002025760,,novatel_oem7_msgs.msg.InertialSolutionStatus(status=3),
1786043676967309236,1786043676.965574712,/novatel/oem7/fix,/novatel/oem7/fix,/novatel/oem7/inspva,39.663,-75.756,-1.800624772,0.002407080,-0.002025760,-0.002395273,0.000238125,-0.002025760,,0,
1786043676968366916,1786043676.966148077,/novatel/oem7/odom,/novatel/oem7/fix,/novatel/oem7/odom,39.663,-75.756,-1.800624772,0.002402452,-0.002031247,0.000134198,-0.002398701,-0.002031247,,,
1786043676975596940,1786043676.974912394,/novatel/oem7/odom,/novatel/oem7/fix,/novatel/oem7/odom,39.663,-75.756,-1.800624772,0.002402452,-0.002031247,0.000134198,-0.002398701,-0.002031247,,,
1786043676986587416,1786043676.986056247,/novatel/oem7/inspva,/novatel/oem7/inspva,/novatel/oem7/inspva,39.663,-75.756,-1.800659027,0.002585243,-0.001679373,-0.002455812,-0.000807757,-0.001679373,,novatel_oem7_msgs.msg.InertialSolutionStatus(status=3),
1786043676987893179,1786043676.986204642,/novatel/oem7/fix,/novatel/oem7/fix,/novatel/oem7/inspva,39.663,-75.756,-1.800659027,0.002585243,-0.001679373,-0.002455812,-0.000807757,-0.001679373,,0,
1786043676988916085,1786043676.986640090,/novatel/oem7/odom,/novatel/oem7/fix,/novatel/oem7/odom,39.663,-75.756,-1.800659027,0.002579023,-0.001688911,-0.000914648,-0.002411385,-0.001688911,,,
1786043676994941372,1786043676.994301545,/novatel/oem7/odom,/novatel/oem7/fix,/novatel/oem7/odom,39.663,-75.756,-1.800659027,0.002579023,-0.001688911,-0.000914648,-0.002411385,-0.001688911,,,
1786043677008911050,1786043677.008388607,/novatel/oem7/inspva,/novatel/oem7/inspva,/novatel/oem7/inspva,39.663,-75.756,-1.800685686,0.001447864,0.000148262,-0.001386135,0.000418258,0.000148262,,novatel_oem7_msgs.msg.InertialSolutionStatus(status=3),
1786043677010237093,1786043677.008549733,/novatel/oem7/fix,/novatel/oem7/fix,/novatel/oem7/inspva,39.663,-75.756,-1.800685686,0.001447864,0.000148262,-0.001386135,0.000418258,0.000148262,,0,
1786043677011263190,1786043677.009688454,/novatel/oem7/odom,/novatel/oem7/fix,/novatel/oem7/odom,39.663,-75.756,-1.800685686,0.001448084,0.000146093,0.000352734,-0.001404467,0.000146093,,,
1786043677017951049,1786043677.017296225,/novatel/oem7/odom,/novatel/oem7/fix,/novatel/oem7/odom,39.663,-75.756,-1.800685686,0.001448084,0.000146093,0.000352734,-0.001404467,0.000146093,,,
1786043677025413156,1786043677.025057636,/novatel/oem7/bestpos,/novatel/oem7/bestpos,/novatel/oem7/odom,39.663,-75.756,33.181717559,0.001448084,0.000146093,0.000352734,-0.001404467,0.000146093,,novatel_oem7_msgs.msg.SolutionStatus(status=0),novatel_oem7_msgs.msg.PositionOrVelocityType(type=53)
1786043677026381531,1786043677.026110409,/novatel/oem7/bestvel,/novatel/oem7/bestpos,/novatel/oem7/bestvel,39.663,-75.756,33.181717559,0.000420778,-0.000159675,,,,190.448166246,novatel_oem7_msgs.msg.SolutionStatus(status=0),novatel_oem7_msgs.msg.PositionOrVelocityType(type=53)
1786043677027001279,1786043677.026632635,/novatel/oem7/inspva,/novatel/oem7/inspva,/novatel/oem7/inspva,39.663,-75.756,-1.800727285,0.001631824,-0.000250006,-0.001549546,-0.000511622,-0.000250006,,novatel_oem7_msgs.msg.InertialSolutionStatus(status=3),
1786043677027627550,1786043677.026793049,/novatel/oem7/fix,/novatel/oem7/fix,/novatel/oem7/inspva,39.663,-75.756,-1.800727285,0.001631824,-0.000250006,-0.001549546,-0.000511622,-0.000250006,,0,
1786043677028100483,1786043677.027215323,/novatel/oem7/odom,/novatel/oem7/fix,/novatel/oem7/odom,39.663,-75.756,-1.800727285,0.001630884,-0.000256067,-0.000582206,-0.001523423,-0.000256067,,,
1786043677034867646,1786043677.034522556,/novatel/oem7/odom,/novatel/oem7/fix,/novatel/oem7/odom,39.663,-75.756,-1.800727285,0.001630884,-0.000256067,-0.000582206,-0.001523423,-0.000256067,,,
1786043677047049919,1786043677.046558458,/novatel/oem7/inspva,/novatel/oem7/inspva,/novatel/oem7/inspva,39.663,-75.756,-1.800746092,0.002365981,-0.002789980,-0.002036340,-0.001204652,-0.002789980,,novatel_oem7_msgs.msg.InertialSolutionStatus(status=3),
1786043677047833323,1786043677.046720223,/novatel/oem7/fix,/novatel/oem7/fix,/novatel/oem7/inspva,39.663,-75.756,-1.800746092,0.002365981,-0.002789980,-0.002036340,-0.001204652,-0.002789980,,0,
1786043677048286294,1786043677.047144597,/novatel/oem7/odom,/novatel/oem7/fix,/novatel/oem7/odom,39.663,-75.756,-1.800746092,0.002354300,-0.002799844,-0.001287316,-0.001971179,-0.002799844,,,
1786043677058143961,1786043677.057707658,/novatel/oem7/odom,/novatel/oem7/fix,/novatel/oem7/odom,39.663,-75.756,-1.800746092,0.002354300,-0.002799844,-0.001287316,-0.001971179,-0.002799844,,,
1786043677065615274,1786043677.065334827,/novatel/oem7/inspva,/novatel/oem7/inspva,/novatel/oem7/inspva,39.663,-75.756,-1.800741279,0.002720225,-0.002232577,-0.002680597,0.000462624,-0.002232577,,novatel_oem7_msgs.msg.InertialSolutionStatus(status=3),
1786043677066199283,1786043677.065512678,/novatel/oem7/fix,/novatel/oem7/fix,/novatel/oem7/inspva,39.663,-75.756,-1.800741279,0.002720225,-0.002232577,-0.002680597,0.000462624,-0.002232577,,0,
1786043677066676084,1786043677.065839839,/novatel/oem7/odom,/novatel/oem7/fix,/novatel/oem7/odom,39.663,-75.756,-1.800741279,0.002715772,-0.002237991,0.000345995,-0.002693641,-0.002237991,,,
1786043677076088785,1786043677.075768860,/novatel/oem7/odom,/novatel/oem7/fix,/novatel/oem7/odom,39.663,-75.756,-1.800741279,0.002715772,-0.002237991,0.000345995,-0.002693641,-0.002237991,,,
1786043677085848982,1786043677.085439288,/novatel/oem7/inspva,/novatel/oem7/inspva,/novatel/oem7/inspva,39.663,-75.756,-1.800730902,0.002497262,0.000014501,-0.002416143,0.000631324,0.000014501,,novatel_oem7_msgs.msg.InertialSolutionStatus(status=3),
1786043677086403425,1786043677.085598964,/novatel/oem7/fix,/novatel/oem7/fix,/novatel/oem7/inspva,39.663,-75.756,-1.800730902,0.002497262,0.000014501,-0.002416143,0.000631324,0.000014501,,0,
1786043677087430622,1786043677.086326474,/novatel/oem7/odom,/novatel/oem7/fix,/novatel/oem7/odom,39.663,-75.756,-1.800730902,0.002497283,0.000010337,0.000518162,-0.002442934,0.000010337,,,
1786043677095456679,1786043677.095118231,/novatel/oem7/odom,/novatel/oem7/fix,/novatel/oem7/odom,39.663,-75.756,-1.800730902,0.002497283,0.000010337,0.000518162,-0.002442934,0.000010337,,,
1786043677106377339,1786043677.106118436,/novatel/oem7/inspva,/novatel/oem7/inspva,/novatel/oem7/inspva,39.663,-75.756,-1.800729295,0.001658151,0.000499577,-0.001658139,-0.000006314,0.000499577,,novatel_oem7_msgs.msg.InertialSolutionStatus(status=3),
1786043677106956905,1786043677.106277861,/novatel/oem7/fix,/novatel/oem7/fix,/novatel/oem7/inspva,39.663,-75.756,-1.800729295,0.001658151,0.000499577,-0.001658139,-0.000006314,0.000499577,,0,
1786043677107428176,1786043677.106731082,/novatel/oem7/odom,/novatel/oem7/fix,/novatel/oem7/odom,39.663,-75.756,-1.800729295,0.001659497,0.000495087,-0.000085412,-0.001657298,0.000495087,,,
1786043677109993842,1786043677.109550443,/novatel/oem7/bestpos,/novatel/oem7/bestpos,/novatel/oem7/odom,39.663,-75.756,33.181627210,0.001659497,0.000495087,-0.000085412,-0.001657298,0.000495087,,novatel_oem7_msgs.msg.SolutionStatus(status=0),novatel_oem7_msgs.msg.PositionOrVelocityType(type=53)
1786043677110608159,1786043677.110327851,/novatel/oem7/bestvel,/novatel/oem7/bestpos,/novatel/oem7/bestvel,39.663,-75.756,33.181627210,0.001397019,-0.000041482,,,,154.659767544,novatel_oem7_msgs.msg.SolutionStatus(status=0),novatel_oem7_msgs.msg.PositionOrVelocityType(type=53)
1786043677115151012,1786043677.114834449,/novatel/oem7/odom,/novatel/oem7/bestpos,/novatel/oem7/odom,39.663,-75.756,33.181627210,0.001659497,0.000495087,-0.000085412,-0.001657298,0.000495087,,,
1786043677125566627,1786043677.125293416,/novatel/oem7/inspva,/novatel/oem7/inspva,/novatel/oem7/inspva,39.663,-75.756,-1.800747776,0.001758290,-0.002872972,-0.001566276,-0.000798978,-0.002872972,,novatel_oem7_msgs.msg.InertialSolutionStatus(status=3),
1786043677126123171,1786043677.125463984,/novatel/oem7/fix,/novatel/oem7/fix,/novatel/oem7/inspva,39.663,-75.756,-1.800747776,0.001758290,-0.002872972,-0.001566276,-0.000798978,-0.002872972,,0,
1786043677126767348,1786043677.126093530,/novatel/oem7/odom,/novatel/oem7/fix,/novatel/oem7/odom,39.663,-75.756,-1.800747776,0.001746631,-0.002880075,-0.000859888,-0.001520300,-0.002880075,,,
1786043677135855039,1786043677.135533333,/novatel/oem7/odom,/novatel/oem7/fix,/novatel/oem7/odom,39.663,-75.756,-1.800747776,0.001746631,-0.002880075,-0.000859888,-0.001520300,-0.002880075,,,
1786043677145553549,1786043677.145106008,/novatel/oem7/inspva,/novatel/oem7/inspva,/novatel/oem7/inspva,39.663,-75.756,-1.800739232,0.001814448,-0.002332137,-0.001742000,-0.000507601,-0.002332137,,novatel_oem7_msgs.msg.InertialSolutionStatus(status=3),
1786043677146096970,1786043677.145259699,/novatel/oem7/fix,/novatel/oem7/fix,/novatel/oem7/inspva,39.663,-75.756,-1.800739232,0.001814448,-0.002332137,-0.001742000,-0.000507601,-0.002332137,,0,
1786043677146547344,1786043677.145696813,/novatel/oem7/odom,/novatel/oem7/fix,/novatel/oem7/odom,39.663,-75.756,-1.800739232,0.001806009,-0.002338678,-0.000579120,-0.001710640,-0.002338678,,,
1786043677156318855,1786043677.155679179,/novatel/oem7/odom,/novatel/oem7/fix,/novatel/oem7/odom,39.663,-75.756,-1.800739232,0.001806009,-0.002338678,-0.000579120,-0.001710640,-0.002338678,,,
1786043677166798012,1786043677.166541466,/novatel/oem7/inspva,/novatel/oem7/inspva,/novatel/oem7/inspva,39.663,-75.756,-1.800729588,0.003832207,-0.000364655,-0.003240437,0.002045820,-0.000364655,,novatel_oem7_msgs.msg.InertialSolutionStatus(status=3),
1786043677167370719,1786043677.166683008,/novatel/oem7/fix,/novatel/oem7/fix,/novatel/oem7/inspva,39.663,-75.756,-1.800729588,0.003832207,-0.000364655,-0.003240437,0.002045820,-0.000364655,,0,
1786043677167822482,1786043677.167140825,/novatel/oem7/odom,/novatel/oem7/fix,/novatel/oem7/odom,39.663,-75.756,-1.800729588,0.003832101,-0.000365763,0.001894191,-0.003331222,-0.000365763,,,
1786043677175468560,1786043677.175143451,/novatel/oem7/odom,/novatel/oem7/fix,/novatel/oem7/odom,39.663,-75.756,-1.800729588,0.003832101,-0.000365763,0.001894191,-0.003331222,-0.000365763,,,
1786043677185536636,1786043677.185269001,/novatel/oem7/inspva,/novatel/oem7/inspva,/novatel/oem7/inspva,39.663,-75.756,-1.800721793,0.002113877,0.000504974,-0.002107756,0.000160763,0.000504974,,novatel_oem7_msgs.msg.InertialSolutionStatus(status=3),
1786043677186080592,1786043677.185406839,/novatel/oem7/fix,/novatel/oem7/fix,/novatel/oem7/inspva,39.663,-75.756,-1.800721793,0.002113877,0.000504974,-0.002107756,0.000160763,0.000504974,,0,
1786043677186524760,1786043677.185752623,/novatel/oem7/odom,/novatel/oem7/fix,/novatel/oem7/odom,39.663,-75.756,-1.800721793,0.002115082,0.000499905,0.000060493,-0.002114217,0.000499905,,,
1786043677195894709,1786043677.195562003,/novatel/oem7/odom,/novatel/oem7/fix,/novatel/oem7/odom,39.663,-75.756,-1.800721793,0.002115082,0.000499905,0.000060493,-0.002114217,0.000499905,,,
1786043677206821376,1786043677.206562225,/novatel/oem7/inspva,/novatel/oem7/inspva,/novatel/oem7/inspva,39.663,-75.756,-1.800746738,0.002182258,-0.002892566,-0.000377473,-0.002149364,-0.002892566,,novatel_oem7_msgs.msg.InertialSolutionStatus(status=3),
1786043677207426259,1786043677.206699646,/novatel/oem7/fix,/novatel/oem7/fix,/novatel/oem7/inspva,39.663,-75.756,-1.800746738,0.002182258,-0.002892566,-0.000377473,-0.002149364,-0.002892566,,0,
1786043677207868409,1786043677.207173594,/novatel/oem7/odom,/novatel/oem7/fix,/novatel/oem7/odom,39.663,-75.756,-1.800746738,0.002170212,-0.002901615,-0.002153368,-0.000269858,-0.002901615,,,
1786043677210884874,1786043677.210262035,/novatel/oem7/bestpos,/novatel/oem7/bestpos,/novatel/oem7/odom,39.663,-75.756,33.181632562,0.002170212,-0.002901615,-0.002153368,-0.000269858,-0.002901615,,novatel_oem7_msgs.msg.SolutionStatus(status=0),novatel_oem7_msgs.msg.PositionOrVelocityType(type=53)
1786043677212333099,1786043677.210631599,/novatel/oem7/bestvel,/novatel/oem7/bestpos,/novatel/oem7/bestvel,39.663,-75.756,33.181632562,0.002623052,-0.002220205,,,,232.318818614,novatel_oem7_msgs.msg.SolutionStatus(status=0),novatel_oem7_msgs.msg.PositionOrVelocityType(type=53)
1786043677214975780,1786043677.214653074,/novatel/oem7/odom,/novatel/oem7/bestpos,/novatel/oem7/odom,39.663,-75.756,33.181632562,0.002170212,-0.002901615,-0.002153368,-0.000269858,-0.002901615,,,
1786043677226714715,1786043677.226229806,/novatel/oem7/inspva,/novatel/oem7/inspva,/novatel/oem7/inspva,39.663,-75.756,-1.800750856,0.001239685,-0.003084093,-0.001013811,-0.000713447,-0.003084093,,novatel_oem7_msgs.msg.InertialSolutionStatus(status=3),
1786043677227295043,1786043677.226374297,/novatel/oem7/fix,/novatel/oem7/fix,/novatel/oem7/inspva,39.663,-75.756,-1.800750856,0.001239685,-0.003084093,-0.001013811,-0.000713447,-0.003084093,,0,
1786043677227761229,1786043677.226831198,/novatel/oem7/odom,/novatel/oem7/fix,/novatel/oem7/odom,39.663,-75.756,-1.800750856,0.001226279,-0.003089448,-0.000747930,-0.000971782,-0.003089448,,,
1786043677235339922,1786043677.234707859,/novatel/oem7/odom,/novatel/oem7/fix,/novatel/oem7/odom,39.663,-75.756,-1.800750856,0.001226279,-0.003089448,-0.000747930,-0.000971782,-0.003089448,,,
1786043677245762199,1786043677.245254057,/novatel/oem7/inspva,/novatel/oem7/inspva,/novatel/oem7/inspva,39.663,-75.756,-1.800741414,0.003130408,-0.000446616,-0.002955432,0.001031926,-0.000446616,,novatel_oem7_msgs.msg.InertialSolutionStatus(status=3),
1786043677247038364,1786043677.245387758,/novatel/oem7/fix,/novatel/oem7/fix,/novatel/oem7/inspva,39.663,-75.756,-1.800741414,0.003130408,-0.000446616,-0.002955432,0.001031926,-0.000446616,,0,
1786043677247705605,1786043677.245832356,/novatel/oem7/odom,/novatel/oem7/fix,/novatel/oem7/odom,39.663,-75.756,-1.800741414,0.003129816,-0.000450746,0.000894954,-0.002999134,-0.000450746,,,
1786043677256664849,1786043677.256311970,/novatel/oem7/odom,/novatel/oem7/fix,/novatel/oem7/odom,39.663,-75.756,-1.800741414,0.003129816,-0.000450746,0.000894954,-0.002999134,-0.000450746,,,
1786043677265315255,1786043677.265046316,/novatel/oem7/inspva,/novatel/oem7/inspva,/novatel/oem7/inspva,39.663,-75.756,-1.800745551,0.002145297,-0.000216331,-0.002082242,0.000516302,-0.000216331,,novatel_oem7_msgs.msg.InertialSolutionStatus(status=3),
1786043677266217714,1786043677.265200701,/novatel/oem7/fix,/novatel/oem7/fix,/novatel/oem7/inspva,39.663,-75.756,-1.800745551,0.002145297,-0.000216331,-0.002082242,0.000516302,-0.000216331,,0,
1786043677267316112,1786043677.265613072,/novatel/oem7/odom,/novatel/oem7/fix,/novatel/oem7/odom,39.663,-75.756,-1.800745551,0.002144925,-0.000219991,0.000419617,-0.002103479,-0.000219991,,,
1786043677274991953,1786043677.274453782,/novatel/oem7/odom,/novatel/oem7/fix,/novatel/oem7/odom,39.663,-75.756,-1.800745551,0.002144925,-0.000219991,0.000419617,-0.002103479,-0.000219991,,,
1786043677287047476,1786043677.286538224,/novatel/oem7/inspva,/novatel/oem7/inspva,/novatel/oem7/inspva,39.663,-75.756,-1.800767582,0.002000701,-0.002047375,-0.000215297,-0.001989083,-0.002047375,,novatel_oem7_msgs.msg.InertialSolutionStatus(status=3),
1786043677287760883,1786043677.286680000,/novatel/oem7/fix,/novatel/oem7/fix,/novatel/oem7/inspva,39.663,-75.756,-1.800767582,0.002000701,-0.002047375,-0.000215297,-0.001989083,-0.002047375,,0,
1786043677288208240,1786043677.287117314,/novatel/oem7/odom,/novatel/oem7/fix,/novatel/oem7/odom,39.663,-75.756,-1.800767582,0.001992399,-0.002055455,-0.001988941,-0.000117330,-0.002055455,,,
1786043677295518733,1786043677.294865993,/novatel/oem7/odom,/novatel/oem7/fix,/novatel/oem7/odom,39.663,-75.756,-1.800767582,0.001992399,-0.002055455,-0.001988941,-0.000117330,-0.002055455,,,
1786043677306259977,1786043677.305818262,/novatel/oem7/inspva,/novatel/oem7/inspva,/novatel/oem7/inspva,39.663,-75.756,-1.800780977,0.001039692,-0.003074048,-0.000700204,-0.000768553,-0.003074048,,novatel_oem7_msgs.msg.InertialSolutionStatus(status=3),
1786043677306815215,1786043677.305955613,/novatel/oem7/fix,/novatel/oem7/fix,/novatel/oem7/inspva,39.663,-75.756,-1.800780977,0.001039692,-0.003074048,-0.000700204,-0.000768553,-0.003074048,,0,
1786043677307289658,1786043677.306402211,/novatel/oem7/odom,/novatel/oem7/fix,/novatel/oem7/odom,39.663,-75.756,-1.800780977,0.001025598,-0.003078779,-0.000788457,-0.000655885,-0.003078779,,,
1786043677309962936,1786043677.309279659,/novatel/oem7/bestpos,/novatel/oem7/bestpos,/novatel/oem7/odom,39.663,-75.756,33.181587463,0.001025598,-0.003078779,-0.000788457,-0.000655885,-0.003078779,,novatel_oem7_msgs.msg.SolutionStatus(status=0),novatel_oem7_msgs.msg.PositionOrVelocityType(type=53)
1786043677310601936,1786043677.309624039,/novatel/oem7/bestvel,/novatel/oem7/bestpos,/novatel/oem7/bestvel,39.663,-75.756,33.181587463,0.001604448,-0.002864174,,,,257.299300124,novatel_oem7_msgs.msg.SolutionStatus(status=0),novatel_oem7_msgs.msg.PositionOrVelocityType(type=53)
1786043677317408782,1786043677.315598455,/novatel/oem7/odom,/novatel/oem7/bestpos,/novatel/oem7/odom,39.663,-75.756,33.181587463,0.001025598,-0.003078779,-0.000788457,-0.000655885,-0.003078779,,,
1786043677325896243,1786043677.325387468,/novatel/oem7/inspva,/novatel/oem7/inspva,/novatel/oem7/inspva,39.663,-75.756,-1.800771046,0.002471999,-0.000683731,-0.002397515,0.000602246,-0.000683731,,novatel_oem7_msgs.msg.InertialSolutionStatus(status=3),
1786043677327265490,1786043677.325545517,/novatel/oem7/fix,/novatel/oem7/fix,/novatel/oem7/inspva,39.663,-75.756,-1.800771046,0.002471999,-0.000683731,-0.002397515,0.000602246,-0.000683731,,0,
1786043677327760479,1786043677.326324657,/novatel/oem7/odom,/novatel/oem7/fix,/novatel/oem7/odom,39.663,-75.756,-1.800771046,0.002470815,-0.000687995,0.000492585,-0.002421216,-0.000687995,,,
1786043677335268278,1786043677.334840418,/novatel/oem7/odom,/novatel/oem7/fix,/novatel/oem7/odom,39.663,-75.756,-1.800771046,0.002470815,-0.000687995,0.000492585,-0.002421216,-0.000687995,,,
1786043677346579444,1786043677.346051026,/novatel/oem7/inspva,/novatel/oem7/inspva,/novatel/oem7/inspva,39.663,-75.756,-1.800775828,0.001877025,-0.000410758,-0.001843102,-0.000355243,-0.000410758,,novatel_oem7_msgs.msg.InertialSolutionStatus(status=3),
1786043677347613426,1786043677.346183633,/novatel/oem7/fix,/novatel/oem7/fix,/novatel/oem7/inspva,39.663,-75.756,-1.800775828,0.001877025,-0.000410758,-0.001843102,-0.000355243,-0.000410758,,0,
1786043677348048386,1786043677.346636178,/novatel/oem7/odom,/novatel/oem7/fix,/novatel/oem7/odom,39.663,-75.756,-1.800775828,0.001875630,-0.000417079,-0.000439060,-0.001823517,-0.000417079,,,
1786043677356287237,1786043677.355822716,/novatel/oem7/odom,/novatel/oem7/fix,/novatel/oem7/odom,39.663,-75.756,-1.800775828,0.001875630,-0.000417079,-0.000439060,-0.001823517,-0.000417079,,,
1786043677365522769,1786043677.365250952,/novatel/oem7/inspva,/novatel/oem7/inspva,/novatel/oem7/inspva,39.663,-75.756,-1.800797990,0.000651082,-0.001739389,-0.000249248,-0.000601484,-0.001739389,,novatel_oem7_msgs.msg.InertialSolutionStatus(status=3),
1786043677366080596,1786043677.365390813,/novatel/oem7/fix,/novatel/oem7/fix,/novatel/oem7/inspva,39.663,-75.756,-1.800797990,0.000651082,-0.001739389,-0.000249248,-0.000601484,-0.001739389,,0,
1786043677366721729,1786043677.366054883,/novatel/oem7/odom,/novatel/oem7/fix,/novatel/oem7/odom,39.663,-75.756,-1.800797990,0.000643244,-0.001742303,-0.000605693,-0.000216562,-0.001742303,,,
1786043677375817941,1786043677.375440066,/novatel/oem7/odom,/novatel/oem7/fix,/novatel/oem7/odom,39.663,-75.756,-1.800797990,0.000643244,-0.001742303,-0.000605693,-0.000216562,-0.001742303,,,
1786043677385550812,1786043677.385048327,/novatel/oem7/inspva,/novatel/oem7/inspva,/novatel/oem7/inspva,39.663,-75.756,-1.800809816,0.000343953,-0.002258135,-0.000318923,-0.000128807,-0.002258135,,novatel_oem7_msgs.msg.InertialSolutionStatus(status=3),
1786043677386833685,1786043677.385186269,/novatel/oem7/fix,/novatel/oem7/fix,/novatel/oem7/inspva,39.663,-75.756,-1.800809816,0.000343953,-0.002258135,-0.000318923,-0.000128807,-0.002258135,,0,
1786043677387599716,1786043677.385665697,/novatel/oem7/odom,/novatel/oem7/fix,/novatel/oem7/odom,39.663,-75.756,-1.800809816,0.000335096,-0.002259467,-0.000134699,-0.000306831,-0.002259467,,,
1786043677394780728,1786043677.394411723,/novatel/oem7/odom,/novatel/oem7/fix,/novatel/oem7/odom,39.663,-75.756,-1.800809816,0.000335096,-0.002259467,-0.000134699,-0.000306831,-0.002259467,,,
1786043677407569713,1786043677.407097252,/novatel/oem7/inspva,/novatel/oem7/inspva,/novatel/oem7/inspva,39.663,-75.756,-1.800819989,0.001925049,-0.002153149,-0.001887579,-0.000377969,-0.002153149,,novatel_oem7_msgs.msg.InertialSolutionStatus(status=3),
1786043677408138724,1786043677.407282271,/novatel/oem7/fix,/novatel/oem7/fix,/novatel/oem7/inspva,39.663,-75.756,-1.800819989,0.001925049,-0.002153149,-0.001887579,-0.000377969,-0.002153149,,0,
1786043677408593971,1786043677.407639747,/novatel/oem7/odom,/novatel/oem7/fix,/novatel/oem7/odom,39.663,-75.756,-1.800819989,0.001917714,-0.002159685,-0.000457119,-0.001862436,-0.002159685,,,
1786043677410495146,1786043677.410181086,/novatel/oem7/bestpos,/novatel/oem7/bestpos,/novatel/oem7/odom,39.663,-75.756,33.181539025,0.001917714,-0.002159685,-0.000457119,-0.001862436,-0.002159685,,novatel_oem7_msgs.msg.SolutionStatus(status=0),novatel_oem7_msgs.msg.PositionOrVelocityType(type=53)
1786043677411710274,1786043677.410644647,/novatel/oem7/bestvel,/novatel/oem7/bestpos,/novatel/oem7/bestvel,39.663,-75.756,33.181539025,0.002652921,-0.001398296,,,,214.772757865,novatel_oem7_msgs.msg.SolutionStatus(status=0),novatel_oem7_msgs.msg.PositionOrVelocityType(type=53)
1786043677415498233,1786043677.415146805,/novatel/oem7/odom,/novatel/oem7/bestpos,/novatel/oem7/odom,39.663,-75.756,33.181539025,0.001917714,-0.002159685,-0.000457119,-0.001862436,-0.002159685,,,
1786043677425223858,1786043677.424931565,/novatel/oem7/inspva,/novatel/oem7/inspva,/novatel/oem7/inspva,39.663,-75.756,-1.800817750,0.001722461,-0.000913132,-0.001703093,0.000257580,-0.000913132,,novatel_oem7_msgs.msg.InertialSolutionStatus(status=3),
1786043677425831294,1786043677.425081679,/novatel/oem7/fix,/novatel/oem7/fix,/novatel/oem7/inspva,39.663,-75.756,-1.800817750,0.001722461,-0.000913132,-0.001703093,0.000257580,-0.000913132,,0,
1786043677426305376,1786043677.425473720,/novatel/oem7/odom,/novatel/oem7/fix,/novatel/oem7/odom,39.663,-75.756,-1.800817750,0.001720523,-0.000916778,0.000181537,-0.001710919,-0.000916778,,,
1786043677436089185,1786043677.435437412,/novatel/oem7/odom,/novatel/oem7/fix,/novatel/oem7/odom,39.663,-75.756,-1.800817750,0.001720523,-0.000916778,0.000181537,-0.001710919,-0.000916778,,,
1786043677445651163,1786043677.445298546,/novatel/oem7/inspva,/novatel/oem7/inspva,/novatel/oem7/inspva,39.663,-75.756,-1.800834944,0.000451903,-0.001218985,0.000181816,-0.000413714,-0.001218985,,novatel_oem7_msgs.msg.InertialSolutionStatus(status=3),
1786043677446230052,1786043677.445489888,/novatel/oem7/fix,/novatel/oem7/fix,/novatel/oem7/inspva,39.663,-75.756,-1.800834944,0.000451903,-0.001218985,0.000181816,-0.000413714,-0.001218985,,0,
1786043677446900327,1786043677.446098424,/novatel/oem7/odom,/novatel/oem7/fix,/novatel/oem7/odom,39.663,-75.756,-1.800834944,0.000449011,-0.001220053,-0.000400013,0.000203962,-0.001220053,,,
1786043677456264427,1786043677.455916284,/novatel/oem7/odom,/novatel/oem7/fix,/novatel/oem7/odom,39.663,-75.756,-1.800834944,0.000449011,-0.001220053,-0.000400013,0.000203962,-0.001220053,,,
1786043677466324656,1786043677.466051391,/novatel/oem7/inspva,/novatel/oem7/inspva,/novatel/oem7/inspva,39.663,-75.756,-1.800854105,0.000256523,-0.002039194,0.000196199,-0.000165258,-0.002039194,,novatel_oem7_msgs.msg.InertialSolutionStatus(status=3),
1786043677466930743,1786043677.466199326,/novatel/oem7/fix,/novatel/oem7/fix,/novatel/oem7/inspva,39.663,-75.756,-1.800854105,0.000256523,-0.002039194,0.000196199,-0.000165258,-0.002039194,,0,
1786043677467634137,1786043677.466727391,/novatel/oem7/odom,/novatel/oem7/fix,/novatel/oem7/odom,39.663,-75.756,-1.800854105,0.000256012,-0.002039258,-0.000148014,0.000208888,-0.002039258,,,
1786043677474964388,1786043677.474620399,/novatel/oem7/odom,/novatel/oem7/fix,/novatel/oem7/odom,39.663,-75.756,-1.800854105,0.000256012,-0.002039258,-0.000148014,0.000208888,-0.002039258,,,
1786043677485763192,1786043677.485342058,/novatel/oem7/inspva,/novatel/oem7/inspva,/novatel/oem7/inspva,39.663,-75.756,-1.800870039,0.000781526,-0.002181284,-0.000746996,0.000229737,-0.002181284,,novatel_oem7_msgs.msg.InertialSolutionStatus(status=3),
1786043677486350383,1786043677.485514563,/novatel/oem7/fix,/novatel/oem7/fix,/novatel/oem7/inspva,39.663,-75.756,-1.800870039,0.000781526,-0.002181284,-0.000746996,0.000229737,-0.002181284,,0,
1786043677487029268,1786043677.486167033,/novatel/oem7/odom,/novatel/oem7/fix,/novatel/oem7/odom,39.663,-75.756,-1.800870039,0.000778279,-0.002182444,0.000203136,-0.000751301,-0.002182444,,,
1786043677495996654,1786043677.495617249,/novatel/oem7/odom,/novatel/oem7/fix,/novatel/oem7/odom,39.663,-75.756,-1.800870039,0.000778279,-0.002182444,0.000203136,-0.000751301,-0.002182444,,,
1786043677506434657,1786043677.506009109,/novatel/oem7/inspva,/novatel/oem7/inspva,/novatel/oem7/inspva,39.663,-75.756,-1.800872456,0.001157031,-0.001687841,-0.001096069,-0.000370613,-0.001687841,,novatel_oem7_msgs.msg.InertialSolutionStatus(status=3),
1786043677507004870,1786043677.506147497,/novatel/oem7/fix,/novatel/oem7/fix,/novatel/oem7/inspva,39.663,-75.756,-1.800872456,0.001157031,-0.001687841,-0.001096069,-0.000370613,-0.001687841,,0,
1786043677507484435,1786043677.506627875,/novatel/oem7/odom,/novatel/oem7/fix,/novatel/oem7/odom,39.663,-75.756,-1.800872456,0.001150626,-0.001692214,-0.000414674,-0.001073306,-0.001692214,,,
1786043677513638434,1786043677.512883653,/novatel/oem7/bestpos,/novatel/oem7/bestpos,/novatel/oem7/odom,39.663,-75.756,33.181478042,0.001150626,-0.001692214,-0.000414674,-0.001073306,-0.001692214,,novatel_oem7_msgs.msg.SolutionStatus(status=0),novatel_oem7_msgs.msg.PositionOrVelocityType(type=53)
1786043677515155879,1786043677.513087496,/novatel/oem7/bestvel,/novatel/oem7/bestpos,/novatel/oem7/bestvel,39.663,-75.756,33.181478042,0.001802180,-0.001116090,,,,220.379416059,novatel_oem7_msgs.msg.SolutionStatus(status=0),novatel_oem7_msgs.msg.PositionOrVelocityType(type=53)
1786043677516216826,1786043677.514645354,/novatel/oem7/odom,/novatel/oem7/bestpos,/novatel/oem7/odom,39.663,-75.756,33.181478042,0.001150626,-0.001692214,-0.000414674,-0.001073306,-0.001692214,,,
1786043677527388900,1786043677.526680033,/novatel/oem7/inspva,/novatel/oem7/inspva,/novatel/oem7/inspva,39.663,-75.756,-1.800885896,0.000364557,-0.000893209,0.000130876,-0.000340255,-0.000893209,,novatel_oem7_msgs.msg.InertialSolutionStatus(status=3),
1786043677528770900,1786043677.526884838,/novatel/oem7/fix,/novatel/oem7/fix,/novatel/oem7/inspva,39.663,-75.756,-1.800885896,0.000364557,-0.000893209,0.000130876,-0.000340255,-0.000893209,,0,
1786043677529805011,1786043677.527338663,/novatel/oem7/odom,/novatel/oem7/fix,/novatel/oem7/odom,39.663,-75.756,-1.800885896,0.000362284,-0.000894134,-0.000330291,0.000148854,-0.000894134,,,
1786043677535819920,1786043677.535149200,/novatel/oem7/odom,/novatel/oem7/fix,/novatel/oem7/odom,39.663,-75.756,-1.800885896,0.000362284,-0.000894134,-0.000330291,0.000148854,-0.000894134,,,
1786043677545867986,1786043677.545143392,/novatel/oem7/inspva,/novatel/oem7/inspva,/novatel/oem7/inspva,39.663,-75.756,-1.800911825,0.000236147,-0.001623346,-0.000048199,-0.000231175,-0.001623346,,novatel_oem7_msgs.msg.InertialSolutionStatus(status=3),
1786043677547202959,1786043677.545350994,/novatel/oem7/fix,/novatel/oem7/fix,/novatel/oem7/inspva,39.663,-75.756,-1.800911825,0.000236147,-0.001623346,-0.000048199,-0.000231175,-0.001623346,,0,
1786043677548725964,1786043677.547041364,/novatel/oem7/odom,/novatel/oem7/fix,/novatel/oem7/odom,39.663,-75.756,-1.800911825,0.000229236,-0.001624336,-0.000226813,-0.000033242,-0.001624336,,,
1786043677556560785,1786043677.555881981,/novatel/oem7/odom,/novatel/oem7/fix,/novatel/oem7/odom,39.663,-75.756,-1.800911825,0.000229236,-0.001624336,-0.000226813,-0.000033242,-0.001624336,,,
1786043677566007751,1786043677.565337085,/novatel/oem7/inspva,/novatel/oem7/inspva,/novatel/oem7/inspva,39.663,-75.756,-1.800938272,0.000591680,-0.002624711,-0.000022008,-0.000591270,-0.002624711,,novatel_oem7_msgs.msg.InertialSolutionStatus(status=3),
1786043677567508409,1786043677.565669845,/novatel/oem7/fix,/novatel/oem7/fix,/novatel/oem7/inspva,39.663,-75.756,-1.800938272,0.000591680,-0.002624711,-0.000022008,-0.000591270,-0.002624711,,0,
1786043677568550356,1786043677.566293634,/novatel/oem7/odom,/novatel/oem7/fix,/novatel/oem7/odom,39.663,-75.756,-1.800938272,0.000581613,-0.002626960,-0.000581484,0.000012245,-0.002626960,,,
1786043677575907646,1786043677.575105184,/novatel/oem7/odom,/novatel/oem7/fix,/novatel/oem7/odom,39.663,-75.756,-1.800938272,0.000581613,-0.002626960,-0.000581484,0.000012245,-0.002626960,,,
1786043677586705433,1786043677.586008652,/novatel/oem7/inspva,/novatel/oem7/inspva,/novatel/oem7/inspva,39.663,-75.756,-1.800945198,0.000700798,-0.002247958,-0.000586934,-0.000382919,-0.002247958,,novatel_oem7_msgs.msg.InertialSolutionStatus(status=3),
1786043677587993981,1786043677.586208651,/novatel/oem7/fix,/novatel/oem7/fix,/novatel/oem7/inspva,39.663,-75.756,-1.800945198,0.000700798,-0.002247958,-0.000586934,-0.000382919,-0.002247958,,0,
1786043677589014612,1786043677.586574558,/novatel/oem7/odom,/novatel/oem7/fix,/novatel/oem7/odom,39.663,-75.756,-1.800945198,0.000691067,-0.002250969,-0.000401107,-0.000562750,-0.002250969,,,
1786043677595097729,1786043677.594459442,/novatel/oem7/odom,/novatel/oem7/fix,/novatel/oem7/odom,39.663,-75.756,-1.800945198,0.000691067,-0.002250969,-0.000401107,-0.000562750,-0.002250969,,,
1786043677607167221,1786043677.606495701,/novatel/oem7/inspva,/novatel/oem7/inspva,/novatel/oem7/inspva,39.663,-75.756,-1.800955188,0.000188740,-0.000785385,-0.000185333,0.000035697,-0.000785385,,novatel_oem7_msgs.msg.InertialSolutionStatus(status=3),
1786043677608568812,1786043677.606701880,/novatel/oem7/fix,/novatel/oem7/fix,/novatel/oem7/inspva,39.663,-75.756,-1.800955188,0.000188740,-0.000785385,-0.000185333,0.000035697,-0.000785385,,0,
1786043677609700400,1786043677.607581702,/novatel/oem7/odom,/novatel/oem7/fix,/novatel/oem7/odom,39.663,-75.756,-1.800955188,0.000187226,-0.000785747,0.000030102,-0.000184790,-0.000785747,,,
1786043677611533004,1786043677.610245365,/novatel/oem7/bestpos,/novatel/oem7/bestpos,/novatel/oem7/odom,39.663,-75.756,33.181391336,0.000187226,-0.000785747,0.000030102,-0.000184790,-0.000785747,,novatel_oem7_msgs.msg.SolutionStatus(status=0),novatel_oem7_msgs.msg.PositionOrVelocityType(type=53)
1786043677612461140,1786043677.610622249,/novatel/oem7/bestvel,/novatel/oem7/bestpos,/novatel/oem7/bestvel,39.663,-75.756,33.181391336,0.000813050,-0.001201275,,,,100.488664219,novatel_oem7_msgs.msg.SolutionStatus(status=0),novatel_oem7_msgs.msg.PositionOrVelocityType(type=53)
1786043677616136299,1786043677.615521182,/novatel/oem7/odom,/novatel/oem7/bestpos,/novatel/oem7/odom,39.663,-75.756,33.181391336,0.000187226,-0.000785747,0.000030102,-0.000184790,-0.000785747,,,
1786043677625746308,1786043677.625231099,/novatel/oem7/inspva,/novatel/oem7/inspva,/novatel/oem7/inspva,39.663,-75.756,-1.800977302,0.000258219,-0.000568904,0.000147505,0.000211941,-0.000568904,,novatel_oem7_msgs.msg.InertialSolutionStatus(status=3),
1786043677627047161,1786043677.625416601,/novatel/oem7/fix,/novatel/oem7/fix,/novatel/oem7/inspva,39.663,-75.756,-1.800977302,0.000258219,-0.000568904,0.000147505,0.000211941,-0.000568904,,0,
1786043677628076421,1786043677.625879413,/novatel/oem7/odom,/novatel/oem7/fix,/novatel/oem7/odom,39.663,-75.756,-1.800977302,0.000260868,-0.000567694,0.000220794,0.000138933,-0.000567694,,,
1786043677635281679,1786043677.634615896,/novatel/oem7/odom,/novatel/oem7/fix,/novatel/oem7/odom,39.663,-75.756,-1.800977302,0.000260868,-0.000567694,0.000220794,0.000138933,-0.000567694,,,
1786043677647819529,1786043677.647248524,/novatel/oem7/inspva,/novatel/oem7/inspva,/novatel/oem7/inspva,39.663,-75.756,-1.801014177,0.000407262,-0.003011899,0.000052137,-0.000403911,-0.003011899,,novatel_oem7_msgs.msg.InertialSolutionStatus(status=3),
1786043677649113219,1786043677.647415518,/novatel/oem7/fix,/novatel/oem7/fix,/novatel/oem7/inspva,39.663,-75.756,-1.801014177,0.000407262,-0.003011899,0.000052137,-0.000403911,-0.003011899,,0,
1786043677650143852,1786043677.647707472,/novatel/oem7/odom,/novatel/oem7/fix,/novatel/oem7/odom,39.663,-75.756,-1.801014177,0.000397186,-0.003013244,-0.000389342,0.000078545,-0.003013244,,,
1786043677657248209,1786043677.656592916,/novatel/oem7/odom,/novatel/oem7/fix,/novatel/oem7/odom,39.663,-75.756,-1.801014177,0.000397186,-0.003013244,-0.000389342,0.000078545,-0.003013244,,,
1786043677665780517,1786043677.665259501,/novatel/oem7/inspva,/novatel/oem7/inspva,/novatel/oem7/inspva,39.663,-75.756,-1.801021283,0.000453764,-0.002521468,-0.000142643,-0.000430761,-0.002521468,,novatel_oem7_msgs.msg.InertialSolutionStatus(status=3),
1786043677667075146,1786043677.665404643,/novatel/oem7/fix,/novatel/oem7/fix,/novatel/oem7/inspva,39.663,-75.756,-1.801021283,0.000453764,-0.002521468,-0.000142643,-0.000430761,-0.002521468,,0,
1786043677668098476,1786043677.665771646,/novatel/oem7/odom,/novatel/oem7/fix,/novatel/oem7/odom,39.663,-75.756,-1.801021283,0.000442628,-0.002523446,-0.000427152,-0.000116020,-0.002523446,,,
1786043677676235247,1786043677.675594060,/novatel/oem7/odom,/novatel/oem7/fix,/novatel/oem7/odom,39.663,-75.756,-1.801021283,0.000442628,-0.002523446,-0.000427152,-0.000116020,-0.002523446,,,
1786043677687321289,1786043677.686804937,/novatel/oem7/inspva,/novatel/oem7/inspva,/novatel/oem7/inspva,39.663,-75.756,-1.801028238,0.001971641,-0.000785617,-0.000608244,0.001875476,-0.000785617,,novatel_oem7_msgs.msg.InertialSolutionStatus(status=3),
1786043677688656036,1786043677.686952446,/novatel/oem7/fix,/novatel/oem7/fix,/novatel/oem7/inspva,39.663,-75.756,-1.801028238,0.001971641,-0.000785617,-0.000608244,0.001875476,-0.000785617,,0,
1786043677689689176,1786043677.687472444,/novatel/oem7/odom,/novatel/oem7/fix,/novatel/oem7/odom,39.663,-75.756,-1.801028238,0.001973784,-0.000780220,0.001848162,-0.000692906,-0.000780220,,,
1786043677695821530,1786043677.695148034,/novatel/oem7/odom,/novatel/oem7/fix,/novatel/oem7/odom,39.663,-75.756,-1.801028238,0.001973784,-0.000780220,0.001848162,-0.000692906,-0.000780220,,,
1786043677706344574,1786043677.705850375,/novatel/oem7/inspva,/novatel/oem7/inspva,/novatel/oem7/inspva,39.663,-75.756,-1.801046535,0.000765369,-0.000301846,-0.000203795,0.000737738,-0.000301846,,novatel_oem7_msgs.msg.InertialSolutionStatus(status=3),
1786043677707664407,1786043677.705986811,/novatel/oem7/fix,/novatel/oem7/fix,/novatel/oem7/inspva,39.663,-75.756,-1.801046535,0.000765369,-0.000301846,-0.000203795,0.000737738,-0.000301846,,0,
1786043677709010374,1786043677.706486212,/novatel/oem7/odom,/novatel/oem7/fix,/novatel/oem7/odom,39.663,-75.756,-1.801046535,0.000766250,-0.000299602,0.000728624,-0.000237164,-0.000299602,,,
1786043677710565192,1786043677.709520225,/novatel/oem7/bestpos,/novatel/oem7/bestpos,/novatel/oem7/odom,39.663,-75.756,33.181293384,0.000766250,-0.000299602,0.000728624,-0.000237164,-0.000299602,,novatel_oem7_msgs.msg.SolutionStatus(status=0),novatel_oem7_msgs.msg.PositionOrVelocityType(type=53)
1786043677711961900,1786043677.710081334,/novatel/oem7/bestvel,/novatel/oem7/bestpos,/novatel/oem7/bestvel,39.663,-75.756,33.181293384,0.001741194,-0.001122859,,,,78.369292662,novatel_oem7_msgs.msg.SolutionStatus(status=0),novatel_oem7_msgs.msg.PositionOrVelocityType(type=53)
1786043677715244712,1786043677.714581518,/novatel/oem7/odom,/novatel/oem7/bestpos,/novatel/oem7/odom,39.663,-75.756,33.181293384,0.000766250,-0.000299602,0.000728624,-0.000237164,-0.000299602,,,
1786043677725861957,1786043677.725344178,/novatel/oem7/inspva,/novatel/oem7/inspva,/novatel/oem7/inspva,39.663,-75.756,-1.801088711,0.000948757,-0.003010747,0.000895195,-0.000314270,-0.003010747,,novatel_oem7_msgs.msg.InertialSolutionStatus(status=3),
1786043677727193073,1786043677.725505956,/novatel/oem7/fix,/novatel/oem7/fix,/novatel/oem7/inspva,39.663,-75.756,-1.801088711,0.000948757,-0.003010747,0.000895195,-0.000314270,-0.003010747,,0,
1786043677728217773,1786043677.726043349,/novatel/oem7/odom,/novatel/oem7/fix,/novatel/oem7/odom,39.663,-75.756,-1.801088711,0.000952813,-0.003009466,-0.000260577,0.000916489,-0.003009466,,,
1786043677735468055,1786043677.734826732,/novatel/oem7/odom,/novatel/oem7/fix,/novatel/oem7/odom,39.663,-75.756,-1.801088711,0.000952813,-0.003009466,-0.000260577,0.000916489,-0.003009466,,,
1786043677746534871,1786043677.746002986,/novatel/oem7/inspva,/novatel/oem7/inspva,/novatel/oem7/inspva,39.663,-75.756,-1.801095815,0.000347386,-0.002750909,0.000334390,-0.000094127,-0.002750909,,novatel_oem7_msgs.msg.InertialSolutionStatus(status=3),
1786043677747927888,1786043677.746139140,/novatel/oem7/fix,/novatel/oem7/fix,/novatel/oem7/inspva,39.663,-75.756,-1.801095815,0.000347386,-0.002750909,0.000334390,-0.000094127,-0.002750909,,0,
1786043677749031146,1786043677.746583775,/novatel/oem7/odom,/novatel/oem7/fix,/novatel/oem7/odom,39.663,-75.756,-1.801095815,0.000351982,-0.002750324,-0.000067808,0.000345388,-0.002750324,,,
1786043677756373641,1786043677.755732538,/novatel/oem7/odom,/novatel/oem7/fix,/novatel/oem7/odom,39.663,-75.756,-1.801095815,0.000351982,-0.002750324,-0.000067808,0.000345388,-0.002750324,,,
1786043677765699427,1786043677.765170878,/novatel/oem7/inspva,/novatel/oem7/inspva,/novatel/oem7/inspva,39.663,-75.756,-1.801094861,0.002133170,-0.000343786,-0.000921352,0.001923934,-0.000343786,,novatel_oem7_msgs.msg.InertialSolutionStatus(status=3),
1786043677767266949,1786043677.765312436,/novatel/oem7/fix,/novatel/oem7/fix,/novatel/oem7/inspva,39.663,-75.756,-1.801094861,0.002133170,-0.000343786,-0.000921352,0.001923934,-0.000343786,,0,
1786043677768502831,1786043677.765726821,/novatel/oem7/odom,/novatel/oem7/fix,/novatel/oem7/odom,39.663,-75.756,-1.801094861,0.002133927,-0.000339052,0.001880260,-0.001009093,-0.000339052,,,
1786043677776067179,1786043677.775415689,/novatel/oem7/odom,/novatel/oem7/fix,/novatel/oem7/odom,39.663,-75.756,-1.801094861,0.002133927,-0.000339052,0.001880260,-0.001009093,-0.000339052,,,
1786043677785514402,1786043677.784948730,/novatel/oem7/inspva,/novatel/oem7/inspva,/novatel/oem7/inspva,39.663,-75.756,-1.801116354,0.001788240,-0.000523331,-0.000609688,0.001681095,-0.000523331,,novatel_oem7_msgs.msg.InertialSolutionStatus(status=3),
1786043677786831109,1786043677.785106275,/novatel/oem7/fix,/novatel/oem7/fix,/novatel/oem7/inspva,39.663,-75.756,-1.801116354,0.001788240,-0.000523331,-0.000609688,0.001681095,-0.000523331,,0,
1786043677787874095,1786043677.785520430,/novatel/oem7/odom,/novatel/oem7/fix,/novatel/oem7/odom,39.663,-75.756,-1.801116354,0.001789595,-0.000518677,0.001652898,-0.000685988,-0.000518677,,,
1786043677795047836,1786043677.794387360,/novatel/oem7/odom,/novatel/oem7/fix,/novatel/oem7/odom,39.663,-75.756,-1.801116354,0.001789595,-0.000518677,0.001652898,-0.000685988,-0.000518677,,,
1786043677807238754,1786043677.806696831,/novatel/oem7/inspva,/novatel/oem7/inspva,/novatel/oem7/inspva,39.663,-75.756,-1.801147248,0.001558120,-0.001924459,0.001502220,-0.000413613,-0.001924459,,novatel_oem7_msgs.msg.InertialSolutionStatus(status=3),
1786043677808597970,1786043677.806844363,/novatel/oem7/fix,/novatel/oem7/fix,/novatel/oem7/inspva,39.663,-75.756,-1.801147248,0.001558120,-0.001924459,0.001502220,-0.000413613,-0.001924459,,0,
1786043677809637914,1786043677.807316431,/novatel/oem7/odom,/novatel/oem7/fix,/novatel/oem7/odom,39.663,-75.756,-1.801147248,0.001561274,-0.001921902,-0.000335721,0.001524752,-0.001921902,,,
1786043677811088772,1786043677.810226003,/novatel/oem7/bestpos,/novatel/oem7/bestpos,/novatel/oem7/odom,39.663,-75.756,33.181215770,0.001561274,-0.001921902,-0.000335721,0.001524752,-0.001921902,,novatel_oem7_msgs.msg.SolutionStatus(status=0),novatel_oem7_msgs.msg.PositionOrVelocityType(type=53)
1786043677812484099,1786043677.810760852,/novatel/oem7/bestvel,/novatel/oem7/bestpos,/novatel/oem7/bestvel,39.663,-75.756,33.181215770,0.001165741,-0.002077595,,,,15.263410470,novatel_oem7_msgs.msg.SolutionStatus(status=0),novatel_oem7_msgs.msg.PositionOrVelocityType(type=53)
1786043677816022070,1786043677.815382074,/novatel/oem7/odom,/novatel/oem7/bestpos,/novatel/oem7/odom,39.663,-75.756,33.181215770,0.001561274,-0.001921902,-0.000335721,0.001524752,-0.001921902,,,
1786043677825497077,1786043677.824988822,/novatel/oem7/inspva,/novatel/oem7/inspva,/novatel/oem7/inspva,39.663,-75.756,-1.801163001,0.001000588,-0.002538248,0.000964265,-0.000267152,-0.002538248,,novatel_oem7_msgs.msg.InertialSolutionStatus(status=3),
1786043677826789020,1786043677.825125810,/novatel/oem7/fix,/novatel/oem7/fix,/novatel/oem7/inspva,39.663,-75.756,-1.801163001,0.001000588,-0.002538248,0.000964265,-0.000267152,-0.002538248,,0,
1786043677827805574,1786043677.825475114,/novatel/oem7/odom,/novatel/oem7/fix,/novatel/oem7/odom,39.663,-75.756,-1.801163001,0.001004763,-0.002536598,-0.000212148,0.000982111,-0.002536598,,,
1786043677835822359,1786043677.835137549,/novatel/oem7/odom,/novatel/oem7/fix,/novatel/oem7/odom,39.663,-75.756,-1.801163001,0.001004763,-0.002536598,-0.000212148,0.000982111,-0.002536598,,,
1786043677845698290,1786043677.845115878,/novatel/oem7/inspva,/novatel/oem7/inspva,/novatel/oem7/inspva,39.663,-75.756,-1.801161384,0.001722370,-0.000567316,-0.000825894,0.001511442,-0.000567316,,novatel_oem7_msgs.msg.InertialSolutionStatus(status=3),
1786043677847224905,1786043677.845281492,/novatel/oem7/fix,/novatel/oem7/fix,/novatel/oem7/inspva,39.663,-75.756,-1.801161384,0.001722370,-0.000567316,-0.000825894,0.001511442,-0.000567316,,0,
1786043677848348707,1786043677.845875998,/novatel/oem7/odom,/novatel/oem7/fix,/novatel/oem7/odom,39.663,-75.756,-1.801161384,0.001723491,-0.000563902,0.001473533,-0.000893937,-0.000563902,,,
1786043677857172787,1786043677.856510517,/novatel/oem7/odom,/novatel/oem7/fix,/novatel/oem7/odom,39.663,-75.756,-1.801161384,0.001723491,-0.000563902,0.001473533,-0.000893937,-0.000563902,,,
1786043677866619383,1786043677.866085592,/novatel/oem7/inspva,/novatel/oem7/inspva,/novatel/oem7/inspva,39.663,-75.756,-1.801181110,0.001310941,-0.000727137,-0.000209687,0.001294062,-0.000727137,,novatel_oem7_msgs.msg.InertialSolutionStatus(status=3),
1786043677868458728,1786043677.866227379,/novatel/oem7/fix,/novatel/oem7/fix,/novatel/oem7/inspva,39.663,-75.756,-1.801181110,0.001310941,-0.000727137,-0.000209687,0.001294062,-0.000727137,,0,
1786043677869666993,1786043677.866705174,/novatel/oem7/odom,/novatel/oem7/fix,/novatel/oem7/odom,39.663,-75.756,-1.801181110,0.001313329,-0.000722815,0.001285722,-0.000267865,-0.000722815,,,
1786043677875486145,1786043677.874473848,/novatel/oem7/odom,/novatel/oem7/fix,/novatel/oem7/odom,39.663,-75.756,-1.801181110,0.001313329,-0.000722815,0.001285722,-0.000267865,-0.000722815,,,
1786043677885931241,1786043677.885191740,/novatel/oem7/inspva,/novatel/oem7/inspva,/novatel/oem7/inspva,39.663,-75.756,-1.801205019,0.001372186,-0.001087446,0.001309360,0.000410452,-0.001087446,,novatel_oem7_msgs.msg.InertialSolutionStatus(status=3),
1786043677888005261,1786043677.885406196,/novatel/oem7/fix,/novatel/oem7/fix,/novatel/oem7/inspva,39.663,-75.756,-1.801205019,0.001372186,-0.001087446,0.001309360,0.000410452,-0.001087446,,0,
1786043677889733255,1786043677.885746332,/novatel/oem7/odom,/novatel/oem7/fix,/novatel/oem7/odom,39.663,-75.756,-1.801205019,0.001376259,-0.001082286,0.000475203,0.001291615,-0.001082286,,,
1786043677895885442,1786043677.895206215,/novatel/oem7/odom,/novatel/oem7/fix,/novatel/oem7/odom,39.663,-75.756,-1.801205019,0.001376259,-0.001082286,0.000475203,0.001291615,-0.001082286,,,
1786043677906343149,1786043677.905788730,/novatel/oem7/inspva,/novatel/oem7/inspva,/novatel/oem7/inspva,39.663,-75.756,-1.801226321,0.001388776,-0.001674349,0.001372171,0.000214113,-0.001674349,,novatel_oem7_msgs.msg.InertialSolutionStatus(status=3),
1786043677907793294,1786043677.905967559,/novatel/oem7/fix,/novatel/oem7/fix,/novatel/oem7/inspva,39.663,-75.756,-1.801226321,0.001388776,-0.001674349,0.001372171,0.000214113,-0.001674349,,0,
1786043677908944165,1786043677.906439836,/novatel/oem7/odom,/novatel/oem7/fix,/novatel/oem7/odom,39.663,-75.756,-1.801226321,0.001394283,-0.001669765,0.000284337,0.001364983,-0.001669765,,,
1786043677910509980,1786043677.909455543,/novatel/oem7/bestpos,/novatel/oem7/bestpos,/novatel/oem7/odom,39.663,-75.756,33.181126377,0.001394283,-0.001669765,0.000284337,0.001364983,-0.001669765,,novatel_oem7_msgs.msg.SolutionStatus(status=0),novatel_oem7_msgs.msg.PositionOrVelocityType(type=53)
1786043677912004438,1786043677.910220024,/novatel/oem7/bestvel,/novatel/oem7/bestpos,/novatel/oem7/bestvel,39.663,-75.756,33.181126377,0.001805493,-0.002075451,,,,62.851997007,novatel_oem7_msgs.msg.SolutionStatus(status=0),novatel_oem7_msgs.msg.PositionOrVelocityType(type=53)
1786043677915216603,1786043677.914511066,/novatel/oem7/odom,/novatel/oem7/bestpos,/novatel/oem7/odom,39.663,-75.756,33.181126377,0.001394283,-0.001669765,0.000284337,0.001364983,-0.001669765,,,
1786043677927040607,1786043677.926514525,/novatel/oem7/inspva,/novatel/oem7/inspva,/novatel/oem7/inspva,39.663,-75.756,-1.801249321,0.000793137,-0.002503177,-0.000615904,0.000499728,-0.002503177,,novatel_oem7_msgs.msg.InertialSolutionStatus(status=3),
1786043677928397890,1786043677.926666513,/novatel/oem7/fix,/novatel/oem7/fix,/novatel/oem7/inspva,39.663,-75.756,-1.801249321,0.000793137,-0.002503177,-0.000615904,0.000499728,-0.002503177,,0,
1786043677929516878,1786043677.926991863,/novatel/oem7/odom,/novatel/oem7/fix,/novatel/oem7/odom,39.663,-75.756,-1.801249321,0.000793808,-0.002502964,0.000480192,-0.000632096,-0.002502964,,,
1786043677936705869,1786043677.934997545,/novatel/oem7/odom,/novatel/oem7/fix,/novatel/oem7/odom,39.663,-75.756,-1.801249321,0.000793808,-0.002502964,0.000480192,-0.000632096,-0.002502964,,,
1786043677945704938,1786043677.944994024,/novatel/oem7/inspva,/novatel/oem7/inspva,/novatel/oem7/inspva,39.663,-75.756,-1.801259043,0.001222954,-0.001401051,-0.000115549,0.001217483,-0.001401051,,novatel_oem7_msgs.msg.InertialSolutionStatus(status=3),
1786043677946583100,1786043677.945144719,/novatel/oem7/fix,/novatel/oem7/fix,/novatel/oem7/inspva,39.663,-75.756,-1.801259043,0.001222954,-0.001401051,-0.000115549,0.001217483,-0.001401051,,0,
1786043677948095612,1786043677.945503232,/novatel/oem7/odom,/novatel/oem7/fix,/novatel/oem7/odom,39.663,-75.756,-1.801259043,0.001227808,-0.001396800,0.001216188,-0.000168524,-0.001396800,,,
1786043677956789774,1786043677.956067153,/novatel/oem7/odom,/novatel/oem7/fix,/novatel/oem7/odom,39.663,-75.756,-1.801259043,0.001227808,-0.001396800,0.001216188,-0.000168524,-0.001396800,,,
1786043677965781846,1786043677.965147750,/novatel/oem7/inspva,/novatel/oem7/inspva,/novatel/oem7/inspva,39.663,-75.756,-1.801276788,0.001209698,-0.000440566,0.000901226,0.000806945,-0.000440566,,novatel_oem7_msgs.msg.InertialSolutionStatus(status=3),
1786043677967224787,1786043677.965288121,/novatel/oem7/fix,/novatel/oem7/fix,/novatel/oem7/inspva,39.663,-75.756,-1.801276788,0.001209698,-0.000440566,0.000901226,0.000806945,-0.000440566,,0,
1786043677968698045,1786043677.965860123,/novatel/oem7/odom,/novatel/oem7/fix,/novatel/oem7/odom,39.663,-75.756,-1.801276788,0.001211711,-0.000434998,0.000849772,0.000863789,-0.000434998,,,
1786043677975843586,1786043677.975115628,/novatel/oem7/odom,/novatel/oem7/fix,/novatel/oem7/odom,39.663,-75.756,-1.801276788,0.001211711,-0.000434998,0.000849772,0.000863789,-0.000434998,,,
1786043677986458347,1786043677.986156884,/novatel/oem7/inspva,/novatel/oem7/inspva,/novatel/oem7/inspva,39.663,-75.756,-1.801298460,0.001826983,-0.000780754,0.001640794,0.000803532,-0.000780754,,novatel_oem7_msgs.msg.InertialSolutionStatus(status=3),
1786043677987441069,1786043677.986297375,/novatel/oem7/fix,/novatel/oem7/fix,/novatel/oem7/inspva,39.663,-75.756,-1.801298460,0.001826983,-0.000780754,0.001640794,0.000803532,-0.000780754,,0,
1786043677987896083,1786043677.986756890,/novatel/oem7/odom,/novatel/oem7/fix,/novatel/oem7/odom,39.663,-75.756,-1.801298460,0.001830204,-0.000773173,0.000882120,0.001603593,-0.000773173,,,
1786043677994834919,1786043677.994480493,/novatel/oem7/odom,/novatel/oem7/fix,/novatel/oem7/odom,39.663,-75.756,-1.801298460,0.001830204,-0.000773173,0.000882120,0.001603593,-0.000773173,,,
1786043678008758377,1786043678.008485611,/novatel/oem7/inspva,/novatel/oem7/inspva,/novatel/oem7/inspva,39.663,-75.756,-1.801335165,0.001205319,-0.003175651,0.000099435,0.001201211,-0.003175651,,novatel_oem7_msgs.msg.InertialSolutionStatus(status=3),
1786043678009320304,1786043678.008624352,/novatel/oem7/fix,/novatel/oem7/fix,/novatel/oem7/inspva,39.663,-75.756,-1.801335165,0.001205319,-0.003175651,0.000099435,0.001201211,-0.003175651,,0,
1786043678011547060,1786043678.011223221,/novatel/oem7/odom,/novatel/oem7/fix,/novatel/oem7/odom,39.663,-75.756,-1.801335165,0.001217910,-0.003170844,0.001216819,0.000051525,-0.003170844,,,
1786043678017570271,1786043678.017243228,/novatel/oem7/odom,/novatel/oem7/fix,/novatel/oem7/odom,39.663,-75.756,-1.801335165,0.001217910,-0.003170844,0.001216819,0.000051525,-0.003170844,,,
1786043678025692162,1786043678.025377415,/novatel/oem7/bestpos,/novatel/oem7/bestpos,/novatel/oem7/odom,39.663,-75.756,33.181034734,0.001217910,-0.003170844,0.001216819,0.000051525,-0.003170844,,novatel_oem7_msgs.msg.SolutionStatus(status=0),novatel_oem7_msgs.msg.PositionOrVelocityType(type=53)
1786043678026518496,1786043678.026256947,/novatel/oem7/bestvel,/novatel/oem7/bestpos,/novatel/oem7/bestvel,39.663,-75.756,33.181034734,0.001073694,-0.002397965,,,,138.593406319,novatel_oem7_msgs.msg.SolutionStatus(status=0),novatel_oem7_msgs.msg.PositionOrVelocityType(type=53)
1786043678027144991,1786043678.026667598,/novatel/oem7/inspva,/novatel/oem7/inspva,/novatel/oem7/inspva,39.663,-75.756,-1.801342043,0.000609728,-0.002392466,0.000042923,0.000608215,-0.002392466,,novatel_oem7_msgs.msg.InertialSolutionStatus(status=3),
1786043678027518262,1786043678.026843242,/novatel/oem7/fix,/novatel/oem7/fix,/novatel/oem7/inspva,39.663,-75.756,-1.801342043,0.000609728,-0.002392466,0.000042923,0.000608215,-0.002392466,,0,
1786043678028140662,1786043678.027269627,/novatel/oem7/odom,/novatel/oem7/fix,/novatel/oem7/odom,39.663,-75.756,-1.801342043,0.000619146,-0.002390046,0.000618801,0.000020664,-0.002390046,,,
1786043678034855586,1786043678.034528628,/novatel/oem7/odom,/novatel/oem7/fix,/novatel/oem7/odom,39.663,-75.756,-1.801342043,0.000619146,-0.002390046,0.000618801,0.000020664,-0.002390046,,,
1786043678047275247,1786043678.046842123,/novatel/oem7/inspva,/novatel/oem7/inspva,/novatel/oem7/inspva,39.663,-75.756,-1.801308918,0.001693511,0.000492318,0.000503943,0.001616793,0.000492318,,novatel_oem7_msgs.msg.InertialSolutionStatus(status=3),
1786043678047850116,1786043678.046999622,/novatel/oem7/fix,/novatel/oem7/fix,/novatel/oem7/inspva,39.663,-75.756,-1.801308918,0.001693511,0.000492318,0.000503943,0.001616793,0.000492318,,0,
1786043678048293075,1786043678.047384845,/novatel/oem7/odom,/novatel/oem7/fix,/novatel/oem7/odom,39.663,-75.756,-1.801308918,0.001691324,0.000499780,0.001636588,0.000426796,0.000499780,,,
1786043678056845922,1786043678.056524899,/novatel/oem7/odom,/novatel/oem7/fix,/novatel/oem7/odom,39.663,-75.756,-1.801308918,0.001691324,0.000499780,0.001636588,0.000426796,0.000499780,,,
1786043678065900378,1786043678.065342643,/novatel/oem7/inspva,/novatel/oem7/inspva,/novatel/oem7/inspva,39.663,-75.756,-1.801281588,0.001859404,0.000519997,0.001126792,0.001479096,0.000519997,,novatel_oem7_msgs.msg.InertialSolutionStatus(status=3),
1786043678067285202,1786043678.065528255,/novatel/oem7/fix,/novatel/oem7/fix,/novatel/oem7/inspva,39.663,-75.756,-1.801281588,0.001859404,0.000519997,0.001126792,0.001479096,0.000519997,,0,
1786043678067796608,1786043678.065975702,/novatel/oem7/odom,/novatel/oem7/fix,/novatel/oem7/odom,39.663,-75.756,-1.801281588,0.001856955,0.000528677,0.001527945,0.001055304,0.000528677,,,
1786043678076054987,1786043678.075728088,/novatel/oem7/odom,/novatel/oem7/fix,/novatel/oem7/odom,39.663,-75.756,-1.801281588,0.001856955,0.000528677,0.001527945,0.001055304,0.000528677,,,
1786043678085649556,1786043678.085371404,/novatel/oem7/inspva,/novatel/oem7/inspva,/novatel/oem7/inspva,39.663,-75.756,-1.801276983,0.001224351,-0.002839093,0.001171130,0.000357056,-0.002839093,,novatel_oem7_msgs.msg.InertialSolutionStatus(status=3),
1786043678086218908,1786043678.085520715,/novatel/oem7/fix,/novatel/oem7/fix,/novatel/oem7/inspva,39.663,-75.756,-1.801276983,0.001224351,-0.002839093,0.001171130,0.000357056,-0.002839093,,0,
1786043678086851161,1786043678.086119581,/novatel/oem7/odom,/novatel/oem7/fix,/novatel/oem7/odom,39.663,-75.756,-1.801276983,0.001234922,-0.002834510,0.000422222,0.001160500,-0.002834510,,,
1786043678095464175,1786043678.095118227,/novatel/oem7/odom,/novatel/oem7/fix,/novatel/oem7/odom,39.663,-75.756,-1.801276983,0.001234922,-0.002834510,0.000422222,0.001160500,-0.002834510,,,
1786043678106178918,1786043678.105902396,/novatel/oem7/inspva,/novatel/oem7/inspva,/novatel/oem7/inspva,39.663,-75.756,-1.801244465,0.000972358,-0.002337201,0.000691885,0.000683209,-0.002337201,,novatel_oem7_msgs.msg.InertialSolutionStatus(status=3),
1786043678106757229,1786043678.106050132,/novatel/oem7/fix,/novatel/oem7/fix,/novatel/oem7/inspva,39.663,-75.756,-1.801244465,0.000972358,-0.002337201,0.000691885,0.000683209,-0.002337201,,0,
1786043678107245507,1786043678.106506149,/novatel/oem7/odom,/novatel/oem7/fix,/novatel/oem7/odom,39.663,-75.756,-1.801244465,0.000983033,-0.002332731,0.000723696,0.000665296,-0.002332731,,,
1786043678109695699,1786043678.109361404,/novatel/oem7/bestpos,/novatel/oem7/bestpos,/novatel/oem7/odom,39.663,-75.756,33.181162929,0.000983033,-0.002332731,0.000723696,0.000665296,-0.002332731,,novatel_oem7_msgs.msg.SolutionStatus(status=0),novatel_oem7_msgs.msg.PositionOrVelocityType(type=53)
1786043678110471645,1786043678.110101478,/novatel/oem7/bestvel,/novatel/oem7/bestpos,/novatel/oem7/bestvel,39.663,-75.756,33.181162929,0.000520111,-0.001354144,,,,277.008255238,novatel_oem7_msgs.msg.SolutionStatus(status=0),novatel_oem7_msgs.msg.PositionOrVelocityType(type=53)
1786043678115237049,1786043678.114532782,/novatel/oem7/odom,/novatel/oem7/bestpos,/novatel/oem7/odom,39.663,-75.756,33.181162929,0.000983033,-0.002332731,0.000723696,0.000665296,-0.002332731,,,
1786043678125673028,1786043678.125328265,/novatel/oem7/inspva,/novatel/oem7/inspva,/novatel/oem7/inspva,39.663,-75.756,-1.801207540,0.002286887,0.000151226,-0.000063589,0.002286003,0.000151226,,novatel_oem7_msgs.msg.InertialSolutionStatus(status=3),
1786043678126229466,1786043678.125527697,/novatel/oem7/fix,/novatel/oem7/fix,/novatel/oem7/inspva,39.663,-75.756,-1.801207540,0.002286887,0.000151226,-0.000063589,0.002286003,0.000151226,,0,
1786043678126892916,1786043678.126233831,/novatel/oem7/odom,/novatel/oem7/fix,/novatel/oem7/odom,39.663,-75.756,-1.801207540,0.002286319,0.000159584,0.002279957,-0.000170437,0.000159584,,,
1786043678135858202,1786043678.135509439,/novatel/oem7/odom,/novatel/oem7/fix,/novatel/oem7/odom,39.663,-75.756,-1.801207540,0.002286319,0.000159584,0.002279957,-0.000170437,0.000159584,,,
1786043678145328612,1786043678.145000206,/novatel/oem7/inspva,/novatel/oem7/inspva,/novatel/oem7/inspva,39.663,-75.756,-1.801176877,0.000937302,0.000736040,0.000465158,0.000813734,0.000736040,,novatel_oem7_msgs.msg.InertialSolutionStatus(status=3),
1786043678145930404,1786043678.145189145,/novatel/oem7/fix,/novatel/oem7/fix,/novatel/oem7/inspva,39.663,-75.756,-1.801176877,0.000937302,0.000736040,0.000465158,0.000813734,0.000736040,,0,
1786043678146369012,1786043678.145646769,/novatel/oem7/odom,/novatel/oem7/fix,/novatel/oem7/odom,39.663,-75.756,-1.801176877,0.000933886,0.000740370,0.000831660,0.000424835,0.000740370,,,
1786043678156110684,1786043678.155637762,/novatel/oem7/odom,/novatel/oem7/fix,/novatel/oem7/odom,39.663,-75.756,-1.801176877,0.000933886,0.000740370,0.000831660,0.000424835,0.000740370,,,
1786043678166979057,1786043678.166527772,/novatel/oem7/inspva,/novatel/oem7/inspva,/novatel/oem7/inspva,39.663,-75.756,-1.801181078,0.001675132,-0.002973154,0.001542693,-0.000652813,-0.002973154,,novatel_oem7_msgs.msg.InertialSolutionStatus(status=3),
1786043678167596272,1786043678.166680947,/novatel/oem7/fix,/novatel/oem7/fix,/novatel/oem7/inspva,39.663,-75.756,-1.801181078,0.001675132,-0.002973154,0.001542693,-0.000652813,-0.002973154,,0,
1786043678168034589,1786043678.167054074,/novatel/oem7/odom,/novatel/oem7/fix,/novatel/oem7/odom,39.663,-75.756,-1.801181078,0.001678319,-0.002971356,-0.000568807,0.001578991,-0.002971356,,,
1786043678175543769,1786043678.175085730,/novatel/oem7/odom,/novatel/oem7/fix,/novatel/oem7/odom,39.663,-75.756,-1.801181078,0.001678319,-0.002971356,-0.000568807,0.001578991,-0.002971356,,,
1786043678185587727,1786043678.185250674,/novatel/oem7/inspva,/novatel/oem7/inspva,/novatel/oem7/inspva,39.663,-75.756,-1.801146025,0.000892853,-0.002182743,0.000891541,0.000048397,-0.002182743,,novatel_oem7_msgs.msg.InertialSolutionStatus(status=3),
1786043678186176850,1786043678.185411849,/novatel/oem7/fix,/novatel/oem7/fix,/novatel/oem7/inspva,39.663,-75.756,-1.801146025,0.000892853,-0.002182743,0.000891541,0.000048397,-0.002182743,,0,
1786043678186649352,1786043678.185751002,/novatel/oem7/odom,/novatel/oem7/fix,/novatel/oem7/odom,39.663,-75.756,-1.801146025,0.000899266,-0.002180109,0.000098224,0.000893885,-0.002180109,,,
1786043678196123079,1786043678.195644057,/novatel/oem7/odom,/novatel/oem7/fix,/novatel/oem7/odom,39.663,-75.756,-1.801146025,0.000899266,-0.002180109,0.000098224,0.000893885,-0.002180109,,,
1786043678207017013,1786043678.206642568,/novatel/oem7/inspva,/novatel/oem7/inspva,/novatel/oem7/inspva,39.663,-75.756,-1.801114351,0.002073850,-0.000539252,-0.000658026,0.001966687,-0.000539252,,novatel_oem7_msgs.msg.InertialSolutionStatus(status=3),
1786043678207674592,1786043678.206779033,/novatel/oem7/fix,/novatel/oem7/fix,/novatel/oem7/inspva,39.663,-75.756,-1.801114351,0.002073850,-0.000539252,-0.000658026,0.001966687,-0.000539252,,0,
1786043678208141438,1786043678.207271612,/novatel/oem7/odom,/novatel/oem7/fix,/novatel/oem7/odom,39.663,-75.756,-1.801114351,0.002075269,-0.000533768,0.001935943,-0.000747573,-0.000533768,,,
1786043678210581480,1786043678.210252017,/novatel/oem7/bestpos,/novatel/oem7/bestpos,/novatel/oem7/odom,39.663,-75.756,33.181291399,0.002075269,-0.000533768,0.001935943,-0.000747573,-0.000533768,,novatel_oem7_msgs.msg.SolutionStatus(status=0),novatel_oem7_msgs.msg.PositionOrVelocityType(type=53)
1786043678211224631,1786043678.210628015,/novatel/oem7/bestvel,/novatel/oem7/bestpos,/novatel/oem7/bestvel,39.663,-75.756,33.181291399,0.001261449,-0.000683495,,,,79.057072149,novatel_oem7_msgs.msg.SolutionStatus(status=0),novatel_oem7_msgs.msg.PositionOrVelocityType(type=53)
1786043678215259668,1786043678.214906177,/novatel/oem7/odom,/novatel/oem7/bestpos,/novatel/oem7/odom,39.663,-75.756,33.181291399,0.002075269,-0.000533768,0.001935943,-0.000747573,-0.000533768,,,
1786043678226607286,1786043678.226251099,/novatel/oem7/inspva,/novatel/oem7/inspva,/novatel/oem7/inspva,39.663,-75.756,-1.801077707,0.000522077,0.000330298,-0.000498882,0.000153886,0.000330298,,novatel_oem7_msgs.msg.InertialSolutionStatus(status=3),
1786043678227271293,1786043678.226413967,/novatel/oem7/fix,/novatel/oem7/fix,/novatel/oem7/inspva,39.663,-75.756,-1.801077707,0.000522077,0.000330298,-0.000498882,0.000153886,0.000330298,,0,
1786043678227765330,1786043678.226933022,/novatel/oem7/odom,/novatel/oem7/fix,/novatel/oem7/odom,39.663,-75.756,-1.801077707,0.000522579,0.000329502,0.000129201,-0.000506356,0.000329502,,,
1786043678234835448,1786043678.234454670,/novatel/oem7/odom,/novatel/oem7/fix,/novatel/oem7/odom,39.663,-75.756,-1.801077707,0.000522579,0.000329502,0.000129201,-0.000506356,0.000329502,,,
1786043678245638704,1786043678.245287000,/novatel/oem7/inspva,/novatel/oem7/inspva,/novatel/oem7/inspva,39.663,-75.756,-1.801065589,0.002198125,-0.001049501,0.001788913,-0.001277318,-0.001049501,,novatel_oem7_msgs.msg.InertialSolutionStatus(status=3),
1786043678246274617,1786043678.245466732,/novatel/oem7/fix,/novatel/oem7/fix,/novatel/oem7/inspva,39.663,-75.756,-1.801065589,0.002198125,-0.001049501,0.001788913,-0.001277318,-0.001049501,,0,
1786043678246980448,1786043678.246093148,/novatel/oem7/odom,/novatel/oem7/fix,/novatel/oem7/odom,39.663,-75.756,-1.801065589,0.002198193,-0.001049358,-0.001188532,0.001849174,-0.001049358,,,
1786043678257799407,1786043678.257347450,/novatel/oem7/odom,/novatel/oem7/fix,/novatel/oem7/odom,39.663,-75.756,-1.801065589,0.002198193,-0.001049358,-0.001188532,0.001849174,-0.001049358,,,
1786043678265379267,1786043678.265031915,/novatel/oem7/inspva,/novatel/oem7/inspva,/novatel/oem7/inspva,39.663,-75.756,-1.801035894,0.001009996,-0.001481551,0.000811970,-0.000600663,-0.001481551,,novatel_oem7_msgs.msg.InertialSolutionStatus(status=3),
1786043678266033791,1786043678.265207134,/novatel/oem7/fix,/novatel/oem7/fix,/novatel/oem7/inspva,39.663,-75.756,-1.801035894,0.001009996,-0.001481551,0.000811970,-0.000600663,-0.001481551,,0,
1786043678266546900,1786043678.265620638,/novatel/oem7/odom,/novatel/oem7/fix,/novatel/oem7/odom,39.663,-75.756,-1.801035894,0.001009991,-0.001481554,-0.000556462,0.000842872,-0.001481554,,,
1786043678274836306,1786043678.274436025,/novatel/oem7/odom,/novatel/oem7/fix,/novatel/oem7/odom,39.663,-75.756,-1.801035894,0.001009991,-0.001481554,-0.000556462,0.000842872,-0.001481554,,,
1786043678286918116,1786043678.286596418,/novatel/oem7/inspva,/novatel/oem7/inspva,/novatel/oem7/inspva,39.663,-75.756,-1.801008523,0.000914528,-0.001180082,-0.000837206,0.000368032,-0.001180082,,novatel_oem7_msgs.msg.InertialSolutionStatus(status=3),
1786043678287560305,1786043678.286767233,/novatel/oem7/fix,/novatel/oem7/fix,/novatel/oem7/inspva,39.663,-75.756,-1.801008523,0.000914528,-0.001180082,-0.000837206,0.000368032,-0.001180082,,0,
1786043678288011585,1786043678.287214447,/novatel/oem7/odom,/novatel/oem7/fix,/novatel/oem7/odom,39.663,-75.756,-1.801008523,0.000913338,-0.001181003,0.000333157,-0.000850408,-0.001181003,,,
1786043678295132141,1786043678.294808896,/novatel/oem7/odom,/novatel/oem7/fix,/novatel/oem7/odom,39.663,-75.756,-1.801008523,0.000913338,-0.001181003,0.000333157,-0.000850408,-0.001181003,,,
1786043678306167680,1786043678.305834115,/novatel/oem7/inspva,/novatel/oem7/inspva,/novatel/oem7/inspva,39.663,-75.756,-1.800975247,0.001222013,-0.000657276,-0.000998308,0.000704766,-0.000657276,,novatel_oem7_msgs.msg.InertialSolutionStatus(status=3),
1786043678306793438,1786043678.305996483,/novatel/oem7/fix,/novatel/oem7/fix,/novatel/oem7/inspva,39.663,-75.756,-1.800975247,0.001222013,-0.000657276,-0.000998308,0.000704766,-0.000657276,,0,
1786043678307287069,1786043678.306502385,/novatel/oem7/odom,/novatel/oem7/fix,/novatel/oem7/odom,39.663,-75.756,-1.800975247,0.001221944,-0.000657403,0.000659989,-0.001028378,-0.000657403,,,
1786043678309933129,1786043678.309606626,/novatel/oem7/bestpos,/novatel/oem7/bestpos,/novatel/oem7/odom,39.663,-75.756,33.181430333,0.001221944,-0.000657403,0.000659989,-0.001028378,-0.000657403,,novatel_oem7_msgs.msg.SolutionStatus(status=0),novatel_oem7_msgs.msg.PositionOrVelocityType(type=53)
1786043678310759081,1786043678.310476777,/novatel/oem7/bestvel,/novatel/oem7/bestpos,/novatel/oem7/bestvel,39.663,-75.756,33.181430333,0.001037655,-0.000106755,,,,203.591950491,novatel_oem7_msgs.msg.SolutionStatus(status=0),novatel_oem7_msgs.msg.PositionOrVelocityType(type=53)
1786043678316042113,1786043678.315542837,/novatel/oem7/odom,/novatel/oem7/bestpos,/novatel/oem7/odom,39.663,-75.756,33.181430333,0.001221944,-0.000657403,0.000659989,-0.001028378,-0.000657403,,,
1786043678325988124,1786043678.325395435,/novatel/oem7/inspva,/novatel/oem7/inspva,/novatel/oem7/inspva,39.663,-75.756,-1.800941296,0.001495026,0.000776974,0.001184371,-0.000912342,0.000776974,,novatel_oem7_msgs.msg.InertialSolutionStatus(status=3),
1786043678327409341,1786043678.325560493,/novatel/oem7/fix,/novatel/oem7/fix,/novatel/oem7/inspva,39.663,-75.756,-1.800941296,0.001495026,0.000776974,0.001184371,-0.000912342,0.000776974,,0,
1786043678327939640,1786043678.326211593,/novatel/oem7/odom,/novatel/oem7/fix,/novatel/oem7/odom,39.663,-75.756,-1.800941296,0.001495105,0.000776821,-0.000859162,0.001223594,0.000776821,,,
1786043678335175207,1786043678.334821458,/novatel/oem7/odom,/novatel/oem7/fix,/novatel/oem7/odom,39.663,-75.756,-1.800941296,0.001495105,0.000776821,-0.000859162,0.001223594,0.000776821,,,
1786043678346523506,1786043678.346094659,/novatel/oem7/inspva,/novatel/oem7/inspva,/novatel/oem7/inspva,39.663,-75.756,-1.800921202,0.001105395,-0.000230183,0.001012528,-0.000443493,-0.000230183,,novatel_oem7_msgs.msg.InertialSolutionStatus(status=3),
1786043678347193732,1786043678.346248084,/novatel/oem7/fix,/novatel/oem7/fix,/novatel/oem7/inspva,39.663,-75.756,-1.800921202,0.001105395,-0.000230183,0.001012528,-0.000443493,-0.000230183,,0,
1786043678347685930,1786043678.346704459,/novatel/oem7/odom,/novatel/oem7/fix,/novatel/oem7/odom,39.663,-75.756,-1.800921202,0.001105634,-0.000229033,-0.000394938,0.001032691,-0.000229033,,,
1786043678356327173,1786043678.355945896,/novatel/oem7/odom,/novatel/oem7/fix,/novatel/oem7/odom,39.663,-75.756,-1.800921202,0.001105634,-0.000229033,-0.000394938,0.001032691,-0.000229033,,,
1786043678365733397,1786043678.365332559,/novatel/oem7/inspva,/novatel/oem7/inspva,/novatel/oem7/inspva,39.663,-75.756,-1.800911277,0.000552539,-0.002191596,-0.000412403,-0.000367727,-0.002191596,,novatel_oem7_msgs.msg.InertialSolutionStatus(status=3),
1786043678366395052,1786043678.365523158,/novatel/oem7/fix,/novatel/oem7/fix,/novatel/oem7/inspva,39.663,-75.756,-1.800911277,0.000552539,-0.002191596,-0.000412403,-0.000367727,-0.002191596,,0,
1786043678366912303,1786043678.366101010,/novatel/oem7/odom,/novatel/oem7/fix,/novatel/oem7/odom,39.663,-75.756,-1.800911277,0.000542616,-0.002194074,-0.000378131,-0.000389164,-0.002194074,,,
1786043678375824998,1786043678.375445013,/novatel/oem7/odom,/novatel/oem7/fix,/novatel/oem7/odom,39.663,-75.756,-1.800911277,0.000542616,-0.002194074,-0.000378131,-0.000389164,-0.002194074,,,
1786043678385759461,1786043678.385199494,/novatel/oem7/inspva,/novatel/oem7/inspva,/novatel/oem7/inspva,39.663,-75.756,-1.800870756,0.000670266,-0.001111382,-0.000570807,-0.000351334,-0.001111382,,novatel_oem7_msgs.msg.InertialSolutionStatus(status=3),
1786043678387136628,1786043678.385302273,/novatel/oem7/fix,/novatel/oem7/fix,/novatel/oem7/inspva,39.663,-75.756,-1.800870756,0.000670266,-0.001111382,-0.000570807,-0.000351334,-0.001111382,,0,
1786043678388188252,1786043678.385768991,/novatel/oem7/odom,/novatel/oem7/fix,/novatel/oem7/odom,39.663,-75.756,-1.800870756,0.000665489,-0.001114249,-0.000373288,-0.000550937,-0.001114249,,,
1786043678395075113,1786043678.394427400,/novatel/oem7/odom,/novatel/oem7/fix,/novatel/oem7/odom,39.663,-75.756,-1.800870756,0.000665489,-0.001114249,-0.000373288,-0.000550937,-0.001114249,,,
1786043678406329131,1786043678.405856113,/novatel/oem7/inspva,/novatel/oem7/inspva,/novatel/oem7/inspva,39.663,-75.756,-1.800830790,0.000456732,0.001114723,-0.000456279,-0.000020325,0.001114723,,novatel_oem7_msgs.msg.InertialSolutionStatus(status=3),
1786043678407652304,1786043678.405949847,/novatel/oem7/fix,/novatel/oem7/fix,/novatel/oem7/inspva,39.663,-75.756,-1.800830790,0.000456732,0.001114723,-0.000456279,-0.000020325,0.001114723,,0,
1786043678408684717,1786043678.406773002,/novatel/oem7/odom,/novatel/oem7/fix,/novatel/oem7/odom,39.663,-75.756,-1.800830790,0.000460033,0.001113365,-0.000045887,-0.000457739,0.001113365,,,
1786043678410912079,1786043678.410329230,/novatel/oem7/bestpos,/novatel/oem7/bestpos,/novatel/oem7/odom,39.663,-75.756,33.181542202,0.000460033,0.001113365,-0.000045887,-0.000457739,0.001113365,,novatel_oem7_msgs.msg.SolutionStatus(status=0),novatel_oem7_msgs.msg.PositionOrVelocityType(type=53)
1786043678412293807,1786043678.410770043,/novatel/oem7/bestvel,/novatel/oem7/bestpos,/novatel/oem7/bestvel,39.663,-75.756,33.181542202,0.000675969,0.000362832,,,,66.254778705,novatel_oem7_msgs.msg.SolutionStatus(status=0),novatel_oem7_msgs.msg.PositionOrVelocityType(type=53)
1786043678415936963,1786043678.414993250,/novatel/oem7/odom,/novatel/oem7/bestpos,/novatel/oem7/odom,39.663,-75.756,33.181542202,0.000460033,0.001113365,-0.000045887,-0.000457739,0.001113365,,,
1786043678425618441,1786043678.425121220,/novatel/oem7/inspva,/novatel/oem7/inspva,/novatel/oem7/inspva,39.663,-75.756,-1.800802547,0.000452617,0.000909563,-0.000167061,-0.000420658,0.000909563,,novatel_oem7_msgs.msg.InertialSolutionStatus(status=3),
1786043678426955762,1786043678.425214431,/novatel/oem7/fix,/novatel/oem7/fix,/novatel/oem7/inspva,39.663,-75.756,-1.800802547,0.000452617,0.000909563,-0.000167061,-0.000420658,0.000909563,,0,
1786043678428007712,1786043678.425631732,/novatel/oem7/odom,/novatel/oem7/fix,/novatel/oem7/odom,39.663,-75.756,-1.800802547,0.000456733,0.000907504,-0.000431528,-0.000149627,0.000907504,,,
1786043678436236920,1786043678.435581510,/novatel/oem7/odom,/novatel/oem7/fix,/novatel/oem7/odom,39.663,-75.756,-1.800802547,0.000456733,0.000907504,-0.000431528,-0.000149627,0.000907504,,,
1786043678445949245,1786043678.445448664,/novatel/oem7/inspva,/novatel/oem7/inspva,/novatel/oem7/inspva,39.663,-75.756,-1.800801653,0.002177051,-0.002308858,0.000861501,-0.001999342,-0.002308858,,novatel_oem7_msgs.msg.InertialSolutionStatus(status=3),
1786043678447505138,1786043678.445617756,/novatel/oem7/fix,/novatel/oem7/fix,/novatel/oem7/inspva,39.663,-75.756,-1.800801653,0.002177051,-0.002308858,0.000861501,-0.001999342,-0.002308858,,0,
1786043678448570788,1786043678.446793844,/novatel/oem7/odom,/novatel/oem7/fix,/novatel/oem7/odom,39.663,-75.756,-1.800801653,0.002171676,-0.002313915,-0.001948087,0.000959756,-0.002313915,,,
1786043678457082865,1786043678.456405069,/novatel/oem7/odom,/novatel/oem7/fix,/novatel/oem7/odom,39.663,-75.756,-1.800801653,0.002171676,-0.002313915,-0.001948087,0.000959756,-0.002313915,,,
1786043678466835315,1786043678.466258333,/novatel/oem7/inspva,/novatel/oem7/inspva,/novatel/oem7/inspva,39.663,-75.756,-1.800761390,0.001189048,-0.001667945,-0.000066800,-0.001187170,-0.001667945,,novatel_oem7_msgs.msg.InertialSolutionStatus(status=3),
1786043678468214595,1786043678.466476982,/novatel/oem7/fix,/novatel/oem7/fix,/novatel/oem7/inspva,39.663,-75.756,-1.800761390,0.001189048,-0.001667945,-0.000066800,-0.001187170,-0.001667945,,0,
1786043678469284140,1786043678.466868529,/novatel/oem7/odom,/novatel/oem7/fix,/novatel/oem7/odom,39.663,-75.756,-1.800761390,0.001182601,-0.001672522,-0.001182580,-0.000007048,-0.001672522,,,
1786043678475652159,1786043678.474975979,/novatel/oem7/odom,/novatel/oem7/fix,/novatel/oem7/odom,39.663,-75.756,-1.800761390,0.001182601,-0.001672522,-0.001182580,-0.000007048,-0.001672522,,,
1786043678485899334,1786043678.485361545,/novatel/oem7/inspva,/novatel/oem7/inspva,/novatel/oem7/inspva,39.663,-75.756,-1.800717758,0.001480001,0.001324701,-0.001479877,-0.000019107,0.001324701,,novatel_oem7_msgs.msg.InertialSolutionStatus(status=3),
1786043678487253913,1786043678.485553147,/novatel/oem7/fix,/novatel/oem7/fix,/novatel/oem7/inspva,39.663,-75.756,-1.800717758,0.001480001,0.001324701,-0.001479877,-0.000019107,0.001324701,,0,
1786043678488310348,1786043678.486106312,/novatel/oem7/odom,/novatel/oem7/fix,/novatel/oem7/odom,39.663,-75.756,-1.800717758,0.001483750,0.001320500,-0.000093218,-0.001480819,0.001320500,,,
1786043678496176318,1786043678.495514742,/novatel/oem7/odom,/novatel/oem7/fix,/novatel/oem7/odom,39.663,-75.756,-1.800717758,0.001483750,0.001320500,-0.000093218,-0.001480819,0.001320500,,,
1786043678506565478,1786043678.505987908,/novatel/oem7/inspva,/novatel/oem7/inspva,/novatel/oem7/inspva,39.663,-75.756,-1.800696954,0.001181921,0.000365081,-0.001163879,0.000205721,0.000365081,,novatel_oem7_msgs.msg.InertialSolutionStatus(status=3),
1786043678507941578,1786043678.506158364,/novatel/oem7/fix,/novatel/oem7/fix,/novatel/oem7/inspva,39.663,-75.756,-1.800696954,0.001181921,0.000365081,-0.001163879,0.000205721,0.000365081,,0,
1786043678509012845,1786043678.506582144,/novatel/oem7/odom,/novatel/oem7/fix,/novatel/oem7/odom,39.663,-75.756,-1.800696954,0.001182685,0.000362597,0.000149815,-0.001173158,0.000362597,,,
1786043678511784603,1786043678.511101829,/novatel/oem7/bestpos,/novatel/oem7/bestpos,/novatel/oem7/odom,39.663,-75.756,33.181674073,0.001182685,0.000362597,0.000149815,-0.001173158,0.000362597,,novatel_oem7_msgs.msg.SolutionStatus(status=0),novatel_oem7_msgs.msg.PositionOrVelocityType(type=53)
1786043678513285597,1786043678.511534387,/novatel/oem7/bestvel,/novatel/oem7/bestpos,/novatel/oem7/bestvel,39.663,-75.756,33.181674073,0.000664099,-0.000368205,,,,113.007629943,novatel_oem7_msgs.msg.SolutionStatus(status=0),novatel_oem7_msgs.msg.PositionOrVelocityType(type=53)
1786043678515982644,1786043678.514710251,/novatel/oem7/odom,/novatel/oem7/bestpos,/novatel/oem7/odom,39.663,-75.756,33.181674073,0.001182685,0.000362597,0.000149815,-0.001173158,0.000362597,,,
1786043678527173635,1786043678.526516478,/novatel/oem7/inspva,/novatel/oem7/inspva,/novatel/oem7/inspva,39.663,-75.756,-1.800683141,0.001695698,-0.000602105,0.000804958,-0.001492460,-0.000602105,,novatel_oem7_msgs.msg.InertialSolutionStatus(status=3),
1786043678528608519,1786043678.526759261,/novatel/oem7/fix,/novatel/oem7/fix,/novatel/oem7/inspva,39.663,-75.756,-1.800683141,0.001695698,-0.000602105,0.000804958,-0.001492460,-0.000602105,,0,
1786043678529693983,1786043678.527146647,/novatel/oem7/odom,/novatel/oem7/fix,/novatel/oem7/odom,39.663,-75.756,-1.800683141,0.001694517,-0.000605423,-0.001450967,0.000875261,-0.000605423,,,
1786043678535958731,1786043678.535084960,/novatel/oem7/odom,/novatel/oem7/fix,/novatel/oem7/odom,39.663,-75.756,-1.800683141,0.001694517,-0.000605423,-0.001450967,0.000875261,-0.000605423,,,
1786043678545555529,1786043678.544948407,/novatel/oem7/inspva,/novatel/oem7/inspva,/novatel/oem7/inspva,39.663,-75.756,-1.800655650,0.001147480,-0.001723265,0.000071767,-0.001145234,-0.001723265,,novatel_oem7_msgs.msg.InertialSolutionStatus(status=3),
1786043678547073221,1786043678.545128765,/novatel/oem7/fix,/novatel/oem7/fix,/novatel/oem7/inspva,39.663,-75.756,-1.800655650,0.001147480,-0.001723265,0.000071767,-0.001145234,-0.001723265,,0,
1786043678548144922,1786043678.545539903,/novatel/oem7/odom,/novatel/oem7/fix,/novatel/oem7/odom,39.663,-75.756,-1.800655650,0.001141388,-0.001727306,-0.001134006,0.000129608,-0.001727306,,,
1786043678556407266,1786043678.555666603,/novatel/oem7/odom,/novatel/oem7/fix,/novatel/oem7/odom,39.663,-75.756,-1.800655650,0.001141388,-0.001727306,-0.001134006,0.000129608,-0.001727306,,,
1786043678565840970,1786043678.565265474,/novatel/oem7/inspva,/novatel/oem7/inspva,/novatel/oem7/inspva,39.663,-75.756,-1.800619782,0.001474972,0.000183244,-0.001474003,-0.000053475,0.000183244,,novatel_oem7_msgs.msg.InertialSolutionStatus(status=3),
1786043678567284914,1786043678.565436162,/novatel/oem7/fix,/novatel/oem7/fix,/novatel/oem7/inspva,39.663,-75.756,-1.800619782,0.001474972,0.000183244,-0.001474003,-0.000053475,0.000183244,,0,
1786043678568345961,1786043678.566124336,/novatel/oem7/odom,/novatel/oem7/fix,/novatel/oem7/odom,39.663,-75.756,-1.800619782,0.001475505,0.000178902,-0.000122855,-0.001470382,0.000178902,,,
1786043678575767365,1786043678.574909349,/novatel/oem7/odom,/novatel/oem7/fix,/novatel/oem7/odom,39.663,-75.756,-1.800619782,0.001475505,0.000178902,-0.000122855,-0.001470382,0.000178902,,,
1786043678586681469,1786043678.586062869,/novatel/oem7/inspva,/novatel/oem7/inspva,/novatel/oem7/inspva,39.663,-75.756,-1.800585989,0.001273368,0.000826294,-0.001246497,0.000260209,0.000826294,,novatel_oem7_msgs.msg.InertialSolutionStatus(status=3),
1786043678588042493,1786043678.586214711,/novatel/oem7/fix,/novatel/oem7/fix,/novatel/oem7/inspva,39.663,-75.756,-1.800585989,0.001273368,0.000826294,-0.001246497,0.000260209,0.000826294,,0,
1786043678589102659,1786043678.586664672,/novatel/oem7/odom,/novatel/oem7/fix,/novatel/oem7/odom,39.663,-75.756,-1.800585989,0.001275015,0.000823750,0.000198591,-0.001259454,0.000823750,,,
1786043678595319735,1786043678.594629878,/novatel/oem7/odom,/novatel/oem7/fix,/novatel/oem7/odom,39.663,-75.756,-1.800585989,0.001275015,0.000823750,0.000198591,-0.001259454,0.000823750,,,
1786043678607036913,1786043678.606417697,/novatel/oem7/inspva,/novatel/oem7/inspva,/novatel/oem7/inspva,39.663,-75.756,-1.800565703,0.001166501,0.000191090,0.000317271,-0.001122525,0.000191090,,novatel_oem7_msgs.msg.InertialSolutionStatus(status=3),
1786043678608391530,1786043678.606592752,/novatel/oem7/fix,/novatel/oem7/fix,/novatel/oem7/inspva,39.663,-75.756,-1.800565703,0.001166501,0.000191090,0.000317271,-0.001122525,0.000191090,,0,
1786043678609522328,1786043678.607034844,/novatel/oem7/odom,/novatel/oem7/fix,/novatel/oem7/odom,39.663,-75.756,-1.800565703,0.001167039,0.000187774,-0.001107240,0.000368780,0.000187774,,,
1786043678611063320,1786043678.610085230,/novatel/oem7/bestpos,/novatel/oem7/bestpos,/novatel/oem7/odom,39.663,-75.756,33.181787889,0.001167039,0.000187774,-0.001107240,0.000368780,0.000187774,,novatel_oem7_msgs.msg.SolutionStatus(status=0),novatel_oem7_msgs.msg.PositionOrVelocityType(type=53)
1786043678611995809,1786043678.610489898,/novatel/oem7/bestvel,/novatel/oem7/bestpos,/novatel/oem7/bestvel,39.663,-75.756,33.181787889,0.000556884,-0.000580232,,,,12.126118248,novatel_oem7_msgs.msg.SolutionStatus(status=0),novatel_oem7_msgs.msg.PositionOrVelocityType(type=53)
1786043678616195897,1786043678.615531137,/novatel/oem7/odom,/novatel/oem7/bestpos,/novatel/oem7/odom,39.663,-75.756,33.181787889,0.001167039,0.000187774,-0.001107240,0.000368780,0.000187774,,,
1786043678625974501,1786043678.625429428,/novatel/oem7/inspva,/novatel/oem7/inspva,/novatel/oem7/inspva,39.663,-75.756,-1.800537122,0.001097810,-0.000550960,0.000516988,-0.000968458,-0.000550960,,novatel_oem7_msgs.msg.InertialSolutionStatus(status=3),
1786043678627343571,1786043678.625591680,/novatel/oem7/fix,/novatel/oem7/fix,/novatel/oem7/inspva,39.663,-75.756,-1.800537122,0.001097810,-0.000550960,0.000516988,-0.000968458,-0.000550960,,0,
1786043678628400404,1786043678.626016644,/novatel/oem7/odom,/novatel/oem7/fix,/novatel/oem7/odom,39.663,-75.756,-1.800537122,0.001096725,-0.000553119,-0.000941165,0.000563039,-0.000553119,,,
1786043678635270149,1786043678.634590849,/novatel/oem7/odom,/novatel/oem7/fix,/novatel/oem7/odom,39.663,-75.756,-1.800537122,0.001096725,-0.000553119,-0.000941165,0.000563039,-0.000553119,,,
1786043678647809729,1786043678.647214393,/novatel/oem7/inspva,/novatel/oem7/inspva,/novatel/oem7/inspva,39.663,-75.756,-1.800515693,0.002063097,-0.001158579,-0.002015614,-0.000440077,-0.001158579,,novatel_oem7_msgs.msg.InertialSolutionStatus(status=3),
1786043678649174117,1786043678.647405442,/novatel/oem7/fix,/novatel/oem7/fix,/novatel/oem7/inspva,39.663,-75.756,-1.800515693,0.002063097,-0.001158579,-0.002015614,-0.000440077,-0.001158579,,0,
1786043678650241863,1786043678.647880694,/novatel/oem7/odom,/novatel/oem7/fix,/novatel/oem7/odom,39.663,-75.756,-1.800515693,0.002058994,-0.001165854,-0.000529142,-0.001989841,-0.001165854,,,
1786043678657338950,1786043678.656615770,/novatel/oem7/odom,/novatel/oem7/fix,/novatel/oem7/odom,39.663,-75.756,-1.800515693,0.002058994,-0.001165854,-0.000529142,-0.001989841,-0.001165854,,,
1786043678665709123,1786043678.665136660,/novatel/oem7/inspva,/novatel/oem7/inspva,/novatel/oem7/inspva,39.663,-75.756,-1.800473691,0.001826981,0.000145158,-0.001825172,-0.000081279,0.000145158,,novatel_oem7_msgs.msg.InertialSolutionStatus(status=3),
1786043678667091737,1786043678.665315829,/novatel/oem7/fix,/novatel/oem7/fix,/novatel/oem7/inspva,39.663,-75.756,-1.800473691,0.001826981,0.000145158,-0.001825172,-0.000081279,0.000145158,,0,
1786043678668160387,1786043678.665740173,/novatel/oem7/odom,/novatel/oem7/fix,/novatel/oem7/odom,39.663,-75.756,-1.800473691,0.001827404,0.000139728,-0.000166877,-0.001819768,0.000139728,,,
1786043678676384325,1786043678.675670281,/novatel/oem7/odom,/novatel/oem7/fix,/novatel/oem7/odom,39.663,-75.756,-1.800473691,0.001827404,0.000139728,-0.000166877,-0.001819768,0.000139728,,,
1786043678686029147,1786043678.685459465,/novatel/oem7/inspva,/novatel/oem7/inspva,/novatel/oem7/inspva,39.663,-75.756,-1.800442955,0.000894115,0.001038981,-0.000300100,-0.000842248,0.001038981,,novatel_oem7_msgs.msg.InertialSolutionStatus(status=3),
1786043678687385894,1786043678.685614607,/novatel/oem7/fix,/novatel/oem7/fix,/novatel/oem7/inspva,39.663,-75.756,-1.800442955,0.000894115,0.001038981,-0.000300100,-0.000842248,0.001038981,,0,
1786043678688493091,1786043678.686412271,/novatel/oem7/odom,/novatel/oem7/fix,/novatel/oem7/odom,39.663,-75.756,-1.800442955,0.000898765,0.001034961,-0.000859362,-0.000263201,0.001034961,,,
1786043678695396633,1786043678.694690076,/novatel/oem7/odom,/novatel/oem7/fix,/novatel/oem7/odom,39.663,-75.756,-1.800442955,0.000898765,0.001034961,-0.000859362,-0.000263201,0.001034961,,,
1786043678706589830,1786043678.706015641,/novatel/oem7/inspva,/novatel/oem7/inspva,/novatel/oem7/inspva,39.663,-75.756,-1.800416706,0.000916271,-0.000059843,0.000087153,-0.000912117,-0.000059843,,novatel_oem7_msgs.msg.InertialSolutionStatus(status=3),
1786043678707940000,1786043678.706168933,/novatel/oem7/fix,/novatel/oem7/fix,/novatel/oem7/inspva,39.663,-75.756,-1.800416706,0.000916271,-0.000059843,0.000087153,-0.000912117,-0.000059843,,0,
1786043678708983384,1786043678.706592280,/novatel/oem7/odom,/novatel/oem7/fix,/novatel/oem7/odom,39.663,-75.756,-1.800416706,0.000916058,-0.000063016,-0.000906820,0.000129769,-0.000063016,,,
1786043678710485195,1786043678.709175826,/novatel/oem7/bestpos,/novatel/oem7/bestpos,/novatel/oem7/odom,39.663,-75.756,33.181942912,0.000916058,-0.000063016,-0.000906820,0.000129769,-0.000063016,,novatel_oem7_msgs.msg.SolutionStatus(status=0),novatel_oem7_msgs.msg.PositionOrVelocityType(type=53)
1786043678711411001,1786043678.709534256,/novatel/oem7/bestvel,/novatel/oem7/bestpos,/novatel/oem7/bestvel,39.663,-75.756,33.181942912,0.000145134,-0.000417421,,,,277.887714488,novatel_oem7_msgs.msg.SolutionStatus(status=0),novatel_oem7_msgs.msg.PositionOrVelocityType(type=53)
1786043678715620919,1786043678.715235582,/novatel/oem7/odom,/novatel/oem7/bestpos,/novatel/oem7/odom,39.663,-75.756,33.181942912,0.000916058,-0.000063016,-0.000906820,0.000129769,-0.000063016,,,
1786043678725397752,1786043678.725102707,/novatel/oem7/inspva,/novatel/oem7/inspva,/novatel/oem7/inspva,39.663,-75.756,-1.800407270,0.001419878,-0.001715649,-0.001409139,-0.000174297,-0.001715649,,novatel_oem7_msgs.msg.InertialSolutionStatus(status=3),
1786043678726523787,1786043678.725191580,/novatel/oem7/fix,/novatel/oem7/fix,/novatel/oem7/inspva,39.663,-75.756,-1.800407270,0.001419878,-0.001715649,-0.001409139,-0.000174297,-0.001715649,,0,
1786043678727479718,1786043678.725687705,/novatel/oem7/odom,/novatel/oem7/fix,/novatel/oem7/odom,39.663,-75.756,-1.800407270,0.001414351,-0.001720208,-0.000233296,-0.001394977,-0.001720208,,,
1786043678736161781,1786043678.735608837,/novatel/oem7/odom,/novatel/oem7/fix,/novatel/oem7/odom,39.663,-75.756,-1.800407270,0.001414351,-0.001720208,-0.000233296,-0.001394977,-0.001720208,,,
1786043678745618048,1786043678.745126447,/novatel/oem7/inspva,/novatel/oem7/inspva,/novatel/oem7/inspva,39.663,-75.756,-1.800369863,0.001662110,-0.000952633,-0.001586467,-0.000495712,-0.000952633,,novatel_oem7_msgs.msg.InertialSolutionStatus(status=3),
1786043678746241848,1786043678.745304156,/novatel/oem7/fix,/novatel/oem7/fix,/novatel/oem7/inspva,39.663,-75.756,-1.800369863,0.001662110,-0.000952633,-0.001586467,-0.000495712,-0.000952633,,0,
1786043678746734006,1786043678.745731427,/novatel/oem7/odom,/novatel/oem7/fix,/novatel/oem7/odom,39.663,-75.756,-1.800369863,0.001658515,-0.000958879,-0.000565528,-0.001559118,-0.000958879,,,
1786043678756388642,1786043678.755924607,/novatel/oem7/odom,/novatel/oem7/fix,/novatel/oem7/odom,39.663,-75.756,-1.800369863,0.001658515,-0.000958879,-0.000565528,-0.001559118,-0.000958879,,,
1786043678766909698,1786043678.766450761,/novatel/oem7/inspva,/novatel/oem7/inspva,/novatel/oem7/inspva,39.663,-75.756,-1.800326886,0.000544272,0.001779917,-0.000495401,-0.000225411,0.001779917,,novatel_oem7_msgs.msg.InertialSolutionStatus(status=3),
1786043678767627655,1786043678.766637240,/novatel/oem7/fix,/novatel/oem7/fix,/novatel/oem7/inspva,39.663,-75.756,-1.800326886,0.000544272,0.001779917,-0.000495401,-0.000225411,0.001779917,,0,
1786043678768142833,1786043678.767128287,/novatel/oem7/odom,/novatel/oem7/fix,/novatel/oem7/odom,39.663,-75.756,-1.800326886,0.000551554,0.001777674,-0.000255152,-0.000488988,0.001777674,,,
1786043678775397495,1786043678.775018953,/novatel/oem7/odom,/novatel/oem7/fix,/novatel/oem7/odom,39.663,-75.756,-1.800326886,0.000551554,0.001777674,-0.000255152,-0.000488988,0.001777674,,,
1786043678785208968,1786043678.784940649,/novatel/oem7/inspva,/novatel/oem7/inspva,/novatel/oem7/inspva,39.663,-75.756,-1.800303265,0.000917595,0.000526842,-0.000445843,-0.000802000,0.000526842,,novatel_oem7_msgs.msg.InertialSolutionStatus(status=3),
1786043678785798624,1786043678.785026682,/novatel/oem7/fix,/novatel/oem7/fix,/novatel/oem7/inspva,39.663,-75.756,-1.800303265,0.000917595,0.000526842,-0.000445843,-0.000802000,0.000526842,,0,
1786043678786240971,1786043678.785426857,/novatel/oem7/odom,/novatel/oem7/fix,/novatel/oem7/odom,39.663,-75.756,-1.800303265,0.000920020,0.000522596,-0.000823963,-0.000409294,0.000522596,,,
1786043678795841312,1786043678.795463815,/novatel/oem7/odom,/novatel/oem7/fix,/novatel/oem7/odom,39.663,-75.756,-1.800303265,0.000920020,0.000522596,-0.000823963,-0.000409294,0.000522596,,,
1786043678807399221,1786043678.807087943,/novatel/oem7/inspva,/novatel/oem7/inspva,/novatel/oem7/inspva,39.663,-75.756,-1.800296203,0.000707673,-0.001614012,-0.000347230,-0.000616630,-0.001614012,,novatel_oem7_msgs.msg.InertialSolutionStatus(status=3),
1786043678808005557,1786043678.807265638,/novatel/oem7/fix,/novatel/oem7/fix,/novatel/oem7/inspva,39.663,-75.756,-1.800296203,0.000707673,-0.001614012,-0.000347230,-0.000616630,-0.001614012,,0,
1786043678808481544,1786043678.807744773,/novatel/oem7/odom,/novatel/oem7/fix,/novatel/oem7/odom,39.663,-75.756,-1.800296203,0.000700284,-0.001617231,-0.000626006,-0.000313870,-0.001617231,,,
1786043678810583255,1786043678.810270908,/novatel/oem7/bestpos,/novatel/oem7/bestpos,/novatel/oem7/odom,39.663,-75.756,33.182089674,0.000700284,-0.001617231,-0.000626006,-0.000313870,-0.001617231,,novatel_oem7_msgs.msg.SolutionStatus(status=0),novatel_oem7_msgs.msg.PositionOrVelocityType(type=53)
1786043678811215752,1786043678.810662272,/novatel/oem7/bestvel,/novatel/oem7/bestpos,/novatel/oem7/bestvel,39.663,-75.756,33.182089674,0.001954385,-0.000959821,,,,260.982766624,novatel_oem7_msgs.msg.SolutionStatus(status=0),novatel_oem7_msgs.msg.PositionOrVelocityType(type=53)
1786043678815252631,1786043678.814946887,/novatel/oem7/odom,/novatel/oem7/bestpos,/novatel/oem7/odom,39.663,-75.756,33.182089674,0.000700284,-0.001617231,-0.000626006,-0.000313870,-0.001617231,,,
1786043678826252899,1786043678.825996913,/novatel/oem7/inspva,/novatel/oem7/inspva,/novatel/oem7/inspva,39.663,-75.756,-1.800255626,0.001440510,-0.000828613,-0.001437216,-0.000097366,-0.000828613,,novatel_oem7_msgs.msg.InertialSolutionStatus(status=3),
1786043678826857828,1786043678.826076930,/novatel/oem7/fix,/novatel/oem7/fix,/novatel/oem7/inspva,39.663,-75.756,-1.800255626,0.001440510,-0.000828613,-0.001437216,-0.000097366,-0.000828613,,0,
1786043678827368267,1786043678.826486979,/novatel/oem7/odom,/novatel/oem7/fix,/novatel/oem7/odom,39.663,-75.756,-1.800255626,0.001437991,-0.000832978,-0.000161153,-0.001428932,-0.000832978,,,
1786043678835085780,1786043678.834631958,/novatel/oem7/odom,/novatel/oem7/fix,/novatel/oem7/odom,39.663,-75.756,-1.800255626,0.001437991,-0.000832978,-0.000161153,-0.001428932,-0.000832978,,,
1786043678845651517,1786043678.845239939,/novatel/oem7/inspva,/novatel/oem7/inspva,/novatel/oem7/inspva,39.663,-75.756,-1.800198309,0.001529303,0.002342633,-0.001503838,0.000277915,0.002342633,,novatel_oem7_msgs.msg.InertialSolutionStatus(status=3),
1786043678846316536,1786043678.845458969,/novatel/oem7/fix,/novatel/oem7/fix,/novatel/oem7/inspva,39.663,-75.756,-1.800198309,0.001529303,0.002342633,-0.001503838,0.000277915,0.002342633,,0,
1786043678846822954,1786043678.845953630,/novatel/oem7/odom,/novatel/oem7/fix,/novatel/oem7/odom,39.663,-75.756,-1.800198309,0.001534185,0.002339438,0.000198389,-0.001521304,0.002339438,,,
1786043678856969422,1786043678.856264828,/novatel/oem7/odom,/novatel/oem7/fix,/novatel/oem7/odom,39.663,-75.756,-1.800198309,0.001534185,0.002339438,0.000198389,-0.001521304,0.002339438,,,
1786043678866487259,1786043678.866037675,/novatel/oem7/inspva,/novatel/oem7/inspva,/novatel/oem7/inspva,39.663,-75.756,-1.800168914,0.001093666,0.001540460,-0.001069602,-0.000228162,0.001540460,,novatel_oem7_msgs.msg.InertialSolutionStatus(status=3),
1786043678867168455,1786043678.866212990,/novatel/oem7/fix,/novatel/oem7/fix,/novatel/oem7/inspva,39.663,-75.756,-1.800168914,0.001093666,0.001540460,-0.001069602,-0.000228162,0.001540460,,0,
1786043678867683855,1786043678.866665991,/novatel/oem7/odom,/novatel/oem7/fix,/novatel/oem7/odom,39.663,-75.756,-1.800168914,0.001099067,0.001536611,-0.000283770,-0.001061802,0.001536611,,,
1786043678875225004,1786043678.874795228,/novatel/oem7/odom,/novatel/oem7/fix,/novatel/oem7/odom,39.663,-75.756,-1.800168914,0.001099067,0.001536611,-0.000283770,-0.001061802,0.001536611,,,
1786043678885847649,1786043678.885441297,/novatel/oem7/inspva,/novatel/oem7/inspva,/novatel/oem7/inspva,39.663,-75.756,-1.800166971,0.000914584,-0.001596369,-0.000501739,-0.000764671,-0.001596369,,novatel_oem7_msgs.msg.InertialSolutionStatus(status=3),
1786043678886449054,1786043678.885611078,/novatel/oem7/fix,/novatel/oem7/fix,/novatel/oem7/inspva,39.663,-75.756,-1.800166971,0.000914584,-0.001596369,-0.000501739,-0.000764671,-0.001596369,,0,
1786043678886905477,1786043678.886186421,/novatel/oem7/odom,/novatel/oem7/fix,/novatel/oem7/odom,39.663,-75.756,-1.800166971,0.000907213,-0.001600570,-0.000781150,-0.000461346,-0.001600570,,,
1786043678895944085,1786043678.895592117,/novatel/oem7/odom,/novatel/oem7/fix,/novatel/oem7/odom,39.663,-75.756,-1.800166971,0.000907213,-0.001600570,-0.000781150,-0.000461346,-0.001600570,,,
1786043678906369131,1786043678.905905122,/novatel/oem7/inspva,/novatel/oem7/inspva,/novatel/oem7/inspva,39.663,-75.756,-1.800126855,0.001346733,-0.000914521,-0.001196942,-0.000617268,-0.000914521,,novatel_oem7_msgs.msg.InertialSolutionStatus(status=3),
1786043678906946221,1786043678.906067504,/novatel/oem7/fix,/novatel/oem7/fix,/novatel/oem7/inspva,39.663,-75.756,-1.800126855,0.001346733,-0.000914521,-0.001196942,-0.000617268,-0.000914521,,0,
1786043678907443055,1786043678.906468573,/novatel/oem7/odom,/novatel/oem7/fix,/novatel/oem7/odom,39.663,-75.756,-1.800126855,0.001342910,-0.000920126,-0.000668947,-0.001164438,-0.000920126,,,
1786043678909866539,1786043678.909564759,/novatel/oem7/bestpos,/novatel/oem7/bestpos,/novatel/oem7/odom,39.663,-75.756,33.182249151,0.001342910,-0.000920126,-0.000668947,-0.001164438,-0.000920126,,novatel_oem7_msgs.msg.SolutionStatus(status=0),novatel_oem7_msgs.msg.PositionOrVelocityType(type=53)
1786043678910494642,1786043678.910205935,/novatel/oem7/bestvel,/novatel/oem7/bestpos,/novatel/oem7/bestvel,39.663,-75.756,33.182249151,0.001880367,-0.000487145,,,,212.295435345,novatel_oem7_msgs.msg.SolutionStatus(status=0),novatel_oem7_msgs.msg.PositionOrVelocityType(type=53)
1786043678915045235,1786043678.914674129,/novatel/oem7/odom,/novatel/oem7/bestpos,/novatel/oem7/odom,39.663,-75.756,33.182249151,0.001342910,-0.000920126,-0.000668947,-0.001164438,-0.000920126,,,
1786043678926961188,1786043678.926675304,/novatel/oem7/inspva,/novatel/oem7/inspva,/novatel/oem7/inspva,39.663,-75.756,-1.800080735,0.002034555,0.001330077,-0.001960368,0.000544399,0.001330077,,novatel_oem7_msgs.msg.InertialSolutionStatus(status=3),
1786043678927591232,1786043678.926826069,/novatel/oem7/fix,/novatel/oem7/fix,/novatel/oem7/inspva,39.663,-75.756,-1.800080735,0.002034555,0.001330077,-0.001960368,0.000544399,0.001330077,,0,
1786043678928256118,1786043678.927276314,/novatel/oem7/odom,/novatel/oem7/fix,/novatel/oem7/odom,39.663,-75.756,-1.800080735,0.002036815,0.001326614,0.000447209,-0.001987113,0.001326614,,,
1786043678935410016,1786043678.935099382,/novatel/oem7/odom,/novatel/oem7/fix,/novatel/oem7/odom,39.663,-75.756,-1.800080735,0.002036815,0.001326614,0.000447209,-0.001987113,0.001326614,,,
1786043678945472031,1786043678.945177897,/novatel/oem7/inspva,/novatel/oem7/inspva,/novatel/oem7/inspva,39.663,-75.756,-1.800048221,0.001716716,0.001522896,-0.001673795,-0.000381476,0.001522896,,novatel_oem7_msgs.msg.InertialSolutionStatus(status=3),
1786043678946038611,1786043678.945325405,/novatel/oem7/fix,/novatel/oem7/fix,/novatel/oem7/inspva,39.663,-75.756,-1.800048221,0.001716716,0.001522896,-0.001673795,-0.000381476,0.001522896,,0,
1786043678946501306,1786043678.945667522,/novatel/oem7/odom,/novatel/oem7/fix,/novatel/oem7/odom,39.663,-75.756,-1.800048221,0.001722089,0.001516817,-0.000465036,-0.001658111,0.001516817,,,
1786043678956218680,1786043678.955906983,/novatel/oem7/odom,/novatel/oem7/fix,/novatel/oem7/odom,39.663,-75.756,-1.800048221,0.001722089,0.001516817,-0.000465036,-0.001658111,0.001516817,,,
1786043678965651416,1786043678.965352610,/novatel/oem7/inspva,/novatel/oem7/inspva,/novatel/oem7/inspva,39.663,-75.756,-1.800053311,0.001230527,-0.001387311,-0.000263148,-0.001202060,-0.001387311,,novatel_oem7_msgs.msg.InertialSolutionStatus(status=3),
1786043678966219908,1786043678.965551728,/novatel/oem7/fix,/novatel/oem7/fix,/novatel/oem7/inspva,39.663,-75.756,-1.800053311,0.001230527,-0.001387311,-0.000263148,-0.001202060,-0.001387311,,0,
1786043678966875011,1786043678.966090655,/novatel/oem7/odom,/novatel/oem7/fix,/novatel/oem7/odom,39.663,-75.756,-1.800053311,0.001224661,-0.001392492,-0.001207694,-0.000203146,-0.001392492,,,
1786043678975544400,1786043678.974862256,/novatel/oem7/odom,/novatel/oem7/fix,/novatel/oem7/odom,39.663,-75.756,-1.800053311,0.001224661,-0.001392492,-0.001207694,-0.000203146,-0.001392492,,,
1786043678987251366,1786043678.986028290,/novatel/oem7/inspva,/novatel/oem7/inspva,/novatel/oem7/inspva,39.663,-75.756,-1.800022448,0.001232201,-0.000820670,-0.000835617,-0.000905573,-0.000820670,,novatel_oem7_msgs.msg.InertialSolutionStatus(status=3),
1786043678989102741,1786043678.986255592,/novatel/oem7/fix,/novatel/oem7/fix,/novatel/oem7/inspva,39.663,-75.756,-1.800022448,0.001232201,-0.000820670,-0.000835617,-0.000905573,-0.000820670,,0,
1786043678990469571,1786043678.987050157,/novatel/oem7/odom,/novatel/oem7/fix,/novatel/oem7/odom,39.663,-75.756,-1.800022448,0.001228416,-0.000826325,-0.000940452,-0.000790288,-0.000826325,,,
1786043678995562834,1786043678.994549301,/novatel/oem7/odom,/novatel/oem7/fix,/novatel/oem7/odom,39.663,-75.756,-1.800022448,0.001228416,-0.000826325,-0.000940452,-0.000790288,-0.000826325,,,
1786043679010706208,1786043679.009838129,/novatel/oem7/inspva,/novatel/oem7/inspva,/novatel/oem7/inspva,39.663,-75.756,-1.799983134,0.002946211,0.001037716,-0.002921732,0.000379000,0.001037716,,novatel_oem7_msgs.msg.InertialSolutionStatus(status=3),
1786043679012398491,1786043679.010058864,/novatel/oem7/fix,/novatel/oem7/fix,/novatel/oem7/inspva,39.663,-75.756,-1.799983134,0.002946211,0.001037716,-0.002921732,0.000379000,0.001037716,,0,
1786043679013539842,1786043679.011321877,/novatel/oem7/odom,/novatel/oem7/fix,/novatel/oem7/odom,39.663,-75.756,-1.799983134,0.002948595,0.001030921,0.000238234,-0.002938955,0.001030921,,,
1786043679016876069,1786043679.016246076,/novatel/oem7/odom,/novatel/oem7/fix,/novatel/oem7/odom,39.663,-75.756,-1.799983134,0.002948595,0.001030921,0.000238234,-0.002938955,0.001030921,,,
1786043679026103283,1786043679.025437549,/novatel/oem7/bestpos,/novatel/oem7/bestpos,/novatel/oem7/odom,39.663,-75.756,33.182382593,0.002948595,0.001030921,0.000238234,-0.002938955,0.001030921,,novatel_oem7_msgs.msg.SolutionStatus(status=0),novatel_oem7_msgs.msg.PositionOrVelocityType(type=53)
1786043679027698679,1786043679.026266428,/novatel/oem7/bestvel,/novatel/oem7/bestpos,/novatel/oem7/bestvel,39.663,-75.756,33.182382593,0.002578370,0.000985324,,,,177.931027477,novatel_oem7_msgs.msg.SolutionStatus(status=0),novatel_oem7_msgs.msg.PositionOrVelocityType(type=53)
1786043679028661401,1786043679.026688809,/novatel/oem7/inspva,/novatel/oem7/inspva,/novatel/oem7/inspva,39.663,-75.756,-1.799947186,0.002476417,0.001088624,-0.002475480,-0.000068104,0.001088624,,novatel_oem7_msgs.msg.InertialSolutionStatus(status=3),
1786043679029530757,1786043679.026844480,/novatel/oem7/fix,/novatel/oem7/fix,/novatel/oem7/inspva,39.663,-75.756,-1.799947186,0.002476417,0.001088624,-0.002475480,-0.000068104,0.001088624,,0,
1786043679031122493,1786043679.027382112,/novatel/oem7/odom,/novatel/oem7/fix,/novatel/oem7/odom,39.663,-75.756,-1.799947186,0.002479560,0.001081445,-0.000187729,-0.002472443,0.001081445,,,
1786043679035688344,1786043679.034723231,/novatel/oem7/odom,/novatel/oem7/fix,/novatel/oem7/odom,39.663,-75.756,-1.799947186,0.002479560,0.001081445,-0.000187729,-0.002472443,0.001081445,,,
1786043679047502001,1786043679.046602162,/novatel/oem7/inspva,/novatel/oem7/inspva,/novatel/oem7/inspva,39.663,-75.756,-1.799946938,0.001186652,0.000143750,-0.000591021,-0.001028998,0.000143750,,novatel_oem7_msgs.msg.InertialSolutionStatus(status=3),
1786043679049548508,1786043679.046869875,/novatel/oem7/fix,/novatel/oem7/fix,/novatel/oem7/inspva,39.663,-75.756,-1.799946938,0.001186652,0.000143750,-0.000591021,-0.001028998,0.000143750,,0,
1786043679051262688,1786043679.047567345,/novatel/oem7/odom,/novatel/oem7/fix,/novatel/oem7/odom,39.663,-75.756,-1.799946938,0.001187303,0.000138270,-0.001056001,-0.000542726,0.000138270,,,
1786043679057690165,1786043679.056901277,/novatel/oem7/odom,/novatel/oem7/fix,/novatel/oem7/odom,39.663,-75.756,-1.799946938,0.001187303,0.000138270,-0.001056001,-0.000542726,0.000138270,,,
1786043679067552776,1786043679.065458292,/novatel/oem7/inspva,/novatel/oem7/inspva,/novatel/oem7/inspva,39.663,-75.756,-1.799947714,0.001561077,-0.000054100,-0.001082084,-0.001125191,-0.000054100,,novatel_oem7_msgs.msg.InertialSolutionStatus(status=3),
1786043679068955549,1786043679.065764995,/novatel/oem7/fix,/novatel/oem7/fix,/novatel/oem7/inspva,39.663,-75.756,-1.799947714,0.001561077,-0.000054100,-0.001082084,-0.001125191,-0.000054100,,0,
1786043679070484331,1786043679.066683956,/novatel/oem7/odom,/novatel/oem7/fix,/novatel/oem7/odom,39.663,-75.756,-1.799947714,0.001560811,-0.000061296,-0.001174252,-0.001028234,-0.000061296,,,
1786043679076944922,1786043679.075775457,/novatel/oem7/odom,/novatel/oem7/fix,/novatel/oem7/odom,39.663,-75.756,-1.799947714,0.001560811,-0.000061296,-0.001174252,-0.001028234,-0.000061296,,,
1786043679086085806,1786043679.085332766,/novatel/oem7/inspva,/novatel/oem7/inspva,/novatel/oem7/inspva,39.663,-75.756,-1.799934527,0.002860233,0.000516857,-0.002843386,-0.000309983,0.000516857,,novatel_oem7_msgs.msg.InertialSolutionStatus(status=3),
1786043679087752052,1786043679.085454202,/novatel/oem7/fix,/novatel/oem7/fix,/novatel/oem7/inspva,39.663,-75.756,-1.799934527,0.002860233,0.000516857,-0.002843386,-0.000309983,0.000516857,,0,
1786043679088746765,1786043679.086120049,/novatel/oem7/odom,/novatel/oem7/fix,/novatel/oem7/odom,39.663,-75.756,-1.799934527,0.002861865,0.000507743,-0.000444344,-0.002827159,0.000507743,,,
1786043679095531519,1786043679.094871515,/novatel/oem7/odom,/novatel/oem7/fix,/novatel/oem7/odom,39.663,-75.756,-1.799934527,0.002861865,0.000507743,-0.000444344,-0.002827159,0.000507743,,,
1786043679107120210,1786043679.106178194,/novatel/oem7/inspva,/novatel/oem7/inspva,/novatel/oem7/inspva,39.663,-75.756,-1.799919337,0.002622012,0.001209960,-0.002615658,-0.000182439,0.001209960,,novatel_oem7_msgs.msg.InertialSolutionStatus(status=3),
1786043679109111963,1786043679.106445630,/novatel/oem7/fix,/novatel/oem7/fix,/novatel/oem7/inspva,39.663,-75.756,-1.799919337,0.002622012,0.001209960,-0.002615658,-0.000182439,0.001209960,,0,
1786043679110671455,1786043679.107057636,/novatel/oem7/odom,/novatel/oem7/fix,/novatel/oem7/odom,39.663,-75.756,-1.799919337,0.002625684,0.001201971,-0.000308949,-0.002607445,0.001201971,,,
1786043679112626171,1786043679.109404779,/novatel/oem7/bestpos,/novatel/oem7/bestpos,/novatel/oem7/odom,39.663,-75.756,33.182447813,0.002625684,0.001201971,-0.000308949,-0.002607445,0.001201971,,novatel_oem7_msgs.msg.SolutionStatus(status=0),novatel_oem7_msgs.msg.PositionOrVelocityType(type=53)
1786043679113902064,1786043679.110158716,/novatel/oem7/bestvel,/novatel/oem7/bestpos,/novatel/oem7/bestvel,39.663,-75.756,33.182447813,0.003025875,0.001378606,,,,180.927991474,novatel_oem7_msgs.msg.SolutionStatus(status=0),novatel_oem7_msgs.msg.PositionOrVelocityType(type=53)
1786043679115894607,1786043679.114344525,/novatel/oem7/odom,/novatel/oem7/bestpos,/novatel/oem7/odom,39.663,-75.756,33.182447813,0.002625684,0.001201971,-0.000308949,-0.002607445,0.001201971,,,
1786043679125704800,1786043679.125206629,/novatel/oem7/inspva,/novatel/oem7/inspva,/novatel/oem7/inspva,39.663,-75.756,-1.799915916,0.001413990,0.000867816,-0.001389340,-0.000262869,0.000867816,,novatel_oem7_msgs.msg.InertialSolutionStatus(status=3),
1786043679126985703,1786043679.125343160,/novatel/oem7/fix,/novatel/oem7/fix,/novatel/oem7/inspva,39.663,-75.756,-1.799915916,0.001413990,0.000867816,-0.001389340,-0.000262869,0.000867816,,0,
1786043679127972359,1786043679.125669083,/novatel/oem7/odom,/novatel/oem7/fix,/novatel/oem7/odom,39.663,-75.756,-1.799915916,0.001416990,0.000862909,-0.000330777,-0.001377841,0.000862909,,,
1786043679136717699,1786043679.135469101,/novatel/oem7/odom,/novatel/oem7/fix,/novatel/oem7/odom,39.663,-75.756,-1.799915916,0.001416990,0.000862909,-0.000330777,-0.001377841,0.000862909,,,
1786043679145828996,1786043679.144897308,/novatel/oem7/inspva,/novatel/oem7/inspva,/novatel/oem7/inspva,39.663,-75.756,-1.799919602,0.001507191,0.000636554,-0.001258224,-0.000829758,0.000636554,,novatel_oem7_msgs.msg.InertialSolutionStatus(status=3),
1786043679148172069,1786043679.145012560,/novatel/oem7/fix,/novatel/oem7/fix,/novatel/oem7/inspva,39.663,-75.756,-1.799919602,0.001507191,0.000636554,-0.001258224,-0.000829758,0.000636554,,0,
1786043679150086085,1786043679.145416892,/novatel/oem7/odom,/novatel/oem7/fix,/novatel/oem7/odom,39.663,-75.756,-1.799919602,0.001509990,0.000629885,-0.000890039,-0.001219795,0.000629885,,,
1786043679156215665,1786043679.155591104,/novatel/oem7/odom,/novatel/oem7/fix,/novatel/oem7/odom,39.663,-75.756,-1.799919602,0.001509990,0.000629885,-0.000890039,-0.001219795,0.000629885,,,
1786043679167966964,1786043679.166625621,/novatel/oem7/inspva,/novatel/oem7/inspva,/novatel/oem7/inspva,39.663,-75.756,-1.799926023,0.002677320,-0.000893056,-0.002518535,-0.000908308,-0.000893056,,novatel_oem7_msgs.msg.InertialSolutionStatus(status=3),
1786043679170237580,1786043679.166887174,/novatel/oem7/fix,/novatel/oem7/fix,/novatel/oem7/inspva,39.663,-75.756,-1.799926023,0.002677320,-0.000893056,-0.002518535,-0.000908308,-0.000893056,,0,
1786043679172001091,1786043679.167356915,/novatel/oem7/odom,/novatel/oem7/fix,/novatel/oem7/odom,39.663,-75.756,-1.799926023,0.002673840,-0.000903423,-0.001021476,-0.002471033,-0.000903423,,,
1786043679175798979,1786043679.174715348,/novatel/oem7/odom,/novatel/oem7/fix,/novatel/oem7/odom,39.663,-75.756,-1.799926023,0.002673840,-0.000903423,-0.001021476,-0.002471033,-0.000903423,,,
1786043679185659559,1786043679.185070167,/novatel/oem7/inspva,/novatel/oem7/inspva,/novatel/oem7/inspva,39.663,-75.756,-1.799908777,0.002644600,0.000269458,-0.002581393,-0.000574734,0.000269458,,novatel_oem7_msgs.msg.InertialSolutionStatus(status=3),
1786043679187089900,1786043679.185201072,/novatel/oem7/fix,/novatel/oem7/fix,/novatel/oem7/inspva,39.663,-75.756,-1.799908777,0.002644600,0.000269458,-0.002581393,-0.000574734,0.000269458,,0,
1786043679188233742,1786043679.185617852,/novatel/oem7/odom,/novatel/oem7/fix,/novatel/oem7/odom,39.663,-75.756,-1.799908777,0.002645534,0.000260129,-0.000695670,-0.002552429,0.000260129,,,
1786043679196524747,1786043679.195642965,/novatel/oem7/odom,/novatel/oem7/fix,/novatel/oem7/odom,39.663,-75.756,-1.799908777,0.002645534,0.000260129,-0.000695670,-0.002552429,0.000260129,,,
1786043679207534935,1786043679.206452442,/novatel/oem7/inspva,/novatel/oem7/inspva,/novatel/oem7/inspva,39.663,-75.756,-1.799895000,0.002349240,0.001520021,-0.002291853,-0.000516079,0.001520021,,novatel_oem7_msgs.msg.InertialSolutionStatus(status=3),
1786043679209603206,1786043679.206782698,/novatel/oem7/fix,/novatel/oem7/fix,/novatel/oem7/inspva,39.663,-75.756,-1.799895000,0.002349240,0.001520021,-0.002291853,-0.000516079,0.001520021,,0,
1786043679211079640,1786043679.207530442,/novatel/oem7/odom,/novatel/oem7/fix,/novatel/oem7/odom,39.663,-75.756,-1.799895000,0.002354651,0.001511626,-0.000628419,-0.002269245,0.001511626,,,
1786043679212981036,1786043679.210458301,/novatel/oem7/bestpos,/novatel/oem7/bestpos,/novatel/oem7/odom,39.663,-75.756,33.182445162,0.002354651,0.001511626,-0.000628419,-0.002269245,0.001511626,,novatel_oem7_msgs.msg.SolutionStatus(status=0),novatel_oem7_msgs.msg.PositionOrVelocityType(type=53)
1786043679214119504,1786043679.210857155,/novatel/oem7/bestvel,/novatel/oem7/bestpos,/novatel/oem7/bestvel,39.663,-75.756,33.182445162,0.001910453,0.000418525,,,,151.107967505,novatel_oem7_msgs.msg.SolutionStatus(status=0),novatel_oem7_msgs.msg.PositionOrVelocityType(type=53)
1786043679216103480,1786043679.215161308,/novatel/oem7/odom,/novatel/oem7/bestpos,/novatel/oem7/odom,39.663,-75.756,33.182445162,0.002354651,0.001511626,-0.000628419,-0.002269245,0.001511626,,,
1786043679226797479,1786043679.226233223,/novatel/oem7/inspva,/novatel/oem7/inspva,/novatel/oem7/inspva,39.663,-75.756,-1.799899798,0.001529967,0.001363215,-0.001493501,-0.000332044,0.001363215,,novatel_oem7_msgs.msg.InertialSolutionStatus(status=3),
1786043679228097745,1786043679.226489146,/novatel/oem7/fix,/novatel/oem7/fix,/novatel/oem7/inspva,39.663,-75.756,-1.799899798,0.001529967,0.001363215,-0.001493501,-0.000332044,0.001363215,,0,
1786043679229092718,1786043679.226848766,/novatel/oem7/odom,/novatel/oem7/fix,/novatel/oem7/odom,39.663,-75.756,-1.799899798,0.001534829,0.001357739,-0.000406637,-0.001479982,0.001357739,,,
1786043679235616186,1786043679.234646500,/novatel/oem7/odom,/novatel/oem7/fix,/novatel/oem7/odom,39.663,-75.756,-1.799899798,0.001534829,0.001357739,-0.000406637,-0.001479982,0.001357739,,,
1786043679246463767,1786043679.245458000,/novatel/oem7/inspva,/novatel/oem7/inspva,/novatel/oem7/inspva,39.663,-75.756,-1.799918941,0.002420674,-0.001427141,-0.002234861,-0.000930087,-0.001427141,,novatel_oem7_msgs.msg.InertialSolutionStatus(status=3),
1786043679248214917,1786043679.245752536,/novatel/oem7/fix,/novatel/oem7/fix,/novatel/oem7/inspva,39.663,-75.756,-1.799918941,0.002420674,-0.001427141,-0.002234861,-0.000930087,-0.001427141,,0,
1786043679249604554,1786043679.246252501,/novatel/oem7/odom,/novatel/oem7/fix,/novatel/oem7/odom,39.663,-75.756,-1.799918941,0.002414935,-0.001436832,-0.001027954,-0.002185228,-0.001436832,,,
1786043679257318610,1786043679.256632587,/novatel/oem7/odom,/novatel/oem7/fix,/novatel/oem7/odom,39.663,-75.756,-1.799918941,0.002414935,-0.001436832,-0.001027954,-0.002185228,-0.001436832,,,
1786043679266358077,1786043679.265021720,/novatel/oem7/inspva,/novatel/oem7/inspva,/novatel/oem7/inspva,39.663,-75.756,-1.799908372,0.002668526,-0.000966125,-0.002209312,-0.001496654,-0.000966125,,novatel_oem7_msgs.msg.InertialSolutionStatus(status=3),
1786043679267604682,1786043679.265283846,/novatel/oem7/fix,/novatel/oem7/fix,/novatel/oem7/inspva,39.663,-75.756,-1.799908372,0.002668526,-0.000966125,-0.002209312,-0.001496654,-0.000966125,,0,
1786043679269802694,1786043679.266088621,/novatel/oem7/odom,/novatel/oem7/fix,/novatel/oem7/odom,39.663,-75.756,-1.799908372,0.002414967,-0.001436778,-0.001027956,-0.002185263,-0.001436778,,,
1786043679275587605,1786043679.274492494,/novatel/oem7/odom,/novatel/oem7/fix,/novatel/oem7/odom,39.663,-75.756,-1.799908372,0.002664278,-0.000977778,-0.001594463,-0.002134495,-0.000977778,,,
1786043679287207553,1786043679.286624390,/novatel/oem7/inspva,/novatel/oem7/inspva,/novatel/oem7/inspva,39.663,-75.756,-1.799883261,0.002712203,0.001987094,-0.002667332,-0.000491308,0.001987094,,novatel_oem7_msgs.msg.InertialSolutionStatus(status=3),
1786043679288584213,1786043679.286865319,/novatel/oem7/fix,/novatel/oem7/fix,/novatel/oem7/inspva,39.663,-75.756,-1.799883261,0.002712203,0.001987094,-0.002667332,-0.000491308,0.001987094,,0,
1786043679289691367,1786043679.287340664,/novatel/oem7/odom,/novatel/oem7/fix,/novatel/oem7/odom,39.663,-75.756,-1.799883261,0.002719024,0.001977749,-0.000622858,-0.002646723,0.001977749,,,
1786043679295853915,1786043679.295062293,/novatel/oem7/odom,/novatel/oem7/fix,/novatel/oem7/odom,39.663,-75.756,-1.799883261,0.002719024,0.001977749,-0.000622858,-0.002646723,0.001977749,,,
1786043679307331511,1786043679.305919524,/novatel/oem7/inspva,/novatel/oem7/inspva,/novatel/oem7/inspva,39.663,-75.756,-1.799887589,0.002170331,0.001521556,-0.002156433,-0.000245228,0.001521556,,novatel_oem7_msgs.msg.InertialSolutionStatus(status=3),
1786043679309354514,1786043679.306174087,/novatel/oem7/fix,/novatel/oem7/fix,/novatel/oem7/inspva,39.663,-75.756,-1.799887589,0.002170331,0.001521556,-0.002156433,-0.000245228,0.001521556,,0,
1786043679310838883,1786043679.306792136,/novatel/oem7/odom,/novatel/oem7/fix,/novatel/oem7/odom,39.663,-75.756,-1.799887589,0.002175260,0.001514502,-0.000351480,-0.002146676,0.001514502,,,
1786043679312759908,1786043679.309409979,/novatel/oem7/bestpos,/novatel/oem7/bestpos,/novatel/oem7/odom,39.663,-75.756,33.182452695,0.002175260,0.001514502,-0.000351480,-0.002146676,0.001514502,,novatel_oem7_msgs.msg.SolutionStatus(status=0),novatel_oem7_msgs.msg.PositionOrVelocityType(type=53)
1786043679313970054,1786043679.310101882,/novatel/oem7/bestvel,/novatel/oem7/bestpos,/novatel/oem7/bestvel,39.663,-75.756,33.182452695,0.001258305,0.000065292,,,,126.984597404,novatel_oem7_msgs.msg.SolutionStatus(status=0),novatel_oem7_msgs.msg.PositionOrVelocityType(type=53)
1786043679316571466,1786043679.315592966,/novatel/oem7/odom,/novatel/oem7/bestpos,/novatel/oem7/odom,39.663,-75.756,33.182452695,0.002175260,0.001514502,-0.000351480,-0.002146676,0.001514502,,,
1786043679326005993,1786043679.325486844,/novatel/oem7/inspva,/novatel/oem7/inspva,/novatel/oem7/inspva,39.663,-75.756,-1.799900283,0.001969420,-0.000639847,-0.000776012,-0.001810088,-0.000639847,,novatel_oem7_msgs.msg.InertialSolutionStatus(status=3),
1786043679327383833,1786043679.325709126,/novatel/oem7/fix,/novatel/oem7/fix,/novatel/oem7/inspva,39.663,-75.756,-1.799900283,0.001969420,-0.000639847,-0.000776012,-0.001810088,-0.000639847,,0,
1786043679328399136,1786043679.326300023,/novatel/oem7/odom,/novatel/oem7/fix,/novatel/oem7/odom,39.663,-75.756,-1.799900283,0.001966498,-0.000648771,-0.001841861,-0.000688958,-0.000648771,,,
1786043679336509297,1786043679.335225110,/novatel/oem7/odom,/novatel/oem7/fix,/novatel/oem7/odom,39.663,-75.756,-1.799900283,0.001966498,-0.000648771,-0.001841861,-0.000688958,-0.000648771,,,
1786043679347217449,1786043679.346365980,/novatel/oem7/inspva,/novatel/oem7/inspva,/novatel/oem7/inspva,39.663,-75.756,-1.799901062,0.001956490,-0.001049959,-0.001035171,-0.001660203,-0.001049959,,novatel_oem7_msgs.msg.InertialSolutionStatus(status=3),
1786043679349054747,1786043679.346663530,/novatel/oem7/fix,/novatel/oem7/fix,/novatel/oem7/inspva,39.663,-75.756,-1.799901062,0.001956490,-0.001049959,-0.001035171,-0.001660203,-0.001049959,,0,
1786043679350529441,1786043679.346972750,/novatel/oem7/odom,/novatel/oem7/fix,/novatel/oem7/odom,39.663,-75.756,-1.799901062,0.001951623,-0.001058978,-0.001702702,-0.000953750,-0.001058978,,,
1786043679356693606,1786043679.355786070,/novatel/oem7/odom,/novatel/oem7/fix,/novatel/oem7/odom,39.663,-75.756,-1.799901062,0.001951623,-0.001058978,-0.001702702,-0.000953750,-0.001058978,,,
1786043679366872686,1786043679.365343243,/novatel/oem7/inspva,/novatel/oem7/inspva,/novatel/oem7/inspva,39.663,-75.756,-1.799879190,0.003185076,0.001174615,-0.003185050,-0.000013051,0.001174615,,novatel_oem7_msgs.msg.InertialSolutionStatus(status=3),
1786043679368007841,1786043679.365487845,/novatel/oem7/fix,/novatel/oem7/fix,/novatel/oem7/inspva,39.663,-75.756,-1.799879190,0.003185076,0.001174615,-0.003185050,-0.000013051,0.001174615,,0,
1786043679370018414,1786043679.366271530,/novatel/oem7/odom,/novatel/oem7/fix,/novatel/oem7/odom,39.663,-75.756,-1.799879190,0.001951613,-0.001058996,-0.001702700,-0.000953732,-0.001058996,,,
1786043679376819018,1786043679.375683337,/novatel/oem7/odom,/novatel/oem7/fix,/novatel/oem7/odom,39.663,-75.756,-1.799879190,0.003188408,0.001165541,-0.000166201,-0.003184074,0.001165541,,,
1786043679385917635,1786043679.385133053,/novatel/oem7/inspva,/novatel/oem7/inspva,/novatel/oem7/inspva,39.663,-75.756,-1.799883398,0.002429840,0.001324669,-0.002407042,-0.000332065,0.001324669,,novatel_oem7_msgs.msg.InertialSolutionStatus(status=3),
1786043679387711519,1786043679.385387646,/novatel/oem7/fix,/novatel/oem7/fix,/novatel/oem7/inspva,39.663,-75.756,-1.799883398,0.002429840,0.001324669,-0.002407042,-0.000332065,0.001324669,,0,
1786043679389023705,1786043679.385869094,/novatel/oem7/odom,/novatel/oem7/fix,/novatel/oem7/odom,39.663,-75.756,-1.799883398,0.002434212,0.001316616,-0.000449127,-0.002392420,0.001316616,,,
1786043679395146122,1786043679.394469040,/novatel/oem7/odom,/novatel/oem7/fix,/novatel/oem7/odom,39.663,-75.756,-1.799883398,0.002434212,0.001316616,-0.000449127,-0.002392420,0.001316616,,,
1786043679407574252,1786043679.406748480,/novatel/oem7/inspva,/novatel/oem7/inspva,/novatel/oem7/inspva,39.663,-75.756,-1.799906566,0.002029908,-0.001003144,-0.000649069,-0.001923339,-0.001003144,,novatel_oem7_msgs.msg.InertialSolutionStatus(status=3),
1786043679409365156,1786043679.407010223,/novatel/oem7/fix,/novatel/oem7/fix,/novatel/oem7/inspva,39.663,-75.756,-1.799906566,0.002029908,-0.001003144,-0.000649069,-0.001923339,-0.001003144,,0,
1786043679410853137,1786043679.407472781,/novatel/oem7/odom,/novatel/oem7/fix,/novatel/oem7/odom,39.663,-75.756,-1.799906566,0.002025466,-0.001012082,-0.001947678,-0.000555936,-0.001012082,,,
1786043679412739103,1786043679.410062396,/novatel/oem7/bestpos,/novatel/oem7/bestpos,/novatel/oem7/odom,39.663,-75.756,33.182452747,0.002025466,-0.001012082,-0.001947678,-0.000555936,-0.001012082,,novatel_oem7_msgs.msg.SolutionStatus(status=0),novatel_oem7_msgs.msg.PositionOrVelocityType(type=53)
1786043679413942552,1786043679.410563881,/novatel/oem7/bestvel,/novatel/oem7/bestpos,/novatel/oem7/bestvel,39.663,-75.756,33.182452747,0.001531044,-0.001185214,,,,224.544037027,novatel_oem7_msgs.msg.SolutionStatus(status=0),novatel_oem7_msgs.msg.PositionOrVelocityType(type=53)
1786043679415985468,1786043679.414937875,/novatel/oem7/odom,/novatel/oem7/bestpos,/novatel/oem7/odom,39.663,-75.756,33.182452747,0.002025466,-0.001012082,-0.001947678,-0.000555936,-0.001012082,,,
1786043679425833482,1786043679.425126832,/novatel/oem7/inspva,/novatel/oem7/inspva,/novatel/oem7/inspva,39.663,-75.756,-1.799915697,0.001659042,-0.001178624,-0.000824816,-0.001439479,-0.001178624,,novatel_oem7_msgs.msg.InertialSolutionStatus(status=3),
1786043679427353164,1786043679.425331804,/novatel/oem7/fix,/novatel/oem7/fix,/novatel/oem7/inspva,39.663,-75.756,-1.799915697,0.001659042,-0.001178624,-0.000824816,-0.001439479,-0.001178624,,0,
1786043679428411804,1786043679.425766922,/novatel/oem7/odom,/novatel/oem7/fix,/novatel/oem7/odom,39.663,-75.756,-1.799915697,0.001653629,-0.001186206,-0.001471945,-0.000753570,-0.001186206,,,
1786043679437739790,1786043679.436194158,/novatel/oem7/odom,/novatel/oem7/fix,/novatel/oem7/odom,39.663,-75.756,-1.799915697,0.001653629,-0.001186206,-0.001471945,-0.000753570,-0.001186206,,,
1786043679446165166,1786043679.445380025,/novatel/oem7/inspva,/novatel/oem7/inspva,/novatel/oem7/inspva,39.663,-75.756,-1.799909390,0.002450956,0.000265059,-0.002439280,-0.000238952,0.000265059,,novatel_oem7_msgs.msg.InertialSolutionStatus(status=3),
1786043679447948064,1786043679.445654928,/novatel/oem7/fix,/novatel/oem7/fix,/novatel/oem7/inspva,39.663,-75.756,-1.799909390,0.002450956,0.000265059,-0.002439280,-0.000238952,0.000265059,,0,
1786043679449439322,1786043679.446504261,/novatel/oem7/odom,/novatel/oem7/fix,/novatel/oem7/odom,39.663,-75.756,-1.799909390,0.002451783,0.000257300,-0.000353574,-0.002426154,0.000257300,,,
1786043679457203325,1786043679.456504835,/novatel/oem7/odom,/novatel/oem7/fix,/novatel/oem7/odom,39.663,-75.756,-1.799909390,0.002451783,0.000257300,-0.000353574,-0.002426154,0.000257300,,,
1786043679467168454,1786043679.466169497,/novatel/oem7/inspva,/novatel/oem7/inspva,/novatel/oem7/inspva,39.663,-75.756,-1.799915847,0.002375525,0.000530989,-0.002259388,-0.000733678,0.000530989,,novatel_oem7_msgs.msg.InertialSolutionStatus(status=3),
1786043679469211751,1786043679.466494141,/novatel/oem7/fix,/novatel/oem7/fix,/novatel/oem7/inspva,39.663,-75.756,-1.799915847,0.002375525,0.000530989,-0.002259388,-0.000733678,0.000530989,,0,
1786043679470649185,1786043679.467342722,/novatel/oem7/odom,/novatel/oem7/fix,/novatel/oem7/odom,39.663,-75.756,-1.799915847,0.002377530,0.000521936,-0.000840360,-0.002224060,0.000521936,,,
1786043679475465589,1786043679.474611891,/novatel/oem7/odom,/novatel/oem7/fix,/novatel/oem7/odom,39.663,-75.756,-1.799915847,0.002377530,0.000521936,-0.000840360,-0.002224060,0.000521936,,,
1786043679485878125,1786043679.485257322,/novatel/oem7/inspva,/novatel/oem7/inspva,/novatel/oem7/inspva,39.663,-75.756,-1.799919478,0.001726912,0.000700621,-0.000674844,-0.001589595,0.000700621,,novatel_oem7_msgs.msg.InertialSolutionStatus(status=3),
1786043679487146455,1786043679.485458464,/novatel/oem7/fix,/novatel/oem7/fix,/novatel/oem7/inspva,39.663,-75.756,-1.799919478,0.001726912,0.000700621,-0.000674844,-0.001589595,0.000700621,,0,
1786043679488176311,1786043679.485701977,/novatel/oem7/odom,/novatel/oem7/fix,/novatel/oem7/odom,39.663,-75.756,-1.799919478,0.001730030,0.000692888,-0.001622012,-0.000601730,0.000692888,,,
1786043679497058318,1786043679.495592204,/novatel/oem7/odom,/novatel/oem7/fix,/novatel/oem7/odom,39.663,-75.756,-1.799919478,0.001730030,0.000692888,-0.001622012,-0.000601730,0.000692888,,,
1786043679506773425,1786043679.506083265,/novatel/oem7/inspva,/novatel/oem7/inspva,/novatel/oem7/inspva,39.663,-75.756,-1.799925026,0.001579958,-0.000184122,-0.000915079,-0.001287982,-0.000184122,,novatel_oem7_msgs.msg.InertialSolutionStatus(status=3),
1786043679507619745,1786043679.506338194,/novatel/oem7/fix,/novatel/oem7/fix,/novatel/oem7/inspva,39.663,-75.756,-1.799925026,0.001579958,-0.000184122,-0.000915079,-0.001287982,-0.000184122,,0,
1786043679508324779,1786043679.506815872,/novatel/oem7/odom,/novatel/oem7/fix,/novatel/oem7/odom,39.663,-75.756,-1.799925026,0.001579090,-0.000191424,-0.001328597,-0.000853436,-0.000191424,,,
1786043679512630310,1786043679.511635383,/novatel/oem7/bestpos,/novatel/oem7/bestpos,/novatel/oem7/odom,39.663,-75.756,33.182448506,0.001579090,-0.000191424,-0.001328597,-0.000853436,-0.000191424,,novatel_oem7_msgs.msg.SolutionStatus(status=0),novatel_oem7_msgs.msg.PositionOrVelocityType(type=53)
1786043679514649723,1786043679.512500355,/novatel/oem7/bestvel,/novatel/oem7/bestpos,/novatel/oem7/bestvel,39.663,-75.756,33.182448506,0.001224306,-0.000705915,,,,176.794758633,novatel_oem7_msgs.msg.SolutionStatus(status=0),novatel_oem7_msgs.msg.PositionOrVelocityType(type=53)
1786043679516815198,1786043679.514469465,/novatel/oem7/odom,/novatel/oem7/bestpos,/novatel/oem7/odom,39.663,-75.756,33.182448506,0.001579090,-0.000191424,-0.001328597,-0.000853436,-0.000191424,,,
1786043679527373835,1786043679.526602025,/novatel/oem7/inspva,/novatel/oem7/inspva,/novatel/oem7/inspva,39.663,-75.756,-1.799919253,0.002721009,0.000029946,-0.002102511,-0.001727234,0.000029946,,novatel_oem7_msgs.msg.InertialSolutionStatus(status=3),
1786043679529008128,1786043679.526847987,/novatel/oem7/fix,/novatel/oem7/fix,/novatel/oem7/inspva,39.663,-75.756,-1.799919253,0.002721009,0.000029946,-0.002102511,-0.001727234,0.000029946,,0,
1786043679530568294,1786043679.527389685,/novatel/oem7/odom,/novatel/oem7/fix,/novatel/oem7/odom,39.663,-75.756,-1.799919253,0.002721116,0.000017754,-0.001823607,-0.002019636,0.000017754,,,
1786043679536096475,1786043679.534958525,/novatel/oem7/odom,/novatel/oem7/fix,/novatel/oem7/odom,39.663,-75.756,-1.799919253,0.002721116,0.000017754,-0.001823607,-0.002019636,0.000017754,,,
1786043679545886631,1786043679.544985409,/novatel/oem7/inspva,/novatel/oem7/inspva,/novatel/oem7/inspva,39.663,-75.756,-1.799922648,0.002401451,-0.000156141,-0.002283495,-0.000743382,-0.000156141,,novatel_oem7_msgs.msg.InertialSolutionStatus(status=3),
1786043679547842221,1786043679.545214812,/novatel/oem7/fix,/novatel/oem7/fix,/novatel/oem7/inspva,39.663,-75.756,-1.799922648,0.002401451,-0.000156141,-0.002283495,-0.000743382,-0.000156141,,0,
1786043679549394193,1786043679.545824558,/novatel/oem7/odom,/novatel/oem7/fix,/novatel/oem7/odom,39.663,-75.756,-1.799922648,0.002400839,-0.000165288,-0.000848579,-0.002245872,-0.000165288,,,
1786043679556529116,1786043679.555817126,/novatel/oem7/odom,/novatel/oem7/fix,/novatel/oem7/odom,39.663,-75.756,-1.799922648,0.002400839,-0.000165288,-0.000848579,-0.002245872,-0.000165288,,,
1786043679566761908,1786043679.565472509,/novatel/oem7/inspva,/novatel/oem7/inspva,/novatel/oem7/inspva,39.663,-75.756,-1.799916388,0.001575668,0.001162218,-0.000746615,-0.001387550,0.001162218,,novatel_oem7_msgs.msg.InertialSolutionStatus(status=3),
1786043679568917633,1786043679.565749071,/novatel/oem7/fix,/novatel/oem7/fix,/novatel/oem7/inspva,39.663,-75.756,-1.799916388,0.001575668,0.001162218,-0.000746615,-0.001387550,0.001162218,,0,
1786043679570551999,1786043679.566394001,/novatel/oem7/odom,/novatel/oem7/fix,/novatel/oem7/odom,39.663,-75.756,-1.799916388,0.001580987,0.001154973,-0.001425319,-0.000684094,0.001154973,,,
1786043679576163820,1786043679.575237483,/novatel/oem7/odom,/novatel/oem7/fix,/novatel/oem7/odom,39.663,-75.756,-1.799916388,0.001580987,0.001154973,-0.001425319,-0.000684094,0.001154973,,,
1786043679586840620,1786043679.586127656,/novatel/oem7/inspva,/novatel/oem7/inspva,/novatel/oem7/inspva,39.663,-75.756,-1.799932438,0.001845511,0.000457914,-0.000422511,-0.001796495,0.000457914,,novatel_oem7_msgs.msg.InertialSolutionStatus(status=3),
1786043679588346611,1786043679.586438662,/novatel/oem7/fix,/novatel/oem7/fix,/novatel/oem7/inspva,39.663,-75.756,-1.799932438,0.001845511,0.000457914,-0.000422511,-0.001796495,0.000457914,,0,
1786043679589449909,1786043679.587067802,/novatel/oem7/odom,/novatel/oem7/fix,/novatel/oem7/odom,39.663,-75.756,-1.799932438,0.001847426,0.000450125,-0.001815990,-0.000339360,0.000450125,,,
1786043679595546852,1786043679.594645036,/novatel/oem7/odom,/novatel/oem7/fix,/novatel/oem7/odom,39.663,-75.756,-1.799932438,0.001847426,0.000450125,-0.001815990,-0.000339360,0.000450125,,,
1786043679607098526,1786043679.606350286,/novatel/oem7/inspva,/novatel/oem7/inspva,/novatel/oem7/inspva,39.663,-75.756,-1.799959387,0.001900002,-0.002119702,-0.001369266,-0.001317238,-0.002119702,,novatel_oem7_msgs.msg.InertialSolutionStatus(status=3),
1786043679608889804,1786043679.606614275,/novatel/oem7/fix,/novatel/oem7/fix,/novatel/oem7/inspva,39.663,-75.756,-1.799959387,0.001900002,-0.002119702,-0.001369266,-0.001317238,-0.002119702,,0,
1786043679610260367,1786043679.607099233,/novatel/oem7/odom,/novatel/oem7/fix,/novatel/oem7/odom,39.663,-75.756,-1.799959387,0.001890354,-0.002128310,-0.001371741,-0.001300679,-0.002128310,,,
1786043679612131513,1786043679.610004552,/novatel/oem7/bestpos,/novatel/oem7/bestpos,/novatel/oem7/odom,39.663,-75.756,33.182430339,0.001890354,-0.002128310,-0.001371741,-0.001300679,-0.002128310,,novatel_oem7_msgs.msg.SolutionStatus(status=0),novatel_oem7_msgs.msg.PositionOrVelocityType(type=53)
1786043679613353525,1786043679.610374772,/novatel/oem7/bestvel,/novatel/oem7/bestpos,/novatel/oem7/bestvel,39.663,-75.756,33.182430339,0.002909041,-0.001338862,,,,224.731281581,novatel_oem7_msgs.msg.SolutionStatus(status=0),novatel_oem7_msgs.msg.PositionOrVelocityType(type=53)
1786043679616144189,1786043679.615488786,/novatel/oem7/odom,/novatel/oem7/bestpos,/novatel/oem7/odom,39.663,-75.756,33.182430339,0.001890354,-0.002128310,-0.001371741,-0.001300679,-0.002128310,,,
1786043679626058643,1786043679.625284436,/novatel/oem7/inspva,/novatel/oem7/inspva,/novatel/oem7/inspva,39.663,-75.756,-1.799962942,0.002424351,-0.001129317,-0.002096979,-0.001216616,-0.001129317,,novatel_oem7_msgs.msg.InertialSolutionStatus(status=3),
1786043679627673056,1786043679.625509148,/novatel/oem7/fix,/novatel/oem7/fix,/novatel/oem7/inspva,39.663,-75.756,-1.799962942,0.002424351,-0.001129317,-0.002096979,-0.001216616,-0.001129317,,0,
1786043679629039770,1786043679.626013013,/novatel/oem7/odom,/novatel/oem7/fix,/novatel/oem7/odom,39.663,-75.756,-1.799962942,0.002419514,-0.001139642,-0.001308915,-0.002034894,-0.001139642,,,
1786043679635701446,1786043679.634803507,/novatel/oem7/odom,/novatel/oem7/fix,/novatel/oem7/odom,39.663,-75.756,-1.799962942,0.002419514,-0.001139642,-0.001308915,-0.002034894,-0.001139642,,,
1786043679647626730,1786043679.646846939,/novatel/oem7/inspva,/novatel/oem7/inspva,/novatel/oem7/inspva,39.663,-75.756,-1.799962823,0.001356781,0.000904841,-0.001343926,-0.000186327,0.000904841,,novatel_oem7_msgs.msg.InertialSolutionStatus(status=3),
1786043679649380251,1786043679.647085155,/novatel/oem7/fix,/novatel/oem7/fix,/novatel/oem7/inspva,39.663,-75.756,-1.799962823,0.001356781,0.000904841,-0.001343926,-0.000186327,0.000904841,,0,
1786043679650794402,1786043679.648015439,/novatel/oem7/odom,/novatel/oem7/fix,/novatel/oem7/odom,39.663,-75.756,-1.799962823,0.001359781,0.000900327,-0.000252273,-0.001336175,0.000900327,,,
1786043679656932565,1786043679.656065434,/novatel/oem7/odom,/novatel/oem7/fix,/novatel/oem7/odom,39.663,-75.756,-1.799962823,0.001359781,0.000900327,-0.000252273,-0.001336175,0.000900327,,,
1786043679665704122,1786043679.665101943,/novatel/oem7/inspva,/novatel/oem7/inspva,/novatel/oem7/inspva,39.663,-75.756,-1.799977540,0.001765599,0.000991547,-0.001041033,-0.001426041,0.000991547,,novatel_oem7_msgs.msg.InertialSolutionStatus(status=3),
1786043679666991822,1786043679.665275115,/novatel/oem7/fix,/novatel/oem7/fix,/novatel/oem7/inspva,39.663,-75.756,-1.799977540,0.001765599,0.000991547,-0.001041033,-0.001426041,0.000991547,,0,
1786043679668002162,1786043679.665658477,/novatel/oem7/odom,/novatel/oem7/fix,/novatel/oem7/odom,39.663,-75.756,-1.799977540,0.001770179,0.000983349,-0.001476844,-0.000975943,0.000983349,,,
1786043679676338167,1786043679.675659457,/novatel/oem7/odom,/novatel/oem7/fix,/novatel/oem7/odom,39.663,-75.756,-1.799977540,0.001770179,0.000983349,-0.001476844,-0.000975943,0.000983349,,,
1786043679686110830,1786043679.685483267,/novatel/oem7/inspva,/novatel/oem7/inspva,/novatel/oem7/inspva,39.663,-75.756,-1.799997740,0.002452731,-0.001330331,-0.000339701,-0.002429093,-0.001330331,,novatel_oem7_msgs.msg.InertialSolutionStatus(status=3),
1786043679687568941,1786043679.685711273,/novatel/oem7/fix,/novatel/oem7/fix,/novatel/oem7/inspva,39.663,-75.756,-1.799997740,0.002452731,-0.001330331,-0.000339701,-0.002429093,-0.001330331,,0,
1786043679688579191,1786043679.686325656,/novatel/oem7/odom,/novatel/oem7/fix,/novatel/oem7/odom,39.663,-75.756,-1.799997740,0.002447419,-0.001340079,-0.002437294,-0.000222397,-0.001340079,,,
1786043679697170316,1786043679.695796125,/novatel/oem7/odom,/novatel/oem7/fix,/novatel/oem7/odom,39.663,-75.756,-1.799997740,0.002447419,-0.001340079,-0.002437294,-0.000222397,-0.001340079,,,
1786043679706856252,1786043679.705895232,/novatel/oem7/inspva,/novatel/oem7/inspva,/novatel/oem7/inspva,39.663,-75.756,-1.799992035,0.002059881,-0.001242027,-0.001234934,-0.001648651,-0.001242027,,novatel_oem7_msgs.msg.InertialSolutionStatus(status=3),
1786043679708793028,1786043679.706204552,/novatel/oem7/fix,/novatel/oem7/fix,/novatel/oem7/inspva,39.663,-75.756,-1.799992035,0.002059881,-0.001242027,-0.001234934,-0.001648651,-0.001242027,,0,
1786043679710385977,1786043679.706858599,/novatel/oem7/odom,/novatel/oem7/fix,/novatel/oem7/odom,39.663,-75.756,-1.799992035,0.002054167,-0.001251456,-0.001699834,-0.001153327,-0.001251456,,,
1786043679712456797,1786043679.709229305,/novatel/oem7/bestpos,/novatel/oem7/bestpos,/novatel/oem7/odom,39.663,-75.756,33.182400195,0.002054167,-0.001251456,-0.001699834,-0.001153327,-0.001251456,,novatel_oem7_msgs.msg.SolutionStatus(status=0),novatel_oem7_msgs.msg.PositionOrVelocityType(type=53)
1786043679713683056,1786043679.709853825,/novatel/oem7/bestvel,/novatel/oem7/bestpos,/novatel/oem7/bestvel,39.663,-75.756,33.182400195,0.002964337,-0.000528183,,,,229.229050121,novatel_oem7_msgs.msg.SolutionStatus(status=0),novatel_oem7_msgs.msg.PositionOrVelocityType(type=53)
1786043679715392203,1786043679.714665156,/novatel/oem7/odom,/novatel/oem7/bestpos,/novatel/oem7/odom,39.663,-75.756,33.182400195,0.002054167,-0.001251456,-0.001699834,-0.001153327,-0.001251456,,,
1786043679726075745,1786043679.725163559,/novatel/oem7/inspva,/novatel/oem7/inspva,/novatel/oem7/inspva,39.663,-75.756,-1.799981318,0.001698435,0.001164321,-0.001571027,-0.000645412,0.001164321,,novatel_oem7_msgs.msg.InertialSolutionStatus(status=3),
1786043679727819053,1786043679.725441002,/novatel/oem7/fix,/novatel/oem7/fix,/novatel/oem7/inspva,39.663,-75.756,-1.799981318,0.001698435,0.001164321,-0.001571027,-0.000645412,0.001164321,,0,
1786043679728994557,1786043679.725837289,/novatel/oem7/odom,/novatel/oem7/fix,/novatel/oem7/odom,39.663,-75.756,-1.799981318,0.001703093,0.001157498,-0.000722470,-0.001542259,0.001157498,,,
1786043679736582309,1786043679.735593146,/novatel/oem7/odom,/novatel/oem7/fix,/novatel/oem7/odom,39.663,-75.756,-1.799981318,0.001703093,0.001157498,-0.000722470,-0.001542259,0.001157498,,,
1786043679746056646,1786043679.745286928,/novatel/oem7/inspva,/novatel/oem7/inspva,/novatel/oem7/inspva,39.663,-75.756,-1.799993762,0.000871813,0.001227541,-0.000801583,-0.000342816,0.001227541,,novatel_oem7_msgs.msg.InertialSolutionStatus(status=3),
1786043679747888377,1786043679.745586498,/novatel/oem7/fix,/novatel/oem7/fix,/novatel/oem7/inspva,39.663,-75.756,-1.799993762,0.000871813,0.001227541,-0.000801583,-0.000342816,0.001227541,,0,
1786043679749307561,1786043679.746365606,/novatel/oem7/odom,/novatel/oem7/fix,/novatel/oem7/odom,39.663,-75.756,-1.799993762,0.000876777,0.001224001,-0.000384494,-0.000787974,0.001224001,,,
1786043679756677621,1786043679.755791655,/novatel/oem7/odom,/novatel/oem7/fix,/novatel/oem7/odom,39.663,-75.756,-1.799993762,0.000876777,0.001224001,-0.000384494,-0.000787974,0.001224001,,,
1786043679767539451,1786043679.766641812,/novatel/oem7/inspva,/novatel/oem7/inspva,/novatel/oem7/inspva,39.663,-75.756,-1.800023462,0.002216050,-0.001767538,0.000200532,-0.002206959,-0.001767538,,novatel_oem7_msgs.msg.InertialSolutionStatus(status=3),
1786043679769238048,1786043679.766957022,/novatel/oem7/fix,/novatel/oem7/fix,/novatel/oem7/inspva,39.663,-75.756,-1.800023462,0.002216050,-0.001767538,0.000200532,-0.002206959,-0.001767538,,0,
1786043679770598325,1786043679.767643162,/novatel/oem7/odom,/novatel/oem7/fix,/novatel/oem7/odom,39.663,-75.756,-1.800023462,0.002210045,-0.001775041,-0.002188472,0.000308042,-0.001775041,,,
1786043679775987658,1786043679.775208355,/novatel/oem7/odom,/novatel/oem7/fix,/novatel/oem7/odom,39.663,-75.756,-1.800023462,0.002210045,-0.001775041,-0.002188472,0.000308042,-0.001775041,,,
1786043679785889163,1786043679.785201559,/novatel/oem7/inspva,/novatel/oem7/inspva,/novatel/oem7/inspva,39.663,-75.756,-1.800034585,0.002485395,-0.002219193,-0.000165810,-0.002479858,-0.002219193,,novatel_oem7_msgs.msg.InertialSolutionStatus(status=3),
1786043679787360767,1786043679.785443192,/novatel/oem7/fix,/novatel/oem7/fix,/novatel/oem7/inspva,39.663,-75.756,-1.800034585,0.002485395,-0.002219193,-0.000165810,-0.002479858,-0.002219193,,0,
1786043679788414157,1786043679.785729006,/novatel/oem7/odom,/novatel/oem7/fix,/novatel/oem7/odom,39.663,-75.756,-1.800034585,0.002476937,-0.002228629,-0.002476546,-0.000043971,-0.002228629,,,
1786043679796846255,1786043679.795799864,/novatel/oem7/odom,/novatel/oem7/fix,/novatel/oem7/odom,39.663,-75.756,-1.800034585,0.002476937,-0.002228629,-0.002476546,-0.000043971,-0.002228629,,,
1786043679807501710,1786043679.806678972,/novatel/oem7/inspva,/novatel/oem7/inspva,/novatel/oem7/inspva,39.663,-75.756,-1.800030014,0.001508910,0.000601891,-0.001478093,0.000303399,0.000601891,,novatel_oem7_msgs.msg.InertialSolutionStatus(status=3),
1786043679809228200,1786043679.806952984,/novatel/oem7/fix,/novatel/oem7/fix,/novatel/oem7/inspva,39.663,-75.756,-1.800030014,0.001508910,0.000601891,-0.001478093,0.000303399,0.000601891,,0,
1786043679810615737,1786043679.807328934,/novatel/oem7/odom,/novatel/oem7/fix,/novatel/oem7/odom,39.663,-75.756,-1.800030014,0.001510141,0.000598796,0.000231785,-0.001492247,0.000598796,,,
1786043679812503519,1786043679.810172092,/novatel/oem7/bestpos,/novatel/oem7/bestpos,/novatel/oem7/odom,39.663,-75.756,33.182346653,0.001510141,0.000598796,0.000231785,-0.001492247,0.000598796,,novatel_oem7_msgs.msg.SolutionStatus(status=0),novatel_oem7_msgs.msg.PositionOrVelocityType(type=53)
1786043679813602133,1786043679.810633641,/novatel/oem7/bestvel,/novatel/oem7/bestpos,/novatel/oem7/bestvel,39.663,-75.756,33.182346653,0.001027418,0.000597610,,,,192.458358721,novatel_oem7_msgs.msg.SolutionStatus(status=0),novatel_oem7_msgs.msg.PositionOrVelocityType(type=53)
1786043679815938539,1786043679.815269735,/novatel/oem7/odom,/novatel/oem7/bestpos,/novatel/oem7/odom,39.663,-75.756,33.182346653,0.001510141,0.000598796,0.000231785,-0.001492247,0.000598796,,,
1786043679827095433,1786043679.826275308,/novatel/oem7/inspva,/novatel/oem7/inspva,/novatel/oem7/inspva,39.663,-75.756,-1.800053551,0.001296024,0.000585427,-0.000937442,-0.000894920,0.000585427,,novatel_oem7_msgs.msg.InertialSolutionStatus(status=3),
1786043679828617325,1786043679.826573928,/novatel/oem7/fix,/novatel/oem7/fix,/novatel/oem7/inspva,39.663,-75.756,-1.800053551,0.001296024,0.000585427,-0.000937442,-0.000894920,0.000585427,,0,
1786043679830070259,1786043679.826849210,/novatel/oem7/odom,/novatel/oem7/fix,/novatel/oem7/odom,39.663,-75.756,-1.800053551,0.001298692,0.000579484,-0.000939938,-0.000896168,0.000579484,,,
1786043679835608547,1786043679.834682565,/novatel/oem7/odom,/novatel/oem7/fix,/novatel/oem7/odom,39.663,-75.756,-1.800053551,0.001298692,0.000579484,-0.000939938,-0.000896168,0.000579484,,,
1786043679846170448,1786043679.845364054,/novatel/oem7/inspva,/novatel/oem7/inspva,/novatel/oem7/inspva,39.663,-75.756,-1.800086540,0.001899124,-0.001376597,0.000559482,-0.001814842,-0.001376597,,novatel_oem7_msgs.msg.InertialSolutionStatus(status=3),
1786043679848061914,1786043679.845631540,/novatel/oem7/fix,/novatel/oem7/fix,/novatel/oem7/inspva,39.663,-75.756,-1.800086540,0.001899124,-0.001376597,0.000559482,-0.001814842,-0.001376597,,0,
1786043679849519851,1786043679.846278163,/novatel/oem7/odom,/novatel/oem7/fix,/novatel/oem7/odom,39.663,-75.756,-1.800086540,0.001895495,-0.001381590,-0.001781558,0.000647263,-0.001381590,,,
1786043679857305915,1786043679.856364876,/novatel/oem7/odom,/novatel/oem7/fix,/novatel/oem7/odom,39.663,-75.756,-1.800086540,0.001895495,-0.001381590,-0.001781558,0.000647263,-0.001381590,,,
1786043679865919653,1786043679.865099189,/novatel/oem7/inspva,/novatel/oem7/inspva,/novatel/oem7/inspva,39.663,-75.756,-1.800103430,0.001916787,-0.001288961,0.000358621,-0.001882940,-0.001288961,,novatel_oem7_msgs.msg.InertialSolutionStatus(status=3),
1786043679867744208,1786043679.865361265,/novatel/oem7/fix,/novatel/oem7/fix,/novatel/oem7/inspva,39.663,-75.756,-1.800103430,0.001916787,-0.001288961,0.000358621,-0.001882940,-0.001288961,,0,
1786043679869148869,1786043679.865989231,/novatel/oem7/odom,/novatel/oem7/fix,/novatel/oem7/odom,39.663,-75.756,-1.800103430,0.001912852,-0.001294793,-0.001859273,0.000449561,-0.001294793,,,
1786043679875341173,1786043679.874451034,/novatel/oem7/odom,/novatel/oem7/fix,/novatel/oem7/odom,39.663,-75.756,-1.800103430,0.001912852,-0.001294793,-0.001859273,0.000449561,-0.001294793,,,
1786043679887786363,1786043679.886608011,/novatel/oem7/inspva,/novatel/oem7/inspva,/novatel/oem7/inspva,39.663,-75.756,-1.800111146,0.001864298,-0.000572903,-0.001796661,-0.000497611,-0.000572903,,novatel_oem7_msgs.msg.InertialSolutionStatus(status=3),
1786043679889803966,1786043679.886968411,/novatel/oem7/fix,/novatel/oem7/fix,/novatel/oem7/inspva,39.663,-75.756,-1.800111146,0.001864298,-0.000572903,-0.001796661,-0.000497611,-0.000572903,,0,
1786043679890853556,1786043679.887753549,/novatel/oem7/odom,/novatel/oem7/fix,/novatel/oem7/odom,39.663,-75.756,-1.800111146,0.001862162,-0.000579810,-0.000578795,-0.001769927,-0.000579810,,,
1786043679895641704,1786043679.894984110,/novatel/oem7/odom,/novatel/oem7/fix,/novatel/oem7/odom,39.663,-75.756,-1.800111146,0.001862162,-0.000579810,-0.000578795,-0.001769927,-0.000579810,,,
1786043679906576105,1786043679.905926692,/novatel/oem7/inspva,/novatel/oem7/inspva,/novatel/oem7/inspva,39.663,-75.756,-1.800122301,0.001390033,0.000392794,-0.001085141,-0.000868712,0.000392794,,novatel_oem7_msgs.msg.InertialSolutionStatus(status=3),
1786043679907981589,1786043679.906113634,/novatel/oem7/fix,/novatel/oem7/fix,/novatel/oem7/inspva,39.663,-75.756,-1.800122301,0.001390033,0.000392794,-0.001085141,-0.000868712,0.000392794,,0,
1786043679908995259,1786043679.906495664,/novatel/oem7/odom,/novatel/oem7/fix,/novatel/oem7/odom,39.663,-75.756,-1.800122301,0.001391779,0.000386563,-0.000919890,-0.001044439,0.000386563,,,
1786043679910472730,1786043679.909820124,/novatel/oem7/bestpos,/novatel/oem7/bestpos,/novatel/oem7/odom,39.663,-75.756,33.182256191,0.001391779,0.000386563,-0.000919890,-0.001044439,0.000386563,,novatel_oem7_msgs.msg.SolutionStatus(status=0),novatel_oem7_msgs.msg.PositionOrVelocityType(type=53)
1786043679911832981,1786043679.910598225,/novatel/oem7/bestvel,/novatel/oem7/bestpos,/novatel/oem7/bestvel,39.663,-75.756,33.182256191,0.001821717,0.000728633,,,,223.352241206,novatel_oem7_msgs.msg.SolutionStatus(status=0),novatel_oem7_msgs.msg.PositionOrVelocityType(type=53)
1786043679916116183,1786043679.915501383,/novatel/oem7/odom,/novatel/oem7/bestpos,/novatel/oem7/odom,39.663,-75.756,33.182256191,0.001391779,0.000386563,-0.000919890,-0.001044439,0.000386563,,,
1786043679926176489,1786043679.925301440,/novatel/oem7/inspva,/novatel/oem7/inspva,/novatel/oem7/inspva,39.663,-75.756,-1.800141973,0.002352478,-0.000115635,0.000988101,-0.002134903,-0.000115635,,novatel_oem7_msgs.msg.InertialSolutionStatus(status=3),
1786043679928064011,1786043679.925565322,/novatel/oem7/fix,/novatel/oem7/fix,/novatel/oem7/inspva,39.663,-75.756,-1.800141973,0.002352478,-0.000115635,0.000988101,-0.002134903,-0.000115635,,0,
1786043679929586772,1786043679.926079354,/novatel/oem7/odom,/novatel/oem7/fix,/novatel/oem7/odom,39.663,-75.756,-1.800141973,0.002352226,-0.000120661,-0.002085997,0.001087006,-0.000120661,,,
1786043679936101637,1786043679.935090127,/novatel/oem7/odom,/novatel/oem7/fix,/novatel/oem7/odom,39.663,-75.756,-1.800141973,0.002352226,-0.000120661,-0.002085997,0.001087006,-0.000120661,,,
1786043679946897933,1786043679.946014418,/novatel/oem7/inspva,/novatel/oem7/inspva,/novatel/oem7/inspva,39.663,-75.756,-1.800163466,0.002125177,-0.001139481,0.000863126,-0.001942007,-0.001139481,,novatel_oem7_msgs.msg.InertialSolutionStatus(status=3),
1786043679948594974,1786043679.946255527,/novatel/oem7/fix,/novatel/oem7/fix,/novatel/oem7/inspva,39.663,-75.756,-1.800163466,0.002125177,-0.001139481,0.000863126,-0.001942007,-0.001139481,,0,
1786043679949612087,1786043679.946858017,/novatel/oem7/odom,/novatel/oem7/fix,/novatel/oem7/odom,39.663,-75.756,-1.800163466,0.002122693,-0.001144102,-0.001895293,0.000955872,-0.001144102,,,
1786043679957009620,1786043679.956056781,/novatel/oem7/odom,/novatel/oem7/fix,/novatel/oem7/odom,39.663,-75.756,-1.800163466,0.002122693,-0.001144102,-0.001895293,0.000955872,-0.001144102,,,
1786043679966214034,1786043679.965360736,/novatel/oem7/inspva,/novatel/oem7/inspva,/novatel/oem7/inspva,39.663,-75.756,-1.800180675,0.001225418,-0.001164680,-0.001118035,-0.000501644,-0.001164680,,novatel_oem7_msgs.msg.InertialSolutionStatus(status=3),
1786043679968057289,1786043679.965659642,/novatel/oem7/fix,/novatel/oem7/fix,/novatel/oem7/inspva,39.663,-75.756,-1.800180675,0.001225418,-0.001164680,-0.001118035,-0.000501644,-0.001164680,,0,
1786043679969415886,1786043679.966232914,/novatel/oem7/odom,/novatel/oem7/fix,/novatel/oem7/odom,39.663,-75.756,-1.800180675,0.001220664,-0.001169662,-0.000548902,-0.001090288,-0.001169662,,,
1786043679976272810,1786043679.975482203,/novatel/oem7/odom,/novatel/oem7/fix,/novatel/oem7/odom,39.663,-75.756,-1.800180675,0.001220664,-0.001169662,-0.000548902,-0.001090288,-0.001169662,,,
1786043679986911402,1786043679.985961029,/novatel/oem7/inspva,/novatel/oem7/inspva,/novatel/oem7/inspva,39.663,-75.756,-1.800194588,0.001149316,-0.000702882,-0.000983251,-0.000595099,-0.000702882,,novatel_oem7_msgs.msg.InertialSolutionStatus(status=3),
1786043679988571552,1786043679.986093899,/novatel/oem7/fix,/novatel/oem7/fix,/novatel/oem7/inspva,39.663,-75.756,-1.800194588,0.001149316,-0.000702882,-0.000983251,-0.000595099,-0.000702882,,0,
1786043679990075340,1786043679.986740421,/novatel/oem7/odom,/novatel/oem7/fix,/novatel/oem7/odom,39.663,-75.756,-1.800194588,0.001146273,-0.000707832,-0.000637698,-0.000952514,-0.000707832,,,
1786043679995332796,1786043679.994363716,/novatel/oem7/odom,/novatel/oem7/fix,/novatel/oem7/odom,39.663,-75.756,-1.800194588,0.001146273,-0.000707832,-0.000637698,-0.000952514,-0.000707832,,,
1786043680010843815,1786043680.010014284,/novatel/oem7/inspva,/novatel/oem7/inspva,/novatel/oem7/inspva,39.663,-75.756,-1.800212396,0.001962963,0.000145492,0.000800254,-0.001792433,0.000145492,,novatel_oem7_msgs.msg.InertialSolutionStatus(status=3),
1786043680012314006,1786043680.010230733,/novatel/oem7/fix,/novatel/oem7/fix,/novatel/oem7/inspva,39.663,-75.756,-1.800212396,0.001962963,0.000145492,0.000800254,-0.001792433,0.000145492,,0,
1786043680013392054,1786043680.011360394,/novatel/oem7/odom,/novatel/oem7/fix,/novatel/oem7/odom,39.663,-75.756,-1.800212396,0.001963276,0.000141209,-0.001753666,0.000882671,0.000141209,,,
1786043680017079220,1786043680.016324793,/novatel/oem7/odom,/novatel/oem7/fix,/novatel/oem7/odom,39.663,-75.756,-1.800212396,0.001963276,0.000141209,-0.001753666,0.000882671,0.000141209,,,
1786043680025367859,1786043680.024393086,/novatel/oem7/bestpos,/novatel/oem7/bestpos,/novatel/oem7/odom,39.663,-75.756,33.182154045,0.001963276,0.000141209,-0.001753666,0.000882671,0.000141209,,novatel_oem7_msgs.msg.SolutionStatus(status=0),novatel_oem7_msgs.msg.PositionOrVelocityType(type=53)
1786043680027810203,1786043680.025341013,/novatel/oem7/bestvel,/novatel/oem7/bestpos,/novatel/oem7/bestvel,39.663,-75.756,33.182154045,0.001226040,-0.000251041,,,,307.787650939,novatel_oem7_msgs.msg.SolutionStatus(status=0),novatel_oem7_msgs.msg.PositionOrVelocityType(type=53)
1786043680029119509,1786043680.026284200,/novatel/oem7/inspva,/novatel/oem7/inspva,/novatel/oem7/inspva,39.663,-75.756,-1.800251483,0.001651077,-0.001315056,0.001030207,-0.001290244,-0.001315056,,novatel_oem7_msgs.msg.InertialSolutionStatus(status=3),
1786043680030339528,1786043680.026390497,/novatel/oem7/fix,/novatel/oem7/fix,/novatel/oem7/inspva,39.663,-75.756,-1.800251483,0.001651077,-0.001315056,0.001030207,-0.001290244,-0.001315056,,0,
1786043680032595314,1786043680.027189763,/novatel/oem7/odom,/novatel/oem7/fix,/novatel/oem7/odom,39.663,-75.756,-1.800251483,0.001649696,-0.001316788,-0.001235828,0.001092807,-0.001316788,,,
1786043680035514079,1786043680.034523239,/novatel/oem7/odom,/novatel/oem7/fix,/novatel/oem7/odom,39.663,-75.756,-1.800251483,0.001649696,-0.001316788,-0.001235828,0.001092807,-0.001316788,,,
1786043680046090067,1786043680.045492265,/novatel/oem7/inspva,/novatel/oem7/inspva,/novatel/oem7/inspva,39.663,-75.756,-1.800279963,0.001203429,-0.002116824,-0.001028177,-0.000625376,-0.002116824,,novatel_oem7_msgs.msg.InertialSolutionStatus(status=3),
1786043680047384193,1786043680.045580790,/novatel/oem7/fix,/novatel/oem7/fix,/novatel/oem7/inspva,39.663,-75.756,-1.800279963,0.001203429,-0.002116824,-0.001028177,-0.000625376,-0.002116824,,0,
1786043680048414603,1786043680.046470334,/novatel/oem7/odom,/novatel/oem7/fix,/novatel/oem7/odom,39.663,-75.756,-1.800279963,0.001194299,-0.002121989,-0.000664767,-0.000992187,-0.002121989,,,
1786043680057688402,1786043680.056589518,/novatel/oem7/odom,/novatel/oem7/fix,/novatel/oem7/odom,39.663,-75.756,-1.800279963,0.001194299,-0.002121989,-0.000664767,-0.000992187,-0.002121989,,,
1786043680066030304,1786043680.065363853,/novatel/oem7/inspva,/novatel/oem7/inspva,/novatel/oem7/inspva,39.663,-75.756,-1.800286174,0.000584462,-0.001108314,-0.000575398,-0.000102534,-0.001108314,,novatel_oem7_msgs.msg.InertialSolutionStatus(status=3),
1786043680067724664,1786043680.065478614,/novatel/oem7/fix,/novatel/oem7/fix,/novatel/oem7/inspva,39.663,-75.756,-1.800286174,0.000584462,-0.001108314,-0.000575398,-0.000102534,-0.001108314,,0,
1786043680069102488,1786043680.065985334,/novatel/oem7/odom,/novatel/oem7/fix,/novatel/oem7/odom,39.663,-75.756,-1.800286174,0.000580656,-0.001110313,-0.000125140,-0.000567011,-0.001110313,,,
1786043680075648372,1786043680.074766507,/novatel/oem7/odom,/novatel/oem7/fix,/novatel/oem7/odom,39.663,-75.756,-1.800286174,0.000580656,-0.001110313,-0.000125140,-0.000567011,-0.001110313,,,
1786043680086136029,1786043680.085402208,/novatel/oem7/inspva,/novatel/oem7/inspva,/novatel/oem7/inspva,39.663,-75.756,-1.800288158,0.000886519,0.000814174,0.000096082,-0.000881297,0.000814174,,novatel_oem7_msgs.msg.InertialSolutionStatus(status=3),
1786043680087650021,1786043680.085599530,/novatel/oem7/fix,/novatel/oem7/fix,/novatel/oem7/inspva,39.663,-75.756,-1.800288158,0.000886519,0.000814174,0.000096082,-0.000881297,0.000814174,,0,
1786043680088706138,1786043680.086184386,/novatel/oem7/odom,/novatel/oem7/fix,/novatel/oem7/odom,39.663,-75.756,-1.800288158,0.000889235,0.000811207,-0.000878937,0.000134942,0.000811207,,,
1786043680095571989,1786043680.094955574,/novatel/oem7/odom,/novatel/oem7/fix,/novatel/oem7/odom,39.663,-75.756,-1.800288158,0.000889235,0.000811207,-0.000878937,0.000134942,0.000811207,,,
1786043680106502687,1786043680.105865348,/novatel/oem7/inspva,/novatel/oem7/inspva,/novatel/oem7/inspva,39.663,-75.756,-1.800319228,0.001235424,-0.000276529,0.001129507,-0.000500485,-0.000276529,,novatel_oem7_msgs.msg.InertialSolutionStatus(status=3),
1786043680107887251,1786043680.106024289,/novatel/oem7/fix,/novatel/oem7/fix,/novatel/oem7/inspva,39.663,-75.756,-1.800319228,0.001235424,-0.000276529,0.001129507,-0.000500485,-0.000276529,,0,
1786043680108961141,1786043680.106501230,/novatel/oem7/odom,/novatel/oem7/fix,/novatel/oem7/odom,39.663,-75.756,-1.800319228,0.001235737,-0.000275126,-0.000446169,0.001152380,-0.000275126,,,
1786043680110378922,1786043680.108591604,/novatel/oem7/bestpos,/novatel/oem7/bestpos,/novatel/oem7/odom,39.663,-75.756,33.182013867,0.001235737,-0.000275126,-0.000446169,0.001152380,-0.000275126,,novatel_oem7_msgs.msg.SolutionStatus(status=0),novatel_oem7_msgs.msg.PositionOrVelocityType(type=53)
1786043680111266501,1786043680.109177561,/novatel/oem7/bestvel,/novatel/oem7/bestpos,/novatel/oem7/bestvel,39.663,-75.756,33.182013867,0.001810923,-0.000628595,,,,343.860682738,novatel_oem7_msgs.msg.SolutionStatus(status=0),novatel_oem7_msgs.msg.PositionOrVelocityType(type=53)
1786043680114911340,1786043680.114291152,/novatel/oem7/odom,/novatel/oem7/bestpos,/novatel/oem7/odom,39.663,-75.756,33.182013867,0.001235737,-0.000275126,-0.000446169,0.001152380,-0.000275126,,,
1786043680126455547,1786043680.125407281,/novatel/oem7/inspva,/novatel/oem7/inspva,/novatel/oem7/inspva,39.663,-75.756,-1.800352335,0.000960442,-0.002644158,-0.000309587,-0.000909177,-0.002644158,,novatel_oem7_msgs.msg.InertialSolutionStatus(status=3),
1786043680128392803,1786043680.125714340,/novatel/oem7/fix,/novatel/oem7/fix,/novatel/oem7/inspva,39.663,-75.756,-1.800352335,0.000960442,-0.002644158,-0.000309587,-0.000909177,-0.002644158,,0,
1786043680129871641,1786043680.126405781,/novatel/oem7/odom,/novatel/oem7/fix,/novatel/oem7/odom,39.663,-75.756,-1.800352335,0.000948997,-0.002648287,-0.000912769,-0.000259707,-0.002648287,,,
1786043680136452493,1786043680.135554527,/novatel/oem7/odom,/novatel/oem7/fix,/novatel/oem7/odom,39.663,-75.756,-1.800352335,0.000948997,-0.002648287,-0.000912769,-0.000259707,-0.002648287,,,
1786043680145730275,1786043680.145213197,/novatel/oem7/inspva,/novatel/oem7/inspva,/novatel/oem7/inspva,39.663,-75.756,-1.800352289,0.000706634,-0.001679286,0.000231548,-0.000667620,-0.001679286,,novatel_oem7_msgs.msg.InertialSolutionStatus(status=3),
1786043680147042711,1786043680.145278572,/novatel/oem7/fix,/novatel/oem7/fix,/novatel/oem7/inspva,39.663,-75.756,-1.800352289,0.000706634,-0.001679286,0.000231548,-0.000667620,-0.001679286,,0,
1786043680148069345,1786043680.145721608,/novatel/oem7/odom,/novatel/oem7/fix,/novatel/oem7/odom,39.663,-75.756,-1.800352289,0.000702473,-0.001681031,-0.000649779,0.000266938,-0.001681031,,,
1786043680156849352,1786043680.155738716,/novatel/oem7/odom,/novatel/oem7/fix,/novatel/oem7/odom,39.663,-75.756,-1.800352289,0.000702473,-0.001681031,-0.000649779,0.000266938,-0.001681031,,,
1786043680167289481,1786043680.166554827,/novatel/oem7/inspva,/novatel/oem7/inspva,/novatel/oem7/inspva,39.663,-75.756,-1.800357873,0.000304763,0.000034985,-0.000292359,0.000086061,0.000034985,,novatel_oem7_msgs.msg.InertialSolutionStatus(status=3),
1786043680169145439,1786043680.166770873,/novatel/oem7/fix,/novatel/oem7/fix,/novatel/oem7/inspva,39.663,-75.756,-1.800357873,0.000304763,0.000034985,-0.000292359,0.000086061,0.000034985,,0,
1786043680170466239,1786043680.167376909,/novatel/oem7/odom,/novatel/oem7/fix,/novatel/oem7/odom,39.663,-75.756,-1.800357873,0.000304822,0.000034469,0.000072188,-0.000296150,0.000034469,,,
1786043680175274580,1786043680.174579808,/novatel/oem7/odom,/novatel/oem7/fix,/novatel/oem7/odom,39.663,-75.756,-1.800357873,0.000304822,0.000034469,0.000072188,-0.000296150,0.000034469,,,
1786043680185893572,1786043680.185131888,/novatel/oem7/inspva,/novatel/oem7/inspva,/novatel/oem7/inspva,39.663,-75.756,-1.800385709,0.000546897,-0.000146827,0.000531506,0.000128830,-0.000146827,,novatel_oem7_msgs.msg.InertialSolutionStatus(status=3),
1786043680187392396,1786043680.185246258,/novatel/oem7/fix,/novatel/oem7/fix,/novatel/oem7/inspva,39.663,-75.756,-1.800385709,0.000546897,-0.000146827,0.000531506,0.000128830,-0.000146827,,0,
1786043680188459197,1786043680.185659259,/novatel/oem7/odom,/novatel/oem7/fix,/novatel/oem7/odom,39.663,-75.756,-1.800385709,0.000547427,-0.000144836,0.000154050,0.000525305,-0.000144836,,,
1786043680195345908,1786043680.194757829,/novatel/oem7/odom,/novatel/oem7/fix,/novatel/oem7/odom,39.663,-75.756,-1.800385709,0.000547427,-0.000144836,0.000154050,0.000525305,-0.000144836,,,
1786043680206860876,1786043680.206217022,/novatel/oem7/inspva,/novatel/oem7/inspva,/novatel/oem7/inspva,39.663,-75.756,-1.800435173,0.001003424,-0.003173337,0.000499165,-0.000870456,-0.003173337,,novatel_oem7_msgs.msg.InertialSolutionStatus(status=3),
1786043680208228122,1786043680.206408101,/novatel/oem7/fix,/novatel/oem7/fix,/novatel/oem7/inspva,39.663,-75.756,-1.800435173,0.001003424,-0.003173337,0.000499165,-0.000870456,-0.003173337,,0,
1786043680209248682,1786043680.206826625,/novatel/oem7/odom,/novatel/oem7/fix,/novatel/oem7/odom,39.663,-75.756,-1.800435173,0.000998060,-0.003175028,-0.000834327,0.000547743,-0.003175028,,,
1786043680210703497,1786043680.209866087,/novatel/oem7/bestpos,/novatel/oem7/bestpos,/novatel/oem7/odom,39.663,-75.756,33.181907514,0.000998060,-0.003175028,-0.000834327,0.000547743,-0.003175028,,novatel_oem7_msgs.msg.SolutionStatus(status=0),novatel_oem7_msgs.msg.PositionOrVelocityType(type=53)
1786043680212043870,1786043680.210292620,/novatel/oem7/bestvel,/novatel/oem7/bestpos,/novatel/oem7/bestvel,39.663,-75.756,33.181907514,0.001636197,-0.002853880,,,,289.501902375,novatel_oem7_msgs.msg.SolutionStatus(status=0),novatel_oem7_msgs.msg.PositionOrVelocityType(type=53)
1786043680215546035,1786043680.214847658,/novatel/oem7/odom,/novatel/oem7/bestpos,/novatel/oem7/odom,39.663,-75.756,33.181907514,0.000998060,-0.003175028,-0.000834327,0.000547743,-0.003175028,,,
1786043680226818253,1786043680.226087642,/novatel/oem7/inspva,/novatel/oem7/inspva,/novatel/oem7/inspva,39.663,-75.756,-1.800444588,0.000945748,-0.002269987,0.000531864,-0.000782023,-0.002269987,,novatel_oem7_msgs.msg.InertialSolutionStatus(status=3),
1786043680228602321,1786043680.226222861,/novatel/oem7/fix,/novatel/oem7/fix,/novatel/oem7/inspva,39.663,-75.756,-1.800444588,0.000945748,-0.002269987,0.000531864,-0.000782023,-0.002269987,,0,
1786043680230007008,1786043680.226676814,/novatel/oem7/odom,/novatel/oem7/fix,/novatel/oem7/odom,39.663,-75.756,-1.800444588,0.000942635,-0.002271281,-0.000747856,0.000573823,-0.002271281,,,
1786043680235367751,1786043680.234533029,/novatel/oem7/odom,/novatel/oem7/fix,/novatel/oem7/odom,39.663,-75.756,-1.800444588,0.000942635,-0.002271281,-0.000747856,0.000573823,-0.002271281,,,
1786043680246211588,1786043680.245366193,/novatel/oem7/inspva,/novatel/oem7/inspva,/novatel/oem7/inspva,39.663,-75.756,-1.800448139,0.000749235,-0.000189293,-0.000660234,0.000354180,-0.000189293,,novatel_oem7_msgs.msg.InertialSolutionStatus(status=3),
1786043680248297568,1786043680.245526862,/novatel/oem7/fix,/novatel/oem7/fix,/novatel/oem7/inspva,39.663,-75.756,-1.800448139,0.000749235,-0.000189293,-0.000660234,0.000354180,-0.000189293,,0,
1786043680249588928,1786043680.246172224,/novatel/oem7/odom,/novatel/oem7/fix,/novatel/oem7/odom,39.663,-75.756,-1.800448139,0.000749089,-0.000189868,0.000323683,-0.000675547,-0.000189868,,,
1786043680256984854,1786043680.256332971,/novatel/oem7/odom,/novatel/oem7/fix,/novatel/oem7/odom,39.663,-75.756,-1.800448139,0.000749089,-0.000189868,0.000323683,-0.000675547,-0.000189868,,,
1786043680265546932,1786043680.265022027,/novatel/oem7/inspva,/novatel/oem7/inspva,/novatel/oem7/inspva,39.663,-75.756,-1.800475921,0.001033355,-0.000460206,-0.000409875,0.000948591,-0.000460206,,novatel_oem7_msgs.msg.InertialSolutionStatus(status=3),
1786043680266815654,1786043680.265155555,/novatel/oem7/fix,/novatel/oem7/fix,/novatel/oem7/inspva,39.663,-75.756,-1.800475921,0.001033355,-0.000460206,-0.000409875,0.000948591,-0.000460206,,0,
1786043680267817741,1786043680.265551389,/novatel/oem7/odom,/novatel/oem7/fix,/novatel/oem7/odom,39.663,-75.756,-1.800475921,0.001034368,-0.000457926,0.000930148,-0.000452483,-0.000457926,,,
1786043680275364796,1786043680.274569498,/novatel/oem7/odom,/novatel/oem7/fix,/novatel/oem7/odom,39.663,-75.756,-1.800475921,0.001034368,-0.000457926,0.000930148,-0.000452483,-0.000457926,,,
1786043680287251203,1786043680.286687848,/novatel/oem7/inspva,/novatel/oem7/inspva,/novatel/oem7/inspva,39.663,-75.756,-1.800511975,0.001964837,-0.001680808,0.001832537,-0.000708797,-0.001680808,,novatel_oem7_msgs.msg.InertialSolutionStatus(status=3),
1786043680288584406,1786043680.286890560,/novatel/oem7/fix,/novatel/oem7/fix,/novatel/oem7/inspva,39.663,-75.756,-1.800511975,0.001964837,-0.001680808,0.001832537,-0.000708797,-0.001680808,,0,
1786043680289594116,1786043680.287390585,/novatel/oem7/odom,/novatel/oem7/fix,/novatel/oem7/odom,39.663,-75.756,-1.800511975,0.001967109,-0.001678148,-0.000616151,0.001868121,-0.001678148,,,
1786043680295515875,1786043680.294877512,/novatel/oem7/odom,/novatel/oem7/fix,/novatel/oem7/odom,39.663,-75.756,-1.800511975,0.001967109,-0.001678148,-0.000616151,0.001868121,-0.001678148,,,
1786043680306252198,1786043680.305654483,/novatel/oem7/inspva,/novatel/oem7/inspva,/novatel/oem7/inspva,39.663,-75.756,-1.800529127,0.001376600,-0.002014925,0.001071459,-0.000864293,-0.002014925,,novatel_oem7_msgs.msg.InertialSolutionStatus(status=3),
1786043680307658722,1786043680.305752137,/novatel/oem7/fix,/novatel/oem7/fix,/novatel/oem7/inspva,39.663,-75.756,-1.800529127,0.001376600,-0.002014925,0.001071459,-0.000864293,-0.002014925,,0,
1786043680308682022,1786043680.306284004,/novatel/oem7/odom,/novatel/oem7/fix,/novatel/oem7/odom,39.663,-75.756,-1.800529127,0.001376478,-0.002015009,-0.000805727,0.001116017,-0.002015009,,,
1786043680310112702,1786043680.309130771,/novatel/oem7/bestpos,/novatel/oem7/bestpos,/novatel/oem7/odom,39.663,-75.756,33.181811625,0.001376478,-0.002015009,-0.000805727,0.001116017,-0.002015009,,novatel_oem7_msgs.msg.SolutionStatus(status=0),novatel_oem7_msgs.msg.PositionOrVelocityType(type=53)
1786043680310998221,1786043680.309517843,/novatel/oem7/bestvel,/novatel/oem7/bestpos,/novatel/oem7/bestvel,39.663,-75.756,33.181811625,0.000698633,-0.001893579,,,,317.357600710,novatel_oem7_msgs.msg.SolutionStatus(status=0),novatel_oem7_msgs.msg.PositionOrVelocityType(type=53)
1786043680315194356,1786043680.314541143,/novatel/oem7/odom,/novatel/oem7/bestpos,/novatel/oem7/odom,39.663,-75.756,33.181811625,0.001376478,-0.002015009,-0.000805727,0.001116017,-0.002015009,,,
1786043680325810347,1786043680.325246762,/novatel/oem7/inspva,/novatel/oem7/inspva,/novatel/oem7/inspva,39.663,-75.756,-1.800532981,0.000860395,-0.000714369,-0.000684194,0.000521688,-0.000714369,,novatel_oem7_msgs.msg.InertialSolutionStatus(status=3),
1786043680327095284,1786043680.325426674,/novatel/oem7/fix,/novatel/oem7/fix,/novatel/oem7/inspva,39.663,-75.756,-1.800532981,0.000860395,-0.000714369,-0.000684194,0.000521688,-0.000714369,,0,
1786043680328082124,1786043680.325771931,/novatel/oem7/odom,/novatel/oem7/fix,/novatel/oem7/odom,39.663,-75.756,-1.800532981,0.000860367,-0.000714404,0.000491863,-0.000705905,-0.000714404,,,
1786043680335336551,1786043680.334702795,/novatel/oem7/odom,/novatel/oem7/fix,/novatel/oem7/odom,39.663,-75.756,-1.800532981,0.000860367,-0.000714404,0.000491863,-0.000705905,-0.000714404,,,
1786043680345974667,1786043680.345236343,/novatel/oem7/inspva,/novatel/oem7/inspva,/novatel/oem7/inspva,39.663,-75.756,-1.800556862,0.001510990,-0.000348822,-0.000578989,0.001395659,-0.000348822,,novatel_oem7_msgs.msg.InertialSolutionStatus(status=3),
1786043680347482305,1786043680.345450588,/novatel/oem7/fix,/novatel/oem7/fix,/novatel/oem7/inspva,39.663,-75.756,-1.800556862,0.001510990,-0.000348822,-0.000578989,0.001395659,-0.000348822,,0,
1786043680348541026,1786043680.345964933,/novatel/oem7/odom,/novatel/oem7/fix,/novatel/oem7/odom,39.663,-75.756,-1.800556862,0.001511784,-0.000345365,0.001368413,-0.000642602,-0.000345365,,,
1786043680356376516,1786043680.355754453,/novatel/oem7/odom,/novatel/oem7/fix,/novatel/oem7/odom,39.663,-75.756,-1.800556862,0.001511784,-0.000345365,0.001368413,-0.000642602,-0.000345365,,,
1786043680365818997,1786043680.365309605,/novatel/oem7/inspva,/novatel/oem7/inspva,/novatel/oem7/inspva,39.663,-75.756,-1.800589265,0.001673166,-0.001286794,0.001512580,0.000715253,-0.001286794,,novatel_oem7_msgs.msg.InertialSolutionStatus(status=3),
1786043680367184740,1786043680.365472239,/novatel/oem7/fix,/novatel/oem7/fix,/novatel/oem7/inspva,39.663,-75.756,-1.800589265,0.001673166,-0.001286794,0.001512580,0.000715253,-0.001286794,,0,
1786043680368581260,1786043680.366127540,/novatel/oem7/odom,/novatel/oem7/fix,/novatel/oem7/odom,39.663,-75.756,-1.800589265,0.001678487,-0.001279845,0.000789979,0.001480963,-0.001279845,,,
1786043680375974813,1786043680.375229596,/novatel/oem7/odom,/novatel/oem7/fix,/novatel/oem7/odom,39.663,-75.756,-1.800589265,0.001678487,-0.001279845,0.000789979,0.001480963,-0.001279845,,,
1786043680385504177,1786043680.384959042,/novatel/oem7/inspva,/novatel/oem7/inspva,/novatel/oem7/inspva,39.663,-75.756,-1.800612475,0.001526046,-0.001346072,0.001472240,-0.000401652,-0.001346072,,novatel_oem7_msgs.msg.InertialSolutionStatus(status=3),
1786043680386790607,1786043680.385114103,/novatel/oem7/fix,/novatel/oem7/fix,/novatel/oem7/inspva,39.663,-75.756,-1.800612475,0.001526046,-0.001346072,0.001472240,-0.000401652,-0.001346072,,0,
1786043680387862130,1786043680.385563392,/novatel/oem7/odom,/novatel/oem7/fix,/novatel/oem7/odom,39.663,-75.756,-1.800612475,0.001528440,-0.001343352,-0.000327335,0.001492978,-0.001343352,,,
1786043680395477110,1786043680.394820133,/novatel/oem7/odom,/novatel/oem7/fix,/novatel/oem7/odom,39.663,-75.756,-1.800612475,0.001528440,-0.001343352,-0.000327335,0.001492978,-0.001343352,,,
1786043680407898435,1786043680.407180287,/novatel/oem7/inspva,/novatel/oem7/inspva,/novatel/oem7/inspva,39.663,-75.756,-1.800640176,0.000318929,-0.002409293,-0.000112102,0.000298578,-0.002409293,,novatel_oem7_msgs.msg.InertialSolutionStatus(status=3),
1786043680409378517,1786043680.407289246,/novatel/oem7/fix,/novatel/oem7/fix,/novatel/oem7/inspva,39.663,-75.756,-1.800640176,0.000318929,-0.002409293,-0.000112102,0.000298578,-0.002409293,,0,
1786043680410509901,1786043680.407817408,/novatel/oem7/odom,/novatel/oem7/fix,/novatel/oem7/odom,39.663,-75.756,-1.800640176,0.000324874,-0.002408498,0.000302085,-0.000119530,-0.002408498,,,
1786043680411918468,1786043680.410083335,/novatel/oem7/bestpos,/novatel/oem7/bestpos,/novatel/oem7/odom,39.663,-75.756,33.181709999,0.000324874,-0.002408498,0.000302085,-0.000119530,-0.002408498,,novatel_oem7_msgs.msg.SolutionStatus(status=0),novatel_oem7_msgs.msg.PositionOrVelocityType(type=53)
1786043680412842724,1786043680.410520244,/novatel/oem7/bestvel,/novatel/oem7/bestpos,/novatel/oem7/bestvel,39.663,-75.756,33.181709999,0.001355035,-0.001269090,,,,219.937464870,novatel_oem7_msgs.msg.SolutionStatus(status=0),novatel_oem7_msgs.msg.PositionOrVelocityType(type=53)
1786043680415277208,1786043680.414651762,/novatel/oem7/odom,/novatel/oem7/bestpos,/novatel/oem7/odom,39.663,-75.756,33.181709999,0.000324874,-0.002408498,0.000302085,-0.000119530,-0.002408498,,,
1786043680425439632,1786043680.424972413,/novatel/oem7/inspva,/novatel/oem7/inspva,/novatel/oem7/inspva,39.663,-75.756,-1.800654145,0.001397470,-0.001049150,-0.000416342,0.001334010,-0.001049150,,novatel_oem7_msgs.msg.InertialSolutionStatus(status=3),
1786043680426687961,1786043680.425033325,/novatel/oem7/fix,/novatel/oem7/fix,/novatel/oem7/inspva,39.663,-75.756,-1.800654145,0.001397470,-0.001049150,-0.000416342,0.001334010,-0.001049150,,0,
1786043680427720608,1786043680.425462229,/novatel/oem7/odom,/novatel/oem7/fix,/novatel/oem7/odom,39.663,-75.756,-1.800654145,0.001400228,-0.001045466,0.001317064,-0.000475375,-0.001045466,,,
1786043680437362686,1786043680.436504648,/novatel/oem7/odom,/novatel/oem7/fix,/novatel/oem7/odom,39.663,-75.756,-1.800654145,0.001400228,-0.001045466,0.001317064,-0.000475375,-0.001045466,,,
1786043680446496937,1786043680.445476667,/novatel/oem7/inspva,/novatel/oem7/inspva,/novatel/oem7/inspva,39.663,-75.756,-1.800674113,0.001235915,-0.000037967,0.000867135,0.000880661,-0.000037967,,novatel_oem7_msgs.msg.InertialSolutionStatus(status=3),
1786043680448093691,1786043680.445761443,/novatel/oem7/fix,/novatel/oem7/fix,/novatel/oem7/inspva,39.663,-75.756,-1.800674113,0.001235915,-0.000037967,0.000867135,0.000880661,-0.000037967,,0,
1786043680448794600,1786043680.446384273,/novatel/oem7/odom,/novatel/oem7/fix,/novatel/oem7/odom,39.663,-75.756,-1.800674113,0.001236079,-0.000032216,0.000920324,0.000825163,-0.000032216,,,
1786043680456925499,1786043680.456439615,/novatel/oem7/odom,/novatel/oem7/fix,/novatel/oem7/odom,39.663,-75.756,-1.800674113,0.001236079,-0.000032216,0.000920324,0.000825163,-0.000032216,,,
1786043680467166484,1786043680.466193473,/novatel/oem7/inspva,/novatel/oem7/inspva,/novatel/oem7/inspva,39.663,-75.756,-1.800701543,0.001283476,-0.000951461,0.001210042,0.000427912,-0.000951461,,novatel_oem7_msgs.msg.InertialSolutionStatus(status=3),
1786043680469205331,1786043680.466280259,/novatel/oem7/fix,/novatel/oem7/fix,/novatel/oem7/inspva,39.663,-75.756,-1.800701543,0.001283476,-0.000951461,0.001210042,0.000427912,-0.000951461,,0,
1786043680470287055,1786043680.466846501,/novatel/oem7/odom,/novatel/oem7/fix,/novatel/oem7/odom,39.663,-75.756,-1.800701543,0.001287200,-0.000946417,0.000487561,0.001191289,-0.000946417,,,
1786043680475408853,1786043680.474616735,/novatel/oem7/odom,/novatel/oem7/fix,/novatel/oem7/odom,39.663,-75.756,-1.800701543,0.001287200,-0.000946417,0.000487561,0.001191289,-0.000946417,,,
1786043680485871983,1786043680.485185749,/novatel/oem7/inspva,/novatel/oem7/inspva,/novatel/oem7/inspva,39.663,-75.756,-1.800731643,0.000665723,-0.002214727,0.000370923,0.000552815,-0.002214727,,novatel_oem7_msgs.msg.InertialSolutionStatus(status=3),
1786043680487244216,1786043680.485352394,/novatel/oem7/fix,/novatel/oem7/fix,/novatel/oem7/inspva,39.663,-75.756,-1.800731643,0.000665723,-0.002214727,0.000370923,0.000552815,-0.002214727,,0,
1786043680488254879,1786043680.485803995,/novatel/oem7/odom,/novatel/oem7/fix,/novatel/oem7/odom,39.663,-75.756,-1.800731643,0.000675927,-0.002211634,0.000577874,0.000350627,-0.002211634,,,
1786043680496114387,1786043680.495381360,/novatel/oem7/odom,/novatel/oem7/fix,/novatel/oem7/odom,39.663,-75.756,-1.800731643,0.000675927,-0.002211634,0.000577874,0.000350627,-0.002211634,,,
1786043680506711319,1786043680.505908157,/novatel/oem7/inspva,/novatel/oem7/inspva,/novatel/oem7/inspva,39.663,-75.756,-1.800745649,0.001267454,-0.001811004,-0.000327482,0.001224416,-0.001811004,,novatel_oem7_msgs.msg.InertialSolutionStatus(status=3),
1786043680508164779,1786043680.506021946,/novatel/oem7/fix,/novatel/oem7/fix,/novatel/oem7/inspva,39.663,-75.756,-1.800745649,0.001267454,-0.001811004,-0.000327482,0.001224416,-0.001811004,,0,
1786043680509216423,1786043680.506497180,/novatel/oem7/odom,/novatel/oem7/fix,/novatel/oem7/odom,39.663,-75.756,-1.800745649,0.001272501,-0.001807460,0.001214611,-0.000379445,-0.001807460,,,
1786043680511819309,1786043680.511051832,/novatel/oem7/bestpos,/novatel/oem7/bestpos,/novatel/oem7/odom,39.663,-75.756,33.181592390,0.001272501,-0.001807460,0.001214611,-0.000379445,-0.001807460,,novatel_oem7_msgs.msg.SolutionStatus(status=0),novatel_oem7_msgs.msg.PositionOrVelocityType(type=53)
1786043680513193296,1786043680.511469606,/novatel/oem7/bestvel,/novatel/oem7/bestpos,/novatel/oem7/bestvel,39.663,-75.756,33.181592390,0.000673051,-0.001085484,,,,164.545500849,novatel_oem7_msgs.msg.SolutionStatus(status=0),novatel_oem7_msgs.msg.PositionOrVelocityType(type=53)
1786043680515179402,1786043680.514455645,/novatel/oem7/odom,/novatel/oem7/bestpos,/novatel/oem7/odom,39.663,-75.756,33.181592390,0.001272501,-0.001807460,0.001214611,-0.000379445,-0.001807460,,,
1786043680527044930,1786043680.526512128,/novatel/oem7/inspva,/novatel/oem7/inspva,/novatel/oem7/inspva,39.663,-75.756,-1.800750520,0.001430641,0.000611226,0.000432686,0.001363641,0.000611226,,novatel_oem7_msgs.msg.InertialSolutionStatus(status=3),
1786043680528364546,1786043680.526579519,/novatel/oem7/fix,/novatel/oem7/fix,/novatel/oem7/inspva,39.663,-75.756,-1.800750520,0.001430641,0.000611226,0.000432686,0.001363641,0.000611226,,0,
1786043680529375796,1786043680.527014179,/novatel/oem7/odom,/novatel/oem7/fix,/novatel/oem7/odom,39.663,-75.756,-1.800750520,0.001427953,0.000617479,0.001380020,0.000366873,0.000617479,,,
1786043680535870345,1786043680.535080595,/novatel/oem7/odom,/novatel/oem7/fix,/novatel/oem7/odom,39.663,-75.756,-1.800750520,0.001427953,0.000617479,0.001380020,0.000366873,0.000617479,,,
1786043680545762597,1786043680.545040374,/novatel/oem7/inspva,/novatel/oem7/inspva,/novatel/oem7/inspva,39.663,-75.756,-1.800782171,0.001335785,-0.000468593,0.000784939,0.001080829,-0.000468593,,novatel_oem7_msgs.msg.InertialSolutionStatus(status=3),
1786043680547393027,1786043680.545147084,/novatel/oem7/fix,/novatel/oem7/fix,/novatel/oem7/inspva,39.663,-75.756,-1.800782171,0.001335785,-0.000468593,0.000784939,0.001080829,-0.000468593,,0,
1786043680548746675,1786043680.545617233,/novatel/oem7/odom,/novatel/oem7/fix,/novatel/oem7/odom,39.663,-75.756,-1.800782171,0.001337951,-0.000462371,0.001118093,0.000734834,-0.000462371,,,
1786043680556763914,1786043680.555962458,/novatel/oem7/odom,/novatel/oem7/fix,/novatel/oem7/odom,39.663,-75.756,-1.800782171,0.001337951,-0.000462371,0.001118093,0.000734834,-0.000462371,,,
1786043680566554248,1786043680.565400285,/novatel/oem7/inspva,/novatel/oem7/inspva,/novatel/oem7/inspva,39.663,-75.756,-1.800810594,0.001455132,-0.001720294,0.001331488,0.000586981,-0.001720294,,novatel_oem7_msgs.msg.InertialSolutionStatus(status=3),
1786043680568006194,1786043680.565766072,/novatel/oem7/fix,/novatel/oem7/fix,/novatel/oem7/inspva,39.663,-75.756,-1.800810594,0.001455132,-0.001720294,0.001331488,0.000586981,-0.001720294,,0,
1786043680568995281,1786043680.566509393,/novatel/oem7/odom,/novatel/oem7/fix,/novatel/oem7/odom,39.663,-75.756,-1.800810594,0.001462128,-0.001714352,0.000655022,0.001307197,-0.001714352,,,
1786043680575666178,1786043680.574976876,/novatel/oem7/odom,/novatel/oem7/fix,/novatel/oem7/odom,39.663,-75.756,-1.800810594,0.001462128,-0.001714352,0.000655022,0.001307197,-0.001714352,,,
1786043680586732282,1786043680.586181597,/novatel/oem7/inspva,/novatel/oem7/inspva,/novatel/oem7/inspva,39.663,-75.756,-1.800830469,0.001951467,-0.002030899,0.000474188,0.001892979,-0.002030899,,novatel_oem7_msgs.msg.InertialSolutionStatus(status=3),
1786043680587908087,1786043680.586351379,/novatel/oem7/fix,/novatel/oem7/fix,/novatel/oem7/inspva,39.663,-75.756,-1.800830469,0.001951467,-0.002030899,0.000474188,0.001892979,-0.002030899,,0,
1786043680588857874,1786043680.586803480,/novatel/oem7/odom,/novatel/oem7/fix,/novatel/oem7/odom,39.663,-75.756,-1.800830469,0.001960074,-0.002022594,0.001920742,0.000390692,-0.002022594,,,
1786043680595408713,1786043680.594567850,/novatel/oem7/odom,/novatel/oem7/fix,/novatel/oem7/odom,39.663,-75.756,-1.800830469,0.001960074,-0.002022594,0.001920742,0.000390692,-0.002022594,,,
1786043680607157269,1786043680.606546242,/novatel/oem7/inspva,/novatel/oem7/inspva,/novatel/oem7/inspva,39.663,-75.756,-1.800833015,0.002426836,0.000274192,-0.000122877,0.002423723,0.000274192,,novatel_oem7_msgs.msg.InertialSolutionStatus(status=3),
1786043680608459319,1786043680.606748864,/novatel/oem7/fix,/novatel/oem7/fix,/novatel/oem7/inspva,39.663,-75.756,-1.800833015,0.002426836,0.000274192,-0.000122877,0.002423723,0.000274192,,0,
1786043680609394937,1786043680.607252842,/novatel/oem7/odom,/novatel/oem7/fix,/novatel/oem7/odom,39.663,-75.756,-1.800833015,0.002425852,0.000282766,0.002414276,-0.000236698,0.000282766,,,
1786043680611152923,1786043680.610291115,/novatel/oem7/bestpos,/novatel/oem7/bestpos,/novatel/oem7/odom,39.663,-75.756,33.181487295,0.002425852,0.000282766,0.002414276,-0.000236698,0.000282766,,novatel_oem7_msgs.msg.SolutionStatus(status=0),novatel_oem7_msgs.msg.PositionOrVelocityType(type=53)
1786043680612410001,1786043680.610724117,/novatel/oem7/bestvel,/novatel/oem7/bestpos,/novatel/oem7/bestvel,39.663,-75.756,33.181487295,0.002834166,-0.000181544,,,,83.650639497,novatel_oem7_msgs.msg.SolutionStatus(status=0),novatel_oem7_msgs.msg.PositionOrVelocityType(type=53)
1786043680616295325,1786043680.615728546,/novatel/oem7/odom,/novatel/oem7/bestpos,/novatel/oem7/odom,39.663,-75.756,33.181487295,0.002425852,0.000282766,0.002414276,-0.000236698,0.000282766,,,
1786043680625545428,1786043680.625044988,/novatel/oem7/inspva,/novatel/oem7/inspva,/novatel/oem7/inspva,39.663,-75.756,-1.800854056,0.002567941,0.000592540,0.000634427,0.002488338,0.000592540,,novatel_oem7_msgs.msg.InertialSolutionStatus(status=3),
1786043680626731468,1786043680.625200966,/novatel/oem7/fix,/novatel/oem7/fix,/novatel/oem7/inspva,39.663,-75.756,-1.800854056,0.002567941,0.000592540,0.000634427,0.002488338,0.000592540,,0,
1786043680627678752,1786043680.625682297,/novatel/oem7/odom,/novatel/oem7/fix,/novatel/oem7/odom,39.663,-75.756,-1.800854056,0.002565392,0.000603481,0.002512986,0.000515883,0.000603481,,,
1786043680635493708,1786043680.634635229,/novatel/oem7/odom,/novatel/oem7/fix,/novatel/oem7/odom,39.663,-75.756,-1.800854056,0.002565392,0.000603481,0.002512986,0.000515883,0.000603481,,,
1786043680647249847,1786043680.646601861,/novatel/oem7/inspva,/novatel/oem7/inspva,/novatel/oem7/inspva,39.663,-75.756,-1.800884602,0.002283680,-0.001639383,0.001781369,0.001428958,-0.001639383,,novatel_oem7_msgs.msg.InertialSolutionStatus(status=3),
1786043680648630277,1786043680.646766466,/novatel/oem7/fix,/novatel/oem7/fix,/novatel/oem7/inspva,39.663,-75.756,-1.800884602,0.002283680,-0.001639383,0.001781369,0.001428958,-0.001639383,,0,
1786043680649656797,1786043680.647149640,/novatel/oem7/odom,/novatel/oem7/fix,/novatel/oem7/odom,39.663,-75.756,-1.800884602,0.002291044,-0.001629076,0.001516822,0.001717013,-0.001629076,,,
1786043680656971234,1786043680.656225759,/novatel/oem7/odom,/novatel/oem7/fix,/novatel/oem7/odom,39.663,-75.756,-1.800884602,0.002291044,-0.001629076,0.001516822,0.001717013,-0.001629076,,,
1786043680665693806,1786043680.665043136,/novatel/oem7/inspva,/novatel/oem7/inspva,/novatel/oem7/inspva,39.663,-75.756,-1.800895915,0.002400684,-0.001980664,0.001627355,0.001764936,-0.001980664,,novatel_oem7_msgs.msg.InertialSolutionStatus(status=3),
1786043680667499954,1786043680.665184795,/novatel/oem7/fix,/novatel/oem7/fix,/novatel/oem7/inspva,39.663,-75.756,-1.800895915,0.002400684,-0.001980664,0.001627355,0.001764936,-0.001980664,,0,
1786043680668506904,1786043680.665549564,/novatel/oem7/odom,/novatel/oem7/fix,/novatel/oem7/odom,39.663,-75.756,-1.800895915,0.002409804,-0.001969558,0.001846494,0.001548424,-0.001969558,,,
1786043680676355218,1786043680.675646988,/novatel/oem7/odom,/novatel/oem7/fix,/novatel/oem7/odom,39.663,-75.756,-1.800895915,0.002409804,-0.001969558,0.001846494,0.001548424,-0.001969558,,,
1786043680686214842,1786043680.685545822,/novatel/oem7/inspva,/novatel/oem7/inspva,/novatel/oem7/inspva,39.663,-75.756,-1.800895951,0.003732346,0.000070839,-0.000057922,0.003731897,0.000070839,,novatel_oem7_msgs.msg.InertialSolutionStatus(status=3),
1786043680687605786,1786043680.685688988,/novatel/oem7/fix,/novatel/oem7/fix,/novatel/oem7/inspva,39.663,-75.756,-1.800895951,0.003732346,0.000070839,-0.000057922,0.003731897,0.000070839,,0,
1786043680688611236,1786043680.686271446,/novatel/oem7/odom,/novatel/oem7/fix,/novatel/oem7/odom,39.663,-75.756,-1.800895951,0.003732066,0.000084351,0.003724825,-0.000232360,0.000084351,,,
1786043680695798110,1786043680.695120145,/novatel/oem7/odom,/novatel/oem7/fix,/novatel/oem7/odom,39.663,-75.756,-1.800895951,0.003732066,0.000084351,0.003724825,-0.000232360,0.000084351,,,
1786043680706525883,1786043680.705908288,/novatel/oem7/inspva,/novatel/oem7/inspva,/novatel/oem7/inspva,39.663,-75.756,-1.800905243,0.003332948,0.000986607,0.000318972,0.003317649,0.000986607,,novatel_oem7_msgs.msg.InertialSolutionStatus(status=3),
1786043680707874880,1786043680.705972620,/novatel/oem7/fix,/novatel/oem7/fix,/novatel/oem7/inspva,39.663,-75.756,-1.800905243,0.003332948,0.000986607,0.000318972,0.003317649,0.000986607,,0,
1786043680708874720,1786043680.706444529,/novatel/oem7/odom,/novatel/oem7/fix,/novatel/oem7/odom,39.663,-75.756,-1.800905243,0.003329041,0.000999711,0.003325146,0.000160982,0.000999711,,,
1786043680710459845,1786043680.709245356,/novatel/oem7/bestpos,/novatel/oem7/bestpos,/novatel/oem7/odom,39.663,-75.756,33.181422744,0.003329041,0.000999711,0.003325146,0.000160982,0.000999711,,novatel_oem7_msgs.msg.SolutionStatus(status=0),novatel_oem7_msgs.msg.PositionOrVelocityType(type=53)
1786043680711807302,1786043680.710023524,/novatel/oem7/bestvel,/novatel/oem7/bestpos,/novatel/oem7/bestvel,39.663,-75.756,33.181422744,0.003638876,0.000608891,,,,78.022208014,novatel_oem7_msgs.msg.SolutionStatus(status=0),novatel_oem7_msgs.msg.PositionOrVelocityType(type=53)
1786043680715393394,1786043680.714716997,/novatel/oem7/odom,/novatel/oem7/bestpos,/novatel/oem7/odom,39.663,-75.756,33.181422744,0.003329041,0.000999711,0.003325146,0.000160982,0.000999711,,,
1786043680725951668,1786043680.725334835,/novatel/oem7/inspva,/novatel/oem7/inspva,/novatel/oem7/inspva,39.663,-75.756,-1.800932028,0.003168680,-0.001124306,0.002184484,0.002295335,-0.001124306,,novatel_oem7_msgs.msg.InertialSolutionStatus(status=3),
1786043680727279851,1786043680.725508477,/novatel/oem7/fix,/novatel/oem7/fix,/novatel/oem7/inspva,39.663,-75.756,-1.800932028,0.003168680,-0.001124306,0.002184484,0.002295335,-0.001124306,,0,
1786043680728270031,1786043680.726094070,/novatel/oem7/odom,/novatel/oem7/fix,/novatel/oem7/odom,39.663,-75.756,-1.800932028,0.003173851,-0.001109624,0.002399118,0.002077875,-0.001109624,,,
1786043680736285187,1786043680.735580760,/novatel/oem7/odom,/novatel/oem7/fix,/novatel/oem7/odom,39.663,-75.756,-1.800932028,0.003173851,-0.001109624,0.002399118,0.002077875,-0.001109624,,,
1786043680746074220,1786043680.745496775,/novatel/oem7/inspva,/novatel/oem7/inspva,/novatel/oem7/inspva,39.663,-75.756,-1.800943424,0.002783650,-0.001890490,0.001717150,0.002190914,-0.001890490,,novatel_oem7_msgs.msg.InertialSolutionStatus(status=3),
1786043680747444121,1786043680.745637800,/novatel/oem7/fix,/novatel/oem7/fix,/novatel/oem7/inspva,39.663,-75.756,-1.800943424,0.002783650,-0.001890490,0.001717150,0.002190914,-0.001890490,,0,
1786043680748454261,1786043680.746261659,/novatel/oem7/odom,/novatel/oem7/fix,/novatel/oem7/odom,39.663,-75.756,-1.800943424,0.002792393,-0.001877553,0.002275893,0.001617952,-0.001877553,,,
1786043680756323925,1786043680.755668276,/novatel/oem7/odom,/novatel/oem7/fix,/novatel/oem7/odom,39.663,-75.756,-1.800943424,0.002792393,-0.001877553,0.002275893,0.001617952,-0.001877553,,,
1786043680767232516,1786043680.766665371,/novatel/oem7/inspva,/novatel/oem7/inspva,/novatel/oem7/inspva,39.663,-75.756,-1.800948205,0.003689031,-0.000684961,0.000014720,0.003689001,-0.000684961,,novatel_oem7_msgs.msg.InertialSolutionStatus(status=3),
1786043680768589893,1786043680.766821149,/novatel/oem7/fix,/novatel/oem7/fix,/novatel/oem7/inspva,39.663,-75.756,-1.800948205,0.003689031,-0.000684961,0.000014720,0.003689001,-0.000684961,,0,
1786043680769579059,1786043680.767285846,/novatel/oem7/odom,/novatel/oem7/fix,/novatel/oem7/odom,39.663,-75.756,-1.800948205,0.003691538,-0.000671316,0.003688249,-0.000155798,-0.000671316,,,
1786043680775525288,1786043680.774861185,/novatel/oem7/odom,/novatel/oem7/fix,/novatel/oem7/odom,39.663,-75.756,-1.800948205,0.003691538,-0.000671316,0.003688249,-0.000155798,-0.000671316,,,
1786043680785587011,1786043680.785063895,/novatel/oem7/inspva,/novatel/oem7/inspva,/novatel/oem7/inspva,39.663,-75.756,-1.800955480,0.004255336,0.000034424,0.000095676,0.004254261,0.000034424,,novatel_oem7_msgs.msg.InertialSolutionStatus(status=3),
1786043680786906377,1786043680.785191820,/novatel/oem7/fix,/novatel/oem7/fix,/novatel/oem7/inspva,39.663,-75.756,-1.800955480,0.004255336,0.000034424,0.000095676,0.004254261,0.000034424,,0,
1786043680787896294,1786043680.785513580,/novatel/oem7/odom,/novatel/oem7/fix,/novatel/oem7/odom,39.663,-75.756,-1.800955480,0.004255177,0.000050391,0.004253923,-0.000103283,0.000050391,,,
1786043680796402614,1786043680.795720571,/novatel/oem7/odom,/novatel/oem7/fix,/novatel/oem7/odom,39.663,-75.756,-1.800955480,0.004255177,0.000050391,0.004253923,-0.000103283,0.000050391,,,
1786043680807543728,1786043680.806727420,/novatel/oem7/inspva,/novatel/oem7/inspva,/novatel/oem7/inspva,39.663,-75.756,-1.800968985,0.003511265,-0.000051576,0.002592149,0.002368490,-0.000051576,,novatel_oem7_msgs.msg.InertialSolutionStatus(status=3),
1786043680809260835,1786043680.806933115,/novatel/oem7/fix,/novatel/oem7/fix,/novatel/oem7/inspva,39.663,-75.756,-1.800968985,0.003511265,-0.000051576,0.002592149,0.002368490,-0.000051576,,0,
1786043680810654142,1786043680.807524261,/novatel/oem7/odom,/novatel/oem7/fix,/novatel/oem7/odom,39.663,-75.756,-1.800968985,0.003511466,-0.000035369,0.002487158,0.002478798,-0.000035369,,,
1786043680812526174,1786043680.810200734,/novatel/oem7/bestpos,/novatel/oem7/bestpos,/novatel/oem7/odom,39.663,-75.756,33.181353280,0.003511466,-0.000035369,0.002487158,0.002478798,-0.000035369,,novatel_oem7_msgs.msg.SolutionStatus(status=0),novatel_oem7_msgs.msg.PositionOrVelocityType(type=53)
1786043680813702269,1786043680.810706773,/novatel/oem7/bestvel,/novatel/oem7/bestpos,/novatel/oem7/bestvel,39.663,-75.756,33.181353280,0.004541438,-0.000566291,,,,64.883961145,novatel_oem7_msgs.msg.SolutionStatus(status=0),novatel_oem7_msgs.msg.PositionOrVelocityType(type=53)
1786043680816291618,1786043680.815029812,/novatel/oem7/odom,/novatel/oem7/bestpos,/novatel/oem7/odom,39.663,-75.756,33.181353280,0.003511466,-0.000035369,0.002487158,0.002478798,-0.000035369,,,
1786043680826868552,1786043680.826060957,/novatel/oem7/inspva,/novatel/oem7/inspva,/novatel/oem7/inspva,39.663,-75.756,-1.800989603,0.003357315,-0.000929377,0.002531808,0.002204885,-0.000929377,,novatel_oem7_msgs.msg.InertialSolutionStatus(status=3),
1786043680828757284,1786043680.826227669,/novatel/oem7/fix,/novatel/oem7/fix,/novatel/oem7/inspva,39.663,-75.756,-1.800989603,0.003357315,-0.000929377,0.002531808,0.002204885,-0.000929377,,0,
1786043680829871408,1786043680.826876845,/novatel/oem7/odom,/novatel/oem7/fix,/novatel/oem7/odom,39.663,-75.756,-1.800989603,0.003361523,-0.000914042,0.002324270,0.002428499,-0.000914042,,,
1786043680835112220,1786043680.834416143,/novatel/oem7/odom,/novatel/oem7/fix,/novatel/oem7/odom,39.663,-75.756,-1.800989603,0.003361523,-0.000914042,0.002324270,0.002428499,-0.000914042,,,
1786043680845934137,1786043680.845294638,/novatel/oem7/inspva,/novatel/oem7/inspva,/novatel/oem7/inspva,39.663,-75.756,-1.801002837,0.004215792,-0.001474781,0.000541013,0.004180933,-0.001474781,,novatel_oem7_msgs.msg.InertialSolutionStatus(status=3),
1786043680847332925,1786043680.845467246,/novatel/oem7/fix,/novatel/oem7/fix,/novatel/oem7/inspva,39.663,-75.756,-1.801002837,0.004215792,-0.001474781,0.000541013,0.004180933,-0.001474781,,0,
1786043680848345501,1786043680.846087409,/novatel/oem7/odom,/novatel/oem7/fix,/novatel/oem7/odom,39.663,-75.756,-1.801002837,0.004221673,-0.001457860,0.004207220,0.000349030,-0.001457860,,,
1786043680857036184,1786043680.856364787,/novatel/oem7/odom,/novatel/oem7/fix,/novatel/oem7/odom,39.663,-75.756,-1.801002837,0.004221673,-0.001457860,0.004207220,0.000349030,-0.001457860,,,
1786043680865733160,1786043680.865088266,/novatel/oem7/inspva,/novatel/oem7/inspva,/novatel/oem7/inspva,39.663,-75.756,-1.801008206,0.003502789,-0.000714358,0.000593976,0.003452061,-0.000714358,,novatel_oem7_msgs.msg.InertialSolutionStatus(status=3),
1786043680867056936,1786043680.865234628,/novatel/oem7/fix,/novatel/oem7/fix,/novatel/oem7/inspva,39.663,-75.756,-1.801008206,0.003502789,-0.000714358,0.000593976,0.003452061,-0.000714358,,0,
1786043680868056166,1786043680.865718323,/novatel/oem7/odom,/novatel/oem7/fix,/novatel/oem7/odom,39.663,-75.756,-1.801008206,0.003505715,-0.000699862,0.003478752,0.000433962,-0.000699862,,,
1786043680875152416,1786043680.874467659,/novatel/oem7/odom,/novatel/oem7/fix,/novatel/oem7/odom,39.663,-75.756,-1.801008206,0.003505715,-0.000699862,0.003478752,0.000433962,-0.000699862,,,
1786043680887237799,1786043680.886618026,/novatel/oem7/inspva,/novatel/oem7/inspva,/novatel/oem7/inspva,39.663,-75.756,-1.801018644,0.004457414,-0.000069119,0.002180176,0.003887849,-0.000069119,,novatel_oem7_msgs.msg.InertialSolutionStatus(status=3),
1786043680888576465,1786043680.886757680,/novatel/oem7/fix,/novatel/oem7/fix,/novatel/oem7/inspva,39.663,-75.756,-1.801018644,0.004457414,-0.000069119,0.002180176,0.003887849,-0.000069119,,0,
1786043680889919882,1786043680.887207962,/novatel/oem7/odom,/novatel/oem7/fix,/novatel/oem7/odom,39.663,-75.756,-1.801018644,0.004457686,-0.000048496,0.003985677,0.001996332,-0.000048496,,,
1786043680895896981,1786043680.895184914,/novatel/oem7/odom,/novatel/oem7/fix,/novatel/oem7/odom,39.663,-75.756,-1.801018644,0.004457686,-0.000048496,0.003985677,0.001996332,-0.000048496,,,
1786043680906392544,1786043680.905825155,/novatel/oem7/inspva,/novatel/oem7/inspva,/novatel/oem7/inspva,39.663,-75.756,-1.801037764,0.003669998,0.000194808,0.002032445,0.003055823,0.000194808,,novatel_oem7_msgs.msg.InertialSolutionStatus(status=3),
1786043680907800102,1786043680.905896046,/novatel/oem7/fix,/novatel/oem7/fix,/novatel/oem7/inspva,39.663,-75.756,-1.801037764,0.003669998,0.000194808,0.002032445,0.003055823,0.000194808,,0,
1786043680908800392,1786043680.906463262,/novatel/oem7/odom,/novatel/oem7/fix,/novatel/oem7/odom,39.663,-75.756,-1.801037764,0.003669047,0.000211968,0.003146664,0.001886905,0.000211968,,,
1786043680910292100,1786043680.909433691,/novatel/oem7/bestpos,/novatel/oem7/bestpos,/novatel/oem7/odom,39.663,-75.756,33.181290212,0.003669047,0.000211968,0.003146664,0.001886905,0.000211968,,novatel_oem7_msgs.msg.SolutionStatus(status=0),novatel_oem7_msgs.msg.PositionOrVelocityType(type=53)
1786043680911656930,1786043680.910094548,/novatel/oem7/bestvel,/novatel/oem7/bestpos,/novatel/oem7/bestvel,39.663,-75.756,33.181290212,0.004537423,-0.000458550,,,,56.230412956,novatel_oem7_msgs.msg.SolutionStatus(status=0),novatel_oem7_msgs.msg.PositionOrVelocityType(type=53)
1786043680916168888,1786043680.915500604,/novatel/oem7/odom,/novatel/oem7/bestpos,/novatel/oem7/odom,39.663,-75.756,33.181290212,0.003669047,0.000211968,0.003146664,0.001886905,0.000211968,,,
1786043680925801823,1786043680.925244178,/novatel/oem7/inspva,/novatel/oem7/inspva,/novatel/oem7/inspva,39.663,-75.756,-1.801070103,0.003949514,-0.002549163,0.001638390,0.003593653,-0.002549163,,novatel_oem7_msgs.msg.InertialSolutionStatus(status=3),
1786043680927179097,1786043680.925394522,/novatel/oem7/fix,/novatel/oem7/fix,/novatel/oem7/inspva,39.663,-75.756,-1.801070103,0.003949514,-0.002549163,0.001638390,0.003593653,-0.002549163,,0,
1786043680928188817,1786043680.926032752,/novatel/oem7/odom,/novatel/oem7/fix,/novatel/oem7/odom,39.663,-75.756,-1.801070103,0.003960991,-0.002531294,0.003675935,0.001475448,-0.002531294,,,
1786043680935719368,1786043680.935055428,/novatel/oem7/odom,/novatel/oem7/fix,/novatel/oem7/odom,39.663,-75.756,-1.801070103,0.003960991,-0.002531294,0.003675935,0.001475448,-0.002531294,,,
1786043680946635262,1786043680.946086017,/novatel/oem7/inspva,/novatel/oem7/inspva,/novatel/oem7/inspva,39.663,-75.756,-1.801067598,0.003904589,-0.001432733,0.001107886,0.003744116,-0.001432733,,novatel_oem7_msgs.msg.InertialSolutionStatus(status=3),
1786043680947966709,1786043680.946231188,/novatel/oem7/fix,/novatel/oem7/fix,/novatel/oem7/inspva,39.663,-75.756,-1.801067598,0.003904589,-0.001432733,0.001107886,0.003744116,-0.001432733,,0,
1786043680948959502,1786043680.946648409,/novatel/oem7/odom,/novatel/oem7/fix,/novatel/oem7/odom,39.663,-75.756,-1.801067598,0.003910763,-0.001415795,0.003797214,0.000935540,-0.001415795,,,
1786043680956584314,1786043680.955861663,/novatel/oem7/odom,/novatel/oem7/fix,/novatel/oem7/odom,39.663,-75.756,-1.801067598,0.003910763,-0.001415795,0.003797214,0.000935540,-0.001415795,,,
1786043680965929670,1786043680.965387594,/novatel/oem7/inspva,/novatel/oem7/inspva,/novatel/oem7/inspva,39.663,-75.756,-1.801067218,0.005005858,0.000591746,0.001213785,0.004856475,0.000591746,,novatel_oem7_msgs.msg.InertialSolutionStatus(status=3),
1786043680967284556,1786043680.965540839,/novatel/oem7/fix,/novatel/oem7/fix,/novatel/oem7/inspva,39.663,-75.756,-1.801067218,0.005005858,0.000591746,0.001213785,0.004856475,0.000591746,,0,
1786043680968285096,1786043680.966135982,/novatel/oem7/odom,/novatel/oem7/fix,/novatel/oem7/odom,39.663,-75.756,-1.801067218,0.005003260,0.000613326,0.004905552,0.000983957,0.000613326,,,
1786043680976189381,1786043680.975542665,/novatel/oem7/odom,/novatel/oem7/fix,/novatel/oem7/odom,39.663,-75.756,-1.801067218,0.005003260,0.000613326,0.004905552,0.000983957,0.000613326,,,
1786043680985652515,1786043680.985084822,/novatel/oem7/inspva,/novatel/oem7/inspva,/novatel/oem7/inspva,39.663,-75.756,-1.801078809,0.005587216,0.001012505,0.001608553,0.005350658,0.001012505,,novatel_oem7_msgs.msg.InertialSolutionStatus(status=3),
1786043680986989918,1786043680.985223630,/novatel/oem7/fix,/novatel/oem7/fix,/novatel/oem7/inspva,39.663,-75.756,-1.801078809,0.005587216,0.001012505,0.001608553,0.005350658,0.001012505,,0,
1786043680987984001,1786043680.985615657,/novatel/oem7/odom,/novatel/oem7/fix,/novatel/oem7/odom,39.663,-75.756,-1.801078809,0.005582739,0.001036910,0.005416046,0.001354036,0.001036910,,,
1786043680995029310,1786043680.994350870,/novatel/oem7/odom,/novatel/oem7/fix,/novatel/oem7/odom,39.663,-75.756,-1.801078809,0.005582739,0.001036910,0.005416046,0.001354036,0.001036910,,,
1786043681010380232,1786043681.009841190,/novatel/oem7/inspva,/novatel/oem7/inspva,/novatel/oem7/inspva,39.663,-75.756,-1.801106902,0.004844983,-0.002041567,0.001881601,0.004464688,-0.002041567,,novatel_oem7_msgs.msg.InertialSolutionStatus(status=3),
1786043681011781250,1786043681.009981515,/novatel/oem7/fix,/novatel/oem7/fix,/novatel/oem7/inspva,39.663,-75.756,-1.801106902,0.004844983,-0.002041567,0.001881601,0.004464688,-0.002041567,,0,
1786043681012773883,1786043681.011155980,/novatel/oem7/odom,/novatel/oem7/fix,/novatel/oem7/odom,39.663,-75.756,-1.801106902,0.004854183,-0.002019594,0.004555564,0.001676285,-0.002019594,,,
1786043681016486739,1786043681.015814263,/novatel/oem7/odom,/novatel/oem7/fix,/novatel/oem7/odom,39.663,-75.756,-1.801106902,0.004854183,-0.002019594,0.004555564,0.001676285,-0.002019594,,,
1786043681025961963,1786043681.025046977,/novatel/oem7/bestpos,/novatel/oem7/bestpos,/novatel/oem7/odom,39.663,-75.756,33.181238405,0.004854183,-0.002019594,0.004555564,0.001676285,-0.002019594,,novatel_oem7_msgs.msg.SolutionStatus(status=0),novatel_oem7_msgs.msg.PositionOrVelocityType(type=53)
1786043681028007473,1786043681.026064947,/novatel/oem7/bestvel,/novatel/oem7/bestpos,/novatel/oem7/bestvel,39.663,-75.756,33.181238405,0.005574379,-0.001953820,,,,81.827277959,novatel_oem7_msgs.msg.SolutionStatus(status=0),novatel_oem7_msgs.msg.PositionOrVelocityType(type=53)
1786043681029325693,1786043681.027012763,/novatel/oem7/inspva,/novatel/oem7/inspva,/novatel/oem7/inspva,39.663,-75.756,-1.801111511,0.004012806,-0.002145605,0.001572440,0.003691889,-0.002145605,,novatel_oem7_msgs.msg.InertialSolutionStatus(status=3),
1786043681030529435,1786043681.027223662,/novatel/oem7/fix,/novatel/oem7/fix,/novatel/oem7/inspva,39.663,-75.756,-1.801111511,0.004012806,-0.002145605,0.001572440,0.003691889,-0.002145605,,0,
1786043681032632392,1786043681.027849172,/novatel/oem7/odom,/novatel/oem7/fix,/novatel/oem7/odom,39.663,-75.756,-1.801111511,0.004022429,-0.002127511,0.003769487,0.001403886,-0.002127511,,,
1786043681036540870,1786043681.035618101,/novatel/oem7/odom,/novatel/oem7/fix,/novatel/oem7/odom,39.663,-75.756,-1.801111511,0.004022429,-0.002127511,0.003769487,0.001403886,-0.002127511,,,
1786043681046563607,1786043681.045965844,/novatel/oem7/inspva,/novatel/oem7/inspva,/novatel/oem7/inspva,39.663,-75.756,-1.801086446,0.006011117,0.000951450,0.000872679,0.005947433,0.000951450,,novatel_oem7_msgs.msg.InertialSolutionStatus(status=3),
1786043681047915837,1786043681.046186896,/novatel/oem7/fix,/novatel/oem7/fix,/novatel/oem7/inspva,39.663,-75.756,-1.801086446,0.006011117,0.000951450,0.000872679,0.005947433,0.000951450,,0,
1786043681048951103,1786043681.046752235,/novatel/oem7/odom,/novatel/oem7/fix,/novatel/oem7/odom,39.663,-75.756,-1.801086446,0.006007178,0.000976013,0.005978016,0.000591188,0.000976013,,,
1786043681057752967,1786043681.056826968,/novatel/oem7/odom,/novatel/oem7/fix,/novatel/oem7/odom,39.663,-75.756,-1.801086446,0.006007178,0.000976013,0.005978016,0.000591188,0.000976013,,,
1786043681067020866,1786043681.066296255,/novatel/oem7/inspva,/novatel/oem7/inspva,/novatel/oem7/inspva,39.663,-75.756,-1.801076324,0.005270000,0.000677945,0.001220360,0.005126755,0.000677945,,novatel_oem7_msgs.msg.InertialSolutionStatus(status=3),
1786043681068809329,1786043681.066550714,/novatel/oem7/fix,/novatel/oem7/fix,/novatel/oem7/inspva,39.663,-75.756,-1.801076324,0.005270000,0.000677945,0.001220360,0.005126755,0.000677945,,0,
1786043681070279814,1786043681.066987811,/novatel/oem7/odom,/novatel/oem7/fix,/novatel/oem7/odom,39.663,-75.756,-1.801076324,0.005267021,0.000700712,0.005175508,0.000977563,0.000700712,,,
1786043681075815486,1786043681.074809873,/novatel/oem7/odom,/novatel/oem7/fix,/novatel/oem7/odom,39.663,-75.756,-1.801076324,0.005267021,0.000700712,0.005175508,0.000977563,0.000700712,,,
1786043681086438737,1786043681.085536339,/novatel/oem7/inspva,/novatel/oem7/inspva,/novatel/oem7/inspva,39.663,-75.756,-1.801083455,0.004274405,-0.001642862,0.002376476,0.003552872,-0.001642862,,novatel_oem7_msgs.msg.InertialSolutionStatus(status=3),
1786043681088541941,1786043681.085805251,/novatel/oem7/fix,/novatel/oem7/fix,/novatel/oem7/inspva,39.663,-75.756,-1.801083455,0.004274405,-0.001642862,0.002376476,0.003552872,-0.001642862,,0,
1786043681089741190,1786043681.086339306,/novatel/oem7/odom,/novatel/oem7/fix,/novatel/oem7/odom,39.663,-75.756,-1.801083455,0.004281988,-0.001622995,0.003666302,0.002212160,-0.001622995,,,
1786043681096712542,1786043681.095770370,/novatel/oem7/odom,/novatel/oem7/fix,/novatel/oem7/odom,39.663,-75.756,-1.801083455,0.004281988,-0.001622995,0.003666302,0.002212160,-0.001622995,,,
1786043681106609679,1786043681.106071345,/novatel/oem7/inspva,/novatel/oem7/inspva,/novatel/oem7/inspva,39.663,-75.756,-1.801067873,0.004560399,-0.001856369,0.001628812,0.004259602,-0.001856369,,novatel_oem7_msgs.msg.InertialSolutionStatus(status=3),
1786043681108367397,1786043681.106298287,/novatel/oem7/fix,/novatel/oem7/fix,/novatel/oem7/inspva,39.663,-75.756,-1.801067873,0.004560399,-0.001856369,0.001628812,0.004259602,-0.001856369,,0,
1786043681109627843,1786043681.107027364,/novatel/oem7/odom,/novatel/oem7/fix,/novatel/oem7/odom,39.663,-75.756,-1.801067873,0.004568671,-0.001835917,0.004338160,0.001432872,-0.001835917,,,
1786043681111097737,1786043681.109700447,/novatel/oem7/bestpos,/novatel/oem7/bestpos,/novatel/oem7/odom,39.663,-75.756,33.181335043,0.004568671,-0.001835917,0.004338160,0.001432872,-0.001835917,,novatel_oem7_msgs.msg.SolutionStatus(status=0),novatel_oem7_msgs.msg.PositionOrVelocityType(type=53)
1786043681112007466,1786043681.110331004,/novatel/oem7/bestvel,/novatel/oem7/bestpos,/novatel/oem7/bestvel,39.663,-75.756,33.181335043,0.004787622,-0.001663552,,,,79.135974699,novatel_oem7_msgs.msg.SolutionStatus(status=0),novatel_oem7_msgs.msg.PositionOrVelocityType(type=53)
1786043681115292936,1786043681.114585136,/novatel/oem7/odom,/novatel/oem7/bestpos,/novatel/oem7/odom,39.663,-75.756,33.181335043,0.004568671,-0.001835917,0.004338160,0.001432872,-0.001835917,,,
1786043681127724652,1786043681.126712855,/novatel/oem7/inspva,/novatel/oem7/inspva,/novatel/oem7/inspva,39.663,-75.756,-1.801044421,0.004959085,0.000083368,0.000073125,0.004958545,0.000083368,,novatel_oem7_msgs.msg.InertialSolutionStatus(status=3),
1786043681129686301,1786043681.126995385,/novatel/oem7/fix,/novatel/oem7/fix,/novatel/oem7/inspva,39.663,-75.756,-1.801044421,0.004959085,0.000083368,0.000073125,0.004958545,0.000083368,,0,
1786043681131262380,1786043681.127478543,/novatel/oem7/odom,/novatel/oem7/fix,/novatel/oem7/odom,39.663,-75.756,-1.801044421,0.004958736,0.000102017,0.004956191,-0.000158858,0.000102017,,,
1786043681136418484,1786043681.135613826,/novatel/oem7/odom,/novatel/oem7/fix,/novatel/oem7/odom,39.663,-75.756,-1.801044421,0.004958736,0.000102017,0.004956191,-0.000158858,0.000102017,,,
1786043681145898228,1786043681.145307906,/novatel/oem7/inspva,/novatel/oem7/inspva,/novatel/oem7/inspva,39.663,-75.756,-1.801029057,0.005704155,0.000748635,0.000517400,0.005680641,0.000748635,,novatel_oem7_msgs.msg.InertialSolutionStatus(status=3),
1786043681147156971,1786043681.145494074,/novatel/oem7/fix,/novatel/oem7/fix,/novatel/oem7/inspva,39.663,-75.756,-1.801029057,0.005704155,0.000748635,0.000517400,0.005680641,0.000748635,,0,
1786043681148212924,1786043681.146057237,/novatel/oem7/odom,/novatel/oem7/fix,/novatel/oem7/odom,39.663,-75.756,-1.801029057,0.005701147,0.000771215,0.005695689,0.000249387,0.000771215,,,
1786043681156900624,1786043681.155795486,/novatel/oem7/odom,/novatel/oem7/fix,/novatel/oem7/odom,39.663,-75.756,-1.801029057,0.005701147,0.000771215,0.005695689,0.000249387,0.000771215,,,
1786043681166672560,1786043681.166000617,/novatel/oem7/inspva,/novatel/oem7/inspva,/novatel/oem7/inspva,39.663,-75.756,-1.801024362,0.004191462,-0.000412711,0.002172292,0.003584620,-0.000412711,,novatel_oem7_msgs.msg.InertialSolutionStatus(status=3),
1786043681168401391,1786043681.166215612,/novatel/oem7/fix,/novatel/oem7/fix,/novatel/oem7/inspva,39.663,-75.756,-1.801024362,0.004191462,-0.000412711,0.002172292,0.003584620,-0.000412711,,0,
1786043681169712517,1786043681.166761998,/novatel/oem7/odom,/novatel/oem7/fix,/novatel/oem7/odom,39.663,-75.756,-1.801024362,0.004193341,-0.000393163,0.003683770,0.002003483,-0.000393163,,,
1786043681176032086,1786043681.175352142,/novatel/oem7/odom,/novatel/oem7/fix,/novatel/oem7/odom,39.663,-75.756,-1.801024362,0.004193341,-0.000393163,0.003683770,0.002003483,-0.000393163,,,
1786043681186084725,1786043681.185085126,/novatel/oem7/inspva,/novatel/oem7/inspva,/novatel/oem7/inspva,39.663,-75.756,-1.801004667,0.004583497,-0.001086163,0.002123523,0.004061908,-0.001086163,,novatel_oem7_msgs.msg.InertialSolutionStatus(status=3),
1786043681187598150,1786043681.185436152,/novatel/oem7/fix,/novatel/oem7/fix,/novatel/oem7/inspva,39.663,-75.756,-1.801004667,0.004583497,-0.001086163,0.002123523,0.004061908,-0.001086163,,0,
1786043681188654511,1786043681.186034875,/novatel/oem7/odom,/novatel/oem7/fix,/novatel/oem7/odom,39.663,-75.756,-1.801004667,0.004588446,-0.001065065,0.004160809,0.001934296,-0.001065065,,,
1786043681195478488,1786043681.194838979,/novatel/oem7/odom,/novatel/oem7/fix,/novatel/oem7/odom,39.663,-75.756,-1.801004667,0.004588446,-0.001065065,0.004160809,0.001934296,-0.001065065,,,
1786043681207347076,1786043681.206742633,/novatel/oem7/inspva,/novatel/oem7/inspva,/novatel/oem7/inspva,39.663,-75.756,-1.800990756,0.005858039,-0.000746105,-0.000461826,0.005839806,-0.000746105,,novatel_oem7_msgs.msg.InertialSolutionStatus(status=3),
1786043681208714056,1786043681.206920288,/novatel/oem7/fix,/novatel/oem7/fix,/novatel/oem7/inspva,39.663,-75.756,-1.800990756,0.005858039,-0.000746105,-0.000461826,0.005839806,-0.000746105,,0,
1786043681209782103,1786043681.207823297,/novatel/oem7/odom,/novatel/oem7/fix,/novatel/oem7/odom,39.663,-75.756,-1.800990756,0.005860597,-0.000725739,0.005814686,-0.000732140,-0.000725739,,,
1786043681211201091,1786043681.210413049,/novatel/oem7/bestpos,/novatel/oem7/bestpos,/novatel/oem7/odom,39.663,-75.756,33.181391078,0.005860597,-0.000725739,0.005814686,-0.000732140,-0.000725739,,novatel_oem7_msgs.msg.SolutionStatus(status=0),novatel_oem7_msgs.msg.PositionOrVelocityType(type=53)
1786043681212620818,1786043681.210890634,/novatel/oem7/bestvel,/novatel/oem7/bestpos,/novatel/oem7/bestvel,39.663,-75.756,33.181391078,0.005665861,-0.000946558,,,,89.604976851,novatel_oem7_msgs.msg.SolutionStatus(status=0),novatel_oem7_msgs.msg.PositionOrVelocityType(type=53)
1786043681215550080,1786043681.214912373,/novatel/oem7/odom,/novatel/oem7/bestpos,/novatel/oem7/odom,39.663,-75.756,33.181391078,0.005860597,-0.000725739,0.005814686,-0.000732140,-0.000725739,,,
1786043681226348340,1786043681.225428101,/novatel/oem7/inspva,/novatel/oem7/inspva,/novatel/oem7/inspva,39.663,-75.756,-1.800960783,0.005871487,0.000228066,-0.000053789,0.005871241,0.000228066,,novatel_oem7_msgs.msg.InertialSolutionStatus(status=3),
1786043681228319670,1786043681.225783695,/novatel/oem7/fix,/novatel/oem7/fix,/novatel/oem7/inspva,39.663,-75.756,-1.800960783,0.005871487,0.000228066,-0.000053789,0.005871241,0.000228066,,0,
1786043681229877958,1786043681.226502768,/novatel/oem7/odom,/novatel/oem7/fix,/novatel/oem7/odom,39.663,-75.756,-1.800960783,0.005870607,0.000249713,0.005861396,-0.000328714,0.000249713,,,
1786043681235436666,1786043681.234605165,/novatel/oem7/odom,/novatel/oem7/fix,/novatel/oem7/odom,39.663,-75.756,-1.800960783,0.005870607,0.000249713,0.005861396,-0.000328714,0.000249713,,,
1786043681245714158,1786043681.245161286,/novatel/oem7/inspva,/novatel/oem7/inspva,/novatel/oem7/inspva,39.663,-75.756,-1.800949529,0.004273125,0.000259080,0.001849760,0.003852011,0.000259080,,novatel_oem7_msgs.msg.InertialSolutionStatus(status=3),
1786043681246980204,1786043681.245366264,/novatel/oem7/fix,/novatel/oem7/fix,/novatel/oem7/inspva,39.663,-75.756,-1.800949529,0.004273125,0.000259080,0.001849760,0.003852011,0.000259080,,0,
1786043681248033641,1786043681.245701945,/novatel/oem7/odom,/novatel/oem7/fix,/novatel/oem7/odom,39.663,-75.756,-1.800949529,0.004271881,0.000278836,0.003933184,0.001667043,0.000278836,,,
1786043681257630713,1786043681.256461764,/novatel/oem7/odom,/novatel/oem7/fix,/novatel/oem7/odom,39.663,-75.756,-1.800949529,0.004271881,0.000278836,0.003933184,0.001667043,0.000278836,,,
1786043681265726026,1786043681.264991085,/novatel/oem7/inspva,/novatel/oem7/inspva,/novatel/oem7/inspva,39.663,-75.756,-1.800939079,0.004926494,-0.000943493,0.001907929,0.004542042,-0.000943493,,novatel_oem7_msgs.msg.InertialSolutionStatus(status=3),
1786043681267414629,1786043681.265258601,/novatel/oem7/fix,/novatel/oem7/fix,/novatel/oem7/inspva,39.663,-75.756,-1.800939079,0.004926494,-0.000943493,0.001907929,0.004542042,-0.000943493,,0,
1786043681268734865,1786043681.265702552,/novatel/oem7/odom,/novatel/oem7/fix,/novatel/oem7/odom,39.663,-75.756,-1.800939079,0.004930715,-0.000921181,0.004629797,0.001696150,-0.000921181,,,
1786043681275406885,1786043681.274520766,/novatel/oem7/odom,/novatel/oem7/fix,/novatel/oem7/odom,39.663,-75.756,-1.800939079,0.004930715,-0.000921181,0.004629797,0.001696150,-0.000921181,,,
1786043681287890779,1786043681.286873815,/novatel/oem7/inspva,/novatel/oem7/inspva,/novatel/oem7/inspva,39.663,-75.756,-1.800929490,0.005687091,-0.001322964,-0.000172180,0.005684483,-0.001322964,,novatel_oem7_msgs.msg.InertialSolutionStatus(status=3),
1786043681289972395,1786043681.287091341,/novatel/oem7/fix,/novatel/oem7/fix,/novatel/oem7/inspva,39.663,-75.756,-1.800929490,0.005687091,-0.001322964,-0.000172180,0.005684483,-0.001322964,,0,
1786043681291349366,1786043681.287773201,/novatel/oem7/odom,/novatel/oem7/fix,/novatel/oem7/odom,39.663,-75.756,-1.800929490,0.005691840,-0.001302379,0.005675266,-0.000434045,-0.001302379,,,
1786043681295850960,1786043681.295024342,/novatel/oem7/odom,/novatel/oem7/fix,/novatel/oem7/odom,39.663,-75.756,-1.800929490,0.005691840,-0.001302379,0.005675266,-0.000434045,-0.001302379,,,
1786043681306585099,1786043681.306077031,/novatel/oem7/inspva,/novatel/oem7/inspva,/novatel/oem7/inspva,39.663,-75.756,-1.800904350,0.005748231,-0.000642433,-0.000028459,0.005748160,-0.000642433,,novatel_oem7_msgs.msg.InertialSolutionStatus(status=3),
1786043681307914180,1786043681.306237813,/novatel/oem7/fix,/novatel/oem7/fix,/novatel/oem7/inspva,39.663,-75.756,-1.800904350,0.005748231,-0.000642433,-0.000028459,0.005748160,-0.000642433,,0,
1786043681308961880,1786043681.306658554,/novatel/oem7/odom,/novatel/oem7/fix,/novatel/oem7/odom,39.663,-75.756,-1.800904350,0.005750564,-0.000621204,0.005742979,-0.000295250,-0.000621204,,,
1786043681310458245,1786043681.309354274,/novatel/oem7/bestpos,/novatel/oem7/bestpos,/novatel/oem7/odom,39.663,-75.756,33.181474926,0.005750564,-0.000621204,0.005742979,-0.000295250,-0.000621204,,novatel_oem7_msgs.msg.SolutionStatus(status=0),novatel_oem7_msgs.msg.PositionOrVelocityType(type=53)
1786043681311839725,1786043681.309977820,/novatel/oem7/bestvel,/novatel/oem7/bestpos,/novatel/oem7/bestvel,39.663,-75.756,33.181474926,0.005159367,-0.000184765,,,,93.187264326,novatel_oem7_msgs.msg.SolutionStatus(status=0),novatel_oem7_msgs.msg.PositionOrVelocityType(type=53)
1786043681316394383,1786043681.314778389,/novatel/oem7/odom,/novatel/oem7/bestpos,/novatel/oem7/odom,39.663,-75.756,33.181474926,0.005750564,-0.000621204,0.005742979,-0.000295250,-0.000621204,,,
1786043681326188457,1786043681.325475763,/novatel/oem7/inspva,/novatel/oem7/inspva,/novatel/oem7/inspva,39.663,-75.756,-1.800884914,0.004792066,0.000786905,0.001249020,0.004626430,0.000786905,,novatel_oem7_msgs.msg.InertialSolutionStatus(status=3),
1786043681327996665,1786043681.325735416,/novatel/oem7/fix,/novatel/oem7/fix,/novatel/oem7/inspva,39.663,-75.756,-1.800884914,0.004792066,0.000786905,0.001249020,0.004626430,0.000786905,,0,
1786043681329508163,1786043681.326669405,/novatel/oem7/odom,/novatel/oem7/fix,/novatel/oem7/odom,39.663,-75.756,-1.800884914,0.004788585,0.000807822,0.004676627,0.001029418,0.000807822,,,
1786043681336207579,1786043681.335287050,/novatel/oem7/odom,/novatel/oem7/fix,/novatel/oem7/odom,39.663,-75.756,-1.800884914,0.004788585,0.000807822,0.004676627,0.001029418,0.000807822,,,
1786043681347140280,1786043681.346078454,/novatel/oem7/inspva,/novatel/oem7/inspva,/novatel/oem7/inspva,39.663,-75.756,-1.800880645,0.005003964,-0.000190632,0.001426152,0.004796430,-0.000190632,,novatel_oem7_msgs.msg.InertialSolutionStatus(status=3),
1786043681348875501,1786043681.346366853,/novatel/oem7/fix,/novatel/oem7/fix,/novatel/oem7/inspva,39.663,-75.756,-1.800880645,0.005003964,-0.000190632,0.001426152,0.004796430,-0.000190632,,0,
1786043681350264415,1786043681.347244111,/novatel/oem7/odom,/novatel/oem7/fix,/novatel/oem7/odom,39.663,-75.756,-1.800880645,0.004788609,0.000807678,0.004676649,0.001029432,0.000807678,,,
1786043681357259637,1786043681.356434249,/novatel/oem7/odom,/novatel/oem7/fix,/novatel/oem7/odom,39.663,-75.756,-1.800880645,0.005004751,-0.000168710,0.004858499,0.001201048,-0.000168710,,,
1786043681366793691,1786043681.365812261,/novatel/oem7/inspva,/novatel/oem7/inspva,/novatel/oem7/inspva,39.663,-75.756,-1.800881758,0.004642304,-0.002070283,0.000531765,0.004611747,-0.002070283,,novatel_oem7_msgs.msg.InertialSolutionStatus(status=3),
1786043681368392224,1786043681.367091731,/novatel/oem7/fix,/novatel/oem7/fix,/novatel/oem7/inspva,39.663,-75.756,-1.800881758,0.004642304,-0.002070283,0.000531765,0.004611747,-0.002070283,,0,
1786043681369397057,1786043681.367981700,/novatel/oem7/odom,/novatel/oem7/fix,/novatel/oem7/odom,39.663,-75.756,-1.800881758,0.004650530,-0.002051737,0.004639420,0.000321267,-0.002051737,,,
1786043681375803143,1786043681.375356096,/novatel/oem7/odom,/novatel/oem7/fix,/novatel/oem7/odom,39.663,-75.756,-1.800881758,0.004650530,-0.002051737,0.004639420,0.000321267,-0.002051737,,,
1786043681385333983,1786043681.385056189,/novatel/oem7/inspva,/novatel/oem7/inspva,/novatel/oem7/inspva,39.663,-75.756,-1.800850879,0.004694624,-0.001225577,0.000054921,0.004694303,-0.001225577,,novatel_oem7_msgs.msg.InertialSolutionStatus(status=3),
1786043681385885261,1786043681.385154631,/novatel/oem7/fix,/novatel/oem7/fix,/novatel/oem7/inspva,39.663,-75.756,-1.800850879,0.004694624,-0.001225577,0.000054921,0.004694303,-0.001225577,,0,
1786043681386288783,1786043681.385583537,/novatel/oem7/odom,/novatel/oem7/fix,/novatel/oem7/odom,39.663,-75.756,-1.800850879,0.004699188,-0.001207959,0.004696424,-0.000161162,-0.001207959,,,
1786043681394956281,1786043681.394477125,/novatel/oem7/odom,/novatel/oem7/fix,/novatel/oem7/odom,39.663,-75.756,-1.800850879,0.004699188,-0.001207959,0.004696424,-0.000161162,-0.001207959,,,
1786043681407240783,1786043681.406590702,/novatel/oem7/inspva,/novatel/oem7/inspva,/novatel/oem7/inspva,39.663,-75.756,-1.800820734,0.005391340,0.001137482,0.000973704,0.005302683,0.001137482,,novatel_oem7_msgs.msg.InertialSolutionStatus(status=3),
1786043681408217884,1786043681.406864442,/novatel/oem7/fix,/novatel/oem7/fix,/novatel/oem7/inspva,39.663,-75.756,-1.800820734,0.005391340,0.001137482,0.000973704,0.005302683,0.001137482,,0,
1786043681408879511,1786043681.407398666,/novatel/oem7/odom,/novatel/oem7/fix,/novatel/oem7/odom,39.663,-75.756,-1.800820734,0.005386521,0.001160087,0.005337931,0.000721875,0.001160087,,,
1786043681411280073,1786043681.410644805,/novatel/oem7/bestpos,/novatel/oem7/bestpos,/novatel/oem7/odom,39.663,-75.756,33.181536557,0.005386521,0.001160087,0.005337931,0.000721875,0.001160087,,novatel_oem7_msgs.msg.SolutionStatus(status=0),novatel_oem7_msgs.msg.PositionOrVelocityType(type=53)
1786043681412243438,1786043681.411558901,/novatel/oem7/bestvel,/novatel/oem7/bestpos,/novatel/oem7/bestvel,39.663,-75.756,33.181536557,0.005963703,0.000651053,,,,76.763009743,novatel_oem7_msgs.msg.SolutionStatus(status=0),novatel_oem7_msgs.msg.PositionOrVelocityType(type=53)
1786043681415933090,1786043681.415552313,/novatel/oem7/odom,/novatel/oem7/bestpos,/novatel/oem7/odom,39.663,-75.756,33.181536557,0.005386521,0.001160087,0.005337931,0.000721875,0.001160087,,,
1786043681425854703,1786043681.425300087,/novatel/oem7/inspva,/novatel/oem7/inspva,/novatel/oem7/inspva,39.663,-75.756,-1.800813087,0.005005869,0.000443854,0.000737494,0.004951245,0.000443854,,novatel_oem7_msgs.msg.InertialSolutionStatus(status=3),
1786043681426895020,1786043681.426448414,/novatel/oem7/fix,/novatel/oem7/fix,/novatel/oem7/inspva,39.663,-75.756,-1.800813087,0.005005869,0.000443854,0.000737494,0.004951245,0.000443854,,0,
1786043681427820278,1786043681.427497981,/novatel/oem7/odom,/novatel/oem7/fix,/novatel/oem7/odom,39.663,-75.756,-1.800813087,0.005003992,0.000464539,0.004978524,0.000504216,0.000464539,,,
1786043681435058385,1786043681.434769103,/novatel/oem7/odom,/novatel/oem7/fix,/novatel/oem7/odom,39.663,-75.756,-1.800813087,0.005003992,0.000464539,0.004978524,0.000504216,0.000464539,,,
1786043681446652581,1786043681.445482444,/novatel/oem7/inspva,/novatel/oem7/inspva,/novatel/oem7/inspva,39.663,-75.756,-1.800827397,0.004317354,-0.002581744,0.001271951,0.004125734,-0.002581744,,novatel_oem7_msgs.msg.InertialSolutionStatus(status=3),
1786043681448077252,1786043681.446916602,/novatel/oem7/fix,/novatel/oem7/fix,/novatel/oem7/inspva,39.663,-75.756,-1.800827397,0.004317354,-0.002581744,0.001271951,0.004125734,-0.002581744,,0,
1786043681448953491,1786043681.447978817,/novatel/oem7/odom,/novatel/oem7/fix,/novatel/oem7/odom,39.663,-75.756,-1.800827397,0.004328604,-0.002562837,0.004190488,0.001084725,-0.002562837,,,
1786043681457490539,1786043681.456974693,/novatel/oem7/odom,/novatel/oem7/fix,/novatel/oem7/odom,39.663,-75.756,-1.800827397,0.004328604,-0.002562837,0.004190488,0.001084725,-0.002562837,,,
1786043681466519940,1786043681.466119113,/novatel/oem7/inspva,/novatel/oem7/inspva,/novatel/oem7/inspva,39.663,-75.756,-1.800796993,0.004425701,-0.001593325,0.000527910,0.004394103,-0.001593325,,novatel_oem7_msgs.msg.InertialSolutionStatus(status=3),
1786043681467056363,1786043681.466347015,/novatel/oem7/fix,/novatel/oem7/fix,/novatel/oem7/inspva,39.663,-75.756,-1.800796993,0.004425701,-0.001593325,0.000527910,0.004394103,-0.001593325,,0,
1786043681467488104,1786043681.466790227,/novatel/oem7/odom,/novatel/oem7/fix,/novatel/oem7/odom,39.663,-75.756,-1.800796993,0.004432060,-0.001575552,0.004420030,0.000326328,-0.001575552,,,
1786043681475038428,1786043681.474537109,/novatel/oem7/odom,/novatel/oem7/fix,/novatel/oem7/odom,39.663,-75.756,-1.800796993,0.004432060,-0.001575552,0.004420030,0.000326328,-0.001575552,,,
1786043681486838158,1786043681.485752454,/novatel/oem7/inspva,/novatel/oem7/inspva,/novatel/oem7/inspva,39.663,-75.756,-1.800773716,0.005181592,0.000483758,0.000255923,0.005175268,0.000483758,,novatel_oem7_msgs.msg.InertialSolutionStatus(status=3),
1786043681488232975,1786043681.487416037,/novatel/oem7/fix,/novatel/oem7/fix,/novatel/oem7/inspva,39.663,-75.756,-1.800773716,0.005181592,0.000483758,0.000255923,0.005175268,0.000483758,,0,
1786043681489070376,1786043681.488560772,/novatel/oem7/odom,/novatel/oem7/fix,/novatel/oem7/odom,39.663,-75.756,-1.800773716,0.005179676,0.000503864,0.005179660,0.000012648,0.000503864,,,
1786043681496382843,1786043681.495992582,/novatel/oem7/odom,/novatel/oem7/fix,/novatel/oem7/odom,39.663,-75.756,-1.800773716,0.005179676,0.000503864,0.005179660,0.000012648,0.000503864,,,
1786043681506889670,1786043681.506459519,/novatel/oem7/inspva,/novatel/oem7/inspva,/novatel/oem7/inspva,39.663,-75.756,-1.800772863,0.005296980,-0.000255172,0.000195880,0.005293357,-0.000255172,,novatel_oem7_msgs.msg.InertialSolutionStatus(status=3),
1786043681507715072,1786043681.506612824,/novatel/oem7/fix,/novatel/oem7/fix,/novatel/oem7/inspva,39.663,-75.756,-1.800772863,0.005296980,-0.000255172,0.000195880,0.005293357,-0.000255172,,0,
1786043681508179581,1786043681.507061995,/novatel/oem7/odom,/novatel/oem7/fix,/novatel/oem7/odom,39.663,-75.756,-1.800772863,0.005297919,-0.000234864,0.005297675,-0.000050832,-0.000234864,,,
1786043681511735354,1786043681.511269495,/novatel/oem7/bestpos,/novatel/oem7/bestpos,/novatel/oem7/odom,39.663,-75.756,33.181583994,0.005297919,-0.000234864,0.005297675,-0.000050832,-0.000234864,,novatel_oem7_msgs.msg.SolutionStatus(status=0),novatel_oem7_msgs.msg.PositionOrVelocityType(type=53)
1786043681512605206,1786043681.511625431,/novatel/oem7/bestvel,/novatel/oem7/bestpos,/novatel/oem7/bestvel,39.663,-75.756,33.181583994,0.006143903,-0.000924541,,,,84.192893154,novatel_oem7_msgs.msg.SolutionStatus(status=0),novatel_oem7_msgs.msg.PositionOrVelocityType(type=53)
1786043681515454189,1786043681.515032353,/novatel/oem7/odom,/novatel/oem7/bestpos,/novatel/oem7/odom,39.663,-75.756,33.181583994,0.005297919,-0.000234864,0.005297675,-0.000050832,-0.000234864,,,
1786043681527811547,1786043681.527049603,/novatel/oem7/inspva,/novatel/oem7/inspva,/novatel/oem7/inspva,39.663,-75.756,-1.800786952,0.004433420,-0.001801489,0.001941845,0.003985530,-0.001801489,,novatel_oem7_msgs.msg.InertialSolutionStatus(status=3),
1786043681528810837,1786043681.528232205,/novatel/oem7/fix,/novatel/oem7/fix,/novatel/oem7/inspva,39.663,-75.756,-1.800786952,0.004433420,-0.001801489,0.001941845,0.003985530,-0.001801489,,0,
1786043681530017153,1786043681.529511163,/novatel/oem7/odom,/novatel/oem7/fix,/novatel/oem7/odom,39.663,-75.756,-1.800786952,0.004441610,-0.001781200,0.004078707,0.001758422,-0.001781200,,,
1786043681534992539,1786043681.534682244,/novatel/oem7/odom,/novatel/oem7/fix,/novatel/oem7/odom,39.663,-75.756,-1.800786952,0.004441610,-0.001781200,0.004078707,0.001758422,-0.001781200,,,
1786043681545755637,1786043681.545128650,/novatel/oem7/inspva,/novatel/oem7/inspva,/novatel/oem7/inspva,39.663,-75.756,-1.800765835,0.003303233,-0.001343404,0.000902733,0.003177486,-0.001343404,,novatel_oem7_msgs.msg.InertialSolutionStatus(status=3),
1786043681547028270,1786043681.545368058,/novatel/oem7/fix,/novatel/oem7/fix,/novatel/oem7/inspva,39.663,-75.756,-1.800765835,0.003303233,-0.001343404,0.000902733,0.003177486,-0.001343404,,0,
1786043681547759321,1786043681.545871921,/novatel/oem7/odom,/novatel/oem7/fix,/novatel/oem7/odom,39.663,-75.756,-1.800765835,0.003309031,-0.001329056,0.003221307,0.000756880,-0.001329056,,,
1786043681557115226,1786043681.556677168,/novatel/oem7/odom,/novatel/oem7/fix,/novatel/oem7/odom,39.663,-75.756,-1.800765835,0.003309031,-0.001329056,0.003221307,0.000756880,-0.001329056,,,
1786043681566306041,1786043681.565593072,/novatel/oem7/inspva,/novatel/oem7/inspva,/novatel/oem7/inspva,39.663,-75.756,-1.800731078,0.004875817,0.001118293,0.000356136,0.004862794,0.001118293,,novatel_oem7_msgs.msg.InertialSolutionStatus(status=3),
1786043681567241974,1786043681.566701780,/novatel/oem7/fix,/novatel/oem7/fix,/novatel/oem7/inspva,39.663,-75.756,-1.800731078,0.004875817,0.001118293,0.000356136,0.004862794,0.001118293,,0,
1786043681567845183,1786043681.567315770,/novatel/oem7/odom,/novatel/oem7/fix,/novatel/oem7/odom,39.663,-75.756,-1.800731078,0.004871413,0.001137328,0.004869792,0.000125646,0.001137328,,,
1786043681575531758,1786043681.574950462,/novatel/oem7/odom,/novatel/oem7/fix,/novatel/oem7/odom,39.663,-75.756,-1.800731078,0.004871413,0.001137328,0.004869792,0.000125646,0.001137328,,,
1786043681586679940,1786043681.586091029,/novatel/oem7/inspva,/novatel/oem7/inspva,/novatel/oem7/inspva,39.663,-75.756,-1.800725010,0.004828164,0.000233973,-0.000006874,0.004828159,0.000233973,,novatel_oem7_msgs.msg.InertialSolutionStatus(status=3),
1786043681587714249,1786043681.586387089,/novatel/oem7/fix,/novatel/oem7/fix,/novatel/oem7/inspva,39.663,-75.756,-1.800725010,0.004828164,0.000233973,-0.000006874,0.004828159,0.000233973,,0,
1786043681588365324,1786043681.587061172,/novatel/oem7/odom,/novatel/oem7/fix,/novatel/oem7/odom,39.663,-75.756,-1.800725010,0.004827259,0.000251958,0.004821631,-0.000233021,0.000251958,,,
1786043681594836445,1786043681.594386651,/novatel/oem7/odom,/novatel/oem7/fix,/novatel/oem7/odom,39.663,-75.756,-1.800725010,0.004827259,0.000251958,0.004821631,-0.000233021,0.000251958,,,
1786043681607882391,1786043681.607006206,/novatel/oem7/inspva,/novatel/oem7/inspva,/novatel/oem7/inspva,39.663,-75.756,-1.800726465,0.004434932,-0.000765752,0.001802635,0.004052052,-0.000765752,,novatel_oem7_msgs.msg.InertialSolutionStatus(status=3),
1786043681609898560,1786043681.607341422,/novatel/oem7/fix,/novatel/oem7/fix,/novatel/oem7/inspva,39.663,-75.756,-1.800726465,0.004434932,-0.000765752,0.001802635,0.004052052,-0.000765752,,0,
1786043681610569476,1786043681.607897388,/novatel/oem7/odom,/novatel/oem7/fix,/novatel/oem7/odom,39.663,-75.756,-1.800726465,0.004438346,-0.000745708,0.004134703,0.001613427,-0.000745708,,,
1786043681611347231,1786043681.610130236,/novatel/oem7/bestpos,/novatel/oem7/bestpos,/novatel/oem7/odom,39.663,-75.756,33.181650134,0.004438346,-0.000745708,0.004134703,0.001613427,-0.000745708,,novatel_oem7_msgs.msg.SolutionStatus(status=0),novatel_oem7_msgs.msg.PositionOrVelocityType(type=53)
1786043681611819884,1786043681.610577528,/novatel/oem7/bestvel,/novatel/oem7/bestpos,/novatel/oem7/bestvel,39.663,-75.756,33.181650134,0.003834105,-0.000497864,,,,57.127353760,novatel_oem7_msgs.msg.SolutionStatus(status=0),novatel_oem7_msgs.msg.PositionOrVelocityType(type=53)
1786043681616042858,1786043681.615598597,/novatel/oem7/odom,/novatel/oem7/bestpos,/novatel/oem7/odom,39.663,-75.756,33.181650134,0.004438346,-0.000745708,0.004134703,0.001613427,-0.000745708,,,
1786043681625417309,1786043681.625076437,/novatel/oem7/inspva,/novatel/oem7/inspva,/novatel/oem7/inspva,39.663,-75.756,-1.800705176,0.003298842,-0.000618426,0.001286816,0.003037510,-0.000618426,,novatel_oem7_msgs.msg.InertialSolutionStatus(status=3),
1786043681626098640,1786043681.625281046,/novatel/oem7/fix,/novatel/oem7/fix,/novatel/oem7/inspva,39.663,-75.756,-1.800705176,0.003298842,-0.000618426,0.001286816,0.003037510,-0.000618426,,0,
1786043681626655727,1786043681.625711894,/novatel/oem7/odom,/novatel/oem7/fix,/novatel/oem7/odom,39.663,-75.756,-1.800705176,0.003301612,-0.000603468,0.003096654,0.001145153,-0.000603468,,,
1786043681634791200,1786043681.634433754,/novatel/oem7/odom,/novatel/oem7/fix,/novatel/oem7/odom,39.663,-75.756,-1.800705176,0.003301612,-0.000603468,0.003096654,0.001145153,-0.000603468,,,
1786043681647504318,1786043681.646667018,/novatel/oem7/inspva,/novatel/oem7/inspva,/novatel/oem7/inspva,39.663,-75.756,-1.800680176,0.003762992,0.000113733,0.000201717,0.003757581,0.000113733,,novatel_oem7_msgs.msg.InertialSolutionStatus(status=3),
1786043681648597277,1786043681.647076212,/novatel/oem7/fix,/novatel/oem7/fix,/novatel/oem7/inspva,39.663,-75.756,-1.800680176,0.003762992,0.000113733,0.000201717,0.003757581,0.000113733,,0,
1786043681649226183,1786043681.647608990,/novatel/oem7/odom,/novatel/oem7/fix,/novatel/oem7/odom,39.663,-75.756,-1.800680176,0.003762529,0.000128139,0.003762441,0.000025727,0.000128139,,,
1786043681656525904,1786043681.656110061,/novatel/oem7/odom,/novatel/oem7/fix,/novatel/oem7/odom,39.663,-75.756,-1.800680176,0.003762529,0.000128139,0.003762441,0.000025727,0.000128139,,,
1786043681665271014,1786043681.665006482,/novatel/oem7/inspva,/novatel/oem7/inspva,/novatel/oem7/inspva,39.663,-75.756,-1.800667821,0.004894640,0.000212296,0.000090458,0.004893804,0.000212296,,novatel_oem7_msgs.msg.InertialSolutionStatus(status=3),
1786043681665791567,1786043681.665208794,/novatel/oem7/fix,/novatel/oem7/fix,/novatel/oem7/inspva,39.663,-75.756,-1.800667821,0.004894640,0.000212296,0.000090458,0.004893804,0.000212296,,0,
1786043681666361278,1786043681.665588421,/novatel/oem7/odom,/novatel/oem7/fix,/novatel/oem7/odom,39.663,-75.756,-1.800667821,0.004893812,0.000230603,0.004891845,-0.000138734,0.000230603,,,
1786043681676121088,1786043681.675712031,/novatel/oem7/odom,/novatel/oem7/fix,/novatel/oem7/odom,39.663,-75.756,-1.800667821,0.004893812,0.000230603,0.004891845,-0.000138734,0.000230603,,,
1786043681686273805,1786043681.685923976,/novatel/oem7/inspva,/novatel/oem7/inspva,/novatel/oem7/inspva,39.663,-75.756,-1.800668617,0.004159622,-0.000201150,0.001818455,0.003741080,-0.000201150,,novatel_oem7_msgs.msg.InertialSolutionStatus(status=3),
1786043681686803208,1786043681.686138761,/novatel/oem7/fix,/novatel/oem7/fix,/novatel/oem7/inspva,39.663,-75.756,-1.800668617,0.004159622,-0.000201150,0.001818455,0.003741080,-0.000201150,,0,
1786043681687393737,1786043681.686661086,/novatel/oem7/odom,/novatel/oem7/fix,/novatel/oem7/odom,39.663,-75.756,-1.800668617,0.004160501,-0.000182074,0.003822631,0.001642334,-0.000182074,,,
1786043681695327660,1786043681.695024969,/novatel/oem7/odom,/novatel/oem7/fix,/novatel/oem7/odom,39.663,-75.756,-1.800668617,0.004160501,-0.000182074,0.003822631,0.001642334,-0.000182074,,,
1786043681706775671,1786043681.706156589,/novatel/oem7/inspva,/novatel/oem7/inspva,/novatel/oem7/inspva,39.663,-75.756,-1.800655756,0.003783755,-0.000441293,0.001603950,0.003426973,-0.000441293,,novatel_oem7_msgs.msg.InertialSolutionStatus(status=3),
1786043681707771932,1786043681.706498482,/novatel/oem7/fix,/novatel/oem7/fix,/novatel/oem7/inspva,39.663,-75.756,-1.800655756,0.003783755,-0.000441293,0.001603950,0.003426973,-0.000441293,,0,
1786043681708362133,1786043681.706952967,/novatel/oem7/odom,/novatel/oem7/fix,/novatel/oem7/odom,39.663,-75.756,-1.800655756,0.003785719,-0.000424115,0.003499788,0.001443313,-0.000424115,,,
1786043681709828324,1786043681.709346207,/novatel/oem7/bestpos,/novatel/oem7/bestpos,/novatel/oem7/odom,39.663,-75.756,33.181717532,0.003785719,-0.000424115,0.003499788,0.001443313,-0.000424115,,novatel_oem7_msgs.msg.SolutionStatus(status=0),novatel_oem7_msgs.msg.PositionOrVelocityType(type=53)
1786043681710609444,1786043681.710037237,/novatel/oem7/bestvel,/novatel/oem7/bestpos,/novatel/oem7/bestvel,39.663,-75.756,33.181717532,0.003693615,-0.000158695,,,,74.254901031,novatel_oem7_msgs.msg.SolutionStatus(status=0),novatel_oem7_msgs.msg.PositionOrVelocityType(type=53)
1786043681714953522,1786043681.714590576,/novatel/oem7/odom,/novatel/oem7/bestpos,/novatel/oem7/odom,39.663,-75.756,33.181717532,0.003785719,-0.000424115,0.003499788,0.001443313,-0.000424115,,,
1786043681725618223,1786043681.725351728,/novatel/oem7/inspva,/novatel/oem7/inspva,/novatel/oem7/inspva,39.663,-75.756,-1.800642061,0.004161405,-0.000631105,-0.000071724,0.004160787,-0.000631105,,novatel_oem7_msgs.msg.InertialSolutionStatus(status=3),
1786043681726125937,1786043681.725550310,/novatel/oem7/fix,/novatel/oem7/fix,/novatel/oem7/inspva,39.663,-75.756,-1.800642061,0.004161405,-0.000631105,-0.000071724,0.004160787,-0.000631105,,0,
1786043681726719892,1786043681.726252887,/novatel/oem7/odom,/novatel/oem7/fix,/novatel/oem7/odom,39.663,-75.756,-1.800642061,0.004163660,-0.000616055,0.004155264,-0.000264290,-0.000616055,,,
1786043681736223523,1786043681.735617520,/novatel/oem7/odom,/novatel/oem7/fix,/novatel/oem7/odom,39.663,-75.756,-1.800642061,0.004163660,-0.000616055,0.004155264,-0.000264290,-0.000616055,,,
1786043681745709177,1786043681.745189495,/novatel/oem7/inspva,/novatel/oem7/inspva,/novatel/oem7/inspva,39.663,-75.756,-1.800619177,0.004573459,-0.000173444,-0.000482634,0.004547922,-0.000173444,,novatel_oem7_msgs.msg.InertialSolutionStatus(status=3),
1786043681746512941,1786043681.745589582,/novatel/oem7/fix,/novatel/oem7/fix,/novatel/oem7/inspva,39.663,-75.756,-1.800619177,0.004573459,-0.000173444,-0.000482634,0.004547922,-0.000173444,,0,
1786043681747080544,1786043681.746077670,/novatel/oem7/odom,/novatel/oem7/fix,/novatel/oem7/odom,39.663,-75.756,-1.800619177,0.004574013,-0.000158152,0.004521064,-0.000693958,-0.000158152,,,
1786043681756390455,1786043681.755816053,/novatel/oem7/odom,/novatel/oem7/fix,/novatel/oem7/odom,39.663,-75.756,-1.800619177,0.004574013,-0.000158152,0.004521064,-0.000693958,-0.000158152,,,
1786043681767130321,1786043681.766574510,/novatel/oem7/inspva,/novatel/oem7/inspva,/novatel/oem7/inspva,39.663,-75.756,-1.800608249,0.004327082,0.000721605,0.001053889,0.004196780,0.000721605,,novatel_oem7_msgs.msg.InertialSolutionStatus(status=3),
1786043681767935508,1786043681.766819755,/novatel/oem7/fix,/novatel/oem7/fix,/novatel/oem7/inspva,39.663,-75.756,-1.800608249,0.004327082,0.000721605,0.001053889,0.004196780,0.000721605,,0,
1786043681768371656,1786043681.767340103,/novatel/oem7/odom,/novatel/oem7/fix,/novatel/oem7/odom,39.663,-75.756,-1.800608249,0.004323949,0.000740150,0.004238614,0.000854801,0.000740150,,,
1786043681775439806,1786043681.774977253,/novatel/oem7/odom,/novatel/oem7/fix,/novatel/oem7/odom,39.663,-75.756,-1.800608249,0.004323949,0.000740150,0.004238614,0.000854801,0.000740150,,,
1786043681785403935,1786043681.785045742,/novatel/oem7/inspva,/novatel/oem7/inspva,/novatel/oem7/inspva,39.663,-75.756,-1.800595535,0.003764702,0.000052792,0.001561515,0.003425588,0.000052792,,novatel_oem7_msgs.msg.InertialSolutionStatus(status=3),
1786043681786130107,1786043681.785342908,/novatel/oem7/fix,/novatel/oem7/fix,/novatel/oem7/inspva,39.663,-75.756,-1.800595535,0.003764702,0.000052792,0.001561515,0.003425588,0.000052792,,0,
1786043681786691778,1786043681.785783079,/novatel/oem7/odom,/novatel/oem7/fix,/novatel/oem7/odom,39.663,-75.756,-1.800595535,0.003764424,0.000069878,0.003494533,0.001399687,0.000069878,,,
1786043681796049469,1786043681.795569262,/novatel/oem7/odom,/novatel/oem7/fix,/novatel/oem7/odom,39.663,-75.756,-1.800595535,0.003764424,0.000069878,0.003494533,0.001399687,0.000069878,,,
1786043681807295801,1786043681.806609945,/novatel/oem7/inspva,/novatel/oem7/inspva,/novatel/oem7/inspva,39.663,-75.756,-1.800586014,0.003731576,-0.000961390,0.000378119,0.003712369,-0.000961390,,novatel_oem7_msgs.msg.InertialSolutionStatus(status=3),
1786043681808322056,1786043681.807008985,/novatel/oem7/fix,/novatel/oem7/fix,/novatel/oem7/inspva,39.663,-75.756,-1.800586014,0.003731576,-0.000961390,0.000378119,0.003712369,-0.000961390,,0,
1786043681808970956,1786043681.807558361,/novatel/oem7/odom,/novatel/oem7/fix,/novatel/oem7/odom,39.663,-75.756,-1.800586014,0.003735323,-0.000946729,0.003729586,0.000206943,-0.000946729,,,
1786043681811019313,1786043681.810617515,/novatel/oem7/bestpos,/novatel/oem7/bestpos,/novatel/oem7/odom,39.663,-75.756,33.181790316,0.003735323,-0.000946729,0.003729586,0.000206943,-0.000946729,,novatel_oem7_msgs.msg.SolutionStatus(status=0),novatel_oem7_msgs.msg.PositionOrVelocityType(type=53)
1786043681811804409,1786043681.811153266,/novatel/oem7/bestvel,/novatel/oem7/bestpos,/novatel/oem7/bestvel,39.663,-75.756,33.181790316,0.003152532,-0.000336021,,,,93.583144856,novatel_oem7_msgs.msg.SolutionStatus(status=0),novatel_oem7_msgs.msg.PositionOrVelocityType(type=53)
1786043681815534276,1786043681.815178133,/novatel/oem7/odom,/novatel/oem7/bestpos,/novatel/oem7/odom,39.663,-75.756,33.181790316,0.003735323,-0.000946729,0.003729586,0.000206943,-0.000946729,,,
1786043681826557099,1786043681.826109974,/novatel/oem7/inspva,/novatel/oem7/inspva,/novatel/oem7/inspva,39.663,-75.756,-1.800566611,0.004684056,-0.000788484,0.000143988,0.004681842,-0.000788484,,novatel_oem7_msgs.msg.InertialSolutionStatus(status=3),
1786043681827266081,1786043681.826355570,/novatel/oem7/fix,/novatel/oem7/fix,/novatel/oem7/inspva,39.663,-75.756,-1.800566611,0.004684056,-0.000788484,0.000143988,0.004681842,-0.000788484,,0,
1786043681827707529,1786043681.826760541,/novatel/oem7/odom,/novatel/oem7/fix,/novatel/oem7/odom,39.663,-75.756,-1.800566611,0.004686972,-0.000770961,0.004686409,-0.000072660,-0.000770961,,,
1786043681835937830,1786043681.834591145,/novatel/oem7/odom,/novatel/oem7/fix,/novatel/oem7/odom,39.663,-75.756,-1.800566611,0.004686972,-0.000770961,0.004686409,-0.000072660,-0.000770961,,,
1786043681845805249,1786043681.845326808,/novatel/oem7/inspva,/novatel/oem7/inspva,/novatel/oem7/inspva,39.663,-75.756,-1.800550941,0.004508667,0.000753574,0.000515341,0.004479119,0.000753574,,novatel_oem7_msgs.msg.InertialSolutionStatus(status=3),
1786043681846590173,1786043681.845624474,/novatel/oem7/fix,/novatel/oem7/fix,/novatel/oem7/inspva,39.663,-75.756,-1.800550941,0.004508667,0.000753574,0.000515341,0.004479119,0.000753574,,0,
1786043681847525456,1786043681.846457132,/novatel/oem7/odom,/novatel/oem7/fix,/novatel/oem7/odom,39.663,-75.756,-1.800550941,0.004505626,0.000771550,0.004495385,0.000303603,0.000771550,,,
1786043681857142677,1786043681.856602646,/novatel/oem7/odom,/novatel/oem7/fix,/novatel/oem7/odom,39.663,-75.756,-1.800550941,0.004505626,0.000771550,0.004495385,0.000303603,0.000771550,,,
1786043681865658568,1786043681.865104903,/novatel/oem7/inspva,/novatel/oem7/inspva,/novatel/oem7/inspva,39.663,-75.756,-1.800541537,0.003846658,0.000514195,0.001295425,0.003621968,0.000514195,,novatel_oem7_msgs.msg.InertialSolutionStatus(status=3),
1786043681866434884,1786043681.865331366,/novatel/oem7/fix,/novatel/oem7/fix,/novatel/oem7/inspva,39.663,-75.756,-1.800541537,0.003846658,0.000514195,0.001295425,0.003621968,0.000514195,,0,
1786043681866878915,1786043681.865844611,/novatel/oem7/odom,/novatel/oem7/fix,/novatel/oem7/odom,39.663,-75.756,-1.800541537,0.003844343,0.000531229,0.003676522,0.001123458,0.000531229,,,
1786043681875012663,1786043681.874574320,/novatel/oem7/odom,/novatel/oem7/fix,/novatel/oem7/odom,39.663,-75.756,-1.800541537,0.003844343,0.000531229,0.003676522,0.001123458,0.000531229,,,
1786043681886973326,1786043681.886658286,/novatel/oem7/inspva,/novatel/oem7/inspva,/novatel/oem7/inspva,39.663,-75.756,-1.800543939,0.003408087,-0.001705158,0.001264467,0.003164835,-0.001705158,,novatel_oem7_msgs.msg.InertialSolutionStatus(status=3),
1786043681887698947,1786043681.886895399,/novatel/oem7/fix,/novatel/oem7/fix,/novatel/oem7/inspva,39.663,-75.756,-1.800543939,0.003408087,-0.001705158,0.001264467,0.003164835,-0.001705158,,0,
1786043681888491971,1786043681.887588256,/novatel/oem7/odom,/novatel/oem7/fix,/novatel/oem7/odom,39.663,-75.756,-1.800543939,0.003415600,-0.001690058,0.003226805,0.001119846,-0.001690058,,,
1786043681895743629,1786043681.895092566,/novatel/oem7/odom,/novatel/oem7/fix,/novatel/oem7/odom,39.663,-75.756,-1.800543939,0.003415600,-0.001690058,0.003226805,0.001119846,-0.001690058,,,
1786043681906304436,1786043681.905981261,/novatel/oem7/inspva,/novatel/oem7/inspva,/novatel/oem7/inspva,39.663,-75.756,-1.800524521,0.003748939,-0.001564777,0.000773147,0.003668349,-0.001564777,,novatel_oem7_msgs.msg.InertialSolutionStatus(status=3),
1786043681906845612,1786043681.906155292,/novatel/oem7/fix,/novatel/oem7/fix,/novatel/oem7/inspva,39.663,-75.756,-1.800524521,0.003748939,-0.001564777,0.000773147,0.003668349,-0.001564777,,0,
1786043681907293472,1786043681.906547249,/novatel/oem7/odom,/novatel/oem7/fix,/novatel/oem7/odom,39.663,-75.756,-1.800524521,0.003755400,-0.001549208,0.003706311,0.000605215,-0.001549208,,,
1786043681909898236,1786043681.909433715,/novatel/oem7/bestpos,/novatel/oem7/bestpos,/novatel/oem7/odom,39.663,-75.756,33.181847247,0.003755400,-0.001549208,0.003706311,0.000605215,-0.001549208,,novatel_oem7_msgs.msg.SolutionStatus(status=0),novatel_oem7_msgs.msg.PositionOrVelocityType(type=53)
1786043681910589545,1786043681.910213259,/novatel/oem7/bestvel,/novatel/oem7/bestpos,/novatel/oem7/bestvel,39.663,-75.756,33.181847247,0.002604764,-0.000947385,,,,73.170321038,novatel_oem7_msgs.msg.SolutionStatus(status=0),novatel_oem7_msgs.msg.PositionOrVelocityType(type=53)
1786043681915817490,1786043681.915432054,/novatel/oem7/odom,/novatel/oem7/bestpos,/novatel/oem7/odom,39.663,-75.756,33.181847247,0.003755400,-0.001549208,0.003706311,0.000605215,-0.001549208,,,
1786043681925922126,1786043681.925627138,/novatel/oem7/inspva,/novatel/oem7/inspva,/novatel/oem7/inspva,39.663,-75.756,-1.800509416,0.005302341,0.000308249,0.000041380,0.005302180,0.000308249,,novatel_oem7_msgs.msg.InertialSolutionStatus(status=3),
1786043681926410690,1786043681.925791666,/novatel/oem7/fix,/novatel/oem7/fix,/novatel/oem7/inspva,39.663,-75.756,-1.800509416,0.005302341,0.000308249,0.000041380,0.005302180,0.000308249,,0,
1786043681926977182,1786043681.926399459,/novatel/oem7/odom,/novatel/oem7/fix,/novatel/oem7/odom,39.663,-75.756,-1.800509416,0.005301172,0.000327738,0.005297126,-0.000207095,0.000327738,,,
1786043681935851291,1786043681.935241710,/novatel/oem7/odom,/novatel/oem7/fix,/novatel/oem7/odom,39.663,-75.756,-1.800509416,0.005301172,0.000327738,0.005297126,-0.000207095,0.000327738,,,
1786043681946768264,1786043681.946302992,/novatel/oem7/inspva,/novatel/oem7/inspva,/novatel/oem7/inspva,39.663,-75.756,-1.800490880,0.004416476,0.001497631,0.000640884,0.004369728,0.001497631,,novatel_oem7_msgs.msg.InertialSolutionStatus(status=3),
1786043681947595566,1786043681.946588435,/novatel/oem7/fix,/novatel/oem7/fix,/novatel/oem7/inspva,39.663,-75.756,-1.800490880,0.004416476,0.001497631,0.000640884,0.004369728,0.001497631,,0,
1786043681948154354,1786043681.947143290,/novatel/oem7/odom,/novatel/oem7/fix,/novatel/oem7/odom,39.663,-75.756,-1.800490880,0.004410391,0.001515457,0.004389177,0.000432055,0.001515457,,,
1786043681956650438,1786043681.956327755,/novatel/oem7/odom,/novatel/oem7/fix,/novatel/oem7/odom,39.663,-75.756,-1.800490880,0.004410391,0.001515457,0.004389177,0.000432055,0.001515457,,,
1786043681966132269,1786043681.965408415,/novatel/oem7/inspva,/novatel/oem7/inspva,/novatel/oem7/inspva,39.663,-75.756,-1.800504740,0.003428377,-0.002132633,0.001067886,0.003257819,-0.002132633,,novatel_oem7_msgs.msg.InertialSolutionStatus(status=3),
1786043681967056329,1786043681.965700598,/novatel/oem7/fix,/novatel/oem7/fix,/novatel/oem7/inspva,39.663,-75.756,-1.800504740,0.003428377,-0.002132633,0.001067886,0.003257819,-0.002132633,,0,
1786043681967565982,1786043681.966356640,/novatel/oem7/odom,/novatel/oem7/fix,/novatel/oem7/odom,39.663,-75.756,-1.800504740,0.003437595,-0.002117741,0.003312136,0.000920227,-0.002117741,,,
1786043681976566025,1786043681.976119587,/novatel/oem7/odom,/novatel/oem7/fix,/novatel/oem7/odom,39.663,-75.756,-1.800504740,0.003437595,-0.002117741,0.003312136,0.000920227,-0.002117741,,,
1786043681985841104,1786043681.985489893,/novatel/oem7/inspva,/novatel/oem7/inspva,/novatel/oem7/inspva,39.663,-75.756,-1.800478057,0.003576500,-0.001937563,0.000481798,0.003543900,-0.001937563,,novatel_oem7_msgs.msg.InertialSolutionStatus(status=3),
1786043681986529686,1786043681.985727532,/novatel/oem7/fix,/novatel/oem7/fix,/novatel/oem7/inspva,39.663,-75.756,-1.800478057,0.003576500,-0.001937563,0.000481798,0.003543900,-0.001937563,,0,
1786043681987342206,1786043681.986337368,/novatel/oem7/odom,/novatel/oem7/fix,/novatel/oem7/odom,39.663,-75.756,-1.800478057,0.003584125,-0.001923423,0.003569728,0.000320923,-0.001923423,,,
1786043681995051579,1786043681.994458228,/novatel/oem7/odom,/novatel/oem7/fix,/novatel/oem7/odom,39.663,-75.756,-1.800478057,0.003584125,-0.001923423,0.003569728,0.000320923,-0.001923423,,,
1786043682010199767,1786043682.009650852,/novatel/oem7/inspva,/novatel/oem7/inspva,/novatel/oem7/inspva,39.663,-75.756,-1.800453362,0.005575985,0.000664505,-0.000495687,0.005553909,0.000664505,,novatel_oem7_msgs.msg.InertialSolutionStatus(status=3),
1786043682011567151,1786043682.009960128,/novatel/oem7/fix,/novatel/oem7/fix,/novatel/oem7/inspva,39.663,-75.756,-1.800453362,0.005575985,0.000664505,-0.000495687,0.005553909,0.000664505,,0,
1786043682012880700,1786043682.011107696,/novatel/oem7/odom,/novatel/oem7/fix,/novatel/oem7/odom,39.663,-75.756,-1.800453362,0.005573711,0.000683316,0.005522163,-0.000756293,0.000683316,,,
1786043682015691788,1786043682.015273431,/novatel/oem7/odom,/novatel/oem7/fix,/novatel/oem7/odom,39.663,-75.756,-1.800453362,0.005573711,0.000683316,0.005522163,-0.000756293,0.000683316,,,
1786043682027435435,1786043682.026911826,/novatel/oem7/inspva,/novatel/oem7/inspva,/novatel/oem7/inspva,39.663,-75.756,-1.800432129,0.004936067,0.001519405,-0.000110908,0.004934821,0.001519405,,novatel_oem7_msgs.msg.InertialSolutionStatus(status=3),
1786043682028175202,1786043682.027148611,/novatel/oem7/fix,/novatel/oem7/fix,/novatel/oem7/inspva,39.663,-75.756,-1.800432129,0.004936067,0.001519405,-0.000110908,0.004934821,0.001519405,,0,
1786043682028806548,1786043682.028228016,/novatel/oem7/odom,/novatel/oem7/fix,/novatel/oem7/odom,39.663,-75.756,-1.800432129,0.004930611,0.001537020,0.004918501,-0.000345350,0.001537020,,,
1786043682029880679,1786043682.029562569,/novatel/oem7/bestpos,/novatel/oem7/bestpos,/novatel/oem7/odom,39.663,-75.756,33.181907157,0.004930611,0.001537020,0.004918501,-0.000345350,0.001537020,,novatel_oem7_msgs.msg.SolutionStatus(status=0),novatel_oem7_msgs.msg.PositionOrVelocityType(type=53)
1786043682030615075,1786043682.030278199,/novatel/oem7/bestvel,/novatel/oem7/bestpos,/novatel/oem7/bestvel,39.663,-75.756,33.181907157,0.005918854,0.000044193,,,,87.534378759,novatel_oem7_msgs.msg.SolutionStatus(status=0),novatel_oem7_msgs.msg.PositionOrVelocityType(type=53)
1786043682036183488,1786043682.035681009,/novatel/oem7/odom,/novatel/oem7/bestpos,/novatel/oem7/odom,39.663,-75.756,33.181907157,0.004930611,0.001537020,0.004918501,-0.000345350,0.001537020,,,
1786043682046012595,1786043682.045557203,/novatel/oem7/inspva,/novatel/oem7/inspva,/novatel/oem7/inspva,39.663,-75.756,-1.800424333,0.003284789,-0.000670466,0.001492344,0.002926217,-0.000670466,,novatel_oem7_msgs.msg.InertialSolutionStatus(status=3),
1786043682046774826,1786043682.045825736,/novatel/oem7/fix,/novatel/oem7/fix,/novatel/oem7/inspva,39.663,-75.756,-1.800424333,0.003284789,-0.000670466,0.001492344,0.002926217,-0.000670466,,0,
1786043682047603978,1786043682.046542877,/novatel/oem7/odom,/novatel/oem7/fix,/novatel/oem7/odom,39.663,-75.756,-1.800424333,0.003287797,-0.000655557,0.002995218,0.001355829,-0.000655557,,,
1786043682056985191,1786043682.056579886,/novatel/oem7/odom,/novatel/oem7/fix,/novatel/oem7/odom,39.663,-75.756,-1.800424333,0.003287797,-0.000655557,0.002995218,0.001355829,-0.000655557,,,
1786043682066806568,1786043682.066205597,/novatel/oem7/inspva,/novatel/oem7/inspva,/novatel/oem7/inspva,39.663,-75.756,-1.800409297,0.002895930,-0.001617473,0.001021743,0.002709696,-0.001617473,,novatel_oem7_msgs.msg.InertialSolutionStatus(status=3),
1786043682067856797,1786043682.066407739,/novatel/oem7/fix,/novatel/oem7/fix,/novatel/oem7/inspva,39.663,-75.756,-1.800409297,0.002895930,-0.001617473,0.001021743,0.002709696,-0.001617473,,0,
1786043682068494866,1786043682.067211707,/novatel/oem7/odom,/novatel/oem7/fix,/novatel/oem7/odom,39.663,-75.756,-1.800409297,0.002902990,-0.001604767,0.002760473,0.000898410,-0.001604767,,,
1786043682075446725,1786043682.075014278,/novatel/oem7/odom,/novatel/oem7/fix,/novatel/oem7/odom,39.663,-75.756,-1.800409297,0.002902990,-0.001604767,0.002760473,0.000898410,-0.001604767,,,
1786043682085629157,1786043682.085295740,/novatel/oem7/inspva,/novatel/oem7/inspva,/novatel/oem7/inspva,39.663,-75.756,-1.800385213,0.005585453,0.000188542,-0.000993539,0.005496378,0.000188542,,novatel_oem7_msgs.msg.InertialSolutionStatus(status=3),
1786043682086274317,1786043682.085493965,/novatel/oem7/fix,/novatel/oem7/fix,/novatel/oem7/inspva,39.663,-75.756,-1.800385213,0.005585453,0.000188542,-0.000993539,0.005496378,0.000188542,,0,
1786043682086694080,1786043682.085989717,/novatel/oem7/odom,/novatel/oem7/fix,/novatel/oem7/odom,39.663,-75.756,-1.800385213,0.005584855,0.000205501,0.005443245,-0.001249674,0.000205501,,,
1786043682096533133,1786043682.095861877,/novatel/oem7/odom,/novatel/oem7/fix,/novatel/oem7/odom,39.663,-75.756,-1.800385213,0.005584855,0.000205501,0.005443245,-0.001249674,0.000205501,,,
1786043682106843229,1786043682.106456960,/novatel/oem7/inspva,/novatel/oem7/inspva,/novatel/oem7/inspva,39.663,-75.756,-1.800367208,0.004835530,0.001127590,-0.000671316,0.004788704,0.001127590,,novatel_oem7_msgs.msg.InertialSolutionStatus(status=3),
1786043682107617989,1786043682.106596480,/novatel/oem7/fix,/novatel/oem7/fix,/novatel/oem7/inspva,39.663,-75.756,-1.800367208,0.004835530,0.001127590,-0.000671316,0.004788704,0.001127590,,0,
1786043682108185874,1786043682.107180082,/novatel/oem7/odom,/novatel/oem7/fix,/novatel/oem7/odom,39.663,-75.756,-1.800367208,0.004831881,0.001143126,0.004747835,-0.000897292,0.001143126,,,
1786043682110475084,1786043682.109484465,/novatel/oem7/bestpos,/novatel/oem7/bestpos,/novatel/oem7/odom,39.663,-75.756,33.182055246,0.004831881,0.001143126,0.004747835,-0.000897292,0.001143126,,novatel_oem7_msgs.msg.SolutionStatus(status=0),novatel_oem7_msgs.msg.PositionOrVelocityType(type=53)
1786043682112308933,1786043682.110193376,/novatel/oem7/bestvel,/novatel/oem7/bestpos,/novatel/oem7/bestvel,39.663,-75.756,33.182055246,0.005344657,0.000852623,,,,97.047317074,novatel_oem7_msgs.msg.SolutionStatus(status=0),novatel_oem7_msgs.msg.PositionOrVelocityType(type=53)
1786043682115458741,1786043682.114615750,/novatel/oem7/odom,/novatel/oem7/bestpos,/novatel/oem7/odom,39.663,-75.756,33.182055246,0.004831881,0.001143126,0.004747835,-0.000897292,0.001143126,,,
1786043682127620508,1786043682.126637965,/novatel/oem7/inspva,/novatel/oem7/inspva,/novatel/oem7/inspva,39.663,-75.756,-1.800357385,0.003205110,0.000296290,0.001440655,0.002863083,0.000296290,,novatel_oem7_msgs.msg.InertialSolutionStatus(status=3),
1786043682129442602,1786043682.126917171,/novatel/oem7/fix,/novatel/oem7/fix,/novatel/oem7/inspva,39.663,-75.756,-1.800357385,0.003205110,0.000296290,0.001440655,0.002863083,0.000296290,,0,
1786043682130865497,1786043682.127632548,/novatel/oem7/odom,/novatel/oem7/fix,/novatel/oem7/odom,39.663,-75.756,-1.800357385,0.003203733,0.000310824,0.002926083,0.001304586,0.000310824,,,
1786043682137010747,1786043682.135730210,/novatel/oem7/odom,/novatel/oem7/fix,/novatel/oem7/odom,39.663,-75.756,-1.800357385,0.003203733,0.000310824,0.002926083,0.001304586,0.000310824,,,
1786043682145870972,1786043682.145066354,/novatel/oem7/inspva,/novatel/oem7/inspva,/novatel/oem7/inspva,39.663,-75.756,-1.800350553,0.002952706,-0.000815357,0.001002489,0.002777317,-0.000815357,,novatel_oem7_msgs.msg.InertialSolutionStatus(status=3),
1786043682147770200,1786043682.145269633,/novatel/oem7/fix,/novatel/oem7/fix,/novatel/oem7/inspva,39.663,-75.756,-1.800350553,0.002952706,-0.000815357,0.001002489,0.002777317,-0.000815357,,0,
1786043682149266052,1786043682.145687920,/novatel/oem7/odom,/novatel/oem7/fix,/novatel/oem7/odom,39.663,-75.756,-1.800350553,0.002956255,-0.000802395,0.002824143,0.000873878,-0.000802395,,,
1786043682156534724,1786043682.155701132,/novatel/oem7/odom,/novatel/oem7/fix,/novatel/oem7/odom,39.663,-75.756,-1.800350553,0.002956255,-0.000802395,0.002824143,0.000873878,-0.000802395,,,
1786043682166489462,1786043682.165563136,/novatel/oem7/inspva,/novatel/oem7/inspva,/novatel/oem7/inspva,39.663,-75.756,-1.800341881,0.004878238,-0.001007623,-0.001052972,0.004763240,-0.001007623,,novatel_oem7_msgs.msg.InertialSolutionStatus(status=3),
1786043682168484282,1786043682.165840846,/novatel/oem7/fix,/novatel/oem7/fix,/novatel/oem7/inspva,39.663,-75.756,-1.800341881,0.004878238,-0.001007623,-0.001052972,0.004763240,-0.001007623,,0,
1786043682169879966,1786043682.166850462,/novatel/oem7/odom,/novatel/oem7/fix,/novatel/oem7/odom,39.663,-75.756,-1.800341881,0.004881143,-0.000993459,0.004712628,-0.001271490,-0.000993459,,,
1786043682176049097,1786043682.175266129,/novatel/oem7/odom,/novatel/oem7/fix,/novatel/oem7/odom,39.663,-75.756,-1.800341881,0.004881143,-0.000993459,0.004712628,-0.001271490,-0.000993459,,,
1786043682187203137,1786043682.186284781,/novatel/oem7/inspva,/novatel/oem7/inspva,/novatel/oem7/inspva,39.663,-75.756,-1.800318924,0.004762530,0.000509985,-0.001268977,0.004590358,0.000509985,,novatel_oem7_msgs.msg.InertialSolutionStatus(status=3),
1786043682188834983,1786043682.186533574,/novatel/oem7/fix,/novatel/oem7/fix,/novatel/oem7/inspva,39.663,-75.756,-1.800318924,0.004762530,0.000509985,-0.001268977,0.004590358,0.000509985,,0,
1786043682190087872,1786043682.186932334,/novatel/oem7/odom,/novatel/oem7/fix,/novatel/oem7/odom,39.663,-75.756,-1.800318924,0.004761126,0.000522937,0.004524169,-0.001483309,0.000522937,,,
1786043682195633577,1786043682.194869326,/novatel/oem7/odom,/novatel/oem7/fix,/novatel/oem7/odom,39.663,-75.756,-1.800318924,0.004761126,0.000522937,0.004524169,-0.001483309,0.000522937,,,
1786043682207152388,1786043682.206631299,/novatel/oem7/inspva,/novatel/oem7/inspva,/novatel/oem7/inspva,39.663,-75.756,-1.800296950,0.003083978,0.001361697,0.000314427,0.003067908,0.001361697,,novatel_oem7_msgs.msg.InertialSolutionStatus(status=3),
1786043682208489288,1786043682.206723230,/novatel/oem7/fix,/novatel/oem7/fix,/novatel/oem7/inspva,39.663,-75.756,-1.800296950,0.003083978,0.001361697,0.000314427,0.003067908,0.001361697,,0,
1786043682209540544,1786043682.207274849,/novatel/oem7/odom,/novatel/oem7/fix,/novatel/oem7/odom,39.663,-75.756,-1.800296950,0.003078607,0.001373797,0.003074064,0.000167194,0.001373797,,,
1786043682211042006,1786043682.210217101,/novatel/oem7/bestpos,/novatel/oem7/bestpos,/novatel/oem7/odom,39.663,-75.756,33.182123435,0.003078607,0.001373797,0.003074064,0.000167194,0.001373797,,novatel_oem7_msgs.msg.SolutionStatus(status=0),novatel_oem7_msgs.msg.PositionOrVelocityType(type=53)
1786043682212390522,1786043682.210599165,/novatel/oem7/bestvel,/novatel/oem7/bestpos,/novatel/oem7/bestvel,39.663,-75.756,33.182123435,0.004497184,0.000859827,,,,91.158700608,novatel_oem7_msgs.msg.SolutionStatus(status=0),novatel_oem7_msgs.msg.PositionOrVelocityType(type=53)
1786043682216320048,1786043682.215658098,/novatel/oem7/odom,/novatel/oem7/bestpos,/novatel/oem7/odom,39.663,-75.756,33.182123435,0.003078607,0.001373797,0.003074064,0.000167194,0.001373797,,,
1786043682225940243,1786043682.225330732,/novatel/oem7/inspva,/novatel/oem7/inspva,/novatel/oem7/inspva,39.663,-75.756,-1.800284741,0.003579232,0.000501588,0.000570638,0.003533450,0.000501588,,novatel_oem7_msgs.msg.InertialSolutionStatus(status=3),
1786043682227555879,1786043682.225517252,/novatel/oem7/fix,/novatel/oem7/fix,/novatel/oem7/inspva,39.663,-75.756,-1.800284741,0.003579232,0.000501588,0.000570638,0.003533450,0.000501588,,0,
1786043682228982933,1786043682.226033927,/novatel/oem7/odom,/novatel/oem7/fix,/novatel/oem7/odom,39.663,-75.756,-1.800284741,0.003577181,0.000516007,0.003554332,0.000403669,0.000516007,,,
1786043682235390250,1786043682.234556098,/novatel/oem7/odom,/novatel/oem7/fix,/novatel/oem7/odom,39.663,-75.756,-1.800284741,0.003577181,0.000516007,0.003554332,0.000403669,0.000516007,,,
1786043682247399509,1786043682.246761683,/novatel/oem7/inspva,/novatel/oem7/inspva,/novatel/oem7/inspva,39.663,-75.756,-1.800282958,0.004005201,-0.001345783,-0.000528459,0.003970185,-0.001345783,,novatel_oem7_msgs.msg.InertialSolutionStatus(status=3),
1786043682248705571,1786043682.246864510,/novatel/oem7/fix,/novatel/oem7/fix,/novatel/oem7/inspva,39.663,-75.756,-1.800282958,0.004005201,-0.001345783,-0.000528459,0.003970185,-0.001345783,,0,
1786043682249732785,1786043682.247431663,/novatel/oem7/odom,/novatel/oem7/fix,/novatel/oem7/odom,39.663,-75.756,-1.800282958,0.004009491,-0.001332947,0.003946181,-0.000709699,-0.001332947,,,
1786043682257476935,1786043682.256580996,/novatel/oem7/odom,/novatel/oem7/fix,/novatel/oem7/odom,39.663,-75.756,-1.800282958,0.004009491,-0.001332947,0.003946181,-0.000709699,-0.001332947,,,
1786043682265436661,1786043682.264904047,/novatel/oem7/inspva,/novatel/oem7/inspva,/novatel/oem7/inspva,39.663,-75.756,-1.800255519,0.003739839,-0.000500869,-0.000607660,0.003690141,-0.000500869,,novatel_oem7_msgs.msg.InertialSolutionStatus(status=3),
1786043682266722736,1786043682.265007784,/novatel/oem7/fix,/novatel/oem7/fix,/novatel/oem7/inspva,39.663,-75.756,-1.800255519,0.003739839,-0.000500869,-0.000607660,0.003690141,-0.000500869,,0,
1786043682267713666,1786043682.265455757,/novatel/oem7/odom,/novatel/oem7/fix,/novatel/oem7/odom,39.663,-75.756,-1.800255519,0.003741365,-0.000489335,0.003659578,-0.000778012,-0.000489335,,,
1786043682276078002,1786043682.275369275,/novatel/oem7/odom,/novatel/oem7/fix,/novatel/oem7/odom,39.663,-75.756,-1.800255519,0.003741365,-0.000489335,0.003659578,-0.000778012,-0.000489335,,,
1786043682287224856,1786043682.286447707,/novatel/oem7/inspva,/novatel/oem7/inspva,/novatel/oem7/inspva,39.663,-75.756,-1.800211233,0.003516599,0.002580611,-0.000237925,0.003508541,0.002580611,,novatel_oem7_msgs.msg.InertialSolutionStatus(status=3),
1786043682289026257,1786043682.286619616,/novatel/oem7/fix,/novatel/oem7/fix,/novatel/oem7/inspva,39.663,-75.756,-1.800211233,0.003516599,0.002580611,-0.000237925,0.003508541,0.002580611,,0,
1786043682290040797,1786043682.287093250,/novatel/oem7/odom,/novatel/oem7/fix,/novatel/oem7/odom,39.663,-75.756,-1.800211233,0.003507735,0.002592646,0.003483866,-0.000408509,0.002592646,,,
1786043682295537628,1786043682.294893825,/novatel/oem7/odom,/novatel/oem7/fix,/novatel/oem7/odom,39.663,-75.756,-1.800211233,0.003507735,0.002592646,0.003483866,-0.000408509,0.002592646,,,
1786043682306285011,1786043682.305815967,/novatel/oem7/inspva,/novatel/oem7/inspva,/novatel/oem7/inspva,39.663,-75.756,-1.800200002,0.003498802,0.001426628,0.000610243,0.003445173,0.001426628,,novatel_oem7_msgs.msg.InertialSolutionStatus(status=3),
1786043682307591357,1786043682.305887435,/novatel/oem7/fix,/novatel/oem7/fix,/novatel/oem7/inspva,39.663,-75.756,-1.800200002,0.003498802,0.001426628,0.000610243,0.003445173,0.001426628,,0,
1786043682308585450,1786043682.306610301,/novatel/oem7/odom,/novatel/oem7/fix,/novatel/oem7/odom,39.663,-75.756,-1.800200002,0.003492953,0.001440888,0.003464514,0.000444817,0.001440888,,,
1786043682310032801,1786043682.309382015,/novatel/oem7/bestpos,/novatel/oem7/bestpos,/novatel/oem7/odom,39.663,-75.756,33.182222118,0.003492953,0.001440888,0.003464514,0.000444817,0.001440888,,novatel_oem7_msgs.msg.SolutionStatus(status=0),novatel_oem7_msgs.msg.PositionOrVelocityType(type=53)
1786043682311395891,1786043682.310100742,/novatel/oem7/bestvel,/novatel/oem7/bestpos,/novatel/oem7/bestvel,39.663,-75.756,33.182222118,0.004573616,0.000843502,,,,81.780275626,novatel_oem7_msgs.msg.SolutionStatus(status=0),novatel_oem7_msgs.msg.PositionOrVelocityType(type=53)
1786043682315234503,1786043682.314587009,/novatel/oem7/odom,/novatel/oem7/bestpos,/novatel/oem7/odom,39.663,-75.756,33.182222118,0.003492953,0.001440888,0.003464514,0.000444817,0.001440888,,,
1786043682326052183,1786043682.325168897,/novatel/oem7/inspva,/novatel/oem7/inspva,/novatel/oem7/inspva,39.663,-75.756,-1.800204392,0.003203416,-0.001441366,0.000550055,0.003155838,-0.001441366,,novatel_oem7_msgs.msg.InertialSolutionStatus(status=3),
1786043682328036922,1786043682.325446914,/novatel/oem7/fix,/novatel/oem7/fix,/novatel/oem7/inspva,39.663,-75.756,-1.800204392,0.003203416,-0.001441366,0.000550055,0.003155838,-0.001441366,,0,
1786043682329550968,1786043682.326058513,/novatel/oem7/odom,/novatel/oem7/fix,/novatel/oem7/odom,39.663,-75.756,-1.800204392,0.003209207,-0.001428427,0.003183436,0.000405889,-0.001428427,,,
1786043682335828170,1786043682.334987451,/novatel/oem7/odom,/novatel/oem7/fix,/novatel/oem7/odom,39.663,-75.756,-1.800204392,0.003209207,-0.001428427,0.003183436,0.000405889,-0.001428427,,,
1786043682346643593,1786043682.346044481,/novatel/oem7/inspva,/novatel/oem7/inspva,/novatel/oem7/inspva,39.663,-75.756,-1.800184255,0.003635495,-0.001092279,0.000242522,0.003627397,-0.001092279,,novatel_oem7_msgs.msg.InertialSolutionStatus(status=3),
1786043682348049904,1786043682.346205815,/novatel/oem7/fix,/novatel/oem7/fix,/novatel/oem7/inspva,39.663,-75.756,-1.800184255,0.003635495,-0.001092279,0.000242522,0.003627397,-0.001092279,,0,
1786043682349130291,1786043682.346593609,/novatel/oem7/odom,/novatel/oem7/fix,/novatel/oem7/odom,39.663,-75.756,-1.800184255,0.003639614,-0.001078476,0.003638826,0.000075731,-0.001078476,,,
1786043682356343009,1786043682.355683703,/novatel/oem7/odom,/novatel/oem7/fix,/novatel/oem7/odom,39.663,-75.756,-1.800184255,0.003639614,-0.001078476,0.003638826,0.000075731,-0.001078476,,,
1786043682365897234,1786043682.365347108,/novatel/oem7/inspva,/novatel/oem7/inspva,/novatel/oem7/inspva,39.663,-75.756,-1.800141234,0.003793880,0.001899047,-0.001076069,0.003638077,0.001899047,,novatel_oem7_msgs.msg.InertialSolutionStatus(status=3),
1786043682367194663,1786043682.365561880,/novatel/oem7/fix,/novatel/oem7/fix,/novatel/oem7/inspva,39.663,-75.756,-1.800141234,0.003793880,0.001899047,-0.001076069,0.003638077,0.001899047,,0,
1786043682368198069,1786043682.366064338,/novatel/oem7/odom,/novatel/oem7/fix,/novatel/oem7/odom,39.663,-75.756,-1.800141234,0.003788817,0.001909128,0.003576702,-0.001249934,0.001909128,,,
1786043682376261512,1786043682.375591363,/novatel/oem7/odom,/novatel/oem7/fix,/novatel/oem7/odom,39.663,-75.756,-1.800141234,0.003788817,0.001909128,0.003576702,-0.001249934,0.001909128,,,
1786043682385778696,1786043682.385185404,/novatel/oem7/inspva,/novatel/oem7/inspva,/novatel/oem7/inspva,39.663,-75.756,-1.800126170,0.003650664,0.001739465,-0.000261224,0.003641306,0.001739465,,novatel_oem7_msgs.msg.InertialSolutionStatus(status=3),
1786043682387094349,1786043682.385354006,/novatel/oem7/fix,/novatel/oem7/fix,/novatel/oem7/inspva,39.663,-75.756,-1.800126170,0.003650664,0.001739465,-0.000261224,0.003641306,0.001739465,,0,
1786043682388128750,1786043682.385879087,/novatel/oem7/odom,/novatel/oem7/fix,/novatel/oem7/odom,39.663,-75.756,-1.800126170,0.003644699,0.001751929,0.003618563,-0.000435694,0.001751929,,,
1786043682395179353,1786043682.394544990,/novatel/oem7/odom,/novatel/oem7/fix,/novatel/oem7/odom,39.663,-75.756,-1.800126170,0.003644699,0.001751929,0.003618563,-0.000435694,0.001751929,,,
1786043682407237892,1786043682.406680393,/novatel/oem7/inspva,/novatel/oem7/inspva,/novatel/oem7/inspva,39.663,-75.756,-1.800134201,0.002949479,-0.001240478,0.001342527,0.002626223,-0.001240478,,novatel_oem7_msgs.msg.InertialSolutionStatus(status=3),
1786043682408566949,1786043682.406835568,/novatel/oem7/fix,/novatel/oem7/fix,/novatel/oem7/inspva,39.663,-75.756,-1.800134201,0.002949479,-0.001240478,0.001342527,0.002626223,-0.001240478,,0,
1786043682409644502,1786043682.407338236,/novatel/oem7/odom,/novatel/oem7/fix,/novatel/oem7/odom,39.663,-75.756,-1.800134201,0.002955055,-0.001227135,0.002690690,0.001221695,-0.001227135,,,
1786043682411241528,1786043682.410250488,/novatel/oem7/bestpos,/novatel/oem7/bestpos,/novatel/oem7/odom,39.663,-75.756,33.182288020,0.002955055,-0.001227135,0.002690690,0.001221695,-0.001227135,,novatel_oem7_msgs.msg.SolutionStatus(status=0),novatel_oem7_msgs.msg.PositionOrVelocityType(type=53)
1786043682412628172,1786043682.410787887,/novatel/oem7/bestvel,/novatel/oem7/bestpos,/novatel/oem7/bestvel,39.663,-75.756,33.182288020,0.003780551,-0.001686267,,,,70.137845213,novatel_oem7_msgs.msg.SolutionStatus(status=0),novatel_oem7_msgs.msg.PositionOrVelocityType(type=53)
1786043682417162514,1786043682.415447787,/novatel/oem7/odom,/novatel/oem7/bestpos,/novatel/oem7/odom,39.663,-75.756,33.182288020,0.002955055,-0.001227135,0.002690690,0.001221695,-0.001227135,,,
1786043682425673612,1786043682.425175543,/novatel/oem7/inspva,/novatel/oem7/inspva,/novatel/oem7/inspva,39.663,-75.756,-1.800113497,0.002892086,-0.000772982,0.000770997,0.002787422,-0.000772982,,novatel_oem7_msgs.msg.InertialSolutionStatus(status=3),
1786043682426550528,1786043682.425484033,/novatel/oem7/fix,/novatel/oem7/fix,/novatel/oem7/inspva,39.663,-75.756,-1.800113497,0.002892086,-0.000772982,0.000770997,0.002787422,-0.000772982,,0,
1786043682427230640,1786043682.426007331,/novatel/oem7/odom,/novatel/oem7/fix,/novatel/oem7/odom,39.663,-75.756,-1.800113497,0.002895330,-0.000760737,0.002823257,0.000641996,-0.000760737,,,
1786043682435319107,1786043682.434824155,/novatel/oem7/odom,/novatel/oem7/fix,/novatel/oem7/odom,39.663,-75.756,-1.800113497,0.002895330,-0.000760737,0.002823257,0.000641996,-0.000760737,,,
1786043682445960181,1786043682.445375149,/novatel/oem7/inspva,/novatel/oem7/inspva,/novatel/oem7/inspva,39.663,-75.756,-1.800084324,0.004365602,0.000790350,-0.001168023,0.004206447,0.000790350,,novatel_oem7_msgs.msg.InertialSolutionStatus(status=3),
1786043682447008719,1786043682.445613185,/novatel/oem7/fix,/novatel/oem7/fix,/novatel/oem7/inspva,39.663,-75.756,-1.800084324,0.004365602,0.000790350,-0.001168023,0.004206447,0.000790350,,0,
1786043682447652644,1786043682.446215224,/novatel/oem7/odom,/novatel/oem7/fix,/novatel/oem7/odom,39.663,-75.756,-1.800084324,0.004363443,0.000802183,0.004144313,-0.001365396,0.000802183,,,
1786043682456666888,1786043682.456269953,/novatel/oem7/odom,/novatel/oem7/fix,/novatel/oem7/odom,39.663,-75.756,-1.800084324,0.004363443,0.000802183,0.004144313,-0.001365396,0.000802183,,,
1786043682466545859,1786043682.466256106,/novatel/oem7/inspva,/novatel/oem7/inspva,/novatel/oem7/inspva,39.663,-75.756,-1.800063274,0.004082398,0.000813731,-0.001213600,0.003897839,0.000813731,,novatel_oem7_msgs.msg.InertialSolutionStatus(status=3),
1786043682467077361,1786043682.466413257,/novatel/oem7/fix,/novatel/oem7/fix,/novatel/oem7/inspva,39.663,-75.756,-1.800063274,0.004082398,0.000813731,-0.001213600,0.003897839,0.000813731,,0,
1786043682467499704,1786043682.466840311,/novatel/oem7/odom,/novatel/oem7/fix,/novatel/oem7/odom,39.663,-75.756,-1.800063274,0.004080259,0.000824393,0.003833836,-0.001396500,0.000824393,,,
1786043682474637222,1786043682.474320075,/novatel/oem7/odom,/novatel/oem7/fix,/novatel/oem7/odom,39.663,-75.756,-1.800063274,0.004080259,0.000824393,0.003833836,-0.001396500,0.000824393,,,
1786043682485735958,1786043682.485235836,/novatel/oem7/inspva,/novatel/oem7/inspva,/novatel/oem7/inspva,39.663,-75.756,-1.800049073,0.002990745,0.000592571,0.001199401,0.002739707,0.000592571,,novatel_oem7_msgs.msg.InertialSolutionStatus(status=3),
1786043682486326899,1786043682.485411875,/novatel/oem7/fix,/novatel/oem7/fix,/novatel/oem7/inspva,39.663,-75.756,-1.800049073,0.002990745,0.000592571,0.001199401,0.002739707,0.000592571,,0,
1786043682486776604,1786043682.485986804,/novatel/oem7/odom,/novatel/oem7/fix,/novatel/oem7/odom,39.663,-75.756,-1.800049073,0.002988062,0.000605956,0.002790471,0.001068543,0.000605956,,,
1786043682495804904,1786043682.495411064,/novatel/oem7/odom,/novatel/oem7/fix,/novatel/oem7/odom,39.663,-75.756,-1.800049073,0.002988062,0.000605956,0.002790471,0.001068543,0.000605956,,,
1786043682506260727,1786043682.505949901,/novatel/oem7/inspva,/novatel/oem7/inspva,/novatel/oem7/inspva,39.663,-75.756,-1.800028746,0.002944390,0.000321062,0.000640079,0.002873975,0.000321062,,novatel_oem7_msgs.msg.InertialSolutionStatus(status=3),
1786043682506833102,1786043682.506139723,/novatel/oem7/fix,/novatel/oem7/fix,/novatel/oem7/inspva,39.663,-75.756,-1.800028746,0.002944390,0.000321062,0.000640079,0.002873975,0.000321062,,0,
1786043682507246413,1786043682.506549467,/novatel/oem7/odom,/novatel/oem7/fix,/novatel/oem7/odom,39.663,-75.756,-1.800028746,0.002943023,0.000333360,0.002899500,0.000504264,0.000333360,,,
1786043682511380936,1786043682.510928931,/novatel/oem7/bestpos,/novatel/oem7/bestpos,/novatel/oem7/odom,39.663,-75.756,33.182374702,0.002943023,0.000333360,0.002899500,0.000504264,0.000333360,,novatel_oem7_msgs.msg.SolutionStatus(status=0),novatel_oem7_msgs.msg.PositionOrVelocityType(type=53)
1786043682512081727,1786043682.511313117,/novatel/oem7/bestvel,/novatel/oem7/bestpos,/novatel/oem7/bestvel,39.663,-75.756,33.182374702,0.004233833,-0.000415875,,,,79.618972652,novatel_oem7_msgs.msg.SolutionStatus(status=0),novatel_oem7_msgs.msg.PositionOrVelocityType(type=53)
1786043682514872923,1786043682.514516846,/novatel/oem7/odom,/novatel/oem7/bestpos,/novatel/oem7/odom,39.663,-75.756,33.182374702,0.002943023,0.000333360,0.002899500,0.000504264,0.000333360,,,
1786043682526959535,1786043682.526513441,/novatel/oem7/inspva,/novatel/oem7/inspva,/novatel/oem7/inspva,39.663,-75.756,-1.800001904,0.003373054,0.000223826,-0.000359753,0.003353815,0.000223826,,novatel_oem7_msgs.msg.InertialSolutionStatus(status=3),
1786043682527516018,1786043682.526686496,/novatel/oem7/fix,/novatel/oem7/fix,/novatel/oem7/inspva,39.663,-75.756,-1.800001904,0.003373054,0.000223826,-0.000359753,0.003353815,0.000223826,,0,
1786043682527923303,1786043682.527118497,/novatel/oem7/odom,/novatel/oem7/fix,/novatel/oem7/odom,39.663,-75.756,-1.800001904,0.003372297,0.000234956,0.003332484,-0.000516662,0.000234956,,,
1786043682535300868,1786043682.534973981,/novatel/oem7/odom,/novatel/oem7/fix,/novatel/oem7/odom,39.663,-75.756,-1.800001904,0.003372297,0.000234956,0.003332484,-0.000516662,0.000234956,,,
1786043682545569702,1786043682.545103771,/novatel/oem7/inspva,/novatel/oem7/inspva,/novatel/oem7/inspva,39.663,-75.756,-1.799974815,0.004315775,0.000360470,-0.001140397,0.004162381,0.000360470,,novatel_oem7_msgs.msg.InertialSolutionStatus(status=3),
1786043682546396099,1786043682.545412851,/novatel/oem7/fix,/novatel/oem7/fix,/novatel/oem7/inspva,39.663,-75.756,-1.799974815,0.004315775,0.000360470,-0.001140397,0.004162381,0.000360470,,0,
1786043682547065080,1786043682.546016537,/novatel/oem7/odom,/novatel/oem7/fix,/novatel/oem7/odom,39.663,-75.756,-1.799974815,0.004314766,0.000372357,0.004103182,-0.001334581,0.000372357,,,
1786043682556490038,1786043682.556012226,/novatel/oem7/odom,/novatel/oem7/fix,/novatel/oem7/odom,39.663,-75.756,-1.799974815,0.004314766,0.000372357,0.004103182,-0.001334581,0.000372357,,,
1786043682565855730,1786043682.565366859,/novatel/oem7/inspva,/novatel/oem7/inspva,/novatel/oem7/inspva,39.663,-75.756,-1.799948221,0.003791596,0.001431298,-0.000005816,0.003791591,0.001431298,,novatel_oem7_msgs.msg.InertialSolutionStatus(status=3),
1786043682566692262,1786043682.565617761,/novatel/oem7/fix,/novatel/oem7/fix,/novatel/oem7/inspva,39.663,-75.756,-1.799948221,0.003791596,0.001431298,-0.000005816,0.003791591,0.001431298,,0,
1786043682567190245,1786043682.566175637,/novatel/oem7/odom,/novatel/oem7/fix,/novatel/oem7/odom,39.663,-75.756,-1.799948221,0.003786325,0.001445182,0.003781717,-0.000186755,0.001445182,,,
1786043682575246133,1786043682.574894270,/novatel/oem7/odom,/novatel/oem7/fix,/novatel/oem7/odom,39.663,-75.756,-1.799948221,0.003786325,0.001445182,0.003781717,-0.000186755,0.001445182,,,
1786043682586414132,1786043682.586073673,/novatel/oem7/inspva,/novatel/oem7/inspva,/novatel/oem7/inspva,39.663,-75.756,-1.799933480,0.003172021,0.001021784,0.000417870,0.003144376,0.001021784,,novatel_oem7_msgs.msg.InertialSolutionStatus(status=3),
1786043682587010726,1786043682.586258292,/novatel/oem7/fix,/novatel/oem7/fix,/novatel/oem7/inspva,39.663,-75.756,-1.799933480,0.003172021,0.001021784,0.000417870,0.003144376,0.001021784,,0,
1786043682587623521,1786043682.586792530,/novatel/oem7/odom,/novatel/oem7/fix,/novatel/oem7/odom,39.663,-75.756,-1.799933480,0.003167924,0.001034415,0.003156586,0.000267788,0.001034415,,,
1786043682594642022,1786043682.594342095,/novatel/oem7/odom,/novatel/oem7/fix,/novatel/oem7/odom,39.663,-75.756,-1.799933480,0.003167924,0.001034415,0.003156586,0.000267788,0.001034415,,,
1786043682606923457,1786043682.606525569,/novatel/oem7/inspva,/novatel/oem7/inspva,/novatel/oem7/inspva,39.663,-75.756,-1.799923629,0.003008669,-0.000827661,0.000299465,0.002993728,-0.000827661,,novatel_oem7_msgs.msg.InertialSolutionStatus(status=3),
1786043682607494992,1786043682.606732034,/novatel/oem7/fix,/novatel/oem7/fix,/novatel/oem7/inspva,39.663,-75.756,-1.799923629,0.003008669,-0.000827661,0.000299465,0.002993728,-0.000827661,,0,
1786043682607921606,1786043682.607177369,/novatel/oem7/odom,/novatel/oem7/fix,/novatel/oem7/odom,39.663,-75.756,-1.799923629,0.003011838,-0.000816052,0.003007507,0.000161464,-0.000816052,,,
1786043682610379684,1786043682.610014067,/novatel/oem7/bestpos,/novatel/oem7/bestpos,/novatel/oem7/odom,39.663,-75.756,33.182509951,0.003011838,-0.000816052,0.003007507,0.000161464,-0.000816052,,novatel_oem7_msgs.msg.SolutionStatus(status=0),novatel_oem7_msgs.msg.PositionOrVelocityType(type=53)
1786043682611030757,1786043682.610416817,/novatel/oem7/bestvel,/novatel/oem7/bestpos,/novatel/oem7/bestvel,39.663,-75.756,33.182509951,0.002178390,0.000482036,,,,117.699379176,novatel_oem7_msgs.msg.SolutionStatus(status=0),novatel_oem7_msgs.msg.PositionOrVelocityType(type=53)
1786043682615817889,1786043682.615461691,/novatel/oem7/odom,/novatel/oem7/bestpos,/novatel/oem7/odom,39.663,-75.756,33.182509951,0.003011838,-0.000816052,0.003007507,0.000161464,-0.000816052,,,
1786043682625575227,1786043682.625025445,/novatel/oem7/inspva,/novatel/oem7/inspva,/novatel/oem7/inspva,39.663,-75.756,-1.799894759,0.002822068,-0.000216052,-0.000446549,0.002786515,-0.000216052,,novatel_oem7_msgs.msg.InertialSolutionStatus(status=3),
1786043682626866377,1786043682.625176303,/novatel/oem7/fix,/novatel/oem7/fix,/novatel/oem7/inspva,39.663,-75.756,-1.799894759,0.002822068,-0.000216052,-0.000446549,0.002786515,-0.000216052,,0,
1786043682627857909,1786043682.625643498,/novatel/oem7/odom,/novatel/oem7/fix,/novatel/oem7/odom,39.663,-75.756,-1.799894759,0.002822730,-0.000207232,0.002763400,-0.000575693,-0.000207232,,,
1786043682635162165,1786043682.634513522,/novatel/oem7/odom,/novatel/oem7/fix,/novatel/oem7/odom,39.663,-75.756,-1.799894759,0.002822730,-0.000207232,0.002763400,-0.000575693,-0.000207232,,,
1786043682647521414,1786043682.646594995,/novatel/oem7/inspva,/novatel/oem7/inspva,/novatel/oem7/inspva,39.663,-75.756,-1.799865147,0.004446534,0.001673437,-0.000253349,0.004439310,0.001673437,,novatel_oem7_msgs.msg.InertialSolutionStatus(status=3),
1786043682649501260,1786043682.646861541,/novatel/oem7/fix,/novatel/oem7/fix,/novatel/oem7/inspva,39.663,-75.756,-1.799865147,0.004446534,0.001673437,-0.000253349,0.004439310,0.001673437,,0,
1786043682650949718,1786043682.647446673,/novatel/oem7/odom,/novatel/oem7/fix,/novatel/oem7/odom,39.663,-75.756,-1.799865147,0.004440711,0.001688829,0.004416303,-0.000464947,0.001688829,,,
1786043682657374145,1786043682.656370465,/novatel/oem7/odom,/novatel/oem7/fix,/novatel/oem7/odom,39.663,-75.756,-1.799865147,0.004440711,0.001688829,0.004416303,-0.000464947,0.001688829,,,
1786043682665730474,1786043682.665129575,/novatel/oem7/inspva,/novatel/oem7/inspva,/novatel/oem7/inspva,39.663,-75.756,-1.799847064,0.003410698,0.001835201,0.000244508,0.003401923,0.001835201,,novatel_oem7_msgs.msg.InertialSolutionStatus(status=3),
1786043682667128338,1786043682.665314573,/novatel/oem7/fix,/novatel/oem7/fix,/novatel/oem7/inspva,39.663,-75.756,-1.799847064,0.003410698,0.001835201,0.000244508,0.003401923,0.001835201,,0,
1786043682668203905,1786043682.665622172,/novatel/oem7/odom,/novatel/oem7/fix,/novatel/oem7/odom,39.663,-75.756,-1.799847064,0.003403623,0.001848290,0.003402674,0.000080380,0.001848290,,,
1786043682675813120,1786043682.675161794,/novatel/oem7/odom,/novatel/oem7/fix,/novatel/oem7/odom,39.663,-75.756,-1.799847064,0.003403623,0.001848290,0.003402674,0.000080380,0.001848290,,,
1786043682685906998,1786043682.685480346,/novatel/oem7/inspva,/novatel/oem7/inspva,/novatel/oem7/inspva,39.663,-75.756,-1.799842144,0.002645184,-0.000487135,0.000869799,0.002498089,-0.000487135,,novatel_oem7_msgs.msg.InertialSolutionStatus(status=3),
1786043682686702481,1786043682.685744069,/novatel/oem7/fix,/novatel/oem7/fix,/novatel/oem7/inspva,39.663,-75.756,-1.799842144,0.002645184,-0.000487135,0.000869799,0.002498089,-0.000487135,,0,
1786043682687469252,1786043682.686321097,/novatel/oem7/odom,/novatel/oem7/fix,/novatel/oem7/odom,39.663,-75.756,-1.799842144,0.002647272,-0.000475655,0.002537805,0.000753389,-0.000475655,,,
1786043682695299722,1786043682.694923126,/novatel/oem7/odom,/novatel/oem7/fix,/novatel/oem7/odom,39.663,-75.756,-1.799842144,0.002647272,-0.000475655,0.002537805,0.000753389,-0.000475655,,,
1786043682706794660,1786043682.706015912,/novatel/oem7/inspva,/novatel/oem7/inspva,/novatel/oem7/inspva,39.663,-75.756,-1.799812675,0.003034480,-0.000384932,0.000091449,0.003033102,-0.000384932,,novatel_oem7_msgs.msg.InertialSolutionStatus(status=3),
1786043682707913610,1786043682.706394333,/novatel/oem7/fix,/novatel/oem7/fix,/novatel/oem7/inspva,39.663,-75.756,-1.799812675,0.003034480,-0.000384932,0.000091449,0.003033102,-0.000384932,,0,
1786043682708610809,1786043682.707057862,/novatel/oem7/odom,/novatel/oem7/fix,/novatel/oem7/odom,39.663,-75.756,-1.799812675,0.003035880,-0.000373729,0.003035478,-0.000049401,-0.000373729,,,
1786043682709687093,1786043682.709151327,/novatel/oem7/bestpos,/novatel/oem7/bestpos,/novatel/oem7/odom,39.663,-75.756,33.182611700,0.003035880,-0.000373729,0.003035478,-0.000049401,-0.000373729,,novatel_oem7_msgs.msg.SolutionStatus(status=0),novatel_oem7_msgs.msg.PositionOrVelocityType(type=53)
1786043682710528058,1786043682.709725909,/novatel/oem7/bestvel,/novatel/oem7/bestpos,/novatel/oem7/bestvel,39.663,-75.756,33.182611700,0.002712443,0.000504503,,,,111.430202564,novatel_oem7_msgs.msg.SolutionStatus(status=0),novatel_oem7_msgs.msg.PositionOrVelocityType(type=53)
1786043682714823017,1786043682.714416445,/novatel/oem7/odom,/novatel/oem7/bestpos,/novatel/oem7/odom,39.663,-75.756,33.182611700,0.003035880,-0.000373729,0.003035478,-0.000049401,-0.000373729,,,
1786043682725517706,1786043682.725205362,/novatel/oem7/inspva,/novatel/oem7/inspva,/novatel/oem7/inspva,39.663,-75.756,-1.799775261,0.004058482,0.001898785,-0.000418989,0.004036796,0.001898785,,novatel_oem7_msgs.msg.InertialSolutionStatus(status=3),
1786043682726051361,1786043682.725400697,/novatel/oem7/fix,/novatel/oem7/fix,/novatel/oem7/inspva,39.663,-75.756,-1.799775261,0.004058482,0.001898785,-0.000418989,0.004036796,0.001898785,,0,
1786043682726481669,1786043682.725825588,/novatel/oem7/odom,/novatel/oem7/fix,/novatel/oem7/odom,39.663,-75.756,-1.799775261,0.004052149,0.001912262,0.004005633,-0.000612224,0.001912262,,,
1786043682736104521,1786043682.735509430,/novatel/oem7/odom,/novatel/oem7/fix,/novatel/oem7/odom,39.663,-75.756,-1.799775261,0.004052149,0.001912262,0.004005633,-0.000612224,0.001912262,,,
1786043682745665673,1786043682.745119665,/novatel/oem7/inspva,/novatel/oem7/inspva,/novatel/oem7/inspva,39.663,-75.756,-1.799758435,0.004319070,0.001832773,-0.000028217,0.004318978,0.001832773,,novatel_oem7_msgs.msg.InertialSolutionStatus(status=3),
1786043682746651447,1786043682.745402938,/novatel/oem7/fix,/novatel/oem7/fix,/novatel/oem7/inspva,39.663,-75.756,-1.799758435,0.004319070,0.001832773,-0.000028217,0.004318978,0.001832773,,0,
1786043682747274241,1786043682.745842769,/novatel/oem7/odom,/novatel/oem7/fix,/novatel/oem7/odom,39.663,-75.756,-1.799758435,0.004312441,0.001848316,0.004306036,-0.000234958,0.001848316,,,
1786043682756276825,1786043682.755831868,/novatel/oem7/odom,/novatel/oem7/fix,/novatel/oem7/odom,39.663,-75.756,-1.799758435,0.004312441,0.001848316,0.004306036,-0.000234958,0.001848316,,,
1786043682767205523,1786043682.766681742,/novatel/oem7/inspva,/novatel/oem7/inspva,/novatel/oem7/inspva,39.663,-75.756,-1.799752410,0.003045332,0.000161784,0.001720136,0.002513002,0.000161784,,novatel_oem7_msgs.msg.InertialSolutionStatus(status=3),
1786043682768023860,1786043682.766903521,/novatel/oem7/fix,/novatel/oem7/fix,/novatel/oem7/inspva,39.663,-75.756,-1.799752410,0.003045332,0.000161784,0.001720136,0.002513002,0.000161784,,0,
1786043682768513471,1786043682.767382859,/novatel/oem7/odom,/novatel/oem7/fix,/novatel/oem7/odom,39.663,-75.756,-1.799752410,0.003044557,0.000175761,0.002590022,0.001600348,0.000175761,,,
1786043682775555469,1786043682.775045994,/novatel/oem7/odom,/novatel/oem7/fix,/novatel/oem7/odom,39.663,-75.756,-1.799752410,0.003044557,0.000175761,0.002590022,0.001600348,0.000175761,,,
1786043682785495124,1786043682.785077841,/novatel/oem7/inspva,/novatel/oem7/inspva,/novatel/oem7/inspva,39.663,-75.756,-1.799729378,0.002695855,-0.000372600,0.001203382,0.002412366,-0.000372600,,novatel_oem7_msgs.msg.InertialSolutionStatus(status=3),
1786043682786240388,1786043682.785287816,/novatel/oem7/fix,/novatel/oem7/fix,/novatel/oem7/inspva,39.663,-75.756,-1.799729378,0.002695855,-0.000372600,0.001203382,0.002412366,-0.000372600,,0,
1786043682786833722,1786043682.785890955,/novatel/oem7/odom,/novatel/oem7/fix,/novatel/oem7/odom,39.663,-75.756,-1.799729378,0.002697496,-0.000360532,0.002467344,0.001090274,-0.000360532,,,
1786043682796007325,1786043682.795511714,/novatel/oem7/odom,/novatel/oem7/fix,/novatel/oem7/odom,39.663,-75.756,-1.799729378,0.002697496,-0.000360532,0.002467344,0.001090274,-0.000360532,,,
1786043682806687134,1786043682.806259350,/novatel/oem7/inspva,/novatel/oem7/inspva,/novatel/oem7/inspva,39.663,-75.756,-1.799689403,0.004477744,0.001855753,-0.000849318,0.004396459,0.001855753,,novatel_oem7_msgs.msg.InertialSolutionStatus(status=3),
1786043682807378440,1786043682.806483975,/novatel/oem7/fix,/novatel/oem7/fix,/novatel/oem7/inspva,39.663,-75.756,-1.799689403,0.004477744,0.001855753,-0.000849318,0.004396459,0.001855753,,0,
1786043682807849520,1786043682.807094268,/novatel/oem7/odom,/novatel/oem7/fix,/novatel/oem7/odom,39.663,-75.756,-1.799689403,0.004472180,0.001869122,0.004345027,-0.001058835,0.001869122,,,
1786043682810600236,1786043682.810213816,/novatel/oem7/bestpos,/novatel/oem7/bestpos,/novatel/oem7/odom,39.663,-75.756,33.182719395,0.004472180,0.001869122,0.004345027,-0.001058835,0.001869122,,novatel_oem7_msgs.msg.SolutionStatus(status=0),novatel_oem7_msgs.msg.PositionOrVelocityType(type=53)
1786043682811243877,1786043682.810570686,/novatel/oem7/bestvel,/novatel/oem7/bestpos,/novatel/oem7/bestvel,39.663,-75.756,33.182719395,0.003850991,0.001820429,,,,94.361339091,novatel_oem7_msgs.msg.SolutionStatus(status=0),novatel_oem7_msgs.msg.PositionOrVelocityType(type=53)
1786043682815193768,1786043682.814849502,/novatel/oem7/odom,/novatel/oem7/bestpos,/novatel/oem7/odom,39.663,-75.756,33.182719395,0.004472180,0.001869122,0.004345027,-0.001058835,0.001869122,,,
1786043682826594156,1786043682.826272345,/novatel/oem7/inspva,/novatel/oem7/inspva,/novatel/oem7/inspva,39.663,-75.756,-1.799675463,0.003966988,0.001529608,-0.000352909,0.003951259,0.001529608,,novatel_oem7_msgs.msg.InertialSolutionStatus(status=3),
1786043682827145181,1786043682.826521687,/novatel/oem7/fix,/novatel/oem7/fix,/novatel/oem7/inspva,39.663,-75.756,-1.799675463,0.003966988,0.001529608,-0.000352909,0.003951259,0.001529608,,0,
1786043682827760212,1786043682.827007582,/novatel/oem7/odom,/novatel/oem7/fix,/novatel/oem7/odom,39.663,-75.756,-1.799675463,0.003961820,0.001542944,0.003924672,-0.000541267,0.001542944,,,
1786043682834869400,1786043682.834507409,/novatel/oem7/odom,/novatel/oem7/fix,/novatel/oem7/odom,39.663,-75.756,-1.799675463,0.003961820,0.001542944,0.003924672,-0.000541267,0.001542944,,,
1786043682845980336,1786043682.845483484,/novatel/oem7/inspva,/novatel/oem7/inspva,/novatel/oem7/inspva,39.663,-75.756,-1.799665014,0.003100529,0.000679309,0.001173358,0.002869932,0.000679309,,novatel_oem7_msgs.msg.InertialSolutionStatus(status=3),
1786043682846860793,1786043682.845747060,/novatel/oem7/fix,/novatel/oem7/fix,/novatel/oem7/inspva,39.663,-75.756,-1.799665014,0.003100529,0.000679309,0.001173358,0.002869932,0.000679309,,0,
1786043682847509603,1786043682.846267546,/novatel/oem7/odom,/novatel/oem7/fix,/novatel/oem7/odom,39.663,-75.756,-1.799665014,0.003097526,0.000692874,0.002919092,0.001036132,0.000692874,,,
1786043682857036081,1786043682.856615711,/novatel/oem7/odom,/novatel/oem7/fix,/novatel/oem7/odom,39.663,-75.756,-1.799665014,0.003097526,0.000692874,0.002919092,0.001036132,0.000692874,,,
1786043682865718698,1786043682.865195493,/novatel/oem7/inspva,/novatel/oem7/inspva,/novatel/oem7/inspva,39.663,-75.756,-1.799640876,0.002745219,0.000793520,0.001131728,0.002501083,0.000793520,,novatel_oem7_msgs.msg.InertialSolutionStatus(status=3),
1786043682866535473,1786043682.865414428,/novatel/oem7/fix,/novatel/oem7/fix,/novatel/oem7/inspva,39.663,-75.756,-1.799640876,0.002745219,0.000793520,0.001131728,0.002501083,0.000793520,,0,
1786043682867014774,1786043682.865962913,/novatel/oem7/odom,/novatel/oem7/fix,/novatel/oem7/odom,39.663,-75.756,-1.799640876,0.002741658,0.000805736,0.002548259,0.001011466,0.000805736,,,
1786043682875139748,1786043682.874655856,/novatel/oem7/odom,/novatel/oem7/fix,/novatel/oem7/odom,39.663,-75.756,-1.799640876,0.002741658,0.000805736,0.002548259,0.001011466,0.000805736,,,
1786043682887241469,1786043682.886793293,/novatel/oem7/inspva,/novatel/oem7/inspva,/novatel/oem7/inspva,39.663,-75.756,-1.799613691,0.003639349,0.000512917,-0.000902683,0.003525624,0.000512917,,novatel_oem7_msgs.msg.InertialSolutionStatus(status=3),
1786043682887988802,1786043682.887007881,/novatel/oem7/fix,/novatel/oem7/fix,/novatel/oem7/inspva,39.663,-75.756,-1.799613691,0.003639349,0.000512917,-0.000902683,0.003525624,0.000512917,,0,
1786043682888573816,1786043682.887653441,/novatel/oem7/odom,/novatel/oem7/fix,/novatel/oem7/odom,39.663,-75.756,-1.799613691,0.003637912,0.000523015,0.003477651,-0.001067872,0.000523015,,,
1786043682895600341,1786043682.895118958,/novatel/oem7/odom,/novatel/oem7/fix,/novatel/oem7/odom,39.663,-75.756,-1.799613691,0.003637912,0.000523015,0.003477651,-0.001067872,0.000523015,,,
1786043682906509013,1786043682.905803607,/novatel/oem7/inspva,/novatel/oem7/inspva,/novatel/oem7/inspva,39.663,-75.756,-1.799583727,0.003980443,0.001404048,-0.000380158,0.003962248,0.001404048,,novatel_oem7_msgs.msg.InertialSolutionStatus(status=3),
1786043682907559579,1786043682.906053186,/novatel/oem7/fix,/novatel/oem7/fix,/novatel/oem7/inspva,39.663,-75.756,-1.799583727,0.003980443,0.001404048,-0.000380158,0.003962248,0.001404048,,0,
1786043682908182241,1786043682.906404576,/novatel/oem7/odom,/novatel/oem7/fix,/novatel/oem7/odom,39.663,-75.756,-1.799583727,0.003975797,0.001417151,0.003934916,-0.000568675,0.001417151,,,
1786043682909364030,1786043682.908905258,/novatel/oem7/bestpos,/novatel/oem7/bestpos,/novatel/oem7/odom,39.663,-75.756,33.182827846,0.003975797,0.001417151,0.003934916,-0.000568675,0.001417151,,novatel_oem7_msgs.msg.SolutionStatus(status=0),novatel_oem7_msgs.msg.PositionOrVelocityType(type=53)
1786043682910173210,1786043682.909530404,/novatel/oem7/bestvel,/novatel/oem7/bestpos,/novatel/oem7/bestvel,39.663,-75.756,33.182827846,0.003384000,0.001549004,,,,91.927611879,novatel_oem7_msgs.msg.SolutionStatus(status=0),novatel_oem7_msgs.msg.PositionOrVelocityType(type=53)
1786043682915992038,1786043682.915577441,/novatel/oem7/odom,/novatel/oem7/bestpos,/novatel/oem7/odom,39.663,-75.756,33.182827846,0.003975797,0.001417151,0.003934916,-0.000568675,0.001417151,,,
1786043682925752685,1786043682.925345067,/novatel/oem7/inspva,/novatel/oem7/inspva,/novatel/oem7/inspva,39.663,-75.756,-1.799557001,0.003471392,0.002109492,0.000888367,0.003355796,0.002109492,,novatel_oem7_msgs.msg.InertialSolutionStatus(status=3),
1786043682926449751,1786043682.925587789,/novatel/oem7/fix,/novatel/oem7/fix,/novatel/oem7/inspva,39.663,-75.756,-1.799557001,0.003471392,0.002109492,0.000888367,0.003355796,0.002109492,,0,
1786043682927088435,1786043682.926264433,/novatel/oem7/odom,/novatel/oem7/fix,/novatel/oem7/odom,39.663,-75.756,-1.799557001,0.003462482,0.002124084,0.003385756,0.000724873,0.002124084,,,
1786043682936156758,1786043682.935543391,/novatel/oem7/odom,/novatel/oem7/fix,/novatel/oem7/odom,39.663,-75.756,-1.799557001,0.003462482,0.002124084,0.003385756,0.000724873,0.002124084,,,
1786043682946503256,1786043682.946051360,/novatel/oem7/inspva,/novatel/oem7/inspva,/novatel/oem7/inspva,39.663,-75.756,-1.799530411,0.003368699,0.001224328,0.001028537,0.003207841,0.001224328,,novatel_oem7_msgs.msg.InertialSolutionStatus(status=3),
1786043682947294517,1786043682.946210418,/novatel/oem7/fix,/novatel/oem7/fix,/novatel/oem7/inspva,39.663,-75.756,-1.799530411,0.003368699,0.001224328,0.001028537,0.003207841,0.001224328,,0,
1786043682947904530,1786043682.946796426,/novatel/oem7/odom,/novatel/oem7/fix,/novatel/oem7/odom,39.663,-75.756,-1.799530411,0.003363415,0.001238770,0.003247828,0.000874171,0.001238770,,,
1786043682956249406,1786043682.955852036,/novatel/oem7/odom,/novatel/oem7/fix,/novatel/oem7/odom,39.663,-75.756,-1.799530411,0.003363415,0.001238770,0.003247828,0.000874171,0.001238770,,,
1786043682966107376,1786043682.965536921,/novatel/oem7/inspva,/novatel/oem7/inspva,/novatel/oem7/inspva,39.663,-75.756,-1.799507932,0.003503919,-0.000118366,-0.000560164,0.003458853,-0.000118366,,novatel_oem7_msgs.msg.InertialSolutionStatus(status=3),
1786043682966996621,1786043682.965793124,/novatel/oem7/fix,/novatel/oem7/fix,/novatel/oem7/inspva,39.663,-75.756,-1.799507932,0.003503919,-0.000118366,-0.000560164,0.003458853,-0.000118366,,0,
1786043682967680369,1786043682.966262615,/novatel/oem7/odom,/novatel/oem7/fix,/novatel/oem7/odom,39.663,-75.756,-1.799507932,0.003504266,-0.000107602,0.003429296,-0.000720978,-0.000107602,,,
1786043682976511697,1786043682.976033731,/novatel/oem7/odom,/novatel/oem7/fix,/novatel/oem7/odom,39.663,-75.756,-1.799507932,0.003504266,-0.000107602,0.003429296,-0.000720978,-0.000107602,,,
1786043682986002464,1786043682.985370124,/novatel/oem7/inspva,/novatel/oem7/inspva,/novatel/oem7/inspva,39.663,-75.756,-1.799477363,0.003524232,0.000560675,-0.000491658,0.003489769,0.000560675,,novatel_oem7_msgs.msg.InertialSolutionStatus(status=3),
1786043682987075152,1786043682.986548104,/novatel/oem7/fix,/novatel/oem7/fix,/novatel/oem7/inspva,39.663,-75.756,-1.799477363,0.003524232,0.000560675,-0.000491658,0.003489769,0.000560675,,0,
1786043682988583383,1786043682.988152068,/novatel/oem7/odom,/novatel/oem7/fix,/novatel/oem7/odom,39.663,-75.756,-1.799477363,0.003522465,0.000571672,0.003460879,-0.000655801,0.000571672,,,
1786043682995052826,1786043682.994461644,/novatel/oem7/odom,/novatel/oem7/fix,/novatel/oem7/odom,39.663,-75.756,-1.799477363,0.003522465,0.000571672,0.003460879,-0.000655801,0.000571672,,,
1786043683010337122,1786043683.009944720,/novatel/oem7/inspva,/novatel/oem7/inspva,/novatel/oem7/inspva,39.663,-75.756,-1.799443902,0.003728895,0.002518382,0.000873174,0.003625221,0.002518382,,novatel_oem7_msgs.msg.InertialSolutionStatus(status=3),
1786043683011043620,1786043683.010125212,/novatel/oem7/fix,/novatel/oem7/fix,/novatel/oem7/inspva,39.663,-75.756,-1.799443902,0.003728895,0.002518382,0.000873174,0.003625221,0.002518382,,0,
1786043683011719643,1786043683.011136385,/novatel/oem7/odom,/novatel/oem7/fix,/novatel/oem7/odom,39.663,-75.756,-1.799443902,0.003718419,0.002533825,0.003652718,0.000695910,0.002533825,,,
1786043683016856821,1786043683.016487471,/novatel/oem7/odom,/novatel/oem7/fix,/novatel/oem7/odom,39.663,-75.756,-1.799443902,0.003718419,0.002533825,0.003652718,0.000695910,0.002533825,,,
1786043683024307505,1786043683.023962152,/novatel/oem7/bestpos,/novatel/oem7/bestpos,/novatel/oem7/odom,39.663,-75.756,33.182949499,0.003718419,0.002533825,0.003652718,0.000695910,0.002533825,,novatel_oem7_msgs.msg.SolutionStatus(status=0),novatel_oem7_msgs.msg.PositionOrVelocityType(type=53)
1786043683024906651,1786043683.024547951,/novatel/oem7/bestvel,/novatel/oem7/bestpos,/novatel/oem7/bestvel,39.663,-75.756,33.182949499,0.004418837,0.001792402,,,,66.873689066,novatel_oem7_msgs.msg.SolutionStatus(status=0),novatel_oem7_msgs.msg.PositionOrVelocityType(type=53)
1786043683026711456,1786043683.026267708,/novatel/oem7/inspva,/novatel/oem7/inspva,/novatel/oem7/inspva,39.663,-75.756,-1.799429561,0.003086545,0.001106601,0.001220131,0.002835144,0.001106601,,novatel_oem7_msgs.msg.InertialSolutionStatus(status=3),
1786043683027237202,1786043683.026413636,/novatel/oem7/fix,/novatel/oem7/fix,/novatel/oem7/inspva,39.663,-75.756,-1.799429561,0.003086545,0.001106601,0.001220131,0.002835144,0.001106601,,0,
1786043683027653735,1786043683.026827253,/novatel/oem7/odom,/novatel/oem7/fix,/novatel/oem7/odom,39.663,-75.756,-1.799429561,0.003081640,0.001120189,0.002884967,0.001083269,0.001120189,,,
1786043683035886068,1786043683.035571590,/novatel/oem7/odom,/novatel/oem7/fix,/novatel/oem7/odom,39.663,-75.756,-1.799429561,0.003081640,0.001120189,0.002884967,0.001083269,0.001120189,,,
1786043683045664301,1786043683.045390247,/novatel/oem7/inspva,/novatel/oem7/inspva,/novatel/oem7/inspva,39.663,-75.756,-1.799461346,0.002334388,-0.000936066,0.000137065,0.002330360,-0.000936066,,novatel_oem7_msgs.msg.InertialSolutionStatus(status=3),
1786043683046185565,1786043683.045551159,/novatel/oem7/fix,/novatel/oem7/fix,/novatel/oem7/inspva,39.663,-75.756,-1.799461346,0.002334388,-0.000936066,0.000137065,0.002330360,-0.000936066,,0,
1786043683046808081,1786043683.046151958,/novatel/oem7/odom,/novatel/oem7/fix,/novatel/oem7/odom,39.663,-75.756,-1.799461346,0.002337821,-0.000927459,0.002337623,0.000030423,-0.000927459,,,
1786043683056958846,1786043683.056479770,/novatel/oem7/odom,/novatel/oem7/fix,/novatel/oem7/odom,39.663,-75.756,-1.799461346,0.002337821,-0.000927459,0.002337623,0.000030423,-0.000927459,,,
1786043683066547735,1786043683.066276094,/novatel/oem7/inspva,/novatel/oem7/inspva,/novatel/oem7/inspva,39.663,-75.756,-1.799485372,0.003977742,0.000058478,-0.000332662,0.003963807,0.000058478,,novatel_oem7_msgs.msg.InertialSolutionStatus(status=3),
1786043683067086955,1786043683.066442959,/novatel/oem7/fix,/novatel/oem7/fix,/novatel/oem7/inspva,39.663,-75.756,-1.799485372,0.003977742,0.000058478,-0.000332662,0.003963807,0.000058478,,0,
1786043683067700128,1786043683.066899627,/novatel/oem7/odom,/novatel/oem7/fix,/novatel/oem7/odom,39.663,-75.756,-1.799485372,0.003977529,0.000071468,0.003943675,-0.000517852,0.000071468,,,
1786043683074986566,1786043683.074679013,/novatel/oem7/odom,/novatel/oem7/fix,/novatel/oem7/odom,39.663,-75.756,-1.799485372,0.003977529,0.000071468,0.003943675,-0.000517852,0.000071468,,,
1786043683085738335,1786043683.085344636,/novatel/oem7/inspva,/novatel/oem7/inspva,/novatel/oem7/inspva,39.663,-75.756,-1.799486579,0.003565421,0.002872410,0.000327578,0.003550340,0.002872410,,novatel_oem7_msgs.msg.InertialSolutionStatus(status=3),
1786043683086273826,1786043683.085498657,/novatel/oem7/fix,/novatel/oem7/fix,/novatel/oem7/inspva,39.663,-75.756,-1.799486579,0.003565421,0.002872410,0.000327578,0.003550340,0.002872410,,0,
1786043683086877013,1786043683.086117307,/novatel/oem7/odom,/novatel/oem7/fix,/novatel/oem7/odom,39.663,-75.756,-1.799486579,0.003554460,0.002885963,0.003551145,0.000153481,0.002885963,,,
1786043683095712602,1786043683.095389105,/novatel/oem7/odom,/novatel/oem7/fix,/novatel/oem7/odom,39.663,-75.756,-1.799486579,0.003554460,0.002885963,0.003551145,0.000153481,0.002885963,,,
1786043683106397343,1786043683.105950443,/novatel/oem7/inspva,/novatel/oem7/inspva,/novatel/oem7/inspva,39.663,-75.756,-1.799523154,0.002681672,0.001627079,0.000800229,0.002559492,0.001627079,,novatel_oem7_msgs.msg.InertialSolutionStatus(status=3),
1786043683106943949,1786043683.106090394,/novatel/oem7/fix,/novatel/oem7/fix,/novatel/oem7/inspva,39.663,-75.756,-1.799523154,0.002681672,0.001627079,0.000800229,0.002559492,0.001627079,,0,
1786043683107361588,1786043683.106515198,/novatel/oem7/odom,/novatel/oem7/fix,/novatel/oem7/odom,39.663,-75.756,-1.799523154,0.002674764,0.001638409,0.002588109,0.000675319,0.001638409,,,
1786043683109544751,1786043683.109238728,/novatel/oem7/bestpos,/novatel/oem7/bestpos,/novatel/oem7/odom,39.663,-75.756,33.182888440,0.002674764,0.001638409,0.002588109,0.000675319,0.001638409,,novatel_oem7_msgs.msg.SolutionStatus(status=0),novatel_oem7_msgs.msg.PositionOrVelocityType(type=53)
1786043683110137918,1786043683.109885105,/novatel/oem7/bestvel,/novatel/oem7/bestpos,/novatel/oem7/bestvel,39.663,-75.756,33.182888440,0.003659631,0.001110469,,,,77.544344397,novatel_oem7_msgs.msg.SolutionStatus(status=0),novatel_oem7_msgs.msg.PositionOrVelocityType(type=53)
1786043683114723139,1786043683.114395436,/novatel/oem7/odom,/novatel/oem7/bestpos,/novatel/oem7/odom,39.663,-75.756,33.182888440,0.002674764,0.001638409,0.002588109,0.000675319,0.001638409,,,
1786043683126870944,1786043683.126609334,/novatel/oem7/inspva,/novatel/oem7/inspva,/novatel/oem7/inspva,39.663,-75.756,-1.799558892,0.002415041,-0.000787550,0.000721416,0.002304774,-0.000787550,,novatel_oem7_msgs.msg.InertialSolutionStatus(status=3),
1786043683127412230,1786043683.126754091,/novatel/oem7/fix,/novatel/oem7/fix,/novatel/oem7/inspva,39.663,-75.756,-1.799558892,0.002415041,-0.000787550,0.000721416,0.002304774,-0.000787550,,0,
1786043683128012866,1786043683.127273340,/novatel/oem7/odom,/novatel/oem7/fix,/novatel/oem7/odom,39.663,-75.756,-1.799558892,0.002418300,-0.000777485,0.002338819,0.000614901,-0.000777485,,,
1786043683135008434,1786043683.134680980,/novatel/oem7/odom,/novatel/oem7/fix,/novatel/oem7/odom,39.663,-75.756,-1.799558892,0.002418300,-0.000777485,0.002338819,0.000614901,-0.000777485,,,
1786043683145322353,1786043683.145098928,/novatel/oem7/inspva,/novatel/oem7/inspva,/novatel/oem7/inspva,39.663,-75.756,-1.799577964,0.003120233,0.000097461,0.000204153,0.003113547,0.000097461,,novatel_oem7_msgs.msg.InertialSolutionStatus(status=3),
1786043683145866248,1786043683.145156704,/novatel/oem7/fix,/novatel/oem7/fix,/novatel/oem7/inspva,39.663,-75.756,-1.799577964,0.003120233,0.000097461,0.000204153,0.003113547,0.000097461,,0,
1786043683146276251,1786043683.145573538,/novatel/oem7/odom,/novatel/oem7/fix,/novatel/oem7/odom,39.663,-75.756,-1.799577964,0.003119852,0.000108977,0.003119312,0.000058041,0.000108977,,,
1786043683156551370,1786043683.155767728,/novatel/oem7/odom,/novatel/oem7/fix,/novatel/oem7/odom,39.663,-75.756,-1.799577964,0.003119852,0.000108977,0.003119312,0.000058041,0.000108977,,,
1786043683165983366,1786043683.165449294,/novatel/oem7/inspva,/novatel/oem7/inspva,/novatel/oem7/inspva,39.663,-75.756,-1.799577962,0.004453951,0.002363784,-0.000515836,0.004423979,0.002363784,,novatel_oem7_msgs.msg.InertialSolutionStatus(status=3),
1786043683167277742,1786043683.165595129,/novatel/oem7/fix,/novatel/oem7/fix,/novatel/oem7/inspva,39.663,-75.756,-1.799577962,0.004453951,0.002363784,-0.000515836,0.004423979,0.002363784,,0,
1786043683168286632,1786043683.166417747,/novatel/oem7/odom,/novatel/oem7/fix,/novatel/oem7/odom,39.663,-75.756,-1.799577962,0.004446420,0.002377919,0.004386324,-0.000728573,0.002377919,,,
1786043683175257705,1786043683.174620738,/novatel/oem7/odom,/novatel/oem7/fix,/novatel/oem7/odom,39.663,-75.756,-1.799577962,0.004446420,0.002377919,0.004386324,-0.000728573,0.002377919,,,
1786043683186778129,1786043683.186231633,/novatel/oem7/inspva,/novatel/oem7/inspva,/novatel/oem7/inspva,39.663,-75.756,-1.799606930,0.002799400,0.002013808,0.000285350,0.002784818,0.002013808,,novatel_oem7_msgs.msg.InertialSolutionStatus(status=3),
1786043683188061031,1786043683.186377951,/novatel/oem7/fix,/novatel/oem7/fix,/novatel/oem7/inspva,39.663,-75.756,-1.799606930,0.002799400,0.002013808,0.000285350,0.002784818,0.002013808,,0,
1786043683189053051,1786043683.186863113,/novatel/oem7/odom,/novatel/oem7/fix,/novatel/oem7/odom,39.663,-75.756,-1.799606930,0.002791672,0.002024507,0.002787673,0.000149382,0.002024507,,,
1786043683195008186,1786043683.194367384,/novatel/oem7/odom,/novatel/oem7/fix,/novatel/oem7/odom,39.663,-75.756,-1.799606930,0.002791672,0.002024507,0.002787673,0.000149382,0.002024507,,,
1786043683207107836,1786043683.206580761,/novatel/oem7/inspva,/novatel/oem7/inspva,/novatel/oem7/inspva,39.663,-75.756,-1.799655144,0.002124337,-0.001069451,0.001241549,0.001723764,-0.001069451,,novatel_oem7_msgs.msg.InertialSolutionStatus(status=3),
1786043683208386572,1786043683.206725462,/novatel/oem7/fix,/novatel/oem7/fix,/novatel/oem7/inspva,39.663,-75.756,-1.799655144,0.002124337,-0.001069451,0.001241549,0.001723764,-0.001069451,,0,
1786043683209381665,1786043683.207516784,/novatel/oem7/odom,/novatel/oem7/fix,/novatel/oem7/odom,39.663,-75.756,-1.799655144,0.002129121,-0.001059896,0.001783823,0.001162382,-0.001059896,,,
1786043683210832417,1786043683.209771126,/novatel/oem7/bestpos,/novatel/oem7/bestpos,/novatel/oem7/odom,39.663,-75.756,33.182775587,0.002129121,-0.001059896,0.001783823,0.001162382,-0.001059896,,novatel_oem7_msgs.msg.SolutionStatus(status=0),novatel_oem7_msgs.msg.PositionOrVelocityType(type=53)
1786043683211719588,1786043683.210169116,/novatel/oem7/bestvel,/novatel/oem7/bestpos,/novatel/oem7/bestvel,39.663,-75.756,33.182775587,0.001492505,-0.000533667,,,,19.550530222,novatel_oem7_msgs.msg.SolutionStatus(status=0),novatel_oem7_msgs.msg.PositionOrVelocityType(type=53)
1786043683216198626,1786043683.215556956,/novatel/oem7/odom,/novatel/oem7/bestpos,/novatel/oem7/odom,39.663,-75.756,33.182775587,0.002129121,-0.001059896,0.001783823,0.001162382,-0.001059896,,,
1786043683225503672,1786043683.224996931,/novatel/oem7/inspva,/novatel/oem7/inspva,/novatel/oem7/inspva,39.663,-75.756,-1.799677881,0.002963760,-0.000585835,0.000684731,0.002883577,-0.000585835,,novatel_oem7_msgs.msg.InertialSolutionStatus(status=3),
1786043683226802858,1786043683.225057900,/novatel/oem7/fix,/novatel/oem7/fix,/novatel/oem7/inspva,39.663,-75.756,-1.799677881,0.002963760,-0.000585835,0.000684731,0.002883577,-0.000585835,,0,
1786043683227799664,1786043683.225528415,/novatel/oem7/odom,/novatel/oem7/fix,/novatel/oem7/odom,39.663,-75.756,-1.799677881,0.002966125,-0.000573744,0.002914578,0.000550571,-0.000573744,,,
1786043683235019896,1786043683.234369019,/novatel/oem7/odom,/novatel/oem7/fix,/novatel/oem7/odom,39.663,-75.756,-1.799677881,0.002966125,-0.000573744,0.002914578,0.000550571,-0.000573744,,,
1786043683247001407,1786043683.246524306,/novatel/oem7/inspva,/novatel/oem7/inspva,/novatel/oem7/inspva,39.663,-75.756,-1.799676687,0.003434630,0.002028025,-0.000129357,0.003432193,0.002028025,,novatel_oem7_msgs.msg.InertialSolutionStatus(status=3),
1786043683248276777,1786043683.246582912,/novatel/oem7/fix,/novatel/oem7/fix,/novatel/oem7/inspva,39.663,-75.756,-1.799676687,0.003434630,0.002028025,-0.000129357,0.003432193,0.002028025,,0,
1786043683249261126,1786043683.246981494,/novatel/oem7/odom,/novatel/oem7/fix,/novatel/oem7/odom,39.663,-75.756,-1.799676687,0.003427643,0.002039813,0.003414903,-0.000295253,0.002039813,,,
1786043683256969019,1786043683.256310449,/novatel/oem7/odom,/novatel/oem7/fix,/novatel/oem7/odom,39.663,-75.756,-1.799676687,0.003427643,0.002039813,0.003414903,-0.000295253,0.002039813,,,
1786043683265488797,1786043683.264995072,/novatel/oem7/inspva,/novatel/oem7/inspva,/novatel/oem7/inspva,39.663,-75.756,-1.799710832,0.003220871,0.001507535,0.000266271,0.003209846,0.001507535,,novatel_oem7_msgs.msg.InertialSolutionStatus(status=3),
1786043683266771120,1786043683.265055633,/novatel/oem7/fix,/novatel/oem7/fix,/novatel/oem7/inspva,39.663,-75.756,-1.799710832,0.003220871,0.001507535,0.000266271,0.003209846,0.001507535,,0,
1786043683267769586,1786043683.265528724,/novatel/oem7/odom,/novatel/oem7/fix,/novatel/oem7/odom,39.663,-75.756,-1.799710832,0.003215194,0.001519604,0.003213254,0.000111680,0.001519604,,,
1786043683276018991,1786043683.275350084,/novatel/oem7/odom,/novatel/oem7/fix,/novatel/oem7/odom,39.663,-75.756,-1.799710832,0.003215194,0.001519604,0.003213254,0.000111680,0.001519604,,,
1786043683285798734,1786043683.285251872,/novatel/oem7/inspva,/novatel/oem7/inspva,/novatel/oem7/inspva,39.663,-75.756,-1.799747291,0.002861964,0.000321648,0.001929810,0.002113451,0.000321648,,novatel_oem7_msgs.msg.InertialSolutionStatus(status=3),
1786043683287096621,1786043683.285396884,/novatel/oem7/fix,/novatel/oem7/fix,/novatel/oem7/inspva,39.663,-75.756,-1.799747291,0.002861964,0.000321648,0.001929810,0.002113451,0.000321648,,0,
1786043683288113144,1786043683.286029533,/novatel/oem7/odom,/novatel/oem7/fix,/novatel/oem7/odom,39.663,-75.756,-1.799747291,0.002860473,0.000334656,0.002200255,0.001827890,0.000334656,,,
1786043683295577734,1786043683.294914871,/novatel/oem7/odom,/novatel/oem7/fix,/novatel/oem7/odom,39.663,-75.756,-1.799747291,0.002860473,0.000334656,0.002200255,0.001827890,0.000334656,,,
1786043683306384084,1786043683.305859119,/novatel/oem7/inspva,/novatel/oem7/inspva,/novatel/oem7/inspva,39.663,-75.756,-1.799780860,0.002420605,-0.000357286,0.001373600,0.001993126,-0.000357286,,novatel_oem7_msgs.msg.InertialSolutionStatus(status=3),
1786043683307669074,1786043683.305998247,/novatel/oem7/fix,/novatel/oem7/fix,/novatel/oem7/inspva,39.663,-75.756,-1.799780860,0.002420605,-0.000357286,0.001373600,0.001993126,-0.000357286,,0,
1786043683308661030,1786043683.306486055,/novatel/oem7/odom,/novatel/oem7/fix,/novatel/oem7/odom,39.663,-75.756,-1.799780860,0.002422197,-0.000346329,0.002056523,0.001279746,-0.000346329,,,
1786043683310080924,1786043683.308715147,/novatel/oem7/bestpos,/novatel/oem7/bestpos,/novatel/oem7/odom,39.663,-75.756,33.182627213,0.002422197,-0.000346329,0.002056523,0.001279746,-0.000346329,,novatel_oem7_msgs.msg.SolutionStatus(status=0),novatel_oem7_msgs.msg.PositionOrVelocityType(type=53)
1786043683310963633,1786043683.309371049,/novatel/oem7/bestvel,/novatel/oem7/bestpos,/novatel/oem7/bestvel,39.663,-75.756,33.182627213,0.002187100,-0.000178844,,,,55.774232243,novatel_oem7_msgs.msg.SolutionStatus(status=0),novatel_oem7_msgs.msg.PositionOrVelocityType(type=53)
1786043683315372776,1786043683.314559842,/novatel/oem7/odom,/novatel/oem7/bestpos,/novatel/oem7/odom,39.663,-75.756,33.182627213,0.002422197,-0.000346329,0.002056523,0.001279746,-0.000346329,,,
1786043683325834600,1786043683.325325393,/novatel/oem7/inspva,/novatel/oem7/inspva,/novatel/oem7/inspva,39.663,-75.756,-1.799782879,0.002914529,0.001346767,-0.000486374,0.002873660,0.001346767,,novatel_oem7_msgs.msg.InertialSolutionStatus(status=3),
1786043683327111896,1786043683.325387684,/novatel/oem7/fix,/novatel/oem7/fix,/novatel/oem7/inspva,39.663,-75.756,-1.799782879,0.002914529,0.001346767,-0.000486374,0.002873660,0.001346767,,0,
1786043683328112602,1786043683.326068989,/novatel/oem7/odom,/novatel/oem7/fix,/novatel/oem7/odom,39.663,-75.756,-1.799782879,0.002910484,0.001355487,0.002842804,-0.000624006,0.001355487,,,
1786043683336251337,1786043683.335610220,/novatel/oem7/odom,/novatel/oem7/fix,/novatel/oem7/odom,39.663,-75.756,-1.799782879,0.002910484,0.001355487,0.002842804,-0.000624006,0.001355487,,,
1786043683345960019,1786043683.345438691,/novatel/oem7/inspva,/novatel/oem7/inspva,/novatel/oem7/inspva,39.663,-75.756,-1.799810473,0.003048778,0.001269492,-0.000211226,0.003041452,0.001269492,,novatel_oem7_msgs.msg.InertialSolutionStatus(status=3),
1786043683347237975,1786043683.345576142,/novatel/oem7/fix,/novatel/oem7/fix,/novatel/oem7/inspva,39.663,-75.756,-1.799810473,0.003048778,0.001269492,-0.000211226,0.003041452,0.001269492,,0,
1786043683348361913,1786043683.345979069,/novatel/oem7/odom,/novatel/oem7/fix,/novatel/oem7/odom,39.663,-75.756,-1.799810473,0.003044522,0.001279665,0.003023542,-0.000356798,0.001279665,,,
1786043683356365852,1786043683.355720449,/novatel/oem7/odom,/novatel/oem7/fix,/novatel/oem7/odom,39.663,-75.756,-1.799810473,0.003044522,0.001279665,0.003023542,-0.000356798,0.001279665,,,
1786043683367839502,1786043683.367246889,/novatel/oem7/inspva,/novatel/oem7/inspva,/novatel/oem7/inspva,39.663,-75.756,-1.799838738,0.002533937,0.000851117,0.001487753,0.002051202,0.000851117,,novatel_oem7_msgs.msg.InertialSolutionStatus(status=3),
1786043683369119982,1786043683.367436381,/novatel/oem7/fix,/novatel/oem7/fix,/novatel/oem7/inspva,39.663,-75.756,-1.799838738,0.002533937,0.000851117,0.001487753,0.002051202,0.000851117,,0,
1786043683370118068,1786043683.367829339,/novatel/oem7/odom,/novatel/oem7/fix,/novatel/oem7/odom,39.663,-75.756,-1.799838738,0.002530030,0.000862663,0.002115435,0.001387798,0.000862663,,,
1786043683376258978,1786043683.375608692,/novatel/oem7/odom,/novatel/oem7/fix,/novatel/oem7/odom,39.663,-75.756,-1.799838738,0.002530030,0.000862663,0.002115435,0.001387798,0.000862663,,,
1786043683385855247,1786043683.385277291,/novatel/oem7/inspva,/novatel/oem7/inspva,/novatel/oem7/inspva,39.663,-75.756,-1.799874743,0.002566166,0.000116632,0.001479609,0.002096655,0.000116632,,novatel_oem7_msgs.msg.InertialSolutionStatus(status=3),
1786043683387318285,1786043683.385481093,/novatel/oem7/fix,/novatel/oem7/fix,/novatel/oem7/inspva,39.663,-75.756,-1.799874743,0.002566166,0.000116632,0.001479609,0.002096655,0.000116632,,0,
1786043683387751518,1786043683.385823060,/novatel/oem7/odom,/novatel/oem7/fix,/novatel/oem7/odom,39.663,-75.756,-1.799874743,0.002565608,0.000128311,0.002163178,0.001379495,0.000128311,,,
1786043683395911170,1786043683.395597710,/novatel/oem7/odom,/novatel/oem7/fix,/novatel/oem7/odom,39.663,-75.756,-1.799874743,0.002565608,0.000128311,0.002163178,0.001379495,0.000128311,,,
1786043683406681365,1786043683.406391710,/novatel/oem7/inspva,/novatel/oem7/inspva,/novatel/oem7/inspva,39.663,-75.756,-1.799897666,0.002334604,-0.000261191,-0.000804790,0.002191504,-0.000261191,,novatel_oem7_msgs.msg.InertialSolutionStatus(status=3),
1786043683407222886,1786043683.406573712,/novatel/oem7/fix,/novatel/oem7/fix,/novatel/oem7/inspva,39.663,-75.756,-1.799897666,0.002334604,-0.000261191,-0.000804790,0.002191504,-0.000261191,,0,
1786043683407644899,1786043683.406950789,/novatel/oem7/odom,/novatel/oem7/fix,/novatel/oem7/odom,39.663,-75.756,-1.799897666,0.002335203,-0.000255777,0.002152348,-0.000905855,-0.000255777,,,
1786043683410278840,1786043683.409982356,/novatel/oem7/bestpos,/novatel/oem7/bestpos,/novatel/oem7/odom,39.663,-75.756,33.182523895,0.002335203,-0.000255777,0.002152348,-0.000905855,-0.000255777,,novatel_oem7_msgs.msg.SolutionStatus(status=0),novatel_oem7_msgs.msg.PositionOrVelocityType(type=53)
1786043683410868979,1786043683.410469353,/novatel/oem7/bestvel,/novatel/oem7/bestpos,/novatel/oem7/bestvel,39.663,-75.756,33.182523895,0.001262411,0.000654488,,,,146.567965593,novatel_oem7_msgs.msg.SolutionStatus(status=0),novatel_oem7_msgs.msg.PositionOrVelocityType(type=53)
1786043683415844471,1786043683.415526973,/novatel/oem7/odom,/novatel/oem7/bestpos,/novatel/oem7/odom,39.663,-75.756,33.182523895,0.002335203,-0.000255777,0.002152348,-0.000905855,-0.000255777,,,
1786043683426394824,1786043683.426051298,/novatel/oem7/inspva,/novatel/oem7/inspva,/novatel/oem7/inspva,39.663,-75.756,-1.799922910,0.003060540,0.000423960,-0.000253493,0.003050024,0.000423960,,novatel_oem7_msgs.msg.InertialSolutionStatus(status=3),
1786043683426940132,1786043683.426221176,/novatel/oem7/fix,/novatel/oem7/fix,/novatel/oem7/inspva,39.663,-75.756,-1.799922910,0.003060540,0.000423960,-0.000253493,0.003050024,0.000423960,,0,
1786043683427369801,1786043683.426567456,/novatel/oem7/odom,/novatel/oem7/fix,/novatel/oem7/odom,39.663,-75.756,-1.799922910,0.003059139,0.000433951,0.003033238,-0.000397242,0.000433951,,,
1786043683434903533,1786043683.434591945,/novatel/oem7/odom,/novatel/oem7/fix,/novatel/oem7/odom,39.663,-75.756,-1.799922910,0.003059139,0.000433951,0.003033238,-0.000397242,0.000433951,,,
1786043683445545032,1786043683.445268151,/novatel/oem7/inspva,/novatel/oem7/inspva,/novatel/oem7/inspva,39.663,-75.756,-1.799950843,0.002558398,0.000745018,0.000492904,0.002510468,0.000745018,,novatel_oem7_msgs.msg.InertialSolutionStatus(status=3),
1786043683446069311,1786043683.445447699,/novatel/oem7/fix,/novatel/oem7/fix,/novatel/oem7/inspva,39.663,-75.756,-1.799950843,0.002558398,0.000745018,0.000492904,0.002510468,0.000745018,,0,
1786043683446681056,1786043683.446016632,/novatel/oem7/odom,/novatel/oem7/fix,/novatel/oem7/odom,39.663,-75.756,-1.799950843,0.002555363,0.000755361,0.002528030,0.000372755,0.000755361,,,
1786043683456991024,1786043683.456583366,/novatel/oem7/odom,/novatel/oem7/fix,/novatel/oem7/odom,39.663,-75.756,-1.799950843,0.002555363,0.000755361,0.002528030,0.000372755,0.000755361,,,
1786043683466277158,1786043683.465996142,/novatel/oem7/inspva,/novatel/oem7/inspva,/novatel/oem7/inspva,39.663,-75.756,-1.799988486,0.003025961,0.000347694,0.001385477,0.002690148,0.000347694,,novatel_oem7_msgs.msg.InertialSolutionStatus(status=3),
1786043683466824090,1786043683.466162127,/novatel/oem7/fix,/novatel/oem7/fix,/novatel/oem7/inspva,39.663,-75.756,-1.799988486,0.003025961,0.000347694,0.001385477,0.002690148,0.000347694,,0,
1786043683467456849,1786043683.466671276,/novatel/oem7/odom,/novatel/oem7/fix,/novatel/oem7/odom,39.663,-75.756,-1.799988486,0.003024384,0.000361154,0.002750801,0.001256977,0.000361154,,,
1786043683474881462,1786043683.474399749,/novatel/oem7/odom,/novatel/oem7/fix,/novatel/oem7/odom,39.663,-75.756,-1.799988486,0.003024384,0.000361154,0.002750801,0.001256977,0.000361154,,,
1786043683486712932,1786043683.486418091,/novatel/oem7/inspva,/novatel/oem7/inspva,/novatel/oem7/inspva,39.663,-75.756,-1.800026719,0.002235256,-0.001306558,0.000433412,0.002192835,-0.001306558,,novatel_oem7_msgs.msg.InertialSolutionStatus(status=3),
1786043683487258390,1786043683.486597856,/novatel/oem7/fix,/novatel/oem7/fix,/novatel/oem7/inspva,39.663,-75.756,-1.800026719,0.002235256,-0.001306558,0.000433412,0.002192835,-0.001306558,,0,
1786043683487879175,1786043683.487073768,/novatel/oem7/odom,/novatel/oem7/fix,/novatel/oem7/odom,39.663,-75.756,-1.800026719,0.002240463,-0.001297610,0.002215473,0.000333698,-0.001297610,,,
1786043683495729766,1786043683.495386980,/novatel/oem7/odom,/novatel/oem7/fix,/novatel/oem7/odom,39.663,-75.756,-1.800026719,0.002240463,-0.001297610,0.002215473,0.000333698,-0.001297610,,,
1786043683506152600,1786043683.505884087,/novatel/oem7/inspva,/novatel/oem7/inspva,/novatel/oem7/inspva,39.663,-75.756,-1.800053519,0.002400938,-0.000901617,0.000336739,0.002377206,-0.000901617,,novatel_oem7_msgs.msg.InertialSolutionStatus(status=3),
1786043683506685256,1786043683.506044669,/novatel/oem7/fix,/novatel/oem7/fix,/novatel/oem7/inspva,39.663,-75.756,-1.800053519,0.002400938,-0.000901617,0.000336739,0.002377206,-0.000901617,,0,
1786043683507272359,1786043683.506494003,/novatel/oem7/odom,/novatel/oem7/fix,/novatel/oem7/odom,39.663,-75.756,-1.800053519,0.002404409,-0.000892318,0.002393631,0.000227409,-0.000892318,,,
1786043683511122423,1786043683.510818996,/novatel/oem7/bestpos,/novatel/oem7/bestpos,/novatel/oem7/odom,39.663,-75.756,33.182365593,0.002404409,-0.000892318,0.002393631,0.000227409,-0.000892318,,novatel_oem7_msgs.msg.SolutionStatus(status=0),novatel_oem7_msgs.msg.PositionOrVelocityType(type=53)
1786043683511718184,1786043683.511270437,/novatel/oem7/bestvel,/novatel/oem7/bestpos,/novatel/oem7/bestvel,39.663,-75.756,33.182365593,0.001153297,-0.000082420,,,,89.383409377,novatel_oem7_msgs.msg.SolutionStatus(status=0),novatel_oem7_msgs.msg.PositionOrVelocityType(type=53)
1786043683514762468,1786043683.514447785,/novatel/oem7/odom,/novatel/oem7/bestpos,/novatel/oem7/odom,39.663,-75.756,33.182365593,0.002404409,-0.000892318,0.002393631,0.000227409,-0.000892318,,,
1786043683526968932,1786043683.526566678,/novatel/oem7/inspva,/novatel/oem7/inspva,/novatel/oem7/inspva,39.663,-75.756,-1.800065219,0.003036095,0.001566345,0.000589630,0.002978290,0.001566345,,novatel_oem7_msgs.msg.InertialSolutionStatus(status=3),
1786043683527516983,1786043683.526738906,/novatel/oem7/fix,/novatel/oem7/fix,/novatel/oem7/inspva,39.663,-75.756,-1.800065219,0.003036095,0.001566345,0.000589630,0.002978290,0.001566345,,0,
1786043683527934885,1786043683.527198101,/novatel/oem7/odom,/novatel/oem7/fix,/novatel/oem7/odom,39.663,-75.756,-1.800065219,0.003029769,0.001578547,0.002996881,0.000445202,0.001578547,,,
1786043683535471243,1786043683.534991955,/novatel/oem7/odom,/novatel/oem7/fix,/novatel/oem7/odom,39.663,-75.756,-1.800065219,0.003029769,0.001578547,0.002996881,0.000445202,0.001578547,,,
1786043683545289178,1786043683.545014724,/novatel/oem7/inspva,/novatel/oem7/inspva,/novatel/oem7/inspva,39.663,-75.756,-1.800110279,0.002680935,0.000612272,0.001072563,0.002457035,0.000612272,,novatel_oem7_msgs.msg.InertialSolutionStatus(status=3),
1786043683545828425,1786043683.545166162,/novatel/oem7/fix,/novatel/oem7/fix,/novatel/oem7/inspva,39.663,-75.756,-1.800110279,0.002680935,0.000612272,0.001072563,0.002457035,0.000612272,,0,
1786043683546258693,1786043683.545549682,/novatel/oem7/odom,/novatel/oem7/fix,/novatel/oem7/odom,39.663,-75.756,-1.800110279,0.002678217,0.000624055,0.002502313,0.000954606,0.000624055,,,
1786043683556333140,1786043683.556032260,/novatel/oem7/odom,/novatel/oem7/fix,/novatel/oem7/odom,39.663,-75.756,-1.800110279,0.002678217,0.000624055,0.002502313,0.000954606,0.000624055,,,
1786043683565569586,1786043683.565144616,/novatel/oem7/inspva,/novatel/oem7/inspva,/novatel/oem7/inspva,39.663,-75.756,-1.800156676,0.002106029,-0.001781849,0.001297020,0.001659247,-0.001781849,,novatel_oem7_msgs.msg.InertialSolutionStatus(status=3),
1786043683566093983,1786043683.565282967,/novatel/oem7/fix,/novatel/oem7/fix,/novatel/oem7/inspva,39.663,-75.756,-1.800156676,0.002106029,-0.001781849,0.001297020,0.001659247,-0.001781849,,0,
1786043683566513744,1786043683.565725095,/novatel/oem7/odom,/novatel/oem7/fix,/novatel/oem7/odom,39.663,-75.756,-1.800156676,0.002114027,-0.001772353,0.001724638,0.001222593,-0.001772353,,,
1786043683575286725,1786043683.574971203,/novatel/oem7/odom,/novatel/oem7/fix,/novatel/oem7/odom,39.663,-75.756,-1.800156676,0.002114027,-0.001772353,0.001724638,0.001222593,-0.001772353,,,
1786043683586560830,1786043683.586150621,/novatel/oem7/inspva,/novatel/oem7/inspva,/novatel/oem7/inspva,39.663,-75.756,-1.800189277,0.002410329,-0.001639539,0.000607398,0.002332543,-0.001639539,,novatel_oem7_msgs.msg.InertialSolutionStatus(status=3),
1786043683587102846,1786043683.586308502,/novatel/oem7/fix,/novatel/oem7/fix,/novatel/oem7/inspva,39.663,-75.756,-1.800189277,0.002410329,-0.001639539,0.000607398,0.002332543,-0.001639539,,0,
1786043683587542830,1786043683.586836514,/novatel/oem7/odom,/novatel/oem7/fix,/novatel/oem7/odom,39.663,-75.756,-1.800189277,0.002417028,-0.001629648,0.002364364,0.000501804,-0.001629648,,,
1786043683594988563,1786043683.594534653,/novatel/oem7/odom,/novatel/oem7/fix,/novatel/oem7/odom,39.663,-75.756,-1.800189277,0.002417028,-0.001629648,0.002364364,0.000501804,-0.001629648,,,
1786043683606878580,1786043683.606429814,/novatel/oem7/inspva,/novatel/oem7/inspva,/novatel/oem7/inspva,39.663,-75.756,-1.800192380,0.002951371,0.001521025,-0.000043842,0.002951045,0.001521025,,novatel_oem7_msgs.msg.InertialSolutionStatus(status=3),
1786043683607439212,1786043683.606590813,/novatel/oem7/fix,/novatel/oem7/fix,/novatel/oem7/inspva,39.663,-75.756,-1.800192380,0.002951371,0.001521025,-0.000043842,0.002951045,0.001521025,,0,
1786043683607858604,1786043683.607152485,/novatel/oem7/odom,/novatel/oem7/fix,/novatel/oem7/odom,39.663,-75.756,-1.800192380,0.002946079,0.001531250,0.002940188,-0.000186215,0.001531250,,,
1786043683610655366,1786043683.610275219,/novatel/oem7/bestpos,/novatel/oem7/bestpos,/novatel/oem7/odom,39.663,-75.756,33.182213518,0.002946079,0.001531250,0.002940188,-0.000186215,0.001531250,,novatel_oem7_msgs.msg.SolutionStatus(status=0),novatel_oem7_msgs.msg.PositionOrVelocityType(type=53)
1786043683611235974,1786043683.610747311,/novatel/oem7/bestvel,/novatel/oem7/bestpos,/novatel/oem7/bestvel,39.663,-75.756,33.182213518,0.003353936,0.000983904,,,,80.260847011,novatel_oem7_msgs.msg.SolutionStatus(status=0),novatel_oem7_msgs.msg.PositionOrVelocityType(type=53)
1786043683616012533,1786043683.615714903,/novatel/oem7/odom,/novatel/oem7/bestpos,/novatel/oem7/odom,39.663,-75.756,33.182213518,0.002946079,0.001531250,0.002940188,-0.000186215,0.001531250,,,
1786043683625232184,1786043683.624983544,/novatel/oem7/inspva,/novatel/oem7/inspva,/novatel/oem7/inspva,39.663,-75.756,-1.800241043,0.002401014,0.000699184,0.000493693,0.002349710,0.000699184,,novatel_oem7_msgs.msg.InertialSolutionStatus(status=3),
1786043683625768520,1786043683.625118939,/novatel/oem7/fix,/novatel/oem7/fix,/novatel/oem7/inspva,39.663,-75.756,-1.800241043,0.002401014,0.000699184,0.000493693,0.002349710,0.000699184,,0,
1786043683626358732,1786043683.625587517,/novatel/oem7/odom,/novatel/oem7/fix,/novatel/oem7/odom,39.663,-75.756,-1.800241043,0.002398155,0.000708928,0.002367671,0.000381158,0.000708928,,,
1786043683635140249,1786043683.634696341,/novatel/oem7/odom,/novatel/oem7/fix,/novatel/oem7/odom,39.663,-75.756,-1.800241043,0.002398155,0.000708928,0.002367671,0.000381158,0.000708928,,,
1786043683646338896,1786043683.646005805,/novatel/oem7/inspva,/novatel/oem7/inspva,/novatel/oem7/inspva,39.663,-75.756,-1.800299909,0.002381969,-0.002322646,0.002080801,0.001159330,-0.002322646,,novatel_oem7_msgs.msg.InertialSolutionStatus(status=3),
1786043683646885004,1786043683.646142334,/novatel/oem7/fix,/novatel/oem7/fix,/novatel/oem7/inspva,39.663,-75.756,-1.800299909,0.002381969,-0.002322646,0.002080801,0.001159330,-0.002322646,,0,
1786043683647507484,1786043683.646745470,/novatel/oem7/odom,/novatel/oem7/fix,/novatel/oem7/odom,39.663,-75.756,-1.800299909,0.002391675,-0.002312651,0.001263988,0.002030380,-0.002312651,,,
1786043683656724080,1786043683.656398108,/novatel/oem7/odom,/novatel/oem7/fix,/novatel/oem7/odom,39.663,-75.756,-1.800299909,0.002391675,-0.002312651,0.001263988,0.002030380,-0.002312651,,,
1786043683665443945,1786043683.665017607,/novatel/oem7/inspva,/novatel/oem7/inspva,/novatel/oem7/inspva,39.663,-75.756,-1.800332160,0.001980817,-0.001718650,0.001128299,0.001628059,-0.001718650,,novatel_oem7_msgs.msg.InertialSolutionStatus(status=3),
1786043683665970280,1786043683.665144972,/novatel/oem7/fix,/novatel/oem7/fix,/novatel/oem7/inspva,39.663,-75.756,-1.800332160,0.001980817,-0.001718650,0.001128299,0.001628059,-0.001718650,,0,
1786043683666440324,1786043683.665529012,/novatel/oem7/odom,/novatel/oem7/fix,/novatel/oem7/odom,39.663,-75.756,-1.800332160,0.001988563,-0.001709681,0.001685404,0.001055366,-0.001709681,,,
1786043683675455350,1786043683.674810690,/novatel/oem7/odom,/novatel/oem7/fix,/novatel/oem7/odom,39.663,-75.756,-1.800332160,0.001988563,-0.001709681,0.001685404,0.001055366,-0.001709681,,,
1786043683686230630,1786043683.685273277,/novatel/oem7/inspva,/novatel/oem7/inspva,/novatel/oem7/inspva,39.663,-75.756,-1.800354291,0.002581296,0.000050927,-0.000044864,0.002580906,0.000050927,,novatel_oem7_msgs.msg.InertialSolutionStatus(status=3),
1786043683687530823,1786043683.685529390,/novatel/oem7/fix,/novatel/oem7/fix,/novatel/oem7/inspva,39.663,-75.756,-1.800354291,0.002581296,0.000050927,-0.000044864,0.002580906,0.000050927,,0,
1786043683688558060,1786043683.685968875,/novatel/oem7/odom,/novatel/oem7/fix,/novatel/oem7/odom,39.663,-75.756,-1.800354291,0.002581103,0.000059927,0.002575763,-0.000165946,0.000059927,,,
1786043683695561592,1786043683.694913706,/novatel/oem7/odom,/novatel/oem7/fix,/novatel/oem7/odom,39.663,-75.756,-1.800354291,0.002581103,0.000059927,0.002575763,-0.000165946,0.000059927,,,
1786043683706639925,1786043683.706120700,/novatel/oem7/inspva,/novatel/oem7/inspva,/novatel/oem7/inspva,39.663,-75.756,-1.800403204,0.002052935,-0.000030877,0.000450791,0.002002831,-0.000030877,,novatel_oem7_msgs.msg.InertialSolutionStatus(status=3),
1786043683707907894,1786043683.706266255,/novatel/oem7/fix,/novatel/oem7/fix,/novatel/oem7/inspva,39.663,-75.756,-1.800403204,0.002052935,-0.000030877,0.000450791,0.002002831,-0.000030877,,0,
1786043683708889781,1786043683.706749023,/novatel/oem7/odom,/novatel/oem7/fix,/novatel/oem7/odom,39.663,-75.756,-1.800403204,0.002053044,-0.000022549,0.002021854,0.000356503,-0.000022549,,,
1786043683710278071,1786043683.709244874,/novatel/oem7/bestpos,/novatel/oem7/bestpos,/novatel/oem7/odom,39.663,-75.756,33.182001911,0.002053044,-0.000022549,0.002021854,0.000356503,-0.000022549,,novatel_oem7_msgs.msg.SolutionStatus(status=0),novatel_oem7_msgs.msg.PositionOrVelocityType(type=53)
1786043683711625981,1786043683.709867751,/novatel/oem7/bestvel,/novatel/oem7/bestpos,/novatel/oem7/bestvel,39.663,-75.756,33.182001911,0.002159471,-0.000280898,,,,64.487533747,novatel_oem7_msgs.msg.SolutionStatus(status=0),novatel_oem7_msgs.msg.PositionOrVelocityType(type=53)
1786043683715002811,1786043683.714373465,/novatel/oem7/odom,/novatel/oem7/bestpos,/novatel/oem7/odom,39.663,-75.756,33.182001911,0.002053044,-0.000022549,0.002021854,0.000356503,-0.000022549,,,
1786043683725781728,1786043683.725244946,/novatel/oem7/inspva,/novatel/oem7/inspva,/novatel/oem7/inspva,39.663,-75.756,-1.800462047,0.002417727,-0.001976950,0.002284907,0.000790318,-0.001976950,,novatel_oem7_msgs.msg.InertialSolutionStatus(status=3),
1786043683727066611,1786043683.725384257,/novatel/oem7/fix,/novatel/oem7/fix,/novatel/oem7/inspva,39.663,-75.756,-1.800462047,0.002417727,-0.001976950,0.002284907,0.000790318,-0.001976950,,0,
1786043683728085774,1786043683.725744958,/novatel/oem7/odom,/novatel/oem7/fix,/novatel/oem7/odom,39.663,-75.756,-1.800462047,0.002425317,-0.001967632,0.000903758,0.002250641,-0.001967632,,,
1786043683735974719,1786043683.735369606,/novatel/oem7/odom,/novatel/oem7/fix,/novatel/oem7/odom,39.663,-75.756,-1.800462047,0.002425317,-0.001967632,0.000903758,0.002250641,-0.001967632,,,
1786043683745540743,1786043683.744988791,/novatel/oem7/inspva,/novatel/oem7/inspva,/novatel/oem7/inspva,39.663,-75.756,-1.800503151,0.001584124,-0.001980875,0.001474941,0.000577925,-0.001980875,,novatel_oem7_msgs.msg.InertialSolutionStatus(status=3),
1786043683746799952,1786043683.745147326,/novatel/oem7/fix,/novatel/oem7/fix,/novatel/oem7/inspva,39.663,-75.756,-1.800503151,0.001584124,-0.001980875,0.001474941,0.000577925,-0.001980875,,0,
1786043683747785332,1786043683.745551290,/novatel/oem7/odom,/novatel/oem7/fix,/novatel/oem7/odom,39.663,-75.756,-1.800503151,0.001591917,-0.001974618,0.000653639,0.001451536,-0.001974618,,,
1786043683756359240,1786043683.755733927,/novatel/oem7/odom,/novatel/oem7/fix,/novatel/oem7/odom,39.663,-75.756,-1.800503151,0.001591917,-0.001974618,0.000653639,0.001451536,-0.001974618,,,
1786043683767087673,1786043683.766597105,/novatel/oem7/inspva,/novatel/oem7/inspva,/novatel/oem7/inspva,39.663,-75.756,-1.800527528,0.002134893,-0.000077499,0.000222520,0.002123264,-0.000077499,,novatel_oem7_msgs.msg.InertialSolutionStatus(status=3),
1786043683768351509,1786043683.766748536,/novatel/oem7/fix,/novatel/oem7/fix,/novatel/oem7/inspva,39.663,-75.756,-1.800527528,0.002134893,-0.000077499,0.000222520,0.002123264,-0.000077499,,0,
1786043683769330698,1786043683.767161843,/novatel/oem7/odom,/novatel/oem7/fix,/novatel/oem7/odom,39.663,-75.756,-1.800527528,0.002135171,-0.000069412,0.002131628,0.000122956,-0.000069412,,,
1786043683776067221,1786043683.775331678,/novatel/oem7/odom,/novatel/oem7/fix,/novatel/oem7/odom,39.663,-75.756,-1.800527528,0.002135171,-0.000069412,0.002131628,0.000122956,-0.000069412,,,
1786043683785750421,1786043683.785098738,/novatel/oem7/inspva,/novatel/oem7/inspva,/novatel/oem7/inspva,39.663,-75.756,-1.800573537,0.002339085,-0.000102508,0.000380516,0.002307927,-0.000102508,,novatel_oem7_msgs.msg.InertialSolutionStatus(status=3),
1786043683787077680,1786043683.785162341,/novatel/oem7/fix,/novatel/oem7/fix,/novatel/oem7/inspva,39.663,-75.756,-1.800573537,0.002339085,-0.000102508,0.000380516,0.002307927,-0.000102508,,0,
1786043683788101570,1786043683.785589859,/novatel/oem7/odom,/novatel/oem7/fix,/novatel/oem7/odom,39.663,-75.756,-1.800573537,0.002339470,-0.000093317,0.002323586,0.000272156,-0.000093317,,,
1786043683795500117,1786043683.794773176,/novatel/oem7/odom,/novatel/oem7/fix,/novatel/oem7/odom,39.663,-75.756,-1.800573537,0.002339470,-0.000093317,0.002323586,0.000272156,-0.000093317,,,
1786043683807139932,1786043683.806460371,/novatel/oem7/inspva,/novatel/oem7/inspva,/novatel/oem7/inspva,39.663,-75.756,-1.800617040,0.002125269,-0.000688223,0.001868673,0.001012339,-0.000688223,,novatel_oem7_msgs.msg.InertialSolutionStatus(status=3),
1786043683808013484,1786043683.806522640,/novatel/oem7/fix,/novatel/oem7/fix,/novatel/oem7/inspva,39.663,-75.756,-1.800617040,0.002125269,-0.000688223,0.001868673,0.001012339,-0.000688223,,0,
1786043683808718331,1786043683.807175599,/novatel/oem7/odom,/novatel/oem7/fix,/novatel/oem7/odom,39.663,-75.756,-1.800617040,0.002128147,-0.000679272,0.001101346,0.001821002,-0.000679272,,,
1786043683810734318,1786043683.810400538,/novatel/oem7/bestpos,/novatel/oem7/bestpos,/novatel/oem7/odom,39.663,-75.756,33.181782625,0.002128147,-0.000679272,0.001101346,0.001821002,-0.000679272,,novatel_oem7_msgs.msg.SolutionStatus(status=0),novatel_oem7_msgs.msg.PositionOrVelocityType(type=53)
1786043683811319074,1786043683.810788078,/novatel/oem7/bestvel,/novatel/oem7/bestpos,/novatel/oem7/bestvel,39.663,-75.756,33.181782625,0.002831978,-0.001256982,,,,49.990477185,novatel_oem7_msgs.msg.SolutionStatus(status=0),novatel_oem7_msgs.msg.PositionOrVelocityType(type=53)
1786043683815585936,1786043683.815220779,/novatel/oem7/odom,/novatel/oem7/bestpos,/novatel/oem7/odom,39.663,-75.756,33.181782625,0.002128147,-0.000679272,0.001101346,0.001821002,-0.000679272,,,
1786043683826663402,1786043683.826116676,/novatel/oem7/inspva,/novatel/oem7/inspva,/novatel/oem7/inspva,39.663,-75.756,-1.800662639,0.001617477,-0.001863986,0.001477527,0.000658140,-0.001863986,,novatel_oem7_msgs.msg.InertialSolutionStatus(status=3),
1786043683827938711,1786043683.826264018,/novatel/oem7/fix,/novatel/oem7/fix,/novatel/oem7/inspva,39.663,-75.756,-1.800662639,0.001617477,-0.001863986,0.001477527,0.000658140,-0.001863986,,0,
1786043683828938511,1786043683.826718635,/novatel/oem7/odom,/novatel/oem7/fix,/novatel/oem7/odom,39.663,-75.756,-1.800662639,0.001624979,-0.001857450,0.000733481,0.001450022,-0.001857450,,,
1786043683835225656,1786043683.834590477,/novatel/oem7/odom,/novatel/oem7/fix,/novatel/oem7/odom,39.663,-75.756,-1.800662639,0.001624979,-0.001857450,0.000733481,0.001450022,-0.001857450,,,
1786043683845808575,1786043683.845296956,/novatel/oem7/inspva,/novatel/oem7/inspva,/novatel/oem7/inspva,39.663,-75.756,-1.800692593,0.001364996,-0.000789397,0.000122189,0.001359516,-0.000789397,,novatel_oem7_msgs.msg.InertialSolutionStatus(status=3),
1786043683847064480,1786043683.845464178,/novatel/oem7/fix,/novatel/oem7/fix,/novatel/oem7/inspva,39.663,-75.756,-1.800692593,0.001364996,-0.000789397,0.000122189,0.001359516,-0.000789397,,0,
1786043683848069460,1786043683.846045133,/novatel/oem7/odom,/novatel/oem7/fix,/novatel/oem7/odom,39.663,-75.756,-1.800692593,0.001367933,-0.000784297,0.001366597,0.000060427,-0.000784297,,,
1786043683857082352,1786043683.856438666,/novatel/oem7/odom,/novatel/oem7/fix,/novatel/oem7/odom,39.663,-75.756,-1.800692593,0.001367933,-0.000784297,0.001366597,0.000060427,-0.000784297,,,
1786043683865518793,1786043683.865031658,/novatel/oem7/inspva,/novatel/oem7/inspva,/novatel/oem7/inspva,39.663,-75.756,-1.800740391,0.002285913,-0.000559829,0.000007999,0.002285899,-0.000559829,,novatel_oem7_msgs.msg.InertialSolutionStatus(status=3),
1786043683866763508,1786043683.865182326,/novatel/oem7/fix,/novatel/oem7/fix,/novatel/oem7/inspva,39.663,-75.756,-1.800740391,0.002285913,-0.000559829,0.000007999,0.002285899,-0.000559829,,0,
1786043683867746792,1786043683.865638881,/novatel/oem7/odom,/novatel/oem7/fix,/novatel/oem7/odom,39.663,-75.756,-1.800740391,0.002287866,-0.000551794,0.002285778,-0.000097720,-0.000551794,,,
1786043683875062910,1786043683.874412461,/novatel/oem7/odom,/novatel/oem7/fix,/novatel/oem7/odom,39.663,-75.756,-1.800740391,0.002287866,-0.000551794,0.002285778,-0.000097720,-0.000551794,,,
1786043683887010125,1786043683.886534640,/novatel/oem7/inspva,/novatel/oem7/inspva,/novatel/oem7/inspva,39.663,-75.756,-1.800769597,0.001953264,0.000334498,0.001463666,0.001293414,0.000334498,,novatel_oem7_msgs.msg.InertialSolutionStatus(status=3),
1786043683888261174,1786043683.886683285,/novatel/oem7/fix,/novatel/oem7/fix,/novatel/oem7/inspva,39.663,-75.756,-1.800769597,0.001953264,0.000334498,0.001463666,0.001293414,0.000334498,,0,
1786043683889256017,1786043683.887235414,/novatel/oem7/odom,/novatel/oem7/fix,/novatel/oem7/odom,39.663,-75.756,-1.800769597,0.001951742,0.000343262,0.001359433,0.001400443,0.000343262,,,
1786043683895684541,1786043683.895049265,/novatel/oem7/odom,/novatel/oem7/fix,/novatel/oem7/odom,39.663,-75.756,-1.800769597,0.001951742,0.000343262,0.001359433,0.001400443,0.000343262,,,
1786043683906241275,1786043683.905752000,/novatel/oem7/inspva,/novatel/oem7/inspva,/novatel/oem7/inspva,39.663,-75.756,-1.800817365,0.001871731,-0.000656760,0.001817917,0.000445596,-0.000656760,,novatel_oem7_msgs.msg.InertialSolutionStatus(status=3),
1786043683907517665,1786043683.905890805,/novatel/oem7/fix,/novatel/oem7/fix,/novatel/oem7/inspva,39.663,-75.756,-1.800817365,0.001871731,-0.000656760,0.001817917,0.000445596,-0.000656760,,0,
1786043683908508381,1786043683.906381870,/novatel/oem7/odom,/novatel/oem7/fix,/novatel/oem7/odom,39.663,-75.756,-1.800817365,0.001874097,-0.000649979,0.000532764,0.001796775,-0.000649979,,,
1786043683909861361,1786043683.909186874,/novatel/oem7/bestpos,/novatel/oem7/bestpos,/novatel/oem7/odom,39.663,-75.756,33.181592165,0.001874097,-0.000649979,0.000532764,0.001796775,-0.000649979,,novatel_oem7_msgs.msg.SolutionStatus(status=0),novatel_oem7_msgs.msg.PositionOrVelocityType(type=53)
1786043683911190787,1786043683.909534431,/novatel/oem7/bestvel,/novatel/oem7/bestpos,/novatel/oem7/bestvel,39.663,-75.756,33.181592165,0.001960239,-0.000872609,,,,51.292871090,novatel_oem7_msgs.msg.SolutionStatus(status=0),novatel_oem7_msgs.msg.PositionOrVelocityType(type=53)
1786043683915957791,1786043683.915366639,/novatel/oem7/odom,/novatel/oem7/bestpos,/novatel/oem7/odom,39.663,-75.756,33.181592165,0.001874097,-0.000649979,0.000532764,0.001796775,-0.000649979,,,
1786043683925833922,1786043683.925322697,/novatel/oem7/inspva,/novatel/oem7/inspva,/novatel/oem7/inspva,39.663,-75.756,-1.800864900,0.001115275,-0.002322592,-0.000595249,0.000943142,-0.002322592,,novatel_oem7_msgs.msg.InertialSolutionStatus(status=3),
1786043683927076638,1786043683.925472702,/novatel/oem7/fix,/novatel/oem7/fix,/novatel/oem7/inspva,39.663,-75.756,-1.800864900,0.001115275,-0.002322592,-0.000595249,0.000943142,-0.002322592,,0,
1786043683928064158,1786043683.926033221,/novatel/oem7/odom,/novatel/oem7/fix,/novatel/oem7/odom,39.663,-75.756,-1.800864900,0.001118597,-0.002320995,0.000922563,-0.000632563,-0.002320995,,,
1786043683935413377,1786043683.934791874,/novatel/oem7/odom,/novatel/oem7/fix,/novatel/oem7/odom,39.663,-75.756,-1.800864900,0.001118597,-0.002320995,0.000922563,-0.000632563,-0.002320995,,,
1786043683946624795,1786043683.946126040,/novatel/oem7/inspva,/novatel/oem7/inspva,/novatel/oem7/inspva,39.663,-75.756,-1.800895810,0.001999885,-0.000933754,-0.000421511,0.001954960,-0.000933754,,novatel_oem7_msgs.msg.InertialSolutionStatus(status=3),
1786043683947875007,1786043683.946270581,/novatel/oem7/fix,/novatel/oem7/fix,/novatel/oem7/inspva,39.663,-75.756,-1.800895810,0.001999885,-0.000933754,-0.000421511,0.001954960,-0.000933754,,0,
1786043683948868467,1786043683.946714236,/novatel/oem7/odom,/novatel/oem7/fix,/novatel/oem7/odom,39.663,-75.756,-1.800895810,0.002002502,-0.000928128,0.001936400,-0.000510262,-0.000928128,,,
1786043683956532986,1786043683.955898196,/novatel/oem7/odom,/novatel/oem7/fix,/novatel/oem7/odom,39.663,-75.756,-1.800895810,0.002002502,-0.000928128,0.001936400,-0.000510262,-0.000928128,,,
1786043683965760387,1786043683.965264576,/novatel/oem7/inspva,/novatel/oem7/inspva,/novatel/oem7/inspva,39.663,-75.756,-1.800914220,0.000989546,0.000927701,0.000837708,0.000526732,0.000927701,,novatel_oem7_msgs.msg.InertialSolutionStatus(status=3),
1786043683967003926,1786043683.965403693,/novatel/oem7/fix,/novatel/oem7/fix,/novatel/oem7/inspva,39.663,-75.756,-1.800914220,0.000989546,0.000927701,0.000837708,0.000526732,0.000927701,,0,
1786043683967992106,1786043683.966057197,/novatel/oem7/odom,/novatel/oem7/fix,/novatel/oem7/odom,39.663,-75.756,-1.800914220,0.000985521,0.000931975,0.000562040,0.000809545,0.000931975,,,
1786043683976087653,1786043683.975442893,/novatel/oem7/odom,/novatel/oem7/fix,/novatel/oem7/odom,39.663,-75.756,-1.800914220,0.000985521,0.000931975,0.000562040,0.000809545,0.000931975,,,
1786043683985475649,1786043683.984989451,/novatel/oem7/inspva,/novatel/oem7/inspva,/novatel/oem7/inspva,39.663,-75.756,-1.800963273,0.001508927,-0.000507585,0.001500433,0.000159888,-0.000507585,,novatel_oem7_msgs.msg.InertialSolutionStatus(status=3),
1786043683986739398,1786043683.985130872,/novatel/oem7/fix,/novatel/oem7/fix,/novatel/oem7/inspva,39.663,-75.756,-1.800963273,0.001508927,-0.000507585,0.001500433,0.000159888,-0.000507585,,0,
1786043683987733911,1786043683.985572893,/novatel/oem7/odom,/novatel/oem7/fix,/novatel/oem7/odom,39.663,-75.756,-1.800963273,0.001510563,-0.000502695,0.000231979,0.001492645,-0.000502695,,,
1786043683995048827,1786043683.994401424,/novatel/oem7/odom,/novatel/oem7/fix,/novatel/oem7/odom,39.663,-75.756,-1.800963273,0.001510563,-0.000502695,0.000231979,0.001492645,-0.000502695,,,
1786043684008747426,1786043684.008239587,/novatel/oem7/inspva,/novatel/oem7/inspva,/novatel/oem7/inspva,39.663,-75.756,-1.801016439,0.000876962,-0.002751524,-0.000085396,0.000872794,-0.002751524,,novatel_oem7_msgs.msg.InertialSolutionStatus(status=3),
1786043684010008011,1786043684.008390469,/novatel/oem7/fix,/novatel/oem7/fix,/novatel/oem7/inspva,39.663,-75.756,-1.801016439,0.000876962,-0.002751524,-0.000085396,0.000872794,-0.002751524,,0,
1786043684011893543,1786043684.011251644,/novatel/oem7/odom,/novatel/oem7/fix,/novatel/oem7/odom,39.663,-75.756,-1.801016439,0.000885786,-0.002748696,0.000877783,-0.000118802,-0.002748696,,,
1786043684017214803,1786043684.016589149,/novatel/oem7/odom,/novatel/oem7/fix,/novatel/oem7/odom,39.663,-75.756,-1.801016439,0.000885786,-0.002748696,0.000877783,-0.000118802,-0.002748696,,,
1786043684024587855,1786043684.024041277,/novatel/oem7/bestpos,/novatel/oem7/bestpos,/novatel/oem7/odom,39.663,-75.756,33.181397303,0.000885786,-0.002748696,0.000877783,-0.000118802,-0.002748696,,novatel_oem7_msgs.msg.SolutionStatus(status=0),novatel_oem7_msgs.msg.PositionOrVelocityType(type=53)
1786043684025960399,1786043684.024924512,/novatel/oem7/bestvel,/novatel/oem7/bestpos,/novatel/oem7/bestvel,39.663,-75.756,33.181397303,0.000160871,-0.002231832,,,,239.081240594,novatel_oem7_msgs.msg.SolutionStatus(status=0),novatel_oem7_msgs.msg.PositionOrVelocityType(type=53)
1786043684027267112,1786043684.026144661,/novatel/oem7/inspva,/novatel/oem7/inspva,/novatel/oem7/inspva,39.663,-75.756,-1.801044762,0.001001290,-0.001976981,-0.000153998,0.000989377,-0.001976981,,novatel_oem7_msgs.msg.InertialSolutionStatus(status=3),
1786043684028059467,1786043684.026289062,/novatel/oem7/fix,/novatel/oem7/fix,/novatel/oem7/inspva,39.663,-75.756,-1.801044762,0.001001290,-0.001976981,-0.000153998,0.000989377,-0.001976981,,0,
1786043684029019572,1786043684.026764217,/novatel/oem7/odom,/novatel/oem7/fix,/novatel/oem7/odom,39.663,-75.756,-1.801044762,0.001007260,-0.001973946,0.000988229,-0.000194876,-0.001973946,,,
1786043684036127156,1786043684.035513563,/novatel/oem7/odom,/novatel/oem7/fix,/novatel/oem7/odom,39.663,-75.756,-1.801044762,0.001007260,-0.001973946,0.000988229,-0.000194876,-0.001973946,,,
1786043684046035174,1786043684.045407811,/novatel/oem7/inspva,/novatel/oem7/inspva,/novatel/oem7/inspva,39.663,-75.756,-1.801016436,0.001058394,0.001548609,0.000233599,0.001032293,0.001548609,,novatel_oem7_msgs.msg.InertialSolutionStatus(status=3),
1786043684047461322,1786043684.045584523,/novatel/oem7/fix,/novatel/oem7/fix,/novatel/oem7/inspva,39.663,-75.756,-1.801016436,0.001058394,0.001548609,0.000233599,0.001032293,0.001548609,,0,
1786043684048485702,1786043684.046134909,/novatel/oem7/odom,/novatel/oem7/fix,/novatel/oem7/odom,39.663,-75.756,-1.801016436,0.001052049,0.001552927,0.001036422,0.000180659,0.001552927,,,
1786043684057213691,1786043684.056567529,/novatel/oem7/odom,/novatel/oem7/fix,/novatel/oem7/odom,39.663,-75.756,-1.801016436,0.001052049,0.001552927,0.001036422,0.000180659,0.001552927,,,
1786043684066870734,1786043684.066314161,/novatel/oem7/inspva,/novatel/oem7/inspva,/novatel/oem7/inspva,39.663,-75.756,-1.801007536,0.001276933,0.000035212,0.001000502,0.000793444,0.000035212,,novatel_oem7_msgs.msg.InertialSolutionStatus(status=3),
1786043684068228100,1786043684.066475167,/novatel/oem7/fix,/novatel/oem7/fix,/novatel/oem7/inspva,39.663,-75.756,-1.801007536,0.001276933,0.000035212,0.001000502,0.000793444,0.000035212,,0,
1786043684069235414,1786043684.066907227,/novatel/oem7/odom,/novatel/oem7/fix,/novatel/oem7/odom,39.663,-75.756,-1.801007536,0.001276763,0.000040917,0.000839384,0.000962059,0.000040917,,,
1786043684075364681,1786043684.074697601,/novatel/oem7/odom,/novatel/oem7/fix,/novatel/oem7/odom,39.663,-75.756,-1.801007536,0.001276763,0.000040917,0.000839384,0.000962059,0.000040917,,,
1786043684086090147,1786043684.085534691,/novatel/oem7/inspva,/novatel/oem7/inspva,/novatel/oem7/inspva,39.663,-75.756,-1.801012788,0.000573607,-0.002693628,0.000292334,0.000493524,-0.002693628,,novatel_oem7_msgs.msg.InertialSolutionStatus(status=3),
1786043684087469457,1786043684.085673986,/novatel/oem7/fix,/novatel/oem7/fix,/novatel/oem7/inspva,39.663,-75.756,-1.801012788,0.000573607,-0.002693628,0.000292334,0.000493524,-0.002693628,,0,
1786043684088472890,1786043684.086456470,/novatel/oem7/odom,/novatel/oem7/fix,/novatel/oem7/odom,39.663,-75.756,-1.801012788,0.000585708,-0.002691023,0.000516499,0.000276194,-0.002691023,,,
1786043684096274371,1786043684.095621405,/novatel/oem7/odom,/novatel/oem7/fix,/novatel/oem7/odom,39.663,-75.756,-1.801012788,0.000585708,-0.002691023,0.000516499,0.000276194,-0.002691023,,,
1786043684106556376,1786043684.105998581,/novatel/oem7/inspva,/novatel/oem7/inspva,/novatel/oem7/inspva,39.663,-75.756,-1.800984133,0.000842120,-0.002028363,0.000238070,0.000807768,-0.002028363,,novatel_oem7_msgs.msg.InertialSolutionStatus(status=3),
1786043684107907629,1786043684.106139219,/novatel/oem7/fix,/novatel/oem7/fix,/novatel/oem7/inspva,39.663,-75.756,-1.800984133,0.000842120,-0.002028363,0.000238070,0.000807768,-0.002028363,,0,
1786043684108899342,1786043684.106576153,/novatel/oem7/odom,/novatel/oem7/fix,/novatel/oem7/odom,39.663,-75.756,-1.800984133,0.000850613,-0.002024816,0.000825435,0.000205428,-0.002024816,,,
1786043684110733561,1786043684.109934476,/novatel/oem7/bestpos,/novatel/oem7/bestpos,/novatel/oem7/odom,39.663,-75.756,33.181415868,0.000850613,-0.002024816,0.000825435,0.000205428,-0.002024816,,novatel_oem7_msgs.msg.SolutionStatus(status=0),novatel_oem7_msgs.msg.PositionOrVelocityType(type=53)
1786043684112069954,1786043684.110720360,/novatel/oem7/bestvel,/novatel/oem7/bestpos,/novatel/oem7/bestvel,39.663,-75.756,33.181415868,0.000168228,-0.001391237,,,,170.892985601,novatel_oem7_msgs.msg.SolutionStatus(status=0),novatel_oem7_msgs.msg.PositionOrVelocityType(type=53)
1786043684115218042,1786043684.114519675,/novatel/oem7/odom,/novatel/oem7/bestpos,/novatel/oem7/odom,39.663,-75.756,33.181415868,0.000850613,-0.002024816,0.000825435,0.000205428,-0.002024816,,,
1786043684127152037,1786043684.126550464,/novatel/oem7/inspva,/novatel/oem7/inspva,/novatel/oem7/inspva,39.663,-75.756,-1.800938752,0.001484060,0.001427034,-0.000677131,0.001320578,0.001427034,,novatel_oem7_msgs.msg.InertialSolutionStatus(status=3),
1786043684128514430,1786043684.126695315,/novatel/oem7/fix,/novatel/oem7/fix,/novatel/oem7/inspva,39.663,-75.756,-1.800938752,0.001484060,0.001427034,-0.000677131,0.001320578,0.001427034,,0,
1786043684129515193,1786043684.127202810,/novatel/oem7/odom,/novatel/oem7/fix,/novatel/oem7/odom,39.663,-75.756,-1.800938752,0.001481445,0.001429748,0.001282079,-0.000742262,0.001429748,,,
1786043684135355724,1786043684.134651157,/novatel/oem7/odom,/novatel/oem7/fix,/novatel/oem7/odom,39.663,-75.756,-1.800938752,0.001481445,0.001429748,0.001282079,-0.000742262,0.001429748,,,
1786043684145804104,1786043684.145132714,/novatel/oem7/inspva,/novatel/oem7/inspva,/novatel/oem7/inspva,39.663,-75.756,-1.800922264,0.001416712,0.000801598,0.000211918,0.001400773,0.000801598,,novatel_oem7_msgs.msg.InertialSolutionStatus(status=3),
1786043684147137877,1786043684.145274259,/novatel/oem7/fix,/novatel/oem7/fix,/novatel/oem7/inspva,39.663,-75.756,-1.800922264,0.001416712,0.000801598,0.000211918,0.001400773,0.000801598,,0,
1786043684148151847,1786043684.145778281,/novatel/oem7/odom,/novatel/oem7/fix,/novatel/oem7/odom,39.663,-75.756,-1.800922264,0.001413539,0.000807180,0.001406211,0.000143749,0.000807180,,,
1786043684156610044,1786043684.155870347,/novatel/oem7/odom,/novatel/oem7/fix,/novatel/oem7/odom,39.663,-75.756,-1.800922264,0.001413539,0.000807180,0.001406211,0.000143749,0.000807180,,,
1786043684166178649,1786043684.165589223,/novatel/oem7/inspva,/novatel/oem7/inspva,/novatel/oem7/inspva,39.663,-75.756,-1.800924015,0.000862034,-0.001935755,0.000798929,0.000323753,-0.001935755,,novatel_oem7_msgs.msg.InertialSolutionStatus(status=3),
1786043684167552876,1786043684.165717811,/novatel/oem7/fix,/novatel/oem7/fix,/novatel/oem7/inspva,39.663,-75.756,-1.800924015,0.000862034,-0.001935755,0.000798929,0.000323753,-0.001935755,,0,
1786043684168937733,1786043684.166592743,/novatel/oem7/odom,/novatel/oem7/fix,/novatel/oem7/odom,39.663,-75.756,-1.800924015,0.000869752,-0.001932299,0.000367966,0.000788080,-0.001932299,,,
1786043684175589042,1786043684.174859235,/novatel/oem7/odom,/novatel/oem7/fix,/novatel/oem7/odom,39.663,-75.756,-1.800924015,0.000869752,-0.001932299,0.000367966,0.000788080,-0.001932299,,,
1786043684186788053,1786043684.186165686,/novatel/oem7/inspva,/novatel/oem7/inspva,/novatel/oem7/inspva,39.663,-75.756,-1.800889734,0.000920267,-0.001796488,0.000443191,0.000806520,-0.001796488,,novatel_oem7_msgs.msg.InertialSolutionStatus(status=3),
1786043684188159680,1786043684.186352438,/novatel/oem7/fix,/novatel/oem7/fix,/novatel/oem7/inspva,39.663,-75.756,-1.800889734,0.000920267,-0.001796488,0.000443191,0.000806520,-0.001796488,,0,
1786043684189178026,1786043684.186904821,/novatel/oem7/odom,/novatel/oem7/fix,/novatel/oem7/odom,39.663,-75.756,-1.800889734,0.000928291,-0.001792355,0.000832990,0.000409698,-0.001792355,,,
1786043684195344971,1786043684.194522416,/novatel/oem7/odom,/novatel/oem7/fix,/novatel/oem7/odom,39.663,-75.756,-1.800889734,0.000928291,-0.001792355,0.000832990,0.000409698,-0.001792355,,,
1786043684207208955,1786043684.206646499,/novatel/oem7/inspva,/novatel/oem7/inspva,/novatel/oem7/inspva,39.663,-75.756,-1.800859093,0.001972863,-0.000105689,-0.001109953,0.001631010,-0.000105689,,novatel_oem7_msgs.msg.InertialSolutionStatus(status=3),
1786043684208582278,1786043684.206789817,/novatel/oem7/fix,/novatel/oem7/fix,/novatel/oem7/inspva,39.663,-75.756,-1.800859093,0.001972863,-0.000105689,-0.001109953,0.001631010,-0.000105689,,0,
1786043684209587508,1786043684.207672764,/novatel/oem7/odom,/novatel/oem7/fix,/novatel/oem7/odom,39.663,-75.756,-1.800859093,0.001972999,-0.000103110,0.001577497,-0.001185001,-0.000103110,,,
1786043684211016452,1786043684.210252488,/novatel/oem7/bestpos,/novatel/oem7/bestpos,/novatel/oem7/odom,39.663,-75.756,33.181537123,0.001972999,-0.000103110,0.001577497,-0.001185001,-0.000103110,,novatel_oem7_msgs.msg.SolutionStatus(status=0),novatel_oem7_msgs.msg.PositionOrVelocityType(type=53)
1786043684212345619,1786043684.210587408,/novatel/oem7/bestvel,/novatel/oem7/bestpos,/novatel/oem7/bestvel,39.663,-75.756,33.181537123,0.001721237,0.000081061,,,,131.187664224,novatel_oem7_msgs.msg.SolutionStatus(status=0),novatel_oem7_msgs.msg.PositionOrVelocityType(type=53)
1786043684216146823,1786043684.215460446,/novatel/oem7/odom,/novatel/oem7/bestpos,/novatel/oem7/odom,39.663,-75.756,33.181537123,0.001972999,-0.000103110,0.001577497,-0.001185001,-0.000103110,,,
1786043684225741315,1786043684.225165329,/novatel/oem7/inspva,/novatel/oem7/inspva,/novatel/oem7/inspva,39.663,-75.756,-1.800829018,0.001918924,0.000597074,-0.000841394,0.001724624,0.000597074,,novatel_oem7_msgs.msg.InertialSolutionStatus(status=3),
1786043684227087708,1786043684.225301957,/novatel/oem7/fix,/novatel/oem7/fix,/novatel/oem7/inspva,39.663,-75.756,-1.800829018,0.001918924,0.000597074,-0.000841394,0.001724624,0.000597074,,0,
1786043684228081595,1786043684.225804406,/novatel/oem7/odom,/novatel/oem7/fix,/novatel/oem7/odom,39.663,-75.756,-1.800829018,0.001917789,0.000600710,0.001681043,-0.000923044,0.000600710,,,
1786043684235206048,1786043684.234534645,/novatel/oem7/odom,/novatel/oem7/fix,/novatel/oem7/odom,39.663,-75.756,-1.800829018,0.001917789,0.000600710,0.001681043,-0.000923044,0.000600710,,,
1786043684247188324,1786043684.246674082,/novatel/oem7/inspva,/novatel/oem7/inspva,/novatel/oem7/inspva,39.663,-75.756,-1.800818463,0.001257388,-0.000436593,0.001254567,0.000084187,-0.000436593,,novatel_oem7_msgs.msg.InertialSolutionStatus(status=3),
1786043684248555050,1786043684.246823676,/novatel/oem7/fix,/novatel/oem7/fix,/novatel/oem7/inspva,39.663,-75.756,-1.800818463,0.001257388,-0.000436593,0.001254567,0.000084187,-0.000436593,,0,
1786043684249582061,1786043684.247166930,/novatel/oem7/odom,/novatel/oem7/fix,/novatel/oem7/odom,39.663,-75.756,-1.800818463,0.001258745,-0.000432665,0.000144591,0.001250413,-0.000432665,,,
1786043684256956620,1786043684.256279660,/novatel/oem7/odom,/novatel/oem7/fix,/novatel/oem7/odom,39.663,-75.756,-1.800818463,0.001258745,-0.000432665,0.000144591,0.001250413,-0.000432665,,,
1786043684265661983,1786043684.264978430,/novatel/oem7/inspva,/novatel/oem7/inspva,/novatel/oem7/inspva,39.663,-75.756,-1.800796007,0.000693032,-0.001542875,0.000681053,-0.000128301,-0.001542875,,novatel_oem7_msgs.msg.InertialSolutionStatus(status=3),
1786043684266957675,1786043684.265116841,/novatel/oem7/fix,/novatel/oem7/fix,/novatel/oem7/inspva,39.663,-75.756,-1.800796007,0.000693032,-0.001542875,0.000681053,-0.000128301,-0.001542875,,0,
1786043684267952505,1786043684.265576649,/novatel/oem7/odom,/novatel/oem7/fix,/novatel/oem7/odom,39.663,-75.756,-1.800796007,0.000696402,-0.001541356,-0.000090517,0.000690495,-0.001541356,,,
1786043684276300655,1786043684.275603941,/novatel/oem7/odom,/novatel/oem7/fix,/novatel/oem7/odom,39.663,-75.756,-1.800796007,0.000696402,-0.001541356,-0.000090517,0.000690495,-0.001541356,,,
1786043684285984726,1786043684.285492362,/novatel/oem7/inspva,/novatel/oem7/inspva,/novatel/oem7/inspva,39.663,-75.756,-1.800771491,0.001877402,-0.000766807,-0.001545734,0.001065525,-0.000766807,,novatel_oem7_msgs.msg.InertialSolutionStatus(status=3),
1786043684286596846,1786043684.285636184,/novatel/oem7/fix,/novatel/oem7/fix,/novatel/oem7/inspva,39.663,-75.756,-1.800771491,0.001877402,-0.000766807,-0.001545734,0.001065525,-0.000766807,,0,
1786043684287010352,1786043684.286308822,/novatel/oem7/odom,/novatel/oem7/fix,/novatel/oem7/odom,39.663,-75.756,-1.800771491,0.001877119,-0.000767500,0.000994591,-0.001591969,-0.000767500,,,
1786043684295280816,1786043684.294940336,/novatel/oem7/odom,/novatel/oem7/fix,/novatel/oem7/odom,39.663,-75.756,-1.800771491,0.001877119,-0.000767500,0.000994591,-0.001591969,-0.000767500,,,
1786043684306222506,1786043684.305809186,/novatel/oem7/inspva,/novatel/oem7/inspva,/novatel/oem7/inspva,39.663,-75.756,-1.800743509,0.002301868,-0.000069164,-0.001760103,0.001483452,-0.000069164,,novatel_oem7_msgs.msg.InertialSolutionStatus(status=3),
1786043684306815232,1786043684.305951818,/novatel/oem7/fix,/novatel/oem7/fix,/novatel/oem7/inspva,39.663,-75.756,-1.800743509,0.002301868,-0.000069164,-0.001760103,0.001483452,-0.000069164,,0,
1786043684307230596,1786043684.306409516,/novatel/oem7/odom,/novatel/oem7/fix,/novatel/oem7/odom,39.663,-75.756,-1.800743509,0.002301872,-0.000069028,0.001399416,-0.001827634,-0.000069028,,,
1786043684309549697,1786043684.309256375,/novatel/oem7/bestpos,/novatel/oem7/bestpos,/novatel/oem7/odom,39.663,-75.756,33.181638853,0.002301872,-0.000069028,0.001399416,-0.001827634,-0.000069028,,novatel_oem7_msgs.msg.SolutionStatus(status=0),novatel_oem7_msgs.msg.PositionOrVelocityType(type=53)
1786043684310255619,1786043684.309932044,/novatel/oem7/bestvel,/novatel/oem7/bestpos,/novatel/oem7/bestvel,39.663,-75.756,33.181638853,0.001483324,0.000004599,,,,148.271960402,novatel_oem7_msgs.msg.SolutionStatus(status=0),novatel_oem7_msgs.msg.PositionOrVelocityType(type=53)
1786043684314935731,1786043684.314492446,/novatel/oem7/odom,/novatel/oem7/bestpos,/novatel/oem7/odom,39.663,-75.756,33.181638853,0.002301872,-0.000069028,0.001399416,-0.001827634,-0.000069028,,,
1786043684325429035,1786043684.325147087,/novatel/oem7/inspva,/novatel/oem7/inspva,/novatel/oem7/inspva,39.663,-75.756,-1.800717204,0.000235959,0.000851895,-0.000155775,0.000177231,0.000851895,,novatel_oem7_msgs.msg.InertialSolutionStatus(status=3),
1786043684325989405,1786043684.325209042,/novatel/oem7/fix,/novatel/oem7/fix,/novatel/oem7/inspva,39.663,-75.756,-1.800717204,0.000235959,0.000851895,-0.000155775,0.000177231,0.000851895,,0,
1786043684326401679,1786043684.325643598,/novatel/oem7/odom,/novatel/oem7/fix,/novatel/oem7/odom,39.663,-75.756,-1.800717204,0.000235331,0.000852069,0.000166561,-0.000166247,0.000852069,,,
1786043684335880741,1786043684.335524370,/novatel/oem7/odom,/novatel/oem7/fix,/novatel/oem7/odom,39.663,-75.756,-1.800717204,0.000235331,0.000852069,0.000166561,-0.000166247,0.000852069,,,
1786043684345554234,1786043684.345234213,/novatel/oem7/inspva,/novatel/oem7/inspva,/novatel/oem7/inspva,39.663,-75.756,-1.800697318,0.000488664,-0.000225774,0.000179609,-0.000454459,-0.000225774,,novatel_oem7_msgs.msg.InertialSolutionStatus(status=3),
1786043684346131601,1786043684.345337600,/novatel/oem7/fix,/novatel/oem7/fix,/novatel/oem7/inspva,39.663,-75.756,-1.800697318,0.000488664,-0.000225774,0.000179609,-0.000454459,-0.000225774,,0,
1786043684346566125,1786043684.345659561,/novatel/oem7/odom,/novatel/oem7/fix,/novatel/oem7/odom,39.663,-75.756,-1.800697318,0.000488156,-0.000226871,-0.000444689,0.000201365,-0.000226871,,,
1786043684355938342,1786043684.355598516,/novatel/oem7/odom,/novatel/oem7/fix,/novatel/oem7/odom,39.663,-75.756,-1.800697318,0.000488156,-0.000226871,-0.000444689,0.000201365,-0.000226871,,,
1786043684367300114,1786043684.367043029,/novatel/oem7/inspva,/novatel/oem7/inspva,/novatel/oem7/inspva,39.663,-75.756,-1.800686145,0.001225797,-0.001706443,-0.001225475,-0.000028088,-0.001706443,,novatel_oem7_msgs.msg.InertialSolutionStatus(status=3),
1786043684367899737,1786043684.367109405,/novatel/oem7/fix,/novatel/oem7/fix,/novatel/oem7/inspva,39.663,-75.756,-1.800686145,0.001225797,-0.001706443,-0.001225475,-0.000028088,-0.001706443,,0,
1786043684368314894,1786043684.367539556,/novatel/oem7/odom,/novatel/oem7/fix,/novatel/oem7/odom,39.663,-75.756,-1.800686145,0.001220751,-0.001710056,-0.000079389,-0.001218167,-0.001710056,,,
1786043684375139804,1786043684.374805492,/novatel/oem7/odom,/novatel/oem7/fix,/novatel/oem7/odom,39.663,-75.756,-1.800686145,0.001220751,-0.001710056,-0.000079389,-0.001218167,-0.001710056,,,
1786043684385259677,1786043684.384928302,/novatel/oem7/inspva,/novatel/oem7/inspva,/novatel/oem7/inspva,39.663,-75.756,-1.800653645,0.001438634,-0.000579440,-0.001406388,0.000302884,-0.000579440,,novatel_oem7_msgs.msg.InertialSolutionStatus(status=3),
1786043684385819216,1786043684.385070628,/novatel/oem7/fix,/novatel/oem7/fix,/novatel/oem7/inspva,39.663,-75.756,-1.800653645,0.001438634,-0.000579440,-0.001406388,0.000302884,-0.000579440,,0,
1786043684386232137,1786043684.385428322,/novatel/oem7/odom,/novatel/oem7/fix,/novatel/oem7/odom,39.663,-75.756,-1.800653645,0.001437427,-0.000582427,0.000238616,-0.001417483,-0.000582427,,,
1786043684395798291,1786043684.395451356,/novatel/oem7/odom,/novatel/oem7/fix,/novatel/oem7/odom,39.663,-75.756,-1.800653645,0.001437427,-0.000582427,0.000238616,-0.001417483,-0.000582427,,,
1786043684406788804,1786043684.406448265,/novatel/oem7/inspva,/novatel/oem7/inspva,/novatel/oem7/inspva,39.663,-75.756,-1.800618530,0.001088365,0.001454025,-0.000912475,0.000593235,0.001454025,,novatel_oem7_msgs.msg.InertialSolutionStatus(status=3),
1786043684407346319,1786043684.406577923,/novatel/oem7/fix,/novatel/oem7/fix,/novatel/oem7/inspva,39.663,-75.756,-1.800618530,0.001088365,0.001454025,-0.000912475,0.000593235,0.001454025,,0,
1786043684407772963,1786043684.407008030,/novatel/oem7/odom,/novatel/oem7/fix,/novatel/oem7/odom,39.663,-75.756,-1.800618530,0.001089111,0.001453467,0.000544365,-0.000943308,0.001453467,,,
1786043684410364372,1786043684.410087333,/novatel/oem7/bestpos,/novatel/oem7/bestpos,/novatel/oem7/odom,39.663,-75.756,33.181759798,0.001089111,0.001453467,0.000544365,-0.000943308,0.001453467,,novatel_oem7_msgs.msg.SolutionStatus(status=0),novatel_oem7_msgs.msg.PositionOrVelocityType(type=53)
1786043684410925402,1786043684.410542198,/novatel/oem7/bestvel,/novatel/oem7/bestpos,/novatel/oem7/bestvel,39.663,-75.756,33.181759798,0.001191402,0.000997095,,,,117.000126148,novatel_oem7_msgs.msg.SolutionStatus(status=0),novatel_oem7_msgs.msg.PositionOrVelocityType(type=53)
1786043684415132033,1786043684.414844058,/novatel/oem7/odom,/novatel/oem7/bestpos,/novatel/oem7/odom,39.663,-75.756,33.181759798,0.001089111,0.001453467,0.000544365,-0.000943308,0.001453467,,,
1786043684426997941,1786043684.426725295,/novatel/oem7/inspva,/novatel/oem7/inspva,/novatel/oem7/inspva,39.663,-75.756,-1.800594507,0.000764300,0.001221307,-0.000732195,-0.000219193,0.001221307,,novatel_oem7_msgs.msg.InertialSolutionStatus(status=3),
1786043684427613232,1786043684.426899671,/novatel/oem7/fix,/novatel/oem7/fix,/novatel/oem7/inspva,39.663,-75.756,-1.800594507,0.000764300,0.001221307,-0.000732195,-0.000219193,0.001221307,,0,
1786043684428025585,1786043684.427258814,/novatel/oem7/odom,/novatel/oem7/fix,/novatel/oem7/odom,39.663,-75.756,-1.800594507,0.000768941,0.001218390,-0.000257866,-0.000724414,0.001218390,,,
1786043684435732193,1786043684.435375611,/novatel/oem7/odom,/novatel/oem7/fix,/novatel/oem7/odom,39.663,-75.756,-1.800594507,0.000768941,0.001218390,-0.000257866,-0.000724414,0.001218390,,,
1786043684445796026,1786043684.445277173,/novatel/oem7/inspva,/novatel/oem7/inspva,/novatel/oem7/inspva,39.663,-75.756,-1.800595712,0.001133646,-0.001976804,-0.000478334,-0.001027789,-0.001976804,,novatel_oem7_msgs.msg.InertialSolutionStatus(status=3),
1786043684446363425,1786043684.445435614,/novatel/oem7/fix,/novatel/oem7/fix,/novatel/oem7/inspva,39.663,-75.756,-1.800595712,0.001133646,-0.001976804,-0.000478334,-0.001027789,-0.001976804,,0,
1786043684446799768,1786043684.445971163,/novatel/oem7/odom,/novatel/oem7/fix,/novatel/oem7/odom,39.663,-75.756,-1.800595712,0.001124915,-0.001981786,-0.001041877,-0.000424176,-0.001981786,,,
1786043684456661123,1786043684.456308585,/novatel/oem7/odom,/novatel/oem7/fix,/novatel/oem7/odom,39.663,-75.756,-1.800595712,0.001124915,-0.001981786,-0.001041877,-0.000424176,-0.001981786,,,
1786043684465577662,1786043684.465304841,/novatel/oem7/inspva,/novatel/oem7/inspva,/novatel/oem7/inspva,39.663,-75.756,-1.800555560,0.001551806,-0.001193326,-0.001544086,0.000154595,-0.001193326,,novatel_oem7_msgs.msg.InertialSolutionStatus(status=3),
1786043684466192434,1786043684.465514419,/novatel/oem7/fix,/novatel/oem7/fix,/novatel/oem7/inspva,39.663,-75.756,-1.800555560,0.001551806,-0.001193326,-0.001544086,0.000154595,-0.001193326,,0,
1786043684466617660,1786043684.465914268,/novatel/oem7/odom,/novatel/oem7/fix,/novatel/oem7/odom,39.663,-75.756,-1.800555560,0.001548803,-0.001197221,0.000086248,-0.001546399,-0.001197221,,,
1786043684474956507,1786043684.474574129,/novatel/oem7/odom,/novatel/oem7/fix,/novatel/oem7/odom,39.663,-75.756,-1.800555560,0.001548803,-0.001197221,0.000086248,-0.001546399,-0.001197221,,,
1786043684487052891,1786043684.486730026,/novatel/oem7/inspva,/novatel/oem7/inspva,/novatel/oem7/inspva,39.663,-75.756,-1.800514260,0.001828994,0.001677603,-0.001827538,0.000072986,0.001677603,,novatel_oem7_msgs.msg.InertialSolutionStatus(status=3),
1786043684487661293,1786043684.486928728,/novatel/oem7/fix,/novatel/oem7/fix,/novatel/oem7/inspva,39.663,-75.756,-1.800514260,0.001828994,0.001677603,-0.001827538,0.000072986,0.001677603,,0,
1786043684488085886,1786043684.487344616,/novatel/oem7/odom,/novatel/oem7/fix,/novatel/oem7/odom,39.663,-75.756,-1.800514260,0.001833603,0.001672565,-0.000019180,-0.001833502,0.001672565,,,
1786043684495925900,1786043684.495601890,/novatel/oem7/odom,/novatel/oem7/fix,/novatel/oem7/odom,39.663,-75.756,-1.800514260,0.001833603,0.001672565,-0.000019180,-0.001833502,0.001672565,,,
1786043684506492009,1786043684.506192371,/novatel/oem7/inspva,/novatel/oem7/inspva,/novatel/oem7/inspva,39.663,-75.756,-1.800494275,0.001758860,0.001011721,-0.001645475,0.000621289,0.001011721,,novatel_oem7_msgs.msg.InertialSolutionStatus(status=3),
1786043684507080070,1786043684.506357813,/novatel/oem7/fix,/novatel/oem7/fix,/novatel/oem7/inspva,39.663,-75.756,-1.800494275,0.001758860,0.001011721,-0.001645475,0.000621289,0.001011721,,0,
1786043684507502783,1786043684.506719922,/novatel/oem7/odom,/novatel/oem7/fix,/novatel/oem7/odom,39.663,-75.756,-1.800494275,0.001760348,0.001009130,0.000539584,-0.001675612,0.001009130,,,
1786043684511382148,1786043684.511072516,/novatel/oem7/bestpos,/novatel/oem7/bestpos,/novatel/oem7/odom,39.663,-75.756,33.181890828,0.001760348,0.001009130,0.000539584,-0.001675612,0.001009130,,novatel_oem7_msgs.msg.SolutionStatus(status=0),novatel_oem7_msgs.msg.PositionOrVelocityType(type=53)
1786043684511939311,1786043684.511528621,/novatel/oem7/bestvel,/novatel/oem7/bestpos,/novatel/oem7/bestvel,39.663,-75.756,33.181890828,0.001099309,0.000480325,,,,138.532069583,novatel_oem7_msgs.msg.SolutionStatus(status=0),novatel_oem7_msgs.msg.PositionOrVelocityType(type=53)
1786043684516031159,1786043684.515676245,/novatel/oem7/odom,/novatel/oem7/bestpos,/novatel/oem7/odom,39.663,-75.756,33.181890828,0.001760348,0.001009130,0.000539584,-0.001675612,0.001009130,,,
1786043684526105383,1786043684.525661688,/novatel/oem7/inspva,/novatel/oem7/inspva,/novatel/oem7/inspva,39.663,-75.756,-1.800492546,0.001092047,-0.001198262,-0.000758963,-0.000785202,-0.001198262,,novatel_oem7_msgs.msg.InertialSolutionStatus(status=3),
1786043684526645159,1786043684.525809589,/novatel/oem7/fix,/novatel/oem7/fix,/novatel/oem7/inspva,39.663,-75.756,-1.800492546,0.001092047,-0.001198262,-0.000758963,-0.000785202,-0.001198262,,0,
1786043684527284954,1786043684.526637643,/novatel/oem7/odom,/novatel/oem7/fix,/novatel/oem7/odom,39.663,-75.756,-1.800492546,0.001086570,-0.001203231,-0.000815555,-0.000717986,-0.001203231,,,
1786043684535009360,1786043684.534721912,/novatel/oem7/odom,/novatel/oem7/fix,/novatel/oem7/odom,39.663,-75.756,-1.800492546,0.001086570,-0.001203231,-0.000815555,-0.000717986,-0.001203231,,,
1786043684546803260,1786043684.546272198,/novatel/oem7/inspva,/novatel/oem7/inspva,/novatel/oem7/inspva,39.663,-75.756,-1.800465495,0.001664417,-0.001138475,-0.001415446,-0.000875669,-0.001138475,,novatel_oem7_msgs.msg.InertialSolutionStatus(status=3),
1786043684548144846,1786043684.546403979,/novatel/oem7/fix,/novatel/oem7/fix,/novatel/oem7/inspva,39.663,-75.756,-1.800465495,0.001664417,-0.001138475,-0.001415446,-0.000875669,-0.001138475,,0,
1786043684549139950,1786043684.546931528,/novatel/oem7/odom,/novatel/oem7/fix,/novatel/oem7/odom,39.663,-75.756,-1.800465495,0.001659496,-0.001145636,-0.000937036,-0.001369631,-0.001145636,,,
1786043684556571089,1786043684.555890653,/novatel/oem7/odom,/novatel/oem7/fix,/novatel/oem7/odom,39.663,-75.756,-1.800465495,0.001659496,-0.001145636,-0.000937036,-0.001369631,-0.001145636,,,
1786043684565820185,1786043684.565307696,/novatel/oem7/inspva,/novatel/oem7/inspva,/novatel/oem7/inspva,39.663,-75.756,-1.800430896,0.003131505,0.000688952,-0.003107305,0.000388559,0.000688952,,novatel_oem7_msgs.msg.InertialSolutionStatus(status=3),
1786043684567157598,1786043684.565462327,/novatel/oem7/fix,/novatel/oem7/fix,/novatel/oem7/inspva,39.663,-75.756,-1.800430896,0.003131505,0.000688952,-0.003107305,0.000388559,0.000688952,,0,
1786043684568161941,1786043684.566010397,/novatel/oem7/odom,/novatel/oem7/fix,/novatel/oem7/odom,39.663,-75.756,-1.800430896,0.003133183,0.000681279,0.000239607,-0.003124008,0.000681279,,,
1786043684576144267,1786043684.575487776,/novatel/oem7/odom,/novatel/oem7/fix,/novatel/oem7/odom,39.663,-75.756,-1.800430896,0.003133183,0.000681279,0.000239607,-0.003124008,0.000681279,,,
1786043684586553933,1786043684.585989690,/novatel/oem7/inspva,/novatel/oem7/inspva,/novatel/oem7/inspva,39.663,-75.756,-1.800407471,0.002291157,0.000714371,-0.002248251,-0.000441327,0.000714371,,novatel_oem7_msgs.msg.InertialSolutionStatus(status=3),
1786043684587919019,1786043684.586134356,/novatel/oem7/fix,/novatel/oem7/fix,/novatel/oem7/inspva,39.663,-75.756,-1.800407471,0.002291157,0.000714371,-0.002248251,-0.000441327,0.000714371,,0,
1786043684588930479,1786043684.586602200,/novatel/oem7/odom,/novatel/oem7/fix,/novatel/oem7/odom,39.663,-75.756,-1.800407471,0.002293658,0.000706299,-0.000549091,-0.002226963,0.000706299,,,
1786043684595092594,1786043684.594443608,/novatel/oem7/odom,/novatel/oem7/fix,/novatel/oem7/odom,39.663,-75.756,-1.800407471,0.002293658,0.000706299,-0.000549091,-0.002226963,0.000706299,,,
1786043684607716265,1786043684.607180844,/novatel/oem7/inspva,/novatel/oem7/inspva,/novatel/oem7/inspva,39.663,-75.756,-1.800394981,0.001547730,-0.000049256,-0.000884380,-0.001270173,-0.000049256,,novatel_oem7_msgs.msg.InertialSolutionStatus(status=3),
1786043684609046565,1786043684.607321535,/novatel/oem7/fix,/novatel/oem7/fix,/novatel/oem7/inspva,39.663,-75.756,-1.800394981,0.001547730,-0.000049256,-0.000884380,-0.001270173,-0.000049256,,0,
1786043684610038035,1786043684.607697769,/novatel/oem7/odom,/novatel/oem7/fix,/novatel/oem7/odom,39.663,-75.756,-1.800394981,0.001547491,-0.000056270,-0.001310131,-0.000823580,-0.000056270,,,
1786043684611474086,1786043684.610101053,/novatel/oem7/bestpos,/novatel/oem7/bestpos,/novatel/oem7/odom,39.663,-75.756,33.182006543,0.001547491,-0.000056270,-0.001310131,-0.000823580,-0.000056270,,novatel_oem7_msgs.msg.SolutionStatus(status=0),novatel_oem7_msgs.msg.PositionOrVelocityType(type=53)
1786043684612337711,1786043684.610477743,/novatel/oem7/bestvel,/novatel/oem7/bestpos,/novatel/oem7/bestvel,39.663,-75.756,33.182006543,0.002015966,0.000131800,,,,252.079533825,novatel_oem7_msgs.msg.SolutionStatus(status=0),novatel_oem7_msgs.msg.PositionOrVelocityType(type=53)
1786043684616087608,1786043684.615398165,/novatel/oem7/odom,/novatel/oem7/bestpos,/novatel/oem7/odom,39.663,-75.756,33.182006543,0.001547491,-0.000056270,-0.001310131,-0.000823580,-0.000056270,,,
1786043684625720567,1786043684.625047920,/novatel/oem7/inspva,/novatel/oem7/inspva,/novatel/oem7/inspva,39.663,-75.756,-1.800370341,0.001958394,-0.000577565,-0.001353707,-0.001415198,-0.000577565,,novatel_oem7_msgs.msg.InertialSolutionStatus(status=3),
1786043684627011146,1786043684.625199008,/novatel/oem7/fix,/novatel/oem7/fix,/novatel/oem7/inspva,39.663,-75.756,-1.800370341,0.001958394,-0.000577565,-0.001353707,-0.001415198,-0.000577565,,0,
1786043684628011440,1786043684.625625659,/novatel/oem7/odom,/novatel/oem7/fix,/novatel/oem7/odom,39.663,-75.756,-1.800370341,0.001955745,-0.000586475,-0.001475104,-0.001284136,-0.000586475,,,
1786043684636069332,1786043684.635374882,/novatel/oem7/odom,/novatel/oem7/fix,/novatel/oem7/odom,39.663,-75.756,-1.800370341,0.001955745,-0.000586475,-0.001475104,-0.001284136,-0.000586475,,,
1786043684646176353,1786043684.645578097,/novatel/oem7/inspva,/novatel/oem7/inspva,/novatel/oem7/inspva,39.663,-75.756,-1.800343772,0.003513779,-0.000200207,-0.003291151,-0.001230840,-0.000200207,,novatel_oem7_msgs.msg.InertialSolutionStatus(status=3),
1786043684647547656,1786043684.645715821,/novatel/oem7/fix,/novatel/oem7/fix,/novatel/oem7/inspva,39.663,-75.756,-1.800343772,0.003513779,-0.000200207,-0.003291151,-0.001230840,-0.000200207,,0,
1786043684648553593,1786043684.646449042,/novatel/oem7/odom,/novatel/oem7/fix,/novatel/oem7/odom,39.663,-75.756,-1.800343772,0.003512965,-0.000214025,-0.001383389,-0.003229111,-0.000214025,,,
1786043684656937036,1786043684.656218962,/novatel/oem7/odom,/novatel/oem7/fix,/novatel/oem7/odom,39.663,-75.756,-1.800343772,0.003512965,-0.000214025,-0.001383389,-0.003229111,-0.000214025,,,
1786043684665687405,1786043684.665042392,/novatel/oem7/inspva,/novatel/oem7/inspva,/novatel/oem7/inspva,39.663,-75.756,-1.800312123,0.003331329,0.000448248,-0.003329752,-0.000102503,0.000448248,,novatel_oem7_msgs.msg.InertialSolutionStatus(status=3),
1786043684666963648,1786043684.665190357,/novatel/oem7/fix,/novatel/oem7/fix,/novatel/oem7/inspva,39.663,-75.756,-1.800312123,0.003331329,0.000448248,-0.003329752,-0.000102503,0.000448248,,0,
1786043684667977091,1786043684.665551111,/novatel/oem7/odom,/novatel/oem7/fix,/novatel/oem7/odom,39.663,-75.756,-1.800312123,0.003332657,0.000438265,-0.000260496,-0.003322461,0.000438265,,,
1786043684675532546,1786043684.674818839,/novatel/oem7/odom,/novatel/oem7/fix,/novatel/oem7/odom,39.663,-75.756,-1.800312123,0.003332657,0.000438265,-0.000260496,-0.003322461,0.000438265,,,
1786043684685960369,1786043684.685347903,/novatel/oem7/inspva,/novatel/oem7/inspva,/novatel/oem7/inspva,39.663,-75.756,-1.800297557,0.001811043,0.000309678,-0.001227303,-0.001331768,0.000309678,,novatel_oem7_msgs.msg.InertialSolutionStatus(status=3),
1786043684687709690,1786043684.685502858,/novatel/oem7/fix,/novatel/oem7/fix,/novatel/oem7/inspva,39.663,-75.756,-1.800297557,0.001811043,0.000309678,-0.001227303,-0.001331768,0.000309678,,0,
1786043684688712136,1786043684.686141521,/novatel/oem7/odom,/novatel/oem7/fix,/novatel/oem7/odom,39.663,-75.756,-1.800297557,0.001812438,0.000301409,-0.001389101,-0.001164186,0.000301409,,,
1786043684695773100,1786043684.695126360,/novatel/oem7/odom,/novatel/oem7/fix,/novatel/oem7/odom,39.663,-75.756,-1.800297557,0.001812438,0.000301409,-0.001389101,-0.001164186,0.000301409,,,
1786043684706386808,1786043684.705931858,/novatel/oem7/inspva,/novatel/oem7/inspva,/novatel/oem7/inspva,39.663,-75.756,-1.800282566,0.001910671,-0.000685807,-0.001278674,-0.001419738,-0.000685807,,novatel_oem7_msgs.msg.InertialSolutionStatus(status=3),
1786043684707673917,1786043684.706004585,/novatel/oem7/fix,/novatel/oem7/fix,/novatel/oem7/inspva,39.663,-75.756,-1.800282566,0.001910671,-0.000685807,-0.001278674,-0.001419738,-0.000685807,,0,
1786043684708683561,1786043684.706412978,/novatel/oem7/odom,/novatel/oem7/fix,/novatel/oem7/odom,39.663,-75.756,-1.800282566,0.001907539,-0.000694469,-0.001475756,-0.001208656,-0.000694469,,,
1786043684710042727,1786043684.709430160,/novatel/oem7/bestpos,/novatel/oem7/bestpos,/novatel/oem7/odom,39.663,-75.756,33.182122206,0.001907539,-0.000694469,-0.001475756,-0.001208656,-0.000694469,,novatel_oem7_msgs.msg.SolutionStatus(status=0),novatel_oem7_msgs.msg.PositionOrVelocityType(type=53)
1786043684711361787,1786043684.710320566,/novatel/oem7/bestvel,/novatel/oem7/bestpos,/novatel/oem7/bestvel,39.663,-75.756,33.182122206,0.002391937,-0.000402400,,,,240.457631761,novatel_oem7_msgs.msg.SolutionStatus(status=0),novatel_oem7_msgs.msg.PositionOrVelocityType(type=53)
1786043684715157798,1786043684.714538528,/novatel/oem7/odom,/novatel/oem7/bestpos,/novatel/oem7/odom,39.663,-75.756,33.182122206,0.001907539,-0.000694469,-0.001475756,-0.001208656,-0.000694469,,,
1786043684725808480,1786043684.725293918,/novatel/oem7/inspva,/novatel/oem7/inspva,/novatel/oem7/inspva,39.663,-75.756,-1.800269775,0.002511547,-0.000937284,-0.002330255,-0.000936898,-0.000937284,,novatel_oem7_msgs.msg.InertialSolutionStatus(status=3),
1786043684727070885,1786043684.725465024,/novatel/oem7/fix,/novatel/oem7/fix,/novatel/oem7/inspva,39.663,-75.756,-1.800269775,0.002511547,-0.000937284,-0.002330255,-0.000936898,-0.000937284,,0,
1786043684728073725,1786043684.726022549,/novatel/oem7/odom,/novatel/oem7/fix,/novatel/oem7/odom,39.663,-75.756,-1.800269775,0.002507804,-0.000947253,-0.001041977,-0.002281088,-0.000947253,,,
1786043684735790286,1786043684.735187324,/novatel/oem7/odom,/novatel/oem7/fix,/novatel/oem7/odom,39.663,-75.756,-1.800269775,0.002507804,-0.000947253,-0.001041977,-0.002281088,-0.000947253,,,
1786043684745761110,1786043684.745304724,/novatel/oem7/inspva,/novatel/oem7/inspva,/novatel/oem7/inspva,39.663,-75.756,-1.800241833,0.003410265,-0.000800811,-0.003187988,-0.001211047,-0.000800811,,novatel_oem7_msgs.msg.InertialSolutionStatus(status=3),
1786043684747008410,1786043684.745363594,/novatel/oem7/fix,/novatel/oem7/fix,/novatel/oem7/inspva,39.663,-75.756,-1.800241833,0.003410265,-0.000800811,-0.003187988,-0.001211047,-0.000800811,,0,
1786043684747988026,1786043684.745826295,/novatel/oem7/odom,/novatel/oem7/fix,/novatel/oem7/odom,39.663,-75.756,-1.800241833,0.003407084,-0.000814235,-0.001356650,-0.003125336,-0.000814235,,,
1786043684757440513,1786043684.755821390,/novatel/oem7/odom,/novatel/oem7/fix,/novatel/oem7/odom,39.663,-75.756,-1.800241833,0.003407084,-0.000814235,-0.001356650,-0.003125336,-0.000814235,,,
1786043684767075118,1786043684.766591486,/novatel/oem7/inspva,/novatel/oem7/inspva,/novatel/oem7/inspva,39.663,-75.756,-1.800209817,0.001911280,0.001701031,-0.001739978,-0.000790863,0.001701031,,novatel_oem7_msgs.msg.InertialSolutionStatus(status=3),
1786043684768330104,1786043684.766752605,/novatel/oem7/fix,/novatel/oem7/fix,/novatel/oem7/inspva,39.663,-75.756,-1.800209817,0.001911280,0.001701031,-0.001739978,-0.000790863,0.001701031,,0,
1786043684769338300,1786043684.767136299,/novatel/oem7/odom,/novatel/oem7/fix,/novatel/oem7/odom,39.663,-75.756,-1.800209817,0.001918200,0.001693223,-0.000877987,-0.001705471,0.001693223,,,
1786043684775672860,1786043684.775027547,/novatel/oem7/odom,/novatel/oem7/fix,/novatel/oem7/odom,39.663,-75.756,-1.800209817,0.001918200,0.001693223,-0.000877987,-0.001705471,0.001693223,,,
1786043684785534428,1786043684.785036973,/novatel/oem7/inspva,/novatel/oem7/inspva,/novatel/oem7/inspva,39.663,-75.756,-1.800197206,0.002280391,0.000624220,-0.001892008,-0.001272984,0.000624220,,novatel_oem7_msgs.msg.InertialSolutionStatus(status=3),
1786043684786774520,1786043684.785188940,/novatel/oem7/fix,/novatel/oem7/fix,/novatel/oem7/inspva,39.663,-75.756,-1.800197206,0.002280391,0.000624220,-0.001892008,-0.001272984,0.000624220,,0,
1786043684787767683,1786043684.785604731,/novatel/oem7/odom,/novatel/oem7/fix,/novatel/oem7/odom,39.663,-75.756,-1.800197206,0.002283088,0.000614282,-0.001362789,-0.001831747,0.000614282,,,
1786043684795192179,1786043684.794567963,/novatel/oem7/odom,/novatel/oem7/fix,/novatel/oem7/odom,39.663,-75.756,-1.800197206,0.002283088,0.000614282,-0.001362789,-0.001831747,0.000614282,,,
1786043684806745543,1786043684.806281915,/novatel/oem7/inspva,/novatel/oem7/inspva,/novatel/oem7/inspva,39.663,-75.756,-1.800188582,0.002615146,-0.001142983,-0.002217849,-0.001385689,-0.001142983,,novatel_oem7_msgs.msg.InertialSolutionStatus(status=3),
1786043684808004826,1786043684.806343004,/novatel/oem7/fix,/novatel/oem7/fix,/novatel/oem7/inspva,39.663,-75.756,-1.800188582,0.002615146,-0.001142983,-0.002217849,-0.001385689,-0.001142983,,0,
1786043684809012106,1786043684.806831448,/novatel/oem7/odom,/novatel/oem7/fix,/novatel/oem7/odom,39.663,-75.756,-1.800188582,0.002610233,-0.001154158,-0.001484304,-0.002147128,-0.001154158,,,
1786043684811010843,1786043684.810340758,/novatel/oem7/bestpos,/novatel/oem7/bestpos,/novatel/oem7/odom,39.663,-75.756,33.182235519,0.002610233,-0.001154158,-0.001484304,-0.002147128,-0.001154158,,novatel_oem7_msgs.msg.SolutionStatus(status=0),novatel_oem7_msgs.msg.PositionOrVelocityType(type=53)
1786043684812412346,1786043684.810761943,/novatel/oem7/bestvel,/novatel/oem7/bestpos,/novatel/oem7/bestvel,39.663,-75.756,33.182235519,0.003684489,-0.000308725,,,,229.100011812,novatel_oem7_msgs.msg.SolutionStatus(status=0),novatel_oem7_msgs.msg.PositionOrVelocityType(type=53)
1786043684815544761,1786043684.814865741,/novatel/oem7/odom,/novatel/oem7/bestpos,/novatel/oem7/odom,39.663,-75.756,33.182235519,0.002610233,-0.001154158,-0.001484304,-0.002147128,-0.001154158,,,
1786043684825745081,1786043684.825203021,/novatel/oem7/inspva,/novatel/oem7/inspva,/novatel/oem7/inspva,39.663,-75.756,-1.800149816,0.003107424,-0.000724167,-0.002867642,-0.001196961,-0.000724167,,novatel_oem7_msgs.msg.InertialSolutionStatus(status=3),
1786043684827066691,1786043684.825264827,/novatel/oem7/fix,/novatel/oem7/fix,/novatel/oem7/inspva,39.663,-75.756,-1.800149816,0.003107424,-0.000724167,-0.002867642,-0.001196961,-0.000724167,,0,
1786043684828063451,1786043684.825694588,/novatel/oem7/odom,/novatel/oem7/fix,/novatel/oem7/odom,39.663,-75.756,-1.800149816,0.003104506,-0.000736578,-0.001327821,-0.002806216,-0.000736578,,,
1786043684835045473,1786043684.834384084,/novatel/oem7/odom,/novatel/oem7/fix,/novatel/oem7/odom,39.663,-75.756,-1.800149816,0.003104506,-0.000736578,-0.001327821,-0.002806216,-0.000736578,,,
1786043684846053562,1786043684.845220711,/novatel/oem7/inspva,/novatel/oem7/inspva,/novatel/oem7/inspva,39.663,-75.756,-1.800107058,0.002845550,0.001865789,-0.002622018,-0.001105520,0.001865789,,novatel_oem7_msgs.msg.InertialSolutionStatus(status=3),
1786043684847322332,1786043684.845446676,/novatel/oem7/fix,/novatel/oem7/fix,/novatel/oem7/inspva,39.663,-75.756,-1.800107058,0.002845550,0.001865789,-0.002622018,-0.001105520,0.001865789,,0,
1786043684848321858,1786043684.845865537,/novatel/oem7/odom,/novatel/oem7/fix,/novatel/oem7/odom,39.663,-75.756,-1.800107058,0.003104484,-0.000736670,-0.001327803,-0.002806200,-0.000736670,,,
1786043684856904833,1786043684.856276420,/novatel/oem7/odom,/novatel/oem7/fix,/novatel/oem7/odom,39.663,-75.756,-1.800107058,0.002853056,0.001854292,-0.001234440,-0.002572175,0.001854292,,,
1786043684865488198,1786043684.864996016,/novatel/oem7/inspva,/novatel/oem7/inspva,/novatel/oem7/inspva,39.663,-75.756,-1.800093778,0.002767872,0.001291336,-0.002432734,-0.001320198,0.001291336,,novatel_oem7_msgs.msg.InertialSolutionStatus(status=3),
1786043684866744747,1786043684.865136298,/novatel/oem7/fix,/novatel/oem7/fix,/novatel/oem7/inspva,39.663,-75.756,-1.800093778,0.002767872,0.001291336,-0.002432734,-0.001320198,0.001291336,,0,
1786043684867759491,1786043684.865528972,/novatel/oem7/odom,/novatel/oem7/fix,/novatel/oem7/odom,39.663,-75.756,-1.800093778,0.002773303,0.001279631,-0.001437827,-0.002371468,0.001279631,,,
1786043684874993905,1786043684.874375352,/novatel/oem7/odom,/novatel/oem7/fix,/novatel/oem7/odom,39.663,-75.756,-1.800093778,0.002773303,0.001279631,-0.001437827,-0.002371468,0.001279631,,,
1786043684886984197,1786043684.886517037,/novatel/oem7/inspva,/novatel/oem7/inspva,/novatel/oem7/inspva,39.663,-75.756,-1.800093612,0.002319700,-0.001115101,-0.001708147,-0.001569472,-0.001115101,,novatel_oem7_msgs.msg.InertialSolutionStatus(status=3),
1786043684888267390,1786043684.886579032,/novatel/oem7/fix,/novatel/oem7/fix,/novatel/oem7/inspva,39.663,-75.756,-1.800093612,0.002319700,-0.001115101,-0.001708147,-0.001569472,-0.001115101,,0,
1786043684889279550,1786043684.886967147,/novatel/oem7/odom,/novatel/oem7/fix,/novatel/oem7/odom,39.663,-75.756,-1.800093612,0.002314673,-0.001125499,-0.001644015,-0.001629394,-0.001125499,,,
1786043684895321936,1786043684.895021323,/novatel/oem7/odom,/novatel/oem7/fix,/novatel/oem7/odom,39.663,-75.756,-1.800093612,0.002314673,-0.001125499,-0.001644015,-0.001629394,-0.001125499,,,
1786043684906186681,1786043684.905859300,/novatel/oem7/inspva,/novatel/oem7/inspva,/novatel/oem7/inspva,39.663,-75.756,-1.800060090,0.003174684,-0.000803067,-0.002383731,-0.002096770,-0.000803067,,novatel_oem7_msgs.msg.InertialSolutionStatus(status=3),
1786043684906706386,1786043684.905995829,/novatel/oem7/fix,/novatel/oem7/fix,/novatel/oem7/inspva,39.663,-75.756,-1.800060090,0.003174684,-0.000803067,-0.002383731,-0.002096770,-0.000803067,,0,
1786043684907112355,1786043684.906400119,/novatel/oem7/odom,/novatel/oem7/fix,/novatel/oem7/odom,39.663,-75.756,-1.800060090,0.003171071,-0.000817217,-0.002203607,-0.002280309,-0.000817217,,,
1786043684911067592,1786043684.909341572,/novatel/oem7/bestpos,/novatel/oem7/bestpos,/novatel/oem7/odom,39.663,-75.756,33.182358256,0.003171071,-0.000817217,-0.002203607,-0.002280309,-0.000817217,,novatel_oem7_msgs.msg.SolutionStatus(status=0),novatel_oem7_msgs.msg.PositionOrVelocityType(type=53)
1786043684912448909,1786043684.910132630,/novatel/oem7/bestvel,/novatel/oem7/bestpos,/novatel/oem7/bestvel,39.663,-75.756,33.182358256,0.004561806,0.000216938,,,,211.426419139,novatel_oem7_msgs.msg.SolutionStatus(status=0),novatel_oem7_msgs.msg.PositionOrVelocityType(type=53)
1786043684915274951,1786043684.914656621,/novatel/oem7/odom,/novatel/oem7/bestpos,/novatel/oem7/odom,39.663,-75.756,33.182358256,0.003171071,-0.000817217,-0.002203607,-0.002280309,-0.000817217,,,
1786043684925970989,1786043684.925489391,/novatel/oem7/inspva,/novatel/oem7/inspva,/novatel/oem7/inspva,39.663,-75.756,-1.800025479,0.003656234,0.001034452,-0.003643245,-0.000307916,0.001034452,,novatel_oem7_msgs.msg.InertialSolutionStatus(status=3),
1786043684927228745,1786043684.925660906,/novatel/oem7/fix,/novatel/oem7/fix,/novatel/oem7/inspva,39.663,-75.756,-1.800025479,0.003656234,0.001034452,-0.003643245,-0.000307916,0.001034452,,0,
1786043684928223315,1786043684.926285389,/novatel/oem7/odom,/novatel/oem7/fix,/novatel/oem7/odom,39.663,-75.756,-1.800025479,0.003659486,0.001022886,-0.000482660,-0.003627517,0.001022886,,,
1786043684935806477,1786043684.935176024,/novatel/oem7/odom,/novatel/oem7/fix,/novatel/oem7/odom,39.663,-75.756,-1.800025479,0.003659486,0.001022886,-0.000482660,-0.003627517,0.001022886,,,
1786043684946688911,1786043684.946214641,/novatel/oem7/inspva,/novatel/oem7/inspva,/novatel/oem7/inspva,39.663,-75.756,-1.800009540,0.003641842,0.001211804,-0.003399125,-0.001307273,0.001211804,,novatel_oem7_msgs.msg.InertialSolutionStatus(status=3),
1786043684947953744,1786043684.946276394,/novatel/oem7/fix,/novatel/oem7/fix,/novatel/oem7/inspva,39.663,-75.756,-1.800009540,0.003641842,0.001211804,-0.003399125,-0.001307273,0.001211804,,0,
1786043684948952810,1786043684.946894723,/novatel/oem7/odom,/novatel/oem7/fix,/novatel/oem7/odom,39.663,-75.756,-1.800009540,0.003646620,0.001197349,-0.001470130,-0.003337148,0.001197349,,,
1786043684956299663,1786043684.955688590,/novatel/oem7/odom,/novatel/oem7/fix,/novatel/oem7/odom,39.663,-75.756,-1.800009540,0.003646620,0.001197349,-0.001470130,-0.003337148,0.001197349,,,
1786043684965903691,1786043684.965414683,/novatel/oem7/inspva,/novatel/oem7/inspva,/novatel/oem7/inspva,39.663,-75.756,-1.800009169,0.002710601,-0.000261977,-0.001412374,-0.002313560,-0.000261977,,novatel_oem7_msgs.msg.InertialSolutionStatus(status=3),
1786043684967177237,1786043684.965567271,/novatel/oem7/fix,/novatel/oem7/fix,/novatel/oem7/inspva,39.663,-75.756,-1.800009169,0.002710601,-0.000261977,-0.001412374,-0.002313560,-0.000261977,,0,
1786043684968168264,1786043684.965900304,/novatel/oem7/odom,/novatel/oem7/fix,/novatel/oem7/odom,39.663,-75.756,-1.800009169,0.002709400,-0.000274128,-0.002376456,-0.001301270,-0.000274128,,,
1786043684976983764,1786043684.976317590,/novatel/oem7/odom,/novatel/oem7/fix,/novatel/oem7/odom,39.663,-75.756,-1.800009169,0.002709400,-0.000274128,-0.002376456,-0.001301270,-0.000274128,,,
1786043684985497501,1786043684.984998033,/novatel/oem7/inspva,/novatel/oem7/inspva,/novatel/oem7/inspva,39.663,-75.756,-1.799974475,0.003739872,-0.000122502,-0.002382372,-0.002882871,-0.000122502,,novatel_oem7_msgs.msg.InertialSolutionStatus(status=3),
1786043684986768311,1786043684.985163692,/novatel/oem7/fix,/novatel/oem7/fix,/novatel/oem7/inspva,39.663,-75.756,-1.799974475,0.003739872,-0.000122502,-0.002382372,-0.002882871,-0.000122502,,0,
1786043684987769364,1786043684.985651123,/novatel/oem7/odom,/novatel/oem7/fix,/novatel/oem7/odom,39.663,-75.756,-1.799974475,0.003739276,-0.000139505,-0.002991258,-0.002243783,-0.000139505,,,
1786043684995197794,1786043684.994583255,/novatel/oem7/odom,/novatel/oem7/fix,/novatel/oem7/odom,39.663,-75.756,-1.799974475,0.003739276,-0.000139505,-0.002991258,-0.002243783,-0.000139505,,,
1786043685008977597,1786043685.008203758,/novatel/oem7/inspva,/novatel/oem7/inspva,/novatel/oem7/inspva,39.663,-75.756,-1.799938842,0.004162795,0.000881306,-0.003840696,-0.001605589,0.000881306,,novatel_oem7_msgs.msg.InertialSolutionStatus(status=3),
1786043685010238176,1786043685.008308296,/novatel/oem7/fix,/novatel/oem7/fix,/novatel/oem7/inspva,39.663,-75.756,-1.799938842,0.004162795,0.000881306,-0.003840696,-0.001605589,0.000881306,,0,
1786043685012169959,1786043685.011559466,/novatel/oem7/odom,/novatel/oem7/fix,/novatel/oem7/odom,39.663,-75.756,-1.799938842,0.004166279,0.000864684,-0.001787625,-0.003763280,0.000864684,,,
1786043685017137568,1786043685.016523442,/novatel/oem7/odom,/novatel/oem7/fix,/novatel/oem7/odom,39.663,-75.756,-1.799938842,0.004166279,0.000864684,-0.001787625,-0.003763280,0.000864684,,,
1786043685025818370,1786043685.025263178,/novatel/oem7/bestpos,/novatel/oem7/bestpos,/novatel/oem7/odom,39.663,-75.756,33.182475579,0.004166279,0.000864684,-0.001787625,-0.003763280,0.000864684,,novatel_oem7_msgs.msg.SolutionStatus(status=0),novatel_oem7_msgs.msg.PositionOrVelocityType(type=53)
1786043685027151467,1786043685.026266674,/novatel/oem7/bestvel,/novatel/oem7/bestpos,/novatel/oem7/bestvel,39.663,-75.756,33.182475579,0.005113587,0.001619559,,,,204.583816143,novatel_oem7_msgs.msg.SolutionStatus(status=0),novatel_oem7_msgs.msg.PositionOrVelocityType(type=53)
1786043685028485583,1786043685.026814134,/novatel/oem7/inspva,/novatel/oem7/inspva,/novatel/oem7/inspva,39.663,-75.756,-1.799916310,0.004208868,0.001317262,-0.004128674,-0.000817693,0.001317262,,novatel_oem7_msgs.msg.InertialSolutionStatus(status=3),
1786043685029270628,1786043685.026946291,/novatel/oem7/fix,/novatel/oem7/fix,/novatel/oem7/inspva,39.663,-75.756,-1.799916310,0.004208868,0.001317262,-0.004128674,-0.000817693,0.001317262,,0,
1786043685030232937,1786043685.027259497,/novatel/oem7/odom,/novatel/oem7/fix,/novatel/oem7/odom,39.663,-75.756,-1.799916310,0.004213474,0.001302454,-0.001015740,-0.004089209,0.001302454,,,
1786043685036107249,1786043685.035487019,/novatel/oem7/odom,/novatel/oem7/fix,/novatel/oem7/odom,39.663,-75.756,-1.799916310,0.004213474,0.001302454,-0.001015740,-0.004089209,0.001302454,,,
1786043685046512795,1786043685.046000406,/novatel/oem7/inspva,/novatel/oem7/inspva,/novatel/oem7/inspva,39.663,-75.756,-1.799911326,0.003044728,0.000858352,-0.002283039,-0.002014474,0.000858352,,novatel_oem7_msgs.msg.InertialSolutionStatus(status=3),
1786043685047795917,1786043685.046146511,/novatel/oem7/fix,/novatel/oem7/fix,/novatel/oem7/inspva,39.663,-75.756,-1.799911326,0.003044728,0.000858352,-0.002283039,-0.002014474,0.000858352,,0,
1786043685048801321,1786043685.046629520,/novatel/oem7/odom,/novatel/oem7/fix,/novatel/oem7/odom,39.663,-75.756,-1.799911326,0.003048561,0.000844640,-0.002122734,-0.002188087,0.000844640,,,
1786043685057224824,1786043685.056588831,/novatel/oem7/odom,/novatel/oem7/fix,/novatel/oem7/odom,39.663,-75.756,-1.799911326,0.003048561,0.000844640,-0.002122734,-0.002188087,0.000844640,,,
1786043685066584453,1786043685.066095188,/novatel/oem7/inspva,/novatel/oem7/inspva,/novatel/oem7/inspva,39.663,-75.756,-1.799907891,0.004025939,0.000556580,-0.002368971,-0.003255175,0.000556580,,novatel_oem7_msgs.msg.InertialSolutionStatus(status=3),
1786043685067831445,1786043685.066222763,/novatel/oem7/fix,/novatel/oem7/fix,/novatel/oem7/inspva,39.663,-75.756,-1.799907891,0.004025939,0.000556580,-0.002368971,-0.003255175,0.000556580,,0,
1786043685068827815,1786043685.066635454,/novatel/oem7/odom,/novatel/oem7/fix,/novatel/oem7/odom,39.663,-75.756,-1.799907891,0.004028418,0.000538346,-0.003364978,-0.002214740,0.000538346,,,
1786043685075189715,1786043685.074539959,/novatel/oem7/odom,/novatel/oem7/fix,/novatel/oem7/odom,39.663,-75.756,-1.799907891,0.004028418,0.000538346,-0.003364978,-0.002214740,0.000538346,,,
1786043685085969319,1786043685.085409606,/novatel/oem7/inspva,/novatel/oem7/inspva,/novatel/oem7/inspva,39.663,-75.756,-1.799892595,0.004444590,0.000398398,-0.004024348,-0.001886533,0.000398398,,novatel_oem7_msgs.msg.InertialSolutionStatus(status=3),
1786043685087305812,1786043685.085577951,/novatel/oem7/fix,/novatel/oem7/fix,/novatel/oem7/inspva,39.663,-75.756,-1.799892595,0.004444590,0.000398398,-0.004024348,-0.001886533,0.000398398,,0,
1786043685088318368,1786043685.086318792,/novatel/oem7/odom,/novatel/oem7/fix,/novatel/oem7/odom,39.663,-75.756,-1.799892595,0.004446179,0.000380261,-0.002075091,-0.003932239,0.000380261,,,
1786043685096327734,1786043685.095698071,/novatel/oem7/odom,/novatel/oem7/fix,/novatel/oem7/odom,39.663,-75.756,-1.799892595,0.004446179,0.000380261,-0.002075091,-0.003932239,0.000380261,,,
1786043685106589993,1786043685.106012577,/novatel/oem7/inspva,/novatel/oem7/inspva,/novatel/oem7/inspva,39.663,-75.756,-1.799888148,0.004303890,0.000855533,-0.004075748,-0.001382659,0.000855533,,novatel_oem7_msgs.msg.InertialSolutionStatus(status=3),
1786043685107880149,1786043685.106208565,/novatel/oem7/fix,/novatel/oem7/fix,/novatel/oem7/inspva,39.663,-75.756,-1.799888148,0.004303890,0.000855533,-0.004075748,-0.001382659,0.000855533,,0,
1786043685108931256,1786043685.106599996,/novatel/oem7/odom,/novatel/oem7/fix,/novatel/oem7/odom,39.663,-75.756,-1.799888148,0.004307162,0.000838906,-0.001575901,-0.004008514,0.000838906,,,
1786043685110437407,1786043685.109078783,/novatel/oem7/bestpos,/novatel/oem7/bestpos,/novatel/oem7/odom,39.663,-75.756,33.182470076,0.004307162,0.000838906,-0.001575901,-0.004008514,0.000838906,,novatel_oem7_msgs.msg.SolutionStatus(status=0),novatel_oem7_msgs.msg.PositionOrVelocityType(type=53)
1786043685111786717,1786043685.110005069,/novatel/oem7/bestvel,/novatel/oem7/bestpos,/novatel/oem7/bestvel,39.663,-75.756,33.182470076,0.004009146,0.000748610,,,,204.290359373,novatel_oem7_msgs.msg.SolutionStatus(status=0),novatel_oem7_msgs.msg.PositionOrVelocityType(type=53)
1786043685115066586,1786043685.114440620,/novatel/oem7/odom,/novatel/oem7/bestpos,/novatel/oem7/odom,39.663,-75.756,33.182470076,0.004307162,0.000838906,-0.001575901,-0.004008514,0.000838906,,,
1786043685127339878,1786043685.126810063,/novatel/oem7/inspva,/novatel/oem7/inspva,/novatel/oem7/inspva,39.663,-75.756,-1.799881193,0.003175784,0.001452685,-0.002869383,-0.001360972,0.001452685,,novatel_oem7_msgs.msg.InertialSolutionStatus(status=3),
1786043685128661537,1786043685.126989984,/novatel/oem7/fix,/novatel/oem7/fix,/novatel/oem7/inspva,39.663,-75.756,-1.799881193,0.003175784,0.001452685,-0.002869383,-0.001360972,0.001452685,,0,
1786043685129668901,1786043685.127444645,/novatel/oem7/odom,/novatel/oem7/fix,/novatel/oem7/odom,39.663,-75.756,-1.799881193,0.003181768,0.001439531,-0.001499739,-0.002806142,0.001439531,,,
1786043685135856238,1786043685.135243572,/novatel/oem7/odom,/novatel/oem7/fix,/novatel/oem7/odom,39.663,-75.756,-1.799881193,0.003181768,0.001439531,-0.001499739,-0.002806142,0.001439531,,,
1786043685145737836,1786043685.145162054,/novatel/oem7/inspva,/novatel/oem7/inspva,/novatel/oem7/inspva,39.663,-75.756,-1.799883726,0.003602509,0.000690489,-0.002306877,-0.002767018,0.000690489,,novatel_oem7_msgs.msg.InertialSolutionStatus(status=3),
1786043685147025109,1786043685.145345352,/novatel/oem7/fix,/novatel/oem7/fix,/novatel/oem7/inspva,39.663,-75.756,-1.799883726,0.003602509,0.000690489,-0.002306877,-0.002767018,0.000690489,,0,
1786043685148012442,1786043685.145793063,/novatel/oem7/odom,/novatel/oem7/fix,/novatel/oem7/odom,39.663,-75.756,-1.799883726,0.003605624,0.000674033,-0.002874967,-0.002176026,0.000674033,,,
1786043685156486989,1786043685.155836232,/novatel/oem7/odom,/novatel/oem7/fix,/novatel/oem7/odom,39.663,-75.756,-1.799883726,0.003605624,0.000674033,-0.002874967,-0.002176026,0.000674033,,,
1786043685165877909,1786043685.165394864,/novatel/oem7/inspva,/novatel/oem7/inspva,/novatel/oem7/inspva,39.663,-75.756,-1.799888506,0.004645334,-0.000741899,-0.003644064,-0.002880958,-0.000741899,,novatel_oem7_msgs.msg.InertialSolutionStatus(status=3),
1786043685167124584,1786043685.165568212,/novatel/oem7/fix,/novatel/oem7/fix,/novatel/oem7/inspva,39.663,-75.756,-1.799888506,0.004645334,-0.000741899,-0.003644064,-0.002880958,-0.000741899,,0,
1786043685168113504,1786043685.166313126,/novatel/oem7/odom,/novatel/oem7/fix,/novatel/oem7/odom,39.663,-75.756,-1.799888506,0.004642029,-0.000762305,-0.003046370,-0.003502580,-0.000762305,,,
1786043685175537311,1786043685.174889678,/novatel/oem7/odom,/novatel/oem7/fix,/novatel/oem7/odom,39.663,-75.756,-1.799888506,0.004642029,-0.000762305,-0.003046370,-0.003502580,-0.000762305,,,
1786043685186886673,1786043685.186397498,/novatel/oem7/inspva,/novatel/oem7/inspva,/novatel/oem7/inspva,39.663,-75.756,-1.799880050,0.004055956,0.000142781,-0.003891851,-0.001142047,0.000142781,,novatel_oem7_msgs.msg.InertialSolutionStatus(status=3),
1786043685188134735,1786043685.186571024,/novatel/oem7/fix,/novatel/oem7/fix,/novatel/oem7/inspva,39.663,-75.756,-1.799880050,0.004055956,0.000142781,-0.003891851,-0.001142047,0.000142781,,0,
1786043685189133465,1786043685.187079779,/novatel/oem7/odom,/novatel/oem7/fix,/novatel/oem7/odom,39.663,-75.756,-1.799880050,0.004056461,0.000127632,-0.001324242,-0.003834222,0.000127632,,,
1786043685195245176,1786043685.194571433,/novatel/oem7/odom,/novatel/oem7/fix,/novatel/oem7/odom,39.663,-75.756,-1.799880050,0.004056461,0.000127632,-0.001324242,-0.003834222,0.000127632,,,
1786043685206785650,1786043685.206276635,/novatel/oem7/inspva,/novatel/oem7/inspva,/novatel/oem7/inspva,39.663,-75.756,-1.799863129,0.003614708,0.001849162,-0.003089853,-0.001875878,0.001849162,,novatel_oem7_msgs.msg.InertialSolutionStatus(status=3),
1786043685208071449,1786043685.206478327,/novatel/oem7/fix,/novatel/oem7/fix,/novatel/oem7/inspva,39.663,-75.756,-1.799863129,0.003614708,0.001849162,-0.003089853,-0.001875878,0.001849162,,0,
1786043685209069959,1786043685.206979979,/novatel/oem7/odom,/novatel/oem7/fix,/novatel/oem7/odom,39.663,-75.756,-1.799863129,0.003622622,0.001833609,-0.002025914,-0.003003176,0.001833609,,,
1786043685210857544,1786043685.210183874,/novatel/oem7/bestpos,/novatel/oem7/bestpos,/novatel/oem7/odom,39.663,-75.756,33.182490873,0.003622622,0.001833609,-0.002025914,-0.003003176,0.001833609,,novatel_oem7_msgs.msg.SolutionStatus(status=0),novatel_oem7_msgs.msg.PositionOrVelocityType(type=53)
1786043685212210450,1786043685.210495814,/novatel/oem7/bestvel,/novatel/oem7/bestpos,/novatel/oem7/bestvel,39.663,-75.756,33.182490873,0.003139866,0.001013111,,,,183.766734013,novatel_oem7_msgs.msg.SolutionStatus(status=0),novatel_oem7_msgs.msg.PositionOrVelocityType(type=53)
1786043685216163993,1786043685.215562370,/novatel/oem7/odom,/novatel/oem7/bestpos,/novatel/oem7/odom,39.663,-75.756,33.182490873,0.003622622,0.001833609,-0.002025914,-0.003003176,0.001833609,,,
1786043685225590726,1786043685.225081845,/novatel/oem7/inspva,/novatel/oem7/inspva,/novatel/oem7/inspva,39.663,-75.756,-1.799867317,0.003442249,0.000994069,-0.002286115,-0.002573472,0.000994069,,novatel_oem7_msgs.msg.InertialSolutionStatus(status=3),
1786043685226835045,1786043685.225263973,/novatel/oem7/fix,/novatel/oem7/fix,/novatel/oem7/inspva,39.663,-75.756,-1.799867317,0.003442249,0.000994069,-0.002286115,-0.002573472,0.000994069,,0,
1786043685227851872,1786043685.225745034,/novatel/oem7/odom,/novatel/oem7/fix,/novatel/oem7/odom,39.663,-75.756,-1.799867317,0.003446723,0.000978442,-0.002681743,-0.002165215,0.000978442,,,
1786043685235099474,1786043685.234462427,/novatel/oem7/odom,/novatel/oem7/fix,/novatel/oem7/odom,39.663,-75.756,-1.799867317,0.003446723,0.000978442,-0.002681743,-0.002165215,0.000978442,,,
1786043685246933647,1786043685.246435399,/novatel/oem7/inspva,/novatel/oem7/inspva,/novatel/oem7/inspva,39.663,-75.756,-1.799870181,0.003771277,-0.000328246,-0.002800452,-0.002525866,-0.000328246,,novatel_oem7_msgs.msg.InertialSolutionStatus(status=3),
1786043685248231470,1786043685.246652361,/novatel/oem7/fix,/novatel/oem7/fix,/novatel/oem7/inspva,39.663,-75.756,-1.799870181,0.003771277,-0.000328246,-0.002800452,-0.002525866,-0.000328246,,0,
1786043685249232253,1786043685.247165719,/novatel/oem7/odom,/novatel/oem7/fix,/novatel/oem7/odom,39.663,-75.756,-1.799870181,0.003769776,-0.000345058,-0.002653532,-0.002677682,-0.000345058,,,
1786043685256916099,1786043685.256276153,/novatel/oem7/odom,/novatel/oem7/fix,/novatel/oem7/odom,39.663,-75.756,-1.799870181,0.003769776,-0.000345058,-0.002653532,-0.002677682,-0.000345058,,,
1786043685265479984,1786043685.264967025,/novatel/oem7/inspva,/novatel/oem7/inspva,/novatel/oem7/inspva,39.663,-75.756,-1.799859983,0.003747183,-0.000113230,-0.003166049,-0.002004374,-0.000113230,,novatel_oem7_msgs.msg.InertialSolutionStatus(status=3),
1786043685266742183,1786043685.265188741,/novatel/oem7/fix,/novatel/oem7/fix,/novatel/oem7/inspva,39.663,-75.756,-1.799859983,0.003747183,-0.000113230,-0.003166049,-0.002004374,-0.000113230,,0,
1786043685267773673,1786043685.265699843,/novatel/oem7/odom,/novatel/oem7/fix,/novatel/oem7/odom,39.663,-75.756,-1.799859983,0.003746662,-0.000129328,-0.002150567,-0.003067986,-0.000129328,,,
1786043685276068702,1786043685.275452096,/novatel/oem7/odom,/novatel/oem7/fix,/novatel/oem7/odom,39.663,-75.756,-1.799859983,0.003746662,-0.000129328,-0.002150567,-0.003067986,-0.000129328,,,
1786043685285703910,1786043685.285204102,/novatel/oem7/inspva,/novatel/oem7/inspva,/novatel/oem7/inspva,39.663,-75.756,-1.799827765,0.003604119,0.002584664,-0.003249386,-0.001559220,0.002584664,,novatel_oem7_msgs.msg.InertialSolutionStatus(status=3),
1786043685286945800,1786043685.285364861,/novatel/oem7/fix,/novatel/oem7/fix,/novatel/oem7/inspva,39.663,-75.756,-1.799827765,0.003604119,0.002584664,-0.003249386,-0.001559220,0.002584664,,0,
1786043685287968403,1786043685.286012787,/novatel/oem7/odom,/novatel/oem7/fix,/novatel/oem7/odom,39.663,-75.756,-1.799827765,0.003614741,0.002569787,-0.001719776,-0.003179422,0.002569787,,,
1786043685295468054,1786043685.294846798,/novatel/oem7/odom,/novatel/oem7/fix,/novatel/oem7/odom,39.663,-75.756,-1.799827765,0.003614741,0.002569787,-0.001719776,-0.003179422,0.002569787,,,
1786043685306531640,1786043685.306018255,/novatel/oem7/inspva,/novatel/oem7/inspva,/novatel/oem7/inspva,39.663,-75.756,-1.799836412,0.003120485,0.001209757,-0.002323688,-0.002082762,0.001209757,,novatel_oem7_msgs.msg.InertialSolutionStatus(status=3),
1786043685307812229,1786043685.306175817,/novatel/oem7/fix,/novatel/oem7/fix,/novatel/oem7/inspva,39.663,-75.756,-1.799836412,0.003120485,0.001209757,-0.002323688,-0.002082762,0.001209757,,0,
1786043685308808333,1786043685.306658505,/novatel/oem7/odom,/novatel/oem7/fix,/novatel/oem7/odom,39.663,-75.756,-1.799836412,0.003125898,0.001195701,-0.002194135,-0.002226433,0.001195701,,,
1786043685310201210,1786043685.309396632,/novatel/oem7/bestpos,/novatel/oem7/bestpos,/novatel/oem7/odom,39.663,-75.756,33.182530645,0.003125898,0.001195701,-0.002194135,-0.002226433,0.001195701,,novatel_oem7_msgs.msg.SolutionStatus(status=0),novatel_oem7_msgs.msg.PositionOrVelocityType(type=53)
1786043685311538176,1786043685.310230833,/novatel/oem7/bestvel,/novatel/oem7/bestpos,/novatel/oem7/bestvel,39.663,-75.756,33.182530645,0.002498642,0.000663234,,,,206.891764303,novatel_oem7_msgs.msg.SolutionStatus(status=0),novatel_oem7_msgs.msg.PositionOrVelocityType(type=53)
1786043685315192819,1786043685.314532106,/novatel/oem7/odom,/novatel/oem7/bestpos,/novatel/oem7/odom,39.663,-75.756,33.182530645,0.003125898,0.001195701,-0.002194135,-0.002226433,0.001195701,,,
1786043685325685986,1786043685.325192908,/novatel/oem7/inspva,/novatel/oem7/inspva,/novatel/oem7/inspva,39.663,-75.756,-1.799848346,0.003799481,-0.000882620,-0.002246662,-0.003064077,-0.000882620,,novatel_oem7_msgs.msg.InertialSolutionStatus(status=3),
1786043685326926468,1786043685.325365817,/novatel/oem7/fix,/novatel/oem7/fix,/novatel/oem7/inspva,39.663,-75.756,-1.799848346,0.003799481,-0.000882620,-0.002246662,-0.003064077,-0.000882620,,0,
1786043685327957772,1786043685.325785157,/novatel/oem7/odom,/novatel/oem7/fix,/novatel/oem7/odom,39.663,-75.756,-1.799848346,0.003795464,-0.000899740,-0.003163087,-0.002097719,-0.000899740,,,
1786043685336304811,1786043685.335666225,/novatel/oem7/odom,/novatel/oem7/fix,/novatel/oem7/odom,39.663,-75.756,-1.799848346,0.003795464,-0.000899740,-0.003163087,-0.002097719,-0.000899740,,,
1786043685345485816,1786043685.344990484,/novatel/oem7/inspva,/novatel/oem7/inspva,/novatel/oem7/inspva,39.663,-75.756,-1.799836015,0.002832402,-0.000496612,-0.002276284,-0.001685537,-0.000496612,,novatel_oem7_msgs.msg.InertialSolutionStatus(status=3),
1786043685346744434,1786043685.345146175,/novatel/oem7/fix,/novatel/oem7/fix,/novatel/oem7/inspva,39.663,-75.756,-1.799836015,0.002832402,-0.000496612,-0.002276284,-0.001685537,-0.000496612,,0,
1786043685347791095,1786043685.345598273,/novatel/oem7/odom,/novatel/oem7/fix,/novatel/oem7/odom,39.663,-75.756,-1.799836015,0.002830193,-0.000509052,-0.001788871,-0.002193155,-0.000509052,,,
1786043685356254738,1786043685.355634539,/novatel/oem7/odom,/novatel/oem7/fix,/novatel/oem7/odom,39.663,-75.756,-1.799836015,0.002830193,-0.000509052,-0.001788871,-0.002193155,-0.000509052,,,
1786043685367142190,1786043685.366656031,/novatel/oem7/inspva,/novatel/oem7/inspva,/novatel/oem7/inspva,39.663,-75.756,-1.799804831,0.003920012,0.002335225,-0.003613632,-0.001519263,0.002335225,,novatel_oem7_msgs.msg.InertialSolutionStatus(status=3),
1786043685368456596,1786043685.366799460,/novatel/oem7/fix,/novatel/oem7/fix,/novatel/oem7/inspva,39.663,-75.756,-1.799804831,0.003920012,0.002335225,-0.003613632,-0.001519263,0.002335225,,0,
1786043685369453939,1786043685.367585037,/novatel/oem7/odom,/novatel/oem7/fix,/novatel/oem7/odom,39.663,-75.756,-1.799804831,0.003929399,0.002319395,-0.001696119,-0.003544483,0.002319395,,,
1786043685375711708,1786043685.375076168,/novatel/oem7/odom,/novatel/oem7/fix,/novatel/oem7/odom,39.663,-75.756,-1.799804831,0.003929399,0.002319395,-0.001696119,-0.003544483,0.002319395,,,
1786043685385674423,1786043685.385193241,/novatel/oem7/inspva,/novatel/oem7/inspva,/novatel/oem7/inspva,39.663,-75.756,-1.799810803,0.002594760,0.001722942,-0.002384958,-0.001022133,0.001722942,,novatel_oem7_msgs.msg.InertialSolutionStatus(status=3),
1786043685386925099,1786043685.385325356,/novatel/oem7/fix,/novatel/oem7/fix,/novatel/oem7/inspva,39.663,-75.756,-1.799810803,0.002594760,0.001722942,-0.002384958,-0.001022133,0.001722942,,0,
1786043685387952129,1786043685.385762230,/novatel/oem7/odom,/novatel/oem7/fix,/novatel/oem7/odom,39.663,-75.756,-1.799810803,0.002601697,0.001712449,-0.001139426,-0.002338918,0.001712449,,,
1786043685396191890,1786043685.395573884,/novatel/oem7/odom,/novatel/oem7/fix,/novatel/oem7/odom,39.663,-75.756,-1.799810803,0.002601697,0.001712449,-0.001139426,-0.002338918,0.001712449,,,
1786043685407276480,1786043685.406765655,/novatel/oem7/inspva,/novatel/oem7/inspva,/novatel/oem7/inspva,39.663,-75.756,-1.799822756,0.002888190,-0.000650556,-0.001989997,-0.002093216,-0.000650556,,novatel_oem7_msgs.msg.InertialSolutionStatus(status=3),
1786043685408547629,1786043685.406900546,/novatel/oem7/fix,/novatel/oem7/fix,/novatel/oem7/inspva,39.663,-75.756,-1.799822756,0.002888190,-0.000650556,-0.001989997,-0.002093216,-0.000650556,,0,
1786043685409549532,1786043685.407399391,/novatel/oem7/odom,/novatel/oem7/fix,/novatel/oem7/odom,39.663,-75.756,-1.799822756,0.002885212,-0.000663637,-0.002182071,-0.001887596,-0.000663637,,,
1786043685410945223,1786043685.410328593,/novatel/oem7/bestpos,/novatel/oem7/bestpos,/novatel/oem7/odom,39.663,-75.756,33.182556095,0.002885212,-0.000663637,-0.002182071,-0.001887596,-0.000663637,,novatel_oem7_msgs.msg.SolutionStatus(status=0),novatel_oem7_msgs.msg.PositionOrVelocityType(type=53)
1786043685412310173,1786043685.410790531,/novatel/oem7/bestvel,/novatel/oem7/bestpos,/novatel/oem7/bestvel,39.663,-75.756,33.182556095,0.002882769,-0.000698870,,,,209.282951960,novatel_oem7_msgs.msg.SolutionStatus(status=0),novatel_oem7_msgs.msg.PositionOrVelocityType(type=53)
1786043685415452614,1786043685.414822121,/novatel/oem7/odom,/novatel/oem7/bestpos,/novatel/oem7/odom,39.663,-75.756,33.182556095,0.002885212,-0.000663637,-0.002182071,-0.001887596,-0.000663637,,,
1786043685426676802,1786043685.426195590,/novatel/oem7/inspva,/novatel/oem7/inspva,/novatel/oem7/inspva,39.663,-75.756,-1.799813842,0.003069503,-0.000547224,-0.001840619,-0.002456414,-0.000547224,,novatel_oem7_msgs.msg.InertialSolutionStatus(status=3),
1786043685427964638,1786043685.426329135,/novatel/oem7/fix,/novatel/oem7/fix,/novatel/oem7/inspva,39.663,-75.756,-1.799813842,0.003069503,-0.000547224,-0.001840619,-0.002456414,-0.000547224,,0,
1786043685428954087,1786043685.426786230,/novatel/oem7/odom,/novatel/oem7/fix,/novatel/oem7/odom,39.663,-75.756,-1.799813842,0.003066997,-0.000561098,-0.002538217,-0.001721605,-0.000561098,,,
1786043685435307874,1786043685.434681631,/novatel/oem7/odom,/novatel/oem7/fix,/novatel/oem7/odom,39.663,-75.756,-1.799813842,0.003066997,-0.000561098,-0.002538217,-0.001721605,-0.000561098,,,
1786043685445845051,1786043685.445346726,/novatel/oem7/inspva,/novatel/oem7/inspva,/novatel/oem7/inspva,39.663,-75.756,-1.799789192,0.003603359,0.001456257,-0.003509577,-0.000816742,0.001456257,,novatel_oem7_msgs.msg.InertialSolutionStatus(status=3),
1786043685447111911,1786043685.445499941,/novatel/oem7/fix,/novatel/oem7/fix,/novatel/oem7/inspva,39.663,-75.756,-1.799789192,0.003603359,0.001456257,-0.003509577,-0.000816742,0.001456257,,0,
1786043685448154601,1786043685.446141821,/novatel/oem7/odom,/novatel/oem7/fix,/novatel/oem7/odom,39.663,-75.756,-1.799789192,0.003608598,0.001443225,-0.000986148,-0.003471238,0.001443225,,,
1786043685457158006,1786043685.456540497,/novatel/oem7/odom,/novatel/oem7/fix,/novatel/oem7/odom,39.663,-75.756,-1.799789192,0.003608598,0.001443225,-0.000986148,-0.003471238,0.001443225,,,
1786043685465740101,1786043685.465230913,/novatel/oem7/inspva,/novatel/oem7/inspva,/novatel/oem7/inspva,39.663,-75.756,-1.799780825,0.003292513,0.001817446,-0.002980296,-0.001399457,0.001817446,,novatel_oem7_msgs.msg.InertialSolutionStatus(status=3),
1786043685467001074,1786043685.465368204,/novatel/oem7/fix,/novatel/oem7/fix,/novatel/oem7/inspva,39.663,-75.756,-1.799780825,0.003292513,0.001817446,-0.002980296,-0.001399457,0.001817446,,0,
1786043685468030411,1786043685.465862986,/novatel/oem7/odom,/novatel/oem7/fix,/novatel/oem7/odom,39.663,-75.756,-1.799780825,0.003299972,0.001803868,-0.001544738,-0.002916093,0.001803868,,,
1786043685475066700,1786043685.474398881,/novatel/oem7/odom,/novatel/oem7/fix,/novatel/oem7/odom,39.663,-75.756,-1.799780825,0.003299972,0.001803868,-0.001544738,-0.002916093,0.001803868,,,
1786043685487005952,1786043685.486478923,/novatel/oem7/inspva,/novatel/oem7/inspva,/novatel/oem7/inspva,39.663,-75.756,-1.799790379,0.002966909,-0.000049819,-0.001152975,-0.002733715,-0.000049819,,novatel_oem7_msgs.msg.InertialSolutionStatus(status=3),
1786043685488260901,1786043685.486609145,/novatel/oem7/fix,/novatel/oem7/fix,/novatel/oem7/inspva,39.663,-75.756,-1.799790379,0.002966909,-0.000049819,-0.001152975,-0.002733715,-0.000049819,,0,
1786043685489265664,1786043685.487065899,/novatel/oem7/odom,/novatel/oem7/fix,/novatel/oem7/odom,39.663,-75.756,-1.799790379,0.002966662,-0.000062825,-0.002784708,-0.001022977,-0.000062825,,,
1786043685495507893,1786043685.494889193,/novatel/oem7/odom,/novatel/oem7/fix,/novatel/oem7/odom,39.663,-75.756,-1.799790379,0.002966662,-0.000062825,-0.002784708,-0.001022977,-0.000062825,,,
1786043685506357727,1786043685.505881715,/novatel/oem7/inspva,/novatel/oem7/inspva,/novatel/oem7/inspva,39.663,-75.756,-1.799785040,0.002730550,-0.000132596,-0.001562292,-0.002239453,-0.000132596,,novatel_oem7_msgs.msg.InertialSolutionStatus(status=3),
1786043685507631826,1786043685.506014816,/novatel/oem7/fix,/novatel/oem7/fix,/novatel/oem7/inspva,39.663,-75.756,-1.799785040,0.002730550,-0.000132596,-0.001562292,-0.002239453,-0.000132596,,0,
1786043685508631329,1786043685.506497571,/novatel/oem7/odom,/novatel/oem7/fix,/novatel/oem7/odom,39.663,-75.756,-1.799785040,0.002729920,-0.000144996,-0.002309932,-0.001454880,-0.000144996,,,
1786043685511663102,1786043685.511113424,/novatel/oem7/bestpos,/novatel/oem7/bestpos,/novatel/oem7/odom,39.663,-75.756,33.182592333,0.002729920,-0.000144996,-0.002309932,-0.001454880,-0.000144996,,novatel_oem7_msgs.msg.SolutionStatus(status=0),novatel_oem7_msgs.msg.PositionOrVelocityType(type=53)
1786043685512995642,1786043685.511493611,/novatel/oem7/bestvel,/novatel/oem7/bestpos,/novatel/oem7/bestvel,39.663,-75.756,33.182592333,0.002845360,0.000009936,,,,225.361208904,novatel_oem7_msgs.msg.SolutionStatus(status=0),novatel_oem7_msgs.msg.PositionOrVelocityType(type=53)
1786043685516041069,1786043685.515414543,/novatel/oem7/odom,/novatel/oem7/bestpos,/novatel/oem7/odom,39.663,-75.756,33.182592333,0.002729920,-0.000144996,-0.002309932,-0.001454880,-0.000144996,,,
1786043685525849643,1786043685.525369421,/novatel/oem7/inspva,/novatel/oem7/inspva,/novatel/oem7/inspva,39.663,-75.756,-1.799766591,0.003738251,0.000771687,-0.003349477,-0.001659976,0.000771687,,novatel_oem7_msgs.msg.InertialSolutionStatus(status=3),
1786043685527098868,1786043685.525520926,/novatel/oem7/fix,/novatel/oem7/fix,/novatel/oem7/inspva,39.663,-75.756,-1.799766591,0.003738251,0.000771687,-0.003349477,-0.001659976,0.000771687,,0,
1786043685528089075,1786043685.526134259,/novatel/oem7/odom,/novatel/oem7/fix,/novatel/oem7/odom,39.663,-75.756,-1.799766591,0.003741424,0.000756152,-0.001818496,-0.003269759,0.000756152,,,
1786043685535581262,1786043685.534931599,/novatel/oem7/odom,/novatel/oem7/fix,/novatel/oem7/odom,39.663,-75.756,-1.799766591,0.003741424,0.000756152,-0.001818496,-0.003269759,0.000756152,,,
1786043685546599301,1786043685.546105963,/novatel/oem7/inspva,/novatel/oem7/inspva,/novatel/oem7/inspva,39.663,-75.756,-1.799763677,0.003628324,0.000811461,-0.003485815,-0.001006893,0.000811461,,novatel_oem7_msgs.msg.InertialSolutionStatus(status=3),
1786043685547857097,1786043685.546245267,/novatel/oem7/fix,/novatel/oem7/fix,/novatel/oem7/inspva,39.663,-75.756,-1.799763677,0.003628324,0.000811461,-0.003485815,-0.001006893,0.000811461,,0,
1786043685548860983,1786043685.546813500,/novatel/oem7/odom,/novatel/oem7/fix,/novatel/oem7/odom,39.663,-75.756,-1.799763677,0.003631356,0.000797786,-0.001172684,-0.003436795,0.000797786,,,
1786043685556537673,1786043685.555898993,/novatel/oem7/odom,/novatel/oem7/fix,/novatel/oem7/odom,39.663,-75.756,-1.799763677,0.003631356,0.000797786,-0.001172684,-0.003436795,0.000797786,,,
1786043685565652490,1786043685.565134874,/novatel/oem7/inspva,/novatel/oem7/inspva,/novatel/oem7/inspva,39.663,-75.756,-1.799763788,0.002673272,0.000797269,-0.000994696,-0.002481322,0.000797269,,novatel_oem7_msgs.msg.InertialSolutionStatus(status=3),
1786043685566917446,1786043685.565270033,/novatel/oem7/fix,/novatel/oem7/fix,/novatel/oem7/inspva,39.663,-75.756,-1.799763788,0.002673272,0.000797269,-0.000994696,-0.002481322,0.000797269,,0,
1786043685567932436,1786043685.565810341,/novatel/oem7/odom,/novatel/oem7/fix,/novatel/oem7/odom,39.663,-75.756,-1.799763788,0.002676750,0.000785510,-0.002528299,-0.000879033,0.000785510,,,
1786043685576202714,1786043685.575576964,/novatel/oem7/odom,/novatel/oem7/fix,/novatel/oem7/odom,39.663,-75.756,-1.799763788,0.002676750,0.000785510,-0.002528299,-0.000879033,0.000785510,,,
1786043685585921397,1786043685.585444705,/novatel/oem7/inspva,/novatel/oem7/inspva,/novatel/oem7/inspva,39.663,-75.756,-1.799770860,0.002849461,0.000310307,-0.001194716,-0.002586906,0.000310307,,novatel_oem7_msgs.msg.InertialSolutionStatus(status=3),
1786043685587162162,1786043685.585576967,/novatel/oem7/fix,/novatel/oem7/fix,/novatel/oem7/inspva,39.663,-75.756,-1.799770860,0.002849461,0.000310307,-0.001194716,-0.002586906,0.000310307,,0,
1786043685588178652,1786043685.586060541,/novatel/oem7/odom,/novatel/oem7/fix,/novatel/oem7/odom,39.663,-75.756,-1.799770860,0.002850807,0.000297694,-0.002641355,-0.001072541,0.000297694,,,
1786043685595360097,1786043685.594540212,/novatel/oem7/odom,/novatel/oem7/fix,/novatel/oem7/odom,39.663,-75.756,-1.799770860,0.002850807,0.000297694,-0.002641355,-0.001072541,0.000297694,,,
1786043685607258001,1786043685.606655202,/novatel/oem7/inspva,/novatel/oem7/inspva,/novatel/oem7/inspva,39.663,-75.756,-1.799768256,0.003155425,-0.000413470,-0.002595412,-0.001794588,-0.000413470,,novatel_oem7_msgs.msg.InertialSolutionStatus(status=3),
1786043685608756093,1786043685.606790516,/novatel/oem7/fix,/novatel/oem7/fix,/novatel/oem7/inspva,39.663,-75.756,-1.799768256,0.003155425,-0.000413470,-0.002595412,-0.001794588,-0.000413470,,0,
1786043685609869664,1786043685.607253125,/novatel/oem7/odom,/novatel/oem7/fix,/novatel/oem7/odom,39.663,-75.756,-1.799768256,0.003153586,-0.000427269,-0.001913148,-0.002506984,-0.000427269,,,
1786043685611405349,1786043685.610030055,/novatel/oem7/bestpos,/novatel/oem7/bestpos,/novatel/oem7/odom,39.663,-75.756,33.182612871,0.003153586,-0.000427269,-0.001913148,-0.002506984,-0.000427269,,novatel_oem7_msgs.msg.SolutionStatus(status=0),novatel_oem7_msgs.msg.PositionOrVelocityType(type=53)
1786043685612384372,1786043685.610416156,/novatel/oem7/bestvel,/novatel/oem7/bestpos,/novatel/oem7/bestvel,39.663,-75.756,33.182612871,0.003856524,0.000144933,,,,224.548393734,novatel_oem7_msgs.msg.SolutionStatus(status=0),novatel_oem7_msgs.msg.PositionOrVelocityType(type=53)
1786043685615720108,1786043685.615010441,/novatel/oem7/odom,/novatel/oem7/bestpos,/novatel/oem7/odom,39.663,-75.756,33.182612871,0.003153586,-0.000427269,-0.001913148,-0.002506984,-0.000427269,,,
1786043685625761698,1786043685.625188065,/novatel/oem7/inspva,/novatel/oem7/inspva,/novatel/oem7/inspva,39.663,-75.756,-1.799758340,0.003181331,0.000519227,-0.002547722,-0.001905251,0.000519227,,novatel_oem7_msgs.msg.InertialSolutionStatus(status=3),
1786043685627207788,1786043685.625321617,/novatel/oem7/fix,/novatel/oem7/fix,/novatel/oem7/inspva,39.663,-75.756,-1.799758340,0.003181331,0.000519227,-0.002547722,-0.001905251,0.000519227,,0,
1786043685628352747,1786043685.625705713,/novatel/oem7/odom,/novatel/oem7/fix,/novatel/oem7/odom,39.663,-75.756,-1.799758340,0.003183605,0.000505093,-0.002024873,-0.002456671,0.000505093,,,
1786043685636329195,1786043685.635642536,/novatel/oem7/odom,/novatel/oem7/fix,/novatel/oem7/odom,39.663,-75.756,-1.799758340,0.003183605,0.000505093,-0.002024873,-0.002456671,0.000505093,,,
1786043685645913010,1786043685.645410278,/novatel/oem7/inspva,/novatel/oem7/inspva,/novatel/oem7/inspva,39.663,-75.756,-1.799743790,0.002016072,0.001970046,-0.001475825,-0.001373495,0.001970046,,novatel_oem7_msgs.msg.InertialSolutionStatus(status=3),
1786043685647294437,1786043685.645547920,/novatel/oem7/fix,/novatel/oem7/fix,/novatel/oem7/inspva,39.663,-75.756,-1.799743790,0.002016072,0.001970046,-0.001475825,-0.001373495,0.001970046,,0,
1786043685648388272,1786043685.646312834,/novatel/oem7/odom,/novatel/oem7/fix,/novatel/oem7/odom,39.663,-75.756,-1.799743790,0.002025005,0.001960862,-0.001448638,-0.001414954,0.001960862,,,
1786043685657596533,1786043685.656726767,/novatel/oem7/odom,/novatel/oem7/fix,/novatel/oem7/odom,39.663,-75.756,-1.799743790,0.002025005,0.001960862,-0.001448638,-0.001414954,0.001960862,,,
1786043685666925041,1786043685.666112443,/novatel/oem7/inspva,/novatel/oem7/inspva,/novatel/oem7/inspva,39.663,-75.756,-1.799739522,0.002723146,0.001675876,-0.001346210,-0.002367117,0.001675876,,novatel_oem7_msgs.msg.InertialSolutionStatus(status=3),
1786043685668338419,1786043685.666285111,/novatel/oem7/fix,/novatel/oem7/fix,/novatel/oem7/inspva,39.663,-75.756,-1.799739522,0.002723146,0.001675876,-0.001346210,-0.002367117,0.001675876,,0,
1786043685669536737,1786043685.666621625,/novatel/oem7/odom,/novatel/oem7/fix,/novatel/oem7/odom,39.663,-75.756,-1.799739522,0.002730753,0.001663452,-0.002434059,-0.001237888,0.001663452,,,
1786043685675349034,1786043685.674539736,/novatel/oem7/odom,/novatel/oem7/fix,/novatel/oem7/odom,39.663,-75.756,-1.799739522,0.002730753,0.001663452,-0.002434059,-0.001237888,0.001663452,,,
1786043685685931333,1786043685.685209723,/novatel/oem7/inspva,/novatel/oem7/inspva,/novatel/oem7/inspva,39.663,-75.756,-1.799745131,0.003562636,-0.001119029,-0.002037706,-0.002922350,-0.001119029,,novatel_oem7_msgs.msg.InertialSolutionStatus(status=3),
1786043685687381123,1786043685.685278287,/novatel/oem7/fix,/novatel/oem7/fix,/novatel/oem7/inspva,39.663,-75.756,-1.799745131,0.003562636,-0.001119029,-0.002037706,-0.002922350,-0.001119029,,0,
1786043685688458114,1786043685.686031424,/novatel/oem7/odom,/novatel/oem7/fix,/novatel/oem7/odom,39.663,-75.756,-1.799745131,0.003557512,-0.001135215,-0.003010854,-0.001894900,-0.001135215,,,
1786043685696217281,1786043685.695401700,/novatel/oem7/odom,/novatel/oem7/fix,/novatel/oem7/odom,39.663,-75.756,-1.799745131,0.003557512,-0.001135215,-0.003010854,-0.001894900,-0.001135215,,,
1786043685706607271,1786043685.705808746,/novatel/oem7/inspva,/novatel/oem7/inspva,/novatel/oem7/inspva,39.663,-75.756,-1.799723849,0.002923510,0.000207464,-0.002428941,-0.001627008,0.000207464,,novatel_oem7_msgs.msg.InertialSolutionStatus(status=3),
1786043685708072958,1786043685.705993118,/novatel/oem7/fix,/novatel/oem7/fix,/novatel/oem7/inspva,39.663,-75.756,-1.799723849,0.002923510,0.000207464,-0.002428941,-0.001627008,0.000207464,,0,
1786043685709286850,1786043685.706402679,/novatel/oem7/odom,/novatel/oem7/fix,/novatel/oem7/odom,39.663,-75.756,-1.799723849,0.002924391,0.000194647,-0.001740237,-0.002350242,0.000194647,,,
1786043685711080015,1786043685.709182289,/novatel/oem7/bestpos,/novatel/oem7/bestpos,/novatel/oem7/odom,39.663,-75.756,33.182643488,0.002924391,0.000194647,-0.001740237,-0.002350242,0.000194647,,novatel_oem7_msgs.msg.SolutionStatus(status=0),novatel_oem7_msgs.msg.PositionOrVelocityType(type=53)
1786043685712066385,1786043685.709565363,/novatel/oem7/bestvel,/novatel/oem7/bestpos,/novatel/oem7/bestvel,39.663,-75.756,33.182643488,0.003069032,0.000326198,,,,215.138836446,novatel_oem7_msgs.msg.SolutionStatus(status=0),novatel_oem7_msgs.msg.PositionOrVelocityType(type=53)
1786043685715125478,1786043685.714363504,/novatel/oem7/odom,/novatel/oem7/bestpos,/novatel/oem7/odom,39.663,-75.756,33.182643488,0.002924391,0.000194647,-0.001740237,-0.002350242,0.000194647,,,
1786043685727229968,1786043685.726415660,/novatel/oem7/inspva,/novatel/oem7/inspva,/novatel/oem7/inspva,39.663,-75.756,-1.799695759,0.002012799,0.002609444,-0.001522903,-0.001316102,0.002609444,,novatel_oem7_msgs.msg.InertialSolutionStatus(status=3),
1786043685728728619,1786043685.726525862,/novatel/oem7/fix,/novatel/oem7/fix,/novatel/oem7/inspva,39.663,-75.756,-1.799695759,0.002012799,0.002609444,-0.001522903,-0.001316102,0.002609444,,0,
1786043685729869131,1786043685.726989539,/novatel/oem7/odom,/novatel/oem7/fix,/novatel/oem7/odom,39.663,-75.756,-1.799695759,0.002024681,0.002600235,-0.001396057,-0.001466410,0.002600235,,,
1786043685735793612,1786043685.734963948,/novatel/oem7/odom,/novatel/oem7/fix,/novatel/oem7/odom,39.663,-75.756,-1.799695759,0.002024681,0.002600235,-0.001396057,-0.001466410,0.002600235,,,
1786043685745686010,1786043685.744940008,/novatel/oem7/inspva,/novatel/oem7/inspva,/novatel/oem7/inspva,39.663,-75.756,-1.799696956,0.001892954,0.001779965,-0.001317288,-0.001359421,0.001779965,,novatel_oem7_msgs.msg.InertialSolutionStatus(status=3),
1786043685747063158,1786043685.744999501,/novatel/oem7/fix,/novatel/oem7/fix,/novatel/oem7/inspva,39.663,-75.756,-1.799696956,0.001892954,0.001779965,-0.001317288,-0.001359421,0.001779965,,0,
1786043685748114268,1786043685.745391374,/novatel/oem7/odom,/novatel/oem7/fix,/novatel/oem7/odom,39.663,-75.756,-1.799696956,0.001901110,0.001771251,-0.001426474,-0.001256738,0.001771251,,,
1786043685756533167,1786043685.755683083,/novatel/oem7/odom,/novatel/oem7/fix,/novatel/oem7/odom,39.663,-75.756,-1.799696956,0.001901110,0.001771251,-0.001426474,-0.001256738,0.001771251,,,
1786043685767415302,1786043685.766601824,/novatel/oem7/inspva,/novatel/oem7/inspva,/novatel/oem7/inspva,39.663,-75.756,-1.799705845,0.002305849,-0.000828637,-0.000921612,-0.002113663,-0.000828637,,novatel_oem7_msgs.msg.InertialSolutionStatus(status=3),
1786043685768959670,1786043685.766746142,/novatel/oem7/fix,/novatel/oem7/fix,/novatel/oem7/inspva,39.663,-75.756,-1.799705845,0.002305849,-0.000828637,-0.000921612,-0.002113663,-0.000828637,,0,
1786043685770069921,1786043685.767151649,/novatel/oem7/odom,/novatel/oem7/fix,/novatel/oem7/odom,39.663,-75.756,-1.799705845,0.002302164,-0.000838819,-0.002151613,-0.000818856,-0.000838819,,,
1786043685775734721,1786043685.774928683,/novatel/oem7/odom,/novatel/oem7/fix,/novatel/oem7/odom,39.663,-75.756,-1.799705845,0.002302164,-0.000838819,-0.002151613,-0.000818856,-0.000838819,,,
1786043685786792397,1786043685.786011293,/novatel/oem7/inspva,/novatel/oem7/inspva,/novatel/oem7/inspva,39.663,-75.756,-1.799694273,0.002606951,-0.000719223,-0.001753751,-0.001928872,-0.000719223,,novatel_oem7_msgs.msg.InertialSolutionStatus(status=3),
1786043685788238751,1786043685.786150620,/novatel/oem7/fix,/novatel/oem7/fix,/novatel/oem7/inspva,39.663,-75.756,-1.799694273,0.002606951,-0.000719223,-0.001753751,-0.001928872,-0.000719223,,0,
1786043685789333272,1786043685.786520098,/novatel/oem7/odom,/novatel/oem7/fix,/novatel/oem7/odom,39.663,-75.756,-1.799694273,0.002603639,-0.000731121,-0.002006610,-0.001659052,-0.000731121,,,
1786043685796196610,1786043685.795363912,/novatel/oem7/odom,/novatel/oem7/fix,/novatel/oem7/odom,39.663,-75.756,-1.799694273,0.002603639,-0.000731121,-0.002006610,-0.001659052,-0.000731121,,,
1786043685807104508,1786043685.806373642,/novatel/oem7/inspva,/novatel/oem7/inspva,/novatel/oem7/inspva,39.663,-75.756,-1.799660672,0.002134872,0.002654257,-0.001976296,-0.000807424,0.002654257,,novatel_oem7_msgs.msg.InertialSolutionStatus(status=3),
1786043685808639737,1786043685.806445772,/novatel/oem7/fix,/novatel/oem7/fix,/novatel/oem7/inspva,39.663,-75.756,-1.799660672,0.002134872,0.002654257,-0.001976296,-0.000807424,0.002654257,,0,
1786043685809848535,1786043685.807071034,/novatel/oem7/odom,/novatel/oem7/fix,/novatel/oem7/odom,39.663,-75.756,-1.799660672,0.002145586,0.002645604,-0.000909385,-0.001943337,0.002645604,,,
1786043685811564356,1786043685.810207886,/novatel/oem7/bestpos,/novatel/oem7/bestpos,/novatel/oem7/odom,39.663,-75.756,33.182698126,0.002145586,0.002645604,-0.000909385,-0.001943337,0.002645604,,novatel_oem7_msgs.msg.SolutionStatus(status=0),novatel_oem7_msgs.msg.PositionOrVelocityType(type=53)
1786043685812547132,1786043685.810520578,/novatel/oem7/bestvel,/novatel/oem7/bestpos,/novatel/oem7/bestvel,39.663,-75.756,33.182698126,0.001695978,0.002281245,,,,196.295695337,novatel_oem7_msgs.msg.SolutionStatus(status=0),novatel_oem7_msgs.msg.PositionOrVelocityType(type=53)
1786043685815618032,1786043685.814819471,/novatel/oem7/odom,/novatel/oem7/bestpos,/novatel/oem7/odom,39.663,-75.756,33.182698126,0.002145586,0.002645604,-0.000909385,-0.001943337,0.002645604,,,
1786043685826885170,1786043685.826069655,/novatel/oem7/inspva,/novatel/oem7/inspva,/novatel/oem7/inspva,39.663,-75.756,-1.799653910,0.001897822,0.002496546,-0.001392028,-0.001289955,0.002496546,,novatel_oem7_msgs.msg.InertialSolutionStatus(status=3),
1786043685828372895,1786043685.826256217,/novatel/oem7/fix,/novatel/oem7/fix,/novatel/oem7/inspva,39.663,-75.756,-1.799653910,0.001897822,0.002496546,-0.001392028,-0.001289955,0.002496546,,0,
1786043685829550787,1786043685.826708742,/novatel/oem7/odom,/novatel/oem7/fix,/novatel/oem7/odom,39.663,-75.756,-1.799653910,0.001909225,0.002487836,-0.001363360,-0.001336559,0.002487836,,,
1786043685835368794,1786043685.834580759,/novatel/oem7/odom,/novatel/oem7/fix,/novatel/oem7/odom,39.663,-75.756,-1.799653910,0.001909225,0.002487836,-0.001363360,-0.001336559,0.002487836,,,
1786043685846004699,1786043685.845305469,/novatel/oem7/inspva,/novatel/oem7/inspva,/novatel/oem7/inspva,39.663,-75.756,-1.799655515,0.002292990,-0.000083588,-0.000035766,-0.002292711,-0.000083588,,novatel_oem7_msgs.msg.InertialSolutionStatus(status=3),
1786043685847460994,1786043685.845511374,/novatel/oem7/fix,/novatel/oem7/fix,/novatel/oem7/inspva,39.663,-75.756,-1.799655515,0.002292990,-0.000083588,-0.000035766,-0.002292711,-0.000083588,,0,
1786043685848554054,1786043685.846110317,/novatel/oem7/odom,/novatel/oem7/fix,/novatel/oem7/odom,39.663,-75.756,-1.799655515,0.002292672,-0.000091877,-0.002291528,0.000072442,-0.000091877,,,
1786043685857078476,1786043685.856267788,/novatel/oem7/odom,/novatel/oem7/fix,/novatel/oem7/odom,39.663,-75.756,-1.799655515,0.002292672,-0.000091877,-0.002291528,0.000072442,-0.000091877,,,
1786043685865816572,1786043685.865031007,/novatel/oem7/inspva,/novatel/oem7/inspva,/novatel/oem7/inspva,39.663,-75.756,-1.799647018,0.002088927,-0.000097524,-0.000771445,-0.001941259,-0.000097524,,novatel_oem7_msgs.msg.InertialSolutionStatus(status=3),
1786043685867285597,1786043685.865226639,/novatel/oem7/fix,/novatel/oem7/fix,/novatel/oem7/inspva,39.663,-75.756,-1.799647018,0.002088927,-0.000097524,-0.000771445,-0.001941259,-0.000097524,,0,
1786043685868456938,1786043685.865616896,/novatel/oem7/odom,/novatel/oem7/fix,/novatel/oem7/odom,39.663,-75.756,-1.799647018,0.002088479,-0.000106679,-0.001975042,-0.000678937,-0.000106679,,,
1786043685875222355,1786043685.874451428,/novatel/oem7/odom,/novatel/oem7/fix,/novatel/oem7/odom,39.663,-75.756,-1.799647018,0.002088479,-0.000106679,-0.001975042,-0.000678937,-0.000106679,,,
1786043685887228054,1786043685.886511421,/novatel/oem7/inspva,/novatel/oem7/inspva,/novatel/oem7/inspva,39.663,-75.756,-1.799616854,0.002500480,0.001899246,-0.002493072,-0.000192335,0.001899246,,novatel_oem7_msgs.msg.InertialSolutionStatus(status=3),
1786043685888767089,1786043685.886578483,/novatel/oem7/fix,/novatel/oem7/fix,/novatel/oem7/inspva,39.663,-75.756,-1.799616854,0.002500480,0.001899246,-0.002493072,-0.000192335,0.001899246,,0,
1786043685889895773,1786043685.887077252,/novatel/oem7/odom,/novatel/oem7/fix,/novatel/oem7/odom,39.663,-75.756,-1.799616854,0.002506526,0.001891260,-0.000316507,-0.002486462,0.001891260,,,
1786043685895519339,1786043685.894670704,/novatel/oem7/odom,/novatel/oem7/fix,/novatel/oem7/odom,39.663,-75.756,-1.799616854,0.002506526,0.001891260,-0.000316507,-0.002486462,0.001891260,,,
1786043685906572925,1786043685.905842284,/novatel/oem7/inspva,/novatel/oem7/inspva,/novatel/oem7/inspva,39.663,-75.756,-1.799598354,0.001760909,0.002772996,-0.001619108,-0.000692306,0.002772996,,novatel_oem7_msgs.msg.InertialSolutionStatus(status=3),
1786043685908039353,1786043685.906018163,/novatel/oem7/fix,/novatel/oem7/fix,/novatel/oem7/inspva,39.663,-75.756,-1.799598354,0.001760909,0.002772996,-0.001619108,-0.000692306,0.002772996,,0,
1786043685909137947,1786043685.906486431,/novatel/oem7/odom,/novatel/oem7/fix,/novatel/oem7/odom,39.663,-75.756,-1.799598354,0.001772209,0.002765787,-0.000778080,-0.001592268,0.002765787,,,
1786043685910814520,1786043685.909472330,/novatel/oem7/bestpos,/novatel/oem7/bestpos,/novatel/oem7/odom,39.663,-75.756,33.182761220,0.001772209,0.002765787,-0.000778080,-0.001592268,0.002765787,,novatel_oem7_msgs.msg.SolutionStatus(status=0),novatel_oem7_msgs.msg.PositionOrVelocityType(type=53)
1786043685912278165,1786043685.910274773,/novatel/oem7/bestvel,/novatel/oem7/bestpos,/novatel/oem7/bestvel,39.663,-75.756,33.182761220,0.001672061,0.002618574,,,,193.257460598,novatel_oem7_msgs.msg.SolutionStatus(status=0),novatel_oem7_msgs.msg.PositionOrVelocityType(type=53)
1786043685915952271,1786043685.915169217,/novatel/oem7/odom,/novatel/oem7/bestpos,/novatel/oem7/odom,39.663,-75.756,33.182761220,0.001772209,0.002765787,-0.000778080,-0.001592268,0.002765787,,,
1786043685926051051,1786043685.925245313,/novatel/oem7/inspva,/novatel/oem7/inspva,/novatel/oem7/inspva,39.663,-75.756,-1.799600859,0.002319605,0.000224937,0.000238408,-0.002307321,0.000224937,,novatel_oem7_msgs.msg.InertialSolutionStatus(status=3),
1786043685927604133,1786043685.925492605,/novatel/oem7/fix,/novatel/oem7/fix,/novatel/oem7/inspva,39.663,-75.756,-1.799600859,0.002319605,0.000224937,0.000238408,-0.002307321,0.000224937,,0,
1786043685928810718,1786043685.925984497,/novatel/oem7/odom,/novatel/oem7/fix,/novatel/oem7/odom,39.663,-75.756,-1.799600859,0.002320330,0.000217336,-0.002294365,0.000346153,0.000217336,,,
1786043685935611106,1786043685.934877575,/novatel/oem7/odom,/novatel/oem7/fix,/novatel/oem7/odom,39.663,-75.756,-1.799600859,0.002320330,0.000217336,-0.002294365,0.000346153,0.000217336,,,
1786043685946845034,1786043685.946119500,/novatel/oem7/inspva,/novatel/oem7/inspva,/novatel/oem7/inspva,39.663,-75.756,-1.799589931,0.001430840,0.000123785,-0.000070702,-0.001429092,0.000123785,,novatel_oem7_msgs.msg.InertialSolutionStatus(status=3),
1786043685948209250,1786043685.946343805,/novatel/oem7/fix,/novatel/oem7/fix,/novatel/oem7/inspva,39.663,-75.756,-1.799589931,0.001430840,0.000123785,-0.000070702,-0.001429092,0.000123785,,0,
1786043685949331588,1786043685.946746539,/novatel/oem7/odom,/novatel/oem7/fix,/novatel/oem7/odom,39.663,-75.756,-1.799589931,0.001431287,0.000118509,-0.001431282,-0.000003676,0.000118509,,,
1786043685956500299,1786043685.955786198,/novatel/oem7/odom,/novatel/oem7/fix,/novatel/oem7/odom,39.663,-75.756,-1.799589931,0.001431287,0.000118509,-0.001431282,-0.000003676,0.000118509,,,
1786043685965975893,1786043685.965220799,/novatel/oem7/inspva,/novatel/oem7/inspva,/novatel/oem7/inspva,39.663,-75.756,-1.799566993,0.002260157,0.001145611,-0.002216554,0.000441813,0.001145611,,novatel_oem7_msgs.msg.InertialSolutionStatus(status=3),
1786043685967456764,1786043685.965455938,/novatel/oem7/fix,/novatel/oem7/fix,/novatel/oem7/inspva,39.663,-75.756,-1.799566993,0.002260157,0.001145611,-0.002216554,0.000441813,0.001145611,,0,
1786043685968599909,1786043685.965793494,/novatel/oem7/odom,/novatel/oem7/fix,/novatel/oem7/odom,39.663,-75.756,-1.799566993,0.002262643,0.001140695,0.000332711,-0.002238047,0.001140695,,,
1786043685976124479,1786043685.975437706,/novatel/oem7/odom,/novatel/oem7/fix,/novatel/oem7/odom,39.663,-75.756,-1.799566993,0.002262643,0.001140695,0.000332711,-0.002238047,0.001140695,,,
1786043685985727124,1786043685.984973287,/novatel/oem7/inspva,/novatel/oem7/inspva,/novatel/oem7/inspva,39.663,-75.756,-1.799541136,0.001694714,0.001935535,-0.001429438,-0.000910364,0.001935535,,novatel_oem7_msgs.msg.InertialSolutionStatus(status=3),
1786043685987205206,1786043685.985195679,/novatel/oem7/fix,/novatel/oem7/fix,/novatel/oem7/inspva,39.663,-75.756,-1.799541136,0.001694714,0.001935535,-0.001429438,-0.000910364,0.001935535,,0,
1786043685988297177,1786043685.985642550,/novatel/oem7/odom,/novatel/oem7/fix,/novatel/oem7/odom,39.663,-75.756,-1.799541136,0.001703152,0.001928115,-0.000983840,-0.001390246,0.001928115,,,
1786043685995081174,1786043685.994414160,/novatel/oem7/odom,/novatel/oem7/fix,/novatel/oem7/odom,39.663,-75.756,-1.799541136,0.001703152,0.001928115,-0.000983840,-0.001390246,0.001928115,,,
1786043686009145600,1786043686.008441303,/novatel/oem7/inspva,/novatel/oem7/inspva,/novatel/oem7/inspva,39.663,-75.756,-1.799529986,0.001466905,0.001602968,0.000365196,-0.001420719,0.001602968,,novatel_oem7_msgs.msg.InertialSolutionStatus(status=3),
1786043686010592917,1786043686.008632981,/novatel/oem7/fix,/novatel/oem7/fix,/novatel/oem7/inspva,39.663,-75.756,-1.799529986,0.001466905,0.001602968,0.000365196,-0.001420719,0.001602968,,0,
1786043686012442549,1786043686.011473103,/novatel/oem7/odom,/novatel/oem7/fix,/novatel/oem7/odom,39.663,-75.756,-1.799529986,0.001471340,0.001598898,-0.001407910,0.000427355,0.001598898,,,
1786043686016698121,1786043686.015882927,/novatel/oem7/odom,/novatel/oem7/fix,/novatel/oem7/odom,39.663,-75.756,-1.799529986,0.001471340,0.001598898,-0.001407910,0.000427355,0.001598898,,,
1786043686026104191,1786043686.025400374,/novatel/oem7/bestpos,/novatel/oem7/bestpos,/novatel/oem7/odom,39.663,-75.756,33.182838404,0.001471340,0.001598898,-0.001407910,0.000427355,0.001598898,,novatel_oem7_msgs.msg.SolutionStatus(status=0),novatel_oem7_msgs.msg.PositionOrVelocityType(type=53)
1786043686028030643,1786043686.026608019,/novatel/oem7/bestvel,/novatel/oem7/bestpos,/novatel/oem7/bestvel,39.663,-75.756,33.182838404,0.000901937,0.001367570,,,,287.572742754,novatel_oem7_msgs.msg.SolutionStatus(status=0),novatel_oem7_msgs.msg.PositionOrVelocityType(type=53)
1786043686029105430,1786043686.027122111,/novatel/oem7/inspva,/novatel/oem7/inspva,/novatel/oem7/inspva,39.663,-75.756,-1.799521924,0.000959724,0.000710171,0.000037621,-0.000958986,0.000710171,,novatel_oem7_msgs.msg.InertialSolutionStatus(status=3),
1786043686030014169,1786043686.027345910,/novatel/oem7/fix,/novatel/oem7/fix,/novatel/oem7/inspva,39.663,-75.756,-1.799521924,0.000959724,0.000710171,0.000037621,-0.000958986,0.000710171,,0,
1786043686031772120,1786043686.027674541,/novatel/oem7/odom,/novatel/oem7/fix,/novatel/oem7/odom,39.663,-75.756,-1.799521924,0.000962192,0.000706823,-0.000958792,0.000080817,0.000706823,,,
1786043686035351299,1786043686.034673335,/novatel/oem7/odom,/novatel/oem7/fix,/novatel/oem7/odom,39.663,-75.756,-1.799521924,0.000962192,0.000706823,-0.000958792,0.000080817,0.000706823,,,
1786043686046136299,1786043686.045415352,/novatel/oem7/inspva,/novatel/oem7/inspva,/novatel/oem7/inspva,39.663,-75.756,-1.799540280,0.001700594,-0.000003565,-0.001508815,-0.000784537,-0.000003565,,novatel_oem7_msgs.msg.InertialSolutionStatus(status=3),
1786043686047821752,1786043686.045639811,/novatel/oem7/fix,/novatel/oem7/fix,/novatel/oem7/inspva,39.663,-75.756,-1.799540280,0.001700594,-0.000003565,-0.001508815,-0.000784537,-0.000003565,,0,
1786043686048946257,1786043686.046498176,/novatel/oem7/odom,/novatel/oem7/fix,/novatel/oem7/odom,39.663,-75.756,-1.799540280,0.001700564,-0.000010744,-0.000854717,-0.001470162,-0.000010744,,,
1786043686057176661,1786043686.056372137,/novatel/oem7/odom,/novatel/oem7/fix,/novatel/oem7/odom,39.663,-75.756,-1.799540280,0.001700564,-0.000010744,-0.000854717,-0.001470162,-0.000010744,,,
1786043686067242805,1786043686.066485453,/novatel/oem7/inspva,/novatel/oem7/inspva,/novatel/oem7/inspva,39.663,-75.756,-1.799549749,0.001324930,0.000814568,-0.001308118,-0.000210399,0.000814568,,novatel_oem7_msgs.msg.InertialSolutionStatus(status=3),
1786043686068690172,1786043686.066690285,/novatel/oem7/fix,/novatel/oem7/fix,/novatel/oem7/inspva,39.663,-75.756,-1.799549749,0.001324930,0.000814568,-0.001308118,-0.000210399,0.000814568,,0,
1786043686069893037,1786043686.067087773,/novatel/oem7/odom,/novatel/oem7/fix,/novatel/oem7/odom,39.663,-75.756,-1.799549749,0.001327707,0.000810034,-0.000274785,-0.001298961,0.000810034,,,
1786043686075275950,1786043686.074546337,/novatel/oem7/odom,/novatel/oem7/fix,/novatel/oem7/odom,39.663,-75.756,-1.799549749,0.001327707,0.000810034,-0.000274785,-0.001298961,0.000810034,,,
1786043686086001453,1786043686.085409248,/novatel/oem7/inspva,/novatel/oem7/inspva,/novatel/oem7/inspva,39.663,-75.756,-1.799554104,0.001023279,0.002502544,-0.000076322,-0.001020429,0.002502544,,novatel_oem7_msgs.msg.InertialSolutionStatus(status=3),
1786043686087401180,1786043686.085597462,/novatel/oem7/fix,/novatel/oem7/fix,/novatel/oem7/inspva,39.663,-75.756,-1.799554104,0.001023279,0.002502544,-0.000076322,-0.001020429,0.002502544,,0,
1786043686088445161,1786043686.086171592,/novatel/oem7/odom,/novatel/oem7/fix,/novatel/oem7/odom,39.663,-75.756,-1.799554104,0.001032898,0.002498589,-0.001032306,-0.000034978,0.002498589,,,
1786043686096385819,1786043686.095713306,/novatel/oem7/odom,/novatel/oem7/fix,/novatel/oem7/odom,39.663,-75.756,-1.799554104,0.001032898,0.002498589,-0.001032306,-0.000034978,0.002498589,,,
1786043686106397225,1786043686.105844820,/novatel/oem7/inspva,/novatel/oem7/inspva,/novatel/oem7/inspva,39.663,-75.756,-1.799594450,0.001159139,0.000942845,0.000178630,-0.001145293,0.000942845,,novatel_oem7_msgs.msg.InertialSolutionStatus(status=3),
1786043686107791102,1786043686.106006374,/novatel/oem7/fix,/novatel/oem7/fix,/novatel/oem7/inspva,39.663,-75.756,-1.799594450,0.001159139,0.000942845,0.000178630,-0.001145293,0.000942845,,0,
1786043686108805742,1786043686.106455559,/novatel/oem7/odom,/novatel/oem7/fix,/novatel/oem7/odom,39.663,-75.756,-1.799594450,0.001162086,0.000939211,-0.001139138,0.000229802,0.000939211,,,
1786043686110576556,1786043686.109325954,/novatel/oem7/bestpos,/novatel/oem7/bestpos,/novatel/oem7/odom,39.663,-75.756,33.182722894,0.001162086,0.000939211,-0.001139138,0.000229802,0.000939211,,novatel_oem7_msgs.msg.SolutionStatus(status=0),novatel_oem7_msgs.msg.PositionOrVelocityType(type=53)
1786043686112055471,1786043686.109989961,/novatel/oem7/bestvel,/novatel/oem7/bestpos,/novatel/oem7/bestvel,39.663,-75.756,33.182722894,0.000640714,0.000073238,,,,1.914227494,novatel_oem7_msgs.msg.SolutionStatus(status=0),novatel_oem7_msgs.msg.PositionOrVelocityType(type=53)
1786043686115225066,1786043686.114518612,/novatel/oem7/odom,/novatel/oem7/bestpos,/novatel/oem7/odom,39.663,-75.756,33.182722894,0.001162086,0.000939211,-0.001139138,0.000229802,0.000939211,,,
1786043686127355076,1786043686.126701606,/novatel/oem7/inspva,/novatel/oem7/inspva,/novatel/oem7/inspva,39.663,-75.756,-1.799630067,0.001039016,-0.000913746,-0.000513117,-0.000903474,-0.000913746,,novatel_oem7_msgs.msg.InertialSolutionStatus(status=3),
1786043686128721563,1786043686.126856567,/novatel/oem7/fix,/novatel/oem7/fix,/novatel/oem7/inspva,39.663,-75.756,-1.799630067,0.001039016,-0.000913746,-0.000513117,-0.000903474,-0.000913746,,0,
1786043686129746009,1786043686.127342225,/novatel/oem7/odom,/novatel/oem7/fix,/novatel/oem7/odom,39.663,-75.756,-1.799630067,0.001034871,-0.000918437,-0.000923255,-0.000467503,-0.000918437,,,
1786043686135852093,1786043686.135129259,/novatel/oem7/odom,/novatel/oem7/fix,/novatel/oem7/odom,39.663,-75.756,-1.799630067,0.001034871,-0.000918437,-0.000923255,-0.000467503,-0.000918437,,,
1786043686145561489,1786043686.144922856,/novatel/oem7/inspva,/novatel/oem7/inspva,/novatel/oem7/inspva,39.663,-75.756,-1.799640835,0.001219713,0.000388856,-0.000753722,-0.000958959,0.000388856,,novatel_oem7_msgs.msg.InertialSolutionStatus(status=3),
1786043686146841375,1786043686.145034987,/novatel/oem7/fix,/novatel/oem7/fix,/novatel/oem7/inspva,39.663,-75.756,-1.799640835,0.001219713,0.000388856,-0.000753722,-0.000958959,0.000388856,,0,
1786043686147875138,1786043686.145560869,/novatel/oem7/odom,/novatel/oem7/fix,/novatel/oem7/odom,39.663,-75.756,-1.799640835,0.001221485,0.000383252,-0.000994818,-0.000708777,0.000383252,,,
1786043686156673506,1786043686.156028399,/novatel/oem7/odom,/novatel/oem7/fix,/novatel/oem7/odom,39.663,-75.756,-1.799640835,0.001221485,0.000383252,-0.000994818,-0.000708777,0.000383252,,,
1786043686165865180,1786043686.165359621,/novatel/oem7/inspva,/novatel/oem7/inspva,/novatel/oem7/inspva,39.663,-75.756,-1.799645130,0.000842703,0.001968918,-0.000842385,0.000023127,0.001968918,,novatel_oem7_msgs.msg.InertialSolutionStatus(status=3),
1786043686167134653,1786043686.165580767,/novatel/oem7/fix,/novatel/oem7/fix,/novatel/oem7/inspva,39.663,-75.756,-1.799645130,0.000842703,0.001968918,-0.000842385,0.000023127,0.001968918,,0,
1786043686168141356,1786043686.166112309,/novatel/oem7/odom,/novatel/oem7/fix,/novatel/oem7/odom,39.663,-75.756,-1.799645130,0.000848259,0.001966531,-0.000023881,-0.000847923,0.001966531,,,
1786043686175533346,1786043686.174880706,/novatel/oem7/odom,/novatel/oem7/fix,/novatel/oem7/odom,39.663,-75.756,-1.799645130,0.000848259,0.001966531,-0.000023881,-0.000847923,0.001966531,,,
1786043686186574131,1786043686.186065123,/novatel/oem7/inspva,/novatel/oem7/inspva,/novatel/oem7/inspva,39.663,-75.756,-1.799678294,0.000702828,0.001624775,-0.000298303,-0.000636383,0.001624775,,novatel_oem7_msgs.msg.InertialSolutionStatus(status=3),
1786043686187829511,1786043686.186273112,/novatel/oem7/fix,/novatel/oem7/fix,/novatel/oem7/inspva,39.663,-75.756,-1.799678294,0.000702828,0.001624775,-0.000298303,-0.000636383,0.001624775,,0,
1786043686188836434,1786043686.186772310,/novatel/oem7/odom,/novatel/oem7/fix,/novatel/oem7/odom,39.663,-75.756,-1.799678294,0.000710125,0.001621599,-0.000655781,-0.000272449,0.001621599,,,
1786043686194975921,1786043686.194333948,/novatel/oem7/odom,/novatel/oem7/fix,/novatel/oem7/odom,39.663,-75.756,-1.799678294,0.000710125,0.001621599,-0.000655781,-0.000272449,0.001621599,,,
1786043686206806235,1786043686.206288330,/novatel/oem7/inspva,/novatel/oem7/inspva,/novatel/oem7/inspva,39.663,-75.756,-1.799723023,0.001278027,-0.001289696,0.000184373,-0.001264658,-0.001289696,,novatel_oem7_msgs.msg.InertialSolutionStatus(status=3),
1786043686208095761,1786043686.206477512,/novatel/oem7/fix,/novatel/oem7/fix,/novatel/oem7/inspva,39.663,-75.756,-1.799723023,0.001278027,-0.001289696,0.000184373,-0.001264658,-0.001289696,,0,
1786043686209110694,1786043686.206943107,/novatel/oem7/odom,/novatel/oem7/fix,/novatel/oem7/odom,39.663,-75.756,-1.799723023,0.001274023,-0.001293652,-0.001249808,0.000247211,-0.001293652,,,
1786043686210519708,1786043686.209867013,/novatel/oem7/bestpos,/novatel/oem7/bestpos,/novatel/oem7/odom,39.663,-75.756,33.182620759,0.001274023,-0.001293652,-0.001249808,0.000247211,-0.001293652,,novatel_oem7_msgs.msg.SolutionStatus(status=0),novatel_oem7_msgs.msg.PositionOrVelocityType(type=53)
1786043686211900252,1786043686.210297863,/novatel/oem7/bestvel,/novatel/oem7/bestpos,/novatel/oem7/bestvel,39.663,-75.756,33.182620759,0.002175641,-0.000758763,,,,272.053524734,novatel_oem7_msgs.msg.SolutionStatus(status=0),novatel_oem7_msgs.msg.PositionOrVelocityType(type=53)
1786043686216093753,1786043686.215455414,/novatel/oem7/odom,/novatel/oem7/bestpos,/novatel/oem7/odom,39.663,-75.756,33.182620759,0.001274023,-0.001293652,-0.001249808,0.000247211,-0.001293652,,,
1786043686225453156,1786043686.224926475,/novatel/oem7/inspva,/novatel/oem7/inspva,/novatel/oem7/inspva,39.663,-75.756,-1.799731808,0.000953283,-0.000009541,-0.000250557,-0.000919766,-0.000009541,,novatel_oem7_msgs.msg.InertialSolutionStatus(status=3),
1786043686226779406,1786043686.225006897,/novatel/oem7/fix,/novatel/oem7/fix,/novatel/oem7/inspva,39.663,-75.756,-1.799731808,0.000953283,-0.000009541,-0.000250557,-0.000919766,-0.000009541,,0,
1786043686227815733,1786043686.225435896,/novatel/oem7/odom,/novatel/oem7/fix,/novatel/oem7/odom,39.663,-75.756,-1.799731808,0.000953234,-0.000013546,-0.000930500,-0.000206944,-0.000013546,,,
1786043686235103122,1786043686.234409331,/novatel/oem7/odom,/novatel/oem7/fix,/novatel/oem7/odom,39.663,-75.756,-1.799731808,0.000953234,-0.000013546,-0.000930500,-0.000206944,-0.000013546,,,
1786043686247054333,1786043686.246525131,/novatel/oem7/inspva,/novatel/oem7/inspva,/novatel/oem7/inspva,39.663,-75.756,-1.799737615,0.001469840,0.001492959,-0.001448384,0.000250230,0.001492959,,novatel_oem7_msgs.msg.InertialSolutionStatus(status=3),
1786043686248405143,1786043686.246609320,/novatel/oem7/fix,/novatel/oem7/fix,/novatel/oem7/inspva,39.663,-75.756,-1.799737615,0.001469840,0.001492959,-0.001448384,0.000250230,0.001492959,,0,
1786043686249477701,1786043686.247057000,/novatel/oem7/odom,/novatel/oem7/fix,/novatel/oem7/odom,39.663,-75.756,-1.799737615,0.001473184,0.001489659,0.000176213,-0.001462608,0.001489659,,,
1786043686257040595,1786043686.256353589,/novatel/oem7/odom,/novatel/oem7/fix,/novatel/oem7/odom,39.663,-75.756,-1.799737615,0.001473184,0.001489659,0.000176213,-0.001462608,0.001489659,,,
1786043686265536609,1786043686.264984535,/novatel/oem7/inspva,/novatel/oem7/inspva,/novatel/oem7/inspva,39.663,-75.756,-1.799765510,0.001375657,0.001479279,-0.000890147,0.001048843,0.001479279,,novatel_oem7_msgs.msg.InertialSolutionStatus(status=3),
1786043686266897793,1786043686.265077586,/novatel/oem7/fix,/novatel/oem7/fix,/novatel/oem7/inspva,39.663,-75.756,-1.799765510,0.001375657,0.001479279,-0.000890147,0.001048843,0.001479279,,0,
1786043686267950563,1786043686.265474902,/novatel/oem7/odom,/novatel/oem7/fix,/novatel/oem7/odom,39.663,-75.756,-1.799765510,0.001374439,0.001480410,0.001000300,-0.000942594,0.001480410,,,
1786043686276358710,1786043686.275680953,/novatel/oem7/odom,/novatel/oem7/fix,/novatel/oem7/odom,39.663,-75.756,-1.799765510,0.001374439,0.001480410,0.001000300,-0.000942594,0.001480410,,,
1786043686286020015,1786043686.285479930,/novatel/oem7/inspva,/novatel/oem7/inspva,/novatel/oem7/inspva,39.663,-75.756,-1.799802179,0.000756646,-0.000316460,0.000396105,-0.000644681,-0.000316460,,novatel_oem7_msgs.msg.InertialSolutionStatus(status=3),
1786043686287406063,1786043686.285580918,/novatel/oem7/fix,/novatel/oem7/fix,/novatel/oem7/inspva,39.663,-75.756,-1.799802179,0.000756646,-0.000316460,0.000396105,-0.000644681,-0.000316460,,0,
1786043686288504914,1786043686.286297542,/novatel/oem7/odom,/novatel/oem7/fix,/novatel/oem7/odom,39.663,-75.756,-1.799802179,0.000756155,-0.000317629,-0.000624140,0.000426873,-0.000317629,,,
1786043686295625397,1786043686.294932373,/novatel/oem7/odom,/novatel/oem7/fix,/novatel/oem7/odom,39.663,-75.756,-1.799802179,0.000756155,-0.000317629,-0.000624140,0.000426873,-0.000317629,,,
1786043686306415251,1786043686.305856031,/novatel/oem7/inspva,/novatel/oem7/inspva,/novatel/oem7/inspva,39.663,-75.756,-1.799830933,0.001297935,-0.000981698,0.000130791,-0.001291328,-0.000981698,,novatel_oem7_msgs.msg.InertialSolutionStatus(status=3),
1786043686307859605,1786043686.306010703,/novatel/oem7/fix,/novatel/oem7/fix,/novatel/oem7/inspva,39.663,-75.756,-1.799830933,0.001297935,-0.000981698,0.000130791,-0.001291328,-0.000981698,,0,
1786043686308926286,1786043686.306413107,/novatel/oem7/odom,/novatel/oem7/fix,/novatel/oem7/odom,39.663,-75.756,-1.799830933,0.001294730,-0.000985921,-0.001280099,0.000194091,-0.000985921,,,
1786043686310481307,1786043686.309373355,/novatel/oem7/bestpos,/novatel/oem7/bestpos,/novatel/oem7/odom,39.663,-75.756,33.182513551,0.001294730,-0.000985921,-0.001280099,0.000194091,-0.000985921,,novatel_oem7_msgs.msg.SolutionStatus(status=0),novatel_oem7_msgs.msg.PositionOrVelocityType(type=53)
1786043686311900008,1786043686.310080082,/novatel/oem7/bestvel,/novatel/oem7/bestpos,/novatel/oem7/bestvel,39.663,-75.756,33.182513551,0.002376235,-0.000049752,,,,256.023500034,novatel_oem7_msgs.msg.SolutionStatus(status=0),novatel_oem7_msgs.msg.PositionOrVelocityType(type=53)
1786043686315231454,1786043686.314510517,/novatel/oem7/odom,/novatel/oem7/bestpos,/novatel/oem7/odom,39.663,-75.756,33.182513551,0.001294730,-0.000985921,-0.001280099,0.000194091,-0.000985921,,,
1786043686325866773,1786043686.325317970,/novatel/oem7/inspva,/novatel/oem7/inspva,/novatel/oem7/inspva,39.663,-75.756,-1.799835928,0.001477329,0.001028474,-0.001421618,0.000401875,0.001028474,,novatel_oem7_msgs.msg.InertialSolutionStatus(status=3),
1786043686327279427,1786043686.325406869,/novatel/oem7/fix,/novatel/oem7/fix,/novatel/oem7/inspva,39.663,-75.756,-1.799835928,0.001477329,0.001028474,-0.001421618,0.000401875,0.001028474,,0,
1786043686328359398,1786043686.326042955,/novatel/oem7/odom,/novatel/oem7/fix,/novatel/oem7/odom,39.663,-75.756,-1.799835928,0.001479215,0.001025761,0.000330721,-0.001441770,0.001025761,,,
1786043686336268736,1786043686.335579702,/novatel/oem7/odom,/novatel/oem7/fix,/novatel/oem7/odom,39.663,-75.756,-1.799835928,0.001479215,0.001025761,0.000330721,-0.001441770,0.001025761,,,
1786043686345474167,1786043686.344917779,/novatel/oem7/inspva,/novatel/oem7/inspva,/novatel/oem7/inspva,39.663,-75.756,-1.799857491,0.001085148,0.001681173,-0.000984979,0.000455371,0.001681173,,novatel_oem7_msgs.msg.InertialSolutionStatus(status=3),
1786043686346872377,1786043686.345006517,/novatel/oem7/fix,/novatel/oem7/fix,/novatel/oem7/inspva,39.663,-75.756,-1.799857491,0.001085148,0.001681173,-0.000984979,0.000455371,0.001681173,,0,
1786043686347996535,1786043686.345468097,/novatel/oem7/odom,/novatel/oem7/fix,/novatel/oem7/odom,39.663,-75.756,-1.799857491,0.001087088,0.001679919,0.000402233,-0.001009936,0.001679919,,,
1786043686356400011,1786043686.355684618,/novatel/oem7/odom,/novatel/oem7/fix,/novatel/oem7/odom,39.663,-75.756,-1.799857491,0.001087088,0.001679919,0.000402233,-0.001009936,0.001679919,,,
1786043686367268069,1786043686.366690037,/novatel/oem7/inspva,/novatel/oem7/inspva,/novatel/oem7/inspva,39.663,-75.756,-1.799895435,0.000887682,-0.000333596,0.000443933,-0.000768703,-0.000333596,,novatel_oem7_msgs.msg.InertialSolutionStatus(status=3),
1786043686368698347,1786043686.366844502,/novatel/oem7/fix,/novatel/oem7/fix,/novatel/oem7/inspva,39.663,-75.756,-1.799895435,0.000887682,-0.000333596,0.000443933,-0.000768703,-0.000333596,,0,
1786043686369895189,1786043686.367662120,/novatel/oem7/odom,/novatel/oem7/fix,/novatel/oem7/odom,39.663,-75.756,-1.799895435,0.000887124,-0.000335078,-0.000745709,0.000480528,-0.000335078,,,
1786043686375597228,1786043686.374896704,/novatel/oem7/odom,/novatel/oem7/fix,/novatel/oem7/odom,39.663,-75.756,-1.799895435,0.000887124,-0.000335078,-0.000745709,0.000480528,-0.000335078,,,
1786043686385632191,1786043686.385007944,/novatel/oem7/inspva,/novatel/oem7/inspva,/novatel/oem7/inspva,39.663,-75.756,-1.799929122,0.001335040,-0.000473554,0.000699873,-0.001136885,-0.000473554,,novatel_oem7_msgs.msg.InertialSolutionStatus(status=3),
1786043686386984288,1786043686.385168350,/novatel/oem7/fix,/novatel/oem7/fix,/novatel/oem7/inspva,39.663,-75.756,-1.799929122,0.001335040,-0.000473554,0.000699873,-0.001136885,-0.000473554,,0,
1786043686388100525,1786043686.385680691,/novatel/oem7/odom,/novatel/oem7/fix,/novatel/oem7/odom,39.663,-75.756,-1.799929122,0.001334315,-0.000475592,-0.001100924,0.000753898,-0.000475592,,,
1786043686396113914,1786043686.395410771,/novatel/oem7/odom,/novatel/oem7/fix,/novatel/oem7/odom,39.663,-75.756,-1.799929122,0.001334315,-0.000475592,-0.001100924,0.000753898,-0.000475592,,,
1786043686406859937,1786043686.406248715,/novatel/oem7/inspva,/novatel/oem7/inspva,/novatel/oem7/inspva,39.663,-75.756,-1.799951811,0.001561949,-0.000409023,-0.001523598,-0.000343997,-0.000409023,,novatel_oem7_msgs.msg.InertialSolutionStatus(status=3),
1786043686408276795,1786043686.406395103,/novatel/oem7/fix,/novatel/oem7/fix,/novatel/oem7/inspva,39.663,-75.756,-1.799951811,0.001561949,-0.000409023,-0.001523598,-0.000343997,-0.000409023,,0,
1786043686409403426,1786043686.406942451,/novatel/oem7/odom,/novatel/oem7/fix,/novatel/oem7/odom,39.663,-75.756,-1.799951811,0.001560450,-0.000414705,-0.000413775,-0.001504591,-0.000414705,,,
1786043686411092782,1786043686.410262738,/novatel/oem7/bestpos,/novatel/oem7/bestpos,/novatel/oem7/odom,39.663,-75.756,33.182377461,0.001560450,-0.000414705,-0.000413775,-0.001504591,-0.000414705,,novatel_oem7_msgs.msg.SolutionStatus(status=0),novatel_oem7_msgs.msg.PositionOrVelocityType(type=53)
1786043686412565377,1786043686.410597855,/novatel/oem7/bestvel,/novatel/oem7/bestpos,/novatel/oem7/bestvel,39.663,-75.756,33.182377461,0.001775771,-0.000103039,,,,214.313216264,novatel_oem7_msgs.msg.SolutionStatus(status=0),novatel_oem7_msgs.msg.PositionOrVelocityType(type=53)
1786043686415617954,1786043686.414904194,/novatel/oem7/odom,/novatel/oem7/bestpos,/novatel/oem7/odom,39.663,-75.756,33.182377461,0.001560450,-0.000414705,-0.000413775,-0.001504591,-0.000414705,,,
1786043686426746311,1786043686.426105461,/novatel/oem7/inspva,/novatel/oem7/inspva,/novatel/oem7/inspva,39.663,-75.756,-1.799971691,0.001140226,0.000707283,-0.001111553,-0.000254097,0.000707283,,novatel_oem7_msgs.msg.InertialSolutionStatus(status=3),
1786043686428156378,1786043686.426250099,/novatel/oem7/fix,/novatel/oem7/fix,/novatel/oem7/inspva,39.663,-75.756,-1.799971691,0.001140226,0.000707283,-0.001111553,-0.000254097,0.000707283,,0,
1786043686429229662,1786043686.426678287,/novatel/oem7/odom,/novatel/oem7/fix,/novatel/oem7/odom,39.663,-75.756,-1.799971691,0.001142795,0.000703124,-0.000308734,-0.001100302,0.000703124,,,
1786043686435280522,1786043686.434378267,/novatel/oem7/odom,/novatel/oem7/fix,/novatel/oem7/odom,39.663,-75.756,-1.799971691,0.001142795,0.000703124,-0.000308734,-0.001100302,0.000703124,,,
1786043686445886410,1786043686.445252567,/novatel/oem7/inspva,/novatel/oem7/inspva,/novatel/oem7/inspva,39.663,-75.756,-1.800002856,0.001546639,0.000288369,0.000808483,-0.001318502,0.000288369,,novatel_oem7_msgs.msg.InertialSolutionStatus(status=3),
1786043686447382515,1786043686.445407169,/novatel/oem7/fix,/novatel/oem7/fix,/novatel/oem7/inspva,39.663,-75.756,-1.800002856,0.001546639,0.000288369,0.000808483,-0.001318502,0.000288369,,0,
1786043686448480629,1786043686.445842096,/novatel/oem7/odom,/novatel/oem7/fix,/novatel/oem7/odom,39.663,-75.756,-1.800002856,0.001547091,0.000285933,-0.001280089,0.000868828,0.000285933,,,
1786043686456989340,1786043686.456277253,/novatel/oem7/odom,/novatel/oem7/fix,/novatel/oem7/odom,39.663,-75.756,-1.800002856,0.001547091,0.000285933,-0.001280089,0.000868828,0.000285933,,,
1786043686465648339,1786043686.465025186,/novatel/oem7/inspva,/novatel/oem7/inspva,/novatel/oem7/inspva,39.663,-75.756,-1.800040276,0.001467665,-0.000093956,0.001080162,-0.000993625,-0.000093956,,novatel_oem7_msgs.msg.InertialSolutionStatus(status=3),
1786043686467009076,1786043686.465168581,/novatel/oem7/fix,/novatel/oem7/fix,/novatel/oem7/inspva,39.663,-75.756,-1.800040276,0.001467665,-0.000093956,0.001080162,-0.000993625,-0.000093956,,0,
1786043686468101896,1786043686.465602905,/novatel/oem7/odom,/novatel/oem7/fix,/novatel/oem7/odom,39.663,-75.756,-1.800040276,0.001467638,-0.000094380,-0.000941374,0.001125956,-0.000094380,,,
1786043686475222694,1786043686.474503150,/novatel/oem7/odom,/novatel/oem7/fix,/novatel/oem7/odom,39.663,-75.756,-1.800040276,0.001467638,-0.000094380,-0.000941374,0.001125956,-0.000094380,,,
1786043686487196379,1786043686.486575456,/novatel/oem7/inspva,/novatel/oem7/inspva,/novatel/oem7/inspva,39.663,-75.756,-1.800074100,0.000742536,-0.001107343,-0.000614503,-0.000416828,-0.001107343,,novatel_oem7_msgs.msg.InertialSolutionStatus(status=3),
1786043686488617079,1786043686.486713714,/novatel/oem7/fix,/novatel/oem7/fix,/novatel/oem7/inspva,39.663,-75.756,-1.800074100,0.000742536,-0.001107343,-0.000614503,-0.000416828,-0.001107343,,0,
1786043686489705900,1786043686.487161732,/novatel/oem7/odom,/novatel/oem7/fix,/novatel/oem7/odom,39.663,-75.756,-1.800074100,0.000737643,-0.001110609,-0.000441160,-0.000591181,-0.001110609,,,
1786043686495787484,1786043686.495109699,/novatel/oem7/odom,/novatel/oem7/fix,/novatel/oem7/odom,39.663,-75.756,-1.800074100,0.000737643,-0.001110609,-0.000441160,-0.000591181,-0.001110609,,,
1786043686506611751,1786043686.505977201,/novatel/oem7/inspva,/novatel/oem7/inspva,/novatel/oem7/inspva,39.663,-75.756,-1.800100816,0.001116864,-0.000577985,-0.000419496,-0.001035089,-0.000577985,,novatel_oem7_msgs.msg.InertialSolutionStatus(status=3),
1786043686508016015,1786043686.506125770,/novatel/oem7/fix,/novatel/oem7/fix,/novatel/oem7/inspva,39.663,-75.756,-1.800100816,0.001116864,-0.000577985,-0.000419496,-0.001035089,-0.000577985,,0,
1786043686509082179,1786043686.506560154,/novatel/oem7/odom,/novatel/oem7/fix,/novatel/oem7/odom,39.663,-75.756,-1.800100816,0.001114304,-0.000582905,-0.001051511,-0.000368778,-0.000582905,,,
1786043686511747698,1786043686.511027521,/novatel/oem7/bestpos,/novatel/oem7/bestpos,/novatel/oem7/odom,39.663,-75.756,33.182240736,0.001114304,-0.000582905,-0.001051511,-0.000368778,-0.000582905,,novatel_oem7_msgs.msg.SolutionStatus(status=0),novatel_oem7_msgs.msg.PositionOrVelocityType(type=53)
1786043686513231137,1786043686.511476482,/novatel/oem7/bestvel,/novatel/oem7/bestpos,/novatel/oem7/bestvel,39.663,-75.756,33.182240736,0.002204584,0.000200027,,,,246.293938279,novatel_oem7_msgs.msg.SolutionStatus(status=0),novatel_oem7_msgs.msg.PositionOrVelocityType(type=53)
1786043686516301933,1786043686.515608933,/novatel/oem7/odom,/novatel/oem7/bestpos,/novatel/oem7/odom,39.663,-75.756,33.182240736,0.001114304,-0.000582905,-0.001051511,-0.000368778,-0.000582905,,,
1786043686526057460,1786043686.525491911,/novatel/oem7/inspva,/novatel/oem7/inspva,/novatel/oem7/inspva,39.663,-75.756,-1.800117978,0.000854386,0.001101150,0.000410819,-0.000749135,0.001101150,,novatel_oem7_msgs.msg.InertialSolutionStatus(status=3),
1786043686527643926,1786043686.525635069,/novatel/oem7/fix,/novatel/oem7/fix,/novatel/oem7/inspva,39.663,-75.756,-1.800117978,0.000854386,0.001101150,0.000410819,-0.000749135,0.001101150,,0,
1786043686528721690,1786043686.526504658,/novatel/oem7/odom,/novatel/oem7/fix,/novatel/oem7/odom,39.663,-75.756,-1.800117978,0.000856325,0.001099643,-0.000733098,0.000442561,0.001099643,,,
1786043686535851744,1786043686.535112973,/novatel/oem7/odom,/novatel/oem7/fix,/novatel/oem7/odom,39.663,-75.756,-1.800117978,0.000856325,0.001099643,-0.000733098,0.000442561,0.001099643,,,
1786043686546979164,1786043686.546225319,/novatel/oem7/inspva,/novatel/oem7/inspva,/novatel/oem7/inspva,39.663,-75.756,-1.800158244,0.000955504,0.000566664,0.000695060,-0.000655652,0.000566664,,novatel_oem7_msgs.msg.InertialSolutionStatus(status=3),
1786043686548686834,1786043686.546453232,/novatel/oem7/fix,/novatel/oem7/fix,/novatel/oem7/inspva,39.663,-75.756,-1.800158244,0.000955504,0.000566664,0.000695060,-0.000655652,0.000566664,,0,
1786043686549932490,1786043686.546899200,/novatel/oem7/odom,/novatel/oem7/fix,/novatel/oem7/odom,39.663,-75.756,-1.800158244,0.000955715,0.000566308,-0.000624376,0.000723565,0.000566308,,,
1786043686556738490,1786043686.555901532,/novatel/oem7/odom,/novatel/oem7/fix,/novatel/oem7/odom,39.663,-75.756,-1.800158244,0.000955715,0.000566308,-0.000624376,0.000723565,0.000566308,,,
1786043686566008725,1786043686.565333075,/novatel/oem7/inspva,/novatel/oem7/inspva,/novatel/oem7/inspva,39.663,-75.756,-1.800199891,0.001703025,-0.001592786,0.000905190,-0.001442541,-0.001592786,,novatel_oem7_msgs.msg.InertialSolutionStatus(status=3),
1786043686567618671,1786043686.565541404,/novatel/oem7/fix,/novatel/oem7/fix,/novatel/oem7/inspva,39.663,-75.756,-1.800199891,0.001703025,-0.001592786,0.000905190,-0.001442541,-0.001592786,,0,
1786043686568812347,1786043686.566214011,/novatel/oem7/odom,/novatel/oem7/fix,/novatel/oem7/odom,39.663,-75.756,-1.800199891,0.001700658,-0.001595313,-0.001392460,0.000976368,-0.001595313,,,
1786043686576222913,1786043686.575478149,/novatel/oem7/odom,/novatel/oem7/fix,/novatel/oem7/odom,39.663,-75.756,-1.800199891,0.001700658,-0.001595313,-0.001392460,0.000976368,-0.001595313,,,
1786043686585849531,1786043686.585155901,/novatel/oem7/inspva,/novatel/oem7/inspva,/novatel/oem7/inspva,39.663,-75.756,-1.800225995,0.000894419,-0.001221071,0.000430190,-0.000784169,-0.001221071,,novatel_oem7_msgs.msg.InertialSolutionStatus(status=3),
1786043686587364430,1786043686.585333233,/novatel/oem7/fix,/novatel/oem7/fix,/novatel/oem7/inspva,39.663,-75.756,-1.800225995,0.000894419,-0.001221071,0.000430190,-0.000784169,-0.001221071,,0,
1786043686588573475,1786043686.585768564,/novatel/oem7/odom,/novatel/oem7/fix,/novatel/oem7/odom,39.663,-75.756,-1.800225995,0.000892297,-0.001222622,-0.000758532,0.000469918,-0.001222622,,,
1786043686595187364,1786043686.594438510,/novatel/oem7/odom,/novatel/oem7/fix,/novatel/oem7/odom,39.663,-75.756,-1.800225995,0.000892297,-0.001222622,-0.000758532,0.000469918,-0.001222622,,,
1786043686606968597,1786043686.606286324,/novatel/oem7/inspva,/novatel/oem7/inspva,/novatel/oem7/inspva,39.663,-75.756,-1.800228423,0.000169786,0.001630814,-0.000109203,-0.000130008,0.001630814,,novatel_oem7_msgs.msg.InertialSolutionStatus(status=3),
1786043686608559096,1786043686.606481552,/novatel/oem7/fix,/novatel/oem7/fix,/novatel/oem7/inspva,39.663,-75.756,-1.800228423,0.000169786,0.001630814,-0.000109203,-0.000130008,0.001630814,,0,
1786043686609783398,1786043686.607098225,/novatel/oem7/odom,/novatel/oem7/fix,/novatel/oem7/odom,39.663,-75.756,-1.800228423,0.000177386,0.001630005,-0.000141133,-0.000107459,0.001630005,,,
1786043686611496815,1786043686.610196046,/novatel/oem7/bestpos,/novatel/oem7/bestpos,/novatel/oem7/odom,39.663,-75.756,33.182089275,0.000177386,0.001630005,-0.000141133,-0.000107459,0.001630005,,novatel_oem7_msgs.msg.SolutionStatus(status=0),novatel_oem7_msgs.msg.PositionOrVelocityType(type=53)
1786043686612577506,1786043686.610664647,/novatel/oem7/bestvel,/novatel/oem7/bestpos,/novatel/oem7/bestvel,39.663,-75.756,33.182089275,0.000846490,0.000852968,,,,51.400976745,novatel_oem7_msgs.msg.SolutionStatus(status=0),novatel_oem7_msgs.msg.PositionOrVelocityType(type=53)
1786043686616050707,1786043686.615232569,/novatel/oem7/odom,/novatel/oem7/bestpos,/novatel/oem7/odom,39.663,-75.756,33.182089275,0.000177386,0.001630005,-0.000141133,-0.000107459,0.001630005,,,
1786043686625720510,1786043686.624948648,/novatel/oem7/inspva,/novatel/oem7/inspva,/novatel/oem7/inspva,39.663,-75.756,-1.800266240,0.000442131,0.001204382,0.000411989,-0.000160450,0.001204382,,novatel_oem7_msgs.msg.InertialSolutionStatus(status=3),
1786043686627271768,1786043686.625127207,/novatel/oem7/fix,/novatel/oem7/fix,/novatel/oem7/inspva,39.663,-75.756,-1.800266240,0.000442131,0.001204382,0.000411989,-0.000160450,0.001204382,,0,
1786043686628502773,1786043686.625731543,/novatel/oem7/odom,/novatel/oem7/fix,/novatel/oem7/odom,39.663,-75.756,-1.800266240,0.000440464,0.001204992,-0.000145430,0.000415763,0.001204992,,,
1786043686636310824,1786043686.635501366,/novatel/oem7/odom,/novatel/oem7/fix,/novatel/oem7/odom,39.663,-75.756,-1.800266240,0.000440464,0.001204992,-0.000145430,0.000415763,0.001204992,,,
1786043686645882929,1786043686.645232389,/novatel/oem7/inspva,/novatel/oem7/inspva,/novatel/oem7/inspva,39.663,-75.756,-1.800312693,0.002287893,-0.001809702,0.001607117,-0.001628382,-0.001809702,,novatel_oem7_msgs.msg.InertialSolutionStatus(status=3),
1786043686647541328,1786043686.645411911,/novatel/oem7/fix,/novatel/oem7/fix,/novatel/oem7/inspva,39.663,-75.756,-1.800312693,0.002287893,-0.001809702,0.001607117,-0.001628382,-0.001809702,,0,
1786043686648744337,1786043686.646034420,/novatel/oem7/odom,/novatel/oem7/fix,/novatel/oem7/odom,39.663,-75.756,-1.800312693,0.002286945,-0.001810900,-0.001544249,0.001686834,-0.001810900,,,
1786043686657264408,1786043686.656489367,/novatel/oem7/odom,/novatel/oem7/fix,/novatel/oem7/odom,39.663,-75.756,-1.800312693,0.002286945,-0.001810900,-0.001544249,0.001686834,-0.001810900,,,
1786043686666734562,1786043686.666081045,/novatel/oem7/inspva,/novatel/oem7/inspva,/novatel/oem7/inspva,39.663,-75.756,-1.800338175,0.001786879,-0.001398713,0.001092594,-0.001413922,-0.001398713,,novatel_oem7_msgs.msg.InertialSolutionStatus(status=3),
1786043686668172316,1786043686.666242500,/novatel/oem7/fix,/novatel/oem7/fix,/novatel/oem7/inspva,39.663,-75.756,-1.800338175,0.001786879,-0.001398713,0.001092594,-0.001413922,-0.001398713,,0,
1786043686669264860,1786043686.666666841,/novatel/oem7/odom,/novatel/oem7/fix,/novatel/oem7/odom,39.663,-75.756,-1.800338175,0.001785390,-0.001400613,-0.001355778,0.001161673,-0.001400613,,,
1786043686675397471,1786043686.674688844,/novatel/oem7/odom,/novatel/oem7/fix,/novatel/oem7/odom,39.663,-75.756,-1.800338175,0.001785390,-0.001400613,-0.001355778,0.001161673,-0.001400613,,,
1786043686685744236,1786043686.685122133,/novatel/oem7/inspva,/novatel/oem7/inspva,/novatel/oem7/inspva,39.663,-75.756,-1.800347054,0.000557535,0.000408490,-0.000375153,0.000412438,0.000408490,,novatel_oem7_msgs.msg.InertialSolutionStatus(status=3),
1786043686687241794,1786043686.685285262,/novatel/oem7/fix,/novatel/oem7/fix,/novatel/oem7/inspva,39.663,-75.756,-1.800347054,0.000557535,0.000408490,-0.000375153,0.000412438,0.000408490,,0,
1786043686688389396,1786043686.685745226,/novatel/oem7/odom,/novatel/oem7/fix,/novatel/oem7/odom,39.663,-75.756,-1.800347054,0.000557250,0.000408879,0.000392822,-0.000395245,0.000408879,,,
1786043686696289088,1786043686.695502206,/novatel/oem7/odom,/novatel/oem7/fix,/novatel/oem7/odom,39.663,-75.756,-1.800347054,0.000557250,0.000408879,0.000392822,-0.000395245,0.000408879,,,
1786043686706539952,1786043686.705928023,/novatel/oem7/inspva,/novatel/oem7/inspva,/novatel/oem7/inspva,39.663,-75.756,-1.800378030,0.000484234,0.001015910,0.000240725,-0.000420160,0.001015910,,novatel_oem7_msgs.msg.InertialSolutionStatus(status=3),
1786043686708093994,1786043686.706100361,/novatel/oem7/fix,/novatel/oem7/fix,/novatel/oem7/inspva,39.663,-75.756,-1.800378030,0.000484234,0.001015910,0.000240725,-0.000420160,0.001015910,,0,
1786043686709314467,1786043686.706552462,/novatel/oem7/odom,/novatel/oem7/fix,/novatel/oem7/odom,39.663,-75.756,-1.800378030,0.000485975,0.001015079,-0.000412208,0.000257403,0.001015079,,,
1786043686710965736,1786043686.709249889,/novatel/oem7/bestpos,/novatel/oem7/bestpos,/novatel/oem7/odom,39.663,-75.756,33.181941441,0.000485975,0.001015079,-0.000412208,0.000257403,0.001015079,,novatel_oem7_msgs.msg.SolutionStatus(status=0),novatel_oem7_msgs.msg.PositionOrVelocityType(type=53)
1786043686712008666,1786043686.709940096,/novatel/oem7/bestvel,/novatel/oem7/bestpos,/novatel/oem7/bestvel,39.663,-75.756,33.181941441,0.000744856,0.000443491,,,,10.611586629,novatel_oem7_msgs.msg.SolutionStatus(status=0),novatel_oem7_msgs.msg.PositionOrVelocityType(type=53)
1786043686715204618,1786043686.714403763,/novatel/oem7/odom,/novatel/oem7/bestpos,/novatel/oem7/odom,39.663,-75.756,33.181941441,0.000485975,0.001015079,-0.000412208,0.000257403,0.001015079,,,
1786043686727339685,1786043686.726649414,/novatel/oem7/inspva,/novatel/oem7/inspva,/novatel/oem7/inspva,39.663,-75.756,-1.800423274,0.002522549,-0.001217501,0.001904397,-0.001654244,-0.001217501,,novatel_oem7_msgs.msg.InertialSolutionStatus(status=3),
1786043686728901970,1786043686.726815096,/novatel/oem7/fix,/novatel/oem7/fix,/novatel/oem7/inspva,39.663,-75.756,-1.800423274,0.002522549,-0.001217501,0.001904397,-0.001654244,-0.001217501,,0,
1786043686730607213,1786043686.727355378,/novatel/oem7/odom,/novatel/oem7/fix,/novatel/oem7/odom,39.663,-75.756,-1.800423274,0.002522349,-0.001217915,-0.001558380,0.001983355,-0.001217915,,,
1786043686735878296,1786043686.735149838,/novatel/oem7/odom,/novatel/oem7/fix,/novatel/oem7/odom,39.663,-75.756,-1.800423274,0.002522349,-0.001217915,-0.001558380,0.001983355,-0.001217915,,,
1786043686745766880,1786043686.745182194,/novatel/oem7/inspva,/novatel/oem7/inspva,/novatel/oem7/inspva,39.663,-75.756,-1.800453620,0.002100881,-0.001364118,0.001415516,-0.001552423,-0.001364118,,novatel_oem7_msgs.msg.InertialSolutionStatus(status=3),
1786043686747229772,1786043686.745344183,/novatel/oem7/fix,/novatel/oem7/fix,/novatel/oem7/inspva,39.663,-75.756,-1.800453620,0.002100881,-0.001364118,0.001415516,-0.001552423,-0.001364118,,0,
1786043686748418277,1786043686.745829431,/novatel/oem7/odom,/novatel/oem7/fix,/novatel/oem7/odom,39.663,-75.756,-1.800453620,0.002099924,-0.001365591,-0.001479083,0.001490635,-0.001365591,,,
1786043686756620095,1786043686.755874333,/novatel/oem7/odom,/novatel/oem7/fix,/novatel/oem7/odom,39.663,-75.756,-1.800453620,0.002099924,-0.001365591,-0.001479083,0.001490635,-0.001365591,,,
1786043686766518273,1786043686.765906616,/novatel/oem7/inspva,/novatel/oem7/inspva,/novatel/oem7/inspva,39.663,-75.756,-1.800472240,0.000469154,-0.000564143,-0.000088464,-0.000460739,-0.000564143,,novatel_oem7_msgs.msg.InertialSolutionStatus(status=3),
1786043686768007697,1786043686.766076534,/novatel/oem7/fix,/novatel/oem7/fix,/novatel/oem7/inspva,39.663,-75.756,-1.800472240,0.000469154,-0.000564143,-0.000088464,-0.000460739,-0.000564143,,0,
1786043686769171352,1786043686.766621317,/novatel/oem7/odom,/novatel/oem7/fix,/novatel/oem7/odom,39.663,-75.756,-1.800472240,0.000466846,-0.000566054,-0.000462277,-0.000065158,-0.000566054,,,
1786043686775482444,1786043686.774749800,/novatel/oem7/odom,/novatel/oem7/fix,/novatel/oem7/odom,39.663,-75.756,-1.800472240,0.000466846,-0.000566054,-0.000462277,-0.000065158,-0.000566054,,,
1786043686786907087,1786043686.786292221,/novatel/oem7/inspva,/novatel/oem7/inspva,/novatel/oem7/inspva,39.663,-75.756,-1.800497185,0.000194978,0.000050703,-0.000192009,-0.000033897,0.000050703,,novatel_oem7_msgs.msg.InertialSolutionStatus(status=3),
1786043686788259234,1786043686.786498176,/novatel/oem7/fix,/novatel/oem7/fix,/novatel/oem7/inspva,39.663,-75.756,-1.800497185,0.000194978,0.000050703,-0.000192009,-0.000033897,0.000050703,,0,
1786043686789326821,1786043686.786969571,/novatel/oem7/odom,/novatel/oem7/fix,/novatel/oem7/odom,39.663,-75.756,-1.800497185,0.000195156,0.000050014,-0.000043067,-0.000190344,0.000050014,,,
1786043686795525436,1786043686.794839529,/novatel/oem7/odom,/novatel/oem7/fix,/novatel/oem7/odom,39.663,-75.756,-1.800497185,0.000195156,0.000050014,-0.000043067,-0.000190344,0.000050014,,,
1786043686807029456,1786043686.806497758,/novatel/oem7/inspva,/novatel/oem7/inspva,/novatel/oem7/inspva,39.663,-75.756,-1.800526508,0.002483991,0.000004125,0.002019207,-0.001446724,0.000004125,,novatel_oem7_msgs.msg.InertialSolutionStatus(status=3),
1786043686808368323,1786043686.806696540,/novatel/oem7/fix,/novatel/oem7/fix,/novatel/oem7/inspva,39.663,-75.756,-1.800526508,0.002483991,0.000004125,0.002019207,-0.001446724,0.000004125,,0,
1786043686809395293,1786043686.807222331,/novatel/oem7/odom,/novatel/oem7/fix,/novatel/oem7/odom,39.663,-75.756,-1.800526508,0.002483989,0.000004790,-0.001350286,0.002084930,0.000004790,,,
1786043686811335519,1786043686.810484481,/novatel/oem7/bestpos,/novatel/oem7/bestpos,/novatel/oem7/odom,39.663,-75.756,33.181792047,0.002483989,0.000004790,-0.001350286,0.002084930,0.000004790,,novatel_oem7_msgs.msg.SolutionStatus(status=0),novatel_oem7_msgs.msg.PositionOrVelocityType(type=53)
1786043686812776033,1786043686.811156307,/novatel/oem7/bestvel,/novatel/oem7/bestpos,/novatel/oem7/bestvel,39.663,-75.756,33.181792047,0.001951432,-0.000533521,,,,351.098556360,novatel_oem7_msgs.msg.SolutionStatus(status=0),novatel_oem7_msgs.msg.PositionOrVelocityType(type=53)
1786043686816265841,1786043686.815635651,/novatel/oem7/odom,/novatel/oem7/bestpos,/novatel/oem7/odom,39.663,-75.756,33.181792047,0.002483989,0.000004790,-0.001350286,0.002084930,0.000004790,,,
1786043686825637580,1786043686.825092002,/novatel/oem7/inspva,/novatel/oem7/inspva,/novatel/oem7/inspva,39.663,-75.756,-1.800568097,0.002338076,-0.001079231,0.001695667,-0.001609755,-0.001079231,,novatel_oem7_msgs.msg.InertialSolutionStatus(status=3),
1786043686826956994,1786043686.825271867,/novatel/oem7/fix,/novatel/oem7/fix,/novatel/oem7/inspva,39.663,-75.756,-1.800568097,0.002338076,-0.001079231,0.001695667,-0.001609755,-0.001079231,,0,
1786043686828030161,1786043686.825756265,/novatel/oem7/odom,/novatel/oem7/fix,/novatel/oem7/odom,39.663,-75.756,-1.800568097,0.002337673,-0.001080104,-0.001524282,0.001772365,-0.001080104,,,
1786043686835067334,1786043686.834389690,/novatel/oem7/odom,/novatel/oem7/fix,/novatel/oem7/odom,39.663,-75.756,-1.800568097,0.002337673,-0.001080104,-0.001524282,0.001772365,-0.001080104,,,
1786043686847129613,1786043686.846579538,/novatel/oem7/inspva,/novatel/oem7/inspva,/novatel/oem7/inspva,39.663,-75.756,-1.800597251,0.000251979,-0.001345804,0.000197771,-0.000156141,-0.001345804,,novatel_oem7_msgs.msg.InertialSolutionStatus(status=3),
1786043686848503740,1786043686.846779546,/novatel/oem7/fix,/novatel/oem7/fix,/novatel/oem7/inspva,39.663,-75.756,-1.800597251,0.000251979,-0.001345804,0.000197771,-0.000156141,-0.001345804,,0,
1786043686849552897,1786043686.847106900,/novatel/oem7/odom,/novatel/oem7/fix,/novatel/oem7/odom,39.663,-75.756,-1.800597251,0.000252163,-0.001345770,-0.000141685,0.000208595,-0.001345770,,,
1786043686857042358,1786043686.856359924,/novatel/oem7/odom,/novatel/oem7/fix,/novatel/oem7/odom,39.663,-75.756,-1.800597251,0.000252163,-0.001345770,-0.000141685,0.000208595,-0.001345770,,,
1786043686865558182,1786043686.865034983,/novatel/oem7/inspva,/novatel/oem7/inspva,/novatel/oem7/inspva,39.663,-75.756,-1.800619829,0.000386265,-0.000415931,0.000046585,-0.000383445,-0.000415931,,novatel_oem7_msgs.msg.InertialSolutionStatus(status=3),
1786043686866919869,1786043686.865197965,/novatel/oem7/fix,/novatel/oem7/fix,/novatel/oem7/inspva,39.663,-75.756,-1.800619829,0.000386265,-0.000415931,0.000046585,-0.000383445,-0.000415931,,0,
1786043686867960032,1786043686.865558513,/novatel/oem7/odom,/novatel/oem7/fix,/novatel/oem7/odom,39.663,-75.756,-1.800619829,0.000384921,-0.000417175,-0.000379274,0.000065693,-0.000417175,,,
1786043686876102677,1786043686.875443965,/novatel/oem7/odom,/novatel/oem7/fix,/novatel/oem7/odom,39.663,-75.756,-1.800619829,0.000384921,-0.000417175,-0.000379274,0.000065693,-0.000417175,,,
1786043686885819003,1786043686.885250503,/novatel/oem7/inspva,/novatel/oem7/inspva,/novatel/oem7/inspva,39.663,-75.756,-1.800639709,0.001731554,0.000430033,0.001637273,-0.000563575,0.000430033,,novatel_oem7_msgs.msg.InertialSolutionStatus(status=3),
1786043686887161462,1786043686.885442962,/novatel/oem7/fix,/novatel/oem7/fix,/novatel/oem7/inspva,39.663,-75.756,-1.800639709,0.001731554,0.000430033,0.001637273,-0.000563575,0.000430033,,0,
1786043686888224453,1786043686.886078945,/novatel/oem7/odom,/novatel/oem7/fix,/novatel/oem7/odom,39.663,-75.756,-1.800639709,0.001730864,0.000432803,-0.000487681,0.001660740,0.000432803,,,
1786043686895321650,1786043686.894647410,/novatel/oem7/odom,/novatel/oem7/fix,/novatel/oem7/odom,39.663,-75.756,-1.800639709,0.001730864,0.000432803,-0.000487681,0.001660740,0.000432803,,,
1786043686906505967,1786043686.905934278,/novatel/oem7/inspva,/novatel/oem7/inspva,/novatel/oem7/inspva,39.663,-75.756,-1.800678273,0.001960819,0.000035177,0.001769107,-0.000845618,0.000035177,,novatel_oem7_msgs.msg.InertialSolutionStatus(status=3),
1786043686907843781,1786043686.906104653,/novatel/oem7/fix,/novatel/oem7/fix,/novatel/oem7/inspva,39.663,-75.756,-1.800678273,0.001960819,0.000035177,0.001769107,-0.000845618,0.000035177,,0,
1786043686908884094,1786043686.906669569,/novatel/oem7/odom,/novatel/oem7/fix,/novatel/oem7/odom,39.663,-75.756,-1.800678273,0.001960779,0.000037320,-0.000761742,0.001806767,0.000037320,,,
1786043686910398189,1786043686.909402266,/novatel/oem7/bestpos,/novatel/oem7/bestpos,/novatel/oem7/odom,39.663,-75.756,33.181644366,0.001960779,0.000037320,-0.000761742,0.001806767,0.000037320,,novatel_oem7_msgs.msg.SolutionStatus(status=0),novatel_oem7_msgs.msg.PositionOrVelocityType(type=53)
1786043686911809166,1786043686.910058466,/novatel/oem7/bestvel,/novatel/oem7/bestpos,/novatel/oem7/bestvel,39.663,-75.756,33.181644366,0.002232811,-0.000797344,,,,6.809982164,novatel_oem7_msgs.msg.SolutionStatus(status=0),novatel_oem7_msgs.msg.PositionOrVelocityType(type=53)
1786043686915260240,1786043686.914589034,/novatel/oem7/odom,/novatel/oem7/bestpos,/novatel/oem7/odom,39.663,-75.756,33.181644366,0.001960779,0.000037320,-0.000761742,0.001806767,0.000037320,,,
1786043686925750331,1786043686.925169755,/novatel/oem7/inspva,/novatel/oem7/inspva,/novatel/oem7/inspva,39.663,-75.756,-1.800722553,0.001165505,-0.002409316,0.000841534,-0.000806363,-0.002409316,,novatel_oem7_msgs.msg.InertialSolutionStatus(status=3),
1786043686927094157,1786043686.925346224,/novatel/oem7/fix,/novatel/oem7/fix,/novatel/oem7/inspva,39.663,-75.756,-1.800722553,0.001165505,-0.002409316,0.000841534,-0.000806363,-0.002409316,,0,
1786043686928148358,1786043686.925803001,/novatel/oem7/odom,/novatel/oem7/fix,/novatel/oem7/odom,39.663,-75.756,-1.800722553,0.001164712,-0.002409700,-0.000757001,0.000885158,-0.002409700,,,
1786043686936235141,1786043686.935545251,/novatel/oem7/odom,/novatel/oem7/fix,/novatel/oem7/odom,39.663,-75.756,-1.800722553,0.001164712,-0.002409700,-0.000757001,0.000885158,-0.002409700,,,
1786043686946595747,1786043686.945996204,/novatel/oem7/inspva,/novatel/oem7/inspva,/novatel/oem7/inspva,39.663,-75.756,-1.800733211,0.000768898,-0.001136796,0.000548735,-0.000538604,-0.001136796,,novatel_oem7_msgs.msg.InertialSolutionStatus(status=3),
1786043686947969781,1786043686.946175166,/novatel/oem7/fix,/novatel/oem7/fix,/novatel/oem7/inspva,39.663,-75.756,-1.800733211,0.000768898,-0.001136796,0.000548735,-0.000538604,-0.001136796,,0,
1786043686949023801,1786043686.946584640,/novatel/oem7/odom,/novatel/oem7/fix,/novatel/oem7/odom,39.663,-75.756,-1.800733211,0.000768427,-0.001137114,-0.000507987,0.000576568,-0.001137114,,,
1786043686956356374,1786043686.955674254,/novatel/oem7/odom,/novatel/oem7/fix,/novatel/oem7/odom,39.663,-75.756,-1.800733211,0.000768427,-0.001137114,-0.000507987,0.000576568,-0.001137114,,,
1786043686966532277,1786043686.965946222,/novatel/oem7/inspva,/novatel/oem7/inspva,/novatel/oem7/inspva,39.663,-75.756,-1.800738830,0.001449788,0.001191685,0.001369240,-0.000476515,0.001191685,,novatel_oem7_msgs.msg.InertialSolutionStatus(status=3),
1786043686967894821,1786043686.966107130,/novatel/oem7/fix,/novatel/oem7/fix,/novatel/oem7/inspva,39.663,-75.756,-1.800738830,0.001449788,0.001191685,0.001369240,-0.000476515,0.001191685,,0,
1786043686968954185,1786043686.966955765,/novatel/oem7/odom,/novatel/oem7/fix,/novatel/oem7/odom,39.663,-75.756,-1.800738830,0.001447939,0.001193932,-0.000416211,0.001386829,0.001193932,,,
1786043686976323124,1786043686.975645051,/novatel/oem7/odom,/novatel/oem7/fix,/novatel/oem7/odom,39.663,-75.756,-1.800738830,0.001447939,0.001193932,-0.000416211,0.001386829,0.001193932,,,
1786043686985568463,1786043686.984993084,/novatel/oem7/inspva,/novatel/oem7/inspva,/novatel/oem7/inspva,39.663,-75.756,-1.800775627,0.001768949,0.000678611,0.001738951,0.000324389,0.000678611,,novatel_oem7_msgs.msg.InertialSolutionStatus(status=3),
1786043686986918203,1786043686.985131915,/novatel/oem7/fix,/novatel/oem7/fix,/novatel/oem7/inspva,39.663,-75.756,-1.800775627,0.001768949,0.000678611,0.001738951,0.000324389,0.000678611,,0,
1786043686988222682,1786043686.985596136,/novatel/oem7/odom,/novatel/oem7/fix,/novatel/oem7/odom,39.663,-75.756,-1.800775627,0.001766520,0.000684908,0.000403138,0.001719905,0.000684908,,,
1786043686995197061,1786043686.994548801,/novatel/oem7/odom,/novatel/oem7/fix,/novatel/oem7/odom,39.663,-75.756,-1.800775627,0.001766520,0.000684908,0.000403138,0.001719905,0.000684908,,,
1786043687010562540,1786043687.009994961,/novatel/oem7/inspva,/novatel/oem7/inspva,/novatel/oem7/inspva,39.663,-75.756,-1.800819826,0.001217623,-0.002088678,0.001193480,-0.000241271,-0.002088678,,novatel_oem7_msgs.msg.InertialSolutionStatus(status=3),
1786043687011873810,1786043687.010138956,/novatel/oem7/fix,/novatel/oem7/fix,/novatel/oem7/inspva,39.663,-75.756,-1.800819826,0.001217623,-0.002088678,0.001193480,-0.000241271,-0.002088678,,0,
1786043687013369508,1786043687.011412021,/novatel/oem7/odom,/novatel/oem7/fix,/novatel/oem7/odom,39.663,-75.756,-1.800819826,0.001222139,-0.002086039,-0.000177100,0.001209239,-0.002086039,,,
1786043687016382224,1786043687.015702114,/novatel/oem7/odom,/novatel/oem7/fix,/novatel/oem7/odom,39.663,-75.756,-1.800819826,0.001222139,-0.002086039,-0.000177100,0.001209239,-0.002086039,,,
1786043687025998356,1786043687.025383260,/novatel/oem7/bestpos,/novatel/oem7/bestpos,/novatel/oem7/odom,39.663,-75.756,33.181515187,0.001222139,-0.002086039,-0.000177100,0.001209239,-0.002086039,,novatel_oem7_msgs.msg.SolutionStatus(status=0),novatel_oem7_msgs.msg.PositionOrVelocityType(type=53)
1786043687027505437,1786043687.026619746,/novatel/oem7/bestvel,/novatel/oem7/bestpos,/novatel/oem7/bestvel,39.663,-75.756,33.181515187,0.000657052,-0.001970312,,,,13.400410906,novatel_oem7_msgs.msg.SolutionStatus(status=0),novatel_oem7_msgs.msg.PositionOrVelocityType(type=53)
1786043687028916535,1786043687.027148301,/novatel/oem7/inspva,/novatel/oem7/inspva,/novatel/oem7/inspva,39.663,-75.756,-1.800836249,0.001684175,-0.001821521,0.001224979,-0.001155799,-0.001821521,,novatel_oem7_msgs.msg.InertialSolutionStatus(status=3),
1786043687029757773,1786043687.027281985,/novatel/oem7/fix,/novatel/oem7/fix,/novatel/oem7/inspva,39.663,-75.756,-1.800836249,0.001684175,-0.001821521,0.001224979,-0.001155799,-0.001821521,,0,
1786043687030768600,1786043687.027714020,/novatel/oem7/odom,/novatel/oem7/fix,/novatel/oem7/odom,39.663,-75.756,-1.800836249,0.001683510,-0.001822135,-0.001090154,0.001282876,-0.001822135,,,
1786043687035483156,1786043687.034667315,/novatel/oem7/odom,/novatel/oem7/fix,/novatel/oem7/odom,39.663,-75.756,-1.800836249,0.001683510,-0.001822135,-0.001090154,0.001282876,-0.001822135,,,
1786043687045907236,1786043687.045358987,/novatel/oem7/inspva,/novatel/oem7/inspva,/novatel/oem7/inspva,39.663,-75.756,-1.800823466,0.000799721,0.000815790,0.000648363,0.000468165,0.000815790,,novatel_oem7_msgs.msg.InertialSolutionStatus(status=3),
1786043687047238176,1786043687.045515636,/novatel/oem7/fix,/novatel/oem7/fix,/novatel/oem7/inspva,39.663,-75.756,-1.800823466,0.000799721,0.000815790,0.000648363,0.000468165,0.000815790,,0,
1786043687048264770,1786043687.046091568,/novatel/oem7/odom,/novatel/oem7/fix,/novatel/oem7/odom,39.663,-75.756,-1.800823466,0.000796040,0.000819382,0.000495022,0.000623404,0.000819382,,,
1786043687057056837,1786043687.056358630,/novatel/oem7/odom,/novatel/oem7/fix,/novatel/oem7/odom,39.663,-75.756,-1.800823466,0.000796040,0.000819382,0.000495022,0.000623404,0.000819382,,,
1786043687066620742,1786043687.066066222,/novatel/oem7/inspva,/novatel/oem7/inspva,/novatel/oem7/inspva,39.663,-75.756,-1.800824268,0.001298423,0.000650940,0.001208308,0.000475282,0.000650940,,novatel_oem7_msgs.msg.InertialSolutionStatus(status=3),
1786043687067936684,1786043687.066203277,/novatel/oem7/fix,/novatel/oem7/fix,/novatel/oem7/inspva,39.663,-75.756,-1.800824268,0.001298423,0.000650940,0.001208308,0.000475282,0.000650940,,0,
1786043687068974161,1786043687.066640122,/novatel/oem7/odom,/novatel/oem7/fix,/novatel/oem7/odom,39.663,-75.756,-1.800824268,0.001295757,0.000656231,0.000529027,0.001182842,0.000656231,,,
1786043687075116699,1786043687.074462719,/novatel/oem7/odom,/novatel/oem7/fix,/novatel/oem7/odom,39.663,-75.756,-1.800824268,0.001295757,0.000656231,0.000529027,0.001182842,0.000656231,,,
1786043687086990903,1786043687.085495351,/novatel/oem7/inspva,/novatel/oem7/inspva,/novatel/oem7/inspva,39.663,-75.756,-1.800835904,0.002156542,-0.001295700,0.001940500,-0.000940816,-0.001295700,,novatel_oem7_msgs.msg.InertialSolutionStatus(status=3),
1786043687088271399,1786043687.085740014,/novatel/oem7/fix,/novatel/oem7/fix,/novatel/oem7/inspva,39.663,-75.756,-1.800835904,0.002156542,-0.001295700,0.001940500,-0.000940816,-0.001295700,,0,
1786043687089281056,1786043687.086358283,/novatel/oem7/odom,/novatel/oem7/fix,/novatel/oem7/odom,39.663,-75.756,-1.800835904,0.002157922,-0.001293401,-0.000843749,0.001986131,-0.001293401,,,
1786043687096351942,1786043687.095678515,/novatel/oem7/odom,/novatel/oem7/fix,/novatel/oem7/odom,39.663,-75.756,-1.800835904,0.002157922,-0.001293401,-0.000843749,0.001986131,-0.001293401,,,
1786043687106401351,1786043687.105864216,/novatel/oem7/inspva,/novatel/oem7/inspva,/novatel/oem7/inspva,39.663,-75.756,-1.800820434,0.002726979,-0.001366953,0.002317195,-0.001437714,-0.001366953,,novatel_oem7_msgs.msg.InertialSolutionStatus(status=3),
1786043687107723641,1786043687.106013618,/novatel/oem7/fix,/novatel/oem7/fix,/novatel/oem7/inspva,39.663,-75.756,-1.800820434,0.002726979,-0.001366953,0.002317195,-0.001437714,-0.001366953,,0,
1786043687108752618,1786043687.106457162,/novatel/oem7/odom,/novatel/oem7/fix,/novatel/oem7/odom,39.663,-75.756,-1.800820434,0.002727750,-0.001365413,-0.001322136,0.002385912,-0.001365413,,,
1786043687110195599,1786043687.109440091,/novatel/oem7/bestpos,/novatel/oem7/bestpos,/novatel/oem7/odom,39.663,-75.756,33.181525480,0.002727750,-0.001365413,-0.001322136,0.002385912,-0.001365413,,novatel_oem7_msgs.msg.SolutionStatus(status=0),novatel_oem7_msgs.msg.PositionOrVelocityType(type=53)
1786043687111581616,1786043687.110042354,/novatel/oem7/bestvel,/novatel/oem7/bestpos,/novatel/oem7/bestvel,39.663,-75.756,33.181525480,0.002209458,-0.000420210,,,,300.057225323,novatel_oem7_msgs.msg.SolutionStatus(status=0),novatel_oem7_msgs.msg.PositionOrVelocityType(type=53)
1786043687115132675,1786043687.114478615,/novatel/oem7/odom,/novatel/oem7/bestpos,/novatel/oem7/odom,39.663,-75.756,33.181525480,0.002727750,-0.001365413,-0.001322136,0.002385912,-0.001365413,,,
1786043687126945495,1786043687.126395976,/novatel/oem7/inspva,/novatel/oem7/inspva,/novatel/oem7/inspva,39.663,-75.756,-1.800801633,0.000261152,0.000217082,-0.000233901,0.000116149,0.000217082,,novatel_oem7_msgs.msg.InertialSolutionStatus(status=3),
1786043687128250074,1786043687.126561788,/novatel/oem7/fix,/novatel/oem7/fix,/novatel/oem7/inspva,39.663,-75.756,-1.800801633,0.000261152,0.000217082,-0.000233901,0.000116149,0.000217082,,0,
1786043687129262258,1786043687.126968402,/novatel/oem7/odom,/novatel/oem7/fix,/novatel/oem7/odom,39.663,-75.756,-1.800801633,0.000261373,0.000216815,0.000104216,-0.000239698,0.000216815,,,
1786043687135742202,1786043687.135069755,/novatel/oem7/odom,/novatel/oem7/fix,/novatel/oem7/odom,39.663,-75.756,-1.800801633,0.000261373,0.000216815,0.000104216,-0.000239698,0.000216815,,,
1786043687145626299,1786043687.145067408,/novatel/oem7/inspva,/novatel/oem7/inspva,/novatel/oem7/inspva,39.663,-75.756,-1.800791968,0.001000037,0.000777636,0.000479188,0.000877754,0.000777636,,novatel_oem7_msgs.msg.InertialSolutionStatus(status=3),
1786043687146926456,1786043687.145212475,/novatel/oem7/fix,/novatel/oem7/fix,/novatel/oem7/inspva,39.663,-75.756,-1.800791968,0.001000037,0.000777636,0.000479188,0.000877754,0.000777636,,0,
1786043687147941466,1786043687.145610296,/novatel/oem7/odom,/novatel/oem7/fix,/novatel/oem7/odom,39.663,-75.756,-1.800791968,0.000996457,0.000782217,0.000896372,0.000435252,0.000782217,,,
1786043687156786574,1786043687.156083580,/novatel/oem7/odom,/novatel/oem7/fix,/novatel/oem7/odom,39.663,-75.756,-1.800791968,0.000996457,0.000782217,0.000896372,0.000435252,0.000782217,,,
1786043687165854010,1786043687.165294511,/novatel/oem7/inspva,/novatel/oem7/inspva,/novatel/oem7/inspva,39.663,-75.756,-1.800787830,0.002377978,-0.000014872,0.001989661,-0.001302315,-0.000014872,,novatel_oem7_msgs.msg.InertialSolutionStatus(status=3),
1786043687167207217,1786043687.165473236,/novatel/oem7/fix,/novatel/oem7/fix,/novatel/oem7/inspva,39.663,-75.756,-1.800787830,0.002377978,-0.000014872,0.001989661,-0.001302315,-0.000014872,,0,
1786043687168261660,1786043687.166022108,/novatel/oem7/odom,/novatel/oem7/fix,/novatel/oem7/odom,39.663,-75.756,-1.800787830,0.002377984,-0.000013767,-0.001207302,0.002048714,-0.000013767,,,
1786043687175739207,1786043687.175055604,/novatel/oem7/odom,/novatel/oem7/fix,/novatel/oem7/odom,39.663,-75.756,-1.800787830,0.002377984,-0.000013767,-0.001207302,0.002048714,-0.000013767,,,
1786043687186723560,1786043687.186153130,/novatel/oem7/inspva,/novatel/oem7/inspva,/novatel/oem7/inspva,39.663,-75.756,-1.800769105,0.002884887,-0.000961593,0.002486959,-0.001462056,-0.000961593,,novatel_oem7_msgs.msg.InertialSolutionStatus(status=3),
1786043687188063733,1786043687.186313289,/novatel/oem7/fix,/novatel/oem7/fix,/novatel/oem7/inspva,39.663,-75.756,-1.800769105,0.002884887,-0.000961593,0.002486959,-0.001462056,-0.000961593,,0,
1786043687189120670,1786043687.186788241,/novatel/oem7/odom,/novatel/oem7/fix,/novatel/oem7/odom,39.663,-75.756,-1.800769105,0.002885538,-0.000959637,-0.001339956,0.002555553,-0.000959637,,,
1786043687195156086,1786043687.194482850,/novatel/oem7/odom,/novatel/oem7/fix,/novatel/oem7/odom,39.663,-75.756,-1.800769105,0.002885538,-0.000959637,-0.001339956,0.002555553,-0.000959637,,,
1786043687207029721,1786043687.206486872,/novatel/oem7/inspva,/novatel/oem7/inspva,/novatel/oem7/inspva,39.663,-75.756,-1.800756414,0.000431757,-0.000732825,-0.000086939,-0.000422914,-0.000732825,,novatel_oem7_msgs.msg.InertialSolutionStatus(status=3),
1786043687208349630,1786043687.206640857,/novatel/oem7/fix,/novatel/oem7/fix,/novatel/oem7/inspva,39.663,-75.756,-1.800756414,0.000431757,-0.000732825,-0.000086939,-0.000422914,-0.000732825,,0,
1786043687209390620,1786043687.207078681,/novatel/oem7/odom,/novatel/oem7/fix,/novatel/oem7/odom,39.663,-75.756,-1.800756414,0.000428738,-0.000734596,-0.000423790,-0.000064946,-0.000734596,,,
1786043687210881395,1786043687.210129235,/novatel/oem7/bestpos,/novatel/oem7/bestpos,/novatel/oem7/odom,39.663,-75.756,33.181587761,0.000428738,-0.000734596,-0.000423790,-0.000064946,-0.000734596,,novatel_oem7_msgs.msg.SolutionStatus(status=0),novatel_oem7_msgs.msg.PositionOrVelocityType(type=53)
1786043687212233522,1786043687.210651203,/novatel/oem7/bestvel,/novatel/oem7/bestpos,/novatel/oem7/bestvel,39.663,-75.756,33.181587761,0.001442004,-0.000343161,,,,275.623354293,novatel_oem7_msgs.msg.SolutionStatus(status=0),novatel_oem7_msgs.msg.PositionOrVelocityType(type=53)
1786043687216308463,1786043687.215656016,/novatel/oem7/odom,/novatel/oem7/bestpos,/novatel/oem7/odom,39.663,-75.756,33.181587761,0.000428738,-0.000734596,-0.000423790,-0.000064946,-0.000734596,,,
1786043687225582747,1786043687.225028355,/novatel/oem7/inspva,/novatel/oem7/inspva,/novatel/oem7/inspva,39.663,-75.756,-1.800736547,0.000738757,0.000312870,0.000543742,0.000500106,0.000312870,,novatel_oem7_msgs.msg.InertialSolutionStatus(status=3),
1786043687226901471,1786043687.225177810,/novatel/oem7/fix,/novatel/oem7/fix,/novatel/oem7/inspva,39.663,-75.756,-1.800736547,0.000738757,0.000312870,0.000543742,0.000500106,0.000312870,,0,
1786043687227942631,1786043687.225668008,/novatel/oem7/odom,/novatel/oem7/fix,/novatel/oem7/odom,39.663,-75.756,-1.800736547,0.000737306,0.000316274,0.000523938,0.000518757,0.000316274,,,
1786043687235241656,1786043687.234583767,/novatel/oem7/odom,/novatel/oem7/fix,/novatel/oem7/odom,39.663,-75.756,-1.800736547,0.000737306,0.000316274,0.000523938,0.000518757,0.000316274,,,
1786043687247068493,1786043687.246528005,/novatel/oem7/inspva,/novatel/oem7/inspva,/novatel/oem7/inspva,39.663,-75.756,-1.800729651,0.002234597,0.000328715,0.001934529,-0.001118489,0.000328715,,novatel_oem7_msgs.msg.InertialSolutionStatus(status=3),
1786043687248368210,1786043687.246681283,/novatel/oem7/fix,/novatel/oem7/fix,/novatel/oem7/inspva,39.663,-75.756,-1.800729651,0.002234597,0.000328715,0.001934529,-0.001118489,0.000328715,,0,
1786043687249376050,1786043687.247176138,/novatel/oem7/odom,/novatel/oem7/fix,/novatel/oem7/odom,39.663,-75.756,-1.800729651,0.002234368,0.000330263,-0.001027513,0.001984091,0.000330263,,,
1786043687257088752,1786043687.256431406,/novatel/oem7/odom,/novatel/oem7/fix,/novatel/oem7/odom,39.663,-75.756,-1.800729651,0.002234368,0.000330263,-0.001027513,0.001984091,0.000330263,,,
1786043687265570406,1786043687.265006691,/novatel/oem7/inspva,/novatel/oem7/inspva,/novatel/oem7/inspva,39.663,-75.756,-1.800716260,0.002800582,-0.000723918,0.002420033,-0.001409503,-0.000723918,,novatel_oem7_msgs.msg.InertialSolutionStatus(status=3),
1786043687266852283,1786043687.265151432,/novatel/oem7/fix,/novatel/oem7/fix,/novatel/oem7/inspva,39.663,-75.756,-1.800716260,0.002800582,-0.000723918,0.002420033,-0.001409503,-0.000723918,,0,
1786043687267909226,1786043687.265464515,/novatel/oem7/odom,/novatel/oem7/fix,/novatel/oem7/odom,39.663,-75.756,-1.800716260,0.002801076,-0.000722005,-0.001291413,0.002485614,-0.000722005,,,
1786043687276067847,1786043687.275391577,/novatel/oem7/odom,/novatel/oem7/fix,/novatel/oem7/odom,39.663,-75.756,-1.800716260,0.002801076,-0.000722005,-0.001291413,0.002485614,-0.000722005,,,
1786043687285708372,1786043687.285160404,/novatel/oem7/inspva,/novatel/oem7/inspva,/novatel/oem7/inspva,39.663,-75.756,-1.800713460,0.000626156,-0.001657059,0.000343324,-0.000523641,-0.001657059,,novatel_oem7_msgs.msg.InertialSolutionStatus(status=3),
1786043687287024199,1786043687.285304342,/novatel/oem7/fix,/novatel/oem7/fix,/novatel/oem7/inspva,39.663,-75.756,-1.800713460,0.000626156,-0.001657059,0.000343324,-0.000523641,-0.001657059,,0,
1786043687288056822,1786043687.285941884,/novatel/oem7/odom,/novatel/oem7/fix,/novatel/oem7/odom,39.663,-75.756,-1.800713460,0.000623872,-0.001657920,-0.000500758,0.000372099,-0.001657920,,,
1786043687295564837,1786043687.294888036,/novatel/oem7/odom,/novatel/oem7/fix,/novatel/oem7/odom,39.663,-75.756,-1.800713460,0.000623872,-0.001657920,-0.000500758,0.000372099,-0.001657920,,,
1786043687306524738,1786043687.305980983,/novatel/oem7/inspva,/novatel/oem7/inspva,/novatel/oem7/inspva,39.663,-75.756,-1.800688812,0.000839336,-0.000210629,0.000783410,0.000301253,-0.000210629,,novatel_oem7_msgs.msg.InertialSolutionStatus(status=3),
1786043687307814371,1786043687.306123521,/novatel/oem7/fix,/novatel/oem7/fix,/novatel/oem7/inspva,39.663,-75.756,-1.800688812,0.000839336,-0.000210629,0.000783410,0.000301253,-0.000210629,,0,
1786043687308827181,1786043687.306517614,/novatel/oem7/odom,/novatel/oem7/fix,/novatel/oem7/odom,39.663,-75.756,-1.800688812,0.000840178,-0.000207247,0.000338547,0.000768950,-0.000207247,,,
1786043687310275376,1786043687.309476964,/novatel/oem7/bestpos,/novatel/oem7/bestpos,/novatel/oem7/odom,39.663,-75.756,33.181656863,0.000840178,-0.000207247,0.000338547,0.000768950,-0.000207247,,novatel_oem7_msgs.msg.SolutionStatus(status=0),novatel_oem7_msgs.msg.PositionOrVelocityType(type=53)
1786043687311644296,1786043687.310145721,/novatel/oem7/bestvel,/novatel/oem7/bestpos,/novatel/oem7/bestvel,39.663,-75.756,33.181656863,0.001771358,0.000051241,,,,326.303268320,novatel_oem7_msgs.msg.SolutionStatus(status=0),novatel_oem7_msgs.msg.PositionOrVelocityType(type=53)
1786043687314999665,1786043687.314367555,/novatel/oem7/odom,/novatel/oem7/bestpos,/novatel/oem7/odom,39.663,-75.756,33.181656863,0.000840178,-0.000207247,0.000338547,0.000768950,-0.000207247,,,
1786043687325741949,1786043687.325183973,/novatel/oem7/inspva,/novatel/oem7/inspva,/novatel/oem7/inspva,39.663,-75.756,-1.800671879,0.002402560,0.000882652,0.002040932,-0.001267633,0.000882652,,novatel_oem7_msgs.msg.InertialSolutionStatus(status=3),
1786043687327050105,1786043687.325325801,/novatel/oem7/fix,/novatel/oem7/fix,/novatel/oem7/inspva,39.663,-75.756,-1.800671879,0.002402560,0.000882652,0.002040932,-0.001267633,0.000882652,,0,
1786043687328072989,1786043687.325676287,/novatel/oem7/odom,/novatel/oem7/fix,/novatel/oem7/odom,39.663,-75.756,-1.800671879,0.002402071,0.000883983,-0.001173553,0.002095881,0.000883983,,,
1786043687336093244,1786043687.335431218,/novatel/oem7/odom,/novatel/oem7/fix,/novatel/oem7/odom,39.663,-75.756,-1.800671879,0.002402071,0.000883983,-0.001173553,0.002095881,0.000883983,,,
1786043687345502824,1786043687.344961879,/novatel/oem7/inspva,/novatel/oem7/inspva,/novatel/oem7/inspva,39.663,-75.756,-1.800658629,0.003176719,0.000291781,0.002651299,-0.001749902,0.000291781,,novatel_oem7_msgs.msg.InertialSolutionStatus(status=3),
1786043687347025372,1786043687.345097057,/novatel/oem7/fix,/novatel/oem7/fix,/novatel/oem7/inspva,39.663,-75.756,-1.800658629,0.003176719,0.000291781,0.002651299,-0.001749902,0.000291781,,0,
1786043687348335589,1786043687.345514774,/novatel/oem7/odom,/novatel/oem7/fix,/novatel/oem7/odom,39.663,-75.756,-1.800658629,0.003176592,0.000293165,-0.001624339,0.002729883,0.000293165,,,
1786043687356295154,1786043687.355639664,/novatel/oem7/odom,/novatel/oem7/fix,/novatel/oem7/odom,39.663,-75.756,-1.800658629,0.003176592,0.000293165,-0.001624339,0.002729883,0.000293165,,,
1786043687367133411,1786043687.366605453,/novatel/oem7/inspva,/novatel/oem7/inspva,/novatel/oem7/inspva,39.663,-75.756,-1.800657337,0.001362522,-0.001597618,0.001066969,-0.000847375,-0.001597618,,novatel_oem7_msgs.msg.InertialSolutionStatus(status=3),
1786043687368462884,1786043687.366744147,/novatel/oem7/fix,/novatel/oem7/fix,/novatel/oem7/inspva,39.663,-75.756,-1.800657337,0.001362522,-0.001597618,0.001066969,-0.000847375,-0.001597618,,0,
1786043687369487804,1786043687.367473571,/novatel/oem7/odom,/novatel/oem7/fix,/novatel/oem7/odom,39.663,-75.756,-1.800657337,0.001362624,-0.001597531,-0.000790333,0.001110008,-0.001597531,,,
1786043687375286872,1786043687.374635749,/novatel/oem7/odom,/novatel/oem7/fix,/novatel/oem7/odom,39.663,-75.756,-1.800657337,0.001362624,-0.001597531,-0.000790333,0.001110008,-0.001597531,,,
1786043687385593681,1786043687.385019765,/novatel/oem7/inspva,/novatel/oem7/inspva,/novatel/oem7/inspva,39.663,-75.756,-1.800629042,0.001420685,-0.000610934,0.000988646,-0.001020257,-0.000610934,,novatel_oem7_msgs.msg.InertialSolutionStatus(status=3),
1786043687386887930,1786043687.385160810,/novatel/oem7/fix,/novatel/oem7/fix,/novatel/oem7/inspva,39.663,-75.756,-1.800629042,0.001420685,-0.000610934,0.000988646,-0.001020257,-0.000610934,,0,
1786043687387914047,1786043687.385458161,/novatel/oem7/odom,/novatel/oem7/fix,/novatel/oem7/odom,39.663,-75.756,-1.800629042,0.001420343,-0.000611728,-0.000970339,0.001037215,-0.000611728,,,
1786043687396106535,1786043687.395454171,/novatel/oem7/odom,/novatel/oem7/fix,/novatel/oem7/odom,39.663,-75.756,-1.800629042,0.001420343,-0.000611728,-0.000970339,0.001037215,-0.000611728,,,
1786043687407088607,1786043687.406567405,/novatel/oem7/inspva,/novatel/oem7/inspva,/novatel/oem7/inspva,39.663,-75.756,-1.800601063,0.001800602,0.001321988,0.001684888,-0.000635075,0.001321988,,novatel_oem7_msgs.msg.InertialSolutionStatus(status=3),
1786043687408398180,1786043687.406700846,/novatel/oem7/fix,/novatel/oem7/fix,/novatel/oem7/inspva,39.663,-75.756,-1.800601063,0.001800602,0.001321988,0.001684888,-0.000635075,0.001321988,,0,
1786043687409400090,1786043687.407509277,/novatel/oem7/odom,/novatel/oem7/fix,/novatel/oem7/odom,39.663,-75.756,-1.800601063,0.001798688,0.001324592,-0.000560022,0.001709285,0.001324592,,,
1786043687411727492,1786043687.411110160,/novatel/oem7/bestpos,/novatel/oem7/bestpos,/novatel/oem7/odom,39.663,-75.756,33.181755712,0.001798688,0.001324592,-0.000560022,0.001709285,0.001324592,,novatel_oem7_msgs.msg.SolutionStatus(status=0),novatel_oem7_msgs.msg.PositionOrVelocityType(type=53)
1786043687413096243,1786043687.411278485,/novatel/oem7/bestvel,/novatel/oem7/bestpos,/novatel/oem7/bestvel,39.663,-75.756,33.181755712,0.002187169,0.001223469,,,,337.798374520,novatel_oem7_msgs.msg.SolutionStatus(status=0),novatel_oem7_msgs.msg.PositionOrVelocityType(type=53)
1786043687415502284,1786043687.414860252,/novatel/oem7/odom,/novatel/oem7/bestpos,/novatel/oem7/odom,39.663,-75.756,33.181755712,0.001798688,0.001324592,-0.000560022,0.001709285,0.001324592,,,
1786043687426986883,1786043687.426458228,/novatel/oem7/inspva,/novatel/oem7/inspva,/novatel/oem7/inspva,39.663,-75.756,-1.800586883,0.002514170,0.000855182,0.002073666,-0.001421604,0.000855182,,novatel_oem7_msgs.msg.InertialSolutionStatus(status=3),
1786043687428297790,1786043687.426602463,/novatel/oem7/fix,/novatel/oem7/fix,/novatel/oem7/inspva,39.663,-75.756,-1.800586883,0.002514170,0.000855182,0.002073666,-0.001421604,0.000855182,,0,
1786043687429326713,1786043687.427003970,/novatel/oem7/odom,/novatel/oem7/fix,/novatel/oem7/odom,39.663,-75.756,-1.800586883,0.002513888,0.000856010,-0.001325667,0.002135940,0.000856010,,,
1786043687435173591,1786043687.434549145,/novatel/oem7/odom,/novatel/oem7/fix,/novatel/oem7/odom,39.663,-75.756,-1.800586883,0.002513888,0.000856010,-0.001325667,0.002135940,0.000856010,,,
1786043687446101083,1786043687.445533484,/novatel/oem7/inspva,/novatel/oem7/inspva,/novatel/oem7/inspva,39.663,-75.756,-1.800592478,0.003324032,-0.001957700,0.002424311,-0.002274182,-0.001957700,,novatel_oem7_msgs.msg.InertialSolutionStatus(status=3),
1786043687447405232,1786043687.445687355,/novatel/oem7/fix,/novatel/oem7/fix,/novatel/oem7/inspva,39.663,-75.756,-1.800592478,0.003324032,-0.001957700,0.002424311,-0.002274182,-0.001957700,,0,
1786043687448447253,1786043687.446138202,/novatel/oem7/odom,/novatel/oem7/fix,/novatel/oem7/odom,39.663,-75.756,-1.800592478,0.003323353,-0.001958852,-0.002150298,0.002533948,-0.001958852,,,
1786043687457108235,1786043687.456456125,/novatel/oem7/odom,/novatel/oem7/fix,/novatel/oem7/odom,39.663,-75.756,-1.800592478,0.003323353,-0.001958852,-0.002150298,0.002533948,-0.001958852,,,
1786043687465831192,1786043687.465267039,/novatel/oem7/inspva,/novatel/oem7/inspva,/novatel/oem7/inspva,39.663,-75.756,-1.800564162,0.001960007,-0.000880103,0.001591165,-0.001144474,-0.000880103,,novatel_oem7_msgs.msg.InertialSolutionStatus(status=3),
1786043687467133425,1786043687.465399904,/novatel/oem7/fix,/novatel/oem7/fix,/novatel/oem7/inspva,39.663,-75.756,-1.800564162,0.001960007,-0.000880103,0.001591165,-0.001144474,-0.000880103,,0,
1786043687468160041,1786043687.465839688,/novatel/oem7/odom,/novatel/oem7/fix,/novatel/oem7/odom,39.663,-75.756,-1.800564162,0.001960230,-0.000879605,-0.001065051,0.001645652,-0.000879605,,,
1786043687475242331,1786043687.474577934,/novatel/oem7/odom,/novatel/oem7/fix,/novatel/oem7/odom,39.663,-75.756,-1.800564162,0.001960230,-0.000879605,-0.001065051,0.001645652,-0.000879605,,,
1786043687487153436,1786043687.486604350,/novatel/oem7/inspva,/novatel/oem7/inspva,/novatel/oem7/inspva,39.663,-75.756,-1.800546430,0.001648747,0.000738381,0.001313156,-0.000996990,0.000738381,,novatel_oem7_msgs.msg.InertialSolutionStatus(status=3),
1786043687488521316,1786043687.486740698,/novatel/oem7/fix,/novatel/oem7/fix,/novatel/oem7/inspva,39.663,-75.756,-1.800546430,0.001648747,0.000738381,0.001313156,-0.000996990,0.000738381,,0,
1786043687489541369,1786043687.487183019,/novatel/oem7/odom,/novatel/oem7/fix,/novatel/oem7/odom,39.663,-75.756,-1.800546430,0.001648681,0.000738528,-0.000936870,0.001356622,0.000738528,,,
1786043687495654333,1786043687.494976346,/novatel/oem7/odom,/novatel/oem7/fix,/novatel/oem7/odom,39.663,-75.756,-1.800546430,0.001648681,0.000738528,-0.000936870,0.001356622,0.000738528,,,
1786043687506551995,1786043687.506004009,/novatel/oem7/inspva,/novatel/oem7/inspva,/novatel/oem7/inspva,39.663,-75.756,-1.800537986,0.001776140,0.000422713,0.001542858,-0.000879922,0.000422713,,novatel_oem7_msgs.msg.InertialSolutionStatus(status=3),
1786043687507850087,1786043687.506132690,/novatel/oem7/fix,/novatel/oem7/fix,/novatel/oem7/inspva,39.663,-75.756,-1.800537986,0.001776140,0.000422713,0.001542858,-0.000879922,0.000422713,,0,
1786043687508859890,1786043687.506505710,/novatel/oem7/odom,/novatel/oem7/fix,/novatel/oem7/odom,39.663,-75.756,-1.800537986,0.001775831,0.000424007,-0.000807900,0.001581415,0.000424007,,,
1786043687511861627,1786043687.511226684,/novatel/oem7/bestpos,/novatel/oem7/bestpos,/novatel/oem7/odom,39.663,-75.756,33.181831541,0.001775831,0.000424007,-0.000807900,0.001581415,0.000424007,,novatel_oem7_msgs.msg.SolutionStatus(status=0),novatel_oem7_msgs.msg.PositionOrVelocityType(type=53)
1786043687513256934,1786043687.511670115,/novatel/oem7/bestvel,/novatel/oem7/bestpos,/novatel/oem7/bestvel,39.663,-75.756,33.181831541,0.002367412,0.000252800,,,,331.067718741,novatel_oem7_msgs.msg.SolutionStatus(status=0),novatel_oem7_msgs.msg.PositionOrVelocityType(type=53)
1786043687516209756,1786043687.515558677,/novatel/oem7/odom,/novatel/oem7/bestpos,/novatel/oem7/odom,39.663,-75.756,33.181831541,0.001775831,0.000424007,-0.000807900,0.001581415,0.000424007,,,
1786043687525866912,1786043687.525319776,/novatel/oem7/inspva,/novatel/oem7/inspva,/novatel/oem7/inspva,39.663,-75.756,-1.800540586,0.003585340,-0.001090912,0.002580236,-0.002489386,-0.001090912,,novatel_oem7_msgs.msg.InertialSolutionStatus(status=3),
1786043687527192539,1786043687.525468238,/novatel/oem7/fix,/novatel/oem7/fix,/novatel/oem7/inspva,39.663,-75.756,-1.800540586,0.003585340,-0.001090912,0.002580236,-0.002489386,-0.001090912,,0,
1786043687528229265,1786043687.526037903,/novatel/oem7/odom,/novatel/oem7/fix,/novatel/oem7/odom,39.663,-75.756,-1.800540586,0.003584875,-0.001092439,-0.002361114,0.002697493,-0.001092439,,,
1786043687535592938,1786043687.534905008,/novatel/oem7/odom,/novatel/oem7/fix,/novatel/oem7/odom,39.663,-75.756,-1.800540586,0.003584875,-0.001092439,-0.002361114,0.002697493,-0.001092439,,,
1786043687546814336,1786043687.546143586,/novatel/oem7/inspva,/novatel/oem7/inspva,/novatel/oem7/inspva,39.663,-75.756,-1.800515621,0.002928198,-0.001045151,0.001672152,-0.002403799,-0.001045151,,novatel_oem7_msgs.msg.InertialSolutionStatus(status=3),
1786043687548264897,1786043687.546345998,/novatel/oem7/fix,/novatel/oem7/fix,/novatel/oem7/inspva,39.663,-75.756,-1.800515621,0.002928198,-0.001045151,0.001672152,-0.002403799,-0.001045151,,0,
1786043687549473169,1786043687.546724775,/novatel/oem7/odom,/novatel/oem7/fix,/novatel/oem7/odom,39.663,-75.756,-1.800515621,0.002926856,-0.001048902,-0.002318544,0.001786292,-0.001048902,,,
1786043687556706564,1786043687.555982277,/novatel/oem7/odom,/novatel/oem7/fix,/novatel/oem7/odom,39.663,-75.756,-1.800515621,0.002926856,-0.001048902,-0.002318544,0.001786292,-0.001048902,,,
1786043687565880705,1786043687.565317362,/novatel/oem7/inspva,/novatel/oem7/inspva,/novatel/oem7/inspva,39.663,-75.756,-1.800482335,0.002181685,0.001494450,0.001508935,-0.001575711,0.001494450,,novatel_oem7_msgs.msg.InertialSolutionStatus(status=3),
1786043687567266175,1786043687.565510084,/novatel/oem7/fix,/novatel/oem7/fix,/novatel/oem7/inspva,39.663,-75.756,-1.800482335,0.002181685,0.001494450,0.001508935,-0.001575711,0.001494450,,0,
1786043687568368619,1786043687.566157174,/novatel/oem7/odom,/novatel/oem7/fix,/novatel/oem7/odom,39.663,-75.756,-1.800482335,0.002182617,0.001493088,-0.001508502,0.001577415,0.001493088,,,
1786043687576204510,1786043687.575509127,/novatel/oem7/odom,/novatel/oem7/fix,/novatel/oem7/odom,39.663,-75.756,-1.800482335,0.002182617,0.001493088,-0.001508502,0.001577415,0.001493088,,,
1786043687585544392,1786043687.585011927,/novatel/oem7/inspva,/novatel/oem7/inspva,/novatel/oem7/inspva,39.663,-75.756,-1.800473672,0.002548400,0.000903383,0.001865355,-0.001736316,0.000903383,,novatel_oem7_msgs.msg.InertialSolutionStatus(status=3),
1786043687586918150,1786043687.585162862,/novatel/oem7/fix,/novatel/oem7/fix,/novatel/oem7/inspva,39.663,-75.756,-1.800473672,0.002548400,0.000903383,0.001865355,-0.001736316,0.000903383,,0,
1786043687588054944,1786043687.585551586,/novatel/oem7/odom,/novatel/oem7/fix,/novatel/oem7/odom,39.663,-75.756,-1.800473672,0.002548723,0.000902471,-0.001649943,0.001942595,0.000902471,,,
1786043687595001060,1786043687.594334707,/novatel/oem7/odom,/novatel/oem7/fix,/novatel/oem7/odom,39.663,-75.756,-1.800473672,0.002548723,0.000902471,-0.001649943,0.001942595,0.000902471,,,
1786043687606915718,1786043687.606385312,/novatel/oem7/inspva,/novatel/oem7/inspva,/novatel/oem7/inspva,39.663,-75.756,-1.800467485,0.003912225,-0.000260728,0.002794475,-0.002737958,-0.000260728,,novatel_oem7_msgs.msg.InertialSolutionStatus(status=3),
1786043687608734629,1786043687.606528804,/novatel/oem7/fix,/novatel/oem7/fix,/novatel/oem7/inspva,39.663,-75.756,-1.800467485,0.003912225,-0.000260728,0.002794475,-0.002737958,-0.000260728,,0,
1786043687609895427,1786043687.606997651,/novatel/oem7/odom,/novatel/oem7/fix,/novatel/oem7/odom,39.663,-75.756,-1.800467485,0.003912109,-0.000262461,-0.002602343,0.002921028,-0.000262461,,,
1786043687611505436,1786043687.610310007,/novatel/oem7/bestpos,/novatel/oem7/bestpos,/novatel/oem7/odom,39.663,-75.756,33.181919657,0.003912109,-0.000262461,-0.002602343,0.002921028,-0.000262461,,novatel_oem7_msgs.msg.SolutionStatus(status=0),novatel_oem7_msgs.msg.PositionOrVelocityType(type=53)
1786043687612535076,1786043687.610700855,/novatel/oem7/bestvel,/novatel/oem7/bestpos,/novatel/oem7/bestvel,39.663,-75.756,33.181919657,0.004705247,0.000163403,,,,308.261328386,novatel_oem7_msgs.msg.SolutionStatus(status=0),novatel_oem7_msgs.msg.PositionOrVelocityType(type=53)
1786043687615593410,1786043687.614879903,/novatel/oem7/odom,/novatel/oem7/bestpos,/novatel/oem7/odom,39.663,-75.756,33.181919657,0.003912109,-0.000262461,-0.002602343,0.002921028,-0.000262461,,,
1786043687625726687,1786043687.625131588,/novatel/oem7/inspva,/novatel/oem7/inspva,/novatel/oem7/inspva,39.663,-75.756,-1.800442848,0.003822547,-0.000648648,0.002493867,-0.002896980,-0.000648648,,novatel_oem7_msgs.msg.InertialSolutionStatus(status=3),
1786043687627159218,1786043687.625309166,/novatel/oem7/fix,/novatel/oem7/fix,/novatel/oem7/inspva,39.663,-75.756,-1.800442848,0.003822547,-0.000648648,0.002493867,-0.002896980,-0.000648648,,0,
1786043687628320102,1786043687.625639699,/novatel/oem7/odom,/novatel/oem7/fix,/novatel/oem7/odom,39.663,-75.756,-1.800442848,0.003821994,-0.000651903,-0.002773885,0.002629296,-0.000651903,,,
1786043687636263611,1786043687.635603449,/novatel/oem7/odom,/novatel/oem7/fix,/novatel/oem7/odom,39.663,-75.756,-1.800442848,0.003821994,-0.000651903,-0.002773885,0.002629296,-0.000651903,,,
1786043687646063928,1786043687.645475255,/novatel/oem7/inspva,/novatel/oem7/inspva,/novatel/oem7/inspva,39.663,-75.756,-1.800419371,0.002536158,0.000493704,0.001102193,-0.002284134,0.000493704,,novatel_oem7_msgs.msg.InertialSolutionStatus(status=3),
1786043687647536759,1786043687.645664011,/novatel/oem7/fix,/novatel/oem7/fix,/novatel/oem7/inspva,39.663,-75.756,-1.800419371,0.002536158,0.000493704,0.001102193,-0.002284134,0.000493704,,0,
1786043687648653097,1786043687.646307744,/novatel/oem7/odom,/novatel/oem7/fix,/novatel/oem7/odom,39.663,-75.756,-1.800419371,0.002537137,0.000488649,-0.002231518,0.001207226,0.000488649,,,
1786043687656854638,1786043687.656118901,/novatel/oem7/odom,/novatel/oem7/fix,/novatel/oem7/odom,39.663,-75.756,-1.800419371,0.002537137,0.000488649,-0.002231518,0.001207226,0.000488649,,,
1786043687666745386,1786043687.666175880,/novatel/oem7/inspva,/novatel/oem7/inspva,/novatel/oem7/inspva,39.663,-75.756,-1.800409506,0.002130517,0.000897762,0.001700712,-0.001283231,0.000897762,,novatel_oem7_msgs.msg.InertialSolutionStatus(status=3),
1786043687668141540,1786043687.666346162,/novatel/oem7/fix,/novatel/oem7/fix,/novatel/oem7/inspva,39.663,-75.756,-1.800409506,0.002130517,0.000897762,0.001700712,-0.001283231,0.000897762,,0,
1786043687669236984,1786043687.666798626,/novatel/oem7/odom,/novatel/oem7/fix,/novatel/oem7/odom,39.663,-75.756,-1.800409506,0.002130390,0.000898064,-0.001205022,0.001756839,0.000898064,,,
1786043687676144546,1786043687.675442953,/novatel/oem7/odom,/novatel/oem7/fix,/novatel/oem7/odom,39.663,-75.756,-1.800409506,0.002130390,0.000898064,-0.001205022,0.001756839,0.000898064,,,
1786043687685831102,1786043687.685305889,/novatel/oem7/inspva,/novatel/oem7/inspva,/novatel/oem7/inspva,39.663,-75.756,-1.800407654,0.004252907,-0.000162668,0.003012322,-0.003002188,-0.000162668,,novatel_oem7_msgs.msg.InertialSolutionStatus(status=3),
1786043687687272533,1786043687.685457485,/novatel/oem7/fix,/novatel/oem7/fix,/novatel/oem7/inspva,39.663,-75.756,-1.800407654,0.004252907,-0.000162668,0.003012322,-0.003002188,-0.000162668,,0,
1786043687688387627,1786043687.686102114,/novatel/oem7/odom,/novatel/oem7/fix,/novatel/oem7/odom,39.663,-75.756,-1.800407654,0.004252822,-0.000164875,-0.002856284,0.003150895,-0.000164875,,,
1786043687696180921,1786043687.695486217,/novatel/oem7/odom,/novatel/oem7/fix,/novatel/oem7/odom,39.663,-75.756,-1.800407654,0.004252822,-0.000164875,-0.002856284,0.003150895,-0.000164875,,,
1786043687706562177,1786043687.706014831,/novatel/oem7/inspva,/novatel/oem7/inspva,/novatel/oem7/inspva,39.663,-75.756,-1.800387833,0.004430449,-0.000627282,0.002933147,-0.003320470,-0.000627282,,novatel_oem7_msgs.msg.InertialSolutionStatus(status=3),
1786043687707939003,1786043687.706144449,/novatel/oem7/fix,/novatel/oem7/fix,/novatel/oem7/inspva,39.663,-75.756,-1.800387833,0.004430449,-0.000627282,0.002933147,-0.003320470,-0.000627282,,0,
1786043687709014671,1786043687.706583634,/novatel/oem7/odom,/novatel/oem7/fix,/novatel/oem7/odom,39.663,-75.756,-1.800387833,0.004429947,-0.000630818,-0.003176268,0.003088000,-0.000630818,,,
1786043687710549996,1786043687.709521426,/novatel/oem7/bestpos,/novatel/oem7/bestpos,/novatel/oem7/odom,39.663,-75.756,33.182001974,0.004429947,-0.000630818,-0.003176268,0.003088000,-0.000630818,,novatel_oem7_msgs.msg.SolutionStatus(status=0),novatel_oem7_msgs.msg.PositionOrVelocityType(type=53)
1786043687711996644,1786043687.710143412,/novatel/oem7/bestvel,/novatel/oem7/bestpos,/novatel/oem7/bestvel,39.663,-75.756,33.182001974,0.003967301,-0.000207231,,,,303.588134453,novatel_oem7_msgs.msg.SolutionStatus(status=0),novatel_oem7_msgs.msg.PositionOrVelocityType(type=53)
1786043687715101874,1786043687.714418061,/novatel/oem7/odom,/novatel/oem7/bestpos,/novatel/oem7/odom,39.663,-75.756,33.182001974,0.004429947,-0.000630818,-0.003176268,0.003088000,-0.000630818,,,
1786043687727114703,1786043687.726540131,/novatel/oem7/inspva,/novatel/oem7/inspva,/novatel/oem7/inspva,39.663,-75.756,-1.800369971,0.001844357,-0.000093280,0.000909802,-0.001604342,-0.000093280,,novatel_oem7_msgs.msg.InertialSolutionStatus(status=3),
1786043687728550364,1786043687.726673456,/novatel/oem7/fix,/novatel/oem7/fix,/novatel/oem7/inspva,39.663,-75.756,-1.800369971,0.001844357,-0.000093280,0.000909802,-0.001604342,-0.000093280,,0,
1786043687729948251,1786043687.727081043,/novatel/oem7/odom,/novatel/oem7/fix,/novatel/oem7/odom,39.663,-75.756,-1.800369971,0.001844197,-0.000096396,-0.001559357,0.000984616,-0.000096396,,,
1786043687735683022,1786043687.734994299,/novatel/oem7/odom,/novatel/oem7/fix,/novatel/oem7/odom,39.663,-75.756,-1.800369971,0.001844197,-0.000096396,-0.001559357,0.000984616,-0.000096396,,,
1786043687745501785,1786043687.744963420,/novatel/oem7/inspva,/novatel/oem7/inspva,/novatel/oem7/inspva,39.663,-75.756,-1.800356891,0.001913926,0.000561994,0.001140087,-0.001537307,0.000561994,,novatel_oem7_msgs.msg.InertialSolutionStatus(status=3),
1786043687746971346,1786043687.745121501,/novatel/oem7/fix,/novatel/oem7/fix,/novatel/oem7/inspva,39.663,-75.756,-1.800356891,0.001913926,0.000561994,0.001140087,-0.001537307,0.000561994,,0,
1786043687748089111,1786043687.745487502,/novatel/oem7/odom,/novatel/oem7/fix,/novatel/oem7/odom,39.663,-75.756,-1.800356891,0.001914577,0.000559770,-0.001483965,0.001209733,0.000559770,,,
1786043687756399443,1786043687.755735428,/novatel/oem7/odom,/novatel/oem7/fix,/novatel/oem7/odom,39.663,-75.756,-1.800356891,0.001914577,0.000559770,-0.001483965,0.001209733,0.000559770,,,
1786043687766279008,1786043687.765585054,/novatel/oem7/inspva,/novatel/oem7/inspva,/novatel/oem7/inspva,39.663,-75.756,-1.800353745,0.004639533,0.000433632,0.003152358,-0.003404101,0.000433632,,novatel_oem7_msgs.msg.InertialSolutionStatus(status=3),
1786043687767725352,1786043687.765790126,/novatel/oem7/fix,/novatel/oem7/fix,/novatel/oem7/inspva,39.663,-75.756,-1.800353745,0.004639533,0.000433632,0.003152358,-0.003404101,0.000433632,,0,
1786043687768892803,1786043687.766244108,/novatel/oem7/odom,/novatel/oem7/fix,/novatel/oem7/odom,39.663,-75.756,-1.800353745,0.004639831,0.000430426,-0.003253402,0.003308083,0.000430426,,,
1786043687775714371,1786043687.775006501,/novatel/oem7/odom,/novatel/oem7/fix,/novatel/oem7/odom,39.663,-75.756,-1.800353745,0.004639831,0.000430426,-0.003253402,0.003308083,0.000430426,,,
1786043687786654749,1786043687.786094687,/novatel/oem7/inspva,/novatel/oem7/inspva,/novatel/oem7/inspva,39.663,-75.756,-1.800335477,0.004716863,-0.000577674,0.003123451,-0.003534522,-0.000577674,,novatel_oem7_msgs.msg.InertialSolutionStatus(status=3),
1786043687788144767,1786043687.786246128,/novatel/oem7/fix,/novatel/oem7/fix,/novatel/oem7/inspva,39.663,-75.756,-1.800335477,0.004716863,-0.000577674,0.003123451,-0.003534522,-0.000577674,,0,
1786043687789260828,1786043687.786661621,/novatel/oem7/odom,/novatel/oem7/fix,/novatel/oem7/odom,39.663,-75.756,-1.800335477,0.004716387,-0.000581541,-0.003381253,0.003288075,-0.000581541,,,
1786043687795480883,1786043687.794751186,/novatel/oem7/odom,/novatel/oem7/fix,/novatel/oem7/odom,39.663,-75.756,-1.800335477,0.004716387,-0.000581541,-0.003381253,0.003288075,-0.000581541,,,
1786043687807043011,1786043687.806480388,/novatel/oem7/inspva,/novatel/oem7/inspva,/novatel/oem7/inspva,39.663,-75.756,-1.800322645,0.003258198,-0.000686797,0.001696259,-0.002781827,-0.000686797,,novatel_oem7_msgs.msg.InertialSolutionStatus(status=3),
1786043687808531326,1786043687.806637957,/novatel/oem7/fix,/novatel/oem7/fix,/novatel/oem7/inspva,39.663,-75.756,-1.800322645,0.003258198,-0.000686797,0.001696259,-0.002781827,-0.000686797,,0,
1786043687809686197,1786043687.807396258,/novatel/oem7/odom,/novatel/oem7/fix,/novatel/oem7/odom,39.663,-75.756,-1.800322645,0.003257110,-0.000691941,-0.002696249,0.001827294,-0.000691941,,,
1786043687811298786,1786043687.810330253,/novatel/oem7/bestpos,/novatel/oem7/bestpos,/novatel/oem7/odom,39.663,-75.756,33.182065267,0.003257110,-0.000691941,-0.002696249,0.001827294,-0.000691941,,novatel_oem7_msgs.msg.SolutionStatus(status=0),novatel_oem7_msgs.msg.PositionOrVelocityType(type=53)
1786043687812304763,1786043687.810686150,/novatel/oem7/bestvel,/novatel/oem7/bestpos,/novatel/oem7/bestvel,39.663,-75.756,33.182065267,0.003755779,-0.000099937,,,,290.786593993,novatel_oem7_msgs.msg.SolutionStatus(status=0),novatel_oem7_msgs.msg.PositionOrVelocityType(type=53)
1786043687816278155,1786043687.815547442,/novatel/oem7/odom,/novatel/oem7/bestpos,/novatel/oem7/odom,39.663,-75.756,33.182065267,0.003257110,-0.000691941,-0.002696249,0.001827294,-0.000691941,,,
1786043687825587701,1786043687.825039599,/novatel/oem7/inspva,/novatel/oem7/inspva,/novatel/oem7/inspva,39.663,-75.756,-1.800306472,0.001947039,-0.000085349,0.001440780,-0.001309624,-0.000085349,,novatel_oem7_msgs.msg.InertialSolutionStatus(status=3),
1786043687827038852,1786043687.825186987,/novatel/oem7/fix,/novatel/oem7/fix,/novatel/oem7/inspva,39.663,-75.756,-1.800306472,0.001947039,-0.000085349,0.001440780,-0.001309624,-0.000085349,,0,
1786043687828226627,1786043687.825591391,/novatel/oem7/odom,/novatel/oem7/fix,/novatel/oem7/odom,39.663,-75.756,-1.800306472,0.001947015,-0.000085887,-0.001239952,0.001501129,-0.000085887,,,
1786043687835197793,1786043687.834446742,/novatel/oem7/odom,/novatel/oem7/fix,/novatel/oem7/odom,39.663,-75.756,-1.800306472,0.001947015,-0.000085887,-0.001239952,0.001501129,-0.000085887,,,
1786043687846994763,1786043687.846495854,/novatel/oem7/inspva,/novatel/oem7/inspva,/novatel/oem7/inspva,39.663,-75.756,-1.800286079,0.004193515,0.001582062,0.003161991,-0.002754521,0.001582062,,novatel_oem7_msgs.msg.InertialSolutionStatus(status=3),
1786043687848512588,1786043687.846640803,/novatel/oem7/fix,/novatel/oem7/fix,/novatel/oem7/inspva,39.663,-75.756,-1.800286079,0.004193515,0.001582062,0.003161991,-0.002754521,0.001582062,,0,
1786043687849625195,1786043687.847224398,/novatel/oem7/odom,/novatel/oem7/fix,/novatel/oem7/odom,39.663,-75.756,-1.800286079,0.004193871,0.001581119,-0.002608423,0.003284004,0.001581119,,,
1786043687857088129,1786043687.856436165,/novatel/oem7/odom,/novatel/oem7/fix,/novatel/oem7/odom,39.663,-75.756,-1.800286079,0.004193871,0.001581119,-0.002608423,0.003284004,0.001581119,,,
1786043687865485546,1786043687.864937631,/novatel/oem7/inspva,/novatel/oem7/inspva,/novatel/oem7/inspva,39.663,-75.756,-1.800279669,0.005498774,0.000214716,0.003798022,-0.003976374,0.000214716,,novatel_oem7_msgs.msg.InertialSolutionStatus(status=3),
1786043687866939384,1786043687.865080852,/novatel/oem7/fix,/novatel/oem7/fix,/novatel/oem7/inspva,39.663,-75.756,-1.800279669,0.005498774,0.000214716,0.003798022,-0.003976374,0.000214716,,0,
1786043687868087972,1786043687.865546547,/novatel/oem7/odom,/novatel/oem7/fix,/novatel/oem7/odom,39.663,-75.756,-1.800279669,0.005498912,0.000211150,-0.003793754,0.003980637,0.000211150,,,
1786043687876263693,1786043687.875619874,/novatel/oem7/odom,/novatel/oem7/fix,/novatel/oem7/odom,39.663,-75.756,-1.800279669,0.005498912,0.000211150,-0.003793754,0.003980637,0.000211150,,,
1786043687886044003,1786043687.885547074,/novatel/oem7/inspva,/novatel/oem7/inspva,/novatel/oem7/inspva,39.663,-75.756,-1.800279930,0.003283610,-0.001743056,0.002412851,-0.002227160,-0.001743056,,novatel_oem7_msgs.msg.InertialSolutionStatus(status=3),
1786043687887477077,1786043687.885681499,/novatel/oem7/fix,/novatel/oem7/fix,/novatel/oem7/inspva,39.663,-75.756,-1.800279930,0.003283610,-0.001743056,0.002412851,-0.002227160,-0.001743056,,0,
1786043687888585261,1786043687.886636955,/novatel/oem7/odom,/novatel/oem7/fix,/novatel/oem7/odom,39.663,-75.756,-1.800279930,0.003283058,-0.001744094,-0.002104519,0.002519816,-0.001744094,,,
1786043687895378808,1786043687.894729742,/novatel/oem7/odom,/novatel/oem7/fix,/novatel/oem7/odom,39.663,-75.756,-1.800279930,0.003283058,-0.001744094,-0.002104519,0.002519816,-0.001744094,,,
1786043687906561186,1786043687.905983157,/novatel/oem7/inspva,/novatel/oem7/inspva,/novatel/oem7/inspva,39.663,-75.756,-1.800263553,0.003053622,-0.000845009,0.002210344,-0.002106890,-0.000845009,,novatel_oem7_msgs.msg.InertialSolutionStatus(status=3),
1786043687907961636,1786043687.906121621,/novatel/oem7/fix,/novatel/oem7/fix,/novatel/oem7/inspva,39.663,-75.756,-1.800263553,0.003053622,-0.000845009,0.002210344,-0.002106890,-0.000845009,,0,
1786043687909118841,1786043687.906551492,/novatel/oem7/odom,/novatel/oem7/fix,/novatel/oem7/odom,39.663,-75.756,-1.800263553,0.003053294,-0.000846196,-0.001997223,0.002309480,-0.000846196,,,
1786043687910663129,1786043687.909986783,/novatel/oem7/bestpos,/novatel/oem7/bestpos,/novatel/oem7/odom,39.663,-75.756,33.182103596,0.003053294,-0.000846196,-0.001997223,0.002309480,-0.000846196,,novatel_oem7_msgs.msg.SolutionStatus(status=0),novatel_oem7_msgs.msg.PositionOrVelocityType(type=53)
1786043687912182218,1786043687.910525275,/novatel/oem7/bestvel,/novatel/oem7/bestpos,/novatel/oem7/bestvel,39.663,-75.756,33.182103596,0.003759855,-0.000641013,,,,311.475401259,novatel_oem7_msgs.msg.SolutionStatus(status=0),novatel_oem7_msgs.msg.PositionOrVelocityType(type=53)
1786043687915565362,1786043687.914875955,/novatel/oem7/odom,/novatel/oem7/bestpos,/novatel/oem7/odom,39.663,-75.756,33.182103596,0.003053294,-0.000846196,-0.001997223,0.002309480,-0.000846196,,,
1786043687925863737,1786043687.925340018,/novatel/oem7/inspva,/novatel/oem7/inspva,/novatel/oem7/inspva,39.663,-75.756,-1.800252612,0.003943394,0.000661460,0.003318511,-0.002130221,0.000661460,,novatel_oem7_msgs.msg.InertialSolutionStatus(status=3),
1786043687927246513,1786043687.925490346,/novatel/oem7/fix,/novatel/oem7/fix,/novatel/oem7/inspva,39.663,-75.756,-1.800252612,0.003943394,0.000661460,0.003318511,-0.002130221,0.000661460,,0,
1786043687928367368,1786043687.926135579,/novatel/oem7/odom,/novatel/oem7/fix,/novatel/oem7/odom,39.663,-75.756,-1.800252612,0.003943073,0.000663370,-0.001973905,0.003413433,0.000663370,,,
1786043687936312983,1786043687.935639425,/novatel/oem7/odom,/novatel/oem7/fix,/novatel/oem7/odom,39.663,-75.756,-1.800252612,0.003943073,0.000663370,-0.001973905,0.003413433,0.000663370,,,
1786043687945783864,1786043687.945269715,/novatel/oem7/inspva,/novatel/oem7/inspva,/novatel/oem7/inspva,39.663,-75.756,-1.800243921,0.005258302,0.001015272,0.003997235,-0.003416409,0.001015272,,novatel_oem7_msgs.msg.InertialSolutionStatus(status=3),
1786043687947192421,1786043687.945405293,/novatel/oem7/fix,/novatel/oem7/fix,/novatel/oem7/inspva,39.663,-75.756,-1.800243921,0.005258302,0.001015272,0.003997235,-0.003416409,0.001015272,,0,
1786043687948371992,1786043687.945892938,/novatel/oem7/odom,/novatel/oem7/fix,/novatel/oem7/odom,39.663,-75.756,-1.800243921,0.005258457,0.001014468,-0.003227981,0.004151085,0.001014468,,,
1786043687956417169,1786043687.955750309,/novatel/oem7/odom,/novatel/oem7/fix,/novatel/oem7/odom,39.663,-75.756,-1.800243921,0.005258457,0.001014468,-0.003227981,0.004151085,0.001014468,,,
1786043687966592736,1786043687.965975173,/novatel/oem7/inspva,/novatel/oem7/inspva,/novatel/oem7/inspva,39.663,-75.756,-1.800258322,0.004305358,-0.002183884,0.003064086,-0.003024481,-0.002183884,,novatel_oem7_msgs.msg.InertialSolutionStatus(status=3),
1786043687968002003,1786043687.966161422,/novatel/oem7/fix,/novatel/oem7/fix,/novatel/oem7/inspva,39.663,-75.756,-1.800258322,0.004305358,-0.002183884,0.003064086,-0.003024481,-0.002183884,,0,
1786043687969100978,1786043687.966625550,/novatel/oem7/odom,/novatel/oem7/fix,/novatel/oem7/odom,39.663,-75.756,-1.800258322,0.004304359,-0.002185854,-0.002868582,0.003209165,-0.002185854,,,
1786043687976136354,1786043687.975458637,/novatel/oem7/odom,/novatel/oem7/fix,/novatel/oem7/odom,39.663,-75.756,-1.800258322,0.004304359,-0.002185854,-0.002868582,0.003209165,-0.002185854,,,
1786043687985562004,1786043687.985016285,/novatel/oem7/inspva,/novatel/oem7/inspva,/novatel/oem7/inspva,39.663,-75.756,-1.800240808,0.003565817,-0.001592540,0.002334665,-0.002695253,-0.001592540,,novatel_oem7_msgs.msg.InertialSolutionStatus(status=3),
1786043687986970611,1786043687.985170903,/novatel/oem7/fix,/novatel/oem7/fix,/novatel/oem7/inspva,39.663,-75.756,-1.800240808,0.003565817,-0.001592540,0.002334665,-0.002695253,-0.001592540,,0,
1786043687988124836,1786043687.985590618,/novatel/oem7/odom,/novatel/oem7/fix,/novatel/oem7/odom,39.663,-75.756,-1.800240808,0.003564497,-0.001595490,-0.002576279,0.002463418,-0.001595490,,,
1786043687996081141,1786043687.995389841,/novatel/oem7/odom,/novatel/oem7/fix,/novatel/oem7/odom,39.663,-75.756,-1.800240808,0.003564497,-0.001595490,-0.002576279,0.002463418,-0.001595490,,,
1786043688008869028,1786043688.008288389,/novatel/oem7/inspva,/novatel/oem7/inspva,/novatel/oem7/inspva,39.663,-75.756,-1.800217994,0.003265391,0.001234117,0.002758575,-0.001747296,0.001234117,,novatel_oem7_msgs.msg.InertialSolutionStatus(status=3),
1786043688010174504,1786043688.008495454,/novatel/oem7/fix,/novatel/oem7/fix,/novatel/oem7/inspva,39.663,-75.756,-1.800217994,0.003265391,0.001234117,0.002758575,-0.001747296,0.001234117,,0,
1786043688012070696,1786043688.011244276,/novatel/oem7/odom,/novatel/oem7/fix,/novatel/oem7/odom,39.663,-75.756,-1.800217994,0.003264748,0.001235817,-0.001619877,0.002834533,0.001235817,,,
1786043688016174877,1786043688.015560671,/novatel/oem7/odom,/novatel/oem7/fix,/novatel/oem7/odom,39.663,-75.756,-1.800217994,0.003264748,0.001235817,-0.001619877,0.002834533,0.001235817,,,
1786043688025067551,1786043688.024513396,/novatel/oem7/bestpos,/novatel/oem7/bestpos,/novatel/oem7/odom,39.663,-75.756,33.182152268,0.003264748,0.001235817,-0.001619877,0.002834533,0.001235817,,novatel_oem7_msgs.msg.SolutionStatus(status=0),novatel_oem7_msgs.msg.PositionOrVelocityType(type=53)
1786043688026444099,1786043688.025041998,/novatel/oem7/bestvel,/novatel/oem7/bestpos,/novatel/oem7/bestvel,39.663,-75.756,33.182152268,0.003990942,0.000900881,,,,331.109025833,novatel_oem7_msgs.msg.SolutionStatus(status=0),novatel_oem7_msgs.msg.PositionOrVelocityType(type=53)
1786043688027794368,1786043688.026977650,/novatel/oem7/inspva,/novatel/oem7/inspva,/novatel/oem7/inspva,39.663,-75.756,-1.800205793,0.003658746,0.001142954,0.002765855,-0.002395094,0.001142954,,novatel_oem7_msgs.msg.InertialSolutionStatus(status=3),
1786043688028604870,1786043688.027117995,/novatel/oem7/fix,/novatel/oem7/fix,/novatel/oem7/inspva,39.663,-75.756,-1.800205793,0.003658746,0.001142954,0.002765855,-0.002395094,0.001142954,,0,
1786043688030266693,1786043688.027587643,/novatel/oem7/odom,/novatel/oem7/fix,/novatel/oem7/odom,39.663,-75.756,-1.800205793,0.003658940,0.001142335,-0.002266251,0.002872620,0.001142335,,,
1786043688035483228,1786043688.034834615,/novatel/oem7/odom,/novatel/oem7/fix,/novatel/oem7/odom,39.663,-75.756,-1.800205793,0.003658940,0.001142335,-0.002266251,0.002872620,0.001142335,,,
1786043688046352596,1786043688.045870511,/novatel/oem7/inspva,/novatel/oem7/inspva,/novatel/oem7/inspva,39.663,-75.756,-1.800212706,0.005652084,-0.001155508,0.004090599,-0.003900391,-0.001155508,,novatel_oem7_msgs.msg.InertialSolutionStatus(status=3),
1786043688047643975,1786043688.046026339,/novatel/oem7/fix,/novatel/oem7/fix,/novatel/oem7/inspva,39.663,-75.756,-1.800212706,0.005652084,-0.001155508,0.004090599,-0.003900391,-0.001155508,,0,
1786043688048655922,1786043688.046900711,/novatel/oem7/odom,/novatel/oem7/fix,/novatel/oem7/odom,39.663,-75.756,-1.800212706,0.005651636,-0.001157697,-0.003698874,0.004273092,-0.001157697,,,
1786043688056917350,1786043688.056285210,/novatel/oem7/odom,/novatel/oem7/fix,/novatel/oem7/odom,39.663,-75.756,-1.800212706,0.005651636,-0.001157697,-0.003698874,0.004273092,-0.001157697,,,
1786043688065673717,1786043688.065167772,/novatel/oem7/inspva,/novatel/oem7/inspva,/novatel/oem7/inspva,39.663,-75.756,-1.800213649,0.004625980,-0.001834908,0.003162661,-0.003375983,-0.001834908,,novatel_oem7_msgs.msg.InertialSolutionStatus(status=3),
1786043688066968593,1786043688.065310653,/novatel/oem7/fix,/novatel/oem7/fix,/novatel/oem7/inspva,39.663,-75.756,-1.800213649,0.004625980,-0.001834908,0.003162661,-0.003375983,-0.001834908,,0,
1786043688068005703,1786043688.065775231,/novatel/oem7/odom,/novatel/oem7/fix,/novatel/oem7/odom,39.663,-75.756,-1.800213649,0.004624830,-0.001837803,-0.003216347,0.003323277,-0.001837803,,,
1786043688075143114,1786043688.074546867,/novatel/oem7/odom,/novatel/oem7/fix,/novatel/oem7/odom,39.663,-75.756,-1.800213649,0.004624830,-0.001837803,-0.003216347,0.003323277,-0.001837803,,,
1786043688086122879,1786043688.085643485,/novatel/oem7/inspva,/novatel/oem7/inspva,/novatel/oem7/inspva,39.663,-75.756,-1.800192757,0.002327431,0.001186715,0.001932003,-0.001297805,0.001186715,,novatel_oem7_msgs.msg.InertialSolutionStatus(status=3),
1786043688087385218,1786043688.085791952,/novatel/oem7/fix,/novatel/oem7/fix,/novatel/oem7/inspva,39.663,-75.756,-1.800192757,0.002327431,0.001186715,0.001932003,-0.001297805,0.001186715,,0,
1786043688088389552,1786043688.086243234,/novatel/oem7/odom,/novatel/oem7/fix,/novatel/oem7/odom,39.663,-75.756,-1.800192757,0.002326940,0.001187677,-0.001209664,0.001987804,0.001187677,,,
1786043688096343220,1786043688.095614143,/novatel/oem7/odom,/novatel/oem7/fix,/novatel/oem7/odom,39.663,-75.756,-1.800192757,0.002326940,0.001187677,-0.001209664,0.001987804,0.001187677,,,
1786043688106356583,1786043688.105851365,/novatel/oem7/inspva,/novatel/oem7/inspva,/novatel/oem7/inspva,39.663,-75.756,-1.800193367,0.003000633,0.001516354,0.002306728,-0.001919062,0.001516354,,novatel_oem7_msgs.msg.InertialSolutionStatus(status=3),
1786043688107666573,1786043688.105943615,/novatel/oem7/fix,/novatel/oem7/fix,/novatel/oem7/inspva,39.663,-75.756,-1.800193367,0.003000633,0.001516354,0.002306728,-0.001919062,0.001516354,,0,
1786043688108690056,1786043688.106363930,/novatel/oem7/odom,/novatel/oem7/fix,/novatel/oem7/odom,39.663,-75.756,-1.800193367,0.003000786,0.001516051,-0.001813811,0.002390566,0.001516051,,,
1786043688110134903,1786043688.109412487,/novatel/oem7/bestpos,/novatel/oem7/bestpos,/novatel/oem7/odom,39.663,-75.756,33.182182136,0.003000786,0.001516051,-0.001813811,0.002390566,0.001516051,,novatel_oem7_msgs.msg.SolutionStatus(status=0),novatel_oem7_msgs.msg.PositionOrVelocityType(type=53)
1786043688111513531,1786043688.109945035,/novatel/oem7/bestvel,/novatel/oem7/bestpos,/novatel/oem7/bestvel,39.663,-75.756,33.182182136,0.002234154,0.001311428,,,,330.242104052,novatel_oem7_msgs.msg.SolutionStatus(status=0),novatel_oem7_msgs.msg.PositionOrVelocityType(type=53)
1786043688116086966,1786043688.115454643,/novatel/oem7/odom,/novatel/oem7/bestpos,/novatel/oem7/odom,39.663,-75.756,33.182182136,0.003000786,0.001516051,-0.001813811,0.002390566,0.001516051,,,
1786043688126357474,1786043688.125882705,/novatel/oem7/inspva,/novatel/oem7/inspva,/novatel/oem7/inspva,39.663,-75.756,-1.800213092,0.005584039,-0.001219203,0.004334155,-0.003520879,-0.001219203,,novatel_oem7_msgs.msg.InertialSolutionStatus(status=3),
1786043688127687287,1786043688.125953774,/novatel/oem7/fix,/novatel/oem7/fix,/novatel/oem7/inspva,39.663,-75.756,-1.800213092,0.005584039,-0.001219203,0.004334155,-0.003520879,-0.001219203,,0,
1786043688128720784,1786043688.126614866,/novatel/oem7/odom,/novatel/oem7/fix,/novatel/oem7/odom,39.663,-75.756,-1.800213092,0.005583976,-0.001219490,-0.003308057,0.004498617,-0.001219490,,,
1786043688135338500,1786043688.134694076,/novatel/oem7/odom,/novatel/oem7/fix,/novatel/oem7/odom,39.663,-75.756,-1.800213092,0.005583976,-0.001219490,-0.003308057,0.004498617,-0.001219490,,,
1786043688145756850,1786043688.145261220,/novatel/oem7/inspva,/novatel/oem7/inspva,/novatel/oem7/inspva,39.663,-75.756,-1.800221363,0.005009099,-0.001422738,0.003700765,-0.003375710,-0.001422738,,novatel_oem7_msgs.msg.InertialSolutionStatus(status=3),
1786043688147059556,1786043688.145334537,/novatel/oem7/fix,/novatel/oem7/fix,/novatel/oem7/inspva,39.663,-75.756,-1.800221363,0.005009099,-0.001422738,0.003700765,-0.003375710,-0.001422738,,0,
1786043688148073263,1786043688.145773603,/novatel/oem7/odom,/novatel/oem7/fix,/novatel/oem7/odom,39.663,-75.756,-1.800221363,0.005008698,-0.001424150,-0.003192256,0.003859606,-0.001424150,,,
1786043688156755375,1786043688.156093592,/novatel/oem7/odom,/novatel/oem7/fix,/novatel/oem7/odom,39.663,-75.756,-1.800221363,0.005008698,-0.001424150,-0.003192256,0.003859606,-0.001424150,,,
1786043688165844415,1786043688.165334803,/novatel/oem7/inspva,/novatel/oem7/inspva,/novatel/oem7/inspva,39.663,-75.756,-1.800226280,0.001768947,-0.000816604,0.001182694,-0.001315450,-0.000816604,,novatel_oem7_msgs.msg.InertialSolutionStatus(status=3),
1786043688167136157,1786043688.165496701,/novatel/oem7/fix,/novatel/oem7/fix,/novatel/oem7/inspva,39.663,-75.756,-1.800226280,0.001768947,-0.000816604,0.001182694,-0.001315450,-0.000816604,,0,
1786043688168154461,1786043688.166080014,/novatel/oem7/odom,/novatel/oem7/fix,/novatel/oem7/odom,39.663,-75.756,-1.800226280,0.001768366,-0.000817861,-0.001255214,0.001245615,-0.000817861,,,
1786043688175720726,1786043688.175078840,/novatel/oem7/odom,/novatel/oem7/fix,/novatel/oem7/odom,39.663,-75.756,-1.800226280,0.001768366,-0.000817861,-0.001255214,0.001245615,-0.000817861,,,
1786043688188035604,1786043688.187407040,/novatel/oem7/inspva,/novatel/oem7/inspva,/novatel/oem7/inspva,39.663,-75.756,-1.800216600,0.002587252,0.001094224,0.001579510,-0.002049151,0.001094224,,novatel_oem7_msgs.msg.InertialSolutionStatus(status=3),
1786043688189383594,1786043688.187499111,/novatel/oem7/fix,/novatel/oem7/fix,/novatel/oem7/inspva,39.663,-75.756,-1.800216600,0.002587252,0.001094224,0.001579510,-0.002049151,0.001094224,,0,
1786043688190408398,1786043688.187853796,/novatel/oem7/odom,/novatel/oem7/fix,/novatel/oem7/odom,39.663,-75.756,-1.800216600,0.002588430,0.001091434,-0.001976446,0.001671417,0.001091434,,,
1786043688195119198,1786043688.194386494,/novatel/oem7/odom,/novatel/oem7/fix,/novatel/oem7/odom,39.663,-75.756,-1.800216600,0.002588430,0.001091434,-0.001976446,0.001671417,0.001091434,,,
1786043688207263038,1786043688.206707519,/novatel/oem7/inspva,/novatel/oem7/inspva,/novatel/oem7/inspva,39.663,-75.756,-1.800227216,0.004515937,-0.000013059,0.003145224,-0.003240564,-0.000013059,,novatel_oem7_msgs.msg.InertialSolutionStatus(status=3),
1786043688208629335,1786043688.206795057,/novatel/oem7/fix,/novatel/oem7/fix,/novatel/oem7/inspva,39.663,-75.756,-1.800227216,0.004515937,-0.000013059,0.003145224,-0.003240564,-0.000013059,,0,
1786043688209679328,1786043688.207207894,/novatel/oem7/odom,/novatel/oem7/fix,/novatel/oem7/odom,39.663,-75.756,-1.800227216,0.004515929,-0.000015781,-0.003088642,0.003294526,-0.000015781,,,
1786043688211204600,1786043688.210159956,/novatel/oem7/bestpos,/novatel/oem7/bestpos,/novatel/oem7/odom,39.663,-75.756,33.182149888,0.004515929,-0.000015781,-0.003088642,0.003294526,-0.000015781,,novatel_oem7_msgs.msg.SolutionStatus(status=0),novatel_oem7_msgs.msg.PositionOrVelocityType(type=53)
1786043688212603597,1786043688.210660628,/novatel/oem7/bestvel,/novatel/oem7/bestpos,/novatel/oem7/bestvel,39.663,-75.756,33.182149888,0.003355803,-0.000780626,,,,332.341000175,novatel_oem7_msgs.msg.SolutionStatus(status=0),novatel_oem7_msgs.msg.PositionOrVelocityType(type=53)
1786043688216183623,1786043688.215432815,/novatel/oem7/odom,/novatel/oem7/bestpos,/novatel/oem7/odom,39.663,-75.756,33.182149888,0.004515929,-0.000015781,-0.003088642,0.003294526,-0.000015781,,,
1786043688225481582,1786043688.224909375,/novatel/oem7/inspva,/novatel/oem7/inspva,/novatel/oem7/inspva,39.663,-75.756,-1.800235423,0.004213902,-0.000475764,0.003081384,-0.002874377,-0.000475764,,novatel_oem7_msgs.msg.InertialSolutionStatus(status=3),
1786043688226812455,1786043688.224994870,/novatel/oem7/fix,/novatel/oem7/fix,/novatel/oem7/inspva,39.663,-75.756,-1.800235423,0.004213902,-0.000475764,0.003081384,-0.002874377,-0.000475764,,0,
1786043688227845622,1786043688.225499795,/novatel/oem7/odom,/novatel/oem7/fix,/novatel/oem7/odom,39.663,-75.756,-1.800235423,0.004213743,-0.000477175,-0.002724162,0.003214743,-0.000477175,,,
1786043688235168491,1786043688.234455070,/novatel/oem7/odom,/novatel/oem7/fix,/novatel/oem7/odom,39.663,-75.756,-1.800235423,0.004213743,-0.000477175,-0.002724162,0.003214743,-0.000477175,,,
1786043688246892881,1786043688.246339814,/novatel/oem7/inspva,/novatel/oem7/inspva,/novatel/oem7/inspva,39.663,-75.756,-1.800247293,0.001663001,-0.001368741,0.000826225,-0.001443234,-0.001368741,,novatel_oem7_msgs.msg.InertialSolutionStatus(status=3),
1786043688248229664,1786043688.246435273,/novatel/oem7/fix,/novatel/oem7/fix,/novatel/oem7/inspva,39.663,-75.756,-1.800247293,0.001663001,-0.001368741,0.000826225,-0.001443234,-0.001368741,,0,
1786043688249256217,1786043688.247003155,/novatel/oem7/odom,/novatel/oem7/fix,/novatel/oem7/odom,39.663,-75.756,-1.800247293,0.001660732,-0.001371492,-0.001397619,0.000897047,-0.001371492,,,
1786043688257287016,1786043688.256582153,/novatel/oem7/odom,/novatel/oem7/fix,/novatel/oem7/odom,39.663,-75.756,-1.800247293,0.001660732,-0.001371492,-0.001397619,0.000897047,-0.001371492,,,
1786043688265622192,1786043688.265015607,/novatel/oem7/inspva,/novatel/oem7/inspva,/novatel/oem7/inspva,39.663,-75.756,-1.800235400,0.002426878,0.000056787,0.000917332,-0.002246828,0.000056787,,novatel_oem7_msgs.msg.InertialSolutionStatus(status=3),
1786043688266968882,1786043688.265103972,/novatel/oem7/fix,/novatel/oem7/fix,/novatel/oem7/inspva,39.663,-75.756,-1.800235400,0.002426878,0.000056787,0.000917332,-0.002246828,0.000056787,,0,
1786043688268016053,1786043688.265467464,/novatel/oem7/odom,/novatel/oem7/fix,/novatel/oem7/odom,39.663,-75.756,-1.800235400,0.002426999,0.000051357,-0.002201289,0.001022081,0.000051357,,,
1786043688275252811,1786043688.274544484,/novatel/oem7/odom,/novatel/oem7/fix,/novatel/oem7/odom,39.663,-75.756,-1.800235400,0.002426999,0.000051357,-0.002201289,0.001022081,0.000051357,,,
1786043688285690811,1786043688.285118289,/novatel/oem7/inspva,/novatel/oem7/inspva,/novatel/oem7/inspva,39.663,-75.756,-1.800228136,0.003753404,0.001145263,0.002188046,-0.003049672,0.001145263,,novatel_oem7_msgs.msg.InertialSolutionStatus(status=3),
1786043688287067468,1786043688.285201521,/novatel/oem7/fix,/novatel/oem7/fix,/novatel/oem7/inspva,39.663,-75.756,-1.800228136,0.003753404,0.001145263,0.002188046,-0.003049672,0.001145263,,0,
1786043688288134189,1786043688.285838756,/novatel/oem7/odom,/novatel/oem7/fix,/novatel/oem7/odom,39.663,-75.756,-1.800228136,0.003754861,0.001140479,-0.002947426,0.002326297,0.001140479,,,
1786043688295495545,1786043688.294773354,/novatel/oem7/odom,/novatel/oem7/fix,/novatel/oem7/odom,39.663,-75.756,-1.800228136,0.003754861,0.001140479,-0.002947426,0.002326297,0.001140479,,,
1786043688306456583,1786043688.305847034,/novatel/oem7/inspva,/novatel/oem7/inspva,/novatel/oem7/inspva,39.663,-75.756,-1.800247158,0.003261643,-0.000170349,0.002260470,-0.002351295,-0.000170349,,novatel_oem7_msgs.msg.InertialSolutionStatus(status=3),
1786043688307824217,1786043688.306020919,/novatel/oem7/fix,/novatel/oem7/fix,/novatel/oem7/inspva,39.663,-75.756,-1.800247158,0.003261643,-0.000170349,0.002260470,-0.002351295,-0.000170349,,0,
1786043688308876217,1786043688.306543591,/novatel/oem7/odom,/novatel/oem7/fix,/novatel/oem7/odom,39.663,-75.756,-1.800247158,0.003261539,-0.000172332,-0.002241492,0.002369250,-0.000172332,,,
1786043688310441236,1786043688.309088792,/novatel/oem7/bestpos,/novatel/oem7/bestpos,/novatel/oem7/odom,39.663,-75.756,33.182135419,0.003261539,-0.000172332,-0.002241492,0.002369250,-0.000172332,,novatel_oem7_msgs.msg.SolutionStatus(status=0),novatel_oem7_msgs.msg.PositionOrVelocityType(type=53)
1786043688311362512,1786043688.309598697,/novatel/oem7/bestvel,/novatel/oem7/bestpos,/novatel/oem7/bestvel,39.663,-75.756,33.182135419,0.003470621,-0.001147953,,,,335.195057908,novatel_oem7_msgs.msg.SolutionStatus(status=0),novatel_oem7_msgs.msg.PositionOrVelocityType(type=53)
1786043688315150336,1786043688.314432782,/novatel/oem7/odom,/novatel/oem7/bestpos,/novatel/oem7/odom,39.663,-75.756,33.182135419,0.003261539,-0.000172332,-0.002241492,0.002369250,-0.000172332,,,
1786043688325978203,1786043688.325354430,/novatel/oem7/inspva,/novatel/oem7/inspva,/novatel/oem7/inspva,39.663,-75.756,-1.800265974,0.002738060,-0.001722164,0.001440838,-0.002328296,-0.001722164,,novatel_oem7_msgs.msg.InertialSolutionStatus(status=3),
1786043688327379120,1786043688.325570542,/novatel/oem7/fix,/novatel/oem7/fix,/novatel/oem7/inspva,39.663,-75.756,-1.800265974,0.002738060,-0.001722164,0.001440838,-0.002328296,-0.001722164,,0,
1786043688328478048,1786043688.326235062,/novatel/oem7/odom,/novatel/oem7/fix,/novatel/oem7/odom,39.663,-75.756,-1.800265974,0.002735424,-0.001726348,-0.002251408,0.001553610,-0.001726348,,,
1786043688336438617,1786043688.335702893,/novatel/oem7/odom,/novatel/oem7/fix,/novatel/oem7/odom,39.663,-75.756,-1.800265974,0.002735424,-0.001726348,-0.002251408,0.001553610,-0.001726348,,,
1786043688345657751,1786043688.345065667,/novatel/oem7/inspva,/novatel/oem7/inspva,/novatel/oem7/inspva,39.663,-75.756,-1.800270942,0.002429649,-0.001323758,0.001078707,-0.002177059,-0.001323758,,novatel_oem7_msgs.msg.InertialSolutionStatus(status=3),
1786043688347057872,1786043688.345155913,/novatel/oem7/fix,/novatel/oem7/fix,/novatel/oem7/inspva,39.663,-75.756,-1.800270942,0.002429649,-0.001323758,0.001078707,-0.002177059,-0.001323758,,0,
1786043688348124422,1786043688.345653101,/novatel/oem7/odom,/novatel/oem7/fix,/novatel/oem7/odom,39.663,-75.756,-1.800270942,0.002427089,-0.001328446,-0.002118874,0.001183696,-0.001328446,,,
1786043688356556766,1786043688.355791831,/novatel/oem7/odom,/novatel/oem7/fix,/novatel/oem7/odom,39.663,-75.756,-1.800270942,0.002427089,-0.001328446,-0.002118874,0.001183696,-0.001328446,,,
1786043688367279865,1786043688.366651812,/novatel/oem7/inspva,/novatel/oem7/inspva,/novatel/oem7/inspva,39.663,-75.756,-1.800260169,0.002296518,0.001068979,0.000931407,-0.002099161,0.001068979,,novatel_oem7_msgs.msg.InertialSolutionStatus(status=3),
1786043688368707032,1786043688.366846448,/novatel/oem7/fix,/novatel/oem7/fix,/novatel/oem7/inspva,39.663,-75.756,-1.800260169,0.002296518,0.001068979,0.000931407,-0.002099161,0.001068979,,0,
1786043688369784773,1786043688.367395366,/novatel/oem7/odom,/novatel/oem7/fix,/novatel/oem7/odom,39.663,-75.756,-1.800260169,0.002298801,0.001064061,-0.002056905,0.001026464,0.001064061,,,
1786043688375794236,1786043688.375072865,/novatel/oem7/odom,/novatel/oem7/fix,/novatel/oem7/odom,39.663,-75.756,-1.800260169,0.002298801,0.001064061,-0.002056905,0.001026464,0.001064061,,,
1786043688385710567,1786043688.385096994,/novatel/oem7/inspva,/novatel/oem7/inspva,/novatel/oem7/inspva,39.663,-75.756,-1.800274922,0.002267376,0.000775702,0.001304126,-0.001854791,0.000775702,,novatel_oem7_msgs.msg.InertialSolutionStatus(status=3),
1786043688387079891,1786043688.385299006,/novatel/oem7/fix,/novatel/oem7/fix,/novatel/oem7/inspva,39.663,-75.756,-1.800274922,0.002267376,0.000775702,0.001304126,-0.001854791,0.000775702,,0,
1786043688388130995,1786043688.385728988,/novatel/oem7/odom,/novatel/oem7/fix,/novatel/oem7/odom,39.663,-75.756,-1.800274922,0.002268388,0.000772738,-0.001794141,0.001388035,0.000772738,,,
1786043688395436981,1786043688.394740390,/novatel/oem7/odom,/novatel/oem7/fix,/novatel/oem7/odom,39.663,-75.756,-1.800274922,0.002268388,0.000772738,-0.001794141,0.001388035,0.000772738,,,
1786043688407087142,1786043688.406489556,/novatel/oem7/inspva,/novatel/oem7/inspva,/novatel/oem7/inspva,39.663,-75.756,-1.800298223,0.003292105,-0.001784033,0.001706250,-0.002815434,-0.001784033,,novatel_oem7_msgs.msg.InertialSolutionStatus(status=3),
1786043688408477066,1786043688.406712365,/novatel/oem7/fix,/novatel/oem7/fix,/novatel/oem7/inspva,39.663,-75.756,-1.800298223,0.003292105,-0.001784033,0.001706250,-0.002815434,-0.001784033,,0,
1786043688409542686,1786043688.407104382,/novatel/oem7/odom,/novatel/oem7/fix,/novatel/oem7/odom,39.663,-75.756,-1.800298223,0.003289252,-0.001789287,-0.002725216,0.001841841,-0.001789287,,,
1786043688411096412,1786043688.409855219,/novatel/oem7/bestpos,/novatel/oem7/bestpos,/novatel/oem7/odom,39.663,-75.756,33.182096312,0.003289252,-0.001789287,-0.002725216,0.001841841,-0.001789287,,novatel_oem7_msgs.msg.SolutionStatus(status=0),novatel_oem7_msgs.msg.PositionOrVelocityType(type=53)
1786043688412189503,1786043688.410315381,/novatel/oem7/bestvel,/novatel/oem7/bestpos,/novatel/oem7/bestvel,39.663,-75.756,33.182096312,0.002882214,-0.001642465,,,,295.976708507,novatel_oem7_msgs.msg.SolutionStatus(status=0),novatel_oem7_msgs.msg.PositionOrVelocityType(type=53)
1786043688415626687,1786043688.414917962,/novatel/oem7/odom,/novatel/oem7/bestpos,/novatel/oem7/odom,39.663,-75.756,33.182096312,0.003289252,-0.001789287,-0.002725216,0.001841841,-0.001789287,,,
1786043688426615265,1786043688.426014559,/novatel/oem7/inspva,/novatel/oem7/inspva,/novatel/oem7/inspva,39.663,-75.756,-1.800292090,0.002904997,-0.001068439,0.001611628,-0.002416953,-0.001068439,,novatel_oem7_msgs.msg.InertialSolutionStatus(status=3),
1786043688427976926,1786043688.426168421,/novatel/oem7/fix,/novatel/oem7/fix,/novatel/oem7/inspva,39.663,-75.756,-1.800292090,0.002904997,-0.001068439,0.001611628,-0.002416953,-0.001068439,,0,
1786043688429026593,1786043688.426613362,/novatel/oem7/odom,/novatel/oem7/fix,/novatel/oem7/odom,39.663,-75.756,-1.800292090,0.002903485,-0.001072540,-0.002334314,0.001726616,-0.001072540,,,
1786043688435188987,1786043688.434523794,/novatel/oem7/odom,/novatel/oem7/fix,/novatel/oem7/odom,39.663,-75.756,-1.800292090,0.002903485,-0.001072540,-0.002334314,0.001726616,-0.001072540,,,
1786043688445858906,1786043688.445248390,/novatel/oem7/inspva,/novatel/oem7/inspva,/novatel/oem7/inspva,39.663,-75.756,-1.800277192,0.000891609,0.000768939,-0.000237557,-0.000859380,0.000768939,,novatel_oem7_msgs.msg.InertialSolutionStatus(status=3),
1786043688447451795,1786043688.445391548,/novatel/oem7/fix,/novatel/oem7/fix,/novatel/oem7/inspva,39.663,-75.756,-1.800277192,0.000891609,0.000768939,-0.000237557,-0.000859380,0.000768939,,0,
1786043688448759301,1786043688.445722584,/novatel/oem7/odom,/novatel/oem7/fix,/novatel/oem7/odom,39.663,-75.756,-1.800277192,0.000894855,0.000765160,-0.000872488,-0.000198820,0.000765160,,,
1786043688457170115,1786043688.456477128,/novatel/oem7/odom,/novatel/oem7/fix,/novatel/oem7/odom,39.663,-75.756,-1.800277192,0.000894855,0.000765160,-0.000872488,-0.000198820,0.000765160,,,
1786043688465578705,1786043688.464988089,/novatel/oem7/inspva,/novatel/oem7/inspva,/novatel/oem7/inspva,39.663,-75.756,-1.800280249,0.001322953,0.000802061,0.000412261,-0.001257078,0.000802061,,novatel_oem7_msgs.msg.InertialSolutionStatus(status=3),
1786043688466929271,1786043688.465136253,/novatel/oem7/fix,/novatel/oem7/fix,/novatel/oem7/inspva,39.663,-75.756,-1.800280249,0.001322953,0.000802061,0.000412261,-0.001257078,0.000802061,,0,
1786043688467978889,1786043688.465580571,/novatel/oem7/odom,/novatel/oem7/fix,/novatel/oem7/odom,39.663,-75.756,-1.800280249,0.001324999,0.000798675,-0.001239252,0.000468913,0.000798675,,,
1786043688475203960,1786043688.474514746,/novatel/oem7/odom,/novatel/oem7/fix,/novatel/oem7/odom,39.663,-75.756,-1.800280249,0.001324999,0.000798675,-0.001239252,0.000468913,0.000798675,,,
1786043688487084081,1786043688.486496308,/novatel/oem7/inspva,/novatel/oem7/inspva,/novatel/oem7/inspva,39.663,-75.756,-1.800299169,0.003491414,-0.001045830,0.002266145,-0.002656042,-0.001045830,,novatel_oem7_msgs.msg.InertialSolutionStatus(status=3),
1786043688488465551,1786043688.486663143,/novatel/oem7/fix,/novatel/oem7/fix,/novatel/oem7/inspva,39.663,-75.756,-1.800299169,0.003491414,-0.001045830,0.002266145,-0.002656042,-0.001045830,,0,
1786043688489510185,1786043688.487020027,/novatel/oem7/odom,/novatel/oem7/fix,/novatel/oem7/odom,39.663,-75.756,-1.800299169,0.003490467,-0.001048987,-0.002542354,0.002391610,-0.001048987,,,
1786043688495865295,1786043688.495128293,/novatel/oem7/odom,/novatel/oem7/fix,/novatel/oem7/odom,39.663,-75.756,-1.800299169,0.003490467,-0.001048987,-0.002542354,0.002391610,-0.001048987,,,
1786043688506603837,1786043688.505987738,/novatel/oem7/inspva,/novatel/oem7/inspva,/novatel/oem7/inspva,39.663,-75.756,-1.800298601,0.002539788,-0.001243647,0.001340759,-0.002157055,-0.001243647,,novatel_oem7_msgs.msg.InertialSolutionStatus(status=3),
1786043688508117146,1786043688.506144286,/novatel/oem7/fix,/novatel/oem7/fix,/novatel/oem7/inspva,39.663,-75.756,-1.800298601,0.002539788,-0.001243647,0.001340759,-0.002157055,-0.001243647,,0,
1786043688509181359,1786043688.506578524,/novatel/oem7/odom,/novatel/oem7/fix,/novatel/oem7/odom,39.663,-75.756,-1.800298601,0.002537829,-0.001247640,-0.002086768,0.001444290,-0.001247640,,,
1786043688511890679,1786043688.511197059,/novatel/oem7/bestpos,/novatel/oem7/bestpos,/novatel/oem7/odom,39.663,-75.756,33.182083635,0.002537829,-0.001247640,-0.002086768,0.001444290,-0.001247640,,novatel_oem7_msgs.msg.SolutionStatus(status=0),novatel_oem7_msgs.msg.PositionOrVelocityType(type=53)
1786043688513297813,1786043688.511669904,/novatel/oem7/bestvel,/novatel/oem7/bestpos,/novatel/oem7/bestvel,39.663,-75.756,33.182083635,0.001926772,-0.001189280,,,,296.553268662,novatel_oem7_msgs.msg.SolutionStatus(status=0),novatel_oem7_msgs.msg.PositionOrVelocityType(type=53)
1786043688516143245,1786043688.515451001,/novatel/oem7/odom,/novatel/oem7/bestpos,/novatel/oem7/odom,39.663,-75.756,33.182083635,0.002537829,-0.001247640,-0.002086768,0.001444290,-0.001247640,,,
1786043688525842207,1786043688.525221888,/novatel/oem7/inspva,/novatel/oem7/inspva,/novatel/oem7/inspva,39.663,-75.756,-1.800289297,0.001278662,-0.000067843,-0.000160022,-0.001268610,-0.000067843,,novatel_oem7_msgs.msg.InertialSolutionStatus(status=3),
1786043688527252091,1786043688.525380023,/novatel/oem7/fix,/novatel/oem7/fix,/novatel/oem7/inspva,39.663,-75.756,-1.800289297,0.001278662,-0.000067843,-0.000160022,-0.001268610,-0.000067843,,0,
1786043688528341306,1786043688.526001103,/novatel/oem7/odom,/novatel/oem7/fix,/novatel/oem7/odom,39.663,-75.756,-1.800289297,0.001278385,-0.000072889,-0.001274479,-0.000099851,-0.000072889,,,
1786043688535694642,1786043688.534966985,/novatel/oem7/odom,/novatel/oem7/fix,/novatel/oem7/odom,39.663,-75.756,-1.800289297,0.001278385,-0.000072889,-0.001274479,-0.000099851,-0.000072889,,,
1786043688546695271,1786043688.546055217,/novatel/oem7/inspva,/novatel/oem7/inspva,/novatel/oem7/inspva,39.663,-75.756,-1.800301146,0.000658356,-0.000562874,-0.000385140,-0.000533948,-0.000562874,,novatel_oem7_msgs.msg.InertialSolutionStatus(status=3),
1786043688548110808,1786043688.546234719,/novatel/oem7/fix,/novatel/oem7/fix,/novatel/oem7/inspva,39.663,-75.756,-1.800301146,0.000658356,-0.000562874,-0.000385140,-0.000533948,-0.000562874,,0,
1786043688549191732,1786043688.546662420,/novatel/oem7/odom,/novatel/oem7/fix,/novatel/oem7/odom,39.663,-75.756,-1.800301146,0.000655768,-0.000565887,-0.000549405,-0.000358031,-0.000565887,,,
1786043688556495605,1786043688.555767314,/novatel/oem7/odom,/novatel/oem7/fix,/novatel/oem7/odom,39.663,-75.756,-1.800301146,0.000655768,-0.000565887,-0.000549405,-0.000358031,-0.000565887,,,
1786043688565881261,1786043688.565280335,/novatel/oem7/inspva,/novatel/oem7/inspva,/novatel/oem7/inspva,39.663,-75.756,-1.800302044,0.002433590,0.000671743,0.001831814,-0.001602129,0.000671743,,novatel_oem7_msgs.msg.InertialSolutionStatus(status=3),
1786043688567279284,1786043688.565446363,/novatel/oem7/fix,/novatel/oem7/fix,/novatel/oem7/inspva,39.663,-75.756,-1.800302044,0.002433590,0.000671743,0.001831814,-0.001602129,0.000671743,,0,
1786043688568348912,1786043688.565907861,/novatel/oem7/odom,/novatel/oem7/fix,/novatel/oem7/odom,39.663,-75.756,-1.800302044,0.002433746,0.000671177,-0.001516512,0.001903500,0.000671177,,,
1786043688576312571,1786043688.575608914,/novatel/oem7/odom,/novatel/oem7/fix,/novatel/oem7/odom,39.663,-75.756,-1.800302044,0.002433746,0.000671177,-0.001516512,0.001903500,0.000671177,,,
1786043688585449657,1786043688.584947894,/novatel/oem7/inspva,/novatel/oem7/inspva,/novatel/oem7/inspva,39.663,-75.756,-1.800310500,0.002627140,0.000191309,0.001426897,-0.002205862,0.000191309,,novatel_oem7_msgs.msg.InertialSolutionStatus(status=3),
1786043688586786487,1786043688.585033301,/novatel/oem7/fix,/novatel/oem7/fix,/novatel/oem7/inspva,39.663,-75.756,-1.800310500,0.002627140,0.000191309,0.001426897,-0.002205862,0.000191309,,0,
1786043688587842585,1786043688.585529598,/novatel/oem7/odom,/novatel/oem7/fix,/novatel/oem7/odom,39.663,-75.756,-1.800310500,0.002627424,0.000187371,-0.002136847,0.001528803,0.000187371,,,
1786043688595110310,1786043688.594444956,/novatel/oem7/odom,/novatel/oem7/fix,/novatel/oem7/odom,39.663,-75.756,-1.800310500,0.002627424,0.000187371,-0.002136847,0.001528803,0.000187371,,,
1786043688607058941,1786043688.606581755,/novatel/oem7/inspva,/novatel/oem7/inspva,/novatel/oem7/inspva,39.663,-75.756,-1.800317178,0.001392123,-0.001302707,-0.000091777,-0.001389094,-0.001302707,,novatel_oem7_msgs.msg.InertialSolutionStatus(status=3),
1786043688608366741,1786043688.606662597,/novatel/oem7/fix,/novatel/oem7/fix,/novatel/oem7/inspva,39.663,-75.756,-1.800317178,0.001392123,-0.001302707,-0.000091777,-0.001389094,-0.001302707,,0,
1786043688609407444,1786043688.607172142,/novatel/oem7/odom,/novatel/oem7/fix,/novatel/oem7/odom,39.663,-75.756,-1.800317178,0.001387196,-0.001307953,-0.001387010,-0.000022729,-0.001307953,,,
1786043688610866386,1786043688.610007340,/novatel/oem7/bestpos,/novatel/oem7/bestpos,/novatel/oem7/odom,39.663,-75.756,33.182083294,0.001387196,-0.001307953,-0.001387010,-0.000022729,-0.001307953,,novatel_oem7_msgs.msg.SolutionStatus(status=0),novatel_oem7_msgs.msg.PositionOrVelocityType(type=53)
1786043688612773804,1786043688.610416628,/novatel/oem7/bestvel,/novatel/oem7/bestpos,/novatel/oem7/bestvel,39.663,-75.756,33.182083294,0.002397319,-0.000268291,,,,235.764415050,novatel_oem7_msgs.msg.SolutionStatus(status=0),novatel_oem7_msgs.msg.PositionOrVelocityType(type=53)
1786043688615743881,1786043688.615039004,/novatel/oem7/odom,/novatel/oem7/bestpos,/novatel/oem7/odom,39.663,-75.756,33.182083294,0.001387196,-0.001307953,-0.001387010,-0.000022729,-0.001307953,,,
1786043688625672709,1786043688.625116567,/novatel/oem7/inspva,/novatel/oem7/inspva,/novatel/oem7/inspva,39.663,-75.756,-1.800316459,0.001434198,-0.000830941,-0.000478199,-0.001352128,-0.000830941,,novatel_oem7_msgs.msg.InertialSolutionStatus(status=3),
1786043688627020232,1786043688.625269348,/novatel/oem7/fix,/novatel/oem7/fix,/novatel/oem7/inspva,39.663,-75.756,-1.800316459,0.001434198,-0.000830941,-0.000478199,-0.001352128,-0.000830941,,0,
1786043688628103419,1786043688.625610778,/novatel/oem7/odom,/novatel/oem7/fix,/novatel/oem7/odom,39.663,-75.756,-1.800316459,0.001430574,-0.000837165,-0.001370050,-0.000411710,-0.000837165,,,
1786043688636211513,1786043688.635580390,/novatel/oem7/odom,/novatel/oem7/fix,/novatel/oem7/odom,39.663,-75.756,-1.800316459,0.001430574,-0.000837165,-0.001370050,-0.000411710,-0.000837165,,,
1786043688646001820,1786043688.645511585,/novatel/oem7/inspva,/novatel/oem7/inspva,/novatel/oem7/inspva,39.663,-75.756,-1.800315517,0.001366984,0.000853475,0.001009489,-0.000921725,0.000853475,,novatel_oem7_msgs.msg.InertialSolutionStatus(status=3),
1786043688647356274,1786043688.645656443,/novatel/oem7/fix,/novatel/oem7/fix,/novatel/oem7/inspva,39.663,-75.756,-1.800315517,0.001366984,0.000853475,0.001009489,-0.000921725,0.000853475,,0,
1786043688648894399,1786043688.646307897,/novatel/oem7/odom,/novatel/oem7/fix,/novatel/oem7/odom,39.663,-75.756,-1.800315517,0.001367270,0.000853017,-0.000876321,0.001049518,0.000853017,,,
1786043688657172611,1786043688.656542116,/novatel/oem7/odom,/novatel/oem7/fix,/novatel/oem7/odom,39.663,-75.756,-1.800315517,0.001367270,0.000853017,-0.000876321,0.001049518,0.000853017,,,
1786043688666954431,1786043688.666443386,/novatel/oem7/inspva,/novatel/oem7/inspva,/novatel/oem7/inspva,39.663,-75.756,-1.800327113,0.002187813,0.000712266,0.000675883,-0.002080795,0.000712266,,novatel_oem7_msgs.msg.InertialSolutionStatus(status=3),
1786043688668300114,1786043688.666600770,/novatel/oem7/fix,/novatel/oem7/fix,/novatel/oem7/inspva,39.663,-75.756,-1.800327113,0.002187813,0.000712266,0.000675883,-0.002080795,0.000712266,,0,
1786043688669364888,1786043688.667031821,/novatel/oem7/odom,/novatel/oem7/fix,/novatel/oem7/odom,39.663,-75.756,-1.800327113,0.002189654,0.000706586,-0.002049297,0.000771341,0.000706586,,,
1786043688675145612,1786043688.674481378,/novatel/oem7/odom,/novatel/oem7/fix,/novatel/oem7/odom,39.663,-75.756,-1.800327113,0.002189654,0.000706586,-0.002049297,0.000771341,0.000706586,,,
1786043688685795044,1786043688.685290412,/novatel/oem7/inspva,/novatel/oem7/inspva,/novatel/oem7/inspva,39.663,-75.756,-1.800346659,0.002586332,-0.001977031,0.000880289,-0.002431914,-0.001977031,,novatel_oem7_msgs.msg.InertialSolutionStatus(status=3),
1786043688687079833,1786043688.685457251,/novatel/oem7/fix,/novatel/oem7/fix,/novatel/oem7/inspva,39.663,-75.756,-1.800346659,0.002586332,-0.001977031,0.000880289,-0.002431914,-0.001977031,,0,
1786043688688102117,1786043688.686080403,/novatel/oem7/odom,/novatel/oem7/fix,/novatel/oem7/odom,39.663,-75.756,-1.800346659,0.002581496,-0.001983342,-0.002380276,0.000999203,-0.001983342,,,
1786043688696165500,1786043688.695568050,/novatel/oem7/odom,/novatel/oem7/fix,/novatel/oem7/odom,39.663,-75.756,-1.800346659,0.002581496,-0.001983342,-0.002380276,0.000999203,-0.001983342,,,
1786043688706885249,1786043688.706263317,/novatel/oem7/inspva,/novatel/oem7/inspva,/novatel/oem7/inspva,39.663,-75.756,-1.800347410,0.001622506,-0.001181333,-0.000202192,-0.001609858,-0.001181333,,novatel_oem7_msgs.msg.InertialSolutionStatus(status=3),
1786043688708235616,1786043688.706439292,/novatel/oem7/fix,/novatel/oem7/fix,/novatel/oem7/inspva,39.663,-75.756,-1.800347410,0.001622506,-0.001181333,-0.000202192,-0.001609858,-0.001181333,,0,
1786043688709292193,1786043688.706839626,/novatel/oem7/odom,/novatel/oem7/fix,/novatel/oem7/odom,39.663,-75.756,-1.800347410,0.001617843,-0.001187711,-0.001613167,-0.000122912,-0.001187711,,,
1786043688710829842,1786043688.709633546,/novatel/oem7/bestpos,/novatel/oem7/bestpos,/novatel/oem7/odom,39.663,-75.756,33.182047060,0.001617843,-0.001187711,-0.001613167,-0.000122912,-0.001187711,,novatel_oem7_msgs.msg.SolutionStatus(status=0),novatel_oem7_msgs.msg.PositionOrVelocityType(type=53)
1786043688712244452,1786043688.710347397,/novatel/oem7/bestvel,/novatel/oem7/bestpos,/novatel/oem7/bestvel,39.663,-75.756,33.182047060,0.002872647,-0.000314157,,,,257.155144470,novatel_oem7_msgs.msg.SolutionStatus(status=0),novatel_oem7_msgs.msg.PositionOrVelocityType(type=53)
1786043688715119544,1786043688.714442751,/novatel/oem7/odom,/novatel/oem7/bestpos,/novatel/oem7/odom,39.663,-75.756,33.182047060,0.001617843,-0.001187711,-0.001613167,-0.000122912,-0.001187711,,,
1786043688727184780,1786043688.726568578,/novatel/oem7/inspva,/novatel/oem7/inspva,/novatel/oem7/inspva,39.663,-75.756,-1.800340946,0.000387425,0.001190755,-0.000364000,0.000132674,0.001190755,,novatel_oem7_msgs.msg.InertialSolutionStatus(status=3),
1786043688728571947,1786043688.726712649,/novatel/oem7/fix,/novatel/oem7/fix,/novatel/oem7/inspva,39.663,-75.756,-1.800340946,0.000387425,0.001190755,-0.000364000,0.000132674,0.001190755,,0,
1786043688729625341,1786043688.727116833,/novatel/oem7/odom,/novatel/oem7/fix,/novatel/oem7/odom,39.663,-75.756,-1.800340946,0.000389149,0.001190193,0.000110841,-0.000373030,0.001190193,,,
1786043688735520359,1786043688.734801365,/novatel/oem7/odom,/novatel/oem7/fix,/novatel/oem7/odom,39.663,-75.756,-1.800340946,0.000389149,0.001190193,0.000110841,-0.000373030,0.001190193,,,
1786043688745564586,1786043688.744922316,/novatel/oem7/inspva,/novatel/oem7/inspva,/novatel/oem7/inspva,39.663,-75.756,-1.800353579,0.001107592,0.000912394,-0.000180598,-0.001092770,0.000912394,,novatel_oem7_msgs.msg.InertialSolutionStatus(status=3),
1786043688746937912,1786043688.745075764,/novatel/oem7/fix,/novatel/oem7/fix,/novatel/oem7/inspva,39.663,-75.756,-1.800353579,0.001107592,0.000912394,-0.000180598,-0.001092770,0.000912394,,0,
1786043688747993070,1786043688.745435236,/novatel/oem7/odom,/novatel/oem7/fix,/novatel/oem7/odom,39.663,-75.756,-1.800353579,0.001111318,0.000907852,-0.001103537,-0.000131279,0.000907852,,,
1786043688756615671,1786043688.755862807,/novatel/oem7/odom,/novatel/oem7/fix,/novatel/oem7/odom,39.663,-75.756,-1.800353579,0.001111318,0.000907852,-0.001103537,-0.000131279,0.000907852,,,
1786043688766040931,1786043688.765484109,/novatel/oem7/inspva,/novatel/oem7/inspva,/novatel/oem7/inspva,39.663,-75.756,-1.800374128,0.002815149,-0.001380031,0.001169328,-0.002560807,-0.001380031,,novatel_oem7_msgs.msg.InertialSolutionStatus(status=3),
1786043688767380228,1786043688.765618080,/novatel/oem7/fix,/novatel/oem7/fix,/novatel/oem7/inspva,39.663,-75.756,-1.800374128,0.002815149,-0.001380031,0.001169328,-0.002560807,-0.001380031,,0,
1786043688768410182,1786043688.766461965,/novatel/oem7/odom,/novatel/oem7/fix,/novatel/oem7/odom,39.663,-75.756,-1.800374128,0.002812208,-0.001386015,-0.002497637,0.001292409,-0.001386015,,,
1786043688775686237,1786043688.774988463,/novatel/oem7/odom,/novatel/oem7/fix,/novatel/oem7/odom,39.663,-75.756,-1.800374128,0.002812208,-0.001386015,-0.002497637,0.001292409,-0.001386015,,,
1786043688786852634,1786043688.786178418,/novatel/oem7/inspva,/novatel/oem7/inspva,/novatel/oem7/inspva,39.663,-75.756,-1.800377273,0.001861209,-0.001708421,0.000101354,-0.001858448,-0.001708421,,novatel_oem7_msgs.msg.InertialSolutionStatus(status=3),
1786043688788165054,1786043688.786323412,/novatel/oem7/fix,/novatel/oem7/fix,/novatel/oem7/inspva,39.663,-75.756,-1.800377273,0.001861209,-0.001708421,0.000101354,-0.001858448,-0.001708421,,0,
1786043688789193597,1786043688.786705904,/novatel/oem7/odom,/novatel/oem7/fix,/novatel/oem7/odom,39.663,-75.756,-1.800377273,0.001855263,-0.001714876,-0.001845156,0.000193393,-0.001714876,,,
1786043688795213553,1786043688.794530793,/novatel/oem7/odom,/novatel/oem7/fix,/novatel/oem7/odom,39.663,-75.756,-1.800377273,0.001855263,-0.001714876,-0.001845156,0.000193393,-0.001714876,,,
1786043688807223689,1786043688.806563729,/novatel/oem7/inspva,/novatel/oem7/inspva,/novatel/oem7/inspva,39.663,-75.756,-1.800357731,0.000920425,0.001582835,-0.000883699,-0.000257407,0.001582835,,novatel_oem7_msgs.msg.InertialSolutionStatus(status=3),
1786043688808617470,1786043688.806717954,/novatel/oem7/fix,/novatel/oem7/fix,/novatel/oem7/inspva,39.663,-75.756,-1.800357731,0.000920425,0.001582835,-0.000883699,-0.000257407,0.001582835,,0,
1786043688809773527,1786043688.807153644,/novatel/oem7/odom,/novatel/oem7/fix,/novatel/oem7/odom,39.663,-75.756,-1.800357731,0.000926361,0.001579369,-0.000304797,-0.000874782,0.001579369,,,
1786043688811396800,1786043688.810188981,/novatel/oem7/bestpos,/novatel/oem7/bestpos,/novatel/oem7/odom,39.663,-75.756,33.182008105,0.000926361,0.001579369,-0.000304797,-0.000874782,0.001579369,,novatel_oem7_msgs.msg.SolutionStatus(status=0),novatel_oem7_msgs.msg.PositionOrVelocityType(type=53)
1786043688812322083,1786043688.810569432,/novatel/oem7/bestvel,/novatel/oem7/bestpos,/novatel/oem7/bestvel,39.663,-75.756,33.182008105,0.000242794,0.000990228,,,,147.824918171,novatel_oem7_msgs.msg.SolutionStatus(status=0),novatel_oem7_msgs.msg.PositionOrVelocityType(type=53)
1786043688816366403,1786043688.815707689,/novatel/oem7/odom,/novatel/oem7/bestpos,/novatel/oem7/odom,39.663,-75.756,33.182008105,0.000926361,0.001579369,-0.000304797,-0.000874782,0.001579369,,,
1786043688825949811,1786043688.825313105,/novatel/oem7/inspva,/novatel/oem7/inspva,/novatel/oem7/inspva,39.663,-75.756,-1.800372737,0.001013139,0.001073821,-0.000651848,-0.000775593,0.001073821,,novatel_oem7_msgs.msg.InertialSolutionStatus(status=3),
1786043688827303475,1786043688.825476566,/novatel/oem7/fix,/novatel/oem7/fix,/novatel/oem7/inspva,39.663,-75.756,-1.800372737,0.001013139,0.001073821,-0.000651848,-0.000775593,0.001073821,,0,
1786043688828336068,1786043688.825882894,/novatel/oem7/odom,/novatel/oem7/fix,/novatel/oem7/odom,39.663,-75.756,-1.800372737,0.001018098,0.001069120,-0.000809552,-0.000617372,0.001069120,,,
1786043688836343884,1786043688.835644617,/novatel/oem7/odom,/novatel/oem7/fix,/novatel/oem7/odom,39.663,-75.756,-1.800372737,0.001018098,0.001069120,-0.000809552,-0.000617372,0.001069120,,,
1786043688847270055,1786043688.846626402,/novatel/oem7/inspva,/novatel/oem7/inspva,/novatel/oem7/inspva,39.663,-75.756,-1.800391820,0.002185061,-0.000888251,0.001059555,-0.001910978,-0.000888251,,novatel_oem7_msgs.msg.InertialSolutionStatus(status=3),
1786043688848660652,1786043688.846794551,/novatel/oem7/fix,/novatel/oem7/fix,/novatel/oem7/inspva,39.663,-75.756,-1.800391820,0.002185061,-0.000888251,0.001059555,-0.001910978,-0.000888251,,0,
1786043688849712270,1786043688.847143521,/novatel/oem7/odom,/novatel/oem7/fix,/novatel/oem7/odom,39.663,-75.756,-1.800391820,0.002183436,-0.000892237,-0.001855519,0.001150845,-0.000892237,,,
1786043688856904264,1786043688.856213007,/novatel/oem7/odom,/novatel/oem7/fix,/novatel/oem7/odom,39.663,-75.756,-1.800391820,0.002183436,-0.000892237,-0.001855519,0.001150845,-0.000892237,,,
1786043688865555816,1786043688.864971917,/novatel/oem7/inspva,/novatel/oem7/inspva,/novatel/oem7/inspva,39.663,-75.756,-1.800399792,0.001605998,-0.001154430,0.000497573,-0.001526974,-0.001154430,,novatel_oem7_msgs.msg.InertialSolutionStatus(status=3),
1786043688867083435,1786043688.865118525,/novatel/oem7/fix,/novatel/oem7/fix,/novatel/oem7/inspva,39.663,-75.756,-1.800399792,0.001605998,-0.001154430,0.000497573,-0.001526974,-0.001154430,,0,
1786043688868586766,1786043688.865675931,/novatel/oem7/odom,/novatel/oem7/fix,/novatel/oem7/odom,39.663,-75.756,-1.800399792,0.001602986,-0.001158609,-0.001497429,0.000572076,-0.001158609,,,
1786043688876094411,1786043688.875409491,/novatel/oem7/odom,/novatel/oem7/fix,/novatel/oem7/odom,39.663,-75.756,-1.800399792,0.001602986,-0.001158609,-0.001497429,0.000572076,-0.001158609,,,
1786043688885815537,1786043688.885230991,/novatel/oem7/inspva,/novatel/oem7/inspva,/novatel/oem7/inspva,39.663,-75.756,-1.800399873,0.001890255,-0.000405379,-0.001678537,-0.000869239,-0.000405379,,novatel_oem7_msgs.msg.InertialSolutionStatus(status=3),
1786043688887148673,1786043688.885381733,/novatel/oem7/fix,/novatel/oem7/fix,/novatel/oem7/inspva,39.663,-75.756,-1.800399873,0.001890255,-0.000405379,-0.001678537,-0.000869239,-0.000405379,,0,
1786043688888180130,1786043688.886060699,/novatel/oem7/odom,/novatel/oem7/fix,/novatel/oem7/odom,39.663,-75.756,-1.800399873,0.001888550,-0.000413246,-0.000945901,-0.001634593,-0.000413246,,,
1786043688895575867,1786043688.894916770,/novatel/oem7/odom,/novatel/oem7/fix,/novatel/oem7/odom,39.663,-75.756,-1.800399873,0.001888550,-0.000413246,-0.000945901,-0.001634593,-0.000413246,,,
1786043688906466314,1786043688.905881788,/novatel/oem7/inspva,/novatel/oem7/inspva,/novatel/oem7/inspva,39.663,-75.756,-1.800406465,0.001100729,0.000511708,-0.001079298,-0.000216147,0.000511708,,novatel_oem7_msgs.msg.InertialSolutionStatus(status=3),
1786043688907796417,1786043688.906030210,/novatel/oem7/fix,/novatel/oem7/fix,/novatel/oem7/inspva,39.663,-75.756,-1.800406465,0.001100729,0.000511708,-0.001079298,-0.000216147,0.000511708,,0,
1786043688908815651,1786043688.906460861,/novatel/oem7/odom,/novatel/oem7/fix,/novatel/oem7/odom,39.663,-75.756,-1.800406465,0.001102505,0.000507870,-0.000268754,-0.001069246,0.000507870,,,
1786043688910324296,1786043688.909337816,/novatel/oem7/bestpos,/novatel/oem7/bestpos,/novatel/oem7/odom,39.663,-75.756,33.181971285,0.001102505,0.000507870,-0.000268754,-0.001069246,0.000507870,,novatel_oem7_msgs.msg.SolutionStatus(status=0),novatel_oem7_msgs.msg.PositionOrVelocityType(type=53)
1786043688911716376,1786043688.910020669,/novatel/oem7/bestvel,/novatel/oem7/bestpos,/novatel/oem7/bestvel,39.663,-75.756,33.181971285,0.000794475,0.000244870,,,,261.931082064,novatel_oem7_msgs.msg.SolutionStatus(status=0),novatel_oem7_msgs.msg.PositionOrVelocityType(type=53)
1786043688915192031,1786043688.914529054,/novatel/oem7/odom,/novatel/oem7/bestpos,/novatel/oem7/odom,39.663,-75.756,33.181971285,0.001102505,0.000507870,-0.000268754,-0.001069246,0.000507870,,,
1786043688926131336,1786043688.925273600,/novatel/oem7/inspva,/novatel/oem7/inspva,/novatel/oem7/inspva,39.663,-75.756,-1.800424228,0.001419966,-0.000277862,0.000737437,-0.001213462,-0.000277862,,novatel_oem7_msgs.msg.InertialSolutionStatus(status=3),
1786043688927495612,1786043688.925555217,/novatel/oem7/fix,/novatel/oem7/fix,/novatel/oem7/inspva,39.663,-75.756,-1.800424228,0.001419966,-0.000277862,0.000737437,-0.001213462,-0.000277862,,0,
1786043688928515282,1786043688.926082028,/novatel/oem7/odom,/novatel/oem7/fix,/novatel/oem7/odom,39.663,-75.756,-1.800424228,0.001419493,-0.000280268,-0.001176251,0.000794603,-0.000280268,,,
1786043688936096111,1786043688.935444749,/novatel/oem7/odom,/novatel/oem7/fix,/novatel/oem7/odom,39.663,-75.756,-1.800424228,0.001419493,-0.000280268,-0.001176251,0.000794603,-0.000280268,,,
1786043688945613709,1786043688.945033656,/novatel/oem7/inspva,/novatel/oem7/inspva,/novatel/oem7/inspva,39.663,-75.756,-1.800436628,0.001568475,-0.000765195,0.001106514,-0.001111638,-0.000765195,,novatel_oem7_msgs.msg.InertialSolutionStatus(status=3),
1786043688946942765,1786043688.945171821,/novatel/oem7/fix,/novatel/oem7/fix,/novatel/oem7/inspva,39.663,-75.756,-1.800436628,0.001568475,-0.000765195,0.001106514,-0.001111638,-0.000765195,,0,
1786043688947951532,1786043688.945572475,/novatel/oem7/odom,/novatel/oem7/fix,/novatel/oem7/odom,39.663,-75.756,-1.800436628,0.001568011,-0.000766143,-0.001055301,0.001159741,-0.000766143,,,
1786043688956283174,1786043688.955632921,/novatel/oem7/odom,/novatel/oem7/fix,/novatel/oem7/odom,39.663,-75.756,-1.800436628,0.001568011,-0.000766143,-0.001055301,0.001159741,-0.000766143,,,
1786043688966992490,1786043688.966407794,/novatel/oem7/inspva,/novatel/oem7/inspva,/novatel/oem7/inspva,39.663,-75.756,-1.800447930,0.001238352,-0.001310186,-0.001216399,0.000232140,-0.001310186,,novatel_oem7_msgs.msg.InertialSolutionStatus(status=3),
1786043688968348320,1786043688.966575316,/novatel/oem7/fix,/novatel/oem7/fix,/novatel/oem7/inspva,39.663,-75.756,-1.800447930,0.001238352,-0.001310186,-0.001216399,0.000232140,-0.001310186,,0,
1786043688969369207,1786043688.967125902,/novatel/oem7/odom,/novatel/oem7/fix,/novatel/oem7/odom,39.663,-75.756,-1.800447930,0.001235659,-0.001312726,0.000179404,-0.001222566,-0.001312726,,,
1786043688975592458,1786043688.974913610,/novatel/oem7/odom,/novatel/oem7/fix,/novatel/oem7/odom,39.663,-75.756,-1.800447930,0.001235659,-0.001312726,0.000179404,-0.001222566,-0.001312726,,,
1786043688985530847,1786043688.984958885,/novatel/oem7/inspva,/novatel/oem7/inspva,/novatel/oem7/inspva,39.663,-75.756,-1.800447326,0.000779439,-0.000373884,-0.000748082,-0.000218860,-0.000373884,,novatel_oem7_msgs.msg.InertialSolutionStatus(status=3),
1786043688986861544,1786043688.985090699,/novatel/oem7/fix,/novatel/oem7/fix,/novatel/oem7/inspva,39.663,-75.756,-1.800447326,0.000779439,-0.000373884,-0.000748082,-0.000218860,-0.000373884,,0,
1786043688987887690,1786043688.985587734,/novatel/oem7/odom,/novatel/oem7/fix,/novatel/oem7/odom,39.663,-75.756,-1.800447326,0.000778050,-0.000376767,-0.000252499,-0.000735939,-0.000376767,,,
1786043688996106611,1786043688.995440870,/novatel/oem7/odom,/novatel/oem7/fix,/novatel/oem7/odom,39.663,-75.756,-1.800447326,0.000778050,-0.000376767,-0.000252499,-0.000735939,-0.000376767,,,
1786043689010489294,1786043689.009906972,/novatel/oem7/inspva,/novatel/oem7/inspva,/novatel/oem7/inspva,39.663,-75.756,-1.800451371,0.000893905,0.000703668,0.000630534,-0.000633636,0.000703668,,novatel_oem7_msgs.msg.InertialSolutionStatus(status=3),
1786043689011850237,1786043689.010044766,/novatel/oem7/fix,/novatel/oem7/fix,/novatel/oem7/inspva,39.663,-75.756,-1.800451371,0.000893905,0.000703668,0.000630534,-0.000633636,0.000703668,,0,
1786043689012911081,1786043689.011247891,/novatel/oem7/odom,/novatel/oem7/fix,/novatel/oem7/odom,39.663,-75.756,-1.800451371,0.000894355,0.000703096,-0.000605853,0.000657886,0.000703096,,,
1786043689017433509,1786043689.016706875,/novatel/oem7/odom,/novatel/oem7/fix,/novatel/oem7/odom,39.663,-75.756,-1.800451371,0.000894355,0.000703096,-0.000605853,0.000657886,0.000703096,,,
1786043689025197016,1786043689.024492862,/novatel/oem7/bestpos,/novatel/oem7/bestpos,/novatel/oem7/odom,39.663,-75.756,33.181920050,0.000894355,0.000703096,-0.000605853,0.000657886,0.000703096,,novatel_oem7_msgs.msg.SolutionStatus(status=0),novatel_oem7_msgs.msg.PositionOrVelocityType(type=53)
1786043689026589523,1786043689.024811389,/novatel/oem7/bestvel,/novatel/oem7/bestpos,/novatel/oem7/bestvel,39.663,-75.756,33.181920050,0.001206349,-0.000056894,,,,10.298980441,novatel_oem7_msgs.msg.SolutionStatus(status=0),novatel_oem7_msgs.msg.PositionOrVelocityType(type=53)
1786043689028099975,1786043689.026876323,/novatel/oem7/inspva,/novatel/oem7/inspva,/novatel/oem7/inspva,39.663,-75.756,-1.800469857,0.000791414,-0.000498715,0.000723812,-0.000320050,-0.000498715,,novatel_oem7_msgs.msg.InertialSolutionStatus(status=3),
1786043689028934603,1786043689.027042431,/novatel/oem7/fix,/novatel/oem7/fix,/novatel/oem7/inspva,39.663,-75.756,-1.800469857,0.000791414,-0.000498715,0.000723812,-0.000320050,-0.000498715,,0,
1786043689029975984,1786043689.027385395,/novatel/oem7/odom,/novatel/oem7/fix,/novatel/oem7/odom,39.663,-75.756,-1.800469857,0.000791938,-0.000497883,-0.000283630,0.000739405,-0.000497883,,,
1786043689035486498,1786043689.034774551,/novatel/oem7/odom,/novatel/oem7/fix,/novatel/oem7/odom,39.663,-75.756,-1.800469857,0.000791938,-0.000497883,-0.000283630,0.000739405,-0.000497883,,,
1786043689046587451,1786043689.045969542,/novatel/oem7/inspva,/novatel/oem7/inspva,/novatel/oem7/inspva,39.663,-75.756,-1.800488818,0.000251459,-0.001712634,-0.000171968,-0.000183463,-0.001712634,,novatel_oem7_msgs.msg.InertialSolutionStatus(status=3),
1786043689047956632,1786043689.046163144,/novatel/oem7/fix,/novatel/oem7/fix,/novatel/oem7/inspva,39.663,-75.756,-1.800488818,0.000251459,-0.001712634,-0.000171968,-0.000183463,-0.001712634,,0,
1786043689048968385,1786043689.046646604,/novatel/oem7/odom,/novatel/oem7/fix,/novatel/oem7/odom,39.663,-75.756,-1.800488818,0.000243644,-0.001713763,-0.000184901,-0.000158663,-0.001713763,,,
1786043689057231843,1786043689.056380812,/novatel/oem7/odom,/novatel/oem7/fix,/novatel/oem7/odom,39.663,-75.756,-1.800488818,0.000243644,-0.001713763,-0.000184901,-0.000158663,-0.001713763,,,
1786043689065711530,1786043689.065116054,/novatel/oem7/inspva,/novatel/oem7/inspva,/novatel/oem7/inspva,39.663,-75.756,-1.800486048,0.000696147,-0.000976460,-0.000375695,0.000586066,-0.000976460,,novatel_oem7_msgs.msg.InertialSolutionStatus(status=3),
1786043689067054491,1786043689.065288540,/novatel/oem7/fix,/novatel/oem7/fix,/novatel/oem7/inspva,39.663,-75.756,-1.800486048,0.000696147,-0.000976460,-0.000375695,0.000586066,-0.000976460,,0,
1786043689068126644,1786043689.065705050,/novatel/oem7/odom,/novatel/oem7/fix,/novatel/oem7/odom,39.663,-75.756,-1.800486048,0.000697695,-0.000975354,0.000571374,-0.000400386,-0.000975354,,,
1786043689075195058,1786043689.074519704,/novatel/oem7/odom,/novatel/oem7/fix,/novatel/oem7/odom,39.663,-75.756,-1.800486048,0.000697695,-0.000975354,0.000571374,-0.000400386,-0.000975354,,,
1786043689087231883,1786043689.086667542,/novatel/oem7/inspva,/novatel/oem7/inspva,/novatel/oem7/inspva,39.663,-75.756,-1.800473741,0.000405821,0.001391934,-0.000134398,0.000382920,0.001391934,,novatel_oem7_msgs.msg.InertialSolutionStatus(status=3),
1786043689088565180,1786043689.086828776,/novatel/oem7/fix,/novatel/oem7/fix,/novatel/oem7/inspva,39.663,-75.756,-1.800473741,0.000405821,0.001391934,-0.000134398,0.000382920,0.001391934,,0,
1786043689089579554,1786043689.087255707,/novatel/oem7/odom,/novatel/oem7/fix,/novatel/oem7/odom,39.663,-75.756,-1.800473741,0.000402271,0.001392964,0.000370797,-0.000155985,0.001392964,,,
1786043689096366954,1786043689.095683144,/novatel/oem7/odom,/novatel/oem7/fix,/novatel/oem7/odom,39.663,-75.756,-1.800473741,0.000402271,0.001392964,0.000370797,-0.000155985,0.001392964,,,
1786043689106301359,1786043689.105728683,/novatel/oem7/inspva,/novatel/oem7/inspva,/novatel/oem7/inspva,39.663,-75.756,-1.800485698,0.000631584,0.000612271,0.000568552,0.000275039,0.000612271,,novatel_oem7_msgs.msg.InertialSolutionStatus(status=3),
1786043689107642889,1786043689.105894715,/novatel/oem7/fix,/novatel/oem7/fix,/novatel/oem7/inspva,39.663,-75.756,-1.800485698,0.000631584,0.000612271,0.000568552,0.000275039,0.000612271,,0,
1786043689108655359,1786043689.106354620,/novatel/oem7/odom,/novatel/oem7/fix,/novatel/oem7/odom,39.663,-75.756,-1.800485698,0.000629053,0.000614870,0.000299229,0.000553326,0.000614870,,,
1786043689110168194,1786043689.108800521,/novatel/oem7/bestpos,/novatel/oem7/bestpos,/novatel/oem7/odom,39.663,-75.756,33.181838119,0.000629053,0.000614870,0.000299229,0.000553326,0.000614870,,novatel_oem7_msgs.msg.SolutionStatus(status=0),novatel_oem7_msgs.msg.PositionOrVelocityType(type=53)
1786043689111080586,1786043689.109369206,/novatel/oem7/bestvel,/novatel/oem7/bestpos,/novatel/oem7/bestvel,39.663,-75.756,33.181838119,0.001238004,0.000126549,,,,36.761039974,novatel_oem7_msgs.msg.SolutionStatus(status=0),novatel_oem7_msgs.msg.PositionOrVelocityType(type=53)
1786043689116043709,1786043689.115371302,/novatel/oem7/odom,/novatel/oem7/bestpos,/novatel/oem7/odom,39.663,-75.756,33.181838119,0.000629053,0.000614870,0.000299229,0.000553326,0.000614870,,,
1786043689125852936,1786043689.125259074,/novatel/oem7/inspva,/novatel/oem7/inspva,/novatel/oem7/inspva,39.663,-75.756,-1.800509132,0.000376731,-0.001941213,0.000228404,-0.000299596,-0.001941213,,novatel_oem7_msgs.msg.InertialSolutionStatus(status=3),
1786043689127181776,1786043689.125435662,/novatel/oem7/fix,/novatel/oem7/fix,/novatel/oem7/inspva,39.663,-75.756,-1.800509132,0.000376731,-0.001941213,0.000228404,-0.000299596,-0.001941213,,0,
1786043689128215723,1786043689.126063802,/novatel/oem7/odom,/novatel/oem7/fix,/novatel/oem7/odom,39.663,-75.756,-1.800509132,0.000374456,-0.001941653,-0.000281126,0.000247356,-0.001941653,,,
1786043689135617642,1786043689.134930709,/novatel/oem7/odom,/novatel/oem7/fix,/novatel/oem7/odom,39.663,-75.756,-1.800509132,0.000374456,-0.001941653,-0.000281126,0.000247356,-0.001941653,,,
1786043689146592605,1786043689.146006979,/novatel/oem7/inspva,/novatel/oem7/inspva,/novatel/oem7/inspva,39.663,-75.756,-1.800504834,0.000293433,-0.001316700,-0.000100510,-0.000275682,-0.001316700,,novatel_oem7_msgs.msg.InertialSolutionStatus(status=3),
1786043689147905524,1786043689.146168811,/novatel/oem7/fix,/novatel/oem7/fix,/novatel/oem7/inspva,39.663,-75.756,-1.800504834,0.000293433,-0.001316700,-0.000100510,-0.000275682,-0.001316700,,0,
1786043689148913381,1786043689.146537297,/novatel/oem7/odom,/novatel/oem7/fix,/novatel/oem7/odom,39.663,-75.756,-1.800504834,0.000287642,-0.001317977,-0.000275121,-0.000083944,-0.001317977,,,
1786043689156651301,1786043689.155953677,/novatel/oem7/odom,/novatel/oem7/fix,/novatel/oem7/odom,39.663,-75.756,-1.800504834,0.000287642,-0.001317977,-0.000275121,-0.000083944,-0.001317977,,,
1786043689165868136,1786043689.165282560,/novatel/oem7/inspva,/novatel/oem7/inspva,/novatel/oem7/inspva,39.663,-75.756,-1.800490226,0.001134299,0.001178290,-0.000572594,0.000979168,0.001178290,,novatel_oem7_msgs.msg.InertialSolutionStatus(status=3),
1786043689167193555,1786043689.165455411,/novatel/oem7/fix,/novatel/oem7/fix,/novatel/oem7/inspva,39.663,-75.756,-1.800490226,0.001134299,0.001178290,-0.000572594,0.000979168,0.001178290,,0,
1786043689168231045,1786043689.165956703,/novatel/oem7/odom,/novatel/oem7/fix,/novatel/oem7/odom,39.663,-75.756,-1.800490226,0.001132243,0.001180265,0.000946543,-0.000621315,0.001180265,,,
1786043689176259532,1786043689.175584085,/novatel/oem7/odom,/novatel/oem7/fix,/novatel/oem7/odom,39.663,-75.756,-1.800490226,0.001132243,0.001180265,0.000946543,-0.000621315,0.001180265,,,
1786043689186058095,1786043689.185472586,/novatel/oem7/inspva,/novatel/oem7/inspva,/novatel/oem7/inspva,39.663,-75.756,-1.800488615,0.000180522,0.001595075,-0.000111570,0.000141916,0.001595075,,novatel_oem7_msgs.msg.InertialSolutionStatus(status=3),
1786043689187392772,1786043689.185646244,/novatel/oem7/fix,/novatel/oem7/fix,/novatel/oem7/inspva,39.663,-75.756,-1.800488615,0.000180522,0.001595075,-0.000111570,0.000141916,0.001595075,,0,
1786043689188406839,1786043689.186064719,/novatel/oem7/odom,/novatel/oem7/fix,/novatel/oem7/odom,39.663,-75.756,-1.800488615,0.000178779,0.001595271,0.000130360,-0.000122345,0.001595271,,,
1786043689195186836,1786043689.194520529,/novatel/oem7/odom,/novatel/oem7/fix,/novatel/oem7/odom,39.663,-75.756,-1.800488615,0.000178779,0.001595271,0.000130360,-0.000122345,0.001595271,,,
1786043689206911202,1786043689.206326732,/novatel/oem7/inspva,/novatel/oem7/inspva,/novatel/oem7/inspva,39.663,-75.756,-1.800515991,0.001540456,-0.001856050,0.000673786,-0.001385286,-0.001856050,,novatel_oem7_msgs.msg.InertialSolutionStatus(status=3),
1786043689208246098,1786043689.206508651,/novatel/oem7/fix,/novatel/oem7/fix,/novatel/oem7/inspva,39.663,-75.756,-1.800515991,0.001540456,-0.001856050,0.000673786,-0.001385286,-0.001856050,,0,
1786043689209267981,1786043689.207146424,/novatel/oem7/odom,/novatel/oem7/fix,/novatel/oem7/odom,39.663,-75.756,-1.800515991,0.001536578,-0.001859262,-0.001344842,0.000743284,-0.001859262,,,
1786043689211161617,1786043689.210177907,/novatel/oem7/bestpos,/novatel/oem7/bestpos,/novatel/oem7/odom,39.663,-75.756,33.181823757,0.001536578,-0.001859262,-0.001344842,0.000743284,-0.001859262,,novatel_oem7_msgs.msg.SolutionStatus(status=0),novatel_oem7_msgs.msg.PositionOrVelocityType(type=53)
1786043689212553904,1786043689.210709722,/novatel/oem7/bestvel,/novatel/oem7/bestpos,/novatel/oem7/bestvel,39.663,-75.756,33.181823757,0.001565896,-0.001209685,,,,258.682305566,novatel_oem7_msgs.msg.SolutionStatus(status=0),novatel_oem7_msgs.msg.PositionOrVelocityType(type=53)
1786043689216291341,1786043689.215601958,/novatel/oem7/odom,/novatel/oem7/bestpos,/novatel/oem7/odom,39.663,-75.756,33.181823757,0.001536578,-0.001859262,-0.001344842,0.000743284,-0.001859262,,,
1786043689225679494,1786043689.225075665,/novatel/oem7/inspva,/novatel/oem7/inspva,/novatel/oem7/inspva,39.663,-75.756,-1.800515821,0.000687654,-0.001375789,0.000346761,-0.000593822,-0.001375789,,novatel_oem7_msgs.msg.InertialSolutionStatus(status=3),
1786043689227030527,1786043689.225245986,/novatel/oem7/fix,/novatel/oem7/fix,/novatel/oem7/inspva,39.663,-75.756,-1.800515821,0.000687654,-0.001375789,0.000346761,-0.000593822,-0.001375789,,0,
1786043689228090144,1786043689.225707224,/novatel/oem7/odom,/novatel/oem7/fix,/novatel/oem7/odom,39.663,-75.756,-1.800515821,0.000685261,-0.001376983,-0.000571567,0.000378012,-0.001376983,,,
1786043689236248502,1786043689.235562942,/novatel/oem7/odom,/novatel/oem7/fix,/novatel/oem7/odom,39.663,-75.756,-1.800515821,0.000685261,-0.001376983,-0.000571567,0.000378012,-0.001376983,,,
1786043689246492494,1786043689.245909701,/novatel/oem7/inspva,/novatel/oem7/inspva,/novatel/oem7/inspva,39.663,-75.756,-1.800510773,0.001546524,0.000215443,-0.000916593,0.001245630,0.000215443,,novatel_oem7_msgs.msg.InertialSolutionStatus(status=3),
1786043689247843430,1786043689.246069789,/novatel/oem7/fix,/novatel/oem7/fix,/novatel/oem7/inspva,39.663,-75.756,-1.800510773,0.001546524,0.000215443,-0.000916593,0.001245630,0.000215443,,0,
1786043689248872507,1786043689.246702316,/novatel/oem7/odom,/novatel/oem7/fix,/novatel/oem7/odom,39.663,-75.756,-1.800510773,0.001546244,0.000217446,0.001200127,-0.000974969,0.000217446,,,
1786043689257337277,1786043689.256636527,/novatel/oem7/odom,/novatel/oem7/fix,/novatel/oem7/odom,39.663,-75.756,-1.800510773,0.001546244,0.000217446,0.001200127,-0.000974969,0.000217446,,,
1786043689266906849,1786043689.266307566,/novatel/oem7/inspva,/novatel/oem7/inspva,/novatel/oem7/inspva,39.663,-75.756,-1.800513417,0.000613717,0.000850600,-0.000550420,0.000271452,0.000850600,,novatel_oem7_msgs.msg.InertialSolutionStatus(status=3),
1786043689268257782,1786043689.266500642,/novatel/oem7/fix,/novatel/oem7/fix,/novatel/oem7/inspva,39.663,-75.756,-1.800513417,0.000613717,0.000850600,-0.000550420,0.000271452,0.000850600,,0,
1786043689269292275,1786043689.267015487,/novatel/oem7/odom,/novatel/oem7/fix,/novatel/oem7/odom,39.663,-75.756,-1.800513417,0.000614482,0.000850048,0.000241903,-0.000564863,0.000850048,,,
1786043689275549401,1786043689.274835767,/novatel/oem7/odom,/novatel/oem7/fix,/novatel/oem7/odom,39.663,-75.756,-1.800513417,0.000614482,0.000850048,0.000241903,-0.000564863,0.000850048,,,
1786043689286027341,1786043689.285401629,/novatel/oem7/inspva,/novatel/oem7/inspva,/novatel/oem7/inspva,39.663,-75.756,-1.800535040,0.001458680,-0.001017357,0.001240585,-0.000767265,-0.001017357,,novatel_oem7_msgs.msg.InertialSolutionStatus(status=3),
1786043689287356644,1786043689.285604961,/novatel/oem7/fix,/novatel/oem7/fix,/novatel/oem7/inspva,39.663,-75.756,-1.800535040,0.001458680,-0.001017357,0.001240585,-0.000767265,-0.001017357,,0,
1786043689288380298,1786043689.286175836,/novatel/oem7/odom,/novatel/oem7/fix,/novatel/oem7/odom,39.663,-75.756,-1.800535040,0.001459126,-0.001016718,-0.000703942,0.001278090,-0.001016718,,,
1786043689295610976,1786043689.294900396,/novatel/oem7/odom,/novatel/oem7/fix,/novatel/oem7/odom,39.663,-75.756,-1.800535040,0.001459126,-0.001016718,-0.000703942,0.001278090,-0.001016718,,,
1786043689306663905,1786043689.306081326,/novatel/oem7/inspva,/novatel/oem7/inspva,/novatel/oem7/inspva,39.663,-75.756,-1.800540409,0.001106901,-0.001012489,0.000289124,-0.001068474,-0.001012489,,novatel_oem7_msgs.msg.InertialSolutionStatus(status=3),
1786043689307984628,1786043689.306229128,/novatel/oem7/fix,/novatel/oem7/fix,/novatel/oem7/inspva,39.663,-75.756,-1.800540409,0.001106901,-0.001012489,0.000289124,-0.001068474,-0.001012489,,0,
1786043689308994475,1786043689.306688403,/novatel/oem7/odom,/novatel/oem7/fix,/novatel/oem7/odom,39.663,-75.756,-1.800540409,0.001104047,-0.001015600,-0.001049762,0.000341933,-0.001015600,,,
1786043689310458317,1786043689.309561134,/novatel/oem7/bestpos,/novatel/oem7/bestpos,/novatel/oem7/odom,39.663,-75.756,33.181796887,0.001104047,-0.001015600,-0.001049762,0.000341933,-0.001015600,,novatel_oem7_msgs.msg.SolutionStatus(status=0),novatel_oem7_msgs.msg.PositionOrVelocityType(type=53)
1786043689311866384,1786043689.310467873,/novatel/oem7/bestvel,/novatel/oem7/bestpos,/novatel/oem7/bestvel,39.663,-75.756,33.181796887,0.001674405,-0.000520065,,,,269.272324819,novatel_oem7_msgs.msg.SolutionStatus(status=0),novatel_oem7_msgs.msg.PositionOrVelocityType(type=53)
1786043689315200354,1786043689.314518180,/novatel/oem7/odom,/novatel/oem7/bestpos,/novatel/oem7/odom,39.663,-75.756,33.181796887,0.001104047,-0.001015600,-0.001049762,0.000341933,-0.001015600,,,
1786043689325898966,1786043689.325309330,/novatel/oem7/inspva,/novatel/oem7/inspva,/novatel/oem7/inspva,39.663,-75.756,-1.800531763,0.001669246,0.000245705,-0.001176147,0.001184508,0.000245705,,novatel_oem7_msgs.msg.InertialSolutionStatus(status=3),
1786043689327231283,1786043689.325473295,/novatel/oem7/fix,/novatel/oem7/fix,/novatel/oem7/inspva,39.663,-75.756,-1.800531763,0.001669246,0.000245705,-0.001176147,0.001184508,0.000245705,,0,
1786043689328261873,1786043689.326071587,/novatel/oem7/odom,/novatel/oem7/fix,/novatel/oem7/odom,39.663,-75.756,-1.800531763,0.001669093,0.000246739,0.001126689,-0.001231439,0.000246739,,,
1786043689335763210,1786043689.335105244,/novatel/oem7/odom,/novatel/oem7/fix,/novatel/oem7/odom,39.663,-75.756,-1.800531763,0.001669093,0.000246739,0.001126689,-0.001231439,0.000246739,,,
1786043689345499480,1786043689.344920931,/novatel/oem7/inspva,/novatel/oem7/inspva,/novatel/oem7/inspva,39.663,-75.756,-1.800523096,0.000912439,0.001572964,-0.000727492,0.000550726,0.001572964,,novatel_oem7_msgs.msg.InertialSolutionStatus(status=3),
1786043689346809573,1786043689.345063019,/novatel/oem7/fix,/novatel/oem7/fix,/novatel/oem7/inspva,39.663,-75.756,-1.800523096,0.000912439,0.001572964,-0.000727492,0.000550726,0.001572964,,0,
1786043689347820490,1786043689.345536304,/novatel/oem7/odom,/novatel/oem7/fix,/novatel/oem7/odom,39.663,-75.756,-1.800523096,0.000912474,0.001572943,0.000509707,-0.000756840,0.001572943,,,
1786043689356276123,1786043689.355631423,/novatel/oem7/odom,/novatel/oem7/fix,/novatel/oem7/odom,39.663,-75.756,-1.800523096,0.000912474,0.001572943,0.000509707,-0.000756840,0.001572943,,,
1786043689367175944,1786043689.366617586,/novatel/oem7/inspva,/novatel/oem7/inspva,/novatel/oem7/inspva,39.663,-75.756,-1.800534518,0.001149573,-0.000365320,0.000997183,-0.000571966,-0.000365320,,novatel_oem7_msgs.msg.InertialSolutionStatus(status=3),
1786043689368520021,1786043689.366765484,/novatel/oem7/fix,/novatel/oem7/fix,/novatel/oem7/inspva,39.663,-75.756,-1.800534518,0.001149573,-0.000365320,0.000997183,-0.000571966,-0.000365320,,0,
1786043689369538758,1786043689.367489221,/novatel/oem7/odom,/novatel/oem7/fix,/novatel/oem7/odom,39.663,-75.756,-1.800534518,0.001149791,-0.000364635,-0.000522816,0.001024052,-0.000364635,,,
1786043689375518504,1786043689.374860649,/novatel/oem7/odom,/novatel/oem7/fix,/novatel/oem7/odom,39.663,-75.756,-1.800534518,0.001149791,-0.000364635,-0.000522816,0.001024052,-0.000364635,,,
1786043689385615207,1786043689.385012808,/novatel/oem7/inspva,/novatel/oem7/inspva,/novatel/oem7/inspva,39.663,-75.756,-1.800535091,0.000965470,-0.000304847,0.000853777,-0.000450775,-0.000304847,,novatel_oem7_msgs.msg.InertialSolutionStatus(status=3),
1786043689386933470,1786043689.385159099,/novatel/oem7/fix,/novatel/oem7/fix,/novatel/oem7/inspva,39.663,-75.756,-1.800535091,0.000965470,-0.000304847,0.000853777,-0.000450775,-0.000304847,,0,
1786043689387934980,1786043689.385544010,/novatel/oem7/odom,/novatel/oem7/fix,/novatel/oem7/odom,39.663,-75.756,-1.800535091,0.000965704,-0.000304105,-0.000408768,0.000874925,-0.000304105,,,
1786043689395214776,1786043689.394567732,/novatel/oem7/odom,/novatel/oem7/fix,/novatel/oem7/odom,39.663,-75.756,-1.800535091,0.000965704,-0.000304105,-0.000408768,0.000874925,-0.000304105,,,
1786043689406764460,1786043689.406185497,/novatel/oem7/inspva,/novatel/oem7/inspva,/novatel/oem7/inspva,39.663,-75.756,-1.800537150,0.001081949,-0.000897757,-0.001081925,-0.000007210,-0.000897757,,novatel_oem7_msgs.msg.InertialSolutionStatus(status=3),
1786043689408085056,1786043689.406330746,/novatel/oem7/fix,/novatel/oem7/fix,/novatel/oem7/inspva,39.663,-75.756,-1.800537150,0.001081949,-0.000897757,-0.001081925,-0.000007210,-0.000897757,,0,
1786043689409119763,1786043689.406852121,/novatel/oem7/odom,/novatel/oem7/fix,/novatel/oem7/odom,39.663,-75.756,-1.800537150,0.001079388,-0.000900834,-0.000054872,-0.001077992,-0.000900834,,,
1786043689410656355,1786043689.409920404,/novatel/oem7/bestpos,/novatel/oem7/bestpos,/novatel/oem7/odom,39.663,-75.756,33.181787592,0.001079388,-0.000900834,-0.000054872,-0.001077992,-0.000900834,,novatel_oem7_msgs.msg.SolutionStatus(status=0),novatel_oem7_msgs.msg.PositionOrVelocityType(type=53)
1786043689412032048,1786043689.410305568,/novatel/oem7/bestvel,/novatel/oem7/bestpos,/novatel/oem7/bestvel,39.663,-75.756,33.181787592,0.001558983,-0.000323271,,,,216.823546014,novatel_oem7_msgs.msg.SolutionStatus(status=0),novatel_oem7_msgs.msg.PositionOrVelocityType(type=53)
1786043689415630788,1786043689.414956082,/novatel/oem7/odom,/novatel/oem7/bestpos,/novatel/oem7/odom,39.663,-75.756,33.181787592,0.001079388,-0.000900834,-0.000054872,-0.001077992,-0.000900834,,,
1786043689426583892,1786043689.425986913,/novatel/oem7/inspva,/novatel/oem7/inspva,/novatel/oem7/inspva,39.663,-75.756,-1.800519811,0.000674935,0.000983852,-0.000528713,0.000419523,0.000983852,,novatel_oem7_msgs.msg.InertialSolutionStatus(status=3),
1786043689427940410,1786043689.426138315,/novatel/oem7/fix,/novatel/oem7/fix,/novatel/oem7/inspva,39.663,-75.756,-1.800519811,0.000674935,0.000983852,-0.000528713,0.000419523,0.000983852,,0,
1786043689428970666,1786043689.426563850,/novatel/oem7/odom,/novatel/oem7/fix,/novatel/oem7/odom,39.663,-75.756,-1.800519811,0.000674872,0.000983895,0.000390305,-0.000550558,0.000983895,,,
1786043689435244352,1786043689.434546485,/novatel/oem7/odom,/novatel/oem7/fix,/novatel/oem7/odom,39.663,-75.756,-1.800519811,0.000674872,0.000983895,0.000390305,-0.000550558,0.000983895,,,
1786043689445800450,1786043689.445208237,/novatel/oem7/inspva,/novatel/oem7/inspva,/novatel/oem7/inspva,39.663,-75.756,-1.800522703,0.000746708,0.000393558,0.000671304,-0.000326991,0.000393558,,novatel_oem7_msgs.msg.InertialSolutionStatus(status=3),
1786043689447576437,1786043689.445352995,/novatel/oem7/fix,/novatel/oem7/fix,/novatel/oem7/inspva,39.663,-75.756,-1.800522703,0.000746708,0.000393558,0.000671304,-0.000326991,0.000393558,,0,
1786043689448758646,1786043689.445789933,/novatel/oem7/odom,/novatel/oem7/fix,/novatel/oem7/odom,39.663,-75.756,-1.800522703,0.000746363,0.000394210,-0.000296443,0.000684967,0.000394210,,,
1786043689456877979,1786043689.456187076,/novatel/oem7/odom,/novatel/oem7/fix,/novatel/oem7/odom,39.663,-75.756,-1.800522703,0.000746363,0.000394210,-0.000296443,0.000684967,0.000394210,,,
1786043689465559128,1786043689.464951036,/novatel/oem7/inspva,/novatel/oem7/inspva,/novatel/oem7/inspva,39.663,-75.756,-1.800532707,0.001101221,-0.000241145,0.001083138,0.000198742,-0.000241145,,novatel_oem7_msgs.msg.InertialSolutionStatus(status=3),
1786043689466932059,1786043689.465131854,/novatel/oem7/fix,/novatel/oem7/fix,/novatel/oem7/inspva,39.663,-75.756,-1.800532707,0.001101221,-0.000241145,0.001083138,0.000198742,-0.000241145,,0,
1786043689467978709,1786043689.465525168,/novatel/oem7/odom,/novatel/oem7/fix,/novatel/oem7/odom,39.663,-75.756,-1.800532707,0.001102049,-0.000237329,0.000250617,0.001073175,-0.000237329,,,
1786043689475038329,1786043689.474362795,/novatel/oem7/odom,/novatel/oem7/fix,/novatel/oem7/odom,39.663,-75.756,-1.800532707,0.001102049,-0.000237329,0.000250617,0.001073175,-0.000237329,,,
1786043689487064825,1786043689.486482479,/novatel/oem7/inspva,/novatel/oem7/inspva,/novatel/oem7/inspva,39.663,-75.756,-1.800553481,0.001088642,-0.002038846,-0.001059291,0.000251085,-0.002038846,,novatel_oem7_msgs.msg.InertialSolutionStatus(status=3),
1786043689488393548,1786043689.486654474,/novatel/oem7/fix,/novatel/oem7/fix,/novatel/oem7/inspva,39.663,-75.756,-1.800553481,0.001088642,-0.002038846,-0.001059291,0.000251085,-0.002038846,,0,
1786043689489444185,1786043689.486999174,/novatel/oem7/odom,/novatel/oem7/fix,/novatel/oem7/odom,39.663,-75.756,-1.800553481,0.001084790,-0.002040898,0.000208564,-0.001064552,-0.002040898,,,
1786043689495753081,1786043689.495051907,/novatel/oem7/odom,/novatel/oem7/fix,/novatel/oem7/odom,39.663,-75.756,-1.800553481,0.001084790,-0.002040898,0.000208564,-0.001064552,-0.002040898,,,
1786043689506632252,1786043689.506010536,/novatel/oem7/inspva,/novatel/oem7/inspva,/novatel/oem7/inspva,39.663,-75.756,-1.800541248,0.000791331,-0.000923996,-0.000766838,-0.000195356,-0.000923996,,novatel_oem7_msgs.msg.InertialSolutionStatus(status=3),
1786043689508005909,1786043689.506187937,/novatel/oem7/fix,/novatel/oem7/fix,/novatel/oem7/inspva,39.663,-75.756,-1.800541248,0.000791331,-0.000923996,-0.000766838,-0.000195356,-0.000923996,,0,
1786043689509055253,1786043689.506576254,/novatel/oem7/odom,/novatel/oem7/fix,/novatel/oem7/odom,39.663,-75.756,-1.800541248,0.000787962,-0.000926871,-0.000227848,-0.000754300,-0.000926871,,,
1786043689511725189,1786043689.511041722,/novatel/oem7/bestpos,/novatel/oem7/bestpos,/novatel/oem7/odom,39.663,-75.756,33.181790748,0.000787962,-0.000926871,-0.000227848,-0.000754300,-0.000926871,,novatel_oem7_msgs.msg.SolutionStatus(status=0),novatel_oem7_msgs.msg.PositionOrVelocityType(type=53)
1786043689513112059,1786043689.511406212,/novatel/oem7/bestvel,/novatel/oem7/bestpos,/novatel/oem7/bestvel,39.663,-75.756,33.181790748,0.002191158,0.000202928,,,,232.087295656,novatel_oem7_msgs.msg.SolutionStatus(status=0),novatel_oem7_msgs.msg.PositionOrVelocityType(type=53)
1786043689515448259,1786043689.514745149,/novatel/oem7/odom,/novatel/oem7/bestpos,/novatel/oem7/odom,39.663,-75.756,33.181790748,0.000787962,-0.000926871,-0.000227848,-0.000754300,-0.000926871,,,
1786043689525957526,1786043689.525350730,/novatel/oem7/inspva,/novatel/oem7/inspva,/novatel/oem7/inspva,39.663,-75.756,-1.800533296,0.000878564,0.001100104,0.000451016,-0.000753962,0.001100104,,novatel_oem7_msgs.msg.InertialSolutionStatus(status=3),
1786043689527323033,1786043689.525544426,/novatel/oem7/fix,/novatel/oem7/fix,/novatel/oem7/inspva,39.663,-75.756,-1.800533296,0.000878564,0.001100104,0.000451016,-0.000753962,0.001100104,,0,
1786043689528382664,1786043689.525972686,/novatel/oem7/odom,/novatel/oem7/fix,/novatel/oem7/odom,39.663,-75.756,-1.800533296,0.000880521,0.001098539,-0.000736072,0.000483233,0.001098539,,,
1786043689535634292,1786043689.534900132,/novatel/oem7/odom,/novatel/oem7/fix,/novatel/oem7/odom,39.663,-75.756,-1.800533296,0.000880521,0.001098539,-0.000736072,0.000483233,0.001098539,,,
1786043689546639421,1786043689.546006862,/novatel/oem7/inspva,/novatel/oem7/inspva,/novatel/oem7/inspva,39.663,-75.756,-1.800551546,0.000917303,0.000119457,0.000893729,-0.000206623,0.000119457,,novatel_oem7_msgs.msg.InertialSolutionStatus(status=3),
1786043689548015645,1786043689.546186023,/novatel/oem7/fix,/novatel/oem7/fix,/novatel/oem7/inspva,39.663,-75.756,-1.800551546,0.000917303,0.000119457,0.000893729,-0.000206623,0.000119457,,0,
1786043689549062792,1786043689.546603264,/novatel/oem7/odom,/novatel/oem7/fix,/novatel/oem7/odom,39.663,-75.756,-1.800551546,0.000917072,0.000121218,-0.000164608,0.000902178,0.000121218,,,
1786043689556403968,1786043689.555714091,/novatel/oem7/odom,/novatel/oem7/fix,/novatel/oem7/odom,39.663,-75.756,-1.800551546,0.000917072,0.000121218,-0.000164608,0.000902178,0.000121218,,,
1786043689565803391,1786043689.565202332,/novatel/oem7/inspva,/novatel/oem7/inspva,/novatel/oem7/inspva,39.663,-75.756,-1.800573753,0.000862554,-0.001909261,0.000861298,-0.000046531,-0.001909261,,novatel_oem7_msgs.msg.InertialSolutionStatus(status=3),
1786043689567160821,1786043689.565367870,/novatel/oem7/fix,/novatel/oem7/fix,/novatel/oem7/inspva,39.663,-75.756,-1.800573753,0.000862554,-0.001909261,0.000861298,-0.000046531,-0.001909261,,0,
1786043689568186448,1786043689.565993859,/novatel/oem7/odom,/novatel/oem7/fix,/novatel/oem7/odom,39.663,-75.756,-1.800573753,0.000867592,-0.001906976,0.000001590,0.000867591,-0.001906976,,,
1786043689575892514,1786043689.575203151,/novatel/oem7/odom,/novatel/oem7/fix,/novatel/oem7/odom,39.663,-75.756,-1.800573753,0.000867592,-0.001906976,0.000001590,0.000867591,-0.001906976,,,
1786043689585525553,1786043689.584922847,/novatel/oem7/inspva,/novatel/oem7/inspva,/novatel/oem7/inspva,39.663,-75.756,-1.800572138,0.000671331,-0.001688600,0.000476440,-0.000472960,-0.001688600,,novatel_oem7_msgs.msg.InertialSolutionStatus(status=3),
1786043689586884319,1786043689.585089461,/novatel/oem7/fix,/novatel/oem7/fix,/novatel/oem7/inspva,39.663,-75.756,-1.800572138,0.000671331,-0.001688600,0.000476440,-0.000472960,-0.001688600,,0,
1786043689587930473,1786043689.585514019,/novatel/oem7/odom,/novatel/oem7/fix,/novatel/oem7/odom,39.663,-75.756,-1.800572138,0.000670311,-0.001689005,-0.000443402,0.000502704,-0.001689005,,,
1786043689595055440,1786043689.594369970,/novatel/oem7/odom,/novatel/oem7/fix,/novatel/oem7/odom,39.663,-75.756,-1.800572138,0.000670311,-0.001689005,-0.000443402,0.000502704,-0.001689005,,,
1786043689607199794,1786043689.606604304,/novatel/oem7/inspva,/novatel/oem7/inspva,/novatel/oem7/inspva,39.663,-75.756,-1.800562637,0.000184080,0.000665867,0.000092857,0.000158944,0.000665867,,novatel_oem7_msgs.msg.InertialSolutionStatus(status=3),
1786043689608553661,1786043689.606776480,/novatel/oem7/fix,/novatel/oem7/fix,/novatel/oem7/inspva,39.663,-75.756,-1.800562637,0.000184080,0.000665867,0.000092857,0.000158944,0.000665867,,0,
1786043689609593898,1786043689.607188230,/novatel/oem7/odom,/novatel/oem7/fix,/novatel/oem7/odom,39.663,-75.756,-1.800562637,0.000180980,0.000666716,0.000160578,0.000083477,0.000666716,,,
1786043689611118163,1786043689.610138929,/novatel/oem7/bestpos,/novatel/oem7/bestpos,/novatel/oem7/odom,39.663,-75.756,33.181754486,0.000180980,0.000666716,0.000160578,0.000083477,0.000666716,,novatel_oem7_msgs.msg.SolutionStatus(status=0),novatel_oem7_msgs.msg.PositionOrVelocityType(type=53)
1786043689612522320,1786043689.610609088,/novatel/oem7/bestvel,/novatel/oem7/bestpos,/novatel/oem7/bestvel,39.663,-75.756,33.181754486,0.000408100,0.000500549,,,,59.694356042,novatel_oem7_msgs.msg.SolutionStatus(status=0),novatel_oem7_msgs.msg.PositionOrVelocityType(type=53)
1786043689615678158,1786043689.614984811,/novatel/oem7/odom,/novatel/oem7/bestpos,/novatel/oem7/odom,39.663,-75.756,33.181754486,0.000180980,0.000666716,0.000160578,0.000083477,0.000666716,,,
1786043689625665547,1786043689.625073077,/novatel/oem7/inspva,/novatel/oem7/inspva,/novatel/oem7/inspva,39.663,-75.756,-1.800579316,0.000608369,0.000551372,0.000527739,0.000302663,0.000551372,,novatel_oem7_msgs.msg.InertialSolutionStatus(status=3),
1786043689626985166,1786043689.625233399,/novatel/oem7/fix,/novatel/oem7/fix,/novatel/oem7/inspva,39.663,-75.756,-1.800579316,0.000608369,0.000551372,0.000527739,0.000302663,0.000551372,,0,
1786043689628002363,1786043689.625713187,/novatel/oem7/odom,/novatel/oem7/fix,/novatel/oem7/odom,39.663,-75.756,-1.800579316,0.000605981,0.000553996,0.000325140,0.000511368,0.000553996,,,
1786043689635639979,1786043689.634831734,/novatel/oem7/odom,/novatel/oem7/fix,/novatel/oem7/odom,39.663,-75.756,-1.800579316,0.000605981,0.000553996,0.000325140,0.000511368,0.000553996,,,
1786043689645965678,1786043689.645362408,/novatel/oem7/inspva,/novatel/oem7/inspva,/novatel/oem7/inspva,39.663,-75.756,-1.800610390,0.002053749,-0.002015724,0.001921854,-0.000724127,-0.002015724,,novatel_oem7_msgs.msg.InertialSolutionStatus(status=3),
1786043689647311491,1786043689.645553007,/novatel/oem7/fix,/novatel/oem7/fix,/novatel/oem7/inspva,39.663,-75.756,-1.800610390,0.002053749,-0.002015724,0.001921854,-0.000724127,-0.002015724,,0,
1786043689648353281,1786043689.646150883,/novatel/oem7/odom,/novatel/oem7/fix,/novatel/oem7/odom,39.663,-75.756,-1.800610390,0.002056454,-0.002012964,-0.000624656,0.001959288,-0.002012964,,,
1786043689657226702,1786043689.656545176,/novatel/oem7/odom,/novatel/oem7/fix,/novatel/oem7/odom,39.663,-75.756,-1.800610390,0.002056454,-0.002012964,-0.000624656,0.001959288,-0.002012964,,,
1786043689666805794,1786043689.666224235,/novatel/oem7/inspva,/novatel/oem7/inspva,/novatel/oem7/inspva,39.663,-75.756,-1.800610586,0.001506484,-0.001919268,0.001432176,-0.000467297,-0.001919268,,novatel_oem7_msgs.msg.InertialSolutionStatus(status=3),
1786043689668169621,1786043689.666381860,/novatel/oem7/fix,/novatel/oem7/fix,/novatel/oem7/inspva,39.663,-75.756,-1.800610586,0.001506484,-0.001919268,0.001432176,-0.000467297,-0.001919268,,0,
1786043689669564398,1786043689.666892368,/novatel/oem7/odom,/novatel/oem7/fix,/novatel/oem7/odom,39.663,-75.756,-1.800610586,0.001509416,-0.001916962,-0.000391656,0.001457719,-0.001916962,,,
1786043689675279004,1786043689.674597978,/novatel/oem7/odom,/novatel/oem7/fix,/novatel/oem7/odom,39.663,-75.756,-1.800610586,0.001509416,-0.001916962,-0.000391656,0.001457719,-0.001916962,,,
1786043689685879263,1786043689.685334971,/novatel/oem7/inspva,/novatel/oem7/inspva,/novatel/oem7/inspva,39.663,-75.756,-1.800607225,0.001360116,-0.000047800,0.000196128,0.001345901,-0.000047800,,novatel_oem7_msgs.msg.InertialSolutionStatus(status=3),
1786043689687188436,1786043689.685503475,/novatel/oem7/fix,/novatel/oem7/fix,/novatel/oem7/inspva,39.663,-75.756,-1.800607225,0.001360116,-0.000047800,0.000196128,0.001345901,-0.000047800,,0,
1786043689688200606,1786043689.686099218,/novatel/oem7/odom,/novatel/oem7/fix,/novatel/oem7/odom,39.663,-75.756,-1.800607225,0.001360300,-0.000042245,0.001353844,0.000132369,-0.000042245,,,
1786043689696284969,1786043689.695634396,/novatel/oem7/odom,/novatel/oem7/fix,/novatel/oem7/odom,39.663,-75.756,-1.800607225,0.001360300,-0.000042245,0.001353844,0.000132369,-0.000042245,,,
1786043689706296131,1786043689.705758116,/novatel/oem7/inspva,/novatel/oem7/inspva,/novatel/oem7/inspva,39.663,-75.756,-1.800613424,0.001410523,0.000856898,0.000088811,0.001407724,0.000856898,,novatel_oem7_msgs.msg.InertialSolutionStatus(status=3),
1786043689707626151,1786043689.705904684,/novatel/oem7/fix,/novatel/oem7/fix,/novatel/oem7/inspva,39.663,-75.756,-1.800613424,0.001410523,0.000856898,0.000088811,0.001407724,0.000856898,,0,
1786043689708641124,1786043689.706463007,/novatel/oem7/odom,/novatel/oem7/fix,/novatel/oem7/odom,39.663,-75.756,-1.800613424,0.001407179,0.000862378,0.001407040,0.000019816,0.000862378,,,
1786043689710478243,1786043689.709690799,/novatel/oem7/bestpos,/novatel/oem7/bestpos,/novatel/oem7/odom,39.663,-75.756,33.181700677,0.001407179,0.000862378,0.001407040,0.000019816,0.000862378,,novatel_oem7_msgs.msg.SolutionStatus(status=0),novatel_oem7_msgs.msg.PositionOrVelocityType(type=53)
1786043689711873840,1786043689.710453496,/novatel/oem7/bestvel,/novatel/oem7/bestpos,/novatel/oem7/bestvel,39.663,-75.756,33.181700677,0.001868720,0.000200245,,,,50.190485883,novatel_oem7_msgs.msg.SolutionStatus(status=0),novatel_oem7_msgs.msg.PositionOrVelocityType(type=53)
1786043689715095982,1786043689.714449359,/novatel/oem7/odom,/novatel/oem7/bestpos,/novatel/oem7/odom,39.663,-75.756,33.181700677,0.001407179,0.000862378,0.001407040,0.000019816,0.000862378,,,
1786043689727050167,1786043689.726518525,/novatel/oem7/inspva,/novatel/oem7/inspva,/novatel/oem7/inspva,39.663,-75.756,-1.800634910,0.002285954,-0.000832855,0.002284192,-0.000089728,-0.000832855,,novatel_oem7_msgs.msg.InertialSolutionStatus(status=3),
1786043689728343263,1786043689.726652853,/novatel/oem7/fix,/novatel/oem7/fix,/novatel/oem7/inspva,39.663,-75.756,-1.800634910,0.002285954,-0.000832855,0.002284192,-0.000089728,-0.000832855,,0,
1786043689729369646,1786043689.727076044,/novatel/oem7/odom,/novatel/oem7/fix,/novatel/oem7/odom,39.663,-75.756,-1.800634910,0.002288195,-0.000826676,0.000021621,0.002288093,-0.000826676,,,
1786043689736296818,1786043689.735500544,/novatel/oem7/odom,/novatel/oem7/fix,/novatel/oem7/odom,39.663,-75.756,-1.800634910,0.002288195,-0.000826676,0.000021621,0.002288093,-0.000826676,,,
1786043689745724501,1786043689.745155976,/novatel/oem7/inspva,/novatel/oem7/inspva,/novatel/oem7/inspva,39.663,-75.756,-1.800636522,0.001856702,-0.001580331,0.001781203,-0.000524081,-0.001580331,,novatel_oem7_msgs.msg.InertialSolutionStatus(status=3),
1786043689747029854,1786043689.745300207,/novatel/oem7/fix,/novatel/oem7/fix,/novatel/oem7/inspva,39.663,-75.756,-1.800636522,0.001856702,-0.001580331,0.001781203,-0.000524081,-0.001580331,,0,
1786043689748048728,1786043689.745643651,/novatel/oem7/odom,/novatel/oem7/fix,/novatel/oem7/odom,39.663,-75.756,-1.800636522,0.001859332,-0.001577236,-0.000433097,0.001808188,-0.001577236,,,
1786043689756405171,1786043689.755757345,/novatel/oem7/odom,/novatel/oem7/fix,/novatel/oem7/odom,39.663,-75.756,-1.800636522,0.001859332,-0.001577236,-0.000433097,0.001808188,-0.001577236,,,
1786043689765945719,1786043689.765411343,/novatel/oem7/inspva,/novatel/oem7/inspva,/novatel/oem7/inspva,39.663,-75.756,-1.800634911,0.001010961,-0.000393585,0.000387901,0.000933581,-0.000393585,,novatel_oem7_msgs.msg.InertialSolutionStatus(status=3),
1786043689767311149,1786043689.765556325,/novatel/oem7/fix,/novatel/oem7/fix,/novatel/oem7/inspva,39.663,-75.756,-1.800634911,0.001010961,-0.000393585,0.000387901,0.000933581,-0.000393585,,0,
1786043689768647822,1786043689.766168268,/novatel/oem7/odom,/novatel/oem7/fix,/novatel/oem7/odom,39.663,-75.756,-1.800634911,0.001012734,-0.000389000,0.000952397,0.000344339,-0.000389000,,,
1786043689775686535,1786043689.775018175,/novatel/oem7/odom,/novatel/oem7/fix,/novatel/oem7/odom,39.663,-75.756,-1.800634911,0.001012734,-0.000389000,0.000952397,0.000344339,-0.000389000,,,
1786043689786610626,1786043689.786068235,/novatel/oem7/inspva,/novatel/oem7/inspva,/novatel/oem7/inspva,39.663,-75.756,-1.800648360,0.001784286,-0.000103359,0.000060616,0.001783256,-0.000103359,,novatel_oem7_msgs.msg.InertialSolutionStatus(status=3),
1786043689787934959,1786043689.786203046,/novatel/oem7/fix,/novatel/oem7/fix,/novatel/oem7/inspva,39.663,-75.756,-1.800648360,0.001784286,-0.000103359,0.000060616,0.001783256,-0.000103359,,0,
1786043689788948833,1786043689.786673231,/novatel/oem7/odom,/novatel/oem7/fix,/novatel/oem7/odom,39.663,-75.756,-1.800648360,0.001784668,-0.000096531,0.001784512,-0.000023585,-0.000096531,,,
1786043689795001063,1786043689.794341410,/novatel/oem7/odom,/novatel/oem7/fix,/novatel/oem7/odom,39.663,-75.756,-1.800648360,0.001784668,-0.000096531,0.001784512,-0.000023585,-0.000096531,,,
1786043689807331598,1786043689.806526880,/novatel/oem7/inspva,/novatel/oem7/inspva,/novatel/oem7/inspva,39.663,-75.756,-1.800659058,0.002333750,0.000205175,0.002328617,-0.000154700,0.000205175,,novatel_oem7_msgs.msg.InertialSolutionStatus(status=3),
1786043689809397882,1786043689.806703532,/novatel/oem7/fix,/novatel/oem7/fix,/novatel/oem7/inspva,39.663,-75.756,-1.800659058,0.002333750,0.000205175,0.002328617,-0.000154700,0.000205175,,0,
1786043689811063295,1786043689.807124663,/novatel/oem7/odom,/novatel/oem7/fix,/novatel/oem7/odom,39.663,-75.756,-1.800659058,0.002333206,0.000211272,-0.000045115,0.002332769,0.000211272,,,
1786043689813331851,1786043689.810167923,/novatel/oem7/bestpos,/novatel/oem7/bestpos,/novatel/oem7/odom,39.663,-75.756,33.181641291,0.002333206,0.000211272,-0.000045115,0.002332769,0.000211272,,novatel_oem7_msgs.msg.SolutionStatus(status=0),novatel_oem7_msgs.msg.PositionOrVelocityType(type=53)
1786043689814760142,1786043689.810608461,/novatel/oem7/bestvel,/novatel/oem7/bestpos,/novatel/oem7/bestvel,39.663,-75.756,33.181641291,0.002727273,-0.000432160,,,,15.993640245,novatel_oem7_msgs.msg.SolutionStatus(status=0),novatel_oem7_msgs.msg.PositionOrVelocityType(type=53)
1786043689817193036,1786043689.815521419,/novatel/oem7/odom,/novatel/oem7/bestpos,/novatel/oem7/odom,39.663,-75.756,33.181641291,0.002333206,0.000211272,-0.000045115,0.002332769,0.000211272,,,
1786043689825784021,1786043689.824981306,/novatel/oem7/inspva,/novatel/oem7/inspva,/novatel/oem7/inspva,39.663,-75.756,-1.800677132,0.002640912,-0.000868606,0.002428340,-0.001038066,-0.000868606,,novatel_oem7_msgs.msg.InertialSolutionStatus(status=3),
1786043689827855638,1786043689.825137168,/novatel/oem7/fix,/novatel/oem7/fix,/novatel/oem7/inspva,39.663,-75.756,-1.800677132,0.002640912,-0.000868606,0.002428340,-0.001038066,-0.000868606,,0,
1786043689829498638,1786043689.825558162,/novatel/oem7/odom,/novatel/oem7/fix,/novatel/oem7/odom,39.663,-75.756,-1.800677132,0.002641903,-0.000865586,-0.000918600,0.002477060,-0.000865586,,,
1786043689835106310,1786043689.834432606,/novatel/oem7/odom,/novatel/oem7/fix,/novatel/oem7/odom,39.663,-75.756,-1.800677132,0.002641903,-0.000865586,-0.000918600,0.002477060,-0.000865586,,,
1786043689847036044,1786043689.846537556,/novatel/oem7/inspva,/novatel/oem7/inspva,/novatel/oem7/inspva,39.663,-75.756,-1.800701238,0.000788187,-0.002122007,0.000329417,0.000716046,-0.002122007,,novatel_oem7_msgs.msg.InertialSolutionStatus(status=3),
1786043689848324314,1786043689.846702251,/novatel/oem7/fix,/novatel/oem7/fix,/novatel/oem7/inspva,39.663,-75.756,-1.800701238,0.000788187,-0.002122007,0.000329417,0.000716046,-0.002122007,,0,
1786043689849350841,1786043689.847054341,/novatel/oem7/odom,/novatel/oem7/fix,/novatel/oem7/odom,39.663,-75.756,-1.800701238,0.000797832,-0.002118399,0.000738950,0.000300812,-0.002118399,,,
1786043689856711450,1786043689.856066807,/novatel/oem7/odom,/novatel/oem7/fix,/novatel/oem7/odom,39.663,-75.756,-1.800701238,0.000797832,-0.002118399,0.000738950,0.000300812,-0.002118399,,,
1786043689865491891,1786043689.864983379,/novatel/oem7/inspva,/novatel/oem7/inspva,/novatel/oem7/inspva,39.663,-75.756,-1.800708478,0.001360157,-0.000682718,0.000392347,0.001302341,-0.000682718,,novatel_oem7_msgs.msg.InertialSolutionStatus(status=3),
1786043689866848510,1786043689.865150404,/novatel/oem7/fix,/novatel/oem7/fix,/novatel/oem7/inspva,39.663,-75.756,-1.800708478,0.001360157,-0.000682718,0.000392347,0.001302341,-0.000682718,,0,
1786043689868175474,1786043689.865537157,/novatel/oem7/odom,/novatel/oem7/fix,/novatel/oem7/odom,39.663,-75.756,-1.800708478,0.001363142,-0.000676738,0.001322077,0.000332071,-0.000676738,,,
1786043689876158443,1786043689.875525073,/novatel/oem7/odom,/novatel/oem7/fix,/novatel/oem7/odom,39.663,-75.756,-1.800708478,0.001363142,-0.000676738,0.001322077,0.000332071,-0.000676738,,,
1786043689885741464,1786043689.885227066,/novatel/oem7/inspva,/novatel/oem7/inspva,/novatel/oem7/inspva,39.663,-75.756,-1.800718060,0.001943664,0.000415353,0.001847592,0.000603518,0.000415353,,novatel_oem7_msgs.msg.InertialSolutionStatus(status=3),
1786043689887018617,1786043689.885402831,/novatel/oem7/fix,/novatel/oem7/fix,/novatel/oem7/inspva,39.663,-75.756,-1.800718060,0.001943664,0.000415353,0.001847592,0.000603518,0.000415353,,0,
1786043689888036137,1786043689.886002313,/novatel/oem7/odom,/novatel/oem7/fix,/novatel/oem7/odom,39.663,-75.756,-1.800718060,0.001942033,0.000422912,0.000688689,0.001815820,0.000422912,,,
1786043689895606432,1786043689.894961019,/novatel/oem7/odom,/novatel/oem7/fix,/novatel/oem7/odom,39.663,-75.756,-1.800718060,0.001942033,0.000422912,0.000688689,0.001815820,0.000422912,,,
1786043689906444939,1786043689.905938664,/novatel/oem7/inspva,/novatel/oem7/inspva,/novatel/oem7/inspva,39.663,-75.756,-1.800740316,0.002322141,-0.000855641,0.002322129,0.000007454,-0.000855641,,novatel_oem7_msgs.msg.InertialSolutionStatus(status=3),
1786043689907723989,1786043689.906108883,/novatel/oem7/fix,/novatel/oem7/fix,/novatel/oem7/inspva,39.663,-75.756,-1.800740316,0.002322141,-0.000855641,0.002322129,0.000007454,-0.000855641,,0,
1786043689908736272,1786043689.906548220,/novatel/oem7/odom,/novatel/oem7/fix,/novatel/oem7/odom,39.663,-75.756,-1.800740316,0.002324579,-0.000848994,0.000120706,0.002321443,-0.000848994,,,
1786043689910150849,1786043689.909309411,/novatel/oem7/bestpos,/novatel/oem7/bestpos,/novatel/oem7/odom,39.663,-75.756,33.181576700,0.002324579,-0.000848994,0.000120706,0.002321443,-0.000848994,,novatel_oem7_msgs.msg.SolutionStatus(status=0),novatel_oem7_msgs.msg.PositionOrVelocityType(type=53)
1786043689911523456,1786043689.909974214,/novatel/oem7/bestvel,/novatel/oem7/bestpos,/novatel/oem7/bestvel,39.663,-75.756,33.181576700,0.002399642,-0.001331206,,,,30.323001345,novatel_oem7_msgs.msg.SolutionStatus(status=0),novatel_oem7_msgs.msg.PositionOrVelocityType(type=53)
1786043689915046191,1786043689.914406485,/novatel/oem7/odom,/novatel/oem7/bestpos,/novatel/oem7/odom,39.663,-75.756,33.181576700,0.002324579,-0.000848994,0.000120706,0.002321443,-0.000848994,,,
1786043689925721450,1786043689.925209502,/novatel/oem7/inspva,/novatel/oem7/inspva,/novatel/oem7/inspva,39.663,-75.756,-1.800771709,0.001312098,-0.002407414,0.001269825,0.000330371,-0.002407414,,novatel_oem7_msgs.msg.InertialSolutionStatus(status=3),
1786043689926992946,1786043689.925389870,/novatel/oem7/fix,/novatel/oem7/fix,/novatel/oem7/inspva,39.663,-75.756,-1.800771709,0.001312098,-0.002407414,0.001269825,0.000330371,-0.002407414,,0,
1786043689928011753,1786043689.925752454,/novatel/oem7/odom,/novatel/oem7/fix,/novatel/oem7/odom,39.663,-75.756,-1.800771709,0.001320980,-0.002402552,0.000399347,0.001259171,-0.002402552,,,
1786043689936168987,1786043689.935515707,/novatel/oem7/odom,/novatel/oem7/fix,/novatel/oem7/odom,39.663,-75.756,-1.800771709,0.001320980,-0.002402552,0.000399347,0.001259171,-0.002402552,,,
1786043689945689478,1786043689.945177570,/novatel/oem7/inspva,/novatel/oem7/inspva,/novatel/oem7/inspva,39.663,-75.756,-1.800776282,0.001757589,-0.001192933,0.000997007,0.001447444,-0.001192933,,novatel_oem7_msgs.msg.InertialSolutionStatus(status=3),
1786043689946997661,1786043689.945336621,/novatel/oem7/fix,/novatel/oem7/fix,/novatel/oem7/inspva,39.663,-75.756,-1.800776282,0.001757589,-0.001192933,0.000997007,0.001447444,-0.001192933,,0,
1786043689948050234,1786043689.945837369,/novatel/oem7/odom,/novatel/oem7/fix,/novatel/oem7/odom,39.663,-75.756,-1.800776282,0.001763149,-0.001184699,0.001497615,0.000930509,-0.001184699,,,
1786043689956317380,1786043689.955692940,/novatel/oem7/odom,/novatel/oem7/fix,/novatel/oem7/odom,39.663,-75.756,-1.800776282,0.001763149,-0.001184699,0.001497615,0.000930509,-0.001184699,,,
1786043689967014736,1786043689.966512387,/novatel/oem7/inspva,/novatel/oem7/inspva,/novatel/oem7/inspva,39.663,-75.756,-1.800781528,0.001877034,0.000442877,0.001408568,0.001240642,0.000442877,,novatel_oem7_msgs.msg.InertialSolutionStatus(status=3),
1786043689968302272,1786043689.966669319,/novatel/oem7/fix,/novatel/oem7/fix,/novatel/oem7/inspva,39.663,-75.756,-1.800781528,0.001877034,0.000442877,0.001408568,0.001240642,0.000442877,,0,
1786043689969323635,1786043689.967195094,/novatel/oem7/odom,/novatel/oem7/fix,/novatel/oem7/odom,39.663,-75.756,-1.800781528,0.001874953,0.000451604,0.001304219,0.001347020,0.000451604,,,
1786043689975569307,1786043689.974924040,/novatel/oem7/odom,/novatel/oem7/fix,/novatel/oem7/odom,39.663,-75.756,-1.800781528,0.001874953,0.000451604,0.001304219,0.001347020,0.000451604,,,
1786043689985468735,1786043689.984967167,/novatel/oem7/inspva,/novatel/oem7/inspva,/novatel/oem7/inspva,39.663,-75.756,-1.800803915,0.002534023,-0.000393550,0.002226251,0.001210404,-0.000393550,,novatel_oem7_msgs.msg.InertialSolutionStatus(status=3),
1786043689986755241,1786043689.985138845,/novatel/oem7/fix,/novatel/oem7/fix,/novatel/oem7/inspva,39.663,-75.756,-1.800803915,0.002534023,-0.000393550,0.002226251,0.001210404,-0.000393550,,0,
1786043689987776097,1786043689.985495809,/novatel/oem7/odom,/novatel/oem7/fix,/novatel/oem7/odom,39.663,-75.756,-1.800803915,0.002535690,-0.000382665,0.001316010,0.002167450,-0.000382665,,,
1786043689996103857,1786043689.995458510,/novatel/oem7/odom,/novatel/oem7/fix,/novatel/oem7/odom,39.663,-75.756,-1.800803915,0.002535690,-0.000382665,0.001316010,0.002167450,-0.000382665,,,
1786043690008904947,1786043690.008391898,/novatel/oem7/inspva,/novatel/oem7/inspva,/novatel/oem7/inspva,39.663,-75.756,-1.800838583,0.002022344,-0.002627357,0.001708829,0.001081562,-0.002627357,,novatel_oem7_msgs.msg.InertialSolutionStatus(status=3),
1786043690010212623,1786043690.008600527,/novatel/oem7/fix,/novatel/oem7/fix,/novatel/oem7/inspva,39.663,-75.756,-1.800838583,0.002022344,-0.002627357,0.001708829,0.001081562,-0.002627357,,0,
1786043690012081185,1786043690.011432058,/novatel/oem7/odom,/novatel/oem7/fix,/novatel/oem7/odom,39.663,-75.756,-1.800838583,0.002033909,-0.002618415,0.001171400,0.001662710,-0.002618415,,,
1786043690017514019,1786043690.016887391,/novatel/oem7/odom,/novatel/oem7/fix,/novatel/oem7/odom,39.663,-75.756,-1.800838583,0.002033909,-0.002618415,0.001171400,0.001662710,-0.002618415,,,
1786043690026684726,1786043690.026120571,/novatel/oem7/bestpos,/novatel/oem7/bestpos,/novatel/oem7/odom,39.663,-75.756,33.181489015,0.002033909,-0.002618415,0.001171400,0.001662710,-0.002618415,,novatel_oem7_msgs.msg.SolutionStatus(status=0),novatel_oem7_msgs.msg.PositionOrVelocityType(type=53)
1786043690028545708,1786043690.026929692,/novatel/oem7/bestvel,/novatel/oem7/bestpos,/novatel/oem7/bestvel,39.663,-75.756,33.181489015,0.001948241,-0.002465002,,,,18.133022637,novatel_oem7_msgs.msg.SolutionStatus(status=0),novatel_oem7_msgs.msg.PositionOrVelocityType(type=53)
1786043690030106533,1786043690.027464564,/novatel/oem7/inspva,/novatel/oem7/inspva,/novatel/oem7/inspva,39.663,-75.756,-1.800844287,0.001804781,-0.001807100,0.001784948,0.000266825,-0.001807100,,novatel_oem7_msgs.msg.InertialSolutionStatus(status=3),
1786043690030921865,1786043690.027713460,/novatel/oem7/fix,/novatel/oem7/fix,/novatel/oem7/inspva,39.663,-75.756,-1.800844287,0.001804781,-0.001807100,0.001784948,0.000266825,-0.001807100,,0,
1786043690031913414,1786043690.028574088,/novatel/oem7/odom,/novatel/oem7/fix,/novatel/oem7/odom,39.663,-75.756,-1.800844287,0.002033921,-0.002618405,0.001171428,0.001662706,-0.002618405,,,
1786043690035346555,1786043690.034686352,/novatel/oem7/odom,/novatel/oem7/fix,/novatel/oem7/odom,39.663,-75.756,-1.800844287,0.001810892,-0.001800976,0.000358052,0.001775142,-0.001800976,,,
1786043690045972344,1786043690.045465359,/novatel/oem7/inspva,/novatel/oem7/inspva,/novatel/oem7/inspva,39.663,-75.756,-1.800810720,0.001872045,0.000992676,0.001325159,0.001322311,0.000992676,,novatel_oem7_msgs.msg.InertialSolutionStatus(status=3),
1786043690047243870,1786043690.045631330,/novatel/oem7/fix,/novatel/oem7/fix,/novatel/oem7/inspva,39.663,-75.756,-1.800810720,0.001872045,0.000992676,0.001325159,0.001322311,0.000992676,,0,
1786043690048262246,1786043690.046303454,/novatel/oem7/odom,/novatel/oem7/fix,/novatel/oem7/odom,39.663,-75.756,-1.800810720,0.001867373,0.001001436,0.001379738,0.001258335,0.001001436,,,
1786043690056963509,1786043690.056328773,/novatel/oem7/odom,/novatel/oem7/fix,/novatel/oem7/odom,39.663,-75.756,-1.800810720,0.001867373,0.001001436,0.001379738,0.001258335,0.001001436,,,
1786043690065668649,1786043690.065150300,/novatel/oem7/inspva,/novatel/oem7/inspva,/novatel/oem7/inspva,39.663,-75.756,-1.800806988,0.002092843,-0.000185268,0.001942175,0.000779708,-0.000185268,,novatel_oem7_msgs.msg.InertialSolutionStatus(status=3),
1786043690066963075,1786043690.065307232,/novatel/oem7/fix,/novatel/oem7/fix,/novatel/oem7/inspva,39.663,-75.756,-1.800806988,0.002092843,-0.000185268,0.001942175,0.000779708,-0.000185268,,0,
1786043690067972845,1786043690.065690699,/novatel/oem7/odom,/novatel/oem7/fix,/novatel/oem7/odom,39.663,-75.756,-1.800806988,0.002093577,-0.000176771,0.000871574,0.001903530,-0.000176771,,,
1786043690075193743,1786043690.074555420,/novatel/oem7/odom,/novatel/oem7/fix,/novatel/oem7/odom,39.663,-75.756,-1.800806988,0.002093577,-0.000176771,0.000871574,0.001903530,-0.000176771,,,
1786043690087062860,1786043690.086575339,/novatel/oem7/inspva,/novatel/oem7/inspva,/novatel/oem7/inspva,39.663,-75.756,-1.800820073,0.002191654,-0.002814601,0.002180915,0.000216698,-0.002814601,,novatel_oem7_msgs.msg.InertialSolutionStatus(status=3),
1786043690088454268,1786043690.086734194,/novatel/oem7/fix,/novatel/oem7/fix,/novatel/oem7/inspva,39.663,-75.756,-1.800820073,0.002191654,-0.002814601,0.002180915,0.000216698,-0.002814601,,0,
1786043690089505578,1786043690.087125067,/novatel/oem7/odom,/novatel/oem7/fix,/novatel/oem7/odom,39.663,-75.756,-1.800820073,0.002200708,-0.002807528,0.000330615,0.002175732,-0.002807528,,,
1786043690095780020,1786043690.095162069,/novatel/oem7/odom,/novatel/oem7/fix,/novatel/oem7/odom,39.663,-75.756,-1.800820073,0.002200708,-0.002807528,0.000330615,0.002175732,-0.002807528,,,
1786043690106333191,1786043690.105847640,/novatel/oem7/inspva,/novatel/oem7/inspva,/novatel/oem7/inspva,39.663,-75.756,-1.800804649,0.002105106,-0.002115013,0.001915967,0.000872091,-0.002115013,,novatel_oem7_msgs.msg.InertialSolutionStatus(status=3),
1786043690107653491,1786043690.106008922,/novatel/oem7/fix,/novatel/oem7/fix,/novatel/oem7/inspva,39.663,-75.756,-1.800804649,0.002105106,-0.002115013,0.001915967,0.000872091,-0.002115013,,0,
1786043690108668568,1786043690.106431348,/novatel/oem7/odom,/novatel/oem7/fix,/novatel/oem7/odom,39.663,-75.756,-1.800804649,0.002113866,-0.002106258,0.000970077,0.001878132,-0.002106258,,,
1786043690110092258,1786043690.109343031,/novatel/oem7/bestpos,/novatel/oem7/bestpos,/novatel/oem7/odom,39.663,-75.756,33.181569825,0.002113866,-0.002106258,0.000970077,0.001878132,-0.002106258,,novatel_oem7_msgs.msg.SolutionStatus(status=0),novatel_oem7_msgs.msg.PositionOrVelocityType(type=53)
1786043690111462416,1786043690.109900210,/novatel/oem7/bestvel,/novatel/oem7/bestpos,/novatel/oem7/bestvel,39.663,-75.756,33.181569825,0.001487727,-0.001616783,,,,18.618270618,novatel_oem7_msgs.msg.SolutionStatus(status=0),novatel_oem7_msgs.msg.PositionOrVelocityType(type=53)
1786043690116089458,1786043690.115458208,/novatel/oem7/odom,/novatel/oem7/bestpos,/novatel/oem7/odom,39.663,-75.756,33.181569825,0.002113866,-0.002106258,0.000970077,0.001878132,-0.002106258,,,
1786043690127720743,1786043690.126958829,/novatel/oem7/inspva,/novatel/oem7/inspva,/novatel/oem7/inspva,39.663,-75.756,-1.800771431,0.001036054,0.000380170,0.000655184,0.000802584,0.000380170,,novatel_oem7_msgs.msg.InertialSolutionStatus(status=3),
1786043690129055123,1786043690.127129661,/novatel/oem7/fix,/novatel/oem7/fix,/novatel/oem7/inspva,39.663,-75.756,-1.800771431,0.001036054,0.000380170,0.000655184,0.000802584,0.000380170,,0,
1786043690130089430,1786043690.127410560,/novatel/oem7/odom,/novatel/oem7/fix,/novatel/oem7/odom,39.663,-75.756,-1.800771431,0.001034244,0.000385067,0.000831244,0.000615381,0.000385067,,,
1786043690135532487,1786043690.134839607,/novatel/oem7/odom,/novatel/oem7/fix,/novatel/oem7/odom,39.663,-75.756,-1.800771431,0.001034244,0.000385067,0.000831244,0.000615381,0.000385067,,,
1786043690146858186,1786043690.146266240,/novatel/oem7/inspva,/novatel/oem7/inspva,/novatel/oem7/inspva,39.663,-75.756,-1.800766738,0.001677499,-0.000213238,0.001572194,0.000584988,-0.000213238,,novatel_oem7_msgs.msg.InertialSolutionStatus(status=3),
1786043690148292320,1786043690.146463259,/novatel/oem7/fix,/novatel/oem7/fix,/novatel/oem7/inspva,39.663,-75.756,-1.800766738,0.001677499,-0.000213238,0.001572194,0.000584988,-0.000213238,,0,
1786043690149311037,1786043690.146996271,/novatel/oem7/odom,/novatel/oem7/fix,/novatel/oem7/odom,39.663,-75.756,-1.800766738,0.001678336,-0.000206552,0.000659641,0.001543271,-0.000206552,,,
1786043690156681750,1786043690.155980377,/novatel/oem7/odom,/novatel/oem7/fix,/novatel/oem7/odom,39.663,-75.756,-1.800766738,0.001678336,-0.000206552,0.000659641,0.001543271,-0.000206552,,,
1786043690165991546,1786043690.165388503,/novatel/oem7/inspva,/novatel/oem7/inspva,/novatel/oem7/inspva,39.663,-75.756,-1.800783065,0.002653113,-0.002568617,0.002653045,0.000019076,-0.002568617,,novatel_oem7_msgs.msg.InertialSolutionStatus(status=3),
1786043690167387666,1786043690.165584208,/novatel/oem7/fix,/novatel/oem7/fix,/novatel/oem7/inspva,39.663,-75.756,-1.800783065,0.002653113,-0.002568617,0.002653045,0.000019076,-0.002568617,,0,
1786043690168447410,1786043690.166322189,/novatel/oem7/odom,/novatel/oem7/fix,/novatel/oem7/odom,39.663,-75.756,-1.800783065,0.002660505,-0.002560960,0.000154707,0.002656003,-0.002560960,,,
1786043690176314328,1786043690.175639927,/novatel/oem7/odom,/novatel/oem7/fix,/novatel/oem7/odom,39.663,-75.756,-1.800783065,0.002660505,-0.002560960,0.000154707,0.002656003,-0.002560960,,,
1786043690186044560,1786043690.185440771,/novatel/oem7/inspva,/novatel/oem7/inspva,/novatel/oem7/inspva,39.663,-75.756,-1.800765446,0.002287971,-0.001593078,0.002281330,-0.000174199,-0.001593078,,novatel_oem7_msgs.msg.InertialSolutionStatus(status=3),
1786043690187412071,1786043690.185609280,/novatel/oem7/fix,/novatel/oem7/fix,/novatel/oem7/inspva,39.663,-75.756,-1.800765446,0.002287971,-0.001593078,0.002281330,-0.000174199,-0.001593078,,0,
1786043690188629593,1786043690.186022314,/novatel/oem7/odom,/novatel/oem7/fix,/novatel/oem7/odom,39.663,-75.756,-1.800765446,0.002292051,-0.001587202,-0.000059736,0.002291272,-0.001587202,,,
1786043690195297509,1786043690.194627312,/novatel/oem7/odom,/novatel/oem7/fix,/novatel/oem7/odom,39.663,-75.756,-1.800765446,0.002292051,-0.001587202,-0.000059736,0.002291272,-0.001587202,,,
1786043690207221900,1786043690.206684952,/novatel/oem7/inspva,/novatel/oem7/inspva,/novatel/oem7/inspva,39.663,-75.756,-1.800748443,0.001098677,-0.000876847,0.000397697,0.001024172,-0.000876847,,novatel_oem7_msgs.msg.InertialSolutionStatus(status=3),
1786043690208606838,1786043690.206854773,/novatel/oem7/fix,/novatel/oem7/fix,/novatel/oem7/inspva,39.663,-75.756,-1.800748443,0.001098677,-0.000876847,0.000397697,0.001024172,-0.000876847,,0,
1786043690209651794,1786043690.207630859,/novatel/oem7/odom,/novatel/oem7/fix,/novatel/oem7/odom,39.663,-75.756,-1.800748443,0.001102626,-0.000871876,0.001045252,0.000351043,-0.000871876,,,
1786043690211125823,1786043690.210341055,/novatel/oem7/bestpos,/novatel/oem7/bestpos,/novatel/oem7/odom,39.663,-75.756,33.181622890,0.001102626,-0.000871876,0.001045252,0.000351043,-0.000871876,,novatel_oem7_msgs.msg.SolutionStatus(status=0),novatel_oem7_msgs.msg.PositionOrVelocityType(type=53)
1786043690212521899,1786043690.210766055,/novatel/oem7/bestvel,/novatel/oem7/bestpos,/novatel/oem7/bestvel,39.663,-75.756,33.181622890,0.000467843,-0.000410865,,,,77.908026354,novatel_oem7_msgs.msg.SolutionStatus(status=0),novatel_oem7_msgs.msg.PositionOrVelocityType(type=53)
1786043690215873769,1786043690.215146252,/novatel/oem7/odom,/novatel/oem7/bestpos,/novatel/oem7/odom,39.663,-75.756,33.181622890,0.001102626,-0.000871876,0.001045252,0.000351043,-0.000871876,,,
1786043690225846974,1786043690.225198705,/novatel/oem7/inspva,/novatel/oem7/inspva,/novatel/oem7/inspva,39.663,-75.756,-1.800731095,0.000854829,-0.000387115,0.000630543,0.000577190,-0.000387115,,novatel_oem7_msgs.msg.InertialSolutionStatus(status=3),
1786043690227228408,1786043690.225373403,/novatel/oem7/fix,/novatel/oem7/fix,/novatel/oem7/inspva,39.663,-75.756,-1.800731095,0.000854829,-0.000387115,0.000630543,0.000577190,-0.000387115,,0,
1786043690228289889,1786043690.225800001,/novatel/oem7/odom,/novatel/oem7/fix,/novatel/oem7/odom,39.663,-75.756,-1.800731095,0.000856603,-0.000383173,0.000607911,0.000603501,-0.000383173,,,
1786043690236293668,1786043690.235575018,/novatel/oem7/odom,/novatel/oem7/fix,/novatel/oem7/odom,39.663,-75.756,-1.800731095,0.000856603,-0.000383173,0.000607911,0.000603501,-0.000383173,,,
1786043690246163069,1786043690.245527419,/novatel/oem7/inspva,/novatel/oem7/inspva,/novatel/oem7/inspva,39.663,-75.756,-1.800732411,0.002462745,-0.000847481,0.002396575,-0.000567043,-0.000847481,,novatel_oem7_msgs.msg.InertialSolutionStatus(status=3),
1786043690247596173,1786043690.245706821,/novatel/oem7/fix,/novatel/oem7/fix,/novatel/oem7/inspva,39.663,-75.756,-1.800732411,0.002462745,-0.000847481,0.002396575,-0.000567043,-0.000847481,,0,
1786043690248655664,1786043690.246560519,/novatel/oem7/odom,/novatel/oem7/fix,/novatel/oem7/odom,39.663,-75.756,-1.800732411,0.002464348,-0.000842808,-0.000449542,0.002422998,-0.000842808,,,
1786043690257130378,1786043690.256430641,/novatel/oem7/odom,/novatel/oem7/fix,/novatel/oem7/odom,39.663,-75.756,-1.800732411,0.002464348,-0.000842808,-0.000449542,0.002422998,-0.000842808,,,
1786043690266950031,1786043690.266281182,/novatel/oem7/inspva,/novatel/oem7/inspva,/novatel/oem7/inspva,39.663,-75.756,-1.800721297,0.002143881,-0.001321395,0.001998850,-0.000775128,-0.001321395,,novatel_oem7_msgs.msg.InertialSolutionStatus(status=3),
1786043690268359382,1786043690.266475483,/novatel/oem7/fix,/novatel/oem7/fix,/novatel/oem7/inspva,39.663,-75.756,-1.800721297,0.002143881,-0.001321395,0.001998850,-0.000775128,-0.001321395,,0,
1786043690269416010,1786043690.266957631,/novatel/oem7/odom,/novatel/oem7/fix,/novatel/oem7/odom,39.663,-75.756,-1.800721297,0.002145598,-0.001318605,-0.000674390,0.002036858,-0.001318605,,,
1786043690275470136,1786043690.274731078,/novatel/oem7/odom,/novatel/oem7/fix,/novatel/oem7/odom,39.663,-75.756,-1.800721297,0.002145598,-0.001318605,-0.000674390,0.002036858,-0.001318605,,,
1786043690285974980,1786043690.285288910,/novatel/oem7/inspva,/novatel/oem7/inspva,/novatel/oem7/inspva,39.663,-75.756,-1.800706001,0.000740739,-0.001054839,0.000710310,-0.000210130,-0.001054839,,novatel_oem7_msgs.msg.InertialSolutionStatus(status=3),
1786043690287412521,1786043690.285506252,/novatel/oem7/fix,/novatel/oem7/fix,/novatel/oem7/inspva,39.663,-75.756,-1.800706001,0.000740739,-0.001054839,0.000710310,-0.000210130,-0.001054839,,0,
1786043690288508952,1786043690.286134598,/novatel/oem7/odom,/novatel/oem7/fix,/novatel/oem7/odom,39.663,-75.756,-1.800706001,0.000742481,-0.001053613,-0.000172159,0.000722247,-0.001053613,,,
1786043690296293156,1786043690.295562182,/novatel/oem7/odom,/novatel/oem7/fix,/novatel/oem7/odom,39.663,-75.756,-1.800706001,0.000742481,-0.001053613,-0.000172159,0.000722247,-0.001053613,,,
1786043690306674422,1786043690.305965648,/novatel/oem7/inspva,/novatel/oem7/inspva,/novatel/oem7/inspva,39.663,-75.756,-1.800691771,0.001191931,-0.000691116,0.000617626,0.001019431,-0.000691116,,novatel_oem7_msgs.msg.InertialSolutionStatus(status=3),
1786043690308099919,1786043690.306144843,/novatel/oem7/fix,/novatel/oem7/fix,/novatel/oem7/inspva,39.663,-75.756,-1.800691771,0.001191931,-0.000691116,0.000617626,0.001019431,-0.000691116,,0,
1786043690309174679,1786043690.306670725,/novatel/oem7/odom,/novatel/oem7/fix,/novatel/oem7/odom,39.663,-75.756,-1.800691771,0.001195124,-0.000685580,0.001050211,0.000570418,-0.000685580,,,
1786043690310706135,1786043690.309300051,/novatel/oem7/bestpos,/novatel/oem7/bestpos,/novatel/oem7/odom,39.663,-75.756,33.181695318,0.001195124,-0.000685580,0.001050211,0.000570418,-0.000685580,,novatel_oem7_msgs.msg.SolutionStatus(status=0),novatel_oem7_msgs.msg.PositionOrVelocityType(type=53)
1786043690311671708,1786043690.309941611,/novatel/oem7/bestvel,/novatel/oem7/bestpos,/novatel/oem7/bestvel,39.663,-75.756,33.181695318,0.001077027,-0.000521898,,,,10.397563324,novatel_oem7_msgs.msg.SolutionStatus(status=0),novatel_oem7_msgs.msg.PositionOrVelocityType(type=53)
1786043690315106828,1786043690.314352558,/novatel/oem7/odom,/novatel/oem7/bestpos,/novatel/oem7/odom,39.663,-75.756,33.181695318,0.001195124,-0.000685580,0.001050211,0.000570418,-0.000685580,,,
1786043690327241998,1786043690.326538721,/novatel/oem7/inspva,/novatel/oem7/inspva,/novatel/oem7/inspva,39.663,-75.756,-1.800683104,0.001925188,0.000021093,0.001911439,-0.000229679,0.000021093,,novatel_oem7_msgs.msg.InertialSolutionStatus(status=3),
1786043690328684573,1786043690.326727323,/novatel/oem7/fix,/novatel/oem7/fix,/novatel/oem7/inspva,39.663,-75.756,-1.800683104,0.001925188,0.000021093,0.001911439,-0.000229679,0.000021093,,0,
1786043690329777980,1786043690.327123511,/novatel/oem7/odom,/novatel/oem7/fix,/novatel/oem7/odom,39.663,-75.756,-1.800683104,0.001925133,0.000025652,-0.000138874,0.001920118,0.000025652,,,
1786043690335760573,1786043690.335010574,/novatel/oem7/odom,/novatel/oem7/fix,/novatel/oem7/odom,39.663,-75.756,-1.800683104,0.001925133,0.000025652,-0.000138874,0.001920118,0.000025652,,,
1786043690345653917,1786043690.344923780,/novatel/oem7/inspva,/novatel/oem7/inspva,/novatel/oem7/inspva,39.663,-75.756,-1.800683762,0.002230964,-0.000886162,0.002099172,-0.000755432,-0.000886162,,novatel_oem7_msgs.msg.InertialSolutionStatus(status=3),
1786043690347025938,1786043690.345116439,/novatel/oem7/fix,/novatel/oem7/fix,/novatel/oem7/inspva,39.663,-75.756,-1.800683762,0.002230964,-0.000886162,0.002099172,-0.000755432,-0.000886162,,0,
1786043690348113595,1786043690.345539649,/novatel/oem7/odom,/novatel/oem7/fix,/novatel/oem7/odom,39.663,-75.756,-1.800683762,0.002232186,-0.000883078,-0.000651611,0.002134961,-0.000883078,,,
1786043690356463681,1786043690.355693784,/novatel/oem7/odom,/novatel/oem7/fix,/novatel/oem7/odom,39.663,-75.756,-1.800683762,0.002232186,-0.000883078,-0.000651611,0.002134961,-0.000883078,,,
1786043690366057376,1786043690.365450750,/novatel/oem7/inspva,/novatel/oem7/inspva,/novatel/oem7/inspva,39.663,-75.756,-1.800684739,0.000624984,-0.002082846,0.000409288,-0.000472323,-0.002082846,,novatel_oem7_msgs.msg.InertialSolutionStatus(status=3),
1786043690367511121,1786043690.365635552,/novatel/oem7/fix,/novatel/oem7/fix,/novatel/oem7/inspva,39.663,-75.756,-1.800684739,0.000624984,-0.002082846,0.000409288,-0.000472323,-0.002082846,,0,
1786043690368562814,1786043690.366368859,/novatel/oem7/odom,/novatel/oem7/fix,/novatel/oem7/odom,39.663,-75.756,-1.800684739,0.000623061,-0.002083422,-0.000444401,0.000436706,-0.002083422,,,
1786043690375363248,1786043690.374681052,/novatel/oem7/odom,/novatel/oem7/fix,/novatel/oem7/odom,39.663,-75.756,-1.800684739,0.000623061,-0.002083422,-0.000444401,0.000436706,-0.002083422,,,
1786043690386664340,1786043690.385965836,/novatel/oem7/inspva,/novatel/oem7/inspva,/novatel/oem7/inspva,39.663,-75.756,-1.800666269,0.000368741,-0.000972105,0.000351371,-0.000111843,-0.000972105,,novatel_oem7_msgs.msg.InertialSolutionStatus(status=3),
1786043690388044197,1786043690.386137985,/novatel/oem7/fix,/novatel/oem7/fix,/novatel/oem7/inspva,39.663,-75.756,-1.800666269,0.000368741,-0.000972105,0.000351371,-0.000111843,-0.000972105,,0,
1786043690389100581,1786043690.386474932,/novatel/oem7/odom,/novatel/oem7/fix,/novatel/oem7/odom,39.663,-75.756,-1.800666269,0.000370265,-0.000971526,-0.000091313,0.000358829,-0.000971526,,,
1786043690395278272,1786043690.394569532,/novatel/oem7/odom,/novatel/oem7/fix,/novatel/oem7/odom,39.663,-75.756,-1.800666269,0.000370265,-0.000971526,-0.000091313,0.000358829,-0.000971526,,,
1786043690406867703,1786043690.406248994,/novatel/oem7/inspva,/novatel/oem7/inspva,/novatel/oem7/inspva,39.663,-75.756,-1.800650837,0.001168119,0.000574772,0.001124426,-0.000316493,0.000574772,,novatel_oem7_msgs.msg.InertialSolutionStatus(status=3),
1786043690408323541,1786043690.406445786,/novatel/oem7/fix,/novatel/oem7/fix,/novatel/oem7/inspva,39.663,-75.756,-1.800650837,0.001168119,0.000574772,0.001124426,-0.000316493,0.000574772,,0,
1786043690409396598,1786043690.407057228,/novatel/oem7/odom,/novatel/oem7/fix,/novatel/oem7/odom,39.663,-75.756,-1.800650837,0.001167131,0.000576774,-0.000265042,0.001136639,0.000576774,,,
1786043690410954091,1786043690.410208593,/novatel/oem7/bestpos,/novatel/oem7/bestpos,/novatel/oem7/odom,39.663,-75.756,33.181711937,0.001167131,0.000576774,-0.000265042,0.001136639,0.000576774,,novatel_oem7_msgs.msg.SolutionStatus(status=0),novatel_oem7_msgs.msg.PositionOrVelocityType(type=53)
1786043690412395158,1786043690.410618991,/novatel/oem7/bestvel,/novatel/oem7/bestpos,/novatel/oem7/bestvel,39.663,-75.756,33.181711937,0.002446085,-0.000470914,,,,5.590843151,novatel_oem7_msgs.msg.SolutionStatus(status=0),novatel_oem7_msgs.msg.PositionOrVelocityType(type=53)
1786043690416232216,1786043690.415496299,/novatel/oem7/odom,/novatel/oem7/bestpos,/novatel/oem7/odom,39.663,-75.756,33.181711937,0.001167131,0.000576774,-0.000265042,0.001136639,0.000576774,,,
1786043690425885969,1786043690.425211195,/novatel/oem7/inspva,/novatel/oem7/inspva,/novatel/oem7/inspva,39.663,-75.756,-1.800649669,0.001901683,-0.000134171,0.001482253,-0.001191354,-0.000134171,,novatel_oem7_msgs.msg.InertialSolutionStatus(status=3),
1786043690427303036,1786043690.425416387,/novatel/oem7/fix,/novatel/oem7/fix,/novatel/oem7/inspva,39.663,-75.756,-1.800649669,0.001901683,-0.000134171,0.001482253,-0.001191354,-0.000134171,,0,
1786043690428400440,1786043690.425846611,/novatel/oem7/odom,/novatel/oem7/fix,/novatel/oem7/odom,39.663,-75.756,-1.800649669,0.001901662,-0.000134471,-0.001119185,0.001537447,-0.000134471,,,
1786043690435145177,1786043690.434388906,/novatel/oem7/odom,/novatel/oem7/fix,/novatel/oem7/odom,39.663,-75.756,-1.800649669,0.001901662,-0.000134471,-0.001119185,0.001537447,-0.000134471,,,
1786043690445780216,1786043690.445080269,/novatel/oem7/inspva,/novatel/oem7/inspva,/novatel/oem7/inspva,39.663,-75.756,-1.800662774,0.002258057,-0.002475101,0.000691395,-0.002149603,-0.002475101,,novatel_oem7_msgs.msg.InertialSolutionStatus(status=3),
1786043690447193390,1786043690.445271767,/novatel/oem7/fix,/novatel/oem7/fix,/novatel/oem7/inspva,39.663,-75.756,-1.800662774,0.002258057,-0.002475101,0.000691395,-0.002149603,-0.002475101,,0,
1786043690448251610,1786043690.445778619,/novatel/oem7/odom,/novatel/oem7/fix,/novatel/oem7/odom,39.663,-75.756,-1.800662774,0.002251453,-0.002481109,-0.002104879,0.000799078,-0.002481109,,,
1786043690457006020,1786043690.456236375,/novatel/oem7/odom,/novatel/oem7/fix,/novatel/oem7/odom,39.663,-75.756,-1.800662774,0.002251453,-0.002481109,-0.002104879,0.000799078,-0.002481109,,,
1786043690465639788,1786043690.464958849,/novatel/oem7/inspva,/novatel/oem7/inspva,/novatel/oem7/inspva,39.663,-75.756,-1.800639422,0.000860660,-0.001488762,0.000514286,-0.000690106,-0.001488762,,novatel_oem7_msgs.msg.InertialSolutionStatus(status=3),
1786043690467066563,1786043690.465134273,/novatel/oem7/fix,/novatel/oem7/fix,/novatel/oem7/inspva,39.663,-75.756,-1.800639422,0.000860660,-0.001488762,0.000514286,-0.000690106,-0.001488762,,0,
1786043690468132027,1786043690.465565138,/novatel/oem7/odom,/novatel/oem7/fix,/novatel/oem7/odom,39.663,-75.756,-1.800639422,0.000858747,-0.001489867,-0.000659216,0.000550346,-0.001489867,,,
1786043690475145729,1786043690.474435089,/novatel/oem7/odom,/novatel/oem7/fix,/novatel/oem7/odom,39.663,-75.756,-1.800639422,0.000858747,-0.001489867,-0.000659216,0.000550346,-0.001489867,,,
1786043690487224336,1786043690.486543905,/novatel/oem7/inspva,/novatel/oem7/inspva,/novatel/oem7/inspva,39.663,-75.756,-1.800618378,0.001131359,0.000532386,0.000192704,-0.001114827,0.000532386,,novatel_oem7_msgs.msg.InertialSolutionStatus(status=3),
1786043690488653583,1786043690.486720884,/novatel/oem7/fix,/novatel/oem7/fix,/novatel/oem7/inspva,39.663,-75.756,-1.800618378,0.001131359,0.000532386,0.000192704,-0.001114827,0.000532386,,0,
1786043690489724211,1786043690.487161855,/novatel/oem7/odom,/novatel/oem7/fix,/novatel/oem7/odom,39.663,-75.756,-1.800618378,0.001133090,0.000528691,-0.001106515,0.000243963,0.000528691,,,
1786043690495324036,1786043690.494596712,/novatel/oem7/odom,/novatel/oem7/fix,/novatel/oem7/odom,39.663,-75.756,-1.800618378,0.001133090,0.000528691,-0.001106515,0.000243963,0.000528691,,,
1786043690506688445,1786043690.505981805,/novatel/oem7/inspva,/novatel/oem7/inspva,/novatel/oem7/inspva,39.663,-75.756,-1.800613157,0.001090395,0.000034198,0.000865595,-0.000663104,0.000034198,,novatel_oem7_msgs.msg.InertialSolutionStatus(status=3),
1786043690508095453,1786043690.506161470,/novatel/oem7/fix,/novatel/oem7/fix,/novatel/oem7/inspva,39.663,-75.756,-1.800613157,0.001090395,0.000034198,0.000865595,-0.000663104,0.000034198,,0,
1786043690509170753,1786043690.506626518,/novatel/oem7/odom,/novatel/oem7/fix,/novatel/oem7/odom,39.663,-75.756,-1.800613157,0.001090395,0.000034173,-0.000621440,0.000895977,0.000034173,,,
1786043690511826936,1786043690.511185063,/novatel/oem7/bestpos,/novatel/oem7/bestpos,/novatel/oem7/odom,39.663,-75.756,33.181755058,0.001090395,0.000034173,-0.000621440,0.000895977,0.000034173,,novatel_oem7_msgs.msg.SolutionStatus(status=0),novatel_oem7_msgs.msg.PositionOrVelocityType(type=53)
1786043690513258374,1786043690.511611511,/novatel/oem7/bestvel,/novatel/oem7/bestpos,/novatel/oem7/bestvel,39.663,-75.756,33.181755058,0.002102151,-0.000397920,,,,332.928564783,novatel_oem7_msgs.msg.SolutionStatus(status=0),novatel_oem7_msgs.msg.PositionOrVelocityType(type=53)
1786043690515344767,1786043690.514553230,/novatel/oem7/odom,/novatel/oem7/bestpos,/novatel/oem7/odom,39.663,-75.756,33.181755058,0.001090395,0.000034173,-0.000621440,0.000895977,0.000034173,,,
1786043690526004250,1786043690.525262429,/novatel/oem7/inspva,/novatel/oem7/inspva,/novatel/oem7/inspva,39.663,-75.756,-1.800623105,0.002668998,-0.001661569,0.001857084,-0.001916974,-0.001661569,,novatel_oem7_msgs.msg.InertialSolutionStatus(status=3),
1786043690527368763,1786043690.525458968,/novatel/oem7/fix,/novatel/oem7/fix,/novatel/oem7/inspva,39.663,-75.756,-1.800623105,0.002668998,-0.001661569,0.001857084,-0.001916974,-0.001661569,,0,
1786043690528478537,1786043690.525849231,/novatel/oem7/odom,/novatel/oem7/fix,/novatel/oem7/odom,39.663,-75.756,-1.800623105,0.002667775,-0.001663533,-0.001820298,0.001950266,-0.001663533,,,
1786043690535608865,1786043690.534839257,/novatel/oem7/odom,/novatel/oem7/fix,/novatel/oem7/odom,39.663,-75.756,-1.800623105,0.002667775,-0.001663533,-0.001820298,0.001950266,-0.001663533,,,
1786043690546677908,1786043690.545987451,/novatel/oem7/inspva,/novatel/oem7/inspva,/novatel/oem7/inspva,39.663,-75.756,-1.800613075,0.002542165,-0.002335929,0.001489767,-0.002059902,-0.002335929,,novatel_oem7_msgs.msg.InertialSolutionStatus(status=3),
1786043690548086608,1786043690.546176419,/novatel/oem7/fix,/novatel/oem7/fix,/novatel/oem7/inspva,39.663,-75.756,-1.800613075,0.002542165,-0.002335929,0.001489767,-0.002059902,-0.002335929,,0,
1786043690549142312,1786043690.546660594,/novatel/oem7/odom,/novatel/oem7/fix,/novatel/oem7/odom,39.663,-75.756,-1.800613075,0.002538976,-0.002339395,-0.001977956,0.001591882,-0.002339395,,,
1786043690556416234,1786043690.555683034,/novatel/oem7/odom,/novatel/oem7/fix,/novatel/oem7/odom,39.663,-75.756,-1.800613075,0.002538976,-0.002339395,-0.001977956,0.001591882,-0.002339395,,,
1786043690565817404,1786043690.565145381,/novatel/oem7/inspva,/novatel/oem7/inspva,/novatel/oem7/inspva,39.663,-75.756,-1.800591608,0.000543086,0.000141106,-0.000132521,-0.000526670,0.000141106,,novatel_oem7_msgs.msg.InertialSolutionStatus(status=3),
1786043690567203638,1786043690.565338879,/novatel/oem7/fix,/novatel/oem7/fix,/novatel/oem7/inspva,39.663,-75.756,-1.800591608,0.000543086,0.000141106,-0.000132521,-0.000526670,0.000141106,,0,
1786043690568285152,1786043690.565720699,/novatel/oem7/odom,/novatel/oem7/fix,/novatel/oem7/odom,39.663,-75.756,-1.800591608,0.000543686,0.000138778,-0.000532901,-0.000107755,0.000138778,,,
1786043690575992938,1786043690.575239890,/novatel/oem7/odom,/novatel/oem7/fix,/novatel/oem7/odom,39.663,-75.756,-1.800591608,0.000543686,0.000138778,-0.000532901,-0.000107755,0.000138778,,,
1786043690585887943,1786043690.585235516,/novatel/oem7/inspva,/novatel/oem7/inspva,/novatel/oem7/inspva,39.663,-75.756,-1.800587945,0.000792283,0.000235883,0.000439001,-0.000659538,0.000235883,,novatel_oem7_msgs.msg.InertialSolutionStatus(status=3),
1786043690587236979,1786043690.585415091,/novatel/oem7/fix,/novatel/oem7/fix,/novatel/oem7/inspva,39.663,-75.756,-1.800587945,0.000792283,0.000235883,0.000439001,-0.000659538,0.000235883,,0,
1786043690588305297,1786043690.585767678,/novatel/oem7/odom,/novatel/oem7/fix,/novatel/oem7/odom,39.663,-75.756,-1.800587945,0.000792647,0.000234657,-0.000638881,0.000469171,0.000234657,,,
1786043690595240395,1786043690.594506674,/novatel/oem7/odom,/novatel/oem7/fix,/novatel/oem7/odom,39.663,-75.756,-1.800587945,0.000792647,0.000234657,-0.000638881,0.000469171,0.000234657,,,
1786043690607310741,1786043690.606635751,/novatel/oem7/inspva,/novatel/oem7/inspva,/novatel/oem7/inspva,39.663,-75.756,-1.800594897,0.002807843,-0.001092020,0.002180663,-0.001768811,-0.001092020,,novatel_oem7_msgs.msg.InertialSolutionStatus(status=3),
1786043690608696585,1786043690.606820216,/novatel/oem7/fix,/novatel/oem7/fix,/novatel/oem7/inspva,39.663,-75.756,-1.800594897,0.002807843,-0.001092020,0.002180663,-0.001768811,-0.001092020,,0,
1786043690609766019,1786043690.607264691,/novatel/oem7/odom,/novatel/oem7/fix,/novatel/oem7/odom,39.663,-75.756,-1.800594897,0.002807680,-0.001092439,-0.001659206,0.002264974,-0.001092439,,,
1786043690611253017,1786043690.610101361,/novatel/oem7/bestpos,/novatel/oem7/bestpos,/novatel/oem7/odom,39.663,-75.756,33.181791265,0.002807680,-0.001092439,-0.001659206,0.002264974,-0.001092439,,novatel_oem7_msgs.msg.SolutionStatus(status=0),novatel_oem7_msgs.msg.PositionOrVelocityType(type=53)
1786043690612195579,1786043690.610528708,/novatel/oem7/bestvel,/novatel/oem7/bestpos,/novatel/oem7/bestvel,39.663,-75.756,33.181791265,0.003125950,-0.001072534,,,,319.533574251,novatel_oem7_msgs.msg.SolutionStatus(status=0),novatel_oem7_msgs.msg.PositionOrVelocityType(type=53)
1786043690615530186,1786043690.614807449,/novatel/oem7/odom,/novatel/oem7/bestpos,/novatel/oem7/odom,39.663,-75.756,33.181791265,0.002807680,-0.001092439,-0.001659206,0.002264974,-0.001092439,,,
1786043690625666890,1786043690.625058422,/novatel/oem7/inspva,/novatel/oem7/inspva,/novatel/oem7/inspva,39.663,-75.756,-1.800587150,0.003119105,-0.001390008,0.002204739,-0.002206341,-0.001390008,,novatel_oem7_msgs.msg.InertialSolutionStatus(status=3),
1786043690627067730,1786043690.625152089,/novatel/oem7/fix,/novatel/oem7/fix,/novatel/oem7/inspva,39.663,-75.756,-1.800587150,0.003119105,-0.001390008,0.002204739,-0.002206341,-0.001390008,,0,
1786043690628128664,1786043690.625529501,/novatel/oem7/odom,/novatel/oem7/fix,/novatel/oem7/odom,39.663,-75.756,-1.800587150,0.003118194,-0.001392051,-0.002093938,0.002310531,-0.001392051,,,
1786043690636250708,1786043690.635567381,/novatel/oem7/odom,/novatel/oem7/fix,/novatel/oem7/odom,39.663,-75.756,-1.800587150,0.003118194,-0.001392051,-0.002093938,0.002310531,-0.001392051,,,
1786043690646030611,1786043690.645417942,/novatel/oem7/inspva,/novatel/oem7/inspva,/novatel/oem7/inspva,39.663,-75.756,-1.800579023,0.001332684,-0.001306754,0.000043325,-0.001331980,-0.001306754,,novatel_oem7_msgs.msg.InertialSolutionStatus(status=3),
1786043690647501773,1786043690.645593230,/novatel/oem7/fix,/novatel/oem7/fix,/novatel/oem7/inspva,39.663,-75.756,-1.800579023,0.001332684,-0.001306754,0.000043325,-0.001331980,-0.001306754,,0,
1786043690648581340,1786043690.646267377,/novatel/oem7/odom,/novatel/oem7/fix,/novatel/oem7/odom,39.663,-75.756,-1.800579023,0.001328010,-0.001311503,-0.001323459,0.000109854,-0.001311503,,,
1786043690656764614,1786043690.656037773,/novatel/oem7/odom,/novatel/oem7/fix,/novatel/oem7/odom,39.663,-75.756,-1.800579023,0.001328010,-0.001311503,-0.001323459,0.000109854,-0.001311503,,,
1786043690666643312,1786043690.666061641,/novatel/oem7/inspva,/novatel/oem7/inspva,/novatel/oem7/inspva,39.663,-75.756,-1.800555724,0.000898643,0.000128959,0.000204373,-0.000875095,0.000128959,,novatel_oem7_msgs.msg.InertialSolutionStatus(status=3),
1786043690668106757,1786043690.666159410,/novatel/oem7/fix,/novatel/oem7/fix,/novatel/oem7/inspva,39.663,-75.756,-1.800555724,0.000898643,0.000128959,0.000204373,-0.000875095,0.000128959,,0,
1786043690669246248,1786043690.666670482,/novatel/oem7/odom,/novatel/oem7/fix,/novatel/oem7/odom,39.663,-75.756,-1.800555724,0.000899020,0.000126300,-0.000864901,0.000245323,0.000126300,,,
1786043690675143543,1786043690.674481836,/novatel/oem7/odom,/novatel/oem7/fix,/novatel/oem7/odom,39.663,-75.756,-1.800555724,0.000899020,0.000126300,-0.000864901,0.000245323,0.000126300,,,
1786043690686044037,1786043690.685454468,/novatel/oem7/inspva,/novatel/oem7/inspva,/novatel/oem7/inspva,39.663,-75.756,-1.800549665,0.002293537,0.000103441,0.001620954,-0.001622596,0.000103441,,novatel_oem7_msgs.msg.InertialSolutionStatus(status=3),
1786043690687418344,1786043690.685643947,/novatel/oem7/fix,/novatel/oem7/fix,/novatel/oem7/inspva,39.663,-75.756,-1.800549665,0.002293537,0.000103441,0.001620954,-0.001622596,0.000103441,,0,
1786043690688473561,1786043690.686340013,/novatel/oem7/odom,/novatel/oem7/fix,/novatel/oem7/odom,39.663,-75.756,-1.800549665,0.002293608,0.000101853,-0.001544267,0.001695841,0.000101853,,,
1786043690696113357,1786043690.695437687,/novatel/oem7/odom,/novatel/oem7/fix,/novatel/oem7/odom,39.663,-75.756,-1.800549665,0.002293608,0.000101853,-0.001544267,0.001695841,0.000101853,,,
1786043690706461763,1786043690.705865797,/novatel/oem7/inspva,/novatel/oem7/inspva,/novatel/oem7/inspva,39.663,-75.756,-1.800545054,0.002742660,-0.000770722,0.001757157,-0.002105844,-0.000770722,,novatel_oem7_msgs.msg.InertialSolutionStatus(status=3),
1786043690707838583,1786043690.706034602,/novatel/oem7/fix,/novatel/oem7/fix,/novatel/oem7/inspva,39.663,-75.756,-1.800545054,0.002742660,-0.000770722,0.001757157,-0.002105844,-0.000770722,,0,
1786043690709017318,1786043690.706508040,/novatel/oem7/odom,/novatel/oem7/fix,/novatel/oem7/odom,39.663,-75.756,-1.800545054,0.002741849,-0.000773602,-0.002017170,0.001857083,-0.000773602,,,
1786043690710834923,1786043690.710160376,/novatel/oem7/bestpos,/novatel/oem7/bestpos,/novatel/oem7/odom,39.663,-75.756,33.181848467,0.002741849,-0.000773602,-0.002017170,0.001857083,-0.000773602,,novatel_oem7_msgs.msg.SolutionStatus(status=0),novatel_oem7_msgs.msg.PositionOrVelocityType(type=53)
1786043690712194993,1786043690.710352648,/novatel/oem7/bestvel,/novatel/oem7/bestpos,/novatel/oem7/bestvel,39.663,-75.756,33.181848467,0.002934379,-0.001024606,,,,316.354668599,novatel_oem7_msgs.msg.SolutionStatus(status=0),novatel_oem7_msgs.msg.PositionOrVelocityType(type=53)
1786043690715275344,1786043690.714575737,/novatel/oem7/odom,/novatel/oem7/bestpos,/novatel/oem7/odom,39.663,-75.756,33.181848467,0.002741849,-0.000773602,-0.002017170,0.001857083,-0.000773602,,,
1786043690727451651,1786043690.726774018,/novatel/oem7/inspva,/novatel/oem7/inspva,/novatel/oem7/inspva,39.663,-75.756,-1.800551528,0.001832651,-0.001958176,0.000798140,-0.001649722,-0.001958176,,novatel_oem7_msgs.msg.InertialSolutionStatus(status=3),
1786043690728806848,1786043690.726921949,/novatel/oem7/fix,/novatel/oem7/fix,/novatel/oem7/inspva,39.663,-75.756,-1.800551528,0.001832651,-0.001958176,0.000798140,-0.001649722,-0.001958176,,0,
1786043690729870058,1786043690.727417700,/novatel/oem7/odom,/novatel/oem7/fix,/novatel/oem7/odom,39.663,-75.756,-1.800551528,0.001828554,-0.001962003,-0.001602537,0.000880615,-0.001962003,,,
1786043690735403483,1786043690.734733265,/novatel/oem7/odom,/novatel/oem7/fix,/novatel/oem7/odom,39.663,-75.756,-1.800551528,0.001828554,-0.001962003,-0.001602537,0.000880615,-0.001962003,,,
1786043690745774699,1786043690.745115312,/novatel/oem7/inspva,/novatel/oem7/inspva,/novatel/oem7/inspva,39.663,-75.756,-1.800530985,0.002291524,-0.001595190,0.000027131,-0.002291363,-0.001595190,,novatel_oem7_msgs.msg.InertialSolutionStatus(status=3),
1786043690747117315,1786043690.745264724,/novatel/oem7/fix,/novatel/oem7/fix,/novatel/oem7/inspva,39.663,-75.756,-1.800530985,0.002291524,-0.001595190,0.000027131,-0.002291363,-0.001595190,,0,
1786043690748143939,1786043690.745717641,/novatel/oem7/odom,/novatel/oem7/fix,/novatel/oem7/odom,39.663,-75.756,-1.800530985,0.002285692,-0.001603534,-0.002281399,0.000140029,-0.001603534,,,
1786043690756816388,1786043690.756074178,/novatel/oem7/odom,/novatel/oem7/fix,/novatel/oem7/odom,39.663,-75.756,-1.800530985,0.002285692,-0.001603534,-0.002281399,0.000140029,-0.001603534,,,
1786043690765768187,1786043690.765135597,/novatel/oem7/inspva,/novatel/oem7/inspva,/novatel/oem7/inspva,39.663,-75.756,-1.800511016,0.002383269,0.001116368,0.001284202,-0.002007684,0.001116368,,novatel_oem7_msgs.msg.InertialSolutionStatus(status=3),
1786043690767159947,1786043690.765283542,/novatel/oem7/fix,/novatel/oem7/fix,/novatel/oem7/inspva,39.663,-75.756,-1.800511016,0.002383269,0.001116368,0.001284202,-0.002007684,0.001116368,,0,
1786043690768203368,1786043690.765962836,/novatel/oem7/odom,/novatel/oem7/fix,/novatel/oem7/odom,39.663,-75.756,-1.800511016,0.002385098,0.001112455,-0.001948761,0.001375145,0.001112455,,,
1786043690775662888,1786043690.774937907,/novatel/oem7/odom,/novatel/oem7/fix,/novatel/oem7/odom,39.663,-75.756,-1.800511016,0.002385098,0.001112455,-0.001948761,0.001375145,0.001112455,,,
1786043690786640113,1786043690.786008927,/novatel/oem7/inspva,/novatel/oem7/inspva,/novatel/oem7/inspva,39.663,-75.756,-1.800518712,0.002296194,-0.000131590,0.001023508,-0.002055466,-0.000131590,,novatel_oem7_msgs.msg.InertialSolutionStatus(status=3),
1786043690787964923,1786043690.786153509,/novatel/oem7/fix,/novatel/oem7/fix,/novatel/oem7/inspva,39.663,-75.756,-1.800518712,0.002296194,-0.000131590,0.001023508,-0.002055466,-0.000131590,,0,
1786043690788976610,1786043690.786530068,/novatel/oem7/odom,/novatel/oem7/fix,/novatel/oem7/odom,39.663,-75.756,-1.800518712,0.002295914,-0.000136395,-0.002004055,0.001120261,-0.000136395,,,
1786043690795044350,1786043690.794362910,/novatel/oem7/odom,/novatel/oem7/fix,/novatel/oem7/odom,39.663,-75.756,-1.800518712,0.002295914,-0.000136395,-0.002004055,0.001120261,-0.000136395,,,
1786043690807177660,1786043690.806361489,/novatel/oem7/inspva,/novatel/oem7/inspva,/novatel/oem7/inspva,39.663,-75.756,-1.800533002,0.003215158,-0.002006711,0.001650955,-0.002758910,-0.002006711,,novatel_oem7_msgs.msg.InertialSolutionStatus(status=3),
1786043690809287181,1786043690.806529973,/novatel/oem7/fix,/novatel/oem7/fix,/novatel/oem7/inspva,39.663,-75.756,-1.800533002,0.003215158,-0.002006711,0.001650955,-0.002758910,-0.002006711,,0,
1786043690811018795,1786043690.807052842,/novatel/oem7/odom,/novatel/oem7/fix,/novatel/oem7/odom,39.663,-75.756,-1.800533002,0.003211675,-0.002012280,-0.002669772,0.001785266,-0.002012280,,,
1786043690813336035,1786043690.810085796,/novatel/oem7/bestpos,/novatel/oem7/bestpos,/novatel/oem7/odom,39.663,-75.756,33.181874515,0.003211675,-0.002012280,-0.002669772,0.001785266,-0.002012280,,novatel_oem7_msgs.msg.SolutionStatus(status=0),novatel_oem7_msgs.msg.PositionOrVelocityType(type=53)
1786043690814779209,1786043690.810519783,/novatel/oem7/bestvel,/novatel/oem7/bestpos,/novatel/oem7/bestvel,39.663,-75.756,33.181874515,0.003788142,-0.001388946,,,,290.023156404,novatel_oem7_msgs.msg.SolutionStatus(status=0),novatel_oem7_msgs.msg.PositionOrVelocityType(type=53)
1786043690817280127,1786043690.815534601,/novatel/oem7/odom,/novatel/oem7/bestpos,/novatel/oem7/odom,39.663,-75.756,33.181874515,0.003211675,-0.002012280,-0.002669772,0.001785266,-0.002012280,,,
1786043690825800754,1786043690.824990153,/novatel/oem7/inspva,/novatel/oem7/inspva,/novatel/oem7/inspva,39.663,-75.756,-1.800521198,0.002963044,-0.001409726,0.000909060,-0.002820149,-0.001409726,,novatel_oem7_msgs.msg.InertialSolutionStatus(status=3),
1786043690827906565,1786043690.825134704,/novatel/oem7/fix,/novatel/oem7/fix,/novatel/oem7/inspva,39.663,-75.756,-1.800521198,0.002963044,-0.001409726,0.000909060,-0.002820149,-0.001409726,,0,
1786043690829574668,1786043690.825557022,/novatel/oem7/odom,/novatel/oem7/fix,/novatel/oem7/odom,39.663,-75.756,-1.800521198,0.002959297,-0.001417575,-0.002768443,0.001045543,-0.001417575,,,
1786043690835486210,1786043690.834379048,/novatel/oem7/odom,/novatel/oem7/fix,/novatel/oem7/odom,39.663,-75.756,-1.800521198,0.002959297,-0.001417575,-0.002768443,0.001045543,-0.001417575,,,
1786043690847148642,1786043690.846590707,/novatel/oem7/inspva,/novatel/oem7/inspva,/novatel/oem7/inspva,39.663,-75.756,-1.800511784,0.002311288,-0.000038042,-0.000117832,-0.002308283,-0.000038042,,novatel_oem7_msgs.msg.InertialSolutionStatus(status=3),
1786043690848519006,1786043690.846740452,/novatel/oem7/fix,/novatel/oem7/fix,/novatel/oem7/inspva,39.663,-75.756,-1.800511784,0.002311288,-0.000038042,-0.000117832,-0.002308283,-0.000038042,,0,
1786043690849589910,1786043690.847504299,/novatel/oem7/odom,/novatel/oem7/fix,/novatel/oem7/odom,39.663,-75.756,-1.800511784,0.002311126,-0.000046883,-0.002311112,-0.000008007,-0.000046883,,,
1786043690857458374,1786043690.856816173,/novatel/oem7/odom,/novatel/oem7/fix,/novatel/oem7/odom,39.663,-75.756,-1.800511784,0.002311126,-0.000046883,-0.002311112,-0.000008007,-0.000046883,,,
1786043690865752467,1786043690.865233725,/novatel/oem7/inspva,/novatel/oem7/inspva,/novatel/oem7/inspva,39.663,-75.756,-1.800507207,0.001971606,0.000772159,0.000189279,-0.001962499,0.000772159,,novatel_oem7_msgs.msg.InertialSolutionStatus(status=3),
1786043690867055953,1786043690.865376426,/novatel/oem7/fix,/novatel/oem7/fix,/novatel/oem7/inspva,39.663,-75.756,-1.800507207,0.001971606,0.000772159,0.000189279,-0.001962499,0.000772159,,0,
1786043690868091053,1786043690.865751914,/novatel/oem7/odom,/novatel/oem7/fix,/novatel/oem7/odom,39.663,-75.756,-1.800507207,0.001974223,0.000765443,-0.001954231,0.000280246,0.000765443,,,
1786043690876223963,1786043690.875563327,/novatel/oem7/odom,/novatel/oem7/fix,/novatel/oem7/odom,39.663,-75.756,-1.800507207,0.001974223,0.000765443,-0.001954231,0.000280246,0.000765443,,,
1786043690885671491,1786043690.885139745,/novatel/oem7/inspva,/novatel/oem7/inspva,/novatel/oem7/inspva,39.663,-75.756,-1.800525656,0.003614407,-0.001565987,0.001419870,-0.003323840,-0.001565987,,novatel_oem7_msgs.msg.InertialSolutionStatus(status=3),
1786043690886986410,1786043690.885313570,/novatel/oem7/fix,/novatel/oem7/fix,/novatel/oem7/inspva,39.663,-75.756,-1.800525656,0.003614407,-0.001565987,0.001419870,-0.003323840,-0.001565987,,0,
1786043690888074105,1786043690.885887083,/novatel/oem7/odom,/novatel/oem7/fix,/novatel/oem7/odom,39.663,-75.756,-1.800525656,0.003610764,-0.001574369,-0.003246671,0.001580109,-0.001574369,,,
1786043690895448601,1786043690.894822593,/novatel/oem7/odom,/novatel/oem7/fix,/novatel/oem7/odom,39.663,-75.756,-1.800525656,0.003610764,-0.001574369,-0.003246671,0.001580109,-0.001574369,,,
1786043690907219442,1786043690.905955972,/novatel/oem7/inspva,/novatel/oem7/inspva,/novatel/oem7/inspva,39.663,-75.756,-1.800512106,0.003826183,-0.001391689,0.001334147,-0.003586046,-0.001391689,,novatel_oem7_msgs.msg.InertialSolutionStatus(status=3),
1786043690908504247,1786043690.906194614,/novatel/oem7/fix,/novatel/oem7/fix,/novatel/oem7/inspva,39.663,-75.756,-1.800512106,0.003826183,-0.001391689,0.001334147,-0.003586046,-0.001391689,,0,
1786043690909573697,1786043690.907144526,/novatel/oem7/odom,/novatel/oem7/fix,/novatel/oem7/odom,39.663,-75.756,-1.800512106,0.003610795,-0.001574297,-0.003246743,0.001580033,-0.001574297,,,
1786043690911022845,1786043690.909143817,/novatel/oem7/bestpos,/novatel/oem7/bestpos,/novatel/oem7/odom,39.663,-75.756,33.181899923,0.003610795,-0.001574297,-0.003246743,0.001580033,-0.001574297,,novatel_oem7_msgs.msg.SolutionStatus(status=0),novatel_oem7_msgs.msg.PositionOrVelocityType(type=53)
1786043690911940021,1786043690.909954977,/novatel/oem7/bestvel,/novatel/oem7/bestpos,/novatel/oem7/bestvel,39.663,-75.756,33.181899923,0.004167187,-0.000389140,,,,271.653230364,novatel_oem7_msgs.msg.SolutionStatus(status=0),novatel_oem7_msgs.msg.PositionOrVelocityType(type=53)
1786043690915335961,1786043690.914557810,/novatel/oem7/odom,/novatel/oem7/bestpos,/novatel/oem7/odom,39.663,-75.756,33.181899923,0.003822710,-0.001401199,-0.003513382,0.001506407,-0.001401199,,,
1786043690925798571,1786043690.925166338,/novatel/oem7/inspva,/novatel/oem7/inspva,/novatel/oem7/inspva,39.663,-75.756,-1.800499924,0.001865682,0.000009273,-0.001083867,-0.001518553,0.000009273,,novatel_oem7_msgs.msg.InertialSolutionStatus(status=3),
1786043690927114164,1786043690.925240467,/novatel/oem7/fix,/novatel/oem7/fix,/novatel/oem7/inspva,39.663,-75.756,-1.800499924,0.001865682,0.000009273,-0.001083867,-0.001518553,0.000009273,,0,
1786043690928142824,1786043690.925601146,/novatel/oem7/odom,/novatel/oem7/fix,/novatel/oem7/odom,39.663,-75.756,-1.800499924,0.001865705,0.000000722,-0.001568320,-0.001010558,0.000000722,,,
1786043690936149837,1786043690.935483277,/novatel/oem7/odom,/novatel/oem7/fix,/novatel/oem7/odom,39.663,-75.756,-1.800499924,0.001865705,0.000000722,-0.001568320,-0.001010558,0.000000722,,,
1786043690945594000,1786043690.944974824,/novatel/oem7/inspva,/novatel/oem7/inspva,/novatel/oem7/inspva,39.663,-75.756,-1.800491395,0.002173272,0.000699680,-0.000623123,-0.002082025,0.000699680,,novatel_oem7_msgs.msg.InertialSolutionStatus(status=3),
1786043690946948614,1786043690.945142376,/novatel/oem7/fix,/novatel/oem7/fix,/novatel/oem7/inspva,39.663,-75.756,-1.800491395,0.002173272,0.000699680,-0.000623123,-0.002082025,0.000699680,,0,
1786043690947981394,1786043690.945604830,/novatel/oem7/odom,/novatel/oem7/fix,/novatel/oem7/odom,39.663,-75.756,-1.800491395,0.002176279,0.000690271,-0.002111921,-0.000525335,0.000690271,,,
1786043690956289530,1786043690.955642166,/novatel/oem7/odom,/novatel/oem7/fix,/novatel/oem7/odom,39.663,-75.756,-1.800491395,0.002176279,0.000690271,-0.002111921,-0.000525335,0.000690271,,,
1786043690967083310,1786043690.966495837,/novatel/oem7/inspva,/novatel/oem7/inspva,/novatel/oem7/inspva,39.663,-75.756,-1.800502802,0.003306351,-0.000704475,0.001040871,-0.003138239,-0.000704475,,novatel_oem7_msgs.msg.InertialSolutionStatus(status=3),
1786043690968464830,1786043690.966644912,/novatel/oem7/fix,/novatel/oem7/fix,/novatel/oem7/inspva,39.663,-75.756,-1.800502802,0.003306351,-0.000704475,0.001040871,-0.003138239,-0.000704475,,0,
1786043690969489454,1786043690.967219951,/novatel/oem7/odom,/novatel/oem7/fix,/novatel/oem7/odom,39.663,-75.756,-1.800502802,0.003304487,-0.000713171,-0.003082580,0.001190516,-0.000713171,,,
1786043690975738382,1786043690.975033346,/novatel/oem7/odom,/novatel/oem7/fix,/novatel/oem7/odom,39.663,-75.756,-1.800502802,0.003304487,-0.000713171,-0.003082580,0.001190516,-0.000713171,,,
1786043690985699387,1786043690.985109175,/novatel/oem7/inspva,/novatel/oem7/inspva,/novatel/oem7/inspva,39.663,-75.756,-1.800498159,0.003365874,-0.001610149,0.000696350,-0.003293054,-0.001610149,,novatel_oem7_msgs.msg.InertialSolutionStatus(status=3),
1786043690987048101,1786043690.985248777,/novatel/oem7/fix,/novatel/oem7/fix,/novatel/oem7/inspva,39.663,-75.756,-1.800498159,0.003365874,-0.001610149,0.000696350,-0.003293054,-0.001610149,,0,
1786043690988065078,1786043690.985703707,/novatel/oem7/odom,/novatel/oem7/fix,/novatel/oem7/odom,39.663,-75.756,-1.800498159,0.003360972,-0.001620356,-0.003250138,0.000856003,-0.001620356,,,
1786043690996122794,1786043690.995427834,/novatel/oem7/odom,/novatel/oem7/fix,/novatel/oem7/odom,39.663,-75.756,-1.800498159,0.003360972,-0.001620356,-0.003250138,0.000856003,-0.001620356,,,
1786043691010605244,1786043691.010025322,/novatel/oem7/inspva,/novatel/oem7/inspva,/novatel/oem7/inspva,39.663,-75.756,-1.800495920,0.002646659,-0.000767282,-0.001240975,-0.002337687,-0.000767282,,novatel_oem7_msgs.msg.InertialSolutionStatus(status=3),
1786043691011932387,1786043691.010175583,/novatel/oem7/fix,/novatel/oem7/fix,/novatel/oem7/inspva,39.663,-75.756,-1.800495920,0.002646659,-0.000767282,-0.001240975,-0.002337687,-0.000767282,,0,
1786043691013406998,1786043691.011480159,/novatel/oem7/odom,/novatel/oem7/fix,/novatel/oem7/odom,39.663,-75.756,-1.800495920,0.002643158,-0.000779254,-0.002391027,-0.001126622,-0.000779254,,,
1786043691016689071,1786043691.015972267,/novatel/oem7/odom,/novatel/oem7/fix,/novatel/oem7/odom,39.663,-75.756,-1.800495920,0.002643158,-0.000779254,-0.002391027,-0.001126622,-0.000779254,,,
1786043691024985006,1786043691.024357687,/novatel/oem7/bestpos,/novatel/oem7/bestpos,/novatel/oem7/odom,39.663,-75.756,33.181912841,0.002643158,-0.000779254,-0.002391027,-0.001126622,-0.000779254,,novatel_oem7_msgs.msg.SolutionStatus(status=0),novatel_oem7_msgs.msg.PositionOrVelocityType(type=53)
1786043691026406377,1786043691.025516512,/novatel/oem7/bestvel,/novatel/oem7/bestpos,/novatel/oem7/bestvel,39.663,-75.756,33.181912841,0.002936262,-0.000690987,,,,250.199190055,novatel_oem7_msgs.msg.SolutionStatus(status=0),novatel_oem7_msgs.msg.PositionOrVelocityType(type=53)
1786043691027920909,1786043691.026800284,/novatel/oem7/inspva,/novatel/oem7/inspva,/novatel/oem7/inspva,39.663,-75.756,-1.800492790,0.001979067,-0.000089872,-0.001248623,-0.001535463,-0.000089872,,novatel_oem7_msgs.msg.InertialSolutionStatus(status=3),
1786043691028742590,1786043691.026948163,/novatel/oem7/fix,/novatel/oem7/fix,/novatel/oem7/inspva,39.663,-75.756,-1.800492790,0.001979067,-0.000089872,-0.001248623,-0.001535463,-0.000089872,,0,
1786043691029742260,1786043691.027316869,/novatel/oem7/odom,/novatel/oem7/fix,/novatel/oem7/odom,39.663,-75.756,-1.800492790,0.001978634,-0.000098941,-0.001592667,-0.001174056,-0.000098941,,,
1786043691035205367,1786043691.034498887,/novatel/oem7/odom,/novatel/oem7/fix,/novatel/oem7/odom,39.663,-75.756,-1.800492790,0.001978634,-0.000098941,-0.001592667,-0.001174056,-0.000098941,,,
1786043691045886820,1786043691.045298537,/novatel/oem7/inspva,/novatel/oem7/inspva,/novatel/oem7/inspva,39.663,-75.756,-1.800479708,0.003398976,0.000035052,0.000522708,-0.003358544,0.000035052,,novatel_oem7_msgs.msg.InertialSolutionStatus(status=3),
1786043691047278551,1786043691.045466776,/novatel/oem7/fix,/novatel/oem7/fix,/novatel/oem7/inspva,39.663,-75.756,-1.800479708,0.003398976,0.000035052,0.000522708,-0.003358544,0.000035052,,0,
1786043691048315817,1786043691.046066639,/novatel/oem7/odom,/novatel/oem7/fix,/novatel/oem7/odom,39.663,-75.756,-1.800479708,0.003399073,0.000023966,-0.003330046,0.000681536,0.000023966,,,
1786043691056985243,1786043691.056272070,/novatel/oem7/odom,/novatel/oem7/fix,/novatel/oem7/odom,39.663,-75.756,-1.800479708,0.003399073,0.000023966,-0.003330046,0.000681536,0.000023966,,,
1786043691066770797,1786043691.065324690,/novatel/oem7/inspva,/novatel/oem7/inspva,/novatel/oem7/inspva,39.663,-75.756,-1.800477763,0.003502025,-0.000892806,0.000690486,-0.003433280,-0.000892806,,novatel_oem7_msgs.msg.InertialSolutionStatus(status=3),
1786043691068071913,1786043691.065569615,/novatel/oem7/fix,/novatel/oem7/fix,/novatel/oem7/inspva,39.663,-75.756,-1.800477763,0.003502025,-0.000892806,0.000690486,-0.003433280,-0.000892806,,0,
1786043691069117393,1786043691.066471441,/novatel/oem7/odom,/novatel/oem7/fix,/novatel/oem7/odom,39.663,-75.756,-1.800477763,0.003499275,-0.000903523,-0.003393210,0.000855019,-0.000903523,,,
1786043691075207974,1786043691.074568954,/novatel/oem7/odom,/novatel/oem7/fix,/novatel/oem7/odom,39.663,-75.756,-1.800477763,0.003499275,-0.000903523,-0.003393210,0.000855019,-0.000903523,,,
1786043691087326597,1786043691.086756635,/novatel/oem7/inspva,/novatel/oem7/inspva,/novatel/oem7/inspva,39.663,-75.756,-1.800469337,0.002485138,-0.001087759,-0.001752566,-0.001761937,-0.001087759,,novatel_oem7_msgs.msg.InertialSolutionStatus(status=3),
1786043691088672987,1786043691.086936273,/novatel/oem7/fix,/novatel/oem7/fix,/novatel/oem7/inspva,39.663,-75.756,-1.800469337,0.002485138,-0.001087759,-0.001752566,-0.001761937,-0.001087759,,0,
1786043691089718421,1786043691.087313030,/novatel/oem7/odom,/novatel/oem7/fix,/novatel/oem7/odom,39.663,-75.756,-1.800469337,0.002480196,-0.001098980,-0.001839031,-0.001664133,-0.001098980,,,
1786043691095508791,1786043691.094809228,/novatel/oem7/odom,/novatel/oem7/fix,/novatel/oem7/odom,39.663,-75.756,-1.800469337,0.002480196,-0.001098980,-0.001839031,-0.001664133,-0.001098980,,,
1786043691106501610,1786043691.105893831,/novatel/oem7/inspva,/novatel/oem7/inspva,/novatel/oem7/inspva,39.663,-75.756,-1.800452147,0.002454274,-0.000290409,-0.001332769,-0.002060871,-0.000290409,,novatel_oem7_msgs.msg.InertialSolutionStatus(status=3),
1786043691107841140,1786043691.106068669,/novatel/oem7/fix,/novatel/oem7/fix,/novatel/oem7/inspva,39.663,-75.756,-1.800452147,0.002454274,-0.000290409,-0.001332769,-0.002060871,-0.000290409,,0,
1786043691108886487,1786043691.106465904,/novatel/oem7/odom,/novatel/oem7/fix,/novatel/oem7/odom,39.663,-75.756,-1.800452147,0.002452920,-0.000301631,-0.002120703,-0.001232654,-0.000301631,,,
1786043691110359615,1786043691.109647268,/novatel/oem7/bestpos,/novatel/oem7/bestpos,/novatel/oem7/odom,39.663,-75.756,33.181952884,0.002452920,-0.000301631,-0.002120703,-0.001232654,-0.000301631,,novatel_oem7_msgs.msg.SolutionStatus(status=0),novatel_oem7_msgs.msg.PositionOrVelocityType(type=53)
1786043691111815763,1786043691.110332041,/novatel/oem7/bestvel,/novatel/oem7/bestpos,/novatel/oem7/bestvel,39.663,-75.756,33.181952884,0.002835453,-0.000124239,,,,246.169883565,novatel_oem7_msgs.msg.SolutionStatus(status=0),novatel_oem7_msgs.msg.PositionOrVelocityType(type=53)
1786043691116590147,1786043691.115876240,/novatel/oem7/odom,/novatel/oem7/bestpos,/novatel/oem7/odom,39.663,-75.756,33.181952884,0.002452920,-0.000301631,-0.002120703,-0.001232654,-0.000301631,,,
1786043691125949470,1786043691.125353957,/novatel/oem7/inspva,/novatel/oem7/inspva,/novatel/oem7/inspva,39.663,-75.756,-1.800437628,0.002688364,0.000421781,-0.000207116,-0.002680374,0.000421781,,novatel_oem7_msgs.msg.InertialSolutionStatus(status=3),
1786043691127287143,1786043691.125540046,/novatel/oem7/fix,/novatel/oem7/fix,/novatel/oem7/inspva,39.663,-75.756,-1.800437628,0.002688364,0.000421781,-0.000207116,-0.002680374,0.000421781,,0,
1786043691128301339,1786043691.126179642,/novatel/oem7/odom,/novatel/oem7/fix,/novatel/oem7/odom,39.663,-75.756,-1.800437628,0.002689988,0.000411295,-0.002688778,-0.000080664,0.000411295,,,
1786043691135704470,1786043691.135002212,/novatel/oem7/odom,/novatel/oem7/fix,/novatel/oem7/odom,39.663,-75.756,-1.800437628,0.002689988,0.000411295,-0.002688778,-0.000080664,0.000411295,,,
1786043691146795629,1786043691.146196077,/novatel/oem7/inspva,/novatel/oem7/inspva,/novatel/oem7/inspva,39.663,-75.756,-1.800437007,0.002990760,-0.000298672,0.000459403,-0.002955265,-0.000298672,,novatel_oem7_msgs.msg.InertialSolutionStatus(status=3),
1786043691148140966,1786043691.146370262,/novatel/oem7/fix,/novatel/oem7/fix,/novatel/oem7/inspva,39.663,-75.756,-1.800437007,0.002990760,-0.000298672,0.000459403,-0.002955265,-0.000298672,,0,
1786043691149190773,1786043691.146837237,/novatel/oem7/odom,/novatel/oem7/fix,/novatel/oem7/odom,39.663,-75.756,-1.800437007,0.002989780,-0.000308325,-0.002928959,0.000599988,-0.000308325,,,
1786043691156600870,1786043691.155926947,/novatel/oem7/odom,/novatel/oem7/fix,/novatel/oem7/odom,39.663,-75.756,-1.800437007,0.002989780,-0.000308325,-0.002928959,0.000599988,-0.000308325,,,
1786043691165935989,1786043691.165345040,/novatel/oem7/inspva,/novatel/oem7/inspva,/novatel/oem7/inspva,39.663,-75.756,-1.800443273,0.002780984,-0.002090531,-0.001255535,-0.002481431,-0.002090531,,novatel_oem7_msgs.msg.InertialSolutionStatus(status=3),
1786043691167257232,1786043691.165528165,/novatel/oem7/fix,/novatel/oem7/fix,/novatel/oem7/inspva,39.663,-75.756,-1.800443273,0.002780984,-0.002090531,-0.001255535,-0.002481431,-0.002090531,,0,
1786043691168276899,1786043691.166261425,/novatel/oem7/odom,/novatel/oem7/fix,/novatel/oem7/odom,39.663,-75.756,-1.800443273,0.002771558,-0.002103011,-0.002530328,-0.001130918,-0.002103011,,,
1786043691176242884,1786043691.175566564,/novatel/oem7/odom,/novatel/oem7/fix,/novatel/oem7/odom,39.663,-75.756,-1.800443273,0.002771558,-0.002103011,-0.002530328,-0.001130918,-0.002103011,,,
1786043691185797002,1786043691.185219180,/novatel/oem7/inspva,/novatel/oem7/inspva,/novatel/oem7/inspva,39.663,-75.756,-1.800422368,0.001884315,-0.000963823,-0.001185416,-0.001464730,-0.000963823,,novatel_oem7_msgs.msg.InertialSolutionStatus(status=3),
1786043691187122656,1786043691.185377035,/novatel/oem7/fix,/novatel/oem7/fix,/novatel/oem7/inspva,39.663,-75.756,-1.800422368,0.001884315,-0.000963823,-0.001185416,-0.001464730,-0.000963823,,0,
1786043691188155116,1786043691.185883790,/novatel/oem7/odom,/novatel/oem7/fix,/novatel/oem7/odom,39.663,-75.756,-1.800422368,0.001879895,-0.000972417,-0.001515711,-0.001112036,-0.000972417,,,
1786043691195156761,1786043691.194474595,/novatel/oem7/odom,/novatel/oem7/fix,/novatel/oem7/odom,39.663,-75.756,-1.800422368,0.001879895,-0.000972417,-0.001515711,-0.001112036,-0.000972417,,,
1786043691207056536,1786043691.206465283,/novatel/oem7/inspva,/novatel/oem7/inspva,/novatel/oem7/inspva,39.663,-75.756,-1.800409503,0.002318187,0.000332603,-0.000834690,-0.002162702,0.000332603,,novatel_oem7_msgs.msg.InertialSolutionStatus(status=3),
1786043691208377986,1786043691.206632159,/novatel/oem7/fix,/novatel/oem7/fix,/novatel/oem7/inspva,39.663,-75.756,-1.800409503,0.002318187,0.000332603,-0.000834690,-0.002162702,0.000332603,,0,
1786043691209396472,1786043691.207264158,/novatel/oem7/odom,/novatel/oem7/fix,/novatel/oem7/odom,39.663,-75.756,-1.800409503,0.002319648,0.000322256,-0.002201169,-0.000731860,0.000322256,,,
1786043691211306128,1786043691.210582564,/novatel/oem7/bestpos,/novatel/oem7/bestpos,/novatel/oem7/odom,39.663,-75.756,33.181982324,0.002319648,0.000322256,-0.002201169,-0.000731860,0.000322256,,novatel_oem7_msgs.msg.SolutionStatus(status=0),novatel_oem7_msgs.msg.PositionOrVelocityType(type=53)
1786043691212698469,1786043691.211062359,/novatel/oem7/bestvel,/novatel/oem7/bestpos,/novatel/oem7/bestvel,39.663,-75.756,33.181982324,0.001262763,-0.000337615,,,,203.069739149,novatel_oem7_msgs.msg.SolutionStatus(status=0),novatel_oem7_msgs.msg.PositionOrVelocityType(type=53)
1786043691215792423,1786043691.215111246,/novatel/oem7/odom,/novatel/oem7/bestpos,/novatel/oem7/odom,39.663,-75.756,33.181982324,0.002319648,0.000322256,-0.002201169,-0.000731860,0.000322256,,,
1786043691225707678,1786043691.225123922,/novatel/oem7/inspva,/novatel/oem7/inspva,/novatel/oem7/inspva,39.663,-75.756,-1.800409315,0.001331136,0.000121553,-0.000415601,-0.001264595,0.000121553,,novatel_oem7_msgs.msg.InertialSolutionStatus(status=3),
1786043691227045144,1786043691.225286093,/novatel/oem7/fix,/novatel/oem7/fix,/novatel/oem7/inspva,39.663,-75.756,-1.800409315,0.001331136,0.000121553,-0.000415601,-0.001264595,0.000121553,,0,
1786043691228056524,1786043691.225643150,/novatel/oem7/odom,/novatel/oem7/fix,/novatel/oem7/odom,39.663,-75.756,-1.800409315,0.001331651,0.000115777,-0.001283359,-0.000355366,0.000115777,,,
1786043691236309559,1786043691.235621806,/novatel/oem7/odom,/novatel/oem7/fix,/novatel/oem7/odom,39.663,-75.756,-1.800409315,0.001331651,0.000115777,-0.001283359,-0.000355366,0.000115777,,,
1786043691246145286,1786043691.245570441,/novatel/oem7/inspva,/novatel/oem7/inspva,/novatel/oem7/inspva,39.663,-75.756,-1.800422346,0.001973285,-0.002174723,-0.001065200,-0.001661084,-0.002174723,,novatel_oem7_msgs.msg.InertialSolutionStatus(status=3),
1786043691247523470,1786043691.245730126,/novatel/oem7/fix,/novatel/oem7/fix,/novatel/oem7/inspva,39.663,-75.756,-1.800422346,0.001973285,-0.002174723,-0.001065200,-0.001661084,-0.002174723,,0,
1786043691248544924,1786043691.246307595,/novatel/oem7/odom,/novatel/oem7/fix,/novatel/oem7/odom,39.663,-75.756,-1.800422346,0.001963340,-0.002183705,-0.001701528,-0.000979545,-0.002183705,,,
1786043691256974527,1786043691.256290430,/novatel/oem7/odom,/novatel/oem7/fix,/novatel/oem7/odom,39.663,-75.756,-1.800422346,0.001963340,-0.002183705,-0.001701528,-0.000979545,-0.002183705,,,
1786043691266689650,1786043691.266094808,/novatel/oem7/inspva,/novatel/oem7/inspva,/novatel/oem7/inspva,39.663,-75.756,-1.800401867,0.002430931,-0.001786753,-0.001224822,-0.002099818,-0.001786753,,novatel_oem7_msgs.msg.InertialSolutionStatus(status=3),
1786043691268040703,1786043691.266247659,/novatel/oem7/fix,/novatel/oem7/fix,/novatel/oem7/inspva,39.663,-75.756,-1.800401867,0.002430931,-0.001786753,-0.001224822,-0.002099818,-0.001786753,,0,
1786043691269084043,1786043691.266666959,/novatel/oem7/odom,/novatel/oem7/fix,/novatel/oem7/odom,39.663,-75.756,-1.800401867,0.002422822,-0.001797733,-0.002148851,-0.001119153,-0.001797733,,,
1786043691275272388,1786043691.274601755,/novatel/oem7/odom,/novatel/oem7/fix,/novatel/oem7/odom,39.663,-75.756,-1.800401867,0.002422822,-0.001797733,-0.002148851,-0.001119153,-0.001797733,,,
1786043691285705282,1786043691.285138876,/novatel/oem7/inspva,/novatel/oem7/inspva,/novatel/oem7/inspva,39.663,-75.756,-1.800372708,0.001834171,0.001279724,-0.001469877,-0.001097108,0.001279724,,novatel_oem7_msgs.msg.InertialSolutionStatus(status=3),
1786043691287043731,1786043691.285296711,/novatel/oem7/fix,/novatel/oem7/fix,/novatel/oem7/inspva,39.663,-75.756,-1.800372708,0.001834171,0.001279724,-0.001469877,-0.001097108,0.001279724,,0,
1786043691288048835,1786043691.285746582,/novatel/oem7/odom,/novatel/oem7/fix,/novatel/oem7/odom,39.663,-75.756,-1.800372708,0.001839777,0.001271651,-0.001170574,-0.001419344,0.001271651,,,
1786043691296293143,1786043691.295615646,/novatel/oem7/odom,/novatel/oem7/fix,/novatel/oem7/odom,39.663,-75.756,-1.800372708,0.001839777,0.001271651,-0.001170574,-0.001419344,0.001271651,,,
1786043691306453937,1786043691.305855604,/novatel/oem7/inspva,/novatel/oem7/inspva,/novatel/oem7/inspva,39.663,-75.756,-1.800372372,0.001560406,0.000850202,-0.001140156,-0.001065323,0.000850202,,novatel_oem7_msgs.msg.InertialSolutionStatus(status=3),
1786043691307802821,1786043691.306058780,/novatel/oem7/fix,/novatel/oem7/fix,/novatel/oem7/inspva,39.663,-75.756,-1.800372372,0.001560406,0.000850202,-0.001140156,-0.001065323,0.000850202,,0,
1786043691308821971,1786043691.306568125,/novatel/oem7/odom,/novatel/oem7/fix,/novatel/oem7/odom,39.663,-75.756,-1.800372372,0.001564235,0.000843137,-0.001121527,-0.001090416,0.000843137,,,
1786043691310310802,1786043691.309293499,/novatel/oem7/bestpos,/novatel/oem7/bestpos,/novatel/oem7/odom,39.663,-75.756,33.182025463,0.001564235,0.000843137,-0.001121527,-0.001090416,0.000843137,,novatel_oem7_msgs.msg.SolutionStatus(status=0),novatel_oem7_msgs.msg.PositionOrVelocityType(type=53)
1786043691311705209,1786043691.309933738,/novatel/oem7/bestvel,/novatel/oem7/bestpos,/novatel/oem7/bestvel,39.663,-75.756,33.182025463,0.000501807,-0.000003433,,,,197.996402859,novatel_oem7_msgs.msg.SolutionStatus(status=0),novatel_oem7_msgs.msg.PositionOrVelocityType(type=53)
1786043691315044615,1786043691.314363992,/novatel/oem7/odom,/novatel/oem7/bestpos,/novatel/oem7/odom,39.663,-75.756,33.182025463,0.001564235,0.000843137,-0.001121527,-0.001090416,0.000843137,,,
1786043691327136188,1786043691.326574093,/novatel/oem7/inspva,/novatel/oem7/inspva,/novatel/oem7/inspva,39.663,-75.756,-1.800383279,0.001834967,-0.001511147,-0.000537922,-0.001754350,-0.001511147,,novatel_oem7_msgs.msg.InertialSolutionStatus(status=3),
1786043691328902246,1786043691.326737614,/novatel/oem7/fix,/novatel/oem7/fix,/novatel/oem7/inspva,39.663,-75.756,-1.800383279,0.001834967,-0.001511147,-0.000537922,-0.001754350,-0.001511147,,0,
1786043691330031904,1786043691.327176489,/novatel/oem7/odom,/novatel/oem7/fix,/novatel/oem7/odom,39.663,-75.756,-1.800383279,0.001828426,-0.001519054,-0.001772155,-0.000450122,-0.001519054,,,
1786043691335510878,1786043691.334838486,/novatel/oem7/odom,/novatel/oem7/fix,/novatel/oem7/odom,39.663,-75.756,-1.800383279,0.001828426,-0.001519054,-0.001772155,-0.000450122,-0.001519054,,,
1786043691345532144,1786043691.344941252,/novatel/oem7/inspva,/novatel/oem7/inspva,/novatel/oem7/inspva,39.663,-75.756,-1.800362909,0.002026345,-0.001615018,-0.000932278,-0.001799148,-0.001615018,,novatel_oem7_msgs.msg.InertialSolutionStatus(status=3),
1786043691346861807,1786043691.345109223,/novatel/oem7/fix,/novatel/oem7/fix,/novatel/oem7/inspva,39.663,-75.756,-1.800362909,0.002026345,-0.001615018,-0.000932278,-0.001799148,-0.001615018,,0,
1786043691347879784,1786043691.345542931,/novatel/oem7/odom,/novatel/oem7/fix,/novatel/oem7/odom,39.663,-75.756,-1.800362909,0.002019025,-0.001624161,-0.001835229,-0.000841663,-0.001624161,,,
1786043691356272817,1786043691.355634148,/novatel/oem7/odom,/novatel/oem7/fix,/novatel/oem7/odom,39.663,-75.756,-1.800362909,0.002019025,-0.001624161,-0.001835229,-0.000841663,-0.001624161,,,
1786043691365913982,1786043691.365331536,/novatel/oem7/inspva,/novatel/oem7/inspva,/novatel/oem7/inspva,39.663,-75.756,-1.800332126,0.002530340,0.000851309,-0.001987103,-0.001566539,0.000851309,,novatel_oem7_msgs.msg.InertialSolutionStatus(status=3),
1786043691367255336,1786043691.365510928,/novatel/oem7/fix,/novatel/oem7/fix,/novatel/oem7/inspva,39.663,-75.756,-1.800332126,0.002530340,0.000851309,-0.001987103,-0.001566539,0.000851309,,0,
1786043691368292563,1786043691.366385777,/novatel/oem7/odom,/novatel/oem7/fix,/novatel/oem7/odom,39.663,-75.756,-1.800332126,0.002534093,0.000840072,-0.001662432,-0.001912576,0.000840072,,,
1786043691375679896,1786043691.374982496,/novatel/oem7/odom,/novatel/oem7/fix,/novatel/oem7/odom,39.663,-75.756,-1.800332126,0.002534093,0.000840072,-0.001662432,-0.001912576,0.000840072,,,
1786043691386573871,1786043691.385984631,/novatel/oem7/inspva,/novatel/oem7/inspva,/novatel/oem7/inspva,39.663,-75.756,-1.800329789,0.001810784,0.001152934,-0.001752845,-0.000454390,0.001152934,,novatel_oem7_msgs.msg.InertialSolutionStatus(status=3),
1786043691387889060,1786043691.386141906,/novatel/oem7/fix,/novatel/oem7/fix,/novatel/oem7/inspva,39.663,-75.756,-1.800329789,0.001810784,0.001152934,-0.001752845,-0.000454390,0.001152934,,0,
1786043691388890237,1786043691.386539000,/novatel/oem7/odom,/novatel/oem7/fix,/novatel/oem7/odom,39.663,-75.756,-1.800329789,0.001814889,0.001146462,-0.000541578,-0.001732199,0.001146462,,,
1786043691395350907,1786043691.394638720,/novatel/oem7/odom,/novatel/oem7/fix,/novatel/oem7/odom,39.663,-75.756,-1.800329789,0.001814889,0.001146462,-0.000541578,-0.001732199,0.001146462,,,
1786043691407320782,1786043691.406746066,/novatel/oem7/inspva,/novatel/oem7/inspva,/novatel/oem7/inspva,39.663,-75.756,-1.800341677,0.002054603,-0.001229005,-0.000287611,-0.002034373,-0.001229005,,novatel_oem7_msgs.msg.InertialSolutionStatus(status=3),
1786043691408651485,1786043691.406908118,/novatel/oem7/fix,/novatel/oem7/fix,/novatel/oem7/inspva,39.663,-75.756,-1.800341677,0.002054603,-0.001229005,-0.000287611,-0.002034373,-0.001229005,,0,
1786043691409672842,1786043691.407391333,/novatel/oem7/odom,/novatel/oem7/fix,/novatel/oem7/odom,39.663,-75.756,-1.800341677,0.002049574,-0.001237372,-0.002040980,-0.000187497,-0.001237372,,,
1786043691411173030,1786043691.410233768,/novatel/oem7/bestpos,/novatel/oem7/bestpos,/novatel/oem7/odom,39.663,-75.756,33.182060657,0.002049574,-0.001237372,-0.002040980,-0.000187497,-0.001237372,,novatel_oem7_msgs.msg.SolutionStatus(status=0),novatel_oem7_msgs.msg.PositionOrVelocityType(type=53)
1786043691412567898,1786043691.410687209,/novatel/oem7/bestvel,/novatel/oem7/bestpos,/novatel/oem7/bestvel,39.663,-75.756,33.182060657,0.001224848,-0.001617490,,,,192.135953846,novatel_oem7_msgs.msg.SolutionStatus(status=0),novatel_oem7_msgs.msg.PositionOrVelocityType(type=53)
1786043691416173754,1786043691.415504023,/novatel/oem7/odom,/novatel/oem7/bestpos,/novatel/oem7/odom,39.663,-75.756,33.182060657,0.002049574,-0.001237372,-0.002040980,-0.000187497,-0.001237372,,,
1786043691425656298,1786043691.425064892,/novatel/oem7/inspva,/novatel/oem7/inspva,/novatel/oem7/inspva,39.663,-75.756,-1.800329986,0.002580598,-0.001100596,-0.000411550,-0.002547570,-0.001100596,,novatel_oem7_msgs.msg.InertialSolutionStatus(status=3),
1786043691427407428,1786043691.425227156,/novatel/oem7/fix,/novatel/oem7/fix,/novatel/oem7/inspva,39.663,-75.756,-1.800329986,0.002580598,-0.001100596,-0.000411550,-0.002547570,-0.001100596,,0,
1786043691428580707,1786043691.425609507,/novatel/oem7/odom,/novatel/oem7/fix,/novatel/oem7/odom,39.663,-75.756,-1.800329986,0.002576095,-0.001111095,-0.002560031,-0.000287238,-0.001111095,,,
1786043691435100604,1786043691.434413707,/novatel/oem7/odom,/novatel/oem7/fix,/novatel/oem7/odom,39.663,-75.756,-1.800329986,0.002576095,-0.001111095,-0.002560031,-0.000287238,-0.001111095,,,
1786043691447112346,1786043691.446539464,/novatel/oem7/inspva,/novatel/oem7/inspva,/novatel/oem7/inspva,39.663,-75.756,-1.800327159,0.002781661,-0.000945319,-0.002703734,-0.000653806,-0.000945319,,novatel_oem7_msgs.msg.InertialSolutionStatus(status=3),
1786043691448453090,1786043691.446707836,/novatel/oem7/fix,/novatel/oem7/fix,/novatel/oem7/inspva,39.663,-75.756,-1.800327159,0.002781661,-0.000945319,-0.002703734,-0.000653806,-0.000945319,,0,
1786043691449468473,1786043691.447162444,/novatel/oem7/odom,/novatel/oem7/fix,/novatel/oem7/odom,39.663,-75.756,-1.800327159,0.002778347,-0.000955015,-0.000777940,-0.002667212,-0.000955015,,,
1786043691456787239,1786043691.456110889,/novatel/oem7/odom,/novatel/oem7/fix,/novatel/oem7/odom,39.663,-75.756,-1.800327159,0.002778347,-0.000955015,-0.000777940,-0.002667212,-0.000955015,,,
1786043691465609163,1786043691.464990520,/novatel/oem7/inspva,/novatel/oem7/inspva,/novatel/oem7/inspva,39.663,-75.756,-1.800318918,0.002676430,0.000157395,-0.002559843,-0.000781331,0.000157395,,novatel_oem7_msgs.msg.InertialSolutionStatus(status=3),
1786043691466921272,1786043691.465154255,/novatel/oem7/fix,/novatel/oem7/fix,/novatel/oem7/inspva,39.663,-75.756,-1.800318918,0.002676430,0.000157395,-0.002559843,-0.000781331,0.000157395,,0,
1786043691467946023,1786043691.465495410,/novatel/oem7/odom,/novatel/oem7/fix,/novatel/oem7/odom,39.663,-75.756,-1.800318918,0.002676989,0.000147573,-0.000902742,-0.002520184,0.000147573,,,
1786043691476285535,1786043691.475604728,/novatel/oem7/odom,/novatel/oem7/fix,/novatel/oem7/odom,39.663,-75.756,-1.800318918,0.002676989,0.000147573,-0.000902742,-0.002520184,0.000147573,,,
1786043691486084999,1786043691.485505013,/novatel/oem7/inspva,/novatel/oem7/inspva,/novatel/oem7/inspva,39.663,-75.756,-1.800316240,0.002610661,0.000507800,-0.000362512,-0.002585369,0.000507800,,novatel_oem7_msgs.msg.InertialSolutionStatus(status=3),
1786043691487449220,1786043691.485664812,/novatel/oem7/fix,/novatel/oem7/fix,/novatel/oem7/inspva,39.663,-75.756,-1.800316240,0.002610661,0.000507800,-0.000362512,-0.002585369,0.000507800,,0,
1786043691488455336,1786043691.486261804,/novatel/oem7/odom,/novatel/oem7/fix,/novatel/oem7/odom,39.663,-75.756,-1.800316240,0.002612694,0.000497233,-0.002601607,-0.000240442,0.000497233,,,
1786043691495468829,1786043691.494773352,/novatel/oem7/odom,/novatel/oem7/fix,/novatel/oem7/odom,39.663,-75.756,-1.800316240,0.002612694,0.000497233,-0.002601607,-0.000240442,0.000497233,,,
1786043691506856445,1786043691.506306782,/novatel/oem7/inspva,/novatel/oem7/inspva,/novatel/oem7/inspva,39.663,-75.756,-1.800311851,0.002864285,-0.000663127,-0.000367994,-0.002840547,-0.000663127,,novatel_oem7_msgs.msg.InertialSolutionStatus(status=3),
1786043691508203261,1786043691.506412718,/novatel/oem7/fix,/novatel/oem7/fix,/novatel/oem7/inspva,39.663,-75.756,-1.800311851,0.002864285,-0.000663127,-0.000367994,-0.002840547,-0.000663127,,0,
1786043691509214348,1786043691.506923605,/novatel/oem7/odom,/novatel/oem7/fix,/novatel/oem7/odom,39.663,-75.756,-1.800311851,0.002861596,-0.000674637,-0.002852269,-0.000230855,-0.000674637,,,
1786043691511769557,1786043691.511157010,/novatel/oem7/bestpos,/novatel/oem7/bestpos,/novatel/oem7/odom,39.663,-75.756,33.182110734,0.002861596,-0.000674637,-0.002852269,-0.000230855,-0.000674637,,novatel_oem7_msgs.msg.SolutionStatus(status=0),novatel_oem7_msgs.msg.PositionOrVelocityType(type=53)
1786043691513141410,1786043691.511643548,/novatel/oem7/bestvel,/novatel/oem7/bestpos,/novatel/oem7/bestvel,39.663,-75.756,33.182110734,0.002115464,-0.000830046,,,,244.640094400,novatel_oem7_msgs.msg.SolutionStatus(status=0),novatel_oem7_msgs.msg.PositionOrVelocityType(type=53)
1786043691516287451,1786043691.515610068,/novatel/oem7/odom,/novatel/oem7/bestpos,/novatel/oem7/odom,39.663,-75.756,33.182110734,0.002861596,-0.000674637,-0.002852269,-0.000230855,-0.000674637,,,
1786043691525955454,1786043691.525349185,/novatel/oem7/inspva,/novatel/oem7/inspva,/novatel/oem7/inspva,39.663,-75.756,-1.800305920,0.002697135,-0.000857973,-0.002191156,-0.001572696,-0.000857973,,novatel_oem7_msgs.msg.InertialSolutionStatus(status=3),
1786043691527276474,1786043691.525535073,/novatel/oem7/fix,/novatel/oem7/fix,/novatel/oem7/inspva,39.663,-75.756,-1.800305920,0.002697135,-0.000857973,-0.002191156,-0.001572696,-0.000857973,,0,
1786043691528298940,1786043691.526169969,/novatel/oem7/odom,/novatel/oem7/fix,/novatel/oem7/odom,39.663,-75.756,-1.800305920,0.002693403,-0.000869618,-0.001671819,-0.002111739,-0.000869618,,,
1786043691536274526,1786043691.535591879,/novatel/oem7/odom,/novatel/oem7/fix,/novatel/oem7/odom,39.663,-75.756,-1.800305920,0.002693403,-0.000869618,-0.001671819,-0.002111739,-0.000869618,,,
1786043691545931415,1786043691.545338079,/novatel/oem7/inspva,/novatel/oem7/inspva,/novatel/oem7/inspva,39.663,-75.756,-1.800291428,0.002546914,0.000101786,-0.002544758,0.000104754,0.000101786,,novatel_oem7_msgs.msg.InertialSolutionStatus(status=3),
1786043691547252655,1786043691.545517681,/novatel/oem7/fix,/novatel/oem7/fix,/novatel/oem7/inspva,39.663,-75.756,-1.800291428,0.002546914,0.000101786,-0.002544758,0.000104754,0.000101786,,0,
1786043691548257408,1786043691.545994845,/novatel/oem7/odom,/novatel/oem7/fix,/novatel/oem7/odom,39.663,-75.756,-1.800291428,0.002547164,0.000095305,-0.000016761,-0.002547109,0.000095305,,,
1786043691556475833,1786043691.555680941,/novatel/oem7/odom,/novatel/oem7/fix,/novatel/oem7/odom,39.663,-75.756,-1.800291428,0.002547164,0.000095305,-0.000016761,-0.002547109,0.000095305,,,
1786043691566956473,1786043691.566368244,/novatel/oem7/inspva,/novatel/oem7/inspva,/novatel/oem7/inspva,39.663,-75.756,-1.800268722,0.001860030,0.001697866,-0.000672849,-0.001734066,0.001697866,,novatel_oem7_msgs.msg.InertialSolutionStatus(status=3),
1786043691568264230,1786043691.566543589,/novatel/oem7/fix,/novatel/oem7/fix,/novatel/oem7/inspva,39.663,-75.756,-1.800268722,0.001860030,0.001697866,-0.000672849,-0.001734066,0.001697866,,0,
1786043691569294176,1786043691.566960693,/novatel/oem7/odom,/novatel/oem7/fix,/novatel/oem7/odom,39.663,-75.756,-1.800268722,0.001867576,0.001689561,-0.001770635,-0.000593878,0.001689561,,,
1786043691576024983,1786043691.575375735,/novatel/oem7/odom,/novatel/oem7/fix,/novatel/oem7/odom,39.663,-75.756,-1.800268722,0.001867576,0.001689561,-0.001770635,-0.000593878,0.001689561,,,
1786043691585515991,1786043691.584945531,/novatel/oem7/inspva,/novatel/oem7/inspva,/novatel/oem7/inspva,39.663,-75.756,-1.800273590,0.002080835,-0.000213078,-0.000520889,-0.002014584,-0.000213078,,novatel_oem7_msgs.msg.InertialSolutionStatus(status=3),
1786043691586810610,1786043691.585097383,/novatel/oem7/fix,/novatel/oem7/fix,/novatel/oem7/inspva,39.663,-75.756,-1.800273590,0.002080835,-0.000213078,-0.000520889,-0.002014584,-0.000213078,,0,
1786043691587811876,1786043691.585510757,/novatel/oem7/odom,/novatel/oem7/fix,/novatel/oem7/odom,39.663,-75.756,-1.800273590,0.002079907,-0.000221957,-0.002036234,-0.000423986,-0.000221957,,,
1786043691596043235,1786043691.595348768,/novatel/oem7/odom,/novatel/oem7/fix,/novatel/oem7/odom,39.663,-75.756,-1.800273590,0.002079907,-0.000221957,-0.002036234,-0.000423986,-0.000221957,,,
1786043691606862445,1786043691.606277189,/novatel/oem7/inspva,/novatel/oem7/inspva,/novatel/oem7/inspva,39.663,-75.756,-1.800277323,0.002054535,-0.001659158,-0.001793286,-0.001002615,-0.001659158,,novatel_oem7_msgs.msg.InertialSolutionStatus(status=3),
1786043691608164258,1786043691.606453161,/novatel/oem7/fix,/novatel/oem7/fix,/novatel/oem7/inspva,39.663,-75.756,-1.800277323,0.002054535,-0.001659158,-0.001793286,-0.001002615,-0.001659158,,0,
1786043691609194895,1786043691.607125421,/novatel/oem7/odom,/novatel/oem7/fix,/novatel/oem7/odom,39.663,-75.756,-1.800277323,0.002047687,-0.001667601,-0.001080404,-0.001739469,-0.001667601,,,
1786043691611066640,1786043691.610183705,/novatel/oem7/bestpos,/novatel/oem7/bestpos,/novatel/oem7/odom,39.663,-75.756,33.182160585,0.002047687,-0.001667601,-0.001080404,-0.001739469,-0.001667601,,novatel_oem7_msgs.msg.SolutionStatus(status=0),novatel_oem7_msgs.msg.PositionOrVelocityType(type=53)
1786043691612400727,1786043691.610674426,/novatel/oem7/bestvel,/novatel/oem7/bestpos,/novatel/oem7/bestvel,39.663,-75.756,33.182160585,0.002906488,-0.000961069,,,,220.806583795,novatel_oem7_msgs.msg.SolutionStatus(status=0),novatel_oem7_msgs.msg.PositionOrVelocityType(type=53)
1786043691615540641,1786043691.614899545,/novatel/oem7/odom,/novatel/oem7/bestpos,/novatel/oem7/odom,39.663,-75.756,33.182160585,0.002047687,-0.001667601,-0.001080404,-0.001739469,-0.001667601,,,
1786043691625835406,1786043691.625071555,/novatel/oem7/inspva,/novatel/oem7/inspva,/novatel/oem7/inspva,39.663,-75.756,-1.800264359,0.002364415,-0.000696647,-0.002325385,-0.000427835,-0.000696647,,novatel_oem7_msgs.msg.InertialSolutionStatus(status=3),
1786043691627133933,1786043691.625282064,/novatel/oem7/fix,/novatel/oem7/fix,/novatel/oem7/inspva,39.663,-75.756,-1.800264359,0.002364415,-0.000696647,-0.002325385,-0.000427835,-0.000696647,,0,
1786043691628150483,1786043691.625574203,/novatel/oem7/odom,/novatel/oem7/fix,/novatel/oem7/odom,39.663,-75.756,-1.800264359,0.002362105,-0.000704440,-0.000535243,-0.002300664,-0.000704440,,,
1786043691635569616,1786043691.634840862,/novatel/oem7/odom,/novatel/oem7/fix,/novatel/oem7/odom,39.663,-75.756,-1.800264359,0.002362105,-0.000704440,-0.000535243,-0.002300664,-0.000704440,,,
1786043691646032026,1786043691.645368483,/novatel/oem7/inspva,/novatel/oem7/inspva,/novatel/oem7/inspva,39.663,-75.756,-1.800238622,0.001317177,0.001642182,-0.001313131,-0.000103162,0.001642182,,novatel_oem7_msgs.msg.InertialSolutionStatus(status=3),
1786043691647369776,1786043691.645534595,/novatel/oem7/fix,/novatel/oem7/fix,/novatel/oem7/inspva,39.663,-75.756,-1.800238622,0.001317177,0.001642182,-0.001313131,-0.000103162,0.001642182,,0,
1786043691648363793,1786043691.646132854,/novatel/oem7/odom,/novatel/oem7/fix,/novatel/oem7/odom,39.663,-75.756,-1.800238622,0.001322056,0.001638256,-0.000171777,-0.001310849,0.001638256,,,
1786043691656897264,1786043691.656536654,/novatel/oem7/odom,/novatel/oem7/fix,/novatel/oem7/odom,39.663,-75.756,-1.800238622,0.001322056,0.001638256,-0.000171777,-0.001310849,0.001638256,,,
1786043691666711461,1786043691.666037074,/novatel/oem7/inspva,/novatel/oem7/inspva,/novatel/oem7/inspva,39.663,-75.756,-1.800236641,0.001464859,0.000871465,-0.001059310,-0.001011768,0.000871465,,novatel_oem7_msgs.msg.InertialSolutionStatus(status=3),
1786043691668045434,1786043691.666196809,/novatel/oem7/fix,/novatel/oem7/fix,/novatel/oem7/inspva,39.663,-75.756,-1.800236641,0.001464859,0.000871465,-0.001059310,-0.001011768,0.000871465,,0,
1786043691669029704,1786043691.666650854,/novatel/oem7/odom,/novatel/oem7/fix,/novatel/oem7/odom,39.663,-75.756,-1.800236641,0.001468768,0.000864860,-0.001064349,-0.001012146,0.000864860,,,
1786043691675281493,1786043691.674549152,/novatel/oem7/odom,/novatel/oem7/fix,/novatel/oem7/odom,39.663,-75.756,-1.800236641,0.001468768,0.000864860,-0.001064349,-0.001012146,0.000864860,,,
1786043691686036566,1786043691.685350309,/novatel/oem7/inspva,/novatel/oem7/inspva,/novatel/oem7/inspva,39.663,-75.756,-1.800249933,0.001988781,-0.001907961,-0.001398547,-0.001413973,-0.001907961,,novatel_oem7_msgs.msg.InertialSolutionStatus(status=3),
1786043691687799633,1786043691.685531144,/novatel/oem7/fix,/novatel/oem7/fix,/novatel/oem7/inspva,39.663,-75.756,-1.800249933,0.001988781,-0.001907961,-0.001398547,-0.001413973,-0.001907961,,0,
1786043691688801256,1786043691.687286286,/novatel/oem7/odom,/novatel/oem7/fix,/novatel/oem7/odom,39.663,-75.756,-1.800249933,0.001980214,-0.001916851,-0.001471619,-0.001324985,-0.001916851,,,
1786043691696226823,1786043691.695489993,/novatel/oem7/odom,/novatel/oem7/fix,/novatel/oem7/odom,39.663,-75.756,-1.800249933,0.001980214,-0.001916851,-0.001471619,-0.001324985,-0.001916851,,,
1786043691706617830,1786043691.705956823,/novatel/oem7/inspva,/novatel/oem7/inspva,/novatel/oem7/inspva,39.663,-75.756,-1.800230335,0.002229246,-0.001128247,-0.002117401,-0.000697245,-0.001128247,,novatel_oem7_msgs.msg.InertialSolutionStatus(status=3),
1786043691707949689,1786043691.706125491,/novatel/oem7/fix,/novatel/oem7/fix,/novatel/oem7/inspva,39.663,-75.756,-1.800230335,0.002229246,-0.001128247,-0.002117401,-0.000697245,-0.001128247,,0,
1786043691708953273,1786043691.706582919,/novatel/oem7/odom,/novatel/oem7/fix,/novatel/oem7/odom,39.663,-75.756,-1.800230335,0.002225074,-0.001136452,-0.000792855,-0.002079023,-0.001136452,,,
1786043691710456911,1786043691.709510758,/novatel/oem7/bestpos,/novatel/oem7/bestpos,/novatel/oem7/odom,39.663,-75.756,33.182200171,0.002225074,-0.001136452,-0.000792855,-0.002079023,-0.001136452,,novatel_oem7_msgs.msg.SolutionStatus(status=0),novatel_oem7_msgs.msg.PositionOrVelocityType(type=53)
1786043691711854055,1786043691.710281802,/novatel/oem7/bestvel,/novatel/oem7/bestpos,/novatel/oem7/bestvel,39.663,-75.756,33.182200171,0.002876773,-0.000515886,,,,211.863181379,novatel_oem7_msgs.msg.SolutionStatus(status=0),novatel_oem7_msgs.msg.PositionOrVelocityType(type=53)
1786043691715130267,1786043691.714405290,/novatel/oem7/odom,/novatel/oem7/bestpos,/novatel/oem7/odom,39.663,-75.756,33.182200171,0.002225074,-0.001136452,-0.000792855,-0.002079023,-0.001136452,,,
1786043691726903499,1786043691.726536110,/novatel/oem7/inspva,/novatel/oem7/inspva,/novatel/oem7/inspva,39.663,-75.756,-1.800195098,0.002426935,0.001946119,-0.002384386,-0.000452453,0.001946119,,novatel_oem7_msgs.msg.InertialSolutionStatus(status=3),
1786043691727926234,1786043691.726708095,/novatel/oem7/fix,/novatel/oem7/fix,/novatel/oem7/inspva,39.663,-75.756,-1.800195098,0.002426935,0.001946119,-0.002384386,-0.000452453,0.001946119,,0,
1786043691728929501,1786043691.727002158,/novatel/oem7/odom,/novatel/oem7/fix,/novatel/oem7/odom,39.663,-75.756,-1.800195098,0.002433378,0.001938056,-0.000572864,-0.002364986,0.001938056,,,
1786043691735781268,1786043691.735053051,/novatel/oem7/odom,/novatel/oem7/fix,/novatel/oem7/odom,39.663,-75.756,-1.800195098,0.002433378,0.001938056,-0.000572864,-0.002364986,0.001938056,,,
1786043691745744960,1786043691.745033056,/novatel/oem7/inspva,/novatel/oem7/inspva,/novatel/oem7/inspva,39.663,-75.756,-1.800189586,0.002272046,0.000934806,-0.002268495,-0.000126973,0.000934806,,novatel_oem7_msgs.msg.InertialSolutionStatus(status=3),
1786043691747026890,1786043691.745191215,/novatel/oem7/fix,/novatel/oem7/fix,/novatel/oem7/inspva,39.663,-75.756,-1.800189586,0.002272046,0.000934806,-0.002268495,-0.000126973,0.000934806,,0,
1786043691748011730,1786043691.745518715,/novatel/oem7/odom,/novatel/oem7/fix,/novatel/oem7/odom,39.663,-75.756,-1.800189586,0.002274715,0.000928292,-0.000238304,-0.002262198,0.000928292,,,
1786043691756297577,1786043691.755969875,/novatel/oem7/odom,/novatel/oem7/fix,/novatel/oem7/odom,39.663,-75.756,-1.800189586,0.002274715,0.000928292,-0.000238304,-0.002262198,0.000928292,,,
1786043691765969281,1786043691.765331221,/novatel/oem7/inspva,/novatel/oem7/inspva,/novatel/oem7/inspva,39.663,-75.756,-1.800195478,0.001138565,-0.000994057,-0.000479514,-0.001032665,-0.000994057,,novatel_oem7_msgs.msg.InertialSolutionStatus(status=3),
1786043691767323934,1786043691.765500589,/novatel/oem7/fix,/novatel/oem7/fix,/novatel/oem7/inspva,39.663,-75.756,-1.800195478,0.001138565,-0.000994057,-0.000479514,-0.001032665,-0.000994057,,0,
1786043691768347734,1786043691.766129485,/novatel/oem7/odom,/novatel/oem7/fix,/novatel/oem7/odom,39.663,-75.756,-1.800195478,0.001134087,-0.000999163,-0.001050473,-0.000427389,-0.000999163,,,
1786043691775559939,1786043691.774837639,/novatel/oem7/odom,/novatel/oem7/fix,/novatel/oem7/odom,39.663,-75.756,-1.800195478,0.001134087,-0.000999163,-0.001050473,-0.000427389,-0.000999163,,,
1786043691786394343,1786043691.786050139,/novatel/oem7/inspva,/novatel/oem7/inspva,/novatel/oem7/inspva,39.663,-75.756,-1.800185191,0.002225933,-0.001312284,-0.001707459,-0.001428061,-0.001312284,,novatel_oem7_msgs.msg.InertialSolutionStatus(status=3),
1786043691786985658,1786043691.786199618,/novatel/oem7/fix,/novatel/oem7/fix,/novatel/oem7/inspva,39.663,-75.756,-1.800185191,0.002225933,-0.001312284,-0.001707459,-0.001428061,-0.001312284,,0,
1786043691787402911,1786043691.786590015,/novatel/oem7/odom,/novatel/oem7/fix,/novatel/oem7/odom,39.663,-75.756,-1.800185191,0.002220135,-0.001322069,-0.001502633,-0.001634348,-0.001322069,,,
1786043691795065226,1786043691.794342341,/novatel/oem7/odom,/novatel/oem7/fix,/novatel/oem7/odom,39.663,-75.756,-1.800185191,0.002220135,-0.001322069,-0.001502633,-0.001634348,-0.001322069,,,
1786043691807054764,1786043691.806253609,/novatel/oem7/inspva,/novatel/oem7/inspva,/novatel/oem7/inspva,39.663,-75.756,-1.800156604,0.003217169,0.001165455,-0.003180302,0.000485650,0.001165455,,novatel_oem7_msgs.msg.InertialSolutionStatus(status=3),
1786043691809177482,1786043691.806401931,/novatel/oem7/fix,/novatel/oem7/fix,/novatel/oem7/inspva,39.663,-75.756,-1.800156604,0.003217169,0.001165455,-0.003180302,0.000485650,0.001165455,,0,
1786043691810846322,1786043691.807019444,/novatel/oem7/odom,/novatel/oem7/fix,/novatel/oem7/odom,39.663,-75.756,-1.800156604,0.003219575,0.001158791,0.000329328,-0.003202687,0.001158791,,,
1786043691813092630,1786043691.810216619,/novatel/oem7/bestpos,/novatel/oem7/bestpos,/novatel/oem7/odom,39.663,-75.756,33.182269549,0.003219575,0.001158791,0.000329328,-0.003202687,0.001158791,,novatel_oem7_msgs.msg.SolutionStatus(status=0),novatel_oem7_msgs.msg.PositionOrVelocityType(type=53)
1786043691814505748,1786043691.810650130,/novatel/oem7/bestvel,/novatel/oem7/bestpos,/novatel/oem7/bestvel,39.663,-75.756,33.182269549,0.003131587,0.001310306,,,,177.326877113,novatel_oem7_msgs.msg.SolutionStatus(status=0),novatel_oem7_msgs.msg.PositionOrVelocityType(type=53)
1786043691816948052,1786043691.815354225,/novatel/oem7/odom,/novatel/oem7/bestpos,/novatel/oem7/odom,39.663,-75.756,33.182269549,0.003219575,0.001158791,0.000329328,-0.003202687,0.001158791,,,
1786043691825738389,1786043691.824959172,/novatel/oem7/inspva,/novatel/oem7/inspva,/novatel/oem7/inspva,39.663,-75.756,-1.800144037,0.002891973,0.001361474,-0.002890100,-0.000104076,0.001361474,,novatel_oem7_msgs.msg.InertialSolutionStatus(status=3),
1786043691827766579,1786043691.825120669,/novatel/oem7/fix,/novatel/oem7/fix,/novatel/oem7/inspva,39.663,-75.756,-1.800144037,0.002891973,0.001361474,-0.002890100,-0.000104076,0.001361474,,0,
1786043691829391109,1786043691.825495839,/novatel/oem7/odom,/novatel/oem7/fix,/novatel/oem7/odom,39.663,-75.756,-1.800144037,0.002895749,0.001353425,-0.000246706,-0.002885221,0.001353425,,,
1786043691835144782,1786043691.834493306,/novatel/oem7/odom,/novatel/oem7/fix,/novatel/oem7/odom,39.663,-75.756,-1.800144037,0.002895749,0.001353425,-0.000246706,-0.002885221,0.001353425,,,
1786043691847099661,1786043691.846598159,/novatel/oem7/inspva,/novatel/oem7/inspva,/novatel/oem7/inspva,39.663,-75.756,-1.800150298,0.000850299,-0.000569491,-0.000733190,-0.000430629,-0.000569491,,novatel_oem7_msgs.msg.InertialSolutionStatus(status=3),
1786043691848384337,1786043691.846764548,/novatel/oem7/fix,/novatel/oem7/fix,/novatel/oem7/inspva,39.663,-75.756,-1.800150298,0.000850299,-0.000569491,-0.000733190,-0.000430629,-0.000569491,,0,
1786043691849394934,1786043691.847077174,/novatel/oem7/odom,/novatel/oem7/fix,/novatel/oem7/odom,39.663,-75.756,-1.800150298,0.000847921,-0.000573027,-0.000462833,-0.000710462,-0.000573027,,,
1786043691857132116,1786043691.856510587,/novatel/oem7/odom,/novatel/oem7/fix,/novatel/oem7/odom,39.663,-75.756,-1.800150298,0.000847921,-0.000573027,-0.000462833,-0.000710462,-0.000573027,,,
1786043691865480286,1786043691.864991821,/novatel/oem7/inspva,/novatel/oem7/inspva,/novatel/oem7/inspva,39.663,-75.756,-1.800135676,0.001396591,0.000064524,-0.001225717,-0.000669391,0.000064524,,novatel_oem7_msgs.msg.InertialSolutionStatus(status=3),
1786043691866750368,1786043691.865145419,/novatel/oem7/fix,/novatel/oem7/fix,/novatel/oem7/inspva,39.663,-75.756,-1.800135676,0.001396591,0.000064524,-0.001225717,-0.000669391,0.000064524,,0,
1786043691867768972,1786043691.865622614,/novatel/oem7/odom,/novatel/oem7/fix,/novatel/oem7/odom,39.663,-75.756,-1.800135676,0.001396843,0.000058803,-0.000727189,-0.001192630,0.000058803,,,
1786043691875227746,1786043691.874525076,/novatel/oem7/odom,/novatel/oem7/fix,/novatel/oem7/odom,39.663,-75.756,-1.800135676,0.001396843,0.000058803,-0.000727189,-0.001192630,0.000058803,,,
1786043691885714259,1786043691.885210598,/novatel/oem7/inspva,/novatel/oem7/inspva,/novatel/oem7/inspva,39.663,-75.756,-1.800112627,0.003398303,0.000424763,-0.003353777,0.000548312,0.000424763,,novatel_oem7_msgs.msg.InertialSolutionStatus(status=3),
1786043691887001469,1786043691.885357296,/novatel/oem7/fix,/novatel/oem7/fix,/novatel/oem7/inspva,39.663,-75.756,-1.800112627,0.003398303,0.000424763,-0.003353777,0.000548312,0.000424763,,0,
1786043691888018936,1786043691.885770610,/novatel/oem7/odom,/novatel/oem7/fix,/novatel/oem7/odom,39.663,-75.756,-1.800112627,0.003399151,0.000417920,0.000386444,-0.003377113,0.000417920,,,
1786043691895577414,1786043691.894928314,/novatel/oem7/odom,/novatel/oem7/fix,/novatel/oem7/odom,39.663,-75.756,-1.800112627,0.003399151,0.000417920,0.000386444,-0.003377113,0.000417920,,,
1786043691906699344,1786043691.906169429,/novatel/oem7/inspva,/novatel/oem7/inspva,/novatel/oem7/inspva,39.663,-75.756,-1.800081091,0.003110786,0.001699032,-0.003108809,-0.000110912,0.001699032,,novatel_oem7_msgs.msg.InertialSolutionStatus(status=3),
1786043691908000427,1786043691.906316050,/novatel/oem7/fix,/novatel/oem7/fix,/novatel/oem7/inspva,39.663,-75.756,-1.800081091,0.003110786,0.001699032,-0.003108809,-0.000110912,0.001699032,,0,
1786043691909012597,1786043691.906825739,/novatel/oem7/odom,/novatel/oem7/fix,/novatel/oem7/odom,39.663,-75.756,-1.800081091,0.003115467,0.001690435,-0.000265282,-0.003104152,0.001690435,,,
1786043691910395634,1786043691.909636943,/novatel/oem7/bestpos,/novatel/oem7/bestpos,/novatel/oem7/odom,39.663,-75.756,33.182348721,0.003115467,0.001690435,-0.000265282,-0.003104152,0.001690435,,novatel_oem7_msgs.msg.SolutionStatus(status=0),novatel_oem7_msgs.msg.PositionOrVelocityType(type=53)
1786043691911763617,1786043691.910279947,/novatel/oem7/bestvel,/novatel/oem7/bestpos,/novatel/oem7/bestvel,39.663,-75.756,33.182348721,0.003741410,0.002086976,,,,182.384781627,novatel_oem7_msgs.msg.SolutionStatus(status=0),novatel_oem7_msgs.msg.PositionOrVelocityType(type=53)
1786043691915034700,1786043691.914381303,/novatel/oem7/odom,/novatel/oem7/bestpos,/novatel/oem7/odom,39.663,-75.756,33.182348721,0.003115467,0.001690435,-0.000265282,-0.003104152,0.001690435,,,
1786043691925799060,1786043691.925295381,/novatel/oem7/inspva,/novatel/oem7/inspva,/novatel/oem7/inspva,39.663,-75.756,-1.800067086,0.001273402,0.001279805,-0.001273318,-0.000014642,0.001279805,,novatel_oem7_msgs.msg.InertialSolutionStatus(status=3),
1786043691927099863,1786043691.925477670,/novatel/oem7/fix,/novatel/oem7/fix,/novatel/oem7/inspva,39.663,-75.756,-1.800067086,0.001273402,0.001279805,-0.001273318,-0.000014642,0.001279805,,0,
1786043691928111823,1786043691.926104179,/novatel/oem7/odom,/novatel/oem7/fix,/novatel/oem7/odom,39.663,-75.756,-1.800067086,0.001276821,0.001276394,-0.000080160,-0.001274302,0.001276394,,,
1786043691936333381,1786043691.935683514,/novatel/oem7/odom,/novatel/oem7/fix,/novatel/oem7/odom,39.663,-75.756,-1.800067086,0.001276821,0.001276394,-0.000080160,-0.001274302,0.001276394,,,
1786043691945615073,1786043691.945090864,/novatel/oem7/inspva,/novatel/oem7/inspva,/novatel/oem7/inspva,39.663,-75.756,-1.800048159,0.001803223,0.001007099,-0.001799703,0.000112621,0.001007099,,novatel_oem7_msgs.msg.InertialSolutionStatus(status=3),
1786043691946918485,1786043691.945260573,/novatel/oem7/fix,/novatel/oem7/fix,/novatel/oem7/inspva,39.663,-75.756,-1.800048159,0.001803223,0.001007099,-0.001799703,0.000112621,0.001007099,,0,
1786043691947965466,1786043691.945766024,/novatel/oem7/odom,/novatel/oem7/fix,/novatel/oem7/odom,39.663,-75.756,-1.800048159,0.001805650,0.001002741,0.000022962,-0.001805504,0.001002741,,,
1786043691956401943,1786043691.955752463,/novatel/oem7/odom,/novatel/oem7/fix,/novatel/oem7/odom,39.663,-75.756,-1.800048159,0.001805650,0.001002741,0.000022962,-0.001805504,0.001002741,,,
1786043691966529473,1786043691.966007741,/novatel/oem7/inspva,/novatel/oem7/inspva,/novatel/oem7/inspva,39.663,-75.756,-1.800029649,0.003058329,-0.000053143,-0.003017380,0.000498795,-0.000053143,,novatel_oem7_msgs.msg.InertialSolutionStatus(status=3),
1786043691967854933,1786043691.966175306,/novatel/oem7/fix,/novatel/oem7/fix,/novatel/oem7/inspva,39.663,-75.756,-1.800029649,0.003058329,-0.000053143,-0.003017380,0.000498795,-0.000053143,,0,
1786043691968891360,1786043691.966800172,/novatel/oem7/odom,/novatel/oem7/fix,/novatel/oem7/odom,39.663,-75.756,-1.800029649,0.003058218,-0.000059205,0.000354792,-0.003037568,-0.000059205,,,
1786043691975462078,1786043691.974793805,/novatel/oem7/odom,/novatel/oem7/fix,/novatel/oem7/odom,39.663,-75.756,-1.800029649,0.003058218,-0.000059205,0.000354792,-0.003037568,-0.000059205,,,
1786043691985601708,1786043691.985062960,/novatel/oem7/inspva,/novatel/oem7/inspva,/novatel/oem7/inspva,39.663,-75.756,-1.800001722,0.003288191,0.000759918,-0.003264119,-0.000397148,0.000759918,,novatel_oem7_msgs.msg.InertialSolutionStatus(status=3),
1786043691986925632,1786043691.985231715,/novatel/oem7/fix,/novatel/oem7/fix,/novatel/oem7/inspva,39.663,-75.756,-1.800001722,0.003288191,0.000759918,-0.003264119,-0.000397148,0.000759918,,0,
1786043691987976599,1786043691.985759540,/novatel/oem7/odom,/novatel/oem7/fix,/novatel/oem7/odom,39.663,-75.756,-1.800001722,0.003290493,0.000749886,-0.000554962,-0.003243357,0.000749886,,,
1786043691996105096,1786043691.995452566,/novatel/oem7/odom,/novatel/oem7/fix,/novatel/oem7/odom,39.663,-75.756,-1.800001722,0.003290493,0.000749886,-0.000554962,-0.003243357,0.000749886,,,
1786043692008898616,1786043692.008397644,/novatel/oem7/inspva,/novatel/oem7/inspva,/novatel/oem7/inspva,39.663,-75.756,-1.799978443,0.002138131,0.002012506,-0.002081425,0.000489154,0.002012506,,novatel_oem7_msgs.msg.InertialSolutionStatus(status=3),
1786043692010237072,1786043692.008568640,/novatel/oem7/fix,/novatel/oem7/fix,/novatel/oem7/inspva,39.663,-75.756,-1.799978443,0.002138131,0.002012506,-0.002081425,0.000489154,0.002012506,,0,
1786043692012410621,1786043692.011504685,/novatel/oem7/odom,/novatel/oem7/fix,/novatel/oem7/odom,39.663,-75.756,-1.799978443,0.002141602,0.002008811,0.000381741,-0.002107305,0.002008811,,,
1786043692016504618,1786043692.015859875,/novatel/oem7/odom,/novatel/oem7/fix,/novatel/oem7/odom,39.663,-75.756,-1.799978443,0.002141602,0.002008811,0.000381741,-0.002107305,0.002008811,,,
1786043692025260605,1786043692.024682286,/novatel/oem7/bestpos,/novatel/oem7/bestpos,/novatel/oem7/odom,39.663,-75.756,33.182437152,0.002141602,0.002008811,0.000381741,-0.002107305,0.002008811,,novatel_oem7_msgs.msg.SolutionStatus(status=0),novatel_oem7_msgs.msg.PositionOrVelocityType(type=53)
1786043692026650872,1786043692.025538101,/novatel/oem7/bestvel,/novatel/oem7/bestpos,/novatel/oem7/bestvel,39.663,-75.756,33.182437152,0.001292312,0.001258720,,,,143.193683751,novatel_oem7_msgs.msg.SolutionStatus(status=0),novatel_oem7_msgs.msg.PositionOrVelocityType(type=53)
1786043692028021266,1786043692.027088166,/novatel/oem7/inspva,/novatel/oem7/inspva,/novatel/oem7/inspva,39.663,-75.756,-1.799966961,0.002378885,0.001000282,-0.002378662,-0.000032589,0.001000282,,novatel_oem7_msgs.msg.InertialSolutionStatus(status=3),
1786043692028851304,1786043692.027268518,/novatel/oem7/fix,/novatel/oem7/fix,/novatel/oem7/inspva,39.663,-75.756,-1.799966961,0.002378885,0.001000282,-0.002378662,-0.000032589,0.001000282,,0,
1786043692030330588,1786043692.027607681,/novatel/oem7/odom,/novatel/oem7/fix,/novatel/oem7/odom,39.663,-75.756,-1.799966961,0.002381573,0.000993865,-0.000149686,-0.002376865,0.000993865,,,
1786043692035183503,1786043692.034523053,/novatel/oem7/odom,/novatel/oem7/fix,/novatel/oem7/odom,39.663,-75.756,-1.799966961,0.002381573,0.000993865,-0.000149686,-0.002376865,0.000993865,,,
1786043692046027511,1786043692.045516982,/novatel/oem7/inspva,/novatel/oem7/inspva,/novatel/oem7/inspva,39.663,-75.756,-1.799973403,0.002745284,-0.000216138,-0.002640372,-0.000751678,-0.000216138,,novatel_oem7_msgs.msg.InertialSolutionStatus(status=3),
1786043692047329254,1786043692.045662067,/novatel/oem7/fix,/novatel/oem7/fix,/novatel/oem7/inspva,39.663,-75.756,-1.799973403,0.002745284,-0.000216138,-0.002640372,-0.000751678,-0.000216138,,0,
1786043692048354704,1786043692.046383867,/novatel/oem7/odom,/novatel/oem7/fix,/novatel/oem7/odom,39.663,-75.756,-1.799973403,0.002744502,-0.000225842,-0.000875649,-0.002601064,-0.000225842,,,
1786043692057311616,1786043692.056675396,/novatel/oem7/odom,/novatel/oem7/fix,/novatel/oem7/odom,39.663,-75.756,-1.799973403,0.002744502,-0.000225842,-0.000875649,-0.002601064,-0.000225842,,,
1786043692065878390,1786043692.065352098,/novatel/oem7/inspva,/novatel/oem7/inspva,/novatel/oem7/inspva,39.663,-75.756,-1.799968171,0.003425386,0.000661156,-0.003373941,0.000591430,0.000661156,,novatel_oem7_msgs.msg.InertialSolutionStatus(status=3),
1786043692067161510,1786043692.065513977,/novatel/oem7/fix,/novatel/oem7/fix,/novatel/oem7/inspva,39.663,-75.756,-1.799968171,0.003425386,0.000661156,-0.003373941,0.000591430,0.000661156,,0,
1786043692068184460,1786043692.065934071,/novatel/oem7/odom,/novatel/oem7/fix,/novatel/oem7/odom,39.663,-75.756,-1.799968171,0.003426670,0.000654467,0.000427587,-0.003399888,0.000654467,,,
1786043692075130199,1786043692.074491933,/novatel/oem7/odom,/novatel/oem7/fix,/novatel/oem7/odom,39.663,-75.756,-1.799968171,0.003426670,0.000654467,0.000427587,-0.003399888,0.000654467,,,
1786043692087042083,1786043692.086535758,/novatel/oem7/inspva,/novatel/oem7/inspva,/novatel/oem7/inspva,39.663,-75.756,-1.799954286,0.003125204,0.002039734,-0.003083837,0.000506805,0.002039734,,novatel_oem7_msgs.msg.InertialSolutionStatus(status=3),
1786043692088325316,1786043692.086702317,/novatel/oem7/fix,/novatel/oem7/fix,/novatel/oem7/inspva,39.663,-75.756,-1.799954286,0.003125204,0.002039734,-0.003083837,0.000506805,0.002039734,,0,
1786043692089352470,1786043692.087200715,/novatel/oem7/odom,/novatel/oem7/fix,/novatel/oem7/odom,39.663,-75.756,-1.799954286,0.003129272,0.002033488,0.000351419,-0.003109477,0.002033488,,,
1786043692095749113,1786043692.095093747,/novatel/oem7/odom,/novatel/oem7/fix,/novatel/oem7/odom,39.663,-75.756,-1.799954286,0.003129272,0.002033488,0.000351419,-0.003109477,0.002033488,,,
1786043692106437859,1786043692.105941854,/novatel/oem7/inspva,/novatel/oem7/inspva,/novatel/oem7/inspva,39.663,-75.756,-1.799964979,0.002293402,0.001296366,-0.002291657,-0.000089460,0.001296366,,novatel_oem7_msgs.msg.InertialSolutionStatus(status=3),
1786043692107704485,1786043692.106097146,/novatel/oem7/fix,/novatel/oem7/fix,/novatel/oem7/inspva,39.663,-75.756,-1.799964979,0.002293402,0.001296366,-0.002291657,-0.000089460,0.001296366,,0,
1786043692109092568,1786043692.106628951,/novatel/oem7/odom,/novatel/oem7/fix,/novatel/oem7/odom,39.663,-75.756,-1.799964979,0.002297001,0.001289980,-0.000203476,-0.002287971,0.001289980,,,
1786043692110594713,1786043692.109543266,/novatel/oem7/bestpos,/novatel/oem7/bestpos,/novatel/oem7/odom,39.663,-75.756,33.182435445,0.002297001,0.001289980,-0.000203476,-0.002287971,0.001289980,,novatel_oem7_msgs.msg.SolutionStatus(status=0),novatel_oem7_msgs.msg.PositionOrVelocityType(type=53)
1786043692111984557,1786043692.110161456,/novatel/oem7/bestvel,/novatel/oem7/bestpos,/novatel/oem7/bestvel,39.663,-75.756,33.182435445,0.002110940,0.001112177,,,,178.276475595,novatel_oem7_msgs.msg.SolutionStatus(status=0),novatel_oem7_msgs.msg.PositionOrVelocityType(type=53)
1786043692116147382,1786043692.115515592,/novatel/oem7/odom,/novatel/oem7/bestpos,/novatel/oem7/odom,39.663,-75.756,33.182435445,0.002297001,0.001289980,-0.000203476,-0.002287971,0.001289980,,,
1786043692125931818,1786043692.125444264,/novatel/oem7/inspva,/novatel/oem7/inspva,/novatel/oem7/inspva,39.663,-75.756,-1.799971056,0.002444537,0.000058785,-0.002444249,0.000037520,0.000058785,,novatel_oem7_msgs.msg.InertialSolutionStatus(status=3),
1786043692127226755,1786043692.125598222,/novatel/oem7/fix,/novatel/oem7/fix,/novatel/oem7/inspva,39.663,-75.756,-1.799971056,0.002444537,0.000058785,-0.002444249,0.000037520,0.000058785,,0,
1786043692128241231,1786043692.126319129,/novatel/oem7/odom,/novatel/oem7/fix,/novatel/oem7/odom,39.663,-75.756,-1.799971056,0.002444679,0.000052539,-0.000079130,-0.002443398,0.000052539,,,
1786043692135610561,1786043692.134976585,/novatel/oem7/odom,/novatel/oem7/fix,/novatel/oem7/odom,39.663,-75.756,-1.799971056,0.002444679,0.000052539,-0.000079130,-0.002443398,0.000052539,,,
1786043692146878016,1786043692.146370278,/novatel/oem7/inspva,/novatel/oem7/inspva,/novatel/oem7/inspva,39.663,-75.756,-1.799961984,0.002463251,0.000493265,-0.002461727,-0.000086661,0.000493265,,novatel_oem7_msgs.msg.InertialSolutionStatus(status=3),
1786043692148169025,1786043692.146538282,/novatel/oem7/fix,/novatel/oem7/fix,/novatel/oem7/inspva,39.663,-75.756,-1.799961984,0.002463251,0.000493265,-0.002461727,-0.000086661,0.000493265,,0,
1786043692149178669,1786043692.147006964,/novatel/oem7/odom,/novatel/oem7/fix,/novatel/oem7/odom,39.663,-75.756,-1.799961984,0.002464600,0.000486480,-0.000205678,-0.002456003,0.000486480,,,
1786043692156694503,1786043692.156060687,/novatel/oem7/odom,/novatel/oem7/fix,/novatel/oem7/odom,39.663,-75.756,-1.799961984,0.002464600,0.000486480,-0.000205678,-0.002456003,0.000486480,,,
1786043692165775410,1786043692.165272628,/novatel/oem7/inspva,/novatel/oem7/inspva,/novatel/oem7/inspva,39.663,-75.756,-1.799947931,0.003653656,0.001583596,-0.003454066,0.001191062,0.001583596,,novatel_oem7_msgs.msg.InertialSolutionStatus(status=3),
1786043692167066786,1786043692.165413443,/novatel/oem7/fix,/novatel/oem7/fix,/novatel/oem7/inspva,39.663,-75.756,-1.799947931,0.003653656,0.001583596,-0.003454066,0.001191062,0.001583596,,0,
1786043692168066296,1786043692.166121053,/novatel/oem7/odom,/novatel/oem7/fix,/novatel/oem7/odom,39.663,-75.756,-1.799947931,0.003655664,0.001578956,0.001019111,-0.003510739,0.001578956,,,
1786043692176409848,1786043692.175764579,/novatel/oem7/odom,/novatel/oem7/fix,/novatel/oem7/odom,39.663,-75.756,-1.799947931,0.003655664,0.001578956,0.001019111,-0.003510739,0.001578956,,,
1786043692185678097,1786043692.185185662,/novatel/oem7/inspva,/novatel/oem7/inspva,/novatel/oem7/inspva,39.663,-75.756,-1.799947492,0.002173199,0.002009345,-0.002067157,0.000670563,0.002009345,,novatel_oem7_msgs.msg.InertialSolutionStatus(status=3),
1786043692186927316,1786043692.185330120,/novatel/oem7/fix,/novatel/oem7/fix,/novatel/oem7/inspva,39.663,-75.756,-1.799947492,0.002173199,0.002009345,-0.002067157,0.000670563,0.002009345,,0,
1786043692187931279,1786043692.185885902,/novatel/oem7/odom,/novatel/oem7/fix,/novatel/oem7/odom,39.663,-75.756,-1.799947492,0.002175939,0.002006378,0.000563575,-0.002101688,0.002006378,,,
1786043692195129917,1786043692.194529685,/novatel/oem7/odom,/novatel/oem7/fix,/novatel/oem7/odom,39.663,-75.756,-1.799947492,0.002175939,0.002006378,0.000563575,-0.002101688,0.002006378,,,
1786043692206802926,1786043692.206308161,/novatel/oem7/inspva,/novatel/oem7/inspva,/novatel/oem7/inspva,39.663,-75.756,-1.799964250,0.002292733,-0.000508760,-0.002275307,-0.000282143,-0.000508760,,novatel_oem7_msgs.msg.InertialSolutionStatus(status=3),
1786043692208058106,1786043692.206459963,/novatel/oem7/fix,/novatel/oem7/fix,/novatel/oem7/inspva,39.663,-75.756,-1.799964250,0.002292733,-0.000508760,-0.002275307,-0.000282143,-0.000508760,,0,
1786043692209039775,1786043692.207043325,/novatel/oem7/odom,/novatel/oem7/fix,/novatel/oem7/odom,39.663,-75.756,-1.799964250,0.002291161,-0.000515795,-0.000388253,-0.002258025,-0.000515795,,,
1786043692210781899,1786043692.210231077,/novatel/oem7/bestpos,/novatel/oem7/bestpos,/novatel/oem7/odom,39.663,-75.756,33.182450846,0.002291161,-0.000515795,-0.000388253,-0.002258025,-0.000515795,,novatel_oem7_msgs.msg.SolutionStatus(status=0),novatel_oem7_msgs.msg.PositionOrVelocityType(type=53)
1786043692212097972,1786043692.210729838,/novatel/oem7/bestvel,/novatel/oem7/bestpos,/novatel/oem7/bestvel,39.663,-75.756,33.182450846,0.002581952,-0.000027536,,,,207.914753893,novatel_oem7_msgs.msg.SolutionStatus(status=0),novatel_oem7_msgs.msg.PositionOrVelocityType(type=53)
1786043692215514806,1786043692.214917676,/novatel/oem7/odom,/novatel/oem7/bestpos,/novatel/oem7/odom,39.663,-75.756,33.182450846,0.002291161,-0.000515795,-0.000388253,-0.002258025,-0.000515795,,,
1786043692225542479,1786043692.225047507,/novatel/oem7/inspva,/novatel/oem7/inspva,/novatel/oem7/inspva,39.663,-75.756,-1.799957119,0.002234426,-0.000586431,-0.002231007,0.000123566,-0.000586431,,novatel_oem7_msgs.msg.InertialSolutionStatus(status=3),
1786043692226784131,1786043692.225188325,/novatel/oem7/fix,/novatel/oem7/fix,/novatel/oem7/inspva,39.663,-75.756,-1.799957119,0.002234426,-0.000586431,-0.002231007,0.000123566,-0.000586431,,0,
1786043692227787597,1786043692.225499635,/novatel/oem7/odom,/novatel/oem7/fix,/novatel/oem7/odom,39.663,-75.756,-1.799957119,0.002233011,-0.000591798,0.000019408,-0.002232927,-0.000591798,,,
1786043692236026973,1786043692.235417603,/novatel/oem7/odom,/novatel/oem7/fix,/novatel/oem7/odom,39.663,-75.756,-1.799957119,0.002233011,-0.000591798,0.000019408,-0.002232927,-0.000591798,,,
1786043692245860766,1786043692.245368491,/novatel/oem7/inspva,/novatel/oem7/inspva,/novatel/oem7/inspva,39.663,-75.756,-1.799931097,0.003113277,0.001946228,-0.003081711,0.000442215,0.001946228,,novatel_oem7_msgs.msg.InertialSolutionStatus(status=3),
1786043692247141749,1786043692.245534380,/novatel/oem7/fix,/novatel/oem7/fix,/novatel/oem7/inspva,39.663,-75.756,-1.799931097,0.003113277,0.001946228,-0.003081711,0.000442215,0.001946228,,0,
1786043692248161493,1786043692.246067578,/novatel/oem7/odom,/novatel/oem7/fix,/novatel/oem7/odom,39.663,-75.756,-1.799931097,0.003117295,0.001939786,0.000287381,-0.003104020,0.001939786,,,
1786043692257156348,1786043692.256523935,/novatel/oem7/odom,/novatel/oem7/fix,/novatel/oem7/odom,39.663,-75.756,-1.799931097,0.003117295,0.001939786,0.000287381,-0.003104020,0.001939786,,,
1786043692266628962,1786043692.266125324,/novatel/oem7/inspva,/novatel/oem7/inspva,/novatel/oem7/inspva,39.663,-75.756,-1.799933734,0.003034034,0.001889573,-0.002701940,0.001380174,0.001889573,,novatel_oem7_msgs.msg.InertialSolutionStatus(status=3),
1786043692267902618,1786043692.266268305,/novatel/oem7/fix,/novatel/oem7/fix,/novatel/oem7/inspva,39.663,-75.756,-1.799933734,0.003034034,0.001889573,-0.002701940,0.001380174,0.001889573,,0,
1786043692268895754,1786043692.266645219,/novatel/oem7/odom,/novatel/oem7/fix,/novatel/oem7/odom,39.663,-75.756,-1.799933734,0.003035270,0.001887588,0.001242598,-0.002769262,0.001887588,,,
1786043692275396112,1786043692.274776899,/novatel/oem7/odom,/novatel/oem7/fix,/novatel/oem7/odom,39.663,-75.756,-1.799933734,0.003035270,0.001887588,0.001242598,-0.002769262,0.001887588,,,
1786043692285812119,1786043692.285316231,/novatel/oem7/inspva,/novatel/oem7/inspva,/novatel/oem7/inspva,39.663,-75.756,-1.799942481,0.001616713,0.000444577,-0.001450331,-0.000714354,0.000444577,,novatel_oem7_msgs.msg.InertialSolutionStatus(status=3),
1786043692287114382,1786043692.285482832,/novatel/oem7/fix,/novatel/oem7/fix,/novatel/oem7/inspva,39.663,-75.756,-1.799942481,0.001616713,0.000444577,-0.001450331,-0.000714354,0.000444577,,0,
1786043692288121928,1786043692.286210346,/novatel/oem7/odom,/novatel/oem7/fix,/novatel/oem7/odom,39.663,-75.756,-1.799942481,0.001618484,0.000438087,-0.000784352,-0.001415726,0.000438087,,,
1786043692296302846,1786043692.295654109,/novatel/oem7/odom,/novatel/oem7/fix,/novatel/oem7/odom,39.663,-75.756,-1.799942481,0.001618484,0.000438087,-0.000784352,-0.001415726,0.000438087,,,
1786043692306989512,1786043692.306246434,/novatel/oem7/inspva,/novatel/oem7/inspva,/novatel/oem7/inspva,39.663,-75.756,-1.799938969,0.001870854,-0.000127485,-0.001715626,-0.000746138,-0.000127485,,novatel_oem7_msgs.msg.InertialSolutionStatus(status=3),
1786043692308343249,1786043692.306414866,/novatel/oem7/fix,/novatel/oem7/fix,/novatel/oem7/inspva,39.663,-75.756,-1.799938969,0.001870854,-0.000127485,-0.001715626,-0.000746138,-0.000127485,,0,
1786043692309362492,1786043692.306758189,/novatel/oem7/odom,/novatel/oem7/fix,/novatel/oem7/odom,39.663,-75.756,-1.799938969,0.001870348,-0.000134711,-0.000826513,-0.001677819,-0.000134711,,,
1786043692310959298,1786043692.309450143,/novatel/oem7/bestpos,/novatel/oem7/bestpos,/novatel/oem7/odom,39.663,-75.756,33.182497802,0.001870348,-0.000134711,-0.000826513,-0.001677819,-0.000134711,,novatel_oem7_msgs.msg.SolutionStatus(status=0),novatel_oem7_msgs.msg.PositionOrVelocityType(type=53)
1786043692311860127,1786043692.310113279,/novatel/oem7/bestvel,/novatel/oem7/bestpos,/novatel/oem7/bestvel,39.663,-75.756,33.182497802,0.003538743,0.001149306,,,,206.986679968,novatel_oem7_msgs.msg.SolutionStatus(status=0),novatel_oem7_msgs.msg.PositionOrVelocityType(type=53)
1786043692315169259,1786043692.314436062,/novatel/oem7/odom,/novatel/oem7/bestpos,/novatel/oem7/odom,39.663,-75.756,33.182497802,0.001870348,-0.000134711,-0.000826513,-0.001677819,-0.000134711,,,
1786043692327287763,1786043692.326564419,/novatel/oem7/inspva,/novatel/oem7/inspva,/novatel/oem7/inspva,39.663,-75.756,-1.799916258,0.003583550,0.001203348,-0.003566932,0.000344712,0.001203348,,novatel_oem7_msgs.msg.InertialSolutionStatus(status=3),
1786043692328692087,1786043692.326703941,/novatel/oem7/fix,/novatel/oem7/fix,/novatel/oem7/inspva,39.663,-75.756,-1.799916258,0.003583550,0.001203348,-0.003566932,0.000344712,0.001203348,,0,
1786043692329774941,1786043692.327177128,/novatel/oem7/odom,/novatel/oem7/fix,/novatel/oem7/odom,39.663,-75.756,-1.799916258,0.003586248,0.001195285,0.000169760,-0.003582228,0.001195285,,,
1786043692335650932,1786043692.334842087,/novatel/oem7/odom,/novatel/oem7/fix,/novatel/oem7/odom,39.663,-75.756,-1.799916258,0.003586248,0.001195285,0.000169760,-0.003582228,0.001195285,,,
1786043692345828436,1786043692.345065339,/novatel/oem7/inspva,/novatel/oem7/inspva,/novatel/oem7/inspva,39.663,-75.756,-1.799909770,0.003495338,0.001374019,-0.003459414,0.000499847,0.001374019,,novatel_oem7_msgs.msg.InertialSolutionStatus(status=3),
1786043692347156286,1786043692.345214290,/novatel/oem7/fix,/novatel/oem7/fix,/novatel/oem7/inspva,39.663,-75.756,-1.799909770,0.003495338,0.001374019,-0.003459414,0.000499847,0.001374019,,0,
1786043692348257210,1786043692.345568086,/novatel/oem7/odom,/novatel/oem7/fix,/novatel/oem7/odom,39.663,-75.756,-1.799909770,0.003498160,0.001366820,0.000329152,-0.003482640,0.001366820,,,
1786043692356737498,1786043692.355956453,/novatel/oem7/odom,/novatel/oem7/fix,/novatel/oem7/odom,39.663,-75.756,-1.799909770,0.003498160,0.001366820,0.000329152,-0.003482640,0.001366820,,,
1786043692365991726,1786043692.365313333,/novatel/oem7/inspva,/novatel/oem7/inspva,/novatel/oem7/inspva,39.663,-75.756,-1.799907452,0.001373433,0.001388258,-0.001213786,-0.000642683,0.001388258,,novatel_oem7_msgs.msg.InertialSolutionStatus(status=3),
1786043692367210882,1786043692.365490371,/novatel/oem7/fix,/novatel/oem7/fix,/novatel/oem7/inspva,39.663,-75.756,-1.799907452,0.001373433,0.001388258,-0.001213786,-0.000642683,0.001388258,,0,
1786043692367728683,1786043692.366245832,/novatel/oem7/odom,/novatel/oem7/fix,/novatel/oem7/odom,39.663,-75.756,-1.799907452,0.001379083,0.001382645,-0.000705148,-0.001185173,0.001382645,,,
1786043692375593328,1786043692.374837027,/novatel/oem7/odom,/novatel/oem7/fix,/novatel/oem7/odom,39.663,-75.756,-1.799907452,0.001379083,0.001382645,-0.000705148,-0.001185173,0.001382645,,,
1786043692386857606,1786043692.386163186,/novatel/oem7/inspva,/novatel/oem7/inspva,/novatel/oem7/inspva,39.663,-75.756,-1.799907581,0.001978916,0.001075237,-0.001639596,-0.001108077,0.001075237,,novatel_oem7_msgs.msg.InertialSolutionStatus(status=3),
1786043692388297624,1786043692.386303254,/novatel/oem7/fix,/novatel/oem7/fix,/novatel/oem7/inspva,39.663,-75.756,-1.799907581,0.001978916,0.001075237,-0.001639596,-0.001108077,0.001075237,,0,
1786043692389333917,1786043692.386729975,/novatel/oem7/odom,/novatel/oem7/fix,/novatel/oem7/odom,39.663,-75.756,-1.799907581,0.001983485,0.001066786,-0.001189082,-0.001587544,0.001066786,,,
1786043692395522358,1786043692.394748548,/novatel/oem7/odom,/novatel/oem7/fix,/novatel/oem7/odom,39.663,-75.756,-1.799907581,0.001983485,0.001066786,-0.001189082,-0.001587544,0.001066786,,,
1786043692407289342,1786043692.406588645,/novatel/oem7/inspva,/novatel/oem7/inspva,/novatel/oem7/inspva,39.663,-75.756,-1.799908022,0.003140376,-0.000451303,-0.003077615,-0.000624695,-0.000451303,,novatel_oem7_msgs.msg.InertialSolutionStatus(status=3),
1786043692408735923,1786043692.406736396,/novatel/oem7/fix,/novatel/oem7/fix,/novatel/oem7/inspva,39.663,-75.756,-1.799908022,0.003140376,-0.000451303,-0.003077615,-0.000624695,-0.000451303,,0,
1786043692409828674,1786043692.407219527,/novatel/oem7/odom,/novatel/oem7/fix,/novatel/oem7/odom,39.663,-75.756,-1.799908022,0.003138879,-0.000461597,-0.000768906,-0.003043246,-0.000461597,,,
1786043692411453326,1786043692.410108557,/novatel/oem7/bestpos,/novatel/oem7/bestpos,/novatel/oem7/odom,39.663,-75.756,33.182536131,0.003138879,-0.000461597,-0.000768906,-0.003043246,-0.000461597,,novatel_oem7_msgs.msg.SolutionStatus(status=0),novatel_oem7_msgs.msg.PositionOrVelocityType(type=53)
1786043692412412626,1786043692.410496307,/novatel/oem7/bestvel,/novatel/oem7/bestpos,/novatel/oem7/bestvel,39.663,-75.756,33.182536131,0.004413271,0.000743198,,,,206.240458150,novatel_oem7_msgs.msg.SolutionStatus(status=0),novatel_oem7_msgs.msg.PositionOrVelocityType(type=53)
1786043692416161973,1786043692.415461472,/novatel/oem7/odom,/novatel/oem7/bestpos,/novatel/oem7/odom,39.663,-75.756,33.182536131,0.003138879,-0.000461597,-0.000768906,-0.003043246,-0.000461597,,,
1786043692426151662,1786043692.425452319,/novatel/oem7/inspva,/novatel/oem7/inspva,/novatel/oem7/inspva,39.663,-75.756,-1.799892002,0.003173873,0.000716899,-0.003170823,-0.000139102,0.000716899,,novatel_oem7_msgs.msg.InertialSolutionStatus(status=3),
1786043692427593630,1786043692.425596380,/novatel/oem7/fix,/novatel/oem7/fix,/novatel/oem7/inspva,39.663,-75.756,-1.799892002,0.003173873,0.000716899,-0.003170823,-0.000139102,0.000716899,,0,
1786043692428660117,1786043692.425986940,/novatel/oem7/odom,/novatel/oem7/fix,/novatel/oem7/odom,39.663,-75.756,-1.799892002,0.003175842,0.000708126,-0.000292763,-0.003162319,0.000708126,,,
1786043692435330023,1786043692.434559735,/novatel/oem7/odom,/novatel/oem7/fix,/novatel/oem7/odom,39.663,-75.756,-1.799892002,0.003175842,0.000708126,-0.000292763,-0.003162319,0.000708126,,,
1786043692447683072,1786043692.446911964,/novatel/oem7/inspva,/novatel/oem7/inspva,/novatel/oem7/inspva,39.663,-75.756,-1.799877430,0.002228068,0.002134429,-0.002224710,-0.000122270,0.002134429,,novatel_oem7_msgs.msg.InertialSolutionStatus(status=3),
1786043692449074113,1786043692.447140206,/novatel/oem7/fix,/novatel/oem7/fix,/novatel/oem7/inspva,39.663,-75.756,-1.799877430,0.002228068,0.002134429,-0.002224710,-0.000122270,0.002134429,,0,
1786043692450142539,1786043692.447388098,/novatel/oem7/odom,/novatel/oem7/fix,/novatel/oem7/odom,39.663,-75.756,-1.799877430,0.002234058,0.002128158,-0.000236396,-0.002221515,0.002128158,,,
1786043692456889356,1786043692.456107739,/novatel/oem7/odom,/novatel/oem7/fix,/novatel/oem7/odom,39.663,-75.756,-1.799877430,0.002234058,0.002128158,-0.000236396,-0.002221515,0.002128158,,,
1786043692465700223,1786043692.465003217,/novatel/oem7/inspva,/novatel/oem7/inspva,/novatel/oem7/inspva,39.663,-75.756,-1.799874880,0.001831573,0.001979686,-0.001814966,-0.000246083,0.001979686,,novatel_oem7_msgs.msg.InertialSolutionStatus(status=3),
1786043692467097724,1786043692.465189065,/novatel/oem7/fix,/novatel/oem7/fix,/novatel/oem7/inspva,39.663,-75.756,-1.799874880,0.001831573,0.001979686,-0.001814966,-0.000246083,0.001979686,,0,
1786043692468148021,1786043692.465664763,/novatel/oem7/odom,/novatel/oem7/fix,/novatel/oem7/odom,39.663,-75.756,-1.799874880,0.001837706,0.001973995,-0.000339893,-0.001806000,0.001973995,,,
1786043692476274198,1786043692.475530288,/novatel/oem7/odom,/novatel/oem7/fix,/novatel/oem7/odom,39.663,-75.756,-1.799874880,0.001837706,0.001973995,-0.000339893,-0.001806000,0.001973995,,,
1786043692486558060,1786043692.485857317,/novatel/oem7/inspva,/novatel/oem7/inspva,/novatel/oem7/inspva,39.663,-75.756,-1.799875338,0.002123166,-0.000080863,-0.001817112,-0.001098151,-0.000080863,,novatel_oem7_msgs.msg.InertialSolutionStatus(status=3),
1786043692487986324,1786043692.486048595,/novatel/oem7/fix,/novatel/oem7/fix,/novatel/oem7/inspva,39.663,-75.756,-1.799875338,0.002123166,-0.000080863,-0.001817112,-0.001098151,-0.000080863,,0,
1786043692489030574,1786043692.486515392,/novatel/oem7/odom,/novatel/oem7/fix,/novatel/oem7/odom,39.663,-75.756,-1.799875338,0.002122812,-0.000089661,-0.001183170,-0.001762510,-0.000089661,,,
1786043692495613377,1786043692.494842619,/novatel/oem7/odom,/novatel/oem7/fix,/novatel/oem7/odom,39.663,-75.756,-1.799875338,0.002122812,-0.000089661,-0.001183170,-0.001762510,-0.000089661,,,
1786043692506988936,1786043692.506275945,/novatel/oem7/inspva,/novatel/oem7/inspva,/novatel/oem7/inspva,39.663,-75.756,-1.799855375,0.002596329,0.000032684,-0.002217960,-0.001349657,0.000032684,,novatel_oem7_msgs.msg.InertialSolutionStatus(status=3),
1786043692508460097,1786043692.506452761,/novatel/oem7/fix,/novatel/oem7/fix,/novatel/oem7/inspva,39.663,-75.756,-1.799855375,0.002596329,0.000032684,-0.002217960,-0.001349657,0.000032684,,0,
1786043692509505224,1786043692.506934949,/novatel/oem7/odom,/novatel/oem7/fix,/novatel/oem7/odom,39.663,-75.756,-1.799855375,0.002596442,0.000021918,-0.001453929,-0.002151186,0.000021918,,,
1786043692511902108,1786043692.511210298,/novatel/oem7/bestpos,/novatel/oem7/bestpos,/novatel/oem7/odom,39.663,-75.756,33.182589339,0.002596442,0.000021918,-0.001453929,-0.002151186,0.000021918,,novatel_oem7_msgs.msg.SolutionStatus(status=0),novatel_oem7_msgs.msg.PositionOrVelocityType(type=53)
1786043692513361545,1786043692.511763863,/novatel/oem7/bestvel,/novatel/oem7/bestpos,/novatel/oem7/bestvel,39.663,-75.756,33.182589339,0.003968818,0.001129362,,,,222.791671244,novatel_oem7_msgs.msg.SolutionStatus(status=0),novatel_oem7_msgs.msg.PositionOrVelocityType(type=53)
1786043692515391236,1786043692.514511929,/novatel/oem7/odom,/novatel/oem7/bestpos,/novatel/oem7/odom,39.663,-75.756,33.182589339,0.002596442,0.000021918,-0.001453929,-0.002151186,0.000021918,,,
1786043692525867506,1786043692.525131486,/novatel/oem7/inspva,/novatel/oem7/inspva,/novatel/oem7/inspva,39.663,-75.756,-1.799817312,0.002620486,0.003180927,-0.002619367,0.000076576,0.003180927,,novatel_oem7_msgs.msg.InertialSolutionStatus(status=3),
1786043692527694281,1786043692.525273637,/novatel/oem7/fix,/novatel/oem7/fix,/novatel/oem7/inspva,39.663,-75.756,-1.799817312,0.002620486,0.003180927,-0.002619367,0.000076576,0.003180927,,0,
1786043692528860516,1786043692.525780610,/novatel/oem7/odom,/novatel/oem7/fix,/novatel/oem7/odom,39.663,-75.756,-1.799817312,0.002628503,0.003174305,-0.000060595,-0.002627805,0.003174305,,,
1786043692536335023,1786043692.535558055,/novatel/oem7/odom,/novatel/oem7/fix,/novatel/oem7/odom,39.663,-75.756,-1.799817312,0.002628503,0.003174305,-0.000060595,-0.002627805,0.003174305,,,
1786043692545924492,1786043692.545228861,/novatel/oem7/inspva,/novatel/oem7/inspva,/novatel/oem7/inspva,39.663,-75.756,-1.799807430,0.002098405,0.003152701,-0.002097073,-0.000074755,0.003152701,,novatel_oem7_msgs.msg.InertialSolutionStatus(status=3),
1786043692547261068,1786043692.545377229,/novatel/oem7/fix,/novatel/oem7/fix,/novatel/oem7/inspva,39.663,-75.756,-1.799807430,0.002098405,0.003152701,-0.002097073,-0.000074755,0.003152701,,0,
1786043692548327509,1786043692.545693526,/novatel/oem7/odom,/novatel/oem7/fix,/novatel/oem7/odom,39.663,-75.756,-1.799807430,0.002107134,0.003146873,-0.000186847,-0.002098833,0.003146873,,,
1786043692556459356,1786043692.555801106,/novatel/oem7/odom,/novatel/oem7/fix,/novatel/oem7/odom,39.663,-75.756,-1.799807430,0.002107134,0.003146873,-0.000186847,-0.002098833,0.003146873,,,
1786043692567188770,1786043692.566734841,/novatel/oem7/inspva,/novatel/oem7/inspva,/novatel/oem7/inspva,39.663,-75.756,-1.799808821,0.001942305,0.000125028,-0.001259298,-0.001478755,0.000125028,,novatel_oem7_msgs.msg.InertialSolutionStatus(status=3),
1786043692568054644,1786043692.566885382,/novatel/oem7/fix,/novatel/oem7/fix,/novatel/oem7/inspva,39.663,-75.756,-1.799808821,0.001942305,0.000125028,-0.001259298,-0.001478755,0.000125028,,0,
1786043692569108001,1786043692.567281576,/novatel/oem7/odom,/novatel/oem7/fix,/novatel/oem7/odom,39.663,-75.756,-1.799808821,0.001942851,0.000116230,-0.001537576,-0.001187658,0.000116230,,,
1786043692575782194,1786043692.575129104,/novatel/oem7/odom,/novatel/oem7/fix,/novatel/oem7/odom,39.663,-75.756,-1.799808821,0.001942851,0.000116230,-0.001537576,-0.001187658,0.000116230,,,
1786043692585725119,1786043692.585216927,/novatel/oem7/inspva,/novatel/oem7/inspva,/novatel/oem7/inspva,39.663,-75.756,-1.799788828,0.002229164,-0.000039210,-0.001782591,-0.001338486,-0.000039210,,novatel_oem7_msgs.msg.InertialSolutionStatus(status=3),
1786043692587040909,1786043692.585361019,/novatel/oem7/fix,/novatel/oem7/fix,/novatel/oem7/inspva,39.663,-75.756,-1.799788828,0.002229164,-0.000039210,-0.001782591,-0.001338486,-0.000039210,,0,
1786043692588101253,1786043692.585707107,/novatel/oem7/odom,/novatel/oem7/fix,/novatel/oem7/odom,39.663,-75.756,-1.799788828,0.002228974,-0.000048836,-0.001421782,-0.001716643,-0.000048836,,,
1786043692596253696,1786043692.595604807,/novatel/oem7/odom,/novatel/oem7/fix,/novatel/oem7/odom,39.663,-75.756,-1.799788828,0.002228974,-0.000048836,-0.001421782,-0.001716643,-0.000048836,,,
1786043692607234835,1786043692.606734320,/novatel/oem7/inspva,/novatel/oem7/inspva,/novatel/oem7/inspva,39.663,-75.756,-1.799755972,0.002817025,0.002147880,-0.002785861,-0.000417864,0.002147880,,novatel_oem7_msgs.msg.InertialSolutionStatus(status=3),
1786043692608692376,1786043692.606882929,/novatel/oem7/fix,/novatel/oem7/fix,/novatel/oem7/inspva,39.663,-75.756,-1.799755972,0.002817025,0.002147880,-0.002785861,-0.000417864,0.002147880,,0,
1786043692609771954,1786043692.607408581,/novatel/oem7/odom,/novatel/oem7/fix,/novatel/oem7/odom,39.663,-75.756,-1.799755972,0.002823786,0.002138985,-0.000558453,-0.002768013,0.002138985,,,
1786043692611259959,1786043692.610581988,/novatel/oem7/bestpos,/novatel/oem7/bestpos,/novatel/oem7/odom,39.663,-75.756,33.182666893,0.002823786,0.002138985,-0.000558453,-0.002768013,0.002138985,,novatel_oem7_msgs.msg.SolutionStatus(status=0),novatel_oem7_msgs.msg.PositionOrVelocityType(type=53)
1786043692612694453,1786043692.611155931,/novatel/oem7/bestvel,/novatel/oem7/bestpos,/novatel/oem7/bestvel,39.663,-75.756,33.182666893,0.002462500,0.002031640,,,,195.456495273,novatel_oem7_msgs.msg.SolutionStatus(status=0),novatel_oem7_msgs.msg.PositionOrVelocityType(type=53)
1786043692614967188,1786043692.614633856,/novatel/oem7/odom,/novatel/oem7/bestpos,/novatel/oem7/odom,39.663,-75.756,33.182666893,0.002823786,0.002138985,-0.000558453,-0.002768013,0.002138985,,,
1786043692626829043,1786043692.626397429,/novatel/oem7/inspva,/novatel/oem7/inspva,/novatel/oem7/inspva,39.663,-75.756,-1.799743153,0.002651169,0.002829539,-0.002650395,-0.000064070,0.002829539,,novatel_oem7_msgs.msg.InertialSolutionStatus(status=3),
1786043692627497465,1786043692.626595031,/novatel/oem7/fix,/novatel/oem7/fix,/novatel/oem7/inspva,39.663,-75.756,-1.799743153,0.002651169,0.002829539,-0.002650395,-0.000064070,0.002829539,,0,
1786043692628025635,1786043692.627079802,/novatel/oem7/odom,/novatel/oem7/fix,/novatel/oem7/odom,39.663,-75.756,-1.799743153,0.002658899,0.002822276,-0.000201275,-0.002651270,0.002822276,,,
1786043692635656334,1786043692.634941093,/novatel/oem7/odom,/novatel/oem7/fix,/novatel/oem7/odom,39.663,-75.756,-1.799743153,0.002658899,0.002822276,-0.000201275,-0.002651270,0.002822276,,,
1786043692645882972,1786043692.645352160,/novatel/oem7/inspva,/novatel/oem7/inspva,/novatel/oem7/inspva,39.663,-75.756,-1.799745766,0.002089909,0.000415113,-0.000791583,-0.001934196,0.000415113,,novatel_oem7_msgs.msg.InertialSolutionStatus(status=3),
1786043692647238162,1786043692.645581472,/novatel/oem7/fix,/novatel/oem7/fix,/novatel/oem7/inspva,39.663,-75.756,-1.799745766,0.002089909,0.000415113,-0.000791583,-0.001934196,0.000415113,,0,
1786043692648317429,1786043692.646182728,/novatel/oem7/odom,/novatel/oem7/fix,/novatel/oem7/odom,39.663,-75.756,-1.799745766,0.002091741,0.000405778,-0.001971338,-0.000699434,0.000405778,,,
1786043692657283058,1786043692.656633824,/novatel/oem7/odom,/novatel/oem7/fix,/novatel/oem7/odom,39.663,-75.756,-1.799745766,0.002091741,0.000405778,-0.001971338,-0.000699434,0.000405778,,,
1786043692665634600,1786043692.665091472,/novatel/oem7/inspva,/novatel/oem7/inspva,/novatel/oem7/inspva,39.663,-75.756,-1.799734008,0.002081589,0.000001767,-0.000807073,-0.001918761,0.000001767,,novatel_oem7_msgs.msg.InertialSolutionStatus(status=3),
1786043692666508842,1786043692.665279740,/novatel/oem7/fix,/novatel/oem7/fix,/novatel/oem7/inspva,39.663,-75.756,-1.799734008,0.002081589,0.000001767,-0.000807073,-0.001918761,0.000001767,,0,
1786043692667787419,1786043692.665701468,/novatel/oem7/odom,/novatel/oem7/fix,/novatel/oem7/odom,39.663,-75.756,-1.799734008,0.002081576,-0.000007458,-0.001955055,-0.000714648,-0.000007458,,,
1786043692675153662,1786043692.674547344,/novatel/oem7/odom,/novatel/oem7/fix,/novatel/oem7/odom,39.663,-75.756,-1.799734008,0.002081576,-0.000007458,-0.001955055,-0.000714648,-0.000007458,,,
1786043692686964329,1786043692.686480464,/novatel/oem7/inspva,/novatel/oem7/inspva,/novatel/oem7/inspva,39.663,-75.756,-1.799711452,0.003039055,0.001313232,-0.002994800,0.000516747,0.001313232,,novatel_oem7_msgs.msg.InertialSolutionStatus(status=3),
1786043692688255931,1786043692.686661306,/novatel/oem7/fix,/novatel/oem7/fix,/novatel/oem7/inspva,39.663,-75.756,-1.799711452,0.003039055,0.001313232,-0.002994800,0.000516747,0.001313232,,0,
1786043692689284108,1786043692.687030012,/novatel/oem7/odom,/novatel/oem7/fix,/novatel/oem7/odom,39.663,-75.756,-1.799711452,0.003041599,0.001307328,0.000368319,-0.003019216,0.001307328,,,
1786043692695607857,1786043692.694941018,/novatel/oem7/odom,/novatel/oem7/fix,/novatel/oem7/odom,39.663,-75.756,-1.799711452,0.003041599,0.001307328,0.000368319,-0.003019216,0.001307328,,,
1786043692706499558,1786043692.705993333,/novatel/oem7/inspva,/novatel/oem7/inspva,/novatel/oem7/inspva,39.663,-75.756,-1.799693341,0.002626128,0.002018512,-0.002550378,-0.000626195,0.002018512,,novatel_oem7_msgs.msg.InertialSolutionStatus(status=3),
1786043692707815275,1786043692.706137352,/novatel/oem7/fix,/novatel/oem7/fix,/novatel/oem7/inspva,39.663,-75.756,-1.799693341,0.002626128,0.002018512,-0.002550378,-0.000626195,0.002018512,,0,
1786043692708845222,1786043692.706518105,/novatel/oem7/odom,/novatel/oem7/fix,/novatel/oem7/odom,39.663,-75.756,-1.799693341,0.002633008,0.002009530,-0.000754906,-0.002522468,0.002009530,,,
1786043692710638933,1786043692.709890789,/novatel/oem7/bestpos,/novatel/oem7/bestpos,/novatel/oem7/odom,39.663,-75.756,33.182743597,0.002633008,0.002009530,-0.000754906,-0.002522468,0.002009530,,novatel_oem7_msgs.msg.SolutionStatus(status=0),novatel_oem7_msgs.msg.PositionOrVelocityType(type=53)
1786043692712001313,1786043692.710448284,/novatel/oem7/bestvel,/novatel/oem7/bestpos,/novatel/oem7/bestvel,39.663,-75.756,33.182743597,0.002833336,0.002249425,,,,199.248960155,novatel_oem7_msgs.msg.SolutionStatus(status=0),novatel_oem7_msgs.msg.PositionOrVelocityType(type=53)
1786043692716119074,1786043692.715498584,/novatel/oem7/odom,/novatel/oem7/bestpos,/novatel/oem7/odom,39.663,-75.756,33.182743597,0.002633008,0.002009530,-0.000754906,-0.002522468,0.002009530,,,
1786043692726847320,1786043692.726364432,/novatel/oem7/inspva,/novatel/oem7/inspva,/novatel/oem7/inspva,39.663,-75.756,-1.799684687,0.002127184,0.001270424,-0.000170238,-0.002120361,0.001270424,,novatel_oem7_msgs.msg.InertialSolutionStatus(status=3),
1786043692728163253,1786043692.726526480,/novatel/oem7/fix,/novatel/oem7/fix,/novatel/oem7/inspva,39.663,-75.756,-1.799684687,0.002127184,0.001270424,-0.000170238,-0.002120361,0.001270424,,0,
1786043692729197833,1786043692.726874989,/novatel/oem7/odom,/novatel/oem7/fix,/novatel/oem7/odom,39.663,-75.756,-1.799684687,0.002132181,0.001262019,-0.002130967,-0.000071947,0.001262019,,,
1786043692735475822,1786043692.735113882,/novatel/oem7/odom,/novatel/oem7/fix,/novatel/oem7/odom,39.663,-75.756,-1.799684687,0.002132181,0.001262019,-0.002130967,-0.000071947,0.001262019,,,
1786043692746509888,1786043692.745973123,/novatel/oem7/inspva,/novatel/oem7/inspva,/novatel/oem7/inspva,39.663,-75.756,-1.799675112,0.002130351,0.000425546,-0.000414415,-0.002089654,0.000425546,,novatel_oem7_msgs.msg.InertialSolutionStatus(status=3),
1786043692747125703,1786043692.746154665,/novatel/oem7/fix,/novatel/oem7/fix,/novatel/oem7/inspva,39.663,-75.756,-1.799675112,0.002130351,0.000425546,-0.000414415,-0.002089654,0.000425546,,0,
1786043692747607234,1786043692.746472671,/novatel/oem7/odom,/novatel/oem7/fix,/novatel/oem7/odom,39.663,-75.756,-1.799675112,0.002132113,0.000416629,-0.002108675,-0.000315268,0.000416629,,,
1786043692756621732,1786043692.755933873,/novatel/oem7/odom,/novatel/oem7/fix,/novatel/oem7/odom,39.663,-75.756,-1.799675112,0.002132113,0.000416629,-0.002108675,-0.000315268,0.000416629,,,
1786043692765848443,1786043692.765353905,/novatel/oem7/inspva,/novatel/oem7/inspva,/novatel/oem7/inspva,39.663,-75.756,-1.799653602,0.002046498,0.001159256,-0.001908574,-0.000738580,0.001159256,,novatel_oem7_msgs.msg.InertialSolutionStatus(status=3),
1786043692767144359,1786043692.765548523,/novatel/oem7/fix,/novatel/oem7/fix,/novatel/oem7/inspva,39.663,-75.756,-1.799653602,0.002046498,0.001159256,-0.001908574,-0.000738580,0.001159256,,0,
1786043692768181943,1786043692.766047565,/novatel/oem7/odom,/novatel/oem7/fix,/novatel/oem7/odom,39.663,-75.756,-1.799653602,0.002050857,0.001151527,-0.000833255,-0.001873953,0.001151527,,,
1786043692775468575,1786043692.774851369,/novatel/oem7/odom,/novatel/oem7/fix,/novatel/oem7/odom,39.663,-75.756,-1.799653602,0.002050857,0.001151527,-0.000833255,-0.001873953,0.001151527,,,
1786043692785706013,1786043692.785205762,/novatel/oem7/inspva,/novatel/oem7/inspva,/novatel/oem7/inspva,39.663,-75.756,-1.799638242,0.002276718,0.001409835,-0.002257738,-0.000293372,0.001409835,,novatel_oem7_msgs.msg.InertialSolutionStatus(status=3),
1786043692787035823,1786043692.785373076,/novatel/oem7/fix,/novatel/oem7/fix,/novatel/oem7/inspva,39.663,-75.756,-1.799638242,0.002276718,0.001409835,-0.002257738,-0.000293372,0.001409835,,0,
1786043692787700070,1786043692.785727320,/novatel/oem7/odom,/novatel/oem7/fix,/novatel/oem7/odom,39.663,-75.756,-1.799638242,0.002281018,0.001402867,-0.000406168,-0.002244565,0.001402867,,,
1786043692795012975,1786043692.794339310,/novatel/oem7/odom,/novatel/oem7/fix,/novatel/oem7/odom,39.663,-75.756,-1.799638242,0.002281018,0.001402867,-0.000406168,-0.002244565,0.001402867,,,
1786043692807694781,1786043692.807136095,/novatel/oem7/inspva,/novatel/oem7/inspva,/novatel/oem7/inspva,39.663,-75.756,-1.799617882,0.001653719,0.002018034,-0.000442187,-0.001593504,0.002018034,,novatel_oem7_msgs.msg.InertialSolutionStatus(status=3),
1786043692809022591,1786043692.807327534,/novatel/oem7/fix,/novatel/oem7/fix,/novatel/oem7/inspva,39.663,-75.756,-1.799617882,0.001653719,0.002018034,-0.000442187,-0.001593504,0.002018034,,0,
1786043692810076098,1786043692.807638427,/novatel/oem7/odom,/novatel/oem7/fix,/novatel/oem7/odom,39.663,-75.756,-1.799617882,0.001662424,0.002010869,-0.001620616,-0.000370480,0.002010869,,,
1786043692811533062,1786043692.810244700,/novatel/oem7/bestpos,/novatel/oem7/bestpos,/novatel/oem7/odom,39.663,-75.756,33.182815759,0.001662424,0.002010869,-0.001620616,-0.000370480,0.002010869,,novatel_oem7_msgs.msg.SolutionStatus(status=0),novatel_oem7_msgs.msg.PositionOrVelocityType(type=53)
1786043692812476502,1786043692.810750825,/novatel/oem7/bestvel,/novatel/oem7/bestpos,/novatel/oem7/bestvel,39.663,-75.756,33.182815759,0.000992771,0.001709365,,,,224.684715654,novatel_oem7_msgs.msg.SolutionStatus(status=0),novatel_oem7_msgs.msg.PositionOrVelocityType(type=53)
1786043692816332810,1786043692.815583799,/novatel/oem7/odom,/novatel/oem7/bestpos,/novatel/oem7/odom,39.663,-75.756,33.182815759,0.001662424,0.002010869,-0.001620616,-0.000370480,0.002010869,,,
1786043692825572408,1786043692.824930838,/novatel/oem7/inspva,/novatel/oem7/inspva,/novatel/oem7/inspva,39.663,-75.756,-1.799612143,0.001535714,0.001184020,-0.000600834,-0.001413300,0.001184020,,novatel_oem7_msgs.msg.InertialSolutionStatus(status=3),
1786043692826936901,1786043692.825108503,/novatel/oem7/fix,/novatel/oem7/fix,/novatel/oem7/inspva,39.663,-75.756,-1.799612143,0.001535714,0.001184020,-0.000600834,-0.001413300,0.001184020,,0,
1786043692827961278,1786043692.825470360,/novatel/oem7/odom,/novatel/oem7/fix,/novatel/oem7/odom,39.663,-75.756,-1.799612143,0.001540956,0.001177190,-0.001444903,-0.000535538,0.001177190,,,
1786043692835153789,1786043692.834429102,/novatel/oem7/odom,/novatel/oem7/fix,/novatel/oem7/odom,39.663,-75.756,-1.799612143,0.001540956,0.001177190,-0.001444903,-0.000535538,0.001177190,,,
1786043692847185439,1786043692.846535209,/novatel/oem7/inspva,/novatel/oem7/inspva,/novatel/oem7/inspva,39.663,-75.756,-1.799597903,0.001628899,0.000406093,-0.001323673,-0.000949317,0.000406093,,novatel_oem7_msgs.msg.InertialSolutionStatus(status=3),
1786043692848571515,1786043692.846698904,/novatel/oem7/fix,/novatel/oem7/fix,/novatel/oem7/inspva,39.663,-75.756,-1.799597903,0.001628899,0.000406093,-0.001323673,-0.000949317,0.000406093,,0,
1786043692849607760,1786043692.847110595,/novatel/oem7/odom,/novatel/oem7/fix,/novatel/oem7/odom,39.663,-75.756,-1.799597903,0.001630615,0.000399147,-0.001012944,-0.001277830,0.000399147,,,
1786043692857219501,1786043692.856400470,/novatel/oem7/odom,/novatel/oem7/fix,/novatel/oem7/odom,39.663,-75.756,-1.799597903,0.001630615,0.000399147,-0.001012944,-0.001277830,0.000399147,,,
1786043692865865754,1786043692.865116236,/novatel/oem7/inspva,/novatel/oem7/inspva,/novatel/oem7/inspva,39.663,-75.756,-1.799573109,0.002038441,0.001180795,-0.001540587,-0.001334853,0.001180795,,novatel_oem7_msgs.msg.InertialSolutionStatus(status=3),
1786043692867189570,1786043692.865287925,/novatel/oem7/fix,/novatel/oem7/fix,/novatel/oem7/inspva,39.663,-75.756,-1.799573109,0.002038441,0.001180795,-0.001540587,-0.001334853,0.001180795,,0,
1786043692868297941,1786043692.865553559,/novatel/oem7/odom,/novatel/oem7/fix,/novatel/oem7/odom,39.663,-75.756,-1.799573109,0.002043604,0.001171837,-0.001411376,-0.001477949,0.001171837,,,
1786043692875722328,1786043692.874948107,/novatel/oem7/odom,/novatel/oem7/fix,/novatel/oem7/odom,39.663,-75.756,-1.799573109,0.002043604,0.001171837,-0.001411376,-0.001477949,0.001171837,,,
1786043692886066537,1786043692.885407914,/novatel/oem7/inspva,/novatel/oem7/inspva,/novatel/oem7/inspva,39.663,-75.756,-1.799543847,0.000787365,0.002441751,-0.000663351,-0.000424156,0.002441751,,novatel_oem7_msgs.msg.InertialSolutionStatus(status=3),
1786043692887522131,1786043692.885585206,/novatel/oem7/fix,/novatel/oem7/fix,/novatel/oem7/inspva,39.663,-75.756,-1.799543847,0.000787365,0.002441751,-0.000663351,-0.000424156,0.002441751,,0,
1786043692888096046,1786043692.886101155,/novatel/oem7/odom,/novatel/oem7/fix,/novatel/oem7/odom,39.663,-75.756,-1.799543847,0.000797643,0.002438412,-0.000464789,-0.000648232,0.002438412,,,
1786043692895935958,1786043692.895198567,/novatel/oem7/odom,/novatel/oem7/fix,/novatel/oem7/odom,39.663,-75.756,-1.799543847,0.000797643,0.002438412,-0.000464789,-0.000648232,0.002438412,,,
1786043692906752029,1786043692.906082229,/novatel/oem7/inspva,/novatel/oem7/inspva,/novatel/oem7/inspva,39.663,-75.756,-1.799531443,0.001554208,0.002411870,-0.000473883,-0.001480201,0.002411870,,novatel_oem7_msgs.msg.InertialSolutionStatus(status=3),
1786043692908115645,1786043692.906252787,/novatel/oem7/fix,/novatel/oem7/fix,/novatel/oem7/inspva,39.663,-75.756,-1.799531443,0.001554208,0.002411870,-0.000473883,-0.001480201,0.002411870,,0,
1786043692909156242,1786043692.906743522,/novatel/oem7/odom,/novatel/oem7/fix,/novatel/oem7/odom,39.663,-75.756,-1.799531443,0.001564744,0.002405048,-0.001510483,-0.000408491,0.002405048,,,
1786043692910785472,1786043692.909351171,/novatel/oem7/bestpos,/novatel/oem7/bestpos,/novatel/oem7/odom,39.663,-75.756,33.182902306,0.001564744,0.002405048,-0.001510483,-0.000408491,0.002405048,,novatel_oem7_msgs.msg.SolutionStatus(status=0),novatel_oem7_msgs.msg.PositionOrVelocityType(type=53)
1786043692911696414,1786043692.910017601,/novatel/oem7/bestvel,/novatel/oem7/bestpos,/novatel/oem7/bestvel,39.663,-75.756,33.182902306,0.000555853,0.001773586,,,,199.504542039,novatel_oem7_msgs.msg.SolutionStatus(status=0),novatel_oem7_msgs.msg.PositionOrVelocityType(type=53)
1786043692915261483,1786043692.914555470,/novatel/oem7/odom,/novatel/oem7/bestpos,/novatel/oem7/odom,39.663,-75.756,33.182902306,0.001564744,0.002405048,-0.001510483,-0.000408491,0.002405048,,,
1786043692926125564,1786043692.925442727,/novatel/oem7/inspva,/novatel/oem7/inspva,/novatel/oem7/inspva,39.663,-75.756,-1.799532195,0.001851532,-0.000566532,-0.001175734,-0.001430321,-0.000566532,,novatel_oem7_msgs.msg.InertialSolutionStatus(status=3),
1786043692927535291,1786043692.925618292,/novatel/oem7/fix,/novatel/oem7/fix,/novatel/oem7/inspva,39.663,-75.756,-1.799532195,0.001851532,-0.000566532,-0.001175734,-0.001430321,-0.000566532,,0,
1786043692928718736,1786043692.926267472,/novatel/oem7/odom,/novatel/oem7/fix,/novatel/oem7/odom,39.663,-75.756,-1.799532195,0.001848960,-0.000574869,-0.001482608,-0.001104774,-0.000574869,,,
1786043692936283674,1786043692.935586512,/novatel/oem7/odom,/novatel/oem7/fix,/novatel/oem7/odom,39.663,-75.756,-1.799532195,0.001848960,-0.000574869,-0.001482608,-0.001104774,-0.000574869,,,
1786043692945661181,1786043692.944994527,/novatel/oem7/inspva,/novatel/oem7/inspva,/novatel/oem7/inspva,39.663,-75.756,-1.799499609,0.002224252,0.000564763,-0.001625187,-0.001518574,0.000564763,,novatel_oem7_msgs.msg.InertialSolutionStatus(status=3),
1786043692947016441,1786043692.945164859,/novatel/oem7/fix,/novatel/oem7/fix,/novatel/oem7/inspva,39.663,-75.756,-1.799499609,0.002224252,0.000564763,-0.001625187,-0.001518574,0.000564763,,0,
1786043692948033571,1786043692.945572233,/novatel/oem7/odom,/novatel/oem7/fix,/novatel/oem7/odom,39.663,-75.756,-1.799499609,0.002226727,0.000554926,-0.001596547,-0.001552209,0.000554926,,,
1786043692956503264,1786043692.955725194,/novatel/oem7/odom,/novatel/oem7/fix,/novatel/oem7/odom,39.663,-75.756,-1.799499609,0.002226727,0.000554926,-0.001596547,-0.001552209,0.000554926,,,
1786043692967160004,1786043692.966520007,/novatel/oem7/inspva,/novatel/oem7/inspva,/novatel/oem7/inspva,39.663,-75.756,-1.799464596,0.001495953,0.002672953,-0.001143583,-0.000964414,0.002672953,,novatel_oem7_msgs.msg.InertialSolutionStatus(status=3),
1786043692968554164,1786043692.966686095,/novatel/oem7/fix,/novatel/oem7/fix,/novatel/oem7/inspva,39.663,-75.756,-1.799464596,0.001495953,0.002672953,-0.001143583,-0.000964414,0.002672953,,0,
1786043692969590328,1786043692.967210064,/novatel/oem7/odom,/novatel/oem7/fix,/novatel/oem7/odom,39.663,-75.756,-1.799464596,0.001507763,0.002666309,-0.001028314,-0.001102687,0.002666309,,,
1786043692975322618,1786043692.974623439,/novatel/oem7/odom,/novatel/oem7/fix,/novatel/oem7/odom,39.663,-75.756,-1.799464596,0.001507763,0.002666309,-0.001028314,-0.001102687,0.002666309,,,
1786043692985673120,1786043692.984977233,/novatel/oem7/inspva,/novatel/oem7/inspva,/novatel/oem7/inspva,39.663,-75.756,-1.799455103,0.001333108,0.002277896,-0.000780781,-0.001080536,0.002277896,,novatel_oem7_msgs.msg.InertialSolutionStatus(status=3),
1786043692987258174,1786043692.985133648,/novatel/oem7/fix,/novatel/oem7/fix,/novatel/oem7/inspva,39.663,-75.756,-1.799455103,0.001333108,0.002277896,-0.000780781,-0.001080536,0.002277896,,0,
1786043692987767317,1786043692.985463895,/novatel/oem7/odom,/novatel/oem7/fix,/novatel/oem7/odom,39.663,-75.756,-1.799455103,0.001343502,0.002271781,-0.001125396,-0.000733813,0.002271781,,,
1786043692995238678,1786043692.994546121,/novatel/oem7/odom,/novatel/oem7/fix,/novatel/oem7/odom,39.663,-75.756,-1.799455103,0.001343502,0.002271781,-0.001125396,-0.000733813,0.002271781,,,
1786043693010572220,1786043693.009911253,/novatel/oem7/inspva,/novatel/oem7/inspva,/novatel/oem7/inspva,39.663,-75.756,-1.799456276,0.002241059,-0.000183101,-0.000451680,-0.002195070,-0.000183101,,novatel_oem7_msgs.msg.InertialSolutionStatus(status=3),
1786043693011961904,1786043693.010079415,/novatel/oem7/fix,/novatel/oem7/fix,/novatel/oem7/inspva,39.663,-75.756,-1.799456276,0.002241059,-0.000183101,-0.000451680,-0.002195070,-0.000183101,,0,
1786043693012976791,1786043693.011222539,/novatel/oem7/odom,/novatel/oem7/fix,/novatel/oem7/odom,39.663,-75.756,-1.799456276,0.002240273,-0.000192488,-0.002213400,-0.000345949,-0.000192488,,,
1786043693017350771,1786043693.016531323,/novatel/oem7/odom,/novatel/oem7/fix,/novatel/oem7/odom,39.663,-75.756,-1.799456276,0.002240273,-0.000192488,-0.002213400,-0.000345949,-0.000192488,,,
1786043693024890896,1786043693.024155754,/novatel/oem7/bestpos,/novatel/oem7/bestpos,/novatel/oem7/odom,39.663,-75.756,33.182993134,0.002240273,-0.000192488,-0.002213400,-0.000345949,-0.000192488,,novatel_oem7_msgs.msg.SolutionStatus(status=0),novatel_oem7_msgs.msg.PositionOrVelocityType(type=53)
1786043693026275876,1786043693.024590273,/novatel/oem7/bestvel,/novatel/oem7/bestpos,/novatel/oem7/bestvel,39.663,-75.756,33.182993134,0.002567452,0.000255883,,,,244.719894915,novatel_oem7_msgs.msg.SolutionStatus(status=0),novatel_oem7_msgs.msg.PositionOrVelocityType(type=53)
1786043693027904705,1786043693.026922059,/novatel/oem7/inspva,/novatel/oem7/inspva,/novatel/oem7/inspva,39.663,-75.756,-1.799434067,0.002731096,-0.000216311,-0.001104487,-0.002497797,-0.000216311,,novatel_oem7_msgs.msg.InertialSolutionStatus(status=3),
1786043693028737540,1786043693.027090570,/novatel/oem7/fix,/novatel/oem7/fix,/novatel/oem7/inspva,39.663,-75.756,-1.799434067,0.002731096,-0.000216311,-0.001104487,-0.002497797,-0.000216311,,0,
1786043693030189321,1786043693.027460622,/novatel/oem7/odom,/novatel/oem7/fix,/novatel/oem7/odom,39.663,-75.756,-1.799434067,0.002730108,-0.000228445,-0.002546826,-0.000983445,-0.000228445,,,
1786043693035198948,1786043693.034478524,/novatel/oem7/odom,/novatel/oem7/fix,/novatel/oem7/odom,39.663,-75.756,-1.799434067,0.002730108,-0.000228445,-0.002546826,-0.000983445,-0.000228445,,,
1786043693045942130,1786043693.045259654,/novatel/oem7/inspva,/novatel/oem7/inspva,/novatel/oem7/inspva,39.663,-75.756,-1.799435531,0.002116161,0.002407844,-0.001855270,-0.001017895,0.002407844,,novatel_oem7_msgs.msg.InertialSolutionStatus(status=3),
1786043693047440222,1786043693.045441759,/novatel/oem7/fix,/novatel/oem7/fix,/novatel/oem7/inspva,39.663,-75.756,-1.799435531,0.002116161,0.002407844,-0.001855270,-0.001017895,0.002407844,,0,
1786043693048532386,1786043693.046147429,/novatel/oem7/odom,/novatel/oem7/fix,/novatel/oem7/odom,39.663,-75.756,-1.799435531,0.002125964,0.002399193,-0.001114611,-0.001810349,0.002399193,,,
1786043693057042875,1786043693.056462668,/novatel/oem7/odom,/novatel/oem7/fix,/novatel/oem7/odom,39.663,-75.756,-1.799435531,0.002125964,0.002399193,-0.001114611,-0.001810349,0.002399193,,,
1786043693065929432,1786043693.065075439,/novatel/oem7/inspva,/novatel/oem7/inspva,/novatel/oem7/inspva,39.663,-75.756,-1.799469482,0.001846136,0.002117702,-0.001614299,-0.000895686,0.002117702,,novatel_oem7_msgs.msg.InertialSolutionStatus(status=3),
1786043693067776157,1786043693.065194300,/novatel/oem7/fix,/novatel/oem7/fix,/novatel/oem7/inspva,39.663,-75.756,-1.799469482,0.001846136,0.002117702,-0.001614299,-0.000895686,0.002117702,,0,
1786043693069222308,1786043693.065660676,/novatel/oem7/odom,/novatel/oem7/fix,/novatel/oem7/odom,39.663,-75.756,-1.799469482,0.001854784,0.002110131,-0.000979956,-0.001574773,0.002110131,,,
1786043693075599381,1786043693.074595091,/novatel/oem7/odom,/novatel/oem7/fix,/novatel/oem7/odom,39.663,-75.756,-1.799469482,0.001854784,0.002110131,-0.000979956,-0.001574773,0.002110131,,,
1786043693087732918,1786043693.086584105,/novatel/oem7/inspva,/novatel/oem7/inspva,/novatel/oem7/inspva,39.663,-75.756,-1.799507209,0.002333450,-0.000090814,-0.000555768,-0.002266299,-0.000090814,,novatel_oem7_msgs.msg.InertialSolutionStatus(status=3),
1786043693089617890,1786043693.086767146,/novatel/oem7/fix,/novatel/oem7/fix,/novatel/oem7/inspva,39.663,-75.756,-1.799507209,0.002333450,-0.000090814,-0.000555768,-0.002266299,-0.000090814,,0,
1786043693090977953,1786043693.087321764,/novatel/oem7/odom,/novatel/oem7/fix,/novatel/oem7/odom,39.663,-75.756,-1.799507209,0.002333043,-0.000100717,-0.002289885,-0.000446674,-0.000100717,,,
1786043693095788284,1786043693.094868909,/novatel/oem7/odom,/novatel/oem7/fix,/novatel/oem7/odom,39.663,-75.756,-1.799507209,0.002333043,-0.000100717,-0.002289885,-0.000446674,-0.000100717,,,
1786043693106810513,1786043693.106050566,/novatel/oem7/inspva,/novatel/oem7/inspva,/novatel/oem7/inspva,39.663,-75.756,-1.799535003,0.002622743,0.000038228,-0.000835531,-0.002486095,0.000038228,,novatel_oem7_msgs.msg.InertialSolutionStatus(status=3),
1786043693108388809,1786043693.106181510,/novatel/oem7/fix,/novatel/oem7/fix,/novatel/oem7/inspva,39.663,-75.756,-1.799535003,0.002622743,0.000038228,-0.000835531,-0.002486095,0.000038228,,0,
1786043693109530777,1786043693.106591868,/novatel/oem7/odom,/novatel/oem7/fix,/novatel/oem7/odom,39.663,-75.756,-1.799535003,0.002622884,0.000026826,-0.002523286,-0.000715926,0.000026826,,,
1786043693111335802,1786043693.109466762,/novatel/oem7/bestpos,/novatel/oem7/bestpos,/novatel/oem7/odom,39.663,-75.756,33.182880504,0.002622884,0.000026826,-0.002523286,-0.000715926,0.000026826,,novatel_oem7_msgs.msg.SolutionStatus(status=0),novatel_oem7_msgs.msg.PositionOrVelocityType(type=53)
1786043693112476786,1786043693.110215237,/novatel/oem7/bestvel,/novatel/oem7/bestpos,/novatel/oem7/bestvel,39.663,-75.756,33.182880504,0.003579220,0.000821399,,,,245.004006444,novatel_oem7_msgs.msg.SolutionStatus(status=0),novatel_oem7_msgs.msg.PositionOrVelocityType(type=53)
1786043693115217785,1786043693.114723755,/novatel/oem7/odom,/novatel/oem7/bestpos,/novatel/oem7/odom,39.663,-75.756,33.182880504,0.002622884,0.000026826,-0.002523286,-0.000715926,0.000026826,,,
1786043693125876758,1786043693.125407221,/novatel/oem7/inspva,/novatel/oem7/inspva,/novatel/oem7/inspva,39.663,-75.756,-1.799544276,0.002605275,0.001391140,-0.002424062,-0.000954662,0.001391140,,novatel_oem7_msgs.msg.InertialSolutionStatus(status=3),
1786043693126782306,1786043693.125739021,/novatel/oem7/fix,/novatel/oem7/fix,/novatel/oem7/inspva,39.663,-75.756,-1.799544276,0.002605275,0.001391140,-0.002424062,-0.000954662,0.001391140,,0,
1786043693127394414,1786043693.126355114,/novatel/oem7/odom,/novatel/oem7/fix,/novatel/oem7/odom,39.663,-75.756,-1.799544276,0.002610505,0.001381300,-0.001074695,-0.002379027,0.001381300,,,
1786043693135497394,1786043693.134956275,/novatel/oem7/odom,/novatel/oem7/fix,/novatel/oem7/odom,39.663,-75.756,-1.799544276,0.002610505,0.001381300,-0.001074695,-0.002379027,0.001381300,,,
1786043693146696538,1786043693.146119063,/novatel/oem7/inspva,/novatel/oem7/inspva,/novatel/oem7/inspva,39.663,-75.756,-1.799565062,0.001928280,0.002640113,-0.001655116,-0.000989372,0.002640113,,novatel_oem7_msgs.msg.InertialSolutionStatus(status=3),
1786043693147566314,1786043693.146260411,/novatel/oem7/fix,/novatel/oem7/fix,/novatel/oem7/inspva,39.663,-75.756,-1.799565062,0.001928280,0.002640113,-0.001655116,-0.000989372,0.002640113,,0,
1786043693148067083,1786043693.146696502,/novatel/oem7/odom,/novatel/oem7/fix,/novatel/oem7/odom,39.663,-75.756,-1.799565062,0.001939188,0.002632111,-0.001077539,-0.001612253,0.002632111,,,
1786043693156055631,1786043693.155374458,/novatel/oem7/odom,/novatel/oem7/fix,/novatel/oem7/odom,39.663,-75.756,-1.799565062,0.001939188,0.002632111,-0.001077539,-0.001612253,0.002632111,,,
1786043693166408454,1786043693.165227942,/novatel/oem7/inspva,/novatel/oem7/inspva,/novatel/oem7/inspva,39.663,-75.756,-1.799604001,0.002274352,-0.000018930,-0.001134271,-0.001971322,-0.000018930,,novatel_oem7_msgs.msg.InertialSolutionStatus(status=3),
1786043693168453294,1786043693.165415770,/novatel/oem7/fix,/novatel/oem7/fix,/novatel/oem7/inspva,39.663,-75.756,-1.799604001,0.002274352,-0.000018930,-0.001134271,-0.001971322,-0.000018930,,0,
1786043693169874085,1786043693.166214042,/novatel/oem7/odom,/novatel/oem7/fix,/novatel/oem7/odom,39.663,-75.756,-1.799604001,0.002274243,-0.000029243,-0.002023159,-0.001038755,-0.000029243,,,
1786043693176472623,1786043693.175513804,/novatel/oem7/odom,/novatel/oem7/fix,/novatel/oem7/odom,39.663,-75.756,-1.799604001,0.002274243,-0.000029243,-0.002023159,-0.001038755,-0.000029243,,,
1786043693185721012,1786043693.184947950,/novatel/oem7/inspva,/novatel/oem7/inspva,/novatel/oem7/inspva,39.663,-75.756,-1.799624172,0.001833226,0.000405153,-0.000927127,-0.001581504,0.000405153,,novatel_oem7_msgs.msg.InertialSolutionStatus(status=3),
1786043693192154689,1786043693.185102403,/novatel/oem7/fix,/novatel/oem7/fix,/novatel/oem7/inspva,39.663,-75.756,-1.799624172,0.001833226,0.000405153,-0.000927127,-0.001581504,0.000405153,,0,
1786043693193272710,1786043693.185597484,/novatel/oem7/odom,/novatel/oem7/fix,/novatel/oem7/odom,39.663,-75.756,-1.799624172,0.001835040,0.000396856,-0.001625539,-0.000851467,0.000396856,,,
1786043693196796677,1786043693.194531173,/novatel/oem7/odom,/novatel/oem7/fix,/novatel/oem7/odom,39.663,-75.756,-1.799624172,0.001835040,0.000396856,-0.001625539,-0.000851467,0.000396856,,,
1786043693207614332,1786043693.206514336,/novatel/oem7/inspva,/novatel/oem7/inspva,/novatel/oem7/inspva,39.663,-75.756,-1.799629642,0.003268270,0.001280398,-0.003253613,0.000309177,0.001280398,,novatel_oem7_msgs.msg.InertialSolutionStatus(status=3),
1786043693209487504,1786043693.206777131,/novatel/oem7/fix,/novatel/oem7/fix,/novatel/oem7/inspva,39.663,-75.756,-1.799629642,0.003268270,0.001280398,-0.003253613,0.000309177,0.001280398,,0,
1786043693211223418,1786043693.207072852,/novatel/oem7/odom,/novatel/oem7/fix,/novatel/oem7/odom,39.663,-75.756,-1.799629642,0.003271092,0.001273172,0.000148443,-0.003267722,0.001273172,,,
1786043693213134000,1786043693.210260205,/novatel/oem7/bestpos,/novatel/oem7/bestpos,/novatel/oem7/odom,39.663,-75.756,33.182775369,0.003271092,0.001273172,0.000148443,-0.003267722,0.001273172,,novatel_oem7_msgs.msg.SolutionStatus(status=0),novatel_oem7_msgs.msg.PositionOrVelocityType(type=53)
1786043693214465060,1786043693.210712350,/novatel/oem7/bestvel,/novatel/oem7/bestpos,/novatel/oem7/bestvel,39.663,-75.756,33.182775369,0.002802588,0.001164798,,,,179.468635874,novatel_oem7_msgs.msg.SolutionStatus(status=0),novatel_oem7_msgs.msg.PositionOrVelocityType(type=53)
1786043693216463786,1786043693.214709636,/novatel/oem7/odom,/novatel/oem7/bestpos,/novatel/oem7/odom,39.663,-75.756,33.182775369,0.003271092,0.001273172,0.000148443,-0.003267722,0.001273172,,,
1786043693225975804,1786043693.225048081,/novatel/oem7/inspva,/novatel/oem7/inspva,/novatel/oem7/inspva,39.663,-75.756,-1.799644165,0.002654811,0.001798173,-0.002502417,-0.000886526,0.001798173,,novatel_oem7_msgs.msg.InertialSolutionStatus(status=3),
1786043693227711898,1786043693.225372181,/novatel/oem7/fix,/novatel/oem7/fix,/novatel/oem7/inspva,39.663,-75.756,-1.799644165,0.002654811,0.001798173,-0.002502417,-0.000886526,0.001798173,,0,
1786043693228942311,1786043693.226040764,/novatel/oem7/odom,/novatel/oem7/fix,/novatel/oem7/odom,39.663,-75.756,-1.799644165,0.002661416,0.001788382,-0.001012059,-0.002461478,0.001788382,,,
1786043693236267861,1786043693.235537842,/novatel/oem7/odom,/novatel/oem7/fix,/novatel/oem7/odom,39.663,-75.756,-1.799644165,0.002661416,0.001788382,-0.001012059,-0.002461478,0.001788382,,,
1786043693245911279,1786043693.245293382,/novatel/oem7/inspva,/novatel/oem7/inspva,/novatel/oem7/inspva,39.663,-75.756,-1.799669681,0.001659956,0.001105937,-0.000759315,-0.001476108,0.001105937,,novatel_oem7_msgs.msg.InertialSolutionStatus(status=3),
1786043693247158991,1786043693.245557178,/novatel/oem7/fix,/novatel/oem7/fix,/novatel/oem7/inspva,39.663,-75.756,-1.799669681,0.001659956,0.001105937,-0.000759315,-0.001476108,0.001105937,,0,
1786043693248003759,1786043693.246043159,/novatel/oem7/odom,/novatel/oem7/fix,/novatel/oem7/odom,39.663,-75.756,-1.799669681,0.001664950,0.001098404,-0.001514995,-0.000690542,0.001098404,,,
1786043693257781688,1786043693.256629717,/novatel/oem7/odom,/novatel/oem7/fix,/novatel/oem7/odom,39.663,-75.756,-1.799669681,0.001664950,0.001098404,-0.001514995,-0.000690542,0.001098404,,,
1786043693267194258,1786043693.266132582,/novatel/oem7/inspva,/novatel/oem7/inspva,/novatel/oem7/inspva,39.663,-75.756,-1.799697470,0.001704995,0.000236786,-0.001365463,-0.001021038,0.000236786,,novatel_oem7_msgs.msg.InertialSolutionStatus(status=3),
1786043693269050782,1786043693.266498762,/novatel/oem7/fix,/novatel/oem7/fix,/novatel/oem7/inspva,39.663,-75.756,-1.799697470,0.001704995,0.000236786,-0.001365463,-0.001021038,0.000236786,,0,
1786043693270573517,1786043693.266921366,/novatel/oem7/odom,/novatel/oem7/fix,/novatel/oem7/odom,39.663,-75.756,-1.799697470,0.001706002,0.000229416,-0.001086025,-0.001315672,0.000229416,,,
1786043693275558492,1786043693.274652693,/novatel/oem7/odom,/novatel/oem7/fix,/novatel/oem7/odom,39.663,-75.756,-1.799697470,0.001706002,0.000229416,-0.001086025,-0.001315672,0.000229416,,,
1786043693286588947,1786043693.285306938,/novatel/oem7/inspva,/novatel/oem7/inspva,/novatel/oem7/inspva,39.663,-75.756,-1.799705177,0.003448025,0.000877433,-0.003414856,-0.000477112,0.000877433,,novatel_oem7_msgs.msg.InertialSolutionStatus(status=3),
1786043693288665505,1786043693.285695879,/novatel/oem7/fix,/novatel/oem7/fix,/novatel/oem7/inspva,39.663,-75.756,-1.799705177,0.003448025,0.000877433,-0.003414856,-0.000477112,0.000877433,,0,
1786043693289737850,1786043693.286286045,/novatel/oem7/odom,/novatel/oem7/fix,/novatel/oem7/odom,39.663,-75.756,-1.799705177,0.003450699,0.000866855,-0.000643124,-0.003390239,0.000866855,,,
1786043693296209249,1786043693.295511633,/novatel/oem7/odom,/novatel/oem7/fix,/novatel/oem7/odom,39.663,-75.756,-1.799705177,0.003450699,0.000866855,-0.000643124,-0.003390239,0.000866855,,,
1786043693306771084,1786043693.305975525,/novatel/oem7/inspva,/novatel/oem7/inspva,/novatel/oem7/inspva,39.663,-75.756,-1.799724783,0.003225856,0.000883002,-0.003203637,0.000377962,0.000883002,,novatel_oem7_msgs.msg.InertialSolutionStatus(status=3),
1786043693308634576,1786043693.306134098,/novatel/oem7/fix,/novatel/oem7/fix,/novatel/oem7/inspva,39.663,-75.756,-1.799724783,0.003225856,0.000883002,-0.003203637,0.000377962,0.000883002,,0,
1786043693309991706,1786043693.306567526,/novatel/oem7/odom,/novatel/oem7/fix,/novatel/oem7/odom,39.663,-75.756,-1.799724783,0.003227727,0.000876139,0.000221046,-0.003220149,0.000876139,,,
1786043693311465127,1786043693.309386450,/novatel/oem7/bestpos,/novatel/oem7/bestpos,/novatel/oem7/odom,39.663,-75.756,33.182661870,0.003227727,0.000876139,0.000221046,-0.003220149,0.000876139,,novatel_oem7_msgs.msg.SolutionStatus(status=0),novatel_oem7_msgs.msg.PositionOrVelocityType(type=53)
1786043693312415094,1786043693.309514616,/novatel/oem7/bestvel,/novatel/oem7/bestpos,/novatel/oem7/bestvel,39.663,-75.756,33.182661870,0.002821957,0.000645519,,,,172.253788408,novatel_oem7_msgs.msg.SolutionStatus(status=0),novatel_oem7_msgs.msg.PositionOrVelocityType(type=53)
1786043693315067626,1786043693.314362506,/novatel/oem7/odom,/novatel/oem7/bestpos,/novatel/oem7/odom,39.663,-75.756,33.182661870,0.003227727,0.000876139,0.000221046,-0.003220149,0.000876139,,,
1786043693327223664,1786043693.326645308,/novatel/oem7/inspva,/novatel/oem7/inspva,/novatel/oem7/inspva,39.663,-75.756,-1.799729434,0.001780384,0.002379272,-0.001457452,-0.001022545,0.002379272,,novatel_oem7_msgs.msg.InertialSolutionStatus(status=3),
1786043693328537590,1786043693.326769132,/novatel/oem7/fix,/novatel/oem7/fix,/novatel/oem7/inspva,39.663,-75.756,-1.799729434,0.001780384,0.002379272,-0.001457452,-0.001022545,0.002379272,,0,
1786043693329564317,1786043693.327155050,/novatel/oem7/odom,/novatel/oem7/fix,/novatel/oem7/odom,39.663,-75.756,-1.799729434,0.001790653,0.002371553,-0.001100395,-0.001412647,0.002371553,,,
1786043693335815349,1786043693.335143219,/novatel/oem7/odom,/novatel/oem7/fix,/novatel/oem7/odom,39.663,-75.756,-1.799729434,0.001790653,0.002371553,-0.001100395,-0.001412647,0.002371553,,,
1786043693345579262,1786043693.345073657,/novatel/oem7/inspva,/novatel/oem7/inspva,/novatel/oem7/inspva,39.663,-75.756,-1.799765780,0.001803705,0.000587818,-0.001499795,-0.001001983,0.000587818,,novatel_oem7_msgs.msg.InertialSolutionStatus(status=3),
1786043693346889088,1786043693.345149478,/novatel/oem7/fix,/novatel/oem7/fix,/novatel/oem7/inspva,39.663,-75.756,-1.799765780,0.001803705,0.000587818,-0.001499795,-0.001001983,0.000587818,,0,
1786043693347935262,1786043693.345580275,/novatel/oem7/odom,/novatel/oem7/fix,/novatel/oem7/odom,39.663,-75.756,-1.799765780,0.001806199,0.000580109,-0.001074784,-0.001451618,0.000580109,,,
1786043693356249515,1786043693.355880897,/novatel/oem7/odom,/novatel/oem7/fix,/novatel/oem7/odom,39.663,-75.756,-1.799765780,0.001806199,0.000580109,-0.001074784,-0.001451618,0.000580109,,,
1786043693365769755,1786043693.365501183,/novatel/oem7/inspva,/novatel/oem7/inspva,/novatel/oem7/inspva,39.663,-75.756,-1.799781807,0.003008690,-0.000026490,-0.002777955,-0.001155501,-0.000026490,,novatel_oem7_msgs.msg.InertialSolutionStatus(status=3),
1786043693366330765,1786043693.365613874,/novatel/oem7/fix,/novatel/oem7/fix,/novatel/oem7/inspva,39.663,-75.756,-1.799781807,0.003008690,-0.000026490,-0.002777955,-0.001155501,-0.000026490,,0,
1786043693366969877,1786043693.366373384,/novatel/oem7/odom,/novatel/oem7/fix,/novatel/oem7/odom,39.663,-75.756,-1.799781807,0.003008566,-0.000038042,-0.001286791,-0.002719492,-0.000038042,,,
1786043693375062473,1786043693.374708197,/novatel/oem7/odom,/novatel/oem7/fix,/novatel/oem7/odom,39.663,-75.756,-1.799781807,0.003008566,-0.000038042,-0.001286791,-0.002719492,-0.000038042,,,
1786043693386509550,1786043693.386251145,/novatel/oem7/inspva,/novatel/oem7/inspva,/novatel/oem7/inspva,39.663,-75.756,-1.799796091,0.002678978,0.000605884,-0.002543308,-0.000841729,0.000605884,,novatel_oem7_msgs.msg.InertialSolutionStatus(status=3),
1786043693387074147,1786043693.386320933,/novatel/oem7/fix,/novatel/oem7/fix,/novatel/oem7/inspva,39.663,-75.756,-1.799796091,0.002678978,0.000605884,-0.002543308,-0.000841729,0.000605884,,0,
1786043693387553046,1786043693.386798777,/novatel/oem7/odom,/novatel/oem7/fix,/novatel/oem7/odom,39.663,-75.756,-1.799796091,0.002681174,0.000596093,-0.000964646,-0.002501629,0.000596093,,,
1786043693394908777,1786043693.394574918,/novatel/oem7/odom,/novatel/oem7/fix,/novatel/oem7/odom,39.663,-75.756,-1.799796091,0.002681174,0.000596093,-0.000964646,-0.002501629,0.000596093,,,
1786043693406544090,1786043693.406273194,/novatel/oem7/inspva,/novatel/oem7/inspva,/novatel/oem7/inspva,39.663,-75.756,-1.799803338,0.002067605,0.001858812,-0.002017183,-0.000453834,0.001858812,,novatel_oem7_msgs.msg.InertialSolutionStatus(status=3),
1786043693407088160,1786043693.406371131,/novatel/oem7/fix,/novatel/oem7/fix,/novatel/oem7/inspva,39.663,-75.756,-1.799803338,0.002067605,0.001858812,-0.002017183,-0.000453834,0.001858812,,0,
1786043693407732698,1786043693.406936946,/novatel/oem7/odom,/novatel/oem7/fix,/novatel/oem7/odom,39.663,-75.756,-1.799803338,0.002073854,0.001851837,-0.000557031,-0.001997646,0.001851837,,,
1786043693411061974,1786043693.409969344,/novatel/oem7/bestpos,/novatel/oem7/bestpos,/novatel/oem7/odom,39.663,-75.756,33.182577006,0.002073854,0.001851837,-0.000557031,-0.001997646,0.001851837,,novatel_oem7_msgs.msg.SolutionStatus(status=0),novatel_oem7_msgs.msg.PositionOrVelocityType(type=53)
1786043693411667813,1786043693.410353551,/novatel/oem7/bestvel,/novatel/oem7/bestpos,/novatel/oem7/bestvel,39.663,-75.756,33.182577006,0.001674668,0.001574947,,,,191.157966230,novatel_oem7_msgs.msg.SolutionStatus(status=0),novatel_oem7_msgs.msg.PositionOrVelocityType(type=53)
1786043693415900634,1786043693.415531745,/novatel/oem7/odom,/novatel/oem7/bestpos,/novatel/oem7/odom,39.663,-75.756,33.182577006,0.002073854,0.001851837,-0.000557031,-0.001997646,0.001851837,,,
1786043693425350119,1786043693.424965292,/novatel/oem7/inspva,/novatel/oem7/inspva,/novatel/oem7/inspva,39.663,-75.756,-1.799835801,0.001860892,0.001299002,-0.001423700,-0.001198331,0.001299002,,novatel_oem7_msgs.msg.InertialSolutionStatus(status=3),
1786043693426752966,1786043693.425047431,/novatel/oem7/fix,/novatel/oem7/fix,/novatel/oem7/inspva,39.663,-75.756,-1.799835801,0.001860892,0.001299002,-0.001423700,-0.001198331,0.001299002,,0,
1786043693427813117,1786043693.425667546,/novatel/oem7/odom,/novatel/oem7/fix,/novatel/oem7/odom,39.663,-75.756,-1.799835801,0.001866649,0.001290715,-0.001270111,-0.001367916,0.001290715,,,
1786043693435166683,1786043693.434470853,/novatel/oem7/odom,/novatel/oem7/fix,/novatel/oem7/odom,39.663,-75.756,-1.799835801,0.001866649,0.001290715,-0.001270111,-0.001367916,0.001290715,,,
1786043693447335380,1786043693.446644440,/novatel/oem7/inspva,/novatel/oem7/inspva,/novatel/oem7/inspva,39.663,-75.756,-1.799873605,0.002657604,-0.001338356,-0.001945565,-0.001810424,-0.001338356,,novatel_oem7_msgs.msg.InertialSolutionStatus(status=3),
1786043693448716577,1786043693.446841802,/novatel/oem7/fix,/novatel/oem7/fix,/novatel/oem7/inspva,39.663,-75.756,-1.799873605,0.002657604,-0.001338356,-0.001945565,-0.001810424,-0.001338356,,0,
1786043693449843431,1786043693.447189069,/novatel/oem7/odom,/novatel/oem7/fix,/novatel/oem7/odom,39.663,-75.756,-1.799873605,0.002651626,-0.001350161,-0.001896087,-0.001853638,-0.001350161,,,
1786043693456757454,1786043693.456061900,/novatel/oem7/odom,/novatel/oem7/fix,/novatel/oem7/odom,39.663,-75.756,-1.799873605,0.002651626,-0.001350161,-0.001896087,-0.001853638,-0.001350161,,,
1786043693465628135,1786043693.464945705,/novatel/oem7/inspva,/novatel/oem7/inspva,/novatel/oem7/inspva,39.663,-75.756,-1.799876457,0.002739407,0.000015572,-0.002514423,-0.001087212,0.000015572,,novatel_oem7_msgs.msg.InertialSolutionStatus(status=3),
1786043693466917244,1786043693.465143030,/novatel/oem7/fix,/novatel/oem7/fix,/novatel/oem7/inspva,39.663,-75.756,-1.799876457,0.002739407,0.000015572,-0.002514423,-0.001087212,0.000015572,,0,
1786043693467945564,1786043693.465515263,/novatel/oem7/odom,/novatel/oem7/fix,/novatel/oem7/odom,39.663,-75.756,-1.799876457,0.002739447,0.000005001,-0.001206186,-0.002459610,0.000005001,,,
1786043693476226970,1786043693.475596379,/novatel/oem7/odom,/novatel/oem7/fix,/novatel/oem7/odom,39.663,-75.756,-1.799876457,0.002739447,0.000005001,-0.001206186,-0.002459610,0.000005001,,,
1786043693486487088,1786043693.485937891,/novatel/oem7/inspva,/novatel/oem7/inspva,/novatel/oem7/inspva,39.663,-75.756,-1.799871180,0.002598134,0.002346773,-0.002471438,-0.000801433,0.002346773,,novatel_oem7_msgs.msg.InertialSolutionStatus(status=3),
1786043693487840055,1786043693.486016552,/novatel/oem7/fix,/novatel/oem7/fix,/novatel/oem7/inspva,39.663,-75.756,-1.799871180,0.002598134,0.002346773,-0.002471438,-0.000801433,0.002346773,,0,
1786043693488882862,1786043693.486601942,/novatel/oem7/odom,/novatel/oem7/fix,/novatel/oem7/odom,39.663,-75.756,-1.799871180,0.002606650,0.002337310,-0.000927939,-0.002435888,0.002337310,,,
1786043693495248715,1786043693.494586171,/novatel/oem7/odom,/novatel/oem7/fix,/novatel/oem7/odom,39.663,-75.756,-1.799871180,0.002606650,0.002337310,-0.000927939,-0.002435888,0.002337310,,,
1786043693506542797,1786043693.505994194,/novatel/oem7/inspva,/novatel/oem7/inspva,/novatel/oem7/inspva,39.663,-75.756,-1.799899527,0.002152605,0.001924723,-0.002152585,-0.000009307,0.001924723,,novatel_oem7_msgs.msg.InertialSolutionStatus(status=3),
1786043693507840320,1786043693.506157596,/novatel/oem7/fix,/novatel/oem7/fix,/novatel/oem7/inspva,39.663,-75.756,-1.799899527,0.002152605,0.001924723,-0.002152585,-0.000009307,0.001924723,,0,
1786043693508848620,1786043693.506629181,/novatel/oem7/odom,/novatel/oem7/fix,/novatel/oem7/odom,39.663,-75.756,-1.799899527,0.002157626,0.001919093,-0.000119715,-0.002154302,0.001919093,,,
1786043693511470736,1786043693.510868053,/novatel/oem7/bestpos,/novatel/oem7/bestpos,/novatel/oem7/odom,39.663,-75.756,33.182492103,0.002157626,0.001919093,-0.000119715,-0.002154302,0.001919093,,novatel_oem7_msgs.msg.SolutionStatus(status=0),novatel_oem7_msgs.msg.PositionOrVelocityType(type=53)
1786043693512851189,1786043693.511334327,/novatel/oem7/bestvel,/novatel/oem7/bestpos,/novatel/oem7/bestvel,39.663,-75.756,33.182492103,0.001010074,0.001343481,,,,190.631609178,novatel_oem7_msgs.msg.SolutionStatus(status=0),novatel_oem7_msgs.msg.PositionOrVelocityType(type=53)
1786043693515481628,1786043693.514833775,/novatel/oem7/odom,/novatel/oem7/bestpos,/novatel/oem7/odom,39.663,-75.756,33.182492103,0.002157626,0.001919093,-0.000119715,-0.002154302,0.001919093,,,
1786043693525876811,1786043693.525333323,/novatel/oem7/inspva,/novatel/oem7/inspva,/novatel/oem7/inspva,39.663,-75.756,-1.799930084,0.002005575,-0.000458152,-0.001728544,-0.001017088,-0.000458152,,novatel_oem7_msgs.msg.InertialSolutionStatus(status=3),
1786043693527185457,1786043693.525494081,/novatel/oem7/fix,/novatel/oem7/fix,/novatel/oem7/inspva,39.663,-75.756,-1.799930084,0.002005575,-0.000458152,-0.001728544,-0.001017088,-0.000458152,,0,
1786043693528202521,1786043693.526148041,/novatel/oem7/odom,/novatel/oem7/fix,/novatel/oem7/odom,39.663,-75.756,-1.799930084,0.002003661,-0.000466453,-0.001096742,-0.001676846,-0.000466453,,,
1786043693537902877,1786043693.536921098,/novatel/oem7/odom,/novatel/oem7/fix,/novatel/oem7/odom,39.663,-75.756,-1.799930084,0.002003661,-0.000466453,-0.001096742,-0.001676846,-0.000466453,,,
1786043693545857036,1786043693.545287477,/novatel/oem7/inspva,/novatel/oem7/inspva,/novatel/oem7/inspva,39.663,-75.756,-1.799939404,0.002918538,-0.000526942,-0.002182158,-0.001938054,-0.000526942,,novatel_oem7_msgs.msg.InertialSolutionStatus(status=3),
1786043693547188119,1786043693.545480966,/novatel/oem7/fix,/novatel/oem7/fix,/novatel/oem7/inspva,39.663,-75.756,-1.799939404,0.002918538,-0.000526942,-0.002182158,-0.001938054,-0.000526942,,0,
1786043693548214140,1786043693.545829700,/novatel/oem7/odom,/novatel/oem7/fix,/novatel/oem7/odom,39.663,-75.756,-1.799939404,0.002916178,-0.000539850,-0.002038068,-0.002085754,-0.000539850,,,
1786043693556390877,1786043693.555734314,/novatel/oem7/odom,/novatel/oem7/fix,/novatel/oem7/odom,39.663,-75.756,-1.799939404,0.002916178,-0.000539850,-0.002038068,-0.002085754,-0.000539850,,,
1786043693566930781,1786043693.566398120,/novatel/oem7/inspva,/novatel/oem7/inspva,/novatel/oem7/inspva,39.663,-75.756,-1.799930284,0.003300609,0.001961301,-0.003284937,-0.000321260,0.001961301,,novatel_oem7_msgs.msg.InertialSolutionStatus(status=3),
1786043693568227394,1786043693.566582115,/novatel/oem7/fix,/novatel/oem7/fix,/novatel/oem7/inspva,39.663,-75.756,-1.799930284,0.003300609,0.001961301,-0.003284937,-0.000321260,0.001961301,,0,
1786043693569267738,1786043693.567058636,/novatel/oem7/odom,/novatel/oem7/fix,/novatel/oem7/odom,39.663,-75.756,-1.799930284,0.003306298,0.001951696,-0.000485613,-0.003270441,0.001951696,,,
1786043693575526486,1786043693.574885621,/novatel/oem7/odom,/novatel/oem7/fix,/novatel/oem7/odom,39.663,-75.756,-1.799930284,0.003306298,0.001951696,-0.000485613,-0.003270441,0.001951696,,,
1786043693585650797,1786043693.585112655,/novatel/oem7/inspva,/novatel/oem7/inspva,/novatel/oem7/inspva,39.663,-75.756,-1.799950284,0.003113728,0.002082114,-0.003111475,0.000118429,0.002082114,,novatel_oem7_msgs.msg.InertialSolutionStatus(status=3),
1786043693586970323,1786043693.585271767,/novatel/oem7/fix,/novatel/oem7/fix,/novatel/oem7/inspva,39.663,-75.756,-1.799950284,0.003113728,0.002082114,-0.003111475,0.000118429,0.002082114,,0,
1786043693588000084,1786043693.585730691,/novatel/oem7/odom,/novatel/oem7/fix,/novatel/oem7/odom,39.663,-75.756,-1.799950284,0.003118723,0.002074625,-0.000038711,-0.003118483,0.002074625,,,
1786043693596095067,1786043693.595454371,/novatel/oem7/odom,/novatel/oem7/fix,/novatel/oem7/odom,39.663,-75.756,-1.799950284,0.003118723,0.002074625,-0.000038711,-0.003118483,0.002074625,,,
1786043693606960945,1786043693.606394946,/novatel/oem7/inspva,/novatel/oem7/inspva,/novatel/oem7/inspva,39.663,-75.756,-1.799984029,0.002272803,-0.000395702,-0.001494518,-0.001712322,-0.000395702,,novatel_oem7_msgs.msg.InertialSolutionStatus(status=3),
1786043693608296201,1786043693.606611018,/novatel/oem7/fix,/novatel/oem7/fix,/novatel/oem7/inspva,39.663,-75.756,-1.799984029,0.002272803,-0.000395702,-0.001494518,-0.001712322,-0.000395702,,0,
1786043693609330918,1786043693.607009708,/novatel/oem7/odom,/novatel/oem7/fix,/novatel/oem7/odom,39.663,-75.756,-1.799984029,0.002270978,-0.000406044,-0.001780235,-0.001410002,-0.000406044,,,
1786043693610815453,1786043693.609960987,/novatel/oem7/bestpos,/novatel/oem7/bestpos,/novatel/oem7/odom,39.663,-75.756,33.182427265,0.002270978,-0.000406044,-0.001780235,-0.001410002,-0.000406044,,novatel_oem7_msgs.msg.SolutionStatus(status=0),novatel_oem7_msgs.msg.PositionOrVelocityType(type=53)
1786043693612191016,1786043693.610404179,/novatel/oem7/bestvel,/novatel/oem7/bestpos,/novatel/oem7/bestvel,39.663,-75.756,33.182427265,0.002258831,-0.000393776,,,,219.432915264,novatel_oem7_msgs.msg.SolutionStatus(status=0),novatel_oem7_msgs.msg.PositionOrVelocityType(type=53)
1786043693615640714,1786043693.614980561,/novatel/oem7/odom,/novatel/oem7/bestpos,/novatel/oem7/odom,39.663,-75.756,33.182427265,0.002270978,-0.000406044,-0.001780235,-0.001410002,-0.000406044,,,
1786043693626745048,1786043693.626198172,/novatel/oem7/inspva,/novatel/oem7/inspva,/novatel/oem7/inspva,39.663,-75.756,-1.800000323,0.002339084,-0.000154558,-0.001622598,-0.001684782,-0.000154558,,novatel_oem7_msgs.msg.InertialSolutionStatus(status=3),
1786043693628038270,1786043693.626343334,/novatel/oem7/fix,/novatel/oem7/fix,/novatel/oem7/inspva,39.663,-75.756,-1.800000323,0.002339084,-0.000154558,-0.001622598,-0.001684782,-0.000154558,,0,
1786043693629054894,1786043693.626788224,/novatel/oem7/odom,/novatel/oem7/fix,/novatel/oem7/odom,39.663,-75.756,-1.800000323,0.002338364,-0.000165095,-0.001759804,-0.001539818,-0.000165095,,,
1786043693635375246,1786043693.634382299,/novatel/oem7/odom,/novatel/oem7/fix,/novatel/oem7/odom,39.663,-75.756,-1.800000323,0.002338364,-0.000165095,-0.001759804,-0.001539818,-0.000165095,,,
1786043693645944764,1786043693.645243317,/novatel/oem7/inspva,/novatel/oem7/inspva,/novatel/oem7/inspva,39.663,-75.756,-1.800000712,0.003689039,0.000846234,-0.003617560,-0.000722681,0.000846234,,novatel_oem7_msgs.msg.InertialSolutionStatus(status=3),
1786043693647316331,1786043693.645453976,/novatel/oem7/fix,/novatel/oem7/fix,/novatel/oem7/inspva,39.663,-75.756,-1.800000712,0.003689039,0.000846234,-0.003617560,-0.000722681,0.000846234,,0,
1786043693648362028,1786043693.645926771,/novatel/oem7/odom,/novatel/oem7/fix,/novatel/oem7/odom,39.663,-75.756,-1.800000712,0.003691751,0.000834321,-0.000898128,-0.003580837,0.000834321,,,
1786043693657003330,1786043693.656346521,/novatel/oem7/odom,/novatel/oem7/fix,/novatel/oem7/odom,39.663,-75.756,-1.800000712,0.003691751,0.000834321,-0.000898128,-0.003580837,0.000834321,,,
1786043693665757770,1786043693.665053493,/novatel/oem7/inspva,/novatel/oem7/inspva,/novatel/oem7/inspva,39.663,-75.756,-1.800013579,0.003689169,0.001720707,-0.003685997,-0.000152950,0.001720707,,novatel_oem7_msgs.msg.InertialSolutionStatus(status=3),
1786043693667049637,1786043693.665258542,/novatel/oem7/fix,/novatel/oem7/fix,/novatel/oem7/inspva,39.663,-75.756,-1.800013579,0.003689169,0.001720707,-0.003685997,-0.000152950,0.001720707,,0,
1786043693668405700,1786043693.665725644,/novatel/oem7/odom,/novatel/oem7/fix,/novatel/oem7/odom,39.663,-75.756,-1.800013579,0.003693807,0.001710727,-0.000335801,-0.003678512,0.001710727,,,
1786043693675029206,1786043693.674361679,/novatel/oem7/odom,/novatel/oem7/fix,/novatel/oem7/odom,39.663,-75.756,-1.800013579,0.003693807,0.001710727,-0.000335801,-0.003678512,0.001710727,,,
1786043693687260270,1786043693.686574333,/novatel/oem7/inspva,/novatel/oem7/inspva,/novatel/oem7/inspva,39.663,-75.756,-1.800038473,0.002312459,0.000555452,-0.001831853,-0.001411305,0.000555452,,novatel_oem7_msgs.msg.InertialSolutionStatus(status=3),
1786043693688655054,1786043693.686776145,/novatel/oem7/fix,/novatel/oem7/fix,/novatel/oem7/inspva,39.663,-75.756,-1.800038473,0.002312459,0.000555452,-0.001831853,-0.001411305,0.000555452,,0,
1786043693689690337,1786043693.687241707,/novatel/oem7/odom,/novatel/oem7/fix,/novatel/oem7/odom,39.663,-75.756,-1.800038473,0.002314860,0.000545362,-0.001499475,-0.001763562,0.000545362,,,
1786043693695531225,1786043693.694867919,/novatel/oem7/odom,/novatel/oem7/fix,/novatel/oem7/odom,39.663,-75.756,-1.800038473,0.002314860,0.000545362,-0.001499475,-0.001763562,0.000545362,,,
1786043693706582485,1786043693.705865838,/novatel/oem7/inspva,/novatel/oem7/inspva,/novatel/oem7/inspva,39.663,-75.756,-1.800061508,0.002358312,-0.000034240,-0.001990549,-0.001264655,-0.000034240,,novatel_oem7_msgs.msg.InertialSolutionStatus(status=3),
1786043693707893961,1786043693.706062866,/novatel/oem7/fix,/novatel/oem7/fix,/novatel/oem7/inspva,39.663,-75.756,-1.800061508,0.002358312,-0.000034240,-0.001990549,-0.001264655,-0.000034240,,0,
1786043693709063773,1786043693.706566054,/novatel/oem7/odom,/novatel/oem7/fix,/novatel/oem7/odom,39.663,-75.756,-1.800061508,0.002358148,-0.000044113,-0.001358261,-0.001927691,-0.000044113,,,
1786043693710792370,1786043693.709352049,/novatel/oem7/bestpos,/novatel/oem7/bestpos,/novatel/oem7/odom,39.663,-75.756,33.182358836,0.002358148,-0.000044113,-0.001358261,-0.001927691,-0.000044113,,novatel_oem7_msgs.msg.SolutionStatus(status=0),novatel_oem7_msgs.msg.PositionOrVelocityType(type=53)
1786043693711715185,1786043693.709857037,/novatel/oem7/bestvel,/novatel/oem7/bestpos,/novatel/oem7/bestvel,39.663,-75.756,33.182358836,0.002236641,-0.000171053,,,,205.786507323,novatel_oem7_msgs.msg.SolutionStatus(status=0),novatel_oem7_msgs.msg.PositionOrVelocityType(type=53)
1786043693716100966,1786043693.715457769,/novatel/oem7/odom,/novatel/oem7/bestpos,/novatel/oem7/odom,39.663,-75.756,33.182358836,0.002358148,-0.000044113,-0.001358261,-0.001927691,-0.000044113,,,
1786043693725895230,1786043693.725261250,/novatel/oem7/inspva,/novatel/oem7/inspva,/novatel/oem7/inspva,39.663,-75.756,-1.800072043,0.003287199,0.000015387,-0.003284583,-0.000131114,0.000015387,,novatel_oem7_msgs.msg.InertialSolutionStatus(status=3),
1786043693727331990,1786043693.725481592,/novatel/oem7/fix,/novatel/oem7/fix,/novatel/oem7/inspva,39.663,-75.756,-1.800072043,0.003287199,0.000015387,-0.003284583,-0.000131114,0.000015387,,0,
1786043693728352517,1786043693.726109862,/novatel/oem7/odom,/novatel/oem7/fix,/novatel/oem7/odom,39.663,-75.756,-1.800072043,0.003287229,0.000006569,-0.000288137,-0.003274576,0.000006569,,,
1786043693735553068,1786043693.734882256,/novatel/oem7/odom,/novatel/oem7/fix,/novatel/oem7/odom,39.663,-75.756,-1.800072043,0.003287229,0.000006569,-0.000288137,-0.003274576,0.000006569,,,
1786043693746769476,1786043693.746050516,/novatel/oem7/inspva,/novatel/oem7/inspva,/novatel/oem7/inspva,39.663,-75.756,-1.800079426,0.003653168,0.000848910,-0.003627175,-0.000435014,0.000848910,,novatel_oem7_msgs.msg.InertialSolutionStatus(status=3),
1786043693748069242,1786043693.746250381,/novatel/oem7/fix,/novatel/oem7/fix,/novatel/oem7/inspva,39.663,-75.756,-1.800079426,0.003653168,0.000848910,-0.003627175,-0.000435014,0.000848910,,0,
1786043693749097163,1786043693.746721342,/novatel/oem7/odom,/novatel/oem7/fix,/novatel/oem7/odom,39.663,-75.756,-1.800079426,0.003655683,0.000838015,-0.000611322,-0.003604207,0.000838015,,,
1786043693756530553,1786043693.755868623,/novatel/oem7/odom,/novatel/oem7/fix,/novatel/oem7/odom,39.663,-75.756,-1.800079426,0.003655683,0.000838015,-0.000611322,-0.003604207,0.000838015,,,
1786043693765881642,1786043693.765197195,/novatel/oem7/inspva,/novatel/oem7/inspva,/novatel/oem7/inspva,39.663,-75.756,-1.800086940,0.002090791,0.001460737,-0.002077355,-0.000236648,0.001460737,,novatel_oem7_msgs.msg.InertialSolutionStatus(status=3),
1786043693767274046,1786043693.765409467,/novatel/oem7/fix,/novatel/oem7/fix,/novatel/oem7/inspva,39.663,-75.756,-1.800086940,0.002090791,0.001460737,-0.002077355,-0.000236648,0.001460737,,0,
1786043693768304683,1786043693.765920682,/novatel/oem7/odom,/novatel/oem7/fix,/novatel/oem7/odom,39.663,-75.756,-1.800086940,0.002095118,0.001454524,-0.000341517,-0.002067096,0.001454524,,,
1786043693776264902,1786043693.775653131,/novatel/oem7/odom,/novatel/oem7/fix,/novatel/oem7/odom,39.663,-75.756,-1.800086940,0.002095118,0.001454524,-0.000341517,-0.002067096,0.001454524,,,
1786043693785908280,1786043693.785221821,/novatel/oem7/inspva,/novatel/oem7/inspva,/novatel/oem7/inspva,39.663,-75.756,-1.800110829,0.002264008,0.000766580,-0.002204559,-0.000515412,0.000766580,,novatel_oem7_msgs.msg.InertialSolutionStatus(status=3),
1786043693787194777,1786043693.785440653,/novatel/oem7/fix,/novatel/oem7/fix,/novatel/oem7/inspva,39.663,-75.756,-1.800110829,0.002264008,0.000766580,-0.002204559,-0.000515412,0.000766580,,0,
1786043693788214187,1786043693.785869093,/novatel/oem7/odom,/novatel/oem7/fix,/novatel/oem7/odom,39.663,-75.756,-1.800110829,0.002266560,0.000759001,-0.000623293,-0.002179174,0.000759001,,,
1786043693795237243,1786043693.794578410,/novatel/oem7/odom,/novatel/oem7/fix,/novatel/oem7/odom,39.663,-75.756,-1.800110829,0.002266560,0.000759001,-0.000623293,-0.002179174,0.000759001,,,
1786043693807160681,1786043693.806624399,/novatel/oem7/inspva,/novatel/oem7/inspva,/novatel/oem7/inspva,39.663,-75.756,-1.800127426,0.003240760,-0.000453359,-0.003235837,0.000178546,-0.000453359,,novatel_oem7_msgs.msg.InertialSolutionStatus(status=3),
1786043693808492904,1786043693.806810347,/novatel/oem7/fix,/novatel/oem7/fix,/novatel/oem7/inspva,39.663,-75.756,-1.800127426,0.003240760,-0.000453359,-0.003235837,0.000178546,-0.000453359,,0,
1786043693809514108,1786043693.807210189,/novatel/oem7/odom,/novatel/oem7/fix,/novatel/oem7/odom,39.663,-75.756,-1.800127426,0.003239704,-0.000460842,0.000025397,-0.003239604,-0.000460842,,,
1786043693810982799,1786043693.810313152,/novatel/oem7/bestpos,/novatel/oem7/bestpos,/novatel/oem7/odom,39.663,-75.756,33.182305248,0.003239704,-0.000460842,0.000025397,-0.003239604,-0.000460842,,novatel_oem7_msgs.msg.SolutionStatus(status=0),novatel_oem7_msgs.msg.PositionOrVelocityType(type=53)
1786043693812341806,1786043693.810691463,/novatel/oem7/bestvel,/novatel/oem7/bestpos,/novatel/oem7/bestvel,39.663,-75.756,33.182305248,0.003815397,0.000371714,,,,193.457764196,novatel_oem7_msgs.msg.SolutionStatus(status=0),novatel_oem7_msgs.msg.PositionOrVelocityType(type=53)
1786043693816267318,1786043693.815623852,/novatel/oem7/odom,/novatel/oem7/bestpos,/novatel/oem7/odom,39.663,-75.756,33.182305248,0.003239704,-0.000460842,0.000025397,-0.003239604,-0.000460842,,,
1786043693825755465,1786043693.825223057,/novatel/oem7/inspva,/novatel/oem7/inspva,/novatel/oem7/inspva,39.663,-75.756,-1.800134134,0.003360242,0.000148864,-0.003350765,0.000252194,0.000148864,,novatel_oem7_msgs.msg.InertialSolutionStatus(status=3),
1786043693827480852,1786043693.825395695,/novatel/oem7/fix,/novatel/oem7/fix,/novatel/oem7/inspva,39.663,-75.756,-1.800134134,0.003360242,0.000148864,-0.003350765,0.000252194,0.000148864,,0,
1786043693828623210,1786043693.825770122,/novatel/oem7/odom,/novatel/oem7/fix,/novatel/oem7/odom,39.663,-75.756,-1.800134134,0.003360567,0.000141350,0.000091051,-0.003359333,0.000141350,,,
1786043693836250079,1786043693.835599100,/novatel/oem7/odom,/novatel/oem7/fix,/novatel/oem7/odom,39.663,-75.756,-1.800134134,0.003360567,0.000141350,0.000091051,-0.003359333,0.000141350,,,
1786043693846071103,1786043693.845556351,/novatel/oem7/inspva,/novatel/oem7/inspva,/novatel/oem7/inspva,39.663,-75.756,-1.800133943,0.002498307,0.001472573,-0.002494266,-0.000142033,0.001472573,,novatel_oem7_msgs.msg.InertialSolutionStatus(status=3),
1786043693847395350,1786043693.845725060,/novatel/oem7/fix,/novatel/oem7/fix,/novatel/oem7/inspva,39.663,-75.756,-1.800133943,0.002498307,0.001472573,-0.002494266,-0.000142033,0.001472573,,0,
1786043693848441117,1786043693.846597438,/novatel/oem7/odom,/novatel/oem7/fix,/novatel/oem7/odom,39.663,-75.756,-1.800133943,0.002502362,0.001465671,-0.000267018,-0.002488075,0.001465671,,,
1786043693856947514,1786043693.856301675,/novatel/oem7/odom,/novatel/oem7/fix,/novatel/oem7/odom,39.663,-75.756,-1.800133943,0.002502362,0.001465671,-0.000267018,-0.002488075,0.001465671,,,
1786043693866669874,1786043693.866080992,/novatel/oem7/inspva,/novatel/oem7/inspva,/novatel/oem7/inspva,39.663,-75.756,-1.800161034,0.002103734,0.001060932,-0.002103574,0.000025884,0.001060932,,novatel_oem7_msgs.msg.InertialSolutionStatus(status=3),
1786043693868000154,1786043693.866243756,/novatel/oem7/fix,/novatel/oem7/fix,/novatel/oem7/inspva,39.663,-75.756,-1.800161034,0.002103734,0.001060932,-0.002103574,0.000025884,0.001060932,,0,
1786043693869017054,1786043693.866559543,/novatel/oem7/odom,/novatel/oem7/fix,/novatel/oem7/odom,39.663,-75.756,-1.800161034,0.002106368,0.001055692,-0.000078954,-0.002104888,0.001055692,,,
1786043693875235935,1786043693.874562085,/novatel/oem7/odom,/novatel/oem7/fix,/novatel/oem7/odom,39.663,-75.756,-1.800161034,0.002106368,0.001055692,-0.000078954,-0.002104888,0.001055692,,,
1786043693885722083,1786043693.885168174,/novatel/oem7/inspva,/novatel/oem7/inspva,/novatel/oem7/inspva,39.663,-75.756,-1.800181575,0.002508708,-0.000697058,-0.002508179,0.000051545,-0.000697058,,novatel_oem7_msgs.msg.InertialSolutionStatus(status=3),
1786043693887026109,1786043693.885318329,/novatel/oem7/fix,/novatel/oem7/fix,/novatel/oem7/inspva,39.663,-75.756,-1.800181575,0.002508708,-0.000697058,-0.002508179,0.000051545,-0.000697058,,0,
1786043693888077629,1786043693.885735989,/novatel/oem7/odom,/novatel/oem7/fix,/novatel/oem7/odom,39.663,-75.756,-1.800181575,0.002507002,-0.000703170,-0.000065735,-0.002506140,-0.000703170,,,
1786043693896009941,1786043693.895364908,/novatel/oem7/odom,/novatel/oem7/fix,/novatel/oem7/odom,39.663,-75.756,-1.800181575,0.002507002,-0.000703170,-0.000065735,-0.002506140,-0.000703170,,,
1786043693906633556,1786043693.906097031,/novatel/oem7/inspva,/novatel/oem7/inspva,/novatel/oem7/inspva,39.663,-75.756,-1.800187623,0.002744476,0.000054701,-0.002744443,0.000013365,0.000054701,,novatel_oem7_msgs.msg.InertialSolutionStatus(status=3),
1786043693908009084,1786043693.906243212,/novatel/oem7/fix,/novatel/oem7/fix,/novatel/oem7/inspva,39.663,-75.756,-1.800187623,0.002744476,0.000054701,-0.002744443,0.000013365,0.000054701,,0,
1786043693909025240,1786043693.906699014,/novatel/oem7/odom,/novatel/oem7/fix,/novatel/oem7/odom,39.663,-75.756,-1.800187623,0.002744604,0.000047848,-0.000118142,-0.002742060,0.000047848,,,
1786043693910476378,1786043693.909110145,/novatel/oem7/bestpos,/novatel/oem7/bestpos,/novatel/oem7/odom,39.663,-75.756,33.182245648,0.002744604,0.000047848,-0.000118142,-0.002742060,0.000047848,,novatel_oem7_msgs.msg.SolutionStatus(status=0),novatel_oem7_msgs.msg.PositionOrVelocityType(type=53)
1786043693911361057,1786043693.909579666,/novatel/oem7/bestvel,/novatel/oem7/bestpos,/novatel/oem7/bestvel,39.663,-75.756,33.182245648,0.003466923,0.000990003,,,,201.154489024,novatel_oem7_msgs.msg.SolutionStatus(status=0),novatel_oem7_msgs.msg.PositionOrVelocityType(type=53)
1786043693914961649,1786043693.914319278,/novatel/oem7/odom,/novatel/oem7/bestpos,/novatel/oem7/odom,39.663,-75.756,33.182245648,0.002744604,0.000047848,-0.000118142,-0.002742060,0.000047848,,,
1786043693925883274,1786043693.925342849,/novatel/oem7/inspva,/novatel/oem7/inspva,/novatel/oem7/inspva,39.663,-75.756,-1.800184907,0.003499694,0.001319562,-0.003128778,0.001567995,0.001319562,,novatel_oem7_msgs.msg.InertialSolutionStatus(status=3),
1786043693927207997,1786043693.925517447,/novatel/oem7/fix,/novatel/oem7/fix,/novatel/oem7/inspva,39.663,-75.756,-1.800184907,0.003499694,0.001319562,-0.003128778,0.001567995,0.001319562,,0,
1786043693928263451,1786043693.926143736,/novatel/oem7/odom,/novatel/oem7/fix,/novatel/oem7/odom,39.663,-75.756,-1.800184907,0.003500444,0.001317572,0.001411281,-0.003203341,0.001317572,,,
1786043693936234173,1786043693.935615492,/novatel/oem7/odom,/novatel/oem7/fix,/novatel/oem7/odom,39.663,-75.756,-1.800184907,0.003500444,0.001317572,0.001411281,-0.003203341,0.001317572,,,
1786043693945623186,1786043693.945090154,/novatel/oem7/inspva,/novatel/oem7/inspva,/novatel/oem7/inspva,39.663,-75.756,-1.800196364,0.002611096,0.001872701,-0.002478527,0.000821415,0.001872701,,novatel_oem7_msgs.msg.InertialSolutionStatus(status=3),
1786043693946947652,1786043693.945238583,/novatel/oem7/fix,/novatel/oem7/fix,/novatel/oem7/inspva,39.663,-75.756,-1.800196364,0.002611096,0.001872701,-0.002478527,0.000821415,0.001872701,,0,
1786043693947982863,1786043693.945704223,/novatel/oem7/odom,/novatel/oem7/fix,/novatel/oem7/odom,39.663,-75.756,-1.800196364,0.002613378,0.001869515,0.000694450,-0.002519421,0.001869515,,,
1786043693956264415,1786043693.955614785,/novatel/oem7/odom,/novatel/oem7/fix,/novatel/oem7/odom,39.663,-75.756,-1.800196364,0.002613378,0.001869515,0.000694450,-0.002519421,0.001869515,,,
1786043693966397528,1786043693.965901543,/novatel/oem7/inspva,/novatel/oem7/inspva,/novatel/oem7/inspva,39.663,-75.756,-1.800221816,0.001879762,-0.001108974,-0.001772591,-0.000625640,-0.001108974,,novatel_oem7_msgs.msg.InertialSolutionStatus(status=3),
1786043693967749842,1786043693.965976943,/novatel/oem7/fix,/novatel/oem7/fix,/novatel/oem7/inspva,39.663,-75.756,-1.800221816,0.001879762,-0.001108974,-0.001772591,-0.000625640,-0.001108974,,0,
1786043693968789189,1786043693.966529883,/novatel/oem7/odom,/novatel/oem7/fix,/novatel/oem7/odom,39.663,-75.756,-1.800221816,0.001875696,-0.001115838,-0.000705328,-0.001738030,-0.001115838,,,
1786043693975242403,1786043693.974623305,/novatel/oem7/odom,/novatel/oem7/fix,/novatel/oem7/odom,39.663,-75.756,-1.800221816,0.001875696,-0.001115838,-0.000705328,-0.001738030,-0.001115838,,,
1786043693985638589,1786043693.985103617,/novatel/oem7/inspva,/novatel/oem7/inspva,/novatel/oem7/inspva,39.663,-75.756,-1.800228392,0.002105875,-0.000719810,-0.002045829,-0.000499294,-0.000719810,,novatel_oem7_msgs.msg.InertialSolutionStatus(status=3),
1786043693986952232,1786043693.985255692,/novatel/oem7/fix,/novatel/oem7/fix,/novatel/oem7/inspva,39.663,-75.756,-1.800228392,0.002105875,-0.000719810,-0.002045829,-0.000499294,-0.000719810,,0,
1786043693987976489,1786043693.985950636,/novatel/oem7/odom,/novatel/oem7/fix,/novatel/oem7/odom,39.663,-75.756,-1.800228392,0.002103451,-0.000726863,-0.000593741,-0.002017915,-0.000726863,,,
1786043693995541477,1786043693.994908488,/novatel/oem7/odom,/novatel/oem7/fix,/novatel/oem7/odom,39.663,-75.756,-1.800228392,0.002103451,-0.000726863,-0.000593741,-0.002017915,-0.000726863,,,
1786043694008979497,1786043694.008467229,/novatel/oem7/inspva,/novatel/oem7/inspva,/novatel/oem7/inspva,39.663,-75.756,-1.800224227,0.003835373,0.001256609,-0.003449176,0.001677280,0.001256609,,novatel_oem7_msgs.msg.InertialSolutionStatus(status=3),
1786043694010254510,1786043694.008605387,/novatel/oem7/fix,/novatel/oem7/fix,/novatel/oem7/inspva,39.663,-75.756,-1.800224227,0.003835373,0.001256609,-0.003449176,0.001677280,0.001256609,,0,
1786043694012172989,1786043694.011235639,/novatel/oem7/odom,/novatel/oem7/fix,/novatel/oem7/odom,39.663,-75.756,-1.800224227,0.003836145,0.001254250,0.001505318,-0.003528459,0.001254250,,,
1786043694016188658,1786043694.015535855,/novatel/oem7/odom,/novatel/oem7/fix,/novatel/oem7/odom,39.663,-75.756,-1.800224227,0.003836145,0.001254250,0.001505318,-0.003528459,0.001254250,,,
1786043694025538091,1786043694.024980971,/novatel/oem7/bestpos,/novatel/oem7/bestpos,/novatel/oem7/odom,39.663,-75.756,33.182184067,0.003836145,0.001254250,0.001505318,-0.003528459,0.001254250,,novatel_oem7_msgs.msg.SolutionStatus(status=0),novatel_oem7_msgs.msg.PositionOrVelocityType(type=53)
1786043694026944918,1786043694.026457830,/novatel/oem7/bestvel,/novatel/oem7/bestpos,/novatel/oem7/bestvel,39.663,-75.756,33.182184067,0.003149988,0.000332393,,,,136.592256912,novatel_oem7_msgs.msg.SolutionStatus(status=0),novatel_oem7_msgs.msg.PositionOrVelocityType(type=53)
1786043694028339929,1786043694.026918802,/novatel/oem7/inspva,/novatel/oem7/inspva,/novatel/oem7/inspva,39.663,-75.756,-1.800236770,0.003158131,0.001716383,-0.002893269,0.001266014,0.001716383,,novatel_oem7_msgs.msg.InertialSolutionStatus(status=3),
1786043694029163770,1786043694.027054179,/novatel/oem7/fix,/novatel/oem7/fix,/novatel/oem7/inspva,39.663,-75.756,-1.800236770,0.003158131,0.001716383,-0.002893269,0.001266014,0.001716383,,0,
1786043694030175940,1786043694.027375422,/novatel/oem7/odom,/novatel/oem7/fix,/novatel/oem7/odom,39.663,-75.756,-1.800236770,0.003159512,0.001713840,0.001119308,-0.002954600,0.001713840,,,
1786043694035094626,1786043694.034446082,/novatel/oem7/odom,/novatel/oem7/fix,/novatel/oem7/odom,39.663,-75.756,-1.800236770,0.003159512,0.001713840,0.001119308,-0.002954600,0.001713840,,,
1786043694045785135,1786043694.045258407,/novatel/oem7/inspva,/novatel/oem7/inspva,/novatel/oem7/inspva,39.663,-75.756,-1.800255680,0.001570341,-0.000676807,-0.001457523,-0.000584462,-0.000676807,,novatel_oem7_msgs.msg.InertialSolutionStatus(status=3),
1786043694047094182,1786043694.045396311,/novatel/oem7/fix,/novatel/oem7/fix,/novatel/oem7/inspva,39.663,-75.756,-1.800255680,0.001570341,-0.000676807,-0.001457523,-0.000584462,-0.000676807,,0,
1786043694048112112,1786043694.046038244,/novatel/oem7/odom,/novatel/oem7/fix,/novatel/oem7/odom,39.663,-75.756,-1.800255680,0.001567765,-0.000682753,-0.000650838,-0.001426287,-0.000682753,,,
1786043694057175538,1786043694.056508505,/novatel/oem7/odom,/novatel/oem7/fix,/novatel/oem7/odom,39.663,-75.756,-1.800255680,0.001567765,-0.000682753,-0.000650838,-0.001426287,-0.000682753,,,
1786043694065551348,1786043694.065054705,/novatel/oem7/inspva,/novatel/oem7/inspva,/novatel/oem7/inspva,39.663,-75.756,-1.800252420,0.002192941,-0.001352918,-0.002047723,-0.000784743,-0.001352918,,novatel_oem7_msgs.msg.InertialSolutionStatus(status=3),
1786043694066858610,1786043694.065122904,/novatel/oem7/fix,/novatel/oem7/fix,/novatel/oem7/inspva,39.663,-75.756,-1.800252420,0.002192941,-0.001352918,-0.002047723,-0.000784743,-0.001352918,,0,
1786043694067883017,1786043694.065622575,/novatel/oem7/odom,/novatel/oem7/fix,/novatel/oem7/odom,39.663,-75.756,-1.800252420,0.002187884,-0.001361081,-0.000876505,-0.002004638,-0.001361081,,,
1786043694075245280,1786043694.074553024,/novatel/oem7/odom,/novatel/oem7/fix,/novatel/oem7/odom,39.663,-75.756,-1.800252420,0.002187884,-0.001361081,-0.000876505,-0.002004638,-0.001361081,,,
1786043694086979770,1786043694.086445961,/novatel/oem7/inspva,/novatel/oem7/inspva,/novatel/oem7/inspva,39.663,-75.756,-1.800235058,0.003967951,0.000831415,-0.003698108,0.001438275,0.000831415,,novatel_oem7_msgs.msg.InertialSolutionStatus(status=3),
1786043694088287753,1786043694.086601343,/novatel/oem7/fix,/novatel/oem7/fix,/novatel/oem7/inspva,39.663,-75.756,-1.800235058,0.003967951,0.000831415,-0.003698108,0.001438275,0.000831415,,0,
1786043694089314480,1786043694.087206392,/novatel/oem7/odom,/novatel/oem7/fix,/novatel/oem7/odom,39.663,-75.756,-1.800235058,0.003968789,0.000827409,0.001256356,-0.003764685,0.000827409,,,
1786043694095631992,1786043694.094992061,/novatel/oem7/odom,/novatel/oem7/fix,/novatel/oem7/odom,39.663,-75.756,-1.800235058,0.003968789,0.000827409,0.001256356,-0.003764685,0.000827409,,,
1786043694106402245,1786043694.105894507,/novatel/oem7/inspva,/novatel/oem7/inspva,/novatel/oem7/inspva,39.663,-75.756,-1.800226513,0.003195424,0.001609863,-0.003175579,0.000355576,0.001609863,,novatel_oem7_msgs.msg.InertialSolutionStatus(status=3),
1786043694107707512,1786043694.106031272,/novatel/oem7/fix,/novatel/oem7/fix,/novatel/oem7/inspva,39.663,-75.756,-1.800226513,0.003195424,0.001609863,-0.003175579,0.000355576,0.001609863,,0,
1786043694108724818,1786043694.106500556,/novatel/oem7/odom,/novatel/oem7/fix,/novatel/oem7/odom,39.663,-75.756,-1.800226513,0.003198824,0.001603097,0.000196813,-0.003192764,0.001603097,,,
1786043694110157979,1786043694.109307573,/novatel/oem7/bestpos,/novatel/oem7/bestpos,/novatel/oem7/odom,39.663,-75.756,33.182178266,0.003198824,0.001603097,0.000196813,-0.003192764,0.001603097,,novatel_oem7_msgs.msg.SolutionStatus(status=0),novatel_oem7_msgs.msg.PositionOrVelocityType(type=53)
1786043694111540990,1786043694.109913573,/novatel/oem7/bestvel,/novatel/oem7/bestpos,/novatel/oem7/bestvel,39.663,-75.756,33.182178266,0.003173201,0.001595517,,,,173.523075404,novatel_oem7_msgs.msg.SolutionStatus(status=0),novatel_oem7_msgs.msg.PositionOrVelocityType(type=53)
1786043694115494019,1786043694.114834626,/novatel/oem7/odom,/novatel/oem7/bestpos,/novatel/oem7/odom,39.663,-75.756,33.182178266,0.003198824,0.001603097,0.000196813,-0.003192764,0.001603097,,,
1786043694125602259,1786043694.125099416,/novatel/oem7/inspva,/novatel/oem7/inspva,/novatel/oem7/inspva,39.663,-75.756,-1.800228230,0.001273653,0.000362869,-0.001170406,-0.000502336,0.000362869,,novatel_oem7_msgs.msg.InertialSolutionStatus(status=3),
1786043694126915005,1786043694.125168803,/novatel/oem7/fix,/novatel/oem7/fix,/novatel/oem7/inspva,39.663,-75.756,-1.800228230,0.001273653,0.000362869,-0.001170406,-0.000502336,0.000362869,,0,
1786043694127948329,1786043694.125801761,/novatel/oem7/odom,/novatel/oem7/fix,/novatel/oem7/odom,39.663,-75.756,-1.800228230,0.001275040,0.000357965,-0.000559199,-0.001145873,0.000357965,,,
1786043694135513621,1786043694.134893356,/novatel/oem7/odom,/novatel/oem7/fix,/novatel/oem7/odom,39.663,-75.756,-1.800228230,0.001275040,0.000357965,-0.000559199,-0.001145873,0.000357965,,,
1786043694146522603,1786043694.145990888,/novatel/oem7/inspva,/novatel/oem7/inspva,/novatel/oem7/inspva,39.663,-75.756,-1.800223226,0.001764857,-0.000050965,-0.001540655,-0.000860874,-0.000050965,,novatel_oem7_msgs.msg.InertialSolutionStatus(status=3),
1786043694148239590,1786043694.146125873,/novatel/oem7/fix,/novatel/oem7/fix,/novatel/oem7/inspva,39.663,-75.756,-1.800223226,0.001764857,-0.000050965,-0.001540655,-0.000860874,-0.000050965,,0,
1786043694149328194,1786043694.146561547,/novatel/oem7/odom,/novatel/oem7/fix,/novatel/oem7/odom,39.663,-75.756,-1.800223226,0.001764634,-0.000058192,-0.000933430,-0.001497545,-0.000058192,,,
1786043694156264156,1786043694.155646743,/novatel/oem7/odom,/novatel/oem7/fix,/novatel/oem7/odom,39.663,-75.756,-1.800223226,0.001764634,-0.000058192,-0.000933430,-0.001497545,-0.000058192,,,
1786043694165764190,1786043694.165238545,/novatel/oem7/inspva,/novatel/oem7/inspva,/novatel/oem7/inspva,39.663,-75.756,-1.800214414,0.004117385,-0.000288096,-0.004073801,0.000597494,-0.000288096,,novatel_oem7_msgs.msg.InertialSolutionStatus(status=3),
1786043694167079453,1786043694.165389029,/novatel/oem7/fix,/novatel/oem7/fix,/novatel/oem7/inspva,39.663,-75.756,-1.800214414,0.004117385,-0.000288096,-0.004073801,0.000597494,-0.000288096,,0,
1786043694168118254,1786043694.165966556,/novatel/oem7/odom,/novatel/oem7/fix,/novatel/oem7/odom,39.663,-75.756,-1.800214414,0.004116805,-0.000296270,0.000402903,-0.004097041,-0.000296270,,,
1786043694176075973,1786043694.175433929,/novatel/oem7/odom,/novatel/oem7/fix,/novatel/oem7/odom,39.663,-75.756,-1.800214414,0.004116805,-0.000296270,0.000402903,-0.004097041,-0.000296270,,,
1786043694185365952,1786043694.184888524,/novatel/oem7/inspva,/novatel/oem7/inspva,/novatel/oem7/inspva,39.663,-75.756,-1.800197948,0.003650348,0.001157396,-0.003614646,0.000509287,0.001157396,,novatel_oem7_msgs.msg.InertialSolutionStatus(status=3),
1786043694186674738,1786043694.184956175,/novatel/oem7/fix,/novatel/oem7/fix,/novatel/oem7/inspva,39.663,-75.756,-1.800197948,0.003650348,0.001157396,-0.003614646,0.000509287,0.001157396,,0,
1786043694187698238,1786043694.185453029,/novatel/oem7/odom,/novatel/oem7/fix,/novatel/oem7/odom,39.663,-75.756,-1.800197948,0.003652649,0.001150115,0.000331116,-0.003637610,0.001150115,,,
1786043694195082674,1786043694.194471858,/novatel/oem7/odom,/novatel/oem7/fix,/novatel/oem7/odom,39.663,-75.756,-1.800197948,0.003652649,0.001150115,0.000331116,-0.003637610,0.001150115,,,
1786043694206834824,1786043694.206236505,/novatel/oem7/inspva,/novatel/oem7/inspva,/novatel/oem7/inspva,39.663,-75.756,-1.800184242,0.002382240,0.001463209,-0.002196061,-0.000923245,0.001463209,,novatel_oem7_msgs.msg.InertialSolutionStatus(status=3),
1786043694208229004,1786043694.206381733,/novatel/oem7/fix,/novatel/oem7/fix,/novatel/oem7/inspva,39.663,-75.756,-1.800184242,0.002382240,0.001463209,-0.002196061,-0.000923245,0.001463209,,0,
1786043694209262848,1786043694.207246770,/novatel/oem7/odom,/novatel/oem7/fix,/novatel/oem7/odom,39.663,-75.756,-1.800184242,0.002387852,0.001454031,-0.001033099,-0.002152799,0.001454031,,,
1786043694210718906,1786043694.209909475,/novatel/oem7/bestpos,/novatel/oem7/bestpos,/novatel/oem7/odom,39.663,-75.756,33.182216099,0.002387852,0.001454031,-0.001033099,-0.002152799,0.001454031,,novatel_oem7_msgs.msg.SolutionStatus(status=0),novatel_oem7_msgs.msg.PositionOrVelocityType(type=53)
1786043694212126673,1786043694.210267881,/novatel/oem7/bestvel,/novatel/oem7/bestpos,/novatel/oem7/bestvel,39.663,-75.756,33.182216099,0.001996630,0.000688920,,,,170.639598419,novatel_oem7_msgs.msg.SolutionStatus(status=0),novatel_oem7_msgs.msg.PositionOrVelocityType(type=53)
1786043694215752779,1786043694.215124833,/novatel/oem7/odom,/novatel/oem7/bestpos,/novatel/oem7/odom,39.663,-75.756,33.182216099,0.002387852,0.001454031,-0.001033099,-0.002152799,0.001454031,,,
1786043694225672664,1786043694.225133702,/novatel/oem7/inspva,/novatel/oem7/inspva,/novatel/oem7/inspva,39.663,-75.756,-1.800177689,0.002224716,0.000790025,-0.002201530,-0.000320354,0.000790025,,novatel_oem7_msgs.msg.InertialSolutionStatus(status=3),
1786043694226983244,1786043694.225331568,/novatel/oem7/fix,/novatel/oem7/fix,/novatel/oem7/inspva,39.663,-75.756,-1.800177689,0.002224716,0.000790025,-0.002201530,-0.000320354,0.000790025,,0,
1786043694228001920,1786043694.225650761,/novatel/oem7/odom,/novatel/oem7/fix,/novatel/oem7/odom,39.663,-75.756,-1.800177689,0.002227139,0.000783170,-0.000428493,-0.002185530,0.000783170,,,
1786043694235458051,1786043694.234827403,/novatel/oem7/odom,/novatel/oem7/fix,/novatel/oem7/odom,39.663,-75.756,-1.800177689,0.002227139,0.000783170,-0.000428493,-0.002185530,0.000783170,,,
1786043694247032439,1786043694.246406419,/novatel/oem7/inspva,/novatel/oem7/inspva,/novatel/oem7/inspva,39.663,-75.756,-1.800180557,0.003899793,-0.001118905,-0.003888191,0.000300589,-0.001118905,,novatel_oem7_msgs.msg.InertialSolutionStatus(status=3),
1786043694248344159,1786043694.246633945,/novatel/oem7/fix,/novatel/oem7/fix,/novatel/oem7/inspva,39.663,-75.756,-1.800180557,0.003899793,-0.001118905,-0.003888191,0.000300589,-0.001118905,,0,
1786043694249396259,1786043694.246926715,/novatel/oem7/odom,/novatel/oem7/fix,/novatel/oem7/odom,39.663,-75.756,-1.800180557,0.003897286,-0.001127606,0.000118500,-0.003895484,-0.001127606,,,
1786043694257197316,1786043694.256536893,/novatel/oem7/odom,/novatel/oem7/fix,/novatel/oem7/odom,39.663,-75.756,-1.800180557,0.003897286,-0.001127606,0.000118500,-0.003895484,-0.001127606,,,
1786043694266053101,1786043694.265530592,/novatel/oem7/inspva,/novatel/oem7/inspva,/novatel/oem7/inspva,39.663,-75.756,-1.800160509,0.003894533,-0.000109021,-0.003893003,-0.000109148,-0.000109021,,novatel_oem7_msgs.msg.InertialSolutionStatus(status=3),
1786043694267373577,1786043694.265713341,/novatel/oem7/fix,/novatel/oem7/fix,/novatel/oem7/inspva,39.663,-75.756,-1.800160509,0.003894533,-0.000109021,-0.003893003,-0.000109148,-0.000109021,,0,
1786043694268460825,1786043694.266080070,/novatel/oem7/odom,/novatel/oem7/fix,/novatel/oem7/odom,39.663,-75.756,-1.800160509,0.003894231,-0.000119341,-0.000294995,-0.003883041,-0.000119341,,,
1786043694275177098,1786043694.274484724,/novatel/oem7/odom,/novatel/oem7/fix,/novatel/oem7/odom,39.663,-75.756,-1.800160509,0.003894231,-0.000119341,-0.000294995,-0.003883041,-0.000119341,,,
1786043694285940568,1786043694.285397163,/novatel/oem7/inspva,/novatel/oem7/inspva,/novatel/oem7/inspva,39.663,-75.756,-1.800129933,0.003227532,0.002698933,-0.003213016,-0.000305758,0.002698933,,novatel_oem7_msgs.msg.InertialSolutionStatus(status=3),
1786043694287253957,1786043694.285598871,/novatel/oem7/fix,/novatel/oem7/fix,/novatel/oem7/inspva,39.663,-75.756,-1.800129933,0.003227532,0.002698933,-0.003213016,-0.000305758,0.002698933,,0,
1786043694288318225,1786043694.286167220,/novatel/oem7/odom,/novatel/oem7/fix,/novatel/oem7/odom,39.663,-75.756,-1.800129933,0.003235380,0.002689519,-0.000469911,-0.003201073,0.002689519,,,
1786043694296300327,1786043694.295642070,/novatel/oem7/odom,/novatel/oem7/fix,/novatel/oem7/odom,39.663,-75.756,-1.800129933,0.003235380,0.002689519,-0.000469911,-0.003201073,0.002689519,,,
1786043694306728630,1786043694.306175625,/novatel/oem7/inspva,/novatel/oem7/inspva,/novatel/oem7/inspva,39.663,-75.756,-1.800120897,0.002973457,0.001756476,-0.002962688,-0.000252840,0.001756476,,novatel_oem7_msgs.msg.InertialSolutionStatus(status=3),
1786043694308106714,1786043694.306359460,/novatel/oem7/fix,/novatel/oem7/fix,/novatel/oem7/inspva,39.663,-75.756,-1.800120897,0.002973457,0.001756476,-0.002962688,-0.000252840,0.001756476,,0,
1786043694309178704,1786043694.306679677,/novatel/oem7/odom,/novatel/oem7/fix,/novatel/oem7/odom,39.663,-75.756,-1.800120897,0.002978488,0.001747932,-0.000401390,-0.002951318,0.001747932,,,
1786043694310681819,1786043694.309704286,/novatel/oem7/bestpos,/novatel/oem7/bestpos,/novatel/oem7/odom,39.663,-75.756,33.182280146,0.002978488,0.001747932,-0.000401390,-0.002951318,0.001747932,,novatel_oem7_msgs.msg.SolutionStatus(status=0),novatel_oem7_msgs.msg.PositionOrVelocityType(type=53)
1786043694312117984,1786043694.310483661,/novatel/oem7/bestvel,/novatel/oem7/bestpos,/novatel/oem7/bestvel,39.663,-75.756,33.182280146,0.003050939,0.000715502,,,,151.574743541,novatel_oem7_msgs.msg.SolutionStatus(status=0),novatel_oem7_msgs.msg.PositionOrVelocityType(type=53)
1786043694315071083,1786043694.314431532,/novatel/oem7/odom,/novatel/oem7/bestpos,/novatel/oem7/odom,39.663,-75.756,33.182280146,0.002978488,0.001747932,-0.000401390,-0.002951318,0.001747932,,,
1786043694327167740,1786043694.326638661,/novatel/oem7/inspva,/novatel/oem7/inspva,/novatel/oem7/inspva,39.663,-75.756,-1.800124336,0.003091438,-0.001193861,-0.002977447,-0.000831744,-0.001193861,,novatel_oem7_msgs.msg.InertialSolutionStatus(status=3),
1786043694328532950,1786043694.326821293,/novatel/oem7/fix,/novatel/oem7/fix,/novatel/oem7/inspva,39.663,-75.756,-1.800124336,0.003091438,-0.001193861,-0.002977447,-0.000831744,-0.001193861,,0,
1786043694329629017,1786043694.327233327,/novatel/oem7/odom,/novatel/oem7/fix,/novatel/oem7/odom,39.663,-75.756,-1.800124336,0.003087287,-0.001204555,-0.000968603,-0.002931407,-0.001204555,,,
1786043694335846826,1786043694.335155302,/novatel/oem7/odom,/novatel/oem7/fix,/novatel/oem7/odom,39.663,-75.756,-1.800124336,0.003087287,-0.001204555,-0.000968603,-0.002931407,-0.001204555,,,
1786043694345510314,1786043694.344982492,/novatel/oem7/inspva,/novatel/oem7/inspva,/novatel/oem7/inspva,39.663,-75.756,-1.800104452,0.003482225,-0.000769253,-0.003474799,-0.000227296,-0.000769253,,novatel_oem7_msgs.msg.InertialSolutionStatus(status=3),
1786043694346864578,1786043694.345071186,/novatel/oem7/fix,/novatel/oem7/fix,/novatel/oem7/inspva,39.663,-75.756,-1.800104452,0.003482225,-0.000769253,-0.003474799,-0.000227296,-0.000769253,,0,
1786043694347927045,1786043694.345518181,/novatel/oem7/odom,/novatel/oem7/fix,/novatel/oem7/odom,39.663,-75.756,-1.800104452,0.003480067,-0.000778960,-0.000390393,-0.003458100,-0.000778960,,,
1786043694356669735,1786043694.356001611,/novatel/oem7/odom,/novatel/oem7/fix,/novatel/oem7/odom,39.663,-75.756,-1.800104452,0.003480067,-0.000778960,-0.000390393,-0.003458100,-0.000778960,,,
1786043694365863716,1786043694.365343371,/novatel/oem7/inspva,/novatel/oem7/inspva,/novatel/oem7/inspva,39.663,-75.756,-1.800066717,0.003927805,0.002739864,-0.003920639,0.000237158,0.002739864,,novatel_oem7_msgs.msg.InertialSolutionStatus(status=3),
1786043694367220669,1786043694.365510899,/novatel/oem7/fix,/novatel/oem7/fix,/novatel/oem7/inspva,39.663,-75.756,-1.800066717,0.003927805,0.002739864,-0.003920639,0.000237158,0.002739864,,0,
1786043694368297790,1786043694.366117272,/novatel/oem7/odom,/novatel/oem7/fix,/novatel/oem7/odom,39.663,-75.756,-1.800066717,0.003934177,0.002730707,0.000038263,-0.003933991,0.002730707,,,
1786043694375614673,1786043694.374950212,/novatel/oem7/odom,/novatel/oem7/fix,/novatel/oem7/odom,39.663,-75.756,-1.800066717,0.003934177,0.002730707,0.000038263,-0.003933991,0.002730707,,,
1786043694386704786,1786043694.386183214,/novatel/oem7/inspva,/novatel/oem7/inspva,/novatel/oem7/inspva,39.663,-75.756,-1.800061066,0.003164002,0.002204981,-0.003150594,-0.000290984,0.002204981,,novatel_oem7_msgs.msg.InertialSolutionStatus(status=3),
1786043694388008285,1786043694.386334003,/novatel/oem7/fix,/novatel/oem7/fix,/novatel/oem7/inspva,39.663,-75.756,-1.800061066,0.003164002,0.002204981,-0.003150594,-0.000290984,0.002204981,,0,
1786043694389051396,1786043694.386756300,/novatel/oem7/odom,/novatel/oem7/fix,/novatel/oem7/odom,39.663,-75.756,-1.800061066,0.003170363,0.002195825,-0.000450305,-0.003138221,0.002195825,,,
1786043694395165313,1786043694.394515457,/novatel/oem7/odom,/novatel/oem7/fix,/novatel/oem7/odom,39.663,-75.756,-1.800061066,0.003170363,0.002195825,-0.000450305,-0.003138221,0.002195825,,,
1786043694407012251,1786043694.406485199,/novatel/oem7/inspva,/novatel/oem7/inspva,/novatel/oem7/inspva,39.663,-75.756,-1.800066528,0.002702174,-0.000736129,-0.002427813,-0.001186367,-0.000736129,,novatel_oem7_msgs.msg.InertialSolutionStatus(status=3),
1786043694408347544,1786043694.406646990,/novatel/oem7/fix,/novatel/oem7/fix,/novatel/oem7/inspva,39.663,-75.756,-1.800066528,0.002702174,-0.000736129,-0.002427813,-0.001186367,-0.000736129,,0,
1786043694409413264,1786043694.407096761,/novatel/oem7/odom,/novatel/oem7/fix,/novatel/oem7/odom,39.663,-75.756,-1.800066528,0.002699245,-0.000746799,-0.001298356,-0.002366473,-0.000746799,,,
1786043694410900819,1786043694.410210367,/novatel/oem7/bestpos,/novatel/oem7/bestpos,/novatel/oem7/odom,39.663,-75.756,33.182357285,0.002699245,-0.000746799,-0.001298356,-0.002366473,-0.000746799,,novatel_oem7_msgs.msg.SolutionStatus(status=0),novatel_oem7_msgs.msg.PositionOrVelocityType(type=53)
1786043694412346304,1786043694.410642760,/novatel/oem7/bestvel,/novatel/oem7/bestpos,/novatel/oem7/bestvel,39.663,-75.756,33.182357285,0.003244480,-0.000427736,,,,199.259990087,novatel_oem7_msgs.msg.SolutionStatus(status=0),novatel_oem7_msgs.msg.PositionOrVelocityType(type=53)
1786043694416353273,1786043694.415704214,/novatel/oem7/odom,/novatel/oem7/bestpos,/novatel/oem7/odom,39.663,-75.756,33.182357285,0.002699245,-0.000746799,-0.001298356,-0.002366473,-0.000746799,,,
1786043694425570035,1786043694.425031222,/novatel/oem7/inspva,/novatel/oem7/inspva,/novatel/oem7/inspva,39.663,-75.756,-1.800054039,0.002796977,-0.000863412,-0.002727371,-0.000620101,-0.000863412,,novatel_oem7_msgs.msg.InertialSolutionStatus(status=3),
1786043694426882944,1786043694.425191394,/novatel/oem7/fix,/novatel/oem7/fix,/novatel/oem7/inspva,39.663,-75.756,-1.800054039,0.002796977,-0.000863412,-0.002727371,-0.000620101,-0.000863412,,0,
1786043694427943095,1786043694.425638341,/novatel/oem7/odom,/novatel/oem7/fix,/novatel/oem7/odom,39.663,-75.756,-1.800054039,0.002794092,-0.000872703,-0.000746624,-0.002692490,-0.000872703,,,
1786043694435173123,1786043694.434509930,/novatel/oem7/odom,/novatel/oem7/fix,/novatel/oem7/odom,39.663,-75.756,-1.800054039,0.002794092,-0.000872703,-0.000746624,-0.002692490,-0.000872703,,,
1786043694447186989,1786043694.446618510,/novatel/oem7/inspva,/novatel/oem7/inspva,/novatel/oem7/inspva,39.663,-75.756,-1.800026894,0.004221350,0.001356495,-0.004197219,0.000450725,0.001356495,,novatel_oem7_msgs.msg.InertialSolutionStatus(status=3),
1786043694448581393,1786043694.446854565,/novatel/oem7/fix,/novatel/oem7/fix,/novatel/oem7/inspva,39.663,-75.756,-1.800026894,0.004221350,0.001356495,-0.004197219,0.000450725,0.001356495,,0,
1786043694449661076,1786043694.447217832,/novatel/oem7/odom,/novatel/oem7/fix,/novatel/oem7/odom,39.663,-75.756,-1.800026894,0.004224240,0.001347468,0.000243787,-0.004217200,0.001347468,,,
1786043694456942545,1786043694.456265512,/novatel/oem7/odom,/novatel/oem7/fix,/novatel/oem7/odom,39.663,-75.756,-1.800026894,0.004224240,0.001347468,0.000243787,-0.004217200,0.001347468,,,
1786043694465599311,1786043694.465059303,/novatel/oem7/inspva,/novatel/oem7/inspva,/novatel/oem7/inspva,39.663,-75.756,-1.800014161,0.003664632,0.001789453,-0.003660739,0.000168881,0.001789453,,novatel_oem7_msgs.msg.InertialSolutionStatus(status=3),
1786043694466954998,1786043694.465226661,/novatel/oem7/fix,/novatel/oem7/fix,/novatel/oem7/inspva,39.663,-75.756,-1.800014161,0.003664632,0.001789453,-0.003660739,0.000168881,0.001789453,,0,
1786043694468098216,1786043694.465643333,/novatel/oem7/odom,/novatel/oem7/fix,/novatel/oem7/odom,39.663,-75.756,-1.800014161,0.003668897,0.001780692,-0.000013794,-0.003668871,0.001780692,,,
1786043694476220469,1786043694.475523746,/novatel/oem7/odom,/novatel/oem7/fix,/novatel/oem7/odom,39.663,-75.756,-1.800014161,0.003668897,0.001780692,-0.000013794,-0.003668871,0.001780692,,,
1786043694485784064,1786043694.485248129,/novatel/oem7/inspva,/novatel/oem7/inspva,/novatel/oem7/inspva,39.663,-75.756,-1.800004525,0.002337356,0.001057108,-0.001528525,-0.001768288,0.001057108,,novatel_oem7_msgs.msg.InertialSolutionStatus(status=3),
1786043694487120464,1786043694.485455155,/novatel/oem7/fix,/novatel/oem7/fix,/novatel/oem7/inspva,39.663,-75.756,-1.800004525,0.002337356,0.001057108,-0.001528525,-0.001768288,0.001057108,,0,
1786043694488244866,1786043694.486010317,/novatel/oem7/odom,/novatel/oem7/fix,/novatel/oem7/odom,39.663,-75.756,-1.800004525,0.002342181,0.001046373,-0.001843687,-0.001444518,0.001046373,,,
1786043694495581995,1786043694.494890668,/novatel/oem7/odom,/novatel/oem7/fix,/novatel/oem7/odom,39.663,-75.756,-1.800004525,0.002342181,0.001046373,-0.001843687,-0.001444518,0.001046373,,,
1786043694506573307,1786043694.505995045,/novatel/oem7/inspva,/novatel/oem7/inspva,/novatel/oem7/inspva,39.663,-75.756,-1.799997309,0.002020008,-0.000460373,-0.001739647,-0.001026675,-0.000460373,,novatel_oem7_msgs.msg.InertialSolutionStatus(status=3),
1786043694507990538,1786043694.506183803,/novatel/oem7/fix,/novatel/oem7/fix,/novatel/oem7/inspva,39.663,-75.756,-1.799997309,0.002020008,-0.000460373,-0.001739647,-0.001026675,-0.000460373,,0,
1786043694509050945,1786043694.506628993,/novatel/oem7/odom,/novatel/oem7/fix,/novatel/oem7/odom,39.663,-75.756,-1.799997309,0.002018083,-0.000468742,-0.001107011,-0.001687361,-0.000468742,,,
1786043694511828819,1786043694.511211386,/novatel/oem7/bestpos,/novatel/oem7/bestpos,/novatel/oem7/odom,39.663,-75.756,33.182414132,0.002018083,-0.000468742,-0.001107011,-0.001687361,-0.000468742,,novatel_oem7_msgs.msg.SolutionStatus(status=0),novatel_oem7_msgs.msg.PositionOrVelocityType(type=53)
1786043694513341401,1786043694.511604504,/novatel/oem7/bestvel,/novatel/oem7/bestpos,/novatel/oem7/bestvel,39.663,-75.756,33.182414132,0.002458639,-0.000523531,,,,182.270111755,novatel_oem7_msgs.msg.SolutionStatus(status=0),novatel_oem7_msgs.msg.PositionOrVelocityType(type=53)
1786043694515387438,1786043694.514413829,/novatel/oem7/odom,/novatel/oem7/bestpos,/novatel/oem7/odom,39.663,-75.756,33.182414132,0.002018083,-0.000468742,-0.001107011,-0.001687361,-0.000468742,,,
1786043694525848151,1786043694.525265102,/novatel/oem7/inspva,/novatel/oem7/inspva,/novatel/oem7/inspva,39.663,-75.756,-1.799975833,0.004193070,0.000624040,-0.004160104,-0.000524752,0.000624040,,novatel_oem7_msgs.msg.InertialSolutionStatus(status=3),
1786043694527243139,1786043694.525502832,/novatel/oem7/fix,/novatel/oem7/fix,/novatel/oem7/inspva,39.663,-75.756,-1.799975833,0.004193070,0.000624040,-0.004160104,-0.000524752,0.000624040,,0,
1786043694528342226,1786043694.526137828,/novatel/oem7/odom,/novatel/oem7/fix,/novatel/oem7/odom,39.663,-75.756,-1.799975833,0.004194929,0.000611416,-0.000725977,-0.004131632,0.000611416,,,
1786043694537550907,1786043694.535531427,/novatel/oem7/odom,/novatel/oem7/fix,/novatel/oem7/odom,39.663,-75.756,-1.799975833,0.004194929,0.000611416,-0.000725977,-0.004131632,0.000611416,,,
1786043694545646314,1786043694.545074789,/novatel/oem7/inspva,/novatel/oem7/inspva,/novatel/oem7/inspva,39.663,-75.756,-1.799964767,0.003859281,0.000755590,-0.003821935,0.000535599,0.000755590,,novatel_oem7_msgs.msg.InertialSolutionStatus(status=3),
1786043694547020561,1786043694.545271557,/novatel/oem7/fix,/novatel/oem7/fix,/novatel/oem7/inspva,39.663,-75.756,-1.799964767,0.003859281,0.000755590,-0.003821935,0.000535599,0.000755590,,0,
1786043694548117419,1786043694.545635106,/novatel/oem7/odom,/novatel/oem7/fix,/novatel/oem7/odom,39.663,-75.756,-1.799964767,0.003860791,0.000747837,0.000348780,-0.003845005,0.000747837,,,
1786043694556359773,1786043694.555682764,/novatel/oem7/odom,/novatel/oem7/fix,/novatel/oem7/odom,39.663,-75.756,-1.799964767,0.003860791,0.000747837,0.000348780,-0.003845005,0.000747837,,,
1786043694567147530,1786043694.566629479,/novatel/oem7/inspva,/novatel/oem7/inspva,/novatel/oem7/inspva,39.663,-75.756,-1.799941177,0.002312433,0.002096336,-0.002066224,-0.001038299,0.002096336,,novatel_oem7_msgs.msg.InertialSolutionStatus(status=3),
1786043694568669709,1786043694.566811701,/novatel/oem7/fix,/novatel/oem7/fix,/novatel/oem7/inspva,39.663,-75.756,-1.799941177,0.002312433,0.002096336,-0.002066224,-0.001038299,0.002096336,,0,
1786043694569725046,1786043694.567159398,/novatel/oem7/odom,/novatel/oem7/fix,/novatel/oem7/odom,39.663,-75.756,-1.799941177,0.002320861,0.002087001,-0.001144523,-0.002019025,0.002087001,,,
1786043694575716245,1786043694.575036122,/novatel/oem7/odom,/novatel/oem7/fix,/novatel/oem7/odom,39.663,-75.756,-1.799941177,0.002320861,0.002087001,-0.001144523,-0.002019025,0.002087001,,,
1786043694585290466,1786043694.584947674,/novatel/oem7/inspva,/novatel/oem7/inspva,/novatel/oem7/inspva,39.663,-75.756,-1.799933466,0.002259729,0.001101521,-0.001828401,-0.001327902,0.001101521,,novatel_oem7_msgs.msg.InertialSolutionStatus(status=3),
1786043694585980053,1786043694.585136322,/novatel/oem7/fix,/novatel/oem7/fix,/novatel/oem7/inspva,39.663,-75.756,-1.799933466,0.002259729,0.001101521,-0.001828401,-0.001327902,0.001101521,,0,
1786043694586483449,1786043694.585535146,/novatel/oem7/odom,/novatel/oem7/fix,/novatel/oem7/odom,39.663,-75.756,-1.799933466,0.002264471,0.001091739,-0.001418382,-0.001765226,0.001091739,,,
1786043694595809596,1786043694.595451341,/novatel/oem7/odom,/novatel/oem7/fix,/novatel/oem7/odom,39.663,-75.756,-1.799933466,0.002264471,0.001091739,-0.001418382,-0.001765226,0.001091739,,,
1786043694607027869,1786043694.606494284,/novatel/oem7/inspva,/novatel/oem7/inspva,/novatel/oem7/inspva,39.663,-75.756,-1.799934979,0.003253563,-0.001214760,-0.003246603,-0.000212701,-0.001214760,,novatel_oem7_msgs.msg.InertialSolutionStatus(status=3),
1786043694607941495,1786043694.606650592,/novatel/oem7/fix,/novatel/oem7/fix,/novatel/oem7/inspva,39.663,-75.756,-1.799934979,0.003253563,-0.001214760,-0.003246603,-0.000212701,-0.001214760,,0,
1786043694608488772,1786043694.607254758,/novatel/oem7/odom,/novatel/oem7/fix,/novatel/oem7/odom,39.663,-75.756,-1.799934979,0.003250148,-0.001223868,-0.000363308,-0.003229778,-0.001223868,,,
1786043694610884907,1786043694.610315912,/novatel/oem7/bestpos,/novatel/oem7/bestpos,/novatel/oem7/odom,39.663,-75.756,33.182482014,0.003250148,-0.001223868,-0.000363308,-0.003229778,-0.001223868,,novatel_oem7_msgs.msg.SolutionStatus(status=0),novatel_oem7_msgs.msg.PositionOrVelocityType(type=53)
1786043694611587967,1786043694.610806177,/novatel/oem7/bestvel,/novatel/oem7/bestpos,/novatel/oem7/bestvel,39.663,-75.756,33.182482014,0.003245643,-0.000947773,,,,195.426778707,novatel_oem7_msgs.msg.SolutionStatus(status=0),novatel_oem7_msgs.msg.PositionOrVelocityType(type=53)
1786043694615333603,1786043694.614955251,/novatel/oem7/odom,/novatel/oem7/bestpos,/novatel/oem7/odom,39.663,-75.756,33.182482014,0.003250148,-0.001223868,-0.000363308,-0.003229778,-0.001223868,,,
1786043694626506653,1786043694.626094128,/novatel/oem7/inspva,/novatel/oem7/inspva,/novatel/oem7/inspva,39.663,-75.756,-1.799915413,0.003554532,0.000074315,-0.003515722,-0.000523828,0.000074315,,novatel_oem7_msgs.msg.InertialSolutionStatus(status=3),
1786043694627194437,1786043694.626274503,/novatel/oem7/fix,/novatel/oem7/fix,/novatel/oem7/inspva,39.663,-75.756,-1.799915413,0.003554532,0.000074315,-0.003515722,-0.000523828,0.000074315,,0,
1786043694627748165,1786043694.626811448,/novatel/oem7/odom,/novatel/oem7/fix,/novatel/oem7/odom,39.663,-75.756,-1.799915413,0.003554746,0.000063261,-0.000692086,-0.003486723,0.000063261,,,
1786043694635197740,1786043694.634858231,/novatel/oem7/odom,/novatel/oem7/fix,/novatel/oem7/odom,39.663,-75.756,-1.799915413,0.003554746,0.000063261,-0.000692086,-0.003486723,0.000063261,,,
1786043694645702222,1786043694.645281681,/novatel/oem7/inspva,/novatel/oem7/inspva,/novatel/oem7/inspva,39.663,-75.756,-1.799893893,0.003167436,0.001849816,-0.003124167,0.000521757,0.001849816,,novatel_oem7_msgs.msg.InertialSolutionStatus(status=3),
1786043694646320076,1786043694.645466293,/novatel/oem7/fix,/novatel/oem7/fix,/novatel/oem7/inspva,39.663,-75.756,-1.799893893,0.003167436,0.001849816,-0.003124167,0.000521757,0.001849816,,0,
1786043694646864233,1786043694.645956541,/novatel/oem7/odom,/novatel/oem7/fix,/novatel/oem7/odom,39.663,-75.756,-1.799893893,0.003171010,0.001843682,0.000364020,-0.003150047,0.001843682,,,
1786043694656946414,1786043694.656599597,/novatel/oem7/odom,/novatel/oem7/fix,/novatel/oem7/odom,39.663,-75.756,-1.799893893,0.003171010,0.001843682,0.000364020,-0.003150047,0.001843682,,,
1786043694665413850,1786043694.665135658,/novatel/oem7/inspva,/novatel/oem7/inspva,/novatel/oem7/inspva,39.663,-75.756,-1.799882269,0.002956786,0.001891896,-0.002781432,-0.001003105,0.001891896,,novatel_oem7_msgs.msg.InertialSolutionStatus(status=3),
1786043694666049312,1786043694.665283426,/novatel/oem7/fix,/novatel/oem7/fix,/novatel/oem7/inspva,39.663,-75.756,-1.799882269,0.002956786,0.001891896,-0.002781432,-0.001003105,0.001891896,,0,
1786043694666537120,1786043694.665729247,/novatel/oem7/odom,/novatel/oem7/fix,/novatel/oem7/odom,39.663,-75.756,-1.799882269,0.002963853,0.001880806,-0.001142867,-0.002734644,0.001880806,,,
1786043694675036032,1786043694.674577425,/novatel/oem7/odom,/novatel/oem7/fix,/novatel/oem7/odom,39.663,-75.756,-1.799882269,0.002963853,0.001880806,-0.001142867,-0.002734644,0.001880806,,,
1786043694687031928,1786043694.686757015,/novatel/oem7/inspva,/novatel/oem7/inspva,/novatel/oem7/inspva,39.663,-75.756,-1.799892312,0.002615207,-0.001520386,-0.002113501,-0.001540267,-0.001520386,,novatel_oem7_msgs.msg.InertialSolutionStatus(status=3),
1786043694687713072,1786043694.686931891,/novatel/oem7/fix,/novatel/oem7/fix,/novatel/oem7/inspva,39.663,-75.756,-1.799892312,0.002615207,-0.001520386,-0.002113501,-0.001540267,-0.001520386,,0,
1786043694688181022,1786043694.687329361,/novatel/oem7/odom,/novatel/oem7/fix,/novatel/oem7/odom,39.663,-75.756,-1.799892312,0.002608606,-0.001531685,-0.001633791,-0.002033605,-0.001531685,,,
1786043694695483053,1786043694.695151549,/novatel/oem7/odom,/novatel/oem7/fix,/novatel/oem7/odom,39.663,-75.756,-1.799892312,0.002608606,-0.001531685,-0.001633791,-0.002033605,-0.001531685,,,
1786043694706261285,1786043694.705896509,/novatel/oem7/inspva,/novatel/oem7/inspva,/novatel/oem7/inspva,39.663,-75.756,-1.799871911,0.003559831,-0.000561754,-0.003430325,-0.000951457,-0.000561754,,novatel_oem7_msgs.msg.InertialSolutionStatus(status=3),
1786043694706865013,1786043694.706059547,/novatel/oem7/fix,/novatel/oem7/fix,/novatel/oem7/inspva,39.663,-75.756,-1.799871911,0.003559831,-0.000561754,-0.003430325,-0.000951457,-0.000561754,,0,
1786043694707332314,1786043694.706600359,/novatel/oem7/odom,/novatel/oem7/fix,/novatel/oem7/odom,39.663,-75.756,-1.799871911,0.003557849,-0.000574175,-0.001112609,-0.003379407,-0.000574175,,,
1786043694709936075,1786043694.709641936,/novatel/oem7/bestpos,/novatel/oem7/bestpos,/novatel/oem7/odom,39.663,-75.756,33.182545307,0.003557849,-0.000574175,-0.001112609,-0.003379407,-0.000574175,,novatel_oem7_msgs.msg.SolutionStatus(status=0),novatel_oem7_msgs.msg.PositionOrVelocityType(type=53)
1786043694710775831,1786043694.710523831,/novatel/oem7/bestvel,/novatel/oem7/bestpos,/novatel/oem7/bestvel,39.663,-75.756,33.182545307,0.004637109,0.000462815,,,,208.540660070,novatel_oem7_msgs.msg.SolutionStatus(status=0),novatel_oem7_msgs.msg.PositionOrVelocityType(type=53)
1786043694716287202,1786043694.715633975,/novatel/oem7/odom,/novatel/oem7/bestpos,/novatel/oem7/odom,39.663,-75.756,33.182545307,0.003557849,-0.000574175,-0.001112609,-0.003379407,-0.000574175,,,
1786043694725823148,1786043694.725538760,/novatel/oem7/inspva,/novatel/oem7/inspva,/novatel/oem7/inspva,39.663,-75.756,-1.799837979,0.003811708,0.002318826,-0.003811704,-0.000005760,0.002318826,,novatel_oem7_msgs.msg.InertialSolutionStatus(status=3),
1786043694726488180,1786043694.725685458,/novatel/oem7/fix,/novatel/oem7/fix,/novatel/oem7/inspva,39.663,-75.756,-1.799837979,0.003811708,0.002318826,-0.003811704,-0.000005760,0.002318826,,0,
1786043694727232670,1786043694.726322094,/novatel/oem7/odom,/novatel/oem7/fix,/novatel/oem7/odom,39.663,-75.756,-1.799837979,0.003817692,0.002308961,-0.000197774,-0.003812566,0.002308961,,,
1786043694735669272,1786043694.735219909,/novatel/oem7/odom,/novatel/oem7/fix,/novatel/oem7/odom,39.663,-75.756,-1.799837979,0.003817692,0.002308961,-0.000197774,-0.003812566,0.002308961,,,
1786043694746764273,1786043694.746313799,/novatel/oem7/inspva,/novatel/oem7/inspva,/novatel/oem7/inspva,39.663,-75.756,-1.799820629,0.003727443,0.002419757,-0.003709104,-0.000369297,0.002419757,,novatel_oem7_msgs.msg.InertialSolutionStatus(status=3),
1786043694747434022,1786043694.746486527,/novatel/oem7/fix,/novatel/oem7/fix,/novatel/oem7/inspva,39.663,-75.756,-1.799820629,0.003727443,0.002419757,-0.003709104,-0.000369297,0.002419757,,0,
1786043694747922388,1786043694.747056003,/novatel/oem7/odom,/novatel/oem7/fix,/novatel/oem7/odom,39.663,-75.756,-1.799820629,0.003734561,0.002408757,-0.000556409,-0.003692879,0.002408757,,,
1786043694756475712,1786043694.756105049,/novatel/oem7/odom,/novatel/oem7/fix,/novatel/oem7/odom,39.663,-75.756,-1.799820629,0.003734561,0.002408757,-0.000556409,-0.003692879,0.002408757,,,
1786043694765532251,1786043694.765231933,/novatel/oem7/inspva,/novatel/oem7/inspva,/novatel/oem7/inspva,39.663,-75.756,-1.799818869,0.002608922,-0.000134754,-0.002260486,-0.001302565,-0.000134754,,novatel_oem7_msgs.msg.InertialSolutionStatus(status=3),
1786043694766187125,1786043694.765403632,/novatel/oem7/fix,/novatel/oem7/fix,/novatel/oem7/inspva,39.663,-75.756,-1.799818869,0.002608922,-0.000134754,-0.002260486,-0.001302565,-0.000134754,,0,
1786043694766755587,1786043694.765832999,/novatel/oem7/odom,/novatel/oem7/fix,/novatel/oem7/odom,39.663,-75.756,-1.799818869,0.002608341,-0.000145563,-0.001408918,-0.002195084,-0.000145563,,,
1786043694775819869,1786043694.775465251,/novatel/oem7/odom,/novatel/oem7/fix,/novatel/oem7/odom,39.663,-75.756,-1.799818869,0.002608341,-0.000145563,-0.001408918,-0.002195084,-0.000145563,,,
1786043694786470943,1786043694.785131057,/novatel/oem7/inspva,/novatel/oem7/inspva,/novatel/oem7/inspva,39.663,-75.756,-1.799802477,0.003331750,-0.000409199,-0.003073555,-0.001286009,-0.000409199,,novatel_oem7_msgs.msg.InertialSolutionStatus(status=3),
1786043694787832724,1786043694.785382530,/novatel/oem7/fix,/novatel/oem7/fix,/novatel/oem7/inspva,39.663,-75.756,-1.799802477,0.003331750,-0.000409199,-0.003073555,-0.001286009,-0.000409199,,0,
1786043694788873761,1786043694.785890765,/novatel/oem7/odom,/novatel/oem7/fix,/novatel/oem7/odom,39.663,-75.756,-1.799802477,0.002608340,-0.000145568,-0.001408930,-0.002195075,-0.000145568,,,
1786043694795192430,1786043694.794456999,/novatel/oem7/odom,/novatel/oem7/fix,/novatel/oem7/odom,39.663,-75.756,-1.799802477,0.003330148,-0.000422034,-0.001430299,-0.003007346,-0.000422034,,,
1786043694806832338,1786043694.806528656,/novatel/oem7/inspva,/novatel/oem7/inspva,/novatel/oem7/inspva,39.663,-75.756,-1.799772487,0.004830752,0.001383534,-0.004737922,0.000942472,0.001383534,,novatel_oem7_msgs.msg.InertialSolutionStatus(status=3),
1786043694807503132,1786043694.806704814,/novatel/oem7/fix,/novatel/oem7/fix,/novatel/oem7/inspva,39.663,-75.756,-1.799772487,0.004830752,0.001383534,-0.004737922,0.000942472,0.001383534,,0,
1786043694808490155,1786043694.807147322,/novatel/oem7/odom,/novatel/oem7/fix,/novatel/oem7/odom,39.663,-75.756,-1.799772487,0.004833231,0.001374846,0.000708556,-0.004781012,0.001374846,,,
1786043694810602504,1786043694.810294626,/novatel/oem7/bestpos,/novatel/oem7/bestpos,/novatel/oem7/odom,39.663,-75.756,33.182620375,0.004833231,0.001374846,0.000708556,-0.004781012,0.001374846,,novatel_oem7_msgs.msg.SolutionStatus(status=0),novatel_oem7_msgs.msg.PositionOrVelocityType(type=53)
1786043694811825281,1786043694.810691007,/novatel/oem7/bestvel,/novatel/oem7/bestpos,/novatel/oem7/bestvel,39.663,-75.756,33.182620375,0.003816897,0.001279113,,,,178.391934382,novatel_oem7_msgs.msg.SolutionStatus(status=0),novatel_oem7_msgs.msg.PositionOrVelocityType(type=53)
1786043694815347727,1786043694.815012236,/novatel/oem7/odom,/novatel/oem7/bestpos,/novatel/oem7/odom,39.663,-75.756,33.182620375,0.004833231,0.001374846,0.000708556,-0.004781012,0.001374846,,,
1786043694825725346,1786043694.825154231,/novatel/oem7/inspva,/novatel/oem7/inspva,/novatel/oem7/inspva,39.663,-75.756,-1.799750890,0.004128872,0.002151225,-0.004082619,-0.000616286,0.002151225,,novatel_oem7_msgs.msg.InertialSolutionStatus(status=3),
1786043694827064306,1786043694.825345469,/novatel/oem7/fix,/novatel/oem7/fix,/novatel/oem7/inspva,39.663,-75.756,-1.799750890,0.004128872,0.002151225,-0.004082619,-0.000616286,0.002151225,,0,
1786043694827840999,1786043694.825866194,/novatel/oem7/odom,/novatel/oem7/fix,/novatel/oem7/odom,39.663,-75.756,-1.799750890,0.004135583,0.002138296,-0.000820155,-0.004053442,0.002138296,,,
1786043694835939416,1786043694.835610500,/novatel/oem7/odom,/novatel/oem7/fix,/novatel/oem7/odom,39.663,-75.756,-1.799750890,0.004135583,0.002138296,-0.000820155,-0.004053442,0.002138296,,,
1786043694845866308,1786043694.845553006,/novatel/oem7/inspva,/novatel/oem7/inspva,/novatel/oem7/inspva,39.663,-75.756,-1.799741761,0.002407100,0.000785890,-0.002158284,-0.001065806,0.000785890,,novatel_oem7_msgs.msg.InertialSolutionStatus(status=3),
1786043694846755154,1786043694.845748654,/novatel/oem7/fix,/novatel/oem7/fix,/novatel/oem7/inspva,39.663,-75.756,-1.799741761,0.002407100,0.000785890,-0.002158284,-0.001065806,0.000785890,,0,
1786043694847901648,1786043694.846582626,/novatel/oem7/odom,/novatel/oem7/fix,/novatel/oem7/odom,39.663,-75.756,-1.799741761,0.002410241,0.000776204,-0.001171266,-0.002106514,0.000776204,,,
1786043694856812662,1786043694.856463301,/novatel/oem7/odom,/novatel/oem7/fix,/novatel/oem7/odom,39.663,-75.756,-1.799741761,0.002410241,0.000776204,-0.001171266,-0.002106514,0.000776204,,,
1786043694866806119,1786043694.866241917,/novatel/oem7/inspva,/novatel/oem7/inspva,/novatel/oem7/inspva,39.663,-75.756,-1.799727929,0.002863481,0.000636515,-0.002669059,-0.001037134,0.000636515,,novatel_oem7_msgs.msg.InertialSolutionStatus(status=3),
1786043694867850085,1786043694.866436253,/novatel/oem7/fix,/novatel/oem7/fix,/novatel/oem7/inspva,39.663,-75.756,-1.799727929,0.002863481,0.000636515,-0.002669059,-0.001037134,0.000636515,,0,
1786043694868314594,1786043694.866916590,/novatel/oem7/odom,/novatel/oem7/fix,/novatel/oem7/odom,39.663,-75.756,-1.799727929,0.002865887,0.000625591,-0.001166540,-0.002617726,0.000625591,,,
1786043694875163715,1786043694.874824266,/novatel/oem7/odom,/novatel/oem7/fix,/novatel/oem7/odom,39.663,-75.756,-1.799727929,0.002865887,0.000625591,-0.001166540,-0.002617726,0.000625591,,,
1786043694885927062,1786043694.885377970,/novatel/oem7/inspva,/novatel/oem7/inspva,/novatel/oem7/inspva,39.663,-75.756,-1.799711247,0.005068524,0.000122383,-0.005063008,0.000236401,0.000122383,,novatel_oem7_msgs.msg.InertialSolutionStatus(status=3),
1786043694887216433,1786043694.885564795,/novatel/oem7/fix,/novatel/oem7/fix,/novatel/oem7/inspva,39.663,-75.756,-1.799711247,0.005068524,0.000122383,-0.005063008,0.000236401,0.000122383,,0,
1786043694887690269,1786043694.886133905,/novatel/oem7/odom,/novatel/oem7/fix,/novatel/oem7/odom,39.663,-75.756,-1.799711247,0.005068803,0.000110247,-0.000007315,-0.005068798,0.000110247,,,
1786043694895938229,1786043694.895599832,/novatel/oem7/odom,/novatel/oem7/fix,/novatel/oem7/odom,39.663,-75.756,-1.799711247,0.005068803,0.000110247,-0.000007315,-0.005068798,0.000110247,,,
1786043694906629108,1786043694.906062295,/novatel/oem7/inspva,/novatel/oem7/inspva,/novatel/oem7/inspva,39.663,-75.756,-1.799685595,0.004463095,0.001462109,-0.004455783,-0.000255365,0.001462109,,novatel_oem7_msgs.msg.InertialSolutionStatus(status=3),
1786043694907651768,1786043694.906245204,/novatel/oem7/fix,/novatel/oem7/fix,/novatel/oem7/inspva,39.663,-75.756,-1.799685595,0.004463095,0.001462109,-0.004455783,-0.000255365,0.001462109,,0,
1786043694908106684,1786043694.906713678,/novatel/oem7/odom,/novatel/oem7/fix,/novatel/oem7/odom,39.663,-75.756,-1.799685595,0.004467165,0.001449627,-0.000474774,-0.004441863,0.001449627,,,
1786043694909863901,1786043694.909551487,/novatel/oem7/bestpos,/novatel/oem7/bestpos,/novatel/oem7/odom,39.663,-75.756,33.182704627,0.004467165,0.001449627,-0.000474774,-0.004441863,0.001449627,,novatel_oem7_msgs.msg.SolutionStatus(status=0),novatel_oem7_msgs.msg.PositionOrVelocityType(type=53)
1786043694910649588,1786043694.910260804,/novatel/oem7/bestvel,/novatel/oem7/bestpos,/novatel/oem7/bestvel,39.663,-75.756,33.182704627,0.004360939,0.001586805,,,,188.712611487,novatel_oem7_msgs.msg.SolutionStatus(status=0),novatel_oem7_msgs.msg.PositionOrVelocityType(type=53)
1786043694914864879,1786043694.914380218,/novatel/oem7/odom,/novatel/oem7/bestpos,/novatel/oem7/odom,39.663,-75.756,33.182704627,0.004467165,0.001449627,-0.000474774,-0.004441863,0.001449627,,,
1786043694927018317,1786043694.926604729,/novatel/oem7/inspva,/novatel/oem7/inspva,/novatel/oem7/inspva,39.663,-75.756,-1.799668130,0.002976817,0.001732286,-0.002856886,-0.000836447,0.001732286,,novatel_oem7_msgs.msg.InertialSolutionStatus(status=3),
1786043694927647545,1786043694.926756400,/novatel/oem7/fix,/novatel/oem7/fix,/novatel/oem7/inspva,39.663,-75.756,-1.799668130,0.002976817,0.001732286,-0.002856886,-0.000836447,0.001732286,,0,
1786043694928130712,1786043694.927144954,/novatel/oem7/odom,/novatel/oem7/fix,/novatel/oem7/odom,39.663,-75.756,-1.799668130,0.002982977,0.001721657,-0.000979575,-0.002817549,0.001721657,,,
1786043694935319933,1786043694.934981032,/novatel/oem7/odom,/novatel/oem7/fix,/novatel/oem7/odom,39.663,-75.756,-1.799668130,0.002982977,0.001721657,-0.000979575,-0.002817549,0.001721657,,,
1786043694945282047,1786043694.945002381,/novatel/oem7/inspva,/novatel/oem7/inspva,/novatel/oem7/inspva,39.663,-75.756,-1.799656928,0.003098232,0.000830552,-0.003022350,-0.000681499,0.000830552,,novatel_oem7_msgs.msg.InertialSolutionStatus(status=3),
1786043694945916289,1786043694.945145002,/novatel/oem7/fix,/novatel/oem7/fix,/novatel/oem7/inspva,39.663,-75.756,-1.799656928,0.003098232,0.000830552,-0.003022350,-0.000681499,0.000830552,,0,
1786043694946870849,1786043694.945511659,/novatel/oem7/odom,/novatel/oem7/fix,/novatel/oem7/odom,39.663,-75.756,-1.799656928,0.003101027,0.000820056,-0.000829106,-0.002988135,0.000820056,,,
1786043694957111098,1786043694.955821375,/novatel/oem7/odom,/novatel/oem7/fix,/novatel/oem7/odom,39.663,-75.756,-1.799656928,0.003101027,0.000820056,-0.000829106,-0.002988135,0.000820056,,,
1786043694965643210,1786043694.965314302,/novatel/oem7/inspva,/novatel/oem7/inspva,/novatel/oem7/inspva,39.663,-75.756,-1.799645293,0.004434046,-0.000115441,-0.004429564,-0.000199313,-0.000115441,,novatel_oem7_msgs.msg.InertialSolutionStatus(status=3),
1786043694966772520,1786043694.965502974,/novatel/oem7/fix,/novatel/oem7/fix,/novatel/oem7/inspva,39.663,-75.756,-1.799645293,0.004434046,-0.000115441,-0.004429564,-0.000199313,-0.000115441,,0,
1786043694967664501,1786043694.966177411,/novatel/oem7/odom,/novatel/oem7/fix,/novatel/oem7/odom,39.663,-75.756,-1.799645293,0.004433710,-0.000127712,-0.000411213,-0.004414599,-0.000127712,,,
1786043694975446833,1786043694.975081179,/novatel/oem7/odom,/novatel/oem7/fix,/novatel/oem7/odom,39.663,-75.756,-1.799645293,0.004433710,-0.000127712,-0.000411213,-0.004414599,-0.000127712,,,
1786043694986355401,1786043694.986076521,/novatel/oem7/inspva,/novatel/oem7/inspva,/novatel/oem7/inspva,39.663,-75.756,-1.799623899,0.004517805,0.000250596,-0.004498046,-0.000422065,0.000250596,,novatel_oem7_msgs.msg.InertialSolutionStatus(status=3),
1786043694987269759,1786043694.986222933,/novatel/oem7/fix,/novatel/oem7/fix,/novatel/oem7/inspva,39.663,-75.756,-1.799623899,0.004517805,0.000250596,-0.004498046,-0.000422065,0.000250596,,0,
1786043694987723896,1786043694.986700964,/novatel/oem7/odom,/novatel/oem7/fix,/novatel/oem7/odom,39.663,-75.756,-1.799623899,0.004518522,0.000237306,-0.000638525,-0.004473179,0.000237306,,,
1786043694994884080,1786043694.994548459,/novatel/oem7/odom,/novatel/oem7/fix,/novatel/oem7/odom,39.663,-75.756,-1.799623899,0.004518522,0.000237306,-0.000638525,-0.004473179,0.000237306,,,
1786043695010212805,1786043695.009910051,/novatel/oem7/inspva,/novatel/oem7/inspva,/novatel/oem7/inspva,39.663,-75.756,-1.799588092,0.003640620,0.002979133,-0.003629937,-0.000278691,0.002979133,,novatel_oem7_msgs.msg.InertialSolutionStatus(status=3),
1786043695011217547,1786043695.010073909,/novatel/oem7/fix,/novatel/oem7/fix,/novatel/oem7/inspva,39.663,-75.756,-1.799588092,0.003640620,0.002979133,-0.003629937,-0.000278691,0.002979133,,0,
1786043695012437585,1786043695.011266474,/novatel/oem7/odom,/novatel/oem7/fix,/novatel/oem7/odom,39.663,-75.756,-1.799588092,0.003649237,0.002968572,-0.000464698,-0.003619528,0.002968572,,,
1786043695016554207,1786043695.016218253,/novatel/oem7/odom,/novatel/oem7/fix,/novatel/oem7/odom,39.663,-75.756,-1.799588092,0.003649237,0.002968572,-0.000464698,-0.003619528,0.002968572,,,
1786043695025152565,1786043695.024848702,/novatel/oem7/bestpos,/novatel/oem7/bestpos,/novatel/oem7/odom,39.663,-75.756,33.182783212,0.003649237,0.002968572,-0.000464698,-0.003619528,0.002968572,,novatel_oem7_msgs.msg.SolutionStatus(status=0),novatel_oem7_msgs.msg.PositionOrVelocityType(type=53)
1786043695026566846,1786043695.025608570,/novatel/oem7/bestvel,/novatel/oem7/bestpos,/novatel/oem7/bestvel,39.663,-75.756,33.182783212,0.003124663,0.002257745,,,,170.682231886,novatel_oem7_msgs.msg.SolutionStatus(status=0),novatel_oem7_msgs.msg.PositionOrVelocityType(type=53)
1786043695027699416,1786043695.026540756,/novatel/oem7/inspva,/novatel/oem7/inspva,/novatel/oem7/inspva,39.663,-75.756,-1.799586107,0.003315736,0.001009063,-0.003259169,-0.000609854,0.001009063,,novatel_oem7_msgs.msg.InertialSolutionStatus(status=3),
1786043695028075500,1786043695.026678987,/novatel/oem7/fix,/novatel/oem7/fix,/novatel/oem7/inspva,39.663,-75.756,-1.799586107,0.003315736,0.001009063,-0.003259169,-0.000609854,0.001009063,,0,
1786043695028530752,1786043695.027080454,/novatel/oem7/odom,/novatel/oem7/fix,/novatel/oem7/odom,39.663,-75.756,-1.799586107,0.003319025,0.000998193,-0.000769720,-0.003228538,0.000998193,,,
1786043695034777154,1786043695.034435404,/novatel/oem7/odom,/novatel/oem7/fix,/novatel/oem7/odom,39.663,-75.756,-1.799586107,0.003319025,0.000998193,-0.000769720,-0.003228538,0.000998193,,,
1786043695047446153,1786043695.046864243,/novatel/oem7/inspva,/novatel/oem7/inspva,/novatel/oem7/inspva,39.663,-75.756,-1.799602728,0.004094439,-0.000247651,-0.003983906,-0.000944947,-0.000247651,,novatel_oem7_msgs.msg.InertialSolutionStatus(status=3),
1786043695048751356,1786043695.047015115,/novatel/oem7/fix,/novatel/oem7/fix,/novatel/oem7/inspva,39.663,-75.756,-1.799602728,0.004094439,-0.000247651,-0.003983906,-0.000944947,-0.000247651,,0,
1786043695049814893,1786043695.047743666,/novatel/oem7/odom,/novatel/oem7/fix,/novatel/oem7/odom,39.663,-75.756,-1.799602728,0.004093568,-0.000261660,-0.001134155,-0.003933318,-0.000261660,,,
1786043695057098259,1786043695.056433018,/novatel/oem7/odom,/novatel/oem7/fix,/novatel/oem7/odom,39.663,-75.756,-1.799602728,0.004093568,-0.000261660,-0.001134155,-0.003933318,-0.000261660,,,
1786043695065731054,1786043695.065180372,/novatel/oem7/inspva,/novatel/oem7/inspva,/novatel/oem7/inspva,39.663,-75.756,-1.799613356,0.003935483,0.000099608,-0.003933712,0.000118047,0.000099608,,novatel_oem7_msgs.msg.InertialSolutionStatus(status=3),
1786043695067051713,1786043695.065333893,/novatel/oem7/fix,/novatel/oem7/fix,/novatel/oem7/inspva,39.663,-75.756,-1.799613356,0.003935483,0.000099608,-0.003933712,0.000118047,0.000099608,,0,
1786043695067836867,1786043695.065698814,/novatel/oem7/odom,/novatel/oem7/fix,/novatel/oem7/odom,39.663,-75.756,-1.799613356,0.003935718,0.000089818,-0.000071451,-0.003935069,0.000089818,,,
1786043695074994951,1786043695.074543975,/novatel/oem7/odom,/novatel/oem7/fix,/novatel/oem7/odom,39.663,-75.756,-1.799613356,0.003935718,0.000089818,-0.000071451,-0.003935069,0.000089818,,,
1786043695087334318,1786043695.086580447,/novatel/oem7/inspva,/novatel/oem7/inspva,/novatel/oem7/inspva,39.663,-75.756,-1.799605782,0.004066862,0.002240144,-0.004042181,-0.000447367,0.002240144,,novatel_oem7_msgs.msg.InertialSolutionStatus(status=3),
1786043695087891590,1786043695.086839586,/novatel/oem7/fix,/novatel/oem7/fix,/novatel/oem7/inspva,39.663,-75.756,-1.799605782,0.004066862,0.002240144,-0.004042181,-0.000447367,0.002240144,,0,
1786043695088325072,1786043695.087307134,/novatel/oem7/odom,/novatel/oem7/fix,/novatel/oem7/odom,39.663,-75.756,-1.799605782,0.003935718,0.000089834,-0.000071477,-0.003935069,0.000089834,,,
1786043695095249670,1786043695.094939807,/novatel/oem7/odom,/novatel/oem7/fix,/novatel/oem7/odom,39.663,-75.756,-1.799605782,0.004073612,0.002227846,-0.000650098,-0.004021403,0.002227846,,,
1786043695106178917,1786043695.105917422,/novatel/oem7/inspva,/novatel/oem7/inspva,/novatel/oem7/inspva,39.663,-75.756,-1.799627741,0.002703396,0.002332979,-0.002697109,-0.000184256,0.002332979,,novatel_oem7_msgs.msg.InertialSolutionStatus(status=3),
1786043695106739973,1786043695.106088357,/novatel/oem7/fix,/novatel/oem7/fix,/novatel/oem7/inspva,39.663,-75.756,-1.799627741,0.002703396,0.002332979,-0.002697109,-0.000184256,0.002332979,,0,
1786043695107389199,1786043695.106577945,/novatel/oem7/odom,/novatel/oem7/fix,/novatel/oem7/odom,39.663,-75.756,-1.799627741,0.002710092,0.002325198,-0.000322920,-0.002690784,0.002325198,,,
1786043695109531404,1786043695.109192288,/novatel/oem7/bestpos,/novatel/oem7/bestpos,/novatel/oem7/odom,39.663,-75.756,33.182690272,0.002710092,0.002325198,-0.000322920,-0.002690784,0.002325198,,novatel_oem7_msgs.msg.SolutionStatus(status=0),novatel_oem7_msgs.msg.PositionOrVelocityType(type=53)
1786043695110123670,1786043695.109642629,/novatel/oem7/bestvel,/novatel/oem7/bestpos,/novatel/oem7/bestvel,39.663,-75.756,33.182690272,0.002137068,0.001946686,,,,181.780384349,novatel_oem7_msgs.msg.SolutionStatus(status=0),novatel_oem7_msgs.msg.PositionOrVelocityType(type=53)
1786043695115511941,1786043695.114763683,/novatel/oem7/odom,/novatel/oem7/bestpos,/novatel/oem7/odom,39.663,-75.756,33.182690272,0.002710092,0.002325198,-0.000322920,-0.002690784,0.002325198,,,
1786043695125851436,1786043695.125416502,/novatel/oem7/inspva,/novatel/oem7/inspva,/novatel/oem7/inspva,39.663,-75.756,-1.799658152,0.003547742,-0.000910688,-0.003523620,-0.000413007,-0.000910688,,novatel_oem7_msgs.msg.InertialSolutionStatus(status=3),
1786043695126775429,1786043695.125576020,/novatel/oem7/fix,/novatel/oem7/fix,/novatel/oem7/inspva,39.663,-75.756,-1.799658152,0.003547742,-0.000910688,-0.003523620,-0.000413007,-0.000910688,,0,
1786043695127557892,1786043695.126103027,/novatel/oem7/odom,/novatel/oem7/fix,/novatel/oem7/odom,39.663,-75.756,-1.799658152,0.003544972,-0.000921410,-0.000578172,-0.003497505,-0.000921410,,,
1786043695135500288,1786043695.135140632,/novatel/oem7/odom,/novatel/oem7/fix,/novatel/oem7/odom,39.663,-75.756,-1.799658152,0.003544972,-0.000921410,-0.000578172,-0.003497505,-0.000921410,,,
1786043695146003820,1786043695.145363483,/novatel/oem7/inspva,/novatel/oem7/inspva,/novatel/oem7/inspva,39.663,-75.756,-1.799664561,0.003345618,-0.000218494,-0.003240285,-0.000832893,-0.000218494,,novatel_oem7_msgs.msg.InertialSolutionStatus(status=3),
1786043695147416707,1786043695.145525971,/novatel/oem7/fix,/novatel/oem7/fix,/novatel/oem7/inspva,39.663,-75.756,-1.799664561,0.003345618,-0.000218494,-0.003240285,-0.000832893,-0.000218494,,0,
1786043695147999793,1786043695.146012420,/novatel/oem7/odom,/novatel/oem7/fix,/novatel/oem7/odom,39.663,-75.756,-1.799664561,0.003344838,-0.000230128,-0.000986699,-0.003195992,-0.000230128,,,
1786043695156069826,1786043695.155702662,/novatel/oem7/odom,/novatel/oem7/fix,/novatel/oem7/odom,39.663,-75.756,-1.799664561,0.003344838,-0.000230128,-0.000986699,-0.003195992,-0.000230128,,,
1786043695165799230,1786043695.165471046,/novatel/oem7/inspva,/novatel/oem7/inspva,/novatel/oem7/inspva,39.663,-75.756,-1.799662890,0.004835192,0.001549625,-0.004684325,0.001198406,0.001549625,,novatel_oem7_msgs.msg.InertialSolutionStatus(status=3),
1786043695166389218,1786043695.165622654,/novatel/oem7/fix,/novatel/oem7/fix,/novatel/oem7/inspva,39.663,-75.756,-1.799662890,0.004835192,0.001549625,-0.004684325,0.001198406,0.001549625,,0,
1786043695167124598,1786043695.166197270,/novatel/oem7/odom,/novatel/oem7/fix,/novatel/oem7/odom,39.663,-75.756,-1.799662890,0.004837669,0.001541872,0.000965801,-0.004740282,0.001541872,,,
1786043695175943786,1786043695.175601949,/novatel/oem7/odom,/novatel/oem7/fix,/novatel/oem7/odom,39.663,-75.756,-1.799662890,0.004837669,0.001541872,0.000965801,-0.004740282,0.001541872,,,
1786043695185781040,1786043695.185050573,/novatel/oem7/inspva,/novatel/oem7/inspva,/novatel/oem7/inspva,39.663,-75.756,-1.799672355,0.003675240,0.002336545,-0.003668948,0.000214976,0.002336545,,novatel_oem7_msgs.msg.InertialSolutionStatus(status=3),
1786043695187350876,1786043695.185240298,/novatel/oem7/fix,/novatel/oem7/fix,/novatel/oem7/inspva,39.663,-75.756,-1.799672355,0.003675240,0.002336545,-0.003668948,0.000214976,0.002336545,,0,
1786043695187881695,1786043695.186858688,/novatel/oem7/odom,/novatel/oem7/fix,/novatel/oem7/odom,39.663,-75.756,-1.799672355,0.003680867,0.002327670,0.000029080,-0.003680752,0.002327670,,,
1786043695194773778,1786043695.194414376,/novatel/oem7/odom,/novatel/oem7/fix,/novatel/oem7/odom,39.663,-75.756,-1.799672355,0.003680867,0.002327670,0.000029080,-0.003680752,0.002327670,,,
1786043695206790228,1786043695.206517039,/novatel/oem7/inspva,/novatel/oem7/inspva,/novatel/oem7/inspva,39.663,-75.756,-1.799702221,0.003276728,-0.000629099,-0.002804100,-0.001695279,-0.000629099,,novatel_oem7_msgs.msg.InertialSolutionStatus(status=3),
1786043695207406996,1786043695.206691611,/novatel/oem7/fix,/novatel/oem7/fix,/novatel/oem7/inspva,39.663,-75.756,-1.799702221,0.003276728,-0.000629099,-0.002804100,-0.001695279,-0.000629099,,0,
1786043695207899774,1786043695.207131585,/novatel/oem7/odom,/novatel/oem7/fix,/novatel/oem7/odom,39.663,-75.756,-1.799702221,0.003274034,-0.000642975,-0.001825496,-0.002717878,-0.000642975,,,
1786043695210694942,1786043695.210207026,/novatel/oem7/bestpos,/novatel/oem7/bestpos,/novatel/oem7/odom,39.663,-75.756,33.182624575,0.003274034,-0.000642975,-0.001825496,-0.002717878,-0.000642975,,novatel_oem7_msgs.msg.SolutionStatus(status=0),novatel_oem7_msgs.msg.PositionOrVelocityType(type=53)
1786043695211311814,1786043695.210612856,/novatel/oem7/bestvel,/novatel/oem7/bestpos,/novatel/oem7/bestvel,39.663,-75.756,33.182624575,0.004146182,-0.000010528,,,,207.405076783,novatel_oem7_msgs.msg.SolutionStatus(status=0),novatel_oem7_msgs.msg.PositionOrVelocityType(type=53)
1786043695215363592,1786043695.215045604,/novatel/oem7/odom,/novatel/oem7/bestpos,/novatel/oem7/odom,39.663,-75.756,33.182624575,0.003274034,-0.000642975,-0.001825496,-0.002717878,-0.000642975,,,
1786043695225244696,1786043695.224964552,/novatel/oem7/inspva,/novatel/oem7/inspva,/novatel/oem7/inspva,39.663,-75.756,-1.799710397,0.003445851,-0.000775359,-0.003285608,-0.001038590,-0.000775359,,novatel_oem7_msgs.msg.InertialSolutionStatus(status=3),
1786043695225837612,1786043695.225141270,/novatel/oem7/fix,/novatel/oem7/fix,/novatel/oem7/inspva,39.663,-75.756,-1.799710397,0.003445851,-0.000775359,-0.003285608,-0.001038590,-0.000775359,,0,
1786043695226304659,1786043695.225600638,/novatel/oem7/odom,/novatel/oem7/fix,/novatel/oem7/odom,39.663,-75.756,-1.799710397,0.003442997,-0.000787935,-0.001192125,-0.003230026,-0.000787935,,,
1786043695234869430,1786043695.234551077,/novatel/oem7/odom,/novatel/oem7/fix,/novatel/oem7/odom,39.663,-75.756,-1.799710397,0.003442997,-0.000787935,-0.001192125,-0.003230026,-0.000787935,,,
1786043695245569505,1786043695.245142795,/novatel/oem7/inspva,/novatel/oem7/inspva,/novatel/oem7/inspva,39.663,-75.756,-1.799704604,0.004790707,0.001523741,-0.004760697,0.000535384,0.001523741,,novatel_oem7_msgs.msg.InertialSolutionStatus(status=3),
1786043695246129288,1786043695.245311774,/novatel/oem7/fix,/novatel/oem7/fix,/novatel/oem7/inspva,39.663,-75.756,-1.799704604,0.004790707,0.001523741,-0.004760697,0.000535384,0.001523741,,0,
1786043695246583878,1786043695.245708568,/novatel/oem7/odom,/novatel/oem7/fix,/novatel/oem7/odom,39.663,-75.756,-1.799704604,0.004794022,0.001513279,0.000299920,-0.004784631,0.001513279,,,
1786043695256600451,1786043695.256248458,/novatel/oem7/odom,/novatel/oem7/fix,/novatel/oem7/odom,39.663,-75.756,-1.799704604,0.004794022,0.001513279,0.000299920,-0.004784631,0.001513279,,,
1786043695266396553,1786043695.266031732,/novatel/oem7/inspva,/novatel/oem7/inspva,/novatel/oem7/inspva,39.663,-75.756,-1.799717938,0.004521163,0.001953475,-0.004470189,0.000676996,0.001953475,,novatel_oem7_msgs.msg.InertialSolutionStatus(status=3),
1786043695266974301,1786043695.266202967,/novatel/oem7/fix,/novatel/oem7/fix,/novatel/oem7/inspva,39.663,-75.756,-1.799717938,0.004521163,0.001953475,-0.004470189,0.000676996,0.001953475,,0,
1786043695267468643,1786043695.266684489,/novatel/oem7/odom,/novatel/oem7/fix,/novatel/oem7/odom,39.663,-75.756,-1.799717938,0.004525115,0.001944303,0.000453594,-0.004502324,0.001944303,,,
1786043695274659283,1786043695.274314074,/novatel/oem7/odom,/novatel/oem7/fix,/novatel/oem7/odom,39.663,-75.756,-1.799717938,0.004525115,0.001944303,0.000453594,-0.004502324,0.001944303,,,
1786043695286830778,1786043695.285300086,/novatel/oem7/inspva,/novatel/oem7/inspva,/novatel/oem7/inspva,39.663,-75.756,-1.799737544,0.003000721,0.000332363,-0.002667455,-0.001374414,0.000332363,,novatel_oem7_msgs.msg.InertialSolutionStatus(status=3),
1786043695287848594,1786043695.285559302,/novatel/oem7/fix,/novatel/oem7/fix,/novatel/oem7/inspva,39.663,-75.756,-1.799737544,0.003000721,0.000332363,-0.002667455,-0.001374414,0.000332363,,0,
1786043695288294550,1786043695.286584183,/novatel/oem7/odom,/novatel/oem7/fix,/novatel/oem7/odom,39.663,-75.756,-1.799737544,0.003002062,0.000320026,-0.001502337,-0.002599107,0.000320026,,,
1786043695295762191,1786043695.295445267,/novatel/oem7/odom,/novatel/oem7/fix,/novatel/oem7/odom,39.663,-75.756,-1.799737544,0.003002062,0.000320026,-0.001502337,-0.002599107,0.000320026,,,
1786043695305998001,1786043695.305749696,/novatel/oem7/inspva,/novatel/oem7/inspva,/novatel/oem7/inspva,39.663,-75.756,-1.799751457,0.003474518,-0.000494116,-0.003156143,-0.001452941,-0.000494116,,novatel_oem7_msgs.msg.InertialSolutionStatus(status=3),
1786043695306567030,1786043695.305909041,/novatel/oem7/fix,/novatel/oem7/fix,/novatel/oem7/inspva,39.663,-75.756,-1.799751457,0.003474518,-0.000494116,-0.003156143,-0.001452941,-0.000494116,,0,
1786043695307227088,1786043695.306403005,/novatel/oem7/odom,/novatel/oem7/fix,/novatel/oem7/odom,39.663,-75.756,-1.799751457,0.003472511,-0.000508031,-0.001600959,-0.003081439,-0.000508031,,,
1786043695309245886,1786043695.308923874,/novatel/oem7/bestpos,/novatel/oem7/bestpos,/novatel/oem7/odom,39.663,-75.756,33.182573387,0.003472511,-0.000508031,-0.001600959,-0.003081439,-0.000508031,,novatel_oem7_msgs.msg.SolutionStatus(status=0),novatel_oem7_msgs.msg.PositionOrVelocityType(type=53)
1786043695309850897,1786043695.309562863,/novatel/oem7/bestvel,/novatel/oem7/bestpos,/novatel/oem7/bestvel,39.663,-75.756,33.182573387,0.003845841,-0.000109215,,,,215.032758790,novatel_oem7_msgs.msg.SolutionStatus(status=0),novatel_oem7_msgs.msg.PositionOrVelocityType(type=53)
1786043695314699445,1786043695.314361774,/novatel/oem7/odom,/novatel/oem7/bestpos,/novatel/oem7/odom,39.663,-75.756,33.182573387,0.003472511,-0.000508031,-0.001600959,-0.003081439,-0.000508031,,,
1786043695326969755,1786043695.326694347,/novatel/oem7/inspva,/novatel/oem7/inspva,/novatel/oem7/inspva,39.663,-75.756,-1.799743491,0.004597214,0.001106983,-0.004597076,0.000035729,0.001106983,,novatel_oem7_msgs.msg.InertialSolutionStatus(status=3),
1786043695327556391,1786043695.326858582,/novatel/oem7/fix,/novatel/oem7/fix,/novatel/oem7/inspva,39.663,-75.756,-1.799743491,0.004597214,0.001106983,-0.004597076,0.000035729,0.001106983,,0,
1786043695328191408,1786043695.327326647,/novatel/oem7/odom,/novatel/oem7/fix,/novatel/oem7/odom,39.663,-75.756,-1.799743491,0.004600100,0.001094930,-0.000189711,-0.004596186,0.001094930,,,
1786043695335416352,1786043695.335097653,/novatel/oem7/odom,/novatel/oem7/fix,/novatel/oem7/odom,39.663,-75.756,-1.799743491,0.004600100,0.001094930,-0.000189711,-0.004596186,0.001094930,,,
1786043695345376115,1786043695.345124299,/novatel/oem7/inspva,/novatel/oem7/inspva,/novatel/oem7/inspva,39.663,-75.756,-1.799750960,0.004401618,0.001936624,-0.004398550,-0.000164299,0.001936624,,novatel_oem7_msgs.msg.InertialSolutionStatus(status=3),
1786043695345929221,1786043695.345281144,/novatel/oem7/fix,/novatel/oem7/fix,/novatel/oem7/inspva,39.663,-75.756,-1.799750960,0.004401618,0.001936624,-0.004398550,-0.000164299,0.001936624,,0,
1786043695346361545,1786043695.345613768,/novatel/oem7/odom,/novatel/oem7/fix,/novatel/oem7/odom,39.663,-75.756,-1.799750960,0.004406991,0.001924365,-0.000383392,-0.004390283,0.001924365,,,
1786043695356388088,1786043695.356009661,/novatel/oem7/odom,/novatel/oem7/fix,/novatel/oem7/odom,39.663,-75.756,-1.799750960,0.004406991,0.001924365,-0.000383392,-0.004390283,0.001924365,,,
1786043695365873235,1786043695.365396154,/novatel/oem7/inspva,/novatel/oem7/inspva,/novatel/oem7/inspva,39.663,-75.756,-1.799767191,0.002594416,0.000656906,-0.002350456,-0.001098342,0.000656906,,novatel_oem7_msgs.msg.InertialSolutionStatus(status=3),
1786043695366440423,1786043695.365593496,/novatel/oem7/fix,/novatel/oem7/fix,/novatel/oem7/inspva,39.663,-75.756,-1.799767191,0.002594416,0.000656906,-0.002350456,-0.001098342,0.000656906,,0,
1786043695366885589,1786043695.366195695,/novatel/oem7/odom,/novatel/oem7/fix,/novatel/oem7/odom,39.663,-75.756,-1.799767191,0.002597048,0.000646424,-0.001212707,-0.002296519,0.000646424,,,
1786043695375413893,1786043695.375098963,/novatel/oem7/odom,/novatel/oem7/fix,/novatel/oem7/odom,39.663,-75.756,-1.799767191,0.002597048,0.000646424,-0.001212707,-0.002296519,0.000646424,,,
1786043695386463411,1786043695.386186476,/novatel/oem7/inspva,/novatel/oem7/inspva,/novatel/oem7/inspva,39.663,-75.756,-1.799782262,0.003081274,0.000610216,-0.002765881,-0.001357996,0.000610216,,novatel_oem7_msgs.msg.InertialSolutionStatus(status=3),
1786043695387025491,1786043695.386348731,/novatel/oem7/fix,/novatel/oem7/fix,/novatel/oem7/inspva,39.663,-75.756,-1.799782262,0.003081274,0.000610216,-0.002765881,-0.001357996,0.000610216,,0,
1786043695388145385,1786043695.386831429,/novatel/oem7/odom,/novatel/oem7/fix,/novatel/oem7/odom,39.663,-75.756,-1.799782262,0.003083746,0.000597599,-0.001491850,-0.002698865,0.000597599,,,
1786043695394948887,1786043695.394556559,/novatel/oem7/odom,/novatel/oem7/fix,/novatel/oem7/odom,39.663,-75.756,-1.799782262,0.003083746,0.000597599,-0.001491850,-0.002698865,0.000597599,,,
1786043695407076440,1786043695.406590435,/novatel/oem7/inspva,/novatel/oem7/inspva,/novatel/oem7/inspva,39.663,-75.756,-1.799793506,0.004798590,-0.000470964,-0.004736463,-0.000769664,-0.000470964,,novatel_oem7_msgs.msg.InertialSolutionStatus(status=3),
1786043695407788619,1786043695.406754414,/novatel/oem7/fix,/novatel/oem7/fix,/novatel/oem7/inspva,39.663,-75.756,-1.799793506,0.004798590,-0.000470964,-0.004736463,-0.000769664,-0.000470964,,0,
1786043695408223267,1786043695.407135634,/novatel/oem7/odom,/novatel/oem7/fix,/novatel/oem7/odom,39.663,-75.756,-1.799793506,0.004797047,-0.000486430,-0.000994596,-0.004692807,-0.000486430,,,
1786043695410443970,1786043695.410151313,/novatel/oem7/bestpos,/novatel/oem7/bestpos,/novatel/oem7/odom,39.663,-75.756,33.182527290,0.004797047,-0.000486430,-0.000994596,-0.004692807,-0.000486430,,novatel_oem7_msgs.msg.SolutionStatus(status=0),novatel_oem7_msgs.msg.PositionOrVelocityType(type=53)
1786043695411022583,1786043695.410575125,/novatel/oem7/bestvel,/novatel/oem7/bestpos,/novatel/oem7/bestvel,39.663,-75.756,33.182527290,0.005279913,0.000046808,,,,194.974582951,novatel_oem7_msgs.msg.SolutionStatus(status=0),novatel_oem7_msgs.msg.PositionOrVelocityType(type=53)
1786043695416584324,1786043695.415593881,/novatel/oem7/odom,/novatel/oem7/bestpos,/novatel/oem7/odom,39.663,-75.756,33.182527290,0.004797047,-0.000486430,-0.000994596,-0.004692807,-0.000486430,,,
1786043695425591073,1786043695.424928244,/novatel/oem7/inspva,/novatel/oem7/inspva,/novatel/oem7/inspva,39.663,-75.756,-1.799800943,0.004426217,0.000655218,-0.004382250,-0.000622318,0.000655218,,novatel_oem7_msgs.msg.InertialSolutionStatus(status=3),
1786043695426933543,1786043695.425087641,/novatel/oem7/fix,/novatel/oem7/fix,/novatel/oem7/inspva,39.663,-75.756,-1.799800943,0.004426217,0.000655218,-0.004382250,-0.000622318,0.000655218,,0,
1786043695427960680,1786043695.425544020,/novatel/oem7/odom,/novatel/oem7/fix,/novatel/oem7/odom,39.663,-75.756,-1.799800943,0.004428254,0.000641304,-0.000834955,-0.004348826,0.000641304,,,
1786043695435116191,1786043695.434411404,/novatel/oem7/odom,/novatel/oem7/fix,/novatel/oem7/odom,39.663,-75.756,-1.799800943,0.004428254,0.000641304,-0.000834955,-0.004348826,0.000641304,,,
1786043695447136754,1786043695.446508084,/novatel/oem7/inspva,/novatel/oem7/inspva,/novatel/oem7/inspva,39.663,-75.756,-1.799806789,0.003002666,0.001534692,-0.002755232,-0.001193607,0.001534692,,novatel_oem7_msgs.msg.InertialSolutionStatus(status=3),
1786043695448469050,1786043695.446655805,/novatel/oem7/fix,/novatel/oem7/fix,/novatel/oem7/inspva,39.663,-75.756,-1.799806789,0.003002666,0.001534692,-0.002755232,-0.001193607,0.001534692,,0,
1786043695449778740,1786043695.447018896,/novatel/oem7/odom,/novatel/oem7/fix,/novatel/oem7/odom,39.663,-75.756,-1.799806789,0.003008739,0.001522751,-0.001330954,-0.002698346,0.001522751,,,
1786043695457272074,1786043695.456574207,/novatel/oem7/odom,/novatel/oem7/fix,/novatel/oem7/odom,39.663,-75.756,-1.799806789,0.003008739,0.001522751,-0.001330954,-0.002698346,0.001522751,,,
1786043695465597727,1786043695.464975151,/novatel/oem7/inspva,/novatel/oem7/inspva,/novatel/oem7/inspva,39.663,-75.756,-1.799825038,0.002949437,0.001283159,-0.002716029,-0.001149942,0.001283159,,novatel_oem7_msgs.msg.InertialSolutionStatus(status=3),
1786043695466939623,1786043695.465151082,/novatel/oem7/fix,/novatel/oem7/fix,/novatel/oem7/inspva,39.663,-75.756,-1.799825038,0.002949437,0.001283159,-0.002716029,-0.001149942,0.001283159,,0,
1786043695467961983,1786043695.465573697,/novatel/oem7/odom,/novatel/oem7/fix,/novatel/oem7/odom,39.663,-75.756,-1.799825038,0.002954515,0.001271423,-0.001284419,-0.002660719,0.001271423,,,
1786043695476148911,1786043695.475448821,/novatel/oem7/odom,/novatel/oem7/fix,/novatel/oem7/odom,39.663,-75.756,-1.799825038,0.002954515,0.001271423,-0.001284419,-0.002660719,0.001271423,,,
1786043695485868144,1786043695.485233564,/novatel/oem7/inspva,/novatel/oem7/inspva,/novatel/oem7/inspva,39.663,-75.756,-1.799845191,0.003666786,-0.000804339,-0.003532474,-0.000983335,-0.000804339,,novatel_oem7_msgs.msg.InertialSolutionStatus(status=3),
1786043695487256525,1786043695.485393083,/novatel/oem7/fix,/novatel/oem7/fix,/novatel/oem7/inspva,39.663,-75.756,-1.799845191,0.003666786,-0.000804339,-0.003532474,-0.000983335,-0.000804339,,0,
1786043695488295585,1786043695.486007472,/novatel/oem7/odom,/novatel/oem7/fix,/novatel/oem7/odom,39.663,-75.756,-1.799845191,0.003663875,-0.000817495,-0.001148859,-0.003479095,-0.000817495,,,
1786043695495513069,1786043695.494862427,/novatel/oem7/odom,/novatel/oem7/fix,/novatel/oem7/odom,39.663,-75.756,-1.799845191,0.003663875,-0.000817495,-0.001148859,-0.003479095,-0.000817495,,,
1786043695506441968,1786043695.505945933,/novatel/oem7/inspva,/novatel/oem7/inspva,/novatel/oem7/inspva,39.663,-75.756,-1.799853294,0.003940525,-0.000712298,-0.003727122,-0.001279178,-0.000712298,,novatel_oem7_msgs.msg.InertialSolutionStatus(status=3),
1786043695507710390,1786043695.506108718,/novatel/oem7/fix,/novatel/oem7/fix,/novatel/oem7/inspva,39.663,-75.756,-1.799853294,0.003940525,-0.000712298,-0.003727122,-0.001279178,-0.000712298,,0,
1786043695508720490,1786043695.506502195,/novatel/oem7/odom,/novatel/oem7/fix,/novatel/oem7/odom,39.663,-75.756,-1.799853294,0.003937820,-0.000727106,-0.001454106,-0.003659508,-0.000727106,,,
1786043695512049647,1786043695.511456254,/novatel/oem7/bestpos,/novatel/oem7/bestpos,/novatel/oem7/odom,39.663,-75.756,33.182470103,0.003937820,-0.000727106,-0.001454106,-0.003659508,-0.000727106,,novatel_oem7_msgs.msg.SolutionStatus(status=0),novatel_oem7_msgs.msg.PositionOrVelocityType(type=53)
1786043695513446571,1786043695.512382850,/novatel/oem7/bestvel,/novatel/oem7/bestpos,/novatel/oem7/bestvel,39.663,-75.756,33.182470103,0.004974187,0.000218481,,,,208.044172398,novatel_oem7_msgs.msg.SolutionStatus(status=0),novatel_oem7_msgs.msg.PositionOrVelocityType(type=53)
1786043695515309432,1786043695.514384250,/novatel/oem7/odom,/novatel/oem7/bestpos,/novatel/oem7/odom,39.663,-75.756,33.182470103,0.003937820,-0.000727106,-0.001454106,-0.003659508,-0.000727106,,,
1786043695525718126,1786043695.525224654,/novatel/oem7/inspva,/novatel/oem7/inspva,/novatel/oem7/inspva,39.663,-75.756,-1.799844871,0.003080329,0.002359019,-0.003010406,-0.000652599,0.002359019,,novatel_oem7_msgs.msg.InertialSolutionStatus(status=3),
1786043695527001791,1786043695.525383975,/novatel/oem7/fix,/novatel/oem7/fix,/novatel/oem7/inspva,39.663,-75.756,-1.799844871,0.003080329,0.002359019,-0.003010406,-0.000652599,0.002359019,,0,
1786043695528027059,1786043695.525767423,/novatel/oem7/odom,/novatel/oem7/fix,/novatel/oem7/odom,39.663,-75.756,-1.799844871,0.003088404,0.002348438,-0.000806193,-0.002981324,0.002348438,,,
1786043695536118359,1786043695.535467779,/novatel/oem7/odom,/novatel/oem7/fix,/novatel/oem7/odom,39.663,-75.756,-1.799844871,0.003088404,0.002348438,-0.000806193,-0.002981324,0.002348438,,,
1786043695545525495,1786043695.545024934,/novatel/oem7/inspva,/novatel/oem7/inspva,/novatel/oem7/inspva,39.663,-75.756,-1.799869170,0.002988484,0.001423887,-0.002911124,-0.000675568,0.001423887,,novatel_oem7_msgs.msg.InertialSolutionStatus(status=3),
1786043695546789831,1786043695.545177005,/novatel/oem7/fix,/novatel/oem7/fix,/novatel/oem7/inspva,39.663,-75.756,-1.799869170,0.002988484,0.001423887,-0.002911124,-0.000675568,0.001423887,,0,
1786043695547808928,1786043695.545565589,/novatel/oem7/odom,/novatel/oem7/fix,/novatel/oem7/odom,39.663,-75.756,-1.799869170,0.002993419,0.001413483,-0.000820657,-0.002878729,0.001413483,,,
1786043695556311446,1786043695.555673959,/novatel/oem7/odom,/novatel/oem7/fix,/novatel/oem7/odom,39.663,-75.756,-1.799869170,0.002993419,0.001413483,-0.000820657,-0.002878729,0.001413483,,,
1786043695567118469,1786043695.566601454,/novatel/oem7/inspva,/novatel/oem7/inspva,/novatel/oem7/inspva,39.663,-75.756,-1.799892667,0.002937674,-0.000919881,-0.002141221,-0.002011243,-0.000919881,,novatel_oem7_msgs.msg.InertialSolutionStatus(status=3),
1786043695568443426,1786043695.566787316,/novatel/oem7/fix,/novatel/oem7/fix,/novatel/oem7/inspva,39.663,-75.756,-1.799892667,0.002937674,-0.000919881,-0.002141221,-0.002011243,-0.000919881,,0,
1786043695569462312,1786043695.567257880,/novatel/oem7/odom,/novatel/oem7/fix,/novatel/oem7/odom,39.663,-75.756,-1.799892667,0.002933413,-0.000933378,-0.002108193,-0.002039714,-0.000933378,,,
1786043695575640283,1786043695.575029420,/novatel/oem7/odom,/novatel/oem7/fix,/novatel/oem7/odom,39.663,-75.756,-1.799892667,0.002933413,-0.000933378,-0.002108193,-0.002039714,-0.000933378,,,
1786043695585682830,1786043695.585151881,/novatel/oem7/inspva,/novatel/oem7/inspva,/novatel/oem7/inspva,39.663,-75.756,-1.799907595,0.003041054,-0.001281434,-0.002799817,-0.001187027,-0.001281434,,novatel_oem7_msgs.msg.InertialSolutionStatus(status=3),
1786043695586963906,1786043695.585326026,/novatel/oem7/fix,/novatel/oem7/fix,/novatel/oem7/inspva,39.663,-75.756,-1.799907595,0.003041054,-0.001281434,-0.002799817,-0.001187027,-0.001281434,,0,
1786043695587973132,1786043695.585667587,/novatel/oem7/odom,/novatel/oem7/fix,/novatel/oem7/odom,39.663,-75.756,-1.799907595,0.003035966,-0.001293443,-0.001315167,-0.002736316,-0.001293443,,,
1786043695596203077,1786043695.595572031,/novatel/oem7/odom,/novatel/oem7/fix,/novatel/oem7/odom,39.663,-75.756,-1.799907595,0.003035966,-0.001293443,-0.001315167,-0.002736316,-0.001293443,,,
1786043695607052435,1786043695.606554903,/novatel/oem7/inspva,/novatel/oem7/inspva,/novatel/oem7/inspva,39.663,-75.756,-1.799898363,0.003352638,0.001913138,-0.003320199,-0.000465246,0.001913138,,novatel_oem7_msgs.msg.InertialSolutionStatus(status=3),
1786043695608321024,1786043695.606720871,/novatel/oem7/fix,/novatel/oem7/fix,/novatel/oem7/inspva,39.663,-75.756,-1.799898363,0.003352638,0.001913138,-0.003320199,-0.000465246,0.001913138,,0,
1786043695609329344,1786043695.607143779,/novatel/oem7/odom,/novatel/oem7/fix,/novatel/oem7/odom,39.663,-75.756,-1.799898363,0.003358726,0.001902430,-0.000632253,-0.003298681,0.001902430,,,
1786043695610791475,1786043695.609879590,/novatel/oem7/bestpos,/novatel/oem7/bestpos,/novatel/oem7/odom,39.663,-75.756,33.182402128,0.003358726,0.001902430,-0.000632253,-0.003298681,0.001902430,,novatel_oem7_msgs.msg.SolutionStatus(status=0),novatel_oem7_msgs.msg.PositionOrVelocityType(type=53)
1786043695612180359,1786043695.610307184,/novatel/oem7/bestvel,/novatel/oem7/bestpos,/novatel/oem7/bestvel,39.663,-75.756,33.182402128,0.002390877,0.001200432,,,,183.184114299,novatel_oem7_msgs.msg.SolutionStatus(status=0),novatel_oem7_msgs.msg.PositionOrVelocityType(type=53)
1786043695615816848,1786043695.615196285,/novatel/oem7/odom,/novatel/oem7/bestpos,/novatel/oem7/odom,39.663,-75.756,33.182402128,0.003358726,0.001902430,-0.000632253,-0.003298681,0.001902430,,,
1786043695626680929,1786043695.626202328,/novatel/oem7/inspva,/novatel/oem7/inspva,/novatel/oem7/inspva,39.663,-75.756,-1.799921649,0.002701282,0.002162516,-0.002650742,-0.000520087,0.002162516,,novatel_oem7_msgs.msg.InertialSolutionStatus(status=3),
1786043695627966702,1786043695.626274408,/novatel/oem7/fix,/novatel/oem7/fix,/novatel/oem7/inspva,39.663,-75.756,-1.799921649,0.002701282,0.002162516,-0.002650742,-0.000520087,0.002162516,,0,
1786043695629008252,1786043695.626816447,/novatel/oem7/odom,/novatel/oem7/fix,/novatel/oem7/odom,39.663,-75.756,-1.799921649,0.002708562,0.002153390,-0.000655806,-0.002627970,0.002153390,,,
1786043695635186327,1786043695.634561804,/novatel/oem7/odom,/novatel/oem7/fix,/novatel/oem7/odom,39.663,-75.756,-1.799921649,0.002708562,0.002153390,-0.000655806,-0.002627970,0.002153390,,,
1786043695645870973,1786043695.645379411,/novatel/oem7/inspva,/novatel/oem7/inspva,/novatel/oem7/inspva,39.663,-75.756,-1.799956659,0.002790817,-0.001394997,-0.001543001,-0.002325470,-0.001394997,,novatel_oem7_msgs.msg.InertialSolutionStatus(status=3),
1786043695647157786,1786043695.645532150,/novatel/oem7/fix,/novatel/oem7/fix,/novatel/oem7/inspva,39.663,-75.756,-1.799956659,0.002790817,-0.001394997,-0.001543001,-0.002325470,-0.001394997,,0,
1786043695648181662,1786043695.646196793,/novatel/oem7/odom,/novatel/oem7/fix,/novatel/oem7/odom,39.663,-75.756,-1.799956659,0.002784176,-0.001408206,-0.002391350,-0.001425861,-0.001408206,,,
1786043695657016030,1786043695.656326023,/novatel/oem7/odom,/novatel/oem7/fix,/novatel/oem7/odom,39.663,-75.756,-1.799956659,0.002784176,-0.001408206,-0.002391350,-0.001425861,-0.001408206,,,
1786043695665533588,1786043695.665044016,/novatel/oem7/inspva,/novatel/oem7/inspva,/novatel/oem7/inspva,39.663,-75.756,-1.799972344,0.002888278,-0.001209134,-0.002076835,-0.002007213,-0.001209134,,novatel_oem7_msgs.msg.InertialSolutionStatus(status=3),
1786043695666811584,1786043695.665187228,/novatel/oem7/fix,/novatel/oem7/fix,/novatel/oem7/inspva,39.663,-75.756,-1.799972344,0.002888278,-0.001209134,-0.002076835,-0.002007213,-0.001209134,,0,
1786043695667831254,1786043695.665588852,/novatel/oem7/odom,/novatel/oem7/fix,/novatel/oem7/odom,39.663,-75.756,-1.799972344,0.002882668,-0.001222448,-0.002099956,-0.001974831,-0.001222448,,,
1786043695675001595,1786043695.674369656,/novatel/oem7/odom,/novatel/oem7/fix,/novatel/oem7/odom,39.663,-75.756,-1.799972344,0.002882668,-0.001222448,-0.002099956,-0.001974831,-0.001222448,,,
1786043695687094988,1786043695.686603587,/novatel/oem7/inspva,/novatel/oem7/inspva,/novatel/oem7/inspva,39.663,-75.756,-1.799971269,0.003820161,0.000960841,-0.003791148,0.000469921,0.000960841,,novatel_oem7_msgs.msg.InertialSolutionStatus(status=3),
1786043695688393675,1786043695.686749641,/novatel/oem7/fix,/novatel/oem7/fix,/novatel/oem7/inspva,39.663,-75.756,-1.799971269,0.003820161,0.000960841,-0.003791148,0.000469921,0.000960841,,0,
1786043695689410431,1786043695.687137935,/novatel/oem7/odom,/novatel/oem7/fix,/novatel/oem7/odom,39.663,-75.756,-1.799971269,0.003822252,0.000952490,0.000283015,-0.003811759,0.000952490,,,
1786043695695433360,1786043695.694804888,/novatel/oem7/odom,/novatel/oem7/fix,/novatel/oem7/odom,39.663,-75.756,-1.799971269,0.003822252,0.000952490,0.000283015,-0.003811759,0.000952490,,,
1786043695706300785,1786043695.705821917,/novatel/oem7/inspva,/novatel/oem7/inspva,/novatel/oem7/inspva,39.663,-75.756,-1.799986777,0.003476486,0.001632393,-0.003137085,-0.001498217,0.001632393,,novatel_oem7_msgs.msg.InertialSolutionStatus(status=3),
1786043695707621698,1786043695.705960609,/novatel/oem7/fix,/novatel/oem7/fix,/novatel/oem7/inspva,39.663,-75.756,-1.799986777,0.003476486,0.001632393,-0.003137085,-0.001498217,0.001632393,,0,
1786043695708637628,1786043695.706434293,/novatel/oem7/odom,/novatel/oem7/fix,/novatel/oem7/odom,39.663,-75.756,-1.799986777,0.003483182,0.001618056,-0.001654148,-0.003065347,0.001618056,,,
1786043695710079586,1786043695.709053096,/novatel/oem7/bestpos,/novatel/oem7/bestpos,/novatel/oem7/odom,39.663,-75.756,33.182311975,0.003483182,0.001618056,-0.001654148,-0.003065347,0.001618056,,novatel_oem7_msgs.msg.SolutionStatus(status=0),novatel_oem7_msgs.msg.PositionOrVelocityType(type=53)
1786043695711448439,1786043695.709569084,/novatel/oem7/bestvel,/novatel/oem7/bestpos,/novatel/oem7/bestvel,39.663,-75.756,33.182311975,0.002952042,0.001102377,,,,195.801548857,novatel_oem7_msgs.msg.SolutionStatus(status=0),novatel_oem7_msgs.msg.PositionOrVelocityType(type=53)
1786043695716281921,1786043695.715447026,/novatel/oem7/odom,/novatel/oem7/bestpos,/novatel/oem7/odom,39.663,-75.756,33.182311975,0.003483182,0.001618056,-0.001654148,-0.003065347,0.001618056,,,
1786043695725684034,1786043695.725206082,/novatel/oem7/inspva,/novatel/oem7/inspva,/novatel/oem7/inspva,39.663,-75.756,-1.800009925,0.002463040,-0.000172192,-0.001002154,-0.002249946,-0.000172192,,novatel_oem7_msgs.msg.InertialSolutionStatus(status=3),
1786043695726973050,1786043695.725276538,/novatel/oem7/fix,/novatel/oem7/fix,/novatel/oem7/inspva,39.663,-75.756,-1.800009925,0.002463040,-0.000172192,-0.001002154,-0.002249946,-0.000172192,,0,
1786043695727993200,1786043695.725955440,/novatel/oem7/odom,/novatel/oem7/fix,/novatel/oem7/odom,39.663,-75.756,-1.800009925,0.002462213,-0.000183651,-0.002294878,-0.000892202,-0.000183651,,,
1786043695735454664,1786043695.734833304,/novatel/oem7/odom,/novatel/oem7/fix,/novatel/oem7/odom,39.663,-75.756,-1.800009925,0.002462213,-0.000183651,-0.002294878,-0.000892202,-0.000183651,,,
1786043695746605511,1786043695.746099826,/novatel/oem7/inspva,/novatel/oem7/inspva,/novatel/oem7/inspva,39.663,-75.756,-1.800022633,0.002788248,-0.000711686,-0.001703084,-0.002207676,-0.000711686,,novatel_oem7_msgs.msg.InertialSolutionStatus(status=3),
1786043695747883494,1786043695.746238918,/novatel/oem7/fix,/novatel/oem7/fix,/novatel/oem7/inspva,39.663,-75.756,-1.800022633,0.002788248,-0.000711686,-0.001703084,-0.002207676,-0.000711686,,0,
1786043695749090819,1786043695.746672825,/novatel/oem7/odom,/novatel/oem7/fix,/novatel/oem7/odom,39.663,-75.756,-1.800022633,0.002784849,-0.000724873,-0.002284219,-0.001593024,-0.000724873,,,
1786043695756432032,1786043695.755824344,/novatel/oem7/odom,/novatel/oem7/fix,/novatel/oem7/odom,39.663,-75.756,-1.800022633,0.002784849,-0.000724873,-0.002284219,-0.001593024,-0.000724873,,,
1786043695765741811,1786043695.765237742,/novatel/oem7/inspva,/novatel/oem7/inspva,/novatel/oem7/inspva,39.663,-75.756,-1.800023023,0.003515503,0.000337696,-0.003432609,-0.000758917,0.000337696,,novatel_oem7_msgs.msg.InertialSolutionStatus(status=3),
1786043695767026534,1786043695.765358110,/novatel/oem7/fix,/novatel/oem7/fix,/novatel/oem7/inspva,39.663,-75.756,-1.800023023,0.003515503,0.000337696,-0.003432609,-0.000758917,0.000337696,,0,
1786043695768027730,1786043695.765684354,/novatel/oem7/odom,/novatel/oem7/fix,/novatel/oem7/odom,39.663,-75.756,-1.800023023,0.003516651,0.000325525,-0.000924665,-0.003392908,0.000325525,,,
1786043695776088880,1786043695.775511079,/novatel/oem7/odom,/novatel/oem7/fix,/novatel/oem7/odom,39.663,-75.756,-1.800023023,0.003516651,0.000325525,-0.000924665,-0.003392908,0.000325525,,,
1786043695785777143,1786043695.785299215,/novatel/oem7/inspva,/novatel/oem7/inspva,/novatel/oem7/inspva,39.663,-75.756,-1.800035663,0.003806645,0.000665082,-0.003784986,-0.000405497,0.000665082,,novatel_oem7_msgs.msg.InertialSolutionStatus(status=3),
1786043695787043068,1786043695.785445839,/novatel/oem7/fix,/novatel/oem7/fix,/novatel/oem7/inspva,39.663,-75.756,-1.800035663,0.003806645,0.000665082,-0.003784986,-0.000405497,0.000665082,,0,
1786043695788033865,1786043695.785860337,/novatel/oem7/odom,/novatel/oem7/fix,/novatel/oem7/odom,39.663,-75.756,-1.800035663,0.003808678,0.000653336,-0.000589982,-0.003762705,0.000653336,,,
1786043695795116148,1786043695.794503979,/novatel/oem7/odom,/novatel/oem7/fix,/novatel/oem7/odom,39.663,-75.756,-1.800035663,0.003808678,0.000653336,-0.000589982,-0.003762705,0.000653336,,,
1786043695807361447,1786043695.806795351,/novatel/oem7/inspva,/novatel/oem7/inspva,/novatel/oem7/inspva,39.663,-75.756,-1.800040082,0.002219872,0.001191693,-0.001057375,-0.001951869,0.001191693,,novatel_oem7_msgs.msg.InertialSolutionStatus(status=3),
1786043695809063943,1786043695.807047073,/novatel/oem7/fix,/novatel/oem7/fix,/novatel/oem7/inspva,39.663,-75.756,-1.800040082,0.002219872,0.001191693,-0.001057375,-0.001951869,0.001191693,,0,
1786043695810090057,1786043695.807538225,/novatel/oem7/odom,/novatel/oem7/fix,/novatel/oem7/odom,39.663,-75.756,-1.800040082,0.002225513,0.001181126,-0.002005374,-0.000965082,0.001181126,,,
1786043695811539448,1786043695.810248105,/novatel/oem7/bestpos,/novatel/oem7/bestpos,/novatel/oem7/odom,39.663,-75.756,33.182264047,0.002225513,0.001181126,-0.002005374,-0.000965082,0.001181126,,novatel_oem7_msgs.msg.SolutionStatus(status=0),novatel_oem7_msgs.msg.PositionOrVelocityType(type=53)
1786043695812464457,1786043695.810751170,/novatel/oem7/bestvel,/novatel/oem7/bestpos,/novatel/oem7/bestvel,39.663,-75.756,33.182264047,0.001433784,0.000648374,,,,206.909042205,novatel_oem7_msgs.msg.SolutionStatus(status=0),novatel_oem7_msgs.msg.PositionOrVelocityType(type=53)
1786043695815814267,1786043695.815107490,/novatel/oem7/odom,/novatel/oem7/bestpos,/novatel/oem7/odom,39.663,-75.756,33.182264047,0.002225513,0.001181126,-0.002005374,-0.000965082,0.001181126,,,
1786043695825823756,1786043695.825243504,/novatel/oem7/inspva,/novatel/oem7/inspva,/novatel/oem7/inspva,39.663,-75.756,-1.800061831,0.002704679,-0.000022508,-0.001438304,-0.002290540,-0.000022508,,novatel_oem7_msgs.msg.InertialSolutionStatus(status=3),
1786043695827183496,1786043695.825410976,/novatel/oem7/fix,/novatel/oem7/fix,/novatel/oem7/inspva,39.663,-75.756,-1.800061831,0.002704679,-0.000022508,-0.001438304,-0.002290540,-0.000022508,,0,
1786043695828205443,1786043695.825901184,/novatel/oem7/odom,/novatel/oem7/fix,/novatel/oem7/odom,39.663,-75.756,-1.800061831,0.002704542,-0.000035342,-0.002357031,-0.001326255,-0.000035342,,,
1786043695836273090,1786043695.835583793,/novatel/oem7/odom,/novatel/oem7/fix,/novatel/oem7/odom,39.663,-75.756,-1.800061831,0.002704542,-0.000035342,-0.002357031,-0.001326255,-0.000035342,,,
1786043695845993366,1786043695.845365656,/novatel/oem7/inspva,/novatel/oem7/inspva,/novatel/oem7/inspva,39.663,-75.756,-1.800073095,0.002899237,-0.000819774,-0.002810064,-0.000713520,-0.000819774,,novatel_oem7_msgs.msg.InertialSolutionStatus(status=3),
1786043695847359460,1786043695.845548692,/novatel/oem7/fix,/novatel/oem7/fix,/novatel/oem7/inspva,39.663,-75.756,-1.800073095,0.002899237,-0.000819774,-0.002810064,-0.000713520,-0.000819774,,0,
1786043695848370960,1786043695.846072903,/novatel/oem7/odom,/novatel/oem7/fix,/novatel/oem7/odom,39.663,-75.756,-1.800073095,0.002896310,-0.000830055,-0.000844695,-0.002770398,-0.000830055,,,
1786043695857160803,1786043695.856461470,/novatel/oem7/odom,/novatel/oem7/fix,/novatel/oem7/odom,39.663,-75.756,-1.800073095,0.002896310,-0.000830055,-0.000844695,-0.002770398,-0.000830055,,,
1786043695866781542,1786043695.866134159,/novatel/oem7/inspva,/novatel/oem7/inspva,/novatel/oem7/inspva,39.663,-75.756,-1.800083374,0.003719882,0.000085781,-0.003465765,-0.001351294,0.000085781,,novatel_oem7_msgs.msg.InertialSolutionStatus(status=3),
1786043695868111572,1786043695.866294388,/novatel/oem7/fix,/novatel/oem7/fix,/novatel/oem7/inspva,39.663,-75.756,-1.800083374,0.003719882,0.000085781,-0.003465765,-0.001351294,0.000085781,,0,
1786043695869125896,1786043695.866726395,/novatel/oem7/odom,/novatel/oem7/fix,/novatel/oem7/odom,39.663,-75.756,-1.800083374,0.003720190,0.000071164,-0.001517007,-0.003396838,0.000071164,,,
1786043695875270213,1786043695.874621903,/novatel/oem7/odom,/novatel/oem7/fix,/novatel/oem7/odom,39.663,-75.756,-1.800083374,0.003720190,0.000071164,-0.001517007,-0.003396838,0.000071164,,,
1786043695885851691,1786043695.885188388,/novatel/oem7/inspva,/novatel/oem7/inspva,/novatel/oem7/inspva,39.663,-75.756,-1.800085875,0.002007227,0.001356690,-0.001765067,-0.000955772,0.001356690,,novatel_oem7_msgs.msg.InertialSolutionStatus(status=3),
1786043695887172934,1786043695.885358100,/novatel/oem7/fix,/novatel/oem7/fix,/novatel/oem7/inspva,39.663,-75.756,-1.800085875,0.002007227,0.001356690,-0.001765067,-0.000955772,0.001356690,,0,
1786043695888235071,1786043695.885811197,/novatel/oem7/odom,/novatel/oem7/fix,/novatel/oem7/odom,39.663,-75.756,-1.800085875,0.002012970,0.001348154,-0.001045192,-0.001720355,0.001348154,,,
1786043695896127353,1786043695.895440416,/novatel/oem7/odom,/novatel/oem7/fix,/novatel/oem7/odom,39.663,-75.756,-1.800085875,0.002012970,0.001348154,-0.001045192,-0.001720355,0.001348154,,,
1786043695906449059,1786043695.905747895,/novatel/oem7/inspva,/novatel/oem7/inspva,/novatel/oem7/inspva,39.663,-75.756,-1.800106454,0.002764042,0.000898354,-0.001888091,-0.002018674,0.000898354,,novatel_oem7_msgs.msg.InertialSolutionStatus(status=3),
1786043695907968150,1786043695.905930993,/novatel/oem7/fix,/novatel/oem7/fix,/novatel/oem7/inspva,39.663,-75.756,-1.800106454,0.002764042,0.000898354,-0.001888091,-0.002018674,0.000898354,,0,
1786043695909465128,1786043695.907712088,/novatel/oem7/odom,/novatel/oem7/fix,/novatel/oem7/odom,39.663,-75.756,-1.800106454,0.002768267,0.000885251,-0.002110947,-0.001790866,0.000885251,,,
1786043695910880439,1786043695.909218529,/novatel/oem7/bestpos,/novatel/oem7/bestpos,/novatel/oem7/odom,39.663,-75.756,33.182191511,0.002768267,0.000885251,-0.002110947,-0.001790866,0.000885251,,novatel_oem7_msgs.msg.SolutionStatus(status=0),novatel_oem7_msgs.msg.PositionOrVelocityType(type=53)
1786043695911773771,1786043695.909839122,/novatel/oem7/bestvel,/novatel/oem7/bestpos,/novatel/oem7/bestvel,39.663,-75.756,33.182191511,0.001755724,-0.000018685,,,,195.076694823,novatel_oem7_msgs.msg.SolutionStatus(status=0),novatel_oem7_msgs.msg.PositionOrVelocityType(type=53)
1786043695915066791,1786043695.914437388,/novatel/oem7/odom,/novatel/oem7/bestpos,/novatel/oem7/odom,39.663,-75.756,33.182191511,0.002768267,0.000885251,-0.002110947,-0.001790866,0.000885251,,,
1786043695926995122,1786043695.926497757,/novatel/oem7/inspva,/novatel/oem7/inspva,/novatel/oem7/inspva,39.663,-75.756,-1.800134685,0.003638356,-0.001902613,-0.002832106,-0.002284034,-0.001902613,,novatel_oem7_msgs.msg.InertialSolutionStatus(status=3),
1786043695928258061,1786043695.926642515,/novatel/oem7/fix,/novatel/oem7/fix,/novatel/oem7/inspva,39.663,-75.756,-1.800134685,0.003638356,-0.001902613,-0.002832106,-0.002284034,-0.001902613,,0,
1786043695929275092,1786043695.926999605,/novatel/oem7/odom,/novatel/oem7/fix,/novatel/oem7/odom,39.663,-75.756,-1.800134685,0.003629704,-0.001919067,-0.002410129,-0.002714043,-0.001919067,,,
1786043695935490006,1786043695.934839753,/novatel/oem7/odom,/novatel/oem7/fix,/novatel/oem7/odom,39.663,-75.756,-1.800134685,0.003629704,-0.001919067,-0.002410129,-0.002714043,-0.001919067,,,
1786043695945395344,1786043695.944903860,/novatel/oem7/inspva,/novatel/oem7/inspva,/novatel/oem7/inspva,39.663,-75.756,-1.800138070,0.003639678,-0.000381184,-0.003290386,-0.001555832,-0.000381184,,novatel_oem7_msgs.msg.InertialSolutionStatus(status=3),
1786043695946676514,1786043695.945052971,/novatel/oem7/fix,/novatel/oem7/fix,/novatel/oem7/inspva,39.663,-75.756,-1.800138070,0.003639678,-0.000381184,-0.003290386,-0.001555832,-0.000381184,,0,
1786043695947692524,1786043695.945634857,/novatel/oem7/odom,/novatel/oem7/fix,/novatel/oem7/odom,39.663,-75.756,-1.800138070,0.003638082,-0.000396123,-0.001711001,-0.003210626,-0.000396123,,,
1786043695956269985,1786043695.955642433,/novatel/oem7/odom,/novatel/oem7/fix,/novatel/oem7/odom,39.663,-75.756,-1.800138070,0.003638082,-0.000396123,-0.001711001,-0.003210626,-0.000396123,,,
1786043695965735676,1786043695.965256191,/novatel/oem7/inspva,/novatel/oem7/inspva,/novatel/oem7/inspva,39.663,-75.756,-1.800135170,0.002983530,0.001616975,-0.002704252,-0.001260347,0.001616975,,novatel_oem7_msgs.msg.InertialSolutionStatus(status=3),
1786043695966983708,1786043695.965408563,/novatel/oem7/fix,/novatel/oem7/fix,/novatel/oem7/inspva,39.663,-75.756,-1.800135170,0.002983530,0.001616975,-0.002704252,-0.001260347,0.001616975,,0,
1786043695967976491,1786043695.966042842,/novatel/oem7/odom,/novatel/oem7/fix,/novatel/oem7/odom,39.663,-75.756,-1.800135170,0.002990181,0.001604643,-0.001395790,-0.002644419,0.001604643,,,
1786043695975588424,1786043695.974903794,/novatel/oem7/odom,/novatel/oem7/fix,/novatel/oem7/odom,39.663,-75.756,-1.800135170,0.002990181,0.001604643,-0.001395790,-0.002644419,0.001604643,,,
1786043695986546162,1786043695.986052210,/novatel/oem7/inspva,/novatel/oem7/inspva,/novatel/oem7/inspva,39.663,-75.756,-1.800160988,0.002678107,0.000619150,-0.002275752,-0.001411811,0.000619150,,novatel_oem7_msgs.msg.InertialSolutionStatus(status=3),
1786043695987795968,1786043695.986190636,/novatel/oem7/fix,/novatel/oem7/fix,/novatel/oem7/inspva,39.663,-75.756,-1.800160988,0.002678107,0.000619150,-0.002275752,-0.001411811,0.000619150,,0,
1786043695988784111,1786043695.986582219,/novatel/oem7/odom,/novatel/oem7/fix,/novatel/oem7/odom,39.663,-75.756,-1.800160988,0.002680790,0.000607427,-0.001522345,-0.002206604,0.000607427,,,
1786043695995386387,1786043695.994601762,/novatel/oem7/odom,/novatel/oem7/fix,/novatel/oem7/odom,39.663,-75.756,-1.800160988,0.002680790,0.000607427,-0.001522345,-0.002206604,0.000607427,,,
1786043696010244924,1786043696.009737905,/novatel/oem7/inspva,/novatel/oem7/inspva,/novatel/oem7/inspva,39.663,-75.756,-1.800186216,0.003180593,-0.001218296,-0.002650815,-0.001757656,-0.001218296,,novatel_oem7_msgs.msg.InertialSolutionStatus(status=3),
1786043696011523993,1786043696.009914004,/novatel/oem7/fix,/novatel/oem7/fix,/novatel/oem7/inspva,39.663,-75.756,-1.800186216,0.003180593,-0.001218296,-0.002650815,-0.001757656,-0.001218296,,0,
1786043696012989094,1786043696.011347565,/novatel/oem7/odom,/novatel/oem7/fix,/novatel/oem7/odom,39.663,-75.756,-1.800186216,0.003175188,-0.001232313,-0.001878422,-0.002559952,-0.001232313,,,
1786043696017221963,1786043696.016602153,/novatel/oem7/odom,/novatel/oem7/fix,/novatel/oem7/odom,39.663,-75.756,-1.800186216,0.003175188,-0.001232313,-0.001878422,-0.002559952,-0.001232313,,,
1786043696024832052,1786043696.024240793,/novatel/oem7/bestpos,/novatel/oem7/bestpos,/novatel/oem7/odom,39.663,-75.756,33.182137664,0.003175188,-0.001232313,-0.001878422,-0.002559952,-0.001232313,,novatel_oem7_msgs.msg.SolutionStatus(status=0),novatel_oem7_msgs.msg.PositionOrVelocityType(type=53)
1786043696026200922,1786043696.024947560,/novatel/oem7/bestvel,/novatel/oem7/bestpos,/novatel/oem7/bestvel,39.663,-75.756,33.182137664,0.003675104,-0.000842445,,,,212.975887626,novatel_oem7_msgs.msg.SolutionStatus(status=0),novatel_oem7_msgs.msg.PositionOrVelocityType(type=53)
1786043696027547309,1786043696.026467115,/novatel/oem7/inspva,/novatel/oem7/inspva,/novatel/oem7/inspva,39.663,-75.756,-1.800197405,0.003653717,-0.001050669,-0.003057550,-0.002000258,-0.001050669,,novatel_oem7_msgs.msg.InertialSolutionStatus(status=3),
1786043696028349100,1786043696.026624909,/novatel/oem7/fix,/novatel/oem7/fix,/novatel/oem7/inspva,39.663,-75.756,-1.800197405,0.003653717,-0.001050669,-0.003057550,-0.002000258,-0.001050669,,0,
1786043696029321589,1786043696.027017700,/novatel/oem7/odom,/novatel/oem7/fix,/novatel/oem7/odom,39.663,-75.756,-1.800197405,0.003649055,-0.001066747,-0.002141049,-0.002954913,-0.001066747,,,
1786043696035309169,1786043696.034599829,/novatel/oem7/odom,/novatel/oem7/fix,/novatel/oem7/odom,39.663,-75.756,-1.800197405,0.003649055,-0.001066747,-0.002141049,-0.002954913,-0.001066747,,,
1786043696047190290,1786043696.046711555,/novatel/oem7/inspva,/novatel/oem7/inspva,/novatel/oem7/inspva,39.663,-75.756,-1.800182296,0.003079155,0.001501191,-0.002995375,-0.000713387,0.001501191,,novatel_oem7_msgs.msg.InertialSolutionStatus(status=3),
1786043696048458523,1786043696.046854870,/novatel/oem7/fix,/novatel/oem7/fix,/novatel/oem7/inspva,39.663,-75.756,-1.800182296,0.003079155,0.001501191,-0.002995375,-0.000713387,0.001501191,,0,
1786043696049485193,1786043696.047190446,/novatel/oem7/odom,/novatel/oem7/fix,/novatel/oem7/odom,39.663,-75.756,-1.800182296,0.003084498,0.001490181,-0.000863028,-0.002961302,0.001490181,,,
1786043696057091351,1786043696.056377584,/novatel/oem7/odom,/novatel/oem7/fix,/novatel/oem7/odom,39.663,-75.756,-1.800182296,0.003084498,0.001490181,-0.000863028,-0.002961302,0.001490181,,,
1786043696065794335,1786043696.065247519,/novatel/oem7/inspva,/novatel/oem7/inspva,/novatel/oem7/inspva,39.663,-75.756,-1.800186967,0.002725021,0.000656585,-0.002434354,-0.001224606,0.000656585,,novatel_oem7_msgs.msg.InertialSolutionStatus(status=3),
1786043696067077640,1786043696.065399997,/novatel/oem7/fix,/novatel/oem7/fix,/novatel/oem7/inspva,39.663,-75.756,-1.800186967,0.002725021,0.000656585,-0.002434354,-0.001224606,0.000656585,,0,
1786043696068093787,1786043696.065723280,/novatel/oem7/odom,/novatel/oem7/fix,/novatel/oem7/odom,39.663,-75.756,-1.800186967,0.002727760,0.000645111,-0.001343197,-0.002374130,0.000645111,,,
1786043696076342275,1786043696.075661885,/novatel/oem7/odom,/novatel/oem7/fix,/novatel/oem7/odom,39.663,-75.756,-1.800186967,0.002727760,0.000645111,-0.001343197,-0.002374130,0.000645111,,,
1786043696086113159,1786043696.085592784,/novatel/oem7/inspva,/novatel/oem7/inspva,/novatel/oem7/inspva,39.663,-75.756,-1.800194032,0.002674239,-0.000534096,-0.001701663,-0.002062982,-0.000534096,,novatel_oem7_msgs.msg.InertialSolutionStatus(status=3),
1786043696087391595,1786043696.085744689,/novatel/oem7/fix,/novatel/oem7/fix,/novatel/oem7/inspva,39.663,-75.756,-1.800194032,0.002674239,-0.000534096,-0.001701663,-0.002062982,-0.000534096,,0,
1786043696088413779,1786043696.086352771,/novatel/oem7/odom,/novatel/oem7/fix,/novatel/oem7/odom,39.663,-75.756,-1.800194032,0.002671676,-0.000546773,-0.002140443,-0.001598860,-0.000546773,,,
1786043696095782195,1786043696.095112571,/novatel/oem7/odom,/novatel/oem7/fix,/novatel/oem7/odom,39.663,-75.756,-1.800194032,0.002671676,-0.000546773,-0.002140443,-0.001598860,-0.000546773,,,
1786043696106322932,1786043696.105832534,/novatel/oem7/inspva,/novatel/oem7/inspva,/novatel/oem7/inspva,39.663,-75.756,-1.800189869,0.002434946,-0.000738670,-0.002020808,-0.001358417,-0.000738670,,novatel_oem7_msgs.msg.InertialSolutionStatus(status=3),
1786043696107672470,1786043696.105988496,/novatel/oem7/fix,/novatel/oem7/fix,/novatel/oem7/inspva,39.663,-75.756,-1.800189869,0.002434946,-0.000738670,-0.002020808,-0.001358417,-0.000738670,,0,
1786043696108713936,1786043696.106548955,/novatel/oem7/odom,/novatel/oem7/fix,/novatel/oem7/odom,39.663,-75.756,-1.800189869,0.002431632,-0.000749508,-0.001451242,-0.001951084,-0.000749508,,,
1786043696110180594,1786043696.109579499,/novatel/oem7/bestpos,/novatel/oem7/bestpos,/novatel/oem7/odom,39.663,-75.756,33.182076296,0.002431632,-0.000749508,-0.001451242,-0.001951084,-0.000749508,,novatel_oem7_msgs.msg.SolutionStatus(status=0),novatel_oem7_msgs.msg.PositionOrVelocityType(type=53)
1786043696111612145,1786043696.110262588,/novatel/oem7/bestvel,/novatel/oem7/bestpos,/novatel/oem7/bestvel,39.663,-75.756,33.182076296,0.002482524,-0.000736646,,,,208.275255571,novatel_oem7_msgs.msg.SolutionStatus(status=0),novatel_oem7_msgs.msg.PositionOrVelocityType(type=53)
1786043696116282128,1786043696.115603791,/novatel/oem7/odom,/novatel/oem7/bestpos,/novatel/oem7/odom,39.663,-75.756,33.182076296,0.002431632,-0.000749508,-0.001451242,-0.001951084,-0.000749508,,,
1786043696126738289,1786043696.125385282,/novatel/oem7/inspva,/novatel/oem7/inspva,/novatel/oem7/inspva,39.663,-75.756,-1.800168244,0.003538432,0.001102644,-0.003418632,-0.000912940,0.001102644,,novatel_oem7_msgs.msg.InertialSolutionStatus(status=3),
1786043696128087978,1786043696.125645564,/novatel/oem7/fix,/novatel/oem7/fix,/novatel/oem7/inspva,39.663,-75.756,-1.800168244,0.003538432,0.001102644,-0.003418632,-0.000912940,0.001102644,,0,
1786043696129141789,1786043696.126375588,/novatel/oem7/odom,/novatel/oem7/fix,/novatel/oem7/odom,39.663,-75.756,-1.800168244,0.002431619,-0.000749549,-0.001451238,-0.001951072,-0.000749549,,,
1786043696136302520,1786043696.135632753,/novatel/oem7/odom,/novatel/oem7/fix,/novatel/oem7/odom,39.663,-75.756,-1.800168244,0.003542448,0.001089674,-0.001081162,-0.003373430,0.001089674,,,
1786043696146502588,1786043696.145952672,/novatel/oem7/inspva,/novatel/oem7/inspva,/novatel/oem7/inspva,39.663,-75.756,-1.800163129,0.002530598,0.001541534,-0.002490307,-0.000449774,0.001541534,,novatel_oem7_msgs.msg.InertialSolutionStatus(status=3),
1786043696147893658,1786043696.146114691,/novatel/oem7/fix,/novatel/oem7/fix,/novatel/oem7/inspva,39.663,-75.756,-1.800163129,0.002530598,0.001541534,-0.002490307,-0.000449774,0.001541534,,0,
1786043696148935852,1786043696.146604272,/novatel/oem7/odom,/novatel/oem7/fix,/novatel/oem7/odom,39.663,-75.756,-1.800163129,0.002535835,0.001532903,-0.000575586,-0.002469648,0.001532903,,,
1786043696156629121,1786043696.155838677,/novatel/oem7/odom,/novatel/oem7/fix,/novatel/oem7/odom,39.663,-75.756,-1.800163129,0.002535835,0.001532903,-0.000575586,-0.002469648,0.001532903,,,
1786043696166979164,1786043696.166403002,/novatel/oem7/inspva,/novatel/oem7/inspva,/novatel/oem7/inspva,39.663,-75.756,-1.800170673,0.002721313,-0.000451969,-0.001695814,-0.002128323,-0.000451969,,novatel_oem7_msgs.msg.InertialSolutionStatus(status=3),
1786043696168327374,1786043696.166596817,/novatel/oem7/fix,/novatel/oem7/fix,/novatel/oem7/inspva,39.663,-75.756,-1.800170673,0.002721313,-0.000451969,-0.001695814,-0.002128323,-0.000451969,,0,
1786043696169384874,1786043696.167029158,/novatel/oem7/odom,/novatel/oem7/fix,/novatel/oem7/odom,39.663,-75.756,-1.800170673,0.002719117,-0.000465000,-0.002205729,-0.001590080,-0.000465000,,,
1786043696175674117,1786043696.174974967,/novatel/oem7/odom,/novatel/oem7/fix,/novatel/oem7/odom,39.663,-75.756,-1.800170673,0.002719117,-0.000465000,-0.002205729,-0.001590080,-0.000465000,,,
1786043696185460367,1786043696.184928762,/novatel/oem7/inspva,/novatel/oem7/inspva,/novatel/oem7/inspva,39.663,-75.756,-1.800164660,0.002368362,-0.000793658,-0.001461842,-0.001863372,-0.000793658,,novatel_oem7_msgs.msg.InertialSolutionStatus(status=3),
1786043696186752716,1786043696.185095943,/novatel/oem7/fix,/novatel/oem7/fix,/novatel/oem7/inspva,39.663,-75.756,-1.800164660,0.002368362,-0.000793658,-0.001461842,-0.001863372,-0.000793658,,0,
1786043696187845430,1786043696.185412863,/novatel/oem7/odom,/novatel/oem7/fix,/novatel/oem7/odom,39.663,-75.756,-1.800164660,0.002364530,-0.000805002,-0.001928424,-0.001368277,-0.000805002,,,
1786043696196138333,1786043696.195442280,/novatel/oem7/odom,/novatel/oem7/fix,/novatel/oem7/odom,39.663,-75.756,-1.800164660,0.002364530,-0.000805002,-0.001928424,-0.001368277,-0.000805002,,,
1786043696207088535,1786043696.206601285,/novatel/oem7/inspva,/novatel/oem7/inspva,/novatel/oem7/inspva,39.663,-75.756,-1.800149488,0.003504975,0.000285327,-0.003468436,-0.000504778,0.000285327,,novatel_oem7_msgs.msg.InertialSolutionStatus(status=3),
1786043696208444329,1786043696.206687152,/novatel/oem7/fix,/novatel/oem7/fix,/novatel/oem7/inspva,39.663,-75.756,-1.800149488,0.003504975,0.000285327,-0.003468436,-0.000504778,0.000285327,,0,
1786043696209467672,1786043696.207173119,/novatel/oem7/odom,/novatel/oem7/fix,/novatel/oem7/odom,39.663,-75.756,-1.800149488,0.003505899,0.000273739,-0.000672566,-0.003440783,0.000273739,,,
1786043696210907233,1786043696.209811986,/novatel/oem7/bestpos,/novatel/oem7/bestpos,/novatel/oem7/odom,39.663,-75.756,33.182099947,0.003505899,0.000273739,-0.000672566,-0.003440783,0.000273739,,novatel_oem7_msgs.msg.SolutionStatus(status=0),novatel_oem7_msgs.msg.PositionOrVelocityType(type=53)
1786043696211816488,1786043696.210201237,/novatel/oem7/bestvel,/novatel/oem7/bestpos,/novatel/oem7/bestvel,39.663,-75.756,33.182099947,0.002964993,0.000252535,,,,208.375532009,novatel_oem7_msgs.msg.SolutionStatus(status=0),novatel_oem7_msgs.msg.PositionOrVelocityType(type=53)
1786043696215467208,1786043696.214825085,/novatel/oem7/odom,/novatel/oem7/bestpos,/novatel/oem7/odom,39.663,-75.756,33.182099947,0.003505899,0.000273739,-0.000672566,-0.003440783,0.000273739,,,
1786043696226695599,1786043696.226177567,/novatel/oem7/inspva,/novatel/oem7/inspva,/novatel/oem7/inspva,39.663,-75.756,-1.800146881,0.002790020,0.000773592,-0.002517394,-0.001202889,0.000773592,,novatel_oem7_msgs.msg.InertialSolutionStatus(status=3),
1786043696228036176,1786043696.226325352,/novatel/oem7/fix,/novatel/oem7/fix,/novatel/oem7/inspva,39.663,-75.756,-1.800146881,0.002790020,0.000773592,-0.002517394,-0.001202889,0.000773592,,0,
1786043696229067866,1786043696.226824427,/novatel/oem7/odom,/novatel/oem7/fix,/novatel/oem7/odom,39.663,-75.756,-1.800146881,0.002793255,0.000761830,-0.001326022,-0.002458442,0.000761830,,,
1786043696235509233,1786043696.234842706,/novatel/oem7/odom,/novatel/oem7/fix,/novatel/oem7/odom,39.663,-75.756,-1.800146881,0.002793255,0.000761830,-0.001326022,-0.002458442,0.000761830,,,
1786043696245816199,1786043696.245305837,/novatel/oem7/inspva,/novatel/oem7/inspva,/novatel/oem7/inspva,39.663,-75.756,-1.800154670,0.002635844,0.000103186,-0.000914753,-0.002472024,0.000103186,,novatel_oem7_msgs.msg.InertialSolutionStatus(status=3),
1786043696247127548,1786043696.245455581,/novatel/oem7/fix,/novatel/oem7/fix,/novatel/oem7/inspva,39.663,-75.756,-1.800154670,0.002635844,0.000103186,-0.000914753,-0.002472024,0.000103186,,0,
1786043696248223953,1786043696.246115295,/novatel/oem7/odom,/novatel/oem7/fix,/novatel/oem7/odom,39.663,-75.756,-1.800154670,0.002636295,0.000090937,-0.002513657,-0.000794720,0.000090937,,,
1786043696257261415,1786043696.256579676,/novatel/oem7/odom,/novatel/oem7/fix,/novatel/oem7/odom,39.663,-75.756,-1.800154670,0.002636295,0.000090937,-0.002513657,-0.000794720,0.000090937,,,
1786043696265775073,1786043696.265257098,/novatel/oem7/inspva,/novatel/oem7/inspva,/novatel/oem7/inspva,39.663,-75.756,-1.800154528,0.002478029,-0.000840702,-0.001275602,-0.002124492,-0.000840702,,novatel_oem7_msgs.msg.InertialSolutionStatus(status=3),
1786043696267098033,1786043696.265407496,/novatel/oem7/fix,/novatel/oem7/fix,/novatel/oem7/inspva,39.663,-75.756,-1.800154528,0.002478029,-0.000840702,-0.001275602,-0.002124492,-0.000840702,,0,
1786043696268164460,1786043696.266017225,/novatel/oem7/odom,/novatel/oem7/fix,/novatel/oem7/odom,39.663,-75.756,-1.800154528,0.002473960,-0.000852603,-0.002180079,-0.001169502,-0.000852603,,,
1786043696275124896,1786043696.274470926,/novatel/oem7/odom,/novatel/oem7/fix,/novatel/oem7/odom,39.663,-75.756,-1.800154528,0.002473960,-0.000852603,-0.002180079,-0.001169502,-0.000852603,,,
1786043696285974447,1786043696.285381581,/novatel/oem7/inspva,/novatel/oem7/inspva,/novatel/oem7/inspva,39.663,-75.756,-1.800148649,0.003234451,-0.000670943,-0.002767410,-0.001674252,-0.000670943,,novatel_oem7_msgs.msg.InertialSolutionStatus(status=3),
1786043696287277133,1786043696.285624797,/novatel/oem7/fix,/novatel/oem7/fix,/novatel/oem7/inspva,39.663,-75.756,-1.800148649,0.003234451,-0.000670943,-0.002767410,-0.001674252,-0.000670943,,0,
1786043696288297076,1786043696.286254473,/novatel/oem7/odom,/novatel/oem7/fix,/novatel/oem7/odom,39.663,-75.756,-1.800148649,0.003231480,-0.000685113,-0.001803022,-0.002681711,-0.000685113,,,
1786043696296038803,1786043696.295383306,/novatel/oem7/odom,/novatel/oem7/fix,/novatel/oem7/odom,39.663,-75.756,-1.800148649,0.003231480,-0.000685113,-0.001803022,-0.002681711,-0.000685113,,,
1786043696306295921,1786043696.305804400,/novatel/oem7/inspva,/novatel/oem7/inspva,/novatel/oem7/inspva,39.663,-75.756,-1.800146419,0.002717611,-0.000046135,-0.002653370,-0.000587400,-0.000046135,,novatel_oem7_msgs.msg.InertialSolutionStatus(status=3),
1786043696307597034,1786043696.305956791,/novatel/oem7/fix,/novatel/oem7/fix,/novatel/oem7/inspva,39.663,-75.756,-1.800146419,0.002717611,-0.000046135,-0.002653370,-0.000587400,-0.000046135,,0,
1786043696308634598,1786043696.306385225,/novatel/oem7/odom,/novatel/oem7/fix,/novatel/oem7/odom,39.663,-75.756,-1.800146419,0.002717430,-0.000055780,-0.000714473,-0.002621823,-0.000055780,,,
1786043696310026221,1786043696.309247828,/novatel/oem7/bestpos,/novatel/oem7/bestpos,/novatel/oem7/odom,39.663,-75.756,33.182117816,0.002717430,-0.000055780,-0.000714473,-0.002621823,-0.000055780,,novatel_oem7_msgs.msg.SolutionStatus(status=0),novatel_oem7_msgs.msg.PositionOrVelocityType(type=53)
1786043696311385985,1786043696.309745331,/novatel/oem7/bestvel,/novatel/oem7/bestpos,/novatel/oem7/bestvel,39.663,-75.756,33.182117816,0.002779176,0.000268349,,,,221.958809859,novatel_oem7_msgs.msg.SolutionStatus(status=0),novatel_oem7_msgs.msg.PositionOrVelocityType(type=53)
1786043696315118522,1786043696.314407119,/novatel/oem7/odom,/novatel/oem7/bestpos,/novatel/oem7/odom,39.663,-75.756,33.182117816,0.002717430,-0.000055780,-0.000714473,-0.002621823,-0.000055780,,,
1786043696327124375,1786043696.326578373,/novatel/oem7/inspva,/novatel/oem7/inspva,/novatel/oem7/inspva,39.663,-75.756,-1.800136549,0.001999123,0.001338553,-0.000671724,-0.001882891,0.001338553,,novatel_oem7_msgs.msg.InertialSolutionStatus(status=3),
1786043696328442484,1786043696.326738424,/novatel/oem7/fix,/novatel/oem7/fix,/novatel/oem7/inspva,39.663,-75.756,-1.800136549,0.001999123,0.001338553,-0.000671724,-0.001882891,0.001338553,,0,
1786043696329487144,1786043696.327150248,/novatel/oem7/odom,/novatel/oem7/fix,/novatel/oem7/odom,39.663,-75.756,-1.800136549,0.002005345,0.001329213,-0.001918558,-0.000583561,0.001329213,,,
1786043696335692953,1786043696.334987706,/novatel/oem7/odom,/novatel/oem7/fix,/novatel/oem7/odom,39.663,-75.756,-1.800136549,0.002005345,0.001329213,-0.001918558,-0.000583561,0.001329213,,,
1786043696345529653,1786043696.344983975,/novatel/oem7/inspva,/novatel/oem7/inspva,/novatel/oem7/inspva,39.663,-75.756,-1.800141861,0.002334642,-0.000115604,-0.000826964,-0.002183274,-0.000115604,,novatel_oem7_msgs.msg.InertialSolutionStatus(status=3),
1786043696346837010,1786043696.345130666,/novatel/oem7/fix,/novatel/oem7/fix,/novatel/oem7/inspva,39.663,-75.756,-1.800141861,0.002334642,-0.000115604,-0.000826964,-0.002183274,-0.000115604,,0,
1786043696347865037,1786043696.345474180,/novatel/oem7/odom,/novatel/oem7/fix,/novatel/oem7/odom,39.663,-75.756,-1.800141861,0.002334077,-0.000126498,-0.002220123,-0.000720396,-0.000126498,,,
1786043696356795949,1786043696.356035351,/novatel/oem7/odom,/novatel/oem7/fix,/novatel/oem7/odom,39.663,-75.756,-1.800141861,0.002334077,-0.000126498,-0.002220123,-0.000720396,-0.000126498,,,
1786043696365827395,1786043696.365323560,/novatel/oem7/inspva,/novatel/oem7/inspva,/novatel/oem7/inspva,39.663,-75.756,-1.800145094,0.002641850,-0.001371836,-0.002254846,-0.001376605,-0.001371836,,novatel_oem7_msgs.msg.InertialSolutionStatus(status=3),
1786043696367128207,1786043696.365483565,/novatel/oem7/fix,/novatel/oem7/fix,/novatel/oem7/inspva,39.663,-75.756,-1.800145094,0.002641850,-0.001371836,-0.002254846,-0.001376605,-0.001371836,,0,
1786043696368154365,1786043696.366059277,/novatel/oem7/odom,/novatel/oem7/fix,/novatel/oem7/odom,39.663,-75.756,-1.800145094,0.002635830,-0.001383367,-0.001478210,-0.002182315,-0.001383367,,,
1786043696375487317,1786043696.374815574,/novatel/oem7/odom,/novatel/oem7/fix,/novatel/oem7/odom,39.663,-75.756,-1.800145094,0.002635830,-0.001383367,-0.001478210,-0.002182315,-0.001383367,,,
1786043696386580084,1786043696.386007695,/novatel/oem7/inspva,/novatel/oem7/inspva,/novatel/oem7/inspva,39.663,-75.756,-1.800126490,0.002460175,-0.000239795,-0.002449495,-0.000228990,-0.000239795,,novatel_oem7_msgs.msg.InertialSolutionStatus(status=3),
1786043696387883813,1786043696.386152620,/novatel/oem7/fix,/novatel/oem7/fix,/novatel/oem7/inspva,39.663,-75.756,-1.800126490,0.002460175,-0.000239795,-0.002449495,-0.000228990,-0.000239795,,0,
1786043696388915220,1786043696.386624914,/novatel/oem7/odom,/novatel/oem7/fix,/novatel/oem7/odom,39.663,-75.756,-1.800126490,0.002459413,-0.000247486,-0.000345897,-0.002434968,-0.000247486,,,
1786043696394988917,1786043696.394314931,/novatel/oem7/odom,/novatel/oem7/fix,/novatel/oem7/odom,39.663,-75.756,-1.800126490,0.002459413,-0.000247486,-0.000345897,-0.002434968,-0.000247486,,,
1786043696406780114,1786043696.406268015,/novatel/oem7/inspva,/novatel/oem7/inspva,/novatel/oem7/inspva,39.663,-75.756,-1.800109440,0.001667652,0.001419369,-0.001593635,-0.000491312,0.001419369,,novatel_oem7_msgs.msg.InertialSolutionStatus(status=3),
1786043696408075280,1786043696.406438171,/novatel/oem7/fix,/novatel/oem7/fix,/novatel/oem7/inspva,39.663,-75.756,-1.800109440,0.001667652,0.001419369,-0.001593635,-0.000491312,0.001419369,,0,
1786043696409107377,1786043696.407084994,/novatel/oem7/odom,/novatel/oem7/fix,/novatel/oem7/odom,39.663,-75.756,-1.800109440,0.001673084,0.001412962,-0.000573409,-0.001571754,0.001412962,,,
1786043696410930085,1786043696.410259102,/novatel/oem7/bestpos,/novatel/oem7/bestpos,/novatel/oem7/odom,39.663,-75.756,33.182125978,0.001673084,0.001412962,-0.000573409,-0.001571754,0.001412962,,novatel_oem7_msgs.msg.SolutionStatus(status=0),novatel_oem7_msgs.msg.PositionOrVelocityType(type=53)
1786043696412542285,1786043696.410613302,/novatel/oem7/bestvel,/novatel/oem7/bestpos,/novatel/oem7/bestvel,39.663,-75.756,33.182125978,0.001547991,0.000555188,,,,146.759118198,novatel_oem7_msgs.msg.SolutionStatus(status=0),novatel_oem7_msgs.msg.PositionOrVelocityType(type=53)
1786043696416082393,1786043696.415417600,/novatel/oem7/odom,/novatel/oem7/bestpos,/novatel/oem7/odom,39.663,-75.756,33.182125978,0.001673084,0.001412962,-0.000573409,-0.001571754,0.001412962,,,
1786043696425407205,1786043696.424919555,/novatel/oem7/inspva,/novatel/oem7/inspva,/novatel/oem7/inspva,39.663,-75.756,-1.800106300,0.001340181,0.001137079,-0.000883204,-0.001007986,0.001137079,,novatel_oem7_msgs.msg.InertialSolutionStatus(status=3),
1786043696426749135,1786043696.425006502,/novatel/oem7/fix,/novatel/oem7/fix,/novatel/oem7/inspva,39.663,-75.756,-1.800106300,0.001340181,0.001137079,-0.000883204,-0.001007986,0.001137079,,0,
1786043696427808973,1786043696.425467353,/novatel/oem7/odom,/novatel/oem7/fix,/novatel/oem7/odom,39.663,-75.756,-1.800106300,0.001345625,0.001130631,-0.001054036,-0.000836490,0.001130631,,,
1786043696435139985,1786043696.434451009,/novatel/oem7/odom,/novatel/oem7/fix,/novatel/oem7/odom,39.663,-75.756,-1.800106300,0.001345625,0.001130631,-0.001054036,-0.000836490,0.001130631,,,
1786043696447123597,1786043696.446596329,/novatel/oem7/inspva,/novatel/oem7/inspva,/novatel/oem7/inspva,39.663,-75.756,-1.800118088,0.001921381,-0.001512163,-0.000857230,-0.001719552,-0.001512163,,novatel_oem7_msgs.msg.InertialSolutionStatus(status=3),
1786043696448837364,1786043696.446744760,/novatel/oem7/fix,/novatel/oem7/fix,/novatel/oem7/inspva,39.663,-75.756,-1.800118088,0.001921381,-0.001512163,-0.000857230,-0.001719552,-0.001512163,,0,
1786043696450224178,1786043696.447148871,/novatel/oem7/odom,/novatel/oem7/fix,/novatel/oem7/odom,39.663,-75.756,-1.800118088,0.001914181,-0.001521267,-0.001752757,-0.000769370,-0.001521267,,,
1786043696457294818,1786043696.456519530,/novatel/oem7/odom,/novatel/oem7/fix,/novatel/oem7/odom,39.663,-75.756,-1.800118088,0.001914181,-0.001521267,-0.001752757,-0.000769370,-0.001521267,,,
1786043696465511776,1786043696.464965114,/novatel/oem7/inspva,/novatel/oem7/inspva,/novatel/oem7/inspva,39.663,-75.756,-1.800093831,0.001879773,-0.000420112,-0.001617055,-0.000958478,-0.000420112,,novatel_oem7_msgs.msg.InertialSolutionStatus(status=3),
1786043696466854960,1786043696.465119343,/novatel/oem7/fix,/novatel/oem7/fix,/novatel/oem7/inspva,39.663,-75.756,-1.800093831,0.001879773,-0.000420112,-0.001617055,-0.000958478,-0.000420112,,0,
1786043696467923790,1786043696.465546597,/novatel/oem7/odom,/novatel/oem7/fix,/novatel/oem7/odom,39.663,-75.756,-1.800093831,0.001877911,-0.000428358,-0.001033646,-0.001567841,-0.000428358,,,
1786043696475545509,1786043696.474860249,/novatel/oem7/odom,/novatel/oem7/fix,/novatel/oem7/odom,39.663,-75.756,-1.800093831,0.001877911,-0.000428358,-0.001033646,-0.001567841,-0.000428358,,,
1786043696485828824,1786043696.485390690,/novatel/oem7/inspva,/novatel/oem7/inspva,/novatel/oem7/inspva,39.663,-75.756,-1.800055669,0.002008594,0.002421085,-0.001986307,0.000298383,0.002421085,,novatel_oem7_msgs.msg.InertialSolutionStatus(status=3),
1786043696486569363,1786043696.485615689,/novatel/oem7/fix,/novatel/oem7/fix,/novatel/oem7/inspva,39.663,-75.756,-1.800055669,0.002008594,0.002421085,-0.001986307,0.000298383,0.002421085,,0,
1786043696487400208,1786043696.486127777,/novatel/oem7/odom,/novatel/oem7/fix,/novatel/oem7/odom,39.663,-75.756,-1.800055669,0.002013858,0.002416708,0.000192317,-0.002004654,0.002416708,,,
1786043696496059202,1786043696.495257464,/novatel/oem7/odom,/novatel/oem7/fix,/novatel/oem7/odom,39.663,-75.756,-1.800055669,0.002013858,0.002416708,0.000192317,-0.002004654,0.002416708,,,
1786043696506674153,1786043696.506216913,/novatel/oem7/inspva,/novatel/oem7/inspva,/novatel/oem7/inspva,39.663,-75.756,-1.800048552,0.001624628,0.001764194,-0.001615532,-0.000171676,0.001764194,,novatel_oem7_msgs.msg.InertialSolutionStatus(status=3),
1786043696507734781,1786043696.506370221,/novatel/oem7/fix,/novatel/oem7/fix,/novatel/oem7/inspva,39.663,-75.756,-1.800048552,0.001624628,0.001764194,-0.001615532,-0.000171676,0.001764194,,0,
1786043696508793152,1786043696.506891966,/novatel/oem7/odom,/novatel/oem7/fix,/novatel/oem7/odom,39.663,-75.756,-1.800048552,0.001630267,0.001758985,-0.000256637,-0.001609940,0.001758985,,,
1786043696512562599,1786043696.512083494,/novatel/oem7/bestpos,/novatel/oem7/bestpos,/novatel/oem7/odom,39.663,-75.756,33.182188152,0.001630267,0.001758985,-0.000256637,-0.001609940,0.001758985,,novatel_oem7_msgs.msg.SolutionStatus(status=0),novatel_oem7_msgs.msg.PositionOrVelocityType(type=53)
1786043696513282061,1786043696.512581833,/novatel/oem7/bestvel,/novatel/oem7/bestpos,/novatel/oem7/bestvel,39.663,-75.756,33.182188152,0.001421463,0.001047278,,,,147.886038613,novatel_oem7_msgs.msg.SolutionStatus(status=0),novatel_oem7_msgs.msg.PositionOrVelocityType(type=53)
1786043696514852155,1786043696.514450621,/novatel/oem7/odom,/novatel/oem7/bestpos,/novatel/oem7/odom,39.663,-75.756,33.182188152,0.001630267,0.001758985,-0.000256637,-0.001609940,0.001758985,,,
1786043696525879778,1786043696.525317759,/novatel/oem7/inspva,/novatel/oem7/inspva,/novatel/oem7/inspva,39.663,-75.756,-1.800053990,0.001929647,-0.000410277,-0.000135498,-0.001924884,-0.000410277,,novatel_oem7_msgs.msg.InertialSolutionStatus(status=3),
1786043696527231347,1786043696.525484774,/novatel/oem7/fix,/novatel/oem7/fix,/novatel/oem7/inspva,39.663,-75.756,-1.800053990,0.001929647,-0.000410277,-0.000135498,-0.001924884,-0.000410277,,0,
1786043696527726274,1786043696.526113693,/novatel/oem7/odom,/novatel/oem7/fix,/novatel/oem7/odom,39.663,-75.756,-1.800053990,0.001927937,-0.000418242,-0.001927492,-0.000041415,-0.000418242,,,
1786043696535985151,1786043696.535581034,/novatel/oem7/odom,/novatel/oem7/fix,/novatel/oem7/odom,39.663,-75.756,-1.800053990,0.001927937,-0.000418242,-0.001927492,-0.000041415,-0.000418242,,,
1786043696546579810,1786043696.545897316,/novatel/oem7/inspva,/novatel/oem7/inspva,/novatel/oem7/inspva,39.663,-75.756,-1.800038101,0.001925328,-0.000920572,-0.000951951,-0.001673522,-0.000920572,,novatel_oem7_msgs.msg.InertialSolutionStatus(status=3),
1786043696547719386,1786043696.546076325,/novatel/oem7/fix,/novatel/oem7/fix,/novatel/oem7/inspva,39.663,-75.756,-1.800038101,0.001925328,-0.000920572,-0.000951951,-0.001673522,-0.000920572,,0,
1786043696548239949,1786043696.546720724,/novatel/oem7/odom,/novatel/oem7/fix,/novatel/oem7/odom,39.663,-75.756,-1.800038101,0.001920860,-0.000929858,-0.001713714,-0.000867691,-0.000929858,,,
1786043696556351947,1786043696.555674490,/novatel/oem7/odom,/novatel/oem7/fix,/novatel/oem7/odom,39.663,-75.756,-1.800038101,0.001920860,-0.000929858,-0.001713714,-0.000867691,-0.000929858,,,
1786043696566895520,1786043696.566590738,/novatel/oem7/inspva,/novatel/oem7/inspva,/novatel/oem7/inspva,39.663,-75.756,-1.799994669,0.002024946,0.002388966,-0.001810528,-0.000906858,0.002388966,,novatel_oem7_msgs.msg.InertialSolutionStatus(status=3),
1786043696567547465,1786043696.566736370,/novatel/oem7/fix,/novatel/oem7/fix,/novatel/oem7/inspva,39.663,-75.756,-1.799994669,0.002024946,0.002388966,-0.001810528,-0.000906858,0.002388966,,0,
1786043696568261633,1786043696.567349179,/novatel/oem7/odom,/novatel/oem7/fix,/novatel/oem7/odom,39.663,-75.756,-1.799994669,0.002035144,0.002380285,-0.001002918,-0.001770866,0.002380285,,,
1786043696575648491,1786043696.574939367,/novatel/oem7/odom,/novatel/oem7/fix,/novatel/oem7/odom,39.663,-75.756,-1.799994669,0.002035144,0.002380285,-0.001002918,-0.001770866,0.002380285,,,
1786043696585333843,1786043696.585035711,/novatel/oem7/inspva,/novatel/oem7/inspva,/novatel/oem7/inspva,39.663,-75.756,-1.799995816,0.002023553,0.001406641,-0.001871202,-0.000770304,0.001406641,,novatel_oem7_msgs.msg.InertialSolutionStatus(status=3),
1786043696586381551,1786043696.585178449,/novatel/oem7/fix,/novatel/oem7/fix,/novatel/oem7/inspva,39.663,-75.756,-1.799995816,0.002023553,0.001406641,-0.001871202,-0.000770304,0.001406641,,0,
1786043696587325938,1786043696.585624677,/novatel/oem7/odom,/novatel/oem7/fix,/novatel/oem7/odom,39.663,-75.756,-1.799995816,0.002029301,0.001398335,-0.000865498,-0.001835477,0.001398335,,,
1786043696595053852,1786043696.594676293,/novatel/oem7/odom,/novatel/oem7/fix,/novatel/oem7/odom,39.663,-75.756,-1.799995816,0.002029301,0.001398335,-0.000865498,-0.001835477,0.001398335,,,
1786043696606744502,1786043696.606334508,/novatel/oem7/inspva,/novatel/oem7/inspva,/novatel/oem7/inspva,39.663,-75.756,-1.799993505,0.000979786,0.000585341,0.000140893,-0.000969603,0.000585341,,novatel_oem7_msgs.msg.InertialSolutionStatus(status=3),
1786043696607432007,1786043696.606497417,/novatel/oem7/fix,/novatel/oem7/fix,/novatel/oem7/inspva,39.663,-75.756,-1.799993505,0.000979786,0.000585341,0.000140893,-0.000969603,0.000585341,,0,
1786043696608250491,1786043696.607106780,/novatel/oem7/odom,/novatel/oem7/fix,/novatel/oem7/odom,39.663,-75.756,-1.799993505,0.000981835,0.000581898,-0.000964055,0.000186009,0.000581898,,,
1786043696610760107,1786043696.610296405,/novatel/oem7/bestpos,/novatel/oem7/bestpos,/novatel/oem7/odom,39.663,-75.756,33.182249199,0.000981835,0.000581898,-0.000964055,0.000186009,0.000581898,,novatel_oem7_msgs.msg.SolutionStatus(status=0),novatel_oem7_msgs.msg.PositionOrVelocityType(type=53)
1786043696611446387,1786043696.610644921,/novatel/oem7/bestvel,/novatel/oem7/bestpos,/novatel/oem7/bestvel,39.663,-75.756,33.182249199,0.001633493,0.000319961,,,,304.694368809,novatel_oem7_msgs.msg.SolutionStatus(status=0),novatel_oem7_msgs.msg.PositionOrVelocityType(type=53)
1786043696615580925,1786043696.615185556,/novatel/oem7/odom,/novatel/oem7/bestpos,/novatel/oem7/odom,39.663,-75.756,33.182249199,0.000981835,0.000581898,-0.000964055,0.000186009,0.000581898,,,
1786043696626396463,1786043696.626071431,/novatel/oem7/inspva,/novatel/oem7/inspva,/novatel/oem7/inspva,39.663,-75.756,-1.799980930,0.001455691,0.000144777,-0.000348230,-0.001413425,0.000144777,,novatel_oem7_msgs.msg.InertialSolutionStatus(status=3),
1786043696627654325,1786043696.626246856,/novatel/oem7/fix,/novatel/oem7/fix,/novatel/oem7/inspva,39.663,-75.756,-1.799980930,0.001455691,0.000144777,-0.000348230,-0.001413425,0.000144777,,0,
1786043696628141246,1786043696.626963350,/novatel/oem7/odom,/novatel/oem7/fix,/novatel/oem7/odom,39.663,-75.756,-1.799980930,0.001456330,0.000138193,-0.001429172,-0.000279941,0.000138193,,,
1786043696634857505,1786043696.634392203,/novatel/oem7/odom,/novatel/oem7/fix,/novatel/oem7/odom,39.663,-75.756,-1.799980930,0.001456330,0.000138193,-0.001429172,-0.000279941,0.000138193,,,
1786043696645553017,1786043696.645221041,/novatel/oem7/inspva,/novatel/oem7/inspva,/novatel/oem7/inspva,39.663,-75.756,-1.799955691,0.002337822,0.000762884,-0.001649585,-0.001656587,0.000762884,,novatel_oem7_msgs.msg.InertialSolutionStatus(status=3),
1786043696646824110,1786043696.645377135,/novatel/oem7/fix,/novatel/oem7/fix,/novatel/oem7/inspva,39.663,-75.756,-1.799955691,0.002337822,0.000762884,-0.001649585,-0.001656587,0.000762884,,0,
1786043696647621155,1786043696.645905294,/novatel/oem7/odom,/novatel/oem7/fix,/novatel/oem7/odom,39.663,-75.756,-1.799955691,0.002341430,0.000751738,-0.001737406,-0.001569623,0.000751738,,,
1786043696656993784,1786043696.656249610,/novatel/oem7/odom,/novatel/oem7/fix,/novatel/oem7/odom,39.663,-75.756,-1.799955691,0.002341430,0.000751738,-0.001737406,-0.001569623,0.000751738,,,
1786043696665338476,1786043696.665000670,/novatel/oem7/inspva,/novatel/oem7/inspva,/novatel/oem7/inspva,39.663,-75.756,-1.799937853,0.001593987,0.001272412,-0.001589176,-0.000123745,0.001272412,,novatel_oem7_msgs.msg.InertialSolutionStatus(status=3),
1786043696666623016,1786043696.665166812,/novatel/oem7/fix,/novatel/oem7/fix,/novatel/oem7/inspva,39.663,-75.756,-1.799937853,0.001593987,0.001272412,-0.001589176,-0.000123745,0.001272412,,0,
1786043696667688725,1786043696.665869378,/novatel/oem7/odom,/novatel/oem7/fix,/novatel/oem7/odom,39.663,-75.756,-1.799937853,0.001597932,0.001267454,-0.000205516,-0.001584660,0.001267454,,,
1786043696675034291,1786043696.674543608,/novatel/oem7/odom,/novatel/oem7/fix,/novatel/oem7/odom,39.663,-75.756,-1.799937853,0.001597932,0.001267454,-0.000205516,-0.001584660,0.001267454,,,
1786043696686992084,1786043696.686703585,/novatel/oem7/inspva,/novatel/oem7/inspva,/novatel/oem7/inspva,39.663,-75.756,-1.799925059,0.001095723,0.001366349,0.000065921,-0.001093738,0.001366349,,novatel_oem7_msgs.msg.InertialSolutionStatus(status=3),
1786043696687622607,1786043696.686870157,/novatel/oem7/fix,/novatel/oem7/fix,/novatel/oem7/inspva,39.663,-75.756,-1.799925059,0.001095723,0.001366349,0.000065921,-0.001093738,0.001366349,,0,
1786043696688309155,1786043696.687321368,/novatel/oem7/odom,/novatel/oem7/fix,/novatel/oem7/odom,39.663,-75.756,-1.799925059,0.001100949,0.001362141,-0.001094913,0.000115132,0.001362141,,,
1786043696695073280,1786043696.694713358,/novatel/oem7/odom,/novatel/oem7/fix,/novatel/oem7/odom,39.663,-75.756,-1.799925059,0.001100949,0.001362141,-0.001094913,0.000115132,0.001362141,,,
1786043696706123407,1786043696.705840885,/novatel/oem7/inspva,/novatel/oem7/inspva,/novatel/oem7/inspva,39.663,-75.756,-1.799912431,0.001353209,0.000786211,0.000535929,-0.001242559,0.000786211,,novatel_oem7_msgs.msg.InertialSolutionStatus(status=3),
1786043696706769323,1786043696.705997223,/novatel/oem7/fix,/novatel/oem7/fix,/novatel/oem7/inspva,39.663,-75.756,-1.799912431,0.001353209,0.000786211,0.000535929,-0.001242559,0.000786211,,0,
1786043696707291741,1786043696.706520078,/novatel/oem7/odom,/novatel/oem7/fix,/novatel/oem7/odom,39.663,-75.756,-1.799912431,0.001355187,0.000782796,-0.001218417,0.000593289,0.000782796,,,
1786043696709852873,1786043696.709310846,/novatel/oem7/bestpos,/novatel/oem7/bestpos,/novatel/oem7/odom,39.663,-75.756,33.182341549,0.001355187,0.000782796,-0.001218417,0.000593289,0.000782796,,novatel_oem7_msgs.msg.SolutionStatus(status=0),novatel_oem7_msgs.msg.PositionOrVelocityType(type=53)
1786043696710533550,1786043696.709960529,/novatel/oem7/bestvel,/novatel/oem7/bestpos,/novatel/oem7/bestvel,39.663,-75.756,33.182341549,0.001739934,0.000888924,,,,292.947672618,novatel_oem7_msgs.msg.SolutionStatus(status=0),novatel_oem7_msgs.msg.PositionOrVelocityType(type=53)
1786043696716068745,1786043696.715601181,/novatel/oem7/odom,/novatel/oem7/bestpos,/novatel/oem7/odom,39.663,-75.756,33.182341549,0.001355187,0.000782796,-0.001218417,0.000593289,0.000782796,,,
1786043696725761047,1786043696.725413589,/novatel/oem7/inspva,/novatel/oem7/inspva,/novatel/oem7/inspva,39.663,-75.756,-1.799893605,0.001095111,0.000517749,-0.001062462,-0.000265408,0.000517749,,novatel_oem7_msgs.msg.InertialSolutionStatus(status=3),
1786043696726370651,1786043696.725602414,/novatel/oem7/fix,/novatel/oem7/fix,/novatel/oem7/inspva,39.663,-75.756,-1.799893605,0.001095111,0.000517749,-0.001062462,-0.000265408,0.000517749,,0,
1786043696727074053,1786043696.726332518,/novatel/oem7/odom,/novatel/oem7/fix,/novatel/oem7/odom,39.663,-75.756,-1.799893605,0.001096996,0.000513742,-0.000318523,-0.001049735,0.000513742,,,
1786043696735437607,1786043696.735001117,/novatel/oem7/odom,/novatel/oem7/fix,/novatel/oem7/odom,39.663,-75.756,-1.799893605,0.001096996,0.000513742,-0.000318523,-0.001049735,0.000513742,,,
1786043696748193511,1786043696.746062597,/novatel/oem7/inspva,/novatel/oem7/inspva,/novatel/oem7/inspva,39.663,-75.756,-1.799866819,0.001195867,0.000791458,-0.001191992,-0.000096186,0.000791458,,novatel_oem7_msgs.msg.InertialSolutionStatus(status=3),
1786043696749628499,1786043696.746297586,/novatel/oem7/fix,/novatel/oem7/fix,/novatel/oem7/inspva,39.663,-75.756,-1.799866819,0.001195867,0.000791458,-0.001191992,-0.000096186,0.000791458,,0,
1786043696750709599,1786043696.747711163,/novatel/oem7/odom,/novatel/oem7/fix,/novatel/oem7/odom,39.663,-75.756,-1.799866819,0.001097004,0.000513726,-0.000318545,-0.001049736,0.000513726,,,
1786043696756934095,1786043696.756002596,/novatel/oem7/odom,/novatel/oem7/fix,/novatel/oem7/odom,39.663,-75.756,-1.799866819,0.001198320,0.000787739,-0.000156897,-0.001188004,0.000787739,,,
1786043696765979921,1786043696.765270410,/novatel/oem7/inspva,/novatel/oem7/inspva,/novatel/oem7/inspva,39.663,-75.756,-1.799840866,0.000503658,0.001924738,-0.000473550,-0.000171530,0.001924738,,novatel_oem7_msgs.msg.InertialSolutionStatus(status=3),
1786043696767379865,1786043696.765456622,/novatel/oem7/fix,/novatel/oem7/fix,/novatel/oem7/inspva,39.663,-75.756,-1.799840866,0.000503658,0.001924738,-0.000473550,-0.000171530,0.001924738,,0,
1786043696768461505,1786043696.766085632,/novatel/oem7/odom,/novatel/oem7/fix,/novatel/oem7/odom,39.663,-75.756,-1.799840866,0.000511375,0.001922702,-0.000202153,-0.000469722,0.001922702,,,
1786043696776175129,1786043696.775444925,/novatel/oem7/odom,/novatel/oem7/fix,/novatel/oem7/odom,39.663,-75.756,-1.799840866,0.000511375,0.001922702,-0.000202153,-0.000469722,0.001922702,,,
1786043696785829298,1786043696.785159841,/novatel/oem7/inspva,/novatel/oem7/inspva,/novatel/oem7/inspva,39.663,-75.756,-1.799828296,0.000626823,0.001472972,-0.000045241,-0.000625188,0.001472972,,novatel_oem7_msgs.msg.InertialSolutionStatus(status=3),
1786043696787223341,1786043696.785329986,/novatel/oem7/fix,/novatel/oem7/fix,/novatel/oem7/inspva,39.663,-75.756,-1.799828296,0.000626823,0.001472972,-0.000045241,-0.000625188,0.001472972,,0,
1786043696788550491,1786043696.785804424,/novatel/oem7/odom,/novatel/oem7/fix,/novatel/oem7/odom,39.663,-75.756,-1.799828296,0.000632993,0.001470332,-0.000632713,-0.000018794,0.001470332,,,
1786043696795469010,1786043696.794532571,/novatel/oem7/odom,/novatel/oem7/fix,/novatel/oem7/odom,39.663,-75.756,-1.799828296,0.000632993,0.001470332,-0.000632713,-0.000018794,0.001470332,,,
1786043696807474822,1786043696.806770562,/novatel/oem7/inspva,/novatel/oem7/inspva,/novatel/oem7/inspva,39.663,-75.756,-1.799819798,0.001011215,-0.000369990,-0.000194576,-0.000992319,-0.000369990,,novatel_oem7_msgs.msg.InertialSolutionStatus(status=3),
1786043696808875080,1786043696.806941627,/novatel/oem7/fix,/novatel/oem7/fix,/novatel/oem7/inspva,39.663,-75.756,-1.799819798,0.001011215,-0.000369990,-0.000194576,-0.000992319,-0.000369990,,0,
1786043696809948243,1786043696.807699981,/novatel/oem7/odom,/novatel/oem7/fix,/novatel/oem7/odom,39.663,-75.756,-1.799819798,0.001009575,-0.000374442,-0.000999047,-0.000145422,-0.000374442,,,
1786043696811535852,1786043696.810237669,/novatel/oem7/bestpos,/novatel/oem7/bestpos,/novatel/oem7/odom,39.663,-75.756,33.182444373,0.001009575,-0.000374442,-0.000999047,-0.000145422,-0.000374442,,novatel_oem7_msgs.msg.SolutionStatus(status=0),novatel_oem7_msgs.msg.PositionOrVelocityType(type=53)
1786043696812482689,1786043696.810840172,/novatel/oem7/bestvel,/novatel/oem7/bestpos,/novatel/oem7/bestvel,39.663,-75.756,33.182444373,0.002335269,0.000578596,,,,251.410659868,novatel_oem7_msgs.msg.SolutionStatus(status=0),novatel_oem7_msgs.msg.PositionOrVelocityType(type=53)
1786043696815734344,1786043696.814986477,/novatel/oem7/odom,/novatel/oem7/bestpos,/novatel/oem7/odom,39.663,-75.756,33.182444373,0.001009575,-0.000374442,-0.000999047,-0.000145422,-0.000374442,,,
1786043696826160921,1786043696.825514578,/novatel/oem7/inspva,/novatel/oem7/inspva,/novatel/oem7/inspva,39.663,-75.756,-1.799793324,0.000894932,0.000177636,-0.000732607,-0.000513994,0.000177636,,novatel_oem7_msgs.msg.InertialSolutionStatus(status=3),
1786043696827519061,1786043696.825699873,/novatel/oem7/fix,/novatel/oem7/fix,/novatel/oem7/inspva,39.663,-75.756,-1.799793324,0.000894932,0.000177636,-0.000732607,-0.000513994,0.000177636,,0,
1786043696828545131,1786043696.826198231,/novatel/oem7/odom,/novatel/oem7/fix,/novatel/oem7/odom,39.663,-75.756,-1.799793324,0.000895734,0.000173550,-0.000549522,-0.000707364,0.000173550,,,
1786043696836330638,1786043696.835522150,/novatel/oem7/odom,/novatel/oem7/fix,/novatel/oem7/odom,39.663,-75.756,-1.799793324,0.000895734,0.000173550,-0.000549522,-0.000707364,0.000173550,,,
1786043696845889960,1786043696.845315177,/novatel/oem7/inspva,/novatel/oem7/inspva,/novatel/oem7/inspva,39.663,-75.756,-1.799752830,0.000694855,0.002673753,-0.000664087,0.000204479,0.002673753,,novatel_oem7_msgs.msg.InertialSolutionStatus(status=3),
1786043696847242840,1786043696.845472562,/novatel/oem7/fix,/novatel/oem7/fix,/novatel/oem7/inspva,39.663,-75.756,-1.799752830,0.000694855,0.002673753,-0.000664087,0.000204479,0.002673753,,0,
1786043696848281490,1786043696.845985058,/novatel/oem7/odom,/novatel/oem7/fix,/novatel/oem7/odom,39.663,-75.756,-1.799752830,0.000698975,0.002672679,0.000161074,-0.000680163,0.002672679,,,
1786043696857268042,1786043696.856460354,/novatel/oem7/odom,/novatel/oem7/fix,/novatel/oem7/odom,39.663,-75.756,-1.799752830,0.000698975,0.002672679,0.000161074,-0.000680163,0.002672679,,,
1786043696866737349,1786043696.866127573,/novatel/oem7/inspva,/novatel/oem7/inspva,/novatel/oem7/inspva,39.663,-75.756,-1.799740046,0.000288950,0.001999279,-0.000132067,-0.000257002,0.001999279,,novatel_oem7_msgs.msg.InertialSolutionStatus(status=3),
1786043696868105500,1786043696.866280432,/novatel/oem7/fix,/novatel/oem7/fix,/novatel/oem7/inspva,39.663,-75.756,-1.799740046,0.000288950,0.001999279,-0.000132067,-0.000257002,0.001999279,,0,
1786043696869143060,1786043696.866736496,/novatel/oem7/odom,/novatel/oem7/fix,/novatel/oem7/odom,39.663,-75.756,-1.799740046,0.000298635,0.001997855,-0.000271375,-0.000124655,0.001997855,,,
1786043696875497376,1786043696.874711528,/novatel/oem7/odom,/novatel/oem7/fix,/novatel/oem7/odom,39.663,-75.756,-1.799740046,0.000298635,0.001997855,-0.000271375,-0.000124655,0.001997855,,,
1786043696885868633,1786043696.885240740,/novatel/oem7/inspva,/novatel/oem7/inspva,/novatel/oem7/inspva,39.663,-75.756,-1.799739904,0.001267884,-0.000850353,0.000534696,-0.001149622,-0.000850353,,novatel_oem7_msgs.msg.InertialSolutionStatus(status=3),
1786043696887239109,1786043696.885393148,/novatel/oem7/fix,/novatel/oem7/fix,/novatel/oem7/inspva,39.663,-75.756,-1.799739904,0.001267884,-0.000850353,0.000534696,-0.001149622,-0.000850353,,0,
1786043696888276200,1786043696.885764662,/novatel/oem7/odom,/novatel/oem7/fix,/novatel/oem7/odom,39.663,-75.756,-1.799739904,0.001265814,-0.000853432,-0.001118925,0.000591854,-0.000853432,,,
1786043696896262882,1786043696.895508210,/novatel/oem7/odom,/novatel/oem7/fix,/novatel/oem7/odom,39.663,-75.756,-1.799739904,0.001265814,-0.000853432,-0.001118925,0.000591854,-0.000853432,,,
1786043696906402683,1786043696.905801730,/novatel/oem7/inspva,/novatel/oem7/inspva,/novatel/oem7/inspva,39.663,-75.756,-1.799709765,0.001340723,-0.000275213,-0.000268865,-0.001313487,-0.000275213,,novatel_oem7_msgs.msg.InertialSolutionStatus(status=3),
1786043696907802520,1786043696.905950662,/novatel/oem7/fix,/novatel/oem7/fix,/novatel/oem7/inspva,39.663,-75.756,-1.799709765,0.001340723,-0.000275213,-0.000268865,-0.001313487,-0.000275213,,0,
1786043696908839190,1786043696.906444910,/novatel/oem7/odom,/novatel/oem7/fix,/novatel/oem7/odom,39.663,-75.756,-1.799709765,0.001339482,-0.000281191,-0.001323804,-0.000204342,-0.000281191,,,
1786043696910790003,1786043696.909897767,/novatel/oem7/bestpos,/novatel/oem7/bestpos,/novatel/oem7/odom,39.663,-75.756,33.182549462,0.001339482,-0.000281191,-0.001323804,-0.000204342,-0.000281191,,novatel_oem7_msgs.msg.SolutionStatus(status=0),novatel_oem7_msgs.msg.PositionOrVelocityType(type=53)
1786043696912176843,1786043696.910412712,/novatel/oem7/bestvel,/novatel/oem7/bestpos,/novatel/oem7/bestvel,39.663,-75.756,33.182549462,0.002411352,0.000695260,,,,237.129752498,novatel_oem7_msgs.msg.SolutionStatus(status=0),novatel_oem7_msgs.msg.PositionOrVelocityType(type=53)
1786043696915207734,1786043696.914518177,/novatel/oem7/odom,/novatel/oem7/bestpos,/novatel/oem7/odom,39.663,-75.756,33.182549462,0.001339482,-0.000281191,-0.001323804,-0.000204342,-0.000281191,,,
1786043696927494895,1786043696.926898473,/novatel/oem7/inspva,/novatel/oem7/inspva,/novatel/oem7/inspva,39.663,-75.756,-1.799673242,0.000800808,0.002071066,-0.000279689,0.000750379,0.002071066,,novatel_oem7_msgs.msg.InertialSolutionStatus(status=3),
1786043696928845045,1786043696.927042494,/novatel/oem7/fix,/novatel/oem7/fix,/novatel/oem7/inspva,39.663,-75.756,-1.799673242,0.000800808,0.002071066,-0.000279689,0.000750379,0.002071066,,0,
1786043696929885879,1786043696.927608553,/novatel/oem7/odom,/novatel/oem7/fix,/novatel/oem7/odom,39.663,-75.756,-1.799673242,0.000795108,0.002073262,0.000727413,-0.000321039,0.002073262,,,
1786043696935959915,1786043696.935253532,/novatel/oem7/odom,/novatel/oem7/fix,/novatel/oem7/odom,39.663,-75.756,-1.799673242,0.000795108,0.002073262,0.000727413,-0.000321039,0.002073262,,,
1786043696945696166,1786043696.945123840,/novatel/oem7/inspva,/novatel/oem7/inspva,/novatel/oem7/inspva,39.663,-75.756,-1.799653335,0.000326675,0.002297950,-0.000277267,-0.000172741,0.002297950,,novatel_oem7_msgs.msg.InertialSolutionStatus(status=3),
1786043696947044465,1786043696.945265471,/novatel/oem7/fix,/novatel/oem7/fix,/novatel/oem7/inspva,39.663,-75.756,-1.799653335,0.000326675,0.002297950,-0.000277267,-0.000172741,0.002297950,,0,
1786043696948073422,1786043696.945799290,/novatel/oem7/odom,/novatel/oem7/fix,/novatel/oem7/odom,39.663,-75.756,-1.799653335,0.000337040,0.002296453,-0.000195485,-0.000274557,0.002296453,,,
1786043696956553720,1786043696.955833626,/novatel/oem7/odom,/novatel/oem7/fix,/novatel/oem7/odom,39.663,-75.756,-1.799653335,0.000337040,0.002296453,-0.000195485,-0.000274557,0.002296453,,,
1786043696966628249,1786043696.965912269,/novatel/oem7/inspva,/novatel/oem7/inspva,/novatel/oem7/inspva,39.663,-75.756,-1.799654260,0.001389890,-0.000239065,0.001010773,-0.000954008,-0.000239065,,novatel_oem7_msgs.msg.InertialSolutionStatus(status=3),
1786043696968317956,1786043696.966050551,/novatel/oem7/fix,/novatel/oem7/fix,/novatel/oem7/inspva,39.663,-75.756,-1.799654260,0.001389890,-0.000239065,0.001010773,-0.000954008,-0.000239065,,0,
1786043696969841525,1786043696.967873199,/novatel/oem7/odom,/novatel/oem7/fix,/novatel/oem7/odom,39.663,-75.756,-1.799654260,0.001389717,-0.000240069,-0.000903034,0.001056334,-0.000240069,,,
1786043696975715303,1786043696.974798264,/novatel/oem7/odom,/novatel/oem7/fix,/novatel/oem7/odom,39.663,-75.756,-1.799654260,0.001389717,-0.000240069,-0.000903034,0.001056334,-0.000240069,,,
1786043696986853180,1786043696.986247558,/novatel/oem7/inspva,/novatel/oem7/inspva,/novatel/oem7/inspva,39.663,-75.756,-1.799627416,0.000840420,-0.000028983,0.000395725,-0.000741423,-0.000028983,,novatel_oem7_msgs.msg.InertialSolutionStatus(status=3),
1786043696988226510,1786043696.986404599,/novatel/oem7/fix,/novatel/oem7/fix,/novatel/oem7/inspva,39.663,-75.756,-1.799627416,0.000840420,-0.000028983,0.000395725,-0.000741423,-0.000028983,,0,
1786043696989288651,1786043696.986830300,/novatel/oem7/odom,/novatel/oem7/fix,/novatel/oem7/odom,39.663,-75.756,-1.799627416,0.000840355,-0.000030829,-0.000721299,0.000431189,-0.000030829,,,
1786043696995281137,1786043696.994565426,/novatel/oem7/odom,/novatel/oem7/fix,/novatel/oem7/odom,39.663,-75.756,-1.799627416,0.000840355,-0.000030829,-0.000721299,0.000431189,-0.000030829,,,
1786043697010618992,1786043697.010010533,/novatel/oem7/inspva,/novatel/oem7/inspva,/novatel/oem7/inspva,39.663,-75.756,-1.799583468,0.001243967,0.002221525,-0.000727925,0.001008751,0.002221525,,novatel_oem7_msgs.msg.InertialSolutionStatus(status=3),
1786043697011993956,1786043697.010160915,/novatel/oem7/fix,/novatel/oem7/fix,/novatel/oem7/inspva,39.663,-75.756,-1.799583468,0.001243967,0.002221525,-0.000727925,0.001008751,0.002221525,,0,
1786043697013048113,1786043697.011414080,/novatel/oem7/odom,/novatel/oem7/fix,/novatel/oem7/odom,39.663,-75.756,-1.799583468,0.001240423,0.002223506,0.000963182,-0.000781620,0.002223506,,,
1786043697017685389,1786043697.016833671,/novatel/oem7/odom,/novatel/oem7/fix,/novatel/oem7/odom,39.663,-75.756,-1.799583468,0.001240423,0.002223506,0.000963182,-0.000781620,0.002223506,,,
1786043697027319458,1786043697.026614731,/novatel/oem7/bestpos,/novatel/oem7/bestpos,/novatel/oem7/odom,39.663,-75.756,33.182663101,0.001240423,0.002223506,0.000963182,-0.000781620,0.002223506,,novatel_oem7_msgs.msg.SolutionStatus(status=0),novatel_oem7_msgs.msg.PositionOrVelocityType(type=53)
1786043697028875473,1786043697.027134443,/novatel/oem7/bestvel,/novatel/oem7/bestpos,/novatel/oem7/bestvel,39.663,-75.756,33.182663101,0.001289811,0.001897545,,,,106.714372782,novatel_oem7_msgs.msg.SolutionStatus(status=0),novatel_oem7_msgs.msg.PositionOrVelocityType(type=53)
1786043697029788206,1786043697.027523987,/novatel/oem7/inspva,/novatel/oem7/inspva,/novatel/oem7/inspva,39.663,-75.756,-1.799553417,0.001042883,0.002572402,-0.000493577,0.000918688,0.002572402,,novatel_oem7_msgs.msg.InertialSolutionStatus(status=3),
1786043697030618914,1786043697.027667188,/novatel/oem7/fix,/novatel/oem7/fix,/novatel/oem7/inspva,39.663,-75.756,-1.799553417,0.001042883,0.002572402,-0.000493577,0.000918688,0.002572402,,0,
1786043697031639978,1786043697.028126939,/novatel/oem7/odom,/novatel/oem7/fix,/novatel/oem7/odom,39.663,-75.756,-1.799553417,0.001037289,0.002574663,0.000883115,-0.000544128,0.002574663,,,
1786043697035095771,1786043697.034529836,/novatel/oem7/odom,/novatel/oem7/fix,/novatel/oem7/odom,39.663,-75.756,-1.799553417,0.001037289,0.002574663,0.000883115,-0.000544128,0.002574663,,,
1786043697047866005,1786043697.047591596,/novatel/oem7/inspva,/novatel/oem7/inspva,/novatel/oem7/inspva,39.663,-75.756,-1.799550136,0.001409211,0.001563381,0.001371091,-0.000325551,0.001563381,,novatel_oem7_msgs.msg.InertialSolutionStatus(status=3),
1786043697048465014,1786043697.047737633,/novatel/oem7/fix,/novatel/oem7/fix,/novatel/oem7/inspva,39.663,-75.756,-1.799550136,0.001409211,0.001563381,0.001371091,-0.000325551,0.001563381,,0,
1786043697049132749,1786043697.048253672,/novatel/oem7/odom,/novatel/oem7/fix,/novatel/oem7/odom,39.663,-75.756,-1.799550136,0.001406452,0.001565864,-0.000265336,0.001381197,0.001565864,,,
1786043697056459186,1786043697.056105490,/novatel/oem7/odom,/novatel/oem7/fix,/novatel/oem7/odom,39.663,-75.756,-1.799550136,0.001406452,0.001565864,-0.000265336,0.001381197,0.001565864,,,
1786043697066503550,1786043697.065807276,/novatel/oem7/inspva,/novatel/oem7/inspva,/novatel/oem7/inspva,39.663,-75.756,-1.799549798,0.001133716,0.000463038,0.000866747,-0.000730795,0.000463038,,novatel_oem7_msgs.msg.InertialSolutionStatus(status=3),
1786043697067474673,1786043697.065997135,/novatel/oem7/fix,/novatel/oem7/fix,/novatel/oem7/inspva,39.663,-75.756,-1.799549798,0.001133716,0.000463038,0.000866747,-0.000730795,0.000463038,,0,
1786043697067941778,1786043697.066520793,/novatel/oem7/odom,/novatel/oem7/fix,/novatel/oem7/odom,39.663,-75.756,-1.799549798,0.001133933,0.000462507,-0.000689929,0.000899890,0.000462507,,,
1786043697076141530,1786043697.075815659,/novatel/oem7/odom,/novatel/oem7/fix,/novatel/oem7/odom,39.663,-75.756,-1.799549798,0.001133933,0.000462507,-0.000689929,0.000899890,0.000462507,,,
1786043697085714144,1786043697.085281789,/novatel/oem7/inspva,/novatel/oem7/inspva,/novatel/oem7/inspva,39.663,-75.756,-1.799535013,0.001306466,0.001396297,-0.001072282,0.000746369,0.001396297,,novatel_oem7_msgs.msg.InertialSolutionStatus(status=3),
1786043697086282004,1786043697.085470291,/novatel/oem7/fix,/novatel/oem7/fix,/novatel/oem7/inspva,39.663,-75.756,-1.799535013,0.001306466,0.001396297,-0.001072282,0.000746369,0.001396297,,0,
1786043697086936748,1786043697.086111628,/novatel/oem7/odom,/novatel/oem7/fix,/novatel/oem7/odom,39.663,-75.756,-1.799535013,0.001306504,0.001396262,0.000687865,-0.001110763,0.001396262,,,
1786043697095277456,1786043697.094914091,/novatel/oem7/odom,/novatel/oem7/fix,/novatel/oem7/odom,39.663,-75.756,-1.799535013,0.001306504,0.001396262,0.000687865,-0.001110763,0.001396262,,,
1786043697106113716,1786043697.105844160,/novatel/oem7/inspva,/novatel/oem7/inspva,/novatel/oem7/inspva,39.663,-75.756,-1.799526386,0.001444932,0.002247312,-0.000880774,0.001145455,0.002247312,,novatel_oem7_msgs.msg.InertialSolutionStatus(status=3),
1786043697106688374,1786043697.105990538,/novatel/oem7/fix,/novatel/oem7/fix,/novatel/oem7/inspva,39.663,-75.756,-1.799526386,0.001444932,0.002247312,-0.000880774,0.001145455,0.002247312,,0,
1786043697107342968,1786043697.106503590,/novatel/oem7/odom,/novatel/oem7/fix,/novatel/oem7/odom,39.663,-75.756,-1.799526386,0.001441639,0.002249426,0.001092179,-0.000940993,0.002249426,,,
1786043697109866873,1786043697.109468352,/novatel/oem7/bestpos,/novatel/oem7/bestpos,/novatel/oem7/odom,39.663,-75.756,33.182746363,0.001441639,0.002249426,0.001092179,-0.000940993,0.002249426,,novatel_oem7_msgs.msg.SolutionStatus(status=0),novatel_oem7_msgs.msg.PositionOrVelocityType(type=53)
1786043697110632113,1786043697.110256717,/novatel/oem7/bestvel,/novatel/oem7/bestpos,/novatel/oem7/bestvel,39.663,-75.756,33.182746363,0.001929416,0.001799725,,,,111.010976331,novatel_oem7_msgs.msg.SolutionStatus(status=0),novatel_oem7_msgs.msg.PositionOrVelocityType(type=53)
1786043697114784873,1786043697.114442122,/novatel/oem7/odom,/novatel/oem7/bestpos,/novatel/oem7/odom,39.663,-75.756,33.182746363,0.001441639,0.002249426,0.001092179,-0.000940993,0.002249426,,,
1786043697125448671,1786043697.125187191,/novatel/oem7/inspva,/novatel/oem7/inspva,/novatel/oem7/inspva,39.663,-75.756,-1.799523807,0.000697023,0.001690799,0.000516645,-0.000467887,0.001690799,,novatel_oem7_msgs.msg.InertialSolutionStatus(status=3),
1786043697125990325,1786043697.125346317,/novatel/oem7/fix,/novatel/oem7/fix,/novatel/oem7/inspva,39.663,-75.756,-1.799523807,0.000697023,0.001690799,0.000516645,-0.000467887,0.001690799,,0,
1786043697126620763,1786043697.125801537,/novatel/oem7/odom,/novatel/oem7/fix,/novatel/oem7/odom,39.663,-75.756,-1.799523807,0.000698173,0.001690324,-0.000449417,0.000534293,0.001690324,,,
1786043697135863692,1786043697.135540764,/novatel/oem7/odom,/novatel/oem7/fix,/novatel/oem7/odom,39.663,-75.756,-1.799523807,0.000698173,0.001690324,-0.000449417,0.000534293,0.001690324,,,
1786043697145350100,1786043697.145076375,/novatel/oem7/inspva,/novatel/oem7/inspva,/novatel/oem7/inspva,39.663,-75.756,-1.799530706,0.000943194,0.001145966,0.000755557,-0.000564577,0.001145966,,novatel_oem7_msgs.msg.InertialSolutionStatus(status=3),
1786043697145911996,1786043697.145227174,/novatel/oem7/fix,/novatel/oem7/fix,/novatel/oem7/inspva,39.663,-75.756,-1.799530706,0.000943194,0.001145966,0.000755557,-0.000564577,0.001145966,,0,
1786043697146355692,1786043697.145535313,/novatel/oem7/odom,/novatel/oem7/fix,/novatel/oem7/odom,39.663,-75.756,-1.799530706,0.000943413,0.001145786,-0.000532124,0.000779020,0.001145786,,,
1786043697155979009,1786043697.155625283,/novatel/oem7/odom,/novatel/oem7/fix,/novatel/oem7/odom,39.663,-75.756,-1.799530706,0.000943413,0.001145786,-0.000532124,0.000779020,0.001145786,,,
1786043697167434700,1786043697.167127384,/novatel/oem7/inspva,/novatel/oem7/inspva,/novatel/oem7/inspva,39.663,-75.756,-1.799535101,0.001264716,-0.000024358,-0.001258806,-0.000122121,-0.000024358,,novatel_oem7_msgs.msg.InertialSolutionStatus(status=3),
1786043697167993729,1786043697.167277292,/novatel/oem7/fix,/novatel/oem7/fix,/novatel/oem7/inspva,39.663,-75.756,-1.799535101,0.001264716,-0.000024358,-0.001258806,-0.000122121,-0.000024358,,0,
1786043697168466497,1786043697.167649512,/novatel/oem7/odom,/novatel/oem7/fix,/novatel/oem7/odom,39.663,-75.756,-1.799535101,0.001264633,-0.000028355,-0.000182746,-0.001251359,-0.000028355,,,
1786043697175590650,1786043697.175232334,/novatel/oem7/odom,/novatel/oem7/fix,/novatel/oem7/odom,39.663,-75.756,-1.799535101,0.001264633,-0.000028355,-0.000182746,-0.001251359,-0.000028355,,,
1786043697185382161,1786043697.185132219,/novatel/oem7/inspva,/novatel/oem7/inspva,/novatel/oem7/inspva,39.663,-75.756,-1.799524516,0.000782946,0.001152766,-0.000782323,-0.000031219,0.001152766,,novatel_oem7_msgs.msg.InertialSolutionStatus(status=3),
1786043697185937671,1786043697.185264744,/novatel/oem7/fix,/novatel/oem7/fix,/novatel/oem7/inspva,39.663,-75.756,-1.799524516,0.000782946,0.001152766,-0.000782323,-0.000031219,0.001152766,,0,
1786043697186371904,1786043697.185614650,/novatel/oem7/odom,/novatel/oem7/fix,/novatel/oem7/odom,39.663,-75.756,-1.799524516,0.000786349,0.001150448,-0.000073763,-0.000782882,0.001150448,,,
1786043697195887570,1786043697.195563656,/novatel/oem7/odom,/novatel/oem7/fix,/novatel/oem7/odom,39.663,-75.756,-1.799524516,0.000786349,0.001150448,-0.000073763,-0.000782882,0.001150448,,,
1786043697206876512,1786043697.206621315,/novatel/oem7/inspva,/novatel/oem7/inspva,/novatel/oem7/inspva,39.663,-75.756,-1.799507605,0.000853758,0.002894193,0.000074503,-0.000850501,0.002894193,,novatel_oem7_msgs.msg.InertialSolutionStatus(status=3),
1786043697207449507,1786043697.206757770,/novatel/oem7/fix,/novatel/oem7/fix,/novatel/oem7/inspva,39.663,-75.756,-1.799507605,0.000853758,0.002894193,0.000074503,-0.000850501,0.002894193,,0,
1786043697208077847,1786043697.207235568,/novatel/oem7/odom,/novatel/oem7/fix,/novatel/oem7/odom,39.663,-75.756,-1.799507605,0.000864670,0.002890952,-0.000857891,0.000108061,0.002890952,,,
1786043697210817440,1786043697.210536761,/novatel/oem7/bestpos,/novatel/oem7/bestpos,/novatel/oem7/odom,39.663,-75.756,33.182767570,0.000864670,0.002890952,-0.000857891,0.000108061,0.002890952,,novatel_oem7_msgs.msg.SolutionStatus(status=0),novatel_oem7_msgs.msg.PositionOrVelocityType(type=53)
1786043697211405210,1786043697.211011266,/novatel/oem7/bestvel,/novatel/oem7/bestpos,/novatel/oem7/bestvel,39.663,-75.756,33.182767570,0.000440086,0.002214579,,,,8.019016025,novatel_oem7_msgs.msg.SolutionStatus(status=0),novatel_oem7_msgs.msg.PositionOrVelocityType(type=53)
1786043697215046331,1786043697.214718129,/novatel/oem7/odom,/novatel/oem7/bestpos,/novatel/oem7/odom,39.663,-75.756,33.182767570,0.000864670,0.002890952,-0.000857891,0.000108061,0.002890952,,,
1786043697227626509,1786043697.226376901,/novatel/oem7/inspva,/novatel/oem7/inspva,/novatel/oem7/inspva,39.663,-75.756,-1.799517995,0.000765222,0.001546000,0.000684497,-0.000342093,0.001546000,,novatel_oem7_msgs.msg.InertialSolutionStatus(status=3),
1786043697228191742,1786043697.226655721,/novatel/oem7/fix,/novatel/oem7/fix,/novatel/oem7/inspva,39.663,-75.756,-1.799517995,0.000765222,0.001546000,0.000684497,-0.000342093,0.001546000,,0,
1786043697228661671,1786043697.227307767,/novatel/oem7/odom,/novatel/oem7/fix,/novatel/oem7/odom,39.663,-75.756,-1.799517995,0.000864634,0.002890962,-0.000857858,0.000108040,0.002890962,,,
1786043697235949240,1786043697.235612190,/novatel/oem7/odom,/novatel/oem7/fix,/novatel/oem7/odom,39.663,-75.756,-1.799517995,0.000764159,0.001546525,-0.000314973,0.000696226,0.001546525,,,
1786043697245777619,1786043697.245374643,/novatel/oem7/inspva,/novatel/oem7/inspva,/novatel/oem7/inspva,39.663,-75.756,-1.799535140,0.001173384,-0.000937056,-0.001104135,-0.000397135,-0.000937056,,novatel_oem7_msgs.msg.InertialSolutionStatus(status=3),
1786043697246361254,1786043697.245546418,/novatel/oem7/fix,/novatel/oem7/fix,/novatel/oem7/inspva,39.663,-75.756,-1.799535140,0.001173384,-0.000937056,-0.001104135,-0.000397135,-0.000937056,,0,
1786043697247032344,1786043697.246128584,/novatel/oem7/odom,/novatel/oem7/fix,/novatel/oem7/odom,39.663,-75.756,-1.799535140,0.001169665,-0.000941694,-0.000446229,-0.001081201,-0.000941694,,,
1786043697256872668,1786043697.256511327,/novatel/oem7/odom,/novatel/oem7/fix,/novatel/oem7/odom,39.663,-75.756,-1.799535140,0.001169665,-0.000941694,-0.000446229,-0.001081201,-0.000941694,,,
1786043697265416286,1786043697.265130355,/novatel/oem7/inspva,/novatel/oem7/inspva,/novatel/oem7/inspva,39.663,-75.756,-1.799527724,0.000834668,0.000021847,-0.000834538,-0.000014748,0.000021847,,novatel_oem7_msgs.msg.InertialSolutionStatus(status=3),
1786043697266012632,1786043697.265312770,/novatel/oem7/fix,/novatel/oem7/fix,/novatel/oem7/inspva,39.663,-75.756,-1.799527724,0.000834668,0.000021847,-0.000834538,-0.000014748,0.000021847,,0,
1786043697266499387,1786043697.265741058,/novatel/oem7/odom,/novatel/oem7/fix,/novatel/oem7/odom,39.663,-75.756,-1.799527724,0.000834727,0.000019460,-0.000055188,-0.000832901,0.000019460,,,
1786043697274755235,1786043697.274330403,/novatel/oem7/odom,/novatel/oem7/fix,/novatel/oem7/odom,39.663,-75.756,-1.799527724,0.000834727,0.000019460,-0.000055188,-0.000832901,0.000019460,,,
1786043697286789937,1786043697.286519034,/novatel/oem7/inspva,/novatel/oem7/inspva,/novatel/oem7/inspva,39.663,-75.756,-1.799499366,0.000454081,0.003316531,-0.000228547,0.000392372,0.003316531,,novatel_oem7_msgs.msg.InertialSolutionStatus(status=3),
1786043697287388080,1786043697.286656876,/novatel/oem7/fix,/novatel/oem7/fix,/novatel/oem7/inspva,39.663,-75.756,-1.799499366,0.000454081,0.003316531,-0.000228547,0.000392372,0.003316531,,0,
1786043697287862275,1786043697.287073683,/novatel/oem7/odom,/novatel/oem7/fix,/novatel/oem7/odom,39.663,-75.756,-1.799499366,0.000447492,0.003317427,0.000367114,-0.000255885,0.003317427,,,
1786043697295823507,1786043697.295485256,/novatel/oem7/odom,/novatel/oem7/fix,/novatel/oem7/odom,39.663,-75.756,-1.799499366,0.000447492,0.003317427,0.000367114,-0.000255885,0.003317427,,,
1786043697306161160,1786043697.305882129,/novatel/oem7/inspva,/novatel/oem7/inspva,/novatel/oem7/inspva,39.663,-75.756,-1.799508896,0.000445354,0.002189731,0.000351960,0.000272882,0.002189731,,novatel_oem7_msgs.msg.InertialSolutionStatus(status=3),
1786043697306762116,1786043697.306043504,/novatel/oem7/fix,/novatel/oem7/fix,/novatel/oem7/inspva,39.663,-75.756,-1.799508896,0.000445354,0.002189731,0.000351960,0.000272882,0.002189731,,0,
1786043697307254254,1786043697.306516899,/novatel/oem7/odom,/novatel/oem7/fix,/novatel/oem7/odom,39.663,-75.756,-1.799508896,0.000435159,0.002191780,0.000280506,0.000332685,0.002191780,,,
1786043697309673846,1786043697.309350177,/novatel/oem7/bestpos,/novatel/oem7/bestpos,/novatel/oem7/odom,39.663,-75.756,33.182765231,0.000435159,0.002191780,0.000280506,0.000332685,0.002191780,,novatel_oem7_msgs.msg.SolutionStatus(status=0),novatel_oem7_msgs.msg.PositionOrVelocityType(type=53)
1786043697310286690,1786043697.309928496,/novatel/oem7/bestvel,/novatel/oem7/bestpos,/novatel/oem7/bestvel,39.663,-75.756,33.182765231,0.001516509,0.001493566,,,,69.416447902,novatel_oem7_msgs.msg.SolutionStatus(status=0),novatel_oem7_msgs.msg.PositionOrVelocityType(type=53)
1786043697315751692,1786043697.315411194,/novatel/oem7/odom,/novatel/oem7/bestpos,/novatel/oem7/odom,39.663,-75.756,33.182765231,0.000435159,0.002191780,0.000280506,0.000332685,0.002191780,,,
1786043697326915409,1786043697.326635312,/novatel/oem7/inspva,/novatel/oem7/inspva,/novatel/oem7/inspva,39.663,-75.756,-1.799526596,0.000342864,-0.000894423,-0.000076563,-0.000334206,-0.000894423,,novatel_oem7_msgs.msg.InertialSolutionStatus(status=3),
1786043697327524460,1786043697.326817027,/novatel/oem7/fix,/novatel/oem7/fix,/novatel/oem7/inspva,39.663,-75.756,-1.799526596,0.000342864,-0.000894423,-0.000076563,-0.000334206,-0.000894423,,0,
1786043697328190705,1786043697.327551971,/novatel/oem7/odom,/novatel/oem7/fix,/novatel/oem7/odom,39.663,-75.756,-1.799526596,0.000338836,-0.000895956,-0.000333837,-0.000057989,-0.000895956,,,
1786043697334943176,1786043697.334609807,/novatel/oem7/odom,/novatel/oem7/fix,/novatel/oem7/odom,39.663,-75.756,-1.799526596,0.000338836,-0.000895956,-0.000333837,-0.000057989,-0.000895956,,,
1786043697346493919,1786043697.345991704,/novatel/oem7/inspva,/novatel/oem7/inspva,/novatel/oem7/inspva,39.663,-75.756,-1.799520259,0.000359976,-0.000068524,-0.000333475,0.000135562,-0.000068524,,novatel_oem7_msgs.msg.InertialSolutionStatus(status=3),
1786043697347713630,1786043697.346127138,/novatel/oem7/fix,/novatel/oem7/fix,/novatel/oem7/inspva,39.663,-75.756,-1.799520259,0.000359976,-0.000068524,-0.000333475,0.000135562,-0.000068524,,0,
1786043697348161755,1786043697.346510292,/novatel/oem7/odom,/novatel/oem7/fix,/novatel/oem7/odom,39.663,-75.756,-1.799520259,0.000359901,-0.000068915,0.000119543,-0.000339468,-0.000068915,,,
1786043697356271152,1786043697.355941196,/novatel/oem7/odom,/novatel/oem7/fix,/novatel/oem7/odom,39.663,-75.756,-1.799520259,0.000359901,-0.000068915,0.000119543,-0.000339468,-0.000068915,,,
1786043697365614761,1786043697.365328852,/novatel/oem7/inspva,/novatel/oem7/inspva,/novatel/oem7/inspva,39.663,-75.756,-1.799486851,0.001934969,0.002934497,-0.001484339,0.001241307,0.002934497,,novatel_oem7_msgs.msg.InertialSolutionStatus(status=3),
1786043697366180128,1786043697.365520457,/novatel/oem7/fix,/novatel/oem7/fix,/novatel/oem7/inspva,39.663,-75.756,-1.799486851,0.001934969,0.002934497,-0.001484339,0.001241307,0.002934497,,0,
1786043697366839948,1786043697.366096493,/novatel/oem7/odom,/novatel/oem7/fix,/novatel/oem7/odom,39.663,-75.756,-1.799486851,0.001933804,0.002935265,0.001155871,-0.001550342,0.002935265,,,
1786043697375897182,1786043697.375565647,/novatel/oem7/odom,/novatel/oem7/fix,/novatel/oem7/odom,39.663,-75.756,-1.799486851,0.001933804,0.002935265,0.001155871,-0.001550342,0.002935265,,,
1786043697386374717,1786043697.386115272,/novatel/oem7/inspva,/novatel/oem7/inspva,/novatel/oem7/inspva,39.663,-75.756,-1.799490171,0.000487398,0.002365754,-0.000486928,0.000021408,0.002365754,,novatel_oem7_msgs.msg.InertialSolutionStatus(status=3),
1786043697386936775,1786043697.386276703,/novatel/oem7/fix,/novatel/oem7/fix,/novatel/oem7/inspva,39.663,-75.756,-1.799490171,0.000487398,0.002365754,-0.000486928,0.000021408,0.002365754,,0,
1786043697388178345,1786043697.386730654,/novatel/oem7/odom,/novatel/oem7/fix,/novatel/oem7/odom,39.663,-75.756,-1.799490171,0.000493645,0.002364458,-0.000012028,-0.000493498,0.002364458,,,
1786043697394934365,1786043697.394601469,/novatel/oem7/odom,/novatel/oem7/fix,/novatel/oem7/odom,39.663,-75.756,-1.799490171,0.000493645,0.002364458,-0.000012028,-0.000493498,0.002364458,,,
1786043697407275305,1786043697.406825973,/novatel/oem7/inspva,/novatel/oem7/inspva,/novatel/oem7/inspva,39.663,-75.756,-1.799511267,0.001225151,-0.000963247,0.000821471,-0.000908945,-0.000963247,,novatel_oem7_msgs.msg.InertialSolutionStatus(status=3),
1786043697407841803,1786043697.406988735,/novatel/oem7/fix,/novatel/oem7/fix,/novatel/oem7/inspva,39.663,-75.756,-1.799511267,0.001225151,-0.000963247,0.000821471,-0.000908945,-0.000963247,,0,
1786043697408287816,1786043697.407471710,/novatel/oem7/odom,/novatel/oem7/fix,/novatel/oem7/odom,39.663,-75.756,-1.799511267,0.001224111,-0.000964568,-0.000864156,0.000866997,-0.000964568,,,
1786043697410603679,1786043697.410307615,/novatel/oem7/bestpos,/novatel/oem7/bestpos,/novatel/oem7/odom,39.663,-75.756,33.182771608,0.001224111,-0.000964568,-0.000864156,0.000866997,-0.000964568,,novatel_oem7_msgs.msg.SolutionStatus(status=0),novatel_oem7_msgs.msg.PositionOrVelocityType(type=53)
1786043697411198679,1786043697.410877437,/novatel/oem7/bestvel,/novatel/oem7/bestpos,/novatel/oem7/bestvel,39.663,-75.756,33.182771608,0.001622616,-0.000719026,,,,300.808240938,novatel_oem7_msgs.msg.SolutionStatus(status=0),novatel_oem7_msgs.msg.PositionOrVelocityType(type=53)
1786043697415935215,1786043697.415603247,/novatel/oem7/odom,/novatel/oem7/bestpos,/novatel/oem7/odom,39.663,-75.756,33.182771608,0.001224111,-0.000964568,-0.000864156,0.000866997,-0.000964568,,,
1786043697425549494,1786043697.425237810,/novatel/oem7/inspva,/novatel/oem7/inspva,/novatel/oem7/inspva,39.663,-75.756,-1.799501065,0.000383853,0.000075544,0.000094307,-0.000372088,0.000075544,,novatel_oem7_msgs.msg.InertialSolutionStatus(status=3),
1786043697426840989,1786043697.425406351,/novatel/oem7/fix,/novatel/oem7/fix,/novatel/oem7/inspva,39.663,-75.756,-1.799501065,0.000383853,0.000075544,0.000094307,-0.000372088,0.000075544,,0,
1786043697427528329,1786043697.425815028,/novatel/oem7/odom,/novatel/oem7/fix,/novatel/oem7/odom,39.663,-75.756,-1.799501065,0.000384092,0.000074322,-0.000367394,0.000112020,0.000074322,,,
1786043697434953636,1786043697.434607189,/novatel/oem7/odom,/novatel/oem7/fix,/novatel/oem7/odom,39.663,-75.756,-1.799501065,0.000384092,0.000074322,-0.000367394,0.000112020,0.000074322,,,
1786043697445858510,1786043697.445414906,/novatel/oem7/inspva,/novatel/oem7/inspva,/novatel/oem7/inspva,39.663,-75.756,-1.799476749,0.001408184,0.001960386,-0.001211440,0.000717910,0.001960386,,novatel_oem7_msgs.msg.InertialSolutionStatus(status=3),
1786043697446733499,1786043697.445603011,/novatel/oem7/fix,/novatel/oem7/fix,/novatel/oem7/inspva,39.663,-75.756,-1.799476749,0.001408184,0.001960386,-0.001211440,0.000717910,0.001960386,,0,
1786043697447610874,1786043697.446212541,/novatel/oem7/odom,/novatel/oem7/fix,/novatel/oem7/odom,39.663,-75.756,-1.799476749,0.001408913,0.001959863,0.000650308,-0.001249854,0.001959863,,,
1786043697456528220,1786043697.456179459,/novatel/oem7/odom,/novatel/oem7/fix,/novatel/oem7/odom,39.663,-75.756,-1.799476749,0.001408913,0.001959863,0.000650308,-0.001249854,0.001959863,,,
1786043697465614890,1786043697.465044084,/novatel/oem7/inspva,/novatel/oem7/inspva,/novatel/oem7/inspva,39.663,-75.756,-1.799480580,0.001074668,0.001631859,-0.001056715,0.000195614,0.001631859,,novatel_oem7_msgs.msg.InertialSolutionStatus(status=3),
1786043697466965129,1786043697.465195269,/novatel/oem7/fix,/novatel/oem7/fix,/novatel/oem7/inspva,39.663,-75.756,-1.799480580,0.001074668,0.001631859,-0.001056715,0.000195614,0.001631859,,0,
1786043697467833019,1786043697.465579336,/novatel/oem7/odom,/novatel/oem7/fix,/novatel/oem7/odom,39.663,-75.756,-1.799480580,0.001077938,0.001629701,0.000137455,-0.001069138,0.001629701,,,
1786043697474980219,1786043697.474655119,/novatel/oem7/odom,/novatel/oem7/fix,/novatel/oem7/odom,39.663,-75.756,-1.799480580,0.001077938,0.001629701,0.000137455,-0.001069138,0.001629701,,,
1786043697485717092,1786043697.485159387,/novatel/oem7/inspva,/novatel/oem7/inspva,/novatel/oem7/inspva,39.663,-75.756,-1.799486469,0.001141369,0.000669408,0.000961191,-0.000615496,0.000669408,,novatel_oem7_msgs.msg.InertialSolutionStatus(status=3),
1786043697487046225,1786043697.485324955,/novatel/oem7/fix,/novatel/oem7/fix,/novatel/oem7/inspva,39.663,-75.756,-1.799486469,0.001141369,0.000669408,0.000961191,-0.000615496,0.000669408,,0,
1786043697487606394,1786043697.485896627,/novatel/oem7/odom,/novatel/oem7/fix,/novatel/oem7/odom,39.663,-75.756,-1.799486469,0.001141250,0.000669610,-0.000570978,0.000988147,0.000669610,,,
1786043697495132192,1786043697.494802722,/novatel/oem7/odom,/novatel/oem7/fix,/novatel/oem7/odom,39.663,-75.756,-1.799486469,0.001141250,0.000669610,-0.000570978,0.000988147,0.000669610,,,
1786043697506312858,1786043697.505918523,/novatel/oem7/inspva,/novatel/oem7/inspva,/novatel/oem7/inspva,39.663,-75.756,-1.799485630,0.000308516,0.000382317,0.000116775,-0.000285562,0.000382317,,novatel_oem7_msgs.msg.InertialSolutionStatus(status=3),
1786043697506908969,1786043697.506078784,/novatel/oem7/fix,/novatel/oem7/fix,/novatel/oem7/inspva,39.663,-75.756,-1.799485630,0.000308516,0.000382317,0.000116775,-0.000285562,0.000382317,,0,
1786043697507591996,1786043697.506395550,/novatel/oem7/odom,/novatel/oem7/fix,/novatel/oem7/odom,39.663,-75.756,-1.799485630,0.000309535,0.000381492,-0.000281149,0.000129489,0.000381492,,,
1786043697511456174,1786043697.511184502,/novatel/oem7/bestpos,/novatel/oem7/bestpos,/novatel/oem7/odom,39.663,-75.756,33.182784668,0.000309535,0.000381492,-0.000281149,0.000129489,0.000381492,,novatel_oem7_msgs.msg.SolutionStatus(status=0),novatel_oem7_msgs.msg.PositionOrVelocityType(type=53)
1786043697512463269,1786043697.511543740,/novatel/oem7/bestvel,/novatel/oem7/bestpos,/novatel/oem7/bestvel,39.663,-75.756,33.182784668,0.000585473,-0.000008144,,,,88.398920863,novatel_oem7_msgs.msg.SolutionStatus(status=0),novatel_oem7_msgs.msg.PositionOrVelocityType(type=53)
1786043697515255112,1786043697.514501957,/novatel/oem7/odom,/novatel/oem7/bestpos,/novatel/oem7/odom,39.663,-75.756,33.182784668,0.000309535,0.000381492,-0.000281149,0.000129489,0.000381492,,,
1786043697525591461,1786043697.525136984,/novatel/oem7/inspva,/novatel/oem7/inspva,/novatel/oem7/inspva,39.663,-75.756,-1.799468200,0.001103206,0.000982122,-0.001088348,-0.000180450,0.000982122,,novatel_oem7_msgs.msg.InertialSolutionStatus(status=3),
1786043697526955071,1786043697.525224838,/novatel/oem7/fix,/novatel/oem7/fix,/novatel/oem7/inspva,39.663,-75.756,-1.799468200,0.001103206,0.000982122,-0.001088348,-0.000180450,0.000982122,,0,
1786043697527725942,1786043697.525901147,/novatel/oem7/odom,/novatel/oem7/fix,/novatel/oem7/odom,39.663,-75.756,-1.799468200,0.001106527,0.000978378,-0.000237006,-0.001080847,0.000978378,,,
1786043697535893585,1786043697.535414082,/novatel/oem7/odom,/novatel/oem7/fix,/novatel/oem7/odom,39.663,-75.756,-1.799468200,0.001106527,0.000978378,-0.000237006,-0.001080847,0.000978378,,,
1786043697545283165,1786043697.545014720,/novatel/oem7/inspva,/novatel/oem7/inspva,/novatel/oem7/inspva,39.663,-75.756,-1.799474709,0.001613436,0.000679642,-0.001445875,0.000715977,0.000679642,,novatel_oem7_msgs.msg.InertialSolutionStatus(status=3),
1786043697546371780,1786043697.545159188,/novatel/oem7/fix,/novatel/oem7/fix,/novatel/oem7/inspva,39.663,-75.756,-1.799474709,0.001613436,0.000679642,-0.001445875,0.000715977,0.000679642,,0,
1786043697547287672,1786043697.545626673,/novatel/oem7/odom,/novatel/oem7/fix,/novatel/oem7/odom,39.663,-75.756,-1.799474709,0.001613935,0.000678458,0.000642305,-0.001480618,0.000678458,,,
1786043697556082297,1786043697.555764326,/novatel/oem7/odom,/novatel/oem7/fix,/novatel/oem7/odom,39.663,-75.756,-1.799474709,0.001613935,0.000678458,0.000642305,-0.001480618,0.000678458,,,
1786043697566791175,1786043697.566542343,/novatel/oem7/inspva,/novatel/oem7/inspva,/novatel/oem7/inspva,39.663,-75.756,-1.799475567,0.000714395,0.001461295,0.000398159,0.000593152,0.001461295,,novatel_oem7_msgs.msg.InertialSolutionStatus(status=3),
1786043697567739195,1786043697.566610437,/novatel/oem7/fix,/novatel/oem7/fix,/novatel/oem7/inspva,39.663,-75.756,-1.799475567,0.000714395,0.001461295,0.000398159,0.000593152,0.001461295,,0,
1786043697568763395,1786043697.567090946,/novatel/oem7/odom,/novatel/oem7/fix,/novatel/oem7/odom,39.663,-75.756,-1.799475567,0.000707244,0.001464769,0.000605701,0.000365130,0.001464769,,,
1786043697575111612,1786043697.574530377,/novatel/oem7/odom,/novatel/oem7/fix,/novatel/oem7/odom,39.663,-75.756,-1.799475567,0.000707244,0.001464769,0.000605701,0.000365130,0.001464769,,,
1786043697585224816,1786043697.584965626,/novatel/oem7/inspva,/novatel/oem7/inspva,/novatel/oem7/inspva,39.663,-75.756,-1.799481790,0.000369482,0.001148899,0.000095679,-0.000356879,0.001148899,,novatel_oem7_msgs.msg.InertialSolutionStatus(status=3),
1786043697586240252,1786043697.585101601,/novatel/oem7/fix,/novatel/oem7/fix,/novatel/oem7/inspva,39.663,-75.756,-1.799481790,0.000369482,0.001148899,0.000095679,-0.000356879,0.001148899,,0,
1786043697587338350,1786043697.585484461,/novatel/oem7/odom,/novatel/oem7/fix,/novatel/oem7/odom,39.663,-75.756,-1.799481790,0.000373130,0.001147719,-0.000356579,0.000109898,0.001147719,,,
1786043697594927365,1786043697.594605965,/novatel/oem7/odom,/novatel/oem7/fix,/novatel/oem7/odom,39.663,-75.756,-1.799481790,0.000373130,0.001147719,-0.000356579,0.000109898,0.001147719,,,
1786043697606577725,1786043697.606141086,/novatel/oem7/inspva,/novatel/oem7/inspva,/novatel/oem7/inspva,39.663,-75.756,-1.799482254,0.000984570,-0.000330592,-0.000982533,0.000063288,-0.000330592,,novatel_oem7_msgs.msg.InertialSolutionStatus(status=3),
1786043697607154232,1786043697.606279770,/novatel/oem7/fix,/novatel/oem7/fix,/novatel/oem7/inspva,39.663,-75.756,-1.799482254,0.000984570,-0.000330592,-0.000982533,0.000063288,-0.000330592,,0,
1786043697607638824,1786043697.606704308,/novatel/oem7/odom,/novatel/oem7/fix,/novatel/oem7/odom,39.663,-75.756,-1.799482254,0.000983743,-0.000333044,0.000016957,-0.000983597,-0.000333044,,,
1786043697610621795,1786043697.610128599,/novatel/oem7/bestpos,/novatel/oem7/bestpos,/novatel/oem7/odom,39.663,-75.756,33.182813243,0.000983743,-0.000333044,0.000016957,-0.000983597,-0.000333044,,novatel_oem7_msgs.msg.SolutionStatus(status=0),novatel_oem7_msgs.msg.PositionOrVelocityType(type=53)
1786043697611211882,1786043697.610526696,/novatel/oem7/bestvel,/novatel/oem7/bestpos,/novatel/oem7/bestvel,39.663,-75.756,33.182813243,0.002267058,0.000837508,,,,207.384007701,novatel_oem7_msgs.msg.SolutionStatus(status=0),novatel_oem7_msgs.msg.PositionOrVelocityType(type=53)
1786043697615499963,1786043697.615182119,/novatel/oem7/odom,/novatel/oem7/bestpos,/novatel/oem7/odom,39.663,-75.756,33.182813243,0.000983743,-0.000333044,0.000016957,-0.000983597,-0.000333044,,,
1786043697626701440,1786043697.626154294,/novatel/oem7/inspva,/novatel/oem7/inspva,/novatel/oem7/inspva,39.663,-75.756,-1.799479481,0.001531439,0.000761790,-0.001445480,0.000505860,0.000761790,,novatel_oem7_msgs.msg.InertialSolutionStatus(status=3),
1786043697627541134,1786043697.626315729,/novatel/oem7/fix,/novatel/oem7/fix,/novatel/oem7/inspva,39.663,-75.756,-1.799479481,0.001531439,0.000761790,-0.001445480,0.000505860,0.000761790,,0,
1786043697628008471,1786043697.626798788,/novatel/oem7/odom,/novatel/oem7/fix,/novatel/oem7/odom,39.663,-75.756,-1.799479481,0.001532432,0.000759791,0.000432105,-0.001470249,0.000759791,,,
1786043697634859499,1786043697.634523874,/novatel/oem7/odom,/novatel/oem7/fix,/novatel/oem7/odom,39.663,-75.756,-1.799479481,0.001532432,0.000759791,0.000432105,-0.001470249,0.000759791,,,
1786043697645622515,1786043697.645294767,/novatel/oem7/inspva,/novatel/oem7/inspva,/novatel/oem7/inspva,39.663,-75.756,-1.799472855,0.001671723,0.001908693,-0.000443348,0.001611862,0.001908693,,novatel_oem7_msgs.msg.InertialSolutionStatus(status=3),
1786043697646191072,1786043697.645485343,/novatel/oem7/fix,/novatel/oem7/fix,/novatel/oem7/inspva,39.663,-75.756,-1.799472855,0.001671723,0.001908693,-0.000443348,0.001611862,0.001908693,,0,
1786043697646819707,1786043697.646075775,/novatel/oem7/odom,/novatel/oem7/fix,/novatel/oem7/odom,39.663,-75.756,-1.799472855,0.001665828,0.001913840,0.001580624,-0.000525940,0.001913840,,,
1786043697657017072,1786043697.656564273,/novatel/oem7/odom,/novatel/oem7/fix,/novatel/oem7/odom,39.663,-75.756,-1.799472855,0.001665828,0.001913840,0.001580624,-0.000525940,0.001913840,,,
1786043697665389727,1786043697.665110241,/novatel/oem7/inspva,/novatel/oem7/inspva,/novatel/oem7/inspva,39.663,-75.756,-1.799469240,0.000465979,0.001970363,-0.000434445,0.000168503,0.001970363,,novatel_oem7_msgs.msg.InertialSolutionStatus(status=3),
1786043697666229249,1786043697.665279779,/novatel/oem7/fix,/novatel/oem7/fix,/novatel/oem7/inspva,39.663,-75.756,-1.799469240,0.000465979,0.001970363,-0.000434445,0.000168503,0.001970363,,0,
1786043697667312246,1786043697.665718214,/novatel/oem7/odom,/novatel/oem7/fix,/novatel/oem7/odom,39.663,-75.756,-1.799469240,0.000468321,0.001969807,0.000139088,-0.000447190,0.001969807,,,
1786043697675208594,1786043697.674529737,/novatel/oem7/odom,/novatel/oem7/fix,/novatel/oem7/odom,39.663,-75.756,-1.799469240,0.000468321,0.001969807,0.000139088,-0.000447190,0.001969807,,,
1786043697687046515,1786043697.686650321,/novatel/oem7/inspva,/novatel/oem7/inspva,/novatel/oem7/inspva,39.663,-75.756,-1.799467323,0.000852454,0.000071271,-0.000117156,-0.000844365,0.000071271,,novatel_oem7_msgs.msg.InertialSolutionStatus(status=3),
1786043697687667256,1786043697.686814333,/novatel/oem7/fix,/novatel/oem7/fix,/novatel/oem7/inspva,39.663,-75.756,-1.799467323,0.000852454,0.000071271,-0.000117156,-0.000844365,0.000071271,,0,
1786043697688116914,1786043697.687284410,/novatel/oem7/odom,/novatel/oem7/fix,/novatel/oem7/odom,39.663,-75.756,-1.799467323,0.000852752,0.000067614,-0.000849334,-0.000076278,0.000067614,,,
1786043697695813288,1786043697.695137631,/novatel/oem7/odom,/novatel/oem7/fix,/novatel/oem7/odom,39.663,-75.756,-1.799467323,0.000852752,0.000067614,-0.000849334,-0.000076278,0.000067614,,,
1786043697705964053,1786043697.705679113,/novatel/oem7/inspva,/novatel/oem7/inspva,/novatel/oem7/inspva,39.663,-75.756,-1.799455110,0.001607341,0.000525655,-0.001190207,0.001080255,0.000525655,,novatel_oem7_msgs.msg.InertialSolutionStatus(status=3),
1786043697706584736,1786043697.705850494,/novatel/oem7/fix,/novatel/oem7/fix,/novatel/oem7/inspva,39.663,-75.756,-1.799455110,0.001607341,0.000525655,-0.001190207,0.001080255,0.000525655,,0,
1786043697707622008,1786043697.706379037,/novatel/oem7/odom,/novatel/oem7/fix,/novatel/oem7/odom,39.663,-75.756,-1.799455110,0.001607038,0.000526581,0.001019155,-0.001242535,0.000526581,,,
1786043697709701630,1786043697.709078697,/novatel/oem7/bestpos,/novatel/oem7/bestpos,/novatel/oem7/odom,39.663,-75.756,33.182832262,0.001607038,0.000526581,0.001019155,-0.001242535,0.000526581,,novatel_oem7_msgs.msg.SolutionStatus(status=0),novatel_oem7_msgs.msg.PositionOrVelocityType(type=53)
1786043697711112874,1786043697.709573081,/novatel/oem7/bestvel,/novatel/oem7/bestpos,/novatel/oem7/bestvel,39.663,-75.756,33.182832262,0.001084534,0.000957385,,,,173.842312864,novatel_oem7_msgs.msg.SolutionStatus(status=0),novatel_oem7_msgs.msg.PositionOrVelocityType(type=53)
1786043697715416599,1786043697.714782333,/novatel/oem7/odom,/novatel/oem7/bestpos,/novatel/oem7/odom,39.663,-75.756,33.182832262,0.001607038,0.000526581,0.001019155,-0.001242535,0.000526581,,,
1786043697726698872,1786043697.726012956,/novatel/oem7/inspva,/novatel/oem7/inspva,/novatel/oem7/inspva,39.663,-75.756,-1.799436709,0.002126320,0.002330175,-0.001373755,0.001622970,0.002330175,,novatel_oem7_msgs.msg.InertialSolutionStatus(status=3),
1786043697727776034,1786043697.727080015,/novatel/oem7/fix,/novatel/oem7/fix,/novatel/oem7/inspva,39.663,-75.756,-1.799436709,0.002126320,0.002330175,-0.001373755,0.001622970,0.002330175,,0,
1786043697728660467,1786043697.728143672,/novatel/oem7/odom,/novatel/oem7/fix,/novatel/oem7/odom,39.663,-75.756,-1.799436709,0.002123418,0.002332820,0.001544838,-0.001456839,0.002332820,,,
1786043697735810478,1786043697.735426586,/novatel/oem7/odom,/novatel/oem7/fix,/novatel/oem7/odom,39.663,-75.756,-1.799436709,0.002123418,0.002332820,0.001544838,-0.001456839,0.002332820,,,
1786043697746254187,1786043697.745981290,/novatel/oem7/inspva,/novatel/oem7/inspva,/novatel/oem7/inspva,39.663,-75.756,-1.799440197,0.001245880,0.001812789,-0.000575076,0.001105217,0.001812789,,novatel_oem7_msgs.msg.InertialSolutionStatus(status=3),
1786043697746834875,1786043697.746137437,/novatel/oem7/fix,/novatel/oem7/fix,/novatel/oem7/inspva,39.663,-75.756,-1.799440197,0.001245880,0.001812789,-0.000575076,0.001105217,0.001812789,,0,
1786043697747512962,1786043697.746601668,/novatel/oem7/odom,/novatel/oem7/fix,/novatel/oem7/odom,39.663,-75.756,-1.799440197,0.001241855,0.001815548,0.001068602,-0.000632687,0.001815548,,,
1786043697757053645,1786043697.756095692,/novatel/oem7/odom,/novatel/oem7/fix,/novatel/oem7/odom,39.663,-75.756,-1.799440197,0.001241855,0.001815548,0.001068602,-0.000632687,0.001815548,,,
1786043697765802381,1786043697.765326601,/novatel/oem7/inspva,/novatel/oem7/inspva,/novatel/oem7/inspva,39.663,-75.756,-1.799447209,0.000286291,-0.000213113,-0.000283480,-0.000040022,-0.000213113,,novatel_oem7_msgs.msg.InertialSolutionStatus(status=3),
1786043697766438848,1786043697.765536243,/novatel/oem7/fix,/novatel/oem7/fix,/novatel/oem7/inspva,39.663,-75.756,-1.799447209,0.000286291,-0.000213113,-0.000283480,-0.000040022,-0.000213113,,0,
1786043697766915048,1786043697.765861136,/novatel/oem7/odom,/novatel/oem7/fix,/novatel/oem7/odom,39.663,-75.756,-1.799447209,0.000285588,-0.000214054,-0.000052842,-0.000280657,-0.000214054,,,
1786043697775805545,1786043697.775386897,/novatel/oem7/odom,/novatel/oem7/fix,/novatel/oem7/odom,39.663,-75.756,-1.799447209,0.000285588,-0.000214054,-0.000052842,-0.000280657,-0.000214054,,,
1786043697785221918,1786043697.784926068,/novatel/oem7/inspva,/novatel/oem7/inspva,/novatel/oem7/inspva,39.663,-75.756,-1.799443700,0.000790820,-0.000405565,-0.000790308,0.000028438,-0.000405565,,novatel_oem7_msgs.msg.InertialSolutionStatus(status=3),
1786043697785825273,1786043697.785082157,/novatel/oem7/fix,/novatel/oem7/fix,/novatel/oem7/inspva,39.663,-75.756,-1.799443700,0.000790820,-0.000405565,-0.000790308,0.000028438,-0.000405565,,0,
1786043697786292449,1786043697.785553882,/novatel/oem7/odom,/novatel/oem7/fix,/novatel/oem7/odom,39.663,-75.756,-1.799443700,0.000789756,-0.000407633,-0.000008243,-0.000789713,-0.000407633,,,
1786043697794745377,1786043697.794406145,/novatel/oem7/odom,/novatel/oem7/fix,/novatel/oem7/odom,39.663,-75.756,-1.799443700,0.000789756,-0.000407633,-0.000008243,-0.000789713,-0.000407633,,,
1786043697806551365,1786043697.806267027,/novatel/oem7/inspva,/novatel/oem7/inspva,/novatel/oem7/inspva,39.663,-75.756,-1.799428948,0.002398514,0.001816876,-0.001668400,0.001723170,0.001816876,,novatel_oem7_msgs.msg.InertialSolutionStatus(status=3),
1786043697807503143,1786043697.806401548,/novatel/oem7/fix,/novatel/oem7/fix,/novatel/oem7/inspva,39.663,-75.756,-1.799428948,0.002398514,0.001816876,-0.001668400,0.001723170,0.001816876,,0,
1786043697807950820,1786043697.806998364,/novatel/oem7/odom,/novatel/oem7/fix,/novatel/oem7/odom,39.663,-75.756,-1.799428948,0.002396882,0.001819030,0.001632814,-0.001754697,0.001819030,,,
1786043697810432183,1786043697.810079088,/novatel/oem7/bestpos,/novatel/oem7/bestpos,/novatel/oem7/odom,39.663,-75.756,33.182838709,0.002396882,0.001819030,0.001632814,-0.001754697,0.001819030,,novatel_oem7_msgs.msg.SolutionStatus(status=0),novatel_oem7_msgs.msg.PositionOrVelocityType(type=53)
1786043697811753561,1786043697.810472582,/novatel/oem7/bestvel,/novatel/oem7/bestpos,/novatel/oem7/bestvel,39.663,-75.756,33.182838709,0.001953633,0.001302612,,,,114.974646898,novatel_oem7_msgs.msg.SolutionStatus(status=0),novatel_oem7_msgs.msg.PositionOrVelocityType(type=53)
1786043697815338673,1786043697.815013387,/novatel/oem7/odom,/novatel/oem7/bestpos,/novatel/oem7/odom,39.663,-75.756,33.182838709,0.002396882,0.001819030,0.001632814,-0.001754697,0.001819030,,,
1786043697825660525,1786043697.825104414,/novatel/oem7/inspva,/novatel/oem7/inspva,/novatel/oem7/inspva,39.663,-75.756,-1.799434953,0.001153361,0.001946346,-0.000758083,0.000869224,0.001946346,,novatel_oem7_msgs.msg.InertialSolutionStatus(status=3),
1786043697826980058,1786043697.825247528,/novatel/oem7/fix,/novatel/oem7/fix,/novatel/oem7/inspva,39.663,-75.756,-1.799434953,0.001153361,0.001946346,-0.000758083,0.000869224,0.001946346,,0,
1786043697827685600,1786043697.825704346,/novatel/oem7/odom,/novatel/oem7/fix,/novatel/oem7/odom,39.663,-75.756,-1.799434953,0.001151120,0.001947672,0.000823432,-0.000804386,0.001947672,,,
1786043697836303791,1786043697.835653081,/novatel/oem7/odom,/novatel/oem7/fix,/novatel/oem7/odom,39.663,-75.756,-1.799434953,0.001151120,0.001947672,0.000823432,-0.000804386,0.001947672,,,
1786043697845644215,1786043697.845345630,/novatel/oem7/inspva,/novatel/oem7/inspva,/novatel/oem7/inspva,39.663,-75.756,-1.799443495,0.000359700,-0.000018684,-0.000318464,-0.000167225,-0.000018684,,novatel_oem7_msgs.msg.InertialSolutionStatus(status=3),
1786043697846914630,1786043697.845500826,/novatel/oem7/fix,/novatel/oem7/fix,/novatel/oem7/inspva,39.663,-75.756,-1.799443495,0.000359700,-0.000018684,-0.000318464,-0.000167225,-0.000018684,,0,
1786043697847663616,1786043697.846055827,/novatel/oem7/odom,/novatel/oem7/fix,/novatel/oem7/odom,39.663,-75.756,-1.799443495,0.000359616,-0.000020223,-0.000182393,-0.000309930,-0.000020223,,,
1786043697856870547,1786043697.856529618,/novatel/oem7/odom,/novatel/oem7/fix,/novatel/oem7/odom,39.663,-75.756,-1.799443495,0.000359616,-0.000020223,-0.000182393,-0.000309930,-0.000020223,,,
1786043697866853314,1786043697.866206531,/novatel/oem7/inspva,/novatel/oem7/inspva,/novatel/oem7/inspva,39.663,-75.756,-1.799437144,0.000809487,-0.000128235,-0.000420071,0.000691961,-0.000128235,,novatel_oem7_msgs.msg.InertialSolutionStatus(status=3),
1786043697867777777,1786043697.866340765,/novatel/oem7/fix,/novatel/oem7/fix,/novatel/oem7/inspva,39.663,-75.756,-1.799437144,0.000809487,-0.000128235,-0.000420071,0.000691961,-0.000128235,,0,
1786043697868254659,1786043697.866996515,/novatel/oem7/odom,/novatel/oem7/fix,/novatel/oem7/odom,39.663,-75.756,-1.799437144,0.000809736,-0.000126657,0.000671297,-0.000452805,-0.000126657,,,
1786043697874876987,1786043697.874516173,/novatel/oem7/odom,/novatel/oem7/fix,/novatel/oem7/odom,39.663,-75.756,-1.799437144,0.000809736,-0.000126657,0.000671297,-0.000452805,-0.000126657,,,
1786043697885662974,1786043697.885320970,/novatel/oem7/inspva,/novatel/oem7/inspva,/novatel/oem7/inspva,39.663,-75.756,-1.799418212,0.002200051,0.001484486,-0.001767178,0.001310461,0.001484486,,novatel_oem7_msgs.msg.InertialSolutionStatus(status=3),
1786043697886248996,1786043697.885515622,/novatel/oem7/fix,/novatel/oem7/fix,/novatel/oem7/inspva,39.663,-75.756,-1.799418212,0.002200051,0.001484486,-0.001767178,0.001310461,0.001484486,,0,
1786043697886934229,1786043697.886084871,/novatel/oem7/odom,/novatel/oem7/fix,/novatel/oem7/odom,39.663,-75.756,-1.799418212,0.002199893,0.001484720,0.001217161,-0.001832498,0.001484720,,,
1786043697895888735,1786043697.895539152,/novatel/oem7/odom,/novatel/oem7/fix,/novatel/oem7/odom,39.663,-75.756,-1.799418212,0.002199893,0.001484720,0.001217161,-0.001832498,0.001484720,,,
1786043697906241478,1786043697.905930525,/novatel/oem7/inspva,/novatel/oem7/inspva,/novatel/oem7/inspva,39.663,-75.756,-1.799410058,0.002121096,0.002376770,-0.001070974,0.001830865,0.002376770,,novatel_oem7_msgs.msg.InertialSolutionStatus(status=3),
1786043697906875639,1786043697.906137890,/novatel/oem7/fix,/novatel/oem7/fix,/novatel/oem7/inspva,39.663,-75.756,-1.799410058,0.002121096,0.002376770,-0.001070974,0.001830865,0.002376770,,0,
1786043697907396434,1786043697.906532307,/novatel/oem7/odom,/novatel/oem7/fix,/novatel/oem7/odom,39.663,-75.756,-1.799410058,0.002116362,0.002380986,0.001767041,-0.001164712,0.002380986,,,
1786043697909302375,1786043697.908975201,/novatel/oem7/bestpos,/novatel/oem7/bestpos,/novatel/oem7/odom,39.663,-75.756,33.182861532,0.002116362,0.002380986,0.001767041,-0.001164712,0.002380986,,novatel_oem7_msgs.msg.SolutionStatus(status=0),novatel_oem7_msgs.msg.PositionOrVelocityType(type=53)
1786043697910014934,1786043697.909559637,/novatel/oem7/bestvel,/novatel/oem7/bestpos,/novatel/oem7/bestvel,39.663,-75.756,33.182861532,0.001861485,0.001720419,,,,88.989239291,novatel_oem7_msgs.msg.SolutionStatus(status=0),novatel_oem7_msgs.msg.PositionOrVelocityType(type=53)
1786043697914774939,1786043697.914383752,/novatel/oem7/odom,/novatel/oem7/bestpos,/novatel/oem7/odom,39.663,-75.756,33.182861532,0.002116362,0.002380986,0.001767041,-0.001164712,0.002380986,,,
1786043697927005532,1786043697.926531365,/novatel/oem7/inspva,/novatel/oem7/inspva,/novatel/oem7/inspva,39.663,-75.756,-1.799413990,0.000611515,0.000205803,0.000458960,0.000404111,0.000205803,,novatel_oem7_msgs.msg.InertialSolutionStatus(status=3),
1786043697927679755,1786043697.926716994,/novatel/oem7/fix,/novatel/oem7/fix,/novatel/oem7/inspva,39.663,-75.756,-1.799413990,0.000611515,0.000205803,0.000458960,0.000404111,0.000205803,,0,
1786043697928189928,1786043697.927219829,/novatel/oem7/odom,/novatel/oem7/fix,/novatel/oem7/odom,39.663,-75.756,-1.799413990,0.000610541,0.000208674,0.000425049,0.000438285,0.000208674,,,
1786043697935495000,1786043697.935134591,/novatel/oem7/odom,/novatel/oem7/fix,/novatel/oem7/odom,39.663,-75.756,-1.799413990,0.000610541,0.000208674,0.000425049,0.000438285,0.000208674,,,
1786043697945232322,1786043697.944928301,/novatel/oem7/inspva,/novatel/oem7/inspva,/novatel/oem7/inspva,39.663,-75.756,-1.799404167,0.000532708,-0.000147407,0.000441871,0.000297536,-0.000147407,,novatel_oem7_msgs.msg.InertialSolutionStatus(status=3),
1786043697945904537,1786043697.945098246,/novatel/oem7/fix,/novatel/oem7/fix,/novatel/oem7/inspva,39.663,-75.756,-1.799404167,0.000532708,-0.000147407,0.000441871,0.000297536,-0.000147407,,0,
1786043697946408075,1786043697.945556061,/novatel/oem7/odom,/novatel/oem7/fix,/novatel/oem7/odom,39.663,-75.756,-1.799404167,0.000533366,-0.000145010,0.000319211,0.000427297,-0.000145010,,,
1786043697956291179,1786043697.955848626,/novatel/oem7/odom,/novatel/oem7/fix,/novatel/oem7/odom,39.663,-75.756,-1.799404167,0.000533366,-0.000145010,0.000319211,0.000427297,-0.000145010,,,
1786043697965770870,1786043697.965346660,/novatel/oem7/inspva,/novatel/oem7/inspva,/novatel/oem7/inspva,39.663,-75.756,-1.799386703,0.003848254,0.001023311,-0.002012893,0.003279836,0.001023311,,novatel_oem7_msgs.msg.InertialSolutionStatus(status=3),
1786043697966388892,1786043697.965543802,/novatel/oem7/fix,/novatel/oem7/fix,/novatel/oem7/inspva,39.663,-75.756,-1.799386703,0.003848254,0.001023311,-0.002012893,0.003279836,0.001023311,,0,
1786043697967038612,1786043697.966229369,/novatel/oem7/odom,/novatel/oem7/fix,/novatel/oem7/odom,39.663,-75.756,-1.799386703,0.003846323,0.001030546,0.003174137,-0.002172339,0.001030546,,,
1786043697975114032,1786043697.974778704,/novatel/oem7/odom,/novatel/oem7/fix,/novatel/oem7/odom,39.663,-75.756,-1.799386703,0.003846323,0.001030546,0.003174137,-0.002172339,0.001030546,,,
1786043697986546843,1786043697.986060562,/novatel/oem7/inspva,/novatel/oem7/inspva,/novatel/oem7/inspva,39.663,-75.756,-1.799374355,0.002704278,0.001766984,-0.001612865,0.002170665,0.001766984,,novatel_oem7_msgs.msg.InertialSolutionStatus(status=3),
1786043697987155291,1786043697.986230047,/novatel/oem7/fix,/novatel/oem7/fix,/novatel/oem7/inspva,39.663,-75.756,-1.799374355,0.002704278,0.001766984,-0.001612865,0.002170665,0.001766984,,0,
1786043697987617496,1786043697.986731086,/novatel/oem7/odom,/novatel/oem7/fix,/novatel/oem7/odom,39.663,-75.756,-1.799374355,0.002701620,0.001771046,0.002082609,-0.001720897,0.001771046,,,
1786043697994861191,1786043697.994538283,/novatel/oem7/odom,/novatel/oem7/fix,/novatel/oem7/odom,39.663,-75.756,-1.799374355,0.002701620,0.001771046,0.002082609,-0.001720897,0.001771046,,,
1786043698008637864,1786043698.008183518,/novatel/oem7/inspva,/novatel/oem7/inspva,/novatel/oem7/inspva,39.663,-75.756,-1.799380502,0.001086102,0.000326347,0.000873895,0.000644922,0.000326347,,novatel_oem7_msgs.msg.InertialSolutionStatus(status=3),
1786043698009252690,1786043698.008341860,/novatel/oem7/fix,/novatel/oem7/fix,/novatel/oem7/inspva,39.663,-75.756,-1.799380502,0.001086102,0.000326347,0.000873895,0.000644922,0.000326347,,0,
1786043698009949630,1786043698.009558005,/novatel/oem7/odom,/novatel/oem7/fix,/novatel/oem7/odom,39.663,-75.756,-1.799380502,0.001084592,0.000331331,0.000685214,0.000840726,0.000331331,,,
1786043698017061519,1786043698.016714609,/novatel/oem7/odom,/novatel/oem7/fix,/novatel/oem7/odom,39.663,-75.756,-1.799380502,0.001084592,0.000331331,0.000685214,0.000840726,0.000331331,,,
1786043698024867554,1786043698.024545124,/novatel/oem7/bestpos,/novatel/oem7/bestpos,/novatel/oem7/odom,39.663,-75.756,33.182887560,0.001084592,0.000331331,0.000685214,0.000840726,0.000331331,,novatel_oem7_msgs.msg.SolutionStatus(status=0),novatel_oem7_msgs.msg.PositionOrVelocityType(type=53)
1786043698025708286,1786043698.025276491,/novatel/oem7/bestvel,/novatel/oem7/bestpos,/novatel/oem7/bestvel,39.663,-75.756,33.182887560,0.001046274,0.000573244,,,,84.725089326,novatel_oem7_msgs.msg.SolutionStatus(status=0),novatel_oem7_msgs.msg.PositionOrVelocityType(type=53)
1786043698026571395,1786043698.026285944,/novatel/oem7/inspva,/novatel/oem7/inspva,/novatel/oem7/inspva,39.663,-75.756,-1.799378461,0.001099431,-0.000186293,0.000307123,0.001055663,-0.000186293,,novatel_oem7_msgs.msg.InertialSolutionStatus(status=3),
1786043698027204238,1786043698.026521647,/novatel/oem7/fix,/novatel/oem7/fix,/novatel/oem7/inspva,39.663,-75.756,-1.799378461,0.001099431,-0.000186293,0.000307123,0.001055663,-0.000186293,,0,
1786043698027677097,1786043698.026902474,/novatel/oem7/odom,/novatel/oem7/fix,/novatel/oem7/odom,39.663,-75.756,-1.799378461,0.001100271,-0.000181269,0.001070073,0.000256009,-0.000181269,,,
1786043698034757432,1786043698.034402148,/novatel/oem7/odom,/novatel/oem7/fix,/novatel/oem7/odom,39.663,-75.756,-1.799378461,0.001100271,-0.000181269,0.001070073,0.000256009,-0.000181269,,,
1786043698047129061,1786043698.046663996,/novatel/oem7/inspva,/novatel/oem7/inspva,/novatel/oem7/inspva,39.663,-75.756,-1.799390576,0.002778620,0.000644446,-0.001648853,0.002236518,0.000644446,,novatel_oem7_msgs.msg.InertialSolutionStatus(status=3),
1786043698047795908,1786043698.046822455,/novatel/oem7/fix,/novatel/oem7/fix,/novatel/oem7/inspva,39.663,-75.756,-1.799390576,0.002778620,0.000644446,-0.001648853,0.002236518,0.000644446,,0,
1786043698048502005,1786043698.047282919,/novatel/oem7/odom,/novatel/oem7/fix,/novatel/oem7/odom,39.663,-75.756,-1.799390576,0.002777642,0.000648648,0.002151239,-0.001757119,0.000648648,,,
1786043698056934743,1786043698.056554561,/novatel/oem7/odom,/novatel/oem7/fix,/novatel/oem7/odom,39.663,-75.756,-1.799390576,0.002777642,0.000648648,0.002151239,-0.001757119,0.000648648,,,
1786043698065693982,1786043698.065143151,/novatel/oem7/inspva,/novatel/oem7/inspva,/novatel/oem7/inspva,39.663,-75.756,-1.799407735,0.002725405,0.001184594,-0.001531309,0.002254534,0.001184594,,novatel_oem7_msgs.msg.InertialSolutionStatus(status=3),
1786043698066996938,1786043698.065237168,/novatel/oem7/fix,/novatel/oem7/fix,/novatel/oem7/inspva,39.663,-75.756,-1.799407735,0.002725405,0.001184594,-0.001531309,0.002254534,0.001184594,,0,
1786043698067706436,1786043698.065738615,/novatel/oem7/odom,/novatel/oem7/fix,/novatel/oem7/odom,39.663,-75.756,-1.799407735,0.002723393,0.001189212,0.002172728,-0.001641987,0.001189212,,,
1786043698076192023,1786043698.075849769,/novatel/oem7/odom,/novatel/oem7/fix,/novatel/oem7/odom,39.663,-75.756,-1.799407735,0.002723393,0.001189212,0.002172728,-0.001641987,0.001189212,,,
1786043698085903709,1786043698.085268333,/novatel/oem7/inspva,/novatel/oem7/inspva,/novatel/oem7/inspva,39.663,-75.756,-1.799421856,0.000848332,0.001755778,0.000280444,0.000800636,0.001755778,,novatel_oem7_msgs.msg.InertialSolutionStatus(status=3),
1786043698087404257,1786043698.085483665,/novatel/oem7/fix,/novatel/oem7/fix,/novatel/oem7/inspva,39.663,-75.756,-1.799421856,0.000848332,0.001755778,0.000280444,0.000800636,0.001755778,,0,
1786043698087898183,1786043698.086125378,/novatel/oem7/odom,/novatel/oem7/fix,/novatel/oem7/odom,39.663,-75.756,-1.799421856,0.000840115,0.001759724,0.000806076,0.000236717,0.001759724,,,
1786043698095147276,1786043698.094825104,/novatel/oem7/odom,/novatel/oem7/fix,/novatel/oem7/odom,39.663,-75.756,-1.799421856,0.000840115,0.001759724,0.000806076,0.000236717,0.001759724,,,
1786043698106716362,1786043698.105987985,/novatel/oem7/inspva,/novatel/oem7/inspva,/novatel/oem7/inspva,39.663,-75.756,-1.799451186,0.000620309,0.000977414,0.000121237,0.000608346,0.000977414,,novatel_oem7_msgs.msg.InertialSolutionStatus(status=3),
1786043698107707612,1786043698.106194427,/novatel/oem7/fix,/novatel/oem7/fix,/novatel/oem7/inspva,39.663,-75.756,-1.799451186,0.000620309,0.000977414,0.000121237,0.000608346,0.000977414,,0,
1786043698108176696,1786043698.106676608,/novatel/oem7/odom,/novatel/oem7/fix,/novatel/oem7/odom,39.663,-75.756,-1.799451186,0.000615983,0.000980146,0.000609514,0.000089041,0.000980146,,,
1786043698109713983,1786043698.109285867,/novatel/oem7/bestpos,/novatel/oem7/bestpos,/novatel/oem7/odom,39.663,-75.756,33.182810069,0.000615983,0.000980146,0.000609514,0.000089041,0.000980146,,novatel_oem7_msgs.msg.SolutionStatus(status=0),novatel_oem7_msgs.msg.PositionOrVelocityType(type=53)
1786043698110352222,1786043698.109881708,/novatel/oem7/bestvel,/novatel/oem7/bestpos,/novatel/oem7/bestvel,39.663,-75.756,33.182810069,0.001025697,0.000795705,,,,86.329847676,novatel_oem7_msgs.msg.SolutionStatus(status=0),novatel_oem7_msgs.msg.PositionOrVelocityType(type=53)
1786043698115222467,1786043698.114797976,/novatel/oem7/odom,/novatel/oem7/bestpos,/novatel/oem7/odom,39.663,-75.756,33.182810069,0.000615983,0.000980146,0.000609514,0.000089041,0.000980146,,,
1786043698125572224,1786043698.125286017,/novatel/oem7/inspva,/novatel/oem7/inspva,/novatel/oem7/inspva,39.663,-75.756,-1.799471121,0.001493860,-0.000308513,-0.000842135,0.001233867,-0.000308513,,novatel_oem7_msgs.msg.InertialSolutionStatus(status=3),
1786043698126177416,1786043698.125376365,/novatel/oem7/fix,/novatel/oem7/fix,/novatel/oem7/inspva,39.663,-75.756,-1.799471121,0.001493860,-0.000308513,-0.000842135,0.001233867,-0.000308513,,0,
1786043698126877613,1786043698.126025630,/novatel/oem7/odom,/novatel/oem7/fix,/novatel/oem7/odom,39.663,-75.756,-1.799471121,0.001494377,-0.000305998,0.001192783,-0.000900240,-0.000305998,,,
1786043698136056526,1786043698.135637265,/novatel/oem7/odom,/novatel/oem7/fix,/novatel/oem7/odom,39.663,-75.756,-1.799471121,0.001494377,-0.000305998,0.001192783,-0.000900240,-0.000305998,,,
1786043698145989891,1786043698.145290318,/novatel/oem7/inspva,/novatel/oem7/inspva,/novatel/oem7/inspva,39.663,-75.756,-1.799487880,0.001095325,0.000339297,-0.000774202,0.000774822,0.000339297,,novatel_oem7_msgs.msg.InertialSolutionStatus(status=3),
1786043698147325338,1786043698.145515823,/novatel/oem7/fix,/novatel/oem7/fix,/novatel/oem7/inspva,39.663,-75.756,-1.799487880,0.001095325,0.000339297,-0.000774202,0.000774822,0.000339297,,0,
1786043698147913000,1786043698.145928380,/novatel/oem7/odom,/novatel/oem7/fix,/novatel/oem7/odom,39.663,-75.756,-1.799487880,0.001095045,0.000340202,0.000734943,-0.000811777,0.000340202,,,
1786043698155969261,1786043698.155630877,/novatel/oem7/odom,/novatel/oem7/fix,/novatel/oem7/odom,39.663,-75.756,-1.799487880,0.001095045,0.000340202,0.000734943,-0.000811777,0.000340202,,,
1786043698167334675,1786043698.166788444,/novatel/oem7/inspva,/novatel/oem7/inspva,/novatel/oem7/inspva,39.663,-75.756,-1.799499200,0.001440487,0.001777907,0.000018069,0.001440374,0.001777907,,novatel_oem7_msgs.msg.InertialSolutionStatus(status=3),
1786043698167987198,1786043698.167001753,/novatel/oem7/fix,/novatel/oem7/fix,/novatel/oem7/inspva,39.663,-75.756,-1.799499200,0.001440487,0.001777907,0.000018069,0.001440374,0.001777907,,0,
1786043698168674741,1786043698.167764207,/novatel/oem7/odom,/novatel/oem7/fix,/novatel/oem7/odom,39.663,-75.756,-1.799499200,0.001433377,0.001783644,0.001432263,-0.000056504,0.001783644,,,
1786043698175473398,1786043698.175100927,/novatel/oem7/odom,/novatel/oem7/fix,/novatel/oem7/odom,39.663,-75.756,-1.799499200,0.001433377,0.001783644,0.001432263,-0.000056504,0.001783644,,,
1786043698185754103,1786043698.185295214,/novatel/oem7/inspva,/novatel/oem7/inspva,/novatel/oem7/inspva,39.663,-75.756,-1.799531663,0.000677274,0.001879926,0.000261310,0.000624833,0.001879926,,novatel_oem7_msgs.msg.InertialSolutionStatus(status=3),
1786043698186889090,1786043698.185514847,/novatel/oem7/fix,/novatel/oem7/fix,/novatel/oem7/inspva,39.663,-75.756,-1.799531663,0.000677274,0.001879926,0.000261310,0.000624833,0.001879926,,0,
1786043698187794764,1786043698.185964264,/novatel/oem7/odom,/novatel/oem7/fix,/novatel/oem7/odom,39.663,-75.756,-1.799531663,0.000668327,0.001883126,0.000629028,0.000225798,0.001883126,,,
1786043698196049654,1786043698.195567053,/novatel/oem7/odom,/novatel/oem7/fix,/novatel/oem7/odom,39.663,-75.756,-1.799531663,0.000668327,0.001883126,0.000629028,0.000225798,0.001883126,,,
1786043698207058537,1786043698.206623639,/novatel/oem7/inspva,/novatel/oem7/inspva,/novatel/oem7/inspva,39.663,-75.756,-1.799582865,0.000437013,-0.001970144,-0.000344013,0.000269509,-0.001970144,,novatel_oem7_msgs.msg.InertialSolutionStatus(status=3),
1786043698207809153,1786043698.206853881,/novatel/oem7/fix,/novatel/oem7/fix,/novatel/oem7/inspva,39.663,-75.756,-1.799582865,0.000437013,-0.001970144,-0.000344013,0.000269509,-0.001970144,,0,
1786043698208324984,1786043698.207233482,/novatel/oem7/odom,/novatel/oem7/fix,/novatel/oem7/odom,39.663,-75.756,-1.799582865,0.000437625,-0.001970008,0.000260507,-0.000351641,-0.001970008,,,
1786043698210247871,1786043698.209941529,/novatel/oem7/bestpos,/novatel/oem7/bestpos,/novatel/oem7/odom,39.663,-75.756,33.182697431,0.000437625,-0.001970008,0.000260507,-0.000351641,-0.001970008,,novatel_oem7_msgs.msg.SolutionStatus(status=0),novatel_oem7_msgs.msg.PositionOrVelocityType(type=53)
1786043698210950658,1786043698.210447048,/novatel/oem7/bestvel,/novatel/oem7/bestpos,/novatel/oem7/bestvel,39.663,-75.756,33.182697431,0.001640033,-0.000837531,,,,201.224988694,novatel_oem7_msgs.msg.SolutionStatus(status=0),novatel_oem7_msgs.msg.PositionOrVelocityType(type=53)
1786043698215099824,1786043698.214755417,/novatel/oem7/odom,/novatel/oem7/bestpos,/novatel/oem7/odom,39.663,-75.756,33.182697431,0.000437625,-0.001970008,0.000260507,-0.000351641,-0.001970008,,,
1786043698226819768,1786043698.226504013,/novatel/oem7/inspva,/novatel/oem7/inspva,/novatel/oem7/inspva,39.663,-75.756,-1.799592105,0.001204278,-0.000474147,-0.000438935,0.001121437,-0.000474147,,novatel_oem7_msgs.msg.InertialSolutionStatus(status=3),
1786043698227471955,1786043698.226676798,/novatel/oem7/fix,/novatel/oem7/fix,/novatel/oem7/inspva,39.663,-75.756,-1.799592105,0.001204278,-0.000474147,-0.000438935,0.001121437,-0.000474147,,0,
1786043698227970345,1786043698.227006708,/novatel/oem7/odom,/novatel/oem7/fix,/novatel/oem7/odom,39.663,-75.756,-1.799592105,0.001205535,-0.000470943,0.001100730,-0.000491636,-0.000470943,,,
1786043698234874504,1786043698.234523199,/novatel/oem7/odom,/novatel/oem7/fix,/novatel/oem7/odom,39.663,-75.756,-1.799592105,0.001205535,-0.000470943,0.001100730,-0.000491636,-0.000470943,,,
1786043698245404957,1786043698.245115504,/novatel/oem7/inspva,/novatel/oem7/inspva,/novatel/oem7/inspva,39.663,-75.756,-1.799598962,0.001817074,0.001811185,-0.001078869,0.001462122,0.001811185,,novatel_oem7_msgs.msg.InertialSolutionStatus(status=3),
1786043698246060586,1786043698.245263399,/novatel/oem7/fix,/novatel/oem7/fix,/novatel/oem7/inspva,39.663,-75.756,-1.799598962,0.001817074,0.001811185,-0.001078869,0.001462122,0.001811185,,0,
1786043698246594215,1786043698.245791451,/novatel/oem7/odom,/novatel/oem7/fix,/novatel/oem7/odom,39.663,-75.756,-1.799598962,0.001814260,0.001814003,0.001400549,-0.001153258,0.001814003,,,
1786043698256768359,1786043698.256334695,/novatel/oem7/odom,/novatel/oem7/fix,/novatel/oem7/odom,39.663,-75.756,-1.799598962,0.001814260,0.001814003,0.001400549,-0.001153258,0.001814003,,,
1786043698265381394,1786043698.265078816,/novatel/oem7/inspva,/novatel/oem7/inspva,/novatel/oem7/inspva,39.663,-75.756,-1.799634257,0.001696518,0.001579566,-0.000404575,0.001647572,0.001579566,,novatel_oem7_msgs.msg.InertialSolutionStatus(status=3),
1786043698266003191,1786043698.265236173,/novatel/oem7/fix,/novatel/oem7/fix,/novatel/oem7/inspva,39.663,-75.756,-1.799634257,0.001696518,0.001579566,-0.000404575,0.001647572,0.001579566,,0,
1786043698266511859,1786043698.265749472,/novatel/oem7/odom,/novatel/oem7/fix,/novatel/oem7/odom,39.663,-75.756,-1.799634257,0.001691513,0.001584925,0.001619530,-0.000488200,0.001584925,,,
1786043698274937225,1786043698.274499695,/novatel/oem7/odom,/novatel/oem7/fix,/novatel/oem7/odom,39.663,-75.756,-1.799634257,0.001691513,0.001584925,0.001619530,-0.000488200,0.001584925,,,
1786043698286940457,1786043698.286645753,/novatel/oem7/inspva,/novatel/oem7/inspva,/novatel/oem7/inspva,39.663,-75.756,-1.799669689,0.000510040,-0.000294672,0.000252514,0.000443145,-0.000294672,,novatel_oem7_msgs.msg.InertialSolutionStatus(status=3),
1786043698287610173,1786043698.286792674,/novatel/oem7/fix,/novatel/oem7/fix,/novatel/oem7/inspva,39.663,-75.756,-1.799669689,0.000510040,-0.000294672,0.000252514,0.000443145,-0.000294672,,0,
1786043698288119522,1786043698.287305266,/novatel/oem7/odom,/novatel/oem7/fix,/novatel/oem7/odom,39.663,-75.756,-1.799669689,0.000511457,-0.000292207,0.000456086,0.000231461,-0.000292207,,,
1786043698295562882,1786043698.295120567,/novatel/oem7/odom,/novatel/oem7/fix,/novatel/oem7/odom,39.663,-75.756,-1.799669689,0.000511457,-0.000292207,0.000456086,0.000231461,-0.000292207,,,
1786043698306361008,1786043698.305857766,/novatel/oem7/inspva,/novatel/oem7/inspva,/novatel/oem7/inspva,39.663,-75.756,-1.799685973,0.000170587,-0.000725326,-0.000109583,-0.000130735,-0.000725326,,novatel_oem7_msgs.msg.InertialSolutionStatus(status=3),
1786043698307619543,1786043698.306006625,/novatel/oem7/fix,/novatel/oem7/fix,/novatel/oem7/inspva,39.663,-75.756,-1.799685973,0.000170587,-0.000725326,-0.000109583,-0.000130735,-0.000725326,,0,
1786043698308079431,1786043698.306474916,/novatel/oem7/odom,/novatel/oem7/fix,/novatel/oem7/odom,39.663,-75.756,-1.799685973,0.000167093,-0.000726139,-0.000132936,-0.000101234,-0.000726139,,,
1786043698309822276,1786043698.309401321,/novatel/oem7/bestpos,/novatel/oem7/bestpos,/novatel/oem7/odom,39.663,-75.756,33.182579342,0.000167093,-0.000726139,-0.000132936,-0.000101234,-0.000726139,,novatel_oem7_msgs.msg.SolutionStatus(status=0),novatel_oem7_msgs.msg.PositionOrVelocityType(type=53)
1786043698310449336,1786043698.310073085,/novatel/oem7/bestvel,/novatel/oem7/bestpos,/novatel/oem7/bestvel,39.663,-75.756,33.182579342,0.001119866,-0.000001808,,,,232.177899472,novatel_oem7_msgs.msg.SolutionStatus(status=0),novatel_oem7_msgs.msg.PositionOrVelocityType(type=53)
1786043698315966178,1786043698.315633197,/novatel/oem7/odom,/novatel/oem7/bestpos,/novatel/oem7/odom,39.663,-75.756,33.182579342,0.000167093,-0.000726139,-0.000132936,-0.000101234,-0.000726139,,,
1786043698325566049,1786043698.325288293,/novatel/oem7/inspva,/novatel/oem7/inspva,/novatel/oem7/inspva,39.663,-75.756,-1.799678081,0.002361734,0.002070034,-0.001749933,0.001586039,0.002070034,,novatel_oem7_msgs.msg.InertialSolutionStatus(status=3),
1786043698326142057,1786043698.325442280,/novatel/oem7/fix,/novatel/oem7/fix,/novatel/oem7/inspva,39.663,-75.756,-1.799678081,0.002361734,0.002070034,-0.001749933,0.001586039,0.002070034,,0,
1786043698326823768,1786043698.326156271,/novatel/oem7/odom,/novatel/oem7/fix,/novatel/oem7/odom,39.663,-75.756,-1.799678081,0.002360513,0.002071426,0.001490730,-0.001830231,0.002071426,,,
1786043698335507795,1786043698.335142447,/novatel/oem7/odom,/novatel/oem7/fix,/novatel/oem7/odom,39.663,-75.756,-1.799678081,0.002360513,0.002071426,0.001490730,-0.001830231,0.002071426,,,
1786043698346472131,1786043698.346180256,/novatel/oem7/inspva,/novatel/oem7/inspva,/novatel/oem7/inspva,39.663,-75.756,-1.799707769,0.002074851,0.001734097,-0.001006560,0.001814345,0.001734097,,novatel_oem7_msgs.msg.InertialSolutionStatus(status=3),
1786043698347084710,1786043698.346328991,/novatel/oem7/fix,/novatel/oem7/fix,/novatel/oem7/inspva,39.663,-75.756,-1.799707769,0.002074851,0.001734097,-0.001006560,0.001814345,0.001734097,,0,
1786043698347597935,1786043698.346813946,/novatel/oem7/odom,/novatel/oem7/fix,/novatel/oem7/odom,39.663,-75.756,-1.799707769,0.002071141,0.001738527,0.001756170,-0.001097949,0.001738527,,,
1786043698356291353,1786043698.355885629,/novatel/oem7/odom,/novatel/oem7/fix,/novatel/oem7/odom,39.663,-75.756,-1.799707769,0.002071141,0.001738527,0.001756170,-0.001097949,0.001738527,,,
1786043698365542779,1786043698.365227205,/novatel/oem7/inspva,/novatel/oem7/inspva,/novatel/oem7/inspva,39.663,-75.756,-1.799734448,0.000310227,0.000332300,0.000309545,0.000020552,0.000332300,,novatel_oem7_msgs.msg.InertialSolutionStatus(status=3),
1786043698366165519,1786043698.365380423,/novatel/oem7/fix,/novatel/oem7/fix,/novatel/oem7/inspva,39.663,-75.756,-1.799734448,0.000310227,0.000332300,0.000309545,0.000020552,0.000332300,,0,
1786043698366671234,1786043698.365795504,/novatel/oem7/odom,/novatel/oem7/fix,/novatel/oem7/odom,39.663,-75.756,-1.799734448,0.000309215,0.000333241,0.000034186,0.000307320,0.000333241,,,
1786043698375932947,1786043698.375463006,/novatel/oem7/odom,/novatel/oem7/fix,/novatel/oem7/odom,39.663,-75.756,-1.799734448,0.000309215,0.000333241,0.000034186,0.000307320,0.000333241,,,
1786043698385332969,1786043698.385044368,/novatel/oem7/inspva,/novatel/oem7/inspva,/novatel/oem7/inspva,39.663,-75.756,-1.799757700,0.000371892,-0.000246730,0.000370786,0.000028648,-0.000246730,,novatel_oem7_msgs.msg.InertialSolutionStatus(status=3),
1786043698385973030,1786043698.385189010,/novatel/oem7/fix,/novatel/oem7/fix,/novatel/oem7/inspva,39.663,-75.756,-1.799757700,0.000371892,-0.000246730,0.000370786,0.000028648,-0.000246730,,0,
1786043698386497839,1786043698.385658701,/novatel/oem7/odom,/novatel/oem7/fix,/novatel/oem7/odom,39.663,-75.756,-1.799757700,0.000372650,-0.000245584,0.000047631,0.000369593,-0.000245584,,,
1786043698394892529,1786043698.394467692,/novatel/oem7/odom,/novatel/oem7/fix,/novatel/oem7/odom,39.663,-75.756,-1.799757700,0.000372650,-0.000245584,0.000047631,0.000369593,-0.000245584,,,
1786043698406910344,1786043698.406584325,/novatel/oem7/inspva,/novatel/oem7/inspva,/novatel/oem7/inspva,39.663,-75.756,-1.799773241,0.001864908,-0.000197080,-0.001670437,0.000829170,-0.000197080,,novatel_oem7_msgs.msg.InertialSolutionStatus(status=3),
1786043698407552737,1786043698.406824947,/novatel/oem7/fix,/novatel/oem7/fix,/novatel/oem7/inspva,39.663,-75.756,-1.799773241,0.001864908,-0.000197080,-0.001670437,0.000829170,-0.000197080,,0,
1786043698408047809,1786043698.407196848,/novatel/oem7/odom,/novatel/oem7/fix,/novatel/oem7/odom,39.663,-75.756,-1.799773241,0.001864764,-0.000198446,0.000747909,-0.001708208,-0.000198446,,,
1786043698410626164,1786043698.410146677,/novatel/oem7/bestpos,/novatel/oem7/bestpos,/novatel/oem7/odom,39.663,-75.756,33.182474708,0.001864764,-0.000198446,0.000747909,-0.001708208,-0.000198446,,novatel_oem7_msgs.msg.SolutionStatus(status=0),novatel_oem7_msgs.msg.PositionOrVelocityType(type=53)
1786043698411276556,1786043698.410558158,/novatel/oem7/bestvel,/novatel/oem7/bestpos,/novatel/oem7/bestvel,39.663,-75.756,33.182474708,0.001224817,0.000024037,,,,185.019918759,novatel_oem7_msgs.msg.SolutionStatus(status=0),novatel_oem7_msgs.msg.PositionOrVelocityType(type=53)
1786043698415295900,1786043698.414924938,/novatel/oem7/odom,/novatel/oem7/bestpos,/novatel/oem7/odom,39.663,-75.756,33.182474708,0.001864764,-0.000198446,0.000747909,-0.001708208,-0.000198446,,,
1786043698425399053,1786043698.424904843,/novatel/oem7/inspva,/novatel/oem7/inspva,/novatel/oem7/inspva,39.663,-75.756,-1.799798240,0.001995325,0.000558369,-0.001042209,0.001701506,0.000558369,,novatel_oem7_msgs.msg.InertialSolutionStatus(status=3),
1786043698426022769,1786043698.425084718,/novatel/oem7/fix,/novatel/oem7/fix,/novatel/oem7/inspva,39.663,-75.756,-1.799798240,0.001995325,0.000558369,-0.001042209,0.001701506,0.000558369,,0,
1786043698426532009,1786043698.425483049,/novatel/oem7/odom,/novatel/oem7/fix,/novatel/oem7/odom,39.663,-75.756,-1.799798240,0.001994247,0.000562206,0.001646597,-0.001125051,0.000562206,,,
1786043698435823371,1786043698.435449331,/novatel/oem7/odom,/novatel/oem7/fix,/novatel/oem7/odom,39.663,-75.756,-1.799798240,0.001994247,0.000562206,0.001646597,-0.001125051,0.000562206,,,
1786043698445614163,1786043698.445280856,/novatel/oem7/inspva,/novatel/oem7/inspva,/novatel/oem7/inspva,39.663,-75.756,-1.799823014,0.000486204,0.000658070,0.000348743,0.000338781,0.000658070,,novatel_oem7_msgs.msg.InertialSolutionStatus(status=3),
1786043698446282465,1786043698.445491178,/novatel/oem7/fix,/novatel/oem7/fix,/novatel/oem7/inspva,39.663,-75.756,-1.799823014,0.000486204,0.000658070,0.000348743,0.000338781,0.000658070,,0,
1786043698447046505,1786043698.446074600,/novatel/oem7/odom,/novatel/oem7/fix,/novatel/oem7/odom,39.663,-75.756,-1.799823014,0.000483040,0.000660395,0.000352583,0.000330171,0.000660395,,,
1786043698456801957,1786043698.456338418,/novatel/oem7/odom,/novatel/oem7/fix,/novatel/oem7/odom,39.663,-75.756,-1.799823014,0.000483040,0.000660395,0.000352583,0.000330171,0.000660395,,,
1786043698466455755,1786043698.466020114,/novatel/oem7/inspva,/novatel/oem7/inspva,/novatel/oem7/inspva,39.663,-75.756,-1.799851970,0.000903601,0.000328445,0.000877926,0.000213871,0.000328445,,novatel_oem7_msgs.msg.InertialSolutionStatus(status=3),
1786043698467059050,1786043698.466194603,/novatel/oem7/fix,/novatel/oem7/fix,/novatel/oem7/inspva,39.663,-75.756,-1.799851970,0.000903601,0.000328445,0.000877926,0.000213871,0.000328445,,0,
1786043698467780669,1786043698.466515563,/novatel/oem7/odom,/novatel/oem7/fix,/novatel/oem7/odom,39.663,-75.756,-1.799851970,0.000902395,0.000331745,0.000254894,0.000865648,0.000331745,,,
1786043698475370617,1786043698.474577966,/novatel/oem7/odom,/novatel/oem7/fix,/novatel/oem7/odom,39.663,-75.756,-1.799851970,0.000902395,0.000331745,0.000254894,0.000865648,0.000331745,,,
1786043698485912262,1786043698.485337556,/novatel/oem7/inspva,/novatel/oem7/inspva,/novatel/oem7/inspva,39.663,-75.756,-1.799886066,0.001021399,-0.001498511,-0.000585658,0.000836817,-0.001498511,,novatel_oem7_msgs.msg.InertialSolutionStatus(status=3),
1786043698487368980,1786043698.485538485,/novatel/oem7/fix,/novatel/oem7/fix,/novatel/oem7/inspva,39.663,-75.756,-1.799886066,0.001021399,-0.001498511,-0.000585658,0.000836817,-0.001498511,,0,
1786043698488548045,1786043698.486045613,/novatel/oem7/odom,/novatel/oem7/fix,/novatel/oem7/odom,39.663,-75.756,-1.799886066,0.001023891,-0.001496810,0.000813525,-0.000621714,-0.001496810,,,
1786043698496097949,1786043698.495415856,/novatel/oem7/odom,/novatel/oem7/fix,/novatel/oem7/odom,39.663,-75.756,-1.799886066,0.001023891,-0.001496810,0.000813525,-0.000621714,-0.001496810,,,
1786043698506575880,1786043698.506022505,/novatel/oem7/inspva,/novatel/oem7/inspva,/novatel/oem7/inspva,39.663,-75.756,-1.799904164,0.001405414,-0.000793169,-0.001049258,0.000935011,-0.000793169,,novatel_oem7_msgs.msg.InertialSolutionStatus(status=3),
1786043698508013798,1786043698.506198683,/novatel/oem7/fix,/novatel/oem7/fix,/novatel/oem7/inspva,39.663,-75.756,-1.799904164,0.001405414,-0.000793169,-0.001049258,0.000935011,-0.000793169,,0,
1786043698509179752,1786043698.506679457,/novatel/oem7/odom,/novatel/oem7/fix,/novatel/oem7/odom,39.663,-75.756,-1.799904164,0.001405853,-0.000792390,0.000886209,-0.001091355,-0.000792390,,,
1786043698511931950,1786043698.511296363,/novatel/oem7/bestpos,/novatel/oem7/bestpos,/novatel/oem7/odom,39.663,-75.756,33.182356760,0.001405853,-0.000792390,0.000886209,-0.001091355,-0.000792390,,novatel_oem7_msgs.msg.SolutionStatus(status=0),novatel_oem7_msgs.msg.PositionOrVelocityType(type=53)
1786043698513494639,1786043698.512245180,/novatel/oem7/bestvel,/novatel/oem7/bestpos,/novatel/oem7/bestvel,39.663,-75.756,33.182356760,0.001402827,-0.000024277,,,,186.978875155,novatel_oem7_msgs.msg.SolutionStatus(status=0),novatel_oem7_msgs.msg.PositionOrVelocityType(type=53)
1786043698515577286,1786043698.514481305,/novatel/oem7/odom,/novatel/oem7/bestpos,/novatel/oem7/odom,39.663,-75.756,33.182356760,0.001405853,-0.000792390,0.000886209,-0.001091355,-0.000792390,,,
1786043698527065329,1786043698.526499751,/novatel/oem7/inspva,/novatel/oem7/inspva,/novatel/oem7/inspva,39.663,-75.756,-1.799909925,0.001417453,0.001650369,-0.000217199,0.001400714,0.001650369,,novatel_oem7_msgs.msg.InertialSolutionStatus(status=3),
1786043698528564824,1786043698.526678179,/novatel/oem7/fix,/novatel/oem7/fix,/novatel/oem7/inspva,39.663,-75.756,-1.799909925,0.001417453,0.001650369,-0.000217199,0.001400714,0.001650369,,0,
1786043698530068083,1786043698.527021565,/novatel/oem7/odom,/novatel/oem7/fix,/novatel/oem7/odom,39.663,-75.756,-1.799909925,0.001411686,0.001655305,0.001381734,-0.000289254,0.001655305,,,
1786043698535731829,1786043698.534989645,/novatel/oem7/odom,/novatel/oem7/fix,/novatel/oem7/odom,39.663,-75.756,-1.799909925,0.001411686,0.001655305,0.001381734,-0.000289254,0.001655305,,,
1786043698545356560,1786043698.544944041,/novatel/oem7/inspva,/novatel/oem7/inspva,/novatel/oem7/inspva,39.663,-75.756,-1.799942260,0.000970745,0.000942932,0.000209584,0.000947850,0.000942932,,novatel_oem7_msgs.msg.InertialSolutionStatus(status=3),
1786043698546284534,1786043698.545126885,/novatel/oem7/fix,/novatel/oem7/fix,/novatel/oem7/inspva,39.663,-75.756,-1.799942260,0.000970745,0.000942932,0.000209584,0.000947850,0.000942932,,0,
1786043698547040168,1786043698.545464991,/novatel/oem7/odom,/novatel/oem7/fix,/novatel/oem7/odom,39.663,-75.756,-1.799942260,0.000966493,0.000947289,0.000953012,0.000160865,0.000947289,,,
1786043698556106469,1786043698.555634563,/novatel/oem7/odom,/novatel/oem7/fix,/novatel/oem7/odom,39.663,-75.756,-1.799942260,0.000966493,0.000947289,0.000953012,0.000160865,0.000947289,,,
1786043698567057773,1786043698.566527848,/novatel/oem7/inspva,/novatel/oem7/inspva,/novatel/oem7/inspva,39.663,-75.756,-1.799979387,0.000714802,-0.001502808,0.000577847,0.000420756,-0.001502808,,novatel_oem7_msgs.msg.InertialSolutionStatus(status=3),
1786043698568492924,1786043698.566705436,/novatel/oem7/fix,/novatel/oem7/fix,/novatel/oem7/inspva,39.663,-75.756,-1.799979387,0.000714802,-0.001502808,0.000577847,0.000420756,-0.001502808,,0,
1786043698569603905,1786043698.567136383,/novatel/oem7/odom,/novatel/oem7/fix,/novatel/oem7/odom,39.663,-75.756,-1.799979387,0.000721671,-0.001499522,0.000454444,0.000560615,-0.001499522,,,
1786043698575662908,1786043698.574962005,/novatel/oem7/odom,/novatel/oem7/fix,/novatel/oem7/odom,39.663,-75.756,-1.799979387,0.000721671,-0.001499522,0.000454444,0.000560615,-0.001499522,,,
1786043698585567943,1786043698.584984124,/novatel/oem7/inspva,/novatel/oem7/inspva,/novatel/oem7/inspva,39.663,-75.756,-1.800002554,0.001258868,-0.001320595,-0.000222592,0.001239032,-0.001320595,,novatel_oem7_msgs.msg.InertialSolutionStatus(status=3),
1786043698586981430,1786043698.585158845,/novatel/oem7/fix,/novatel/oem7/fix,/novatel/oem7/inspva,39.663,-75.756,-1.800002554,0.001258868,-0.001320595,-0.000222592,0.001239032,-0.001320595,,0,
1786043698588134602,1786043698.585426881,/novatel/oem7/odom,/novatel/oem7/fix,/novatel/oem7/odom,39.663,-75.756,-1.800002554,0.001263365,-0.001316294,0.001232158,-0.000279068,-0.001316294,,,
1786043698596112921,1786043698.595383591,/novatel/oem7/odom,/novatel/oem7/fix,/novatel/oem7/odom,39.663,-75.756,-1.800002554,0.001263365,-0.001316294,0.001232158,-0.000279068,-0.001316294,,,
1786043698607081987,1786043698.606508621,/novatel/oem7/inspva,/novatel/oem7/inspva,/novatel/oem7/inspva,39.663,-75.756,-1.800003901,0.001956588,0.001373302,-0.000870552,0.001752249,0.001373302,,novatel_oem7_msgs.msg.InertialSolutionStatus(status=3),
1786043698608538527,1786043698.606691869,/novatel/oem7/fix,/novatel/oem7/fix,/novatel/oem7/inspva,39.663,-75.756,-1.800003901,0.001956588,0.001373302,-0.000870552,0.001752249,0.001373302,,0,
1786043698609659605,1786043698.607096317,/novatel/oem7/odom,/novatel/oem7/fix,/novatel/oem7/odom,39.663,-75.756,-1.800003901,0.001953402,0.001377829,0.001702250,-0.000958188,0.001377829,,,
1786043698611193741,1786043698.610196341,/novatel/oem7/bestpos,/novatel/oem7/bestpos,/novatel/oem7/odom,39.663,-75.756,33.182241691,0.001953402,0.001377829,0.001702250,-0.000958188,0.001377829,,novatel_oem7_msgs.msg.SolutionStatus(status=0),novatel_oem7_msgs.msg.PositionOrVelocityType(type=53)
1786043698612170107,1786043698.610586885,/novatel/oem7/bestvel,/novatel/oem7/bestpos,/novatel/oem7/bestvel,39.663,-75.756,33.182241691,0.002088244,0.001105222,,,,107.349120741,novatel_oem7_msgs.msg.SolutionStatus(status=0),novatel_oem7_msgs.msg.PositionOrVelocityType(type=53)
1786043698615488590,1786043698.614821711,/novatel/oem7/odom,/novatel/oem7/bestpos,/novatel/oem7/odom,39.663,-75.756,33.182241691,0.001953402,0.001377829,0.001702250,-0.000958188,0.001377829,,,
1786043698626011531,1786043698.625492445,/novatel/oem7/inspva,/novatel/oem7/inspva,/novatel/oem7/inspva,39.663,-75.756,-1.800037501,0.001885681,0.001151615,-0.000586267,0.001792229,0.001151615,,novatel_oem7_msgs.msg.InertialSolutionStatus(status=3),
1786043698627395828,1786043698.625666111,/novatel/oem7/fix,/novatel/oem7/fix,/novatel/oem7/inspva,39.663,-75.756,-1.800037501,0.001885681,0.001151615,-0.000586267,0.001792229,0.001151615,,0,
1786043698628559260,1786043698.626146956,/novatel/oem7/odom,/novatel/oem7/fix,/novatel/oem7/odom,39.663,-75.756,-1.800037501,0.001882317,0.001157105,0.001756895,-0.000675603,0.001157105,,,
1786043698635388467,1786043698.634573462,/novatel/oem7/odom,/novatel/oem7/fix,/novatel/oem7/odom,39.663,-75.756,-1.800037501,0.001882317,0.001157105,0.001756895,-0.000675603,0.001157105,,,
1786043698646085726,1786043698.645387029,/novatel/oem7/inspva,/novatel/oem7/inspva,/novatel/oem7/inspva,39.663,-75.756,-1.800073362,0.001369327,-0.000998544,0.001299033,0.000433095,-0.000998544,,novatel_oem7_msgs.msg.InertialSolutionStatus(status=3),
1786043698647559544,1786043698.645592965,/novatel/oem7/fix,/novatel/oem7/fix,/novatel/oem7/inspva,39.663,-75.756,-1.800073362,0.001369327,-0.000998544,0.001299033,0.000433095,-0.000998544,,0,
1786043698648619808,1786043698.646153167,/novatel/oem7/odom,/novatel/oem7/fix,/novatel/oem7/odom,39.663,-75.756,-1.800073362,0.001373200,-0.000993211,0.000499758,0.001279031,-0.000993211,,,
1786043698657253954,1786043698.656505673,/novatel/oem7/odom,/novatel/oem7/fix,/novatel/oem7/odom,39.663,-75.756,-1.800073362,0.001373200,-0.000993211,0.000499758,0.001279031,-0.000993211,,,
1786043698665759172,1786043698.665052338,/novatel/oem7/inspva,/novatel/oem7/inspva,/novatel/oem7/inspva,39.663,-75.756,-1.800095193,0.000801171,-0.000875883,0.000557217,0.000575660,-0.000875883,,novatel_oem7_msgs.msg.InertialSolutionStatus(status=3),
1786043698667303924,1786043698.665216523,/novatel/oem7/fix,/novatel/oem7/fix,/novatel/oem7/inspva,39.663,-75.756,-1.800095193,0.000801171,-0.000875883,0.000557217,0.000575660,-0.000875883,,0,
1786043698668638877,1786043698.665632777,/novatel/oem7/odom,/novatel/oem7/fix,/novatel/oem7/odom,39.663,-75.756,-1.800095193,0.000805353,-0.000872039,0.000605617,0.000530868,-0.000872039,,,
1786043698675312979,1786043698.674577337,/novatel/oem7/odom,/novatel/oem7/fix,/novatel/oem7/odom,39.663,-75.756,-1.800095193,0.000805353,-0.000872039,0.000605617,0.000530868,-0.000872039,,,
1786043698687385009,1786043698.686691259,/novatel/oem7/inspva,/novatel/oem7/inspva,/novatel/oem7/inspva,39.663,-75.756,-1.800102917,0.002843565,0.000435492,-0.001218934,0.002569058,0.000435492,,novatel_oem7_msgs.msg.InertialSolutionStatus(status=3),
1786043698688825633,1786043698.686866668,/novatel/oem7/fix,/novatel/oem7/fix,/novatel/oem7/inspva,39.663,-75.756,-1.800102917,0.002843565,0.000435492,-0.001218934,0.002569058,0.000435492,,0,
1786043698689896521,1786043698.687360109,/novatel/oem7/odom,/novatel/oem7/fix,/novatel/oem7/odom,39.663,-75.756,-1.800102917,0.002842511,0.000442317,0.002505031,-0.001343388,0.000442317,,,
1786043698695473096,1786043698.694667211,/novatel/oem7/odom,/novatel/oem7/fix,/novatel/oem7/odom,39.663,-75.756,-1.800102917,0.002842511,0.000442317,0.002505031,-0.001343388,0.000442317,,,
1786043698706489929,1786043698.705758668,/novatel/oem7/inspva,/novatel/oem7/inspva,/novatel/oem7/inspva,39.663,-75.756,-1.800128412,0.002137093,0.000976925,-0.001286422,0.001706542,0.000976925,,novatel_oem7_msgs.msg.InertialSolutionStatus(status=3),
1786043698707926830,1786043698.705939660,/novatel/oem7/fix,/novatel/oem7/fix,/novatel/oem7/inspva,39.663,-75.756,-1.800128412,0.002137093,0.000976925,-0.001286422,0.001706542,0.000976925,,0,
1786043698708986400,1786043698.706387245,/novatel/oem7/odom,/novatel/oem7/fix,/novatel/oem7/odom,39.663,-75.756,-1.800128412,0.002135610,0.000980162,0.001638012,-0.001370309,0.000980162,,,
1786043698710639996,1786043698.709457405,/novatel/oem7/bestpos,/novatel/oem7/bestpos,/novatel/oem7/odom,39.663,-75.756,33.182118774,0.002135610,0.000980162,0.001638012,-0.001370309,0.000980162,,novatel_oem7_msgs.msg.SolutionStatus(status=0),novatel_oem7_msgs.msg.PositionOrVelocityType(type=53)
1786043698712064434,1786043698.710260710,/novatel/oem7/bestvel,/novatel/oem7/bestpos,/novatel/oem7/bestvel,39.663,-75.756,33.182118774,0.002461841,0.000830461,,,,123.197713538,novatel_oem7_msgs.msg.SolutionStatus(status=0),novatel_oem7_msgs.msg.PositionOrVelocityType(type=53)
1786043698715323036,1786043698.714580396,/novatel/oem7/odom,/novatel/oem7/bestpos,/novatel/oem7/odom,39.663,-75.756,33.182118774,0.002135610,0.000980162,0.001638012,-0.001370309,0.000980162,,,
1786043698725988356,1786043698.725188754,/novatel/oem7/inspva,/novatel/oem7/inspva,/novatel/oem7/inspva,39.663,-75.756,-1.800164575,0.000932806,-0.000602172,0.000831328,0.000423108,-0.000602172,,novatel_oem7_msgs.msg.InertialSolutionStatus(status=3),
1786043698727356129,1786043698.725356902,/novatel/oem7/fix,/novatel/oem7/fix,/novatel/oem7/inspva,39.663,-75.756,-1.800164575,0.000932806,-0.000602172,0.000831328,0.000423108,-0.000602172,,0,
1786043698728489724,1786043698.725709322,/novatel/oem7/odom,/novatel/oem7/fix,/novatel/oem7/odom,39.663,-75.756,-1.800164575,0.000935373,-0.000598177,0.000465454,0.000811341,-0.000598177,,,
1786043698735749662,1786043698.734768579,/novatel/oem7/odom,/novatel/oem7/fix,/novatel/oem7/odom,39.663,-75.756,-1.800164575,0.000935373,-0.000598177,0.000465454,0.000811341,-0.000598177,,,
1786043698746724058,1786043698.746002614,/novatel/oem7/inspva,/novatel/oem7/inspva,/novatel/oem7/inspva,39.663,-75.756,-1.800193418,0.000597156,-0.001091579,0.000397409,0.000445715,-0.001091579,,novatel_oem7_msgs.msg.InertialSolutionStatus(status=3),
1786043698748146865,1786043698.746182646,/novatel/oem7/fix,/novatel/oem7/fix,/novatel/oem7/inspva,39.663,-75.756,-1.800193418,0.000597156,-0.001091579,0.000397409,0.000445715,-0.001091579,,0,
1786043698749231782,1786043698.746632707,/novatel/oem7/odom,/novatel/oem7/fix,/novatel/oem7/odom,39.663,-75.756,-1.800193418,0.000602420,-0.001088683,0.000468997,0.000378090,-0.001088683,,,
1786043698756485114,1786043698.755701380,/novatel/oem7/odom,/novatel/oem7/fix,/novatel/oem7/odom,39.663,-75.756,-1.800193418,0.000602420,-0.001088683,0.000468997,0.000378090,-0.001088683,,,
1786043698765879844,1786043698.765191871,/novatel/oem7/inspva,/novatel/oem7/inspva,/novatel/oem7/inspva,39.663,-75.756,-1.800216612,0.001589028,-0.000693482,-0.001048089,0.001194371,-0.000693482,,novatel_oem7_msgs.msg.InertialSolutionStatus(status=3),
1786043698767271171,1786043698.765364992,/novatel/oem7/fix,/novatel/oem7/fix,/novatel/oem7/inspva,39.663,-75.756,-1.800216612,0.001589028,-0.000693482,-0.001048089,0.001194371,-0.000693482,,0,
1786043698768322389,1786043698.765803444,/novatel/oem7/odom,/novatel/oem7/fix,/novatel/oem7/odom,39.663,-75.756,-1.800216612,0.001589835,-0.000691630,0.001144909,-0.001103069,-0.000691630,,,
1786043698776270497,1786043698.775513287,/novatel/oem7/odom,/novatel/oem7/fix,/novatel/oem7/odom,39.663,-75.756,-1.800216612,0.001589835,-0.000691630,0.001144909,-0.001103069,-0.000691630,,,
1786043698785904430,1786043698.785147202,/novatel/oem7/inspva,/novatel/oem7/inspva,/novatel/oem7/inspva,39.663,-75.756,-1.800245641,0.002564734,-0.000302673,-0.001472150,0.002100151,-0.000302673,,novatel_oem7_msgs.msg.InertialSolutionStatus(status=3),
1786043698787303517,1786043698.785319494,/novatel/oem7/fix,/novatel/oem7/fix,/novatel/oem7/inspva,39.663,-75.756,-1.800245641,0.002564734,-0.000302673,-0.001472150,0.002100151,-0.000302673,,0,
1786043698788398074,1786043698.785659388,/novatel/oem7/odom,/novatel/oem7/fix,/novatel/oem7/odom,39.663,-75.756,-1.800245641,0.002565234,-0.000298405,0.002027397,-0.001571651,-0.000298405,,,
1786043698795316849,1786043698.794551189,/novatel/oem7/odom,/novatel/oem7/fix,/novatel/oem7/odom,39.663,-75.756,-1.800245641,0.002565234,-0.000298405,0.002027397,-0.001571651,-0.000298405,,,
1786043698806886518,1786043698.806557988,/novatel/oem7/inspva,/novatel/oem7/inspva,/novatel/oem7/inspva,39.663,-75.756,-1.800267529,0.000988089,0.000732868,0.000478151,0.000864692,0.000732868,,novatel_oem7_msgs.msg.InertialSolutionStatus(status=3),
1786043698807552763,1786043698.806739769,/novatel/oem7/fix,/novatel/oem7/fix,/novatel/oem7/inspva,39.663,-75.756,-1.800267529,0.000988089,0.000732868,0.000478151,0.000864692,0.000732868,,0,
1786043698808055746,1786043698.807100712,/novatel/oem7/odom,/novatel/oem7/fix,/novatel/oem7/odom,39.663,-75.756,-1.800267529,0.000984503,0.000737678,0.000883835,0.000433684,0.000737678,,,
1786043698810586769,1786043698.810244737,/novatel/oem7/bestpos,/novatel/oem7/bestpos,/novatel/oem7/odom,39.663,-75.756,33.181966892,0.000984503,0.000737678,0.000883835,0.000433684,0.000737678,,novatel_oem7_msgs.msg.SolutionStatus(status=0),novatel_oem7_msgs.msg.PositionOrVelocityType(type=53)
1786043698811269787,1786043698.810665471,/novatel/oem7/bestvel,/novatel/oem7/bestpos,/novatel/oem7/bestvel,39.663,-75.756,33.181966892,0.002654482,-0.000280409,,,,74.169794477,novatel_oem7_msgs.msg.SolutionStatus(status=0),novatel_oem7_msgs.msg.PositionOrVelocityType(type=53)
1786043698815215637,1786043698.814851473,/novatel/oem7/odom,/novatel/oem7/bestpos,/novatel/oem7/odom,39.663,-75.756,33.181966892,0.000984503,0.000737678,0.000883835,0.000433684,0.000737678,,,
1786043698825439972,1786043698.825114465,/novatel/oem7/inspva,/novatel/oem7/inspva,/novatel/oem7/inspva,39.663,-75.756,-1.800307050,0.000757798,-0.000103847,0.000633397,0.000416012,-0.000103847,,novatel_oem7_msgs.msg.InertialSolutionStatus(status=3),
1786043698826067672,1786043698.825288190,/novatel/oem7/fix,/novatel/oem7/fix,/novatel/oem7/inspva,39.663,-75.756,-1.800307050,0.000757798,-0.000103847,0.000633397,0.000416012,-0.000103847,,0,
1786043698826691178,1786043698.825763781,/novatel/oem7/odom,/novatel/oem7/fix,/novatel/oem7/odom,39.663,-75.756,-1.800307050,0.000758259,-0.000100424,0.000446710,0.000612705,-0.000100424,,,
1786043698835305700,1786043698.834931769,/novatel/oem7/odom,/novatel/oem7/fix,/novatel/oem7/odom,39.663,-75.756,-1.800307050,0.000758259,-0.000100424,0.000446710,0.000612705,-0.000100424,,,
1786043698845641608,1786043698.845265898,/novatel/oem7/inspva,/novatel/oem7/inspva,/novatel/oem7/inspva,39.663,-75.756,-1.800336950,0.001729377,-0.001502599,-0.000895676,0.001479361,-0.001502599,,novatel_oem7_msgs.msg.InertialSolutionStatus(status=3),
1786043698846259269,1786043698.845474030,/novatel/oem7/fix,/novatel/oem7/fix,/novatel/oem7/inspva,39.663,-75.756,-1.800336950,0.001729377,-0.001502599,-0.000895676,0.001479361,-0.001502599,,0,
1786043698846751910,1786043698.846011302,/novatel/oem7/odom,/novatel/oem7/fix,/novatel/oem7/odom,39.663,-75.756,-1.800336950,0.001732322,-0.001499203,0.001440241,-0.000962623,-0.001499203,,,
1786043698856748221,1786043698.856368501,/novatel/oem7/odom,/novatel/oem7/fix,/novatel/oem7/odom,39.663,-75.756,-1.800336950,0.001732322,-0.001499203,0.001440241,-0.000962623,-0.001499203,,,
1786043698866807262,1786043698.866084591,/novatel/oem7/inspva,/novatel/oem7/inspva,/novatel/oem7/inspva,39.663,-75.756,-1.800359217,0.001382722,-0.000450302,-0.000863118,0.001080253,-0.000450302,,novatel_oem7_msgs.msg.InertialSolutionStatus(status=3),
1786043698868207559,1786043698.866238336,/novatel/oem7/fix,/novatel/oem7/fix,/novatel/oem7/inspva,39.663,-75.756,-1.800359217,0.001382722,-0.000450302,-0.000863118,0.001080253,-0.000450302,,0,
1786043698869271629,1786043698.866719384,/novatel/oem7/odom,/novatel/oem7/fix,/novatel/oem7/odom,39.663,-75.756,-1.800359217,0.001383344,-0.000448388,0.001038897,-0.000913418,-0.000448388,,,
1786043698875166118,1786043698.874395407,/novatel/oem7/odom,/novatel/oem7/fix,/novatel/oem7/odom,39.663,-75.756,-1.800359217,0.001383344,-0.000448388,0.001038897,-0.000913418,-0.000448388,,,
1786043698885830701,1786043698.885146620,/novatel/oem7/inspva,/novatel/oem7/inspva,/novatel/oem7/inspva,39.663,-75.756,-1.800376943,0.002102362,0.000590877,0.000295139,0.002081542,0.000590877,,novatel_oem7_msgs.msg.InertialSolutionStatus(status=3),
1786043698887241471,1786043698.885286145,/novatel/oem7/fix,/novatel/oem7/fix,/novatel/oem7/inspva,39.663,-75.756,-1.800376943,0.002102362,0.000590877,0.000295139,0.002081542,0.000590877,,0,
1786043698888291861,1786043698.885830847,/novatel/oem7/odom,/novatel/oem7/fix,/novatel/oem7/odom,39.663,-75.756,-1.800376943,0.002099780,0.000599985,0.002090972,0.000192129,0.000599985,,,
1786043698895955917,1786043698.895007292,/novatel/oem7/odom,/novatel/oem7/fix,/novatel/oem7/odom,39.663,-75.756,-1.800376943,0.002099780,0.000599985,0.002090972,0.000192129,0.000599985,,,
1786043698906735854,1786043698.906031107,/novatel/oem7/inspva,/novatel/oem7/inspva,/novatel/oem7/inspva,39.663,-75.756,-1.800402929,0.001356332,0.000994354,0.000786499,0.001105014,0.000994354,,novatel_oem7_msgs.msg.InertialSolutionStatus(status=3),
1786043698908130422,1786043698.906173098,/novatel/oem7/fix,/novatel/oem7/fix,/novatel/oem7/inspva,39.663,-75.756,-1.800402929,0.001356332,0.000994354,0.000786499,0.001105014,0.000994354,,0,
1786043698909178945,1786043698.906647630,/novatel/oem7/odom,/novatel/oem7/fix,/novatel/oem7/odom,39.663,-75.756,-1.800402929,0.001351457,0.001000969,0.001137785,0.000729302,0.001000969,,,
1786043698910803814,1786043698.909379764,/novatel/oem7/bestpos,/novatel/oem7/bestpos,/novatel/oem7/odom,39.663,-75.756,33.181840455,0.001351457,0.001000969,0.001137785,0.000729302,0.001000969,,novatel_oem7_msgs.msg.SolutionStatus(status=0),novatel_oem7_msgs.msg.PositionOrVelocityType(type=53)
1786043698911741504,1786043698.909961786,/novatel/oem7/bestvel,/novatel/oem7/bestpos,/novatel/oem7/bestvel,39.663,-75.756,33.181840455,0.002915401,-0.000136196,,,,59.244977758,novatel_oem7_msgs.msg.SolutionStatus(status=0),novatel_oem7_msgs.msg.PositionOrVelocityType(type=53)
1786043698915093821,1786043698.914347036,/novatel/oem7/odom,/novatel/oem7/bestpos,/novatel/oem7/odom,39.663,-75.756,33.181840455,0.001351457,0.001000969,0.001137785,0.000729302,0.001000969,,,
1786043698927160253,1786043698.926490244,/novatel/oem7/inspva,/novatel/oem7/inspva,/novatel/oem7/inspva,39.663,-75.756,-1.800439388,0.000787268,-0.001986922,-0.000137638,0.000775143,-0.001986922,,novatel_oem7_msgs.msg.InertialSolutionStatus(status=3),
1786043698928804550,1786043698.926624498,/novatel/oem7/fix,/novatel/oem7/fix,/novatel/oem7/inspva,39.663,-75.756,-1.800439388,0.000787268,-0.001986922,-0.000137638,0.000775143,-0.001986922,,0,
1786043698929860557,1786043698.927027285,/novatel/oem7/odom,/novatel/oem7/fix,/novatel/oem7/odom,39.663,-75.756,-1.800439388,0.000794119,-0.001984194,0.000775706,-0.000170018,-0.001984194,,,
1786043698935722815,1786043698.934955958,/novatel/oem7/odom,/novatel/oem7/fix,/novatel/oem7/odom,39.663,-75.756,-1.800439388,0.000794119,-0.001984194,0.000775706,-0.000170018,-0.001984194,,,
1786043698946940460,1786043698.944879212,/novatel/oem7/inspva,/novatel/oem7/inspva,/novatel/oem7/inspva,39.663,-75.756,-1.800460987,0.001546847,-0.001281127,-0.000468673,0.001474137,-0.001281127,,novatel_oem7_msgs.msg.InertialSolutionStatus(status=3),
1786043698948268913,1786043698.945120662,/novatel/oem7/fix,/novatel/oem7/fix,/novatel/oem7/inspva,39.663,-75.756,-1.800460987,0.001546847,-0.001281127,-0.000468673,0.001474137,-0.001281127,,0,
1786043698949316510,1786043698.946539219,/novatel/oem7/odom,/novatel/oem7/fix,/novatel/oem7/odom,39.663,-75.756,-1.800460987,0.001550626,-0.001276550,0.001454882,-0.000536433,-0.001276550,,,
1786043698956596442,1786043698.955821985,/novatel/oem7/odom,/novatel/oem7/fix,/novatel/oem7/odom,39.663,-75.756,-1.800460987,0.001550626,-0.001276550,0.001454882,-0.000536433,-0.001276550,,,
1786043698966124423,1786043698.965465150,/novatel/oem7/inspva,/novatel/oem7/inspva,/novatel/oem7/inspva,39.663,-75.756,-1.800471032,0.002716164,0.000816012,-0.000530908,0.002663772,0.000816012,,novatel_oem7_msgs.msg.InertialSolutionStatus(status=3),
1786043698967553724,1786043698.965628828,/novatel/oem7/fix,/novatel/oem7/fix,/novatel/oem7/inspva,39.663,-75.756,-1.800471032,0.002716164,0.000816012,-0.000530908,0.002663772,0.000816012,,0,
1786043698968604848,1786043698.966273791,/novatel/oem7/odom,/novatel/oem7/fix,/novatel/oem7/odom,39.663,-75.756,-1.800471032,0.002713391,0.000825186,0.002631440,-0.000661827,0.000825186,,,
1786043698975524946,1786043698.974797283,/novatel/oem7/odom,/novatel/oem7/fix,/novatel/oem7/odom,39.663,-75.756,-1.800471032,0.002713391,0.000825186,0.002631440,-0.000661827,0.000825186,,,
1786043698986772148,1786043698.986089241,/novatel/oem7/inspva,/novatel/oem7/inspva,/novatel/oem7/inspva,39.663,-75.756,-1.800502312,0.001959508,0.000642302,-0.000128376,0.001955298,0.000642302,,novatel_oem7_msgs.msg.InertialSolutionStatus(status=3),
1786043698988128035,1786043698.986244742,/novatel/oem7/fix,/novatel/oem7/fix,/novatel/oem7/inspva,39.663,-75.756,-1.800502312,0.001959508,0.000642302,-0.000128376,0.001955298,0.000642302,,0,
1786043698989144318,1786043698.986597933,/novatel/oem7/odom,/novatel/oem7/fix,/novatel/oem7/odom,39.663,-75.756,-1.800502312,0.001957046,0.000649763,0.001944081,-0.000224898,0.000649763,,,
1786043698995152854,1786043698.994431267,/novatel/oem7/odom,/novatel/oem7/fix,/novatel/oem7/odom,39.663,-75.756,-1.800502312,0.001957046,0.000649763,0.001944081,-0.000224898,0.000649763,,,
1786043699009029215,1786043699.008372746,/novatel/oem7/inspva,/novatel/oem7/inspva,/novatel/oem7/inspva,39.663,-75.756,-1.800544163,0.000828404,-0.002098804,0.000490663,0.000667460,-0.002098804,,novatel_oem7_msgs.msg.InertialSolutionStatus(status=3),
1786043699010322598,1786043699.008534277,/novatel/oem7/fix,/novatel/oem7/fix,/novatel/oem7/inspva,39.663,-75.756,-1.800544163,0.000828404,-0.002098804,0.000490663,0.000667460,-0.002098804,,0,
1786043699012662884,1786043699.011716382,/novatel/oem7/odom,/novatel/oem7/fix,/novatel/oem7/odom,39.663,-75.756,-1.800544163,0.000838588,-0.002094755,0.000699154,0.000463048,-0.002094755,,,
1786043699017332748,1786043699.016597380,/novatel/oem7/odom,/novatel/oem7/fix,/novatel/oem7/odom,39.663,-75.756,-1.800544163,0.000838588,-0.002094755,0.000699154,0.000463048,-0.002094755,,,
1786043699027704810,1786043699.026966336,/novatel/oem7/bestpos,/novatel/oem7/bestpos,/novatel/oem7/odom,39.663,-75.756,33.181717353,0.000838588,-0.002094755,0.000699154,0.000463048,-0.002094755,,novatel_oem7_msgs.msg.SolutionStatus(status=0),novatel_oem7_msgs.msg.PositionOrVelocityType(type=53)
1786043699029416371,1786043699.027385870,/novatel/oem7/bestvel,/novatel/oem7/bestpos,/novatel/oem7/bestvel,39.663,-75.756,33.181717353,0.000803123,-0.001785189,,,,101.226927692,novatel_oem7_msgs.msg.SolutionStatus(status=0),novatel_oem7_msgs.msg.PositionOrVelocityType(type=53)
1786043699030347964,1786043699.027909126,/novatel/oem7/inspva,/novatel/oem7/inspva,/novatel/oem7/inspva,39.663,-75.756,-1.800569829,0.001087291,-0.001901789,-0.000140673,0.001078152,-0.001901789,,novatel_oem7_msgs.msg.InertialSolutionStatus(status=3),
1786043699031238779,1786043699.028147598,/novatel/oem7/fix,/novatel/oem7/fix,/novatel/oem7/inspva,39.663,-75.756,-1.800569829,0.001087291,-0.001901789,-0.000140673,0.001078152,-0.001901789,,0,
1786043699032294529,1786043699.028437071,/novatel/oem7/odom,/novatel/oem7/fix,/novatel/oem7/odom,39.663,-75.756,-1.800569829,0.001094083,-0.001897889,0.001077812,-0.000187988,-0.001897889,,,
1786043699035526648,1786043699.034846431,/novatel/oem7/odom,/novatel/oem7/fix,/novatel/oem7/odom,39.663,-75.756,-1.800569829,0.001094083,-0.001897889,0.001077812,-0.000187988,-0.001897889,,,
1786043699047641958,1786043699.046907274,/novatel/oem7/inspva,/novatel/oem7/inspva,/novatel/oem7/inspva,39.663,-75.756,-1.800555892,0.003297838,0.001014967,-0.000970020,0.003151951,0.001014967,,novatel_oem7_msgs.msg.InertialSolutionStatus(status=3),
1786043699049005532,1786043699.047107346,/novatel/oem7/fix,/novatel/oem7/fix,/novatel/oem7/inspva,39.663,-75.756,-1.800555892,0.003297838,0.001014967,-0.000970020,0.003151951,0.001014967,,0,
1786043699050048895,1786043699.047506117,/novatel/oem7/odom,/novatel/oem7/fix,/novatel/oem7/odom,39.663,-75.756,-1.800555892,0.003294797,0.001024796,0.003096886,-0.001124716,0.001024796,,,
1786043699057253133,1786043699.056592214,/novatel/oem7/odom,/novatel/oem7/fix,/novatel/oem7/odom,39.663,-75.756,-1.800555892,0.003294797,0.001024796,0.003096886,-0.001124716,0.001024796,,,
1786043699065784275,1786043699.065090568,/novatel/oem7/inspva,/novatel/oem7/inspva,/novatel/oem7/inspva,39.663,-75.756,-1.800551823,0.001959244,0.000938752,-0.000124085,0.001955311,0.000938752,,novatel_oem7_msgs.msg.InertialSolutionStatus(status=3),
1786043699067082751,1786043699.065294793,/novatel/oem7/fix,/novatel/oem7/fix,/novatel/oem7/inspva,39.663,-75.756,-1.800551823,0.001959244,0.000938752,-0.000124085,0.001955311,0.000938752,,0,
1786043699068108851,1786043699.065626973,/novatel/oem7/odom,/novatel/oem7/fix,/novatel/oem7/odom,39.663,-75.756,-1.800551823,0.001955627,0.000946264,0.001943055,-0.000221392,0.000946264,,,
1786043699076860525,1786043699.075741827,/novatel/oem7/odom,/novatel/oem7/fix,/novatel/oem7/odom,39.663,-75.756,-1.800551823,0.001955627,0.000946264,0.001943055,-0.000221392,0.000946264,,,
1786043699085983085,1786043699.085353799,/novatel/oem7/inspva,/novatel/oem7/inspva,/novatel/oem7/inspva,39.663,-75.756,-1.800564248,0.001277339,-0.001432380,0.000813588,0.000984718,-0.001432380,,novatel_oem7_msgs.msg.InertialSolutionStatus(status=3),
1786043699087455823,1786043699.085580734,/novatel/oem7/fix,/novatel/oem7/fix,/novatel/oem7/inspva,39.663,-75.756,-1.800564248,0.001277339,-0.001432380,0.000813588,0.000984718,-0.001432380,,0,
1786043699088498720,1786043699.086277324,/novatel/oem7/odom,/novatel/oem7/fix,/novatel/oem7/odom,39.663,-75.756,-1.800564248,0.001284239,-0.001426196,0.001028948,0.000768464,-0.001426196,,,
1786043699095503183,1786043699.094831999,/novatel/oem7/odom,/novatel/oem7/fix,/novatel/oem7/odom,39.663,-75.756,-1.800564248,0.001284239,-0.001426196,0.001028948,0.000768464,-0.001426196,,,
1786043699106633900,1786043699.105931919,/novatel/oem7/inspva,/novatel/oem7/inspva,/novatel/oem7/inspva,39.663,-75.756,-1.800557093,0.001644016,-0.001805646,0.000266531,0.001622267,-0.001805646,,novatel_oem7_msgs.msg.InertialSolutionStatus(status=3),
1786043699107968653,1786043699.106136208,/novatel/oem7/fix,/novatel/oem7/fix,/novatel/oem7/inspva,39.663,-75.756,-1.800557093,0.001644016,-0.001805646,0.000266531,0.001622267,-0.001805646,,0,
1786043699109462031,1786043699.106534729,/novatel/oem7/odom,/novatel/oem7/fix,/novatel/oem7/odom,39.663,-75.756,-1.800557093,0.001651888,-0.001798447,0.001640690,0.000192021,-0.001798447,,,
1786043699110858182,1786043699.108999210,/novatel/oem7/bestpos,/novatel/oem7/bestpos,/novatel/oem7/odom,39.663,-75.756,33.181697357,0.001651888,-0.001798447,0.001640690,0.000192021,-0.001798447,,novatel_oem7_msgs.msg.SolutionStatus(status=0),novatel_oem7_msgs.msg.PositionOrVelocityType(type=53)
1786043699111787694,1786043699.109447758,/novatel/oem7/bestvel,/novatel/oem7/bestpos,/novatel/oem7/bestvel,39.663,-75.756,33.181697357,0.001259395,-0.001411224,,,,94.008510998,novatel_oem7_msgs.msg.SolutionStatus(status=0),novatel_oem7_msgs.msg.PositionOrVelocityType(type=53)
1786043699115480888,1786043699.114838351,/novatel/oem7/odom,/novatel/oem7/bestpos,/novatel/oem7/odom,39.663,-75.756,33.181697357,0.001651888,-0.001798447,0.001640690,0.000192021,-0.001798447,,,
1786043699125752893,1786043699.125242184,/novatel/oem7/inspva,/novatel/oem7/inspva,/novatel/oem7/inspva,39.663,-75.756,-1.800537764,0.002434773,0.000213256,-0.001229442,0.002101568,0.000213256,,novatel_oem7_msgs.msg.InertialSolutionStatus(status=3),
1786043699127038175,1786043699.125396992,/novatel/oem7/fix,/novatel/oem7/fix,/novatel/oem7/inspva,39.663,-75.756,-1.800537764,0.002434773,0.000213256,-0.001229442,0.002101568,0.000213256,,0,
1786043699128049792,1786043699.125881694,/novatel/oem7/odom,/novatel/oem7/fix,/novatel/oem7/odom,39.663,-75.756,-1.800537764,0.002434337,0.000218175,0.002038439,-0.001330699,0.000218175,,,
1786043699136094945,1786043699.135462569,/novatel/oem7/odom,/novatel/oem7/fix,/novatel/oem7/odom,39.663,-75.756,-1.800537764,0.002434337,0.000218175,0.002038439,-0.001330699,0.000218175,,,
1786043699145490132,1786043699.144973086,/novatel/oem7/inspva,/novatel/oem7/inspva,/novatel/oem7/inspva,39.663,-75.756,-1.800530228,0.002414455,0.000954357,-0.000175267,0.002408086,0.000954357,,novatel_oem7_msgs.msg.InertialSolutionStatus(status=3),
1786043699146781794,1786043699.145132232,/novatel/oem7/fix,/novatel/oem7/fix,/novatel/oem7/inspva,39.663,-75.756,-1.800530228,0.002414455,0.000954357,-0.000175267,0.002408086,0.000954357,,0,
1786043699147814541,1786043699.145609350,/novatel/oem7/odom,/novatel/oem7/fix,/novatel/oem7/odom,39.663,-75.756,-1.800530228,0.002410856,0.000963413,0.002392788,-0.000294608,0.000963413,,,
1786043699156265495,1786043699.155643689,/novatel/oem7/odom,/novatel/oem7/fix,/novatel/oem7/odom,39.663,-75.756,-1.800530228,0.002410856,0.000963413,0.002392788,-0.000294608,0.000963413,,,
1786043699167047259,1786043699.166566074,/novatel/oem7/inspva,/novatel/oem7/inspva,/novatel/oem7/inspva,39.663,-75.756,-1.800540142,0.001668693,-0.000996014,0.001104875,0.001250515,-0.000996014,,novatel_oem7_msgs.msg.InertialSolutionStatus(status=3),
1786043699168317532,1786043699.166710902,/novatel/oem7/fix,/novatel/oem7/fix,/novatel/oem7/inspva,39.663,-75.756,-1.800540142,0.001668693,-0.000996014,0.001104875,0.001250515,-0.000996014,,0,
1786043699169323685,1786043699.167167603,/novatel/oem7/odom,/novatel/oem7/fix,/novatel/oem7/odom,39.663,-75.756,-1.800540142,0.001673486,-0.000987940,0.001306846,0.001045327,-0.000987940,,,
1786043699176581397,1786043699.175180665,/novatel/oem7/odom,/novatel/oem7/fix,/novatel/oem7/odom,39.663,-75.756,-1.800540142,0.001673486,-0.000987940,0.001306846,0.001045327,-0.000987940,,,
1786043699185723471,1786043699.185196515,/novatel/oem7/inspva,/novatel/oem7/inspva,/novatel/oem7/inspva,39.663,-75.756,-1.800539149,0.001910907,-0.001547507,0.001221803,0.001469273,-0.001547507,,novatel_oem7_msgs.msg.InertialSolutionStatus(status=3),
1786043699187012203,1786043699.185375551,/novatel/oem7/fix,/novatel/oem7/fix,/novatel/oem7/inspva,39.663,-75.756,-1.800539149,0.001910907,-0.001547507,0.001221803,0.001469273,-0.001547507,,0,
1786043699188043364,1786043699.185883052,/novatel/oem7/odom,/novatel/oem7/fix,/novatel/oem7/odom,39.663,-75.756,-1.800539149,0.001918360,-0.001538258,0.001533242,0.001152942,-0.001538258,,,
1786043699196274655,1786043699.195644243,/novatel/oem7/odom,/novatel/oem7/fix,/novatel/oem7/odom,39.663,-75.756,-1.800539149,0.001918360,-0.001538258,0.001533242,0.001152942,-0.001538258,,,
1786043699207776219,1786043699.206646088,/novatel/oem7/inspva,/novatel/oem7/inspva,/novatel/oem7/inspva,39.663,-75.756,-1.800529406,0.003451604,-0.000491933,-0.001104463,0.003270127,-0.000491933,,novatel_oem7_msgs.msg.InertialSolutionStatus(status=3),
1786043699209061476,1786043699.206884847,/novatel/oem7/fix,/novatel/oem7/fix,/novatel/oem7/inspva,39.663,-75.756,-1.800529406,0.003451604,-0.000491933,-0.001104463,0.003270127,-0.000491933,,0,
1786043699210078949,1786043699.207388879,/novatel/oem7/odom,/novatel/oem7/fix,/novatel/oem7/odom,39.663,-75.756,-1.800529406,0.003452996,-0.000482064,0.003214564,-0.001260857,-0.000482064,,,
1786043699211529017,1786043699.210305871,/novatel/oem7/bestpos,/novatel/oem7/bestpos,/novatel/oem7/odom,39.663,-75.756,33.181716179,0.003452996,-0.000482064,0.003214564,-0.001260857,-0.000482064,,novatel_oem7_msgs.msg.SolutionStatus(status=0),novatel_oem7_msgs.msg.PositionOrVelocityType(type=53)
1786043699212417629,1786043699.210730882,/novatel/oem7/bestvel,/novatel/oem7/bestpos,/novatel/oem7/bestvel,39.663,-75.756,33.181716179,0.002799598,-0.000356624,,,,106.880465240,novatel_oem7_msgs.msg.SolutionStatus(status=0),novatel_oem7_msgs.msg.PositionOrVelocityType(type=53)
1786043699215909774,1786043699.215230713,/novatel/oem7/odom,/novatel/oem7/bestpos,/novatel/oem7/odom,39.663,-75.756,33.181716179,0.003452996,-0.000482064,0.003214564,-0.001260857,-0.000482064,,,
1786043699226841035,1786043699.226282513,/novatel/oem7/inspva,/novatel/oem7/inspva,/novatel/oem7/inspva,39.663,-75.756,-1.800521164,0.001936942,0.000145714,-0.000537769,0.001860792,0.000145714,,novatel_oem7_msgs.msg.InertialSolutionStatus(status=3),
1786043699228209429,1786043699.226433084,/novatel/oem7/fix,/novatel/oem7/fix,/novatel/oem7/inspva,39.663,-75.756,-1.800521164,0.001936942,0.000145714,-0.000537769,0.001860792,0.000145714,,0,
1786043699229235112,1786043699.226898793,/novatel/oem7/odom,/novatel/oem7/fix,/novatel/oem7/odom,39.663,-75.756,-1.800521164,0.001936486,0.000151655,0.001831832,-0.000627988,0.000151655,,,
1786043699235454291,1786043699.234775201,/novatel/oem7/odom,/novatel/oem7/fix,/novatel/oem7/odom,39.663,-75.756,-1.800521164,0.001936486,0.000151655,0.001831832,-0.000627988,0.000151655,,,
1786043699245923888,1786043699.245336972,/novatel/oem7/inspva,/novatel/oem7/inspva,/novatel/oem7/inspva,39.663,-75.756,-1.800524367,0.001384640,-0.000074820,0.001108467,0.000829776,-0.000074820,,novatel_oem7_msgs.msg.InertialSolutionStatus(status=3),
1786043699247327132,1786043699.245510510,/novatel/oem7/fix,/novatel/oem7/fix,/novatel/oem7/inspva,39.663,-75.756,-1.800524367,0.001384640,-0.000074820,0.001108467,0.000829776,-0.000074820,,0,
1786043699248348575,1786043699.246075593,/novatel/oem7/odom,/novatel/oem7/fix,/novatel/oem7/odom,39.663,-75.756,-1.800524367,0.001384970,-0.000068425,0.000882985,0.001066996,-0.000068425,,,
1786043699257173933,1786043699.256515310,/novatel/oem7/odom,/novatel/oem7/fix,/novatel/oem7/odom,39.663,-75.756,-1.800524367,0.001384970,-0.000068425,0.000882985,0.001066996,-0.000068425,,,
1786043699265560236,1786043699.264988867,/novatel/oem7/inspva,/novatel/oem7/inspva,/novatel/oem7/inspva,39.663,-75.756,-1.800520905,0.001753497,-0.000679743,0.001017967,0.001427758,-0.000679743,,novatel_oem7_msgs.msg.InertialSolutionStatus(status=3),
1786043699266918786,1786043699.265126868,/novatel/oem7/fix,/novatel/oem7/fix,/novatel/oem7/inspva,39.663,-75.756,-1.800520905,0.001753497,-0.000679743,0.001017967,0.001427758,-0.000679743,,0,
1786043699267940893,1786043699.265606347,/novatel/oem7/odom,/novatel/oem7/fix,/novatel/oem7/odom,39.663,-75.756,-1.800520905,0.001756791,-0.000671183,0.001478368,0.000949074,-0.000671183,,,
1786043699275227412,1786043699.274517021,/novatel/oem7/odom,/novatel/oem7/fix,/novatel/oem7/odom,39.663,-75.756,-1.800520905,0.001756791,-0.000671183,0.001478368,0.000949074,-0.000671183,,,
1786043699286901430,1786043699.286547534,/novatel/oem7/inspva,/novatel/oem7/inspva,/novatel/oem7/inspva,39.663,-75.756,-1.800515980,0.001809103,-0.001099952,-0.000809049,0.001618114,-0.001099952,,novatel_oem7_msgs.msg.InertialSolutionStatus(status=3),
1786043699287506339,1786043699.286700892,/novatel/oem7/fix,/novatel/oem7/fix,/novatel/oem7/inspva,39.663,-75.756,-1.800515980,0.001809103,-0.001099952,-0.000809049,0.001618114,-0.001099952,,0,
1786043699287951731,1786043699.287137810,/novatel/oem7/odom,/novatel/oem7/fix,/novatel/oem7/odom,39.663,-75.756,-1.800515980,0.001811669,-0.001095722,0.001581401,-0.000883920,-0.001095722,,,
1786043699295389319,1786043699.295079371,/novatel/oem7/odom,/novatel/oem7/fix,/novatel/oem7/odom,39.663,-75.756,-1.800515980,0.001811669,-0.001095722,0.001581401,-0.000883920,-0.001095722,,,
1786043699306132692,1786043699.305805861,/novatel/oem7/inspva,/novatel/oem7/inspva,/novatel/oem7/inspva,39.663,-75.756,-1.800498402,0.002769873,-0.000269852,-0.000738966,0.002669480,-0.000269852,,novatel_oem7_msgs.msg.InertialSolutionStatus(status=3),
1786043699306783296,1786043699.305957197,/novatel/oem7/fix,/novatel/oem7/fix,/novatel/oem7/inspva,39.663,-75.756,-1.800498402,0.002769873,-0.000269852,-0.000738966,0.002669480,-0.000269852,,0,
1786043699307253491,1786043699.306370068,/novatel/oem7/odom,/novatel/oem7/fix,/novatel/oem7/odom,39.663,-75.756,-1.800498402,0.002770697,-0.000261253,0.002631482,-0.000867216,-0.000261253,,,
1786043699309832929,1786043699.309351357,/novatel/oem7/bestpos,/novatel/oem7/bestpos,/novatel/oem7/odom,39.663,-75.756,33.181745236,0.002770697,-0.000261253,0.002631482,-0.000867216,-0.000261253,,novatel_oem7_msgs.msg.SolutionStatus(status=0),novatel_oem7_msgs.msg.PositionOrVelocityType(type=53)
1786043699310461375,1786043699.309988303,/novatel/oem7/bestvel,/novatel/oem7/bestpos,/novatel/oem7/bestvel,39.663,-75.756,33.181745236,0.002097375,0.000180157,,,,113.835010448,novatel_oem7_msgs.msg.SolutionStatus(status=0),novatel_oem7_msgs.msg.PositionOrVelocityType(type=53)
1786043699315932451,1786043699.315619354,/novatel/oem7/odom,/novatel/oem7/bestpos,/novatel/oem7/odom,39.663,-75.756,33.181745236,0.002770697,-0.000261253,0.002631482,-0.000867216,-0.000261253,,,
1786043699325830614,1786043699.325501850,/novatel/oem7/inspva,/novatel/oem7/inspva,/novatel/oem7/inspva,39.663,-75.756,-1.800489881,0.001595433,0.000730249,0.000193405,0.001583667,0.000730249,,novatel_oem7_msgs.msg.InertialSolutionStatus(status=3),
1786043699327060056,1786043699.325655655,/novatel/oem7/fix,/novatel/oem7/fix,/novatel/oem7/inspva,39.663,-75.756,-1.800489881,0.001595433,0.000730249,0.000193405,0.001583667,0.000730249,,0,
1786043699328088816,1786043699.326460060,/novatel/oem7/odom,/novatel/oem7/fix,/novatel/oem7/odom,39.663,-75.756,-1.800489881,0.001592232,0.000737204,0.001588126,0.000114265,0.000737204,,,
1786043699335746458,1786043699.335051425,/novatel/oem7/odom,/novatel/oem7/fix,/novatel/oem7/odom,39.663,-75.756,-1.800489881,0.001592232,0.000737204,0.001588126,0.000114265,0.000737204,,,
1786043699346654740,1786043699.346060894,/novatel/oem7/inspva,/novatel/oem7/inspva,/novatel/oem7/inspva,39.663,-75.756,-1.800491411,0.001217157,0.000035569,0.000567829,0.001076587,0.000035569,,novatel_oem7_msgs.msg.InertialSolutionStatus(status=3),
1786043699348056420,1786043699.346221186,/novatel/oem7/fix,/novatel/oem7/fix,/novatel/oem7/inspva,39.663,-75.756,-1.800491411,0.001217157,0.000035569,0.000567829,0.001076587,0.000035569,,0,
1786043699349105845,1786043699.346683231,/novatel/oem7/odom,/novatel/oem7/fix,/novatel/oem7/odom,39.663,-75.756,-1.800491411,0.001216970,0.000041470,0.001102769,0.000514700,0.000041470,,,
1786043699356551092,1786043699.355854872,/novatel/oem7/odom,/novatel/oem7/fix,/novatel/oem7/odom,39.663,-75.756,-1.800491411,0.001216970,0.000041470,0.001102769,0.000514700,0.000041470,,,
1786043699365842404,1786043699.365307845,/novatel/oem7/inspva,/novatel/oem7/inspva,/novatel/oem7/inspva,39.663,-75.756,-1.800499464,0.001167518,-0.001868157,-0.000202919,0.001149749,-0.001868157,,novatel_oem7_msgs.msg.InertialSolutionStatus(status=3),
1786043699367237561,1786043699.365475263,/novatel/oem7/fix,/novatel/oem7/fix,/novatel/oem7/inspva,39.663,-75.756,-1.800499464,0.001167518,-0.001868157,-0.000202919,0.001149749,-0.001868157,,0,
1786043699368272851,1786043699.366075980,/novatel/oem7/odom,/novatel/oem7/fix,/novatel/oem7/odom,39.663,-75.756,-1.800499464,0.001173956,-0.001864119,0.001146196,-0.000253786,-0.001864119,,,
1786043699376196070,1786043699.375510920,/novatel/oem7/odom,/novatel/oem7/fix,/novatel/oem7/odom,39.663,-75.756,-1.800499464,0.001173956,-0.001864119,0.001146196,-0.000253786,-0.001864119,,,
1786043699385634193,1786043699.385038341,/novatel/oem7/inspva,/novatel/oem7/inspva,/novatel/oem7/inspva,39.663,-75.756,-1.800483385,0.001239377,-0.001186929,-0.000601529,0.001083613,-0.001186929,,novatel_oem7_msgs.msg.InertialSolutionStatus(status=3),
1786043699387018104,1786043699.385179899,/novatel/oem7/fix,/novatel/oem7/fix,/novatel/oem7/inspva,39.663,-75.756,-1.800483385,0.001239377,-0.001186929,-0.000601529,0.001083613,-0.001186929,,0,
1786043699388092454,1786043699.385569187,/novatel/oem7/odom,/novatel/oem7/fix,/novatel/oem7/odom,39.663,-75.756,-1.800483385,0.001241932,-0.001184254,0.001057969,-0.000650459,-0.001184254,,,
1786043699395045763,1786043699.394367127,/novatel/oem7/odom,/novatel/oem7/fix,/novatel/oem7/odom,39.663,-75.756,-1.800483385,0.001241932,-0.001184254,0.001057969,-0.000650459,-0.001184254,,,
1786043699406398403,1786043699.405854107,/novatel/oem7/inspva,/novatel/oem7/inspva,/novatel/oem7/inspva,39.663,-75.756,-1.800467407,0.002068299,0.000914957,-0.000279809,0.002049284,0.000914957,,novatel_oem7_msgs.msg.InertialSolutionStatus(status=3),
1786043699407805493,1786043699.406016569,/novatel/oem7/fix,/novatel/oem7/fix,/novatel/oem7/inspva,39.663,-75.756,-1.800467407,0.002068299,0.000914957,-0.000279809,0.002049284,0.000914957,,0,
1786043699408842720,1786043699.406783878,/novatel/oem7/odom,/novatel/oem7/fix,/novatel/oem7/odom,39.663,-75.756,-1.800467407,0.002064984,0.000922413,0.002029432,-0.000381532,0.000922413,,,
1786043699410769476,1786043699.410157746,/novatel/oem7/bestpos,/novatel/oem7/bestpos,/novatel/oem7/odom,39.663,-75.756,33.181764626,0.002064984,0.000922413,0.002029432,-0.000381532,0.000922413,,novatel_oem7_msgs.msg.SolutionStatus(status=0),novatel_oem7_msgs.msg.PositionOrVelocityType(type=53)
1786043699412151010,1786043699.410614538,/novatel/oem7/bestvel,/novatel/oem7/bestpos,/novatel/oem7/bestvel,39.663,-75.756,33.181764626,0.002471757,0.000394963,,,,84.141477962,novatel_oem7_msgs.msg.SolutionStatus(status=0),novatel_oem7_msgs.msg.PositionOrVelocityType(type=53)
1786043699415654921,1786043699.414928427,/novatel/oem7/odom,/novatel/oem7/bestpos,/novatel/oem7/odom,39.663,-75.756,33.181764626,0.002064984,0.000922413,0.002029432,-0.000381532,0.000922413,,,
1786043699425576806,1786043699.424938937,/novatel/oem7/inspva,/novatel/oem7/inspva,/novatel/oem7/inspva,39.663,-75.756,-1.800461135,0.001281917,0.001521001,0.000112673,0.001276956,0.001521001,,novatel_oem7_msgs.msg.InertialSolutionStatus(status=3),
1786043699426896699,1786043699.425084421,/novatel/oem7/fix,/novatel/oem7/fix,/novatel/oem7/inspva,39.663,-75.756,-1.800461135,0.001281917,0.001521001,0.000112673,0.001276956,0.001521001,,0,
1786043699427927229,1786043699.425413169,/novatel/oem7/odom,/novatel/oem7/fix,/novatel/oem7/odom,39.663,-75.756,-1.800461135,0.001275420,0.001526453,0.001274573,0.000046463,0.001526453,,,
1786043699436035627,1786043699.435358656,/novatel/oem7/odom,/novatel/oem7/fix,/novatel/oem7/odom,39.663,-75.756,-1.800461135,0.001275420,0.001526453,0.001274573,0.000046463,0.001526453,,,
1786043699445805900,1786043699.445242388,/novatel/oem7/inspva,/novatel/oem7/inspva,/novatel/oem7/inspva,39.663,-75.756,-1.800479119,0.000084820,-0.002056355,0.000069094,0.000049197,-0.002056355,,novatel_oem7_msgs.msg.InertialSolutionStatus(status=3),
1786043699447195547,1786043699.445384149,/novatel/oem7/fix,/novatel/oem7/fix,/novatel/oem7/inspva,39.663,-75.756,-1.800479119,0.000084820,-0.002056355,0.000069094,0.000049197,-0.002056355,,0,
1786043699448245384,1786043699.446031062,/novatel/oem7/odom,/novatel/oem7/fix,/novatel/oem7/odom,39.663,-75.756,-1.800479119,0.000094278,-0.002055943,0.000061001,0.000071884,-0.002055943,,,
1786043699457049328,1786043699.456375495,/novatel/oem7/odom,/novatel/oem7/fix,/novatel/oem7/odom,39.663,-75.756,-1.800479119,0.000094278,-0.002055943,0.000061001,0.000071884,-0.002055943,,,
1786043699466841655,1786043699.466183902,/novatel/oem7/inspva,/novatel/oem7/inspva,/novatel/oem7/inspva,39.663,-75.756,-1.800460807,0.000881957,-0.001624570,-0.000344697,0.000811808,-0.001624570,,novatel_oem7_msgs.msg.InertialSolutionStatus(status=3),
1786043699468197259,1786043699.466354067,/novatel/oem7/fix,/novatel/oem7/fix,/novatel/oem7/inspva,39.663,-75.756,-1.800460807,0.000881957,-0.001624570,-0.000344697,0.000811808,-0.001624570,,0,
1786043699469222502,1786043699.466733227,/novatel/oem7/odom,/novatel/oem7/fix,/novatel/oem7/odom,39.663,-75.756,-1.800460807,0.000886197,-0.001622261,0.000800777,-0.000379609,-0.001622261,,,
1786043699475272346,1786043699.474606992,/novatel/oem7/odom,/novatel/oem7/fix,/novatel/oem7/odom,39.663,-75.756,-1.800460807,0.000886197,-0.001622261,0.000800777,-0.000379609,-0.001622261,,,
1786043699485779553,1786043699.485161557,/novatel/oem7/inspva,/novatel/oem7/inspva,/novatel/oem7/inspva,39.663,-75.756,-1.800439489,0.001624881,0.000816111,-0.000787927,0.001421060,0.000816111,,novatel_oem7_msgs.msg.InertialSolutionStatus(status=3),
1786043699487138473,1786043699.485361389,/novatel/oem7/fix,/novatel/oem7/fix,/novatel/oem7/inspva,39.663,-75.756,-1.800439489,0.001624881,0.000816111,-0.000787927,0.001421060,0.000816111,,0,
1786043699488157330,1786043699.485769720,/novatel/oem7/odom,/novatel/oem7/fix,/novatel/oem7/odom,39.663,-75.756,-1.800439489,0.001623112,0.000819624,0.001377642,-0.000858250,0.000819624,,,
1786043699496190676,1786043699.495516763,/novatel/oem7/odom,/novatel/oem7/fix,/novatel/oem7/odom,39.663,-75.756,-1.800439489,0.001623112,0.000819624,0.001377642,-0.000858250,0.000819624,,,
1786043699506720494,1786043699.506055594,/novatel/oem7/inspva,/novatel/oem7/inspva,/novatel/oem7/inspva,39.663,-75.756,-1.800437277,0.001932516,0.001002349,-0.000540167,0.001855489,0.001002349,,novatel_oem7_msgs.msg.InertialSolutionStatus(status=3),
1786043699508097898,1786043699.506202825,/novatel/oem7/fix,/novatel/oem7/fix,/novatel/oem7/inspva,39.663,-75.756,-1.800437277,0.001932516,0.001002349,-0.000540167,0.001855489,0.001002349,,0,
1786043699509129075,1786043699.506557829,/novatel/oem7/odom,/novatel/oem7/fix,/novatel/oem7/odom,39.663,-75.756,-1.800437277,0.001929440,0.001008256,0.001822842,-0.000632444,0.001008256,,,
1786043699511908015,1786043699.511261913,/novatel/oem7/bestpos,/novatel/oem7/bestpos,/novatel/oem7/odom,39.663,-75.756,33.181794433,0.001929440,0.001008256,0.001822842,-0.000632444,0.001008256,,novatel_oem7_msgs.msg.SolutionStatus(status=0),novatel_oem7_msgs.msg.PositionOrVelocityType(type=53)
1786043699513301893,1786043699.511666203,/novatel/oem7/bestvel,/novatel/oem7/bestpos,/novatel/oem7/bestvel,39.663,-75.756,33.181794433,0.001682029,0.000589047,,,,77.634827931,novatel_oem7_msgs.msg.SolutionStatus(status=0),novatel_oem7_msgs.msg.PositionOrVelocityType(type=53)
1786043699515349673,1786043699.514399560,/novatel/oem7/odom,/novatel/oem7/bestpos,/novatel/oem7/odom,39.663,-75.756,33.181794433,0.001929440,0.001008256,0.001822842,-0.000632444,0.001008256,,,
1786043699527216937,1786043699.526520704,/novatel/oem7/inspva,/novatel/oem7/inspva,/novatel/oem7/inspva,39.663,-75.756,-1.800442966,0.001391545,-0.000568272,0.001368019,-0.000254802,-0.000568272,,novatel_oem7_msgs.msg.InertialSolutionStatus(status=3),
1786043699528559424,1786043699.526633124,/novatel/oem7/fix,/novatel/oem7/fix,/novatel/oem7/inspva,39.663,-75.756,-1.800442966,0.001391545,-0.000568272,0.001368019,-0.000254802,-0.000568272,,0,
1786043699529594775,1786043699.527052356,/novatel/oem7/odom,/novatel/oem7/fix,/novatel/oem7/odom,39.663,-75.756,-1.800442966,0.001392670,-0.000565512,-0.000185540,0.001380255,-0.000565512,,,
1786043699535892817,1786043699.534861803,/novatel/oem7/odom,/novatel/oem7/fix,/novatel/oem7/odom,39.663,-75.756,-1.800442966,0.001392670,-0.000565512,-0.000185540,0.001380255,-0.000565512,,,
1786043699545519902,1786043699.544971010,/novatel/oem7/inspva,/novatel/oem7/inspva,/novatel/oem7/inspva,39.663,-75.756,-1.800430680,0.000422092,-0.001428312,0.000422032,0.000007112,-0.001428312,,novatel_oem7_msgs.msg.InertialSolutionStatus(status=3),
1786043699546865662,1786043699.545132525,/novatel/oem7/fix,/novatel/oem7/fix,/novatel/oem7/inspva,39.663,-75.756,-1.800430680,0.000422092,-0.001428312,0.000422032,0.000007112,-0.001428312,,0,
1786043699547920349,1786043699.545623897,/novatel/oem7/odom,/novatel/oem7/fix,/novatel/oem7/odom,39.663,-75.756,-1.800430680,0.000426185,-0.001427096,0.000033556,0.000424862,-0.001427096,,,
1786043699556352053,1786043699.555686370,/novatel/oem7/odom,/novatel/oem7/fix,/novatel/oem7/odom,39.663,-75.756,-1.800430680,0.000426185,-0.001427096,0.000033556,0.000424862,-0.001427096,,,
1786043699565807067,1786043699.565254538,/novatel/oem7/inspva,/novatel/oem7/inspva,/novatel/oem7/inspva,39.663,-75.756,-1.800402650,0.002663414,0.000905291,-0.001159328,0.002397860,0.000905291,,novatel_oem7_msgs.msg.InertialSolutionStatus(status=3),
1786043699567141570,1786043699.565406950,/novatel/oem7/fix,/novatel/oem7/fix,/novatel/oem7/inspva,39.663,-75.756,-1.800402650,0.002663414,0.000905291,-0.001159328,0.002397860,0.000905291,,0,
1786043699568324569,1786043699.566106987,/novatel/oem7/odom,/novatel/oem7/fix,/novatel/oem7/odom,39.663,-75.756,-1.800402650,0.002661241,0.000911659,0.002334819,-0.001277037,0.000911659,,,
1786043699575535546,1786043699.574892625,/novatel/oem7/odom,/novatel/oem7/fix,/novatel/oem7/odom,39.663,-75.756,-1.800402650,0.002661241,0.000911659,0.002334819,-0.001277037,0.000911659,,,
1786043699586584600,1786043699.586032287,/novatel/oem7/inspva,/novatel/oem7/inspva,/novatel/oem7/inspva,39.663,-75.756,-1.800394906,0.002362808,0.000900071,-0.000730035,0.002247201,0.000900071,,novatel_oem7_msgs.msg.InertialSolutionStatus(status=3),
1786043699587972810,1786043699.586176956,/novatel/oem7/fix,/novatel/oem7/fix,/novatel/oem7/inspva,39.663,-75.756,-1.800394906,0.002362808,0.000900071,-0.000730035,0.002247201,0.000900071,,0,
1786043699589007570,1786043699.586573390,/novatel/oem7/odom,/novatel/oem7/fix,/novatel/oem7/odom,39.663,-75.756,-1.800394906,0.002360135,0.000907056,0.002205235,-0.000840938,0.000907056,,,
1786043699595232689,1786043699.594557582,/novatel/oem7/odom,/novatel/oem7/fix,/novatel/oem7/odom,39.663,-75.756,-1.800394906,0.002360135,0.000907056,0.002205235,-0.000840938,0.000907056,,,
1786043699606961002,1786043699.606457403,/novatel/oem7/inspva,/novatel/oem7/inspva,/novatel/oem7/inspva,39.663,-75.756,-1.800390510,0.001470944,0.000179949,0.001264888,0.000750823,0.000179949,,novatel_oem7_msgs.msg.InertialSolutionStatus(status=3),
1786043699608318128,1786043699.606623075,/novatel/oem7/fix,/novatel/oem7/fix,/novatel/oem7/inspva,39.663,-75.756,-1.800390510,0.001470944,0.000179949,0.001264888,0.000750823,0.000179949,,0,
1786043699609348426,1786043699.607155130,/novatel/oem7/odom,/novatel/oem7/fix,/novatel/oem7/odom,39.663,-75.756,-1.800390510,0.001470127,0.000186504,0.000810766,0.001226350,0.000186504,,,
1786043699611226187,1786043699.610272005,/novatel/oem7/bestpos,/novatel/oem7/bestpos,/novatel/oem7/odom,39.663,-75.756,33.181840695,0.001470127,0.000186504,0.000810766,0.001226350,0.000186504,,novatel_oem7_msgs.msg.SolutionStatus(status=0),novatel_oem7_msgs.msg.PositionOrVelocityType(type=53)
1786043699612619321,1786043699.610731055,/novatel/oem7/bestvel,/novatel/oem7/bestpos,/novatel/oem7/bestvel,39.663,-75.756,33.181840695,0.001817815,-0.000099386,,,,34.586017420,novatel_oem7_msgs.msg.SolutionStatus(status=0),novatel_oem7_msgs.msg.PositionOrVelocityType(type=53)
1786043699616151036,1786043699.615511823,/novatel/oem7/odom,/novatel/oem7/bestpos,/novatel/oem7/odom,39.663,-75.756,33.181840695,0.001470127,0.000186504,0.000810766,0.001226350,0.000186504,,,
1786043699625717851,1786043699.625179269,/novatel/oem7/inspva,/novatel/oem7/inspva,/novatel/oem7/inspva,39.663,-75.756,-1.800379412,0.001092456,-0.000817592,0.000888483,0.000635656,-0.000817592,,novatel_oem7_msgs.msg.InertialSolutionStatus(status=3),
1786043699627019404,1786043699.625330680,/novatel/oem7/fix,/novatel/oem7/fix,/novatel/oem7/inspva,39.663,-75.756,-1.800379412,0.001092456,-0.000817592,0.000888483,0.000635656,-0.000817592,,0,
1786043699628035741,1786043699.625827412,/novatel/oem7/odom,/novatel/oem7/fix,/novatel/oem7/odom,39.663,-75.756,-1.800379412,0.001096220,-0.000812538,0.000681562,0.000858588,-0.000812538,,,
1786043699635383767,1786043699.634719833,/novatel/oem7/odom,/novatel/oem7/fix,/novatel/oem7/odom,39.663,-75.756,-1.800379412,0.001096220,-0.000812538,0.000681562,0.000858588,-0.000812538,,,
1786043699647189004,1786043699.646663359,/novatel/oem7/inspva,/novatel/oem7/inspva,/novatel/oem7/inspva,39.663,-75.756,-1.800366081,0.001893101,-0.000483639,-0.000947776,0.001638766,-0.000483639,,novatel_oem7_msgs.msg.InertialSolutionStatus(status=3),
1786043699648547714,1786043699.646867567,/novatel/oem7/fix,/novatel/oem7/fix,/novatel/oem7/inspva,39.663,-75.756,-1.800366081,0.001893101,-0.000483639,-0.000947776,0.001638766,-0.000483639,,0,
1786043699649581854,1786043699.647279668,/novatel/oem7/odom,/novatel/oem7/fix,/novatel/oem7/odom,39.663,-75.756,-1.800366081,0.001894099,-0.000479718,0.001592663,-0.001025200,-0.000479718,,,
1786043699656600524,1786043699.655956104,/novatel/oem7/odom,/novatel/oem7/fix,/novatel/oem7/odom,39.663,-75.756,-1.800366081,0.001894099,-0.000479718,0.001592663,-0.001025200,-0.000479718,,,
1786043699666875036,1786043699.666319780,/novatel/oem7/inspva,/novatel/oem7/inspva,/novatel/oem7/inspva,39.663,-75.756,-1.800355073,0.002309901,0.000478037,-0.000659391,0.002213785,0.000478037,,novatel_oem7_msgs.msg.InertialSolutionStatus(status=3),
1786043699668157712,1786043699.666517919,/novatel/oem7/fix,/novatel/oem7/fix,/novatel/oem7/inspva,39.663,-75.756,-1.800355073,0.002309901,0.000478037,-0.000659391,0.002213785,0.000478037,,0,
1786043699669177049,1786043699.666804588,/novatel/oem7/odom,/novatel/oem7/fix,/novatel/oem7/odom,39.663,-75.756,-1.800355073,0.002308438,0.000485053,0.002177044,-0.000767701,0.000485053,,,
1786043699676278242,1786043699.675646616,/novatel/oem7/odom,/novatel/oem7/fix,/novatel/oem7/odom,39.663,-75.756,-1.800355073,0.002308438,0.000485053,0.002177044,-0.000767701,0.000485053,,,
1786043699686053322,1786043699.685551284,/novatel/oem7/inspva,/novatel/oem7/inspva,/novatel/oem7/inspva,39.663,-75.756,-1.800352087,0.001289380,0.000395212,0.000857764,0.000962675,0.000395212,,novatel_oem7_msgs.msg.InertialSolutionStatus(status=3),
1786043699687368299,1786043699.685710406,/novatel/oem7/fix,/novatel/oem7/fix,/novatel/oem7/inspva,39.663,-75.756,-1.800352087,0.001289380,0.000395212,0.000857764,0.000962675,0.000395212,,0,
1786043699688385362,1786043699.686638278,/novatel/oem7/odom,/novatel/oem7/fix,/novatel/oem7/odom,39.663,-75.756,-1.800352087,0.001287431,0.000401517,0.001001644,0.000808818,0.000401517,,,
1786043699695628494,1786043699.694857780,/novatel/oem7/odom,/novatel/oem7/fix,/novatel/oem7/odom,39.663,-75.756,-1.800352087,0.001287431,0.000401517,0.001001644,0.000808818,0.000401517,,,
1786043699706309593,1786043699.705717591,/novatel/oem7/inspva,/novatel/oem7/inspva,/novatel/oem7/inspva,39.663,-75.756,-1.800347581,0.001408308,-0.000736041,0.000921844,0.001064676,-0.000736041,,novatel_oem7_msgs.msg.InertialSolutionStatus(status=3),
1786043699707676187,1786043699.705876689,/novatel/oem7/fix,/novatel/oem7/fix,/novatel/oem7/inspva,39.663,-75.756,-1.800347581,0.001408308,-0.000736041,0.000921844,0.001064676,-0.000736041,,0,
1786043699708717757,1786043699.706477625,/novatel/oem7/odom,/novatel/oem7/fix,/novatel/oem7/odom,39.663,-75.756,-1.800347581,0.001411868,-0.000729191,0.001111359,0.000870777,-0.000729191,,,
1786043699710139615,1786043699.709247952,/novatel/oem7/bestpos,/novatel/oem7/bestpos,/novatel/oem7/odom,39.663,-75.756,33.181892801,0.001411868,-0.000729191,0.001111359,0.000870777,-0.000729191,,novatel_oem7_msgs.msg.SolutionStatus(status=0),novatel_oem7_msgs.msg.PositionOrVelocityType(type=53)
1786043699711526042,1786043699.709647136,/novatel/oem7/bestvel,/novatel/oem7/bestpos,/novatel/oem7/bestvel,39.663,-75.756,33.181892801,0.001231882,-0.000596146,,,,50.805840881,novatel_oem7_msgs.msg.SolutionStatus(status=0),novatel_oem7_msgs.msg.PositionOrVelocityType(type=53)
1786043699716088754,1786043699.715382780,/novatel/oem7/odom,/novatel/oem7/bestpos,/novatel/oem7/odom,39.663,-75.756,33.181892801,0.001411868,-0.000729191,0.001111359,0.000870777,-0.000729191,,,
1786043699725945925,1786043699.725335179,/novatel/oem7/inspva,/novatel/oem7/inspva,/novatel/oem7/inspva,39.663,-75.756,-1.800342322,0.001620936,-0.000627302,-0.000414876,0.001566943,-0.000627302,,novatel_oem7_msgs.msg.InertialSolutionStatus(status=3),
1786043699727318832,1786043699.725498197,/novatel/oem7/fix,/novatel/oem7/fix,/novatel/oem7/inspva,39.663,-75.756,-1.800342322,0.001620936,-0.000627302,-0.000414876,0.001566943,-0.000627302,,0,
1786043699728345972,1786043699.726132414,/novatel/oem7/odom,/novatel/oem7/fix,/novatel/oem7/odom,39.663,-75.756,-1.800342322,0.001622903,-0.000622195,0.001547449,-0.000489097,-0.000622195,,,
1786043699735914921,1786043699.735173723,/novatel/oem7/odom,/novatel/oem7/fix,/novatel/oem7/odom,39.663,-75.756,-1.800342322,0.001622903,-0.000622195,0.001547449,-0.000489097,-0.000622195,,,
1786043699746128185,1786043699.745511589,/novatel/oem7/inspva,/novatel/oem7/inspva,/novatel/oem7/inspva,39.663,-75.756,-1.800327459,0.001840084,-0.000357199,-0.000674304,0.001712081,-0.000357199,,novatel_oem7_msgs.msg.InertialSolutionStatus(status=3),
1786043699747528196,1786043699.745672981,/novatel/oem7/fix,/novatel/oem7/fix,/novatel/oem7/inspva,39.663,-75.756,-1.800327459,0.001840084,-0.000357199,-0.000674304,0.001712081,-0.000357199,,0,
1786043699748575569,1786043699.746130505,/novatel/oem7/odom,/novatel/oem7/fix,/novatel/oem7/odom,39.663,-75.756,-1.800327459,0.001841043,-0.000352219,0.001678666,-0.000755990,-0.000352219,,,
1786043699756375517,1786043699.755672033,/novatel/oem7/odom,/novatel/oem7/fix,/novatel/oem7/odom,39.663,-75.756,-1.800327459,0.001841043,-0.000352219,0.001678666,-0.000755990,-0.000352219,,,
1786043699765836381,1786043699.765285462,/novatel/oem7/inspva,/novatel/oem7/inspva,/novatel/oem7/inspva,39.663,-75.756,-1.800303181,0.001585388,0.001744931,0.001156600,0.001084312,0.001744931,,novatel_oem7_msgs.msg.InertialSolutionStatus(status=3),
1786043699767187484,1786043699.765487697,/novatel/oem7/fix,/novatel/oem7/fix,/novatel/oem7/inspva,39.663,-75.756,-1.800303181,0.001585388,0.001744931,0.001156600,0.001084312,0.001744931,,0,
1786043699768273165,1786043699.766047609,/novatel/oem7/odom,/novatel/oem7/fix,/novatel/oem7/odom,39.663,-75.756,-1.800303181,0.001576965,0.001752547,0.001132073,0.001097829,0.001752547,,,
1786043699776270414,1786043699.775633608,/novatel/oem7/odom,/novatel/oem7/fix,/novatel/oem7/odom,39.663,-75.756,-1.800303181,0.001576965,0.001752547,0.001132073,0.001097829,0.001752547,,,
1786043699785721435,1786043699.785218986,/novatel/oem7/inspva,/novatel/oem7/inspva,/novatel/oem7/inspva,39.663,-75.756,-1.800301328,0.001624019,0.000293406,0.001255777,0.001029786,0.000293406,,novatel_oem7_msgs.msg.InertialSolutionStatus(status=3),
1786043699787024551,1786043699.785387884,/novatel/oem7/fix,/novatel/oem7/fix,/novatel/oem7/inspva,39.663,-75.756,-1.800301328,0.001624019,0.000293406,0.001255777,0.001029786,0.000293406,,0,
1786043699788109645,1786043699.785835832,/novatel/oem7/odom,/novatel/oem7/fix,/novatel/oem7/odom,39.663,-75.756,-1.800301328,0.001622614,0.000301078,0.001088523,0.001203326,0.000301078,,,
1786043699795166788,1786043699.794468518,/novatel/oem7/odom,/novatel/oem7/fix,/novatel/oem7/odom,39.663,-75.756,-1.800301328,0.001622614,0.000301078,0.001088523,0.001203326,0.000301078,,,
1786043699807019846,1786043699.806509964,/novatel/oem7/inspva,/novatel/oem7/inspva,/novatel/oem7/inspva,39.663,-75.756,-1.800303407,0.001294736,-0.001198908,0.000595492,0.001149665,-0.001198908,,novatel_oem7_msgs.msg.InertialSolutionStatus(status=3),
1786043699808388715,1786043699.806671772,/novatel/oem7/fix,/novatel/oem7/fix,/novatel/oem7/inspva,39.663,-75.756,-1.800303407,0.001294736,-0.001198908,0.000595492,0.001149665,-0.001198908,,0,
1786043699809443416,1786043699.807204301,/novatel/oem7/odom,/novatel/oem7/fix,/novatel/oem7/odom,39.663,-75.756,-1.800303407,0.001300532,-0.001192619,0.001182263,0.000541883,-0.001192619,,,
1786043699810968688,1786043699.810233308,/novatel/oem7/bestpos,/novatel/oem7/bestpos,/novatel/oem7/odom,39.663,-75.756,33.181932880,0.001300532,-0.001192619,0.001182263,0.000541883,-0.001192619,,novatel_oem7_msgs.msg.SolutionStatus(status=0),novatel_oem7_msgs.msg.PositionOrVelocityType(type=53)
1786043699812445889,1786043699.810697312,/novatel/oem7/bestvel,/novatel/oem7/bestpos,/novatel/oem7/bestvel,39.663,-75.756,33.181932880,0.000809835,-0.000877693,,,,30.497675086,novatel_oem7_msgs.msg.SolutionStatus(status=0),novatel_oem7_msgs.msg.PositionOrVelocityType(type=53)
1786043699815855446,1786043699.815129606,/novatel/oem7/odom,/novatel/oem7/bestpos,/novatel/oem7/odom,39.663,-75.756,33.181932880,0.001300532,-0.001192619,0.001182263,0.000541883,-0.001192619,,,
1786043699825589806,1786043699.824979924,/novatel/oem7/inspva,/novatel/oem7/inspva,/novatel/oem7/inspva,39.663,-75.756,-1.800285977,0.001831918,-0.000718562,-0.000163981,0.001824564,-0.000718562,,novatel_oem7_msgs.msg.InertialSolutionStatus(status=3),
1786043699826947896,1786043699.825143182,/novatel/oem7/fix,/novatel/oem7/fix,/novatel/oem7/inspva,39.663,-75.756,-1.800285977,0.001831918,-0.000718562,-0.000163981,0.001824564,-0.000718562,,0,
1786043699828044224,1786043699.825569740,/novatel/oem7/odom,/novatel/oem7/fix,/novatel/oem7/odom,39.663,-75.756,-1.800285977,0.001834597,-0.000711695,0.001817366,-0.000250847,-0.000711695,,,
1786043699836159051,1786043699.835407827,/novatel/oem7/odom,/novatel/oem7/fix,/novatel/oem7/odom,39.663,-75.756,-1.800285977,0.001834597,-0.000711695,0.001817366,-0.000250847,-0.000711695,,,
1786043699845769466,1786043699.845135077,/novatel/oem7/inspva,/novatel/oem7/inspva,/novatel/oem7/inspva,39.663,-75.756,-1.800255449,0.001745982,0.001909005,0.000349657,0.001710612,0.001909005,,novatel_oem7_msgs.msg.InertialSolutionStatus(status=3),
1786043699847198407,1786043699.845305799,/novatel/oem7/fix,/novatel/oem7/fix,/novatel/oem7/inspva,39.663,-75.756,-1.800255449,0.001745982,0.001909005,0.000349657,0.001710612,0.001909005,,0,
1786043699848260818,1786043699.845889087,/novatel/oem7/odom,/novatel/oem7/fix,/novatel/oem7/odom,39.663,-75.756,-1.800255449,0.001737315,0.001916896,0.001717621,0.000260848,0.001916896,,,
1786043699857097425,1786043699.856388052,/novatel/oem7/odom,/novatel/oem7/fix,/novatel/oem7/odom,39.663,-75.756,-1.800255449,0.001737315,0.001916896,0.001717621,0.000260848,0.001916896,,,
1786043699866617430,1786043699.865964130,/novatel/oem7/inspva,/novatel/oem7/inspva,/novatel/oem7/inspva,39.663,-75.756,-1.800250302,0.001662126,0.001129655,0.000589796,0.001553964,0.001129655,,novatel_oem7_msgs.msg.InertialSolutionStatus(status=3),
1786043699867978680,1786043699.866126368,/novatel/oem7/fix,/novatel/oem7/fix,/novatel/oem7/inspva,39.663,-75.756,-1.800250302,0.001662126,0.001129655,0.000589796,0.001553964,0.001129655,,0,
1786043699868997907,1786043699.866623073,/novatel/oem7/odom,/novatel/oem7/fix,/novatel/oem7/odom,39.663,-75.756,-1.800250302,0.001656714,0.001137577,0.001576147,0.000510353,0.001137577,,,
1786043699875164732,1786043699.874463521,/novatel/oem7/odom,/novatel/oem7/fix,/novatel/oem7/odom,39.663,-75.756,-1.800250302,0.001656714,0.001137577,0.001576147,0.000510353,0.001137577,,,
1786043699885814900,1786043699.885219824,/novatel/oem7/inspva,/novatel/oem7/inspva,/novatel/oem7/inspva,39.663,-75.756,-1.800263402,0.001689722,-0.001936446,0.001172846,0.001216386,-0.001936446,,novatel_oem7_msgs.msg.InertialSolutionStatus(status=3),
1786043699887172374,1786043699.885381196,/novatel/oem7/fix,/novatel/oem7/fix,/novatel/oem7/inspva,39.663,-75.756,-1.800263402,0.001689722,-0.001936446,0.001172846,0.001216386,-0.001936446,,0,
1786043699888194841,1786043699.885965869,/novatel/oem7/odom,/novatel/oem7/fix,/novatel/oem7/odom,39.663,-75.756,-1.800263402,0.001699076,-0.001928245,0.001280146,0.001117177,-0.001928245,,,
1786043699895835600,1786043699.895105309,/novatel/oem7/odom,/novatel/oem7/fix,/novatel/oem7/odom,39.663,-75.756,-1.800263402,0.001699076,-0.001928245,0.001280146,0.001117177,-0.001928245,,,
1786043699906412425,1786043699.905785875,/novatel/oem7/inspva,/novatel/oem7/inspva,/novatel/oem7/inspva,39.663,-75.756,-1.800243835,0.000935379,-0.001096083,0.000281789,0.000891924,-0.001096083,,novatel_oem7_msgs.msg.InertialSolutionStatus(status=3),
1786043699907807698,1786043699.905957933,/novatel/oem7/fix,/novatel/oem7/fix,/novatel/oem7/inspva,39.663,-75.756,-1.800243835,0.000935379,-0.001096083,0.000281789,0.000891924,-0.001096083,,0,
1786043699908822868,1786043699.906445285,/novatel/oem7/odom,/novatel/oem7/fix,/novatel/oem7/odom,39.663,-75.756,-1.800243835,0.000940489,-0.001091701,0.000909135,0.000240818,-0.001091701,,,
1786043699911552642,1786043699.910956003,/novatel/oem7/bestpos,/novatel/oem7/bestpos,/novatel/oem7/odom,39.663,-75.756,33.181991440,0.000940489,-0.001091701,0.000909135,0.000240818,-0.001091701,,novatel_oem7_msgs.msg.SolutionStatus(status=0),novatel_oem7_msgs.msg.PositionOrVelocityType(type=53)
1786043699912913229,1786043699.911319693,/novatel/oem7/bestvel,/novatel/oem7/bestpos,/novatel/oem7/bestvel,39.663,-75.756,33.181991440,0.000519114,-0.000073117,,,,214.295815473,novatel_oem7_msgs.msg.SolutionStatus(status=0),novatel_oem7_msgs.msg.PositionOrVelocityType(type=53)
1786043699915121314,1786043699.914427281,/novatel/oem7/odom,/novatel/oem7/bestpos,/novatel/oem7/odom,39.663,-75.756,33.181991440,0.000940489,-0.001091701,0.000909135,0.000240818,-0.001091701,,,
1786043699927123250,1786043699.926497337,/novatel/oem7/inspva,/novatel/oem7/inspva,/novatel/oem7/inspva,39.663,-75.756,-1.800218189,0.003067732,0.001363133,-0.000392777,0.003042483,0.001363133,,novatel_oem7_msgs.msg.InertialSolutionStatus(status=3),
1786043699928519731,1786043699.926661255,/novatel/oem7/fix,/novatel/oem7/fix,/novatel/oem7/inspva,39.663,-75.756,-1.800218189,0.003067732,0.001363133,-0.000392777,0.003042483,0.001363133,,0,
1786043699929535207,1786043699.927127970,/novatel/oem7/odom,/novatel/oem7/fix,/novatel/oem7/odom,39.663,-75.756,-1.800218189,0.003062760,0.001374267,0.003014003,-0.000544323,0.001374267,,,
1786043699935693105,1786043699.934973578,/novatel/oem7/odom,/novatel/oem7/fix,/novatel/oem7/odom,39.663,-75.756,-1.800218189,0.003062760,0.001374267,0.003014003,-0.000544323,0.001374267,,,
1786043699945610076,1786043699.944994450,/novatel/oem7/inspva,/novatel/oem7/inspva,/novatel/oem7/inspva,39.663,-75.756,-1.800208228,0.001535121,0.001433165,-0.000157351,0.001527035,0.001433165,,novatel_oem7_msgs.msg.InertialSolutionStatus(status=3),
1786043699946952154,1786043699.945150349,/novatel/oem7/fix,/novatel/oem7/fix,/novatel/oem7/inspva,39.663,-75.756,-1.800208228,0.001535121,0.001433165,-0.000157351,0.001527035,0.001433165,,0,
1786043699947975787,1786043699.945557506,/novatel/oem7/odom,/novatel/oem7/fix,/novatel/oem7/odom,39.663,-75.756,-1.800208228,0.001529733,0.001438914,0.001511510,-0.000235416,0.001438914,,,
1786043699956614112,1786043699.955889842,/novatel/oem7/odom,/novatel/oem7/fix,/novatel/oem7/odom,39.663,-75.756,-1.800208228,0.001529733,0.001438914,0.001511510,-0.000235416,0.001438914,,,
1786043699965946222,1786043699.965330282,/novatel/oem7/inspva,/novatel/oem7/inspva,/novatel/oem7/inspva,39.663,-75.756,-1.800225142,0.001485595,-0.001735315,0.001195283,0.000882207,-0.001735315,,novatel_oem7_msgs.msg.InertialSolutionStatus(status=3),
1786043699967321516,1786043699.965508618,/novatel/oem7/fix,/novatel/oem7/fix,/novatel/oem7/inspva,39.663,-75.756,-1.800225142,0.001485595,-0.001735315,0.001195283,0.000882207,-0.001735315,,0,
1786043699968349349,1786043699.966047373,/novatel/oem7/odom,/novatel/oem7/fix,/novatel/oem7/odom,39.663,-75.756,-1.800225142,0.001493630,-0.001728403,0.000946660,0.001155321,-0.001728403,,,
1786043699975440659,1786043699.974793386,/novatel/oem7/odom,/novatel/oem7/fix,/novatel/oem7/odom,39.663,-75.756,-1.800225142,0.001493630,-0.001728403,0.000946660,0.001155321,-0.001728403,,,
1786043699986594123,1786043699.986053347,/novatel/oem7/inspva,/novatel/oem7/inspva,/novatel/oem7/inspva,39.663,-75.756,-1.800204663,0.000935417,-0.001122142,0.000190307,0.000915853,-0.001122142,,novatel_oem7_msgs.msg.InertialSolutionStatus(status=3),
1786043699987949633,1786043699.986216133,/novatel/oem7/fix,/novatel/oem7/fix,/novatel/oem7/inspva,39.663,-75.756,-1.800204663,0.000935417,-0.001122142,0.000190307,0.000915853,-0.001122142,,0,
1786043699989005810,1786043699.986697711,/novatel/oem7/odom,/novatel/oem7/fix,/novatel/oem7/odom,39.663,-75.756,-1.800204663,0.000940483,-0.001117899,0.000928712,0.000148328,-0.001117899,,,
1786043699995066627,1786043699.994405907,/novatel/oem7/odom,/novatel/oem7/fix,/novatel/oem7/odom,39.663,-75.756,-1.800204663,0.000940483,-0.001117899,0.000928712,0.000148328,-0.001117899,,,
1786043700008933675,1786043700.008438770,/novatel/oem7/inspva,/novatel/oem7/inspva,/novatel/oem7/inspva,39.663,-75.756,-1.800177053,0.002323111,0.001045759,-0.000741996,0.002201429,0.001045759,,novatel_oem7_msgs.msg.InertialSolutionStatus(status=3),
1786043700010220217,1786043700.008585811,/novatel/oem7/fix,/novatel/oem7/fix,/novatel/oem7/inspva,39.663,-75.756,-1.800177053,0.002323111,0.001045759,-0.000741996,0.002201429,0.001045759,,0,
1786043700012186794,1786043700.011155000,/novatel/oem7/odom,/novatel/oem7/fix,/novatel/oem7/odom,39.663,-75.756,-1.800177053,0.002320023,0.001052593,0.002158206,-0.000851264,0.001052593,,,
1786043700017460159,1786043700.016842087,/novatel/oem7/odom,/novatel/oem7/fix,/novatel/oem7/odom,39.663,-75.756,-1.800177053,0.002320023,0.001052593,0.002158206,-0.000851264,0.001052593,,,
1786043700027057431,1786043700.026489782,/novatel/oem7/bestpos,/novatel/oem7/bestpos,/novatel/oem7/odom,39.663,-75.756,33.182039613,0.002320023,0.001052593,0.002158206,-0.000851264,0.001052593,,novatel_oem7_msgs.msg.SolutionStatus(status=0),novatel_oem7_msgs.msg.PositionOrVelocityType(type=53)
1786043700028493809,1786043700.027082778,/novatel/oem7/bestvel,/novatel/oem7/bestpos,/novatel/oem7/bestvel,39.663,-75.756,33.182039613,0.002558261,0.001105651,,,,112.676760770,novatel_oem7_msgs.msg.SolutionStatus(status=0),novatel_oem7_msgs.msg.PositionOrVelocityType(type=53)
1786043700029397037,1786043700.027489022,/novatel/oem7/inspva,/novatel/oem7/inspva,/novatel/oem7/inspva,39.663,-75.756,-1.800166587,0.002150323,0.000824159,-0.000701860,0.002032556,0.000824159,,novatel_oem7_msgs.msg.InertialSolutionStatus(status=3),
1786043700030255340,1786043700.027690791,/novatel/oem7/fix,/novatel/oem7/fix,/novatel/oem7/inspva,39.663,-75.756,-1.800166587,0.002150323,0.000824159,-0.000701860,0.002032556,0.000824159,,0,
1786043700031765538,1786043700.028174552,/novatel/oem7/odom,/novatel/oem7/fix,/novatel/oem7/odom,39.663,-75.756,-1.800166587,0.002147929,0.000830378,0.001992440,-0.000802361,0.000830378,,,
1786043700035452584,1786043700.034819398,/novatel/oem7/odom,/novatel/oem7/fix,/novatel/oem7/odom,39.663,-75.756,-1.800166587,0.002147929,0.000830378,0.001992440,-0.000802361,0.000830378,,,
1786043700047290452,1786043700.046805674,/novatel/oem7/inspva,/novatel/oem7/inspva,/novatel/oem7/inspva,39.663,-75.756,-1.800167168,0.001647720,0.000080446,0.001193551,0.001135965,0.000080446,,novatel_oem7_msgs.msg.InertialSolutionStatus(status=3),
1786043700048646589,1786043700.046965249,/novatel/oem7/fix,/novatel/oem7/fix,/novatel/oem7/inspva,39.663,-75.756,-1.800167168,0.001647720,0.000080446,0.001193551,0.001135965,0.000080446,,0,
1786043700049732143,1786043700.047381033,/novatel/oem7/odom,/novatel/oem7/fix,/novatel/oem7/odom,39.663,-75.756,-1.800167168,0.001647312,0.000088398,0.001192500,0.001136478,0.000088398,,,
1786043700058589847,1786043700.056479036,/novatel/oem7/odom,/novatel/oem7/fix,/novatel/oem7/odom,39.663,-75.756,-1.800167168,0.001647312,0.000088398,0.001192500,0.001136478,0.000088398,,,
1786043700065679574,1786043700.065123649,/novatel/oem7/inspva,/novatel/oem7/inspva,/novatel/oem7/inspva,39.663,-75.756,-1.800169202,0.001124207,-0.000846254,0.000868863,0.000713385,-0.000846254,,novatel_oem7_msgs.msg.InertialSolutionStatus(status=3),
1786043700067013098,1786043700.065283634,/novatel/oem7/fix,/novatel/oem7/fix,/novatel/oem7/inspva,39.663,-75.756,-1.800169202,0.001124207,-0.000846254,0.000868863,0.000713385,-0.000846254,,0,
1786043700068078298,1786043700.065813033,/novatel/oem7/odom,/novatel/oem7/fix,/novatel/oem7/odom,39.663,-75.756,-1.800169202,0.001128199,-0.000840925,0.000758445,0.000835221,-0.000840925,,,
1786043700076339477,1786043700.075692677,/novatel/oem7/odom,/novatel/oem7/fix,/novatel/oem7/odom,39.663,-75.756,-1.800169202,0.001128199,-0.000840925,0.000758445,0.000835221,-0.000840925,,,
1786043700085901588,1786043700.085367010,/novatel/oem7/inspva,/novatel/oem7/inspva,/novatel/oem7/inspva,39.663,-75.756,-1.800158700,0.002508331,-0.000127175,-0.001077846,0.002264944,-0.000127175,,novatel_oem7_msgs.msg.InertialSolutionStatus(status=3),
1786043700087192335,1786043700.085543498,/novatel/oem7/fix,/novatel/oem7/fix,/novatel/oem7/inspva,39.663,-75.756,-1.800158700,0.002508331,-0.000127175,-0.001077846,0.002264944,-0.000127175,,0,
1786043700088286689,1786043700.086138877,/novatel/oem7/odom,/novatel/oem7/fix,/novatel/oem7/odom,39.663,-75.756,-1.800158700,0.002508631,-0.000121105,0.002210165,-0.001186760,-0.000121105,,,
1786043700095574888,1786043700.094880234,/novatel/oem7/odom,/novatel/oem7/fix,/novatel/oem7/odom,39.663,-75.756,-1.800158700,0.002508631,-0.000121105,0.002210165,-0.001186760,-0.000121105,,,
1786043700106460906,1786043700.105935347,/novatel/oem7/inspva,/novatel/oem7/inspva,/novatel/oem7/inspva,39.663,-75.756,-1.800152875,0.002069192,0.000397802,-0.001022421,0.001798947,0.000397802,,novatel_oem7_msgs.msg.InertialSolutionStatus(status=3),
1786043700107770009,1786043700.106103148,/novatel/oem7/fix,/novatel/oem7/fix,/novatel/oem7/inspva,39.663,-75.756,-1.800152875,0.002069192,0.000397802,-0.001022421,0.001798947,0.000397802,,0,
1786043700108844766,1786043700.106395528,/novatel/oem7/odom,/novatel/oem7/fix,/novatel/oem7/odom,39.663,-75.756,-1.800152875,0.002068343,0.000402192,0.001745255,-0.001110013,0.000402192,,,
1786043700110286797,1786043700.109096178,/novatel/oem7/bestpos,/novatel/oem7/bestpos,/novatel/oem7/odom,39.663,-75.756,33.182084378,0.002068343,0.000402192,0.001745255,-0.001110013,0.000402192,,novatel_oem7_msgs.msg.SolutionStatus(status=0),novatel_oem7_msgs.msg.PositionOrVelocityType(type=53)
1786043700111229856,1786043700.109623280,/novatel/oem7/bestvel,/novatel/oem7/bestpos,/novatel/oem7/bestvel,39.663,-75.756,33.182084378,0.002302629,0.000610109,,,,127.705098433,novatel_oem7_msgs.msg.SolutionStatus(status=0),novatel_oem7_msgs.msg.PositionOrVelocityType(type=53)
1786043700115283550,1786043700.114624463,/novatel/oem7/odom,/novatel/oem7/bestpos,/novatel/oem7/odom,39.663,-75.756,33.182084378,0.002068343,0.000402192,0.001745255,-0.001110013,0.000402192,,,
1786043700125840444,1786043700.125280992,/novatel/oem7/inspva,/novatel/oem7/inspva,/novatel/oem7/inspva,39.663,-75.756,-1.800146836,0.002003805,0.000988124,0.000775279,0.001847749,0.000988124,,novatel_oem7_msgs.msg.InertialSolutionStatus(status=3),
1786043700127172127,1786043700.125472484,/novatel/oem7/fix,/novatel/oem7/fix,/novatel/oem7/inspva,39.663,-75.756,-1.800146836,0.002003805,0.000988124,0.000775279,0.001847749,0.000988124,,0,
1786043700128254642,1786043700.126087017,/novatel/oem7/odom,/novatel/oem7/fix,/novatel/oem7/odom,39.663,-75.756,-1.800146836,0.001999032,0.000997745,0.001879237,0.000681615,0.000997745,,,
1786043700136254414,1786043700.135605661,/novatel/oem7/odom,/novatel/oem7/fix,/novatel/oem7/odom,39.663,-75.756,-1.800146836,0.001999032,0.000997745,0.001879237,0.000681615,0.000997745,,,
1786043700145656431,1786043700.145116769,/novatel/oem7/inspva,/novatel/oem7/inspva,/novatel/oem7/inspva,39.663,-75.756,-1.800140250,0.001476616,0.000962781,0.000595987,0.001350997,0.000962781,,novatel_oem7_msgs.msg.InertialSolutionStatus(status=3),
1786043700146977328,1786043700.145278434,/novatel/oem7/fix,/novatel/oem7/fix,/novatel/oem7/inspva,39.663,-75.756,-1.800140250,0.001476616,0.000962781,0.000595987,0.001350997,0.000962781,,0,
1786043700148032004,1786043700.145832549,/novatel/oem7/odom,/novatel/oem7/fix,/novatel/oem7/odom,39.663,-75.756,-1.800140250,0.001471935,0.000969923,0.001374426,0.000526827,0.000969923,,,
1786043700156310630,1786043700.155662830,/novatel/oem7/odom,/novatel/oem7/fix,/novatel/oem7/odom,39.663,-75.756,-1.800140250,0.001471935,0.000969923,0.001374426,0.000526827,0.000969923,,,
1786043700167112057,1786043700.166611095,/novatel/oem7/inspva,/novatel/oem7/inspva,/novatel/oem7/inspva,39.663,-75.756,-1.800134029,0.002393104,-0.000702647,-0.001269956,0.002028339,-0.000702647,,novatel_oem7_msgs.msg.InertialSolutionStatus(status=3),
1786043700168432644,1786043700.166782480,/novatel/oem7/fix,/novatel/oem7/fix,/novatel/oem7/inspva,39.663,-75.756,-1.800134029,0.002393104,-0.000702647,-0.001269956,0.002028339,-0.000702647,,0,
1786043700169532018,1786043700.167224932,/novatel/oem7/odom,/novatel/oem7/fix,/novatel/oem7/odom,39.663,-75.756,-1.800134029,0.002394451,-0.000698046,0.001966846,-0.001365617,-0.000698046,,,
1786043700175224568,1786043700.174598105,/novatel/oem7/odom,/novatel/oem7/fix,/novatel/oem7/odom,39.663,-75.756,-1.800134029,0.002394451,-0.000698046,0.001966846,-0.001365617,-0.000698046,,,
1786043700185702248,1786043700.185160033,/novatel/oem7/inspva,/novatel/oem7/inspva,/novatel/oem7/inspva,39.663,-75.756,-1.800113992,0.002489152,0.000129277,-0.001291446,0.002127921,0.000129277,,novatel_oem7_msgs.msg.InertialSolutionStatus(status=3),
1786043700187006091,1786043700.185325944,/novatel/oem7/fix,/novatel/oem7/fix,/novatel/oem7/inspva,39.663,-75.756,-1.800113992,0.002489152,0.000129277,-0.001291446,0.002127921,0.000129277,,0,
1786043700188088118,1786043700.185652474,/novatel/oem7/odom,/novatel/oem7/fix,/novatel/oem7/odom,39.663,-75.756,-1.800113992,0.002488890,0.000134232,0.002061804,-0.001394109,0.000134232,,,
1786043700196259176,1786043700.195626293,/novatel/oem7/odom,/novatel/oem7/fix,/novatel/oem7/odom,39.663,-75.756,-1.800113992,0.002488890,0.000134232,0.002061804,-0.001394109,0.000134232,,,
1786043700207094334,1786043700.206604422,/novatel/oem7/inspva,/novatel/oem7/inspva,/novatel/oem7/inspva,39.663,-75.756,-1.800097970,0.002690686,0.001581521,-0.000300412,0.002673863,0.001581521,,novatel_oem7_msgs.msg.InertialSolutionStatus(status=3),
1786043700208615645,1786043700.206761924,/novatel/oem7/fix,/novatel/oem7/fix,/novatel/oem7/inspva,39.663,-75.756,-1.800097970,0.002690686,0.001581521,-0.000300412,0.002673863,0.001581521,,0,
1786043700209701846,1786043700.207382047,/novatel/oem7/odom,/novatel/oem7/fix,/novatel/oem7/odom,39.663,-75.756,-1.800097970,0.002684784,0.001591520,0.002649358,-0.000434701,0.001591520,,,
1786043700211174187,1786043700.210332886,/novatel/oem7/bestpos,/novatel/oem7/bestpos,/novatel/oem7/odom,39.663,-75.756,33.182117551,0.002684784,0.001591520,0.002649358,-0.000434701,0.001591520,,novatel_oem7_msgs.msg.SolutionStatus(status=0),novatel_oem7_msgs.msg.PositionOrVelocityType(type=53)
1786043700212649609,1786043700.210799407,/novatel/oem7/bestvel,/novatel/oem7/bestpos,/novatel/oem7/bestvel,39.663,-75.756,33.182117551,0.003617653,0.000850578,,,,88.055437094,novatel_oem7_msgs.msg.SolutionStatus(status=0),novatel_oem7_msgs.msg.PositionOrVelocityType(type=53)
1786043700215859907,1786043700.215163244,/novatel/oem7/odom,/novatel/oem7/bestpos,/novatel/oem7/odom,39.663,-75.756,33.182117551,0.002684784,0.001591520,0.002649358,-0.000434701,0.001591520,,,
1786043700226761735,1786043700.226185306,/novatel/oem7/inspva,/novatel/oem7/inspva,/novatel/oem7/inspva,39.663,-75.756,-1.800088258,0.002157546,0.001592523,-0.000213446,0.002146962,0.001592523,,novatel_oem7_msgs.msg.InertialSolutionStatus(status=3),
1786043700228066808,1786043700.226338075,/novatel/oem7/fix,/novatel/oem7/fix,/novatel/oem7/inspva,39.663,-75.756,-1.800088258,0.002157546,0.001592523,-0.000213446,0.002146962,0.001592523,,0,
1786043700229117902,1786043700.226836486,/novatel/oem7/odom,/novatel/oem7/fix,/novatel/oem7/odom,39.663,-75.756,-1.800088258,0.002151542,0.001600625,0.002127285,-0.000322166,0.001600625,,,
1786043700235143698,1786043700.234491632,/novatel/oem7/odom,/novatel/oem7/fix,/novatel/oem7/odom,39.663,-75.756,-1.800088258,0.002151542,0.001600625,0.002127285,-0.000322166,0.001600625,,,
1786043700245913845,1786043700.245336553,/novatel/oem7/inspva,/novatel/oem7/inspva,/novatel/oem7/inspva,39.663,-75.756,-1.800088565,0.001811505,-0.000993734,-0.000920224,0.001560365,-0.000993734,,novatel_oem7_msgs.msg.InertialSolutionStatus(status=3),
1786043700247263302,1786043700.245513081,/novatel/oem7/fix,/novatel/oem7/fix,/novatel/oem7/inspva,39.663,-75.756,-1.800088565,0.001811505,-0.000993734,-0.000920224,0.001560365,-0.000993734,,0,
1786043700248339886,1786043700.246172021,/novatel/oem7/odom,/novatel/oem7/fix,/novatel/oem7/odom,39.663,-75.756,-1.800088565,0.001813551,-0.000989996,0.001517743,-0.000992685,-0.000989996,,,
1786043700256871098,1786043700.256170137,/novatel/oem7/odom,/novatel/oem7/fix,/novatel/oem7/odom,39.663,-75.756,-1.800088565,0.001813551,-0.000989996,0.001517743,-0.000992685,-0.000989996,,,
1786043700265630564,1786043700.265095679,/novatel/oem7/inspva,/novatel/oem7/inspva,/novatel/oem7/inspva,39.663,-75.756,-1.800070729,0.002186637,-0.000710362,-0.001333760,0.001732763,-0.000710362,,novatel_oem7_msgs.msg.InertialSolutionStatus(status=3),
1786043700267017334,1786043700.265273504,/novatel/oem7/fix,/novatel/oem7/fix,/novatel/oem7/inspva,39.663,-75.756,-1.800070729,0.002186637,-0.000710362,-0.001333760,0.001732763,-0.000710362,,0,
1786043700268106675,1786043700.265679535,/novatel/oem7/odom,/novatel/oem7/fix,/novatel/oem7/odom,39.663,-75.756,-1.800070729,0.002187687,-0.000707123,0.001668552,-0.001414888,-0.000707123,,,
1786043700275245580,1786043700.274563279,/novatel/oem7/odom,/novatel/oem7/fix,/novatel/oem7/odom,39.663,-75.756,-1.800070729,0.002187687,-0.000707123,0.001668552,-0.001414888,-0.000707123,,,
1786043700287075813,1786043700.286554352,/novatel/oem7/inspva,/novatel/oem7/inspva,/novatel/oem7/inspva,39.663,-75.756,-1.800043459,0.003106747,0.002210889,-0.001026655,0.002932210,0.002210889,,novatel_oem7_msgs.msg.InertialSolutionStatus(status=3),
1786043700288474734,1786043700.286712640,/novatel/oem7/fix,/novatel/oem7/fix,/novatel/oem7/inspva,39.663,-75.756,-1.800043459,0.003106747,0.002210889,-0.001026655,0.002932210,0.002210889,,0,
1786043700289605986,1786043700.287094280,/novatel/oem7/odom,/novatel/oem7/fix,/novatel/oem7/odom,39.663,-75.756,-1.800043459,0.003100388,0.002219798,0.002869351,-0.001174406,0.002219798,,,
1786043700295593628,1786043700.294876181,/novatel/oem7/odom,/novatel/oem7/fix,/novatel/oem7/odom,39.663,-75.756,-1.800043459,0.003100388,0.002219798,0.002869351,-0.001174406,0.002219798,,,
1786043700306266568,1786043700.305756173,/novatel/oem7/inspva,/novatel/oem7/inspva,/novatel/oem7/inspva,39.663,-75.756,-1.800037281,0.002286916,0.002143416,-0.000602704,0.002206068,0.002143416,,novatel_oem7_msgs.msg.InertialSolutionStatus(status=3),
1786043700307647648,1786043700.305909887,/novatel/oem7/fix,/novatel/oem7/fix,/novatel/oem7/inspva,39.663,-75.756,-1.800037281,0.002286916,0.002143416,-0.000602704,0.002206068,0.002143416,,0,
1786043700308736688,1786043700.306447916,/novatel/oem7/odom,/novatel/oem7/fix,/novatel/oem7/odom,39.663,-75.756,-1.800037281,0.002280131,0.002150633,0.002165014,-0.000715341,0.002150633,,,
1786043700310188107,1786043700.309416735,/novatel/oem7/bestpos,/novatel/oem7/bestpos,/novatel/oem7/odom,39.663,-75.756,33.182174577,0.002280131,0.002150633,0.002165014,-0.000715341,0.002150633,,novatel_oem7_msgs.msg.SolutionStatus(status=0),novatel_oem7_msgs.msg.PositionOrVelocityType(type=53)
1786043700311698438,1786043700.310276254,/novatel/oem7/bestvel,/novatel/oem7/bestpos,/novatel/oem7/bestvel,39.663,-75.756,33.182174577,0.003215989,0.001221488,,,,88.397692310,novatel_oem7_msgs.msg.SolutionStatus(status=0),novatel_oem7_msgs.msg.PositionOrVelocityType(type=53)
1786043700316174642,1786043700.315515299,/novatel/oem7/odom,/novatel/oem7/bestpos,/novatel/oem7/odom,39.663,-75.756,33.182174577,0.002280131,0.002150633,0.002165014,-0.000715341,0.002150633,,,
1786043700325874385,1786043700.325346890,/novatel/oem7/inspva,/novatel/oem7/inspva,/novatel/oem7/inspva,39.663,-75.756,-1.800032656,0.001007220,-0.000365015,-0.000607041,0.000803737,-0.000365015,,novatel_oem7_msgs.msg.InertialSolutionStatus(status=3),
1786043700327197501,1786043700.325507435,/novatel/oem7/fix,/novatel/oem7/fix,/novatel/oem7/inspva,39.663,-75.756,-1.800032656,0.001007220,-0.000365015,-0.000607041,0.000803737,-0.000365015,,0,
1786043700328279219,1786043700.326027750,/novatel/oem7/odom,/novatel/oem7/fix,/novatel/oem7/odom,39.663,-75.756,-1.800032656,0.001007778,-0.000363471,0.000774664,-0.000644602,-0.000363471,,,
1786043700335484744,1786043700.334811301,/novatel/oem7/odom,/novatel/oem7/fix,/novatel/oem7/odom,39.663,-75.756,-1.800032656,0.001007778,-0.000363471,0.000774664,-0.000644602,-0.000363471,,,
1786043700346633174,1786043700.346040695,/novatel/oem7/inspva,/novatel/oem7/inspva,/novatel/oem7/inspva,39.663,-75.756,-1.800022997,0.001993785,-0.001202126,-0.000796533,0.001827761,-0.001202126,,novatel_oem7_msgs.msg.InertialSolutionStatus(status=3),
1786043700348031152,1786043700.346233137,/novatel/oem7/fix,/novatel/oem7/fix,/novatel/oem7/inspva,39.663,-75.756,-1.800022997,0.001993785,-0.001202126,-0.000796533,0.001827761,-0.001202126,,0,
1786043700349112546,1786043700.346627354,/novatel/oem7/odom,/novatel/oem7/fix,/novatel/oem7/odom,39.663,-75.756,-1.800022997,0.001996853,-0.001197022,0.001791680,-0.000881649,-0.001197022,,,
1786043700356579427,1786043700.355865023,/novatel/oem7/odom,/novatel/oem7/fix,/novatel/oem7/odom,39.663,-75.756,-1.800022997,0.001996853,-0.001197022,0.001791680,-0.000881649,-0.001197022,,,
1786043700365840252,1786043700.365275983,/novatel/oem7/inspva,/novatel/oem7/inspva,/novatel/oem7/inspva,39.663,-75.756,-1.799989033,0.003427517,0.001947139,-0.002188067,0.002638226,0.001947139,,novatel_oem7_msgs.msg.InertialSolutionStatus(status=3),
1786043700367201415,1786043700.365466861,/novatel/oem7/fix,/novatel/oem7/fix,/novatel/oem7/inspva,39.663,-75.756,-1.799989033,0.003427517,0.001947139,-0.002188067,0.002638226,0.001947139,,0,
1786043700368310613,1786043700.365956926,/novatel/oem7/odom,/novatel/oem7/fix,/novatel/oem7/odom,39.663,-75.756,-1.799989033,0.003425020,0.001951529,0.002520135,-0.002319414,0.001951529,,,
1786043700376176567,1786043700.375513068,/novatel/oem7/odom,/novatel/oem7/fix,/novatel/oem7/odom,39.663,-75.756,-1.799989033,0.003425020,0.001951529,0.002520135,-0.002319414,0.001951529,,,
1786043700385509030,1786043700.384955714,/novatel/oem7/inspva,/novatel/oem7/inspva,/novatel/oem7/inspva,39.663,-75.756,-1.799975999,0.003005875,0.002486389,-0.001142640,0.002780226,0.002486389,,novatel_oem7_msgs.msg.InertialSolutionStatus(status=3),
1786043700386893914,1786043700.385108476,/novatel/oem7/fix,/novatel/oem7/fix,/novatel/oem7/inspva,39.663,-75.756,-1.799975999,0.003005875,0.002486389,-0.001142640,0.002780226,0.002486389,,0,
1786043700388006591,1786043700.385551237,/novatel/oem7/odom,/novatel/oem7/fix,/novatel/oem7/odom,39.663,-75.756,-1.799975999,0.002999281,0.002494339,0.002710733,-0.001283592,0.002494339,,,
1786043700395102939,1786043700.394415385,/novatel/oem7/odom,/novatel/oem7/fix,/novatel/oem7/odom,39.663,-75.756,-1.799975999,0.002999281,0.002494339,0.002710733,-0.001283592,0.002494339,,,
1786043700407102221,1786043700.406581683,/novatel/oem7/inspva,/novatel/oem7/inspva,/novatel/oem7/inspva,39.663,-75.756,-1.799972210,0.000266657,-0.000032804,0.000066344,0.000258272,-0.000032804,,novatel_oem7_msgs.msg.InertialSolutionStatus(status=3),
1786043700408512345,1786043700.406740337,/novatel/oem7/fix,/novatel/oem7/fix,/novatel/oem7/inspva,39.663,-75.756,-1.799972210,0.000266657,-0.000032804,0.000066344,0.000258272,-0.000032804,,0,
1786043700409582709,1786043700.407083214,/novatel/oem7/odom,/novatel/oem7/fix,/novatel/oem7/odom,39.663,-75.756,-1.799972210,0.000266806,-0.000031567,0.000261338,0.000053741,-0.000031567,,,
1786043700411071023,1786043700.410254732,/novatel/oem7/bestpos,/novatel/oem7/bestpos,/novatel/oem7/odom,39.663,-75.756,33.182248984,0.000266806,-0.000031567,0.000261338,0.000053741,-0.000031567,,novatel_oem7_msgs.msg.SolutionStatus(status=0),novatel_oem7_msgs.msg.PositionOrVelocityType(type=53)
1786043700412535582,1786043700.410855561,/novatel/oem7/bestvel,/novatel/oem7/bestpos,/novatel/oem7/bestvel,39.663,-75.756,33.182248984,0.001909881,-0.000099619,,,,122.328196684,novatel_oem7_msgs.msg.SolutionStatus(status=0),novatel_oem7_msgs.msg.PositionOrVelocityType(type=53)
1786043700415713419,1786043700.415002842,/novatel/oem7/odom,/novatel/oem7/bestpos,/novatel/oem7/odom,39.663,-75.756,33.182248984,0.000266806,-0.000031567,0.000261338,0.000053741,-0.000031567,,,
1786043700425407069,1786043700.424897184,/novatel/oem7/inspva,/novatel/oem7/inspva,/novatel/oem7/inspva,39.663,-75.756,-1.799955319,0.001627809,-0.000669142,0.000127676,0.001622794,-0.000669142,,novatel_oem7_msgs.msg.InertialSolutionStatus(status=3),
1786043700426870054,1786043700.425052366,/novatel/oem7/fix,/novatel/oem7/fix,/novatel/oem7/inspva,39.663,-75.756,-1.799955319,0.001627809,-0.000669142,0.000127676,0.001622794,-0.000669142,,0,
1786043700427990068,1786043700.425585871,/novatel/oem7/odom,/novatel/oem7/fix,/novatel/oem7/odom,39.663,-75.756,-1.799955319,0.001630625,-0.000662251,0.001629856,0.000050056,-0.000662251,,,
1786043700436134252,1786043700.435481765,/novatel/oem7/odom,/novatel/oem7/fix,/novatel/oem7/odom,39.663,-75.756,-1.799955319,0.001630625,-0.000662251,0.001629856,0.000050056,-0.000662251,,,
1786043700445849255,1786043700.445297080,/novatel/oem7/inspva,/novatel/oem7/inspva,/novatel/oem7/inspva,39.663,-75.756,-1.799933527,0.004870319,0.000500941,-0.002767726,0.004007456,0.000500941,,novatel_oem7_msgs.msg.InertialSolutionStatus(status=3),
1786043700447215049,1786043700.445485828,/novatel/oem7/fix,/novatel/oem7/fix,/novatel/oem7/inspva,39.663,-75.756,-1.799933527,0.004870319,0.000500941,-0.002767726,0.004007456,0.000500941,,0,
1786043700448372443,1786043700.446122105,/novatel/oem7/odom,/novatel/oem7/fix,/novatel/oem7/odom,39.663,-75.756,-1.799933527,0.004869459,0.000509233,0.003865435,-0.002961426,0.000509233,,,
1786043700456916552,1786043700.456208758,/novatel/oem7/odom,/novatel/oem7/fix,/novatel/oem7/odom,39.663,-75.756,-1.799933527,0.004869459,0.000509233,0.003865435,-0.002961426,0.000509233,,,
1786043700466706562,1786043700.466135816,/novatel/oem7/inspva,/novatel/oem7/inspva,/novatel/oem7/inspva,39.663,-75.756,-1.799911814,0.003448429,0.001408879,-0.002066247,0.002760849,0.001408879,,novatel_oem7_msgs.msg.InertialSolutionStatus(status=3),
1786043700468058422,1786043700.466318908,/novatel/oem7/fix,/novatel/oem7/fix,/novatel/oem7/inspva,39.663,-75.756,-1.799911814,0.003448429,0.001408879,-0.002066247,0.002760849,0.001408879,,0,
1786043700469168320,1786043700.466668929,/novatel/oem7/odom,/novatel/oem7/fix,/novatel/oem7/odom,39.663,-75.756,-1.799911814,0.003446270,0.001414154,0.002650769,-0.002202317,0.001414154,,,
1786043700475010631,1786043700.474364881,/novatel/oem7/odom,/novatel/oem7/fix,/novatel/oem7/odom,39.663,-75.756,-1.799911814,0.003446270,0.001414154,0.002650769,-0.002202317,0.001414154,,,
1786043700485764668,1786043700.485232149,/novatel/oem7/inspva,/novatel/oem7/inspva,/novatel/oem7/inspva,39.663,-75.756,-1.799891293,0.001405716,0.001654414,0.000555784,0.001291179,0.001654414,,novatel_oem7_msgs.msg.InertialSolutionStatus(status=3),
1786043700487082984,1786043700.485380340,/novatel/oem7/fix,/novatel/oem7/fix,/novatel/oem7/inspva,39.663,-75.756,-1.799891293,0.001405716,0.001654414,0.000555784,0.001291179,0.001654414,,0,
1786043700488132318,1786043700.485874975,/novatel/oem7/odom,/novatel/oem7/fix,/novatel/oem7/odom,39.663,-75.756,-1.799891293,0.001397690,0.001661201,0.001309834,0.000487721,0.001661201,,,
1786043700496156471,1786043700.495514268,/novatel/oem7/odom,/novatel/oem7/fix,/novatel/oem7/odom,39.663,-75.756,-1.799891293,0.001397690,0.001661201,0.001309834,0.000487721,0.001661201,,,
1786043700506595281,1786043700.506025009,/novatel/oem7/inspva,/novatel/oem7/inspva,/novatel/oem7/inspva,39.663,-75.756,-1.799876807,0.001513032,0.000139706,0.000112754,0.001508825,0.000139706,,novatel_oem7_msgs.msg.InertialSolutionStatus(status=3),
1786043700507948248,1786043700.506204484,/novatel/oem7/fix,/novatel/oem7/fix,/novatel/oem7/inspva,39.663,-75.756,-1.799876807,0.001513032,0.000139706,0.000112754,0.001508825,0.000139706,,0,
1786043700509027399,1786043700.506661398,/novatel/oem7/odom,/novatel/oem7/fix,/novatel/oem7/odom,39.663,-75.756,-1.799876807,0.001512421,0.000146171,0.001511930,0.000038570,0.000146171,,,
1786043700511959311,1786043700.511351265,/novatel/oem7/bestpos,/novatel/oem7/bestpos,/novatel/oem7/odom,39.663,-75.756,33.182332705,0.001512421,0.000146171,0.001511930,0.000038570,0.000146171,,novatel_oem7_msgs.msg.SolutionStatus(status=0),novatel_oem7_msgs.msg.PositionOrVelocityType(type=53)
1786043700513402375,1786043700.511733915,/novatel/oem7/bestvel,/novatel/oem7/bestpos,/novatel/oem7/bestvel,39.663,-75.756,33.182332705,0.003008165,-0.000387870,,,,95.649259361,novatel_oem7_msgs.msg.SolutionStatus(status=0),novatel_oem7_msgs.msg.PositionOrVelocityType(type=53)
1786043700515395435,1786043700.514515613,/novatel/oem7/odom,/novatel/oem7/bestpos,/novatel/oem7/odom,39.663,-75.756,33.182332705,0.001512421,0.000146171,0.001511930,0.000038570,0.000146171,,,
1786043700527056484,1786043700.526544716,/novatel/oem7/inspva,/novatel/oem7/inspva,/novatel/oem7/inspva,39.663,-75.756,-1.799863961,0.003066218,-0.000526810,-0.001524051,0.002660632,-0.000526810,,novatel_oem7_msgs.msg.InertialSolutionStatus(status=3),
1786043700528375747,1786043700.526698014,/novatel/oem7/fix,/novatel/oem7/fix,/novatel/oem7/inspva,39.663,-75.756,-1.799863961,0.003066218,-0.000526810,-0.001524051,0.002660632,-0.000526810,,0,
1786043700529519305,1786043700.527106264,/novatel/oem7/odom,/novatel/oem7/fix,/novatel/oem7/odom,39.663,-75.756,-1.799863961,0.003067321,-0.000520352,0.002585245,-0.001650747,-0.000520352,,,
1786043700535626286,1786043700.534910285,/novatel/oem7/odom,/novatel/oem7/fix,/novatel/oem7/odom,39.663,-75.756,-1.799863961,0.003067321,-0.000520352,0.002585245,-0.001650747,-0.000520352,,,
1786043700545519117,1786043700.544948335,/novatel/oem7/inspva,/novatel/oem7/inspva,/novatel/oem7/inspva,39.663,-75.756,-1.799842917,0.003783921,0.000260865,-0.001951055,0.003242136,0.000260865,,novatel_oem7_msgs.msg.InertialSolutionStatus(status=3),
1786043700546889191,1786043700.545124140,/novatel/oem7/fix,/novatel/oem7/fix,/novatel/oem7/inspva,39.663,-75.756,-1.799842917,0.003783921,0.000260865,-0.001951055,0.003242136,0.000260865,,0,
1786043700548009562,1786043700.545573038,/novatel/oem7/odom,/novatel/oem7/fix,/novatel/oem7/odom,39.663,-75.756,-1.799842917,0.003783393,0.000268420,0.003141910,-0.002107715,0.000268420,,,
1786043700556316641,1786043700.555651201,/novatel/oem7/odom,/novatel/oem7/fix,/novatel/oem7/odom,39.663,-75.756,-1.799842917,0.003783393,0.000268420,0.003141910,-0.002107715,0.000268420,,,
1786043700565866493,1786043700.565277410,/novatel/oem7/inspva,/novatel/oem7/inspva,/novatel/oem7/inspva,39.663,-75.756,-1.799808024,0.001985610,0.002609145,-0.000554140,0.001906719,0.002609145,,novatel_oem7_msgs.msg.InertialSolutionStatus(status=3),
1786043700567219132,1786043700.565483982,/novatel/oem7/fix,/novatel/oem7/fix,/novatel/oem7/inspva,39.663,-75.756,-1.799808024,0.001985610,0.002609145,-0.000554140,0.001906719,0.002609145,,0,
1786043700568329993,1786043700.566102405,/novatel/oem7/odom,/novatel/oem7/fix,/novatel/oem7/odom,39.663,-75.756,-1.799808024,0.001977434,0.002615347,0.001866345,-0.000653453,0.002615347,,,
1786043700575368843,1786043700.574723544,/novatel/oem7/odom,/novatel/oem7/fix,/novatel/oem7/odom,39.663,-75.756,-1.799808024,0.001977434,0.002615347,0.001866345,-0.000653453,0.002615347,,,
1786043700586815163,1786043700.586243245,/novatel/oem7/inspva,/novatel/oem7/inspva,/novatel/oem7/inspva,39.663,-75.756,-1.799797672,0.002079091,0.001404334,-0.000562096,0.002001667,0.001404334,,novatel_oem7_msgs.msg.InertialSolutionStatus(status=3),
1786043700588175150,1786043700.586446740,/novatel/oem7/fix,/novatel/oem7/fix,/novatel/oem7/inspva,39.663,-75.756,-1.799797672,0.002079091,0.001404334,-0.000562096,0.002001667,0.001404334,,0,
1786043700589312351,1786043700.586991648,/novatel/oem7/odom,/novatel/oem7/fix,/novatel/oem7/odom,39.663,-75.756,-1.799797672,0.002074656,0.001410878,0.001965921,-0.000662836,0.001410878,,,
1786043700595620281,1786043700.594902811,/novatel/oem7/odom,/novatel/oem7/fix,/novatel/oem7/odom,39.663,-75.756,-1.799797672,0.002074656,0.001410878,0.001965921,-0.000662836,0.001410878,,,
1786043700606849432,1786043700.606316990,/novatel/oem7/inspva,/novatel/oem7/inspva,/novatel/oem7/inspva,39.663,-75.756,-1.799796956,0.002334821,-0.001173821,-0.000810118,0.002189771,-0.001173821,,novatel_oem7_msgs.msg.InertialSolutionStatus(status=3),
1786043700608659230,1786043700.606506929,/novatel/oem7/fix,/novatel/oem7/fix,/novatel/oem7/inspva,39.663,-75.756,-1.799796956,0.002334821,-0.001173821,-0.000810118,0.002189771,-0.001173821,,0,
1786043700610259743,1786043700.608468415,/novatel/oem7/odom,/novatel/oem7/fix,/novatel/oem7/odom,39.663,-75.756,-1.799796956,0.002338115,-0.001167246,0.002152498,-0.000912981,-0.001167246,,,
1786043700611813521,1786043700.610287659,/novatel/oem7/bestpos,/novatel/oem7/bestpos,/novatel/oem7/odom,39.663,-75.756,33.182422739,0.002338115,-0.001167246,0.002152498,-0.000912981,-0.001167246,,novatel_oem7_msgs.msg.SolutionStatus(status=0),novatel_oem7_msgs.msg.PositionOrVelocityType(type=53)
1786043700612796981,1786043700.610644080,/novatel/oem7/bestvel,/novatel/oem7/bestpos,/novatel/oem7/bestvel,39.663,-75.756,33.182422739,0.001942972,-0.000682731,,,,125.234605571,novatel_oem7_msgs.msg.SolutionStatus(status=0),novatel_oem7_msgs.msg.PositionOrVelocityType(type=53)
1786043700616304919,1786043700.615640382,/novatel/oem7/odom,/novatel/oem7/bestpos,/novatel/oem7/odom,39.663,-75.756,33.182422739,0.002338115,-0.001167246,0.002152498,-0.000912981,-0.001167246,,,
1786043700625927431,1786043700.625324132,/novatel/oem7/inspva,/novatel/oem7/inspva,/novatel/oem7/inspva,39.663,-75.756,-1.799774807,0.002477302,-0.000219095,-0.001485786,0.001982288,-0.000219095,,novatel_oem7_msgs.msg.InertialSolutionStatus(status=3),
1786043700627314525,1786043700.625531887,/novatel/oem7/fix,/novatel/oem7/fix,/novatel/oem7/inspva,39.663,-75.756,-1.799774807,0.002477302,-0.000219095,-0.001485786,0.001982288,-0.000219095,,0,
1786043700628412896,1786043700.625894781,/novatel/oem7/odom,/novatel/oem7/fix,/novatel/oem7/odom,39.663,-75.756,-1.799774807,0.002477636,-0.000215282,0.001908282,-0.001580235,-0.000215282,,,
1786043700635228007,1786043700.634566437,/novatel/oem7/odom,/novatel/oem7/fix,/novatel/oem7/odom,39.663,-75.756,-1.799774807,0.002477636,-0.000215282,0.001908282,-0.001580235,-0.000215282,,,
1786043700647267266,1786043700.646678537,/novatel/oem7/inspva,/novatel/oem7/inspva,/novatel/oem7/inspva,39.663,-75.756,-1.799741209,0.003413582,0.002208144,-0.001310239,0.003152113,0.002208144,,novatel_oem7_msgs.msg.InertialSolutionStatus(status=3),
1786043700648767981,1786043700.646814793,/novatel/oem7/fix,/novatel/oem7/fix,/novatel/oem7/inspva,39.663,-75.756,-1.799741209,0.003413582,0.002208144,-0.001310239,0.003152113,0.002208144,,0,
1786043700649857042,1786043700.647256403,/novatel/oem7/odom,/novatel/oem7/fix,/novatel/oem7/odom,39.663,-75.756,-1.799741209,0.003407707,0.002217200,0.003075080,-0.001468452,0.002217200,,,
1786043700657004516,1786043700.656269879,/novatel/oem7/odom,/novatel/oem7/fix,/novatel/oem7/odom,39.663,-75.756,-1.799741209,0.003407707,0.002217200,0.003075080,-0.001468452,0.002217200,,,
1786043700665786047,1786043700.665190681,/novatel/oem7/inspva,/novatel/oem7/inspva,/novatel/oem7/inspva,39.663,-75.756,-1.799727038,0.002215749,0.002003195,-0.000987880,0.001983340,0.002003195,,novatel_oem7_msgs.msg.InertialSolutionStatus(status=3),
1786043700667171617,1786043700.665361409,/novatel/oem7/fix,/novatel/oem7/fix,/novatel/oem7/inspva,39.663,-75.756,-1.799727038,0.002215749,0.002003195,-0.000987880,0.001983340,0.002003195,,0,
1786043700668303545,1786043700.665761930,/novatel/oem7/odom,/novatel/oem7/fix,/novatel/oem7/odom,39.663,-75.756,-1.799727038,0.002210917,0.002008527,0.001924244,-0.001088777,0.002008527,,,
1786043700676623154,1786043700.675598244,/novatel/oem7/odom,/novatel/oem7/fix,/novatel/oem7/odom,39.663,-75.756,-1.799727038,0.002210917,0.002008527,0.001924244,-0.001088777,0.002008527,,,
1786043700686141329,1786043700.685542731,/novatel/oem7/inspva,/novatel/oem7/inspva,/novatel/oem7/inspva,39.663,-75.756,-1.799733059,0.001474266,-0.000747631,-0.000115902,0.001469703,-0.000747631,,novatel_oem7_msgs.msg.InertialSolutionStatus(status=3),
1786043700687702441,1786043700.685625005,/novatel/oem7/fix,/novatel/oem7/fix,/novatel/oem7/inspva,39.663,-75.756,-1.799733059,0.001474266,-0.000747631,-0.000115902,0.001469703,-0.000747631,,0,
1786043700688880099,1786043700.686235054,/novatel/oem7/odom,/novatel/oem7/fix,/novatel/oem7/odom,39.663,-75.756,-1.799733059,0.001477109,-0.000741998,0.001465404,-0.000185586,-0.000741998,,,
1786043700695501478,1786043700.694770367,/novatel/oem7/odom,/novatel/oem7/fix,/novatel/oem7/odom,39.663,-75.756,-1.799733059,0.001477109,-0.000741998,0.001465404,-0.000185586,-0.000741998,,,
1786043700706354749,1786043700.705810181,/novatel/oem7/inspva,/novatel/oem7/inspva,/novatel/oem7/inspva,39.663,-75.756,-1.799711250,0.002598260,-0.000575440,-0.001148370,0.002330709,-0.000575440,,novatel_oem7_msgs.msg.InertialSolutionStatus(status=3),
1786043700707831664,1786043700.705968348,/novatel/oem7/fix,/novatel/oem7/fix,/novatel/oem7/inspva,39.663,-75.756,-1.799711250,0.002598260,-0.000575440,-0.001148370,0.002330709,-0.000575440,,0,
1786043700708955352,1786043700.706375965,/novatel/oem7/odom,/novatel/oem7/fix,/novatel/oem7/odom,39.663,-75.756,-1.799711250,0.002599639,-0.000569177,0.002274247,-0.001259336,-0.000569177,,,
1786043700710957395,1786043700.709626322,/novatel/oem7/bestpos,/novatel/oem7/bestpos,/novatel/oem7/odom,39.663,-75.756,33.182502721,0.002599639,-0.000569177,0.002274247,-0.001259336,-0.000569177,,novatel_oem7_msgs.msg.SolutionStatus(status=0),novatel_oem7_msgs.msg.PositionOrVelocityType(type=53)
1786043700712554664,1786043700.710261641,/novatel/oem7/bestvel,/novatel/oem7/bestpos,/novatel/oem7/bestvel,39.663,-75.756,33.182502721,0.003032076,-0.000503397,,,,120.263517386,novatel_oem7_msgs.msg.SolutionStatus(status=0),novatel_oem7_msgs.msg.PositionOrVelocityType(type=53)
1786043700715614481,1786043700.714894891,/novatel/oem7/odom,/novatel/oem7/bestpos,/novatel/oem7/odom,39.663,-75.756,33.182502721,0.002599639,-0.000569177,0.002274247,-0.001259336,-0.000569177,,,
1786043700725997021,1786043700.725372905,/novatel/oem7/inspva,/novatel/oem7/inspva,/novatel/oem7/inspva,39.663,-75.756,-1.799673847,0.003225170,0.002205465,-0.001826326,0.002658243,0.002205465,,novatel_oem7_msgs.msg.InertialSolutionStatus(status=3),
1786043700727500529,1786043700.725572710,/novatel/oem7/fix,/novatel/oem7/fix,/novatel/oem7/inspva,39.663,-75.756,-1.799673847,0.003225170,0.002205465,-0.001826326,0.002658243,0.002205465,,0,
1786043700728680557,1786043700.726144668,/novatel/oem7/odom,/novatel/oem7/fix,/novatel/oem7/odom,39.663,-75.756,-1.799673847,0.003221249,0.002211189,0.002556534,-0.001959739,0.002211189,,,
1786043700736160798,1786043700.735465745,/novatel/oem7/odom,/novatel/oem7/fix,/novatel/oem7/odom,39.663,-75.756,-1.799673847,0.003221249,0.002211189,0.002556534,-0.001959739,0.002211189,,,
1786043700745810737,1786043700.745135203,/novatel/oem7/inspva,/novatel/oem7/inspva,/novatel/oem7/inspva,39.663,-75.756,-1.799665818,0.003476590,0.001471516,-0.001644052,0.003063294,0.001471516,,novatel_oem7_msgs.msg.InertialSolutionStatus(status=3),
1786043700747210554,1786043700.745226858,/novatel/oem7/fix,/novatel/oem7/fix,/novatel/oem7/inspva,39.663,-75.756,-1.799665818,0.003476590,0.001471516,-0.001644052,0.003063294,0.001471516,,0,
1786043700748460650,1786043700.745814747,/novatel/oem7/odom,/novatel/oem7/fix,/novatel/oem7/odom,39.663,-75.756,-1.799665818,0.003473268,0.001479340,0.002973147,-0.001795548,0.001479340,,,
1786043700756526950,1786043700.755762996,/novatel/oem7/odom,/novatel/oem7/fix,/novatel/oem7/odom,39.663,-75.756,-1.799665818,0.003473268,0.001479340,0.002973147,-0.001795548,0.001479340,,,
1786043700767007264,1786043700.766413082,/novatel/oem7/inspva,/novatel/oem7/inspva,/novatel/oem7/inspva,39.663,-75.756,-1.799657571,0.001691058,0.000658273,0.000344271,0.001655643,0.000658273,,novatel_oem7_msgs.msg.InertialSolutionStatus(status=3),
1786043700768442675,1786043700.766510308,/novatel/oem7/fix,/novatel/oem7/fix,/novatel/oem7/inspva,39.663,-75.756,-1.799657571,0.001691058,0.000658273,0.000344271,0.001655643,0.000658273,,0,
1786043700769585839,1786043700.766954620,/novatel/oem7/odom,/novatel/oem7/fix,/novatel/oem7/odom,39.663,-75.756,-1.799657571,0.001688021,0.000666023,0.001667678,0.000261271,0.000666023,,,
1786043700776046133,1786043700.775384851,/novatel/oem7/odom,/novatel/oem7/fix,/novatel/oem7/odom,39.663,-75.756,-1.799657571,0.001688021,0.000666023,0.001667678,0.000261271,0.000666023,,,
1786043700785450850,1786043700.784930485,/novatel/oem7/inspva,/novatel/oem7/inspva,/novatel/oem7/inspva,39.663,-75.756,-1.799641960,0.001718279,0.000009571,-0.000404509,0.001669986,0.000009571,,novatel_oem7_msgs.msg.InertialSolutionStatus(status=3),
1786043700786826504,1786043700.785002732,/novatel/oem7/fix,/novatel/oem7/fix,/novatel/oem7/inspva,39.663,-75.756,-1.799641960,0.001718279,0.000009571,-0.000404509,0.001669986,0.000009571,,0,
1786043700787898525,1786043700.785460724,/novatel/oem7/odom,/novatel/oem7/fix,/novatel/oem7/odom,39.663,-75.756,-1.799641960,0.001718238,0.000015255,0.001648189,-0.000485608,0.000015255,,,
1786043700796019828,1786043700.795344429,/novatel/oem7/odom,/novatel/oem7/fix,/novatel/oem7/odom,39.663,-75.756,-1.799641960,0.001718238,0.000015255,0.001648189,-0.000485608,0.000015255,,,
1786043700807164079,1786043700.806648757,/novatel/oem7/inspva,/novatel/oem7/inspva,/novatel/oem7/inspva,39.663,-75.756,-1.799605494,0.003924386,0.001839579,-0.002110377,0.003308642,0.001839579,,novatel_oem7_msgs.msg.InertialSolutionStatus(status=3),
1786043700808577433,1786043700.806791665,/novatel/oem7/fix,/novatel/oem7/fix,/novatel/oem7/inspva,39.663,-75.756,-1.799605494,0.003924386,0.001839579,-0.002110377,0.003308642,0.001839579,,0,
1786043700809693877,1786043700.807627581,/novatel/oem7/odom,/novatel/oem7/fix,/novatel/oem7/odom,39.663,-75.756,-1.799605494,0.003920870,0.001847062,0.003193877,-0.002274285,0.001847062,,,
1786043700811563203,1786043700.809937540,/novatel/oem7/bestpos,/novatel/oem7/bestpos,/novatel/oem7/odom,39.663,-75.756,33.182599613,0.003920870,0.001847062,0.003193877,-0.002274285,0.001847062,,novatel_oem7_msgs.msg.SolutionStatus(status=0),novatel_oem7_msgs.msg.PositionOrVelocityType(type=53)
1786043700813007130,1786043700.810447065,/novatel/oem7/bestvel,/novatel/oem7/bestpos,/novatel/oem7/bestvel,39.663,-75.756,33.182599613,0.003289001,0.002093956,,,,126.528369385,novatel_oem7_msgs.msg.SolutionStatus(status=0),novatel_oem7_msgs.msg.PositionOrVelocityType(type=53)
1786043700815990240,1786043700.815320953,/novatel/oem7/odom,/novatel/oem7/bestpos,/novatel/oem7/odom,39.663,-75.756,33.182599613,0.003920870,0.001847062,0.003193877,-0.002274285,0.001847062,,,
1786043700826568308,1786043700.825978873,/novatel/oem7/inspva,/novatel/oem7/inspva,/novatel/oem7/inspva,39.663,-75.756,-1.799583659,0.003951205,0.001827337,-0.001886273,0.003471886,0.001827337,,novatel_oem7_msgs.msg.InertialSolutionStatus(status=3),
1786043700827897262,1786043700.826168984,/novatel/oem7/fix,/novatel/oem7/fix,/novatel/oem7/inspva,39.663,-75.756,-1.799583659,0.003951205,0.001827337,-0.001886273,0.003471886,0.001827337,,0,
1786043700829004849,1786043700.826673353,/novatel/oem7/odom,/novatel/oem7/fix,/novatel/oem7/odom,39.663,-75.756,-1.799583659,0.003947077,0.001836237,0.003367886,-0.002058339,0.001836237,,,
1786043700835311945,1786043700.834583208,/novatel/oem7/odom,/novatel/oem7/fix,/novatel/oem7/odom,39.663,-75.756,-1.799583659,0.003947077,0.001836237,0.003367886,-0.002058339,0.001836237,,,
1786043700845897810,1786043700.845321974,/novatel/oem7/inspva,/novatel/oem7/inspva,/novatel/oem7/inspva,39.663,-75.756,-1.799570804,0.002281287,0.000918670,0.000022552,0.002281176,0.000918670,,novatel_oem7_msgs.msg.InertialSolutionStatus(status=3),
1786043700847238923,1786043700.845513986,/novatel/oem7/fix,/novatel/oem7/fix,/novatel/oem7/inspva,39.663,-75.756,-1.799570804,0.002281287,0.000918670,0.000022552,0.002281176,0.000918670,,0,
1786043700848283960,1786043700.846038270,/novatel/oem7/odom,/novatel/oem7/fix,/novatel/oem7/odom,39.663,-75.756,-1.799570804,0.002277485,0.000928055,0.002275654,-0.000091316,0.000928055,,,
1786043700857015880,1786043700.856316743,/novatel/oem7/odom,/novatel/oem7/fix,/novatel/oem7/odom,39.663,-75.756,-1.799570804,0.002277485,0.000928055,0.002275654,-0.000091316,0.000928055,,,
1786043700866549638,1786043700.866004160,/novatel/oem7/inspva,/novatel/oem7/inspva,/novatel/oem7/inspva,39.663,-75.756,-1.799551413,0.002241002,0.000772766,-0.000215185,0.002230647,0.000772766,,novatel_oem7_msgs.msg.InertialSolutionStatus(status=3),
1786043700867905175,1786043700.866184314,/novatel/oem7/fix,/novatel/oem7/fix,/novatel/oem7/inspva,39.663,-75.756,-1.799551413,0.002241002,0.000772766,-0.000215185,0.002230647,0.000772766,,0,
1786043700868957869,1786043700.866605966,/novatel/oem7/odom,/novatel/oem7/fix,/novatel/oem7/odom,39.663,-75.756,-1.799551413,0.002238044,0.000781292,0.002214190,-0.000325891,0.000781292,,,
1786043700875006829,1786043700.874341759,/novatel/oem7/odom,/novatel/oem7/fix,/novatel/oem7/odom,39.663,-75.756,-1.799551413,0.002238044,0.000781292,0.002214190,-0.000325891,0.000781292,,,
1786043700885733961,1786043700.885196043,/novatel/oem7/inspva,/novatel/oem7/inspva,/novatel/oem7/inspva,39.663,-75.756,-1.799521916,0.003732143,0.000990126,-0.002050724,0.003118240,0.000990126,,novatel_oem7_msgs.msg.InertialSolutionStatus(status=3),
1786043700887050851,1786043700.885383558,/novatel/oem7/fix,/novatel/oem7/fix,/novatel/oem7/inspva,39.663,-75.756,-1.799521916,0.003732143,0.000990126,-0.002050724,0.003118240,0.000990126,,0,
1786043700888105955,1786043700.885661367,/novatel/oem7/odom,/novatel/oem7/fix,/novatel/oem7/odom,39.663,-75.756,-1.799521916,0.003730292,0.000997077,0.003010187,-0.002203147,0.000997077,,,
1786043700895673174,1786043700.894980537,/novatel/oem7/odom,/novatel/oem7/fix,/novatel/oem7/odom,39.663,-75.756,-1.799521916,0.003730292,0.000997077,0.003010187,-0.002203147,0.000997077,,,
1786043700906120164,1786043700.905615446,/novatel/oem7/inspva,/novatel/oem7/inspva,/novatel/oem7/inspva,39.663,-75.756,-1.799493609,0.003932625,0.001853323,-0.001592621,0.003595705,0.001853323,,novatel_oem7_msgs.msg.InertialSolutionStatus(status=3),
1786043700907442791,1786043700.905799571,/novatel/oem7/fix,/novatel/oem7/fix,/novatel/oem7/inspva,39.663,-75.756,-1.799493609,0.003932625,0.001853323,-0.001592621,0.003595705,0.001853323,,0,
1786043700908551592,1786043700.906281989,/novatel/oem7/odom,/novatel/oem7/fix,/novatel/oem7/odom,39.663,-75.756,-1.799493609,0.003927796,0.001863535,0.003505779,-0.001771184,0.001863535,,,
1786043700910009949,1786043700.909092743,/novatel/oem7/bestpos,/novatel/oem7/bestpos,/novatel/oem7/odom,39.663,-75.756,33.182707924,0.003927796,0.001863535,0.003505779,-0.001771184,0.001863535,,novatel_oem7_msgs.msg.SolutionStatus(status=0),novatel_oem7_msgs.msg.PositionOrVelocityType(type=53)
1786043700911399556,1786043700.909838487,/novatel/oem7/bestvel,/novatel/oem7/bestpos,/novatel/oem7/bestvel,39.663,-75.756,33.182707924,0.003298771,0.002063637,,,,115.310115021,novatel_oem7_msgs.msg.SolutionStatus(status=0),novatel_oem7_msgs.msg.PositionOrVelocityType(type=53)
1786043700915027486,1786043700.914359232,/novatel/oem7/odom,/novatel/oem7/bestpos,/novatel/oem7/odom,39.663,-75.756,33.182707924,0.003927796,0.001863535,0.003505779,-0.001771184,0.001863535,,,
1786043700927049715,1786043700.926547316,/novatel/oem7/inspva,/novatel/oem7/inspva,/novatel/oem7/inspva,39.663,-75.756,-1.799484788,0.003182573,0.000759269,-0.000388776,0.003158738,0.000759269,,novatel_oem7_msgs.msg.InertialSolutionStatus(status=3),
1786043700928384801,1786043700.926727138,/novatel/oem7/fix,/novatel/oem7/fix,/novatel/oem7/inspva,39.663,-75.756,-1.799484788,0.003182573,0.000759269,-0.000388776,0.003158738,0.000759269,,0,
1786043700929479219,1786043700.927135960,/novatel/oem7/odom,/novatel/oem7/fix,/novatel/oem7/odom,39.663,-75.756,-1.799484788,0.003179709,0.000771177,0.003132721,-0.000544618,0.000771177,,,
1786043700936791255,1786043700.935987114,/novatel/oem7/odom,/novatel/oem7/fix,/novatel/oem7/odom,39.663,-75.756,-1.799484788,0.003179709,0.000771177,0.003132721,-0.000544618,0.000771177,,,
1786043700945596905,1786043700.945027713,/novatel/oem7/inspva,/novatel/oem7/inspva,/novatel/oem7/inspva,39.663,-75.756,-1.799462883,0.003382411,0.000915901,-0.000078074,0.003381509,0.000915901,,novatel_oem7_msgs.msg.InertialSolutionStatus(status=3),
1786043700946919232,1786043700.945192678,/novatel/oem7/fix,/novatel/oem7/fix,/novatel/oem7/inspva,39.663,-75.756,-1.799462883,0.003382411,0.000915901,-0.000078074,0.003381509,0.000915901,,0,
1786043700948016653,1786043700.945484270,/novatel/oem7/odom,/novatel/oem7/fix,/novatel/oem7/odom,39.663,-75.756,-1.799462883,0.003378726,0.000929403,0.003369786,-0.000245623,0.000929403,,,
1786043700956681925,1786043700.955967082,/novatel/oem7/odom,/novatel/oem7/fix,/novatel/oem7/odom,39.663,-75.756,-1.799462883,0.003378726,0.000929403,0.003369786,-0.000245623,0.000929403,,,
1786043700965759989,1786043700.965213794,/novatel/oem7/inspva,/novatel/oem7/inspva,/novatel/oem7/inspva,39.663,-75.756,-1.799443252,0.004283718,0.000416439,-0.001944371,0.003817022,0.000416439,,novatel_oem7_msgs.msg.InertialSolutionStatus(status=3),
1786043700967100938,1786043700.965380011,/novatel/oem7/fix,/novatel/oem7/fix,/novatel/oem7/inspva,39.663,-75.756,-1.799443252,0.004283718,0.000416439,-0.001944371,0.003817022,0.000416439,,0,
1786043700968403178,1786043700.965693402,/novatel/oem7/odom,/novatel/oem7/fix,/novatel/oem7/odom,39.663,-75.756,-1.799443252,0.004282728,0.000426499,0.003715667,-0.002129689,0.000426499,,,
1786043700975496092,1786043700.974821022,/novatel/oem7/odom,/novatel/oem7/fix,/novatel/oem7/odom,39.663,-75.756,-1.799443252,0.004282728,0.000426499,0.003715667,-0.002129689,0.000426499,,,
1786043700986596622,1786043700.986034230,/novatel/oem7/inspva,/novatel/oem7/inspva,/novatel/oem7/inspva,39.663,-75.756,-1.799413425,0.003757355,0.000584250,-0.001859669,0.003264866,0.000584250,,novatel_oem7_msgs.msg.InertialSolutionStatus(status=3),
1786043700987936762,1786043700.986184952,/novatel/oem7/fix,/novatel/oem7/fix,/novatel/oem7/inspva,39.663,-75.756,-1.799413425,0.003757355,0.000584250,-0.001859669,0.003264866,0.000584250,,0,
1786043700988977932,1786043700.986585043,/novatel/oem7/odom,/novatel/oem7/fix,/novatel/oem7/odom,39.663,-75.756,-1.799413425,0.003756096,0.000592293,0.003167616,-0.002018531,0.000592293,,,
1786043700995023215,1786043700.994325459,/novatel/oem7/odom,/novatel/oem7/fix,/novatel/oem7/odom,39.663,-75.756,-1.799413425,0.003756096,0.000592293,0.003167616,-0.002018531,0.000592293,,,
1786043701010508999,1786043701.009969991,/novatel/oem7/inspva,/novatel/oem7/inspva,/novatel/oem7/inspva,39.663,-75.756,-1.799383166,0.004002365,0.002136676,0.000012024,0.004002347,0.002136676,,novatel_oem7_msgs.msg.InertialSolutionStatus(status=3),
1786043701011860579,1786043701.010119039,/novatel/oem7/fix,/novatel/oem7/fix,/novatel/oem7/inspva,39.663,-75.756,-1.799383166,0.004002365,0.002136676,0.000012024,0.004002347,0.002136676,,0,
1786043701012901300,1786043701.011378901,/novatel/oem7/odom,/novatel/oem7/fix,/novatel/oem7/odom,39.663,-75.756,-1.799383166,0.003993562,0.002153083,0.003989076,-0.000189248,0.002153083,,,
1786043701017264263,1786043701.016616380,/novatel/oem7/odom,/novatel/oem7/fix,/novatel/oem7/odom,39.663,-75.756,-1.799383166,0.003993562,0.002153083,0.003989076,-0.000189248,0.002153083,,,
1786043701025636463,1786043701.024985337,/novatel/oem7/bestpos,/novatel/oem7/bestpos,/novatel/oem7/odom,39.663,-75.756,33.182812202,0.003993562,0.002153083,0.003989076,-0.000189248,0.002153083,,novatel_oem7_msgs.msg.SolutionStatus(status=0),novatel_oem7_msgs.msg.PositionOrVelocityType(type=53)
1786043701027094884,1786043701.025877995,/novatel/oem7/bestvel,/novatel/oem7/bestpos,/novatel/oem7/bestvel,39.663,-75.756,33.182812202,0.004559703,0.001535159,,,,82.604496948,novatel_oem7_msgs.msg.SolutionStatus(status=0),novatel_oem7_msgs.msg.PositionOrVelocityType(type=53)
1786043701028526455,1786043701.026866578,/novatel/oem7/inspva,/novatel/oem7/inspva,/novatel/oem7/inspva,39.663,-75.756,-1.799369209,0.003578209,0.001202675,-0.000180873,0.003573635,0.001202675,,novatel_oem7_msgs.msg.InertialSolutionStatus(status=3),
1786043701029349120,1786043701.027038187,/novatel/oem7/fix,/novatel/oem7/fix,/novatel/oem7/inspva,39.663,-75.756,-1.799369209,0.003578209,0.001202675,-0.000180873,0.003573635,0.001202675,,0,
1786043701030410113,1786043701.027349325,/novatel/oem7/odom,/novatel/oem7/fix,/novatel/oem7/odom,39.663,-75.756,-1.799369209,0.003573414,0.001216847,0.003555381,-0.000358545,0.001216847,,,
1786043701035209811,1786043701.034551931,/novatel/oem7/odom,/novatel/oem7/fix,/novatel/oem7/odom,39.663,-75.756,-1.799369209,0.003573414,0.001216847,0.003555381,-0.000358545,0.001216847,,,
1786043701046521146,1786043701.045982405,/novatel/oem7/inspva,/novatel/oem7/inspva,/novatel/oem7/inspva,39.663,-75.756,-1.799388279,0.003570122,-0.000353154,-0.000474089,0.003538504,-0.000353154,,novatel_oem7_msgs.msg.InertialSolutionStatus(status=3),
1786043701047870987,1786043701.046130563,/novatel/oem7/fix,/novatel/oem7/fix,/novatel/oem7/inspva,39.663,-75.756,-1.799388279,0.003570122,-0.000353154,-0.000474089,0.003538504,-0.000353154,,0,
1786043701048912574,1786043701.046780076,/novatel/oem7/odom,/novatel/oem7/fix,/novatel/oem7/odom,39.663,-75.756,-1.799388279,0.003571388,-0.000340116,0.003512544,-0.000645636,-0.000340116,,,
1786043701057143615,1786043701.056470975,/novatel/oem7/odom,/novatel/oem7/fix,/novatel/oem7/odom,39.663,-75.756,-1.799388279,0.003571388,-0.000340116,0.003512544,-0.000645636,-0.000340116,,,
1786043701065711674,1786043701.065151748,/novatel/oem7/inspva,/novatel/oem7/inspva,/novatel/oem7/inspva,39.663,-75.756,-1.799399300,0.004344558,-0.000138942,-0.001428012,0.004103165,-0.000138942,,novatel_oem7_msgs.msg.InertialSolutionStatus(status=3),
1786043701067074814,1786043701.065307923,/novatel/oem7/fix,/novatel/oem7/fix,/novatel/oem7/inspva,39.663,-75.756,-1.799399300,0.004344558,-0.000138942,-0.001428012,0.004103165,-0.000138942,,0,
1786043701068163495,1786043701.065606196,/novatel/oem7/odom,/novatel/oem7/fix,/novatel/oem7/odom,39.663,-75.756,-1.799399300,0.004344946,-0.000126222,0.004028995,-0.001626576,-0.000126222,,,
1786043701075597735,1786043701.074888678,/novatel/oem7/odom,/novatel/oem7/fix,/novatel/oem7/odom,39.663,-75.756,-1.799399300,0.004344946,-0.000126222,0.004028995,-0.001626576,-0.000126222,,,
1786043701086475390,1786043701.085496320,/novatel/oem7/inspva,/novatel/oem7/inspva,/novatel/oem7/inspva,39.663,-75.756,-1.799388998,0.004363951,0.002700747,-0.000509391,0.004334119,0.002700747,,novatel_oem7_msgs.msg.InertialSolutionStatus(status=3),
1786043701087860000,1786043701.085747995,/novatel/oem7/fix,/novatel/oem7/fix,/novatel/oem7/inspva,39.663,-75.756,-1.799388998,0.004363951,0.002700747,-0.000509391,0.004334119,0.002700747,,0,
1786043701088948211,1786043701.086144212,/novatel/oem7/odom,/novatel/oem7/fix,/novatel/oem7/odom,39.663,-75.756,-1.799388998,0.004353820,0.002717048,0.004292562,-0.000727783,0.002717048,,,
1786043701095850670,1786043701.095135006,/novatel/oem7/odom,/novatel/oem7/fix,/novatel/oem7/odom,39.663,-75.756,-1.799388998,0.004353820,0.002717048,0.004292562,-0.000727783,0.002717048,,,
1786043701106721857,1786043701.106181168,/novatel/oem7/inspva,/novatel/oem7/inspva,/novatel/oem7/inspva,39.663,-75.756,-1.799421919,0.003610938,0.001677492,-0.000309513,0.003597649,0.001677492,,novatel_oem7_msgs.msg.InertialSolutionStatus(status=3),
1786043701108075654,1786043701.106332427,/novatel/oem7/fix,/novatel/oem7/fix,/novatel/oem7/inspva,39.663,-75.756,-1.799421919,0.003610938,0.001677492,-0.000309513,0.003597649,0.001677492,,0,
1786043701109127394,1786043701.106894755,/novatel/oem7/odom,/novatel/oem7/fix,/novatel/oem7/odom,39.663,-75.756,-1.799421919,0.003604467,0.001691352,0.003571085,-0.000489425,0.001691352,,,
1786043701110635779,1786043701.109364387,/novatel/oem7/bestpos,/novatel/oem7/bestpos,/novatel/oem7/odom,39.663,-75.756,33.182792088,0.003604467,0.001691352,0.003571085,-0.000489425,0.001691352,,novatel_oem7_msgs.msg.SolutionStatus(status=0),novatel_oem7_msgs.msg.PositionOrVelocityType(type=53)
1786043701111596252,1786043701.109993640,/novatel/oem7/bestvel,/novatel/oem7/bestpos,/novatel/oem7/bestvel,39.663,-75.756,33.182792088,0.004669995,0.000992506,,,,90.989912662,novatel_oem7_msgs.msg.SolutionStatus(status=0),novatel_oem7_msgs.msg.PositionOrVelocityType(type=53)
1786043701115165397,1786043701.114510921,/novatel/oem7/odom,/novatel/oem7/bestpos,/novatel/oem7/odom,39.663,-75.756,33.182792088,0.003604467,0.001691352,0.003571085,-0.000489425,0.001691352,,,
1786043701125856850,1786043701.125333932,/novatel/oem7/inspva,/novatel/oem7/inspva,/novatel/oem7/inspva,39.663,-75.756,-1.799461276,0.003374480,-0.001436541,0.000148389,0.003371216,-0.001436541,,novatel_oem7_msgs.msg.InertialSolutionStatus(status=3),
1786043701127166516,1786043701.125498107,/novatel/oem7/fix,/novatel/oem7/fix,/novatel/oem7/inspva,39.663,-75.756,-1.799461276,0.003374480,-0.001436541,0.000148389,0.003371216,-0.001436541,,0,
1786043701128230977,1786043701.126249194,/novatel/oem7/odom,/novatel/oem7/fix,/novatel/oem7/odom,39.663,-75.756,-1.799461276,0.003380435,-0.001422471,0.003380410,-0.000012899,-0.001422471,,,
1786043701136146949,1786043701.135502449,/novatel/oem7/odom,/novatel/oem7/fix,/novatel/oem7/odom,39.663,-75.756,-1.799461276,0.003380435,-0.001422471,0.003380410,-0.000012899,-0.001422471,,,
1786043701145799108,1786043701.145261616,/novatel/oem7/inspva,/novatel/oem7/inspva,/novatel/oem7/inspva,39.663,-75.756,-1.799470874,0.003283678,-0.000264112,-0.000583540,0.003231412,-0.000264112,,novatel_oem7_msgs.msg.InertialSolutionStatus(status=3),
1786043701147155235,1786043701.145416791,/novatel/oem7/fix,/novatel/oem7/fix,/novatel/oem7/inspva,39.663,-75.756,-1.799470874,0.003283678,-0.000264112,-0.000583540,0.003231412,-0.000264112,,0,
1786043701148254069,1786043701.145803871,/novatel/oem7/odom,/novatel/oem7/fix,/novatel/oem7/odom,39.663,-75.756,-1.799470874,0.003284581,-0.000252639,0.003200098,-0.000740166,-0.000252639,,,
1786043701156327549,1786043701.155666713,/novatel/oem7/odom,/novatel/oem7/fix,/novatel/oem7/odom,39.663,-75.756,-1.799470874,0.003284581,-0.000252639,0.003200098,-0.000740166,-0.000252639,,,
1786043701167051959,1786043701.166539011,/novatel/oem7/inspva,/novatel/oem7/inspva,/novatel/oem7/inspva,39.663,-75.756,-1.799461988,0.004800662,0.002386942,-0.000997644,0.004695856,0.002386942,,novatel_oem7_msgs.msg.InertialSolutionStatus(status=3),
1786043701168466543,1786043701.166704129,/novatel/oem7/fix,/novatel/oem7/fix,/novatel/oem7/inspva,39.663,-75.756,-1.799461988,0.004800662,0.002386942,-0.000997644,0.004695856,0.002386942,,0,
1786043701169607151,1786043701.167133223,/novatel/oem7/odom,/novatel/oem7/fix,/novatel/oem7/odom,39.663,-75.756,-1.799461988,0.004792539,0.002403210,0.004631382,-0.001232367,0.002403210,,,
1786043701175249504,1786043701.174598307,/novatel/oem7/odom,/novatel/oem7/fix,/novatel/oem7/odom,39.663,-75.756,-1.799461988,0.004792539,0.002403210,0.004631382,-0.001232367,0.002403210,,,
1786043701185715461,1786043701.185099841,/novatel/oem7/inspva,/novatel/oem7/inspva,/novatel/oem7/inspva,39.663,-75.756,-1.799481656,0.003811922,0.002711684,-0.000428135,0.003787802,0.002711684,,novatel_oem7_msgs.msg.InertialSolutionStatus(status=3),
1786043701187090798,1786043701.185257470,/novatel/oem7/fix,/novatel/oem7/fix,/novatel/oem7/inspva,39.663,-75.756,-1.799481656,0.003811922,0.002711684,-0.000428135,0.003787802,0.002711684,,0,
1786043701188172935,1786043701.185645924,/novatel/oem7/odom,/novatel/oem7/fix,/novatel/oem7/odom,39.663,-75.756,-1.799481656,0.003801744,0.002725934,0.003750850,-0.000619983,0.002725934,,,
1786043701195378073,1786043701.194715880,/novatel/oem7/odom,/novatel/oem7/fix,/novatel/oem7/odom,39.663,-75.756,-1.799481656,0.003801744,0.002725934,0.003750850,-0.000619983,0.002725934,,,
1786043701206905484,1786043701.206374349,/novatel/oem7/inspva,/novatel/oem7/inspva,/novatel/oem7/inspva,39.663,-75.756,-1.799522299,0.002746275,-0.001017669,0.000207485,0.002738426,-0.001017669,,novatel_oem7_msgs.msg.InertialSolutionStatus(status=3),
1786043701208234051,1786043701.206543551,/novatel/oem7/fix,/novatel/oem7/fix,/novatel/oem7/inspva,39.663,-75.756,-1.799522299,0.002746275,-0.001017669,0.000207485,0.002738426,-0.001017669,,0,
1786043701209327338,1786043701.207273201,/novatel/oem7/odom,/novatel/oem7/fix,/novatel/oem7/odom,39.663,-75.756,-1.799522299,0.002750583,-0.001005968,0.002749533,0.000075980,-0.001005968,,,
1786043701210776206,1786043701.210133656,/novatel/oem7/bestpos,/novatel/oem7/bestpos,/novatel/oem7/odom,39.663,-75.756,33.182706263,0.002750583,-0.001005968,0.002749533,0.000075980,-0.001005968,,novatel_oem7_msgs.msg.SolutionStatus(status=0),novatel_oem7_msgs.msg.PositionOrVelocityType(type=53)
1786043701212177484,1786043701.210532463,/novatel/oem7/bestvel,/novatel/oem7/bestpos,/novatel/oem7/bestvel,39.663,-75.756,33.182706263,0.002303367,-0.000457944,,,,98.665159080,novatel_oem7_msgs.msg.SolutionStatus(status=0),novatel_oem7_msgs.msg.PositionOrVelocityType(type=53)
1786043701215931734,1786043701.215242790,/novatel/oem7/odom,/novatel/oem7/bestpos,/novatel/oem7/odom,39.663,-75.756,33.182706263,0.002750583,-0.001005968,0.002749533,0.000075980,-0.001005968,,,
1786043701226649677,1786043701.226114258,/novatel/oem7/inspva,/novatel/oem7/inspva,/novatel/oem7/inspva,39.663,-75.756,-1.799524988,0.002895458,-0.000521090,-0.000132251,0.002892436,-0.000521090,,novatel_oem7_msgs.msg.InertialSolutionStatus(status=3),
1786043701227978013,1786043701.226198910,/novatel/oem7/fix,/novatel/oem7/fix,/novatel/oem7/inspva,39.663,-75.756,-1.799524988,0.002895458,-0.000521090,-0.000132251,0.002892436,-0.000521090,,0,
1786043701229053757,1786043701.226652093,/novatel/oem7/odom,/novatel/oem7/fix,/novatel/oem7/odom,39.663,-75.756,-1.799524988,0.002897483,-0.000509710,0.002884669,-0.000272204,-0.000509710,,,
1786043701234996083,1786043701.234327209,/novatel/oem7/odom,/novatel/oem7/fix,/novatel/oem7/odom,39.663,-75.756,-1.799524988,0.002897483,-0.000509710,0.002884669,-0.000272204,-0.000509710,,,
1786043701245630769,1786043701.245104512,/novatel/oem7/inspva,/novatel/oem7/inspva,/novatel/oem7/inspva,39.663,-75.756,-1.799518162,0.004061498,0.001945318,-0.000887445,0.003963358,0.001945318,,novatel_oem7_msgs.msg.InertialSolutionStatus(status=3),
1786043701247133047,1786043701.245208368,/novatel/oem7/fix,/novatel/oem7/fix,/novatel/oem7/inspva,39.663,-75.756,-1.799518162,0.004061498,0.001945318,-0.000887445,0.003963358,0.001945318,,0,
1786043701248513724,1786043701.245666412,/novatel/oem7/odom,/novatel/oem7/fix,/novatel/oem7/odom,39.663,-75.756,-1.799518162,0.004054901,0.001959031,0.003906952,-0.001085334,0.001959031,,,
1786043701256952644,1786043701.256274231,/novatel/oem7/odom,/novatel/oem7/fix,/novatel/oem7/odom,39.663,-75.756,-1.799518162,0.004054901,0.001959031,0.003906952,-0.001085334,0.001959031,,,
1786043701265499779,1786043701.264947203,/novatel/oem7/inspva,/novatel/oem7/inspva,/novatel/oem7/inspva,39.663,-75.756,-1.799541274,0.004764563,0.001758431,-0.000508807,0.004737318,0.001758431,,novatel_oem7_msgs.msg.InertialSolutionStatus(status=3),
1786043701266877436,1786043701.265093891,/novatel/oem7/fix,/novatel/oem7/fix,/novatel/oem7/inspva,39.663,-75.756,-1.799541274,0.004764563,0.001758431,-0.000508807,0.004737318,0.001758431,,0,
1786043701267963963,1786043701.265502939,/novatel/oem7/odom,/novatel/oem7/fix,/novatel/oem7/odom,39.663,-75.756,-1.799541274,0.004757993,0.001776133,0.004699371,-0.000744584,0.001776133,,,
1786043701275027723,1786043701.274372404,/novatel/oem7/odom,/novatel/oem7/fix,/novatel/oem7/odom,39.663,-75.756,-1.799541274,0.004757993,0.001776133,0.004699371,-0.000744584,0.001776133,,,
1786043701286991786,1786043701.286496132,/novatel/oem7/inspva,/novatel/oem7/inspva,/novatel/oem7/inspva,39.663,-75.756,-1.799566417,0.002709389,0.000267132,0.000363547,0.002684887,0.000267132,,novatel_oem7_msgs.msg.InertialSolutionStatus(status=3),
1786043701288330992,1786043701.286582777,/novatel/oem7/fix,/novatel/oem7/fix,/novatel/oem7/inspva,39.663,-75.756,-1.799566417,0.002709389,0.000267132,0.000363547,0.002684887,0.000267132,,0,
1786043701289368569,1786043701.287021596,/novatel/oem7/odom,/novatel/oem7/fix,/novatel/oem7/odom,39.663,-75.756,-1.799566417,0.002708173,0.000279185,0.002698300,0.000231039,0.000279185,,,
1786043701295610937,1786043701.294877057,/novatel/oem7/odom,/novatel/oem7/fix,/novatel/oem7/odom,39.663,-75.756,-1.799566417,0.002708173,0.000279185,0.002698300,0.000231039,0.000279185,,,
1786043701306216570,1786043701.305722828,/novatel/oem7/inspva,/novatel/oem7/inspva,/novatel/oem7/inspva,39.663,-75.756,-1.799592045,0.002544665,-0.000885596,0.000434385,0.002507315,-0.000885596,,novatel_oem7_msgs.msg.InertialSolutionStatus(status=3),
1786043701307588696,1786043701.305892811,/novatel/oem7/fix,/novatel/oem7/fix,/novatel/oem7/inspva,39.663,-75.756,-1.799592045,0.002544665,-0.000885596,0.000434385,0.002507315,-0.000885596,,0,
1786043701308659044,1786043701.306299167,/novatel/oem7/odom,/novatel/oem7/fix,/novatel/oem7/odom,39.663,-75.756,-1.799592045,0.002548589,-0.000874240,0.002529231,0.000313517,-0.000874240,,,
1786043701310110165,1786043701.309047268,/novatel/oem7/bestpos,/novatel/oem7/bestpos,/novatel/oem7/odom,39.663,-75.756,33.182642904,0.002548589,-0.000874240,0.002529231,0.000313517,-0.000874240,,novatel_oem7_msgs.msg.SolutionStatus(status=0),novatel_oem7_msgs.msg.PositionOrVelocityType(type=53)
1786043701311290737,1786043701.309542332,/novatel/oem7/bestvel,/novatel/oem7/bestpos,/novatel/oem7/bestvel,39.663,-75.756,33.182642904,0.001092214,0.000410867,,,,114.603118759,novatel_oem7_msgs.msg.SolutionStatus(status=0),novatel_oem7_msgs.msg.PositionOrVelocityType(type=53)
1786043701316120751,1786043701.315466998,/novatel/oem7/odom,/novatel/oem7/bestpos,/novatel/oem7/odom,39.663,-75.756,33.182642904,0.002548589,-0.000874240,0.002529231,0.000313517,-0.000874240,,,
1786043701325855991,1786043701.325339909,/novatel/oem7/inspva,/novatel/oem7/inspva,/novatel/oem7/inspva,39.663,-75.756,-1.799588560,0.004373693,0.001635550,-0.001540981,0.004093235,0.001635550,,novatel_oem7_msgs.msg.InertialSolutionStatus(status=3),
1786043701327165024,1786043701.325527574,/novatel/oem7/fix,/novatel/oem7/fix,/novatel/oem7/inspva,39.663,-75.756,-1.799588560,0.004373693,0.001635550,-0.001540981,0.004093235,0.001635550,,0,
1786043701328217921,1786043701.326066607,/novatel/oem7/odom,/novatel/oem7/fix,/novatel/oem7/odom,39.663,-75.756,-1.799588560,0.004369135,0.001647689,0.004006066,-0.001743782,0.001647689,,,
1786043701335411172,1786043701.334762623,/novatel/oem7/odom,/novatel/oem7/fix,/novatel/oem7/odom,39.663,-75.756,-1.799588560,0.004369135,0.001647689,0.004006066,-0.001743782,0.001647689,,,
1786043701346626754,1786043701.346039235,/novatel/oem7/inspva,/novatel/oem7/inspva,/novatel/oem7/inspva,39.663,-75.756,-1.799604831,0.004736073,0.001617236,-0.000566248,0.004702101,0.001617236,,novatel_oem7_msgs.msg.InertialSolutionStatus(status=3),
1786043701347962784,1786043701.346208626,/novatel/oem7/fix,/novatel/oem7/fix,/novatel/oem7/inspva,39.663,-75.756,-1.799604831,0.004736073,0.001617236,-0.000566248,0.004702101,0.001617236,,0,
1786043701348980114,1786043701.346739395,/novatel/oem7/odom,/novatel/oem7/fix,/novatel/oem7/odom,39.663,-75.756,-1.799604831,0.004730073,0.001634701,0.004661943,-0.000799927,0.001634701,,,
1786043701356444771,1786043701.355779258,/novatel/oem7/odom,/novatel/oem7/fix,/novatel/oem7/odom,39.663,-75.756,-1.799604831,0.004730073,0.001634701,0.004661943,-0.000799927,0.001634701,,,
1786043701365791137,1786043701.365252165,/novatel/oem7/inspva,/novatel/oem7/inspva,/novatel/oem7/inspva,39.663,-75.756,-1.799610645,0.002536911,0.001645855,0.000718623,0.002433001,0.001645855,,novatel_oem7_msgs.msg.InertialSolutionStatus(status=3),
1786043701367078410,1786043701.365418067,/novatel/oem7/fix,/novatel/oem7/fix,/novatel/oem7/inspva,39.663,-75.756,-1.799610645,0.002536911,0.001645855,0.000718623,0.002433001,0.001645855,,0,
1786043701368131784,1786043701.366190515,/novatel/oem7/odom,/novatel/oem7/fix,/novatel/oem7/odom,39.663,-75.756,-1.799610645,0.002529136,0.001657777,0.002458311,0.000594337,0.001657777,,,
1786043701376251451,1786043701.375440523,/novatel/oem7/odom,/novatel/oem7/fix,/novatel/oem7/odom,39.663,-75.756,-1.799610645,0.002529136,0.001657777,0.002458311,0.000594337,0.001657777,,,
1786043701385533140,1786043701.385001331,/novatel/oem7/inspva,/novatel/oem7/inspva,/novatel/oem7/inspva,39.663,-75.756,-1.799621014,0.002973320,0.000524295,0.001279311,0.002684026,0.000524295,,novatel_oem7_msgs.msg.InertialSolutionStatus(status=3),
1786043701386850507,1786043701.385166743,/novatel/oem7/fix,/novatel/oem7/fix,/novatel/oem7/inspva,39.663,-75.756,-1.799621014,0.002973320,0.000524295,0.001279311,0.002684026,0.000524295,,0,
1786043701387905177,1786043701.385663078,/novatel/oem7/odom,/novatel/oem7/fix,/novatel/oem7/odom,39.663,-75.756,-1.799621014,0.002970728,0.000538789,0.002741175,0.001145070,0.000538789,,,
1786043701395034454,1786043701.394392848,/novatel/oem7/odom,/novatel/oem7/fix,/novatel/oem7/odom,39.663,-75.756,-1.799621014,0.002970728,0.000538789,0.002741175,0.001145070,0.000538789,,,
1786043701407125384,1786043701.406640153,/novatel/oem7/inspva,/novatel/oem7/inspva,/novatel/oem7/inspva,39.663,-75.756,-1.799619563,0.003312257,0.000744934,-0.001178050,0.003095681,0.000744934,,novatel_oem7_msgs.msg.InertialSolutionStatus(status=3),
1786043701408663966,1786043701.406797647,/novatel/oem7/fix,/novatel/oem7/fix,/novatel/oem7/inspva,39.663,-75.756,-1.799619563,0.003312257,0.000744934,-0.001178050,0.003095681,0.000744934,,0,
1786043701409859378,1786043701.407343120,/novatel/oem7/odom,/novatel/oem7/fix,/novatel/oem7/odom,39.663,-75.756,-1.799619563,0.003310173,0.000754139,0.003031197,-0.001330072,0.000754139,,,
1786043701411283869,1786043701.410141318,/novatel/oem7/bestpos,/novatel/oem7/bestpos,/novatel/oem7/odom,39.663,-75.756,33.182597089,0.003310173,0.000754139,0.003031197,-0.001330072,0.000754139,,novatel_oem7_msgs.msg.SolutionStatus(status=0),novatel_oem7_msgs.msg.PositionOrVelocityType(type=53)
1786043701412230258,1786043701.410605775,/novatel/oem7/bestvel,/novatel/oem7/bestpos,/novatel/oem7/bestvel,39.663,-75.756,33.182597089,0.002878233,0.000914864,,,,112.215654390,novatel_oem7_msgs.msg.SolutionStatus(status=0),novatel_oem7_msgs.msg.PositionOrVelocityType(type=53)
1786043701415787417,1786043701.415142636,/novatel/oem7/odom,/novatel/oem7/bestpos,/novatel/oem7/odom,39.663,-75.756,33.182597089,0.003310173,0.000754139,0.003031197,-0.001330072,0.000754139,,,
1786043701425379852,1786043701.424897124,/novatel/oem7/inspva,/novatel/oem7/inspva,/novatel/oem7/inspva,39.663,-75.756,-1.799619489,0.004356011,0.001692007,-0.000399859,0.004337620,0.001692007,,novatel_oem7_msgs.msg.InertialSolutionStatus(status=3),
1786043701426740785,1786043701.425055585,/novatel/oem7/fix,/novatel/oem7/fix,/novatel/oem7/inspva,39.663,-75.756,-1.799619489,0.004356011,0.001692007,-0.000399859,0.004337620,0.001692007,,0,
1786043701427806063,1786043701.425519403,/novatel/oem7/odom,/novatel/oem7/fix,/novatel/oem7/odom,39.663,-75.756,-1.799619489,0.004349616,0.001708379,0.004305762,-0.000616101,0.001708379,,,
1786043701436061718,1786043701.435415541,/novatel/oem7/odom,/novatel/oem7/fix,/novatel/oem7/odom,39.663,-75.756,-1.799619489,0.004349616,0.001708379,0.004305762,-0.000616101,0.001708379,,,
1786043701445948049,1786043701.445441604,/novatel/oem7/inspva,/novatel/oem7/inspva,/novatel/oem7/inspva,39.663,-75.756,-1.799625414,0.003009106,0.001486360,0.001329050,0.002699694,0.001486360,,novatel_oem7_msgs.msg.InertialSolutionStatus(status=3),
1786043701447226912,1786043701.445608056,/novatel/oem7/fix,/novatel/oem7/fix,/novatel/oem7/inspva,39.663,-75.756,-1.799625414,0.003009106,0.001486360,0.001329050,0.002699694,0.001486360,,0,
1786043701448282809,1786043701.446314073,/novatel/oem7/odom,/novatel/oem7/fix,/novatel/oem7/odom,39.663,-75.756,-1.799625414,0.003001749,0.001501162,0.002755175,0.001191432,0.001501162,,,
1786043701456978598,1786043701.456302582,/novatel/oem7/odom,/novatel/oem7/fix,/novatel/oem7/odom,39.663,-75.756,-1.799625414,0.003001749,0.001501162,0.002755175,0.001191432,0.001501162,,,
1786043701466627228,1786043701.466084516,/novatel/oem7/inspva,/novatel/oem7/inspva,/novatel/oem7/inspva,39.663,-75.756,-1.799645035,0.003401296,0.000429254,0.002012281,0.002742178,0.000429254,,novatel_oem7_msgs.msg.InertialSolutionStatus(status=3),
1786043701470192306,1786043701.466243417,/novatel/oem7/fix,/novatel/oem7/fix,/novatel/oem7/inspva,39.663,-75.756,-1.799645035,0.003401296,0.000429254,0.002012281,0.002742178,0.000429254,,0,
1786043701471205103,1786043701.466664218,/novatel/oem7/odom,/novatel/oem7/fix,/novatel/oem7/odom,39.663,-75.756,-1.799645035,0.003399140,0.000446006,0.002835510,0.001874576,0.000446006,,,
1786043701475810182,1786043701.475104648,/novatel/oem7/odom,/novatel/oem7/fix,/novatel/oem7/odom,39.663,-75.756,-1.799645035,0.003399140,0.000446006,0.002835510,0.001874576,0.000446006,,,
1786043701485863879,1786043701.485347324,/novatel/oem7/inspva,/novatel/oem7/inspva,/novatel/oem7/inspva,39.663,-75.756,-1.799667977,0.003746855,-0.001162489,-0.000354543,0.003730044,-0.001162489,,novatel_oem7_msgs.msg.InertialSolutionStatus(status=3),
1786043701487180002,1786043701.485531575,/novatel/oem7/fix,/novatel/oem7/fix,/novatel/oem7/inspva,39.663,-75.756,-1.799667977,0.003746855,-0.001162489,-0.000354543,0.003730044,-0.001162489,,0,
1786043701488216235,1786043701.486257529,/novatel/oem7/odom,/novatel/oem7/fix,/novatel/oem7/odom,39.663,-75.756,-1.799667977,0.003751163,-0.001148513,0.003713016,-0.000533608,-0.001148513,,,
1786043701496357199,1786043701.495728193,/novatel/oem7/odom,/novatel/oem7/fix,/novatel/oem7/odom,39.663,-75.756,-1.799667977,0.003751163,-0.001148513,0.003713016,-0.000533608,-0.001148513,,,
1786043701507672205,1786043701.507064339,/novatel/oem7/inspva,/novatel/oem7/inspva,/novatel/oem7/inspva,39.663,-75.756,-1.799673157,0.003072418,-0.000000489,0.000255698,0.003061759,-0.000000489,,novatel_oem7_msgs.msg.InertialSolutionStatus(status=3),
1786043701509004181,1786043701.507279001,/novatel/oem7/fix,/novatel/oem7/fix,/novatel/oem7/inspva,39.663,-75.756,-1.799673157,0.003072418,-0.000000489,0.000255698,0.003061759,-0.000000489,,0,
1786043701510060632,1786043701.507583157,/novatel/oem7/odom,/novatel/oem7/fix,/novatel/oem7/odom,39.663,-75.756,-1.799673157,0.003072392,0.000012535,0.003070579,0.000105538,0.000012535,,,
1786043701511921727,1786043701.511134169,/novatel/oem7/bestpos,/novatel/oem7/bestpos,/novatel/oem7/odom,39.663,-75.756,33.182552502,0.003072392,0.000012535,0.003070579,0.000105538,0.000012535,,novatel_oem7_msgs.msg.SolutionStatus(status=0),novatel_oem7_msgs.msg.PositionOrVelocityType(type=53)
1786043701513310731,1786043701.511526653,/novatel/oem7/bestvel,/novatel/oem7/bestpos,/novatel/oem7/bestvel,39.663,-75.756,33.182552502,0.001584043,0.000858077,,,,86.728055126,novatel_oem7_msgs.msg.SolutionStatus(status=0),novatel_oem7_msgs.msg.PositionOrVelocityType(type=53)
1786043701515205403,1786043701.514522089,/novatel/oem7/odom,/novatel/oem7/bestpos,/novatel/oem7/odom,39.663,-75.756,33.182552502,0.003072392,0.000012535,0.003070579,0.000105538,0.000012535,,,
1786043701527163845,1786043701.526683934,/novatel/oem7/inspva,/novatel/oem7/inspva,/novatel/oem7/inspva,39.663,-75.756,-1.799677545,0.003048391,0.001816884,0.001425587,0.002694511,0.001816884,,novatel_oem7_msgs.msg.InertialSolutionStatus(status=3),
1786043701528513888,1786043701.526834008,/novatel/oem7/fix,/novatel/oem7/fix,/novatel/oem7/inspva,39.663,-75.756,-1.799677545,0.003048391,0.001816884,0.001425587,0.002694511,0.001816884,,0,
1786043701529574622,1786043701.527289793,/novatel/oem7/odom,/novatel/oem7/fix,/novatel/oem7/odom,39.663,-75.756,-1.799677545,0.003039440,0.001831819,0.002753423,0.001287190,0.001831819,,,
1786043701541780604,1786043701.535067367,/novatel/oem7/odom,/novatel/oem7/fix,/novatel/oem7/odom,39.663,-75.756,-1.799677545,0.003039440,0.001831819,0.002753423,0.001287190,0.001831819,,,
1786043701545743406,1786043701.545206794,/novatel/oem7/inspva,/novatel/oem7/inspva,/novatel/oem7/inspva,39.663,-75.756,-1.799696735,0.003232416,0.001322972,0.001809362,0.002678568,0.001322972,,novatel_oem7_msgs.msg.InertialSolutionStatus(status=3),
1786043701547056832,1786043701.545353279,/novatel/oem7/fix,/novatel/oem7/fix,/novatel/oem7/inspva,39.663,-75.756,-1.799696735,0.003232416,0.001322972,0.001809362,0.002678568,0.001322972,,0,
1786043701548110079,1786043701.545717516,/novatel/oem7/odom,/novatel/oem7/fix,/novatel/oem7/odom,39.663,-75.756,-1.799696735,0.003225833,0.001338943,0.002758364,0.001672552,0.001338943,,,
1786043701556275100,1786043701.555638821,/novatel/oem7/odom,/novatel/oem7/fix,/novatel/oem7/odom,39.663,-75.756,-1.799696735,0.003225833,0.001338943,0.002758364,0.001672552,0.001338943,,,
1786043701565785502,1786043701.565229302,/novatel/oem7/inspva,/novatel/oem7/inspva,/novatel/oem7/inspva,39.663,-75.756,-1.799721112,0.002816325,-0.001279742,0.000686885,0.002731277,-0.001279742,,novatel_oem7_msgs.msg.InertialSolutionStatus(status=3),
1786043701567091595,1786043701.565375924,/novatel/oem7/fix,/novatel/oem7/fix,/novatel/oem7/inspva,39.663,-75.756,-1.799721112,0.002816325,-0.001279742,0.000686885,0.002731277,-0.001279742,,0,
1786043701568141235,1786043701.566003997,/novatel/oem7/odom,/novatel/oem7/fix,/novatel/oem7/odom,39.663,-75.756,-1.799721112,0.002822154,-0.001266836,0.002766888,0.000555772,-0.001266836,,,
1786043701575865738,1786043701.575205731,/novatel/oem7/odom,/novatel/oem7/fix,/novatel/oem7/odom,39.663,-75.756,-1.799721112,0.002822154,-0.001266836,0.002766888,0.000555772,-0.001266836,,,
1786043701586744689,1786043701.586218997,/novatel/oem7/inspva,/novatel/oem7/inspva,/novatel/oem7/inspva,39.663,-75.756,-1.799721361,0.002858085,-0.000503148,0.000478306,0.002817778,-0.000503148,,novatel_oem7_msgs.msg.InertialSolutionStatus(status=3),
1786043701588069959,1786043701.586399142,/novatel/oem7/fix,/novatel/oem7/fix,/novatel/oem7/inspva,39.663,-75.756,-1.799721361,0.002858085,-0.000503148,0.000478306,0.002817778,-0.000503148,,0,
1786043701589112876,1786043701.586907437,/novatel/oem7/odom,/novatel/oem7/fix,/novatel/oem7/odom,39.663,-75.756,-1.799721361,0.002860281,-0.000490510,0.002839864,0.000341150,-0.000490510,,,
1786043701595341701,1786043701.594731542,/novatel/oem7/odom,/novatel/oem7/fix,/novatel/oem7/odom,39.663,-75.756,-1.799721361,0.002860281,-0.000490510,0.002839864,0.000341150,-0.000490510,,,
1786043701607258073,1786043701.606761791,/novatel/oem7/inspva,/novatel/oem7/inspva,/novatel/oem7/inspva,39.663,-75.756,-1.799698003,0.003207198,0.002920278,0.000646034,0.003141458,0.002920278,,novatel_oem7_msgs.msg.InertialSolutionStatus(status=3),
1786043701608613837,1786043701.606932906,/novatel/oem7/fix,/novatel/oem7/fix,/novatel/oem7/inspva,39.663,-75.756,-1.799698003,0.003207198,0.002920278,0.000646034,0.003141458,0.002920278,,0,
1786043701609646480,1786043701.607389680,/novatel/oem7/odom,/novatel/oem7/fix,/novatel/oem7/odom,39.663,-75.756,-1.799698003,0.003193942,0.002934770,0.003157112,0.000483643,0.002934770,,,
1786043701611060631,1786043701.610237649,/novatel/oem7/bestpos,/novatel/oem7/bestpos,/novatel/oem7/odom,39.663,-75.756,33.182500115,0.003193942,0.002934770,0.003157112,0.000483643,0.002934770,,novatel_oem7_msgs.msg.SolutionStatus(status=0),novatel_oem7_msgs.msg.PositionOrVelocityType(type=53)
1786043701612477905,1786043701.610570916,/novatel/oem7/bestvel,/novatel/oem7/bestpos,/novatel/oem7/bestvel,39.663,-75.756,33.182500115,0.003947855,0.002088863,,,,64.396231344,novatel_oem7_msgs.msg.SolutionStatus(status=0),novatel_oem7_msgs.msg.PositionOrVelocityType(type=53)
1786043701616328933,1786043701.615704003,/novatel/oem7/odom,/novatel/oem7/bestpos,/novatel/oem7/odom,39.663,-75.756,33.182500115,0.003193942,0.002934770,0.003157112,0.000483643,0.002934770,,,
1786043701625677546,1786043701.625113863,/novatel/oem7/inspva,/novatel/oem7/inspva,/novatel/oem7/inspva,39.663,-75.756,-1.799711496,0.003342502,0.002255353,0.000939930,0.003207624,0.002255353,,novatel_oem7_msgs.msg.InertialSolutionStatus(status=3),
1786043701626983225,1786043701.625274252,/novatel/oem7/fix,/novatel/oem7/fix,/novatel/oem7/inspva,39.663,-75.756,-1.799711496,0.003342502,0.002255353,0.000939930,0.003207624,0.002255353,,0,
1786043701628035042,1786043701.625716682,/novatel/oem7/odom,/novatel/oem7/fix,/novatel/oem7/odom,39.663,-75.756,-1.799711496,0.003331893,0.002270996,0.003240337,0.000775709,0.002270996,,,
1786043701635271674,1786043701.634550507,/novatel/oem7/odom,/novatel/oem7/fix,/novatel/oem7/odom,39.663,-75.756,-1.799711496,0.003331893,0.002270996,0.003240337,0.000775709,0.002270996,,,
1786043701647249096,1786043701.646685120,/novatel/oem7/inspva,/novatel/oem7/inspva,/novatel/oem7/inspva,39.663,-75.756,-1.799730512,0.003126489,-0.000853979,0.002034403,0.002374055,-0.000853979,,novatel_oem7_msgs.msg.InertialSolutionStatus(status=3),
1786043701648679357,1786043701.646857972,/novatel/oem7/fix,/novatel/oem7/fix,/novatel/oem7/inspva,39.663,-75.756,-1.799730512,0.003126489,-0.000853979,0.002034403,0.002374055,-0.000853979,,0,
1786043701649859016,1786043701.647320220,/novatel/oem7/odom,/novatel/oem7/fix,/novatel/oem7/odom,39.663,-75.756,-1.799730512,0.003130649,-0.000838598,0.002474307,0.001918013,-0.000838598,,,
1786043701657101961,1786043701.656399911,/novatel/oem7/odom,/novatel/oem7/fix,/novatel/oem7/odom,39.663,-75.756,-1.799730512,0.003130649,-0.000838598,0.002474307,0.001918013,-0.000838598,,,
1786043701665469487,1786043701.664906705,/novatel/oem7/inspva,/novatel/oem7/inspva,/novatel/oem7/inspva,39.663,-75.756,-1.799732498,0.003224451,-0.000698777,0.001204203,0.002991150,-0.000698777,,novatel_oem7_msgs.msg.InertialSolutionStatus(status=3),
1786043701666812844,1786043701.665058583,/novatel/oem7/fix,/novatel/oem7/fix,/novatel/oem7/inspva,39.663,-75.756,-1.799732498,0.003224451,-0.000698777,0.001204203,0.002991150,-0.000698777,,0,
1786043701667894078,1786043701.665480967,/novatel/oem7/odom,/novatel/oem7/fix,/novatel/oem7/odom,39.663,-75.756,-1.799732498,0.003227764,-0.000683307,0.003049385,0.001058164,-0.000683307,,,
1786043701676187580,1786043701.675490793,/novatel/oem7/odom,/novatel/oem7/fix,/novatel/oem7/odom,39.663,-75.756,-1.799732498,0.003227764,-0.000683307,0.003049385,0.001058164,-0.000683307,,,
1786043701685830666,1786043701.685266380,/novatel/oem7/inspva,/novatel/oem7/inspva,/novatel/oem7/inspva,39.663,-75.756,-1.799723349,0.004483718,0.001452629,0.000309709,0.004473009,0.001452629,,novatel_oem7_msgs.msg.InertialSolutionStatus(status=3),
1786043701687278093,1786043701.685434849,/novatel/oem7/fix,/novatel/oem7/fix,/novatel/oem7/inspva,39.663,-75.756,-1.799723349,0.004483718,0.001452629,0.000309709,0.004473009,0.001452629,,0,
1786043701688363291,1786043701.686199069,/novatel/oem7/odom,/novatel/oem7/fix,/novatel/oem7/odom,39.663,-75.756,-1.799723349,0.004477545,0.001471546,0.004476711,0.000086439,0.001471546,,,
1786043701695531145,1786043701.694852428,/novatel/oem7/odom,/novatel/oem7/fix,/novatel/oem7/odom,39.663,-75.756,-1.799723349,0.004477545,0.001471546,0.004476711,0.000086439,0.001471546,,,
1786043701706449383,1786043701.705859777,/novatel/oem7/inspva,/novatel/oem7/inspva,/novatel/oem7/inspva,39.663,-75.756,-1.799732212,0.003823132,0.001926608,0.000664118,0.003765008,0.001926608,,novatel_oem7_msgs.msg.InertialSolutionStatus(status=3),
1786043701707951532,1786043701.706018199,/novatel/oem7/fix,/novatel/oem7/fix,/novatel/oem7/inspva,39.663,-75.756,-1.799732212,0.003823132,0.001926608,0.000664118,0.003765008,0.001926608,,0,
1786043701709026593,1786043701.706611859,/novatel/oem7/odom,/novatel/oem7/fix,/novatel/oem7/odom,39.663,-75.756,-1.799732212,0.003814483,0.001943675,0.003784944,0.000473791,0.001943675,,,
1786043701710640765,1786043701.709269291,/novatel/oem7/bestpos,/novatel/oem7/bestpos,/novatel/oem7/odom,39.663,-75.756,33.182466334,0.003814483,0.001943675,0.003784944,0.000473791,0.001943675,,novatel_oem7_msgs.msg.SolutionStatus(status=0),novatel_oem7_msgs.msg.PositionOrVelocityType(type=53)
1786043701711605484,1786043701.709975078,/novatel/oem7/bestvel,/novatel/oem7/bestpos,/novatel/oem7/bestvel,39.663,-75.756,33.182466334,0.004204540,0.001475248,,,,73.291940820,novatel_oem7_msgs.msg.SolutionStatus(status=0),novatel_oem7_msgs.msg.PositionOrVelocityType(type=53)
1786043701715257888,1786043701.714498710,/novatel/oem7/odom,/novatel/oem7/bestpos,/novatel/oem7/odom,39.663,-75.756,33.182466334,0.003814483,0.001943675,0.003784944,0.000473791,0.001943675,,,
1786043701725741505,1786043701.725165066,/novatel/oem7/inspva,/novatel/oem7/inspva,/novatel/oem7/inspva,39.663,-75.756,-1.799748509,0.003246840,0.000136262,0.002498243,0.002073825,0.000136262,,novatel_oem7_msgs.msg.InertialSolutionStatus(status=3),
1786043701727107542,1786043701.725320317,/novatel/oem7/fix,/novatel/oem7/fix,/novatel/oem7/inspva,39.663,-75.756,-1.799748509,0.003246840,0.000136262,0.002498243,0.002073825,0.000136262,,0,
1786043701728191909,1786043701.725820142,/novatel/oem7/odom,/novatel/oem7/fix,/novatel/oem7/odom,39.663,-75.756,-1.799748509,0.003246154,0.000151738,0.002193041,0.002393342,0.000151738,,,
1786043701736143998,1786043701.735491768,/novatel/oem7/odom,/novatel/oem7/fix,/novatel/oem7/odom,39.663,-75.756,-1.799748509,0.003246154,0.000151738,0.002193041,0.002393342,0.000151738,,,
1786043701745658482,1786043701.745082299,/novatel/oem7/inspva,/novatel/oem7/inspva,/novatel/oem7/inspva,39.663,-75.756,-1.799750801,0.002787620,-0.000441428,0.001663690,0.002236729,-0.000441428,,novatel_oem7_msgs.msg.InertialSolutionStatus(status=3),
1786043701747067146,1786043701.745208378,/novatel/oem7/fix,/novatel/oem7/fix,/novatel/oem7/inspva,39.663,-75.756,-1.799750801,0.002787620,-0.000441428,0.001663690,0.002236729,-0.000441428,,0,
1786043701748168694,1786043701.745668932,/novatel/oem7/odom,/novatel/oem7/fix,/novatel/oem7/odom,39.663,-75.756,-1.799750801,0.002789762,-0.000427677,0.002317307,0.001553339,-0.000427677,,,
1786043701756326105,1786043701.755672208,/novatel/oem7/odom,/novatel/oem7/fix,/novatel/oem7/odom,39.663,-75.756,-1.799750801,0.002789762,-0.000427677,0.002317307,0.001553339,-0.000427677,,,
1786043701767119682,1786043701.766563507,/novatel/oem7/inspva,/novatel/oem7/inspva,/novatel/oem7/inspva,39.663,-75.756,-1.799737038,0.003834503,0.001363453,0.000596978,0.003787748,0.001363453,,novatel_oem7_msgs.msg.InertialSolutionStatus(status=3),
1786043701768554766,1786043701.766716431,/novatel/oem7/fix,/novatel/oem7/fix,/novatel/oem7/inspva,39.663,-75.756,-1.799737038,0.003834503,0.001363453,0.000596978,0.003787748,0.001363453,,0,
1786043701769680684,1786043701.767166573,/novatel/oem7/odom,/novatel/oem7/fix,/novatel/oem7/odom,39.663,-75.756,-1.799737038,0.003828430,0.001380416,0.003806719,0.000407142,0.001380416,,,
1786043701775448595,1786043701.774795256,/novatel/oem7/odom,/novatel/oem7/fix,/novatel/oem7/odom,39.663,-75.756,-1.799737038,0.003828430,0.001380416,0.003806719,0.000407142,0.001380416,,,
1786043701785541342,1786043701.784958632,/novatel/oem7/inspva,/novatel/oem7/inspva,/novatel/oem7/inspva,39.663,-75.756,-1.799745642,0.003994017,0.001570144,0.000597489,0.003949073,0.001570144,,novatel_oem7_msgs.msg.InertialSolutionStatus(status=3),
1786043701786890861,1786043701.785114991,/novatel/oem7/fix,/novatel/oem7/fix,/novatel/oem7/inspva,39.663,-75.756,-1.799745642,0.003994017,0.001570144,0.000597489,0.003949073,0.001570144,,0,
1786043701787953782,1786043701.785485467,/novatel/oem7/odom,/novatel/oem7/fix,/novatel/oem7/odom,39.663,-75.756,-1.799745642,0.003987060,0.001587725,0.003967033,0.000399123,0.001587725,,,
1786043701796026989,1786043701.795344822,/novatel/oem7/odom,/novatel/oem7/fix,/novatel/oem7/odom,39.663,-75.756,-1.799745642,0.003987060,0.001587725,0.003967033,0.000399123,0.001587725,,,
1786043701806917507,1786043701.806342814,/novatel/oem7/inspva,/novatel/oem7/inspva,/novatel/oem7/inspva,39.663,-75.756,-1.799743593,0.003117482,0.001719953,0.002446225,0.001932531,0.001719953,,novatel_oem7_msgs.msg.InertialSolutionStatus(status=3),
1786043701808294014,1786043701.806511096,/novatel/oem7/fix,/novatel/oem7/fix,/novatel/oem7/inspva,39.663,-75.756,-1.799743593,0.003117482,0.001719953,0.002446225,0.001932531,0.001719953,,0,
1786043701809454675,1786043701.806964147,/novatel/oem7/odom,/novatel/oem7/fix,/novatel/oem7/odom,39.663,-75.756,-1.799743593,0.003109237,0.001734813,0.002042793,0.002344003,0.001734813,,,
1786043701810966630,1786043701.810152329,/novatel/oem7/bestpos,/novatel/oem7/bestpos,/novatel/oem7/odom,39.663,-75.756,33.182447014,0.003109237,0.001734813,0.002042793,0.002344003,0.001734813,,novatel_oem7_msgs.msg.SolutionStatus(status=0),novatel_oem7_msgs.msg.PositionOrVelocityType(type=53)
1786043701812440909,1786043701.810535920,/novatel/oem7/bestvel,/novatel/oem7/bestpos,/novatel/oem7/bestvel,39.663,-75.756,33.182447014,0.004042578,0.001025272,,,,49.155852187,novatel_oem7_msgs.msg.SolutionStatus(status=0),novatel_oem7_msgs.msg.PositionOrVelocityType(type=53)
1786043701815939816,1786043701.815249616,/novatel/oem7/odom,/novatel/oem7/bestpos,/novatel/oem7/odom,39.663,-75.756,33.182447014,0.003109237,0.001734813,0.002042793,0.002344003,0.001734813,,,
1786043701826684350,1786043701.826059457,/novatel/oem7/inspva,/novatel/oem7/inspva,/novatel/oem7/inspva,39.663,-75.756,-1.799750343,0.003040680,0.000370591,0.002406377,0.001858786,0.000370591,,novatel_oem7_msgs.msg.InertialSolutionStatus(status=3),
1786043701828149711,1786043701.826222978,/novatel/oem7/fix,/novatel/oem7/fix,/novatel/oem7/inspva,39.663,-75.756,-1.799750343,0.003040680,0.000370591,0.002406377,0.001858786,0.000370591,,0,
1786043701829326309,1786043701.826667466,/novatel/oem7/odom,/novatel/oem7/fix,/novatel/oem7/odom,39.663,-75.756,-1.799750343,0.003038886,0.000385022,0.001972829,0.002311445,0.000385022,,,
1786043701835336706,1786043701.834594112,/novatel/oem7/odom,/novatel/oem7/fix,/novatel/oem7/odom,39.663,-75.756,-1.799750343,0.003038886,0.000385022,0.001972829,0.002311445,0.000385022,,,
1786043701845917757,1786043701.845323241,/novatel/oem7/inspva,/novatel/oem7/inspva,/novatel/oem7/inspva,39.663,-75.756,-1.799742268,0.002990808,0.000509942,0.000700345,0.002907654,0.000509942,,novatel_oem7_msgs.msg.InertialSolutionStatus(status=3),
1786043701847316595,1786043701.845522707,/novatel/oem7/fix,/novatel/oem7/fix,/novatel/oem7/inspva,39.663,-75.756,-1.799742268,0.002990808,0.000509942,0.000700345,0.002907654,0.000509942,,0,
1786043701848467969,1786043701.846109839,/novatel/oem7/odom,/novatel/oem7/fix,/novatel/oem7/odom,39.663,-75.756,-1.799742268,0.002988444,0.000523619,0.002936321,0.000555712,0.000523619,,,
1786043701856993951,1786043701.856299200,/novatel/oem7/odom,/novatel/oem7/fix,/novatel/oem7/odom,39.663,-75.756,-1.799742268,0.002988444,0.000523619,0.002936321,0.000555712,0.000523619,,,
1786043701865788688,1786043701.865125001,/novatel/oem7/inspva,/novatel/oem7/inspva,/novatel/oem7/inspva,39.663,-75.756,-1.799750334,0.003622147,0.000908340,0.000755699,0.003542439,0.000908340,,novatel_oem7_msgs.msg.InertialSolutionStatus(status=3),
1786043701867295053,1786043701.865294436,/novatel/oem7/fix,/novatel/oem7/fix,/novatel/oem7/inspva,39.663,-75.756,-1.799750334,0.003622147,0.000908340,0.000755699,0.003542439,0.000908340,,0,
1786043701868559798,1786043701.865671010,/novatel/oem7/odom,/novatel/oem7/fix,/novatel/oem7/odom,39.663,-75.756,-1.799750334,0.003617984,0.000924785,0.003571383,0.000578815,0.000924785,,,
1786043701875072926,1786043701.874313395,/novatel/oem7/odom,/novatel/oem7/fix,/novatel/oem7/odom,39.663,-75.756,-1.799750334,0.003617984,0.000924785,0.003571383,0.000578815,0.000924785,,,
1786043701887151750,1786043701.886550617,/novatel/oem7/inspva,/novatel/oem7/inspva,/novatel/oem7/inspva,39.663,-75.756,-1.799754124,0.003850183,0.001357834,0.002471983,0.002951814,0.001357834,,novatel_oem7_msgs.msg.InertialSolutionStatus(status=3),
1786043701888623164,1786043701.886721542,/novatel/oem7/fix,/novatel/oem7/fix,/novatel/oem7/inspva,39.663,-75.756,-1.799754124,0.003850183,0.001357834,0.002471983,0.002951814,0.001357834,,0,
1786043701889773459,1786043701.887148815,/novatel/oem7/odom,/novatel/oem7/fix,/novatel/oem7/odom,39.663,-75.756,-1.799754124,0.003843418,0.001376865,0.003063658,0.002320747,0.001376865,,,
1786043701896111099,1786043701.895433272,/novatel/oem7/odom,/novatel/oem7/fix,/novatel/oem7/odom,39.663,-75.756,-1.799754124,0.003843418,0.001376865,0.003063658,0.002320747,0.001376865,,,
1786043701906441764,1786043701.905829935,/novatel/oem7/inspva,/novatel/oem7/inspva,/novatel/oem7/inspva,39.663,-75.756,-1.799764746,0.003464928,0.000915363,0.002663402,0.002216306,0.000915363,,novatel_oem7_msgs.msg.InertialSolutionStatus(status=3),
1786043701907905302,1786043701.905993203,/novatel/oem7/fix,/novatel/oem7/fix,/novatel/oem7/inspva,39.663,-75.756,-1.799764746,0.003464928,0.000915363,0.002663402,0.002216306,0.000915363,,0,
1786043701909118014,1786043701.906436874,/novatel/oem7/odom,/novatel/oem7/fix,/novatel/oem7/odom,39.663,-75.756,-1.799764746,0.003460484,0.000932019,0.002340229,0.002549173,0.000932019,,,
1786043701910719930,1786043701.909566398,/novatel/oem7/bestpos,/novatel/oem7/bestpos,/novatel/oem7/odom,39.663,-75.756,33.182422135,0.003460484,0.000932019,0.002340229,0.002549173,0.000932019,,novatel_oem7_msgs.msg.SolutionStatus(status=0),novatel_oem7_msgs.msg.PositionOrVelocityType(type=53)
1786043701912296279,1786043701.910225659,/novatel/oem7/bestvel,/novatel/oem7/bestpos,/novatel/oem7/bestvel,39.663,-75.756,33.182422135,0.004556831,0.000133659,,,,52.771475456,novatel_oem7_msgs.msg.SolutionStatus(status=0),novatel_oem7_msgs.msg.PositionOrVelocityType(type=53)
1786043701916081803,1786043701.915414143,/novatel/oem7/odom,/novatel/oem7/bestpos,/novatel/oem7/odom,39.663,-75.756,33.182422135,0.003460484,0.000932019,0.002340229,0.002549173,0.000932019,,,
1786043701927038882,1786043701.926450080,/novatel/oem7/inspva,/novatel/oem7/inspva,/novatel/oem7/inspva,39.663,-75.756,-1.799769611,0.002988259,-0.000354191,0.000947496,0.002834069,-0.000354191,,novatel_oem7_msgs.msg.InertialSolutionStatus(status=3),
1786043701928459686,1786043701.926614861,/novatel/oem7/fix,/novatel/oem7/fix,/novatel/oem7/inspva,39.663,-75.756,-1.799769611,0.002988259,-0.000354191,0.000947496,0.002834069,-0.000354191,,0,
1786043701929631177,1786043701.926872324,/novatel/oem7/odom,/novatel/oem7/fix,/novatel/oem7/odom,39.663,-75.756,-1.799769611,0.002989894,-0.000340119,0.002878510,0.000808484,-0.000340119,,,
1786043701935520476,1786043701.934841663,/novatel/oem7/odom,/novatel/oem7/fix,/novatel/oem7/odom,39.663,-75.756,-1.799769611,0.002989894,-0.000340119,0.002878510,0.000808484,-0.000340119,,,
1786043701946499552,1786043701.945954486,/novatel/oem7/inspva,/novatel/oem7/inspva,/novatel/oem7/inspva,39.663,-75.756,-1.799773823,0.003443716,0.000424602,0.000688795,0.003374128,0.000424602,,novatel_oem7_msgs.msg.InertialSolutionStatus(status=3),
1786043701947971859,1786043701.946108901,/novatel/oem7/fix,/novatel/oem7/fix,/novatel/oem7/inspva,39.663,-75.756,-1.799773823,0.003443716,0.000424602,0.000688795,0.003374128,0.000424602,,0,
1786043701949056204,1786043701.946463861,/novatel/oem7/odom,/novatel/oem7/fix,/novatel/oem7/odom,39.663,-75.756,-1.799773823,0.003441772,0.000440085,0.003402031,0.000521518,0.000440085,,,
1786043701956530914,1786043701.955896767,/novatel/oem7/odom,/novatel/oem7/fix,/novatel/oem7/odom,39.663,-75.756,-1.799773823,0.003441772,0.000440085,0.003402031,0.000521518,0.000440085,,,
1786043701965935498,1786043701.965339808,/novatel/oem7/inspva,/novatel/oem7/inspva,/novatel/oem7/inspva,39.663,-75.756,-1.799774734,0.003931398,0.001404881,0.002107970,0.003318486,0.001404881,,novatel_oem7_msgs.msg.InertialSolutionStatus(status=3),
1786043701967346952,1786043701.965514393,/novatel/oem7/fix,/novatel/oem7/fix,/novatel/oem7/inspva,39.663,-75.756,-1.799774734,0.003931398,0.001404881,0.002107970,0.003318486,0.001404881,,0,
1786043701968466733,1786043701.966035835,/novatel/oem7/odom,/novatel/oem7/fix,/novatel/oem7/odom,39.663,-75.756,-1.799774734,0.003924378,0.001424371,0.003411872,0.001939039,0.001424371,,,
1786043701976207569,1786043701.975561821,/novatel/oem7/odom,/novatel/oem7/fix,/novatel/oem7/odom,39.663,-75.756,-1.799774734,0.003924378,0.001424371,0.003411872,0.001939039,0.001424371,,,
1786043701986032097,1786043701.985486789,/novatel/oem7/inspva,/novatel/oem7/inspva,/novatel/oem7/inspva,39.663,-75.756,-1.799778173,0.003574218,0.001463119,0.002362860,0.002681777,0.001463119,,novatel_oem7_msgs.msg.InertialSolutionStatus(status=3),
1786043701987392677,1786043701.985637187,/novatel/oem7/fix,/novatel/oem7/fix,/novatel/oem7/inspva,39.663,-75.756,-1.799778173,0.003574218,0.001463119,0.002362860,0.002681777,0.001463119,,0,
1786043701988526572,1786043701.986092291,/novatel/oem7/odom,/novatel/oem7/fix,/novatel/oem7/odom,39.663,-75.756,-1.799778173,0.003566936,0.001480783,0.002788199,0.002224629,0.001480783,,,
1786043701995154478,1786043701.994468337,/novatel/oem7/odom,/novatel/oem7/fix,/novatel/oem7/odom,39.663,-75.756,-1.799778173,0.003566936,0.001480783,0.002788199,0.002224629,0.001480783,,,
1786043702008887837,1786043702.008380770,/novatel/oem7/inspva,/novatel/oem7/inspva,/novatel/oem7/inspva,39.663,-75.756,-1.799777079,0.003156201,-0.000015185,0.001864312,0.002546752,-0.000015185,,novatel_oem7_msgs.msg.InertialSolutionStatus(status=3),
1786043702010286351,1786043702.008463847,/novatel/oem7/fix,/novatel/oem7/fix,/novatel/oem7/inspva,39.663,-75.756,-1.799777079,0.003156201,-0.000015185,0.001864312,0.002546752,-0.000015185,,0,
1786043702011958478,1786043702.011165183,/novatel/oem7/odom,/novatel/oem7/fix,/novatel/oem7/odom,39.663,-75.756,-1.799777079,0.003156237,0.000000429,0.002635049,0.001737340,0.000000429,,,
1786043702017314497,1786043702.016647474,/novatel/oem7/odom,/novatel/oem7/fix,/novatel/oem7/odom,39.663,-75.756,-1.799777079,0.003156237,0.000000429,0.002635049,0.001737340,0.000000429,,,
1786043702025994743,1786043702.025436170,/novatel/oem7/bestpos,/novatel/oem7/bestpos,/novatel/oem7/odom,39.663,-75.756,33.182420379,0.003156237,0.000000429,0.002635049,0.001737340,0.000000429,,novatel_oem7_msgs.msg.SolutionStatus(status=0),novatel_oem7_msgs.msg.PositionOrVelocityType(type=53)
1786043702027466202,1786043702.026583675,/novatel/oem7/bestvel,/novatel/oem7/bestpos,/novatel/oem7/bestvel,39.663,-75.756,33.182420379,0.002763064,0.000365270,,,,61.678721595,novatel_oem7_msgs.msg.SolutionStatus(status=0),novatel_oem7_msgs.msg.PositionOrVelocityType(type=53)
1786043702028926189,1786043702.027325322,/novatel/oem7/inspva,/novatel/oem7/inspva,/novatel/oem7/inspva,39.663,-75.756,-1.799775099,0.003149070,0.000095120,0.001392633,0.002824397,0.000095120,,novatel_oem7_msgs.msg.InertialSolutionStatus(status=3),
1786043702029793768,1786043702.027395085,/novatel/oem7/fix,/novatel/oem7/fix,/novatel/oem7/inspva,39.663,-75.756,-1.799775099,0.003149070,0.000095120,0.001392633,0.002824397,0.000095120,,0,
1786043702030836105,1786043702.027974250,/novatel/oem7/odom,/novatel/oem7/fix,/novatel/oem7/odom,39.663,-75.756,-1.799775099,0.003148568,0.000110497,0.002888811,0.001252300,0.000110497,,,
1786043702035354940,1786043702.034674813,/novatel/oem7/odom,/novatel/oem7/fix,/novatel/oem7/odom,39.663,-75.756,-1.799775099,0.003148568,0.000110497,0.002888811,0.001252300,0.000110497,,,
1786043702046078017,1786043702.045535954,/novatel/oem7/inspva,/novatel/oem7/inspva,/novatel/oem7/inspva,39.663,-75.756,-1.799763169,0.004375717,0.001841881,0.001549245,0.004092278,0.001841881,,novatel_oem7_msgs.msg.InertialSolutionStatus(status=3),
1786043702047467877,1786043702.045687863,/novatel/oem7/fix,/novatel/oem7/fix,/novatel/oem7/inspva,39.663,-75.756,-1.799763169,0.004375717,0.001841881,0.001549245,0.004092278,0.001841881,,0,
1786043702048574884,1786043702.046550067,/novatel/oem7/odom,/novatel/oem7/fix,/novatel/oem7/odom,39.663,-75.756,-1.799763169,0.004366814,0.001862890,0.004155554,0.001341805,0.001862890,,,
1786043702057370145,1786043702.056516770,/novatel/oem7/odom,/novatel/oem7/fix,/novatel/oem7/odom,39.663,-75.756,-1.799763169,0.004366814,0.001862890,0.004155554,0.001341805,0.001862890,,,
1786043702065663894,1786043702.065072641,/novatel/oem7/inspva,/novatel/oem7/inspva,/novatel/oem7/inspva,39.663,-75.756,-1.799761405,0.003867992,0.001744648,0.002136604,0.003224327,0.001744648,,novatel_oem7_msgs.msg.InertialSolutionStatus(status=3),
1786043702067104371,1786043702.065242833,/novatel/oem7/fix,/novatel/oem7/fix,/novatel/oem7/inspva,39.663,-75.756,-1.799761405,0.003867992,0.001744648,0.002136604,0.003224327,0.001744648,,0,
1786043702068288257,1786043702.065562176,/novatel/oem7/odom,/novatel/oem7/fix,/novatel/oem7/odom,39.663,-75.756,-1.799761405,0.003859286,0.001763823,0.003317843,0.001971295,0.001763823,,,
1786043702075485095,1786043702.074809438,/novatel/oem7/odom,/novatel/oem7/fix,/novatel/oem7/odom,39.663,-75.756,-1.799761405,0.003859286,0.001763823,0.003317843,0.001971295,0.001763823,,,
1786043702085916475,1786043702.085359339,/novatel/oem7/inspva,/novatel/oem7/inspva,/novatel/oem7/inspva,39.663,-75.756,-1.799766748,0.003599178,-0.000552882,0.002682314,0.002399850,-0.000552882,,novatel_oem7_msgs.msg.InertialSolutionStatus(status=3),
1786043702087337829,1786043702.085513158,/novatel/oem7/fix,/novatel/oem7/fix,/novatel/oem7/inspva,39.663,-75.756,-1.799766748,0.003599178,-0.000552882,0.002682314,0.002399850,-0.000552882,,0,
1786043702088455943,1786043702.086071497,/novatel/oem7/odom,/novatel/oem7/fix,/novatel/oem7/odom,39.663,-75.756,-1.799766748,0.003601803,-0.000535519,0.002530650,0.002562966,-0.000535519,,,
1786043702096210454,1786043702.095261148,/novatel/oem7/odom,/novatel/oem7/fix,/novatel/oem7/odom,39.663,-75.756,-1.799766748,0.003601803,-0.000535519,0.002530650,0.002562966,-0.000535519,,,
1786043702106910796,1786043702.106193566,/novatel/oem7/inspva,/novatel/oem7/inspva,/novatel/oem7/inspva,39.663,-75.756,-1.799760659,0.003674587,-0.000762398,0.001816884,0.003193982,-0.000762398,,novatel_oem7_msgs.msg.InertialSolutionStatus(status=3),
1786043702108774899,1786043702.106377705,/novatel/oem7/fix,/novatel/oem7/fix,/novatel/oem7/inspva,39.663,-75.756,-1.799760659,0.003674587,-0.000762398,0.001816884,0.003193982,-0.000762398,,0,
1786043702110271337,1786043702.106847312,/novatel/oem7/odom,/novatel/oem7/fix,/novatel/oem7/odom,39.663,-75.756,-1.799760659,0.003678292,-0.000744316,0.003282290,0.001660243,-0.000744316,,,
1786043702112134452,1786043702.109331680,/novatel/oem7/bestpos,/novatel/oem7/bestpos,/novatel/oem7/odom,39.663,-75.756,33.182494645,0.003678292,-0.000744316,0.003282290,0.001660243,-0.000744316,,novatel_oem7_msgs.msg.SolutionStatus(status=0),novatel_oem7_msgs.msg.PositionOrVelocityType(type=53)
1786043702113113258,1786043702.109931850,/novatel/oem7/bestvel,/novatel/oem7/bestpos,/novatel/oem7/bestvel,39.663,-75.756,33.182494645,0.003244119,-0.000399105,,,,63.441475633,novatel_oem7_msgs.msg.SolutionStatus(status=0),novatel_oem7_msgs.msg.PositionOrVelocityType(type=53)
1786043702115281099,1786043702.114430978,/novatel/oem7/odom,/novatel/oem7/bestpos,/novatel/oem7/odom,39.663,-75.756,33.182494645,0.003678292,-0.000744316,0.003282290,0.001660243,-0.000744316,,,
1786043702126074543,1786043702.125364966,/novatel/oem7/inspva,/novatel/oem7/inspva,/novatel/oem7/inspva,39.663,-75.756,-1.799737721,0.004271423,0.001722500,0.001243430,0.004086433,0.001722500,,novatel_oem7_msgs.msg.InertialSolutionStatus(status=3),
1786043702127593929,1786043702.125585135,/novatel/oem7/fix,/novatel/oem7/fix,/novatel/oem7/inspva,39.663,-75.756,-1.799737721,0.004271423,0.001722500,0.001243430,0.004086433,0.001722500,,0,
1786043702128833491,1786043702.126161491,/novatel/oem7/odom,/novatel/oem7/fix,/novatel/oem7/odom,39.663,-75.756,-1.799737721,0.004263251,0.001742628,0.004135204,0.001037013,0.001742628,,,
1786043702136099473,1786043702.135448871,/novatel/oem7/odom,/novatel/oem7/fix,/novatel/oem7/odom,39.663,-75.756,-1.799737721,0.004263251,0.001742628,0.004135204,0.001037013,0.001742628,,,
1786043702145621947,1786043702.145071049,/novatel/oem7/inspva,/novatel/oem7/inspva,/novatel/oem7/inspva,39.663,-75.756,-1.799732608,0.003672150,0.002663384,0.001726897,0.003240758,0.002663384,,novatel_oem7_msgs.msg.InertialSolutionStatus(status=3),
1786043702146986111,1786043702.145229500,/novatel/oem7/fix,/novatel/oem7/fix,/novatel/oem7/inspva,39.663,-75.756,-1.799732608,0.003672150,0.002663384,0.001726897,0.003240758,0.002663384,,0,
1786043702148081209,1786043702.145637344,/novatel/oem7/odom,/novatel/oem7/fix,/novatel/oem7/odom,39.663,-75.756,-1.799732608,0.003658994,0.002681429,0.003310363,0.001558759,0.002681429,,,
1786043702156807411,1786043702.155838756,/novatel/oem7/odom,/novatel/oem7/fix,/novatel/oem7/odom,39.663,-75.756,-1.799732608,0.003658994,0.002681429,0.003310363,0.001558759,0.002681429,,,
1786043702166332743,1786043702.165579839,/novatel/oem7/inspva,/novatel/oem7/inspva,/novatel/oem7/inspva,39.663,-75.756,-1.799743323,0.003391875,-0.000528054,0.002504991,0.002286884,-0.000528054,,novatel_oem7_msgs.msg.InertialSolutionStatus(status=3),
1786043702168047097,1786043702.165768120,/novatel/oem7/fix,/novatel/oem7/fix,/novatel/oem7/inspva,39.663,-75.756,-1.799743323,0.003391875,-0.000528054,0.002504991,0.002286884,-0.000528054,,0,
1786043702169387420,1786043702.166354590,/novatel/oem7/odom,/novatel/oem7/fix,/novatel/oem7/odom,39.663,-75.756,-1.799743323,0.003394386,-0.000511664,0.002409075,0.002391279,-0.000511664,,,
1786043702175517734,1786043702.174722149,/novatel/oem7/odom,/novatel/oem7/fix,/novatel/oem7/odom,39.663,-75.756,-1.799743323,0.003394386,-0.000511664,0.002409075,0.002391279,-0.000511664,,,
1786043702186249497,1786043702.185181740,/novatel/oem7/inspva,/novatel/oem7/inspva,/novatel/oem7/inspva,39.663,-75.756,-1.799731557,0.002799554,-0.000728381,0.001842058,0.002108157,-0.000728381,,novatel_oem7_msgs.msg.InertialSolutionStatus(status=3),
1786043702188272621,1786043702.185349008,/novatel/oem7/fix,/novatel/oem7/fix,/novatel/oem7/inspva,39.663,-75.756,-1.799731557,0.002799554,-0.000728381,0.001842058,0.002108157,-0.000728381,,0,
1786043702189456179,1786043702.185931230,/novatel/oem7/odom,/novatel/oem7/fix,/novatel/oem7/odom,39.663,-75.756,-1.799731557,0.002803096,-0.000714629,0.002198867,0.001738486,-0.000714629,,,
1786043702195555116,1786043702.194858406,/novatel/oem7/odom,/novatel/oem7/fix,/novatel/oem7/odom,39.663,-75.756,-1.799731557,0.002803096,-0.000714629,0.002198867,0.001738486,-0.000714629,,,
1786043702207008497,1786043702.206511148,/novatel/oem7/inspva,/novatel/oem7/inspva,/novatel/oem7/inspva,39.663,-75.756,-1.799704878,0.004497095,0.001530105,0.000220320,0.004491695,0.001530105,,novatel_oem7_msgs.msg.InertialSolutionStatus(status=3),
1786043702207721368,1786043702.206673530,/novatel/oem7/fix,/novatel/oem7/fix,/novatel/oem7/inspva,39.663,-75.756,-1.799704878,0.004497095,0.001530105,0.000220320,0.004491695,0.001530105,,0,
1786043702208237173,1786043702.207169508,/novatel/oem7/odom,/novatel/oem7/fix,/novatel/oem7/odom,39.663,-75.756,-1.799704878,0.004490713,0.001548736,0.004490711,-0.000004247,0.001548736,,,
1786043702210576695,1786043702.210035900,/novatel/oem7/bestpos,/novatel/oem7/bestpos,/novatel/oem7/odom,39.663,-75.756,33.182531470,0.004490713,0.001548736,0.004490711,-0.000004247,0.001548736,,novatel_oem7_msgs.msg.SolutionStatus(status=0),novatel_oem7_msgs.msg.PositionOrVelocityType(type=53)
1786043702211250525,1786043702.210398520,/novatel/oem7/bestvel,/novatel/oem7/bestpos,/novatel/oem7/bestvel,39.663,-75.756,33.182531470,0.004160504,0.001169764,,,,71.400564441,novatel_oem7_msgs.msg.SolutionStatus(status=0),novatel_oem7_msgs.msg.PositionOrVelocityType(type=53)
1786043702215310361,1786043702.214837982,/novatel/oem7/odom,/novatel/oem7/bestpos,/novatel/oem7/odom,39.663,-75.756,33.182531470,0.004490713,0.001548736,0.004490711,-0.000004247,0.001548736,,,
1786043702226541912,1786043702.225995785,/novatel/oem7/inspva,/novatel/oem7/inspva,/novatel/oem7/inspva,39.663,-75.756,-1.799692144,0.002994348,0.002365543,0.000506906,0.002951129,0.002365543,,novatel_oem7_msgs.msg.InertialSolutionStatus(status=3),
1786043702227259544,1786043702.226173653,/novatel/oem7/fix,/novatel/oem7/fix,/novatel/oem7/inspva,39.663,-75.756,-1.799692144,0.002994348,0.002365543,0.000506906,0.002951129,0.002365543,,0,
1786043702227840794,1786043702.226547022,/novatel/oem7/odom,/novatel/oem7/fix,/novatel/oem7/odom,39.663,-75.756,-1.799692144,0.002983767,0.002378875,0.002962546,0.000355222,0.002378875,,,
1786043702234969166,1786043702.234351111,/novatel/oem7/odom,/novatel/oem7/fix,/novatel/oem7/odom,39.663,-75.756,-1.799692144,0.002983767,0.002378875,0.002962546,0.000355222,0.002378875,,,
1786043702246227809,1786043702.245212719,/novatel/oem7/inspva,/novatel/oem7/inspva,/novatel/oem7/inspva,39.663,-75.756,-1.799695333,0.003288917,0.000493373,0.003018328,0.001306396,0.000493373,,novatel_oem7_msgs.msg.InertialSolutionStatus(status=3),
1786043702247822610,1786043702.245358524,/novatel/oem7/fix,/novatel/oem7/fix,/novatel/oem7/inspva,39.663,-75.756,-1.799695333,0.003288917,0.000493373,0.003018328,0.001306396,0.000493373,,0,
1786043702249684338,1786043702.245713424,/novatel/oem7/odom,/novatel/oem7/fix,/novatel/oem7/odom,39.663,-75.756,-1.799695333,0.003286804,0.000507262,0.001450682,0.002949339,0.000507262,,,
1786043702260482937,1786043702.256561238,/novatel/oem7/odom,/novatel/oem7/fix,/novatel/oem7/odom,39.663,-75.756,-1.799695333,0.003286804,0.000507262,0.001450682,0.002949339,0.000507262,,,
1786043702268146421,1786043702.264950631,/novatel/oem7/inspva,/novatel/oem7/inspva,/novatel/oem7/inspva,39.663,-75.756,-1.799687047,0.002716684,-0.000128551,0.002004408,0.001833772,-0.000128551,,novatel_oem7_msgs.msg.InertialSolutionStatus(status=3),
1786043702272862403,1786043702.265115090,/novatel/oem7/fix,/novatel/oem7/fix,/novatel/oem7/inspva,39.663,-75.756,-1.799687047,0.002716684,-0.000128551,0.002004408,0.001833772,-0.000128551,,0,
1786043702275955782,1786043702.265569458,/novatel/oem7/odom,/novatel/oem7/fix,/novatel/oem7/odom,39.663,-75.756,-1.799687047,0.002717272,-0.000115440,0.001930318,0.001912444,-0.000115440,,,
1786043702278148415,1786043702.274411275,/novatel/oem7/odom,/novatel/oem7/fix,/novatel/oem7/odom,39.663,-75.756,-1.799687047,0.002717272,-0.000115440,0.001930318,0.001912444,-0.000115440,,,
1786043702287116884,1786043702.286495298,/novatel/oem7/inspva,/novatel/oem7/inspva,/novatel/oem7/inspva,39.663,-75.756,-1.799667827,0.003806783,0.000844381,0.000059568,0.003806317,0.000844381,,novatel_oem7_msgs.msg.InertialSolutionStatus(status=3),
1786043702288230108,1786043702.286657780,/novatel/oem7/fix,/novatel/oem7/fix,/novatel/oem7/inspva,39.663,-75.756,-1.799667827,0.003806783,0.000844381,0.000059568,0.003806317,0.000844381,,0,
1786043702289022303,1786043702.287063271,/novatel/oem7/odom,/novatel/oem7/fix,/novatel/oem7/odom,39.663,-75.756,-1.799667827,0.003803330,0.000859802,0.003801129,-0.000129375,0.000859802,,,
1786043702295530874,1786043702.294927916,/novatel/oem7/odom,/novatel/oem7/fix,/novatel/oem7/odom,39.663,-75.756,-1.799667827,0.003803330,0.000859802,0.003801129,-0.000129375,0.000859802,,,
1786043702306285377,1786043702.305773030,/novatel/oem7/inspva,/novatel/oem7/inspva,/novatel/oem7/inspva,39.663,-75.756,-1.799655093,0.003715748,0.001562761,0.000136461,0.003713241,0.001562761,,novatel_oem7_msgs.msg.InertialSolutionStatus(status=3),
1786043702307434906,1786043702.305940821,/novatel/oem7/fix,/novatel/oem7/fix,/novatel/oem7/inspva,39.663,-75.756,-1.799655093,0.003715748,0.001562761,0.000136461,0.003713241,0.001562761,,0,
1786043702308661063,1786043702.306414996,/novatel/oem7/odom,/novatel/oem7/fix,/novatel/oem7/odom,39.663,-75.756,-1.799655093,0.003709315,0.001577969,0.003708979,-0.000049930,0.001577969,,,
1786043702310672062,1786043702.309186067,/novatel/oem7/bestpos,/novatel/oem7/bestpos,/novatel/oem7/odom,39.663,-75.756,33.182590459,0.003709315,0.001577969,0.003708979,-0.000049930,0.001577969,,novatel_oem7_msgs.msg.SolutionStatus(status=0),novatel_oem7_msgs.msg.PositionOrVelocityType(type=53)
1786043702311815633,1786043702.309577894,/novatel/oem7/bestvel,/novatel/oem7/bestpos,/novatel/oem7/bestvel,39.663,-75.756,33.182590459,0.002869673,0.001991874,,,,87.022243118,novatel_oem7_msgs.msg.SolutionStatus(status=0),novatel_oem7_msgs.msg.PositionOrVelocityType(type=53)
1786043702316077451,1786043702.314571304,/novatel/oem7/odom,/novatel/oem7/bestpos,/novatel/oem7/odom,39.663,-75.756,33.182590459,0.003709315,0.001577969,0.003708979,-0.000049930,0.001577969,,,
1786043702325532000,1786043702.325101581,/novatel/oem7/inspva,/novatel/oem7/inspva,/novatel/oem7/inspva,39.663,-75.756,-1.799644763,0.002817186,0.001597606,0.002053820,0.001928305,0.001597606,,novatel_oem7_msgs.msg.InertialSolutionStatus(status=3),
1786043702326549439,1786043702.325261180,/novatel/oem7/fix,/novatel/oem7/fix,/novatel/oem7/inspva,39.663,-75.756,-1.799644763,0.002817186,0.001597606,0.002053820,0.001928305,0.001597606,,0,
1786043702327345919,1786043702.325738114,/novatel/oem7/odom,/novatel/oem7/fix,/novatel/oem7/odom,39.663,-75.756,-1.799644763,0.002809361,0.001611326,0.002019941,0.001952524,0.001611326,,,
1786043702335482864,1786043702.334746508,/novatel/oem7/odom,/novatel/oem7/fix,/novatel/oem7/odom,39.663,-75.756,-1.799644763,0.002809361,0.001611326,0.002019941,0.001952524,0.001611326,,,
1786043702346661531,1786043702.346046879,/novatel/oem7/inspva,/novatel/oem7/inspva,/novatel/oem7/inspva,39.663,-75.756,-1.799641573,0.002900429,0.001047361,0.002005821,0.002095034,0.001047361,,novatel_oem7_msgs.msg.InertialSolutionStatus(status=3),
1786043702347965555,1786043702.346211885,/novatel/oem7/fix,/novatel/oem7/fix,/novatel/oem7/inspva,39.663,-75.756,-1.799641573,0.002900429,0.001047361,0.002005821,0.002095034,0.001047361,,0,
1786043702349147712,1786043702.346695096,/novatel/oem7/odom,/novatel/oem7/fix,/novatel/oem7/odom,39.663,-75.756,-1.799641573,0.002895275,0.001061524,0.002186466,0.001897890,0.001061524,,,
1786043702356487250,1786043702.355740702,/novatel/oem7/odom,/novatel/oem7/fix,/novatel/oem7/odom,39.663,-75.756,-1.799641573,0.002895275,0.001061524,0.002186466,0.001897890,0.001061524,,,
1786043702365827813,1786043702.365273350,/novatel/oem7/inspva,/novatel/oem7/inspva,/novatel/oem7/inspva,39.663,-75.756,-1.799629423,0.003249921,0.000332229,0.000228926,0.003241848,0.000332229,,novatel_oem7_msgs.msg.InertialSolutionStatus(status=3),
1786043702367218938,1786043702.365466356,/novatel/oem7/fix,/novatel/oem7/fix,/novatel/oem7/inspva,39.663,-75.756,-1.799629423,0.003249921,0.000332229,0.000228926,0.003241848,0.000332229,,0,
1786043702368368834,1786043702.366033361,/novatel/oem7/odom,/novatel/oem7/fix,/novatel/oem7/odom,39.663,-75.756,-1.799629423,0.003248507,0.000345784,0.003247777,0.000068848,0.000345784,,,
1786043702376054859,1786043702.375386374,/novatel/oem7/odom,/novatel/oem7/fix,/novatel/oem7/odom,39.663,-75.756,-1.799629423,0.003248507,0.000345784,0.003247777,0.000068848,0.000345784,,,
1786043702385738653,1786043702.384951272,/novatel/oem7/inspva,/novatel/oem7/inspva,/novatel/oem7/inspva,39.663,-75.756,-1.799603618,0.002841573,0.001323237,0.000539021,0.002789981,0.001323237,,novatel_oem7_msgs.msg.InertialSolutionStatus(status=3),
1786043702387075344,1786043702.385118364,/novatel/oem7/fix,/novatel/oem7/fix,/novatel/oem7/inspva,39.663,-75.756,-1.799603618,0.002841573,0.001323237,0.000539021,0.002789981,0.001323237,,0,
1786043702387997340,1786043702.385523765,/novatel/oem7/odom,/novatel/oem7/fix,/novatel/oem7/odom,39.663,-75.756,-1.799603618,0.002835619,0.001335947,0.002807544,0.000398032,0.001335947,,,
1786043702394969904,1786043702.394373486,/novatel/oem7/odom,/novatel/oem7/fix,/novatel/oem7/odom,39.663,-75.756,-1.799603618,0.002835619,0.001335947,0.002807544,0.000398032,0.001335947,,,
1786043702407194075,1786043702.406585934,/novatel/oem7/inspva,/novatel/oem7/inspva,/novatel/oem7/inspva,39.663,-75.756,-1.799576479,0.003276855,0.002555171,0.001167069,0.003061981,0.002555171,,novatel_oem7_msgs.msg.InertialSolutionStatus(status=3),
1786043702408466910,1786043702.406746068,/novatel/oem7/fix,/novatel/oem7/fix,/novatel/oem7/inspva,39.663,-75.756,-1.799576479,0.003276855,0.002555171,0.001167069,0.003061981,0.002555171,,0,
1786043702409363030,1786043702.407236310,/novatel/oem7/odom,/novatel/oem7/fix,/novatel/oem7/odom,39.663,-75.756,-1.799576479,0.003264589,0.002570825,0.003104864,0.001008643,0.002570825,,,
1786043702410604171,1786043702.409906623,/novatel/oem7/bestpos,/novatel/oem7/bestpos,/novatel/oem7/odom,39.663,-75.756,33.182652921,0.003264589,0.002570825,0.003104864,0.001008643,0.002570825,,novatel_oem7_msgs.msg.SolutionStatus(status=0),novatel_oem7_msgs.msg.PositionOrVelocityType(type=53)
1786043702411912793,1786043702.410257103,/novatel/oem7/bestvel,/novatel/oem7/bestpos,/novatel/oem7/bestvel,39.663,-75.756,33.182652921,0.003881588,0.002031567,,,,64.329696548,novatel_oem7_msgs.msg.SolutionStatus(status=0),novatel_oem7_msgs.msg.PositionOrVelocityType(type=53)
1786043702415575786,1786043702.415021317,/novatel/oem7/odom,/novatel/oem7/bestpos,/novatel/oem7/odom,39.663,-75.756,33.182652921,0.003264589,0.002570825,0.003104864,0.001008643,0.002570825,,,
1786043702425553363,1786043702.425071020,/novatel/oem7/inspva,/novatel/oem7/inspva,/novatel/oem7/inspva,39.663,-75.756,-1.799565767,0.002912171,0.002223188,0.001475683,0.002510597,0.002223188,,novatel_oem7_msgs.msg.InertialSolutionStatus(status=3),
1786043702426621342,1786043702.425239095,/novatel/oem7/fix,/novatel/oem7/fix,/novatel/oem7/inspva,39.663,-75.756,-1.799565767,0.002912171,0.002223188,0.001475683,0.002510597,0.002223188,,0,
1786043702427482255,1786043702.425573971,/novatel/oem7/odom,/novatel/oem7/fix,/novatel/oem7/odom,39.663,-75.756,-1.799565767,0.002901139,0.002237565,0.002570626,0.001344801,0.002237565,,,
1786043702436661766,1786043702.435714733,/novatel/oem7/odom,/novatel/oem7/fix,/novatel/oem7/odom,39.663,-75.756,-1.799565767,0.002901139,0.002237565,0.002570626,0.001344801,0.002237565,,,
1786043702445998172,1786043702.445365108,/novatel/oem7/inspva,/novatel/oem7/inspva,/novatel/oem7/inspva,39.663,-75.756,-1.799564298,0.001995532,-0.000362187,0.000424861,0.001949780,-0.000362187,,novatel_oem7_msgs.msg.InertialSolutionStatus(status=3),
1786043702447251740,1786043702.445537680,/novatel/oem7/fix,/novatel/oem7/fix,/novatel/oem7/inspva,39.663,-75.756,-1.799564298,0.001995532,-0.000362187,0.000424861,0.001949780,-0.000362187,,0,
1786043702448598621,1786043702.446241353,/novatel/oem7/odom,/novatel/oem7/fix,/novatel/oem7/odom,39.663,-75.756,-1.799564298,0.001997140,-0.000353213,0.001969732,0.000329734,-0.000353213,,,
1786043702457169658,1786043702.456388458,/novatel/oem7/odom,/novatel/oem7/fix,/novatel/oem7/odom,39.663,-75.756,-1.799564298,0.001997140,-0.000353213,0.001969732,0.000329734,-0.000353213,,,
1786043702466745917,1786043702.466168448,/novatel/oem7/inspva,/novatel/oem7/inspva,/novatel/oem7/inspva,39.663,-75.756,-1.799535106,0.002098739,0.000525488,0.000370703,0.002065741,0.000525488,,novatel_oem7_msgs.msg.InertialSolutionStatus(status=3),
1786043702468144991,1786043702.466322643,/novatel/oem7/fix,/novatel/oem7/fix,/novatel/oem7/inspva,39.663,-75.756,-1.799535106,0.002098739,0.000525488,0.000370703,0.002065741,0.000525488,,0,
1786043702469296616,1786043702.466711817,/novatel/oem7/odom,/novatel/oem7/fix,/novatel/oem7/odom,39.663,-75.756,-1.799535106,0.002096390,0.000534783,0.002079244,0.000267570,0.000534783,,,
1786043702475032544,1786043702.474445540,/novatel/oem7/odom,/novatel/oem7/fix,/novatel/oem7/odom,39.663,-75.756,-1.799535106,0.002096390,0.000534783,0.002079244,0.000267570,0.000534783,,,
1786043702486134883,1786043702.485341361,/novatel/oem7/inspva,/novatel/oem7/inspva,/novatel/oem7/inspva,39.663,-75.756,-1.799489484,0.002747695,0.003327194,0.000087494,0.002746302,0.003327194,,novatel_oem7_msgs.msg.InertialSolutionStatus(status=3),
1786043702487498981,1786043702.485509853,/novatel/oem7/fix,/novatel/oem7/fix,/novatel/oem7/inspva,39.663,-75.756,-1.799489484,0.002747695,0.003327194,0.000087494,0.002746302,0.003327194,,0,
1786043702488405639,1786043702.486194877,/novatel/oem7/odom,/novatel/oem7/fix,/novatel/oem7/odom,39.663,-75.756,-1.799489484,0.002734002,0.003338455,0.002733423,-0.000056265,0.003338455,,,
1786043702496223137,1786043702.495595277,/novatel/oem7/odom,/novatel/oem7/fix,/novatel/oem7/odom,39.663,-75.756,-1.799489484,0.002734002,0.003338455,0.002733423,-0.000056265,0.003338455,,,
1786043702506516074,1786043702.505913405,/novatel/oem7/inspva,/novatel/oem7/inspva,/novatel/oem7/inspva,39.663,-75.756,-1.799481488,0.002780331,0.002183111,0.000723498,0.002684547,0.002183111,,novatel_oem7_msgs.msg.InertialSolutionStatus(status=3),
1786043702507766678,1786043702.506068674,/novatel/oem7/fix,/novatel/oem7/fix,/novatel/oem7/inspva,39.663,-75.756,-1.799481488,0.002780331,0.002183111,0.000723498,0.002684547,0.002183111,,0,
1786043702508689773,1786043702.506524581,/novatel/oem7/odom,/novatel/oem7/fix,/novatel/oem7/odom,39.663,-75.756,-1.799481488,0.002770175,0.002195985,0.002707685,0.000585075,0.002195985,,,
1786043702512957661,1786043702.512216615,/novatel/oem7/bestpos,/novatel/oem7/bestpos,/novatel/oem7/odom,39.663,-75.756,33.182737365,0.002770175,0.002195985,0.002707685,0.000585075,0.002195985,,novatel_oem7_msgs.msg.SolutionStatus(status=0),novatel_oem7_msgs.msg.PositionOrVelocityType(type=53)
1786043702514107452,1786043702.512721663,/novatel/oem7/bestvel,/novatel/oem7/bestpos,/novatel/oem7/bestvel,39.663,-75.756,33.182737365,0.003774260,0.001246591,,,,62.343512703,novatel_oem7_msgs.msg.SolutionStatus(status=0),novatel_oem7_msgs.msg.PositionOrVelocityType(type=53)
1786043702515311578,1786043702.514405910,/novatel/oem7/odom,/novatel/oem7/bestpos,/novatel/oem7/odom,39.663,-75.756,33.182737365,0.002770175,0.002195985,0.002707685,0.000585075,0.002195985,,,
1786043702527364098,1786043702.526816800,/novatel/oem7/inspva,/novatel/oem7/inspva,/novatel/oem7/inspva,39.663,-75.756,-1.799479677,0.001702175,0.000044523,0.001143740,0.001260658,0.000044523,,novatel_oem7_msgs.msg.InertialSolutionStatus(status=3),
1786043702528781402,1786043702.526984721,/novatel/oem7/fix,/novatel/oem7/fix,/novatel/oem7/inspva,39.663,-75.756,-1.799479677,0.001702175,0.000044523,0.001143740,0.001260658,0.000044523,,0,
1786043702529942134,1786043702.527352538,/novatel/oem7/odom,/novatel/oem7/fix,/novatel/oem7/odom,39.663,-75.756,-1.799479677,0.001701936,0.000052880,0.001315017,0.001080425,0.000052880,,,
1786043702536036921,1786043702.535110972,/novatel/oem7/odom,/novatel/oem7/fix,/novatel/oem7/odom,39.663,-75.756,-1.799479677,0.001701936,0.000052880,0.001315017,0.001080425,0.000052880,,,
1786043702546010860,1786043702.545111484,/novatel/oem7/inspva,/novatel/oem7/inspva,/novatel/oem7/inspva,39.663,-75.756,-1.799456085,0.001648029,-0.000019789,0.000651008,0.001513998,-0.000019789,,novatel_oem7_msgs.msg.InertialSolutionStatus(status=3),
1786043702548105264,1786043702.545279250,/novatel/oem7/fix,/novatel/oem7/fix,/novatel/oem7/inspva,39.663,-75.756,-1.799456085,0.001648029,-0.000019789,0.000651008,0.001513998,-0.000019789,,0,
1786043702549334380,1786043702.545667700,/novatel/oem7/odom,/novatel/oem7/fix,/novatel/oem7/odom,39.663,-75.756,-1.799456085,0.001648105,-0.000011842,0.001544165,0.000576026,-0.000011842,,,
1786043702556905312,1786043702.556038247,/novatel/oem7/odom,/novatel/oem7/fix,/novatel/oem7/odom,39.663,-75.756,-1.799456085,0.001648105,-0.000011842,0.001544165,0.000576026,-0.000011842,,,
1786043702566162027,1786043702.565455973,/novatel/oem7/inspva,/novatel/oem7/inspva,/novatel/oem7/inspva,39.663,-75.756,-1.799408918,0.002395238,0.002799329,-0.000739372,0.002278266,0.002799329,,novatel_oem7_msgs.msg.InertialSolutionStatus(status=3),
1786043702567926968,1786043702.565651462,/novatel/oem7/fix,/novatel/oem7/fix,/novatel/oem7/inspva,39.663,-75.756,-1.799408918,0.002395238,0.002799329,-0.000739372,0.002278266,0.002799329,,0,
1786043702569377895,1786043702.566279694,/novatel/oem7/odom,/novatel/oem7/fix,/novatel/oem7/odom,39.663,-75.756,-1.799408918,0.002387106,0.002806267,0.002227657,-0.000857801,0.002806267,,,
1786043702576033855,1786043702.575036861,/novatel/oem7/odom,/novatel/oem7/fix,/novatel/oem7/odom,39.663,-75.756,-1.799408918,0.002387106,0.002806267,0.002227657,-0.000857801,0.002806267,,,
1786043702586769070,1786043702.586160105,/novatel/oem7/inspva,/novatel/oem7/inspva,/novatel/oem7/inspva,39.663,-75.756,-1.799395875,0.002415362,0.002513755,-0.000066802,0.002414438,0.002513755,,novatel_oem7_msgs.msg.InertialSolutionStatus(status=3),
1786043702587888850,1786043702.586337033,/novatel/oem7/fix,/novatel/oem7/fix,/novatel/oem7/inspva,39.663,-75.756,-1.799395875,0.002415362,0.002513755,-0.000066802,0.002414438,0.002513755,,0,
1786043702588905558,1786043702.586889466,/novatel/oem7/odom,/novatel/oem7/fix,/novatel/oem7/odom,39.663,-75.756,-1.799395875,0.002405496,0.002523198,0.002397825,-0.000191949,0.002523198,,,
1786043702595026601,1786043702.594500391,/novatel/oem7/odom,/novatel/oem7/fix,/novatel/oem7/odom,39.663,-75.756,-1.799395875,0.002405496,0.002523198,0.002397825,-0.000191949,0.002523198,,,
1786043702607491137,1786043702.606648295,/novatel/oem7/inspva,/novatel/oem7/inspva,/novatel/oem7/inspva,39.663,-75.756,-1.799394917,0.002068399,0.000148427,0.001695394,0.001184869,0.000148427,,novatel_oem7_msgs.msg.InertialSolutionStatus(status=3),
1786043702609155180,1786043702.606811630,/novatel/oem7/fix,/novatel/oem7/fix,/novatel/oem7/inspva,39.663,-75.756,-1.799394917,0.002068399,0.000148427,0.001695394,0.001184869,0.000148427,,0,
1786043702610324368,1786043702.607717479,/novatel/oem7/odom,/novatel/oem7/fix,/novatel/oem7/odom,39.663,-75.756,-1.799394917,0.002067682,0.000158102,0.001265935,0.001634845,0.000158102,,,
1786043702611914897,1786043702.609922288,/novatel/oem7/bestpos,/novatel/oem7/bestpos,/novatel/oem7/odom,39.663,-75.756,33.182826649,0.002067682,0.000158102,0.001265935,0.001634845,0.000158102,,novatel_oem7_msgs.msg.SolutionStatus(status=0),novatel_oem7_msgs.msg.PositionOrVelocityType(type=53)
1786043702612891061,1786043702.610315528,/novatel/oem7/bestvel,/novatel/oem7/bestpos,/novatel/oem7/bestvel,39.663,-75.756,33.182826649,0.002535781,-0.000201687,,,,32.716079406,novatel_oem7_msgs.msg.SolutionStatus(status=0),novatel_oem7_msgs.msg.PositionOrVelocityType(type=53)
1786043702616334325,1786043702.615476439,/novatel/oem7/odom,/novatel/oem7/bestpos,/novatel/oem7/odom,39.663,-75.756,33.182826649,0.002067682,0.000158102,0.001265935,0.001634845,0.000158102,,,
1786043702625636463,1786043702.625005427,/novatel/oem7/inspva,/novatel/oem7/inspva,/novatel/oem7/inspva,39.663,-75.756,-1.799372503,0.001691705,0.000357952,0.001292203,0.001091823,0.000357952,,novatel_oem7_msgs.msg.InertialSolutionStatus(status=3),
1786043702627271280,1786043702.625159926,/novatel/oem7/fix,/novatel/oem7/fix,/novatel/oem7/inspva,39.663,-75.756,-1.799372503,0.001691705,0.000357952,0.001292203,0.001091823,0.000357952,,0,
1786043702628542132,1786043702.625556796,/novatel/oem7/odom,/novatel/oem7/fix,/novatel/oem7/odom,39.663,-75.756,-1.799372503,0.001689968,0.000366061,0.001152374,0.001236134,0.000366061,,,
1786043702635255626,1786043702.634452625,/novatel/oem7/odom,/novatel/oem7/fix,/novatel/oem7/odom,39.663,-75.756,-1.799372503,0.001689968,0.000366061,0.001152374,0.001236134,0.000366061,,,
1786043702647552931,1786043702.646583588,/novatel/oem7/inspva,/novatel/oem7/inspva,/novatel/oem7/inspva,39.663,-75.756,-1.799334642,0.001852787,0.001761698,-0.000633378,0.001741164,0.001761698,,novatel_oem7_msgs.msg.InertialSolutionStatus(status=3),
1786043702649708272,1786043702.646727820,/novatel/oem7/fix,/novatel/oem7/fix,/novatel/oem7/inspva,39.663,-75.756,-1.799334642,0.001852787,0.001761698,-0.000633378,0.001741164,0.001761698,,0,
1786043702651172404,1786043702.647144334,/novatel/oem7/odom,/novatel/oem7/fix,/novatel/oem7/odom,39.663,-75.756,-1.799334642,0.001847949,0.001766772,0.001700754,-0.000722741,0.001766772,,,
1786043702657464863,1786043702.656569234,/novatel/oem7/odom,/novatel/oem7/fix,/novatel/oem7/odom,39.663,-75.756,-1.799334642,0.001847949,0.001766772,0.001700754,-0.000722741,0.001766772,,,
1786043702665582024,1786043702.664926337,/novatel/oem7/inspva,/novatel/oem7/inspva,/novatel/oem7/inspva,39.663,-75.756,-1.799311405,0.002438348,0.002251116,-0.000302056,0.002419567,0.002251116,,novatel_oem7_msgs.msg.InertialSolutionStatus(status=3),
1786043702667410378,1786043702.665080205,/novatel/oem7/fix,/novatel/oem7/fix,/novatel/oem7/inspva,39.663,-75.756,-1.799311405,0.002438348,0.002251116,-0.000302056,0.002419567,0.002251116,,0,
1786043702668827316,1786043702.665504183,/novatel/oem7/odom,/novatel/oem7/fix,/novatel/oem7/odom,39.663,-75.756,-1.799311405,0.002430275,0.002259829,0.002392563,-0.000426475,0.002259829,,,
1786043702676176775,1786043702.675467612,/novatel/oem7/odom,/novatel/oem7/fix,/novatel/oem7/odom,39.663,-75.756,-1.799311405,0.002430275,0.002259829,0.002392563,-0.000426475,0.002259829,,,
1786043702686446454,1786043702.685503634,/novatel/oem7/inspva,/novatel/oem7/inspva,/novatel/oem7/inspva,39.663,-75.756,-1.799295287,0.001934414,0.001384540,0.001124861,0.001573736,0.001384540,,novatel_oem7_msgs.msg.InertialSolutionStatus(status=3),
1786043702688681249,1786043702.685695239,/novatel/oem7/fix,/novatel/oem7/fix,/novatel/oem7/inspva,39.663,-75.756,-1.799295287,0.001934414,0.001384540,0.001124861,0.001573736,0.001384540,,0,
1786043702690145577,1786043702.686326756,/novatel/oem7/odom,/novatel/oem7/fix,/novatel/oem7/odom,39.663,-75.756,-1.799295287,0.001927535,0.001394101,0.001621243,0.001042574,0.001394101,,,
1786043702695713589,1786043702.694906671,/novatel/oem7/odom,/novatel/oem7/fix,/novatel/oem7/odom,39.663,-75.756,-1.799295287,0.001927535,0.001394101,0.001621243,0.001042574,0.001394101,,,
1786043702706694485,1786043702.705998611,/novatel/oem7/inspva,/novatel/oem7/inspva,/novatel/oem7/inspva,39.663,-75.756,-1.799271811,0.001804148,0.001078943,0.001457329,0.001063551,0.001078943,,novatel_oem7_msgs.msg.InertialSolutionStatus(status=3),
1786043702708083735,1786043702.706180089,/novatel/oem7/fix,/novatel/oem7/fix,/novatel/oem7/inspva,39.663,-75.756,-1.799271811,0.001804148,0.001078943,0.001457329,0.001063551,0.001078943,,0,
1786043702709189246,1786043702.706586577,/novatel/oem7/odom,/novatel/oem7/fix,/novatel/oem7/odom,39.663,-75.756,-1.799271811,0.001799068,0.001087392,0.001129277,0.001400493,0.001087392,,,
1786043702712125828,1786043702.708865163,/novatel/oem7/bestpos,/novatel/oem7/bestpos,/novatel/oem7/odom,39.663,-75.756,33.182955043,0.001799068,0.001087392,0.001129277,0.001400493,0.001087392,,novatel_oem7_msgs.msg.SolutionStatus(status=0),novatel_oem7_msgs.msg.PositionOrVelocityType(type=53)
1786043702714034374,1786043702.709217813,/novatel/oem7/bestvel,/novatel/oem7/bestpos,/novatel/oem7/bestvel,39.663,-75.756,33.182955043,0.001654765,0.001190252,,,,38.660881789,novatel_oem7_msgs.msg.SolutionStatus(status=0),novatel_oem7_msgs.msg.PositionOrVelocityType(type=53)
1786043702717723051,1786043702.714518872,/novatel/oem7/odom,/novatel/oem7/bestpos,/novatel/oem7/odom,39.663,-75.756,33.182955043,0.001799068,0.001087392,0.001129277,0.001400493,0.001087392,,,
1786043702725833321,1786043702.725212992,/novatel/oem7/inspva,/novatel/oem7/inspva,/novatel/oem7/inspva,39.663,-75.756,-1.799245593,0.001832659,0.000764262,0.000110241,0.001829340,0.000764262,,novatel_oem7_msgs.msg.InertialSolutionStatus(status=3),
1786043702727242582,1786043702.725401853,/novatel/oem7/fix,/novatel/oem7/fix,/novatel/oem7/inspva,39.663,-75.756,-1.799245593,0.001832659,0.000764262,0.000110241,0.001829340,0.000764262,,0,
1786043702728340023,1786043702.725775034,/novatel/oem7/odom,/novatel/oem7/fix,/novatel/oem7/odom,39.663,-75.756,-1.799245593,0.001829484,0.000771830,0.001829392,0.000018336,0.000771830,,,
1786043702736377272,1786043702.735461087,/novatel/oem7/odom,/novatel/oem7/fix,/novatel/oem7/odom,39.663,-75.756,-1.799245593,0.001829484,0.000771830,0.001829392,0.000018336,0.000771830,,,
1786043702745820890,1786043702.745144316,/novatel/oem7/inspva,/novatel/oem7/inspva,/novatel/oem7/inspva,39.663,-75.756,-1.799217246,0.001684794,0.000935858,-0.000375879,0.001642330,0.000935858,,novatel_oem7_msgs.msg.InertialSolutionStatus(status=3),
1786043702747694771,1786043702.745303651,/novatel/oem7/fix,/novatel/oem7/fix,/novatel/oem7/inspva,39.663,-75.756,-1.799217246,0.001684794,0.000935858,-0.000375879,0.001642330,0.000935858,,0,
1786043702749057285,1786043702.745853416,/novatel/oem7/odom,/novatel/oem7/fix,/novatel/oem7/odom,39.663,-75.756,-1.799217246,0.001681767,0.000941287,0.001618061,-0.000458498,0.000941287,,,
1786043702756478855,1786043702.755626680,/novatel/oem7/odom,/novatel/oem7/fix,/novatel/oem7/odom,39.663,-75.756,-1.799217246,0.001681767,0.000941287,0.001618061,-0.000458498,0.000941287,,,
1786043702767963963,1786043702.767184545,/novatel/oem7/inspva,/novatel/oem7/inspva,/novatel/oem7/inspva,39.663,-75.756,-1.799180247,0.002187089,0.002974183,0.001319893,0.001743915,0.002974183,,novatel_oem7_msgs.msg.InertialSolutionStatus(status=3),
1786043702769766207,1786043702.767351820,/novatel/oem7/fix,/novatel/oem7/fix,/novatel/oem7/inspva,39.663,-75.756,-1.799180247,0.002187089,0.002974183,0.001319893,0.001743915,0.002974183,,0,
1786043702771084427,1786043702.767681100,/novatel/oem7/odom,/novatel/oem7/fix,/novatel/oem7/odom,39.663,-75.756,-1.799180247,0.002172346,0.002984968,0.001794196,0.001224724,0.002984968,,,
1786043702776354589,1786043702.774889068,/novatel/oem7/odom,/novatel/oem7/fix,/novatel/oem7/odom,39.663,-75.756,-1.799180247,0.002172346,0.002984968,0.001794196,0.001224724,0.002984968,,,
1786043702785817613,1786043702.784922299,/novatel/oem7/inspva,/novatel/oem7/inspva,/novatel/oem7/inspva,39.663,-75.756,-1.799163017,0.001626041,0.002277464,0.001221907,0.001072825,0.002277464,,novatel_oem7_msgs.msg.InertialSolutionStatus(status=3),
1786043702787841160,1786043702.785009535,/novatel/oem7/fix,/novatel/oem7/fix,/novatel/oem7/inspva,39.663,-75.756,-1.799163017,0.001626041,0.002277464,0.001221907,0.001072825,0.002277464,,0,
1786043702789227950,1786043702.785479923,/novatel/oem7/odom,/novatel/oem7/fix,/novatel/oem7/odom,39.663,-75.756,-1.799163017,0.001615021,0.002285292,0.001121972,0.001161668,0.002285292,,,
1786043702796257703,1786043702.795414938,/novatel/oem7/odom,/novatel/oem7/fix,/novatel/oem7/odom,39.663,-75.756,-1.799163017,0.001615021,0.002285292,0.001121972,0.001161668,0.002285292,,,
1786043702807672720,1786043702.806477405,/novatel/oem7/inspva,/novatel/oem7/inspva,/novatel/oem7/inspva,39.663,-75.756,-1.799148607,0.001307185,-0.000026801,0.001118417,0.000676665,-0.000026801,,novatel_oem7_msgs.msg.InertialSolutionStatus(status=3),
1786043702810713267,1786043702.806659806,/novatel/oem7/fix,/novatel/oem7/fix,/novatel/oem7/inspva,39.663,-75.756,-1.799148607,0.001307185,-0.000026801,0.001118417,0.000676665,-0.000026801,,0,
1786043702812903099,1786043702.807087034,/novatel/oem7/odom,/novatel/oem7/fix,/novatel/oem7/odom,39.663,-75.756,-1.799148607,0.001307292,-0.000020891,0.000730792,0.001083954,-0.000020891,,,
1786043702815392433,1786043702.810312280,/novatel/oem7/bestpos,/novatel/oem7/bestpos,/novatel/oem7/odom,39.663,-75.756,33.183086287,0.001307292,-0.000020891,0.000730792,0.001083954,-0.000020891,,novatel_oem7_msgs.msg.SolutionStatus(status=0),novatel_oem7_msgs.msg.PositionOrVelocityType(type=53)
1786043702816464847,1786043702.810852835,/novatel/oem7/bestvel,/novatel/oem7/bestpos,/novatel/oem7/bestvel,39.663,-75.756,33.183086287,0.000515670,0.000934251,,,,316.885481302,novatel_oem7_msgs.msg.SolutionStatus(status=0),novatel_oem7_msgs.msg.PositionOrVelocityType(type=53)
1786043702818566862,1786043702.815211815,/novatel/oem7/odom,/novatel/oem7/bestpos,/novatel/oem7/odom,39.663,-75.756,33.183086287,0.001307292,-0.000020891,0.000730792,0.001083954,-0.000020891,,,
1786043702826756629,1786043702.826079252,/novatel/oem7/inspva,/novatel/oem7/inspva,/novatel/oem7/inspva,39.663,-75.756,-1.799122109,0.001404733,0.000429130,-0.000033758,0.001404327,0.000429130,,novatel_oem7_msgs.msg.InertialSolutionStatus(status=3),
1786043702828394025,1786043702.826242968,/novatel/oem7/fix,/novatel/oem7/fix,/novatel/oem7/inspva,39.663,-75.756,-1.799122109,0.001404733,0.000429130,-0.000033758,0.001404327,0.000429130,,0,
1786043702829716622,1786043702.826686092,/novatel/oem7/odom,/novatel/oem7/fix,/novatel/oem7/odom,39.663,-75.756,-1.799122109,0.001403053,0.000434592,0.001399211,-0.000103762,0.000434592,,,
1786043702835322214,1786043702.834564213,/novatel/oem7/odom,/novatel/oem7/fix,/novatel/oem7/odom,39.663,-75.756,-1.799122109,0.001403053,0.000434592,0.001399211,-0.000103762,0.000434592,,,
1786043702846312943,1786043702.845288593,/novatel/oem7/inspva,/novatel/oem7/inspva,/novatel/oem7/inspva,39.663,-75.756,-1.799075688,0.002263462,0.003304764,0.000546917,0.002196393,0.003304764,,novatel_oem7_msgs.msg.InertialSolutionStatus(status=3),
1786043702848129341,1786043702.845461895,/novatel/oem7/fix,/novatel/oem7/fix,/novatel/oem7/inspva,39.663,-75.756,-1.799075688,0.002263462,0.003304764,0.000546917,0.002196393,0.003304764,,0,
1786043702849468754,1786043702.845834302,/novatel/oem7/odom,/novatel/oem7/fix,/novatel/oem7/odom,39.663,-75.756,-1.799075688,0.002248350,0.003315063,0.002206943,0.000429513,0.003315063,,,
1786043702857081134,1786043702.856399063,/novatel/oem7/odom,/novatel/oem7/fix,/novatel/oem7/odom,39.663,-75.756,-1.799075688,0.002248350,0.003315063,0.002206943,0.000429513,0.003315063,,,
1786043702865632809,1786043702.865087639,/novatel/oem7/inspva,/novatel/oem7/inspva,/novatel/oem7/inspva,39.663,-75.756,-1.799053719,0.001158883,0.003226618,0.000777735,0.000859150,0.003226618,,novatel_oem7_msgs.msg.InertialSolutionStatus(status=3),
1786043702867017215,1786043702.865237928,/novatel/oem7/fix,/novatel/oem7/fix,/novatel/oem7/inspva,39.663,-75.756,-1.799053719,0.001158883,0.003226618,0.000777735,0.000859150,0.003226618,,0,
1786043702868152897,1786043702.865703299,/novatel/oem7/odom,/novatel/oem7/fix,/novatel/oem7/odom,39.663,-75.756,-1.799053719,0.001143036,0.003232266,0.000882926,0.000725929,0.003232266,,,
1786043702875750785,1786043702.874662338,/novatel/oem7/odom,/novatel/oem7/fix,/novatel/oem7/odom,39.663,-75.756,-1.799053719,0.001143036,0.003232266,0.000882926,0.000725929,0.003232266,,,
1786043702887573676,1786043702.886790835,/novatel/oem7/inspva,/novatel/oem7/inspva,/novatel/oem7/inspva,39.663,-75.756,-1.799051007,0.001548262,-0.000522268,0.001545060,0.000099528,-0.000522268,,novatel_oem7_msgs.msg.InertialSolutionStatus(status=3),
1786043702889315773,1786043702.886962820,/novatel/oem7/fix,/novatel/oem7/fix,/novatel/oem7/inspva,39.663,-75.756,-1.799051007,0.001548262,-0.000522268,0.001545060,0.000099528,-0.000522268,,0,
1786043702890668497,1786043702.887342767,/novatel/oem7/odom,/novatel/oem7/fix,/novatel/oem7/odom,39.663,-75.756,-1.799051007,0.001549885,-0.000517432,0.000177281,0.001539713,-0.000517432,,,
1786043702895766181,1786043702.895048817,/novatel/oem7/odom,/novatel/oem7/fix,/novatel/oem7/odom,39.663,-75.756,-1.799051007,0.001549885,-0.000517432,0.000177281,0.001539713,-0.000517432,,,
1786043702906912694,1786043702.905905288,/novatel/oem7/inspva,/novatel/oem7/inspva,/novatel/oem7/inspva,39.663,-75.756,-1.799018298,0.000670042,0.000614912,0.000572004,0.000348951,0.000614912,,novatel_oem7_msgs.msg.InertialSolutionStatus(status=3),
1786043702909136990,1786043702.906071216,/novatel/oem7/fix,/novatel/oem7/fix,/novatel/oem7/inspva,39.663,-75.756,-1.799018298,0.000670042,0.000614912,0.000572004,0.000348951,0.000614912,,0,
1786043702910564424,1786043702.906504004,/novatel/oem7/odom,/novatel/oem7/fix,/novatel/oem7/odom,39.663,-75.756,-1.799018298,0.000667261,0.000617928,0.000374071,0.000552547,0.000617928,,,
1786043702912454219,1786043702.911183054,/novatel/oem7/bestpos,/novatel/oem7/bestpos,/novatel/oem7/odom,39.663,-75.756,33.183222747,0.000667261,0.000617928,0.000374071,0.000552547,0.000617928,,novatel_oem7_msgs.msg.SolutionStatus(status=0),novatel_oem7_msgs.msg.PositionOrVelocityType(type=53)
1786043702914243611,1786043702.911675989,/novatel/oem7/bestvel,/novatel/oem7/bestpos,/novatel/oem7/bestvel,39.663,-75.756,33.183222747,0.000952917,0.001433195,,,,287.101972144,novatel_oem7_msgs.msg.SolutionStatus(status=0),novatel_oem7_msgs.msg.PositionOrVelocityType(type=53)
1786043702916670415,1786043702.915609284,/novatel/oem7/odom,/novatel/oem7/bestpos,/novatel/oem7/odom,39.663,-75.756,33.183222747,0.000667261,0.000617928,0.000374071,0.000552547,0.000617928,,,
1786043702926078108,1786043702.925489349,/novatel/oem7/inspva,/novatel/oem7/inspva,/novatel/oem7/inspva,39.663,-75.756,-1.798977860,0.002619104,0.002848790,-0.000357320,0.002594615,0.002848790,,novatel_oem7_msgs.msg.InertialSolutionStatus(status=3),
1786043702927735785,1786043702.925643914,/novatel/oem7/fix,/novatel/oem7/fix,/novatel/oem7/inspva,39.663,-75.756,-1.798977860,0.002619104,0.002848790,-0.000357320,0.002594615,0.002848790,,0,
1786043702929077871,1786043702.926548363,/novatel/oem7/odom,/novatel/oem7/fix,/novatel/oem7/odom,39.663,-75.756,-1.798977860,0.002609131,0.002857927,0.002562339,-0.000491915,0.002857927,,,
1786043702937001223,1786043702.935014793,/novatel/oem7/odom,/novatel/oem7/fix,/novatel/oem7/odom,39.663,-75.756,-1.798977860,0.002609131,0.002857927,0.002562339,-0.000491915,0.002857927,,,
1786043702946982356,1786043702.946320215,/novatel/oem7/inspva,/novatel/oem7/inspva,/novatel/oem7/inspva,39.663,-75.756,-1.798944145,0.000916585,0.003475302,0.000134204,0.000906707,0.003475302,,novatel_oem7_msgs.msg.InertialSolutionStatus(status=3),
1786043702948398430,1786043702.946504691,/novatel/oem7/fix,/novatel/oem7/fix,/novatel/oem7/inspva,39.663,-75.756,-1.798944145,0.000916585,0.003475302,0.000134204,0.000906707,0.003475302,,0,
1786043702949539941,1786043702.947034466,/novatel/oem7/odom,/novatel/oem7/fix,/novatel/oem7/odom,39.663,-75.756,-1.798944145,0.000901471,0.003479253,0.000897901,0.000080153,0.003479253,,,
1786043702956576874,1786043702.955891384,/novatel/oem7/odom,/novatel/oem7/fix,/novatel/oem7/odom,39.663,-75.756,-1.798944145,0.000901471,0.003479253,0.000897901,0.000080153,0.003479253,,,
1786043702965902653,1786043702.965315524,/novatel/oem7/inspva,/novatel/oem7/inspva,/novatel/oem7/inspva,39.663,-75.756,-1.798937236,0.001910721,0.000199081,0.001731107,-0.000808781,0.000199081,,novatel_oem7_msgs.msg.InertialSolutionStatus(status=3),
1786043702967348024,1786043702.965517923,/novatel/oem7/fix,/novatel/oem7/fix,/novatel/oem7/inspva,39.663,-75.756,-1.798937236,0.001910721,0.000199081,0.001731107,-0.000808781,0.000199081,,0,
1786043702968565580,1786043702.966130206,/novatel/oem7/odom,/novatel/oem7/fix,/novatel/oem7/odom,39.663,-75.756,-1.798937236,0.001910535,0.000200863,-0.000723720,0.001768155,0.000200863,,,
1786043702976391991,1786043702.975558835,/novatel/oem7/odom,/novatel/oem7/fix,/novatel/oem7/odom,39.663,-75.756,-1.798937236,0.001910535,0.000200863,-0.000723720,0.001768155,0.000200863,,,
1786043702985887805,1786043702.985158615,/novatel/oem7/inspva,/novatel/oem7/inspva,/novatel/oem7/inspva,39.663,-75.756,-1.798912100,0.001034814,0.000187270,0.001027307,0.000124422,0.000187270,,novatel_oem7_msgs.msg.InertialSolutionStatus(status=3),
1786043702987749660,1786043702.985343630,/novatel/oem7/fix,/novatel/oem7/fix,/novatel/oem7/inspva,39.663,-75.756,-1.798912100,0.001034814,0.000187270,0.001027307,0.000124422,0.000187270,,0,
1786043702989192038,1786043702.985719686,/novatel/oem7/odom,/novatel/oem7/fix,/novatel/oem7/odom,39.663,-75.756,-1.798912100,0.001034183,0.000190727,0.000173907,0.001019456,0.000190727,,,
1786043702995123460,1786043702.994376506,/novatel/oem7/odom,/novatel/oem7/fix,/novatel/oem7/odom,39.663,-75.756,-1.798912100,0.001034183,0.000190727,0.000173907,0.001019456,0.000190727,,,
1786043703010987977,1786043703.009900773,/novatel/oem7/inspva,/novatel/oem7/inspva,/novatel/oem7/inspva,39.663,-75.756,-1.798865289,0.002312068,0.002866153,-0.000535143,0.002249284,0.002866153,,novatel_oem7_msgs.msg.InertialSolutionStatus(status=3),
1786043703013215279,1786043703.010052465,/novatel/oem7/fix,/novatel/oem7/fix,/novatel/oem7/inspva,39.663,-75.756,-1.798865289,0.002312068,0.002866153,-0.000535143,0.002249284,0.002866153,,0,
1786043703014652200,1786043703.011180413,/novatel/oem7/odom,/novatel/oem7/fix,/novatel/oem7/odom,39.663,-75.756,-1.798865289,0.002302981,0.002873459,0.002208556,-0.000652688,0.002873459,,,
1786043703016492839,1786043703.015543639,/novatel/oem7/odom,/novatel/oem7/fix,/novatel/oem7/odom,39.663,-75.756,-1.798865289,0.002302981,0.002873459,0.002208556,-0.000652688,0.002873459,,,
1786043703025339613,1786043703.024584352,/novatel/oem7/bestpos,/novatel/oem7/bestpos,/novatel/oem7/odom,39.663,-75.756,33.183340704,0.002302981,0.002873459,0.002208556,-0.000652688,0.002873459,,novatel_oem7_msgs.msg.SolutionStatus(status=0),novatel_oem7_msgs.msg.PositionOrVelocityType(type=53)
1786043703027539771,1786043703.026802911,/novatel/oem7/bestvel,/novatel/oem7/bestpos,/novatel/oem7/bestvel,39.663,-75.756,33.183340704,0.002748255,0.002060731,,,,80.778051862,novatel_oem7_msgs.msg.SolutionStatus(status=0),novatel_oem7_msgs.msg.PositionOrVelocityType(type=53)
1786043703029209185,1786043703.027356396,/novatel/oem7/inspva,/novatel/oem7/inspva,/novatel/oem7/inspva,39.663,-75.756,-1.798840459,0.001148873,0.002705647,-0.000041609,0.001148120,0.002705647,,novatel_oem7_msgs.msg.InertialSolutionStatus(status=3),
1786043703030306273,1786043703.027517048,/novatel/oem7/fix,/novatel/oem7/fix,/novatel/oem7/inspva,39.663,-75.756,-1.798840459,0.001148873,0.002705647,-0.000041609,0.001148120,0.002705647,,0,
1786043703031513205,1786043703.027866732,/novatel/oem7/odom,/novatel/oem7/fix,/novatel/oem7/odom,39.663,-75.756,-1.798840459,0.001138457,0.002710047,0.001133585,-0.000105218,0.002710047,,,
1786043703037202611,1786043703.035461970,/novatel/oem7/odom,/novatel/oem7/fix,/novatel/oem7/odom,39.663,-75.756,-1.798840459,0.001138457,0.002710047,0.001133585,-0.000105218,0.002710047,,,
1786043703046385168,1786043703.045512087,/novatel/oem7/inspva,/novatel/oem7/inspva,/novatel/oem7/inspva,39.663,-75.756,-1.798856130,0.001640682,0.001414588,0.001619670,-0.000261737,0.001414588,,novatel_oem7_msgs.msg.InertialSolutionStatus(status=3),
1786043703048411328,1786043703.045665548,/novatel/oem7/fix,/novatel/oem7/fix,/novatel/oem7/inspva,39.663,-75.756,-1.798856130,0.001640682,0.001414588,0.001619670,-0.000261737,0.001414588,,0,
1786043703049826306,1786043703.046277431,/novatel/oem7/odom,/novatel/oem7/fix,/novatel/oem7/odom,39.663,-75.756,-1.798856130,0.001637547,0.001418217,-0.000187744,0.001626749,0.001418217,,,
1786043703057219493,1786043703.056541213,/novatel/oem7/odom,/novatel/oem7/fix,/novatel/oem7/odom,39.663,-75.756,-1.798856130,0.001637547,0.001418217,-0.000187744,0.001626749,0.001418217,,,
1786043703066940356,1786043703.066364347,/novatel/oem7/inspva,/novatel/oem7/inspva,/novatel/oem7/inspva,39.663,-75.756,-1.798883759,0.001031767,0.000684086,0.001018377,0.000165689,0.000684086,,novatel_oem7_msgs.msg.InertialSolutionStatus(status=3),
1786043703068508825,1786043703.066542118,/novatel/oem7/fix,/novatel/oem7/fix,/novatel/oem7/inspva,39.663,-75.756,-1.798883759,0.001031767,0.000684086,0.001018377,0.000165689,0.000684086,,0,
1786043703069736250,1786043703.066973600,/novatel/oem7/odom,/novatel/oem7/fix,/novatel/oem7/odom,39.663,-75.756,-1.798883759,0.001029373,0.000687683,0.000212658,0.001007167,0.000687683,,,
1786043703077282499,1786043703.076107550,/novatel/oem7/odom,/novatel/oem7/fix,/novatel/oem7/odom,39.663,-75.756,-1.798883759,0.001029373,0.000687683,0.000212658,0.001007167,0.000687683,,,
1786043703086205054,1786043703.085452823,/novatel/oem7/inspva,/novatel/oem7/inspva,/novatel/oem7/inspva,39.663,-75.756,-1.798890221,0.001584866,0.001291748,-0.000905713,0.001300571,0.001291748,,novatel_oem7_msgs.msg.InertialSolutionStatus(status=3),
1786043703087868367,1786043703.085633512,/novatel/oem7/fix,/novatel/oem7/fix,/novatel/oem7/inspva,39.663,-75.756,-1.798890221,0.001584866,0.001291748,-0.000905713,0.001300571,0.001291748,,0,
1786043703089281821,1786043703.086248868,/novatel/oem7/odom,/novatel/oem7/fix,/novatel/oem7/odom,39.663,-75.756,-1.798890221,0.001582868,0.001294196,0.001249315,-0.000971947,0.001294196,,,
1786043703096455572,1786043703.095645041,/novatel/oem7/odom,/novatel/oem7/fix,/novatel/oem7/odom,39.663,-75.756,-1.798890221,0.001582868,0.001294196,0.001249315,-0.000971947,0.001294196,,,
1786043703106833905,1786043703.105852235,/novatel/oem7/inspva,/novatel/oem7/inspva,/novatel/oem7/inspva,39.663,-75.756,-1.798907110,0.000852552,0.002019143,-0.000335537,0.000783748,0.002019143,,novatel_oem7_msgs.msg.InertialSolutionStatus(status=3),
1786043703109200355,1786043703.106016384,/novatel/oem7/fix,/novatel/oem7/fix,/novatel/oem7/inspva,39.663,-75.756,-1.798907110,0.000852552,0.002019143,-0.000335537,0.000783748,0.002019143,,0,
1786043703110487331,1786043703.106464158,/novatel/oem7/odom,/novatel/oem7/fix,/novatel/oem7/odom,39.663,-75.756,-1.798907110,0.000847554,0.002021246,0.000758068,-0.000379051,0.002021246,,,
1786043703112036384,1786043703.109645600,/novatel/oem7/bestpos,/novatel/oem7/bestpos,/novatel/oem7/odom,39.663,-75.756,33.183340899,0.000847554,0.002021246,0.000758068,-0.000379051,0.002021246,,novatel_oem7_msgs.msg.SolutionStatus(status=0),novatel_oem7_msgs.msg.PositionOrVelocityType(type=53)
1786043703113012410,1786043703.110341623,/novatel/oem7/bestvel,/novatel/oem7/bestpos,/novatel/oem7/bestvel,39.663,-75.756,33.183340899,0.001145969,0.001839261,,,,105.656934277,novatel_oem7_msgs.msg.SolutionStatus(status=0),novatel_oem7_msgs.msg.PositionOrVelocityType(type=53)
1786043703115323430,1786043703.114677991,/novatel/oem7/odom,/novatel/oem7/bestpos,/novatel/oem7/odom,39.663,-75.756,33.183340899,0.000847554,0.002021246,0.000758068,-0.000379051,0.002021246,,,
1786043703127560661,1786043703.126706066,/novatel/oem7/inspva,/novatel/oem7/inspva,/novatel/oem7/inspva,39.663,-75.756,-1.798920059,0.001179353,0.001987601,0.001177255,0.000070320,0.001987601,,novatel_oem7_msgs.msg.InertialSolutionStatus(status=3),
1786043703129662485,1786043703.126899404,/novatel/oem7/fix,/novatel/oem7/fix,/novatel/oem7/inspva,39.663,-75.756,-1.798920059,0.001179353,0.001987601,0.001177255,0.000070320,0.001987601,,0,
1786043703131337608,1786043703.127501323,/novatel/oem7/odom,/novatel/oem7/fix,/novatel/oem7/odom,39.663,-75.756,-1.798920059,0.001173160,0.001991263,0.000119868,0.001167020,0.001991263,,,
1786043703136744522,1786043703.135623479,/novatel/oem7/odom,/novatel/oem7/fix,/novatel/oem7/odom,39.663,-75.756,-1.798920059,0.001173160,0.001991263,0.000119868,0.001167020,0.001991263,,,
1786043703145891220,1786043703.145032001,/novatel/oem7/inspva,/novatel/oem7/inspva,/novatel/oem7/inspva,39.663,-75.756,-1.798949986,0.001368245,0.001278644,0.001354385,0.000194260,0.001278644,,novatel_oem7_msgs.msg.InertialSolutionStatus(status=3),
1786043703148009501,1786043703.145223056,/novatel/oem7/fix,/novatel/oem7/fix,/novatel/oem7/inspva,39.663,-75.756,-1.798949986,0.001368245,0.001278644,0.001354385,0.000194260,0.001278644,,0,
1786043703149724991,1786043703.145614650,/novatel/oem7/odom,/novatel/oem7/fix,/novatel/oem7/odom,39.663,-75.756,-1.798949986,0.001363852,0.001283329,0.000255229,0.001339757,0.001283329,,,
1786043703156791784,1786043703.155688804,/novatel/oem7/odom,/novatel/oem7/fix,/novatel/oem7/odom,39.663,-75.756,-1.798949986,0.001363852,0.001283329,0.000255229,0.001339757,0.001283329,,,
1786043703166488539,1786043703.165652389,/novatel/oem7/inspva,/novatel/oem7/inspva,/novatel/oem7/inspva,39.663,-75.756,-1.798974602,0.000800296,-0.000132508,-0.000697273,0.000392791,-0.000132508,,novatel_oem7_msgs.msg.InertialSolutionStatus(status=3),
1786043703168384578,1786043703.165903084,/novatel/oem7/fix,/novatel/oem7/fix,/novatel/oem7/inspva,39.663,-75.756,-1.798974602,0.000800296,-0.000132508,-0.000697273,0.000392791,-0.000132508,,0,
1786043703169872387,1786043703.166453567,/novatel/oem7/odom,/novatel/oem7/fix,/novatel/oem7/odom,39.663,-75.756,-1.798974602,0.000800218,-0.000132982,0.000358643,-0.000715349,-0.000132982,,,
1786043703175798525,1786043703.174878320,/novatel/oem7/odom,/novatel/oem7/fix,/novatel/oem7/odom,39.663,-75.756,-1.798974602,0.000800218,-0.000132982,0.000358643,-0.000715349,-0.000132982,,,
1786043703185875265,1786043703.184982924,/novatel/oem7/inspva,/novatel/oem7/inspva,/novatel/oem7/inspva,39.663,-75.756,-1.798979724,0.001350902,0.001518071,-0.000231223,0.001330966,0.001518071,,novatel_oem7_msgs.msg.InertialSolutionStatus(status=3),
1786043703187585485,1786043703.185175320,/novatel/oem7/fix,/novatel/oem7/fix,/novatel/oem7/inspva,39.663,-75.756,-1.798979724,0.001350902,0.001518071,-0.000231223,0.001330966,0.001518071,,0,
1786043703188973473,1786043703.185552113,/novatel/oem7/odom,/novatel/oem7/fix,/novatel/oem7/odom,39.663,-75.756,-1.798979724,0.001345800,0.001522596,0.001311851,-0.000300373,0.001522596,,,
1786043703195937539,1786043703.194652071,/novatel/oem7/odom,/novatel/oem7/fix,/novatel/oem7/odom,39.663,-75.756,-1.798979724,0.001345800,0.001522596,0.001311851,-0.000300373,0.001522596,,,
1786043703207683634,1786043703.206634736,/novatel/oem7/inspva,/novatel/oem7/inspva,/novatel/oem7/inspva,39.663,-75.756,-1.798993600,0.001123744,0.001854756,0.001121441,0.000071915,0.001854756,,novatel_oem7_msgs.msg.InertialSolutionStatus(status=3),
1786043703210076826,1786043703.206809081,/novatel/oem7/fix,/novatel/oem7/fix,/novatel/oem7/inspva,39.663,-75.756,-1.798993600,0.001123744,0.001854756,0.001121441,0.000071915,0.001854756,,0,
1786043703211922233,1786043703.207410133,/novatel/oem7/odom,/novatel/oem7/fix,/novatel/oem7/odom,39.663,-75.756,-1.798993600,0.001117954,0.001858252,0.000119160,0.001111585,0.001858252,,,
1786043703214404343,1786043703.210266165,/novatel/oem7/bestpos,/novatel/oem7/bestpos,/novatel/oem7/odom,39.663,-75.756,33.183242564,0.001117954,0.001858252,0.000119160,0.001111585,0.001858252,,novatel_oem7_msgs.msg.SolutionStatus(status=0),novatel_oem7_msgs.msg.PositionOrVelocityType(type=53)
1786043703215709739,1786043703.210623882,/novatel/oem7/bestvel,/novatel/oem7/bestpos,/novatel/oem7/bestvel,39.663,-75.756,33.183242564,0.002744049,0.000851426,,,,78.975159835,novatel_oem7_msgs.msg.SolutionStatus(status=0),novatel_oem7_msgs.msg.PositionOrVelocityType(type=53)
1786043703217867628,1786043703.214843917,/novatel/oem7/odom,/novatel/oem7/bestpos,/novatel/oem7/odom,39.663,-75.756,33.183242564,0.001117954,0.001858252,0.000119160,0.001111585,0.001858252,,,
1786043703226883453,1786043703.225964273,/novatel/oem7/inspva,/novatel/oem7/inspva,/novatel/oem7/inspva,39.663,-75.756,-1.799036069,0.001835752,0.000364131,0.001762675,0.000512797,0.000364131,,novatel_oem7_msgs.msg.InertialSolutionStatus(status=3),
1786043703228736508,1786043703.226047215,/novatel/oem7/fix,/novatel/oem7/fix,/novatel/oem7/inspva,39.663,-75.756,-1.799036069,0.001835752,0.000364131,0.001762675,0.000512797,0.000364131,,0,
1786043703230080675,1786043703.226446628,/novatel/oem7/odom,/novatel/oem7/fix,/novatel/oem7/odom,39.663,-75.756,-1.799036069,0.001834324,0.000371257,0.000597160,0.001734400,0.000371257,,,
1786043703235201060,1786043703.234385744,/novatel/oem7/odom,/novatel/oem7/fix,/novatel/oem7/odom,39.663,-75.756,-1.799036069,0.001834324,0.000371257,0.000597160,0.001734400,0.000371257,,,
1786043703245641432,1786043703.245127491,/novatel/oem7/inspva,/novatel/oem7/inspva,/novatel/oem7/inspva,39.663,-75.756,-1.799064326,0.001164688,-0.000238068,0.000319173,0.001120101,-0.000238068,,novatel_oem7_msgs.msg.InertialSolutionStatus(status=3),
1786043703246655452,1786043703.245320210,/novatel/oem7/fix,/novatel/oem7/fix,/novatel/oem7/inspva,39.663,-75.756,-1.799064326,0.001164688,-0.000238068,0.000319173,0.001120101,-0.000238068,,0,
1786043703247474627,1786043703.245777354,/novatel/oem7/odom,/novatel/oem7/fix,/novatel/oem7/odom,39.663,-75.756,-1.799064326,0.001165760,-0.000232760,0.001135364,0.000264474,-0.000232760,,,
1786043703257463257,1786043703.256525014,/novatel/oem7/odom,/novatel/oem7/fix,/novatel/oem7/odom,39.663,-75.756,-1.799064326,0.001165760,-0.000232760,0.001135364,0.000264474,-0.000232760,,,
1786043703265756939,1786043703.264934994,/novatel/oem7/inspva,/novatel/oem7/inspva,/novatel/oem7/inspva,39.663,-75.756,-1.799077624,0.000403489,0.000445179,0.000401411,-0.000040897,0.000445179,,novatel_oem7_msgs.msg.InertialSolutionStatus(status=3),
1786043703267164326,1786043703.265151680,/novatel/oem7/fix,/novatel/oem7/fix,/novatel/oem7/inspva,39.663,-75.756,-1.799077624,0.000403489,0.000445179,0.000401411,-0.000040897,0.000445179,,0,
1786043703268259300,1786043703.265580431,/novatel/oem7/odom,/novatel/oem7/fix,/novatel/oem7/odom,39.663,-75.756,-1.799077624,0.000402393,0.000446169,-0.000022969,0.000401737,0.000446169,,,
1786043703275126852,1786043703.274435572,/novatel/oem7/odom,/novatel/oem7/fix,/novatel/oem7/odom,39.663,-75.756,-1.799077624,0.000402393,0.000446169,-0.000022969,0.000401737,0.000446169,,,
1786043703286771249,1786043703.286458158,/novatel/oem7/inspva,/novatel/oem7/inspva,/novatel/oem7/inspva,39.663,-75.756,-1.799087944,0.001069492,0.001961205,0.000971369,0.000447500,0.001961205,,novatel_oem7_msgs.msg.InertialSolutionStatus(status=3),
1786043703287507485,1786043703.286555532,/novatel/oem7/fix,/novatel/oem7/fix,/novatel/oem7/inspva,39.663,-75.756,-1.799087944,0.001069492,0.001961205,0.000971369,0.000447500,0.001961205,,0,
1786043703288010760,1786043703.287044960,/novatel/oem7/odom,/novatel/oem7/fix,/novatel/oem7/odom,39.663,-75.756,-1.799087944,0.001061112,0.001965751,0.000486570,0.000942979,0.001965751,,,
1786043703295947192,1786043703.294971109,/novatel/oem7/odom,/novatel/oem7/fix,/novatel/oem7/odom,39.663,-75.756,-1.799087944,0.001061112,0.001965751,0.000486570,0.000942979,0.001965751,,,
1786043703306310558,1786043703.305792888,/novatel/oem7/inspva,/novatel/oem7/inspva,/novatel/oem7/inspva,39.663,-75.756,-1.799128456,0.001837070,0.001253811,0.001327889,0.001269463,0.001253811,,novatel_oem7_msgs.msg.InertialSolutionStatus(status=3),
1786043703307713392,1786043703.305879676,/novatel/oem7/fix,/novatel/oem7/fix,/novatel/oem7/inspva,39.663,-75.756,-1.799128456,0.001837070,0.001253811,0.001327889,0.001269463,0.001253811,,0,
1786043703308823323,1786043703.306435856,/novatel/oem7/odom,/novatel/oem7/fix,/novatel/oem7/odom,39.663,-75.756,-1.799128456,0.001831027,0.001262619,0.001327952,0.001260636,0.001262619,,,
1786043703310473286,1786043703.309518575,/novatel/oem7/bestpos,/novatel/oem7/bestpos,/novatel/oem7/odom,39.663,-75.756,33.183129588,0.001831027,0.001262619,0.001327952,0.001260636,0.001262619,,novatel_oem7_msgs.msg.SolutionStatus(status=0),novatel_oem7_msgs.msg.PositionOrVelocityType(type=53)
1786043703311930984,1786043703.310288395,/novatel/oem7/bestvel,/novatel/oem7/bestpos,/novatel/oem7/bestvel,39.663,-75.756,33.183129588,0.002834161,0.000486071,,,,36.907845961,novatel_oem7_msgs.msg.SolutionStatus(status=0),novatel_oem7_msgs.msg.PositionOrVelocityType(type=53)
1786043703315216340,1786043703.314557887,/novatel/oem7/odom,/novatel/oem7/bestpos,/novatel/oem7/odom,39.663,-75.756,33.183129588,0.001831027,0.001262619,0.001327952,0.001260636,0.001262619,,,
1786043703325886942,1786043703.325340884,/novatel/oem7/inspva,/novatel/oem7/inspva,/novatel/oem7/inspva,39.663,-75.756,-1.799158342,0.000752544,-0.000438986,0.000746729,0.000093371,-0.000438986,,novatel_oem7_msgs.msg.InertialSolutionStatus(status=3),
1786043703327224406,1786043703.325532029,/novatel/oem7/fix,/novatel/oem7/fix,/novatel/oem7/inspva,39.663,-75.756,-1.799158342,0.000752544,-0.000438986,0.000746729,0.000093371,-0.000438986,,0,
1786043703328250283,1786043703.326057000,/novatel/oem7/odom,/novatel/oem7/fix,/novatel/oem7/odom,39.663,-75.756,-1.799158342,0.000754017,-0.000436452,0.000131668,0.000742432,-0.000436452,,,
1786043703335842165,1786043703.335186715,/novatel/oem7/odom,/novatel/oem7/fix,/novatel/oem7/odom,39.663,-75.756,-1.799158342,0.000754017,-0.000436452,0.000131668,0.000742432,-0.000436452,,,
1786043703346642118,1786043703.346107843,/novatel/oem7/inspva,/novatel/oem7/inspva,/novatel/oem7/inspva,39.663,-75.756,-1.799170333,0.000709020,0.000123281,0.000709016,0.000002428,0.000123281,,novatel_oem7_msgs.msg.InertialSolutionStatus(status=3),
1786043703348005662,1786043703.346260298,/novatel/oem7/fix,/novatel/oem7/fix,/novatel/oem7/inspva,39.663,-75.756,-1.799170333,0.000709020,0.000123281,0.000709016,0.000002428,0.000123281,,0,
1786043703349049769,1786043703.346840157,/novatel/oem7/odom,/novatel/oem7/fix,/novatel/oem7/odom,39.663,-75.756,-1.799170333,0.000708662,0.000125325,0.000036696,0.000707711,0.000125325,,,
1786043703356334574,1786043703.355700978,/novatel/oem7/odom,/novatel/oem7/fix,/novatel/oem7/odom,39.663,-75.756,-1.799170333,0.000708662,0.000125325,0.000036696,0.000707711,0.000125325,,,
1786043703365948994,1786043703.365380018,/novatel/oem7/inspva,/novatel/oem7/inspva,/novatel/oem7/inspva,39.663,-75.756,-1.799172798,0.001021792,0.001985255,0.000136168,0.001012679,0.001985255,,novatel_oem7_msgs.msg.InertialSolutionStatus(status=3),
1786043703367339734,1786043703.365581460,/novatel/oem7/fix,/novatel/oem7/fix,/novatel/oem7/inspva,39.663,-75.756,-1.799172798,0.001021792,0.001985255,0.000136168,0.001012679,0.001985255,,0,
1786043703368374701,1786043703.366250114,/novatel/oem7/odom,/novatel/oem7/fix,/novatel/oem7/odom,39.663,-75.756,-1.799172798,0.001013264,0.001989622,0.001010024,0.000080967,0.001989622,,,
1786043703376297649,1786043703.375657273,/novatel/oem7/odom,/novatel/oem7/fix,/novatel/oem7/odom,39.663,-75.756,-1.799172798,0.001013264,0.001989622,0.001010024,0.000080967,0.001989622,,,
1786043703385677762,1786043703.385118650,/novatel/oem7/inspva,/novatel/oem7/inspva,/novatel/oem7/inspva,39.663,-75.756,-1.799203674,0.001355540,0.002076335,0.000524706,0.001249870,0.002076335,,novatel_oem7_msgs.msg.InertialSolutionStatus(status=3),
1786043703386980632,1786043703.385261755,/novatel/oem7/fix,/novatel/oem7/fix,/novatel/oem7/inspva,39.663,-75.756,-1.799203674,0.001355540,0.002076335,0.000524706,0.001249870,0.002076335,,0,
1786043703387997072,1786043703.385691099,/novatel/oem7/odom,/novatel/oem7/fix,/novatel/oem7/odom,39.663,-75.756,-1.799203674,0.001345637,0.002082767,0.001265614,0.000457121,0.002082767,,,
1786043703395100186,1786043703.394458417,/novatel/oem7/odom,/novatel/oem7/fix,/novatel/oem7/odom,39.663,-75.756,-1.799203674,0.001345637,0.002082767,0.001265614,0.000457121,0.002082767,,,
1786043703407157836,1786043703.406613117,/novatel/oem7/inspva,/novatel/oem7/inspva,/novatel/oem7/inspva,39.663,-75.756,-1.799242296,0.001281624,-0.000601608,0.001257543,-0.000247278,-0.000601608,,novatel_oem7_msgs.msg.InertialSolutionStatus(status=3),
1786043703408520036,1786043703.406760445,/novatel/oem7/fix,/novatel/oem7/fix,/novatel/oem7/inspva,39.663,-75.756,-1.799242296,0.001281624,-0.000601608,0.001257543,-0.000247278,-0.000601608,,0,
1786043703409557266,1786043703.407578327,/novatel/oem7/odom,/novatel/oem7/fix,/novatel/oem7/odom,39.663,-75.756,-1.799242296,0.001282869,-0.000598948,-0.000182820,0.001269776,-0.000598948,,,
1786043703411064004,1786043703.410252653,/novatel/oem7/bestpos,/novatel/oem7/bestpos,/novatel/oem7/odom,39.663,-75.756,33.183015114,0.001282869,-0.000598948,-0.000182820,0.001269776,-0.000598948,,novatel_oem7_msgs.msg.SolutionStatus(status=0),novatel_oem7_msgs.msg.PositionOrVelocityType(type=53)
1786043703412465505,1786043703.410702224,/novatel/oem7/bestvel,/novatel/oem7/bestpos,/novatel/oem7/bestvel,39.663,-75.756,33.183015114,0.001115426,-0.000311342,,,,332.739664706,novatel_oem7_msgs.msg.SolutionStatus(status=0),novatel_oem7_msgs.msg.PositionOrVelocityType(type=53)
1786043703415778698,1786043703.415110968,/novatel/oem7/odom,/novatel/oem7/bestpos,/novatel/oem7/odom,39.663,-75.756,33.183015114,0.001282869,-0.000598948,-0.000182820,0.001269776,-0.000598948,,,
1786043703425530931,1786043703.424960692,/novatel/oem7/inspva,/novatel/oem7/inspva,/novatel/oem7/inspva,39.663,-75.756,-1.799256468,0.001507708,-0.000064701,0.001486534,-0.000251794,-0.000064701,,novatel_oem7_msgs.msg.InertialSolutionStatus(status=3),
1786043703427240602,1786043703.425106587,/novatel/oem7/fix,/novatel/oem7/fix,/novatel/oem7/inspva,39.663,-75.756,-1.799256468,0.001507708,-0.000064701,0.001486534,-0.000251794,-0.000064701,,0,
1786043703428274352,1786043703.425407937,/novatel/oem7/odom,/novatel/oem7/fix,/novatel/oem7/odom,39.663,-75.756,-1.799256468,0.001507846,-0.000061408,-0.000178304,0.001497266,-0.000061408,,,
1786043703435308198,1786043703.434648359,/novatel/oem7/odom,/novatel/oem7/fix,/novatel/oem7/odom,39.663,-75.756,-1.799256468,0.001507846,-0.000061408,-0.000178304,0.001497266,-0.000061408,,,
1786043703445878563,1786043703.445341038,/novatel/oem7/inspva,/novatel/oem7/inspva,/novatel/oem7/inspva,39.663,-75.756,-1.799263212,0.001638389,0.001094773,-0.000277091,0.001614788,0.001094773,,novatel_oem7_msgs.msg.InertialSolutionStatus(status=3),
1786043703447317231,1786043703.445552290,/novatel/oem7/fix,/novatel/oem7/fix,/novatel/oem7/inspva,39.663,-75.756,-1.799263212,0.001638389,0.001094773,-0.000277091,0.001614788,0.001094773,,0,
1786043703448373648,1786043703.446237953,/novatel/oem7/odom,/novatel/oem7/fix,/novatel/oem7/odom,39.663,-75.756,-1.799263212,0.001634703,0.001100269,0.001594797,-0.000358993,0.001100269,,,
1786043703456996940,1786043703.456362802,/novatel/oem7/odom,/novatel/oem7/fix,/novatel/oem7/odom,39.663,-75.756,-1.799263212,0.001634703,0.001100269,0.001594797,-0.000358993,0.001100269,,,
1786043703466639729,1786043703.466041290,/novatel/oem7/inspva,/novatel/oem7/inspva,/novatel/oem7/inspva,39.663,-75.756,-1.799288210,0.000691486,0.001924533,-0.000150797,0.000674843,0.001924533,,novatel_oem7_msgs.msg.InertialSolutionStatus(status=3),
1786043703467992366,1786043703.466196918,/novatel/oem7/fix,/novatel/oem7/fix,/novatel/oem7/inspva,39.663,-75.756,-1.799288210,0.000691486,0.001924533,-0.000150797,0.000674843,0.001924533,,0,
1786043703469034180,1786043703.466604076,/novatel/oem7/odom,/novatel/oem7/fix,/novatel/oem7/odom,39.663,-75.756,-1.799288210,0.000685328,0.001926734,0.000658759,-0.000188975,0.001926734,,,
1786043703475137170,1786043703.474514631,/novatel/oem7/odom,/novatel/oem7/fix,/novatel/oem7/odom,39.663,-75.756,-1.799288210,0.000685328,0.001926734,0.000658759,-0.000188975,0.001926734,,,
1786043703485850554,1786043703.485315625,/novatel/oem7/inspva,/novatel/oem7/inspva,/novatel/oem7/inspva,39.663,-75.756,-1.799326169,0.002314740,-0.000107164,0.002209601,-0.000689700,-0.000107164,,novatel_oem7_msgs.msg.InertialSolutionStatus(status=3),
1786043703487239177,1786043703.485534060,/novatel/oem7/fix,/novatel/oem7/fix,/novatel/oem7/inspva,39.663,-75.756,-1.799326169,0.002314740,-0.000107164,0.002209601,-0.000689700,-0.000107164,,0,
1786043703488305274,1786043703.486198723,/novatel/oem7/odom,/novatel/oem7/fix,/novatel/oem7/odom,39.663,-75.756,-1.799326169,0.002314908,-0.000103470,-0.000580007,0.002241069,-0.000103470,,,
1786043703496619057,1786043703.495741972,/novatel/oem7/odom,/novatel/oem7/fix,/novatel/oem7/odom,39.663,-75.756,-1.799326169,0.002314908,-0.000103470,-0.000580007,0.002241069,-0.000103470,,,
1786043703506857208,1786043703.506132088,/novatel/oem7/inspva,/novatel/oem7/inspva,/novatel/oem7/inspva,39.663,-75.756,-1.799349483,0.001914861,-0.000059597,0.001700904,-0.000879555,-0.000059597,,novatel_oem7_msgs.msg.InertialSolutionStatus(status=3),
1786043703508538452,1786043703.506329033,/novatel/oem7/fix,/novatel/oem7/fix,/novatel/oem7/inspva,39.663,-75.756,-1.799349483,0.001914861,-0.000059597,0.001700904,-0.000879555,-0.000059597,,0,
1786043703509912029,1786043703.506704210,/novatel/oem7/odom,/novatel/oem7/fix,/novatel/oem7/odom,39.663,-75.756,-1.799349483,0.001914906,-0.000058123,-0.000794780,0.001742180,-0.000058123,,,
1786043703513016886,1786043703.512212231,/novatel/oem7/bestpos,/novatel/oem7/bestpos,/novatel/oem7/odom,39.663,-75.756,33.182904256,0.001914906,-0.000058123,-0.000794780,0.001742180,-0.000058123,,novatel_oem7_msgs.msg.SolutionStatus(status=0),novatel_oem7_msgs.msg.PositionOrVelocityType(type=53)
1786043703514942275,1786043703.512687436,/novatel/oem7/bestvel,/novatel/oem7/bestpos,/novatel/oem7/bestvel,39.663,-75.756,33.182904256,0.001432403,0.000107102,,,,330.905942471,novatel_oem7_msgs.msg.SolutionStatus(status=0),novatel_oem7_msgs.msg.PositionOrVelocityType(type=53)
1786043703516531898,1786043703.514571352,/novatel/oem7/odom,/novatel/oem7/bestpos,/novatel/oem7/odom,39.663,-75.756,33.182904256,0.001914906,-0.000058123,-0.000794780,0.001742180,-0.000058123,,,
1786043703527496577,1786043703.526695479,/novatel/oem7/inspva,/novatel/oem7/inspva,/novatel/oem7/inspva,39.663,-75.756,-1.799357746,0.000598107,0.000744430,-0.000300589,0.000517086,0.000744430,,novatel_oem7_msgs.msg.InertialSolutionStatus(status=3),
1786043703529000148,1786043703.526899194,/novatel/oem7/fix,/novatel/oem7/fix,/novatel/oem7/inspva,39.663,-75.756,-1.799357746,0.000598107,0.000744430,-0.000300589,0.000517086,0.000744430,,0,
1786043703530092466,1786043703.527279045,/novatel/oem7/odom,/novatel/oem7/fix,/novatel/oem7/odom,39.663,-75.756,-1.799357746,0.000596678,0.000745576,0.000498689,-0.000327619,0.000745576,,,
1786043703535344795,1786043703.534669474,/novatel/oem7/odom,/novatel/oem7/fix,/novatel/oem7/odom,39.663,-75.756,-1.799357746,0.000596678,0.000745576,0.000498689,-0.000327619,0.000745576,,,
1786043703545645503,1786043703.545080165,/novatel/oem7/inspva,/novatel/oem7/inspva,/novatel/oem7/inspva,39.663,-75.756,-1.799389193,0.001178015,0.000785744,-0.000424736,0.001098781,0.000785744,,novatel_oem7_msgs.msg.InertialSolutionStatus(status=3),
1786043703546968916,1786043703.545230173,/novatel/oem7/fix,/novatel/oem7/fix,/novatel/oem7/inspva,39.663,-75.756,-1.799389193,0.001178015,0.000785744,-0.000424736,0.001098781,0.000785744,,0,
1786043703547997073,1786043703.545630737,/novatel/oem7/odom,/novatel/oem7/fix,/novatel/oem7/odom,39.663,-75.756,-1.799389193,0.001175992,0.000788769,0.001073439,-0.000480296,0.000788769,,,
1786043703556628122,1786043703.555934752,/novatel/oem7/odom,/novatel/oem7/fix,/novatel/oem7/odom,39.663,-75.756,-1.799389193,0.001175992,0.000788769,0.001073439,-0.000480296,0.000788769,,,
1786043703565806897,1786043703.565262062,/novatel/oem7/inspva,/novatel/oem7/inspva,/novatel/oem7/inspva,39.663,-75.756,-1.799413330,0.001903054,0.001167063,0.001819358,-0.000558166,0.001167063,,novatel_oem7_msgs.msg.InertialSolutionStatus(status=3),
1786043703567218634,1786043703.565416433,/novatel/oem7/fix,/novatel/oem7/fix,/novatel/oem7/inspva,39.663,-75.756,-1.799413330,0.001903054,0.001167063,0.001819358,-0.000558166,0.001167063,,0,
1786043703568271881,1786043703.566069333,/novatel/oem7/odom,/novatel/oem7/fix,/novatel/oem7/odom,39.663,-75.756,-1.799413330,0.001901138,0.001170181,-0.000472973,0.001841364,0.001170181,,,
1786043703575515593,1786043703.574866243,/novatel/oem7/odom,/novatel/oem7/fix,/novatel/oem7/odom,39.663,-75.756,-1.799413330,0.001901138,0.001170181,-0.000472973,0.001841364,0.001170181,,,
1786043703586569596,1786043703.585988264,/novatel/oem7/inspva,/novatel/oem7/inspva,/novatel/oem7/inspva,39.663,-75.756,-1.799454326,0.001384904,0.000019585,0.001252681,-0.000590550,0.000019585,,novatel_oem7_msgs.msg.InertialSolutionStatus(status=3),
1786043703587872839,1786043703.586130262,/novatel/oem7/fix,/novatel/oem7/fix,/novatel/oem7/inspva,39.663,-75.756,-1.799454326,0.001384904,0.000019585,0.001252681,-0.000590550,0.000019585,,0,
1786043703588899526,1786043703.586575149,/novatel/oem7/odom,/novatel/oem7/fix,/novatel/oem7/odom,39.663,-75.756,-1.799454326,0.001384884,0.000020916,-0.000528439,0.001280100,0.000020916,,,
1786043703595096588,1786043703.594441517,/novatel/oem7/odom,/novatel/oem7/fix,/novatel/oem7/odom,39.663,-75.756,-1.799454326,0.001384884,0.000020916,-0.000528439,0.001280100,0.000020916,,,
1786043703606803837,1786043703.606280979,/novatel/oem7/inspva,/novatel/oem7/inspva,/novatel/oem7/inspva,39.663,-75.756,-1.799474170,0.000347635,-0.000308382,0.000050003,-0.000344021,-0.000308382,,novatel_oem7_msgs.msg.InertialSolutionStatus(status=3),
1786043703608162211,1786043703.606443817,/novatel/oem7/fix,/novatel/oem7/fix,/novatel/oem7/inspva,39.663,-75.756,-1.799474170,0.000347635,-0.000308382,0.000050003,-0.000344021,-0.000308382,,0,
1786043703609238498,1786043703.607088907,/novatel/oem7/odom,/novatel/oem7/fix,/novatel/oem7/odom,39.663,-75.756,-1.799474170,0.000346576,-0.000309572,-0.000339907,0.000067659,-0.000309572,,,
1786043703611231101,1786043703.610315745,/novatel/oem7/bestpos,/novatel/oem7/bestpos,/novatel/oem7/odom,39.663,-75.756,33.182794523,0.000346576,-0.000309572,-0.000339907,0.000067659,-0.000309572,,novatel_oem7_msgs.msg.SolutionStatus(status=0),novatel_oem7_msgs.msg.PositionOrVelocityType(type=53)
1786043703612632632,1786043703.610776300,/novatel/oem7/bestvel,/novatel/oem7/bestpos,/novatel/oem7/bestvel,39.663,-75.756,33.182794523,0.001191575,0.000459171,,,,229.690714737,novatel_oem7_msgs.msg.SolutionStatus(status=0),novatel_oem7_msgs.msg.PositionOrVelocityType(type=53)
1786043703616081829,1786043703.615445253,/novatel/oem7/odom,/novatel/oem7/bestpos,/novatel/oem7/odom,39.663,-75.756,33.182794523,0.000346576,-0.000309572,-0.000339907,0.000067659,-0.000309572,,,
1786043703626912857,1786043703.625274400,/novatel/oem7/inspva,/novatel/oem7/inspva,/novatel/oem7/inspva,39.663,-75.756,-1.799495746,0.000648290,0.000502640,-0.000142495,0.000632436,0.000502640,,novatel_oem7_msgs.msg.InertialSolutionStatus(status=3),
1786043703627791085,1786043703.625574380,/novatel/oem7/fix,/novatel/oem7/fix,/novatel/oem7/inspva,39.663,-75.756,-1.799495746,0.000648290,0.000502640,-0.000142495,0.000632436,0.000502640,,0,
1786043703629262670,1786043703.626491631,/novatel/oem7/odom,/novatel/oem7/fix,/novatel/oem7/odom,39.663,-75.756,-1.799495746,0.000346574,-0.000309574,-0.000339904,0.000067666,-0.000309574,,,
1786043703635064528,1786043703.634462180,/novatel/oem7/odom,/novatel/oem7/fix,/novatel/oem7/odom,39.663,-75.756,-1.799495746,0.000646699,0.000504686,0.000622646,-0.000174731,0.000504686,,,
1786043703647130030,1786043703.646588455,/novatel/oem7/inspva,/novatel/oem7/inspva,/novatel/oem7/inspva,39.663,-75.756,-1.799515721,0.000854280,0.001073680,0.000716232,0.000465624,0.001073680,,novatel_oem7_msgs.msg.InertialSolutionStatus(status=3),
1786043703648485184,1786043703.646739203,/novatel/oem7/fix,/novatel/oem7/fix,/novatel/oem7/inspva,39.663,-75.756,-1.799515721,0.000854280,0.001073680,0.000716232,0.000465624,0.001073680,,0,
1786043703649509134,1786043703.647172271,/novatel/oem7/odom,/novatel/oem7/fix,/novatel/oem7/odom,39.663,-75.756,-1.799515721,0.000849328,0.001077602,0.000495833,0.000689571,0.001077602,,,
1786043703657590191,1786043703.656962680,/novatel/oem7/odom,/novatel/oem7/fix,/novatel/oem7/odom,39.663,-75.756,-1.799515721,0.000849328,0.001077602,0.000495833,0.000689571,0.001077602,,,
1786043703665553343,1786043703.664997678,/novatel/oem7/inspva,/novatel/oem7/inspva,/novatel/oem7/inspva,39.663,-75.756,-1.799559407,0.001294427,0.000542222,0.001281651,-0.000181417,0.000542222,,novatel_oem7_msgs.msg.InertialSolutionStatus(status=3),
1786043703666855756,1786043703.665139253,/novatel/oem7/fix,/novatel/oem7/fix,/novatel/oem7/inspva,39.663,-75.756,-1.799559407,0.001294427,0.000542222,0.001281651,-0.000181417,0.000542222,,0,
1786043703667881853,1786043703.665496556,/novatel/oem7/odom,/novatel/oem7/fix,/novatel/oem7/odom,39.663,-75.756,-1.799559407,0.001293153,0.000545253,-0.000120485,0.001287528,0.000545253,,,
1786043703676020997,1786043703.675414639,/novatel/oem7/odom,/novatel/oem7/fix,/novatel/oem7/odom,39.663,-75.756,-1.799559407,0.001293153,0.000545253,-0.000120485,0.001287528,0.000545253,,,
1786043703685762667,1786043703.685242705,/novatel/oem7/inspva,/novatel/oem7/inspva,/novatel/oem7/inspva,39.663,-75.756,-1.799600860,0.001364531,-0.001557830,0.000971473,-0.000958220,-0.001557830,,novatel_oem7_msgs.msg.InertialSolutionStatus(status=3),
1786043703687087241,1786043703.685378117,/novatel/oem7/fix,/novatel/oem7/fix,/novatel/oem7/inspva,39.663,-75.756,-1.799600860,0.001364531,-0.001557830,0.000971473,-0.000958220,-0.001557830,,0,
1786043703688098974,1786043703.686009260,/novatel/oem7/odom,/novatel/oem7/fix,/novatel/oem7/odom,39.663,-75.756,-1.799600860,0.001363527,-0.001558709,-0.000903118,0.001021560,-0.001558709,,,
1786043703695585281,1786043703.694927535,/novatel/oem7/odom,/novatel/oem7/fix,/novatel/oem7/odom,39.663,-75.756,-1.799600860,0.001363527,-0.001558709,-0.000903118,0.001021560,-0.001558709,,,
1786043703706529914,1786043703.705997465,/novatel/oem7/inspva,/novatel/oem7/inspva,/novatel/oem7/inspva,39.663,-75.756,-1.799623387,0.000870833,-0.000776151,0.000776696,-0.000393820,-0.000776151,,novatel_oem7_msgs.msg.InertialSolutionStatus(status=3),
1786043703707830767,1786043703.706142250,/novatel/oem7/fix,/novatel/oem7/fix,/novatel/oem7/inspva,39.663,-75.756,-1.799623387,0.000870833,-0.000776151,0.000776696,-0.000393820,-0.000776151,,0,
1786043703708847893,1786043703.706559190,/novatel/oem7/odom,/novatel/oem7/fix,/novatel/oem7/odom,39.663,-75.756,-1.799623387,0.000871484,-0.000775419,-0.000352102,0.000797188,-0.000775419,,,
1786043703710266661,1786043703.709717055,/novatel/oem7/bestpos,/novatel/oem7/bestpos,/novatel/oem7/odom,39.663,-75.756,33.182642246,0.000871484,-0.000775419,-0.000352102,0.000797188,-0.000775419,,novatel_oem7_msgs.msg.SolutionStatus(status=0),novatel_oem7_msgs.msg.PositionOrVelocityType(type=53)
1786043703711659885,1786043703.710608574,/novatel/oem7/bestvel,/novatel/oem7/bestpos,/novatel/oem7/bestvel,39.663,-75.756,33.182642246,0.001485937,0.000245191,,,,269.478497442,novatel_oem7_msgs.msg.SolutionStatus(status=0),novatel_oem7_msgs.msg.PositionOrVelocityType(type=53)
1786043703715169519,1786043703.714530559,/novatel/oem7/odom,/novatel/oem7/bestpos,/novatel/oem7/odom,39.663,-75.756,33.182642246,0.000871484,-0.000775419,-0.000352102,0.000797188,-0.000775419,,,
1786043703725885739,1786043703.725336140,/novatel/oem7/inspva,/novatel/oem7/inspva,/novatel/oem7/inspva,39.663,-75.756,-1.799636493,0.001202376,0.001147366,0.001201699,-0.000040336,0.001147366,,novatel_oem7_msgs.msg.InertialSolutionStatus(status=3),
1786043703727177795,1786043703.725571856,/novatel/oem7/fix,/novatel/oem7/fix,/novatel/oem7/inspva,39.663,-75.756,-1.799636493,0.001202376,0.001147366,0.001201699,-0.000040336,0.001147366,,0,
1786043703728194065,1786043703.725831298,/novatel/oem7/odom,/novatel/oem7/fix,/novatel/oem7/odom,39.663,-75.756,-1.799636493,0.001199207,0.001150677,0.000014042,0.001199125,0.001150677,,,
1786043703736072770,1786043703.735442754,/novatel/oem7/odom,/novatel/oem7/fix,/novatel/oem7/odom,39.663,-75.756,-1.799636493,0.001199207,0.001150677,0.000014042,0.001199125,0.001150677,,,
1786043703745561321,1786043703.745048386,/novatel/oem7/inspva,/novatel/oem7/inspva,/novatel/oem7/inspva,39.663,-75.756,-1.799684096,0.001743160,0.000644841,0.001729645,0.000216652,0.000644841,,novatel_oem7_msgs.msg.InertialSolutionStatus(status=3),
1786043703746860320,1786043703.745204401,/novatel/oem7/fix,/novatel/oem7/fix,/novatel/oem7/inspva,39.663,-75.756,-1.799684096,0.001743160,0.000644841,0.001729645,0.000216652,0.000644841,,0,
1786043703747881024,1786043703.745637545,/novatel/oem7/odom,/novatel/oem7/fix,/novatel/oem7/odom,39.663,-75.756,-1.799684096,0.001740978,0.000650710,0.000298703,0.001715162,0.000650710,,,
1786043703757592497,1786043703.755687891,/novatel/oem7/odom,/novatel/oem7/fix,/novatel/oem7/odom,39.663,-75.756,-1.799684096,0.001740978,0.000650710,0.000298703,0.001715162,0.000650710,,,
1786043703767105498,1786043703.766597323,/novatel/oem7/inspva,/novatel/oem7/inspva,/novatel/oem7/inspva,39.663,-75.756,-1.799731309,0.002327916,-0.001598178,0.002092289,-0.001020548,-0.001598178,,novatel_oem7_msgs.msg.InertialSolutionStatus(status=3),
1786043703768400084,1786043703.766759155,/novatel/oem7/fix,/novatel/oem7/fix,/novatel/oem7/inspva,39.663,-75.756,-1.799731309,0.002327916,-0.001598178,0.002092289,-0.001020548,-0.001598178,,0,
1786043703769416031,1786043703.767199976,/novatel/oem7/odom,/novatel/oem7/fix,/novatel/oem7/odom,39.663,-75.756,-1.799731309,0.002329375,-0.001596050,-0.000910166,0.002144199,-0.001596050,,,
1786043703775778197,1786043703.775162750,/novatel/oem7/odom,/novatel/oem7/fix,/novatel/oem7/odom,39.663,-75.756,-1.799731309,0.002329375,-0.001596050,-0.000910166,0.002144199,-0.001596050,,,
1786043703785672359,1786043703.785149824,/novatel/oem7/inspva,/novatel/oem7/inspva,/novatel/oem7/inspva,39.663,-75.756,-1.799766709,0.002338267,-0.001946452,0.001824292,-0.001462686,-0.001946452,,novatel_oem7_msgs.msg.InertialSolutionStatus(status=3),
1786043703786956775,1786043703.785300152,/novatel/oem7/fix,/novatel/oem7/fix,/novatel/oem7/inspva,39.663,-75.756,-1.799766709,0.002338267,-0.001946452,0.001824292,-0.001462686,-0.001946452,,0,
1786043703788057973,1786043703.785646782,/novatel/oem7/odom,/novatel/oem7/fix,/novatel/oem7/odom,39.663,-75.756,-1.799766709,0.002337970,-0.001946809,-0.001363581,0.001899145,-0.001946809,,,
1786043703796213217,1786043703.795571984,/novatel/oem7/odom,/novatel/oem7/fix,/novatel/oem7/odom,39.663,-75.756,-1.799766709,0.002337970,-0.001946809,-0.001363581,0.001899145,-0.001946809,,,
1786043703806898440,1786043703.806390478,/novatel/oem7/inspva,/novatel/oem7/inspva,/novatel/oem7/inspva,39.663,-75.756,-1.799784920,0.001002086,0.000442112,0.000977282,-0.000221577,0.000442112,,novatel_oem7_msgs.msg.InertialSolutionStatus(status=3),
1786043703808204816,1786043703.806556363,/novatel/oem7/fix,/novatel/oem7/fix,/novatel/oem7/inspva,39.663,-75.756,-1.799784920,0.001002086,0.000442112,0.000977282,-0.000221577,0.000442112,,0,
1786043703809222836,1786043703.807067081,/novatel/oem7/odom,/novatel/oem7/fix,/novatel/oem7/odom,39.663,-75.756,-1.799784920,0.001001209,0.000444094,-0.000175104,0.000985778,0.000444094,,,
1786043703811038941,1786043703.810484432,/novatel/oem7/bestpos,/novatel/oem7/bestpos,/novatel/oem7/odom,39.663,-75.756,33.182468439,0.001001209,0.000444094,-0.000175104,0.000985778,0.000444094,,novatel_oem7_msgs.msg.SolutionStatus(status=0),novatel_oem7_msgs.msg.PositionOrVelocityType(type=53)
1786043703812458428,1786043703.810989487,/novatel/oem7/bestvel,/novatel/oem7/bestpos,/novatel/oem7/bestvel,39.663,-75.756,33.182468439,0.001554302,0.000121059,,,,351.499029012,novatel_oem7_msgs.msg.SolutionStatus(status=0),novatel_oem7_msgs.msg.PositionOrVelocityType(type=53)
1786043703815764928,1786043703.815128954,/novatel/oem7/odom,/novatel/oem7/bestpos,/novatel/oem7/odom,39.663,-75.756,33.182468439,0.001001209,0.000444094,-0.000175104,0.000985778,0.000444094,,,
1786043703826963682,1786043703.826387013,/novatel/oem7/inspva,/novatel/oem7/inspva,/novatel/oem7/inspva,39.663,-75.756,-1.799841330,0.001249332,0.000152260,0.001233022,-0.000201211,0.000152260,,novatel_oem7_msgs.msg.InertialSolutionStatus(status=3),
1786043703828434317,1786043703.826587731,/novatel/oem7/fix,/novatel/oem7/fix,/novatel/oem7/inspva,39.663,-75.756,-1.799841330,0.001249332,0.000152260,0.001233022,-0.000201211,0.000152260,,0,
1786043703829560801,1786043703.826993342,/novatel/oem7/odom,/novatel/oem7/fix,/novatel/oem7/odom,39.663,-75.756,-1.799841330,0.001248986,0.000155072,-0.000141043,0.001240997,0.000155072,,,
1786043703835139453,1786043703.834487617,/novatel/oem7/odom,/novatel/oem7/fix,/novatel/oem7/odom,39.663,-75.756,-1.799841330,0.001248986,0.000155072,-0.000141043,0.001240997,0.000155072,,,
1786043703845941463,1786043703.845314037,/novatel/oem7/inspva,/novatel/oem7/inspva,/novatel/oem7/inspva,39.663,-75.756,-1.799892602,0.003399531,-0.001469748,0.003026846,-0.001547583,-0.001469748,,novatel_oem7_msgs.msg.InertialSolutionStatus(status=3),
1786043703847271720,1786043703.845504309,/novatel/oem7/fix,/novatel/oem7/fix,/novatel/oem7/inspva,39.663,-75.756,-1.799892602,0.003399531,-0.001469748,0.003026846,-0.001547583,-0.001469748,,0,
1786043703848315837,1786043703.846059862,/novatel/oem7/odom,/novatel/oem7/fix,/novatel/oem7/odom,39.663,-75.756,-1.799892602,0.003400763,-0.001466893,-0.001391242,0.003103166,-0.001466893,,,
1786043703856944246,1786043703.856280156,/novatel/oem7/odom,/novatel/oem7/fix,/novatel/oem7/odom,39.663,-75.756,-1.799892602,0.003400763,-0.001466893,-0.001391242,0.003103166,-0.001466893,,,
1786043703865648669,1786043703.865076977,/novatel/oem7/inspva,/novatel/oem7/inspva,/novatel/oem7/inspva,39.663,-75.756,-1.799937754,0.003328999,-0.001987029,0.002738883,-0.001892288,-0.001987029,,novatel_oem7_msgs.msg.InertialSolutionStatus(status=3),
1786043703867000639,1786043703.865235122,/novatel/oem7/fix,/novatel/oem7/fix,/novatel/oem7/inspva,39.663,-75.756,-1.799937754,0.003328999,-0.001987029,0.002738883,-0.001892288,-0.001987029,,0,
1786043703868059113,1786043703.865599889,/novatel/oem7/odom,/novatel/oem7/fix,/novatel/oem7/odom,39.663,-75.756,-1.799937754,0.003329368,-0.001986410,-0.001747616,0.002833819,-0.001986410,,,
1786043703875087783,1786043703.874417573,/novatel/oem7/odom,/novatel/oem7/fix,/novatel/oem7/odom,39.663,-75.756,-1.799937754,0.003329368,-0.001986410,-0.001747616,0.002833819,-0.001986410,,,
1786043703887075455,1786043703.886565760,/novatel/oem7/inspva,/novatel/oem7/inspva,/novatel/oem7/inspva,39.663,-75.756,-1.799966464,0.001697700,-0.000619563,0.001588846,-0.000598123,-0.000619563,,novatel_oem7_msgs.msg.InertialSolutionStatus(status=3),
1786043703888771475,1786043703.886728035,/novatel/oem7/fix,/novatel/oem7/fix,/novatel/oem7/inspva,39.663,-75.756,-1.799966464,0.001697700,-0.000619563,0.001588846,-0.000598123,-0.000619563,,0,
1786043703889929510,1786043703.887149972,/novatel/oem7/odom,/novatel/oem7/fix,/novatel/oem7/odom,39.663,-75.756,-1.799966464,0.001698541,-0.000617251,-0.000516948,0.001617964,-0.000617251,,,
1786043703895587033,1786043703.894909179,/novatel/oem7/odom,/novatel/oem7/fix,/novatel/oem7/odom,39.663,-75.756,-1.799966464,0.001698541,-0.000617251,-0.000516948,0.001617964,-0.000617251,,,
1786043703906296269,1786043703.905741891,/novatel/oem7/inspva,/novatel/oem7/inspva,/novatel/oem7/inspva,39.663,-75.756,-1.800017698,0.001762865,0.000117717,0.001759122,-0.000114818,0.000117717,,novatel_oem7_msgs.msg.InertialSolutionStatus(status=3),
1786043703907729933,1786043703.905947699,/novatel/oem7/fix,/novatel/oem7/fix,/novatel/oem7/inspva,39.663,-75.756,-1.800017698,0.001762865,0.000117717,0.001759122,-0.000114818,0.000117717,,0,
1786043703908879775,1786043703.906375143,/novatel/oem7/odom,/novatel/oem7/fix,/novatel/oem7/odom,39.663,-75.756,-1.800017698,0.001762545,0.000122411,-0.000028785,0.001762310,0.000122411,,,
1786043703910443904,1786043703.909251642,/novatel/oem7/bestpos,/novatel/oem7/bestpos,/novatel/oem7/odom,39.663,-75.756,33.182237164,0.001762545,0.000122411,-0.000028785,0.001762310,0.000122411,,novatel_oem7_msgs.msg.SolutionStatus(status=0),novatel_oem7_msgs.msg.PositionOrVelocityType(type=53)
1786043703911398860,1786043703.909619679,/novatel/oem7/bestvel,/novatel/oem7/bestpos,/novatel/oem7/bestvel,39.663,-75.756,33.182237164,0.002871314,-0.000481412,,,,356.040684947,novatel_oem7_msgs.msg.SolutionStatus(status=0),novatel_oem7_msgs.msg.PositionOrVelocityType(type=53)
1786043703916097364,1786043703.915434057,/novatel/oem7/odom,/novatel/oem7/bestpos,/novatel/oem7/odom,39.663,-75.756,33.182237164,0.001762545,0.000122411,-0.000028785,0.001762310,0.000122411,,,
1786043703926191457,1786043703.925480067,/novatel/oem7/inspva,/novatel/oem7/inspva,/novatel/oem7/inspva,39.663,-75.756,-1.800074668,0.004287453,-0.001620578,0.003882128,-0.001819709,-0.001620578,,novatel_oem7_msgs.msg.InertialSolutionStatus(status=3),
1786043703927747049,1786043703.925669498,/novatel/oem7/fix,/novatel/oem7/fix,/novatel/oem7/inspva,39.663,-75.756,-1.800074668,0.004287453,-0.001620578,0.003882128,-0.001819709,-0.001620578,,0,
1786043703928926554,1786043703.926478473,/novatel/oem7/odom,/novatel/oem7/fix,/novatel/oem7/odom,39.663,-75.756,-1.800074668,0.004289038,-0.001616379,-0.001620377,0.003971174,-0.001616379,,,
1786043703935854819,1786043703.935206283,/novatel/oem7/odom,/novatel/oem7/fix,/novatel/oem7/odom,39.663,-75.756,-1.800074668,0.004289038,-0.001616379,-0.001620377,0.003971174,-0.001616379,,,
1786043703946773924,1786043703.946253019,/novatel/oem7/inspva,/novatel/oem7/inspva,/novatel/oem7/inspva,39.663,-75.756,-1.800127845,0.004559923,-0.002205885,0.003942821,-0.002290646,-0.002205885,,novatel_oem7_msgs.msg.InertialSolutionStatus(status=3),
1786043703948131295,1786043703.946451835,/novatel/oem7/fix,/novatel/oem7/fix,/novatel/oem7/inspva,39.663,-75.756,-1.800127845,0.004559923,-0.002205885,0.003942821,-0.002290646,-0.002205885,,0,
1786043703949196112,1786043703.946945430,/novatel/oem7/odom,/novatel/oem7/fix,/novatel/oem7/odom,39.663,-75.756,-1.800127845,0.004561194,-0.002203257,-0.002085518,0.004056489,-0.002203257,,,
1786043703957098947,1786043703.956395170,/novatel/oem7/odom,/novatel/oem7/fix,/novatel/oem7/odom,39.663,-75.756,-1.800127845,0.004561194,-0.002203257,-0.002085518,0.004056489,-0.002203257,,,
1786043703966085466,1786043703.965384253,/novatel/oem7/inspva,/novatel/oem7/inspva,/novatel/oem7/inspva,39.663,-75.756,-1.800172665,0.002325395,-0.001800974,0.002303899,-0.000315454,-0.001800974,,novatel_oem7_msgs.msg.InertialSolutionStatus(status=3),
1786043703967644218,1786043703.965604465,/novatel/oem7/fix,/novatel/oem7/fix,/novatel/oem7/inspva,39.663,-75.756,-1.800172665,0.002325395,-0.001800974,0.002303899,-0.000315454,-0.001800974,,0,
1786043703968828300,1786043703.966209171,/novatel/oem7/odom,/novatel/oem7/fix,/novatel/oem7/odom,39.663,-75.756,-1.800172665,0.002329666,-0.001795446,-0.000194869,0.002321502,-0.001795446,,,
1786043703976249777,1786043703.975607560,/novatel/oem7/odom,/novatel/oem7/fix,/novatel/oem7/odom,39.663,-75.756,-1.800172665,0.002329666,-0.001795446,-0.000194869,0.002321502,-0.001795446,,,
1786043703985947753,1786043703.985211819,/novatel/oem7/inspva,/novatel/oem7/inspva,/novatel/oem7/inspva,39.663,-75.756,-1.800225234,0.002273426,-0.000949100,0.002172810,-0.000668852,-0.000949100,,novatel_oem7_msgs.msg.InertialSolutionStatus(status=3),
1786043703987756525,1786043703.985409951,/novatel/oem7/fix,/novatel/oem7/fix,/novatel/oem7/inspva,39.663,-75.756,-1.800225234,0.002273426,-0.000949100,0.002172810,-0.000668852,-0.000949100,,0,
1786043703988831945,1786043703.985923476,/novatel/oem7/odom,/novatel/oem7/fix,/novatel/oem7/odom,39.663,-75.756,-1.800225234,0.002275024,-0.000945263,-0.000557615,0.002205630,-0.000945263,,,
1786043703995174344,1786043703.994491375,/novatel/oem7/odom,/novatel/oem7/fix,/novatel/oem7/odom,39.663,-75.756,-1.800225234,0.002275024,-0.000945263,-0.000557615,0.002205630,-0.000945263,,,
1786043704009096543,1786043704.008380106,/novatel/oem7/inspva,/novatel/oem7/inspva,/novatel/oem7/inspva,39.663,-75.756,-1.800271532,0.004719749,-0.000502934,0.004397964,-0.001712876,-0.000502934,,novatel_oem7_msgs.msg.InertialSolutionStatus(status=3),
1786043704010596454,1786043704.008595235,/novatel/oem7/fix,/novatel/oem7/fix,/novatel/oem7/inspva,39.663,-75.756,-1.800271532,0.004719749,-0.000502934,0.004397964,-0.001712876,-0.000502934,,0,
1786043704011856557,1786043704.009769219,/novatel/oem7/odom,/novatel/oem7/fix,/novatel/oem7/odom,39.663,-75.756,-1.800271532,0.004720414,-0.000496662,-0.001492946,0.004478104,-0.000496662,,,
1786043704016355455,1786043704.015692622,/novatel/oem7/odom,/novatel/oem7/fix,/novatel/oem7/odom,39.663,-75.756,-1.800271532,0.004720414,-0.000496662,-0.001492946,0.004478104,-0.000496662,,,
1786043704027227253,1786043704.026493182,/novatel/oem7/bestpos,/novatel/oem7/bestpos,/novatel/oem7/odom,39.663,-75.756,33.181972131,0.004720414,-0.000496662,-0.001492946,0.004478104,-0.000496662,,novatel_oem7_msgs.msg.SolutionStatus(status=0),novatel_oem7_msgs.msg.PositionOrVelocityType(type=53)
1786043704029083358,1786043704.027056441,/novatel/oem7/bestvel,/novatel/oem7/bestpos,/novatel/oem7/bestvel,39.663,-75.756,33.181972131,0.004124807,-0.000979231,,,,353.713449524,novatel_oem7_msgs.msg.SolutionStatus(status=0),novatel_oem7_msgs.msg.PositionOrVelocityType(type=53)
1786043704030070985,1786043704.027576980,/novatel/oem7/inspva,/novatel/oem7/inspva,/novatel/oem7/inspva,39.663,-75.756,-1.800331959,0.004625551,-0.001473553,0.004053458,-0.002228272,-0.001473553,,novatel_oem7_msgs.msg.InertialSolutionStatus(status=3),
1786043704031050364,1786043704.027811322,/novatel/oem7/fix,/novatel/oem7/fix,/novatel/oem7/inspva,39.663,-75.756,-1.800331959,0.004625551,-0.001473553,0.004053458,-0.002228272,-0.001473553,,0,
1786043704032179826,1786043704.028232013,/novatel/oem7/odom,/novatel/oem7/fix,/novatel/oem7/odom,39.663,-75.756,-1.800331959,0.004626575,-0.001470336,-0.002020753,0.004161941,-0.001470336,,,
1786043704036280353,1786043704.035604486,/novatel/oem7/odom,/novatel/oem7/fix,/novatel/oem7/odom,39.663,-75.756,-1.800331959,0.004626575,-0.001470336,-0.002020753,0.004161941,-0.001470336,,,
1786043704046574785,1786043704.045901795,/novatel/oem7/inspva,/novatel/oem7/inspva,/novatel/oem7/inspva,39.663,-75.756,-1.800366998,0.002583174,-0.002474579,0.002474154,-0.000742532,-0.002474579,,novatel_oem7_msgs.msg.InertialSolutionStatus(status=3),
1786043704048030716,1786043704.046125247,/novatel/oem7/fix,/novatel/oem7/fix,/novatel/oem7/inspva,39.663,-75.756,-1.800366998,0.002583174,-0.002474579,0.002474154,-0.000742532,-0.002474579,,0,
1786043704049096657,1786043704.046708490,/novatel/oem7/odom,/novatel/oem7/fix,/novatel/oem7/odom,39.663,-75.756,-1.800366998,0.002587439,-0.002470119,-0.000610418,0.002514404,-0.002470119,,,
1786043704057053346,1786043704.056372612,/novatel/oem7/odom,/novatel/oem7/fix,/novatel/oem7/odom,39.663,-75.756,-1.800366998,0.002587439,-0.002470119,-0.000610418,0.002514404,-0.002470119,,,
1786043704066779732,1786043704.066255527,/novatel/oem7/inspva,/novatel/oem7/inspva,/novatel/oem7/inspva,39.663,-75.756,-1.800369643,0.001658335,-0.001512874,0.001650622,-0.000159756,-0.001512874,,novatel_oem7_msgs.msg.InertialSolutionStatus(status=3),
1786043704068161559,1786043704.066448952,/novatel/oem7/fix,/novatel/oem7/fix,/novatel/oem7/inspva,39.663,-75.756,-1.800369643,0.001658335,-0.001512874,0.001650622,-0.000159756,-0.001512874,,0,
1786043704069245447,1786043704.066908696,/novatel/oem7/odom,/novatel/oem7/fix,/novatel/oem7/odom,39.663,-75.756,-1.800369643,0.001662231,-0.001508593,-0.000072531,0.001660648,-0.001508593,,,
1786043704075522869,1786043704.074843952,/novatel/oem7/odom,/novatel/oem7/fix,/novatel/oem7/odom,39.663,-75.756,-1.800369643,0.001662231,-0.001508593,-0.000072531,0.001660648,-0.001508593,,,
1786043704085687000,1786043704.085136631,/novatel/oem7/inspva,/novatel/oem7/inspva,/novatel/oem7/inspva,39.663,-75.756,-1.800367513,0.003599968,0.000502278,0.003381152,-0.001235953,0.000502278,,novatel_oem7_msgs.msg.InertialSolutionStatus(status=3),
1786043704087026793,1786043704.085312269,/novatel/oem7/fix,/novatel/oem7/fix,/novatel/oem7/inspva,39.663,-75.756,-1.800367513,0.003599968,0.000502278,0.003381152,-0.001235953,0.000502278,,0,
1786043704088095627,1786043704.085832848,/novatel/oem7/odom,/novatel/oem7/fix,/novatel/oem7/odom,39.663,-75.756,-1.800367513,0.003599240,0.000507466,-0.001070496,0.003436360,0.000507466,,,
1786043704096162934,1786043704.095520107,/novatel/oem7/odom,/novatel/oem7/fix,/novatel/oem7/odom,39.663,-75.756,-1.800367513,0.003599240,0.000507466,-0.001070496,0.003436360,0.000507466,,,
1786043704106312465,1786043704.105817873,/novatel/oem7/inspva,/novatel/oem7/inspva,/novatel/oem7/inspva,39.663,-75.756,-1.800387797,0.003585226,-0.000339349,0.003227185,-0.001561767,-0.000339349,,novatel_oem7_msgs.msg.InertialSolutionStatus(status=3),
1786043704107723959,1786043704.105981921,/novatel/oem7/fix,/novatel/oem7/fix,/novatel/oem7/inspva,39.663,-75.756,-1.800387797,0.003585226,-0.000339349,0.003227185,-0.001561767,-0.000339349,,0,
1786043704108796482,1786043704.106380496,/novatel/oem7/odom,/novatel/oem7/fix,/novatel/oem7/odom,39.663,-75.756,-1.800387797,0.003585553,-0.000335874,-0.001400098,0.003300896,-0.000335874,,,
1786043704110260857,1786043704.109313324,/novatel/oem7/bestpos,/novatel/oem7/bestpos,/novatel/oem7/odom,39.663,-75.756,33.181856214,0.003585553,-0.000335874,-0.001400098,0.003300896,-0.000335874,,novatel_oem7_msgs.msg.SolutionStatus(status=0),novatel_oem7_msgs.msg.PositionOrVelocityType(type=53)
1786043704111690368,1786043704.109994948,/novatel/oem7/bestvel,/novatel/oem7/bestpos,/novatel/oem7/bestvel,39.663,-75.756,33.181856214,0.003500365,-0.000410560,,,,336.399778507,novatel_oem7_msgs.msg.SolutionStatus(status=0),novatel_oem7_msgs.msg.PositionOrVelocityType(type=53)
1786043704114927550,1786043704.114301808,/novatel/oem7/odom,/novatel/oem7/bestpos,/novatel/oem7/odom,39.663,-75.756,33.181856214,0.003585553,-0.000335874,-0.001400098,0.003300896,-0.000335874,,,
1786043704127077144,1786043704.126559089,/novatel/oem7/inspva,/novatel/oem7/inspva,/novatel/oem7/inspva,39.663,-75.756,-1.800416889,0.001940662,-0.002820306,0.001898260,-0.000403460,-0.002820306,,novatel_oem7_msgs.msg.InertialSolutionStatus(status=3),
1786043704128509568,1786043704.126725977,/novatel/oem7/fix,/novatel/oem7/fix,/novatel/oem7/inspva,39.663,-75.756,-1.800416889,0.001940662,-0.002820306,0.001898260,-0.000403460,-0.002820306,,0,
1786043704129647206,1786043704.127108228,/novatel/oem7/odom,/novatel/oem7/fix,/novatel/oem7/odom,39.663,-75.756,-1.800416889,0.001946527,-0.002816262,-0.000298557,0.001923495,-0.002816262,,,
1786043704135657079,1786043704.134983842,/novatel/oem7/odom,/novatel/oem7/fix,/novatel/oem7/odom,39.663,-75.756,-1.800416889,0.001946527,-0.002816262,-0.000298557,0.001923495,-0.002816262,,,
1786043704145415496,1786043704.144918565,/novatel/oem7/inspva,/novatel/oem7/inspva,/novatel/oem7/inspva,39.663,-75.756,-1.800417140,0.001794906,-0.001805555,0.001573440,-0.000863698,-0.001805555,,novatel_oem7_msgs.msg.InertialSolutionStatus(status=3),
1786043704146797290,1786043704.145082019,/novatel/oem7/fix,/novatel/oem7/fix,/novatel/oem7/inspva,39.663,-75.756,-1.800417140,0.001794906,-0.001805555,0.001573440,-0.000863698,-0.001805555,,0,
1786043704147885377,1786043704.145481993,/novatel/oem7/odom,/novatel/oem7/fix,/novatel/oem7/odom,39.663,-75.756,-1.800417140,0.001796209,-0.001804259,-0.000778187,0.001618886,-0.001804259,,,
1786043704156361391,1786043704.155682148,/novatel/oem7/odom,/novatel/oem7/fix,/novatel/oem7/odom,39.663,-75.756,-1.800417140,0.001796209,-0.001804259,-0.000778187,0.001618886,-0.001804259,,,
1786043704166014600,1786043704.165521505,/novatel/oem7/inspva,/novatel/oem7/inspva,/novatel/oem7/inspva,39.663,-75.756,-1.800417311,0.001638644,0.000057779,0.001633005,-0.000135834,0.000057779,,novatel_oem7_msgs.msg.InertialSolutionStatus(status=3),
1786043704167410198,1786043704.165689721,/novatel/oem7/fix,/novatel/oem7/fix,/novatel/oem7/inspva,39.663,-75.756,-1.800417311,0.001638644,0.000057779,0.001633005,-0.000135834,0.000057779,,0,
1786043704168576113,1786043704.166468482,/novatel/oem7/odom,/novatel/oem7/fix,/novatel/oem7/odom,39.663,-75.756,-1.800417311,0.001638487,0.000062074,-0.000055698,0.001637540,0.000062074,,,
1786043704175210188,1786043704.174564595,/novatel/oem7/odom,/novatel/oem7/fix,/novatel/oem7/odom,39.663,-75.756,-1.800417311,0.001638487,0.000062074,-0.000055698,0.001637540,0.000062074,,,
1786043704186549494,1786043704.186024759,/novatel/oem7/inspva,/novatel/oem7/inspva,/novatel/oem7/inspva,39.663,-75.756,-1.800432391,0.002132861,-0.000051634,0.001993058,-0.000759482,-0.000051634,,novatel_oem7_msgs.msg.InertialSolutionStatus(status=3),
1786043704187898611,1786043704.186190277,/novatel/oem7/fix,/novatel/oem7/fix,/novatel/oem7/inspva,39.663,-75.756,-1.800432391,0.002132861,-0.000051634,0.001993058,-0.000759482,-0.000051634,,0,
1786043704188977472,1786043704.186499804,/novatel/oem7/odom,/novatel/oem7/fix,/novatel/oem7/odom,39.663,-75.756,-1.800432391,0.002132929,-0.000048743,-0.000660449,0.002028100,-0.000048743,,,
1786043704195205557,1786043704.194552854,/novatel/oem7/odom,/novatel/oem7/fix,/novatel/oem7/odom,39.663,-75.756,-1.800432391,0.002132929,-0.000048743,-0.000660449,0.002028100,-0.000048743,,,
1786043704206981164,1786043704.206478166,/novatel/oem7/inspva,/novatel/oem7/inspva,/novatel/oem7/inspva,39.663,-75.756,-1.800472098,0.002859548,-0.003321109,0.002114310,-0.001925281,-0.003321109,,novatel_oem7_msgs.msg.InertialSolutionStatus(status=3),
1786043704208331697,1786043704.206635613,/novatel/oem7/fix,/novatel/oem7/fix,/novatel/oem7/inspva,39.663,-75.756,-1.800472098,0.002859548,-0.003321109,0.002114310,-0.001925281,-0.003321109,,0,
1786043704209450995,1786043704.207071938,/novatel/oem7/odom,/novatel/oem7/fix,/novatel/oem7/odom,39.663,-75.756,-1.800472098,0.002858077,-0.003322375,-0.001805796,0.002215334,-0.003322375,,,
1786043704210946860,1786043704.210263873,/novatel/oem7/bestpos,/novatel/oem7/bestpos,/novatel/oem7/odom,39.663,-75.756,33.181778585,0.002858077,-0.003322375,-0.001805796,0.002215334,-0.003322375,,novatel_oem7_msgs.msg.SolutionStatus(status=0),novatel_oem7_msgs.msg.PositionOrVelocityType(type=53)
1786043704212382157,1786043704.210635230,/novatel/oem7/bestvel,/novatel/oem7/bestpos,/novatel/oem7/bestvel,39.663,-75.756,33.181778585,0.002440244,-0.002591615,,,,296.480405055,novatel_oem7_msgs.msg.SolutionStatus(status=0),novatel_oem7_msgs.msg.PositionOrVelocityType(type=53)
1786043704216176295,1786043704.215521772,/novatel/oem7/odom,/novatel/oem7/bestpos,/novatel/oem7/odom,39.663,-75.756,33.181778585,0.002858077,-0.003322375,-0.001805796,0.002215334,-0.003322375,,,
1786043704225759520,1786043704.225223365,/novatel/oem7/inspva,/novatel/oem7/inspva,/novatel/oem7/inspva,39.663,-75.756,-1.800477946,0.001876625,-0.002631192,0.001533956,-0.001081065,-0.002631192,,novatel_oem7_msgs.msg.InertialSolutionStatus(status=3),
1786043704227156987,1786043704.225416894,/novatel/oem7/fix,/novatel/oem7/fix,/novatel/oem7/inspva,39.663,-75.756,-1.800477946,0.001876625,-0.002631192,0.001533956,-0.001081065,-0.002631192,,0,
1786043704228273928,1786043704.225916835,/novatel/oem7/odom,/novatel/oem7/fix,/novatel/oem7/odom,39.663,-75.756,-1.800477946,0.001877078,-0.002630870,-0.000993886,0.001592360,-0.002630870,,,
1786043704235196524,1786043704.234540920,/novatel/oem7/odom,/novatel/oem7/fix,/novatel/oem7/odom,39.663,-75.756,-1.800477946,0.001877078,-0.002630870,-0.000993886,0.001592360,-0.002630870,,,
1786043704247141046,1786043704.246622437,/novatel/oem7/inspva,/novatel/oem7/inspva,/novatel/oem7/inspva,39.663,-75.756,-1.800470171,0.001056240,0.000493811,0.001049911,-0.000115454,0.000493811,,novatel_oem7_msgs.msg.InertialSolutionStatus(status=3),
1786043704248573584,1786043704.246812119,/novatel/oem7/fix,/novatel/oem7/fix,/novatel/oem7/inspva,39.663,-75.756,-1.800470171,0.001056240,0.000493811,0.001049911,-0.000115454,0.000493811,,0,
1786043704249654514,1786043704.247208640,/novatel/oem7/odom,/novatel/oem7/fix,/novatel/oem7/odom,39.663,-75.756,-1.800470171,0.001055024,0.000496404,-0.000065729,0.001052974,0.000496404,,,
1786043704257012900,1786043704.256384147,/novatel/oem7/odom,/novatel/oem7/fix,/novatel/oem7/odom,39.663,-75.756,-1.800470171,0.001055024,0.000496404,-0.000065729,0.001052974,0.000496404,,,
1786043704265512955,1786043704.264982083,/novatel/oem7/inspva,/novatel/oem7/inspva,/novatel/oem7/inspva,39.663,-75.756,-1.800493661,0.001230775,-0.000299968,0.001220296,-0.000160266,-0.000299968,,novatel_oem7_msgs.msg.InertialSolutionStatus(status=3),
1786043704267069843,1786043704.265164681,/novatel/oem7/fix,/novatel/oem7/fix,/novatel/oem7/inspva,39.663,-75.756,-1.800493661,0.001230775,-0.000299968,0.001220296,-0.000160266,-0.000299968,,0,
1786043704268220712,1786043704.265613393,/novatel/oem7/odom,/novatel/oem7/fix,/novatel/oem7/odom,39.663,-75.756,-1.800493661,0.001231479,-0.000297065,-0.000098912,0.001227501,-0.000297065,,,
1786043704276261795,1786043704.275594575,/novatel/oem7/odom,/novatel/oem7/fix,/novatel/oem7/odom,39.663,-75.756,-1.800493661,0.001231479,-0.000297065,-0.000098912,0.001227501,-0.000297065,,,
1786043704286443093,1786043704.285901840,/novatel/oem7/inspva,/novatel/oem7/inspva,/novatel/oem7/inspva,39.663,-75.756,-1.800532381,0.002464448,-0.002822470,0.002077691,-0.001325408,-0.002822470,,novatel_oem7_msgs.msg.InertialSolutionStatus(status=3),
1786043704287817379,1786043704.286091966,/novatel/oem7/fix,/novatel/oem7/fix,/novatel/oem7/inspva,39.663,-75.756,-1.800532381,0.002464448,-0.002822470,0.002077691,-0.001325408,-0.002822470,,0,
1786043704288884080,1786043704.286575491,/novatel/oem7/odom,/novatel/oem7/fix,/novatel/oem7/odom,39.663,-75.756,-1.800532381,0.002465398,-0.002821641,-0.001210392,0.002147822,-0.002821641,,,
1786043704295618984,1786043704.294949377,/novatel/oem7/odom,/novatel/oem7/fix,/novatel/oem7/odom,39.663,-75.756,-1.800532381,0.002465398,-0.002821641,-0.001210392,0.002147822,-0.002821641,,,
1786043704306658076,1786043704.306069634,/novatel/oem7/inspva,/novatel/oem7/inspva,/novatel/oem7/inspva,39.663,-75.756,-1.800546857,0.001884431,-0.002755190,0.001557716,-0.001060473,-0.002755190,,novatel_oem7_msgs.msg.InertialSolutionStatus(status=3),
1786043704308049694,1786043704.306266929,/novatel/oem7/fix,/novatel/oem7/fix,/novatel/oem7/inspva,39.663,-75.756,-1.800546857,0.001884431,-0.002755190,0.001557716,-0.001060473,-0.002755190,,0,
1786043704309188528,1786043704.306733154,/novatel/oem7/odom,/novatel/oem7/fix,/novatel/oem7/odom,39.663,-75.756,-1.800546857,0.001884982,-0.002754813,-0.000971631,0.001615268,-0.002754813,,,
1786043704310732644,1786043704.309359613,/novatel/oem7/bestpos,/novatel/oem7/bestpos,/novatel/oem7/odom,39.663,-75.756,33.181725325,0.001884982,-0.002754813,-0.000971631,0.001615268,-0.002754813,,novatel_oem7_msgs.msg.SolutionStatus(status=0),novatel_oem7_msgs.msg.PositionOrVelocityType(type=53)
1786043704311757111,1786043704.309987933,/novatel/oem7/bestvel,/novatel/oem7/bestpos,/novatel/oem7/bestvel,39.663,-75.756,33.181725325,0.002301916,-0.001672823,,,,287.667440495,novatel_oem7_msgs.msg.SolutionStatus(status=0),novatel_oem7_msgs.msg.PositionOrVelocityType(type=53)
1786043704315324422,1786043704.314574122,/novatel/oem7/odom,/novatel/oem7/bestpos,/novatel/oem7/odom,39.663,-75.756,33.181725325,0.001884982,-0.002754813,-0.000971631,0.001615268,-0.002754813,,,
1786043704325737106,1786043704.325141827,/novatel/oem7/inspva,/novatel/oem7/inspva,/novatel/oem7/inspva,39.663,-75.756,-1.800542998,0.000506833,-0.000106877,0.000351755,0.000364895,-0.000106877,,novatel_oem7_msgs.msg.InertialSolutionStatus(status=3),
1786043704327147690,1786043704.325357199,/novatel/oem7/fix,/novatel/oem7/fix,/novatel/oem7/inspva,39.663,-75.756,-1.800542998,0.000506833,-0.000106877,0.000351755,0.000364895,-0.000106877,,0,
1786043704328272568,1786043704.325912057,/novatel/oem7/odom,/novatel/oem7/fix,/novatel/oem7/odom,39.663,-75.756,-1.800542998,0.000507338,-0.000104453,0.000382162,0.000333682,-0.000104453,,,
1786043704336616514,1786043704.335802584,/novatel/oem7/odom,/novatel/oem7/fix,/novatel/oem7/odom,39.663,-75.756,-1.800542998,0.000507338,-0.000104453,0.000382162,0.000333682,-0.000104453,,,
1786043704346729198,1786043704.345987897,/novatel/oem7/inspva,/novatel/oem7/inspva,/novatel/oem7/inspva,39.663,-75.756,-1.800568322,0.001210750,-0.000657158,0.001210697,-0.000011296,-0.000657158,,novatel_oem7_msgs.msg.InertialSolutionStatus(status=3),
1786043704348272276,1786043704.346197323,/novatel/oem7/fix,/novatel/oem7/fix,/novatel/oem7/inspva,39.663,-75.756,-1.800568322,0.001210750,-0.000657158,0.001210697,-0.000011296,-0.000657158,,0,
1786043704349443751,1786043704.346546370,/novatel/oem7/odom,/novatel/oem7/fix,/novatel/oem7/odom,39.663,-75.756,-1.800568322,0.001212593,-0.000653752,0.000050853,0.001211526,-0.000653752,,,
1786043704356378177,1786043704.355701113,/novatel/oem7/odom,/novatel/oem7/fix,/novatel/oem7/odom,39.663,-75.756,-1.800568322,0.001212593,-0.000653752,0.000050853,0.001211526,-0.000653752,,,
1786043704365973919,1786043704.365216374,/novatel/oem7/inspva,/novatel/oem7/inspva,/novatel/oem7/inspva,39.663,-75.756,-1.800599326,0.002707024,-0.001846228,0.002591773,-0.000781468,-0.001846228,,novatel_oem7_msgs.msg.InertialSolutionStatus(status=3),
1786043704367789330,1786043704.365411046,/novatel/oem7/fix,/novatel/oem7/fix,/novatel/oem7/inspva,39.663,-75.756,-1.800599326,0.002707024,-0.001846228,0.002591773,-0.000781468,-0.001846228,,0,
1786043704368923464,1786043704.366042551,/novatel/oem7/odom,/novatel/oem7/fix,/novatel/oem7/odom,39.663,-75.756,-1.800599326,0.002709992,-0.001841870,-0.000645798,0.002631919,-0.001841870,,,
1786043704375808826,1786043704.375144153,/novatel/oem7/odom,/novatel/oem7/fix,/novatel/oem7/odom,39.663,-75.756,-1.800599326,0.002709992,-0.001841870,-0.000645798,0.002631919,-0.001841870,,,
1786043704385949810,1786043704.385232963,/novatel/oem7/inspva,/novatel/oem7/inspva,/novatel/oem7/inspva,39.663,-75.756,-1.800616518,0.002662359,-0.001797455,0.002591420,-0.000610488,-0.001797455,,novatel_oem7_msgs.msg.InertialSolutionStatus(status=3),
1786043704387613490,1786043704.385414375,/novatel/oem7/fix,/novatel/oem7/fix,/novatel/oem7/inspva,39.663,-75.756,-1.800616518,0.002662359,-0.001797455,0.002591420,-0.000610488,-0.001797455,,0,
1786043704388751145,1786043704.385745368,/novatel/oem7/odom,/novatel/oem7/fix,/novatel/oem7/odom,39.663,-75.756,-1.800616518,0.002665737,-0.001792441,-0.000475160,0.002623047,-0.001792441,,,
1786043704394822798,1786043704.394126701,/novatel/oem7/odom,/novatel/oem7/fix,/novatel/oem7/odom,39.663,-75.756,-1.800616518,0.002665737,-0.001792441,-0.000475160,0.002623047,-0.001792441,,,
1786043704407086547,1786043704.406550962,/novatel/oem7/inspva,/novatel/oem7/inspva,/novatel/oem7/inspva,39.663,-75.756,-1.800625836,0.000417706,-0.001412476,0.000356059,0.000218405,-0.001412476,,novatel_oem7_msgs.msg.InertialSolutionStatus(status=3),
1786043704408546788,1786043704.406740200,/novatel/oem7/fix,/novatel/oem7/fix,/novatel/oem7/inspva,39.663,-75.756,-1.800625836,0.000417706,-0.001412476,0.000356059,0.000218405,-0.001412476,,0,
1786043704409654609,1786043704.407128967,/novatel/oem7/odom,/novatel/oem7/fix,/novatel/oem7/odom,39.663,-75.756,-1.800625836,0.000423994,-0.001410602,0.000241303,0.000348632,-0.001410602,,,
1786043704411198724,1786043704.410610768,/novatel/oem7/bestpos,/novatel/oem7/bestpos,/novatel/oem7/odom,39.663,-75.756,33.181649878,0.000423994,-0.001410602,0.000241303,0.000348632,-0.001410602,,novatel_oem7_msgs.msg.SolutionStatus(status=0),novatel_oem7_msgs.msg.PositionOrVelocityType(type=53)
1786043704412650765,1786043704.411137403,/novatel/oem7/bestvel,/novatel/oem7/bestpos,/novatel/oem7/bestvel,39.663,-75.756,33.181649878,0.000762486,-0.000839540,,,,286.179940675,novatel_oem7_msgs.msg.SolutionStatus(status=0),novatel_oem7_msgs.msg.PositionOrVelocityType(type=53)
1786043704415629152,1786043704.414848448,/novatel/oem7/odom,/novatel/oem7/bestpos,/novatel/oem7/odom,39.663,-75.756,33.181649878,0.000423994,-0.001410602,0.000241303,0.000348632,-0.001410602,,,
1786043704425888910,1786043704.425156062,/novatel/oem7/inspva,/novatel/oem7/inspva,/novatel/oem7/inspva,39.663,-75.756,-1.800639293,0.001546109,-0.001052972,0.001364865,0.000726359,-0.001052972,,novatel_oem7_msgs.msg.InertialSolutionStatus(status=3),
1786043704427786656,1786043704.425349394,/novatel/oem7/fix,/novatel/oem7/fix,/novatel/oem7/inspva,39.663,-75.756,-1.800639293,0.001546109,-0.001052972,0.001364865,0.000726359,-0.001052972,,0,
1786043704428911310,1786043704.425609318,/novatel/oem7/odom,/novatel/oem7/fix,/novatel/oem7/odom,39.663,-75.756,-1.800639293,0.001550656,-0.001046265,0.000796780,0.001330292,-0.001046265,,,
1786043704436363558,1786043704.435652271,/novatel/oem7/odom,/novatel/oem7/fix,/novatel/oem7/odom,39.663,-75.756,-1.800639293,0.001550656,-0.001046265,0.000796780,0.001330292,-0.001046265,,,
1786043704445744531,1786043704.445194791,/novatel/oem7/inspva,/novatel/oem7/inspva,/novatel/oem7/inspva,39.663,-75.756,-1.800659986,0.002781913,-0.000762609,0.002735528,-0.000505890,-0.000762609,,novatel_oem7_msgs.msg.InertialSolutionStatus(status=3),
1786043704447213395,1786043704.445387277,/novatel/oem7/fix,/novatel/oem7/fix,/novatel/oem7/inspva,39.663,-75.756,-1.800659986,0.002781913,-0.000762609,0.002735528,-0.000505890,-0.000762609,,0,
1786043704448389213,1786043704.445933310,/novatel/oem7/odom,/novatel/oem7/fix,/novatel/oem7/odom,39.663,-75.756,-1.800659986,0.002783501,-0.000756792,-0.000367730,0.002759103,-0.000756792,,,
1786043704457121187,1786043704.456399096,/novatel/oem7/odom,/novatel/oem7/fix,/novatel/oem7/odom,39.663,-75.756,-1.800659986,0.002783501,-0.000756792,-0.000367730,0.002759103,-0.000756792,,,
1786043704466714429,1786043704.465969318,/novatel/oem7/inspva,/novatel/oem7/inspva,/novatel/oem7/inspva,39.663,-75.756,-1.800683695,0.003245938,-0.001389105,0.003243362,-0.000129294,-0.001389105,,novatel_oem7_msgs.msg.InertialSolutionStatus(status=3),
1786043704468337755,1786043704.466162693,/novatel/oem7/fix,/novatel/oem7/fix,/novatel/oem7/inspva,39.663,-75.756,-1.800683695,0.003245938,-0.001389105,0.003243362,-0.000129294,-0.001389105,,0,
1786043704469539663,1786043704.466535383,/novatel/oem7/odom,/novatel/oem7/fix,/novatel/oem7/odom,39.663,-75.756,-1.800683695,0.003249681,-0.001380326,0.000035849,0.003249483,-0.001380326,,,
1786043704475176786,1786043704.474508432,/novatel/oem7/odom,/novatel/oem7/fix,/novatel/oem7/odom,39.663,-75.756,-1.800683695,0.003249681,-0.001380326,0.000035849,0.003249483,-0.001380326,,,
1786043704486010870,1786043704.485299023,/novatel/oem7/inspva,/novatel/oem7/inspva,/novatel/oem7/inspva,39.663,-75.756,-1.800709787,0.000963870,-0.002718119,0.000962437,0.000052542,-0.002718119,,novatel_oem7_msgs.msg.InertialSolutionStatus(status=3),
1786043704487880635,1786043704.485501152,/novatel/oem7/fix,/novatel/oem7/fix,/novatel/oem7/inspva,39.663,-75.756,-1.800709787,0.000963870,-0.002718119,0.000962437,0.000052542,-0.002718119,,0,
1786043704489014716,1786043704.486090781,/novatel/oem7/odom,/novatel/oem7/fix,/novatel/oem7/odom,39.663,-75.756,-1.800709787,0.000972211,-0.002715147,0.000110689,0.000965889,-0.002715147,,,
1786043704496350879,1786043704.495605772,/novatel/oem7/odom,/novatel/oem7/fix,/novatel/oem7/odom,39.663,-75.756,-1.800709787,0.000972211,-0.002715147,0.000110689,0.000965889,-0.002715147,,,
1786043704506751936,1786043704.506039455,/novatel/oem7/inspva,/novatel/oem7/inspva,/novatel/oem7/inspva,39.663,-75.756,-1.800726620,0.001029535,-0.002274675,0.000877145,0.000539036,-0.002274675,,novatel_oem7_msgs.msg.InertialSolutionStatus(status=3),
1786043704508236787,1786043704.506229441,/novatel/oem7/fix,/novatel/oem7/fix,/novatel/oem7/inspva,39.663,-75.756,-1.800726620,0.001029535,-0.002274675,0.000877145,0.000539036,-0.002274675,,0,
1786043704509339698,1786043704.506772230,/novatel/oem7/odom,/novatel/oem7/fix,/novatel/oem7/odom,39.663,-75.756,-1.800726620,0.001039643,-0.002270073,0.000590580,0.000855612,-0.002270073,,,
1786043704511985024,1786043704.511383858,/novatel/oem7/bestpos,/novatel/oem7/bestpos,/novatel/oem7/odom,39.663,-75.756,33.181553914,0.001039643,-0.002270073,0.000590580,0.000855612,-0.002270073,,novatel_oem7_msgs.msg.SolutionStatus(status=0),novatel_oem7_msgs.msg.PositionOrVelocityType(type=53)
1786043704513470606,1786043704.512314095,/novatel/oem7/bestvel,/novatel/oem7/bestpos,/novatel/oem7/bestvel,39.663,-75.756,33.181553914,0.001167052,-0.001348523,,,,302.723134975,novatel_oem7_msgs.msg.SolutionStatus(status=0),novatel_oem7_msgs.msg.PositionOrVelocityType(type=53)
1786043704515495486,1786043704.514504349,/novatel/oem7/odom,/novatel/oem7/bestpos,/novatel/oem7/odom,39.663,-75.756,33.181553914,0.001039643,-0.002270073,0.000590580,0.000855612,-0.002270073,,,
1786043704527063421,1786043704.526432658,/novatel/oem7/inspva,/novatel/oem7/inspva,/novatel/oem7/inspva,39.663,-75.756,-1.800733881,0.001518881,0.000344715,0.001233702,0.000885991,0.000344715,,novatel_oem7_msgs.msg.InertialSolutionStatus(status=3),
1786043704528495352,1786043704.526620910,/novatel/oem7/fix,/novatel/oem7/fix,/novatel/oem7/inspva,39.663,-75.756,-1.800733881,0.001518881,0.000344715,0.001233702,0.000885991,0.000344715,,0,
1786043704529802285,1786043704.527014461,/novatel/oem7/odom,/novatel/oem7/fix,/novatel/oem7/odom,39.663,-75.756,-1.800733881,0.001517282,0.000351689,0.000944176,0.001187718,0.000351689,,,
1786043704535752374,1786043704.535038260,/novatel/oem7/odom,/novatel/oem7/fix,/novatel/oem7/odom,39.663,-75.756,-1.800733881,0.001517282,0.000351689,0.000944176,0.001187718,0.000351689,,,
1786043704545732319,1786043704.544977786,/novatel/oem7/inspva,/novatel/oem7/inspva,/novatel/oem7/inspva,39.663,-75.756,-1.800764788,0.001653991,-0.000827629,0.001643128,0.000189254,-0.000827629,,novatel_oem7_msgs.msg.InertialSolutionStatus(status=3),
1786043704547734176,1786043704.545176838,/novatel/oem7/fix,/novatel/oem7/fix,/novatel/oem7/inspva,39.663,-75.756,-1.800764788,0.001653991,-0.000827629,0.001643128,0.000189254,-0.000827629,,0,
1786043704548992686,1786043704.545579145,/novatel/oem7/odom,/novatel/oem7/fix,/novatel/oem7/odom,39.663,-75.756,-1.800764788,0.001656692,-0.000822210,0.000273161,0.001634017,-0.000822210,,,
1786043704556742552,1786043704.556030762,/novatel/oem7/odom,/novatel/oem7/fix,/novatel/oem7/odom,39.663,-75.756,-1.800764788,0.001656692,-0.000822210,0.000273161,0.001634017,-0.000822210,,,
1786043704565844876,1786043704.565298797,/novatel/oem7/inspva,/novatel/oem7/inspva,/novatel/oem7/inspva,39.663,-75.756,-1.800798513,0.001677389,-0.002943427,0.001515466,-0.000719025,-0.002943427,,novatel_oem7_msgs.msg.InertialSolutionStatus(status=3),
1786043704567237840,1786043704.565497159,/novatel/oem7/fix,/novatel/oem7/fix,/novatel/oem7/inspva,39.663,-75.756,-1.800798513,0.001677389,-0.002943427,0.001515466,-0.000719025,-0.002943427,,0,
1786043704568340261,1786043704.566019554,/novatel/oem7/odom,/novatel/oem7/fix,/novatel/oem7/odom,39.663,-75.756,-1.800798513,0.001680115,-0.002941871,-0.000631914,0.001556751,-0.002941871,,,
1786043704575729027,1786043704.574970097,/novatel/oem7/odom,/novatel/oem7/fix,/novatel/oem7/odom,39.663,-75.756,-1.800798513,0.001680115,-0.002941871,-0.000631914,0.001556751,-0.002941871,,,
1786043704586129277,1786043704.585386267,/novatel/oem7/inspva,/novatel/oem7/inspva,/novatel/oem7/inspva,39.663,-75.756,-1.800807527,0.000977014,-0.002435969,0.000717933,0.000662668,-0.002435969,,novatel_oem7_msgs.msg.InertialSolutionStatus(status=3),
1786043704587980789,1786043704.585604835,/novatel/oem7/fix,/novatel/oem7/fix,/novatel/oem7/inspva,39.663,-75.756,-1.800807527,0.000977014,-0.002435969,0.000717933,0.000662668,-0.002435969,,0,
1786043704589105697,1786043704.586028394,/novatel/oem7/odom,/novatel/oem7/fix,/novatel/oem7/odom,39.663,-75.756,-1.800807527,0.000988489,-0.002431336,0.000706951,0.000690892,-0.002431336,,,
1786043704595028639,1786043704.594347567,/novatel/oem7/odom,/novatel/oem7/fix,/novatel/oem7/odom,39.663,-75.756,-1.800807527,0.000988489,-0.002431336,0.000706951,0.000690892,-0.002431336,,,
1786043704607188536,1786043704.606499246,/novatel/oem7/inspva,/novatel/oem7/inspva,/novatel/oem7/inspva,39.663,-75.756,-1.800806645,0.000739105,0.000114419,-0.000040316,0.000738004,0.000114419,,novatel_oem7_msgs.msg.InertialSolutionStatus(status=3),
1786043704608661391,1786043704.606635766,/novatel/oem7/fix,/novatel/oem7/fix,/novatel/oem7/inspva,39.663,-75.756,-1.800806645,0.000739105,0.000114419,-0.000040316,0.000738004,0.000114419,,0,
1786043704609839846,1786043704.607185803,/novatel/oem7/odom,/novatel/oem7/fix,/novatel/oem7/odom,39.663,-75.756,-1.800806645,0.000738670,0.000117193,0.000734659,-0.000076872,0.000117193,,,
1786043704611381358,1786043704.610377718,/novatel/oem7/bestpos,/novatel/oem7/bestpos,/novatel/oem7/odom,39.663,-75.756,33.181453406,0.000738670,0.000117193,0.000734659,-0.000076872,0.000117193,,novatel_oem7_msgs.msg.SolutionStatus(status=0),novatel_oem7_msgs.msg.PositionOrVelocityType(type=53)
1786043704612920680,1786043704.610883000,/novatel/oem7/bestvel,/novatel/oem7/bestpos,/novatel/oem7/bestvel,39.663,-75.756,33.181453406,0.001113246,-0.000245033,,,,75.598451190,novatel_oem7_msgs.msg.SolutionStatus(status=0),novatel_oem7_msgs.msg.PositionOrVelocityType(type=53)
1786043704616128728,1786043704.615434095,/novatel/oem7/odom,/novatel/oem7/bestpos,/novatel/oem7/odom,39.663,-75.756,33.181453406,0.000738670,0.000117193,0.000734659,-0.000076872,0.000117193,,,
1786043704625694437,1786043704.624960833,/novatel/oem7/inspva,/novatel/oem7/inspva,/novatel/oem7/inspva,39.663,-75.756,-1.800828638,0.000990324,0.000089485,0.000648381,0.000748561,0.000089485,,novatel_oem7_msgs.msg.InertialSolutionStatus(status=3),
1786043704627661910,1786043704.625123321,/novatel/oem7/fix,/novatel/oem7/fix,/novatel/oem7/inspva,39.663,-75.756,-1.800828638,0.000990324,0.000089485,0.000648381,0.000748561,0.000089485,,0,
1786043704628913019,1786043704.625548885,/novatel/oem7/odom,/novatel/oem7/fix,/novatel/oem7/odom,39.663,-75.756,-1.800828638,0.000989883,0.000094239,0.000779182,0.000610527,0.000094239,,,
1786043704635199437,1786043704.634477944,/novatel/oem7/odom,/novatel/oem7/fix,/novatel/oem7/odom,39.663,-75.756,-1.800828638,0.000989883,0.000094239,0.000779182,0.000610527,0.000094239,,,
1786043704647271811,1786043704.646534824,/novatel/oem7/inspva,/novatel/oem7/inspva,/novatel/oem7/inspva,39.663,-75.756,-1.800868226,0.001820183,-0.002683064,0.001776871,-0.000394710,-0.002683064,,novatel_oem7_msgs.msg.InertialSolutionStatus(status=3),
1786043704648864753,1786043704.646712826,/novatel/oem7/fix,/novatel/oem7/fix,/novatel/oem7/inspva,39.663,-75.756,-1.800868226,0.001820183,-0.002683064,0.001776871,-0.000394710,-0.002683064,,0,
1786043704650046602,1786043704.647120976,/novatel/oem7/odom,/novatel/oem7/fix,/novatel/oem7/odom,39.663,-75.756,-1.800868226,0.001825307,-0.002679581,-0.000296005,0.001801145,-0.002679581,,,
1786043704657246110,1786043704.656571946,/novatel/oem7/odom,/novatel/oem7/fix,/novatel/oem7/odom,39.663,-75.756,-1.800868226,0.001825307,-0.002679581,-0.000296005,0.001801145,-0.002679581,,,
1786043704665736061,1786043704.665021784,/novatel/oem7/inspva,/novatel/oem7/inspva,/novatel/oem7/inspva,39.663,-75.756,-1.800880885,0.001685000,-0.002491989,0.001675135,-0.000182071,-0.002491989,,novatel_oem7_msgs.msg.InertialSolutionStatus(status=3),
1786043704667660647,1786043704.665167652,/novatel/oem7/fix,/novatel/oem7/fix,/novatel/oem7/inspva,39.663,-75.756,-1.800880885,0.001685000,-0.002491989,0.001675135,-0.000182071,-0.002491989,,0,
1786043704668866985,1786043704.665585876,/novatel/oem7/odom,/novatel/oem7/fix,/novatel/oem7/odom,39.663,-75.756,-1.800880885,0.001690956,-0.002487952,-0.000089437,0.001688589,-0.002487952,,,
1786043704675388373,1786043704.674697283,/novatel/oem7/odom,/novatel/oem7/fix,/novatel/oem7/odom,39.663,-75.756,-1.800880885,0.001690956,-0.002487952,-0.000089437,0.001688589,-0.002487952,,,
1786043704686098293,1786043704.685362455,/novatel/oem7/inspva,/novatel/oem7/inspva,/novatel/oem7/inspva,39.663,-75.756,-1.800894474,0.001533505,-0.001448679,-0.000084957,0.001531150,-0.001448679,,novatel_oem7_msgs.msg.InertialSolutionStatus(status=3),
1786043704688099962,1786043704.685550791,/novatel/oem7/fix,/novatel/oem7/fix,/novatel/oem7/inspva,39.663,-75.756,-1.800894474,0.001533505,-0.001448679,-0.000084957,0.001531150,-0.001448679,,0,
1786043704689345542,1786043704.686185543,/novatel/oem7/odom,/novatel/oem7/fix,/novatel/oem7/odom,39.663,-75.756,-1.800894474,0.001538889,-0.001442959,0.001530925,-0.000156356,-0.001442959,,,
1786043704695671398,1786043704.694984505,/novatel/oem7/odom,/novatel/oem7/fix,/novatel/oem7/odom,39.663,-75.756,-1.800894474,0.001538889,-0.001442959,0.001530925,-0.000156356,-0.001442959,,,
1786043704706654404,1786043704.705918903,/novatel/oem7/inspva,/novatel/oem7/inspva,/novatel/oem7/inspva,39.663,-75.756,-1.800914227,0.000699767,-0.000664905,0.000149779,0.000683550,-0.000664905,,novatel_oem7_msgs.msg.InertialSolutionStatus(status=3),
1786043704708505892,1786043704.706102588,/novatel/oem7/fix,/novatel/oem7/fix,/novatel/oem7/inspva,39.663,-75.756,-1.800914227,0.000699767,-0.000664905,0.000149779,0.000683550,-0.000664905,,0,
1786043704709654770,1786043704.706667254,/novatel/oem7/odom,/novatel/oem7/fix,/novatel/oem7/odom,39.663,-75.756,-1.800914227,0.000702700,-0.000661804,0.000692768,0.000117726,-0.000661804,,,
1786043704711238752,1786043704.709573353,/novatel/oem7/bestpos,/novatel/oem7/bestpos,/novatel/oem7/odom,39.663,-75.756,33.181354678,0.000702700,-0.000661804,0.000692768,0.000117726,-0.000661804,,novatel_oem7_msgs.msg.SolutionStatus(status=0),novatel_oem7_msgs.msg.PositionOrVelocityType(type=53)
1786043704712280069,1786043704.710263572,/novatel/oem7/bestvel,/novatel/oem7/bestpos,/novatel/oem7/bestvel,39.663,-75.756,33.181354678,0.000853198,-0.000865308,,,,26.446131560,novatel_oem7_msgs.msg.SolutionStatus(status=0),novatel_oem7_msgs.msg.PositionOrVelocityType(type=53)
1786043704715202639,1786043704.714514035,/novatel/oem7/odom,/novatel/oem7/bestpos,/novatel/oem7/odom,39.663,-75.756,33.181354678,0.000702700,-0.000661804,0.000692768,0.000117726,-0.000661804,,,
1786043704725872721,1786043704.725337292,/novatel/oem7/inspva,/novatel/oem7/inspva,/novatel/oem7/inspva,39.663,-75.756,-1.800947538,0.002405050,-0.001496694,0.002375086,-0.000378464,-0.001496694,,novatel_oem7_msgs.msg.InertialSolutionStatus(status=3),
1786043704727273398,1786043704.725537321,/novatel/oem7/fix,/novatel/oem7/fix,/novatel/oem7/inspva,39.663,-75.756,-1.800947538,0.002405050,-0.001496694,0.002375086,-0.000378464,-0.001496694,,0,
1786043704728404476,1786043704.726204718,/novatel/oem7/odom,/novatel/oem7/fix,/novatel/oem7/odom,39.663,-75.756,-1.800947538,0.002408309,-0.001491445,-0.000255151,0.002394755,-0.001491445,,,
1786043704736500787,1786043704.735759502,/novatel/oem7/odom,/novatel/oem7/fix,/novatel/oem7/odom,39.663,-75.756,-1.800947538,0.002408309,-0.001491445,-0.000255151,0.002394755,-0.001491445,,,
1786043704745709238,1786043704.745063835,/novatel/oem7/inspva,/novatel/oem7/inspva,/novatel/oem7/inspva,39.663,-75.756,-1.800969416,0.001739435,-0.001971547,0.001738399,-0.000060004,-0.001971547,,novatel_oem7_msgs.msg.InertialSolutionStatus(status=3),
1786043704747125645,1786043704.745235653,/novatel/oem7/fix,/novatel/oem7/fix,/novatel/oem7/inspva,39.663,-75.756,-1.800969416,0.001739435,-0.001971547,0.001738399,-0.000060004,-0.001971547,,0,
1786043704748202906,1786043704.745646101,/novatel/oem7/odom,/novatel/oem7/fix,/novatel/oem7/odom,39.663,-75.756,-1.800969416,0.001744714,-0.001966877,0.000033540,0.001744391,-0.001966877,,,
1786043704756396400,1786043704.755680487,/novatel/oem7/odom,/novatel/oem7/fix,/novatel/oem7/odom,39.663,-75.756,-1.800969416,0.001744714,-0.001966877,0.000033540,0.001744391,-0.001966877,,,
1786043704767165111,1786043704.766585342,/novatel/oem7/inspva,/novatel/oem7/inspva,/novatel/oem7/inspva,39.663,-75.756,-1.800986631,0.000635302,-0.001694011,-0.000147462,0.000617951,-0.001694011,,novatel_oem7_msgs.msg.InertialSolutionStatus(status=3),
1786043704768742957,1786043704.766755040,/novatel/oem7/fix,/novatel/oem7/fix,/novatel/oem7/inspva,39.663,-75.756,-1.800986631,0.000635302,-0.001694011,-0.000147462,0.000617951,-0.001694011,,0,
1786043704769995839,1786043704.767134821,/novatel/oem7/odom,/novatel/oem7/fix,/novatel/oem7/odom,39.663,-75.756,-1.800986631,0.000640621,-0.001692007,0.000616751,-0.000173244,-0.001692007,,,
1786043704775440793,1786043704.774702229,/novatel/oem7/odom,/novatel/oem7/fix,/novatel/oem7/odom,39.663,-75.756,-1.800986631,0.000640621,-0.001692007,0.000616751,-0.000173244,-0.001692007,,,
1786043704785623018,1786043704.785017285,/novatel/oem7/inspva,/novatel/oem7/inspva,/novatel/oem7/inspva,39.663,-75.756,-1.801005708,0.002155340,-0.001481295,-0.000925436,0.001946551,-0.001481295,,novatel_oem7_msgs.msg.InertialSolutionStatus(status=3),
1786043704787000394,1786043704.785170776,/novatel/oem7/fix,/novatel/oem7/fix,/novatel/oem7/inspva,39.663,-75.756,-1.801005708,0.002155340,-0.001481295,-0.000925436,0.001946551,-0.001481295,,0,
1786043704788070519,1786043704.785705051,/novatel/oem7/odom,/novatel/oem7/fix,/novatel/oem7/odom,39.663,-75.756,-1.801005708,0.002158744,-0.001476331,0.001904608,-0.001016190,-0.001476331,,,
1786043704796129252,1786043704.795412005,/novatel/oem7/odom,/novatel/oem7/fix,/novatel/oem7/odom,39.663,-75.756,-1.801005708,0.002158744,-0.001476331,0.001904608,-0.001016190,-0.001476331,,,
1786043704807043767,1786043704.806459444,/novatel/oem7/inspva,/novatel/oem7/inspva,/novatel/oem7/inspva,39.663,-75.756,-1.801023405,0.001176024,-0.000403423,0.001128067,0.000332411,-0.000403423,,novatel_oem7_msgs.msg.InertialSolutionStatus(status=3),
1786043704808446311,1786043704.806620529,/novatel/oem7/fix,/novatel/oem7/fix,/novatel/oem7/inspva,39.663,-75.756,-1.801023405,0.001176024,-0.000403423,0.001128067,0.000332411,-0.000403423,,0,
1786043704809495071,1786043704.807133098,/novatel/oem7/odom,/novatel/oem7/fix,/novatel/oem7/odom,39.663,-75.756,-1.801023405,0.001177558,-0.000398921,0.000389152,0.001111398,-0.000398921,,,
1786043704811054930,1786043704.810272259,/novatel/oem7/bestpos,/novatel/oem7/bestpos,/novatel/oem7/odom,39.663,-75.756,33.181235033,0.001177558,-0.000398921,0.000389152,0.001111398,-0.000398921,,novatel_oem7_msgs.msg.SolutionStatus(status=0),novatel_oem7_msgs.msg.PositionOrVelocityType(type=53)
1786043704812455124,1786043704.810706197,/novatel/oem7/bestvel,/novatel/oem7/bestpos,/novatel/oem7/bestvel,39.663,-75.756,33.181235033,0.002191144,-0.001252761,,,,51.403380291,novatel_oem7_msgs.msg.SolutionStatus(status=0),novatel_oem7_msgs.msg.PositionOrVelocityType(type=53)
1786043704815566748,1786043704.814869655,/novatel/oem7/odom,/novatel/oem7/bestpos,/novatel/oem7/odom,39.663,-75.756,33.181235033,0.001177558,-0.000398921,0.000389152,0.001111398,-0.000398921,,,
1786043704827135849,1786043704.826549327,/novatel/oem7/inspva,/novatel/oem7/inspva,/novatel/oem7/inspva,39.663,-75.756,-1.801056197,0.000834912,-0.001444582,0.000769802,0.000323238,-0.001444582,,novatel_oem7_msgs.msg.InertialSolutionStatus(status=3),
1786043704828517020,1786043704.826706802,/novatel/oem7/fix,/novatel/oem7/fix,/novatel/oem7/inspva,39.663,-75.756,-1.801056197,0.000834912,-0.001444582,0.000769802,0.000323238,-0.001444582,,0,
1786043704829562264,1786043704.827099526,/novatel/oem7/odom,/novatel/oem7/fix,/novatel/oem7/odom,39.663,-75.756,-1.801056197,0.000840860,-0.001441128,0.000366550,0.000756761,-0.001441128,,,
1786043704835219777,1786043704.834538540,/novatel/oem7/odom,/novatel/oem7/fix,/novatel/oem7/odom,39.663,-75.756,-1.801056197,0.000840860,-0.001441128,0.000366550,0.000756761,-0.001441128,,,
1786043704845886593,1786043704.845308230,/novatel/oem7/inspva,/novatel/oem7/inspva,/novatel/oem7/inspva,39.663,-75.756,-1.801083948,0.000777314,-0.002370602,-0.000148910,0.000762917,-0.002370602,,novatel_oem7_msgs.msg.InertialSolutionStatus(status=3),
1786043704847227286,1786043704.845469458,/novatel/oem7/fix,/novatel/oem7/fix,/novatel/oem7/inspva,39.663,-75.756,-1.801083948,0.000777314,-0.002370602,-0.000148910,0.000762917,-0.002370602,,0,
1786043704848261976,1786043704.846110775,/novatel/oem7/odom,/novatel/oem7/fix,/novatel/oem7/odom,39.663,-75.756,-1.801083948,0.000785132,-0.002368024,0.000764201,-0.000180082,-0.002368024,,,
1786043704857294302,1786043704.856414053,/novatel/oem7/odom,/novatel/oem7/fix,/novatel/oem7/odom,39.663,-75.756,-1.801083948,0.000785132,-0.002368024,0.000764201,-0.000180082,-0.002368024,,,
1786043704865599764,1786043704.865007139,/novatel/oem7/inspva,/novatel/oem7/inspva,/novatel/oem7/inspva,39.663,-75.756,-1.801098229,0.001095919,-0.001731782,-0.000490770,0.000979890,-0.001731782,,novatel_oem7_msgs.msg.InertialSolutionStatus(status=3),
1786043704866945808,1786043704.865160727,/novatel/oem7/fix,/novatel/oem7/fix,/novatel/oem7/inspva,39.663,-75.756,-1.801098229,0.001095919,-0.001731782,-0.000490770,0.000979890,-0.001731782,,0,
1786043704867983212,1786043704.865641312,/novatel/oem7/odom,/novatel/oem7/fix,/novatel/oem7/odom,39.663,-75.756,-1.801098229,0.001099801,-0.001729320,0.000961545,-0.000533847,-0.001729320,,,
1786043704875166623,1786043704.874483449,/novatel/oem7/odom,/novatel/oem7/fix,/novatel/oem7/odom,39.663,-75.756,-1.801098229,0.001099801,-0.001729320,0.000961545,-0.000533847,-0.001729320,,,
1786043704887400628,1786043704.886813885,/novatel/oem7/inspva,/novatel/oem7/inspva,/novatel/oem7/inspva,39.663,-75.756,-1.801113364,0.001913569,-0.000310583,-0.000079823,0.001911903,-0.000310583,,novatel_oem7_msgs.msg.InertialSolutionStatus(status=3),
1786043704888957143,1786043704.886979200,/novatel/oem7/fix,/novatel/oem7/fix,/novatel/oem7/inspva,39.663,-75.756,-1.801113364,0.001913569,-0.000310583,-0.000079823,0.001911903,-0.000310583,,0,
1786043704890201849,1786043704.887379511,/novatel/oem7/odom,/novatel/oem7/fix,/novatel/oem7/odom,39.663,-75.756,-1.801113364,0.001914737,-0.000303298,0.001906908,-0.000172975,-0.000303298,,,
1786043704895885375,1786043704.895181338,/novatel/oem7/odom,/novatel/oem7/fix,/novatel/oem7/odom,39.663,-75.756,-1.801113364,0.001914737,-0.000303298,0.001906908,-0.000172975,-0.000303298,,,
1786043704906452040,1786043704.905860338,/novatel/oem7/inspva,/novatel/oem7/inspva,/novatel/oem7/inspva,39.663,-75.756,-1.801144017,0.001007278,-0.000762265,0.000286492,0.000965677,-0.000762265,,novatel_oem7_msgs.msg.InertialSolutionStatus(status=3),
1786043704907817897,1786043704.906014926,/novatel/oem7/fix,/novatel/oem7/fix,/novatel/oem7/inspva,39.663,-75.756,-1.801144017,0.001007278,-0.000762265,0.000286492,0.000965677,-0.000762265,,0,
1786043704908855091,1786043704.906543755,/novatel/oem7/odom,/novatel/oem7/fix,/novatel/oem7/odom,39.663,-75.756,-1.801144017,0.001010759,-0.000757643,0.000981698,0.000240628,-0.000757643,,,
1786043704910364623,1786043704.909561131,/novatel/oem7/bestpos,/novatel/oem7/bestpos,/novatel/oem7/odom,39.663,-75.756,33.181116491,0.001010759,-0.000757643,0.000981698,0.000240628,-0.000757643,,novatel_oem7_msgs.msg.SolutionStatus(status=0),novatel_oem7_msgs.msg.PositionOrVelocityType(type=53)
1786043704911804733,1786043704.910276365,/novatel/oem7/bestvel,/novatel/oem7/bestpos,/novatel/oem7/bestvel,39.663,-75.756,33.181116491,0.002267627,-0.001491661,,,,79.237883605,novatel_oem7_msgs.msg.SolutionStatus(status=0),novatel_oem7_msgs.msg.PositionOrVelocityType(type=53)
1786043704916120750,1786043704.915438499,/novatel/oem7/odom,/novatel/oem7/bestpos,/novatel/oem7/odom,39.663,-75.756,33.181116491,0.001010759,-0.000757643,0.000981698,0.000240628,-0.000757643,,,
1786043704925807412,1786043704.925219926,/novatel/oem7/inspva,/novatel/oem7/inspva,/novatel/oem7/inspva,39.663,-75.756,-1.801186782,0.000345754,-0.003060145,0.000342738,0.000045563,-0.003060145,,novatel_oem7_msgs.msg.InertialSolutionStatus(status=3),
1786043704927155429,1786043704.925365508,/novatel/oem7/fix,/novatel/oem7/fix,/novatel/oem7/inspva,39.663,-75.756,-1.801186782,0.000345754,-0.003060145,0.000342738,0.000045563,-0.003060145,,0,
1786043704928415635,1786043704.926045061,/novatel/oem7/odom,/novatel/oem7/fix,/novatel/oem7/odom,39.663,-75.756,-1.801186782,0.000355941,-0.003058977,0.000074704,0.000348013,-0.003058977,,,
1786043704935602146,1786043704.934875279,/novatel/oem7/odom,/novatel/oem7/fix,/novatel/oem7/odom,39.663,-75.756,-1.801186782,0.000355941,-0.003058977,0.000074704,0.000348013,-0.003058977,,,
1786043704947174251,1786043704.946563975,/novatel/oem7/inspva,/novatel/oem7/inspva,/novatel/oem7/inspva,39.663,-75.756,-1.801202564,0.000741605,-0.002395396,-0.000132188,0.000729729,-0.002395396,,novatel_oem7_msgs.msg.InertialSolutionStatus(status=3),
1786043704948538401,1786043704.946740984,/novatel/oem7/fix,/novatel/oem7/fix,/novatel/oem7/inspva,39.663,-75.756,-1.801202564,0.000741605,-0.002395396,-0.000132188,0.000729729,-0.002395396,,0,
1786043704949604768,1786043704.947117380,/novatel/oem7/odom,/novatel/oem7/fix,/novatel/oem7/odom,39.663,-75.756,-1.801202564,0.000749640,-0.002392894,0.000731992,-0.000161704,-0.002392894,,,
1786043704956400686,1786043704.955753489,/novatel/oem7/odom,/novatel/oem7/fix,/novatel/oem7/odom,39.663,-75.756,-1.801202564,0.000749640,-0.002392894,0.000731992,-0.000161704,-0.002392894,,,
1786043704965733628,1786043704.965236032,/novatel/oem7/inspva,/novatel/oem7/inspva,/novatel/oem7/inspva,39.663,-75.756,-1.801209596,0.002103324,0.000007086,-0.000554180,0.002029004,0.000007086,,novatel_oem7_msgs.msg.InertialSolutionStatus(status=3),
1786043704967058198,1786043704.965322116,/novatel/oem7/fix,/novatel/oem7/fix,/novatel/oem7/inspva,39.663,-75.756,-1.801209596,0.002103324,0.000007086,-0.000554180,0.002029004,0.000007086,,0,
1786043704968130442,1786043704.966140856,/novatel/oem7/odom,/novatel/oem7/fix,/novatel/oem7/odom,39.663,-75.756,-1.801209596,0.002103293,0.000013547,0.001999238,-0.000653367,0.000013547,,,
1786043704976167359,1786043704.975516049,/novatel/oem7/odom,/novatel/oem7/fix,/novatel/oem7/odom,39.663,-75.756,-1.801209596,0.002103293,0.000013547,0.001999238,-0.000653367,0.000013547,,,
1786043704985569405,1786043704.985037907,/novatel/oem7/inspva,/novatel/oem7/inspva,/novatel/oem7/inspva,39.663,-75.756,-1.801247927,0.001763740,-0.001069669,-0.000269208,0.001743073,-0.001069669,,novatel_oem7_msgs.msg.InertialSolutionStatus(status=3),
1786043704986893088,1786043704.985202015,/novatel/oem7/fix,/novatel/oem7/fix,/novatel/oem7/inspva,39.663,-75.756,-1.801247927,0.001763740,-0.001069669,-0.000269208,0.001743073,-0.001069669,,0,
1786043704987946313,1786043704.985658500,/novatel/oem7/odom,/novatel/oem7/fix,/novatel/oem7/odom,39.663,-75.756,-1.801247927,0.001767441,-0.001063542,0.001732062,-0.000351863,-0.001063542,,,
1786043704995077366,1786043704.994418377,/novatel/oem7/odom,/novatel/oem7/fix,/novatel/oem7/odom,39.663,-75.756,-1.801247927,0.001767441,-0.001063542,0.001732062,-0.000351863,-0.001063542,,,
1786043705008833513,1786043705.008320254,/novatel/oem7/inspva,/novatel/oem7/inspva,/novatel/oem7/inspva,39.663,-75.756,-1.801293471,0.000943017,-0.002555795,0.000822975,0.000460427,-0.002555795,,novatel_oem7_msgs.msg.InertialSolutionStatus(status=3),
1786043705010133586,1786043705.008399866,/novatel/oem7/fix,/novatel/oem7/fix,/novatel/oem7/inspva,39.663,-75.756,-1.801293471,0.000943017,-0.002555795,0.000822975,0.000460427,-0.002555795,,0,
1786043705012313788,1786043705.011122066,/novatel/oem7/odom,/novatel/oem7/fix,/novatel/oem7/odom,39.663,-75.756,-1.801293471,0.000954140,-0.002551664,0.000510684,0.000805968,-0.002551664,,,
1786043705016635337,1786043705.015979544,/novatel/oem7/odom,/novatel/oem7/fix,/novatel/oem7/odom,39.663,-75.756,-1.801293471,0.000954140,-0.002551664,0.000510684,0.000805968,-0.002551664,,,
1786043705027324114,1786043705.026780909,/novatel/oem7/bestpos,/novatel/oem7/bestpos,/novatel/oem7/odom,39.663,-75.756,33.180989532,0.000954140,-0.002551664,0.000510684,0.000805968,-0.002551664,,novatel_oem7_msgs.msg.SolutionStatus(status=0),novatel_oem7_msgs.msg.PositionOrVelocityType(type=53)
1786043705028746828,1786043705.027170697,/novatel/oem7/bestvel,/novatel/oem7/bestpos,/novatel/oem7/bestvel,39.663,-75.756,33.180989532,0.000760721,-0.002315412,,,,5.063365875,novatel_oem7_msgs.msg.SolutionStatus(status=0),novatel_oem7_msgs.msg.PositionOrVelocityType(type=53)
1786043705029672183,1786043705.027566285,/novatel/oem7/inspva,/novatel/oem7/inspva,/novatel/oem7/inspva,39.663,-75.756,-1.801319360,0.000903070,-0.002814614,0.000029777,0.000902579,-0.002814614,,novatel_oem7_msgs.msg.InertialSolutionStatus(status=3),
1786043705030499241,1786043705.027646714,/novatel/oem7/fix,/novatel/oem7/fix,/novatel/oem7/inspva,39.663,-75.756,-1.801319360,0.000903070,-0.002814614,0.000029777,0.000902579,-0.002814614,,0,
1786043705031516085,1786043705.028076954,/novatel/oem7/odom,/novatel/oem7/fix,/novatel/oem7/odom,39.663,-75.756,-1.801319360,0.000914366,-0.002810965,0.000914336,-0.000007348,-0.002810965,,,
1786043705036127097,1786043705.035505981,/novatel/oem7/odom,/novatel/oem7/fix,/novatel/oem7/odom,39.663,-75.756,-1.801319360,0.000914366,-0.002810965,0.000914336,-0.000007348,-0.002810965,,,
1786043705046523187,1786043705.045805183,/novatel/oem7/inspva,/novatel/oem7/inspva,/novatel/oem7/inspva,39.663,-75.756,-1.801289084,0.001888055,-0.000440786,-0.001003699,0.001599169,-0.000440786,,novatel_oem7_msgs.msg.InertialSolutionStatus(status=3),
1786043705047496744,1786043705.045987152,/novatel/oem7/fix,/novatel/oem7/fix,/novatel/oem7/inspva,39.663,-75.756,-1.801289084,0.001888055,-0.000440786,-0.001003699,0.001599169,-0.000440786,,0,
1786043705047979152,1786043705.046622798,/novatel/oem7/odom,/novatel/oem7/fix,/novatel/oem7/odom,39.663,-75.756,-1.801289084,0.001888868,-0.000437290,0.001549639,-0.001080019,-0.000437290,,,
1786043705056417699,1786043705.056084289,/novatel/oem7/odom,/novatel/oem7/fix,/novatel/oem7/odom,39.663,-75.756,-1.801289084,0.001888868,-0.000437290,0.001549639,-0.001080019,-0.000437290,,,
1786043705066549904,1786043705.066212626,/novatel/oem7/inspva,/novatel/oem7/inspva,/novatel/oem7/inspva,39.663,-75.756,-1.801270723,0.001926793,-0.000637026,-0.000797368,0.001754062,-0.000637026,,novatel_oem7_msgs.msg.InertialSolutionStatus(status=3),
1786043705067152245,1786043705.066465122,/novatel/oem7/fix,/novatel/oem7/fix,/novatel/oem7/inspva,39.663,-75.756,-1.801270723,0.001926793,-0.000637026,-0.000797368,0.001754062,-0.000637026,,0,
1786043705067821147,1786043705.066963670,/novatel/oem7/odom,/novatel/oem7/fix,/novatel/oem7/odom,39.663,-75.756,-1.801270723,0.001928346,-0.000632308,0.001715291,-0.000881076,-0.000632308,,,
1786043705075165736,1786043705.074849705,/novatel/oem7/odom,/novatel/oem7/fix,/novatel/oem7/odom,39.663,-75.756,-1.801270723,0.001928346,-0.000632308,0.001715291,-0.000881076,-0.000632308,,,
1786043705085947156,1786043705.085333416,/novatel/oem7/inspva,/novatel/oem7/inspva,/novatel/oem7/inspva,39.663,-75.756,-1.801267277,0.001337905,-0.001953517,0.001123793,0.000726003,-0.001953517,,novatel_oem7_msgs.msg.InertialSolutionStatus(status=3),
1786043705087311395,1786043705.085508635,/novatel/oem7/fix,/novatel/oem7/fix,/novatel/oem7/inspva,39.663,-75.756,-1.801267277,0.001337905,-0.001953517,0.001123793,0.000726003,-0.001953517,,0,
1786043705088338949,1786043705.086077873,/novatel/oem7/odom,/novatel/oem7/fix,/novatel/oem7/odom,39.663,-75.756,-1.801267277,0.001346660,-0.001947492,0.000788384,0.001091762,-0.001947492,,,
1786043705096199161,1786043705.095525024,/novatel/oem7/odom,/novatel/oem7/fix,/novatel/oem7/odom,39.663,-75.756,-1.801267277,0.001346660,-0.001947492,0.000788384,0.001091762,-0.001947492,,,
1786043705106382872,1786043705.105818696,/novatel/oem7/inspva,/novatel/oem7/inspva,/novatel/oem7/inspva,39.663,-75.756,-1.801243611,0.000711388,-0.002189292,0.000484243,0.000521136,-0.002189292,,novatel_oem7_msgs.msg.InertialSolutionStatus(status=3),
1786043705107727588,1786043705.105964074,/novatel/oem7/fix,/novatel/oem7/fix,/novatel/oem7/inspva,39.663,-75.756,-1.801243611,0.000711388,-0.002189292,0.000484243,0.000521136,-0.002189292,,0,
1786043705108748902,1786043705.106499750,/novatel/oem7/odom,/novatel/oem7/fix,/novatel/oem7/odom,39.663,-75.756,-1.801243611,0.000721866,-0.002185860,0.000553249,0.000463688,-0.002185860,,,
1786043705110200393,1786043705.109628909,/novatel/oem7/bestpos,/novatel/oem7/bestpos,/novatel/oem7/odom,39.663,-75.756,33.181026367,0.000721866,-0.002185860,0.000553249,0.000463688,-0.002185860,,novatel_oem7_msgs.msg.SolutionStatus(status=0),novatel_oem7_msgs.msg.PositionOrVelocityType(type=53)
1786043705112046621,1786043705.110316560,/novatel/oem7/bestvel,/novatel/oem7/bestpos,/novatel/oem7/bestvel,39.663,-75.756,33.181026367,0.001043803,-0.002164929,,,,91.141546039,novatel_oem7_msgs.msg.SolutionStatus(status=0),novatel_oem7_msgs.msg.PositionOrVelocityType(type=53)
1786043705115251650,1786043705.114558986,/novatel/oem7/odom,/novatel/oem7/bestpos,/novatel/oem7/odom,39.663,-75.756,33.181026367,0.000721866,-0.002185860,0.000553249,0.000463688,-0.002185860,,,
1786043705127163658,1786043705.126572229,/novatel/oem7/inspva,/novatel/oem7/inspva,/novatel/oem7/inspva,39.663,-75.756,-1.801215629,0.001908762,-0.001309170,-0.001205490,0.001479921,-0.001309170,,novatel_oem7_msgs.msg.InertialSolutionStatus(status=3),
1786043705128502778,1786043705.126769564,/novatel/oem7/fix,/novatel/oem7/fix,/novatel/oem7/inspva,39.663,-75.756,-1.801215629,0.001908762,-0.001309170,-0.001205490,0.001479921,-0.001309170,,0,
1786043705129537265,1786043705.127203205,/novatel/oem7/odom,/novatel/oem7/fix,/novatel/oem7/odom,39.663,-75.756,-1.801215629,0.001910438,-0.001306723,0.001424111,-0.001273453,-0.001306723,,,
1786043705135638755,1786043705.134947722,/novatel/oem7/odom,/novatel/oem7/fix,/novatel/oem7/odom,39.663,-75.756,-1.801215629,0.001910438,-0.001306723,0.001424111,-0.001273453,-0.001306723,,,
1786043705146571657,1786043705.145886371,/novatel/oem7/inspva,/novatel/oem7/inspva,/novatel/oem7/inspva,39.663,-75.756,-1.801186664,0.001827149,-0.000486085,-0.000884979,0.001598526,-0.000486085,,novatel_oem7_msgs.msg.InertialSolutionStatus(status=3),
1786043705147537843,1786043705.146110029,/novatel/oem7/fix,/novatel/oem7/fix,/novatel/oem7/inspva,39.663,-75.756,-1.801186664,0.001827149,-0.000486085,-0.000884979,0.001598526,-0.000486085,,0,
1786043705147987368,1786043705.146644648,/novatel/oem7/odom,/novatel/oem7/fix,/novatel/oem7/odom,39.663,-75.756,-1.801186664,0.001828159,-0.000482270,0.001554997,-0.000961327,-0.000482270,,,
1786043705155996915,1786043705.155668961,/novatel/oem7/odom,/novatel/oem7/fix,/novatel/oem7/odom,39.663,-75.756,-1.801186664,0.001828159,-0.000482270,0.001554997,-0.000961327,-0.000482270,,,
1786043705165739174,1786043705.165411024,/novatel/oem7/inspva,/novatel/oem7/inspva,/novatel/oem7/inspva,39.663,-75.756,-1.801181175,0.001379656,-0.001360423,0.000773160,0.001142661,-0.001360423,,novatel_oem7_msgs.msg.InertialSolutionStatus(status=3),
1786043705166324764,1786043705.165595766,/novatel/oem7/fix,/novatel/oem7/fix,/novatel/oem7/inspva,39.663,-75.756,-1.801181175,0.001379656,-0.001360423,0.000773160,0.001142661,-0.001360423,,0,
1786043705166975800,1786043705.166281993,/novatel/oem7/odom,/novatel/oem7/fix,/novatel/oem7/odom,39.663,-75.756,-1.801181175,0.001386258,-0.001353694,0.001184909,0.000719516,-0.001353694,,,
1786043705175169124,1786043705.174852588,/novatel/oem7/odom,/novatel/oem7/fix,/novatel/oem7/odom,39.663,-75.756,-1.801181175,0.001386258,-0.001353694,0.001184909,0.000719516,-0.001353694,,,
1786043705186578753,1786043705.186250934,/novatel/oem7/inspva,/novatel/oem7/inspva,/novatel/oem7/inspva,39.663,-75.756,-1.801159005,0.000568418,-0.002373770,0.000244430,0.000513179,-0.002373770,,novatel_oem7_msgs.msg.InertialSolutionStatus(status=3),
1786043705187154203,1786043705.186436156,/novatel/oem7/fix,/novatel/oem7/fix,/novatel/oem7/inspva,39.663,-75.756,-1.801159005,0.000568418,-0.002373770,0.000244430,0.000513179,-0.002373770,,0,
1786043705187792857,1786043705.187010609,/novatel/oem7/odom,/novatel/oem7/fix,/novatel/oem7/odom,39.663,-75.756,-1.801159005,0.000579750,-0.002371028,0.000534284,0.000225055,-0.002371028,,,
1786043705194877052,1786043705.194562310,/novatel/oem7/odom,/novatel/oem7/fix,/novatel/oem7/odom,39.663,-75.756,-1.801159005,0.000579750,-0.002371028,0.000534284,0.000225055,-0.002371028,,,
1786043705206807204,1786043705.206553819,/novatel/oem7/inspva,/novatel/oem7/inspva,/novatel/oem7/inspva,39.663,-75.756,-1.801147034,0.001915719,-0.002303624,-0.001321516,0.001386930,-0.002303624,,novatel_oem7_msgs.msg.InertialSolutionStatus(status=3),
1786043705207368116,1786043705.206709704,/novatel/oem7/fix,/novatel/oem7/fix,/novatel/oem7/inspva,39.663,-75.756,-1.801147034,0.001915719,-0.002303624,-0.001321516,0.001386930,-0.002303624,,0,
1786043705208000037,1786043705.207236566,/novatel/oem7/odom,/novatel/oem7/fix,/novatel/oem7/odom,39.663,-75.756,-1.801147034,0.001917836,-0.002301862,0.001329596,-0.001382126,-0.002301862,,,
1786043705210695059,1786043705.210386787,/novatel/oem7/bestpos,/novatel/oem7/bestpos,/novatel/oem7/odom,39.663,-75.756,33.181119757,0.001917836,-0.002301862,0.001329596,-0.001382126,-0.002301862,,novatel_oem7_msgs.msg.SolutionStatus(status=0),novatel_oem7_msgs.msg.PositionOrVelocityType(type=53)
1786043705212665874,1786043705.210826015,/novatel/oem7/bestvel,/novatel/oem7/bestpos,/novatel/oem7/bestvel,39.663,-75.756,33.181119757,0.001649188,-0.001735108,,,,160.625106175,novatel_oem7_msgs.msg.SolutionStatus(status=0),novatel_oem7_msgs.msg.PositionOrVelocityType(type=53)
1786043705215841816,1786043705.215515548,/novatel/oem7/odom,/novatel/oem7/bestpos,/novatel/oem7/odom,39.663,-75.756,33.181119757,0.001917836,-0.002301862,0.001329596,-0.001382126,-0.002301862,,,
1786043705225719077,1786043705.225453654,/novatel/oem7/inspva,/novatel/oem7/inspva,/novatel/oem7/inspva,39.663,-75.756,-1.801115038,0.002623252,-0.000999528,-0.001907007,0.001801326,-0.000999528,,novatel_oem7_msgs.msg.InertialSolutionStatus(status=3),
1786043705226270047,1786043705.225631525,/novatel/oem7/fix,/novatel/oem7/fix,/novatel/oem7/inspva,39.663,-75.756,-1.801115038,0.002623252,-0.000999528,-0.001907007,0.001801326,-0.000999528,,0,
1786043705226908879,1786043705.226061933,/novatel/oem7/odom,/novatel/oem7/fix,/novatel/oem7/odom,39.663,-75.756,-1.801115038,0.002623902,-0.000997821,0.001709370,-0.001990707,-0.000997821,,,
1786043705235035736,1786043705.234592941,/novatel/oem7/odom,/novatel/oem7/fix,/novatel/oem7/odom,39.663,-75.756,-1.801115038,0.002623902,-0.000997821,0.001709370,-0.001990707,-0.000997821,,,
1786043705247395501,1786043705.246968517,/novatel/oem7/inspva,/novatel/oem7/inspva,/novatel/oem7/inspva,39.663,-75.756,-1.801099716,0.001029439,-0.000435993,-0.000266343,0.000994388,-0.000435993,,novatel_oem7_msgs.msg.InertialSolutionStatus(status=3),
1786043705247989283,1786043705.247168086,/novatel/oem7/fix,/novatel/oem7/fix,/novatel/oem7/inspva,39.663,-75.756,-1.801099716,0.001029439,-0.000435993,-0.000266343,0.000994388,-0.000435993,,0,
1786043705248622693,1786043705.247966777,/novatel/oem7/odom,/novatel/oem7/fix,/novatel/oem7/odom,39.663,-75.756,-1.801099716,0.001030800,-0.000432766,0.000981869,-0.000313817,-0.000432766,,,
1786043705257257576,1786043705.256556376,/novatel/oem7/odom,/novatel/oem7/fix,/novatel/oem7/odom,39.663,-75.756,-1.801099716,0.001030800,-0.000432766,0.000981869,-0.000313817,-0.000432766,,,
1786043705265607413,1786043705.265169615,/novatel/oem7/inspva,/novatel/oem7/inspva,/novatel/oem7/inspva,39.663,-75.756,-1.801085802,0.000431814,-0.001436657,-0.000417190,0.000111429,-0.001436657,,novatel_oem7_msgs.msg.InertialSolutionStatus(status=3),
1786043705266164852,1786043705.265338533,/novatel/oem7/fix,/novatel/oem7/fix,/novatel/oem7/inspva,39.663,-75.756,-1.801085802,0.000431814,-0.001436657,-0.000417190,0.000111429,-0.001436657,,0,
1786043705266619648,1786043705.265833581,/novatel/oem7/odom,/novatel/oem7/fix,/novatel/oem7/odom,39.663,-75.756,-1.801085802,0.000429450,-0.001437365,0.000096645,-0.000418434,-0.001437365,,,
1786043705276655635,1786043705.275979015,/novatel/oem7/odom,/novatel/oem7/fix,/novatel/oem7/odom,39.663,-75.756,-1.801085802,0.000429450,-0.001437365,0.000096645,-0.000418434,-0.001437365,,,
1786043705286998928,1786043705.286497640,/novatel/oem7/inspva,/novatel/oem7/inspva,/novatel/oem7/inspva,39.663,-75.756,-1.801079934,0.002312160,-0.002443810,-0.001985642,0.001184614,-0.002443810,,novatel_oem7_msgs.msg.InertialSolutionStatus(status=3),
1786043705287754485,1786043705.286650738,/novatel/oem7/fix,/novatel/oem7/fix,/novatel/oem7/inspva,39.663,-75.756,-1.801079934,0.002312160,-0.002443810,-0.001985642,0.001184614,-0.002443810,,0,
1786043705288189116,1786043705.287106506,/novatel/oem7/odom,/novatel/oem7/fix,/novatel/oem7/odom,39.663,-75.756,-1.801079934,0.002311235,-0.002444684,0.001095373,-0.002035183,-0.002444684,,,
1786043705295401988,1786043705.295080065,/novatel/oem7/odom,/novatel/oem7/fix,/novatel/oem7/odom,39.663,-75.756,-1.801079934,0.002311235,-0.002444684,0.001095373,-0.002035183,-0.002444684,,,
1786043705306209982,1786043705.305932723,/novatel/oem7/inspva,/novatel/oem7/inspva,/novatel/oem7/inspva,39.663,-75.756,-1.801049808,0.002642780,-0.001548545,-0.002208048,0.001452175,-0.001548545,,novatel_oem7_msgs.msg.InertialSolutionStatus(status=3),
1786043705306782852,1786043705.306103401,/novatel/oem7/fix,/novatel/oem7/fix,/novatel/oem7/inspva,39.663,-75.756,-1.801049808,0.002642780,-0.001548545,-0.002208048,0.001452175,-0.001548545,,0,
1786043705307277587,1786043705.306434304,/novatel/oem7/odom,/novatel/oem7/fix,/novatel/oem7/odom,39.663,-75.756,-1.801049808,0.002642511,-0.001549004,0.001348050,-0.002272802,-0.001549004,,,
1786043705309987935,1786043705.309547529,/novatel/oem7/bestpos,/novatel/oem7/bestpos,/novatel/oem7/odom,39.663,-75.756,33.181222049,0.002642511,-0.001549004,0.001348050,-0.002272802,-0.001549004,,novatel_oem7_msgs.msg.SolutionStatus(status=0),novatel_oem7_msgs.msg.PositionOrVelocityType(type=53)
1786043705310618062,1786043705.310241379,/novatel/oem7/bestvel,/novatel/oem7/bestpos,/novatel/oem7/bestvel,39.663,-75.756,33.181222049,0.002322091,-0.001131445,,,,163.434948325,novatel_oem7_msgs.msg.SolutionStatus(status=0),novatel_oem7_msgs.msg.PositionOrVelocityType(type=53)
1786043705315171044,1786043705.314848151,/novatel/oem7/odom,/novatel/oem7/bestpos,/novatel/oem7/odom,39.663,-75.756,33.181222049,0.002642511,-0.001549004,0.001348050,-0.002272802,-0.001549004,,,
1786043705325649481,1786043705.325248711,/novatel/oem7/inspva,/novatel/oem7/inspva,/novatel/oem7/inspva,39.663,-75.756,-1.801019501,0.001205924,0.000478490,-0.000961666,0.000727634,0.000478490,,novatel_oem7_msgs.msg.InertialSolutionStatus(status=3),
1786043705326231646,1786043705.325393439,/novatel/oem7/fix,/novatel/oem7/fix,/novatel/oem7/inspva,39.663,-75.756,-1.801019501,0.001205924,0.000478490,-0.000961666,0.000727634,0.000478490,,0,
1786043705326901024,1786043705.326207831,/novatel/oem7/odom,/novatel/oem7/fix,/novatel/oem7/odom,39.663,-75.756,-1.801019501,0.001205843,0.000478696,0.000677462,-0.000997548,0.000478696,,,
1786043705336000061,1786043705.335561757,/novatel/oem7/odom,/novatel/oem7/fix,/novatel/oem7/odom,39.663,-75.756,-1.801019501,0.001205843,0.000478696,0.000677462,-0.000997548,0.000478696,,,
1786043705345874979,1786043705.345324017,/novatel/oem7/inspva,/novatel/oem7/inspva,/novatel/oem7/inspva,39.663,-75.756,-1.801007196,0.000542504,-0.000620407,-0.000371545,0.000395304,-0.000620407,,novatel_oem7_msgs.msg.InertialSolutionStatus(status=3),
1786043705347253836,1786043705.345512252,/novatel/oem7/fix,/novatel/oem7/fix,/novatel/oem7/inspva,39.663,-75.756,-1.801007196,0.000542504,-0.000620407,-0.000371545,0.000395304,-0.000620407,,0,
1786043705347897388,1786043705.345949070,/novatel/oem7/odom,/novatel/oem7/fix,/novatel/oem7/odom,39.663,-75.756,-1.801007196,0.000543116,-0.000619871,0.000379075,-0.000388944,-0.000619871,,,
1786043705356356873,1786043705.355695444,/novatel/oem7/odom,/novatel/oem7/fix,/novatel/oem7/odom,39.663,-75.756,-1.801007196,0.000543116,-0.000619871,0.000379075,-0.000388944,-0.000619871,,,
1786043705367786917,1786043705.367324915,/novatel/oem7/inspva,/novatel/oem7/inspva,/novatel/oem7/inspva,39.663,-75.756,-1.801012312,0.001581153,-0.002908177,-0.001368442,0.000792093,-0.002908177,,novatel_oem7_msgs.msg.InertialSolutionStatus(status=3),
1786043705368347479,1786043705.367479791,/novatel/oem7/fix,/novatel/oem7/fix,/novatel/oem7/inspva,39.663,-75.756,-1.801012312,0.001581153,-0.002908177,-0.001368442,0.000792093,-0.002908177,,0,
1786043705368803869,1786043705.367899818,/novatel/oem7/odom,/novatel/oem7/fix,/novatel/oem7/odom,39.663,-75.756,-1.801012312,0.001579930,-0.002908842,0.000735554,-0.001398262,-0.002908842,,,
1786043705376313768,1786043705.375664612,/novatel/oem7/odom,/novatel/oem7/fix,/novatel/oem7/odom,39.663,-75.756,-1.801012312,0.001579930,-0.002908842,0.000735554,-0.001398262,-0.002908842,,,
1786043705385485032,1786043705.384976247,/novatel/oem7/inspva,/novatel/oem7/inspva,/novatel/oem7/inspva,39.663,-75.756,-1.800980971,0.001987188,-0.001965857,-0.001415235,0.001394999,-0.001965857,,novatel_oem7_msgs.msg.InertialSolutionStatus(status=3),
1786043705386792509,1786043705.385113059,/novatel/oem7/fix,/novatel/oem7/fix,/novatel/oem7/inspva,39.663,-75.756,-1.800980971,0.001987188,-0.001965857,-0.001415235,0.001394999,-0.001965857,,0,
1786043705387727167,1786043705.385578420,/novatel/oem7/odom,/novatel/oem7/fix,/novatel/oem7/odom,39.663,-75.756,-1.800980971,0.001988736,-0.001964290,0.001331657,-0.001477078,-0.001964290,,,
1786043705395717381,1786043705.395392821,/novatel/oem7/odom,/novatel/oem7/fix,/novatel/oem7/odom,39.663,-75.756,-1.800980971,0.001988736,-0.001964290,0.001331657,-0.001477078,-0.001964290,,,
1786043705407163942,1786043705.406623072,/novatel/oem7/inspva,/novatel/oem7/inspva,/novatel/oem7/inspva,39.663,-75.756,-1.800953296,0.002286641,0.000015684,-0.001382307,0.001821526,0.000015684,,novatel_oem7_msgs.msg.InertialSolutionStatus(status=3),
1786043705407749890,1786043705.406773881,/novatel/oem7/fix,/novatel/oem7/fix,/novatel/oem7/inspva,39.663,-75.756,-1.800953296,0.002286641,0.000015684,-0.001382307,0.001821526,0.000015684,,0,
1786043705408207428,1786043705.407459978,/novatel/oem7/odom,/novatel/oem7/fix,/novatel/oem7/odom,39.663,-75.756,-1.800953296,0.002286616,0.000019033,0.001751221,-0.001470319,0.000019033,,,
1786043705411017839,1786043705.410463687,/novatel/oem7/bestpos,/novatel/oem7/bestpos,/novatel/oem7/odom,39.663,-75.756,33.181310276,0.002286616,0.000019033,0.001751221,-0.001470319,0.000019033,,novatel_oem7_msgs.msg.SolutionStatus(status=0),novatel_oem7_msgs.msg.PositionOrVelocityType(type=53)
1786043705412474690,1786043705.410896798,/novatel/oem7/bestvel,/novatel/oem7/bestpos,/novatel/oem7/bestvel,39.663,-75.756,33.181310276,0.002556267,-0.000267523,,,,119.388740706,novatel_oem7_msgs.msg.SolutionStatus(status=0),novatel_oem7_msgs.msg.PositionOrVelocityType(type=53)
1786043705415262376,1786043705.414942235,/novatel/oem7/odom,/novatel/oem7/bestpos,/novatel/oem7/odom,39.663,-75.756,33.181310276,0.002286616,0.000019033,0.001751221,-0.001470319,0.000019033,,,
1786043705426460384,1786043705.425982521,/novatel/oem7/inspva,/novatel/oem7/inspva,/novatel/oem7/inspva,39.663,-75.756,-1.800936393,0.001438293,-0.000117232,-0.000801998,0.001193937,-0.000117232,,novatel_oem7_msgs.msg.InertialSolutionStatus(status=3),
1786043705427026177,1786043705.426141139,/novatel/oem7/fix,/novatel/oem7/fix,/novatel/oem7/inspva,39.663,-75.756,-1.800936393,0.001438293,-0.000117232,-0.000801998,0.001193937,-0.000117232,,0,
1786043705427624138,1786043705.426650974,/novatel/oem7/odom,/novatel/oem7/fix,/novatel/oem7/odom,39.663,-75.756,-1.800936393,0.001438492,-0.000114766,0.001153504,-0.000859470,-0.000114766,,,
1786043705434905091,1786043705.434548023,/novatel/oem7/odom,/novatel/oem7/fix,/novatel/oem7/odom,39.663,-75.756,-1.800936393,0.001438492,-0.000114766,0.001153504,-0.000859470,-0.000114766,,,
1786043705445633354,1786043705.445347547,/novatel/oem7/inspva,/novatel/oem7/inspva,/novatel/oem7/inspva,39.663,-75.756,-1.800949153,0.000770762,-0.002928002,-0.000540521,0.000549465,-0.002928002,,novatel_oem7_msgs.msg.InertialSolutionStatus(status=3),
1786043705446198880,1786043705.445533519,/novatel/oem7/fix,/novatel/oem7/fix,/novatel/oem7/inspva,39.663,-75.756,-1.800949153,0.000770762,-0.002928002,-0.000540521,0.000549465,-0.002928002,,0,
1786043705446847951,1786043705.446102011,/novatel/oem7/odom,/novatel/oem7/fix,/novatel/oem7/odom,39.663,-75.756,-1.800949153,0.000773364,-0.002927316,0.000534152,-0.000559262,-0.002927316,,,
1786043705456948458,1786043705.456458897,/novatel/oem7/odom,/novatel/oem7/fix,/novatel/oem7/odom,39.663,-75.756,-1.800949153,0.000773364,-0.002927316,0.000534152,-0.000559262,-0.002927316,,,
1786043705466202355,1786043705.465940471,/novatel/oem7/inspva,/novatel/oem7/inspva,/novatel/oem7/inspva,39.663,-75.756,-1.800918062,0.001138511,-0.002777061,-0.000854594,0.000752248,-0.002777061,,novatel_oem7_msgs.msg.InertialSolutionStatus(status=3),
1786043705466756616,1786043705.466090926,/novatel/oem7/fix,/novatel/oem7/fix,/novatel/oem7/inspva,39.663,-75.756,-1.800918062,0.001138511,-0.002777061,-0.000854594,0.000752248,-0.002777061,,0,
1786043705467429767,1786043705.466582565,/novatel/oem7/odom,/novatel/oem7/fix,/novatel/oem7/odom,39.663,-75.756,-1.800918062,0.001139970,-0.002776463,0.000720549,-0.000883369,-0.002776463,,,
1786043705474841508,1786043705.474371958,/novatel/oem7/odom,/novatel/oem7/fix,/novatel/oem7/odom,39.663,-75.756,-1.800918062,0.001139970,-0.002776463,0.000720549,-0.000883369,-0.002776463,,,
1786043705486712301,1786043705.486343614,/novatel/oem7/inspva,/novatel/oem7/inspva,/novatel/oem7/inspva,39.663,-75.756,-1.800886816,0.002415247,0.000309920,-0.001946090,0.001430439,0.000309920,,novatel_oem7_msgs.msg.InertialSolutionStatus(status=3),
1786043705487283048,1786043705.486551469,/novatel/oem7/fix,/novatel/oem7/fix,/novatel/oem7/inspva,39.663,-75.756,-1.800886816,0.002415247,0.000309920,-0.001946090,0.001430439,0.000309920,,0,
1786043705487732745,1786043705.487024694,/novatel/oem7/odom,/novatel/oem7/fix,/novatel/oem7/odom,39.663,-75.756,-1.800886816,0.002415216,0.000310164,0.001331642,-0.002014944,0.000310164,,,
1786043705495884495,1786043705.495402834,/novatel/oem7/odom,/novatel/oem7/fix,/novatel/oem7/odom,39.663,-75.756,-1.800886816,0.002415216,0.000310164,0.001331642,-0.002014944,0.000310164,,,
1786043705506292153,1786043705.506027859,/novatel/oem7/inspva,/novatel/oem7/inspva,/novatel/oem7/inspva,39.663,-75.756,-1.800873590,0.002783038,0.000036017,-0.001465717,0.002365792,0.000036017,,novatel_oem7_msgs.msg.InertialSolutionStatus(status=3),
1786043705506848793,1786043705.506190674,/novatel/oem7/fix,/novatel/oem7/fix,/novatel/oem7/inspva,39.663,-75.756,-1.800873590,0.002783038,0.000036017,-0.001465717,0.002365792,0.000036017,,0,
1786043705507297913,1786043705.506552624,/novatel/oem7/odom,/novatel/oem7/fix,/novatel/oem7/odom,39.663,-75.756,-1.800873590,0.002782966,0.000041191,0.002290619,-0.001580496,0.000041191,,,
1786043705512452590,1786043705.512122560,/novatel/oem7/bestpos,/novatel/oem7/bestpos,/novatel/oem7/odom,39.663,-75.756,33.181388518,0.002782966,0.000041191,0.002290619,-0.001580496,0.000041191,,novatel_oem7_msgs.msg.SolutionStatus(status=0),novatel_oem7_msgs.msg.PositionOrVelocityType(type=53)
1786043705513031319,1786043705.512706496,/novatel/oem7/bestvel,/novatel/oem7/bestpos,/novatel/oem7/bestvel,39.663,-75.756,33.181388518,0.001960659,-0.000445430,,,,97.684019971,novatel_oem7_msgs.msg.SolutionStatus(status=0),novatel_oem7_msgs.msg.PositionOrVelocityType(type=53)
1786043705514829361,1786043705.514444176,/novatel/oem7/odom,/novatel/oem7/bestpos,/novatel/oem7/odom,39.663,-75.756,33.181388518,0.002782966,0.000041191,0.002290619,-0.001580496,0.000041191,,,
1786043705525723135,1786043705.525467449,/novatel/oem7/inspva,/novatel/oem7/inspva,/novatel/oem7/inspva,39.663,-75.756,-1.800879274,0.000999458,-0.001837205,-0.000737231,0.000674838,-0.001837205,,novatel_oem7_msgs.msg.InertialSolutionStatus(status=3),
1786043705526273290,1786043705.525605841,/novatel/oem7/fix,/novatel/oem7/fix,/novatel/oem7/inspva,39.663,-75.756,-1.800879274,0.000999458,-0.001837205,-0.000737231,0.000674838,-0.001837205,,0,
1786043705526915436,1786043705.526213923,/novatel/oem7/odom,/novatel/oem7/fix,/novatel/oem7/odom,39.663,-75.756,-1.800879274,0.001000621,-0.001836572,0.000645251,-0.000764783,-0.001836572,,,
1786043705536856685,1786043705.536054500,/novatel/oem7/odom,/novatel/oem7/fix,/novatel/oem7/odom,39.663,-75.756,-1.800879274,0.001000621,-0.001836572,0.000645251,-0.000764783,-0.001836572,,,
1786043705545547955,1786043705.545007506,/novatel/oem7/inspva,/novatel/oem7/inspva,/novatel/oem7/inspva,39.663,-75.756,-1.800861565,0.000435838,-0.003047686,-0.000425637,0.000093748,-0.003047686,,novatel_oem7_msgs.msg.InertialSolutionStatus(status=3),
1786043705546871722,1786043705.545183358,/novatel/oem7/fix,/novatel/oem7/fix,/novatel/oem7/inspva,39.663,-75.756,-1.800861565,0.000435838,-0.003047686,-0.000425637,0.000093748,-0.003047686,,0,
1786043705547603833,1786043705.545665463,/novatel/oem7/odom,/novatel/oem7/fix,/novatel/oem7/odom,39.663,-75.756,-1.800861565,0.000430358,-0.003048464,0.000085068,-0.000421866,-0.003048464,,,
1786043705556646242,1786043705.555966205,/novatel/oem7/odom,/novatel/oem7/fix,/novatel/oem7/odom,39.663,-75.756,-1.800861565,0.000430358,-0.003048464,0.000085068,-0.000421866,-0.003048464,,,
1786043705565617414,1786043705.565324668,/novatel/oem7/inspva,/novatel/oem7/inspva,/novatel/oem7/inspva,39.663,-75.756,-1.800832808,0.003188629,-0.000207839,-0.002848541,0.001432888,-0.000207839,,novatel_oem7_msgs.msg.InertialSolutionStatus(status=3),
1786043705566771605,1786043705.565479256,/novatel/oem7/fix,/novatel/oem7/fix,/novatel/oem7/inspva,39.663,-75.756,-1.800832808,0.003188629,-0.000207839,-0.002848541,0.001432888,-0.000207839,,0,
1786043705567650270,1786043705.566064512,/novatel/oem7/odom,/novatel/oem7/fix,/novatel/oem7/odom,39.663,-75.756,-1.800832808,0.003188474,-0.000210206,0.001291725,-0.002915100,-0.000210206,,,
1786043705575181893,1786043705.574765955,/novatel/oem7/odom,/novatel/oem7/fix,/novatel/oem7/odom,39.663,-75.756,-1.800832808,0.003188474,-0.000210206,0.001291725,-0.002915100,-0.000210206,,,
1786043705586385690,1786043705.586093681,/novatel/oem7/inspva,/novatel/oem7/inspva,/novatel/oem7/inspva,39.663,-75.756,-1.800822957,0.002720556,-0.000235841,-0.001769929,0.002066102,-0.000235841,,novatel_oem7_msgs.msg.InertialSolutionStatus(status=3),
1786043705587022648,1786043705.586267893,/novatel/oem7/fix,/novatel/oem7/fix,/novatel/oem7/inspva,39.663,-75.756,-1.800822957,0.002720556,-0.000235841,-0.001769929,0.002066102,-0.000235841,,0,
1786043705587558498,1786043705.586720667,/novatel/oem7/odom,/novatel/oem7/fix,/novatel/oem7/odom,39.663,-75.756,-1.800822957,0.002720832,-0.000232636,0.001977389,-0.001868920,-0.000232636,,,
1786043705594705099,1786043705.594325906,/novatel/oem7/odom,/novatel/oem7/fix,/novatel/oem7/odom,39.663,-75.756,-1.800822957,0.002720832,-0.000232636,0.001977389,-0.001868920,-0.000232636,,,
1786043705606937651,1786043705.606387306,/novatel/oem7/inspva,/novatel/oem7/inspva,/novatel/oem7/inspva,39.663,-75.756,-1.800832000,0.000256574,-0.001679372,-0.000256388,-0.000009746,-0.001679372,,novatel_oem7_msgs.msg.InertialSolutionStatus(status=3),
1786043705608660591,1786043705.606544340,/novatel/oem7/fix,/novatel/oem7/fix,/novatel/oem7/inspva,39.663,-75.756,-1.800832000,0.000256574,-0.001679372,-0.000256388,-0.000009746,-0.001679372,,0,
1786043705609122840,1786043705.607023849,/novatel/oem7/odom,/novatel/oem7/fix,/novatel/oem7/odom,39.663,-75.756,-1.800832000,0.000251713,-0.001680108,-0.000015493,-0.000251235,-0.001680108,,,
1786043705610685045,1786043705.610376358,/novatel/oem7/bestpos,/novatel/oem7/bestpos,/novatel/oem7/odom,39.663,-75.756,33.181432970,0.000251713,-0.001680108,-0.000015493,-0.000251235,-0.001680108,,novatel_oem7_msgs.msg.SolutionStatus(status=0),novatel_oem7_msgs.msg.PositionOrVelocityType(type=53)
1786043705611317541,1786043705.610877140,/novatel/oem7/bestvel,/novatel/oem7/bestpos,/novatel/oem7/bestvel,39.663,-75.756,33.181432970,0.000515988,-0.001938838,,,,116.278871269,novatel_oem7_msgs.msg.SolutionStatus(status=0),novatel_oem7_msgs.msg.PositionOrVelocityType(type=53)
1786043705616046458,1786043705.615392462,/novatel/oem7/odom,/novatel/oem7/bestpos,/novatel/oem7/odom,39.663,-75.756,33.181432970,0.000251713,-0.001680108,-0.000015493,-0.000251235,-0.001680108,,,
1786043705625411288,1786043705.624894022,/novatel/oem7/inspva,/novatel/oem7/inspva,/novatel/oem7/inspva,39.663,-75.756,-1.800823807,0.000251621,-0.002358818,0.000248266,0.000040949,-0.002358818,,novatel_oem7_msgs.msg.InertialSolutionStatus(status=3),
1786043705626750645,1786043705.625035058,/novatel/oem7/fix,/novatel/oem7/fix,/novatel/oem7/inspva,39.663,-75.756,-1.800823807,0.000251621,-0.002358818,0.000248266,0.000040949,-0.002358818,,0,
1786043705627599304,1786043705.625464318,/novatel/oem7/odom,/novatel/oem7/fix,/novatel/oem7/odom,39.663,-75.756,-1.800823807,0.000259733,-0.002357939,0.000062744,0.000252041,-0.002357939,,,
1786043705635656543,1786043705.635227072,/novatel/oem7/odom,/novatel/oem7/fix,/novatel/oem7/odom,39.663,-75.756,-1.800823807,0.000259733,-0.002357939,0.000062744,0.000252041,-0.002357939,,,
1786043705646788907,1786043705.646498471,/novatel/oem7/inspva,/novatel/oem7/inspva,/novatel/oem7/inspva,39.663,-75.756,-1.800823596,0.002372483,-0.002190810,-0.002294258,0.000604199,-0.002190810,,novatel_oem7_msgs.msg.InertialSolutionStatus(status=3),
1786043705647398765,1786043705.646678236,/novatel/oem7/fix,/novatel/oem7/fix,/novatel/oem7/inspva,39.663,-75.756,-1.800823596,0.002372483,-0.002190810,-0.002294258,0.000604199,-0.002190810,,0,
1786043705647878131,1786043705.647109593,/novatel/oem7/odom,/novatel/oem7/fix,/novatel/oem7/odom,39.663,-75.756,-1.800823596,0.002368781,-0.002194812,0.000499376,-0.002315545,-0.002194812,,,
1786043705656700025,1786043705.656038985,/novatel/oem7/odom,/novatel/oem7/fix,/novatel/oem7/odom,39.663,-75.756,-1.800823596,0.002368781,-0.002194812,0.000499376,-0.002315545,-0.002194812,,,
1786043705665493796,1786043705.664976460,/novatel/oem7/inspva,/novatel/oem7/inspva,/novatel/oem7/inspva,39.663,-75.756,-1.800812257,0.002230476,-0.001155246,-0.001517905,0.001634316,-0.001155246,,novatel_oem7_msgs.msg.InertialSolutionStatus(status=3),
1786043705667056995,1786043705.665109985,/novatel/oem7/fix,/novatel/oem7/fix,/novatel/oem7/inspva,39.663,-75.756,-1.800812257,0.002230476,-0.001155246,-0.001517905,0.001634316,-0.001155246,,0,
1786043705667707467,1786043705.665463315,/novatel/oem7/odom,/novatel/oem7/fix,/novatel/oem7/odom,39.663,-75.756,-1.800812257,0.002231598,-0.001153077,0.001562251,-0.001593550,-0.001153077,,,
1786043705675182058,1786043705.674858345,/novatel/oem7/odom,/novatel/oem7/fix,/novatel/oem7/odom,39.663,-75.756,-1.800812257,0.002231598,-0.001153077,0.001562251,-0.001593550,-0.001153077,,,
1786043705685881152,1786043705.685371563,/novatel/oem7/inspva,/novatel/oem7/inspva,/novatel/oem7/inspva,39.663,-75.756,-1.800812550,0.000278850,-0.000767212,-0.000151761,0.000233936,-0.000767212,,novatel_oem7_msgs.msg.InertialSolutionStatus(status=3),
1786043705687240168,1786043705.685530598,/novatel/oem7/fix,/novatel/oem7/fix,/novatel/oem7/inspva,39.663,-75.756,-1.800812550,0.000278850,-0.000767212,-0.000151761,0.000233936,-0.000767212,,0,
1786043705687794189,1786043705.686232291,/novatel/oem7/odom,/novatel/oem7/fix,/novatel/oem7/odom,39.663,-75.756,-1.800812550,0.000280262,-0.000766697,0.000229322,-0.000161116,-0.000766697,,,
1786043705695220327,1786043705.694910831,/novatel/oem7/odom,/novatel/oem7/fix,/novatel/oem7/odom,39.663,-75.756,-1.800812550,0.000280262,-0.000766697,0.000229322,-0.000161116,-0.000766697,,,
1786043705706400309,1786043705.705885847,/novatel/oem7/inspva,/novatel/oem7/inspva,/novatel/oem7/inspva,39.663,-75.756,-1.800808206,0.000468070,-0.001859218,0.000416561,0.000213464,-0.001859218,,novatel_oem7_msgs.msg.InertialSolutionStatus(status=3),
1786043705707512125,1786043705.706023192,/novatel/oem7/fix,/novatel/oem7/fix,/novatel/oem7/inspva,39.663,-75.756,-1.800808206,0.000468070,-0.001859218,0.000416561,0.000213464,-0.001859218,,0,
1786043705707956601,1786043705.706543027,/novatel/oem7/odom,/novatel/oem7/fix,/novatel/oem7/odom,39.663,-75.756,-1.800808206,0.000476006,-0.001857202,0.000241268,0.000410331,-0.001857202,,,
1786043705710215537,1786043705.709938684,/novatel/oem7/bestpos,/novatel/oem7/bestpos,/novatel/oem7/odom,39.663,-75.756,33.181476151,0.000476006,-0.001857202,0.000241268,0.000410331,-0.001857202,,novatel_oem7_msgs.msg.SolutionStatus(status=0),novatel_oem7_msgs.msg.PositionOrVelocityType(type=53)
1786043705710823209,1786043705.710552213,/novatel/oem7/bestvel,/novatel/oem7/bestpos,/novatel/oem7/bestvel,39.663,-75.756,33.181476151,0.000528085,-0.001879778,,,,66.244479567,novatel_oem7_msgs.msg.SolutionStatus(status=0),novatel_oem7_msgs.msg.PositionOrVelocityType(type=53)
1786043705714900054,1786043705.714513286,/novatel/oem7/odom,/novatel/oem7/bestpos,/novatel/oem7/odom,39.663,-75.756,33.181476151,0.000476006,-0.001857202,0.000241268,0.000410331,-0.001857202,,,
1786043705725839125,1786043705.725324230,/novatel/oem7/inspva,/novatel/oem7/inspva,/novatel/oem7/inspva,39.663,-75.756,-1.800820885,0.001474872,-0.002933328,-0.001221173,0.000827032,-0.002933328,,novatel_oem7_msgs.msg.InertialSolutionStatus(status=3),
1786043705727154661,1786043705.725472538,/novatel/oem7/fix,/novatel/oem7/fix,/novatel/oem7/inspva,39.663,-75.756,-1.800820885,0.001474872,-0.002933328,-0.001221173,0.000827032,-0.002933328,,0,
1786043705727873022,1786043705.726103724,/novatel/oem7/odom,/novatel/oem7/fix,/novatel/oem7/odom,39.663,-75.756,-1.800820885,0.001474622,-0.002933454,0.000777729,-0.001252856,-0.002933454,,,
1786043705735837494,1786043705.735508398,/novatel/oem7/odom,/novatel/oem7/fix,/novatel/oem7/odom,39.663,-75.756,-1.800820885,0.001474622,-0.002933454,0.000777729,-0.001252856,-0.002933454,,,
1786043705745377880,1786043705.745115870,/novatel/oem7/inspva,/novatel/oem7/inspva,/novatel/oem7/inspva,39.663,-75.756,-1.800808986,0.001862117,-0.002024001,-0.001555716,0.001023341,-0.002024001,,novatel_oem7_msgs.msg.InertialSolutionStatus(status=3),
1786043705746489850,1786043705.745253194,/novatel/oem7/fix,/novatel/oem7/fix,/novatel/oem7/inspva,39.663,-75.756,-1.800808986,0.001862117,-0.002024001,-0.001555716,0.001023341,-0.002024001,,0,
1786043705747322283,1786043705.745695932,/novatel/oem7/odom,/novatel/oem7/fix,/novatel/oem7/odom,39.663,-75.756,-1.800808986,0.001861786,-0.002024305,0.000953683,-0.001598980,-0.002024305,,,
1786043705755907292,1786043705.755598090,/novatel/oem7/odom,/novatel/oem7/fix,/novatel/oem7/odom,39.663,-75.756,-1.800808986,0.001861786,-0.002024305,0.000953683,-0.001598980,-0.002024305,,,
1786043705766910846,1786043705.766386017,/novatel/oem7/inspva,/novatel/oem7/inspva,/novatel/oem7/inspva,39.663,-75.756,-1.800793386,0.001043746,0.000500656,-0.000074239,0.001041103,0.000500656,,novatel_oem7_msgs.msg.InertialSolutionStatus(status=3),
1786043705767877532,1786043705.766537126,/novatel/oem7/fix,/novatel/oem7/fix,/novatel/oem7/inspva,39.663,-75.756,-1.800793386,0.001043746,0.000500656,-0.000074239,0.001041103,0.000500656,,0,
1786043705768324898,1786043705.767033424,/novatel/oem7/odom,/novatel/oem7/fix,/novatel/oem7/odom,39.663,-75.756,-1.800793386,0.001041863,0.000504563,0.001034126,-0.000126735,0.000504563,,,
1786043705775323782,1786043705.775007847,/novatel/oem7/odom,/novatel/oem7/fix,/novatel/oem7/odom,39.663,-75.756,-1.800793386,0.001041863,0.000504563,0.001034126,-0.000126735,0.000504563,,,
1786043705785386606,1786043705.785017386,/novatel/oem7/inspva,/novatel/oem7/inspva,/novatel/oem7/inspva,39.663,-75.756,-1.800797950,0.000344114,-0.001206594,-0.000148645,0.000310353,-0.001206594,,novatel_oem7_msgs.msg.InertialSolutionStatus(status=3),
1786043705786722123,1786043705.785153383,/novatel/oem7/fix,/novatel/oem7/fix,/novatel/oem7/inspva,39.663,-75.756,-1.800797950,0.000344114,-0.001206594,-0.000148645,0.000310353,-0.001206594,,0,
1786043705787588364,1786043705.785572715,/novatel/oem7/odom,/novatel/oem7/fix,/novatel/oem7/odom,39.663,-75.756,-1.800797950,0.000347039,-0.001205756,0.000307615,-0.000160651,-0.001205756,,,
1786043705795177114,1786043705.794869220,/novatel/oem7/odom,/novatel/oem7/fix,/novatel/oem7/odom,39.663,-75.756,-1.800797950,0.000347039,-0.001205756,0.000307615,-0.000160651,-0.001205756,,,
1786043705806709121,1786043705.806416988,/novatel/oem7/inspva,/novatel/oem7/inspva,/novatel/oem7/inspva,39.663,-75.756,-1.800823904,0.000654592,-0.003788914,-0.000564530,0.000331356,-0.003788914,,novatel_oem7_msgs.msg.InertialSolutionStatus(status=3),
1786043705807829189,1786043705.806602190,/novatel/oem7/fix,/novatel/oem7/fix,/novatel/oem7/inspva,39.663,-75.756,-1.800823904,0.000654592,-0.003788914,-0.000564530,0.000331356,-0.003788914,,0,
1786043705808855349,1786043705.807293113,/novatel/oem7/odom,/novatel/oem7/fix,/novatel/oem7/odom,39.663,-75.756,-1.800823904,0.000653297,-0.003789138,0.000318500,-0.000570398,-0.003789138,,,
1786043705810540404,1786043705.810254923,/novatel/oem7/bestpos,/novatel/oem7/bestpos,/novatel/oem7/odom,39.663,-75.756,33.181466802,0.000653297,-0.003789138,0.000318500,-0.000570398,-0.003789138,,novatel_oem7_msgs.msg.SolutionStatus(status=0),novatel_oem7_msgs.msg.PositionOrVelocityType(type=53)
1786043705811800272,1786043705.810755958,/novatel/oem7/bestvel,/novatel/oem7/bestpos,/novatel/oem7/bestvel,39.663,-75.756,33.181466802,0.001210138,-0.003014312,,,,228.756815455,novatel_oem7_msgs.msg.SolutionStatus(status=0),novatel_oem7_msgs.msg.PositionOrVelocityType(type=53)
1786043705815482105,1786043705.814951089,/novatel/oem7/odom,/novatel/oem7/bestpos,/novatel/oem7/odom,39.663,-75.756,33.181466802,0.000653297,-0.003789138,0.000318500,-0.000570398,-0.003789138,,,
1786043705826621252,1786043705.826100294,/novatel/oem7/inspva,/novatel/oem7/inspva,/novatel/oem7/inspva,39.663,-75.756,-1.800815949,0.002158771,-0.002591845,-0.001598248,0.001451171,-0.002591845,,novatel_oem7_msgs.msg.InertialSolutionStatus(status=3),
1786043705827759726,1786043705.826236535,/novatel/oem7/fix,/novatel/oem7/fix,/novatel/oem7/inspva,39.663,-75.756,-1.800815949,0.002158771,-0.002591845,-0.001598248,0.001451171,-0.002591845,,0,
1786043705828197225,1786043705.826727860,/novatel/oem7/odom,/novatel/oem7/fix,/novatel/oem7/odom,39.663,-75.756,-1.800815949,0.002160314,-0.002590559,0.001381221,-0.001661080,-0.002590559,,,
1786043705834930488,1786043705.834512270,/novatel/oem7/odom,/novatel/oem7/fix,/novatel/oem7/odom,39.663,-75.756,-1.800815949,0.002160314,-0.002590559,0.001381221,-0.001661080,-0.002590559,,,
1786043705845616400,1786043705.845336715,/novatel/oem7/inspva,/novatel/oem7/inspva,/novatel/oem7/inspva,39.663,-75.756,-1.800797237,0.001407993,0.000598803,-0.001105758,0.000871633,0.000598803,,novatel_oem7_msgs.msg.InertialSolutionStatus(status=3),
1786043705846619657,1786043705.845506733,/novatel/oem7/fix,/novatel/oem7/fix,/novatel/oem7/inspva,39.663,-75.756,-1.800797237,0.001407993,0.000598803,-0.001105758,0.000871633,0.000598803,,0,
1786043705847603350,1786043705.846096042,/novatel/oem7/odom,/novatel/oem7/fix,/novatel/oem7/odom,39.663,-75.756,-1.800797237,0.001407830,0.000599188,0.000813644,-0.001148898,0.000599188,,,
1786043705856680301,1786043705.856360097,/novatel/oem7/odom,/novatel/oem7/fix,/novatel/oem7/odom,39.663,-75.756,-1.800797237,0.001407830,0.000599188,0.000813644,-0.001148898,0.000599188,,,
1786043705865467798,1786043705.865014783,/novatel/oem7/inspva,/novatel/oem7/inspva,/novatel/oem7/inspva,39.663,-75.756,-1.800807863,0.000986715,-0.000725104,-0.000883374,0.000439610,-0.000725104,,novatel_oem7_msgs.msg.InertialSolutionStatus(status=3),
1786043705866042313,1786043705.865158978,/novatel/oem7/fix,/novatel/oem7/fix,/novatel/oem7/inspva,39.663,-75.756,-1.800807863,0.000986715,-0.000725104,-0.000883374,0.000439610,-0.000725104,,0,
1786043705866502670,1786043705.865569906,/novatel/oem7/odom,/novatel/oem7/fix,/novatel/oem7/odom,39.663,-75.756,-1.800807863,0.000986200,-0.000725805,0.000398535,-0.000902087,-0.000725805,,,
1786043705874879602,1786043705.874548375,/novatel/oem7/odom,/novatel/oem7/fix,/novatel/oem7/odom,39.663,-75.756,-1.800807863,0.000986200,-0.000725805,0.000398535,-0.000902087,-0.000725805,,,
1786043705886936010,1786043705.886569484,/novatel/oem7/inspva,/novatel/oem7/inspva,/novatel/oem7/inspva,39.663,-75.756,-1.800841799,0.000655590,-0.003758080,-0.000593918,0.000277596,-0.003758080,,novatel_oem7_msgs.msg.InertialSolutionStatus(status=3),
1786043705887501228,1786043705.886709945,/novatel/oem7/fix,/novatel/oem7/fix,/novatel/oem7/inspva,39.663,-75.756,-1.800841799,0.000655590,-0.003758080,-0.000593918,0.000277596,-0.003758080,,0,
1786043705887937504,1786043705.887167846,/novatel/oem7/odom,/novatel/oem7/fix,/novatel/oem7/odom,39.663,-75.756,-1.800841799,0.000652674,-0.003758588,0.000263282,-0.000597215,-0.003758588,,,
1786043705896153739,1786043705.895491219,/novatel/oem7/odom,/novatel/oem7/fix,/novatel/oem7/odom,39.663,-75.756,-1.800841799,0.000652674,-0.003758588,0.000263282,-0.000597215,-0.003758588,,,
1786043705906179409,1786043705.905921492,/novatel/oem7/inspva,/novatel/oem7/inspva,/novatel/oem7/inspva,39.663,-75.756,-1.800839323,0.001537724,-0.002980086,-0.001352441,0.000731778,-0.002980086,,novatel_oem7_msgs.msg.InertialSolutionStatus(status=3),
1786043705906743899,1786043705.906069901,/novatel/oem7/fix,/novatel/oem7/fix,/novatel/oem7/inspva,39.663,-75.756,-1.800839323,0.001537724,-0.002980086,-0.001352441,0.000731778,-0.002980086,,0,
1786043705907391452,1786043705.906561853,/novatel/oem7/odom,/novatel/oem7/fix,/novatel/oem7/odom,39.663,-75.756,-1.800839323,0.001536084,-0.002980932,0.000676400,-0.001379143,-0.002980932,,,
1786043705909827436,1786043705.909549479,/novatel/oem7/bestpos,/novatel/oem7/bestpos,/novatel/oem7/odom,39.663,-75.756,33.181438141,0.001536084,-0.002980932,0.000676400,-0.001379143,-0.002980932,,novatel_oem7_msgs.msg.SolutionStatus(status=0),novatel_oem7_msgs.msg.PositionOrVelocityType(type=53)
1786043705910583973,1786043705.910334580,/novatel/oem7/bestvel,/novatel/oem7/bestpos,/novatel/oem7/bestvel,39.663,-75.756,33.181438141,0.001374019,-0.002639143,,,,176.220276494,novatel_oem7_msgs.msg.SolutionStatus(status=0),novatel_oem7_msgs.msg.PositionOrVelocityType(type=53)
1786043705915755476,1786043705.915445704,/novatel/oem7/odom,/novatel/oem7/bestpos,/novatel/oem7/odom,39.663,-75.756,33.181438141,0.001536084,-0.002980932,0.000676400,-0.001379143,-0.002980932,,,
1786043705926480637,1786043705.925244334,/novatel/oem7/inspva,/novatel/oem7/inspva,/novatel/oem7/inspva,39.663,-75.756,-1.800830415,0.002436066,-0.000208814,-0.001849118,0.001585933,-0.000208814,,novatel_oem7_msgs.msg.InertialSolutionStatus(status=3),
1786043705927444726,1786043705.925519457,/novatel/oem7/fix,/novatel/oem7/fix,/novatel/oem7/inspva,39.663,-75.756,-1.800830415,0.002436066,-0.000208814,-0.001849118,0.001585933,-0.000208814,,0,
1786043705928182144,1786043705.926248831,/novatel/oem7/odom,/novatel/oem7/fix,/novatel/oem7/odom,39.663,-75.756,-1.800830415,0.002436163,-0.000207689,0.001493740,-0.001924481,-0.000207689,,,
1786043705935292958,1786043705.934990127,/novatel/oem7/odom,/novatel/oem7/fix,/novatel/oem7/odom,39.663,-75.756,-1.800830415,0.002436163,-0.000207689,0.001493740,-0.001924481,-0.000207689,,,
1786043705946284251,1786043705.946013427,/novatel/oem7/inspva,/novatel/oem7/inspva,/novatel/oem7/inspva,39.663,-75.756,-1.800840491,0.001281818,-0.000877720,-0.001264386,0.000210678,-0.000877720,,novatel_oem7_msgs.msg.InertialSolutionStatus(status=3),
1786043705946960666,1786043705.946178059,/novatel/oem7/fix,/novatel/oem7/fix,/novatel/oem7/inspva,39.663,-75.756,-1.800840491,0.001281818,-0.000877720,-0.001264386,0.000210678,-0.000877720,,0,
1786043705947643771,1786043705.946691724,/novatel/oem7/odom,/novatel/oem7/fix,/novatel/oem7/odom,39.663,-75.756,-1.800840491,0.001279997,-0.000880374,0.000151706,-0.001270975,-0.000880374,,,
1786043705956346927,1786043705.955909899,/novatel/oem7/odom,/novatel/oem7/fix,/novatel/oem7/odom,39.663,-75.756,-1.800840491,0.001279997,-0.000880374,0.000151706,-0.001270975,-0.000880374,,,
1786043705965656153,1786043705.965333149,/novatel/oem7/inspva,/novatel/oem7/inspva,/novatel/oem7/inspva,39.663,-75.756,-1.800877460,0.000776624,-0.003213036,0.000054436,-0.000774714,-0.003213036,,novatel_oem7_msgs.msg.InertialSolutionStatus(status=3),
1786043705966279458,1786043705.965510961,/novatel/oem7/fix,/novatel/oem7/fix,/novatel/oem7/inspva,39.663,-75.756,-1.800877460,0.000776624,-0.003213036,0.000054436,-0.000774714,-0.003213036,,0,
1786043705966955302,1786043705.966218738,/novatel/oem7/odom,/novatel/oem7/fix,/novatel/oem7/odom,39.663,-75.756,-1.800877460,0.000764731,-0.003215888,-0.000758062,0.000100778,-0.003215888,,,
1786043705975934144,1786043705.975521127,/novatel/oem7/odom,/novatel/oem7/fix,/novatel/oem7/odom,39.663,-75.756,-1.800877460,0.000764731,-0.003215888,-0.000758062,0.000100778,-0.003215888,,,
1786043705985466296,1786043705.985030042,/novatel/oem7/inspva,/novatel/oem7/inspva,/novatel/oem7/inspva,39.663,-75.756,-1.800883967,0.000759878,-0.003351648,-0.000742036,-0.000163701,-0.003351648,,novatel_oem7_msgs.msg.InertialSolutionStatus(status=3),
1786043705986057911,1786043705.985173119,/novatel/oem7/fix,/novatel/oem7/fix,/novatel/oem7/inspva,39.663,-75.756,-1.800883967,0.000759878,-0.003351648,-0.000742036,-0.000163701,-0.003351648,,0,
1786043705986502813,1786043705.985586755,/novatel/oem7/odom,/novatel/oem7/fix,/novatel/oem7/odom,39.663,-75.756,-1.800883967,0.000748034,-0.003354311,-0.000186428,-0.000724430,-0.003354311,,,
1786043705994806335,1786043705.994397485,/novatel/oem7/odom,/novatel/oem7/fix,/novatel/oem7/odom,39.663,-75.756,-1.800883967,0.000748034,-0.003354311,-0.000186428,-0.000724430,-0.003354311,,,
1786043706008862128,1786043706.008543708,/novatel/oem7/inspva,/novatel/oem7/inspva,/novatel/oem7/inspva,39.663,-75.756,-1.800888594,0.001940632,-0.000964676,-0.001711072,0.000915579,-0.000964676,,novatel_oem7_msgs.msg.InertialSolutionStatus(status=3),
1786043706009458010,1786043706.008692440,/novatel/oem7/fix,/novatel/oem7/fix,/novatel/oem7/inspva,39.663,-75.756,-1.800888594,0.001940632,-0.000964676,-0.001711072,0.000915579,-0.000964676,,0,
1786043706012398533,1786043706.011610762,/novatel/oem7/odom,/novatel/oem7/fix,/novatel/oem7/odom,39.663,-75.756,-1.800888594,0.001940081,-0.000965784,0.000834106,-0.001751622,-0.000965784,,,
1786043706015865395,1786043706.015554763,/novatel/oem7/odom,/novatel/oem7/fix,/novatel/oem7/odom,39.663,-75.756,-1.800888594,0.001940081,-0.000965784,0.000834106,-0.001751622,-0.000965784,,,
1786043706027021734,1786043706.026695758,/novatel/oem7/bestpos,/novatel/oem7/bestpos,/novatel/oem7/odom,39.663,-75.756,33.181380915,0.001940081,-0.000965784,0.000834106,-0.001751622,-0.000965784,,novatel_oem7_msgs.msg.SolutionStatus(status=0),novatel_oem7_msgs.msg.PositionOrVelocityType(type=53)
1786043706027664502,1786043706.027127973,/novatel/oem7/bestvel,/novatel/oem7/bestpos,/novatel/oem7/bestvel,39.663,-75.756,33.181380915,0.002267391,-0.001287384,,,,138.071891044,novatel_oem7_msgs.msg.SolutionStatus(status=0),novatel_oem7_msgs.msg.PositionOrVelocityType(type=53)
1786043706028343567,1786043706.027559507,/novatel/oem7/inspva,/novatel/oem7/inspva,/novatel/oem7/inspva,39.663,-75.756,-1.800905079,0.001913308,-0.001157404,-0.001281624,0.001420630,-0.001157404,,novatel_oem7_msgs.msg.InertialSolutionStatus(status=3),
1786043706028719888,1786043706.027734639,/novatel/oem7/fix,/novatel/oem7/fix,/novatel/oem7/inspva,39.663,-75.756,-1.800905079,0.001913308,-0.001157404,-0.001281624,0.001420630,-0.001157404,,0,
1786043706029340220,1786043706.028169499,/novatel/oem7/odom,/novatel/oem7/fix,/novatel/oem7/odom,39.663,-75.756,-1.800905079,0.001914530,-0.001155382,0.001360432,-0.001347090,-0.001155382,,,
1786043706035925882,1786043706.035493143,/novatel/oem7/odom,/novatel/oem7/fix,/novatel/oem7/odom,39.663,-75.756,-1.800905079,0.001914530,-0.001155382,0.001360432,-0.001347090,-0.001155382,,,
1786043706045746713,1786043706.045454228,/novatel/oem7/inspva,/novatel/oem7/inspva,/novatel/oem7/inspva,39.663,-75.756,-1.800913782,0.000533323,-0.002311729,0.000453744,-0.000280267,-0.002311729,,novatel_oem7_msgs.msg.InertialSolutionStatus(status=3),
1786043706046377593,1786043706.045620696,/novatel/oem7/fix,/novatel/oem7/fix,/novatel/oem7/inspva,39.663,-75.756,-1.800913782,0.000533323,-0.002311729,0.000453744,-0.000280267,-0.002311729,,0,
1786043706047022897,1786043706.046286417,/novatel/oem7/odom,/novatel/oem7/fix,/novatel/oem7/odom,39.663,-75.756,-1.800913782,0.000534078,-0.002311555,-0.000248093,0.000472958,-0.002311555,,,
1786043706056833582,1786043706.056463741,/novatel/oem7/odom,/novatel/oem7/fix,/novatel/oem7/odom,39.663,-75.756,-1.800913782,0.000534078,-0.002311555,-0.000248093,0.000472958,-0.002311555,,,
1786043706066576446,1786043706.066271051,/novatel/oem7/inspva,/novatel/oem7/inspva,/novatel/oem7/inspva,39.663,-75.756,-1.800917977,0.000695078,-0.003287868,0.000245126,-0.000650420,-0.003287868,,novatel_oem7_msgs.msg.InertialSolutionStatus(status=3),
1786043706067281606,1786043706.066462500,/novatel/oem7/fix,/novatel/oem7/fix,/novatel/oem7/inspva,39.663,-75.756,-1.800917977,0.000695078,-0.003287868,0.000245126,-0.000650420,-0.003287868,,0,
1786043706067762624,1786043706.066858065,/novatel/oem7/odom,/novatel/oem7/fix,/novatel/oem7/odom,39.663,-75.756,-1.800917977,0.000686334,-0.003289705,-0.000624198,0.000285362,-0.003289705,,,
1786043706075120455,1786043706.074746296,/novatel/oem7/odom,/novatel/oem7/fix,/novatel/oem7/odom,39.663,-75.756,-1.800917977,0.000686334,-0.003289705,-0.000624198,0.000285362,-0.003289705,,,
1786043706085794765,1786043706.085279050,/novatel/oem7/inspva,/novatel/oem7/inspva,/novatel/oem7/inspva,39.663,-75.756,-1.800909773,0.002007027,-0.001429636,-0.001535453,0.001292494,-0.001429636,,novatel_oem7_msgs.msg.InertialSolutionStatus(status=3),
1786043706086468575,1786043706.085463155,/novatel/oem7/fix,/novatel/oem7/fix,/novatel/oem7/inspva,39.663,-75.756,-1.800909773,0.002007027,-0.001429636,-0.001535453,0.001292494,-0.001429636,,0,
1786043706086946447,1786043706.086066429,/novatel/oem7/odom,/novatel/oem7/fix,/novatel/oem7/odom,39.663,-75.756,-1.800909773,0.002007595,-0.001428839,0.001221025,-0.001593592,-0.001428839,,,
1786043706095902473,1786043706.095461408,/novatel/oem7/odom,/novatel/oem7/fix,/novatel/oem7/odom,39.663,-75.756,-1.800909773,0.002007595,-0.001428839,0.001221025,-0.001593592,-0.001428839,,,
1786043706106460472,1786043706.105983496,/novatel/oem7/inspva,/novatel/oem7/inspva,/novatel/oem7/inspva,39.663,-75.756,-1.800910172,0.001485454,-0.001246536,-0.001192975,0.000885090,-0.001246536,,novatel_oem7_msgs.msg.InertialSolutionStatus(status=3),
1786043706107137258,1786043706.106147014,/novatel/oem7/fix,/novatel/oem7/fix,/novatel/oem7/inspva,39.663,-75.756,-1.800910172,0.001485454,-0.001246536,-0.001192975,0.000885090,-0.001246536,,0,
1786043706107602988,1786043706.106592209,/novatel/oem7/odom,/novatel/oem7/fix,/novatel/oem7/odom,39.663,-75.756,-1.800910172,0.001485626,-0.001246331,0.000830296,-0.001231947,-0.001246331,,,
1786043706109463435,1786043706.109086327,/novatel/oem7/bestpos,/novatel/oem7/bestpos,/novatel/oem7/odom,39.663,-75.756,33.181353178,0.001485626,-0.001246331,0.000830296,-0.001231947,-0.001246331,,novatel_oem7_msgs.msg.SolutionStatus(status=0),novatel_oem7_msgs.msg.PositionOrVelocityType(type=53)
1786043706110106075,1786043706.109621415,/novatel/oem7/bestvel,/novatel/oem7/bestpos,/novatel/oem7/bestvel,39.663,-75.756,33.181353178,0.001695357,-0.001517322,,,,130.093504055,novatel_oem7_msgs.msg.SolutionStatus(status=0),novatel_oem7_msgs.msg.PositionOrVelocityType(type=53)
1786043706115164891,1786043706.114798193,/novatel/oem7/odom,/novatel/oem7/bestpos,/novatel/oem7/odom,39.663,-75.756,33.181353178,0.001485626,-0.001246331,0.000830296,-0.001231947,-0.001246331,,,
1786043706126954398,1786043706.126647201,/novatel/oem7/inspva,/novatel/oem7/inspva,/novatel/oem7/inspva,39.663,-75.756,-1.800914358,0.000414622,-0.001127486,0.000394351,0.000128059,-0.001127486,,novatel_oem7_msgs.msg.InertialSolutionStatus(status=3),
1786043706127658217,1786043706.126833910,/novatel/oem7/fix,/novatel/oem7/fix,/novatel/oem7/inspva,39.663,-75.756,-1.800914358,0.000414622,-0.001127486,0.000394351,0.000128059,-0.001127486,,0,
1786043706128131145,1786043706.127287565,/novatel/oem7/odom,/novatel/oem7/fix,/novatel/oem7/odom,39.663,-75.756,-1.800914358,0.000418994,-0.001125868,0.000151933,0.000390477,-0.001125868,,,
1786043706135558336,1786043706.135194193,/novatel/oem7/odom,/novatel/oem7/fix,/novatel/oem7/odom,39.663,-75.756,-1.800914358,0.000418994,-0.001125868,0.000151933,0.000390477,-0.001125868,,,
1786043706145641844,1786043706.145150628,/novatel/oem7/inspva,/novatel/oem7/inspva,/novatel/oem7/inspva,39.663,-75.756,-1.800917677,0.000461051,-0.002069734,0.000449879,0.000100881,-0.002069734,,novatel_oem7_msgs.msg.InertialSolutionStatus(status=3),
1786043706146259444,1786043706.145309546,/novatel/oem7/fix,/novatel/oem7/fix,/novatel/oem7/inspva,39.663,-75.756,-1.800917677,0.000461051,-0.002069734,0.000449879,0.000100881,-0.002069734,,0,
1786043706146713242,1786043706.145805808,/novatel/oem7/odom,/novatel/oem7/fix,/novatel/oem7/odom,39.663,-75.756,-1.800917677,0.000468511,-0.002068058,0.000131419,0.000449701,-0.002068058,,,
1786043706156275615,1786043706.155912595,/novatel/oem7/odom,/novatel/oem7/fix,/novatel/oem7/odom,39.663,-75.756,-1.800917677,0.000468511,-0.002068058,0.000131419,0.000449701,-0.002068058,,,
1786043706166038812,1786043706.165484353,/novatel/oem7/inspva,/novatel/oem7/inspva,/novatel/oem7/inspva,39.663,-75.756,-1.800922689,0.001766929,-0.002725543,-0.001753923,0.000213996,-0.002725543,,novatel_oem7_msgs.msg.InertialSolutionStatus(status=3),
1786043706167367518,1786043706.165648448,/novatel/oem7/fix,/novatel/oem7/fix,/novatel/oem7/inspva,39.663,-75.756,-1.800922689,0.001766929,-0.002725543,-0.001753923,0.000213996,-0.002725543,,0,
1786043706168399559,1786043706.166286549,/novatel/oem7/odom,/novatel/oem7/fix,/novatel/oem7/odom,39.663,-75.756,-1.800922689,0.001760686,-0.002729580,0.000138347,-0.001755242,-0.002729580,,,
1786043706175877793,1786043706.175205333,/novatel/oem7/odom,/novatel/oem7/fix,/novatel/oem7/odom,39.663,-75.756,-1.800922689,0.001760686,-0.002729580,0.000138347,-0.001755242,-0.002729580,,,
1786043706186829069,1786043706.186283276,/novatel/oem7/inspva,/novatel/oem7/inspva,/novatel/oem7/inspva,39.663,-75.756,-1.800915132,0.001775473,-0.001622676,-0.001427741,0.001055395,-0.001622676,,novatel_oem7_msgs.msg.InertialSolutionStatus(status=3),
1786043706188131945,1786043706.186463702,/novatel/oem7/fix,/novatel/oem7/fix,/novatel/oem7/inspva,39.663,-75.756,-1.800915132,0.001775473,-0.001622676,-0.001427741,0.001055395,-0.001622676,,0,
1786043706189162839,1786043706.186896114,/novatel/oem7/odom,/novatel/oem7/fix,/novatel/oem7/odom,39.663,-75.756,-1.800915132,0.001775636,-0.001622497,0.000990346,-0.001473804,-0.001622497,,,
1786043706195312346,1786043706.194668173,/novatel/oem7/odom,/novatel/oem7/fix,/novatel/oem7/odom,39.663,-75.756,-1.800915132,0.001775636,-0.001622497,0.000990346,-0.001473804,-0.001622497,,,
1786043706207165217,1786043706.206568718,/novatel/oem7/inspva,/novatel/oem7/inspva,/novatel/oem7/inspva,39.663,-75.756,-1.800923110,0.000224579,-0.001340652,-0.000095916,0.000203067,-0.001340652,,novatel_oem7_msgs.msg.InertialSolutionStatus(status=3),
1786043706208536821,1786043706.206771607,/novatel/oem7/fix,/novatel/oem7/fix,/novatel/oem7/inspva,39.663,-75.756,-1.800923110,0.000224579,-0.001340652,-0.000095916,0.000203067,-0.001340652,,0,
1786043706209576251,1786043706.207253111,/novatel/oem7/odom,/novatel/oem7/fix,/novatel/oem7/odom,39.663,-75.756,-1.800923110,0.000227889,-0.001340094,0.000203619,-0.000102336,-0.001340094,,,
1786043706211071299,1786043706.210217054,/novatel/oem7/bestpos,/novatel/oem7/bestpos,/novatel/oem7/odom,39.663,-75.756,33.181319079,0.000227889,-0.001340094,0.000203619,-0.000102336,-0.001340094,,novatel_oem7_msgs.msg.SolutionStatus(status=0),novatel_oem7_msgs.msg.PositionOrVelocityType(type=53)
1786043706212482986,1786043706.210621915,/novatel/oem7/bestvel,/novatel/oem7/bestpos,/novatel/oem7/bestvel,39.663,-75.756,33.181319079,0.001802084,-0.002349624,,,,82.424885039,novatel_oem7_msgs.msg.SolutionStatus(status=0),novatel_oem7_msgs.msg.PositionOrVelocityType(type=53)
1786043706216055622,1786043706.215445167,/novatel/oem7/odom,/novatel/oem7/bestpos,/novatel/oem7/odom,39.663,-75.756,33.181319079,0.000227889,-0.001340094,0.000203619,-0.000102336,-0.001340094,,,
1786043706225545560,1786043706.225007628,/novatel/oem7/inspva,/novatel/oem7/inspva,/novatel/oem7/inspva,39.663,-75.756,-1.800935229,0.000207792,-0.002176396,0.000181138,0.000101817,-0.002176396,,novatel_oem7_msgs.msg.InertialSolutionStatus(status=3),
1786043706226848823,1786043706.225149242,/novatel/oem7/fix,/novatel/oem7/fix,/novatel/oem7/inspva,39.663,-75.756,-1.800935229,0.000207792,-0.002176396,0.000181138,0.000101817,-0.002176396,,0,
1786043706227897209,1786043706.225677847,/novatel/oem7/odom,/novatel/oem7/fix,/novatel/oem7/odom,39.663,-75.756,-1.800935229,0.000217332,-0.002175464,0.000119506,0.000181526,-0.002175464,,,
1786043706235074365,1786043706.234384774,/novatel/oem7/odom,/novatel/oem7/fix,/novatel/oem7/odom,39.663,-75.756,-1.800935229,0.000217332,-0.002175464,0.000119506,0.000181526,-0.002175464,,,
1786043706247242031,1786043706.246570989,/novatel/oem7/inspva,/novatel/oem7/inspva,/novatel/oem7/inspva,39.663,-75.756,-1.800964635,0.001720987,-0.003963419,-0.001549738,0.000748405,-0.003963419,,novatel_oem7_msgs.msg.InertialSolutionStatus(status=3),
1786043706248683123,1786043706.246747210,/novatel/oem7/fix,/novatel/oem7/fix,/novatel/oem7/inspva,39.663,-75.756,-1.800964635,0.001720987,-0.003963419,-0.001549738,0.000748405,-0.003963419,,0,
1786043706249748196,1786043706.247257459,/novatel/oem7/odom,/novatel/oem7/fix,/novatel/oem7/odom,39.663,-75.756,-1.800964635,0.001717937,-0.003964742,0.000687247,-0.001574484,-0.003964742,,,
1786043706257169824,1786043706.256441110,/novatel/oem7/odom,/novatel/oem7/fix,/novatel/oem7/odom,39.663,-75.756,-1.800964635,0.001717937,-0.003964742,0.000687247,-0.001574484,-0.003964742,,,
1786043706265556680,1786043706.264971881,/novatel/oem7/inspva,/novatel/oem7/inspva,/novatel/oem7/inspva,39.663,-75.756,-1.800967392,0.002005303,-0.003361204,-0.001862995,0.000741949,-0.003361204,,novatel_oem7_msgs.msg.InertialSolutionStatus(status=3),
1786043706266918564,1786043706.265158059,/novatel/oem7/fix,/novatel/oem7/fix,/novatel/oem7/inspva,39.663,-75.756,-1.800967392,0.002005303,-0.003361204,-0.001862995,0.000741949,-0.003361204,,0,
1786043706267992745,1786043706.265668224,/novatel/oem7/odom,/novatel/oem7/fix,/novatel/oem7/odom,39.663,-75.756,-1.800967392,0.002001573,-0.003363427,0.000662879,-0.001888620,-0.003363427,,,
1786043706276512389,1786043706.275790509,/novatel/oem7/odom,/novatel/oem7/fix,/novatel/oem7/odom,39.663,-75.756,-1.800967392,0.002001573,-0.003363427,0.000662879,-0.001888620,-0.003363427,,,
1786043706286038387,1786043706.285529334,/novatel/oem7/inspva,/novatel/oem7/inspva,/novatel/oem7/inspva,39.663,-75.756,-1.800972733,0.001243748,-0.001062763,-0.000752068,0.000990607,-0.001062763,,novatel_oem7_msgs.msg.InertialSolutionStatus(status=3),
1786043706287378020,1786043706.285619844,/novatel/oem7/fix,/novatel/oem7/fix,/novatel/oem7/inspva,39.663,-75.756,-1.800972733,0.001243748,-0.001062763,-0.000752068,0.000990607,-0.001062763,,0,
1786043706288473315,1786043706.286406574,/novatel/oem7/odom,/novatel/oem7/fix,/novatel/oem7/odom,39.663,-75.756,-1.800972733,0.001245340,-0.001060896,0.000956694,-0.000797251,-0.001060896,,,
1786043706295813124,1786043706.295133071,/novatel/oem7/odom,/novatel/oem7/fix,/novatel/oem7/odom,39.663,-75.756,-1.800972733,0.001245340,-0.001060896,0.000956694,-0.000797251,-0.001060896,,,
1786043706306546100,1786043706.305914474,/novatel/oem7/inspva,/novatel/oem7/inspva,/novatel/oem7/inspva,39.663,-75.756,-1.800992225,0.000302897,-0.001798790,-0.000228106,0.000199285,-0.001798790,,novatel_oem7_msgs.msg.InertialSolutionStatus(status=3),
1786043706308012579,1786043706.306091400,/novatel/oem7/fix,/novatel/oem7/fix,/novatel/oem7/inspva,39.663,-75.756,-1.800992225,0.000302897,-0.001798790,-0.000228106,0.000199285,-0.001798790,,0,
1786043706309152353,1786043706.306595148,/novatel/oem7/odom,/novatel/oem7/fix,/novatel/oem7/odom,39.663,-75.756,-1.800992225,0.000303971,-0.001798609,0.000195179,-0.000233031,-0.001798609,,,
1786043706310765109,1786043706.309461683,/novatel/oem7/bestpos,/novatel/oem7/bestpos,/novatel/oem7/odom,39.663,-75.756,33.181269044,0.000303971,-0.001798609,0.000195179,-0.000233031,-0.001798609,,novatel_oem7_msgs.msg.SolutionStatus(status=0),novatel_oem7_msgs.msg.PositionOrVelocityType(type=53)
1786043706312291761,1786043706.310249247,/novatel/oem7/bestvel,/novatel/oem7/bestpos,/novatel/oem7/bestvel,39.663,-75.756,33.181269044,0.001149197,-0.002373188,,,,93.935503489,novatel_oem7_msgs.msg.SolutionStatus(status=0),novatel_oem7_msgs.msg.PositionOrVelocityType(type=53)
1786043706315292767,1786043706.314632626,/novatel/oem7/odom,/novatel/oem7/bestpos,/novatel/oem7/odom,39.663,-75.756,33.181269044,0.000303971,-0.001798609,0.000195179,-0.000233031,-0.001798609,,,
1786043706325875292,1786043706.325338951,/novatel/oem7/inspva,/novatel/oem7/inspva,/novatel/oem7/inspva,39.663,-75.756,-1.801023552,0.000719484,-0.003872276,-0.000693122,0.000192973,-0.003872276,,novatel_oem7_msgs.msg.InertialSolutionStatus(status=3),
1786043706327303523,1786043706.325515983,/novatel/oem7/fix,/novatel/oem7/fix,/novatel/oem7/inspva,39.663,-75.756,-1.801023552,0.000719484,-0.003872276,-0.000693122,0.000192973,-0.003872276,,0,
1786043706328379351,1786043706.326095475,/novatel/oem7/odom,/novatel/oem7/fix,/novatel/oem7/odom,39.663,-75.756,-1.801023552,0.000713451,-0.003873392,0.000174334,-0.000691824,-0.003873392,,,
1786043706336570025,1786043706.335849171,/novatel/oem7/odom,/novatel/oem7/fix,/novatel/oem7/odom,39.663,-75.756,-1.801023552,0.000713451,-0.003873392,0.000174334,-0.000691824,-0.003873392,,,
1786043706345912218,1786043706.345277775,/novatel/oem7/inspva,/novatel/oem7/inspva,/novatel/oem7/inspva,39.663,-75.756,-1.801025186,0.001144663,-0.003296589,-0.000893257,0.000715783,-0.003296589,,novatel_oem7_msgs.msg.InertialSolutionStatus(status=3),
1786043706347255678,1786043706.345476471,/novatel/oem7/fix,/novatel/oem7/fix,/novatel/oem7/inspva,39.663,-75.756,-1.801025186,0.001144663,-0.003296589,-0.000893257,0.000715783,-0.003296589,,0,
1786043706348352056,1786043706.345881575,/novatel/oem7/odom,/novatel/oem7/fix,/novatel/oem7/odom,39.663,-75.756,-1.801025186,0.001145783,-0.003296200,0.000684297,-0.000918997,-0.003296200,,,
1786043706356400192,1786043706.355742389,/novatel/oem7/odom,/novatel/oem7/fix,/novatel/oem7/odom,39.663,-75.756,-1.801025186,0.001145783,-0.003296200,0.000684297,-0.000918997,-0.003296200,,,
1786043706367192303,1786043706.366635724,/novatel/oem7/inspva,/novatel/oem7/inspva,/novatel/oem7/inspva,39.663,-75.756,-1.801019212,0.001881473,-0.000771043,-0.001282741,0.001376414,-0.000771043,,novatel_oem7_msgs.msg.InertialSolutionStatus(status=3),
1786043706368615411,1786043706.366807839,/novatel/oem7/fix,/novatel/oem7/fix,/novatel/oem7/inspva,39.663,-75.756,-1.801019212,0.001881473,-0.000771043,-0.001282741,0.001376414,-0.000771043,,0,
1786043706369690561,1786043706.367576287,/novatel/oem7/odom,/novatel/oem7/fix,/novatel/oem7/odom,39.663,-75.756,-1.801019212,0.001882254,-0.000769134,0.001314671,-0.001347042,-0.000769134,,,
1786043706375558783,1786043706.374871689,/novatel/oem7/odom,/novatel/oem7/fix,/novatel/oem7/odom,39.663,-75.756,-1.801019212,0.001882254,-0.000769134,0.001314671,-0.001347042,-0.000769134,,,
1786043706385513831,1786043706.384948003,/novatel/oem7/inspva,/novatel/oem7/inspva,/novatel/oem7/inspva,39.663,-75.756,-1.801033979,0.001478509,-0.000922152,-0.000650356,0.001327789,-0.000922152,,novatel_oem7_msgs.msg.InertialSolutionStatus(status=3),
1786043706386828211,1786043706.385185168,/novatel/oem7/fix,/novatel/oem7/fix,/novatel/oem7/inspva,39.663,-75.756,-1.801033979,0.001478509,-0.000922152,-0.000650356,0.001327789,-0.000922152,,0,
1786043706387911408,1786043706.385445335,/novatel/oem7/odom,/novatel/oem7/fix,/novatel/oem7/odom,39.663,-75.756,-1.801033979,0.001480665,-0.000918686,0.001297884,-0.000712645,-0.000918686,,,
1786043706395990069,1786043706.395310626,/novatel/oem7/odom,/novatel/oem7/fix,/novatel/oem7/odom,39.663,-75.756,-1.801033979,0.001480665,-0.000918686,0.001297884,-0.000712645,-0.000918686,,,
1786043706407054038,1786043706.406491763,/novatel/oem7/inspva,/novatel/oem7/inspva,/novatel/oem7/inspva,39.663,-75.756,-1.801075133,0.000381648,-0.004080194,-0.000276820,0.000262728,-0.004080194,,novatel_oem7_msgs.msg.InertialSolutionStatus(status=3),
1786043706408486686,1786043706.406669561,/novatel/oem7/fix,/novatel/oem7/fix,/novatel/oem7/inspva,39.663,-75.756,-1.801075133,0.000381648,-0.004080194,-0.000276820,0.000262728,-0.004080194,,0,
1786043706409643421,1786043706.407215984,/novatel/oem7/odom,/novatel/oem7/fix,/novatel/oem7/odom,39.663,-75.756,-1.801075133,0.000385093,-0.004079870,0.000265419,-0.000279015,-0.004079870,,,
1786043706411237944,1786043706.410042688,/novatel/oem7/bestpos,/novatel/oem7/bestpos,/novatel/oem7/odom,39.663,-75.756,33.181202863,0.000385093,-0.004079870,0.000265419,-0.000279015,-0.004079870,,novatel_oem7_msgs.msg.SolutionStatus(status=0),novatel_oem7_msgs.msg.PositionOrVelocityType(type=53)
1786043706412201973,1786043706.410534947,/novatel/oem7/bestvel,/novatel/oem7/bestpos,/novatel/oem7/bestvel,39.663,-75.756,33.181202863,0.001012416,-0.003657838,,,,166.299545363,novatel_oem7_msgs.msg.SolutionStatus(status=0),novatel_oem7_msgs.msg.PositionOrVelocityType(type=53)
1786043706415713951,1786043706.415068193,/novatel/oem7/odom,/novatel/oem7/bestpos,/novatel/oem7/odom,39.663,-75.756,33.181202863,0.000385093,-0.004079870,0.000265419,-0.000279015,-0.004079870,,,
1786043706426697253,1786043706.426109604,/novatel/oem7/inspva,/novatel/oem7/inspva,/novatel/oem7/inspva,39.663,-75.756,-1.801081493,0.000885906,-0.003712798,-0.000754233,0.000464716,-0.003712798,,novatel_oem7_msgs.msg.InertialSolutionStatus(status=3),
1786043706428052311,1786043706.426280969,/novatel/oem7/fix,/novatel/oem7/fix,/novatel/oem7/inspva,39.663,-75.756,-1.801081493,0.000885906,-0.003712798,-0.000754233,0.000464716,-0.003712798,,0,
1786043706429102871,1786043706.426736708,/novatel/oem7/odom,/novatel/oem7/fix,/novatel/oem7/odom,39.663,-75.756,-1.801081493,0.000885047,-0.003713003,0.000442119,-0.000766706,-0.003713003,,,
1786043706435229722,1786043706.434527675,/novatel/oem7/odom,/novatel/oem7/fix,/novatel/oem7/odom,39.663,-75.756,-1.801081493,0.000885047,-0.003713003,0.000442119,-0.000766706,-0.003713003,,,
1786043706446008525,1786043706.445234937,/novatel/oem7/inspva,/novatel/oem7/inspva,/novatel/oem7/inspva,39.663,-75.756,-1.801083830,0.002941556,-0.001522753,-0.001817417,0.002312952,-0.001522753,,novatel_oem7_msgs.msg.InertialSolutionStatus(status=3),
1786043706447570368,1786043706.445478967,/novatel/oem7/fix,/novatel/oem7/fix,/novatel/oem7/inspva,39.663,-75.756,-1.801083830,0.002941556,-0.001522753,-0.001817417,0.002312952,-0.001522753,,0,
1786043706448680816,1786043706.445909628,/novatel/oem7/odom,/novatel/oem7/fix,/novatel/oem7/odom,39.663,-75.756,-1.801083830,0.002943655,-0.001518691,0.002226754,-0.001925271,-0.001518691,,,
1786043706457011431,1786043706.456353004,/novatel/oem7/odom,/novatel/oem7/fix,/novatel/oem7/odom,39.663,-75.756,-1.801083830,0.002943655,-0.001518691,0.002226754,-0.001925271,-0.001518691,,,
1786043706465969717,1786043706.465213636,/novatel/oem7/inspva,/novatel/oem7/inspva,/novatel/oem7/inspva,39.663,-75.756,-1.801104890,0.001922075,-0.001527511,-0.001617777,0.001037869,-0.001527511,,novatel_oem7_msgs.msg.InertialSolutionStatus(status=3),
1786043706467537126,1786043706.465439118,/novatel/oem7/fix,/novatel/oem7/fix,/novatel/oem7/inspva,39.663,-75.756,-1.801104890,0.001922075,-0.001527511,-0.001617777,0.001037869,-0.001527511,,0,
1786043706468621587,1786043706.465878469,/novatel/oem7/odom,/novatel/oem7/fix,/novatel/oem7/odom,39.663,-75.756,-1.801104890,0.001921798,-0.001527860,0.000963142,-0.001663029,-0.001527860,,,
1786043706475042687,1786043706.474341294,/novatel/oem7/odom,/novatel/oem7/fix,/novatel/oem7/odom,39.663,-75.756,-1.801104890,0.001921798,-0.001527860,0.000963142,-0.001663029,-0.001527860,,,
1786043706487410226,1786043706.486602368,/novatel/oem7/inspva,/novatel/oem7/inspva,/novatel/oem7/inspva,39.663,-75.756,-1.801145114,0.000173245,-0.003024370,0.000101515,0.000140387,-0.003024370,,novatel_oem7_msgs.msg.InertialSolutionStatus(status=3),
1786043706488819170,1786043706.486827351,/novatel/oem7/fix,/novatel/oem7/fix,/novatel/oem7/inspva,39.663,-75.756,-1.801145114,0.000173245,-0.003024370,0.000101515,0.000140387,-0.003024370,,0,
1786043706489941641,1786043706.487547468,/novatel/oem7/odom,/novatel/oem7/fix,/novatel/oem7/odom,39.663,-75.756,-1.801145114,0.000187831,-0.003023499,0.000157561,0.000102249,-0.003023499,,,
1786043706496264564,1786043706.495592545,/novatel/oem7/odom,/novatel/oem7/fix,/novatel/oem7/odom,39.663,-75.756,-1.801145114,0.000187831,-0.003023499,0.000157561,0.000102249,-0.003023499,,,
1786043706506797833,1786043706.506045171,/novatel/oem7/inspva,/novatel/oem7/inspva,/novatel/oem7/inspva,39.663,-75.756,-1.801158698,0.001048291,-0.002981928,-0.000954276,0.000433903,-0.002981928,,novatel_oem7_msgs.msg.InertialSolutionStatus(status=3),
1786043706508180933,1786043706.506257643,/novatel/oem7/fix,/novatel/oem7/fix,/novatel/oem7/inspva,39.663,-75.756,-1.801158698,0.001048291,-0.002981928,-0.000954276,0.000433903,-0.002981928,,0,
1786043706509245680,1786043706.506656354,/novatel/oem7/odom,/novatel/oem7/fix,/novatel/oem7/odom,39.663,-75.756,-1.801158698,0.001045776,-0.002982811,0.000398561,-0.000966849,-0.002982811,,,
1786043706512085101,1786043706.511341171,/novatel/oem7/bestpos,/novatel/oem7/bestpos,/novatel/oem7/odom,39.663,-75.756,33.181105663,0.001045776,-0.002982811,0.000398561,-0.000966849,-0.002982811,,novatel_oem7_msgs.msg.SolutionStatus(status=0),novatel_oem7_msgs.msg.PositionOrVelocityType(type=53)
1786043706513600800,1786043706.512280930,/novatel/oem7/bestvel,/novatel/oem7/bestpos,/novatel/oem7/bestvel,39.663,-75.756,33.181105663,0.002012254,-0.003005834,,,,142.889001646,novatel_oem7_msgs.msg.SolutionStatus(status=0),novatel_oem7_msgs.msg.PositionOrVelocityType(type=53)
1786043706516112888,1786043706.515460982,/novatel/oem7/odom,/novatel/oem7/bestpos,/novatel/oem7/odom,39.663,-75.756,33.181105663,0.001045776,-0.002982811,0.000398561,-0.000966849,-0.002982811,,,
1786043706525771364,1786043706.525250539,/novatel/oem7/inspva,/novatel/oem7/inspva,/novatel/oem7/inspva,39.663,-75.756,-1.801161651,0.002581275,-0.001847714,-0.002247382,0.001269745,-0.001847714,,novatel_oem7_msgs.msg.InertialSolutionStatus(status=3),
1786043706527180691,1786043706.525436031,/novatel/oem7/fix,/novatel/oem7/fix,/novatel/oem7/inspva,39.663,-75.756,-1.801161651,0.002581275,-0.001847714,-0.002247382,0.001269745,-0.001847714,,0,
1786043706528269026,1786043706.526183391,/novatel/oem7/odom,/novatel/oem7/fix,/novatel/oem7/odom,39.663,-75.756,-1.801161651,0.002580448,-0.001848868,0.001164971,-0.002302510,-0.001848868,,,
1786043706535737023,1786043706.534989426,/novatel/oem7/odom,/novatel/oem7/fix,/novatel/oem7/odom,39.663,-75.756,-1.801161651,0.002580448,-0.001848868,0.001164971,-0.002302510,-0.001848868,,,
1786043706546578501,1786043706.545997275,/novatel/oem7/inspva,/novatel/oem7/inspva,/novatel/oem7/inspva,39.663,-75.756,-1.801176380,0.002475618,-0.001706618,-0.002015553,0.001437439,-0.001706618,,novatel_oem7_msgs.msg.InertialSolutionStatus(status=3),
1786043706547936374,1786043706.546164477,/novatel/oem7/fix,/novatel/oem7/fix,/novatel/oem7/inspva,39.663,-75.756,-1.801176380,0.002475618,-0.001706618,-0.002015553,0.001437439,-0.001706618,,0,
1786043706548997335,1786043706.546609244,/novatel/oem7/odom,/novatel/oem7/fix,/novatel/oem7/odom,39.663,-75.756,-1.801176380,0.002475709,-0.001706486,0.001343295,-0.002079590,-0.001706486,,,
1786043706556579877,1786043706.555919012,/novatel/oem7/odom,/novatel/oem7/fix,/novatel/oem7/odom,39.663,-75.756,-1.801176380,0.002475709,-0.001706486,0.001343295,-0.002079590,-0.001706486,,,
1786043706565802975,1786043706.565282690,/novatel/oem7/inspva,/novatel/oem7/inspva,/novatel/oem7/inspva,39.663,-75.756,-1.801199712,0.000501792,-0.001650294,-0.000139917,0.000481890,-0.001650294,,novatel_oem7_msgs.msg.InertialSolutionStatus(status=3),
1786043706567384774,1786043706.565460641,/novatel/oem7/fix,/novatel/oem7/fix,/novatel/oem7/inspva,39.663,-75.756,-1.801199712,0.000501792,-0.001650294,-0.000139917,0.000481890,-0.001650294,,0,
1786043706568462531,1786043706.566027107,/novatel/oem7/odom,/novatel/oem7/fix,/novatel/oem7/odom,39.663,-75.756,-1.801199712,0.000506848,-0.001648749,0.000481187,-0.000159228,-0.001648749,,,
1786043706576191082,1786043706.575535828,/novatel/oem7/odom,/novatel/oem7/fix,/novatel/oem7/odom,39.663,-75.756,-1.801199712,0.000506848,-0.001648749,0.000481187,-0.000159228,-0.001648749,,,
1786043706585898274,1786043706.585342376,/novatel/oem7/inspva,/novatel/oem7/inspva,/novatel/oem7/inspva,39.663,-75.756,-1.801211971,0.000459334,-0.001882343,-0.000459240,0.000009272,-0.001882343,,novatel_oem7_msgs.msg.InertialSolutionStatus(status=3),
1786043706587262115,1786043706.585547988,/novatel/oem7/fix,/novatel/oem7/fix,/novatel/oem7/inspva,39.663,-75.756,-1.801211971,0.000459334,-0.001882343,-0.000459240,0.000009272,-0.001882343,,0,
1786043706588336149,1786043706.585980732,/novatel/oem7/odom,/novatel/oem7/fix,/novatel/oem7/odom,39.663,-75.756,-1.801211971,0.000454302,-0.001883563,-0.000005630,-0.000454267,-0.001883563,,,
1786043706595190334,1786043706.594506170,/novatel/oem7/odom,/novatel/oem7/fix,/novatel/oem7/odom,39.663,-75.756,-1.801211971,0.000454302,-0.001883563,-0.000005630,-0.000454267,-0.001883563,,,
1786043706607327481,1786043706.606651610,/novatel/oem7/inspva,/novatel/oem7/inspva,/novatel/oem7/inspva,39.663,-75.756,-1.801224975,0.001770642,-0.002557908,-0.001696049,0.000508517,-0.002557908,,novatel_oem7_msgs.msg.InertialSolutionStatus(status=3),
1786043706608781008,1786043706.606849532,/novatel/oem7/fix,/novatel/oem7/fix,/novatel/oem7/inspva,39.663,-75.756,-1.801224975,0.001770642,-0.002557908,-0.001696049,0.000508517,-0.002557908,,0,
1786043706610066198,1786043706.607273427,/novatel/oem7/odom,/novatel/oem7/fix,/novatel/oem7/odom,39.663,-75.756,-1.801224975,0.001766827,-0.002560545,0.000434741,-0.001712507,-0.002560545,,,
1786043706611657010,1786043706.610351977,/novatel/oem7/bestpos,/novatel/oem7/bestpos,/novatel/oem7/odom,39.663,-75.756,33.181046840,0.001766827,-0.002560545,0.000434741,-0.001712507,-0.002560545,,novatel_oem7_msgs.msg.SolutionStatus(status=0),novatel_oem7_msgs.msg.PositionOrVelocityType(type=53)
1786043706612691440,1786043706.610823642,/novatel/oem7/bestvel,/novatel/oem7/bestpos,/novatel/oem7/bestvel,39.663,-75.756,33.181046840,0.002717704,-0.001654502,,,,182.009751245,novatel_oem7_msgs.msg.SolutionStatus(status=0),novatel_oem7_msgs.msg.PositionOrVelocityType(type=53)
1786043706616233106,1786043706.615580848,/novatel/oem7/odom,/novatel/oem7/bestpos,/novatel/oem7/odom,39.663,-75.756,33.181046840,0.001766827,-0.002560545,0.000434741,-0.001712507,-0.002560545,,,
1786043706625808487,1786043706.625273449,/novatel/oem7/inspva,/novatel/oem7/inspva,/novatel/oem7/inspva,39.663,-75.756,-1.801240217,0.001907435,-0.002242833,-0.001639175,0.000975403,-0.002242833,,novatel_oem7_msgs.msg.InertialSolutionStatus(status=3),
1786043706627184311,1786043706.625479844,/novatel/oem7/fix,/novatel/oem7/fix,/novatel/oem7/inspva,39.663,-75.756,-1.801240217,0.001907435,-0.002242833,-0.001639175,0.000975403,-0.002242833,,0,
1786043706628300285,1786043706.625940486,/novatel/oem7/odom,/novatel/oem7/fix,/novatel/oem7/odom,39.663,-75.756,-1.801240217,0.001906685,-0.002243470,0.000902631,-0.001679496,-0.002243470,,,
1786043706636238054,1786043706.635617174,/novatel/oem7/odom,/novatel/oem7/fix,/novatel/oem7/odom,39.663,-75.756,-1.801240217,0.001906685,-0.002243470,0.000902631,-0.001679496,-0.002243470,,,
1786043706647134472,1786043706.646590971,/novatel/oem7/inspva,/novatel/oem7/inspva,/novatel/oem7/inspva,39.663,-75.756,-1.801259788,0.002109146,-0.001371835,-0.000916243,0.001899735,-0.001371835,,novatel_oem7_msgs.msg.InertialSolutionStatus(status=3),
1786043706648564077,1786043706.646814536,/novatel/oem7/fix,/novatel/oem7/fix,/novatel/oem7/inspva,39.663,-75.756,-1.801259788,0.002109146,-0.001371835,-0.000916243,0.001899735,-0.001371835,,0,
1786043706649633794,1786043706.647261097,/novatel/oem7/odom,/novatel/oem7/fix,/novatel/oem7/odom,39.663,-75.756,-1.801259788,0.002112403,-0.001366814,0.001857897,-0.001005218,-0.001366814,,,
1786043706657434208,1786043706.656724989,/novatel/oem7/odom,/novatel/oem7/fix,/novatel/oem7/odom,39.663,-75.756,-1.801259788,0.002112403,-0.001366814,0.001857897,-0.001005218,-0.001366814,,,
1786043706665541915,1786043706.664997084,/novatel/oem7/inspva,/novatel/oem7/inspva,/novatel/oem7/inspva,39.663,-75.756,-1.801278280,0.000458712,-0.001145158,-0.000237418,0.000392491,-0.001145158,,novatel_oem7_msgs.msg.InertialSolutionStatus(status=3),
1786043706666878255,1786043706.665200396,/novatel/oem7/fix,/novatel/oem7/fix,/novatel/oem7/inspva,39.663,-75.756,-1.801278280,0.000458712,-0.001145158,-0.000237418,0.000392491,-0.001145158,,0,
1786043706667974369,1786043706.665555385,/novatel/oem7/odom,/novatel/oem7/fix,/novatel/oem7/odom,39.663,-75.756,-1.801278280,0.000461035,-0.001144225,0.000385072,-0.000253521,-0.001144225,,,
1786043706675457854,1786043706.674809657,/novatel/oem7/odom,/novatel/oem7/fix,/novatel/oem7/odom,39.663,-75.756,-1.801278280,0.000461035,-0.001144225,0.000385072,-0.000253521,-0.001144225,,,
1786043706685641242,1786043706.685115630,/novatel/oem7/inspva,/novatel/oem7/inspva,/novatel/oem7/inspva,39.663,-75.756,-1.801315361,0.001068864,-0.003721105,-0.000505564,-0.000941741,-0.003721105,,novatel_oem7_msgs.msg.InertialSolutionStatus(status=3),
1786043706686997898,1786043706.685307115,/novatel/oem7/fix,/novatel/oem7/fix,/novatel/oem7/inspva,39.663,-75.756,-1.801315361,0.001068864,-0.003721105,-0.000505564,-0.000941741,-0.003721105,,0,
1786043706688086116,1786043706.685812446,/novatel/oem7/odom,/novatel/oem7/fix,/novatel/oem7/odom,39.663,-75.756,-1.801315361,0.001050952,-0.003726203,-0.000950211,-0.000448998,-0.003726203,,,
1786043706695437599,1786043706.694798942,/novatel/oem7/odom,/novatel/oem7/fix,/novatel/oem7/odom,39.663,-75.756,-1.801315361,0.001050952,-0.003726203,-0.000950211,-0.000448998,-0.003726203,,,
1786043706706725751,1786043706.706107015,/novatel/oem7/inspva,/novatel/oem7/inspva,/novatel/oem7/inspva,39.663,-75.756,-1.801328828,0.001743933,-0.003287218,-0.001258291,0.001207479,-0.003287218,,novatel_oem7_msgs.msg.InertialSolutionStatus(status=3),
1786043706708105002,1786043706.706307480,/novatel/oem7/fix,/novatel/oem7/fix,/novatel/oem7/inspva,39.663,-75.756,-1.801328828,0.001743933,-0.003287218,-0.001258291,0.001207479,-0.003287218,,0,
1786043706709199289,1786043706.706712898,/novatel/oem7/odom,/novatel/oem7/fix,/novatel/oem7/odom,39.663,-75.756,-1.801328828,0.001746455,-0.003285879,0.001157460,-0.001307819,-0.003285879,,,
1786043706710744108,1786043706.709559889,/novatel/oem7/bestpos,/novatel/oem7/bestpos,/novatel/oem7/odom,39.663,-75.756,33.180934580,0.001746455,-0.003285879,0.001157460,-0.001307819,-0.003285879,,novatel_oem7_msgs.msg.SolutionStatus(status=0),novatel_oem7_msgs.msg.PositionOrVelocityType(type=53)
1786043706712165312,1786043706.710305283,/novatel/oem7/bestvel,/novatel/oem7/bestpos,/novatel/oem7/bestvel,39.663,-75.756,33.180934580,0.001152494,-0.002762064,,,,176.711173325,novatel_oem7_msgs.msg.SolutionStatus(status=0),novatel_oem7_msgs.msg.PositionOrVelocityType(type=53)
1786043706714969633,1786043706.714328765,/novatel/oem7/odom,/novatel/oem7/bestpos,/novatel/oem7/odom,39.663,-75.756,33.180934580,0.001746455,-0.003285879,0.001157460,-0.001307819,-0.003285879,,,
1786043706725867864,1786043706.725336529,/novatel/oem7/inspva,/novatel/oem7/inspva,/novatel/oem7/inspva,39.663,-75.756,-1.801332894,0.002598821,-0.000391012,-0.001867817,0.001806967,-0.000391012,,novatel_oem7_msgs.msg.InertialSolutionStatus(status=3),
1786043706727215751,1786043706.725505894,/novatel/oem7/fix,/novatel/oem7/fix,/novatel/oem7/inspva,39.663,-75.756,-1.801332894,0.002598821,-0.000391012,-0.001867817,0.001806967,-0.000391012,,0,
1786043706728278062,1786043706.726255475,/novatel/oem7/odom,/novatel/oem7/fix,/novatel/oem7/odom,39.663,-75.756,-1.801332894,0.002599131,-0.000388944,0.001714282,-0.001953643,-0.000388944,,,
1786043706735829517,1786043706.735164953,/novatel/oem7/odom,/novatel/oem7/fix,/novatel/oem7/odom,39.663,-75.756,-1.801332894,0.002599131,-0.000388944,0.001714282,-0.001953643,-0.000388944,,,
1786043706745747955,1786043706.745216710,/novatel/oem7/inspva,/novatel/oem7/inspva,/novatel/oem7/inspva,39.663,-75.756,-1.801355454,0.001748450,-0.000710503,-0.000954099,0.001465187,-0.000710503,,novatel_oem7_msgs.msg.InertialSolutionStatus(status=3),
1786043706747088749,1786043706.745367692,/novatel/oem7/fix,/novatel/oem7/fix,/novatel/oem7/inspva,39.663,-75.756,-1.801355454,0.001748450,-0.000710503,-0.000954099,0.001465187,-0.000710503,,0,
1786043706748140365,1786043706.745788102,/novatel/oem7/odom,/novatel/oem7/fix,/novatel/oem7/odom,39.663,-75.756,-1.801355454,0.001749760,-0.000707270,0.001419293,-0.001023362,-0.000707270,,,
1786043706756345374,1786043706.755726748,/novatel/oem7/odom,/novatel/oem7/fix,/novatel/oem7/odom,39.663,-75.756,-1.801355454,0.001749760,-0.000707270,0.001419293,-0.001023362,-0.000707270,,,
1786043706767082217,1786043706.766577218,/novatel/oem7/inspva,/novatel/oem7/inspva,/novatel/oem7/inspva,39.663,-75.756,-1.801398003,0.000347520,-0.003485683,-0.000142983,-0.000316743,-0.003485683,,novatel_oem7_msgs.msg.InertialSolutionStatus(status=3),
1786043706768397283,1786043706.766728644,/novatel/oem7/fix,/novatel/oem7/fix,/novatel/oem7/inspva,39.663,-75.756,-1.801398003,0.000347520,-0.003485683,-0.000142983,-0.000316743,-0.003485683,,0,
1786043706769451381,1786043706.767203552,/novatel/oem7/odom,/novatel/oem7/fix,/novatel/oem7/odom,39.663,-75.756,-1.801398003,0.000330765,-0.003487313,-0.000308925,-0.000118200,-0.003487313,,,
1786043706775290155,1786043706.774681131,/novatel/oem7/odom,/novatel/oem7/fix,/novatel/oem7/odom,39.663,-75.756,-1.801398003,0.000330765,-0.003487313,-0.000308925,-0.000118200,-0.003487313,,,
1786043706785674782,1786043706.785146590,/novatel/oem7/inspva,/novatel/oem7/inspva,/novatel/oem7/inspva,39.663,-75.756,-1.801413665,0.000973013,-0.003712926,-0.000847880,0.000477340,-0.003712926,,novatel_oem7_msgs.msg.InertialSolutionStatus(status=3),
1786043706786998501,1786043706.785293434,/novatel/oem7/fix,/novatel/oem7/fix,/novatel/oem7/inspva,39.663,-75.756,-1.801413665,0.000973013,-0.003712926,-0.000847880,0.000477340,-0.003712926,,0,
1786043706788039975,1786043706.785730392,/novatel/oem7/odom,/novatel/oem7/fix,/novatel/oem7/odom,39.663,-75.756,-1.801413665,0.000971465,-0.003713331,0.000450256,-0.000860822,-0.003713331,,,
1786043706795368001,1786043706.794735119,/novatel/oem7/odom,/novatel/oem7/fix,/novatel/oem7/odom,39.663,-75.756,-1.801413665,0.000971465,-0.003713331,0.000450256,-0.000860822,-0.003713331,,,
1786043706806706164,1786043706.806207102,/novatel/oem7/inspva,/novatel/oem7/inspva,/novatel/oem7/inspva,39.663,-75.756,-1.801412215,0.002970114,-0.000698037,-0.002136976,0.002062744,-0.000698037,,novatel_oem7_msgs.msg.InertialSolutionStatus(status=3),
1786043706807990997,1786043706.806343500,/novatel/oem7/fix,/novatel/oem7/fix,/novatel/oem7/inspva,39.663,-75.756,-1.801412215,0.002970114,-0.000698037,-0.002136976,0.002062744,-0.000698037,,0,
1786043706809314643,1786043706.807011350,/novatel/oem7/odom,/novatel/oem7/fix,/novatel/oem7/odom,39.663,-75.756,-1.801412215,0.002970655,-0.000695733,0.001957702,-0.002234321,-0.000695733,,,
1786043706810980799,1786043706.810339520,/novatel/oem7/bestpos,/novatel/oem7/bestpos,/novatel/oem7/odom,39.663,-75.756,33.180819401,0.002970655,-0.000695733,0.001957702,-0.002234321,-0.000695733,,novatel_oem7_msgs.msg.SolutionStatus(status=0),novatel_oem7_msgs.msg.PositionOrVelocityType(type=53)
1786043706812380943,1786043706.810862378,/novatel/oem7/bestvel,/novatel/oem7/bestpos,/novatel/oem7/bestvel,39.663,-75.756,33.180819401,0.002402952,-0.001076974,,,,125.408510259,novatel_oem7_msgs.msg.SolutionStatus(status=0),novatel_oem7_msgs.msg.PositionOrVelocityType(type=53)
1786043706815413473,1786043706.814806765,/novatel/oem7/odom,/novatel/oem7/bestpos,/novatel/oem7/odom,39.663,-75.756,33.180819401,0.002970655,-0.000695733,0.001957702,-0.002234321,-0.000695733,,,
1786043706826605041,1786043706.826085776,/novatel/oem7/inspva,/novatel/oem7/inspva,/novatel/oem7/inspva,39.663,-75.756,-1.801432911,0.001682893,-0.000733873,-0.001317351,0.001047242,-0.000733873,,novatel_oem7_msgs.msg.InertialSolutionStatus(status=3),
1786043706827894847,1786043706.826223498,/novatel/oem7/fix,/novatel/oem7/fix,/novatel/oem7/inspva,39.663,-75.756,-1.801432911,0.001682893,-0.000733873,-0.001317351,0.001047242,-0.000733873,,0,
1786043706828931271,1786043706.826689199,/novatel/oem7/odom,/novatel/oem7/fix,/novatel/oem7/odom,39.663,-75.756,-1.801432911,0.001683153,-0.000733277,0.000984041,-0.001365528,-0.000733277,,,
1786043706834965407,1786043706.834345918,/novatel/oem7/odom,/novatel/oem7/fix,/novatel/oem7/odom,39.663,-75.756,-1.801432911,0.001683153,-0.000733277,0.000984041,-0.001365528,-0.000733277,,,
1786043706845710508,1786043706.845187486,/novatel/oem7/inspva,/novatel/oem7/inspva,/novatel/oem7/inspva,39.663,-75.756,-1.801478612,0.000488398,-0.003238732,0.000487303,0.000032682,-0.003238732,,novatel_oem7_msgs.msg.InertialSolutionStatus(status=3),
1786043706847012301,1786043706.845331244,/novatel/oem7/fix,/novatel/oem7/fix,/novatel/oem7/inspva,39.663,-75.756,-1.801478612,0.000488398,-0.003238732,0.000487303,0.000032682,-0.003238732,,0,
1786043706848030907,1786043706.845677174,/novatel/oem7/odom,/novatel/oem7/fix,/novatel/oem7/odom,39.663,-75.756,-1.801478612,0.000498359,-0.003237214,0.000070148,0.000493397,-0.003237214,,,
1786043706856886415,1786043706.856273703,/novatel/oem7/odom,/novatel/oem7/fix,/novatel/oem7/odom,39.663,-75.756,-1.801478612,0.000498359,-0.003237214,0.000070148,0.000493397,-0.003237214,,,
1786043706865515598,1786043706.865024973,/novatel/oem7/inspva,/novatel/oem7/inspva,/novatel/oem7/inspva,39.663,-75.756,-1.801500268,0.000587930,-0.003165710,0.000038000,0.000586701,-0.003165710,,novatel_oem7_msgs.msg.InertialSolutionStatus(status=3),
1786043706866779120,1786043706.865157787,/novatel/oem7/fix,/novatel/oem7/fix,/novatel/oem7/inspva,39.663,-75.756,-1.801500268,0.000587930,-0.003165710,0.000038000,0.000586701,-0.003165710,,0,
1786043706867790697,1786043706.865609692,/novatel/oem7/odom,/novatel/oem7/fix,/novatel/oem7/odom,39.663,-75.756,-1.801500268,0.000601274,-0.003163203,0.000601029,0.000017139,-0.003163203,,,
1786043706875030442,1786043706.874380259,/novatel/oem7/odom,/novatel/oem7/fix,/novatel/oem7/odom,39.663,-75.756,-1.801500268,0.000601274,-0.003163203,0.000601029,0.000017139,-0.003163203,,,
1786043706886986534,1786043706.886503499,/novatel/oem7/inspva,/novatel/oem7/inspva,/novatel/oem7/inspva,39.663,-75.756,-1.801516579,0.002377476,-0.002097711,-0.001934445,0.001382141,-0.002097711,,novatel_oem7_msgs.msg.InertialSolutionStatus(status=3),
1786043706888247364,1786043706.886642614,/novatel/oem7/fix,/novatel/oem7/fix,/novatel/oem7/inspva,39.663,-75.756,-1.801516579,0.002377476,-0.002097711,-0.001934445,0.001382141,-0.002097711,,0,
1786043706889253077,1786043706.887089345,/novatel/oem7/odom,/novatel/oem7/fix,/novatel/oem7/odom,39.663,-75.756,-1.801516579,0.002377664,-0.002097498,0.001293683,-0.001994911,-0.002097498,,,
1786043706895510816,1786043706.894892296,/novatel/oem7/odom,/novatel/oem7/fix,/novatel/oem7/odom,39.663,-75.756,-1.801516579,0.002377664,-0.002097498,0.001293683,-0.001994911,-0.002097498,,,
1786043706906412301,1786043706.905908639,/novatel/oem7/inspva,/novatel/oem7/inspva,/novatel/oem7/inspva,39.663,-75.756,-1.801536037,0.002191069,-0.001721334,-0.001807456,0.001238501,-0.001721334,,novatel_oem7_msgs.msg.InertialSolutionStatus(status=3),
1786043706907719334,1786043706.906051657,/novatel/oem7/fix,/novatel/oem7/fix,/novatel/oem7/inspva,39.663,-75.756,-1.801536037,0.002191069,-0.001721334,-0.001807456,0.001238501,-0.001721334,,0,
1786043706908745054,1786043706.906555392,/novatel/oem7/odom,/novatel/oem7/fix,/novatel/oem7/odom,39.663,-75.756,-1.801536037,0.002191062,-0.001721342,0.001154922,-0.001861963,-0.001721342,,,
1786043706910199338,1786043706.909535665,/novatel/oem7/bestpos,/novatel/oem7/bestpos,/novatel/oem7/odom,39.663,-75.756,33.180720906,0.002191062,-0.001721342,0.001154922,-0.001861963,-0.001721342,,novatel_oem7_msgs.msg.SolutionStatus(status=0),novatel_oem7_msgs.msg.PositionOrVelocityType(type=53)
1786043706911666399,1786043706.910365330,/novatel/oem7/bestvel,/novatel/oem7/bestpos,/novatel/oem7/bestvel,39.663,-75.756,33.180720906,0.001859222,-0.001205448,,,,171.574888740,novatel_oem7_msgs.msg.SolutionStatus(status=0),novatel_oem7_msgs.msg.PositionOrVelocityType(type=53)
1786043706915271225,1786043706.914546771,/novatel/oem7/odom,/novatel/oem7/bestpos,/novatel/oem7/odom,39.663,-75.756,33.180720906,0.002191062,-0.001721342,0.001154922,-0.001861963,-0.001721342,,,
1786043706925677132,1786043706.925102633,/novatel/oem7/inspva,/novatel/oem7/inspva,/novatel/oem7/inspva,39.663,-75.756,-1.801561577,0.000637331,-0.001407802,0.000227738,0.000595253,-0.001407802,,novatel_oem7_msgs.msg.InertialSolutionStatus(status=3),
1786043706927073586,1786043706.925242488,/novatel/oem7/fix,/novatel/oem7/fix,/novatel/oem7/inspva,39.663,-75.756,-1.801561577,0.000637331,-0.001407802,0.000227738,0.000595253,-0.001407802,,0,
1786043706928090026,1786043706.925780167,/novatel/oem7/odom,/novatel/oem7/fix,/novatel/oem7/odom,39.663,-75.756,-1.801561577,0.000644050,-0.001404741,0.000611656,0.000201686,-0.001404741,,,
1786043706935580263,1786043706.934879770,/novatel/oem7/odom,/novatel/oem7/fix,/novatel/oem7/odom,39.663,-75.756,-1.801561577,0.000644050,-0.001404741,0.000611656,0.000201686,-0.001404741,,,
1786043706946604436,1786043706.946012290,/novatel/oem7/inspva,/novatel/oem7/inspva,/novatel/oem7/inspva,39.663,-75.756,-1.801585777,0.000836936,-0.002300691,-0.000131296,0.000826573,-0.002300691,,novatel_oem7_msgs.msg.InertialSolutionStatus(status=3),
1786043706947988980,1786043706.946164435,/novatel/oem7/fix,/novatel/oem7/fix,/novatel/oem7/inspva,39.663,-75.756,-1.801585777,0.000836936,-0.002300691,-0.000131296,0.000826573,-0.002300691,,0,
1786043706949012407,1786043706.946654083,/novatel/oem7/odom,/novatel/oem7/fix,/novatel/oem7/odom,39.663,-75.756,-1.801585777,0.000845150,-0.002297686,0.000828678,-0.000166047,-0.002297686,,,
1786043706956595409,1786043706.955852612,/novatel/oem7/odom,/novatel/oem7/fix,/novatel/oem7/odom,39.663,-75.756,-1.801585777,0.000845150,-0.002297686,0.000828678,-0.000166047,-0.002297686,,,
1786043706965839931,1786043706.965239721,/novatel/oem7/inspva,/novatel/oem7/inspva,/novatel/oem7/inspva,39.663,-75.756,-1.801610671,0.001812861,-0.002609504,-0.001165893,0.001388222,-0.002609504,,novatel_oem7_msgs.msg.InertialSolutionStatus(status=3),
1786043706967267965,1786043706.965387256,/novatel/oem7/fix,/novatel/oem7/fix,/novatel/oem7/inspva,39.663,-75.756,-1.801610671,0.001812861,-0.002609504,-0.001165893,0.001388222,-0.002609504,,0,
1786043706968314502,1786043706.966025775,/novatel/oem7/odom,/novatel/oem7/fix,/novatel/oem7/odom,39.663,-75.756,-1.801610671,0.001816298,-0.002607113,0.001339795,-0.001226332,-0.002607113,,,
1786043706976207614,1786043706.975527457,/novatel/oem7/odom,/novatel/oem7/fix,/novatel/oem7/odom,39.663,-75.756,-1.801610671,0.001816298,-0.002607113,0.001339795,-0.001226332,-0.002607113,,,
1786043706985528663,1786043706.984931247,/novatel/oem7/inspva,/novatel/oem7/inspva,/novatel/oem7/inspva,39.663,-75.756,-1.801626412,0.002245563,-0.002346067,-0.001834007,0.001295752,-0.002346067,,novatel_oem7_msgs.msg.InertialSolutionStatus(status=3),
1786043706987166369,1786043706.985073458,/novatel/oem7/fix,/novatel/oem7/fix,/novatel/oem7/inspva,39.663,-75.756,-1.801626412,0.002245563,-0.002346067,-0.001834007,0.001295752,-0.002346067,,0,
1786043706988394541,1786043706.985499879,/novatel/oem7/odom,/novatel/oem7/fix,/novatel/oem7/odom,39.663,-75.756,-1.801626412,0.002245747,-0.002345891,0.001213394,-0.001889724,-0.002345891,,,
1786043706995074574,1786043706.994376615,/novatel/oem7/odom,/novatel/oem7/fix,/novatel/oem7/odom,39.663,-75.756,-1.801626412,0.002245747,-0.002345891,0.001213394,-0.001889724,-0.002345891,,,
1786043707010813131,1786043707.010187374,/novatel/oem7/inspva,/novatel/oem7/inspva,/novatel/oem7/inspva,39.663,-75.756,-1.801642806,0.001599070,-0.000640869,-0.000356306,0.001558869,-0.000640869,,novatel_oem7_msgs.msg.InertialSolutionStatus(status=3),
1786043707012225538,1786043707.010339296,/novatel/oem7/fix,/novatel/oem7/fix,/novatel/oem7/inspva,39.663,-75.756,-1.801642806,0.001599070,-0.000640869,-0.000356306,0.001558869,-0.000640869,,0,
1786043707013746816,1786043707.011825435,/novatel/oem7/odom,/novatel/oem7/fix,/novatel/oem7/odom,39.663,-75.756,-1.801642806,0.001601194,-0.000635545,0.001542053,-0.000431154,-0.000635545,,,
1786043707017036369,1786043707.016347142,/novatel/oem7/odom,/novatel/oem7/fix,/novatel/oem7/odom,39.663,-75.756,-1.801642806,0.001601194,-0.000635545,0.001542053,-0.000431154,-0.000635545,,,
1786043707027145910,1786043707.026523007,/novatel/oem7/bestpos,/novatel/oem7/bestpos,/novatel/oem7/odom,39.663,-75.756,33.180607049,0.001601194,-0.000635545,0.001542053,-0.000431154,-0.000635545,,novatel_oem7_msgs.msg.SolutionStatus(status=0),novatel_oem7_msgs.msg.PositionOrVelocityType(type=53)
1786043707028807846,1786043707.027280254,/novatel/oem7/bestvel,/novatel/oem7/bestpos,/novatel/oem7/bestvel,39.663,-75.756,33.180607049,0.002473141,-0.001248517,,,,92.739139929,novatel_oem7_msgs.msg.SolutionStatus(status=0),novatel_oem7_msgs.msg.PositionOrVelocityType(type=53)
1786043707029738842,1786043707.027761256,/novatel/oem7/inspva,/novatel/oem7/inspva,/novatel/oem7/inspva,39.663,-75.756,-1.801673193,0.001496795,-0.001815689,-0.000493930,0.001412950,-0.001815689,,novatel_oem7_msgs.msg.InertialSolutionStatus(status=3),
1786043707030580927,1786043707.027904560,/novatel/oem7/fix,/novatel/oem7/fix,/novatel/oem7/inspva,39.663,-75.756,-1.801673193,0.001496795,-0.001815689,-0.000493930,0.001412950,-0.001815689,,0,
1786043707031613464,1786043707.028235970,/novatel/oem7/odom,/novatel/oem7/fix,/novatel/oem7/odom,39.663,-75.756,-1.801673193,0.001502104,-0.001811299,0.001394437,-0.000558445,-0.001811299,,,
1786043707036161429,1786043707.035489236,/novatel/oem7/odom,/novatel/oem7/fix,/novatel/oem7/odom,39.663,-75.756,-1.801673193,0.001502104,-0.001811299,0.001394437,-0.000558445,-0.001811299,,,
1786043707046076374,1786043707.045367568,/novatel/oem7/inspva,/novatel/oem7/inspva,/novatel/oem7/inspva,39.663,-75.756,-1.801667384,0.000906998,-0.002947773,-0.000564902,0.000709599,-0.002947773,,novatel_oem7_msgs.msg.InertialSolutionStatus(status=3),
1786043707047693100,1786043707.045500543,/novatel/oem7/fix,/novatel/oem7/fix,/novatel/oem7/inspva,39.663,-75.756,-1.801667384,0.000906998,-0.002947773,-0.000564902,0.000709599,-0.002947773,,0,
1786043707048781578,1786043707.046163959,/novatel/oem7/odom,/novatel/oem7/fix,/novatel/oem7/odom,39.663,-75.756,-1.801667384,0.000911280,-0.002946452,0.000693026,-0.000591731,-0.002946452,,,
1786043707057241998,1786043707.056526064,/novatel/oem7/odom,/novatel/oem7/fix,/novatel/oem7/odom,39.663,-75.756,-1.801667384,0.000911280,-0.002946452,0.000693026,-0.000591731,-0.002946452,,,
1786043707067051012,1786043707.066476176,/novatel/oem7/inspva,/novatel/oem7/inspva,/novatel/oem7/inspva,39.663,-75.756,-1.801634893,0.001812720,-0.002466334,-0.001416832,0.001130726,-0.002466334,,novatel_oem7_msgs.msg.InertialSolutionStatus(status=3),
1786043707068500297,1786043707.066638282,/novatel/oem7/fix,/novatel/oem7/fix,/novatel/oem7/inspva,39.663,-75.756,-1.801634893,0.001812720,-0.002466334,-0.001416832,0.001130726,-0.002466334,,0,
1786043707069573901,1786043707.067112300,/novatel/oem7/odom,/novatel/oem7/fix,/novatel/oem7/odom,39.663,-75.756,-1.801634893,0.001813622,-0.002465671,0.001069664,-0.001464597,-0.002465671,,,
1786043707075229670,1786043707.074554052,/novatel/oem7/odom,/novatel/oem7/fix,/novatel/oem7/odom,39.663,-75.756,-1.801634893,0.001813622,-0.002465671,0.001069664,-0.001464597,-0.002465671,,,
1786043707085944797,1786043707.085366958,/novatel/oem7/inspva,/novatel/oem7/inspva,/novatel/oem7/inspva,39.663,-75.756,-1.801597196,0.001728212,0.000027547,-0.000415392,0.001677547,0.000027547,,novatel_oem7_msgs.msg.InertialSolutionStatus(status=3),
1786043707087324367,1786043707.085523616,/novatel/oem7/fix,/novatel/oem7/fix,/novatel/oem7/inspva,39.663,-75.756,-1.801597196,0.001728212,0.000027547,-0.000415392,0.001677547,0.000027547,,0,
1786043707088352821,1786043707.086191222,/novatel/oem7/odom,/novatel/oem7/fix,/novatel/oem7/odom,39.663,-75.756,-1.801597196,0.001728112,0.000033185,0.001654881,-0.000497737,0.000033185,,,
1786043707096365940,1786043707.095699417,/novatel/oem7/odom,/novatel/oem7/fix,/novatel/oem7/odom,39.663,-75.756,-1.801597196,0.001728112,0.000033185,0.001654881,-0.000497737,0.000033185,,,
1786043707106418040,1786043707.105881905,/novatel/oem7/inspva,/novatel/oem7/inspva,/novatel/oem7/inspva,39.663,-75.756,-1.801573734,0.000898532,-0.000677387,-0.000328452,0.000836349,-0.000677387,,novatel_oem7_msgs.msg.InertialSolutionStatus(status=3),
1786043707107826294,1786043707.106017076,/novatel/oem7/fix,/novatel/oem7/fix,/novatel/oem7/inspva,39.663,-75.756,-1.801573734,0.000898532,-0.000677387,-0.000328452,0.000836349,-0.000677387,,0,
1786043707108860754,1786043707.106524301,/novatel/oem7/odom,/novatel/oem7/fix,/novatel/oem7/odom,39.663,-75.756,-1.801573734,0.000900406,-0.000674895,0.000821948,-0.000367602,-0.000674895,,,
1786043707110355939,1786043707.109599805,/novatel/oem7/bestpos,/novatel/oem7/bestpos,/novatel/oem7/odom,39.663,-75.756,33.180662215,0.000900406,-0.000674895,0.000821948,-0.000367602,-0.000674895,,novatel_oem7_msgs.msg.SolutionStatus(status=0),novatel_oem7_msgs.msg.PositionOrVelocityType(type=53)
1786043707111796627,1786043707.110292478,/novatel/oem7/bestvel,/novatel/oem7/bestpos,/novatel/oem7/bestvel,39.663,-75.756,33.180662215,0.002173617,-0.001102887,,,,108.330098490,novatel_oem7_msgs.msg.SolutionStatus(status=0),novatel_oem7_msgs.msg.PositionOrVelocityType(type=53)
1786043707115293221,1786043707.114556491,/novatel/oem7/odom,/novatel/oem7/bestpos,/novatel/oem7/odom,39.663,-75.756,33.180662215,0.000900406,-0.000674895,0.000821948,-0.000367602,-0.000674895,,,
1786043707127240487,1786043707.126595620,/novatel/oem7/inspva,/novatel/oem7/inspva,/novatel/oem7/inspva,39.663,-75.756,-1.801565887,0.000878162,-0.002676260,-0.000393215,0.000785207,-0.002676260,,novatel_oem7_msgs.msg.InertialSolutionStatus(status=3),
1786043707128670034,1786043707.126737262,/novatel/oem7/fix,/novatel/oem7/fix,/novatel/oem7/inspva,39.663,-75.756,-1.801565887,0.000878162,-0.002676260,-0.000393215,0.000785207,-0.002676260,,0,
1786043707129714054,1786043707.127295004,/novatel/oem7/odom,/novatel/oem7/fix,/novatel/oem7/odom,39.663,-75.756,-1.801565887,0.000884515,-0.002674168,0.000775889,-0.000424691,-0.002674168,,,
1786043707135985191,1786043707.135242583,/novatel/oem7/odom,/novatel/oem7/fix,/novatel/oem7/odom,39.663,-75.756,-1.801565887,0.000884515,-0.002674168,0.000775889,-0.000424691,-0.002674168,,,
1786043707145550552,1786043707.144893042,/novatel/oem7/inspva,/novatel/oem7/inspva,/novatel/oem7/inspva,39.663,-75.756,-1.801523479,0.001436573,-0.002131945,-0.001210390,0.000773756,-0.002131945,,novatel_oem7_msgs.msg.InertialSolutionStatus(status=3),
1786043707146968116,1786043707.145041817,/novatel/oem7/fix,/novatel/oem7/fix,/novatel/oem7/inspva,39.663,-75.756,-1.801523479,0.001436573,-0.002131945,-0.001210390,0.000773756,-0.002131945,,0,
1786043707148023933,1786043707.145657073,/novatel/oem7/odom,/novatel/oem7/fix,/novatel/oem7/odom,39.663,-75.756,-1.801523479,0.001436317,-0.002132117,0.000721947,-0.001241692,-0.002132117,,,
1786043707156669472,1786043707.155886948,/novatel/oem7/odom,/novatel/oem7/fix,/novatel/oem7/odom,39.663,-75.756,-1.801523479,0.001436317,-0.002132117,0.000721947,-0.001241692,-0.002132117,,,
1786043707165887434,1786043707.165320572,/novatel/oem7/inspva,/novatel/oem7/inspva,/novatel/oem7/inspva,39.663,-75.756,-1.801486215,0.002725899,-0.000276336,-0.001428239,0.002321779,-0.000276336,,novatel_oem7_msgs.msg.InertialSolutionStatus(status=3),
1786043707167292118,1786043707.165532374,/novatel/oem7/fix,/novatel/oem7/fix,/novatel/oem7/inspva,39.663,-75.756,-1.801486215,0.002725899,-0.000276336,-0.001428239,0.002321779,-0.000276336,,0,
1786043707168367115,1786043707.166136056,/novatel/oem7/odom,/novatel/oem7/fix,/novatel/oem7/odom,39.663,-75.756,-1.801486215,0.002726443,-0.000270918,0.002249624,-0.001540351,-0.000270918,,,
1786043707175563280,1786043707.174926189,/novatel/oem7/odom,/novatel/oem7/fix,/novatel/oem7/odom,39.663,-75.756,-1.801486215,0.002726443,-0.000270918,0.002249624,-0.001540351,-0.000270918,,,
1786043707186588449,1786043707.186059821,/novatel/oem7/inspva,/novatel/oem7/inspva,/novatel/oem7/inspva,39.663,-75.756,-1.801455206,0.001775227,-0.000203594,-0.001297524,0.001211553,-0.000203594,,novatel_oem7_msgs.msg.InertialSolutionStatus(status=3),
1786043707187921386,1786043707.186236483,/novatel/oem7/fix,/novatel/oem7/fix,/novatel/oem7/inspva,39.663,-75.756,-1.801455206,0.001775227,-0.000203594,-0.001297524,0.001211553,-0.000203594,,0,
1786043707188947433,1786043707.186694484,/novatel/oem7/odom,/novatel/oem7/fix,/novatel/oem7/odom,39.663,-75.756,-1.801455206,0.001775380,-0.000202253,0.001146912,-0.001355200,-0.000202253,,,
1786043707195228872,1786043707.194602271,/novatel/oem7/odom,/novatel/oem7/fix,/novatel/oem7/odom,39.663,-75.756,-1.801455206,0.001775380,-0.000202253,0.001146912,-0.001355200,-0.000202253,,,
1786043707207257412,1786043707.206738860,/novatel/oem7/inspva,/novatel/oem7/inspva,/novatel/oem7/inspva,39.663,-75.756,-1.801459720,0.000297299,-0.002877503,-0.000220001,0.000199966,-0.002877503,,novatel_oem7_msgs.msg.InertialSolutionStatus(status=3),
1786043707208568631,1786043707.206895391,/novatel/oem7/fix,/novatel/oem7/fix,/novatel/oem7/inspva,39.663,-75.756,-1.801459720,0.000297299,-0.002877503,-0.000220001,0.000199966,-0.002877503,,0,
1786043707209593835,1786043707.207265432,/novatel/oem7/odom,/novatel/oem7/fix,/novatel/oem7/odom,39.663,-75.756,-1.801459720,0.000299588,-0.002877266,0.000200827,-0.000222309,-0.002877266,,,
1786043707211047979,1786043707.210040312,/novatel/oem7/bestpos,/novatel/oem7/bestpos,/novatel/oem7/odom,39.663,-75.756,33.180787635,0.000299588,-0.002877266,0.000200827,-0.000222309,-0.002877266,,novatel_oem7_msgs.msg.SolutionStatus(status=0),novatel_oem7_msgs.msg.PositionOrVelocityType(type=53)
1786043707211952695,1786043707.210457226,/novatel/oem7/bestvel,/novatel/oem7/bestpos,/novatel/oem7/bestvel,39.663,-75.756,33.180787635,0.000937577,-0.002260223,,,,193.465326060,novatel_oem7_msgs.msg.SolutionStatus(status=0),novatel_oem7_msgs.msg.PositionOrVelocityType(type=53)
1786043707217382672,1786043707.215530594,/novatel/oem7/odom,/novatel/oem7/bestpos,/novatel/oem7/odom,39.663,-75.756,33.180787635,0.000299588,-0.002877266,0.000200827,-0.000222309,-0.002877266,,,
1786043707225704705,1786043707.225103662,/novatel/oem7/inspva,/novatel/oem7/inspva,/novatel/oem7/inspva,39.663,-75.756,-1.801424298,0.001343742,-0.002633209,-0.001051478,0.000836682,-0.002633209,,novatel_oem7_msgs.msg.InertialSolutionStatus(status=3),
1786043707227058231,1786043707.225269940,/novatel/oem7/fix,/novatel/oem7/fix,/novatel/oem7/inspva,39.663,-75.756,-1.801424298,0.001343742,-0.002633209,-0.001051478,0.000836682,-0.002633209,,0,
1786043707228128886,1786043707.225727612,/novatel/oem7/odom,/novatel/oem7/fix,/novatel/oem7/odom,39.663,-75.756,-1.801424298,0.001344760,-0.002632689,0.000794736,-0.001084792,-0.002632689,,,
1786043707235186832,1786043707.234517389,/novatel/oem7/odom,/novatel/oem7/fix,/novatel/oem7/odom,39.663,-75.756,-1.801424298,0.001344760,-0.002632689,0.000794736,-0.001084792,-0.002632689,,,
1786043707247035627,1786043707.246523365,/novatel/oem7/inspva,/novatel/oem7/inspva,/novatel/oem7/inspva,39.663,-75.756,-1.801388972,0.003616218,-0.000358187,-0.002730484,0.002370968,-0.000358187,,novatel_oem7_msgs.msg.InertialSolutionStatus(status=3),
1786043707248343333,1786043707.246661343,/novatel/oem7/fix,/novatel/oem7/fix,/novatel/oem7/inspva,39.663,-75.756,-1.801388972,0.003616218,-0.000358187,-0.002730484,0.002370968,-0.000358187,,0,
1786043707249553658,1786043707.247127394,/novatel/oem7/odom,/novatel/oem7/fix,/novatel/oem7/odom,39.663,-75.756,-1.801388972,0.003616430,-0.000356038,0.002234819,-0.002843264,-0.000356038,,,
1786043707256920964,1786043707.256528901,/novatel/oem7/odom,/novatel/oem7/fix,/novatel/oem7/odom,39.663,-75.756,-1.801388972,0.003616430,-0.000356038,0.002234819,-0.002843264,-0.000356038,,,
1786043707265516291,1786043707.265116913,/novatel/oem7/inspva,/novatel/oem7/inspva,/novatel/oem7/inspva,39.663,-75.756,-1.801361854,0.003249573,-0.000373488,-0.002409553,0.002180316,-0.000373488,,novatel_oem7_msgs.msg.InertialSolutionStatus(status=3),
1786043707266085446,1786043707.265262698,/novatel/oem7/fix,/novatel/oem7/fix,/novatel/oem7/inspva,39.663,-75.756,-1.801361854,0.003249573,-0.000373488,-0.002409553,0.002180316,-0.000373488,,0,
1786043707266555929,1786043707.265757139,/novatel/oem7/odom,/novatel/oem7/fix,/novatel/oem7/odom,39.663,-75.756,-1.801361854,0.003249825,-0.000371294,0.002060285,-0.002513282,-0.000371294,,,
1786043707275843261,1786043707.275525403,/novatel/oem7/odom,/novatel/oem7/fix,/novatel/oem7/odom,39.663,-75.756,-1.801361854,0.003249825,-0.000371294,0.002060285,-0.002513282,-0.000371294,,,
1786043707285761871,1786043707.285478861,/novatel/oem7/inspva,/novatel/oem7/inspva,/novatel/oem7/inspva,39.663,-75.756,-1.801356951,0.000726632,-0.001650854,-0.000689939,0.000227986,-0.001650854,,novatel_oem7_msgs.msg.InertialSolutionStatus(status=3),
1786043707286325917,1786043707.285626637,/novatel/oem7/fix,/novatel/oem7/fix,/novatel/oem7/inspva,39.663,-75.756,-1.801356951,0.000726632,-0.001650854,-0.000689939,0.000227986,-0.001650854,,0,
1786043707286980544,1786043707.286433425,/novatel/oem7/odom,/novatel/oem7/fix,/novatel/oem7/odom,39.663,-75.756,-1.801356951,0.000724504,-0.001651789,0.000200557,-0.000696192,-0.001651789,,,
1786043707295289396,1786043707.294976623,/novatel/oem7/odom,/novatel/oem7/fix,/novatel/oem7/odom,39.663,-75.756,-1.801356951,0.000724504,-0.001651789,0.000200557,-0.000696192,-0.001651789,,,
1786043707306246772,1786043707.305899601,/novatel/oem7/inspva,/novatel/oem7/inspva,/novatel/oem7/inspva,39.663,-75.756,-1.801326574,0.000996360,-0.002046653,-0.000954063,0.000287222,-0.002046653,,novatel_oem7_msgs.msg.InertialSolutionStatus(status=3),
1786043707306813361,1786043707.306034546,/novatel/oem7/fix,/novatel/oem7/fix,/novatel/oem7/inspva,39.663,-75.756,-1.801326574,0.000996360,-0.002046653,-0.000954063,0.000287222,-0.002046653,,0,
1786043707307278374,1786043707.306496970,/novatel/oem7/odom,/novatel/oem7/fix,/novatel/oem7/odom,39.663,-75.756,-1.801326574,0.000993441,-0.002048071,0.000248307,-0.000961909,-0.002048071,,,
1786043707309753223,1786043707.309462257,/novatel/oem7/bestpos,/novatel/oem7/bestpos,/novatel/oem7/odom,39.663,-75.756,33.180921428,0.000993441,-0.002048071,0.000248307,-0.000961909,-0.002048071,,novatel_oem7_msgs.msg.SolutionStatus(status=0),novatel_oem7_msgs.msg.PositionOrVelocityType(type=53)
1786043707310531439,1786043707.310280062,/novatel/oem7/bestvel,/novatel/oem7/bestpos,/novatel/oem7/bestvel,39.663,-75.756,33.180921428,0.001387652,-0.001657078,,,,179.188233225,novatel_oem7_msgs.msg.SolutionStatus(status=0),novatel_oem7_msgs.msg.PositionOrVelocityType(type=53)
1786043707314860241,1786043707.314532537,/novatel/oem7/odom,/novatel/oem7/bestpos,/novatel/oem7/odom,39.663,-75.756,33.180921428,0.000993441,-0.002048071,0.000248307,-0.000961909,-0.002048071,,,
1786043707325414286,1786043707.325137439,/novatel/oem7/inspva,/novatel/oem7/inspva,/novatel/oem7/inspva,39.663,-75.756,-1.801292500,0.003190107,-0.000953938,-0.002707452,0.001687153,-0.000953938,,novatel_oem7_msgs.msg.InertialSolutionStatus(status=3),
1786043707325996145,1786043707.325280471,/novatel/oem7/fix,/novatel/oem7/fix,/novatel/oem7/inspva,39.663,-75.756,-1.801292500,0.003190107,-0.000953938,-0.002707452,0.001687153,-0.000953938,,0,
1786043707326446752,1786043707.325742105,/novatel/oem7/odom,/novatel/oem7/fix,/novatel/oem7/odom,39.663,-75.756,-1.801292500,0.003189936,-0.000954509,0.001555377,-0.002785049,-0.000954509,,,
1786043707335794725,1786043707.335468965,/novatel/oem7/odom,/novatel/oem7/fix,/novatel/oem7/odom,39.663,-75.756,-1.801292500,0.003189936,-0.000954509,0.001555377,-0.002785049,-0.000954509,,,
1786043707345513927,1786043707.345019423,/novatel/oem7/inspva,/novatel/oem7/inspva,/novatel/oem7/inspva,39.663,-75.756,-1.801253870,0.002572454,-0.000183887,-0.002117903,0.001460139,-0.000183887,,novatel_oem7_msgs.msg.InertialSolutionStatus(status=3),
1786043707346085000,1786043707.345159261,/novatel/oem7/fix,/novatel/oem7/fix,/novatel/oem7/inspva,39.663,-75.756,-1.801253870,0.002572454,-0.000183887,-0.002117903,0.001460139,-0.000183887,,0,
1786043707346552742,1786043707.345661946,/novatel/oem7/odom,/novatel/oem7/fix,/novatel/oem7/odom,39.663,-75.756,-1.801253870,0.002572466,-0.000183711,0.001354545,-0.002186959,-0.000183711,,,
1786043707355994788,1786043707.355653378,/novatel/oem7/odom,/novatel/oem7/fix,/novatel/oem7/odom,39.663,-75.756,-1.801253870,0.002572466,-0.000183711,0.001354545,-0.002186959,-0.000183711,,,
1786043707366875692,1786043707.366599801,/novatel/oem7/inspva,/novatel/oem7/inspva,/novatel/oem7/inspva,39.663,-75.756,-1.801246027,0.001487356,-0.001297839,-0.000949729,0.001144658,-0.001297839,,novatel_oem7_msgs.msg.InertialSolutionStatus(status=3),
1786043707367485222,1786043707.366742829,/novatel/oem7/fix,/novatel/oem7/fix,/novatel/oem7/inspva,39.663,-75.756,-1.801246027,0.001487356,-0.001297839,-0.000949729,0.001144658,-0.001297839,,0,
1786043707368161029,1786043707.367527016,/novatel/oem7/odom,/novatel/oem7/fix,/novatel/oem7/odom,39.663,-75.756,-1.801246027,0.001489167,-0.001295760,0.001101806,-0.001001819,-0.001295760,,,
1786043707375261568,1786043707.374822619,/novatel/oem7/odom,/novatel/oem7/fix,/novatel/oem7/odom,39.663,-75.756,-1.801246027,0.001489167,-0.001295760,0.001101806,-0.001001819,-0.001295760,,,
1786043707385245456,1786043707.384953809,/novatel/oem7/inspva,/novatel/oem7/inspva,/novatel/oem7/inspva,39.663,-75.756,-1.801217291,0.001000366,-0.001084499,-0.000648127,0.000762013,-0.001084499,,novatel_oem7_msgs.msg.InertialSolutionStatus(status=3),
1786043707385843035,1786043707.385093918,/novatel/oem7/fix,/novatel/oem7/fix,/novatel/oem7/inspva,39.663,-75.756,-1.801217291,0.001000366,-0.001084499,-0.000648127,0.000762013,-0.001084499,,0,
1786043707386313489,1786043707.385586233,/novatel/oem7/odom,/novatel/oem7/fix,/novatel/oem7/odom,39.663,-75.756,-1.801217291,0.001001809,-0.001083166,0.000733616,-0.000682224,-0.001083166,,,
1786043707395745772,1786043707.395408050,/novatel/oem7/odom,/novatel/oem7/fix,/novatel/oem7/odom,39.663,-75.756,-1.801217291,0.001001809,-0.001083166,0.000733616,-0.000682224,-0.001083166,,,
1786043707406803811,1786043707.406532704,/novatel/oem7/inspva,/novatel/oem7/inspva,/novatel/oem7/inspva,39.663,-75.756,-1.801199969,0.003029580,-0.002313680,-0.002865519,0.000983443,-0.002313680,,novatel_oem7_msgs.msg.InertialSolutionStatus(status=3),
1786043707407382580,1786043707.406664262,/novatel/oem7/fix,/novatel/oem7/fix,/novatel/oem7/inspva,39.663,-75.756,-1.801199969,0.003029580,-0.002313680,-0.002865519,0.000983443,-0.002313680,,0,
1786043707407843907,1786043707.407097203,/novatel/oem7/odom,/novatel/oem7/fix,/novatel/oem7/odom,39.663,-75.756,-1.801199969,0.003026661,-0.002317499,0.000850412,-0.002904733,-0.002317499,,,
1786043707410574691,1786043707.410244311,/novatel/oem7/bestpos,/novatel/oem7/bestpos,/novatel/oem7/odom,39.663,-75.756,33.181051222,0.003026661,-0.002317499,0.000850412,-0.002904733,-0.002317499,,novatel_oem7_msgs.msg.SolutionStatus(status=0),novatel_oem7_msgs.msg.PositionOrVelocityType(type=53)
1786043707411169424,1786043707.410542394,/novatel/oem7/bestvel,/novatel/oem7/bestpos,/novatel/oem7/bestvel,39.663,-75.756,33.181051222,0.003226655,-0.001711396,,,,176.210353587,novatel_oem7_msgs.msg.SolutionStatus(status=0),novatel_oem7_msgs.msg.PositionOrVelocityType(type=53)
1786043707415199881,1786043707.414882637,/novatel/oem7/odom,/novatel/oem7/bestpos,/novatel/oem7/odom,39.663,-75.756,33.181051222,0.003026661,-0.002317499,0.000850412,-0.002904733,-0.002317499,,,
1786043707426390576,1786043707.426100272,/novatel/oem7/inspva,/novatel/oem7/inspva,/novatel/oem7/inspva,39.663,-75.756,-1.801158146,0.002427722,-0.001266028,-0.002113261,0.001194974,-0.001266028,,novatel_oem7_msgs.msg.InertialSolutionStatus(status=3),
1786043707426968588,1786043707.426241319,/novatel/oem7/fix,/novatel/oem7/fix,/novatel/oem7/inspva,39.663,-75.756,-1.801158146,0.002427722,-0.001266028,-0.002113261,0.001194974,-0.001266028,,0,
1786043707427448010,1786043707.426634110,/novatel/oem7/odom,/novatel/oem7/fix,/novatel/oem7/odom,39.663,-75.756,-1.801158146,0.002427241,-0.001266950,0.001094449,-0.002166490,-0.001266950,,,
1786043707434763563,1786043707.434414584,/novatel/oem7/odom,/novatel/oem7/fix,/novatel/oem7/odom,39.663,-75.756,-1.801158146,0.002427241,-0.001266950,0.001094449,-0.002166490,-0.001266950,,,
1786043707445650579,1786043707.445284702,/novatel/oem7/inspva,/novatel/oem7/inspva,/novatel/oem7/inspva,39.663,-75.756,-1.801145519,0.001732821,-0.000764731,-0.001255374,0.001194447,-0.000764731,,novatel_oem7_msgs.msg.InertialSolutionStatus(status=3),
1786043707446207387,1786043707.445418014,/novatel/oem7/fix,/novatel/oem7/fix,/novatel/oem7/inspva,39.663,-75.756,-1.801145519,0.001732821,-0.000764731,-0.001255374,0.001194447,-0.000764731,,0,
1786043707446949658,1786043707.446020783,/novatel/oem7/odom,/novatel/oem7/fix,/novatel/oem7/odom,39.663,-75.756,-1.801145519,0.001733471,-0.000763256,0.001134239,-0.001310887,-0.000763256,,,
1786043707456804161,1786043707.456466010,/novatel/oem7/odom,/novatel/oem7/fix,/novatel/oem7/odom,39.663,-75.756,-1.801145519,0.001733471,-0.000763256,0.001134239,-0.001310887,-0.000763256,,,
1786043707465385852,1786043707.465117869,/novatel/oem7/inspva,/novatel/oem7/inspva,/novatel/oem7/inspva,39.663,-75.756,-1.801128141,0.001754177,-0.001307336,-0.000743292,0.001588916,-0.001307336,,novatel_oem7_msgs.msg.InertialSolutionStatus(status=3),
1786043707465953926,1786043707.465261707,/novatel/oem7/fix,/novatel/oem7/fix,/novatel/oem7/inspva,39.663,-75.756,-1.801128141,0.001754177,-0.001307336,-0.000743292,0.001588916,-0.001307336,,0,
1786043707466401307,1786043707.465659155,/novatel/oem7/odom,/novatel/oem7/fix,/novatel/oem7/odom,39.663,-75.756,-1.801128141,0.001757456,-0.001302925,0.001555732,-0.000817526,-0.001302925,,,
1786043707474866322,1786043707.474538949,/novatel/oem7/odom,/novatel/oem7/fix,/novatel/oem7/odom,39.663,-75.756,-1.801128141,0.001757456,-0.001302925,0.001555732,-0.000817526,-0.001302925,,,
1786043707486891744,1786043707.486601503,/novatel/oem7/inspva,/novatel/oem7/inspva,/novatel/oem7/inspva,39.663,-75.756,-1.801122123,0.002665073,-0.002584227,-0.002431009,0.001092157,-0.002584227,,novatel_oem7_msgs.msg.InertialSolutionStatus(status=3),
1786043707487466344,1786043707.486786171,/novatel/oem7/fix,/novatel/oem7/fix,/novatel/oem7/inspva,39.663,-75.756,-1.801122123,0.002665073,-0.002584227,-0.002431009,0.001092157,-0.002584227,,0,
1786043707487914238,1786043707.487220582,/novatel/oem7/odom,/novatel/oem7/fix,/novatel/oem7/odom,39.663,-75.756,-1.801122123,0.002662983,-0.002586381,0.000981556,-0.002475485,-0.002586381,,,
1786043707495444657,1786043707.495116397,/novatel/oem7/odom,/novatel/oem7/fix,/novatel/oem7/odom,39.663,-75.756,-1.801122123,0.002662983,-0.002586381,0.000981556,-0.002475485,-0.002586381,,,
1786043707506413868,1786043707.506065822,/novatel/oem7/inspva,/novatel/oem7/inspva,/novatel/oem7/inspva,39.663,-75.756,-1.801080589,0.002667364,-0.001949401,-0.002307213,0.001338506,-0.001949401,,novatel_oem7_msgs.msg.InertialSolutionStatus(status=3),
1786043707506967174,1786043707.506228264,/novatel/oem7/fix,/novatel/oem7/fix,/novatel/oem7/inspva,39.663,-75.756,-1.801080589,0.002667364,-0.001949401,-0.002307213,0.001338506,-0.001949401,,0,
1786043707507427926,1786043707.506687445,/novatel/oem7/odom,/novatel/oem7/fix,/novatel/oem7/odom,39.663,-75.756,-1.801080589,0.002666764,-0.001950220,0.001231069,-0.002365608,-0.001950220,,,
1786043707511878691,1786043707.511399212,/novatel/oem7/bestpos,/novatel/oem7/bestpos,/novatel/oem7/odom,39.663,-75.756,33.181178660,0.002666764,-0.001950220,0.001231069,-0.002365608,-0.001950220,,novatel_oem7_msgs.msg.SolutionStatus(status=0),novatel_oem7_msgs.msg.PositionOrVelocityType(type=53)
1786043707512489479,1786043707.512195327,/novatel/oem7/bestvel,/novatel/oem7/bestpos,/novatel/oem7/bestvel,39.663,-75.756,33.181178660,0.003058411,-0.000717897,,,,184.014008831,novatel_oem7_msgs.msg.SolutionStatus(status=0),novatel_oem7_msgs.msg.PositionOrVelocityType(type=53)
1786043707516138700,1786043707.515824766,/novatel/oem7/odom,/novatel/oem7/bestpos,/novatel/oem7/odom,39.663,-75.756,33.181178660,0.002666764,-0.001950220,0.001231069,-0.002365608,-0.001950220,,,
1786043707525792016,1786043707.525523242,/novatel/oem7/inspva,/novatel/oem7/inspva,/novatel/oem7/inspva,39.663,-75.756,-1.801053431,0.002564349,0.000083201,-0.001853449,0.001772178,0.000083201,,novatel_oem7_msgs.msg.InertialSolutionStatus(status=3),
1786043707526347959,1786043707.525686804,/novatel/oem7/fix,/novatel/oem7/fix,/novatel/oem7/inspva,39.663,-75.756,-1.801053431,0.002564349,0.000083201,-0.001853449,0.001772178,0.000083201,,0,
1786043707526989504,1786043707.526537369,/novatel/oem7/odom,/novatel/oem7/fix,/novatel/oem7/odom,39.663,-75.756,-1.801053431,0.002564277,0.000085420,0.001678149,-0.001938899,0.000085420,,,
1786043707535499070,1786043707.535170275,/novatel/oem7/odom,/novatel/oem7/fix,/novatel/oem7/odom,39.663,-75.756,-1.801053431,0.002564277,0.000085420,0.001678149,-0.001938899,0.000085420,,,
1786043707546543508,1786043707.546241011,/novatel/oem7/inspva,/novatel/oem7/inspva,/novatel/oem7/inspva,39.663,-75.756,-1.801035685,0.002625620,-0.000679801,-0.001488016,0.002163259,-0.000679801,,novatel_oem7_msgs.msg.InertialSolutionStatus(status=3),
1786043707547099535,1786043707.546415950,/novatel/oem7/fix,/novatel/oem7/fix,/novatel/oem7/inspva,39.663,-75.756,-1.801035685,0.002625620,-0.000679801,-0.001488016,0.002163259,-0.000679801,,0,
1786043707547757415,1786043707.546952168,/novatel/oem7/odom,/novatel/oem7/fix,/novatel/oem7/odom,39.663,-75.756,-1.801035685,0.002626857,-0.000675005,0.002090001,-0.001591312,-0.000675005,,,
1786043707556237321,1786043707.555897194,/novatel/oem7/odom,/novatel/oem7/fix,/novatel/oem7/odom,39.663,-75.756,-1.801035685,0.002626857,-0.000675005,0.002090001,-0.001591312,-0.000675005,,,
1786043707565640656,1786043707.565365435,/novatel/oem7/inspva,/novatel/oem7/inspva,/novatel/oem7/inspva,39.663,-75.756,-1.801030669,0.001683364,-0.002393183,-0.001516495,0.000730725,-0.002393183,,novatel_oem7_msgs.msg.InertialSolutionStatus(status=3),
1786043707566196019,1786043707.565529550,/novatel/oem7/fix,/novatel/oem7/fix,/novatel/oem7/inspva,39.663,-75.756,-1.801030669,0.001683364,-0.002393183,-0.001516495,0.000730725,-0.002393183,,0,
1786043707566839285,1786043707.566129736,/novatel/oem7/odom,/novatel/oem7/fix,/novatel/oem7/odom,39.663,-75.756,-1.801030669,0.001681784,-0.002394294,0.000664965,-0.001544739,-0.002394294,,,
1786043707576347772,1786043707.576016074,/novatel/oem7/odom,/novatel/oem7/fix,/novatel/oem7/odom,39.663,-75.756,-1.801030669,0.001681784,-0.002394294,0.000664965,-0.001544739,-0.002394294,,,
1786043707586234005,1786043707.585931842,/novatel/oem7/inspva,/novatel/oem7/inspva,/novatel/oem7/inspva,39.663,-75.756,-1.800989468,0.002196587,-0.001821286,-0.001685991,0.001407987,-0.001821286,,novatel_oem7_msgs.msg.InertialSolutionStatus(status=3),
1786043707586801055,1786043707.586094324,/novatel/oem7/fix,/novatel/oem7/fix,/novatel/oem7/inspva,39.663,-75.756,-1.800989468,0.002196587,-0.001821286,-0.001685991,0.001407987,-0.001821286,,0,
1786043707587478637,1786043707.586613119,/novatel/oem7/odom,/novatel/oem7/fix,/novatel/oem7/odom,39.663,-75.756,-1.800989468,0.002197558,-0.001820115,0.001330645,-0.001748898,-0.001820115,,,
1786043707594657998,1786043707.594342893,/novatel/oem7/odom,/novatel/oem7/fix,/novatel/oem7/odom,39.663,-75.756,-1.800989468,0.002197558,-0.001820115,0.001330645,-0.001748898,-0.001820115,,,
1786043707606853156,1786043707.606569454,/novatel/oem7/inspva,/novatel/oem7/inspva,/novatel/oem7/inspva,39.663,-75.756,-1.800956354,0.002834804,0.000158974,-0.002139684,0.001859533,0.000158974,,novatel_oem7_msgs.msg.InertialSolutionStatus(status=3),
1786043707607605011,1786043707.606704709,/novatel/oem7/fix,/novatel/oem7/fix,/novatel/oem7/inspva,39.663,-75.756,-1.800956354,0.002834804,0.000158974,-0.002139684,0.001859533,0.000158974,,0,
1786043707608353101,1786043707.607236406,/novatel/oem7/odom,/novatel/oem7/fix,/novatel/oem7/odom,39.663,-75.756,-1.800956354,0.002834703,0.000160759,0.001750926,-0.002229304,0.000160759,,,
1786043707610867752,1786043707.610399442,/novatel/oem7/bestpos,/novatel/oem7/bestpos,/novatel/oem7/odom,39.663,-75.756,33.181277872,0.002834703,0.000160759,0.001750926,-0.002229304,0.000160759,,novatel_oem7_msgs.msg.SolutionStatus(status=0),novatel_oem7_msgs.msg.PositionOrVelocityType(type=53)
1786043707611469275,1786043707.610859887,/novatel/oem7/bestvel,/novatel/oem7/bestpos,/novatel/oem7/bestvel,39.663,-75.756,33.181277872,0.002824296,-0.000348686,,,,125.737143471,novatel_oem7_msgs.msg.SolutionStatus(status=0),novatel_oem7_msgs.msg.PositionOrVelocityType(type=53)
1786043707615324936,1786043707.615004851,/novatel/oem7/odom,/novatel/oem7/bestpos,/novatel/oem7/odom,39.663,-75.756,33.181277872,0.002834703,0.000160759,0.001750926,-0.002229304,0.000160759,,,
1786043707625227497,1786043707.624931230,/novatel/oem7/inspva,/novatel/oem7/inspva,/novatel/oem7/inspva,39.663,-75.756,-1.800941330,0.002405685,-0.000192424,-0.001461993,0.001910470,-0.000192424,,novatel_oem7_msgs.msg.InertialSolutionStatus(status=3),
1786043707625795919,1786043707.625082434,/novatel/oem7/fix,/novatel/oem7/fix,/novatel/oem7/inspva,39.663,-75.756,-1.800941330,0.002405685,-0.000192424,-0.001461993,0.001910470,-0.000192424,,0,
1786043707626244727,1786043707.625436615,/novatel/oem7/odom,/novatel/oem7/fix,/novatel/oem7/odom,39.663,-75.756,-1.800941330,0.002405987,-0.000188610,0.001836748,-0.001554069,-0.000188610,,,
1786043707635679580,1786043707.635363210,/novatel/oem7/odom,/novatel/oem7/fix,/novatel/oem7/odom,39.663,-75.756,-1.800941330,0.002405987,-0.000188610,0.001836748,-0.001554069,-0.000188610,,,
1786043707645570928,1786043707.645277495,/novatel/oem7/inspva,/novatel/oem7/inspva,/novatel/oem7/inspva,39.663,-75.756,-1.800948645,0.001102301,-0.002710151,-0.000823626,0.000732604,-0.002710151,,novatel_oem7_msgs.msg.InertialSolutionStatus(status=3),
1786043707646583792,1786043707.645454880,/novatel/oem7/fix,/novatel/oem7/fix,/novatel/oem7/inspva,39.663,-75.756,-1.800948645,0.001102301,-0.002710151,-0.000823626,0.000732604,-0.002710151,,0,
1786043707647636368,1786043707.646088803,/novatel/oem7/odom,/novatel/oem7/fix,/novatel/oem7/odom,39.663,-75.756,-1.800948645,0.001104199,-0.002709379,0.000702411,-0.000851982,-0.002709379,,,
1786043707657150147,1786043707.656521634,/novatel/oem7/odom,/novatel/oem7/fix,/novatel/oem7/odom,39.663,-75.756,-1.800948645,0.001104199,-0.002709379,0.000702411,-0.000851982,-0.002709379,,,
1786043707666549476,1786043707.666017691,/novatel/oem7/inspva,/novatel/oem7/inspva,/novatel/oem7/inspva,39.663,-75.756,-1.800914657,0.001299660,-0.002033827,-0.001221460,0.000444018,-0.002033827,,novatel_oem7_msgs.msg.InertialSolutionStatus(status=3),
1786043707667861733,1786043707.666173426,/novatel/oem7/fix,/novatel/oem7/fix,/novatel/oem7/inspva,39.663,-75.756,-1.800914657,0.001299660,-0.002033827,-0.001221460,0.000444018,-0.002033827,,0,
1786043707668896823,1786043707.666542676,/novatel/oem7/odom,/novatel/oem7/fix,/novatel/oem7/odom,39.663,-75.756,-1.800914657,0.001297344,-0.002035305,0.000391708,-0.001236797,-0.002035305,,,
1786043707674919907,1786043707.674595140,/novatel/oem7/odom,/novatel/oem7/fix,/novatel/oem7/odom,39.663,-75.756,-1.800914657,0.001297344,-0.002035305,0.000391708,-0.001236797,-0.002035305,,,
1786043707685710423,1786043707.685435411,/novatel/oem7/inspva,/novatel/oem7/inspva,/novatel/oem7/inspva,39.663,-75.756,-1.800892723,0.003439422,-0.000686122,-0.002319263,0.002539812,-0.000686122,,novatel_oem7_msgs.msg.InertialSolutionStatus(status=3),
1786043707686267001,1786043707.685599609,/novatel/oem7/fix,/novatel/oem7/fix,/novatel/oem7/inspva,39.663,-75.756,-1.800892723,0.003439422,-0.000686122,-0.002319263,0.002539812,-0.000686122,,0,
1786043707686902941,1786043707.686315813,/novatel/oem7/odom,/novatel/oem7/fix,/novatel/oem7/odom,39.663,-75.756,-1.800892723,0.003440223,-0.000682095,0.002425055,-0.002440132,-0.000682095,,,
1786043707695952022,1786043707.695546754,/novatel/oem7/odom,/novatel/oem7/fix,/novatel/oem7/odom,39.663,-75.756,-1.800892723,0.003440223,-0.000682095,0.002425055,-0.002440132,-0.000682095,,,
1786043707706402158,1786043707.706020182,/novatel/oem7/inspva,/novatel/oem7/inspva,/novatel/oem7/inspva,39.663,-75.756,-1.800875171,0.002705695,-0.000295633,-0.002164567,0.001623402,-0.000295633,,novatel_oem7_msgs.msg.InertialSolutionStatus(status=3),
1786043707706967636,1786043707.706183170,/novatel/oem7/fix,/novatel/oem7/fix,/novatel/oem7/inspva,39.663,-75.756,-1.800875171,0.002705695,-0.000295633,-0.002164567,0.001623402,-0.000295633,,0,
1786043707707429851,1786043707.706630358,/novatel/oem7/odom,/novatel/oem7/fix,/novatel/oem7/odom,39.663,-75.756,-1.800875171,0.002705772,-0.000294920,0.001515783,-0.002241340,-0.000294920,,,
1786043707710282201,1786043707.709987951,/novatel/oem7/bestpos,/novatel/oem7/bestpos,/novatel/oem7/odom,39.663,-75.756,33.181346085,0.002705772,-0.000294920,0.001515783,-0.002241340,-0.000294920,,novatel_oem7_msgs.msg.SolutionStatus(status=0),novatel_oem7_msgs.msg.PositionOrVelocityType(type=53)
1786043707711031591,1786043707.710644811,/novatel/oem7/bestvel,/novatel/oem7/bestpos,/novatel/oem7/bestvel,39.663,-75.756,33.181346085,0.002837018,-0.000836391,,,,128.450843234,novatel_oem7_msgs.msg.SolutionStatus(status=0),novatel_oem7_msgs.msg.PositionOrVelocityType(type=53)
1786043707714893606,1786043707.714557480,/novatel/oem7/odom,/novatel/oem7/bestpos,/novatel/oem7/odom,39.663,-75.756,33.181346085,0.002705772,-0.000294920,0.001515783,-0.002241340,-0.000294920,,,
1786043707727073504,1786043707.726795505,/novatel/oem7/inspva,/novatel/oem7/inspva,/novatel/oem7/inspva,39.663,-75.756,-1.800884007,0.000631696,-0.001897892,-0.000630209,0.000043308,-0.001897892,,novatel_oem7_msgs.msg.InertialSolutionStatus(status=3),
1786043707727639404,1786043707.726967740,/novatel/oem7/fix,/novatel/oem7/fix,/novatel/oem7/inspva,39.663,-75.756,-1.800884007,0.000631696,-0.001897892,-0.000630209,0.000043308,-0.001897892,,0,
1786043707728263762,1786043707.727442371,/novatel/oem7/odom,/novatel/oem7/fix,/novatel/oem7/odom,39.663,-75.756,-1.800884007,0.000627098,-0.001899416,0.000020139,-0.000626774,-0.001899416,,,
1786043707737375963,1786043707.736540505,/novatel/oem7/odom,/novatel/oem7/fix,/novatel/oem7/odom,39.663,-75.756,-1.800884007,0.000627098,-0.001899416,0.000020139,-0.000626774,-0.001899416,,,
1786043707745538347,1786043707.745164131,/novatel/oem7/inspva,/novatel/oem7/inspva,/novatel/oem7/inspva,39.663,-75.756,-1.800854892,0.001497845,-0.001792929,-0.001389197,0.000560065,-0.001792929,,novatel_oem7_msgs.msg.InertialSolutionStatus(status=3),
1786043707746156707,1786043707.745311652,/novatel/oem7/fix,/novatel/oem7/fix,/novatel/oem7/inspva,39.663,-75.756,-1.800854892,0.001497845,-0.001792929,-0.001389197,0.000560065,-0.001792929,,0,
1786043707746625623,1786043707.745709059,/novatel/oem7/odom,/novatel/oem7/fix,/novatel/oem7/odom,39.663,-75.756,-1.800854892,0.001496091,-0.001794393,0.000498333,-0.001410657,-0.001794393,,,
1786043707755930779,1786043707.755591969,/novatel/oem7/odom,/novatel/oem7/fix,/novatel/oem7/odom,39.663,-75.756,-1.800854892,0.001496091,-0.001794393,0.000498333,-0.001410657,-0.001794393,,,
1786043707766903845,1786043707.766560326,/novatel/oem7/inspva,/novatel/oem7/inspva,/novatel/oem7/inspva,39.663,-75.756,-1.800820614,0.003179679,0.000036358,-0.002776490,0.001549665,0.000036358,,novatel_oem7_msgs.msg.InertialSolutionStatus(status=3),
1786043707767546626,1786043707.766744478,/novatel/oem7/fix,/novatel/oem7/fix,/novatel/oem7/inspva,39.663,-75.756,-1.800820614,0.003179679,0.000036358,-0.002776490,0.001549665,0.000036358,,0,
1786043707767996804,1786043707.767144042,/novatel/oem7/odom,/novatel/oem7/fix,/novatel/oem7/odom,39.663,-75.756,-1.800820614,0.003179693,0.000035087,0.001410520,-0.002849716,0.000035087,,,
1786043707774967105,1786043707.774583559,/novatel/oem7/odom,/novatel/oem7/fix,/novatel/oem7/odom,39.663,-75.756,-1.800820614,0.003179693,0.000035087,0.001410520,-0.002849716,0.000035087,,,
1786043707786452380,1786043707.785985726,/novatel/oem7/inspva,/novatel/oem7/inspva,/novatel/oem7/inspva,39.663,-75.756,-1.800804459,0.003672488,-0.000331758,-0.002877842,0.002281489,-0.000331758,,novatel_oem7_msgs.msg.InertialSolutionStatus(status=3),
1786043707787044425,1786043707.786188738,/novatel/oem7/fix,/novatel/oem7/fix,/novatel/oem7/inspva,39.663,-75.756,-1.800804459,0.003672488,-0.000331758,-0.002877842,0.002281489,-0.000331758,,0,
1786043707787515378,1786043707.786473787,/novatel/oem7/odom,/novatel/oem7/fix,/novatel/oem7/odom,39.663,-75.756,-1.800804459,0.003672614,-0.000330364,0.002137963,-0.002986170,-0.000330364,,,
1786043707794820721,1786043707.794489263,/novatel/oem7/odom,/novatel/oem7/fix,/novatel/oem7/odom,39.663,-75.756,-1.800804459,0.003672614,-0.000330364,0.002137963,-0.002986170,-0.000330364,,,
1786043707806743412,1786043707.806369455,/novatel/oem7/inspva,/novatel/oem7/inspva,/novatel/oem7/inspva,39.663,-75.756,-1.800803741,0.000697469,-0.000965057,-0.000593940,0.000365646,-0.000965057,,novatel_oem7_msgs.msg.InertialSolutionStatus(status=3),
1786043707807391626,1786043707.806572587,/novatel/oem7/fix,/novatel/oem7/fix,/novatel/oem7/inspva,39.663,-75.756,-1.800803741,0.000697469,-0.000965057,-0.000593940,0.000365646,-0.000965057,,0,
1786043707807865270,1786043707.807082709,/novatel/oem7/odom,/novatel/oem7/fix,/novatel/oem7/odom,39.663,-75.756,-1.800803741,0.000697295,-0.000965183,0.000339958,-0.000608809,-0.000965183,,,
1786043707810697122,1786043707.810303168,/novatel/oem7/bestpos,/novatel/oem7/bestpos,/novatel/oem7/odom,39.663,-75.756,33.181409398,0.000697295,-0.000965183,0.000339958,-0.000608809,-0.000965183,,novatel_oem7_msgs.msg.SolutionStatus(status=0),novatel_oem7_msgs.msg.PositionOrVelocityType(type=53)
1786043707811314823,1786043707.810749508,/novatel/oem7/bestvel,/novatel/oem7/bestpos,/novatel/oem7/bestvel,39.663,-75.756,33.181409398,0.001234019,-0.001670600,,,,96.606853881,novatel_oem7_msgs.msg.SolutionStatus(status=0),novatel_oem7_msgs.msg.PositionOrVelocityType(type=53)
1786043707815975343,1786043707.815573150,/novatel/oem7/odom,/novatel/oem7/bestpos,/novatel/oem7/odom,39.663,-75.756,33.181409398,0.000697295,-0.000965183,0.000339958,-0.000608809,-0.000965183,,,
1786043707826293759,1786043707.825919536,/novatel/oem7/inspva,/novatel/oem7/inspva,/novatel/oem7/inspva,39.663,-75.756,-1.800787176,0.001082756,-0.001856328,-0.001075378,0.000126187,-0.001856328,,novatel_oem7_msgs.msg.InertialSolutionStatus(status=3),
1786043707826880672,1786043707.826117878,/novatel/oem7/fix,/novatel/oem7/fix,/novatel/oem7/inspva,39.663,-75.756,-1.800787176,0.001082756,-0.001856328,-0.001075378,0.000126187,-0.001856328,,0,
1786043707827371808,1786043707.826596069,/novatel/oem7/odom,/novatel/oem7/fix,/novatel/oem7/odom,39.663,-75.756,-1.800787176,0.001078630,-0.001858728,0.000080776,-0.001075602,-0.001858728,,,
1786043707834757909,1786043707.834371867,/novatel/oem7/odom,/novatel/oem7/fix,/novatel/oem7/odom,39.663,-75.756,-1.800787176,0.001078630,-0.001858728,0.000080776,-0.001075602,-0.001858728,,,
1786043707845568735,1786043707.845264278,/novatel/oem7/inspva,/novatel/oem7/inspva,/novatel/oem7/inspva,39.663,-75.756,-1.800765562,0.002823034,-0.000679208,-0.002729329,0.000721309,-0.000679208,,novatel_oem7_msgs.msg.InertialSolutionStatus(status=3),
1786043707846161964,1786043707.845502690,/novatel/oem7/fix,/novatel/oem7/fix,/novatel/oem7/inspva,39.663,-75.756,-1.800765562,0.002823034,-0.000679208,-0.002729329,0.000721309,-0.000679208,,0,
1786043707846843303,1786043707.846058409,/novatel/oem7/odom,/novatel/oem7/fix,/novatel/oem7/odom,39.663,-75.756,-1.800765562,0.002821949,-0.000683703,0.000588476,-0.002759908,-0.000683703,,,
1786043707857048504,1786043707.856602434,/novatel/oem7/odom,/novatel/oem7/fix,/novatel/oem7/odom,39.663,-75.756,-1.800765562,0.002821949,-0.000683703,0.000588476,-0.002759908,-0.000683703,,,
1786043707865333875,1786043707.865074658,/novatel/oem7/inspva,/novatel/oem7/inspva,/novatel/oem7/inspva,39.663,-75.756,-1.800750104,0.003388572,-0.000260734,-0.002804319,0.001902160,-0.000260734,,novatel_oem7_msgs.msg.InertialSolutionStatus(status=3),
1786043707865896221,1786043707.865283744,/novatel/oem7/fix,/novatel/oem7/fix,/novatel/oem7/inspva,39.663,-75.756,-1.800750104,0.003388572,-0.000260734,-0.002804319,0.001902160,-0.000260734,,0,
1786043707866545779,1786043707.865703504,/novatel/oem7/odom,/novatel/oem7/fix,/novatel/oem7/odom,39.663,-75.756,-1.800750104,0.003388573,-0.000260725,0.001762435,-0.002894174,-0.000260725,,,
1786043707874794386,1786043707.874347557,/novatel/oem7/odom,/novatel/oem7/fix,/novatel/oem7/odom,39.663,-75.756,-1.800750104,0.003388573,-0.000260725,0.001762435,-0.002894174,-0.000260725,,,
1786043707886683296,1786043707.886390046,/novatel/oem7/inspva,/novatel/oem7/inspva,/novatel/oem7/inspva,39.663,-75.756,-1.800753412,0.001817075,-0.001118781,-0.001385925,0.001175147,-0.001118781,,novatel_oem7_msgs.msg.InertialSolutionStatus(status=3),
1786043707887284297,1786043707.886589158,/novatel/oem7/fix,/novatel/oem7/fix,/novatel/oem7/inspva,39.663,-75.756,-1.800753412,0.001817075,-0.001118781,-0.001385925,0.001175147,-0.001118781,,0,
1786043707887747776,1786043707.886947425,/novatel/oem7/odom,/novatel/oem7/fix,/novatel/oem7/odom,39.663,-75.756,-1.800753412,0.001817686,-0.001117788,0.001110010,-0.001439396,-0.001117788,,,
1786043707895382681,1786043707.895034315,/novatel/oem7/odom,/novatel/oem7/fix,/novatel/oem7/odom,39.663,-75.756,-1.800753412,0.001817686,-0.001117788,0.001110010,-0.001439396,-0.001117788,,,
1786043707906090485,1786043707.905817899,/novatel/oem7/inspva,/novatel/oem7/inspva,/novatel/oem7/inspva,39.663,-75.756,-1.800736234,0.001127526,-0.001169321,-0.001037688,0.000441043,-0.001169321,,novatel_oem7_msgs.msg.InertialSolutionStatus(status=3),
1786043707906692174,1786043707.905999301,/novatel/oem7/fix,/novatel/oem7/fix,/novatel/oem7/inspva,39.663,-75.756,-1.800736234,0.001127526,-0.001169321,-0.001037688,0.000441043,-0.001169321,,0,
1786043707907171617,1786043707.906465593,/novatel/oem7/odom,/novatel/oem7/fix,/novatel/oem7/odom,39.663,-75.756,-1.800736234,0.001126435,-0.001170372,0.000394201,-0.001055207,-0.001170372,,,
1786043707909819514,1786043707.909477143,/novatel/oem7/bestpos,/novatel/oem7/bestpos,/novatel/oem7/odom,39.663,-75.756,33.181481528,0.001126435,-0.001170372,0.000394201,-0.001055207,-0.001170372,,novatel_oem7_msgs.msg.SolutionStatus(status=0),novatel_oem7_msgs.msg.PositionOrVelocityType(type=53)
1786043707910477886,1786043707.910135689,/novatel/oem7/bestvel,/novatel/oem7/bestpos,/novatel/oem7/bestvel,39.663,-75.756,33.181481528,0.001563394,-0.001202348,,,,147.955638062,novatel_oem7_msgs.msg.SolutionStatus(status=0),novatel_oem7_msgs.msg.PositionOrVelocityType(type=53)
1786043707915023396,1786043707.914682071,/novatel/oem7/odom,/novatel/oem7/bestpos,/novatel/oem7/odom,39.663,-75.756,33.181481528,0.001126435,-0.001170372,0.000394201,-0.001055207,-0.001170372,,,
1786043707925965703,1786043707.925489822,/novatel/oem7/inspva,/novatel/oem7/inspva,/novatel/oem7/inspva,39.663,-75.756,-1.800730376,0.002860014,-0.001799164,-0.002723664,0.000872543,-0.001799164,,novatel_oem7_msgs.msg.InertialSolutionStatus(status=3),
1786043707926646321,1786043707.925745420,/novatel/oem7/fix,/novatel/oem7/fix,/novatel/oem7/inspva,39.663,-75.756,-1.800730376,0.002860014,-0.001799164,-0.002723664,0.000872543,-0.001799164,,0,
1786043707927132799,1786043707.926238805,/novatel/oem7/odom,/novatel/oem7/fix,/novatel/oem7/odom,39.663,-75.756,-1.800730376,0.002857516,-0.001803128,0.000744493,-0.002758827,-0.001803128,,,
1786043707935455007,1786043707.935086657,/novatel/oem7/odom,/novatel/oem7/fix,/novatel/oem7/odom,39.663,-75.756,-1.800730376,0.002857516,-0.001803128,0.000744493,-0.002758827,-0.001803128,,,
1786043707946564172,1786043707.946156960,/novatel/oem7/inspva,/novatel/oem7/inspva,/novatel/oem7/inspva,39.663,-75.756,-1.800706165,0.003067630,-0.000946240,-0.002529238,0.001735889,-0.000946240,,novatel_oem7_msgs.msg.InertialSolutionStatus(status=3),
1786043707947222815,1786043707.946318028,/novatel/oem7/fix,/novatel/oem7/fix,/novatel/oem7/inspva,39.663,-75.756,-1.800706165,0.003067630,-0.000946240,-0.002529238,0.001735889,-0.000946240,,0,
1786043707947717622,1786043707.946729573,/novatel/oem7/odom,/novatel/oem7/fix,/novatel/oem7/odom,39.663,-75.756,-1.800706165,0.003067651,-0.000946172,0.001612837,-0.002609452,-0.000946172,,,
1786043707956092033,1786043707.955698045,/novatel/oem7/odom,/novatel/oem7/fix,/novatel/oem7/odom,39.663,-75.756,-1.800706165,0.003067651,-0.000946172,0.001612837,-0.002609452,-0.000946172,,,
1786043707965830441,1786043707.965332537,/novatel/oem7/inspva,/novatel/oem7/inspva,/novatel/oem7/inspva,39.663,-75.756,-1.800693505,0.002344407,0.000096279,-0.001681699,0.001633441,0.000096279,,novatel_oem7_msgs.msg.InertialSolutionStatus(status=3),
1786043707966505500,1786043707.965524202,/novatel/oem7/fix,/novatel/oem7/fix,/novatel/oem7/inspva,39.663,-75.756,-1.800693505,0.002344407,0.000096279,-0.001681699,0.001633441,0.000096279,,0,
1786043707967003975,1786043707.966142529,/novatel/oem7/odom,/novatel/oem7/fix,/novatel/oem7/odom,39.663,-75.756,-1.800693505,0.002344322,0.000098331,0.001547980,-0.001760569,0.000098331,,,
1786043707975862386,1786043707.975342330,/novatel/oem7/odom,/novatel/oem7/fix,/novatel/oem7/odom,39.663,-75.756,-1.800693505,0.002344322,0.000098331,0.001547980,-0.001760569,0.000098331,,,
1786043707985583848,1786043707.985242326,/novatel/oem7/inspva,/novatel/oem7/inspva,/novatel/oem7/inspva,39.663,-75.756,-1.800678574,0.001496188,-0.000588468,-0.000913672,0.001184813,-0.000588468,,novatel_oem7_msgs.msg.InertialSolutionStatus(status=3),
1786043707986830104,1786043707.985319695,/novatel/oem7/fix,/novatel/oem7/fix,/novatel/oem7/inspva,39.663,-75.756,-1.800678574,0.001496188,-0.000588468,-0.000913672,0.001184813,-0.000588468,,0,
1786043707987873071,1786043707.985712243,/novatel/oem7/odom,/novatel/oem7/fix,/novatel/oem7/odom,39.663,-75.756,-1.800678574,0.001497108,-0.000586125,0.001140725,-0.000969577,-0.000586125,,,
1786043707994832453,1786043707.994436783,/novatel/oem7/odom,/novatel/oem7/fix,/novatel/oem7/odom,39.663,-75.756,-1.800678574,0.001497108,-0.000586125,0.001140725,-0.000969577,-0.000586125,,,
1786043708008894403,1786043708.008578708,/novatel/oem7/inspva,/novatel/oem7/inspva,/novatel/oem7/inspva,39.663,-75.756,-1.800687510,0.002157017,-0.002554074,-0.001733250,0.001283965,-0.002554074,,novatel_oem7_msgs.msg.InertialSolutionStatus(status=3),
1786043708009490720,1786043708.008655993,/novatel/oem7/fix,/novatel/oem7/fix,/novatel/oem7/inspva,39.663,-75.756,-1.800687510,0.002157017,-0.002554074,-0.001733250,0.001283965,-0.002554074,,0,
1786043708011912545,1786043708.011511466,/novatel/oem7/odom,/novatel/oem7/fix,/novatel/oem7/odom,39.663,-75.756,-1.800687510,0.002157575,-0.002553602,0.001207497,-0.001788039,-0.002553602,,,
1786043708015190544,1786043708.014825759,/novatel/oem7/odom,/novatel/oem7/fix,/novatel/oem7/odom,39.663,-75.756,-1.800687510,0.002157575,-0.002553602,0.001207497,-0.001788039,-0.002553602,,,
1786043708027465948,1786043708.027136339,/novatel/oem7/bestpos,/novatel/oem7/bestpos,/novatel/oem7/odom,39.663,-75.756,33.181551027,0.002157575,-0.002553602,0.001207497,-0.001788039,-0.002553602,,novatel_oem7_msgs.msg.SolutionStatus(status=0),novatel_oem7_msgs.msg.PositionOrVelocityType(type=53)
1786043708028106437,1786043708.027544801,/novatel/oem7/bestvel,/novatel/oem7/bestpos,/novatel/oem7/bestvel,39.663,-75.756,33.181551027,0.002229283,-0.001791946,,,,171.356363112,novatel_oem7_msgs.msg.SolutionStatus(status=0),novatel_oem7_msgs.msg.PositionOrVelocityType(type=53)
1786043708028785390,1786043708.028083051,/novatel/oem7/inspva,/novatel/oem7/inspva,/novatel/oem7/inspva,39.663,-75.756,-1.800668388,0.002711943,-0.002406347,-0.002206271,0.001577023,-0.002406347,,novatel_oem7_msgs.msg.InertialSolutionStatus(status=3),
1786043708029185359,1786043708.028223255,/novatel/oem7/fix,/novatel/oem7/fix,/novatel/oem7/inspva,39.663,-75.756,-1.800668388,0.002711943,-0.002406347,-0.002206271,0.001577023,-0.002406347,,0,
1786043708029865729,1786043708.028640966,/novatel/oem7/odom,/novatel/oem7/fix,/novatel/oem7/odom,39.663,-75.756,-1.800668388,0.002712270,-0.002405979,0.001476240,-0.002275329,-0.002405979,,,
1786043708035477940,1786043708.035105580,/novatel/oem7/odom,/novatel/oem7/fix,/novatel/oem7/odom,39.663,-75.756,-1.800668388,0.002712270,-0.002405979,0.001476240,-0.002275329,-0.002405979,,,
1786043708045712011,1786043708.045348235,/novatel/oem7/inspva,/novatel/oem7/inspva,/novatel/oem7/inspva,39.663,-75.756,-1.800632128,0.002043767,0.000845243,-0.001209751,0.001647266,0.000845243,,novatel_oem7_msgs.msg.InertialSolutionStatus(status=3),
1786043708046338074,1786043708.045491562,/novatel/oem7/fix,/novatel/oem7/fix,/novatel/oem7/inspva,39.663,-75.756,-1.800632128,0.002043767,0.000845243,-0.001209751,0.001647266,0.000845243,,0,
1786043708046821201,1786043708.046009675,/novatel/oem7/odom,/novatel/oem7/fix,/novatel/oem7/odom,39.663,-75.756,-1.800632128,0.002042348,0.000848665,0.001581877,-0.001291841,0.000848665,,,
1786043708058647007,1786043708.057775636,/novatel/oem7/odom,/novatel/oem7/fix,/novatel/oem7/odom,39.663,-75.756,-1.800632128,0.002042348,0.000848665,0.001581877,-0.001291841,0.000848665,,,
1786043708066824488,1786043708.066231313,/novatel/oem7/inspva,/novatel/oem7/inspva,/novatel/oem7/inspva,39.663,-75.756,-1.800630621,0.001542968,0.000013917,-0.000772333,0.001335759,0.000013917,,novatel_oem7_msgs.msg.InertialSolutionStatus(status=3),
1786043708068192595,1786043708.066449578,/novatel/oem7/fix,/novatel/oem7/fix,/novatel/oem7/inspva,39.663,-75.756,-1.800630621,0.001542968,0.000013917,-0.000772333,0.001335759,0.000013917,,0,
1786043708069270320,1786043708.066929516,/novatel/oem7/odom,/novatel/oem7/fix,/novatel/oem7/odom,39.663,-75.756,-1.800630621,0.001542933,0.000017293,0.001295899,-0.000837431,0.000017293,,,
1786043708075301860,1786043708.074568105,/novatel/oem7/odom,/novatel/oem7/fix,/novatel/oem7/odom,39.663,-75.756,-1.800630621,0.001542933,0.000017293,0.001295899,-0.000837431,0.000017293,,,
1786043708085932035,1786043708.085389623,/novatel/oem7/inspva,/novatel/oem7/inspva,/novatel/oem7/inspva,39.663,-75.756,-1.800646457,0.000914497,-0.002770556,-0.000380665,0.000831504,-0.002770556,,novatel_oem7_msgs.msg.InertialSolutionStatus(status=3),
1786043708087242838,1786043708.085583428,/novatel/oem7/fix,/novatel/oem7/fix,/novatel/oem7/inspva,39.663,-75.756,-1.800646457,0.000914497,-0.002770556,-0.000380665,0.000831504,-0.002770556,,0,
1786043708088299765,1786043708.086210871,/novatel/oem7/odom,/novatel/oem7/fix,/novatel/oem7/odom,39.663,-75.756,-1.800646457,0.000921720,-0.002768162,0.000823376,-0.000414271,-0.002768162,,,
1786043708096557651,1786043708.095662678,/novatel/oem7/odom,/novatel/oem7/fix,/novatel/oem7/odom,39.663,-75.756,-1.800646457,0.000921720,-0.002768162,0.000823376,-0.000414271,-0.002768162,,,
1786043708106537890,1786043708.105869543,/novatel/oem7/inspva,/novatel/oem7/inspva,/novatel/oem7/inspva,39.663,-75.756,-1.800638673,0.002072772,-0.002766138,-0.001327579,0.001591828,-0.002766138,,novatel_oem7_msgs.msg.InertialSolutionStatus(status=3),
1786043708108170719,1786043708.106111266,/novatel/oem7/fix,/novatel/oem7/fix,/novatel/oem7/inspva,39.663,-75.756,-1.800638673,0.002072772,-0.002766138,-0.001327579,0.001591828,-0.002766138,,0,
1786043708109603114,1786043708.106613781,/novatel/oem7/odom,/novatel/oem7/fix,/novatel/oem7/odom,39.663,-75.756,-1.800638673,0.002076569,-0.002763288,0.001535927,-0.001397521,-0.002763288,,,
1786043708111577916,1786043708.109550880,/novatel/oem7/bestpos,/novatel/oem7/bestpos,/novatel/oem7/odom,39.663,-75.756,33.181613791,0.002076569,-0.002763288,0.001535927,-0.001397521,-0.002763288,,novatel_oem7_msgs.msg.SolutionStatus(status=0),novatel_oem7_msgs.msg.PositionOrVelocityType(type=53)
1786043708112804425,1786043708.110206650,/novatel/oem7/bestvel,/novatel/oem7/bestpos,/novatel/oem7/bestvel,39.663,-75.756,33.181613791,0.001747476,-0.002464062,,,,142.330154309,novatel_oem7_msgs.msg.SolutionStatus(status=0),novatel_oem7_msgs.msg.PositionOrVelocityType(type=53)
1786043708115318580,1786043708.114639337,/novatel/oem7/odom,/novatel/oem7/bestpos,/novatel/oem7/odom,39.663,-75.756,33.181613791,0.002076569,-0.002763288,0.001535927,-0.001397521,-0.002763288,,,
1786043708127686976,1786043708.126812748,/novatel/oem7/inspva,/novatel/oem7/inspva,/novatel/oem7/inspva,39.663,-75.756,-1.800611204,0.002795874,0.000606584,-0.001828695,0.002114896,0.000606584,,novatel_oem7_msgs.msg.InertialSolutionStatus(status=3),
1786043708129297509,1786043708.127080694,/novatel/oem7/fix,/novatel/oem7/fix,/novatel/oem7/inspva,39.663,-75.756,-1.800611204,0.002795874,0.000606584,-0.001828695,0.002114896,0.000606584,,0,
1786043708130499868,1786043708.127559422,/novatel/oem7/odom,/novatel/oem7/fix,/novatel/oem7/odom,39.663,-75.756,-1.800611204,0.002795093,0.000610172,0.002019416,-0.001932486,0.000610172,,,
1786043708135435443,1786043708.134783151,/novatel/oem7/odom,/novatel/oem7/fix,/novatel/oem7/odom,39.663,-75.756,-1.800611204,0.002795093,0.000610172,0.002019416,-0.001932486,0.000610172,,,
1786043708145816156,1786043708.145228077,/novatel/oem7/inspva,/novatel/oem7/inspva,/novatel/oem7/inspva,39.663,-75.756,-1.800611394,0.001940769,0.000359718,-0.001404010,0.001339903,0.000359718,,novatel_oem7_msgs.msg.InertialSolutionStatus(status=3),
1786043708147151720,1786043708.145417822,/novatel/oem7/fix,/novatel/oem7/fix,/novatel/oem7/inspva,39.663,-75.756,-1.800611394,0.001940769,0.000359718,-0.001404010,0.001339903,0.000359718,,0,
1786043708148229810,1786043708.145865954,/novatel/oem7/odom,/novatel/oem7/fix,/novatel/oem7/odom,39.663,-75.756,-1.800611394,0.001940470,0.000361328,0.001267398,-0.001469397,0.000361328,,,
1786043708156775972,1786043708.156063342,/novatel/oem7/odom,/novatel/oem7/fix,/novatel/oem7/odom,39.663,-75.756,-1.800611394,0.001940470,0.000361328,0.001267398,-0.001469397,0.000361328,,,
1786043708165869015,1786043708.165346350,/novatel/oem7/inspva,/novatel/oem7/inspva,/novatel/oem7/inspva,39.663,-75.756,-1.800629267,0.000356401,-0.002384958,-0.000130035,0.000331832,-0.002384958,,novatel_oem7_msgs.msg.InertialSolutionStatus(status=3),
1786043708167214349,1786043708.165500616,/novatel/oem7/fix,/novatel/oem7/fix,/novatel/oem7/inspva,39.663,-75.756,-1.800629267,0.000356401,-0.002384958,-0.000130035,0.000331832,-0.002384958,,0,
1786043708168311637,1786043708.166051411,/novatel/oem7/odom,/novatel/oem7/fix,/novatel/oem7/odom,39.663,-75.756,-1.800629267,0.000363186,-0.002383934,0.000335031,-0.000140208,-0.002383934,,,
1786043708175703767,1786043708.174973206,/novatel/oem7/odom,/novatel/oem7/fix,/novatel/oem7/odom,39.663,-75.756,-1.800629267,0.000363186,-0.002383934,0.000335031,-0.000140208,-0.002383934,,,
1786043708188633078,1786043708.187934995,/novatel/oem7/inspva,/novatel/oem7/inspva,/novatel/oem7/inspva,39.663,-75.756,-1.800622003,0.001116419,-0.002533843,-0.000806927,0.000771531,-0.002533843,,novatel_oem7_msgs.msg.InertialSolutionStatus(status=3),
1786043708189996909,1786043708.188127130,/novatel/oem7/fix,/novatel/oem7/fix,/novatel/oem7/inspva,39.663,-75.756,-1.800622003,0.001116419,-0.002533843,-0.000806927,0.000771531,-0.002533843,,0,
1786043708191088543,1786043708.188620788,/novatel/oem7/odom,/novatel/oem7/fix,/novatel/oem7/odom,39.663,-75.756,-1.800622003,0.001118581,-0.002532890,0.000741401,-0.000837584,-0.002532890,,,
1786043708195218864,1786043708.194528364,/novatel/oem7/odom,/novatel/oem7/fix,/novatel/oem7/odom,39.663,-75.756,-1.800622003,0.001118581,-0.002532890,0.000741401,-0.000837584,-0.002532890,,,
1786043708206990048,1786043708.206449679,/novatel/oem7/inspva,/novatel/oem7/inspva,/novatel/oem7/inspva,39.663,-75.756,-1.800610442,0.003533052,-0.000738163,-0.002345269,0.002642380,-0.000738163,,novatel_oem7_msgs.msg.InertialSolutionStatus(status=3),
1786043708208367885,1786043708.206599870,/novatel/oem7/fix,/novatel/oem7/fix,/novatel/oem7/inspva,39.663,-75.756,-1.800610442,0.003533052,-0.000738163,-0.002345269,0.002642380,-0.000738163,,0,
1786043708209467052,1786043708.207167390,/novatel/oem7/odom,/novatel/oem7/fix,/novatel/oem7/odom,39.663,-75.756,-1.800610442,0.003533944,-0.000733879,0.002526448,-0.002470996,-0.000733879,,,
1786043708211058071,1786043708.210374291,/novatel/oem7/bestpos,/novatel/oem7/bestpos,/novatel/oem7/odom,39.663,-75.756,33.181633474,0.003533944,-0.000733879,0.002526448,-0.002470996,-0.000733879,,novatel_oem7_msgs.msg.SolutionStatus(status=0),novatel_oem7_msgs.msg.PositionOrVelocityType(type=53)
1786043708212525539,1786043708.210909487,/novatel/oem7/bestvel,/novatel/oem7/bestpos,/novatel/oem7/bestvel,39.663,-75.756,33.181633474,0.003095869,-0.000737935,,,,131.601948332,novatel_oem7_msgs.msg.SolutionStatus(status=0),novatel_oem7_msgs.msg.PositionOrVelocityType(type=53)
1786043708216296970,1786043708.215523899,/novatel/oem7/odom,/novatel/oem7/bestpos,/novatel/oem7/odom,39.663,-75.756,33.181633474,0.003533944,-0.000733879,0.002526448,-0.002470996,-0.000733879,,,
1786043708225678063,1786043708.225120464,/novatel/oem7/inspva,/novatel/oem7/inspva,/novatel/oem7/inspva,39.663,-75.756,-1.800606185,0.002516442,-0.000005857,-0.001955292,0.001584081,-0.000005857,,novatel_oem7_msgs.msg.InertialSolutionStatus(status=3),
1786043708227038667,1786043708.225271792,/novatel/oem7/fix,/novatel/oem7/fix,/novatel/oem7/inspva,39.663,-75.756,-1.800606185,0.002516442,-0.000005857,-0.001955292,0.001584081,-0.000005857,,0,
1786043708228086247,1786043708.225681850,/novatel/oem7/odom,/novatel/oem7/fix,/novatel/oem7/odom,39.663,-75.756,-1.800606185,0.002516445,-0.000004786,0.001485612,-0.002031120,-0.000004786,,,
1786043708235164638,1786043708.234476644,/novatel/oem7/odom,/novatel/oem7/fix,/novatel/oem7/odom,39.663,-75.756,-1.800606185,0.002516445,-0.000004786,0.001485612,-0.002031120,-0.000004786,,,
1786043708247148217,1786043708.246611301,/novatel/oem7/inspva,/novatel/oem7/inspva,/novatel/oem7/inspva,39.663,-75.756,-1.800623619,0.000562932,-0.001551185,-0.000434844,0.000357496,-0.001551185,,novatel_oem7_msgs.msg.InertialSolutionStatus(status=3),
1786043708248532504,1786043708.246760959,/novatel/oem7/fix,/novatel/oem7/fix,/novatel/oem7/inspva,39.663,-75.756,-1.800623619,0.000562932,-0.001551185,-0.000434844,0.000357496,-0.001551185,,0,
1786043708249657248,1786043708.247230191,/novatel/oem7/odom,/novatel/oem7/fix,/novatel/oem7/odom,39.663,-75.756,-1.800623619,0.000563717,-0.001550900,0.000342141,-0.000448014,-0.001550900,,,
1786043708257635151,1786043708.256951513,/novatel/oem7/odom,/novatel/oem7/fix,/novatel/oem7/odom,39.663,-75.756,-1.800623619,0.000563717,-0.001550900,0.000342141,-0.000448014,-0.001550900,,,
1786043708265616770,1786043708.265012650,/novatel/oem7/inspva,/novatel/oem7/inspva,/novatel/oem7/inspva,39.663,-75.756,-1.800624547,0.001059823,-0.002166265,-0.000854444,0.000627018,-0.002166265,,novatel_oem7_msgs.msg.InertialSolutionStatus(status=3),
1786043708266935626,1786043708.265158099,/novatel/oem7/fix,/novatel/oem7/fix,/novatel/oem7/inspva,39.663,-75.756,-1.800624547,0.001059823,-0.002166265,-0.000854444,0.000627018,-0.002166265,,0,
1786043708268011080,1786043708.265493609,/novatel/oem7/odom,/novatel/oem7/fix,/novatel/oem7/odom,39.663,-75.756,-1.800624547,0.001060296,-0.002166033,0.000593187,-0.000878838,-0.002166033,,,
1786043708276054007,1786043708.275389653,/novatel/oem7/odom,/novatel/oem7/fix,/novatel/oem7/odom,39.663,-75.756,-1.800624547,0.001060296,-0.002166033,0.000593187,-0.000878838,-0.002166033,,,
1786043708285806737,1786043708.285241435,/novatel/oem7/inspva,/novatel/oem7/inspva,/novatel/oem7/inspva,39.663,-75.756,-1.800620019,0.003252678,-0.001412845,-0.002411515,0.002182775,-0.001412845,,novatel_oem7_msgs.msg.InertialSolutionStatus(status=3),
1786043708287185117,1786043708.285390217,/novatel/oem7/fix,/novatel/oem7/fix,/novatel/oem7/inspva,39.663,-75.756,-1.800620019,0.003252678,-0.001412845,-0.002411515,0.002182775,-0.001412845,,0,
1786043708288239325,1786043708.285984476,/novatel/oem7/odom,/novatel/oem7/fix,/novatel/oem7/odom,39.663,-75.756,-1.800620019,0.003253620,-0.001410675,0.002066945,-0.002512724,-0.001410675,,,
1786043708295511290,1786043708.294812210,/novatel/oem7/odom,/novatel/oem7/fix,/novatel/oem7/odom,39.663,-75.756,-1.800620019,0.003253620,-0.001410675,0.002066945,-0.002512724,-0.001410675,,,
1786043708306644724,1786043708.305959331,/novatel/oem7/inspva,/novatel/oem7/inspva,/novatel/oem7/inspva,39.663,-75.756,-1.800619521,0.003256426,-0.001229048,-0.002560002,0.002012634,-0.001229048,,novatel_oem7_msgs.msg.InertialSolutionStatus(status=3),
1786043708308041422,1786043708.306104368,/novatel/oem7/fix,/novatel/oem7/fix,/novatel/oem7/inspva,39.663,-75.756,-1.800619521,0.003256426,-0.001229048,-0.002560002,0.002012634,-0.001229048,,0,
1786043708309147106,1786043708.306679581,/novatel/oem7/odom,/novatel/oem7/fix,/novatel/oem7/odom,39.663,-75.756,-1.800619521,0.003256836,-0.001227960,0.001888922,-0.002653103,-0.001227960,,,
1786043708310761165,1786043708.309301717,/novatel/oem7/bestpos,/novatel/oem7/bestpos,/novatel/oem7/odom,39.663,-75.756,33.181628875,0.003256836,-0.001227960,0.001888922,-0.002653103,-0.001227960,,novatel_oem7_msgs.msg.SolutionStatus(status=0),novatel_oem7_msgs.msg.PositionOrVelocityType(type=53)
1786043708311727711,1786043708.309978534,/novatel/oem7/bestvel,/novatel/oem7/bestpos,/novatel/oem7/bestvel,39.663,-75.756,33.181628875,0.002864722,-0.000912764,,,,151.732115789,novatel_oem7_msgs.msg.SolutionStatus(status=0),novatel_oem7_msgs.msg.PositionOrVelocityType(type=53)
1786043708315342527,1786043708.314701775,/novatel/oem7/odom,/novatel/oem7/bestpos,/novatel/oem7/odom,39.663,-75.756,33.181628875,0.003256836,-0.001227960,0.001888922,-0.002653103,-0.001227960,,,
1786043708325762118,1786043708.325205725,/novatel/oem7/inspva,/novatel/oem7/inspva,/novatel/oem7/inspva,39.663,-75.756,-1.800609519,0.001391348,0.000592207,-0.000723612,0.001188374,0.000592207,,novatel_oem7_msgs.msg.InertialSolutionStatus(status=3),
1786043708327164295,1786043708.325380594,/novatel/oem7/fix,/novatel/oem7/fix,/novatel/oem7/inspva,39.663,-75.756,-1.800609519,0.001391348,0.000592207,-0.000723612,0.001188374,0.000592207,,0,
1786043708328234828,1786043708.325718503,/novatel/oem7/odom,/novatel/oem7/fix,/novatel/oem7/odom,39.663,-75.756,-1.800609519,0.001390136,0.000595045,0.001148684,-0.000782945,0.000595045,,,
1786043708336083433,1786043708.335444212,/novatel/oem7/odom,/novatel/oem7/fix,/novatel/oem7/odom,39.663,-75.756,-1.800609519,0.001390136,0.000595045,0.001148684,-0.000782945,0.000595045,,,
1786043708345671072,1786043708.345074379,/novatel/oem7/inspva,/novatel/oem7/inspva,/novatel/oem7/inspva,39.663,-75.756,-1.800618458,0.000688070,-0.000851825,-0.000494644,0.000478297,-0.000851825,,novatel_oem7_msgs.msg.InertialSolutionStatus(status=3),
1786043708347142106,1786043708.345248337,/novatel/oem7/fix,/novatel/oem7/fix,/novatel/oem7/inspva,39.663,-75.756,-1.800618458,0.000688070,-0.000851825,-0.000494644,0.000478297,-0.000851825,,0,
1786043708348322902,1786043708.345627138,/novatel/oem7/odom,/novatel/oem7/fix,/novatel/oem7/odom,39.663,-75.756,-1.800618458,0.000688822,-0.000851217,0.000456897,-0.000515482,-0.000851217,,,
1786043708356295397,1786043708.355639419,/novatel/oem7/odom,/novatel/oem7/fix,/novatel/oem7/odom,39.663,-75.756,-1.800618458,0.000688822,-0.000851217,0.000456897,-0.000515482,-0.000851217,,,
1786043708367211539,1786043708.366644717,/novatel/oem7/inspva,/novatel/oem7/inspva,/novatel/oem7/inspva,39.663,-75.756,-1.800637928,0.002055786,-0.003020257,-0.001846200,0.000904324,-0.003020257,,novatel_oem7_msgs.msg.InertialSolutionStatus(status=3),
1786043708368626393,1786043708.366812978,/novatel/oem7/fix,/novatel/oem7/fix,/novatel/oem7/inspva,39.663,-75.756,-1.800637928,0.002055786,-0.003020257,-0.001846200,0.000904324,-0.003020257,,0,
1786043708369702727,1786043708.367308870,/novatel/oem7/odom,/novatel/oem7/fix,/novatel/oem7/odom,39.663,-75.756,-1.800637928,0.002053732,-0.003021654,0.000824665,-0.001880889,-0.003021654,,,
1786043708375531185,1786043708.374656933,/novatel/oem7/odom,/novatel/oem7/fix,/novatel/oem7/odom,39.663,-75.756,-1.800637928,0.002053732,-0.003021654,0.000824665,-0.001880889,-0.003021654,,,
1786043708385839514,1786043708.385257342,/novatel/oem7/inspva,/novatel/oem7/inspva,/novatel/oem7/inspva,39.663,-75.756,-1.800628277,0.002860416,-0.001848104,-0.002260778,0.001752389,-0.001848104,,novatel_oem7_msgs.msg.InertialSolutionStatus(status=3),
1786043708387202084,1786043708.385412846,/novatel/oem7/fix,/novatel/oem7/fix,/novatel/oem7/inspva,39.663,-75.756,-1.800628277,0.002860416,-0.001848104,-0.002260778,0.001752389,-0.001848104,,0,
1786043708388256131,1786043708.385741216,/novatel/oem7/odom,/novatel/oem7/fix,/novatel/oem7/odom,39.663,-75.756,-1.800628277,0.002860987,-0.001847221,0.001646369,-0.002339811,-0.001847221,,,
1786043708396353642,1786043708.395707585,/novatel/oem7/odom,/novatel/oem7/fix,/novatel/oem7/odom,39.663,-75.756,-1.800628277,0.002860987,-0.001847221,0.001646369,-0.002339811,-0.001847221,,,
1786043708407264650,1786043708.406699405,/novatel/oem7/inspva,/novatel/oem7/inspva,/novatel/oem7/inspva,39.663,-75.756,-1.800617940,0.002528916,0.000207383,-0.002081298,0.001436528,0.000207383,,novatel_oem7_msgs.msg.InertialSolutionStatus(status=3),
1786043708408694951,1786043708.406864553,/novatel/oem7/fix,/novatel/oem7/fix,/novatel/oem7/inspva,39.663,-75.756,-1.800617940,0.002528916,0.000207383,-0.002081298,0.001436528,0.000207383,,0,
1786043708409836396,1786043708.407395729,/novatel/oem7/odom,/novatel/oem7/fix,/novatel/oem7/odom,39.663,-75.756,-1.800617940,0.002528906,0.000207498,0.001331133,-0.002150221,0.000207498,,,
1786043708411393248,1786043708.410242923,/novatel/oem7/bestpos,/novatel/oem7/bestpos,/novatel/oem7/odom,39.663,-75.756,33.181612193,0.002528906,0.000207498,0.001331133,-0.002150221,0.000207498,,novatel_oem7_msgs.msg.SolutionStatus(status=0),novatel_oem7_msgs.msg.PositionOrVelocityType(type=53)
1786043708412373204,1786043708.410591443,/novatel/oem7/bestvel,/novatel/oem7/bestpos,/novatel/oem7/bestvel,39.663,-75.756,33.181612193,0.003050229,-0.000235538,,,,132.193664884,novatel_oem7_msgs.msg.SolutionStatus(status=0),novatel_oem7_msgs.msg.PositionOrVelocityType(type=53)
1786043708415957487,1786043708.415233619,/novatel/oem7/odom,/novatel/oem7/bestpos,/novatel/oem7/odom,39.663,-75.756,33.181612193,0.002528906,0.000207498,0.001331133,-0.002150221,0.000207498,,,
1786043708426922479,1786043708.426343130,/novatel/oem7/inspva,/novatel/oem7/inspva,/novatel/oem7/inspva,39.663,-75.756,-1.800628055,0.001609276,-0.000160149,-0.001418974,0.000759133,-0.000160149,,novatel_oem7_msgs.msg.InertialSolutionStatus(status=3),
1786043708428338656,1786043708.426533352,/novatel/oem7/fix,/novatel/oem7/fix,/novatel/oem7/inspva,39.663,-75.756,-1.800628055,0.001609276,-0.000160149,-0.001418974,0.000759133,-0.000160149,,0,
1786043708429417607,1786043708.426992249,/novatel/oem7/odom,/novatel/oem7/fix,/novatel/oem7/odom,39.663,-75.756,-1.800628055,0.001609195,-0.000160962,0.000688840,-0.001454307,-0.000160962,,,
1786043708435222611,1786043708.434506381,/novatel/oem7/odom,/novatel/oem7/fix,/novatel/oem7/odom,39.663,-75.756,-1.800628055,0.001609195,-0.000160962,0.000688840,-0.001454307,-0.000160962,,,
1786043708445911907,1786043708.445324112,/novatel/oem7/inspva,/novatel/oem7/inspva,/novatel/oem7/inspva,39.663,-75.756,-1.800663754,0.001127965,-0.003506101,-0.001103625,0.000233058,-0.003506101,,novatel_oem7_msgs.msg.InertialSolutionStatus(status=3),
1786043708447335201,1786043708.445536310,/novatel/oem7/fix,/novatel/oem7/fix,/novatel/oem7/inspva,39.663,-75.756,-1.800663754,0.001127965,-0.003506101,-0.001103625,0.000233058,-0.003506101,,0,
1786043708448480630,1786043708.446063926,/novatel/oem7/odom,/novatel/oem7/fix,/novatel/oem7/odom,39.663,-75.756,-1.800663754,0.001121640,-0.003508130,0.000192922,-0.001104924,-0.003508130,,,
1786043708457067915,1786043708.456373975,/novatel/oem7/odom,/novatel/oem7/fix,/novatel/oem7/odom,39.663,-75.756,-1.800663754,0.001121640,-0.003508130,0.000192922,-0.001104924,-0.003508130,,,
1786043708465683017,1786043708.465042614,/novatel/oem7/inspva,/novatel/oem7/inspva,/novatel/oem7/inspva,39.663,-75.756,-1.800658954,0.001767605,-0.002649656,-0.001644683,0.000647646,-0.002649656,,novatel_oem7_msgs.msg.InertialSolutionStatus(status=3),
1786043708467085898,1786043708.465209333,/novatel/oem7/fix,/novatel/oem7/fix,/novatel/oem7/inspva,39.663,-75.756,-1.800658954,0.001767605,-0.002649656,-0.001644683,0.000647646,-0.002649656,,0,
1786043708468193409,1786043708.465672297,/novatel/oem7/odom,/novatel/oem7/fix,/novatel/oem7/odom,39.663,-75.756,-1.800658954,0.001764769,-0.002651546,0.000576692,-0.001667884,-0.002651546,,,
1786043708475111074,1786043708.474406540,/novatel/oem7/odom,/novatel/oem7/fix,/novatel/oem7/odom,39.663,-75.756,-1.800658954,0.001764769,-0.002651546,0.000576692,-0.001667884,-0.002651546,,,
1786043708487155671,1786043708.486613372,/novatel/oem7/inspva,/novatel/oem7/inspva,/novatel/oem7/inspva,39.663,-75.756,-1.800648374,0.003508043,0.000013977,-0.003021602,0.001782213,0.000013977,,novatel_oem7_msgs.msg.InertialSolutionStatus(status=3),
1786043708488561405,1786043708.486796027,/novatel/oem7/fix,/novatel/oem7/fix,/novatel/oem7/inspva,39.663,-75.756,-1.800648374,0.003508043,0.000013977,-0.003021602,0.001782213,0.000013977,,0,
1786043708489696322,1786043708.487176091,/novatel/oem7/odom,/novatel/oem7/fix,/novatel/oem7/odom,39.663,-75.756,-1.800648374,0.003508047,0.000012881,0.001630741,-0.003105974,0.000012881,,,
1786043708495506717,1786043708.494823337,/novatel/oem7/odom,/novatel/oem7/fix,/novatel/oem7/odom,39.663,-75.756,-1.800648374,0.003508047,0.000012881,0.001630741,-0.003105974,0.000012881,,,
1786043708506661688,1786043708.506018391,/novatel/oem7/inspva,/novatel/oem7/inspva,/novatel/oem7/inspva,39.663,-75.756,-1.800663906,0.002738472,-0.000641559,-0.002185421,0.001650201,-0.000641559,,novatel_oem7_msgs.msg.InertialSolutionStatus(status=3),
1786043708508070832,1786043708.506193700,/novatel/oem7/fix,/novatel/oem7/fix,/novatel/oem7/inspva,39.663,-75.756,-1.800663906,0.002738472,-0.000641559,-0.002185421,0.001650201,-0.000641559,,0,
1786043708509127565,1786043708.506654251,/novatel/oem7/odom,/novatel/oem7/fix,/novatel/oem7/odom,39.663,-75.756,-1.800663906,0.002738623,-0.000640915,0.001542938,-0.002262609,-0.000640915,,,
1786043708511887103,1786043708.511226033,/novatel/oem7/bestpos,/novatel/oem7/bestpos,/novatel/oem7/odom,39.663,-75.756,33.181581840,0.002738623,-0.000640915,0.001542938,-0.002262609,-0.000640915,,novatel_oem7_msgs.msg.SolutionStatus(status=0),novatel_oem7_msgs.msg.PositionOrVelocityType(type=53)
1786043708513314031,1786043708.511756978,/novatel/oem7/bestvel,/novatel/oem7/bestpos,/novatel/oem7/bestvel,39.663,-75.756,33.181581840,0.002141171,-0.000892660,,,,137.380098232,novatel_oem7_msgs.msg.SolutionStatus(status=0),novatel_oem7_msgs.msg.PositionOrVelocityType(type=53)
1786043708516132605,1786043708.515466558,/novatel/oem7/odom,/novatel/oem7/bestpos,/novatel/oem7/odom,39.663,-75.756,33.181581840,0.002738623,-0.000640915,0.001542938,-0.002262609,-0.000640915,,,
1786043708526271119,1786043708.525360750,/novatel/oem7/inspva,/novatel/oem7/inspva,/novatel/oem7/inspva,39.663,-75.756,-1.800695528,0.000599740,-0.002517936,-0.000585541,0.000129727,-0.002517936,,novatel_oem7_msgs.msg.InertialSolutionStatus(status=3),
1786043708527167094,1786043708.525603646,/novatel/oem7/fix,/novatel/oem7/fix,/novatel/oem7/inspva,39.663,-75.756,-1.800695528,0.000599740,-0.002517936,-0.000585541,0.000129727,-0.002517936,,0,
1786043708528834808,1786043708.526220082,/novatel/oem7/odom,/novatel/oem7/fix,/novatel/oem7/odom,39.663,-75.756,-1.800695528,0.000595242,-0.002519003,0.000111195,-0.000584764,-0.002519003,,,
1786043708535629128,1786043708.534883258,/novatel/oem7/odom,/novatel/oem7/fix,/novatel/oem7/odom,39.663,-75.756,-1.800695528,0.000595242,-0.002519003,0.000111195,-0.000584764,-0.002519003,,,
1786043708546669318,1786043708.546045812,/novatel/oem7/inspva,/novatel/oem7/inspva,/novatel/oem7/inspva,39.663,-75.756,-1.800700034,0.000849803,-0.002521833,-0.000846406,0.000075909,-0.002521833,,novatel_oem7_msgs.msg.InertialSolutionStatus(status=3),
1786043708548062779,1786043708.546222571,/novatel/oem7/fix,/novatel/oem7/fix,/novatel/oem7/inspva,39.663,-75.756,-1.800700034,0.000849803,-0.002521833,-0.000846406,0.000075909,-0.002521833,,0,
1786043708549173450,1786043708.546682088,/novatel/oem7/odom,/novatel/oem7/fix,/novatel/oem7/odom,39.663,-75.756,-1.800700034,0.000843835,-0.002523836,0.000044554,-0.000842658,-0.002523836,,,
1786043708556644027,1786043708.555906720,/novatel/oem7/odom,/novatel/oem7/fix,/novatel/oem7/odom,39.663,-75.756,-1.800700034,0.000843835,-0.002523836,0.000044554,-0.000842658,-0.002523836,,,
1786043708565768642,1786043708.565177682,/novatel/oem7/inspva,/novatel/oem7/inspva,/novatel/oem7/inspva,39.663,-75.756,-1.800688688,0.003053127,-0.000378422,-0.002718693,0.001389350,-0.000378422,,novatel_oem7_msgs.msg.InertialSolutionStatus(status=3),
1786043708567201219,1786043708.565360888,/novatel/oem7/fix,/novatel/oem7/fix,/novatel/oem7/inspva,39.663,-75.756,-1.800688688,0.003053127,-0.000378422,-0.002718693,0.001389350,-0.000378422,,0,
1786043708568357190,1786043708.565821928,/novatel/oem7/odom,/novatel/oem7/fix,/novatel/oem7/odom,39.663,-75.756,-1.800688688,0.003052890,-0.000380329,0.001254930,-0.002783035,-0.000380329,,,
1786043708576275556,1786043708.575598712,/novatel/oem7/odom,/novatel/oem7/fix,/novatel/oem7/odom,39.663,-75.756,-1.800688688,0.003052890,-0.000380329,0.001254930,-0.002783035,-0.000380329,,,
1786043708585883381,1786043708.585288162,/novatel/oem7/inspva,/novatel/oem7/inspva,/novatel/oem7/inspva,39.663,-75.756,-1.800705757,0.002767766,-0.000987362,-0.002397560,0.001382837,-0.000987362,,novatel_oem7_msgs.msg.InertialSolutionStatus(status=3),
1786043708587249138,1786043708.585496368,/novatel/oem7/fix,/novatel/oem7/fix,/novatel/oem7/inspva,39.663,-75.756,-1.800705757,0.002767766,-0.000987362,-0.002397560,0.001382837,-0.000987362,,0,
1786043708588392956,1786043708.585882665,/novatel/oem7/odom,/novatel/oem7/fix,/novatel/oem7/odom,39.663,-75.756,-1.800705757,0.002767405,-0.000988373,0.001266874,-0.002460399,-0.000988373,,,
1786043708595262845,1786043708.594566018,/novatel/oem7/odom,/novatel/oem7/fix,/novatel/oem7/odom,39.663,-75.756,-1.800705757,0.002767405,-0.000988373,0.001266874,-0.002460399,-0.000988373,,,
1786043708607126032,1786043708.606566827,/novatel/oem7/inspva,/novatel/oem7/inspva,/novatel/oem7/inspva,39.663,-75.756,-1.800732698,0.001446469,-0.001840861,-0.000891288,0.001139244,-0.001840861,,novatel_oem7_msgs.msg.InertialSolutionStatus(status=3),
1786043708608560633,1786043708.606761395,/novatel/oem7/fix,/novatel/oem7/fix,/novatel/oem7/inspva,39.663,-75.756,-1.800732698,0.001446469,-0.001840861,-0.000891288,0.001139244,-0.001840861,,0,
1786043708609668341,1786043708.607086654,/novatel/oem7/odom,/novatel/oem7/fix,/novatel/oem7/odom,39.663,-75.756,-1.800732698,0.001449167,-0.001838738,0.001101498,-0.000941695,-0.001838738,,,
1786043708611226779,1786043708.610301079,/novatel/oem7/bestpos,/novatel/oem7/bestpos,/novatel/oem7/odom,39.663,-75.756,33.181504519,0.001449167,-0.001838738,0.001101498,-0.000941695,-0.001838738,,novatel_oem7_msgs.msg.SolutionStatus(status=0),novatel_oem7_msgs.msg.PositionOrVelocityType(type=53)
1786043708612693104,1786043708.610813104,/novatel/oem7/bestvel,/novatel/oem7/bestpos,/novatel/oem7/bestvel,39.663,-75.756,33.181504519,0.000721609,-0.002302292,,,,60.371031884,novatel_oem7_msgs.msg.SolutionStatus(status=0),novatel_oem7_msgs.msg.PositionOrVelocityType(type=53)
1786043708615771255,1786043708.615041774,/novatel/oem7/odom,/novatel/oem7/bestpos,/novatel/oem7/odom,39.663,-75.756,33.181504519,0.001449167,-0.001838738,0.001101498,-0.000941695,-0.001838738,,,
1786043708625712510,1786043708.625122444,/novatel/oem7/inspva,/novatel/oem7/inspva,/novatel/oem7/inspva,39.663,-75.756,-1.800745146,0.001153882,-0.001878714,-0.000858001,0.000771543,-0.001878714,,novatel_oem7_msgs.msg.InertialSolutionStatus(status=3),
1786043708627047920,1786043708.625283386,/novatel/oem7/fix,/novatel/oem7/fix,/novatel/oem7/inspva,39.663,-75.756,-1.800745146,0.001153882,-0.001878714,-0.000858001,0.000771543,-0.001878714,,0,
1786043708628150827,1786043708.625622672,/novatel/oem7/odom,/novatel/oem7/fix,/novatel/oem7/odom,39.663,-75.756,-1.800745146,0.001155158,-0.001877930,0.000736119,-0.000890235,-0.001877930,,,
1786043708636379506,1786043708.635726590,/novatel/oem7/odom,/novatel/oem7/fix,/novatel/oem7/odom,39.663,-75.756,-1.800745146,0.001155158,-0.001877930,0.000736119,-0.000890235,-0.001877930,,,
1786043708646059385,1786043708.645502140,/novatel/oem7/inspva,/novatel/oem7/inspva,/novatel/oem7/inspva,39.663,-75.756,-1.800753982,0.002333667,-0.001886140,-0.002306836,0.000352860,-0.001886140,,novatel_oem7_msgs.msg.InertialSolutionStatus(status=3),
1786043708647570197,1786043708.645696886,/novatel/oem7/fix,/novatel/oem7/fix,/novatel/oem7/inspva,39.663,-75.756,-1.800753982,0.002333667,-0.001886140,-0.002306836,0.000352860,-0.001886140,,0,
1786043708648719542,1786043708.646281588,/novatel/oem7/odom,/novatel/oem7/fix,/novatel/oem7/odom,39.663,-75.756,-1.800753982,0.002329671,-0.001891073,0.000246396,-0.002316605,-0.001891073,,,
1786043708657231800,1786043708.656539156,/novatel/oem7/odom,/novatel/oem7/fix,/novatel/oem7/odom,39.663,-75.756,-1.800753982,0.002329671,-0.001891073,0.000246396,-0.002316605,-0.001891073,,,
1786043708667901259,1786043708.666237550,/novatel/oem7/inspva,/novatel/oem7/inspva,/novatel/oem7/inspva,39.663,-75.756,-1.800768201,0.003163164,-0.001761392,-0.002379677,0.002083925,-0.001761392,,novatel_oem7_msgs.msg.InertialSolutionStatus(status=3),
1786043708669308110,1786043708.666524489,/novatel/oem7/fix,/novatel/oem7/fix,/novatel/oem7/inspva,39.663,-75.756,-1.800768201,0.003163164,-0.001761392,-0.002379677,0.002083925,-0.001761392,,0,
1786043708670362971,1786043708.666778681,/novatel/oem7/odom,/novatel/oem7/fix,/novatel/oem7/odom,39.663,-75.756,-1.800768201,0.003164146,-0.001759626,0.001971192,-0.002475120,-0.001759626,,,
1786043708675544995,1786043708.674819265,/novatel/oem7/odom,/novatel/oem7/fix,/novatel/oem7/odom,39.663,-75.756,-1.800768201,0.003164146,-0.001759626,0.001971192,-0.002475120,-0.001759626,,,
1786043708685759627,1786043708.685174774,/novatel/oem7/inspva,/novatel/oem7/inspva,/novatel/oem7/inspva,39.663,-75.756,-1.800786021,0.001571224,-0.000937557,-0.000886934,0.001296955,-0.000937557,,novatel_oem7_msgs.msg.InertialSolutionStatus(status=3),
1786043708687184511,1786043708.685354026,/novatel/oem7/fix,/novatel/oem7/fix,/novatel/oem7/inspva,39.663,-75.756,-1.800786021,0.001571224,-0.000937557,-0.000886934,0.001296955,-0.000937557,,0,
1786043708688272875,1786043708.685860978,/novatel/oem7/odom,/novatel/oem7/fix,/novatel/oem7/odom,39.663,-75.756,-1.800786021,0.001572920,-0.000934709,0.001255515,-0.000947502,-0.000934709,,,
1786043708696207317,1786043708.695521587,/novatel/oem7/odom,/novatel/oem7/fix,/novatel/oem7/odom,39.663,-75.756,-1.800786021,0.001572920,-0.000934709,0.001255515,-0.000947502,-0.000934709,,,
1786043708706552983,1786043708.706031415,/novatel/oem7/inspva,/novatel/oem7/inspva,/novatel/oem7/inspva,39.663,-75.756,-1.800804957,0.000933162,-0.001284630,-0.000427979,0.000829232,-0.001284630,,novatel_oem7_msgs.msg.InertialSolutionStatus(status=3),
1786043708707850773,1786043708.706198386,/novatel/oem7/fix,/novatel/oem7/fix,/novatel/oem7/inspva,39.663,-75.756,-1.800804957,0.000933162,-0.001284630,-0.000427979,0.000829232,-0.001284630,,0,
1786043708708872583,1786043708.706674747,/novatel/oem7/odom,/novatel/oem7/fix,/novatel/oem7/odom,39.663,-75.756,-1.800804957,0.000936177,-0.001282435,0.000812461,-0.000465118,-0.001282435,,,
1786043708710266593,1786043708.709592087,/novatel/oem7/bestpos,/novatel/oem7/bestpos,/novatel/oem7/odom,39.663,-75.756,33.181432485,0.000936177,-0.001282435,0.000812461,-0.000465118,-0.001282435,,novatel_oem7_msgs.msg.SolutionStatus(status=0),novatel_oem7_msgs.msg.PositionOrVelocityType(type=53)
1786043708711641497,1786043708.710280770,/novatel/oem7/bestvel,/novatel/oem7/bestpos,/novatel/oem7/bestvel,39.663,-75.756,33.181432485,0.001346248,-0.001371082,,,,116.874166010,novatel_oem7_msgs.msg.SolutionStatus(status=0),novatel_oem7_msgs.msg.PositionOrVelocityType(type=53)
1786043708715011067,1786043708.714332317,/novatel/oem7/odom,/novatel/oem7/bestpos,/novatel/oem7/odom,39.663,-75.756,33.181432485,0.000936177,-0.001282435,0.000812461,-0.000465118,-0.001282435,,,
1786043708727051207,1786043708.726565959,/novatel/oem7/inspva,/novatel/oem7/inspva,/novatel/oem7/inspva,39.663,-75.756,-1.800821519,0.002172939,-0.002102396,-0.001875571,0.001097223,-0.002102396,,novatel_oem7_msgs.msg.InertialSolutionStatus(status=3),
1786043708728349823,1786043708.726739241,/novatel/oem7/fix,/novatel/oem7/fix,/novatel/oem7/inspva,39.663,-75.756,-1.800821519,0.002172939,-0.002102396,-0.001875571,0.001097223,-0.002102396,,0,
1786043708729611345,1786043708.727216575,/novatel/oem7/odom,/novatel/oem7/fix,/novatel/oem7/odom,39.663,-75.756,-1.800821519,0.002172260,-0.002103098,0.001012064,-0.001922093,-0.002103098,,,
1786043708735632659,1786043708.734916285,/novatel/oem7/odom,/novatel/oem7/fix,/novatel/oem7/odom,39.663,-75.756,-1.800821519,0.002172260,-0.002103098,0.001012064,-0.001922093,-0.002103098,,,
1786043708745415042,1786043708.744910757,/novatel/oem7/inspva,/novatel/oem7/inspva,/novatel/oem7/inspva,39.663,-75.756,-1.800828394,0.002273167,-0.002053441,-0.001892521,0.001259226,-0.002053441,,novatel_oem7_msgs.msg.InertialSolutionStatus(status=3),
1786043708746862644,1786043708.745103699,/novatel/oem7/fix,/novatel/oem7/fix,/novatel/oem7/inspva,39.663,-75.756,-1.800828394,0.002273167,-0.002053441,-0.001892521,0.001259226,-0.002053441,,0,
1786043708747934114,1786043708.745604674,/novatel/oem7/odom,/novatel/oem7/fix,/novatel/oem7/odom,39.663,-75.756,-1.800828394,0.002273039,-0.002053582,0.001172814,-0.001947104,-0.002053582,,,
1786043708756283647,1786043708.755645211,/novatel/oem7/odom,/novatel/oem7/fix,/novatel/oem7/odom,39.663,-75.756,-1.800828394,0.002273039,-0.002053582,0.001172814,-0.001947104,-0.002053582,,,
1786043708766621680,1786043708.765265357,/novatel/oem7/inspva,/novatel/oem7/inspva,/novatel/oem7/inspva,39.663,-75.756,-1.800844734,0.001583326,-0.000969810,-0.000820559,0.001354106,-0.000969810,,novatel_oem7_msgs.msg.InertialSolutionStatus(status=3),
1786043708768019064,1786043708.765392589,/novatel/oem7/fix,/novatel/oem7/fix,/novatel/oem7/inspva,39.663,-75.756,-1.800844734,0.001583326,-0.000969810,-0.000820559,0.001354106,-0.000969810,,0,
1786043708769071144,1786043708.766262729,/novatel/oem7/odom,/novatel/oem7/fix,/novatel/oem7/odom,39.663,-75.756,-1.800844734,0.002273094,-0.002053521,0.001172925,-0.001947101,-0.002053521,,,
1786043708775590106,1786043708.774901949,/novatel/oem7/odom,/novatel/oem7/fix,/novatel/oem7/odom,39.663,-75.756,-1.800844734,0.001585326,-0.000966537,0.001316031,-0.000883923,-0.000966537,,,
1786043708786579915,1786043708.786046330,/novatel/oem7/inspva,/novatel/oem7/inspva,/novatel/oem7/inspva,39.663,-75.756,-1.800864452,0.000575483,-0.000898996,-0.000132079,0.000560121,-0.000898996,,novatel_oem7_msgs.msg.InertialSolutionStatus(status=3),
1786043708787901034,1786043708.786242132,/novatel/oem7/fix,/novatel/oem7/fix,/novatel/oem7/inspva,39.663,-75.756,-1.800864452,0.000575483,-0.000898996,-0.000132079,0.000560121,-0.000898996,,0,
1786043708788950945,1786043708.786639772,/novatel/oem7/odom,/novatel/oem7/fix,/novatel/oem7/odom,39.663,-75.756,-1.800864452,0.000578474,-0.000897074,0.000556687,-0.000157261,-0.000897074,,,
1786043708795258011,1786043708.794626928,/novatel/oem7/odom,/novatel/oem7/fix,/novatel/oem7/odom,39.663,-75.756,-1.800864452,0.000578474,-0.000897074,0.000556687,-0.000157261,-0.000897074,,,
1786043708806904027,1786043708.806387422,/novatel/oem7/inspva,/novatel/oem7/inspva,/novatel/oem7/inspva,39.663,-75.756,-1.800894124,0.000734786,-0.002932588,-0.000732552,0.000057249,-0.002932588,,novatel_oem7_msgs.msg.InertialSolutionStatus(status=3),
1786043708808199773,1786043708.806571674,/novatel/oem7/fix,/novatel/oem7/fix,/novatel/oem7/inspva,39.663,-75.756,-1.800894124,0.000734786,-0.002932588,-0.000732552,0.000057249,-0.002932588,,0,
1786043708809236223,1786043708.807118959,/novatel/oem7/odom,/novatel/oem7/fix,/novatel/oem7/odom,39.663,-75.756,-1.800894124,0.000727722,-0.002934349,0.000033285,-0.000726961,-0.002934349,,,
1786043708811040528,1786043708.810286024,/novatel/oem7/bestpos,/novatel/oem7/bestpos,/novatel/oem7/odom,39.663,-75.756,33.181348611,0.000727722,-0.002934349,0.000033285,-0.000726961,-0.002934349,,novatel_oem7_msgs.msg.SolutionStatus(status=0),novatel_oem7_msgs.msg.PositionOrVelocityType(type=53)
1786043708812439072,1786043708.810627947,/novatel/oem7/bestvel,/novatel/oem7/bestpos,/novatel/oem7/bestvel,39.663,-75.756,33.181348611,0.001100234,-0.002621574,,,,187.434755857,novatel_oem7_msgs.msg.SolutionStatus(status=0),novatel_oem7_msgs.msg.PositionOrVelocityType(type=53)
1786043708816119752,1786043708.815487405,/novatel/oem7/odom,/novatel/oem7/bestpos,/novatel/oem7/odom,39.663,-75.756,33.181348611,0.000727722,-0.002934349,0.000033285,-0.000726961,-0.002934349,,,
1786043708825802835,1786043708.825282756,/novatel/oem7/inspva,/novatel/oem7/inspva,/novatel/oem7/inspva,39.663,-75.756,-1.800907467,0.000960232,-0.002705872,-0.000724805,0.000629843,-0.002705872,,novatel_oem7_msgs.msg.InertialSolutionStatus(status=3),
1786043708827089217,1786043708.825431114,/novatel/oem7/fix,/novatel/oem7/fix,/novatel/oem7/inspva,39.663,-75.756,-1.800907467,0.000960232,-0.002705872,-0.000724805,0.000629843,-0.002705872,,0,
1786043708828107741,1786043708.825938922,/novatel/oem7/odom,/novatel/oem7/fix,/novatel/oem7/odom,39.663,-75.756,-1.800907467,0.000961832,-0.002705303,0.000604565,-0.000748080,-0.002705303,,,
1786043708835237491,1786043708.834561912,/novatel/oem7/odom,/novatel/oem7/fix,/novatel/oem7/odom,39.663,-75.756,-1.800907467,0.000961832,-0.002705303,0.000604565,-0.000748080,-0.002705303,,,
1786043708847976188,1786043708.847489286,/novatel/oem7/inspva,/novatel/oem7/inspva,/novatel/oem7/inspva,39.663,-75.756,-1.800921554,0.002011711,-0.000672416,-0.001033133,0.001726157,-0.000672416,,novatel_oem7_msgs.msg.InertialSolutionStatus(status=3),
1786043708849278824,1786043708.847635455,/novatel/oem7/fix,/novatel/oem7/fix,/novatel/oem7/inspva,39.663,-75.756,-1.800921554,0.002011711,-0.000672416,-0.001033133,0.001726157,-0.000672416,,0,
1786043708850311968,1786043708.848107446,/novatel/oem7/odom,/novatel/oem7/fix,/novatel/oem7/odom,39.663,-75.756,-1.800921554,0.002013086,-0.000668287,0.001675868,-0.001115340,-0.000668287,,,
1786043708856988351,1786043708.856345938,/novatel/oem7/odom,/novatel/oem7/fix,/novatel/oem7/odom,39.663,-75.756,-1.800921554,0.002013086,-0.000668287,0.001675868,-0.001115340,-0.000668287,,,
1786043708865696371,1786043708.865167516,/novatel/oem7/inspva,/novatel/oem7/inspva,/novatel/oem7/inspva,39.663,-75.756,-1.800947910,0.001033756,-0.000937601,-0.000626240,0.000822481,-0.000937601,,novatel_oem7_msgs.msg.InertialSolutionStatus(status=3),
1786043708867018977,1786043708.865324220,/novatel/oem7/fix,/novatel/oem7/fix,/novatel/oem7/inspva,39.663,-75.756,-1.800947910,0.001033756,-0.000937601,-0.000626240,0.000822481,-0.000937601,,0,
1786043708868067031,1786043708.865786725,/novatel/oem7/odom,/novatel/oem7/fix,/novatel/oem7/odom,39.663,-75.756,-1.800947910,0.001035221,-0.000935983,0.000794498,-0.000663669,-0.000935983,,,
1786043708876249886,1786043708.875585582,/novatel/oem7/odom,/novatel/oem7/fix,/novatel/oem7/odom,39.663,-75.756,-1.800947910,0.001035221,-0.000935983,0.000794498,-0.000663669,-0.000935983,,,
1786043708886363409,1786043708.885873808,/novatel/oem7/inspva,/novatel/oem7/inspva,/novatel/oem7/inspva,39.663,-75.756,-1.800980533,0.000182423,-0.002893039,0.000135219,-0.000122450,-0.002893039,,novatel_oem7_msgs.msg.InertialSolutionStatus(status=3),
1786043708887716140,1786043708.886012766,/novatel/oem7/fix,/novatel/oem7/fix,/novatel/oem7/inspva,39.663,-75.756,-1.800980533,0.000182423,-0.002893039,0.000135219,-0.000122450,-0.002893039,,0,
1786043708888760943,1786043708.886638919,/novatel/oem7/odom,/novatel/oem7/fix,/novatel/oem7/odom,39.663,-75.756,-1.800980533,0.000181072,-0.002893124,-0.000103590,0.000148514,-0.002893124,,,
1786043708895475357,1786043708.894800953,/novatel/oem7/odom,/novatel/oem7/fix,/novatel/oem7/odom,39.663,-75.756,-1.800980533,0.000181072,-0.002893124,-0.000103590,0.000148514,-0.002893124,,,
1786043708906617064,1786043708.906078828,/novatel/oem7/inspva,/novatel/oem7/inspva,/novatel/oem7/inspva,39.663,-75.756,-1.800989398,0.001106194,-0.002460321,-0.000985237,0.000502963,-0.002460321,,novatel_oem7_msgs.msg.InertialSolutionStatus(status=3),
1786043708907958344,1786043708.906228197,/novatel/oem7/fix,/novatel/oem7/fix,/novatel/oem7/inspva,39.663,-75.756,-1.800989398,0.001106194,-0.002460321,-0.000985237,0.000502963,-0.002460321,,0,
1786043708909011801,1786043708.906713818,/novatel/oem7/odom,/novatel/oem7/fix,/novatel/oem7/odom,39.663,-75.756,-1.800989398,0.001104694,-0.002460995,0.000463968,-0.001002537,-0.002460995,,,
1786043708910451225,1786043708.909540293,/novatel/oem7/bestpos,/novatel/oem7/bestpos,/novatel/oem7/odom,39.663,-75.756,33.181254368,0.001104694,-0.002460995,0.000463968,-0.001002537,-0.002460995,,novatel_oem7_msgs.msg.SolutionStatus(status=0),novatel_oem7_msgs.msg.PositionOrVelocityType(type=53)
1786043708911870780,1786043708.910193216,/novatel/oem7/bestvel,/novatel/oem7/bestpos,/novatel/oem7/bestvel,39.663,-75.756,33.181254368,0.001342688,-0.001928854,,,,185.700553933,novatel_oem7_msgs.msg.SolutionStatus(status=0),novatel_oem7_msgs.msg.PositionOrVelocityType(type=53)
1786043708915575249,1786043708.914919313,/novatel/oem7/odom,/novatel/oem7/bestpos,/novatel/oem7/odom,39.663,-75.756,33.181254368,0.001104694,-0.002460995,0.000463968,-0.001002537,-0.002460995,,,
1786043708925983306,1786043708.925378814,/novatel/oem7/inspva,/novatel/oem7/inspva,/novatel/oem7/inspva,39.663,-75.756,-1.801003006,0.002824027,-0.001013767,-0.001471145,0.002410573,-0.001013767,,novatel_oem7_msgs.msg.InertialSolutionStatus(status=3),
1786043708927308783,1786043708.925634229,/novatel/oem7/fix,/novatel/oem7/fix,/novatel/oem7/inspva,39.663,-75.756,-1.801003006,0.002824027,-0.001013767,-0.001471145,0.002410573,-0.001013767,,0,
1786043708928404454,1786043708.926088134,/novatel/oem7/odom,/novatel/oem7/fix,/novatel/oem7/odom,39.663,-75.756,-1.801003006,0.002826048,-0.001008119,0.002339240,-0.001585719,-0.001008119,,,
1786043708936023116,1786043708.935378646,/novatel/oem7/odom,/novatel/oem7/fix,/novatel/oem7/odom,39.663,-75.756,-1.801003006,0.002826048,-0.001008119,0.002339240,-0.001585719,-0.001008119,,,
1786043708946448806,1786043708.945932538,/novatel/oem7/inspva,/novatel/oem7/inspva,/novatel/oem7/inspva,39.663,-75.756,-1.801017147,0.001809120,0.000009265,-0.001131057,0.001411958,0.000009265,,novatel_oem7_msgs.msg.InertialSolutionStatus(status=3),
1786043708947762099,1786043708.946073933,/novatel/oem7/fix,/novatel/oem7/fix,/novatel/oem7/inspva,39.663,-75.756,-1.801017147,0.001809120,0.000009265,-0.001131057,0.001411958,0.000009265,,0,
1786043708948803726,1786043708.946535930,/novatel/oem7/odom,/novatel/oem7/fix,/novatel/oem7/odom,39.663,-75.756,-1.801017147,0.001809105,0.000011820,0.001354334,-0.001199433,0.000011820,,,
1786043708956228170,1786043708.955590214,/novatel/oem7/odom,/novatel/oem7/fix,/novatel/oem7/odom,39.663,-75.756,-1.801017147,0.001809105,0.000011820,0.001354334,-0.001199433,0.000011820,,,
1786043708966927263,1786043708.966385041,/novatel/oem7/inspva,/novatel/oem7/inspva,/novatel/oem7/inspva,39.663,-75.756,-1.801058820,0.000332494,-0.002985439,0.000327178,0.000059220,-0.002985439,,novatel_oem7_msgs.msg.InertialSolutionStatus(status=3),
1786043708968271606,1786043708.966552026,/novatel/oem7/fix,/novatel/oem7/fix,/novatel/oem7/inspva,39.663,-75.756,-1.801058820,0.000332494,-0.002985439,0.000327178,0.000059220,-0.002985439,,0,
1786043708969335827,1786043708.967077664,/novatel/oem7/odom,/novatel/oem7/fix,/novatel/oem7/odom,39.663,-75.756,-1.801058820,0.000342938,-0.002984258,0.000087785,0.000331513,-0.002984258,,,
1786043708976056953,1786043708.975396234,/novatel/oem7/odom,/novatel/oem7/fix,/novatel/oem7/odom,39.663,-75.756,-1.801058820,0.000342938,-0.002984258,0.000087785,0.000331513,-0.002984258,,,
1786043708985499967,1786043708.984969012,/novatel/oem7/inspva,/novatel/oem7/inspva,/novatel/oem7/inspva,39.663,-75.756,-1.801064925,0.000509323,-0.002653790,-0.000481089,-0.000167225,-0.002653790,,novatel_oem7_msgs.msg.InertialSolutionStatus(status=3),
1786043708986853958,1786043708.985122313,/novatel/oem7/fix,/novatel/oem7/fix,/novatel/oem7/inspva,39.663,-75.756,-1.801064925,0.000509323,-0.002653790,-0.000481089,-0.000167225,-0.002653790,,0,
1786043708987942155,1786043708.985533224,/novatel/oem7/odom,/novatel/oem7/fix,/novatel/oem7/odom,39.663,-75.756,-1.801064925,0.000498911,-0.002655767,-0.000179722,-0.000465417,-0.002655767,,,
1786043708995467766,1786043708.994536344,/novatel/oem7/odom,/novatel/oem7/fix,/novatel/oem7/odom,39.663,-75.756,-1.801064925,0.000498911,-0.002655767,-0.000179722,-0.000465417,-0.002655767,,,
1786043709010612044,1786043709.009956180,/novatel/oem7/inspva,/novatel/oem7/inspva,/novatel/oem7/inspva,39.663,-75.756,-1.801070762,0.003011482,-0.000740625,-0.001669357,0.002506446,-0.000740625,,novatel_oem7_msgs.msg.InertialSolutionStatus(status=3),
1786043709012118992,1786043709.010136046,/novatel/oem7/fix,/novatel/oem7/fix,/novatel/oem7/inspva,39.663,-75.756,-1.801070762,0.003011482,-0.000740625,-0.001669357,0.002506446,-0.000740625,,0,
1786043709013224866,1786043709.011392868,/novatel/oem7/odom,/novatel/oem7/fix,/novatel/oem7/odom,39.663,-75.756,-1.801070762,0.003012828,-0.000735129,0.002424046,-0.001789172,-0.000735129,,,
1786043709016394844,1786043709.015728024,/novatel/oem7/odom,/novatel/oem7/fix,/novatel/oem7/odom,39.663,-75.756,-1.801070762,0.003012828,-0.000735129,0.002424046,-0.001789172,-0.000735129,,,
1786043709025392053,1786043709.024768187,/novatel/oem7/bestpos,/novatel/oem7/bestpos,/novatel/oem7/odom,39.663,-75.756,33.181154162,0.003012828,-0.000735129,0.002424046,-0.001789172,-0.000735129,,novatel_oem7_msgs.msg.SolutionStatus(status=0),novatel_oem7_msgs.msg.PositionOrVelocityType(type=53)
1786043709028082484,1786043709.026473761,/novatel/oem7/bestvel,/novatel/oem7/bestpos,/novatel/oem7/bestvel,39.663,-75.756,33.181154162,0.002974861,-0.001108434,,,,114.203714240,novatel_oem7_msgs.msg.SolutionStatus(status=0),novatel_oem7_msgs.msg.PositionOrVelocityType(type=53)
1786043709029499634,1786043709.026977723,/novatel/oem7/inspva,/novatel/oem7/inspva,/novatel/oem7/inspva,39.663,-75.756,-1.801087581,0.002107416,-0.000072397,-0.001294462,0.001663001,-0.000072397,,novatel_oem7_msgs.msg.InertialSolutionStatus(status=3),
1786043709030334376,1786043709.027187001,/novatel/oem7/fix,/novatel/oem7/fix,/novatel/oem7/inspva,39.663,-75.756,-1.801087581,0.002107416,-0.000072397,-0.001294462,0.001663001,-0.000072397,,0,
1786043709031393417,1786043709.028068617,/novatel/oem7/odom,/novatel/oem7/fix,/novatel/oem7/odom,39.663,-75.756,-1.801087581,0.003012823,-0.000735149,0.002424040,-0.001789170,-0.000735149,,,
1786043709035281415,1786043709.034625840,/novatel/oem7/odom,/novatel/oem7/fix,/novatel/oem7/odom,39.663,-75.756,-1.801087581,0.002107520,-0.000069296,0.001597342,-0.001374825,-0.000069296,,,
1786043709045886491,1786043709.045341179,/novatel/oem7/inspva,/novatel/oem7/inspva,/novatel/oem7/inspva,39.663,-75.756,-1.801089271,0.000778307,-0.002621926,0.000744299,0.000227553,-0.002621926,,novatel_oem7_msgs.msg.InertialSolutionStatus(status=3),
1786043709047370446,1786043709.045533900,/novatel/oem7/fix,/novatel/oem7/fix,/novatel/oem7/inspva,39.663,-75.756,-1.801089271,0.000778307,-0.002621926,0.000744299,0.000227553,-0.002621926,,0,
1786043709048514663,1786043709.046113236,/novatel/oem7/odom,/novatel/oem7/fix,/novatel/oem7/odom,39.663,-75.756,-1.801089271,0.000788493,-0.002618881,0.000274990,0.000738987,-0.002618881,,,
1786043709057130059,1786043709.056475856,/novatel/oem7/odom,/novatel/oem7/fix,/novatel/oem7/odom,39.663,-75.756,-1.801089271,0.000788493,-0.002618881,0.000274990,0.000738987,-0.002618881,,,
1786043709065890310,1786043709.065310260,/novatel/oem7/inspva,/novatel/oem7/inspva,/novatel/oem7/inspva,39.663,-75.756,-1.801066138,0.000571055,-0.003039309,0.000261675,-0.000507572,-0.003039309,,novatel_oem7_msgs.msg.InertialSolutionStatus(status=3),
1786043709067326697,1786043709.065505706,/novatel/oem7/fix,/novatel/oem7/fix,/novatel/oem7/inspva,39.663,-75.756,-1.801066138,0.000571055,-0.003039309,0.000261675,-0.000507572,-0.003039309,,0,
1786043709068389294,1786043709.065975490,/novatel/oem7/odom,/novatel/oem7/fix,/novatel/oem7/odom,39.663,-75.756,-1.801066138,0.000564210,-0.003040587,-0.000481376,0.000294296,-0.003040587,,,
1786043709075247096,1786043709.074576692,/novatel/oem7/odom,/novatel/oem7/fix,/novatel/oem7/odom,39.663,-75.756,-1.801066138,0.000564210,-0.003040587,-0.000481376,0.000294296,-0.003040587,,,
1786043709086001243,1786043709.085488274,/novatel/oem7/inspva,/novatel/oem7/inspva,/novatel/oem7/inspva,39.663,-75.756,-1.801039177,0.002338185,-0.001244234,-0.001502973,0.001791139,-0.001244234,,novatel_oem7_msgs.msg.InertialSolutionStatus(status=3),
1786043709087388136,1786043709.085653639,/novatel/oem7/fix,/novatel/oem7/fix,/novatel/oem7/inspva,39.663,-75.756,-1.801039177,0.002338185,-0.001244234,-0.001502973,0.001791139,-0.001244234,,0,
1786043709088438250,1786043709.086148704,/novatel/oem7/odom,/novatel/oem7/fix,/novatel/oem7/odom,39.663,-75.756,-1.801039177,0.002339752,-0.001241284,0.001719883,-0.001586330,-0.001241284,,,
1786043709096314238,1786043709.095654175,/novatel/oem7/odom,/novatel/oem7/fix,/novatel/oem7/odom,39.663,-75.756,-1.801039177,0.002339752,-0.001241284,0.001719883,-0.001586330,-0.001241284,,,
1786043709106371752,1786043709.105865583,/novatel/oem7/inspva,/novatel/oem7/inspva,/novatel/oem7/inspva,39.663,-75.756,-1.801019563,0.001787913,-0.000789151,-0.001413003,0.001095470,-0.000789151,,novatel_oem7_msgs.msg.InertialSolutionStatus(status=3),
1786043709107847330,1786043709.106032788,/novatel/oem7/fix,/novatel/oem7/fix,/novatel/oem7/inspva,39.663,-75.756,-1.801019563,0.001787913,-0.000789151,-0.001413003,0.001095470,-0.000789151,,0,
1786043709108920370,1786043709.106400618,/novatel/oem7/odom,/novatel/oem7/fix,/novatel/oem7/odom,39.663,-75.756,-1.801019563,0.001788120,-0.000788682,0.001027657,-0.001463316,-0.000788682,,,
1786043709110524066,1786043709.109863437,/novatel/oem7/bestpos,/novatel/oem7/bestpos,/novatel/oem7/odom,39.663,-75.756,33.181234336,0.001788120,-0.000788682,0.001027657,-0.001463316,-0.000788682,,novatel_oem7_msgs.msg.SolutionStatus(status=0),novatel_oem7_msgs.msg.PositionOrVelocityType(type=53)
1786043709111958394,1786043709.110471093,/novatel/oem7/bestvel,/novatel/oem7/bestpos,/novatel/oem7/bestvel,39.663,-75.756,33.181234336,0.002446896,-0.001443570,,,,119.466134432,novatel_oem7_msgs.msg.SolutionStatus(status=0),novatel_oem7_msgs.msg.PositionOrVelocityType(type=53)
1786043709115233296,1786043709.114559343,/novatel/oem7/odom,/novatel/oem7/bestpos,/novatel/oem7/odom,39.663,-75.756,33.181234336,0.001788120,-0.000788682,0.001027657,-0.001463316,-0.000788682,,,
1786043709127086728,1786043709.126563925,/novatel/oem7/inspva,/novatel/oem7/inspva,/novatel/oem7/inspva,39.663,-75.756,-1.801015667,0.000602245,-0.001614919,0.000552326,0.000240072,-0.001614919,,novatel_oem7_msgs.msg.InertialSolutionStatus(status=3),
1786043709128462381,1786043709.126730814,/novatel/oem7/fix,/novatel/oem7/fix,/novatel/oem7/inspva,39.663,-75.756,-1.801015667,0.000602245,-0.001614919,0.000552326,0.000240072,-0.001614919,,0,
1786043709129498548,1786043709.127227492,/novatel/oem7/odom,/novatel/oem7/fix,/novatel/oem7/odom,39.663,-75.756,-1.801015667,0.000609010,-0.001612380,0.000273788,0.000543998,-0.001612380,,,
1786043709135345970,1786043709.134705280,/novatel/oem7/odom,/novatel/oem7/fix,/novatel/oem7/odom,39.663,-75.756,-1.801015667,0.000609010,-0.001612380,0.000273788,0.000543998,-0.001612380,,,
1786043709145728156,1786043709.145194371,/novatel/oem7/inspva,/novatel/oem7/inspva,/novatel/oem7/inspva,39.663,-75.756,-1.801004202,0.000188305,-0.002206995,-0.000167308,0.000086410,-0.002206995,,novatel_oem7_msgs.msg.InertialSolutionStatus(status=3),
1786043709147066236,1786043709.145349925,/novatel/oem7/fix,/novatel/oem7/fix,/novatel/oem7/inspva,39.663,-75.756,-1.801004202,0.000188305,-0.002206995,-0.000167308,0.000086410,-0.002206995,,0,
1786043709148176577,1786043709.145711049,/novatel/oem7/odom,/novatel/oem7/fix,/novatel/oem7/odom,39.663,-75.756,-1.801004202,0.000187181,-0.002207091,0.000087228,-0.000165614,-0.002207091,,,
1786043709156850620,1786043709.156004105,/novatel/oem7/odom,/novatel/oem7/fix,/novatel/oem7/odom,39.663,-75.756,-1.801004202,0.000187181,-0.002207091,0.000087228,-0.000165614,-0.002207091,,,
1786043709165549374,1786043709.165235237,/novatel/oem7/inspva,/novatel/oem7/inspva,/novatel/oem7/inspva,39.663,-75.756,-1.800983968,0.002086806,-0.001941557,-0.001588115,0.001353755,-0.001941557,,novatel_oem7_msgs.msg.InertialSolutionStatus(status=3),
1786043709166396081,1786043709.165433265,/novatel/oem7/fix,/novatel/oem7/fix,/novatel/oem7/inspva,39.663,-75.756,-1.800983968,0.002086806,-0.001941557,-0.001588115,0.001353755,-0.001941557,,0,
1786043709167436849,1786043709.165883659,/novatel/oem7/odom,/novatel/oem7/fix,/novatel/oem7/odom,39.663,-75.756,-1.800983968,0.002087687,-0.001940610,0.001281693,-0.001647938,-0.001940610,,,
1786043709175492025,1786043709.174844992,/novatel/oem7/odom,/novatel/oem7/fix,/novatel/oem7/odom,39.663,-75.756,-1.800983968,0.002087687,-0.001940610,0.001281693,-0.001647938,-0.001940610,,,
1786043709185740604,1786043709.185196988,/novatel/oem7/inspva,/novatel/oem7/inspva,/novatel/oem7/inspva,39.663,-75.756,-1.800953785,0.001910208,-0.000857512,-0.001173429,0.001507302,-0.000857512,,novatel_oem7_msgs.msg.InertialSolutionStatus(status=3),
1786043709187012076,1786043709.185359503,/novatel/oem7/fix,/novatel/oem7/fix,/novatel/oem7/inspva,39.663,-75.756,-1.800953785,0.001910208,-0.000857512,-0.001173429,0.001507302,-0.000857512,,0,
1786043709188362386,1786043709.185799457,/novatel/oem7/odom,/novatel/oem7/fix,/novatel/oem7/odom,39.663,-75.756,-1.800953785,0.001911445,-0.000854751,0.001451059,-0.001244207,-0.000854751,,,
1786043709195034603,1786043709.194342439,/novatel/oem7/odom,/novatel/oem7/fix,/novatel/oem7/odom,39.663,-75.756,-1.800953785,0.001911445,-0.000854751,0.001451059,-0.001244207,-0.000854751,,,
1786043709206974504,1786043709.206476313,/novatel/oem7/inspva,/novatel/oem7/inspva,/novatel/oem7/inspva,39.663,-75.756,-1.800943569,0.000779685,-0.000890825,-0.000036831,0.000778815,-0.000890825,,novatel_oem7_msgs.msg.InertialSolutionStatus(status=3),
1786043709208256140,1786043709.206645581,/novatel/oem7/fix,/novatel/oem7/fix,/novatel/oem7/inspva,39.663,-75.756,-1.800943569,0.000779685,-0.000890825,-0.000036831,0.000778815,-0.000890825,,0,
1786043709209280104,1786043709.207104583,/novatel/oem7/odom,/novatel/oem7/fix,/novatel/oem7/odom,39.663,-75.756,-1.800943569,0.000783184,-0.000887751,0.000779780,-0.000072935,-0.000887751,,,
1786043709211060632,1786043709.210177169,/novatel/oem7/bestpos,/novatel/oem7/bestpos,/novatel/oem7/odom,39.663,-75.756,33.181306784,0.000783184,-0.000887751,0.000779780,-0.000072935,-0.000887751,,novatel_oem7_msgs.msg.SolutionStatus(status=0),novatel_oem7_msgs.msg.PositionOrVelocityType(type=53)
1786043709211957594,1786043709.210538343,/novatel/oem7/bestvel,/novatel/oem7/bestpos,/novatel/oem7/bestvel,39.663,-75.756,33.181306784,0.002339487,-0.001478524,,,,99.363216604,novatel_oem7_msgs.msg.SolutionStatus(status=0),novatel_oem7_msgs.msg.PositionOrVelocityType(type=53)
1786043709216079732,1786043709.215439665,/novatel/oem7/odom,/novatel/oem7/bestpos,/novatel/oem7/odom,39.663,-75.756,33.181306784,0.000783184,-0.000887751,0.000779780,-0.000072935,-0.000887751,,,
1786043709225265766,1786043709.224911926,/novatel/oem7/inspva,/novatel/oem7/inspva,/novatel/oem7/inspva,39.663,-75.756,-1.800925462,0.001162079,-0.000924551,0.000304473,0.001121483,-0.000924551,,novatel_oem7_msgs.msg.InertialSolutionStatus(status=3),
1786043709225835485,1786043709.225064774,/novatel/oem7/fix,/novatel/oem7/fix,/novatel/oem7/inspva,39.663,-75.756,-1.800925462,0.001162079,-0.000924551,0.000304473,0.001121483,-0.000924551,,0,
1786043709226279047,1786043709.225506509,/novatel/oem7/odom,/novatel/oem7/fix,/novatel/oem7/odom,39.663,-75.756,-1.800925462,0.001166340,-0.000919170,0.001138988,0.000251108,-0.000919170,,,
1786043709234768829,1786043709.234451704,/novatel/oem7/odom,/novatel/oem7/fix,/novatel/oem7/odom,39.663,-75.756,-1.800925462,0.001166340,-0.000919170,0.001138988,0.000251108,-0.000919170,,,
1786043709246992732,1786043709.246497224,/novatel/oem7/inspva,/novatel/oem7/inspva,/novatel/oem7/inspva,39.663,-75.756,-1.800918212,0.002230078,-0.002513364,-0.001157273,0.001906296,-0.002513364,,novatel_oem7_msgs.msg.InertialSolutionStatus(status=3),
1786043709248312012,1786043709.246646209,/novatel/oem7/fix,/novatel/oem7/fix,/novatel/oem7/inspva,39.663,-75.756,-1.800918212,0.002230078,-0.002513364,-0.001157273,0.001906296,-0.002513364,,0,
1786043709249349599,1786043709.247006575,/novatel/oem7/odom,/novatel/oem7/fix,/novatel/oem7/odom,39.663,-75.756,-1.800918212,0.002235041,-0.002508952,0.001857200,-0.001243470,-0.002508952,,,
1786043709257227364,1786043709.256580504,/novatel/oem7/odom,/novatel/oem7/fix,/novatel/oem7/odom,39.663,-75.756,-1.800918212,0.002235041,-0.002508952,0.001857200,-0.001243470,-0.002508952,,,
1786043709265561690,1786043709.265047538,/novatel/oem7/inspva,/novatel/oem7/inspva,/novatel/oem7/inspva,39.663,-75.756,-1.800887733,0.001382897,-0.001885672,-0.000931900,0.001021747,-0.001885672,,novatel_oem7_msgs.msg.InertialSolutionStatus(status=3),
1786043709266850066,1786043709.265197906,/novatel/oem7/fix,/novatel/oem7/fix,/novatel/oem7/inspva,39.663,-75.756,-1.800887733,0.001382897,-0.001885672,-0.000931900,0.001021747,-0.001885672,,0,
1786043709267891300,1786043709.265596034,/novatel/oem7/odom,/novatel/oem7/fix,/novatel/oem7/odom,39.663,-75.756,-1.800887733,0.001384958,-0.001884159,0.000982310,-0.000976307,-0.001884159,,,
1786043709275543833,1786043709.274919513,/novatel/oem7/odom,/novatel/oem7/fix,/novatel/oem7/odom,39.663,-75.756,-1.800887733,0.001384958,-0.001884159,0.000982310,-0.000976307,-0.001884159,,,
1786043709285903446,1786043709.285399084,/novatel/oem7/inspva,/novatel/oem7/inspva,/novatel/oem7/inspva,39.663,-75.756,-1.800859519,0.001598972,0.000270888,-0.000489688,0.001522142,0.000270888,,novatel_oem7_msgs.msg.InertialSolutionStatus(status=3),
1786043709287205185,1786043709.285561382,/novatel/oem7/fix,/novatel/oem7/fix,/novatel/oem7/inspva,39.663,-75.756,-1.800859519,0.001598972,0.000270888,-0.000489688,0.001522142,0.000270888,,0,
1786043709288612552,1786043709.286178815,/novatel/oem7/odom,/novatel/oem7/fix,/novatel/oem7/odom,39.663,-75.756,-1.800859519,0.001598159,0.000275645,0.001494954,-0.000564999,0.000275645,,,
1786043709295630188,1786043709.295006228,/novatel/oem7/odom,/novatel/oem7/fix,/novatel/oem7/odom,39.663,-75.756,-1.800859519,0.001598159,0.000275645,0.001494954,-0.000564999,0.000275645,,,
1786043709306393019,1786043709.305902890,/novatel/oem7/inspva,/novatel/oem7/inspva,/novatel/oem7/inspva,39.663,-75.756,-1.800843470,0.001213480,-0.000072921,0.000117585,0.001207769,-0.000072921,,novatel_oem7_msgs.msg.InertialSolutionStatus(status=3),
1786043709307700112,1786043709.306045929,/novatel/oem7/fix,/novatel/oem7/fix,/novatel/oem7/inspva,39.663,-75.756,-1.800843470,0.001213480,-0.000072921,0.000117585,0.001207769,-0.000072921,,0,
1786043709308723115,1786043709.306546560,/novatel/oem7/odom,/novatel/oem7/fix,/novatel/oem7/odom,39.663,-75.756,-1.800843470,0.001213784,-0.000067677,0.001212399,0.000057955,-0.000067677,,,
1786043709310603104,1786043709.309932761,/novatel/oem7/bestpos,/novatel/oem7/bestpos,/novatel/oem7/odom,39.663,-75.756,33.181394242,0.001213784,-0.000067677,0.001212399,0.000057955,-0.000067677,,novatel_oem7_msgs.msg.SolutionStatus(status=0),novatel_oem7_msgs.msg.PositionOrVelocityType(type=53)
1786043709311951177,1786043709.310479083,/novatel/oem7/bestvel,/novatel/oem7/bestpos,/novatel/oem7/bestvel,39.663,-75.756,33.181394242,0.002813215,-0.001168461,,,,76.693044554,novatel_oem7_msgs.msg.SolutionStatus(status=0),novatel_oem7_msgs.msg.PositionOrVelocityType(type=53)
1786043709315136349,1786043709.314508736,/novatel/oem7/odom,/novatel/oem7/bestpos,/novatel/oem7/odom,39.663,-75.756,33.181394242,0.001213784,-0.000067677,0.001212399,0.000057955,-0.000067677,,,
1786043709325872003,1786043709.325320720,/novatel/oem7/inspva,/novatel/oem7/inspva,/novatel/oem7/inspva,39.663,-75.756,-1.800841631,0.000664794,-0.002442490,-0.000332875,0.000575452,-0.002442490,,novatel_oem7_msgs.msg.InertialSolutionStatus(status=3),
1786043709327188241,1786043709.325486449,/novatel/oem7/fix,/novatel/oem7/fix,/novatel/oem7/inspva,39.663,-75.756,-1.800841631,0.000664794,-0.002442490,-0.000332875,0.000575452,-0.002442490,,0,
1786043709327655054,1786043709.326159725,/novatel/oem7/odom,/novatel/oem7/fix,/novatel/oem7/odom,39.663,-75.756,-1.800841631,0.000669973,-0.002441074,0.000568485,-0.000354526,-0.002441074,,,
1786043709336263692,1786043709.335624629,/novatel/oem7/odom,/novatel/oem7/fix,/novatel/oem7/odom,39.663,-75.756,-1.800841631,0.000669973,-0.002441074,0.000568485,-0.000354526,-0.002441074,,,
1786043709345854527,1786043709.345367636,/novatel/oem7/inspva,/novatel/oem7/inspva,/novatel/oem7/inspva,39.663,-75.756,-1.800818034,0.001137295,-0.002531018,-0.000338258,0.001085828,-0.002531018,,novatel_oem7_msgs.msg.InertialSolutionStatus(status=3),
1786043709347130404,1786043709.345522591,/novatel/oem7/fix,/novatel/oem7/fix,/novatel/oem7/inspva,39.663,-75.756,-1.800818034,0.001137295,-0.002531018,-0.000338258,0.001085828,-0.002531018,,0,
1786043709348148654,1786043709.345887891,/novatel/oem7/odom,/novatel/oem7/fix,/novatel/oem7/odom,39.663,-75.756,-1.800818034,0.001144963,-0.002527559,0.001078337,-0.000384876,-0.002527559,,,
1786043709356392979,1786043709.355745441,/novatel/oem7/odom,/novatel/oem7/fix,/novatel/oem7/odom,39.663,-75.756,-1.800818034,0.001144963,-0.002527559,0.001078337,-0.000384876,-0.002527559,,,
1786043709367328768,1786043709.366636458,/novatel/oem7/inspva,/novatel/oem7/inspva,/novatel/oem7/inspva,39.663,-75.756,-1.800782550,0.002440920,0.000341247,-0.001527536,0.001903871,0.000341247,,novatel_oem7_msgs.msg.InertialSolutionStatus(status=3),
1786043709369126112,1786043709.366865273,/novatel/oem7/fix,/novatel/oem7/fix,/novatel/oem7/inspva,39.663,-75.756,-1.800782550,0.002440920,0.000341247,-0.001527536,0.001903871,0.000341247,,0,
1786043709370532393,1786043709.367676651,/novatel/oem7/odom,/novatel/oem7/fix,/novatel/oem7/odom,39.663,-75.756,-1.800782550,0.002440446,0.000344623,0.001824620,-0.001620660,0.000344623,,,
1786043709375770528,1786043709.374713594,/novatel/oem7/odom,/novatel/oem7/fix,/novatel/oem7/odom,39.663,-75.756,-1.800782550,0.002440446,0.000344623,0.001824620,-0.001620660,0.000344623,,,
1786043709385690680,1786043709.385012010,/novatel/oem7/inspva,/novatel/oem7/inspva,/novatel/oem7/inspva,39.663,-75.756,-1.800763012,0.001530598,0.000600138,-0.000528970,0.001436287,0.000600138,,novatel_oem7_msgs.msg.InertialSolutionStatus(status=3),
1786043709387035513,1786043709.385164438,/novatel/oem7/fix,/novatel/oem7/fix,/novatel/oem7/inspva,39.663,-75.756,-1.800763012,0.001530598,0.000600138,-0.000528970,0.001436287,0.000600138,,0,
1786043709388107477,1786043709.385529061,/novatel/oem7/odom,/novatel/oem7/fix,/novatel/oem7/odom,39.663,-75.756,-1.800763012,0.001528898,0.000604457,0.001405864,-0.000600894,0.000604457,,,
1786043709395827148,1786043709.395392913,/novatel/oem7/odom,/novatel/oem7/fix,/novatel/oem7/odom,39.663,-75.756,-1.800763012,0.001528898,0.000604457,0.001405864,-0.000600894,0.000604457,,,
1786043709406890301,1786043709.406483130,/novatel/oem7/inspva,/novatel/oem7/inspva,/novatel/oem7/inspva,39.663,-75.756,-1.800768881,0.000484590,-0.002544178,0.000479242,-0.000071793,-0.002544178,,novatel_oem7_msgs.msg.InertialSolutionStatus(status=3),
1786043709407523069,1786043709.406622218,/novatel/oem7/fix,/novatel/oem7/fix,/novatel/oem7/inspva,39.663,-75.756,-1.800768881,0.000484590,-0.002544178,0.000479242,-0.000071793,-0.002544178,,0,
1786043709408167928,1786043709.407335645,/novatel/oem7/odom,/novatel/oem7/fix,/novatel/oem7/odom,39.663,-75.756,-1.800768881,0.000490249,-0.002543094,-0.000037359,0.000488824,-0.002543094,,,
1786043709410757982,1786043709.410236121,/novatel/oem7/bestpos,/novatel/oem7/bestpos,/novatel/oem7/odom,39.663,-75.756,33.181477299,0.000490249,-0.002543094,-0.000037359,0.000488824,-0.002543094,,novatel_oem7_msgs.msg.SolutionStatus(status=0),novatel_oem7_msgs.msg.PositionOrVelocityType(type=53)
1786043709411367165,1786043709.410705642,/novatel/oem7/bestvel,/novatel/oem7/bestpos,/novatel/oem7/bestvel,39.663,-75.756,33.181477299,0.000543905,-0.002397822,,,,118.527678635,novatel_oem7_msgs.msg.SolutionStatus(status=0),novatel_oem7_msgs.msg.PositionOrVelocityType(type=53)
1786043709416278489,1786043709.415929274,/novatel/oem7/odom,/novatel/oem7/bestpos,/novatel/oem7/odom,39.663,-75.756,33.181477299,0.000490249,-0.002543094,-0.000037359,0.000488824,-0.002543094,,,
1786043709426399223,1786043709.426152195,/novatel/oem7/inspva,/novatel/oem7/inspva,/novatel/oem7/inspva,39.663,-75.756,-1.800744172,0.000380529,-0.002516925,0.000361733,0.000118116,-0.002516925,,novatel_oem7_msgs.msg.InertialSolutionStatus(status=3),
1786043709427000532,1786043709.426233531,/novatel/oem7/fix,/novatel/oem7/fix,/novatel/oem7/inspva,39.663,-75.756,-1.800744172,0.000380529,-0.002516925,0.000361733,0.000118116,-0.002516925,,0,
1786043709427475574,1786043709.426679977,/novatel/oem7/odom,/novatel/oem7/fix,/novatel/oem7/odom,39.663,-75.756,-1.800744172,0.000390447,-0.002515405,0.000146317,0.000361995,-0.002515405,,,
1786043709434868911,1786043709.434539405,/novatel/oem7/odom,/novatel/oem7/fix,/novatel/oem7/odom,39.663,-75.756,-1.800744172,0.000390447,-0.002515405,0.000146317,0.000361995,-0.002515405,,,
1786043709445517545,1786043709.445240586,/novatel/oem7/inspva,/novatel/oem7/inspva,/novatel/oem7/inspva,39.663,-75.756,-1.800719975,0.003169222,-0.000659856,-0.001819869,0.002594619,-0.000659856,,novatel_oem7_msgs.msg.InertialSolutionStatus(status=3),
1786043709446086044,1786043709.445318098,/novatel/oem7/fix,/novatel/oem7/fix,/novatel/oem7/inspva,39.663,-75.756,-1.800719975,0.003169222,-0.000659856,-0.001819869,0.002594619,-0.000659856,,0,
1786043709446774250,1786043709.445958129,/novatel/oem7/odom,/novatel/oem7/fix,/novatel/oem7/odom,39.663,-75.756,-1.800719975,0.003170322,-0.000654550,0.002504247,-0.001944143,-0.000654550,,,
1786043709456735004,1786043709.456306702,/novatel/oem7/odom,/novatel/oem7/fix,/novatel/oem7/odom,39.663,-75.756,-1.800719975,0.003170322,-0.000654550,0.002504247,-0.001944143,-0.000654550,,,
1786043709465275419,1786043709.465001295,/novatel/oem7/inspva,/novatel/oem7/inspva,/novatel/oem7/inspva,39.663,-75.756,-1.800694366,0.002054723,0.000322597,-0.000821891,0.001883184,0.000322597,,novatel_oem7_msgs.msg.InertialSolutionStatus(status=3),
1786043709465881781,1786043709.465149118,/novatel/oem7/fix,/novatel/oem7/fix,/novatel/oem7/inspva,39.663,-75.756,-1.800694366,0.002054723,0.000322597,-0.000821891,0.001883184,0.000322597,,0,
1786043709466344803,1786043709.465579304,/novatel/oem7/odom,/novatel/oem7/fix,/novatel/oem7/odom,39.663,-75.756,-1.800694366,0.002053883,0.000327903,0.001838883,-0.000914846,0.000327903,,,
1786043709475074799,1786043709.474570650,/novatel/oem7/odom,/novatel/oem7/fix,/novatel/oem7/odom,39.663,-75.756,-1.800694366,0.002053883,0.000327903,0.001838883,-0.000914846,0.000327903,,,
1786043709487062624,1786043709.486622453,/novatel/oem7/inspva,/novatel/oem7/inspva,/novatel/oem7/inspva,39.663,-75.756,-1.800697503,0.000751024,-0.001671679,0.000679734,-0.000319372,-0.001671679,,novatel_oem7_msgs.msg.InertialSolutionStatus(status=3),
1786043709487737270,1786043709.486778971,/novatel/oem7/fix,/novatel/oem7/fix,/novatel/oem7/inspva,39.663,-75.756,-1.800697503,0.000751024,-0.001671679,0.000679734,-0.000319372,-0.001671679,,0,
1786043709488196454,1786043709.487248555,/novatel/oem7/odom,/novatel/oem7/fix,/novatel/oem7/odom,39.663,-75.756,-1.800697503,0.000752433,-0.001671045,-0.000278367,0.000699047,-0.001671045,,,
1786043709495105224,1786043709.494767354,/novatel/oem7/odom,/novatel/oem7/fix,/novatel/oem7/odom,39.663,-75.756,-1.800697503,0.000752433,-0.001671045,-0.000278367,0.000699047,-0.001671045,,,
1786043709506434196,1786043709.506066663,/novatel/oem7/inspva,/novatel/oem7/inspva,/novatel/oem7/inspva,39.663,-75.756,-1.800679930,0.000942940,-0.002444528,0.000530878,0.000779297,-0.002444528,,novatel_oem7_msgs.msg.InertialSolutionStatus(status=3),
1786043709507029935,1786043709.506202648,/novatel/oem7/fix,/novatel/oem7/fix,/novatel/oem7/inspva,39.663,-75.756,-1.800679930,0.000942940,-0.002444528,0.000530878,0.000779297,-0.002444528,,0,
1786043709507489414,1786043709.506528566,/novatel/oem7/odom,/novatel/oem7/fix,/novatel/oem7/odom,39.663,-75.756,-1.800679930,0.000954968,-0.002439855,0.000814774,0.000498103,-0.002439855,,,
1786043709511897418,1786043709.511483900,/novatel/oem7/bestpos,/novatel/oem7/bestpos,/novatel/oem7/odom,39.663,-75.756,33.181563174,0.000954968,-0.002439855,0.000814774,0.000498103,-0.002439855,,novatel_oem7_msgs.msg.SolutionStatus(status=0),novatel_oem7_msgs.msg.PositionOrVelocityType(type=53)
1786043709513644814,1786043709.513389662,/novatel/oem7/bestvel,/novatel/oem7/bestpos,/novatel/oem7/bestvel,39.663,-75.756,33.181563174,0.000833327,-0.002381133,,,,44.098583589,novatel_oem7_msgs.msg.SolutionStatus(status=0),novatel_oem7_msgs.msg.PositionOrVelocityType(type=53)
1786043709515927833,1786043709.515623218,/novatel/oem7/odom,/novatel/oem7/bestpos,/novatel/oem7/odom,39.663,-75.756,33.181563174,0.000954968,-0.002439855,0.000814774,0.000498103,-0.002439855,,,
1786043709525837662,1786043709.525398701,/novatel/oem7/inspva,/novatel/oem7/inspva,/novatel/oem7/inspva,39.663,-75.756,-1.800655265,0.002191105,-0.000929308,-0.001374141,0.001706657,-0.000929308,,novatel_oem7_msgs.msg.InertialSolutionStatus(status=3),
1786043709526457368,1786043709.525565610,/novatel/oem7/fix,/novatel/oem7/fix,/novatel/oem7/inspva,39.663,-75.756,-1.800655265,0.002191105,-0.000929308,-0.001374141,0.001706657,-0.000929308,,0,
1786043709526916719,1786043709.526064225,/novatel/oem7/odom,/novatel/oem7/fix,/novatel/oem7/odom,39.663,-75.756,-1.800655265,0.002192372,-0.000926316,0.001640490,-0.001454402,-0.000926316,,,
1786043709535460454,1786043709.535103991,/novatel/oem7/odom,/novatel/oem7/fix,/novatel/oem7/odom,39.663,-75.756,-1.800655265,0.002192372,-0.000926316,0.001640490,-0.001454402,-0.000926316,,,
1786043709546801736,1786043709.546196008,/novatel/oem7/inspva,/novatel/oem7/inspva,/novatel/oem7/inspva,39.663,-75.756,-1.800627713,0.002733350,-0.000134361,-0.001215581,0.002448176,-0.000134361,,novatel_oem7_msgs.msg.InertialSolutionStatus(status=3),
1786043709547275336,1786043709.546464014,/novatel/oem7/fix,/novatel/oem7/fix,/novatel/oem7/inspva,39.663,-75.756,-1.800627713,0.002733350,-0.000134361,-0.001215581,0.002448176,-0.000134361,,0,
1786043709547927859,1786043709.546851499,/novatel/oem7/odom,/novatel/oem7/fix,/novatel/oem7/odom,39.663,-75.756,-1.800627713,0.002733658,-0.000127942,0.002385619,-0.001334807,-0.000127942,,,
1786043709556126752,1786043709.555806913,/novatel/oem7/odom,/novatel/oem7/fix,/novatel/oem7/odom,39.663,-75.756,-1.800627713,0.002733658,-0.000127942,0.002385619,-0.001334807,-0.000127942,,,
1786043709565574392,1786043709.565258417,/novatel/oem7/inspva,/novatel/oem7/inspva,/novatel/oem7/inspva,39.663,-75.756,-1.800611695,0.001120041,-0.000321804,0.000531906,0.000985681,-0.000321804,,novatel_oem7_msgs.msg.InertialSolutionStatus(status=3),
1786043709566184576,1786043709.565448503,/novatel/oem7/fix,/novatel/oem7/fix,/novatel/oem7/inspva,39.663,-75.756,-1.800611695,0.001120041,-0.000321804,0.000531906,0.000985681,-0.000321804,,0,
1786043709566845638,1786043709.566062706,/novatel/oem7/odom,/novatel/oem7/fix,/novatel/oem7/odom,39.663,-75.756,-1.800611695,0.001121619,-0.000316261,0.001012130,0.000483344,-0.000316261,,,
1786043709575803922,1786043709.575446165,/novatel/oem7/odom,/novatel/oem7/fix,/novatel/oem7/odom,39.663,-75.756,-1.800611695,0.001121619,-0.000316261,0.001012130,0.000483344,-0.000316261,,,
1786043709585284584,1786043709.584986487,/novatel/oem7/inspva,/novatel/oem7/inspva,/novatel/oem7/inspva,39.663,-75.756,-1.800594589,0.001313095,-0.001114195,0.000506390,0.001211523,-0.001114195,,novatel_oem7_msgs.msg.InertialSolutionStatus(status=3),
1786043709585925676,1786043709.585195375,/novatel/oem7/fix,/novatel/oem7/fix,/novatel/oem7/inspva,39.663,-75.756,-1.800594589,0.001313095,-0.001114195,0.000506390,0.001211523,-0.001114195,,0,
1786043709586371001,1786043709.585511890,/novatel/oem7/odom,/novatel/oem7/fix,/novatel/oem7/odom,39.663,-75.756,-1.800594589,0.001318451,-0.001107852,0.001239721,0.000448780,-0.001107852,,,
1786043709594762447,1786043709.594396440,/novatel/oem7/odom,/novatel/oem7/fix,/novatel/oem7/odom,39.663,-75.756,-1.800594589,0.001318451,-0.001107852,0.001239721,0.000448780,-0.001107852,,,
1786043709606664095,1786043709.606378469,/novatel/oem7/inspva,/novatel/oem7/inspva,/novatel/oem7/inspva,39.663,-75.756,-1.800579849,0.002880003,-0.001614786,-0.001110964,0.002657099,-0.001614786,,novatel_oem7_msgs.msg.InertialSolutionStatus(status=3),
1786043709607263793,1786043709.606493856,/novatel/oem7/fix,/novatel/oem7/fix,/novatel/oem7/inspva,39.663,-75.756,-1.800579849,0.002880003,-0.001614786,-0.001110964,0.002657099,-0.001614786,,0,
1786043709607721609,1786043709.607047669,/novatel/oem7/odom,/novatel/oem7/fix,/novatel/oem7/odom,39.663,-75.756,-1.800579849,0.002884218,-0.001607246,0.002605575,-0.001236806,-0.001607246,,,
1786043709611518391,1786043709.610278105,/novatel/oem7/bestpos,/novatel/oem7/bestpos,/novatel/oem7/odom,39.663,-75.756,33.181666129,0.002884218,-0.001607246,0.002605575,-0.001236806,-0.001607246,,novatel_oem7_msgs.msg.SolutionStatus(status=0),novatel_oem7_msgs.msg.PositionOrVelocityType(type=53)
1786043709612101991,1786043709.610681764,/novatel/oem7/bestvel,/novatel/oem7/bestpos,/novatel/oem7/bestvel,39.663,-75.756,33.181666129,0.001742780,-0.000904828,,,,131.013486197,novatel_oem7_msgs.msg.SolutionStatus(status=0),novatel_oem7_msgs.msg.PositionOrVelocityType(type=53)
1786043709615223289,1786043709.614876407,/novatel/oem7/odom,/novatel/oem7/bestpos,/novatel/oem7/odom,39.663,-75.756,33.181666129,0.002884218,-0.001607246,0.002605575,-0.001236806,-0.001607246,,,
1786043709625584428,1786043709.625077052,/novatel/oem7/inspva,/novatel/oem7/inspva,/novatel/oem7/inspva,39.663,-75.756,-1.800552203,0.001926978,-0.000861640,-0.001092934,0.001587054,-0.000861640,,novatel_oem7_msgs.msg.InertialSolutionStatus(status=3),
1786043709626156608,1786043709.625262627,/novatel/oem7/fix,/novatel/oem7/fix,/novatel/oem7/inspva,39.663,-75.756,-1.800552203,0.001926978,-0.000861640,-0.001092934,0.001587054,-0.000861640,,0,
1786043709626619761,1786043709.625687340,/novatel/oem7/odom,/novatel/oem7/fix,/novatel/oem7/odom,39.663,-75.756,-1.800552203,0.001928468,-0.000858300,0.001534644,-0.001167844,-0.000858300,,,
1786043709635784357,1786043709.635449341,/novatel/oem7/odom,/novatel/oem7/fix,/novatel/oem7/odom,39.663,-75.756,-1.800552203,0.001928468,-0.000858300,0.001534644,-0.001167844,-0.000858300,,,
1786043709645613291,1786043709.645342090,/novatel/oem7/inspva,/novatel/oem7/inspva,/novatel/oem7/inspva,39.663,-75.756,-1.800537623,0.001868892,-0.000380689,0.000102533,0.001866077,-0.000380689,,novatel_oem7_msgs.msg.InertialSolutionStatus(status=3),
1786043709646615772,1786043709.645548415,/novatel/oem7/fix,/novatel/oem7/fix,/novatel/oem7/inspva,39.663,-75.756,-1.800537623,0.001868892,-0.000380689,0.000102533,0.001866077,-0.000380689,,0,
1786043709647682570,1786043709.646102364,/novatel/oem7/odom,/novatel/oem7/fix,/novatel/oem7/odom,39.663,-75.756,-1.800537623,0.001870468,-0.000372867,0.001870435,0.000011092,-0.000372867,,,
1786043709657052619,1786043709.656391366,/novatel/oem7/odom,/novatel/oem7/fix,/novatel/oem7/odom,39.663,-75.756,-1.800537623,0.001870468,-0.000372867,0.001870435,0.000011092,-0.000372867,,,
1786043709668146309,1786043709.666154367,/novatel/oem7/inspva,/novatel/oem7/inspva,/novatel/oem7/inspva,39.663,-75.756,-1.800519636,0.001527530,-0.000150446,0.000213224,0.001512575,-0.000150446,,novatel_oem7_msgs.msg.InertialSolutionStatus(status=3),
1786043709669121546,1786043709.666387272,/novatel/oem7/fix,/novatel/oem7/fix,/novatel/oem7/inspva,39.663,-75.756,-1.800519636,0.001527530,-0.000150446,0.000213224,0.001512575,-0.000150446,,0,
1786043709670241817,1786043709.667382232,/novatel/oem7/odom,/novatel/oem7/fix,/novatel/oem7/odom,39.663,-75.756,-1.800519636,0.001870477,-0.000372820,0.001870445,0.000011067,-0.000372820,,,
1786043709675174319,1786043709.674485212,/novatel/oem7/odom,/novatel/oem7/fix,/novatel/oem7/odom,39.663,-75.756,-1.800519636,0.001528180,-0.000143702,0.001521890,0.000138511,-0.000143702,,,
1786043709685780041,1786043709.685216089,/novatel/oem7/inspva,/novatel/oem7/inspva,/novatel/oem7/inspva,39.663,-75.756,-1.800524150,0.001240692,-0.002453771,0.000153911,0.001231108,-0.002453771,,novatel_oem7_msgs.msg.InertialSolutionStatus(status=3),
1786043709687171055,1786043709.685383981,/novatel/oem7/fix,/novatel/oem7/fix,/novatel/oem7/inspva,39.663,-75.756,-1.800524150,0.001240692,-0.002453771,0.000153911,0.001231108,-0.002453771,,0,
1786043709688288030,1786043709.685829005,/novatel/oem7/odom,/novatel/oem7/fix,/novatel/oem7/odom,39.663,-75.756,-1.800524150,0.001251337,-0.002448360,0.001247396,0.000099230,-0.002448360,,,
1786043709696097697,1786043709.695442354,/novatel/oem7/odom,/novatel/oem7/fix,/novatel/oem7/odom,39.663,-75.756,-1.800524150,0.001251337,-0.002448360,0.001247396,0.000099230,-0.002448360,,,
1786043709706540005,1786043709.705990019,/novatel/oem7/inspva,/novatel/oem7/inspva,/novatel/oem7/inspva,39.663,-75.756,-1.800495974,0.001580576,-0.001615368,-0.000440729,0.001517887,-0.001615368,,novatel_oem7_msgs.msg.InertialSolutionStatus(status=3),
1786043709707945078,1786043709.706158734,/novatel/oem7/fix,/novatel/oem7/fix,/novatel/oem7/inspva,39.663,-75.756,-1.800495974,0.001580576,-0.001615368,-0.000440729,0.001517887,-0.001615368,,0,
1786043709709073553,1786043709.706671339,/novatel/oem7/odom,/novatel/oem7/fix,/novatel/oem7/odom,39.663,-75.756,-1.800495974,0.001585543,-0.001610493,0.001500917,-0.000511071,-0.001610493,,,
1786043709710669779,1786043709.709866414,/novatel/oem7/bestpos,/novatel/oem7/bestpos,/novatel/oem7/odom,39.663,-75.756,33.181753154,0.001585543,-0.001610493,0.001500917,-0.000511071,-0.001610493,,novatel_oem7_msgs.msg.SolutionStatus(status=0),novatel_oem7_msgs.msg.PositionOrVelocityType(type=53)
1786043709712172274,1786043709.710484054,/novatel/oem7/bestvel,/novatel/oem7/bestpos,/novatel/oem7/bestvel,39.663,-75.756,33.181753154,0.001063817,-0.000882065,,,,146.125975490,novatel_oem7_msgs.msg.SolutionStatus(status=0),novatel_oem7_msgs.msg.PositionOrVelocityType(type=53)
1786043709715153090,1786043709.714447453,/novatel/oem7/odom,/novatel/oem7/bestpos,/novatel/oem7/odom,39.663,-75.756,33.181753154,0.001585543,-0.001610493,0.001500917,-0.000511071,-0.001610493,,,
1786043709727489349,1786043709.726973748,/novatel/oem7/inspva,/novatel/oem7/inspva,/novatel/oem7/inspva,39.663,-75.756,-1.800465874,0.002029867,0.001024069,-0.000193364,0.002020636,0.001024069,,novatel_oem7_msgs.msg.InertialSolutionStatus(status=3),
1786043709728815936,1786043709.727118689,/novatel/oem7/fix,/novatel/oem7/fix,/novatel/oem7/inspva,39.663,-75.756,-1.800465874,0.002029867,0.001024069,-0.000193364,0.002020636,0.001024069,,0,
1786043709730195646,1786043709.727565983,/novatel/oem7/odom,/novatel/oem7/fix,/novatel/oem7/odom,39.663,-75.756,-1.800465874,0.002026000,0.001031699,0.002004292,-0.000295784,0.001031699,,,
1786043709735882782,1786043709.735211149,/novatel/oem7/odom,/novatel/oem7/fix,/novatel/oem7/odom,39.663,-75.756,-1.800465874,0.002026000,0.001031699,0.002004292,-0.000295784,0.001031699,,,
1786043709745682037,1786043709.745143374,/novatel/oem7/inspva,/novatel/oem7/inspva,/novatel/oem7/inspva,39.663,-75.756,-1.800456791,0.001994619,-0.000046009,-0.000096308,0.001992293,-0.000046009,,novatel_oem7_msgs.msg.InertialSolutionStatus(status=3),
1786043709747066250,1786043709.745288503,/novatel/oem7/fix,/novatel/oem7/fix,/novatel/oem7/inspva,39.663,-75.756,-1.800456791,0.001994619,-0.000046009,-0.000096308,0.001992293,-0.000046009,,0,
1786043709748214439,1786043709.745656910,/novatel/oem7/odom,/novatel/oem7/fix,/novatel/oem7/odom,39.663,-75.756,-1.800456791,0.001994783,-0.000038232,0.001985265,-0.000194630,-0.000038232,,,
1786043709756335269,1786043709.755689153,/novatel/oem7/odom,/novatel/oem7/fix,/novatel/oem7/odom,39.663,-75.756,-1.800456791,0.001994783,-0.000038232,0.001985265,-0.000194630,-0.000038232,,,
1786043709766931208,1786043709.766258761,/novatel/oem7/inspva,/novatel/oem7/inspva,/novatel/oem7/inspva,39.663,-75.756,-1.800460460,0.001398624,-0.001824719,0.001145080,0.000803081,-0.001824719,,novatel_oem7_msgs.msg.InertialSolutionStatus(status=3),
1786043709768286408,1786043709.766471080,/novatel/oem7/fix,/novatel/oem7/fix,/novatel/oem7/inspva,39.663,-75.756,-1.800460460,0.001398624,-0.001824719,0.001145080,0.000803081,-0.001824719,,0,
1786043709769432223,1786043709.766708282,/novatel/oem7/odom,/novatel/oem7/fix,/novatel/oem7/odom,39.663,-75.756,-1.800460460,0.001407010,-0.001818260,0.000866297,0.001108696,-0.001818260,,,
1786043709775942187,1786043709.775245323,/novatel/oem7/odom,/novatel/oem7/fix,/novatel/oem7/odom,39.663,-75.756,-1.800460460,0.001407010,-0.001818260,0.000866297,0.001108696,-0.001818260,,,
1786043709786801048,1786043709.786271403,/novatel/oem7/inspva,/novatel/oem7/inspva,/novatel/oem7/inspva,39.663,-75.756,-1.800439202,0.000990086,-0.001962836,-0.000197067,0.000970276,-0.001962836,,novatel_oem7_msgs.msg.InertialSolutionStatus(status=3),
1786043709788186819,1786043709.786437328,/novatel/oem7/fix,/novatel/oem7/fix,/novatel/oem7/inspva,39.663,-75.756,-1.800439202,0.000990086,-0.001962836,-0.000197067,0.000970276,-0.001962836,,0,
1786043709789322637,1786043709.786990727,/novatel/oem7/odom,/novatel/oem7/fix,/novatel/oem7/odom,39.663,-75.756,-1.800439202,0.000996735,-0.001959468,0.000967485,-0.000239692,-0.001959468,,,
1786043709795085621,1786043709.794429834,/novatel/oem7/odom,/novatel/oem7/fix,/novatel/oem7/odom,39.663,-75.756,-1.800439202,0.000996735,-0.001959468,0.000967485,-0.000239692,-0.001959468,,,
1786043709806959572,1786043709.806329216,/novatel/oem7/inspva,/novatel/oem7/inspva,/novatel/oem7/inspva,39.663,-75.756,-1.800398084,0.002282017,0.001666569,-0.000295657,0.002262784,0.001666569,,novatel_oem7_msgs.msg.InertialSolutionStatus(status=3),
1786043709808552921,1786043709.806560278,/novatel/oem7/fix,/novatel/oem7/fix,/novatel/oem7/inspva,39.663,-75.756,-1.800398084,0.002282017,0.001666569,-0.000295657,0.002262784,0.001666569,,0,
1786043709809737600,1786043709.807397707,/novatel/oem7/odom,/novatel/oem7/fix,/novatel/oem7/odom,39.663,-75.756,-1.800398084,0.002275947,0.001674850,0.002238409,-0.000411650,0.001674850,,,
1786043709811510791,1786043709.810262075,/novatel/oem7/bestpos,/novatel/oem7/bestpos,/novatel/oem7/odom,39.663,-75.756,33.181824960,0.002275947,0.001674850,0.002238409,-0.000411650,0.001674850,,novatel_oem7_msgs.msg.SolutionStatus(status=0),novatel_oem7_msgs.msg.PositionOrVelocityType(type=53)
1786043709812542014,1786043709.810710503,/novatel/oem7/bestvel,/novatel/oem7/bestpos,/novatel/oem7/bestvel,39.663,-75.756,33.181824960,0.002399921,0.001316361,,,,85.401759949,novatel_oem7_msgs.msg.SolutionStatus(status=0),novatel_oem7_msgs.msg.PositionOrVelocityType(type=53)
1786043709816202294,1786043709.815544234,/novatel/oem7/odom,/novatel/oem7/bestpos,/novatel/oem7/odom,39.663,-75.756,33.181824960,0.002275947,0.001674850,0.002238409,-0.000411650,0.001674850,,,
1786043709825781476,1786043709.825062915,/novatel/oem7/inspva,/novatel/oem7/inspva,/novatel/oem7/inspva,39.663,-75.756,-1.800395185,0.001642737,0.000389556,0.000037367,0.001642312,0.000389556,,novatel_oem7_msgs.msg.InertialSolutionStatus(status=3),
1786043709827124053,1786043709.825261897,/novatel/oem7/fix,/novatel/oem7/fix,/novatel/oem7/inspva,39.663,-75.756,-1.800395185,0.001642737,0.000389556,0.000037367,0.001642312,0.000389556,,0,
1786043709828180356,1786043709.825717422,/novatel/oem7/odom,/novatel/oem7/fix,/novatel/oem7/odom,39.663,-75.756,-1.800395185,0.001641110,0.000396356,0.001640494,-0.000044965,0.000396356,,,
1786043709835166746,1786043709.834459086,/novatel/oem7/odom,/novatel/oem7/fix,/novatel/oem7/odom,39.663,-75.756,-1.800395185,0.001641110,0.000396356,0.001640494,-0.000044965,0.000396356,,,
1786043709847305213,1786043709.846596102,/novatel/oem7/inspva,/novatel/oem7/inspva,/novatel/oem7/inspva,39.663,-75.756,-1.800405011,0.001507432,-0.001760265,0.000862488,0.001236311,-0.001760265,,novatel_oem7_msgs.msg.InertialSolutionStatus(status=3),
1786043709848759904,1786043709.846794344,/novatel/oem7/fix,/novatel/oem7/fix,/novatel/oem7/inspva,39.663,-75.756,-1.800405011,0.001507432,-0.001760265,0.000862488,0.001236311,-0.001760265,,0,
1786043709849907689,1786043709.847248003,/novatel/oem7/odom,/novatel/oem7/fix,/novatel/oem7/odom,39.663,-75.756,-1.800405011,0.001516021,-0.001752873,0.001284720,0.000804869,-0.001752873,,,
1786043709857152711,1786043709.856478901,/novatel/oem7/odom,/novatel/oem7/fix,/novatel/oem7/odom,39.663,-75.756,-1.800405011,0.001516021,-0.001752873,0.001284720,0.000804869,-0.001752873,,,
1786043709865707586,1786043709.864981419,/novatel/oem7/inspva,/novatel/oem7/inspva,/novatel/oem7/inspva,39.663,-75.756,-1.800386126,0.001358974,-0.001444092,-0.000019033,0.001358840,-0.001444092,,novatel_oem7_msgs.msg.InertialSolutionStatus(status=3),
1786043709867047352,1786043709.865171847,/novatel/oem7/fix,/novatel/oem7/fix,/novatel/oem7/inspva,39.663,-75.756,-1.800386126,0.001358974,-0.001444092,-0.000019033,0.001358840,-0.001444092,,0,
1786043709868100653,1786043709.865694239,/novatel/oem7/odom,/novatel/oem7/fix,/novatel/oem7/odom,39.663,-75.756,-1.800386126,0.001364737,-0.001438646,0.001362243,-0.000082468,-0.001438646,,,
1786043709876216930,1786043709.875545800,/novatel/oem7/odom,/novatel/oem7/fix,/novatel/oem7/odom,39.663,-75.756,-1.800386126,0.001364737,-0.001438646,0.001362243,-0.000082468,-0.001438646,,,
1786043709885896990,1786043709.885256040,/novatel/oem7/inspva,/novatel/oem7/inspva,/novatel/oem7/inspva,39.663,-75.756,-1.800360154,0.001900261,0.000599060,-0.000926036,0.001659352,0.000599060,,novatel_oem7_msgs.msg.InertialSolutionStatus(status=3),
1786043709887404285,1786043709.885543476,/novatel/oem7/fix,/novatel/oem7/fix,/novatel/oem7/inspva,39.663,-75.756,-1.800360154,0.001900261,0.000599060,-0.000926036,0.001659352,0.000599060,,0,
1786043709888503425,1786043709.886274933,/novatel/oem7/odom,/novatel/oem7/fix,/novatel/oem7/odom,39.663,-75.756,-1.800360154,0.001898970,0.000603138,0.001608985,-0.001008591,0.000603138,,,
1786043709896487892,1786043709.895783421,/novatel/oem7/odom,/novatel/oem7/fix,/novatel/oem7/odom,39.663,-75.756,-1.800360154,0.001898970,0.000603138,0.001608985,-0.001008591,0.000603138,,,
1786043709906601862,1786043709.905865195,/novatel/oem7/inspva,/novatel/oem7/inspva,/novatel/oem7/inspva,39.663,-75.756,-1.800354631,0.002428426,0.000386956,-0.000138139,0.002424494,0.000386956,,novatel_oem7_msgs.msg.InertialSolutionStatus(status=3),
1786043709907985796,1786043709.906081697,/novatel/oem7/fix,/novatel/oem7/fix,/novatel/oem7/inspva,39.663,-75.756,-1.800354631,0.002428426,0.000386956,-0.000138139,0.002424494,0.000386956,,0,
1786043709909120697,1786043709.906473304,/novatel/oem7/odom,/novatel/oem7/fix,/novatel/oem7/odom,39.663,-75.756,-1.800354631,0.002426915,0.000396327,0.002413057,-0.000258981,0.000396327,,,
1786043709910721449,1786043709.909424071,/novatel/oem7/bestpos,/novatel/oem7/bestpos,/novatel/oem7/odom,39.663,-75.756,33.181869211,0.002426915,0.000396327,0.002413057,-0.000258981,0.000396327,,novatel_oem7_msgs.msg.SolutionStatus(status=0),novatel_oem7_msgs.msg.PositionOrVelocityType(type=53)
1786043709912133620,1786043709.910178821,/novatel/oem7/bestvel,/novatel/oem7/bestpos,/novatel/oem7/bestvel,39.663,-75.756,33.181869211,0.002761086,-0.000034549,,,,83.680801145,novatel_oem7_msgs.msg.SolutionStatus(status=0),novatel_oem7_msgs.msg.PositionOrVelocityType(type=53)
1786043709915112813,1786043709.914397086,/novatel/oem7/odom,/novatel/oem7/bestpos,/novatel/oem7/odom,39.663,-75.756,33.181869211,0.002426915,0.000396327,0.002413057,-0.000258981,0.000396327,,,
1786043709925795063,1786043709.925159582,/novatel/oem7/inspva,/novatel/oem7/inspva,/novatel/oem7/inspva,39.663,-75.756,-1.800352883,0.001674098,-0.000584048,0.001089464,0.001271091,-0.000584048,,novatel_oem7_msgs.msg.InertialSolutionStatus(status=3),
1786043709927211807,1786043709.925235000,/novatel/oem7/fix,/novatel/oem7/fix,/novatel/oem7/inspva,39.663,-75.756,-1.800352883,0.001674098,-0.000584048,0.001089464,0.001271091,-0.000584048,,0,
1786043709928292294,1786043709.925913560,/novatel/oem7/odom,/novatel/oem7/fix,/novatel/oem7/odom,39.663,-75.756,-1.800352883,0.001676937,-0.000575846,0.001325870,0.001026735,-0.000575846,,,
1786043709936107072,1786043709.935647097,/novatel/oem7/odom,/novatel/oem7/fix,/novatel/oem7/odom,39.663,-75.756,-1.800352883,0.001676937,-0.000575846,0.001325870,0.001026735,-0.000575846,,,
1786043709945942239,1786043709.945261850,/novatel/oem7/inspva,/novatel/oem7/inspva,/novatel/oem7/inspva,39.663,-75.756,-1.800335993,0.001524977,-0.001156161,0.000793220,0.001302442,-0.001156161,,novatel_oem7_msgs.msg.InertialSolutionStatus(status=3),
1786043709947366574,1786043709.945335545,/novatel/oem7/fix,/novatel/oem7/fix,/novatel/oem7/inspva,39.663,-75.756,-1.800335993,0.001524977,-0.001156161,0.000793220,0.001302442,-0.001156161,,0,
1786043709948445571,1786043709.945895416,/novatel/oem7/odom,/novatel/oem7/fix,/novatel/oem7/odom,39.663,-75.756,-1.800335993,0.001530632,-0.001148663,0.001344896,0.000730813,-0.001148663,,,
1786043709956521828,1786043709.955765897,/novatel/oem7/odom,/novatel/oem7/fix,/novatel/oem7/odom,39.663,-75.756,-1.800335993,0.001530632,-0.001148663,0.001344896,0.000730813,-0.001148663,,,
1786043709967331546,1786043709.966633424,/novatel/oem7/inspva,/novatel/oem7/inspva,/novatel/oem7/inspva,39.663,-75.756,-1.800315115,0.002852019,0.000116549,-0.000978054,0.002679071,0.000116549,,novatel_oem7_msgs.msg.InertialSolutionStatus(status=3),
1786043709968827654,1786043709.966709974,/novatel/oem7/fix,/novatel/oem7/fix,/novatel/oem7/inspva,39.663,-75.756,-1.800315115,0.002852019,0.000116549,-0.000978054,0.002679071,0.000116549,,0,
1786043709969972258,1786043709.967626122,/novatel/oem7/odom,/novatel/oem7/fix,/novatel/oem7/odom,39.663,-75.756,-1.800315115,0.002851680,0.000124574,0.002626894,-0.001109733,0.000124574,,,
1786043709976235350,1786043709.975517583,/novatel/oem7/odom,/novatel/oem7/fix,/novatel/oem7/odom,39.663,-75.756,-1.800315115,0.002851680,0.000124574,0.002626894,-0.001109733,0.000124574,,,
1786043709985788712,1786043709.985104727,/novatel/oem7/inspva,/novatel/oem7/inspva,/novatel/oem7/inspva,39.663,-75.756,-1.800292849,0.003125823,0.000479321,-0.000805295,0.003020310,0.000479321,,novatel_oem7_msgs.msg.InertialSolutionStatus(status=3),
1786043709987105668,1786043709.985180709,/novatel/oem7/fix,/novatel/oem7/fix,/novatel/oem7/inspva,39.663,-75.756,-1.800292849,0.003125823,0.000479321,-0.000805295,0.003020310,0.000479321,,0,
1786043709988289974,1786043709.985581830,/novatel/oem7/odom,/novatel/oem7/fix,/novatel/oem7/odom,39.663,-75.756,-1.800292849,0.003124298,0.000489165,0.002974747,-0.000955049,0.000489165,,,
1786043709996185127,1786043709.995559859,/novatel/oem7/odom,/novatel/oem7/fix,/novatel/oem7/odom,39.663,-75.756,-1.800292849,0.003124298,0.000489165,0.002974747,-0.000955049,0.000489165,,,
1786043710009155817,1786043710.008549060,/novatel/oem7/inspva,/novatel/oem7/inspva,/novatel/oem7/inspva,39.663,-75.756,-1.800281463,0.001602970,0.000325121,0.000821734,0.001376324,0.000325121,,novatel_oem7_msgs.msg.InertialSolutionStatus(status=3),
1786043710010548638,1786043710.008621938,/novatel/oem7/fix,/novatel/oem7/fix,/novatel/oem7/inspva,39.663,-75.756,-1.800281463,0.001602970,0.000325121,0.000821734,0.001376324,0.000325121,,0,
1786043710012627342,1786043710.011512075,/novatel/oem7/odom,/novatel/oem7/fix,/novatel/oem7/odom,39.663,-75.756,-1.800281463,0.001601349,0.000333015,0.001413922,0.000751760,0.000333015,,,
1786043710016856461,1786043710.016154027,/novatel/oem7/odom,/novatel/oem7/fix,/novatel/oem7/odom,39.663,-75.756,-1.800281463,0.001601349,0.000333015,0.001413922,0.000751760,0.000333015,,,
1786043710027068118,1786043710.026600078,/novatel/oem7/bestpos,/novatel/oem7/bestpos,/novatel/oem7/odom,39.663,-75.756,33.181936461,0.001601349,0.000333015,0.001413922,0.000751760,0.000333015,,novatel_oem7_msgs.msg.SolutionStatus(status=0),novatel_oem7_msgs.msg.PositionOrVelocityType(type=53)
1786043710028947258,1786043710.027166660,/novatel/oem7/bestvel,/novatel/oem7/bestpos,/novatel/oem7/bestvel,39.663,-75.756,33.181936461,0.002850773,-0.000073506,,,,85.816470771,novatel_oem7_msgs.msg.SolutionStatus(status=0),novatel_oem7_msgs.msg.PositionOrVelocityType(type=53)
1786043710030302657,1786043710.027676521,/novatel/oem7/inspva,/novatel/oem7/inspva,/novatel/oem7/inspva,39.663,-75.756,-1.800274221,0.001770863,-0.001379391,0.001008211,0.001455839,-0.001379391,,novatel_oem7_msgs.msg.InertialSolutionStatus(status=3),
1786043710031138653,1786043710.027918611,/novatel/oem7/fix,/novatel/oem7/fix,/novatel/oem7/inspva,39.663,-75.756,-1.800274221,0.001770863,-0.001379391,0.001008211,0.001455839,-0.001379391,,0,
1786043710032164183,1786043710.028598754,/novatel/oem7/odom,/novatel/oem7/fix,/novatel/oem7/odom,39.663,-75.756,-1.800274221,0.001777606,-0.001370690,0.001509672,0.000938495,-0.001370690,,,
1786043710035863927,1786043710.035131509,/novatel/oem7/odom,/novatel/oem7/fix,/novatel/oem7/odom,39.663,-75.756,-1.800274221,0.001777606,-0.001370690,0.001509672,0.000938495,-0.001370690,,,
1786043710046849182,1786043710.046278473,/novatel/oem7/inspva,/novatel/oem7/inspva,/novatel/oem7/inspva,39.663,-75.756,-1.800285795,0.002688469,-0.001278609,-0.000711781,0.002592534,-0.001278609,,novatel_oem7_msgs.msg.InertialSolutionStatus(status=3),
1786043710048264296,1786043710.046496725,/novatel/oem7/fix,/novatel/oem7/fix,/novatel/oem7/inspva,39.663,-75.756,-1.800285795,0.002688469,-0.001278609,-0.000711781,0.002592534,-0.001278609,,0,
1786043710049389477,1786043710.047433945,/novatel/oem7/odom,/novatel/oem7/fix,/novatel/oem7/odom,39.663,-75.756,-1.800285795,0.002692447,-0.001270211,0.002559409,-0.000835880,-0.001270211,,,
1786043710056785051,1786043710.056120875,/novatel/oem7/odom,/novatel/oem7/fix,/novatel/oem7/odom,39.663,-75.756,-1.800285795,0.002692447,-0.001270211,0.002559409,-0.000835880,-0.001270211,,,
1786043710065817974,1786043710.065278542,/novatel/oem7/inspva,/novatel/oem7/inspva,/novatel/oem7/inspva,39.663,-75.756,-1.800294495,0.003404917,-0.000473466,-0.000747037,0.003321957,-0.000473466,,novatel_oem7_msgs.msg.InertialSolutionStatus(status=3),
1786043710067202214,1786043710.065475127,/novatel/oem7/fix,/novatel/oem7/fix,/novatel/oem7/inspva,39.663,-75.756,-1.800294495,0.003404917,-0.000473466,-0.000747037,0.003321957,-0.000473466,,0,
1786043710068306329,1786043710.065807587,/novatel/oem7/odom,/novatel/oem7/fix,/novatel/oem7/odom,39.663,-75.756,-1.800294495,0.003406453,-0.000462288,0.003282848,-0.000909305,-0.000462288,,,
1786043710075171197,1786043710.074517028,/novatel/oem7/odom,/novatel/oem7/fix,/novatel/oem7/odom,39.663,-75.756,-1.800294495,0.003406453,-0.000462288,0.003282848,-0.000909305,-0.000462288,,,
1786043710087030151,1786043710.086526700,/novatel/oem7/inspva,/novatel/oem7/inspva,/novatel/oem7/inspva,39.663,-75.756,-1.800307046,0.001802358,0.000416896,0.001064114,0.001454701,0.000416896,,novatel_oem7_msgs.msg.InertialSolutionStatus(status=3),
1786043710088358051,1786043710.086705355,/novatel/oem7/fix,/novatel/oem7/fix,/novatel/oem7/inspva,39.663,-75.756,-1.800307046,0.001802358,0.000416896,0.001064114,0.001454701,0.000416896,,0,
1786043710089561880,1786043710.087056975,/novatel/oem7/odom,/novatel/oem7/fix,/novatel/oem7/odom,39.663,-75.756,-1.800307046,0.001800271,0.000425816,0.001503801,0.000989727,0.000425816,,,
1786043710096261473,1786043710.095583493,/novatel/oem7/odom,/novatel/oem7/fix,/novatel/oem7/odom,39.663,-75.756,-1.800307046,0.001800271,0.000425816,0.001503801,0.000989727,0.000425816,,,
1786043710106156535,1786043710.105687654,/novatel/oem7/inspva,/novatel/oem7/inspva,/novatel/oem7/inspva,39.663,-75.756,-1.800342822,0.001965015,-0.000847503,0.001511075,0.001256159,-0.000847503,,novatel_oem7_msgs.msg.InertialSolutionStatus(status=3),
1786043710107528492,1786043710.105759275,/novatel/oem7/fix,/novatel/oem7/fix,/novatel/oem7/inspva,39.663,-75.756,-1.800342822,0.001965015,-0.000847503,0.001511075,0.001256159,-0.000847503,,0,
1786043710108597689,1786043710.106310243,/novatel/oem7/odom,/novatel/oem7/fix,/novatel/oem7/odom,39.663,-75.756,-1.800342822,0.001968988,-0.000838231,0.001332871,0.001449264,-0.000838231,,,
1786043710110111474,1786043710.109191090,/novatel/oem7/bestpos,/novatel/oem7/bestpos,/novatel/oem7/odom,39.663,-75.756,33.181892447,0.001968988,-0.000838231,0.001332871,0.001449264,-0.000838231,,novatel_oem7_msgs.msg.SolutionStatus(status=0),novatel_oem7_msgs.msg.PositionOrVelocityType(type=53)
1786043710111076154,1786043710.109519357,/novatel/oem7/bestvel,/novatel/oem7/bestpos,/novatel/oem7/bestvel,39.663,-75.756,33.181892447,0.001882942,-0.000524937,,,,6.861845421,novatel_oem7_msgs.msg.SolutionStatus(status=0),novatel_oem7_msgs.msg.PositionOrVelocityType(type=53)
1786043710116071630,1786043710.115396770,/novatel/oem7/odom,/novatel/oem7/bestpos,/novatel/oem7/odom,39.663,-75.756,33.181892447,0.001968988,-0.000838231,0.001332871,0.001449264,-0.000838231,,,
1786043710127090909,1786043710.126545601,/novatel/oem7/inspva,/novatel/oem7/inspva,/novatel/oem7/inspva,39.663,-75.756,-1.800374195,0.002946701,-0.002427411,-0.000572044,0.002890642,-0.002427411,,novatel_oem7_msgs.msg.InertialSolutionStatus(status=3),
1786043710128539094,1786043710.126734416,/novatel/oem7/fix,/novatel/oem7/fix,/novatel/oem7/inspva,39.663,-75.756,-1.800374195,0.002946701,-0.002427411,-0.000572044,0.002890642,-0.002427411,,0,
1786043710129678675,1786043710.127261851,/novatel/oem7/odom,/novatel/oem7/fix,/novatel/oem7/odom,39.663,-75.756,-1.800374195,0.002954797,-0.002417550,0.002868710,-0.000708045,-0.002417550,,,
1786043710135616001,1786043710.134937691,/novatel/oem7/odom,/novatel/oem7/fix,/novatel/oem7/odom,39.663,-75.756,-1.800374195,0.002954797,-0.002417550,0.002868710,-0.000708045,-0.002417550,,,
1786043710145519616,1786043710.145017069,/novatel/oem7/inspva,/novatel/oem7/inspva,/novatel/oem7/inspva,39.663,-75.756,-1.800371550,0.001987858,-0.000896497,-0.000223991,0.001975198,-0.000896497,,novatel_oem7_msgs.msg.InertialSolutionStatus(status=3),
1786043710146907283,1786043710.145099921,/novatel/oem7/fix,/novatel/oem7/fix,/novatel/oem7/inspva,39.663,-75.756,-1.800371550,0.001987858,-0.000896497,-0.000223991,0.001975198,-0.000896497,,0,
1786043710148027074,1786043710.145432272,/novatel/oem7/odom,/novatel/oem7/fix,/novatel/oem7/odom,39.663,-75.756,-1.800371550,0.001991128,-0.000889211,0.001965387,-0.000319131,-0.000889211,,,
1786043710156533526,1786043710.155863319,/novatel/oem7/odom,/novatel/oem7/fix,/novatel/oem7/odom,39.663,-75.756,-1.800371550,0.001991128,-0.000889211,0.001965387,-0.000319131,-0.000889211,,,
1786043710166010510,1786043710.165349886,/novatel/oem7/inspva,/novatel/oem7/inspva,/novatel/oem7/inspva,39.663,-75.756,-1.800371286,0.002820164,0.001021126,0.000799958,0.002704328,0.001021126,,novatel_oem7_msgs.msg.InertialSolutionStatus(status=3),
1786043710167365443,1786043710.165554068,/novatel/oem7/fix,/novatel/oem7/fix,/novatel/oem7/inspva,39.663,-75.756,-1.800371286,0.002820164,0.001021126,0.000799958,0.002704328,0.001021126,,0,
1786043710168399967,1786043710.166051786,/novatel/oem7/odom,/novatel/oem7/fix,/novatel/oem7/odom,39.663,-75.756,-1.800371286,0.002815382,0.001034235,0.002736332,0.000662471,0.001034235,,,
1786043710175173034,1786043710.174494460,/novatel/oem7/odom,/novatel/oem7/fix,/novatel/oem7/odom,39.663,-75.756,-1.800371286,0.002815382,0.001034235,0.002736332,0.000662471,0.001034235,,,
1786043710185974378,1786043710.185380065,/novatel/oem7/inspva,/novatel/oem7/inspva,/novatel/oem7/inspva,39.663,-75.756,-1.800394511,0.002573676,0.000529592,0.001067808,0.002341708,0.000529592,,novatel_oem7_msgs.msg.InertialSolutionStatus(status=3),
1786043710187334508,1786043710.185542157,/novatel/oem7/fix,/novatel/oem7/fix,/novatel/oem7/inspva,39.663,-75.756,-1.800394511,0.002573676,0.000529592,0.001067808,0.002341708,0.000529592,,0,
1786043710188368582,1786043710.185979263,/novatel/oem7/odom,/novatel/oem7/fix,/novatel/oem7/odom,39.663,-75.756,-1.800394511,0.002571087,0.000542022,0.002389454,0.000949209,0.000542022,,,
1786043710195009956,1786043710.194531593,/novatel/oem7/odom,/novatel/oem7/fix,/novatel/oem7/odom,39.663,-75.756,-1.800394511,0.002571087,0.000542022,0.002389454,0.000949209,0.000542022,,,
1786043710207029927,1786043710.206458272,/novatel/oem7/inspva,/novatel/oem7/inspva,/novatel/oem7/inspva,39.663,-75.756,-1.800437111,0.002126239,-0.002873453,0.000739737,0.001993409,-0.002873453,,novatel_oem7_msgs.msg.InertialSolutionStatus(status=3),
1786043710208329407,1786043710.206612886,/novatel/oem7/fix,/novatel/oem7/fix,/novatel/oem7/inspva,39.663,-75.756,-1.800437111,0.002126239,-0.002873453,0.000739737,0.001993409,-0.002873453,,0,
1786043710209370411,1786043710.207114722,/novatel/oem7/odom,/novatel/oem7/fix,/novatel/oem7/odom,39.663,-75.756,-1.800437111,0.002139808,-0.002863362,0.002039420,0.000647723,-0.002863362,,,
1786043710211222235,1786043710.210284723,/novatel/oem7/bestpos,/novatel/oem7/bestpos,/novatel/oem7/odom,39.663,-75.756,33.181787169,0.002139808,-0.002863362,0.002039420,0.000647723,-0.002863362,,novatel_oem7_msgs.msg.SolutionStatus(status=0),novatel_oem7_msgs.msg.PositionOrVelocityType(type=53)
1786043710212626293,1786043710.210776171,/novatel/oem7/bestvel,/novatel/oem7/bestpos,/novatel/oem7/bestvel,39.663,-75.756,33.181787169,0.001659961,-0.002651673,,,,58.247923991,novatel_oem7_msgs.msg.SolutionStatus(status=0),novatel_oem7_msgs.msg.PositionOrVelocityType(type=53)
1786043710216185308,1786043710.215578127,/novatel/oem7/odom,/novatel/oem7/bestpos,/novatel/oem7/odom,39.663,-75.756,33.181787169,0.002139808,-0.002863362,0.002039420,0.000647723,-0.002863362,,,
1786043710225886018,1786043710.225301032,/novatel/oem7/inspva,/novatel/oem7/inspva,/novatel/oem7/inspva,39.663,-75.756,-1.800434329,0.001695733,-0.001767065,0.000428875,0.001640602,-0.001767065,,novatel_oem7_msgs.msg.InertialSolutionStatus(status=3),
1786043710227099583,1786043710.225477214,/novatel/oem7/fix,/novatel/oem7/fix,/novatel/oem7/inspva,39.663,-75.756,-1.800434329,0.001695733,-0.001767065,0.000428875,0.001640602,-0.001767065,,0,
1786043710227588390,1786043710.225845348,/novatel/oem7/odom,/novatel/oem7/fix,/novatel/oem7/odom,39.663,-75.756,-1.800434329,0.001703789,-0.001759299,0.001667082,0.000351759,-0.001759299,,,
1786043710235050725,1786043710.234623692,/novatel/oem7/odom,/novatel/oem7/fix,/novatel/oem7/odom,39.663,-75.756,-1.800434329,0.001703789,-0.001759299,0.001667082,0.000351759,-0.001759299,,,
1786043710246229471,1786043710.245932554,/novatel/oem7/inspva,/novatel/oem7/inspva,/novatel/oem7/inspva,39.663,-75.756,-1.800431420,0.002768971,0.000912744,0.000085851,0.002767639,0.000912744,,novatel_oem7_msgs.msg.InertialSolutionStatus(status=3),
1786043710247293381,1786043710.246086346,/novatel/oem7/fix,/novatel/oem7/fix,/novatel/oem7/inspva,39.663,-75.756,-1.800431420,0.002768971,0.000912744,0.000085851,0.002767639,0.000912744,,0,
1786043710248341571,1786043710.246597032,/novatel/oem7/odom,/novatel/oem7/fix,/novatel/oem7/odom,39.663,-75.756,-1.800431420,0.002765182,0.000924160,0.002764662,-0.000053626,0.000924160,,,
1786043710257244643,1786043710.256569493,/novatel/oem7/odom,/novatel/oem7/fix,/novatel/oem7/odom,39.663,-75.756,-1.800431420,0.002765182,0.000924160,0.002764662,-0.000053626,0.000924160,,,
1786043710265289411,1786043710.264971403,/novatel/oem7/inspva,/novatel/oem7/inspva,/novatel/oem7/inspva,39.663,-75.756,-1.800463128,0.003293766,-0.000100097,-0.000091648,0.003292491,-0.000100097,,novatel_oem7_msgs.msg.InertialSolutionStatus(status=3),
1786043710266398717,1786043710.265146325,/novatel/oem7/fix,/novatel/oem7/fix,/novatel/oem7/inspva,39.663,-75.756,-1.800463128,0.003293766,-0.000100097,-0.000091648,0.003292491,-0.000100097,,0,
1786043710267480511,1786043710.265451928,/novatel/oem7/odom,/novatel/oem7/fix,/novatel/oem7/odom,39.663,-75.756,-1.800463128,0.003294134,-0.000087133,0.003284307,-0.000254264,-0.000087133,,,
1786043710275241805,1786043710.274587449,/novatel/oem7/odom,/novatel/oem7/fix,/novatel/oem7/odom,39.663,-75.756,-1.800463128,0.003294134,-0.000087133,0.003284307,-0.000254264,-0.000087133,,,
1786043710285907934,1786043710.285297748,/novatel/oem7/inspva,/novatel/oem7/inspva,/novatel/oem7/inspva,39.663,-75.756,-1.800502922,0.002442670,-0.001905478,0.001601562,0.001844353,-0.001905478,,novatel_oem7_msgs.msg.InertialSolutionStatus(status=3),
1786043710287305225,1786043710.285481883,/novatel/oem7/fix,/novatel/oem7/fix,/novatel/oem7/inspva,39.663,-75.756,-1.800502922,0.002442670,-0.001905478,0.001601562,0.001844353,-0.001905478,,0,
1786043710288393026,1786043710.285963438,/novatel/oem7/odom,/novatel/oem7/fix,/novatel/oem7/odom,39.663,-75.756,-1.800502922,0.002451968,-0.001893499,0.001929256,0.001513314,-0.001893499,,,
1786043710295553970,1786043710.294855886,/novatel/oem7/odom,/novatel/oem7/fix,/novatel/oem7/odom,39.663,-75.756,-1.800502922,0.002451968,-0.001893499,0.001929256,0.001513314,-0.001893499,,,
1786043710306402041,1786043710.305850386,/novatel/oem7/inspva,/novatel/oem7/inspva,/novatel/oem7/inspva,39.663,-75.756,-1.800524101,0.001571743,-0.002134976,0.001150344,0.001071020,-0.002134976,,novatel_oem7_msgs.msg.InertialSolutionStatus(status=3),
1786043710307787012,1786043710.305997394,/novatel/oem7/fix,/novatel/oem7/fix,/novatel/oem7/inspva,39.663,-75.756,-1.800524101,0.001571743,-0.002134976,0.001150344,0.001071020,-0.002134976,,0,
1786043710308863302,1786043710.306374905,/novatel/oem7/odom,/novatel/oem7/fix,/novatel/oem7/odom,39.663,-75.756,-1.800524101,0.001581951,-0.002127423,0.001135449,0.001101510,-0.002127423,,,
1786043710310387014,1786043710.309630780,/novatel/oem7/bestpos,/novatel/oem7/bestpos,/novatel/oem7/odom,39.663,-75.756,33.181705779,0.001581951,-0.002127423,0.001135449,0.001101510,-0.002127423,,novatel_oem7_msgs.msg.SolutionStatus(status=0),novatel_oem7_msgs.msg.PositionOrVelocityType(type=53)
1786043710311849142,1786043710.310482989,/novatel/oem7/bestvel,/novatel/oem7/bestpos,/novatel/oem7/bestvel,39.663,-75.756,33.181705779,0.000608436,-0.001347379,,,,65.319523972,novatel_oem7_msgs.msg.SolutionStatus(status=0),novatel_oem7_msgs.msg.PositionOrVelocityType(type=53)
1786043710315016874,1786043710.314322765,/novatel/oem7/odom,/novatel/oem7/bestpos,/novatel/oem7/odom,39.663,-75.756,33.181705779,0.001581951,-0.002127423,0.001135449,0.001101510,-0.002127423,,,
1786043710325710840,1786043710.325151901,/novatel/oem7/inspva,/novatel/oem7/inspva,/novatel/oem7/inspva,39.663,-75.756,-1.800530701,0.002702507,-0.000123775,-0.000779278,0.002587715,-0.000123775,,novatel_oem7_msgs.msg.InertialSolutionStatus(status=3),
1786043710327050496,1786043710.325316023,/novatel/oem7/fix,/novatel/oem7/fix,/novatel/oem7/inspva,39.663,-75.756,-1.800530701,0.002702507,-0.000123775,-0.000779278,0.002587715,-0.000123775,,0,
1786043710328110144,1786043710.325735123,/novatel/oem7/odom,/novatel/oem7/fix,/novatel/oem7/odom,39.663,-75.756,-1.800530701,0.002702868,-0.000115617,0.002546463,-0.000906102,-0.000115617,,,
1786043710335792233,1786043710.335132785,/novatel/oem7/odom,/novatel/oem7/fix,/novatel/oem7/odom,39.663,-75.756,-1.800530701,0.002702868,-0.000115617,0.002546463,-0.000906102,-0.000115617,,,
1786043710345504660,1786043710.344946408,/novatel/oem7/inspva,/novatel/oem7/inspva,/novatel/oem7/inspva,39.663,-75.756,-1.800555195,0.002987395,0.000239641,-0.000585555,0.002929446,0.000239641,,novatel_oem7_msgs.msg.InertialSolutionStatus(status=3),
1786043710346884867,1786043710.345096776,/novatel/oem7/fix,/novatel/oem7/fix,/novatel/oem7/inspva,39.663,-75.756,-1.800555195,0.002987395,0.000239641,-0.000585555,0.002929446,0.000239641,,0,
1786043710347957018,1786043710.345494313,/novatel/oem7/odom,/novatel/oem7/fix,/novatel/oem7/odom,39.663,-75.756,-1.800555195,0.002986567,0.000249743,0.002895843,-0.000730532,0.000249743,,,
1786043710356361188,1786043710.355663334,/novatel/oem7/odom,/novatel/oem7/fix,/novatel/oem7/odom,39.663,-75.756,-1.800555195,0.002986567,0.000249743,0.002895843,-0.000730532,0.000249743,,,
1786043710367114094,1786043710.366566879,/novatel/oem7/inspva,/novatel/oem7/inspva,/novatel/oem7/inspva,39.663,-75.756,-1.800587437,0.002036909,-0.001035342,0.001274961,0.001588544,-0.001035342,,novatel_oem7_msgs.msg.InertialSolutionStatus(status=3),
1786043710368486505,1786043710.366724284,/novatel/oem7/fix,/novatel/oem7/fix,/novatel/oem7/inspva,39.663,-75.756,-1.800587437,0.002036909,-0.001035342,0.001274961,0.001588544,-0.001035342,,0,
1786043710369540989,1786043710.367517232,/novatel/oem7/odom,/novatel/oem7/fix,/novatel/oem7/odom,39.663,-75.756,-1.800587437,0.002041976,-0.001025312,0.001654006,0.001197469,-0.001025312,,,
1786043710375310116,1786043710.374621656,/novatel/oem7/odom,/novatel/oem7/fix,/novatel/oem7/odom,39.663,-75.756,-1.800587437,0.002041976,-0.001025312,0.001654006,0.001197469,-0.001025312,,,
1786043710385912311,1786043710.385314815,/novatel/oem7/inspva,/novatel/oem7/inspva,/novatel/oem7/inspva,39.663,-75.756,-1.800608163,0.001804325,-0.001194049,0.001466110,0.001051719,-0.001194049,,novatel_oem7_msgs.msg.InertialSolutionStatus(status=3),
1786043710387294705,1786043710.385491651,/novatel/oem7/fix,/novatel/oem7/fix,/novatel/oem7/inspva,39.663,-75.756,-1.800608163,0.001804325,-0.001194049,0.001466110,0.001051719,-0.001194049,,0,
1786043710388371543,1786043710.385928768,/novatel/oem7/odom,/novatel/oem7/fix,/novatel/oem7/odom,39.663,-75.756,-1.800608163,0.001809845,-0.001185666,0.001127967,0.001415355,-0.001185666,,,
1786043710395550531,1786043710.394904043,/novatel/oem7/odom,/novatel/oem7/fix,/novatel/oem7/odom,39.663,-75.756,-1.800608163,0.001809845,-0.001185666,0.001127967,0.001415355,-0.001185666,,,
1786043710407046938,1786043710.406508256,/novatel/oem7/inspva,/novatel/oem7/inspva,/novatel/oem7/inspva,39.663,-75.756,-1.800633254,0.002006122,-0.001936965,-0.000895083,0.001795369,-0.001936965,,novatel_oem7_msgs.msg.InertialSolutionStatus(status=3),
1786043710408378101,1786043710.406660181,/novatel/oem7/fix,/novatel/oem7/fix,/novatel/oem7/inspva,39.663,-75.756,-1.800633254,0.002006122,-0.001936965,-0.000895083,0.001795369,-0.001936965,,0,
1786043710409445279,1786043710.407153722,/novatel/oem7/odom,/novatel/oem7/fix,/novatel/oem7/odom,39.663,-75.756,-1.800633254,0.002010611,-0.001932305,0.001756836,-0.000977795,-0.001932305,,,
1786043710410970210,1786043710.410306664,/novatel/oem7/bestpos,/novatel/oem7/bestpos,/novatel/oem7/odom,39.663,-75.756,33.181591694,0.002010611,-0.001932305,0.001756836,-0.000977795,-0.001932305,,novatel_oem7_msgs.msg.SolutionStatus(status=0),novatel_oem7_msgs.msg.PositionOrVelocityType(type=53)
1786043710412405234,1786043710.410687984,/novatel/oem7/bestvel,/novatel/oem7/bestpos,/novatel/oem7/bestvel,39.663,-75.756,33.181591694,0.001297490,-0.001459926,,,,135.689636147,novatel_oem7_msgs.msg.SolutionStatus(status=0),novatel_oem7_msgs.msg.PositionOrVelocityType(type=53)
1786043710415922960,1786043710.415271323,/novatel/oem7/odom,/novatel/oem7/bestpos,/novatel/oem7/odom,39.663,-75.756,33.181591694,0.002010611,-0.001932305,0.001756836,-0.000977795,-0.001932305,,,
1786043710425731534,1786043710.425431041,/novatel/oem7/inspva,/novatel/oem7/inspva,/novatel/oem7/inspva,39.663,-75.756,-1.800650224,0.002478120,-0.000764725,-0.000349494,0.002453351,-0.000764725,,novatel_oem7_msgs.msg.InertialSolutionStatus(status=3),
1786043710426849578,1786043710.425598443,/novatel/oem7/fix,/novatel/oem7/fix,/novatel/oem7/inspva,39.663,-75.756,-1.800650224,0.002478120,-0.000764725,-0.000349494,0.002453351,-0.000764725,,0,
1786043710427899338,1786043710.426136931,/novatel/oem7/odom,/novatel/oem7/fix,/novatel/oem7/odom,39.663,-75.756,-1.800650224,0.002480836,-0.000755866,0.002436184,-0.000468569,-0.000755866,,,
1786043710435201938,1786043710.434558308,/novatel/oem7/odom,/novatel/oem7/fix,/novatel/oem7/odom,39.663,-75.756,-1.800650224,0.002480836,-0.000755866,0.002436184,-0.000468569,-0.000755866,,,
1786043710445800696,1786043710.445245631,/novatel/oem7/inspva,/novatel/oem7/inspva,/novatel/oem7/inspva,39.663,-75.756,-1.800671580,0.001922741,0.000035880,0.001327446,0.001390979,0.000035880,,novatel_oem7_msgs.msg.InertialSolutionStatus(status=3),
1786043710447148994,1786043710.445395796,/novatel/oem7/fix,/novatel/oem7/fix,/novatel/oem7/inspva,39.663,-75.756,-1.800671580,0.001922741,0.000035880,0.001327446,0.001390979,0.000035880,,0,
1786043710448351219,1786043710.446092146,/novatel/oem7/odom,/novatel/oem7/fix,/novatel/oem7/odom,39.663,-75.756,-1.800671580,0.001922542,0.000045318,0.001454862,0.001256800,0.000045318,,,
1786043710456948741,1786043710.456246317,/novatel/oem7/odom,/novatel/oem7/fix,/novatel/oem7/odom,39.663,-75.756,-1.800671580,0.001922542,0.000045318,0.001454862,0.001256800,0.000045318,,,
1786043710465602143,1786043710.465067005,/novatel/oem7/inspva,/novatel/oem7/inspva,/novatel/oem7/inspva,39.663,-75.756,-1.800708862,0.001950726,-0.001479380,0.001574744,0.001151310,-0.001479380,,novatel_oem7_msgs.msg.InertialSolutionStatus(status=3),
1786043710466948033,1786043710.465215036,/novatel/oem7/fix,/novatel/oem7/fix,/novatel/oem7/inspva,39.663,-75.756,-1.800708862,0.001950726,-0.001479380,0.001574744,0.001151310,-0.001479380,,0,
1786043710468008784,1786043710.465681961,/novatel/oem7/odom,/novatel/oem7/fix,/novatel/oem7/odom,39.663,-75.756,-1.800708862,0.001957629,-0.001470234,0.001234065,0.001519669,-0.001470234,,,
1786043710475061051,1786043710.474439263,/novatel/oem7/odom,/novatel/oem7/fix,/novatel/oem7/odom,39.663,-75.756,-1.800708862,0.001957629,-0.001470234,0.001234065,0.001519669,-0.001470234,,,
1786043710487047930,1786043710.486526195,/novatel/oem7/inspva,/novatel/oem7/inspva,/novatel/oem7/inspva,39.663,-75.756,-1.800759159,0.001549466,-0.003350747,0.000229799,0.001532330,-0.003350747,,novatel_oem7_msgs.msg.InertialSolutionStatus(status=3),
1786043710488367119,1786043710.486680080,/novatel/oem7/fix,/novatel/oem7/fix,/novatel/oem7/inspva,39.663,-75.756,-1.800759159,0.001549466,-0.003350747,0.000229799,0.001532330,-0.003350747,,0,
1786043710489398773,1786043710.487078207,/novatel/oem7/odom,/novatel/oem7/fix,/novatel/oem7/odom,39.663,-75.756,-1.800759159,0.001564111,-0.003343936,0.001555654,0.000162431,-0.003343936,,,
1786043710495314105,1786043710.494705197,/novatel/oem7/odom,/novatel/oem7/fix,/novatel/oem7/odom,39.663,-75.756,-1.800759159,0.001564111,-0.003343936,0.001555654,0.000162431,-0.003343936,,,
1786043710506384562,1786043710.505867150,/novatel/oem7/inspva,/novatel/oem7/inspva,/novatel/oem7/inspva,39.663,-75.756,-1.800782436,0.002513262,-0.002422163,-0.000151744,0.002508677,-0.002422163,,novatel_oem7_msgs.msg.InertialSolutionStatus(status=3),
1786043710507708218,1786043710.506003495,/novatel/oem7/fix,/novatel/oem7/fix,/novatel/oem7/inspva,39.663,-75.756,-1.800782436,0.002513262,-0.002422163,-0.000151744,0.002508677,-0.002422163,,0,
1786043710508733445,1786043710.506536004,/novatel/oem7/odom,/novatel/oem7/fix,/novatel/oem7/odom,39.663,-75.756,-1.800782436,0.002522484,-0.002412557,0.002508054,-0.000269427,-0.002412557,,,
1786043710512237650,1786043710.511667041,/novatel/oem7/bestpos,/novatel/oem7/bestpos,/novatel/oem7/odom,39.663,-75.756,33.181435178,0.002522484,-0.002412557,0.002508054,-0.000269427,-0.002412557,,novatel_oem7_msgs.msg.SolutionStatus(status=0),novatel_oem7_msgs.msg.PositionOrVelocityType(type=53)
1786043710513657101,1786043710.512720365,/novatel/oem7/bestvel,/novatel/oem7/bestpos,/novatel/oem7/bestvel,39.663,-75.756,33.181435178,0.001579544,-0.002070044,,,,87.583123974,novatel_oem7_msgs.msg.SolutionStatus(status=0),novatel_oem7_msgs.msg.PositionOrVelocityType(type=53)
1786043710516483076,1786043710.515514703,/novatel/oem7/odom,/novatel/oem7/bestpos,/novatel/oem7/odom,39.663,-75.756,33.181435178,0.002522484,-0.002412557,0.002508054,-0.000269427,-0.002412557,,,
1786043710525894379,1786043710.525284063,/novatel/oem7/inspva,/novatel/oem7/inspva,/novatel/oem7/inspva,39.663,-75.756,-1.800798779,0.001396261,0.000293687,0.000735832,0.001186632,0.000293687,,novatel_oem7_msgs.msg.InertialSolutionStatus(status=3),
1786043710527243819,1786043710.525517532,/novatel/oem7/fix,/novatel/oem7/fix,/novatel/oem7/inspva,39.663,-75.756,-1.800798779,0.001396261,0.000293687,0.000735832,0.001186632,0.000293687,,0,
1786043710528311913,1786043710.526045948,/novatel/oem7/odom,/novatel/oem7/fix,/novatel/oem7/odom,39.663,-75.756,-1.800798779,0.001394788,0.000300605,0.001220385,0.000675347,0.000300605,,,
1786043710535538688,1786043710.534896108,/novatel/oem7/odom,/novatel/oem7/fix,/novatel/oem7/odom,39.663,-75.756,-1.800798779,0.001394788,0.000300605,0.001220385,0.000675347,0.000300605,,,
1786043710546682832,1786043710.546119213,/novatel/oem7/inspva,/novatel/oem7/inspva,/novatel/oem7/inspva,39.663,-75.756,-1.800846405,0.001703980,-0.001295779,0.001153092,0.001254562,-0.001295779,,novatel_oem7_msgs.msg.InertialSolutionStatus(status=3),
1786043710548014359,1786043710.546313889,/novatel/oem7/fix,/novatel/oem7/fix,/novatel/oem7/inspva,39.663,-75.756,-1.800846405,0.001703980,-0.001295779,0.001153092,0.001254562,-0.001295779,,0,
1786043710549051756,1786043710.546718039,/novatel/oem7/odom,/novatel/oem7/fix,/novatel/oem7/odom,39.663,-75.756,-1.800846405,0.001710284,-0.001287446,0.001315511,0.001092932,-0.001287446,,,
1786043710556176654,1786043710.555822940,/novatel/oem7/odom,/novatel/oem7/fix,/novatel/oem7/odom,39.663,-75.756,-1.800846405,0.001710284,-0.001287446,0.001315511,0.001092932,-0.001287446,,,
1786043710565820999,1786043710.565259720,/novatel/oem7/inspva,/novatel/oem7/inspva,/novatel/oem7/inspva,39.663,-75.756,-1.800892513,0.001419583,-0.002826189,0.000773896,0.001190085,-0.002826189,,novatel_oem7_msgs.msg.InertialSolutionStatus(status=3),
1786043710567165732,1786043710.565455595,/novatel/oem7/fix,/novatel/oem7/fix,/novatel/oem7/inspva,39.663,-75.756,-1.800892513,0.001419583,-0.002826189,0.000773896,0.001190085,-0.002826189,,0,
1786043710568235070,1786043710.566102682,/novatel/oem7/odom,/novatel/oem7/fix,/novatel/oem7/odom,39.663,-75.756,-1.800892513,0.001433359,-0.002819227,0.001238581,0.000721412,-0.002819227,,,
1786043710576070634,1786043710.575396094,/novatel/oem7/odom,/novatel/oem7/fix,/novatel/oem7/odom,39.663,-75.756,-1.800892513,0.001433359,-0.002819227,0.001238581,0.000721412,-0.002819227,,,
1786043710585626476,1786043710.585042370,/novatel/oem7/inspva,/novatel/oem7/inspva,/novatel/oem7/inspva,39.663,-75.756,-1.800919914,0.001889607,-0.002568110,0.000216802,0.001877128,-0.002568110,,novatel_oem7_msgs.msg.InertialSolutionStatus(status=3),
1786043710586993179,1786043710.585235609,/novatel/oem7/fix,/novatel/oem7/fix,/novatel/oem7/inspva,39.663,-75.756,-1.800919914,0.001889607,-0.002568110,0.000216802,0.001877128,-0.002568110,,0,
1786043710588061877,1786043710.585644870,/novatel/oem7/odom,/novatel/oem7/fix,/novatel/oem7/odom,39.663,-75.756,-1.800919914,0.001900617,-0.002559972,0.001896145,0.000130312,-0.002559972,,,
1786043710595125060,1786043710.594450017,/novatel/oem7/odom,/novatel/oem7/fix,/novatel/oem7/odom,39.663,-75.756,-1.800919914,0.001900617,-0.002559972,0.001896145,0.000130312,-0.002559972,,,
1786043710607002705,1786043710.606444356,/novatel/oem7/inspva,/novatel/oem7/inspva,/novatel/oem7/inspva,39.663,-75.756,-1.800938003,0.001773853,-0.000419695,-0.000108179,0.001770551,-0.000419695,,novatel_oem7_msgs.msg.InertialSolutionStatus(status=3),
1786043710608366359,1786043710.606628601,/novatel/oem7/fix,/novatel/oem7/fix,/novatel/oem7/inspva,39.663,-75.756,-1.800938003,0.001773853,-0.000419695,-0.000108179,0.001770551,-0.000419695,,0,
1786043710609760196,1786043710.607031275,/novatel/oem7/odom,/novatel/oem7/fix,/novatel/oem7/odom,39.663,-75.756,-1.800938003,0.001775453,-0.000412872,0.001764750,-0.000194657,-0.000412872,,,
1786043710611288551,1786043710.610655981,/novatel/oem7/bestpos,/novatel/oem7/bestpos,/novatel/oem7/odom,39.663,-75.756,33.181268802,0.001775453,-0.000412872,0.001764750,-0.000194657,-0.000412872,,novatel_oem7_msgs.msg.SolutionStatus(status=0),novatel_oem7_msgs.msg.PositionOrVelocityType(type=53)
1786043710612754512,1786043710.611230687,/novatel/oem7/bestvel,/novatel/oem7/bestpos,/novatel/oem7/bestvel,39.663,-75.756,33.181268802,0.002597263,-0.000886847,,,,90.803691327,novatel_oem7_msgs.msg.SolutionStatus(status=0),novatel_oem7_msgs.msg.PositionOrVelocityType(type=53)
1786043710615851930,1786043710.615165336,/novatel/oem7/odom,/novatel/oem7/bestpos,/novatel/oem7/odom,39.663,-75.756,33.181268802,0.001775453,-0.000412872,0.001764750,-0.000194657,-0.000412872,,,
1786043710625616737,1786043710.625068011,/novatel/oem7/inspva,/novatel/oem7/inspva,/novatel/oem7/inspva,39.663,-75.756,-1.800980996,0.001959716,-0.001224538,0.000766624,0.001803545,-0.001224538,,novatel_oem7_msgs.msg.InertialSolutionStatus(status=3),
1786043710626947243,1786043710.625249103,/novatel/oem7/fix,/novatel/oem7/fix,/novatel/oem7/inspva,39.663,-75.756,-1.800980996,0.001959716,-0.001224538,0.000766624,0.001803545,-0.001224538,,0,
1786043710628006294,1786043710.625608877,/novatel/oem7/odom,/novatel/oem7/fix,/novatel/oem7/odom,39.663,-75.756,-1.800980996,0.001965588,-0.001215091,0.001844384,0.000679546,-0.001215091,,,
1786043710636174092,1786043710.635518121,/novatel/oem7/odom,/novatel/oem7/fix,/novatel/oem7/odom,39.663,-75.756,-1.800980996,0.001965588,-0.001215091,0.001844384,0.000679546,-0.001215091,,,
1786043710646041216,1786043710.645469987,/novatel/oem7/inspva,/novatel/oem7/inspva,/novatel/oem7/inspva,39.663,-75.756,-1.801030848,0.001834131,-0.002818300,0.001757408,0.000524933,-0.002818300,,novatel_oem7_msgs.msg.InertialSolutionStatus(status=3),
1786043710647454530,1786043710.645655962,/novatel/oem7/fix,/novatel/oem7/fix,/novatel/oem7/inspva,39.663,-75.756,-1.801030848,0.001834131,-0.002818300,0.001757408,0.000524933,-0.002818300,,0,
1786043710648529488,1786043710.646290227,/novatel/oem7/odom,/novatel/oem7/fix,/novatel/oem7/odom,39.663,-75.756,-1.801030848,0.001845020,-0.002811183,0.000623047,0.001736639,-0.002811183,,,
1786043710656629218,1786043710.655938584,/novatel/oem7/odom,/novatel/oem7/fix,/novatel/oem7/odom,39.663,-75.756,-1.801030848,0.001845020,-0.002811183,0.000623047,0.001736639,-0.002811183,,,
1786043710666979628,1786043710.666435806,/novatel/oem7/inspva,/novatel/oem7/inspva,/novatel/oem7/inspva,39.663,-75.756,-1.801066210,0.001657305,-0.002820090,0.001413615,0.000865074,-0.002820090,,novatel_oem7_msgs.msg.InertialSolutionStatus(status=3),
1786043710668362148,1786043710.666609687,/novatel/oem7/fix,/novatel/oem7/fix,/novatel/oem7/inspva,39.663,-75.756,-1.801066210,0.001657305,-0.002820090,0.001413615,0.000865074,-0.002820090,,0,
1786043710669455709,1786043710.667015244,/novatel/oem7/odom,/novatel/oem7/fix,/novatel/oem7/odom,39.663,-75.756,-1.801066210,0.001669994,-0.002812594,0.000945715,0.001376409,-0.002812594,,,
1786043710675127155,1786043710.674475649,/novatel/oem7/odom,/novatel/oem7/fix,/novatel/oem7/odom,39.663,-75.756,-1.801066210,0.001669994,-0.002812594,0.000945715,0.001376409,-0.002812594,,,
1786043710685918742,1786043710.685353847,/novatel/oem7/inspva,/novatel/oem7/inspva,/novatel/oem7/inspva,39.663,-75.756,-1.801093747,0.002518681,-0.001441733,0.000071075,0.002517678,-0.001441733,,novatel_oem7_msgs.msg.InertialSolutionStatus(status=3),
1786043710687271923,1786043710.685544759,/novatel/oem7/fix,/novatel/oem7/fix,/novatel/oem7/inspva,39.663,-75.756,-1.801093747,0.002518681,-0.001441733,0.000071075,0.002517678,-0.001441733,,0,
1786043710688348207,1786043710.686249242,/novatel/oem7/odom,/novatel/oem7/fix,/novatel/oem7/odom,39.663,-75.756,-1.801093747,0.002524565,-0.001431405,0.002524070,-0.000049998,-0.001431405,,,
1786043710696249135,1786043710.695590152,/novatel/oem7/odom,/novatel/oem7/fix,/novatel/oem7/odom,39.663,-75.756,-1.801093747,0.002524565,-0.001431405,0.002524070,-0.000049998,-0.001431405,,,
1786043710706319482,1786043710.705782240,/novatel/oem7/inspva,/novatel/oem7/inspva,/novatel/oem7/inspva,39.663,-75.756,-1.801134524,0.002159476,-0.001197479,0.000579514,0.002080265,-0.001197479,,novatel_oem7_msgs.msg.InertialSolutionStatus(status=3),
1786043710707692629,1786043710.705958748,/novatel/oem7/fix,/novatel/oem7/fix,/novatel/oem7/inspva,39.663,-75.756,-1.801134524,0.002159476,-0.001197479,0.000579514,0.002080265,-0.001197479,,0,
1786043710708762386,1786043710.706368772,/novatel/oem7/odom,/novatel/oem7/fix,/novatel/oem7/odom,39.663,-75.756,-1.801134524,0.002164993,-0.001187475,0.002111368,0.000478872,-0.001187475,,,
1786043710710282295,1786043710.709448826,/novatel/oem7/bestpos,/novatel/oem7/bestpos,/novatel/oem7/odom,39.663,-75.756,33.181084000,0.002164993,-0.001187475,0.002111368,0.000478872,-0.001187475,,novatel_oem7_msgs.msg.SolutionStatus(status=0),novatel_oem7_msgs.msg.PositionOrVelocityType(type=53)
1786043710711686995,1786043710.710121017,/novatel/oem7/bestvel,/novatel/oem7/bestpos,/novatel/oem7/bestvel,39.663,-75.756,33.181084000,0.002350213,-0.001434125,,,,67.219579708,novatel_oem7_msgs.msg.SolutionStatus(status=0),novatel_oem7_msgs.msg.PositionOrVelocityType(type=53)
1786043710715063122,1786043710.714397892,/novatel/oem7/odom,/novatel/oem7/bestpos,/novatel/oem7/odom,39.663,-75.756,33.181084000,0.002164993,-0.001187475,0.002111368,0.000478872,-0.001187475,,,
1786043710727154916,1786043710.726560023,/novatel/oem7/inspva,/novatel/oem7/inspva,/novatel/oem7/inspva,39.663,-75.756,-1.801184795,0.002705294,-0.002090096,0.002494953,0.001045862,-0.002090096,,novatel_oem7_msgs.msg.InertialSolutionStatus(status=3),
1786043710728554986,1786043710.726754672,/novatel/oem7/fix,/novatel/oem7/fix,/novatel/oem7/inspva,39.663,-75.756,-1.801184795,0.002705294,-0.002090096,0.002494953,0.001045862,-0.002090096,,0,
1786043710729628661,1786043710.727046605,/novatel/oem7/odom,/novatel/oem7/fix,/novatel/oem7/odom,39.663,-75.756,-1.801184795,0.002713971,-0.002078817,0.001176851,0.002445539,-0.002078817,,,
1786043710735522559,1786043710.734853352,/novatel/oem7/odom,/novatel/oem7/fix,/novatel/oem7/odom,39.663,-75.756,-1.801184795,0.002713971,-0.002078817,0.001176851,0.002445539,-0.002078817,,,
1786043710745626346,1786043710.745045357,/novatel/oem7/inspva,/novatel/oem7/inspva,/novatel/oem7/inspva,39.663,-75.756,-1.801225717,0.002091709,-0.003043441,0.001953081,0.000748814,-0.003043441,,novatel_oem7_msgs.msg.InertialSolutionStatus(status=3),
1786043710746944316,1786043710.745221569,/novatel/oem7/fix,/novatel/oem7/fix,/novatel/oem7/inspva,39.663,-75.756,-1.801225717,0.002091709,-0.003043441,0.001953081,0.000748814,-0.003043441,,0,
1786043710748025353,1786043710.745525522,/novatel/oem7/odom,/novatel/oem7/fix,/novatel/oem7/odom,39.663,-75.756,-1.801225717,0.002104105,-0.003034884,0.000857265,0.001921550,-0.003034884,,,
1786043710756633275,1786043710.755893408,/novatel/oem7/odom,/novatel/oem7/fix,/novatel/oem7/odom,39.663,-75.756,-1.801225717,0.002104105,-0.003034884,0.000857265,0.001921550,-0.003034884,,,
1786043710765908127,1786043710.765359896,/novatel/oem7/inspva,/novatel/oem7/inspva,/novatel/oem7/inspva,39.663,-75.756,-1.801257974,0.001364449,-0.002120254,0.000629540,0.001210537,-0.002120254,,novatel_oem7_msgs.msg.InertialSolutionStatus(status=3),
1786043710767286638,1786043710.765552517,/novatel/oem7/fix,/novatel/oem7/fix,/novatel/oem7/inspva,39.663,-75.756,-1.801257974,0.001364449,-0.002120254,0.000629540,0.001210537,-0.002120254,,0,
1786043710768351381,1786043710.766251101,/novatel/oem7/odom,/novatel/oem7/fix,/novatel/oem7/odom,39.663,-75.756,-1.801257974,0.001374740,-0.002113596,0.001249010,0.000574356,-0.002113596,,,
1786043710775049482,1786043710.774322498,/novatel/oem7/odom,/novatel/oem7/fix,/novatel/oem7/odom,39.663,-75.756,-1.801257974,0.001374740,-0.002113596,0.001249010,0.000574356,-0.002113596,,,
1786043710786624973,1786043710.786072334,/novatel/oem7/inspva,/novatel/oem7/inspva,/novatel/oem7/inspva,39.663,-75.756,-1.801301466,0.002147695,-0.001800874,0.000341456,0.002120378,-0.001800874,,novatel_oem7_msgs.msg.InertialSolutionStatus(status=3),
1786043710788361527,1786043710.786241856,/novatel/oem7/fix,/novatel/oem7/fix,/novatel/oem7/inspva,39.663,-75.756,-1.801301466,0.002147695,-0.001800874,0.000341456,0.002120378,-0.001800874,,0,
1786043710789459905,1786043710.786594056,/novatel/oem7/odom,/novatel/oem7/fix,/novatel/oem7/odom,39.663,-75.756,-1.801301466,0.002155588,-0.001791419,0.002142104,0.000240734,-0.001791419,,,
1786043710795074327,1786043710.794371273,/novatel/oem7/odom,/novatel/oem7/fix,/novatel/oem7/odom,39.663,-75.756,-1.801301466,0.002155588,-0.001791419,0.002142104,0.000240734,-0.001791419,,,
1786043710807286872,1786043710.806723557,/novatel/oem7/inspva,/novatel/oem7/inspva,/novatel/oem7/inspva,39.663,-75.756,-1.801345147,0.002582431,-0.001262573,0.002424697,0.000888706,-0.001262573,,novatel_oem7_msgs.msg.InertialSolutionStatus(status=3),
1786043710808651046,1786043710.806899245,/novatel/oem7/fix,/novatel/oem7/fix,/novatel/oem7/inspva,39.663,-75.756,-1.801345147,0.002582431,-0.001262573,0.002424697,0.000888706,-0.001262573,,0,
1786043710809748093,1786043710.807344509,/novatel/oem7/odom,/novatel/oem7/fix,/novatel/oem7/odom,39.663,-75.756,-1.801345147,0.002587544,-0.001252062,0.001013046,0.002380992,-0.001252062,,,
1786043710811241178,1786043710.810248545,/novatel/oem7/bestpos,/novatel/oem7/bestpos,/novatel/oem7/odom,39.663,-75.756,33.180863109,0.002587544,-0.001252062,0.001013046,0.002380992,-0.001252062,,novatel_oem7_msgs.msg.SolutionStatus(status=0),novatel_oem7_msgs.msg.PositionOrVelocityType(type=53)
1786043710812159821,1786043710.810591258,/novatel/oem7/bestvel,/novatel/oem7/bestpos,/novatel/oem7/bestvel,39.663,-75.756,33.180863109,0.003269061,-0.001927010,,,,45.770353947,novatel_oem7_msgs.msg.SolutionStatus(status=0),novatel_oem7_msgs.msg.PositionOrVelocityType(type=53)
1786043710816152143,1786043710.815505620,/novatel/oem7/odom,/novatel/oem7/bestpos,/novatel/oem7/odom,39.663,-75.756,33.180863109,0.002587544,-0.001252062,0.001013046,0.002380992,-0.001252062,,,
1786043710825962658,1786043710.825414055,/novatel/oem7/inspva,/novatel/oem7/inspva,/novatel/oem7/inspva,39.663,-75.756,-1.801395432,0.002275241,-0.002737252,0.002271507,0.000130286,-0.002737252,,novatel_oem7_msgs.msg.InertialSolutionStatus(status=3),
1786043710827323454,1786043710.825606800,/novatel/oem7/fix,/novatel/oem7/fix,/novatel/oem7/inspva,39.663,-75.756,-1.801395432,0.002275241,-0.002737252,0.002271507,0.000130286,-0.002737252,,0,
1786043710828367835,1786043710.825958906,/novatel/oem7/odom,/novatel/oem7/fix,/novatel/oem7/odom,39.663,-75.756,-1.801395432,0.002283619,-0.002730267,0.000254076,0.002269441,-0.002730267,,,
1786043710835342244,1786043710.834619200,/novatel/oem7/odom,/novatel/oem7/fix,/novatel/oem7/odom,39.663,-75.756,-1.801395432,0.002283619,-0.002730267,0.000254076,0.002269441,-0.002730267,,,
1786043710847185915,1786043710.846605098,/novatel/oem7/inspva,/novatel/oem7/inspva,/novatel/oem7/inspva,39.663,-75.756,-1.801442544,0.001359633,-0.003150141,0.000439724,0.001286563,-0.003150141,,novatel_oem7_msgs.msg.InertialSolutionStatus(status=3),
1786043710848715107,1786043710.846704520,/novatel/oem7/fix,/novatel/oem7/fix,/novatel/oem7/inspva,39.663,-75.756,-1.801442544,0.001359633,-0.003150141,0.000439724,0.001286563,-0.003150141,,0,
1786043710849890482,1786043710.847158975,/novatel/oem7/odom,/novatel/oem7/fix,/novatel/oem7/odom,39.663,-75.756,-1.801442544,0.001374337,-0.003143754,0.001319686,0.000383707,-0.003143754,,,
1786043710856734917,1786043710.855976612,/novatel/oem7/odom,/novatel/oem7/fix,/novatel/oem7/odom,39.663,-75.756,-1.801442544,0.001374337,-0.003143754,0.001319686,0.000383707,-0.003143754,,,
1786043710865725433,1786043710.865127143,/novatel/oem7/inspva,/novatel/oem7/inspva,/novatel/oem7/inspva,39.663,-75.756,-1.801483781,0.001911491,-0.002544093,0.000267882,0.001892627,-0.002544093,,novatel_oem7_msgs.msg.InertialSolutionStatus(status=3),
1786043710867161650,1786043710.865228084,/novatel/oem7/fix,/novatel/oem7/fix,/novatel/oem7/inspva,39.663,-75.756,-1.801483781,0.001911491,-0.002544093,0.000267882,0.001892627,-0.002544093,,0,
1786043710868279494,1786043710.865588151,/novatel/oem7/odom,/novatel/oem7/fix,/novatel/oem7/odom,39.663,-75.756,-1.801483781,0.001922565,-0.002535735,0.001914075,0.000180485,-0.002535735,,,
1786043710876328634,1786043710.875650805,/novatel/oem7/odom,/novatel/oem7/fix,/novatel/oem7/odom,39.663,-75.756,-1.801483781,0.001922565,-0.002535735,0.001914075,0.000180485,-0.002535735,,,
1786043710886051438,1786043710.885480039,/novatel/oem7/inspva,/novatel/oem7/inspva,/novatel/oem7/inspva,39.663,-75.756,-1.801526150,0.002356960,-0.001335727,0.001998473,0.001249546,-0.001335727,,novatel_oem7_msgs.msg.InertialSolutionStatus(status=3),
1786043710887500332,1786043710.885645783,/novatel/oem7/fix,/novatel/oem7/fix,/novatel/oem7/inspva,39.663,-75.756,-1.801526150,0.002356960,-0.001335727,0.001998473,0.001249546,-0.001335727,,0,
1786043710888635770,1786043710.886244215,/novatel/oem7/odom,/novatel/oem7/fix,/novatel/oem7/odom,39.663,-75.756,-1.801526150,0.002363042,-0.001324937,0.001352602,0.001937637,-0.001324937,,,
1786043710895689441,1786043710.894985787,/novatel/oem7/odom,/novatel/oem7/fix,/novatel/oem7/odom,39.663,-75.756,-1.801526150,0.002363042,-0.001324937,0.001352602,0.001937637,-0.001324937,,,
1786043710906548682,1786043710.905960539,/novatel/oem7/inspva,/novatel/oem7/inspva,/novatel/oem7/inspva,39.663,-75.756,-1.801583312,0.002345068,-0.002004680,0.002336443,0.000200942,-0.002004680,,novatel_oem7_msgs.msg.InertialSolutionStatus(status=3),
1786043710908006199,1786043710.906139344,/novatel/oem7/fix,/novatel/oem7/fix,/novatel/oem7/inspva,39.663,-75.756,-1.801583312,0.002345068,-0.002004680,0.002336443,0.000200942,-0.002004680,,0,
1786043710909117140,1786043710.906379019,/novatel/oem7/odom,/novatel/oem7/fix,/novatel/oem7/odom,39.663,-75.756,-1.801583312,0.002351455,-0.001997184,0.000324815,0.002328914,-0.001997184,,,
1786043710910779567,1786043710.909207320,/novatel/oem7/bestpos,/novatel/oem7/bestpos,/novatel/oem7/odom,39.663,-75.756,33.180626941,0.002351455,-0.001997184,0.000324815,0.002328914,-0.001997184,,novatel_oem7_msgs.msg.SolutionStatus(status=0),novatel_oem7_msgs.msg.PositionOrVelocityType(type=53)
1786043710911773974,1786043710.909940301,/novatel/oem7/bestvel,/novatel/oem7/bestpos,/novatel/oem7/bestvel,39.663,-75.756,33.180626941,0.002639398,-0.002589016,,,,38.155198629,novatel_oem7_msgs.msg.SolutionStatus(status=0),novatel_oem7_msgs.msg.PositionOrVelocityType(type=53)
1786043710915078043,1786043710.914391710,/novatel/oem7/odom,/novatel/oem7/bestpos,/novatel/oem7/odom,39.663,-75.756,33.180626941,0.002351455,-0.001997184,0.000324815,0.002328914,-0.001997184,,,
1786043710925869031,1786043710.925268495,/novatel/oem7/inspva,/novatel/oem7/inspva,/novatel/oem7/inspva,39.663,-75.756,-1.801653292,0.001512543,-0.004480782,0.001408768,0.000550598,-0.004480782,,novatel_oem7_msgs.msg.InertialSolutionStatus(status=3),
1786043710927264807,1786043710.925418442,/novatel/oem7/fix,/novatel/oem7/fix,/novatel/oem7/inspva,39.663,-75.756,-1.801653292,0.001512543,-0.004480782,0.001408768,0.000550598,-0.004480782,,0,
1786043710928341978,1786043710.926009155,/novatel/oem7/odom,/novatel/oem7/fix,/novatel/oem7/odom,39.663,-75.756,-1.801653292,0.001530883,-0.004474549,0.000638107,0.001391554,-0.004474549,,,
1786043710936176443,1786043710.935521514,/novatel/oem7/odom,/novatel/oem7/fix,/novatel/oem7/odom,39.663,-75.756,-1.801653292,0.001530883,-0.004474549,0.000638107,0.001391554,-0.004474549,,,
1786043710945555042,1786043710.945003986,/novatel/oem7/inspva,/novatel/oem7/inspva,/novatel/oem7/inspva,39.663,-75.756,-1.801690264,0.001642497,-0.003165387,0.000968763,0.001326384,-0.003165387,,novatel_oem7_msgs.msg.InertialSolutionStatus(status=3),
1786043710946992517,1786043710.945081124,/novatel/oem7/fix,/novatel/oem7/fix,/novatel/oem7/inspva,39.663,-75.756,-1.801690264,0.001642497,-0.003165387,0.000968763,0.001326384,-0.003165387,,0,
1786043710948169605,1786043710.945578476,/novatel/oem7/odom,/novatel/oem7/fix,/novatel/oem7/odom,39.663,-75.756,-1.801690264,0.001657981,-0.003157305,0.001385792,0.000910209,-0.003157305,,,
1786043710956240819,1786043710.955573574,/novatel/oem7/odom,/novatel/oem7/fix,/novatel/oem7/odom,39.663,-75.756,-1.801690264,0.001657981,-0.003157305,0.001385792,0.000910209,-0.003157305,,,
1786043710967025926,1786043710.966464310,/novatel/oem7/inspva,/novatel/oem7/inspva,/novatel/oem7/inspva,39.663,-75.756,-1.801732047,0.002084699,-0.001367415,0.001426215,0.001520488,-0.001367415,,novatel_oem7_msgs.msg.InertialSolutionStatus(status=3),
1786043710968417166,1786043710.966613252,/novatel/oem7/fix,/novatel/oem7/fix,/novatel/oem7/inspva,39.663,-75.756,-1.801732047,0.002084699,-0.001367415,0.001426215,0.001520488,-0.001367415,,0,
1786043710969518347,1786043710.967052776,/novatel/oem7/odom,/novatel/oem7/fix,/novatel/oem7/odom,39.663,-75.756,-1.801732047,0.002091369,-0.001357192,0.001594988,0.001352715,-0.001357192,,,
1786043710975566707,1786043710.974858944,/novatel/oem7/odom,/novatel/oem7/fix,/novatel/oem7/odom,39.663,-75.756,-1.801732047,0.002091369,-0.001357192,0.001594988,0.001352715,-0.001357192,,,
1786043710985479366,1786043710.984913305,/novatel/oem7/inspva,/novatel/oem7/inspva,/novatel/oem7/inspva,39.663,-75.756,-1.801790527,0.002223658,-0.001690415,0.001770721,0.001345067,-0.001690415,,novatel_oem7_msgs.msg.InertialSolutionStatus(status=3),
1786043710986940900,1786043710.985060285,/novatel/oem7/fix,/novatel/oem7/fix,/novatel/oem7/inspva,39.663,-75.756,-1.801790527,0.002223658,-0.001690415,0.001770721,0.001345067,-0.001690415,,0,
1786043710988050528,1786043710.985690451,/novatel/oem7/odom,/novatel/oem7/fix,/novatel/oem7/odom,39.663,-75.756,-1.801790527,0.002231564,-0.001679965,0.001438112,0.001706373,-0.001679965,,,
1786043710996189742,1786043710.995503476,/novatel/oem7/odom,/novatel/oem7/fix,/novatel/oem7/odom,39.663,-75.756,-1.801790527,0.002231564,-0.001679965,0.001438112,0.001706373,-0.001679965,,,
1786043711010943739,1786043711.010373386,/novatel/oem7/inspva,/novatel/oem7/inspva,/novatel/oem7/inspva,39.663,-75.756,-1.801865580,0.001904953,-0.004442003,0.001674223,0.000908748,-0.004442003,,novatel_oem7_msgs.msg.InertialSolutionStatus(status=3),
1786043711012364053,1786043711.010459697,/novatel/oem7/fix,/novatel/oem7/fix,/novatel/oem7/inspva,39.663,-75.756,-1.801865580,0.001904953,-0.004442003,0.001674223,0.000908748,-0.004442003,,0,
1786043711013506238,1786043711.011814305,/novatel/oem7/odom,/novatel/oem7/fix,/novatel/oem7/odom,39.663,-75.756,-1.801865580,0.001924511,-0.004433565,0.001008816,0.001638912,-0.004433565,,,
1786043711016771287,1786043711.016076807,/novatel/oem7/odom,/novatel/oem7/fix,/novatel/oem7/odom,39.663,-75.756,-1.801865580,0.001924511,-0.004433565,0.001008816,0.001638912,-0.004433565,,,
1786043711027217101,1786043711.026584488,/novatel/oem7/bestpos,/novatel/oem7/bestpos,/novatel/oem7/odom,39.663,-75.756,33.180368017,0.001924511,-0.004433565,0.001008816,0.001638912,-0.004433565,,novatel_oem7_msgs.msg.SolutionStatus(status=0),novatel_oem7_msgs.msg.PositionOrVelocityType(type=53)
1786043711028770869,1786043711.027044522,/novatel/oem7/bestvel,/novatel/oem7/bestpos,/novatel/oem7/bestvel,39.663,-75.756,33.180368017,0.001625432,-0.004162126,,,,18.451898805,novatel_oem7_msgs.msg.SolutionStatus(status=0),novatel_oem7_msgs.msg.PositionOrVelocityType(type=53)
1786043711029688922,1786043711.027523877,/novatel/oem7/inspva,/novatel/oem7/inspva,/novatel/oem7/inspva,39.663,-75.756,-1.801911223,0.001144274,-0.003996450,0.001143510,0.000041815,-0.003996450,,novatel_oem7_msgs.msg.InertialSolutionStatus(status=3),
1786043711030639785,1786043711.027685558,/novatel/oem7/fix,/novatel/oem7/fix,/novatel/oem7/inspva,39.663,-75.756,-1.801911223,0.001144274,-0.003996450,0.001143510,0.000041815,-0.003996450,,0,
1786043711032021462,1786043711.028047749,/novatel/oem7/odom,/novatel/oem7/fix,/novatel/oem7/odom,39.663,-75.756,-1.801911223,0.001156337,-0.003992977,0.000114864,0.001150618,-0.003992977,,,
1786043711035548817,1786043711.034879326,/novatel/oem7/odom,/novatel/oem7/fix,/novatel/oem7/odom,39.663,-75.756,-1.801911223,0.001156337,-0.003992977,0.000114864,0.001150618,-0.003992977,,,
1786043711045919390,1786043711.045367834,/novatel/oem7/inspva,/novatel/oem7/inspva,/novatel/oem7/inspva,39.663,-75.756,-1.801885071,0.001878923,-0.001082929,0.000861650,0.001669704,-0.001082929,,novatel_oem7_msgs.msg.InertialSolutionStatus(status=3),
1786043711047385541,1786043711.045535020,/novatel/oem7/fix,/novatel/oem7/fix,/novatel/oem7/inspva,39.663,-75.756,-1.801885071,0.001878923,-0.001082929,0.000861650,0.001669704,-0.001082929,,0,
1786043711048477925,1786043711.046125126,/novatel/oem7/odom,/novatel/oem7/fix,/novatel/oem7/odom,39.663,-75.756,-1.801885071,0.001884150,-0.001073809,0.001714806,0.000780682,-0.001073809,,,
1786043711057180355,1786043711.056515622,/novatel/oem7/odom,/novatel/oem7/fix,/novatel/oem7/odom,39.663,-75.756,-1.801885071,0.001884150,-0.001073809,0.001714806,0.000780682,-0.001073809,,,
1786043711066923665,1786043711.065254552,/novatel/oem7/inspva,/novatel/oem7/inspva,/novatel/oem7/inspva,39.663,-75.756,-1.801867958,0.001469432,-0.001897303,0.001069037,0.001008162,-0.001897303,,novatel_oem7_msgs.msg.InertialSolutionStatus(status=3),
1786043711068280632,1786043711.065558049,/novatel/oem7/fix,/novatel/oem7/fix,/novatel/oem7/inspva,39.663,-75.756,-1.801867958,0.001469432,-0.001897303,0.001069037,0.001008162,-0.001897303,,0,
1786043711069413433,1786043711.066664423,/novatel/oem7/odom,/novatel/oem7/fix,/novatel/oem7/odom,39.663,-75.756,-1.801867958,0.001884191,-0.001073737,0.001714862,0.000780657,-0.001073737,,,
1786043711075277401,1786043711.074581211,/novatel/oem7/odom,/novatel/oem7/fix,/novatel/oem7/odom,39.663,-75.756,-1.801867958,0.001478601,-0.001890166,0.001067808,0.001022765,-0.001890166,,,
1786043711087084409,1786043711.086545510,/novatel/oem7/inspva,/novatel/oem7/inspva,/novatel/oem7/inspva,39.663,-75.756,-1.801869868,0.002435146,-0.003502616,0.002417406,0.000293402,-0.003502616,,novatel_oem7_msgs.msg.InertialSolutionStatus(status=3),
1786043711088470816,1786043711.086720642,/novatel/oem7/fix,/novatel/oem7/fix,/novatel/oem7/inspva,39.663,-75.756,-1.801869868,0.002435146,-0.003502616,0.002417406,0.000293402,-0.003502616,,0,
1786043711089524623,1786043711.087070243,/novatel/oem7/odom,/novatel/oem7/fix,/novatel/oem7/odom,39.663,-75.756,-1.801869868,0.002446833,-0.003494462,0.000427195,0.002409252,-0.003494462,,,
1786043711095725962,1786043711.095054516,/novatel/oem7/odom,/novatel/oem7/fix,/novatel/oem7/odom,39.663,-75.756,-1.801869868,0.002446833,-0.003494462,0.000427195,0.002409252,-0.003494462,,,
1786043711106451411,1786043711.105877386,/novatel/oem7/inspva,/novatel/oem7/inspva,/novatel/oem7/inspva,39.663,-75.756,-1.801844054,0.001279254,-0.003958013,0.001207094,0.000423575,-0.003958013,,novatel_oem7_msgs.msg.InertialSolutionStatus(status=3),
1786043711107867652,1786043711.106043727,/novatel/oem7/fix,/novatel/oem7/fix,/novatel/oem7/inspva,39.663,-75.756,-1.801844054,0.001279254,-0.003958013,0.001207094,0.000423575,-0.003958013,,0,
1786043711108959550,1786043711.106563543,/novatel/oem7/odom,/novatel/oem7/fix,/novatel/oem7/odom,39.663,-75.756,-1.801844054,0.001295227,-0.003952815,0.000499195,0.001195164,-0.003952815,,,
1786043711110543936,1786043711.109502399,/novatel/oem7/bestpos,/novatel/oem7/bestpos,/novatel/oem7/odom,39.663,-75.756,33.180387592,0.001295227,-0.003952815,0.000499195,0.001195164,-0.003952815,,novatel_oem7_msgs.msg.SolutionStatus(status=0),novatel_oem7_msgs.msg.PositionOrVelocityType(type=53)
1786043711111994683,1786043711.110293876,/novatel/oem7/bestvel,/novatel/oem7/bestpos,/novatel/oem7/bestvel,39.663,-75.756,33.180387592,0.001298565,-0.003979681,,,,62.522711956,novatel_oem7_msgs.msg.SolutionStatus(status=0),novatel_oem7_msgs.msg.PositionOrVelocityType(type=53)
1786043711116077464,1786043711.115392117,/novatel/oem7/odom,/novatel/oem7/bestpos,/novatel/oem7/odom,39.663,-75.756,33.180387592,0.001295227,-0.003952815,0.000499195,0.001195164,-0.003952815,,,
1786043711126491414,1786043711.125931435,/novatel/oem7/inspva,/novatel/oem7/inspva,/novatel/oem7/inspva,39.663,-75.756,-1.801819321,0.000655018,-0.002191521,0.000494175,0.000429930,-0.002191521,,novatel_oem7_msgs.msg.InertialSolutionStatus(status=3),
1786043711127847411,1786043711.126068820,/novatel/oem7/fix,/novatel/oem7/fix,/novatel/oem7/inspva,39.663,-75.756,-1.801819321,0.000655018,-0.002191521,0.000494175,0.000429930,-0.002191521,,0,
1786043711128901624,1786043711.126592358,/novatel/oem7/odom,/novatel/oem7/fix,/novatel/oem7/odom,39.663,-75.756,-1.801819321,0.000665528,-0.002188352,0.000462972,0.000478105,-0.002188352,,,
1786043711136184764,1786043711.135515124,/novatel/oem7/odom,/novatel/oem7/fix,/novatel/oem7/odom,39.663,-75.756,-1.801819321,0.000665528,-0.002188352,0.000462972,0.000478105,-0.002188352,,,
1786043711146920750,1786043711.146345772,/novatel/oem7/inspva,/novatel/oem7/inspva,/novatel/oem7/inspva,39.663,-75.756,-1.801800821,0.001757056,-0.001659589,0.000802034,0.001563326,-0.001659589,,novatel_oem7_msgs.msg.InertialSolutionStatus(status=3),
1786043711148305397,1786043711.146535450,/novatel/oem7/fix,/novatel/oem7/fix,/novatel/oem7/inspva,39.663,-75.756,-1.801800821,0.001757056,-0.001659589,0.000802034,0.001563326,-0.001659589,,0,
1786043711149410495,1786043711.146967228,/novatel/oem7/odom,/novatel/oem7/fix,/novatel/oem7/odom,39.663,-75.756,-1.801800821,0.001765089,-0.001651043,0.001607972,0.000727987,-0.001651043,,,
1786043711156063424,1786043711.155394998,/novatel/oem7/odom,/novatel/oem7/fix,/novatel/oem7/odom,39.663,-75.756,-1.801800821,0.001765089,-0.001651043,0.001607972,0.000727987,-0.001651043,,,
1786043711165785531,1786043711.165236426,/novatel/oem7/inspva,/novatel/oem7/inspva,/novatel/oem7/inspva,39.663,-75.756,-1.801807799,0.002476999,-0.003337732,0.002473067,0.000139510,-0.003337732,,novatel_oem7_msgs.msg.InertialSolutionStatus(status=3),
1786043711167145265,1786043711.165329162,/novatel/oem7/fix,/novatel/oem7/fix,/novatel/oem7/inspva,39.663,-75.756,-1.801807799,0.002476999,-0.003337732,0.002473067,0.000139510,-0.003337732,,0,
1786043711168287090,1786043711.165869949,/novatel/oem7/odom,/novatel/oem7/fix,/novatel/oem7/odom,39.663,-75.756,-1.801807799,0.002487371,-0.003330010,0.000275808,0.002472032,-0.003330010,,,
1786043711176242475,1786043711.175567842,/novatel/oem7/odom,/novatel/oem7/fix,/novatel/oem7/odom,39.663,-75.756,-1.801807799,0.002487371,-0.003330010,0.000275808,0.002472032,-0.003330010,,,
1786043711185758676,1786043711.185249729,/novatel/oem7/inspva,/novatel/oem7/inspva,/novatel/oem7/inspva,39.663,-75.756,-1.801785816,0.002733343,-0.003744694,0.002688629,-0.000492380,-0.003744694,,novatel_oem7_msgs.msg.InertialSolutionStatus(status=3),
1786043711187122430,1786043711.185316169,/novatel/oem7/fix,/novatel/oem7/fix,/novatel/oem7/inspva,39.663,-75.756,-1.801785816,0.002733343,-0.003744694,0.002688629,-0.000492380,-0.003744694,,0,
1786043711188210444,1786043711.185799604,/novatel/oem7/odom,/novatel/oem7/fix,/novatel/oem7/odom,39.663,-75.756,-1.801785816,0.002741265,-0.003738899,-0.000343041,0.002719716,-0.003738899,,,
1786043711195082186,1786043711.194402042,/novatel/oem7/odom,/novatel/oem7/fix,/novatel/oem7/odom,39.663,-75.756,-1.801785816,0.002741265,-0.003738899,-0.000343041,0.002719716,-0.003738899,,,
1786043711207297414,1786043711.206729048,/novatel/oem7/inspva,/novatel/oem7/inspva,/novatel/oem7/inspva,39.663,-75.756,-1.801774672,0.001602188,-0.003036063,0.000034232,0.001601822,-0.003036063,,novatel_oem7_msgs.msg.InertialSolutionStatus(status=3),
1786043711208731612,1786043711.206874380,/novatel/oem7/fix,/novatel/oem7/fix,/novatel/oem7/inspva,39.663,-75.756,-1.801774672,0.001602188,-0.003036063,0.000034232,0.001601822,-0.003036063,,0,
1786043711209862676,1786043711.207339088,/novatel/oem7/odom,/novatel/oem7/fix,/novatel/oem7/odom,39.663,-75.756,-1.801774672,0.001614427,-0.003029573,0.001614000,-0.000037116,-0.003029573,,,
1786043711211412045,1786043711.209970370,/novatel/oem7/bestpos,/novatel/oem7/bestpos,/novatel/oem7/odom,39.663,-75.756,33.180457631,0.001614427,-0.003029573,0.001614000,-0.000037116,-0.003029573,,novatel_oem7_msgs.msg.SolutionStatus(status=0),novatel_oem7_msgs.msg.PositionOrVelocityType(type=53)
1786043711212387348,1786043711.210391884,/novatel/oem7/bestvel,/novatel/oem7/bestpos,/novatel/oem7/bestvel,39.663,-75.756,33.180457631,0.000833495,-0.002624464,,,,89.551821187,novatel_oem7_msgs.msg.SolutionStatus(status=0),novatel_oem7_msgs.msg.PositionOrVelocityType(type=53)
1786043711215837015,1786043711.215148462,/novatel/oem7/odom,/novatel/oem7/bestpos,/novatel/oem7/odom,39.663,-75.756,33.180457631,0.001614427,-0.003029573,0.001614000,-0.000037116,-0.003029573,,,
1786043711225439304,1786043711.224907343,/novatel/oem7/inspva,/novatel/oem7/inspva,/novatel/oem7/inspva,39.663,-75.756,-1.801756999,0.001315575,-0.002556628,0.000551407,0.001194440,-0.002556628,,novatel_oem7_msgs.msg.InertialSolutionStatus(status=3),
1786043711226804984,1786043711.224988026,/novatel/oem7/fix,/novatel/oem7/fix,/novatel/oem7/inspva,39.663,-75.756,-1.801756999,0.001315575,-0.002556628,0.000551407,0.001194440,-0.002556628,,0,
1786043711227875932,1786043711.225397321,/novatel/oem7/odom,/novatel/oem7/fix,/novatel/oem7/odom,39.663,-75.756,-1.801756999,0.001327915,-0.002550240,0.001230845,0.000498375,-0.002550240,,,
1786043711236484558,1786043711.235467141,/novatel/oem7/odom,/novatel/oem7/fix,/novatel/oem7/odom,39.663,-75.756,-1.801756999,0.001327915,-0.002550240,0.001230845,0.000498375,-0.002550240,,,
1786043711247077019,1786043711.246385147,/novatel/oem7/inspva,/novatel/oem7/inspva,/novatel/oem7/inspva,39.663,-75.756,-1.801750727,0.002283856,-0.001936922,0.002283346,-0.000048243,-0.001936922,,novatel_oem7_msgs.msg.InertialSolutionStatus(status=3),
1786043711249185620,1786043711.246491973,/novatel/oem7/fix,/novatel/oem7/fix,/novatel/oem7/inspva,39.663,-75.756,-1.801750727,0.002283856,-0.001936922,0.002283346,-0.000048243,-0.001936922,,0,
1786043711250659245,1786043711.247238267,/novatel/oem7/odom,/novatel/oem7/fix,/novatel/oem7/odom,39.663,-75.756,-1.801750727,0.002289300,-0.001930483,0.000073022,0.002288135,-0.001930483,,,
1786043711257135999,1786043711.256380845,/novatel/oem7/odom,/novatel/oem7/fix,/novatel/oem7/odom,39.663,-75.756,-1.801750727,0.002289300,-0.001930483,0.000073022,0.002288135,-0.001930483,,,
1786043711267249859,1786043711.266179836,/novatel/oem7/inspva,/novatel/oem7/inspva,/novatel/oem7/inspva,39.663,-75.756,-1.801737802,0.002828306,-0.003194485,0.002752077,-0.000652217,-0.003194485,,novatel_oem7_msgs.msg.InertialSolutionStatus(status=3),
1786043711269481325,1786043711.266526102,/novatel/oem7/fix,/novatel/oem7/fix,/novatel/oem7/inspva,39.663,-75.756,-1.801737802,0.002828306,-0.003194485,0.002752077,-0.000652217,-0.003194485,,0,
1786043711271075064,1786043711.267203040,/novatel/oem7/odom,/novatel/oem7/fix,/novatel/oem7/odom,39.663,-75.756,-1.801737802,0.002834295,-0.003189172,-0.000501749,0.002789530,-0.003189172,,,
1786043711275455561,1786043711.274581652,/novatel/oem7/odom,/novatel/oem7/fix,/novatel/oem7/odom,39.663,-75.756,-1.801737802,0.002834295,-0.003189172,-0.000501749,0.002789530,-0.003189172,,,
1786043711285938099,1786043711.285436446,/novatel/oem7/inspva,/novatel/oem7/inspva,/novatel/oem7/inspva,39.663,-75.756,-1.801739385,0.000948213,-0.003978863,0.000942848,-0.000100728,-0.003978863,,novatel_oem7_msgs.msg.InertialSolutionStatus(status=3),
1786043711287306106,1786043711.285521420,/novatel/oem7/fix,/novatel/oem7/fix,/novatel/oem7/inspva,39.663,-75.756,-1.801739385,0.000948213,-0.003978863,0.000942848,-0.000100728,-0.003978863,,0,
1786043711288398980,1786043711.286151100,/novatel/oem7/odom,/novatel/oem7/fix,/novatel/oem7/odom,39.663,-75.756,-1.801739385,0.000958080,-0.003976499,-0.000037519,0.000957345,-0.003976499,,,
1786043711296278205,1786043711.295087543,/novatel/oem7/odom,/novatel/oem7/fix,/novatel/oem7/odom,39.663,-75.756,-1.801739385,0.000958080,-0.003976499,-0.000037519,0.000957345,-0.003976499,,,
1786043711306797800,1786043711.305982647,/novatel/oem7/inspva,/novatel/oem7/inspva,/novatel/oem7/inspva,39.663,-75.756,-1.801723954,0.001751474,-0.003435645,0.000700967,0.001605087,-0.003435645,,novatel_oem7_msgs.msg.InertialSolutionStatus(status=3),
1786043711308683475,1786043711.306120083,/novatel/oem7/fix,/novatel/oem7/fix,/novatel/oem7/inspva,39.663,-75.756,-1.801723954,0.001751474,-0.003435645,0.000700967,0.001605087,-0.003435645,,0,
1786043711310163706,1786043711.306789853,/novatel/oem7/odom,/novatel/oem7/fix,/novatel/oem7/odom,39.663,-75.756,-1.801723954,0.001767915,-0.003427214,0.001651939,0.000629778,-0.003427214,,,
1786043711312234897,1786043711.309590970,/novatel/oem7/bestpos,/novatel/oem7/bestpos,/novatel/oem7/odom,39.663,-75.756,33.180499551,0.001767915,-0.003427214,0.001651939,0.000629778,-0.003427214,,novatel_oem7_msgs.msg.SolutionStatus(status=0),novatel_oem7_msgs.msg.PositionOrVelocityType(type=53)
1786043711313583450,1786043711.310373748,/novatel/oem7/bestvel,/novatel/oem7/bestpos,/novatel/oem7/bestvel,39.663,-75.756,33.180499551,0.001160629,-0.003052469,,,,22.226696324,novatel_oem7_msgs.msg.SolutionStatus(status=0),novatel_oem7_msgs.msg.PositionOrVelocityType(type=53)
1786043711315619337,1786043711.314530263,/novatel/oem7/odom,/novatel/oem7/bestpos,/novatel/oem7/odom,39.663,-75.756,33.180499551,0.001767915,-0.003427214,0.001651939,0.000629778,-0.003427214,,,
1786043711326278666,1786043711.325443645,/novatel/oem7/inspva,/novatel/oem7/inspva,/novatel/oem7/inspva,39.663,-75.756,-1.801712539,0.001588186,-0.001312548,0.001539145,0.000391624,-0.001312548,,novatel_oem7_msgs.msg.InertialSolutionStatus(status=3),
1786043711328176955,1786043711.325615616,/novatel/oem7/fix,/novatel/oem7/fix,/novatel/oem7/inspva,39.663,-75.756,-1.801712539,0.001588186,-0.001312548,0.001539145,0.000391624,-0.001312548,,0,
1786043711329606886,1786043711.326341129,/novatel/oem7/odom,/novatel/oem7/fix,/novatel/oem7/odom,39.663,-75.756,-1.801712539,0.001593185,-0.001306476,0.000472954,0.001521365,-0.001306476,,,
1786043711336220412,1786043711.335274173,/novatel/oem7/odom,/novatel/oem7/fix,/novatel/oem7/odom,39.663,-75.756,-1.801712539,0.001593185,-0.001306476,0.000472954,0.001521365,-0.001306476,,,
1786043711345776487,1786043711.345037611,/novatel/oem7/inspva,/novatel/oem7/inspva,/novatel/oem7/inspva,39.663,-75.756,-1.801711759,0.002388884,-0.002449277,0.002384411,-0.000146123,-0.002449277,,novatel_oem7_msgs.msg.InertialSolutionStatus(status=3),
1786043711347813464,1786043711.345183944,/novatel/oem7/fix,/novatel/oem7/fix,/novatel/oem7/inspva,39.663,-75.756,-1.801711759,0.002388884,-0.002449277,0.002384411,-0.000146123,-0.002449277,,0,
1786043711349457167,1786043711.345722509,/novatel/oem7/odom,/novatel/oem7/fix,/novatel/oem7/odom,39.663,-75.756,-1.801711759,0.002395363,-0.002442941,-0.000017594,0.002395298,-0.002442941,,,
1786043711356533387,1786043711.355673808,/novatel/oem7/odom,/novatel/oem7/fix,/novatel/oem7/odom,39.663,-75.756,-1.801711759,0.002395363,-0.002442941,-0.000017594,0.002395298,-0.002442941,,,
1786043711367577354,1786043711.366586056,/novatel/oem7/inspva,/novatel/oem7/inspva,/novatel/oem7/inspva,39.663,-75.756,-1.801736644,0.001663701,-0.005162438,0.001662638,-0.000059456,-0.005162438,,novatel_oem7_msgs.msg.InertialSolutionStatus(status=3),
1786043711369731012,1786043711.366773356,/novatel/oem7/fix,/novatel/oem7/fix,/novatel/oem7/inspva,39.663,-75.756,-1.801736644,0.001663701,-0.005162438,0.001662638,-0.000059456,-0.005162438,,0,
1786043711371253660,1786043711.367501985,/novatel/oem7/odom,/novatel/oem7/fix,/novatel/oem7/odom,39.663,-75.756,-1.801736644,0.001677961,-0.005157821,0.000044232,0.001677378,-0.005157821,,,
1786043711375559740,1786043711.374676181,/novatel/oem7/odom,/novatel/oem7/fix,/novatel/oem7/odom,39.663,-75.756,-1.801736644,0.001677961,-0.005157821,0.000044232,0.001677378,-0.005157821,,,
1786043711385502925,1786043711.384962201,/novatel/oem7/inspva,/novatel/oem7/inspva,/novatel/oem7/inspva,39.663,-75.756,-1.801724552,0.001363060,-0.004421588,0.001350695,0.000183183,-0.004421588,,novatel_oem7_msgs.msg.InertialSolutionStatus(status=3),
1786043711386857675,1786043711.385048244,/novatel/oem7/fix,/novatel/oem7/fix,/novatel/oem7/inspva,39.663,-75.756,-1.801724552,0.001363060,-0.004421588,0.001350695,0.000183183,-0.004421588,,0,
1786043711387969983,1786043711.385388886,/novatel/oem7/odom,/novatel/oem7/fix,/novatel/oem7/odom,39.663,-75.756,-1.801724552,0.001378181,-0.004416899,0.000268043,0.001351864,-0.004416899,,,
1786043711396361160,1786043711.395115497,/novatel/oem7/odom,/novatel/oem7/fix,/novatel/oem7/odom,39.663,-75.756,-1.801724552,0.001378181,-0.004416899,0.000268043,0.001351864,-0.004416899,,,
1786043711407247288,1786043711.406391686,/novatel/oem7/inspva,/novatel/oem7/inspva,/novatel/oem7/inspva,39.663,-75.756,-1.801715331,0.001762308,-0.001435957,0.001289815,0.001200878,-0.001435957,,novatel_oem7_msgs.msg.InertialSolutionStatus(status=3),
1786043711409171860,1786043711.406718036,/novatel/oem7/fix,/novatel/oem7/fix,/novatel/oem7/inspva,39.663,-75.756,-1.801715331,0.001762308,-0.001435957,0.001289815,0.001200878,-0.001435957,,0,
1786043711410652402,1786043711.407239468,/novatel/oem7/odom,/novatel/oem7/fix,/novatel/oem7/odom,39.663,-75.756,-1.801715331,0.001769257,-0.001427386,0.001269277,0.001232561,-0.001427386,,,
1786043711412741989,1786043711.410604828,/novatel/oem7/bestpos,/novatel/oem7/bestpos,/novatel/oem7/odom,39.663,-75.756,33.180488261,0.001769257,-0.001427386,0.001269277,0.001232561,-0.001427386,,novatel_oem7_msgs.msg.SolutionStatus(status=0),novatel_oem7_msgs.msg.PositionOrVelocityType(type=53)
1786043711413762473,1786043711.411035469,/novatel/oem7/bestvel,/novatel/oem7/bestpos,/novatel/oem7/bestvel,39.663,-75.756,33.180488261,0.002600174,-0.002014850,,,,26.179536913,novatel_oem7_msgs.msg.SolutionStatus(status=0),novatel_oem7_msgs.msg.PositionOrVelocityType(type=53)
1786043711415752512,1786043711.414881631,/novatel/oem7/odom,/novatel/oem7/bestpos,/novatel/oem7/odom,39.663,-75.756,33.180488261,0.001769257,-0.001427386,0.001269277,0.001232561,-0.001427386,,,
1786043711427109208,1786043711.426019881,/novatel/oem7/inspva,/novatel/oem7/inspva,/novatel/oem7/inspva,39.663,-75.756,-1.801714611,0.001966425,-0.001616278,0.001964705,-0.000082221,-0.001616278,,novatel_oem7_msgs.msg.InertialSolutionStatus(status=3),
1786043711429111972,1786043711.426270667,/novatel/oem7/fix,/novatel/oem7/fix,/novatel/oem7/inspva,39.663,-75.756,-1.801714611,0.001966425,-0.001616278,0.001964705,-0.000082221,-0.001616278,,0,
1786043711430762282,1786043711.426862496,/novatel/oem7/odom,/novatel/oem7/fix,/novatel/oem7/odom,39.663,-75.756,-1.801714611,0.001970839,-0.001610893,0.000021991,0.001970716,-0.001610893,,,
1786043711435652473,1786043711.434592863,/novatel/oem7/odom,/novatel/oem7/fix,/novatel/oem7/odom,39.663,-75.756,-1.801714611,0.001970839,-0.001610893,0.000021991,0.001970716,-0.001610893,,,
1786043711446182072,1786043711.445366867,/novatel/oem7/inspva,/novatel/oem7/inspva,/novatel/oem7/inspva,39.663,-75.756,-1.801751758,0.002479135,-0.005279930,0.002238705,-0.001065041,-0.005279930,,novatel_oem7_msgs.msg.InertialSolutionStatus(status=3),
1786043711448316439,1786043711.445725790,/novatel/oem7/fix,/novatel/oem7/fix,/novatel/oem7/inspva,39.663,-75.756,-1.801751758,0.002479135,-0.005279930,0.002238705,-0.001065041,-0.005279930,,0,
1786043711449954392,1786043711.446167025,/novatel/oem7/odom,/novatel/oem7/fix,/novatel/oem7/odom,39.663,-75.756,-1.801751758,0.002484092,-0.005277600,-0.000931159,0.002302966,-0.005277600,,,
1786043711458283992,1786043711.456809727,/novatel/oem7/odom,/novatel/oem7/fix,/novatel/oem7/odom,39.663,-75.756,-1.801751758,0.002484092,-0.005277600,-0.000931159,0.002302966,-0.005277600,,,
1786043711465616641,1786043711.464974015,/novatel/oem7/inspva,/novatel/oem7/inspva,/novatel/oem7/inspva,39.663,-75.756,-1.801736778,0.001649082,-0.004158192,0.001647043,-0.000081987,-0.004158192,,novatel_oem7_msgs.msg.InertialSolutionStatus(status=3),
1786043711467030269,1786043711.465159140,/novatel/oem7/fix,/novatel/oem7/fix,/novatel/oem7/inspva,39.663,-75.756,-1.801736778,0.001649082,-0.004158192,0.001647043,-0.000081987,-0.004158192,,0,
1786043711468115303,1786043711.465532484,/novatel/oem7/odom,/novatel/oem7/fix,/novatel/oem7/odom,39.663,-75.756,-1.801736778,0.001660422,-0.004153677,0.000016745,0.001660337,-0.004153677,,,
1786043711475107955,1786043711.474415299,/novatel/oem7/odom,/novatel/oem7/fix,/novatel/oem7/odom,39.663,-75.756,-1.801736778,0.001660422,-0.004153677,0.000016745,0.001660337,-0.004153677,,,
1786043711487243893,1786043711.486613597,/novatel/oem7/inspva,/novatel/oem7/inspva,/novatel/oem7/inspva,39.663,-75.756,-1.801722944,0.000697467,-0.001456540,0.000426176,0.000552118,-0.001456540,,novatel_oem7_msgs.msg.InertialSolutionStatus(status=3),
1786043711488736431,1786043711.486779991,/novatel/oem7/fix,/novatel/oem7/fix,/novatel/oem7/inspva,39.663,-75.756,-1.801722944,0.000697467,-0.001456540,0.000426176,0.000552118,-0.001456540,,0,
1786043711489971680,1786043711.487105325,/novatel/oem7/odom,/novatel/oem7/fix,/novatel/oem7/odom,39.663,-75.756,-1.801722944,0.000704649,-0.001453079,0.000578569,0.000402229,-0.001453079,,,
1786043711496099768,1786043711.495002150,/novatel/oem7/odom,/novatel/oem7/fix,/novatel/oem7/odom,39.663,-75.756,-1.801722944,0.000704649,-0.001453079,0.000578569,0.000402229,-0.001453079,,,
1786043711506961512,1786043711.506110580,/novatel/oem7/inspva,/novatel/oem7/inspva,/novatel/oem7/inspva,39.663,-75.756,-1.801727979,0.000788117,-0.002172068,0.000669085,0.000416479,-0.002172068,,novatel_oem7_msgs.msg.InertialSolutionStatus(status=3),
1786043711508859038,1786043711.506345256,/novatel/oem7/fix,/novatel/oem7/fix,/novatel/oem7/inspva,39.663,-75.756,-1.801727979,0.000788117,-0.002172068,0.000669085,0.000416479,-0.002172068,,0,
1786043711510368066,1786043711.506961679,/novatel/oem7/odom,/novatel/oem7/fix,/novatel/oem7/odom,39.663,-75.756,-1.801727979,0.000798070,-0.002168431,0.000458077,0.000653515,-0.002168431,,,
1786043711512553001,1786043711.511400086,/novatel/oem7/bestpos,/novatel/oem7/bestpos,/novatel/oem7/odom,39.663,-75.756,33.180477274,0.000798070,-0.002168431,0.000458077,0.000653515,-0.002168431,,novatel_oem7_msgs.msg.SolutionStatus(status=0),novatel_oem7_msgs.msg.PositionOrVelocityType(type=53)
1786043711514487084,1786043711.511871175,/novatel/oem7/bestvel,/novatel/oem7/bestpos,/novatel/oem7/bestvel,39.663,-75.756,33.180477274,0.001378220,-0.002619161,,,,52.533842052,novatel_oem7_msgs.msg.SolutionStatus(status=0),novatel_oem7_msgs.msg.PositionOrVelocityType(type=53)
1786043711516034486,1786043711.514694949,/novatel/oem7/odom,/novatel/oem7/bestpos,/novatel/oem7/odom,39.663,-75.756,33.180477274,0.000798070,-0.002168431,0.000458077,0.000653515,-0.002168431,,,
1786043711526094616,1786043711.525297770,/novatel/oem7/inspva,/novatel/oem7/inspva,/novatel/oem7/inspva,39.663,-75.756,-1.801756037,0.002496731,-0.003938790,0.002331214,-0.000893929,-0.003938790,,novatel_oem7_msgs.msg.InertialSolutionStatus(status=3),
1786043711528123812,1786043711.525459807,/novatel/oem7/fix,/novatel/oem7/fix,/novatel/oem7/inspva,39.663,-75.756,-1.801756037,0.002496731,-0.003938790,0.002331214,-0.000893929,-0.003938790,,0,
1786043711529487156,1786043711.525988155,/novatel/oem7/odom,/novatel/oem7/fix,/novatel/oem7/odom,39.663,-75.756,-1.801756037,0.002501946,-0.003935480,-0.000761120,0.002383365,-0.003935480,,,
1786043711535970494,1786043711.534963810,/novatel/oem7/odom,/novatel/oem7/fix,/novatel/oem7/odom,39.663,-75.756,-1.801756037,0.002501946,-0.003935480,-0.000761120,0.002383365,-0.003935480,,,
1786043711546772038,1786043711.545986760,/novatel/oem7/inspva,/novatel/oem7/inspva,/novatel/oem7/inspva,39.663,-75.756,-1.801749337,0.001808446,-0.003774808,0.001614554,-0.000814673,-0.003774808,,novatel_oem7_msgs.msg.InertialSolutionStatus(status=3),
1786043711548750117,1786043711.546092290,/novatel/oem7/fix,/novatel/oem7/fix,/novatel/oem7/inspva,39.663,-75.756,-1.801749337,0.001808446,-0.003774808,0.001614554,-0.000814673,-0.003774808,,0,
1786043711550401257,1786043711.546535892,/novatel/oem7/odom,/novatel/oem7/fix,/novatel/oem7/odom,39.663,-75.756,-1.801749337,0.001811573,-0.003773309,-0.000718136,0.001663153,-0.003773309,,,
1786043711556525638,1786043711.555748924,/novatel/oem7/odom,/novatel/oem7/fix,/novatel/oem7/odom,39.663,-75.756,-1.801749337,0.001811573,-0.003773309,-0.000718136,0.001663153,-0.003773309,,,
1786043711566227668,1786043711.565232756,/novatel/oem7/inspva,/novatel/oem7/inspva,/novatel/oem7/inspva,39.663,-75.756,-1.801745174,0.000485442,-0.002361045,-0.000215583,0.000434946,-0.002361045,,novatel_oem7_msgs.msg.InertialSolutionStatus(status=3),
1786043711568413966,1786043711.565433297,/novatel/oem7/fix,/novatel/oem7/fix,/novatel/oem7/inspva,39.663,-75.756,-1.801745174,0.000485442,-0.002361045,-0.000215583,0.000434946,-0.002361045,,0,
1786043711570005595,1786043711.566112917,/novatel/oem7/odom,/novatel/oem7/fix,/novatel/oem7/odom,39.663,-75.756,-1.801745174,0.000490866,-0.002359923,0.000433381,-0.000230500,-0.002359923,,,
1786043711576122203,1786043711.575236847,/novatel/oem7/odom,/novatel/oem7/fix,/novatel/oem7/odom,39.663,-75.756,-1.801745174,0.000490866,-0.002359923,0.000433381,-0.000230500,-0.002359923,,,
1786043711585745229,1786043711.585212701,/novatel/oem7/inspva,/novatel/oem7/inspva,/novatel/oem7/inspva,39.663,-75.756,-1.801750883,0.000172471,-0.002399271,0.000055475,0.000163306,-0.002399271,,novatel_oem7_msgs.msg.InertialSolutionStatus(status=3),
1786043711587066048,1786043711.585277513,/novatel/oem7/fix,/novatel/oem7/fix,/novatel/oem7/inspva,39.663,-75.756,-1.801750883,0.000172471,-0.002399271,0.000055475,0.000163306,-0.002399271,,0,
1786043711588107158,1786043711.585670178,/novatel/oem7/odom,/novatel/oem7/fix,/novatel/oem7/odom,39.663,-75.756,-1.801750883,0.000183783,-0.002398431,0.000175728,0.000053813,-0.002398431,,,
1786043711595723638,1786043711.594689558,/novatel/oem7/odom,/novatel/oem7/fix,/novatel/oem7/odom,39.663,-75.756,-1.801750883,0.000183783,-0.002398431,0.000175728,0.000053813,-0.002398431,,,
1786043711607260016,1786043711.606518736,/novatel/oem7/inspva,/novatel/oem7/inspva,/novatel/oem7/inspva,39.663,-75.756,-1.801779722,0.001720058,-0.003455958,0.001712296,-0.000163219,-0.003455958,,novatel_oem7_msgs.msg.InertialSolutionStatus(status=3),
1786043711609119074,1786043711.606636258,/novatel/oem7/fix,/novatel/oem7/fix,/novatel/oem7/inspva,39.663,-75.756,-1.801779722,0.001720058,-0.003455958,0.001712296,-0.000163219,-0.003455958,,0,
1786043711610754154,1786043711.607040237,/novatel/oem7/odom,/novatel/oem7/fix,/novatel/oem7/odom,39.663,-75.756,-1.801779722,0.001728870,-0.003451558,-0.000064008,0.001727685,-0.003451558,,,
1786043711612988146,1786043711.610475551,/novatel/oem7/bestpos,/novatel/oem7/bestpos,/novatel/oem7/odom,39.663,-75.756,33.180433835,0.001728870,-0.003451558,-0.000064008,0.001727685,-0.003451558,,novatel_oem7_msgs.msg.SolutionStatus(status=0),novatel_oem7_msgs.msg.PositionOrVelocityType(type=53)
1786043711614345336,1786043711.610972473,/novatel/oem7/bestvel,/novatel/oem7/bestpos,/novatel/oem7/bestvel,39.663,-75.756,33.180433835,0.002236099,-0.003639420,,,,350.619667442,novatel_oem7_msgs.msg.SolutionStatus(status=0),novatel_oem7_msgs.msg.PositionOrVelocityType(type=53)
1786043711616137737,1786043711.614777090,/novatel/oem7/odom,/novatel/oem7/bestpos,/novatel/oem7/odom,39.663,-75.756,33.180433835,0.001728870,-0.003451558,-0.000064008,0.001727685,-0.003451558,,,
1786043711625860907,1786043711.625066243,/novatel/oem7/inspva,/novatel/oem7/inspva,/novatel/oem7/inspva,39.663,-75.756,-1.801782215,0.001731112,-0.003263378,0.001518766,-0.000830721,-0.003263378,,novatel_oem7_msgs.msg.InertialSolutionStatus(status=3),
1786043711627981208,1786043711.625209127,/novatel/oem7/fix,/novatel/oem7/fix,/novatel/oem7/inspva,39.663,-75.756,-1.801782215,0.001731112,-0.003263378,0.001518766,-0.000830721,-0.003263378,,0,
1786043711629279048,1786043711.625684032,/novatel/oem7/odom,/novatel/oem7/fix,/novatel/oem7/odom,39.663,-75.756,-1.801782215,0.001733320,-0.003262206,-0.000741007,0.001566942,-0.003262206,,,
1786043711635821906,1786043711.634753902,/novatel/oem7/odom,/novatel/oem7/fix,/novatel/oem7/odom,39.663,-75.756,-1.801782215,0.001733320,-0.003262206,-0.000741007,0.001566942,-0.003262206,,,
1786043711646217663,1786043711.645450765,/novatel/oem7/inspva,/novatel/oem7/inspva,/novatel/oem7/inspva,39.663,-75.756,-1.801791117,0.000492202,-0.003254407,0.000350107,-0.000345959,-0.003254407,,novatel_oem7_msgs.msg.InertialSolutionStatus(status=3),
1786043711648181259,1786043711.645690204,/novatel/oem7/fix,/novatel/oem7/fix,/novatel/oem7/inspva,39.663,-75.756,-1.801791117,0.000492202,-0.003254407,0.000350107,-0.000345959,-0.003254407,,0,
1786043711649883172,1786043711.646216866,/novatel/oem7/odom,/novatel/oem7/fix,/novatel/oem7/odom,39.663,-75.756,-1.801791117,0.000490147,-0.003254717,-0.000314908,0.000375602,-0.003254717,,,
1786043711656945486,1786043711.656202202,/novatel/oem7/odom,/novatel/oem7/fix,/novatel/oem7/odom,39.663,-75.756,-1.801791117,0.000490147,-0.003254717,-0.000314908,0.000375602,-0.003254717,,,
1786043711667106720,1786043711.666114365,/novatel/oem7/inspva,/novatel/oem7/inspva,/novatel/oem7/inspva,39.663,-75.756,-1.801785938,0.000607024,-0.002138738,0.000247403,0.000554319,-0.002138738,,novatel_oem7_msgs.msg.InertialSolutionStatus(status=3),
1786043711669298469,1786043711.666272139,/novatel/oem7/fix,/novatel/oem7/fix,/novatel/oem7/inspva,39.663,-75.756,-1.801785938,0.000607024,-0.002138738,0.000247403,0.000554319,-0.002138738,,0,
1786043711670864268,1786043711.666803447,/novatel/oem7/odom,/novatel/oem7/fix,/novatel/oem7/odom,39.663,-75.756,-1.801785938,0.000617264,-0.002135805,0.000574624,0.000225437,-0.002135805,,,
1786043711675266728,1786043711.674330695,/novatel/oem7/odom,/novatel/oem7/fix,/novatel/oem7/odom,39.663,-75.756,-1.801785938,0.000617264,-0.002135805,0.000574624,0.000225437,-0.002135805,,,
1786043711685846087,1786043711.685179368,/novatel/oem7/inspva,/novatel/oem7/inspva,/novatel/oem7/inspva,39.663,-75.756,-1.801810659,0.001944092,-0.002959790,0.001843030,-0.000618656,-0.002959790,,novatel_oem7_msgs.msg.InertialSolutionStatus(status=3),
1786043711687815086,1786043711.685264315,/novatel/oem7/fix,/novatel/oem7/fix,/novatel/oem7/inspva,39.663,-75.756,-1.801810659,0.001944092,-0.002959790,0.001843030,-0.000618656,-0.002959790,,0,
1786043711689266304,1786043711.685733513,/novatel/oem7/odom,/novatel/oem7/fix,/novatel/oem7/odom,39.663,-75.756,-1.801810659,0.001948522,-0.002956876,-0.000514347,0.001879410,-0.002956876,,,
1786043711696296404,1786043711.695542073,/novatel/oem7/odom,/novatel/oem7/fix,/novatel/oem7/odom,39.663,-75.756,-1.801810659,0.001948522,-0.002956876,-0.000514347,0.001879410,-0.002956876,,,
1786043711706475845,1786043711.705918739,/novatel/oem7/inspva,/novatel/oem7/inspva,/novatel/oem7/inspva,39.663,-75.756,-1.801815713,0.002059819,-0.002855744,0.002013469,-0.000434505,-0.002855744,,novatel_oem7_msgs.msg.InertialSolutionStatus(status=3),
1786043711707808315,1786043711.706087488,/novatel/oem7/fix,/novatel/oem7/fix,/novatel/oem7/inspva,39.663,-75.756,-1.801815713,0.002059819,-0.002855744,0.002013469,-0.000434505,-0.002855744,,0,
1786043711708863215,1786043711.706562942,/novatel/oem7/odom,/novatel/oem7/fix,/novatel/oem7/odom,39.663,-75.756,-1.801815713,0.002065650,-0.002851529,-0.000322575,0.002040308,-0.002851529,,,
1786043711710303300,1786043711.709270366,/novatel/oem7/bestpos,/novatel/oem7/bestpos,/novatel/oem7/odom,39.663,-75.756,33.180405061,0.002065650,-0.002851529,-0.000322575,0.002040308,-0.002851529,,novatel_oem7_msgs.msg.SolutionStatus(status=0),novatel_oem7_msgs.msg.PositionOrVelocityType(type=53)
1786043711711693077,1786043711.709879869,/novatel/oem7/bestvel,/novatel/oem7/bestpos,/novatel/oem7/bestvel,39.663,-75.756,33.180405061,0.003061474,-0.002794111,,,,333.388660204,novatel_oem7_msgs.msg.SolutionStatus(status=0),novatel_oem7_msgs.msg.PositionOrVelocityType(type=53)
1786043711714982139,1786043711.714371104,/novatel/oem7/odom,/novatel/oem7/bestpos,/novatel/oem7/odom,39.663,-75.756,33.180405061,0.002065650,-0.002851529,-0.000322575,0.002040308,-0.002851529,,,
1786043711727983125,1786043711.726861831,/novatel/oem7/inspva,/novatel/oem7/inspva,/novatel/oem7/inspva,39.663,-75.756,-1.801832132,0.000211959,-0.003392378,0.000148267,-0.000151471,-0.003392378,,novatel_oem7_msgs.msg.InertialSolutionStatus(status=3),
1786043711730402789,1786043711.727328242,/novatel/oem7/fix,/novatel/oem7/fix,/novatel/oem7/inspva,39.663,-75.756,-1.801832132,0.000211959,-0.003392378,0.000148267,-0.000151471,-0.003392378,,0,
1786043711732106407,1786043711.728410647,/novatel/oem7/odom,/novatel/oem7/fix,/novatel/oem7/odom,39.663,-75.756,-1.801832132,0.000209960,-0.003392502,-0.000130090,0.000164802,-0.003392502,,,
1786043711736036116,1786043711.735079796,/novatel/oem7/odom,/novatel/oem7/fix,/novatel/oem7/odom,39.663,-75.756,-1.801832132,0.000209960,-0.003392502,-0.000130090,0.000164802,-0.003392502,,,
1786043711745969447,1786043711.745280684,/novatel/oem7/inspva,/novatel/oem7/inspva,/novatel/oem7/inspva,39.663,-75.756,-1.801828281,0.000235356,-0.003307751,0.000231926,-0.000040036,-0.003307751,,novatel_oem7_msgs.msg.InertialSolutionStatus(status=3),
1786043711747347405,1786043711.745504877,/novatel/oem7/fix,/novatel/oem7/fix,/novatel/oem7/inspva,39.663,-75.756,-1.801828281,0.000235356,-0.003307751,0.000231926,-0.000040036,-0.003307751,,0,
1786043711748368465,1786043711.746065135,/novatel/oem7/odom,/novatel/oem7/fix,/novatel/oem7/odom,39.663,-75.756,-1.801828281,0.000210042,-0.003392497,-0.000130165,0.000164847,-0.003392497,,,
1786043711756829832,1786043711.755978994,/novatel/oem7/odom,/novatel/oem7/fix,/novatel/oem7/odom,39.663,-75.756,-1.801828281,0.000243117,-0.003307189,-0.000015066,0.000242650,-0.003307189,,,
1786043711765847117,1786043711.765348035,/novatel/oem7/inspva,/novatel/oem7/inspva,/novatel/oem7/inspva,39.663,-75.756,-1.801843678,0.001973897,-0.001936222,0.001818475,-0.000767735,-0.001936222,,novatel_oem7_msgs.msg.InertialSolutionStatus(status=3),
1786043711766703472,1786043711.765546343,/novatel/oem7/fix,/novatel/oem7/fix,/novatel/oem7/inspva,39.663,-75.756,-1.801843678,0.001973897,-0.001936222,0.001818475,-0.000767735,-0.001936222,,0,
1786043711767335581,1786043711.766227872,/novatel/oem7/odom,/novatel/oem7/fix,/novatel/oem7/odom,39.663,-75.756,-1.801843678,0.001976162,-0.001933911,-0.000668754,0.001859566,-0.001933911,,,
1786043711775270305,1786043711.774919069,/novatel/oem7/odom,/novatel/oem7/fix,/novatel/oem7/odom,39.663,-75.756,-1.801843678,0.001976162,-0.001933911,-0.000668754,0.001859566,-0.001933911,,,
1786043711786567097,1786043711.786225996,/novatel/oem7/inspva,/novatel/oem7/inspva,/novatel/oem7/inspva,39.663,-75.756,-1.801856563,0.002039119,-0.002708286,0.001913349,-0.000705055,-0.002708286,,novatel_oem7_msgs.msg.InertialSolutionStatus(status=3),
1786043711787140024,1786043711.786328016,/novatel/oem7/fix,/novatel/oem7/fix,/novatel/oem7/inspva,39.663,-75.756,-1.801856563,0.002039119,-0.002708286,0.001913349,-0.000705055,-0.002708286,,0,
1786043711787577575,1786043711.786916874,/novatel/oem7/odom,/novatel/oem7/fix,/novatel/oem7/odom,39.663,-75.756,-1.801856563,0.002042883,-0.002705448,-0.000598311,0.001953303,-0.002705448,,,
1786043711794706293,1786043711.794334395,/novatel/oem7/odom,/novatel/oem7/fix,/novatel/oem7/odom,39.663,-75.756,-1.801856563,0.002042883,-0.002705448,-0.000598311,0.001953303,-0.002705448,,,
1786043711806899210,1786043711.806349323,/novatel/oem7/inspva,/novatel/oem7/inspva,/novatel/oem7/inspva,39.663,-75.756,-1.801879803,0.001228544,-0.003631793,0.000674446,-0.001026860,-0.003631793,,novatel_oem7_msgs.msg.InertialSolutionStatus(status=3),
1786043711808282947,1786043711.806429703,/novatel/oem7/fix,/novatel/oem7/fix,/novatel/oem7/inspva,39.663,-75.756,-1.801879803,0.001228544,-0.003631793,0.000674446,-0.001026860,-0.003631793,,0,
1786043711809278437,1786043711.807032541,/novatel/oem7/odom,/novatel/oem7/fix,/novatel/oem7/odom,39.663,-75.756,-1.801879803,0.001222594,-0.003633801,-0.000977420,0.000734430,-0.003633801,,,
1786043711811175509,1786043711.810204843,/novatel/oem7/bestpos,/novatel/oem7/bestpos,/novatel/oem7/odom,39.663,-75.756,33.180340941,0.001222594,-0.003633801,-0.000977420,0.000734430,-0.003633801,,novatel_oem7_msgs.msg.SolutionStatus(status=0),novatel_oem7_msgs.msg.PositionOrVelocityType(type=53)
1786043711812073154,1786043711.810570137,/novatel/oem7/bestvel,/novatel/oem7/bestpos,/novatel/oem7/bestvel,39.663,-75.756,33.180340941,0.001690711,-0.003425276,,,,296.377344131,novatel_oem7_msgs.msg.SolutionStatus(status=0),novatel_oem7_msgs.msg.PositionOrVelocityType(type=53)
1786043711816280853,1786043711.815504239,/novatel/oem7/odom,/novatel/oem7/bestpos,/novatel/oem7/odom,39.663,-75.756,33.180340941,0.001222594,-0.003633801,-0.000977420,0.000734430,-0.003633801,,,
1786043711825260893,1786043711.824984573,/novatel/oem7/inspva,/novatel/oem7/inspva,/novatel/oem7/inspva,39.663,-75.756,-1.801878145,0.000842903,-0.003359458,0.000806697,-0.000244390,-0.003359458,,novatel_oem7_msgs.msg.InertialSolutionStatus(status=3),
1786043711825851089,1786043711.825064612,/novatel/oem7/fix,/novatel/oem7/fix,/novatel/oem7/inspva,39.663,-75.756,-1.801878145,0.000842903,-0.003359458,0.000806697,-0.000244390,-0.003359458,,0,
1786043711826272751,1786043711.825583876,/novatel/oem7/odom,/novatel/oem7/fix,/novatel/oem7/odom,39.663,-75.756,-1.801878145,0.000848625,-0.003358017,-0.000190502,0.000826966,-0.003358017,,,
1786043711834760487,1786043711.834417050,/novatel/oem7/odom,/novatel/oem7/fix,/novatel/oem7/odom,39.663,-75.756,-1.801878145,0.000848625,-0.003358017,-0.000190502,0.000826966,-0.003358017,,,
1786043711847072771,1786043711.846749826,/novatel/oem7/inspva,/novatel/oem7/inspva,/novatel/oem7/inspva,39.663,-75.756,-1.801891904,0.001355496,-0.001857389,0.001346336,-0.000157323,-0.001857389,,novatel_oem7_msgs.msg.InertialSolutionStatus(status=3),
1786043711847657817,1786043711.846919051,/novatel/oem7/fix,/novatel/oem7/fix,/novatel/oem7/inspva,39.663,-75.756,-1.801891904,0.001355496,-0.001857389,0.001346336,-0.000157323,-0.001857389,,0,
1786043711848080803,1786043711.847322030,/novatel/oem7/odom,/novatel/oem7/fix,/novatel/oem7/odom,39.663,-75.756,-1.801891904,0.001360098,-0.001854021,-0.000082781,0.001357577,-0.001854021,,,
1786043711856868775,1786043711.856368265,/novatel/oem7/odom,/novatel/oem7/fix,/novatel/oem7/odom,39.663,-75.756,-1.801891904,0.001360098,-0.001854021,-0.000082781,0.001357577,-0.001854021,,,
1786043711865214270,1786043711.864946464,/novatel/oem7/inspva,/novatel/oem7/inspva,/novatel/oem7/inspva,39.663,-75.756,-1.801907006,0.001755103,-0.001989447,0.001727669,-0.000309106,-0.001989447,,novatel_oem7_msgs.msg.InertialSolutionStatus(status=3),
1786043711865812245,1786043711.865117608,/novatel/oem7/fix,/novatel/oem7/fix,/novatel/oem7/inspva,39.663,-75.756,-1.801907006,0.001755103,-0.001989447,0.001727669,-0.000309106,-0.001989447,,0,
1786043711866219796,1786043711.865486423,/novatel/oem7/odom,/novatel/oem7/fix,/novatel/oem7/odom,39.663,-75.756,-1.801907006,0.001759501,-0.001985558,-0.000215015,0.001746314,-0.001985558,,,
1786043711875801954,1786043711.875437314,/novatel/oem7/odom,/novatel/oem7/fix,/novatel/oem7/odom,39.663,-75.756,-1.801907006,0.001759501,-0.001985558,-0.000215015,0.001746314,-0.001985558,,,
1786043711885678297,1786043711.885391200,/novatel/oem7/inspva,/novatel/oem7/inspva,/novatel/oem7/inspva,39.663,-75.756,-1.801936963,0.001979982,-0.003700298,0.001671690,-0.001061028,-0.003700298,,novatel_oem7_msgs.msg.InertialSolutionStatus(status=3),
1786043711886282151,1786043711.885595875,/novatel/oem7/fix,/novatel/oem7/fix,/novatel/oem7/inspva,39.663,-75.756,-1.801936963,0.001979982,-0.003700298,0.001671690,-0.001061028,-0.003700298,,0,
1786043711886920227,1786043711.886238824,/novatel/oem7/odom,/novatel/oem7/fix,/novatel/oem7/odom,39.663,-75.756,-1.801936963,0.001981503,-0.003699483,-0.000961922,0.001732357,-0.003699483,,,
1786043711895309522,1786043711.894975395,/novatel/oem7/odom,/novatel/oem7/fix,/novatel/oem7/odom,39.663,-75.756,-1.801936963,0.001981503,-0.003699483,-0.000961922,0.001732357,-0.003699483,,,
1786043711906257237,1786043711.906000005,/novatel/oem7/inspva,/novatel/oem7/inspva,/novatel/oem7/inspva,39.663,-75.756,-1.801928301,0.001699488,-0.003190091,0.001469484,-0.000853744,-0.003190091,,novatel_oem7_msgs.msg.InertialSolutionStatus(status=3),
1786043711906867935,1786043711.906152599,/novatel/oem7/fix,/novatel/oem7/fix,/novatel/oem7/inspva,39.663,-75.756,-1.801928301,0.001699488,-0.003190091,0.001469484,-0.000853744,-0.003190091,,0,
1786043711907277486,1786043711.906608996,/novatel/oem7/odom,/novatel/oem7/fix,/novatel/oem7/odom,39.663,-75.756,-1.801928301,0.001701385,-0.003189081,-0.000766977,0.001518702,-0.003189081,,,
1786043711909664881,1786043711.909349495,/novatel/oem7/bestpos,/novatel/oem7/bestpos,/novatel/oem7/odom,39.663,-75.756,33.180297911,0.001701385,-0.003189081,-0.000766977,0.001518702,-0.003189081,,novatel_oem7_msgs.msg.SolutionStatus(status=0),novatel_oem7_msgs.msg.PositionOrVelocityType(type=53)
1786043711910477999,1786043711.910073195,/novatel/oem7/bestvel,/novatel/oem7/bestpos,/novatel/oem7/bestvel,39.663,-75.756,33.180297911,0.001917352,-0.002417570,,,,297.616343211,novatel_oem7_msgs.msg.SolutionStatus(status=0),novatel_oem7_msgs.msg.PositionOrVelocityType(type=53)
1786043711914768596,1786043711.914482377,/novatel/oem7/odom,/novatel/oem7/bestpos,/novatel/oem7/odom,39.663,-75.756,33.180297911,0.001701385,-0.003189081,-0.000766977,0.001518702,-0.003189081,,,
1786043711925617954,1786043711.925192636,/novatel/oem7/inspva,/novatel/oem7/inspva,/novatel/oem7/inspva,39.663,-75.756,-1.801935500,0.001167927,-0.001536414,0.000888076,0.000758534,-0.001536414,,novatel_oem7_msgs.msg.InertialSolutionStatus(status=3),
1786043711926165528,1786043711.925348750,/novatel/oem7/fix,/novatel/oem7/fix,/novatel/oem7/inspva,39.663,-75.756,-1.801935500,0.001167927,-0.001536414,0.000888076,0.000758534,-0.001536414,,0,
1786043711926587338,1786043711.925669563,/novatel/oem7/odom,/novatel/oem7/fix,/novatel/oem7/odom,39.663,-75.756,-1.801935500,0.001175294,-0.001530785,0.000807862,0.000853625,-0.001530785,,,
1786043711935811361,1786043711.935467148,/novatel/oem7/odom,/novatel/oem7/fix,/novatel/oem7/odom,39.663,-75.756,-1.801935500,0.001175294,-0.001530785,0.000807862,0.000853625,-0.001530785,,,
1786043711945258979,1786043711.945017926,/novatel/oem7/inspva,/novatel/oem7/inspva,/novatel/oem7/inspva,39.663,-75.756,-1.801942898,0.001258386,-0.001101645,0.001233398,0.000249526,-0.001101645,,novatel_oem7_msgs.msg.InertialSolutionStatus(status=3),
1786043711945870948,1786043711.945189554,/novatel/oem7/fix,/novatel/oem7/fix,/novatel/oem7/inspva,39.663,-75.756,-1.801942898,0.001258386,-0.001101645,0.001233398,0.000249526,-0.001101645,,0,
1786043711946280127,1786043711.945603645,/novatel/oem7/odom,/novatel/oem7/fix,/novatel/oem7/odom,39.663,-75.756,-1.801942898,0.001262450,-0.001096985,0.000314816,0.001222567,-0.001096985,,,
1786043711956028295,1786043711.955710949,/novatel/oem7/odom,/novatel/oem7/fix,/novatel/oem7/odom,39.663,-75.756,-1.801942898,0.001262450,-0.001096985,0.000314816,0.001222567,-0.001096985,,,
1786043711967059195,1786043711.966551423,/novatel/oem7/inspva,/novatel/oem7/inspva,/novatel/oem7/inspva,39.663,-75.756,-1.801984003,0.002562249,-0.003823109,0.002205659,-0.001303913,-0.003823109,,novatel_oem7_msgs.msg.InertialSolutionStatus(status=3),
1786043711968407312,1786043711.966705318,/novatel/oem7/fix,/novatel/oem7/fix,/novatel/oem7/inspva,39.663,-75.756,-1.801984003,0.002562249,-0.003823109,0.002205659,-0.001303913,-0.003823109,,0,
1786043711969402485,1786043711.967129942,/novatel/oem7/odom,/novatel/oem7/fix,/novatel/oem7/odom,39.663,-75.756,-1.801984003,0.002564402,-0.003821665,-0.001177557,0.002278051,-0.003821665,,,
1786043711975702074,1786043711.975025468,/novatel/oem7/odom,/novatel/oem7/fix,/novatel/oem7/odom,39.663,-75.756,-1.801984003,0.002564402,-0.003821665,-0.001177557,0.002278051,-0.003821665,,,
1786043711985182580,1786043711.984917104,/novatel/oem7/inspva,/novatel/oem7/inspva,/novatel/oem7/inspva,39.663,-75.756,-1.801979931,0.001826763,-0.003722052,0.001434845,-0.001130612,-0.003722052,,novatel_oem7_msgs.msg.InertialSolutionStatus(status=3),
1786043711985744400,1786043711.984993173,/novatel/oem7/fix,/novatel/oem7/fix,/novatel/oem7/inspva,39.663,-75.756,-1.801979931,0.001826763,-0.003722052,0.001434845,-0.001130612,-0.003722052,,0,
1786043711986166925,1786043711.985500742,/novatel/oem7/odom,/novatel/oem7/fix,/novatel/oem7/odom,39.663,-75.756,-1.801979931,0.001826395,-0.003722232,-0.001043055,0.001499251,-0.003722232,,,
1786043711996182504,1786043711.995538318,/novatel/oem7/odom,/novatel/oem7/fix,/novatel/oem7/odom,39.663,-75.756,-1.801979931,0.001826395,-0.003722232,-0.001043055,0.001499251,-0.003722232,,,
1786043712008949225,1786043712.008265178,/novatel/oem7/inspva,/novatel/oem7/inspva,/novatel/oem7/inspva,39.663,-75.756,-1.801982176,0.000407917,-0.001609831,0.000405761,0.000041880,-0.001609831,,novatel_oem7_msgs.msg.InertialSolutionStatus(status=3),
1786043712010276311,1786043712.008487283,/novatel/oem7/fix,/novatel/oem7/fix,/novatel/oem7/inspva,39.663,-75.756,-1.801982176,0.000407917,-0.001609831,0.000405761,0.000041880,-0.001609831,,0,
1786043712012384765,1786043712.011347319,/novatel/oem7/odom,/novatel/oem7/fix,/novatel/oem7/odom,39.663,-75.756,-1.801982176,0.000413325,-0.001608451,0.000068480,0.000407613,-0.001608451,,,
1786043712016195348,1786043712.015868950,/novatel/oem7/odom,/novatel/oem7/fix,/novatel/oem7/odom,39.663,-75.756,-1.801982176,0.000413325,-0.001608451,0.000068480,0.000407613,-0.001608451,,,
1786043712026162679,1786043712.025469919,/novatel/oem7/bestpos,/novatel/oem7/bestpos,/novatel/oem7/odom,39.663,-75.756,33.180225580,0.000413325,-0.001608451,0.000068480,0.000407613,-0.001608451,,novatel_oem7_msgs.msg.SolutionStatus(status=0),novatel_oem7_msgs.msg.PositionOrVelocityType(type=53)
1786043712027929380,1786043712.025971720,/novatel/oem7/bestvel,/novatel/oem7/bestpos,/novatel/oem7/bestvel,39.663,-75.756,33.180225580,0.000842157,-0.001855719,,,,1.860109014,novatel_oem7_msgs.msg.SolutionStatus(status=0),novatel_oem7_msgs.msg.PositionOrVelocityType(type=53)
1786043712029001114,1786043712.027123726,/novatel/oem7/inspva,/novatel/oem7/inspva,/novatel/oem7/inspva,39.663,-75.756,-1.801996289,0.000586238,-0.001424463,0.000392313,0.000435620,-0.001424463,,novatel_oem7_msgs.msg.InertialSolutionStatus(status=3),
1786043712030376231,1786043712.027294577,/novatel/oem7/fix,/novatel/oem7/fix,/novatel/oem7/inspva,39.663,-75.756,-1.801996289,0.000586238,-0.001424463,0.000392313,0.000435620,-0.001424463,,0,
1786043712031522989,1786043712.027923683,/novatel/oem7/odom,/novatel/oem7/fix,/novatel/oem7/odom,39.663,-75.756,-1.801996289,0.000593214,-0.001421572,0.000460320,0.000374177,-0.001421572,,,
1786043712035349847,1786043712.034695364,/novatel/oem7/odom,/novatel/oem7/fix,/novatel/oem7/odom,39.663,-75.756,-1.801996289,0.000593214,-0.001421572,0.000460320,0.000374177,-0.001421572,,,
1786043712045545966,1786043712.045279425,/novatel/oem7/inspva,/novatel/oem7/inspva,/novatel/oem7/inspva,39.663,-75.756,-1.801971864,0.002530704,-0.002507351,0.002284957,-0.001087859,-0.002507351,,novatel_oem7_msgs.msg.InertialSolutionStatus(status=3),
1786043712046108447,1786043712.045360996,/novatel/oem7/fix,/novatel/oem7/fix,/novatel/oem7/inspva,39.663,-75.756,-1.801971864,0.002530704,-0.002507351,0.002284957,-0.001087859,-0.002507351,,0,
1786043712046709539,1786043712.046062037,/novatel/oem7/odom,/novatel/oem7/fix,/novatel/oem7/odom,39.663,-75.756,-1.801971864,0.002533138,-0.002504892,-0.000963103,0.002342909,-0.002504892,,,
1786043712056671195,1786043712.056352046,/novatel/oem7/odom,/novatel/oem7/fix,/novatel/oem7/odom,39.663,-75.756,-1.801971864,0.002533138,-0.002504892,-0.000963103,0.002342909,-0.002504892,,,
1786043712066135933,1786043712.065473697,/novatel/oem7/inspva,/novatel/oem7/inspva,/novatel/oem7/inspva,39.663,-75.756,-1.801925230,0.002226336,-0.003126388,0.001688300,-0.001451281,-0.003126388,,novatel_oem7_msgs.msg.InertialSolutionStatus(status=3),
1786043712067413719,1786043712.065665845,/novatel/oem7/fix,/novatel/oem7/fix,/novatel/oem7/inspva,39.663,-75.756,-1.801925230,0.002226336,-0.003126388,0.001688300,-0.001451281,-0.003126388,,0,
1786043712068468283,1786043712.066161257,/novatel/oem7/odom,/novatel/oem7/fix,/novatel/oem7/odom,39.663,-75.756,-1.801925230,0.002225267,-0.003127149,-0.001353114,0.001766605,-0.003127149,,,
1786043712075213437,1786043712.074575373,/novatel/oem7/odom,/novatel/oem7/fix,/novatel/oem7/odom,39.663,-75.756,-1.801925230,0.002225267,-0.003127149,-0.001353114,0.001766605,-0.003127149,,,
1786043712087373048,1786043712.086802625,/novatel/oem7/inspva,/novatel/oem7/inspva,/novatel/oem7/inspva,39.663,-75.756,-1.801881812,0.000136750,-0.002412047,-0.000077794,0.000112467,-0.002412047,,novatel_oem7_msgs.msg.InertialSolutionStatus(status=3),
1786043712088870032,1786043712.086880342,/novatel/oem7/fix,/novatel/oem7/fix,/novatel/oem7/inspva,39.663,-75.756,-1.801881812,0.000136750,-0.002412047,-0.000077794,0.000112467,-0.002412047,,0,
1786043712089975280,1786043712.087367131,/novatel/oem7/odom,/novatel/oem7/fix,/novatel/oem7/odom,39.663,-75.756,-1.801881812,0.000140934,-0.002411806,0.000118200,-0.000076753,-0.002411806,,,
1786043712095898135,1786043712.095183898,/novatel/oem7/odom,/novatel/oem7/fix,/novatel/oem7/odom,39.663,-75.756,-1.801881812,0.000140934,-0.002411806,0.000118200,-0.000076753,-0.002411806,,,
1786043712106460440,1786043712.105874821,/novatel/oem7/inspva,/novatel/oem7/inspva,/novatel/oem7/inspva,39.663,-75.756,-1.801830391,0.000465080,-0.001484489,0.000243507,0.000396237,-0.001484489,,novatel_oem7_msgs.msg.InertialSolutionStatus(status=3),
1786043712107885811,1786043712.106032816,/novatel/oem7/fix,/novatel/oem7/fix,/novatel/oem7/inspva,39.663,-75.756,-1.801830391,0.000465080,-0.001484489,0.000243507,0.000396237,-0.001484489,,0,
1786043712108973539,1786043712.106516955,/novatel/oem7/odom,/novatel/oem7/fix,/novatel/oem7/odom,39.663,-75.756,-1.801830391,0.000472313,-0.001482203,0.000413849,0.000227616,-0.001482203,,,
1786043712110488097,1786043712.109608885,/novatel/oem7/bestpos,/novatel/oem7/bestpos,/novatel/oem7/odom,39.663,-75.756,33.180426160,0.000472313,-0.001482203,0.000413849,0.000227616,-0.001482203,,novatel_oem7_msgs.msg.SolutionStatus(status=0),novatel_oem7_msgs.msg.PositionOrVelocityType(type=53)
1786043712111891634,1786043712.110509058,/novatel/oem7/bestvel,/novatel/oem7/bestpos,/novatel/oem7/bestvel,39.663,-75.756,33.180426160,0.000931896,-0.001859815,,,,46.409441040,novatel_oem7_msgs.msg.SolutionStatus(status=0),novatel_oem7_msgs.msg.PositionOrVelocityType(type=53)
1786043712116523720,1786043712.115773757,/novatel/oem7/odom,/novatel/oem7/bestpos,/novatel/oem7/odom,39.663,-75.756,33.180426160,0.000472313,-0.001482203,0.000413849,0.000227616,-0.001482203,,,
1786043712126049459,1786043712.125524541,/novatel/oem7/inspva,/novatel/oem7/inspva,/novatel/oem7/inspva,39.663,-75.756,-1.801804310,0.002305607,-0.001758808,0.002207358,-0.000665877,-0.001758808,,novatel_oem7_msgs.msg.InertialSolutionStatus(status=3),
1786043712127658841,1786043712.125588092,/novatel/oem7/fix,/novatel/oem7/fix,/novatel/oem7/inspva,39.663,-75.756,-1.801804310,0.002305607,-0.001758808,0.002207358,-0.000665877,-0.001758808,,0,
1786043712128717162,1786043712.126258918,/novatel/oem7/odom,/novatel/oem7/fix,/novatel/oem7/odom,39.663,-75.756,-1.801804310,0.002308552,-0.001754941,-0.000548529,0.002242438,-0.001754941,,,
1786043712135400372,1786043712.134688335,/novatel/oem7/odom,/novatel/oem7/fix,/novatel/oem7/odom,39.663,-75.756,-1.801804310,0.002308552,-0.001754941,-0.000548529,0.002242438,-0.001754941,,,
1786043712146971453,1786043712.146324990,/novatel/oem7/inspva,/novatel/oem7/inspva,/novatel/oem7/inspva,39.663,-75.756,-1.801757785,0.002765952,-0.001667746,0.002336529,-0.001480244,-0.001667746,,novatel_oem7_msgs.msg.InertialSolutionStatus(status=3),
1786043712148455448,1786043712.146524072,/novatel/oem7/fix,/novatel/oem7/fix,/novatel/oem7/inspva,39.663,-75.756,-1.801757785,0.002765952,-0.001667746,0.002336529,-0.001480244,-0.001667746,,0,
1786043712149557416,1786043712.146975278,/novatel/oem7/odom,/novatel/oem7/fix,/novatel/oem7/odom,39.663,-75.756,-1.801757785,0.002766571,-0.001666719,-0.001355874,0.002411539,-0.001666719,,,
1786043712156682693,1786043712.155993403,/novatel/oem7/odom,/novatel/oem7/fix,/novatel/oem7/odom,39.663,-75.756,-1.801757785,0.002766571,-0.001666719,-0.001355874,0.002411539,-0.001666719,,,
1786043712165846088,1786043712.165304312,/novatel/oem7/inspva,/novatel/oem7/inspva,/novatel/oem7/inspva,39.663,-75.756,-1.801736731,0.000771839,-0.003816251,0.000718069,-0.000283043,-0.003816251,,novatel_oem7_msgs.msg.InertialSolutionStatus(status=3),
1786043712167267282,1786043712.165509407,/novatel/oem7/fix,/novatel/oem7/fix,/novatel/oem7/inspva,39.663,-75.756,-1.801736731,0.000771839,-0.003816251,0.000718069,-0.000283043,-0.003816251,,0,
1786043712168350862,1786043712.166042828,/novatel/oem7/odom,/novatel/oem7/fix,/novatel/oem7/odom,39.663,-75.756,-1.801736731,0.000776968,-0.003815210,-0.000231780,0.000741591,-0.003815210,,,
1786043712176322052,1786043712.175615972,/novatel/oem7/odom,/novatel/oem7/fix,/novatel/oem7/odom,39.663,-75.756,-1.801736731,0.000776968,-0.003815210,-0.000231780,0.000741591,-0.003815210,,,
1786043712185954388,1786043712.185279371,/novatel/oem7/inspva,/novatel/oem7/inspva,/novatel/oem7/inspva,39.663,-75.756,-1.801685276,0.000616653,-0.002433731,0.000417291,-0.000454015,-0.002433731,,novatel_oem7_msgs.msg.InertialSolutionStatus(status=3),
1786043712187412932,1786043712.185485780,/novatel/oem7/fix,/novatel/oem7/fix,/novatel/oem7/inspva,39.663,-75.756,-1.801685276,0.000616653,-0.002433731,0.000417291,-0.000454015,-0.002433731,,0,
1786043712188609311,1786043712.185892334,/novatel/oem7/odom,/novatel/oem7/fix,/novatel/oem7/odom,39.663,-75.756,-1.801685276,0.000614602,-0.002434250,-0.000422967,0.000445908,-0.002434250,,,
1786043712195324341,1786043712.194619304,/novatel/oem7/odom,/novatel/oem7/fix,/novatel/oem7/odom,39.663,-75.756,-1.801685276,0.000614602,-0.002434250,-0.000422967,0.000445908,-0.002434250,,,
1786043712207217606,1786043712.206530395,/novatel/oem7/inspva,/novatel/oem7/inspva,/novatel/oem7/inspva,39.663,-75.756,-1.801649488,0.001245893,-0.000750514,0.001226162,0.000220850,-0.000750514,,novatel_oem7_msgs.msg.InertialSolutionStatus(status=3),
1786043712208674310,1786043712.206701791,/novatel/oem7/fix,/novatel/oem7/fix,/novatel/oem7/inspva,39.663,-75.756,-1.801649488,0.001245893,-0.000750514,0.001226162,0.000220850,-0.000750514,,0,
1786043712209739674,1786043712.207096071,/novatel/oem7/odom,/novatel/oem7/fix,/novatel/oem7/odom,39.663,-75.756,-1.801649488,0.001248578,-0.000746038,0.000284349,0.001215769,-0.000746038,,,
1786043712211291482,1786043712.210312260,/novatel/oem7/bestpos,/novatel/oem7/bestpos,/novatel/oem7/odom,39.663,-75.756,33.180600645,0.001248578,-0.000746038,0.000284349,0.001215769,-0.000746038,,novatel_oem7_msgs.msg.SolutionStatus(status=0),novatel_oem7_msgs.msg.PositionOrVelocityType(type=53)
1786043712212751021,1786043712.210763221,/novatel/oem7/bestvel,/novatel/oem7/bestpos,/novatel/oem7/bestvel,39.663,-75.756,33.180600645,0.001827985,-0.001291116,,,,25.944875574,novatel_oem7_msgs.msg.SolutionStatus(status=0),novatel_oem7_msgs.msg.PositionOrVelocityType(type=53)
1786043712215911632,1786043712.215164201,/novatel/oem7/odom,/novatel/oem7/bestpos,/novatel/oem7/odom,39.663,-75.756,33.180600645,0.001248578,-0.000746038,0.000284349,0.001215769,-0.000746038,,,
1786043712225792790,1786043712.225207398,/novatel/oem7/inspva,/novatel/oem7/inspva,/novatel/oem7/inspva,39.663,-75.756,-1.801609737,0.001565785,-0.001311181,0.001383060,-0.000734049,-0.001311181,,novatel_oem7_msgs.msg.InertialSolutionStatus(status=3),
1786043712227182617,1786043712.225377369,/novatel/oem7/fix,/novatel/oem7/fix,/novatel/oem7/inspva,39.663,-75.756,-1.801609737,0.001565785,-0.001311181,0.001383060,-0.000734049,-0.001311181,,0,
1786043712228283525,1786043712.225846451,/novatel/oem7/odom,/novatel/oem7/fix,/novatel/oem7/odom,39.663,-75.756,-1.801609737,0.001566769,-0.001310006,-0.000659284,0.001421306,-0.001310006,,,
1786043712236262274,1786043712.235620844,/novatel/oem7/odom,/novatel/oem7/fix,/novatel/oem7/odom,39.663,-75.756,-1.801609737,0.001566769,-0.001310006,-0.000659284,0.001421306,-0.001310006,,,
1786043712246155766,1786043712.245561967,/novatel/oem7/inspva,/novatel/oem7/inspva,/novatel/oem7/inspva,39.663,-75.756,-1.801591169,0.001904905,-0.003352368,0.001438981,-0.001248197,-0.003352368,,novatel_oem7_msgs.msg.InertialSolutionStatus(status=3),
1786043712247662738,1786043712.245745115,/novatel/oem7/fix,/novatel/oem7/fix,/novatel/oem7/inspva,39.663,-75.756,-1.801591169,0.001904905,-0.003352368,0.001438981,-0.001248197,-0.003352368,,0,
1786043712248791525,1786043712.246559113,/novatel/oem7/odom,/novatel/oem7/fix,/novatel/oem7/odom,39.663,-75.756,-1.801591169,0.001903804,-0.003352993,-0.001161869,0.001508155,-0.003352993,,,
1786043712257162315,1786043712.256469545,/novatel/oem7/odom,/novatel/oem7/fix,/novatel/oem7/odom,39.663,-75.756,-1.801591169,0.001903804,-0.003352993,-0.001161869,0.001508155,-0.003352993,,,
1786043712266667130,1786043712.266093144,/novatel/oem7/inspva,/novatel/oem7/inspva,/novatel/oem7/inspva,39.663,-75.756,-1.801541628,0.001107824,-0.002696511,0.000674015,-0.000879191,-0.002696511,,novatel_oem7_msgs.msg.InertialSolutionStatus(status=3),
1786043712268116171,1786043712.266261063,/novatel/oem7/fix,/novatel/oem7/fix,/novatel/oem7/inspva,39.663,-75.756,-1.801541628,0.001107824,-0.002696511,0.000674015,-0.000879191,-0.002696511,,0,
1786043712269225265,1786043712.266687140,/novatel/oem7/odom,/novatel/oem7/fix,/novatel/oem7/odom,39.663,-75.756,-1.801541628,0.001104395,-0.002697918,-0.000833868,0.000724122,-0.002697918,,,
1786043712275143647,1786043712.274472141,/novatel/oem7/odom,/novatel/oem7/fix,/novatel/oem7/odom,39.663,-75.756,-1.801541628,0.001104395,-0.002697918,-0.000833868,0.000724122,-0.002697918,,,
1786043712285808637,1786043712.285250528,/novatel/oem7/inspva,/novatel/oem7/inspva,/novatel/oem7/inspva,39.663,-75.756,-1.801494043,0.000312430,-0.000158433,0.000257429,0.000177039,-0.000158433,,novatel_oem7_msgs.msg.InertialSolutionStatus(status=3),
1786043712287205714,1786043712.285417869,/novatel/oem7/fix,/novatel/oem7/fix,/novatel/oem7/inspva,39.663,-75.756,-1.801494043,0.000312430,-0.000158433,0.000257429,0.000177039,-0.000158433,,0,
1786043712288354509,1786043712.285973302,/novatel/oem7/odom,/novatel/oem7/fix,/novatel/oem7/odom,39.663,-75.756,-1.801494043,0.000313164,-0.000156977,0.000190217,0.000248775,-0.000156977,,,
1786043712296286137,1786043712.295591100,/novatel/oem7/odom,/novatel/oem7/fix,/novatel/oem7/odom,39.663,-75.756,-1.801494043,0.000313164,-0.000156977,0.000190217,0.000248775,-0.000156977,,,
1786043712306343097,1786043712.305788656,/novatel/oem7/inspva,/novatel/oem7/inspva,/novatel/oem7/inspva,39.663,-75.756,-1.801454891,0.001315839,-0.000753756,0.001027129,-0.000822459,-0.000753756,,novatel_oem7_msgs.msg.InertialSolutionStatus(status=3),
1786043712307774925,1786043712.305959107,/novatel/oem7/fix,/novatel/oem7/fix,/novatel/oem7/inspva,39.663,-75.756,-1.801454891,0.001315839,-0.000753756,0.001027129,-0.000822459,-0.000753756,,0,
1786043712308920777,1786043712.306523389,/novatel/oem7/odom,/novatel/oem7/fix,/novatel/oem7/odom,39.663,-75.756,-1.801454891,0.001315713,-0.000753977,-0.000767489,0.001068673,-0.000753977,,,
1786043712310554719,1786043712.309532973,/novatel/oem7/bestpos,/novatel/oem7/bestpos,/novatel/oem7/odom,39.663,-75.756,33.180788087,0.001315713,-0.000753977,-0.000767489,0.001068673,-0.000753977,,novatel_oem7_msgs.msg.SolutionStatus(status=0),novatel_oem7_msgs.msg.PositionOrVelocityType(type=53)
1786043712312077064,1786043712.310156789,/novatel/oem7/bestvel,/novatel/oem7/bestpos,/novatel/oem7/bestvel,39.663,-75.756,33.180788087,0.000949738,-0.001311759,,,,34.432505878,novatel_oem7_msgs.msg.SolutionStatus(status=0),novatel_oem7_msgs.msg.PositionOrVelocityType(type=53)
1786043712315091101,1786043712.314366144,/novatel/oem7/odom,/novatel/oem7/bestpos,/novatel/oem7/odom,39.663,-75.756,33.180788087,0.001315713,-0.000753977,-0.000767489,0.001068673,-0.000753977,,,
1786043712327095087,1786043712.326504315,/novatel/oem7/inspva,/novatel/oem7/inspva,/novatel/oem7/inspva,39.663,-75.756,-1.801436267,0.002462243,-0.002648935,0.001893906,-0.001573455,-0.002648935,,novatel_oem7_msgs.msg.InertialSolutionStatus(status=3),
1786043712328602409,1786043712.326690336,/novatel/oem7/fix,/novatel/oem7/fix,/novatel/oem7/inspva,39.663,-75.756,-1.801436267,0.002462243,-0.002648935,0.001893906,-0.001573455,-0.002648935,,0,
1786043712329706790,1786043712.327033040,/novatel/oem7/odom,/novatel/oem7/fix,/novatel/oem7/odom,39.663,-75.756,-1.801436267,0.002461634,-0.002649502,-0.001467022,0.001976736,-0.002649502,,,
1786043712335561062,1786043712.334846821,/novatel/oem7/odom,/novatel/oem7/fix,/novatel/oem7/odom,39.663,-75.756,-1.801436267,0.002461634,-0.002649502,-0.001467022,0.001976736,-0.002649502,,,
1786043712345564861,1786043712.344904461,/novatel/oem7/inspva,/novatel/oem7/inspva,/novatel/oem7/inspva,39.663,-75.756,-1.801397007,0.001579070,-0.003017386,0.001387396,-0.000754050,-0.003017386,,novatel_oem7_msgs.msg.InertialSolutionStatus(status=3),
1786043712347037816,1786043712.345086489,/novatel/oem7/fix,/novatel/oem7/fix,/novatel/oem7/inspva,39.663,-75.756,-1.801397007,0.001579070,-0.003017386,0.001387396,-0.000754050,-0.003017386,,0,
1786043712348268781,1786043712.345446100,/novatel/oem7/odom,/novatel/oem7/fix,/novatel/oem7/odom,39.663,-75.756,-1.801397007,0.001581295,-0.003016220,-0.000672229,0.001431294,-0.003016220,,,
1786043712356337888,1786043712.355632347,/novatel/oem7/odom,/novatel/oem7/fix,/novatel/oem7/odom,39.663,-75.756,-1.801397007,0.001581295,-0.003016220,-0.000672229,0.001431294,-0.003016220,,,
1786043712367135622,1786043712.366557280,/novatel/oem7/inspva,/novatel/oem7/inspva,/novatel/oem7/inspva,39.663,-75.756,-1.801351780,0.000189027,-0.000736016,-0.000099794,0.000160537,-0.000736016,,novatel_oem7_msgs.msg.InertialSolutionStatus(status=3),
1786043712368594180,1786043712.366731158,/novatel/oem7/fix,/novatel/oem7/fix,/novatel/oem7/inspva,39.663,-75.756,-1.801351780,0.000189027,-0.000736016,-0.000099794,0.000160537,-0.000736016,,0,
1786043712369755521,1786043712.367440375,/novatel/oem7/odom,/novatel/oem7/fix,/novatel/oem7/odom,39.663,-75.756,-1.801351780,0.000190353,-0.000735674,0.000158376,-0.000105599,-0.000735674,,,
1786043712375641926,1786043712.374939416,/novatel/oem7/odom,/novatel/oem7/fix,/novatel/oem7/odom,39.663,-75.756,-1.801351780,0.000190353,-0.000735674,0.000158376,-0.000105599,-0.000735674,,,
1786043712386581389,1786043712.385955553,/novatel/oem7/inspva,/novatel/oem7/inspva,/novatel/oem7/inspva,39.663,-75.756,-1.801309213,0.001160926,-0.000054921,0.001148070,-0.000172289,-0.000054921,,novatel_oem7_msgs.msg.InertialSolutionStatus(status=3),
1786043712388008259,1786043712.386132381,/novatel/oem7/fix,/novatel/oem7/fix,/novatel/oem7/inspva,39.663,-75.756,-1.801309213,0.001160926,-0.000054921,0.001148070,-0.000172289,-0.000054921,,0,
1786043712389182258,1786043712.386398934,/novatel/oem7/odom,/novatel/oem7/fix,/novatel/oem7/odom,39.663,-75.756,-1.801309213,0.001161050,-0.000052223,-0.000114982,0.001155343,-0.000052223,,,
1786043712395321376,1786043712.394611865,/novatel/oem7/odom,/novatel/oem7/fix,/novatel/oem7/odom,39.663,-75.756,-1.801309213,0.001161050,-0.000052223,-0.000114982,0.001155343,-0.000052223,,,
1786043712407076399,1786043712.406497470,/novatel/oem7/inspva,/novatel/oem7/inspva,/novatel/oem7/inspva,39.663,-75.756,-1.801300694,0.002392835,-0.002660748,0.001922054,-0.001425261,-0.002660748,,novatel_oem7_msgs.msg.InertialSolutionStatus(status=3),
1786043712408521660,1786043712.406674205,/novatel/oem7/fix,/novatel/oem7/fix,/novatel/oem7/inspva,39.663,-75.756,-1.801300694,0.002392835,-0.002660748,0.001922054,-0.001425261,-0.002660748,,0,
1786043712409707125,1786043712.407114213,/novatel/oem7/odom,/novatel/oem7/fix,/novatel/oem7/odom,39.663,-75.756,-1.801300694,0.002392868,-0.002660719,-0.001317489,0.001997508,-0.002660719,,,
1786043712411268124,1786043712.410228667,/novatel/oem7/bestpos,/novatel/oem7/bestpos,/novatel/oem7/odom,39.663,-75.756,33.180952455,0.002392868,-0.002660719,-0.001317489,0.001997508,-0.002660719,,novatel_oem7_msgs.msg.SolutionStatus(status=0),novatel_oem7_msgs.msg.PositionOrVelocityType(type=53)
1786043712412295274,1786043712.410605001,/novatel/oem7/bestvel,/novatel/oem7/bestpos,/novatel/oem7/bestvel,39.663,-75.756,33.180952455,0.001425003,-0.002620862,,,,329.622029620,novatel_oem7_msgs.msg.SolutionStatus(status=0),novatel_oem7_msgs.msg.PositionOrVelocityType(type=53)
1786043712416109205,1786043712.415436212,/novatel/oem7/odom,/novatel/oem7/bestpos,/novatel/oem7/odom,39.663,-75.756,33.180952455,0.002392868,-0.002660719,-0.001317489,0.001997508,-0.002660719,,,
1786043712426559472,1786043712.425959200,/novatel/oem7/inspva,/novatel/oem7/inspva,/novatel/oem7/inspva,39.663,-75.756,-1.801257472,0.002192145,-0.002726815,0.002056128,-0.000760157,-0.002726815,,novatel_oem7_msgs.msg.InertialSolutionStatus(status=3),
1786043712427999644,1786043712.426156965,/novatel/oem7/fix,/novatel/oem7/fix,/novatel/oem7/inspva,39.663,-75.756,-1.801257472,0.002192145,-0.002726815,0.002056128,-0.000760157,-0.002726815,,0,
1786043712429133302,1786043712.426517942,/novatel/oem7/odom,/novatel/oem7/fix,/novatel/oem7/odom,39.663,-75.756,-1.801257472,0.002195972,-0.002723734,-0.000646402,0.002098680,-0.002723734,,,
1786043712435055694,1786043712.434349194,/novatel/oem7/odom,/novatel/oem7/fix,/novatel/oem7/odom,39.663,-75.756,-1.801257472,0.002195972,-0.002723734,-0.000646402,0.002098680,-0.002723734,,,
1786043712446973865,1786043712.446377019,/novatel/oem7/inspva,/novatel/oem7/inspva,/novatel/oem7/inspva,39.663,-75.756,-1.801223338,0.000901173,-0.001411648,-0.000685461,0.000585026,-0.001411648,,novatel_oem7_msgs.msg.InertialSolutionStatus(status=3),
1786043712448520027,1786043712.446582661,/novatel/oem7/fix,/novatel/oem7/fix,/novatel/oem7/inspva,39.663,-75.756,-1.801223338,0.000901173,-0.001411648,-0.000685461,0.000585026,-0.001411648,,0,
1786043712449731050,1786043712.447031293,/novatel/oem7/odom,/novatel/oem7/fix,/novatel/oem7/odom,39.663,-75.756,-1.801223338,0.000901599,-0.001411376,0.000556039,-0.000709719,-0.001411376,,,
1786043712456982278,1786043712.456224191,/novatel/oem7/odom,/novatel/oem7/fix,/novatel/oem7/odom,39.663,-75.756,-1.801223338,0.000901599,-0.001411376,0.000556039,-0.000709719,-0.001411376,,,
1786043712465558650,1786043712.464942571,/novatel/oem7/inspva,/novatel/oem7/inspva,/novatel/oem7/inspva,39.663,-75.756,-1.801172745,0.000251674,-0.000487586,0.000238621,-0.000080000,-0.000487586,,novatel_oem7_msgs.msg.InertialSolutionStatus(status=3),
1786043712466980578,1786043712.465122353,/novatel/oem7/fix,/novatel/oem7/fix,/novatel/oem7/inspva,39.663,-75.756,-1.801172745,0.000251674,-0.000487586,0.000238621,-0.000080000,-0.000487586,,0,
1786043712468319724,1786043712.465539744,/novatel/oem7/odom,/novatel/oem7/fix,/novatel/oem7/odom,39.663,-75.756,-1.801172745,0.000252436,-0.000487192,-0.000066112,0.000243625,-0.000487192,,,
1786043712475261650,1786043712.474547319,/novatel/oem7/odom,/novatel/oem7/fix,/novatel/oem7/odom,39.663,-75.756,-1.801172745,0.000252436,-0.000487192,-0.000066112,0.000243625,-0.000487192,,,
1786043712487140821,1786043712.486583416,/novatel/oem7/inspva,/novatel/oem7/inspva,/novatel/oem7/inspva,39.663,-75.756,-1.801148357,0.002758755,-0.001066346,0.002168547,-0.001705325,-0.001066346,,novatel_oem7_msgs.msg.InertialSolutionStatus(status=3),
1786043712488633653,1786043712.486761938,/novatel/oem7/fix,/novatel/oem7/fix,/novatel/oem7/inspva,39.663,-75.756,-1.801148357,0.002758755,-0.001066346,0.002168547,-0.001705325,-0.001066346,,0,
1786043712489756621,1786043712.487207842,/novatel/oem7/odom,/novatel/oem7/fix,/novatel/oem7/odom,39.663,-75.756,-1.801148357,0.002758614,-0.001066710,-0.001591465,0.002253262,-0.001066710,,,
1786043712495451551,1786043712.494707330,/novatel/oem7/odom,/novatel/oem7/fix,/novatel/oem7/odom,39.663,-75.756,-1.801148357,0.002758614,-0.001066710,-0.001591465,0.002253262,-0.001066710,,,
1786043712506671689,1786043712.506088500,/novatel/oem7/inspva,/novatel/oem7/inspva,/novatel/oem7/inspva,39.663,-75.756,-1.801113633,0.002359665,-0.002294341,0.001937038,-0.001347555,-0.002294341,,novatel_oem7_msgs.msg.InertialSolutionStatus(status=3),
1786043712508096367,1786043712.506262698,/novatel/oem7/fix,/novatel/oem7/fix,/novatel/oem7/inspva,39.663,-75.756,-1.801113633,0.002359665,-0.002294341,0.001937038,-0.001347555,-0.002294341,,0,
1786043712509241618,1786043712.506643368,/novatel/oem7/odom,/novatel/oem7/fix,/novatel/oem7/odom,39.663,-75.756,-1.801113633,0.002360067,-0.002293928,-0.001240638,0.002007668,-0.002293928,,,
1786043712511887447,1786043712.511245348,/novatel/oem7/bestpos,/novatel/oem7/bestpos,/novatel/oem7/odom,39.663,-75.756,33.181135852,0.002360067,-0.002293928,-0.001240638,0.002007668,-0.002293928,,novatel_oem7_msgs.msg.SolutionStatus(status=0),novatel_oem7_msgs.msg.PositionOrVelocityType(type=53)
1786043712513405139,1786043712.512280625,/novatel/oem7/bestvel,/novatel/oem7/bestpos,/novatel/oem7/bestvel,39.663,-75.756,33.181135852,0.002224229,-0.002366471,,,,328.510025221,novatel_oem7_msgs.msg.SolutionStatus(status=0),novatel_oem7_msgs.msg.PositionOrVelocityType(type=53)
1786043712515550841,1786043712.514579947,/novatel/oem7/odom,/novatel/oem7/bestpos,/novatel/oem7/odom,39.663,-75.756,33.181135852,0.002360067,-0.002293928,-0.001240638,0.002007668,-0.002293928,,,
1786043712525942014,1786043712.525332194,/novatel/oem7/inspva,/novatel/oem7/inspva,/novatel/oem7/inspva,39.663,-75.756,-1.801083843,0.000284110,-0.001971715,-0.000004302,-0.000284077,-0.001971715,,novatel_oem7_msgs.msg.InertialSolutionStatus(status=3),
1786043712527395415,1786043712.525521850,/novatel/oem7/fix,/novatel/oem7/fix,/novatel/oem7/inspva,39.663,-75.756,-1.801083843,0.000284110,-0.001971715,-0.000004302,-0.000284077,-0.001971715,,0,
1786043712528580583,1786043712.526130652,/novatel/oem7/odom,/novatel/oem7/fix,/novatel/oem7/odom,39.663,-75.756,-1.801083843,0.000276409,-0.001972809,-0.000275991,0.000015191,-0.001972809,,,
1786043712536089908,1786043712.535112411,/novatel/oem7/odom,/novatel/oem7/fix,/novatel/oem7/odom,39.663,-75.756,-1.801083843,0.000276409,-0.001972809,-0.000275991,0.000015191,-0.001972809,,,
1786043712546713281,1786043712.546092511,/novatel/oem7/inspva,/novatel/oem7/inspva,/novatel/oem7/inspva,39.663,-75.756,-1.801041184,0.000236813,-0.001284956,0.000236308,0.000015443,-0.001284956,,novatel_oem7_msgs.msg.InertialSolutionStatus(status=3),
1786043712548165805,1786043712.546320497,/novatel/oem7/fix,/novatel/oem7/fix,/novatel/oem7/inspva,39.663,-75.756,-1.801041184,0.000236813,-0.001284956,0.000236308,0.000015443,-0.001284956,,0,
1786043712549284662,1786043712.546843722,/novatel/oem7/odom,/novatel/oem7/fix,/novatel/oem7/odom,39.663,-75.756,-1.801041184,0.000240939,-0.001284189,0.000032318,0.000238762,-0.001284189,,,
1786043712556381450,1786043712.555707983,/novatel/oem7/odom,/novatel/oem7/fix,/novatel/oem7/odom,39.663,-75.756,-1.801041184,0.000240939,-0.001284189,0.000032318,0.000238762,-0.001284189,,,
1786043712565813967,1786043712.565198264,/novatel/oem7/inspva,/novatel/oem7/inspva,/novatel/oem7/inspva,39.663,-75.756,-1.801014161,0.002118536,-0.000638811,0.001568490,-0.001424091,-0.000638811,,novatel_oem7_msgs.msg.InertialSolutionStatus(status=3),
1786043712567303198,1786043712.565363902,/novatel/oem7/fix,/novatel/oem7/fix,/novatel/oem7/inspva,39.663,-75.756,-1.801014161,0.002118536,-0.000638811,0.001568490,-0.001424091,-0.000638811,,0,
1786043712568365369,1786043712.565786283,/novatel/oem7/odom,/novatel/oem7/fix,/novatel/oem7/odom,39.663,-75.756,-1.801014161,0.002118229,-0.000639828,-0.001341975,0.001638902,-0.000639828,,,
1786043712576067552,1786043712.575385469,/novatel/oem7/odom,/novatel/oem7/fix,/novatel/oem7/odom,39.663,-75.756,-1.801014161,0.002118229,-0.000639828,-0.001341975,0.001638902,-0.000639828,,,
1786043712585525813,1786043712.584960161,/novatel/oem7/inspva,/novatel/oem7/inspva,/novatel/oem7/inspva,39.663,-75.756,-1.800989731,0.002467973,-0.001435320,0.001928556,-0.001539988,-0.001435320,,novatel_oem7_msgs.msg.InertialSolutionStatus(status=3),
1786043712586868736,1786043712.585111942,/novatel/oem7/fix,/novatel/oem7/fix,/novatel/oem7/inspva,39.663,-75.756,-1.800989731,0.002467973,-0.001435320,0.001928556,-0.001539988,-0.001435320,,0,
1786043712587995127,1786043712.585528293,/novatel/oem7/odom,/novatel/oem7/fix,/novatel/oem7/odom,39.663,-75.756,-1.800989731,0.002467752,-0.001435700,-0.001436691,0.002006420,-0.001435700,,,
1786043712595107042,1786043712.594389055,/novatel/oem7/odom,/novatel/oem7/fix,/novatel/oem7/odom,39.663,-75.756,-1.800989731,0.002467752,-0.001435700,-0.001436691,0.002006420,-0.001435700,,,
1786043712607057274,1786043712.606474361,/novatel/oem7/inspva,/novatel/oem7/inspva,/novatel/oem7/inspva,39.663,-75.756,-1.800984999,0.001351618,-0.003281940,0.001060237,-0.000838313,-0.003281940,,novatel_oem7_msgs.msg.InertialSolutionStatus(status=3),
1786043712608465857,1786043712.606677910,/novatel/oem7/fix,/novatel/oem7/fix,/novatel/oem7/inspva,39.663,-75.756,-1.800984999,0.001351618,-0.003281940,0.001060237,-0.000838313,-0.003281940,,0,
1786043712609570142,1786043712.607019793,/novatel/oem7/odom,/novatel/oem7/fix,/novatel/oem7/odom,39.663,-75.756,-1.800984999,0.001351330,-0.003282059,-0.000771557,0.001109410,-0.003282059,,,
1786043712611233872,1786043712.610219498,/novatel/oem7/bestpos,/novatel/oem7/bestpos,/novatel/oem7/odom,39.663,-75.756,33.181275265,0.001351330,-0.003282059,-0.000771557,0.001109410,-0.003282059,,novatel_oem7_msgs.msg.SolutionStatus(status=0),novatel_oem7_msgs.msg.PositionOrVelocityType(type=53)
1786043712612716310,1786043712.610659679,/novatel/oem7/bestvel,/novatel/oem7/bestpos,/novatel/oem7/bestvel,39.663,-75.756,33.181275265,0.002386187,-0.002413269,,,,289.858930576,novatel_oem7_msgs.msg.SolutionStatus(status=0),novatel_oem7_msgs.msg.PositionOrVelocityType(type=53)
1786043712615373459,1786043712.614695069,/novatel/oem7/odom,/novatel/oem7/bestpos,/novatel/oem7/odom,39.663,-75.756,33.181275265,0.001351330,-0.003282059,-0.000771557,0.001109410,-0.003282059,,,
1786043712625686479,1786043712.625068159,/novatel/oem7/inspva,/novatel/oem7/inspva,/novatel/oem7/inspva,39.663,-75.756,-1.800939269,0.001588360,-0.001846342,0.000786973,-0.001379697,-0.001846342,,novatel_oem7_msgs.msg.InertialSolutionStatus(status=3),
1786043712627066182,1786043712.625254991,/novatel/oem7/fix,/novatel/oem7/fix,/novatel/oem7/inspva,39.663,-75.756,-1.800939269,0.001588360,-0.001846342,0.000786973,-0.001379697,-0.001846342,,0,
1786043712628217414,1786043712.625571984,/novatel/oem7/odom,/novatel/oem7/fix,/novatel/oem7/odom,39.663,-75.756,-1.800939269,0.001584794,-0.001849403,-0.001331527,0.000859423,-0.001849403,,,
1786043712636957548,1786043712.635795652,/novatel/oem7/odom,/novatel/oem7/fix,/novatel/oem7/odom,39.663,-75.756,-1.800939269,0.001584794,-0.001849403,-0.001331527,0.000859423,-0.001849403,,,
1786043712646021838,1786043712.645388645,/novatel/oem7/inspva,/novatel/oem7/inspva,/novatel/oem7/inspva,39.663,-75.756,-1.800905225,0.001436245,-0.000214517,0.001107871,-0.000914014,-0.000214517,,novatel_oem7_msgs.msg.InertialSolutionStatus(status=3),
1786043712647552246,1786043712.645564059,/novatel/oem7/fix,/novatel/oem7/fix,/novatel/oem7/inspva,39.663,-75.756,-1.800905225,0.001436245,-0.000214517,0.001107871,-0.000914014,-0.000214517,,0,
1786043712648646877,1786043712.646162339,/novatel/oem7/odom,/novatel/oem7/fix,/novatel/oem7/odom,39.663,-75.756,-1.800905225,0.001436193,-0.000214863,-0.000857118,0.001152389,-0.000214863,,,
1786043712657202585,1786043712.656493815,/novatel/oem7/odom,/novatel/oem7/fix,/novatel/oem7/odom,39.663,-75.756,-1.800905225,0.001436193,-0.000214863,-0.000857118,0.001152389,-0.000214863,,,
1786043712666681953,1786043712.666126951,/novatel/oem7/inspva,/novatel/oem7/inspva,/novatel/oem7/inspva,39.663,-75.756,-1.800866445,0.001956764,0.000412920,0.001497862,-0.001259100,0.000412920,,novatel_oem7_msgs.msg.InertialSolutionStatus(status=3),
1786043712668039553,1786043712.666290799,/novatel/oem7/fix,/novatel/oem7/fix,/novatel/oem7/inspva,39.663,-75.756,-1.800866445,0.001956764,0.000412920,0.001497862,-0.001259100,0.000412920,,0,
1786043712669081167,1786043712.666766900,/novatel/oem7/odom,/novatel/oem7/fix,/novatel/oem7/odom,39.663,-75.756,-1.800866445,0.001956887,0.000412337,-0.001185031,0.001557275,0.000412337,,,
1786043712675198368,1786043712.674469437,/novatel/oem7/odom,/novatel/oem7/fix,/novatel/oem7/odom,39.663,-75.756,-1.800866445,0.001956887,0.000412337,-0.001185031,0.001557275,0.000412337,,,
1786043712685809916,1786043712.685263484,/novatel/oem7/inspva,/novatel/oem7/inspva,/novatel/oem7/inspva,39.663,-75.756,-1.800867810,0.002025627,-0.003164432,0.001370016,-0.001492052,-0.003164432,,novatel_oem7_msgs.msg.InertialSolutionStatus(status=3),
1786043712687289584,1786043712.685468193,/novatel/oem7/fix,/novatel/oem7/fix,/novatel/oem7/inspva,39.663,-75.756,-1.800867810,0.002025627,-0.003164432,0.001370016,-0.001492052,-0.003164432,,0,
1786043712688368605,1786043712.686037395,/novatel/oem7/odom,/novatel/oem7/fix,/novatel/oem7/odom,39.663,-75.756,-1.800867810,0.002022748,-0.003166273,-0.001409515,0.001450785,-0.003166273,,,
1786043712696113949,1786043712.695453525,/novatel/oem7/odom,/novatel/oem7/fix,/novatel/oem7/odom,39.663,-75.756,-1.800867810,0.002022748,-0.003166273,-0.001409515,0.001450785,-0.003166273,,,
1786043712706486369,1786043712.705886336,/novatel/oem7/inspva,/novatel/oem7/inspva,/novatel/oem7/inspva,39.663,-75.756,-1.800816745,0.001643607,-0.002125213,0.000870177,-0.001394358,-0.002125213,,novatel_oem7_msgs.msg.InertialSolutionStatus(status=3),
1786043712707896113,1786043712.706044261,/novatel/oem7/fix,/novatel/oem7/fix,/novatel/oem7/inspva,39.663,-75.756,-1.800816745,0.001643607,-0.002125213,0.000870177,-0.001394358,-0.002125213,,0,
1786043712708830038,1786043712.706474209,/novatel/oem7/odom,/novatel/oem7/fix,/novatel/oem7/odom,39.663,-75.756,-1.800816745,0.001639868,-0.002128098,-0.001340929,0.000943969,-0.002128098,,,
1786043712710411354,1786043712.709315037,/novatel/oem7/bestpos,/novatel/oem7/bestpos,/novatel/oem7/odom,39.663,-75.756,33.181429817,0.001639868,-0.002128098,-0.001340929,0.000943969,-0.002128098,,novatel_oem7_msgs.msg.SolutionStatus(status=0),novatel_oem7_msgs.msg.PositionOrVelocityType(type=53)
1786043712711894756,1786043712.709945263,/novatel/oem7/bestvel,/novatel/oem7/bestpos,/novatel/oem7/bestvel,39.663,-75.756,33.181429817,0.002810260,-0.001396450,,,,285.985593297,novatel_oem7_msgs.msg.SolutionStatus(status=0),novatel_oem7_msgs.msg.PositionOrVelocityType(type=53)
1786043712715036914,1786043712.714369853,/novatel/oem7/odom,/novatel/oem7/bestpos,/novatel/oem7/odom,39.663,-75.756,33.181429817,0.001639868,-0.002128098,-0.001340929,0.000943969,-0.002128098,,,
1786043712727077270,1786043712.726507728,/novatel/oem7/inspva,/novatel/oem7/inspva,/novatel/oem7/inspva,39.663,-75.756,-1.800770911,0.000697310,0.000409447,0.000021764,-0.000696971,0.000409447,,novatel_oem7_msgs.msg.InertialSolutionStatus(status=3),
1786043712728524508,1786043712.726723400,/novatel/oem7/fix,/novatel/oem7/fix,/novatel/oem7/inspva,39.663,-75.756,-1.800770911,0.000697310,0.000409447,0.000021764,-0.000696971,0.000409447,,0,
1786043712729595985,1786043712.727210955,/novatel/oem7/odom,/novatel/oem7/fix,/novatel/oem7/odom,39.663,-75.756,-1.800770911,0.000698883,0.000406756,-0.000696703,0.000055154,0.000406756,,,
1786043712735628428,1786043712.734956675,/novatel/oem7/odom,/novatel/oem7/fix,/novatel/oem7/odom,39.663,-75.756,-1.800770911,0.000698883,0.000406756,-0.000696703,0.000055154,0.000406756,,,
1786043712745391242,1786043712.745059962,/novatel/oem7/inspva,/novatel/oem7/inspva,/novatel/oem7/inspva,39.663,-75.756,-1.800735983,0.000934760,-0.000033255,0.000330191,-0.000874500,-0.000033255,,novatel_oem7_msgs.msg.InertialSolutionStatus(status=3),
1786043712746010008,1786043712.745254104,/novatel/oem7/fix,/novatel/oem7/fix,/novatel/oem7/inspva,39.663,-75.756,-1.800735983,0.000934760,-0.000033255,0.000330191,-0.000874500,-0.000033255,,0,
1786043712746511709,1786043712.745678365,/novatel/oem7/odom,/novatel/oem7/fix,/novatel/oem7/odom,39.663,-75.756,-1.800735983,0.000934668,-0.000035742,-0.000856925,0.000373208,-0.000035742,,,
1786043712756321980,1786043712.755898020,/novatel/oem7/odom,/novatel/oem7/fix,/novatel/oem7/odom,39.663,-75.756,-1.800735983,0.000934668,-0.000035742,-0.000856925,0.000373208,-0.000035742,,,
1786043712765686674,1786043712.765171255,/novatel/oem7/inspva,/novatel/oem7/inspva,/novatel/oem7/inspva,39.663,-75.756,-1.800726291,0.002741426,-0.001586506,0.001886448,-0.001989153,-0.001586506,,novatel_oem7_msgs.msg.InertialSolutionStatus(status=3),
1786043712767038934,1786043712.765339344,/novatel/oem7/fix,/novatel/oem7/fix,/novatel/oem7/inspva,39.663,-75.756,-1.800726291,0.002741426,-0.001586506,0.001886448,-0.001989153,-0.001586506,,0,
1786043712768111288,1786043712.765954096,/novatel/oem7/odom,/novatel/oem7/fix,/novatel/oem7/odom,39.663,-75.756,-1.800726291,0.002740078,-0.001588833,-0.001886780,0.001986980,-0.001588833,,,
1786043712775055998,1786043712.774721267,/novatel/oem7/odom,/novatel/oem7/fix,/novatel/oem7/odom,39.663,-75.756,-1.800726291,0.002740078,-0.001588833,-0.001886780,0.001986980,-0.001588833,,,
1786043712786655212,1786043712.786090636,/novatel/oem7/inspva,/novatel/oem7/inspva,/novatel/oem7/inspva,39.663,-75.756,-1.800693438,0.002450231,-0.002274570,0.001139169,-0.002169315,-0.002274570,,novatel_oem7_msgs.msg.InertialSolutionStatus(status=3),
1786043712787993735,1786043712.786281375,/novatel/oem7/fix,/novatel/oem7/fix,/novatel/oem7/inspva,39.663,-75.756,-1.800693438,0.002450231,-0.002274570,0.001139169,-0.002169315,-0.002274570,,0,
1786043712789047926,1786043712.786765803,/novatel/oem7/odom,/novatel/oem7/fix,/novatel/oem7/odom,39.663,-75.756,-1.800693438,0.002445421,-0.002279740,-0.002100969,0.001251405,-0.002279740,,,
1786043712795048649,1786043712.794388199,/novatel/oem7/odom,/novatel/oem7/fix,/novatel/oem7/odom,39.663,-75.756,-1.800693438,0.002445421,-0.002279740,-0.002100969,0.001251405,-0.002279740,,,
1786043712806599431,1786043712.806301564,/novatel/oem7/inspva,/novatel/oem7/inspva,/novatel/oem7/inspva,39.663,-75.756,-1.800649257,0.000760547,0.000255410,-0.000303217,-0.000697489,0.000255410,,novatel_oem7_msgs.msg.InertialSolutionStatus(status=3),
1786043712807304941,1786043712.806473766,/novatel/oem7/fix,/novatel/oem7/fix,/novatel/oem7/inspva,39.663,-75.756,-1.800649257,0.000760547,0.000255410,-0.000303217,-0.000697489,0.000255410,,0,
1786043712808348135,1786043712.806973238,/novatel/oem7/odom,/novatel/oem7/fix,/novatel/oem7/odom,39.663,-75.756,-1.800649257,0.000761753,0.000251788,-0.000712687,-0.000268972,0.000251788,,,
1786043712810834396,1786043712.810170226,/novatel/oem7/bestpos,/novatel/oem7/bestpos,/novatel/oem7/odom,39.663,-75.756,33.181583085,0.000761753,0.000251788,-0.000712687,-0.000268972,0.000251788,,novatel_oem7_msgs.msg.SolutionStatus(status=0),novatel_oem7_msgs.msg.PositionOrVelocityType(type=53)
1786043712812261033,1786043712.810533179,/novatel/oem7/bestvel,/novatel/oem7/bestpos,/novatel/oem7/bestvel,39.663,-75.756,33.181583085,0.001268687,0.000288948,,,,276.257417660,novatel_oem7_msgs.msg.SolutionStatus(status=0),novatel_oem7_msgs.msg.PositionOrVelocityType(type=53)
1786043712816119742,1786043712.815452105,/novatel/oem7/odom,/novatel/oem7/bestpos,/novatel/oem7/odom,39.663,-75.756,33.181583085,0.000761753,0.000251788,-0.000712687,-0.000268972,0.000251788,,,
1786043712825611046,1786043712.825048944,/novatel/oem7/inspva,/novatel/oem7/inspva,/novatel/oem7/inspva,39.663,-75.756,-1.800620550,0.000773024,0.000132551,0.000154800,-0.000757366,0.000132551,,novatel_oem7_msgs.msg.InertialSolutionStatus(status=3),
1786043712826925666,1786043712.825203095,/novatel/oem7/fix,/novatel/oem7/fix,/novatel/oem7/inspva,39.663,-75.756,-1.800620550,0.000773024,0.000132551,0.000154800,-0.000757366,0.000132551,,0,
1786043712828005130,1786043712.825641653,/novatel/oem7/odom,/novatel/oem7/fix,/novatel/oem7/odom,39.663,-75.756,-1.800620550,0.000773455,0.000130009,-0.000749302,0.000191782,0.000130009,,,
1786043712835118914,1786043712.834430657,/novatel/oem7/odom,/novatel/oem7/fix,/novatel/oem7/odom,39.663,-75.756,-1.800620550,0.000773455,0.000130009,-0.000749302,0.000191782,0.000130009,,,
1786043712847150560,1786043712.846511491,/novatel/oem7/inspva,/novatel/oem7/inspva,/novatel/oem7/inspva,39.663,-75.756,-1.800617978,0.003043472,-0.001697693,0.002043024,-0.002255830,-0.001697693,,novatel_oem7_msgs.msg.InertialSolutionStatus(status=3),
1786043712848554531,1786043712.846676872,/novatel/oem7/fix,/novatel/oem7/fix,/novatel/oem7/inspva,39.663,-75.756,-1.800617978,0.003043472,-0.001697693,0.002043024,-0.002255830,-0.001697693,,0,
1786043712849659255,1786043712.847165120,/novatel/oem7/odom,/novatel/oem7/fix,/novatel/oem7/odom,39.663,-75.756,-1.800617978,0.003041836,-0.001700622,-0.002144894,0.002156894,-0.001700622,,,
1786043712857257137,1786043712.856552684,/novatel/oem7/odom,/novatel/oem7/fix,/novatel/oem7/odom,39.663,-75.756,-1.800617978,0.003041836,-0.001700622,-0.002144894,0.002156894,-0.001700622,,,
1786043712865649157,1786043712.865059885,/novatel/oem7/inspva,/novatel/oem7/inspva,/novatel/oem7/inspva,39.663,-75.756,-1.800584980,0.002645494,-0.001464335,0.001729702,-0.002001691,-0.001464335,,novatel_oem7_msgs.msg.InertialSolutionStatus(status=3),
1786043712867116832,1786043712.865241300,/novatel/oem7/fix,/novatel/oem7/fix,/novatel/oem7/inspva,39.663,-75.756,-1.800584980,0.002645494,-0.001464335,0.001729702,-0.002001691,-0.001464335,,0,
1786043712868150386,1786043712.865670964,/novatel/oem7/odom,/novatel/oem7/fix,/novatel/oem7/odom,39.663,-75.756,-1.800584980,0.002643948,-0.001467124,-0.001907572,0.001830746,-0.001467124,,,
1786043712875785859,1786043712.875412284,/novatel/oem7/odom,/novatel/oem7/fix,/novatel/oem7/odom,39.663,-75.756,-1.800584980,0.002643948,-0.001467124,-0.001907572,0.001830746,-0.001467124,,,
1786043712885727671,1786043712.885219642,/novatel/oem7/inspva,/novatel/oem7/inspva,/novatel/oem7/inspva,39.663,-75.756,-1.800557562,0.002101557,-0.000775470,-0.000296257,-0.002080570,-0.000775470,,novatel_oem7_msgs.msg.InertialSolutionStatus(status=3),
1786043712887016433,1786043712.885399784,/novatel/oem7/fix,/novatel/oem7/fix,/novatel/oem7/inspva,39.663,-75.756,-1.800557562,0.002101557,-0.000775470,-0.000296257,-0.002080570,-0.000775470,,0,
1786043712888044964,1786043712.885995229,/novatel/oem7/odom,/novatel/oem7/fix,/novatel/oem7/odom,39.663,-75.756,-1.800557562,0.002098203,-0.000784500,-0.002089519,-0.000190693,-0.000784500,,,
1786043712895503501,1786043712.894826427,/novatel/oem7/odom,/novatel/oem7/fix,/novatel/oem7/odom,39.663,-75.756,-1.800557562,0.002098203,-0.000784500,-0.002089519,-0.000190693,-0.000784500,,,
1786043712906399862,1786043712.905876627,/novatel/oem7/inspva,/novatel/oem7/inspva,/novatel/oem7/inspva,39.663,-75.756,-1.800516146,0.001116106,-0.000063833,0.000411007,-0.001037674,-0.000063833,,novatel_oem7_msgs.msg.InertialSolutionStatus(status=3),
1786043712907733372,1786043712.906039889,/novatel/oem7/fix,/novatel/oem7/fix,/novatel/oem7/inspva,39.663,-75.756,-1.800516146,0.001116106,-0.000063833,0.000411007,-0.001037674,-0.000063833,,0,
1786043712908784416,1786043712.906451443,/novatel/oem7/odom,/novatel/oem7/fix,/novatel/oem7/odom,39.663,-75.756,-1.800516146,0.001115939,-0.000066686,-0.001015773,0.000462089,-0.000066686,,,
1786043712910285178,1786043712.909237107,/novatel/oem7/bestpos,/novatel/oem7/bestpos,/novatel/oem7/odom,39.663,-75.756,33.181706277,0.001115939,-0.000066686,-0.001015773,0.000462089,-0.000066686,,novatel_oem7_msgs.msg.SolutionStatus(status=0),novatel_oem7_msgs.msg.PositionOrVelocityType(type=53)
1786043712911705155,1786043712.909885291,/novatel/oem7/bestvel,/novatel/oem7/bestpos,/novatel/oem7/bestvel,39.663,-75.756,33.181706277,0.001877617,-0.000069769,,,,300.082339348,novatel_oem7_msgs.msg.SolutionStatus(status=0),novatel_oem7_msgs.msg.PositionOrVelocityType(type=53)
1786043712915309441,1786043712.914523023,/novatel/oem7/odom,/novatel/oem7/bestpos,/novatel/oem7/odom,39.663,-75.756,33.181706277,0.001115939,-0.000066686,-0.001015773,0.000462089,-0.000066686,,,
1786043712925652376,1786043712.925238966,/novatel/oem7/inspva,/novatel/oem7/inspva,/novatel/oem7/inspva,39.663,-75.756,-1.800504244,0.002675168,-0.000585970,0.001682655,-0.002079710,-0.000585970,,novatel_oem7_msgs.msg.InertialSolutionStatus(status=3),
1786043712926281902,1786043712.925464819,/novatel/oem7/fix,/novatel/oem7/fix,/novatel/oem7/inspva,39.663,-75.756,-1.800504244,0.002675168,-0.000585970,0.001682655,-0.002079710,-0.000585970,,0,
1786043712926792328,1786043712.925986717,/novatel/oem7/odom,/novatel/oem7/fix,/novatel/oem7/odom,39.663,-75.756,-1.800504244,0.002674438,-0.000589292,-0.001991391,0.001785211,-0.000589292,,,
1786043712936114423,1786043712.935510305,/novatel/oem7/odom,/novatel/oem7/fix,/novatel/oem7/odom,39.663,-75.756,-1.800504244,0.002674438,-0.000589292,-0.001991391,0.001785211,-0.000589292,,,
1786043712945524411,1786043712.944972243,/novatel/oem7/inspva,/novatel/oem7/inspva,/novatel/oem7/inspva,39.663,-75.756,-1.800478644,0.002703984,-0.001302225,0.001799219,-0.002018500,-0.001302225,,novatel_oem7_msgs.msg.InertialSolutionStatus(status=3),
1786043712946854951,1786043712.945167065,/novatel/oem7/fix,/novatel/oem7/fix,/novatel/oem7/inspva,39.663,-75.756,-1.800478644,0.002703984,-0.001302225,0.001799219,-0.002018500,-0.001302225,,0,
1786043712947922542,1786043712.945575965,/novatel/oem7/odom,/novatel/oem7/fix,/novatel/oem7/odom,39.663,-75.756,-1.800478644,0.002702726,-0.001304834,-0.001921610,0.001900564,-0.001304834,,,
1786043712956325909,1786043712.955681566,/novatel/oem7/odom,/novatel/oem7/fix,/novatel/oem7/odom,39.663,-75.756,-1.800478644,0.002702726,-0.001304834,-0.001921610,0.001900564,-0.001304834,,,
1786043712967667405,1786043712.967204710,/novatel/oem7/inspva,/novatel/oem7/inspva,/novatel/oem7/inspva,39.663,-75.756,-1.800466917,0.001415586,-0.001682505,0.000057344,-0.001414424,-0.001682505,,novatel_oem7_msgs.msg.InertialSolutionStatus(status=3),
1786043712968561934,1786043712.967390298,/novatel/oem7/fix,/novatel/oem7/fix,/novatel/oem7/inspva,39.663,-75.756,-1.800466917,0.001415586,-0.001682505,0.000057344,-0.001414424,-0.001682505,,0,
1786043712969578710,1786043712.967774169,/novatel/oem7/odom,/novatel/oem7/fix,/novatel/oem7/odom,39.663,-75.756,-1.800466917,0.001409215,-0.001687845,-0.001403024,0.000131958,-0.001687845,,,
1786043712975992861,1786043712.975268591,/novatel/oem7/odom,/novatel/oem7/fix,/novatel/oem7/odom,39.663,-75.756,-1.800466917,0.001409215,-0.001687845,-0.001403024,0.000131958,-0.001687845,,,
1786043712985751701,1786043712.985158562,/novatel/oem7/inspva,/novatel/oem7/inspva,/novatel/oem7/inspva,39.663,-75.756,-1.800424823,0.001710381,-0.000972485,0.000058605,-0.001709376,-0.000972485,,novatel_oem7_msgs.msg.InertialSolutionStatus(status=3),
1786043712987142852,1786043712.985315711,/novatel/oem7/fix,/novatel/oem7/fix,/novatel/oem7/inspva,39.663,-75.756,-1.800424823,0.001710381,-0.000972485,0.000058605,-0.001709376,-0.000972485,,0,
1786043712988184602,1786043712.985707491,/novatel/oem7/odom,/novatel/oem7/fix,/novatel/oem7/odom,39.663,-75.756,-1.800424823,0.001706674,-0.000978975,-0.001700429,0.000145867,-0.000978975,,,
1786043712996335243,1786043712.995666100,/novatel/oem7/odom,/novatel/oem7/fix,/novatel/oem7/odom,39.663,-75.756,-1.800424823,0.001706674,-0.000978975,-0.001700429,0.000145867,-0.000978975,,,
1786043713010640929,1786043713.009949163,/novatel/oem7/inspva,/novatel/oem7/inspva,/novatel/oem7/inspva,39.663,-75.756,-1.800395343,0.002271582,0.000865986,0.001541968,-0.001668059,0.000865986,,novatel_oem7_msgs.msg.InertialSolutionStatus(status=3),
1786043713012136420,1786043713.010029485,/novatel/oem7/fix,/novatel/oem7/fix,/novatel/oem7/inspva,39.663,-75.756,-1.800395343,0.002271582,0.000865986,0.001541968,-0.001668059,0.000865986,,0,
1786043713013194478,1786043713.011397923,/novatel/oem7/odom,/novatel/oem7/fix,/novatel/oem7/odom,39.663,-75.756,-1.800395343,0.002272362,0.000863937,-0.001593169,0.001620321,0.000863937,,,
1786043713016320305,1786043713.015541261,/novatel/oem7/odom,/novatel/oem7/fix,/novatel/oem7/odom,39.663,-75.756,-1.800395343,0.002272362,0.000863937,-0.001593169,0.001620321,0.000863937,,,
1786043713025210770,1786043713.024541697,/novatel/oem7/bestpos,/novatel/oem7/bestpos,/novatel/oem7/odom,39.663,-75.756,33.181804688,0.002272362,0.000863937,-0.001593169,0.001620321,0.000863937,,novatel_oem7_msgs.msg.SolutionStatus(status=0),novatel_oem7_msgs.msg.PositionOrVelocityType(type=53)
1786043713026755313,1786043713.025821966,/novatel/oem7/bestvel,/novatel/oem7/bestpos,/novatel/oem7/bestvel,39.663,-75.756,33.181804688,0.002287962,-0.000178760,,,,349.069472660,novatel_oem7_msgs.msg.SolutionStatus(status=0),novatel_oem7_msgs.msg.PositionOrVelocityType(type=53)
1786043713028395282,1786043713.027094036,/novatel/oem7/inspva,/novatel/oem7/inspva,/novatel/oem7/inspva,39.663,-75.756,-1.800376808,0.002323281,-0.000421082,0.001606359,-0.001678465,-0.000421082,,novatel_oem7_msgs.msg.InertialSolutionStatus(status=3),
1786043713029232413,1786043713.027232797,/novatel/oem7/fix,/novatel/oem7/fix,/novatel/oem7/inspva,39.663,-75.756,-1.800376808,0.002323281,-0.000421082,0.001606359,-0.001678465,-0.000421082,,0,
1786043713030240750,1786043713.027642988,/novatel/oem7/odom,/novatel/oem7/fix,/novatel/oem7/odom,39.663,-75.756,-1.800376808,0.002322940,-0.000422959,-0.001595125,0.001688677,-0.000422959,,,
1786043713035174686,1786043713.034430419,/novatel/oem7/odom,/novatel/oem7/fix,/novatel/oem7/odom,39.663,-75.756,-1.800376808,0.002322940,-0.000422959,-0.001595125,0.001688677,-0.000422959,,,
1786043713046656607,1786043713.045997779,/novatel/oem7/inspva,/novatel/oem7/inspva,/novatel/oem7/inspva,39.663,-75.756,-1.800385190,0.001522004,-0.002159979,0.000720734,-0.001340537,-0.002159979,,novatel_oem7_msgs.msg.InertialSolutionStatus(status=3),
1786043713048047774,1786043713.046068984,/novatel/oem7/fix,/novatel/oem7/fix,/novatel/oem7/inspva,39.663,-75.756,-1.800385190,0.001522004,-0.002159979,0.000720734,-0.001340537,-0.002159979,,0,
1786043713049085851,1786043713.046736504,/novatel/oem7/odom,/novatel/oem7/fix,/novatel/oem7/odom,39.663,-75.756,-1.800385190,0.001517637,-0.002163049,-0.001294474,0.000792186,-0.002163049,,,
1786043713056931342,1786043713.056210439,/novatel/oem7/odom,/novatel/oem7/fix,/novatel/oem7/odom,39.663,-75.756,-1.800385190,0.001517637,-0.002163049,-0.001294474,0.000792186,-0.002163049,,,
1786043713066054563,1786043713.065338229,/novatel/oem7/inspva,/novatel/oem7/inspva,/novatel/oem7/inspva,39.663,-75.756,-1.800382155,0.001239976,-0.001289685,0.000371412,-0.001183044,-0.001289685,,novatel_oem7_msgs.msg.InertialSolutionStatus(status=3),
1786043713067352936,1786043713.065497471,/novatel/oem7/fix,/novatel/oem7/fix,/novatel/oem7/inspva,39.663,-75.756,-1.800382155,0.001239976,-0.001289685,0.000371412,-0.001183044,-0.001289685,,0,
1786043713068368096,1786043713.065838017,/novatel/oem7/odom,/novatel/oem7/fix,/novatel/oem7/odom,39.663,-75.756,-1.800382155,0.001236316,-0.001293194,-0.001157972,0.000433103,-0.001293194,,,
1786043713075457523,1786043713.074707029,/novatel/oem7/odom,/novatel/oem7/fix,/novatel/oem7/odom,39.663,-75.756,-1.800382155,0.001236316,-0.001293194,-0.001157972,0.000433103,-0.001293194,,,
1786043713087463632,1786043713.086783992,/novatel/oem7/inspva,/novatel/oem7/inspva,/novatel/oem7/inspva,39.663,-75.756,-1.800364058,0.001633809,0.001574108,0.001214679,-0.001092650,0.001574108,,novatel_oem7_msgs.msg.InertialSolutionStatus(status=3),
1786043713088818193,1786043713.086925294,/novatel/oem7/fix,/novatel/oem7/fix,/novatel/oem7/inspva,39.663,-75.756,-1.800364058,0.001633809,0.001574108,0.001214679,-0.001092650,0.001574108,,0,
1786043713089855880,1786043713.087317098,/novatel/oem7/odom,/novatel/oem7/fix,/novatel/oem7/odom,39.663,-75.756,-1.800364058,0.001634520,0.001573369,-0.001037551,0.001262989,0.001573369,,,
1786043713095924076,1786043713.095164423,/novatel/oem7/odom,/novatel/oem7/fix,/novatel/oem7/odom,39.663,-75.756,-1.800364058,0.001634520,0.001573369,-0.001037551,0.001262989,0.001573369,,,
1786043713106749088,1786043713.106058637,/novatel/oem7/inspva,/novatel/oem7/inspva,/novatel/oem7/inspva,39.663,-75.756,-1.800381420,0.001910168,0.000638762,0.001479569,-0.001208147,0.000638762,,novatel_oem7_msgs.msg.InertialSolutionStatus(status=3),
1786043713108148305,1786043713.106202136,/novatel/oem7/fix,/novatel/oem7/fix,/novatel/oem7/inspva,39.663,-75.756,-1.800381420,0.001910168,0.000638762,0.001479569,-0.001208147,0.000638762,,0,
1786043713109189138,1786043713.106609553,/novatel/oem7/odom,/novatel/oem7/fix,/novatel/oem7/odom,39.663,-75.756,-1.800381420,0.001910306,0.000638350,-0.001135996,0.001535833,0.000638350,,,
1786043713110826675,1786043713.109660073,/novatel/oem7/bestpos,/novatel/oem7/bestpos,/novatel/oem7/odom,39.663,-75.756,33.181796509,0.001910306,0.000638350,-0.001135996,0.001535833,0.000638350,,novatel_oem7_msgs.msg.SolutionStatus(status=0),novatel_oem7_msgs.msg.PositionOrVelocityType(type=53)
1786043713112201988,1786043713.110501168,/novatel/oem7/bestvel,/novatel/oem7/bestpos,/novatel/oem7/bestvel,39.663,-75.756,33.181796509,0.001938427,-0.000409196,,,,10.227868038,novatel_oem7_msgs.msg.SolutionStatus(status=0),novatel_oem7_msgs.msg.PositionOrVelocityType(type=53)
1786043713116497108,1786043713.115714880,/novatel/oem7/odom,/novatel/oem7/bestpos,/novatel/oem7/odom,39.663,-75.756,33.181796509,0.001910306,0.000638350,-0.001135996,0.001535833,0.000638350,,,
1786043713126116590,1786043713.125416740,/novatel/oem7/inspva,/novatel/oem7/inspva,/novatel/oem7/inspva,39.663,-75.756,-1.800415985,0.002557240,-0.002989614,0.001880770,-0.001732680,-0.002989614,,novatel_oem7_msgs.msg.InertialSolutionStatus(status=3),
1786043713127533097,1786043713.125590115,/novatel/oem7/fix,/novatel/oem7/fix,/novatel/oem7/inspva,39.663,-75.756,-1.800415985,0.002557240,-0.002989614,0.001880770,-0.001732680,-0.002989614,,0,
1786043713128570775,1786043713.126232448,/novatel/oem7/odom,/novatel/oem7/fix,/novatel/oem7/odom,39.663,-75.756,-1.800415985,0.002555829,-0.002990820,-0.001625342,0.001972441,-0.002990820,,,
1786043713135963895,1786043713.135212261,/novatel/oem7/odom,/novatel/oem7/fix,/novatel/oem7/odom,39.663,-75.756,-1.800415985,0.002555829,-0.002990820,-0.001625342,0.001972441,-0.002990820,,,
1786043713146878133,1786043713.146197443,/novatel/oem7/inspva,/novatel/oem7/inspva,/novatel/oem7/inspva,39.663,-75.756,-1.800418229,0.002256337,-0.001760615,0.001178113,-0.001924346,-0.001760615,,novatel_oem7_msgs.msg.InertialSolutionStatus(status=3),
1786043713148260230,1786043713.146368055,/novatel/oem7/fix,/novatel/oem7/fix,/novatel/oem7/inspva,39.663,-75.756,-1.800418229,0.002256337,-0.001760615,0.001178113,-0.001924346,-0.001760615,,0,
1786043713149295181,1786043713.146930344,/novatel/oem7/odom,/novatel/oem7/fix,/novatel/oem7/odom,39.663,-75.756,-1.800418229,0.002253195,-0.001764635,-0.001856518,0.001276804,-0.001764635,,,
1786043713156854409,1786043713.156095385,/novatel/oem7/odom,/novatel/oem7/fix,/novatel/oem7/odom,39.663,-75.756,-1.800418229,0.002253195,-0.001764635,-0.001856518,0.001276804,-0.001764635,,,
1786043713165958526,1786043713.165336426,/novatel/oem7/inspva,/novatel/oem7/inspva,/novatel/oem7/inspva,39.663,-75.756,-1.800406130,0.001022008,0.000986786,0.000704919,0.000739993,0.000986786,,novatel_oem7_msgs.msg.InertialSolutionStatus(status=3),
1786043713168237162,1786043713.165521215,/novatel/oem7/fix,/novatel/oem7/fix,/novatel/oem7/inspva,39.663,-75.756,-1.800406130,0.001022008,0.000986786,0.000704919,0.000739993,0.000986786,,0,
1786043713169325910,1786043713.166237305,/novatel/oem7/odom,/novatel/oem7/fix,/novatel/oem7/odom,39.663,-75.756,-1.800406130,0.001017182,0.000991760,0.000769994,0.000664657,0.000991760,,,
1786043713176411827,1786043713.175623443,/novatel/oem7/odom,/novatel/oem7/fix,/novatel/oem7/odom,39.663,-75.756,-1.800406130,0.001017182,0.000991760,0.000769994,0.000664657,0.000991760,,,
1786043713185896225,1786043713.185245625,/novatel/oem7/inspva,/novatel/oem7/inspva,/novatel/oem7/inspva,39.663,-75.756,-1.800422477,0.001391717,0.000622640,0.000926525,-0.001038473,0.000622640,,novatel_oem7_msgs.msg.InertialSolutionStatus(status=3),
1786043713187364512,1786043713.185478077,/novatel/oem7/fix,/novatel/oem7/fix,/novatel/oem7/inspva,39.663,-75.756,-1.800422477,0.001391717,0.000622640,0.000926525,-0.001038473,0.000622640,,0,
1786043713188452576,1786043713.185874601,/novatel/oem7/odom,/novatel/oem7/fix,/novatel/oem7/odom,39.663,-75.756,-1.800422477,0.001392336,0.000621252,-0.000993867,0.000975105,0.000621252,,,
1786043713195243171,1786043713.194552851,/novatel/oem7/odom,/novatel/oem7/fix,/novatel/oem7/odom,39.663,-75.756,-1.800422477,0.001392336,0.000621252,-0.000993867,0.000975105,0.000621252,,,
1786043713206476372,1786043713.205856779,/novatel/oem7/inspva,/novatel/oem7/inspva,/novatel/oem7/inspva,39.663,-75.756,-1.800472515,0.003155296,-0.003357132,0.002098422,-0.002356378,-0.003357132,,novatel_oem7_msgs.msg.InertialSolutionStatus(status=3),
1786043713207906360,1786043713.206028441,/novatel/oem7/fix,/novatel/oem7/fix,/novatel/oem7/inspva,39.663,-75.756,-1.800472515,0.003155296,-0.003357132,0.002098422,-0.002356378,-0.003357132,,0,
1786043713208959044,1786043713.206630701,/novatel/oem7/odom,/novatel/oem7/fix,/novatel/oem7/odom,39.663,-75.756,-1.800472515,0.003152144,-0.003360091,-0.002236054,0.002221729,-0.003360091,,,
1786043713210888156,1786043713.210034035,/novatel/oem7/bestpos,/novatel/oem7/bestpos,/novatel/oem7/odom,39.663,-75.756,33.181730667,0.003152144,-0.003360091,-0.002236054,0.002221729,-0.003360091,,novatel_oem7_msgs.msg.SolutionStatus(status=0),novatel_oem7_msgs.msg.PositionOrVelocityType(type=53)
1786043713212298157,1786043713.210394015,/novatel/oem7/bestvel,/novatel/oem7/bestpos,/novatel/oem7/bestvel,39.663,-75.756,33.181730667,0.003819228,-0.002491758,,,,294.697480962,novatel_oem7_msgs.msg.SolutionStatus(status=0),novatel_oem7_msgs.msg.PositionOrVelocityType(type=53)
1786043713217032024,1786043713.216294343,/novatel/oem7/odom,/novatel/oem7/bestpos,/novatel/oem7/odom,39.663,-75.756,33.181730667,0.003152144,-0.003360091,-0.002236054,0.002221729,-0.003360091,,,
1786043713225607460,1786043713.224926723,/novatel/oem7/inspva,/novatel/oem7/inspva,/novatel/oem7/inspva,39.663,-75.756,-1.800481427,0.001559063,-0.002258637,0.001162445,-0.001038940,-0.002258637,,novatel_oem7_msgs.msg.InertialSolutionStatus(status=3),
1786043713226984339,1786043713.225080917,/novatel/oem7/fix,/novatel/oem7/fix,/novatel/oem7/inspva,39.663,-75.756,-1.800481427,0.001559063,-0.002258637,0.001162445,-0.001038940,-0.002258637,,0,
1786043713228075617,1786043713.225541072,/novatel/oem7/odom,/novatel/oem7/fix,/novatel/oem7/odom,39.663,-75.756,-1.800481427,0.001558201,-0.002259232,-0.000970990,0.001218675,-0.002259232,,,
1786043713236173871,1786043713.235456304,/novatel/oem7/odom,/novatel/oem7/fix,/novatel/oem7/odom,39.663,-75.756,-1.800481427,0.001558201,-0.002259232,-0.000970990,0.001218675,-0.002259232,,,
1786043713245874174,1786043713.245228165,/novatel/oem7/inspva,/novatel/oem7/inspva,/novatel/oem7/inspva,39.663,-75.756,-1.800474111,0.000253212,0.000447310,-0.000239704,-0.000081599,0.000447310,,novatel_oem7_msgs.msg.InertialSolutionStatus(status=3),
1786043713247281815,1786043713.245373142,/novatel/oem7/fix,/novatel/oem7/fix,/novatel/oem7/inspva,39.663,-75.756,-1.800474111,0.000253212,0.000447310,-0.000239704,-0.000081599,0.000447310,,0,
1786043713248566378,1786043713.246021026,/novatel/oem7/odom,/novatel/oem7/fix,/novatel/oem7/odom,39.663,-75.756,-1.800474111,0.000255027,0.000446278,-0.000095189,-0.000236596,0.000446278,,,
1786043713257115013,1786043713.256376165,/novatel/oem7/odom,/novatel/oem7/fix,/novatel/oem7/odom,39.663,-75.756,-1.800474111,0.000255027,0.000446278,-0.000095189,-0.000236596,0.000446278,,,
1786043713266763165,1786043713.266087035,/novatel/oem7/inspva,/novatel/oem7/inspva,/novatel/oem7/inspva,39.663,-75.756,-1.800488989,0.000355259,-0.000065391,0.000202008,-0.000292237,-0.000065391,,novatel_oem7_msgs.msg.InertialSolutionStatus(status=3),
1786043713268160329,1786043713.266239427,/novatel/oem7/fix,/novatel/oem7/fix,/novatel/oem7/inspva,39.663,-75.756,-1.800488989,0.000355259,-0.000065391,0.000202008,-0.000292237,-0.000065391,,0,
1786043713269254863,1786043713.266665311,/novatel/oem7/odom,/novatel/oem7/fix,/novatel/oem7/odom,39.663,-75.756,-1.800488989,0.000355159,-0.000065937,-0.000281609,0.000216412,-0.000065937,,,
1786043713275195796,1786043713.274475135,/novatel/oem7/odom,/novatel/oem7/fix,/novatel/oem7/odom,39.663,-75.756,-1.800488989,0.000355159,-0.000065937,-0.000281609,0.000216412,-0.000065937,,,
1786043713285793861,1786043713.285114134,/novatel/oem7/inspva,/novatel/oem7/inspva,/novatel/oem7/inspva,39.663,-75.756,-1.800519756,0.002567530,-0.001367907,0.002166313,-0.001378149,-0.001367907,,novatel_oem7_msgs.msg.InertialSolutionStatus(status=3),
1786043713287178012,1786043713.285268569,/novatel/oem7/fix,/novatel/oem7/fix,/novatel/oem7/inspva,39.663,-75.756,-1.800519756,0.002567530,-0.001367907,0.002166313,-0.001378149,-0.001367907,,0,
1786043713288258756,1786043713.285760298,/novatel/oem7/odom,/novatel/oem7/fix,/novatel/oem7/odom,39.663,-75.756,-1.800519756,0.002568029,-0.001366969,-0.001263594,0.002235644,-0.001366969,,,
1786043713296184794,1786043713.295468250,/novatel/oem7/odom,/novatel/oem7/fix,/novatel/oem7/odom,39.663,-75.756,-1.800519756,0.002568029,-0.001366969,-0.001263594,0.002235644,-0.001366969,,,
1786043713306829683,1786043713.306200847,/novatel/oem7/inspva,/novatel/oem7/inspva,/novatel/oem7/inspva,39.663,-75.756,-1.800541749,0.001941817,-0.002058762,0.001361829,-0.001384223,-0.002058762,,novatel_oem7_msgs.msg.InertialSolutionStatus(status=3),
1786043713308243874,1786043713.306340875,/novatel/oem7/fix,/novatel/oem7/fix,/novatel/oem7/inspva,39.663,-75.756,-1.800541749,0.001941817,-0.002058762,0.001361829,-0.001384223,-0.002058762,,0,
1786043713309287102,1786043713.306924504,/novatel/oem7/odom,/novatel/oem7/fix,/novatel/oem7/odom,39.663,-75.756,-1.800541749,0.001940335,-0.002060159,-0.001306697,0.001434378,-0.002060159,,,
1786043713310744346,1786043713.309261734,/novatel/oem7/bestpos,/novatel/oem7/bestpos,/novatel/oem7/odom,39.663,-75.756,33.181650650,0.001940335,-0.002060159,-0.001306697,0.001434378,-0.002060159,,novatel_oem7_msgs.msg.SolutionStatus(status=0),novatel_oem7_msgs.msg.PositionOrVelocityType(type=53)
1786043713311664985,1786043713.309908648,/novatel/oem7/bestvel,/novatel/oem7/bestpos,/novatel/oem7/bestvel,39.663,-75.756,33.181650650,0.001828569,-0.001964909,,,,310.929627330,novatel_oem7_msgs.msg.SolutionStatus(status=0),novatel_oem7_msgs.msg.PositionOrVelocityType(type=53)
1786043713316113762,1786043713.315414729,/novatel/oem7/odom,/novatel/oem7/bestpos,/novatel/oem7/odom,39.663,-75.756,33.181650650,0.001940335,-0.002060159,-0.001306697,0.001434378,-0.002060159,,,
1786043713327908850,1786043713.327204692,/novatel/oem7/inspva,/novatel/oem7/inspva,/novatel/oem7/inspva,39.663,-75.756,-1.800542019,0.000272188,-0.000424090,-0.000267852,0.000048390,-0.000424090,,novatel_oem7_msgs.msg.InertialSolutionStatus(status=3),
1786043713329226993,1786043713.327281288,/novatel/oem7/fix,/novatel/oem7/fix,/novatel/oem7/inspva,39.663,-75.756,-1.800542019,0.000272188,-0.000424090,-0.000267852,0.000048390,-0.000424090,,0,
1786043713330269690,1786043713.327662667,/novatel/oem7/odom,/novatel/oem7/fix,/novatel/oem7/odom,39.663,-75.756,-1.800542019,0.000271264,-0.000424682,0.000036774,-0.000268760,-0.000424682,,,
1786043713335710940,1786043713.334969187,/novatel/oem7/odom,/novatel/oem7/fix,/novatel/oem7/odom,39.663,-75.756,-1.800542019,0.000271264,-0.000424682,0.000036774,-0.000268760,-0.000424682,,,
1786043713345688797,1786043713.345011993,/novatel/oem7/inspva,/novatel/oem7/inspva,/novatel/oem7/inspva,39.663,-75.756,-1.800552292,0.000367304,-0.000434330,0.000189180,-0.000314839,-0.000434330,,novatel_oem7_msgs.msg.InertialSolutionStatus(status=3),
1786043713347022153,1786043713.345159441,/novatel/oem7/fix,/novatel/oem7/fix,/novatel/oem7/inspva,39.663,-75.756,-1.800552292,0.000367304,-0.000434330,0.000189180,-0.000314839,-0.000434330,,0,
1786043713348031833,1786043713.345530925,/novatel/oem7/odom,/novatel/oem7/fix,/novatel/oem7/odom,39.663,-75.756,-1.800552292,0.000366499,-0.000435009,-0.000303309,0.000205731,-0.000435009,,,
1786043713356313502,1786043713.355583242,/novatel/oem7/odom,/novatel/oem7/fix,/novatel/oem7/odom,39.663,-75.756,-1.800552292,0.000366499,-0.000435009,-0.000303309,0.000205731,-0.000435009,,,
1786043713365977548,1786043713.365274681,/novatel/oem7/inspva,/novatel/oem7/inspva,/novatel/oem7/inspva,39.663,-75.756,-1.800569985,0.002079742,-0.000423529,0.001936593,-0.000758244,-0.000423529,,novatel_oem7_msgs.msg.InertialSolutionStatus(status=3),
1786043713367354475,1786043713.365437893,/novatel/oem7/fix,/novatel/oem7/fix,/novatel/oem7/inspva,39.663,-75.756,-1.800569985,0.002079742,-0.000423529,0.001936593,-0.000758244,-0.000423529,,0,
1786043713368397582,1786043713.366143943,/novatel/oem7/odom,/novatel/oem7/fix,/novatel/oem7/odom,39.663,-75.756,-1.800569985,0.002080292,-0.000420819,-0.000659680,0.001972926,-0.000420819,,,
1786043713375587534,1786043713.374840640,/novatel/oem7/odom,/novatel/oem7/fix,/novatel/oem7/odom,39.663,-75.756,-1.800569985,0.002080292,-0.000420819,-0.000659680,0.001972926,-0.000420819,,,
1786043713386624403,1786043713.385932393,/novatel/oem7/inspva,/novatel/oem7/inspva,/novatel/oem7/inspva,39.663,-75.756,-1.800594967,0.002132905,-0.001052188,0.001944460,-0.000876561,-0.001052188,,novatel_oem7_msgs.msg.InertialSolutionStatus(status=3),
1786043713387971380,1786043713.386065581,/novatel/oem7/fix,/novatel/oem7/fix,/novatel/oem7/inspva,39.663,-75.756,-1.800594967,0.002132905,-0.001052188,0.001944460,-0.000876561,-0.001052188,,0,
1786043713389003040,1786043713.386405378,/novatel/oem7/odom,/novatel/oem7/fix,/novatel/oem7/odom,39.663,-75.756,-1.800594967,0.002134026,-0.001049913,-0.000774877,0.001988375,-0.001049913,,,
1786043713395411131,1786043713.394654223,/novatel/oem7/odom,/novatel/oem7/fix,/novatel/oem7/odom,39.663,-75.756,-1.800594967,0.002134026,-0.001049913,-0.000774877,0.001988375,-0.001049913,,,
1786043713407127827,1786043713.406348607,/novatel/oem7/inspva,/novatel/oem7/inspva,/novatel/oem7/inspva,39.663,-75.756,-1.800611609,0.000471570,-0.001748022,0.000095876,-0.000461721,-0.001748022,,novatel_oem7_msgs.msg.InertialSolutionStatus(status=3),
1786043713408534164,1786043713.406425499,/novatel/oem7/fix,/novatel/oem7/fix,/novatel/oem7/inspva,39.663,-75.756,-1.800611609,0.000471570,-0.001748022,0.000095876,-0.000461721,-0.001748022,,0,
1786043713409573669,1786043713.407198358,/novatel/oem7/odom,/novatel/oem7/fix,/novatel/oem7/odom,39.663,-75.756,-1.800611609,0.000465970,-0.001749523,-0.000449325,0.000123433,-0.001749523,,,
1786043713411183368,1786043713.410188380,/novatel/oem7/bestpos,/novatel/oem7/bestpos,/novatel/oem7/odom,39.663,-75.756,33.181587825,0.000465970,-0.001749523,-0.000449325,0.000123433,-0.001749523,,novatel_oem7_msgs.msg.SolutionStatus(status=0),novatel_oem7_msgs.msg.PositionOrVelocityType(type=53)
1786043713412120540,1786043713.410508249,/novatel/oem7/bestvel,/novatel/oem7/bestpos,/novatel/oem7/bestvel,39.663,-75.756,33.181587825,0.001999297,-0.000864245,,,,268.174347422,novatel_oem7_msgs.msg.SolutionStatus(status=0),novatel_oem7_msgs.msg.PositionOrVelocityType(type=53)
1786043713416223421,1786043713.415501458,/novatel/oem7/odom,/novatel/oem7/bestpos,/novatel/oem7/odom,39.663,-75.756,33.181587825,0.000465970,-0.001749523,-0.000449325,0.000123433,-0.001749523,,,
1786043713425961135,1786043713.425275611,/novatel/oem7/inspva,/novatel/oem7/inspva,/novatel/oem7/inspva,39.663,-75.756,-1.800615933,0.000564576,-0.000541532,0.000531562,-0.000190231,-0.000541532,,novatel_oem7_msgs.msg.InertialSolutionStatus(status=3),
1786043713427322098,1786043713.425430486,/novatel/oem7/fix,/novatel/oem7/fix,/novatel/oem7/inspva,39.663,-75.756,-1.800615933,0.000564576,-0.000541532,0.000531562,-0.000190231,-0.000541532,,0,
1786043713428349288,1786043713.425902847,/novatel/oem7/odom,/novatel/oem7/fix,/novatel/oem7/odom,39.663,-75.756,-1.800615933,0.000565367,-0.000540705,-0.000161472,0.000541818,-0.000540705,,,
1786043713435237130,1786043713.434508493,/novatel/oem7/odom,/novatel/oem7/fix,/novatel/oem7/odom,39.663,-75.756,-1.800615933,0.000565367,-0.000540705,-0.000161472,0.000541818,-0.000540705,,,
1786043713447409661,1786043713.446746451,/novatel/oem7/inspva,/novatel/oem7/inspva,/novatel/oem7/inspva,39.663,-75.756,-1.800632822,0.001044054,-0.000330543,0.000994250,-0.000318614,-0.000330543,,novatel_oem7_msgs.msg.InertialSolutionStatus(status=3),
1786043713448777441,1786043713.446883183,/novatel/oem7/fix,/novatel/oem7/fix,/novatel/oem7/inspva,39.663,-75.756,-1.800632822,0.001044054,-0.000330543,0.000994250,-0.000318614,-0.000330543,,0,
1786043713449791638,1786043713.447619477,/novatel/oem7/odom,/novatel/oem7/fix,/novatel/oem7/odom,39.663,-75.756,-1.800632822,0.001044585,-0.000328862,-0.000267615,0.001009723,-0.000328862,,,
1786043713457067924,1786043713.456316470,/novatel/oem7/odom,/novatel/oem7/fix,/novatel/oem7/odom,39.663,-75.756,-1.800632822,0.001044585,-0.000328862,-0.000267615,0.001009723,-0.000328862,,,
1786043713465937609,1786043713.465252888,/novatel/oem7/inspva,/novatel/oem7/inspva,/novatel/oem7/inspva,39.663,-75.756,-1.800656337,0.001581565,-0.000969707,0.001581276,-0.000030238,-0.000969707,,novatel_oem7_msgs.msg.InertialSolutionStatus(status=3),
1786043713467288989,1786043713.465448890,/novatel/oem7/fix,/novatel/oem7/fix,/novatel/oem7/inspva,39.663,-75.756,-1.800656337,0.001581565,-0.000969707,0.001581276,-0.000030238,-0.000969707,,0,
1786043713468313419,1786043713.465820921,/novatel/oem7/odom,/novatel/oem7/fix,/novatel/oem7/odom,39.663,-75.756,-1.800656337,0.001584348,-0.000965154,0.000052073,0.001583492,-0.000965154,,,
1786043713476314888,1786043713.475619855,/novatel/oem7/odom,/novatel/oem7/fix,/novatel/oem7/odom,39.663,-75.756,-1.800656337,0.001584348,-0.000965154,0.000052073,0.001583492,-0.000965154,,,
1786043713486614377,1786043713.485554917,/novatel/oem7/inspva,/novatel/oem7/inspva,/novatel/oem7/inspva,39.663,-75.756,-1.800677858,0.000470267,-0.001877094,0.000171205,-0.000437995,-0.001877094,,novatel_oem7_msgs.msg.InertialSolutionStatus(status=3),
1786043713487197554,1786043713.485792756,/novatel/oem7/fix,/novatel/oem7/fix,/novatel/oem7/inspva,39.663,-75.756,-1.800677858,0.000470267,-0.001877094,0.000171205,-0.000437995,-0.001877094,,0,
1786043713487672398,1786043713.486648418,/novatel/oem7/odom,/novatel/oem7/fix,/novatel/oem7/odom,39.663,-75.756,-1.800677858,0.001584340,-0.000965167,0.000052069,0.001583484,-0.000965167,,,
1786043713495694341,1786043713.495062072,/novatel/oem7/odom,/novatel/oem7/fix,/novatel/oem7/odom,39.663,-75.756,-1.800677858,0.000465529,-0.001878274,-0.000421394,0.000197850,-0.001878274,,,
1786043713506585509,1786043713.506080974,/novatel/oem7/inspva,/novatel/oem7/inspva,/novatel/oem7/inspva,39.663,-75.756,-1.800683281,0.000940787,-0.001174725,0.000437728,-0.000832751,-0.001174725,,novatel_oem7_msgs.msg.InertialSolutionStatus(status=3),
1786043713507890899,1786043713.506224646,/novatel/oem7/fix,/novatel/oem7/fix,/novatel/oem7/inspva,39.663,-75.756,-1.800683281,0.000940787,-0.001174725,0.000437728,-0.000832751,-0.001174725,,0,
1786043713508901392,1786043713.506716831,/novatel/oem7/odom,/novatel/oem7/fix,/novatel/oem7/odom,39.663,-75.756,-1.800683281,0.000938355,-0.001176669,-0.000805293,0.000481678,-0.001176669,,,
1786043713512071608,1786043713.511529705,/novatel/oem7/bestpos,/novatel/oem7/bestpos,/novatel/oem7/odom,39.663,-75.756,33.181529702,0.000938355,-0.001176669,-0.000805293,0.000481678,-0.001176669,,novatel_oem7_msgs.msg.SolutionStatus(status=0),novatel_oem7_msgs.msg.PositionOrVelocityType(type=53)
1786043713513414347,1786043713.512539815,/novatel/oem7/bestvel,/novatel/oem7/bestpos,/novatel/oem7/bestvel,39.663,-75.756,33.181529702,0.002306133,-0.000138336,,,,268.985550152,novatel_oem7_msgs.msg.SolutionStatus(status=0),novatel_oem7_msgs.msg.PositionOrVelocityType(type=53)
1786043713516991273,1786043713.515463781,/novatel/oem7/odom,/novatel/oem7/bestpos,/novatel/oem7/odom,39.663,-75.756,33.181529702,0.000938355,-0.001176669,-0.000805293,0.000481678,-0.001176669,,,
1786043713525975726,1786043713.525238619,/novatel/oem7/inspva,/novatel/oem7/inspva,/novatel/oem7/inspva,39.663,-75.756,-1.800689204,0.000857743,0.000366598,0.000656633,0.000551866,0.000366598,,novatel_oem7_msgs.msg.InertialSolutionStatus(status=3),
1786043713527582842,1786043713.525403980,/novatel/oem7/fix,/novatel/oem7/fix,/novatel/oem7/inspva,39.663,-75.756,-1.800689204,0.000857743,0.000366598,0.000656633,0.000551866,0.000366598,,0,
1786043713528712216,1786043713.526003889,/novatel/oem7/odom,/novatel/oem7/fix,/novatel/oem7/odom,39.663,-75.756,-1.800689204,0.000855986,0.000370683,0.000582241,0.000627461,0.000370683,,,
1786043713536116060,1786043713.535399800,/novatel/oem7/odom,/novatel/oem7/fix,/novatel/oem7/odom,39.663,-75.756,-1.800689204,0.000855986,0.000370683,0.000582241,0.000627461,0.000370683,,,
1786043713545790139,1786043713.545236171,/novatel/oem7/inspva,/novatel/oem7/inspva,/novatel/oem7/inspva,39.663,-75.756,-1.800709260,0.001153599,-0.000555413,0.001143948,-0.000148911,-0.000555413,,novatel_oem7_msgs.msg.InertialSolutionStatus(status=3),
1786043713547170610,1786043713.545398052,/novatel/oem7/fix,/novatel/oem7/fix,/novatel/oem7/inspva,39.663,-75.756,-1.800709260,0.001153599,-0.000555413,0.001143948,-0.000148911,-0.000555413,,0,
1786043713548299588,1786043713.545886004,/novatel/oem7/odom,/novatel/oem7/fix,/novatel/oem7/odom,39.663,-75.756,-1.800709260,0.001154928,-0.000552645,-0.000089780,0.001151433,-0.000552645,,,
1786043713556476175,1786043713.555725418,/novatel/oem7/odom,/novatel/oem7/fix,/novatel/oem7/odom,39.663,-75.756,-1.800709260,0.001154928,-0.000552645,-0.000089780,0.001151433,-0.000552645,,,
1786043713567154348,1786043713.566566626,/novatel/oem7/inspva,/novatel/oem7/inspva,/novatel/oem7/inspva,39.663,-75.756,-1.800735448,0.001143281,-0.002091850,0.000677069,-0.000921232,-0.002091850,,novatel_oem7_msgs.msg.InertialSolutionStatus(status=3),
1786043713568530599,1786043713.566775575,/novatel/oem7/fix,/novatel/oem7/fix,/novatel/oem7/inspva,39.663,-75.756,-1.800735448,0.001143281,-0.002091850,0.000677069,-0.000921232,-0.002091850,,0,
1786043713569558486,1786043713.567108575,/novatel/oem7/odom,/novatel/oem7/fix,/novatel/oem7/odom,39.663,-75.756,-1.800735448,0.001140412,-0.002093415,-0.000878119,0.000727631,-0.002093415,,,
1786043713575678466,1786043713.575019687,/novatel/oem7/odom,/novatel/oem7/fix,/novatel/oem7/odom,39.663,-75.756,-1.800735448,0.001140412,-0.002093415,-0.000878119,0.000727631,-0.002093415,,,
1786043713585513671,1786043713.584949955,/novatel/oem7/inspva,/novatel/oem7/inspva,/novatel/oem7/inspva,39.663,-75.756,-1.800742142,0.000246865,-0.001632262,0.000246160,-0.000018649,-0.001632262,,novatel_oem7_msgs.msg.InertialSolutionStatus(status=3),
1786043713586806357,1786043713.585095800,/novatel/oem7/fix,/novatel/oem7/fix,/novatel/oem7/inspva,39.663,-75.756,-1.800742142,0.000246865,-0.001632262,0.000246160,-0.000018649,-0.001632262,,0,
1786043713587836951,1786043713.585497688,/novatel/oem7/odom,/novatel/oem7/fix,/novatel/oem7/odom,39.663,-75.756,-1.800742142,0.000251260,-0.001631591,0.000000144,0.000251260,-0.001631591,,,
1786043713596069156,1786043713.595413933,/novatel/oem7/odom,/novatel/oem7/fix,/novatel/oem7/odom,39.663,-75.756,-1.800742142,0.000251260,-0.001631591,0.000000144,0.000251260,-0.001631591,,,
1786043713607195030,1786043713.606663821,/novatel/oem7/inspva,/novatel/oem7/inspva,/novatel/oem7/inspva,39.663,-75.756,-1.800742516,0.000317557,0.000262016,0.000290133,0.000129093,0.000262016,,novatel_oem7_msgs.msg.InertialSolutionStatus(status=3),
1786043713608536340,1786043713.606822180,/novatel/oem7/fix,/novatel/oem7/fix,/novatel/oem7/inspva,39.663,-75.756,-1.800742516,0.000317557,0.000262016,0.000290133,0.000129093,0.000262016,,0,
1786043713609627608,1786043713.607640114,/novatel/oem7/odom,/novatel/oem7/fix,/novatel/oem7/odom,39.663,-75.756,-1.800742516,0.000316426,0.000263381,0.000142244,0.000282651,0.000263381,,,
1786043713611099845,1786043713.609982471,/novatel/oem7/bestpos,/novatel/oem7/bestpos,/novatel/oem7/odom,39.663,-75.756,33.181443042,0.000316426,0.000263381,0.000142244,0.000282651,0.000263381,,novatel_oem7_msgs.msg.SolutionStatus(status=0),novatel_oem7_msgs.msg.PositionOrVelocityType(type=53)
1786043713612002877,1786043713.610442336,/novatel/oem7/bestvel,/novatel/oem7/bestpos,/novatel/oem7/bestvel,39.663,-75.756,33.181443042,0.001333450,-0.000523738,,,,31.941228946,novatel_oem7_msgs.msg.SolutionStatus(status=0),novatel_oem7_msgs.msg.PositionOrVelocityType(type=53)
1786043713616258570,1786043713.615586393,/novatel/oem7/odom,/novatel/oem7/bestpos,/novatel/oem7/odom,39.663,-75.756,33.181443042,0.000316426,0.000263381,0.000142244,0.000282651,0.000263381,,,
1786043713625914370,1786043713.625166342,/novatel/oem7/inspva,/novatel/oem7/inspva,/novatel/oem7/inspva,39.663,-75.756,-1.800766675,0.001006163,-0.000202946,0.000997129,-0.000134528,-0.000202946,,novatel_oem7_msgs.msg.InertialSolutionStatus(status=3),
1786043713627338994,1786043713.625331414,/novatel/oem7/fix,/novatel/oem7/fix,/novatel/oem7/inspva,39.663,-75.756,-1.800766675,0.001006163,-0.000202946,0.000997129,-0.000134528,-0.000202946,,0,
1786043713628486888,1786043713.625743378,/novatel/oem7/odom,/novatel/oem7/fix,/novatel/oem7/odom,39.663,-75.756,-1.800766675,0.001006649,-0.000200522,-0.000084132,0.001003127,-0.000200522,,,
1786043713635641162,1786043713.634878229,/novatel/oem7/odom,/novatel/oem7/fix,/novatel/oem7/odom,39.663,-75.756,-1.800766675,0.001006649,-0.000200522,-0.000084132,0.001003127,-0.000200522,,,
1786043713645938582,1786043713.645321782,/novatel/oem7/inspva,/novatel/oem7/inspva,/novatel/oem7/inspva,39.663,-75.756,-1.800802021,0.001473885,-0.002441425,0.001265516,-0.000755518,-0.002441425,,novatel_oem7_msgs.msg.InertialSolutionStatus(status=3),
1786043713647396936,1786043713.645485014,/novatel/oem7/fix,/novatel/oem7/fix,/novatel/oem7/inspva,39.663,-75.756,-1.800802021,0.001473885,-0.002441425,0.001265516,-0.000755518,-0.002441425,,0,
1786043713648514637,1786043713.646056443,/novatel/oem7/odom,/novatel/oem7/fix,/novatel/oem7/odom,39.663,-75.756,-1.800802021,0.001475201,-0.002440630,-0.000682010,0.001308083,-0.002440630,,,
1786043713657216964,1786043713.656490487,/novatel/oem7/odom,/novatel/oem7/fix,/novatel/oem7/odom,39.663,-75.756,-1.800802021,0.001475201,-0.002440630,-0.000682010,0.001308083,-0.002440630,,,
1786043713666592290,1786043713.666026375,/novatel/oem7/inspva,/novatel/oem7/inspva,/novatel/oem7/inspva,39.663,-75.756,-1.800814094,0.001212347,-0.001945183,0.000973826,-0.000722113,-0.001945183,,novatel_oem7_msgs.msg.InertialSolutionStatus(status=3),
1786043713668133742,1786043713.666177053,/novatel/oem7/fix,/novatel/oem7/fix,/novatel/oem7/inspva,39.663,-75.756,-1.800814094,0.001212347,-0.001945183,0.000973826,-0.000722113,-0.001945183,,0,
1786043713669277194,1786043713.666615107,/novatel/oem7/odom,/novatel/oem7/fix,/novatel/oem7/odom,39.663,-75.756,-1.800814094,0.001212457,-0.001945114,-0.000665112,0.001013745,-0.001945114,,,
1786043713675289100,1786043713.674579630,/novatel/oem7/odom,/novatel/oem7/fix,/novatel/oem7/odom,39.663,-75.756,-1.800814094,0.001212457,-0.001945114,-0.000665112,0.001013745,-0.001945114,,,
1786043713685921366,1786043713.685267143,/novatel/oem7/inspva,/novatel/oem7/inspva,/novatel/oem7/inspva,39.663,-75.756,-1.800822978,0.001207819,-0.000613123,-0.000490440,0.001103764,-0.000613123,,novatel_oem7_msgs.msg.InertialSolutionStatus(status=3),
1786043713687383187,1786043713.685417441,/novatel/oem7/fix,/novatel/oem7/fix,/novatel/oem7/inspva,39.663,-75.756,-1.800822978,0.001207819,-0.000613123,-0.000490440,0.001103764,-0.000613123,,0,
1786043713688549069,1786043713.685798551,/novatel/oem7/odom,/novatel/oem7/fix,/novatel/oem7/odom,39.663,-75.756,-1.800822978,0.001209276,-0.000610245,0.001080584,-0.000542851,-0.000610245,,,
1786043713695980322,1786043713.695233349,/novatel/oem7/odom,/novatel/oem7/fix,/novatel/oem7/odom,39.663,-75.756,-1.800822978,0.001209276,-0.000610245,0.001080584,-0.000542851,-0.000610245,,,
1786043713706129170,1786043713.705603525,/novatel/oem7/inspva,/novatel/oem7/inspva,/novatel/oem7/inspva,39.663,-75.756,-1.800840933,0.000355912,-0.000003132,0.000186896,0.000302892,-0.000003132,,novatel_oem7_msgs.msg.InertialSolutionStatus(status=3),
1786043713707619605,1786043713.705741406,/novatel/oem7/fix,/novatel/oem7/fix,/novatel/oem7/inspva,39.663,-75.756,-1.800840933,0.000355912,-0.000003132,0.000186896,0.000302892,-0.000003132,,0,
1786043713708692829,1786043713.706200394,/novatel/oem7/odom,/novatel/oem7/fix,/novatel/oem7/odom,39.663,-75.756,-1.800840933,0.000355924,-0.000001388,0.000311791,0.000171663,-0.000001388,,,
1786043713710211188,1786043713.709148523,/novatel/oem7/bestpos,/novatel/oem7/bestpos,/novatel/oem7/odom,39.663,-75.756,33.181349254,0.000355924,-0.000001388,0.000311791,0.000171663,-0.000001388,,novatel_oem7_msgs.msg.SolutionStatus(status=0),novatel_oem7_msgs.msg.PositionOrVelocityType(type=53)
1786043713711167147,1786043713.709632725,/novatel/oem7/bestvel,/novatel/oem7/bestpos,/novatel/oem7/bestvel,39.663,-75.756,33.181349254,0.001313510,-0.000695694,,,,21.331890131,novatel_oem7_msgs.msg.SolutionStatus(status=0),novatel_oem7_msgs.msg.PositionOrVelocityType(type=53)
1786043713715244784,1786043713.714513134,/novatel/oem7/odom,/novatel/oem7/bestpos,/novatel/oem7/odom,39.663,-75.756,33.181349254,0.000355924,-0.000001388,0.000311791,0.000171663,-0.000001388,,,
1786043713727172766,1786043713.726500450,/novatel/oem7/inspva,/novatel/oem7/inspva,/novatel/oem7/inspva,39.663,-75.756,-1.800883394,0.001704159,-0.002463056,0.001169096,-0.001239908,-0.002463056,,novatel_oem7_msgs.msg.InertialSolutionStatus(status=3),
1786043713728632914,1786043713.726640764,/novatel/oem7/fix,/novatel/oem7/fix,/novatel/oem7/inspva,39.663,-75.756,-1.800883394,0.001704159,-0.002463056,0.001169096,-0.001239908,-0.002463056,,0,
1786043713729775798,1786043713.727066245,/novatel/oem7/odom,/novatel/oem7/fix,/novatel/oem7/odom,39.663,-75.756,-1.800883394,0.001702165,-0.002464435,-0.001170475,0.001235862,-0.002464435,,,
1786043713735813815,1786043713.735080855,/novatel/oem7/odom,/novatel/oem7/fix,/novatel/oem7/odom,39.663,-75.756,-1.800883394,0.001702165,-0.002464435,-0.001170475,0.001235862,-0.002464435,,,
1786043713745667036,1786043713.744962899,/novatel/oem7/inspva,/novatel/oem7/inspva,/novatel/oem7/inspva,39.663,-75.756,-1.800897424,0.001013174,-0.002452139,0.000832024,-0.000578150,-0.002452139,,novatel_oem7_msgs.msg.InertialSolutionStatus(status=3),
1786043713747464308,1786043713.745095161,/novatel/oem7/fix,/novatel/oem7/fix,/novatel/oem7/inspva,39.663,-75.756,-1.800897424,0.001013174,-0.002452139,0.000832024,-0.000578150,-0.002452139,,0,
1786043713748594782,1786043713.745554185,/novatel/oem7/odom,/novatel/oem7/fix,/novatel/oem7/odom,39.663,-75.756,-1.800897424,0.001013682,-0.002451929,-0.000526250,0.000866379,-0.002451929,,,
1786043713756519711,1786043713.755786891,/novatel/oem7/odom,/novatel/oem7/fix,/novatel/oem7/odom,39.663,-75.756,-1.800897424,0.001013682,-0.002451929,-0.000526250,0.000866379,-0.002451929,,,
1786043713765788290,1786043713.765154327,/novatel/oem7/inspva,/novatel/oem7/inspva,/novatel/oem7/inspva,39.663,-75.756,-1.800906215,0.000799942,-0.000724839,-0.000564712,0.000566575,-0.000724839,,novatel_oem7_msgs.msg.InertialSolutionStatus(status=3),
1786043713767254768,1786043713.765292348,/novatel/oem7/fix,/novatel/oem7/fix,/novatel/oem7/inspva,39.663,-75.756,-1.800906215,0.000799942,-0.000724839,-0.000564712,0.000566575,-0.000724839,,0,
1786043713768385292,1786043713.765914911,/novatel/oem7/odom,/novatel/oem7/fix,/novatel/oem7/odom,39.663,-75.756,-1.800906215,0.000800457,-0.000724270,0.000540833,-0.000590111,-0.000724270,,,
1786043713775461823,1786043713.774729689,/novatel/oem7/odom,/novatel/oem7/fix,/novatel/oem7/odom,39.663,-75.756,-1.800906215,0.000800457,-0.000724270,0.000540833,-0.000590111,-0.000724270,,,
1786043713786675114,1786043713.785985214,/novatel/oem7/inspva,/novatel/oem7/inspva,/novatel/oem7/inspva,39.663,-75.756,-1.800932397,0.001074350,-0.000711192,-0.000256468,0.001043289,-0.000711192,,novatel_oem7_msgs.msg.InertialSolutionStatus(status=3),
1786043713788067388,1786043713.786117789,/novatel/oem7/fix,/novatel/oem7/fix,/novatel/oem7/inspva,39.663,-75.756,-1.800932397,0.001074350,-0.000711192,-0.000256468,0.001043289,-0.000711192,,0,
1786043713789147096,1786043713.786595760,/novatel/oem7/odom,/novatel/oem7/fix,/novatel/oem7/odom,39.663,-75.756,-1.800932397,0.001076549,-0.000707860,0.001032168,-0.000305917,-0.000707860,,,
1786043713795033637,1786043713.794321130,/novatel/oem7/odom,/novatel/oem7/fix,/novatel/oem7/odom,39.663,-75.756,-1.800932397,0.001076549,-0.000707860,0.001032168,-0.000305917,-0.000707860,,,
1786043713807005006,1786043713.806358514,/novatel/oem7/inspva,/novatel/oem7/inspva,/novatel/oem7/inspva,39.663,-75.756,-1.800965889,0.001844645,-0.001393487,0.001711148,-0.000688976,-0.001393487,,novatel_oem7_msgs.msg.InertialSolutionStatus(status=3),
1786043713808515588,1786043713.806630556,/novatel/oem7/fix,/novatel/oem7/fix,/novatel/oem7/inspva,39.663,-75.756,-1.800965889,0.001844645,-0.001393487,0.001711148,-0.000688976,-0.001393487,,0,
1786043713809638326,1786043713.807048000,/novatel/oem7/odom,/novatel/oem7/fix,/novatel/oem7/odom,39.663,-75.756,-1.800965889,0.001846406,-0.001391154,-0.000597595,0.001747024,-0.001391154,,,
1786043713811197662,1786043713.810062440,/novatel/oem7/bestpos,/novatel/oem7/bestpos,/novatel/oem7/odom,39.663,-75.756,33.181231711,0.001846406,-0.001391154,-0.000597595,0.001747024,-0.001391154,,novatel_oem7_msgs.msg.SolutionStatus(status=0),novatel_oem7_msgs.msg.PositionOrVelocityType(type=53)
1786043713812692610,1786043713.810646966,/novatel/oem7/bestvel,/novatel/oem7/bestpos,/novatel/oem7/bestvel,39.663,-75.756,33.181231711,0.001709629,-0.001814644,,,,4.601513700,novatel_oem7_msgs.msg.SolutionStatus(status=0),novatel_oem7_msgs.msg.PositionOrVelocityType(type=53)
1786043713816008153,1786043713.815262992,/novatel/oem7/odom,/novatel/oem7/bestpos,/novatel/oem7/odom,39.663,-75.756,33.181231711,0.001846406,-0.001391154,-0.000597595,0.001747024,-0.001391154,,,
1786043713825647862,1786043713.824984055,/novatel/oem7/inspva,/novatel/oem7/inspva,/novatel/oem7/inspva,39.663,-75.756,-1.800999252,0.001277339,-0.002541920,0.001050930,-0.000726045,-0.002541920,,novatel_oem7_msgs.msg.InertialSolutionStatus(status=3),
1786043713827109520,1786043713.825225607,/novatel/oem7/fix,/novatel/oem7/fix,/novatel/oem7/inspva,39.663,-75.756,-1.800999252,0.001277339,-0.002541920,0.001050930,-0.000726045,-0.002541920,,0,
1786043713828178237,1786043713.825718159,/novatel/oem7/odom,/novatel/oem7/fix,/novatel/oem7/odom,39.663,-75.756,-1.800999252,0.001277871,-0.002541652,-0.000662758,0.001092569,-0.002541652,,,
1786043713835171613,1786043713.834457443,/novatel/oem7/odom,/novatel/oem7/fix,/novatel/oem7/odom,39.663,-75.756,-1.800999252,0.001277871,-0.002541652,-0.000662758,0.001092569,-0.002541652,,,
1786043713847165472,1786043713.846552486,/novatel/oem7/inspva,/novatel/oem7/inspva,/novatel/oem7/inspva,39.663,-75.756,-1.801014781,0.001067869,-0.001417532,-0.000507275,0.000939690,-0.001417532,,novatel_oem7_msgs.msg.InertialSolutionStatus(status=3),
1786043713848609114,1786043713.846744435,/novatel/oem7/fix,/novatel/oem7/fix,/novatel/oem7/inspva,39.663,-75.756,-1.801014781,0.001067869,-0.001417532,-0.000507275,0.000939690,-0.001417532,,0,
1786043713849668420,1786043713.847140115,/novatel/oem7/odom,/novatel/oem7/fix,/novatel/oem7/odom,39.663,-75.756,-1.801014781,0.001070777,-0.001415337,0.000919113,-0.000549359,-0.001415337,,,
1786043713857052478,1786043713.856384787,/novatel/oem7/odom,/novatel/oem7/fix,/novatel/oem7/odom,39.663,-75.756,-1.801014781,0.001070777,-0.001415337,0.000919113,-0.000549359,-0.001415337,,,
1786043713865515998,1786043713.864973206,/novatel/oem7/inspva,/novatel/oem7/inspva,/novatel/oem7/inspva,39.663,-75.756,-1.801039176,0.000700013,-0.000884166,-0.000242448,0.000656686,-0.000884166,,novatel_oem7_msgs.msg.InertialSolutionStatus(status=3),
1786043713866809671,1786043713.865148181,/novatel/oem7/fix,/novatel/oem7/fix,/novatel/oem7/inspva,39.663,-75.756,-1.801039176,0.000700013,-0.000884166,-0.000242448,0.000656686,-0.000884166,,0,
1786043713868047897,1786043713.865685616,/novatel/oem7/odom,/novatel/oem7/fix,/novatel/oem7/odom,39.663,-75.756,-1.801039176,0.000702377,-0.000882289,0.000647455,-0.000272278,-0.000882289,,,
1786043713876308352,1786043713.875663609,/novatel/oem7/odom,/novatel/oem7/fix,/novatel/oem7/odom,39.663,-75.756,-1.801039176,0.000702377,-0.000882289,0.000647455,-0.000272278,-0.000882289,,,
1786043713885880757,1786043713.885371719,/novatel/oem7/inspva,/novatel/oem7/inspva,/novatel/oem7/inspva,39.663,-75.756,-1.801072990,0.001298188,-0.001195047,0.001293561,0.000109508,-0.001195047,,novatel_oem7_msgs.msg.InertialSolutionStatus(status=3),
1786043713887190153,1786043713.885562164,/novatel/oem7/fix,/novatel/oem7/fix,/novatel/oem7/inspva,39.663,-75.756,-1.801072990,0.001298188,-0.001195047,0.001293561,0.000109508,-0.001195047,,0,
1786043713888273724,1786043713.886152880,/novatel/oem7/odom,/novatel/oem7/fix,/novatel/oem7/odom,39.663,-75.756,-1.801072990,0.001302092,-0.001190792,0.000178358,0.001289819,-0.001190792,,,
1786043713895719962,1786043713.895072886,/novatel/oem7/odom,/novatel/oem7/fix,/novatel/oem7/odom,39.663,-75.756,-1.801072990,0.001302092,-0.001190792,0.000178358,0.001289819,-0.001190792,,,
1786043713906770555,1786043713.906056371,/novatel/oem7/inspva,/novatel/oem7/inspva,/novatel/oem7/inspva,39.663,-75.756,-1.801103553,0.001346896,-0.001398063,0.001346876,-0.000007459,-0.001398063,,novatel_oem7_msgs.msg.InertialSolutionStatus(status=3),
1786043713908269980,1786043713.906233546,/novatel/oem7/fix,/novatel/oem7/fix,/novatel/oem7/inspva,39.663,-75.756,-1.801103553,0.001346896,-0.001398063,0.001346876,-0.000007459,-0.001398063,,0,
1786043713909417668,1786043713.906666247,/novatel/oem7/odom,/novatel/oem7/fix,/novatel/oem7/odom,39.663,-75.756,-1.801103553,0.001351008,-0.001394090,0.000065014,0.001349443,-0.001394090,,,
1786043713911030590,1786043713.909401041,/novatel/oem7/bestpos,/novatel/oem7/bestpos,/novatel/oem7/odom,39.663,-75.756,33.181094121,0.001351008,-0.001394090,0.000065014,0.001349443,-0.001394090,,novatel_oem7_msgs.msg.SolutionStatus(status=0),novatel_oem7_msgs.msg.PositionOrVelocityType(type=53)
1786043713912057964,1786043713.910147435,/novatel/oem7/bestvel,/novatel/oem7/bestpos,/novatel/oem7/bestvel,39.663,-75.756,33.181094121,0.002013263,-0.002057683,,,,18.509945868,novatel_oem7_msgs.msg.SolutionStatus(status=0),novatel_oem7_msgs.msg.PositionOrVelocityType(type=53)
1786043713915309883,1786043713.914579256,/novatel/oem7/odom,/novatel/oem7/bestpos,/novatel/oem7/odom,39.663,-75.756,33.181094121,0.001351008,-0.001394090,0.000065014,0.001349443,-0.001394090,,,
1786043713925960979,1786043713.925331323,/novatel/oem7/inspva,/novatel/oem7/inspva,/novatel/oem7/inspva,39.663,-75.756,-1.801132807,0.000572105,-0.002378181,-0.000558811,0.000122614,-0.002378181,,novatel_oem7_msgs.msg.InertialSolutionStatus(status=3),
1786043713927462711,1786043713.925497668,/novatel/oem7/fix,/novatel/oem7/fix,/novatel/oem7/inspva,39.663,-75.756,-1.801132807,0.000572105,-0.002378181,-0.000558811,0.000122614,-0.002378181,,0,
1786043713928551105,1786043713.926108837,/novatel/oem7/odom,/novatel/oem7/fix,/novatel/oem7/odom,39.663,-75.756,-1.801132807,0.000567346,-0.002379321,0.000104386,-0.000557660,-0.002379321,,,
1786043713935914125,1786043713.935210045,/novatel/oem7/odom,/novatel/oem7/fix,/novatel/oem7/odom,39.663,-75.756,-1.801132807,0.000567346,-0.002379321,0.000104386,-0.000557660,-0.002379321,,,
1786043713945677949,1786043713.945095093,/novatel/oem7/inspva,/novatel/oem7/inspva,/novatel/oem7/inspva,39.663,-75.756,-1.801151860,0.000904394,-0.001618527,-0.000247659,0.000869824,-0.001618527,,novatel_oem7_msgs.msg.InertialSolutionStatus(status=3),
1786043713947131283,1786043713.945244104,/novatel/oem7/fix,/novatel/oem7/fix,/novatel/oem7/inspva,39.663,-75.756,-1.801151860,0.000904394,-0.001618527,-0.000247659,0.000869824,-0.001618527,,0,
1786043713948230917,1786043713.945629328,/novatel/oem7/odom,/novatel/oem7/fix,/novatel/oem7/odom,39.663,-75.756,-1.801151860,0.000909208,-0.001615828,0.000863043,-0.000286035,-0.001615828,,,
1786043713956389348,1786043713.955684181,/novatel/oem7/odom,/novatel/oem7/fix,/novatel/oem7/odom,39.663,-75.756,-1.801151860,0.000909208,-0.001615828,0.000863043,-0.000286035,-0.001615828,,,
1786043713966968010,1786043713.966448991,/novatel/oem7/inspva,/novatel/oem7/inspva,/novatel/oem7/inspva,39.663,-75.756,-1.801173424,0.001086108,-0.000329238,0.001002897,0.000416929,-0.000329238,,novatel_oem7_msgs.msg.InertialSolutionStatus(status=3),
1786043713968384104,1786043713.966584080,/novatel/oem7/fix,/novatel/oem7/fix,/novatel/oem7/inspva,39.663,-75.756,-1.801173424,0.001086108,-0.000329238,0.001002897,0.000416929,-0.000329238,,0,
1786043713969453421,1786043713.966998011,/novatel/oem7/odom,/novatel/oem7/fix,/novatel/oem7/odom,39.663,-75.756,-1.801173424,0.001087493,-0.000324634,0.000467486,0.000981885,-0.000324634,,,
1786043713975836249,1786043713.975107634,/novatel/oem7/odom,/novatel/oem7/fix,/novatel/oem7/odom,39.663,-75.756,-1.801173424,0.001087493,-0.000324634,0.000467486,0.000981885,-0.000324634,,,
1786043713985596566,1786043713.984992040,/novatel/oem7/inspva,/novatel/oem7/inspva,/novatel/oem7/inspva,39.663,-75.756,-1.801209079,0.001279291,-0.001170656,0.001039938,0.000745060,-0.001170656,,novatel_oem7_msgs.msg.InertialSolutionStatus(status=3),
1786043713987055226,1786043713.985149411,/novatel/oem7/fix,/novatel/oem7/fix,/novatel/oem7/inspva,39.663,-75.756,-1.801209079,0.001279291,-0.001170656,0.001039938,0.000745060,-0.001170656,,0,
1786043713988211345,1786043713.985457157,/novatel/oem7/odom,/novatel/oem7/fix,/novatel/oem7/odom,39.663,-75.756,-1.801209079,0.001284780,-0.001164630,0.000800466,0.001004945,-0.001164630,,,
1786043713996162297,1786043713.995473910,/novatel/oem7/odom,/novatel/oem7/fix,/novatel/oem7/odom,39.663,-75.756,-1.801209079,0.001284780,-0.001164630,0.000800466,0.001004945,-0.001164630,,,
1786043714008868720,1786043714.008258094,/novatel/oem7/inspva,/novatel/oem7/inspva,/novatel/oem7/inspva,39.663,-75.756,-1.801250142,0.000719180,-0.002898116,0.000710188,-0.000113367,-0.002898116,,novatel_oem7_msgs.msg.InertialSolutionStatus(status=3),
1786043714010292054,1786043714.008402189,/novatel/oem7/fix,/novatel/oem7/fix,/novatel/oem7/inspva,39.663,-75.756,-1.801250142,0.000719180,-0.002898116,0.000710188,-0.000113367,-0.002898116,,0,
1786043714012412198,1786043714.011459033,/novatel/oem7/odom,/novatel/oem7/fix,/novatel/oem7/odom,39.663,-75.756,-1.801250142,0.000725874,-0.002896446,-0.000066225,0.000722847,-0.002896446,,,
1786043714016300711,1786043714.015571460,/novatel/oem7/odom,/novatel/oem7/fix,/novatel/oem7/odom,39.663,-75.756,-1.801250142,0.000725874,-0.002896446,-0.000066225,0.000722847,-0.002896446,,,
1786043714027676104,1786043714.027042554,/novatel/oem7/bestpos,/novatel/oem7/bestpos,/novatel/oem7/odom,39.663,-75.756,33.180964018,0.000725874,-0.002896446,-0.000066225,0.000722847,-0.002896446,,novatel_oem7_msgs.msg.SolutionStatus(status=0),novatel_oem7_msgs.msg.PositionOrVelocityType(type=53)
1786043714029245336,1786043714.027446438,/novatel/oem7/bestvel,/novatel/oem7/bestpos,/novatel/oem7/bestvel,39.663,-75.756,33.180964018,0.000228960,-0.002380678,,,,245.029081891,novatel_oem7_msgs.msg.SolutionStatus(status=0),novatel_oem7_msgs.msg.PositionOrVelocityType(type=53)
1786043714030182572,1786043714.027880296,/novatel/oem7/inspva,/novatel/oem7/inspva,/novatel/oem7/inspva,39.663,-75.756,-1.801275018,0.000318103,-0.002995114,0.000086682,0.000306065,-0.002995114,,novatel_oem7_msgs.msg.InertialSolutionStatus(status=3),
1786043714031020477,1786043714.028032231,/novatel/oem7/fix,/novatel/oem7/fix,/novatel/oem7/inspva,39.663,-75.756,-1.801275018,0.000318103,-0.002995114,0.000086682,0.000306065,-0.002995114,,0,
1786043714032065934,1786043714.028372987,/novatel/oem7/odom,/novatel/oem7/fix,/novatel/oem7/odom,39.663,-75.756,-1.801275018,0.000331839,-0.002993623,0.000322158,0.000079573,-0.002993623,,,
1786043714036368584,1786043714.035605079,/novatel/oem7/odom,/novatel/oem7/fix,/novatel/oem7/odom,39.663,-75.756,-1.801275018,0.000331839,-0.002993623,0.000322158,0.000079573,-0.002993623,,,
1786043714046130934,1786043714.045507378,/novatel/oem7/inspva,/novatel/oem7/inspva,/novatel/oem7/inspva,39.663,-75.756,-1.801270927,0.001376534,0.000121821,0.000675655,0.001199307,0.000121821,,novatel_oem7_msgs.msg.InertialSolutionStatus(status=3),
1786043714047651653,1786043714.045658366,/novatel/oem7/fix,/novatel/oem7/fix,/novatel/oem7/inspva,39.663,-75.756,-1.801270927,0.001376534,0.000121821,0.000675655,0.001199307,0.000121821,,0,
1786043714048778257,1786043714.046433197,/novatel/oem7/odom,/novatel/oem7/fix,/novatel/oem7/odom,39.663,-75.756,-1.801270927,0.001375922,0.000128549,0.001230820,0.000615015,0.000128549,,,
1786043714056923641,1786043714.056161564,/novatel/oem7/odom,/novatel/oem7/fix,/novatel/oem7/odom,39.663,-75.756,-1.801270927,0.001375922,0.000128549,0.001230820,0.000615015,0.000128549,,,
1786043714065686085,1786043714.065024922,/novatel/oem7/inspva,/novatel/oem7/inspva,/novatel/oem7/inspva,39.663,-75.756,-1.801287651,0.001410541,-0.000750630,0.001197659,0.000745143,-0.000750630,,novatel_oem7_msgs.msg.InertialSolutionStatus(status=3),
1786043714067153530,1786043714.065162767,/novatel/oem7/fix,/novatel/oem7/fix,/novatel/oem7/inspva,39.663,-75.756,-1.801287651,0.001410541,-0.000750630,0.001197659,0.000745143,-0.000750630,,0,
1786043714068499156,1786043714.065650882,/novatel/oem7/odom,/novatel/oem7/fix,/novatel/oem7/odom,39.663,-75.756,-1.801287651,0.001413973,-0.000744145,0.000806664,0.001161297,-0.000744145,,,
1786043714075382135,1786043714.074647287,/novatel/oem7/odom,/novatel/oem7/fix,/novatel/oem7/odom,39.663,-75.756,-1.801287651,0.001413973,-0.000744145,0.000806664,0.001161297,-0.000744145,,,
1786043714087462255,1786043714.086800235,/novatel/oem7/inspva,/novatel/oem7/inspva,/novatel/oem7/inspva,39.663,-75.756,-1.801317020,0.001887863,-0.003194924,0.001878879,-0.000183965,-0.003194924,,novatel_oem7_msgs.msg.InertialSolutionStatus(status=3),
1786043714088897349,1786043714.086941723,/novatel/oem7/fix,/novatel/oem7/fix,/novatel/oem7/inspva,39.663,-75.756,-1.801317020,0.001887863,-0.003194924,0.001878879,-0.000183965,-0.003194924,,0,
1786043714089969460,1786043714.087355577,/novatel/oem7/odom,/novatel/oem7/fix,/novatel/oem7/odom,39.663,-75.756,-1.801317020,0.001896048,-0.003190074,-0.000077666,0.001894457,-0.003190074,,,
1786043714095567059,1786043714.094829022,/novatel/oem7/odom,/novatel/oem7/fix,/novatel/oem7/odom,39.663,-75.756,-1.801317020,0.001896048,-0.003190074,-0.000077666,0.001894457,-0.003190074,,,
1786043714106387560,1786043714.105797447,/novatel/oem7/inspva,/novatel/oem7/inspva,/novatel/oem7/inspva,39.663,-75.756,-1.801312623,0.001300717,-0.003097134,0.001295880,0.000112071,-0.003097134,,novatel_oem7_msgs.msg.InertialSolutionStatus(status=3),
1786043714107824337,1786043714.105935185,/novatel/oem7/fix,/novatel/oem7/fix,/novatel/oem7/inspva,39.663,-75.756,-1.801312623,0.001300717,-0.003097134,0.001295880,0.000112071,-0.003097134,,0,
1786043714108895145,1786043714.106386414,/novatel/oem7/odom,/novatel/oem7/fix,/novatel/oem7/odom,39.663,-75.756,-1.801312623,0.001310855,-0.003092857,0.000188750,0.001297194,-0.003092857,,,
1786043714110431920,1786043714.109242678,/novatel/oem7/bestpos,/novatel/oem7/bestpos,/novatel/oem7/odom,39.663,-75.756,33.180877217,0.001310855,-0.003092857,0.000188750,0.001297194,-0.003092857,,novatel_oem7_msgs.msg.SolutionStatus(status=0),novatel_oem7_msgs.msg.PositionOrVelocityType(type=53)
1786043714111342262,1786043714.109649025,/novatel/oem7/bestvel,/novatel/oem7/bestpos,/novatel/oem7/bestvel,39.663,-75.756,33.180877217,0.000498671,-0.002632887,,,,67.973903914,novatel_oem7_msgs.msg.SolutionStatus(status=0),novatel_oem7_msgs.msg.PositionOrVelocityType(type=53)
1786043714116134347,1786043714.115408680,/novatel/oem7/odom,/novatel/oem7/bestpos,/novatel/oem7/odom,39.663,-75.756,33.180877217,0.001310855,-0.003092857,0.000188750,0.001297194,-0.003092857,,,
1786043714125931894,1786043714.125351468,/novatel/oem7/inspva,/novatel/oem7/inspva,/novatel/oem7/inspva,39.663,-75.756,-1.801298877,0.001233657,-0.000285697,0.000169698,0.001221929,-0.000285697,,novatel_oem7_msgs.msg.InertialSolutionStatus(status=3),
1786043714127354095,1786043714.125505010,/novatel/oem7/fix,/novatel/oem7/fix,/novatel/oem7/inspva,39.663,-75.756,-1.801298877,0.001233657,-0.000285697,0.000169698,0.001221929,-0.000285697,,0,
1786043714128436889,1786043714.126161153,/novatel/oem7/odom,/novatel/oem7/fix,/novatel/oem7/odom,39.663,-75.756,-1.801298877,0.001234875,-0.000280383,0.001229991,0.000109722,-0.000280383,,,
1786043714135560843,1786043714.134859006,/novatel/oem7/odom,/novatel/oem7/fix,/novatel/oem7/odom,39.663,-75.756,-1.801298877,0.001234875,-0.000280383,0.001229991,0.000109722,-0.000280383,,,
1786043714146802169,1786043714.146262903,/novatel/oem7/inspva,/novatel/oem7/inspva,/novatel/oem7/inspva,39.663,-75.756,-1.801305247,0.001530403,-0.000066804,0.000545541,0.001429866,-0.000066804,,novatel_oem7_msgs.msg.InertialSolutionStatus(status=3),
1786043714148180175,1786043714.146428798,/novatel/oem7/fix,/novatel/oem7/fix,/novatel/oem7/inspva,39.663,-75.756,-1.801305247,0.001530403,-0.000066804,0.000545541,0.001429866,-0.000066804,,0,
1786043714149296983,1786043714.146978407,/novatel/oem7/odom,/novatel/oem7/fix,/novatel/oem7/odom,39.663,-75.756,-1.801305247,0.001530701,-0.000059577,0.001455403,0.000474183,-0.000059577,,,
1786043714156768108,1786043714.156087004,/novatel/oem7/odom,/novatel/oem7/fix,/novatel/oem7/odom,39.663,-75.756,-1.801305247,0.001530701,-0.000059577,0.001455403,0.000474183,-0.000059577,,,
1786043714165811671,1786043714.165305903,/novatel/oem7/inspva,/novatel/oem7/inspva,/novatel/oem7/inspva,39.663,-75.756,-1.801330000,0.002162616,-0.002394550,0.002158182,0.000138414,-0.002394550,,novatel_oem7_msgs.msg.InertialSolutionStatus(status=3),
1786043714167174084,1786043714.165451240,/novatel/oem7/fix,/novatel/oem7/fix,/novatel/oem7/inspva,39.663,-75.756,-1.801330000,0.002162616,-0.002394550,0.002158182,0.000138414,-0.002394550,,0,
1786043714168481600,1786043714.166145614,/novatel/oem7/odom,/novatel/oem7/fix,/novatel/oem7/odom,39.663,-75.756,-1.801330000,0.002170250,-0.002387633,0.000254936,0.002155224,-0.002387633,,,
1786043714176272282,1786043714.175609341,/novatel/oem7/odom,/novatel/oem7/fix,/novatel/oem7/odom,39.663,-75.756,-1.801330000,0.002170250,-0.002387633,0.000254936,0.002155224,-0.002387633,,,
1786043714185977854,1786043714.185458103,/novatel/oem7/inspva,/novatel/oem7/inspva,/novatel/oem7/inspva,39.663,-75.756,-1.801321622,0.001826190,-0.002577425,0.001825500,0.000050190,-0.002577425,,novatel_oem7_msgs.msg.InertialSolutionStatus(status=3),
1786043714187369215,1786043714.185601175,/novatel/oem7/fix,/novatel/oem7/fix,/novatel/oem7/inspva,39.663,-75.756,-1.801321622,0.001826190,-0.002577425,0.001825500,0.000050190,-0.002577425,,0,
1786043714188517997,1786043714.186078375,/novatel/oem7/odom,/novatel/oem7/fix,/novatel/oem7/odom,39.663,-75.756,-1.801321622,0.001834054,-0.002571836,0.000151073,0.001827821,-0.002571836,,,
1786043714195450116,1786043714.194587690,/novatel/oem7/odom,/novatel/oem7/fix,/novatel/oem7/odom,39.663,-75.756,-1.801321622,0.001834054,-0.002571836,0.000151073,0.001827821,-0.002571836,,,
1786043714207227250,1786043714.206676640,/novatel/oem7/inspva,/novatel/oem7/inspva,/novatel/oem7/inspva,39.663,-75.756,-1.801315974,0.002217887,-0.001553556,0.000145664,0.002213099,-0.001553556,,novatel_oem7_msgs.msg.InertialSolutionStatus(status=3),
1786043714208545709,1786043714.206818849,/novatel/oem7/fix,/novatel/oem7/fix,/novatel/oem7/inspva,39.663,-75.756,-1.801315974,0.002217887,-0.001553556,0.000145664,0.002213099,-0.001553556,,0,
1786043714209571439,1786043714.207258716,/novatel/oem7/odom,/novatel/oem7/fix,/novatel/oem7/odom,39.663,-75.756,-1.801315974,0.002224216,-0.001544482,0.002223855,0.000040049,-0.001544482,,,
1786043714211059848,1786043714.210369371,/novatel/oem7/bestpos,/novatel/oem7/bestpos,/novatel/oem7/odom,39.663,-75.756,33.180882767,0.002224216,-0.001544482,0.002223855,0.000040049,-0.001544482,,novatel_oem7_msgs.msg.SolutionStatus(status=0),novatel_oem7_msgs.msg.PositionOrVelocityType(type=53)
1786043714212471978,1786043714.210883076,/novatel/oem7/bestvel,/novatel/oem7/bestpos,/novatel/oem7/bestvel,39.663,-75.756,33.180882767,0.000925644,-0.000856257,,,,84.413883867,novatel_oem7_msgs.msg.SolutionStatus(status=0),novatel_oem7_msgs.msg.PositionOrVelocityType(type=53)
1786043714215501788,1786043714.214839618,/novatel/oem7/odom,/novatel/oem7/bestpos,/novatel/oem7/odom,39.663,-75.756,33.180882767,0.002224216,-0.001544482,0.002223855,0.000040049,-0.001544482,,,
1786043714225668546,1786043714.225015753,/novatel/oem7/inspva,/novatel/oem7/inspva,/novatel/oem7/inspva,39.663,-75.756,-1.801313366,0.001609479,-0.000802737,0.000105257,0.001606034,-0.000802737,,novatel_oem7_msgs.msg.InertialSolutionStatus(status=3),
1786043714227402166,1786043714.225154051,/novatel/oem7/fix,/novatel/oem7/fix,/novatel/oem7/inspva,39.663,-75.756,-1.801313366,0.001609479,-0.000802737,0.000105257,0.001606034,-0.000802737,,0,
1786043714228557128,1786043714.225709770,/novatel/oem7/odom,/novatel/oem7/fix,/novatel/oem7/odom,39.663,-75.756,-1.801313366,0.001612771,-0.000796102,0.001612533,0.000027713,-0.000796102,,,
1786043714236143977,1786043714.235500941,/novatel/oem7/odom,/novatel/oem7/fix,/novatel/oem7/odom,39.663,-75.756,-1.801313366,0.001612771,-0.000796102,0.001612533,0.000027713,-0.000796102,,,
1786043714245901564,1786043714.245341159,/novatel/oem7/inspva,/novatel/oem7/inspva,/novatel/oem7/inspva,39.663,-75.756,-1.801329935,0.002913524,-0.001381805,0.002856445,0.000573884,-0.001381805,,novatel_oem7_msgs.msg.InertialSolutionStatus(status=3),
1786043714247191967,1786043714.245548157,/novatel/oem7/fix,/novatel/oem7/fix,/novatel/oem7/inspva,39.663,-75.756,-1.801329935,0.002913524,-0.001381805,0.002856445,0.000573884,-0.001381805,,0,
1786043714248221907,1786043714.246073829,/novatel/oem7/odom,/novatel/oem7/fix,/novatel/oem7/odom,39.663,-75.756,-1.801329935,0.002918567,-0.001371122,0.000720423,0.002828254,-0.001371122,,,
1786043714257269620,1786043714.256564043,/novatel/oem7/odom,/novatel/oem7/fix,/novatel/oem7/odom,39.663,-75.756,-1.801329935,0.002918567,-0.001371122,0.000720423,0.002828254,-0.001371122,,,
1786043714266581870,1786043714.266059631,/novatel/oem7/inspva,/novatel/oem7/inspva,/novatel/oem7/inspva,39.663,-75.756,-1.801329452,0.002150282,-0.001855177,0.002142172,0.000186574,-0.001855177,,novatel_oem7_msgs.msg.InertialSolutionStatus(status=3),
1786043714267937329,1786043714.266214492,/novatel/oem7/fix,/novatel/oem7/fix,/novatel/oem7/inspva,39.663,-75.756,-1.801329452,0.002150282,-0.001855177,0.002142172,0.000186574,-0.001855177,,0,
1786043714269035720,1786043714.266667877,/novatel/oem7/odom,/novatel/oem7/fix,/novatel/oem7/odom,39.663,-75.756,-1.801329452,0.002156341,-0.001848130,0.000300109,0.002135355,-0.001848130,,,
1786043714275110965,1786043714.274463811,/novatel/oem7/odom,/novatel/oem7/fix,/novatel/oem7/odom,39.663,-75.756,-1.801329452,0.002156341,-0.001848130,0.000300109,0.002135355,-0.001848130,,,
1786043714285771460,1786043714.285238965,/novatel/oem7/inspva,/novatel/oem7/inspva,/novatel/oem7/inspva,39.663,-75.756,-1.801335726,0.001866597,-0.002217743,0.001149344,0.001470780,-0.002217743,,novatel_oem7_msgs.msg.InertialSolutionStatus(status=3),
1786043714287140687,1786043714.285377867,/novatel/oem7/fix,/novatel/oem7/fix,/novatel/oem7/inspva,39.663,-75.756,-1.801335726,0.001866597,-0.002217743,0.001149344,0.001470780,-0.002217743,,0,
1786043714288459844,1786043714.285991369,/novatel/oem7/odom,/novatel/oem7/fix,/novatel/oem7/odom,39.663,-75.756,-1.801335726,0.001877405,-0.002208602,0.001534900,0.001081079,-0.002208602,,,
1786043714296155670,1786043714.295454917,/novatel/oem7/odom,/novatel/oem7/fix,/novatel/oem7/odom,39.663,-75.756,-1.801335726,0.001877405,-0.002208602,0.001534900,0.001081079,-0.002208602,,,
1786043714306389909,1786043714.305899274,/novatel/oem7/inspva,/novatel/oem7/inspva,/novatel/oem7/inspva,39.663,-75.756,-1.801331812,0.001922912,-0.001738009,0.000370361,0.001886908,-0.001738009,,novatel_oem7_msgs.msg.InertialSolutionStatus(status=3),
1786043714307800486,1786043714.306038505,/novatel/oem7/fix,/novatel/oem7/fix,/novatel/oem7/inspva,39.663,-75.756,-1.801331812,0.001922912,-0.001738009,0.000370361,0.001886908,-0.001738009,,0,
1786043714308912707,1786043714.306546523,/novatel/oem7/odom,/novatel/oem7/fix,/novatel/oem7/odom,39.663,-75.756,-1.801331812,0.001930573,-0.001729495,0.001909993,0.000281140,-0.001729495,,,
1786043714310449232,1786043714.309416979,/novatel/oem7/bestpos,/novatel/oem7/bestpos,/novatel/oem7/odom,39.663,-75.756,33.180856173,0.001930573,-0.001729495,0.001909993,0.000281140,-0.001729495,,novatel_oem7_msgs.msg.SolutionStatus(status=0),novatel_oem7_msgs.msg.PositionOrVelocityType(type=53)
1786043714311903174,1786043714.310002515,/novatel/oem7/bestvel,/novatel/oem7/bestpos,/novatel/oem7/bestvel,39.663,-75.756,33.180856173,0.001410845,-0.001495740,,,,71.979379265,novatel_oem7_msgs.msg.SolutionStatus(status=0),novatel_oem7_msgs.msg.PositionOrVelocityType(type=53)
1786043714315109028,1786043714.314440209,/novatel/oem7/odom,/novatel/oem7/bestpos,/novatel/oem7/odom,39.663,-75.756,33.180856173,0.001930573,-0.001729495,0.001909993,0.000281140,-0.001729495,,,
1786043714327460788,1786043714.326858695,/novatel/oem7/inspva,/novatel/oem7/inspva,/novatel/oem7/inspva,39.663,-75.756,-1.801327232,0.002530405,0.000027713,0.002325726,0.000996967,0.000027713,,novatel_oem7_msgs.msg.InertialSolutionStatus(status=3),
1786043714328870109,1786043714.327043404,/novatel/oem7/fix,/novatel/oem7/fix,/novatel/oem7/inspva,39.663,-75.756,-1.801327232,0.002530405,0.000027713,0.002325726,0.000996967,0.000027713,,0,
1786043714329939216,1786043714.327545402,/novatel/oem7/odom,/novatel/oem7/fix,/novatel/oem7/odom,39.663,-75.756,-1.801327232,0.002530263,0.000038542,0.001110901,0.002273352,0.000038542,,,
1786043714335455668,1786043714.334700170,/novatel/oem7/odom,/novatel/oem7/fix,/novatel/oem7/odom,39.663,-75.756,-1.801327232,0.002530263,0.000038542,0.001110901,0.002273352,0.000038542,,,
1786043714345703350,1786043714.345150577,/novatel/oem7/inspva,/novatel/oem7/inspva,/novatel/oem7/inspva,39.663,-75.756,-1.801330661,0.002135755,-0.000536124,0.002125363,0.000210430,-0.000536124,,novatel_oem7_msgs.msg.InertialSolutionStatus(status=3),
1786043714347161224,1786043714.345328089,/novatel/oem7/fix,/novatel/oem7/fix,/novatel/oem7/inspva,39.663,-75.756,-1.801330661,0.002135755,-0.000536124,0.002125363,0.000210430,-0.000536124,,0,
1786043714348311306,1786043714.345773620,/novatel/oem7/odom,/novatel/oem7/fix,/novatel/oem7/odom,39.663,-75.756,-1.801330661,0.002137524,-0.000529026,0.000317687,0.002113784,-0.000529026,,,
1786043714356286925,1786043714.355632115,/novatel/oem7/odom,/novatel/oem7/fix,/novatel/oem7/odom,39.663,-75.756,-1.801330661,0.002137524,-0.000529026,0.000317687,0.002113784,-0.000529026,,,
1786043714366138056,1786043714.365618611,/novatel/oem7/inspva,/novatel/oem7/inspva,/novatel/oem7/inspva,39.663,-75.756,-1.801345794,0.001970722,-0.002682315,0.001869389,0.000623802,-0.002682315,,novatel_oem7_msgs.msg.InertialSolutionStatus(status=3),
1786043714367581164,1786043714.365774412,/novatel/oem7/fix,/novatel/oem7/fix,/novatel/oem7/inspva,39.663,-75.756,-1.801345794,0.001970722,-0.002682315,0.001869389,0.000623802,-0.002682315,,0,
1786043714368686835,1786043714.366555210,/novatel/oem7/odom,/novatel/oem7/fix,/novatel/oem7/odom,39.663,-75.756,-1.801345794,0.001981514,-0.002674352,0.000726496,0.001843530,-0.002674352,,,
1786043714375385952,1786043714.374738553,/novatel/oem7/odom,/novatel/oem7/fix,/novatel/oem7/odom,39.663,-75.756,-1.801345794,0.001981514,-0.002674352,0.000726496,0.001843530,-0.002674352,,,
1786043714386918946,1786043714.386235273,/novatel/oem7/inspva,/novatel/oem7/inspva,/novatel/oem7/inspva,39.663,-75.756,-1.801330804,0.001471778,-0.001887711,0.001317335,0.000656321,-0.001887711,,novatel_oem7_msgs.msg.InertialSolutionStatus(status=3),
1786043714388381101,1786043714.386394967,/novatel/oem7/fix,/novatel/oem7/fix,/novatel/oem7/inspva,39.663,-75.756,-1.801330804,0.001471778,-0.001887711,0.001317335,0.000656321,-0.001887711,,0,
1786043714389551959,1786043714.387032304,/novatel/oem7/odom,/novatel/oem7/fix,/novatel/oem7/odom,39.663,-75.756,-1.801330804,0.001480043,-0.001881237,0.000728443,0.001288370,-0.001881237,,,
1786043714395491072,1786043714.394796211,/novatel/oem7/odom,/novatel/oem7/fix,/novatel/oem7/odom,39.663,-75.756,-1.801330804,0.001480043,-0.001881237,0.000728443,0.001288370,-0.001881237,,,
1786043714406924532,1786043714.406360430,/novatel/oem7/inspva,/novatel/oem7/inspva,/novatel/oem7/inspva,39.663,-75.756,-1.801318922,0.002557360,0.000156006,0.001222007,0.002246505,0.000156006,,novatel_oem7_msgs.msg.InertialSolutionStatus(status=3),
1786043714408354350,1786043714.406516524,/novatel/oem7/fix,/novatel/oem7/fix,/novatel/oem7/inspva,39.663,-75.756,-1.801318922,0.002557360,0.000156006,0.001222007,0.002246505,0.000156006,,0,
1786043714409543354,1786043714.407230395,/novatel/oem7/odom,/novatel/oem7/fix,/novatel/oem7/odom,39.663,-75.756,-1.801318922,0.002556567,0.000168502,0.002303645,0.001108717,0.000168502,,,
1786043714411109890,1786043714.410331302,/novatel/oem7/bestpos,/novatel/oem7/bestpos,/novatel/oem7/odom,39.663,-75.756,33.180854362,0.002556567,0.000168502,0.002303645,0.001108717,0.000168502,,novatel_oem7_msgs.msg.SolutionStatus(status=0),novatel_oem7_msgs.msg.PositionOrVelocityType(type=53)
1786043714412620185,1786043714.410819040,/novatel/oem7/bestvel,/novatel/oem7/bestpos,/novatel/oem7/bestvel,39.663,-75.756,33.180854362,0.003497139,-0.000583440,,,,57.827396837,novatel_oem7_msgs.msg.SolutionStatus(status=0),novatel_oem7_msgs.msg.PositionOrVelocityType(type=53)
1786043714416187334,1786043714.415486944,/novatel/oem7/odom,/novatel/oem7/bestpos,/novatel/oem7/odom,39.663,-75.756,33.180854362,0.002556567,0.000168502,0.002303645,0.001108717,0.000168502,,,
1786043714425690618,1786043714.425076949,/novatel/oem7/inspva,/novatel/oem7/inspva,/novatel/oem7/inspva,39.663,-75.756,-1.801320635,0.002148411,0.000134805,0.001913337,0.000977143,0.000134805,,novatel_oem7_msgs.msg.InertialSolutionStatus(status=3),
1786043714427184053,1786043714.425256458,/novatel/oem7/fix,/novatel/oem7/fix,/novatel/oem7/inspva,39.663,-75.756,-1.801320635,0.002148411,0.000134805,0.001913337,0.000977143,0.000134805,,0,
1786043714428380645,1786043714.425657615,/novatel/oem7/odom,/novatel/oem7/fix,/novatel/oem7/odom,39.663,-75.756,-1.801320635,0.002147791,0.000144341,0.001070213,0.001862163,0.000144341,,,
1786043714435072615,1786043714.434353088,/novatel/oem7/odom,/novatel/oem7/fix,/novatel/oem7/odom,39.663,-75.756,-1.801320635,0.002147791,0.000144341,0.001070213,0.001862163,0.000144341,,,
1786043714447105768,1786043714.446561409,/novatel/oem7/inspva,/novatel/oem7/inspva,/novatel/oem7/inspva,39.663,-75.756,-1.801347760,0.002424595,-0.002779799,0.002421394,0.000124548,-0.002779799,,novatel_oem7_msgs.msg.InertialSolutionStatus(status=3),
1786043714448534072,1786043714.446731251,/novatel/oem7/fix,/novatel/oem7/fix,/novatel/oem7/inspva,39.663,-75.756,-1.801347760,0.002424595,-0.002779799,0.002421394,0.000124548,-0.002779799,,0,
1786043714449639766,1786043714.447483895,/novatel/oem7/odom,/novatel/oem7/fix,/novatel/oem7/odom,39.663,-75.756,-1.801347760,0.002433350,-0.002772139,0.000255673,0.002419881,-0.002772139,,,
1786043714457218992,1786043714.456537085,/novatel/oem7/odom,/novatel/oem7/fix,/novatel/oem7/odom,39.663,-75.756,-1.801347760,0.002433350,-0.002772139,0.000255673,0.002419881,-0.002772139,,,
1786043714465715526,1786043714.465165255,/novatel/oem7/inspva,/novatel/oem7/inspva,/novatel/oem7/inspva,39.663,-75.756,-1.801340651,0.002211488,-0.002945803,0.002075139,0.000764513,-0.002945803,,novatel_oem7_msgs.msg.InertialSolutionStatus(status=3),
1786043714467076137,1786043714.465336139,/novatel/oem7/fix,/novatel/oem7/fix,/novatel/oem7/inspva,39.663,-75.756,-1.801340651,0.002211488,-0.002945803,0.002075139,0.000764513,-0.002945803,,0,
1786043714468165221,1786043714.465660929,/novatel/oem7/odom,/novatel/oem7/fix,/novatel/oem7/odom,39.663,-75.756,-1.801340651,0.002223619,-0.002936657,0.000878391,0.002042770,-0.002936657,,,
1786043714476109096,1786043714.475438117,/novatel/oem7/odom,/novatel/oem7/fix,/novatel/oem7/odom,39.663,-75.756,-1.801340651,0.002223619,-0.002936657,0.000878391,0.002042770,-0.002936657,,,
1786043714485845296,1786043714.485268891,/novatel/oem7/inspva,/novatel/oem7/inspva,/novatel/oem7/inspva,39.663,-75.756,-1.801331491,0.002019379,-0.000204047,0.001347655,0.001503901,-0.000204047,,novatel_oem7_msgs.msg.InertialSolutionStatus(status=3),
1786043714487306685,1786043714.485467996,/novatel/oem7/fix,/novatel/oem7/fix,/novatel/oem7/inspva,39.663,-75.756,-1.801331491,0.002019379,-0.000204047,0.001347655,0.001503901,-0.000204047,,0,
1786043714488519013,1786043714.486274468,/novatel/oem7/odom,/novatel/oem7/fix,/novatel/oem7/odom,39.663,-75.756,-1.801331491,0.002020357,-0.000194120,0.001569673,0.001271995,-0.000194120,,,
1786043714495487176,1786043714.495066885,/novatel/oem7/odom,/novatel/oem7/fix,/novatel/oem7/odom,39.663,-75.756,-1.801331491,0.002020357,-0.000194120,0.001569673,0.001271995,-0.000194120,,,
1786043714506558536,1786043714.506010134,/novatel/oem7/inspva,/novatel/oem7/inspva,/novatel/oem7/inspva,39.663,-75.756,-1.801344992,0.002730542,-0.000565235,0.001717457,0.002122781,-0.000565235,,novatel_oem7_msgs.msg.InertialSolutionStatus(status=3),
1786043714507802185,1786043714.506162858,/novatel/oem7/fix,/novatel/oem7/fix,/novatel/oem7/inspva,39.663,-75.756,-1.801344992,0.002730542,-0.000565235,0.001717457,0.002122781,-0.000565235,,0,
1786043714508320945,1786043714.506610270,/novatel/oem7/odom,/novatel/oem7/fix,/novatel/oem7/odom,39.663,-75.756,-1.801344992,0.002733294,-0.000551769,0.002207592,0.001611656,-0.000551769,,,
1786043714511764434,1786043714.511415811,/novatel/oem7/bestpos,/novatel/oem7/bestpos,/novatel/oem7/odom,39.663,-75.756,33.180833189,0.002733294,-0.000551769,0.002207592,0.001611656,-0.000551769,,novatel_oem7_msgs.msg.SolutionStatus(status=0),novatel_oem7_msgs.msg.PositionOrVelocityType(type=53)
1786043714512506164,1786043714.511892685,/novatel/oem7/bestvel,/novatel/oem7/bestpos,/novatel/oem7/bestvel,39.663,-75.756,33.180833189,0.003475934,-0.001139115,,,,32.431305302,novatel_oem7_msgs.msg.SolutionStatus(status=0),novatel_oem7_msgs.msg.PositionOrVelocityType(type=53)
1786043714515000868,1786043714.514464478,/novatel/oem7/odom,/novatel/oem7/bestpos,/novatel/oem7/odom,39.663,-75.756,33.180833189,0.002733294,-0.000551769,0.002207592,0.001611656,-0.000551769,,,
1786043714525722967,1786043714.525150094,/novatel/oem7/inspva,/novatel/oem7/inspva,/novatel/oem7/inspva,39.663,-75.756,-1.801363707,0.003086147,-0.001482658,0.003078651,0.000214957,-0.001482658,,novatel_oem7_msgs.msg.InertialSolutionStatus(status=3),
1786043714527096757,1786043714.525317296,/novatel/oem7/fix,/novatel/oem7/fix,/novatel/oem7/inspva,39.663,-75.756,-1.801363707,0.003086147,-0.001482658,0.003078651,0.000214957,-0.001482658,,0,
1786043714527807512,1786043714.525797907,/novatel/oem7/odom,/novatel/oem7/fix,/novatel/oem7/odom,39.663,-75.756,-1.801363707,0.003090924,-0.001472673,0.000373380,0.003068289,-0.001472673,,,
1786043714536149083,1786043714.535466087,/novatel/oem7/odom,/novatel/oem7/fix,/novatel/oem7/odom,39.663,-75.756,-1.801363707,0.003090924,-0.001472673,0.000373380,0.003068289,-0.001472673,,,
1786043714546257416,1786043714.545952424,/novatel/oem7/inspva,/novatel/oem7/inspva,/novatel/oem7/inspva,39.663,-75.756,-1.801364594,0.003143794,-0.002323827,0.003136745,0.000210399,-0.002323827,,novatel_oem7_msgs.msg.InertialSolutionStatus(status=3),
1786043714546923677,1786043714.546108583,/novatel/oem7/fix,/novatel/oem7/fix,/novatel/oem7/inspva,39.663,-75.756,-1.801364594,0.003143794,-0.002323827,0.003136745,0.000210399,-0.002323827,,0,
1786043714547517033,1786043714.546612921,/novatel/oem7/odom,/novatel/oem7/fix,/novatel/oem7/odom,39.663,-75.756,-1.801364594,0.003151243,-0.002313715,0.000375070,0.003128842,-0.002313715,,,
1786043714556465642,1786043714.555768135,/novatel/oem7/odom,/novatel/oem7/fix,/novatel/oem7/odom,39.663,-75.756,-1.801364594,0.003151243,-0.002313715,0.000375070,0.003128842,-0.002313715,,,
1786043714566952544,1786043714.566558703,/novatel/oem7/inspva,/novatel/oem7/inspva,/novatel/oem7/inspva,39.663,-75.756,-1.801358517,0.002093872,-0.000793816,0.000899835,0.001890661,-0.000793816,,novatel_oem7_msgs.msg.InertialSolutionStatus(status=3),
1786043714567632270,1786043714.566716597,/novatel/oem7/fix,/novatel/oem7/fix,/novatel/oem7/inspva,39.663,-75.756,-1.801358517,0.002093872,-0.000793816,0.000899835,0.001890661,-0.000793816,,0,
1786043714568124820,1786043714.567114615,/novatel/oem7/odom,/novatel/oem7/fix,/novatel/oem7/odom,39.663,-75.756,-1.801358517,0.002097665,-0.000783738,0.001936142,0.000807190,-0.000783738,,,
1786043714575298156,1786043714.574930756,/novatel/oem7/odom,/novatel/oem7/fix,/novatel/oem7/odom,39.663,-75.756,-1.801358517,0.002097665,-0.000783738,0.001936142,0.000807190,-0.000783738,,,
1786043714585272960,1786043714.584971186,/novatel/oem7/inspva,/novatel/oem7/inspva,/novatel/oem7/inspva,39.663,-75.756,-1.801365623,0.002692199,-0.000977372,0.001575926,0.002182748,-0.000977372,,novatel_oem7_msgs.msg.InertialSolutionStatus(status=3),
1786043714585921200,1786043714.585135237,/novatel/oem7/fix,/novatel/oem7/fix,/novatel/oem7/inspva,39.663,-75.756,-1.801365623,0.002692199,-0.000977372,0.001575926,0.002182748,-0.000977372,,0,
1786043714586417001,1786043714.585501977,/novatel/oem7/odom,/novatel/oem7/fix,/novatel/oem7/odom,39.663,-75.756,-1.801365623,0.002696982,-0.000964095,0.002262145,0.001468472,-0.000964095,,,
1786043714596057136,1786043714.595367912,/novatel/oem7/odom,/novatel/oem7/fix,/novatel/oem7/odom,39.663,-75.756,-1.801365623,0.002696982,-0.000964095,0.002262145,0.001468472,-0.000964095,,,
1786043714607317434,1786043714.606708608,/novatel/oem7/inspva,/novatel/oem7/inspva,/novatel/oem7/inspva,39.663,-75.756,-1.801376988,0.003009395,-0.001027942,0.002957586,0.000556007,-0.001027942,,novatel_oem7_msgs.msg.InertialSolutionStatus(status=3),
1786043714608088701,1786043714.606858527,/novatel/oem7/fix,/novatel/oem7/fix,/novatel/oem7/inspva,39.663,-75.756,-1.801376988,0.003009395,-0.001027942,0.002957586,0.000556007,-0.001027942,,0,
1786043714608626656,1786043714.607327621,/novatel/oem7/odom,/novatel/oem7/fix,/novatel/oem7/odom,39.663,-75.756,-1.801376988,0.003013123,-0.001016962,0.000706117,0.002929216,-0.001016962,,,
1786043714611144166,1786043714.610485856,/novatel/oem7/bestpos,/novatel/oem7/bestpos,/novatel/oem7/odom,39.663,-75.756,33.180813934,0.003013123,-0.001016962,0.000706117,0.002929216,-0.001016962,,novatel_oem7_msgs.msg.SolutionStatus(status=0),novatel_oem7_msgs.msg.PositionOrVelocityType(type=53)
1786043714612654087,1786043714.610996745,/novatel/oem7/bestvel,/novatel/oem7/bestpos,/novatel/oem7/bestvel,39.663,-75.756,33.180813934,0.003341189,-0.001096500,,,,4.603975860,novatel_oem7_msgs.msg.SolutionStatus(status=0),novatel_oem7_msgs.msg.PositionOrVelocityType(type=53)
1786043714615364379,1786043714.615000648,/novatel/oem7/odom,/novatel/oem7/bestpos,/novatel/oem7/odom,39.663,-75.756,33.180813934,0.003013123,-0.001016962,0.000706117,0.002929216,-0.001016962,,,
1786043714626637258,1786043714.626304443,/novatel/oem7/inspva,/novatel/oem7/inspva,/novatel/oem7/inspva,39.663,-75.756,-1.801380546,0.003562528,-0.001839594,0.003540604,0.000394623,-0.001839594,,novatel_oem7_msgs.msg.InertialSolutionStatus(status=3),
1786043714627346673,1786043714.626514155,/novatel/oem7/fix,/novatel/oem7/fix,/novatel/oem7/inspva,39.663,-75.756,-1.801380546,0.003562528,-0.001839594,0.003540604,0.000394623,-0.001839594,,0,
1786043714627895378,1786043714.627000607,/novatel/oem7/odom,/novatel/oem7/fix,/novatel/oem7/odom,39.663,-75.756,-1.801380546,0.003568728,-0.001827536,0.000577164,0.003521747,-0.001827536,,,
1786043714636382660,1786043714.635680883,/novatel/oem7/odom,/novatel/oem7/fix,/novatel/oem7/odom,39.663,-75.756,-1.801380546,0.003568728,-0.001827536,0.000577164,0.003521747,-0.001827536,,,
1786043714645660316,1786043714.645351249,/novatel/oem7/inspva,/novatel/oem7/inspva,/novatel/oem7/inspva,39.663,-75.756,-1.801392278,0.001606666,-0.002218896,0.001094744,0.001175973,-0.002218896,,novatel_oem7_msgs.msg.InertialSolutionStatus(status=3),
1786043714646324537,1786043714.645538444,/novatel/oem7/fix,/novatel/oem7/fix,/novatel/oem7/inspva,39.663,-75.756,-1.801392278,0.001606666,-0.002218896,0.001094744,0.001175973,-0.002218896,,0,
1786043714647464067,1786043714.646268042,/novatel/oem7/odom,/novatel/oem7/fix,/novatel/oem7/odom,39.663,-75.756,-1.801392278,0.001617463,-0.002211038,0.001237764,0.001041214,-0.002211038,,,
1786043714657363142,1786043714.656609704,/novatel/oem7/odom,/novatel/oem7/fix,/novatel/oem7/odom,39.663,-75.756,-1.801392278,0.001617463,-0.002211038,0.001237764,0.001041214,-0.002211038,,,
1786043714666479061,1786043714.666099349,/novatel/oem7/inspva,/novatel/oem7/inspva,/novatel/oem7/inspva,39.663,-75.756,-1.801397488,0.002995992,-0.001513672,0.001537459,0.002571417,-0.001513672,,novatel_oem7_msgs.msg.InertialSolutionStatus(status=3),
1786043714667113898,1786043714.666286014,/novatel/oem7/fix,/novatel/oem7/fix,/novatel/oem7/inspva,39.663,-75.756,-1.801397488,0.002995992,-0.001513672,0.001537459,0.002571417,-0.001513672,,0,
1786043714668024695,1786043714.666686178,/novatel/oem7/odom,/novatel/oem7/fix,/novatel/oem7/odom,39.663,-75.756,-1.801397488,0.003003343,-0.001499032,0.002650587,0.001412253,-0.001499032,,,
1786043714674955171,1786043714.674549043,/novatel/oem7/odom,/novatel/oem7/fix,/novatel/oem7/odom,39.663,-75.756,-1.801397488,0.003003343,-0.001499032,0.002650587,0.001412253,-0.001499032,,,
1786043714687211716,1786043714.686620913,/novatel/oem7/inspva,/novatel/oem7/inspva,/novatel/oem7/inspva,39.663,-75.756,-1.801411422,0.003142515,-0.001019294,0.002923274,0.001153199,-0.001019294,,novatel_oem7_msgs.msg.InertialSolutionStatus(status=3),
1786043714688061698,1786043714.686788365,/novatel/oem7/fix,/novatel/oem7/fix,/novatel/oem7/inspva,39.663,-75.756,-1.801411422,0.003142515,-0.001019294,0.002923274,0.001153199,-0.001019294,,0,
1786043714688587112,1786043714.687662983,/novatel/oem7/odom,/novatel/oem7/fix,/novatel/oem7/odom,39.663,-75.756,-1.801411422,0.003146770,-0.001006081,0.001300911,0.002865274,-0.001006081,,,
1786043714695938157,1786043714.695574459,/novatel/oem7/odom,/novatel/oem7/fix,/novatel/oem7/odom,39.663,-75.756,-1.801411422,0.003146770,-0.001006081,0.001300911,0.002865274,-0.001006081,,,
1786043714706389432,1786043714.705878234,/novatel/oem7/inspva,/novatel/oem7/inspva,/novatel/oem7/inspva,39.663,-75.756,-1.801420050,0.003768369,-0.001770661,0.003716908,0.000620644,-0.001770661,,novatel_oem7_msgs.msg.InertialSolutionStatus(status=3),
1786043714707025415,1786043714.706064883,/novatel/oem7/fix,/novatel/oem7/fix,/novatel/oem7/inspva,39.663,-75.756,-1.801420050,0.003768369,-0.001770661,0.003716908,0.000620644,-0.001770661,,0,
1786043714707676312,1786043714.706449090,/novatel/oem7/odom,/novatel/oem7/fix,/novatel/oem7/odom,39.663,-75.756,-1.801420050,0.003774640,-0.001757253,0.000811368,0.003686406,-0.001757253,,,
1786043714710738653,1786043714.710055366,/novatel/oem7/bestpos,/novatel/oem7/bestpos,/novatel/oem7/odom,39.663,-75.756,33.180782883,0.003774640,-0.001757253,0.000811368,0.003686406,-0.001757253,,novatel_oem7_msgs.msg.SolutionStatus(status=0),novatel_oem7_msgs.msg.PositionOrVelocityType(type=53)
1786043714712282122,1786043714.710571378,/novatel/oem7/bestvel,/novatel/oem7/bestpos,/novatel/oem7/bestvel,39.663,-75.756,33.180782883,0.003716582,-0.001551131,,,,3.094661204,novatel_oem7_msgs.msg.SolutionStatus(status=0),novatel_oem7_msgs.msg.PositionOrVelocityType(type=53)
1786043714715897714,1786043714.715532420,/novatel/oem7/odom,/novatel/oem7/bestpos,/novatel/oem7/odom,39.663,-75.756,33.180782883,0.003774640,-0.001757253,0.000811368,0.003686406,-0.001757253,,,
1786043714727056775,1786043714.726505843,/novatel/oem7/inspva,/novatel/oem7/inspva,/novatel/oem7/inspva,39.663,-75.756,-1.801443483,0.002232885,-0.003097289,0.001840082,0.001264861,-0.003097289,,novatel_oem7_msgs.msg.InertialSolutionStatus(status=3),
1786043714727999007,1786043714.726669471,/novatel/oem7/fix,/novatel/oem7/fix,/novatel/oem7/inspva,39.663,-75.756,-1.801443483,0.002232885,-0.003097289,0.001840082,0.001264861,-0.003097289,,0,
1786043714729388718,1786043714.727095245,/novatel/oem7/odom,/novatel/oem7/fix,/novatel/oem7/odom,39.663,-75.756,-1.801443483,0.002247256,-0.003086878,0.001367052,0.001783628,-0.003086878,,,
1786043714735261325,1786043714.734887740,/novatel/oem7/odom,/novatel/oem7/fix,/novatel/oem7/odom,39.663,-75.756,-1.801443483,0.002247256,-0.003086878,0.001367052,0.001783628,-0.003086878,,,
1786043714746303806,1786043714.746003880,/novatel/oem7/inspva,/novatel/oem7/inspva,/novatel/oem7/inspva,39.663,-75.756,-1.801441719,0.002291459,-0.002136130,0.001643702,0.001596567,-0.002136130,,novatel_oem7_msgs.msg.InertialSolutionStatus(status=3),
1786043714746961145,1786043714.746185685,/novatel/oem7/fix,/novatel/oem7/fix,/novatel/oem7/inspva,39.663,-75.756,-1.801441719,0.002291459,-0.002136130,0.001643702,0.001596567,-0.002136130,,0,
1786043714747494518,1786043714.746557426,/novatel/oem7/odom,/novatel/oem7/fix,/novatel/oem7/odom,39.663,-75.756,-1.801441719,0.002301815,-0.002124967,0.001684753,0.001568426,-0.002124967,,,
1786043714756263820,1786043714.755811751,/novatel/oem7/odom,/novatel/oem7/fix,/novatel/oem7/odom,39.663,-75.756,-1.801441719,0.002301815,-0.002124967,0.001684753,0.001568426,-0.002124967,,,
1786043714765651116,1786043714.765316112,/novatel/oem7/inspva,/novatel/oem7/inspva,/novatel/oem7/inspva,39.663,-75.756,-1.801435288,0.003572742,0.000437820,0.003121422,0.001738161,0.000437820,,novatel_oem7_msgs.msg.InertialSolutionStatus(status=3),
1786043714766306064,1786043714.765518538,/novatel/oem7/fix,/novatel/oem7/fix,/novatel/oem7/inspva,39.663,-75.756,-1.801435288,0.003572742,0.000437820,0.003121422,0.001738161,0.000437820,,0,
1786043714766850933,1786043714.766016466,/novatel/oem7/odom,/novatel/oem7/fix,/novatel/oem7/odom,39.663,-75.756,-1.801435288,0.003570725,0.000453973,0.001889021,0.003030128,0.000453973,,,
1786043714775165812,1786043714.774853990,/novatel/oem7/odom,/novatel/oem7/fix,/novatel/oem7/odom,39.663,-75.756,-1.801435288,0.003570725,0.000453973,0.001889021,0.003030128,0.000453973,,,
1786043714786925054,1786043714.785331703,/novatel/oem7/inspva,/novatel/oem7/inspva,/novatel/oem7/inspva,39.663,-75.756,-1.801445547,0.003655086,-0.000856667,0.003469977,0.001148439,-0.000856667,,novatel_oem7_msgs.msg.InertialSolutionStatus(status=3),
1786043714787891127,1786043714.785467695,/novatel/oem7/fix,/novatel/oem7/fix,/novatel/oem7/inspva,39.663,-75.756,-1.801445547,0.003655086,-0.000856667,0.003469977,0.001148439,-0.000856667,,0,
1786043714788350267,1786043714.786541017,/novatel/oem7/odom,/novatel/oem7/fix,/novatel/oem7/odom,39.663,-75.756,-1.801445547,0.003570730,0.000453933,0.001888984,0.003030157,0.000453933,,,
1786043714794837378,1786043714.794509550,/novatel/oem7/odom,/novatel/oem7/fix,/novatel/oem7/odom,39.663,-75.756,-1.801445547,0.003658528,-0.000841844,0.001322588,0.003411098,-0.000841844,,,
1786043714807001775,1786043714.806751477,/novatel/oem7/inspva,/novatel/oem7/inspva,/novatel/oem7/inspva,39.663,-75.756,-1.801471092,0.002816730,-0.003233934,0.002688278,0.000840908,-0.003233934,,novatel_oem7_msgs.msg.InertialSolutionStatus(status=3),
1786043714807619300,1786043714.806835380,/novatel/oem7/fix,/novatel/oem7/fix,/novatel/oem7/inspva,39.663,-75.756,-1.801471092,0.002816730,-0.003233934,0.002688278,0.000840908,-0.003233934,,0,
1786043714808085648,1786043714.807287836,/novatel/oem7/odom,/novatel/oem7/fix,/novatel/oem7/odom,39.663,-75.756,-1.801471092,0.002829600,-0.003222679,0.000986236,0.002652164,-0.003222679,,,
1786043714810965621,1786043714.810671299,/novatel/oem7/bestpos,/novatel/oem7/bestpos,/novatel/oem7/odom,39.663,-75.756,33.180737650,0.002829600,-0.003222679,0.000986236,0.002652164,-0.003222679,,novatel_oem7_msgs.msg.SolutionStatus(status=0),novatel_oem7_msgs.msg.PositionOrVelocityType(type=53)
1786043714812264655,1786043714.811104043,/novatel/oem7/bestvel,/novatel/oem7/bestpos,/novatel/oem7/bestvel,39.663,-75.756,33.180737650,0.002275177,-0.002244343,,,,346.235912396,novatel_oem7_msgs.msg.SolutionStatus(status=0),novatel_oem7_msgs.msg.PositionOrVelocityType(type=53)
1786043714815586423,1786043714.815231339,/novatel/oem7/odom,/novatel/oem7/bestpos,/novatel/oem7/odom,39.663,-75.756,33.180737650,0.002829600,-0.003222679,0.000986236,0.002652164,-0.003222679,,,
1786043714825323780,1786043714.825049934,/novatel/oem7/inspva,/novatel/oem7/inspva,/novatel/oem7/inspva,39.663,-75.756,-1.801464751,0.002891931,-0.002524939,0.001961774,0.002124784,-0.002524939,,novatel_oem7_msgs.msg.InertialSolutionStatus(status=3),
1786043714825937241,1786043714.825139148,/novatel/oem7/fix,/novatel/oem7/fix,/novatel/oem7/inspva,39.663,-75.756,-1.801464751,0.002891931,-0.002524939,0.001961774,0.002124784,-0.002524939,,0,
1786043714826435253,1786043714.825596522,/novatel/oem7/odom,/novatel/oem7/fix,/novatel/oem7/odom,39.663,-75.756,-1.801464751,0.002904260,-0.002510748,0.002229682,0.001860980,-0.002510748,,,
1786043714834843037,1786043714.834454990,/novatel/oem7/odom,/novatel/oem7/fix,/novatel/oem7/odom,39.663,-75.756,-1.801464751,0.002904260,-0.002510748,0.002229682,0.001860980,-0.002510748,,,
1786043714846867865,1786043714.846576204,/novatel/oem7/inspva,/novatel/oem7/inspva,/novatel/oem7/inspva,39.663,-75.756,-1.801451509,0.002684569,0.000394905,0.002250443,0.001463700,0.000394905,,novatel_oem7_msgs.msg.InertialSolutionStatus(status=3),
1786043714847507798,1786043714.846742532,/novatel/oem7/fix,/novatel/oem7/fix,/novatel/oem7/inspva,39.663,-75.756,-1.801451509,0.002684569,0.000394905,0.002250443,0.001463700,0.000394905,,0,
1786043714848210111,1786043714.847271850,/novatel/oem7/odom,/novatel/oem7/fix,/novatel/oem7/odom,39.663,-75.756,-1.801451509,0.002682699,0.000407420,0.001571821,0.002173994,0.000407420,,,
1786043714857278950,1786043714.856570450,/novatel/oem7/odom,/novatel/oem7/fix,/novatel/oem7/odom,39.663,-75.756,-1.801451509,0.002682699,0.000407420,0.001571821,0.002173994,0.000407420,,,
1786043714865235243,1786043714.864973431,/novatel/oem7/inspva,/novatel/oem7/inspva,/novatel/oem7/inspva,39.663,-75.756,-1.801460727,0.003313303,-0.000007809,0.002969280,0.001470153,-0.000007809,,novatel_oem7_msgs.msg.InertialSolutionStatus(status=3),
1786043714865881744,1786043714.865064119,/novatel/oem7/fix,/novatel/oem7/fix,/novatel/oem7/inspva,39.663,-75.756,-1.801460727,0.003313303,-0.000007809,0.002969280,0.001470153,-0.000007809,,0,
1786043714866387465,1786043714.865494762,/novatel/oem7/odom,/novatel/oem7/fix,/novatel/oem7/odom,39.663,-75.756,-1.801460727,0.003313305,0.000006820,0.001615563,0.002892740,0.000006820,,,
1786043714874860264,1786043714.874502621,/novatel/oem7/odom,/novatel/oem7/fix,/novatel/oem7/odom,39.663,-75.756,-1.801460727,0.003313305,0.000006820,0.001615563,0.002892740,0.000006820,,,
1786043714885726288,1786043714.885275542,/novatel/oem7/inspva,/novatel/oem7/inspva,/novatel/oem7/inspva,39.663,-75.756,-1.801491191,0.003457554,-0.003005532,0.003325187,0.000947529,-0.003005532,,novatel_oem7_msgs.msg.InertialSolutionStatus(status=3),
1786043714886328036,1786043714.885445977,/novatel/oem7/fix,/novatel/oem7/fix,/novatel/oem7/inspva,39.663,-75.756,-1.801491191,0.003457554,-0.003005532,0.003325187,0.000947529,-0.003005532,,0,
1786043714886817409,1786043714.885980089,/novatel/oem7/odom,/novatel/oem7/fix,/novatel/oem7/odom,39.663,-75.756,-1.801491191,0.003469328,-0.002991933,0.001123539,0.003282362,-0.002991933,,,
1786043714895259598,1786043714.894794053,/novatel/oem7/odom,/novatel/oem7/fix,/novatel/oem7/odom,39.663,-75.756,-1.801491191,0.003469328,-0.002991933,0.001123539,0.003282362,-0.002991933,,,
1786043714906314605,1786043714.906022887,/novatel/oem7/inspva,/novatel/oem7/inspva,/novatel/oem7/inspva,39.663,-75.756,-1.801485206,0.003244359,-0.002638329,0.003102663,0.000948341,-0.002638329,,novatel_oem7_msgs.msg.InertialSolutionStatus(status=3),
1786043714906936807,1786043714.906197343,/novatel/oem7/fix,/novatel/oem7/fix,/novatel/oem7/inspva,39.663,-75.756,-1.801485206,0.003244359,-0.002638329,0.003102663,0.000948341,-0.002638329,,0,
1786043714907445390,1786043714.906655878,/novatel/oem7/odom,/novatel/oem7/fix,/novatel/oem7/odom,39.663,-75.756,-1.801485206,0.003254865,-0.002625357,0.001111760,0.003059107,-0.002625357,,,
1786043714910061771,1786043714.909701001,/novatel/oem7/bestpos,/novatel/oem7/bestpos,/novatel/oem7/odom,39.663,-75.756,33.180703837,0.003254865,-0.002625357,0.001111760,0.003059107,-0.002625357,,novatel_oem7_msgs.msg.SolutionStatus(status=0),novatel_oem7_msgs.msg.PositionOrVelocityType(type=53)
1786043714910905547,1786043714.910451525,/novatel/oem7/bestvel,/novatel/oem7/bestpos,/novatel/oem7/bestvel,39.663,-75.756,33.180703837,0.002539115,-0.001933964,,,,5.151175304,novatel_oem7_msgs.msg.SolutionStatus(status=0),novatel_oem7_msgs.msg.PositionOrVelocityType(type=53)
1786043714914746435,1786043714.914364168,/novatel/oem7/odom,/novatel/oem7/bestpos,/novatel/oem7/odom,39.663,-75.756,33.180703837,0.003254865,-0.002625357,0.001111760,0.003059107,-0.002625357,,,
1786043714925577724,1786043714.925162845,/novatel/oem7/inspva,/novatel/oem7/inspva,/novatel/oem7/inspva,39.663,-75.756,-1.801476496,0.002963053,-0.000230800,0.001985174,0.002199720,-0.000230800,,novatel_oem7_msgs.msg.InertialSolutionStatus(status=3),
1786043714926202274,1786043714.925318353,/novatel/oem7/fix,/novatel/oem7/fix,/novatel/oem7/inspva,39.663,-75.756,-1.801476496,0.002963053,-0.000230800,0.001985174,0.002199720,-0.000230800,,0,
1786043714926715082,1786043714.925807965,/novatel/oem7/odom,/novatel/oem7/fix,/novatel/oem7/odom,39.663,-75.756,-1.801476496,0.002964158,-0.000216154,0.002296363,0.001874286,-0.000216154,,,
1786043714935364439,1786043714.934999793,/novatel/oem7/odom,/novatel/oem7/fix,/novatel/oem7/odom,39.663,-75.756,-1.801476496,0.002964158,-0.000216154,0.002296363,0.001874286,-0.000216154,,,
1786043714945284056,1786043714.944991992,/novatel/oem7/inspva,/novatel/oem7/inspva,/novatel/oem7/inspva,39.663,-75.756,-1.801481307,0.002755506,-0.000339750,0.002467327,0.001226830,-0.000339750,,novatel_oem7_msgs.msg.InertialSolutionStatus(status=3),
1786043714945903551,1786043714.945147784,/novatel/oem7/fix,/novatel/oem7/fix,/novatel/oem7/inspva,39.663,-75.756,-1.801481307,0.002755506,-0.000339750,0.002467327,0.001226830,-0.000339750,,0,
1786043714946385086,1786043714.945633595,/novatel/oem7/odom,/novatel/oem7/fix,/novatel/oem7/odom,39.663,-75.756,-1.801481307,0.002756986,-0.000327517,0.001349038,0.002404385,-0.000327517,,,
1786043714956056022,1786043714.955715819,/novatel/oem7/odom,/novatel/oem7/fix,/novatel/oem7/odom,39.663,-75.756,-1.801481307,0.002756986,-0.000327517,0.001349038,0.002404385,-0.000327517,,,
1786043714966790041,1786043714.966504386,/novatel/oem7/inspva,/novatel/oem7/inspva,/novatel/oem7/inspva,39.663,-75.756,-1.801509585,0.004651054,-0.002209003,0.004649787,-0.000108551,-0.002209003,,novatel_oem7_msgs.msg.InertialSolutionStatus(status=3),
1786043714967452440,1786043714.966655951,/novatel/oem7/fix,/novatel/oem7/fix,/novatel/oem7/inspva,39.663,-75.756,-1.801509585,0.004651054,-0.002209003,0.004649787,-0.000108551,-0.002209003,,0,
1786043714967952334,1786043714.967121649,/novatel/oem7/odom,/novatel/oem7/fix,/novatel/oem7/odom,39.663,-75.756,-1.801509585,0.004657385,-0.002195624,0.000131079,0.004655540,-0.002195624,,,
1786043714975304510,1786043714.974565086,/novatel/oem7/odom,/novatel/oem7/fix,/novatel/oem7/odom,39.663,-75.756,-1.801509585,0.004657385,-0.002195624,0.000131079,0.004655540,-0.002195624,,,
1786043714985576440,1786043714.985021184,/novatel/oem7/inspva,/novatel/oem7/inspva,/novatel/oem7/inspva,39.663,-75.756,-1.801510483,0.003737661,-0.002571535,0.003715307,0.000408173,-0.002571535,,novatel_oem7_msgs.msg.InertialSolutionStatus(status=3),
1786043714986983970,1786043714.985177029,/novatel/oem7/fix,/novatel/oem7/fix,/novatel/oem7/inspva,39.663,-75.756,-1.801510483,0.003737661,-0.002571535,0.003715307,0.000408173,-0.002571535,,0,
1786043714988080951,1786043714.985531112,/novatel/oem7/odom,/novatel/oem7/fix,/novatel/oem7/odom,39.663,-75.756,-1.801510483,0.003746326,-0.002558896,0.000602385,0.003697579,-0.002558896,,,
1786043714995255189,1786043714.994579762,/novatel/oem7/odom,/novatel/oem7/fix,/novatel/oem7/odom,39.663,-75.756,-1.801510483,0.003746326,-0.002558896,0.000602385,0.003697579,-0.002558896,,,
1786043715010799337,1786043715.010247228,/novatel/oem7/inspva,/novatel/oem7/inspva,/novatel/oem7/inspva,39.663,-75.756,-1.801509782,0.002672975,-0.000993868,0.002501477,0.000942026,-0.000993868,,novatel_oem7_msgs.msg.InertialSolutionStatus(status=3),
1786043715012151604,1786043715.010450723,/novatel/oem7/fix,/novatel/oem7/fix,/novatel/oem7/inspva,39.663,-75.756,-1.801509782,0.002672975,-0.000993868,0.002501477,0.000942026,-0.000993868,,0,
1786043715013206871,1786043715.011686885,/novatel/oem7/odom,/novatel/oem7/fix,/novatel/oem7/odom,39.663,-75.756,-1.801509782,0.002677096,-0.000982715,0.001068945,0.002454424,-0.000982715,,,
1786043715016084399,1786043715.015440313,/novatel/oem7/odom,/novatel/oem7/fix,/novatel/oem7/odom,39.663,-75.756,-1.801509782,0.002677096,-0.000982715,0.001068945,0.002454424,-0.000982715,,,
1786043715026496063,1786043715.025909347,/novatel/oem7/bestpos,/novatel/oem7/bestpos,/novatel/oem7/odom,39.663,-75.756,33.180675060,0.002677096,-0.000982715,0.001068945,0.002454424,-0.000982715,,novatel_oem7_msgs.msg.SolutionStatus(status=0),novatel_oem7_msgs.msg.PositionOrVelocityType(type=53)
1786043715027949394,1786043715.026849270,/novatel/oem7/bestvel,/novatel/oem7/bestpos,/novatel/oem7/bestvel,39.663,-75.756,33.180675060,0.002205920,-0.000624775,,,,17.957461253,novatel_oem7_msgs.msg.SolutionStatus(status=0),novatel_oem7_msgs.msg.PositionOrVelocityType(type=53)
1786043715028860810,1786043715.027311678,/novatel/oem7/inspva,/novatel/oem7/inspva,/novatel/oem7/inspva,39.663,-75.756,-1.801518195,0.003201185,-0.000925728,0.002474789,0.002030519,-0.000925728,,novatel_oem7_msgs.msg.InertialSolutionStatus(status=3),
1786043715030167096,1786043715.027499716,/novatel/oem7/fix,/novatel/oem7/fix,/novatel/oem7/inspva,39.663,-75.756,-1.801518195,0.003201185,-0.000925728,0.002474789,0.002030519,-0.000925728,,0,
1786043715031246334,1786043715.028012572,/novatel/oem7/odom,/novatel/oem7/fix,/novatel/oem7/odom,39.663,-75.756,-1.801518195,0.003205598,-0.000910331,0.002154457,0.002373641,-0.000910331,,,
1786043715035073438,1786043715.034439769,/novatel/oem7/odom,/novatel/oem7/fix,/novatel/oem7/odom,39.663,-75.756,-1.801518195,0.003205598,-0.000910331,0.002154457,0.002373641,-0.000910331,,,
1786043715046824182,1786043715.046281256,/novatel/oem7/inspva,/novatel/oem7/inspva,/novatel/oem7/inspva,39.663,-75.756,-1.801502367,0.004367573,-0.000917224,0.004335236,0.000530490,-0.000917224,,novatel_oem7_msgs.msg.InertialSolutionStatus(status=3),
1786043715048224393,1786043715.046479505,/novatel/oem7/fix,/novatel/oem7/fix,/novatel/oem7/inspva,39.663,-75.756,-1.801502367,0.004367573,-0.000917224,0.004335236,0.000530490,-0.000917224,,0,
1786043715049362344,1786043715.047258779,/novatel/oem7/odom,/novatel/oem7/fix,/novatel/oem7/odom,39.663,-75.756,-1.801502367,0.004370700,-0.000902207,0.000748467,0.004306137,-0.000902207,,,
1786043715056780444,1786043715.056119354,/novatel/oem7/odom,/novatel/oem7/fix,/novatel/oem7/odom,39.663,-75.756,-1.801502367,0.004370700,-0.000902207,0.000748467,0.004306137,-0.000902207,,,
1786043715065486294,1786043715.064970355,/novatel/oem7/inspva,/novatel/oem7/inspva,/novatel/oem7/inspva,39.663,-75.756,-1.801477367,0.003875272,-0.001645701,0.003870150,0.000199181,-0.001645701,,novatel_oem7_msgs.msg.InertialSolutionStatus(status=3),
1786043715066825384,1786043715.065131537,/novatel/oem7/fix,/novatel/oem7/fix,/novatel/oem7/inspva,39.663,-75.756,-1.801477367,0.003875272,-0.001645701,0.003870150,0.000199181,-0.001645701,,0,
1786043715067928119,1786043715.065635149,/novatel/oem7/odom,/novatel/oem7/fix,/novatel/oem7/odom,39.663,-75.756,-1.801477367,0.003880488,-0.001633364,0.000397536,0.003860071,-0.001633364,,,
1786043715076163394,1786043715.075493585,/novatel/oem7/odom,/novatel/oem7/fix,/novatel/oem7/odom,39.663,-75.756,-1.801477367,0.003880488,-0.001633364,0.000397536,0.003860071,-0.001633364,,,
1786043715087323364,1786043715.086794842,/novatel/oem7/inspva,/novatel/oem7/inspva,/novatel/oem7/inspva,39.663,-75.756,-1.801457671,0.002718661,-0.002201399,0.002516191,0.001029514,-0.002201399,,novatel_oem7_msgs.msg.InertialSolutionStatus(status=3),
1786043715088788539,1786043715.086980011,/novatel/oem7/fix,/novatel/oem7/fix,/novatel/oem7/inspva,39.663,-75.756,-1.801457671,0.002718661,-0.002201399,0.002516191,0.001029514,-0.002201399,,0,
1786043715089982901,1786043715.087482289,/novatel/oem7/odom,/novatel/oem7/fix,/novatel/oem7/odom,39.663,-75.756,-1.801457671,0.002727986,-0.002189834,0.001161931,0.002468161,-0.002189834,,,
1786043715095378928,1786043715.094707471,/novatel/oem7/odom,/novatel/oem7/fix,/novatel/oem7/odom,39.663,-75.756,-1.801457671,0.002727986,-0.002189834,0.001161931,0.002468161,-0.002189834,,,
1786043715106379114,1786043715.105854702,/novatel/oem7/inspva,/novatel/oem7/inspva,/novatel/oem7/inspva,39.663,-75.756,-1.801427361,0.002594398,-0.001376214,0.002345774,0.001108261,-0.001376214,,novatel_oem7_msgs.msg.InertialSolutionStatus(status=3),
1786043715108072348,1786043715.106044154,/novatel/oem7/fix,/novatel/oem7/fix,/novatel/oem7/inspva,39.663,-75.756,-1.801427361,0.002594398,-0.001376214,0.002345774,0.001108261,-0.001376214,,0,
1786043715109307573,1786043715.106408321,/novatel/oem7/odom,/novatel/oem7/fix,/novatel/oem7/odom,39.663,-75.756,-1.801427361,0.002600410,-0.001364820,0.001228790,0.002291769,-0.001364820,,,
1786043715110844305,1786043715.110147195,/novatel/oem7/bestpos,/novatel/oem7/bestpos,/novatel/oem7/odom,39.663,-75.756,33.180782247,0.002600410,-0.001364820,0.001228790,0.002291769,-0.001364820,,novatel_oem7_msgs.msg.SolutionStatus(status=0),novatel_oem7_msgs.msg.PositionOrVelocityType(type=53)
1786043715112380991,1786043715.110666807,/novatel/oem7/bestvel,/novatel/oem7/bestpos,/novatel/oem7/bestvel,39.663,-75.756,33.180782247,0.002610739,-0.001141203,,,,8.476563358,novatel_oem7_msgs.msg.SolutionStatus(status=0),novatel_oem7_msgs.msg.PositionOrVelocityType(type=53)
1786043715115389304,1786043715.114716700,/novatel/oem7/odom,/novatel/oem7/bestpos,/novatel/oem7/odom,39.663,-75.756,33.180782247,0.002600410,-0.001364820,0.001228790,0.002291769,-0.001364820,,,
1786043715125896808,1786043715.125355610,/novatel/oem7/inspva,/novatel/oem7/inspva,/novatel/oem7/inspva,39.663,-75.756,-1.801404475,0.004362865,0.000004886,0.003921364,0.001912458,0.000004886,,novatel_oem7_msgs.msg.InertialSolutionStatus(status=3),
1786043715127353340,1786043715.125555915,/novatel/oem7/fix,/novatel/oem7/fix,/novatel/oem7/inspva,39.663,-75.756,-1.801404475,0.004362865,0.000004886,0.003921364,0.001912458,0.000004886,,0,
1786043715128534671,1786043715.126195621,/novatel/oem7/odom,/novatel/oem7/fix,/novatel/oem7/odom,39.663,-75.756,-1.801404475,0.004362801,0.000024176,0.002104410,0.003821713,0.000024176,,,
1786043715135891514,1786043715.135176100,/novatel/oem7/odom,/novatel/oem7/fix,/novatel/oem7/odom,39.663,-75.756,-1.801404475,0.004362801,0.000024176,0.002104410,0.003821713,0.000024176,,,
1786043715146774663,1786043715.146189467,/novatel/oem7/inspva,/novatel/oem7/inspva,/novatel/oem7/inspva,39.663,-75.756,-1.801380315,0.003957366,-0.000614704,0.003928101,0.000480386,-0.000614704,,novatel_oem7_msgs.msg.InertialSolutionStatus(status=3),
1786043715148229417,1786043715.146377432,/novatel/oem7/fix,/novatel/oem7/fix,/novatel/oem7/inspva,39.663,-75.756,-1.801380315,0.003957366,-0.000614704,0.003928101,0.000480386,-0.000614704,,0,
1786043715149377895,1786043715.146957258,/novatel/oem7/odom,/novatel/oem7/fix,/novatel/oem7/odom,39.663,-75.756,-1.801380315,0.003959450,-0.000601136,0.000677034,0.003901137,-0.000601136,,,
1786043715156446602,1786043715.155746435,/novatel/oem7/odom,/novatel/oem7/fix,/novatel/oem7/odom,39.663,-75.756,-1.801380315,0.003959450,-0.000601136,0.000677034,0.003901137,-0.000601136,,,
1786043715165932080,1786043715.165385988,/novatel/oem7/inspva,/novatel/oem7/inspva,/novatel/oem7/inspva,39.663,-75.756,-1.801377841,0.002543916,-0.003219397,0.002543788,0.000025494,-0.003219397,,novatel_oem7_msgs.msg.InertialSolutionStatus(status=3),
1786043715167304403,1786043715.165587033,/novatel/oem7/fix,/novatel/oem7/fix,/novatel/oem7/inspva,39.663,-75.756,-1.801377841,0.002543916,-0.003219397,0.002543788,0.000025494,-0.003219397,,0,
1786043715168412118,1786043715.166213152,/novatel/oem7/odom,/novatel/oem7/fix,/novatel/oem7/odom,39.663,-75.756,-1.801377841,0.002553542,-0.003211767,0.000164587,0.002548232,-0.003211767,,,
1786043715176575415,1786043715.175824385,/novatel/oem7/odom,/novatel/oem7/fix,/novatel/oem7/odom,39.663,-75.756,-1.801377841,0.002553542,-0.003211767,0.000164587,0.002548232,-0.003211767,,,
1786043715185683983,1786043715.185133867,/novatel/oem7/inspva,/novatel/oem7/inspva,/novatel/oem7/inspva,39.663,-75.756,-1.801339333,0.002676751,-0.001529440,0.002116984,0.001638101,-0.001529440,,novatel_oem7_msgs.msg.InertialSolutionStatus(status=3),
1786043715187108684,1786043715.185313672,/novatel/oem7/fix,/novatel/oem7/fix,/novatel/oem7/inspva,39.663,-75.756,-1.801339333,0.002676751,-0.001529440,0.002116984,0.001638101,-0.001529440,,0,
1786043715188265172,1786043715.185683540,/novatel/oem7/odom,/novatel/oem7/fix,/novatel/oem7/odom,39.663,-75.756,-1.801339333,0.002683996,-0.001516690,0.001747238,0.002037399,-0.001516690,,,
1786043715195233715,1786043715.194545391,/novatel/oem7/odom,/novatel/oem7/fix,/novatel/oem7/odom,39.663,-75.756,-1.801339333,0.002683996,-0.001516690,0.001747238,0.002037399,-0.001516690,,,
1786043715208135856,1786043715.206648705,/novatel/oem7/inspva,/novatel/oem7/inspva,/novatel/oem7/inspva,39.663,-75.756,-1.801315438,0.003155074,-0.000090565,0.002838965,0.001376505,-0.000090565,,novatel_oem7_msgs.msg.InertialSolutionStatus(status=3),
1786043715209649548,1786043715.206891237,/novatel/oem7/fix,/novatel/oem7/fix,/novatel/oem7/inspva,39.663,-75.756,-1.801315438,0.003155074,-0.000090565,0.002838965,0.001376505,-0.000090565,,0,
1786043715210846123,1786043715.207676075,/novatel/oem7/odom,/novatel/oem7/fix,/novatel/oem7/odom,39.663,-75.756,-1.801315438,0.002684067,-0.001516564,0.001747330,0.002037414,-0.001516564,,,
1786043715212381555,1786043715.210472582,/novatel/oem7/bestpos,/novatel/oem7/bestpos,/novatel/oem7/odom,39.663,-75.756,33.180875164,0.002684067,-0.001516564,0.001747330,0.002037414,-0.001516564,,novatel_oem7_msgs.msg.SolutionStatus(status=0),novatel_oem7_msgs.msg.PositionOrVelocityType(type=53)
1786043715213409716,1786043715.210967384,/novatel/oem7/bestvel,/novatel/oem7/bestpos,/novatel/oem7/bestvel,39.663,-75.756,33.180875164,0.004585231,-0.001284817,,,,45.161782236,novatel_oem7_msgs.msg.SolutionStatus(status=0),novatel_oem7_msgs.msg.PositionOrVelocityType(type=53)
1786043715215732142,1786043715.215023955,/novatel/oem7/odom,/novatel/oem7/bestpos,/novatel/oem7/odom,39.663,-75.756,33.180875164,0.003155443,-0.000076611,0.001515860,0.002767488,-0.000076611,,,
1786043715225682244,1786043715.225102568,/novatel/oem7/inspva,/novatel/oem7/inspva,/novatel/oem7/inspva,39.663,-75.756,-1.801292869,0.003445005,-0.000720483,0.003331524,0.000876930,-0.000720483,,novatel_oem7_msgs.msg.InertialSolutionStatus(status=3),
1786043715227109385,1786043715.225283973,/novatel/oem7/fix,/novatel/oem7/fix,/novatel/oem7/inspva,39.663,-75.756,-1.801292869,0.003445005,-0.000720483,0.003331524,0.000876930,-0.000720483,,0,
1786043715228284690,1786043715.225737438,/novatel/oem7/odom,/novatel/oem7/fix,/novatel/oem7/odom,39.663,-75.756,-1.801292869,0.003447776,-0.000707104,0.001043931,0.003285934,-0.000707104,,,
1786043715236397844,1786043715.235698967,/novatel/oem7/odom,/novatel/oem7/fix,/novatel/oem7/odom,39.663,-75.756,-1.801292869,0.003447776,-0.000707104,0.001043931,0.003285934,-0.000707104,,,
1786043715246025473,1786043715.245476137,/novatel/oem7/inspva,/novatel/oem7/inspva,/novatel/oem7/inspva,39.663,-75.756,-1.801285349,0.003498295,-0.002078709,0.003464815,0.000482833,-0.002078709,,novatel_oem7_msgs.msg.InertialSolutionStatus(status=3),
1786043715247527528,1786043715.245655852,/novatel/oem7/fix,/novatel/oem7/fix,/novatel/oem7/inspva,39.663,-75.756,-1.801285349,0.003498295,-0.002078709,0.003464815,0.000482833,-0.002078709,,0,
1786043715248683083,1786043715.246455847,/novatel/oem7/odom,/novatel/oem7/fix,/novatel/oem7/odom,39.663,-75.756,-1.801285349,0.003505490,-0.002066554,0.000662491,0.003442320,-0.002066554,,,
1786043715257158794,1786043715.256487190,/novatel/oem7/odom,/novatel/oem7/fix,/novatel/oem7/odom,39.663,-75.756,-1.801285349,0.003505490,-0.002066554,0.000662491,0.003442320,-0.002066554,,,
1786043715266664651,1786043715.266118233,/novatel/oem7/inspva,/novatel/oem7/inspva,/novatel/oem7/inspva,39.663,-75.756,-1.801256748,0.002630166,-0.002679518,0.002525329,0.000735179,-0.002679518,,novatel_oem7_msgs.msg.InertialSolutionStatus(status=3),
1786043715268046475,1786043715.266280431,/novatel/oem7/fix,/novatel/oem7/fix,/novatel/oem7/inspva,39.663,-75.756,-1.801256748,0.002630166,-0.002679518,0.002525329,0.000735179,-0.002679518,,0,
1786043715269181333,1786043715.266737696,/novatel/oem7/odom,/novatel/oem7/fix,/novatel/oem7/odom,39.663,-75.756,-1.801256748,0.002640719,-0.002669118,0.000870394,0.002493153,-0.002669118,,,
1786043715275652795,1786043715.274933671,/novatel/oem7/odom,/novatel/oem7/fix,/novatel/oem7/odom,39.663,-75.756,-1.801256748,0.002640719,-0.002669118,0.000870394,0.002493153,-0.002669118,,,
1786043715285868492,1786043715.285311494,/novatel/oem7/inspva,/novatel/oem7/inspva,/novatel/oem7/inspva,39.663,-75.756,-1.801225037,0.002876764,0.000063990,0.002216837,0.001833414,0.000063990,,novatel_oem7_msgs.msg.InertialSolutionStatus(status=3),
1786043715287279480,1786043715.285499656,/novatel/oem7/fix,/novatel/oem7/fix,/novatel/oem7/inspva,39.663,-75.756,-1.801225037,0.002876764,0.000063990,0.002216837,0.001833414,0.000063990,,0,
1786043715288417448,1786043715.286180299,/novatel/oem7/odom,/novatel/oem7/fix,/novatel/oem7/odom,39.663,-75.756,-1.801225037,0.002876421,0.000077899,0.001940749,0.002123038,0.000077899,,,
1786043715296168392,1786043715.295516425,/novatel/oem7/odom,/novatel/oem7/fix,/novatel/oem7/odom,39.663,-75.756,-1.801225037,0.002876421,0.000077899,0.001940749,0.002123038,0.000077899,,,
1786043715306527625,1786043715.305982226,/novatel/oem7/inspva,/novatel/oem7/inspva,/novatel/oem7/inspva,39.663,-75.756,-1.801207888,0.003138021,-0.000169218,0.002781440,0.001452848,-0.000169218,,novatel_oem7_msgs.msg.InertialSolutionStatus(status=3),
1786043715307906545,1786043715.306146704,/novatel/oem7/fix,/novatel/oem7/fix,/novatel/oem7/inspva,39.663,-75.756,-1.801207888,0.003138021,-0.000169218,0.002781440,0.001452848,-0.000169218,,0,
1786043715309009289,1786043715.306571172,/novatel/oem7/odom,/novatel/oem7/fix,/novatel/oem7/odom,39.663,-75.756,-1.801207888,0.003138746,-0.000155181,0.001589588,0.002706462,-0.000155181,,,
1786043715310535958,1786043715.309620319,/novatel/oem7/bestpos,/novatel/oem7/bestpos,/novatel/oem7/odom,39.663,-75.756,33.180991095,0.003138746,-0.000155181,0.001589588,0.002706462,-0.000155181,,novatel_oem7_msgs.msg.SolutionStatus(status=0),novatel_oem7_msgs.msg.PositionOrVelocityType(type=53)
1786043715312009219,1786043715.310247835,/novatel/oem7/bestvel,/novatel/oem7/bestpos,/novatel/oem7/bestvel,39.663,-75.756,33.180991095,0.003896871,-0.000805445,,,,34.186959106,novatel_oem7_msgs.msg.SolutionStatus(status=0),novatel_oem7_msgs.msg.PositionOrVelocityType(type=53)
1786043715315127320,1786043715.314461060,/novatel/oem7/odom,/novatel/oem7/bestpos,/novatel/oem7/odom,39.663,-75.756,33.180991095,0.003138746,-0.000155181,0.001589588,0.002706462,-0.000155181,,,
1786043715327106396,1786043715.326566361,/novatel/oem7/inspva,/novatel/oem7/inspva,/novatel/oem7/inspva,39.663,-75.756,-1.801204303,0.003748333,-0.001912578,0.003715440,0.000495482,-0.001912578,,novatel_oem7_msgs.msg.InertialSolutionStatus(status=3),
1786043715328502040,1786043715.326754783,/novatel/oem7/fix,/novatel/oem7/fix,/novatel/oem7/inspva,39.663,-75.756,-1.801204303,0.003748333,-0.001912578,0.003715440,0.000495482,-0.001912578,,0,
1786043715329627991,1786043715.327156900,/novatel/oem7/odom,/novatel/oem7/fix,/novatel/oem7/odom,39.663,-75.756,-1.801204303,0.003754908,-0.001899636,0.000686894,0.003691546,-0.001899636,,,
1786043715335747125,1786043715.335059875,/novatel/oem7/odom,/novatel/oem7/fix,/novatel/oem7/odom,39.663,-75.756,-1.801204303,0.003754908,-0.001899636,0.000686894,0.003691546,-0.001899636,,,
1786043715345517413,1786043715.344925154,/novatel/oem7/inspva,/novatel/oem7/inspva,/novatel/oem7/inspva,39.663,-75.756,-1.801176405,0.003411546,-0.002543834,0.003327183,0.000753989,-0.002543834,,novatel_oem7_msgs.msg.InertialSolutionStatus(status=3),
1786043715346951107,1786043715.345083055,/novatel/oem7/fix,/novatel/oem7/fix,/novatel/oem7/inspva,39.663,-75.756,-1.801176405,0.003411546,-0.002543834,0.003327183,0.000753989,-0.002543834,,0,
1786043715348119061,1786043715.345450880,/novatel/oem7/odom,/novatel/oem7/fix,/novatel/oem7/odom,39.663,-75.756,-1.801176405,0.003421064,-0.002531019,0.000928382,0.003292686,-0.002531019,,,
1786043715356628786,1786043715.355927279,/novatel/oem7/odom,/novatel/oem7/fix,/novatel/oem7/odom,39.663,-75.756,-1.801176405,0.003421064,-0.002531019,0.000928382,0.003292686,-0.002531019,,,
1786043715365789134,1786043715.365248002,/novatel/oem7/inspva,/novatel/oem7/inspva,/novatel/oem7/inspva,39.663,-75.756,-1.801140104,0.001998429,0.000002927,0.001578079,0.001226126,0.000002927,,novatel_oem7_msgs.msg.InertialSolutionStatus(status=3),
1786043715367208888,1786043715.365413870,/novatel/oem7/fix,/novatel/oem7/fix,/novatel/oem7/inspva,39.663,-75.756,-1.801140104,0.001998429,0.000002927,0.001578079,0.001226126,0.000002927,,0,
1786043715368516614,1786043715.366117403,/novatel/oem7/odom,/novatel/oem7/fix,/novatel/oem7/odom,39.663,-75.756,-1.801140104,0.001998392,0.000012504,0.001302783,0.001515363,0.000012504,,,
1786043715375586882,1786043715.374877058,/novatel/oem7/odom,/novatel/oem7/fix,/novatel/oem7/odom,39.663,-75.756,-1.801140104,0.001998392,0.000012504,0.001302783,0.001515363,0.000012504,,,
1786043715386475347,1786043715.385973374,/novatel/oem7/inspva,/novatel/oem7/inspva,/novatel/oem7/inspva,39.663,-75.756,-1.801116555,0.003407383,0.000352158,0.002415249,0.002403504,0.000352158,,novatel_oem7_msgs.msg.InertialSolutionStatus(status=3),
1786043715387911064,1786043715.386049015,/novatel/oem7/fix,/novatel/oem7/fix,/novatel/oem7/inspva,39.663,-75.756,-1.801116555,0.003407383,0.000352158,0.002415249,0.002403504,0.000352158,,0,
1786043715389036012,1786043715.386490698,/novatel/oem7/odom,/novatel/oem7/fix,/novatel/oem7/odom,39.663,-75.756,-1.801116555,0.003405611,0.000368901,0.002518771,0.002292156,0.000368901,,,
1786043715395202100,1786043715.394518423,/novatel/oem7/odom,/novatel/oem7/fix,/novatel/oem7/odom,39.663,-75.756,-1.801116555,0.003405611,0.000368901,0.002518771,0.002292156,0.000368901,,,
1786043715406988031,1786043715.406460922,/novatel/oem7/inspva,/novatel/oem7/inspva,/novatel/oem7/inspva,39.663,-75.756,-1.801113514,0.003635017,-0.001558872,0.003572691,0.000670247,-0.001558872,,novatel_oem7_msgs.msg.InertialSolutionStatus(status=3),
1786043715408433605,1786043715.406629423,/novatel/oem7/fix,/novatel/oem7/fix,/novatel/oem7/inspva,39.663,-75.756,-1.801113514,0.003635017,-0.001558872,0.003572691,0.000670247,-0.001558872,,0,
1786043715409596573,1786043715.407094403,/novatel/oem7/odom,/novatel/oem7/fix,/novatel/oem7/odom,39.663,-75.756,-1.801113514,0.003640667,-0.001545632,0.000852928,0.003539346,-0.001545632,,,
1786043715411191426,1786043715.410270183,/novatel/oem7/bestpos,/novatel/oem7/bestpos,/novatel/oem7/odom,39.663,-75.756,33.181083562,0.003640667,-0.001545632,0.000852928,0.003539346,-0.001545632,,novatel_oem7_msgs.msg.SolutionStatus(status=0),novatel_oem7_msgs.msg.PositionOrVelocityType(type=53)
1786043715412731174,1786043715.410812002,/novatel/oem7/bestvel,/novatel/oem7/bestpos,/novatel/oem7/bestvel,39.663,-75.756,33.181083562,0.003593124,-0.001843426,,,,27.460998192,novatel_oem7_msgs.msg.SolutionStatus(status=0),novatel_oem7_msgs.msg.PositionOrVelocityType(type=53)
1786043715416172692,1786043715.415507934,/novatel/oem7/odom,/novatel/oem7/bestpos,/novatel/oem7/odom,39.663,-75.756,33.181083562,0.003640667,-0.001545632,0.000852928,0.003539346,-0.001545632,,,
1786043715425611952,1786043715.425016623,/novatel/oem7/inspva,/novatel/oem7/inspva,/novatel/oem7/inspva,39.663,-75.756,-1.801084680,0.003686121,-0.002436759,0.003635285,0.000610072,-0.002436759,,novatel_oem7_msgs.msg.InertialSolutionStatus(status=3),
1786043715427456061,1786043715.425178688,/novatel/oem7/fix,/novatel/oem7/fix,/novatel/oem7/inspva,39.663,-75.756,-1.801084680,0.003686121,-0.002436759,0.003635285,0.000610072,-0.002436759,,0,
1786043715428639312,1786043715.425689353,/novatel/oem7/odom,/novatel/oem7/fix,/novatel/oem7/odom,39.663,-75.756,-1.801084680,0.003694784,-0.002423604,0.000799396,0.003607269,-0.002423604,,,
1786043715435187964,1786043715.434456467,/novatel/oem7/odom,/novatel/oem7/fix,/novatel/oem7/odom,39.663,-75.756,-1.801084680,0.003694784,-0.002423604,0.000799396,0.003607269,-0.002423604,,,
1786043715447141866,1786043715.446583878,/novatel/oem7/inspva,/novatel/oem7/inspva,/novatel/oem7/inspva,39.663,-75.756,-1.801069966,0.002645714,-0.001684993,0.001122313,0.002395875,-0.001684993,,novatel_oem7_msgs.msg.InertialSolutionStatus(status=3),
1786043715448624021,1786043715.446769446,/novatel/oem7/fix,/novatel/oem7/fix,/novatel/oem7/inspva,39.663,-75.756,-1.801069966,0.002645714,-0.001684993,0.001122313,0.002395875,-0.001684993,,0,
1786043715449768779,1786043715.447207421,/novatel/oem7/odom,/novatel/oem7/fix,/novatel/oem7/odom,39.663,-75.756,-1.801069966,0.002653854,-0.001672143,0.002455427,0.001006886,-0.001672143,,,
1786043715457072202,1786043715.456347255,/novatel/oem7/odom,/novatel/oem7/fix,/novatel/oem7/odom,39.663,-75.756,-1.801069966,0.002653854,-0.001672143,0.002455427,0.001006886,-0.001672143,,,
1786043715465675404,1786043715.464981037,/novatel/oem7/inspva,/novatel/oem7/inspva,/novatel/oem7/inspva,39.663,-75.756,-1.801034251,0.002882083,0.000021753,0.001808317,0.002244191,0.000021753,,novatel_oem7_msgs.msg.InertialSolutionStatus(status=3),
1786043715467101552,1786043715.465155269,/novatel/oem7/fix,/novatel/oem7/fix,/novatel/oem7/inspva,39.663,-75.756,-1.801034251,0.002882083,0.000021753,0.001808317,0.002244191,0.000021753,,0,
1786043715468283300,1786043715.465680414,/novatel/oem7/odom,/novatel/oem7/fix,/novatel/oem7/odom,39.663,-75.756,-1.801034251,0.002881940,0.000036045,0.002330904,0.001694835,0.000036045,,,
1786043715476209379,1786043715.475491692,/novatel/oem7/odom,/novatel/oem7/fix,/novatel/oem7/odom,39.663,-75.756,-1.801034251,0.002881940,0.000036045,0.002330904,0.001694835,0.000036045,,,
1786043715486013733,1786043715.485477204,/novatel/oem7/inspva,/novatel/oem7/inspva,/novatel/oem7/inspva,39.663,-75.756,-1.801026759,0.003477868,-0.000680323,0.003355092,0.000915930,-0.000680323,,novatel_oem7_msgs.msg.InertialSolutionStatus(status=3),
1786043715487553475,1786043715.485667553,/novatel/oem7/fix,/novatel/oem7/fix,/novatel/oem7/inspva,39.663,-75.756,-1.801026759,0.003477868,-0.000680323,0.003355092,0.000915930,-0.000680323,,0,
1786043715488764860,1786043715.486393554,/novatel/oem7/odom,/novatel/oem7/fix,/novatel/oem7/odom,39.663,-75.756,-1.801026759,0.003480496,-0.000666752,0.001083872,0.003307427,-0.000666752,,,
1786043715495643533,1786043715.494936481,/novatel/oem7/odom,/novatel/oem7/fix,/novatel/oem7/odom,39.663,-75.756,-1.801026759,0.003480496,-0.000666752,0.001083872,0.003307427,-0.000666752,,,
1786043715506645382,1786043715.506073852,/novatel/oem7/inspva,/novatel/oem7/inspva,/novatel/oem7/inspva,39.663,-75.756,-1.800993542,0.003408998,-0.001225679,0.003404268,0.000179511,-0.001225679,,novatel_oem7_msgs.msg.InertialSolutionStatus(status=3),
1786043715508062319,1786043715.506275618,/novatel/oem7/fix,/novatel/oem7/fix,/novatel/oem7/inspva,39.663,-75.756,-1.800993542,0.003408998,-0.001225679,0.003404268,0.000179511,-0.001225679,,0,
1786043715509174557,1786043715.506741447,/novatel/oem7/odom,/novatel/oem7/fix,/novatel/oem7/odom,39.663,-75.756,-1.800993542,0.003412822,-0.001214989,0.000352968,0.003394521,-0.001214989,,,
1786043715511977935,1786043715.511361545,/novatel/oem7/bestpos,/novatel/oem7/bestpos,/novatel/oem7/odom,39.663,-75.756,33.181212263,0.003412822,-0.001214989,0.000352968,0.003394521,-0.001214989,,novatel_oem7_msgs.msg.SolutionStatus(status=0),novatel_oem7_msgs.msg.PositionOrVelocityType(type=53)
1786043715513507130,1786043715.511766436,/novatel/oem7/bestvel,/novatel/oem7/bestpos,/novatel/oem7/bestvel,39.663,-75.756,33.181212263,0.002763756,-0.001287733,,,,35.252200404,novatel_oem7_msgs.msg.SolutionStatus(status=0),novatel_oem7_msgs.msg.PositionOrVelocityType(type=53)
1786043715515633845,1786043715.514719665,/novatel/oem7/odom,/novatel/oem7/bestpos,/novatel/oem7/odom,39.663,-75.756,33.181212263,0.003412822,-0.001214989,0.000352968,0.003394521,-0.001214989,,,
1786043715526317868,1786043715.525713862,/novatel/oem7/inspva,/novatel/oem7/inspva,/novatel/oem7/inspva,39.663,-75.756,-1.800979283,0.002578831,-0.001792286,0.001226459,0.002268517,-0.001792286,,novatel_oem7_msgs.msg.InertialSolutionStatus(status=3),
1786043715527804685,1786043715.525927897,/novatel/oem7/fix,/novatel/oem7/fix,/novatel/oem7/inspva,39.663,-75.756,-1.800979283,0.002578831,-0.001792286,0.001226459,0.002268517,-0.001792286,,0,
1786043715529011664,1786043715.526247443,/novatel/oem7/odom,/novatel/oem7/fix,/novatel/oem7/odom,39.663,-75.756,-1.800979283,0.002587562,-0.001779657,0.002333815,0.001117492,-0.001779657,,,
1786043715536244910,1786043715.535515745,/novatel/oem7/odom,/novatel/oem7/fix,/novatel/oem7/odom,39.663,-75.756,-1.800979283,0.002587562,-0.001779657,0.002333815,0.001117492,-0.001779657,,,
1786043715545556255,1786043715.544967459,/novatel/oem7/inspva,/novatel/oem7/inspva,/novatel/oem7/inspva,39.663,-75.756,-1.800950219,0.002773855,-0.000724122,0.001249696,0.002476395,-0.000724122,,novatel_oem7_msgs.msg.InertialSolutionStatus(status=3),
1786043715547133188,1786043715.545144615,/novatel/oem7/fix,/novatel/oem7/fix,/novatel/oem7/inspva,39.663,-75.756,-1.800950219,0.002773855,-0.000724122,0.001249696,0.002476395,-0.000724122,,0,
1786043715548303386,1786043715.545593569,/novatel/oem7/odom,/novatel/oem7/fix,/novatel/oem7/odom,39.663,-75.756,-1.800950219,0.002777367,-0.000710530,0.002538234,0.001127447,-0.000710530,,,
1786043715556344779,1786043715.555681443,/novatel/oem7/odom,/novatel/oem7/fix,/novatel/oem7/odom,39.663,-75.756,-1.800950219,0.002777367,-0.000710530,0.002538234,0.001127447,-0.000710530,,,
1786043715567189664,1786043715.566598471,/novatel/oem7/inspva,/novatel/oem7/inspva,/novatel/oem7/inspva,39.663,-75.756,-1.800926885,0.003241007,0.000442613,0.003167834,0.000684798,0.000442613,,novatel_oem7_msgs.msg.InertialSolutionStatus(status=3),
1786043715568727156,1786043715.566757176,/novatel/oem7/fix,/novatel/oem7/fix,/novatel/oem7/inspva,39.663,-75.756,-1.800926885,0.003241007,0.000442613,0.003167834,0.000684798,0.000442613,,0,
1786043715569903797,1786043715.567192030,/novatel/oem7/odom,/novatel/oem7/fix,/novatel/oem7/odom,39.663,-75.756,-1.800926885,0.003239334,0.000454695,0.000839069,0.003128777,0.000454695,,,
1786043715575902594,1786043715.575144849,/novatel/oem7/odom,/novatel/oem7/fix,/novatel/oem7/odom,39.663,-75.756,-1.800926885,0.003239334,0.000454695,0.000839069,0.003128777,0.000454695,,,
1786043715585713515,1786043715.585104625,/novatel/oem7/inspva,/novatel/oem7/inspva,/novatel/oem7/inspva,39.663,-75.756,-1.800907634,0.003178554,-0.001123748,0.003178435,0.000027492,-0.001123748,,novatel_oem7_msgs.msg.InertialSolutionStatus(status=3),
1786043715587189173,1786043715.585296604,/novatel/oem7/fix,/novatel/oem7/fix,/novatel/oem7/inspva,39.663,-75.756,-1.800907634,0.003178554,-0.001123748,0.003178435,0.000027492,-0.001123748,,0,
1786043715588336021,1786043715.585719792,/novatel/oem7/odom,/novatel/oem7/fix,/novatel/oem7/odom,39.663,-75.756,-1.800907634,0.003181862,-0.001114346,0.000189566,0.003176210,-0.001114346,,,
1786043715596403421,1786043715.595567836,/novatel/oem7/odom,/novatel/oem7/fix,/novatel/oem7/odom,39.663,-75.756,-1.800907634,0.003181862,-0.001114346,0.000189566,0.003176210,-0.001114346,,,
1786043715607122628,1786043715.606552632,/novatel/oem7/inspva,/novatel/oem7/inspva,/novatel/oem7/inspva,39.663,-75.756,-1.800902089,0.002173928,-0.002127717,0.001833285,0.001168345,-0.002127717,,novatel_oem7_msgs.msg.InertialSolutionStatus(status=3),
1786043715610242916,1786043715.606726274,/novatel/oem7/fix,/novatel/oem7/fix,/novatel/oem7/inspva,39.663,-75.756,-1.800902089,0.002173928,-0.002127717,0.001833285,0.001168345,-0.002127717,,0,
1786043715611406430,1786043715.607207242,/novatel/oem7/odom,/novatel/oem7/fix,/novatel/oem7/odom,39.663,-75.756,-1.800902089,0.002183695,-0.002117692,0.001266418,0.001778963,-0.002117692,,,
1786043715613016533,1786043715.610342273,/novatel/oem7/bestpos,/novatel/oem7/bestpos,/novatel/oem7/odom,39.663,-75.756,33.181313720,0.002183695,-0.002117692,0.001266418,0.001778963,-0.002117692,,novatel_oem7_msgs.msg.SolutionStatus(status=0),novatel_oem7_msgs.msg.PositionOrVelocityType(type=53)
1786043715614020510,1786043715.610751027,/novatel/oem7/bestvel,/novatel/oem7/bestpos,/novatel/oem7/bestvel,39.663,-75.756,33.181313720,0.001791891,-0.001194865,,,,343.383942571,novatel_oem7_msgs.msg.SolutionStatus(status=0),novatel_oem7_msgs.msg.PositionOrVelocityType(type=53)
1786043715616172631,1786043715.615229492,/novatel/oem7/odom,/novatel/oem7/bestpos,/novatel/oem7/odom,39.663,-75.756,33.181313720,0.002183695,-0.002117692,0.001266418,0.001778963,-0.002117692,,,
1786043715626771827,1786043715.626213001,/novatel/oem7/inspva,/novatel/oem7/inspva,/novatel/oem7/inspva,39.663,-75.756,-1.800878339,0.002563414,-0.001066396,0.001192790,0.002268996,-0.001066396,,novatel_oem7_msgs.msg.InertialSolutionStatus(status=3),
1786043715628199897,1786043715.626375223,/novatel/oem7/fix,/novatel/oem7/fix,/novatel/oem7/inspva,39.663,-75.756,-1.800878339,0.002563414,-0.001066396,0.001192790,0.002268996,-0.001066396,,0,
1786043715629343548,1786043715.626863634,/novatel/oem7/odom,/novatel/oem7/fix,/novatel/oem7/odom,39.663,-75.756,-1.800878339,0.002568603,-0.001053836,0.002329670,0.001081832,-0.001053836,,,
1786043715635554754,1786043715.634802923,/novatel/oem7/odom,/novatel/oem7/fix,/novatel/oem7/odom,39.663,-75.756,-1.800878339,0.002568603,-0.001053836,0.002329670,0.001081832,-0.001053836,,,
1786043715645941534,1786043715.645414748,/novatel/oem7/inspva,/novatel/oem7/inspva,/novatel/oem7/inspva,39.663,-75.756,-1.800853657,0.002592504,0.000413721,0.002022915,0.001621385,0.000413721,,novatel_oem7_msgs.msg.InertialSolutionStatus(status=3),
1786043715647481306,1786043715.645592987,/novatel/oem7/fix,/novatel/oem7/fix,/novatel/oem7/inspva,39.663,-75.756,-1.800853657,0.002592504,0.000413721,0.002022915,0.001621385,0.000413721,,0,
1786043715648653301,1786043715.646343115,/novatel/oem7/odom,/novatel/oem7/fix,/novatel/oem7/odom,39.663,-75.756,-1.800853657,0.002590487,0.000426167,0.001717906,0.001938923,0.000426167,,,
1786043715656860592,1786043715.656158598,/novatel/oem7/odom,/novatel/oem7/fix,/novatel/oem7/odom,39.663,-75.756,-1.800853657,0.002590487,0.000426167,0.001717906,0.001938923,0.000426167,,,
1786043715665658894,1786043715.665075794,/novatel/oem7/inspva,/novatel/oem7/inspva,/novatel/oem7/inspva,39.663,-75.756,-1.800825478,0.002415652,0.000623105,0.002379200,0.000418071,0.000623105,,novatel_oem7_msgs.msg.InertialSolutionStatus(status=3),
1786043715667153942,1786043715.665290013,/novatel/oem7/fix,/novatel/oem7/fix,/novatel/oem7/inspva,39.663,-75.756,-1.800825478,0.002415652,0.000623105,0.002379200,0.000418071,0.000623105,,0,
1786043715668385827,1786043715.665681237,/novatel/oem7/odom,/novatel/oem7/fix,/novatel/oem7/odom,39.663,-75.756,-1.800825478,0.002413415,0.000631713,0.000532813,0.002353866,0.000631713,,,
1786043715675129331,1786043715.674347823,/novatel/oem7/odom,/novatel/oem7/fix,/novatel/oem7/odom,39.663,-75.756,-1.800825478,0.002413415,0.000631713,0.000532813,0.002353866,0.000631713,,,
1786043715686879131,1786043715.686325635,/novatel/oem7/inspva,/novatel/oem7/inspva,/novatel/oem7/inspva,39.663,-75.756,-1.800835033,0.001512974,-0.003040834,0.001208595,0.000910158,-0.003040834,,novatel_oem7_msgs.msg.InertialSolutionStatus(status=3),
1786043715688352795,1786043715.686548648,/novatel/oem7/fix,/novatel/oem7/fix,/novatel/oem7/inspva,39.663,-75.756,-1.800835033,0.001512974,-0.003040834,0.001208595,0.000910158,-0.003040834,,0,
1786043715689488230,1786043715.687014339,/novatel/oem7/odom,/novatel/oem7/fix,/novatel/oem7/odom,39.663,-75.756,-1.800835033,0.001527298,-0.003033665,0.000981378,0.001170272,-0.003033665,,,
1786043715695872530,1786043715.695146597,/novatel/oem7/odom,/novatel/oem7/fix,/novatel/oem7/odom,39.663,-75.756,-1.800835033,0.001527298,-0.003033665,0.000981378,0.001170272,-0.003033665,,,
1786043715706307418,1786043715.705790066,/novatel/oem7/inspva,/novatel/oem7/inspva,/novatel/oem7/inspva,39.663,-75.756,-1.800792016,0.002328436,-0.001360096,0.000532235,0.002266791,-0.001360096,,novatel_oem7_msgs.msg.InertialSolutionStatus(status=3),
1786043715707830129,1786043715.705954867,/novatel/oem7/fix,/novatel/oem7/fix,/novatel/oem7/inspva,39.663,-75.756,-1.800792016,0.002328436,-0.001360096,0.000532235,0.002266791,-0.001360096,,0,
1786043715708936474,1786043715.706404315,/novatel/oem7/odom,/novatel/oem7/fix,/novatel/oem7/odom,39.663,-75.756,-1.800792016,0.002334592,-0.001349503,0.002295952,0.000422994,-0.001349503,,,
1786043715710619844,1786043715.709256160,/novatel/oem7/bestpos,/novatel/oem7/bestpos,/novatel/oem7/odom,39.663,-75.756,33.181413000,0.002334592,-0.001349503,0.002295952,0.000422994,-0.001349503,,novatel_oem7_msgs.msg.SolutionStatus(status=0),novatel_oem7_msgs.msg.PositionOrVelocityType(type=53)
1786043715711617827,1786043715.709628234,/novatel/oem7/bestvel,/novatel/oem7/bestpos,/novatel/oem7/bestvel,39.663,-75.756,33.181413000,0.001473776,-0.000880132,,,,70.989323846,novatel_oem7_msgs.msg.SolutionStatus(status=0),novatel_oem7_msgs.msg.PositionOrVelocityType(type=53)
1786043715716068415,1786043715.715390778,/novatel/oem7/odom,/novatel/oem7/bestpos,/novatel/oem7/odom,39.663,-75.756,33.181413000,0.002334592,-0.001349503,0.002295952,0.000422994,-0.001349503,,,
1786043715726577389,1786043715.725977030,/novatel/oem7/inspva,/novatel/oem7/inspva,/novatel/oem7/inspva,39.663,-75.756,-1.800753437,0.001922731,0.001338283,0.001150406,0.001540604,0.001338283,,novatel_oem7_msgs.msg.InertialSolutionStatus(status=3),
1786043715728061824,1786043715.726128611,/novatel/oem7/fix,/novatel/oem7/fix,/novatel/oem7/inspva,39.663,-75.756,-1.800753437,0.001922731,0.001338283,0.001150406,0.001540604,0.001338283,,0,
1786043715729250742,1786043715.726860935,/novatel/oem7/odom,/novatel/oem7/fix,/novatel/oem7/odom,39.663,-75.756,-1.800753437,0.001916035,0.001347853,0.001590088,0.001069022,0.001347853,,,
1786043715735799071,1786043715.735041864,/novatel/oem7/odom,/novatel/oem7/fix,/novatel/oem7/odom,39.663,-75.756,-1.800753437,0.001916035,0.001347853,0.001590088,0.001069022,0.001347853,,,
1786043715746929425,1786043715.746368876,/novatel/oem7/inspva,/novatel/oem7/inspva,/novatel/oem7/inspva,39.663,-75.756,-1.800736400,0.002318731,0.000217449,0.001531324,0.001741137,0.000217449,,novatel_oem7_msgs.msg.InertialSolutionStatus(status=3),
1786043715748366556,1786043715.746532684,/novatel/oem7/fix,/novatel/oem7/fix,/novatel/oem7/inspva,39.663,-75.756,-1.800736400,0.002318731,0.000217449,0.001531324,0.001741137,0.000217449,,0,
1786043715749553188,1786043715.747045693,/novatel/oem7/odom,/novatel/oem7/fix,/novatel/oem7/odom,39.663,-75.756,-1.800736400,0.002317630,0.000228879,0.001813932,0.001442588,0.000228879,,,
1786043715756855554,1786043715.755992462,/novatel/oem7/odom,/novatel/oem7/fix,/novatel/oem7/odom,39.663,-75.756,-1.800736400,0.002317630,0.000228879,0.001813932,0.001442588,0.000228879,,,
1786043715765899467,1786043715.765356055,/novatel/oem7/inspva,/novatel/oem7/inspva,/novatel/oem7/inspva,39.663,-75.756,-1.800743619,0.002202405,-0.002336588,0.001820027,0.001240198,-0.002336588,,novatel_oem7_msgs.msg.InertialSolutionStatus(status=3),
1786043715767380325,1786043715.765544953,/novatel/oem7/fix,/novatel/oem7/fix,/novatel/oem7/inspva,39.663,-75.756,-1.800743619,0.002202405,-0.002336588,0.001820027,0.001240198,-0.002336588,,0,
1786043715768604764,1786043715.766135749,/novatel/oem7/odom,/novatel/oem7/fix,/novatel/oem7/odom,39.663,-75.756,-1.800743619,0.002213208,-0.002326359,0.001338456,0.001762619,-0.002326359,,,
1786043715776336764,1786043715.775612367,/novatel/oem7/odom,/novatel/oem7/fix,/novatel/oem7/odom,39.663,-75.756,-1.800743619,0.002213208,-0.002326359,0.001338456,0.001762619,-0.002326359,,,
1786043715785747131,1786043715.785219769,/novatel/oem7/inspva,/novatel/oem7/inspva,/novatel/oem7/inspva,39.663,-75.756,-1.800717131,0.002088493,-0.002353409,0.001147779,0.001744823,-0.002353409,,novatel_oem7_msgs.msg.InertialSolutionStatus(status=3),
1786043715787173835,1786043715.785385577,/novatel/oem7/fix,/novatel/oem7/fix,/novatel/oem7/inspva,39.663,-75.756,-1.800717131,0.002088493,-0.002353409,0.001147779,0.001744823,-0.002353409,,0,
1786043715788355744,1786043715.785892372,/novatel/oem7/odom,/novatel/oem7/fix,/novatel/oem7/odom,39.663,-75.756,-1.800717131,0.002100068,-0.002343086,0.001809245,0.001066263,-0.002343086,,,
1786043715795186115,1786043715.794492285,/novatel/oem7/odom,/novatel/oem7/fix,/novatel/oem7/odom,39.663,-75.756,-1.800717131,0.002100068,-0.002343086,0.001809245,0.001066263,-0.002343086,,,
1786043715807703479,1786043715.807123727,/novatel/oem7/inspva,/novatel/oem7/inspva,/novatel/oem7/inspva,39.663,-75.756,-1.800683044,0.002410463,0.000882028,0.000590496,0.002337016,0.000882028,,novatel_oem7_msgs.msg.InertialSolutionStatus(status=3),
1786043715809117007,1786043715.807297102,/novatel/oem7/fix,/novatel/oem7/fix,/novatel/oem7/inspva,39.663,-75.756,-1.800683044,0.002410463,0.000882028,0.000590496,0.002337016,0.000882028,,0,
1786043715810319222,1786043715.807719983,/novatel/oem7/odom,/novatel/oem7/fix,/novatel/oem7/odom,39.663,-75.756,-1.800683044,0.002406372,0.000893127,0.002359706,0.000471607,0.000893127,,,
1786043715811918034,1786043715.810320072,/novatel/oem7/bestpos,/novatel/oem7/bestpos,/novatel/oem7/odom,39.663,-75.756,33.181514114,0.002406372,0.000893127,0.002359706,0.000471607,0.000893127,,novatel_oem7_msgs.msg.SolutionStatus(status=0),novatel_oem7_msgs.msg.PositionOrVelocityType(type=53)
1786043715812883518,1786043715.810854204,/novatel/oem7/bestvel,/novatel/oem7/bestpos,/novatel/oem7/bestvel,39.663,-75.756,33.181514114,0.002583854,0.000699828,,,,72.035426442,novatel_oem7_msgs.msg.SolutionStatus(status=0),novatel_oem7_msgs.msg.PositionOrVelocityType(type=53)
1786043715816102036,1786043715.815432773,/novatel/oem7/odom,/novatel/oem7/bestpos,/novatel/oem7/odom,39.663,-75.756,33.181514114,0.002406372,0.000893127,0.002359706,0.000471607,0.000893127,,,
1786043715825528250,1786043715.824923988,/novatel/oem7/inspva,/novatel/oem7/inspva,/novatel/oem7/inspva,39.663,-75.756,-1.800678766,0.002547930,-0.000145815,0.001047461,0.002322665,-0.000145815,,novatel_oem7_msgs.msg.InertialSolutionStatus(status=3),
1786043715826968974,1786043715.825077999,/novatel/oem7/fix,/novatel/oem7/fix,/novatel/oem7/inspva,39.663,-75.756,-1.800678766,0.002547930,-0.000145815,0.001047461,0.002322665,-0.000145815,,0,
1786043715828124129,1786043715.825517500,/novatel/oem7/odom,/novatel/oem7/fix,/novatel/oem7/odom,39.663,-75.756,-1.800678766,0.002548607,-0.000133450,0.002372284,0.000931488,-0.000133450,,,
1786043715836092709,1786043715.835376053,/novatel/oem7/odom,/novatel/oem7/fix,/novatel/oem7/odom,39.663,-75.756,-1.800678766,0.002548607,-0.000133450,0.002372284,0.000931488,-0.000133450,,,
1786043715846883176,1786043715.846356084,/novatel/oem7/inspva,/novatel/oem7/inspva,/novatel/oem7/inspva,39.663,-75.756,-1.800685789,0.002747736,-0.001670550,0.002539736,0.001048712,-0.001670550,,novatel_oem7_msgs.msg.InertialSolutionStatus(status=3),
1786043715848271470,1786043715.846532142,/novatel/oem7/fix,/novatel/oem7/fix,/novatel/oem7/inspva,39.663,-75.756,-1.800685789,0.002747736,-0.001670550,0.002539736,0.001048712,-0.001670550,,0,
1786043715849384737,1786043715.846946567,/novatel/oem7/odom,/novatel/oem7/fix,/novatel/oem7/odom,39.663,-75.756,-1.800685789,0.002754738,-0.001658978,0.001180127,0.002489153,-0.001658978,,,
1786043715857032533,1786043715.856339555,/novatel/oem7/odom,/novatel/oem7/fix,/novatel/oem7/odom,39.663,-75.756,-1.800685789,0.002754738,-0.001658978,0.001180127,0.002489153,-0.001658978,,,
1786043715866642276,1786043715.866081627,/novatel/oem7/inspva,/novatel/oem7/inspva,/novatel/oem7/inspva,39.663,-75.756,-1.800665781,0.002277009,-0.001844285,0.001800006,0.001394542,-0.001844285,,novatel_oem7_msgs.msg.InertialSolutionStatus(status=3),
1786043715868069540,1786043715.866251059,/novatel/oem7/fix,/novatel/oem7/fix,/novatel/oem7/inspva,39.663,-75.756,-1.800665781,0.002277009,-0.001844285,0.001800006,0.001394542,-0.001844285,,0,
1786043715869265012,1786043715.866656059,/novatel/oem7/odom,/novatel/oem7/fix,/novatel/oem7/odom,39.663,-75.756,-1.800665781,0.002285736,-0.001833458,0.001489623,0.001733670,-0.001833458,,,
1786043715875214641,1786043715.874502527,/novatel/oem7/odom,/novatel/oem7/fix,/novatel/oem7/odom,39.663,-75.756,-1.800665781,0.002285736,-0.001833458,0.001489623,0.001733670,-0.001833458,,,
1786043715885655338,1786043715.885103472,/novatel/oem7/inspva,/novatel/oem7/inspva,/novatel/oem7/inspva,39.663,-75.756,-1.800643356,0.001650635,-0.000351161,-0.000039927,0.001650152,-0.000351161,,novatel_oem7_msgs.msg.InertialSolutionStatus(status=3),
1786043715887358389,1786043715.885266221,/novatel/oem7/fix,/novatel/oem7/fix,/novatel/oem7/inspva,39.663,-75.756,-1.800643356,0.001650635,-0.000351161,-0.000039927,0.001650152,-0.000351161,,0,
1786043715888566047,1786043715.885733822,/novatel/oem7/odom,/novatel/oem7/fix,/novatel/oem7/odom,39.663,-75.756,-1.800643356,0.001652007,-0.000344649,0.001647594,-0.000120672,-0.000344649,,,
1786043715896110292,1786043715.895429895,/novatel/oem7/odom,/novatel/oem7/fix,/novatel/oem7/odom,39.663,-75.756,-1.800643356,0.001652007,-0.000344649,0.001647594,-0.000120672,-0.000344649,,,
1786043715906582966,1786043715.906015744,/novatel/oem7/inspva,/novatel/oem7/inspva,/novatel/oem7/inspva,39.663,-75.756,-1.800625218,0.003091382,0.000396994,0.000277414,0.003078909,0.000396994,,novatel_oem7_msgs.msg.InertialSolutionStatus(status=3),
1786043715908038817,1786043715.906205376,/novatel/oem7/fix,/novatel/oem7/fix,/novatel/oem7/inspva,39.663,-75.756,-1.800625218,0.003091382,0.000396994,0.000277414,0.003078909,0.000396994,,0,
1786043715909149738,1786043715.906624026,/novatel/oem7/odom,/novatel/oem7/fix,/novatel/oem7/odom,39.663,-75.756,-1.800625218,0.003089672,0.000410087,0.003087205,0.000123457,0.000410087,,,
1786043715910681020,1786043715.909315063,/novatel/oem7/bestpos,/novatel/oem7/bestpos,/novatel/oem7/odom,39.663,-75.756,33.181578954,0.003089672,0.000410087,0.003087205,0.000123457,0.000410087,,novatel_oem7_msgs.msg.SolutionStatus(status=0),novatel_oem7_msgs.msg.PositionOrVelocityType(type=53)
1786043715911666196,1786043715.909980453,/novatel/oem7/bestvel,/novatel/oem7/bestpos,/novatel/oem7/bestvel,39.663,-75.756,33.181578954,0.002637353,0.000331357,,,,69.295784880,novatel_oem7_msgs.msg.SolutionStatus(status=0),novatel_oem7_msgs.msg.PositionOrVelocityType(type=53)
1786043715915392030,1786043715.914338493,/novatel/oem7/odom,/novatel/oem7/bestpos,/novatel/oem7/odom,39.663,-75.756,33.181578954,0.003089672,0.000410087,0.003087205,0.000123457,0.000410087,,,
1786043715926967356,1786043715.926385477,/novatel/oem7/inspva,/novatel/oem7/inspva,/novatel/oem7/inspva,39.663,-75.756,-1.800636326,0.002149071,-0.001523128,0.001637002,0.001392382,-0.001523128,,novatel_oem7_msgs.msg.InertialSolutionStatus(status=3),
1786043715927949262,1786043715.926583392,/novatel/oem7/fix,/novatel/oem7/fix,/novatel/oem7/inspva,39.663,-75.756,-1.800636326,0.002149071,-0.001523128,0.001637002,0.001392382,-0.001523128,,0,
1786043715928397128,1786043715.926906029,/novatel/oem7/odom,/novatel/oem7/fix,/novatel/oem7/odom,39.663,-75.756,-1.800636326,0.002156404,-0.001512729,0.001478157,0.001570073,-0.001512729,,,
1786043715936014232,1786043715.935358656,/novatel/oem7/odom,/novatel/oem7/fix,/novatel/oem7/odom,39.663,-75.756,-1.800636326,0.002156404,-0.001512729,0.001478157,0.001570073,-0.001512729,,,
1786043715945346701,1786043715.944901567,/novatel/oem7/inspva,/novatel/oem7/inspva,/novatel/oem7/inspva,39.663,-75.756,-1.800617795,0.002454220,-0.001407157,0.002037122,0.001368696,-0.001407157,,novatel_oem7_msgs.msg.InertialSolutionStatus(status=3),
1786043715945914723,1786043715.945068519,/novatel/oem7/fix,/novatel/oem7/fix,/novatel/oem7/inspva,39.663,-75.756,-1.800617795,0.002454220,-0.001407157,0.002037122,0.001368696,-0.001407157,,0,
1786043715946360145,1786043715.945475016,/novatel/oem7/odom,/novatel/oem7/fix,/novatel/oem7/odom,39.663,-75.756,-1.800617795,0.002460709,-0.001395779,0.001473696,0.001970611,-0.001395779,,,
1786043715956057126,1786043715.955685898,/novatel/oem7/odom,/novatel/oem7/fix,/novatel/oem7/odom,39.663,-75.756,-1.800617795,0.002460709,-0.001395779,0.001473696,0.001970611,-0.001395779,,,
1786043715966954740,1786043715.966586686,/novatel/oem7/inspva,/novatel/oem7/inspva,/novatel/oem7/inspva,39.663,-75.756,-1.800608877,0.002781355,-0.001244170,-0.000111649,0.002779113,-0.001244170,,novatel_oem7_msgs.msg.InertialSolutionStatus(status=3),
1786043715967942186,1786043715.966762608,/novatel/oem7/fix,/novatel/oem7/fix,/novatel/oem7/inspva,39.663,-75.756,-1.800608877,0.002781355,-0.001244170,-0.000111649,0.002779113,-0.001244170,,0,
1786043715968993774,1786043715.967227656,/novatel/oem7/odom,/novatel/oem7/fix,/novatel/oem7/odom,39.663,-75.756,-1.800608877,0.002786159,-0.001233375,0.002775293,-0.000245829,-0.001233375,,,
1786043715975321277,1786043715.974924143,/novatel/oem7/odom,/novatel/oem7/fix,/novatel/oem7/odom,39.663,-75.756,-1.800608877,0.002786159,-0.001233375,0.002775293,-0.000245829,-0.001233375,,,
1786043715985317628,1786043715.985039453,/novatel/oem7/inspva,/novatel/oem7/inspva,/novatel/oem7/inspva,39.663,-75.756,-1.800588689,0.002076588,-0.001011654,-0.000097041,0.002074319,-0.001011654,,novatel_oem7_msgs.msg.InertialSolutionStatus(status=3),
1786043715985877610,1786043715.985213465,/novatel/oem7/fix,/novatel/oem7/fix,/novatel/oem7/inspva,39.663,-75.756,-1.800588689,0.002076588,-0.001011654,-0.000097041,0.002074319,-0.001011654,,0,
1786043715986317671,1786043715.985530705,/novatel/oem7/odom,/novatel/oem7/fix,/novatel/oem7/odom,39.663,-75.756,-1.800588689,0.002080501,-0.001003582,0.002071156,-0.000196966,-0.001003582,,,
1786043715995074894,1786043715.994502810,/novatel/oem7/odom,/novatel/oem7/fix,/novatel/oem7/odom,39.663,-75.756,-1.800588689,0.002080501,-0.001003582,0.002071156,-0.000196966,-0.001003582,,,
1786043716008866070,1786043716.008334615,/novatel/oem7/inspva,/novatel/oem7/inspva,/novatel/oem7/inspva,39.663,-75.756,-1.800584932,0.002842477,-0.000028099,0.001726014,0.002258440,-0.000028099,,novatel_oem7_msgs.msg.InertialSolutionStatus(status=3),
1786043716009975022,1786043716.008527207,/novatel/oem7/fix,/novatel/oem7/fix,/novatel/oem7/inspva,39.663,-75.756,-1.800584932,0.002842477,-0.000028099,0.001726014,0.002258440,-0.000028099,,0,
1786043716011588632,1786043716.011241564,/novatel/oem7/odom,/novatel/oem7/fix,/novatel/oem7/odom,39.663,-75.756,-1.800584932,0.002842581,-0.000014044,0.002341253,0.001612080,-0.000014044,,,
1786043716016568740,1786043716.015892040,/novatel/oem7/odom,/novatel/oem7/fix,/novatel/oem7/odom,39.663,-75.756,-1.800584932,0.002842581,-0.000014044,0.002341253,0.001612080,-0.000014044,,,
1786043716027251280,1786043716.026601887,/novatel/oem7/bestpos,/novatel/oem7/bestpos,/novatel/oem7/odom,39.663,-75.756,33.181614843,0.002842581,-0.000014044,0.002341253,0.001612080,-0.000014044,,novatel_oem7_msgs.msg.SolutionStatus(status=0),novatel_oem7_msgs.msg.PositionOrVelocityType(type=53)
1786043716028080389,1786043716.027119319,/novatel/oem7/bestvel,/novatel/oem7/bestpos,/novatel/oem7/bestvel,39.663,-75.756,33.181614843,0.003074918,-0.000240944,,,,46.431837120,novatel_oem7_msgs.msg.SolutionStatus(status=0),novatel_oem7_msgs.msg.PositionOrVelocityType(type=53)
1786043716028515251,1786043716.027519886,/novatel/oem7/inspva,/novatel/oem7/inspva,/novatel/oem7/inspva,39.663,-75.756,-1.800573426,0.002681008,-0.000222682,0.001764652,0.002018367,-0.000222682,,novatel_oem7_msgs.msg.InertialSolutionStatus(status=3),
1786043716028876026,1786043716.027663614,/novatel/oem7/fix,/novatel/oem7/fix,/novatel/oem7/inspva,39.663,-75.756,-1.800573426,0.002681008,-0.000222682,0.001764652,0.002018367,-0.000222682,,0,
1786043716029521910,1786043716.028027464,/novatel/oem7/odom,/novatel/oem7/fix,/novatel/oem7/odom,39.663,-75.756,-1.800573426,0.002682073,-0.000209463,0.002104222,0.001663060,-0.000209463,,,
1786043716034997822,1786043716.034666204,/novatel/oem7/odom,/novatel/oem7/fix,/novatel/oem7/odom,39.663,-75.756,-1.800573426,0.002682073,-0.000209463,0.002104222,0.001663060,-0.000209463,,,
1786043716045588546,1786043716.045309149,/novatel/oem7/inspva,/novatel/oem7/inspva,/novatel/oem7/inspva,39.663,-75.756,-1.800572013,0.002179222,-0.001558725,0.000858945,0.002002804,-0.001558725,,novatel_oem7_msgs.msg.InertialSolutionStatus(status=3),
1786043716046155415,1786043716.045478317,/novatel/oem7/fix,/novatel/oem7/fix,/novatel/oem7/inspva,39.663,-75.756,-1.800572013,0.002179222,-0.001558725,0.000858945,0.002002804,-0.001558725,,0,
1786043716046845432,1786043716.046106610,/novatel/oem7/odom,/novatel/oem7/fix,/novatel/oem7/odom,39.663,-75.756,-1.800572013,0.002186699,-0.001548219,0.002049322,0.000762843,-0.001548219,,,
1786043716056874685,1786043716.056522444,/novatel/oem7/odom,/novatel/oem7/fix,/novatel/oem7/odom,39.663,-75.756,-1.800572013,0.002186699,-0.001548219,0.002049322,0.000762843,-0.001548219,,,
1786043716065324499,1786043716.065028032,/novatel/oem7/inspva,/novatel/oem7/inspva,/novatel/oem7/inspva,39.663,-75.756,-1.800569995,0.002598455,-0.001568049,0.000557592,0.002537924,-0.001568049,,novatel_oem7_msgs.msg.InertialSolutionStatus(status=3),
1786043716065936792,1786043716.065180617,/novatel/oem7/fix,/novatel/oem7/fix,/novatel/oem7/inspva,39.663,-75.756,-1.800569995,0.002598455,-0.001568049,0.000557592,0.002537924,-0.001568049,,0,
1786043716066429078,1786043716.065642545,/novatel/oem7/odom,/novatel/oem7/fix,/novatel/oem7/odom,39.663,-75.756,-1.800569995,0.002605524,-0.001556275,0.002568891,0.000435375,-0.001556275,,,
1786043716074878335,1786043716.074524616,/novatel/oem7/odom,/novatel/oem7/fix,/novatel/oem7/odom,39.663,-75.756,-1.800569995,0.002605524,-0.001556275,0.002568891,0.000435375,-0.001556275,,,
1786043716087153588,1786043716.086834789,/novatel/oem7/inspva,/novatel/oem7/inspva,/novatel/oem7/inspva,39.663,-75.756,-1.800549109,0.003185776,0.001481686,0.001392725,0.002865220,0.001481686,,novatel_oem7_msgs.msg.InertialSolutionStatus(status=3),
1786043716087783513,1786043716.086992537,/novatel/oem7/fix,/novatel/oem7/fix,/novatel/oem7/inspva,39.663,-75.756,-1.800549109,0.003185776,0.001481686,0.001392725,0.002865220,0.001481686,,0,
1786043716088279348,1786043716.087478372,/novatel/oem7/odom,/novatel/oem7/fix,/novatel/oem7/odom,39.663,-75.756,-1.800549109,0.003178484,0.001497266,0.002924475,0.001245072,0.001497266,,,
1786043716095115291,1786043716.094718624,/novatel/oem7/odom,/novatel/oem7/fix,/novatel/oem7/odom,39.663,-75.756,-1.800549109,0.003178484,0.001497266,0.002924475,0.001245072,0.001497266,,,
1786043716106159044,1786043716.105870975,/novatel/oem7/inspva,/novatel/oem7/inspva,/novatel/oem7/inspva,39.663,-75.756,-1.800555524,0.002456597,0.001008610,0.001461414,0.001974624,0.001008610,,novatel_oem7_msgs.msg.InertialSolutionStatus(status=3),
1786043716106774621,1786043716.106024360,/novatel/oem7/fix,/novatel/oem7/fix,/novatel/oem7/inspva,39.663,-75.756,-1.800555524,0.002456597,0.001008610,0.001461414,0.001974624,0.001008610,,0,
1786043716107274900,1786043716.106531989,/novatel/oem7/odom,/novatel/oem7/fix,/novatel/oem7/odom,39.663,-75.756,-1.800555524,0.002451559,0.001020796,0.002040346,0.001359091,0.001020796,,,
1786043716110118294,1786043716.109484961,/novatel/oem7/bestpos,/novatel/oem7/bestpos,/novatel/oem7/odom,39.663,-75.756,33.181637284,0.002451559,0.001020796,0.002040346,0.001359091,0.001020796,,novatel_oem7_msgs.msg.SolutionStatus(status=0),novatel_oem7_msgs.msg.PositionOrVelocityType(type=53)
1786043716111673516,1786043716.110270076,/novatel/oem7/bestvel,/novatel/oem7/bestpos,/novatel/oem7/bestvel,39.663,-75.756,33.181637284,0.003535323,0.000387837,,,,66.583659519,novatel_oem7_msgs.msg.SolutionStatus(status=0),novatel_oem7_msgs.msg.PositionOrVelocityType(type=53)
1786043716115055673,1786043716.114704616,/novatel/oem7/odom,/novatel/oem7/bestpos,/novatel/oem7/odom,39.663,-75.756,33.181637284,0.002451559,0.001020796,0.002040346,0.001359091,0.001020796,,,
1786043716126011815,1786043716.125368222,/novatel/oem7/inspva,/novatel/oem7/inspva,/novatel/oem7/inspva,39.663,-75.756,-1.800574481,0.002393705,-0.002133983,0.002136327,0.001079782,-0.002133983,,novatel_oem7_msgs.msg.InertialSolutionStatus(status=3),
1786043716127401831,1786043716.125534021,/novatel/oem7/fix,/novatel/oem7/fix,/novatel/oem7/inspva,39.663,-75.756,-1.800574481,0.002393705,-0.002133983,0.002136327,0.001079782,-0.002133983,,0,
1786043716127893111,1786043716.126112306,/novatel/oem7/odom,/novatel/oem7/fix,/novatel/oem7/odom,39.663,-75.756,-1.800574481,0.002402993,-0.002123519,0.001193085,0.002085886,-0.002123519,,,
1786043716135532329,1786043716.135018652,/novatel/oem7/odom,/novatel/oem7/fix,/novatel/oem7/odom,39.663,-75.756,-1.800574481,0.002402993,-0.002123519,0.001193085,0.002085886,-0.002123519,,,
1786043716147628507,1786043716.147284817,/novatel/oem7/inspva,/novatel/oem7/inspva,/novatel/oem7/inspva,39.663,-75.756,-1.800562802,0.002186706,-0.001487508,0.001441344,0.001644448,-0.001487508,,novatel_oem7_msgs.msg.InertialSolutionStatus(status=3),
1786043716148314733,1786043716.147465312,/novatel/oem7/fix,/novatel/oem7/fix,/novatel/oem7/inspva,39.663,-75.756,-1.800562802,0.002186706,-0.001487508,0.001441344,0.001644448,-0.001487508,,0,
1786043716149375541,1786043716.147762499,/novatel/oem7/odom,/novatel/oem7/fix,/novatel/oem7/odom,39.663,-75.756,-1.800562802,0.002193982,-0.001476755,0.001719948,0.001362106,-0.001476755,,,
1786043716156217287,1786043716.155749624,/novatel/oem7/odom,/novatel/oem7/fix,/novatel/oem7/odom,39.663,-75.756,-1.800562802,0.002193982,-0.001476755,0.001719948,0.001362106,-0.001476755,,,
1786043716165580031,1786043716.165283626,/novatel/oem7/inspva,/novatel/oem7/inspva,/novatel/oem7/inspva,39.663,-75.756,-1.800545516,0.003453634,0.000804103,0.000544463,0.003410447,0.000804103,,novatel_oem7_msgs.msg.InertialSolutionStatus(status=3),
1786043716166211052,1786043716.165433584,/novatel/oem7/fix,/novatel/oem7/fix,/novatel/oem7/inspva,39.663,-75.756,-1.800545516,0.003453634,0.000804103,0.000544463,0.003410447,0.000804103,,0,
1786043716166906189,1786043716.166149598,/novatel/oem7/odom,/novatel/oem7/fix,/novatel/oem7/odom,39.663,-75.756,-1.800545516,0.003450049,0.000819348,0.003429855,0.000372738,0.000819348,,,
1786043716176485674,1786043716.175734077,/novatel/oem7/odom,/novatel/oem7/fix,/novatel/oem7/odom,39.663,-75.756,-1.800545516,0.003450049,0.000819348,0.003429855,0.000372738,0.000819348,,,
1786043716185562427,1786043716.185254205,/novatel/oem7/inspva,/novatel/oem7/inspva,/novatel/oem7/inspva,39.663,-75.756,-1.800548373,0.001919650,0.000722627,0.000652984,0.001805178,0.000722627,,novatel_oem7_msgs.msg.InertialSolutionStatus(status=3),
1786043716186168952,1786043716.185409533,/novatel/oem7/fix,/novatel/oem7/fix,/novatel/oem7/inspva,39.663,-75.756,-1.800548373,0.001919650,0.000722627,0.000652984,0.001805178,0.000722627,,0,
1786043716186653003,1786043716.185864824,/novatel/oem7/odom,/novatel/oem7/fix,/novatel/oem7/odom,39.663,-75.756,-1.800548373,0.001916172,0.000731799,0.001832266,0.000560820,0.000731799,,,
1786043716194870820,1786043716.194521040,/novatel/oem7/odom,/novatel/oem7/fix,/novatel/oem7/odom,39.663,-75.756,-1.800548373,0.001916172,0.000731799,0.001832266,0.000560820,0.000731799,,,
1786043716206872493,1786043716.206550360,/novatel/oem7/inspva,/novatel/oem7/inspva,/novatel/oem7/inspva,39.663,-75.756,-1.800573249,0.003029471,-0.002000282,0.003029191,0.000041203,-0.002000282,,novatel_oem7_msgs.msg.InertialSolutionStatus(status=3),
1786043716207529621,1786043716.206714771,/novatel/oem7/fix,/novatel/oem7/fix,/novatel/oem7/inspva,39.663,-75.756,-1.800573249,0.003029471,-0.002000282,0.003029191,0.000041203,-0.002000282,,0,
1786043716208028479,1786043716.207221416,/novatel/oem7/odom,/novatel/oem7/fix,/novatel/oem7/odom,39.663,-75.756,-1.800573249,0.003035301,-0.001991424,0.000199421,0.003028743,-0.001991424,,,
1786043716210972097,1786043716.210561050,/novatel/oem7/bestpos,/novatel/oem7/bestpos,/novatel/oem7/odom,39.663,-75.756,33.181648263,0.003035301,-0.001991424,0.000199421,0.003028743,-0.001991424,,novatel_oem7_msgs.msg.SolutionStatus(status=0),novatel_oem7_msgs.msg.PositionOrVelocityType(type=53)
1786043716212474499,1786043716.211008294,/novatel/oem7/bestvel,/novatel/oem7/bestpos,/novatel/oem7/bestvel,39.663,-75.756,33.181648263,0.002168849,-0.001199270,,,,347.152911289,novatel_oem7_msgs.msg.SolutionStatus(status=0),novatel_oem7_msgs.msg.PositionOrVelocityType(type=53)
1786043716215075348,1786043716.214724131,/novatel/oem7/odom,/novatel/oem7/bestpos,/novatel/oem7/odom,39.663,-75.756,33.181648263,0.003035301,-0.001991424,0.000199421,0.003028743,-0.001991424,,,
1786043716225690037,1786043716.225123148,/novatel/oem7/inspva,/novatel/oem7/inspva,/novatel/oem7/inspva,39.663,-75.756,-1.800569315,0.002217696,-0.001564435,0.002145002,0.000563156,-0.001564435,,novatel_oem7_msgs.msg.InertialSolutionStatus(status=3),
1786043716227056934,1786043716.225281063,/novatel/oem7/fix,/novatel/oem7/fix,/novatel/oem7/inspva,39.663,-75.756,-1.800569315,0.002217696,-0.001564435,0.002145002,0.000563156,-0.001564435,,0,
1786043716227810078,1786043716.225740777,/novatel/oem7/odom,/novatel/oem7/fix,/novatel/oem7/odom,39.663,-75.756,-1.800569315,0.002223630,-0.001555989,0.000675176,0.002118648,-0.001555989,,,
1786043716235179681,1786043716.234715134,/novatel/oem7/odom,/novatel/oem7/fix,/novatel/oem7/odom,39.663,-75.756,-1.800569315,0.002223630,-0.001555989,0.000675176,0.002118648,-0.001555989,,,
1786043716245875556,1786043716.245449337,/novatel/oem7/inspva,/novatel/oem7/inspva,/novatel/oem7/inspva,39.663,-75.756,-1.800558899,0.002322606,0.000001762,0.000456047,0.002277393,0.000001762,,novatel_oem7_msgs.msg.InertialSolutionStatus(status=3),
1786043716246713923,1786043716.245591678,/novatel/oem7/fix,/novatel/oem7/fix,/novatel/oem7/inspva,39.663,-75.756,-1.800558899,0.002322606,0.000001762,0.000456047,0.002277393,0.000001762,,0,
1786043716247639471,1786043716.246248745,/novatel/oem7/odom,/novatel/oem7/fix,/novatel/oem7/odom,39.663,-75.756,-1.800558899,0.002322574,0.000012248,0.002297155,0.000342682,0.000012248,,,
1786043716256744995,1786043716.256398172,/novatel/oem7/odom,/novatel/oem7/fix,/novatel/oem7/odom,39.663,-75.756,-1.800558899,0.002322574,0.000012248,0.002297155,0.000342682,0.000012248,,,
1786043716266634174,1786043716.266076732,/novatel/oem7/inspva,/novatel/oem7/inspva,/novatel/oem7/inspva,39.663,-75.756,-1.800568935,0.002269115,0.000010869,0.001047848,0.002012684,0.000010869,,novatel_oem7_msgs.msg.InertialSolutionStatus(status=3),
1786043716267730116,1786043716.266228400,/novatel/oem7/fix,/novatel/oem7/fix,/novatel/oem7/inspva,39.663,-75.756,-1.800568935,0.002269115,0.000010869,0.001047848,0.002012684,0.000010869,,0,
1786043716268237930,1786043716.266688812,/novatel/oem7/odom,/novatel/oem7/fix,/novatel/oem7/odom,39.663,-75.756,-1.800568935,0.002269034,0.000021997,0.002062034,0.000946853,0.000021997,,,
1786043716275161196,1786043716.274760822,/novatel/oem7/odom,/novatel/oem7/fix,/novatel/oem7/odom,39.663,-75.756,-1.800568935,0.002269034,0.000021997,0.002062034,0.000946853,0.000021997,,,
1786043716285511773,1786043716.285199086,/novatel/oem7/inspva,/novatel/oem7/inspva,/novatel/oem7/inspva,39.663,-75.756,-1.800588299,0.003038995,-0.001029699,0.002934596,0.000789708,-0.001029699,,novatel_oem7_msgs.msg.InertialSolutionStatus(status=3),
1786043716286696771,1786043716.285347924,/novatel/oem7/fix,/novatel/oem7/fix,/novatel/oem7/inspva,39.663,-75.756,-1.800588299,0.003038995,-0.001029699,0.002934596,0.000789708,-0.001029699,,0,
1786043716287546002,1786043716.285856122,/novatel/oem7/odom,/novatel/oem7/fix,/novatel/oem7/odom,39.663,-75.756,-1.800588299,0.003042904,-0.001018091,0.000938293,0.002894627,-0.001018091,,,
1786043716295829192,1786043716.295466684,/novatel/oem7/odom,/novatel/oem7/fix,/novatel/oem7/odom,39.663,-75.756,-1.800588299,0.003042904,-0.001018091,0.000938293,0.002894627,-0.001018091,,,
1786043716306154797,1786043716.305840761,/novatel/oem7/inspva,/novatel/oem7/inspva,/novatel/oem7/inspva,39.663,-75.756,-1.800592312,0.002744998,-0.000801030,0.002705094,0.000466346,-0.000801030,,novatel_oem7_msgs.msg.InertialSolutionStatus(status=3),
1786043716306788011,1786043716.306014326,/novatel/oem7/fix,/novatel/oem7/fix,/novatel/oem7/inspva,39.663,-75.756,-1.800592312,0.002744998,-0.000801030,0.002705094,0.000466346,-0.000801030,,0,
1786043716307625149,1786043716.306452160,/novatel/oem7/odom,/novatel/oem7/fix,/novatel/oem7/odom,39.663,-75.756,-1.800592312,0.002747792,-0.000791392,0.000603005,0.002680811,-0.000791392,,,
1786043716309554488,1786043716.308943712,/novatel/oem7/bestpos,/novatel/oem7/bestpos,/novatel/oem7/odom,39.663,-75.756,33.181622085,0.002747792,-0.000791392,0.000603005,0.002680811,-0.000791392,,novatel_oem7_msgs.msg.SolutionStatus(status=0),novatel_oem7_msgs.msg.PositionOrVelocityType(type=53)
1786043716310373289,1786043716.309508198,/novatel/oem7/bestvel,/novatel/oem7/bestpos,/novatel/oem7/bestvel,39.663,-75.756,33.181622085,0.002377933,-0.000688958,,,,18.588041976,novatel_oem7_msgs.msg.SolutionStatus(status=0),novatel_oem7_msgs.msg.PositionOrVelocityType(type=53)
1786043716314773919,1786043716.314374062,/novatel/oem7/odom,/novatel/oem7/bestpos,/novatel/oem7/odom,39.663,-75.756,33.181622085,0.002747792,-0.000791392,0.000603005,0.002680811,-0.000791392,,,
1786043716327083706,1786043716.326532583,/novatel/oem7/inspva,/novatel/oem7/inspva,/novatel/oem7/inspva,39.663,-75.756,-1.800590611,0.002302492,-0.000906759,0.001020831,0.002063825,-0.000906759,,novatel_oem7_msgs.msg.InertialSolutionStatus(status=3),
1786043716328484216,1786043716.326693199,/novatel/oem7/fix,/novatel/oem7/fix,/novatel/oem7/inspva,39.663,-75.756,-1.800590611,0.002302492,-0.000906759,0.001020831,0.002063825,-0.000906759,,0,
1786043716329539610,1786043716.327124606,/novatel/oem7/odom,/novatel/oem7/fix,/novatel/oem7/odom,39.663,-75.756,-1.800590611,0.002306872,-0.000895557,0.002115558,0.000919822,-0.000895557,,,
1786043716335133815,1786043716.334760522,/novatel/oem7/odom,/novatel/oem7/fix,/novatel/oem7/odom,39.663,-75.756,-1.800590611,0.002306872,-0.000895557,0.002115558,0.000919822,-0.000895557,,,
1786043716347190953,1786043716.346409745,/novatel/oem7/inspva,/novatel/oem7/inspva,/novatel/oem7/inspva,39.663,-75.756,-1.800592380,0.002242479,-0.000493078,0.001454627,0.001706685,-0.000493078,,novatel_oem7_msgs.msg.InertialSolutionStatus(status=3),
1786043716347947525,1786043716.346656360,/novatel/oem7/fix,/novatel/oem7/fix,/novatel/oem7/inspva,39.663,-75.756,-1.800592380,0.002242479,-0.000493078,0.001454627,0.001706685,-0.000493078,,0,
1786043716348496348,1786043716.347444185,/novatel/oem7/odom,/novatel/oem7/fix,/novatel/oem7/odom,39.663,-75.756,-1.800592380,0.002244882,-0.000482023,0.001778626,0.001369665,-0.000482023,,,
1786043716356335366,1786043716.355863769,/novatel/oem7/odom,/novatel/oem7/fix,/novatel/oem7/odom,39.663,-75.756,-1.800592380,0.002244882,-0.000482023,0.001778626,0.001369665,-0.000482023,,,
1786043716365953015,1786043716.365292933,/novatel/oem7/inspva,/novatel/oem7/inspva,/novatel/oem7/inspva,39.663,-75.756,-1.800601514,0.003575840,-0.000087425,0.002818853,0.002200158,-0.000087425,,novatel_oem7_msgs.msg.InertialSolutionStatus(status=3),
1786043716367395798,1786043716.365535291,/novatel/oem7/fix,/novatel/oem7/fix,/novatel/oem7/inspva,39.663,-75.756,-1.800601514,0.003575840,-0.000087425,0.002818853,0.002200158,-0.000087425,,0,
1786043716367949254,1786043716.366309146,/novatel/oem7/odom,/novatel/oem7/fix,/novatel/oem7/odom,39.663,-75.756,-1.800601514,0.003576214,-0.000070457,0.002337327,0.002706698,-0.000070457,,,
1786043716375159193,1786043716.374800320,/novatel/oem7/odom,/novatel/oem7/fix,/novatel/oem7/odom,39.663,-75.756,-1.800601514,0.003576214,-0.000070457,0.002337327,0.002706698,-0.000070457,,,
1786043716386654421,1786043716.386064159,/novatel/oem7/inspva,/novatel/oem7/inspva,/novatel/oem7/inspva,39.663,-75.756,-1.800610946,0.003067613,-0.000356052,0.002857520,0.001115718,-0.000356052,,novatel_oem7_msgs.msg.InertialSolutionStatus(status=3),
1786043716387666874,1786043716.386233204,/novatel/oem7/fix,/novatel/oem7/fix,/novatel/oem7/inspva,39.663,-75.756,-1.800610946,0.003067613,-0.000356052,0.002857520,0.001115718,-0.000356052,,0,
1786043716388162911,1786043716.386766022,/novatel/oem7/odom,/novatel/oem7/fix,/novatel/oem7/odom,39.663,-75.756,-1.800610946,0.003069066,-0.000343304,0.001257281,0.002799716,-0.000343304,,,
1786043716394735625,1786043716.394331535,/novatel/oem7/odom,/novatel/oem7/fix,/novatel/oem7/odom,39.663,-75.756,-1.800610946,0.003069066,-0.000343304,0.001257281,0.002799716,-0.000343304,,,
1786043716406594412,1786043716.406294130,/novatel/oem7/inspva,/novatel/oem7/inspva,/novatel/oem7/inspva,39.663,-75.756,-1.800621347,0.001791890,-0.001765032,0.001456001,0.001044476,-0.001765032,,novatel_oem7_msgs.msg.InertialSolutionStatus(status=3),
1786043716407574242,1786043716.406452978,/novatel/oem7/fix,/novatel/oem7/fix,/novatel/oem7/inspva,39.663,-75.756,-1.800621347,0.001791890,-0.001765032,0.001456001,0.001044476,-0.001765032,,0,
1786043716408060739,1786043716.407127682,/novatel/oem7/odom,/novatel/oem7/fix,/novatel/oem7/odom,39.663,-75.756,-1.800621347,0.001800088,-0.001756670,0.001122550,0.001407195,-0.001756670,,,
1786043716410704641,1786043716.410065174,/novatel/oem7/bestpos,/novatel/oem7/bestpos,/novatel/oem7/odom,39.663,-75.756,33.181599895,0.001800088,-0.001756670,0.001122550,0.001407195,-0.001756670,,novatel_oem7_msgs.msg.SolutionStatus(status=0),novatel_oem7_msgs.msg.PositionOrVelocityType(type=53)
1786043716412119645,1786043716.410506289,/novatel/oem7/bestvel,/novatel/oem7/bestpos,/novatel/oem7/bestvel,39.663,-75.756,33.181599895,0.000757290,-0.000624872,,,,336.026064041,novatel_oem7_msgs.msg.SolutionStatus(status=0),novatel_oem7_msgs.msg.PositionOrVelocityType(type=53)
1786043716415844348,1786043716.415498138,/novatel/oem7/odom,/novatel/oem7/bestpos,/novatel/oem7/odom,39.663,-75.756,33.181599895,0.001800088,-0.001756670,0.001122550,0.001407195,-0.001756670,,,
1786043716425457074,1786043716.425141714,/novatel/oem7/inspva,/novatel/oem7/inspva,/novatel/oem7/inspva,39.663,-75.756,-1.800621277,0.002427930,-0.001060844,0.001110644,0.002159007,-0.001060844,,novatel_oem7_msgs.msg.InertialSolutionStatus(status=3),
1786043716426589952,1786043716.425294436,/novatel/oem7/fix,/novatel/oem7/fix,/novatel/oem7/inspva,39.663,-75.756,-1.800621277,0.002427930,-0.001060844,0.001110644,0.002159007,-0.001060844,,0,
1786043716427515758,1786043716.425737160,/novatel/oem7/odom,/novatel/oem7/fix,/novatel/oem7/odom,39.663,-75.756,-1.800621277,0.002433063,-0.001049018,0.002215700,0.001005220,-0.001049018,,,
1786043716434837211,1786043716.434449074,/novatel/oem7/odom,/novatel/oem7/fix,/novatel/oem7/odom,39.663,-75.756,-1.800621277,0.002433063,-0.001049018,0.002215700,0.001005220,-0.001049018,,,
1786043716447166270,1786043716.446575971,/novatel/oem7/inspva,/novatel/oem7/inspva,/novatel/oem7/inspva,39.663,-75.756,-1.800622282,0.003145095,0.000410855,0.002319389,0.002124160,0.000410855,,novatel_oem7_msgs.msg.InertialSolutionStatus(status=3),
1786043716448575571,1786043716.446738403,/novatel/oem7/fix,/novatel/oem7/fix,/novatel/oem7/inspva,39.663,-75.756,-1.800622282,0.003145095,0.000410855,0.002319389,0.002124160,0.000410855,,0,
1786043716449674032,1786043716.447185277,/novatel/oem7/odom,/novatel/oem7/fix,/novatel/oem7/odom,39.663,-75.756,-1.800622282,0.003143057,0.000426168,0.002234642,0.002210244,0.000426168,,,
1786043716456842743,1786043716.456471296,/novatel/oem7/odom,/novatel/oem7/fix,/novatel/oem7/odom,39.663,-75.756,-1.800622282,0.003143057,0.000426168,0.002234642,0.002210244,0.000426168,,,
1786043716465364974,1786043716.465041418,/novatel/oem7/inspva,/novatel/oem7/inspva,/novatel/oem7/inspva,39.663,-75.756,-1.800637861,0.003309037,-0.000261713,0.002854161,0.001674363,-0.000261713,,novatel_oem7_msgs.msg.InertialSolutionStatus(status=3),
1786043716466866846,1786043716.465209476,/novatel/oem7/fix,/novatel/oem7/fix,/novatel/oem7/inspva,39.663,-75.756,-1.800637861,0.003309037,-0.000261713,0.002854161,0.001674363,-0.000261713,,0,
1786043716467724775,1786043716.465578406,/novatel/oem7/odom,/novatel/oem7/fix,/novatel/oem7/odom,39.663,-75.756,-1.800637861,0.003310184,-0.000246785,0.001814699,0.002768426,-0.000246785,,,
1786043716476271077,1786043716.475577340,/novatel/oem7/odom,/novatel/oem7/fix,/novatel/oem7/odom,39.663,-75.756,-1.800637861,0.003310184,-0.000246785,0.001814699,0.002768426,-0.000246785,,,
1786043716485714207,1786043716.485401368,/novatel/oem7/inspva,/novatel/oem7/inspva,/novatel/oem7/inspva,39.663,-75.756,-1.800657478,0.002418050,-0.002102371,0.002196727,0.001010622,-0.002102371,,novatel_oem7_msgs.msg.InertialSolutionStatus(status=3),
1786043716487085390,1786043716.485567375,/novatel/oem7/fix,/novatel/oem7/fix,/novatel/oem7/inspva,39.663,-75.756,-1.800657478,0.002418050,-0.002102371,0.002196727,0.001010622,-0.002102371,,0,
1786043716487786245,1786043716.486349680,/novatel/oem7/odom,/novatel/oem7/fix,/novatel/oem7/odom,39.663,-75.756,-1.800657478,0.002427011,-0.002092020,0.001126835,0.002149564,-0.002092020,,,
1786043716495849481,1786043716.495122837,/novatel/oem7/odom,/novatel/oem7/fix,/novatel/oem7/odom,39.663,-75.756,-1.800657478,0.002427011,-0.002092020,0.001126835,0.002149564,-0.002092020,,,
1786043716506427574,1786043716.506016299,/novatel/oem7/inspva,/novatel/oem7/inspva,/novatel/oem7/inspva,39.663,-75.756,-1.800662567,0.002286258,-0.001808657,0.001917863,0.001244498,-0.001808657,,novatel_oem7_msgs.msg.InertialSolutionStatus(status=3),
1786043716507550021,1786043716.506177267,/novatel/oem7/fix,/novatel/oem7/fix,/novatel/oem7/inspva,39.663,-75.756,-1.800662567,0.002286258,-0.001808657,0.001917863,0.001244498,-0.001808657,,0,
1786043716508602738,1786043716.506637792,/novatel/oem7/odom,/novatel/oem7/fix,/novatel/oem7/odom,39.663,-75.756,-1.800662567,0.002294518,-0.001798166,0.001345357,0.001858717,-0.001798166,,,
1786043716512535350,1786043716.512103539,/novatel/oem7/bestpos,/novatel/oem7/bestpos,/novatel/oem7/odom,39.663,-75.756,33.181557525,0.002294518,-0.001798166,0.001345357,0.001858717,-0.001798166,,novatel_oem7_msgs.msg.SolutionStatus(status=0),novatel_oem7_msgs.msg.PositionOrVelocityType(type=53)
1786043716513186316,1786043716.512493673,/novatel/oem7/bestvel,/novatel/oem7/bestpos,/novatel/oem7/bestvel,39.663,-75.756,33.181557525,0.001655505,-0.000859895,,,,350.400155953,novatel_oem7_msgs.msg.SolutionStatus(status=0),novatel_oem7_msgs.msg.PositionOrVelocityType(type=53)
1786043716515091966,1786043716.514748802,/novatel/oem7/odom,/novatel/oem7/bestpos,/novatel/oem7/odom,39.663,-75.756,33.181557525,0.002294518,-0.001798166,0.001345357,0.001858717,-0.001798166,,,
1786043716525939421,1786043716.525390262,/novatel/oem7/inspva,/novatel/oem7/inspva,/novatel/oem7/inspva,39.663,-75.756,-1.800660732,0.002643159,0.000490749,0.001380230,0.002254164,0.000490749,,novatel_oem7_msgs.msg.InertialSolutionStatus(status=3),
1786043716527331041,1786043716.525568053,/novatel/oem7/fix,/novatel/oem7/fix,/novatel/oem7/inspva,39.663,-75.756,-1.800660732,0.002643159,0.000490749,0.001380230,0.002254164,0.000490749,,0,
1786043716527853495,1786043716.526295871,/novatel/oem7/odom,/novatel/oem7/fix,/novatel/oem7/odom,39.663,-75.756,-1.800660732,0.002640703,0.000503794,0.002317668,0.001265595,0.000503794,,,
1786043716535974985,1786043716.535608543,/novatel/oem7/odom,/novatel/oem7/fix,/novatel/oem7/odom,39.663,-75.756,-1.800660732,0.002640703,0.000503794,0.002317668,0.001265595,0.000503794,,,
1786043716545607463,1786043716.545028594,/novatel/oem7/inspva,/novatel/oem7/inspva,/novatel/oem7/inspva,39.663,-75.756,-1.800679144,0.003101248,-0.000112840,0.002773419,0.001387764,-0.000112840,,novatel_oem7_msgs.msg.InertialSolutionStatus(status=3),
1786043716546962523,1786043716.545180918,/novatel/oem7/fix,/novatel/oem7/fix,/novatel/oem7/inspva,39.663,-75.756,-1.800679144,0.003101248,-0.000112840,0.002773419,0.001387764,-0.000112840,,0,
1786043716547805636,1786043716.545627887,/novatel/oem7/odom,/novatel/oem7/fix,/novatel/oem7/odom,39.663,-75.756,-1.800679144,0.003101713,-0.000099250,0.001523797,0.002701604,-0.000099250,,,
1786043716556386424,1786043716.555788288,/novatel/oem7/odom,/novatel/oem7/fix,/novatel/oem7/odom,39.663,-75.756,-1.800679144,0.003101713,-0.000099250,0.001523797,0.002701604,-0.000099250,,,
1786043716566991475,1786043716.566392829,/novatel/oem7/inspva,/novatel/oem7/inspva,/novatel/oem7/inspva,39.663,-75.756,-1.800707408,0.002801874,-0.002338163,0.002778133,0.000363975,-0.002338163,,novatel_oem7_msgs.msg.InertialSolutionStatus(status=3),
1786043716567799851,1786043716.566577091,/novatel/oem7/fix,/novatel/oem7/fix,/novatel/oem7/inspva,39.663,-75.756,-1.800707408,0.002801874,-0.002338163,0.002778133,0.000363975,-0.002338163,,0,
1786043716568315348,1786043716.567094976,/novatel/oem7/odom,/novatel/oem7/fix,/novatel/oem7/odom,39.663,-75.756,-1.800707408,0.002809723,-0.002328725,0.000510671,0.002762926,-0.002328725,,,
1786043716575630565,1786043716.574906061,/novatel/oem7/odom,/novatel/oem7/fix,/novatel/oem7/odom,39.663,-75.756,-1.800707408,0.002809723,-0.002328725,0.000510671,0.002762926,-0.002328725,,,
1786043716585275471,1786043716.584938738,/novatel/oem7/inspva,/novatel/oem7/inspva,/novatel/oem7/inspva,39.663,-75.756,-1.800716393,0.002982541,-0.002110474,0.002625510,0.001415007,-0.002110474,,novatel_oem7_msgs.msg.InertialSolutionStatus(status=3),
1786043716586688481,1786043716.585056194,/novatel/oem7/fix,/novatel/oem7/fix,/novatel/oem7/inspva,39.663,-75.756,-1.800716393,0.002982541,-0.002110474,0.002625510,0.001415007,-0.002110474,,0,
1786043716587696912,1786043716.585571250,/novatel/oem7/odom,/novatel/oem7/fix,/novatel/oem7/odom,39.663,-75.756,-1.800716393,0.002991848,-0.002097258,0.001551898,0.002557883,-0.002097258,,,
1786043716596105656,1786043716.595514136,/novatel/oem7/odom,/novatel/oem7/fix,/novatel/oem7/odom,39.663,-75.756,-1.800716393,0.002991848,-0.002097258,0.001551898,0.002557883,-0.002097258,,,
1786043716607194175,1786043716.606525412,/novatel/oem7/inspva,/novatel/oem7/inspva,/novatel/oem7/inspva,39.663,-75.756,-1.800707544,0.002368974,0.000460645,0.001371834,0.001931349,0.000460645,,novatel_oem7_msgs.msg.InertialSolutionStatus(status=3),
1786043716607980248,1786043716.606736717,/novatel/oem7/fix,/novatel/oem7/fix,/novatel/oem7/inspva,39.663,-75.756,-1.800707544,0.002368974,0.000460645,0.001371834,0.001931349,0.000460645,,0,
1786043716608480653,1786043716.607464565,/novatel/oem7/odom,/novatel/oem7/fix,/novatel/oem7/odom,39.663,-75.756,-1.800707544,0.002366665,0.000472368,0.001994952,0.001273291,0.000472368,,,
1786043716610921026,1786043716.610414467,/novatel/oem7/bestpos,/novatel/oem7/bestpos,/novatel/oem7/odom,39.663,-75.756,33.181488303,0.002366665,0.000472368,0.001994952,0.001273291,0.000472368,,novatel_oem7_msgs.msg.SolutionStatus(status=0),novatel_oem7_msgs.msg.PositionOrVelocityType(type=53)
1786043716611596422,1786043716.610892010,/novatel/oem7/bestvel,/novatel/oem7/bestpos,/novatel/oem7/bestvel,39.663,-75.756,33.181488303,0.003035950,-0.000099204,,,,45.514643364,novatel_oem7_msgs.msg.SolutionStatus(status=0),novatel_oem7_msgs.msg.PositionOrVelocityType(type=53)
1786043716615302647,1786043716.614933412,/novatel/oem7/odom,/novatel/oem7/bestpos,/novatel/oem7/odom,39.663,-75.756,33.181488303,0.002366665,0.000472368,0.001994952,0.001273291,0.000472368,,,
1786043716627028663,1786043716.626470247,/novatel/oem7/inspva,/novatel/oem7/inspva,/novatel/oem7/inspva,39.663,-75.756,-1.800722779,0.002921089,0.000430230,0.002294135,0.001808233,0.000430230,,novatel_oem7_msgs.msg.InertialSolutionStatus(status=3),
1786043716627695095,1786043716.626686159,/novatel/oem7/fix,/novatel/oem7/fix,/novatel/oem7/inspva,39.663,-75.756,-1.800722779,0.002921089,0.000430230,0.002294135,0.001808233,0.000430230,,0,
1786043716628194404,1786043716.627134774,/novatel/oem7/odom,/novatel/oem7/fix,/novatel/oem7/odom,39.663,-75.756,-1.800722779,0.002919016,0.000444080,0.001917751,0.002200655,0.000444080,,,
1786043716635195823,1786043716.634794887,/novatel/oem7/odom,/novatel/oem7/fix,/novatel/oem7/odom,39.663,-75.756,-1.800722779,0.002919016,0.000444080,0.001917751,0.002200655,0.000444080,,,
1786043716645745057,1786043716.645337671,/novatel/oem7/inspva,/novatel/oem7/inspva,/novatel/oem7/inspva,39.663,-75.756,-1.800753558,0.002995769,-0.002037998,0.002895404,0.000768939,-0.002037998,,novatel_oem7_msgs.msg.InertialSolutionStatus(status=3),
1786043716646383507,1786043716.645547444,/novatel/oem7/fix,/novatel/oem7/fix,/novatel/oem7/inspva,39.663,-75.756,-1.800753558,0.002995769,-0.002037998,0.002895404,0.000768939,-0.002037998,,0,
1786043716646905365,1786043716.646097002,/novatel/oem7/odom,/novatel/oem7/fix,/novatel/oem7/odom,39.663,-75.756,-1.800753558,0.003003457,-0.002026651,0.000919706,0.002859177,-0.002026651,,,
1786043716656563965,1786043716.656167679,/novatel/oem7/odom,/novatel/oem7/fix,/novatel/oem7/odom,39.663,-75.756,-1.800753558,0.003003457,-0.002026651,0.000919706,0.002859177,-0.002026651,,,
1786043716665804978,1786043716.665369778,/novatel/oem7/inspva,/novatel/oem7/inspva,/novatel/oem7/inspva,39.663,-75.756,-1.800760854,0.003170112,-0.002048242,0.002802294,0.001482146,-0.002048242,,novatel_oem7_msgs.msg.InertialSolutionStatus(status=3),
1786043716666506909,1786043716.665559850,/novatel/oem7/fix,/novatel/oem7/fix,/novatel/oem7/inspva,39.663,-75.756,-1.800760854,0.003170112,-0.002048242,0.002802294,0.001482146,-0.002048242,,0,
1786043716667017987,1786043716.666080821,/novatel/oem7/odom,/novatel/oem7/fix,/novatel/oem7/odom,39.663,-75.756,-1.800760854,0.003179095,-0.002034270,0.001627437,0.002730952,-0.002034270,,,
1786043716675009609,1786043716.674638053,/novatel/oem7/odom,/novatel/oem7/fix,/novatel/oem7/odom,39.663,-75.756,-1.800760854,0.003179095,-0.002034270,0.001627437,0.002730952,-0.002034270,,,
1786043716686889607,1786043716.686604715,/novatel/oem7/inspva,/novatel/oem7/inspva,/novatel/oem7/inspva,39.663,-75.756,-1.800761806,0.002735411,-0.000755384,0.000909593,0.002579750,-0.000755384,,novatel_oem7_msgs.msg.InertialSolutionStatus(status=3),
1786043716687525007,1786043716.686795777,/novatel/oem7/fix,/novatel/oem7/fix,/novatel/oem7/inspva,39.663,-75.756,-1.800761806,0.002735411,-0.000755384,0.000909593,0.002579750,-0.000755384,,0,
1786043716688011022,1786043716.687255839,/novatel/oem7/odom,/novatel/oem7/fix,/novatel/oem7/odom,39.663,-75.756,-1.800761806,0.002738944,-0.000742470,0.002624698,0.000782800,-0.000742470,,,
1786043716695581347,1786043716.695213488,/novatel/oem7/odom,/novatel/oem7/fix,/novatel/oem7/odom,39.663,-75.756,-1.800761806,0.002738944,-0.000742470,0.002624698,0.000782800,-0.000742470,,,
1786043716706126092,1786043716.705842460,/novatel/oem7/inspva,/novatel/oem7/inspva,/novatel/oem7/inspva,39.663,-75.756,-1.800772051,0.002371586,-0.000333114,0.001659292,0.001694454,-0.000333114,,novatel_oem7_msgs.msg.InertialSolutionStatus(status=3),
1786043716707061452,1786043716.706005715,/novatel/oem7/fix,/novatel/oem7/fix,/novatel/oem7/inspva,39.663,-75.756,-1.800772051,0.002371586,-0.000333114,0.001659292,0.001694454,-0.000333114,,0,
1786043716707819671,1786043716.706529750,/novatel/oem7/odom,/novatel/oem7/fix,/novatel/oem7/odom,39.663,-75.756,-1.800772051,0.002373181,-0.000321557,0.001775865,0.001574259,-0.000321557,,,
1786043716710376109,1786043716.710070439,/novatel/oem7/bestpos,/novatel/oem7/bestpos,/novatel/oem7/odom,39.663,-75.756,33.181438962,0.002373181,-0.000321557,0.001775865,0.001574259,-0.000321557,,novatel_oem7_msgs.msg.SolutionStatus(status=0),novatel_oem7_msgs.msg.PositionOrVelocityType(type=53)
1786043716711018091,1786043716.710593514,/novatel/oem7/bestvel,/novatel/oem7/bestpos,/novatel/oem7/bestvel,39.663,-75.756,33.181438962,0.002223607,-0.000222785,,,,42.041506442,novatel_oem7_msgs.msg.SolutionStatus(status=0),novatel_oem7_msgs.msg.PositionOrVelocityType(type=53)
1786043716715820175,1786043716.715462516,/novatel/oem7/odom,/novatel/oem7/bestpos,/novatel/oem7/odom,39.663,-75.756,33.181438962,0.002373181,-0.000321557,0.001775865,0.001574259,-0.000321557,,,
1786043716725545273,1786043716.725242220,/novatel/oem7/inspva,/novatel/oem7/inspva,/novatel/oem7/inspva,39.663,-75.756,-1.800797020,0.003602805,-0.001037202,0.003594211,0.000248690,-0.001037202,,novatel_oem7_msgs.msg.InertialSolutionStatus(status=3),
1786043716726132197,1786043716.725400495,/novatel/oem7/fix,/novatel/oem7/fix,/novatel/oem7/inspva,39.663,-75.756,-1.800797020,0.003602805,-0.001037202,0.003594211,0.000248690,-0.001037202,,0,
1786043716726803668,1786043716.726050291,/novatel/oem7/odom,/novatel/oem7/fix,/novatel/oem7/odom,39.663,-75.756,-1.800797020,0.003606034,-0.001025919,0.000430552,0.003580238,-0.001025919,,,
1786043716735168221,1786043716.734829065,/novatel/oem7/odom,/novatel/oem7/fix,/novatel/oem7/odom,39.663,-75.756,-1.800797020,0.003606034,-0.001025919,0.000430552,0.003580238,-0.001025919,,,
1786043716746333943,1786043716.746059143,/novatel/oem7/inspva,/novatel/oem7/inspva,/novatel/oem7/inspva,39.663,-75.756,-1.800812891,0.003134944,-0.001683735,0.003036449,0.000779647,-0.001683735,,novatel_oem7_msgs.msg.InertialSolutionStatus(status=3),
1786043716746934135,1786043716.746206002,/novatel/oem7/fix,/novatel/oem7/fix,/novatel/oem7/inspva,39.663,-75.756,-1.800812891,0.003134944,-0.001683735,0.003036449,0.000779647,-0.001683735,,0,
1786043716747411106,1786043716.746611162,/novatel/oem7/odom,/novatel/oem7/fix,/novatel/oem7/odom,39.663,-75.756,-1.800812891,0.003141274,-0.001671894,0.000935978,0.002998591,-0.001671894,,,
1786043716756830344,1786043716.755905991,/novatel/oem7/odom,/novatel/oem7/fix,/novatel/oem7/odom,39.663,-75.756,-1.800812891,0.003141274,-0.001671894,0.000935978,0.002998591,-0.001671894,,,
1786043716766127116,1786043716.765367799,/novatel/oem7/inspva,/novatel/oem7/inspva,/novatel/oem7/inspva,39.663,-75.756,-1.800826409,0.001750362,-0.001773688,0.001153820,0.001316231,-0.001773688,,novatel_oem7_msgs.msg.InertialSolutionStatus(status=3),
1786043716767706286,1786043716.765536184,/novatel/oem7/fix,/novatel/oem7/fix,/novatel/oem7/inspva,39.663,-75.756,-1.800826409,0.001750362,-0.001773688,0.001153820,0.001316231,-0.001773688,,0,
1786043716768900324,1786043716.766121217,/novatel/oem7/odom,/novatel/oem7/fix,/novatel/oem7/odom,39.663,-75.756,-1.800826409,0.001759012,-0.001765110,0.001379045,0.001091952,-0.001765110,,,
1786043716776391898,1786043716.775565207,/novatel/oem7/odom,/novatel/oem7/fix,/novatel/oem7/odom,39.663,-75.756,-1.800826409,0.001759012,-0.001765110,0.001379045,0.001091952,-0.001765110,,,
1786043716785457496,1786043716.785146419,/novatel/oem7/inspva,/novatel/oem7/inspva,/novatel/oem7/inspva,39.663,-75.756,-1.800831283,0.002469909,-0.000774433,0.001197016,0.002160463,-0.000774433,,novatel_oem7_msgs.msg.InertialSolutionStatus(status=3),
1786043716786039594,1786043716.785388282,/novatel/oem7/fix,/novatel/oem7/fix,/novatel/oem7/inspva,39.663,-75.756,-1.800831283,0.002469909,-0.000774433,0.001197016,0.002160463,-0.000774433,,0,
1786043716787431831,1786043716.785951370,/novatel/oem7/odom,/novatel/oem7/fix,/novatel/oem7/odom,39.663,-75.756,-1.800831283,0.002473656,-0.000762378,0.002220239,0.001090648,-0.000762378,,,
1786043716794713207,1786043716.794361437,/novatel/oem7/odom,/novatel/oem7/fix,/novatel/oem7/odom,39.663,-75.756,-1.800831283,0.002473656,-0.000762378,0.002220239,0.001090648,-0.000762378,,,
1786043716806720947,1786043716.806451894,/novatel/oem7/inspva,/novatel/oem7/inspva,/novatel/oem7/inspva,39.663,-75.756,-1.800846064,0.002819191,-0.000319600,0.002740415,0.000661791,-0.000319600,,novatel_oem7_msgs.msg.InertialSolutionStatus(status=3),
1786043716807323981,1786043716.806668326,/novatel/oem7/fix,/novatel/oem7/fix,/novatel/oem7/inspva,39.663,-75.756,-1.800846064,0.002819191,-0.000319600,0.002740415,0.000661791,-0.000319600,,0,
1786043716807993540,1786043716.807192715,/novatel/oem7/odom,/novatel/oem7/fix,/novatel/oem7/odom,39.663,-75.756,-1.800846064,0.002820366,-0.000309066,0.000797956,0.002705130,-0.000309066,,,
1786043716810805282,1786043716.810504728,/novatel/oem7/bestpos,/novatel/oem7/bestpos,/novatel/oem7/odom,39.663,-75.756,33.181349996,0.002820366,-0.000309066,0.000797956,0.002705130,-0.000309066,,novatel_oem7_msgs.msg.SolutionStatus(status=0),novatel_oem7_msgs.msg.PositionOrVelocityType(type=53)
1786043716811429314,1786043716.810996373,/novatel/oem7/bestvel,/novatel/oem7/bestpos,/novatel/oem7/bestvel,39.663,-75.756,33.181349996,0.003924132,-0.001432529,,,,42.539700301,novatel_oem7_msgs.msg.SolutionStatus(status=0),novatel_oem7_msgs.msg.PositionOrVelocityType(type=53)
1786043716815192488,1786043716.814857071,/novatel/oem7/odom,/novatel/oem7/bestpos,/novatel/oem7/odom,39.663,-75.756,33.181349996,0.002820366,-0.000309066,0.000797956,0.002705130,-0.000309066,,,
1786043716825216050,1786043716.824926531,/novatel/oem7/inspva,/novatel/oem7/inspva,/novatel/oem7/inspva,39.663,-75.756,-1.800870581,0.002837723,-0.001232675,0.002829305,0.000218412,-0.001232675,,novatel_oem7_msgs.msg.InertialSolutionStatus(status=3),
1786043716825830788,1786043716.825130207,/novatel/oem7/fix,/novatel/oem7/fix,/novatel/oem7/inspva,39.663,-75.756,-1.800870581,0.002837723,-0.001232675,0.002829305,0.000218412,-0.001232675,,0,
1786043716826508563,1786043716.825658672,/novatel/oem7/odom,/novatel/oem7/fix,/novatel/oem7/odom,39.663,-75.756,-1.800870581,0.002841600,-0.001223711,0.000363293,0.002818281,-0.001223711,,,
1786043716835858176,1786043716.835507840,/novatel/oem7/odom,/novatel/oem7/fix,/novatel/oem7/odom,39.663,-75.756,-1.800870581,0.002841600,-0.001223711,0.000363293,0.002818281,-0.001223711,,,
1786043716845562576,1786043716.845271030,/novatel/oem7/inspva,/novatel/oem7/inspva,/novatel/oem7/inspva,39.663,-75.756,-1.800894260,0.001796506,-0.002301413,0.001542674,0.000920646,-0.002301413,,novatel_oem7_msgs.msg.InertialSolutionStatus(status=3),
1786043716846192783,1786043716.845481289,/novatel/oem7/fix,/novatel/oem7/fix,/novatel/oem7/inspva,39.663,-75.756,-1.800894260,0.001796506,-0.002301413,0.001542674,0.000920646,-0.002301413,,0,
1786043716846899252,1786043716.846131829,/novatel/oem7/odom,/novatel/oem7/fix,/novatel/oem7/odom,39.663,-75.756,-1.800894260,0.001806810,-0.002293333,0.001005303,0.001501309,-0.002293333,,,
1786043716857470495,1786043716.856471319,/novatel/oem7/odom,/novatel/oem7/fix,/novatel/oem7/odom,39.663,-75.756,-1.800894260,0.001806810,-0.002293333,0.001005303,0.001501309,-0.002293333,,,
1786043716866862372,1786043716.866218976,/novatel/oem7/inspva,/novatel/oem7/inspva,/novatel/oem7/inspva,39.663,-75.756,-1.800897742,0.001557607,-0.001107230,0.001320850,0.000825528,-0.001107230,,novatel_oem7_msgs.msg.InertialSolutionStatus(status=3),
1786043716868259182,1786043716.866356135,/novatel/oem7/fix,/novatel/oem7/fix,/novatel/oem7/inspva,39.663,-75.756,-1.800897742,0.001557607,-0.001107230,0.001320850,0.000825528,-0.001107230,,0,
1786043716869335597,1786043716.866763884,/novatel/oem7/odom,/novatel/oem7/fix,/novatel/oem7/odom,39.663,-75.756,-1.800897742,0.001562614,-0.001100152,0.000894452,0.001281296,-0.001100152,,,
1786043716875440317,1786043716.874720360,/novatel/oem7/odom,/novatel/oem7/fix,/novatel/oem7/odom,39.663,-75.756,-1.800897742,0.001562614,-0.001100152,0.000894452,0.001281296,-0.001100152,,,
1786043716885890348,1786043716.885320082,/novatel/oem7/inspva,/novatel/oem7/inspva,/novatel/oem7/inspva,39.663,-75.756,-1.800911214,0.002414885,-0.000296530,0.001859953,0.001540208,-0.000296530,,novatel_oem7_msgs.msg.InertialSolutionStatus(status=3),
1786043716887231751,1786043716.885487067,/novatel/oem7/fix,/novatel/oem7/fix,/novatel/oem7/inspva,39.663,-75.756,-1.800911214,0.002414885,-0.000296530,0.001859953,0.001540208,-0.000296530,,0,
1786043716888457333,1786043716.886015336,/novatel/oem7/odom,/novatel/oem7/fix,/novatel/oem7/odom,39.663,-75.756,-1.800911214,0.002416273,-0.000284992,0.001631602,0.001782204,-0.000284992,,,
1786043716896201084,1786043716.895525503,/novatel/oem7/odom,/novatel/oem7/fix,/novatel/oem7/odom,39.663,-75.756,-1.800911214,0.002416273,-0.000284992,0.001631602,0.001782204,-0.000284992,,,
1786043716906395078,1786043716.905844393,/novatel/oem7/inspva,/novatel/oem7/inspva,/novatel/oem7/inspva,39.663,-75.756,-1.800935102,0.002357828,-0.000474586,0.002045048,0.001173512,-0.000474586,,novatel_oem7_msgs.msg.InertialSolutionStatus(status=3),
1786043716907799769,1786043716.906000048,/novatel/oem7/fix,/novatel/oem7/fix,/novatel/oem7/inspva,39.663,-75.756,-1.800935102,0.002357828,-0.000474586,0.002045048,0.001173512,-0.000474586,,0,
1786043716908844926,1786043716.906490893,/novatel/oem7/odom,/novatel/oem7/fix,/novatel/oem7/odom,39.663,-75.756,-1.800935102,0.002359940,-0.000463968,0.001275266,0.001985702,-0.000463968,,,
1786043716910370601,1786043716.909450848,/novatel/oem7/bestpos,/novatel/oem7/bestpos,/novatel/oem7/odom,39.663,-75.756,33.181263369,0.002359940,-0.000463968,0.001275266,0.001985702,-0.000463968,,novatel_oem7_msgs.msg.SolutionStatus(status=0),novatel_oem7_msgs.msg.PositionOrVelocityType(type=53)
1786043716911782282,1786043716.910066161,/novatel/oem7/bestvel,/novatel/oem7/bestpos,/novatel/oem7/bestvel,39.663,-75.756,33.181263369,0.003685659,-0.001543405,,,,41.916285521,novatel_oem7_msgs.msg.SolutionStatus(status=0),novatel_oem7_msgs.msg.PositionOrVelocityType(type=53)
1786043716915022631,1786043716.914351034,/novatel/oem7/odom,/novatel/oem7/bestpos,/novatel/oem7/odom,39.663,-75.756,33.181263369,0.002359940,-0.000463968,0.001275266,0.001985702,-0.000463968,,,
1786043716926880872,1786043716.926334262,/novatel/oem7/inspva,/novatel/oem7/inspva,/novatel/oem7/inspva,39.663,-75.756,-1.800972047,0.001967723,-0.002781453,0.001898642,0.000516810,-0.002781453,,novatel_oem7_msgs.msg.InertialSolutionStatus(status=3),
1786043716928272413,1786043716.926426643,/novatel/oem7/fix,/novatel/oem7/fix,/novatel/oem7/inspva,39.663,-75.756,-1.800972047,0.001967723,-0.002781453,0.001898642,0.000516810,-0.002781453,,0,
1786043716929346577,1786043716.926985203,/novatel/oem7/odom,/novatel/oem7/fix,/novatel/oem7/odom,39.663,-75.756,-1.800972047,0.001978316,-0.002773929,0.000621634,0.001878112,-0.002773929,,,
1786043716935653529,1786043716.934958403,/novatel/oem7/odom,/novatel/oem7/fix,/novatel/oem7/odom,39.663,-75.756,-1.800972047,0.001978316,-0.002773929,0.000621634,0.001878112,-0.002773929,,,
1786043716945485100,1786043716.944944385,/novatel/oem7/inspva,/novatel/oem7/inspva,/novatel/oem7/inspva,39.663,-75.756,-1.800979515,0.001715788,-0.002223325,0.001280069,0.001142520,-0.002223325,,novatel_oem7_msgs.msg.InertialSolutionStatus(status=3),
1786043716946863014,1786043716.945030211,/novatel/oem7/fix,/novatel/oem7/fix,/novatel/oem7/inspva,39.663,-75.756,-1.800979515,0.001715788,-0.002223325,0.001280069,0.001142520,-0.002223325,,0,
1786043716947944055,1786043716.945473624,/novatel/oem7/odom,/novatel/oem7/fix,/novatel/oem7/odom,39.663,-75.756,-1.800979515,0.001726451,-0.002215055,0.001213698,0.001227832,-0.002215055,,,
1786043716956297888,1786043716.955636551,/novatel/oem7/odom,/novatel/oem7/fix,/novatel/oem7/odom,39.663,-75.756,-1.800979515,0.001726451,-0.002215055,0.001213698,0.001227832,-0.002215055,,,
1786043716967112286,1786043716.966551237,/novatel/oem7/inspva,/novatel/oem7/inspva,/novatel/oem7/inspva,39.663,-75.756,-1.800976279,0.002675563,0.000633924,0.002032032,0.001740542,0.000633924,,novatel_oem7_msgs.msg.InertialSolutionStatus(status=3),
1786043716968527740,1786043716.966725182,/novatel/oem7/fix,/novatel/oem7/fix,/novatel/oem7/inspva,39.663,-75.756,-1.800976279,0.002675563,0.000633924,0.002032032,0.001740542,0.000633924,,0,
1786043716969604504,1786043716.967230857,/novatel/oem7/odom,/novatel/oem7/fix,/novatel/oem7/odom,39.663,-75.756,-1.800976279,0.002672479,0.000646805,0.001836324,0.001941663,0.000646805,,,
1786043716975298951,1786043716.974637700,/novatel/oem7/odom,/novatel/oem7/fix,/novatel/oem7/odom,39.663,-75.756,-1.800976279,0.002672479,0.000646805,0.001836324,0.001941663,0.000646805,,,
1786043716986840842,1786043716.986268606,/novatel/oem7/inspva,/novatel/oem7/inspva,/novatel/oem7/inspva,39.663,-75.756,-1.801007029,0.002981278,-0.000429565,0.002171792,0.002042385,-0.000429565,,novatel_oem7_msgs.msg.InertialSolutionStatus(status=3),
1786043716988210072,1786043716.986445532,/novatel/oem7/fix,/novatel/oem7/fix,/novatel/oem7/inspva,39.663,-75.756,-1.801007029,0.002981278,-0.000429565,0.002171792,0.002042385,-0.000429565,,0,
1786043716989260736,1786043716.986915719,/novatel/oem7/odom,/novatel/oem7/fix,/novatel/oem7/odom,39.663,-75.756,-1.801007029,0.002983337,-0.000415022,0.002149175,0.002069141,-0.000415022,,,
1786043716995675504,1786043716.994983190,/novatel/oem7/odom,/novatel/oem7/fix,/novatel/oem7/odom,39.663,-75.756,-1.801007029,0.002983337,-0.000415022,0.002149175,0.002069141,-0.000415022,,,
1786043717010481964,1786043717.009906048,/novatel/oem7/inspva,/novatel/oem7/inspva,/novatel/oem7/inspva,39.663,-75.756,-1.801047078,0.003014517,-0.002567220,0.002939457,0.000668514,-0.002567220,,novatel_oem7_msgs.msg.InertialSolutionStatus(status=3),
1786043717011883261,1786043717.010073363,/novatel/oem7/fix,/novatel/oem7/fix,/novatel/oem7/inspva,39.663,-75.756,-1.801047078,0.003014517,-0.002567220,0.002939457,0.000668514,-0.002567220,,0,
1786043717012954395,1786043717.011290129,/novatel/oem7/odom,/novatel/oem7/fix,/novatel/oem7/odom,39.663,-75.756,-1.801047078,0.003023950,-0.002556102,0.000823934,0.002909537,-0.002556102,,,
1786043717017566184,1786043717.016862777,/novatel/oem7/odom,/novatel/oem7/fix,/novatel/oem7/odom,39.663,-75.756,-1.801047078,0.003023950,-0.002556102,0.000823934,0.002909537,-0.002556102,,,
1786043717026750366,1786043717.026119793,/novatel/oem7/bestpos,/novatel/oem7/bestpos,/novatel/oem7/odom,39.663,-75.756,33.181157660,0.003023950,-0.002556102,0.000823934,0.002909537,-0.002556102,,novatel_oem7_msgs.msg.SolutionStatus(status=0),novatel_oem7_msgs.msg.PositionOrVelocityType(type=53)
1786043717028245684,1786043717.026585694,/novatel/oem7/bestvel,/novatel/oem7/bestpos,/novatel/oem7/bestvel,39.663,-75.756,33.181157660,0.002402242,-0.002321521,,,,27.161874203,novatel_oem7_msgs.msg.SolutionStatus(status=0),novatel_oem7_msgs.msg.PositionOrVelocityType(type=53)
1786043717029160550,1786043717.027054246,/novatel/oem7/inspva,/novatel/oem7/inspva,/novatel/oem7/inspva,39.663,-75.756,-1.801064178,0.002530086,-0.002695771,0.002368982,0.000888405,-0.002695771,,novatel_oem7_msgs.msg.InertialSolutionStatus(status=3),
1786043717029992301,1786043717.027208433,/novatel/oem7/fix,/novatel/oem7/fix,/novatel/oem7/inspva,39.663,-75.756,-1.801064178,0.002530086,-0.002695771,0.002368982,0.000888405,-0.002695771,,0,
1786043717031009768,1786043717.027554308,/novatel/oem7/odom,/novatel/oem7/fix,/novatel/oem7/odom,39.663,-75.756,-1.801064178,0.002541064,-0.002685426,0.001015739,0.002329223,-0.002685426,,,
1786043717035319074,1786043717.034634361,/novatel/oem7/odom,/novatel/oem7/fix,/novatel/oem7/odom,39.663,-75.756,-1.801064178,0.002541064,-0.002685426,0.001015739,0.002329223,-0.002685426,,,
1786043717047447989,1786043717.046884529,/novatel/oem7/inspva,/novatel/oem7/inspva,/novatel/oem7/inspva,39.663,-75.756,-1.801041733,0.002832186,0.000286477,0.001450712,0.002432429,0.000286477,,novatel_oem7_msgs.msg.InertialSolutionStatus(status=3),
1786043717048806658,1786043717.047030121,/novatel/oem7/fix,/novatel/oem7/fix,/novatel/oem7/inspva,39.663,-75.756,-1.801041733,0.002832186,0.000286477,0.001450712,0.002432429,0.000286477,,0,
1786043717049855499,1786043717.047435978,/novatel/oem7/odom,/novatel/oem7/fix,/novatel/oem7/odom,39.663,-75.756,-1.801041733,0.002830738,0.000300451,0.002500024,0.001327763,0.000300451,,,
1786043717057248512,1786043717.056555849,/novatel/oem7/odom,/novatel/oem7/fix,/novatel/oem7/odom,39.663,-75.756,-1.801041733,0.002830738,0.000300451,0.002500024,0.001327763,0.000300451,,,
1786043717065755061,1786043717.065156648,/novatel/oem7/inspva,/novatel/oem7/inspva,/novatel/oem7/inspva,39.663,-75.756,-1.801045088,0.002995942,-0.000395225,0.001730446,0.002445655,-0.000395225,,novatel_oem7_msgs.msg.InertialSolutionStatus(status=3),
1786043717067099440,1786043717.065330103,/novatel/oem7/fix,/novatel/oem7/fix,/novatel/oem7/inspva,39.663,-75.756,-1.801045088,0.002995942,-0.000395225,0.001730446,0.002445655,-0.000395225,,0,
1786043717068169401,1786043717.065661769,/novatel/oem7/odom,/novatel/oem7/fix,/novatel/oem7/odom,39.663,-75.756,-1.801045088,0.002997870,-0.000380329,0.002529920,0.001608330,-0.000380329,,,
1786043717076342586,1786043717.075661046,/novatel/oem7/odom,/novatel/oem7/fix,/novatel/oem7/odom,39.663,-75.756,-1.801045088,0.002997870,-0.000380329,0.002529920,0.001608330,-0.000380329,,,
1786043717086189054,1786043717.085594818,/novatel/oem7/inspva,/novatel/oem7/inspva,/novatel/oem7/inspva,39.663,-75.756,-1.801067828,0.003781485,-0.002548197,0.003625942,0.001073391,-0.002548197,,novatel_oem7_msgs.msg.InertialSolutionStatus(status=3),
1786043717087665115,1786043717.085747020,/novatel/oem7/fix,/novatel/oem7/fix,/novatel/oem7/inspva,39.663,-75.756,-1.801067828,0.003781485,-0.002548197,0.003625942,0.001073391,-0.002548197,,0,
1786043717088722545,1786043717.086540324,/novatel/oem7/odom,/novatel/oem7/fix,/novatel/oem7/odom,39.663,-75.756,-1.801067828,0.003791363,-0.002533476,0.001262072,0.003575138,-0.002533476,,,
1786043717095350221,1786043717.094707242,/novatel/oem7/odom,/novatel/oem7/fix,/novatel/oem7/odom,39.663,-75.756,-1.801067828,0.003791363,-0.002533476,0.001262072,0.003575138,-0.002533476,,,
1786043717106602447,1786043717.106056538,/novatel/oem7/inspva,/novatel/oem7/inspva,/novatel/oem7/inspva,39.663,-75.756,-1.801066461,0.003309716,-0.002293617,0.003185798,0.000897170,-0.002293617,,novatel_oem7_msgs.msg.InertialSolutionStatus(status=3),
1786043717107944347,1786043717.106245897,/novatel/oem7/fix,/novatel/oem7/fix,/novatel/oem7/inspva,39.663,-75.756,-1.801066461,0.003309716,-0.002293617,0.003185798,0.000897170,-0.002293617,,0,
1786043717108982697,1786043717.106771832,/novatel/oem7/odom,/novatel/oem7/fix,/novatel/oem7/odom,39.663,-75.756,-1.801066461,0.003318520,-0.002280861,0.001063260,0.003143573,-0.002280861,,,
1786043717110800992,1786043717.109912060,/novatel/oem7/bestpos,/novatel/oem7/bestpos,/novatel/oem7/odom,39.663,-75.756,33.181148585,0.003318520,-0.002280861,0.001063260,0.003143573,-0.002280861,,novatel_oem7_msgs.msg.SolutionStatus(status=0),novatel_oem7_msgs.msg.PositionOrVelocityType(type=53)
1786043717112182353,1786043717.110455403,/novatel/oem7/bestvel,/novatel/oem7/bestpos,/novatel/oem7/bestvel,39.663,-75.756,33.181148585,0.003056700,-0.002222651,,,,22.421924504,novatel_oem7_msgs.msg.SolutionStatus(status=0),novatel_oem7_msgs.msg.PositionOrVelocityType(type=53)
1786043717116354544,1786043717.115693034,/novatel/oem7/odom,/novatel/oem7/bestpos,/novatel/oem7/odom,39.663,-75.756,33.181148585,0.003318520,-0.002280861,0.001063260,0.003143573,-0.002280861,,,
1786043717125951686,1786043717.125399990,/novatel/oem7/inspva,/novatel/oem7/inspva,/novatel/oem7/inspva,39.663,-75.756,-1.801052330,0.002200425,-0.000651691,0.000969227,0.001975467,-0.000651691,,novatel_oem7_msgs.msg.InertialSolutionStatus(status=3),
1786043717127286483,1786043717.125584616,/novatel/oem7/fix,/novatel/oem7/fix,/novatel/oem7/inspva,39.663,-75.756,-1.801052330,0.002200425,-0.000651691,0.000969227,0.001975467,-0.000651691,,0,
1786043717128347243,1786043717.126053021,/novatel/oem7/odom,/novatel/oem7/fix,/novatel/oem7/odom,39.663,-75.756,-1.801052330,0.002203580,-0.000640944,0.002023697,0.000872016,-0.000640944,,,
1786043717135539515,1786043717.134886530,/novatel/oem7/odom,/novatel/oem7/fix,/novatel/oem7/odom,39.663,-75.756,-1.801052330,0.002203580,-0.000640944,0.002023697,0.000872016,-0.000640944,,,
1786043717146690759,1786043717.146141654,/novatel/oem7/inspva,/novatel/oem7/inspva,/novatel/oem7/inspva,39.663,-75.756,-1.801051908,0.002644898,-0.000563560,0.001581483,0.002119999,-0.000563560,,novatel_oem7_msgs.msg.InertialSolutionStatus(status=3),
1786043717147993589,1786043717.146309331,/novatel/oem7/fix,/novatel/oem7/fix,/novatel/oem7/inspva,39.663,-75.756,-1.801051908,0.002644898,-0.000563560,0.001581483,0.002119999,-0.000563560,,0,
1786043717149034389,1786043717.146812860,/novatel/oem7/odom,/novatel/oem7/fix,/novatel/oem7/odom,39.663,-75.756,-1.801051908,0.002647657,-0.000550451,0.002197975,0.001476142,-0.000550451,,,
1786043717156739749,1786043717.155930290,/novatel/oem7/odom,/novatel/oem7/fix,/novatel/oem7/odom,39.663,-75.756,-1.801051908,0.002647657,-0.000550451,0.002197975,0.001476142,-0.000550451,,,
1786043717166112949,1786043717.165460453,/novatel/oem7/inspva,/novatel/oem7/inspva,/novatel/oem7/inspva,39.663,-75.756,-1.801070299,0.003736024,-0.001660065,0.003467421,0.001390996,-0.001660065,,novatel_oem7_msgs.msg.InertialSolutionStatus(status=3),
1786043717167406651,1786043717.165656635,/novatel/oem7/fix,/novatel/oem7/fix,/novatel/oem7/inspva,39.663,-75.756,-1.801070299,0.003736024,-0.001660065,0.003467421,0.001390996,-0.001660065,,0,
1786043717167935689,1786043717.166322484,/novatel/oem7/odom,/novatel/oem7/fix,/novatel/oem7/odom,39.663,-75.756,-1.801070299,0.003742901,-0.001644501,0.001567750,0.003398746,-0.001644501,,,
1786043717176251870,1786043717.175561559,/novatel/oem7/odom,/novatel/oem7/fix,/novatel/oem7/odom,39.663,-75.756,-1.801070299,0.003742901,-0.001644501,0.001567750,0.003398746,-0.001644501,,,
1786043717185266606,1786043717.184970468,/novatel/oem7/inspva,/novatel/oem7/inspva,/novatel/oem7/inspva,39.663,-75.756,-1.801074051,0.003316531,-0.002302953,0.003111206,0.001148816,-0.002302953,,novatel_oem7_msgs.msg.InertialSolutionStatus(status=3),
1786043717186658207,1786043717.185062634,/novatel/oem7/fix,/novatel/oem7/fix,/novatel/oem7/inspva,39.663,-75.756,-1.801074051,0.003316531,-0.002302953,0.003111206,0.001148816,-0.002302953,,0,
1786043717187528477,1786043717.185664767,/novatel/oem7/odom,/novatel/oem7/fix,/novatel/oem7/odom,39.663,-75.756,-1.801074051,0.003325919,-0.002289373,0.001310961,0.003056652,-0.002289373,,,
1786043717194887537,1786043717.194518945,/novatel/oem7/odom,/novatel/oem7/fix,/novatel/oem7/odom,39.663,-75.756,-1.801074051,0.003325919,-0.002289373,0.001310961,0.003056652,-0.002289373,,,
1786043717207131952,1786043717.206645026,/novatel/oem7/inspva,/novatel/oem7/inspva,/novatel/oem7/inspva,39.663,-75.756,-1.801074659,0.002424084,-0.001817050,0.001802848,0.001620470,-0.001817050,,novatel_oem7_msgs.msg.InertialSolutionStatus(status=3),
1786043717207722896,1786043717.206825060,/novatel/oem7/fix,/novatel/oem7/fix,/novatel/oem7/inspva,39.663,-75.756,-1.801074659,0.002424084,-0.001817050,0.001802848,0.001620470,-0.001817050,,0,
1786043717208195117,1786043717.207396580,/novatel/oem7/odom,/novatel/oem7/fix,/novatel/oem7/odom,39.663,-75.756,-1.801074659,0.002432773,-0.001805400,0.001715176,0.001725271,-0.001805400,,,
1786043717210752457,1786043717.210412920,/novatel/oem7/bestpos,/novatel/oem7/bestpos,/novatel/oem7/odom,39.663,-75.756,33.181153900,0.002432773,-0.001805400,0.001715176,0.001725271,-0.001805400,,novatel_oem7_msgs.msg.SolutionStatus(status=0),novatel_oem7_msgs.msg.PositionOrVelocityType(type=53)
1786043717211363956,1786043717.210807734,/novatel/oem7/bestvel,/novatel/oem7/bestpos,/novatel/oem7/bestvel,39.663,-75.756,33.181153900,0.001320060,-0.000949914,,,,33.499719977,novatel_oem7_msgs.msg.SolutionStatus(status=0),novatel_oem7_msgs.msg.PositionOrVelocityType(type=53)
1786043717215466108,1786043717.215130390,/novatel/oem7/odom,/novatel/oem7/bestpos,/novatel/oem7/odom,39.663,-75.756,33.181153900,0.002432773,-0.001805400,0.001715176,0.001725271,-0.001805400,,,
1786043717225488260,1786043717.224999455,/novatel/oem7/inspva,/novatel/oem7/inspva,/novatel/oem7/inspva,39.663,-75.756,-1.801070632,0.002224063,-0.001251637,0.001557653,0.001587505,-0.001251637,,novatel_oem7_msgs.msg.InertialSolutionStatus(status=3),
1786043717226076262,1786043717.225174927,/novatel/oem7/fix,/novatel/oem7/fix,/novatel/oem7/inspva,39.663,-75.756,-1.801070632,0.002224063,-0.001251637,0.001557653,0.001587505,-0.001251637,,0,
1786043717226562534,1786043717.225738486,/novatel/oem7/odom,/novatel/oem7/fix,/novatel/oem7/odom,39.663,-75.756,-1.801070632,0.002230116,-0.001240820,0.001667782,0.001480513,-0.001240820,,,
1786043717235340224,1786043717.234692625,/novatel/oem7/odom,/novatel/oem7/fix,/novatel/oem7/odom,39.663,-75.756,-1.801070632,0.002230116,-0.001240820,0.001667782,0.001480513,-0.001240820,,,
1786043717245790158,1786043717.245258310,/novatel/oem7/inspva,/novatel/oem7/inspva,/novatel/oem7/inspva,39.663,-75.756,-1.801078512,0.003631340,-0.000718566,0.003211546,0.001694876,-0.000718566,,novatel_oem7_msgs.msg.InertialSolutionStatus(status=3),
1786043717247104168,1786043717.245481259,/novatel/oem7/fix,/novatel/oem7/fix,/novatel/oem7/inspva,39.663,-75.756,-1.801078512,0.003631340,-0.000718566,0.003211546,0.001694876,-0.000718566,,0,
1786043717247814782,1786043717.245842889,/novatel/oem7/odom,/novatel/oem7/fix,/novatel/oem7/odom,39.663,-75.756,-1.801078512,0.003634481,-0.000702504,0.001854681,0.003125638,-0.000702504,,,
1786043717257367547,1786043717.256657933,/novatel/oem7/odom,/novatel/oem7/fix,/novatel/oem7/odom,39.663,-75.756,-1.801078512,0.003634481,-0.000702504,0.001854681,0.003125638,-0.000702504,,,
1786043717266318121,1786043717.266042217,/novatel/oem7/inspva,/novatel/oem7/inspva,/novatel/oem7/inspva,39.663,-75.756,-1.801088233,0.003084441,-0.001763571,0.002773465,0.001349690,-0.001763571,,novatel_oem7_msgs.msg.InertialSolutionStatus(status=3),
1786043717266924750,1786043717.266203418,/novatel/oem7/fix,/novatel/oem7/fix,/novatel/oem7/inspva,39.663,-75.756,-1.801088233,0.003084441,-0.001763571,0.002773465,0.001349690,-0.001763571,,0,
1786043717267414240,1786043717.266692993,/novatel/oem7/odom,/novatel/oem7/fix,/novatel/oem7/odom,39.663,-75.756,-1.801088233,0.003092054,-0.001750188,0.001492605,0.002707937,-0.001750188,,,
1786043717274852344,1786043717.274500004,/novatel/oem7/odom,/novatel/oem7/fix,/novatel/oem7/odom,39.663,-75.756,-1.801088233,0.003092054,-0.001750188,0.001492605,0.002707937,-0.001750188,,,
1786043717285604923,1786043717.285147367,/novatel/oem7/inspva,/novatel/oem7/inspva,/novatel/oem7/inspva,39.663,-75.756,-1.801099174,0.002560913,-0.002436488,0.002153967,0.001385171,-0.002436488,,novatel_oem7_msgs.msg.InertialSolutionStatus(status=3),
1786043717286185075,1786043717.285299245,/novatel/oem7/fix,/novatel/oem7/fix,/novatel/oem7/inspva,39.663,-75.756,-1.801099174,0.002560913,-0.002436488,0.002153967,0.001385171,-0.002436488,,0,
1786043717286660050,1786043717.285798626,/novatel/oem7/odom,/novatel/oem7/fix,/novatel/oem7/odom,39.663,-75.756,-1.801099174,0.002571973,-0.002424811,0.001500046,0.002089236,-0.002424811,,,
1786043717295753498,1786043717.295386325,/novatel/oem7/odom,/novatel/oem7/fix,/novatel/oem7/odom,39.663,-75.756,-1.801099174,0.002571973,-0.002424811,0.001500046,0.002089236,-0.002424811,,,
1786043717306336131,1786043717.305927060,/novatel/oem7/inspva,/novatel/oem7/inspva,/novatel/oem7/inspva,39.663,-75.756,-1.801101177,0.002343575,-0.002175755,0.001457453,0.001835259,-0.002175755,,novatel_oem7_msgs.msg.InertialSolutionStatus(status=3),
1786043717306936524,1786043717.306083972,/novatel/oem7/fix,/novatel/oem7/fix,/novatel/oem7/inspva,39.663,-75.756,-1.801101177,0.002343575,-0.002175755,0.001457453,0.001835259,-0.002175755,,0,
1786043717307437349,1786043717.306584037,/novatel/oem7/odom,/novatel/oem7/fix,/novatel/oem7/odom,39.663,-75.756,-1.801101177,0.002354220,-0.002164232,0.001914079,0.001370640,-0.002164232,,,
1786043717309763265,1786043717.309453585,/novatel/oem7/bestpos,/novatel/oem7/bestpos,/novatel/oem7/odom,39.663,-75.756,33.181127070,0.002354220,-0.002164232,0.001914079,0.001370640,-0.002164232,,novatel_oem7_msgs.msg.SolutionStatus(status=0),novatel_oem7_msgs.msg.PositionOrVelocityType(type=53)
1786043717310556013,1786043717.310137625,/novatel/oem7/bestvel,/novatel/oem7/bestpos,/novatel/oem7/bestvel,39.663,-75.756,33.181127070,0.001814541,-0.001790093,,,,38.035850220,novatel_oem7_msgs.msg.SolutionStatus(status=0),novatel_oem7_msgs.msg.PositionOrVelocityType(type=53)
1786043717314846553,1786043717.314416288,/novatel/oem7/odom,/novatel/oem7/bestpos,/novatel/oem7/odom,39.663,-75.756,33.181127070,0.002354220,-0.002164232,0.001914079,0.001370640,-0.002164232,,,
1786043717327030926,1786043717.326496501,/novatel/oem7/inspva,/novatel/oem7/inspva,/novatel/oem7/inspva,39.663,-75.756,-1.801096880,0.003152300,-0.000104153,0.002635650,0.001729261,-0.000104153,,novatel_oem7_msgs.msg.InertialSolutionStatus(status=3),
1786043717327761776,1786043717.326663847,/novatel/oem7/fix,/novatel/oem7/fix,/novatel/oem7/inspva,39.663,-75.756,-1.801096880,0.003152300,-0.000104153,0.002635650,0.001729261,-0.000104153,,0,
1786043717328228267,1786043717.327186402,/novatel/oem7/odom,/novatel/oem7/fix,/novatel/oem7/odom,39.663,-75.756,-1.801096880,0.003152747,-0.000089584,0.001857974,0.002547106,-0.000089584,,,
1786043717335294450,1786043717.334959185,/novatel/oem7/odom,/novatel/oem7/fix,/novatel/oem7/odom,39.663,-75.756,-1.801096880,0.003152747,-0.000089584,0.001857974,0.002547106,-0.000089584,,,
1786043717345311863,1786043717.345024706,/novatel/oem7/inspva,/novatel/oem7/inspva,/novatel/oem7/inspva,39.663,-75.756,-1.801108933,0.002983114,-0.000767292,0.002804025,0.001018043,-0.000767292,,novatel_oem7_msgs.msg.InertialSolutionStatus(status=3),
1786043717345917917,1786043717.345202834,/novatel/oem7/fix,/novatel/oem7/fix,/novatel/oem7/inspva,39.663,-75.756,-1.801108933,0.002983114,-0.000767292,0.002804025,0.001018043,-0.000767292,,0,
1786043717346387427,1786043717.345667212,/novatel/oem7/odom,/novatel/oem7/fix,/novatel/oem7/odom,39.663,-75.756,-1.801108933,0.002986208,-0.000755159,0.001158731,0.002752232,-0.000755159,,,
1786043717356396861,1786043717.356023462,/novatel/oem7/odom,/novatel/oem7/fix,/novatel/oem7/odom,39.663,-75.756,-1.801108933,0.002986208,-0.000755159,0.001158731,0.002752232,-0.000755159,,,
1786043717365911587,1786043717.365384202,/novatel/oem7/inspva,/novatel/oem7/inspva,/novatel/oem7/inspva,39.663,-75.756,-1.801128093,0.002670804,-0.002831764,0.002284541,0.001383497,-0.002831764,,novatel_oem7_msgs.msg.InertialSolutionStatus(status=3),
1786043717367283574,1786043717.365566900,/novatel/oem7/fix,/novatel/oem7/fix,/novatel/oem7/inspva,39.663,-75.756,-1.801128093,0.002670804,-0.002831764,0.002284541,0.001383497,-0.002831764,,0,
1786043717367826824,1786043717.366165426,/novatel/oem7/odom,/novatel/oem7/fix,/novatel/oem7/odom,39.663,-75.756,-1.801128093,0.002683482,-0.002819753,0.001506517,0.002220695,-0.002819753,,,
1786043717375278953,1786043717.374831089,/novatel/oem7/odom,/novatel/oem7/fix,/novatel/oem7/odom,39.663,-75.756,-1.801128093,0.002683482,-0.002819753,0.001506517,0.002220695,-0.002819753,,,
1786043717386563380,1786043717.386079318,/novatel/oem7/inspva,/novatel/oem7/inspva,/novatel/oem7/inspva,39.663,-75.756,-1.801124113,0.002211403,-0.002140516,0.001829719,0.001241945,-0.002140516,,novatel_oem7_msgs.msg.InertialSolutionStatus(status=3),
1786043717387184568,1786043717.386253893,/novatel/oem7/fix,/novatel/oem7/fix,/novatel/oem7/inspva,39.663,-75.756,-1.801124113,0.002211403,-0.002140516,0.001829719,0.001241945,-0.002140516,,0,
1786043717387673256,1786043717.386714837,/novatel/oem7/odom,/novatel/oem7/fix,/novatel/oem7/odom,39.663,-75.756,-1.801124113,0.002221235,-0.002130311,0.001339815,0.001771660,-0.002130311,,,
1786043717394801077,1786043717.394387844,/novatel/oem7/odom,/novatel/oem7/fix,/novatel/oem7/odom,39.663,-75.756,-1.801124113,0.002221235,-0.002130311,0.001339815,0.001771660,-0.002130311,,,
1786043717406913604,1786043717.406484711,/novatel/oem7/inspva,/novatel/oem7/inspva,/novatel/oem7/inspva,39.663,-75.756,-1.801118631,0.003440989,-0.000153953,0.002031298,0.002777451,-0.000153953,,novatel_oem7_msgs.msg.InertialSolutionStatus(status=3),
1786043717407543775,1786043717.406647345,/novatel/oem7/fix,/novatel/oem7/fix,/novatel/oem7/inspva,39.663,-75.756,-1.801118631,0.003440989,-0.000153953,0.002031298,0.002777451,-0.000153953,,0,
1786043717408027029,1786043717.407115293,/novatel/oem7/odom,/novatel/oem7/fix,/novatel/oem7/odom,39.663,-75.756,-1.801118631,0.003441708,-0.000136953,0.002875164,0.001891767,-0.000136953,,,
1786043717410816838,1786043717.410333865,/novatel/oem7/bestpos,/novatel/oem7/bestpos,/novatel/oem7/odom,39.663,-75.756,33.181090801,0.003441708,-0.000136953,0.002875164,0.001891767,-0.000136953,,novatel_oem7_msgs.msg.SolutionStatus(status=0),novatel_oem7_msgs.msg.PositionOrVelocityType(type=53)
1786043717411467117,1786043717.410900051,/novatel/oem7/bestvel,/novatel/oem7/bestpos,/novatel/oem7/bestvel,39.663,-75.756,33.181090801,0.004124635,-0.000742899,,,,43.994014863,novatel_oem7_msgs.msg.SolutionStatus(status=0),novatel_oem7_msgs.msg.PositionOrVelocityType(type=53)
1786043717415933787,1786043717.415482153,/novatel/oem7/odom,/novatel/oem7/bestpos,/novatel/oem7/odom,39.663,-75.756,33.181090801,0.003441708,-0.000136953,0.002875164,0.001891767,-0.000136953,,,
1786043717425362576,1786043717.425070689,/novatel/oem7/inspva,/novatel/oem7/inspva,/novatel/oem7/inspva,39.663,-75.756,-1.801121693,0.002722244,-0.000093467,0.002247984,0.001535312,-0.000093467,,novatel_oem7_msgs.msg.InertialSolutionStatus(status=3),
1786043717425989737,1786043717.425226303,/novatel/oem7/fix,/novatel/oem7/fix,/novatel/oem7/inspva,39.663,-75.756,-1.801121693,0.002722244,-0.000093467,0.002247984,0.001535312,-0.000093467,,0,
1786043717426495270,1786043717.425691322,/novatel/oem7/odom,/novatel/oem7/fix,/novatel/oem7/odom,39.663,-75.756,-1.801121693,0.002722649,-0.000080836,0.001645043,0.002169481,-0.000080836,,,
1786043717434926984,1786043717.434567876,/novatel/oem7/odom,/novatel/oem7/fix,/novatel/oem7/odom,39.663,-75.756,-1.801121693,0.002722649,-0.000080836,0.001645043,0.002169481,-0.000080836,,,
1786043717447078791,1786043717.446548933,/novatel/oem7/inspva,/novatel/oem7/inspva,/novatel/oem7/inspva,39.663,-75.756,-1.801153170,0.002859020,-0.003340149,0.002814213,0.000504184,-0.003340149,,novatel_oem7_msgs.msg.InertialSolutionStatus(status=3),
1786043717447899020,1786043717.446704707,/novatel/oem7/fix,/novatel/oem7/fix,/novatel/oem7/inspva,39.663,-75.756,-1.801153170,0.002859020,-0.003340149,0.002814213,0.000504184,-0.003340149,,0,
1786043717448390006,1786043717.447149662,/novatel/oem7/odom,/novatel/oem7/fix,/novatel/oem7/odom,39.663,-75.756,-1.801153170,0.002870678,-0.003330134,0.000656607,0.002794577,-0.003330134,,,
1786043717457021446,1786043717.456593056,/novatel/oem7/odom,/novatel/oem7/fix,/novatel/oem7/odom,39.663,-75.756,-1.801153170,0.002870678,-0.003330134,0.000656607,0.002794577,-0.003330134,,,
1786043717465481312,1786043717.465067070,/novatel/oem7/inspva,/novatel/oem7/inspva,/novatel/oem7/inspva,39.663,-75.756,-1.801149286,0.002464834,-0.002808182,0.002052873,0.001364229,-0.002808182,,novatel_oem7_msgs.msg.InertialSolutionStatus(status=3),
1786043717466095188,1786043717.465259346,/novatel/oem7/fix,/novatel/oem7/fix,/novatel/oem7/inspva,39.663,-75.756,-1.801149286,0.002464834,-0.002808182,0.002052873,0.001364229,-0.002808182,,0,
1786043717466596834,1786043717.465619095,/novatel/oem7/odom,/novatel/oem7/fix,/novatel/oem7/odom,39.663,-75.756,-1.801149286,0.002477673,-0.002796861,0.001475785,0.001990206,-0.002796861,,,
1786043717475067657,1786043717.474721966,/novatel/oem7/odom,/novatel/oem7/fix,/novatel/oem7/odom,39.663,-75.756,-1.801149286,0.002477673,-0.002796861,0.001475785,0.001990206,-0.002796861,,,
1786043717485827386,1786043717.485290408,/novatel/oem7/inspva,/novatel/oem7/inspva,/novatel/oem7/inspva,39.663,-75.756,-1.801146042,0.003017707,-0.000258904,0.001604052,0.002556086,-0.000258904,,novatel_oem7_msgs.msg.InertialSolutionStatus(status=3),
1786043717487186730,1786043717.485518570,/novatel/oem7/fix,/novatel/oem7/fix,/novatel/oem7/inspva,39.663,-75.756,-1.801146042,0.003017707,-0.000258904,0.001604052,0.002556086,-0.000258904,,0,
1786043717487790863,1786043717.486060216,/novatel/oem7/odom,/novatel/oem7/fix,/novatel/oem7/odom,39.663,-75.756,-1.801146042,0.003018954,-0.000243929,0.002633410,0.001476224,-0.000243929,,,
1786043717495465029,1786043717.494954551,/novatel/oem7/odom,/novatel/oem7/fix,/novatel/oem7/odom,39.663,-75.756,-1.801146042,0.003018954,-0.000243929,0.002633410,0.001476224,-0.000243929,,,
1786043717506626900,1786043717.506103662,/novatel/oem7/inspva,/novatel/oem7/inspva,/novatel/oem7/inspva,39.663,-75.756,-1.801161692,0.002985607,-0.000638615,0.001898166,0.002304521,-0.000638615,,novatel_oem7_msgs.msg.InertialSolutionStatus(status=3),
1786043717507787392,1786043717.506293614,/novatel/oem7/fix,/novatel/oem7/fix,/novatel/oem7/inspva,39.663,-75.756,-1.801161692,0.002985607,-0.000638615,0.001898166,0.002304521,-0.000638615,,0,
1786043717508259863,1786043717.506757865,/novatel/oem7/odom,/novatel/oem7/fix,/novatel/oem7/odom,39.663,-75.756,-1.801161692,0.002988719,-0.000623891,0.002398285,0.001783443,-0.000623891,,,
1786043717513772995,1786043717.513149205,/novatel/oem7/bestpos,/novatel/oem7/bestpos,/novatel/oem7/odom,39.663,-75.756,33.181049768,0.002988719,-0.000623891,0.002398285,0.001783443,-0.000623891,,novatel_oem7_msgs.msg.SolutionStatus(status=0),novatel_oem7_msgs.msg.PositionOrVelocityType(type=53)
1786043717515064681,1786043717.513324454,/novatel/oem7/bestvel,/novatel/oem7/bestpos,/novatel/oem7/bestvel,39.663,-75.756,33.181049768,0.003638852,-0.001158227,,,,47.634699812,novatel_oem7_msgs.msg.SolutionStatus(status=0),novatel_oem7_msgs.msg.PositionOrVelocityType(type=53)
1786043717515571971,1786043717.514557399,/novatel/oem7/odom,/novatel/oem7/bestpos,/novatel/oem7/odom,39.663,-75.756,33.181049768,0.002988719,-0.000623891,0.002398285,0.001783443,-0.000623891,,,
1786043717525733847,1786043717.525214945,/novatel/oem7/inspva,/novatel/oem7/inspva,/novatel/oem7/inspva,39.663,-75.756,-1.801191555,0.003050407,-0.002544597,0.002961292,0.000731940,-0.002544597,,novatel_oem7_msgs.msg.InertialSolutionStatus(status=3),
1786043717527046300,1786043717.525381694,/novatel/oem7/fix,/novatel/oem7/fix,/novatel/oem7/inspva,39.663,-75.756,-1.801191555,0.003050407,-0.002544597,0.002961292,0.000731940,-0.002544597,,0,
1786043717527783636,1786043717.525853312,/novatel/oem7/odom,/novatel/oem7/fix,/novatel/oem7/odom,39.663,-75.756,-1.801191555,0.003059842,-0.002533245,0.000888183,0.002928099,-0.002533245,,,
1786043717535764386,1786043717.535396850,/novatel/oem7/odom,/novatel/oem7/fix,/novatel/oem7/odom,39.663,-75.756,-1.801191555,0.003059842,-0.002533245,0.000888183,0.002928099,-0.002533245,,,
1786043717545309550,1786043717.544963722,/novatel/oem7/inspva,/novatel/oem7/inspva,/novatel/oem7/inspva,39.663,-75.756,-1.801204480,0.002422436,-0.003381560,0.002368503,0.000508321,-0.003381560,,novatel_oem7_msgs.msg.InertialSolutionStatus(status=3),
1786043717546678162,1786043717.545140683,/novatel/oem7/fix,/novatel/oem7/fix,/novatel/oem7/inspva,39.663,-75.756,-1.801204480,0.002422436,-0.003381560,0.002368503,0.000508321,-0.003381560,,0,
1786043717547620074,1786043717.545672212,/novatel/oem7/odom,/novatel/oem7/fix,/novatel/oem7/odom,39.663,-75.756,-1.801204480,0.002434636,-0.003372787,0.000638945,0.002349298,-0.003372787,,,
1786043717556004107,1786043717.555635901,/novatel/oem7/odom,/novatel/oem7/fix,/novatel/oem7/odom,39.663,-75.756,-1.801204480,0.002434636,-0.003372787,0.000638945,0.002349298,-0.003372787,,,
1786043717567236444,1786043717.566607377,/novatel/oem7/inspva,/novatel/oem7/inspva,/novatel/oem7/inspva,39.663,-75.756,-1.801208564,0.002375955,-0.001069448,0.000872650,0.002209897,-0.001069448,,novatel_oem7_msgs.msg.InertialSolutionStatus(status=3),
1786043717567836239,1786043717.566787596,/novatel/oem7/fix,/novatel/oem7/fix,/novatel/oem7/inspva,39.663,-75.756,-1.801208564,0.002375955,-0.001069448,0.000872650,0.002209897,-0.001069448,,0,
1786043717568288802,1786043717.567119405,/novatel/oem7/odom,/novatel/oem7/fix,/novatel/oem7/odom,39.663,-75.756,-1.801208564,0.002381041,-0.001058075,0.002254804,0.000764994,-0.001058075,,,
1786043717575584375,1786043717.575232096,/novatel/oem7/odom,/novatel/oem7/fix,/novatel/oem7/odom,39.663,-75.756,-1.801208564,0.002381041,-0.001058075,0.002254804,0.000764994,-0.001058075,,,
1786043717585631308,1786043717.585131848,/novatel/oem7/inspva,/novatel/oem7/inspva,/novatel/oem7/inspva,39.663,-75.756,-1.801220354,0.002974519,-0.000412357,0.001756621,0.002400426,-0.000412357,,novatel_oem7_msgs.msg.InertialSolutionStatus(status=3),
1786043717586222354,1786043717.585301476,/novatel/oem7/fix,/novatel/oem7/fix,/novatel/oem7/inspva,39.663,-75.756,-1.801220354,0.002974519,-0.000412357,0.001756621,0.002400426,-0.000412357,,0,
1786043717586692360,1786043717.585672997,/novatel/oem7/odom,/novatel/oem7/fix,/novatel/oem7/odom,39.663,-75.756,-1.801220354,0.002976520,-0.000397656,0.002486143,0.001636694,-0.000397656,,,
1786043717596024487,1786043717.595665626,/novatel/oem7/odom,/novatel/oem7/fix,/novatel/oem7/odom,39.663,-75.756,-1.801220354,0.002976520,-0.000397656,0.002486143,0.001636694,-0.000397656,,,
1786043717607050793,1786043717.606487551,/novatel/oem7/inspva,/novatel/oem7/inspva,/novatel/oem7/inspva,39.663,-75.756,-1.801243665,0.002876685,-0.001547657,0.002817238,0.000581797,-0.001547657,,novatel_oem7_msgs.msg.InertialSolutionStatus(status=3),
1786043717607805735,1786043717.606647585,/novatel/oem7/fix,/novatel/oem7/fix,/novatel/oem7/inspva,39.663,-75.756,-1.801243665,0.002876685,-0.001547657,0.002817238,0.000581797,-0.001547657,,0,
1786043717608253947,1786043717.607022732,/novatel/oem7/odom,/novatel/oem7/fix,/novatel/oem7/odom,39.663,-75.756,-1.801243665,0.002882223,-0.001537320,0.000727022,0.002789023,-0.001537320,,,
1786043717610618856,1786043717.610297792,/novatel/oem7/bestpos,/novatel/oem7/bestpos,/novatel/oem7/odom,39.663,-75.756,33.180975582,0.002882223,-0.001537320,0.000727022,0.002789023,-0.001537320,,novatel_oem7_msgs.msg.SolutionStatus(status=0),novatel_oem7_msgs.msg.PositionOrVelocityType(type=53)
1786043717612154633,1786043717.610690203,/novatel/oem7/bestvel,/novatel/oem7/bestpos,/novatel/oem7/bestvel,39.663,-75.756,33.180975582,0.002964045,-0.001788746,,,,22.687456879,novatel_oem7_msgs.msg.SolutionStatus(status=0),novatel_oem7_msgs.msg.PositionOrVelocityType(type=53)
1786043717615915741,1786043717.615222511,/novatel/oem7/odom,/novatel/oem7/bestpos,/novatel/oem7/odom,39.663,-75.756,33.180975582,0.002882223,-0.001537320,0.000727022,0.002789023,-0.001537320,,,
1786043717626743828,1786043717.626126659,/novatel/oem7/inspva,/novatel/oem7/inspva,/novatel/oem7/inspva,39.663,-75.756,-1.801258986,0.003258083,-0.002849976,0.003032724,0.001190667,-0.002849976,,novatel_oem7_msgs.msg.InertialSolutionStatus(status=3),
1786043717627633705,1786043717.626293351,/novatel/oem7/fix,/novatel/oem7/fix,/novatel/oem7/inspva,39.663,-75.756,-1.801258986,0.003258083,-0.002849976,0.003032724,0.001190667,-0.002849976,,0,
1786043717628084283,1786043717.626740698,/novatel/oem7/odom,/novatel/oem7/fix,/novatel/oem7/odom,39.663,-75.756,-1.801258986,0.003269749,-0.002836584,0.001351223,0.002977491,-0.002836584,,,
1786043717634854793,1786043717.634508643,/novatel/oem7/odom,/novatel/oem7/fix,/novatel/oem7/odom,39.663,-75.756,-1.801258986,0.003269749,-0.002836584,0.001351223,0.002977491,-0.002836584,,,
1786043717646585583,1786043717.645370474,/novatel/oem7/inspva,/novatel/oem7/inspva,/novatel/oem7/inspva,39.663,-75.756,-1.801271850,0.001852611,-0.002014636,0.000164941,0.001845254,-0.002014636,,novatel_oem7_msgs.msg.InertialSolutionStatus(status=3),
1786043717647626243,1786043717.645634180,/novatel/oem7/fix,/novatel/oem7/fix,/novatel/oem7/inspva,39.663,-75.756,-1.801271850,0.001852611,-0.002014636,0.000164941,0.001845254,-0.002014636,,0,
1786043717648074017,1786043717.646250876,/novatel/oem7/odom,/novatel/oem7/fix,/novatel/oem7/odom,39.663,-75.756,-1.801271850,0.001861162,-0.002006739,0.001859499,0.000078653,-0.002006739,,,
1786043717657219515,1786043717.656531419,/novatel/oem7/odom,/novatel/oem7/fix,/novatel/oem7/odom,39.663,-75.756,-1.801271850,0.001861162,-0.002006739,0.001859499,0.000078653,-0.002006739,,,
1786043717665322042,1786043717.665059927,/novatel/oem7/inspva,/novatel/oem7/inspva,/novatel/oem7/inspva,39.663,-75.756,-1.801279964,0.002774734,-0.000992279,0.001044993,0.002570436,-0.000992279,,novatel_oem7_msgs.msg.InertialSolutionStatus(status=3),
1786043717665881772,1786043717.665252929,/novatel/oem7/fix,/novatel/oem7/fix,/novatel/oem7/inspva,39.663,-75.756,-1.801279964,0.002774734,-0.000992279,0.001044993,0.002570436,-0.000992279,,0,
1786043717666325896,1786043717.665652519,/novatel/oem7/odom,/novatel/oem7/fix,/novatel/oem7/odom,39.663,-75.756,-1.801279964,0.002779462,-0.000978960,0.002623132,0.000919012,-0.000978960,,,
1786043717675103311,1786043717.674401666,/novatel/oem7/odom,/novatel/oem7/fix,/novatel/oem7/odom,39.663,-75.756,-1.801279964,0.002779462,-0.000978960,0.002623132,0.000919012,-0.000978960,,,
1786043717687020092,1786043717.686520140,/novatel/oem7/inspva,/novatel/oem7/inspva,/novatel/oem7/inspva,39.663,-75.756,-1.801293942,0.002720304,-0.000596927,0.002667237,0.000534695,-0.000596927,,novatel_oem7_msgs.msg.InertialSolutionStatus(status=3),
1786043717687760882,1786043717.686714055,/novatel/oem7/fix,/novatel/oem7/fix,/novatel/oem7/inspva,39.663,-75.756,-1.801293942,0.002720304,-0.000596927,0.002667237,0.000534695,-0.000596927,,0,
1786043717688194355,1786043717.687098086,/novatel/oem7/odom,/novatel/oem7/fix,/novatel/oem7/odom,39.663,-75.756,-1.801293942,0.002722413,-0.000587230,0.000668642,0.002639025,-0.000587230,,,
1786043717695454386,1786043717.694798066,/novatel/oem7/odom,/novatel/oem7/fix,/novatel/oem7/odom,39.663,-75.756,-1.801293942,0.002722413,-0.000587230,0.000668642,0.002639025,-0.000587230,,,
1786043717706209559,1786043717.705713974,/novatel/oem7/inspva,/novatel/oem7/inspva,/novatel/oem7/inspva,39.663,-75.756,-1.801315725,0.003362015,-0.002298344,0.003271324,0.000775620,-0.002298344,,novatel_oem7_msgs.msg.InertialSolutionStatus(status=3),
1786043717707430479,1786043717.705888356,/novatel/oem7/fix,/novatel/oem7/fix,/novatel/oem7/inspva,39.663,-75.756,-1.801315725,0.003362015,-0.002298344,0.003271324,0.000775620,-0.002298344,,0,
1786043717707894620,1786043717.706352590,/novatel/oem7/odom,/novatel/oem7/fix,/novatel/oem7/odom,39.663,-75.756,-1.801315725,0.003370452,-0.002285954,0.000946205,0.003234910,-0.002285954,,,
1786043717710330811,1786043717.710018271,/novatel/oem7/bestpos,/novatel/oem7/bestpos,/novatel/oem7/odom,39.663,-75.756,33.180912799,0.003370452,-0.002285954,0.000946205,0.003234910,-0.002285954,,novatel_oem7_msgs.msg.SolutionStatus(status=0),novatel_oem7_msgs.msg.PositionOrVelocityType(type=53)
1786043717710928494,1786043717.710185412,/novatel/oem7/bestvel,/novatel/oem7/bestpos,/novatel/oem7/bestvel,39.663,-75.756,33.180912799,0.003505687,-0.002120451,,,,2.783299473,novatel_oem7_msgs.msg.SolutionStatus(status=0),novatel_oem7_msgs.msg.PositionOrVelocityType(type=53)
1786043717715919233,1786043717.715473405,/novatel/oem7/odom,/novatel/oem7/bestpos,/novatel/oem7/odom,39.663,-75.756,33.180912799,0.003370452,-0.002285954,0.000946205,0.003234910,-0.002285954,,,
1786043717725640552,1786043717.725363970,/novatel/oem7/inspva,/novatel/oem7/inspva,/novatel/oem7/inspva,39.663,-75.756,-1.801347919,0.002289137,-0.003484766,0.000868917,0.002117813,-0.003484766,,novatel_oem7_msgs.msg.InertialSolutionStatus(status=3),
1786043717726212998,1786043717.725542395,/novatel/oem7/fix,/novatel/oem7/fix,/novatel/oem7/inspva,39.663,-75.756,-1.801347919,0.002289137,-0.003484766,0.000868917,0.002117813,-0.003484766,,0,
1786043717726877520,1786043717.726121344,/novatel/oem7/odom,/novatel/oem7/fix,/novatel/oem7/odom,39.663,-75.756,-1.801347919,0.002305773,-0.003473781,0.002172644,0.000772144,-0.003473781,,,
1786043717734987057,1786043717.734511438,/novatel/oem7/odom,/novatel/oem7/fix,/novatel/oem7/odom,39.663,-75.756,-1.801347919,0.002305773,-0.003473781,0.002172644,0.000772144,-0.003473781,,,
1786043717746348666,1786043717.746058716,/novatel/oem7/inspva,/novatel/oem7/inspva,/novatel/oem7/inspva,39.663,-75.756,-1.801355400,0.002118566,-0.002252594,0.001248120,0.001711876,-0.002252594,,novatel_oem7_msgs.msg.InertialSolutionStatus(status=3),
1786043717746950399,1786043717.746233871,/novatel/oem7/fix,/novatel/oem7/fix,/novatel/oem7/inspva,39.663,-75.756,-1.801355400,0.002118566,-0.002252594,0.001248120,0.001711876,-0.002252594,,0,
1786043717747455706,1786043717.746597535,/novatel/oem7/odom,/novatel/oem7/fix,/novatel/oem7/odom,39.663,-75.756,-1.801355400,0.002129595,-0.002242170,0.001780891,0.001167734,-0.002242170,,,
1786043717756334242,1786043717.755909720,/novatel/oem7/odom,/novatel/oem7/fix,/novatel/oem7/odom,39.663,-75.756,-1.801355400,0.002129595,-0.002242170,0.001780891,0.001167734,-0.002242170,,,
1786043717765809119,1786043717.765288217,/novatel/oem7/inspva,/novatel/oem7/inspva,/novatel/oem7/inspva,39.663,-75.756,-1.801364094,0.002699924,-0.000039373,0.002639065,0.000570025,-0.000039373,,novatel_oem7_msgs.msg.InertialSolutionStatus(status=3),
1786043717767115609,1786043717.765469159,/novatel/oem7/fix,/novatel/oem7/fix,/novatel/oem7/inspva,39.663,-75.756,-1.801364094,0.002699924,-0.000039373,0.002639065,0.000570025,-0.000039373,,0,
1786043717767762790,1786043717.766068822,/novatel/oem7/odom,/novatel/oem7/fix,/novatel/oem7/odom,39.663,-75.756,-1.801364094,0.002700049,-0.000029590,0.000700194,0.002607680,-0.000029590,,,
1786043717775903499,1786043717.775449045,/novatel/oem7/odom,/novatel/oem7/fix,/novatel/oem7/odom,39.663,-75.756,-1.801364094,0.002700049,-0.000029590,0.000700194,0.002607680,-0.000029590,,,
1786043717785508155,1786043717.784985737,/novatel/oem7/inspva,/novatel/oem7/inspva,/novatel/oem7/inspva,39.663,-75.756,-1.801388610,0.002722186,-0.001547635,0.002635116,0.000682983,-0.001547635,,novatel_oem7_msgs.msg.InertialSolutionStatus(status=3),
1786043717786832131,1786043717.785140381,/novatel/oem7/fix,/novatel/oem7/fix,/novatel/oem7/inspva,39.663,-75.756,-1.801388610,0.002722186,-0.001547635,0.002635116,0.000682983,-0.001547635,,0,
1786043717787753110,1786043717.785624289,/novatel/oem7/odom,/novatel/oem7/fix,/novatel/oem7/odom,39.663,-75.756,-1.801388610,0.002727972,-0.001537415,0.000819089,0.002602100,-0.001537415,,,
1786043717794817736,1786043717.794443827,/novatel/oem7/odom,/novatel/oem7/fix,/novatel/oem7/odom,39.663,-75.756,-1.801388610,0.002727972,-0.001537415,0.000819089,0.002602100,-0.001537415,,,
1786043717806569808,1786043717.806256028,/novatel/oem7/inspva,/novatel/oem7/inspva,/novatel/oem7/inspva,39.663,-75.756,-1.801429481,0.002007337,-0.004059054,0.001784976,0.000918294,-0.004059054,,novatel_oem7_msgs.msg.InertialSolutionStatus(status=3),
1786043717807221283,1786043717.806445246,/novatel/oem7/fix,/novatel/oem7/fix,/novatel/oem7/inspva,39.663,-75.756,-1.801429481,0.002007337,-0.004059054,0.001784976,0.000918294,-0.004059054,,0,
1786043717807938014,1786043717.807087913,/novatel/oem7/odom,/novatel/oem7/fix,/novatel/oem7/odom,39.663,-75.756,-1.801429481,0.002024934,-0.004050304,0.001022303,0.001747929,-0.004050304,,,
1786043717810628148,1786043717.810297048,/novatel/oem7/bestpos,/novatel/oem7/bestpos,/novatel/oem7/odom,39.663,-75.756,33.180811826,0.002024934,-0.004050304,0.001022303,0.001747929,-0.004050304,,novatel_oem7_msgs.msg.SolutionStatus(status=0),novatel_oem7_msgs.msg.PositionOrVelocityType(type=53)
1786043717811295366,1786043717.810849827,/novatel/oem7/bestvel,/novatel/oem7/bestpos,/novatel/oem7/bestvel,39.663,-75.756,33.180811826,0.001616533,-0.003423906,,,,355.733031681,novatel_oem7_msgs.msg.SolutionStatus(status=0),novatel_oem7_msgs.msg.PositionOrVelocityType(type=53)
1786043717815295564,1786043717.814940761,/novatel/oem7/odom,/novatel/oem7/bestpos,/novatel/oem7/odom,39.663,-75.756,33.180811826,0.002024934,-0.004050304,0.001022303,0.001747929,-0.004050304,,,
1786043717825606637,1786043717.825153683,/novatel/oem7/inspva,/novatel/oem7/inspva,/novatel/oem7/inspva,39.663,-75.756,-1.801445151,0.001986028,-0.003285495,0.001503737,0.001297337,-0.003285495,,novatel_oem7_msgs.msg.InertialSolutionStatus(status=3),
1786043717826207486,1786043717.825315248,/novatel/oem7/fix,/novatel/oem7/fix,/novatel/oem7/inspva,39.663,-75.756,-1.801445151,0.001986028,-0.003285495,0.001503737,0.001297337,-0.003285495,,0,
1786043717826693475,1786043717.825656998,/novatel/oem7/odom,/novatel/oem7/fix,/novatel/oem7/odom,39.663,-75.756,-1.801445151,0.002001643,-0.003276005,0.001383752,0.001446308,-0.003276005,,,
1786043717836186612,1786043717.835516976,/novatel/oem7/odom,/novatel/oem7/fix,/novatel/oem7/odom,39.663,-75.756,-1.801445151,0.002001643,-0.003276005,0.001383752,0.001446308,-0.003276005,,,
1786043717845565996,1786043717.845256303,/novatel/oem7/inspva,/novatel/oem7/inspva,/novatel/oem7/inspva,39.663,-75.756,-1.801448091,0.002135280,-0.000036196,0.001799170,0.001149961,-0.000036196,,novatel_oem7_msgs.msg.InertialSolutionStatus(status=3),
1786043717846167775,1786043717.845441968,/novatel/oem7/fix,/novatel/oem7/fix,/novatel/oem7/inspva,39.663,-75.756,-1.801448091,0.002135280,-0.000036196,0.001799170,0.001149961,-0.000036196,,0,
1786043717846854243,1786043717.846136848,/novatel/oem7/odom,/novatel/oem7/fix,/novatel/oem7/odom,39.663,-75.756,-1.801448091,0.002135423,-0.000026431,0.001237793,0.001740086,-0.000026431,,,
1786043717857001686,1786043717.856514678,/novatel/oem7/odom,/novatel/oem7/fix,/novatel/oem7/odom,39.663,-75.756,-1.801448091,0.002135423,-0.000026431,0.001237793,0.001740086,-0.000026431,,,
1786043717866718496,1786043717.866165431,/novatel/oem7/inspva,/novatel/oem7/inspva,/novatel/oem7/inspva,39.663,-75.756,-1.801480197,0.002082840,-0.001093084,0.002027746,0.000475887,-0.001093084,,novatel_oem7_msgs.msg.InertialSolutionStatus(status=3),
1786043717867598286,1786043717.866329829,/novatel/oem7/fix,/novatel/oem7/fix,/novatel/oem7/inspva,39.663,-75.756,-1.801480197,0.002082840,-0.001093084,0.002027746,0.000475887,-0.001093084,,0,
1786043717868065465,1786043717.866720196,/novatel/oem7/odom,/novatel/oem7/fix,/novatel/oem7/odom,39.663,-75.756,-1.801480197,0.002086860,-0.001085389,0.000580277,0.002004561,-0.001085389,,,
1786043717875050099,1786043717.874725186,/novatel/oem7/odom,/novatel/oem7/fix,/novatel/oem7/odom,39.663,-75.756,-1.801480197,0.002086860,-0.001085389,0.000580277,0.002004561,-0.001085389,,,
1786043717885958384,1786043717.885409002,/novatel/oem7/inspva,/novatel/oem7/inspva,/novatel/oem7/inspva,39.663,-75.756,-1.801533502,0.002651753,-0.004283260,0.002651126,-0.000057653,-0.004283260,,novatel_oem7_msgs.msg.InertialSolutionStatus(status=3),
1786043717887243240,1786043717.885588798,/novatel/oem7/fix,/novatel/oem7/fix,/novatel/oem7/inspva,39.663,-75.756,-1.801533502,0.002651753,-0.004283260,0.002651126,-0.000057653,-0.004283260,,0,
1786043717887727978,1786043717.886243847,/novatel/oem7/odom,/novatel/oem7/fix,/novatel/oem7/odom,39.663,-75.756,-1.801533502,0.002663505,-0.004275962,0.000091366,0.002661937,-0.004275962,,,
1786043717896057059,1786043717.895699964,/novatel/oem7/odom,/novatel/oem7/fix,/novatel/oem7/odom,39.663,-75.756,-1.801533502,0.002663505,-0.004275962,0.000091366,0.002661937,-0.004275962,,,
1786043717906325604,1786043717.905986311,/novatel/oem7/inspva,/novatel/oem7/inspva,/novatel/oem7/inspva,39.663,-75.756,-1.801551793,0.001942151,-0.003349004,0.001819944,0.000678052,-0.003349004,,novatel_oem7_msgs.msg.InertialSolutionStatus(status=3),
1786043717906910847,1786043717.906140338,/novatel/oem7/fix,/novatel/oem7/fix,/novatel/oem7/inspva,39.663,-75.756,-1.801551793,0.001942151,-0.003349004,0.001819944,0.000678052,-0.003349004,,0,
1786043717907386611,1786043717.906603377,/novatel/oem7/odom,/novatel/oem7/fix,/novatel/oem7/odom,39.663,-75.756,-1.801551793,0.001955668,-0.003341129,0.000781182,0.001792872,-0.003341129,,,
1786043717910472799,1786043717.910166295,/novatel/oem7/bestpos,/novatel/oem7/bestpos,/novatel/oem7/odom,39.663,-75.756,33.180690737,0.001955668,-0.003341129,0.000781182,0.001792872,-0.003341129,,novatel_oem7_msgs.msg.SolutionStatus(status=0),novatel_oem7_msgs.msg.PositionOrVelocityType(type=53)
1786043717911082321,1786043717.910638643,/novatel/oem7/bestvel,/novatel/oem7/bestpos,/novatel/oem7/bestvel,39.663,-75.756,33.180690737,0.001133124,-0.002551406,,,,355.350649896,novatel_oem7_msgs.msg.SolutionStatus(status=0),novatel_oem7_msgs.msg.PositionOrVelocityType(type=53)
1786043717915269226,1786043717.914602499,/novatel/oem7/odom,/novatel/oem7/bestpos,/novatel/oem7/odom,39.663,-75.756,33.180690737,0.001955668,-0.003341129,0.000781182,0.001792872,-0.003341129,,,
1786043717926994556,1786043717.926707397,/novatel/oem7/inspva,/novatel/oem7/inspva,/novatel/oem7/inspva,39.663,-75.756,-1.801565343,0.002002291,-0.001148780,0.001103786,0.001670576,-0.001148780,,novatel_oem7_msgs.msg.InertialSolutionStatus(status=3),
1786043717927653516,1786043717.926865591,/novatel/oem7/fix,/novatel/oem7/fix,/novatel/oem7/inspva,39.663,-75.756,-1.801565343,0.002002291,-0.001148780,0.001103786,0.001670576,-0.001148780,,0,
1786043717928136681,1786043717.927365556,/novatel/oem7/odom,/novatel/oem7/fix,/novatel/oem7/odom,39.663,-75.756,-1.801565343,0.002007895,-0.001138956,0.001727948,0.001022661,-0.001138956,,,
1786043717935828484,1786043717.935161314,/novatel/oem7/odom,/novatel/oem7/fix,/novatel/oem7/odom,39.663,-75.756,-1.801565343,0.002007895,-0.001138956,0.001727948,0.001022661,-0.001138956,,,
1786043717945682732,1786043717.945164267,/novatel/oem7/inspva,/novatel/oem7/inspva,/novatel/oem7/inspva,39.663,-75.756,-1.801591297,0.001674488,-0.001195266,0.001402564,0.000914726,-0.001195266,,novatel_oem7_msgs.msg.InertialSolutionStatus(status=3),
1786043717947017839,1786043717.945317362,/novatel/oem7/fix,/novatel/oem7/fix,/novatel/oem7/inspva,39.663,-75.756,-1.801591297,0.001674488,-0.001195266,0.001402564,0.000914726,-0.001195266,,0,
1786043717947706724,1786043717.945685399,/novatel/oem7/odom,/novatel/oem7/fix,/novatel/oem7/odom,39.663,-75.756,-1.801591297,0.001679927,-0.001187609,0.000988051,0.001358643,-0.001187609,,,
1786043717956073079,1786043717.955711281,/novatel/oem7/odom,/novatel/oem7/fix,/novatel/oem7/odom,39.663,-75.756,-1.801591297,0.001679927,-0.001187609,0.000988051,0.001358643,-0.001187609,,,
1786043717965961250,1786043717.965306904,/novatel/oem7/inspva,/novatel/oem7/inspva,/novatel/oem7/inspva,39.663,-75.756,-1.801641725,0.003535319,-0.003387445,0.003506392,-0.000451326,-0.003387445,,novatel_oem7_msgs.msg.InertialSolutionStatus(status=3),
1786043717967256691,1786043717.965525796,/novatel/oem7/fix,/novatel/oem7/fix,/novatel/oem7/inspva,39.663,-75.756,-1.801641725,0.003535319,-0.003387445,0.003506392,-0.000451326,-0.003387445,,0,
1786043717967797124,1786043717.966384661,/novatel/oem7/odom,/novatel/oem7/fix,/novatel/oem7/odom,39.663,-75.756,-1.801641725,0.003543071,-0.003379335,-0.000263103,0.003533289,-0.003379335,,,
1786043717974984804,1786043717.974603613,/novatel/oem7/odom,/novatel/oem7/fix,/novatel/oem7/odom,39.663,-75.756,-1.801641725,0.003543071,-0.003379335,-0.000263103,0.003533289,-0.003379335,,,
1786043717986603419,1786043717.986054047,/novatel/oem7/inspva,/novatel/oem7/inspva,/novatel/oem7/inspva,39.663,-75.756,-1.801660840,0.002326949,-0.002776628,0.002325612,0.000078866,-0.002776628,,novatel_oem7_msgs.msg.InertialSolutionStatus(status=3),
1786043717987562850,1786043717.986232212,/novatel/oem7/fix,/novatel/oem7/fix,/novatel/oem7/inspva,39.663,-75.756,-1.801660840,0.002326949,-0.002776628,0.002325612,0.000078866,-0.002776628,,0,
1786043717988105120,1786043717.986630329,/novatel/oem7/odom,/novatel/oem7/fix,/novatel/oem7/odom,39.663,-75.756,-1.801660840,0.002335185,-0.002769704,0.000205432,0.002326131,-0.002769704,,,
1786043717995077644,1786043717.994607992,/novatel/oem7/odom,/novatel/oem7/fix,/novatel/oem7/odom,39.663,-75.756,-1.801660840,0.002335185,-0.002769704,0.000205432,0.002326131,-0.002769704,,,
1786043718010678930,1786043718.010189054,/novatel/oem7/inspva,/novatel/oem7/inspva,/novatel/oem7/inspva,39.663,-75.756,-1.801674250,0.002075069,-0.001414572,0.000781414,0.001922318,-0.001414572,,novatel_oem7_msgs.msg.InertialSolutionStatus(status=3),
1786043718011277717,1786043718.010354185,/novatel/oem7/fix,/novatel/oem7/fix,/novatel/oem7/inspva,39.663,-75.756,-1.801674250,0.002075069,-0.001414572,0.000781414,0.001922318,-0.001414572,,0,
1786043718011971635,1786043718.011522774,/novatel/oem7/odom,/novatel/oem7/fix,/novatel/oem7/odom,39.663,-75.756,-1.801674250,0.002081810,-0.001404634,0.001964520,0.000688906,-0.001404634,,,
1786043718016499905,1786043718.016147380,/novatel/oem7/odom,/novatel/oem7/fix,/novatel/oem7/odom,39.663,-75.756,-1.801674250,0.002081810,-0.001404634,0.001964520,0.000688906,-0.001404634,,,
1786043718026347858,1786043718.025750892,/novatel/oem7/bestpos,/novatel/oem7/bestpos,/novatel/oem7/odom,39.663,-75.756,33.180555061,0.002081810,-0.001404634,0.001964520,0.000688906,-0.001404634,,novatel_oem7_msgs.msg.SolutionStatus(status=0),novatel_oem7_msgs.msg.PositionOrVelocityType(type=53)
1786043718027560951,1786043718.026747258,/novatel/oem7/bestvel,/novatel/oem7/bestpos,/novatel/oem7/bestvel,39.663,-75.756,33.180555061,0.002485059,-0.001498518,,,,79.181339243,novatel_oem7_msgs.msg.SolutionStatus(status=0),novatel_oem7_msgs.msg.PositionOrVelocityType(type=53)
1786043718027999369,1786043718.027187283,/novatel/oem7/inspva,/novatel/oem7/inspva,/novatel/oem7/inspva,39.663,-75.756,-1.801701815,0.001550363,-0.001586785,0.000968197,0.001210875,-0.001586785,,novatel_oem7_msgs.msg.InertialSolutionStatus(status=3),
1786043718028620769,1786043718.027344901,/novatel/oem7/fix,/novatel/oem7/fix,/novatel/oem7/inspva,39.663,-75.756,-1.801701815,0.001550363,-0.001586785,0.000968197,0.001210875,-0.001586785,,0,
1786043718029116201,1786043718.027665397,/novatel/oem7/odom,/novatel/oem7/fix,/novatel/oem7/odom,39.663,-75.756,-1.801701815,0.001558103,-0.001579186,0.001263911,0.000911160,-0.001579186,,,
1786043718034957563,1786043718.034601293,/novatel/oem7/odom,/novatel/oem7/fix,/novatel/oem7/odom,39.663,-75.756,-1.801701815,0.001558103,-0.001579186,0.001263911,0.000911160,-0.001579186,,,
1786043718047146508,1786043718.046621206,/novatel/oem7/inspva,/novatel/oem7/inspva,/novatel/oem7/inspva,39.663,-75.756,-1.801702476,0.003047670,-0.002514296,0.003040874,-0.000203408,-0.002514296,,novatel_oem7_msgs.msg.InertialSolutionStatus(status=3),
1786043718048043102,1786043718.046779952,/novatel/oem7/fix,/novatel/oem7/fix,/novatel/oem7/inspva,39.663,-75.756,-1.801702476,0.003047670,-0.002514296,0.003040874,-0.000203408,-0.002514296,,0,
1786043718048567308,1786043718.047205906,/novatel/oem7/odom,/novatel/oem7/fix,/novatel/oem7/odom,39.663,-75.756,-1.801702476,0.003054079,-0.002506506,-0.000042097,0.003053789,-0.002506506,,,
1786043718056724077,1786043718.056337616,/novatel/oem7/odom,/novatel/oem7/fix,/novatel/oem7/odom,39.663,-75.756,-1.801702476,0.003054079,-0.002506506,-0.000042097,0.003053789,-0.002506506,,,
1786043718065915198,1786043718.065366573,/novatel/oem7/inspva,/novatel/oem7/inspva,/novatel/oem7/inspva,39.663,-75.756,-1.801684163,0.002238206,-0.003015065,0.002208530,0.000363259,-0.003015065,,novatel_oem7_msgs.msg.InertialSolutionStatus(status=3),
1786043718067288418,1786043718.065558478,/novatel/oem7/fix,/novatel/oem7/fix,/novatel/oem7/inspva,39.663,-75.756,-1.801684163,0.002238206,-0.003015065,0.002208530,0.000363259,-0.003015065,,0,
1786043718067840298,1786043718.065891138,/novatel/oem7/odom,/novatel/oem7/fix,/novatel/oem7/odom,39.663,-75.756,-1.801684163,0.002248565,-0.003007347,0.000484713,0.002195700,-0.003007347,,,
1786043718076216529,1786043718.075844004,/novatel/oem7/odom,/novatel/oem7/fix,/novatel/oem7/odom,39.663,-75.756,-1.801684163,0.002248565,-0.003007347,0.000484713,0.002195700,-0.003007347,,,
1786043718085976010,1786043718.085515047,/novatel/oem7/inspva,/novatel/oem7/inspva,/novatel/oem7/inspva,39.663,-75.756,-1.801655270,0.000788028,-0.001441991,0.000708907,0.000344151,-0.001441991,,novatel_oem7_msgs.msg.InertialSolutionStatus(status=3),
1786043718086588700,1786043718.085668858,/novatel/oem7/fix,/novatel/oem7/fix,/novatel/oem7/inspva,39.663,-75.756,-1.801655270,0.000788028,-0.001441991,0.000708907,0.000344151,-0.001441991,,0,
1786043718087072514,1786043718.086313325,/novatel/oem7/odom,/novatel/oem7/fix,/novatel/oem7/odom,39.663,-75.756,-1.801655270,0.000794207,-0.001438597,0.000384808,0.000694757,-0.001438597,,,
1786043718095382828,1786043718.094708628,/novatel/oem7/odom,/novatel/oem7/fix,/novatel/oem7/odom,39.663,-75.756,-1.801655270,0.000794207,-0.001438597,0.000384808,0.000694757,-0.001438597,,,
1786043718106403835,1786043718.105895726,/novatel/oem7/inspva,/novatel/oem7/inspva,/novatel/oem7/inspva,39.663,-75.756,-1.801636210,0.001413066,-0.001701434,0.000599596,0.001279546,-0.001701434,,novatel_oem7_msgs.msg.InertialSolutionStatus(status=3),
1786043718107541315,1786043718.106057581,/novatel/oem7/fix,/novatel/oem7/fix,/novatel/oem7/inspva,39.663,-75.756,-1.801636210,0.001413066,-0.001701434,0.000599596,0.001279546,-0.001701434,,0,
1786043718108038400,1786043718.106476702,/novatel/oem7/odom,/novatel/oem7/fix,/novatel/oem7/odom,39.663,-75.756,-1.801636210,0.001421243,-0.001694610,0.001314698,0.000539907,-0.001694610,,,
1786043718109690945,1786043718.109348387,/novatel/oem7/bestpos,/novatel/oem7/bestpos,/novatel/oem7/odom,39.663,-75.756,33.180625360,0.001421243,-0.001694610,0.001314698,0.000539907,-0.001694610,,novatel_oem7_msgs.msg.SolutionStatus(status=0),novatel_oem7_msgs.msg.PositionOrVelocityType(type=53)
1786043718110327934,1786043718.110038051,/novatel/oem7/bestvel,/novatel/oem7/bestpos,/novatel/oem7/bestvel,39.663,-75.756,33.180625360,0.000912775,-0.001374205,,,,57.914723041,novatel_oem7_msgs.msg.SolutionStatus(status=0),novatel_oem7_msgs.msg.PositionOrVelocityType(type=53)
1786043718116102066,1786043718.115668393,/novatel/oem7/odom,/novatel/oem7/bestpos,/novatel/oem7/odom,39.663,-75.756,33.180625360,0.001421243,-0.001694610,0.001314698,0.000539907,-0.001694610,,,
1786043718125644945,1786043718.125341006,/novatel/oem7/inspva,/novatel/oem7/inspva,/novatel/oem7/inspva,39.663,-75.756,-1.801636766,0.002071258,-0.002115498,0.002036535,0.000377669,-0.002115498,,novatel_oem7_msgs.msg.InertialSolutionStatus(status=3),
1786043718126259000,1786043718.125523728,/novatel/oem7/fix,/novatel/oem7/fix,/novatel/oem7/inspva,39.663,-75.756,-1.801636766,0.002071258,-0.002115498,0.002036535,0.000377669,-0.002115498,,0,
1786043718126969198,1786043718.126071367,/novatel/oem7/odom,/novatel/oem7/fix,/novatel/oem7/odom,39.663,-75.756,-1.801636766,0.002078666,-0.002108220,0.000486886,0.002020840,-0.002108220,,,
1786043718135959716,1786043718.135611202,/novatel/oem7/odom,/novatel/oem7/fix,/novatel/oem7/odom,39.663,-75.756,-1.801636766,0.002078666,-0.002108220,0.000486886,0.002020840,-0.002108220,,,
1786043718145636774,1786043718.145327278,/novatel/oem7/inspva,/novatel/oem7/inspva,/novatel/oem7/inspva,39.663,-75.756,-1.801618217,0.002087745,-0.002333762,0.001964599,0.000706423,-0.002333762,,novatel_oem7_msgs.msg.InertialSolutionStatus(status=3),
1786043718146266578,1786043718.145510967,/novatel/oem7/fix,/novatel/oem7/fix,/novatel/oem7/inspva,39.663,-75.756,-1.801618217,0.002087745,-0.002333762,0.001964599,0.000706423,-0.002333762,,0,
1786043718146784045,1786043718.145912958,/novatel/oem7/odom,/novatel/oem7/fix,/novatel/oem7/odom,39.663,-75.756,-1.801618217,0.002097098,-0.002325361,0.000812533,0.001933290,-0.002325361,,,
1786043718156051214,1786043718.155684548,/novatel/oem7/odom,/novatel/oem7/fix,/novatel/oem7/odom,39.663,-75.756,-1.801618217,0.002097098,-0.002325361,0.000812533,0.001933290,-0.002325361,,,
1786043718167489468,1786043718.167179163,/novatel/oem7/inspva,/novatel/oem7/inspva,/novatel/oem7/inspva,39.663,-75.756,-1.801602020,0.000645845,-0.002231185,0.000636947,0.000106839,-0.002231185,,novatel_oem7_msgs.msg.InertialSolutionStatus(status=3),
1786043718168139362,1786043718.167342441,/novatel/oem7/fix,/novatel/oem7/fix,/novatel/oem7/inspva,39.663,-75.756,-1.801602020,0.000645845,-0.002231185,0.000636947,0.000106839,-0.002231185,,0,
1786043718168673487,1786043718.167689105,/novatel/oem7/odom,/novatel/oem7/fix,/novatel/oem7/odom,39.663,-75.756,-1.801602020,0.000653522,-0.002228948,0.000147458,0.000636669,-0.002228948,,,
1786043718176582383,1786043718.175759371,/novatel/oem7/odom,/novatel/oem7/fix,/novatel/oem7/odom,39.663,-75.756,-1.801602020,0.000653522,-0.002228948,0.000147458,0.000636669,-0.002228948,,,
1786043718185306768,1786043718.184945760,/novatel/oem7/inspva,/novatel/oem7/inspva,/novatel/oem7/inspva,39.663,-75.756,-1.801576138,0.000821752,-0.001981289,0.000689985,0.000446315,-0.001981289,,novatel_oem7_msgs.msg.InertialSolutionStatus(status=3),
1786043718186338420,1786043718.185158335,/novatel/oem7/fix,/novatel/oem7/fix,/novatel/oem7/inspva,39.663,-75.756,-1.801576138,0.000821752,-0.001981289,0.000689985,0.000446315,-0.001981289,,0,
1786043718187365795,1786043718.185663957,/novatel/oem7/odom,/novatel/oem7/fix,/novatel/oem7/odom,39.663,-75.756,-1.801576138,0.000830687,-0.001977560,0.000488097,0.000672162,-0.001977560,,,
1786043718196125658,1786043718.195451601,/novatel/oem7/odom,/novatel/oem7/fix,/novatel/oem7/odom,39.663,-75.756,-1.801576138,0.000830687,-0.001977560,0.000488097,0.000672162,-0.001977560,,,
1786043718207069450,1786043718.206522567,/novatel/oem7/inspva,/novatel/oem7/inspva,/novatel/oem7/inspva,39.663,-75.756,-1.801570692,0.001985798,-0.001553063,0.001855055,0.000708635,-0.001553063,,novatel_oem7_msgs.msg.InertialSolutionStatus(status=3),
1786043718207863899,1786043718.206706759,/novatel/oem7/fix,/novatel/oem7/fix,/novatel/oem7/inspva,39.663,-75.756,-1.801570692,0.001985798,-0.001553063,0.001855055,0.000708635,-0.001553063,,0,
1786043718208374165,1786043718.207193788,/novatel/oem7/odom,/novatel/oem7/fix,/novatel/oem7/odom,39.663,-75.756,-1.801570692,0.001992074,-0.001545004,0.000806102,0.001821691,-0.001545004,,,
1786043718210860214,1786043718.210280658,/novatel/oem7/bestvel,/novatel/oem7/fix,/novatel/oem7/bestvel,39.663,-75.756,-1.801570692,0.002773274,-0.002252703,,,,35.885976336,novatel_oem7_msgs.msg.SolutionStatus(status=0),novatel_oem7_msgs.msg.PositionOrVelocityType(type=53)
1786043718212317829,1786043718.210783877,/novatel/oem7/bestpos,/novatel/oem7/bestpos,/novatel/oem7/bestvel,39.663,-75.756,33.180688842,0.002773274,-0.002252703,,,,35.885976336,novatel_oem7_msgs.msg.SolutionStatus(status=0),novatel_oem7_msgs.msg.PositionOrVelocityType(type=53)
1786043718215676142,1786043718.214995059,/novatel/oem7/odom,/novatel/oem7/bestpos,/novatel/oem7/odom,39.663,-75.756,33.180688842,0.001992074,-0.001545004,0.000806102,0.001821691,-0.001545004,,,
1786043718226226498,1786043718.225908084,/novatel/oem7/inspva,/novatel/oem7/inspva,/novatel/oem7/inspva,39.663,-75.756,-1.801551051,0.002082385,-0.001611267,0.002073735,-0.000189607,-0.001611267,,novatel_oem7_msgs.msg.InertialSolutionStatus(status=3),
1786043718227441325,1786043718.226108026,/novatel/oem7/fix,/novatel/oem7/fix,/novatel/oem7/inspva,39.663,-75.756,-1.801551051,0.002082385,-0.001611267,0.002073735,-0.000189607,-0.001611267,,0,
1786043718227991610,1786043718.226615964,/novatel/oem7/odom,/novatel/oem7/fix,/novatel/oem7/odom,39.663,-75.756,-1.801551051,0.002086298,-0.001606197,-0.000079944,0.002084766,-0.001606197,,,
1786043718235807756,1786043718.235414752,/novatel/oem7/odom,/novatel/oem7/fix,/novatel/oem7/odom,39.663,-75.756,-1.801551051,0.002086298,-0.001606197,-0.000079944,0.002084766,-0.001606197,,,
1786043718245883789,1786043718.245308937,/novatel/oem7/inspva,/novatel/oem7/inspva,/novatel/oem7/inspva,39.663,-75.756,-1.801545768,0.001478472,-0.002750996,0.001434050,0.000359696,-0.002750996,,novatel_oem7_msgs.msg.InertialSolutionStatus(status=3),
1786043718247307007,1786043718.245515602,/novatel/oem7/fix,/novatel/oem7/fix,/novatel/oem7/inspva,39.663,-75.756,-1.801545768,0.001478472,-0.002750996,0.001434050,0.000359696,-0.002750996,,0,
1786043718247867017,1786043718.246088465,/novatel/oem7/odom,/novatel/oem7/fix,/novatel/oem7/odom,39.663,-75.756,-1.801545768,0.001488582,-0.002745539,0.000441581,0.001421577,-0.002745539,,,
1786043718257300456,1786043718.256571599,/novatel/oem7/odom,/novatel/oem7/fix,/novatel/oem7/odom,39.663,-75.756,-1.801545768,0.001488582,-0.002745539,0.000441581,0.001421577,-0.002745539,,,
1786043718266514424,1786043718.266203111,/novatel/oem7/inspva,/novatel/oem7/inspva,/novatel/oem7/inspva,39.663,-75.756,-1.801513804,0.000725964,-0.002120873,0.000720270,0.000090750,-0.002120873,,novatel_oem7_msgs.msg.InertialSolutionStatus(status=3),
1786043718267481898,1786043718.266382973,/novatel/oem7/fix,/novatel/oem7/fix,/novatel/oem7/inspva,39.663,-75.756,-1.801513804,0.000725964,-0.002120873,0.000720270,0.000090750,-0.002120873,,0,
1786043718267964249,1786043718.266860562,/novatel/oem7/odom,/novatel/oem7/fix,/novatel/oem7/odom,39.663,-75.756,-1.801513804,0.000732911,-0.002118483,0.000135059,0.000720359,-0.002118483,,,
1786043718274833538,1786043718.274397600,/novatel/oem7/odom,/novatel/oem7/fix,/novatel/oem7/odom,39.663,-75.756,-1.801513804,0.000732911,-0.002118483,0.000135059,0.000720359,-0.002118483,,,
1786043718285807090,1786043718.285208047,/novatel/oem7/inspva,/novatel/oem7/inspva,/novatel/oem7/inspva,39.663,-75.756,-1.801500124,0.001529306,-0.001139170,0.001313740,0.000782857,-0.001139170,,novatel_oem7_msgs.msg.InertialSolutionStatus(status=3),
1786043718287237154,1786043718.285395536,/novatel/oem7/fix,/novatel/oem7/fix,/novatel/oem7/inspva,39.663,-75.756,-1.801500124,0.001529306,-0.001139170,0.001313740,0.000782857,-0.001139170,,0,
1786043718287784022,1786043718.285773503,/novatel/oem7/odom,/novatel/oem7/fix,/novatel/oem7/odom,39.663,-75.756,-1.801500124,0.001534399,-0.001132301,0.000851708,0.001276312,-0.001132301,,,
1786043718295796796,1786043718.295130155,/novatel/oem7/odom,/novatel/oem7/fix,/novatel/oem7/odom,39.663,-75.756,-1.801500124,0.001534399,-0.001132301,0.000851708,0.001276312,-0.001132301,,,
1786043718306303490,1786043718.305771779,/novatel/oem7/inspva,/novatel/oem7/inspva,/novatel/oem7/inspva,39.663,-75.756,-1.801490467,0.001451953,-0.001550141,0.001447377,0.000115194,-0.001550141,,novatel_oem7_msgs.msg.InertialSolutionStatus(status=3),
1786043718307489058,1786043718.305948281,/novatel/oem7/fix,/novatel/oem7/fix,/novatel/oem7/inspva,39.663,-75.756,-1.801490467,0.001451953,-0.001550141,0.001447377,0.000115194,-0.001550141,,0,
1786043718307930243,1786043718.306492562,/novatel/oem7/odom,/novatel/oem7/fix,/novatel/oem7/odom,39.663,-75.756,-1.801490467,0.001456779,-0.001545607,0.000193174,0.001443914,-0.001545607,,,
1786043718309954472,1786043718.309641707,/novatel/oem7/bestpos,/novatel/oem7/bestpos,/novatel/oem7/odom,39.663,-75.756,33.180766100,0.001456779,-0.001545607,0.000193174,0.001443914,-0.001545607,,novatel_oem7_msgs.msg.SolutionStatus(status=0),novatel_oem7_msgs.msg.PositionOrVelocityType(type=53)
1786043718310740072,1786043718.310457892,/novatel/oem7/bestvel,/novatel/oem7/bestpos,/novatel/oem7/bestvel,39.663,-75.756,33.180766100,0.001929344,-0.002144378,,,,37.825536434,novatel_oem7_msgs.msg.SolutionStatus(status=0),novatel_oem7_msgs.msg.PositionOrVelocityType(type=53)
1786043718315040067,1786043718.314338047,/novatel/oem7/odom,/novatel/oem7/bestpos,/novatel/oem7/odom,39.663,-75.756,33.180766100,0.001456779,-0.001545607,0.000193174,0.001443914,-0.001545607,,,
1786043718327034457,1786043718.326479985,/novatel/oem7/inspva,/novatel/oem7/inspva,/novatel/oem7/inspva,39.663,-75.756,-1.801495419,0.002029156,-0.003143835,0.001926089,-0.000638479,-0.003143835,,novatel_oem7_msgs.msg.InertialSolutionStatus(status=3),
1786043718327893935,1786043718.326668610,/novatel/oem7/fix,/novatel/oem7/fix,/novatel/oem7/inspva,39.663,-75.756,-1.801495419,0.002029156,-0.003143835,0.001926089,-0.000638479,-0.003143835,,0,
1786043718328349941,1786043718.327160765,/novatel/oem7/odom,/novatel/oem7/fix,/novatel/oem7/odom,39.663,-75.756,-1.801495419,0.002033627,-0.003140945,-0.000529355,0.001963523,-0.003140945,,,
1786043718335402347,1786043718.335058280,/novatel/oem7/odom,/novatel/oem7/fix,/novatel/oem7/odom,39.663,-75.756,-1.801495419,0.002033627,-0.003140945,-0.000529355,0.001963523,-0.003140945,,,
1786043718345596091,1786043718.345041259,/novatel/oem7/inspva,/novatel/oem7/inspva,/novatel/oem7/inspva,39.663,-75.756,-1.801476189,0.000703050,-0.003267424,0.000695215,-0.000104673,-0.003267424,,novatel_oem7_msgs.msg.InertialSolutionStatus(status=3),
1786043718346924541,1786043718.345224491,/novatel/oem7/fix,/novatel/oem7/fix,/novatel/oem7/inspva,39.663,-75.756,-1.801476189,0.000703050,-0.003267424,0.000695215,-0.000104673,-0.003267424,,0,
1786043718347637015,1786043718.345605021,/novatel/oem7/odom,/novatel/oem7/fix,/novatel/oem7/odom,39.663,-75.756,-1.801476189,0.000710240,-0.003265869,-0.000056642,0.000707977,-0.003265869,,,
1786043718356400609,1786043718.355907151,/novatel/oem7/odom,/novatel/oem7/fix,/novatel/oem7/odom,39.663,-75.756,-1.801476189,0.000710240,-0.003265869,-0.000056642,0.000707977,-0.003265869,,,
1786043718365879777,1786043718.365320144,/novatel/oem7/inspva,/novatel/oem7/inspva,/novatel/oem7/inspva,39.663,-75.756,-1.801449304,0.001101816,-0.000367464,0.000422588,0.001017555,-0.000367464,,novatel_oem7_msgs.msg.InertialSolutionStatus(status=3),
1786043718367289104,1786043718.365526193,/novatel/oem7/fix,/novatel/oem7/fix,/novatel/oem7/inspva,39.663,-75.756,-1.801449304,0.001101816,-0.000367464,0.000422588,0.001017555,-0.000367464,,0,
1786043718367963378,1786043718.366126509,/novatel/oem7/odom,/novatel/oem7/fix,/novatel/oem7/odom,39.663,-75.756,-1.801449304,0.001103555,-0.000362207,0.001038752,0.000372596,-0.000362207,,,
1786043718375387248,1786043718.374928093,/novatel/oem7/odom,/novatel/oem7/fix,/novatel/oem7/odom,39.663,-75.756,-1.801449304,0.001103555,-0.000362207,0.001038752,0.000372596,-0.000362207,,,
1786043718386049884,1786043718.385497588,/novatel/oem7/inspva,/novatel/oem7/inspva,/novatel/oem7/inspva,39.663,-75.756,-1.801444822,0.000996308,-0.000870787,0.000900638,0.000426007,-0.000870787,,novatel_oem7_msgs.msg.InertialSolutionStatus(status=3),
1786043718387299139,1786043718.385682347,/novatel/oem7/fix,/novatel/oem7/fix,/novatel/oem7/inspva,39.663,-75.756,-1.801444822,0.000996308,-0.000870787,0.000900638,0.000426007,-0.000870787,,0,
1786043718387815051,1786043718.386159945,/novatel/oem7/odom,/novatel/oem7/fix,/novatel/oem7/odom,39.663,-75.756,-1.801444822,0.000999998,-0.000866548,0.000473731,0.000880667,-0.000866548,,,
1786043718394837354,1786043718.394443544,/novatel/oem7/odom,/novatel/oem7/fix,/novatel/oem7/odom,39.663,-75.756,-1.801444822,0.000999998,-0.000866548,0.000473731,0.000880667,-0.000866548,,,
1786043718407301208,1786043718.406772100,/novatel/oem7/inspva,/novatel/oem7/inspva,/novatel/oem7/inspva,39.663,-75.756,-1.801460642,0.001712861,-0.003519843,0.001593855,-0.000627311,-0.003519843,,novatel_oem7_msgs.msg.InertialSolutionStatus(status=3),
1786043718407935883,1786043718.406945935,/novatel/oem7/fix,/novatel/oem7/fix,/novatel/oem7/inspva,39.663,-75.756,-1.801460642,0.001712861,-0.003519843,0.001593855,-0.000627311,-0.003519843,,0,
1786043718408784770,1786043718.407304232,/novatel/oem7/odom,/novatel/oem7/fix,/novatel/oem7/odom,39.663,-75.756,-1.801460642,0.001716872,-0.003517888,-0.000533068,0.001632019,-0.003517888,,,
1786043718410737832,1786043718.410394850,/novatel/oem7/bestpos,/novatel/oem7/bestpos,/novatel/oem7/odom,39.663,-75.756,33.180821897,0.001716872,-0.003517888,-0.000533068,0.001632019,-0.003517888,,novatel_oem7_msgs.msg.SolutionStatus(status=0),novatel_oem7_msgs.msg.PositionOrVelocityType(type=53)
1786043718411407277,1786043718.411042176,/novatel/oem7/bestvel,/novatel/oem7/bestpos,/novatel/oem7/bestvel,39.663,-75.756,33.180821897,0.001755193,-0.002687130,,,,301.837714046,novatel_oem7_msgs.msg.SolutionStatus(status=0),novatel_oem7_msgs.msg.PositionOrVelocityType(type=53)
1786043718415926831,1786043718.415443893,/novatel/oem7/odom,/novatel/oem7/bestpos,/novatel/oem7/odom,39.663,-75.756,33.180821897,0.001716872,-0.003517888,-0.000533068,0.001632019,-0.003517888,,,
1786043718425330423,1786043718.425038572,/novatel/oem7/inspva,/novatel/oem7/inspva,/novatel/oem7/inspva,39.663,-75.756,-1.801431891,0.000860012,-0.002629699,0.000744155,-0.000431109,-0.002629699,,novatel_oem7_msgs.msg.InertialSolutionStatus(status=3),
1786043718426250474,1786043718.425253038,/novatel/oem7/fix,/novatel/oem7/fix,/novatel/oem7/inspva,39.663,-75.756,-1.801431891,0.000860012,-0.002629699,0.000744155,-0.000431109,-0.002629699,,0,
1786043718427367695,1786043718.425654622,/novatel/oem7/odom,/novatel/oem7/fix,/novatel/oem7/odom,39.663,-75.756,-1.801431891,0.000861149,-0.002629327,-0.000382867,0.000771356,-0.002629327,,,
1786043718434864803,1786043718.434509306,/novatel/oem7/odom,/novatel/oem7/fix,/novatel/oem7/odom,39.663,-75.756,-1.801431891,0.000861149,-0.002629327,-0.000382867,0.000771356,-0.002629327,,,
1786043718447681442,1786043718.447330827,/novatel/oem7/inspva,/novatel/oem7/inspva,/novatel/oem7/inspva,39.663,-75.756,-1.801402877,0.001232189,-0.000753442,-0.000103638,0.001227823,-0.000753442,,novatel_oem7_msgs.msg.InertialSolutionStatus(status=3),
1786043718448449675,1786043718.447580060,/novatel/oem7/fix,/novatel/oem7/fix,/novatel/oem7/inspva,39.663,-75.756,-1.801402877,0.001232189,-0.000753442,-0.000103638,0.001227823,-0.000753442,,0,
1786043718449491232,1786043718.447992597,/novatel/oem7/odom,/novatel/oem7/fix,/novatel/oem7/odom,39.663,-75.756,-1.801402877,0.001234990,-0.000748843,0.001224263,-0.000162418,-0.000748843,,,
1786043718457260042,1786043718.456564822,/novatel/oem7/odom,/novatel/oem7/fix,/novatel/oem7/odom,39.663,-75.756,-1.801402877,0.001234990,-0.000748843,0.001224263,-0.000162418,-0.000748843,,,
1786043718465308132,1786043718.465029570,/novatel/oem7/inspva,/novatel/oem7/inspva,/novatel/oem7/inspva,39.663,-75.756,-1.801384079,0.000374526,-0.000366895,0.000084991,0.000364755,-0.000366895,,novatel_oem7_msgs.msg.InertialSolutionStatus(status=3),
1786043718465911042,1786043718.465216845,/novatel/oem7/fix,/novatel/oem7/fix,/novatel/oem7/inspva,39.663,-75.756,-1.801384079,0.000374526,-0.000366895,0.000084991,0.000364755,-0.000366895,,0,
1786043718466384003,1786043718.465672770,/novatel/oem7/odom,/novatel/oem7/fix,/novatel/oem7/odom,39.663,-75.756,-1.801384079,0.000376187,-0.000365191,0.000370036,0.000067755,-0.000365191,,,
1786043718475740630,1786043718.475384673,/novatel/oem7/odom,/novatel/oem7/fix,/novatel/oem7/odom,39.663,-75.756,-1.801384079,0.000376187,-0.000365191,0.000370036,0.000067755,-0.000365191,,,
1786043718485676962,1786043718.485150604,/novatel/oem7/inspva,/novatel/oem7/inspva,/novatel/oem7/inspva,39.663,-75.756,-1.801396153,0.002071196,-0.002554620,0.002003109,-0.000526695,-0.002554620,,novatel_oem7_msgs.msg.InertialSolutionStatus(status=3),
1786043718487004218,1786043718.485325969,/novatel/oem7/fix,/novatel/oem7/fix,/novatel/oem7/inspva,39.663,-75.756,-1.801396153,0.002071196,-0.002554620,0.002003109,-0.000526695,-0.002554620,,0,
1786043718487694687,1786043718.485980565,/novatel/oem7/odom,/novatel/oem7/fix,/novatel/oem7/odom,39.663,-75.756,-1.801396153,0.002075491,-0.002551133,-0.000416249,0.002033322,-0.002551133,,,
1786043718495767029,1786043718.495102509,/novatel/oem7/odom,/novatel/oem7/fix,/novatel/oem7/odom,39.663,-75.756,-1.801396153,0.002075491,-0.002551133,-0.000416249,0.002033322,-0.002551133,,,
1786043718506555733,1786043718.506021158,/novatel/oem7/inspva,/novatel/oem7/inspva,/novatel/oem7/inspva,39.663,-75.756,-1.801371967,0.000931189,-0.002431348,0.000830820,-0.000420536,-0.002431348,,novatel_oem7_msgs.msg.InertialSolutionStatus(status=3),
1786043718507653919,1786043718.506206633,/novatel/oem7/fix,/novatel/oem7/fix,/novatel/oem7/inspva,39.663,-75.756,-1.801371967,0.000931189,-0.002431348,0.000830820,-0.000420536,-0.002431348,,0,
1786043718508177924,1786043718.506689698,/novatel/oem7/odom,/novatel/oem7/fix,/novatel/oem7/odom,39.663,-75.756,-1.801371967,0.000932886,-0.002430697,-0.000368814,0.000856885,-0.002430697,,,
1786043718511934176,1786043718.511511109,/novatel/oem7/bestpos,/novatel/oem7/bestpos,/novatel/oem7/odom,39.663,-75.756,33.180905396,0.000932886,-0.002430697,-0.000368814,0.000856885,-0.002430697,,novatel_oem7_msgs.msg.SolutionStatus(status=0),novatel_oem7_msgs.msg.PositionOrVelocityType(type=53)
1786043718512614772,1786043718.512133408,/novatel/oem7/bestvel,/novatel/oem7/bestpos,/novatel/oem7/bestvel,39.663,-75.756,33.180905396,0.000396623,-0.002172688,,,,312.950891999,novatel_oem7_msgs.msg.SolutionStatus(status=0),novatel_oem7_msgs.msg.PositionOrVelocityType(type=53)
1786043718514848272,1786043718.514405821,/novatel/oem7/odom,/novatel/oem7/bestpos,/novatel/oem7/odom,39.663,-75.756,33.180905396,0.000932886,-0.002430697,-0.000368814,0.000856885,-0.002430697,,,
1786043718525864375,1786043718.525313280,/novatel/oem7/inspva,/novatel/oem7/inspva,/novatel/oem7/inspva,39.663,-75.756,-1.801343343,0.001108103,-0.000862080,-0.000616135,0.000921016,-0.000862080,,novatel_oem7_msgs.msg.InertialSolutionStatus(status=3),
1786043718527221329,1786043718.525546932,/novatel/oem7/fix,/novatel/oem7/fix,/novatel/oem7/inspva,39.663,-75.756,-1.801343343,0.001108103,-0.000862080,-0.000616135,0.000921016,-0.000862080,,0,
1786043718527793248,1786043718.526143618,/novatel/oem7/odom,/novatel/oem7/fix,/novatel/oem7/odom,39.663,-75.756,-1.801343343,0.001109637,-0.000860104,0.000892893,-0.000658814,-0.000860104,,,
1786043718536118896,1786043718.535750640,/novatel/oem7/odom,/novatel/oem7/fix,/novatel/oem7/odom,39.663,-75.756,-1.801343343,0.001109637,-0.000860104,0.000892893,-0.000658814,-0.000860104,,,
1786043718545804250,1786043718.545135451,/novatel/oem7/inspva,/novatel/oem7/inspva,/novatel/oem7/inspva,39.663,-75.756,-1.801329376,0.001287884,-0.001042369,-0.000842167,0.000974371,-0.001042369,,novatel_oem7_msgs.msg.InertialSolutionStatus(status=3),
1786043718547236648,1786043718.545342036,/novatel/oem7/fix,/novatel/oem7/fix,/novatel/oem7/inspva,39.663,-75.756,-1.801329376,0.001287884,-0.001042369,-0.000842167,0.000974371,-0.001042369,,0,
1786043718547859442,1786043718.545886618,/novatel/oem7/odom,/novatel/oem7/fix,/novatel/oem7/odom,39.663,-75.756,-1.801329376,0.001289142,-0.001040812,0.000935716,-0.000886749,-0.001040812,,,
1786043718556138763,1786043718.555782360,/novatel/oem7/odom,/novatel/oem7/fix,/novatel/oem7/odom,39.663,-75.756,-1.801329376,0.001289142,-0.001040812,0.000935716,-0.000886749,-0.001040812,,,
1786043718566995033,1786043718.566555224,/novatel/oem7/inspva,/novatel/oem7/inspva,/novatel/oem7/inspva,39.663,-75.756,-1.801328567,0.001010879,-0.001211125,0.001010594,0.000024000,-0.001211125,,novatel_oem7_msgs.msg.InertialSolutionStatus(status=3),
1786043718567676500,1786043718.566729379,/novatel/oem7/fix,/novatel/oem7/fix,/novatel/oem7/inspva,39.663,-75.756,-1.801328567,0.001010879,-0.001211125,0.001010594,0.000024000,-0.001211125,,0,
1786043718568197843,1786043718.567249074,/novatel/oem7/odom,/novatel/oem7/fix,/novatel/oem7/odom,39.663,-75.756,-1.801328567,0.001014359,-0.001208212,0.000079053,0.001011274,-0.001208212,,,
1786043718575019196,1786043718.574613230,/novatel/oem7/odom,/novatel/oem7/fix,/novatel/oem7/odom,39.663,-75.756,-1.801328567,0.001014359,-0.001208212,0.000079053,0.001011274,-0.001208212,,,
1786043718585614497,1786043718.585083218,/novatel/oem7/inspva,/novatel/oem7/inspva,/novatel/oem7/inspva,39.663,-75.756,-1.801307248,0.000892173,-0.001138049,0.000598712,-0.000661451,-0.001138049,,novatel_oem7_msgs.msg.InertialSolutionStatus(status=3),
1786043718586929460,1786043718.585250826,/novatel/oem7/fix,/novatel/oem7/fix,/novatel/oem7/inspva,39.663,-75.756,-1.801307248,0.000892173,-0.001138049,0.000598712,-0.000661451,-0.001138049,,0,
1786043718587646441,1786043718.585763185,/novatel/oem7/odom,/novatel/oem7/fix,/novatel/oem7/odom,39.663,-75.756,-1.801307248,0.000890938,-0.001139016,-0.000626261,0.000633694,-0.001139016,,,
1786043718595048906,1786043718.594687934,/novatel/oem7/odom,/novatel/oem7/fix,/novatel/oem7/odom,39.663,-75.756,-1.801307248,0.000890938,-0.001139016,-0.000626261,0.000633694,-0.001139016,,,
1786043718606724430,1786043718.606363940,/novatel/oem7/inspva,/novatel/oem7/inspva,/novatel/oem7/inspva,39.663,-75.756,-1.801283181,0.000960981,-0.001119377,-0.000858161,0.000432487,-0.001119377,,novatel_oem7_msgs.msg.InertialSolutionStatus(status=3),
1786043718607381420,1786043718.606569648,/novatel/oem7/fix,/novatel/oem7/fix,/novatel/oem7/inspva,39.663,-75.756,-1.801283181,0.000960981,-0.001119377,-0.000858161,0.000432487,-0.001119377,,0,
1786043718607913414,1786043718.607097934,/novatel/oem7/odom,/novatel/oem7/fix,/novatel/oem7/odom,39.663,-75.756,-1.801283181,0.000960238,-0.001120015,0.000394006,-0.000875680,-0.001120015,,,
1786043718610293994,1786043718.609907101,/novatel/oem7/bestpos,/novatel/oem7/bestpos,/novatel/oem7/odom,39.663,-75.756,33.181003085,0.000960238,-0.001120015,0.000394006,-0.000875680,-0.001120015,,novatel_oem7_msgs.msg.SolutionStatus(status=0),novatel_oem7_msgs.msg.PositionOrVelocityType(type=53)
1786043718610975748,1786043718.610354530,/novatel/oem7/bestvel,/novatel/oem7/bestpos,/novatel/oem7/bestvel,39.663,-75.756,33.181003085,0.001522491,-0.000406415,,,,188.346342459,novatel_oem7_msgs.msg.SolutionStatus(status=0),novatel_oem7_msgs.msg.PositionOrVelocityType(type=53)
1786043718615553834,1786043718.614881155,/novatel/oem7/odom,/novatel/oem7/bestpos,/novatel/oem7/odom,39.663,-75.756,33.181003085,0.000960238,-0.001120015,0.000394006,-0.000875680,-0.001120015,,,
1786043718626530464,1786043718.626008342,/novatel/oem7/inspva,/novatel/oem7/inspva,/novatel/oem7/inspva,39.663,-75.756,-1.801252347,0.001391110,-0.000797859,-0.001090141,0.000864163,-0.000797859,,novatel_oem7_msgs.msg.InertialSolutionStatus(status=3),
1786043718627755158,1786043718.626154033,/novatel/oem7/fix,/novatel/oem7/fix,/novatel/oem7/inspva,39.663,-75.756,-1.801252347,0.001391110,-0.000797859,-0.001090141,0.000864163,-0.000797859,,0,
1786043718628253727,1786043718.626631598,/novatel/oem7/odom,/novatel/oem7/fix,/novatel/oem7/odom,39.663,-75.756,-1.801252347,0.001391359,-0.000797425,0.000812346,-0.001129590,-0.000797425,,,
1786043718634821499,1786043718.634409345,/novatel/oem7/odom,/novatel/oem7/fix,/novatel/oem7/odom,39.663,-75.756,-1.801252347,0.001391359,-0.000797425,0.000812346,-0.001129590,-0.000797425,,,
1786043718645563499,1786043718.645216367,/novatel/oem7/inspva,/novatel/oem7/inspva,/novatel/oem7/inspva,39.663,-75.756,-1.801229833,0.000816317,0.000123212,-0.000085314,0.000811847,0.000123212,,novatel_oem7_msgs.msg.InertialSolutionStatus(status=3),
1786043718646217277,1786043718.645362168,/novatel/oem7/fix,/novatel/oem7/fix,/novatel/oem7/inspva,39.663,-75.756,-1.801229833,0.000816317,0.000123212,-0.000085314,0.000811847,0.000123212,,0,
1786043718646967255,1786043718.646015451,/novatel/oem7/odom,/novatel/oem7/fix,/novatel/oem7/odom,39.663,-75.756,-1.801229833,0.000815856,0.000126232,0.000806103,-0.000125773,0.000126232,,,
1786043718657294857,1786043718.656555613,/novatel/oem7/odom,/novatel/oem7/fix,/novatel/oem7/odom,39.663,-75.756,-1.801229833,0.000815856,0.000126232,0.000806103,-0.000125773,0.000126232,,,
1786043718665352247,1786043718.665043177,/novatel/oem7/inspva,/novatel/oem7/inspva,/novatel/oem7/inspva,39.663,-75.756,-1.801203259,0.000351935,0.000338889,0.000056086,0.000347438,0.000338889,,novatel_oem7_msgs.msg.InertialSolutionStatus(status=3),
1786043718666027324,1786043718.665199299,/novatel/oem7/fix,/novatel/oem7/fix,/novatel/oem7/inspva,39.663,-75.756,-1.801203259,0.000351935,0.000338889,0.000056086,0.000347438,0.000338889,,0,
1786043718666581687,1786043718.665607866,/novatel/oem7/odom,/novatel/oem7/fix,/novatel/oem7/odom,39.663,-75.756,-1.801203259,0.000350444,0.000340431,0.000348386,0.000037918,0.000340431,,,
1786043718674842143,1786043718.674407630,/novatel/oem7/odom,/novatel/oem7/fix,/novatel/oem7/odom,39.663,-75.756,-1.801203259,0.000350444,0.000340431,0.000348386,0.000037918,0.000340431,,,
1786043718687164590,1786043718.686622665,/novatel/oem7/inspva,/novatel/oem7/inspva,/novatel/oem7/inspva,39.663,-75.756,-1.801192187,0.000830604,-0.001993180,-0.000496855,-0.000665611,-0.001993180,,novatel_oem7_msgs.msg.InertialSolutionStatus(status=3),
1786043718687825383,1786043718.686773190,/novatel/oem7/fix,/novatel/oem7/fix,/novatel/oem7/inspva,39.663,-75.756,-1.801192187,0.000830604,-0.001993180,-0.000496855,-0.000665611,-0.001993180,,0,
1786043718688315278,1786043718.687265185,/novatel/oem7/odom,/novatel/oem7/fix,/novatel/oem7/odom,39.663,-75.756,-1.801192187,0.000820965,-0.001997169,-0.000681206,-0.000458194,-0.001997169,,,
1786043718695647600,1786043718.695277518,/novatel/oem7/odom,/novatel/oem7/fix,/novatel/oem7/odom,39.663,-75.756,-1.801192187,0.000820965,-0.001997169,-0.000681206,-0.000458194,-0.001997169,,,
1786043718706230247,1786043718.705715202,/novatel/oem7/inspva,/novatel/oem7/inspva,/novatel/oem7/inspva,39.663,-75.756,-1.801155950,0.000670642,-0.001704798,-0.000651778,0.000157943,-0.001704798,,novatel_oem7_msgs.msg.InertialSolutionStatus(status=3),
1786043718707531924,1786043718.705868786,/novatel/oem7/fix,/novatel/oem7/fix,/novatel/oem7/inspva,39.663,-75.756,-1.801155950,0.000670642,-0.001704798,-0.000651778,0.000157943,-0.001704798,,0,
1786043718708043860,1786043718.706326251,/novatel/oem7/odom,/novatel/oem7/fix,/novatel/oem7/odom,39.663,-75.756,-1.801155950,0.000667745,-0.001705935,0.000132450,-0.000654477,-0.001705935,,,
1786043718709802888,1786043718.709461642,/novatel/oem7/bestpos,/novatel/oem7/bestpos,/novatel/oem7/odom,39.663,-75.756,33.181134958,0.000667745,-0.001705935,0.000132450,-0.000654477,-0.001705935,,novatel_oem7_msgs.msg.SolutionStatus(status=0),novatel_oem7_msgs.msg.PositionOrVelocityType(type=53)
1786043718710490312,1786043718.710197390,/novatel/oem7/bestvel,/novatel/oem7/bestpos,/novatel/oem7/bestvel,39.663,-75.756,33.181134958,0.001751364,-0.000642825,,,,222.070178124,novatel_oem7_msgs.msg.SolutionStatus(status=0),novatel_oem7_msgs.msg.PositionOrVelocityType(type=53)
1786043718716080248,1786043718.715434835,/novatel/oem7/odom,/novatel/oem7/bestpos,/novatel/oem7/odom,39.663,-75.756,33.181134958,0.000667745,-0.001705935,0.000132450,-0.000654477,-0.001705935,,,
1786043718725795028,1786043718.725243046,/novatel/oem7/inspva,/novatel/oem7/inspva,/novatel/oem7/inspva,39.663,-75.756,-1.801128925,0.001995407,0.000589656,-0.001354733,0.001465042,0.000589656,,novatel_oem7_msgs.msg.InertialSolutionStatus(status=3),
1786043718727147948,1786043718.725415658,/novatel/oem7/fix,/novatel/oem7/fix,/novatel/oem7/inspva,39.663,-75.756,-1.801128925,0.001995407,0.000589656,-0.001354733,0.001465042,0.000589656,,0,
1786043718727799451,1786043718.726023537,/novatel/oem7/odom,/novatel/oem7/fix,/novatel/oem7/odom,39.663,-75.756,-1.801128925,0.001994776,0.000591787,0.001393631,-0.001427208,0.000591787,,,
1786043718735601906,1786043718.734920732,/novatel/oem7/odom,/novatel/oem7/fix,/novatel/oem7/odom,39.663,-75.756,-1.801128925,0.001994776,0.000591787,0.001393631,-0.001427208,0.000591787,,,
1786043718746599095,1786043718.746055470,/novatel/oem7/inspva,/novatel/oem7/inspva,/novatel/oem7/inspva,39.663,-75.756,-1.801111230,0.001100970,0.000225859,-0.000287427,0.001062789,0.000225859,,novatel_oem7_msgs.msg.InertialSolutionStatus(status=3),
1786043718747645318,1786043718.746226178,/novatel/oem7/fix,/novatel/oem7/fix,/novatel/oem7/inspva,39.663,-75.756,-1.801111230,0.001100970,0.000225859,-0.000287427,0.001062789,0.000225859,,0,
1786043718748174196,1786043718.746761653,/novatel/oem7/odom,/novatel/oem7/fix,/novatel/oem7/odom,39.663,-75.756,-1.801111230,0.001100255,0.000229317,0.001046293,-0.000340343,0.000229317,,,
1786043718756553261,1786043718.755868741,/novatel/oem7/odom,/novatel/oem7/fix,/novatel/oem7/odom,39.663,-75.756,-1.801111230,0.001100255,0.000229317,0.001046293,-0.000340343,0.000229317,,,
1786043718766050162,1786043718.765284181,/novatel/oem7/inspva,/novatel/oem7/inspva,/novatel/oem7/inspva,39.663,-75.756,-1.801115978,0.000719251,-0.002297542,-0.000335705,-0.000636100,-0.002297542,,novatel_oem7_msgs.msg.InertialSolutionStatus(status=3),
1786043718767602230,1786043718.765563810,/novatel/oem7/fix,/novatel/oem7/fix,/novatel/oem7/inspva,39.663,-75.756,-1.801115978,0.000719251,-0.002297542,-0.000335705,-0.000636100,-0.002297542,,0,
1786043718768343167,1786043718.766157866,/novatel/oem7/odom,/novatel/oem7/fix,/novatel/oem7/odom,39.663,-75.756,-1.801115978,0.000708186,-0.002300977,-0.000642482,-0.000297899,-0.002300977,,,
1786043718776064724,1786043718.775542957,/novatel/oem7/odom,/novatel/oem7/fix,/novatel/oem7/odom,39.663,-75.756,-1.801115978,0.000708186,-0.002300977,-0.000642482,-0.000297899,-0.002300977,,,
1786043718785280525,1786043718.784972921,/novatel/oem7/inspva,/novatel/oem7/inspva,/novatel/oem7/inspva,39.663,-75.756,-1.801088196,0.000736051,-0.002409186,-0.000589535,-0.000440703,-0.002409186,,novatel_oem7_msgs.msg.InertialSolutionStatus(status=3),
1786043718785959125,1786043718.785147779,/novatel/oem7/fix,/novatel/oem7/fix,/novatel/oem7/inspva,39.663,-75.756,-1.801088196,0.000736051,-0.002409186,-0.000589535,-0.000440703,-0.002409186,,0,
1786043718786510129,1786043718.785701821,/novatel/oem7/odom,/novatel/oem7/fix,/novatel/oem7/odom,39.663,-75.756,-1.801088196,0.000725031,-0.002412525,-0.000459503,-0.000560826,-0.002412525,,,
1786043718796104531,1786043718.794742301,/novatel/oem7/odom,/novatel/oem7/fix,/novatel/oem7/odom,39.663,-75.756,-1.801088196,0.000725031,-0.002412525,-0.000459503,-0.000560826,-0.002412525,,,
1786043718806954906,1786043718.806453731,/novatel/oem7/inspva,/novatel/oem7/inspva,/novatel/oem7/inspva,39.663,-75.756,-1.801052505,0.002563783,0.000799279,-0.002185366,0.001340582,0.000799279,,novatel_oem7_msgs.msg.InertialSolutionStatus(status=3),
1786043718808013370,1786043718.806667376,/novatel/oem7/fix,/novatel/oem7/fix,/novatel/oem7/inspva,39.663,-75.756,-1.801052505,0.002563783,0.000799279,-0.002185366,0.001340582,0.000799279,,0,
1786043718808560422,1786043718.807086367,/novatel/oem7/odom,/novatel/oem7/fix,/novatel/oem7/odom,39.663,-75.756,-1.801052505,0.002564011,0.000798549,0.001227296,-0.002251199,0.000798549,,,
1786043718810636583,1786043718.810195488,/novatel/oem7/bestpos,/novatel/oem7/bestpos,/novatel/oem7/odom,39.663,-75.756,33.181204760,0.002564011,0.000798549,0.001227296,-0.002251199,0.000798549,,novatel_oem7_msgs.msg.SolutionStatus(status=0),novatel_oem7_msgs.msg.PositionOrVelocityType(type=53)
1786043718811348102,1786043718.810667773,/novatel/oem7/bestvel,/novatel/oem7/bestpos,/novatel/oem7/bestvel,39.663,-75.756,33.181204760,0.001974246,0.000106225,,,,127.295429793,novatel_oem7_msgs.msg.SolutionStatus(status=0),novatel_oem7_msgs.msg.PositionOrVelocityType(type=53)
1786043718815747737,1786043718.815002756,/novatel/oem7/odom,/novatel/oem7/bestpos,/novatel/oem7/odom,39.663,-75.756,33.181204760,0.002564011,0.000798549,0.001227296,-0.002251199,0.000798549,,,
1786043718825549784,1786043718.825149147,/novatel/oem7/inspva,/novatel/oem7/inspva,/novatel/oem7/inspva,39.663,-75.756,-1.801034599,0.001639255,0.000503582,-0.001428513,0.000804056,0.000503582,,novatel_oem7_msgs.msg.InertialSolutionStatus(status=3),
1786043718826891231,1786043718.825357489,/novatel/oem7/fix,/novatel/oem7/fix,/novatel/oem7/inspva,39.663,-75.756,-1.801034599,0.001639255,0.000503582,-0.001428513,0.000804056,0.000503582,,0,
1786043718827707504,1786043718.825785734,/novatel/oem7/odom,/novatel/oem7/fix,/novatel/oem7/odom,39.663,-75.756,-1.801034599,0.001639479,0.000502852,0.000730153,-0.001467913,0.000502852,,,
1786043718836858467,1786043718.835854047,/novatel/oem7/odom,/novatel/oem7/fix,/novatel/oem7/odom,39.663,-75.756,-1.801034599,0.001639479,0.000502852,0.000730153,-0.001467913,0.000502852,,,
1786043718846302758,1786043718.845497720,/novatel/oem7/inspva,/novatel/oem7/inspva,/novatel/oem7/inspva,39.663,-75.756,-1.801030806,0.001115297,-0.001163534,0.000079266,-0.001112476,-0.001163534,,novatel_oem7_msgs.msg.InertialSolutionStatus(status=3),
1786043718848091196,1786043718.845736952,/novatel/oem7/fix,/novatel/oem7/fix,/novatel/oem7/inspva,39.663,-75.756,-1.801030806,0.001115297,-0.001163534,0.000079266,-0.001112476,-0.001163534,,0,
1786043718849509696,1786043718.846452702,/novatel/oem7/odom,/novatel/oem7/fix,/novatel/oem7/odom,39.663,-75.756,-1.801030806,0.001110896,-0.001167737,-0.001102378,0.000137307,-0.001167737,,,
1786043718857613180,1786043718.856587560,/novatel/oem7/odom,/novatel/oem7/fix,/novatel/oem7/odom,39.663,-75.756,-1.801030806,0.001110896,-0.001167737,-0.001102378,0.000137307,-0.001167737,,,
1786043718867531779,1786043718.866256846,/novatel/oem7/inspva,/novatel/oem7/inspva,/novatel/oem7/inspva,39.663,-75.756,-1.801001875,0.000401769,-0.001487944,-0.000270700,-0.000296884,-0.001487944,,novatel_oem7_msgs.msg.InertialSolutionStatus(status=3),
1786043718869683543,1786043718.866606063,/novatel/oem7/fix,/novatel/oem7/fix,/novatel/oem7/inspva,39.663,-75.756,-1.801001875,0.000401769,-0.001487944,-0.000270700,-0.000296884,-0.001487944,,0,
1786043718871112005,1786043718.867125251,/novatel/oem7/odom,/novatel/oem7/fix,/novatel/oem7/odom,39.663,-75.756,-1.801001875,0.000394622,-0.001489856,-0.000303809,-0.000251847,-0.001489856,,,
1786043718875686556,1786043718.874835298,/novatel/oem7/odom,/novatel/oem7/fix,/novatel/oem7/odom,39.663,-75.756,-1.801001875,0.000394622,-0.001489856,-0.000303809,-0.000251847,-0.001489856,,,
1786043718886189175,1786043718.885385370,/novatel/oem7/inspva,/novatel/oem7/inspva,/novatel/oem7/inspva,39.663,-75.756,-1.800968765,0.002550306,0.000027656,-0.002438022,0.000748404,0.000027656,,novatel_oem7_msgs.msg.InertialSolutionStatus(status=3),
1786043718887694026,1786043718.885623082,/novatel/oem7/fix,/novatel/oem7/fix,/novatel/oem7/inspva,39.663,-75.756,-1.800968765,0.002550306,0.000027656,-0.002438022,0.000748404,0.000027656,,0,
1786043718888780710,1786043718.886304816,/novatel/oem7/odom,/novatel/oem7/fix,/novatel/oem7/odom,39.663,-75.756,-1.800968765,0.002550344,0.000023886,0.000626504,-0.002472195,0.000023886,,,
1786043718896742650,1786043718.895795713,/novatel/oem7/odom,/novatel/oem7/fix,/novatel/oem7/odom,39.663,-75.756,-1.800968765,0.002550344,0.000023886,0.000626504,-0.002472195,0.000023886,,,
1786043718906567497,1786043718.905792190,/novatel/oem7/inspva,/novatel/oem7/inspva,/novatel/oem7/inspva,39.663,-75.756,-1.800936445,0.002445482,0.000620876,-0.002101160,0.001251203,0.000620876,,novatel_oem7_msgs.msg.InertialSolutionStatus(status=3),
1786043718907952227,1786043718.905979805,/novatel/oem7/fix,/novatel/oem7/fix,/novatel/oem7/inspva,39.663,-75.756,-1.800936445,0.002445482,0.000620876,-0.002101160,0.001251203,0.000620876,,0,
1786043718909043708,1786043718.906457739,/novatel/oem7/odom,/novatel/oem7/fix,/novatel/oem7/odom,39.663,-75.756,-1.800936445,0.002445696,0.000620033,0.001142904,-0.002162221,0.000620033,,,
1786043718911131573,1786043718.910039788,/novatel/oem7/bestpos,/novatel/oem7/bestpos,/novatel/oem7/odom,39.663,-75.756,33.181330403,0.002445696,0.000620033,0.001142904,-0.002162221,0.000620033,,novatel_oem7_msgs.msg.SolutionStatus(status=0),novatel_oem7_msgs.msg.PositionOrVelocityType(type=53)
1786043718912576987,1786043718.910649344,/novatel/oem7/bestvel,/novatel/oem7/bestpos,/novatel/oem7/bestvel,39.663,-75.756,33.181330403,0.001656702,0.000581622,,,,156.245149668,novatel_oem7_msgs.msg.SolutionStatus(status=0),novatel_oem7_msgs.msg.PositionOrVelocityType(type=53)
1786043718915340448,1786043718.914579773,/novatel/oem7/odom,/novatel/oem7/bestpos,/novatel/oem7/odom,39.663,-75.756,33.181330403,0.002445696,0.000620033,0.001142904,-0.002162221,0.000620033,,,
1786043718928571733,1786043718.926624503,/novatel/oem7/inspva,/novatel/oem7/inspva,/novatel/oem7/inspva,39.663,-75.756,-1.800929084,0.000921699,-0.000685910,-0.000124561,-0.000913244,-0.000685910,,novatel_oem7_msgs.msg.InertialSolutionStatus(status=3),
1786043718930254319,1786043718.926918880,/novatel/oem7/fix,/novatel/oem7/fix,/novatel/oem7/inspva,39.663,-75.756,-1.800929084,0.000921699,-0.000685910,-0.000124561,-0.000913244,-0.000685910,,0,
1786043718931718624,1786043718.927342697,/novatel/oem7/odom,/novatel/oem7/fix,/novatel/oem7/odom,39.663,-75.756,-1.800929084,0.000918698,-0.000689924,-0.000915436,-0.000077347,-0.000689924,,,
1786043718935817502,1786043718.935022861,/novatel/oem7/odom,/novatel/oem7/fix,/novatel/oem7/odom,39.663,-75.756,-1.800929084,0.000918698,-0.000689924,-0.000915436,-0.000077347,-0.000689924,,,
1786043718945746777,1786043718.945078287,/novatel/oem7/inspva,/novatel/oem7/inspva,/novatel/oem7/inspva,39.663,-75.756,-1.800901588,0.000256394,-0.000739263,-0.000113616,-0.000229846,-0.000739263,,novatel_oem7_msgs.msg.InertialSolutionStatus(status=3),
1786043718947415687,1786043718.945351253,/novatel/oem7/fix,/novatel/oem7/fix,/novatel/oem7/inspva,39.663,-75.756,-1.800901588,0.000256394,-0.000739263,-0.000113616,-0.000229846,-0.000739263,,0,
1786043718948761363,1786043718.945807374,/novatel/oem7/odom,/novatel/oem7/fix,/novatel/oem7/odom,39.663,-75.756,-1.800901588,0.000252846,-0.000740484,-0.000232150,-0.000100185,-0.000740484,,,
1786043718957130477,1786043718.956185474,/novatel/oem7/odom,/novatel/oem7/fix,/novatel/oem7/odom,39.663,-75.756,-1.800901588,0.000252846,-0.000740484,-0.000232150,-0.000100185,-0.000740484,,,
1786043718966496207,1786043718.965546491,/novatel/oem7/inspva,/novatel/oem7/inspva,/novatel/oem7/inspva,39.663,-75.756,-1.800883777,0.002643528,-0.000947046,-0.002346431,0.001217579,-0.000947046,,novatel_oem7_msgs.msg.InertialSolutionStatus(status=3),
1786043718968392319,1786043718.965883721,/novatel/oem7/fix,/novatel/oem7/fix,/novatel/oem7/inspva,39.663,-75.756,-1.800883777,0.002643528,-0.000947046,-0.002346431,0.001217579,-0.000947046,,0,
1786043718969852453,1786043718.966613135,/novatel/oem7/odom,/novatel/oem7/fix,/novatel/oem7/odom,39.663,-75.756,-1.800883777,0.002642941,-0.000948683,0.001103577,-0.002401511,-0.000948683,,,
1786043718975702415,1786043718.974582581,/novatel/oem7/odom,/novatel/oem7/fix,/novatel/oem7/odom,39.663,-75.756,-1.800883777,0.002642941,-0.000948683,0.001103577,-0.002401511,-0.000948683,,,
1786043718986894323,1786043718.986248100,/novatel/oem7/inspva,/novatel/oem7/inspva,/novatel/oem7/inspva,39.663,-75.756,-1.800852803,0.002315168,-0.000478414,-0.002292662,0.000322031,-0.000478414,,novatel_oem7_msgs.msg.InertialSolutionStatus(status=3),
1786043718988364034,1786043718.986417122,/novatel/oem7/fix,/novatel/oem7/fix,/novatel/oem7/inspva,39.663,-75.756,-1.800852803,0.002315168,-0.000478414,-0.002292662,0.000322031,-0.000478414,,0,
1786043718989560746,1786043718.986856333,/novatel/oem7/odom,/novatel/oem7/fix,/novatel/oem7/odom,39.663,-75.756,-1.800852803,0.002314119,-0.000483464,0.000209925,-0.002304578,-0.000483464,,,
1786043718995685630,1786043718.994832344,/novatel/oem7/odom,/novatel/oem7/fix,/novatel/oem7/odom,39.663,-75.756,-1.800852803,0.002314119,-0.000483464,0.000209925,-0.002304578,-0.000483464,,,
1786043719010903242,1786043719.010113314,/novatel/oem7/inspva,/novatel/oem7/inspva,/novatel/oem7/inspva,39.663,-75.756,-1.800826656,0.000852994,0.001025977,-0.000828602,-0.000202527,0.001025977,,novatel_oem7_msgs.msg.InertialSolutionStatus(status=3),
1786043719012661029,1786043719.010453437,/novatel/oem7/fix,/novatel/oem7/fix,/novatel/oem7/inspva,39.663,-75.756,-1.800826656,0.000852994,0.001025977,-0.000828602,-0.000202527,0.001025977,,0,
1786043719013948816,1786043719.011651619,/novatel/oem7/odom,/novatel/oem7/fix,/novatel/oem7/odom,39.663,-75.756,-1.800826656,0.000856731,0.001022859,-0.000247610,-0.000820169,0.001022859,,,
1786043719017304912,1786043719.016605399,/novatel/oem7/odom,/novatel/oem7/fix,/novatel/oem7/odom,39.663,-75.756,-1.800826656,0.000856731,0.001022859,-0.000247610,-0.000820169,0.001022859,,,
1786043719027358209,1786043719.026481237,/novatel/oem7/bestpos,/novatel/oem7/bestpos,/novatel/oem7/odom,39.663,-75.756,33.181430259,0.000856731,0.001022859,-0.000247610,-0.000820169,0.001022859,,novatel_oem7_msgs.msg.SolutionStatus(status=0),novatel_oem7_msgs.msg.PositionOrVelocityType(type=53)
1786043719029032312,1786043719.027008899,/novatel/oem7/bestvel,/novatel/oem7/bestpos,/novatel/oem7/bestvel,39.663,-75.756,33.181430259,0.000684872,0.000732401,,,,164.869381938,novatel_oem7_msgs.msg.SolutionStatus(status=0),novatel_oem7_msgs.msg.PositionOrVelocityType(type=53)
1786043719029945245,1786043719.027405650,/novatel/oem7/inspva,/novatel/oem7/inspva,/novatel/oem7/inspva,39.663,-75.756,-1.800807816,0.001226092,-0.000118492,-0.001107538,-0.000525985,-0.000118492,,novatel_oem7_msgs.msg.InertialSolutionStatus(status=3),
1786043719030764620,1786043719.027629432,/novatel/oem7/fix,/novatel/oem7/fix,/novatel/oem7/inspva,39.663,-75.756,-1.800807816,0.001226092,-0.000118492,-0.001107538,-0.000525985,-0.000118492,,0,
1786043719031815914,1786043719.027962225,/novatel/oem7/odom,/novatel/oem7/fix,/novatel/oem7/odom,39.663,-75.756,-1.800807816,0.001225580,-0.000123674,-0.000579758,-0.001079781,-0.000123674,,,
1786043719035467130,1786043719.034777250,/novatel/oem7/odom,/novatel/oem7/fix,/novatel/oem7/odom,39.663,-75.756,-1.800807816,0.001225580,-0.000123674,-0.000579758,-0.001079781,-0.000123674,,,
1786043719047493960,1786043719.046769293,/novatel/oem7/inspva,/novatel/oem7/inspva,/novatel/oem7/inspva,39.663,-75.756,-1.800801858,0.001874995,-0.001316858,-0.001806626,-0.000501705,-0.001316858,,novatel_oem7_msgs.msg.InertialSolutionStatus(status=3),
1786043719048908490,1786043719.046983721,/novatel/oem7/fix,/novatel/oem7/fix,/novatel/oem7/inspva,39.663,-75.756,-1.800801858,0.001874995,-0.001316858,-0.001806626,-0.000501705,-0.001316858,,0,
1786043719049965718,1786043719.047260761,/novatel/oem7/odom,/novatel/oem7/fix,/novatel/oem7/odom,39.663,-75.756,-1.800801858,0.001870078,-0.001323831,-0.000585224,-0.001776149,-0.001323831,,,
1786043719056772158,1786043719.056104677,/novatel/oem7/odom,/novatel/oem7/fix,/novatel/oem7/odom,39.663,-75.756,-1.800801858,0.001870078,-0.001323831,-0.000585224,-0.001776149,-0.001323831,,,
1786043719065762692,1786043719.065156842,/novatel/oem7/inspva,/novatel/oem7/inspva,/novatel/oem7/inspva,39.663,-75.756,-1.800784065,0.002482244,-0.000575023,-0.002466392,0.000280088,-0.000575023,,novatel_oem7_msgs.msg.InertialSolutionStatus(status=3),
1786043719067125151,1786043719.065353738,/novatel/oem7/fix,/novatel/oem7/fix,/novatel/oem7/inspva,39.663,-75.756,-1.800784065,0.002482244,-0.000575023,-0.002466392,0.000280088,-0.000575023,,0,
1786043719068197022,1786043719.065697474,/novatel/oem7/odom,/novatel/oem7/fix,/novatel/oem7/odom,39.663,-75.756,-1.800784065,0.002480920,-0.000580712,0.000159839,-0.002475765,-0.000580712,,,
1786043719076475011,1786043719.075814968,/novatel/oem7/odom,/novatel/oem7/fix,/novatel/oem7/odom,39.663,-75.756,-1.800784065,0.002480920,-0.000580712,0.000159839,-0.002475765,-0.000580712,,,
1786043719086561655,1786043719.085991289,/novatel/oem7/inspva,/novatel/oem7/inspva,/novatel/oem7/inspva,39.663,-75.756,-1.800756311,0.001197827,0.001834163,-0.001178183,-0.000216041,0.001834163,,novatel_oem7_msgs.msg.InertialSolutionStatus(status=3),
1786043719087895405,1786043719.086192211,/novatel/oem7/fix,/novatel/oem7/fix,/novatel/oem7/inspva,39.663,-75.756,-1.800756311,0.001197827,0.001834163,-0.001178183,-0.000216041,0.001834163,,0,
1786043719088935215,1786043719.086710686,/novatel/oem7/odom,/novatel/oem7/fix,/novatel/oem7/odom,39.663,-75.756,-1.800756311,0.001204166,0.001830007,-0.000281875,-0.001170710,0.001830007,,,
1786043719095832807,1786043719.095501154,/novatel/oem7/odom,/novatel/oem7/fix,/novatel/oem7/odom,39.663,-75.756,-1.800756311,0.001204166,0.001830007,-0.000281875,-0.001170710,0.001830007,,,
1786043719106519040,1786043719.105936388,/novatel/oem7/inspva,/novatel/oem7/inspva,/novatel/oem7/inspva,39.663,-75.756,-1.800758562,0.001257119,0.000308118,-0.001140210,-0.000529405,0.000308118,,novatel_oem7_msgs.msg.InertialSolutionStatus(status=3),
1786043719107856667,1786043719.106124356,/novatel/oem7/fix,/novatel/oem7/fix,/novatel/oem7/inspva,39.663,-75.756,-1.800758562,0.001257119,0.000308118,-0.001140210,-0.000529405,0.000308118,,0,
1786043719108898731,1786043719.106591011,/novatel/oem7/odom,/novatel/oem7/fix,/novatel/oem7/odom,39.663,-75.756,-1.800758562,0.001258400,0.000302845,-0.000586562,-0.001113335,0.000302845,,,
1786043719110400339,1786043719.109652372,/novatel/oem7/bestpos,/novatel/oem7/bestpos,/novatel/oem7/odom,39.663,-75.756,33.181475819,0.001258400,0.000302845,-0.000586562,-0.001113335,0.000302845,,novatel_oem7_msgs.msg.SolutionStatus(status=0),novatel_oem7_msgs.msg.PositionOrVelocityType(type=53)
1786043719111816160,1786043719.110285125,/novatel/oem7/bestvel,/novatel/oem7/bestpos,/novatel/oem7/bestvel,39.663,-75.756,33.181475819,0.001525759,-0.000133933,,,,156.133616251,novatel_oem7_msgs.msg.SolutionStatus(status=0),novatel_oem7_msgs.msg.PositionOrVelocityType(type=53)
1786043719115295985,1786043719.114629878,/novatel/oem7/odom,/novatel/oem7/bestpos,/novatel/oem7/odom,39.663,-75.756,33.181475819,0.001258400,0.000302845,-0.000586562,-0.001113335,0.000302845,,,
1786043719125954637,1786043719.125397868,/novatel/oem7/inspva,/novatel/oem7/inspva,/novatel/oem7/inspva,39.663,-75.756,-1.800775683,0.001610708,-0.002169025,-0.001489020,-0.000614165,-0.002169025,,novatel_oem7_msgs.msg.InertialSolutionStatus(status=3),
1786043719127284957,1786043719.125600257,/novatel/oem7/fix,/novatel/oem7/fix,/novatel/oem7/inspva,39.663,-75.756,-1.800775683,0.001610708,-0.002169025,-0.001489020,-0.000614165,-0.002169025,,0,
1786043719128317437,1786043719.126152379,/novatel/oem7/odom,/novatel/oem7/fix,/novatel/oem7/odom,39.663,-75.756,-1.800775683,0.001601894,-0.002175542,-0.000678309,-0.001451193,-0.002175542,,,
1786043719136222296,1786043719.135554236,/novatel/oem7/odom,/novatel/oem7/fix,/novatel/oem7/odom,39.663,-75.756,-1.800775683,0.001601894,-0.002175542,-0.000678309,-0.001451193,-0.002175542,,,
1786043719145752848,1786043719.145132095,/novatel/oem7/inspva,/novatel/oem7/inspva,/novatel/oem7/inspva,39.663,-75.756,-1.800761906,0.002175950,-0.001030700,-0.002139715,-0.000395450,-0.001030700,,novatel_oem7_msgs.msg.InertialSolutionStatus(status=3),
1786043719147078431,1786043719.145292650,/novatel/oem7/fix,/novatel/oem7/fix,/novatel/oem7/inspva,39.663,-75.756,-1.800761906,0.002175950,-0.001030700,-0.002139715,-0.000395450,-0.001030700,,0,
1786043719148127438,1786043719.145686783,/novatel/oem7/odom,/novatel/oem7/fix,/novatel/oem7/odom,39.663,-75.756,-1.800761906,0.002172384,-0.001038195,-0.000496794,-0.002114816,-0.001038195,,,
1786043719156343863,1786043719.155675273,/novatel/oem7/odom,/novatel/oem7/fix,/novatel/oem7/odom,39.663,-75.756,-1.800761906,0.002172384,-0.001038195,-0.000496794,-0.002114816,-0.001038195,,,
1786043719167071476,1786043719.166490940,/novatel/oem7/inspva,/novatel/oem7/inspva,/novatel/oem7/inspva,39.663,-75.756,-1.800743886,0.001514006,0.001192327,-0.001441629,0.000462517,0.001192327,,novatel_oem7_msgs.msg.InertialSolutionStatus(status=3),
1786043719168589535,1786043719.166696652,/novatel/oem7/fix,/novatel/oem7/fix,/novatel/oem7/inspva,39.663,-75.756,-1.800743886,0.001514006,0.001192327,-0.001441629,0.000462517,0.001192327,,0,
1786043719169770380,1786043719.167178541,/novatel/oem7/odom,/novatel/oem7/fix,/novatel/oem7/odom,39.663,-75.756,-1.800743886,0.001515708,0.001190163,0.000385524,-0.001465858,0.001190163,,,
1786043719175734179,1786043719.175043546,/novatel/oem7/odom,/novatel/oem7/fix,/novatel/oem7/odom,39.663,-75.756,-1.800743886,0.001515708,0.001190163,0.000385524,-0.001465858,0.001190163,,,
1786043719185412406,1786043719.184904168,/novatel/oem7/inspva,/novatel/oem7/inspva,/novatel/oem7/inspva,39.663,-75.756,-1.800753731,0.001086969,0.000090202,-0.000988411,-0.000452267,0.000090202,,novatel_oem7_msgs.msg.InertialSolutionStatus(status=3),
1786043719186857037,1786043719.185002316,/novatel/oem7/fix,/novatel/oem7/fix,/novatel/oem7/inspva,39.663,-75.756,-1.800753731,0.001086969,0.000090202,-0.000988411,-0.000452267,0.000090202,,0,
1786043719187973341,1786043719.185415693,/novatel/oem7/odom,/novatel/oem7/fix,/novatel/oem7/odom,39.663,-75.756,-1.800753731,0.001087337,0.000085646,-0.000501076,-0.000965000,0.000085646,,,
1786043719196175866,1786043719.195512923,/novatel/oem7/odom,/novatel/oem7/fix,/novatel/oem7/odom,39.663,-75.756,-1.800753731,0.001087337,0.000085646,-0.000501076,-0.000965000,0.000085646,,,
1786043719206791158,1786043719.206268660,/novatel/oem7/inspva,/novatel/oem7/inspva,/novatel/oem7/inspva,39.663,-75.756,-1.800775176,0.001459145,-0.001864268,-0.000693183,-0.001283979,-0.001864268,,novatel_oem7_msgs.msg.InertialSolutionStatus(status=3),
1786043719208182409,1786043719.206456195,/novatel/oem7/fix,/novatel/oem7/fix,/novatel/oem7/inspva,39.663,-75.756,-1.800775176,0.001459145,-0.001864268,-0.000693183,-0.001283979,-0.001864268,,0,
1786043719209284983,1786043719.207066744,/novatel/oem7/odom,/novatel/oem7/fix,/novatel/oem7/odom,39.663,-75.756,-1.800775176,0.001450183,-0.001871248,-0.001309111,-0.000623907,-0.001871248,,,
1786043719211204736,1786043719.210399144,/novatel/oem7/bestpos,/novatel/oem7/bestpos,/novatel/oem7/odom,39.663,-75.756,33.181484396,0.001450183,-0.001871248,-0.001309111,-0.000623907,-0.001871248,,novatel_oem7_msgs.msg.SolutionStatus(status=0),novatel_oem7_msgs.msg.PositionOrVelocityType(type=53)
1786043719212666270,1786043719.210850169,/novatel/oem7/bestvel,/novatel/oem7/bestpos,/novatel/oem7/bestvel,39.663,-75.756,33.181484396,0.002599351,-0.001025981,,,,241.042003696,novatel_oem7_msgs.msg.SolutionStatus(status=0),novatel_oem7_msgs.msg.PositionOrVelocityType(type=53)
1786043719215633650,1786043719.214952290,/novatel/oem7/odom,/novatel/oem7/bestpos,/novatel/oem7/odom,39.663,-75.756,33.181484396,0.001450183,-0.001871248,-0.001309111,-0.000623907,-0.001871248,,,
1786043719226565175,1786043719.225972426,/novatel/oem7/inspva,/novatel/oem7/inspva,/novatel/oem7/inspva,39.663,-75.756,-1.800762818,0.001480439,-0.000959196,-0.001346814,-0.000614648,-0.000959196,,novatel_oem7_msgs.msg.InertialSolutionStatus(status=3),
1786043719228022133,1786043719.226150364,/novatel/oem7/fix,/novatel/oem7/fix,/novatel/oem7/inspva,39.663,-75.756,-1.800762818,0.001480439,-0.000959196,-0.001346814,-0.000614648,-0.000959196,,0,
1786043719229194895,1786043719.226502688,/novatel/oem7/odom,/novatel/oem7/fix,/novatel/oem7/odom,39.663,-75.756,-1.800762818,0.001476429,-0.000965357,-0.000676709,-0.001312214,-0.000965357,,,
1786043719235141431,1786043719.234432514,/novatel/oem7/odom,/novatel/oem7/fix,/novatel/oem7/odom,39.663,-75.756,-1.800762818,0.001476429,-0.000965357,-0.000676709,-0.001312214,-0.000965357,,,
1786043719245894738,1786043719.245317702,/novatel/oem7/inspva,/novatel/oem7/inspva,/novatel/oem7/inspva,39.663,-75.756,-1.800739784,0.001613587,0.001382359,-0.001605824,0.000158083,0.001382359,,novatel_oem7_msgs.msg.InertialSolutionStatus(status=3),
1786043719247313202,1786043719.245511867,/novatel/oem7/fix,/novatel/oem7/fix,/novatel/oem7/inspva,39.663,-75.756,-1.800739784,0.001613587,0.001382359,-0.001605824,0.000158083,0.001382359,,0,
1786043719248485246,1786043719.246105163,/novatel/oem7/odom,/novatel/oem7/fix,/novatel/oem7/odom,39.663,-75.756,-1.800739784,0.001616856,0.001378534,0.000072516,-0.001615229,0.001378534,,,
1786043719258262888,1786043719.256552914,/novatel/oem7/odom,/novatel/oem7/fix,/novatel/oem7/odom,39.663,-75.756,-1.800739784,0.001616856,0.001378534,0.000072516,-0.001615229,0.001378534,,,
1786043719265834103,1786043719.265242260,/novatel/oem7/inspva,/novatel/oem7/inspva,/novatel/oem7/inspva,39.663,-75.756,-1.800741776,0.001753761,0.000734322,-0.001582907,0.000755039,0.000734322,,novatel_oem7_msgs.msg.InertialSolutionStatus(status=3),
1786043719267435179,1786043719.265433935,/novatel/oem7/fix,/novatel/oem7/fix,/novatel/oem7/inspva,39.663,-75.756,-1.800741776,0.001753761,0.000734322,-0.001582907,0.000755039,0.000734322,,0,
1786043719268589520,1786043719.265874263,/novatel/oem7/odom,/novatel/oem7/fix,/novatel/oem7/odom,39.663,-75.756,-1.800741776,0.001754347,0.000732921,0.000672614,-0.001620285,0.000732921,,,
1786043719275352614,1786043719.274627390,/novatel/oem7/odom,/novatel/oem7/fix,/novatel/oem7/odom,39.663,-75.756,-1.800741776,0.001754347,0.000732921,0.000672614,-0.001620285,0.000732921,,,
1786043719287748194,1786043719.287134375,/novatel/oem7/inspva,/novatel/oem7/inspva,/novatel/oem7/inspva,39.663,-75.756,-1.800759610,0.000738688,-0.001444600,-0.000428448,-0.000601741,-0.001444600,,novatel_oem7_msgs.msg.InertialSolutionStatus(status=3),
1786043719289134231,1786043719.287322380,/novatel/oem7/fix,/novatel/oem7/fix,/novatel/oem7/inspva,39.663,-75.756,-1.800759610,0.000738688,-0.001444600,-0.000428448,-0.000601741,-0.001444600,,0,
1786043719290002313,1786043719.287777008,/novatel/oem7/odom,/novatel/oem7/fix,/novatel/oem7/odom,39.663,-75.756,-1.800759610,0.000731651,-0.001448177,-0.000616279,-0.000394352,-0.001448177,,,
1786043719295853595,1786043719.295487284,/novatel/oem7/odom,/novatel/oem7/fix,/novatel/oem7/odom,39.663,-75.756,-1.800759610,0.000731651,-0.001448177,-0.000616279,-0.000394352,-0.001448177,,,
1786043719306236885,1786043719.305914782,/novatel/oem7/inspva,/novatel/oem7/inspva,/novatel/oem7/inspva,39.663,-75.756,-1.800758941,0.001443247,-0.001627157,-0.001002386,-0.001038356,-0.001627157,,novatel_oem7_msgs.msg.InertialSolutionStatus(status=3),
1786043719306893662,1786043719.306100377,/novatel/oem7/fix,/novatel/oem7/fix,/novatel/oem7/inspva,39.663,-75.756,-1.800758941,0.001443247,-0.001627157,-0.001002386,-0.001038356,-0.001627157,,0,
1786043719307458680,1786043719.306480271,/novatel/oem7/odom,/novatel/oem7/fix,/novatel/oem7/odom,39.663,-75.756,-1.800758941,0.001435437,-0.001634051,-0.001080075,-0.000945472,-0.001634051,,,
1786043719310291562,1786043719.309937412,/novatel/oem7/bestpos,/novatel/oem7/bestpos,/novatel/oem7/odom,39.663,-75.756,33.181489087,0.001435437,-0.001634051,-0.001080075,-0.000945472,-0.001634051,,novatel_oem7_msgs.msg.SolutionStatus(status=0),novatel_oem7_msgs.msg.PositionOrVelocityType(type=53)
1786043719311007838,1786043719.310544718,/novatel/oem7/bestvel,/novatel/oem7/bestpos,/novatel/oem7/bestvel,39.663,-75.756,33.181489087,0.002555862,-0.000761439,,,,223.700211049,novatel_oem7_msgs.msg.SolutionStatus(status=0),novatel_oem7_msgs.msg.PositionOrVelocityType(type=53)
1786043719316004561,1786043719.315656135,/novatel/oem7/odom,/novatel/oem7/bestpos,/novatel/oem7/odom,39.663,-75.756,33.181489087,0.001435437,-0.001634051,-0.001080075,-0.000945472,-0.001634051,,,
1786043719325851699,1786043719.325555907,/novatel/oem7/inspva,/novatel/oem7/inspva,/novatel/oem7/inspva,39.663,-75.756,-1.800737685,0.001995873,0.001046484,-0.001917990,0.000552108,0.001046484,,novatel_oem7_msgs.msg.InertialSolutionStatus(status=3),
1786043719326494673,1786043719.325709019,/novatel/oem7/fix,/novatel/oem7/fix,/novatel/oem7/inspva,39.663,-75.756,-1.800737685,0.001995873,0.001046484,-0.001917990,0.000552108,0.001046484,,0,
1786043719327268122,1786043719.326371322,/novatel/oem7/odom,/novatel/oem7/fix,/novatel/oem7/odom,39.663,-75.756,-1.800737685,0.001997528,0.001043321,0.000452007,-0.001945715,0.001043321,,,
1786043719335071671,1786043719.334687491,/novatel/oem7/odom,/novatel/oem7/fix,/novatel/oem7/odom,39.663,-75.756,-1.800737685,0.001997528,0.001043321,0.000452007,-0.001945715,0.001043321,,,
1786043719346638253,1786043719.346327770,/novatel/oem7/inspva,/novatel/oem7/inspva,/novatel/oem7/inspva,39.663,-75.756,-1.800736444,0.001863404,0.000818483,-0.001626641,0.000909017,0.000818483,,novatel_oem7_msgs.msg.InertialSolutionStatus(status=3),
1786043719347596527,1786043719.346524986,/novatel/oem7/fix,/novatel/oem7/fix,/novatel/oem7/inspva,39.663,-75.756,-1.800736444,0.001863404,0.000818483,-0.001626641,0.000909017,0.000818483,,0,
1786043719348083620,1786043719.347027951,/novatel/oem7/odom,/novatel/oem7/fix,/novatel/oem7/odom,39.663,-75.756,-1.800736444,0.001863789,0.000817606,0.000823855,-0.001671817,0.000817606,,,
1786043719356383368,1786043719.355964430,/novatel/oem7/odom,/novatel/oem7/fix,/novatel/oem7/odom,39.663,-75.756,-1.800736444,0.001863789,0.000817606,0.000823855,-0.001671817,0.000817606,,,
1786043719365729405,1786043719.365386014,/novatel/oem7/inspva,/novatel/oem7/inspva,/novatel/oem7/inspva,39.663,-75.756,-1.800759144,0.000185495,-0.001336125,-0.000056072,-0.000176817,-0.001336125,,novatel_oem7_msgs.msg.InertialSolutionStatus(status=3),
1786043719366361529,1786043719.365627182,/novatel/oem7/fix,/novatel/oem7/fix,/novatel/oem7/inspva,39.663,-75.756,-1.800759144,0.000185495,-0.001336125,-0.000056072,-0.000176817,-0.001336125,,0,
1786043719367145239,1786043719.366346583,/novatel/oem7/odom,/novatel/oem7/fix,/novatel/oem7/odom,39.663,-75.756,-1.800759144,0.000179250,-0.001336977,-0.000173820,-0.000043786,-0.001336977,,,
1786043719375783834,1786043719.375390970,/novatel/oem7/odom,/novatel/oem7/fix,/novatel/oem7/odom,39.663,-75.756,-1.800759144,0.000179250,-0.001336977,-0.000173820,-0.000043786,-0.001336977,,,
1786043719386404307,1786043719.386003369,/novatel/oem7/inspva,/novatel/oem7/inspva,/novatel/oem7/inspva,39.663,-75.756,-1.800762180,0.000165754,-0.001015345,-0.000131510,-0.000100894,-0.001015345,,novatel_oem7_msgs.msg.InertialSolutionStatus(status=3),
1786043719387138547,1786043719.386200461,/novatel/oem7/fix,/novatel/oem7/fix,/novatel/oem7/inspva,39.663,-75.756,-1.800762180,0.000165754,-0.001015345,-0.000131510,-0.000100894,-0.001015345,,0,
1786043719387649429,1786043719.386859754,/novatel/oem7/odom,/novatel/oem7/fix,/novatel/oem7/odom,39.663,-75.756,-1.800762180,0.000161049,-0.001016102,-0.000103105,-0.000123718,-0.001016102,,,
1786043719394763085,1786043719.394369295,/novatel/oem7/odom,/novatel/oem7/fix,/novatel/oem7/odom,39.663,-75.756,-1.800762180,0.000161049,-0.001016102,-0.000103105,-0.000123718,-0.001016102,,,
1786043719406626759,1786043719.406324211,/novatel/oem7/inspva,/novatel/oem7/inspva,/novatel/oem7/inspva,39.663,-75.756,-1.800759616,0.002688314,-0.000811232,-0.002459622,0.001085032,-0.000811232,,novatel_oem7_msgs.msg.InertialSolutionStatus(status=3),
1786043719407284491,1786043719.406539170,/novatel/oem7/fix,/novatel/oem7/fix,/novatel/oem7/inspva,39.663,-75.756,-1.800759616,0.002688314,-0.000811232,-0.002459622,0.001085032,-0.000811232,,0,
1786043719407792417,1786043719.406977784,/novatel/oem7/odom,/novatel/oem7/fix,/novatel/oem7/odom,39.663,-75.756,-1.800759616,0.002687531,-0.000813823,0.000965105,-0.002508266,-0.000813823,,,
1786043719410598584,1786043719.410234633,/novatel/oem7/bestpos,/novatel/oem7/bestpos,/novatel/oem7/odom,39.663,-75.756,33.181473712,0.002687531,-0.000813823,0.000965105,-0.002508266,-0.000813823,,novatel_oem7_msgs.msg.SolutionStatus(status=0),novatel_oem7_msgs.msg.PositionOrVelocityType(type=53)
1786043719411299103,1786043719.410636450,/novatel/oem7/bestvel,/novatel/oem7/bestpos,/novatel/oem7/bestvel,39.663,-75.756,33.181473712,0.001970771,-0.000786945,,,,167.341138520,novatel_oem7_msgs.msg.SolutionStatus(status=0),novatel_oem7_msgs.msg.PositionOrVelocityType(type=53)
1786043719415998615,1786043719.415477722,/novatel/oem7/odom,/novatel/oem7/bestpos,/novatel/oem7/odom,39.663,-75.756,33.181473712,0.002687531,-0.000813823,0.000965105,-0.002508266,-0.000813823,,,
1786043719425689918,1786043719.425072068,/novatel/oem7/inspva,/novatel/oem7/inspva,/novatel/oem7/inspva,39.663,-75.756,-1.800749695,0.001665300,0.000099800,-0.001617119,0.000397683,0.000099800,,novatel_oem7_msgs.msg.InertialSolutionStatus(status=3),
1786043719426732263,1786043719.425320020,/novatel/oem7/fix,/novatel/oem7/fix,/novatel/oem7/inspva,39.663,-75.756,-1.800749695,0.001665300,0.000099800,-0.001617119,0.000397683,0.000099800,,0,
1786043719427539612,1786043719.425955763,/novatel/oem7/odom,/novatel/oem7/fix,/novatel/oem7/odom,39.663,-75.756,-1.800749695,0.001665474,0.000096856,0.000316627,-0.001635100,0.000096856,,,
1786043719435116794,1786043719.434673040,/novatel/oem7/odom,/novatel/oem7/fix,/novatel/oem7/odom,39.663,-75.756,-1.800749695,0.001665474,0.000096856,0.000316627,-0.001635100,0.000096856,,,
1786043719447219186,1786043719.446627089,/novatel/oem7/inspva,/novatel/oem7/inspva,/novatel/oem7/inspva,39.663,-75.756,-1.800765921,0.000259877,-0.000490363,0.000212364,0.000149792,-0.000490363,,novatel_oem7_msgs.msg.InertialSolutionStatus(status=3),
1786043719448145999,1786043719.446858658,/novatel/oem7/fix,/novatel/oem7/fix,/novatel/oem7/inspva,39.663,-75.756,-1.800765921,0.000259877,-0.000490363,0.000212364,0.000149792,-0.000490363,,0,
1786043719448721517,1786043719.447304479,/novatel/oem7/odom,/novatel/oem7/fix,/novatel/oem7/odom,39.663,-75.756,-1.800765921,0.000262134,-0.000489160,0.000162166,0.000205953,-0.000489160,,,
1786043719457856007,1786043719.456615792,/novatel/oem7/odom,/novatel/oem7/fix,/novatel/oem7/odom,39.663,-75.756,-1.800765921,0.000262134,-0.000489160,0.000162166,0.000205953,-0.000489160,,,
1786043719466573727,1786043719.465489104,/novatel/oem7/inspva,/novatel/oem7/inspva,/novatel/oem7/inspva,39.663,-75.756,-1.800778312,0.000341892,-0.000987260,0.000239873,0.000243620,-0.000987260,,novatel_oem7_msgs.msg.InertialSolutionStatus(status=3),
1786043719468571794,1786043719.466462225,/novatel/oem7/fix,/novatel/oem7/fix,/novatel/oem7/inspva,39.663,-75.756,-1.800778312,0.000341892,-0.000987260,0.000239873,0.000243620,-0.000987260,,0,
1786043719470203853,1786043719.467701718,/novatel/oem7/odom,/novatel/oem7/fix,/novatel/oem7/odom,39.663,-75.756,-1.800778312,0.000346658,-0.000985597,0.000259298,0.000230079,-0.000985597,,,
1786043719475912237,1786043719.474802886,/novatel/oem7/odom,/novatel/oem7/fix,/novatel/oem7/odom,39.663,-75.756,-1.800778312,0.000346658,-0.000985597,0.000259298,0.000230079,-0.000985597,,,
1786043719486356248,1786043719.485410248,/novatel/oem7/inspva,/novatel/oem7/inspva,/novatel/oem7/inspva,39.663,-75.756,-1.800797060,0.001657771,-0.002258457,-0.001477243,0.000752302,-0.002258457,,novatel_oem7_msgs.msg.InertialSolutionStatus(status=3),
1786043719488214036,1786043719.485731035,/novatel/oem7/fix,/novatel/oem7/fix,/novatel/oem7/inspva,39.663,-75.756,-1.800797060,0.001657771,-0.002258457,-0.001477243,0.000752302,-0.002258457,,0,
1786043719489643664,1786043719.486184522,/novatel/oem7/odom,/novatel/oem7/fix,/novatel/oem7/odom,39.663,-75.756,-1.800797060,0.001656222,-0.002259593,0.000687420,-0.001506827,-0.002259593,,,
1786043719496077738,1786043719.495099451,/novatel/oem7/odom,/novatel/oem7/fix,/novatel/oem7/odom,39.663,-75.756,-1.800797060,0.001656222,-0.002259593,0.000687420,-0.001506827,-0.002259593,,,
1786043719506924763,1786043719.506078117,/novatel/oem7/inspva,/novatel/oem7/inspva,/novatel/oem7/inspva,39.663,-75.756,-1.800789928,0.001402394,-0.001221847,-0.001354424,0.000363654,-0.001221847,,novatel_oem7_msgs.msg.InertialSolutionStatus(status=3),
1786043719508952389,1786043719.506271109,/novatel/oem7/fix,/novatel/oem7/fix,/novatel/oem7/inspva,39.663,-75.756,-1.800789928,0.001402394,-0.001221847,-0.001354424,0.000363654,-0.001221847,,0,
1786043719510724630,1786043719.506759017,/novatel/oem7/odom,/novatel/oem7/fix,/novatel/oem7/odom,39.663,-75.756,-1.800789928,0.001400383,-0.001224152,0.000301084,-0.001367633,-0.001224152,,,
1786043719513081427,1786043719.512093790,/novatel/oem7/bestpos,/novatel/oem7/bestpos,/novatel/oem7/odom,39.663,-75.756,33.181463957,0.001400383,-0.001224152,0.000301084,-0.001367633,-0.001224152,,novatel_oem7_msgs.msg.SolutionStatus(status=0),novatel_oem7_msgs.msg.PositionOrVelocityType(type=53)
1786043719514718490,1786043719.512492141,/novatel/oem7/bestvel,/novatel/oem7/bestpos,/novatel/oem7/bestvel,39.663,-75.756,33.181463957,0.002795353,0.000218491,,,,201.616088735,novatel_oem7_msgs.msg.SolutionStatus(status=0),novatel_oem7_msgs.msg.PositionOrVelocityType(type=53)
1786043719516536631,1786043719.514580371,/novatel/oem7/odom,/novatel/oem7/bestpos,/novatel/oem7/odom,39.663,-75.756,33.181463957,0.001400383,-0.001224152,0.000301084,-0.001367633,-0.001224152,,,
1786043719526516304,1786043719.525312739,/novatel/oem7/inspva,/novatel/oem7/inspva,/novatel/oem7/inspva,39.663,-75.756,-1.800794089,0.000622869,0.000232092,-0.000479579,0.000397454,0.000232092,,novatel_oem7_msgs.msg.InertialSolutionStatus(status=3),
1786043719528804350,1786043719.525655502,/novatel/oem7/fix,/novatel/oem7/fix,/novatel/oem7/inspva,39.663,-75.756,-1.800794089,0.000622869,0.000232092,-0.000479579,0.000397454,0.000232092,,0,
1786043719530489803,1786043719.526318866,/novatel/oem7/odom,/novatel/oem7/fix,/novatel/oem7/odom,39.663,-75.756,-1.800794089,0.000622775,0.000232344,0.000372230,-0.000499293,0.000232344,,,
1786043719536588114,1786043719.535544389,/novatel/oem7/odom,/novatel/oem7/fix,/novatel/oem7/odom,39.663,-75.756,-1.800794089,0.000622775,0.000232344,0.000372230,-0.000499293,0.000232344,,,
1786043719545564693,1786043719.544908331,/novatel/oem7/inspva,/novatel/oem7/inspva,/novatel/oem7/inspva,39.663,-75.756,-1.800814029,0.000798419,-0.000506461,-0.000345851,0.000719625,-0.000506461,,novatel_oem7_msgs.msg.InertialSolutionStatus(status=3),
1786043719547243974,1786043719.545074899,/novatel/oem7/fix,/novatel/oem7/fix,/novatel/oem7/inspva,39.663,-75.756,-1.800814029,0.000798419,-0.000506461,-0.000345851,0.000719625,-0.000506461,,0,
1786043719548467139,1786043719.545662938,/novatel/oem7/odom,/novatel/oem7/fix,/novatel/oem7/odom,39.663,-75.756,-1.800814029,0.000799631,-0.000504545,0.000703691,-0.000379775,-0.000504545,,,
1786043719557167446,1786043719.555849140,/novatel/oem7/odom,/novatel/oem7/fix,/novatel/oem7/odom,39.663,-75.756,-1.800814029,0.000799631,-0.000504545,0.000703691,-0.000379775,-0.000504545,,,
1786043719567502582,1786043719.566604180,/novatel/oem7/inspva,/novatel/oem7/inspva,/novatel/oem7/inspva,39.663,-75.756,-1.800838412,0.000430992,-0.002431440,0.000046759,0.000428448,-0.002431440,,novatel_oem7_msgs.msg.InertialSolutionStatus(status=3),
1786043719569836149,1786043719.566858259,/novatel/oem7/fix,/novatel/oem7/fix,/novatel/oem7/inspva,39.663,-75.756,-1.800838412,0.000430992,-0.002431440,0.000046759,0.000428448,-0.002431440,,0,
1786043719571643597,1786043719.567462185,/novatel/oem7/odom,/novatel/oem7/fix,/novatel/oem7/odom,39.663,-75.756,-1.800838412,0.000441393,-0.002429573,0.000440249,0.000031757,-0.002429573,,,
1786043719575680423,1786043719.574988757,/novatel/oem7/odom,/novatel/oem7/fix,/novatel/oem7/odom,39.663,-75.756,-1.800838412,0.000441393,-0.002429573,0.000440249,0.000031757,-0.002429573,,,
1786043719585800004,1786043719.585017766,/novatel/oem7/inspva,/novatel/oem7/inspva,/novatel/oem7/inspva,39.663,-75.756,-1.800836713,0.000248704,-0.001926798,-0.000192624,0.000157321,-0.001926798,,novatel_oem7_msgs.msg.InertialSolutionStatus(status=3),
1786043719587409530,1786043719.585226195,/novatel/oem7/fix,/novatel/oem7/fix,/novatel/oem7/inspva,39.663,-75.756,-1.800836713,0.000248704,-0.001926798,-0.000192624,0.000157321,-0.001926798,,0,
1786043719588671739,1786043719.585805431,/novatel/oem7/odom,/novatel/oem7/fix,/novatel/oem7/odom,39.663,-75.756,-1.800836713,0.000249584,-0.001926684,0.000155512,-0.000195213,-0.001926684,,,
1786043719595292735,1786043719.594566065,/novatel/oem7/odom,/novatel/oem7/fix,/novatel/oem7/odom,39.663,-75.756,-1.800836713,0.000249584,-0.001926684,0.000155512,-0.000195213,-0.001926684,,,
1786043719606924638,1786043719.606326975,/novatel/oem7/inspva,/novatel/oem7/inspva,/novatel/oem7/inspva,39.663,-75.756,-1.800836664,0.001557808,0.000005362,-0.000939927,0.001242298,0.000005362,,novatel_oem7_msgs.msg.InertialSolutionStatus(status=3),
1786043719608353252,1786043719.606492317,/novatel/oem7/fix,/novatel/oem7/fix,/novatel/oem7/inspva,39.663,-75.756,-1.800836664,0.001557808,0.000005362,-0.000939927,0.001242298,0.000005362,,0,
1786043719609488670,1786043719.607195471,/novatel/oem7/odom,/novatel/oem7/fix,/novatel/oem7/odom,39.663,-75.756,-1.800836664,0.001557798,0.000007712,0.001194152,-0.001000369,0.000007712,,,
1786043719611141253,1786043719.610336288,/novatel/oem7/bestpos,/novatel/oem7/bestpos,/novatel/oem7/odom,39.663,-75.756,33.181389433,0.001557798,0.000007712,0.001194152,-0.001000369,0.000007712,,novatel_oem7_msgs.msg.SolutionStatus(status=0),novatel_oem7_msgs.msg.PositionOrVelocityType(type=53)
1786043719612713622,1786043719.610762536,/novatel/oem7/bestvel,/novatel/oem7/bestpos,/novatel/oem7/bestvel,39.663,-75.756,33.181389433,0.001707793,-0.000422304,,,,108.397929039,novatel_oem7_msgs.msg.SolutionStatus(status=0),novatel_oem7_msgs.msg.PositionOrVelocityType(type=53)
1786043719615695748,1786043719.614917411,/novatel/oem7/odom,/novatel/oem7/bestpos,/novatel/oem7/odom,39.663,-75.756,33.181389433,0.001557798,0.000007712,0.001194152,-0.001000369,0.000007712,,,
1786043719626234216,1786043719.625958277,/novatel/oem7/inspva,/novatel/oem7/inspva,/novatel/oem7/inspva,39.663,-75.756,-1.800853528,0.001195484,0.000247543,-0.000210861,0.001176742,0.000247543,,novatel_oem7_msgs.msg.InertialSolutionStatus(status=3),
1786043719626820831,1786043719.626136005,/novatel/oem7/fix,/novatel/oem7/fix,/novatel/oem7/inspva,39.663,-75.756,-1.800853528,0.001195484,0.000247543,-0.000210861,0.001176742,0.000247543,,0,
1786043719627348036,1786043719.626553203,/novatel/oem7/odom,/novatel/oem7/fix,/novatel/oem7/odom,39.663,-75.756,-1.800853528,0.001194624,0.000251662,0.001163805,-0.000269600,0.000251662,,,
1786043719634777421,1786043719.634367577,/novatel/oem7/odom,/novatel/oem7/fix,/novatel/oem7/odom,39.663,-75.756,-1.800853528,0.001194624,0.000251662,0.001163805,-0.000269600,0.000251662,,,
1786043719645391096,1786043719.645140034,/novatel/oem7/inspva,/novatel/oem7/inspva,/novatel/oem7/inspva,39.663,-75.756,-1.800884703,0.000522492,-0.002454817,0.000369320,0.000369595,-0.002454817,,novatel_oem7_msgs.msg.InertialSolutionStatus(status=3),
1786043719645960753,1786043719.645298080,/novatel/oem7/fix,/novatel/oem7/fix,/novatel/oem7/inspva,39.663,-75.756,-1.800884703,0.000522492,-0.002454817,0.000369320,0.000369595,-0.002454817,,0,
1786043719646396908,1786043719.645614939,/novatel/oem7/odom,/novatel/oem7/fix,/novatel/oem7/odom,39.663,-75.756,-1.800884703,0.000534263,-0.002452282,0.000397578,0.000356887,-0.002452282,,,
1786043719657125302,1786043719.656660083,/novatel/oem7/odom,/novatel/oem7/fix,/novatel/oem7/odom,39.663,-75.756,-1.800884703,0.000534263,-0.002452282,0.000397578,0.000356887,-0.002452282,,,
1786043719665591028,1786043719.664945804,/novatel/oem7/inspva,/novatel/oem7/inspva,/novatel/oem7/inspva,39.663,-75.756,-1.800886048,0.000342762,-0.002225358,0.000226258,-0.000257474,-0.002225358,,novatel_oem7_msgs.msg.InertialSolutionStatus(status=3),
1786043719667011649,1786043719.665028945,/novatel/oem7/fix,/novatel/oem7/fix,/novatel/oem7/inspva,39.663,-75.756,-1.800886048,0.000342762,-0.002225358,0.000226258,-0.000257474,-0.002225358,,0,
1786043719668239828,1786043719.665452890,/novatel/oem7/odom,/novatel/oem7/fix,/novatel/oem7/odom,39.663,-75.756,-1.800886048,0.000340346,-0.002225729,-0.000236789,0.000244472,-0.002225729,,,
1786043719675078569,1786043719.674326432,/novatel/oem7/odom,/novatel/oem7/fix,/novatel/oem7/odom,39.663,-75.756,-1.800886048,0.000340346,-0.002225729,-0.000236789,0.000244472,-0.002225729,,,
1786043719686963755,1786043719.686399749,/novatel/oem7/inspva,/novatel/oem7/inspva,/novatel/oem7/inspva,39.663,-75.756,-1.800890713,0.002265526,-0.000633747,-0.001180969,0.001933370,-0.000633747,,novatel_oem7_msgs.msg.InertialSolutionStatus(status=3),
1786043719688455692,1786043719.686565307,/novatel/oem7/fix,/novatel/oem7/fix,/novatel/oem7/inspva,39.663,-75.756,-1.800890713,0.002265526,-0.000633747,-0.001180969,0.001933370,-0.000633747,,0,
1786043719689538290,1786043719.686946384,/novatel/oem7/odom,/novatel/oem7/fix,/novatel/oem7/odom,39.663,-75.756,-1.800890713,0.002266742,-0.000629383,0.001875058,-0.001273686,-0.000629383,,,
1786043719695673907,1786043719.694945430,/novatel/oem7/odom,/novatel/oem7/fix,/novatel/oem7/odom,39.663,-75.756,-1.800890713,0.002266742,-0.000629383,0.001875058,-0.001273686,-0.000629383,,,
1786043719706366838,1786043719.705809935,/novatel/oem7/inspva,/novatel/oem7/inspva,/novatel/oem7/inspva,39.663,-75.756,-1.800903659,0.001521470,0.000106669,-0.000697687,0.001352074,0.000106669,,novatel_oem7_msgs.msg.InertialSolutionStatus(status=3),
1786043719707905409,1786043719.705881950,/novatel/oem7/fix,/novatel/oem7/fix,/novatel/oem7/inspva,39.663,-75.756,-1.800903659,0.001521470,0.000106669,-0.000697687,0.001352074,0.000106669,,0,
1786043719709299420,1786043719.706497665,/novatel/oem7/odom,/novatel/oem7/fix,/novatel/oem7/odom,39.663,-75.756,-1.800903659,0.001521227,0.000110086,0.001315381,-0.000764137,0.000110086,,,
1786043719710957360,1786043719.709666334,/novatel/oem7/bestpos,/novatel/oem7/bestpos,/novatel/oem7/odom,39.663,-75.756,33.181322551,0.001521227,0.000110086,0.001315381,-0.000764137,0.000110086,,novatel_oem7_msgs.msg.SolutionStatus(status=0),novatel_oem7_msgs.msg.PositionOrVelocityType(type=53)
1786043719711978230,1786043719.710286819,/novatel/oem7/bestvel,/novatel/oem7/bestpos,/novatel/oem7/bestvel,39.663,-75.756,33.181322551,0.001472300,-0.000537476,,,,76.670965366,novatel_oem7_msgs.msg.SolutionStatus(status=0),novatel_oem7_msgs.msg.PositionOrVelocityType(type=53)
1786043719716122465,1786043719.715465288,/novatel/oem7/odom,/novatel/oem7/bestpos,/novatel/oem7/odom,39.663,-75.756,33.181322551,0.001521227,0.000110086,0.001315381,-0.000764137,0.000110086,,,
1786043719725963213,1786043719.725381833,/novatel/oem7/inspva,/novatel/oem7/inspva,/novatel/oem7/inspva,39.663,-75.756,-1.800936655,0.000882743,-0.001861548,0.000649254,-0.000598083,-0.001861548,,novatel_oem7_msgs.msg.InertialSolutionStatus(status=3),
1786043719727584335,1786043719.725493817,/novatel/oem7/fix,/novatel/oem7/fix,/novatel/oem7/inspva,39.663,-75.756,-1.800936655,0.000882743,-0.001861548,0.000649254,-0.000598083,-0.001861548,,0,
1786043719728778064,1786043719.726135564,/novatel/oem7/odom,/novatel/oem7/fix,/novatel/oem7/odom,39.663,-75.756,-1.800936655,0.000881585,-0.001862096,-0.000557466,0.000682952,-0.001862096,,,
1786043719735611499,1786043719.734906122,/novatel/oem7/odom,/novatel/oem7/fix,/novatel/oem7/odom,39.663,-75.756,-1.800936655,0.000881585,-0.001862096,-0.000557466,0.000682952,-0.001862096,,,
1786043719746039302,1786043719.745458244,/novatel/oem7/inspva,/novatel/oem7/inspva,/novatel/oem7/inspva,39.663,-75.756,-1.800950489,0.000359816,-0.002562230,0.000170848,-0.000316668,-0.002562230,,novatel_oem7_msgs.msg.InertialSolutionStatus(status=3),
1786043719747596621,1786043719.745534545,/novatel/oem7/fix,/novatel/oem7/fix,/novatel/oem7/inspva,39.663,-75.756,-1.800950489,0.000359816,-0.002562230,0.000170848,-0.000316668,-0.002562230,,0,
1786043719748829583,1786043719.746032845,/novatel/oem7/odom,/novatel/oem7/fix,/novatel/oem7/odom,39.663,-75.756,-1.800950489,0.000354419,-0.002562982,-0.000297293,0.000192951,-0.002562982,,,
1786043719756314928,1786043719.755591121,/novatel/oem7/odom,/novatel/oem7/fix,/novatel/oem7/odom,39.663,-75.756,-1.800950489,0.000354419,-0.002562982,-0.000297293,0.000192951,-0.002562982,,,
1786043719765812872,1786043719.765265395,/novatel/oem7/inspva,/novatel/oem7/inspva,/novatel/oem7/inspva,39.663,-75.756,-1.800963076,0.002140463,-0.001195973,-0.001706970,0.001291446,-0.001195973,,novatel_oem7_msgs.msg.InertialSolutionStatus(status=3),
1786043719767333901,1786043719.765338293,/novatel/oem7/fix,/novatel/oem7/fix,/novatel/oem7/inspva,39.663,-75.756,-1.800963076,0.002140463,-0.001195973,-0.001706970,0.001291446,-0.001195973,,0,
1786043719768444052,1786043719.766158999,/novatel/oem7/odom,/novatel/oem7/fix,/novatel/oem7/odom,39.663,-75.756,-1.800963076,0.002140652,-0.001195636,0.001210177,-0.001765746,-0.001195636,,,
1786043719776212266,1786043719.775512439,/novatel/oem7/odom,/novatel/oem7/fix,/novatel/oem7/odom,39.663,-75.756,-1.800963076,0.002140652,-0.001195636,0.001210177,-0.001765746,-0.001195636,,,
1786043719785693490,1786043719.785071467,/novatel/oem7/inspva,/novatel/oem7/inspva,/novatel/oem7/inspva,39.663,-75.756,-1.800982194,0.002619341,-0.000609492,-0.001590249,0.002081359,-0.000609492,,novatel_oem7_msgs.msg.InertialSolutionStatus(status=3),
1786043719787101927,1786043719.785174166,/novatel/oem7/fix,/novatel/oem7/fix,/novatel/oem7/inspva,39.663,-75.756,-1.800982194,0.002619341,-0.000609492,-0.001590249,0.002081359,-0.000609492,,0,
1786043719788260026,1786043719.785620440,/novatel/oem7/odom,/novatel/oem7/fix,/novatel/oem7/odom,39.663,-75.756,-1.800982194,0.002620211,-0.000605739,0.002002473,-0.001689854,-0.000605739,,,
1786043719795130044,1786043719.794394154,/novatel/oem7/odom,/novatel/oem7/fix,/novatel/oem7/odom,39.663,-75.756,-1.800982194,0.002620211,-0.000605739,0.002002473,-0.001689854,-0.000605739,,,
1786043719806871184,1786043719.806249275,/novatel/oem7/inspva,/novatel/oem7/inspva,/novatel/oem7/inspva,39.663,-75.756,-1.801007773,0.000737417,-0.000922583,0.000611687,-0.000411854,-0.000922583,,novatel_oem7_msgs.msg.InertialSolutionStatus(status=3),
1786043719808512777,1786043719.806399823,/novatel/oem7/fix,/novatel/oem7/fix,/novatel/oem7/inspva,39.663,-75.756,-1.801007773,0.000737417,-0.000922583,0.000611687,-0.000411854,-0.000922583,,0,
1786043719809704272,1786043719.807098556,/novatel/oem7/odom,/novatel/oem7/fix,/novatel/oem7/odom,39.663,-75.756,-1.801007773,0.000737514,-0.000922506,-0.000377194,0.000633760,-0.000922506,,,
1786043719811544291,1786043719.810504985,/novatel/oem7/bestpos,/novatel/oem7/bestpos,/novatel/oem7/odom,39.663,-75.756,33.181217123,0.000737514,-0.000922506,-0.000377194,0.000633760,-0.000922506,,novatel_oem7_msgs.msg.SolutionStatus(status=0),novatel_oem7_msgs.msg.PositionOrVelocityType(type=53)
1786043719813125523,1786043719.810958442,/novatel/oem7/bestvel,/novatel/oem7/bestpos,/novatel/oem7/bestvel,39.663,-75.756,33.181217123,0.001310861,-0.001534609,,,,83.602587554,novatel_oem7_msgs.msg.SolutionStatus(status=0),novatel_oem7_msgs.msg.PositionOrVelocityType(type=53)
1786043719815682969,1786043719.814869888,/novatel/oem7/odom,/novatel/oem7/bestpos,/novatel/oem7/odom,39.663,-75.756,33.181217123,0.000737514,-0.000922506,-0.000377194,0.000633760,-0.000922506,,,
1786043719825588357,1786043719.824972762,/novatel/oem7/inspva,/novatel/oem7/inspva,/novatel/oem7/inspva,39.663,-75.756,-1.801026423,0.000896021,-0.001846708,0.000570032,-0.000691315,-0.001846708,,novatel_oem7_msgs.msg.InertialSolutionStatus(status=3),
1786043719827056909,1786043719.825054781,/novatel/oem7/fix,/novatel/oem7/fix,/novatel/oem7/inspva,39.663,-75.756,-1.801026423,0.000896021,-0.001846708,0.000570032,-0.000691315,-0.001846708,,0,
1786043719828226667,1786043719.825412639,/novatel/oem7/odom,/novatel/oem7/fix,/novatel/oem7/odom,39.663,-75.756,-1.801026423,0.000893675,-0.001847844,-0.000654595,0.000608408,-0.001847844,,,
1786043719836273781,1786043719.835490449,/novatel/oem7/odom,/novatel/oem7/fix,/novatel/oem7/odom,39.663,-75.756,-1.801026423,0.000893675,-0.001847844,-0.000654595,0.000608408,-0.001847844,,,
1786043719845919973,1786043719.845307747,/novatel/oem7/inspva,/novatel/oem7/inspva,/novatel/oem7/inspva,39.663,-75.756,-1.801040448,0.002217797,-0.001448283,-0.001562581,0.001573838,-0.001448283,,novatel_oem7_msgs.msg.InertialSolutionStatus(status=3),
1786043719847615100,1786043719.845396391,/novatel/oem7/fix,/novatel/oem7/fix,/novatel/oem7/inspva,39.663,-75.756,-1.801040448,0.002217797,-0.001448283,-0.001562581,0.001573838,-0.001448283,,0,
1786043719848808615,1786043719.846156722,/novatel/oem7/odom,/novatel/oem7/fix,/novatel/oem7/odom,39.663,-75.756,-1.801040448,0.002219018,-0.001446413,0.001500409,-0.001634874,-0.001446413,,,
1786043719857062984,1786043719.856332503,/novatel/oem7/odom,/novatel/oem7/fix,/novatel/oem7/odom,39.663,-75.756,-1.801040448,0.002219018,-0.001446413,0.001500409,-0.001634874,-0.001446413,,,
1786043719866737634,1786043719.866123931,/novatel/oem7/inspva,/novatel/oem7/inspva,/novatel/oem7/inspva,39.663,-75.756,-1.801057469,0.002037347,-0.000745650,-0.001301805,0.001567191,-0.000745650,,novatel_oem7_msgs.msg.InertialSolutionStatus(status=3),
1786043719868230672,1786043719.866196878,/novatel/oem7/fix,/novatel/oem7/fix,/novatel/oem7/inspva,39.663,-75.756,-1.801057469,0.002037347,-0.000745650,-0.001301805,0.001567191,-0.000745650,,0,
1786043719869417390,1786043719.866658223,/novatel/oem7/odom,/novatel/oem7/fix,/novatel/oem7/odom,39.663,-75.756,-1.801057469,0.002038297,-0.000743049,0.001503842,-0.001375905,-0.000743049,,,
1786043719875475831,1786043719.874723173,/novatel/oem7/odom,/novatel/oem7/fix,/novatel/oem7/odom,39.663,-75.756,-1.801057469,0.002038297,-0.000743049,0.001503842,-0.001375905,-0.000743049,,,
1786043719885823844,1786043719.885246078,/novatel/oem7/inspva,/novatel/oem7/inspva,/novatel/oem7/inspva,39.663,-75.756,-1.801085591,0.000516705,-0.001127883,0.000000484,0.000516705,-0.001127883,,novatel_oem7_msgs.msg.InertialSolutionStatus(status=3),
1786043719887305125,1786043719.885392136,/novatel/oem7/fix,/novatel/oem7/fix,/novatel/oem7/inspva,39.663,-75.756,-1.801085591,0.000516705,-0.001127883,0.000000484,0.000516705,-0.001127883,,0,
1786043719888442130,1786043719.885976141,/novatel/oem7/odom,/novatel/oem7/fix,/novatel/oem7/odom,39.663,-75.756,-1.801085591,0.000521244,-0.001125792,0.000520773,-0.000022162,-0.001125792,,,
1786043719896605427,1786043719.895739679,/novatel/oem7/odom,/novatel/oem7/fix,/novatel/oem7/odom,39.663,-75.756,-1.801085591,0.000521244,-0.001125792,0.000520773,-0.000022162,-0.001125792,,,
1786043719906636691,1786043719.905948670,/novatel/oem7/inspva,/novatel/oem7/inspva,/novatel/oem7/inspva,39.663,-75.756,-1.801114001,0.000239886,-0.001892466,0.000228898,0.000071770,-0.001892466,,novatel_oem7_msgs.msg.InertialSolutionStatus(status=3),
1786043719908018251,1786043719.906126112,/novatel/oem7/fix,/novatel/oem7/fix,/novatel/oem7/inspva,39.663,-75.756,-1.801114001,0.000239886,-0.001892466,0.000228898,0.000071770,-0.001892466,,0,
1786043719909059725,1786043719.906500593,/novatel/oem7/odom,/novatel/oem7/fix,/novatel/oem7/odom,39.663,-75.756,-1.801114001,0.000247317,-0.001891509,0.000090886,0.000230012,-0.001891509,,,
1786043719910686197,1786043719.909380801,/novatel/oem7/bestpos,/novatel/oem7/bestpos,/novatel/oem7/odom,39.663,-75.756,33.181111285,0.000247317,-0.001891509,0.000090886,0.000230012,-0.001891509,,novatel_oem7_msgs.msg.SolutionStatus(status=0),novatel_oem7_msgs.msg.PositionOrVelocityType(type=53)
1786043719912075395,1786043719.910185459,/novatel/oem7/bestvel,/novatel/oem7/bestpos,/novatel/oem7/bestvel,39.663,-75.756,33.181111285,0.000897446,-0.002128791,,,,95.866985974,novatel_oem7_msgs.msg.SolutionStatus(status=0),novatel_oem7_msgs.msg.PositionOrVelocityType(type=53)
1786043719915175479,1786043719.914432975,/novatel/oem7/odom,/novatel/oem7/bestpos,/novatel/oem7/odom,39.663,-75.756,33.181111285,0.000247317,-0.001891509,0.000090886,0.000230012,-0.001891509,,,
1786043719927243716,1786043719.926581032,/novatel/oem7/inspva,/novatel/oem7/inspva,/novatel/oem7/inspva,39.663,-75.756,-1.801146444,0.001595155,-0.002677870,-0.001476250,0.000604323,-0.002677870,,novatel_oem7_msgs.msg.InertialSolutionStatus(status=3),
1786043719928627936,1786043719.926749467,/novatel/oem7/fix,/novatel/oem7/fix,/novatel/oem7/inspva,39.663,-75.756,-1.801146444,0.001595155,-0.002677870,-0.001476250,0.000604323,-0.002677870,,0,
1786043719929651583,1786043719.927153978,/novatel/oem7/odom,/novatel/oem7/fix,/novatel/oem7/odom,39.663,-75.756,-1.801146444,0.001592223,-0.002679615,0.000541459,-0.001497329,-0.002679615,,,
1786043719935630013,1786043719.934889448,/novatel/oem7/odom,/novatel/oem7/fix,/novatel/oem7/odom,39.663,-75.756,-1.801146444,0.001592223,-0.002679615,0.000541459,-0.001497329,-0.002679615,,,
1786043719945767423,1786043719.945087317,/novatel/oem7/inspva,/novatel/oem7/inspva,/novatel/oem7/inspva,39.663,-75.756,-1.801163647,0.002039739,-0.001612457,-0.001292693,0.001577809,-0.001612457,,novatel_oem7_msgs.msg.InertialSolutionStatus(status=3),
1786043719947111000,1786043719.945162766,/novatel/oem7/fix,/novatel/oem7/fix,/novatel/oem7/inspva,39.663,-75.756,-1.801163647,0.002039739,-0.001612457,-0.001292693,0.001577809,-0.001612457,,0,
1786043719948135197,1786043719.945561378,/novatel/oem7/odom,/novatel/oem7/fix,/novatel/oem7/odom,39.663,-75.756,-1.801163647,0.002041822,-0.001609820,0.001518434,-0.001365062,-0.001609820,,,
1786043719956871261,1786043719.956084659,/novatel/oem7/odom,/novatel/oem7/fix,/novatel/oem7/odom,39.663,-75.756,-1.801163647,0.002041822,-0.001609820,0.001518434,-0.001365062,-0.001609820,,,
1786043719966057269,1786043719.965379982,/novatel/oem7/inspva,/novatel/oem7/inspva,/novatel/oem7/inspva,39.663,-75.756,-1.801193029,0.001142566,-0.001206259,-0.000863821,0.000747843,-0.001206259,,novatel_oem7_msgs.msg.InertialSolutionStatus(status=3),
1786043719967504347,1786043719.965465211,/novatel/oem7/fix,/novatel/oem7/fix,/novatel/oem7/inspva,39.663,-75.756,-1.801193029,0.001142566,-0.001206259,-0.000863821,0.000747843,-0.001206259,,0,
1786043719968563807,1786043719.966210884,/novatel/oem7/odom,/novatel/oem7/fix,/novatel/oem7/odom,39.663,-75.756,-1.801193029,0.001143206,-0.001205652,0.000709162,-0.000896665,-0.001205652,,,
1786043719975864110,1786043719.975110215,/novatel/oem7/odom,/novatel/oem7/fix,/novatel/oem7/odom,39.663,-75.756,-1.801193029,0.001143206,-0.001205652,0.000709162,-0.000896665,-0.001205652,,,
1786043719986855199,1786043719.986158479,/novatel/oem7/inspva,/novatel/oem7/inspva,/novatel/oem7/inspva,39.663,-75.756,-1.801225962,0.001038683,-0.001698805,-0.000108904,0.001032958,-0.001698805,,novatel_oem7_msgs.msg.InertialSolutionStatus(status=3),
1786043719988282144,1786043719.986303219,/novatel/oem7/fix,/novatel/oem7/fix,/novatel/oem7/inspva,39.663,-75.756,-1.801225962,0.001038683,-0.001698805,-0.000108904,0.001032958,-0.001698805,,0,
1786043719989330274,1786043719.986762971,/novatel/oem7/odom,/novatel/oem7/fix,/novatel/oem7/odom,39.663,-75.756,-1.801225962,0.001044922,-0.001694974,0.001033287,-0.000155498,-0.001694974,,,
1786043719995568982,1786043719.994808765,/novatel/oem7/odom,/novatel/oem7/fix,/novatel/oem7/odom,39.663,-75.756,-1.801225962,0.001044922,-0.001694974,0.001033287,-0.000155498,-0.001694974,,,
1786043720009048483,1786043720.008356426,/novatel/oem7/inspva,/novatel/oem7/inspva,/novatel/oem7/inspva,39.663,-75.756,-1.801265676,0.001958283,-0.002866813,-0.001426135,0.001342018,-0.002866813,,novatel_oem7_msgs.msg.InertialSolutionStatus(status=3),
1786043720010506545,1786043720.008542561,/novatel/oem7/fix,/novatel/oem7/fix,/novatel/oem7/inspva,39.663,-75.756,-1.801265676,0.001958283,-0.002866813,-0.001426135,0.001342018,-0.002866813,,0,
1786043720011577058,1786043720.009511685,/novatel/oem7/odom,/novatel/oem7/fix,/novatel/oem7/odom,39.663,-75.756,-1.801265676,0.001960217,-0.002865491,0.001281485,-0.001483323,-0.002865491,,,
1786043720017743140,1786043720.016983792,/novatel/oem7/odom,/novatel/oem7/fix,/novatel/oem7/odom,39.663,-75.756,-1.801265676,0.001960217,-0.002865491,0.001281485,-0.001483323,-0.002865491,,,
1786043720025656469,1786043720.024941338,/novatel/oem7/bestpos,/novatel/oem7/bestpos,/novatel/oem7/odom,39.663,-75.756,33.180968728,0.001960217,-0.002865491,0.001281485,-0.001483323,-0.002865491,,novatel_oem7_msgs.msg.SolutionStatus(status=0),novatel_oem7_msgs.msg.PositionOrVelocityType(type=53)
1786043720027355076,1786043720.025752268,/novatel/oem7/bestvel,/novatel/oem7/bestpos,/novatel/oem7/bestvel,39.663,-75.756,33.180968728,0.001676286,-0.002794923,,,,140.813229774,novatel_oem7_msgs.msg.SolutionStatus(status=0),novatel_oem7_msgs.msg.PositionOrVelocityType(type=53)
1786043720028844907,1786043720.026754321,/novatel/oem7/inspva,/novatel/oem7/inspva,/novatel/oem7/inspva,39.663,-75.756,-1.801283352,0.001495518,-0.002683371,-0.001220670,0.000864026,-0.002683371,,novatel_oem7_msgs.msg.InertialSolutionStatus(status=3),
1786043720029699252,1786043720.026828980,/novatel/oem7/fix,/novatel/oem7/fix,/novatel/oem7/inspva,39.663,-75.756,-1.801283352,0.001495518,-0.002683371,-0.001220670,0.000864026,-0.002683371,,0,
1786043720030728252,1786043720.027250961,/novatel/oem7/odom,/novatel/oem7/fix,/novatel/oem7/odom,39.663,-75.756,-1.801283352,0.001495511,-0.002683375,0.000813485,-0.001254909,-0.002683375,,,
1786043720035262341,1786043720.034484573,/novatel/oem7/odom,/novatel/oem7/fix,/novatel/oem7/odom,39.663,-75.756,-1.801283352,0.001495511,-0.002683375,0.000813485,-0.001254909,-0.002683375,,,
1786043720047339134,1786043720.046645334,/novatel/oem7/inspva,/novatel/oem7/inspva,/novatel/oem7/inspva,39.663,-75.756,-1.801257188,0.001396377,-0.000189682,-0.000626312,0.001248040,-0.000189682,,novatel_oem7_msgs.msg.InertialSolutionStatus(status=3),
1786043720048798256,1786043720.046778118,/novatel/oem7/fix,/novatel/oem7/fix,/novatel/oem7/inspva,39.663,-75.756,-1.801257188,0.001396377,-0.000189682,-0.000626312,0.001248040,-0.000189682,,0,
1786043720049882870,1786043720.047210893,/novatel/oem7/odom,/novatel/oem7/fix,/novatel/oem7/odom,39.663,-75.756,-1.801257188,0.001396811,-0.000186465,0.001216252,-0.000686885,-0.000186465,,,
1786043720057063378,1786043720.056263090,/novatel/oem7/odom,/novatel/oem7/fix,/novatel/oem7/odom,39.663,-75.756,-1.801257188,0.001396811,-0.000186465,0.001216252,-0.000686885,-0.000186465,,,
1786043720065820938,1786043720.065062261,/novatel/oem7/inspva,/novatel/oem7/inspva,/novatel/oem7/inspva,39.663,-75.756,-1.801248793,0.001657161,-0.001029452,-0.000151967,0.001650179,-0.001029452,,novatel_oem7_msgs.msg.InertialSolutionStatus(status=3),
1786043720067185269,1786043720.065150819,/novatel/oem7/fix,/novatel/oem7/fix,/novatel/oem7/inspva,39.663,-75.756,-1.801248793,0.001657161,-0.001029452,-0.000151967,0.001650179,-0.001029452,,0,
1786043720068275220,1786043720.065506025,/novatel/oem7/odom,/novatel/oem7/fix,/novatel/oem7/odom,39.663,-75.756,-1.801248793,0.001661000,-0.001023248,0.001644881,-0.000230838,-0.001023248,,,
1786043720076517458,1786043720.075740450,/novatel/oem7/odom,/novatel/oem7/fix,/novatel/oem7/odom,39.663,-75.756,-1.801248793,0.001661000,-0.001023248,0.001644881,-0.000230838,-0.001023248,,,
1786043720086533571,1786043720.085874446,/novatel/oem7/inspva,/novatel/oem7/inspva,/novatel/oem7/inspva,39.663,-75.756,-1.801254400,0.000804167,-0.003047745,-0.000065603,0.000801487,-0.003047745,,novatel_oem7_msgs.msg.InertialSolutionStatus(status=3),
1786043720087982749,1786043720.085950969,/novatel/oem7/fix,/novatel/oem7/fix,/novatel/oem7/inspva,39.663,-75.756,-1.801254400,0.000804167,-0.003047745,-0.000065603,0.000801487,-0.003047745,,0,
1786043720089177858,1786043720.086537248,/novatel/oem7/odom,/novatel/oem7/fix,/novatel/oem7/odom,39.663,-75.756,-1.801254400,0.000815595,-0.003044707,0.000809786,-0.000097169,-0.003044707,,,
1786043720095547211,1786043720.094775397,/novatel/oem7/odom,/novatel/oem7/fix,/novatel/oem7/odom,39.663,-75.756,-1.801254400,0.000815595,-0.003044707,0.000809786,-0.000097169,-0.003044707,,,
1786043720107010575,1786043720.106340315,/novatel/oem7/inspva,/novatel/oem7/inspva,/novatel/oem7/inspva,39.663,-75.756,-1.801238377,0.001603776,-0.002992125,-0.000619229,0.001479410,-0.002992125,,novatel_oem7_msgs.msg.InertialSolutionStatus(status=3),
1786043720108381669,1786043720.106502131,/novatel/oem7/fix,/novatel/oem7/fix,/novatel/oem7/inspva,39.663,-75.756,-1.801238377,0.001603776,-0.002992125,-0.000619229,0.001479410,-0.002992125,,0,
1786043720109456333,1786043720.106910651,/novatel/oem7/odom,/novatel/oem7/fix,/novatel/oem7/odom,39.663,-75.756,-1.801238377,0.001611500,-0.002987972,0.001459196,-0.000683871,-0.002987972,,,
1786043720111093169,1786043720.109477190,/novatel/oem7/bestpos,/novatel/oem7/bestpos,/novatel/oem7/odom,39.663,-75.756,33.181024188,0.001611500,-0.002987972,0.001459196,-0.000683871,-0.002987972,,novatel_oem7_msgs.msg.SolutionStatus(status=0),novatel_oem7_msgs.msg.PositionOrVelocityType(type=53)
1786043720112010831,1786043720.110193877,/novatel/oem7/bestvel,/novatel/oem7/bestpos,/novatel/oem7/bestvel,39.663,-75.756,33.181024188,0.001494971,-0.002318056,,,,145.111296553,novatel_oem7_msgs.msg.SolutionStatus(status=0),novatel_oem7_msgs.msg.PositionOrVelocityType(type=53)
1786043720115605094,1786043720.114850333,/novatel/oem7/odom,/novatel/oem7/bestpos,/novatel/oem7/odom,39.663,-75.756,33.181024188,0.001611500,-0.002987972,0.001459196,-0.000683871,-0.002987972,,,
1786043720125848276,1786043720.125146503,/novatel/oem7/inspva,/novatel/oem7/inspva,/novatel/oem7/inspva,39.663,-75.756,-1.801207525,0.002568198,-0.000244133,-0.001188434,0.002276679,-0.000244133,,novatel_oem7_msgs.msg.InertialSolutionStatus(status=3),
1786043720127220090,1786043720.125221650,/novatel/oem7/fix,/novatel/oem7/fix,/novatel/oem7/inspva,39.663,-75.756,-1.801207525,0.002568198,-0.000244133,-0.001188434,0.002276679,-0.000244133,,0,
1786043720128279700,1786043720.125706591,/novatel/oem7/odom,/novatel/oem7/fix,/novatel/oem7/odom,39.663,-75.756,-1.801207525,0.002568733,-0.000238439,0.002215999,-0.001299129,-0.000238439,,,
1786043720136260397,1786043720.135528722,/novatel/oem7/odom,/novatel/oem7/fix,/novatel/oem7/odom,39.663,-75.756,-1.801207525,0.002568733,-0.000238439,0.002215999,-0.001299129,-0.000238439,,,
1786043720145710807,1786043720.145019957,/novatel/oem7/inspva,/novatel/oem7/inspva,/novatel/oem7/inspva,39.663,-75.756,-1.801201929,0.001934115,-0.000468512,-0.000902289,0.001710753,-0.000468512,,novatel_oem7_msgs.msg.InertialSolutionStatus(status=3),
1786043720147118285,1786043720.145164971,/novatel/oem7/fix,/novatel/oem7/fix,/novatel/oem7/inspva,39.663,-75.756,-1.801201929,0.001934115,-0.000468512,-0.000902289,0.001710753,-0.000468512,,0,
1786043720148179775,1786043720.145604676,/novatel/oem7/odom,/novatel/oem7/fix,/novatel/oem7/odom,39.663,-75.756,-1.801201929,0.001935147,-0.000464231,0.001665866,-0.000984725,-0.000464231,,,
1786043720156475858,1786043720.155677450,/novatel/oem7/odom,/novatel/oem7/fix,/novatel/oem7/odom,39.663,-75.756,-1.801201929,0.001935147,-0.000464231,0.001665866,-0.000984725,-0.000464231,,,
1786043720167167407,1786043720.166454120,/novatel/oem7/inspva,/novatel/oem7/inspva,/novatel/oem7/inspva,39.663,-75.756,-1.801218496,0.000897112,-0.003386587,0.000223804,0.000868747,-0.003386587,,novatel_oem7_msgs.msg.InertialSolutionStatus(status=3),
1786043720168649325,1786043720.166609975,/novatel/oem7/fix,/novatel/oem7/fix,/novatel/oem7/inspva,39.663,-75.756,-1.801218496,0.000897112,-0.003386587,0.000223804,0.000868747,-0.003386587,,0,
1786043720169758540,1786043720.167098607,/novatel/oem7/odom,/novatel/oem7/fix,/novatel/oem7/odom,39.663,-75.756,-1.801218496,0.000912569,-0.003382455,0.000892691,0.000189431,-0.003382455,,,
1786043720175855761,1786043720.175077443,/novatel/oem7/odom,/novatel/oem7/fix,/novatel/oem7/odom,39.663,-75.756,-1.801218496,0.000912569,-0.003382455,0.000892691,0.000189431,-0.003382455,,,
1786043720185845036,1786043720.185118672,/novatel/oem7/inspva,/novatel/oem7/inspva,/novatel/oem7/inspva,39.663,-75.756,-1.801201133,0.000625275,-0.002815600,-0.000319958,0.000537211,-0.002815600,,novatel_oem7_msgs.msg.InertialSolutionStatus(status=3),
1786043720187225490,1786043720.185201610,/novatel/oem7/fix,/novatel/oem7/fix,/novatel/oem7/inspva,39.663,-75.756,-1.801201133,0.000625275,-0.002815600,-0.000319958,0.000537211,-0.002815600,,0,
1786043720188284424,1786043720.185633008,/novatel/oem7/odom,/novatel/oem7/fix,/novatel/oem7/odom,39.663,-75.756,-1.801201133,0.000630901,-0.002814344,0.000532259,-0.000338729,-0.002814344,,,
1786043720196399178,1786043720.195627744,/novatel/oem7/odom,/novatel/oem7/fix,/novatel/oem7/odom,39.663,-75.756,-1.801201133,0.000630901,-0.002814344,0.000532259,-0.000338729,-0.002814344,,,
1786043720207007071,1786043720.206300311,/novatel/oem7/inspva,/novatel/oem7/inspva,/novatel/oem7/inspva,39.663,-75.756,-1.801176716,0.003034134,-0.000705873,-0.001588238,0.002585240,-0.000705873,,novatel_oem7_msgs.msg.InertialSolutionStatus(status=3),
1786043720208409798,1786043720.206386446,/novatel/oem7/fix,/novatel/oem7/fix,/novatel/oem7/inspva,39.663,-75.756,-1.801176716,0.003034134,-0.000705873,-0.001588238,0.002585240,-0.000705873,,0,
1786043720209496126,1786043720.207210899,/novatel/oem7/odom,/novatel/oem7/fix,/novatel/oem7/odom,39.663,-75.756,-1.801176716,0.003035461,-0.000700143,0.002506226,-0.001712557,-0.000700143,,,
1786043720211136825,1786043720.210258183,/novatel/oem7/bestpos,/novatel/oem7/bestpos,/novatel/oem7/odom,39.663,-75.756,33.181066435,0.003035461,-0.000700143,0.002506226,-0.001712557,-0.000700143,,novatel_oem7_msgs.msg.SolutionStatus(status=0),novatel_oem7_msgs.msg.PositionOrVelocityType(type=53)
1786043720212595193,1786043720.210619385,/novatel/oem7/bestvel,/novatel/oem7/bestpos,/novatel/oem7/bestvel,39.663,-75.756,33.181066435,0.002658479,-0.000945855,,,,113.242121848,novatel_oem7_msgs.msg.SolutionStatus(status=0),novatel_oem7_msgs.msg.PositionOrVelocityType(type=53)
1786043720215723301,1786043720.214955276,/novatel/oem7/odom,/novatel/oem7/bestpos,/novatel/oem7/odom,39.663,-75.756,33.181066435,0.003035461,-0.000700143,0.002506226,-0.001712557,-0.000700143,,,
1786043720227019583,1786043720.226313109,/novatel/oem7/inspva,/novatel/oem7/inspva,/novatel/oem7/inspva,39.663,-75.756,-1.801161245,0.001944899,-0.000433210,-0.001383710,0.001366741,-0.000433210,,novatel_oem7_msgs.msg.InertialSolutionStatus(status=3),
1786043720228454644,1786043720.226487431,/novatel/oem7/fix,/novatel/oem7/fix,/novatel/oem7/inspva,39.663,-75.756,-1.801161245,0.001944899,-0.000433210,-0.001383710,0.001366741,-0.000433210,,0,
1786043720229517435,1786043720.226953282,/novatel/oem7/odom,/novatel/oem7/fix,/novatel/oem7/odom,39.663,-75.756,-1.801161245,0.001945236,-0.000431695,0.001298279,-0.001448591,-0.000431695,,,
1786043720235525545,1786043720.234761687,/novatel/oem7/odom,/novatel/oem7/fix,/novatel/oem7/odom,39.663,-75.756,-1.801161245,0.001945236,-0.000431695,0.001298279,-0.001448591,-0.000431695,,,
1786043720245999775,1786043720.245310248,/novatel/oem7/inspva,/novatel/oem7/inspva,/novatel/oem7/inspva,39.663,-75.756,-1.801178233,0.000533805,-0.002737733,0.000447320,0.000291294,-0.002737733,,novatel_oem7_msgs.msg.InertialSolutionStatus(status=3),
1786043720247416846,1786043720.245473810,/novatel/oem7/fix,/novatel/oem7/fix,/novatel/oem7/inspva,39.663,-75.756,-1.801178233,0.000533805,-0.002737733,0.000447320,0.000291294,-0.002737733,,0,
1786043720248517607,1786043720.246016669,/novatel/oem7/odom,/novatel/oem7/fix,/novatel/oem7/odom,39.663,-75.756,-1.801178233,0.000546251,-0.002735277,0.000324348,0.000439532,-0.002735277,,,
1786043720257367392,1786043720.256581731,/novatel/oem7/odom,/novatel/oem7/fix,/novatel/oem7/odom,39.663,-75.756,-1.801178233,0.000546251,-0.002735277,0.000324348,0.000439532,-0.002735277,,,
1786043720265772262,1786043720.265059555,/novatel/oem7/inspva,/novatel/oem7/inspva,/novatel/oem7/inspva,39.663,-75.756,-1.801164596,0.000590433,-0.002642016,-0.000499771,0.000314388,-0.002642016,,novatel_oem7_msgs.msg.InertialSolutionStatus(status=3),
1786043720267174383,1786043720.265237881,/novatel/oem7/fix,/novatel/oem7/fix,/novatel/oem7/inspva,39.663,-75.756,-1.801164596,0.000590433,-0.002642016,-0.000499771,0.000314388,-0.002642016,,0,
1786043720268248237,1786043720.265708288,/novatel/oem7/odom,/novatel/oem7/fix,/novatel/oem7/odom,39.663,-75.756,-1.801164596,0.000589797,-0.002642158,0.000300069,-0.000507759,-0.002642158,,,
1786043720275192950,1786043720.274446705,/novatel/oem7/odom,/novatel/oem7/fix,/novatel/oem7/odom,39.663,-75.756,-1.801164596,0.000589797,-0.002642158,0.000300069,-0.000507759,-0.002642158,,,
1786043720287629990,1786043720.286942843,/novatel/oem7/inspva,/novatel/oem7/inspva,/novatel/oem7/inspva,39.663,-75.756,-1.801147254,0.002416776,-0.001290031,-0.001510900,0.001886263,-0.001290031,,novatel_oem7_msgs.msg.InertialSolutionStatus(status=3),
1786043720288994993,1786043720.287110791,/novatel/oem7/fix,/novatel/oem7/fix,/novatel/oem7/inspva,39.663,-75.756,-1.801147254,0.002416776,-0.001290031,-0.001510900,0.001886263,-0.001290031,,0,
1786043720290030334,1786043720.287565446,/novatel/oem7/odom,/novatel/oem7/fix,/novatel/oem7/odom,39.663,-75.756,-1.801147254,0.002418490,-0.001286815,0.001814344,-0.001599141,-0.001286815,,,
1786043720295713710,1786043720.294976810,/novatel/oem7/odom,/novatel/oem7/fix,/novatel/oem7/odom,39.663,-75.756,-1.801147254,0.002418490,-0.001286815,0.001814344,-0.001599141,-0.001286815,,,
1786043720306543492,1786043720.305875731,/novatel/oem7/inspva,/novatel/oem7/inspva,/novatel/oem7/inspva,39.663,-75.756,-1.801132239,0.002726513,-0.001135373,-0.001783992,0.002061855,-0.001135373,,novatel_oem7_msgs.msg.InertialSolutionStatus(status=3),
1786043720307920649,1786043720.306046840,/novatel/oem7/fix,/novatel/oem7/fix,/novatel/oem7/inspva,39.663,-75.756,-1.801132239,0.002726513,-0.001135373,-0.001783992,0.002061855,-0.001135373,,0,
1786043720308944429,1786043720.306579185,/novatel/oem7/odom,/novatel/oem7/fix,/novatel/oem7/odom,39.663,-75.756,-1.801132239,0.002727802,-0.001132272,0.001975549,-0.001880987,-0.001132272,,,
1786043720310616345,1786043720.309685359,/novatel/oem7/bestpos,/novatel/oem7/bestpos,/novatel/oem7/odom,39.663,-75.756,33.181121564,0.002727802,-0.001132272,0.001975549,-0.001880987,-0.001132272,,novatel_oem7_msgs.msg.SolutionStatus(status=0),novatel_oem7_msgs.msg.PositionOrVelocityType(type=53)
1786043720312064550,1786043720.310518572,/novatel/oem7/bestvel,/novatel/oem7/bestpos,/novatel/oem7/bestvel,39.663,-75.756,33.181121564,0.002663029,-0.001101330,,,,131.795334207,novatel_oem7_msgs.msg.SolutionStatus(status=0),novatel_oem7_msgs.msg.PositionOrVelocityType(type=53)
1786043720316210018,1786043720.315463860,/novatel/oem7/odom,/novatel/oem7/bestpos,/novatel/oem7/odom,39.663,-75.756,33.181121564,0.002727802,-0.001132272,0.001975549,-0.001880987,-0.001132272,,,
1786043720325882794,1786043720.325197896,/novatel/oem7/inspva,/novatel/oem7/inspva,/novatel/oem7/inspva,39.663,-75.756,-1.801131791,0.000705287,-0.001000542,0.000457418,0.000536841,-0.001000542,,novatel_oem7_msgs.msg.InertialSolutionStatus(status=3),
1786043720327267334,1786043720.325277337,/novatel/oem7/fix,/novatel/oem7/fix,/novatel/oem7/inspva,39.663,-75.756,-1.801131791,0.000705287,-0.001000542,0.000457418,0.000536841,-0.001000542,,0,
1786043720328301171,1786043720.326011759,/novatel/oem7/odom,/novatel/oem7/fix,/novatel/oem7/odom,39.663,-75.756,-1.801131791,0.000710177,-0.000997077,0.000562984,0.000432898,-0.000997077,,,
1786043720335592687,1786043720.334825723,/novatel/oem7/odom,/novatel/oem7/fix,/novatel/oem7/odom,39.663,-75.756,-1.801131791,0.000710177,-0.000997077,0.000562984,0.000432898,-0.000997077,,,
1786043720346673087,1786043720.345944534,/novatel/oem7/inspva,/novatel/oem7/inspva,/novatel/oem7/inspva,39.663,-75.756,-1.801135214,0.000502833,-0.001875286,-0.000015292,0.000502601,-0.001875286,,novatel_oem7_msgs.msg.InertialSolutionStatus(status=3),
1786043720348180972,1786043720.346097375,/novatel/oem7/fix,/novatel/oem7/fix,/novatel/oem7/inspva,39.663,-75.756,-1.801135214,0.000502833,-0.001875286,-0.000015292,0.000502601,-0.001875286,,0,
1786043720349258670,1786043720.346530116,/novatel/oem7/odom,/novatel/oem7/fix,/novatel/oem7/odom,39.663,-75.756,-1.801135214,0.000510110,-0.001873319,0.000508895,-0.000035196,-0.001873319,,,
1786043720356727207,1786043720.355926419,/novatel/oem7/odom,/novatel/oem7/fix,/novatel/oem7/odom,39.663,-75.756,-1.801135214,0.000510110,-0.001873319,0.000508895,-0.000035196,-0.001873319,,,
1786043720365949656,1786043720.365275441,/novatel/oem7/inspva,/novatel/oem7/inspva,/novatel/oem7/inspva,39.663,-75.756,-1.801135796,0.002424858,-0.002308912,-0.001836988,0.001582850,-0.002308912,,novatel_oem7_msgs.msg.InertialSolutionStatus(status=3),
1786043720367384113,1786043720.365356017,/novatel/oem7/fix,/novatel/oem7/fix,/novatel/oem7/inspva,39.663,-75.756,-1.801135796,0.002424858,-0.002308912,-0.001836988,0.001582850,-0.002308912,,0,
1786043720368505692,1786043720.366040924,/novatel/oem7/odom,/novatel/oem7/fix,/novatel/oem7/odom,39.663,-75.756,-1.801135796,0.002425808,-0.002307915,0.001499214,-0.001907066,-0.002307915,,,
1786043720376321969,1786043720.375563442,/novatel/oem7/odom,/novatel/oem7/fix,/novatel/oem7/odom,39.663,-75.756,-1.801135796,0.002425808,-0.002307915,0.001499214,-0.001907066,-0.002307915,,,
1786043720386045743,1786043720.385346926,/novatel/oem7/inspva,/novatel/oem7/inspva,/novatel/oem7/inspva,39.663,-75.756,-1.801108704,0.002440490,-0.001213768,-0.001930016,0.001493663,-0.001213768,,novatel_oem7_msgs.msg.InertialSolutionStatus(status=3),
1786043720387542938,1786043720.385511018,/novatel/oem7/fix,/novatel/oem7/fix,/novatel/oem7/inspva,39.663,-75.756,-1.801108704,0.002440490,-0.001213768,-0.001930016,0.001493663,-0.001213768,,0,
1786043720388607195,1786043720.385904558,/novatel/oem7/odom,/novatel/oem7/fix,/novatel/oem7/odom,39.663,-75.756,-1.801108704,0.002440698,-0.001213350,0.001401107,-0.001998476,-0.001213350,,,
1786043720395252298,1786043720.394552114,/novatel/oem7/odom,/novatel/oem7/fix,/novatel/oem7/odom,39.663,-75.756,-1.801108704,0.002440698,-0.001213350,0.001401107,-0.001998476,-0.001213350,,,
1786043720406844150,1786043720.406302061,/novatel/oem7/inspva,/novatel/oem7/inspva,/novatel/oem7/inspva,39.663,-75.756,-1.801094837,0.001995986,-0.000140451,-0.001102898,0.001663604,-0.000140451,,novatel_oem7_msgs.msg.InertialSolutionStatus(status=3),
1786043720408245020,1786043720.406469983,/novatel/oem7/fix,/novatel/oem7/fix,/novatel/oem7/inspva,39.663,-75.756,-1.801094837,0.001995986,-0.000140451,-0.001102898,0.001663604,-0.000140451,,0,
1786043720409452546,1786043720.406983878,/novatel/oem7/odom,/novatel/oem7/fix,/novatel/oem7/odom,39.663,-75.756,-1.801094837,0.001996226,-0.000137000,0.001607470,-0.001183621,-0.000137000,,,
1786043720411041648,1786043720.410481064,/novatel/oem7/bestpos,/novatel/oem7/bestpos,/novatel/oem7/odom,39.663,-75.756,33.181148297,0.001996226,-0.000137000,0.001607470,-0.001183621,-0.000137000,,novatel_oem7_msgs.msg.SolutionStatus(status=0),novatel_oem7_msgs.msg.PositionOrVelocityType(type=53)
1786043720412594504,1786043720.411007548,/novatel/oem7/bestvel,/novatel/oem7/bestpos,/novatel/oem7/bestvel,39.663,-75.756,33.181148297,0.002879701,-0.000938691,,,,104.567548865,novatel_oem7_msgs.msg.SolutionStatus(status=0),novatel_oem7_msgs.msg.PositionOrVelocityType(type=53)
1786043720416326838,1786043720.415643968,/novatel/oem7/odom,/novatel/oem7/bestpos,/novatel/oem7/odom,39.663,-75.756,33.181148297,0.001996226,-0.000137000,0.001607470,-0.001183621,-0.000137000,,,
1786043720425745161,1786043720.425213909,/novatel/oem7/inspva,/novatel/oem7/inspva,/novatel/oem7/inspva,39.663,-75.756,-1.801088796,0.001784205,-0.000301392,-0.000948419,0.001511254,-0.000301392,,novatel_oem7_msgs.msg.InertialSolutionStatus(status=3),
1786043720427081192,1786043720.425378237,/novatel/oem7/fix,/novatel/oem7/fix,/novatel/oem7/inspva,39.663,-75.756,-1.801088796,0.001784205,-0.000301392,-0.000948419,0.001511254,-0.000301392,,0,
1786043720428237049,1786043720.425709284,/novatel/oem7/odom,/novatel/oem7/fix,/novatel/oem7/odom,39.663,-75.756,-1.801088796,0.001784755,-0.000298123,0.001463607,-0.001021373,-0.000298123,,,
1786043720436281873,1786043720.435629220,/novatel/oem7/odom,/novatel/oem7/fix,/novatel/oem7/odom,39.663,-75.756,-1.801088796,0.001784755,-0.000298123,0.001463607,-0.001021373,-0.000298123,,,
1786043720446911175,1786043720.445625612,/novatel/oem7/inspva,/novatel/oem7/inspva,/novatel/oem7/inspva,39.663,-75.756,-1.801098703,0.001591518,-0.002744120,-0.001431007,0.000696528,-0.002744120,,novatel_oem7_msgs.msg.InertialSolutionStatus(status=3),
1786043720447910135,1786043720.445900442,/novatel/oem7/fix,/novatel/oem7/fix,/novatel/oem7/inspva,39.663,-75.756,-1.801098703,0.001591518,-0.002744120,-0.001431007,0.000696528,-0.002744120,,0,
1786043720449705720,1786043720.446628142,/novatel/oem7/odom,/novatel/oem7/fix,/novatel/oem7/odom,39.663,-75.756,-1.801098703,0.001589252,-0.002745433,0.000635883,-0.001456494,-0.002745433,,,
1786043720457156821,1786043720.456397386,/novatel/oem7/odom,/novatel/oem7/fix,/novatel/oem7/odom,39.663,-75.756,-1.801098703,0.001589252,-0.002745433,0.000635883,-0.001456494,-0.002745433,,,
1786043720466537791,1786043720.465952628,/novatel/oem7/inspva,/novatel/oem7/inspva,/novatel/oem7/inspva,39.663,-75.756,-1.801067840,0.001575317,-0.001862055,-0.001535231,0.000353116,-0.001862055,,novatel_oem7_msgs.msg.InertialSolutionStatus(status=3),
1786043720468089786,1786043720.466032558,/novatel/oem7/fix,/novatel/oem7/fix,/novatel/oem7/inspva,39.663,-75.756,-1.801067840,0.001575317,-0.001862055,-0.001535231,0.000353116,-0.001862055,,0,
1786043720469270475,1786043720.466480994,/novatel/oem7/odom,/novatel/oem7/fix,/novatel/oem7/odom,39.663,-75.756,-1.801067840,0.001571810,-0.001865016,0.000284157,-0.001545912,-0.001865016,,,
1786043720475560257,1786043720.474591128,/novatel/oem7/odom,/novatel/oem7/fix,/novatel/oem7/odom,39.663,-75.756,-1.801067840,0.001571810,-0.001865016,0.000284157,-0.001545912,-0.001865016,,,
1786043720485870980,1786043720.485265341,/novatel/oem7/inspva,/novatel/oem7/inspva,/novatel/oem7/inspva,39.663,-75.756,-1.801048741,0.003059313,-0.000038018,-0.002514436,0.001742702,-0.000038018,,novatel_oem7_msgs.msg.InertialSolutionStatus(status=3),
1786043720487269937,1786043720.485438276,/novatel/oem7/fix,/novatel/oem7/fix,/novatel/oem7/inspva,39.663,-75.756,-1.801048741,0.003059313,-0.000038018,-0.002514436,0.001742702,-0.000038018,,0,
1786043720488334135,1786043720.485900210,/novatel/oem7/odom,/novatel/oem7/fix,/novatel/oem7/odom,39.663,-75.756,-1.801048741,0.003059309,-0.000038310,0.001616046,-0.002597647,-0.000038310,,,
1786043720496096235,1786043720.495405252,/novatel/oem7/odom,/novatel/oem7/fix,/novatel/oem7/odom,39.663,-75.756,-1.801048741,0.003059309,-0.000038310,0.001616046,-0.002597647,-0.000038310,,,
1786043720506804945,1786043720.506106428,/novatel/oem7/inspva,/novatel/oem7/inspva,/novatel/oem7/inspva,39.663,-75.756,-1.801046252,0.003211652,-0.000389616,-0.002151110,0.002384834,-0.000389616,,novatel_oem7_msgs.msg.InertialSolutionStatus(status=3),
1786043720508254636,1786043720.506351757,/novatel/oem7/fix,/novatel/oem7/fix,/novatel/oem7/inspva,39.663,-75.756,-1.801046252,0.003211652,-0.000389616,-0.002151110,0.002384834,-0.000389616,,0,
1786043720509373824,1786043720.506863282,/novatel/oem7/odom,/novatel/oem7/fix,/novatel/oem7/odom,39.663,-75.756,-1.801046252,0.003212036,-0.000386437,0.002276802,-0.002265689,-0.000386437,,,
1786043720512819318,1786043720.512194209,/novatel/oem7/bestpos,/novatel/oem7/bestpos,/novatel/oem7/odom,39.663,-75.756,33.181188225,0.003212036,-0.000386437,0.002276802,-0.002265689,-0.000386437,,novatel_oem7_msgs.msg.SolutionStatus(status=0),novatel_oem7_msgs.msg.PositionOrVelocityType(type=53)
1786043720514316106,1786043720.512609503,/novatel/oem7/bestvel,/novatel/oem7/bestpos,/novatel/oem7/bestvel,39.663,-75.756,33.181188225,0.002577806,-0.001427347,,,,101.049590088,novatel_oem7_msgs.msg.SolutionStatus(status=0),novatel_oem7_msgs.msg.PositionOrVelocityType(type=53)
1786043720515960899,1786043720.514536575,/novatel/oem7/odom,/novatel/oem7/bestpos,/novatel/oem7/odom,39.663,-75.756,33.181188225,0.003212036,-0.000386437,0.002276802,-0.002265689,-0.000386437,,,
1786043720527168141,1786043720.526635483,/novatel/oem7/inspva,/novatel/oem7/inspva,/novatel/oem7/inspva,39.663,-75.756,-1.801059073,0.000807263,-0.002145190,-0.000632221,0.000501966,-0.002145190,,novatel_oem7_msgs.msg.InertialSolutionStatus(status=3),
1786043720528539392,1786043720.526808781,/novatel/oem7/fix,/novatel/oem7/fix,/novatel/oem7/inspva,39.663,-75.756,-1.801059073,0.000807263,-0.002145190,-0.000632221,0.000501966,-0.002145190,,0,
1786043720529600618,1786043720.527326696,/novatel/oem7/odom,/novatel/oem7/fix,/novatel/oem7/odom,39.663,-75.756,-1.801059073,0.000807745,-0.002145008,0.000478743,-0.000650583,-0.002145008,,,
1786043720535782027,1786043720.535118510,/novatel/oem7/odom,/novatel/oem7/fix,/novatel/oem7/odom,39.663,-75.756,-1.801059073,0.000807745,-0.002145008,0.000478743,-0.000650583,-0.002145008,,,
1786043720545517484,1786043720.544952468,/novatel/oem7/inspva,/novatel/oem7/inspva,/novatel/oem7/inspva,39.663,-75.756,-1.801045479,0.000618757,-0.002402338,-0.000578057,-0.000220704,-0.002402338,,novatel_oem7_msgs.msg.InertialSolutionStatus(status=3),
1786043720546880557,1786043720.545107057,/novatel/oem7/fix,/novatel/oem7/fix,/novatel/oem7/inspva,39.663,-75.756,-1.801045479,0.000618757,-0.002402338,-0.000578057,-0.000220704,-0.002402338,,0,
1786043720547960871,1786043720.545560657,/novatel/oem7/odom,/novatel/oem7/fix,/novatel/oem7/odom,39.663,-75.756,-1.801045479,0.000609022,-0.002404825,-0.000239337,-0.000560023,-0.002404825,,,
1786043720556006334,1786043720.555669935,/novatel/oem7/odom,/novatel/oem7/fix,/novatel/oem7/odom,39.663,-75.756,-1.801045479,0.000609022,-0.002404825,-0.000239337,-0.000560023,-0.002404825,,,
1786043720567205027,1786043720.566640444,/novatel/oem7/inspva,/novatel/oem7/inspva,/novatel/oem7/inspva,39.663,-75.756,-1.801031210,0.003162706,-0.000762763,-0.002727622,0.001600870,-0.000762763,,novatel_oem7_msgs.msg.InertialSolutionStatus(status=3),
1786043720568668567,1786043720.566795926,/novatel/oem7/fix,/novatel/oem7/fix,/novatel/oem7/inspva,39.663,-75.756,-1.801031210,0.003162706,-0.000762763,-0.002727622,0.001600870,-0.000762763,,0,
1786043720569802339,1786043720.567280004,/novatel/oem7/odom,/novatel/oem7/fix,/novatel/oem7/odom,39.663,-75.756,-1.801031210,0.003162328,-0.000764328,0.001466727,-0.002801612,-0.000764328,,,
1786043720575691044,1786043720.574969227,/novatel/oem7/odom,/novatel/oem7/fix,/novatel/oem7/odom,39.663,-75.756,-1.801031210,0.003162328,-0.000764328,0.001466727,-0.002801612,-0.000764328,,,
1786043720585511219,1786043720.584980340,/novatel/oem7/inspva,/novatel/oem7/inspva,/novatel/oem7/inspva,39.663,-75.756,-1.801021135,0.002914027,-0.000349343,-0.002380370,0.001680890,-0.000349343,,novatel_oem7_msgs.msg.InertialSolutionStatus(status=3),
1786043720586822965,1786043720.585122955,/novatel/oem7/fix,/novatel/oem7/fix,/novatel/oem7/inspva,39.663,-75.756,-1.801021135,0.002914027,-0.000349343,-0.002380370,0.001680890,-0.000349343,,0,
1786043720587871232,1786043720.585571589,/novatel/oem7/odom,/novatel/oem7/fix,/novatel/oem7/odom,39.663,-75.756,-1.801021135,0.002913996,-0.000349597,0.001562195,-0.002459862,-0.000349597,,,
1786043720596004779,1786043720.595343650,/novatel/oem7/odom,/novatel/oem7/fix,/novatel/oem7/odom,39.663,-75.756,-1.801021135,0.002913996,-0.000349597,0.001562195,-0.002459862,-0.000349597,,,
1786043720606832497,1786043720.606291132,/novatel/oem7/inspva,/novatel/oem7/inspva,/novatel/oem7/inspva,39.663,-75.756,-1.801028246,0.000774394,-0.001256105,-0.000683656,0.000363731,-0.001256105,,novatel_oem7_msgs.msg.InertialSolutionStatus(status=3),
1786043720608227251,1786043720.606470394,/novatel/oem7/fix,/novatel/oem7/fix,/novatel/oem7/inspva,39.663,-75.756,-1.801028246,0.000774394,-0.001256105,-0.000683656,0.000363731,-0.001256105,,0,
1786043720609321349,1786043720.607056846,/novatel/oem7/odom,/novatel/oem7/fix,/novatel/oem7/odom,39.663,-75.756,-1.801028246,0.000773548,-0.001256626,0.000334517,-0.000697477,-0.001256626,,,
1786043720610860047,1786043720.610254038,/novatel/oem7/bestpos,/novatel/oem7/bestpos,/novatel/oem7/odom,39.663,-75.756,33.181211546,0.000773548,-0.001256626,0.000334517,-0.000697477,-0.001256626,,novatel_oem7_msgs.msg.SolutionStatus(status=0),novatel_oem7_msgs.msg.PositionOrVelocityType(type=53)
1786043720612283671,1786043720.610638132,/novatel/oem7/bestvel,/novatel/oem7/bestpos,/novatel/oem7/bestvel,39.663,-75.756,33.181211546,0.001138968,-0.001560466,,,,125.408313180,novatel_oem7_msgs.msg.SolutionStatus(status=0),novatel_oem7_msgs.msg.PositionOrVelocityType(type=53)
1786043720615515091,1786043720.614811864,/novatel/oem7/odom,/novatel/oem7/bestpos,/novatel/oem7/odom,39.663,-75.756,33.181211546,0.000773548,-0.001256626,0.000334517,-0.000697477,-0.001256626,,,
1786043720626551933,1786043720.625990222,/novatel/oem7/inspva,/novatel/oem7/inspva,/novatel/oem7/inspva,39.663,-75.756,-1.801022906,0.000231836,-0.001612599,-0.000198239,0.000120205,-0.001612599,,novatel_oem7_msgs.msg.InertialSolutionStatus(status=3),
1786043720627866367,1786043720.626170460,/novatel/oem7/fix,/novatel/oem7/fix,/novatel/oem7/inspva,39.663,-75.756,-1.801022906,0.000231836,-0.001612599,-0.000198239,0.000120205,-0.001612599,,0,
1786043720628936197,1786043720.626598244,/novatel/oem7/odom,/novatel/oem7/fix,/novatel/oem7/odom,39.663,-75.756,-1.801022906,0.000231286,-0.001612678,0.000116803,-0.000199625,-0.001612678,,,
1786043720635056818,1786043720.634391938,/novatel/oem7/odom,/novatel/oem7/fix,/novatel/oem7/odom,39.663,-75.756,-1.801022906,0.000231286,-0.001612678,0.000116803,-0.000199625,-0.001612678,,,
1786043720645629423,1786043720.645135255,/novatel/oem7/inspva,/novatel/oem7/inspva,/novatel/oem7/inspva,39.663,-75.756,-1.801026089,0.002614634,-0.002306460,-0.002468448,0.000862017,-0.002306460,,novatel_oem7_msgs.msg.InertialSolutionStatus(status=3),
1786043720646975851,1786043720.645226187,/novatel/oem7/fix,/novatel/oem7/fix,/novatel/oem7/inspva,39.663,-75.756,-1.801026089,0.002614634,-0.002306460,-0.002468448,0.000862017,-0.002306460,,0,
1786043720648017924,1786043720.645807715,/novatel/oem7/odom,/novatel/oem7/fix,/novatel/oem7/odom,39.663,-75.756,-1.801026089,0.002611364,-0.002310161,0.000747864,-0.002501984,-0.002310161,,,
1786043720657174358,1786043720.656519946,/novatel/oem7/odom,/novatel/oem7/fix,/novatel/oem7/odom,39.663,-75.756,-1.801026089,0.002611364,-0.002310161,0.000747864,-0.002501984,-0.002310161,,,
1786043720665676700,1786043720.664933297,/novatel/oem7/inspva,/novatel/oem7/inspva,/novatel/oem7/inspva,39.663,-75.756,-1.801013924,0.002476787,-0.001378612,-0.002117580,0.001284651,-0.001378612,,novatel_oem7_msgs.msg.InertialSolutionStatus(status=3),
1786043720667398830,1786043720.665042500,/novatel/oem7/fix,/novatel/oem7/fix,/novatel/oem7/inspva,39.663,-75.756,-1.801013924,0.002476787,-0.001378612,-0.002117580,0.001284651,-0.001378612,,0,
1786043720668494225,1786043720.665935589,/novatel/oem7/odom,/novatel/oem7/fix,/novatel/oem7/odom,39.663,-75.756,-1.801013924,0.002476184,-0.001379695,0.001183652,-0.002174961,-0.001379695,,,
1786043720675168661,1786043720.674498271,/novatel/oem7/odom,/novatel/oem7/fix,/novatel/oem7/odom,39.663,-75.756,-1.801013924,0.002476184,-0.001379695,0.001183652,-0.002174961,-0.001379695,,,
1786043720687057070,1786043720.686542728,/novatel/oem7/inspva,/novatel/oem7/inspva,/novatel/oem7/inspva,39.663,-75.756,-1.801014058,0.001166515,-0.000600865,-0.000950540,0.000676188,-0.000600865,,novatel_oem7_msgs.msg.InertialSolutionStatus(status=3),
1786043720688442160,1786043720.686621167,/novatel/oem7/fix,/novatel/oem7/fix,/novatel/oem7/inspva,39.663,-75.756,-1.801014058,0.001166515,-0.000600865,-0.000950540,0.000676188,-0.000600865,,0,
1786043720689481050,1786043720.687204811,/novatel/oem7/odom,/novatel/oem7/fix,/novatel/oem7/odom,39.663,-75.756,-1.801014058,0.001166477,-0.000600939,0.000630671,-0.000981286,-0.000600939,,,
1786043720695493917,1786043720.694786813,/novatel/oem7/odom,/novatel/oem7/fix,/novatel/oem7/odom,39.663,-75.756,-1.801014058,0.001166477,-0.000600939,0.000630671,-0.000981286,-0.000600939,,,
1786043720706101223,1786043720.705807164,/novatel/oem7/inspva,/novatel/oem7/inspva,/novatel/oem7/inspva,39.663,-75.756,-1.801015743,0.000540375,-0.000887132,-0.000156473,0.000517225,-0.000887132,,novatel_oem7_msgs.msg.InertialSolutionStatus(status=3),
1786043720707197263,1786043720.705949774,/novatel/oem7/fix,/novatel/oem7/fix,/novatel/oem7/inspva,39.663,-75.756,-1.801015743,0.000540375,-0.000887132,-0.000156473,0.000517225,-0.000887132,,0,
1786043720708283034,1786043720.706447606,/novatel/oem7/odom,/novatel/oem7/fix,/novatel/oem7/odom,39.663,-75.756,-1.801015743,0.000542973,-0.000885545,0.000512429,-0.000179543,-0.000885545,,,
1786043720710237957,1786043720.709665478,/novatel/oem7/bestpos,/novatel/oem7/bestpos,/novatel/oem7/odom,39.663,-75.756,33.181223307,0.000542973,-0.000885545,0.000512429,-0.000179543,-0.000885545,,novatel_oem7_msgs.msg.SolutionStatus(status=0),novatel_oem7_msgs.msg.PositionOrVelocityType(type=53)
1786043720711735428,1786043720.710586159,/novatel/oem7/bestvel,/novatel/oem7/bestpos,/novatel/oem7/bestvel,39.663,-75.756,33.181223307,0.000733892,-0.001276583,,,,49.128119124,novatel_oem7_msgs.msg.SolutionStatus(status=0),novatel_oem7_msgs.msg.PositionOrVelocityType(type=53)
1786043720716248830,1786043720.715594550,/novatel/oem7/odom,/novatel/oem7/bestpos,/novatel/oem7/odom,39.663,-75.756,33.181223307,0.000542973,-0.000885545,0.000512429,-0.000179543,-0.000885545,,,
1786043720725933803,1786043720.725369717,/novatel/oem7/inspva,/novatel/oem7/inspva,/novatel/oem7/inspva,39.663,-75.756,-1.801041163,0.001601466,-0.003470818,-0.001372275,0.000825563,-0.003470818,,novatel_oem7_msgs.msg.InertialSolutionStatus(status=3),
1786043720727509762,1786043720.725566303,/novatel/oem7/fix,/novatel/oem7/fix,/novatel/oem7/inspva,39.663,-75.756,-1.801041163,0.001601466,-0.003470818,-0.001372275,0.000825563,-0.003470818,,0,
1786043720728584459,1786043720.726124622,/novatel/oem7/odom,/novatel/oem7/fix,/novatel/oem7/odom,39.663,-75.756,-1.801041163,0.001599968,-0.003471509,0.000770521,-0.001402211,-0.003471509,,,
1786043720735679454,1786043720.734980200,/novatel/oem7/odom,/novatel/oem7/fix,/novatel/oem7/odom,39.663,-75.756,-1.801041163,0.001599968,-0.003471509,0.000770521,-0.001402211,-0.003471509,,,
1786043720746749834,1786043720.746171573,/novatel/oem7/inspva,/novatel/oem7/inspva,/novatel/oem7/inspva,39.663,-75.756,-1.801031858,0.001351488,-0.002556960,-0.001286268,0.000414770,-0.002556960,,novatel_oem7_msgs.msg.InertialSolutionStatus(status=3),
1786043720748186701,1786043720.746266536,/novatel/oem7/fix,/novatel/oem7/fix,/novatel/oem7/inspva,39.663,-75.756,-1.801031858,0.001351488,-0.002556960,-0.001286268,0.000414770,-0.002556960,,0,
1786043720749271905,1786043720.746882798,/novatel/oem7/odom,/novatel/oem7/fix,/novatel/oem7/odom,39.663,-75.756,-1.801031858,0.001347585,-0.002559020,0.000360795,-0.001298388,-0.002559020,,,
1786043720756304522,1786043720.755619605,/novatel/oem7/odom,/novatel/oem7/fix,/novatel/oem7/odom,39.663,-75.756,-1.801031858,0.001347585,-0.002559020,0.000360795,-0.001298388,-0.002559020,,,
1786043720765851184,1786043720.765264261,/novatel/oem7/inspva,/novatel/oem7/inspva,/novatel/oem7/inspva,39.663,-75.756,-1.801020955,0.001769767,0.000163088,-0.001448770,0.001016435,0.000163088,,novatel_oem7_msgs.msg.InertialSolutionStatus(status=3),
1786043720767303692,1786043720.765467120,/novatel/oem7/fix,/novatel/oem7/fix,/novatel/oem7/inspva,39.663,-75.756,-1.801020955,0.001769767,0.000163088,-0.001448770,0.001016435,0.000163088,,0,
1786043720768440336,1786043720.766193210,/novatel/oem7/odom,/novatel/oem7/fix,/novatel/oem7/odom,39.663,-75.756,-1.801020955,0.001769786,0.000162873,0.000942648,-0.001497851,0.000162873,,,
1786043720776134276,1786043720.775441523,/novatel/oem7/odom,/novatel/oem7/fix,/novatel/oem7/odom,39.663,-75.756,-1.801020955,0.001769786,0.000162873,0.000942648,-0.001497851,0.000162873,,,
1786043720785546723,1786043720.784961847,/novatel/oem7/inspva,/novatel/oem7/inspva,/novatel/oem7/inspva,39.663,-75.756,-1.801028560,0.001055590,-0.000496238,-0.000812299,0.000674122,-0.000496238,,novatel_oem7_msgs.msg.InertialSolutionStatus(status=3),
1786043720786935557,1786043720.785143892,/novatel/oem7/fix,/novatel/oem7/fix,/novatel/oem7/inspva,39.663,-75.756,-1.801028560,0.001055590,-0.000496238,-0.000812299,0.000674122,-0.000496238,,0,
1786043720788098279,1786043720.785535233,/novatel/oem7/odom,/novatel/oem7/fix,/novatel/oem7/odom,39.663,-75.756,-1.801028560,0.001055739,-0.000495921,0.000635026,-0.000843402,-0.000495921,,,
1786043720795290850,1786043720.794553140,/novatel/oem7/odom,/novatel/oem7/fix,/novatel/oem7/odom,39.663,-75.756,-1.801028560,0.001055739,-0.000495921,0.000635026,-0.000843402,-0.000495921,,,
1786043720806986160,1786043720.806369640,/novatel/oem7/inspva,/novatel/oem7/inspva,/novatel/oem7/inspva,39.663,-75.756,-1.801053848,0.000416090,-0.003168421,0.000059170,-0.000411861,-0.003168421,,novatel_oem7_msgs.msg.InertialSolutionStatus(status=3),
1786043720808387444,1786043720.806604010,/novatel/oem7/fix,/novatel/oem7/fix,/novatel/oem7/inspva,39.663,-75.756,-1.801053848,0.000416090,-0.003168421,0.000059170,-0.000411861,-0.003168421,,0,
1786043720809477164,1786043720.806900720,/novatel/oem7/odom,/novatel/oem7/fix,/novatel/oem7/odom,39.663,-75.756,-1.801053848,0.000405240,-0.003169827,-0.000395544,0.000088119,-0.003169827,,,
1786043720811396747,1786043720.810430924,/novatel/oem7/bestpos,/novatel/oem7/bestpos,/novatel/oem7/odom,39.663,-75.756,33.181179445,0.000405240,-0.003169827,-0.000395544,0.000088119,-0.003169827,,novatel_oem7_msgs.msg.SolutionStatus(status=0),novatel_oem7_msgs.msg.PositionOrVelocityType(type=53)
1786043720812865505,1786043720.810897035,/novatel/oem7/bestvel,/novatel/oem7/bestpos,/novatel/oem7/bestvel,39.663,-75.756,33.181179445,0.001140676,-0.002766093,,,,270.616559036,novatel_oem7_msgs.msg.SolutionStatus(status=0),novatel_oem7_msgs.msg.PositionOrVelocityType(type=53)
1786043720815891105,1786043720.815142841,/novatel/oem7/odom,/novatel/oem7/bestpos,/novatel/oem7/odom,39.663,-75.756,33.181179445,0.000405240,-0.003169827,-0.000395544,0.000088119,-0.003169827,,,
1786043720825670876,1786043720.825053816,/novatel/oem7/inspva,/novatel/oem7/inspva,/novatel/oem7/inspva,39.663,-75.756,-1.801050092,0.000569393,-0.002685499,-0.000568886,-0.000024020,-0.002685499,,novatel_oem7_msgs.msg.InertialSolutionStatus(status=3),
1786043720827107000,1786043720.825241045,/novatel/oem7/fix,/novatel/oem7/fix,/novatel/oem7/inspva,39.663,-75.756,-1.801050092,0.000569393,-0.002685499,-0.000568886,-0.000024020,-0.002685499,,0,
1786043720828163074,1786043720.825616403,/novatel/oem7/odom,/novatel/oem7/fix,/novatel/oem7/odom,39.663,-75.756,-1.801050092,0.000561238,-0.002687215,-0.000041308,-0.000559716,-0.002687215,,,
1786043720836381076,1786043720.835658415,/novatel/oem7/odom,/novatel/oem7/fix,/novatel/oem7/odom,39.663,-75.756,-1.801050092,0.000561238,-0.002687215,-0.000041308,-0.000559716,-0.002687215,,,
1786043720846038995,1786043720.845371036,/novatel/oem7/inspva,/novatel/oem7/inspva,/novatel/oem7/inspva,39.663,-75.756,-1.801042117,0.002154044,-0.000212991,-0.001729060,0.001284623,-0.000212991,,novatel_oem7_msgs.msg.InertialSolutionStatus(status=3),
1786043720847533330,1786043720.845628928,/novatel/oem7/fix,/novatel/oem7/fix,/novatel/oem7/inspva,39.663,-75.756,-1.801042117,0.002154044,-0.000212991,-0.001729060,0.001284623,-0.000212991,,0,
1786043720848651641,1786043720.846135569,/novatel/oem7/odom,/novatel/oem7/fix,/novatel/oem7/odom,39.663,-75.756,-1.801042117,0.002154044,-0.000212989,0.001198131,-0.001790080,-0.000212989,,,
1786043720857086305,1786043720.856378928,/novatel/oem7/odom,/novatel/oem7/fix,/novatel/oem7/odom,39.663,-75.756,-1.801042117,0.002154044,-0.000212989,0.001198131,-0.001790080,-0.000212989,,,
1786043720867062225,1786043720.866179793,/novatel/oem7/inspva,/novatel/oem7/inspva,/novatel/oem7/inspva,39.663,-75.756,-1.801050831,0.001292122,-0.000359433,-0.001167113,0.000554459,-0.000359433,,novatel_oem7_msgs.msg.InertialSolutionStatus(status=3),
1786043720868469096,1786043720.866464719,/novatel/oem7/fix,/novatel/oem7/fix,/novatel/oem7/inspva,39.663,-75.756,-1.801050831,0.001292122,-0.000359433,-0.001167113,0.000554459,-0.000359433,,0,
1786043720869559486,1786043720.866724693,/novatel/oem7/odom,/novatel/oem7/fix,/novatel/oem7/odom,39.663,-75.756,-1.801050831,0.001291787,-0.000360635,0.000497344,-0.001192209,-0.000360635,,,
1786043720875316614,1786043720.874608457,/novatel/oem7/odom,/novatel/oem7/fix,/novatel/oem7/odom,39.663,-75.756,-1.801050831,0.001291787,-0.000360635,0.000497344,-0.001192209,-0.000360635,,,
1786043720885874955,1786043720.885310153,/novatel/oem7/inspva,/novatel/oem7/inspva,/novatel/oem7/inspva,39.663,-75.756,-1.801080269,0.000629982,-0.002843606,-0.000088845,-0.000623685,-0.002843606,,novatel_oem7_msgs.msg.InertialSolutionStatus(status=3),
1786043720887330586,1786043720.885570086,/novatel/oem7/fix,/novatel/oem7/fix,/novatel/oem7/inspva,39.663,-75.756,-1.801080269,0.000629982,-0.002843606,-0.000088845,-0.000623685,-0.002843606,,0,
1786043720888451381,1786043720.886146484,/novatel/oem7/odom,/novatel/oem7/fix,/novatel/oem7/odom,39.663,-75.756,-1.801080269,0.000617783,-0.002846281,-0.000615747,-0.000050114,-0.002846281,,,
1786043720896005946,1786043720.895332903,/novatel/oem7/odom,/novatel/oem7/fix,/novatel/oem7/odom,39.663,-75.756,-1.801080269,0.000617783,-0.002846281,-0.000615747,-0.000050114,-0.002846281,,,
1786043720906216471,1786043720.905629989,/novatel/oem7/inspva,/novatel/oem7/inspva,/novatel/oem7/inspva,39.663,-75.756,-1.801081426,0.000737332,-0.002304894,-0.000732370,-0.000085397,-0.002304894,,novatel_oem7_msgs.msg.InertialSolutionStatus(status=3),
1786043720907658102,1786043720.905822474,/novatel/oem7/fix,/novatel/oem7/fix,/novatel/oem7/inspva,39.663,-75.756,-1.801081426,0.000737332,-0.002304894,-0.000732370,-0.000085397,-0.002304894,,0,
1786043720908708266,1786043720.906333282,/novatel/oem7/odom,/novatel/oem7/fix,/novatel/oem7/odom,39.663,-75.756,-1.801081426,0.000729657,-0.002307335,-0.000112282,-0.000720966,-0.002307335,,,
1786043720910179901,1786043720.909508714,/novatel/oem7/bestpos,/novatel/oem7/bestpos,/novatel/oem7/odom,39.663,-75.756,33.181150947,0.000729657,-0.002307335,-0.000112282,-0.000720966,-0.002307335,,novatel_oem7_msgs.msg.SolutionStatus(status=0),novatel_oem7_msgs.msg.PositionOrVelocityType(type=53)
1786043720911603785,1786043720.910164217,/novatel/oem7/bestvel,/novatel/oem7/bestpos,/novatel/oem7/bestvel,39.663,-75.756,33.181150947,0.001351570,-0.001743651,,,,232.277234492,novatel_oem7_msgs.msg.SolutionStatus(status=0),novatel_oem7_msgs.msg.PositionOrVelocityType(type=53)
1786043720915113893,1786043720.914408145,/novatel/oem7/odom,/novatel/oem7/bestpos,/novatel/oem7/odom,39.663,-75.756,33.181150947,0.000729657,-0.002307335,-0.000112282,-0.000720966,-0.002307335,,,
1786043720927137130,1786043720.926544890,/novatel/oem7/inspva,/novatel/oem7/inspva,/novatel/oem7/inspva,39.663,-75.756,-1.801085987,0.002389876,-0.001214546,-0.002110718,0.001120882,-0.001214546,,novatel_oem7_msgs.msg.InertialSolutionStatus(status=3),
1786043720928634168,1786043720.926737116,/novatel/oem7/fix,/novatel/oem7/fix,/novatel/oem7/inspva,39.663,-75.756,-1.801085987,0.002389876,-0.001214546,-0.002110718,0.001120882,-0.001214546,,0,
1786043720929731482,1786043720.927127207,/novatel/oem7/odom,/novatel/oem7/fix,/novatel/oem7/odom,39.663,-75.756,-1.801085987,0.002388970,-0.001216327,0.001019734,-0.002160398,-0.001216327,,,
1786043720935416662,1786043720.934719011,/novatel/oem7/odom,/novatel/oem7/fix,/novatel/oem7/odom,39.663,-75.756,-1.801085987,0.002388970,-0.001216327,0.001019734,-0.002160398,-0.001216327,,,
1786043720945658910,1786043720.944985240,/novatel/oem7/inspva,/novatel/oem7/inspva,/novatel/oem7/inspva,39.663,-75.756,-1.801090357,0.001646301,-0.000536111,-0.001545067,0.000568397,-0.000536111,,novatel_oem7_msgs.msg.InertialSolutionStatus(status=3),
1786043720947044291,1786043720.945218403,/novatel/oem7/fix,/novatel/oem7/fix,/novatel/oem7/inspva,39.663,-75.756,-1.801090357,0.001646301,-0.000536111,-0.001545067,0.000568397,-0.000536111,,0,
1786043720948096351,1786043720.945601353,/novatel/oem7/odom,/novatel/oem7/fix,/novatel/oem7/odom,39.663,-75.756,-1.801090357,0.001645554,-0.000538401,0.000493234,-0.001569894,-0.000538401,,,
1786043720956600049,1786043720.955878752,/novatel/oem7/odom,/novatel/oem7/fix,/novatel/oem7/odom,39.663,-75.756,-1.801090357,0.001645554,-0.000538401,0.000493234,-0.001569894,-0.000538401,,,
1786043720966071163,1786043720.965408974,/novatel/oem7/inspva,/novatel/oem7/inspva,/novatel/oem7/inspva,39.663,-75.756,-1.801114084,0.000974218,-0.001579833,-0.000039921,-0.000973399,-0.001579833,,novatel_oem7_msgs.msg.InertialSolutionStatus(status=3),
1786043720967558908,1786043720.965633873,/novatel/oem7/fix,/novatel/oem7/fix,/novatel/oem7/inspva,39.663,-75.756,-1.801114084,0.000974218,-0.001579833,-0.000039921,-0.000973399,-0.001579833,,0,
1786043720968655909,1786043720.966045239,/novatel/oem7/odom,/novatel/oem7/fix,/novatel/oem7/odom,39.663,-75.756,-1.801114084,0.000967871,-0.001583729,-0.000967787,0.000012721,-0.001583729,,,
1786043720975728159,1786043720.974978562,/novatel/oem7/odom,/novatel/oem7/fix,/novatel/oem7/odom,39.663,-75.756,-1.801114084,0.000967871,-0.001583729,-0.000967787,0.000012721,-0.001583729,,,
1786043720986572091,1786043720.985996525,/novatel/oem7/inspva,/novatel/oem7/inspva,/novatel/oem7/inspva,39.663,-75.756,-1.801121187,0.000809273,-0.002390529,-0.000713536,-0.000381824,-0.002390529,,novatel_oem7_msgs.msg.InertialSolutionStatus(status=3),
1786043720988027202,1786043720.986186577,/novatel/oem7/fix,/novatel/oem7/fix,/novatel/oem7/inspva,39.663,-75.756,-1.801121187,0.000809273,-0.002390529,-0.000713536,-0.000381824,-0.002390529,,0,
1786043720989118713,1786043720.986575694,/novatel/oem7/odom,/novatel/oem7/fix,/novatel/oem7/odom,39.663,-75.756,-1.801121187,0.000798751,-0.002394065,-0.000407036,-0.000687259,-0.002394065,,,
1786043720995077052,1786043720.994357779,/novatel/oem7/odom,/novatel/oem7/fix,/novatel/oem7/odom,39.663,-75.756,-1.801121187,0.000798751,-0.002394065,-0.000407036,-0.000687259,-0.002394065,,,
1786043721010833483,1786043721.010258557,/novatel/oem7/inspva,/novatel/oem7/inspva,/novatel/oem7/inspva,39.663,-75.756,-1.801127529,0.002418777,-0.001407479,-0.002410493,0.000200019,-0.001407479,,novatel_oem7_msgs.msg.InertialSolutionStatus(status=3),
1786043721012340838,1786043721.010459379,/novatel/oem7/fix,/novatel/oem7/fix,/novatel/oem7/inspva,39.663,-75.756,-1.801127529,0.002418777,-0.001407479,-0.002410493,0.000200019,-0.001407479,,0,
1786043721013472349,1786043721.011699138,/novatel/oem7/odom,/novatel/oem7/fix,/novatel/oem7/odom,39.663,-75.756,-1.801127529,0.002415160,-0.001413676,0.000085893,-0.002413633,-0.001413676,,,
1786043721016577876,1786043721.015811505,/novatel/oem7/odom,/novatel/oem7/fix,/novatel/oem7/odom,39.663,-75.756,-1.801127529,0.002415160,-0.001413676,0.000085893,-0.002413633,-0.001413676,,,
1786043721025676367,1786043721.025008750,/novatel/oem7/bestpos,/novatel/oem7/bestpos,/novatel/oem7/odom,39.663,-75.756,33.181101381,0.002415160,-0.001413676,0.000085893,-0.002413633,-0.001413676,,novatel_oem7_msgs.msg.SolutionStatus(status=0),novatel_oem7_msgs.msg.PositionOrVelocityType(type=53)
1786043721027535879,1786043721.026761997,/novatel/oem7/bestvel,/novatel/oem7/bestpos,/novatel/oem7/bestvel,39.663,-75.756,33.181101381,0.002484547,-0.001270878,,,,179.581174634,novatel_oem7_msgs.msg.SolutionStatus(status=0),novatel_oem7_msgs.msg.PositionOrVelocityType(type=53)
1786043721029036867,1786043721.027249979,/novatel/oem7/inspva,/novatel/oem7/inspva,/novatel/oem7/inspva,39.663,-75.756,-1.801134521,0.002534415,-0.000753718,-0.002247658,0.001171022,-0.000753718,,novatel_oem7_msgs.msg.InertialSolutionStatus(status=3),
1786043721029887222,1786043721.027481845,/novatel/oem7/fix,/novatel/oem7/fix,/novatel/oem7/inspva,39.663,-75.756,-1.801134521,0.002534415,-0.000753718,-0.002247658,0.001171022,-0.000753718,,0,
1786043721031365873,1786043721.027704463,/novatel/oem7/odom,/novatel/oem7/fix,/novatel/oem7/odom,39.663,-75.756,-1.801134521,0.002533828,-0.000755691,0.001061084,-0.002300953,-0.000755691,,,
1786043721035320040,1786043721.034633206,/novatel/oem7/odom,/novatel/oem7/fix,/novatel/oem7/odom,39.663,-75.756,-1.801134521,0.002533828,-0.000755691,0.001061084,-0.002300953,-0.000755691,,,
1786043721047255592,1786043721.046699703,/novatel/oem7/inspva,/novatel/oem7/inspva,/novatel/oem7/inspva,39.663,-75.756,-1.801120790,0.000853716,-0.000636966,-0.000484401,-0.000702985,-0.000636966,,novatel_oem7_msgs.msg.InertialSolutionStatus(status=3),
1786043721048693606,1786043721.046914408,/novatel/oem7/fix,/novatel/oem7/fix,/novatel/oem7/inspva,39.663,-75.756,-1.801120790,0.000853716,-0.000636966,-0.000484401,-0.000702985,-0.000636966,,0,
1786043721049783661,1786043721.047265710,/novatel/oem7/odom,/novatel/oem7/fix,/novatel/oem7/odom,39.663,-75.756,-1.801120790,0.000850588,-0.000641138,-0.000723554,-0.000447179,-0.000641138,,,
1786043721056968228,1786043721.056244971,/novatel/oem7/odom,/novatel/oem7/fix,/novatel/oem7/odom,39.663,-75.756,-1.801120790,0.000850588,-0.000641138,-0.000723554,-0.000447179,-0.000641138,,,
1786043721066827716,1786043721.066196337,/novatel/oem7/inspva,/novatel/oem7/inspva,/novatel/oem7/inspva,39.663,-75.756,-1.801107000,0.001186606,-0.001608731,-0.000593543,-0.001027492,-0.001608731,,novatel_oem7_msgs.msg.InertialSolutionStatus(status=3),
1786043721068254391,1786043721.066362346,/novatel/oem7/fix,/novatel/oem7/fix,/novatel/oem7/inspva,39.663,-75.756,-1.801107000,0.001186606,-0.001608731,-0.000593543,-0.001027492,-0.001608731,,0,
1786043721069312675,1786043721.066765670,/novatel/oem7/odom,/novatel/oem7/fix,/novatel/oem7/odom,39.663,-75.756,-1.801107000,0.001178799,-0.001614460,-0.001049142,-0.000537466,-0.001614460,,,
1786043721076351231,1786043721.075671434,/novatel/oem7/odom,/novatel/oem7/fix,/novatel/oem7/odom,39.663,-75.756,-1.801107000,0.001178799,-0.001614460,-0.001049142,-0.000537466,-0.001614460,,,
1786043721085962894,1786043721.085437619,/novatel/oem7/inspva,/novatel/oem7/inspva,/novatel/oem7/inspva,39.663,-75.756,-1.801091282,0.002355568,-0.001630211,-0.002309908,0.000461547,-0.001630211,,novatel_oem7_msgs.msg.InertialSolutionStatus(status=3),
1786043721087326950,1786043721.085521254,/novatel/oem7/fix,/novatel/oem7/fix,/novatel/oem7/inspva,39.663,-75.756,-1.801091282,0.002355568,-0.001630211,-0.002309908,0.000461547,-0.001630211,,0,
1786043721088405158,1786043721.086292364,/novatel/oem7/odom,/novatel/oem7/fix,/novatel/oem7/odom,39.663,-75.756,-1.801091282,0.002352191,-0.001635078,0.000352947,-0.002325561,-0.001635078,,,
1786043721095874976,1786043721.095199919,/novatel/oem7/odom,/novatel/oem7/fix,/novatel/oem7/odom,39.663,-75.756,-1.801091282,0.002352191,-0.001635078,0.000352947,-0.002325561,-0.001635078,,,
1786043721106405137,1786043721.105904634,/novatel/oem7/inspva,/novatel/oem7/inspva,/novatel/oem7/inspva,39.663,-75.756,-1.801075953,0.002542934,-0.001030503,-0.002424688,0.000766421,-0.001030503,,novatel_oem7_msgs.msg.InertialSolutionStatus(status=3),
1786043721107774788,1786043721.105982425,/novatel/oem7/fix,/novatel/oem7/fix,/novatel/oem7/inspva,39.663,-75.756,-1.801075953,0.002542934,-0.001030503,-0.002424688,0.000766421,-0.001030503,,0,
1786043721108825675,1786043721.106429049,/novatel/oem7/odom,/novatel/oem7/fix,/novatel/oem7/odom,39.663,-75.756,-1.801075953,0.002541290,-0.001034550,0.000649337,-0.002456933,-0.001034550,,,
1786043721110313296,1786043721.109204707,/novatel/oem7/bestpos,/novatel/oem7/bestpos,/novatel/oem7/odom,39.663,-75.756,33.181159712,0.002541290,-0.001034550,0.000649337,-0.002456933,-0.001034550,,novatel_oem7_msgs.msg.SolutionStatus(status=0),novatel_oem7_msgs.msg.PositionOrVelocityType(type=53)
1786043721111736394,1786043721.109858449,/novatel/oem7/bestvel,/novatel/oem7/bestpos,/novatel/oem7/bestvel,39.663,-75.756,33.181159712,0.001802794,-0.001324592,,,,162.519294830,novatel_oem7_msgs.msg.SolutionStatus(status=0),novatel_oem7_msgs.msg.PositionOrVelocityType(type=53)
1786043721115285849,1786043721.114649799,/novatel/oem7/odom,/novatel/oem7/bestpos,/novatel/oem7/odom,39.663,-75.756,33.181159712,0.002541290,-0.001034550,0.000649337,-0.002456933,-0.001034550,,,
1786043721125896371,1786043721.125296489,/novatel/oem7/inspva,/novatel/oem7/inspva,/novatel/oem7/inspva,39.663,-75.756,-1.801061708,0.000551870,-0.000133526,-0.000550056,0.000044706,-0.000133526,,novatel_oem7_msgs.msg.InertialSolutionStatus(status=3),
1786043721127479957,1786043721.125405792,/novatel/oem7/fix,/novatel/oem7/fix,/novatel/oem7/inspva,39.663,-75.756,-1.801061708,0.000551870,-0.000133526,-0.000550056,0.000044706,-0.000133526,,0,
1786043721128667809,1786043721.126043156,/novatel/oem7/odom,/novatel/oem7/fix,/novatel/oem7/odom,39.663,-75.756,-1.801061708,0.000551524,-0.000134948,0.000017896,-0.000551234,-0.000134948,,,
1786043721136613005,1786043721.135880388,/novatel/oem7/odom,/novatel/oem7/fix,/novatel/oem7/odom,39.663,-75.756,-1.801061708,0.000551524,-0.000134948,0.000017896,-0.000551234,-0.000134948,,,
1786043721145739522,1786043721.145123333,/novatel/oem7/inspva,/novatel/oem7/inspva,/novatel/oem7/inspva,39.663,-75.756,-1.801047737,0.001138311,-0.000971499,-0.000729427,-0.000873892,-0.000971499,,novatel_oem7_msgs.msg.InertialSolutionStatus(status=3),
1786043721147278534,1786043721.145313585,/novatel/oem7/fix,/novatel/oem7/fix,/novatel/oem7/inspva,39.663,-75.756,-1.801047737,0.001138311,-0.000971499,-0.000729427,-0.000873892,-0.000971499,,0,
1786043721148378912,1786043721.145765789,/novatel/oem7/odom,/novatel/oem7/fix,/novatel/oem7/odom,39.663,-75.756,-1.801047737,0.001133551,-0.000977049,-0.000905039,-0.000682526,-0.000977049,,,
1786043721156502633,1786043721.155749962,/novatel/oem7/odom,/novatel/oem7/fix,/novatel/oem7/odom,39.663,-75.756,-1.801047737,0.001133551,-0.000977049,-0.000905039,-0.000682526,-0.000977049,,,
1786043721167120065,1786043721.166521489,/novatel/oem7/inspva,/novatel/oem7/inspva,/novatel/oem7/inspva,39.663,-75.756,-1.801042498,0.002334719,-0.002499105,-0.002018285,-0.001173642,-0.002499105,,novatel_oem7_msgs.msg.InertialSolutionStatus(status=3),
1786043721168604907,1786043721.166703251,/novatel/oem7/fix,/novatel/oem7/fix,/novatel/oem7/inspva,39.663,-75.756,-1.801042498,0.002334719,-0.002499105,-0.002018285,-0.001173642,-0.002499105,,0,
1786043721169682947,1786043721.167173709,/novatel/oem7/odom,/novatel/oem7/fix,/novatel/oem7/odom,39.663,-75.756,-1.801042498,0.002323572,-0.002509471,-0.001262233,-0.001950835,-0.002509471,,,
1786043721175874812,1786043721.175168289,/novatel/oem7/odom,/novatel/oem7/fix,/novatel/oem7/odom,39.663,-75.756,-1.801042498,0.002323572,-0.002509471,-0.001262233,-0.001950835,-0.002509471,,,
1786043721185854968,1786043721.185168658,/novatel/oem7/inspva,/novatel/oem7/inspva,/novatel/oem7/inspva,39.663,-75.756,-1.801020213,0.002326329,-0.001408296,-0.002289799,0.000410644,-0.001408296,,novatel_oem7_msgs.msg.InertialSolutionStatus(status=3),
1786043721187201875,1786043721.185337710,/novatel/oem7/fix,/novatel/oem7/fix,/novatel/oem7/inspva,39.663,-75.756,-1.801020213,0.002326329,-0.001408296,-0.002289799,0.000410644,-0.001408296,,0,
1786043721188258179,1786043721.185656476,/novatel/oem7/odom,/novatel/oem7/fix,/novatel/oem7/odom,39.663,-75.756,-1.801020213,0.002323256,-0.001413360,0.000302211,-0.002303517,-0.001413360,,,
1786043721197322730,1786043721.196630381,/novatel/oem7/odom,/novatel/oem7/fix,/novatel/oem7/odom,39.663,-75.756,-1.801020213,0.002323256,-0.001413360,0.000302211,-0.002303517,-0.001413360,,,
1786043721207088683,1786043721.206490723,/novatel/oem7/inspva,/novatel/oem7/inspva,/novatel/oem7/inspva,39.663,-75.756,-1.801003290,0.001033106,0.000170517,-0.000945900,-0.000415431,0.000170517,,novatel_oem7_msgs.msg.InertialSolutionStatus(status=3),
1786043721208533231,1786043721.206571888,/novatel/oem7/fix,/novatel/oem7/fix,/novatel/oem7/inspva,39.663,-75.756,-1.801003290,0.001033106,0.000170517,-0.000945900,-0.000415431,0.000170517,,0,
1786043721209588892,1786043721.207144237,/novatel/oem7/odom,/novatel/oem7/fix,/novatel/oem7/odom,39.663,-75.756,-1.801003290,0.001033823,0.000166116,-0.000462567,-0.000924566,0.000166116,,,
1786043721211046652,1786043721.210313519,/novatel/oem7/bestpos,/novatel/oem7/bestpos,/novatel/oem7/odom,39.663,-75.756,33.181214618,0.001033823,0.000166116,-0.000462567,-0.000924566,0.000166116,,novatel_oem7_msgs.msg.SolutionStatus(status=0),novatel_oem7_msgs.msg.PositionOrVelocityType(type=53)
1786043721212452023,1786043721.210779790,/novatel/oem7/bestvel,/novatel/oem7/bestpos,/novatel/oem7/bestvel,39.663,-75.756,33.181214618,0.001329381,-0.000906269,,,,113.856728612,novatel_oem7_msgs.msg.SolutionStatus(status=0),novatel_oem7_msgs.msg.PositionOrVelocityType(type=53)
1786043721215601901,1786043721.214871020,/novatel/oem7/odom,/novatel/oem7/bestpos,/novatel/oem7/odom,39.663,-75.756,33.181214618,0.001033823,0.000166116,-0.000462567,-0.000924566,0.000166116,,,
1786043721226679865,1786043721.226034929,/novatel/oem7/inspva,/novatel/oem7/inspva,/novatel/oem7/inspva,39.663,-75.756,-1.800996363,0.001034180,-0.001052780,-0.000497850,-0.000906463,-0.001052780,,novatel_oem7_msgs.msg.InertialSolutionStatus(status=3),
1786043721228470843,1786043721.226124042,/novatel/oem7/fix,/novatel/oem7/fix,/novatel/oem7/inspva,39.663,-75.756,-1.800996363,0.001034180,-0.001052780,-0.000497850,-0.000906463,-0.001052780,,0,
1786043721229607617,1786043721.226662442,/novatel/oem7/odom,/novatel/oem7/fix,/novatel/oem7/odom,39.663,-75.756,-1.800996363,0.001029072,-0.001057775,-0.000925765,-0.000449386,-0.001057775,,,
1786043721235146542,1786043721.234435495,/novatel/oem7/odom,/novatel/oem7/fix,/novatel/oem7/odom,39.663,-75.756,-1.800996363,0.001029072,-0.001057775,-0.000925765,-0.000449386,-0.001057775,,,
1786043721245885363,1786043721.245210885,/novatel/oem7/inspva,/novatel/oem7/inspva,/novatel/oem7/inspva,39.663,-75.756,-1.800999113,0.001649450,-0.002515057,-0.001250992,-0.001075038,-0.002515057,,novatel_oem7_msgs.msg.InertialSolutionStatus(status=3),
1786043721247186309,1786043721.245294055,/novatel/oem7/fix,/novatel/oem7/fix,/novatel/oem7/inspva,39.663,-75.756,-1.800999113,0.001649450,-0.002515057,-0.001250992,-0.001075038,-0.002515057,,0,
1786043721248219146,1786043721.245727098,/novatel/oem7/odom,/novatel/oem7/fix,/novatel/oem7/odom,39.663,-75.756,-1.800999113,0.001637492,-0.002522860,-0.001125600,-0.001189287,-0.002522860,,,
1786043721257136538,1786043721.256433764,/novatel/oem7/odom,/novatel/oem7/fix,/novatel/oem7/odom,39.663,-75.756,-1.800999113,0.001637492,-0.002522860,-0.001125600,-0.001189287,-0.002522860,,,
1786043721265671253,1786043721.265007977,/novatel/oem7/inspva,/novatel/oem7/inspva,/novatel/oem7/inspva,39.663,-75.756,-1.800981200,0.001910351,-0.002484744,-0.001838760,-0.000518076,-0.002484744,,novatel_oem7_msgs.msg.InertialSolutionStatus(status=3),
1786043721267001123,1786043721.265099849,/novatel/oem7/fix,/novatel/oem7/fix,/novatel/oem7/inspva,39.663,-75.756,-1.800981200,0.001910351,-0.002484744,-0.001838760,-0.000518076,-0.002484744,,0,
1786043721268037344,1786043721.265569055,/novatel/oem7/odom,/novatel/oem7/fix,/novatel/oem7/odom,39.663,-75.756,-1.800981200,0.001900734,-0.002492108,-0.000598626,-0.001804006,-0.002492108,,,
1786043721275058690,1786043721.274345753,/novatel/oem7/odom,/novatel/oem7/fix,/novatel/oem7/odom,39.663,-75.756,-1.800981200,0.001900734,-0.002492108,-0.000598626,-0.001804006,-0.002492108,,,
1786043721287100640,1786043721.286455638,/novatel/oem7/inspva,/novatel/oem7/inspva,/novatel/oem7/inspva,39.663,-75.756,-1.800955907,0.001187343,0.000430938,-0.001068187,-0.000518420,0.000430938,,novatel_oem7_msgs.msg.InertialSolutionStatus(status=3),
1786043721288399893,1786043721.286534783,/novatel/oem7/fix,/novatel/oem7/fix,/novatel/oem7/inspva,39.663,-75.756,-1.800955907,0.001187343,0.000430938,-0.001068187,-0.000518420,0.000430938,,0,
1786043721289414596,1786043721.286960312,/novatel/oem7/odom,/novatel/oem7/fix,/novatel/oem7/odom,39.663,-75.756,-1.800955907,0.001189201,0.000425782,-0.000572538,-0.001042305,0.000425782,,,
1786043721295539634,1786043721.294817870,/novatel/oem7/odom,/novatel/oem7/fix,/novatel/oem7/odom,39.663,-75.756,-1.800955907,0.001189201,0.000425782,-0.000572538,-0.001042305,0.000425782,,,
1786043721306364228,1786043721.305723329,/novatel/oem7/inspva,/novatel/oem7/inspva,/novatel/oem7/inspva,39.663,-75.756,-1.800943933,0.000816823,0.000430638,-0.000435693,-0.000690921,0.000430638,,novatel_oem7_msgs.msg.InertialSolutionStatus(status=3),
1786043721307717195,1786043721.305889437,/novatel/oem7/fix,/novatel/oem7/fix,/novatel/oem7/inspva,39.663,-75.756,-1.800943933,0.000816823,0.000430638,-0.000435693,-0.000690921,0.000430638,,0,
1786043721308749542,1786043721.306345475,/novatel/oem7/odom,/novatel/oem7/fix,/novatel/oem7/odom,39.663,-75.756,-1.800943933,0.000818907,0.000426661,-0.000713435,-0.000402018,0.000426661,,,
1786043721310202726,1786043721.309028970,/novatel/oem7/bestpos,/novatel/oem7/bestpos,/novatel/oem7/odom,39.663,-75.756,33.181296235,0.000818907,0.000426661,-0.000713435,-0.000402018,0.000426661,,novatel_oem7_msgs.msg.SolutionStatus(status=0),novatel_oem7_msgs.msg.PositionOrVelocityType(type=53)
1786043721311151623,1786043721.309531930,/novatel/oem7/bestvel,/novatel/oem7/bestpos,/novatel/oem7/bestvel,39.663,-75.756,33.181296235,0.000262970,0.000022291,,,,232.450397754,novatel_oem7_msgs.msg.SolutionStatus(status=0),novatel_oem7_msgs.msg.PositionOrVelocityType(type=53)
1786043721316144429,1786043721.315448706,/novatel/oem7/odom,/novatel/oem7/bestpos,/novatel/oem7/odom,39.663,-75.756,33.181296235,0.000818907,0.000426661,-0.000713435,-0.000402018,0.000426661,,,
1786043721326575430,1786043721.325916936,/novatel/oem7/inspva,/novatel/oem7/inspva,/novatel/oem7/inspva,39.663,-75.756,-1.800948293,0.000933231,-0.002277657,-0.000381573,-0.000851658,-0.002277657,,novatel_oem7_msgs.msg.InertialSolutionStatus(status=3),
1786043721327954800,1786043721.326095125,/novatel/oem7/fix,/novatel/oem7/fix,/novatel/oem7/inspva,39.663,-75.756,-1.800948293,0.000933231,-0.002277657,-0.000381573,-0.000851658,-0.002277657,,0,
1786043721328975927,1786043721.326662147,/novatel/oem7/odom,/novatel/oem7/fix,/novatel/oem7/odom,39.663,-75.756,-1.800948293,0.000922400,-0.002282064,-0.000860313,-0.000332690,-0.002282064,,,
1786043721335673207,1786043721.334952570,/novatel/oem7/odom,/novatel/oem7/fix,/novatel/oem7/odom,39.663,-75.756,-1.800948293,0.000922400,-0.002282064,-0.000860313,-0.000332690,-0.002282064,,,
1786043721346796404,1786043721.346204492,/novatel/oem7/inspva,/novatel/oem7/inspva,/novatel/oem7/inspva,39.663,-75.756,-1.800933555,0.001342668,-0.002629219,-0.000739678,-0.001120551,-0.002629219,,novatel_oem7_msgs.msg.InertialSolutionStatus(status=3),
1786043721348178708,1786043721.346281563,/novatel/oem7/fix,/novatel/oem7/fix,/novatel/oem7/inspva,39.663,-75.756,-1.800933555,0.001342668,-0.002629219,-0.000739678,-0.001120551,-0.002629219,,0,
1786043721349203158,1786043721.347089337,/novatel/oem7/odom,/novatel/oem7/fix,/novatel/oem7/odom,39.663,-75.756,-1.800933555,0.001329907,-0.002635696,-0.001145256,-0.000676049,-0.002635696,,,
1786043721356622492,1786043721.355627566,/novatel/oem7/odom,/novatel/oem7/fix,/novatel/oem7/odom,39.663,-75.756,-1.800933555,0.001329907,-0.002635696,-0.001145256,-0.000676049,-0.002635696,,,
1786043721365872824,1786043721.365351766,/novatel/oem7/inspva,/novatel/oem7/inspva,/novatel/oem7/inspva,39.663,-75.756,-1.800904758,0.001639018,0.000326455,-0.001464839,0.000735272,0.000326455,,novatel_oem7_msgs.msg.InertialSolutionStatus(status=3),
1786043721367167544,1786043721.365531384,/novatel/oem7/fix,/novatel/oem7/fix,/novatel/oem7/inspva,39.663,-75.756,-1.800904758,0.001639018,0.000326455,-0.001464839,0.000735272,0.000326455,,0,
1786043721368228884,1786043721.366251891,/novatel/oem7/odom,/novatel/oem7/fix,/novatel/oem7/odom,39.663,-75.756,-1.800904758,0.001639300,0.000325036,0.000660335,-0.001500420,0.000325036,,,
1786043721376373365,1786043721.375736376,/novatel/oem7/odom,/novatel/oem7/fix,/novatel/oem7/odom,39.663,-75.756,-1.800904758,0.001639300,0.000325036,0.000660335,-0.001500420,0.000325036,,,
1786043721385784526,1786043721.385279904,/novatel/oem7/inspva,/novatel/oem7/inspva,/novatel/oem7/inspva,39.663,-75.756,-1.800889193,0.001035067,0.001073046,-0.000828231,-0.000620804,0.001073046,,novatel_oem7_msgs.msg.InertialSolutionStatus(status=3),
1786043721387059895,1786043721.385453853,/novatel/oem7/fix,/novatel/oem7/fix,/novatel/oem7/inspva,39.663,-75.756,-1.800889193,0.001035067,0.001073046,-0.000828231,-0.000620804,0.001073046,,0,
1786043721388085435,1786043721.385908353,/novatel/oem7/odom,/novatel/oem7/fix,/novatel/oem7/odom,39.663,-75.756,-1.800889193,0.001040075,0.001068192,-0.000665514,-0.000799279,0.001068192,,,
1786043721395117889,1786043721.394464165,/novatel/oem7/odom,/novatel/oem7/fix,/novatel/oem7/odom,39.663,-75.756,-1.800889193,0.001040075,0.001068192,-0.000665514,-0.000799279,0.001068192,,,
1786043721407007864,1786043721.406523922,/novatel/oem7/inspva,/novatel/oem7/inspva,/novatel/oem7/inspva,39.663,-75.756,-1.800905060,0.001803130,-0.002695040,0.000588240,-0.001704480,-0.002695040,,novatel_oem7_msgs.msg.InertialSolutionStatus(status=3),
1786043721408309013,1786043721.406666554,/novatel/oem7/fix,/novatel/oem7/fix,/novatel/oem7/inspva,39.663,-75.756,-1.800905060,0.001803130,-0.002695040,0.000588240,-0.001704480,-0.002695040,,0,
1786043721409326430,1786043721.407146802,/novatel/oem7/odom,/novatel/oem7/fix,/novatel/oem7/odom,39.663,-75.756,-1.800905060,0.001795689,-0.002700003,-0.001662225,0.000679342,-0.002700003,,,
1786043721411117271,1786043721.410392444,/novatel/oem7/bestpos,/novatel/oem7/bestpos,/novatel/oem7/odom,39.663,-75.756,33.181342333,0.001795689,-0.002700003,-0.001662225,0.000679342,-0.002700003,,novatel_oem7_msgs.msg.SolutionStatus(status=0),novatel_oem7_msgs.msg.PositionOrVelocityType(type=53)
1786043721412485665,1786043721.410822708,/novatel/oem7/bestvel,/novatel/oem7/bestpos,/novatel/oem7/bestvel,39.663,-75.756,33.181342333,0.001131913,-0.002506763,,,,256.088982596,novatel_oem7_msgs.msg.SolutionStatus(status=0),novatel_oem7_msgs.msg.PositionOrVelocityType(type=53)
1786043721415543962,1786043721.414892402,/novatel/oem7/odom,/novatel/oem7/bestpos,/novatel/oem7/odom,39.663,-75.756,33.181342333,0.001795689,-0.002700003,-0.001662225,0.000679342,-0.002700003,,,
1786043721425469531,1786043721.424928359,/novatel/oem7/inspva,/novatel/oem7/inspva,/novatel/oem7/inspva,39.663,-75.756,-1.800891070,0.001584701,-0.002527925,-0.000174668,-0.001575046,-0.002527925,,novatel_oem7_msgs.msg.InertialSolutionStatus(status=3),
1786043721426795487,1786043721.425112794,/novatel/oem7/fix,/novatel/oem7/fix,/novatel/oem7/inspva,39.663,-75.756,-1.800891070,0.001584701,-0.002527925,-0.000174668,-0.001575046,-0.002527925,,0,
1786043721427841885,1786043721.425408123,/novatel/oem7/odom,/novatel/oem7/fix,/novatel/oem7/odom,39.663,-75.756,-1.800891070,0.001574085,-0.002534549,-0.001571538,-0.000089497,-0.002534549,,,
1786043721436028899,1786043721.435352446,/novatel/oem7/odom,/novatel/oem7/fix,/novatel/oem7/odom,39.663,-75.756,-1.800891070,0.001574085,-0.002534549,-0.001571538,-0.000089497,-0.002534549,,,
1786043721445928388,1786043721.445414153,/novatel/oem7/inspva,/novatel/oem7/inspva,/novatel/oem7/inspva,39.663,-75.756,-1.800862762,0.002084500,0.000282159,-0.001523640,0.001422554,0.000282159,,novatel_oem7_msgs.msg.InertialSolutionStatus(status=3),
1786043721447226938,1786043721.445595961,/novatel/oem7/fix,/novatel/oem7/fix,/novatel/oem7/inspva,39.663,-75.756,-1.800862762,0.002084500,0.000282159,-0.001523640,0.001422554,0.000282159,,0,
1786043721448282558,1786043721.446104571,/novatel/oem7/odom,/novatel/oem7/fix,/novatel/oem7/odom,39.663,-75.756,-1.800862762,0.002084353,0.000283238,0.001344021,-0.001593153,0.000283238,,,
1786043721457066952,1786043721.456402765,/novatel/oem7/odom,/novatel/oem7/fix,/novatel/oem7/odom,39.663,-75.756,-1.800862762,0.002084353,0.000283238,0.001344021,-0.001593153,0.000283238,,,
1786043721466679394,1786043721.466130252,/novatel/oem7/inspva,/novatel/oem7/inspva,/novatel/oem7/inspva,39.663,-75.756,-1.800847917,0.001940207,0.000846973,-0.001785773,-0.000758565,0.000846973,,novatel_oem7_msgs.msg.InertialSolutionStatus(status=3),
1786043721467973140,1786043721.466303314,/novatel/oem7/fix,/novatel/oem7/fix,/novatel/oem7/inspva,39.663,-75.756,-1.800847917,0.001940207,0.000846973,-0.001785773,-0.000758565,0.000846973,,0,
1786043721468992627,1786043721.466790982,/novatel/oem7/odom,/novatel/oem7/fix,/novatel/oem7/odom,39.663,-75.756,-1.800847917,0.001943749,0.000838813,-0.000849736,-0.001748173,0.000838813,,,
1786043721475374414,1786043721.474740935,/novatel/oem7/odom,/novatel/oem7/fix,/novatel/oem7/odom,39.663,-75.756,-1.800847917,0.001943749,0.000838813,-0.000849736,-0.001748173,0.000838813,,,
1786043721485677137,1786043721.485161562,/novatel/oem7/inspva,/novatel/oem7/inspva,/novatel/oem7/inspva,39.663,-75.756,-1.800859402,0.002389315,-0.001744224,0.000708042,-0.002281995,-0.001744224,,novatel_oem7_msgs.msg.InertialSolutionStatus(status=3),
1786043721486978143,1786043721.485331467,/novatel/oem7/fix,/novatel/oem7/fix,/novatel/oem7/inspva,39.663,-75.756,-1.800859402,0.002389315,-0.001744224,0.000708042,-0.002281995,-0.001744224,,0,
1786043721488239879,1786043721.485818405,/novatel/oem7/odom,/novatel/oem7/fix,/novatel/oem7/odom,39.663,-75.756,-1.800859402,0.002384286,-0.001751091,-0.002236964,0.000825112,-0.001751091,,,
1786043721496178838,1786043721.495537462,/novatel/oem7/odom,/novatel/oem7/fix,/novatel/oem7/odom,39.663,-75.756,-1.800859402,0.002384286,-0.001751091,-0.002236964,0.000825112,-0.001751091,,,
1786043721506458704,1786043721.505924325,/novatel/oem7/inspva,/novatel/oem7/inspva,/novatel/oem7/inspva,39.663,-75.756,-1.800843826,0.001686611,-0.001791196,-0.000608912,-0.001572859,-0.001791196,,novatel_oem7_msgs.msg.InertialSolutionStatus(status=3),
1786043721507791194,1786043721.506099434,/novatel/oem7/fix,/novatel/oem7/fix,/novatel/oem7/inspva,39.663,-75.756,-1.800843826,0.001686611,-0.001791196,-0.000608912,-0.001572859,-0.001791196,,0,
1786043721508860521,1786043721.506543261,/novatel/oem7/odom,/novatel/oem7/fix,/novatel/oem7/odom,39.663,-75.756,-1.800843826,0.001678195,-0.001799085,-0.001593870,-0.000525276,-0.001799085,,,
1786043721512042939,1786043721.511452973,/novatel/oem7/bestpos,/novatel/oem7/bestpos,/novatel/oem7/odom,39.663,-75.756,33.181405522,0.001678195,-0.001799085,-0.001593870,-0.000525276,-0.001799085,,novatel_oem7_msgs.msg.SolutionStatus(status=0),novatel_oem7_msgs.msg.PositionOrVelocityType(type=53)
1786043721513486670,1786043721.512329686,/novatel/oem7/bestvel,/novatel/oem7/bestpos,/novatel/oem7/bestvel,39.663,-75.756,33.181405522,0.001235851,-0.001995673,,,,223.404517970,novatel_oem7_msgs.msg.SolutionStatus(status=0),novatel_oem7_msgs.msg.PositionOrVelocityType(type=53)
1786043721515392593,1786043721.514445499,/novatel/oem7/odom,/novatel/oem7/bestpos,/novatel/oem7/odom,39.663,-75.756,33.181405522,0.001678195,-0.001799085,-0.001593870,-0.000525276,-0.001799085,,,
1786043721526916447,1786043721.526365072,/novatel/oem7/inspva,/novatel/oem7/inspva,/novatel/oem7/inspva,39.663,-75.756,-1.800826714,0.001808800,-0.000710292,-0.001746032,-0.000472369,-0.000710292,,novatel_oem7_msgs.msg.InertialSolutionStatus(status=3),
1786043721528324221,1786043721.526567501,/novatel/oem7/fix,/novatel/oem7/fix,/novatel/oem7/inspva,39.663,-75.756,-1.800826714,0.001808800,-0.000710292,-0.001746032,-0.000472369,-0.000710292,,0,
1786043721529380306,1786043721.527003685,/novatel/oem7/odom,/novatel/oem7/fix,/novatel/oem7/odom,39.663,-75.756,-1.800826714,0.001806083,-0.000717174,-0.000555554,-0.001718515,-0.000717174,,,
1786043721535801746,1786043721.535114646,/novatel/oem7/odom,/novatel/oem7/fix,/novatel/oem7/odom,39.663,-75.756,-1.800826714,0.001806083,-0.000717174,-0.000555554,-0.001718515,-0.000717174,,,
1786043721545500182,1786043721.544927900,/novatel/oem7/inspva,/novatel/oem7/inspva,/novatel/oem7/inspva,39.663,-75.756,-1.800807619,0.001786420,0.000133577,-0.001745161,-0.000381718,0.000133577,,novatel_oem7_msgs.msg.InertialSolutionStatus(status=3),
1786043721546883410,1786043721.545103042,/novatel/oem7/fix,/novatel/oem7/fix,/novatel/oem7/inspva,39.663,-75.756,-1.800807619,0.001786420,0.000133577,-0.001745161,-0.000381718,0.000133577,,0,
1786043721548025647,1786043721.545570023,/novatel/oem7/odom,/novatel/oem7/fix,/novatel/oem7/odom,39.663,-75.756,-1.800807619,0.001786896,0.000127058,-0.000468395,-0.001724413,0.000127058,,,
1786043721556220656,1786043721.555592443,/novatel/oem7/odom,/novatel/oem7/fix,/novatel/oem7/odom,39.663,-75.756,-1.800807619,0.001786896,0.000127058,-0.000468395,-0.001724413,0.000127058,,,
1786043721565876125,1786043721.565289856,/novatel/oem7/inspva,/novatel/oem7/inspva,/novatel/oem7/inspva,39.663,-75.756,-1.800802902,0.001880264,-0.000217263,0.000351897,-0.001847041,-0.000217263,,novatel_oem7_msgs.msg.InertialSolutionStatus(status=3),
1786043721567245609,1786043721.565496245,/novatel/oem7/fix,/novatel/oem7/fix,/novatel/oem7/inspva,39.663,-75.756,-1.800802902,0.001880264,-0.000217263,0.000351897,-0.001847041,-0.000217263,,0,
1786043721568319610,1786043721.566112735,/novatel/oem7/odom,/novatel/oem7/fix,/novatel/oem7/odom,39.663,-75.756,-1.800802902,0.001879528,-0.000223536,-0.001826402,0.000443714,-0.000223536,,,
1786043721575409560,1786043721.574742773,/novatel/oem7/odom,/novatel/oem7/fix,/novatel/oem7/odom,39.663,-75.756,-1.800802902,0.001879528,-0.000223536,-0.001826402,0.000443714,-0.000223536,,,
1786043721586924922,1786043721.586259595,/novatel/oem7/inspva,/novatel/oem7/inspva,/novatel/oem7/inspva,39.663,-75.756,-1.800790598,0.001900031,-0.000463446,0.000063899,-0.001898956,-0.000463446,,novatel_oem7_msgs.msg.InertialSolutionStatus(status=3),
1786043721588260085,1786043721.586464370,/novatel/oem7/fix,/novatel/oem7/fix,/novatel/oem7/inspva,39.663,-75.756,-1.800790598,0.001900031,-0.000463446,0.000063899,-0.001898956,-0.000463446,,0,
1786043721589307148,1786043721.587081786,/novatel/oem7/odom,/novatel/oem7/fix,/novatel/oem7/odom,39.663,-75.756,-1.800790598,0.001898258,-0.000470656,-0.001891558,0.000159345,-0.000470656,,,
1786043721595510624,1786043721.594830957,/novatel/oem7/odom,/novatel/oem7/fix,/novatel/oem7/odom,39.663,-75.756,-1.800790598,0.001898258,-0.000470656,-0.001891558,0.000159345,-0.000470656,,,
1786043721606777889,1786043721.606223404,/novatel/oem7/inspva,/novatel/oem7/inspva,/novatel/oem7/inspva,39.663,-75.756,-1.800778537,0.001887165,-0.001219805,-0.001799252,-0.000569286,-0.001219805,,novatel_oem7_msgs.msg.InertialSolutionStatus(status=3),
1786043721608107886,1786043721.606383395,/novatel/oem7/fix,/novatel/oem7/fix,/novatel/oem7/inspva,39.663,-75.756,-1.800778537,0.001887165,-0.001219805,-0.001799252,-0.000569286,-0.001219805,,0,
1786043721609164236,1786043721.607052682,/novatel/oem7/odom,/novatel/oem7/fix,/novatel/oem7/odom,39.663,-75.756,-1.800778537,0.001882379,-0.001227179,-0.000652983,-0.001765493,-0.001227179,,,
1786043721611026719,1786043721.610360755,/novatel/oem7/bestpos,/novatel/oem7/bestpos,/novatel/oem7/odom,39.663,-75.756,33.181483149,0.001882379,-0.001227179,-0.000652983,-0.001765493,-0.001227179,,novatel_oem7_msgs.msg.SolutionStatus(status=0),novatel_oem7_msgs.msg.PositionOrVelocityType(type=53)
1786043721612440686,1786043721.610757999,/novatel/oem7/bestvel,/novatel/oem7/bestpos,/novatel/oem7/bestvel,39.663,-75.756,33.181483149,0.002580742,-0.000603267,,,,208.935142252,novatel_oem7_msgs.msg.SolutionStatus(status=0),novatel_oem7_msgs.msg.PositionOrVelocityType(type=53)
1786043721616308477,1786043721.615628954,/novatel/oem7/odom,/novatel/oem7/bestpos,/novatel/oem7/odom,39.663,-75.756,33.181483149,0.001882379,-0.001227179,-0.000652983,-0.001765493,-0.001227179,,,
1786043721626676534,1786043721.626128925,/novatel/oem7/inspva,/novatel/oem7/inspva,/novatel/oem7/inspva,39.663,-75.756,-1.800748739,0.002167887,-0.000072934,-0.001590217,-0.001473412,-0.000072934,,novatel_oem7_msgs.msg.InertialSolutionStatus(status=3),
1786043721627995381,1786043721.626286080,/novatel/oem7/fix,/novatel/oem7/fix,/novatel/oem7/inspva,39.663,-75.756,-1.800748739,0.002167887,-0.000072934,-0.001590217,-0.001473412,-0.000072934,,0,
1786043721629067758,1786043721.626775808,/novatel/oem7/odom,/novatel/oem7/fix,/novatel/oem7/odom,39.663,-75.756,-1.800748739,0.002167515,-0.000083260,-0.001550208,-0.001514918,-0.000083260,,,
1786043721635260053,1786043721.634539376,/novatel/oem7/odom,/novatel/oem7/fix,/novatel/oem7/odom,39.663,-75.756,-1.800748739,0.002167515,-0.000083260,-0.001550208,-0.001514918,-0.000083260,,,
1786043721647354993,1786043721.646753467,/novatel/oem7/inspva,/novatel/oem7/inspva,/novatel/oem7/inspva,39.663,-75.756,-1.800732905,0.000942525,0.000273367,-0.000789322,-0.000515096,0.000273367,,novatel_oem7_msgs.msg.InertialSolutionStatus(status=3),
1786043721648791945,1786043721.646923336,/novatel/oem7/fix,/novatel/oem7/fix,/novatel/oem7/inspva,39.663,-75.756,-1.800732905,0.000942525,0.000273367,-0.000789322,-0.000515096,0.000273367,,0,
1786043721649877509,1786043721.647402644,/novatel/oem7/odom,/novatel/oem7/fix,/novatel/oem7/odom,39.663,-75.756,-1.800732905,0.000943760,0.000269070,-0.000554734,-0.000763514,0.000269070,,,
1786043721656988866,1786043721.656307369,/novatel/oem7/odom,/novatel/oem7/fix,/novatel/oem7/odom,39.663,-75.756,-1.800732905,0.000943760,0.000269070,-0.000554734,-0.000763514,0.000269070,,,
1786043721665519857,1786043721.664964922,/novatel/oem7/inspva,/novatel/oem7/inspva,/novatel/oem7/inspva,39.663,-75.756,-1.800709155,0.001100936,0.001033316,-0.000148121,-0.001090926,0.001033316,,novatel_oem7_msgs.msg.InertialSolutionStatus(status=3),
1786043721666861438,1786043721.665117680,/novatel/oem7/fix,/novatel/oem7/fix,/novatel/oem7/inspva,39.663,-75.756,-1.800709155,0.001100936,0.001033316,-0.000148121,-0.001090926,0.001033316,,0,
1786043721667927748,1786043721.665588205,/novatel/oem7/odom,/novatel/oem7/fix,/novatel/oem7/odom,39.663,-75.756,-1.800709155,0.001105355,0.001028587,-0.001101129,-0.000096573,0.001028587,,,
1786043721676053682,1786043721.675345829,/novatel/oem7/odom,/novatel/oem7/fix,/novatel/oem7/odom,39.663,-75.756,-1.800709155,0.001105355,0.001028587,-0.001101129,-0.000096573,0.001028587,,,
1786043721687088909,1786043721.686468913,/novatel/oem7/inspva,/novatel/oem7/inspva,/novatel/oem7/inspva,39.663,-75.756,-1.800705215,0.002191156,-0.001747724,-0.000825447,-0.002029729,-0.001747724,,novatel_oem7_msgs.msg.InertialSolutionStatus(status=3),
1786043721688502923,1786043721.686604984,/novatel/oem7/fix,/novatel/oem7/fix,/novatel/oem7/inspva,39.663,-75.756,-1.800705215,0.002191156,-0.001747724,-0.000825447,-0.002029729,-0.001747724,,0,
1786043721689562197,1786043721.687098092,/novatel/oem7/odom,/novatel/oem7/fix,/novatel/oem7/odom,39.663,-75.756,-1.800705215,0.002182940,-0.001757974,-0.002061138,-0.000718984,-0.001757974,,,
1786043721695683441,1786043721.694956073,/novatel/oem7/odom,/novatel/oem7/fix,/novatel/oem7/odom,39.663,-75.756,-1.800705215,0.002182940,-0.001757974,-0.002061138,-0.000718984,-0.001757974,,,
1786043721706347084,1786043721.705801712,/novatel/oem7/inspva,/novatel/oem7/inspva,/novatel/oem7/inspva,39.663,-75.756,-1.800671407,0.001835940,-0.001062735,-0.001083515,-0.001482117,-0.001062735,,novatel_oem7_msgs.msg.InertialSolutionStatus(status=3),
1786043721707756718,1786043721.705971914,/novatel/oem7/fix,/novatel/oem7/fix,/novatel/oem7/inspva,39.663,-75.756,-1.800671407,0.001835940,-0.001062735,-0.001083515,-0.001482117,-0.001062735,,0,
1786043721708821122,1786043721.706409208,/novatel/oem7/odom,/novatel/oem7/fix,/novatel/oem7/odom,39.663,-75.756,-1.800671407,0.001830779,-0.001071602,-0.001529772,-0.001005758,-0.001071602,,,
1786043721710344604,1786043721.709556476,/novatel/oem7/bestpos,/novatel/oem7/bestpos,/novatel/oem7/odom,39.663,-75.756,33.181589791,0.001830779,-0.001071602,-0.001529772,-0.001005758,-0.001071602,,novatel_oem7_msgs.msg.SolutionStatus(status=0),novatel_oem7_msgs.msg.PositionOrVelocityType(type=53)
1786043721711770465,1786043721.710480285,/novatel/oem7/bestvel,/novatel/oem7/bestpos,/novatel/oem7/bestvel,39.663,-75.756,33.181589791,0.003269533,-0.000053587,,,,240.398826066,novatel_oem7_msgs.msg.SolutionStatus(status=0),novatel_oem7_msgs.msg.PositionOrVelocityType(type=53)
1786043721715531302,1786043721.714825682,/novatel/oem7/odom,/novatel/oem7/bestpos,/novatel/oem7/odom,39.663,-75.756,33.181589791,0.001830779,-0.001071602,-0.001529772,-0.001005758,-0.001071602,,,
1786043721725880462,1786043721.725328723,/novatel/oem7/inspva,/novatel/oem7/inspva,/novatel/oem7/inspva,39.663,-75.756,-1.800638052,0.001492988,0.001537507,-0.001469523,-0.000263657,0.001537507,,novatel_oem7_msgs.msg.InertialSolutionStatus(status=3),
1786043721727227679,1786043721.725495935,/novatel/oem7/fix,/novatel/oem7/fix,/novatel/oem7/inspva,39.663,-75.756,-1.800638052,0.001492988,0.001537507,-0.001469523,-0.000263657,0.001537507,,0,
1786043721728297259,1786043721.726022313,/novatel/oem7/odom,/novatel/oem7/fix,/novatel/oem7/odom,39.663,-75.756,-1.800638052,0.001498424,0.001532209,-0.000342540,-0.001458747,0.001532209,,,
1786043721735510428,1786043721.734750510,/novatel/oem7/odom,/novatel/oem7/fix,/novatel/oem7/odom,39.663,-75.756,-1.800638052,0.001498424,0.001532209,-0.000342540,-0.001458747,0.001532209,,,
1786043721746540261,1786043721.745962952,/novatel/oem7/inspva,/novatel/oem7/inspva,/novatel/oem7/inspva,39.663,-75.756,-1.800622593,0.001010282,0.000778088,-0.000937389,-0.000376792,0.000778088,,novatel_oem7_msgs.msg.InertialSolutionStatus(status=3),
1786043721747891421,1786043721.746110267,/novatel/oem7/fix,/novatel/oem7/fix,/novatel/oem7/inspva,39.663,-75.756,-1.800622593,0.001010282,0.000778088,-0.000937389,-0.000376792,0.000778088,,0,
1786043721748945502,1786043721.746570314,/novatel/oem7/odom,/novatel/oem7/fix,/novatel/oem7/odom,39.663,-75.756,-1.800622593,0.001013500,0.000773891,-0.000426027,-0.000919611,0.000773891,,,
1786043721756344755,1786043721.755684782,/novatel/oem7/odom,/novatel/oem7/fix,/novatel/oem7/odom,39.663,-75.756,-1.800622593,0.001013500,0.000773891,-0.000426027,-0.000919611,0.000773891,,,
1786043721765742662,1786043721.765222527,/novatel/oem7/inspva,/novatel/oem7/inspva,/novatel/oem7/inspva,39.663,-75.756,-1.800620140,0.002317034,-0.001400335,0.000027277,-0.002316873,-0.001400335,,novatel_oem7_msgs.msg.InertialSolutionStatus(status=3),
1786043721767071765,1786043721.765372835,/novatel/oem7/fix,/novatel/oem7/fix,/novatel/oem7/inspva,39.663,-75.756,-1.800620140,0.002317034,-0.001400335,0.000027277,-0.002316873,-0.001400335,,0,
1786043721768123103,1786043721.765721735,/novatel/oem7/odom,/novatel/oem7/fix,/novatel/oem7/odom,39.663,-75.756,-1.800620140,0.002311569,-0.001409338,-0.002306954,0.000145995,-0.001409338,,,
1786043721775965371,1786043721.775280404,/novatel/oem7/odom,/novatel/oem7/fix,/novatel/oem7/odom,39.663,-75.756,-1.800620140,0.002311569,-0.001409338,-0.002306954,0.000145995,-0.001409338,,,
1786043721785757801,1786043721.785240843,/novatel/oem7/inspva,/novatel/oem7/inspva,/novatel/oem7/inspva,39.663,-75.756,-1.800596341,0.002024529,-0.001885195,-0.000716958,-0.001893328,-0.001885195,,novatel_oem7_msgs.msg.InertialSolutionStatus(status=3),
1786043721787076518,1786043721.785381434,/novatel/oem7/fix,/novatel/oem7/fix,/novatel/oem7/inspva,39.663,-75.756,-1.800596341,0.002024529,-0.001885195,-0.000716958,-0.001893328,-0.001885195,,0,
1786043721788118658,1786043721.785744644,/novatel/oem7/odom,/novatel/oem7/fix,/novatel/oem7/odom,39.663,-75.756,-1.800596341,0.002015737,-0.001894593,-0.001918967,-0.000617060,-0.001894593,,,
1786043721795129565,1786043721.794533862,/novatel/oem7/odom,/novatel/oem7/fix,/novatel/oem7/odom,39.663,-75.756,-1.800596341,0.002015737,-0.001894593,-0.001918967,-0.000617060,-0.001894593,,,
1786043721806853409,1786043721.806578642,/novatel/oem7/inspva,/novatel/oem7/inspva,/novatel/oem7/inspva,39.663,-75.756,-1.800556189,0.001648158,0.001787027,-0.001548037,-0.000565691,0.001787027,,novatel_oem7_msgs.msg.InertialSolutionStatus(status=3),
1786043721807493853,1786043721.806732420,/novatel/oem7/fix,/novatel/oem7/fix,/novatel/oem7/inspva,39.663,-75.756,-1.800556189,0.001648158,0.001787027,-0.001548037,-0.000565691,0.001787027,,0,
1786043721807953434,1786043721.807169954,/novatel/oem7/odom,/novatel/oem7/fix,/novatel/oem7/odom,39.663,-75.756,-1.800556189,0.001655404,0.001780317,-0.000649085,-0.001522843,0.001780317,,,
1786043721810955060,1786043721.810495721,/novatel/oem7/bestpos,/novatel/oem7/bestpos,/novatel/oem7/odom,39.663,-75.756,33.181680800,0.001655404,0.001780317,-0.000649085,-0.001522843,0.001780317,,novatel_oem7_msgs.msg.SolutionStatus(status=0),novatel_oem7_msgs.msg.PositionOrVelocityType(type=53)
1786043721811590148,1786043721.810956885,/novatel/oem7/bestvel,/novatel/oem7/bestpos,/novatel/oem7/bestvel,39.663,-75.756,33.181680800,0.001182416,0.001360674,,,,187.917067594,novatel_oem7_msgs.msg.SolutionStatus(status=0),novatel_oem7_msgs.msg.PositionOrVelocityType(type=53)
1786043721815094632,1786043721.814770967,/novatel/oem7/odom,/novatel/oem7/bestpos,/novatel/oem7/odom,39.663,-75.756,33.181680800,0.001655404,0.001780317,-0.000649085,-0.001522843,0.001780317,,,
1786043721825431791,1786043721.825060026,/novatel/oem7/inspva,/novatel/oem7/inspva,/novatel/oem7/inspva,39.663,-75.756,-1.800542270,0.001333892,0.001396980,-0.000699337,-0.001135868,0.001396980,,novatel_oem7_msgs.msg.InertialSolutionStatus(status=3),
1786043721826020647,1786043721.825207487,/novatel/oem7/fix,/novatel/oem7/fix,/novatel/oem7/inspva,39.663,-75.756,-1.800542270,0.001333892,0.001396980,-0.000699337,-0.001135868,0.001396980,,0,
1786043721826511588,1786043721.825708029,/novatel/oem7/odom,/novatel/oem7/fix,/novatel/oem7/odom,39.663,-75.756,-1.800542270,0.001340670,0.001390477,-0.001174855,-0.000645841,0.001390477,,,
1786043721835207374,1786043721.834853513,/novatel/oem7/odom,/novatel/oem7/fix,/novatel/oem7/odom,39.663,-75.756,-1.800542270,0.001340670,0.001390477,-0.001174855,-0.000645841,0.001390477,,,
1786043721845713845,1786043721.845307374,/novatel/oem7/inspva,/novatel/oem7/inspva,/novatel/oem7/inspva,39.663,-75.756,-1.800536809,0.002746371,-0.000864990,0.000330508,-0.002726411,-0.000864990,,novatel_oem7_msgs.msg.InertialSolutionStatus(status=3),
1786043721846303216,1786043721.845461306,/novatel/oem7/fix,/novatel/oem7/fix,/novatel/oem7/inspva,39.663,-75.756,-1.800536809,0.002746371,-0.000864990,0.000330508,-0.002726411,-0.000864990,,0,
1786043721846788037,1786043721.845953534,/novatel/oem7/odom,/novatel/oem7/fix,/novatel/oem7/odom,39.663,-75.756,-1.800536809,0.002743298,-0.000874687,-0.002703127,0.000467747,-0.000874687,,,
1786043721856753303,1786043721.856375424,/novatel/oem7/odom,/novatel/oem7/fix,/novatel/oem7/odom,39.663,-75.756,-1.800536809,0.002743298,-0.000874687,-0.002703127,0.000467747,-0.000874687,,,
1786043721866487761,1786043721.866023034,/novatel/oem7/inspva,/novatel/oem7/inspva,/novatel/oem7/inspva,39.663,-75.756,-1.800505260,0.002022479,-0.000711616,-0.000104996,-0.002019752,-0.000711616,,novatel_oem7_msgs.msg.InertialSolutionStatus(status=3),
1786043721867058629,1786043721.866162155,/novatel/oem7/fix,/novatel/oem7/fix,/novatel/oem7/inspva,39.663,-75.756,-1.800505260,0.002022479,-0.000711616,-0.000104996,-0.002019752,-0.000711616,,0,
1786043721867588355,1786043721.866626266,/novatel/oem7/odom,/novatel/oem7/fix,/novatel/oem7/odom,39.663,-75.756,-1.800505260,0.002019582,-0.000719799,-0.002019580,-0.000002739,-0.000719799,,,
1786043721874774931,1786043721.874361047,/novatel/oem7/odom,/novatel/oem7/fix,/novatel/oem7/odom,39.663,-75.756,-1.800505260,0.002019582,-0.000719799,-0.002019580,-0.000002739,-0.000719799,,,
1786043721885487322,1786043721.885195775,/novatel/oem7/inspva,/novatel/oem7/inspva,/novatel/oem7/inspva,39.663,-75.756,-1.800469164,0.002170899,0.001104838,-0.001991951,-0.000863096,0.001104838,,novatel_oem7_msgs.msg.InertialSolutionStatus(status=3),
1786043721886079861,1786043721.885351683,/novatel/oem7/fix,/novatel/oem7/fix,/novatel/oem7/inspva,39.663,-75.756,-1.800469164,0.002170899,0.001104838,-0.001991951,-0.000863096,0.001104838,,0,
1786043721886546959,1786043721.885695956,/novatel/oem7/odom,/novatel/oem7/fix,/novatel/oem7/odom,39.663,-75.756,-1.800469164,0.002175519,0.001095715,-0.000965335,-0.001949618,0.001095715,,,
1786043721895196243,1786043721.894844697,/novatel/oem7/odom,/novatel/oem7/fix,/novatel/oem7/odom,39.663,-75.756,-1.800469164,0.002175519,0.001095715,-0.000965335,-0.001949618,0.001095715,,,
1786043721906067309,1786043721.905610348,/novatel/oem7/inspva,/novatel/oem7/inspva,/novatel/oem7/inspva,39.663,-75.756,-1.800436949,0.001127457,0.001790921,-0.000978078,-0.000560823,0.001790921,,novatel_oem7_msgs.msg.InertialSolutionStatus(status=3),
1786043721907466495,1786043721.905752249,/novatel/oem7/fix,/novatel/oem7/fix,/novatel/oem7/inspva,39.663,-75.756,-1.800436949,0.001127457,0.001790921,-0.000978078,-0.000560823,0.001790921,,0,
1786043721907945910,1786043721.906351869,/novatel/oem7/odom,/novatel/oem7/fix,/novatel/oem7/odom,39.663,-75.756,-1.800436949,0.001135390,0.001785903,-0.000615909,-0.000953817,0.001785903,,,
1786043721909993469,1786043721.909597894,/novatel/oem7/bestpos,/novatel/oem7/bestpos,/novatel/oem7/odom,39.663,-75.756,33.181815024,0.001135390,0.001785903,-0.000615909,-0.000953817,0.001785903,,novatel_oem7_msgs.msg.SolutionStatus(status=0),novatel_oem7_msgs.msg.PositionOrVelocityType(type=53)
1786043721910821508,1786043721.910363132,/novatel/oem7/bestvel,/novatel/oem7/bestpos,/novatel/oem7/bestvel,39.663,-75.756,33.181815024,0.001046850,0.001746215,,,,223.124917476,novatel_oem7_msgs.msg.SolutionStatus(status=0),novatel_oem7_msgs.msg.PositionOrVelocityType(type=53)
1786043721914774329,1786043721.914375762,/novatel/oem7/odom,/novatel/oem7/bestpos,/novatel/oem7/odom,39.663,-75.756,33.181815024,0.001135390,0.001785903,-0.000615909,-0.000953817,0.001785903,,,
1786043721925877215,1786043721.925560763,/novatel/oem7/inspva,/novatel/oem7/inspva,/novatel/oem7/inspva,39.663,-75.756,-1.800417766,0.002297115,0.000357181,0.000021529,-0.002297014,0.000357181,,novatel_oem7_msgs.msg.InertialSolutionStatus(status=3),
1786043721926511780,1786043721.925735238,/novatel/oem7/fix,/novatel/oem7/fix,/novatel/oem7/inspva,39.663,-75.756,-1.800417766,0.002297115,0.000357181,0.000021529,-0.002297014,0.000357181,,0,
1786043721927264912,1786043721.926294927,/novatel/oem7/odom,/novatel/oem7/fix,/novatel/oem7/odom,39.663,-75.756,-1.800417766,0.002298493,0.000348203,-0.002294549,0.000134588,0.000348203,,,
1786043721935384624,1786043721.935015244,/novatel/oem7/odom,/novatel/oem7/fix,/novatel/oem7/odom,39.663,-75.756,-1.800417766,0.002298493,0.000348203,-0.002294549,0.000134588,0.000348203,,,
1786043721945302463,1786043721.945000397,/novatel/oem7/inspva,/novatel/oem7/inspva,/novatel/oem7/inspva,39.663,-75.756,-1.800383862,0.001920371,0.000030359,0.000280640,-0.001899754,0.000030359,,novatel_oem7_msgs.msg.InertialSolutionStatus(status=3),
1786043721945952821,1786043721.945151921,/novatel/oem7/fix,/novatel/oem7/fix,/novatel/oem7/inspva,39.663,-75.756,-1.800383862,0.001920371,0.000030359,0.000280640,-0.001899754,0.000030359,,0,
1786043721946488435,1786043721.945664483,/novatel/oem7/odom,/novatel/oem7/fix,/novatel/oem7/odom,39.663,-75.756,-1.800383862,0.001920464,0.000023728,-0.001883598,0.000374489,0.000023728,,,
1786043721956405185,1786043721.956027223,/novatel/oem7/odom,/novatel/oem7/fix,/novatel/oem7/odom,39.663,-75.756,-1.800383862,0.001920464,0.000023728,-0.001883598,0.000374489,0.000023728,,,
1786043721965510594,1786043721.965216328,/novatel/oem7/inspva,/novatel/oem7/inspva,/novatel/oem7/inspva,39.663,-75.756,-1.800353494,0.002157430,0.000583123,-0.002151111,0.000165011,0.000583123,,novatel_oem7_msgs.msg.InertialSolutionStatus(status=3),
1786043721966133722,1786043721.965357463,/novatel/oem7/fix,/novatel/oem7/fix,/novatel/oem7/inspva,39.663,-75.756,-1.800353494,0.002157430,0.000583123,-0.002151111,0.000165011,0.000583123,,0,
1786043721966844951,1786043721.965914035,/novatel/oem7/odom,/novatel/oem7/fix,/novatel/oem7/odom,39.663,-75.756,-1.800353494,0.002158913,0.000577608,0.000055728,-0.002158194,0.000577608,,,
1786043721975231055,1786043721.974854927,/novatel/oem7/odom,/novatel/oem7/fix,/novatel/oem7/odom,39.663,-75.756,-1.800353494,0.002158913,0.000577608,0.000055728,-0.002158194,0.000577608,,,
1786043721986517122,1786043721.986028538,/novatel/oem7/inspva,/novatel/oem7/inspva,/novatel/oem7/inspva,39.663,-75.756,-1.800316611,0.001853580,0.001114020,-0.001690482,-0.000760283,0.001114020,,novatel_oem7_msgs.msg.InertialSolutionStatus(status=3),
1786043721987236172,1786043721.986174530,/novatel/oem7/fix,/novatel/oem7/fix,/novatel/oem7/inspva,39.663,-75.756,-1.800316611,0.001853580,0.001114020,-0.001690482,-0.000760283,0.001114020,,0,
1786043721987777055,1786043721.986668069,/novatel/oem7/odom,/novatel/oem7/fix,/novatel/oem7/odom,39.663,-75.756,-1.800316611,0.001858257,0.001106201,-0.000847762,-0.001653608,0.001106201,,,
1786043721994905077,1786043721.994330371,/novatel/oem7/odom,/novatel/oem7/fix,/novatel/oem7/odom,39.663,-75.756,-1.800316611,0.001858257,0.001106201,-0.000847762,-0.001653608,0.001106201,,,
1786043722008567670,1786043722.008260344,/novatel/oem7/inspva,/novatel/oem7/inspva,/novatel/oem7/inspva,39.663,-75.756,-1.800288928,0.002492653,0.001402683,0.000296295,-0.002474980,0.001402683,,novatel_oem7_msgs.msg.InertialSolutionStatus(status=3),
1786043722009686988,1786043722.008410285,/novatel/oem7/fix,/novatel/oem7/fix,/novatel/oem7/inspva,39.663,-75.756,-1.800288928,0.002492653,0.001402683,0.000296295,-0.002474980,0.001402683,,0,
1786043722011300521,1786043722.010938820,/novatel/oem7/odom,/novatel/oem7/fix,/novatel/oem7/odom,39.663,-75.756,-1.800288928,0.002497641,0.001393782,-0.002462908,0.000415085,0.001393782,,,
1786043722017045171,1786043722.016640363,/novatel/oem7/odom,/novatel/oem7/fix,/novatel/oem7/odom,39.663,-75.756,-1.800288928,0.002497641,0.001393782,-0.002462908,0.000415085,0.001393782,,,
1786043722026897915,1786043722.026567466,/novatel/oem7/bestpos,/novatel/oem7/bestpos,/novatel/oem7/odom,39.663,-75.756,33.181967227,0.002497641,0.001393782,-0.002462908,0.000415085,0.001393782,,novatel_oem7_msgs.msg.SolutionStatus(status=0),novatel_oem7_msgs.msg.PositionOrVelocityType(type=53)
1786043722027632503,1786043722.027050617,/novatel/oem7/bestvel,/novatel/oem7/bestpos,/novatel/oem7/bestvel,39.663,-75.756,33.181967227,0.002279048,0.001387180,,,,273.656288038,novatel_oem7_msgs.msg.SolutionStatus(status=0),novatel_oem7_msgs.msg.PositionOrVelocityType(type=53)
1786043722028264722,1786043722.027474528,/novatel/oem7/inspva,/novatel/oem7/inspva,/novatel/oem7/inspva,39.663,-75.756,-1.800259300,0.001857084,0.000370882,-0.000091796,-0.001854814,0.000370882,,novatel_oem7_msgs.msg.InertialSolutionStatus(status=3),
1786043722028675598,1786043722.027618519,/novatel/oem7/fix,/novatel/oem7/fix,/novatel/oem7/inspva,39.663,-75.756,-1.800259300,0.001857084,0.000370882,-0.000091796,-0.001854814,0.000370882,,0,
1786043722029355837,1786043722.028015780,/novatel/oem7/odom,/novatel/oem7/fix,/novatel/oem7/odom,39.663,-75.756,-1.800259300,0.001858583,0.000363296,-0.001858583,-0.000000597,0.000363296,,,
1786043722035128689,1786043722.034683183,/novatel/oem7/odom,/novatel/oem7/fix,/novatel/oem7/odom,39.663,-75.756,-1.800259300,0.001858583,0.000363296,-0.001858583,-0.000000597,0.000363296,,,
1786043722046941596,1786043722.046640686,/novatel/oem7/inspva,/novatel/oem7/inspva,/novatel/oem7/inspva,39.663,-75.756,-1.800255689,0.002248407,0.000121325,-0.001650706,-0.001526598,0.000121325,,novatel_oem7_msgs.msg.InertialSolutionStatus(status=3),
1786043722047673241,1786043722.046792850,/novatel/oem7/fix,/novatel/oem7/fix,/novatel/oem7/inspva,39.663,-75.756,-1.800255689,0.002248407,0.000121325,-0.001650706,-0.001526598,0.000121325,,0,
1786043722048179220,1786043722.047260902,/novatel/oem7/odom,/novatel/oem7/fix,/novatel/oem7/odom,39.663,-75.756,-1.800255689,0.002248958,0.000110638,-0.001607099,-0.001573227,0.000110638,,,
1786043722056904064,1786043722.056535994,/novatel/oem7/odom,/novatel/oem7/fix,/novatel/oem7/odom,39.663,-75.756,-1.800255689,0.002248958,0.000110638,-0.001607099,-0.001573227,0.000110638,,,
1786043722065843153,1786043722.065074626,/novatel/oem7/inspva,/novatel/oem7/inspva,/novatel/oem7/inspva,39.663,-75.756,-1.800258679,0.002059573,0.000853731,-0.001922298,-0.000739332,0.000853731,,novatel_oem7_msgs.msg.InertialSolutionStatus(status=3),
1786043722067211611,1786043722.065235397,/novatel/oem7/fix,/novatel/oem7/fix,/novatel/oem7/inspva,39.663,-75.756,-1.800258679,0.002059573,0.000853731,-0.001922298,-0.000739332,0.000853731,,0,
1786043722068279207,1786043722.065587746,/novatel/oem7/odom,/novatel/oem7/fix,/novatel/oem7/odom,39.663,-75.756,-1.800258679,0.002063040,0.000845318,-0.000837282,-0.001885495,0.000845318,,,
1786043722075412689,1786043722.074766087,/novatel/oem7/odom,/novatel/oem7/fix,/novatel/oem7/odom,39.663,-75.756,-1.800258679,0.002063040,0.000845318,-0.000837282,-0.001885495,0.000845318,,,
1786043722085924143,1786043722.085392698,/novatel/oem7/inspva,/novatel/oem7/inspva,/novatel/oem7/inspva,39.663,-75.756,-1.800252258,0.002311602,0.002212941,-0.000009028,-0.002311585,0.002212941,,novatel_oem7_msgs.msg.InertialSolutionStatus(status=3),
1786043722087333647,1786043722.085546859,/novatel/oem7/fix,/novatel/oem7/fix,/novatel/oem7/inspva,39.663,-75.756,-1.800252258,0.002311602,0.002212941,-0.000009028,-0.002311585,0.002212941,,0,
1786043722088403602,1786043722.086115382,/novatel/oem7/odom,/novatel/oem7/fix,/novatel/oem7/odom,39.663,-75.756,-1.800252258,0.002320376,0.002203739,-0.002318227,0.000099847,0.002203739,,,
1786043722095948003,1786043722.095147283,/novatel/oem7/odom,/novatel/oem7/fix,/novatel/oem7/odom,39.663,-75.756,-1.800252258,0.002320376,0.002203739,-0.002318227,0.000099847,0.002203739,,,
1786043722106755031,1786043722.106171189,/novatel/oem7/inspva,/novatel/oem7/inspva,/novatel/oem7/inspva,39.663,-75.756,-1.800261569,0.002234208,0.001194193,0.000065587,-0.002233245,0.001194193,,novatel_oem7_msgs.msg.InertialSolutionStatus(status=3),
1786043722108148068,1786043722.106312520,/novatel/oem7/fix,/novatel/oem7/fix,/novatel/oem7/inspva,39.663,-75.756,-1.800261569,0.002234208,0.001194193,0.000065587,-0.002233245,0.001194193,,0,
1786043722109253509,1786043722.106814861,/novatel/oem7/odom,/novatel/oem7/fix,/novatel/oem7/odom,39.663,-75.756,-1.800261569,0.002238797,0.001185567,-0.002232087,0.000173210,0.001185567,,,
1786043722110820681,1786043722.109438724,/novatel/oem7/bestpos,/novatel/oem7/bestpos,/novatel/oem7/odom,39.663,-75.756,33.181958757,0.002238797,0.001185567,-0.002232087,0.000173210,0.001185567,,novatel_oem7_msgs.msg.SolutionStatus(status=0),novatel_oem7_msgs.msg.PositionOrVelocityType(type=53)
1786043722111796948,1786043722.110117848,/novatel/oem7/bestvel,/novatel/oem7/bestpos,/novatel/oem7/bestvel,39.663,-75.756,33.181958757,0.001758363,0.000931106,,,,273.110445683,novatel_oem7_msgs.msg.SolutionStatus(status=0),novatel_oem7_msgs.msg.PositionOrVelocityType(type=53)
1786043722115253412,1786043722.114547052,/novatel/oem7/odom,/novatel/oem7/bestpos,/novatel/oem7/odom,39.663,-75.756,33.181958757,0.002238797,0.001185567,-0.002232087,0.000173210,0.001185567,,,
1786043722125874755,1786043722.125343926,/novatel/oem7/inspva,/novatel/oem7/inspva,/novatel/oem7/inspva,39.663,-75.756,-1.800275054,0.002491187,-0.001019749,-0.001229718,-0.002166519,-0.001019749,,novatel_oem7_msgs.msg.InertialSolutionStatus(status=3),
1786043722127326229,1786043722.125514421,/novatel/oem7/fix,/novatel/oem7/fix,/novatel/oem7/inspva,39.663,-75.756,-1.800275054,0.002491187,-0.001019749,-0.001229718,-0.002166519,-0.001019749,,0,
1786043722128415546,1786043722.126180558,/novatel/oem7/odom,/novatel/oem7/fix,/novatel/oem7/odom,39.663,-75.756,-1.800275054,0.002486265,-0.001031692,-0.002220756,-0.001117925,-0.001031692,,,
1786043722136402003,1786043722.135691636,/novatel/oem7/odom,/novatel/oem7/fix,/novatel/oem7/odom,39.663,-75.756,-1.800275054,0.002486265,-0.001031692,-0.002220756,-0.001117925,-0.001031692,,,
1786043722145634945,1786043722.145043656,/novatel/oem7/inspva,/novatel/oem7/inspva,/novatel/oem7/inspva,39.663,-75.756,-1.800274593,0.002101893,0.000329139,-0.001347657,-0.001613001,0.000329139,,novatel_oem7_msgs.msg.InertialSolutionStatus(status=3),
1786043722146994808,1786043722.145195977,/novatel/oem7/fix,/novatel/oem7/fix,/novatel/oem7/inspva,39.663,-75.756,-1.800274593,0.002101893,0.000329139,-0.001347657,-0.001613001,0.000329139,,0,
1786043722148096536,1786043722.145645802,/novatel/oem7/odom,/novatel/oem7/fix,/novatel/oem7/odom,39.663,-75.756,-1.800274593,0.002103456,0.000318994,-0.001679229,-0.001266775,0.000318994,,,
1786043722156379725,1786043722.155688182,/novatel/oem7/odom,/novatel/oem7/fix,/novatel/oem7/odom,39.663,-75.756,-1.800274593,0.002103456,0.000318994,-0.001679229,-0.001266775,0.000318994,,,
1786043722167103712,1786043722.166543616,/novatel/oem7/inspva,/novatel/oem7/inspva,/novatel/oem7/inspva,39.663,-75.756,-1.800269029,0.000830387,0.001970096,-0.000277045,-0.000782808,0.001970096,,novatel_oem7_msgs.msg.InertialSolutionStatus(status=3),
1786043722168491712,1786043722.166705965,/novatel/oem7/fix,/novatel/oem7/fix,/novatel/oem7/inspva,39.663,-75.756,-1.800269029,0.000830387,0.001970096,-0.000277045,-0.000782808,0.001970096,,0,
1786043722169549176,1786043722.167188916,/novatel/oem7/odom,/novatel/oem7/fix,/novatel/oem7/odom,39.663,-75.756,-1.800269029,0.000839541,0.001966213,-0.000803574,-0.000243100,0.001966213,,,
1786043722175319423,1786043722.174637140,/novatel/oem7/odom,/novatel/oem7/fix,/novatel/oem7/odom,39.663,-75.756,-1.800269029,0.000839541,0.001966213,-0.000803574,-0.000243100,0.001966213,,,
1786043722185646366,1786043722.185055264,/novatel/oem7/inspva,/novatel/oem7/inspva,/novatel/oem7/inspva,39.663,-75.756,-1.800273434,0.002277850,0.002053378,0.000060668,-0.002277042,0.002053378,,novatel_oem7_msgs.msg.InertialSolutionStatus(status=3),
1786043722186988323,1786043722.185205796,/novatel/oem7/fix,/novatel/oem7/fix,/novatel/oem7/inspva,39.663,-75.756,-1.800273434,0.002277850,0.002053378,0.000060668,-0.002277042,0.002053378,,0,
1786043722188058300,1786043722.185553592,/novatel/oem7/odom,/novatel/oem7/fix,/novatel/oem7/odom,39.663,-75.756,-1.800273434,0.002285759,0.002044570,-0.002279560,0.000168222,0.002044570,,,
1786043722196135098,1786043722.195466541,/novatel/oem7/odom,/novatel/oem7/fix,/novatel/oem7/odom,39.663,-75.756,-1.800273434,0.002285759,0.002044570,-0.002279560,0.000168222,0.002044570,,,
1786043722207040336,1786043722.206510688,/novatel/oem7/inspva,/novatel/oem7/inspva,/novatel/oem7/inspva,39.663,-75.756,-1.800302455,0.002462194,-0.001631015,-0.000370791,-0.002434114,-0.001631015,,novatel_oem7_msgs.msg.InertialSolutionStatus(status=3),
1786043722208490421,1786043722.206659659,/novatel/oem7/fix,/novatel/oem7/fix,/novatel/oem7/inspva,39.663,-75.756,-1.800302455,0.002462194,-0.001631015,-0.000370791,-0.002434114,-0.001631015,,0,
1786043722209605689,1786043722.207357109,/novatel/oem7/odom,/novatel/oem7/fix,/novatel/oem7/odom,39.663,-75.756,-1.800302455,0.002455212,-0.001641506,-0.002442940,-0.000245172,-0.001641506,,,
1786043722211177851,1786043722.210267468,/novatel/oem7/bestpos,/novatel/oem7/bestpos,/novatel/oem7/odom,39.663,-75.756,33.181949419,0.002455212,-0.001641506,-0.002442940,-0.000245172,-0.001641506,,novatel_oem7_msgs.msg.SolutionStatus(status=0),novatel_oem7_msgs.msg.PositionOrVelocityType(type=53)
1786043722212627899,1786043722.210780350,/novatel/oem7/bestvel,/novatel/oem7/bestpos,/novatel/oem7/bestvel,39.663,-75.756,33.181949419,0.003447041,-0.000765274,,,,250.809775276,novatel_oem7_msgs.msg.SolutionStatus(status=0),novatel_oem7_msgs.msg.PositionOrVelocityType(type=53)
1786043722215605128,1786043722.214906804,/novatel/oem7/odom,/novatel/oem7/bestpos,/novatel/oem7/odom,39.663,-75.756,33.181949419,0.002455212,-0.001641506,-0.002442940,-0.000245172,-0.001641506,,,
1786043722226996962,1786043722.226438116,/novatel/oem7/inspva,/novatel/oem7/inspva,/novatel/oem7/inspva,39.663,-75.756,-1.800297325,0.001684935,-0.000706339,-0.001045529,-0.001321315,-0.000706339,,novatel_oem7_msgs.msg.InertialSolutionStatus(status=3),
1786043722228340941,1786043722.226584758,/novatel/oem7/fix,/novatel/oem7/fix,/novatel/oem7/inspva,39.663,-75.756,-1.800297325,0.001684935,-0.000706339,-0.001045529,-0.001321315,-0.000706339,,0,
1786043722229413896,1786043722.226995338,/novatel/oem7/odom,/novatel/oem7/fix,/novatel/oem7/odom,39.663,-75.756,-1.800297325,0.001681508,-0.000714458,-0.001368751,-0.000976725,-0.000714458,,,
1786043722235530613,1786043722.234521920,/novatel/oem7/odom,/novatel/oem7/fix,/novatel/oem7/odom,39.663,-75.756,-1.800297325,0.001681508,-0.000714458,-0.001368751,-0.000976725,-0.000714458,,,
1786043722245863303,1786043722.245290210,/novatel/oem7/inspva,/novatel/oem7/inspva,/novatel/oem7/inspva,39.663,-75.756,-1.800274504,0.001157902,0.002711175,-0.000865622,-0.000769049,0.002711175,,novatel_oem7_msgs.msg.InertialSolutionStatus(status=3),
1786043722247333281,1786043722.245470919,/novatel/oem7/fix,/novatel/oem7/fix,/novatel/oem7/inspva,39.663,-75.756,-1.800274504,0.001157902,0.002711175,-0.000865622,-0.000769049,0.002711175,,0,
1786043722248460605,1786043722.246188019,/novatel/oem7/odom,/novatel/oem7/fix,/novatel/oem7/odom,39.663,-75.756,-1.800274504,0.001170815,0.002705623,-0.000822119,-0.000833624,0.002705623,,,
1786043722257221099,1786043722.256571466,/novatel/oem7/odom,/novatel/oem7/fix,/novatel/oem7/odom,39.663,-75.756,-1.800274504,0.001170815,0.002705623,-0.000822119,-0.000833624,0.002705623,,,
1786043722265651913,1786043722.265055177,/novatel/oem7/inspva,/novatel/oem7/inspva,/novatel/oem7/inspva,39.663,-75.756,-1.800284450,0.001079531,0.001779676,-0.000457944,-0.000977586,0.001779676,,novatel_oem7_msgs.msg.InertialSolutionStatus(status=3),
1786043722267100637,1786043722.265194858,/novatel/oem7/fix,/novatel/oem7/fix,/novatel/oem7/inspva,39.663,-75.756,-1.800284450,0.001079531,0.001779676,-0.000457944,-0.000977586,0.001779676,,0,
1786043722268154802,1786043722.265708014,/novatel/oem7/odom,/novatel/oem7/fix,/novatel/oem7/odom,39.663,-75.756,-1.800284450,0.001088004,0.001774509,-0.001006333,-0.000413576,0.001774509,,,
1786043722275262599,1786043722.274558055,/novatel/oem7/odom,/novatel/oem7/fix,/novatel/oem7/odom,39.663,-75.756,-1.800284450,0.001088004,0.001774509,-0.001006333,-0.000413576,0.001774509,,,
1786043722286814267,1786043722.286516254,/novatel/oem7/inspva,/novatel/oem7/inspva,/novatel/oem7/inspva,39.663,-75.756,-1.800295480,0.002857883,0.000183490,0.001189807,-0.002598434,0.000183490,,novatel_oem7_msgs.msg.InertialSolutionStatus(status=3),
1786043722287530355,1786043722.286669336,/novatel/oem7/fix,/novatel/oem7/fix,/novatel/oem7/inspva,39.663,-75.756,-1.800295480,0.002857883,0.000183490,0.001189807,-0.002598434,0.000183490,,0,
1786043722288050112,1786043722.287194321,/novatel/oem7/odom,/novatel/oem7/fix,/novatel/oem7/odom,39.663,-75.756,-1.800295480,0.002858311,0.000176711,-0.002536870,0.001316902,0.000176711,,,
1786043722295741639,1786043722.295001965,/novatel/oem7/odom,/novatel/oem7/fix,/novatel/oem7/odom,39.663,-75.756,-1.800295480,0.002858311,0.000176711,-0.002536870,0.001316902,0.000176711,,,
1786043722306286495,1786043722.305749282,/novatel/oem7/inspva,/novatel/oem7/inspva,/novatel/oem7/inspva,39.663,-75.756,-1.800297683,0.001932756,-0.000818234,0.000242648,-0.001917464,-0.000818234,,novatel_oem7_msgs.msg.InertialSolutionStatus(status=3),
1786043722307628715,1786043722.305896231,/novatel/oem7/fix,/novatel/oem7/fix,/novatel/oem7/inspva,39.663,-75.756,-1.800297683,0.001932756,-0.000818234,0.000242648,-0.001917464,-0.000818234,,0,
1786043722308769336,1786043722.306380786,/novatel/oem7/odom,/novatel/oem7/fix,/novatel/oem7/odom,39.663,-75.756,-1.800297683,0.001929875,-0.000825006,-0.001899729,0.000339778,-0.000825006,,,
1786043722310316971,1786043722.309110529,/novatel/oem7/bestpos,/novatel/oem7/bestpos,/novatel/oem7/odom,39.663,-75.756,33.181937677,0.001929875,-0.000825006,-0.001899729,0.000339778,-0.000825006,,novatel_oem7_msgs.msg.SolutionStatus(status=0),novatel_oem7_msgs.msg.PositionOrVelocityType(type=53)
1786043722311294998,1786043722.309575564,/novatel/oem7/bestvel,/novatel/oem7/bestpos,/novatel/oem7/bestvel,39.663,-75.756,33.181937677,0.002364254,-0.000351224,,,,265.859532686,novatel_oem7_msgs.msg.SolutionStatus(status=0),novatel_oem7_msgs.msg.PositionOrVelocityType(type=53)
1786043722316059602,1786043722.315408966,/novatel/oem7/odom,/novatel/oem7/bestpos,/novatel/oem7/odom,39.663,-75.756,33.181937677,0.001929875,-0.000825006,-0.001899729,0.000339778,-0.000825006,,,
1786043722325872170,1786043722.325348778,/novatel/oem7/inspva,/novatel/oem7/inspva,/novatel/oem7/inspva,39.663,-75.756,-1.800276818,0.001296075,0.001700534,-0.001114597,-0.000661425,0.001700534,,novatel_oem7_msgs.msg.InertialSolutionStatus(status=3),
1786043722327757185,1786043722.325510953,/novatel/oem7/fix,/novatel/oem7/fix,/novatel/oem7/inspva,39.663,-75.756,-1.800276818,0.001296075,0.001700534,-0.001114597,-0.000661425,0.001700534,,0,
1786043722328901083,1786043722.326091902,/novatel/oem7/odom,/novatel/oem7/fix,/novatel/oem7/odom,39.663,-75.756,-1.800276818,0.001303661,0.001694726,-0.000722861,-0.001084898,0.001694726,,,
1786043722335578853,1786043722.334878429,/novatel/oem7/odom,/novatel/oem7/fix,/novatel/oem7/odom,39.663,-75.756,-1.800276818,0.001303661,0.001694726,-0.000722861,-0.001084898,0.001694726,,,
1786043722346721974,1786043722.346145591,/novatel/oem7/inspva,/novatel/oem7/inspva,/novatel/oem7/inspva,39.663,-75.756,-1.800281127,0.001034226,0.001802541,-0.000603444,-0.000839927,0.001802541,,novatel_oem7_msgs.msg.InertialSolutionStatus(status=3),
1786043722348048743,1786043722.346335600,/novatel/oem7/fix,/novatel/oem7/fix,/novatel/oem7/inspva,39.663,-75.756,-1.800281127,0.001034226,0.001802541,-0.000603444,-0.000839927,0.001802541,,0,
1786043722349092628,1786043722.346682834,/novatel/oem7/odom,/novatel/oem7/fix,/novatel/oem7/odom,39.663,-75.756,-1.800281127,0.001042974,0.001797493,-0.000876184,-0.000565770,0.001797493,,,
1786043722356494404,1786043722.355815935,/novatel/oem7/odom,/novatel/oem7/fix,/novatel/oem7/odom,39.663,-75.756,-1.800281127,0.001042974,0.001797493,-0.000876184,-0.000565770,0.001797493,,,
1786043722365748144,1786043722.365205491,/novatel/oem7/inspva,/novatel/oem7/inspva,/novatel/oem7/inspva,39.663,-75.756,-1.800285948,0.002727524,0.001023232,0.001465987,-0.002300059,0.001023232,,novatel_oem7_msgs.msg.InertialSolutionStatus(status=3),
1786043722367085990,1786043722.365382730,/novatel/oem7/fix,/novatel/oem7/fix,/novatel/oem7/inspva,39.663,-75.756,-1.800285948,0.002727524,0.001023232,0.001465987,-0.002300059,0.001023232,,0,
1786043722368113347,1786043722.365952839,/novatel/oem7/odom,/novatel/oem7/fix,/novatel/oem7/odom,39.663,-75.756,-1.800285948,0.002729347,0.001018360,-0.002228574,0.001575688,0.001018360,,,
1786043722376114533,1786043722.375453046,/novatel/oem7/odom,/novatel/oem7/fix,/novatel/oem7/odom,39.663,-75.756,-1.800285948,0.002729347,0.001018360,-0.002228574,0.001575688,0.001018360,,,
1786043722385684455,1786043722.385134047,/novatel/oem7/inspva,/novatel/oem7/inspva,/novatel/oem7/inspva,39.663,-75.756,-1.800293900,0.002294041,-0.000055916,0.001213685,-0.001946688,-0.000055916,,novatel_oem7_msgs.msg.InertialSolutionStatus(status=3),
1786043722386969891,1786043722.385311895,/novatel/oem7/fix,/novatel/oem7/fix,/novatel/oem7/inspva,39.663,-75.756,-1.800293900,0.002294041,-0.000055916,0.001213685,-0.001946688,-0.000055916,,0,
1786043722388072546,1786043722.385666244,/novatel/oem7/odom,/novatel/oem7/fix,/novatel/oem7/odom,39.663,-75.756,-1.800293900,0.002293934,-0.000060134,-0.001883781,0.001309009,-0.000060134,,,
1786043722395091632,1786043722.394402382,/novatel/oem7/odom,/novatel/oem7/fix,/novatel/oem7/odom,39.663,-75.756,-1.800293900,0.002293934,-0.000060134,-0.001883781,0.001309009,-0.000060134,,,
1786043722407177986,1786043722.406659864,/novatel/oem7/inspva,/novatel/oem7/inspva,/novatel/oem7/inspva,39.663,-75.756,-1.800294795,0.001870592,-0.000340733,-0.000711089,-0.001730164,-0.000340733,,novatel_oem7_msgs.msg.InertialSolutionStatus(status=3),
1786043722408535430,1786043722.406824106,/novatel/oem7/fix,/novatel/oem7/fix,/novatel/oem7/inspva,39.663,-75.756,-1.800294795,0.001870592,-0.000340733,-0.000711089,-0.001730164,-0.000340733,,0,
1786043722409603496,1786043722.407314647,/novatel/oem7/odom,/novatel/oem7/fix,/novatel/oem7/odom,39.663,-75.756,-1.800294795,0.001868964,-0.000349553,-0.001761944,-0.000623361,-0.000349553,,,
1786043722411074855,1786043722.410317400,/novatel/oem7/bestpos,/novatel/oem7/bestpos,/novatel/oem7/odom,39.663,-75.756,33.181935124,0.001868964,-0.000349553,-0.001761944,-0.000623361,-0.000349553,,novatel_oem7_msgs.msg.SolutionStatus(status=0),novatel_oem7_msgs.msg.PositionOrVelocityType(type=53)
1786043722412457949,1786043722.410767045,/novatel/oem7/bestvel,/novatel/oem7/bestpos,/novatel/oem7/bestvel,39.663,-75.756,33.181935124,0.003069645,0.000504932,,,,247.110347603,novatel_oem7_msgs.msg.SolutionStatus(status=0),novatel_oem7_msgs.msg.PositionOrVelocityType(type=53)
1786043722415494472,1786043722.414849964,/novatel/oem7/odom,/novatel/oem7/bestpos,/novatel/oem7/odom,39.663,-75.756,33.181935124,0.001868964,-0.000349553,-0.001761944,-0.000623361,-0.000349553,,,
1786043722425412791,1786043722.424891226,/novatel/oem7/inspva,/novatel/oem7/inspva,/novatel/oem7/inspva,39.663,-75.756,-1.800298641,0.001103053,0.000548520,-0.000259746,-0.001072035,0.000548520,,novatel_oem7_msgs.msg.InertialSolutionStatus(status=3),
1786043722426742177,1786043722.425062144,/novatel/oem7/fix,/novatel/oem7/fix,/novatel/oem7/inspva,39.663,-75.756,-1.800298641,0.001103053,0.000548520,-0.000259746,-0.001072035,0.000548520,,0,
1786043722427786268,1786043722.425477835,/novatel/oem7/odom,/novatel/oem7/fix,/novatel/oem7/odom,39.663,-75.756,-1.800298641,0.001105501,0.000543570,-0.001085826,-0.000207640,0.000543570,,,
1786043722436074420,1786043722.435463304,/novatel/oem7/odom,/novatel/oem7/fix,/novatel/oem7/odom,39.663,-75.756,-1.800298641,0.001105501,0.000543570,-0.001085826,-0.000207640,0.000543570,,,
1786043722445776800,1786043722.445259352,/novatel/oem7/inspva,/novatel/oem7/inspva,/novatel/oem7/inspva,39.663,-75.756,-1.800304536,0.001741589,0.001281398,0.001148531,-0.001309202,0.001281398,,novatel_oem7_msgs.msg.InertialSolutionStatus(status=3),
1786043722447098240,1786043722.445473711,/novatel/oem7/fix,/novatel/oem7/fix,/novatel/oem7/inspva,39.663,-75.756,-1.800304536,0.001741589,0.001281398,0.001148531,-0.001309202,0.001281398,,0,
1786043722448171167,1786043722.446014239,/novatel/oem7/odom,/novatel/oem7/fix,/novatel/oem7/odom,39.663,-75.756,-1.800304536,0.001742986,0.001279497,-0.001255792,0.001208713,0.001279497,,,
1786043722456910388,1786043722.456256999,/novatel/oem7/odom,/novatel/oem7/fix,/novatel/oem7/odom,39.663,-75.756,-1.800304536,0.001742986,0.001279497,-0.001255792,0.001208713,0.001279497,,,
1786043722466621628,1786043722.466087193,/novatel/oem7/inspva,/novatel/oem7/inspva,/novatel/oem7/inspva,39.663,-75.756,-1.800318282,0.001870427,0.000391906,0.001121914,-0.001496598,0.000391906,,novatel_oem7_msgs.msg.InertialSolutionStatus(status=3),
1786043722467963338,1786043722.466278745,/novatel/oem7/fix,/novatel/oem7/fix,/novatel/oem7/inspva,39.663,-75.756,-1.800318282,0.001870427,0.000391906,0.001121914,-0.001496598,0.000391906,,0,
1786043722469012158,1786043722.466636173,/novatel/oem7/odom,/novatel/oem7/fix,/novatel/oem7/odom,39.663,-75.756,-1.800318282,0.001870990,0.000389209,-0.001440644,0.001193796,0.000389209,,,
1786043722475584167,1786043722.474886797,/novatel/oem7/odom,/novatel/oem7/fix,/novatel/oem7/odom,39.663,-75.756,-1.800318282,0.001870990,0.000389209,-0.001440644,0.001193796,0.000389209,,,
1786043722485855116,1786043722.485324914,/novatel/oem7/inspva,/novatel/oem7/inspva,/novatel/oem7/inspva,39.663,-75.756,-1.800341160,0.000759266,-0.001557993,0.000198615,-0.000732828,-0.001557993,,novatel_oem7_msgs.msg.InertialSolutionStatus(status=3),
1786043722487202246,1786043722.485517826,/novatel/oem7/fix,/novatel/oem7/fix,/novatel/oem7/inspva,39.663,-75.756,-1.800341160,0.000759266,-0.001557993,0.000198615,-0.000732828,-0.001557993,,0,
1786043722488296640,1786043722.486076332,/novatel/oem7/odom,/novatel/oem7/fix,/novatel/oem7/odom,39.663,-75.756,-1.800341160,0.000754593,-0.001560262,-0.000715777,0.000238902,-0.001560262,,,
1786043722496274733,1786043722.495602227,/novatel/oem7/odom,/novatel/oem7/fix,/novatel/oem7/odom,39.663,-75.756,-1.800341160,0.000754593,-0.001560262,-0.000715777,0.000238902,-0.001560262,,,
1786043722506573186,1786043722.506039117,/novatel/oem7/inspva,/novatel/oem7/inspva,/novatel/oem7/inspva,39.663,-75.756,-1.800344002,0.001285425,-0.000598509,-0.000526751,-0.001172540,-0.000598509,,novatel_oem7_msgs.msg.InertialSolutionStatus(status=3),
1786043722507944293,1786043722.506207762,/novatel/oem7/fix,/novatel/oem7/fix,/novatel/oem7/inspva,39.663,-75.756,-1.800344002,0.001285425,-0.000598509,-0.000526751,-0.001172540,-0.000598509,,0,
1786043722509013813,1786043722.506697443,/novatel/oem7/odom,/novatel/oem7/fix,/novatel/oem7/odom,39.663,-75.756,-1.800344002,0.001282583,-0.000604576,-0.001194819,-0.000466289,-0.000604576,,,
1786043722512531911,1786043722.511943999,/novatel/oem7/bestpos,/novatel/oem7/bestpos,/novatel/oem7/odom,39.663,-75.756,33.181900728,0.001282583,-0.000604576,-0.001194819,-0.000466289,-0.000604576,,novatel_oem7_msgs.msg.SolutionStatus(status=0),novatel_oem7_msgs.msg.PositionOrVelocityType(type=53)
1786043722513979956,1786043722.512338450,/novatel/oem7/bestvel,/novatel/oem7/bestpos,/novatel/oem7/bestvel,39.663,-75.756,33.181900728,0.002934685,0.000545951,,,,247.156034453,novatel_oem7_msgs.msg.SolutionStatus(status=0),novatel_oem7_msgs.msg.PositionOrVelocityType(type=53)
1786043722515597576,1786043722.514495421,/novatel/oem7/odom,/novatel/oem7/bestpos,/novatel/oem7/odom,39.663,-75.756,33.181900728,0.001282583,-0.000604576,-0.001194819,-0.000466289,-0.000604576,,,
1786043722527185564,1786043722.526658586,/novatel/oem7/inspva,/novatel/oem7/inspva,/novatel/oem7/inspva,39.663,-75.756,-1.800332714,0.000652928,0.002024076,0.000652442,0.000025179,0.002024076,,novatel_oem7_msgs.msg.InertialSolutionStatus(status=3),
1786043722528545901,1786043722.526836241,/novatel/oem7/fix,/novatel/oem7/fix,/novatel/oem7/inspva,39.663,-75.756,-1.800332714,0.000652928,0.002024076,0.000652442,0.000025179,0.002024076,,0,
1786043722529619422,1786043722.527367726,/novatel/oem7/odom,/novatel/oem7/fix,/novatel/oem7/odom,39.663,-75.756,-1.800332714,0.000646834,0.002026032,0.000049384,0.000644946,0.002026032,,,
1786043722535832350,1786043722.535143894,/novatel/oem7/odom,/novatel/oem7/fix,/novatel/oem7/odom,39.663,-75.756,-1.800332714,0.000646834,0.002026032,0.000049384,0.000644946,0.002026032,,,
1786043722545738429,1786043722.545192104,/novatel/oem7/inspva,/novatel/oem7/inspva,/novatel/oem7/inspva,39.663,-75.756,-1.800339559,0.001319866,0.001632921,0.000537825,-0.001205318,0.001632921,,novatel_oem7_msgs.msg.InertialSolutionStatus(status=3),
1786043722547101613,1786043722.545400523,/novatel/oem7/fix,/novatel/oem7/fix,/novatel/oem7/inspva,39.663,-75.756,-1.800339559,0.001319866,0.001632921,0.000537825,-0.001205318,0.001632921,,0,
1786043722548177583,1786043722.545690955,/novatel/oem7/odom,/novatel/oem7/fix,/novatel/oem7/odom,39.663,-75.756,-1.800339559,0.001323843,0.001629698,-0.001183781,0.000592641,0.001629698,,,
1786043722556417382,1786043722.555736769,/novatel/oem7/odom,/novatel/oem7/fix,/novatel/oem7/odom,39.663,-75.756,-1.800339559,0.001323843,0.001629698,-0.001183781,0.000592641,0.001629698,,,
1786043722565776349,1786043722.565258930,/novatel/oem7/inspva,/novatel/oem7/inspva,/novatel/oem7/inspva,39.663,-75.756,-1.800353806,0.002011664,-0.000834641,0.001640381,-0.001164449,-0.000834641,,novatel_oem7_msgs.msg.InertialSolutionStatus(status=3),
1786043722567109492,1786043722.565456479,/novatel/oem7/fix,/novatel/oem7/fix,/novatel/oem7/inspva,39.663,-75.756,-1.800353806,0.002011664,-0.000834641,0.001640381,-0.001164449,-0.000834641,,0,
1786043722568189220,1786043722.566077458,/novatel/oem7/odom,/novatel/oem7/fix,/novatel/oem7/odom,39.663,-75.756,-1.800353806,0.002011744,-0.000834448,-0.001078251,0.001698378,-0.000834448,,,
1786043722575508589,1786043722.574859646,/novatel/oem7/odom,/novatel/oem7/fix,/novatel/oem7/odom,39.663,-75.756,-1.800353806,0.002011744,-0.000834448,-0.001078251,0.001698378,-0.000834448,,,
1786043722586597163,1786043722.586030370,/novatel/oem7/inspva,/novatel/oem7/inspva,/novatel/oem7/inspva,39.663,-75.756,-1.800357371,0.000694952,-0.000623476,0.000192834,-0.000667663,-0.000623476,,novatel_oem7_msgs.msg.InertialSolutionStatus(status=3),
1786043722587955036,1786043722.586236279,/novatel/oem7/fix,/novatel/oem7/fix,/novatel/oem7/inspva,39.663,-75.756,-1.800357371,0.000694952,-0.000623476,0.000192834,-0.000667663,-0.000623476,,0,
1786043722589025767,1786043722.586569200,/novatel/oem7/odom,/novatel/oem7/fix,/novatel/oem7/odom,39.663,-75.756,-1.800357371,0.000693117,-0.000625515,-0.000654750,0.000227408,-0.000625515,,,
1786043722595134098,1786043722.594496681,/novatel/oem7/odom,/novatel/oem7/fix,/novatel/oem7/odom,39.663,-75.756,-1.800357371,0.000693117,-0.000625515,-0.000654750,0.000227408,-0.000625515,,,
1786043722606973412,1786043722.606475131,/novatel/oem7/inspva,/novatel/oem7/inspva,/novatel/oem7/inspva,39.663,-75.756,-1.800348822,0.000798283,0.001064399,-0.000617947,0.000505368,0.001064399,,novatel_oem7_msgs.msg.InertialSolutionStatus(status=3),
1786043722608297089,1786043722.606647309,/novatel/oem7/fix,/novatel/oem7/fix,/novatel/oem7/inspva,39.663,-75.756,-1.800348822,0.000798283,0.001064399,-0.000617947,0.000505368,0.001064399,,0,
1786043722609345752,1786043722.607149407,/novatel/oem7/odom,/novatel/oem7/fix,/novatel/oem7/odom,39.663,-75.756,-1.800348822,0.000798058,0.001064568,0.000469765,-0.000645149,0.001064568,,,
1786043722610823690,1786043722.610053380,/novatel/oem7/bestpos,/novatel/oem7/bestpos,/novatel/oem7/odom,39.663,-75.756,33.181878675,0.000798058,0.001064568,0.000469765,-0.000645149,0.001064568,,novatel_oem7_msgs.msg.SolutionStatus(status=0),novatel_oem7_msgs.msg.PositionOrVelocityType(type=53)
1786043722612230404,1786043722.610477264,/novatel/oem7/bestvel,/novatel/oem7/bestpos,/novatel/oem7/bestvel,39.663,-75.756,33.181878675,0.000069576,0.000991130,,,,160.047751387,novatel_oem7_msgs.msg.SolutionStatus(status=0),novatel_oem7_msgs.msg.PositionOrVelocityType(type=53)
1786043722616162907,1786043722.615523494,/novatel/oem7/odom,/novatel/oem7/bestpos,/novatel/oem7/odom,39.663,-75.756,33.181878675,0.000798058,0.001064568,0.000469765,-0.000645149,0.001064568,,,
1786043722625756809,1786043722.625221031,/novatel/oem7/inspva,/novatel/oem7/inspva,/novatel/oem7/inspva,39.663,-75.756,-1.800348228,0.000308703,0.002229716,-0.000277846,-0.000134532,0.002229716,,novatel_oem7_msgs.msg.InertialSolutionStatus(status=3),
1786043722627089932,1786043722.625437886,/novatel/oem7/fix,/novatel/oem7/fix,/novatel/oem7/inspva,39.663,-75.756,-1.800348228,0.000308703,0.002229716,-0.000277846,-0.000134532,0.002229716,,0,
1786043722628150527,1786043722.625757833,/novatel/oem7/odom,/novatel/oem7/fix,/novatel/oem7/odom,39.663,-75.756,-1.800348228,0.000318328,0.002228363,-0.000157171,-0.000276822,0.002228363,,,
1786043722634977628,1786043722.634328808,/novatel/oem7/odom,/novatel/oem7/fix,/novatel/oem7/odom,39.663,-75.756,-1.800348228,0.000318328,0.002228363,-0.000157171,-0.000276822,0.002228363,,,
1786043722647673997,1786043722.647154302,/novatel/oem7/inspva,/novatel/oem7/inspva,/novatel/oem7/inspva,39.663,-75.756,-1.800372822,0.002183157,-0.001121054,0.001421405,-0.001657040,-0.001121054,,novatel_oem7_msgs.msg.InertialSolutionStatus(status=3),
1786043722649169716,1786043722.647318157,/novatel/oem7/fix,/novatel/oem7/fix,/novatel/oem7/inspva,39.663,-75.756,-1.800372822,0.002183157,-0.001121054,0.001421405,-0.001657040,-0.001121054,,0,
1786043722650249660,1786043722.647831029,/novatel/oem7/odom,/novatel/oem7/fix,/novatel/oem7/odom,39.663,-75.756,-1.800372822,0.002181899,-0.001123500,-0.001579895,0.001504864,-0.001123500,,,
1786043722657217116,1786043722.656557179,/novatel/oem7/odom,/novatel/oem7/fix,/novatel/oem7/odom,39.663,-75.756,-1.800372822,0.002181899,-0.001123500,-0.001579895,0.001504864,-0.001123500,,,
1786043722665476958,1786043722.664957409,/novatel/oem7/inspva,/novatel/oem7/inspva,/novatel/oem7/inspva,39.663,-75.756,-1.800380421,0.001547879,-0.000868133,0.000854884,-0.001290388,-0.000868133,,novatel_oem7_msgs.msg.InertialSolutionStatus(status=3),
1786043722666804168,1786043722.665145421,/novatel/oem7/fix,/novatel/oem7/fix,/novatel/oem7/inspva,39.663,-75.756,-1.800380421,0.001547879,-0.000868133,0.000854884,-0.001290388,-0.000868133,,0,
1786043722667859528,1786043722.665556265,/novatel/oem7/odom,/novatel/oem7/fix,/novatel/oem7/odom,39.663,-75.756,-1.800380421,0.001546438,-0.000870696,-0.001242855,0.000920208,-0.000870696,,,
1786043722676279386,1786043722.675631396,/novatel/oem7/odom,/novatel/oem7/fix,/novatel/oem7/odom,39.663,-75.756,-1.800380421,0.001546438,-0.000870696,-0.001242855,0.000920208,-0.000870696,,,
1786043722686020109,1786043722.685494018,/novatel/oem7/inspva,/novatel/oem7/inspva,/novatel/oem7/inspva,39.663,-75.756,-1.800380375,0.001691406,0.000308715,-0.001259224,0.001129251,0.000308715,,novatel_oem7_msgs.msg.InertialSolutionStatus(status=3),
1786043722687390240,1786043722.685674886,/novatel/oem7/fix,/novatel/oem7/fix,/novatel/oem7/inspva,39.663,-75.756,-1.800380375,0.001691406,0.000308715,-0.001259224,0.001129251,0.000308715,,0,
1786043722688517091,1786043722.686513108,/novatel/oem7/odom,/novatel/oem7/fix,/novatel/oem7/odom,39.663,-75.756,-1.800380375,0.001691270,0.000309457,0.001064101,-0.001314566,0.000309457,,,
1786043722695869371,1786043722.695209934,/novatel/oem7/odom,/novatel/oem7/fix,/novatel/oem7/odom,39.663,-75.756,-1.800380375,0.001691270,0.000309457,0.001064101,-0.001314566,0.000309457,,,
1786043722706378379,1786043722.705870177,/novatel/oem7/inspva,/novatel/oem7/inspva,/novatel/oem7/inspva,39.663,-75.756,-1.800380707,0.001017043,0.001386104,-0.000839194,-0.000574569,0.001386104,,novatel_oem7_msgs.msg.InertialSolutionStatus(status=3),
1786043722707718359,1786043722.706032515,/novatel/oem7/fix,/novatel/oem7/fix,/novatel/oem7/inspva,39.663,-75.756,-1.800380707,0.001017043,0.001386104,-0.000839194,-0.000574569,0.001386104,,0,
1786043722708783050,1786043722.706481103,/novatel/oem7/odom,/novatel/oem7/fix,/novatel/oem7/odom,39.663,-75.756,-1.800380707,0.001023423,0.001381401,-0.000621146,-0.000813370,0.001381401,,,
1786043722710239584,1786043722.709542850,/novatel/oem7/bestpos,/novatel/oem7/bestpos,/novatel/oem7/odom,39.663,-75.756,33.181840354,0.001023423,0.001381401,-0.000621146,-0.000813370,0.001381401,,novatel_oem7_msgs.msg.SolutionStatus(status=0),novatel_oem7_msgs.msg.PositionOrVelocityType(type=53)
1786043722711670995,1786043722.710309131,/novatel/oem7/bestvel,/novatel/oem7/bestpos,/novatel/oem7/bestvel,39.663,-75.756,33.181840354,0.001145478,0.001397837,,,,194.933038634,novatel_oem7_msgs.msg.SolutionStatus(status=0),novatel_oem7_msgs.msg.PositionOrVelocityType(type=53)
1786043722716827233,1786043722.715996815,/novatel/oem7/odom,/novatel/oem7/bestpos,/novatel/oem7/odom,39.663,-75.756,33.181840354,0.001023423,0.001381401,-0.000621146,-0.000813370,0.001381401,,,
1786043722725712769,1786043722.725318801,/novatel/oem7/inspva,/novatel/oem7/inspva,/novatel/oem7/inspva,39.663,-75.756,-1.800391506,0.002363401,0.000397149,0.001500215,-0.001826203,0.000397149,,novatel_oem7_msgs.msg.InertialSolutionStatus(status=3),
1786043722726441362,1786043722.725535176,/novatel/oem7/fix,/novatel/oem7/fix,/novatel/oem7/inspva,39.663,-75.756,-1.800391506,0.002363401,0.000397149,0.001500215,-0.001826203,0.000397149,,0,
1786043722727263286,1786043722.726157746,/novatel/oem7/odom,/novatel/oem7/fix,/novatel/oem7/odom,39.663,-75.756,-1.800391506,0.002363876,0.000394310,-0.001751102,0.001587939,0.000394310,,,
1786043722736023632,1786043722.735637773,/novatel/oem7/odom,/novatel/oem7/fix,/novatel/oem7/odom,39.663,-75.756,-1.800391506,0.002363876,0.000394310,-0.001751102,0.001587939,0.000394310,,,
1786043722745516912,1786043722.745068284,/novatel/oem7/inspva,/novatel/oem7/inspva,/novatel/oem7/inspva,39.663,-75.756,-1.800403923,0.001665167,-0.000630115,0.001015507,-0.001319669,-0.000630115,,novatel_oem7_msgs.msg.InertialSolutionStatus(status=3),
1786043722746139023,1786043722.745210875,/novatel/oem7/fix,/novatel/oem7/fix,/novatel/oem7/inspva,39.663,-75.756,-1.800403923,0.001665167,-0.000630115,0.001015507,-0.001319669,-0.000630115,,0,
1786043722746631595,1786043722.745640790,/novatel/oem7/odom,/novatel/oem7/fix,/novatel/oem7/odom,39.663,-75.756,-1.800403923,0.001664312,-0.000632370,-0.001265077,0.001081441,-0.000632370,,,
1786043722756055943,1786043722.755693577,/novatel/oem7/odom,/novatel/oem7/fix,/novatel/oem7/odom,39.663,-75.756,-1.800403923,0.001664312,-0.000632370,-0.001265077,0.001081441,-0.000632370,,,
1786043722766807607,1786043722.766496064,/novatel/oem7/inspva,/novatel/oem7/inspva,/novatel/oem7/inspva,39.663,-75.756,-1.800404849,0.000834536,-0.000276064,-0.000785481,-0.000281905,-0.000276064,,novatel_oem7_msgs.msg.InertialSolutionStatus(status=3),
1786043722767518476,1786043722.766653209,/novatel/oem7/fix,/novatel/oem7/fix,/novatel/oem7/inspva,39.663,-75.756,-1.800404849,0.000834536,-0.000276064,-0.000785481,-0.000281905,-0.000276064,,0,
1786043722768018422,1786043722.767031701,/novatel/oem7/odom,/novatel/oem7/fix,/novatel/oem7/odom,39.663,-75.756,-1.800404849,0.000833410,-0.000279447,-0.000319417,-0.000769769,-0.000279447,,,
1786043722775804456,1786043722.775369356,/novatel/oem7/odom,/novatel/oem7/fix,/novatel/oem7/odom,39.663,-75.756,-1.800404849,0.000833410,-0.000279447,-0.000319417,-0.000769769,-0.000279447,,,
1786043722785545003,1786043722.785030309,/novatel/oem7/inspva,/novatel/oem7/inspva,/novatel/oem7/inspva,39.663,-75.756,-1.800408693,0.000534703,0.000223353,-0.000532538,-0.000048070,0.000223353,,novatel_oem7_msgs.msg.InertialSolutionStatus(status=3),
1786043722786219222,1786043722.785181300,/novatel/oem7/fix,/novatel/oem7/fix,/novatel/oem7/inspva,39.663,-75.756,-1.800408693,0.000534703,0.000223353,-0.000532538,-0.000048070,0.000223353,,0,
1786043722786764412,1786043722.785647465,/novatel/oem7/odom,/novatel/oem7/fix,/novatel/oem7/odom,39.663,-75.756,-1.800408693,0.000535425,0.000221616,-0.000075341,-0.000530098,0.000221616,,,
1786043722795743530,1786043722.795351915,/novatel/oem7/odom,/novatel/oem7/fix,/novatel/oem7/odom,39.663,-75.756,-1.800408693,0.000535425,0.000221616,-0.000075341,-0.000530098,0.000221616,,,
1786043722806645938,1786043722.806308557,/novatel/oem7/inspva,/novatel/oem7/inspva,/novatel/oem7/inspva,39.663,-75.756,-1.800403073,0.001363622,0.001631799,0.000908155,-0.001017212,0.001631799,,novatel_oem7_msgs.msg.InertialSolutionStatus(status=3),
1786043722807371014,1786043722.806480226,/novatel/oem7/fix,/novatel/oem7/fix,/novatel/oem7/inspva,39.663,-75.756,-1.800403073,0.001363622,0.001631799,0.000908155,-0.001017212,0.001631799,,0,
1786043722808126691,1786043722.807132555,/novatel/oem7/odom,/novatel/oem7/fix,/novatel/oem7/odom,39.663,-75.756,-1.800403073,0.001365284,0.001630408,-0.000977559,0.000953089,0.001630408,,,
1786043722810432491,1786043722.810076648,/novatel/oem7/bestpos,/novatel/oem7/bestpos,/novatel/oem7/odom,39.663,-75.756,33.181800218,0.001365284,0.001630408,-0.000977559,0.000953089,0.001630408,,novatel_oem7_msgs.msg.SolutionStatus(status=0),novatel_oem7_msgs.msg.PositionOrVelocityType(type=53)
1786043722811151477,1786043722.810511116,/novatel/oem7/bestvel,/novatel/oem7/bestpos,/novatel/oem7/bestvel,39.663,-75.756,33.181800218,0.001621979,0.000513096,,,,14.627627274,novatel_oem7_msgs.msg.SolutionStatus(status=0),novatel_oem7_msgs.msg.PositionOrVelocityType(type=53)
1786043722815820829,1786043722.814773241,/novatel/oem7/odom,/novatel/oem7/bestpos,/novatel/oem7/odom,39.663,-75.756,33.181800218,0.001365284,0.001630408,-0.000977559,0.000953089,0.001630408,,,
1786043722826524108,1786043722.825959263,/novatel/oem7/inspva,/novatel/oem7/inspva,/novatel/oem7/inspva,39.663,-75.756,-1.800421344,0.001501490,-0.000033095,0.001124294,-0.000995206,-0.000033095,,novatel_oem7_msgs.msg.InertialSolutionStatus(status=3),
1786043722827974336,1786043722.826130181,/novatel/oem7/fix,/novatel/oem7/fix,/novatel/oem7/inspva,39.663,-75.756,-1.800421344,0.001501490,-0.000033095,0.001124294,-0.000995206,-0.000033095,,0,
1786043722829061497,1786043722.826494067,/novatel/oem7/odom,/novatel/oem7/fix,/novatel/oem7/odom,39.663,-75.756,-1.800421344,0.001501475,-0.000033742,-0.000938050,0.001172386,-0.000033742,,,
1786043722835034408,1786043722.834626306,/novatel/oem7/odom,/novatel/oem7/fix,/novatel/oem7/odom,39.663,-75.756,-1.800421344,0.001501475,-0.000033742,-0.000938050,0.001172386,-0.000033742,,,
1786043722845466284,1786043722.845120453,/novatel/oem7/inspva,/novatel/oem7/inspva,/novatel/oem7/inspva,39.663,-75.756,-1.800436104,0.000434740,-0.001302945,-0.000054418,-0.000431321,-0.001302945,,novatel_oem7_msgs.msg.InertialSolutionStatus(status=3),
1786043722846146617,1786043722.845285499,/novatel/oem7/fix,/novatel/oem7/fix,/novatel/oem7/inspva,39.663,-75.756,-1.800436104,0.000434740,-0.001302945,-0.000054418,-0.000431321,-0.001302945,,0,
1786043722846686233,1786043722.845754050,/novatel/oem7/odom,/novatel/oem7/fix,/novatel/oem7/odom,39.663,-75.756,-1.800436104,0.000429235,-0.001304768,-0.000428226,-0.000029414,-0.001304768,,,
1786043722856835145,1786043722.856359749,/novatel/oem7/odom,/novatel/oem7/fix,/novatel/oem7/odom,39.663,-75.756,-1.800436104,0.000429235,-0.001304768,-0.000428226,-0.000029414,-0.001304768,,,
1786043722865778110,1786043722.865286661,/novatel/oem7/inspva,/novatel/oem7/inspva,/novatel/oem7/inspva,39.663,-75.756,-1.800437544,0.000341767,-0.000363581,-0.000039725,-0.000339451,-0.000363581,,novatel_oem7_msgs.msg.InertialSolutionStatus(status=3),
1786043722866467893,1786043722.865458313,/novatel/oem7/fix,/novatel/oem7/fix,/novatel/oem7/inspva,39.663,-75.756,-1.800437544,0.000341767,-0.000363581,-0.000039725,-0.000339451,-0.000363581,,0,
1786043722867024643,1786043722.865917654,/novatel/oem7/odom,/novatel/oem7/fix,/novatel/oem7/odom,39.663,-75.756,-1.800437544,0.000340237,-0.000365013,-0.000339536,-0.000021840,-0.000365013,,,
1786043722874814875,1786043722.874331341,/novatel/oem7/odom,/novatel/oem7/fix,/novatel/oem7/odom,39.663,-75.756,-1.800437544,0.000340237,-0.000365013,-0.000339536,-0.000021840,-0.000365013,,,
1786043722885572244,1786043722.885248847,/novatel/oem7/inspva,/novatel/oem7/inspva,/novatel/oem7/inspva,39.663,-75.756,-1.800428002,0.000393510,0.001530526,0.000073045,0.000386672,0.001530526,,novatel_oem7_msgs.msg.InertialSolutionStatus(status=3),
1786043722886194064,1786043722.885398735,/novatel/oem7/fix,/novatel/oem7/fix,/novatel/oem7/inspva,39.663,-75.756,-1.800428002,0.000393510,0.001530526,0.000073045,0.000386672,0.001530526,,0,
1786043722886888863,1786043722.885986487,/novatel/oem7/odom,/novatel/oem7/fix,/novatel/oem7/odom,39.663,-75.756,-1.800428002,0.000386776,0.001532242,0.000383586,0.000049576,0.001532242,,,
1786043722895837885,1786043722.895346057,/novatel/oem7/odom,/novatel/oem7/fix,/novatel/oem7/odom,39.663,-75.756,-1.800428002,0.000386776,0.001532242,0.000383586,0.000049576,0.001532242,,,
1786043722906084898,1786043722.905793475,/novatel/oem7/inspva,/novatel/oem7/inspva,/novatel/oem7/inspva,39.663,-75.756,-1.800440572,0.001131455,0.000814348,0.000954834,-0.000607027,0.000814348,,novatel_oem7_msgs.msg.InertialSolutionStatus(status=3),
1786043722906675189,1786043722.905937153,/novatel/oem7/fix,/novatel/oem7/fix,/novatel/oem7/inspva,39.663,-75.756,-1.800440572,0.001131455,0.000814348,0.000954834,-0.000607027,0.000814348,,0,
1786043722907363928,1786043722.906455094,/novatel/oem7/odom,/novatel/oem7/fix,/novatel/oem7/odom,39.663,-75.756,-1.800440572,0.001131185,0.000814723,-0.000562226,0.000981570,0.000814723,,,
1786043722909708734,1786043722.909366607,/novatel/oem7/bestpos,/novatel/oem7/bestpos,/novatel/oem7/odom,39.663,-75.756,33.181768070,0.001131185,0.000814723,-0.000562226,0.000981570,0.000814723,,novatel_oem7_msgs.msg.SolutionStatus(status=0),novatel_oem7_msgs.msg.PositionOrVelocityType(type=53)
1786043722910339203,1786043722.909932583,/novatel/oem7/bestvel,/novatel/oem7/bestpos,/novatel/oem7/bestvel,39.663,-75.756,33.181768070,0.001308455,0.000042633,,,,38.323166700,novatel_oem7_msgs.msg.SolutionStatus(status=0),novatel_oem7_msgs.msg.PositionOrVelocityType(type=53)
1786043722914807019,1786043722.914430594,/novatel/oem7/odom,/novatel/oem7/bestpos,/novatel/oem7/odom,39.663,-75.756,33.181768070,0.001131185,0.000814723,-0.000562226,0.000981570,0.000814723,,,
1786043722926850569,1786043722.926548814,/novatel/oem7/inspva,/novatel/oem7/inspva,/novatel/oem7/inspva,39.663,-75.756,-1.800458550,0.001394739,-0.001201963,0.000550592,-0.001281462,-0.001201963,,novatel_oem7_msgs.msg.InertialSolutionStatus(status=3),
1786043722928146090,1786043722.926702923,/novatel/oem7/fix,/novatel/oem7/fix,/novatel/oem7/inspva,39.663,-75.756,-1.800458550,0.001394739,-0.001201963,0.000550592,-0.001281462,-0.001201963,,0,
1786043722929187154,1786043722.927305689,/novatel/oem7/odom,/novatel/oem7/fix,/novatel/oem7/odom,39.663,-75.756,-1.800458550,0.001391815,-0.001205347,-0.001247700,0.000616762,-0.001205347,,,
1786043722935065044,1786043722.934692189,/novatel/oem7/odom,/novatel/oem7/fix,/novatel/oem7/odom,39.663,-75.756,-1.800458550,0.001391815,-0.001205347,-0.001247700,0.000616762,-0.001205347,,,
1786043722945495121,1786043722.945181764,/novatel/oem7/inspva,/novatel/oem7/inspva,/novatel/oem7/inspva,39.663,-75.756,-1.800453916,0.000250479,-0.000775995,0.000211883,-0.000133586,-0.000775995,,novatel_oem7_msgs.msg.InertialSolutionStatus(status=3),
1786043722946096474,1786043722.945329445,/novatel/oem7/fix,/novatel/oem7/fix,/novatel/oem7/inspva,39.663,-75.756,-1.800453916,0.000250479,-0.000775995,0.000211883,-0.000133586,-0.000775995,,0,
1786043722946579379,1786043722.945704552,/novatel/oem7/odom,/novatel/oem7/fix,/novatel/oem7/odom,39.663,-75.756,-1.800453916,0.000250795,-0.000775893,-0.000119762,0.000220352,-0.000775893,,,
1786043722956309466,1786043722.955975517,/novatel/oem7/odom,/novatel/oem7/fix,/novatel/oem7/odom,39.663,-75.756,-1.800453916,0.000250795,-0.000775893,-0.000119762,0.000220352,-0.000775893,,,
1786043722965723066,1786043722.965358498,/novatel/oem7/inspva,/novatel/oem7/inspva,/novatel/oem7/inspva,39.663,-75.756,-1.800437981,0.000870775,0.001494936,-0.000862680,-0.000118461,0.001494936,,novatel_oem7_msgs.msg.InertialSolutionStatus(status=3),
1786043722966323028,1786043722.965515619,/novatel/oem7/fix,/novatel/oem7/fix,/novatel/oem7/inspva,39.663,-75.756,-1.800437981,0.000870775,0.001494936,-0.000862680,-0.000118461,0.001494936,,0,
1786043722966997597,1786043722.966095775,/novatel/oem7/odom,/novatel/oem7/fix,/novatel/oem7/odom,39.663,-75.756,-1.800437981,0.000875878,0.001491953,-0.000167281,-0.000859755,0.001491953,,,
1786043722975497468,1786043722.975128882,/novatel/oem7/odom,/novatel/oem7/fix,/novatel/oem7/odom,39.663,-75.756,-1.800437981,0.000875878,0.001491953,-0.000167281,-0.000859755,0.001491953,,,
1786043722986473881,1786043722.986111768,/novatel/oem7/inspva,/novatel/oem7/inspva,/novatel/oem7/inspva,39.663,-75.756,-1.800448022,0.000545546,0.000920917,0.000254475,0.000482559,0.000920917,,novatel_oem7_msgs.msg.InertialSolutionStatus(status=3),
1786043722987134795,1786043722.986260369,/novatel/oem7/fix,/novatel/oem7/fix,/novatel/oem7/inspva,39.663,-75.756,-1.800448022,0.000545546,0.000920917,0.000254475,0.000482559,0.000920917,,0,
1786043722987653699,1786043722.986773171,/novatel/oem7/odom,/novatel/oem7/fix,/novatel/oem7/odom,39.663,-75.756,-1.800448022,0.000541095,0.000923539,0.000490852,0.000227703,0.000923539,,,
1786043722994791884,1786043722.994350089,/novatel/oem7/odom,/novatel/oem7/fix,/novatel/oem7/odom,39.663,-75.756,-1.800448022,0.000541095,0.000923539,0.000490852,0.000227703,0.000923539,,,
1786043723010550477,1786043723.010228521,/novatel/oem7/inspva,/novatel/oem7/inspva,/novatel/oem7/inspva,39.663,-75.756,-1.800466253,0.001338853,-0.000988805,0.000805375,-0.001069532,-0.000988805,,novatel_oem7_msgs.msg.InertialSolutionStatus(status=3),
1786043723011622398,1786043723.010378023,/novatel/oem7/fix,/novatel/oem7/fix,/novatel/oem7/inspva,39.663,-75.756,-1.800466253,0.001338853,-0.000988805,0.000805375,-0.001069532,-0.000988805,,0,
1786043723012839120,1786043723.012293262,/novatel/oem7/odom,/novatel/oem7/fix,/novatel/oem7/odom,39.663,-75.756,-1.800466253,0.001337482,-0.000990659,-0.001024190,0.000860171,-0.000990659,,,
1786043723016778780,1786043723.016407126,/novatel/oem7/odom,/novatel/oem7/fix,/novatel/oem7/odom,39.663,-75.756,-1.800466253,0.001337482,-0.000990659,-0.001024190,0.000860171,-0.000990659,,,
1786043723027356969,1786043723.026961384,/novatel/oem7/bestpos,/novatel/oem7/bestpos,/novatel/oem7/odom,39.663,-75.756,33.181753689,0.001337482,-0.000990659,-0.001024190,0.000860171,-0.000990659,,novatel_oem7_msgs.msg.SolutionStatus(status=0),novatel_oem7_msgs.msg.PositionOrVelocityType(type=53)
1786043723028062947,1786043723.027455673,/novatel/oem7/bestvel,/novatel/oem7/bestpos,/novatel/oem7/bestvel,39.663,-75.756,33.181753689,0.001421607,-0.001491177,,,,333.894206787,novatel_oem7_msgs.msg.SolutionStatus(status=0),novatel_oem7_msgs.msg.PositionOrVelocityType(type=53)
1786043723028762466,1786043723.028006472,/novatel/oem7/inspva,/novatel/oem7/inspva,/novatel/oem7/inspva,39.663,-75.756,-1.800470024,0.001508527,-0.001722502,0.000812364,-0.001271109,-0.001722502,,novatel_oem7_msgs.msg.InertialSolutionStatus(status=3),
1786043723029162021,1786043723.028153260,/novatel/oem7/fix,/novatel/oem7/fix,/novatel/oem7/inspva,39.663,-75.756,-1.800470024,0.001508527,-0.001722502,0.000812364,-0.001271109,-0.001722502,,0,
1786043723029937845,1786043723.028610815,/novatel/oem7/odom,/novatel/oem7/fix,/novatel/oem7/odom,39.663,-75.756,-1.800470024,0.001505540,-0.001725112,-0.001222199,0.000879136,-0.001725112,,,
1786043723035490795,1786043723.035051319,/novatel/oem7/odom,/novatel/oem7/fix,/novatel/oem7/odom,39.663,-75.756,-1.800470024,0.001505540,-0.001725112,-0.001222199,0.000879136,-0.001725112,,,
1786043723047447768,1786043723.046932833,/novatel/oem7/inspva,/novatel/oem7/inspva,/novatel/oem7/inspva,39.663,-75.756,-1.800469322,0.001001425,0.001058058,-0.000928962,0.000374007,0.001058058,,novatel_oem7_msgs.msg.InertialSolutionStatus(status=3),
1786043723048067112,1786043723.047138232,/novatel/oem7/fix,/novatel/oem7/fix,/novatel/oem7/inspva,39.663,-75.756,-1.800469322,0.001001425,0.001058058,-0.000928962,0.000374007,0.001058058,,0,
1786043723048551156,1786043723.047812266,/novatel/oem7/odom,/novatel/oem7/fix,/novatel/oem7/odom,39.663,-75.756,-1.800469322,0.001002746,0.001056806,0.000323110,-0.000949263,0.001056806,,,
1786043723056582241,1786043723.056234176,/novatel/oem7/odom,/novatel/oem7/fix,/novatel/oem7/odom,39.663,-75.756,-1.800469322,0.001002746,0.001056806,0.000323110,-0.000949263,0.001056806,,,
1786043723065499776,1786043723.065186860,/novatel/oem7/inspva,/novatel/oem7/inspva,/novatel/oem7/inspva,39.663,-75.756,-1.800497237,0.000233051,0.000780781,0.000141722,0.000185007,0.000780781,,novatel_oem7_msgs.msg.InertialSolutionStatus(status=3),
1786043723066119967,1786043723.065280574,/novatel/oem7/fix,/novatel/oem7/fix,/novatel/oem7/inspva,39.663,-75.756,-1.800497237,0.000233051,0.000780781,0.000141722,0.000185007,0.000780781,,0,
1786043723066594860,1786043723.065686390,/novatel/oem7/odom,/novatel/oem7/fix,/novatel/oem7/odom,39.663,-75.756,-1.800497237,0.000229223,0.000781913,0.000188629,0.000130239,0.000781913,,,
1786043723075055707,1786043723.074702660,/novatel/oem7/odom,/novatel/oem7/fix,/novatel/oem7/odom,39.663,-75.756,-1.800497237,0.000229223,0.000781913,0.000188629,0.000130239,0.000781913,,,
1786043723085645284,1786043723.085334036,/novatel/oem7/inspva,/novatel/oem7/inspva,/novatel/oem7/inspva,39.663,-75.756,-1.800533906,0.001293192,-0.001079244,0.001021762,-0.000792685,-0.001079244,,novatel_oem7_msgs.msg.InertialSolutionStatus(status=3),
1786043723086299518,1786043723.085437945,/novatel/oem7/fix,/novatel/oem7/fix,/novatel/oem7/inspva,39.663,-75.756,-1.800533906,0.001293192,-0.001079244,0.001021762,-0.000792685,-0.001079244,,0,
1786043723087034585,1786043723.086091550,/novatel/oem7/odom,/novatel/oem7/fix,/novatel/oem7/odom,39.663,-75.756,-1.800533906,0.001293097,-0.001079357,-0.000736583,0.001062801,-0.001079357,,,
1786043723095361601,1786043723.095015222,/novatel/oem7/odom,/novatel/oem7/fix,/novatel/oem7/odom,39.663,-75.756,-1.800533906,0.001293097,-0.001079357,-0.000736583,0.001062801,-0.001079357,,,
1786043723106560186,1786043723.106200924,/novatel/oem7/inspva,/novatel/oem7/inspva,/novatel/oem7/inspva,39.663,-75.756,-1.800552457,0.001337991,-0.001302039,0.000885797,-0.001002788,-0.001302039,,novatel_oem7_msgs.msg.InertialSolutionStatus(status=3),
1786043723107252848,1786043723.106329982,/novatel/oem7/fix,/novatel/oem7/fix,/novatel/oem7/inspva,39.663,-75.756,-1.800552457,0.001337991,-0.001302039,0.000885797,-0.001002788,-0.001302039,,0,
1786043723107747499,1786043723.106811680,/novatel/oem7/odom,/novatel/oem7/fix,/novatel/oem7/odom,39.663,-75.756,-1.800552457,0.001336668,-0.001303398,-0.000952255,0.000938024,-0.001303398,,,
1786043723109765632,1786043723.109418369,/novatel/oem7/bestpos,/novatel/oem7/bestpos,/novatel/oem7/odom,39.663,-75.756,33.181623294,0.001336668,-0.001303398,-0.000952255,0.000938024,-0.001303398,,novatel_oem7_msgs.msg.SolutionStatus(status=0),novatel_oem7_msgs.msg.PositionOrVelocityType(type=53)
1786043723110482007,1786043723.110065813,/novatel/oem7/bestvel,/novatel/oem7/bestpos,/novatel/oem7/bestvel,39.663,-75.756,33.181623294,0.000567384,-0.001211673,,,,299.523729880,novatel_oem7_msgs.msg.SolutionStatus(status=0),novatel_oem7_msgs.msg.PositionOrVelocityType(type=53)
1786043723114724475,1786043723.114319534,/novatel/oem7/odom,/novatel/oem7/bestpos,/novatel/oem7/odom,39.663,-75.756,33.181623294,0.001336668,-0.001303398,-0.000952255,0.000938024,-0.001303398,,,
1786043723125638972,1786043723.125286734,/novatel/oem7/inspva,/novatel/oem7/inspva,/novatel/oem7/inspva,39.663,-75.756,-1.800564062,0.001196946,-0.000391099,-0.001041423,-0.000590015,-0.000391099,,novatel_oem7_msgs.msg.InertialSolutionStatus(status=3),
1786043723126288291,1786043723.125427125,/novatel/oem7/fix,/novatel/oem7/fix,/novatel/oem7/inspva,39.663,-75.756,-1.800564062,0.001196946,-0.000391099,-0.001041423,-0.000590015,-0.000391099,,0,
1786043723127034017,1786043723.126056211,/novatel/oem7/odom,/novatel/oem7/fix,/novatel/oem7/odom,39.663,-75.756,-1.800564062,0.001195186,-0.000396446,-0.000639406,-0.001009767,-0.000396446,,,
1786043723135840534,1786043723.135501115,/novatel/oem7/odom,/novatel/oem7/fix,/novatel/oem7/odom,39.663,-75.756,-1.800564062,0.001195186,-0.000396446,-0.000639406,-0.001009767,-0.000396446,,,
1786043723145349982,1786043723.145058189,/novatel/oem7/inspva,/novatel/oem7/inspva,/novatel/oem7/inspva,39.663,-75.756,-1.800579946,0.000705806,0.000536198,-0.000599353,0.000372744,0.000536198,,novatel_oem7_msgs.msg.InertialSolutionStatus(status=3),
1786043723145972025,1786043723.145153174,/novatel/oem7/fix,/novatel/oem7/fix,/novatel/oem7/inspva,39.663,-75.756,-1.800579946,0.000705806,0.000536198,-0.000599353,0.000372744,0.000536198,,0,
1786043723146442999,1786043723.145602936,/novatel/oem7/odom,/novatel/oem7/fix,/novatel/oem7/odom,39.663,-75.756,-1.800579946,0.000706034,0.000535898,0.000340333,-0.000618593,0.000535898,,,
1786043723156003842,1786043723.155643930,/novatel/oem7/odom,/novatel/oem7/fix,/novatel/oem7/odom,39.663,-75.756,-1.800579946,0.000706034,0.000535898,0.000340333,-0.000618593,0.000535898,,,
1786043723166744118,1786043723.166459080,/novatel/oem7/inspva,/novatel/oem7/inspva,/novatel/oem7/inspva,39.663,-75.756,-1.800599647,0.001570643,0.000305826,0.001081412,-0.001139065,0.000305826,,novatel_oem7_msgs.msg.InertialSolutionStatus(status=3),
1786043723167403261,1786043723.166547484,/novatel/oem7/fix,/novatel/oem7/fix,/novatel/oem7/inspva,39.663,-75.756,-1.800599647,0.001570643,0.000305826,0.001081412,-0.001139065,0.000305826,,0,
1786043723167866485,1786043723.166994999,/novatel/oem7/odom,/novatel/oem7/fix,/novatel/oem7/odom,39.663,-75.756,-1.800599647,0.001570904,0.000304485,-0.001085168,0.001135847,0.000304485,,,
1786043723175114397,1786043723.174758943,/novatel/oem7/odom,/novatel/oem7/fix,/novatel/oem7/odom,39.663,-75.756,-1.800599647,0.001570904,0.000304485,-0.001085168,0.001135847,0.000304485,,,
1786043723185309864,1786043723.185018609,/novatel/oem7/inspva,/novatel/oem7/inspva,/novatel/oem7/inspva,39.663,-75.756,-1.800613488,0.001411886,-0.000591074,0.001049554,-0.000944383,-0.000591074,,novatel_oem7_msgs.msg.InertialSolutionStatus(status=3),
1786043723185925907,1786043723.185101183,/novatel/oem7/fix,/novatel/oem7/fix,/novatel/oem7/inspva,39.663,-75.756,-1.800613488,0.001411886,-0.000591074,0.001049554,-0.000944383,-0.000591074,,0,
1786043723186382967,1786043723.185557494,/novatel/oem7/odom,/novatel/oem7/fix,/novatel/oem7/odom,39.663,-75.756,-1.800613488,0.001411608,-0.000591738,-0.000888665,0.001096773,-0.000591738,,,
1786043723195090737,1786043723.194657745,/novatel/oem7/odom,/novatel/oem7/fix,/novatel/oem7/odom,39.663,-75.756,-1.800613488,0.001411608,-0.000591738,-0.000888665,0.001096773,-0.000591738,,,
1786043723206777890,1786043723.206397615,/novatel/oem7/inspva,/novatel/oem7/inspva,/novatel/oem7/inspva,39.663,-75.756,-1.800635883,0.000861250,-0.001377744,-0.000840864,-0.000186275,-0.001377744,,novatel_oem7_msgs.msg.InertialSolutionStatus(status=3),
1786043723207414289,1786043723.206604035,/novatel/oem7/fix,/novatel/oem7/fix,/novatel/oem7/inspva,39.663,-75.756,-1.800635883,0.000861250,-0.001377744,-0.000840864,-0.000186275,-0.001377744,,0,
1786043723208081096,1786043723.207252657,/novatel/oem7/odom,/novatel/oem7/fix,/novatel/oem7/odom,39.663,-75.756,-1.800635883,0.000856154,-0.001380917,-0.000222196,-0.000826818,-0.001380917,,,
1786043723210513641,1786043723.210219570,/novatel/oem7/bestpos,/novatel/oem7/bestpos,/novatel/oem7/odom,39.663,-75.756,33.181540191,0.000856154,-0.001380917,-0.000222196,-0.000826818,-0.001380917,,novatel_oem7_msgs.msg.SolutionStatus(status=0),novatel_oem7_msgs.msg.PositionOrVelocityType(type=53)
1786043723211138273,1786043723.210745266,/novatel/oem7/bestvel,/novatel/oem7/bestpos,/novatel/oem7/bestvel,39.663,-75.756,33.181540191,0.001483849,-0.000811443,,,,224.097450165,novatel_oem7_msgs.msg.SolutionStatus(status=0),novatel_oem7_msgs.msg.PositionOrVelocityType(type=53)
1786043723215050127,1786043723.214727441,/novatel/oem7/odom,/novatel/oem7/bestpos,/novatel/oem7/odom,39.663,-75.756,33.181540191,0.000856154,-0.001380917,-0.000222196,-0.000826818,-0.001380917,,,
1786043723226326958,1786043723.226037097,/novatel/oem7/inspva,/novatel/oem7/inspva,/novatel/oem7/inspva,39.663,-75.756,-1.800644645,0.001317926,-0.000182696,-0.001132967,0.000673287,-0.000182696,,novatel_oem7_msgs.msg.InertialSolutionStatus(status=3),
1786043723226929563,1786043723.226117517,/novatel/oem7/fix,/novatel/oem7/fix,/novatel/oem7/inspva,39.663,-75.756,-1.800644645,0.001317926,-0.000182696,-0.001132967,0.000673287,-0.000182696,,0,
1786043723227416659,1786043723.226612993,/novatel/oem7/odom,/novatel/oem7/fix,/novatel/oem7/odom,39.663,-75.756,-1.800644645,0.001317830,-0.000183394,0.000616925,-0.001164508,-0.000183394,,,
1786043723234774606,1786043723.234407774,/novatel/oem7/odom,/novatel/oem7/fix,/novatel/oem7/odom,39.663,-75.756,-1.800644645,0.001317830,-0.000183394,0.000616925,-0.001164508,-0.000183394,,,
1786043723245522695,1786043723.245234269,/novatel/oem7/inspva,/novatel/oem7/inspva,/novatel/oem7/inspva,39.663,-75.756,-1.800661647,0.001403383,0.000505289,0.000952368,-0.001030767,0.000505289,,novatel_oem7_msgs.msg.InertialSolutionStatus(status=3),
1786043723246111523,1786043723.245322229,/novatel/oem7/fix,/novatel/oem7/fix,/novatel/oem7/inspva,39.663,-75.756,-1.800661647,0.001403383,0.000505289,0.000952368,-0.001030767,0.000505289,,0,
1786043723246749771,1786043723.246109777,/novatel/oem7/odom,/novatel/oem7/fix,/novatel/oem7/odom,39.663,-75.756,-1.800661647,0.001403857,0.000503971,-0.000984272,0.001001011,0.000503971,,,
1786043723256583183,1786043723.256224458,/novatel/oem7/odom,/novatel/oem7/fix,/novatel/oem7/odom,39.663,-75.756,-1.800661647,0.001403857,0.000503971,-0.000984272,0.001001011,0.000503971,,,
1786043723265486220,1786043723.264971635,/novatel/oem7/inspva,/novatel/oem7/inspva,/novatel/oem7/inspva,39.663,-75.756,-1.800687316,0.001559439,-0.000782193,0.001042144,-0.001160081,-0.000782193,,novatel_oem7_msgs.msg.InertialSolutionStatus(status=3),
1786043723266026111,1786043723.265174361,/novatel/oem7/fix,/novatel/oem7/fix,/novatel/oem7/inspva,39.663,-75.756,-1.800687316,0.001559439,-0.000782193,0.001042144,-0.001160081,-0.000782193,,0,
1786043723266465560,1786043723.265519847,/novatel/oem7/odom,/novatel/oem7/fix,/novatel/oem7/odom,39.663,-75.756,-1.800687316,0.001558670,-0.000783725,-0.001103694,0.001100596,-0.000783725,,,
1786043723274725904,1786043723.274373612,/novatel/oem7/odom,/novatel/oem7/fix,/novatel/oem7/odom,39.663,-75.756,-1.800687316,0.001558670,-0.000783725,-0.001103694,0.001100596,-0.000783725,,,
1786043723286753583,1786043723.286489808,/novatel/oem7/inspva,/novatel/oem7/inspva,/novatel/oem7/inspva,39.663,-75.756,-1.800713385,0.000804964,-0.001455993,-0.000137326,-0.000793163,-0.001455993,,novatel_oem7_msgs.msg.InertialSolutionStatus(status=3),
1786043723287362470,1786043723.286573529,/novatel/oem7/fix,/novatel/oem7/fix,/novatel/oem7/inspva,39.663,-75.756,-1.800713385,0.000804964,-0.001455993,-0.000137326,-0.000793163,-0.001455993,,0,
1786043723288168374,1786043723.287159353,/novatel/oem7/odom,/novatel/oem7/fix,/novatel/oem7/odom,39.663,-75.756,-1.800713385,0.000798613,-0.001459487,-0.000793087,-0.000093780,-0.001459487,,,
1786043723295298246,1786043723.294952150,/novatel/oem7/odom,/novatel/oem7/fix,/novatel/oem7/odom,39.663,-75.756,-1.800713385,0.000798613,-0.001459487,-0.000793087,-0.000093780,-0.001459487,,,
1786043723306080629,1786043723.305816535,/novatel/oem7/inspva,/novatel/oem7/inspva,/novatel/oem7/inspva,39.663,-75.756,-1.800724475,0.001067554,-0.000730479,-0.000901526,0.000571771,-0.000730479,,novatel_oem7_msgs.msg.InertialSolutionStatus(status=3),
1786043723306661961,1786043723.305898145,/novatel/oem7/fix,/novatel/oem7/fix,/novatel/oem7/inspva,39.663,-75.756,-1.800724475,0.001067554,-0.000730479,-0.000901526,0.000571771,-0.000730479,,0,
1786043723307295866,1786043723.306493989,/novatel/oem7/odom,/novatel/oem7/fix,/novatel/oem7/odom,39.663,-75.756,-1.800724475,0.001067269,-0.000730895,0.000529255,-0.000926797,-0.000730895,,,
1786043723309848589,1786043723.309581552,/novatel/oem7/bestpos,/novatel/oem7/bestpos,/novatel/oem7/odom,39.663,-75.756,33.181440882,0.001067269,-0.000730895,0.000529255,-0.000926797,-0.000730895,,novatel_oem7_msgs.msg.SolutionStatus(status=0),novatel_oem7_msgs.msg.PositionOrVelocityType(type=53)
1786043723310627746,1786043723.310382905,/novatel/oem7/bestvel,/novatel/oem7/bestpos,/novatel/oem7/bestvel,39.663,-75.756,33.181440882,0.000404708,-0.000812241,,,,159.629045655,novatel_oem7_msgs.msg.SolutionStatus(status=0),novatel_oem7_msgs.msg.PositionOrVelocityType(type=53)
1786043723315901455,1786043723.315583893,/novatel/oem7/odom,/novatel/oem7/bestpos,/novatel/oem7/odom,39.663,-75.756,33.181440882,0.001067269,-0.000730895,0.000529255,-0.000926797,-0.000730895,,,
1786043723325507087,1786043723.325223646,/novatel/oem7/inspva,/novatel/oem7/inspva,/novatel/oem7/inspva,39.663,-75.756,-1.800725532,0.000687970,0.001456747,0.000473515,-0.000499085,0.001456747,,novatel_oem7_msgs.msg.InertialSolutionStatus(status=3),
1786043723326087710,1786043723.325303268,/novatel/oem7/fix,/novatel/oem7/fix,/novatel/oem7/inspva,39.663,-75.756,-1.800725532,0.000687970,0.001456747,0.000473515,-0.000499085,0.001456747,,0,
1786043723326711704,1786043723.325993280,/novatel/oem7/odom,/novatel/oem7/fix,/novatel/oem7/odom,39.663,-75.756,-1.800725532,0.000689271,0.001456132,-0.000480969,0.000493724,0.001456132,,,
1786043723335090890,1786043723.334776724,/novatel/oem7/odom,/novatel/oem7/fix,/novatel/oem7/odom,39.663,-75.756,-1.800725532,0.000689271,0.001456132,-0.000480969,0.000493724,0.001456132,,,
1786043723346633230,1786043723.346113797,/novatel/oem7/inspva,/novatel/oem7/inspva,/novatel/oem7/inspva,39.663,-75.756,-1.800756310,0.001107711,0.000027939,0.000763673,-0.000802388,0.000027939,,novatel_oem7_msgs.msg.InertialSolutionStatus(status=3),
1786043723347210793,1786043723.346315725,/novatel/oem7/fix,/novatel/oem7/fix,/novatel/oem7/inspva,39.663,-75.756,-1.800756310,0.001107711,0.000027939,0.000763673,-0.000802388,0.000027939,,0,
1786043723347632535,1786043723.346784997,/novatel/oem7/odom,/novatel/oem7/fix,/novatel/oem7/odom,39.663,-75.756,-1.800756310,0.001107734,0.000027022,-0.000763574,0.000802514,0.000027022,,,
1786043723356167793,1786043723.355844574,/novatel/oem7/odom,/novatel/oem7/fix,/novatel/oem7/odom,39.663,-75.756,-1.800756310,0.001107734,0.000027022,-0.000763574,0.000802514,0.000027022,,,
1786043723365528175,1786043723.365253229,/novatel/oem7/inspva,/novatel/oem7/inspva,/novatel/oem7/inspva,39.663,-75.756,-1.800783723,0.000655418,-0.001603506,0.000133069,-0.000641768,-0.001603506,,novatel_oem7_msgs.msg.InertialSolutionStatus(status=3),
1786043723366109384,1786043723.365333988,/novatel/oem7/fix,/novatel/oem7/fix,/novatel/oem7/inspva,39.663,-75.756,-1.800783723,0.000655418,-0.001603506,0.000133069,-0.000641768,-0.001603506,,0,
1786043723366760712,1786043723.365974158,/novatel/oem7/odom,/novatel/oem7/fix,/novatel/oem7/odom,39.663,-75.756,-1.800783723,0.000650252,-0.001605609,-0.000627851,0.000169207,-0.001605609,,,
1786043723375991272,1786043723.375578330,/novatel/oem7/odom,/novatel/oem7/fix,/novatel/oem7/odom,39.663,-75.756,-1.800783723,0.000650252,-0.001605609,-0.000627851,0.000169207,-0.001605609,,,
1786043723385389790,1786043723.385127137,/novatel/oem7/inspva,/novatel/oem7/inspva,/novatel/oem7/inspva,39.663,-75.756,-1.800787169,0.000518149,-0.001214474,-0.000282031,-0.000434668,-0.001214474,,novatel_oem7_msgs.msg.InertialSolutionStatus(status=3),
1786043723385959130,1786043723.385208659,/novatel/oem7/fix,/novatel/oem7/fix,/novatel/oem7/inspva,39.663,-75.756,-1.800787169,0.000518149,-0.001214474,-0.000282031,-0.000434668,-0.001214474,,0,
1786043723387264003,1786043723.386920106,/novatel/oem7/odom,/novatel/oem7/fix,/novatel/oem7/odom,39.663,-75.756,-1.800787169,0.000512165,-0.001217010,-0.000443174,-0.000256729,-0.001217010,,,
1786043723394741299,1786043723.394387641,/novatel/oem7/odom,/novatel/oem7/fix,/novatel/oem7/odom,39.663,-75.756,-1.800787169,0.000512165,-0.001217010,-0.000443174,-0.000256729,-0.001217010,,,
1786043723406848362,1786043723.406466540,/novatel/oem7/inspva,/novatel/oem7/inspva,/novatel/oem7/inspva,39.663,-75.756,-1.800776866,0.000734051,0.001704735,0.000469441,0.000564319,0.001704735,,novatel_oem7_msgs.msg.InertialSolutionStatus(status=3),
1786043723407684599,1786043723.406543841,/novatel/oem7/fix,/novatel/oem7/fix,/novatel/oem7/inspva,39.663,-75.756,-1.800776866,0.000734051,0.001704735,0.000469441,0.000564319,0.001704735,,0,
1786043723408102555,1786043723.407230766,/novatel/oem7/odom,/novatel/oem7/fix,/novatel/oem7/odom,39.663,-75.756,-1.800776866,0.000725598,0.001708350,0.000579923,0.000436099,0.001708350,,,
1786043723410485452,1786043723.410218298,/novatel/oem7/bestpos,/novatel/oem7/bestpos,/novatel/oem7/odom,39.663,-75.756,33.181370011,0.000725598,0.001708350,0.000579923,0.000436099,0.001708350,,novatel_oem7_msgs.msg.SolutionStatus(status=0),novatel_oem7_msgs.msg.PositionOrVelocityType(type=53)
1786043723411066400,1786043723.410662831,/novatel/oem7/bestvel,/novatel/oem7/bestpos,/novatel/oem7/bestvel,39.663,-75.756,33.181370011,0.001481699,0.001160243,,,,57.173064040,novatel_oem7_msgs.msg.SolutionStatus(status=0),novatel_oem7_msgs.msg.PositionOrVelocityType(type=53)
1786043723415461409,1786043723.415142664,/novatel/oem7/odom,/novatel/oem7/bestpos,/novatel/oem7/odom,39.663,-75.756,33.181370011,0.000725598,0.001708350,0.000579923,0.000436099,0.001708350,,,
1786043723425612047,1786043723.425125684,/novatel/oem7/inspva,/novatel/oem7/inspva,/novatel/oem7/inspva,39.663,-75.756,-1.800804291,0.000704591,0.000897652,0.000658468,0.000250736,0.000897652,,novatel_oem7_msgs.msg.InertialSolutionStatus(status=3),
1786043723426129636,1786043723.425329902,/novatel/oem7/fix,/novatel/oem7/fix,/novatel/oem7/inspva,39.663,-75.756,-1.800804291,0.000704591,0.000897652,0.000658468,0.000250736,0.000897652,,0,
1786043723426546877,1786043723.425672839,/novatel/oem7/odom,/novatel/oem7/fix,/novatel/oem7/odom,39.663,-75.756,-1.800804291,0.000700823,0.000900597,0.000279421,0.000642711,0.000900597,,,
1786043723435992430,1786043723.435615785,/novatel/oem7/odom,/novatel/oem7/fix,/novatel/oem7/odom,39.663,-75.756,-1.800804291,0.000700823,0.000900597,0.000279421,0.000642711,0.000900597,,,
1786043723445747927,1786043723.445489183,/novatel/oem7/inspva,/novatel/oem7/inspva,/novatel/oem7/inspva,39.663,-75.756,-1.800848735,0.000983012,-0.002471903,0.000950664,-0.000250101,-0.002471903,,novatel_oem7_msgs.msg.InertialSolutionStatus(status=3),
1786043723446277917,1786043723.445687762,/novatel/oem7/fix,/novatel/oem7/fix,/novatel/oem7/inspva,39.663,-75.756,-1.800848735,0.000983012,-0.002471903,0.000950664,-0.000250101,-0.002471903,,0,
1786043723446878495,1786043723.446329921,/novatel/oem7/odom,/novatel/oem7/fix,/novatel/oem7/odom,39.663,-75.756,-1.800848735,0.000987659,-0.002470050,-0.000192445,0.000968729,-0.002470050,,,
1786043723456707520,1786043723.456381931,/novatel/oem7/odom,/novatel/oem7/fix,/novatel/oem7/odom,39.663,-75.756,-1.800848735,0.000987659,-0.002470050,-0.000192445,0.000968729,-0.002470050,,,
1786043723466393201,1786043723.466100488,/novatel/oem7/inspva,/novatel/oem7/inspva,/novatel/oem7/inspva,39.663,-75.756,-1.800859258,0.000526238,-0.001789455,0.000517354,-0.000096285,-0.001789455,,novatel_oem7_msgs.msg.InertialSolutionStatus(status=3),
1786043723466912518,1786043723.466266240,/novatel/oem7/fix,/novatel/oem7/fix,/novatel/oem7/inspva,39.663,-75.756,-1.800859258,0.000526238,-0.001789455,0.000517354,-0.000096285,-0.001789455,,0,
1786043723467545891,1786043723.466746708,/novatel/oem7/odom,/novatel/oem7/fix,/novatel/oem7/odom,39.663,-75.756,-1.800859258,0.000530223,-0.001788278,-0.000063129,0.000526452,-0.001788278,,,
1786043723474991178,1786043723.474663663,/novatel/oem7/odom,/novatel/oem7/fix,/novatel/oem7/odom,39.663,-75.756,-1.800859258,0.000530223,-0.001788278,-0.000063129,0.000526452,-0.001788278,,,
1786043723485483221,1786043723.485221835,/novatel/oem7/inspva,/novatel/oem7/inspva,/novatel/oem7/inspva,39.663,-75.756,-1.800854032,0.001505753,0.001074841,-0.000677885,0.001344531,0.001074841,,novatel_oem7_msgs.msg.InertialSolutionStatus(status=3),
1786043723485993898,1786043723.485388890,/novatel/oem7/fix,/novatel/oem7/fix,/novatel/oem7/inspva,39.663,-75.756,-1.800854032,0.001505753,0.001074841,-0.000677885,0.001344531,0.001074841,,0,
1786043723486583933,1786043723.485911859,/novatel/oem7/odom,/novatel/oem7/fix,/novatel/oem7/odom,39.663,-75.756,-1.800854032,0.001503380,0.001078158,0.001304751,-0.000746846,0.001078158,,,
1786043723495994203,1786043723.495638616,/novatel/oem7/odom,/novatel/oem7/fix,/novatel/oem7/odom,39.663,-75.756,-1.800854032,0.001503380,0.001078158,0.001304751,-0.000746846,0.001078158,,,
1786043723506274225,1786043723.505994225,/novatel/oem7/inspva,/novatel/oem7/inspva,/novatel/oem7/inspva,39.663,-75.756,-1.800881178,0.001794499,0.000494714,-0.000240844,0.001778263,0.000494714,,novatel_oem7_msgs.msg.InertialSolutionStatus(status=3),
1786043723506813783,1786043723.506156911,/novatel/oem7/fix,/novatel/oem7/fix,/novatel/oem7/inspva,39.663,-75.756,-1.800881178,0.001794499,0.000494714,-0.000240844,0.001778263,0.000494714,,0,
1786043723507262739,1786043723.506565848,/novatel/oem7/odom,/novatel/oem7/fix,/novatel/oem7/odom,39.663,-75.756,-1.800881178,0.001792736,0.000501063,0.001762051,-0.000330273,0.000501063,,,
1786043723511797919,1786043723.511339289,/novatel/oem7/bestpos,/novatel/oem7/bestpos,/novatel/oem7/odom,39.663,-75.756,33.181256979,0.001792736,0.000501063,0.001762051,-0.000330273,0.000501063,,novatel_oem7_msgs.msg.SolutionStatus(status=0),novatel_oem7_msgs.msg.PositionOrVelocityType(type=53)
1786043723512564732,1786043723.512203164,/novatel/oem7/bestvel,/novatel/oem7/bestpos,/novatel/oem7/bestvel,39.663,-75.756,33.181256979,0.002276485,-0.000120955,,,,79.626640200,novatel_oem7_msgs.msg.SolutionStatus(status=0),novatel_oem7_msgs.msg.PositionOrVelocityType(type=53)
1786043723514832021,1786043723.514503170,/novatel/oem7/odom,/novatel/oem7/bestpos,/novatel/oem7/odom,39.663,-75.756,33.181256979,0.001792736,0.000501063,0.001762051,-0.000330273,0.000501063,,,
1786043723527115191,1786043723.526606901,/novatel/oem7/inspva,/novatel/oem7/inspva,/novatel/oem7/inspva,39.663,-75.756,-1.800909070,0.001493402,-0.000674237,0.001381188,0.000567951,-0.000674237,,novatel_oem7_msgs.msg.InertialSolutionStatus(status=3),
1786043723527659843,1786043723.526743252,/novatel/oem7/fix,/novatel/oem7/fix,/novatel/oem7/inspva,39.663,-75.756,-1.800909070,0.001493402,-0.000674237,0.001381188,0.000567951,-0.000674237,,0,
1786043723528068424,1786043723.527290391,/novatel/oem7/odom,/novatel/oem7/fix,/novatel/oem7/odom,39.663,-75.756,-1.800909070,0.001496267,-0.000667854,0.000638616,0.001353138,-0.000667854,,,
1786043723535273869,1786043723.534955164,/novatel/oem7/odom,/novatel/oem7/fix,/novatel/oem7/odom,39.663,-75.756,-1.800909070,0.001496267,-0.000667854,0.000638616,0.001353138,-0.000667854,,,
1786043723545363975,1786043723.544911270,/novatel/oem7/inspva,/novatel/oem7/inspva,/novatel/oem7/inspva,39.663,-75.756,-1.800921082,0.000987231,-0.001289378,0.000929114,0.000333723,-0.001289378,,novatel_oem7_msgs.msg.InertialSolutionStatus(status=3),
1786043723545907219,1786043723.545058235,/novatel/oem7/fix,/novatel/oem7/fix,/novatel/oem7/inspva,39.663,-75.756,-1.800921082,0.000987231,-0.001289378,0.000929114,0.000333723,-0.001289378,,0,
1786043723546326953,1786043723.545436968,/novatel/oem7/odom,/novatel/oem7/fix,/novatel/oem7/odom,39.663,-75.756,-1.800921082,0.000992573,-0.001285270,0.000384742,0.000914972,-0.001285270,,,
1786043723556044589,1786043723.555731375,/novatel/oem7/odom,/novatel/oem7/fix,/novatel/oem7/odom,39.663,-75.756,-1.800921082,0.000992573,-0.001285270,0.000384742,0.000914972,-0.001285270,,,
1786043723565615373,1786043723.565336653,/novatel/oem7/inspva,/novatel/oem7/inspva,/novatel/oem7/inspva,39.663,-75.756,-1.800911001,0.001810990,0.000852947,-0.000643303,0.001692881,0.000852947,,novatel_oem7_msgs.msg.InertialSolutionStatus(status=3),
1786043723566153794,1786043723.565492892,/novatel/oem7/fix,/novatel/oem7/fix,/novatel/oem7/inspva,39.663,-75.756,-1.800911001,0.001810990,0.000852947,-0.000643303,0.001692881,0.000852947,,0,
1786043723566760620,1786043723.566056398,/novatel/oem7/odom,/novatel/oem7/fix,/novatel/oem7/odom,39.663,-75.756,-1.800911001,0.001808719,0.000857752,0.001655307,-0.000728990,0.000857752,,,
1786043723575525378,1786043723.575140408,/novatel/oem7/odom,/novatel/oem7/fix,/novatel/oem7/odom,39.663,-75.756,-1.800911001,0.001808719,0.000857752,0.001655307,-0.000728990,0.000857752,,,
1786043723586507516,1786043723.586208208,/novatel/oem7/inspva,/novatel/oem7/inspva,/novatel/oem7/inspva,39.663,-75.756,-1.800921118,0.002317962,0.000608578,-0.000404170,0.002282454,0.000608578,,novatel_oem7_msgs.msg.InertialSolutionStatus(status=3),
1786043723587043099,1786043723.586361953,/novatel/oem7/fix,/novatel/oem7/fix,/novatel/oem7/inspva,39.663,-75.756,-1.800921118,0.002317962,0.000608578,-0.000404170,0.002282454,0.000608578,,0,
1786043723587499447,1786043723.586817584,/novatel/oem7/odom,/novatel/oem7/fix,/novatel/oem7/odom,39.663,-75.756,-1.800921118,0.002315874,0.000616478,0.002257022,-0.000518770,0.000616478,,,
1786043723595065434,1786043723.594747026,/novatel/oem7/odom,/novatel/oem7/fix,/novatel/oem7/odom,39.663,-75.756,-1.800921118,0.002315874,0.000616478,0.002257022,-0.000518770,0.000616478,,,
1786043723606686863,1786043723.606409753,/novatel/oem7/inspva,/novatel/oem7/inspva,/novatel/oem7/inspva,39.663,-75.756,-1.800927804,0.001612866,0.000672171,0.001184535,0.001094629,0.000672171,,novatel_oem7_msgs.msg.InertialSolutionStatus(status=3),
1786043723607646137,1786043723.606559857,/novatel/oem7/fix,/novatel/oem7/fix,/novatel/oem7/inspva,39.663,-75.756,-1.800927804,0.001612866,0.000672171,0.001184535,0.001094629,0.000672171,,0,
1786043723608238245,1786043723.607310758,/novatel/oem7/odom,/novatel/oem7/fix,/novatel/oem7/odom,39.663,-75.756,-1.800927804,0.001609540,0.000680095,0.001149323,0.001126799,0.000680095,,,
1786043723610513948,1786043723.610232128,/novatel/oem7/bestpos,/novatel/oem7/bestpos,/novatel/oem7/odom,39.663,-75.756,33.181204611,0.001609540,0.000680095,0.001149323,0.001126799,0.000680095,,novatel_oem7_msgs.msg.SolutionStatus(status=0),novatel_oem7_msgs.msg.PositionOrVelocityType(type=53)
1786043723611076941,1786043723.610595661,/novatel/oem7/bestvel,/novatel/oem7/bestpos,/novatel/oem7/bestvel,39.663,-75.756,33.181204611,0.002706535,-0.000151233,,,,50.573287825,novatel_oem7_msgs.msg.SolutionStatus(status=0),novatel_oem7_msgs.msg.PositionOrVelocityType(type=53)
1786043723615964281,1786043723.615542284,/novatel/oem7/odom,/novatel/oem7/bestpos,/novatel/oem7/odom,39.663,-75.756,33.181204611,0.001609540,0.000680095,0.001149323,0.001126799,0.000680095,,,
1786043723625532604,1786043723.625227897,/novatel/oem7/inspva,/novatel/oem7/inspva,/novatel/oem7/inspva,39.663,-75.756,-1.800938313,0.001509894,-0.000411182,0.001458621,0.000390137,-0.000411182,,novatel_oem7_msgs.msg.InertialSolutionStatus(status=3),
1786043723626067843,1786043723.625366931,/novatel/oem7/fix,/novatel/oem7/fix,/novatel/oem7/inspva,39.663,-75.756,-1.800938313,0.001509894,-0.000411182,0.001458621,0.000390137,-0.000411182,,0,
1786043723626491765,1786043723.625844449,/novatel/oem7/odom,/novatel/oem7/fix,/novatel/oem7/odom,39.663,-75.756,-1.800938313,0.001511493,-0.000405267,0.000463828,0.001438567,-0.000405267,,,
1786043723634921374,1786043723.634596670,/novatel/oem7/odom,/novatel/oem7/fix,/novatel/oem7/odom,39.663,-75.756,-1.800938313,0.001511493,-0.000405267,0.000463828,0.001438567,-0.000405267,,,
1786043723646806111,1786043723.646534089,/novatel/oem7/inspva,/novatel/oem7/inspva,/novatel/oem7/inspva,39.663,-75.756,-1.800942507,0.001560024,-0.000767156,-0.000264506,0.001537436,-0.000767156,,novatel_oem7_msgs.msg.InertialSolutionStatus(status=3),
1786043723648328567,1786043723.646677957,/novatel/oem7/fix,/novatel/oem7/fix,/novatel/oem7/inspva,39.663,-75.756,-1.800942507,0.001560024,-0.000767156,-0.000264506,0.001537436,-0.000767156,,0,
1786043723649356787,1786043723.647151298,/novatel/oem7/odom,/novatel/oem7/fix,/novatel/oem7/odom,39.663,-75.756,-1.800942507,0.001562638,-0.000761818,0.001525547,-0.000338441,-0.000761818,,,
1786043723656841290,1786043723.656539329,/novatel/oem7/odom,/novatel/oem7/fix,/novatel/oem7/odom,39.663,-75.756,-1.800942507,0.001562638,-0.000761818,0.001525547,-0.000338441,-0.000761818,,,
1786043723665413360,1786043723.664970979,/novatel/oem7/inspva,/novatel/oem7/inspva,/novatel/oem7/inspva,39.663,-75.756,-1.800945722,0.002309167,0.000089542,0.000193743,0.002301025,0.000089542,,novatel_oem7_msgs.msg.InertialSolutionStatus(status=3),
1786043723665969477,1786043723.665135957,/novatel/oem7/fix,/novatel/oem7/fix,/novatel/oem7/inspva,39.663,-75.756,-1.800945722,0.002309167,0.000089542,0.000193743,0.002301025,0.000089542,,0,
1786043723666391652,1786043723.665624089,/novatel/oem7/odom,/novatel/oem7/fix,/novatel/oem7/odom,39.663,-75.756,-1.800945722,0.002308768,0.000099292,0.002307419,0.000078927,0.000099292,,,
1786043723675864713,1786043723.675518708,/novatel/oem7/odom,/novatel/oem7/fix,/novatel/oem7/odom,39.663,-75.756,-1.800945722,0.002308768,0.000099292,0.002307419,0.000078927,0.000099292,,,
1786043723685606050,1786043723.685261681,/novatel/oem7/inspva,/novatel/oem7/inspva,/novatel/oem7/inspva,39.663,-75.756,-1.800957110,0.001922394,0.000466063,0.001161469,0.001531857,0.000466063,,novatel_oem7_msgs.msg.InertialSolutionStatus(status=3),
1786043723686126133,1786043723.685405842,/novatel/oem7/fix,/novatel/oem7/fix,/novatel/oem7/inspva,39.663,-75.756,-1.800957110,0.001922394,0.000466063,0.001161469,0.001531857,0.000466063,,0,
1786043723686738739,1786043723.686244201,/novatel/oem7/odom,/novatel/oem7/fix,/novatel/oem7/odom,39.663,-75.756,-1.800957110,0.001920033,0.000475693,0.001585707,0.001082617,0.000475693,,,
1786043723695221064,1786043723.694895621,/novatel/oem7/odom,/novatel/oem7/fix,/novatel/oem7/odom,39.663,-75.756,-1.800957110,0.001920033,0.000475693,0.001585707,0.001082617,0.000475693,,,
1786043723706276180,1786043723.705851653,/novatel/oem7/inspva,/novatel/oem7/inspva,/novatel/oem7/inspva,39.663,-75.756,-1.800981327,0.001921237,-0.001053812,0.001612527,0.001044466,-0.001053812,,novatel_oem7_msgs.msg.InertialSolutionStatus(status=3),
1786043723706816587,1786043723.705994174,/novatel/oem7/fix,/novatel/oem7/fix,/novatel/oem7/inspva,39.663,-75.756,-1.800981327,0.001921237,-0.001053812,0.001612527,0.001044466,-0.001053812,,0,
1786043723707264795,1786043723.706496326,/novatel/oem7/odom,/novatel/oem7/fix,/novatel/oem7/odom,39.663,-75.756,-1.800981327,0.001926145,-0.001044816,0.001127618,0.001561573,-0.001044816,,,
1786043723709779371,1786043723.709265817,/novatel/oem7/bestpos,/novatel/oem7/bestpos,/novatel/oem7/odom,39.663,-75.756,33.181166233,0.001926145,-0.001044816,0.001127618,0.001561573,-0.001044816,,novatel_oem7_msgs.msg.SolutionStatus(status=0),novatel_oem7_msgs.msg.PositionOrVelocityType(type=53)
1786043723710341939,1786043723.709903943,/novatel/oem7/bestvel,/novatel/oem7/bestpos,/novatel/oem7/bestvel,39.663,-75.756,33.181166233,0.002035032,-0.001155098,,,,45.507276341,novatel_oem7_msgs.msg.SolutionStatus(status=0),novatel_oem7_msgs.msg.PositionOrVelocityType(type=53)
1786043723714805609,1786043723.714481686,/novatel/oem7/odom,/novatel/oem7/bestpos,/novatel/oem7/odom,39.663,-75.756,33.181166233,0.001926145,-0.001044816,0.001127618,0.001561573,-0.001044816,,,
1786043723725729896,1786043723.725250699,/novatel/oem7/inspva,/novatel/oem7/inspva,/novatel/oem7/inspva,39.663,-75.756,-1.801006392,0.001608811,-0.001886278,0.000196611,0.001596752,-0.001886278,,novatel_oem7_msgs.msg.InertialSolutionStatus(status=3),
1786043723726261178,1786043723.725394288,/novatel/oem7/fix,/novatel/oem7/fix,/novatel/oem7/inspva,39.663,-75.756,-1.801006392,0.001608811,-0.001886278,0.000196611,0.001596752,-0.001886278,,0,
1786043723726683368,1786043723.725847202,/novatel/oem7/odom,/novatel/oem7/fix,/novatel/oem7/odom,39.663,-75.756,-1.801006392,0.001616891,-0.001879356,0.001612259,0.000122299,-0.001879356,,,
1786043723735966225,1786043723.735584979,/novatel/oem7/odom,/novatel/oem7/fix,/novatel/oem7/odom,39.663,-75.756,-1.801006392,0.001616891,-0.001879356,0.001612259,0.000122299,-0.001879356,,,
1786043723745367034,1786043723.745093554,/novatel/oem7/inspva,/novatel/oem7/inspva,/novatel/oem7/inspva,39.663,-75.756,-1.801009032,0.002087675,-0.000766861,-0.000097645,0.002085390,-0.000766861,,novatel_oem7_msgs.msg.InertialSolutionStatus(status=3),
1786043723745926081,1786043723.745242498,/novatel/oem7/fix,/novatel/oem7/fix,/novatel/oem7/inspva,39.663,-75.756,-1.801009032,0.002087675,-0.000766861,-0.000097645,0.002085390,-0.000766861,,0,
1786043723746540572,1786043723.745718353,/novatel/oem7/odom,/novatel/oem7/fix,/novatel/oem7/odom,39.663,-75.756,-1.801009032,0.002090581,-0.000758903,0.002081091,-0.000198974,-0.000758903,,,
1786043723756030157,1786043723.755721143,/novatel/oem7/odom,/novatel/oem7/fix,/novatel/oem7/odom,39.663,-75.756,-1.801009032,0.002090581,-0.000758903,0.002081091,-0.000198974,-0.000758903,,,
1786043723766813864,1786043723.766379099,/novatel/oem7/inspva,/novatel/oem7/inspva,/novatel/oem7/inspva,39.663,-75.756,-1.801006478,0.002132166,0.001241974,0.001548082,0.001466143,0.001241974,,novatel_oem7_msgs.msg.InertialSolutionStatus(status=3),
1786043723767411578,1786043723.766547181,/novatel/oem7/fix,/novatel/oem7/fix,/novatel/oem7/inspva,39.663,-75.756,-1.801006478,0.002132166,0.001241974,0.001548082,0.001466143,0.001241974,,0,
1786043723767840358,1786043723.766937885,/novatel/oem7/odom,/novatel/oem7/fix,/novatel/oem7/odom,39.663,-75.756,-1.801006478,0.002126009,0.001252483,0.001536048,0.001469855,0.001252483,,,
1786043723775204755,1786043723.774873410,/novatel/oem7/odom,/novatel/oem7/fix,/novatel/oem7/odom,39.663,-75.756,-1.801006478,0.002126009,0.001252483,0.001536048,0.001469855,0.001252483,,,
1786043723785260156,1786043723.784993194,/novatel/oem7/inspva,/novatel/oem7/inspva,/novatel/oem7/inspva,39.663,-75.756,-1.801021855,0.002064426,0.000005218,0.001782110,0.001042084,0.000005218,,novatel_oem7_msgs.msg.InertialSolutionStatus(status=3),
1786043723786197056,1786043723.785132123,/novatel/oem7/fix,/novatel/oem7/fix,/novatel/oem7/inspva,39.663,-75.756,-1.801021855,0.002064426,0.000005218,0.001782110,0.001042084,0.000005218,,0,
1786043723787372549,1786043723.785532657,/novatel/oem7/odom,/novatel/oem7/fix,/novatel/oem7/odom,39.663,-75.756,-1.801021855,0.002064380,0.000014713,0.001129278,0.001728120,0.000014713,,,
1786043723795918265,1786043723.795434325,/novatel/oem7/odom,/novatel/oem7/fix,/novatel/oem7/odom,39.663,-75.756,-1.801021855,0.002064380,0.000014713,0.001129278,0.001728120,0.000014713,,,
1786043723806732182,1786043723.806468148,/novatel/oem7/inspva,/novatel/oem7/inspva,/novatel/oem7/inspva,39.663,-75.756,-1.801036128,0.001777660,-0.001184840,0.001077355,0.001413994,-0.001184840,,novatel_oem7_msgs.msg.InertialSolutionStatus(status=3),
1786043723807343508,1786043723.806609683,/novatel/oem7/fix,/novatel/oem7/fix,/novatel/oem7/inspva,39.663,-75.756,-1.801036128,0.001777660,-0.001184840,0.001077355,0.001413994,-0.001184840,,0,
1786043723807961841,1786043723.807224803,/novatel/oem7/odom,/novatel/oem7/fix,/novatel/oem7/odom,39.663,-75.756,-1.801036128,0.001783525,-0.001175993,0.001470623,0.001009073,-0.001175993,,,
1786043723810807770,1786043723.810324373,/novatel/oem7/bestpos,/novatel/oem7/bestpos,/novatel/oem7/odom,39.663,-75.756,33.181123045,0.001783525,-0.001175993,0.001470623,0.001009073,-0.001175993,,novatel_oem7_msgs.msg.SolutionStatus(status=0),novatel_oem7_msgs.msg.PositionOrVelocityType(type=53)
1786043723811360849,1786043723.810740784,/novatel/oem7/bestvel,/novatel/oem7/bestpos,/novatel/oem7/bestvel,39.663,-75.756,33.181123045,0.001243287,-0.000736361,,,,21.269274791,novatel_oem7_msgs.msg.SolutionStatus(status=0),novatel_oem7_msgs.msg.PositionOrVelocityType(type=53)
1786043723815276091,1786043723.814966937,/novatel/oem7/odom,/novatel/oem7/bestpos,/novatel/oem7/odom,39.663,-75.756,33.181123045,0.001783525,-0.001175993,0.001470623,0.001009073,-0.001175993,,,
1786043723826925672,1786043723.826327966,/novatel/oem7/inspva,/novatel/oem7/inspva,/novatel/oem7/inspva,39.663,-75.756,-1.801033529,0.001746523,-0.000571509,0.000416209,0.001696205,-0.000571509,,novatel_oem7_msgs.msg.InertialSolutionStatus(status=3),
1786043723828327273,1786043723.826553097,/novatel/oem7/fix,/novatel/oem7/fix,/novatel/oem7/inspva,39.663,-75.756,-1.801033529,0.001746523,-0.000571509,0.000416209,0.001696205,-0.000571509,,0,
1786043723829371133,1786043723.826907329,/novatel/oem7/odom,/novatel/oem7/fix,/novatel/oem7/odom,39.663,-75.756,-1.801033529,0.001749127,-0.000563490,0.001717132,0.000333019,-0.000563490,,,
1786043723835528028,1786043723.834838158,/novatel/oem7/odom,/novatel/oem7/fix,/novatel/oem7/odom,39.663,-75.756,-1.801033529,0.001749127,-0.000563490,0.001717132,0.000333019,-0.000563490,,,
1786043723845907215,1786043723.845327489,/novatel/oem7/inspva,/novatel/oem7/inspva,/novatel/oem7/inspva,39.663,-75.756,-1.801020521,0.002431627,0.001406480,0.000884602,0.002265013,0.001406480,,novatel_oem7_msgs.msg.InertialSolutionStatus(status=3),
1786043723847293635,1786043723.845536707,/novatel/oem7/fix,/novatel/oem7/fix,/novatel/oem7/inspva,39.663,-75.756,-1.801020521,0.002431627,0.001406480,0.000884602,0.002265013,0.001406480,,0,
1786043723848312855,1786043723.846139820,/novatel/oem7/odom,/novatel/oem7/fix,/novatel/oem7/odom,39.663,-75.756,-1.801020521,0.002424795,0.001418225,0.002300290,0.000767004,0.001418225,,,
1786043723857046876,1786043723.856332855,/novatel/oem7/odom,/novatel/oem7/fix,/novatel/oem7/odom,39.663,-75.756,-1.801020521,0.002424795,0.001418225,0.002300290,0.000767004,0.001418225,,,
1786043723865886564,1786043723.865249371,/novatel/oem7/inspva,/novatel/oem7/inspva,/novatel/oem7/inspva,39.663,-75.756,-1.801032093,0.002166833,0.000703647,0.001501823,0.001561951,0.000703647,,novatel_oem7_msgs.msg.InertialSolutionStatus(status=3),
1786043723867234150,1786043723.865407930,/novatel/oem7/fix,/novatel/oem7/fix,/novatel/oem7/inspva,39.663,-75.756,-1.801032093,0.002166833,0.000703647,0.001501823,0.001561951,0.000703647,,0,
1786043723868266494,1786043723.865802829,/novatel/oem7/odom,/novatel/oem7/fix,/novatel/oem7/odom,39.663,-75.756,-1.801032093,0.002163305,0.000714422,0.001631685,0.001420384,0.000714422,,,
1786043723875242950,1786043723.874583883,/novatel/oem7/odom,/novatel/oem7/fix,/novatel/oem7/odom,39.663,-75.756,-1.801032093,0.002163305,0.000714422,0.001631685,0.001420384,0.000714422,,,
1786043723886959333,1786043723.886675017,/novatel/oem7/inspva,/novatel/oem7/inspva,/novatel/oem7/inspva,39.663,-75.756,-1.801063071,0.002152775,-0.002479951,0.001498016,0.001546089,-0.002479951,,novatel_oem7_msgs.msg.InertialSolutionStatus(status=3),
1786043723887554432,1786043723.886827839,/novatel/oem7/fix,/novatel/oem7/fix,/novatel/oem7/inspva,39.663,-75.756,-1.801063071,0.002152775,-0.002479951,0.001498016,0.001546089,-0.002479951,,0,
1786043723887971360,1786043723.887262200,/novatel/oem7/odom,/novatel/oem7/fix,/novatel/oem7/odom,39.663,-75.756,-1.801063071,0.002165010,-0.002469277,0.001628807,0.001426273,-0.002469277,,,
1786043723895772990,1786043723.895456628,/novatel/oem7/odom,/novatel/oem7/fix,/novatel/oem7/odom,39.663,-75.756,-1.801063071,0.002165010,-0.002469277,0.001628807,0.001426273,-0.002469277,,,
1786043723906072722,1786043723.905805138,/novatel/oem7/inspva,/novatel/oem7/inspva,/novatel/oem7/inspva,39.663,-75.756,-1.801064647,0.001926470,-0.001043411,0.000995769,0.001649160,-0.001043411,,novatel_oem7_msgs.msg.InertialSolutionStatus(status=3),
1786043723906644182,1786043723.905973033,/novatel/oem7/fix,/novatel/oem7/fix,/novatel/oem7/inspva,39.663,-75.756,-1.801064647,0.001926470,-0.001043411,0.000995769,0.001649160,-0.001043411,,0,
1786043723907344574,1786043723.906483788,/novatel/oem7/odom,/novatel/oem7/fix,/novatel/oem7/odom,39.663,-75.756,-1.801064647,0.001931634,-0.001033820,0.001700894,0.000915516,-0.001033820,,,
1786043723913912285,1786043723.909555922,/novatel/oem7/bestpos,/novatel/oem7/bestpos,/novatel/oem7/odom,39.663,-75.756,33.181082026,0.001931634,-0.001033820,0.001700894,0.000915516,-0.001033820,,novatel_oem7_msgs.msg.SolutionStatus(status=0),novatel_oem7_msgs.msg.PositionOrVelocityType(type=53)
1786043723914285871,1786043723.910279336,/novatel/oem7/bestvel,/novatel/oem7/bestpos,/novatel/oem7/bestvel,39.663,-75.756,33.181082026,0.001043621,-0.000396605,,,,26.062926709,novatel_oem7_msgs.msg.SolutionStatus(status=0),novatel_oem7_msgs.msg.PositionOrVelocityType(type=53)
1786043723915714583,1786043723.915403197,/novatel/oem7/odom,/novatel/oem7/bestpos,/novatel/oem7/odom,39.663,-75.756,33.181082026,0.001931634,-0.001033820,0.001700894,0.000915516,-0.001033820,,,
1786043723925683494,1786043723.925317579,/novatel/oem7/inspva,/novatel/oem7/inspva,/novatel/oem7/inspva,39.663,-75.756,-1.801052080,0.002880279,0.001423546,0.000251003,0.002869321,0.001423546,,novatel_oem7_msgs.msg.InertialSolutionStatus(status=3),
1786043723926232493,1786043723.925474517,/novatel/oem7/fix,/novatel/oem7/fix,/novatel/oem7/inspva,39.663,-75.756,-1.801052080,0.002880279,0.001423546,0.000251003,0.002869321,0.001423546,,0,
1786043723926886899,1786043723.926182077,/novatel/oem7/odom,/novatel/oem7/fix,/novatel/oem7/odom,39.663,-75.756,-1.801052080,0.002874190,0.001435801,0.002872306,0.000104045,0.001435801,,,
1786043723935258134,1786043723.934949575,/novatel/oem7/odom,/novatel/oem7/fix,/novatel/oem7/odom,39.663,-75.756,-1.801052080,0.002874190,0.001435801,0.002872306,0.000104045,0.001435801,,,
1786043723946496200,1786043723.946009072,/novatel/oem7/inspva,/novatel/oem7/inspva,/novatel/oem7/inspva,39.663,-75.756,-1.801066706,0.001952692,0.000434316,0.001036596,0.001654834,0.000434316,,novatel_oem7_msgs.msg.InertialSolutionStatus(status=3),
1786043723947029657,1786043723.946143963,/novatel/oem7/fix,/novatel/oem7/fix,/novatel/oem7/inspva,39.663,-75.756,-1.801066706,0.001952692,0.000434316,0.001036596,0.001654834,0.000434316,,0,
1786043723947483032,1786043723.946555143,/novatel/oem7/odom,/novatel/oem7/fix,/novatel/oem7/odom,39.663,-75.756,-1.801066706,0.001950482,0.000444135,0.001702464,0.000951839,0.000444135,,,
1786043723956293232,1786043723.955884446,/novatel/oem7/odom,/novatel/oem7/fix,/novatel/oem7/odom,39.663,-75.756,-1.801066706,0.001950482,0.000444135,0.001702464,0.000951839,0.000444135,,,
1786043723965519105,1786043723.965232933,/novatel/oem7/inspva,/novatel/oem7/inspva,/novatel/oem7/inspva,39.663,-75.756,-1.801096061,0.001719691,-0.001800141,0.001582326,0.000673483,-0.001800141,,novatel_oem7_msgs.msg.InertialSolutionStatus(status=3),
1786043723966067679,1786043723.965378925,/novatel/oem7/fix,/novatel/oem7/fix,/novatel/oem7/inspva,39.663,-75.756,-1.801096061,0.001719691,-0.001800141,0.001582326,0.000673483,-0.001800141,,0,
1786043723966666195,1786043723.965843589,/novatel/oem7/odom,/novatel/oem7/fix,/novatel/oem7/odom,39.663,-75.756,-1.801096061,0.001727472,-0.001792675,0.000758675,0.001551958,-0.001792675,,,
1786043723975691013,1786043723.975362874,/novatel/oem7/odom,/novatel/oem7/fix,/novatel/oem7/odom,39.663,-75.756,-1.801096061,0.001727472,-0.001792675,0.000758675,0.001551958,-0.001792675,,,
1786043723986315215,1786043723.985930499,/novatel/oem7/inspva,/novatel/oem7/inspva,/novatel/oem7/inspva,39.663,-75.756,-1.801098182,0.001847786,-0.001465155,0.000632008,0.001736341,-0.001465155,,novatel_oem7_msgs.msg.InertialSolutionStatus(status=3),
1786043723986863157,1786043723.986068304,/novatel/oem7/fix,/novatel/oem7/fix,/novatel/oem7/inspva,39.663,-75.756,-1.801098182,0.001847786,-0.001465155,0.000632008,0.001736341,-0.001465155,,0,
1786043723987311293,1786043723.986540565,/novatel/oem7/odom,/novatel/oem7/fix,/novatel/oem7/odom,39.663,-75.756,-1.801098182,0.001854781,-0.001456289,0.001771647,0.000549072,-0.001456289,,,
1786043723994777839,1786043723.994438560,/novatel/oem7/odom,/novatel/oem7/fix,/novatel/oem7/odom,39.663,-75.756,-1.801098182,0.001854781,-0.001456289,0.001771647,0.000549072,-0.001456289,,,
1786043724010677262,1786043724.010104986,/novatel/oem7/inspva,/novatel/oem7/inspva,/novatel/oem7/inspva,39.663,-75.756,-1.801081939,0.001412345,0.001241342,-0.000075416,0.001410330,0.001241342,,novatel_oem7_msgs.msg.InertialSolutionStatus(status=3),
1786043724012057513,1786043724.010246985,/novatel/oem7/fix,/novatel/oem7/fix,/novatel/oem7/inspva,39.663,-75.756,-1.801081939,0.001412345,0.001241342,-0.000075416,0.001410330,0.001241342,,0,
1786043724012799216,1786043724.011479380,/novatel/oem7/odom,/novatel/oem7/fix,/novatel/oem7/odom,39.663,-75.756,-1.801081939,0.001407520,0.001246810,0.001399620,-0.000148919,0.001246810,,,
1786043724016500151,1786043724.016166914,/novatel/oem7/odom,/novatel/oem7/fix,/novatel/oem7/odom,39.663,-75.756,-1.801081939,0.001407520,0.001246810,0.001399620,-0.000148919,0.001246810,,,
1786043724024869853,1786043724.024585995,/novatel/oem7/bestpos,/novatel/oem7/bestpos,/novatel/oem7/odom,39.663,-75.756,33.181041704,0.001407520,0.001246810,0.001399620,-0.000148919,0.001246810,,novatel_oem7_msgs.msg.SolutionStatus(status=0),novatel_oem7_msgs.msg.PositionOrVelocityType(type=53)
1786043724026908132,1786043724.026526254,/novatel/oem7/bestvel,/novatel/oem7/bestpos,/novatel/oem7/bestvel,39.663,-75.756,33.181041704,0.002643037,0.000840928,,,,99.689273408,novatel_oem7_msgs.msg.SolutionStatus(status=0),novatel_oem7_msgs.msg.PositionOrVelocityType(type=53)
1786043724027726344,1786043724.027350598,/novatel/oem7/inspva,/novatel/oem7/inspva,/novatel/oem7/inspva,39.663,-75.756,-1.801093401,0.001959945,0.000480551,0.000715051,0.001824853,0.000480551,,novatel_oem7_msgs.msg.InertialSolutionStatus(status=3),
1786043724028113666,1786043724.027504853,/novatel/oem7/fix,/novatel/oem7/fix,/novatel/oem7/inspva,39.663,-75.756,-1.801093401,0.001959945,0.000480551,0.000715051,0.001824853,0.000480551,,0,
1786043724028754774,1786043724.027920928,/novatel/oem7/odom,/novatel/oem7/fix,/novatel/oem7/odom,39.663,-75.756,-1.801093401,0.001957597,0.000490028,0.001856119,0.000622101,0.000490028,,,
1786043724034995209,1786043724.034599907,/novatel/oem7/odom,/novatel/oem7/fix,/novatel/oem7/odom,39.663,-75.756,-1.801093401,0.001957597,0.000490028,0.001856119,0.000622101,0.000490028,,,
1786043724047728883,1786043724.047452682,/novatel/oem7/inspva,/novatel/oem7/inspva,/novatel/oem7/inspva,39.663,-75.756,-1.801098353,0.001726677,-0.000734738,0.001671076,0.000434650,-0.000734738,,novatel_oem7_msgs.msg.InertialSolutionStatus(status=3),
1786043724048273268,1786043724.047609507,/novatel/oem7/fix,/novatel/oem7/fix,/novatel/oem7/inspva,39.663,-75.756,-1.801098353,0.001726677,-0.000734738,0.001671076,0.000434650,-0.000734738,,0,
1786043724048881336,1786043724.048108252,/novatel/oem7/odom,/novatel/oem7/fix,/novatel/oem7/odom,39.663,-75.756,-1.801098353,0.001729560,-0.000727925,0.000520215,0.001649471,-0.000727925,,,
1786043724056957751,1786043724.056575299,/novatel/oem7/odom,/novatel/oem7/fix,/novatel/oem7/odom,39.663,-75.756,-1.801098353,0.001729560,-0.000727925,0.000520215,0.001649471,-0.000727925,,,
1786043724065254440,1786043724.064987263,/novatel/oem7/inspva,/novatel/oem7/inspva,/novatel/oem7/inspva,39.663,-75.756,-1.801085277,0.001678519,-0.001658486,0.001501605,0.000750072,-0.001658486,,novatel_oem7_msgs.msg.InertialSolutionStatus(status=3),
1786043724065810981,1786043724.065135268,/novatel/oem7/fix,/novatel/oem7/fix,/novatel/oem7/inspva,39.663,-75.756,-1.801085277,0.001678519,-0.001658486,0.001501605,0.000750072,-0.001658486,,0,
1786043724066228925,1786043724.065541569,/novatel/oem7/odom,/novatel/oem7/fix,/novatel/oem7/odom,39.663,-75.756,-1.801085277,0.001685971,-0.001650910,0.000830640,0.001467152,-0.001650910,,,
1786043724075002115,1786043724.074678550,/novatel/oem7/odom,/novatel/oem7/fix,/novatel/oem7/odom,39.663,-75.756,-1.801085277,0.001685971,-0.001650910,0.000830640,0.001467152,-0.001650910,,,
1786043724085612021,1786043724.085340546,/novatel/oem7/inspva,/novatel/oem7/inspva,/novatel/oem7/inspva,39.663,-75.756,-1.801059780,0.001709662,0.000091255,-0.000586967,0.001605744,0.000091255,,novatel_oem7_msgs.msg.InertialSolutionStatus(status=3),
1786043724086161530,1786043724.085496584,/novatel/oem7/fix,/novatel/oem7/fix,/novatel/oem7/inspva,39.663,-75.756,-1.801059780,0.001709662,0.000091255,-0.000586967,0.001605744,0.000091255,,0,
1786043724086775719,1786043724.086053633,/novatel/oem7/odom,/novatel/oem7/fix,/novatel/oem7/odom,39.663,-75.756,-1.801059780,0.001709406,0.000095932,0.001574198,-0.000666312,0.000095932,,,
1786043724095450733,1786043724.095131687,/novatel/oem7/odom,/novatel/oem7/fix,/novatel/oem7/odom,39.663,-75.756,-1.801059780,0.001709406,0.000095932,0.001574198,-0.000666312,0.000095932,,,
1786043724106584029,1786043724.106304788,/novatel/oem7/inspva,/novatel/oem7/inspva,/novatel/oem7/inspva,39.663,-75.756,-1.801045680,0.002000161,0.000225590,0.000440767,0.001950992,0.000225590,,novatel_oem7_msgs.msg.InertialSolutionStatus(status=3),
1786043724107164672,1786043724.106461586,/novatel/oem7/fix,/novatel/oem7/fix,/novatel/oem7/inspva,39.663,-75.756,-1.801045680,0.002000161,0.000225590,0.000440767,0.001950992,0.000225590,,0,
1786043724107597182,1786043724.106857224,/novatel/oem7/odom,/novatel/oem7/fix,/novatel/oem7/odom,39.663,-75.756,-1.801045680,0.001999106,0.000234755,0.001969527,0.000342623,0.000234755,,,
1786043724110152093,1786043724.109520334,/novatel/oem7/bestpos,/novatel/oem7/bestpos,/novatel/oem7/odom,39.663,-75.756,33.181087356,0.001999106,0.000234755,0.001969527,0.000342623,0.000234755,,novatel_oem7_msgs.msg.SolutionStatus(status=0),novatel_oem7_msgs.msg.PositionOrVelocityType(type=53)
1786043724111618742,1786043724.110369335,/novatel/oem7/bestvel,/novatel/oem7/bestpos,/novatel/oem7/bestvel,39.663,-75.756,33.181087356,0.001970041,0.000000681,,,,55.344570529,novatel_oem7_msgs.msg.SolutionStatus(status=0),novatel_oem7_msgs.msg.PositionOrVelocityType(type=53)
1786043724115094386,1786043724.114415006,/novatel/oem7/odom,/novatel/oem7/bestpos,/novatel/oem7/odom,39.663,-75.756,33.181087356,0.001999106,0.000234755,0.001969527,0.000342623,0.000234755,,,
1786043724126048768,1786043724.125475610,/novatel/oem7/inspva,/novatel/oem7/inspva,/novatel/oem7/inspva,39.663,-75.756,-1.801042804,0.001949652,-0.000194457,0.001673637,0.001000042,-0.000194457,,novatel_oem7_msgs.msg.InertialSolutionStatus(status=3),
1786043724127358618,1786043724.125637041,/novatel/oem7/fix,/novatel/oem7/fix,/novatel/oem7/inspva,39.663,-75.756,-1.801042804,0.001949652,-0.000194457,0.001673637,0.001000042,-0.000194457,,0,
1786043724128373471,1786043724.126294371,/novatel/oem7/odom,/novatel/oem7/fix,/novatel/oem7/odom,39.663,-75.756,-1.801042804,0.001950538,-0.000185364,0.001082758,0.001622416,-0.000185364,,,
1786043724136378668,1786043724.135604463,/novatel/oem7/odom,/novatel/oem7/fix,/novatel/oem7/odom,39.663,-75.756,-1.801042804,0.001950538,-0.000185364,0.001082758,0.001622416,-0.000185364,,,
1786043724145533889,1786043724.144948023,/novatel/oem7/inspva,/novatel/oem7/inspva,/novatel/oem7/inspva,39.663,-75.756,-1.801027304,0.002184507,-0.000747591,0.001964062,0.000956313,-0.000747591,,novatel_oem7_msgs.msg.InertialSolutionStatus(status=3),
1786043724146862046,1786043724.145088161,/novatel/oem7/fix,/novatel/oem7/fix,/novatel/oem7/inspva,39.663,-75.756,-1.801027304,0.002184507,-0.000747591,0.001964062,0.000956313,-0.000747591,,0,
1786043724147880223,1786043724.145618373,/novatel/oem7/odom,/novatel/oem7/fix,/novatel/oem7/odom,39.663,-75.756,-1.801027304,0.002187844,-0.000737770,0.001055819,0.001916222,-0.000737770,,,
1786043724156338163,1786043724.155664123,/novatel/oem7/odom,/novatel/oem7/fix,/novatel/oem7/odom,39.663,-75.756,-1.801027304,0.002187844,-0.000737770,0.001055819,0.001916222,-0.000737770,,,
1786043724167259619,1786043724.166569912,/novatel/oem7/inspva,/novatel/oem7/inspva,/novatel/oem7/inspva,39.663,-75.756,-1.801004367,0.001571359,-0.000435300,-0.000096162,0.001568414,-0.000435300,,novatel_oem7_msgs.msg.InertialSolutionStatus(status=3),
1786043724168657900,1786043724.166755607,/novatel/oem7/fix,/novatel/oem7/fix,/novatel/oem7/inspva,39.663,-75.756,-1.801004367,0.001571359,-0.000435300,-0.000096162,0.001568414,-0.000435300,,0,
1786043724169682653,1786043724.167206045,/novatel/oem7/odom,/novatel/oem7/fix,/novatel/oem7/odom,39.663,-75.756,-1.801004367,0.001573002,-0.000429324,0.001563487,-0.000172756,-0.000429324,,,
1786043724175646735,1786043724.174962492,/novatel/oem7/odom,/novatel/oem7/fix,/novatel/oem7/odom,39.663,-75.756,-1.801004367,0.001573002,-0.000429324,0.001563487,-0.000172756,-0.000429324,,,
1786043724185687162,1786043724.185060376,/novatel/oem7/inspva,/novatel/oem7/inspva,/novatel/oem7/inspva,39.663,-75.756,-1.800975242,0.002458588,0.000421301,0.000350127,0.002433529,0.000421301,,novatel_oem7_msgs.msg.InertialSolutionStatus(status=3),
1786043724186964498,1786043724.185201154,/novatel/oem7/fix,/novatel/oem7/fix,/novatel/oem7/inspva,39.663,-75.756,-1.800975242,0.002458588,0.000421301,0.000350127,0.002433529,0.000421301,,0,
1786043724187984688,1786043724.185524878,/novatel/oem7/odom,/novatel/oem7/fix,/novatel/oem7/odom,39.663,-75.756,-1.800975242,0.002456716,0.000432084,0.002446157,0.000227526,0.000432084,,,
1786043724195193980,1786043724.194509440,/novatel/oem7/odom,/novatel/oem7/fix,/novatel/oem7/odom,39.663,-75.756,-1.800975242,0.002456716,0.000432084,0.002446157,0.000227526,0.000432084,,,
1786043724206905974,1786043724.206329511,/novatel/oem7/inspva,/novatel/oem7/inspva,/novatel/oem7/inspva,39.663,-75.756,-1.800959790,0.002088468,0.000457199,0.001504884,0.001448110,0.000457199,,novatel_oem7_msgs.msg.InertialSolutionStatus(status=3),
1786043724208229230,1786043724.206504837,/novatel/oem7/fix,/novatel/oem7/fix,/novatel/oem7/inspva,39.663,-75.756,-1.800959790,0.002088468,0.000457199,0.001504884,0.001448110,0.000457199,,0,
1786043724209240974,1786043724.206988178,/novatel/oem7/odom,/novatel/oem7/fix,/novatel/oem7/odom,39.663,-75.756,-1.800959790,0.002086167,0.000467586,0.001519179,0.001429752,0.000467586,,,
1786043724211139766,1786043724.210309815,/novatel/oem7/bestpos,/novatel/oem7/bestpos,/novatel/oem7/odom,39.663,-75.756,33.181167382,0.002086167,0.000467586,0.001519179,0.001429752,0.000467586,,novatel_oem7_msgs.msg.SolutionStatus(status=0),novatel_oem7_msgs.msg.PositionOrVelocityType(type=53)
1786043724212513443,1786043724.210715015,/novatel/oem7/bestvel,/novatel/oem7/bestpos,/novatel/oem7/bestvel,39.663,-75.756,33.181167382,0.003153424,-0.000194894,,,,63.398900331,novatel_oem7_msgs.msg.SolutionStatus(status=0),novatel_oem7_msgs.msg.PositionOrVelocityType(type=53)
1786043724215407735,1786043724.214769346,/novatel/oem7/odom,/novatel/oem7/bestpos,/novatel/oem7/odom,39.663,-75.756,33.181167382,0.002086167,0.000467586,0.001519179,0.001429752,0.000467586,,,
1786043724226616393,1786043724.226035981,/novatel/oem7/inspva,/novatel/oem7/inspva,/novatel/oem7/inspva,39.663,-75.756,-1.800935820,0.002172692,0.000218518,0.001666938,0.001393523,0.000218518,,novatel_oem7_msgs.msg.InertialSolutionStatus(status=3),
1786043724227929126,1786043724.226179853,/novatel/oem7/fix,/novatel/oem7/fix,/novatel/oem7/inspva,39.663,-75.756,-1.800935820,0.002172692,0.000218518,0.001666938,0.001393523,0.000218518,,0,
1786043724228933986,1786043724.226656481,/novatel/oem7/odom,/novatel/oem7/fix,/novatel/oem7/odom,39.663,-75.756,-1.800935820,0.002171594,0.000229179,0.001473696,0.001595004,0.000229179,,,
1786043724235070168,1786043724.234402178,/novatel/oem7/odom,/novatel/oem7/fix,/novatel/oem7/odom,39.663,-75.756,-1.800935820,0.002171594,0.000229179,0.001473696,0.001595004,0.000229179,,,
1786043724245867039,1786043724.245280069,/novatel/oem7/inspva,/novatel/oem7/inspva,/novatel/oem7/inspva,39.663,-75.756,-1.800924559,0.001707459,-0.001302785,0.000467201,0.001642297,-0.001302785,,novatel_oem7_msgs.msg.InertialSolutionStatus(status=3),
1786043724247201782,1786043724.245436071,/novatel/oem7/fix,/novatel/oem7/fix,/novatel/oem7/inspva,39.663,-75.756,-1.800924559,0.001707459,-0.001302785,0.000467201,0.001642297,-0.001302785,,0,
1786043724248225879,1786043724.246082234,/novatel/oem7/odom,/novatel/oem7/fix,/novatel/oem7/odom,39.663,-75.756,-1.800924559,0.001713538,-0.001294779,0.001668864,0.000388722,-0.001294779,,,
1786043724257021060,1786043724.256325209,/novatel/oem7/odom,/novatel/oem7/fix,/novatel/oem7/odom,39.663,-75.756,-1.800924559,0.001713538,-0.001294779,0.001668864,0.000388722,-0.001294779,,,
1786043724265530331,1786043724.264957479,/novatel/oem7/inspva,/novatel/oem7/inspva,/novatel/oem7/inspva,39.663,-75.756,-1.800891342,0.001768023,-0.000797358,-0.000148755,0.001761754,-0.000797358,,novatel_oem7_msgs.msg.InertialSolutionStatus(status=3),
1786043724266847591,1786043724.265095214,/novatel/oem7/fix,/novatel/oem7/fix,/novatel/oem7/inspva,39.663,-75.756,-1.800891342,0.001768023,-0.000797358,-0.000148755,0.001761754,-0.000797358,,0,
1786043724267865638,1786043724.265529845,/novatel/oem7/odom,/novatel/oem7/fix,/novatel/oem7/odom,39.663,-75.756,-1.800891342,0.001770981,-0.000790765,0.001755475,-0.000233845,-0.000790765,,,
1786043724275059753,1786043724.274367886,/novatel/oem7/odom,/novatel/oem7/fix,/novatel/oem7/odom,39.663,-75.756,-1.800891342,0.001770981,-0.000790765,0.001755475,-0.000233845,-0.000790765,,,
1786043724287081273,1786043724.286523687,/novatel/oem7/inspva,/novatel/oem7/inspva,/novatel/oem7/inspva,39.663,-75.756,-1.800862615,0.002030696,0.001265621,0.001064514,0.001729317,0.001265621,,novatel_oem7_msgs.msg.InertialSolutionStatus(status=3),
1786043724288410743,1786043724.286666932,/novatel/oem7/fix,/novatel/oem7/fix,/novatel/oem7/inspva,39.663,-75.756,-1.800862615,0.002030696,0.001265621,0.001064514,0.001729317,0.001265621,,0,
1786043724289413679,1786043724.287012719,/novatel/oem7/odom,/novatel/oem7/fix,/novatel/oem7/odom,39.663,-75.756,-1.800862615,0.002024310,0.001275812,0.001774761,0.000973681,0.001275812,,,
1786043724295764699,1786043724.294960211,/novatel/oem7/odom,/novatel/oem7/fix,/novatel/oem7/odom,39.663,-75.756,-1.800862615,0.002024310,0.001275812,0.001774761,0.000973681,0.001275812,,,
1786043724306456089,1786043724.305911193,/novatel/oem7/inspva,/novatel/oem7/inspva,/novatel/oem7/inspva,39.663,-75.756,-1.800845971,0.001850402,0.000879017,0.001266089,0.001349446,0.000879017,,novatel_oem7_msgs.msg.InertialSolutionStatus(status=3),
1786043724307744521,1786043724.306071235,/novatel/oem7/fix,/novatel/oem7/fix,/novatel/oem7/inspva,39.663,-75.756,-1.800845971,0.001850402,0.000879017,0.001266089,0.001349446,0.000879017,,0,
1786043724308748918,1786043724.306559140,/novatel/oem7/odom,/novatel/oem7/fix,/novatel/oem7/odom,39.663,-75.756,-1.800845971,0.001845967,0.000888293,0.001407007,0.001194958,0.000888293,,,
1786043724310188060,1786043724.309243980,/novatel/oem7/bestpos,/novatel/oem7/bestpos,/novatel/oem7/odom,39.663,-75.756,33.181275257,0.001845967,0.000888293,0.001407007,0.001194958,0.000888293,,novatel_oem7_msgs.msg.SolutionStatus(status=0),novatel_oem7_msgs.msg.PositionOrVelocityType(type=53)
1786043724311559089,1786043724.309671798,/novatel/oem7/bestvel,/novatel/oem7/bestpos,/novatel/oem7/bestvel,39.663,-75.756,33.181275257,0.002980846,0.000015762,,,,49.206583416,novatel_oem7_msgs.msg.SolutionStatus(status=0),novatel_oem7_msgs.msg.PositionOrVelocityType(type=53)
1786043724315213873,1786043724.314581901,/novatel/oem7/odom,/novatel/oem7/bestpos,/novatel/oem7/odom,39.663,-75.756,33.181275257,0.001845967,0.000888293,0.001407007,0.001194958,0.000888293,,,
1786043724325899572,1786043724.325378641,/novatel/oem7/inspva,/novatel/oem7/inspva,/novatel/oem7/inspva,39.663,-75.756,-1.800846919,0.001598257,-0.001844603,0.001281791,0.000954692,-0.001844603,,novatel_oem7_msgs.msg.InertialSolutionStatus(status=3),
1786043724327203952,1786043724.325553319,/novatel/oem7/fix,/novatel/oem7/fix,/novatel/oem7/inspva,39.663,-75.756,-1.800846919,0.001598257,-0.001844603,0.001281791,0.000954692,-0.001844603,,0,
1786043724328226332,1786043724.326066614,/novatel/oem7/odom,/novatel/oem7/fix,/novatel/oem7/odom,39.663,-75.756,-1.800846919,0.001607127,-0.001836879,0.001024816,0.001237987,-0.001836879,,,
1786043724335756884,1786043724.335098184,/novatel/oem7/odom,/novatel/oem7/fix,/novatel/oem7/odom,39.663,-75.756,-1.800846919,0.001607127,-0.001836879,0.001024816,0.001237987,-0.001836879,,,
1786043724346728550,1786043724.346194548,/novatel/oem7/inspva,/novatel/oem7/inspva,/novatel/oem7/inspva,39.663,-75.756,-1.800826807,0.001282361,-0.001644384,0.000447268,0.001201832,-0.001644384,,novatel_oem7_msgs.msg.InertialSolutionStatus(status=3),
1786043724348035193,1786043724.346339206,/novatel/oem7/fix,/novatel/oem7/fix,/novatel/oem7/inspva,39.663,-75.756,-1.800826807,0.001282361,-0.001644384,0.000447268,0.001201832,-0.001644384,,0,
1786043724349056823,1786043724.346842885,/novatel/oem7/odom,/novatel/oem7/fix,/novatel/oem7/odom,39.663,-75.756,-1.800826807,0.001290226,-0.001638220,0.001229342,0.000391665,-0.001638220,,,
1786043724356341529,1786043724.355732139,/novatel/oem7/odom,/novatel/oem7/fix,/novatel/oem7/odom,39.663,-75.756,-1.800826807,0.001290226,-0.001638220,0.001229342,0.000391665,-0.001638220,,,
1786043724365957118,1786043724.365417726,/novatel/oem7/inspva,/novatel/oem7/inspva,/novatel/oem7/inspva,39.663,-75.756,-1.800793111,0.002079851,0.001310328,0.000468393,0.002026422,0.001310328,,novatel_oem7_msgs.msg.InertialSolutionStatus(status=3),
1786043724367255704,1786043724.365576861,/novatel/oem7/fix,/novatel/oem7/fix,/novatel/oem7/inspva,39.663,-75.756,-1.800793111,0.002079851,0.001310328,0.000468393,0.002026422,0.001310328,,0,
1786043724368271088,1786043724.366195321,/novatel/oem7/odom,/novatel/oem7/fix,/novatel/oem7/odom,39.663,-75.756,-1.800793111,0.002073810,0.001319869,0.002041730,0.000363351,0.001319869,,,
1786043724376083899,1786043724.375476232,/novatel/oem7/odom,/novatel/oem7/fix,/novatel/oem7/odom,39.663,-75.756,-1.800793111,0.002073810,0.001319869,0.002041730,0.000363351,0.001319869,,,
1786043724385613567,1786043724.385086526,/novatel/oem7/inspva,/novatel/oem7/inspva,/novatel/oem7/inspva,39.663,-75.756,-1.800774585,0.001490673,0.001562481,0.000760780,0.001281921,0.001562481,,novatel_oem7_msgs.msg.InertialSolutionStatus(status=3),
1786043724386917854,1786043724.385236243,/novatel/oem7/fix,/novatel/oem7/fix,/novatel/oem7/inspva,39.663,-75.756,-1.800774585,0.001490673,0.001562481,0.000760780,0.001281921,0.001562481,,0,
1786043724387929584,1786043724.385687682,/novatel/oem7/odom,/novatel/oem7/fix,/novatel/oem7/odom,39.663,-75.756,-1.800774585,0.001482797,0.001569958,0.001311592,0.000691674,0.001569958,,,
1786043724395191120,1786043724.394458665,/novatel/oem7/odom,/novatel/oem7/fix,/novatel/oem7/odom,39.663,-75.756,-1.800774585,0.001482797,0.001569958,0.001311592,0.000691674,0.001569958,,,
1786043724407042527,1786043724.406513172,/novatel/oem7/inspva,/novatel/oem7/inspva,/novatel/oem7/inspva,39.663,-75.756,-1.800780779,0.002162700,-0.001625099,0.002139458,0.000316215,-0.001625099,,novatel_oem7_msgs.msg.InertialSolutionStatus(status=3),
1786043724408334847,1786043724.406651250,/novatel/oem7/fix,/novatel/oem7/fix,/novatel/oem7/inspva,39.663,-75.756,-1.800780779,0.002162700,-0.001625099,0.002139458,0.000316215,-0.001625099,,0,
1786043724409337377,1786043724.407069781,/novatel/oem7/odom,/novatel/oem7/fix,/novatel/oem7/odom,39.663,-75.756,-1.800780779,0.002168521,-0.001617323,0.000428816,0.002125700,-0.001617323,,,
1786043724410819888,1786043724.410182239,/novatel/oem7/bestpos,/novatel/oem7/bestpos,/novatel/oem7/odom,39.663,-75.756,33.181358598,0.002168521,-0.001617323,0.000428816,0.002125700,-0.001617323,,novatel_oem7_msgs.msg.SolutionStatus(status=0),novatel_oem7_msgs.msg.PositionOrVelocityType(type=53)
1786043724412169682,1786043724.410571073,/novatel/oem7/bestvel,/novatel/oem7/bestpos,/novatel/oem7/bestvel,39.663,-75.756,33.181358598,0.001276792,-0.000971442,,,,0.942147780,novatel_oem7_msgs.msg.SolutionStatus(status=0),novatel_oem7_msgs.msg.PositionOrVelocityType(type=53)
1786043724415356080,1786043724.414703067,/novatel/oem7/odom,/novatel/oem7/bestpos,/novatel/oem7/odom,39.663,-75.756,33.181358598,0.002168521,-0.001617323,0.000428816,0.002125700,-0.001617323,,,
1786043724425540479,1786043724.424993433,/novatel/oem7/inspva,/novatel/oem7/inspva,/novatel/oem7/inspva,39.663,-75.756,-1.800753995,0.001651952,-0.001242213,0.001141553,0.001194070,-0.001242213,,novatel_oem7_msgs.msg.InertialSolutionStatus(status=3),
1786043724426823095,1786043724.425134811,/novatel/oem7/fix,/novatel/oem7/fix,/novatel/oem7/inspva,39.663,-75.756,-1.800753995,0.001651952,-0.001242213,0.001141553,0.001194070,-0.001242213,,0,
1786043724427844188,1786043724.425442334,/novatel/oem7/odom,/novatel/oem7/fix,/novatel/oem7/odom,39.663,-75.756,-1.800753995,0.001658141,-0.001233939,0.001254439,0.001084350,-0.001233939,,,
1786043724436102517,1786043724.435416977,/novatel/oem7/odom,/novatel/oem7/fix,/novatel/oem7/odom,39.663,-75.756,-1.800753995,0.001658141,-0.001233939,0.001254439,0.001084350,-0.001233939,,,
1786043724445641830,1786043724.445346292,/novatel/oem7/inspva,/novatel/oem7/inspva,/novatel/oem7/inspva,39.663,-75.756,-1.800715704,0.003717048,0.001259357,-0.000132573,0.003714683,0.001259357,,novatel_oem7_msgs.msg.InertialSolutionStatus(status=3),
1786043724446190480,1786043724.445552274,/novatel/oem7/fix,/novatel/oem7/fix,/novatel/oem7/inspva,39.663,-75.756,-1.800715704,0.003717048,0.001259357,-0.000132573,0.003714683,0.001259357,,0,
1786043724446812040,1786043724.446009653,/novatel/oem7/odom,/novatel/oem7/fix,/novatel/oem7/odom,39.663,-75.756,-1.800715704,0.003712110,0.001273838,0.003698244,-0.000320557,0.001273838,,,
1786043724456726984,1786043724.456384189,/novatel/oem7/odom,/novatel/oem7/fix,/novatel/oem7/odom,39.663,-75.756,-1.800715704,0.003712110,0.001273838,0.003698244,-0.000320557,0.001273838,,,
1786043724466311435,1786043724.466052095,/novatel/oem7/inspva,/novatel/oem7/inspva,/novatel/oem7/inspva,39.663,-75.756,-1.800698557,0.001884438,0.001110121,0.000146736,0.001878716,0.001110121,,novatel_oem7_msgs.msg.InertialSolutionStatus(status=3),
1786043724466856720,1786043724.466216634,/novatel/oem7/fix,/novatel/oem7/fix,/novatel/oem7/inspva,39.663,-75.756,-1.800698557,0.001884438,0.001110121,0.000146736,0.001878716,0.001110121,,0,
1786043724467526198,1786043724.466642674,/novatel/oem7/odom,/novatel/oem7/fix,/novatel/oem7/odom,39.663,-75.756,-1.800698557,0.001879682,0.001118155,0.001879016,0.000050064,0.001118155,,,
1786043724474790681,1786043724.474404836,/novatel/oem7/odom,/novatel/oem7/fix,/novatel/oem7/odom,39.663,-75.756,-1.800698557,0.001879682,0.001118155,0.001879016,0.000050064,0.001118155,,,
1786043724485612105,1786043724.485342568,/novatel/oem7/inspva,/novatel/oem7/inspva,/novatel/oem7/inspva,39.663,-75.756,-1.800696488,0.002422345,-0.000357860,0.002366904,0.000515288,-0.000357860,,novatel_oem7_msgs.msg.InertialSolutionStatus(status=3),
1786043724486865806,1786043724.485527232,/novatel/oem7/fix,/novatel/oem7/fix,/novatel/oem7/inspva,39.663,-75.756,-1.800696488,0.002422345,-0.000357860,0.002366904,0.000515288,-0.000357860,,0,
1786043724487584111,1786043724.486268837,/novatel/oem7/odom,/novatel/oem7/fix,/novatel/oem7/odom,39.663,-75.756,-1.800696488,0.002423692,-0.000348623,0.000633688,0.002339385,-0.000348623,,,
1786043724495988828,1786043724.495535716,/novatel/oem7/odom,/novatel/oem7/fix,/novatel/oem7/odom,39.663,-75.756,-1.800696488,0.002423692,-0.000348623,0.000633688,0.002339385,-0.000348623,,,
1786043724506267397,1786043724.505895269,/novatel/oem7/inspva,/novatel/oem7/inspva,/novatel/oem7/inspva,39.663,-75.756,-1.800674787,0.001928177,-0.001005270,0.001388580,0.001337801,-0.001005270,,novatel_oem7_msgs.msg.InertialSolutionStatus(status=3),
1786043724506795951,1786043724.506056934,/novatel/oem7/fix,/novatel/oem7/fix,/novatel/oem7/inspva,39.663,-75.756,-1.800674787,0.001928177,-0.001005270,0.001388580,0.001337801,-0.001005270,,0,
1786043724507282826,1786043724.506495521,/novatel/oem7/odom,/novatel/oem7/fix,/novatel/oem7/odom,39.663,-75.756,-1.800674787,0.001933166,-0.000995642,0.001409319,0.001323235,-0.000995642,,,
1786043724511667118,1786043724.511376067,/novatel/oem7/bestpos,/novatel/oem7/bestpos,/novatel/oem7/odom,39.663,-75.756,33.181446796,0.001933166,-0.000995642,0.001409319,0.001323235,-0.000995642,,novatel_oem7_msgs.msg.SolutionStatus(status=0),novatel_oem7_msgs.msg.PositionOrVelocityType(type=53)
1786043724512561848,1786043724.512311826,/novatel/oem7/bestvel,/novatel/oem7/bestpos,/novatel/oem7/bestvel,39.663,-75.756,33.181446796,0.003023361,-0.001530221,,,,72.119679221,novatel_oem7_msgs.msg.SolutionStatus(status=0),novatel_oem7_msgs.msg.PositionOrVelocityType(type=53)
1786043724514839310,1786043724.514461521,/novatel/oem7/odom,/novatel/oem7/bestpos,/novatel/oem7/odom,39.663,-75.756,33.181446796,0.001933166,-0.000995642,0.001409319,0.001323235,-0.000995642,,,
1786043724526899588,1786043724.526630892,/novatel/oem7/inspva,/novatel/oem7/inspva,/novatel/oem7/inspva,39.663,-75.756,-1.800643285,0.001863673,0.000573773,0.000100203,0.001860977,0.000573773,,novatel_oem7_msgs.msg.InertialSolutionStatus(status=3),
1786043724527491914,1786043724.526800987,/novatel/oem7/fix,/novatel/oem7/fix,/novatel/oem7/inspva,39.663,-75.756,-1.800643285,0.001863673,0.000573773,0.000100203,0.001860977,0.000573773,,0,
1786043724527918123,1786043724.527231245,/novatel/oem7/odom,/novatel/oem7/fix,/novatel/oem7/odom,39.663,-75.756,-1.800643285,0.001861249,0.000581586,0.001861240,0.000006002,0.000581586,,,
1786043724535088574,1786043724.534644362,/novatel/oem7/odom,/novatel/oem7/fix,/novatel/oem7/odom,39.663,-75.756,-1.800643285,0.001861249,0.000581586,0.001861240,0.000006002,0.000581586,,,
1786043724545343293,1786043724.545084310,/novatel/oem7/inspva,/novatel/oem7/inspva,/novatel/oem7/inspva,39.663,-75.756,-1.800633013,0.002389456,-0.000023652,-0.000104426,0.002387173,-0.000023652,,novatel_oem7_msgs.msg.InertialSolutionStatus(status=3),
1786043724545897524,1786043724.545245011,/novatel/oem7/fix,/novatel/oem7/fix,/novatel/oem7/inspva,39.663,-75.756,-1.800633013,0.002389456,-0.000023652,-0.000104426,0.002387173,-0.000023652,,0,
1786043724546320783,1786043724.545602871,/novatel/oem7/odom,/novatel/oem7/fix,/novatel/oem7/odom,39.663,-75.756,-1.800633013,0.002389530,-0.000014357,0.002379118,-0.000222823,-0.000014357,,,
1786043724556093587,1786043724.555785129,/novatel/oem7/odom,/novatel/oem7/fix,/novatel/oem7/odom,39.663,-75.756,-1.800633013,0.002389530,-0.000014357,0.002379118,-0.000222823,-0.000014357,,,
1786043724565722765,1786043724.565320334,/novatel/oem7/inspva,/novatel/oem7/inspva,/novatel/oem7/inspva,39.663,-75.756,-1.800618926,0.002058201,0.000953388,0.001522060,0.001385469,0.000953388,,novatel_oem7_msgs.msg.InertialSolutionStatus(status=3),
1786043724566255345,1786043724.565498066,/novatel/oem7/fix,/novatel/oem7/fix,/novatel/oem7/inspva,39.663,-75.756,-1.800618926,0.002058201,0.000953388,0.001522060,0.001385469,0.000953388,,0,
1786043724566851914,1786043724.566041901,/novatel/oem7/odom,/novatel/oem7/fix,/novatel/oem7/odom,39.663,-75.756,-1.800618926,0.002053432,0.000963616,0.001455365,0.001448618,0.000963616,,,
1786043724575008389,1786043724.574623870,/novatel/oem7/odom,/novatel/oem7/fix,/novatel/oem7/odom,39.663,-75.756,-1.800618926,0.002053432,0.000963616,0.001455365,0.001448618,0.000963616,,,
1786043724586523509,1786043724.586146099,/novatel/oem7/inspva,/novatel/oem7/inspva,/novatel/oem7/inspva,39.663,-75.756,-1.800608048,0.001614289,0.000116754,0.001452107,0.000705206,0.000116754,,novatel_oem7_msgs.msg.InertialSolutionStatus(status=3),
1786043724587061670,1786043724.586363884,/novatel/oem7/fix,/novatel/oem7/fix,/novatel/oem7/inspva,39.663,-75.756,-1.800608048,0.001614289,0.000116754,0.001452107,0.000705206,0.000116754,,0,
1786043724587581585,1786043724.586816958,/novatel/oem7/odom,/novatel/oem7/fix,/novatel/oem7/odom,39.663,-75.756,-1.800608048,0.002053442,0.000963596,0.001455370,0.001448627,0.000963596,,,
1786043724594953062,1786043724.594607216,/novatel/oem7/odom,/novatel/oem7/fix,/novatel/oem7/odom,39.663,-75.756,-1.800608048,0.001613748,0.000124007,0.000775987,0.001414930,0.000124007,,,
1786043724606796948,1786043724.606509585,/novatel/oem7/inspva,/novatel/oem7/inspva,/novatel/oem7/inspva,39.663,-75.756,-1.800596001,0.001539100,-0.000949682,0.000264722,0.001516163,-0.000949682,,novatel_oem7_msgs.msg.InertialSolutionStatus(status=3),
1786043724607374284,1786043724.606677566,/novatel/oem7/fix,/novatel/oem7/fix,/novatel/oem7/inspva,39.663,-75.756,-1.800596001,0.001539100,-0.000949682,0.000264722,0.001516163,-0.000949682,,0,
1786043724607977308,1786043724.607215398,/novatel/oem7/odom,/novatel/oem7/fix,/novatel/oem7/odom,39.663,-75.756,-1.800596001,0.001543319,-0.000942810,0.001531364,0.000191722,-0.000942810,,,
1786043724610239020,1786043724.609959319,/novatel/oem7/bestpos,/novatel/oem7/bestpos,/novatel/oem7/odom,39.663,-75.756,33.181551602,0.001543319,-0.000942810,0.001531364,0.000191722,-0.000942810,,novatel_oem7_msgs.msg.SolutionStatus(status=0),novatel_oem7_msgs.msg.PositionOrVelocityType(type=53)
1786043724610809705,1786043724.610313092,/novatel/oem7/bestvel,/novatel/oem7/bestpos,/novatel/oem7/bestvel,39.663,-75.756,33.181551602,0.000504346,0.000183027,,,,161.931834572,novatel_oem7_msgs.msg.SolutionStatus(status=0),novatel_oem7_msgs.msg.PositionOrVelocityType(type=53)
1786043724615889110,1786043724.615505131,/novatel/oem7/odom,/novatel/oem7/bestpos,/novatel/oem7/odom,39.663,-75.756,33.181551602,0.001543319,-0.000942810,0.001531364,0.000191722,-0.000942810,,,
1786043724625242922,1786043724.624961721,/novatel/oem7/inspva,/novatel/oem7/inspva,/novatel/oem7/inspva,39.663,-75.756,-1.800568456,0.001921035,-0.000064046,0.000130148,0.001916621,-0.000064046,,novatel_oem7_msgs.msg.InertialSolutionStatus(status=3),
1786043724625792619,1786043724.625114657,/novatel/oem7/fix,/novatel/oem7/fix,/novatel/oem7/inspva,39.663,-75.756,-1.800568456,0.001921035,-0.000064046,0.000130148,0.001916621,-0.000064046,,0,
1786043724626385405,1786043724.625587791,/novatel/oem7/odom,/novatel/oem7/fix,/novatel/oem7/odom,39.663,-75.756,-1.800568456,0.001921287,-0.000055959,0.001920969,0.000034939,-0.000055959,,,
1786043724634784529,1786043724.634392812,/novatel/oem7/odom,/novatel/oem7/fix,/novatel/oem7/odom,39.663,-75.756,-1.800568456,0.001921287,-0.000055959,0.001920969,0.000034939,-0.000055959,,,
1786043724646859038,1786043724.646594514,/novatel/oem7/inspva,/novatel/oem7/inspva,/novatel/oem7/inspva,39.663,-75.756,-1.800549055,0.002541431,0.000977191,0.000651857,0.002456411,0.000977191,,novatel_oem7_msgs.msg.InertialSolutionStatus(status=3),
1786043724647477422,1786043724.646735908,/novatel/oem7/fix,/novatel/oem7/fix,/novatel/oem7/inspva,39.663,-75.756,-1.800549055,0.002541431,0.000977191,0.000651857,0.002456411,0.000977191,,0,
1786043724647894929,1786043724.647190977,/novatel/oem7/odom,/novatel/oem7/fix,/novatel/oem7/odom,39.663,-75.756,-1.800549055,0.002536801,0.000989149,0.002481622,0.000526220,0.000989149,,,
1786043724656560639,1786043724.656232103,/novatel/oem7/odom,/novatel/oem7/fix,/novatel/oem7/odom,39.663,-75.756,-1.800549055,0.002536801,0.000989149,0.002481622,0.000526220,0.000989149,,,
1786043724665386203,1786043724.665111881,/novatel/oem7/inspva,/novatel/oem7/inspva,/novatel/oem7/inspva,39.663,-75.756,-1.800532901,0.002146638,0.001107394,0.001653908,0.001368446,0.001107394,,novatel_oem7_msgs.msg.InertialSolutionStatus(status=3),
1786043724665981651,1786043724.665262563,/novatel/oem7/fix,/novatel/oem7/fix,/novatel/oem7/inspva,39.663,-75.756,-1.800532901,0.002146638,0.001107394,0.001653908,0.001368446,0.001107394,,0,
1786043724666398048,1786043724.665759485,/novatel/oem7/odom,/novatel/oem7/fix,/novatel/oem7/odom,39.663,-75.756,-1.800532901,0.002141159,0.001117952,0.001444263,0.001580717,0.001117952,,,
1786043724675891304,1786043724.675439248,/novatel/oem7/odom,/novatel/oem7/fix,/novatel/oem7/odom,39.663,-75.756,-1.800532901,0.002141159,0.001117952,0.001444263,0.001580717,0.001117952,,,
1786043724685813774,1786043724.685358913,/novatel/oem7/inspva,/novatel/oem7/inspva,/novatel/oem7/inspva,39.663,-75.756,-1.800534996,0.001240812,-0.001433008,0.000677510,0.001039516,-0.001433008,,novatel_oem7_msgs.msg.InertialSolutionStatus(status=3),
1786043724686368224,1786043724.685580599,/novatel/oem7/fix,/novatel/oem7/fix,/novatel/oem7/inspva,39.663,-75.756,-1.800534996,0.001240812,-0.001433008,0.000677510,0.001039516,-0.001433008,,0,
1786043724686802660,1786043724.686072014,/novatel/oem7/odom,/novatel/oem7/fix,/novatel/oem7/odom,39.663,-75.756,-1.800534996,0.001247966,-0.001426782,0.001077834,0.000629042,-0.001426782,,,
1786043724695256513,1786043724.694947682,/novatel/oem7/odom,/novatel/oem7/fix,/novatel/oem7/odom,39.663,-75.756,-1.800534996,0.001247966,-0.001426782,0.001077834,0.000629042,-0.001426782,,,
1786043724706193430,1786043724.705923012,/novatel/oem7/inspva,/novatel/oem7/inspva,/novatel/oem7/inspva,39.663,-75.756,-1.800505837,0.001963637,-0.001243876,0.000548920,0.001885353,-0.001243876,,novatel_oem7_msgs.msg.InertialSolutionStatus(status=3),
1786043724706745565,1786043724.706074496,/novatel/oem7/fix,/novatel/oem7/fix,/novatel/oem7/inspva,39.663,-75.756,-1.800505837,0.001963637,-0.001243876,0.000548920,0.001885353,-0.001243876,,0,
1786043724707394419,1786043724.706534718,/novatel/oem7/odom,/novatel/oem7/fix,/novatel/oem7/odom,39.663,-75.756,-1.800505837,0.001969455,-0.001234643,0.001915453,0.000458030,-0.001234643,,,
1786043724709573662,1786043724.709114097,/novatel/oem7/bestpos,/novatel/oem7/bestpos,/novatel/oem7/odom,39.663,-75.756,33.181638492,0.001969455,-0.001234643,0.001915453,0.000458030,-0.001234643,,novatel_oem7_msgs.msg.SolutionStatus(status=0),novatel_oem7_msgs.msg.PositionOrVelocityType(type=53)
1786043724710175807,1786043724.709485387,/novatel/oem7/bestvel,/novatel/oem7/bestpos,/novatel/oem7/bestvel,39.663,-75.756,33.181638492,0.000860195,-0.000232817,,,,106.865483389,novatel_oem7_msgs.msg.SolutionStatus(status=0),novatel_oem7_msgs.msg.PositionOrVelocityType(type=53)
1786043724714875996,1786043724.714574644,/novatel/oem7/odom,/novatel/oem7/bestpos,/novatel/oem7/odom,39.663,-75.756,33.181638492,0.001969455,-0.001234643,0.001915453,0.000458030,-0.001234643,,,
1786043724725662485,1786043724.725368865,/novatel/oem7/inspva,/novatel/oem7/inspva,/novatel/oem7/inspva,39.663,-75.756,-1.800476020,0.002429740,0.001430103,0.000033954,0.002429502,0.001430103,,novatel_oem7_msgs.msg.InertialSolutionStatus(status=3),
1786043724726209374,1786043724.725534980,/novatel/oem7/fix,/novatel/oem7/fix,/novatel/oem7/inspva,39.663,-75.756,-1.800476020,0.002429740,0.001430103,0.000033954,0.002429502,0.001430103,,0,
1786043724726853335,1786043724.726205720,/novatel/oem7/odom,/novatel/oem7/fix,/novatel/oem7/odom,39.663,-75.756,-1.800476020,0.002423841,0.001440077,0.002422137,-0.000090875,0.001440077,,,
1786043724735838935,1786043724.735526373,/novatel/oem7/odom,/novatel/oem7/fix,/novatel/oem7/odom,39.663,-75.756,-1.800476020,0.002423841,0.001440077,0.002422137,-0.000090875,0.001440077,,,
1786043724745313803,1786043724.745040025,/novatel/oem7/inspva,/novatel/oem7/inspva,/novatel/oem7/inspva,39.663,-75.756,-1.800463929,0.003208413,0.001152325,0.001268791,0.002946877,0.001152325,,novatel_oem7_msgs.msg.InertialSolutionStatus(status=3),
1786043724745871090,1786043724.745187803,/novatel/oem7/fix,/novatel/oem7/fix,/novatel/oem7/inspva,39.663,-75.756,-1.800463929,0.003208413,0.001152325,0.001268791,0.002946877,0.001152325,,0,
1786043724746286245,1786043724.745604270,/novatel/oem7/odom,/novatel/oem7/fix,/novatel/oem7/odom,39.663,-75.756,-1.800463929,0.003202719,0.001168059,0.003001432,0.001117502,0.001168059,,,
1786043724755957433,1786043724.755644870,/novatel/oem7/odom,/novatel/oem7/fix,/novatel/oem7/odom,39.663,-75.756,-1.800463929,0.003202719,0.001168059,0.003001432,0.001117502,0.001168059,,,
1786043724766852793,1786043724.766577089,/novatel/oem7/inspva,/novatel/oem7/inspva,/novatel/oem7/inspva,39.663,-75.756,-1.800466407,0.002013205,-0.001128351,0.001657528,0.001142626,-0.001128351,,novatel_oem7_msgs.msg.InertialSolutionStatus(status=3),
1786043724767454959,1786043724.766740401,/novatel/oem7/fix,/novatel/oem7/fix,/novatel/oem7/inspva,39.663,-75.756,-1.800466407,0.002013205,-0.001128351,0.001657528,0.001142626,-0.001128351,,0,
1786043724767873056,1786043724.767154948,/novatel/oem7/odom,/novatel/oem7/fix,/novatel/oem7/odom,39.663,-75.756,-1.800466407,0.002018579,-0.001118709,0.001228293,0.001601860,-0.001118709,,,
1786043724775517090,1786043724.775115604,/novatel/oem7/odom,/novatel/oem7/fix,/novatel/oem7/odom,39.663,-75.756,-1.800466407,0.002018579,-0.001118709,0.001228293,0.001601860,-0.001118709,,,
1786043724785531513,1786043724.785158751,/novatel/oem7/inspva,/novatel/oem7/inspva,/novatel/oem7/inspva,39.663,-75.756,-1.800440021,0.001921598,-0.001419746,0.001477578,0.001228537,-0.001419746,,novatel_oem7_msgs.msg.InertialSolutionStatus(status=3),
1786043724786067105,1786043724.785301959,/novatel/oem7/fix,/novatel/oem7/fix,/novatel/oem7/inspva,39.663,-75.756,-1.800440021,0.001921598,-0.001419746,0.001477578,0.001228537,-0.001419746,,0,
1786043724786496742,1786043724.785661866,/novatel/oem7/odom,/novatel/oem7/fix,/novatel/oem7/odom,39.663,-75.756,-1.800440021,0.001928517,-0.001410334,0.001306336,0.001418684,-0.001410334,,,
1786043724795895543,1786043724.795559695,/novatel/oem7/odom,/novatel/oem7/fix,/novatel/oem7/odom,39.663,-75.756,-1.800440021,0.001928517,-0.001410334,0.001306336,0.001418684,-0.001410334,,,
1786043724806994420,1786043724.806594278,/novatel/oem7/inspva,/novatel/oem7/inspva,/novatel/oem7/inspva,39.663,-75.756,-1.800406337,0.003141463,0.001368732,-0.000078887,0.003140472,0.001368732,,novatel_oem7_msgs.msg.InertialSolutionStatus(status=3),
1786043724807589415,1786043724.806731616,/novatel/oem7/fix,/novatel/oem7/fix,/novatel/oem7/inspva,39.663,-75.756,-1.800406337,0.003141463,0.001368732,-0.000078887,0.003140472,0.001368732,,0,
1786043724808007273,1786043724.807269615,/novatel/oem7/odom,/novatel/oem7/fix,/novatel/oem7/odom,39.663,-75.756,-1.800406337,0.003136042,0.001381107,0.003126941,-0.000238749,0.001381107,,,
1786043724810765776,1786043724.810447219,/novatel/oem7/bestpos,/novatel/oem7/bestpos,/novatel/oem7/odom,39.663,-75.756,33.181718430,0.003136042,0.001381107,0.003126941,-0.000238749,0.001381107,,novatel_oem7_msgs.msg.SolutionStatus(status=0),novatel_oem7_msgs.msg.PositionOrVelocityType(type=53)
1786043724811339025,1786043724.810839137,/novatel/oem7/bestvel,/novatel/oem7/bestpos,/novatel/oem7/bestvel,39.663,-75.756,33.181718430,0.002441210,0.001290339,,,,71.067245828,novatel_oem7_msgs.msg.SolutionStatus(status=0),novatel_oem7_msgs.msg.PositionOrVelocityType(type=53)
1786043724815265906,1786043724.814966791,/novatel/oem7/odom,/novatel/oem7/bestpos,/novatel/oem7/odom,39.663,-75.756,33.181718430,0.003136042,0.001381107,0.003126941,-0.000238749,0.001381107,,,
1786043724826584784,1786043724.826270847,/novatel/oem7/inspva,/novatel/oem7/inspva,/novatel/oem7/inspva,39.663,-75.756,-1.800388478,0.002672876,0.001126405,0.000659295,0.002590288,0.001126405,,novatel_oem7_msgs.msg.InertialSolutionStatus(status=3),
1786043724827166388,1786043724.826442139,/novatel/oem7/fix,/novatel/oem7/fix,/novatel/oem7/inspva,39.663,-75.756,-1.800388478,0.002672876,0.001126405,0.000659295,0.002590288,0.001126405,,0,
1786043724827767775,1786043724.826934837,/novatel/oem7/odom,/novatel/oem7/fix,/novatel/oem7/odom,39.663,-75.756,-1.800388478,0.002667570,0.001138913,0.002615088,0.000526539,0.001138913,,,
1786043724834857061,1786043724.834556866,/novatel/oem7/odom,/novatel/oem7/fix,/novatel/oem7/odom,39.663,-75.756,-1.800388478,0.002667570,0.001138913,0.002615088,0.000526539,0.001138913,,,
1786043724845856045,1786043724.845371071,/novatel/oem7/inspva,/novatel/oem7/inspva,/novatel/oem7/inspva,39.663,-75.756,-1.800387203,0.002122326,-0.000827566,0.001985286,0.000750273,-0.000827566,,novatel_oem7_msgs.msg.InertialSolutionStatus(status=3),
1786043724846406260,1786043724.845545929,/novatel/oem7/fix,/novatel/oem7/fix,/novatel/oem7/inspva,39.663,-75.756,-1.800387203,0.002122326,-0.000827566,0.001985286,0.000750273,-0.000827566,,0,
1786043724846831903,1786043724.846168245,/novatel/oem7/odom,/novatel/oem7/fix,/novatel/oem7/odom,39.663,-75.756,-1.800387203,0.002125820,-0.000818550,0.000851462,0.001947851,-0.000818550,,,
1786043724856918990,1786043724.856528302,/novatel/oem7/odom,/novatel/oem7/fix,/novatel/oem7/odom,39.663,-75.756,-1.800387203,0.002125820,-0.000818550,0.000851462,0.001947851,-0.000818550,,,
1786043724865744712,1786043724.865449754,/novatel/oem7/inspva,/novatel/oem7/inspva,/novatel/oem7/inspva,39.663,-75.756,-1.800363425,0.002123632,-0.000694195,0.001881874,0.000984054,-0.000694195,,novatel_oem7_msgs.msg.InertialSolutionStatus(status=3),
1786043724866309618,1786043724.865609016,/novatel/oem7/fix,/novatel/oem7/fix,/novatel/oem7/inspva,39.663,-75.756,-1.800363425,0.002123632,-0.000694195,0.001881874,0.000984054,-0.000694195,,0,
1786043724866750691,1786043724.866025770,/novatel/oem7/odom,/novatel/oem7/fix,/novatel/oem7/odom,39.663,-75.756,-1.800363425,0.002126770,-0.000684520,0.001079234,0.001832595,-0.000684520,,,
1786043724874808478,1786043724.874458961,/novatel/oem7/odom,/novatel/oem7/fix,/novatel/oem7/odom,39.663,-75.756,-1.800363425,0.002126770,-0.000684520,0.001079234,0.001832595,-0.000684520,,,
1786043724886963094,1786043724.886572428,/novatel/oem7/inspva,/novatel/oem7/inspva,/novatel/oem7/inspva,39.663,-75.756,-1.800333722,0.002667243,0.000476833,0.000182321,0.002661004,0.000476833,,novatel_oem7_msgs.msg.InertialSolutionStatus(status=3),
1786043724887606626,1786043724.886777785,/novatel/oem7/fix,/novatel/oem7/fix,/novatel/oem7/inspva,39.663,-75.756,-1.800333722,0.002667243,0.000476833,0.000182321,0.002661004,0.000476833,,0,
1786043724888025336,1786043724.887191288,/novatel/oem7/odom,/novatel/oem7/fix,/novatel/oem7/odom,39.663,-75.756,-1.800333722,0.002665199,0.000488124,0.002664758,0.000048476,0.000488124,,,
1786043724895243130,1786043724.894938725,/novatel/oem7/odom,/novatel/oem7/fix,/novatel/oem7/odom,39.663,-75.756,-1.800333722,0.002665199,0.000488124,0.002664758,0.000048476,0.000488124,,,
1786043724906213674,1786043724.905803133,/novatel/oem7/inspva,/novatel/oem7/inspva,/novatel/oem7/inspva,39.663,-75.756,-1.800313353,0.001991370,0.000841267,0.000846378,0.001802553,0.000841267,,novatel_oem7_msgs.msg.InertialSolutionStatus(status=3),
1786043724906747426,1786043724.905979088,/novatel/oem7/fix,/novatel/oem7/fix,/novatel/oem7/inspva,39.663,-75.756,-1.800313353,0.001991370,0.000841267,0.000846378,0.001802553,0.000841267,,0,
1786043724907226703,1786043724.906388932,/novatel/oem7/odom,/novatel/oem7/fix,/novatel/oem7/odom,39.663,-75.756,-1.800313353,0.001987172,0.000851134,0.001838824,0.000753378,0.000851134,,,
1786043724910015815,1786043724.909556553,/novatel/oem7/bestpos,/novatel/oem7/bestpos,/novatel/oem7/odom,39.663,-75.756,33.181804369,0.001987172,0.000851134,0.001838824,0.000753378,0.000851134,,novatel_oem7_msgs.msg.SolutionStatus(status=0),novatel_oem7_msgs.msg.PositionOrVelocityType(type=53)
1786043724910580691,1786043724.910317894,/novatel/oem7/bestvel,/novatel/oem7/bestpos,/novatel/oem7/bestvel,39.663,-75.756,33.181804369,0.002060215,0.000843168,,,,69.098961141,novatel_oem7_msgs.msg.SolutionStatus(status=0),novatel_oem7_msgs.msg.PositionOrVelocityType(type=53)
1786043724915944712,1786043724.915490086,/novatel/oem7/odom,/novatel/oem7/bestpos,/novatel/oem7/odom,39.663,-75.756,33.181804369,0.001987172,0.000851134,0.001838824,0.000753378,0.000851134,,,
1786043724926397441,1786043724.925998304,/novatel/oem7/inspva,/novatel/oem7/inspva,/novatel/oem7/inspva,39.663,-75.756,-1.800314391,0.002471363,-0.000562873,0.002348014,0.000771017,-0.000562873,,novatel_oem7_msgs.msg.InertialSolutionStatus(status=3),
1786043724926991051,1786043724.926204916,/novatel/oem7/fix,/novatel/oem7/fix,/novatel/oem7/inspva,39.663,-75.756,-1.800314391,0.002471363,-0.000562873,0.002348014,0.000771017,-0.000562873,,0,
1786043724927509925,1786043724.926657044,/novatel/oem7/odom,/novatel/oem7/fix,/novatel/oem7/odom,39.663,-75.756,-1.800314391,0.002473664,-0.000552672,0.000889082,0.002308365,-0.000552672,,,
1786043724935536844,1786043724.935115005,/novatel/oem7/odom,/novatel/oem7/fix,/novatel/oem7/odom,39.663,-75.756,-1.800314391,0.002473664,-0.000552672,0.000889082,0.002308365,-0.000552672,,,
1786043724947033223,1786043724.946277649,/novatel/oem7/inspva,/novatel/oem7/inspva,/novatel/oem7/inspva,39.663,-75.756,-1.800291169,0.002246436,-0.000460815,0.002022936,0.000976833,-0.000460815,,novatel_oem7_msgs.msg.InertialSolutionStatus(status=3),
1786043724947673966,1786043724.946390293,/novatel/oem7/fix,/novatel/oem7/fix,/novatel/oem7/inspva,39.663,-75.756,-1.800291169,0.002246436,-0.000460815,0.002022936,0.000976833,-0.000460815,,0,
1786043724948091701,1786043724.946895755,/novatel/oem7/odom,/novatel/oem7/fix,/novatel/oem7/odom,39.663,-75.756,-1.800291169,0.002248474,-0.000450761,0.001078045,0.001973184,-0.000450761,,,
1786043724956269630,1786043724.955949833,/novatel/oem7/odom,/novatel/oem7/fix,/novatel/oem7/odom,39.663,-75.756,-1.800291169,0.002248474,-0.000450761,0.001078045,0.001973184,-0.000450761,,,
1786043724965735525,1786043724.965392153,/novatel/oem7/inspva,/novatel/oem7/inspva,/novatel/oem7/inspva,39.663,-75.756,-1.800274474,0.002386805,-0.000319564,-0.000040755,0.002386457,-0.000319564,,novatel_oem7_msgs.msg.InertialSolutionStatus(status=3),
1786043724966307137,1786043724.965570734,/novatel/oem7/fix,/novatel/oem7/fix,/novatel/oem7/inspva,39.663,-75.756,-1.800274474,0.002386805,-0.000319564,-0.000040755,0.002386457,-0.000319564,,0,
1786043724966968547,1786043724.966159247,/novatel/oem7/odom,/novatel/oem7/fix,/novatel/oem7/odom,39.663,-75.756,-1.800274474,0.002388057,-0.000310069,0.002382799,-0.000158386,-0.000310069,,,
1786043724975887092,1786043724.975568481,/novatel/oem7/odom,/novatel/oem7/fix,/novatel/oem7/odom,39.663,-75.756,-1.800274474,0.002388057,-0.000310069,0.002382799,-0.000158386,-0.000310069,,,
1786043724985682765,1786043724.985273248,/novatel/oem7/inspva,/novatel/oem7/inspva,/novatel/oem7/inspva,39.663,-75.756,-1.800254623,0.001474639,0.000086060,0.000104149,0.001470957,0.000086060,,novatel_oem7_msgs.msg.InertialSolutionStatus(status=3),
1786043724986529343,1786043724.985376126,/novatel/oem7/fix,/novatel/oem7/fix,/novatel/oem7/inspva,39.663,-75.756,-1.800254623,0.001474639,0.000086060,0.000104149,0.001470957,0.000086060,,0,
1786043724987162061,1786043724.986001812,/novatel/oem7/odom,/novatel/oem7/fix,/novatel/oem7/odom,39.663,-75.756,-1.800254623,0.001474261,0.000092315,0.001473941,0.000030686,0.000092315,,,
1786043724994879211,1786043724.994404906,/novatel/oem7/odom,/novatel/oem7/fix,/novatel/oem7/odom,39.663,-75.756,-1.800254623,0.001474261,0.000092315,0.001473941,0.000030686,0.000092315,,,
1786043725010734402,1786043725.010052918,/novatel/oem7/inspva,/novatel/oem7/inspva,/novatel/oem7/inspva,39.663,-75.756,-1.800246788,0.002187332,0.000254051,0.002004472,0.000875507,0.000254051,,novatel_oem7_msgs.msg.InertialSolutionStatus(status=3),
1786043725012143611,1786043725.010262658,/novatel/oem7/fix,/novatel/oem7/fix,/novatel/oem7/inspva,39.663,-75.756,-1.800246788,0.002187332,0.000254051,0.002004472,0.000875507,0.000254051,,0,
1786043725013083984,1786043725.012626795,/novatel/oem7/odom,/novatel/oem7/fix,/novatel/oem7/odom,39.663,-75.756,-1.800246788,0.002186197,0.000263643,0.000972944,0.001957763,0.000263643,,,
1786043725016701831,1786043725.016156285,/novatel/oem7/odom,/novatel/oem7/fix,/novatel/oem7/odom,39.663,-75.756,-1.800246788,0.002186197,0.000263643,0.000972944,0.001957763,0.000263643,,,
1786043725025934464,1786043725.025374374,/novatel/oem7/bestpos,/novatel/oem7/bestpos,/novatel/oem7/odom,39.663,-75.756,33.181882006,0.002186197,0.000263643,0.000972944,0.001957763,0.000263643,,novatel_oem7_msgs.msg.SolutionStatus(status=0),novatel_oem7_msgs.msg.PositionOrVelocityType(type=53)
1786043725027162828,1786043725.026499968,/novatel/oem7/bestvel,/novatel/oem7/bestpos,/novatel/oem7/bestvel,39.663,-75.756,33.181882006,0.002307081,0.000188377,,,,21.359758926,novatel_oem7_msgs.msg.SolutionStatus(status=0),novatel_oem7_msgs.msg.PositionOrVelocityType(type=53)
1786043725028254850,1786043725.027084614,/novatel/oem7/inspva,/novatel/oem7/inspva,/novatel/oem7/inspva,39.663,-75.756,-1.800225409,0.001831873,0.000269564,0.001650197,0.000795368,0.000269564,,novatel_oem7_msgs.msg.InertialSolutionStatus(status=3),
1786043725028884041,1786043725.027269673,/novatel/oem7/fix,/novatel/oem7/fix,/novatel/oem7/inspva,39.663,-75.756,-1.800225409,0.001831873,0.000269564,0.001650197,0.000795368,0.000269564,,0,
1786043725029646630,1786043725.027729076,/novatel/oem7/odom,/novatel/oem7/fix,/novatel/oem7/odom,39.663,-75.756,-1.800225409,0.001830645,0.000277785,0.000875231,0.001607865,0.000277785,,,
1786043725036218128,1786043725.035621099,/novatel/oem7/odom,/novatel/oem7/fix,/novatel/oem7/odom,39.663,-75.756,-1.800225409,0.001830645,0.000277785,0.000875231,0.001607865,0.000277785,,,
1786043725047071743,1786043725.045817441,/novatel/oem7/inspva,/novatel/oem7/inspva,/novatel/oem7/inspva,39.663,-75.756,-1.800224217,0.001346012,-0.000456948,0.000241403,0.001324188,-0.000456948,,novatel_oem7_msgs.msg.InertialSolutionStatus(status=3),
1786043725049305426,1786043725.046203478,/novatel/oem7/fix,/novatel/oem7/fix,/novatel/oem7/inspva,39.663,-75.756,-1.800224217,0.001346012,-0.000456948,0.000241403,0.001324188,-0.000456948,,0,
1786043725051036420,1786043725.047015236,/novatel/oem7/odom,/novatel/oem7/fix,/novatel/oem7/odom,39.663,-75.756,-1.800224217,0.001348061,-0.000450867,0.001336446,0.000176582,-0.000450867,,,
1786043725057777710,1786043725.056669562,/novatel/oem7/odom,/novatel/oem7/fix,/novatel/oem7/odom,39.663,-75.756,-1.800224217,0.001348061,-0.000450867,0.001336446,0.000176582,-0.000450867,,,
1786043725066847844,1786043725.066256595,/novatel/oem7/inspva,/novatel/oem7/inspva,/novatel/oem7/inspva,39.663,-75.756,-1.800224765,0.002196838,-0.000065001,0.000059090,0.002196043,-0.000065001,,novatel_oem7_msgs.msg.InertialSolutionStatus(status=3),
1786043725068243084,1786043725.066445760,/novatel/oem7/fix,/novatel/oem7/fix,/novatel/oem7/inspva,39.663,-75.756,-1.800224765,0.002196838,-0.000065001,0.000059090,0.002196043,-0.000065001,,0,
1786043725069277908,1786043725.066906680,/novatel/oem7/odom,/novatel/oem7/fix,/novatel/oem7/odom,39.663,-75.756,-1.800224765,0.002197087,-0.000055954,0.002196520,-0.000049910,-0.000055954,,,
1786043725075773396,1786043725.074720459,/novatel/oem7/odom,/novatel/oem7/fix,/novatel/oem7/odom,39.663,-75.756,-1.800224765,0.002197087,-0.000055954,0.002196520,-0.000049910,-0.000055954,,,
1786043725086091229,1786043725.085400742,/novatel/oem7/inspva,/novatel/oem7/inspva,/novatel/oem7/inspva,39.663,-75.756,-1.800219744,0.002037018,0.001447453,0.001343099,0.001531512,0.001447453,,novatel_oem7_msgs.msg.InertialSolutionStatus(status=3),
1786043725087950264,1786043725.085646281,/novatel/oem7/fix,/novatel/oem7/fix,/novatel/oem7/inspva,39.663,-75.756,-1.800219744,0.002037018,0.001447453,0.001343099,0.001531512,0.001447453,,0,
1786043725089390088,1786043725.086197196,/novatel/oem7/odom,/novatel/oem7/fix,/novatel/oem7/odom,39.663,-75.756,-1.800219744,0.002029643,0.001457776,0.001590220,0.001261211,0.001457776,,,
1786043725096468739,1786043725.095652609,/novatel/oem7/odom,/novatel/oem7/fix,/novatel/oem7/odom,39.663,-75.756,-1.800219744,0.002029643,0.001457776,0.001590220,0.001261211,0.001457776,,,
1786043725107078778,1786043725.106031071,/novatel/oem7/inspva,/novatel/oem7/inspva,/novatel/oem7/inspva,39.663,-75.756,-1.800230024,0.002345830,0.000999041,0.001956776,0.001293812,0.000999041,,novatel_oem7_msgs.msg.InertialSolutionStatus(status=3),
1786043725108656924,1786043725.106329041,/novatel/oem7/fix,/novatel/oem7/fix,/novatel/oem7/inspva,39.663,-75.756,-1.800230024,0.002345830,0.000999041,0.001956776,0.001293812,0.000999041,,0,
1786043725109764745,1786043725.106892369,/novatel/oem7/odom,/novatel/oem7/fix,/novatel/oem7/odom,39.663,-75.756,-1.800230024,0.002341042,0.001010212,0.001385248,0.001887210,0.001010212,,,
1786043725111214066,1786043725.109241143,/novatel/oem7/bestpos,/novatel/oem7/bestpos,/novatel/oem7/odom,39.663,-75.756,33.181883899,0.002341042,0.001010212,0.001385248,0.001887210,0.001010212,,novatel_oem7_msgs.msg.SolutionStatus(status=0),novatel_oem7_msgs.msg.PositionOrVelocityType(type=53)
1786043725112146582,1786043725.109876509,/novatel/oem7/bestvel,/novatel/oem7/bestpos,/novatel/oem7/bestvel,39.663,-75.756,33.181883899,0.002711493,0.000736577,,,,30.412646346,novatel_oem7_msgs.msg.SolutionStatus(status=0),novatel_oem7_msgs.msg.PositionOrVelocityType(type=53)
1786043725114984613,1786043725.114349887,/novatel/oem7/odom,/novatel/oem7/bestpos,/novatel/oem7/odom,39.663,-75.756,33.181883899,0.002341042,0.001010212,0.001385248,0.001887210,0.001010212,,,
1786043725127096638,1786043725.126483228,/novatel/oem7/inspva,/novatel/oem7/inspva,/novatel/oem7/inspva,39.663,-75.756,-1.800240285,0.001280609,-0.001019165,0.001022762,0.000770660,-0.001019165,,novatel_oem7_msgs.msg.InertialSolutionStatus(status=3),
1786043725128566688,1786043725.126646306,/novatel/oem7/fix,/novatel/oem7/fix,/novatel/oem7/inspva,39.663,-75.756,-1.800240285,0.001280609,-0.001019165,0.001022762,0.000770660,-0.001019165,,0,
1786043725129637146,1786043725.127025177,/novatel/oem7/odom,/novatel/oem7/fix,/novatel/oem7/odom,39.663,-75.756,-1.800240285,0.001285519,-0.001012965,0.000824787,0.000986046,-0.001012965,,,
1786043725136363433,1786043725.135383046,/novatel/oem7/odom,/novatel/oem7/fix,/novatel/oem7/odom,39.663,-75.756,-1.800240285,0.001285519,-0.001012965,0.000824787,0.000986046,-0.001012965,,,
1786043725145750623,1786043725.145045293,/novatel/oem7/inspva,/novatel/oem7/inspva,/novatel/oem7/inspva,39.663,-75.756,-1.800234435,0.001685397,-0.000343330,0.000837126,0.001462800,-0.000343330,,novatel_oem7_msgs.msg.InertialSolutionStatus(status=3),
1786043725147233045,1786043725.145232524,/novatel/oem7/fix,/novatel/oem7/fix,/novatel/oem7/inspva,39.663,-75.756,-1.800234435,0.001685397,-0.000343330,0.000837126,0.001462800,-0.000343330,,0,
1786043725148826557,1786043725.145473447,/novatel/oem7/odom,/novatel/oem7/fix,/novatel/oem7/odom,39.663,-75.756,-1.800234435,0.001687097,-0.000334877,0.001504012,0.000764359,-0.000334877,,,
1786043725156672699,1786043725.155734529,/novatel/oem7/odom,/novatel/oem7/fix,/novatel/oem7/odom,39.663,-75.756,-1.800234435,0.001687097,-0.000334877,0.001504012,0.000764359,-0.000334877,,,
1786043725167222474,1786043725.166532527,/novatel/oem7/inspva,/novatel/oem7/inspva,/novatel/oem7/inspva,39.663,-75.756,-1.800223013,0.002855582,0.001901756,0.001325727,0.002529190,0.001901756,,novatel_oem7_msgs.msg.InertialSolutionStatus(status=3),
1786043725169103289,1786043725.166751423,/novatel/oem7/fix,/novatel/oem7/fix,/novatel/oem7/inspva,39.663,-75.756,-1.800223013,0.002855582,0.001901756,0.001325727,0.002529190,0.001901756,,0,
1786043725170708542,1786043725.167289351,/novatel/oem7/odom,/novatel/oem7/fix,/novatel/oem7/odom,39.663,-75.756,-1.800223013,0.002845991,0.001916079,0.002583903,0.001192942,0.001916079,,,
1786043725175405612,1786043725.174727023,/novatel/oem7/odom,/novatel/oem7/fix,/novatel/oem7/odom,39.663,-75.756,-1.800223013,0.002845991,0.001916079,0.002583903,0.001192942,0.001916079,,,
1786043725186778562,1786043725.185934234,/novatel/oem7/inspva,/novatel/oem7/inspva,/novatel/oem7/inspva,39.663,-75.756,-1.800232929,0.002297567,0.001650382,0.001648099,0.001600807,0.001650382,,novatel_oem7_msgs.msg.InertialSolutionStatus(status=3),
1786043725188766255,1786043725.186194356,/novatel/oem7/fix,/novatel/oem7/fix,/novatel/oem7/inspva,39.663,-75.756,-1.800232929,0.002297567,0.001650382,0.001648099,0.001600807,0.001650382,,0,
1786043725190282187,1786043725.186721902,/novatel/oem7/odom,/novatel/oem7/fix,/novatel/oem7/odom,39.663,-75.756,-1.800232929,0.002289228,0.001661929,0.001673720,0.001561803,0.001661929,,,
1786043725195416525,1786043725.194559806,/novatel/oem7/odom,/novatel/oem7/fix,/novatel/oem7/odom,39.663,-75.756,-1.800232929,0.002289228,0.001661929,0.001673720,0.001561803,0.001661929,,,
1786043725207018014,1786043725.206265136,/novatel/oem7/inspva,/novatel/oem7/inspva,/novatel/oem7/inspva,39.663,-75.756,-1.800253290,0.001341796,-0.001605789,0.001250823,0.000485653,-0.001605789,,novatel_oem7_msgs.msg.InertialSolutionStatus(status=3),
1786043725208684027,1786043725.206516745,/novatel/oem7/fix,/novatel/oem7/fix,/novatel/oem7/inspva,39.663,-75.756,-1.800253290,0.001341796,-0.001605789,0.001250823,0.000485653,-0.001605789,,0,
1786043725209795208,1786043725.207031560,/novatel/oem7/odom,/novatel/oem7/fix,/novatel/oem7/odom,39.663,-75.756,-1.800253290,0.001348677,-0.001600015,0.000553889,0.001229689,-0.001600015,,,
1786043725211349227,1786043725.210209869,/novatel/oem7/bestpos,/novatel/oem7/bestpos,/novatel/oem7/odom,39.663,-75.756,33.181872053,0.001348677,-0.001600015,0.000553889,0.001229689,-0.001600015,,novatel_oem7_msgs.msg.SolutionStatus(status=0),novatel_oem7_msgs.msg.PositionOrVelocityType(type=53)
1786043725212404864,1786043725.210598893,/novatel/oem7/bestvel,/novatel/oem7/bestpos,/novatel/oem7/bestvel,39.663,-75.756,33.181872053,0.001141167,-0.000695419,,,,315.856583414,novatel_oem7_msgs.msg.SolutionStatus(status=0),novatel_oem7_msgs.msg.PositionOrVelocityType(type=53)
1786043725215843985,1786043725.214976989,/novatel/oem7/odom,/novatel/oem7/bestpos,/novatel/oem7/odom,39.663,-75.756,33.181872053,0.001348677,-0.001600015,0.000553889,0.001229689,-0.001600015,,,
1786043725226918528,1786043725.226183201,/novatel/oem7/inspva,/novatel/oem7/inspva,/novatel/oem7/inspva,39.663,-75.756,-1.800247665,0.001327920,-0.000703816,0.000731909,0.001108008,-0.000703816,,novatel_oem7_msgs.msg.InertialSolutionStatus(status=3),
1786043725228682746,1786043725.226464661,/novatel/oem7/fix,/novatel/oem7/fix,/novatel/oem7/inspva,39.663,-75.756,-1.800247665,0.001327920,-0.000703816,0.000731909,0.001108008,-0.000703816,,0,
1786043725230077300,1786043725.226893252,/novatel/oem7/odom,/novatel/oem7/fix,/novatel/oem7/odom,39.663,-75.756,-1.800247665,0.001331456,-0.000697105,0.001145938,0.000677938,-0.000697105,,,
1786043725235643722,1786043725.234582125,/novatel/oem7/odom,/novatel/oem7/fix,/novatel/oem7/odom,39.663,-75.756,-1.800247665,0.001331456,-0.000697105,0.001145938,0.000677938,-0.000697105,,,
1786043725247564408,1786043725.246606608,/novatel/oem7/inspva,/novatel/oem7/inspva,/novatel/oem7/inspva,39.663,-75.756,-1.800234010,0.002164541,0.001728105,0.000856333,0.001987947,0.001728105,,novatel_oem7_msgs.msg.InertialSolutionStatus(status=3),
1786043725249068483,1786043725.246920115,/novatel/oem7/fix,/novatel/oem7/fix,/novatel/oem7/inspva,39.663,-75.756,-1.800234010,0.002164541,0.001728105,0.000856333,0.001987947,0.001728105,,0,
1786043725250129313,1786043725.247311970,/novatel/oem7/odom,/novatel/oem7/fix,/novatel/oem7/odom,39.663,-75.756,-1.800234010,0.002155927,0.001738839,0.002020684,0.000751572,0.001738839,,,
1786043725257078466,1786043725.256412022,/novatel/oem7/odom,/novatel/oem7/fix,/novatel/oem7/odom,39.663,-75.756,-1.800234010,0.002155927,0.001738839,0.002020684,0.000751572,0.001738839,,,
1786043725265621098,1786043725.265070722,/novatel/oem7/inspva,/novatel/oem7/inspva,/novatel/oem7/inspva,39.663,-75.756,-1.800243802,0.002066948,0.001423937,0.001495528,0.001426769,0.001423937,,novatel_oem7_msgs.msg.InertialSolutionStatus(status=3),
1786043725266931574,1786043725.265271917,/novatel/oem7/fix,/novatel/oem7/fix,/novatel/oem7/inspva,39.663,-75.756,-1.800243802,0.002066948,0.001423937,0.001495528,0.001426769,0.001423937,,0,
1786043725267933017,1786043725.265732309,/novatel/oem7/odom,/novatel/oem7/fix,/novatel/oem7/odom,39.663,-75.756,-1.800243802,0.002059763,0.001434311,0.001493261,0.001418730,0.001434311,,,
1786043725275128666,1786043725.274474142,/novatel/oem7/odom,/novatel/oem7/fix,/novatel/oem7/odom,39.663,-75.756,-1.800243802,0.002059763,0.001434311,0.001493261,0.001418730,0.001434311,,,
1786043725287128515,1786043725.286637797,/novatel/oem7/inspva,/novatel/oem7/inspva,/novatel/oem7/inspva,39.663,-75.756,-1.800266418,0.001893952,-0.001121728,0.001891403,0.000098220,-0.001121728,,novatel_oem7_msgs.msg.InertialSolutionStatus(status=3),
1786043725288416865,1786043725.286705981,/novatel/oem7/fix,/novatel/oem7/fix,/novatel/oem7/inspva,39.663,-75.756,-1.800266418,0.001893952,-0.001121728,0.001891403,0.000098220,-0.001121728,,0,
1786043725289415488,1786043725.287293331,/novatel/oem7/odom,/novatel/oem7/fix,/novatel/oem7/odom,39.663,-75.756,-1.800266418,0.001897590,-0.001115563,0.000196785,0.001887358,-0.001115563,,,
1786043725295312410,1786043725.294647173,/novatel/oem7/odom,/novatel/oem7/fix,/novatel/oem7/odom,39.663,-75.756,-1.800266418,0.001897590,-0.001115563,0.000196785,0.001887358,-0.001115563,,,
1786043725306644137,1786043725.306120004,/novatel/oem7/inspva,/novatel/oem7/inspva,/novatel/oem7/inspva,39.663,-75.756,-1.800266587,0.001530579,-0.001205903,0.001299910,0.000808025,-0.001205903,,novatel_oem7_msgs.msg.InertialSolutionStatus(status=3),
1786043725307925096,1786043725.306263979,/novatel/oem7/fix,/novatel/oem7/fix,/novatel/oem7/inspva,39.663,-75.756,-1.800266587,0.001530579,-0.001205903,0.001299910,0.000808025,-0.001205903,,0,
1786043725308913372,1786043725.306676607,/novatel/oem7/odom,/novatel/oem7/fix,/novatel/oem7/odom,39.663,-75.756,-1.800266587,0.001536260,-0.001198656,0.000876641,0.001261585,-0.001198656,,,
1786043725310384387,1786043725.309324516,/novatel/oem7/bestpos,/novatel/oem7/bestpos,/novatel/oem7/odom,39.663,-75.756,33.181845913,0.001536260,-0.001198656,0.000876641,0.001261585,-0.001198656,,novatel_oem7_msgs.msg.SolutionStatus(status=0),novatel_oem7_msgs.msg.PositionOrVelocityType(type=53)
1786043725311764831,1786043725.310001650,/novatel/oem7/bestvel,/novatel/oem7/bestpos,/novatel/oem7/bestvel,39.663,-75.756,33.181845913,0.001432734,-0.000774027,,,,353.208483438,novatel_oem7_msgs.msg.SolutionStatus(status=0),novatel_oem7_msgs.msg.PositionOrVelocityType(type=53)
1786043725315256352,1786043725.314600226,/novatel/oem7/odom,/novatel/oem7/bestpos,/novatel/oem7/odom,39.663,-75.756,33.181845913,0.001536260,-0.001198656,0.000876641,0.001261585,-0.001198656,,,
1786043725325553428,1786043725.325051506,/novatel/oem7/inspva,/novatel/oem7/inspva,/novatel/oem7/inspva,39.663,-75.756,-1.800249996,0.002330475,0.001402866,0.000766565,0.002200794,0.001402866,,novatel_oem7_msgs.msg.InertialSolutionStatus(status=3),
1786043725326829368,1786043725.325115363,/novatel/oem7/fix,/novatel/oem7/fix,/novatel/oem7/inspva,39.663,-75.756,-1.800249996,0.002330475,0.001402866,0.000766565,0.002200794,0.001402866,,0,
1786043725327820581,1786043725.325795257,/novatel/oem7/odom,/novatel/oem7/fix,/novatel/oem7/odom,39.663,-75.756,-1.800249996,0.002323644,0.001414152,0.002230222,0.000652252,0.001414152,,,
1786043725335553485,1786043725.334903121,/novatel/oem7/odom,/novatel/oem7/fix,/novatel/oem7/odom,39.663,-75.756,-1.800249996,0.002323644,0.001414152,0.002230222,0.000652252,0.001414152,,,
1786043725346909684,1786043725.345942601,/novatel/oem7/inspva,/novatel/oem7/inspva,/novatel/oem7/inspva,39.663,-75.756,-1.800260138,0.002300760,0.001062428,0.001193699,0.001966871,0.001062428,,novatel_oem7_msgs.msg.InertialSolutionStatus(status=3),
1786043725348876227,1786043725.346167040,/novatel/oem7/fix,/novatel/oem7/fix,/novatel/oem7/inspva,39.663,-75.756,-1.800260138,0.002300760,0.001062428,0.001193699,0.001966871,0.001062428,,0,
1786043725350407416,1786043725.346756426,/novatel/oem7/odom,/novatel/oem7/fix,/novatel/oem7/odom,39.663,-75.756,-1.800260138,0.002295337,0.001074094,0.002019233,0.001091453,0.001074094,,,
1786043725356674231,1786043725.355716189,/novatel/oem7/odom,/novatel/oem7/fix,/novatel/oem7/odom,39.663,-75.756,-1.800260138,0.002295337,0.001074094,0.002019233,0.001091453,0.001074094,,,
1786043725365954881,1786043725.365231870,/novatel/oem7/inspva,/novatel/oem7/inspva,/novatel/oem7/inspva,39.663,-75.756,-1.800275703,0.002849927,-0.000490639,0.002786256,0.000599050,-0.000490639,,novatel_oem7_msgs.msg.InertialSolutionStatus(status=3),
1786043725367236373,1786043725.365472656,/novatel/oem7/fix,/novatel/oem7/fix,/novatel/oem7/inspva,39.663,-75.756,-1.800275703,0.002849927,-0.000490639,0.002786256,0.000599050,-0.000490639,,0,
1786043725368292637,1786043725.365894710,/novatel/oem7/odom,/novatel/oem7/fix,/novatel/oem7/odom,39.663,-75.756,-1.800275703,0.002851783,-0.000479732,0.000738760,0.002754433,-0.000479732,,,
1786043725377206960,1786043725.376255550,/novatel/oem7/odom,/novatel/oem7/fix,/novatel/oem7/odom,39.663,-75.756,-1.800275703,0.002851783,-0.000479732,0.000738760,0.002754433,-0.000479732,,,
1786043725386057811,1786043725.385188005,/novatel/oem7/inspva,/novatel/oem7/inspva,/novatel/oem7/inspva,39.663,-75.756,-1.800279562,0.002516828,-0.000813286,0.002063287,0.001441275,-0.000813286,,novatel_oem7_msgs.msg.InertialSolutionStatus(status=3),
1786043725387816322,1786043725.385393841,/novatel/oem7/fix,/novatel/oem7/fix,/novatel/oem7/inspva,39.663,-75.756,-1.800279562,0.002516828,-0.000813286,0.002063287,0.001441275,-0.000813286,,0,
1786043725389207922,1786043725.385889822,/novatel/oem7/odom,/novatel/oem7/fix,/novatel/oem7/odom,39.663,-75.756,-1.800279562,0.002520728,-0.000801118,0.001545398,0.001991435,-0.000801118,,,
1786043725395742127,1786043725.394687110,/novatel/oem7/odom,/novatel/oem7/fix,/novatel/oem7/odom,39.663,-75.756,-1.800279562,0.002520728,-0.000801118,0.001545398,0.001991435,-0.000801118,,,
1786043725407351520,1786043725.406569965,/novatel/oem7/inspva,/novatel/oem7/inspva,/novatel/oem7/inspva,39.663,-75.756,-1.800264244,0.002451925,0.000715335,0.000650879,0.002363957,0.000715335,,novatel_oem7_msgs.msg.InertialSolutionStatus(status=3),
1786043725408859411,1786043725.406803305,/novatel/oem7/fix,/novatel/oem7/fix,/novatel/oem7/inspva,39.663,-75.756,-1.800264244,0.002451925,0.000715335,0.000650879,0.002363957,0.000715335,,0,
1786043725409960916,1786043725.407318803,/novatel/oem7/odom,/novatel/oem7/fix,/novatel/oem7/odom,39.663,-75.756,-1.800264244,0.002448508,0.000726944,0.002390327,0.000530595,0.000726944,,,
1786043725411462231,1786043725.410213708,/novatel/oem7/bestpos,/novatel/oem7/bestpos,/novatel/oem7/odom,39.663,-75.756,33.181831161,0.002448508,0.000726944,0.002390327,0.000530595,0.000726944,,novatel_oem7_msgs.msg.SolutionStatus(status=0),novatel_oem7_msgs.msg.PositionOrVelocityType(type=53)
1786043725412384356,1786043725.410657893,/novatel/oem7/bestvel,/novatel/oem7/bestpos,/novatel/oem7/bestvel,39.663,-75.756,33.181831161,0.002496992,0.000683680,,,,74.479806073,novatel_oem7_msgs.msg.SolutionStatus(status=0),novatel_oem7_msgs.msg.PositionOrVelocityType(type=53)
1786043725415356773,1786043725.414755427,/novatel/oem7/odom,/novatel/oem7/bestpos,/novatel/oem7/odom,39.663,-75.756,33.181831161,0.002448508,0.000726944,0.002390327,0.000530595,0.000726944,,,
1786043725425561301,1786043725.425051609,/novatel/oem7/inspva,/novatel/oem7/inspva,/novatel/oem7/inspva,39.663,-75.756,-1.800262270,0.002764344,0.001432398,0.000988704,0.002581484,0.001432398,,novatel_oem7_msgs.msg.InertialSolutionStatus(status=3),
1786043725426855444,1786043725.425215991,/novatel/oem7/fix,/novatel/oem7/fix,/novatel/oem7/inspva,39.663,-75.756,-1.800262270,0.002764344,0.001432398,0.000988704,0.002581484,0.001432398,,0,
1786043725427927661,1786043725.425583015,/novatel/oem7/odom,/novatel/oem7/fix,/novatel/oem7/odom,39.663,-75.756,-1.800262270,0.002757288,0.001445933,0.002621331,0.000855138,0.001445933,,,
1786043725435410673,1786043725.434770166,/novatel/oem7/odom,/novatel/oem7/fix,/novatel/oem7/odom,39.663,-75.756,-1.800262270,0.002757288,0.001445933,0.002621331,0.000855138,0.001445933,,,
1786043725446578151,1786043725.445531980,/novatel/oem7/inspva,/novatel/oem7/inspva,/novatel/oem7/inspva,39.663,-75.756,-1.800265663,0.002985947,0.000577367,0.002778826,0.001092706,0.000577367,,novatel_oem7_msgs.msg.InertialSolutionStatus(status=3),
1786043725448639324,1786043725.445815623,/novatel/oem7/fix,/novatel/oem7/fix,/novatel/oem7/inspva,39.663,-75.756,-1.800265663,0.002985947,0.000577367,0.002778826,0.001092706,0.000577367,,0,
1786043725450279691,1786043725.446563817,/novatel/oem7/odom,/novatel/oem7/fix,/novatel/oem7/odom,39.663,-75.756,-1.800265663,0.002983418,0.000590295,0.001226917,0.002719459,0.000590295,,,
1786043725457433495,1786043725.456389292,/novatel/oem7/odom,/novatel/oem7/fix,/novatel/oem7/odom,39.663,-75.756,-1.800265663,0.002983418,0.000590295,0.001226917,0.002719459,0.000590295,,,
1786043725466649511,1786043725.466065821,/novatel/oem7/inspva,/novatel/oem7/inspva,/novatel/oem7/inspva,39.663,-75.756,-1.800267914,0.002736767,-0.000455349,0.002456591,0.001206255,-0.000455349,,novatel_oem7_msgs.msg.InertialSolutionStatus(status=3),
1786043725468055055,1786043725.466257833,/novatel/oem7/fix,/novatel/oem7/fix,/novatel/oem7/inspva,39.663,-75.756,-1.800267914,0.002736767,-0.000455349,0.002456591,0.001206255,-0.000455349,,0,
1786043725469180929,1786043725.466759428,/novatel/oem7/odom,/novatel/oem7/fix,/novatel/oem7/odom,39.663,-75.756,-1.800267914,0.002738804,-0.000442933,0.001328722,0.002394899,-0.000442933,,,
1786043725475092571,1786043725.474399908,/novatel/oem7/odom,/novatel/oem7/fix,/novatel/oem7/odom,39.663,-75.756,-1.800267914,0.002738804,-0.000442933,0.001328722,0.002394899,-0.000442933,,,
1786043725485836272,1786043725.485286763,/novatel/oem7/inspva,/novatel/oem7/inspva,/novatel/oem7/inspva,39.663,-75.756,-1.800260024,0.002471383,-0.000127156,0.000717805,0.002364844,-0.000127156,,novatel_oem7_msgs.msg.InertialSolutionStatus(status=3),
1786043725487091544,1786043725.485491802,/novatel/oem7/fix,/novatel/oem7/fix,/novatel/oem7/inspva,39.663,-75.756,-1.800260024,0.002471383,-0.000127156,0.000717805,0.002364844,-0.000127156,,0,
1786043725488122388,1786043725.486153735,/novatel/oem7/odom,/novatel/oem7/fix,/novatel/oem7/odom,39.663,-75.756,-1.800260024,0.002471962,-0.000115350,0.002398095,0.000599783,-0.000115350,,,
1786043725496184311,1786043725.495432928,/novatel/oem7/odom,/novatel/oem7/fix,/novatel/oem7/odom,39.663,-75.756,-1.800260024,0.002471962,-0.000115350,0.002398095,0.000599783,-0.000115350,,,
1786043725506908628,1786043725.506186688,/novatel/oem7/inspva,/novatel/oem7/inspva,/novatel/oem7/inspva,39.663,-75.756,-1.800247948,0.002132091,0.000733471,0.000618965,0.002040268,0.000733471,,novatel_oem7_msgs.msg.InertialSolutionStatus(status=3),
1786043725507605820,1786043725.506497848,/novatel/oem7/fix,/novatel/oem7/fix,/novatel/oem7/inspva,39.663,-75.756,-1.800247948,0.002132091,0.000733471,0.000618965,0.002040268,0.000733471,,0,
1786043725508041978,1786043725.507028779,/novatel/oem7/odom,/novatel/oem7/fix,/novatel/oem7/odom,39.663,-75.756,-1.800247948,0.002128549,0.000743688,0.002065377,0.000514720,0.000743688,,,
1786043725512560934,1786043725.511529034,/novatel/oem7/bestpos,/novatel/oem7/bestpos,/novatel/oem7/odom,39.663,-75.756,33.181847914,0.002128549,0.000743688,0.002065377,0.000514720,0.000743688,,novatel_oem7_msgs.msg.SolutionStatus(status=0),novatel_oem7_msgs.msg.PositionOrVelocityType(type=53)
1786043725514577264,1786043725.512449063,/novatel/oem7/bestvel,/novatel/oem7/bestpos,/novatel/oem7/bestvel,39.663,-75.756,33.181847914,0.001803775,0.000991095,,,,76.150777156,novatel_oem7_msgs.msg.SolutionStatus(status=0),novatel_oem7_msgs.msg.PositionOrVelocityType(type=53)
1786043725516658292,1786043725.514563194,/novatel/oem7/odom,/novatel/oem7/bestpos,/novatel/oem7/odom,39.663,-75.756,33.181847914,0.002128549,0.000743688,0.002065377,0.000514720,0.000743688,,,
1786043725527317335,1786043725.526502493,/novatel/oem7/inspva,/novatel/oem7/inspva,/novatel/oem7/inspva,39.663,-75.756,-1.800244844,0.002913837,0.001267677,0.002594300,0.001326670,0.001267677,,novatel_oem7_msgs.msg.InertialSolutionStatus(status=3),
1786043725528805256,1786043725.526710139,/novatel/oem7/fix,/novatel/oem7/fix,/novatel/oem7/inspva,39.663,-75.756,-1.800244844,0.002913837,0.001267677,0.002594300,0.001326670,0.001267677,,0,
1786043725529820893,1786043725.527109533,/novatel/oem7/odom,/novatel/oem7/fix,/novatel/oem7/odom,39.663,-75.756,-1.800244844,0.002907993,0.001281027,0.001448479,0.002521573,0.001281027,,,
1786043725535881177,1786043725.535046688,/novatel/oem7/odom,/novatel/oem7/fix,/novatel/oem7/odom,39.663,-75.756,-1.800244844,0.002907993,0.001281027,0.001448479,0.002521573,0.001281027,,,
1786043725546073832,1786043725.545045885,/novatel/oem7/inspva,/novatel/oem7/inspva,/novatel/oem7/inspva,39.663,-75.756,-1.800257479,0.002585624,0.000005425,0.002272887,0.001232654,0.000005425,,novatel_oem7_msgs.msg.InertialSolutionStatus(status=3),
1786043725548236410,1786043725.545387372,/novatel/oem7/fix,/novatel/oem7/fix,/novatel/oem7/inspva,39.663,-75.756,-1.800257479,0.002585624,0.000005425,0.002272887,0.001232654,0.000005425,,0,
1786043725549755259,1786043725.546107926,/novatel/oem7/odom,/novatel/oem7/fix,/novatel/oem7/odom,39.663,-75.756,-1.800257479,0.002585571,0.000017372,0.001344029,0.002208793,0.000017372,,,
1786043725556963164,1786043725.556064905,/novatel/oem7/odom,/novatel/oem7/fix,/novatel/oem7/odom,39.663,-75.756,-1.800257479,0.002585571,0.000017372,0.001344029,0.002208793,0.000017372,,,
1786043725565872086,1786043725.565242679,/novatel/oem7/inspva,/novatel/oem7/inspva,/novatel/oem7/inspva,39.663,-75.756,-1.800263412,0.002456546,-0.000873280,0.001224527,0.002129590,-0.000873280,,novatel_oem7_msgs.msg.InertialSolutionStatus(status=3),
1786043725567248676,1786043725.565441271,/novatel/oem7/fix,/novatel/oem7/fix,/novatel/oem7/inspva,39.663,-75.756,-1.800263412,0.002456546,-0.000873280,0.001224527,0.002129590,-0.000873280,,0,
1786043725568327834,1786043725.566056951,/novatel/oem7/odom,/novatel/oem7/fix,/novatel/oem7/odom,39.663,-75.756,-1.800263412,0.002460912,-0.000860898,0.002191455,0.001119648,-0.000860898,,,
1786043725575804825,1786043725.574866525,/novatel/oem7/odom,/novatel/oem7/fix,/novatel/oem7/odom,39.663,-75.756,-1.800263412,0.002460912,-0.000860898,0.002191455,0.001119648,-0.000860898,,,
1786043725586533910,1786043725.586052887,/novatel/oem7/inspva,/novatel/oem7/inspva,/novatel/oem7/inspva,39.663,-75.756,-1.800259312,0.001765153,-0.000434750,0.000772571,0.001587104,-0.000434750,,novatel_oem7_msgs.msg.InertialSolutionStatus(status=3),
1786043725587297779,1786043725.586213004,/novatel/oem7/fix,/novatel/oem7/fix,/novatel/oem7/inspva,39.663,-75.756,-1.800259312,0.001765153,-0.000434750,0.000772571,0.001587104,-0.000434750,,0,
1786043725587842202,1786043725.586878072,/novatel/oem7/odom,/novatel/oem7/fix,/novatel/oem7/odom,39.663,-75.756,-1.800259312,0.001767299,-0.000425941,0.001625358,0.000693944,-0.000425941,,,
1786043725594840988,1786043725.594362759,/novatel/oem7/odom,/novatel/oem7/fix,/novatel/oem7/odom,39.663,-75.756,-1.800259312,0.001767299,-0.000425941,0.001625358,0.000693944,-0.000425941,,,
1786043725607133407,1786043725.606499734,/novatel/oem7/inspva,/novatel/oem7/inspva,/novatel/oem7/inspva,39.663,-75.756,-1.800246605,0.002814956,0.001709806,0.002163105,0.001801375,0.001709806,,novatel_oem7_msgs.msg.InertialSolutionStatus(status=3),
1786043725608401916,1786043725.606703996,/novatel/oem7/fix,/novatel/oem7/fix,/novatel/oem7/inspva,39.663,-75.756,-1.800246605,0.002814956,0.001709806,0.002163105,0.001801375,0.001709806,,0,
1786043725609485990,1786043725.607299832,/novatel/oem7/odom,/novatel/oem7/fix,/novatel/oem7/odom,39.663,-75.756,-1.800246605,0.002806439,0.001723749,0.001899385,0.002066020,0.001723749,,,
1786043725610878368,1786043725.610256125,/novatel/oem7/bestpos,/novatel/oem7/bestpos,/novatel/oem7/odom,39.663,-75.756,33.181847598,0.002806439,0.001723749,0.001899385,0.002066020,0.001723749,,novatel_oem7_msgs.msg.SolutionStatus(status=0),novatel_oem7_msgs.msg.PositionOrVelocityType(type=53)
1786043725612286988,1786043725.610645329,/novatel/oem7/bestvel,/novatel/oem7/bestpos,/novatel/oem7/bestvel,39.663,-75.756,33.181847598,0.003352420,0.001293285,,,,39.327349710,novatel_oem7_msgs.msg.SolutionStatus(status=0),novatel_oem7_msgs.msg.PositionOrVelocityType(type=53)
1786043725616089706,1786043725.615474957,/novatel/oem7/odom,/novatel/oem7/bestpos,/novatel/oem7/odom,39.663,-75.756,33.181847598,0.002806439,0.001723749,0.001899385,0.002066020,0.001723749,,,
1786043725625567230,1786043725.625004252,/novatel/oem7/inspva,/novatel/oem7/inspva,/novatel/oem7/inspva,39.663,-75.756,-1.800262149,0.002534005,0.000918907,0.001926601,0.001646023,0.000918907,,novatel_oem7_msgs.msg.InertialSolutionStatus(status=3),
1786043725626882753,1786043725.625196380,/novatel/oem7/fix,/novatel/oem7/fix,/novatel/oem7/inspva,39.663,-75.756,-1.800262149,0.002534005,0.000918907,0.001926601,0.001646023,0.000918907,,0,
1786043725627962254,1786043725.625700955,/novatel/oem7/odom,/novatel/oem7/fix,/novatel/oem7/odom,39.663,-75.756,-1.800262149,0.002529399,0.000931510,0.001735833,0.001839768,0.000931510,,,
1786043725635346748,1786043725.634608990,/novatel/oem7/odom,/novatel/oem7/fix,/novatel/oem7/odom,39.663,-75.756,-1.800262149,0.002529399,0.000931510,0.001735833,0.001839768,0.000931510,,,
1786043725647739811,1786043725.646612969,/novatel/oem7/inspva,/novatel/oem7/inspva,/novatel/oem7/inspva,39.663,-75.756,-1.800279310,0.002677652,-0.001267183,0.002300461,0.001370293,-0.001267183,,novatel_oem7_msgs.msg.InertialSolutionStatus(status=3),
1786043725649937763,1786043725.646924709,/novatel/oem7/fix,/novatel/oem7/fix,/novatel/oem7/inspva,39.663,-75.756,-1.800279310,0.002677652,-0.001267183,0.002300461,0.001370293,-0.001267183,,0,
1786043725651399445,1786043725.647701881,/novatel/oem7/odom,/novatel/oem7/fix,/novatel/oem7/odom,39.663,-75.756,-1.800279310,0.002683554,-0.001254635,0.001488247,0.002233066,-0.001254635,,,
1786043725658042794,1786043725.657089614,/novatel/oem7/odom,/novatel/oem7/fix,/novatel/oem7/odom,39.663,-75.756,-1.800279310,0.002683554,-0.001254635,0.001488247,0.002233066,-0.001254635,,,
1786043725665569119,1786043725.664925959,/novatel/oem7/inspva,/novatel/oem7/inspva,/novatel/oem7/inspva,39.663,-75.756,-1.800270336,0.002072091,-0.000325241,0.001519042,0.001409281,-0.000325241,,novatel_oem7_msgs.msg.InertialSolutionStatus(status=3),
1786043725666958933,1786043725.665123038,/novatel/oem7/fix,/novatel/oem7/fix,/novatel/oem7/inspva,39.663,-75.756,-1.800270336,0.002072091,-0.000325241,0.001519042,0.001409281,-0.000325241,,0,
1786043725668093468,1786043725.665517842,/novatel/oem7/odom,/novatel/oem7/fix,/novatel/oem7/odom,39.663,-75.756,-1.800270336,0.002073688,-0.000314896,0.001484397,0.001448015,-0.000314896,,,
1786043725677646993,1786043725.676506655,/novatel/oem7/odom,/novatel/oem7/fix,/novatel/oem7/odom,39.663,-75.756,-1.800270336,0.002073688,-0.000314896,0.001484397,0.001448015,-0.000314896,,,
1786043725686730110,1786043725.685711380,/novatel/oem7/inspva,/novatel/oem7/inspva,/novatel/oem7/inspva,39.663,-75.756,-1.800248696,0.003490223,0.001888025,0.001003261,0.003342921,0.001888025,,novatel_oem7_msgs.msg.InertialSolutionStatus(status=3),
1786043725688507068,1786043725.686962160,/novatel/oem7/fix,/novatel/oem7/fix,/novatel/oem7/inspva,39.663,-75.756,-1.800248696,0.003490223,0.001888025,0.001003261,0.003342921,0.001888025,,0,
1786043725690396516,1786043725.688310187,/novatel/oem7/odom,/novatel/oem7/fix,/novatel/oem7/odom,39.663,-75.756,-1.800248696,0.003481138,0.001904725,0.003380636,0.000830435,0.001904725,,,
1786043725695676956,1786043725.694978062,/novatel/oem7/odom,/novatel/oem7/fix,/novatel/oem7/odom,39.663,-75.756,-1.800248696,0.003481138,0.001904725,0.003380636,0.000830435,0.001904725,,,
1786043725706935911,1786043725.706159800,/novatel/oem7/inspva,/novatel/oem7/inspva,/novatel/oem7/inspva,39.663,-75.756,-1.800252075,0.002647441,0.001776710,0.001147573,0.002385795,0.001776710,,novatel_oem7_msgs.msg.InertialSolutionStatus(status=3),
1786043725708490693,1786043725.706369122,/novatel/oem7/fix,/novatel/oem7/fix,/novatel/oem7/inspva,39.663,-75.756,-1.800252075,0.002647441,0.001776710,0.001147573,0.002385795,0.001776710,,0,
1786043725709600458,1786043725.706859350,/novatel/oem7/odom,/novatel/oem7/fix,/novatel/oem7/odom,39.663,-75.756,-1.800252075,0.002638473,0.001790001,0.002432305,0.001022462,0.001790001,,,
1786043725711020289,1786043725.709887117,/novatel/oem7/bestpos,/novatel/oem7/bestpos,/novatel/oem7/odom,39.663,-75.756,33.181832803,0.002638473,0.001790001,0.002432305,0.001022462,0.001790001,,novatel_oem7_msgs.msg.SolutionStatus(status=0),novatel_oem7_msgs.msg.PositionOrVelocityType(type=53)
1786043725711944305,1786043725.710418482,/novatel/oem7/bestvel,/novatel/oem7/bestpos,/novatel/oem7/bestvel,39.663,-75.756,33.181832803,0.004182376,0.000689438,,,,64.844923396,novatel_oem7_msgs.msg.SolutionStatus(status=0),novatel_oem7_msgs.msg.PositionOrVelocityType(type=53)
1786043725715147370,1786043725.714522727,/novatel/oem7/odom,/novatel/oem7/bestpos,/novatel/oem7/odom,39.663,-75.756,33.181832803,0.002638473,0.001790001,0.002432305,0.001022462,0.001790001,,,
1786043725725957697,1786043725.725404603,/novatel/oem7/inspva,/novatel/oem7/inspva,/novatel/oem7/inspva,39.663,-75.756,-1.800269987,0.002826936,-0.000901881,0.002624210,0.001051233,-0.000901881,,novatel_oem7_msgs.msg.InertialSolutionStatus(status=3),
1786043725727283968,1786043725.725636892,/novatel/oem7/fix,/novatel/oem7/fix,/novatel/oem7/inspva,39.663,-75.756,-1.800269987,0.002826936,-0.000901881,0.002624210,0.001051233,-0.000901881,,0,
1786043725728621764,1786043725.726193870,/novatel/oem7/odom,/novatel/oem7/fix,/novatel/oem7/odom,39.663,-75.756,-1.800269987,0.002830811,-0.000889642,0.001184168,0.002571233,-0.000889642,,,
1786043725736949387,1786043725.735861153,/novatel/oem7/odom,/novatel/oem7/fix,/novatel/oem7/odom,39.663,-75.756,-1.800269987,0.002830811,-0.000889642,0.001184168,0.002571233,-0.000889642,,,
1786043725745961307,1786043725.745126438,/novatel/oem7/inspva,/novatel/oem7/inspva,/novatel/oem7/inspva,39.663,-75.756,-1.800256705,0.002375314,-0.000711847,0.001679744,0.001679457,-0.000711847,,novatel_oem7_msgs.msg.InertialSolutionStatus(status=3),
1786043725747926700,1786043725.745487985,/novatel/oem7/fix,/novatel/oem7/fix,/novatel/oem7/inspva,39.663,-75.756,-1.800256705,0.002375314,-0.000711847,0.001679744,0.001679457,-0.000711847,,0,
1786043725749453938,1786043725.746129838,/novatel/oem7/odom,/novatel/oem7/fix,/novatel/oem7/odom,39.663,-75.756,-1.800256705,0.002378855,-0.000699922,0.001763863,0.001596163,-0.000699922,,,
1786043725756764898,1786043725.755811265,/novatel/oem7/odom,/novatel/oem7/fix,/novatel/oem7/odom,39.663,-75.756,-1.800256705,0.002378855,-0.000699922,0.001763863,0.001596163,-0.000699922,,,
1786043725767689703,1786043725.766625470,/novatel/oem7/inspva,/novatel/oem7/inspva,/novatel/oem7/inspva,39.663,-75.756,-1.800233079,0.002891734,0.001647235,0.000544488,0.002840010,0.001647235,,novatel_oem7_msgs.msg.InertialSolutionStatus(status=3),
1786043725769764477,1786043725.766879295,/novatel/oem7/fix,/novatel/oem7/fix,/novatel/oem7/inspva,39.663,-75.756,-1.800233079,0.002891734,0.001647235,0.000544488,0.002840010,0.001647235,,0,
1786043725770819654,1786043725.767589869,/novatel/oem7/odom,/novatel/oem7/fix,/novatel/oem7/odom,39.663,-75.756,-1.800233079,0.002884120,0.001660530,0.002856530,0.000397974,0.001660530,,,
1786043725775191845,1786043725.774553025,/novatel/oem7/odom,/novatel/oem7/fix,/novatel/oem7/odom,39.663,-75.756,-1.800233079,0.002884120,0.001660530,0.002856530,0.000397974,0.001660530,,,
1786043725785633025,1786043725.785024493,/novatel/oem7/inspva,/novatel/oem7/inspva,/novatel/oem7/inspva,39.663,-75.756,-1.800238741,0.003640503,0.001456165,0.000870588,0.003534875,0.001456165,,novatel_oem7_msgs.msg.InertialSolutionStatus(status=3),
1786043725786936148,1786043725.785179591,/novatel/oem7/fix,/novatel/oem7/fix,/novatel/oem7/inspva,39.663,-75.756,-1.800238741,0.003640503,0.001456165,0.000870588,0.003534875,0.001456165,,0,
1786043725787936342,1786043725.785649899,/novatel/oem7/odom,/novatel/oem7/fix,/novatel/oem7/odom,39.663,-75.756,-1.800238741,0.003633617,0.001473265,0.003567575,0.000689624,0.001473265,,,
1786043725796321162,1786043725.795514924,/novatel/oem7/odom,/novatel/oem7/fix,/novatel/oem7/odom,39.663,-75.756,-1.800238741,0.003633617,0.001473265,0.003567575,0.000689624,0.001473265,,,
1786043725807511427,1786043725.806591961,/novatel/oem7/inspva,/novatel/oem7/inspva,/novatel/oem7/inspva,39.663,-75.756,-1.800247780,0.002765767,0.000076975,0.001950962,0.001960412,0.000076975,,novatel_oem7_msgs.msg.InertialSolutionStatus(status=3),
1786043725809367708,1786043725.806912567,/novatel/oem7/fix,/novatel/oem7/fix,/novatel/oem7/inspva,39.663,-75.756,-1.800247780,0.002765767,0.000076975,0.001950962,0.001960412,0.000076975,,0,
1786043725810876890,1786043725.807611098,/novatel/oem7/odom,/novatel/oem7/fix,/novatel/oem7/odom,39.663,-75.756,-1.800247780,0.002765342,0.000090987,0.002054644,0.001850825,0.000090987,,,
1786043725812809776,1786043725.810396772,/novatel/oem7/bestpos,/novatel/oem7/bestpos,/novatel/oem7/odom,39.663,-75.756,33.181838593,0.002765342,0.000090987,0.002054644,0.001850825,0.000090987,,novatel_oem7_msgs.msg.SolutionStatus(status=0),novatel_oem7_msgs.msg.PositionOrVelocityType(type=53)
1786043725814028688,1786043725.810846430,/novatel/oem7/bestvel,/novatel/oem7/bestpos,/novatel/oem7/bestvel,39.663,-75.756,33.181838593,0.003642213,-0.000525794,,,,55.372417404,novatel_oem7_msgs.msg.SolutionStatus(status=0),novatel_oem7_msgs.msg.PositionOrVelocityType(type=53)
1786043725816044465,1786043725.814775312,/novatel/oem7/odom,/novatel/oem7/bestpos,/novatel/oem7/odom,39.663,-75.756,33.181838593,0.002765342,0.000090987,0.002054644,0.001850825,0.000090987,,,
1786043725826925817,1786043725.826307904,/novatel/oem7/inspva,/novatel/oem7/inspva,/novatel/oem7/inspva,39.663,-75.756,-1.800240000,0.002320100,-0.000298219,0.001914464,0.001310607,-0.000298219,,novatel_oem7_msgs.msg.InertialSolutionStatus(status=3),
1786043725828319807,1786043725.826510542,/novatel/oem7/fix,/novatel/oem7/fix,/novatel/oem7/inspva,39.663,-75.756,-1.800240000,0.002320100,-0.000298219,0.001914464,0.001310607,-0.000298219,,0,
1786043725829417281,1786043725.826962277,/novatel/oem7/odom,/novatel/oem7/fix,/novatel/oem7/odom,39.663,-75.756,-1.800240000,0.002321508,-0.000287057,0.001405411,0.001847761,-0.000287057,,,
1786043725836784449,1786043725.834813232,/novatel/oem7/odom,/novatel/oem7/fix,/novatel/oem7/odom,39.663,-75.756,-1.800240000,0.002321508,-0.000287057,0.001405411,0.001847761,-0.000287057,,,
1786043725846290580,1786043725.845456581,/novatel/oem7/inspva,/novatel/oem7/inspva,/novatel/oem7/inspva,39.663,-75.756,-1.800225363,0.002996532,0.000545921,0.000170562,0.002991674,0.000545921,,novatel_oem7_msgs.msg.InertialSolutionStatus(status=3),
1786043725848357294,1786043725.845711531,/novatel/oem7/fix,/novatel/oem7/fix,/novatel/oem7/inspva,39.663,-75.756,-1.800225363,0.002996532,0.000545921,0.000170562,0.002991674,0.000545921,,0,
1786043725849824442,1786043725.846673017,/novatel/oem7/odom,/novatel/oem7/fix,/novatel/oem7/odom,39.663,-75.756,-1.800225363,0.002994188,0.000558630,0.002994121,0.000020068,0.000558630,,,
1786043725857630966,1786043725.856650977,/novatel/oem7/odom,/novatel/oem7/fix,/novatel/oem7/odom,39.663,-75.756,-1.800225363,0.002994188,0.000558630,0.002994121,0.000020068,0.000558630,,,
1786043725865967072,1786043725.865198355,/novatel/oem7/inspva,/novatel/oem7/inspva,/novatel/oem7/inspva,39.663,-75.756,-1.800222234,0.003034808,0.001115858,0.000778737,0.002933195,0.001115858,,novatel_oem7_msgs.msg.InertialSolutionStatus(status=3),
1786043725867636019,1786043725.865429554,/novatel/oem7/fix,/novatel/oem7/fix,/novatel/oem7/inspva,39.663,-75.756,-1.800222234,0.003034808,0.001115858,0.000778737,0.002933195,0.001115858,,0,
1786043725868963745,1786043725.865979106,/novatel/oem7/odom,/novatel/oem7/fix,/novatel/oem7/odom,39.663,-75.756,-1.800222234,0.003029471,0.001130270,0.002963507,0.000628742,0.001130270,,,
1786043725875488347,1786043725.874595598,/novatel/oem7/odom,/novatel/oem7/fix,/novatel/oem7/odom,39.663,-75.756,-1.800222234,0.003029471,0.001130270,0.002963507,0.000628742,0.001130270,,,
1786043725887566935,1786043725.886870868,/novatel/oem7/inspva,/novatel/oem7/inspva,/novatel/oem7/inspva,39.663,-75.756,-1.800220371,0.002561554,0.000910295,0.001885139,0.001734304,0.000910295,,novatel_oem7_msgs.msg.InertialSolutionStatus(status=3),
1786043725889295595,1786043725.887139590,/novatel/oem7/fix,/novatel/oem7/fix,/novatel/oem7/inspva,39.663,-75.756,-1.800220371,0.002561554,0.000910295,0.001885139,0.001734304,0.000910295,,0,
1786043725890283845,1786043725.887560371,/novatel/oem7/odom,/novatel/oem7/fix,/novatel/oem7/odom,39.663,-75.756,-1.800220371,0.002556934,0.000923194,0.001822006,0.001793936,0.000923194,,,
1786043725896241471,1786043725.895233104,/novatel/oem7/odom,/novatel/oem7/fix,/novatel/oem7/odom,39.663,-75.756,-1.800220371,0.002556934,0.000923194,0.001822006,0.001793936,0.000923194,,,
1786043725906301984,1786043725.905736292,/novatel/oem7/inspva,/novatel/oem7/inspva,/novatel/oem7/inspva,39.663,-75.756,-1.800216673,0.002491506,0.000123961,0.002245183,0.001080163,0.000123961,,novatel_oem7_msgs.msg.InertialSolutionStatus(status=3),
1786043725907649418,1786043725.905945621,/novatel/oem7/fix,/novatel/oem7/fix,/novatel/oem7/inspva,39.663,-75.756,-1.800216673,0.002491506,0.000123961,0.002245183,0.001080163,0.000123961,,0,
1786043725908657878,1786043725.906363395,/novatel/oem7/odom,/novatel/oem7/fix,/novatel/oem7/odom,39.663,-75.756,-1.800216673,0.002490917,0.000135276,0.001189893,0.002188338,0.000135276,,,
1786043725910047518,1786043725.909288304,/novatel/oem7/bestpos,/novatel/oem7/bestpos,/novatel/oem7/odom,39.663,-75.756,33.181860829,0.002490917,0.000135276,0.001189893,0.002188338,0.000135276,,novatel_oem7_msgs.msg.SolutionStatus(status=0),novatel_oem7_msgs.msg.PositionOrVelocityType(type=53)
1786043725911380825,1786043725.909784466,/novatel/oem7/bestvel,/novatel/oem7/bestpos,/novatel/oem7/bestvel,39.663,-75.756,33.181860829,0.003182008,-0.000415804,,,,55.191003618,novatel_oem7_msgs.msg.SolutionStatus(status=0),novatel_oem7_msgs.msg.PositionOrVelocityType(type=53)
1786043725916099595,1786043725.915480929,/novatel/oem7/odom,/novatel/oem7/bestpos,/novatel/oem7/odom,39.663,-75.756,33.181860829,0.002490917,0.000135276,0.001189893,0.002188338,0.000135276,,,
1786043725925734465,1786043725.925241950,/novatel/oem7/inspva,/novatel/oem7/inspva,/novatel/oem7/inspva,39.663,-75.756,-1.800208404,0.001736280,-0.000059626,0.000184574,0.001726441,-0.000059626,,novatel_oem7_msgs.msg.InertialSolutionStatus(status=3),
1786043725927001540,1786043725.925402745,/novatel/oem7/fix,/novatel/oem7/fix,/novatel/oem7/inspva,39.663,-75.756,-1.800208404,0.001736280,-0.000059626,0.000184574,0.001726441,-0.000059626,,0,
1786043725928009837,1786043725.926126055,/novatel/oem7/odom,/novatel/oem7/fix,/novatel/oem7/odom,39.663,-75.756,-1.800208404,0.001736524,-0.000052038,0.001733717,0.000098680,-0.000052038,,,
1786043725935782798,1786043725.934814515,/novatel/oem7/odom,/novatel/oem7/fix,/novatel/oem7/odom,39.663,-75.756,-1.800208404,0.001736524,-0.000052038,0.001733717,0.000098680,-0.000052038,,,
1786043725946960203,1786043725.946227086,/novatel/oem7/inspva,/novatel/oem7/inspva,/novatel/oem7/inspva,39.663,-75.756,-1.800201898,0.003186692,0.000602062,0.000159578,0.003182694,0.000602062,,novatel_oem7_msgs.msg.InertialSolutionStatus(status=3),
1786043725948802535,1786043725.946350248,/novatel/oem7/fix,/novatel/oem7/fix,/novatel/oem7/inspva,39.663,-75.756,-1.800201898,0.003186692,0.000602062,0.000159578,0.003182694,0.000602062,,0,
1786043725950172598,1786043725.947034927,/novatel/oem7/odom,/novatel/oem7/fix,/novatel/oem7/odom,39.663,-75.756,-1.800201898,0.003184114,0.000615550,0.003184114,-0.000000635,0.000615550,,,
1786043725956709057,1786043725.955809261,/novatel/oem7/odom,/novatel/oem7/fix,/novatel/oem7/odom,39.663,-75.756,-1.800201898,0.003184114,0.000615550,0.003184114,-0.000000635,0.000615550,,,
1786043725966026963,1786043725.965339564,/novatel/oem7/inspva,/novatel/oem7/inspva,/novatel/oem7/inspva,39.663,-75.756,-1.800185967,0.002422869,0.001783797,0.001763792,0.001661125,0.001783797,,novatel_oem7_msgs.msg.InertialSolutionStatus(status=3),
1786043725967538314,1786043725.965507895,/novatel/oem7/fix,/novatel/oem7/fix,/novatel/oem7/inspva,39.663,-75.756,-1.800185967,0.002422869,0.001783797,0.001763792,0.001661125,0.001783797,,0,
1786043725968590962,1786043725.965967959,/novatel/oem7/odom,/novatel/oem7/fix,/novatel/oem7/odom,39.663,-75.756,-1.800185967,0.002413804,0.001796045,0.001739137,0.001673873,0.001796045,,,
1786043725976056009,1786043725.975448056,/novatel/oem7/odom,/novatel/oem7/fix,/novatel/oem7/odom,39.663,-75.756,-1.800185967,0.002413804,0.001796045,0.001739137,0.001673873,0.001796045,,,
1786043725985539797,1786043725.985075630,/novatel/oem7/inspva,/novatel/oem7/inspva,/novatel/oem7/inspva,39.663,-75.756,-1.800189659,0.002724922,-0.000190085,0.002247639,0.001540558,-0.000190085,,novatel_oem7_msgs.msg.InertialSolutionStatus(status=3),
1786043725986789976,1786043725.985155017,/novatel/oem7/fix,/novatel/oem7/fix,/novatel/oem7/inspva,39.663,-75.756,-1.800189659,0.002724922,-0.000190085,0.002247639,0.001540558,-0.000190085,,0,
1786043725987774826,1786043725.985649918,/novatel/oem7/odom,/novatel/oem7/fix,/novatel/oem7/odom,39.663,-75.756,-1.800189659,0.002725811,-0.000176879,0.001651213,0.002168766,-0.000176879,,,
1786043725995134839,1786043725.994389089,/novatel/oem7/odom,/novatel/oem7/fix,/novatel/oem7/odom,39.663,-75.756,-1.800189659,0.002725811,-0.000176879,0.001651213,0.002168766,-0.000176879,,,
1786043726008903934,1786043726.008375926,/novatel/oem7/inspva,/novatel/oem7/inspva,/novatel/oem7/inspva,39.663,-75.756,-1.800193778,0.001883666,-0.000839343,0.000794888,0.001707733,-0.000839343,,novatel_oem7_msgs.msg.InertialSolutionStatus(status=3),
1786043726010177872,1786043726.008554263,/novatel/oem7/fix,/novatel/oem7/fix,/novatel/oem7/inspva,39.663,-75.756,-1.800193778,0.001883666,-0.000839343,0.000794888,0.001707733,-0.000839343,,0,
1786043726012022078,1786043726.011436579,/novatel/oem7/odom,/novatel/oem7/fix,/novatel/oem7/odom,39.663,-75.756,-1.800193778,0.001887824,-0.000829950,0.001748678,0.000711340,-0.000829950,,,
1786043726016282413,1786043726.015649801,/novatel/oem7/odom,/novatel/oem7/fix,/novatel/oem7/odom,39.663,-75.756,-1.800193778,0.001887824,-0.000829950,0.001748678,0.000711340,-0.000829950,,,
1786043726028224869,1786043726.027228501,/novatel/oem7/bestpos,/novatel/oem7/bestpos,/novatel/oem7/odom,39.663,-75.756,33.181913388,0.001887824,-0.000829950,0.001748678,0.000711340,-0.000829950,,novatel_oem7_msgs.msg.SolutionStatus(status=0),novatel_oem7_msgs.msg.PositionOrVelocityType(type=53)
1786043726029995950,1786043726.027332116,/novatel/oem7/bestvel,/novatel/oem7/bestpos,/novatel/oem7/bestvel,39.663,-75.756,33.181913388,0.000485984,0.000289398,,,,97.211097989,novatel_oem7_msgs.msg.SolutionStatus(status=0),novatel_oem7_msgs.msg.PositionOrVelocityType(type=53)
1786043726031288523,1786043726.027409116,/novatel/oem7/inspva,/novatel/oem7/inspva,/novatel/oem7/inspva,39.663,-75.756,-1.800190331,0.003201103,-0.000278336,0.000271739,0.003189548,-0.000278336,,novatel_oem7_msgs.msg.InertialSolutionStatus(status=3),
1786043726032473158,1786043726.027607810,/novatel/oem7/fix,/novatel/oem7/fix,/novatel/oem7/inspva,39.663,-75.756,-1.800190331,0.003201103,-0.000278336,0.000271739,0.003189548,-0.000278336,,0,
1786043726033984307,1786043726.028110778,/novatel/oem7/odom,/novatel/oem7/fix,/novatel/oem7/odom,39.663,-75.756,-1.800190331,0.001887836,-0.000829921,0.001748678,0.000711373,-0.000829921,,,
1786043726036667063,1786043726.035620306,/novatel/oem7/odom,/novatel/oem7/fix,/novatel/oem7/odom,39.663,-75.756,-1.800190331,0.003202277,-0.000264484,0.003200262,0.000113566,-0.000264484,,,
1786043726046871795,1786043726.046164463,/novatel/oem7/inspva,/novatel/oem7/inspva,/novatel/oem7/inspva,39.663,-75.756,-1.800155622,0.002485217,0.002651476,0.001098061,0.002229477,0.002651476,,novatel_oem7_msgs.msg.InertialSolutionStatus(status=3),
1786043726048573965,1786043726.046276732,/novatel/oem7/fix,/novatel/oem7/fix,/novatel/oem7/inspva,39.663,-75.756,-1.800155622,0.002485217,0.002651476,0.001098061,0.002229477,0.002651476,,0,
1786043726049958639,1786043726.046679860,/novatel/oem7/odom,/novatel/oem7/fix,/novatel/oem7/odom,39.663,-75.756,-1.800155622,0.002471760,0.002664026,0.002269948,0.000978229,0.002664026,,,
1786043726057815714,1786043726.056815944,/novatel/oem7/odom,/novatel/oem7/fix,/novatel/oem7/odom,39.663,-75.756,-1.800155622,0.002471760,0.002664026,0.002269948,0.000978229,0.002664026,,,
1786043726066921635,1786043726.066175317,/novatel/oem7/inspva,/novatel/oem7/inspva,/novatel/oem7/inspva,39.663,-75.756,-1.800153039,0.002921231,0.000649125,0.002006642,0.002122964,0.000649125,,novatel_oem7_msgs.msg.InertialSolutionStatus(status=3),
1786043726068326846,1786043726.066393407,/novatel/oem7/fix,/novatel/oem7/fix,/novatel/oem7/inspva,39.663,-75.756,-1.800153039,0.002921231,0.000649125,0.002006642,0.002122964,0.000649125,,0,
1786043726069374776,1786043726.066728510,/novatel/oem7/odom,/novatel/oem7/fix,/novatel/oem7/odom,39.663,-75.756,-1.800153039,0.002917900,0.000663938,0.002217329,0.001896732,0.000663938,,,
1786043726075511237,1786043726.074832410,/novatel/oem7/odom,/novatel/oem7/fix,/novatel/oem7/odom,39.663,-75.756,-1.800153039,0.002917900,0.000663938,0.002217329,0.001896732,0.000663938,,,
1786043726085888201,1786043726.085334576,/novatel/oem7/inspva,/novatel/oem7/inspva,/novatel/oem7/inspva,39.663,-75.756,-1.800146423,0.002253965,-0.000675910,0.000790201,0.002110910,-0.000675910,,novatel_oem7_msgs.msg.InertialSolutionStatus(status=3),
1786043726087277278,1786043726.085442439,/novatel/oem7/fix,/novatel/oem7/fix,/novatel/oem7/inspva,39.663,-75.756,-1.800146423,0.002253965,-0.000675910,0.000790201,0.002110910,-0.000675910,,0,
1786043726088610961,1786043726.086106366,/novatel/oem7/odom,/novatel/oem7/fix,/novatel/oem7/odom,39.663,-75.756,-1.800146423,0.002257240,-0.000664892,0.002150422,0.000686163,-0.000664892,,,
1786043726096538440,1786043726.095727905,/novatel/oem7/odom,/novatel/oem7/fix,/novatel/oem7/odom,39.663,-75.756,-1.800146423,0.002257240,-0.000664892,0.002150422,0.000686163,-0.000664892,,,
1786043726106618783,1786043726.105978834,/novatel/oem7/inspva,/novatel/oem7/inspva,/novatel/oem7/inspva,39.663,-75.756,-1.800122928,0.003675098,-0.000267527,0.000763411,0.003594933,-0.000267527,,novatel_oem7_msgs.msg.InertialSolutionStatus(status=3),
1786043726107984871,1786043726.106166396,/novatel/oem7/fix,/novatel/oem7/fix,/novatel/oem7/inspva,39.663,-75.756,-1.800122928,0.003675098,-0.000267527,0.000763411,0.003594933,-0.000267527,,0,
1786043726108976621,1786043726.106525743,/novatel/oem7/odom,/novatel/oem7/fix,/novatel/oem7/odom,39.663,-75.756,-1.800122928,0.003676298,-0.000250492,0.003629547,0.000584428,-0.000250492,,,
1786043726110447035,1786043726.109620714,/novatel/oem7/bestpos,/novatel/oem7/bestpos,/novatel/oem7/odom,39.663,-75.756,33.182011477,0.003676298,-0.000250492,0.003629547,0.000584428,-0.000250492,,novatel_oem7_msgs.msg.SolutionStatus(status=0),novatel_oem7_msgs.msg.PositionOrVelocityType(type=53)
1786043726111779165,1786043726.110309427,/novatel/oem7/bestvel,/novatel/oem7/bestpos,/novatel/oem7/bestvel,39.663,-75.756,33.182011477,0.003270138,-0.000207300,,,,69.900447731,novatel_oem7_msgs.msg.SolutionStatus(status=0),novatel_oem7_msgs.msg.PositionOrVelocityType(type=53)
1786043726114986537,1786043726.114294120,/novatel/oem7/odom,/novatel/oem7/bestpos,/novatel/oem7/odom,39.663,-75.756,33.182011477,0.003676298,-0.000250492,0.003629547,0.000584428,-0.000250492,,,
1786043726127877872,1786043726.126819873,/novatel/oem7/inspva,/novatel/oem7/inspva,/novatel/oem7/inspva,39.663,-75.756,-1.800071708,0.002359758,0.003385703,0.000809661,0.002216508,0.003385703,,novatel_oem7_msgs.msg.InertialSolutionStatus(status=3),
1786043726129804871,1786043726.126976895,/novatel/oem7/fix,/novatel/oem7/fix,/novatel/oem7/inspva,39.663,-75.756,-1.800071708,0.002359758,0.003385703,0.000809661,0.002216508,0.003385703,,0,
1786043726131265693,1786043726.127587639,/novatel/oem7/odom,/novatel/oem7/fix,/novatel/oem7/odom,39.663,-75.756,-1.800071708,0.002342964,0.003397346,0.002239447,0.000688733,0.003397346,,,
1786043726136161065,1786043726.135227909,/novatel/oem7/odom,/novatel/oem7/fix,/novatel/oem7/odom,39.663,-75.756,-1.800071708,0.002342964,0.003397346,0.002239447,0.000688733,0.003397346,,,
1786043726145916502,1786043726.145027318,/novatel/oem7/inspva,/novatel/oem7/inspva,/novatel/oem7/inspva,39.663,-75.756,-1.800064956,0.002940141,0.001512953,0.001808529,0.002318115,0.001512953,,novatel_oem7_msgs.msg.InertialSolutionStatus(status=3),
1786043726147524595,1786043726.145129316,/novatel/oem7/fix,/novatel/oem7/fix,/novatel/oem7/inspva,39.663,-75.756,-1.800064956,0.002940141,0.001512953,0.001808529,0.002318115,0.001512953,,0,
1786043726148528165,1786043726.145712517,/novatel/oem7/odom,/novatel/oem7/fix,/novatel/oem7/odom,39.663,-75.756,-1.800064956,0.002932343,0.001528013,0.002398662,0.001686729,0.001528013,,,
1786043726157070506,1786043726.156029443,/novatel/oem7/odom,/novatel/oem7/fix,/novatel/oem7/odom,39.663,-75.756,-1.800064956,0.002932343,0.001528013,0.002398662,0.001686729,0.001528013,,,
1786043726166179391,1786043726.165503288,/novatel/oem7/inspva,/novatel/oem7/inspva,/novatel/oem7/inspva,39.663,-75.756,-1.800066875,0.002852774,-0.000922714,0.001575320,0.002378379,-0.000922714,,novatel_oem7_msgs.msg.InertialSolutionStatus(status=3),
1786043726167687586,1786043726.165618380,/novatel/oem7/fix,/novatel/oem7/fix,/novatel/oem7/inspva,39.663,-75.756,-1.800066875,0.002852774,-0.000922714,0.001575320,0.002378379,-0.000922714,,0,
1786043726168728802,1786043726.166456994,/novatel/oem7/odom,/novatel/oem7/fix,/novatel/oem7/odom,39.663,-75.756,-1.800066875,0.002857441,-0.000908159,0.002457644,0.001457721,-0.000908159,,,
1786043726175325058,1786043726.174621715,/novatel/oem7/odom,/novatel/oem7/fix,/novatel/oem7/odom,39.663,-75.756,-1.800066875,0.002857441,-0.000908159,0.002457644,0.001457721,-0.000908159,,,
1786043726187101362,1786043726.186320925,/novatel/oem7/inspva,/novatel/oem7/inspva,/novatel/oem7/inspva,39.663,-75.756,-1.800047206,0.003028842,-0.000906184,0.001068661,0.002834052,-0.000906184,,novatel_oem7_msgs.msg.InertialSolutionStatus(status=3),
1786043726188594800,1786043726.186549040,/novatel/oem7/fix,/novatel/oem7/fix,/novatel/oem7/inspva,39.663,-75.756,-1.800047206,0.003028842,-0.000906184,0.001068661,0.002834052,-0.000906184,,0,
1786043726189607317,1786043726.187223337,/novatel/oem7/odom,/novatel/oem7/fix,/novatel/oem7/odom,39.663,-75.756,-1.800047206,0.003033267,-0.000891260,0.002887501,0.000929004,-0.000891260,,,
1786043726195216796,1786043726.194560594,/novatel/oem7/odom,/novatel/oem7/fix,/novatel/oem7/odom,39.663,-75.756,-1.800047206,0.003033267,-0.000891260,0.002887501,0.000929004,-0.000891260,,,
1786043726207140322,1786043726.206608497,/novatel/oem7/inspva,/novatel/oem7/inspva,/novatel/oem7/inspva,39.663,-75.756,-1.800005870,0.003445318,0.002148473,0.000316426,0.003430757,0.002148473,,novatel_oem7_msgs.msg.InertialSolutionStatus(status=3),
1786043726208455402,1786043726.206767488,/novatel/oem7/fix,/novatel/oem7/fix,/novatel/oem7/inspva,39.663,-75.756,-1.800005870,0.003445318,0.002148473,0.000316426,0.003430757,0.002148473,,0,
1786043726209457425,1786043726.207296154,/novatel/oem7/odom,/novatel/oem7/fix,/novatel/oem7/odom,39.663,-75.756,-1.800005870,0.003435897,0.002163509,0.003433071,0.000139328,0.002163509,,,
1786043726210892520,1786043726.209993101,/novatel/oem7/bestpos,/novatel/oem7/bestpos,/novatel/oem7/odom,39.663,-75.756,33.182120979,0.003435897,0.002163509,0.003433071,0.000139328,0.002163509,,novatel_oem7_msgs.msg.SolutionStatus(status=0),novatel_oem7_msgs.msg.PositionOrVelocityType(type=53)
1786043726212223776,1786043726.210375481,/novatel/oem7/bestvel,/novatel/oem7/bestpos,/novatel/oem7/bestvel,39.663,-75.756,33.182120979,0.003055921,0.002548324,,,,90.733948399,novatel_oem7_msgs.msg.SolutionStatus(status=0),novatel_oem7_msgs.msg.PositionOrVelocityType(type=53)
1786043726216075104,1786043726.215435638,/novatel/oem7/odom,/novatel/oem7/bestpos,/novatel/oem7/odom,39.663,-75.756,33.182120979,0.003435897,0.002163509,0.003433071,0.000139328,0.002163509,,,
1786043726226674297,1786043726.225921812,/novatel/oem7/inspva,/novatel/oem7/inspva,/novatel/oem7/inspva,39.663,-75.756,-1.799997554,0.003086797,0.001917216,0.000645183,0.003018618,0.001917216,,novatel_oem7_msgs.msg.InertialSolutionStatus(status=3),
1786043726228118571,1786043726.226152755,/novatel/oem7/fix,/novatel/oem7/fix,/novatel/oem7/inspva,39.663,-75.756,-1.799997554,0.003086797,0.001917216,0.000645183,0.003018618,0.001917216,,0,
1786043726229199065,1786043726.226801298,/novatel/oem7/odom,/novatel/oem7/fix,/novatel/oem7/odom,39.663,-75.756,-1.799997554,0.003077803,0.001931621,0.003038730,0.000488864,0.001931621,,,
1786043726235488065,1786043726.234522727,/novatel/oem7/odom,/novatel/oem7/fix,/novatel/oem7/odom,39.663,-75.756,-1.799997554,0.003077803,0.001931621,0.003038730,0.000488864,0.001931621,,,
1786043726247065757,1786043726.246296972,/novatel/oem7/inspva,/novatel/oem7/inspva,/novatel/oem7/inspva,39.663,-75.756,-1.800006101,0.002812295,-0.000683093,0.002308727,0.001605859,-0.000683093,,novatel_oem7_msgs.msg.InertialSolutionStatus(status=3),
1786043726249053557,1786043726.246578505,/novatel/oem7/fix,/novatel/oem7/fix,/novatel/oem7/inspva,39.663,-75.756,-1.800006101,0.002812295,-0.000683093,0.002308727,0.001605859,-0.000683093,,0,
1786043726250602515,1786043726.247054381,/novatel/oem7/odom,/novatel/oem7/fix,/novatel/oem7/odom,39.663,-75.756,-1.800006101,0.002815568,-0.000669474,0.001721520,0.002227957,-0.000669474,,,
1786043726259625908,1786043726.256598925,/novatel/oem7/odom,/novatel/oem7/fix,/novatel/oem7/odom,39.663,-75.756,-1.800006101,0.002815568,-0.000669474,0.001721520,0.002227957,-0.000669474,,,
1786043726265540441,1786043726.264939408,/novatel/oem7/inspva,/novatel/oem7/inspva,/novatel/oem7/inspva,39.663,-75.756,-1.799984407,0.002673466,-0.000482908,0.001780764,0.001994066,-0.000482908,,novatel_oem7_msgs.msg.InertialSolutionStatus(status=3),
1786043726266891728,1786043726.265155377,/novatel/oem7/fix,/novatel/oem7/fix,/novatel/oem7/inspva,39.663,-75.756,-1.799984407,0.002673466,-0.000482908,0.001780764,0.001994066,-0.000482908,,0,
1786043726267914935,1786043726.265521769,/novatel/oem7/odom,/novatel/oem7/fix,/novatel/oem7/odom,39.663,-75.756,-1.799984407,0.002675890,-0.000469291,0.002082135,0.001680804,-0.000469291,,,
1786043726276117693,1786043726.275495463,/novatel/oem7/odom,/novatel/oem7/fix,/novatel/oem7/odom,39.663,-75.756,-1.799984407,0.002675890,-0.000469291,0.002082135,0.001680804,-0.000469291,,,
1786043726286149042,1786043726.285598628,/novatel/oem7/inspva,/novatel/oem7/inspva,/novatel/oem7/inspva,39.663,-75.756,-1.799951289,0.002794362,0.001388261,0.000302924,0.002777895,0.001388261,,novatel_oem7_msgs.msg.InertialSolutionStatus(status=3),
1786043726287496916,1786043726.285698642,/novatel/oem7/fix,/novatel/oem7/fix,/novatel/oem7/inspva,39.663,-75.756,-1.799951289,0.002794362,0.001388261,0.000302924,0.002777895,0.001388261,,0,
1786043726288511423,1786043726.286217203,/novatel/oem7/odom,/novatel/oem7/fix,/novatel/oem7/odom,39.663,-75.756,-1.799951289,0.002788196,0.001400604,0.002783574,0.000160491,0.001400604,,,
1786043726295899253,1786043726.295064745,/novatel/oem7/odom,/novatel/oem7/fix,/novatel/oem7/odom,39.663,-75.756,-1.799951289,0.002788196,0.001400604,0.002783574,0.000160491,0.001400604,,,
1786043726306473789,1786043726.305960636,/novatel/oem7/inspva,/novatel/oem7/inspva,/novatel/oem7/inspva,39.663,-75.756,-1.799929203,0.003780825,0.001713874,0.000040615,0.003780606,0.001713874,,novatel_oem7_msgs.msg.InertialSolutionStatus(status=3),
1786043726307765782,1786043726.306046879,/novatel/oem7/fix,/novatel/oem7/fix,/novatel/oem7/inspva,39.663,-75.756,-1.799929203,0.003780825,0.001713874,0.000040615,0.003780606,0.001713874,,0,
1786043726308763145,1786043726.306592446,/novatel/oem7/odom,/novatel/oem7/fix,/novatel/oem7/odom,39.663,-75.756,-1.799929203,0.003773706,0.001729491,0.003770631,-0.000152308,0.001729491,,,
1786043726310202599,1786043726.309483986,/novatel/oem7/bestpos,/novatel/oem7/bestpos,/novatel/oem7/odom,39.663,-75.756,33.182194149,0.003773706,0.001729491,0.003770631,-0.000152308,0.001729491,,novatel_oem7_msgs.msg.SolutionStatus(status=0),novatel_oem7_msgs.msg.PositionOrVelocityType(type=53)
1786043726311782398,1786043726.310184360,/novatel/oem7/bestvel,/novatel/oem7/bestpos,/novatel/oem7/bestvel,39.663,-75.756,33.182194149,0.003379085,0.001693932,,,,82.208170278,novatel_oem7_msgs.msg.SolutionStatus(status=0),novatel_oem7_msgs.msg.PositionOrVelocityType(type=53)
1786043726315620150,1786043726.314670017,/novatel/oem7/odom,/novatel/oem7/bestpos,/novatel/oem7/odom,39.663,-75.756,33.182194149,0.003773706,0.001729491,0.003770631,-0.000152308,0.001729491,,,
1786043726328278779,1786043726.325371957,/novatel/oem7/inspva,/novatel/oem7/inspva,/novatel/oem7/inspva,39.663,-75.756,-1.799914772,0.003093724,0.001141776,0.002210651,0.002164290,0.001141776,,novatel_oem7_msgs.msg.InertialSolutionStatus(status=3),
1786043726335751424,1786043726.325507241,/novatel/oem7/fix,/novatel/oem7/fix,/novatel/oem7/inspva,39.663,-75.756,-1.799914772,0.003093724,0.001141776,0.002210651,0.002164290,0.001141776,,0,
1786043726342312376,1786043726.326136365,/novatel/oem7/odom,/novatel/oem7/fix,/novatel/oem7/odom,39.663,-75.756,-1.799914772,0.003087871,0.001157511,0.002266581,0.002097036,0.001157511,,,
1786043726345359628,1786043726.335460884,/novatel/oem7/odom,/novatel/oem7/fix,/novatel/oem7/odom,39.663,-75.756,-1.799914772,0.003087871,0.001157511,0.002266581,0.002097036,0.001157511,,,
1786043726346142750,1786043726.345236103,/novatel/oem7/inspva,/novatel/oem7/inspva,/novatel/oem7/inspva,39.663,-75.756,-1.799897132,0.002731905,0.000792300,0.002146620,0.001689771,0.000792300,,novatel_oem7_msgs.msg.InertialSolutionStatus(status=3),
1786043726346560983,1786043726.345322168,/novatel/oem7/fix,/novatel/oem7/fix,/novatel/oem7/inspva,39.663,-75.756,-1.799897132,0.002731905,0.000792300,0.002146620,0.001689771,0.000792300,,0,
1786043726347579434,1786043726.345828494,/novatel/oem7/odom,/novatel/oem7/fix,/novatel/oem7/odom,39.663,-75.756,-1.799897132,0.002727953,0.000805803,0.001790971,0.002057704,0.000805803,,,
1786043726356036529,1786043726.355672839,/novatel/oem7/odom,/novatel/oem7/fix,/novatel/oem7/odom,39.663,-75.756,-1.799897132,0.002727953,0.000805803,0.001790971,0.002057704,0.000805803,,,
1786043726365662486,1786043726.365223767,/novatel/oem7/inspva,/novatel/oem7/inspva,/novatel/oem7/inspva,39.663,-75.756,-1.799880198,0.003071162,-0.000082822,0.000544416,0.003022523,-0.000082822,,novatel_oem7_msgs.msg.InertialSolutionStatus(status=3),
1786043726366326825,1786043726.365450923,/novatel/oem7/fix,/novatel/oem7/fix,/novatel/oem7/inspva,39.663,-75.756,-1.799880198,0.003071162,-0.000082822,0.000544416,0.003022523,-0.000082822,,0,
1786043726366799979,1786043726.366054369,/novatel/oem7/odom,/novatel/oem7/fix,/novatel/oem7/odom,39.663,-75.756,-1.799880198,0.003071509,-0.000068777,0.003046172,0.000393698,-0.000068777,,,
1786043726375843900,1786043726.375382969,/novatel/oem7/odom,/novatel/oem7/fix,/novatel/oem7/odom,39.663,-75.756,-1.799880198,0.003071509,-0.000068777,0.003046172,0.000393698,-0.000068777,,,
1786043726385219439,1786043726.384958261,/novatel/oem7/inspva,/novatel/oem7/inspva,/novatel/oem7/inspva,39.663,-75.756,-1.799848584,0.002833981,0.000862783,0.000403831,0.002805061,0.000862783,,novatel_oem7_msgs.msg.InertialSolutionStatus(status=3),
1786043726385740024,1786043726.385071345,/novatel/oem7/fix,/novatel/oem7/fix,/novatel/oem7/inspva,39.663,-75.756,-1.799848584,0.002833981,0.000862783,0.000403831,0.002805061,0.000862783,,0,
1786043726386148658,1786043726.385505596,/novatel/oem7/odom,/novatel/oem7/fix,/novatel/oem7/odom,39.663,-75.756,-1.799848584,0.002830055,0.000875574,0.002817957,0.000261408,0.000875574,,,
1786043726394870506,1786043726.394345354,/novatel/oem7/odom,/novatel/oem7/fix,/novatel/oem7/odom,39.663,-75.756,-1.799848584,0.002830055,0.000875574,0.002817957,0.000261408,0.000875574,,,
1786043726406738497,1786043726.406381071,/novatel/oem7/inspva,/novatel/oem7/inspva,/novatel/oem7/inspva,39.663,-75.756,-1.799815090,0.003700392,0.002489650,0.001368221,0.003438150,0.002489650,,novatel_oem7_msgs.msg.InertialSolutionStatus(status=3),
1786043726407278805,1786043726.406549732,/novatel/oem7/fix,/novatel/oem7/fix,/novatel/oem7/inspva,39.663,-75.756,-1.799815090,0.003700392,0.002489650,0.001368221,0.003438150,0.002489650,,0,
1786043726407695191,1786043726.407023511,/novatel/oem7/odom,/novatel/oem7/fix,/novatel/oem7/odom,39.663,-75.756,-1.799815090,0.003687941,0.002508057,0.003491182,0.001188512,0.002508057,,,
1786043726410489444,1786043726.410111552,/novatel/oem7/bestpos,/novatel/oem7/bestpos,/novatel/oem7/odom,39.663,-75.756,33.182281828,0.003687941,0.002508057,0.003491182,0.001188512,0.002508057,,novatel_oem7_msgs.msg.SolutionStatus(status=0),novatel_oem7_msgs.msg.PositionOrVelocityType(type=53)
1786043726411044843,1786043726.410471779,/novatel/oem7/bestvel,/novatel/oem7/bestpos,/novatel/oem7/bestvel,39.663,-75.756,33.182281828,0.004739181,0.001664017,,,,64.392170385,novatel_oem7_msgs.msg.SolutionStatus(status=0),novatel_oem7_msgs.msg.PositionOrVelocityType(type=53)
1786043726415679731,1786043726.415211536,/novatel/oem7/odom,/novatel/oem7/bestpos,/novatel/oem7/odom,39.663,-75.756,33.182281828,0.003687941,0.002508057,0.003491182,0.001188512,0.002508057,,,
1786043726425426497,1786043726.425033730,/novatel/oem7/inspva,/novatel/oem7/inspva,/novatel/oem7/inspva,39.663,-75.756,-1.799796703,0.003019368,0.002322890,0.001491415,0.002625312,0.002322890,,novatel_oem7_msgs.msg.InertialSolutionStatus(status=3),
1786043726425952262,1786043726.425188665,/novatel/oem7/fix,/novatel/oem7/fix,/novatel/oem7/inspva,39.663,-75.756,-1.799796703,0.003019368,0.002322890,0.001491415,0.002625312,0.002322890,,0,
1786043726426363897,1786043726.425474925,/novatel/oem7/odom,/novatel/oem7/fix,/novatel/oem7/odom,39.663,-75.756,-1.799796703,0.003007393,0.002338372,0.002686152,0.001352405,0.002338372,,,
1786043726434792575,1786043726.434492478,/novatel/oem7/odom,/novatel/oem7/fix,/novatel/oem7/odom,39.663,-75.756,-1.799796703,0.003007393,0.002338372,0.002686152,0.001352405,0.002338372,,,
1786043726445710106,1786043726.445214521,/novatel/oem7/inspva,/novatel/oem7/inspva,/novatel/oem7/inspva,39.663,-75.756,-1.799792261,0.002308554,-0.000834330,0.001100348,0.002029447,-0.000834330,,novatel_oem7_msgs.msg.InertialSolutionStatus(status=3),
1786043726446962945,1786043726.445356933,/novatel/oem7/fix,/novatel/oem7/fix,/novatel/oem7/inspva,39.663,-75.756,-1.799792261,0.002308554,-0.000834330,0.001100348,0.002029447,-0.000834330,,0,
1786043726447946642,1786043726.445708463,/novatel/oem7/odom,/novatel/oem7/fix,/novatel/oem7/odom,39.663,-75.756,-1.799792261,0.002312763,-0.000822591,0.002085181,0.001000445,-0.000822591,,,
1786043726457028425,1786043726.456394919,/novatel/oem7/odom,/novatel/oem7/fix,/novatel/oem7/odom,39.663,-75.756,-1.799792261,0.002312763,-0.000822591,0.002085181,0.001000445,-0.000822591,,,
1786043726466443709,1786043726.465953958,/novatel/oem7/inspva,/novatel/oem7/inspva,/novatel/oem7/inspva,39.663,-75.756,-1.799759432,0.002643869,-0.000065109,0.000438730,0.002607213,-0.000065109,,novatel_oem7_msgs.msg.InertialSolutionStatus(status=3),
1786043726467701149,1786043726.466090896,/novatel/oem7/fix,/novatel/oem7/fix,/novatel/oem7/inspva,39.663,-75.756,-1.799759432,0.002643869,-0.000065109,0.000438730,0.002607213,-0.000065109,,0,
1786043726468702515,1786043726.466528804,/novatel/oem7/odom,/novatel/oem7/fix,/novatel/oem7/odom,39.663,-75.756,-1.799759432,0.002644140,-0.000052991,0.002626053,0.000308738,-0.000052991,,,
1786043726474943374,1786043726.474319295,/novatel/oem7/odom,/novatel/oem7/fix,/novatel/oem7/odom,39.663,-75.756,-1.799759432,0.002644140,-0.000052991,0.002626053,0.000308738,-0.000052991,,,
1786043726485628634,1786043726.485137489,/novatel/oem7/inspva,/novatel/oem7/inspva,/novatel/oem7/inspva,39.663,-75.756,-1.799712028,0.003181349,0.003079205,0.000617678,0.003120810,0.003079205,,novatel_oem7_msgs.msg.InertialSolutionStatus(status=3),
1786043726486869083,1786043726.485277791,/novatel/oem7/fix,/novatel/oem7/fix,/novatel/oem7/inspva,39.663,-75.756,-1.799712028,0.003181349,0.003079205,0.000617678,0.003120810,0.003079205,,0,
1786043726487849406,1786043726.485660911,/novatel/oem7/odom,/novatel/oem7/fix,/novatel/oem7/odom,39.663,-75.756,-1.799712028,0.003166886,0.003094077,0.003134327,0.000452952,0.003094077,,,
1786043726495928260,1786043726.495335555,/novatel/oem7/odom,/novatel/oem7/fix,/novatel/oem7/odom,39.663,-75.756,-1.799712028,0.003166886,0.003094077,0.003134327,0.000452952,0.003094077,,,
1786043726506411698,1786043726.505915683,/novatel/oem7/inspva,/novatel/oem7/inspva,/novatel/oem7/inspva,39.663,-75.756,-1.799698282,0.003077677,0.002035373,0.000741679,0.002986973,0.002035373,,novatel_oem7_msgs.msg.InertialSolutionStatus(status=3),
1786043726507676877,1786043726.506048251,/novatel/oem7/fix,/novatel/oem7/fix,/novatel/oem7/inspva,39.663,-75.756,-1.799698282,0.003077677,0.002035373,0.000741679,0.002986973,0.002035373,,0,
1786043726508688807,1786043726.506508575,/novatel/oem7/odom,/novatel/oem7/fix,/novatel/oem7/odom,39.663,-75.756,-1.799698282,0.003067911,0.002050064,0.003011343,0.000586421,0.002050064,,,
1786043726511748031,1786043726.511213472,/novatel/oem7/bestpos,/novatel/oem7/bestpos,/novatel/oem7/odom,39.663,-75.756,33.182385367,0.003067911,0.002050064,0.003011343,0.000586421,0.002050064,,novatel_oem7_msgs.msg.SolutionStatus(status=0),novatel_oem7_msgs.msg.PositionOrVelocityType(type=53)
1786043726513067798,1786043726.511546102,/novatel/oem7/bestvel,/novatel/oem7/bestpos,/novatel/oem7/bestvel,39.663,-75.756,33.182385367,0.004035902,0.001274318,,,,70.948202720,novatel_oem7_msgs.msg.SolutionStatus(status=0),novatel_oem7_msgs.msg.PositionOrVelocityType(type=53)
1786043726514990793,1786043726.514398946,/novatel/oem7/odom,/novatel/oem7/bestpos,/novatel/oem7/odom,39.663,-75.756,33.182385367,0.003067911,0.002050064,0.003011343,0.000586421,0.002050064,,,
1786043726526939156,1786043726.526480248,/novatel/oem7/inspva,/novatel/oem7/inspva,/novatel/oem7/inspva,39.663,-75.756,-1.799689152,0.002822168,0.000396951,0.002231308,0.001727975,0.000396951,,novatel_oem7_msgs.msg.InertialSolutionStatus(status=3),
1786043726528189535,1786043726.526611383,/novatel/oem7/fix,/novatel/oem7/fix,/novatel/oem7/inspva,39.663,-75.756,-1.799689152,0.002822168,0.000396951,0.002231308,0.001727975,0.000396951,,0,
1786043726529179658,1786043726.526905444,/novatel/oem7/odom,/novatel/oem7/fix,/novatel/oem7/odom,39.663,-75.756,-1.799689152,0.002820168,0.000410925,0.001835027,0.002141500,0.000410925,,,
1786043726535836651,1786043726.534984450,/novatel/oem7/odom,/novatel/oem7/fix,/novatel/oem7/odom,39.663,-75.756,-1.799689152,0.002820168,0.000410925,0.001835027,0.002141500,0.000410925,,,
1786043726548083127,1786043726.544988266,/novatel/oem7/inspva,/novatel/oem7/inspva,/novatel/oem7/inspva,39.663,-75.756,-1.799667927,0.002381750,-0.000307616,0.001437532,0.001899009,-0.000307616,,novatel_oem7_msgs.msg.InertialSolutionStatus(status=3),
1786043726555707369,1786043726.545205228,/novatel/oem7/fix,/novatel/oem7/fix,/novatel/oem7/inspva,39.663,-75.756,-1.799667927,0.002381750,-0.000307616,0.001437532,0.001899009,-0.000307616,,0,
1786043726561187993,1786043726.545473104,/novatel/oem7/odom,/novatel/oem7/fix,/novatel/oem7/odom,39.663,-75.756,-1.799667927,0.002383298,-0.000295383,0.001969420,0.001342198,-0.000295383,,,
1786043726564248161,1786043726.555949720,/novatel/oem7/odom,/novatel/oem7/fix,/novatel/oem7/odom,39.663,-75.756,-1.799667927,0.002383298,-0.000295383,0.001969420,0.001342198,-0.000295383,,,
1786043726566373782,1786043726.565309614,/novatel/oem7/inspva,/novatel/oem7/inspva,/novatel/oem7/inspva,39.663,-75.756,-1.799628583,0.003261781,0.001891937,0.000111418,0.003259878,0.001891937,,novatel_oem7_msgs.msg.InertialSolutionStatus(status=3),
1786043726568140433,1786043726.565486180,/novatel/oem7/fix,/novatel/oem7/fix,/novatel/oem7/inspva,39.663,-75.756,-1.799628583,0.003261781,0.001891937,0.000111418,0.003259878,0.001891937,,0,
1786043726569331568,1786043726.566084696,/novatel/oem7/odom,/novatel/oem7/fix,/novatel/oem7/odom,39.663,-75.756,-1.799628583,0.003253737,0.001905738,0.003253252,-0.000056201,0.001905738,,,
1786043726575676018,1786043726.575050646,/novatel/oem7/odom,/novatel/oem7/fix,/novatel/oem7/odom,39.663,-75.756,-1.799628583,0.003253737,0.001905738,0.003253252,-0.000056201,0.001905738,,,
1786043726586654224,1786043726.586132346,/novatel/oem7/inspva,/novatel/oem7/inspva,/novatel/oem7/inspva,39.663,-75.756,-1.799616448,0.003199323,0.001717249,0.000506958,0.003158902,0.001717249,,novatel_oem7_msgs.msg.InertialSolutionStatus(status=3),
1786043726587902070,1786043726.586294771,/novatel/oem7/fix,/novatel/oem7/fix,/novatel/oem7/inspva,39.663,-75.756,-1.799616448,0.003199323,0.001717249,0.000506958,0.003158902,0.001717249,,0,
1786043726588908643,1786043726.586758158,/novatel/oem7/odom,/novatel/oem7/fix,/novatel/oem7/odom,39.663,-75.756,-1.799616448,0.003191418,0.001731895,0.003172784,0.000344367,0.001731895,,,
1786043726595086021,1786043726.594503655,/novatel/oem7/odom,/novatel/oem7/fix,/novatel/oem7/odom,39.663,-75.756,-1.799616448,0.003191418,0.001731895,0.003172784,0.000344367,0.001731895,,,
1786043726607015820,1786043726.606402178,/novatel/oem7/inspva,/novatel/oem7/inspva,/novatel/oem7/inspva,39.663,-75.756,-1.799602626,0.002960417,0.001100292,0.002302326,0.001861011,0.001100292,,novatel_oem7_msgs.msg.InertialSolutionStatus(status=3),
1786043726608380644,1786043726.606601903,/novatel/oem7/fix,/novatel/oem7/fix,/novatel/oem7/inspva,39.663,-75.756,-1.799602626,0.002960417,0.001100292,0.002302326,0.001861011,0.001100292,,0,
1786043726609418164,1786043726.606971272,/novatel/oem7/odom,/novatel/oem7/fix,/novatel/oem7/odom,39.663,-75.756,-1.799602626,0.002954890,0.001115050,0.001968405,0.002203805,0.001115050,,,
1786043726611211942,1786043726.610270499,/novatel/oem7/bestpos,/novatel/oem7/bestpos,/novatel/oem7/odom,39.663,-75.756,33.182485190,0.002954890,0.001115050,0.001968405,0.002203805,0.001115050,,novatel_oem7_msgs.msg.SolutionStatus(status=0),novatel_oem7_msgs.msg.PositionOrVelocityType(type=53)
1786043726612099174,1786043726.610604833,/novatel/oem7/bestvel,/novatel/oem7/bestpos,/novatel/oem7/bestvel,39.663,-75.756,33.182485190,0.003484978,0.000690661,,,,42.055104362,novatel_oem7_msgs.msg.SolutionStatus(status=0),novatel_oem7_msgs.msg.PositionOrVelocityType(type=53)
1786043726616163598,1786043726.615579967,/novatel/oem7/odom,/novatel/oem7/bestpos,/novatel/oem7/odom,39.663,-75.756,33.182485190,0.002954890,0.001115050,0.001968405,0.002203805,0.001115050,,,
1786043726625584029,1786043726.625085340,/novatel/oem7/inspva,/novatel/oem7/inspva,/novatel/oem7/inspva,39.663,-75.756,-1.799586157,0.003015025,0.000628469,0.002310044,0.001937542,0.000628469,,novatel_oem7_msgs.msg.InertialSolutionStatus(status=3),
1786043726626827721,1786043726.625235578,/novatel/oem7/fix,/novatel/oem7/fix,/novatel/oem7/inspva,39.663,-75.756,-1.799586157,0.003015025,0.000628469,0.002310044,0.001937542,0.000628469,,0,
1786043726627812994,1786043726.625674686,/novatel/oem7/odom,/novatel/oem7/fix,/novatel/oem7/odom,39.663,-75.756,-1.799586157,0.003011844,0.000643540,0.002047226,0.002209087,0.000643540,,,
1786043726635401973,1786043726.634591492,/novatel/oem7/odom,/novatel/oem7/fix,/novatel/oem7/odom,39.663,-75.756,-1.799586157,0.003011844,0.000643540,0.002047226,0.002209087,0.000643540,,,
1786043726647385742,1786043726.646614715,/novatel/oem7/inspva,/novatel/oem7/inspva,/novatel/oem7/inspva,39.663,-75.756,-1.799563219,0.003012518,0.000500027,0.000008600,0.003012505,0.000500027,,novatel_oem7_msgs.msg.InertialSolutionStatus(status=3),
1786043726649343189,1786043726.646785200,/novatel/oem7/fix,/novatel/oem7/fix,/novatel/oem7/inspva,39.663,-75.756,-1.799563219,0.003012518,0.000500027,0.000008600,0.003012505,0.000500027,,0,
1786043726650881427,1786043726.647437077,/novatel/oem7/odom,/novatel/oem7/fix,/novatel/oem7/odom,39.663,-75.756,-1.799563219,0.003010429,0.000512453,0.003007049,-0.000142604,0.000512453,,,
1786043726657365779,1786043726.656515337,/novatel/oem7/odom,/novatel/oem7/fix,/novatel/oem7/odom,39.663,-75.756,-1.799563219,0.003010429,0.000512453,0.003007049,-0.000142604,0.000512453,,,
1786043726665904011,1786043726.664982517,/novatel/oem7/inspva,/novatel/oem7/inspva,/novatel/oem7/inspva,39.663,-75.756,-1.799537999,0.003675714,0.001476268,0.000351367,0.003658881,0.001476268,,novatel_oem7_msgs.msg.InertialSolutionStatus(status=3),
1786043726667646404,1786043726.665101208,/novatel/oem7/fix,/novatel/oem7/fix,/novatel/oem7/inspva,39.663,-75.756,-1.799537999,0.003675714,0.001476268,0.000351367,0.003658881,0.001476268,,0,
1786043726669249867,1786043726.665575434,/novatel/oem7/odom,/novatel/oem7/fix,/novatel/oem7/odom,39.663,-75.756,-1.799537999,0.003669173,0.001492451,0.003665467,0.000164861,0.001492451,,,
1786043726675316298,1786043726.674590827,/novatel/oem7/odom,/novatel/oem7/fix,/novatel/oem7/odom,39.663,-75.756,-1.799537999,0.003669173,0.001492451,0.003665467,0.000164861,0.001492451,,,
1786043726685705264,1786043726.685063295,/novatel/oem7/inspva,/novatel/oem7/inspva,/novatel/oem7/inspva,39.663,-75.756,-1.799518985,0.003176881,0.001648377,0.001645546,0.002717490,0.001648377,,novatel_oem7_msgs.msg.InertialSolutionStatus(status=3),
1786043726687053028,1786043726.685142027,/novatel/oem7/fix,/novatel/oem7/fix,/novatel/oem7/inspva,39.663,-75.756,-1.799518985,0.003176881,0.001648377,0.001645546,0.002717490,0.001648377,,0,
1786043726688044701,1786043726.685806559,/novatel/oem7/odom,/novatel/oem7/fix,/novatel/oem7/odom,39.663,-75.756,-1.799518985,0.003168363,0.001664691,0.002788788,0.001503725,0.001664691,,,
1786043726695734401,1786043726.694889286,/novatel/oem7/odom,/novatel/oem7/fix,/novatel/oem7/odom,39.663,-75.756,-1.799518985,0.003168363,0.001664691,0.002788788,0.001503725,0.001664691,,,
1786043726706604902,1786043726.705928159,/novatel/oem7/inspva,/novatel/oem7/inspva,/novatel/oem7/inspva,39.663,-75.756,-1.799497217,0.003025219,0.001370569,0.001875194,0.002373941,0.001370569,,novatel_oem7_msgs.msg.InertialSolutionStatus(status=3),
1786043726707949846,1786043726.706084861,/novatel/oem7/fix,/novatel/oem7/fix,/novatel/oem7/inspva,39.663,-75.756,-1.799497217,0.003025219,0.001370569,0.001875194,0.002373941,0.001370569,,0,
1786043726708954630,1786043726.706600859,/novatel/oem7/odom,/novatel/oem7/fix,/novatel/oem7/odom,39.663,-75.756,-1.799497217,0.003018148,0.001386071,0.002458305,0.001750986,0.001386071,,,
1786043726710588502,1786043726.709123811,/novatel/oem7/bestpos,/novatel/oem7/bestpos,/novatel/oem7/odom,39.663,-75.756,33.182600410,0.003018148,0.001386071,0.002458305,0.001750986,0.001386071,,novatel_oem7_msgs.msg.SolutionStatus(status=0),novatel_oem7_msgs.msg.PositionOrVelocityType(type=53)
1786043726711479105,1786043726.709608742,/novatel/oem7/bestvel,/novatel/oem7/bestpos,/novatel/oem7/bestvel,39.663,-75.756,33.182600410,0.002962033,0.001393063,,,,46.953555949,novatel_oem7_msgs.msg.SolutionStatus(status=0),novatel_oem7_msgs.msg.PositionOrVelocityType(type=53)
1786043726715091857,1786043726.714350650,/novatel/oem7/odom,/novatel/oem7/bestpos,/novatel/oem7/odom,39.663,-75.756,33.182600410,0.003018148,0.001386071,0.002458305,0.001750986,0.001386071,,,
1786043726725996636,1786043726.725309193,/novatel/oem7/inspva,/novatel/oem7/inspva,/novatel/oem7/inspva,39.663,-75.756,-1.799480363,0.003145507,0.000048878,0.000139370,0.003142418,0.000048878,,novatel_oem7_msgs.msg.InertialSolutionStatus(status=3),
1786043726727347129,1786043726.725484451,/novatel/oem7/fix,/novatel/oem7/fix,/novatel/oem7/inspva,39.663,-75.756,-1.799480363,0.003145507,0.000048878,0.000139370,0.003142418,0.000048878,,0,
1786043726728345456,1786043726.726106417,/novatel/oem7/odom,/novatel/oem7/fix,/novatel/oem7/odom,39.663,-75.756,-1.799480363,0.003145271,0.000062241,0.003145224,-0.000017136,0.000062241,,,
1786043726736383696,1786043726.735652369,/novatel/oem7/odom,/novatel/oem7/fix,/novatel/oem7/odom,39.663,-75.756,-1.799480363,0.003145271,0.000062241,0.003145224,-0.000017136,0.000062241,,,
1786043726745781830,1786043726.745115966,/novatel/oem7/inspva,/novatel/oem7/inspva,/novatel/oem7/inspva,39.663,-75.756,-1.799448954,0.002963788,0.000677996,0.000284720,0.002950080,0.000677996,,novatel_oem7_msgs.msg.InertialSolutionStatus(status=3),
1786043726747111780,1786043726.745252395,/novatel/oem7/fix,/novatel/oem7/fix,/novatel/oem7/inspva,39.663,-75.756,-1.799448954,0.002963788,0.000677996,0.000284720,0.002950080,0.000677996,,0,
1786043726748126173,1786043726.745713736,/novatel/oem7/odom,/novatel/oem7/fix,/novatel/oem7/odom,39.663,-75.756,-1.799448954,0.002960785,0.000690991,0.002957669,0.000135795,0.000690991,,,
1786043726756394936,1786043726.755670518,/novatel/oem7/odom,/novatel/oem7/fix,/novatel/oem7/odom,39.663,-75.756,-1.799448954,0.002960785,0.000690991,0.002957669,0.000135795,0.000690991,,,
1786043726767206853,1786043726.766543304,/novatel/oem7/inspva,/novatel/oem7/inspva,/novatel/oem7/inspva,39.663,-75.756,-1.799410720,0.003787136,0.002938294,0.001173582,0.003600709,0.002938294,,novatel_oem7_msgs.msg.InertialSolutionStatus(status=3),
1786043726768571774,1786043726.766681078,/novatel/oem7/fix,/novatel/oem7/fix,/novatel/oem7/inspva,39.663,-75.756,-1.799410720,0.003787136,0.002938294,0.001173582,0.003600709,0.002938294,,0,
1786043726769561654,1786043726.767136143,/novatel/oem7/odom,/novatel/oem7/fix,/novatel/oem7/odom,39.663,-75.756,-1.799410720,0.003772734,0.002956763,0.003641949,0.000984748,0.002956763,,,
1786043726775846293,1786043726.775103129,/novatel/oem7/odom,/novatel/oem7/fix,/novatel/oem7/odom,39.663,-75.756,-1.799410720,0.003772734,0.002956763,0.003641949,0.000984748,0.002956763,,,
1786043726785691838,1786043726.785023151,/novatel/oem7/inspva,/novatel/oem7/inspva,/novatel/oem7/inspva,39.663,-75.756,-1.799389014,0.003197428,0.002331558,0.001350092,0.002898413,0.002331558,,novatel_oem7_msgs.msg.InertialSolutionStatus(status=3),
1786043726787049681,1786043726.785164005,/novatel/oem7/fix,/novatel/oem7/fix,/novatel/oem7/inspva,39.663,-75.756,-1.799389014,0.003197428,0.002331558,0.001350092,0.002898413,0.002331558,,0,
1786043726788036211,1786043726.785593920,/novatel/oem7/odom,/novatel/oem7/fix,/novatel/oem7/odom,39.663,-75.756,-1.799389014,0.003185615,0.002347673,0.002951871,0.001197747,0.002347673,,,
1786043726796181499,1786043726.795457792,/novatel/oem7/odom,/novatel/oem7/fix,/novatel/oem7/odom,39.663,-75.756,-1.799389014,0.003185615,0.002347673,0.002951871,0.001197747,0.002347673,,,
1786043726806964486,1786043726.806313163,/novatel/oem7/inspva,/novatel/oem7/inspva,/novatel/oem7/inspva,39.663,-75.756,-1.799372396,0.002322103,-0.000139223,0.000819029,0.002172868,-0.000139223,,novatel_oem7_msgs.msg.InertialSolutionStatus(status=3),
1786043726808316303,1786043726.806473711,/novatel/oem7/fix,/novatel/oem7/fix,/novatel/oem7/inspva,39.663,-75.756,-1.799372396,0.002322103,-0.000139223,0.000819029,0.002172868,-0.000139223,,0,
1786043726809335793,1786043726.807080674,/novatel/oem7/odom,/novatel/oem7/fix,/novatel/oem7/odom,39.663,-75.756,-1.799372396,0.002322760,-0.000127798,0.002211455,0.000710410,-0.000127798,,,
1786043726811337696,1786043726.810378850,/novatel/oem7/bestpos,/novatel/oem7/bestpos,/novatel/oem7/odom,39.663,-75.756,33.182733018,0.002322760,-0.000127798,0.002211455,0.000710410,-0.000127798,,novatel_oem7_msgs.msg.SolutionStatus(status=0),novatel_oem7_msgs.msg.PositionOrVelocityType(type=53)
1786043726812693183,1786043726.810792454,/novatel/oem7/bestvel,/novatel/oem7/bestpos,/novatel/oem7/bestvel,39.663,-75.756,33.182733018,0.001340320,0.000544702,,,,70.449730660,novatel_oem7_msgs.msg.SolutionStatus(status=0),novatel_oem7_msgs.msg.PositionOrVelocityType(type=53)
1786043726815667999,1786043726.814936796,/novatel/oem7/odom,/novatel/oem7/bestpos,/novatel/oem7/odom,39.663,-75.756,33.182733018,0.002322760,-0.000127798,0.002211455,0.000710410,-0.000127798,,,
1786043726826719916,1786043726.826034543,/novatel/oem7/inspva,/novatel/oem7/inspva,/novatel/oem7/inspva,39.663,-75.756,-1.799342087,0.002753654,0.000509597,0.000156095,0.002749226,0.000509597,,novatel_oem7_msgs.msg.InertialSolutionStatus(status=3),
1786043726828046253,1786043726.826169558,/novatel/oem7/fix,/novatel/oem7/fix,/novatel/oem7/inspva,39.663,-75.756,-1.799342087,0.002753654,0.000509597,0.000156095,0.002749226,0.000509597,,0,
1786043726829045286,1786043726.826623805,/novatel/oem7/odom,/novatel/oem7/fix,/novatel/oem7/odom,39.663,-75.756,-1.799342087,0.002751446,0.000521387,0.002751388,0.000017839,0.000521387,,,
1786043726835377406,1786043726.834612275,/novatel/oem7/odom,/novatel/oem7/fix,/novatel/oem7/odom,39.663,-75.756,-1.799342087,0.002751446,0.000521387,0.002751388,0.000017839,0.000521387,,,
1786043726845915211,1786043726.845174333,/novatel/oem7/inspva,/novatel/oem7/inspva,/novatel/oem7/inspva,39.663,-75.756,-1.799306551,0.003426365,0.002340979,0.000135120,0.003423700,0.002340979,,novatel_oem7_msgs.msg.InertialSolutionStatus(status=3),
1786043726847268834,1786043726.845347492,/novatel/oem7/fix,/novatel/oem7/fix,/novatel/oem7/inspva,39.663,-75.756,-1.799306551,0.003426365,0.002340979,0.000135120,0.003423700,0.002340979,,0,
1786043726848285471,1786043726.845694265,/novatel/oem7/odom,/novatel/oem7/fix,/novatel/oem7/odom,39.663,-75.756,-1.799306551,0.003416335,0.002355593,0.003416078,-0.000041905,0.002355593,,,
1786043726857049272,1786043726.856305038,/novatel/oem7/odom,/novatel/oem7/fix,/novatel/oem7/odom,39.663,-75.756,-1.799306551,0.003416335,0.002355593,0.003416078,-0.000041905,0.002355593,,,
1786043726865675704,1786043726.864984588,/novatel/oem7/inspva,/novatel/oem7/inspva,/novatel/oem7/inspva,39.663,-75.756,-1.799283567,0.002500156,0.002634387,0.000643340,0.002415967,0.002634387,,novatel_oem7_msgs.msg.InertialSolutionStatus(status=3),
1786043726867105939,1786043726.865160062,/novatel/oem7/fix,/novatel/oem7/fix,/novatel/oem7/inspva,39.663,-75.756,-1.799283567,0.002500156,0.002634387,0.000643340,0.002415967,0.002634387,,0,
1786043726868108736,1786043726.865605491,/novatel/oem7/odom,/novatel/oem7/fix,/novatel/oem7/odom,39.663,-75.756,-1.799283567,0.002487463,0.002646375,0.002433567,0.000514998,0.002646375,,,
1786043726875243200,1786043726.874514223,/novatel/oem7/odom,/novatel/oem7/fix,/novatel/oem7/odom,39.663,-75.756,-1.799283567,0.002487463,0.002646375,0.002433567,0.000514998,0.002646375,,,
1786043726887210739,1786043726.886555703,/novatel/oem7/inspva,/novatel/oem7/inspva,/novatel/oem7/inspva,39.663,-75.756,-1.799276277,0.001699132,-0.000310472,0.000656337,0.001567250,-0.000310472,,novatel_oem7_msgs.msg.InertialSolutionStatus(status=3),
1786043726888582330,1786043726.886717944,/novatel/oem7/fix,/novatel/oem7/fix,/novatel/oem7/inspva,39.663,-75.756,-1.799276277,0.001699132,-0.000310472,0.000656337,0.001567250,-0.000310472,,0,
1786043726889579353,1786043726.887129108,/novatel/oem7/odom,/novatel/oem7/fix,/novatel/oem7/odom,39.663,-75.756,-1.799276277,0.001700656,-0.000302013,0.001599235,0.000578515,-0.000302013,,,
1786043726895810358,1786043726.894951073,/novatel/oem7/odom,/novatel/oem7/fix,/novatel/oem7/odom,39.663,-75.756,-1.799276277,0.001700656,-0.000302013,0.001599235,0.000578515,-0.000302013,,,
1786043726906620603,1786043726.905943736,/novatel/oem7/inspva,/novatel/oem7/inspva,/novatel/oem7/inspva,39.663,-75.756,-1.799244220,0.002262444,0.000351002,0.000028006,0.002262271,0.000351002,,novatel_oem7_msgs.msg.InertialSolutionStatus(status=3),
1786043726907923679,1786043726.906143135,/novatel/oem7/fix,/novatel/oem7/fix,/novatel/oem7/inspva,39.663,-75.756,-1.799244220,0.002262444,0.000351002,0.000028006,0.002262271,0.000351002,,0,
1786043726909098850,1786043726.906696853,/novatel/oem7/odom,/novatel/oem7/fix,/novatel/oem7/odom,39.663,-75.756,-1.799244220,0.002260966,0.000360404,0.002259351,-0.000085443,0.000360404,,,
1786043726910721127,1786043726.909680336,/novatel/oem7/bestpos,/novatel/oem7/bestpos,/novatel/oem7/odom,39.663,-75.756,33.182848244,0.002260966,0.000360404,0.002259351,-0.000085443,0.000360404,,novatel_oem7_msgs.msg.SolutionStatus(status=0),novatel_oem7_msgs.msg.PositionOrVelocityType(type=53)
1786043726912141038,1786043726.910480108,/novatel/oem7/bestvel,/novatel/oem7/bestpos,/novatel/oem7/bestvel,39.663,-75.756,33.182848244,0.000780257,0.001011008,,,,72.200961669,novatel_oem7_msgs.msg.SolutionStatus(status=0),novatel_oem7_msgs.msg.PositionOrVelocityType(type=53)
1786043726916096547,1786043726.915464901,/novatel/oem7/odom,/novatel/oem7/bestpos,/novatel/oem7/odom,39.663,-75.756,33.182848244,0.002260966,0.000360404,0.002259351,-0.000085443,0.000360404,,,
1786043726926546133,1786043726.925234248,/novatel/oem7/inspva,/novatel/oem7/inspva,/novatel/oem7/inspva,39.663,-75.756,-1.799209563,0.004279721,0.002017832,-0.001311682,0.004073758,0.002017832,,novatel_oem7_msgs.msg.InertialSolutionStatus(status=3),
1786043726927142031,1786043726.925497611,/novatel/oem7/fix,/novatel/oem7/fix,/novatel/oem7/inspva,39.663,-75.756,-1.799209563,0.004279721,0.002017832,-0.001311682,0.004073758,0.002017832,,0,
1786043726927547862,1786043726.925880091,/novatel/oem7/odom,/novatel/oem7/fix,/novatel/oem7/odom,39.663,-75.756,-1.799209563,0.002260955,0.000360473,0.002259339,-0.000085456,0.000360473,,,
1786043726935263625,1786043726.934936458,/novatel/oem7/odom,/novatel/oem7/fix,/novatel/oem7/odom,39.663,-75.756,-1.799209563,0.004273642,0.002030675,0.003994851,-0.001518284,0.002030675,,,
1786043726946572231,1786043726.946037148,/novatel/oem7/inspva,/novatel/oem7/inspva,/novatel/oem7/inspva,39.663,-75.756,-1.799179806,0.002599483,0.002825831,-0.000650769,0.002516706,0.002825831,,novatel_oem7_msgs.msg.InertialSolutionStatus(status=3),
1786043726947898394,1786043726.946213004,/novatel/oem7/fix,/novatel/oem7/fix,/novatel/oem7/inspva,39.663,-75.756,-1.799179806,0.002599483,0.002825831,-0.000650769,0.002516706,0.002825831,,0,
1786043726948904347,1786043726.946738722,/novatel/oem7/odom,/novatel/oem7/fix,/novatel/oem7/odom,39.663,-75.756,-1.799179806,0.002590294,0.002834256,0.002469084,-0.000783103,0.002834256,,,
1786043726956505680,1786043726.955874923,/novatel/oem7/odom,/novatel/oem7/fix,/novatel/oem7/odom,39.663,-75.756,-1.799179806,0.002590294,0.002834256,0.002469084,-0.000783103,0.002834256,,,
1786043726965804345,1786043726.965282380,/novatel/oem7/inspva,/novatel/oem7/inspva,/novatel/oem7/inspva,39.663,-75.756,-1.799166023,0.001214883,0.000433464,0.000420669,0.001139727,0.000433464,,novatel_oem7_msgs.msg.InertialSolutionStatus(status=3),
1786043726967098115,1786043726.965452949,/novatel/oem7/fix,/novatel/oem7/fix,/novatel/oem7/inspva,39.663,-75.756,-1.799166023,0.001214883,0.000433464,0.000420669,0.001139727,0.000433464,,0,
1786043726968094978,1786043726.966055174,/novatel/oem7/odom,/novatel/oem7/fix,/novatel/oem7/odom,39.663,-75.756,-1.799166023,0.001212733,0.000439442,0.001157354,0.000362290,0.000439442,,,
1786043726976130308,1786043726.975511702,/novatel/oem7/odom,/novatel/oem7/fix,/novatel/oem7/odom,39.663,-75.756,-1.799166023,0.001212733,0.000439442,0.001157354,0.000362290,0.000439442,,,
1786043726985513696,1786043726.985001454,/novatel/oem7/inspva,/novatel/oem7/inspva,/novatel/oem7/inspva,39.663,-75.756,-1.799133212,0.002284562,0.000197683,-0.000273112,0.002268178,0.000197683,,novatel_oem7_msgs.msg.InertialSolutionStatus(status=3),
1786043726986783505,1786043726.985163305,/novatel/oem7/fix,/novatel/oem7/fix,/novatel/oem7/inspva,39.663,-75.756,-1.799133212,0.002284562,0.000197683,-0.000273112,0.002268178,0.000197683,,0,
1786043726987781071,1786043726.985605370,/novatel/oem7/odom,/novatel/oem7/fix,/novatel/oem7/odom,39.663,-75.756,-1.799133212,0.002283807,0.000206223,0.002250943,-0.000386041,0.000206223,,,
1786043726995918923,1786043726.995281756,/novatel/oem7/odom,/novatel/oem7/fix,/novatel/oem7/odom,39.663,-75.756,-1.799133212,0.002283807,0.000206223,0.002250943,-0.000386041,0.000206223,,,
1786043727008972079,1786043727.008319913,/novatel/oem7/inspva,/novatel/oem7/inspva,/novatel/oem7/inspva,39.663,-75.756,-1.799089990,0.003703822,0.002196453,-0.001604556,0.003338218,0.002196453,,novatel_oem7_msgs.msg.InertialSolutionStatus(status=3),
1786043727010349226,1786043727.008495108,/novatel/oem7/fix,/novatel/oem7/fix,/novatel/oem7/inspva,39.663,-75.756,-1.799089990,0.003703822,0.002196453,-0.001604556,0.003338218,0.002196453,,0,
1786043727011353056,1786043727.009851698,/novatel/oem7/odom,/novatel/oem7/fix,/novatel/oem7/odom,39.663,-75.756,-1.799089990,0.003698513,0.002205381,0.003244894,-0.001774729,0.002205381,,,
1786043727016548851,1786043727.015857090,/novatel/oem7/odom,/novatel/oem7/fix,/novatel/oem7/odom,39.663,-75.756,-1.799089990,0.003698513,0.002205381,0.003244894,-0.001774729,0.002205381,,,
1786043727027583548,1786043727.026267228,/novatel/oem7/bestpos,/novatel/oem7/bestpos,/novatel/oem7/odom,39.663,-75.756,33.182975796,0.003698513,0.002205381,0.003244894,-0.001774729,0.002205381,,novatel_oem7_msgs.msg.SolutionStatus(status=0),novatel_oem7_msgs.msg.PositionOrVelocityType(type=53)
1786043727028559791,1786043727.026818347,/novatel/oem7/bestvel,/novatel/oem7/bestpos,/novatel/oem7/bestvel,39.663,-75.756,33.182975796,0.003517042,0.001822400,,,,106.398889529,novatel_oem7_msgs.msg.SolutionStatus(status=0),novatel_oem7_msgs.msg.PositionOrVelocityType(type=53)
1786043727029418443,1786043727.027292765,/novatel/oem7/inspva,/novatel/oem7/inspva,/novatel/oem7/inspva,39.663,-75.756,-1.799060110,0.003816240,0.002769399,-0.001194798,0.003624382,0.002769399,,novatel_oem7_msgs.msg.InertialSolutionStatus(status=3),
1786043727029930091,1786043727.027528211,/novatel/oem7/fix,/novatel/oem7/fix,/novatel/oem7/inspva,39.663,-75.756,-1.799060110,0.003816240,0.002769399,-0.001194798,0.003624382,0.002769399,,0,
1786043727030503656,1786043727.028117296,/novatel/oem7/odom,/novatel/oem7/fix,/novatel/oem7/odom,39.663,-75.756,-1.799060110,0.003808021,0.002780690,0.003548651,-0.001381338,0.002780690,,,
1786043727036261381,1786043727.035620655,/novatel/oem7/odom,/novatel/oem7/fix,/novatel/oem7/odom,39.663,-75.756,-1.799060110,0.003808021,0.002780690,0.003548651,-0.001381338,0.002780690,,,
1786043727045990135,1786043727.045502853,/novatel/oem7/inspva,/novatel/oem7/inspva,/novatel/oem7/inspva,39.663,-75.756,-1.799079028,0.001441463,0.001112886,0.000435457,0.001374115,0.001112886,,novatel_oem7_msgs.msg.InertialSolutionStatus(status=3),
1786043727047284101,1786043727.045669421,/novatel/oem7/fix,/novatel/oem7/fix,/novatel/oem7/inspva,39.663,-75.756,-1.799079028,0.001441463,0.001112886,0.000435457,0.001374115,0.001112886,,0,
1786043727047783713,1786043727.046440606,/novatel/oem7/odom,/novatel/oem7/fix,/novatel/oem7/odom,39.663,-75.756,-1.799079028,0.001436014,0.001119908,0.001389253,0.000363473,0.001119908,,,
1786043727056842210,1786043727.056537450,/novatel/oem7/odom,/novatel/oem7/fix,/novatel/oem7/odom,39.663,-75.756,-1.799079028,0.001436014,0.001119908,0.001389253,0.000363473,0.001119908,,,
1786043727066723431,1786043727.066208620,/novatel/oem7/inspva,/novatel/oem7/inspva,/novatel/oem7/inspva,39.663,-75.756,-1.799108181,0.001871959,0.000229654,-0.000066266,0.001870786,0.000229654,,novatel_oem7_msgs.msg.InertialSolutionStatus(status=3),
1786043727067605170,1786043727.066374828,/novatel/oem7/fix,/novatel/oem7/fix,/novatel/oem7/inspva,39.663,-75.756,-1.799108181,0.001871959,0.000229654,-0.000066266,0.001870786,0.000229654,,0,
1786043727068002440,1786043727.066808356,/novatel/oem7/odom,/novatel/oem7/fix,/novatel/oem7/odom,39.663,-75.756,-1.799108181,0.001871026,0.000237135,0.001864190,-0.000159798,0.000237135,,,
1786043727075083325,1786043727.074777622,/novatel/oem7/odom,/novatel/oem7/fix,/novatel/oem7/odom,39.663,-75.756,-1.799108181,0.001871026,0.000237135,0.001864190,-0.000159798,0.000237135,,,
1786043727085808363,1786043727.085358277,/novatel/oem7/inspva,/novatel/oem7/inspva,/novatel/oem7/inspva,39.663,-75.756,-1.799109371,0.003726488,0.001885940,-0.001475971,0.003421728,0.001885940,,novatel_oem7_msgs.msg.InertialSolutionStatus(status=3),
1786043727086296372,1786043727.085531376,/novatel/oem7/fix,/novatel/oem7/fix,/novatel/oem7/inspva,39.663,-75.756,-1.799109371,0.003726488,0.001885940,-0.001475971,0.003421728,0.001885940,,0,
1786043727087206899,1786043727.086132729,/novatel/oem7/odom,/novatel/oem7/fix,/novatel/oem7/odom,39.663,-75.756,-1.799109371,0.003721671,0.001895430,0.003336137,-0.001649553,0.001895430,,,
1786043727096410934,1786043727.095769114,/novatel/oem7/odom,/novatel/oem7/fix,/novatel/oem7/odom,39.663,-75.756,-1.799109371,0.003721671,0.001895430,0.003336137,-0.001649553,0.001895430,,,
1786043727106134738,1786043727.105895535,/novatel/oem7/inspva,/novatel/oem7/inspva,/novatel/oem7/inspva,39.663,-75.756,-1.799127940,0.003330705,0.002527714,-0.000973164,0.003185365,0.002527714,,novatel_oem7_msgs.msg.InertialSolutionStatus(status=3),
1786043727106635089,1786043727.106052023,/novatel/oem7/fix,/novatel/oem7/fix,/novatel/oem7/inspva,39.663,-75.756,-1.799127940,0.003330705,0.002527714,-0.000973164,0.003185365,0.002527714,,0,
1786043727107213799,1786043727.106561725,/novatel/oem7/odom,/novatel/oem7/fix,/novatel/oem7/odom,39.663,-75.756,-1.799127940,0.003322954,0.002537895,0.003122229,-0.001137415,0.002537895,,,
1786043727109955499,1786043727.109532078,/novatel/oem7/bestpos,/novatel/oem7/bestpos,/novatel/oem7/odom,39.663,-75.756,33.182965444,0.003322954,0.002537895,0.003122229,-0.001137415,0.002537895,,novatel_oem7_msgs.msg.SolutionStatus(status=0),novatel_oem7_msgs.msg.PositionOrVelocityType(type=53)
1786043727110483833,1786043727.110151534,/novatel/oem7/bestvel,/novatel/oem7/bestpos,/novatel/oem7/bestvel,39.663,-75.756,33.182965444,0.003834129,0.002351297,,,,106.691251911,novatel_oem7_msgs.msg.SolutionStatus(status=0),novatel_oem7_msgs.msg.PositionOrVelocityType(type=53)
1786043727114960002,1786043727.114614055,/novatel/oem7/odom,/novatel/oem7/bestpos,/novatel/oem7/odom,39.663,-75.756,33.182965444,0.003322954,0.002537895,0.003122229,-0.001137415,0.002537895,,,
1786043727127197678,1786043727.126564748,/novatel/oem7/inspva,/novatel/oem7/inspva,/novatel/oem7/inspva,39.663,-75.756,-1.799149396,0.001770277,0.001469993,0.000866511,0.001543710,0.001469993,,novatel_oem7_msgs.msg.InertialSolutionStatus(status=3),
1786043727127997310,1786043727.126738956,/novatel/oem7/fix,/novatel/oem7/fix,/novatel/oem7/inspva,39.663,-75.756,-1.799149396,0.001770277,0.001469993,0.000866511,0.001543710,0.001469993,,0,
1786043727128396368,1786043727.127230971,/novatel/oem7/odom,/novatel/oem7/fix,/novatel/oem7/odom,39.663,-75.756,-1.799149396,0.001762773,0.001478983,0.001578547,0.000784575,0.001478983,,,
1786043727135558152,1786043727.135141857,/novatel/oem7/odom,/novatel/oem7/fix,/novatel/oem7/odom,39.663,-75.756,-1.799149396,0.001762773,0.001478983,0.001578547,0.000784575,0.001478983,,,
1786043727145458853,1786043727.145191233,/novatel/oem7/inspva,/novatel/oem7/inspva,/novatel/oem7/inspva,39.663,-75.756,-1.799174963,0.002005609,0.001144297,0.000375729,0.001970100,0.001144297,,novatel_oem7_msgs.msg.InertialSolutionStatus(status=3),
1786043727146479620,1786043727.145354119,/novatel/oem7/fix,/novatel/oem7/fix,/novatel/oem7/inspva,39.663,-75.756,-1.799174963,0.002005609,0.001144297,0.000375729,0.001970100,0.001144297,,0,
1786043727147443586,1786043727.145660136,/novatel/oem7/odom,/novatel/oem7/fix,/novatel/oem7/odom,39.663,-75.756,-1.799174963,0.002000309,0.001153536,0.001981441,0.000274096,0.001153536,,,
1786043727156070516,1786043727.155651281,/novatel/oem7/odom,/novatel/oem7/fix,/novatel/oem7/odom,39.663,-75.756,-1.799174963,0.002000309,0.001153536,0.001981441,0.000274096,0.001153536,,,
1786043727166180551,1786043727.165896413,/novatel/oem7/inspva,/novatel/oem7/inspva,/novatel/oem7/inspva,39.663,-75.756,-1.799176203,0.003507026,0.001612712,-0.001621657,0.003109576,0.001612712,,novatel_oem7_msgs.msg.InertialSolutionStatus(status=3),
1786043727167320151,1786043727.166079421,/novatel/oem7/fix,/novatel/oem7/fix,/novatel/oem7/inspva,39.663,-75.756,-1.799176203,0.003507026,0.001612712,-0.001621657,0.003109576,0.001612712,,0,
1786043727167923442,1786043727.166704238,/novatel/oem7/odom,/novatel/oem7/fix,/novatel/oem7/odom,39.663,-75.756,-1.799176203,0.003503439,0.001620490,0.003018260,-0.001778817,0.001620490,,,
1786043727175542581,1786043727.175104098,/novatel/oem7/odom,/novatel/oem7/fix,/novatel/oem7/odom,39.663,-75.756,-1.799176203,0.003503439,0.001620490,0.003018260,-0.001778817,0.001620490,,,
1786043727186497667,1786043727.186228169,/novatel/oem7/inspva,/novatel/oem7/inspva,/novatel/oem7/inspva,39.663,-75.756,-1.799186114,0.002741102,0.002574496,-0.000936179,0.002576278,0.002574496,,novatel_oem7_msgs.msg.InertialSolutionStatus(status=3),
1786043727187433503,1786043727.186390398,/novatel/oem7/fix,/novatel/oem7/fix,/novatel/oem7/inspva,39.663,-75.756,-1.799186114,0.002741102,0.002574496,-0.000936179,0.002576278,0.002574496,,0,
1786043727187833313,1786043727.187004924,/novatel/oem7/odom,/novatel/oem7/fix,/novatel/oem7/odom,39.663,-75.756,-1.799186114,0.002733770,0.002582280,0.002515530,-0.001070331,0.002582280,,,
1786043727195097280,1786043727.194768164,/novatel/oem7/odom,/novatel/oem7/fix,/novatel/oem7/odom,39.663,-75.756,-1.799186114,0.002733770,0.002582280,0.002515530,-0.001070331,0.002582280,,,
1786043727206626305,1786043727.206366460,/novatel/oem7/inspva,/novatel/oem7/inspva,/novatel/oem7/inspva,39.663,-75.756,-1.799203726,0.001943846,0.001712027,0.000674212,0.001823177,0.001712027,,novatel_oem7_msgs.msg.InertialSolutionStatus(status=3),
1786043727207568585,1786043727.206540239,/novatel/oem7/fix,/novatel/oem7/fix,/novatel/oem7/inspva,39.663,-75.756,-1.799203726,0.001943846,0.001712027,0.000674212,0.001823177,0.001712027,,0,
1786043727207978109,1786043727.207239016,/novatel/oem7/odom,/novatel/oem7/fix,/novatel/oem7/odom,39.663,-75.756,-1.799203726,0.001935354,0.001721621,0.001847043,0.000577953,0.001721621,,,
1786043727210678500,1786043727.210367703,/novatel/oem7/bestpos,/novatel/oem7/bestpos,/novatel/oem7/odom,39.663,-75.756,33.182884435,0.001935354,0.001721621,0.001847043,0.000577953,0.001721621,,novatel_oem7_msgs.msg.SolutionStatus(status=0),novatel_oem7_msgs.msg.PositionOrVelocityType(type=53)
1786043727211202417,1786043727.210755867,/novatel/oem7/bestvel,/novatel/oem7/bestpos,/novatel/oem7/bestvel,39.663,-75.756,33.182884435,0.002763644,0.001359381,,,,79.872114543,novatel_oem7_msgs.msg.SolutionStatus(status=0),novatel_oem7_msgs.msg.PositionOrVelocityType(type=53)
1786043727215885586,1786043727.215611604,/novatel/oem7/odom,/novatel/oem7/bestpos,/novatel/oem7/odom,39.663,-75.756,33.182884435,0.001935354,0.001721621,0.001847043,0.000577953,0.001721621,,,
1786043727226044699,1786043727.225239368,/novatel/oem7/inspva,/novatel/oem7/inspva,/novatel/oem7/inspva,39.663,-75.756,-1.799231108,0.002283175,0.000862556,0.000718848,0.002167059,0.000862556,,novatel_oem7_msgs.msg.InertialSolutionStatus(status=3),
1786043727227338262,1786043727.225400800,/novatel/oem7/fix,/novatel/oem7/fix,/novatel/oem7/inspva,39.663,-75.756,-1.799231108,0.002283175,0.000862556,0.000718848,0.002167059,0.000862556,,0,
1786043727228352239,1786043727.225739001,/novatel/oem7/odom,/novatel/oem7/fix,/novatel/oem7/odom,39.663,-75.756,-1.799231108,0.002278927,0.000873716,0.002196374,0.000607826,0.000873716,,,
1786043727235303078,1786043727.234568088,/novatel/oem7/odom,/novatel/oem7/fix,/novatel/oem7/odom,39.663,-75.756,-1.799231108,0.002278927,0.000873716,0.002196374,0.000607826,0.000873716,,,
1786043727246824468,1786043727.246523729,/novatel/oem7/inspva,/novatel/oem7/inspva,/novatel/oem7/inspva,39.663,-75.756,-1.799244523,0.003053467,0.000789954,-0.000863172,0.002928924,0.000789954,,novatel_oem7_msgs.msg.InertialSolutionStatus(status=3),
1786043727248076689,1786043727.246593682,/novatel/oem7/fix,/novatel/oem7/fix,/novatel/oem7/inspva,39.663,-75.756,-1.799244523,0.003053467,0.000789954,-0.000863172,0.002928924,0.000789954,,0,
1786043727249076903,1786043727.247117837,/novatel/oem7/odom,/novatel/oem7/fix,/novatel/oem7/odom,39.663,-75.756,-1.799244523,0.003051003,0.000799419,0.002879034,-0.001009843,0.000799419,,,
1786043727257906931,1786043727.257046022,/novatel/oem7/odom,/novatel/oem7/fix,/novatel/oem7/odom,39.663,-75.756,-1.799244523,0.003051003,0.000799419,0.002879034,-0.001009843,0.000799419,,,
1786043727266130379,1786043727.265219087,/novatel/oem7/inspva,/novatel/oem7/inspva,/novatel/oem7/inspva,39.663,-75.756,-1.799255420,0.002802393,0.001463157,-0.000814291,0.002681480,0.001463157,,novatel_oem7_msgs.msg.InertialSolutionStatus(status=3),
1786043727267884536,1786043727.266251007,/novatel/oem7/fix,/novatel/oem7/fix,/novatel/oem7/inspva,39.663,-75.756,-1.799255420,0.002802393,0.001463157,-0.000814291,0.002681480,0.001463157,,0,
1786043727269848330,1786043727.267395385,/novatel/oem7/odom,/novatel/oem7/fix,/novatel/oem7/odom,39.663,-75.756,-1.799255420,0.002797886,0.001471758,0.002631439,-0.000950628,0.001471758,,,
1786043727276621260,1786043727.275942330,/novatel/oem7/odom,/novatel/oem7/fix,/novatel/oem7/odom,39.663,-75.756,-1.799255420,0.002797886,0.001471758,0.002631439,-0.000950628,0.001471758,,,
1786043727286127995,1786043727.285328144,/novatel/oem7/inspva,/novatel/oem7/inspva,/novatel/oem7/inspva,39.663,-75.756,-1.799259789,0.002372137,0.002549087,0.000525978,0.002313089,0.002549087,,novatel_oem7_msgs.msg.InertialSolutionStatus(status=3),
1786043727287708564,1786043727.285499959,/novatel/oem7/fix,/novatel/oem7/fix,/novatel/oem7/inspva,39.663,-75.756,-1.799259789,0.002372137,0.002549087,0.000525978,0.002313089,0.002549087,,0,
1786043727288794312,1786043727.286175115,/novatel/oem7/odom,/novatel/oem7/fix,/novatel/oem7/odom,39.663,-75.756,-1.799259789,0.002360046,0.002560285,0.002325346,0.000403220,0.002560285,,,
1786043727295436521,1786043727.294779011,/novatel/oem7/odom,/novatel/oem7/fix,/novatel/oem7/odom,39.663,-75.756,-1.799259789,0.002360046,0.002560285,0.002325346,0.000403220,0.002560285,,,
1786043727306513211,1786043727.305912927,/novatel/oem7/inspva,/novatel/oem7/inspva,/novatel/oem7/inspva,39.663,-75.756,-1.799288383,0.002964124,0.001809280,0.000603460,0.002902046,0.001809280,,novatel_oem7_msgs.msg.InertialSolutionStatus(status=3),
1786043727307881382,1786043727.306010276,/novatel/oem7/fix,/novatel/oem7/fix,/novatel/oem7/inspva,39.663,-75.756,-1.799288383,0.002964124,0.001809280,0.000603460,0.002902046,0.001809280,,0,
1786043727308908492,1786043727.306411337,/novatel/oem7/odom,/novatel/oem7/fix,/novatel/oem7/odom,39.663,-75.756,-1.799288383,0.002955601,0.001823169,0.002920615,0.000453419,0.001823169,,,
1786043727310770510,1786043727.309917543,/novatel/oem7/bestpos,/novatel/oem7/bestpos,/novatel/oem7/odom,39.663,-75.756,33.182789494,0.002955601,0.001823169,0.002920615,0.000453419,0.001823169,,novatel_oem7_msgs.msg.SolutionStatus(status=0),novatel_oem7_msgs.msg.PositionOrVelocityType(type=53)
1786043727312127387,1786043727.310505179,/novatel/oem7/bestvel,/novatel/oem7/bestpos,/novatel/oem7/bestvel,39.663,-75.756,33.182789494,0.004136163,0.000904806,,,,72.664833591,novatel_oem7_msgs.msg.SolutionStatus(status=0),novatel_oem7_msgs.msg.PositionOrVelocityType(type=53)
1786043727315152231,1786043727.314522765,/novatel/oem7/odom,/novatel/oem7/bestpos,/novatel/oem7/odom,39.663,-75.756,33.182789494,0.002955601,0.001823169,0.002920615,0.000453419,0.001823169,,,
1786043727327114700,1786043727.325650046,/novatel/oem7/inspva,/novatel/oem7/inspva,/novatel/oem7/inspva,39.663,-75.756,-1.799302769,0.002579689,0.000533875,0.000149105,0.002575376,0.000533875,,novatel_oem7_msgs.msg.InertialSolutionStatus(status=3),
1786043727329023606,1786043727.327282087,/novatel/oem7/fix,/novatel/oem7/fix,/novatel/oem7/inspva,39.663,-75.756,-1.799302769,0.002579689,0.000533875,0.000149105,0.002575376,0.000533875,,0,
1786043727331079370,1786043727.328745120,/novatel/oem7/odom,/novatel/oem7/fix,/novatel/oem7/odom,39.663,-75.756,-1.799302769,0.002577365,0.000544980,0.002577292,0.000019486,0.000544980,,,
1786043727336960075,1786043727.336068696,/novatel/oem7/odom,/novatel/oem7/fix,/novatel/oem7/odom,39.663,-75.756,-1.799302769,0.002577365,0.000544980,0.002577292,0.000019486,0.000544980,,,
1786043727345691022,1786043727.345081332,/novatel/oem7/inspva,/novatel/oem7/inspva,/novatel/oem7/inspva,39.663,-75.756,-1.799307456,0.002819526,0.000771949,0.000066614,0.002818739,0.000771949,,novatel_oem7_msgs.msg.InertialSolutionStatus(status=3),
1786043727347109623,1786043727.345173920,/novatel/oem7/fix,/novatel/oem7/fix,/novatel/oem7/inspva,39.663,-75.756,-1.799307456,0.002819526,0.000771949,0.000066614,0.002818739,0.000771949,,0,
1786043727348270234,1786043727.345670281,/novatel/oem7/odom,/novatel/oem7/fix,/novatel/oem7/odom,39.663,-75.756,-1.799307456,0.002816247,0.000783828,0.002815230,-0.000075657,0.000783828,,,
1786043727357623251,1786043727.356554527,/novatel/oem7/odom,/novatel/oem7/fix,/novatel/oem7/odom,39.663,-75.756,-1.799307456,0.002816247,0.000783828,0.002815230,-0.000075657,0.000783828,,,
1786043727368102952,1786043727.366999214,/novatel/oem7/inspva,/novatel/oem7/inspva,/novatel/oem7/inspva,39.663,-75.756,-1.799287539,0.003191069,0.003439433,0.000085832,0.003189915,0.003439433,,novatel_oem7_msgs.msg.InertialSolutionStatus(status=3),
1786043727369817476,1786043727.368271597,/novatel/oem7/fix,/novatel/oem7/fix,/novatel/oem7/inspva,39.663,-75.756,-1.799287539,0.003191069,0.003439433,0.000085832,0.003189915,0.003439433,,0,
1786043727371810342,1786043727.369386955,/novatel/oem7/odom,/novatel/oem7/fix,/novatel/oem7/odom,39.663,-75.756,-1.799287539,0.003176371,0.003453011,0.003175300,-0.000082476,0.003453011,,,
1786043727375875393,1786043727.374945560,/novatel/oem7/odom,/novatel/oem7/fix,/novatel/oem7/odom,39.663,-75.756,-1.799287539,0.003176371,0.003453011,0.003175300,-0.000082476,0.003453011,,,
1786043727385886442,1786043727.385207751,/novatel/oem7/inspva,/novatel/oem7/inspva,/novatel/oem7/inspva,39.663,-75.756,-1.799314970,0.002964913,0.002745031,0.000725117,0.002874876,0.002745031,,novatel_oem7_msgs.msg.InertialSolutionStatus(status=3),
1786043727387321540,1786043727.385337311,/novatel/oem7/fix,/novatel/oem7/fix,/novatel/oem7/inspva,39.663,-75.756,-1.799314970,0.002964913,0.002745031,0.000725117,0.002874876,0.002745031,,0,
1786043727388377524,1786043727.385675484,/novatel/oem7/odom,/novatel/oem7/fix,/novatel/oem7/odom,39.663,-75.756,-1.799314970,0.002951669,0.002759267,0.002895390,0.000573647,0.002759267,,,
1786043727395979580,1786043727.395346214,/novatel/oem7/odom,/novatel/oem7/fix,/novatel/oem7/odom,39.663,-75.756,-1.799314970,0.002951669,0.002759267,0.002895390,0.000573647,0.002759267,,,
1786043727407114024,1786043727.406536008,/novatel/oem7/inspva,/novatel/oem7/inspva,/novatel/oem7/inspva,39.663,-75.756,-1.799348730,0.002583233,-0.000526277,0.001153528,0.002311377,-0.000526277,,novatel_oem7_msgs.msg.InertialSolutionStatus(status=3),
1786043727408727560,1786043727.406707950,/novatel/oem7/fix,/novatel/oem7/fix,/novatel/oem7/inspva,39.663,-75.756,-1.799348730,0.002583233,-0.000526277,0.001153528,0.002311377,-0.000526277,,0,
1786043727409769144,1786043727.407162268,/novatel/oem7/odom,/novatel/oem7/fix,/novatel/oem7/odom,39.663,-75.756,-1.799348730,0.002585870,-0.000513161,0.002368046,0.001038789,-0.000513161,,,
1786043727411178551,1786043727.410320590,/novatel/oem7/bestpos,/novatel/oem7/bestpos,/novatel/oem7/odom,39.663,-75.756,33.182736211,0.002585870,-0.000513161,0.002368046,0.001038789,-0.000513161,,novatel_oem7_msgs.msg.SolutionStatus(status=0),novatel_oem7_msgs.msg.PositionOrVelocityType(type=53)
1786043727412628169,1786043727.410774134,/novatel/oem7/bestvel,/novatel/oem7/bestpos,/novatel/oem7/bestvel,39.663,-75.756,33.182736211,0.002125974,-0.000148343,,,,67.614586209,novatel_oem7_msgs.msg.SolutionStatus(status=0),novatel_oem7_msgs.msg.PositionOrVelocityType(type=53)
1786043727416299125,1786043727.415230845,/novatel/oem7/odom,/novatel/oem7/bestpos,/novatel/oem7/odom,39.663,-75.756,33.182736211,0.002585870,-0.000513161,0.002368046,0.001038789,-0.000513161,,,
1786043727426752943,1786043727.426048439,/novatel/oem7/inspva,/novatel/oem7/inspva,/novatel/oem7/inspva,39.663,-75.756,-1.799352868,0.002392295,0.000064863,0.000748422,0.002272210,0.000064863,,novatel_oem7_msgs.msg.InertialSolutionStatus(status=3),
1786043727428609282,1786043727.426191504,/novatel/oem7/fix,/novatel/oem7/fix,/novatel/oem7/inspva,39.663,-75.756,-1.799352868,0.002392295,0.000064863,0.000748422,0.002272210,0.000064863,,0,
1786043727430062626,1786043727.426645299,/novatel/oem7/odom,/novatel/oem7/fix,/novatel/oem7/odom,39.663,-75.756,-1.799352868,0.002391947,0.000076609,0.002306271,0.000634450,0.000076609,,,
1786043727435471247,1786043727.434606485,/novatel/oem7/odom,/novatel/oem7/fix,/novatel/oem7/odom,39.663,-75.756,-1.799352868,0.002391947,0.000076609,0.002306271,0.000634450,0.000076609,,,
1786043727446732799,1786043727.445349362,/novatel/oem7/inspva,/novatel/oem7/inspva,/novatel/oem7/inspva,39.663,-75.756,-1.799345811,0.003555741,0.001882552,-0.000477821,0.003523490,0.001882552,,novatel_oem7_msgs.msg.InertialSolutionStatus(status=3),
1786043727449023579,1786043727.445525988,/novatel/oem7/fix,/novatel/oem7/fix,/novatel/oem7/inspva,39.663,-75.756,-1.799345811,0.003555741,0.001882552,-0.000477821,0.003523490,0.001882552,,0,
1786043727450095046,1786043727.446113900,/novatel/oem7/odom,/novatel/oem7/fix,/novatel/oem7/odom,39.663,-75.756,-1.799345811,0.003548701,0.001895791,0.003487236,-0.000657619,0.001895791,,,
1786043727456877740,1786043727.456248804,/novatel/oem7/odom,/novatel/oem7/fix,/novatel/oem7/odom,39.663,-75.756,-1.799345811,0.003548701,0.001895791,0.003487236,-0.000657619,0.001895791,,,
1786043727466683094,1786043727.465948098,/novatel/oem7/inspva,/novatel/oem7/inspva,/novatel/oem7/inspva,39.663,-75.756,-1.799373228,0.002996969,0.002093485,-0.000111475,0.002994895,0.002093485,,novatel_oem7_msgs.msg.InertialSolutionStatus(status=3),
1786043727468055955,1786043727.466059056,/novatel/oem7/fix,/novatel/oem7/fix,/novatel/oem7/inspva,39.663,-75.756,-1.799373228,0.002996969,0.002093485,-0.000111475,0.002994895,0.002093485,,0,
1786043727469070451,1786043727.466510715,/novatel/oem7/odom,/novatel/oem7/fix,/novatel/oem7/odom,39.663,-75.756,-1.799373228,0.002988437,0.002105646,0.002976569,-0.000266068,0.002105646,,,
1786043727475107212,1786043727.474462435,/novatel/oem7/odom,/novatel/oem7/fix,/novatel/oem7/odom,39.663,-75.756,-1.799373228,0.002988437,0.002105646,0.002976569,-0.000266068,0.002105646,,,
1786043727487685364,1786043727.486767980,/novatel/oem7/inspva,/novatel/oem7/inspva,/novatel/oem7/inspva,39.663,-75.756,-1.799401964,0.002752029,0.000427979,0.002085570,0.001795567,0.000427979,,novatel_oem7_msgs.msg.InertialSolutionStatus(status=3),
1786043727489626843,1786043727.486919324,/novatel/oem7/fix,/novatel/oem7/fix,/novatel/oem7/inspva,39.663,-75.756,-1.799401964,0.002752029,0.000427979,0.002085570,0.001795567,0.000427979,,0,
1786043727491088665,1786043727.487615613,/novatel/oem7/odom,/novatel/oem7/fix,/novatel/oem7/odom,39.663,-75.756,-1.799401964,0.002749837,0.000441842,0.001895053,0.001992581,0.000441842,,,
1786043727496472658,1786043727.495638893,/novatel/oem7/odom,/novatel/oem7/fix,/novatel/oem7/odom,39.663,-75.756,-1.799401964,0.002749837,0.000441842,0.001895053,0.001992581,0.000441842,,,
1786043727507051220,1786043727.506019099,/novatel/oem7/inspva,/novatel/oem7/inspva,/novatel/oem7/inspva,39.663,-75.756,-1.799410890,0.001939926,0.000390970,0.001253030,0.001480955,0.000390970,,novatel_oem7_msgs.msg.InertialSolutionStatus(status=3),
1786043727509417144,1786043727.506113009,/novatel/oem7/fix,/novatel/oem7/fix,/novatel/oem7/inspva,39.663,-75.756,-1.799410890,0.001939926,0.000390970,0.001253030,0.001480955,0.000390970,,0,
1786043727511280642,1786043727.506569232,/novatel/oem7/odom,/novatel/oem7/fix,/novatel/oem7/odom,39.663,-75.756,-1.799410890,0.001937888,0.000400948,0.001539662,0.001176796,0.000400948,,,
1786043727512800037,1786043727.512045597,/novatel/oem7/bestpos,/novatel/oem7/bestpos,/novatel/oem7/odom,39.663,-75.756,33.182664699,0.001937888,0.000400948,0.001539662,0.001176796,0.000400948,,novatel_oem7_msgs.msg.SolutionStatus(status=0),novatel_oem7_msgs.msg.PositionOrVelocityType(type=53)
1786043727514141514,1786043727.512545321,/novatel/oem7/bestvel,/novatel/oem7/bestpos,/novatel/oem7/bestvel,39.663,-75.756,33.182664699,0.001739127,0.000712094,,,,71.505672398,novatel_oem7_msgs.msg.SolutionStatus(status=0),novatel_oem7_msgs.msg.PositionOrVelocityType(type=53)
1786043727515706340,1786043727.514357223,/novatel/oem7/odom,/novatel/oem7/bestpos,/novatel/oem7/odom,39.663,-75.756,33.182664699,0.001937888,0.000400948,0.001539662,0.001176796,0.000400948,,,
1786043727526065786,1786043727.525549717,/novatel/oem7/inspva,/novatel/oem7/inspva,/novatel/oem7/inspva,39.663,-75.756,-1.799401666,0.002966331,0.001563656,0.000047965,0.002965943,0.001563656,,novatel_oem7_msgs.msg.InertialSolutionStatus(status=3),
1786043727527464953,1786043727.525646850,/novatel/oem7/fix,/novatel/oem7/fix,/novatel/oem7/inspva,39.663,-75.756,-1.799401666,0.002966331,0.001563656,0.000047965,0.002965943,0.001563656,,0,
1786043727528483990,1786043727.526451356,/novatel/oem7/odom,/novatel/oem7/fix,/novatel/oem7/odom,39.663,-75.756,-1.799401666,0.002959721,0.001576130,0.002957899,-0.000103843,0.001576130,,,
1786043727535416433,1786043727.534625787,/novatel/oem7/odom,/novatel/oem7/fix,/novatel/oem7/odom,39.663,-75.756,-1.799401666,0.002959721,0.001576130,0.002957899,-0.000103843,0.001576130,,,
1786043727546328818,1786043727.545118181,/novatel/oem7/inspva,/novatel/oem7/inspva,/novatel/oem7/inspva,39.663,-75.756,-1.799421443,0.003516440,0.001626477,-0.000471173,0.003484730,0.001626477,,novatel_oem7_msgs.msg.InertialSolutionStatus(status=3),
1786043727548751422,1786043727.545288220,/novatel/oem7/fix,/novatel/oem7/fix,/novatel/oem7/inspva,39.663,-75.756,-1.799421443,0.003516440,0.001626477,-0.000471173,0.003484730,0.001626477,,0,
1786043727550638761,1786043727.546107549,/novatel/oem7/odom,/novatel/oem7/fix,/novatel/oem7/odom,39.663,-75.756,-1.799421443,0.003510397,0.001639479,0.003450010,-0.000648319,0.001639479,,,
1786043727557096219,1786043727.556070985,/novatel/oem7/odom,/novatel/oem7/fix,/novatel/oem7/odom,39.663,-75.756,-1.799421443,0.003510397,0.001639479,0.003450010,-0.000648319,0.001639479,,,
1786043727565998428,1786043727.565302874,/novatel/oem7/inspva,/novatel/oem7/inspva,/novatel/oem7/inspva,39.663,-75.756,-1.799430683,0.003189692,0.001838843,0.001846329,0.002601001,0.001838843,,novatel_oem7_msgs.msg.InertialSolutionStatus(status=3),
1786043727567731305,1786043727.565409879,/novatel/oem7/fix,/novatel/oem7/fix,/novatel/oem7/inspva,39.663,-75.756,-1.799430683,0.003189692,0.001838843,0.001846329,0.002601001,0.001838843,,0,
1786043727568905577,1786043727.566107561,/novatel/oem7/odom,/novatel/oem7/fix,/novatel/oem7/odom,39.663,-75.756,-1.799430683,0.003180107,0.001855370,0.002681503,0.001709568,0.001855370,,,
1786043727575918170,1786043727.574831482,/novatel/oem7/odom,/novatel/oem7/fix,/novatel/oem7/odom,39.663,-75.756,-1.799430683,0.003180107,0.001855370,0.002681503,0.001709568,0.001855370,,,
1786043727586226916,1786043727.585189437,/novatel/oem7/inspva,/novatel/oem7/inspva,/novatel/oem7/inspva,39.663,-75.756,-1.799444115,0.002137002,0.001566163,0.001624280,0.001388701,0.001566163,,novatel_oem7_msgs.msg.InertialSolutionStatus(status=3),
1786043727588413061,1786043727.585304682,/novatel/oem7/fix,/novatel/oem7/fix,/novatel/oem7/inspva,39.663,-75.756,-1.799444115,0.002137002,0.001566163,0.001624280,0.001388701,0.001566163,,0,
1786043727590243116,1786043727.586051621,/novatel/oem7/odom,/novatel/oem7/fix,/novatel/oem7/odom,39.663,-75.756,-1.799444115,0.003180136,0.001855319,0.002681495,0.001709635,0.001855319,,,
1786043727595400484,1786043727.594455848,/novatel/oem7/odom,/novatel/oem7/fix,/novatel/oem7/odom,39.663,-75.756,-1.799444115,0.002129089,0.001576903,0.001460855,0.001548845,0.001576903,,,
1786043727607344340,1786043727.606378200,/novatel/oem7/inspva,/novatel/oem7/inspva,/novatel/oem7/inspva,39.663,-75.756,-1.799445870,0.002828159,0.000496694,0.000586246,0.002766731,0.000496694,,novatel_oem7_msgs.msg.InertialSolutionStatus(status=3),
1786043727609090464,1786043727.606629529,/novatel/oem7/fix,/novatel/oem7/fix,/novatel/oem7/inspva,39.663,-75.756,-1.799445870,0.002828159,0.000496694,0.000586246,0.002766731,0.000496694,,0,
1786043727610319736,1786043727.607299499,/novatel/oem7/odom,/novatel/oem7/fix,/novatel/oem7/odom,39.663,-75.756,-1.799445870,0.002825811,0.000509882,0.002790278,0.000446721,0.000509882,,,
1786043727611900745,1786043727.610105731,/novatel/oem7/bestpos,/novatel/oem7/bestpos,/novatel/oem7/odom,39.663,-75.756,33.182649356,0.002825811,0.000509882,0.002790278,0.000446721,0.000509882,,novatel_oem7_msgs.msg.SolutionStatus(status=0),novatel_oem7_msgs.msg.PositionOrVelocityType(type=53)
1786043727612859162,1786043727.610520105,/novatel/oem7/bestvel,/novatel/oem7/bestpos,/novatel/oem7/bestvel,39.663,-75.756,33.182649356,0.001665928,0.001848709,,,,112.885597145,novatel_oem7_msgs.msg.SolutionStatus(status=0),novatel_oem7_msgs.msg.PositionOrVelocityType(type=53)
1786043727616192555,1786043727.615417880,/novatel/oem7/odom,/novatel/oem7/bestpos,/novatel/oem7/odom,39.663,-75.756,33.182649356,0.002825811,0.000509882,0.002790278,0.000446721,0.000509882,,,
1786043727625660432,1786043727.625006183,/novatel/oem7/inspva,/novatel/oem7/inspva,/novatel/oem7/inspva,39.663,-75.756,-1.799453770,0.002956502,0.001280731,0.000028759,0.002956362,0.001280731,,novatel_oem7_msgs.msg.InertialSolutionStatus(status=3),
1786043727627108087,1786043727.625170337,/novatel/oem7/fix,/novatel/oem7/fix,/novatel/oem7/inspva,39.663,-75.756,-1.799453770,0.002956502,0.001280731,0.000028759,0.002956362,0.001280731,,0,
1786043727628165217,1786043727.625587821,/novatel/oem7/odom,/novatel/oem7/fix,/novatel/oem7/odom,39.663,-75.756,-1.799453770,0.002951126,0.001293069,0.002948614,-0.000121725,0.001293069,,,
1786043727635544661,1786043727.634603765,/novatel/oem7/odom,/novatel/oem7/fix,/novatel/oem7/odom,39.663,-75.756,-1.799453770,0.002951126,0.001293069,0.002948614,-0.000121725,0.001293069,,,
1786043727646892378,1786043727.645602548,/novatel/oem7/inspva,/novatel/oem7/inspva,/novatel/oem7/inspva,39.663,-75.756,-1.799446505,0.003941133,0.002708667,0.000932928,0.003829122,0.002708667,,novatel_oem7_msgs.msg.InertialSolutionStatus(status=3),
1786043727649413723,1786043727.645760302,/novatel/oem7/fix,/novatel/oem7/fix,/novatel/oem7/inspva,39.663,-75.756,-1.799446505,0.003941133,0.002708667,0.000932928,0.003829122,0.002708667,,0,
1786043727651220691,1786043727.646693139,/novatel/oem7/odom,/novatel/oem7/fix,/novatel/oem7/odom,39.663,-75.756,-1.799446505,0.003928187,0.002727407,0.003859038,0.000733812,0.002727407,,,
1786043727658175056,1786043727.656817745,/novatel/oem7/odom,/novatel/oem7/fix,/novatel/oem7/odom,39.663,-75.756,-1.799446505,0.003928187,0.002727407,0.003859038,0.000733812,0.002727407,,,
1786043727665762846,1786043727.665041934,/novatel/oem7/inspva,/novatel/oem7/inspva,/novatel/oem7/inspva,39.663,-75.756,-1.799455417,0.002397301,0.002886954,0.001535588,0.001840930,0.002886954,,novatel_oem7_msgs.msg.InertialSolutionStatus(status=3),
1786043727667360502,1786043727.665123103,/novatel/oem7/fix,/novatel/oem7/fix,/novatel/oem7/inspva,39.663,-75.756,-1.799455417,0.002397301,0.002886954,0.001535588,0.001840930,0.002886954,,0,
1786043727668313249,1786043727.665685901,/novatel/oem7/odom,/novatel/oem7/fix,/novatel/oem7/odom,39.663,-75.756,-1.799455417,0.002382322,0.002899327,0.001902365,0.001434037,0.002899327,,,
1786043727679799645,1786043727.675006898,/novatel/oem7/odom,/novatel/oem7/fix,/novatel/oem7/odom,39.663,-75.756,-1.799455417,0.002382322,0.002899327,0.001902365,0.001434037,0.002899327,,,
1786043727688713499,1786043727.685367660,/novatel/oem7/inspva,/novatel/oem7/inspva,/novatel/oem7/inspva,39.663,-75.756,-1.799467135,0.002069978,0.000039207,0.001492223,0.001434601,0.000039207,,novatel_oem7_msgs.msg.InertialSolutionStatus(status=3),
1786043727693791990,1786043727.685512825,/novatel/oem7/fix,/novatel/oem7/fix,/novatel/oem7/inspva,39.663,-75.756,-1.799467135,0.002069978,0.000039207,0.001492223,0.001434601,0.000039207,,0,
1786043727694931643,1786043727.686194959,/novatel/oem7/odom,/novatel/oem7/fix,/novatel/oem7/odom,39.663,-75.756,-1.799467135,0.002069754,0.000049623,0.001506736,0.001419024,0.000049623,,,
1786043727695957253,1786043727.695063468,/novatel/oem7/odom,/novatel/oem7/fix,/novatel/oem7/odom,39.663,-75.756,-1.799467135,0.002069754,0.000049623,0.001506736,0.001419024,0.000049623,,,
1786043727706385275,1786043727.705854519,/novatel/oem7/inspva,/novatel/oem7/inspva,/novatel/oem7/inspva,39.663,-75.756,-1.799462744,0.002539158,0.000814812,0.000707809,0.002438510,0.000814812,,novatel_oem7_msgs.msg.InertialSolutionStatus(status=3),
1786043727707345666,1786043727.705974326,/novatel/oem7/fix,/novatel/oem7/fix,/novatel/oem7/inspva,39.663,-75.756,-1.799462744,0.002539158,0.000814812,0.000707809,0.002438510,0.000814812,,0,
1786043727707999603,1786043727.706475165,/novatel/oem7/odom,/novatel/oem7/fix,/novatel/oem7/odom,39.663,-75.756,-1.799462744,0.002535216,0.000826996,0.002467148,0.000583524,0.000826996,,,
1786043727709915157,1786043727.709345073,/novatel/oem7/bestpos,/novatel/oem7/bestpos,/novatel/oem7/odom,39.663,-75.756,33.182628389,0.002535216,0.000826996,0.002467148,0.000583524,0.000826996,,novatel_oem7_msgs.msg.SolutionStatus(status=0),novatel_oem7_msgs.msg.PositionOrVelocityType(type=53)
1786043727711024923,1786043727.710138214,/novatel/oem7/bestvel,/novatel/oem7/bestpos,/novatel/oem7/bestvel,39.663,-75.756,33.182628389,0.001523492,0.001480369,,,,73.690467644,novatel_oem7_msgs.msg.SolutionStatus(status=0),novatel_oem7_msgs.msg.PositionOrVelocityType(type=53)
1786043727714932852,1786043727.714330136,/novatel/oem7/odom,/novatel/oem7/bestpos,/novatel/oem7/odom,39.663,-75.756,33.182628389,0.002535216,0.000826996,0.002467148,0.000583524,0.000826996,,,
1786043727725517213,1786043727.725132684,/novatel/oem7/inspva,/novatel/oem7/inspva,/novatel/oem7/inspva,39.663,-75.756,-1.799435736,0.003054069,0.003501218,0.000566882,0.003000997,0.003501218,,novatel_oem7_msgs.msg.InertialSolutionStatus(status=3),
1786043727726529883,1786043727.725201300,/novatel/oem7/fix,/novatel/oem7/fix,/novatel/oem7/inspva,39.663,-75.756,-1.799435736,0.003054069,0.003501218,0.000566882,0.003000997,0.003501218,,0,
1786043727727303815,1786043727.725686056,/novatel/oem7/odom,/novatel/oem7/fix,/novatel/oem7/odom,39.663,-75.756,-1.799435736,0.003037696,0.003515432,0.003010293,0.000407101,0.003515432,,,
1786043727736155631,1786043727.735434720,/novatel/oem7/odom,/novatel/oem7/fix,/novatel/oem7/odom,39.663,-75.756,-1.799435736,0.003037696,0.003515432,0.003010293,0.000407101,0.003515432,,,
1786043727745780649,1786043727.744949948,/novatel/oem7/inspva,/novatel/oem7/inspva,/novatel/oem7/inspva,39.663,-75.756,-1.799445307,0.002894343,0.002748394,0.001752447,0.002303508,0.002748394,,novatel_oem7_msgs.msg.InertialSolutionStatus(status=3),
1786043727747525937,1786043727.745365192,/novatel/oem7/fix,/novatel/oem7/fix,/novatel/oem7/inspva,39.663,-75.756,-1.799445307,0.002894343,0.002748394,0.001752447,0.002303508,0.002748394,,0,
1786043727748886268,1786043727.746012566,/novatel/oem7/odom,/novatel/oem7/fix,/novatel/oem7/odom,39.663,-75.756,-1.799445307,0.002880105,0.002763310,0.002375820,0.001628031,0.002763310,,,
1786043727756560812,1786043727.755800043,/novatel/oem7/odom,/novatel/oem7/fix,/novatel/oem7/odom,39.663,-75.756,-1.799445307,0.002880105,0.002763310,0.002375820,0.001628031,0.002763310,,,
1786043727767134042,1786043727.766575810,/novatel/oem7/inspva,/novatel/oem7/inspva,/novatel/oem7/inspva,39.663,-75.756,-1.799451858,0.002478705,0.000872537,0.002201405,0.001139209,0.000872537,,novatel_oem7_msgs.msg.InertialSolutionStatus(status=3),
1786043727768388660,1786043727.766797256,/novatel/oem7/fix,/novatel/oem7/fix,/novatel/oem7/inspva,39.663,-75.756,-1.799451858,0.002478705,0.000872537,0.002201405,0.001139209,0.000872537,,0,
1786043727769417615,1786043727.767451225,/novatel/oem7/odom,/novatel/oem7/fix,/novatel/oem7/odom,39.663,-75.756,-1.799451858,0.002474657,0.000883954,0.001243368,0.002139617,0.000883954,,,
1786043727775143770,1786043727.774657558,/novatel/oem7/odom,/novatel/oem7/fix,/novatel/oem7/odom,39.663,-75.756,-1.799451858,0.002474657,0.000883954,0.001243368,0.002139617,0.000883954,,,
1786043727785449790,1786043727.785000150,/novatel/oem7/inspva,/novatel/oem7/inspva,/novatel/oem7/inspva,39.663,-75.756,-1.799450898,0.002619146,0.000261316,0.001695084,0.001996651,0.000261316,,novatel_oem7_msgs.msg.InertialSolutionStatus(status=3),
1786043727786453592,1786043727.785207856,/novatel/oem7/fix,/novatel/oem7/fix,/novatel/oem7/inspva,39.663,-75.756,-1.799450898,0.002619146,0.000261316,0.001695084,0.001996651,0.000261316,,0,
1786043727787231397,1786043727.785493335,/novatel/oem7/odom,/novatel/oem7/fix,/novatel/oem7/odom,39.663,-75.756,-1.799450898,0.002617772,0.000274735,0.002077221,0.001593074,0.000274735,,,
1786043727795105448,1786043727.794623600,/novatel/oem7/odom,/novatel/oem7/fix,/novatel/oem7/odom,39.663,-75.756,-1.799450898,0.002617772,0.000274735,0.002077221,0.001593074,0.000274735,,,
1786043727807485107,1786043727.806485304,/novatel/oem7/inspva,/novatel/oem7/inspva,/novatel/oem7/inspva,39.663,-75.756,-1.799422176,0.002697394,0.003058091,0.000215071,0.002688806,0.003058091,,novatel_oem7_msgs.msg.InertialSolutionStatus(status=3),
1786043727809366456,1786043727.806972023,/novatel/oem7/fix,/novatel/oem7/fix,/novatel/oem7/inspva,39.663,-75.756,-1.799422176,0.002697394,0.003058091,0.000215071,0.002688806,0.003058091,,0,
1786043727810722612,1786043727.807623193,/novatel/oem7/odom,/novatel/oem7/fix,/novatel/oem7/odom,39.663,-75.756,-1.799422176,0.002683967,0.003069883,0.002682988,0.000072490,0.003069883,,,
1786043727812248087,1786043727.810194921,/novatel/oem7/bestpos,/novatel/oem7/bestpos,/novatel/oem7/odom,39.663,-75.756,33.182635621,0.002683967,0.003069883,0.002682988,0.000072490,0.003069883,,novatel_oem7_msgs.msg.SolutionStatus(status=0),novatel_oem7_msgs.msg.PositionOrVelocityType(type=53)
1786043727813296907,1786043727.810594215,/novatel/oem7/bestvel,/novatel/oem7/bestpos,/novatel/oem7/bestvel,39.663,-75.756,33.182635621,0.003072318,0.002587281,,,,75.437567663,novatel_oem7_msgs.msg.SolutionStatus(status=0),novatel_oem7_msgs.msg.PositionOrVelocityType(type=53)
1786043727815814290,1786043727.815126497,/novatel/oem7/odom,/novatel/oem7/bestpos,/novatel/oem7/odom,39.663,-75.756,33.182635621,0.002683967,0.003069883,0.002682988,0.000072490,0.003069883,,,
1786043727826000826,1786043727.825284342,/novatel/oem7/inspva,/novatel/oem7/inspva,/novatel/oem7/inspva,39.663,-75.756,-1.799438893,0.002708279,0.002091528,0.001113304,0.002468872,0.002091528,,novatel_oem7_msgs.msg.InertialSolutionStatus(status=3),
1786043727827357133,1786043727.825514781,/novatel/oem7/fix,/novatel/oem7/fix,/novatel/oem7/inspva,39.663,-75.756,-1.799438893,0.002708279,0.002091528,0.001113304,0.002468872,0.002091528,,0,
1786043727828351976,1786043727.825895372,/novatel/oem7/odom,/novatel/oem7/fix,/novatel/oem7/odom,39.663,-75.756,-1.799438893,0.002697690,0.002105169,0.002512099,0.000983304,0.002105169,,,
1786043727835280338,1786043727.834400323,/novatel/oem7/odom,/novatel/oem7/fix,/novatel/oem7/odom,39.663,-75.756,-1.799438893,0.002697690,0.002105169,0.002512099,0.000983304,0.002105169,,,
1786043727846644505,1786043727.845376696,/novatel/oem7/inspva,/novatel/oem7/inspva,/novatel/oem7/inspva,39.663,-75.756,-1.799440996,0.002192126,0.001180945,0.001941744,0.001017373,0.001180945,,novatel_oem7_msgs.msg.InertialSolutionStatus(status=3),
1786043727848877467,1786043727.845769846,/novatel/oem7/fix,/novatel/oem7/fix,/novatel/oem7/inspva,39.663,-75.756,-1.799440996,0.002192126,0.001180945,0.001941744,0.001017373,0.001180945,,0,
1786043727850417656,1786043727.846505937,/novatel/oem7/odom,/novatel/oem7/fix,/novatel/oem7/odom,39.663,-75.756,-1.799440996,0.002186638,0.001191077,0.001107512,0.001885418,0.001191077,,,
1786043727857551777,1786043727.856516983,/novatel/oem7/odom,/novatel/oem7/fix,/novatel/oem7/odom,39.663,-75.756,-1.799440996,0.002186638,0.001191077,0.001107512,0.001885418,0.001191077,,,
1786043727865666181,1786043727.864971441,/novatel/oem7/inspva,/novatel/oem7/inspva,/novatel/oem7/inspva,39.663,-75.756,-1.799440095,0.002661353,0.001004054,0.002153708,0.001563438,0.001004054,,novatel_oem7_msgs.msg.InertialSolutionStatus(status=3),
1786043727867083365,1786043727.865150629,/novatel/oem7/fix,/novatel/oem7/fix,/novatel/oem7/inspva,39.663,-75.756,-1.799440095,0.002661353,0.001004054,0.002153708,0.001563438,0.001004054,,0,
1786043727868162989,1786043727.865601544,/novatel/oem7/odom,/novatel/oem7/fix,/novatel/oem7/odom,39.663,-75.756,-1.799440095,0.002656404,0.001017075,0.001664168,0.002070513,0.001017075,,,
1786043727875691161,1786043727.874551040,/novatel/oem7/odom,/novatel/oem7/fix,/novatel/oem7/odom,39.663,-75.756,-1.799440095,0.002656404,0.001017075,0.001664168,0.002070513,0.001017075,,,
1786043727887412491,1786043727.886477462,/novatel/oem7/inspva,/novatel/oem7/inspva,/novatel/oem7/inspva,39.663,-75.756,-1.799416735,0.002290895,0.002223615,-0.000127016,0.002287371,0.002223615,,novatel_oem7_msgs.msg.InertialSolutionStatus(status=3),
1786043727889238419,1786043727.886824855,/novatel/oem7/fix,/novatel/oem7/fix,/novatel/oem7/inspva,39.663,-75.756,-1.799416735,0.002290895,0.002223615,-0.000127016,0.002287371,0.002223615,,0,
1786043727890657463,1786043727.887195939,/novatel/oem7/odom,/novatel/oem7/fix,/novatel/oem7/odom,39.663,-75.756,-1.799416735,0.002282148,0.002232591,0.002268757,-0.000246862,0.002232591,,,
1786043727895772644,1786043727.895026341,/novatel/oem7/odom,/novatel/oem7/fix,/novatel/oem7/odom,39.663,-75.756,-1.799416735,0.002282148,0.002232591,0.002268757,-0.000246862,0.002232591,,,
1786043727906620339,1786043727.905759251,/novatel/oem7/inspva,/novatel/oem7/inspva,/novatel/oem7/inspva,39.663,-75.756,-1.799417135,0.003277038,0.002528208,0.000983192,0.003126069,0.002528208,,novatel_oem7_msgs.msg.InertialSolutionStatus(status=3),
1786043727908111281,1786043727.905968573,/novatel/oem7/fix,/novatel/oem7/fix,/novatel/oem7/inspva,39.663,-75.756,-1.799417135,0.003277038,0.002528208,0.000983192,0.003126069,0.002528208,,0,
1786043727909152075,1786043727.906469108,/novatel/oem7/odom,/novatel/oem7/fix,/novatel/oem7/odom,39.663,-75.756,-1.799417135,0.003264760,0.002544043,0.003160264,0.000819383,0.002544043,,,
1786043727910798278,1786043727.909250079,/novatel/oem7/bestpos,/novatel/oem7/bestpos,/novatel/oem7/odom,39.663,-75.756,33.182654900,0.003264760,0.002544043,0.003160264,0.000819383,0.002544043,,novatel_oem7_msgs.msg.SolutionStatus(status=0),novatel_oem7_msgs.msg.PositionOrVelocityType(type=53)
1786043727911695523,1786043727.909916763,/novatel/oem7/bestvel,/novatel/oem7/bestpos,/novatel/oem7/bestvel,39.663,-75.756,33.182654900,0.003407456,0.002085330,,,,48.972493013,novatel_oem7_msgs.msg.SolutionStatus(status=0),novatel_oem7_msgs.msg.PositionOrVelocityType(type=53)
1786043727916089841,1786043727.915377847,/novatel/oem7/odom,/novatel/oem7/bestpos,/novatel/oem7/odom,39.663,-75.756,33.182654900,0.003264760,0.002544043,0.003160264,0.000819383,0.002544043,,,
1786043727925807951,1786043727.925327177,/novatel/oem7/inspva,/novatel/oem7/inspva,/novatel/oem7/inspva,39.663,-75.756,-1.799410907,0.002398703,0.001587187,0.001852177,0.001524210,0.001587187,,novatel_oem7_msgs.msg.InertialSolutionStatus(status=3),
1786043727927070620,1786043727.925389940,/novatel/oem7/fix,/novatel/oem7/fix,/novatel/oem7/inspva,39.663,-75.756,-1.799410907,0.002398703,0.001587187,0.001852177,0.001524210,0.001587187,,0,
1786043727928062393,1786043727.926159707,/novatel/oem7/odom,/novatel/oem7/fix,/novatel/oem7/odom,39.663,-75.756,-1.799410907,0.002390754,0.001599136,0.001607552,0.001769599,0.001599136,,,
1786043727935836931,1786043727.934914971,/novatel/oem7/odom,/novatel/oem7/fix,/novatel/oem7/odom,39.663,-75.756,-1.799410907,0.002390754,0.001599136,0.001607552,0.001769599,0.001599136,,,
1786043727946739909,1786043727.946173630,/novatel/oem7/inspva,/novatel/oem7/inspva,/novatel/oem7/inspva,39.663,-75.756,-1.799396263,0.003130400,0.001737070,0.002698568,0.001586547,0.001737070,,novatel_oem7_msgs.msg.InertialSolutionStatus(status=3),
1786043727948047769,1786043727.946289148,/novatel/oem7/fix,/novatel/oem7/fix,/novatel/oem7/inspva,39.663,-75.756,-1.799396263,0.003130400,0.001737070,0.002698568,0.001586547,0.001737070,,0,
1786043727949042075,1786043727.946750462,/novatel/oem7/odom,/novatel/oem7/fix,/novatel/oem7/odom,39.663,-75.756,-1.799396263,0.003122172,0.001751816,0.001711215,0.002611456,0.001751816,,,
1786043727956516220,1786043727.955880200,/novatel/oem7/odom,/novatel/oem7/fix,/novatel/oem7/odom,39.663,-75.756,-1.799396263,0.003122172,0.001751816,0.001711215,0.002611456,0.001751816,,,
1786043727965799926,1786043727.965280130,/novatel/oem7/inspva,/novatel/oem7/inspva,/novatel/oem7/inspva,39.663,-75.756,-1.799376224,0.002900633,0.001317604,0.000258864,0.002889058,0.001317604,,novatel_oem7_msgs.msg.InertialSolutionStatus(status=3),
1786043727967341055,1786043727.965443414,/novatel/oem7/fix,/novatel/oem7/fix,/novatel/oem7/inspva,39.663,-75.756,-1.799376224,0.002900633,0.001317604,0.000258864,0.002889058,0.001317604,,0,
1786043727968801359,1786043727.966152260,/novatel/oem7/odom,/novatel/oem7/fix,/novatel/oem7/odom,39.663,-75.756,-1.799376224,0.002894878,0.001330199,0.002892740,0.000111258,0.001330199,,,
1786043727976322717,1786043727.975662304,/novatel/oem7/odom,/novatel/oem7/fix,/novatel/oem7/odom,39.663,-75.756,-1.799376224,0.002894878,0.001330199,0.002892740,0.000111258,0.001330199,,,
1786043727985592100,1786043727.985087886,/novatel/oem7/inspva,/novatel/oem7/inspva,/novatel/oem7/inspva,39.663,-75.756,-1.799361796,0.002986781,0.001788379,0.000742977,0.002892896,0.001788379,,novatel_oem7_msgs.msg.InertialSolutionStatus(status=3),
1786043727986865386,1786043727.985160870,/novatel/oem7/fix,/novatel/oem7/fix,/novatel/oem7/inspva,39.663,-75.756,-1.799361796,0.002986781,0.001788379,0.000742977,0.002892896,0.001788379,,0,
1786043727987858792,1786043727.985643730,/novatel/oem7/odom,/novatel/oem7/fix,/novatel/oem7/odom,39.663,-75.756,-1.799361796,0.002978256,0.001802541,0.002918579,0.000593217,0.001802541,,,
1786043727995280296,1786043727.994375521,/novatel/oem7/odom,/novatel/oem7/fix,/novatel/oem7/odom,39.663,-75.756,-1.799361796,0.002978256,0.001802541,0.002918579,0.000593217,0.001802541,,,
1786043728008961276,1786043728.008306883,/novatel/oem7/inspva,/novatel/oem7/inspva,/novatel/oem7/inspva,39.663,-75.756,-1.799340737,0.003464913,0.002758844,0.002561153,0.002333691,0.002758844,,novatel_oem7_msgs.msg.InertialSolutionStatus(status=3),
1786043728010357513,1786043728.008508745,/novatel/oem7/fix,/novatel/oem7/fix,/novatel/oem7/inspva,39.663,-75.756,-1.799340737,0.003464913,0.002758844,0.002561153,0.002333691,0.002758844,,0,
1786043728012244992,1786043728.011252599,/novatel/oem7/odom,/novatel/oem7/fix,/novatel/oem7/odom,39.663,-75.756,-1.799340737,0.003450934,0.002776310,0.002446205,0.002434137,0.002776310,,,
1786043728015519052,1786043728.014844145,/novatel/oem7/odom,/novatel/oem7/fix,/novatel/oem7/odom,39.663,-75.756,-1.799340737,0.003450934,0.002776310,0.002446205,0.002434137,0.002776310,,,
1786043728027753740,1786043728.026934607,/novatel/oem7/bestpos,/novatel/oem7/bestpos,/novatel/oem7/odom,39.663,-75.756,33.182729868,0.003450934,0.002776310,0.002446205,0.002434137,0.002776310,,novatel_oem7_msgs.msg.SolutionStatus(status=0),novatel_oem7_msgs.msg.PositionOrVelocityType(type=53)
1786043728029378693,1786043728.027335349,/novatel/oem7/bestvel,/novatel/oem7/bestpos,/novatel/oem7/bestvel,39.663,-75.756,33.182729868,0.003920899,0.002407683,,,,44.189585206,novatel_oem7_msgs.msg.SolutionStatus(status=0),novatel_oem7_msgs.msg.PositionOrVelocityType(type=53)
1786043728030473924,1786043728.027805319,/novatel/oem7/inspva,/novatel/oem7/inspva,/novatel/oem7/inspva,39.663,-75.756,-1.799336616,0.003261028,0.001808438,0.002648560,0.001902481,0.001808438,,novatel_oem7_msgs.msg.InertialSolutionStatus(status=3),
1786043728031280665,1786043728.027899959,/novatel/oem7/fix,/novatel/oem7/fix,/novatel/oem7/inspva,39.663,-75.756,-1.799336616,0.003261028,0.001808438,0.002648560,0.001902481,0.001808438,,0,
1786043728033381210,1786043728.029395186,/novatel/oem7/odom,/novatel/oem7/fix,/novatel/oem7/odom,39.663,-75.756,-1.799336616,0.003252160,0.001824337,0.002023943,0.002545624,0.001824337,,,
1786043728036415906,1786043728.035495707,/novatel/oem7/odom,/novatel/oem7/fix,/novatel/oem7/odom,39.663,-75.756,-1.799336616,0.003252160,0.001824337,0.002023943,0.002545624,0.001824337,,,
1786043728046115760,1786043728.045521701,/novatel/oem7/inspva,/novatel/oem7/inspva,/novatel/oem7/inspva,39.663,-75.756,-1.799370117,0.002148694,0.000217845,0.000876262,0.001961899,0.000217845,,novatel_oem7_msgs.msg.InertialSolutionStatus(status=3),
1786043728047962345,1786043728.045623832,/novatel/oem7/fix,/novatel/oem7/fix,/novatel/oem7/inspva,39.663,-75.756,-1.799370117,0.002148694,0.000217845,0.000876262,0.001961899,0.000217845,,0,
1786043728049322245,1786043728.046279888,/novatel/oem7/odom,/novatel/oem7/fix,/novatel/oem7/odom,39.663,-75.756,-1.799370117,0.002147586,0.000228507,0.002002057,0.000777106,0.000228507,,,
1786043728057225434,1786043728.056315335,/novatel/oem7/odom,/novatel/oem7/fix,/novatel/oem7/odom,39.663,-75.756,-1.799370117,0.002147586,0.000228507,0.002002057,0.000777106,0.000228507,,,
1786043728066785053,1786043728.066110442,/novatel/oem7/inspva,/novatel/oem7/inspva,/novatel/oem7/inspva,39.663,-75.756,-1.799388351,0.003064036,0.000782725,0.000456911,0.003029777,0.000782725,,novatel_oem7_msgs.msg.InertialSolutionStatus(status=3),
1786043728068308678,1786043728.066227601,/novatel/oem7/fix,/novatel/oem7/fix,/novatel/oem7/inspva,39.663,-75.756,-1.799388351,0.003064036,0.000782725,0.000456911,0.003029777,0.000782725,,0,
1786043728069463283,1786043728.066791553,/novatel/oem7/odom,/novatel/oem7/fix,/novatel/oem7/odom,39.663,-75.756,-1.799388351,0.003060488,0.000796486,0.003045394,0.000303581,0.000796486,,,
1786043728075581167,1786043728.074910174,/novatel/oem7/odom,/novatel/oem7/fix,/novatel/oem7/odom,39.663,-75.756,-1.799388351,0.003060488,0.000796486,0.003045394,0.000303581,0.000796486,,,
1786043728085840559,1786043728.085361012,/novatel/oem7/inspva,/novatel/oem7/inspva,/novatel/oem7/inspva,39.663,-75.756,-1.799395503,0.002748065,0.003025188,0.001905345,0.001980283,0.003025188,,novatel_oem7_msgs.msg.InertialSolutionStatus(status=3),
1786043728087139722,1786043728.085442010,/novatel/oem7/fix,/novatel/oem7/fix,/novatel/oem7/inspva,39.663,-75.756,-1.799395503,0.002748065,0.003025188,0.001905345,0.001980283,0.003025188,,0,
1786043728088189112,1786043728.086157852,/novatel/oem7/odom,/novatel/oem7/fix,/novatel/oem7/odom,39.663,-75.756,-1.799395503,0.002732558,0.003039202,0.002059479,0.001795945,0.003039202,,,
1786043728096311530,1786043728.095675621,/novatel/oem7/odom,/novatel/oem7/fix,/novatel/oem7/odom,39.663,-75.756,-1.799395503,0.002732558,0.003039202,0.002059479,0.001795945,0.003039202,,,
1786043728106502142,1786043728.105895421,/novatel/oem7/inspva,/novatel/oem7/inspva,/novatel/oem7/inspva,39.663,-75.756,-1.799427706,0.002831506,0.002578536,0.002378826,0.001535779,0.002578536,,novatel_oem7_msgs.msg.InertialSolutionStatus(status=3),
1786043728107954239,1786043728.105994394,/novatel/oem7/fix,/novatel/oem7/fix,/novatel/oem7/inspva,39.663,-75.756,-1.799427706,0.002831506,0.002578536,0.002378826,0.001535779,0.002578536,,0,
1786043728109012380,1786043728.106434414,/novatel/oem7/odom,/novatel/oem7/fix,/novatel/oem7/odom,39.663,-75.756,-1.799427706,0.002819098,0.002592097,0.001641082,0.002292196,0.002592097,,,
1786043728110456951,1786043728.109356777,/novatel/oem7/bestpos,/novatel/oem7/bestpos,/novatel/oem7/odom,39.663,-75.756,33.182654824,0.002819098,0.002592097,0.001641082,0.002292196,0.002592097,,novatel_oem7_msgs.msg.SolutionStatus(status=0),novatel_oem7_msgs.msg.PositionOrVelocityType(type=53)
1786043728111868468,1786043728.110068187,/novatel/oem7/bestvel,/novatel/oem7/bestpos,/novatel/oem7/bestvel,39.663,-75.756,33.182654824,0.003481814,0.002084201,,,,32.172302394,novatel_oem7_msgs.msg.SolutionStatus(status=0),novatel_oem7_msgs.msg.PositionOrVelocityType(type=53)
1786043728114923813,1786043728.114285509,/novatel/oem7/odom,/novatel/oem7/bestpos,/novatel/oem7/odom,39.663,-75.756,33.182654824,0.002819098,0.002592097,0.001641082,0.002292196,0.002592097,,,
1786043728127132441,1786043728.126626925,/novatel/oem7/inspva,/novatel/oem7/inspva,/novatel/oem7/inspva,39.663,-75.756,-1.799459880,0.002137411,0.000015701,0.001835250,0.001095622,0.000015701,,novatel_oem7_msgs.msg.InertialSolutionStatus(status=3),
1786043728128461078,1786043728.126782581,/novatel/oem7/fix,/novatel/oem7/fix,/novatel/oem7/inspva,39.663,-75.756,-1.799459880,0.002137411,0.000015701,0.001835250,0.001095622,0.000015701,,0,
1786043728129519184,1786043728.127350457,/novatel/oem7/odom,/novatel/oem7/fix,/novatel/oem7/odom,39.663,-75.756,-1.799459880,0.002137314,0.000025781,0.001185366,0.001778488,0.000025781,,,
1786043728135395817,1786043728.134656139,/novatel/oem7/odom,/novatel/oem7/fix,/novatel/oem7/odom,39.663,-75.756,-1.799459880,0.002137314,0.000025781,0.001185366,0.001778488,0.000025781,,,
1786043728145647572,1786043728.145110930,/novatel/oem7/inspva,/novatel/oem7/inspva,/novatel/oem7/inspva,39.663,-75.756,-1.799475640,0.001981642,0.000485814,0.001492712,0.001303348,0.000485814,,novatel_oem7_msgs.msg.InertialSolutionStatus(status=3),
1786043728146982452,1786043728.145236215,/novatel/oem7/fix,/novatel/oem7/fix,/novatel/oem7/inspva,39.663,-75.756,-1.799475640,0.001981642,0.000485814,0.001492712,0.001303348,0.000485814,,0,
1786043728148023209,1786043728.145657199,/novatel/oem7/odom,/novatel/oem7/fix,/novatel/oem7/odom,39.663,-75.756,-1.799475640,0.001979195,0.000495687,0.001373815,0.001424726,0.000495687,,,
1786043728157400782,1786043728.156559658,/novatel/oem7/odom,/novatel/oem7/fix,/novatel/oem7/odom,39.663,-75.756,-1.799475640,0.001979195,0.000495687,0.001373815,0.001424726,0.000495687,,,
1786043728166243847,1786043728.165444391,/novatel/oem7/inspva,/novatel/oem7/inspva,/novatel/oem7/inspva,39.663,-75.756,-1.799478382,0.003202411,0.002858356,0.001481311,0.002839217,0.002858356,,novatel_oem7_msgs.msg.InertialSolutionStatus(status=3),
1786043728168397596,1786043728.165565666,/novatel/oem7/fix,/novatel/oem7/fix,/novatel/oem7/inspva,39.663,-75.756,-1.799478382,0.003202411,0.002858356,0.001481311,0.002839217,0.002858356,,0,
1786043728170038908,1786043728.166405969,/novatel/oem7/odom,/novatel/oem7/fix,/novatel/oem7/odom,39.663,-75.756,-1.799478382,0.003187894,0.002874537,0.002897107,0.001330202,0.002874537,,,
1786043728175751785,1786043728.174729925,/novatel/oem7/odom,/novatel/oem7/fix,/novatel/oem7/odom,39.663,-75.756,-1.799478382,0.003187894,0.002874537,0.002897107,0.001330202,0.002874537,,,
1786043728186887460,1786043728.186165508,/novatel/oem7/inspva,/novatel/oem7/inspva,/novatel/oem7/inspva,39.663,-75.756,-1.799504719,0.002611467,0.003208606,0.001811435,0.001881081,0.003208606,,novatel_oem7_msgs.msg.InertialSolutionStatus(status=3),
1786043728188540220,1786043728.186371155,/novatel/oem7/fix,/novatel/oem7/fix,/novatel/oem7/inspva,39.663,-75.756,-1.799504719,0.002611467,0.003208606,0.001811435,0.001881081,0.003208606,,0,
1786043728190067928,1786043728.186903666,/novatel/oem7/odom,/novatel/oem7/fix,/novatel/oem7/odom,39.663,-75.756,-1.799504719,0.002595085,0.003221871,0.001955087,0.001706488,0.003221871,,,
1786043728195171943,1786043728.194495722,/novatel/oem7/odom,/novatel/oem7/fix,/novatel/oem7/odom,39.663,-75.756,-1.799504719,0.002595085,0.003221871,0.001955087,0.001706488,0.003221871,,,
1786043728207269006,1786043728.206356997,/novatel/oem7/inspva,/novatel/oem7/inspva,/novatel/oem7/inspva,39.663,-75.756,-1.799539241,0.002620313,0.000114926,0.002613993,0.000181876,0.000114926,,novatel_oem7_msgs.msg.InertialSolutionStatus(status=3),
1786043728209460628,1786043728.206527076,/novatel/oem7/fix,/novatel/oem7/fix,/novatel/oem7/inspva,39.663,-75.756,-1.799539241,0.002620313,0.000114926,0.002613993,0.000181876,0.000114926,,0,
1786043728210562592,1786043728.207117695,/novatel/oem7/odom,/novatel/oem7/fix,/novatel/oem7/odom,39.663,-75.756,-1.799539241,0.002619917,0.000123620,0.000311069,0.002601384,0.000123620,,,
1786043728212009134,1786043728.210147776,/novatel/oem7/bestpos,/novatel/oem7/bestpos,/novatel/oem7/odom,39.663,-75.756,33.182555858,0.002619917,0.000123620,0.000311069,0.002601384,0.000123620,,novatel_oem7_msgs.msg.SolutionStatus(status=0),novatel_oem7_msgs.msg.PositionOrVelocityType(type=53)
1786043728212935086,1786043728.210519500,/novatel/oem7/bestvel,/novatel/oem7/bestpos,/novatel/oem7/bestvel,39.663,-75.756,33.182555858,0.001810203,0.000551393,,,,8.382208074,novatel_oem7_msgs.msg.SolutionStatus(status=0),novatel_oem7_msgs.msg.PositionOrVelocityType(type=53)
1786043728216294386,1786043728.215661833,/novatel/oem7/odom,/novatel/oem7/bestpos,/novatel/oem7/odom,39.663,-75.756,33.182555858,0.002619917,0.000123620,0.000311069,0.002601384,0.000123620,,,
1786043728225597646,1786043728.225109685,/novatel/oem7/inspva,/novatel/oem7/inspva,/novatel/oem7/inspva,39.663,-75.756,-1.799554199,0.002669558,0.000113973,0.002320356,0.001320033,0.000113973,,novatel_oem7_msgs.msg.InertialSolutionStatus(status=3),
1786043728226918172,1786043728.225188488,/novatel/oem7/fix,/novatel/oem7/fix,/novatel/oem7/inspva,39.663,-75.756,-1.799554199,0.002669558,0.000113973,0.002320356,0.001320033,0.000113973,,0,
1786043728227978510,1786043728.225628899,/novatel/oem7/odom,/novatel/oem7/fix,/novatel/oem7/odom,39.663,-75.756,-1.799554199,0.002668998,0.000126407,0.001433233,0.002251531,0.000126407,,,
1786043728235578099,1786043728.234604452,/novatel/oem7/odom,/novatel/oem7/fix,/novatel/oem7/odom,39.663,-75.756,-1.799554199,0.002668998,0.000126407,0.001433233,0.002251531,0.000126407,,,
1786043728247142494,1786043728.246553396,/novatel/oem7/inspva,/novatel/oem7/inspva,/novatel/oem7/inspva,39.663,-75.756,-1.799552235,0.003104675,0.002865396,0.001325665,0.002807423,0.002865396,,novatel_oem7_msgs.msg.InertialSolutionStatus(status=3),
1786043728248872569,1786043728.246681480,/novatel/oem7/fix,/novatel/oem7/fix,/novatel/oem7/inspva,39.663,-75.756,-1.799552235,0.003104675,0.002865396,0.001325665,0.002807423,0.002865396,,0,
1786043728250189745,1786043728.247230878,/novatel/oem7/odom,/novatel/oem7/fix,/novatel/oem7/odom,39.663,-75.756,-1.799552235,0.003090248,0.002880950,0.002857634,0.001176247,0.002880950,,,
1786043728257019070,1786043728.256324988,/novatel/oem7/odom,/novatel/oem7/fix,/novatel/oem7/odom,39.663,-75.756,-1.799552235,0.003090248,0.002880950,0.002857634,0.001176247,0.002880950,,,
1786043728265327788,1786043728.264885341,/novatel/oem7/inspva,/novatel/oem7/inspva,/novatel/oem7/inspva,39.663,-75.756,-1.799578188,0.003313171,0.002959412,0.001554401,0.002925909,0.002959412,,novatel_oem7_msgs.msg.InertialSolutionStatus(status=3),
1786043728266470862,1786043728.264980483,/novatel/oem7/fix,/novatel/oem7/fix,/novatel/oem7/inspva,39.663,-75.756,-1.799578188,0.003313171,0.002959412,0.001554401,0.002925909,0.002959412,,0,
1786043728267340253,1786043728.265392836,/novatel/oem7/odom,/novatel/oem7/fix,/novatel/oem7/odom,39.663,-75.756,-1.799578188,0.003298181,0.002976110,0.002987010,0.001398487,0.002976110,,,
1786043728276219177,1786043728.275434309,/novatel/oem7/odom,/novatel/oem7/fix,/novatel/oem7/odom,39.663,-75.756,-1.799578188,0.003298181,0.002976110,0.002987010,0.001398487,0.002976110,,,
1786043728285816697,1786043728.285235740,/novatel/oem7/inspva,/novatel/oem7/inspva,/novatel/oem7/inspva,39.663,-75.756,-1.799599954,0.003289826,0.001404744,0.003182587,0.000833122,0.001404744,,novatel_oem7_msgs.msg.InertialSolutionStatus(status=3),
1786043728286909051,1786043728.285447953,/novatel/oem7/fix,/novatel/oem7/fix,/novatel/oem7/inspva,39.663,-75.756,-1.799599954,0.003289826,0.001404744,0.003182587,0.000833122,0.001404744,,0,
1786043728287788907,1786043728.286043465,/novatel/oem7/odom,/novatel/oem7/fix,/novatel/oem7/odom,39.663,-75.756,-1.799599954,0.003284204,0.001417837,0.000984340,0.003133221,0.001417837,,,
1786043728295404493,1786043728.294860326,/novatel/oem7/odom,/novatel/oem7/fix,/novatel/oem7/odom,39.663,-75.756,-1.799599954,0.003284204,0.001417837,0.000984340,0.003133221,0.001417837,,,
1786043728306442156,1786043728.305889390,/novatel/oem7/inspva,/novatel/oem7/inspva,/novatel/oem7/inspva,39.663,-75.756,-1.799617747,0.002744075,0.000485163,0.002477841,0.001179089,0.000485163,,novatel_oem7_msgs.msg.InertialSolutionStatus(status=3),
1786043728307648718,1786043728.305995220,/novatel/oem7/fix,/novatel/oem7/fix,/novatel/oem7/inspva,39.663,-75.756,-1.799617747,0.002744075,0.000485163,0.002477841,0.001179089,0.000485163,,0,
1786043728308532269,1786043728.306563836,/novatel/oem7/odom,/novatel/oem7/fix,/novatel/oem7/odom,39.663,-75.756,-1.799617747,0.002741868,0.000497488,0.001298742,0.002414769,0.000497488,,,
1786043728310328567,1786043728.309831840,/novatel/oem7/bestpos,/novatel/oem7/bestpos,/novatel/oem7/odom,39.663,-75.756,33.182489371,0.002741868,0.000497488,0.001298742,0.002414769,0.000497488,,novatel_oem7_msgs.msg.SolutionStatus(status=0),novatel_oem7_msgs.msg.PositionOrVelocityType(type=53)
1786043728311471663,1786043728.310414674,/novatel/oem7/bestvel,/novatel/oem7/bestpos,/novatel/oem7/bestvel,39.663,-75.756,33.182489371,0.001851202,0.001179733,,,,21.789786173,novatel_oem7_msgs.msg.SolutionStatus(status=0),novatel_oem7_msgs.msg.PositionOrVelocityType(type=53)
1786043728315221903,1786043728.314632643,/novatel/oem7/odom,/novatel/oem7/bestpos,/novatel/oem7/odom,39.663,-75.756,33.182489371,0.002741868,0.000497488,0.001298742,0.002414769,0.000497488,,,
1786043728325696880,1786043728.325248059,/novatel/oem7/inspva,/novatel/oem7/inspva,/novatel/oem7/inspva,39.663,-75.756,-1.799610822,0.003325322,0.002383094,0.000587062,0.003273091,0.002383094,,novatel_oem7_msgs.msg.InertialSolutionStatus(status=3),
1786043728326757051,1786043728.325454181,/novatel/oem7/fix,/novatel/oem7/fix,/novatel/oem7/inspva,39.663,-75.756,-1.799610822,0.003325322,0.002383094,0.000587062,0.003273091,0.002383094,,0,
1786043728327620612,1786043728.326088164,/novatel/oem7/odom,/novatel/oem7/fix,/novatel/oem7/odom,39.663,-75.756,-1.799610822,0.003314438,0.002398210,0.003288130,0.000416775,0.002398210,,,
1786043728336168629,1786043728.335503445,/novatel/oem7/odom,/novatel/oem7/fix,/novatel/oem7/odom,39.663,-75.756,-1.799610822,0.003314438,0.002398210,0.003288130,0.000416775,0.002398210,,,
1786043728345469982,1786043728.344991690,/novatel/oem7/inspva,/novatel/oem7/inspva,/novatel/oem7/inspva,39.663,-75.756,-1.799629120,0.002778192,0.002466594,0.000871463,0.002637974,0.002466594,,novatel_oem7_msgs.msg.InertialSolutionStatus(status=3),
1786043728346584168,1786043728.345084999,/novatel/oem7/fix,/novatel/oem7/fix,/novatel/oem7/inspva,39.663,-75.756,-1.799629120,0.002778192,0.002466594,0.000871463,0.002637974,0.002466594,,0,
1786043728347474910,1786043728.345490111,/novatel/oem7/odom,/novatel/oem7/fix,/novatel/oem7/odom,39.663,-75.756,-1.799629120,0.002766173,0.002480065,0.002667526,0.000732133,0.002480065,,,
1786043728356561673,1786043728.355680559,/novatel/oem7/odom,/novatel/oem7/fix,/novatel/oem7/odom,39.663,-75.756,-1.799629120,0.002766173,0.002480065,0.002667526,0.000732133,0.002480065,,,
1786043728367233139,1786043728.366654474,/novatel/oem7/inspva,/novatel/oem7/inspva,/novatel/oem7/inspva,39.663,-75.756,-1.799631555,0.003518806,0.002838841,0.003070097,0.001719449,0.002838841,,novatel_oem7_msgs.msg.InertialSolutionStatus(status=3),
1786043728368936806,1786043728.366771638,/novatel/oem7/fix,/novatel/oem7/fix,/novatel/oem7/inspva,39.663,-75.756,-1.799631555,0.003518806,0.002838841,0.003070097,0.001719449,0.002838841,,0,
1786043728370245832,1786043728.367635452,/novatel/oem7/odom,/novatel/oem7/fix,/novatel/oem7/odom,39.663,-75.756,-1.799631555,0.003505531,0.002855217,0.001857982,0.002972651,0.002855217,,,
1786043728375839895,1786043728.375131243,/novatel/oem7/odom,/novatel/oem7/fix,/novatel/oem7/odom,39.663,-75.756,-1.799631555,0.003505531,0.002855217,0.001857982,0.002972651,0.002855217,,,
1786043728385773329,1786043728.385142766,/novatel/oem7/inspva,/novatel/oem7/inspva,/novatel/oem7/inspva,39.663,-75.756,-1.799643214,0.003319392,0.001953862,0.002928938,0.001561951,0.001953862,,novatel_oem7_msgs.msg.InertialSolutionStatus(status=3),
1786043728387141086,1786043728.385246405,/novatel/oem7/fix,/novatel/oem7/fix,/novatel/oem7/inspva,39.663,-75.756,-1.799643214,0.003319392,0.001953862,0.002928938,0.001561951,0.001953862,,0,
1786043728388159660,1786043728.385622417,/novatel/oem7/odom,/novatel/oem7/fix,/novatel/oem7/odom,39.663,-75.756,-1.799643214,0.003310286,0.001969252,0.001697347,0.002842007,0.001969252,,,
1786043728396220387,1786043728.395592627,/novatel/oem7/odom,/novatel/oem7/fix,/novatel/oem7/odom,39.663,-75.756,-1.799643214,0.003310286,0.001969252,0.001697347,0.002842007,0.001969252,,,
1786043728407169362,1786043728.406530475,/novatel/oem7/inspva,/novatel/oem7/inspva,/novatel/oem7/inspva,39.663,-75.756,-1.799645891,0.002285663,0.000806968,0.000717166,0.002170237,0.000806968,,novatel_oem7_msgs.msg.InertialSolutionStatus(status=3),
1786043728408656841,1786043728.406639773,/novatel/oem7/fix,/novatel/oem7/fix,/novatel/oem7/inspva,39.663,-75.756,-1.799645891,0.002285663,0.000806968,0.000717166,0.002170237,0.000806968,,0,
1786043728409845376,1786043728.407099581,/novatel/oem7/odom,/novatel/oem7/fix,/novatel/oem7/odom,39.663,-75.756,-1.799645891,0.002281733,0.000818014,0.002199788,0.000606000,0.000818014,,,
1786043728411995050,1786043728.410390961,/novatel/oem7/bestpos,/novatel/oem7/bestpos,/novatel/oem7/odom,39.663,-75.756,33.182447401,0.002281733,0.000818014,0.002199788,0.000606000,0.000818014,,novatel_oem7_msgs.msg.SolutionStatus(status=0),novatel_oem7_msgs.msg.PositionOrVelocityType(type=53)
1786043728412954847,1786043728.410840633,/novatel/oem7/bestvel,/novatel/oem7/bestpos,/novatel/oem7/bestvel,39.663,-75.756,33.182447401,0.001317531,0.001484083,,,,74.615943538,novatel_oem7_msgs.msg.SolutionStatus(status=0),novatel_oem7_msgs.msg.PositionOrVelocityType(type=53)
1786043728415893366,1786043728.415272923,/novatel/oem7/odom,/novatel/oem7/bestpos,/novatel/oem7/odom,39.663,-75.756,33.182447401,0.002281733,0.000818014,0.002199788,0.000606000,0.000818014,,,
1786043728426824898,1786043728.426314707,/novatel/oem7/inspva,/novatel/oem7/inspva,/novatel/oem7/inspva,39.663,-75.756,-1.799659085,0.002873683,0.001558145,0.001041433,0.002678333,0.001558145,,novatel_oem7_msgs.msg.InertialSolutionStatus(status=3),
1786043728428082274,1786043728.426503002,/novatel/oem7/fix,/novatel/oem7/fix,/novatel/oem7/inspva,39.663,-75.756,-1.799659085,0.002873683,0.001558145,0.001041433,0.002678333,0.001558145,,0,
1786043728429063067,1786043728.426961809,/novatel/oem7/odom,/novatel/oem7/fix,/novatel/oem7/odom,39.663,-75.756,-1.799659085,0.002865976,0.001572275,0.002720192,0.000902426,0.001572275,,,
1786043728435224269,1786043728.434516829,/novatel/oem7/odom,/novatel/oem7/fix,/novatel/oem7/odom,39.663,-75.756,-1.799659085,0.002865976,0.001572275,0.002720192,0.000902426,0.001572275,,,
1786043728446833191,1786043728.445358737,/novatel/oem7/inspva,/novatel/oem7/inspva,/novatel/oem7/inspva,39.663,-75.756,-1.799665723,0.003524535,0.002468385,0.002855595,0.002065896,0.002468385,,novatel_oem7_msgs.msg.InertialSolutionStatus(status=3),
1786043728447827528,1786043728.445637729,/novatel/oem7/fix,/novatel/oem7/fix,/novatel/oem7/inspva,39.663,-75.756,-1.799665723,0.003524535,0.002468385,0.002855595,0.002065896,0.002468385,,0,
1786043728450006216,1786043728.446254086,/novatel/oem7/odom,/novatel/oem7/fix,/novatel/oem7/odom,39.663,-75.756,-1.799665723,0.003512411,0.002485606,0.002194851,0.002742200,0.002485606,,,
1786043728457380970,1786043728.456406943,/novatel/oem7/odom,/novatel/oem7/fix,/novatel/oem7/odom,39.663,-75.756,-1.799665723,0.003512411,0.002485606,0.002194851,0.002742200,0.002485606,,,
1786043728465865734,1786043728.465114140,/novatel/oem7/inspva,/novatel/oem7/inspva,/novatel/oem7/inspva,39.663,-75.756,-1.799685789,0.003386847,0.001730436,0.003128319,0.001297824,0.001730436,,novatel_oem7_msgs.msg.InertialSolutionStatus(status=3),
1786043728467715783,1786043728.465346436,/novatel/oem7/fix,/novatel/oem7/fix,/novatel/oem7/inspva,39.663,-75.756,-1.799685789,0.003386847,0.001730436,0.003128319,0.001297824,0.001730436,,0,
1786043728468983055,1786043728.465985735,/novatel/oem7/odom,/novatel/oem7/fix,/novatel/oem7/odom,39.663,-75.756,-1.799685789,0.003379213,0.001745296,0.001444459,0.003054934,0.001745296,,,
1786043728475974138,1786043728.474769410,/novatel/oem7/odom,/novatel/oem7/fix,/novatel/oem7/odom,39.663,-75.756,-1.799685789,0.003379213,0.001745296,0.001444459,0.003054934,0.001745296,,,
1786043728486943707,1786043728.486361302,/novatel/oem7/inspva,/novatel/oem7/inspva,/novatel/oem7/inspva,39.663,-75.756,-1.799708349,0.002660869,-0.000321136,0.002301794,0.001334904,-0.000321136,,novatel_oem7_msgs.msg.InertialSolutionStatus(status=3),
1786043728488241397,1786043728.486561420,/novatel/oem7/fix,/novatel/oem7/fix,/novatel/oem7/inspva,39.663,-75.756,-1.799708349,0.002660869,-0.000321136,0.002301794,0.001334904,-0.000321136,,0,
1786043728489232257,1786043728.487017902,/novatel/oem7/odom,/novatel/oem7/fix,/novatel/oem7/odom,39.663,-75.756,-1.799708349,0.002662346,-0.000308656,0.001449072,0.002233445,-0.000308656,,,
1786043728496002008,1786043728.495363781,/novatel/oem7/odom,/novatel/oem7/fix,/novatel/oem7/odom,39.663,-75.756,-1.799708349,0.002662346,-0.000308656,0.001449072,0.002233445,-0.000308656,,,
1786043728506862143,1786043728.505948711,/novatel/oem7/inspva,/novatel/oem7/inspva,/novatel/oem7/inspva,39.663,-75.756,-1.799718527,0.002582208,0.000559668,0.001749042,0.001899644,0.000559668,,novatel_oem7_msgs.msg.InertialSolutionStatus(status=3),
1786043728508943824,1786043728.506171999,/novatel/oem7/fix,/novatel/oem7/fix,/novatel/oem7/inspva,39.663,-75.756,-1.799718527,0.002582208,0.000559668,0.001749042,0.001899644,0.000559668,,0,
1786043728510104148,1786043728.506558282,/novatel/oem7/odom,/novatel/oem7/fix,/novatel/oem7/odom,39.663,-75.756,-1.799718527,0.002579335,0.000572762,0.001981927,0.001650737,0.000572762,,,
1786043728512151449,1786043728.511489172,/novatel/oem7/bestpos,/novatel/oem7/bestpos,/novatel/oem7/odom,39.663,-75.756,33.182375137,0.002579335,0.000572762,0.001981927,0.001650737,0.000572762,,novatel_oem7_msgs.msg.SolutionStatus(status=0),novatel_oem7_msgs.msg.PositionOrVelocityType(type=53)
1786043728513577950,1786043728.512511932,/novatel/oem7/bestvel,/novatel/oem7/bestpos,/novatel/oem7/bestvel,39.663,-75.756,33.182375137,0.002265581,0.001228689,,,,0.423106802,novatel_oem7_msgs.msg.SolutionStatus(status=0),novatel_oem7_msgs.msg.PositionOrVelocityType(type=53)
1786043728516045881,1786043728.515399841,/novatel/oem7/odom,/novatel/oem7/bestpos,/novatel/oem7/odom,39.663,-75.756,33.182375137,0.002579335,0.000572762,0.001981927,0.001650737,0.000572762,,,
1786043728526063091,1786043728.525551806,/novatel/oem7/inspva,/novatel/oem7/inspva,/novatel/oem7/inspva,39.663,-75.756,-1.799712345,0.003517861,0.003190048,0.002420308,0.002552932,0.003190048,,novatel_oem7_msgs.msg.InertialSolutionStatus(status=3),
1786043728527309157,1786043728.525695551,/novatel/oem7/fix,/novatel/oem7/fix,/novatel/oem7/inspva,39.663,-75.756,-1.799712345,0.003517861,0.003190048,0.002420308,0.002552932,0.003190048,,0,
1786043728528297867,1786043728.526399648,/novatel/oem7/odom,/novatel/oem7/fix,/novatel/oem7/odom,39.663,-75.756,-1.799712345,0.003501534,0.003207961,0.002656561,0.002281102,0.003207961,,,
1786043728535747678,1786043728.534986531,/novatel/oem7/odom,/novatel/oem7/fix,/novatel/oem7/odom,39.663,-75.756,-1.799712345,0.003501534,0.003207961,0.002656561,0.002281102,0.003207961,,,
1786043728547021576,1786043728.546078174,/novatel/oem7/inspva,/novatel/oem7/inspva,/novatel/oem7/inspva,39.663,-75.756,-1.799728286,0.003504372,0.002453547,0.003038793,0.001745383,0.002453547,,novatel_oem7_msgs.msg.InertialSolutionStatus(status=3),
1786043728549022080,1786043728.546336636,/novatel/oem7/fix,/novatel/oem7/fix,/novatel/oem7/inspva,39.663,-75.756,-1.799728286,0.003504372,0.002453547,0.003038793,0.001745383,0.002453547,,0,
1786043728550701743,1786043728.546953376,/novatel/oem7/odom,/novatel/oem7/fix,/novatel/oem7/odom,39.663,-75.756,-1.799728286,0.003492807,0.002469982,0.001883971,0.002941149,0.002469982,,,
1786043728556860424,1786043728.556010536,/novatel/oem7/odom,/novatel/oem7/fix,/novatel/oem7/odom,39.663,-75.756,-1.799728286,0.003492807,0.002469982,0.001883971,0.002941149,0.002469982,,,
1786043728565645846,1786043728.565105287,/novatel/oem7/inspva,/novatel/oem7/inspva,/novatel/oem7/inspva,39.663,-75.756,-1.799742392,0.003706838,0.000079451,0.003429523,0.001406775,0.000079451,,novatel_oem7_msgs.msg.InertialSolutionStatus(status=3),
1786043728566912391,1786043728.565248048,/novatel/oem7/fix,/novatel/oem7/fix,/novatel/oem7/inspva,39.663,-75.756,-1.799742392,0.003706838,0.000079451,0.003429523,0.001406775,0.000079451,,0,
1786043728567939482,1786043728.565664996,/novatel/oem7/odom,/novatel/oem7/fix,/novatel/oem7/odom,39.663,-75.756,-1.799742392,0.003706454,0.000095678,0.001575330,0.003355017,0.000095678,,,
1786043728576450950,1786043728.575650939,/novatel/oem7/odom,/novatel/oem7/fix,/novatel/oem7/odom,39.663,-75.756,-1.799742392,0.003706454,0.000095678,0.001575330,0.003355017,0.000095678,,,
1786043728585866283,1786043728.585285568,/novatel/oem7/inspva,/novatel/oem7/inspva,/novatel/oem7/inspva,39.663,-75.756,-1.799749169,0.003298881,0.000179255,0.002462558,0.002195091,0.000179255,,novatel_oem7_msgs.msg.InertialSolutionStatus(status=3),
1786043728587134290,1786043728.585466216,/novatel/oem7/fix,/novatel/oem7/fix,/novatel/oem7/inspva,39.663,-75.756,-1.799749169,0.003298881,0.000179255,0.002462558,0.002195091,0.000179255,,0,
1786043728588139296,1786043728.585892567,/novatel/oem7/odom,/novatel/oem7/fix,/novatel/oem7/odom,39.663,-75.756,-1.799749169,0.003297945,0.000195734,0.002314148,0.002349714,0.000195734,,,
1786043728595128360,1786043728.594517740,/novatel/oem7/odom,/novatel/oem7/fix,/novatel/oem7/odom,39.663,-75.756,-1.799749169,0.003297945,0.000195734,0.002314148,0.002349714,0.000195734,,,
1786043728607528933,1786043728.606676565,/novatel/oem7/inspva,/novatel/oem7/inspva,/novatel/oem7/inspva,39.663,-75.756,-1.799731628,0.004223181,0.003006594,0.002429083,0.003454680,0.003006594,,novatel_oem7_msgs.msg.InertialSolutionStatus(status=3),
1786043728608994694,1786043728.606948391,/novatel/oem7/fix,/novatel/oem7/fix,/novatel/oem7/inspva,39.663,-75.756,-1.799731628,0.004223181,0.003006594,0.002429083,0.003454680,0.003006594,,0,
1786043728610038734,1786043728.607360018,/novatel/oem7/odom,/novatel/oem7/fix,/novatel/oem7/odom,39.663,-75.756,-1.799731628,0.004207708,0.003028211,0.003558485,0.002245437,0.003028211,,,
1786043728611507586,1786043728.610325017,/novatel/oem7/bestpos,/novatel/oem7/bestpos,/novatel/oem7/odom,39.663,-75.756,33.182343620,0.004207708,0.003028211,0.003558485,0.002245437,0.003028211,,novatel_oem7_msgs.msg.SolutionStatus(status=0),novatel_oem7_msgs.msg.PositionOrVelocityType(type=53)
1786043728612379702,1786043728.610823236,/novatel/oem7/bestvel,/novatel/oem7/bestpos,/novatel/oem7/bestvel,39.663,-75.756,33.182343620,0.004725894,0.002568808,,,,50.150605723,novatel_oem7_msgs.msg.SolutionStatus(status=0),novatel_oem7_msgs.msg.PositionOrVelocityType(type=53)
1786043728616211373,1786043728.615584304,/novatel/oem7/odom,/novatel/oem7/bestpos,/novatel/oem7/odom,39.663,-75.756,33.182343620,0.004207708,0.003028211,0.003558485,0.002245437,0.003028211,,,
1786043728625705848,1786043728.625174795,/novatel/oem7/inspva,/novatel/oem7/inspva,/novatel/oem7/inspva,39.663,-75.756,-1.799740963,0.003580909,0.003038164,0.002587114,0.002475832,0.003038164,,novatel_oem7_msgs.msg.InertialSolutionStatus(status=3),
1786043728626949787,1786043728.625337304,/novatel/oem7/fix,/novatel/oem7/fix,/novatel/oem7/inspva,39.663,-75.756,-1.799740963,0.003580909,0.003038164,0.002587114,0.002475832,0.003038164,,0,
1786043728627937567,1786043728.625841546,/novatel/oem7/odom,/novatel/oem7/fix,/novatel/oem7/odom,39.663,-75.756,-1.799740963,0.003565524,0.003056204,0.002588602,0.002451960,0.003056204,,,
1786043728636248813,1786043728.635495862,/novatel/oem7/odom,/novatel/oem7/fix,/novatel/oem7/odom,39.663,-75.756,-1.799740963,0.003565524,0.003056204,0.002588602,0.002451960,0.003056204,,,
1786043728646590923,1786043728.645584493,/novatel/oem7/inspva,/novatel/oem7/inspva,/novatel/oem7/inspva,39.663,-75.756,-1.799758032,0.004419009,0.000172338,0.003964679,0.001951656,0.000172338,,novatel_oem7_msgs.msg.InertialSolutionStatus(status=3),
1786043728648545642,1786043728.645886799,/novatel/oem7/fix,/novatel/oem7/fix,/novatel/oem7/inspva,39.663,-75.756,-1.799758032,0.004419009,0.000172338,0.003964679,0.001951656,0.000172338,,0,
1786043728649999067,1786043728.646707570,/novatel/oem7/odom,/novatel/oem7/fix,/novatel/oem7/odom,39.663,-75.756,-1.799758032,0.004418181,0.000192386,0.002145849,0.003862079,0.000192386,,,
1786043728657482687,1786043728.656538582,/novatel/oem7/odom,/novatel/oem7/fix,/novatel/oem7/odom,39.663,-75.756,-1.799758032,0.004418181,0.000192386,0.002145849,0.003862079,0.000192386,,,
1786043728666581861,1786043728.666001719,/novatel/oem7/inspva,/novatel/oem7/inspva,/novatel/oem7/inspva,39.663,-75.756,-1.799759968,0.003745397,0.000048996,0.002669941,0.002626674,0.000048996,,novatel_oem7_msgs.msg.InertialSolutionStatus(status=3),
1786043728668055770,1786043728.666168301,/novatel/oem7/fix,/novatel/oem7/fix,/novatel/oem7/inspva,39.663,-75.756,-1.799759968,0.003745397,0.000048996,0.002669941,0.002626674,0.000048996,,0,
1786043728669449493,1786043728.666616619,/novatel/oem7/odom,/novatel/oem7/fix,/novatel/oem7/odom,39.663,-75.756,-1.799759968,0.003745101,0.000067921,0.002756072,0.002535716,0.000067921,,,
1786043728675254885,1786043728.674533237,/novatel/oem7/odom,/novatel/oem7/fix,/novatel/oem7/odom,39.663,-75.756,-1.799759968,0.003745101,0.000067921,0.002756072,0.002535716,0.000067921,,,
1786043728685734689,1786043728.685180227,/novatel/oem7/inspva,/novatel/oem7/inspva,/novatel/oem7/inspva,39.663,-75.756,-1.799747753,0.004133800,0.001962999,0.001604914,0.003809534,0.001962999,,novatel_oem7_msgs.msg.InertialSolutionStatus(status=3),
1786043728687008546,1786043728.685353035,/novatel/oem7/fix,/novatel/oem7/fix,/novatel/oem7/inspva,39.663,-75.756,-1.799747753,0.004133800,0.001962999,0.001604914,0.003809534,0.001962999,,0,
1786043728688024006,1786043728.685876084,/novatel/oem7/odom,/novatel/oem7/fix,/novatel/oem7/odom,39.663,-75.756,-1.799747753,0.004124001,0.001983502,0.003876333,0.001407633,0.001983502,,,
1786043728695684468,1786043728.695031862,/novatel/oem7/odom,/novatel/oem7/fix,/novatel/oem7/odom,39.663,-75.756,-1.799747753,0.004124001,0.001983502,0.003876333,0.001407633,0.001983502,,,
1786043728706580581,1786043728.705820313,/novatel/oem7/inspva,/novatel/oem7/inspva,/novatel/oem7/inspva,39.663,-75.756,-1.799750249,0.003642003,0.002815248,0.001849922,0.003137192,0.002815248,,novatel_oem7_msgs.msg.InertialSolutionStatus(status=3),
1786043728708091749,1786043728.706034088,/novatel/oem7/fix,/novatel/oem7/fix,/novatel/oem7/inspva,39.663,-75.756,-1.799750249,0.003642003,0.002815248,0.001849922,0.003137192,0.002815248,,0,
1786043728709132702,1786043728.706580841,/novatel/oem7/odom,/novatel/oem7/fix,/novatel/oem7/odom,39.663,-75.756,-1.799750249,0.003627643,0.002833728,0.003213475,0.001683262,0.002833728,,,
1786043728710644224,1786043728.709239383,/novatel/oem7/bestpos,/novatel/oem7/bestpos,/novatel/oem7/odom,39.663,-75.756,33.182330988,0.003627643,0.002833728,0.003213475,0.001683262,0.002833728,,novatel_oem7_msgs.msg.SolutionStatus(status=0),novatel_oem7_msgs.msg.PositionOrVelocityType(type=53)
1786043728711545253,1786043728.709818353,/novatel/oem7/bestvel,/novatel/oem7/bestpos,/novatel/oem7/bestvel,39.663,-75.756,33.182330988,0.003616886,0.002719592,,,,48.795505330,novatel_oem7_msgs.msg.SolutionStatus(status=0),novatel_oem7_msgs.msg.PositionOrVelocityType(type=53)
1786043728715023081,1786043728.714347904,/novatel/oem7/odom,/novatel/oem7/bestpos,/novatel/oem7/odom,39.663,-75.756,33.182330988,0.003627643,0.002833728,0.003213475,0.001683262,0.002833728,,,
1786043728725681961,1786043728.725148456,/novatel/oem7/inspva,/novatel/oem7/inspva,/novatel/oem7/inspva,39.663,-75.756,-1.799755286,0.004367934,0.001532038,0.004058703,0.001614240,0.001532038,,novatel_oem7_msgs.msg.InertialSolutionStatus(status=3),
1786043728726923790,1786043728.725284660,/novatel/oem7/fix,/novatel/oem7/fix,/novatel/oem7/inspva,39.663,-75.756,-1.799755286,0.004367934,0.001532038,0.004058703,0.001614240,0.001532038,,0,
1786043728727948554,1786043728.725787528,/novatel/oem7/odom,/novatel/oem7/fix,/novatel/oem7/odom,39.663,-75.756,-1.799755286,0.004361231,0.001551015,0.001807838,0.003968887,0.001551015,,,
1786043728737183246,1786043728.735098405,/novatel/oem7/odom,/novatel/oem7/fix,/novatel/oem7/odom,39.663,-75.756,-1.799755286,0.004361231,0.001551015,0.001807838,0.003968887,0.001551015,,,
1786043728745885869,1786043728.744968636,/novatel/oem7/inspva,/novatel/oem7/inspva,/novatel/oem7/inspva,39.663,-75.756,-1.799762491,0.003857404,0.000262721,0.003436897,0.001751372,0.000262721,,novatel_oem7_msgs.msg.InertialSolutionStatus(status=3),
1786043728747838375,1786043728.745258279,/novatel/oem7/fix,/novatel/oem7/fix,/novatel/oem7/inspva,39.663,-75.756,-1.799762491,0.003857404,0.000262721,0.003436897,0.001751372,0.000262721,,0,
1786043728749247589,1786043728.746027027,/novatel/oem7/odom,/novatel/oem7/fix,/novatel/oem7/odom,39.663,-75.756,-1.799762491,0.003856161,0.000280369,0.001919204,0.003344643,0.000280369,,,
1786043728756588265,1786043728.755663570,/novatel/oem7/odom,/novatel/oem7/fix,/novatel/oem7/odom,39.663,-75.756,-1.799762491,0.003856161,0.000280369,0.001919204,0.003344643,0.000280369,,,
1786043728767733853,1786043728.766542131,/novatel/oem7/inspva,/novatel/oem7/inspva,/novatel/oem7/inspva,39.663,-75.756,-1.799751310,0.003958901,0.001515146,0.001873793,0.003487377,0.001515146,,novatel_oem7_msgs.msg.InertialSolutionStatus(status=3),
1786043728769133740,1786043728.766860738,/novatel/oem7/fix,/novatel/oem7/fix,/novatel/oem7/inspva,39.663,-75.756,-1.799751310,0.003958901,0.001515146,0.001873793,0.003487377,0.001515146,,0,
1786043728770198071,1786043728.767268876,/novatel/oem7/odom,/novatel/oem7/fix,/novatel/oem7/odom,39.663,-75.756,-1.799751310,0.003951201,0.001535115,0.003569908,0.001693441,0.001535115,,,
1786043728775351499,1786043728.774610925,/novatel/oem7/odom,/novatel/oem7/fix,/novatel/oem7/odom,39.663,-75.756,-1.799751310,0.003951201,0.001535115,0.003569908,0.001693441,0.001535115,,,
1786043728785561698,1786043728.784969758,/novatel/oem7/inspva,/novatel/oem7/inspva,/novatel/oem7/inspva,39.663,-75.756,-1.799758484,0.003760709,0.001997731,0.001886920,0.003253070,0.001997731,,novatel_oem7_msgs.msg.InertialSolutionStatus(status=3),
1786043728786897268,1786043728.785139674,/novatel/oem7/fix,/novatel/oem7/fix,/novatel/oem7/inspva,39.663,-75.756,-1.799758484,0.003760709,0.001997731,0.001886920,0.003253070,0.001997731,,0,
1786043728787928235,1786043728.785594728,/novatel/oem7/odom,/novatel/oem7/fix,/novatel/oem7/odom,39.663,-75.756,-1.799758484,0.003750530,0.002016775,0.003334529,0.001716799,0.002016775,,,
1786043728795200514,1786043728.794524587,/novatel/oem7/odom,/novatel/oem7/fix,/novatel/oem7/odom,39.663,-75.756,-1.799758484,0.003750530,0.002016775,0.003334529,0.001716799,0.002016775,,,
1786043728807080639,1786043728.806330148,/novatel/oem7/inspva,/novatel/oem7/inspva,/novatel/oem7/inspva,39.663,-75.756,-1.799760023,0.004116886,0.001848764,0.003899831,0.001319115,0.001848764,,novatel_oem7_msgs.msg.InertialSolutionStatus(status=3),
1786043728808627574,1786043728.806571251,/novatel/oem7/fix,/novatel/oem7/fix,/novatel/oem7/inspva,39.663,-75.756,-1.799760023,0.004116886,0.001848764,0.003899831,0.001319115,0.001848764,,0,
1786043728809714365,1786043728.807085626,/novatel/oem7/odom,/novatel/oem7/fix,/novatel/oem7/odom,39.663,-75.756,-1.799760023,0.004109071,0.001866068,0.001503784,0.003824016,0.001866068,,,
1786043728811250324,1786043728.810131143,/novatel/oem7/bestpos,/novatel/oem7/bestpos,/novatel/oem7/odom,39.663,-75.756,33.182329014,0.004109071,0.001866068,0.001503784,0.003824016,0.001866068,,novatel_oem7_msgs.msg.SolutionStatus(status=0),novatel_oem7_msgs.msg.PositionOrVelocityType(type=53)
1786043728812177400,1786043728.810562597,/novatel/oem7/bestvel,/novatel/oem7/bestpos,/novatel/oem7/bestvel,39.663,-75.756,33.182329014,0.004078166,0.001662656,,,,33.079456494,novatel_oem7_msgs.msg.SolutionStatus(status=0),novatel_oem7_msgs.msg.PositionOrVelocityType(type=53)
1786043728815479276,1786043728.814808420,/novatel/oem7/odom,/novatel/oem7/bestpos,/novatel/oem7/odom,39.663,-75.756,33.182329014,0.004109071,0.001866068,0.001503784,0.003824016,0.001866068,,,
1786043728826756685,1786043728.826175379,/novatel/oem7/inspva,/novatel/oem7/inspva,/novatel/oem7/inspva,39.663,-75.756,-1.799771956,0.004049712,0.001011611,0.003819991,0.001344560,0.001011611,,novatel_oem7_msgs.msg.InertialSolutionStatus(status=3),
1786043728828078252,1786043728.826338321,/novatel/oem7/fix,/novatel/oem7/fix,/novatel/oem7/inspva,39.663,-75.756,-1.799771956,0.004049712,0.001011611,0.003819991,0.001344560,0.001011611,,0,
1786043728829102685,1786043728.826824419,/novatel/oem7/odom,/novatel/oem7/fix,/novatel/oem7/odom,39.663,-75.756,-1.799771956,0.004045392,0.001028753,0.001528782,0.003745400,0.001028753,,,
1786043728835336284,1786043728.834565036,/novatel/oem7/odom,/novatel/oem7/fix,/novatel/oem7/odom,39.663,-75.756,-1.799771956,0.004045392,0.001028753,0.001528782,0.003745400,0.001028753,,,
1786043728846476095,1786043728.845316864,/novatel/oem7/inspva,/novatel/oem7/inspva,/novatel/oem7/inspva,39.663,-75.756,-1.799768978,0.003403669,0.000635982,0.001922328,0.002808846,0.000635982,,novatel_oem7_msgs.msg.InertialSolutionStatus(status=3),
1786043728848584676,1786043728.845678617,/novatel/oem7/fix,/novatel/oem7/fix,/novatel/oem7/inspva,39.663,-75.756,-1.799768978,0.003403669,0.000635982,0.001922328,0.002808846,0.000635982,,0,
1786043728850116345,1786043728.846413308,/novatel/oem7/odom,/novatel/oem7/fix,/novatel/oem7/odom,39.663,-75.756,-1.799768978,0.003400390,0.000653284,0.002898369,0.001778233,0.000653284,,,
1786043728857281359,1786043728.856405030,/novatel/oem7/odom,/novatel/oem7/fix,/novatel/oem7/odom,39.663,-75.756,-1.799768978,0.003400390,0.000653284,0.002898369,0.001778233,0.000653284,,,
1786043728865731317,1786043728.865001123,/novatel/oem7/inspva,/novatel/oem7/inspva,/novatel/oem7/inspva,39.663,-75.756,-1.799764589,0.003680583,0.001826136,0.002241292,0.002919469,0.001826136,,novatel_oem7_msgs.msg.InertialSolutionStatus(status=3),
1786043728867192348,1786043728.865235595,/novatel/oem7/fix,/novatel/oem7/fix,/novatel/oem7/inspva,39.663,-75.756,-1.799764589,0.003680583,0.001826136,0.002241292,0.002919469,0.001826136,,0,
1786043728868263706,1786043728.865962689,/novatel/oem7/odom,/novatel/oem7/fix,/novatel/oem7/odom,39.663,-75.756,-1.799764589,0.003671216,0.001844895,0.003019695,0.002087887,0.001844895,,,
1786043728876091410,1786043728.874790934,/novatel/oem7/odom,/novatel/oem7/fix,/novatel/oem7/odom,39.663,-75.756,-1.799764589,0.003671216,0.001844895,0.003019695,0.002087887,0.001844895,,,
1786043728887571885,1786043728.886743193,/novatel/oem7/inspva,/novatel/oem7/inspva,/novatel/oem7/inspva,39.663,-75.756,-1.799758570,0.004031660,0.002174189,0.003079272,0.002602376,0.002174189,,novatel_oem7_msgs.msg.InertialSolutionStatus(status=3),
1786043728888982975,1786043728.886994159,/novatel/oem7/fix,/novatel/oem7/fix,/novatel/oem7/inspva,39.663,-75.756,-1.799758570,0.004031660,0.002174189,0.003079272,0.002602376,0.002174189,,0,
1786043728890107096,1786043728.887591498,/novatel/oem7/odom,/novatel/oem7/fix,/novatel/oem7/odom,39.663,-75.756,-1.799758570,0.004020786,0.002194233,0.002743251,0.002939608,0.002194233,,,
1786043728895447020,1786043728.894667479,/novatel/oem7/odom,/novatel/oem7/fix,/novatel/oem7/odom,39.663,-75.756,-1.799758570,0.004020786,0.002194233,0.002743251,0.002939608,0.002194233,,,
1786043728906985172,1786043728.905959904,/novatel/oem7/inspva,/novatel/oem7/inspva,/novatel/oem7/inspva,39.663,-75.756,-1.799762261,0.004187169,0.001913552,0.003594238,0.002147984,0.001913552,,novatel_oem7_msgs.msg.InertialSolutionStatus(status=3),
1786043728908886244,1786043728.906250301,/novatel/oem7/fix,/novatel/oem7/fix,/novatel/oem7/inspva,39.663,-75.756,-1.799762261,0.004187169,0.001913552,0.003594238,0.002147984,0.001913552,,0,
1786043728910314842,1786043728.906786563,/novatel/oem7/odom,/novatel/oem7/fix,/novatel/oem7/odom,39.663,-75.756,-1.799762261,0.004178058,0.001933363,0.002316188,0.003477275,0.001933363,,,
1786043728912152313,1786043728.909452926,/novatel/oem7/bestpos,/novatel/oem7/bestpos,/novatel/oem7/odom,39.663,-75.756,33.182321522,0.004178058,0.001933363,0.002316188,0.003477275,0.001933363,,novatel_oem7_msgs.msg.SolutionStatus(status=0),novatel_oem7_msgs.msg.PositionOrVelocityType(type=53)
1786043728913358235,1786043728.910098593,/novatel/oem7/bestvel,/novatel/oem7/bestpos,/novatel/oem7/bestvel,39.663,-75.756,33.182321522,0.005129020,0.001169313,,,,33.057277943,novatel_oem7_msgs.msg.SolutionStatus(status=0),novatel_oem7_msgs.msg.PositionOrVelocityType(type=53)
1786043728916074972,1786043728.914803903,/novatel/oem7/odom,/novatel/oem7/bestpos,/novatel/oem7/odom,39.663,-75.756,33.182321522,0.004178058,0.001933363,0.002316188,0.003477275,0.001933363,,,
1786043728926178710,1786043728.925227566,/novatel/oem7/inspva,/novatel/oem7/inspva,/novatel/oem7/inspva,39.663,-75.756,-1.799759906,0.002987834,0.000351894,0.002030520,0.002191835,0.000351894,,novatel_oem7_msgs.msg.InertialSolutionStatus(status=3),
1786043728928008561,1786043728.925524853,/novatel/oem7/fix,/novatel/oem7/fix,/novatel/oem7/inspva,39.663,-75.756,-1.799759906,0.002987834,0.000351894,0.002030520,0.002191835,0.000351894,,0,
1786043728929397258,1786043728.925988221,/novatel/oem7/odom,/novatel/oem7/fix,/novatel/oem7/odom,39.663,-75.756,-1.799759906,0.002986013,0.000367021,0.002288749,0.001917787,0.000367021,,,
1786043728935597430,1786043728.934852516,/novatel/oem7/odom,/novatel/oem7/fix,/novatel/oem7/odom,39.663,-75.756,-1.799759906,0.002986013,0.000367021,0.002288749,0.001917787,0.000367021,,,
1786043728947176965,1786043728.946058901,/novatel/oem7/inspva,/novatel/oem7/inspva,/novatel/oem7/inspva,39.663,-75.756,-1.799748559,0.003460351,0.001149770,0.002371434,0.002519987,0.001149770,,novatel_oem7_msgs.msg.InertialSolutionStatus(status=3),
1786043728949586596,1786043728.946355394,/novatel/oem7/fix,/novatel/oem7/fix,/novatel/oem7/inspva,39.663,-75.756,-1.799748559,0.003460351,0.001149770,0.002371434,0.002519987,0.001149770,,0,
1786043728951267313,1786043728.946983157,/novatel/oem7/odom,/novatel/oem7/fix,/novatel/oem7/odom,39.663,-75.756,-1.799748559,0.003454477,0.001167300,0.002630108,0.002239630,0.001167300,,,
1786043728956913582,1786043728.955952147,/novatel/oem7/odom,/novatel/oem7/fix,/novatel/oem7/odom,39.663,-75.756,-1.799748559,0.003454477,0.001167300,0.002630108,0.002239630,0.001167300,,,
1786043728966337746,1786043728.965360127,/novatel/oem7/inspva,/novatel/oem7/inspva,/novatel/oem7/inspva,39.663,-75.756,-1.799729244,0.004073871,0.002598900,0.003083495,0.002662420,0.002598900,,novatel_oem7_msgs.msg.InertialSolutionStatus(status=3),
1786043728968223345,1786043728.965666963,/novatel/oem7/fix,/novatel/oem7/fix,/novatel/oem7/inspva,39.663,-75.756,-1.799729244,0.004073871,0.002598900,0.003083495,0.002662420,0.002598900,,0,
1786043728969306766,1786043728.966404497,/novatel/oem7/odom,/novatel/oem7/fix,/novatel/oem7/odom,39.663,-75.756,-1.799729244,0.004060789,0.002619293,0.002801597,0.002939569,0.002619293,,,
1786043728976491734,1786043728.975504432,/novatel/oem7/odom,/novatel/oem7/fix,/novatel/oem7/odom,39.663,-75.756,-1.799729244,0.004060789,0.002619293,0.002801597,0.002939569,0.002619293,,,
1786043728986157821,1786043728.985034246,/novatel/oem7/inspva,/novatel/oem7/inspva,/novatel/oem7/inspva,39.663,-75.756,-1.799725851,0.004847696,0.002421882,0.003854090,0.002940432,0.002421882,,novatel_oem7_msgs.msg.InertialSolutionStatus(status=3),
1786043728987993232,1786043728.985464034,/novatel/oem7/fix,/novatel/oem7/fix,/novatel/oem7/inspva,39.663,-75.756,-1.799725851,0.004847696,0.002421882,0.003854090,0.002940432,0.002421882,,0,
1786043728989449197,1786043728.986181724,/novatel/oem7/odom,/novatel/oem7/fix,/novatel/oem7/odom,39.663,-75.756,-1.799725851,0.004835684,0.002445776,0.003118501,0.003695781,0.002445776,,,
1786043728995650775,1786043728.994571732,/novatel/oem7/odom,/novatel/oem7/fix,/novatel/oem7/odom,39.663,-75.756,-1.799725851,0.004835684,0.002445776,0.003118501,0.003695781,0.002445776,,,
1786043729011588851,1786043729.010111343,/novatel/oem7/inspva,/novatel/oem7/inspva,/novatel/oem7/inspva,39.663,-75.756,-1.799726551,0.003444642,0.000022857,0.002838049,0.001952187,0.000022857,,novatel_oem7_msgs.msg.InertialSolutionStatus(status=3),
1786043729013495180,1786043729.010509427,/novatel/oem7/fix,/novatel/oem7/fix,/novatel/oem7/inspva,39.663,-75.756,-1.799726551,0.003444642,0.000022857,0.002838049,0.001952187,0.000022857,,0,
1786043729014650102,1786043729.011767259,/novatel/oem7/odom,/novatel/oem7/fix,/novatel/oem7/odom,39.663,-75.756,-1.799726551,0.003444490,0.000039563,0.002091036,0.002737167,0.000039563,,,
1786043729016619388,1786043729.015702322,/novatel/oem7/odom,/novatel/oem7/fix,/novatel/oem7/odom,39.663,-75.756,-1.799726551,0.003444490,0.000039563,0.002091036,0.002737167,0.000039563,,,
1786043729027528480,1786043729.026536916,/novatel/oem7/bestpos,/novatel/oem7/bestpos,/novatel/oem7/odom,39.663,-75.756,33.182357661,0.003444490,0.000039563,0.002091036,0.002737167,0.000039563,,novatel_oem7_msgs.msg.SolutionStatus(status=0),novatel_oem7_msgs.msg.PositionOrVelocityType(type=53)
1786043729029247783,1786043729.026956868,/novatel/oem7/bestvel,/novatel/oem7/bestpos,/novatel/oem7/bestvel,39.663,-75.756,33.182357661,0.003260841,0.000145999,,,,42.387734693,novatel_oem7_msgs.msg.SolutionStatus(status=0),novatel_oem7_msgs.msg.PositionOrVelocityType(type=53)
1786043729030206570,1786043729.027367225,/novatel/oem7/inspva,/novatel/oem7/inspva,/novatel/oem7/inspva,39.663,-75.756,-1.799721457,0.003244050,-0.000216549,0.002756379,0.001710623,-0.000216549,,novatel_oem7_msgs.msg.InertialSolutionStatus(status=3),
1786043729031136732,1786043729.027565664,/novatel/oem7/fix,/novatel/oem7/fix,/novatel/oem7/inspva,39.663,-75.756,-1.799721457,0.003244050,-0.000216549,0.002756379,0.001710623,-0.000216549,,0,
1786043729032183670,1786043729.027914580,/novatel/oem7/odom,/novatel/oem7/fix,/novatel/oem7/odom,39.663,-75.756,-1.799721457,0.003245041,-0.000201150,0.001846718,0.002668319,-0.000201150,,,
1786043729036718045,1786043729.035706328,/novatel/oem7/odom,/novatel/oem7/fix,/novatel/oem7/odom,39.663,-75.756,-1.799721457,0.003245041,-0.000201150,0.001846718,0.002668319,-0.000201150,,,
1786043729046374891,1786043729.045461935,/novatel/oem7/inspva,/novatel/oem7/inspva,/novatel/oem7/inspva,39.663,-75.756,-1.799707650,0.004101621,0.002758097,0.002518463,0.003237382,0.002758097,,novatel_oem7_msgs.msg.InertialSolutionStatus(status=3),
1786043729048317414,1786043729.045789835,/novatel/oem7/fix,/novatel/oem7/fix,/novatel/oem7/inspva,39.663,-75.756,-1.799707650,0.004101621,0.002758097,0.002518463,0.003237382,0.002758097,,0,
1786043729049801418,1786043729.046508533,/novatel/oem7/odom,/novatel/oem7/fix,/novatel/oem7/odom,39.663,-75.756,-1.799707650,0.004087452,0.002779052,0.003347128,0.002346060,0.002779052,,,
1786043729057231729,1786043729.056393534,/novatel/oem7/odom,/novatel/oem7/fix,/novatel/oem7/odom,39.663,-75.756,-1.799707650,0.004087452,0.002779052,0.003347128,0.002346060,0.002779052,,,
1786043729066683304,1786043729.066112421,/novatel/oem7/inspva,/novatel/oem7/inspva,/novatel/oem7/inspva,39.663,-75.756,-1.799720027,0.003807740,0.002333474,0.003086963,0.002229247,0.002333474,,novatel_oem7_msgs.msg.InertialSolutionStatus(status=3),
1786043729068067297,1786043729.066288977,/novatel/oem7/fix,/novatel/oem7/fix,/novatel/oem7/inspva,39.663,-75.756,-1.799720027,0.003807740,0.002333474,0.003086963,0.002229247,0.002333474,,0,
1786043729069268863,1786043729.066723122,/novatel/oem7/odom,/novatel/oem7/fix,/novatel/oem7/odom,39.663,-75.756,-1.799720027,0.003796268,0.002352091,0.002370288,0.002965364,0.002352091,,,
1786043729075843882,1786043729.074615766,/novatel/oem7/odom,/novatel/oem7/fix,/novatel/oem7/odom,39.663,-75.756,-1.799720027,0.003796268,0.002352091,0.002370288,0.002965364,0.002352091,,,
1786043729086189045,1786043729.085407060,/novatel/oem7/inspva,/novatel/oem7/inspva,/novatel/oem7/inspva,39.663,-75.756,-1.799743183,0.004110031,-0.000655501,0.004068496,0.000582831,-0.000655501,,novatel_oem7_msgs.msg.InertialSolutionStatus(status=3),
1786043729088084370,1786043729.085740290,/novatel/oem7/fix,/novatel/oem7/fix,/novatel/oem7/inspva,39.663,-75.756,-1.799743183,0.004110031,-0.000655501,0.004068496,0.000582831,-0.000655501,,0,
1786043729089537078,1786043729.086261709,/novatel/oem7/odom,/novatel/oem7/fix,/novatel/oem7/odom,39.663,-75.756,-1.799743183,0.004112352,-0.000640780,0.000787576,0.004036231,-0.000640780,,,
1786043729096725200,1786043729.095862871,/novatel/oem7/odom,/novatel/oem7/fix,/novatel/oem7/odom,39.663,-75.756,-1.799743183,0.004112352,-0.000640780,0.000787576,0.004036231,-0.000640780,,,
1786043729106751763,1786043729.105875371,/novatel/oem7/inspva,/novatel/oem7/inspva,/novatel/oem7/inspva,39.663,-75.756,-1.799748635,0.003730762,-0.000547998,0.003387045,0.001564134,-0.000547998,,novatel_oem7_msgs.msg.InertialSolutionStatus(status=3),
1786043729108352376,1786043729.106116034,/novatel/oem7/fix,/novatel/oem7/fix,/novatel/oem7/inspva,39.663,-75.756,-1.799748635,0.003730762,-0.000547998,0.003387045,0.001564134,-0.000547998,,0,
1786043729109604342,1786043729.106580415,/novatel/oem7/odom,/novatel/oem7/fix,/novatel/oem7/odom,39.663,-75.756,-1.799748635,0.003733173,-0.000531331,0.001733256,0.003306418,-0.000531331,,,
1786043729111233121,1786043729.109524814,/novatel/oem7/bestpos,/novatel/oem7/bestpos,/novatel/oem7/odom,39.663,-75.756,33.182419955,0.003733173,-0.000531331,0.001733256,0.003306418,-0.000531331,,novatel_oem7_msgs.msg.SolutionStatus(status=0),novatel_oem7_msgs.msg.PositionOrVelocityType(type=53)
1786043729112261715,1786043729.110181550,/novatel/oem7/bestvel,/novatel/oem7/bestpos,/novatel/oem7/bestvel,39.663,-75.756,33.182419955,0.002970155,0.000085752,,,,19.662290696,novatel_oem7_msgs.msg.SolutionStatus(status=0),novatel_oem7_msgs.msg.PositionOrVelocityType(type=53)
1786043729115290131,1786043729.114604249,/novatel/oem7/odom,/novatel/oem7/bestpos,/novatel/oem7/odom,39.663,-75.756,33.182419955,0.003733173,-0.000531331,0.001733256,0.003306418,-0.000531331,,,
1786043729127126923,1786043729.126548781,/novatel/oem7/inspva,/novatel/oem7/inspva,/novatel/oem7/inspva,39.663,-75.756,-1.799723955,0.003300011,0.002667941,0.001750464,0.002797490,0.002667941,,novatel_oem7_msgs.msg.InertialSolutionStatus(status=3),
1786043729128626074,1786043729.126742186,/novatel/oem7/fix,/novatel/oem7/fix,/novatel/oem7/inspva,39.663,-75.756,-1.799723955,0.003300011,0.002667941,0.001750464,0.002797490,0.002667941,,0,
1786043729129782686,1786043729.127296448,/novatel/oem7/odom,/novatel/oem7/fix,/novatel/oem7/odom,39.663,-75.756,-1.799723955,0.003286386,0.002684707,0.002869899,0.001601252,0.002684707,,,
1786043729135685638,1786043729.134786526,/novatel/oem7/odom,/novatel/oem7/fix,/novatel/oem7/odom,39.663,-75.756,-1.799723955,0.003286386,0.002684707,0.002869899,0.001601252,0.002684707,,,
1786043729146407222,1786043729.145358765,/novatel/oem7/inspva,/novatel/oem7/inspva,/novatel/oem7/inspva,39.663,-75.756,-1.799733615,0.003321528,0.002579099,0.002592397,0.002076542,0.002579099,,novatel_oem7_msgs.msg.InertialSolutionStatus(status=3),
1786043729148678768,1786043729.145697015,/novatel/oem7/fix,/novatel/oem7/fix,/novatel/oem7/inspva,39.663,-75.756,-1.799733615,0.003321528,0.002579099,0.002592397,0.002076542,0.002579099,,0,
1786043729150214813,1786043729.146072765,/novatel/oem7/odom,/novatel/oem7/fix,/novatel/oem7/odom,39.663,-75.756,-1.799733615,0.003308765,0.002595452,0.002192170,0.002478371,0.002595452,,,
1786043729156773705,1786043729.155885166,/novatel/oem7/odom,/novatel/oem7/fix,/novatel/oem7/odom,39.663,-75.756,-1.799733615,0.003308765,0.002595452,0.002192170,0.002478371,0.002595452,,,
1786043729166277447,1786043729.165658924,/novatel/oem7/inspva,/novatel/oem7/inspva,/novatel/oem7/inspva,39.663,-75.756,-1.799755860,0.004489883,-0.000173575,0.004462393,0.000496081,-0.000173575,,novatel_oem7_msgs.msg.InertialSolutionStatus(status=3),
1786043729167736488,1786043729.165885390,/novatel/oem7/fix,/novatel/oem7/fix,/novatel/oem7/inspva,39.663,-75.756,-1.799755860,0.004489883,-0.000173575,0.004462393,0.000496081,-0.000173575,,0,
1786043729168832182,1786043729.166477579,/novatel/oem7/odom,/novatel/oem7/fix,/novatel/oem7/odom,39.663,-75.756,-1.799755860,0.004490455,-0.000158104,0.000718482,0.004432603,-0.000158104,,,
1786043729176944053,1786043729.175583052,/novatel/oem7/odom,/novatel/oem7/fix,/novatel/oem7/odom,39.663,-75.756,-1.799755860,0.004490455,-0.000158104,0.000718482,0.004432603,-0.000158104,,,
1786043729186837395,1786043729.186172525,/novatel/oem7/inspva,/novatel/oem7/inspva,/novatel/oem7/inspva,39.663,-75.756,-1.799756468,0.003757472,-0.000199785,0.003566281,0.001183317,-0.000199785,,novatel_oem7_msgs.msg.InertialSolutionStatus(status=3),
1786043729188263343,1786043729.186399184,/novatel/oem7/fix,/novatel/oem7/fix,/novatel/oem7/inspva,39.663,-75.756,-1.799756468,0.003757472,-0.000199785,0.003566281,0.001183317,-0.000199785,,0,
1786043729189362010,1786043729.186839808,/novatel/oem7/odom,/novatel/oem7/fix,/novatel/oem7/odom,39.663,-75.756,-1.799756468,0.003758272,-0.000184130,0.001360329,0.003503443,-0.000184130,,,
1786043729195301216,1786043729.194590995,/novatel/oem7/odom,/novatel/oem7/fix,/novatel/oem7/odom,39.663,-75.756,-1.799756468,0.003758272,-0.000184130,0.001360329,0.003503443,-0.000184130,,,
1786043729207802091,1786043729.206628542,/novatel/oem7/inspva,/novatel/oem7/inspva,/novatel/oem7/inspva,39.663,-75.756,-1.799743653,0.003321128,0.001308696,0.002039626,0.002621034,0.001308696,,novatel_oem7_msgs.msg.InertialSolutionStatus(status=3),
1786043729210002626,1786043729.207003556,/novatel/oem7/fix,/novatel/oem7/fix,/novatel/oem7/inspva,39.663,-75.756,-1.799743653,0.003321128,0.001308696,0.002039626,0.002621034,0.001308696,,0,
1786043729211391750,1786043729.207365769,/novatel/oem7/odom,/novatel/oem7/fix,/novatel/oem7/odom,39.663,-75.756,-1.799743653,0.003314417,0.001325602,0.002713818,0.001902775,0.001325602,,,
1786043729213373243,1786043729.210427847,/novatel/oem7/bestpos,/novatel/oem7/bestpos,/novatel/oem7/odom,39.663,-75.756,33.182410172,0.003314417,0.001325602,0.002713818,0.001902775,0.001325602,,novatel_oem7_msgs.msg.SolutionStatus(status=0),novatel_oem7_msgs.msg.PositionOrVelocityType(type=53)
1786043729214598805,1786043729.210959642,/novatel/oem7/bestvel,/novatel/oem7/bestpos,/novatel/oem7/bestvel,39.663,-75.756,33.182410172,0.003292427,0.001324542,,,,51.344619860,novatel_oem7_msgs.msg.SolutionStatus(status=0),novatel_oem7_msgs.msg.PositionOrVelocityType(type=53)
1786043729216590611,1786043729.215583551,/novatel/oem7/odom,/novatel/oem7/bestpos,/novatel/oem7/odom,39.663,-75.756,33.182410172,0.003314417,0.001325602,0.002713818,0.001902775,0.001325602,,,
1786043729225632892,1786043729.225018219,/novatel/oem7/inspva,/novatel/oem7/inspva,/novatel/oem7/inspva,39.663,-75.756,-1.799748853,0.002971199,0.001655666,0.002193831,0.002003779,0.001655666,,novatel_oem7_msgs.msg.InertialSolutionStatus(status=3),
1786043729227171997,1786043729.225231631,/novatel/oem7/fix,/novatel/oem7/fix,/novatel/oem7/inspva,39.663,-75.756,-1.799748853,0.002971199,0.001655666,0.002193831,0.002003779,0.001655666,,0,
1786043729228282412,1786043729.225607520,/novatel/oem7/odom,/novatel/oem7/fix,/novatel/oem7/odom,39.663,-75.756,-1.799748853,0.002962889,0.001670491,0.002103548,0.002086576,0.001670491,,,
1786043729235159457,1786043729.234530430,/novatel/oem7/odom,/novatel/oem7/fix,/novatel/oem7/odom,39.663,-75.756,-1.799748853,0.002962889,0.001670491,0.002103548,0.002086576,0.001670491,,,
1786043729247634498,1786043729.246697269,/novatel/oem7/inspva,/novatel/oem7/inspva,/novatel/oem7/inspva,39.663,-75.756,-1.799758137,0.004575371,0.001401330,0.004478581,0.000936126,0.001401330,,novatel_oem7_msgs.msg.InertialSolutionStatus(status=3),
1786043729248918985,1786043729.247046375,/novatel/oem7/fix,/novatel/oem7/fix,/novatel/oem7/inspva,39.663,-75.756,-1.799758137,0.004575371,0.001401330,0.004478581,0.000936126,0.001401330,,0,
1786043729249823786,1786043729.248220197,/novatel/oem7/odom,/novatel/oem7/fix,/novatel/oem7/odom,39.663,-75.756,-1.799758137,0.004570011,0.001418713,0.001152085,0.004422408,0.001418713,,,
1786043729256905556,1786043729.256392362,/novatel/oem7/odom,/novatel/oem7/fix,/novatel/oem7/odom,39.663,-75.756,-1.799758137,0.004570011,0.001418713,0.001152085,0.004422408,0.001418713,,,
1786043729265592962,1786043729.265040961,/novatel/oem7/inspva,/novatel/oem7/inspva,/novatel/oem7/inspva,39.663,-75.756,-1.799770702,0.003936751,0.000122179,0.003703011,0.001336308,0.000122179,,novatel_oem7_msgs.msg.InertialSolutionStatus(status=3),
1786043729266380020,1786043729.265313907,/novatel/oem7/fix,/novatel/oem7/fix,/novatel/oem7/inspva,39.663,-75.756,-1.799770702,0.003936751,0.000122179,0.003703011,0.001336308,0.000122179,,0,
1786043729267061537,1786043729.265587780,/novatel/oem7/odom,/novatel/oem7/fix,/novatel/oem7/odom,39.663,-75.756,-1.799770702,0.003936197,0.000138873,0.001518592,0.003631464,0.000138873,,,
1786043729276656599,1786043729.275800786,/novatel/oem7/odom,/novatel/oem7/fix,/novatel/oem7/odom,39.663,-75.756,-1.799770702,0.003936197,0.000138873,0.001518592,0.003631464,0.000138873,,,
1786043729286266842,1786043729.285568373,/novatel/oem7/inspva,/novatel/oem7/inspva,/novatel/oem7/inspva,39.663,-75.756,-1.799767448,0.002977638,0.000526066,0.002672241,0.001313567,0.000526066,,novatel_oem7_msgs.msg.InertialSolutionStatus(status=3),
1786043729287382010,1786043729.285897442,/novatel/oem7/fix,/novatel/oem7/fix,/novatel/oem7/inspva,39.663,-75.756,-1.799767448,0.002977638,0.000526066,0.002672241,0.001313567,0.000526066,,0,
1786043729288109256,1786043729.286610406,/novatel/oem7/odom,/novatel/oem7/fix,/novatel/oem7/odom,39.663,-75.756,-1.799767448,0.002975237,0.000539481,0.001442813,0.002601985,0.000539481,,,
1786043729295772888,1786043729.295269313,/novatel/oem7/odom,/novatel/oem7/fix,/novatel/oem7/odom,39.663,-75.756,-1.799767448,0.002975237,0.000539481,0.001442813,0.002601985,0.000539481,,,
1786043729307579817,1786043729.306052560,/novatel/oem7/inspva,/novatel/oem7/inspva,/novatel/oem7/inspva,39.663,-75.756,-1.799771382,0.003394966,0.001113312,0.002198781,0.002586726,0.001113312,,novatel_oem7_msgs.msg.InertialSolutionStatus(status=3),
1786043729308911964,1786043729.306328986,/novatel/oem7/fix,/novatel/oem7/fix,/novatel/oem7/inspva,39.663,-75.756,-1.799771382,0.003394966,0.001113312,0.002198781,0.002586726,0.001113312,,0,
1786043729309744999,1786043729.306873258,/novatel/oem7/odom,/novatel/oem7/fix,/novatel/oem7/odom,39.663,-75.756,-1.799771382,0.003389274,0.001130519,0.002688316,0.002064010,0.001130519,,,
1786043729310731147,1786043729.309416854,/novatel/oem7/bestpos,/novatel/oem7/bestpos,/novatel/oem7/odom,39.663,-75.756,33.182384119,0.003389274,0.001130519,0.002688316,0.002064010,0.001130519,,novatel_oem7_msgs.msg.SolutionStatus(status=0),novatel_oem7_msgs.msg.PositionOrVelocityType(type=53)
1786043729311390593,1786043729.310057343,/novatel/oem7/bestvel,/novatel/oem7/bestpos,/novatel/oem7/bestvel,39.663,-75.756,33.182384119,0.002995091,0.001409418,,,,35.693989944,novatel_oem7_msgs.msg.SolutionStatus(status=0),novatel_oem7_msgs.msg.PositionOrVelocityType(type=53)
1786043729315043208,1786043729.314599989,/novatel/oem7/odom,/novatel/oem7/bestpos,/novatel/oem7/odom,39.663,-75.756,33.182384119,0.003389274,0.001130519,0.002688316,0.002064010,0.001130519,,,
1786043729325783539,1786043729.325332652,/novatel/oem7/inspva,/novatel/oem7/inspva,/novatel/oem7/inspva,39.663,-75.756,-1.799771847,0.003751417,0.001840645,0.003592367,0.001080754,0.001840645,,novatel_oem7_msgs.msg.InertialSolutionStatus(status=3),
1786043729326434840,1786043729.325545211,/novatel/oem7/fix,/novatel/oem7/fix,/novatel/oem7/inspva,39.663,-75.756,-1.799771847,0.003751417,0.001840645,0.003592367,0.001080754,0.001840645,,0,
1786043729327247648,1786043729.326290585,/novatel/oem7/odom,/novatel/oem7/fix,/novatel/oem7/odom,39.663,-75.756,-1.799771847,0.003743849,0.001855989,0.001250448,0.003528850,0.001855989,,,
1786043729336884228,1786043729.335689954,/novatel/oem7/odom,/novatel/oem7/fix,/novatel/oem7/odom,39.663,-75.756,-1.799771847,0.003743849,0.001855989,0.001250448,0.003528850,0.001855989,,,
1786043729346450216,1786043729.345225661,/novatel/oem7/inspva,/novatel/oem7/inspva,/novatel/oem7/inspva,39.663,-75.756,-1.799788934,0.004087487,0.001089464,0.004024197,0.000716513,0.001089464,,novatel_oem7_msgs.msg.InertialSolutionStatus(status=3),
1786043729348512227,1786043729.345629375,/novatel/oem7/fix,/novatel/oem7/fix,/novatel/oem7/inspva,39.663,-75.756,-1.799788934,0.004087487,0.001089464,0.004024197,0.000716513,0.001089464,,0,
1786043729350016829,1786043729.346232131,/novatel/oem7/odom,/novatel/oem7/fix,/novatel/oem7/odom,39.663,-75.756,-1.799788934,0.004083444,0.001104522,0.000911429,0.003980429,0.001104522,,,
1786043729356604964,1786043729.355745765,/novatel/oem7/odom,/novatel/oem7/fix,/novatel/oem7/odom,39.663,-75.756,-1.799788934,0.004083444,0.001104522,0.000911429,0.003980429,0.001104522,,,
1786043729367486260,1786043729.366698958,/novatel/oem7/inspva,/novatel/oem7/inspva,/novatel/oem7/inspva,39.663,-75.756,-1.799798357,0.003076104,0.000061136,0.002862096,0.001127307,0.000061136,,novatel_oem7_msgs.msg.InertialSolutionStatus(status=3),
1786043729368963274,1786043729.366912497,/novatel/oem7/fix,/novatel/oem7/fix,/novatel/oem7/inspva,39.663,-75.756,-1.799798357,0.003076104,0.000061136,0.002862096,0.001127307,0.000061136,,0,
1786043729370085932,1786043729.367772016,/novatel/oem7/odom,/novatel/oem7/fix,/novatel/oem7/odom,39.663,-75.756,-1.799798357,0.003075813,0.000074348,0.001268208,0.002802190,0.000074348,,,
1786043729376384785,1786043729.375087309,/novatel/oem7/odom,/novatel/oem7/fix,/novatel/oem7/odom,39.663,-75.756,-1.799798357,0.003075813,0.000074348,0.001268208,0.002802190,0.000074348,,,
1786043729385605653,1786043729.385046865,/novatel/oem7/inspva,/novatel/oem7/inspva,/novatel/oem7/inspva,39.663,-75.756,-1.799799186,0.002723299,0.000252909,0.002456601,0.001175358,0.000252909,,novatel_oem7_msgs.msg.InertialSolutionStatus(status=3),
1786043729386631578,1786043729.385322101,/novatel/oem7/fix,/novatel/oem7/fix,/novatel/oem7/inspva,39.663,-75.756,-1.799799186,0.002723299,0.000252909,0.002456601,0.001175358,0.000252909,,0,
1786043729387370719,1786043729.385845016,/novatel/oem7/odom,/novatel/oem7/fix,/novatel/oem7/odom,39.663,-75.756,-1.799799186,0.002722136,0.000265128,0.001295180,0.002394271,0.000265128,,,
1786043729395985564,1786043729.395512815,/novatel/oem7/odom,/novatel/oem7/fix,/novatel/oem7/odom,39.663,-75.756,-1.799799186,0.002722136,0.000265128,0.001295180,0.002394271,0.000265128,,,
1786043729407527173,1786043729.406498409,/novatel/oem7/inspva,/novatel/oem7/inspva,/novatel/oem7/inspva,39.663,-75.756,-1.799792114,0.003341879,0.002105640,0.002866873,0.001717322,0.002105640,,novatel_oem7_msgs.msg.InertialSolutionStatus(status=3),
1786043729408911291,1786043729.406772951,/novatel/oem7/fix,/novatel/oem7/fix,/novatel/oem7/inspva,39.663,-75.756,-1.799792114,0.003341879,0.002105640,0.002866873,0.001717322,0.002105640,,0,
1786043729409547373,1786043729.407219621,/novatel/oem7/odom,/novatel/oem7/fix,/novatel/oem7/odom,39.663,-75.756,-1.799792114,0.003331928,0.002121352,0.001848989,0.002771819,0.002121352,,,
1786043729410845162,1786043729.410390637,/novatel/oem7/bestpos,/novatel/oem7/bestpos,/novatel/oem7/odom,39.663,-75.756,33.182346808,0.003331928,0.002121352,0.001848989,0.002771819,0.002121352,,novatel_oem7_msgs.msg.SolutionStatus(status=0),novatel_oem7_msgs.msg.PositionOrVelocityType(type=53)
1786043729411555037,1786043729.410838428,/novatel/oem7/bestvel,/novatel/oem7/bestpos,/novatel/oem7/bestvel,39.663,-75.756,33.182346808,0.003838915,0.001695359,,,,34.887176716,novatel_oem7_msgs.msg.SolutionStatus(status=0),novatel_oem7_msgs.msg.PositionOrVelocityType(type=53)
1786043729415301595,1786043729.414893477,/novatel/oem7/odom,/novatel/oem7/bestpos,/novatel/oem7/odom,39.663,-75.756,33.182346808,0.003331928,0.002121352,0.001848989,0.002771819,0.002121352,,,
1786043729426503981,1786043729.426046310,/novatel/oem7/inspva,/novatel/oem7/inspva,/novatel/oem7/inspva,39.663,-75.756,-1.799812019,0.003447910,0.001658715,0.003307514,0.000973876,0.001658715,,novatel_oem7_msgs.msg.InertialSolutionStatus(status=3),
1786043729427258346,1786043729.426227192,/novatel/oem7/fix,/novatel/oem7/fix,/novatel/oem7/inspva,39.663,-75.756,-1.799812019,0.003447910,0.001658715,0.003307514,0.000973876,0.001658715,,0,
1786043729427775736,1786043729.426634962,/novatel/oem7/odom,/novatel/oem7/fix,/novatel/oem7/odom,39.663,-75.756,-1.799812019,0.003441161,0.001672671,0.001130327,0.003250223,0.001672671,,,
1786043729435665882,1786043729.434645932,/novatel/oem7/odom,/novatel/oem7/fix,/novatel/oem7/odom,39.663,-75.756,-1.799812019,0.003441161,0.001672671,0.001130327,0.003250223,0.001672671,,,
1786043729446458837,1786043729.445241441,/novatel/oem7/inspva,/novatel/oem7/inspva,/novatel/oem7/inspva,39.663,-75.756,-1.799840481,0.003446564,-0.001050710,0.003446049,-0.000059531,-0.001050710,,novatel_oem7_msgs.msg.InertialSolutionStatus(status=3),
1786043729448514217,1786043729.445614932,/novatel/oem7/fix,/novatel/oem7/fix,/novatel/oem7/inspva,39.663,-75.756,-1.799840481,0.003446564,-0.001050710,0.003446049,-0.000059531,-0.001050710,,0,
1786043729450003652,1786043729.446154674,/novatel/oem7/odom,/novatel/oem7/fix,/novatel/oem7/odom,39.663,-75.756,-1.799840481,0.003449624,-0.001040617,0.000116622,0.003447652,-0.001040617,,,
1786043729457213781,1786043729.456355589,/novatel/oem7/odom,/novatel/oem7/fix,/novatel/oem7/odom,39.663,-75.756,-1.799840481,0.003449624,-0.001040617,0.000116622,0.003447652,-0.001040617,,,
1786043729465919871,1786043729.465084866,/novatel/oem7/inspva,/novatel/oem7/inspva,/novatel/oem7/inspva,39.663,-75.756,-1.799842279,0.002774677,-0.000605332,0.002648189,0.000828207,-0.000605332,,novatel_oem7_msgs.msg.InertialSolutionStatus(status=3),
1786043729467719085,1786043729.465250891,/novatel/oem7/fix,/novatel/oem7/fix,/novatel/oem7/inspva,39.663,-75.756,-1.799842279,0.002774677,-0.000605332,0.002648189,0.000828207,-0.000605332,,0,
1786043729469090663,1786043729.465681205,/novatel/oem7/odom,/novatel/oem7/fix,/novatel/oem7/odom,39.663,-75.756,-1.799842279,0.002777121,-0.000594015,0.000961627,0.002605317,-0.000594015,,,
1786043729475451902,1786043729.474595574,/novatel/oem7/odom,/novatel/oem7/fix,/novatel/oem7/odom,39.663,-75.756,-1.799842279,0.002777121,-0.000594015,0.000961627,0.002605317,-0.000594015,,,
1786043729487259244,1786043729.486613927,/novatel/oem7/inspva,/novatel/oem7/inspva,/novatel/oem7/inspva,39.663,-75.756,-1.799833010,0.002883464,0.002008377,0.002453598,0.001514669,0.002008377,,novatel_oem7_msgs.msg.InertialSolutionStatus(status=3),
1786043729488721211,1786043729.486824106,/novatel/oem7/fix,/novatel/oem7/fix,/novatel/oem7/inspva,39.663,-75.756,-1.799833010,0.002883464,0.002008377,0.002453598,0.001514669,0.002008377,,0,
1786043729489830539,1786043729.487577527,/novatel/oem7/odom,/novatel/oem7/fix,/novatel/oem7/odom,39.663,-75.756,-1.799833010,0.002873946,0.002021974,0.001626374,0.002369488,0.002021974,,,
1786043729495987014,1786043729.495131949,/novatel/oem7/odom,/novatel/oem7/fix,/novatel/oem7/odom,39.663,-75.756,-1.799833010,0.002873946,0.002021974,0.001626374,0.002369488,0.002021974,,,
1786043729506907283,1786043729.505947730,/novatel/oem7/inspva,/novatel/oem7/inspva,/novatel/oem7/inspva,39.663,-75.756,-1.799858513,0.003206793,0.001375504,0.002561352,0.001929507,0.001375504,,novatel_oem7_msgs.msg.InertialSolutionStatus(status=3),
1786043729508678007,1786043729.506218013,/novatel/oem7/fix,/novatel/oem7/fix,/novatel/oem7/inspva,39.663,-75.756,-1.799858513,0.003206793,0.001375504,0.002561352,0.001929507,0.001375504,,0,
1786043729510030551,1786043729.506669560,/novatel/oem7/odom,/novatel/oem7/fix,/novatel/oem7/odom,39.663,-75.756,-1.799858513,0.003200059,0.001391100,0.002048855,0.002458163,0.001391100,,,
1786043729512437151,1786043729.511489792,/novatel/oem7/bestpos,/novatel/oem7/bestpos,/novatel/oem7/odom,39.663,-75.756,33.182288349,0.003200059,0.001391100,0.002048855,0.002458163,0.001391100,,novatel_oem7_msgs.msg.SolutionStatus(status=0),novatel_oem7_msgs.msg.PositionOrVelocityType(type=53)
1786043729514237666,1786043729.512528809,/novatel/oem7/bestvel,/novatel/oem7/bestpos,/novatel/oem7/bestvel,39.663,-75.756,33.182288349,0.004045028,0.000940133,,,,19.784750242,novatel_oem7_msgs.msg.SolutionStatus(status=0),novatel_oem7_msgs.msg.PositionOrVelocityType(type=53)
1786043729516689040,1786043729.515867734,/novatel/oem7/odom,/novatel/oem7/bestpos,/novatel/oem7/odom,39.663,-75.756,33.182288349,0.003200059,0.001391100,0.002048855,0.002458163,0.001391100,,,
1786043729526404344,1786043729.525524308,/novatel/oem7/inspva,/novatel/oem7/inspva,/novatel/oem7/inspva,39.663,-75.756,-1.799882005,0.003441168,-0.000293000,0.003432600,0.000242684,-0.000293000,,novatel_oem7_msgs.msg.InertialSolutionStatus(status=3),
1786043729528154332,1786043729.525749784,/novatel/oem7/fix,/novatel/oem7/fix,/novatel/oem7/inspva,39.663,-75.756,-1.799882005,0.003441168,-0.000293000,0.003432600,0.000242684,-0.000293000,,0,
1786043729529347997,1786043729.526594666,/novatel/oem7/odom,/novatel/oem7/fix,/novatel/oem7/odom,39.663,-75.756,-1.799882005,0.003442111,-0.000281710,0.000414611,0.003417049,-0.000281710,,,
1786043729536192425,1786043729.534862195,/novatel/oem7/odom,/novatel/oem7/fix,/novatel/oem7/odom,39.663,-75.756,-1.799882005,0.003442111,-0.000281710,0.000414611,0.003417049,-0.000281710,,,
1786043729547461770,1786043729.546337243,/novatel/oem7/inspva,/novatel/oem7/inspva,/novatel/oem7/inspva,39.663,-75.756,-1.799887422,0.003037507,-0.000633128,0.003037434,0.000021053,-0.000633128,,novatel_oem7_msgs.msg.InertialSolutionStatus(status=3),
1786043729549480824,1786043729.546703347,/novatel/oem7/fix,/novatel/oem7/fix,/novatel/oem7/inspva,39.663,-75.756,-1.799887422,0.003037507,-0.000633128,0.003037434,0.000021053,-0.000633128,,0,
1786043729550956412,1786043729.547393823,/novatel/oem7/odom,/novatel/oem7/fix,/novatel/oem7/odom,39.663,-75.756,-1.799887422,0.003039407,-0.000623941,0.000174993,0.003034365,-0.000623941,,,
1786043729556844904,1786043729.555981554,/novatel/oem7/odom,/novatel/oem7/fix,/novatel/oem7/odom,39.663,-75.756,-1.799887422,0.003039407,-0.000623941,0.000174993,0.003034365,-0.000623941,,,
1786043729565828340,1786043729.565245784,/novatel/oem7/inspva,/novatel/oem7/inspva,/novatel/oem7/inspva,39.663,-75.756,-1.799872985,0.002986061,0.001603089,0.002315069,0.001886005,0.001603089,,novatel_oem7_msgs.msg.InertialSolutionStatus(status=3),
1786043729567237321,1786043729.565450640,/novatel/oem7/fix,/novatel/oem7/fix,/novatel/oem7/inspva,39.663,-75.756,-1.799872985,0.002986061,0.001603089,0.002315069,0.001886005,0.001603089,,0,
1786043729568500007,1786043729.566067786,/novatel/oem7/odom,/novatel/oem7/fix,/novatel/oem7/odom,39.663,-75.756,-1.799872985,0.002978145,0.001617746,0.001992185,0.002213718,0.001617746,,,
1786043729576847463,1786043729.575660748,/novatel/oem7/odom,/novatel/oem7/fix,/novatel/oem7/odom,39.663,-75.756,-1.799872985,0.002978145,0.001617746,0.001992185,0.002213718,0.001617746,,,
1786043729585822803,1786043729.585099946,/novatel/oem7/inspva,/novatel/oem7/inspva,/novatel/oem7/inspva,39.663,-75.756,-1.799887707,0.002813380,0.001564268,0.002326102,0.001582516,0.001564268,,novatel_oem7_msgs.msg.InertialSolutionStatus(status=3),
1786043729586694625,1786043729.585399122,/novatel/oem7/fix,/novatel/oem7/fix,/novatel/oem7/inspva,39.663,-75.756,-1.799887707,0.002813380,0.001564268,0.002326102,0.001582516,0.001564268,,0,
1786043729587370648,1786043729.585890677,/novatel/oem7/odom,/novatel/oem7/fix,/novatel/oem7/odom,39.663,-75.756,-1.799887707,0.002805844,0.001577745,0.001689750,0.002239980,0.001577745,,,
1786043729595355908,1786043729.594480206,/novatel/oem7/odom,/novatel/oem7/fix,/novatel/oem7/odom,39.663,-75.756,-1.799887707,0.002805844,0.001577745,0.001689750,0.002239980,0.001577745,,,
1786043729607449768,1786043729.606517363,/novatel/oem7/inspva,/novatel/oem7/inspva,/novatel/oem7/inspva,39.663,-75.756,-1.799904272,0.003830185,0.000185587,0.003808019,0.000411465,0.000185587,,novatel_oem7_msgs.msg.InertialSolutionStatus(status=3),
1786043729609104995,1786043729.606785582,/novatel/oem7/fix,/novatel/oem7/fix,/novatel/oem7/inspva,39.663,-75.756,-1.799904272,0.003830185,0.000185587,0.003808019,0.000411465,0.000185587,,0,
1786043729610241213,1786043729.607342424,/novatel/oem7/odom,/novatel/oem7/fix,/novatel/oem7/odom,39.663,-75.756,-1.799904272,0.003829527,0.000198703,0.000599829,0.003782258,0.000198703,,,
1786043729611813549,1786043729.610353731,/novatel/oem7/bestpos,/novatel/oem7/bestpos,/novatel/oem7/odom,39.663,-75.756,33.182250259,0.003829527,0.000198703,0.000599829,0.003782258,0.000198703,,novatel_oem7_msgs.msg.SolutionStatus(status=0),novatel_oem7_msgs.msg.PositionOrVelocityType(type=53)
1786043729612809816,1786043729.610882229,/novatel/oem7/bestvel,/novatel/oem7/bestpos,/novatel/oem7/bestvel,39.663,-75.756,33.182250259,0.003831472,0.000348239,,,,1.042330400,novatel_oem7_msgs.msg.SolutionStatus(status=0),novatel_oem7_msgs.msg.PositionOrVelocityType(type=53)
1786043729615638274,1786043729.614965117,/novatel/oem7/odom,/novatel/oem7/bestpos,/novatel/oem7/odom,39.663,-75.756,33.182250259,0.003829527,0.000198703,0.000599829,0.003782258,0.000198703,,,
1786043729625564263,1786043729.624912006,/novatel/oem7/inspva,/novatel/oem7/inspva,/novatel/oem7/inspva,39.663,-75.756,-1.799907237,0.003503252,0.000177344,0.003503180,-0.000022455,0.000177344,,novatel_oem7_msgs.msg.InertialSolutionStatus(status=3),
1786043729626918206,1786043729.625113895,/novatel/oem7/fix,/novatel/oem7/fix,/novatel/oem7/inspva,39.663,-75.756,-1.799907237,0.003503252,0.000177344,0.003503180,-0.000022455,0.000177344,,0,
1786043729627990613,1786043729.625403181,/novatel/oem7/odom,/novatel/oem7/fix,/novatel/oem7/odom,39.663,-75.756,-1.799907237,0.003502710,0.000187746,0.000151325,0.003499440,0.000187746,,,
1786043729636579453,1786043729.635548405,/novatel/oem7/odom,/novatel/oem7/fix,/novatel/oem7/odom,39.663,-75.756,-1.799907237,0.003502710,0.000187746,0.000151325,0.003499440,0.000187746,,,
1786043729646057767,1786043729.645231122,/novatel/oem7/inspva,/novatel/oem7/inspva,/novatel/oem7/inspva,39.663,-75.756,-1.799902541,0.002062077,0.000414537,0.001586395,0.001317388,0.000414537,,novatel_oem7_msgs.msg.InertialSolutionStatus(status=3),
1786043729647748074,1786043729.645523908,/novatel/oem7/fix,/novatel/oem7/fix,/novatel/oem7/inspva,39.663,-75.756,-1.799902541,0.002062077,0.000414537,0.001586395,0.001317388,0.000414537,,0,
1786043729649075043,1786043729.646110904,/novatel/oem7/odom,/novatel/oem7/fix,/novatel/oem7/odom,39.663,-75.756,-1.799902541,0.002060016,0.000424661,0.001393026,0.001517611,0.000424661,,,
1786043729656663893,1786043729.655944192,/novatel/oem7/odom,/novatel/oem7/fix,/novatel/oem7/odom,39.663,-75.756,-1.799902541,0.002060016,0.000424661,0.001393026,0.001517611,0.000424661,,,
1786043729666904508,1786043729.666042076,/novatel/oem7/inspva,/novatel/oem7/inspva,/novatel/oem7/inspva,39.663,-75.756,-1.799907058,0.002361926,0.001155388,0.001624409,0.001714641,0.001155388,,novatel_oem7_msgs.msg.InertialSolutionStatus(status=3),
1786043729668491937,1786043729.666288285,/novatel/oem7/fix,/novatel/oem7/fix,/novatel/oem7/inspva,39.663,-75.756,-1.799907058,0.002361926,0.001155388,0.001624409,0.001714641,0.001155388,,0,
1786043729669629202,1786043729.666834571,/novatel/oem7/odom,/novatel/oem7/fix,/novatel/oem7/odom,39.663,-75.756,-1.799907058,0.002356081,0.001167263,0.001788518,0.001533727,0.001167263,,,
1786043729675394563,1786043729.674624642,/novatel/oem7/odom,/novatel/oem7/fix,/novatel/oem7/odom,39.663,-75.756,-1.799907058,0.002356081,0.001167263,0.001788518,0.001533727,0.001167263,,,
1786043729685986858,1786043729.685331052,/novatel/oem7/inspva,/novatel/oem7/inspva,/novatel/oem7/inspva,39.663,-75.756,-1.799920541,0.003581970,0.000430314,0.003545942,0.000506755,0.000430314,,novatel_oem7_msgs.msg.InertialSolutionStatus(status=3),
1786043729687367282,1786043729.685557221,/novatel/oem7/fix,/novatel/oem7/fix,/novatel/oem7/inspva,39.663,-75.756,-1.799920541,0.003581970,0.000430314,0.003545942,0.000506755,0.000430314,,0,
1786043729688601548,1786043729.686002675,/novatel/oem7/odom,/novatel/oem7/fix,/novatel/oem7/odom,39.663,-75.756,-1.799920541,0.003580421,0.000443013,0.000680943,0.003515072,0.000443013,,,
1786043729696211023,1786043729.695528557,/novatel/oem7/odom,/novatel/oem7/fix,/novatel/oem7/odom,39.663,-75.756,-1.799920541,0.003580421,0.000443013,0.000680943,0.003515072,0.000443013,,,
1786043729707075972,1786043729.706260174,/novatel/oem7/inspva,/novatel/oem7/inspva,/novatel/oem7/inspva,39.663,-75.756,-1.799931923,0.003425651,-0.000095232,0.003421402,-0.000170558,-0.000095232,,novatel_oem7_msgs.msg.InertialSolutionStatus(status=3),
1786043729708717872,1786043729.706533593,/novatel/oem7/fix,/novatel/oem7/fix,/novatel/oem7/inspva,39.663,-75.756,-1.799931923,0.003425651,-0.000095232,0.003421402,-0.000170558,-0.000095232,,0,
1786043729709960957,1786043729.706792798,/novatel/oem7/odom,/novatel/oem7/fix,/novatel/oem7/odom,39.663,-75.756,-1.799931923,0.003425901,-0.000085753,0.000000508,0.003425901,-0.000085753,,,
1786043729711562013,1786043729.709888287,/novatel/oem7/bestpos,/novatel/oem7/bestpos,/novatel/oem7/odom,39.663,-75.756,33.182225248,0.003425901,-0.000085753,0.000000508,0.003425901,-0.000085753,,novatel_oem7_msgs.msg.SolutionStatus(status=0),novatel_oem7_msgs.msg.PositionOrVelocityType(type=53)
1786043729712613667,1786043729.710395049,/novatel/oem7/bestvel,/novatel/oem7/bestpos,/novatel/oem7/bestvel,39.663,-75.756,33.182225248,0.002761018,0.000445036,,,,350.930109713,novatel_oem7_msgs.msg.SolutionStatus(status=0),novatel_oem7_msgs.msg.PositionOrVelocityType(type=53)
1786043729715090418,1786043729.714348435,/novatel/oem7/odom,/novatel/oem7/bestpos,/novatel/oem7/odom,39.663,-75.756,33.182225248,0.003425901,-0.000085753,0.000000508,0.003425901,-0.000085753,,,
1786043729726946377,1786043729.726315200,/novatel/oem7/inspva,/novatel/oem7/inspva,/novatel/oem7/inspva,39.663,-75.756,-1.799938560,0.002048644,-0.000321170,0.001832673,0.000915560,-0.000321170,,novatel_oem7_msgs.msg.InertialSolutionStatus(status=3),
1786043729728466575,1786043729.726532863,/novatel/oem7/fix,/novatel/oem7/fix,/novatel/oem7/inspva,39.663,-75.756,-1.799938560,0.002048644,-0.000321170,0.001832673,0.000915560,-0.000321170,,0,
1786043729729901813,1786043729.727053758,/novatel/oem7/odom,/novatel/oem7/fix,/novatel/oem7/odom,39.663,-75.756,-1.799938560,0.002050066,-0.000311962,0.001007073,0.001785659,-0.000311962,,,
1786043729735982237,1786043729.735175153,/novatel/oem7/odom,/novatel/oem7/fix,/novatel/oem7/odom,39.663,-75.756,-1.799938560,0.002050066,-0.000311962,0.001007073,0.001785659,-0.000311962,,,
1786043729745772891,1786043729.744932633,/novatel/oem7/inspva,/novatel/oem7/inspva,/novatel/oem7/inspva,39.663,-75.756,-1.799939145,0.001480534,0.000447870,0.001419846,0.000419545,0.000447870,,novatel_oem7_msgs.msg.InertialSolutionStatus(status=3),
1786043729747507345,1786043729.745174729,/novatel/oem7/fix,/novatel/oem7/fix,/novatel/oem7/inspva,39.663,-75.756,-1.799939145,0.001480534,0.000447870,0.001419846,0.000419545,0.000447870,,0,
1786043729748867378,1786043729.745739387,/novatel/oem7/odom,/novatel/oem7/fix,/novatel/oem7/odom,39.663,-75.756,-1.799939145,0.001478713,0.000453847,0.000487866,0.001395915,0.000453847,,,
1786043729756318867,1786043729.755654497,/novatel/oem7/odom,/novatel/oem7/fix,/novatel/oem7/odom,39.663,-75.756,-1.799939145,0.001478713,0.000453847,0.000487866,0.001395915,0.000453847,,,
1786043729767546465,1786043729.766637522,/novatel/oem7/inspva,/novatel/oem7/inspva,/novatel/oem7/inspva,39.663,-75.756,-1.799932994,0.003357598,0.001924292,0.003308073,0.000574556,0.001924292,,novatel_oem7_msgs.msg.InertialSolutionStatus(status=3),
1786043729769150451,1786043729.766908935,/novatel/oem7/fix,/novatel/oem7/fix,/novatel/oem7/inspva,39.663,-75.756,-1.799932994,0.003357598,0.001924292,0.003308073,0.000574556,0.001924292,,0,
1786043729770318889,1786043729.767286572,/novatel/oem7/odom,/novatel/oem7/fix,/novatel/oem7/odom,39.663,-75.756,-1.799932994,0.003350525,0.001936580,0.000730523,0.003269917,0.001936580,,,
1786043729775640202,1786043729.774890194,/novatel/oem7/odom,/novatel/oem7/fix,/novatel/oem7/odom,39.663,-75.756,-1.799932994,0.003350525,0.001936580,0.000730523,0.003269917,0.001936580,,,
1786043729786678399,1786043729.786009156,/novatel/oem7/inspva,/novatel/oem7/inspva,/novatel/oem7/inspva,39.663,-75.756,-1.799951226,0.003105613,0.000325844,0.003094787,-0.000259084,0.000325844,,novatel_oem7_msgs.msg.InertialSolutionStatus(status=3),
1786043729788049866,1786043729.786227258,/novatel/oem7/fix,/novatel/oem7/fix,/novatel/oem7/inspva,39.663,-75.756,-1.799951226,0.003105613,0.000325844,0.003094787,-0.000259084,0.000325844,,0,
1786043729789117030,1786043729.786581831,/novatel/oem7/odom,/novatel/oem7/fix,/novatel/oem7/odom,39.663,-75.756,-1.799951226,0.003104747,0.000333998,-0.000105924,0.003102939,0.000333998,,,
1786043729795700729,1786043729.794959027,/novatel/oem7/odom,/novatel/oem7/fix,/novatel/oem7/odom,39.663,-75.756,-1.799951226,0.003104747,0.000333998,-0.000105924,0.003102939,0.000333998,,,
1786043729807331758,1786043729.806479310,/novatel/oem7/inspva,/novatel/oem7/inspva,/novatel/oem7/inspva,39.663,-75.756,-1.799960447,0.002468457,-0.000585245,0.002418187,-0.000495634,-0.000585245,,novatel_oem7_msgs.msg.InertialSolutionStatus(status=3),
1786043729809042388,1786043729.806834550,/novatel/oem7/fix,/novatel/oem7/fix,/novatel/oem7/inspva,39.663,-75.756,-1.799960447,0.002468457,-0.000585245,0.002418187,-0.000495634,-0.000585245,,0,
1786043729810482566,1786043729.807287180,/novatel/oem7/odom,/novatel/oem7/fix,/novatel/oem7/odom,39.663,-75.756,-1.799960447,0.002469693,-0.000580007,-0.000372054,0.002441507,-0.000580007,,,
1786043729812522877,1786043729.810346401,/novatel/oem7/bestpos,/novatel/oem7/bestpos,/novatel/oem7/odom,39.663,-75.756,33.182201304,0.002469693,-0.000580007,-0.000372054,0.002441507,-0.000580007,,novatel_oem7_msgs.msg.SolutionStatus(status=0),novatel_oem7_msgs.msg.PositionOrVelocityType(type=53)
1786043729813875230,1786043729.810782379,/novatel/oem7/bestvel,/novatel/oem7/bestpos,/novatel/oem7/bestvel,39.663,-75.756,33.182201304,0.003488663,0.000432893,,,,314.326895395,novatel_oem7_msgs.msg.SolutionStatus(status=0),novatel_oem7_msgs.msg.PositionOrVelocityType(type=53)
1786043729816509780,1786043729.815650934,/novatel/oem7/odom,/novatel/oem7/bestpos,/novatel/oem7/odom,39.663,-75.756,33.182201304,0.002469693,-0.000580007,-0.000372054,0.002441507,-0.000580007,,,
1786043729827103842,1786043729.826094202,/novatel/oem7/inspva,/novatel/oem7/inspva,/novatel/oem7/inspva,39.663,-75.756,-1.799952555,0.001658744,0.000205955,0.001473188,0.000762331,0.000205955,,novatel_oem7_msgs.msg.InertialSolutionStatus(status=3),
1786043729828917887,1786043729.826378741,/novatel/oem7/fix,/novatel/oem7/fix,/novatel/oem7/inspva,39.663,-75.756,-1.799952555,0.001658744,0.000205955,0.001473188,0.000762331,0.000205955,,0,
1786043729830417102,1786043729.827014294,/novatel/oem7/odom,/novatel/oem7/fix,/novatel/oem7/odom,39.663,-75.756,-1.799952555,0.001657795,0.000213459,0.000833925,0.001432779,0.000213459,,,
1786043729836041724,1786043729.834973082,/novatel/oem7/odom,/novatel/oem7/fix,/novatel/oem7/odom,39.663,-75.756,-1.799952555,0.001657795,0.000213459,0.000833925,0.001432779,0.000213459,,,
1786043729846311030,1786043729.845360841,/novatel/oem7/inspva,/novatel/oem7/inspva,/novatel/oem7/inspva,39.663,-75.756,-1.799933644,0.002644601,0.002405707,0.002643843,0.000063316,0.002405707,,novatel_oem7_msgs.msg.InertialSolutionStatus(status=3),
1786043729847978735,1786043729.845668307,/novatel/oem7/fix,/novatel/oem7/fix,/novatel/oem7/inspva,39.663,-75.756,-1.799933644,0.002644601,0.002405707,0.002643843,0.000063316,0.002405707,,0,
1786043729848755814,1786043729.846149315,/novatel/oem7/odom,/novatel/oem7/fix,/novatel/oem7/odom,39.663,-75.756,-1.799933644,0.002637157,0.002413865,0.000184675,0.002630683,0.002413865,,,
1786043729856916271,1786043729.856443798,/novatel/oem7/odom,/novatel/oem7/fix,/novatel/oem7/odom,39.663,-75.756,-1.799933644,0.002637157,0.002413865,0.000184675,0.002630683,0.002413865,,,
1786043729865839383,1786043729.865052054,/novatel/oem7/inspva,/novatel/oem7/inspva,/novatel/oem7/inspva,39.663,-75.756,-1.799951400,0.002842952,0.001492966,0.002840755,0.000111739,0.001492966,,novatel_oem7_msgs.msg.InertialSolutionStatus(status=3),
1786043729867302583,1786043729.865331006,/novatel/oem7/fix,/novatel/oem7/fix,/novatel/oem7/inspva,39.663,-75.756,-1.799951400,0.002842952,0.001492966,0.002840755,0.000111739,0.001492966,,0,
1786043729868049230,1786043729.865921158,/novatel/oem7/odom,/novatel/oem7/fix,/novatel/oem7/odom,39.663,-75.756,-1.799951400,0.002838247,0.001501892,0.000246850,0.002827492,0.001501892,,,
1786043729875043624,1786043729.874480421,/novatel/oem7/odom,/novatel/oem7/fix,/novatel/oem7/odom,39.663,-75.756,-1.799951400,0.002838247,0.001501892,0.000246850,0.002827492,0.001501892,,,
1786043729887063526,1786043729.886514828,/novatel/oem7/inspva,/novatel/oem7/inspva,/novatel/oem7/inspva,39.663,-75.756,-1.799967092,0.002058312,-0.000937951,0.002054461,0.000125855,-0.000937951,,novatel_oem7_msgs.msg.InertialSolutionStatus(status=3),
1786043729888011649,1786043729.886808344,/novatel/oem7/fix,/novatel/oem7/fix,/novatel/oem7/inspva,39.663,-75.756,-1.799967092,0.002058312,-0.000937951,0.002054461,0.000125855,-0.000937951,,0,
1786043729888756253,1786043729.887397736,/novatel/oem7/odom,/novatel/oem7/fix,/novatel/oem7/odom,39.663,-75.756,-1.799967092,0.002061325,-0.000931312,0.000232000,0.002048227,-0.000931312,,,
1786043729895653903,1786043729.894859900,/novatel/oem7/odom,/novatel/oem7/fix,/novatel/oem7/odom,39.663,-75.756,-1.799967092,0.002061325,-0.000931312,0.000232000,0.002048227,-0.000931312,,,
1786043729906590279,1786043729.905880334,/novatel/oem7/inspva,/novatel/oem7/inspva,/novatel/oem7/inspva,39.663,-75.756,-1.799954706,0.001981436,0.000117266,0.001945442,-0.000375960,0.000117266,,novatel_oem7_msgs.msg.InertialSolutionStatus(status=3),
1786043729907634836,1786043729.906137686,/novatel/oem7/fix,/novatel/oem7/fix,/novatel/oem7/inspva,39.663,-75.756,-1.799954706,0.001981436,0.000117266,0.001945442,-0.000375960,0.000117266,,0,
1786043729908205775,1786043729.906593392,/novatel/oem7/odom,/novatel/oem7/fix,/novatel/oem7/odom,39.663,-75.756,-1.799954706,0.001981179,0.000121534,-0.000279056,0.001961428,0.000121534,,,
1786043729909933758,1786043729.909465920,/novatel/oem7/bestpos,/novatel/oem7/bestpos,/novatel/oem7/odom,39.663,-75.756,33.182192972,0.001981179,0.000121534,-0.000279056,0.001961428,0.000121534,,novatel_oem7_msgs.msg.SolutionStatus(status=0),novatel_oem7_msgs.msg.PositionOrVelocityType(type=53)
1786043729910662352,1786043729.910192081,/novatel/oem7/bestvel,/novatel/oem7/bestpos,/novatel/oem7/bestvel,39.663,-75.756,33.182192972,0.001618833,0.000804110,,,,323.025967945,novatel_oem7_msgs.msg.SolutionStatus(status=0),novatel_oem7_msgs.msg.PositionOrVelocityType(type=53)
1786043729915469204,1786043729.915036455,/novatel/oem7/odom,/novatel/oem7/bestpos,/novatel/oem7/odom,39.663,-75.756,33.182192972,0.001981179,0.000121534,-0.000279056,0.001961428,0.000121534,,,
1786043729925658560,1786043729.925127786,/novatel/oem7/inspva,/novatel/oem7/inspva,/novatel/oem7/inspva,39.663,-75.756,-1.799933174,0.001730851,0.002117988,0.001262925,0.001183582,0.002117988,,novatel_oem7_msgs.msg.InertialSolutionStatus(status=3),
1786043729927312823,1786043729.925351878,/novatel/oem7/fix,/novatel/oem7/fix,/novatel/oem7/inspva,39.663,-75.756,-1.799933174,0.001730851,0.002117988,0.001262925,0.001183582,0.002117988,,0,
1786043729927884182,1786043729.925973088,/novatel/oem7/odom,/novatel/oem7/fix,/novatel/oem7/odom,39.663,-75.756,-1.799933174,0.001720312,0.002126557,0.001236112,0.001196453,0.002126557,,,
1786043729935371691,1786043729.934817579,/novatel/oem7/odom,/novatel/oem7/fix,/novatel/oem7/odom,39.663,-75.756,-1.799933174,0.001720312,0.002126557,0.001236112,0.001196453,0.002126557,,,
1786043729945809888,1786043729.945233120,/novatel/oem7/inspva,/novatel/oem7/inspva,/novatel/oem7/inspva,39.663,-75.756,-1.799938471,0.001627207,0.001875302,0.001623147,0.000114863,0.001875302,,novatel_oem7_msgs.msg.InertialSolutionStatus(status=3),
1786043729946768652,1786043729.945566580,/novatel/oem7/fix,/novatel/oem7/fix,/novatel/oem7/inspva,39.663,-75.756,-1.799938471,0.001627207,0.001875302,0.001623147,0.000114863,0.001875302,,0,
1786043729947572422,1786043729.946153605,/novatel/oem7/odom,/novatel/oem7/fix,/novatel/oem7/odom,39.663,-75.756,-1.799938471,0.001621044,0.001880631,0.000187632,0.001610149,0.001880631,,,
1786043729956689407,1786043729.955865719,/novatel/oem7/odom,/novatel/oem7/fix,/novatel/oem7/odom,39.663,-75.756,-1.799938471,0.001621044,0.001880631,0.000187632,0.001610149,0.001880631,,,
1786043729965787700,1786043729.965223402,/novatel/oem7/inspva,/novatel/oem7/inspva,/novatel/oem7/inspva,39.663,-75.756,-1.799957097,0.002566712,-0.000790035,0.002436630,-0.000806749,-0.000790035,,novatel_oem7_msgs.msg.InertialSolutionStatus(status=3),
1786043729966534062,1786043729.965463185,/novatel/oem7/fix,/novatel/oem7/fix,/novatel/oem7/inspva,39.663,-75.756,-1.799957097,0.002566712,-0.000790035,0.002436630,-0.000806749,-0.000790035,,0,
1786043729967052199,1786043729.966114118,/novatel/oem7/odom,/novatel/oem7/fix,/novatel/oem7/odom,39.663,-75.756,-1.799957097,0.002567954,-0.000785986,-0.000681038,0.002476000,-0.000785986,,,
1786043729976200543,1786043729.975649583,/novatel/oem7/odom,/novatel/oem7/fix,/novatel/oem7/odom,39.663,-75.756,-1.799957097,0.002567954,-0.000785986,-0.000681038,0.002476000,-0.000785986,,,
1786043729985799529,1786043729.985160458,/novatel/oem7/inspva,/novatel/oem7/inspva,/novatel/oem7/inspva,39.663,-75.756,-1.799944786,0.002280909,0.000027943,0.002190393,-0.000636178,0.000027943,,novatel_oem7_msgs.msg.InertialSolutionStatus(status=3),
1786043729986776474,1786043729.985493505,/novatel/oem7/fix,/novatel/oem7/fix,/novatel/oem7/inspva,39.663,-75.756,-1.799944786,0.002280909,0.000027943,0.002190393,-0.000636178,0.000027943,,0,
1786043729987356705,1786043729.986161344,/novatel/oem7/odom,/novatel/oem7/fix,/novatel/oem7/odom,39.663,-75.756,-1.799944786,0.002280857,0.000031899,-0.000526396,0.002219282,0.000031899,,,
1786043729994934587,1786043729.994549308,/novatel/oem7/odom,/novatel/oem7/fix,/novatel/oem7/odom,39.663,-75.756,-1.799944786,0.002280857,0.000031899,-0.000526396,0.002219282,0.000031899,,,
1786043730008996267,1786043730.008464844,/novatel/oem7/inspva,/novatel/oem7/inspva,/novatel/oem7/inspva,39.663,-75.756,-1.799919548,0.000560571,0.002002227,0.000401507,0.000391193,0.002002227,,novatel_oem7_msgs.msg.InertialSolutionStatus(status=3),
1786043730009887871,1786043730.008673776,/novatel/oem7/fix,/novatel/oem7/fix,/novatel/oem7/inspva,39.663,-75.756,-1.799919548,0.000560571,0.002002227,0.000401507,0.000391193,0.002002227,,0,
1786043730010709458,1786043730.009973739,/novatel/oem7/odom,/novatel/oem7/fix,/novatel/oem7/odom,39.663,-75.756,-1.799919548,0.000550546,0.002005006,0.000402221,0.000375925,0.002005006,,,
1786043730016947451,1786043730.016016142,/novatel/oem7/odom,/novatel/oem7/fix,/novatel/oem7/odom,39.663,-75.756,-1.799919548,0.000550546,0.002005006,0.000402221,0.000375925,0.002005006,,,
1786043730027118753,1786043730.026300732,/novatel/oem7/bestpos,/novatel/oem7/bestpos,/novatel/oem7/odom,39.663,-75.756,33.182200090,0.000550546,0.002005006,0.000402221,0.000375925,0.002005006,,novatel_oem7_msgs.msg.SolutionStatus(status=0),novatel_oem7_msgs.msg.PositionOrVelocityType(type=53)
1786043730028685765,1786043730.026866860,/novatel/oem7/bestvel,/novatel/oem7/bestpos,/novatel/oem7/bestvel,39.663,-75.756,33.182200090,0.001120689,0.001608572,,,,59.356029702,novatel_oem7_msgs.msg.SolutionStatus(status=0),novatel_oem7_msgs.msg.PositionOrVelocityType(type=53)
1786043730029659982,1786043730.027281311,/novatel/oem7/inspva,/novatel/oem7/inspva,/novatel/oem7/inspva,39.663,-75.756,-1.799925292,0.001227522,0.001445549,0.000871567,0.000864396,0.001445549,,novatel_oem7_msgs.msg.InertialSolutionStatus(status=3),
1786043730030552367,1786043730.027494940,/novatel/oem7/fix,/novatel/oem7/fix,/novatel/oem7/inspva,39.663,-75.756,-1.799925292,0.001227522,0.001445549,0.000871567,0.000864396,0.001445549,,0,
1786043730031631395,1786043730.028026735,/novatel/oem7/odom,/novatel/oem7/fix,/novatel/oem7/odom,39.663,-75.756,-1.799925292,0.001220278,0.001451669,0.000900639,0.000823363,0.001451669,,,
1786043730035502483,1786043730.034815106,/novatel/oem7/odom,/novatel/oem7/fix,/novatel/oem7/odom,39.663,-75.756,-1.799925292,0.001220278,0.001451669,0.000900639,0.000823363,0.001451669,,,
1786043730046564603,1786043730.045404615,/novatel/oem7/inspva,/novatel/oem7/inspva,/novatel/oem7/inspva,39.663,-75.756,-1.799950556,0.002365304,-0.000436530,0.002275870,-0.000644267,-0.000436530,,novatel_oem7_msgs.msg.InertialSolutionStatus(status=3),
1786043730048508793,1786043730.045787763,/novatel/oem7/fix,/novatel/oem7/fix,/novatel/oem7/inspva,39.663,-75.756,-1.799950556,0.002365304,-0.000436530,0.002275870,-0.000644267,-0.000436530,,0,
1786043730049691188,1786043730.046570737,/novatel/oem7/odom,/novatel/oem7/fix,/novatel/oem7/odom,39.663,-75.756,-1.799950556,0.002366077,-0.000432321,-0.000528255,0.002306354,-0.000432321,,,
1786043730057077132,1786043730.056384851,/novatel/oem7/odom,/novatel/oem7/fix,/novatel/oem7/odom,39.663,-75.756,-1.799950556,0.002366077,-0.000432321,-0.000528255,0.002306354,-0.000432321,,,
1786043730067043835,1786043730.066509749,/novatel/oem7/inspva,/novatel/oem7/inspva,/novatel/oem7/inspva,39.663,-75.756,-1.799958826,0.002006737,-0.000636400,0.001865104,-0.000740527,-0.000636400,,novatel_oem7_msgs.msg.InertialSolutionStatus(status=3),
1786043730068447299,1786043730.066673184,/novatel/oem7/fix,/novatel/oem7/fix,/novatel/oem7/inspva,39.663,-75.756,-1.799958826,0.002006737,-0.000636400,0.001865104,-0.000740527,-0.000636400,,0,
1786043730069531173,1786043730.067125832,/novatel/oem7/odom,/novatel/oem7/fix,/novatel/oem7/odom,39.663,-75.756,-1.799958826,0.002007558,-0.000633805,-0.000644012,0.001901457,-0.000633805,,,
1786043730075576380,1786043730.074655010,/novatel/oem7/odom,/novatel/oem7/fix,/novatel/oem7/odom,39.663,-75.756,-1.799958826,0.002007558,-0.000633805,-0.000644012,0.001901457,-0.000633805,,,
1786043730086034130,1786043730.085379734,/novatel/oem7/inspva,/novatel/oem7/inspva,/novatel/oem7/inspva,39.663,-75.756,-1.799944555,0.000392156,0.001392977,0.000294063,0.000259448,0.001392977,,novatel_oem7_msgs.msg.InertialSolutionStatus(status=3),
1786043730087507119,1786043730.085617340,/novatel/oem7/fix,/novatel/oem7/fix,/novatel/oem7/inspva,39.663,-75.756,-1.799944555,0.000392156,0.001392977,0.000294063,0.000259448,0.001392977,,0,
1786043730088579189,1786043730.086242999,/novatel/oem7/odom,/novatel/oem7/fix,/novatel/oem7/odom,39.663,-75.756,-1.799944555,0.000385279,0.001394895,0.000267909,0.000276884,0.001394895,,,
1786043730096337820,1786043730.095662156,/novatel/oem7/odom,/novatel/oem7/fix,/novatel/oem7/odom,39.663,-75.756,-1.799944555,0.000385279,0.001394895,0.000267909,0.000276884,0.001394895,,,
1786043730106656823,1786043730.105925572,/novatel/oem7/inspva,/novatel/oem7/inspva,/novatel/oem7/inspva,39.663,-75.756,-1.799948731,0.001177006,0.001425875,0.000429856,0.001095704,0.001425875,,novatel_oem7_msgs.msg.InertialSolutionStatus(status=3),
1786043730108297049,1786043730.106099227,/novatel/oem7/fix,/novatel/oem7/fix,/novatel/oem7/inspva,39.663,-75.756,-1.799948731,0.001177006,0.001425875,0.000429856,0.001095704,0.001425875,,0,
1786043730109616602,1786043730.106582999,/novatel/oem7/odom,/novatel/oem7/fix,/novatel/oem7/odom,39.663,-75.756,-1.799948731,0.001170011,0.001431621,0.001109720,0.000370739,0.001431621,,,
1786043730111527558,1786043730.109403227,/novatel/oem7/bestpos,/novatel/oem7/bestpos,/novatel/oem7/odom,39.663,-75.756,33.182186562,0.001170011,0.001431621,0.001109720,0.000370739,0.001431621,,novatel_oem7_msgs.msg.SolutionStatus(status=0),novatel_oem7_msgs.msg.PositionOrVelocityType(type=53)
1786043730112879402,1786043730.110192641,/novatel/oem7/bestvel,/novatel/oem7/bestpos,/novatel/oem7/bestvel,39.663,-75.756,33.182186562,0.001564710,0.001039966,,,,50.598060180,novatel_oem7_msgs.msg.SolutionStatus(status=0),novatel_oem7_msgs.msg.PositionOrVelocityType(type=53)
1786043730115311939,1786043730.114616335,/novatel/oem7/odom,/novatel/oem7/bestpos,/novatel/oem7/odom,39.663,-75.756,33.182186562,0.001170011,0.001431621,0.001109720,0.000370739,0.001431621,,,
1786043730127045713,1786043730.126451887,/novatel/oem7/inspva,/novatel/oem7/inspva,/novatel/oem7/inspva,39.663,-75.756,-1.799960624,0.001589585,0.000618934,0.001573270,0.000227163,0.000618934,,novatel_oem7_msgs.msg.InertialSolutionStatus(status=3),
1786043730128418467,1786043730.126660175,/novatel/oem7/fix,/novatel/oem7/fix,/novatel/oem7/inspva,39.663,-75.756,-1.799960624,0.001589585,0.000618934,0.001573270,0.000227163,0.000618934,,0,
1786043730129537714,1786043730.127171287,/novatel/oem7/odom,/novatel/oem7/fix,/novatel/oem7/odom,39.663,-75.756,-1.799960624,0.001587375,0.000624580,0.000302636,0.001558259,0.000624580,,,
1786043730135784183,1786043730.135095493,/novatel/oem7/odom,/novatel/oem7/fix,/novatel/oem7/odom,39.663,-75.756,-1.799960624,0.001587375,0.000624580,0.000302636,0.001558259,0.000624580,,,
1786043730145951642,1786043730.145026339,/novatel/oem7/inspva,/novatel/oem7/inspva,/novatel/oem7/inspva,39.663,-75.756,-1.799967467,0.001432755,0.000255593,0.001424818,0.000150601,0.000255593,,novatel_oem7_msgs.msg.InertialSolutionStatus(status=3),
1786043730148172437,1786043730.145280058,/novatel/oem7/fix,/novatel/oem7/fix,/novatel/oem7/inspva,39.663,-75.756,-1.799967467,0.001432755,0.000255593,0.001424818,0.000150601,0.000255593,,0,
1786043730149321058,1786043730.145867241,/novatel/oem7/odom,/novatel/oem7/fix,/novatel/oem7/odom,39.663,-75.756,-1.799967467,0.001431876,0.000260470,0.000220326,0.001414824,0.000260470,,,
1786043730157142123,1786043730.156223730,/novatel/oem7/odom,/novatel/oem7/fix,/novatel/oem7/odom,39.663,-75.756,-1.799967467,0.001431876,0.000260470,0.000220326,0.001414824,0.000260470,,,
1786043730166140976,1786043730.165415429,/novatel/oem7/inspva,/novatel/oem7/inspva,/novatel/oem7/inspva,39.663,-75.756,-1.799964869,0.000523860,-0.000043672,-0.000363661,0.000377068,-0.000043672,,novatel_oem7_msgs.msg.InertialSolutionStatus(status=3),
1786043730168035688,1786043730.165703142,/novatel/oem7/fix,/novatel/oem7/fix,/novatel/oem7/inspva,39.663,-75.756,-1.799964869,0.000523860,-0.000043672,-0.000363661,0.000377068,-0.000043672,,0,
1786043730169628601,1786043730.166458779,/novatel/oem7/odom,/novatel/oem7/fix,/novatel/oem7/odom,39.663,-75.756,-1.799964869,0.000523897,-0.000043226,0.000358661,-0.000381877,-0.000043226,,,
1786043730175711355,1786043730.174848390,/novatel/oem7/odom,/novatel/oem7/fix,/novatel/oem7/odom,39.663,-75.756,-1.799964869,0.000523897,-0.000043226,0.000358661,-0.000381877,-0.000043226,,,
1786043730186757692,1786043730.186069105,/novatel/oem7/inspva,/novatel/oem7/inspva,/novatel/oem7/inspva,39.663,-75.756,-1.799958495,0.000937880,0.000970064,-0.000076436,0.000934761,0.000970064,,novatel_oem7_msgs.msg.InertialSolutionStatus(status=3),
1786043730188188336,1786043730.186294317,/novatel/oem7/fix,/novatel/oem7/fix,/novatel/oem7/inspva,39.663,-75.756,-1.799958495,0.000937880,0.000970064,-0.000076436,0.000934761,0.000970064,,0,
1786043730189314710,1786043730.186861949,/novatel/oem7/odom,/novatel/oem7/fix,/novatel/oem7/odom,39.663,-75.756,-1.799958495,0.000934186,0.000973623,0.000925699,-0.000125638,0.000973623,,,
1786043730194994071,1786043730.194338157,/novatel/oem7/odom,/novatel/oem7/fix,/novatel/oem7/odom,39.663,-75.756,-1.799958495,0.000934186,0.000973623,0.000925699,-0.000125638,0.000973623,,,
1786043730207904426,1786043730.206662930,/novatel/oem7/inspva,/novatel/oem7/inspva,/novatel/oem7/inspva,39.663,-75.756,-1.799952482,0.001545372,0.001721111,0.001222304,0.000945594,0.001721111,,novatel_oem7_msgs.msg.InertialSolutionStatus(status=3),
1786043730209863529,1786043730.207191142,/novatel/oem7/fix,/novatel/oem7/fix,/novatel/oem7/inspva,39.663,-75.756,-1.799952482,0.001545372,0.001721111,0.001222304,0.000945594,0.001721111,,0,
1786043730211027294,1786043730.207969516,/novatel/oem7/odom,/novatel/oem7/fix,/novatel/oem7/odom,39.663,-75.756,-1.799952482,0.001536959,0.001728628,0.000998004,0.001168858,0.001728628,,,
1786043730212528396,1786043730.210092444,/novatel/oem7/bestpos,/novatel/oem7/bestpos,/novatel/oem7/odom,39.663,-75.756,33.182177105,0.001536959,0.001728628,0.000998004,0.001168858,0.001728628,,novatel_oem7_msgs.msg.SolutionStatus(status=0),novatel_oem7_msgs.msg.PositionOrVelocityType(type=53)
1786043730213467808,1786043730.210500715,/novatel/oem7/bestvel,/novatel/oem7/bestpos,/novatel/oem7/bestvel,39.663,-75.756,33.182177105,0.002462646,0.001037456,,,,51.899231313,novatel_oem7_msgs.msg.SolutionStatus(status=0),novatel_oem7_msgs.msg.PositionOrVelocityType(type=53)
1786043730216105571,1786043730.215458335,/novatel/oem7/odom,/novatel/oem7/bestpos,/novatel/oem7/odom,39.663,-75.756,33.182177105,0.001536959,0.001728628,0.000998004,0.001168858,0.001728628,,,
1786043730225509808,1786043730.224959509,/novatel/oem7/inspva,/novatel/oem7/inspva,/novatel/oem7/inspva,39.663,-75.756,-1.799965554,0.001711856,0.000736496,0.001507924,0.000810319,0.000736496,,novatel_oem7_msgs.msg.InertialSolutionStatus(status=3),
1786043730226843088,1786043730.225109811,/novatel/oem7/fix,/novatel/oem7/fix,/novatel/oem7/inspva,39.663,-75.756,-1.799965554,0.001711856,0.000736496,0.001507924,0.000810319,0.000736496,,0,
1786043730227920082,1786043730.225597269,/novatel/oem7/odom,/novatel/oem7/fix,/novatel/oem7/odom,39.663,-75.756,-1.799965554,0.001708466,0.000744326,0.000881317,0.001463604,0.000744326,,,
1786043730235149011,1786043730.234496621,/novatel/oem7/odom,/novatel/oem7/fix,/novatel/oem7/odom,39.663,-75.756,-1.799965554,0.001708466,0.000744326,0.000881317,0.001463604,0.000744326,,,
1786043730247490180,1786043730.246576155,/novatel/oem7/inspva,/novatel/oem7/inspva,/novatel/oem7/inspva,39.663,-75.756,-1.799974931,0.001040504,-0.000709168,0.000540450,0.000889136,-0.000709168,,novatel_oem7_msgs.msg.InertialSolutionStatus(status=3),
1786043730249457750,1786043730.246822907,/novatel/oem7/fix,/novatel/oem7/fix,/novatel/oem7/inspva,39.663,-75.756,-1.799974931,0.001040504,-0.000709168,0.000540450,0.000889136,-0.000709168,,0,
1786043730250952942,1786043730.247251672,/novatel/oem7/odom,/novatel/oem7/fix,/novatel/oem7/odom,39.663,-75.756,-1.799974931,0.001044047,-0.000703942,0.000917930,0.000497432,-0.000703942,,,
1786043730257497077,1786043730.256528284,/novatel/oem7/odom,/novatel/oem7/fix,/novatel/oem7/odom,39.663,-75.756,-1.799974931,0.001044047,-0.000703942,0.000917930,0.000497432,-0.000703942,,,
1786043730265877121,1786043730.265044899,/novatel/oem7/inspva,/novatel/oem7/inspva,/novatel/oem7/inspva,39.663,-75.756,-1.799968387,0.001767081,-0.000247352,0.000213040,0.001754192,-0.000247352,,novatel_oem7_msgs.msg.InertialSolutionStatus(status=3),
1786043730267664531,1786043730.265329995,/novatel/oem7/fix,/novatel/oem7/fix,/novatel/oem7/inspva,39.663,-75.756,-1.799968387,0.001767081,-0.000247352,0.000213040,0.001754192,-0.000247352,,0,
1786043730269110356,1786043730.265835953,/novatel/oem7/odom,/novatel/oem7/fix,/novatel/oem7/odom,39.663,-75.756,-1.799968387,0.001768150,-0.000239592,0.001763653,0.000126026,-0.000239592,,,
1786043730276258587,1786043730.275587164,/novatel/oem7/odom,/novatel/oem7/fix,/novatel/oem7/odom,39.663,-75.756,-1.799968387,0.001768150,-0.000239592,0.001763653,0.000126026,-0.000239592,,,
1786043730286093732,1786043730.285393930,/novatel/oem7/inspva,/novatel/oem7/inspva,/novatel/oem7/inspva,39.663,-75.756,-1.799948614,0.001456170,0.002373192,0.000860288,0.001174877,0.002373192,,novatel_oem7_msgs.msg.InertialSolutionStatus(status=3),
1786043730287632568,1786043730.285551965,/novatel/oem7/fix,/novatel/oem7/fix,/novatel/oem7/inspva,39.663,-75.756,-1.799948614,0.001456170,0.002373192,0.000860288,0.001174877,0.002373192,,0,
1786043730288763449,1786043730.286142579,/novatel/oem7/odom,/novatel/oem7/fix,/novatel/oem7/odom,39.663,-75.756,-1.799948614,0.001444018,0.002380606,0.001206120,0.000794016,0.002380606,,,
1786043730295862463,1786043730.295171343,/novatel/oem7/odom,/novatel/oem7/fix,/novatel/oem7/odom,39.663,-75.756,-1.799948614,0.001444018,0.002380606,0.001206120,0.000794016,0.002380606,,,
1786043730307504489,1786043730.306481545,/novatel/oem7/inspva,/novatel/oem7/inspva,/novatel/oem7/inspva,39.663,-75.756,-1.799967851,0.002011668,0.000857879,0.000997816,0.001746761,0.000857879,,novatel_oem7_msgs.msg.InertialSolutionStatus(status=3),
1786043730309952510,1786043730.306788275,/novatel/oem7/fix,/novatel/oem7/fix,/novatel/oem7/inspva,39.663,-75.756,-1.799967851,0.002011668,0.000857879,0.000997816,0.001746761,0.000857879,,0,
1786043730311347467,1786043730.307653404,/novatel/oem7/odom,/novatel/oem7/fix,/novatel/oem7/odom,39.663,-75.756,-1.799967851,0.002007307,0.000868035,0.001790649,0.000907114,0.000868035,,,
1786043730312935893,1786043730.309590270,/novatel/oem7/bestpos,/novatel/oem7/bestpos,/novatel/oem7/odom,39.663,-75.756,33.182152514,0.002007307,0.000868035,0.001790649,0.000907114,0.000868035,,novatel_oem7_msgs.msg.SolutionStatus(status=0),novatel_oem7_msgs.msg.PositionOrVelocityType(type=53)
1786043730313928267,1786043730.310209523,/novatel/oem7/bestvel,/novatel/oem7/bestpos,/novatel/oem7/bestvel,39.663,-75.756,33.182152514,0.003125768,0.000053832,,,,61.353986125,novatel_oem7_msgs.msg.SolutionStatus(status=0),novatel_oem7_msgs.msg.PositionOrVelocityType(type=53)
1786043730315635017,1786043730.314686917,/novatel/oem7/odom,/novatel/oem7/bestpos,/novatel/oem7/odom,39.663,-75.756,33.182152514,0.002007307,0.000868035,0.001790649,0.000907114,0.000868035,,,
1786043730326095224,1786043730.325433465,/novatel/oem7/inspva,/novatel/oem7/inspva,/novatel/oem7/inspva,39.663,-75.756,-1.799979359,0.001774870,-0.000400794,0.001694233,0.000528904,-0.000400794,,novatel_oem7_msgs.msg.InertialSolutionStatus(status=3),
1786043730327636296,1786043730.325660780,/novatel/oem7/fix,/novatel/oem7/fix,/novatel/oem7/inspva,39.663,-75.756,-1.799979359,0.001774870,-0.000400794,0.001694233,0.000528904,-0.000400794,,0,
1786043730328734647,1786043730.326411071,/novatel/oem7/odom,/novatel/oem7/fix,/novatel/oem7/odom,39.663,-75.756,-1.799979359,0.001776490,-0.000393553,0.000614341,0.001666884,-0.000393553,,,
1786043730336402244,1786043730.335722710,/novatel/oem7/odom,/novatel/oem7/fix,/novatel/oem7/odom,39.663,-75.756,-1.799979359,0.001776490,-0.000393553,0.000614341,0.001666884,-0.000393553,,,
1786043730347160321,1786043730.345127111,/novatel/oem7/inspva,/novatel/oem7/inspva,/novatel/oem7/inspva,39.663,-75.756,-1.799981150,0.001429457,-0.000787533,0.001028794,0.000992436,-0.000787533,,novatel_oem7_msgs.msg.InertialSolutionStatus(status=3),
1786043730348968656,1786043730.345458877,/novatel/oem7/fix,/novatel/oem7/fix,/novatel/oem7/inspva,39.663,-75.756,-1.799981150,0.001429457,-0.000787533,0.001028794,0.000992436,-0.000787533,,0,
1786043730350609576,1786043730.346176861,/novatel/oem7/odom,/novatel/oem7/fix,/novatel/oem7/odom,39.663,-75.756,-1.799981150,0.001433358,-0.000780410,0.001045764,0.000980251,-0.000780410,,,
1786043730356968122,1786043730.355976796,/novatel/oem7/odom,/novatel/oem7/fix,/novatel/oem7/odom,39.663,-75.756,-1.799981150,0.001433358,-0.000780410,0.001045764,0.000980251,-0.000780410,,,
1786043730368053349,1786043730.366785784,/novatel/oem7/inspva,/novatel/oem7/inspva,/novatel/oem7/inspva,39.663,-75.756,-1.799957561,0.001552914,0.002020944,-0.000315468,0.001520533,0.002020944,,novatel_oem7_msgs.msg.InertialSolutionStatus(status=3),
1786043730369978609,1786043730.367607755,/novatel/oem7/fix,/novatel/oem7/fix,/novatel/oem7/inspva,39.663,-75.756,-1.799957561,0.001552914,0.002020944,-0.000315468,0.001520533,0.002020944,,0,
1786043730371088587,1786043730.368760133,/novatel/oem7/odom,/novatel/oem7/fix,/novatel/oem7/odom,39.663,-75.756,-1.799957561,0.001546046,0.002026202,0.001494331,-0.000396526,0.002026202,,,
1786043730376077670,1786043730.374985715,/novatel/oem7/odom,/novatel/oem7/fix,/novatel/oem7/odom,39.663,-75.756,-1.799957561,0.001546046,0.002026202,0.001494331,-0.000396526,0.002026202,,,
1786043730385918495,1786043730.385032969,/novatel/oem7/inspva,/novatel/oem7/inspva,/novatel/oem7/inspva,39.663,-75.756,-1.799963509,0.001826158,0.001936466,0.000305557,0.001800413,0.001936466,,novatel_oem7_msgs.msg.InertialSolutionStatus(status=3),
1786043730387500807,1786043730.385243928,/novatel/oem7/fix,/novatel/oem7/fix,/novatel/oem7/inspva,39.663,-75.756,-1.799963509,0.001826158,0.001936466,0.000305557,0.001800413,0.001936466,,0,
1786043730388616594,1786043730.385767853,/novatel/oem7/odom,/novatel/oem7/fix,/novatel/oem7/odom,39.663,-75.756,-1.799963509,0.001817370,0.001944716,0.001805199,0.000209979,0.001944716,,,
1786043730396278491,1786043730.395500406,/novatel/oem7/odom,/novatel/oem7/fix,/novatel/oem7/odom,39.663,-75.756,-1.799963509,0.001817370,0.001944716,0.001805199,0.000209979,0.001944716,,,
1786043730407630917,1786043730.406632591,/novatel/oem7/inspva,/novatel/oem7/inspva,/novatel/oem7/inspva,39.663,-75.756,-1.799985205,0.001831806,-0.000855924,0.001662275,0.000769645,-0.000855924,,novatel_oem7_msgs.msg.InertialSolutionStatus(status=3),
1786043730409301121,1786043730.406890180,/novatel/oem7/fix,/novatel/oem7/fix,/novatel/oem7/inspva,39.663,-75.756,-1.799985205,0.001831806,-0.000855924,0.001662275,0.000769645,-0.000855924,,0,
1786043730410524640,1786043730.407356371,/novatel/oem7/odom,/novatel/oem7/fix,/novatel/oem7/odom,39.663,-75.756,-1.799985205,0.001835592,-0.000847774,0.000855145,0.001624230,-0.000847774,,,
1786043730412203687,1786043730.410297821,/novatel/oem7/bestpos,/novatel/oem7/bestpos,/novatel/oem7/odom,39.663,-75.756,33.182140704,0.001835592,-0.000847774,0.000855145,0.001624230,-0.000847774,,novatel_oem7_msgs.msg.SolutionStatus(status=0),novatel_oem7_msgs.msg.PositionOrVelocityType(type=53)
1786043730413189626,1786043730.410768035,/novatel/oem7/bestvel,/novatel/oem7/bestpos,/novatel/oem7/bestvel,39.663,-75.756,33.182140704,0.001919605,-0.000892776,,,,61.657441478,novatel_oem7_msgs.msg.SolutionStatus(status=0),novatel_oem7_msgs.msg.PositionOrVelocityType(type=53)
1786043730415629137,1786043730.414840279,/novatel/oem7/odom,/novatel/oem7/bestpos,/novatel/oem7/odom,39.663,-75.756,33.182140704,0.001835592,-0.000847774,0.000855145,0.001624230,-0.000847774,,,
1786043730427139265,1786043730.426415181,/novatel/oem7/inspva,/novatel/oem7/inspva,/novatel/oem7/inspva,39.663,-75.756,-1.799979466,0.001516176,-0.000085847,0.001441046,0.000471356,-0.000085847,,novatel_oem7_msgs.msg.InertialSolutionStatus(status=3),
1786043730428589293,1786043730.426593446,/novatel/oem7/fix,/novatel/oem7/fix,/novatel/oem7/inspva,39.663,-75.756,-1.799979466,0.001516176,-0.000085847,0.001441046,0.000471356,-0.000085847,,0,
1786043730429687247,1786043730.427084441,/novatel/oem7/odom,/novatel/oem7/fix,/novatel/oem7/odom,39.663,-75.756,-1.799979466,0.001516516,-0.000079615,0.000542939,0.001415994,-0.000079615,,,
1786043730435298307,1786043730.434496382,/novatel/oem7/odom,/novatel/oem7/fix,/novatel/oem7/odom,39.663,-75.756,-1.799979466,0.001516516,-0.000079615,0.000542939,0.001415994,-0.000079615,,,
1786043730447337750,1786043730.445714191,/novatel/oem7/inspva,/novatel/oem7/inspva,/novatel/oem7/inspva,39.663,-75.756,-1.799967999,0.002993111,0.000703474,-0.000414918,0.002964213,0.000703474,,novatel_oem7_msgs.msg.InertialSolutionStatus(status=3),
1786043730449692354,1786043730.446809182,/novatel/oem7/fix,/novatel/oem7/fix,/novatel/oem7/inspva,39.663,-75.756,-1.799967999,0.002993111,0.000703474,-0.000414918,0.002964213,0.000703474,,0,
1786043730451225832,1786043730.447916803,/novatel/oem7/odom,/novatel/oem7/fix,/novatel/oem7/odom,39.663,-75.756,-1.799967999,0.002990569,0.000714205,0.002936872,-0.000564166,0.000714205,,,
1786043730458062997,1786043730.456994720,/novatel/oem7/odom,/novatel/oem7/fix,/novatel/oem7/odom,39.663,-75.756,-1.799967999,0.002990569,0.000714205,0.002936872,-0.000564166,0.000714205,,,
1786043730466157928,1786043730.465333886,/novatel/oem7/inspva,/novatel/oem7/inspva,/novatel/oem7/inspva,39.663,-75.756,-1.799965970,0.001982782,0.001486392,-0.000211501,0.001971470,0.001486392,,novatel_oem7_msgs.msg.InertialSolutionStatus(status=3),
1786043730467632743,1786043730.465663176,/novatel/oem7/fix,/novatel/oem7/fix,/novatel/oem7/inspva,39.663,-75.756,-1.799965970,0.001982782,0.001486392,-0.000211501,0.001971470,0.001486392,,0,
1786043730468912988,1786043730.466074420,/novatel/oem7/odom,/novatel/oem7/fix,/novatel/oem7/odom,39.663,-75.756,-1.799965970,0.001977199,0.001493811,0.001952158,-0.000313678,0.001493811,,,
1786043730475482108,1786043730.474598199,/novatel/oem7/odom,/novatel/oem7/fix,/novatel/oem7/odom,39.663,-75.756,-1.799965970,0.001977199,0.001493811,0.001952158,-0.000313678,0.001493811,,,
1786043730487587391,1786043730.486771050,/novatel/oem7/inspva,/novatel/oem7/inspva,/novatel/oem7/inspva,39.663,-75.756,-1.799981067,0.002539295,0.000262917,0.001675371,0.001908180,0.000262917,,novatel_oem7_msgs.msg.InertialSolutionStatus(status=3),
1786043730489106690,1786043730.486972752,/novatel/oem7/fix,/novatel/oem7/fix,/novatel/oem7/inspva,39.663,-75.756,-1.799981067,0.002539295,0.000262917,0.001675371,0.001908180,0.000262917,,0,
1786043730490204334,1786043730.487488624,/novatel/oem7/odom,/novatel/oem7/fix,/novatel/oem7/odom,39.663,-75.756,-1.799981067,0.002537937,0.000275715,0.001988191,0.001577409,0.000275715,,,
1786043730496054809,1786043730.495254968,/novatel/oem7/odom,/novatel/oem7/fix,/novatel/oem7/odom,39.663,-75.756,-1.799981067,0.002537937,0.000275715,0.001988191,0.001577409,0.000275715,,,
1786043730506764066,1786043730.505891541,/novatel/oem7/inspva,/novatel/oem7/inspva,/novatel/oem7/inspva,39.663,-75.756,-1.799983834,0.001983496,0.000145757,0.001288534,0.001507958,0.000145757,,novatel_oem7_msgs.msg.InertialSolutionStatus(status=3),
1786043730508362405,1786043730.506087986,/novatel/oem7/fix,/novatel/oem7/fix,/novatel/oem7/inspva,39.663,-75.756,-1.799983834,0.001983496,0.000145757,0.001288534,0.001507958,0.000145757,,0,
1786043730509568914,1786043730.506604954,/novatel/oem7/odom,/novatel/oem7/fix,/novatel/oem7/odom,39.663,-75.756,-1.799983834,0.001982733,0.000155790,0.001569691,0.001211322,0.000155790,,,
1786043730512051132,1786043730.511261728,/novatel/oem7/bestpos,/novatel/oem7/bestpos,/novatel/oem7/odom,39.663,-75.756,33.182143354,0.001982733,0.000155790,0.001569691,0.001211322,0.000155790,,novatel_oem7_msgs.msg.SolutionStatus(status=0),novatel_oem7_msgs.msg.PositionOrVelocityType(type=53)
1786043730513622934,1786043730.512172920,/novatel/oem7/bestvel,/novatel/oem7/bestpos,/novatel/oem7/bestvel,39.663,-75.756,33.182143354,0.003118516,-0.000280258,,,,77.829010475,novatel_oem7_msgs.msg.SolutionStatus(status=0),novatel_oem7_msgs.msg.PositionOrVelocityType(type=53)
1786043730516300095,1786043730.515518897,/novatel/oem7/odom,/novatel/oem7/bestpos,/novatel/oem7/odom,39.663,-75.756,33.182143354,0.001982733,0.000155790,0.001569691,0.001211322,0.000155790,,,
1786043730526060995,1786043730.525272587,/novatel/oem7/inspva,/novatel/oem7/inspva,/novatel/oem7/inspva,39.663,-75.756,-1.799977045,0.001942668,0.000321825,0.000216859,0.001930526,0.000321825,,novatel_oem7_msgs.msg.InertialSolutionStatus(status=3),
1786043730527559570,1786043730.525536693,/novatel/oem7/fix,/novatel/oem7/fix,/novatel/oem7/inspva,39.663,-75.756,-1.799977045,0.001942668,0.000321825,0.000216859,0.001930526,0.000321825,,0,
1786043730528647491,1786043730.526068738,/novatel/oem7/odom,/novatel/oem7/fix,/novatel/oem7/odom,39.663,-75.756,-1.799977045,0.001941245,0.000330302,0.001937567,0.000119433,0.000330302,,,
1786043730535903293,1786043730.534958447,/novatel/oem7/odom,/novatel/oem7/fix,/novatel/oem7/odom,39.663,-75.756,-1.799977045,0.001941245,0.000330302,0.001937567,0.000119433,0.000330302,,,
1786043730546843322,1786043730.546075765,/novatel/oem7/inspva,/novatel/oem7/inspva,/novatel/oem7/inspva,39.663,-75.756,-1.799973265,0.002737978,0.000827761,-0.000303745,0.002721078,0.000827761,,novatel_oem7_msgs.msg.InertialSolutionStatus(status=3),
1786043730548284810,1786043730.546273794,/novatel/oem7/fix,/novatel/oem7/fix,/novatel/oem7/inspva,39.663,-75.756,-1.799973265,0.002737978,0.000827761,-0.000303745,0.002721078,0.000827761,,0,
1786043730549379871,1786043730.546764575,/novatel/oem7/odom,/novatel/oem7/fix,/novatel/oem7/odom,39.663,-75.756,-1.799973265,0.002734893,0.000837899,0.002699048,-0.000441335,0.000837899,,,
1786043730556590930,1786043730.555817769,/novatel/oem7/odom,/novatel/oem7/fix,/novatel/oem7/odom,39.663,-75.756,-1.799973265,0.002734893,0.000837899,0.002699048,-0.000441335,0.000837899,,,
1786043730565749404,1786043730.565249393,/novatel/oem7/inspva,/novatel/oem7/inspva,/novatel/oem7/inspva,39.663,-75.756,-1.799970747,0.002442713,0.001493268,0.001708929,0.001745397,0.001493268,,novatel_oem7_msgs.msg.InertialSolutionStatus(status=3),
1786043730567273543,1786043730.565327700,/novatel/oem7/fix,/novatel/oem7/fix,/novatel/oem7/inspva,39.663,-75.756,-1.799970747,0.002442713,0.001493268,0.001708929,0.001745397,0.001493268,,0,
1786043730568339784,1786043730.565984570,/novatel/oem7/odom,/novatel/oem7/fix,/novatel/oem7/odom,39.663,-75.756,-1.799970747,0.002435156,0.001505561,0.001822044,0.001615593,0.001505561,,,
1786043730576597739,1786043730.575907079,/novatel/oem7/odom,/novatel/oem7/fix,/novatel/oem7/odom,39.663,-75.756,-1.799970747,0.002435156,0.001505561,0.001822044,0.001615593,0.001505561,,,
1786043730585556922,1786043730.585014670,/novatel/oem7/inspva,/novatel/oem7/inspva,/novatel/oem7/inspva,39.663,-75.756,-1.799975610,0.001980718,0.001113602,0.001348482,0.001450806,0.001113602,,novatel_oem7_msgs.msg.InertialSolutionStatus(status=3),
1786043730586896532,1786043730.585172351,/novatel/oem7/fix,/novatel/oem7/fix,/novatel/oem7/inspva,39.663,-75.756,-1.799975610,0.001980718,0.001113602,0.001348482,0.001450806,0.001113602,,0,
1786043730587963989,1786043730.585600379,/novatel/oem7/odom,/novatel/oem7/fix,/novatel/oem7/odom,39.663,-75.756,-1.799975610,0.001975102,0.001123533,0.001511522,0.001271349,0.001123533,,,
1786043730595243198,1786043730.594458397,/novatel/oem7/odom,/novatel/oem7/fix,/novatel/oem7/odom,39.663,-75.756,-1.799975610,0.001975102,0.001123533,0.001511522,0.001271349,0.001123533,,,
1786043730606810203,1786043730.606263148,/novatel/oem7/inspva,/novatel/oem7/inspva,/novatel/oem7/inspva,39.663,-75.756,-1.799971983,0.002259641,0.000190485,0.000253376,0.002245390,0.000190485,,novatel_oem7_msgs.msg.InertialSolutionStatus(status=3),
1786043730608279652,1786043730.606410466,/novatel/oem7/fix,/novatel/oem7/fix,/novatel/oem7/inspva,39.663,-75.756,-1.799971983,0.002259641,0.000190485,0.000253376,0.002245390,0.000190485,,0,
1786043730609354026,1786043730.606984322,/novatel/oem7/odom,/novatel/oem7/fix,/novatel/oem7/odom,39.663,-75.756,-1.799971983,0.002258790,0.000200324,0.002254412,0.000140561,0.000200324,,,
1786043730610831547,1786043730.610242801,/novatel/oem7/bestpos,/novatel/oem7/bestpos,/novatel/oem7/odom,39.663,-75.756,33.182181319,0.002258790,0.000200324,0.002254412,0.000140561,0.000200324,,novatel_oem7_msgs.msg.SolutionStatus(status=0),novatel_oem7_msgs.msg.PositionOrVelocityType(type=53)
1786043730612234238,1786043730.610663017,/novatel/oem7/bestvel,/novatel/oem7/bestpos,/novatel/oem7/bestvel,39.663,-75.756,33.182181319,0.001619345,0.000923520,,,,104.559641038,novatel_oem7_msgs.msg.SolutionStatus(status=0),novatel_oem7_msgs.msg.PositionOrVelocityType(type=53)
1786043730615719419,1786043730.615040776,/novatel/oem7/odom,/novatel/oem7/bestpos,/novatel/oem7/odom,39.663,-75.756,33.182181319,0.002258790,0.000200324,0.002254412,0.000140561,0.000200324,,,
1786043730625410799,1786043730.624925289,/novatel/oem7/inspva,/novatel/oem7/inspva,/novatel/oem7/inspva,39.663,-75.756,-1.799962740,0.002127998,0.000691167,-0.000142768,0.002123203,0.000691167,,novatel_oem7_msgs.msg.InertialSolutionStatus(status=3),
1786043730626752306,1786043730.625010261,/novatel/oem7/fix,/novatel/oem7/fix,/novatel/oem7/inspva,39.663,-75.756,-1.799962740,0.002127998,0.000691167,-0.000142768,0.002123203,0.000691167,,0,
1786043730627814820,1786043730.625484550,/novatel/oem7/odom,/novatel/oem7/fix,/novatel/oem7/odom,39.663,-75.756,-1.799962740,0.002125321,0.000699353,0.002110521,-0.000250381,0.000699353,,,
1786043730636261317,1786043730.635556507,/novatel/oem7/odom,/novatel/oem7/fix,/novatel/oem7/odom,39.663,-75.756,-1.799962740,0.002125321,0.000699353,0.002110521,-0.000250381,0.000699353,,,
1786043730645802912,1786043730.645262781,/novatel/oem7/inspva,/novatel/oem7/inspva,/novatel/oem7/inspva,39.663,-75.756,-1.799956665,0.002841461,0.001244621,0.000488547,0.002799146,0.001244621,,novatel_oem7_msgs.msg.InertialSolutionStatus(status=3),
1786043730647175903,1786043730.645443659,/novatel/oem7/fix,/novatel/oem7/fix,/novatel/oem7/inspva,39.663,-75.756,-1.799956665,0.002841461,0.001244621,0.000488547,0.002799146,0.001244621,,0,
1786043730648264001,1786043730.646058195,/novatel/oem7/odom,/novatel/oem7/fix,/novatel/oem7/odom,39.663,-75.756,-1.799956665,0.002835796,0.001257473,0.002814746,0.000344882,0.001257473,,,
1786043730657127532,1786043730.656442808,/novatel/oem7/odom,/novatel/oem7/fix,/novatel/oem7/odom,39.663,-75.756,-1.799956665,0.002835796,0.001257473,0.002814746,0.000344882,0.001257473,,,
1786043730666810526,1786043730.666279560,/novatel/oem7/inspva,/novatel/oem7/inspva,/novatel/oem7/inspva,39.663,-75.756,-1.799955555,0.002172146,0.001703037,0.000982385,0.001937301,0.001703037,,novatel_oem7_msgs.msg.InertialSolutionStatus(status=3),
1786043730668127622,1786043730.666451108,/novatel/oem7/fix,/novatel/oem7/fix,/novatel/oem7/inspva,39.663,-75.756,-1.799955555,0.002172146,0.001703037,0.000982385,0.001937301,0.001703037,,0,
1786043730669177439,1786043730.666922270,/novatel/oem7/odom,/novatel/oem7/fix,/novatel/oem7/odom,39.663,-75.756,-1.799955555,0.002163589,0.001713894,0.001976643,0.000879774,0.001713894,,,
1786043730675166922,1786043730.674505372,/novatel/oem7/odom,/novatel/oem7/fix,/novatel/oem7/odom,39.663,-75.756,-1.799955555,0.002163589,0.001713894,0.001976643,0.000879774,0.001713894,,,
1786043730685773998,1786043730.685215709,/novatel/oem7/inspva,/novatel/oem7/inspva,/novatel/oem7/inspva,39.663,-75.756,-1.799966704,0.001262868,-0.000789719,0.000580380,0.001121603,-0.000789719,,novatel_oem7_msgs.msg.InertialSolutionStatus(status=3),
1786043730687113928,1786043730.685358692,/novatel/oem7/fix,/novatel/oem7/fix,/novatel/oem7/inspva,39.663,-75.756,-1.799966704,0.001262868,-0.000789719,0.000580380,0.001121603,-0.000789719,,0,
1786043730688162585,1786043730.685635987,/novatel/oem7/odom,/novatel/oem7/fix,/novatel/oem7/odom,39.663,-75.756,-1.799966704,0.001266780,-0.000783427,0.001152458,0.000525902,-0.000783427,,,
1786043730696143994,1786043730.695474088,/novatel/oem7/odom,/novatel/oem7/fix,/novatel/oem7/odom,39.663,-75.756,-1.799966704,0.001266780,-0.000783427,0.001152458,0.000525902,-0.000783427,,,
1786043730706707583,1786043730.706159761,/novatel/oem7/inspva,/novatel/oem7/inspva,/novatel/oem7/inspva,39.663,-75.756,-1.799961819,0.002017617,-0.000647862,0.000327731,0.001990822,-0.000647862,,novatel_oem7_msgs.msg.InertialSolutionStatus(status=3),
1786043730708028400,1786043730.706365953,/novatel/oem7/fix,/novatel/oem7/fix,/novatel/oem7/inspva,39.663,-75.756,-1.799961819,0.002017617,-0.000647862,0.000327731,0.001990822,-0.000647862,,0,
1786043730709063727,1786043730.706888305,/novatel/oem7/odom,/novatel/oem7/fix,/novatel/oem7/odom,39.663,-75.756,-1.799961819,0.002020505,-0.000638798,0.002007392,0.000229823,-0.000638798,,,
1786043730710495734,1786043730.709481737,/novatel/oem7/bestpos,/novatel/oem7/bestpos,/novatel/oem7/odom,39.663,-75.756,33.182186548,0.002020505,-0.000638798,0.002007392,0.000229823,-0.000638798,,novatel_oem7_msgs.msg.SolutionStatus(status=0),novatel_oem7_msgs.msg.PositionOrVelocityType(type=53)
1786043730711877711,1786043730.710118244,/novatel/oem7/bestvel,/novatel/oem7/bestpos,/novatel/oem7/bestvel,39.663,-75.756,33.182186548,0.001127388,0.000069936,,,,96.887342355,novatel_oem7_msgs.msg.SolutionStatus(status=0),novatel_oem7_msgs.msg.PositionOrVelocityType(type=53)
1786043730715034417,1786043730.714365726,/novatel/oem7/odom,/novatel/oem7/bestpos,/novatel/oem7/odom,39.663,-75.756,33.182186548,0.002020505,-0.000638798,0.002007392,0.000229823,-0.000638798,,,
1786043730727241438,1786043730.726724886,/novatel/oem7/inspva,/novatel/oem7/inspva,/novatel/oem7/inspva,39.663,-75.756,-1.799954466,0.002657955,0.001171120,0.000029952,0.002657787,0.001171120,,novatel_oem7_msgs.msg.InertialSolutionStatus(status=3),
1786043730729053389,1786043730.726902498,/novatel/oem7/fix,/novatel/oem7/fix,/novatel/oem7/inspva,39.663,-75.756,-1.799954466,0.002657955,0.001171120,0.000029952,0.002657787,0.001171120,,0,
1786043730730656819,1786043730.727374476,/novatel/oem7/odom,/novatel/oem7/fix,/novatel/oem7/odom,39.663,-75.756,-1.799954466,0.002653080,0.001182124,0.002650965,-0.000105915,0.001182124,,,
1786043730735907455,1786043730.735254944,/novatel/oem7/odom,/novatel/oem7/fix,/novatel/oem7/odom,39.663,-75.756,-1.799954466,0.002653080,0.001182124,0.002650965,-0.000105915,0.001182124,,,
1786043730745745976,1786043730.745225464,/novatel/oem7/inspva,/novatel/oem7/inspva,/novatel/oem7/inspva,39.663,-75.756,-1.799963788,0.003052726,0.001474623,0.000874414,0.002924814,0.001474623,,novatel_oem7_msgs.msg.InertialSolutionStatus(status=3),
1786043730747039422,1786043730.745396239,/novatel/oem7/fix,/novatel/oem7/fix,/novatel/oem7/inspva,39.663,-75.756,-1.799963788,0.003052726,0.001474623,0.000874414,0.002924814,0.001474623,,0,
1786043730748073632,1786043730.745867934,/novatel/oem7/odom,/novatel/oem7/fix,/novatel/oem7/odom,39.663,-75.756,-1.799963788,0.003045658,0.001489166,0.002958528,0.000723288,0.001489166,,,
1786043730756318151,1786043730.755679275,/novatel/oem7/odom,/novatel/oem7/fix,/novatel/oem7/odom,39.663,-75.756,-1.799963788,0.003045658,0.001489166,0.002958528,0.000723288,0.001489166,,,
1786043730765944197,1786043730.765429272,/novatel/oem7/inspva,/novatel/oem7/inspva,/novatel/oem7/inspva,39.663,-75.756,-1.799982012,0.001633305,-0.000889833,0.001119276,0.001189498,-0.000889833,,novatel_oem7_msgs.msg.InertialSolutionStatus(status=3),
1786043730767250580,1786043730.765604621,/novatel/oem7/fix,/novatel/oem7/fix,/novatel/oem7/inspva,39.663,-75.756,-1.799982012,0.001633305,-0.000889833,0.001119276,0.001189498,-0.000889833,,0,
1786043730768304714,1786043730.766196077,/novatel/oem7/odom,/novatel/oem7/fix,/novatel/oem7/odom,39.663,-75.756,-1.799982012,0.001637746,-0.000881632,0.001247590,0.001061005,-0.000881632,,,
1786043730775787122,1786043730.775122402,/novatel/oem7/odom,/novatel/oem7/fix,/novatel/oem7/odom,39.663,-75.756,-1.799982012,0.001637746,-0.000881632,0.001247590,0.001061005,-0.000881632,,,
1786043730786819009,1786043730.786288023,/novatel/oem7/inspva,/novatel/oem7/inspva,/novatel/oem7/inspva,39.663,-75.756,-1.799983910,0.001560732,-0.001504358,0.001089211,0.001117812,-0.001504358,,novatel_oem7_msgs.msg.InertialSolutionStatus(status=3),
1786043730788133835,1786043730.786471502,/novatel/oem7/fix,/novatel/oem7/fix,/novatel/oem7/inspva,39.663,-75.756,-1.799983910,0.001560732,-0.001504358,0.001089211,0.001117812,-0.001504358,,0,
1786043730789344284,1786043730.787014424,/novatel/oem7/odom,/novatel/oem7/fix,/novatel/oem7/odom,39.663,-75.756,-1.799983910,0.001568197,-0.001496574,0.001177040,0.001036251,-0.001496574,,,
1786043730795215739,1786043730.794567666,/novatel/oem7/odom,/novatel/oem7/fix,/novatel/oem7/odom,39.663,-75.756,-1.799983910,0.001568197,-0.001496574,0.001177040,0.001036251,-0.001496574,,,
1786043730806768378,1786043730.806228962,/novatel/oem7/inspva,/novatel/oem7/inspva,/novatel/oem7/inspva,39.663,-75.756,-1.799963482,0.003253478,0.001808916,-0.000045186,0.003253164,0.001808916,,novatel_oem7_msgs.msg.InertialSolutionStatus(status=3),
1786043730808112111,1786043730.806417371,/novatel/oem7/fix,/novatel/oem7/fix,/novatel/oem7/inspva,39.663,-75.756,-1.799963482,0.003253478,0.001808916,-0.000045186,0.003253164,0.001808916,,0,
1786043730809208869,1786043730.807117835,/novatel/oem7/odom,/novatel/oem7/fix,/novatel/oem7/odom,39.663,-75.756,-1.799963482,0.003246172,0.001821995,0.003239211,-0.000212471,0.001821995,,,
1786043730811114155,1786043730.810252516,/novatel/oem7/bestpos,/novatel/oem7/bestpos,/novatel/oem7/odom,39.663,-75.756,33.182165161,0.003246172,0.001821995,0.003239211,-0.000212471,0.001821995,,novatel_oem7_msgs.msg.SolutionStatus(status=0),novatel_oem7_msgs.msg.PositionOrVelocityType(type=53)
1786043730812586529,1786043730.810638710,/novatel/oem7/bestvel,/novatel/oem7/bestpos,/novatel/oem7/bestvel,39.663,-75.756,33.182165161,0.002912534,0.001423507,,,,67.470536324,novatel_oem7_msgs.msg.SolutionStatus(status=0),novatel_oem7_msgs.msg.PositionOrVelocityType(type=53)
1786043730816163725,1786043730.815492751,/novatel/oem7/odom,/novatel/oem7/bestpos,/novatel/oem7/odom,39.663,-75.756,33.182165161,0.003246172,0.001821995,0.003239211,-0.000212471,0.001821995,,,
1786043730825719560,1786043730.825154965,/novatel/oem7/inspva,/novatel/oem7/inspva,/novatel/oem7/inspva,39.663,-75.756,-1.799977400,0.003090087,0.001364649,0.000654116,0.003020061,0.001364649,,novatel_oem7_msgs.msg.InertialSolutionStatus(status=3),
1786043730827078820,1786043730.825336353,/novatel/oem7/fix,/novatel/oem7/fix,/novatel/oem7/inspva,39.663,-75.756,-1.799977400,0.003090087,0.001364649,0.000654116,0.003020061,0.001364649,,0,
1786043730828147031,1786043730.825703620,/novatel/oem7/odom,/novatel/oem7/fix,/novatel/oem7/odom,39.663,-75.756,-1.799977400,0.003083716,0.001378985,0.003043106,0.000498810,0.001378985,,,
1786043730835102844,1786043730.834390740,/novatel/oem7/odom,/novatel/oem7/fix,/novatel/oem7/odom,39.663,-75.756,-1.799977400,0.003083716,0.001378985,0.003043106,0.000498810,0.001378985,,,
1786043730847222935,1786043730.846444513,/novatel/oem7/inspva,/novatel/oem7/inspva,/novatel/oem7/inspva,39.663,-75.756,-1.799995996,0.002075553,-0.000675242,0.001746235,0.001121866,-0.000675242,,novatel_oem7_msgs.msg.InertialSolutionStatus(status=3),
1786043730848721843,1786043730.846623632,/novatel/oem7/fix,/novatel/oem7/fix,/novatel/oem7/inspva,39.663,-75.756,-1.799995996,0.002075553,-0.000675242,0.001746235,0.001121866,-0.000675242,,0,
1786043730849825787,1786043730.847252785,/novatel/oem7/odom,/novatel/oem7/fix,/novatel/oem7/odom,39.663,-75.756,-1.799995996,0.002078700,-0.000665492,0.001210408,0.001689942,-0.000665492,,,
1786043730857079306,1786043730.856330122,/novatel/oem7/odom,/novatel/oem7/fix,/novatel/oem7/odom,39.663,-75.756,-1.799995996,0.002078700,-0.000665492,0.001210408,0.001689942,-0.000665492,,,
1786043730865642958,1786043730.864974502,/novatel/oem7/inspva,/novatel/oem7/inspva,/novatel/oem7/inspva,39.663,-75.756,-1.800004644,0.002296746,-0.001198580,0.001463521,0.001770070,-0.001198580,,novatel_oem7_msgs.msg.InertialSolutionStatus(status=3),
1786043730867020492,1786043730.865127266,/novatel/oem7/fix,/novatel/oem7/fix,/novatel/oem7/inspva,39.663,-75.756,-1.800004644,0.002296746,-0.001198580,0.001463521,0.001770070,-0.001198580,,0,
1786043730868077193,1786043730.865589324,/novatel/oem7/odom,/novatel/oem7/fix,/novatel/oem7/odom,39.663,-75.756,-1.800004644,0.002302749,-0.001187007,0.001845918,0.001376677,-0.001187007,,,
1786043730876358328,1786043730.875627281,/novatel/oem7/odom,/novatel/oem7/fix,/novatel/oem7/odom,39.663,-75.756,-1.800004644,0.002302749,-0.001187007,0.001845918,0.001376677,-0.001187007,,,
1786043730886113759,1786043730.885488009,/novatel/oem7/inspva,/novatel/oem7/inspva,/novatel/oem7/inspva,39.663,-75.756,-1.799996408,0.003056002,0.000507800,-0.000503855,0.003014179,0.000507800,,novatel_oem7_msgs.msg.InertialSolutionStatus(status=3),
1786043730887596147,1786043730.885629938,/novatel/oem7/fix,/novatel/oem7/fix,/novatel/oem7/inspva,39.663,-75.756,-1.799996408,0.003056002,0.000507800,-0.000503855,0.003014179,0.000507800,,0,
1786043730888674788,1786043730.886557857,/novatel/oem7/odom,/novatel/oem7/fix,/novatel/oem7/odom,39.663,-75.756,-1.799996408,0.003054185,0.000518616,0.002983114,-0.000655039,0.000518616,,,
1786043730895523036,1786043730.894769609,/novatel/oem7/odom,/novatel/oem7/fix,/novatel/oem7/odom,39.663,-75.756,-1.799996408,0.003054185,0.000518616,0.002983114,-0.000655039,0.000518616,,,
1786043730906537302,1786043730.905900206,/novatel/oem7/inspva,/novatel/oem7/inspva,/novatel/oem7/inspva,39.663,-75.756,-1.800006737,0.003227943,0.001062575,0.000254549,0.003217891,0.001062575,,novatel_oem7_msgs.msg.InertialSolutionStatus(status=3),
1786043730907997064,1786043730.906072418,/novatel/oem7/fix,/novatel/oem7/fix,/novatel/oem7/inspva,39.663,-75.756,-1.800006737,0.003227943,0.001062575,0.000254549,0.003217891,0.001062575,,0,
1786043730909080132,1786043730.906547893,/novatel/oem7/odom,/novatel/oem7/fix,/novatel/oem7/odom,39.663,-75.756,-1.800006737,0.003223324,0.001076506,0.003222048,0.000090700,0.001076506,,,
1786043730910613750,1786043730.909497419,/novatel/oem7/bestpos,/novatel/oem7/bestpos,/novatel/oem7/odom,39.663,-75.756,33.182117130,0.003223324,0.001076506,0.003222048,0.000090700,0.001076506,,novatel_oem7_msgs.msg.SolutionStatus(status=0),novatel_oem7_msgs.msg.PositionOrVelocityType(type=53)
1786043730912055804,1786043730.910309467,/novatel/oem7/bestvel,/novatel/oem7/bestpos,/novatel/oem7/bestvel,39.663,-75.756,33.182117130,0.003249087,0.000775583,,,,75.533011515,novatel_oem7_msgs.msg.SolutionStatus(status=0),novatel_oem7_msgs.msg.PositionOrVelocityType(type=53)
1786043730915602640,1786043730.914835202,/novatel/oem7/odom,/novatel/oem7/bestpos,/novatel/oem7/odom,39.663,-75.756,33.182117130,0.003223324,0.001076506,0.003222048,0.000090700,0.001076506,,,
1786043730926006377,1786043730.925335080,/novatel/oem7/inspva,/novatel/oem7/inspva,/novatel/oem7/inspva,39.663,-75.756,-1.800025794,0.002240824,-0.000326971,0.001744120,0.001406889,-0.000326971,,novatel_oem7_msgs.msg.InertialSolutionStatus(status=3),
1786043730927692314,1786043730.925509189,/novatel/oem7/fix,/novatel/oem7/fix,/novatel/oem7/inspva,39.663,-75.756,-1.800025794,0.002240824,-0.000326971,0.001744120,0.001406889,-0.000326971,,0,
1786043730928502448,1786043730.926292593,/novatel/oem7/odom,/novatel/oem7/fix,/novatel/oem7/odom,39.663,-75.756,-1.800025794,0.002242396,-0.000316008,0.001493526,0.001672639,-0.000316008,,,
1786043730936087717,1786043730.935572256,/novatel/oem7/odom,/novatel/oem7/fix,/novatel/oem7/odom,39.663,-75.756,-1.800025794,0.002242396,-0.000316008,0.001493526,0.001672639,-0.000316008,,,
1786043730946349027,1786043730.945941392,/novatel/oem7/inspva,/novatel/oem7/inspva,/novatel/oem7/inspva,39.663,-75.756,-1.800037976,0.002301387,-0.000643468,0.001823875,0.001403518,-0.000643468,,novatel_oem7_msgs.msg.InertialSolutionStatus(status=3),
1786043730947356329,1786043730.946129084,/novatel/oem7/fix,/novatel/oem7/fix,/novatel/oem7/inspva,39.663,-75.756,-1.800037976,0.002301387,-0.000643468,0.001823875,0.001403518,-0.000643468,,0,
1786043730948170423,1786043730.946563718,/novatel/oem7/odom,/novatel/oem7/fix,/novatel/oem7/odom,39.663,-75.756,-1.800037976,0.002304484,-0.000632285,0.001495469,0.001753345,-0.000632285,,,
1786043730956191291,1786043730.955683346,/novatel/oem7/odom,/novatel/oem7/fix,/novatel/oem7/odom,39.663,-75.756,-1.800037976,0.002304484,-0.000632285,0.001495469,0.001753345,-0.000632285,,,
1786043730967016530,1786043730.966535031,/novatel/oem7/inspva,/novatel/oem7/inspva,/novatel/oem7/inspva,39.663,-75.756,-1.800044903,0.003195983,-0.000802495,-0.000534815,0.003150917,-0.000802495,,novatel_oem7_msgs.msg.InertialSolutionStatus(status=3),
1786043730968150359,1786043730.966700402,/novatel/oem7/fix,/novatel/oem7/fix,/novatel/oem7/inspva,39.663,-75.756,-1.800044903,0.003195983,-0.000802495,-0.000534815,0.003150917,-0.000802495,,0,
1786043730968960559,1786043730.967532509,/novatel/oem7/odom,/novatel/oem7/fix,/novatel/oem7/odom,39.663,-75.756,-1.800044903,0.003198792,-0.000791222,0.003123673,-0.000689160,-0.000791222,,,
1786043730975558025,1786043730.974974065,/novatel/oem7/odom,/novatel/oem7/fix,/novatel/oem7/odom,39.663,-75.756,-1.800044903,0.003198792,-0.000791222,0.003123673,-0.000689160,-0.000791222,,,
1786043730985480209,1786043730.984950491,/novatel/oem7/inspva,/novatel/oem7/inspva,/novatel/oem7/inspva,39.663,-75.756,-1.800046572,0.002582243,0.000496383,-0.000220027,0.002572852,0.000496383,,novatel_oem7_msgs.msg.InertialSolutionStatus(status=3),
1786043730986561785,1786043730.985109660,/novatel/oem7/fix,/novatel/oem7/fix,/novatel/oem7/inspva,39.663,-75.756,-1.800046572,0.002582243,0.000496383,-0.000220027,0.002572852,0.000496383,,0,
1786043730987329113,1786043730.985552990,/novatel/oem7/odom,/novatel/oem7/fix,/novatel/oem7/odom,39.663,-75.756,-1.800046572,0.002580323,0.000506270,0.002556544,-0.000349500,0.000506270,,,
1786043730995967306,1786043730.995378568,/novatel/oem7/odom,/novatel/oem7/fix,/novatel/oem7/odom,39.663,-75.756,-1.800046572,0.002580323,0.000506270,0.002556544,-0.000349500,0.000506270,,,
1786043731010562584,1786043731.010058662,/novatel/oem7/inspva,/novatel/oem7/inspva,/novatel/oem7/inspva,39.663,-75.756,-1.800058825,0.002072346,0.000437827,0.001343264,0.001578055,0.000437827,,novatel_oem7_msgs.msg.InertialSolutionStatus(status=3),
1786043731011657888,1786043731.010233340,/novatel/oem7/fix,/novatel/oem7/fix,/novatel/oem7/inspva,39.663,-75.756,-1.800058825,0.002072346,0.000437827,0.001343264,0.001578055,0.000437827,,0,
1786043731012907278,1786043731.011698928,/novatel/oem7/odom,/novatel/oem7/fix,/novatel/oem7/odom,39.663,-75.756,-1.800058825,0.002070101,0.000448321,0.001641221,0.001261630,0.000448321,,,
1786043731016644692,1786043731.016018068,/novatel/oem7/odom,/novatel/oem7/fix,/novatel/oem7/odom,39.663,-75.756,-1.800058825,0.002070101,0.000448321,0.001641221,0.001261630,0.000448321,,,
1786043731025244531,1786043731.024784295,/novatel/oem7/bestpos,/novatel/oem7/bestpos,/novatel/oem7/odom,39.663,-75.756,33.182058526,0.002070101,0.000448321,0.001641221,0.001261630,0.000448321,,novatel_oem7_msgs.msg.SolutionStatus(status=0),novatel_oem7_msgs.msg.PositionOrVelocityType(type=53)
1786043731027437042,1786043731.026941363,/novatel/oem7/bestvel,/novatel/oem7/bestpos,/novatel/oem7/bestvel,39.663,-75.756,33.182058526,0.002573772,0.000095221,,,,55.915340679,novatel_oem7_msgs.msg.SolutionStatus(status=0),novatel_oem7_msgs.msg.PositionOrVelocityType(type=53)
1786043731028632829,1786043731.027145899,/novatel/oem7/inspva,/novatel/oem7/inspva,/novatel/oem7/inspva,39.663,-75.756,-1.800074296,0.002153263,0.000001813,0.001411438,0.001626157,0.000001813,,novatel_oem7_msgs.msg.InertialSolutionStatus(status=3),
1786043731029260889,1786043731.027408562,/novatel/oem7/fix,/novatel/oem7/fix,/novatel/oem7/inspva,39.663,-75.756,-1.800074296,0.002153263,0.000001813,0.001411438,0.001626157,0.000001813,,0,
1786043731030033903,1786043731.027938751,/novatel/oem7/odom,/novatel/oem7/fix,/novatel/oem7/odom,39.663,-75.756,-1.800074296,0.002153227,0.000012705,0.001694534,0.001328510,0.000012705,,,
1786043731035405581,1786043731.034828999,/novatel/oem7/odom,/novatel/oem7/fix,/novatel/oem7/odom,39.663,-75.756,-1.800074296,0.002153227,0.000012705,0.001694534,0.001328510,0.000012705,,,
1786043731045891734,1786043731.045351561,/novatel/oem7/inspva,/novatel/oem7/inspva,/novatel/oem7/inspva,39.663,-75.756,-1.800098116,0.002039630,-0.001523160,0.000041301,0.002039212,-0.001523160,,novatel_oem7_msgs.msg.InertialSolutionStatus(status=3),
1786043731047006651,1786043731.045539202,/novatel/oem7/fix,/novatel/oem7/fix,/novatel/oem7/inspva,39.663,-75.756,-1.800098116,0.002039630,-0.001523160,0.000041301,0.002039212,-0.001523160,,0,
1786043731047818995,1786043731.046120673,/novatel/oem7/odom,/novatel/oem7/fix,/novatel/oem7/odom,39.663,-75.756,-1.800098116,0.002045933,-0.001514684,0.002045159,-0.000056301,-0.001514684,,,
1786043731056946818,1786043731.056370814,/novatel/oem7/odom,/novatel/oem7/fix,/novatel/oem7/odom,39.663,-75.756,-1.800098116,0.002045933,-0.001514684,0.002045159,-0.000056301,-0.001514684,,,
1786043731066590261,1786043731.066056267,/novatel/oem7/inspva,/novatel/oem7/inspva,/novatel/oem7/inspva,39.663,-75.756,-1.800105977,0.002476702,-0.000862421,-0.000054385,0.002476105,-0.000862421,,novatel_oem7_msgs.msg.InertialSolutionStatus(status=3),
1786043731067675001,1786043731.066240295,/novatel/oem7/fix,/novatel/oem7/fix,/novatel/oem7/inspva,39.663,-75.756,-1.800105977,0.002476702,-0.000862421,-0.000054385,0.002476105,-0.000862421,,0,
1786043731068489655,1786043731.066648455,/novatel/oem7/odom,/novatel/oem7/fix,/novatel/oem7/odom,39.663,-75.756,-1.800105977,0.002480154,-0.000852441,0.002473938,-0.000175497,-0.000852441,,,
1786043731075034650,1786043731.074481627,/novatel/oem7/odom,/novatel/oem7/fix,/novatel/oem7/odom,39.663,-75.756,-1.800105977,0.002480154,-0.000852441,0.002473938,-0.000175497,-0.000852441,,,
1786043731085816878,1786043731.085318672,/novatel/oem7/inspva,/novatel/oem7/inspva,/novatel/oem7/inspva,39.663,-75.756,-1.800099912,0.001934190,0.001856286,0.000957812,0.001680383,0.001856286,,novatel_oem7_msgs.msg.InertialSolutionStatus(status=3),
1786043731086872677,1786043731.085491731,/novatel/oem7/fix,/novatel/oem7/fix,/novatel/oem7/inspva,39.663,-75.756,-1.800099912,0.001934190,0.001856286,0.000957812,0.001680383,0.001856286,,0,
1786043731087667098,1786043731.086146959,/novatel/oem7/odom,/novatel/oem7/fix,/novatel/oem7/odom,39.663,-75.756,-1.800099912,0.001924756,0.001866066,0.001718138,0.000867576,0.001866066,,,
1786043731096251837,1786043731.095696303,/novatel/oem7/odom,/novatel/oem7/fix,/novatel/oem7/odom,39.663,-75.756,-1.800099912,0.001924756,0.001866066,0.001718138,0.000867576,0.001866066,,,
1786043731106364898,1786043731.105796040,/novatel/oem7/inspva,/novatel/oem7/inspva,/novatel/oem7/inspva,39.663,-75.756,-1.800126769,0.001963652,0.000755237,0.001224794,0.001534864,0.000755237,,novatel_oem7_msgs.msg.InertialSolutionStatus(status=3),
1786043731107461400,1786043731.106019009,/novatel/oem7/fix,/novatel/oem7/fix,/novatel/oem7/inspva,39.663,-75.756,-1.800126769,0.001963652,0.000755237,0.001224794,0.001534864,0.000755237,,0,
1786043731108243719,1786043731.106516953,/novatel/oem7/odom,/novatel/oem7/fix,/novatel/oem7/odom,39.663,-75.756,-1.800126769,0.001959793,0.000765195,0.001590834,0.001144568,0.000765195,,,
1786043731109775121,1786043731.109274341,/novatel/oem7/bestpos,/novatel/oem7/bestpos,/novatel/oem7/odom,39.663,-75.756,33.181979578,0.001959793,0.000765195,0.001590834,0.001144568,0.000765195,,novatel_oem7_msgs.msg.SolutionStatus(status=0),novatel_oem7_msgs.msg.PositionOrVelocityType(type=53)
1786043731110822989,1786043731.109827320,/novatel/oem7/bestvel,/novatel/oem7/bestpos,/novatel/oem7/bestvel,39.663,-75.756,33.181979578,0.002869987,0.000148659,,,,60.405388803,novatel_oem7_msgs.msg.SolutionStatus(status=0),novatel_oem7_msgs.msg.PositionOrVelocityType(type=53)
1786043731114964071,1786043731.114438077,/novatel/oem7/odom,/novatel/oem7/bestpos,/novatel/oem7/odom,39.663,-75.756,33.181979578,0.001959793,0.000765195,0.001590834,0.001144568,0.000765195,,,
1786043731126987344,1786043731.126488926,/novatel/oem7/inspva,/novatel/oem7/inspva,/novatel/oem7/inspva,39.663,-75.756,-1.800158836,0.001586325,-0.002018389,0.000709597,0.001418766,-0.002018389,,novatel_oem7_msgs.msg.InertialSolutionStatus(status=3),
1786043731128101403,1786043731.126689898,/novatel/oem7/fix,/novatel/oem7/fix,/novatel/oem7/inspva,39.663,-75.756,-1.800158836,0.001586325,-0.002018389,0.000709597,0.001418766,-0.002018389,,0,
1786043731128942090,1786043731.127131849,/novatel/oem7/odom,/novatel/oem7/fix,/novatel/oem7/odom,39.663,-75.756,-1.800158836,0.001596326,-0.002010489,0.001460892,0.000643468,-0.002010489,,,
1786043731135521269,1786043731.134968790,/novatel/oem7/odom,/novatel/oem7/fix,/novatel/oem7/odom,39.663,-75.756,-1.800158836,0.001596326,-0.002010489,0.001460892,0.000643468,-0.002010489,,,
1786043731145517306,1786043731.145022685,/novatel/oem7/inspva,/novatel/oem7/inspva,/novatel/oem7/inspva,39.663,-75.756,-1.800159288,0.002044118,-0.000913563,0.000387949,0.002006966,-0.000913563,,novatel_oem7_msgs.msg.InertialSolutionStatus(status=3),
1786043731146622466,1786043731.145253940,/novatel/oem7/fix,/novatel/oem7/fix,/novatel/oem7/inspva,39.663,-75.756,-1.800159288,0.002044118,-0.000913563,0.000387949,0.002006966,-0.000913563,,0,
1786043731147452981,1786043731.145672617,/novatel/oem7/odom,/novatel/oem7/fix,/novatel/oem7/odom,39.663,-75.756,-1.800159288,0.002048284,-0.000904183,0.002027676,0.000289823,-0.000904183,,,
1786043731156530276,1786043731.155989266,/novatel/oem7/odom,/novatel/oem7/fix,/novatel/oem7/odom,39.663,-75.756,-1.800159288,0.002048284,-0.000904183,0.002027676,0.000289823,-0.000904183,,,
1786043731165950600,1786043731.165279648,/novatel/oem7/inspva,/novatel/oem7/inspva,/novatel/oem7/inspva,39.663,-75.756,-1.800149766,0.002596232,0.001510803,0.000537281,0.002540029,0.001510803,,novatel_oem7_msgs.msg.InertialSolutionStatus(status=3),
1786043731167488702,1786043731.165415556,/novatel/oem7/fix,/novatel/oem7/fix,/novatel/oem7/inspva,39.663,-75.756,-1.800149766,0.002596232,0.001510803,0.000537281,0.002540029,0.001510803,,0,
1786043731168611183,1786043731.166039424,/novatel/oem7/odom,/novatel/oem7/fix,/novatel/oem7/odom,39.663,-75.756,-1.800149766,0.002589180,0.001522857,0.002557206,0.000405644,0.001522857,,,
1786043731175645516,1786043731.174887336,/novatel/oem7/odom,/novatel/oem7/fix,/novatel/oem7/odom,39.663,-75.756,-1.800149766,0.002589180,0.001522857,0.002557206,0.000405644,0.001522857,,,
1786043731186649883,1786043731.186051737,/novatel/oem7/inspva,/novatel/oem7/inspva,/novatel/oem7/inspva,39.663,-75.756,-1.800172745,0.002124993,0.000995942,0.000879206,0.001934578,0.000995942,,novatel_oem7_msgs.msg.InertialSolutionStatus(status=3),
1786043731188051744,1786043731.186201868,/novatel/oem7/fix,/novatel/oem7/fix,/novatel/oem7/inspva,39.663,-75.756,-1.800172745,0.002124993,0.000995942,0.000879206,0.001934578,0.000995942,,0,
1786043731189113041,1786043731.186659493,/novatel/oem7/odom,/novatel/oem7/fix,/novatel/oem7/odom,39.663,-75.756,-1.800172745,0.002120008,0.001006510,0.001971784,0.000778783,0.001006510,,,
1786043731195215875,1786043731.194523521,/novatel/oem7/odom,/novatel/oem7/fix,/novatel/oem7/odom,39.663,-75.756,-1.800172745,0.002120008,0.001006510,0.001971784,0.000778783,0.001006510,,,
1786043731206926515,1786043731.206380653,/novatel/oem7/inspva,/novatel/oem7/inspva,/novatel/oem7/inspva,39.663,-75.756,-1.800212196,0.001545233,-0.002110609,0.001400254,0.000653478,-0.002110609,,novatel_oem7_msgs.msg.InertialSolutionStatus(status=3),
1786043731208279872,1786043731.206558682,/novatel/oem7/fix,/novatel/oem7/fix,/novatel/oem7/inspva,39.663,-75.756,-1.800212196,0.001545233,-0.002110609,0.001400254,0.000653478,-0.002110609,,0,
1786043731209339299,1786043731.207221095,/novatel/oem7/odom,/novatel/oem7/fix,/novatel/oem7/odom,39.663,-75.756,-1.800212196,0.001554540,-0.002103763,0.000731468,0.001371696,-0.002103763,,,
1786043731210883365,1786043731.210142844,/novatel/oem7/bestpos,/novatel/oem7/bestpos,/novatel/oem7/odom,39.663,-75.756,33.181913603,0.001554540,-0.002103763,0.000731468,0.001371696,-0.002103763,,novatel_oem7_msgs.msg.SolutionStatus(status=0),novatel_oem7_msgs.msg.PositionOrVelocityType(type=53)
1786043731212274975,1786043731.210608409,/novatel/oem7/bestvel,/novatel/oem7/bestpos,/novatel/oem7/bestvel,39.663,-75.756,33.181913603,0.001000583,-0.001722069,,,,30.247595497,novatel_oem7_msgs.msg.SolutionStatus(status=0),novatel_oem7_msgs.msg.PositionOrVelocityType(type=53)
1786043731216150854,1786043731.215490648,/novatel/oem7/odom,/novatel/oem7/bestpos,/novatel/oem7/odom,39.663,-75.756,33.181913603,0.001554540,-0.002103763,0.000731468,0.001371696,-0.002103763,,,
1786043731226282325,1786043731.225346596,/novatel/oem7/inspva,/novatel/oem7/inspva,/novatel/oem7/inspva,39.663,-75.756,-1.800216957,0.001546879,-0.001572821,0.000727683,0.001365032,-0.001572821,,novatel_oem7_msgs.msg.InertialSolutionStatus(status=3),
1786043731227224848,1786043731.225607428,/novatel/oem7/fix,/novatel/oem7/fix,/novatel/oem7/inspva,39.663,-75.756,-1.800216957,0.001546879,-0.001572821,0.000727683,0.001365032,-0.001572821,,0,
1786043731228748363,1786043731.226015729,/novatel/oem7/odom,/novatel/oem7/fix,/novatel/oem7/odom,39.663,-75.756,-1.800216957,0.001554734,-0.001565058,0.001406291,0.000662980,-0.001565058,,,
1786043731235241428,1786043731.234555734,/novatel/oem7/odom,/novatel/oem7/fix,/novatel/oem7/odom,39.663,-75.756,-1.800216957,0.001554734,-0.001565058,0.001406291,0.000662980,-0.001565058,,,
1786043731246155980,1786043731.245600291,/novatel/oem7/inspva,/novatel/oem7/inspva,/novatel/oem7/inspva,39.663,-75.756,-1.800212055,0.002269163,0.001022038,-0.000073633,0.002267968,0.001022038,,novatel_oem7_msgs.msg.InertialSolutionStatus(status=3),
1786043731247516110,1786043731.245755486,/novatel/oem7/fix,/novatel/oem7/fix,/novatel/oem7/inspva,39.663,-75.756,-1.800212055,0.002269163,0.001022038,-0.000073633,0.002267968,0.001022038,,0,
1786043731248559464,1786043731.246556794,/novatel/oem7/odom,/novatel/oem7/fix,/novatel/oem7/odom,39.663,-75.756,-1.800212055,0.002265027,0.001031172,0.002257080,-0.000189567,0.001031172,,,
1786043731257182143,1786043731.256519763,/novatel/oem7/odom,/novatel/oem7/fix,/novatel/oem7/odom,39.663,-75.756,-1.800212055,0.002265027,0.001031172,0.002257080,-0.000189567,0.001031172,,,
1786043731265585183,1786043731.265015941,/novatel/oem7/inspva,/novatel/oem7/inspva,/novatel/oem7/inspva,39.663,-75.756,-1.800239624,0.002797353,0.000426974,0.000364296,0.002773531,0.000426974,,novatel_oem7_msgs.msg.InertialSolutionStatus(status=3),
1786043731266943664,1786043731.265167609,/novatel/oem7/fix,/novatel/oem7/fix,/novatel/oem7/inspva,39.663,-75.756,-1.800239624,0.002797353,0.000426974,0.000364296,0.002773531,0.000426974,,0,
1786043731267980207,1786043731.265570040,/novatel/oem7/odom,/novatel/oem7/fix,/novatel/oem7/odom,39.663,-75.756,-1.800239624,0.002795428,0.000439400,0.002786421,0.000224233,0.000439400,,,
1786043731275252997,1786043731.274588780,/novatel/oem7/odom,/novatel/oem7/fix,/novatel/oem7/odom,39.663,-75.756,-1.800239624,0.002795428,0.000439400,0.002786421,0.000224233,0.000439400,,,
1786043731285603323,1786043731.285088670,/novatel/oem7/inspva,/novatel/oem7/inspva,/novatel/oem7/inspva,39.663,-75.756,-1.800268952,0.002294245,-0.001134398,0.002214472,0.000599729,-0.001134398,,novatel_oem7_msgs.msg.InertialSolutionStatus(status=3),
1786043731287047077,1786043731.285157770,/novatel/oem7/fix,/novatel/oem7/fix,/novatel/oem7/inspva,39.663,-75.756,-1.800268952,0.002294245,-0.001134398,0.002214472,0.000599729,-0.001134398,,0,
1786043731288079412,1786043731.285816232,/novatel/oem7/odom,/novatel/oem7/fix,/novatel/oem7/odom,39.663,-75.756,-1.800268952,0.002298706,-0.001125331,0.000714291,0.002184912,-0.001125331,,,
1786043731295385504,1786043731.294754388,/novatel/oem7/odom,/novatel/oem7/fix,/novatel/oem7/odom,39.663,-75.756,-1.800268952,0.002298706,-0.001125331,0.000714291,0.002184912,-0.001125331,,,
1786043731306432684,1786043731.305877162,/novatel/oem7/inspva,/novatel/oem7/inspva,/novatel/oem7/inspva,39.663,-75.756,-1.800286694,0.001873299,-0.001495847,0.001868034,0.000140347,-0.001495847,,novatel_oem7_msgs.msg.InertialSolutionStatus(status=3),
1786043731307726204,1786043731.306020900,/novatel/oem7/fix,/novatel/oem7/fix,/novatel/oem7/inspva,39.663,-75.756,-1.800286694,0.001873299,-0.001495847,0.001868034,0.000140347,-0.001495847,,0,
1786043731308766934,1786043731.306360127,/novatel/oem7/odom,/novatel/oem7/fix,/novatel/oem7/odom,39.663,-75.756,-1.800286694,0.001878184,-0.001489709,0.000239669,0.001862829,-0.001489709,,,
1786043731310215418,1786043731.309280866,/novatel/oem7/bestpos,/novatel/oem7/bestpos,/novatel/oem7/odom,39.663,-75.756,33.181844318,0.001878184,-0.001489709,0.000239669,0.001862829,-0.001489709,,novatel_oem7_msgs.msg.SolutionStatus(status=0),novatel_oem7_msgs.msg.PositionOrVelocityType(type=53)
1786043731311599059,1786043731.309972380,/novatel/oem7/bestvel,/novatel/oem7/bestpos,/novatel/oem7/bestvel,39.663,-75.756,33.181844318,0.001484900,-0.000617733,,,,325.589039309,novatel_oem7_msgs.msg.SolutionStatus(status=0),novatel_oem7_msgs.msg.PositionOrVelocityType(type=53)
1786043731315177102,1786043731.314525058,/novatel/oem7/odom,/novatel/oem7/bestpos,/novatel/oem7/odom,39.663,-75.756,33.181844318,0.001878184,-0.001489709,0.000239669,0.001862829,-0.001489709,,,
1786043731325877728,1786043731.325321979,/novatel/oem7/inspva,/novatel/oem7/inspva,/novatel/oem7/inspva,39.663,-75.756,-1.800284079,0.002200912,0.000473076,0.000308061,0.002179246,0.000473076,,novatel_oem7_msgs.msg.InertialSolutionStatus(status=3),
1786043731327204305,1786043731.325507731,/novatel/oem7/fix,/novatel/oem7/fix,/novatel/oem7/inspva,39.663,-75.756,-1.800284079,0.002200912,0.000473076,0.000308061,0.002179246,0.000473076,,0,
1786043731328238252,1786043731.326164988,/novatel/oem7/odom,/novatel/oem7/fix,/novatel/oem7/odom,39.663,-75.756,-1.800284079,0.002198778,0.000482896,0.002189881,0.000197600,0.000482896,,,
1786043731336493534,1786043731.335813984,/novatel/oem7/odom,/novatel/oem7/fix,/novatel/oem7/odom,39.663,-75.756,-1.800284079,0.002198778,0.000482896,0.002189881,0.000197600,0.000482896,,,
1786043731345581035,1786043731.345027669,/novatel/oem7/inspva,/novatel/oem7/inspva,/novatel/oem7/inspva,39.663,-75.756,-1.800303043,0.002179307,0.000472373,0.000589093,0.002098178,0.000472373,,novatel_oem7_msgs.msg.InertialSolutionStatus(status=3),
1786043731346912881,1786043731.345189467,/novatel/oem7/fix,/novatel/oem7/fix,/novatel/oem7/inspva,39.663,-75.756,-1.800303043,0.002179307,0.000472373,0.000589093,0.002098178,0.000472373,,0,
1786043731347947115,1786043731.345733187,/novatel/oem7/odom,/novatel/oem7/fix,/novatel/oem7/odom,39.663,-75.756,-1.800303043,0.002177038,0.000482725,0.002122932,0.000482341,0.000482725,,,
1786043731357061493,1786043731.355792000,/novatel/oem7/odom,/novatel/oem7/fix,/novatel/oem7/odom,39.663,-75.756,-1.800303043,0.002177038,0.000482725,0.002122932,0.000482341,0.000482725,,,
1786043731367377572,1786043731.366625468,/novatel/oem7/inspva,/novatel/oem7/inspva,/novatel/oem7/inspva,39.663,-75.756,-1.800328801,0.002720875,-0.000424756,0.002462499,0.001157265,-0.000424756,,novatel_oem7_msgs.msg.InertialSolutionStatus(status=3),
1786043731368917401,1786043731.366774120,/novatel/oem7/fix,/novatel/oem7/fix,/novatel/oem7/inspva,39.663,-75.756,-1.800328801,0.002720875,-0.000424756,0.002462499,0.001157265,-0.000424756,,0,
1786043731369984678,1786043731.367638161,/novatel/oem7/odom,/novatel/oem7/fix,/novatel/oem7/odom,39.663,-75.756,-1.800328801,0.002722732,-0.000412686,0.001280466,0.002402847,-0.000412686,,,
1786043731375499866,1786043731.374719889,/novatel/oem7/odom,/novatel/oem7/fix,/novatel/oem7/odom,39.663,-75.756,-1.800328801,0.002722732,-0.000412686,0.001280466,0.002402847,-0.000412686,,,
1786043731385751749,1786043731.385122529,/novatel/oem7/inspva,/novatel/oem7/inspva,/novatel/oem7/inspva,39.663,-75.756,-1.800350901,0.002592755,-0.000998855,0.002387408,0.001011268,-0.000998855,,novatel_oem7_msgs.msg.InertialSolutionStatus(status=3),
1786043731387152786,1786043731.385264147,/novatel/oem7/fix,/novatel/oem7/fix,/novatel/oem7/inspva,39.663,-75.756,-1.800350901,0.002592755,-0.000998855,0.002387408,0.001011268,-0.000998855,,0,
1786043731388204520,1786043731.385672235,/novatel/oem7/odom,/novatel/oem7/fix,/novatel/oem7/odom,39.663,-75.756,-1.800350901,0.002597068,-0.000987587,0.001133354,0.002336722,-0.000987587,,,
1786043731395550916,1786043731.394832382,/novatel/oem7/odom,/novatel/oem7/fix,/novatel/oem7/odom,39.663,-75.756,-1.800350901,0.002597068,-0.000987587,0.001133354,0.002336722,-0.000987587,,,
1786043731407239200,1786043731.406576596,/novatel/oem7/inspva,/novatel/oem7/inspva,/novatel/oem7/inspva,39.663,-75.756,-1.800364013,0.001362828,-0.000965835,0.000527940,0.001256415,-0.000965835,,novatel_oem7_msgs.msg.InertialSolutionStatus(status=3),
1786043731408706101,1786043731.406764348,/novatel/oem7/fix,/novatel/oem7/fix,/novatel/oem7/inspva,39.663,-75.756,-1.800364013,0.001362828,-0.000965835,0.000527940,0.001256415,-0.000965835,,0,
1786043731409912587,1786043731.407652237,/novatel/oem7/odom,/novatel/oem7/fix,/novatel/oem7/odom,39.663,-75.756,-1.800364013,0.001367561,-0.000959121,0.001285256,0.000467271,-0.000959121,,,
1786043731411469162,1786043731.410137962,/novatel/oem7/bestpos,/novatel/oem7/bestpos,/novatel/oem7/odom,39.663,-75.756,33.181755168,0.001367561,-0.000959121,0.001285256,0.000467271,-0.000959121,,novatel_oem7_msgs.msg.SolutionStatus(status=0),novatel_oem7_msgs.msg.PositionOrVelocityType(type=53)
1786043731412466765,1786043731.410490496,/novatel/oem7/bestvel,/novatel/oem7/bestpos,/novatel/oem7/bestvel,39.663,-75.756,33.181755168,0.000898672,-0.000709976,,,,41.432044553,novatel_oem7_msgs.msg.SolutionStatus(status=0),novatel_oem7_msgs.msg.PositionOrVelocityType(type=53)
1786043731415621144,1786043731.414872216,/novatel/oem7/odom,/novatel/oem7/bestpos,/novatel/oem7/odom,39.663,-75.756,33.181755168,0.001367561,-0.000959121,0.001285256,0.000467271,-0.000959121,,,
1786043731426732231,1786043731.426134695,/novatel/oem7/inspva,/novatel/oem7/inspva,/novatel/oem7/inspva,39.663,-75.756,-1.800375053,0.002252164,-0.000133689,0.000793842,0.002107619,-0.000133689,,novatel_oem7_msgs.msg.InertialSolutionStatus(status=3),
1786043731428102008,1786043731.426328570,/novatel/oem7/fix,/novatel/oem7/fix,/novatel/oem7/inspva,39.663,-75.756,-1.800375053,0.002252164,-0.000133689,0.000793842,0.002107619,-0.000133689,,0,
1786043731429159245,1786043731.426779975,/novatel/oem7/odom,/novatel/oem7/fix,/novatel/oem7/odom,39.663,-75.756,-1.800375053,0.002252789,-0.000122698,0.002145144,0.000688051,-0.000122698,,,
1786043731435125471,1786043731.434433638,/novatel/oem7/odom,/novatel/oem7/fix,/novatel/oem7/odom,39.663,-75.756,-1.800375053,0.002252789,-0.000122698,0.002145144,0.000688051,-0.000122698,,,
1786043731445821395,1786043731.445238615,/novatel/oem7/inspva,/novatel/oem7/inspva,/novatel/oem7/inspva,39.663,-75.756,-1.800391784,0.002919648,0.000446501,0.002606957,0.001314580,0.000446501,,novatel_oem7_msgs.msg.InertialSolutionStatus(status=3),
1786043731447181205,1786043731.445453071,/novatel/oem7/fix,/novatel/oem7/fix,/novatel/oem7/inspva,39.663,-75.756,-1.800391784,0.002919648,0.000446501,0.002606957,0.001314580,0.000446501,,0,
1786043731448253629,1786043731.446117651,/novatel/oem7/odom,/novatel/oem7/fix,/novatel/oem7/odom,39.663,-75.756,-1.800391784,0.002917591,0.000459753,0.001441077,0.002536854,0.000459753,,,
1786043731457030937,1786043731.456348460,/novatel/oem7/odom,/novatel/oem7/fix,/novatel/oem7/odom,39.663,-75.756,-1.800391784,0.002917591,0.000459753,0.001441077,0.002536854,0.000459753,,,
1786043731465680386,1786043731.465108887,/novatel/oem7/inspva,/novatel/oem7/inspva,/novatel/oem7/inspva,39.663,-75.756,-1.800421583,0.003115752,-0.000556203,0.002762292,0.001441406,-0.000556203,,novatel_oem7_msgs.msg.InertialSolutionStatus(status=3),
1786043731467031296,1786043731.465279369,/novatel/oem7/fix,/novatel/oem7/fix,/novatel/oem7/inspva,39.663,-75.756,-1.800421583,0.003115752,-0.000556203,0.002762292,0.001441406,-0.000556203,,0,
1786043731468100190,1786043731.465751057,/novatel/oem7/odom,/novatel/oem7/fix,/novatel/oem7/odom,39.663,-75.756,-1.800421583,0.003118256,-0.000541990,0.001579738,0.002688484,-0.000541990,,,
1786043731475093190,1786043731.474382333,/novatel/oem7/odom,/novatel/oem7/fix,/novatel/oem7/odom,39.663,-75.756,-1.800421583,0.003118256,-0.000541990,0.001579738,0.002688484,-0.000541990,,,
1786043731487944468,1786043731.486513037,/novatel/oem7/inspva,/novatel/oem7/inspva,/novatel/oem7/inspva,39.663,-75.756,-1.800447737,0.002134566,-0.001670252,0.001315172,0.001681277,-0.001670252,,novatel_oem7_msgs.msg.InertialSolutionStatus(status=3),
1786043731489475116,1786043731.486774903,/novatel/oem7/fix,/novatel/oem7/fix,/novatel/oem7/inspva,39.663,-75.756,-1.800447737,0.002134566,-0.001670252,0.001315172,0.001681277,-0.001670252,,0,
1786043731490679738,1786043731.487590728,/novatel/oem7/odom,/novatel/oem7/fix,/novatel/oem7/odom,39.663,-75.756,-1.800447737,0.003118252,-0.000542013,0.001579733,0.002688482,-0.000542013,,,
1786043731495681548,1786043731.494945481,/novatel/oem7/odom,/novatel/oem7/fix,/novatel/oem7/odom,39.663,-75.756,-1.800447737,0.002142999,-0.001659418,0.001751828,0.001234319,-0.001659418,,,
1786043731506559684,1786043731.505960828,/novatel/oem7/inspva,/novatel/oem7/inspva,/novatel/oem7/inspva,39.663,-75.756,-1.800462245,0.001797316,-0.001180781,0.001299266,0.001241875,-0.001180781,,novatel_oem7_msgs.msg.InertialSolutionStatus(status=3),
1786043731508067956,1786043731.506144100,/novatel/oem7/fix,/novatel/oem7/fix,/novatel/oem7/inspva,39.663,-75.756,-1.800462245,0.001797316,-0.001180781,0.001299266,0.001241875,-0.001180781,,0,
1786043731509296678,1786043731.506558184,/novatel/oem7/odom,/novatel/oem7/fix,/novatel/oem7/odom,39.663,-75.756,-1.800462245,0.001803204,-0.001171769,0.001310121,0.001239003,-0.001171769,,,
1786043731512293178,1786043731.511650601,/novatel/oem7/bestpos,/novatel/oem7/bestpos,/novatel/oem7/odom,39.663,-75.756,33.181642844,0.001803204,-0.001171769,0.001310121,0.001239003,-0.001171769,,novatel_oem7_msgs.msg.SolutionStatus(status=0),novatel_oem7_msgs.msg.PositionOrVelocityType(type=53)
1786043731513850920,1786043731.512696102,/novatel/oem7/bestvel,/novatel/oem7/bestpos,/novatel/oem7/bestvel,39.663,-75.756,33.181642844,0.001424010,-0.000714579,,,,8.627117634,novatel_oem7_msgs.msg.SolutionStatus(status=0),novatel_oem7_msgs.msg.PositionOrVelocityType(type=53)
1786043731516187043,1786043731.515496286,/novatel/oem7/odom,/novatel/oem7/bestpos,/novatel/oem7/odom,39.663,-75.756,33.181642844,0.001803204,-0.001171769,0.001310121,0.001239003,-0.001171769,,,
1786043731525903230,1786043731.525299397,/novatel/oem7/inspva,/novatel/oem7/inspva,/novatel/oem7/inspva,39.663,-75.756,-1.800463396,0.003158214,0.001261408,0.002730064,0.001587787,0.001261408,,novatel_oem7_msgs.msg.InertialSolutionStatus(status=3),
1786043731527362514,1786043731.525468812,/novatel/oem7/fix,/novatel/oem7/fix,/novatel/oem7/inspva,39.663,-75.756,-1.800463396,0.003158214,0.001261408,0.002730064,0.001587787,0.001261408,,0,
1786043731528588953,1786043731.526023511,/novatel/oem7/odom,/novatel/oem7/fix,/novatel/oem7/odom,39.663,-75.756,-1.800463396,0.003152285,0.001276152,0.001716606,0.002643893,0.001276152,,,
1786043731535697314,1786043731.534936910,/novatel/oem7/odom,/novatel/oem7/fix,/novatel/oem7/odom,39.663,-75.756,-1.800463396,0.003152285,0.001276152,0.001716606,0.002643893,0.001276152,,,
1786043731546565900,1786043731.546011004,/novatel/oem7/inspva,/novatel/oem7/inspva,/novatel/oem7/inspva,39.663,-75.756,-1.800497822,0.003053902,-0.000193237,0.002822330,0.001166520,-0.000193237,,novatel_oem7_msgs.msg.InertialSolutionStatus(status=3),
1786043731548032710,1786043731.546163909,/novatel/oem7/fix,/novatel/oem7/fix,/novatel/oem7/inspva,39.663,-75.756,-1.800497822,0.003053902,-0.000193237,0.002822330,0.001166520,-0.000193237,,0,
1786043731549203606,1786043731.546663461,/novatel/oem7/odom,/novatel/oem7/fix,/novatel/oem7/odom,39.663,-75.756,-1.800497822,0.003054714,-0.000179941,0.001306682,0.002761134,-0.000179941,,,
1786043731556898336,1786043731.556213962,/novatel/oem7/odom,/novatel/oem7/fix,/novatel/oem7/odom,39.663,-75.756,-1.800497822,0.003054714,-0.000179941,0.001306682,0.002761134,-0.000179941,,,
1786043731565849195,1786043731.565281729,/novatel/oem7/inspva,/novatel/oem7/inspva,/novatel/oem7/inspva,39.663,-75.756,-1.800529149,0.003147807,-0.002043095,0.002966310,0.001053420,-0.002043095,,novatel_oem7_msgs.msg.InertialSolutionStatus(status=3),
1786043731567181202,1786043731.565450981,/novatel/oem7/fix,/novatel/oem7/fix,/novatel/oem7/inspva,39.663,-75.756,-1.800529149,0.003147807,-0.002043095,0.002966310,0.001053420,-0.002043095,,0,
1786043731568215096,1786043731.566080737,/novatel/oem7/odom,/novatel/oem7/fix,/novatel/oem7/odom,39.663,-75.756,-1.800529149,0.003156359,-0.002029857,0.001208698,0.002915759,-0.002029857,,,
1786043731576163285,1786043731.575495364,/novatel/oem7/odom,/novatel/oem7/fix,/novatel/oem7/odom,39.663,-75.756,-1.800529149,0.003156359,-0.002029857,0.001208698,0.002915759,-0.002029857,,,
1786043731585726506,1786043731.585173601,/novatel/oem7/inspva,/novatel/oem7/inspva,/novatel/oem7/inspva,39.663,-75.756,-1.800542281,0.003021382,-0.001390543,0.002445122,0.001774859,-0.001390543,,novatel_oem7_msgs.msg.InertialSolutionStatus(status=3),
1786043731587070267,1786043731.585322376,/novatel/oem7/fix,/novatel/oem7/fix,/novatel/oem7/inspva,39.663,-75.756,-1.800542281,0.003021382,-0.001390543,0.002445122,0.001774859,-0.001390543,,0,
1786043731588116080,1786043731.585768434,/novatel/oem7/odom,/novatel/oem7/fix,/novatel/oem7/odom,39.663,-75.756,-1.800542281,0.003028068,-0.001375921,0.001900480,0.002357409,-0.001375921,,,
1786043731595070066,1786043731.594379470,/novatel/oem7/odom,/novatel/oem7/fix,/novatel/oem7/odom,39.663,-75.756,-1.800542281,0.003028068,-0.001375921,0.001900480,0.002357409,-0.001375921,,,
1786043731607135450,1786043731.606583414,/novatel/oem7/inspva,/novatel/oem7/inspva,/novatel/oem7/inspva,39.663,-75.756,-1.800546051,0.003299617,0.000763874,0.002611819,0.002016401,0.000763874,,novatel_oem7_msgs.msg.InertialSolutionStatus(status=3),
1786043731608484770,1786043731.606727443,/novatel/oem7/fix,/novatel/oem7/fix,/novatel/oem7/inspva,39.663,-75.756,-1.800546051,0.003299617,0.000763874,0.002611819,0.002016401,0.000763874,,0,
1786043731609526144,1786043731.607172997,/novatel/oem7/odom,/novatel/oem7/fix,/novatel/oem7/odom,39.663,-75.756,-1.800546051,0.003295814,0.000780117,0.002140870,0.002505807,0.000780117,,,
1786043731611022662,1786043731.610184714,/novatel/oem7/bestpos,/novatel/oem7/bestpos,/novatel/oem7/odom,39.663,-75.756,33.181534871,0.003295814,0.000780117,0.002140870,0.002505807,0.000780117,,novatel_oem7_msgs.msg.SolutionStatus(status=0),novatel_oem7_msgs.msg.PositionOrVelocityType(type=53)
1786043731612406076,1786043731.610608835,/novatel/oem7/bestvel,/novatel/oem7/bestpos,/novatel/oem7/bestvel,39.663,-75.756,33.181534871,0.004431763,-0.000121229,,,,41.486704660,novatel_oem7_msgs.msg.SolutionStatus(status=0),novatel_oem7_msgs.msg.PositionOrVelocityType(type=53)
1786043731615624388,1786043731.614934478,/novatel/oem7/odom,/novatel/oem7/bestpos,/novatel/oem7/odom,39.663,-75.756,33.181534871,0.003295814,0.000780117,0.002140870,0.002505807,0.000780117,,,
1786043731625660599,1786043731.625086269,/novatel/oem7/inspva,/novatel/oem7/inspva,/novatel/oem7/inspva,39.663,-75.756,-1.800574500,0.003578738,0.000384447,0.003021632,0.001917577,0.000384447,,novatel_oem7_msgs.msg.InertialSolutionStatus(status=3),
1786043731627026212,1786043731.625236121,/novatel/oem7/fix,/novatel/oem7/fix,/novatel/oem7/inspva,39.663,-75.756,-1.800574500,0.003578738,0.000384447,0.003021632,0.001917577,0.000384447,,0,
1786043731628102176,1786043731.625623421,/novatel/oem7/odom,/novatel/oem7/fix,/novatel/oem7/odom,39.663,-75.756,-1.800574500,0.003576870,0.000401454,0.002064245,0.002921111,0.000401454,,,
1786043731636452896,1786043731.635736732,/novatel/oem7/odom,/novatel/oem7/fix,/novatel/oem7/odom,39.663,-75.756,-1.800574500,0.003576870,0.000401454,0.002064245,0.002921111,0.000401454,,,
1786043731646022758,1786043731.645453299,/novatel/oem7/inspva,/novatel/oem7/inspva,/novatel/oem7/inspva,39.663,-75.756,-1.800614734,0.003748635,-0.002622258,0.003309159,0.001761173,-0.002622258,,novatel_oem7_msgs.msg.InertialSolutionStatus(status=3),
1786043731647407919,1786043731.645602890,/novatel/oem7/fix,/novatel/oem7/fix,/novatel/oem7/inspva,39.663,-75.756,-1.800614734,0.003748635,-0.002622258,0.003309159,0.001761173,-0.002622258,,0,
1786043731648512813,1786043731.646593714,/novatel/oem7/odom,/novatel/oem7/fix,/novatel/oem7/odom,39.663,-75.756,-1.800614734,0.003760560,-0.002605129,0.001935151,0.003224438,-0.002605129,,,
1786043731656622557,1786043731.655929667,/novatel/oem7/odom,/novatel/oem7/fix,/novatel/oem7/odom,39.663,-75.756,-1.800614734,0.003760560,-0.002605129,0.001935151,0.003224438,-0.002605129,,,
1786043731666797072,1786043731.666233743,/novatel/oem7/inspva,/novatel/oem7/inspva,/novatel/oem7/inspva,39.663,-75.756,-1.800631419,0.002851784,-0.001648148,0.002658638,0.001031656,-0.001648148,,novatel_oem7_msgs.msg.InertialSolutionStatus(status=3),
1786043731668163286,1786043731.666372438,/novatel/oem7/fix,/novatel/oem7/fix,/novatel/oem7/inspva,39.663,-75.756,-1.800631419,0.002851784,-0.001648148,0.002658638,0.001031656,-0.001648148,,0,
1786043731669230666,1786043731.666817799,/novatel/oem7/odom,/novatel/oem7/fix,/novatel/oem7/odom,39.663,-75.756,-1.800631419,0.002858797,-0.001635953,0.001169941,0.002608440,-0.001635953,,,
1786043731676673780,1786043731.675962150,/novatel/oem7/odom,/novatel/oem7/fix,/novatel/oem7/odom,39.663,-75.756,-1.800631419,0.002858797,-0.001635953,0.001169941,0.002608440,-0.001635953,,,
1786043731685895445,1786043731.685325797,/novatel/oem7/inspva,/novatel/oem7/inspva,/novatel/oem7/inspva,39.663,-75.756,-1.800638153,0.004707455,0.000358089,0.002343887,0.004082441,0.000358089,,novatel_oem7_msgs.msg.InertialSolutionStatus(status=3),
1786043731687245036,1786043731.685507328,/novatel/oem7/fix,/novatel/oem7/fix,/novatel/oem7/inspva,39.663,-75.756,-1.800638153,0.004707455,0.000358089,0.002343887,0.004082441,0.000358089,,0,
1786043731688292023,1786043731.686122135,/novatel/oem7/odom,/novatel/oem7/fix,/novatel/oem7/odom,39.663,-75.756,-1.800638153,0.004705583,0.000381899,0.004192714,0.002136272,0.000381899,,,
1786043731696204728,1786043731.695524292,/novatel/oem7/odom,/novatel/oem7/fix,/novatel/oem7/odom,39.663,-75.756,-1.800638153,0.004705583,0.000381899,0.004192714,0.002136272,0.000381899,,,
1786043731706582309,1786043731.706001153,/novatel/oem7/inspva,/novatel/oem7/inspva,/novatel/oem7/inspva,39.663,-75.756,-1.800654395,0.003558728,0.000872456,0.002889350,0.002077546,0.000872456,,novatel_oem7_msgs.msg.InertialSolutionStatus(status=3),
1786043731707950759,1786043731.706158978,/novatel/oem7/fix,/novatel/oem7/fix,/novatel/oem7/inspva,39.663,-75.756,-1.800654395,0.003558728,0.000872456,0.002889350,0.002077546,0.000872456,,0,
1786043731709033423,1786043731.706653809,/novatel/oem7/odom,/novatel/oem7/fix,/novatel/oem7/odom,39.663,-75.756,-1.800654395,0.003554444,0.000889746,0.002215314,0.002779651,0.000889746,,,
1786043731710583732,1786043731.709248172,/novatel/oem7/bestpos,/novatel/oem7/bestpos,/novatel/oem7/odom,39.663,-75.756,33.181434114,0.003554444,0.000889746,0.002215314,0.002779651,0.000889746,,novatel_oem7_msgs.msg.SolutionStatus(status=0),novatel_oem7_msgs.msg.PositionOrVelocityType(type=53)
1786043731711553368,1786043731.709853884,/novatel/oem7/bestvel,/novatel/oem7/bestpos,/novatel/oem7/bestvel,39.663,-75.756,33.181434114,0.004527659,0.000127210,,,,47.853968245,novatel_oem7_msgs.msg.SolutionStatus(status=0),novatel_oem7_msgs.msg.PositionOrVelocityType(type=53)
1786043731715132501,1786043731.714410370,/novatel/oem7/odom,/novatel/oem7/bestpos,/novatel/oem7/odom,39.663,-75.756,33.181434114,0.003554444,0.000889746,0.002215314,0.002779651,0.000889746,,,
1786043731727101293,1786043731.726518508,/novatel/oem7/inspva,/novatel/oem7/inspva,/novatel/oem7/inspva,39.663,-75.756,-1.800692202,0.004327755,-0.001931634,0.004079599,0.001444413,-0.001931634,,novatel_oem7_msgs.msg.InertialSolutionStatus(status=3),
1786043731728495300,1786043731.726678552,/novatel/oem7/fix,/novatel/oem7/fix,/novatel/oem7/inspva,39.663,-75.756,-1.800692202,0.004327755,-0.001931634,0.004079599,0.001444413,-0.001931634,,0,
1786043731729574981,1786043731.727130187,/novatel/oem7/odom,/novatel/oem7/fix,/novatel/oem7/odom,39.663,-75.756,-1.800692202,0.004335802,-0.001913502,0.001654277,0.004007811,-0.001913502,,,
1786043731735628072,1786043731.734900144,/novatel/oem7/odom,/novatel/oem7/fix,/novatel/oem7/odom,39.663,-75.756,-1.800692202,0.004335802,-0.001913502,0.001654277,0.004007811,-0.001913502,,,
1786043731745515804,1786043731.744913858,/novatel/oem7/inspva,/novatel/oem7/inspva,/novatel/oem7/inspva,39.663,-75.756,-1.800703227,0.004015632,-0.001420167,0.003446695,0.002060485,-0.001420167,,novatel_oem7_msgs.msg.InertialSolutionStatus(status=3),
1786043731747222731,1786043731.745083916,/novatel/oem7/fix,/novatel/oem7/fix,/novatel/oem7/inspva,39.663,-75.756,-1.800703227,0.004015632,-0.001420167,0.003446695,0.002060485,-0.001420167,,0,
1786043731748510577,1786043731.745614268,/novatel/oem7/odom,/novatel/oem7/fix,/novatel/oem7/odom,39.663,-75.756,-1.800703227,0.004022229,-0.001401373,0.002235902,0.003343512,-0.001401373,,,
1786043731756454483,1786043731.755751616,/novatel/oem7/odom,/novatel/oem7/fix,/novatel/oem7/odom,39.663,-75.756,-1.800703227,0.004022229,-0.001401373,0.002235902,0.003343512,-0.001401373,,,
1786043731765843500,1786043731.765251471,/novatel/oem7/inspva,/novatel/oem7/inspva,/novatel/oem7/inspva,39.663,-75.756,-1.800706615,0.004220751,0.000089381,0.002719035,0.003228249,0.000089381,,novatel_oem7_msgs.msg.InertialSolutionStatus(status=3),
1786043731767204790,1786043731.765437759,/novatel/oem7/fix,/novatel/oem7/fix,/novatel/oem7/inspva,39.663,-75.756,-1.800706615,0.004220751,0.000089381,0.002719035,0.003228249,0.000089381,,0,
1786043731768286674,1786043731.766113396,/novatel/oem7/odom,/novatel/oem7/fix,/novatel/oem7/odom,39.663,-75.756,-1.800706615,0.004220242,0.000110859,0.003359466,0.002554296,0.000110859,,,
1786043731776243854,1786043731.775335267,/novatel/oem7/odom,/novatel/oem7/fix,/novatel/oem7/odom,39.663,-75.756,-1.800706615,0.004220242,0.000110859,0.003359466,0.002554296,0.000110859,,,
1786043731786793142,1786043731.786226030,/novatel/oem7/inspva,/novatel/oem7/inspva,/novatel/oem7/inspva,39.663,-75.756,-1.800727970,0.004495331,0.000214340,0.003014612,0.003334684,0.000214340,,novatel_oem7_msgs.msg.InertialSolutionStatus(status=3),
1786043731788141299,1786043731.786394412,/novatel/oem7/fix,/novatel/oem7/fix,/novatel/oem7/inspva,39.663,-75.756,-1.800727970,0.004495331,0.000214340,0.003014612,0.003334684,0.000214340,,0,
1786043731789184602,1786043731.786951730,/novatel/oem7/odom,/novatel/oem7/fix,/novatel/oem7/odom,39.663,-75.756,-1.800727970,0.004494186,0.000237148,0.003479962,0.002843866,0.000237148,,,
1786043731795447328,1786043731.794725565,/novatel/oem7/odom,/novatel/oem7/fix,/novatel/oem7/odom,39.663,-75.756,-1.800727970,0.004494186,0.000237148,0.003479962,0.002843866,0.000237148,,,
1786043731806960327,1786043731.806345884,/novatel/oem7/inspva,/novatel/oem7/inspva,/novatel/oem7/inspva,39.663,-75.756,-1.800754937,0.005285468,-0.000779189,0.004940843,0.001877296,-0.000779189,,novatel_oem7_msgs.msg.InertialSolutionStatus(status=3),
1786043731808572466,1786043731.806627090,/novatel/oem7/fix,/novatel/oem7/fix,/novatel/oem7/inspva,39.663,-75.756,-1.800754937,0.005285468,-0.000779189,0.004940843,0.001877296,-0.000779189,,0,
1786043731809858599,1786043731.807275490,/novatel/oem7/odom,/novatel/oem7/fix,/novatel/oem7/odom,39.663,-75.756,-1.800754937,0.005288736,-0.000756693,0.002124751,0.004843156,-0.000756693,,,
1786043731811358907,1786043731.810219769,/novatel/oem7/bestpos,/novatel/oem7/bestpos,/novatel/oem7/odom,39.663,-75.756,33.181350088,0.005288736,-0.000756693,0.002124751,0.004843156,-0.000756693,,novatel_oem7_msgs.msg.SolutionStatus(status=0),novatel_oem7_msgs.msg.PositionOrVelocityType(type=53)
1786043731812292583,1786043731.810610596,/novatel/oem7/bestvel,/novatel/oem7/bestpos,/novatel/oem7/bestvel,39.663,-75.756,33.181350088,0.005235655,-0.000853283,,,,25.772707491,novatel_oem7_msgs.msg.SolutionStatus(status=0),novatel_oem7_msgs.msg.PositionOrVelocityType(type=53)
1786043731816470762,1786043731.815774051,/novatel/oem7/odom,/novatel/oem7/bestpos,/novatel/oem7/odom,39.663,-75.756,33.181350088,0.005288736,-0.000756693,0.002124751,0.004843156,-0.000756693,,,
1786043731825974513,1786043731.825370517,/novatel/oem7/inspva,/novatel/oem7/inspva,/novatel/oem7/inspva,39.663,-75.756,-1.800780385,0.004805037,-0.001589640,0.004359600,0.002020461,-0.001589640,,novatel_oem7_msgs.msg.InertialSolutionStatus(status=3),
1786043731827314860,1786043731.825638369,/novatel/oem7/fix,/novatel/oem7/fix,/novatel/oem7/inspva,39.663,-75.756,-1.800780385,0.004805037,-0.001589640,0.004359600,0.002020461,-0.001589640,,0,
1786043731828360100,1786043731.826010333,/novatel/oem7/odom,/novatel/oem7/fix,/novatel/oem7/odom,39.663,-75.756,-1.800780385,0.004812050,-0.001568283,0.002242196,0.004257744,-0.001568283,,,
1786043731835175508,1786043731.834512652,/novatel/oem7/odom,/novatel/oem7/fix,/novatel/oem7/odom,39.663,-75.756,-1.800780385,0.004812050,-0.001568283,0.002242196,0.004257744,-0.001568283,,,
1786043731847197858,1786043731.846641086,/novatel/oem7/inspva,/novatel/oem7/inspva,/novatel/oem7/inspva,39.663,-75.756,-1.800788938,0.004344415,-0.000637432,0.002283109,0.003696127,-0.000637432,,novatel_oem7_msgs.msg.InertialSolutionStatus(status=3),
1786043731848994932,1786043731.846802137,/novatel/oem7/fix,/novatel/oem7/fix,/novatel/oem7/inspva,39.663,-75.756,-1.800788938,0.004344415,-0.000637432,0.002283109,0.003696127,-0.000637432,,0,
1786043731850182358,1786043731.847374880,/novatel/oem7/odom,/novatel/oem7/fix,/novatel/oem7/odom,39.663,-75.756,-1.800788938,0.004347599,-0.000615343,0.003808124,0.002097572,-0.000615343,,,
1786043731857142220,1786043731.856448027,/novatel/oem7/odom,/novatel/oem7/fix,/novatel/oem7/odom,39.663,-75.756,-1.800788938,0.004347599,-0.000615343,0.003808124,0.002097572,-0.000615343,,,
1786043731865522724,1786043731.864990512,/novatel/oem7/inspva,/novatel/oem7/inspva,/novatel/oem7/inspva,39.663,-75.756,-1.800801892,0.004855757,0.000563973,0.002931468,0.003871030,0.000563973,,novatel_oem7_msgs.msg.InertialSolutionStatus(status=3),
1786043731866912351,1786043731.865073183,/novatel/oem7/fix,/novatel/oem7/fix,/novatel/oem7/inspva,39.663,-75.756,-1.800801892,0.004855757,0.000563973,0.002931468,0.003871030,0.000563973,,0,
1786043731867944331,1786043731.865510987,/novatel/oem7/odom,/novatel/oem7/fix,/novatel/oem7/odom,39.663,-75.756,-1.800801892,0.004852813,0.000588765,0.004009989,0.002733091,0.000588765,,,
1786043731876107813,1786043731.875410456,/novatel/oem7/odom,/novatel/oem7/fix,/novatel/oem7/odom,39.663,-75.756,-1.800801892,0.004852813,0.000588765,0.004009989,0.002733091,0.000588765,,,
1786043731885831740,1786043731.885267961,/novatel/oem7/inspva,/novatel/oem7/inspva,/novatel/oem7/inspva,39.663,-75.756,-1.800829248,0.005428001,-0.000545468,0.004412763,0.003160809,-0.000545468,,novatel_oem7_msgs.msg.InertialSolutionStatus(status=3),
1786043731887187543,1786043731.885445636,/novatel/oem7/fix,/novatel/oem7/fix,/novatel/oem7/inspva,39.663,-75.756,-1.800829248,0.005428001,-0.000545468,0.004412763,0.003160809,-0.000545468,,0,
1786043731888304614,1786043731.886083092,/novatel/oem7/odom,/novatel/oem7/fix,/novatel/oem7/odom,39.663,-75.756,-1.800829248,0.005430576,-0.000519204,0.003379317,0.004251044,-0.000519204,,,
1786043731895482170,1786043731.894807836,/novatel/oem7/odom,/novatel/oem7/fix,/novatel/oem7/odom,39.663,-75.756,-1.800829248,0.005430576,-0.000519204,0.003379317,0.004251044,-0.000519204,,,
1786043731906336208,1786043731.905797439,/novatel/oem7/inspva,/novatel/oem7/inspva,/novatel/oem7/inspva,39.663,-75.756,-1.800855233,0.005453789,-0.001454271,0.004709572,0.002750226,-0.001454271,,novatel_oem7_msgs.msg.InertialSolutionStatus(status=3),
1786043731907865013,1786043731.905901776,/novatel/oem7/fix,/novatel/oem7/fix,/novatel/oem7/inspva,39.663,-75.756,-1.800855233,0.005453789,-0.001454271,0.004709572,0.002750226,-0.001454271,,0,
1786043731908948284,1786043731.906443099,/novatel/oem7/odom,/novatel/oem7/fix,/novatel/oem7/odom,39.663,-75.756,-1.800855233,0.005460505,-0.001428846,0.002987990,0.004570452,-0.001428846,,,
1786043731910504973,1786043731.909345611,/novatel/oem7/bestpos,/novatel/oem7/bestpos,/novatel/oem7/odom,39.663,-75.756,33.181250957,0.005460505,-0.001428846,0.002987990,0.004570452,-0.001428846,,novatel_oem7_msgs.msg.SolutionStatus(status=0),novatel_oem7_msgs.msg.PositionOrVelocityType(type=53)
1786043731911884916,1786043731.910033941,/novatel/oem7/bestvel,/novatel/oem7/bestpos,/novatel/oem7/bestvel,39.663,-75.756,33.181250957,0.005499229,-0.001495763,,,,30.767208807,novatel_oem7_msgs.msg.SolutionStatus(status=0),novatel_oem7_msgs.msg.PositionOrVelocityType(type=53)
1786043731915177849,1786043731.914435292,/novatel/oem7/odom,/novatel/oem7/bestpos,/novatel/oem7/odom,39.663,-75.756,33.181250957,0.005460505,-0.001428846,0.002987990,0.004570452,-0.001428846,,,
1786043731925687787,1786043731.925122391,/novatel/oem7/inspva,/novatel/oem7/inspva,/novatel/oem7/inspva,39.663,-75.756,-1.800872366,0.004348258,-0.001338772,0.002705407,0.003404133,-0.001338772,,novatel_oem7_msgs.msg.InertialSolutionStatus(status=3),
1786043731927005557,1786043731.925284153,/novatel/oem7/fix,/novatel/oem7/fix,/novatel/oem7/inspva,39.663,-75.756,-1.800872366,0.004348258,-0.001338772,0.002705407,0.003404133,-0.001338772,,0,
1786043731928117491,1786043731.925722994,/novatel/oem7/odom,/novatel/oem7/fix,/novatel/oem7/odom,39.663,-75.756,-1.800872366,0.004355001,-0.001316673,0.003540570,0.002535822,-0.001316673,,,
1786043731936147378,1786043731.935483619,/novatel/oem7/odom,/novatel/oem7/fix,/novatel/oem7/odom,39.663,-75.756,-1.800872366,0.004355001,-0.001316673,0.003540570,0.002535822,-0.001316673,,,
1786043731945619626,1786043731.945052784,/novatel/oem7/inspva,/novatel/oem7/inspva,/novatel/oem7/inspva,39.663,-75.756,-1.800885331,0.005195993,-0.000382122,0.003387976,0.003939538,-0.000382122,,novatel_oem7_msgs.msg.InertialSolutionStatus(status=3),
1786043731946964039,1786043731.945224089,/novatel/oem7/fix,/novatel/oem7/fix,/novatel/oem7/inspva,39.663,-75.756,-1.800885331,0.005195993,-0.000382122,0.003387976,0.003939538,-0.000382122,,0,
1786043731948016214,1786043731.945691457,/novatel/oem7/odom,/novatel/oem7/fix,/novatel/oem7/odom,39.663,-75.756,-1.800885331,0.005197866,-0.000355737,0.004105325,0.003188120,-0.000355737,,,
1786043731956351353,1786043731.955684476,/novatel/oem7/odom,/novatel/oem7/fix,/novatel/oem7/odom,39.663,-75.756,-1.800885331,0.005197866,-0.000355737,0.004105325,0.003188120,-0.000355737,,,
1786043731967026703,1786043731.966465774,/novatel/oem7/inspva,/novatel/oem7/inspva,/novatel/oem7/inspva,39.663,-75.756,-1.800897422,0.005360581,0.000662366,0.004310382,0.003186917,0.000662366,,novatel_oem7_msgs.msg.InertialSolutionStatus(status=3),
1786043731968563389,1786043731.966626309,/novatel/oem7/fix,/novatel/oem7/fix,/novatel/oem7/inspva,39.663,-75.756,-1.800897422,0.005360581,0.000662366,0.004310382,0.003186917,0.000662366,,0,
1786043731969619792,1786043731.967049690,/novatel/oem7/odom,/novatel/oem7/fix,/novatel/oem7/odom,39.663,-75.756,-1.800897422,0.005357292,0.000688461,0.003395179,0.004144073,0.000688461,,,
1786043731975711173,1786043731.975013116,/novatel/oem7/odom,/novatel/oem7/fix,/novatel/oem7/odom,39.663,-75.756,-1.800897422,0.005357292,0.000688461,0.003395179,0.004144073,0.000688461,,,
1786043731985496171,1786043731.984919732,/novatel/oem7/inspva,/novatel/oem7/inspva,/novatel/oem7/inspva,39.663,-75.756,-1.800930528,0.006325622,-0.000723548,0.005139134,0.003688197,-0.000723548,,novatel_oem7_msgs.msg.InertialSolutionStatus(status=3),
1786043731986833117,1786043731.985086250,/novatel/oem7/fix,/novatel/oem7/fix,/novatel/oem7/inspva,39.663,-75.756,-1.800930528,0.006325622,-0.000723548,0.005139134,0.003688197,-0.000723548,,0,
1786043731987875001,1786043731.985570131,/novatel/oem7/odom,/novatel/oem7/fix,/novatel/oem7/odom,39.663,-75.756,-1.800930528,0.006329046,-0.000692955,0.003943148,0.004950597,-0.000692955,,,
1786043731996041159,1786043731.995354962,/novatel/oem7/odom,/novatel/oem7/fix,/novatel/oem7/odom,39.663,-75.756,-1.800930528,0.006329046,-0.000692955,0.003943148,0.004950597,-0.000692955,,,
1786043732008938924,1786043732.008347639,/novatel/oem7/inspva,/novatel/oem7/inspva,/novatel/oem7/inspva,39.663,-75.756,-1.800960997,0.005172762,-0.002182735,0.003295590,0.003987047,-0.002182735,,novatel_oem7_msgs.msg.InertialSolutionStatus(status=3),
1786043732010331228,1786043732.008538800,/novatel/oem7/fix,/novatel/oem7/fix,/novatel/oem7/inspva,39.663,-75.756,-1.800960997,0.005172762,-0.002182735,0.003295590,0.003987047,-0.002182735,,0,
1786043732011433736,1786043732.009684195,/novatel/oem7/odom,/novatel/oem7/fix,/novatel/oem7/odom,39.663,-75.756,-1.800960997,0.005183791,-0.002156410,0.004155853,0.003098480,-0.002156410,,,
1786043732017257784,1786043732.016573574,/novatel/oem7/odom,/novatel/oem7/fix,/novatel/oem7/odom,39.663,-75.756,-1.800960997,0.005183791,-0.002156410,0.004155853,0.003098480,-0.002156410,,,
1786043732025545753,1786043732.024917501,/novatel/oem7/bestpos,/novatel/oem7/bestpos,/novatel/oem7/odom,39.663,-75.756,33.181149283,0.005183791,-0.002156410,0.004155853,0.003098480,-0.002156410,,novatel_oem7_msgs.msg.SolutionStatus(status=0),novatel_oem7_msgs.msg.PositionOrVelocityType(type=53)
1786043732027014958,1786043732.026221010,/novatel/oem7/bestvel,/novatel/oem7/bestpos,/novatel/oem7/bestvel,39.663,-75.756,33.181149283,0.004818321,-0.001953811,,,,43.422973725,novatel_oem7_msgs.msg.SolutionStatus(status=0),novatel_oem7_msgs.msg.PositionOrVelocityType(type=53)
1786043732028510343,1786043732.027324778,/novatel/oem7/inspva,/novatel/oem7/inspva,/novatel/oem7/inspva,39.663,-75.756,-1.800976724,0.005435806,-0.001848645,0.003675708,0.004004643,-0.001848645,,novatel_oem7_msgs.msg.InertialSolutionStatus(status=3),
1786043732029363018,1786043732.027495473,/novatel/oem7/fix,/novatel/oem7/fix,/novatel/oem7/inspva,39.663,-75.756,-1.800976724,0.005435806,-0.001848645,0.003675708,0.004004643,-0.001848645,,0,
1786043732030440866,1786043732.027878990,/novatel/oem7/odom,/novatel/oem7/fix,/novatel/oem7/odom,39.663,-75.756,-1.800976724,0.005445082,-0.001821143,0.004190953,0.003476324,-0.001821143,,,
1786043732036472696,1786043732.035616354,/novatel/oem7/odom,/novatel/oem7/fix,/novatel/oem7/odom,39.663,-75.756,-1.800976724,0.005445082,-0.001821143,0.004190953,0.003476324,-0.001821143,,,
1786043732045899023,1786043732.045318984,/novatel/oem7/inspva,/novatel/oem7/inspva,/novatel/oem7/inspva,39.663,-75.756,-1.800970481,0.005902642,0.001418430,0.004432546,0.003897912,0.001418430,,novatel_oem7_msgs.msg.InertialSolutionStatus(status=3),
1786043732047295094,1786043732.045515482,/novatel/oem7/fix,/novatel/oem7/fix,/novatel/oem7/inspva,39.663,-75.756,-1.800970481,0.005902642,0.001418430,0.004432546,0.003897912,0.001418430,,0,
1786043732048395175,1786043732.046125372,/novatel/oem7/odom,/novatel/oem7/fix,/novatel/oem7/odom,39.663,-75.756,-1.800970481,0.005895479,0.001447913,0.004108143,0.004228455,0.001447913,,,
1786043732057033461,1786043732.056315247,/novatel/oem7/odom,/novatel/oem7/fix,/novatel/oem7/odom,39.663,-75.756,-1.800970481,0.005895479,0.001447913,0.004108143,0.004228455,0.001447913,,,
1786043732065767864,1786043732.065201009,/novatel/oem7/inspva,/novatel/oem7/inspva,/novatel/oem7/inspva,39.663,-75.756,-1.800997099,0.006563318,0.000210207,0.004977169,0.004278425,0.000210207,,novatel_oem7_msgs.msg.InertialSolutionStatus(status=3),
1786043732067237556,1786043732.065351207,/novatel/oem7/fix,/novatel/oem7/fix,/novatel/oem7/inspva,39.663,-75.756,-1.800997099,0.006563318,0.000210207,0.004977169,0.004278425,0.000210207,,0,
1786043732068296390,1786043732.065719558,/novatel/oem7/odom,/novatel/oem7/fix,/novatel/oem7/odom,39.663,-75.756,-1.800997099,0.006562187,0.000242962,0.004520527,0.004756799,0.000242962,,,
1786043732075232523,1786043732.074515985,/novatel/oem7/odom,/novatel/oem7/fix,/novatel/oem7/odom,39.663,-75.756,-1.800997099,0.006562187,0.000242962,0.004520527,0.004756799,0.000242962,,,
1786043732087235325,1786043732.086693860,/novatel/oem7/inspva,/novatel/oem7/inspva,/novatel/oem7/inspva,39.663,-75.756,-1.801031602,0.006228839,-0.002459557,0.004794541,0.003976282,-0.002459557,,novatel_oem7_msgs.msg.InertialSolutionStatus(status=3),
1786043732088596766,1786043732.086855958,/novatel/oem7/fix,/novatel/oem7/fix,/novatel/oem7/inspva,39.663,-75.756,-1.801031602,0.006228839,-0.002459557,0.004794541,0.003976282,-0.002459557,,0,
1786043732089665430,1786043732.087221028,/novatel/oem7/odom,/novatel/oem7/fix,/novatel/oem7/odom,39.663,-75.756,-1.801031602,0.006240876,-0.002428854,0.004221135,0.004596797,-0.002428854,,,
1786043732096387050,1786043732.095709043,/novatel/oem7/odom,/novatel/oem7/fix,/novatel/oem7/odom,39.663,-75.756,-1.801031602,0.006240876,-0.002428854,0.004221135,0.004596797,-0.002428854,,,
1786043732106360363,1786043732.105809898,/novatel/oem7/inspva,/novatel/oem7/inspva,/novatel/oem7/inspva,39.663,-75.756,-1.801041806,0.006659970,-0.002001081,0.004607892,0.004808590,-0.002001081,,novatel_oem7_msgs.msg.InertialSolutionStatus(status=3),
1786043732107748817,1786043732.105975822,/novatel/oem7/fix,/novatel/oem7/fix,/novatel/oem7/inspva,39.663,-75.756,-1.801041806,0.006659970,-0.002001081,0.004607892,0.004808590,-0.002001081,,0,
1786043732108819261,1786043732.106390046,/novatel/oem7/odom,/novatel/oem7/fix,/novatel/oem7/odom,39.663,-75.756,-1.801041806,0.006670014,-0.001967344,0.005041185,0.004367555,-0.001967344,,,
1786043732110356909,1786043732.109249885,/novatel/oem7/bestpos,/novatel/oem7/bestpos,/novatel/oem7/odom,39.663,-75.756,33.181060667,0.006670014,-0.001967344,0.005041185,0.004367555,-0.001967344,,novatel_oem7_msgs.msg.SolutionStatus(status=0),novatel_oem7_msgs.msg.PositionOrVelocityType(type=53)
1786043732111306792,1786043732.109660842,/novatel/oem7/bestvel,/novatel/oem7/bestpos,/novatel/oem7/bestvel,39.663,-75.756,33.181060667,0.006511319,-0.001865589,,,,48.494291343,novatel_oem7_msgs.msg.SolutionStatus(status=0),novatel_oem7_msgs.msg.PositionOrVelocityType(type=53)
1786043732116129371,1786043732.115444874,/novatel/oem7/odom,/novatel/oem7/bestpos,/novatel/oem7/odom,39.663,-75.756,33.181060667,0.006670014,-0.001967344,0.005041185,0.004367555,-0.001967344,,,
1786043732126950732,1786043732.126383619,/novatel/oem7/inspva,/novatel/oem7/inspva,/novatel/oem7/inspva,39.663,-75.756,-1.801030993,0.006374968,0.000680675,0.003401605,0.005391595,0.000680675,,novatel_oem7_msgs.msg.InertialSolutionStatus(status=3),
1786043732128328855,1786043732.126553211,/novatel/oem7/fix,/novatel/oem7/fix,/novatel/oem7/inspva,39.663,-75.756,-1.801030993,0.006374968,0.000680675,0.003401605,0.005391595,0.000680675,,0,
1786043732129407746,1786043732.126937535,/novatel/oem7/odom,/novatel/oem7/fix,/novatel/oem7/odom,39.663,-75.756,-1.801030993,0.006371394,0.000713349,0.005551697,0.003126232,0.000713349,,,
1786043732135666469,1786043732.134945228,/novatel/oem7/odom,/novatel/oem7/fix,/novatel/oem7/odom,39.663,-75.756,-1.801030993,0.006371394,0.000713349,0.005551697,0.003126232,0.000713349,,,
1786043732146583197,1786043732.145991048,/novatel/oem7/inspva,/novatel/oem7/inspva,/novatel/oem7/inspva,39.663,-75.756,-1.801045607,0.006921823,0.000771848,0.004132875,0.005552566,0.000771848,,novatel_oem7_msgs.msg.InertialSolutionStatus(status=3),
1786043732147960704,1786043732.146160800,/novatel/oem7/fix,/novatel/oem7/fix,/novatel/oem7/inspva,39.663,-75.756,-1.801045607,0.006921823,0.000771848,0.004132875,0.005552566,0.000771848,,0,
1786043732149037712,1786043732.146573054,/novatel/oem7/odom,/novatel/oem7/fix,/novatel/oem7/odom,39.663,-75.756,-1.801045607,0.006917766,0.000807407,0.005748565,0.003848309,0.000807407,,,
1786043732156580214,1786043732.155882740,/novatel/oem7/odom,/novatel/oem7/fix,/novatel/oem7/odom,39.663,-75.756,-1.801045607,0.006917766,0.000807407,0.005748565,0.003848309,0.000807407,,,
1786043732165900097,1786043732.165336971,/novatel/oem7/inspva,/novatel/oem7/inspva,/novatel/oem7/inspva,39.663,-75.756,-1.801082999,0.006945361,-0.002130738,0.005665316,0.004017740,-0.002130738,,novatel_oem7_msgs.msg.InertialSolutionStatus(status=3),
1786043732167279344,1786043732.165520990,/novatel/oem7/fix,/novatel/oem7/fix,/novatel/oem7/inspva,39.663,-75.756,-1.801082999,0.006945361,-0.002130738,0.005665316,0.004017740,-0.002130738,,0,
1786043732168320497,1786043732.166105312,/novatel/oem7/odom,/novatel/oem7/fix,/novatel/oem7/odom,39.663,-75.756,-1.801082999,0.006955599,-0.002097075,0.004304745,0.005463472,-0.002097075,,,
1786043732175687498,1786043732.175006714,/novatel/oem7/odom,/novatel/oem7/fix,/novatel/oem7/odom,39.663,-75.756,-1.801082999,0.006955599,-0.002097075,0.004304745,0.005463472,-0.002097075,,,
1786043732186652717,1786043732.186077048,/novatel/oem7/inspva,/novatel/oem7/inspva,/novatel/oem7/inspva,39.663,-75.756,-1.801089694,0.006963204,-0.001583354,0.005497805,0.004273213,-0.001583354,,novatel_oem7_msgs.msg.InertialSolutionStatus(status=3),
1786043732187986727,1786043732.186252546,/novatel/oem7/fix,/novatel/oem7/fix,/novatel/oem7/inspva,39.663,-75.756,-1.801089694,0.006963204,-0.001583354,0.005497805,0.004273213,-0.001583354,,0,
1786043732189026901,1786043732.186755545,/novatel/oem7/odom,/novatel/oem7/fix,/novatel/oem7/odom,39.663,-75.756,-1.801089694,0.006970866,-0.001549275,0.004549090,0.005281927,-0.001549275,,,
1786043732195250226,1786043732.194547593,/novatel/oem7/odom,/novatel/oem7/fix,/novatel/oem7/odom,39.663,-75.756,-1.801089694,0.006970866,-0.001549275,0.004549090,0.005281927,-0.001549275,,,
1786043732206961263,1786043732.206385891,/novatel/oem7/inspva,/novatel/oem7/inspva,/novatel/oem7/inspva,39.663,-75.756,-1.801094310,0.007236708,-0.000753044,0.003764141,0.006180711,-0.000753044,,novatel_oem7_msgs.msg.InertialSolutionStatus(status=3),
1786043732208318216,1786043732.206567826,/novatel/oem7/fix,/novatel/oem7/fix,/novatel/oem7/inspva,39.663,-75.756,-1.801094310,0.007236708,-0.000753044,0.003764141,0.006180711,-0.000753044,,0,
1786043732209381551,1786043732.207188982,/novatel/oem7/odom,/novatel/oem7/fix,/novatel/oem7/odom,39.663,-75.756,-1.801094310,0.007240450,-0.000716173,0.006364104,0.003452868,-0.000716173,,,
1786043732210962473,1786043732.210176962,/novatel/oem7/bestpos,/novatel/oem7/bestpos,/novatel/oem7/odom,39.663,-75.756,33.181015542,0.007240450,-0.000716173,0.006364104,0.003452868,-0.000716173,,novatel_oem7_msgs.msg.SolutionStatus(status=0),novatel_oem7_msgs.msg.PositionOrVelocityType(type=53)
1786043732212403131,1786043732.210626836,/novatel/oem7/bestvel,/novatel/oem7/bestpos,/novatel/oem7/bestvel,39.663,-75.756,33.181015542,0.006630255,-0.000311612,,,,58.328480273,novatel_oem7_msgs.msg.SolutionStatus(status=0),novatel_oem7_msgs.msg.PositionOrVelocityType(type=53)
1786043732216140148,1786043732.215454835,/novatel/oem7/odom,/novatel/oem7/bestpos,/novatel/oem7/odom,39.663,-75.756,33.181015542,0.007240450,-0.000716173,0.006364104,0.003452868,-0.000716173,,,
1786043732225538918,1786043732.224957099,/novatel/oem7/inspva,/novatel/oem7/inspva,/novatel/oem7/inspva,39.663,-75.756,-1.801102468,0.006701946,-0.000152187,0.003787177,0.005529319,-0.000152187,,novatel_oem7_msgs.msg.InertialSolutionStatus(status=3),
1786043732226912352,1786043732.225121148,/novatel/oem7/fix,/novatel/oem7/fix,/novatel/oem7/inspva,39.663,-75.756,-1.801102468,0.006701946,-0.000152187,0.003787177,0.005529319,-0.000152187,,0,
1786043732227991230,1786043732.225565302,/novatel/oem7/odom,/novatel/oem7/fix,/novatel/oem7/odom,39.663,-75.756,-1.801102468,0.006702637,-0.000117883,0.005712090,0.003506760,-0.000117883,,,
1786043732235516618,1786043732.234674056,/novatel/oem7/odom,/novatel/oem7/fix,/novatel/oem7/odom,39.663,-75.756,-1.801102468,0.006702637,-0.000117883,0.005712090,0.003506760,-0.000117883,,,
1786043732247084260,1786043732.246512297,/novatel/oem7/inspva,/novatel/oem7/inspva,/novatel/oem7/inspva,39.663,-75.756,-1.801128068,0.007590207,-0.000823507,0.005918003,0.004752735,-0.000823507,,novatel_oem7_msgs.msg.InertialSolutionStatus(status=3),
1786043732248506351,1786043732.246686763,/novatel/oem7/fix,/novatel/oem7/fix,/novatel/oem7/inspva,39.663,-75.756,-1.801128068,0.007590207,-0.000823507,0.005918003,0.004752735,-0.000823507,,0,
1786043732249604905,1786043732.247111047,/novatel/oem7/odom,/novatel/oem7/fix,/novatel/oem7/odom,39.663,-75.756,-1.801128068,0.007594180,-0.000786027,0.005045727,0.005675580,-0.000786027,,,
1786043732257236914,1786043732.256549218,/novatel/oem7/odom,/novatel/oem7/fix,/novatel/oem7/odom,39.663,-75.756,-1.801128068,0.007594180,-0.000786027,0.005045727,0.005675580,-0.000786027,,,
1786043732265950545,1786043732.265386266,/novatel/oem7/inspva,/novatel/oem7/inspva,/novatel/oem7/inspva,39.663,-75.756,-1.801146052,0.007412042,-0.001019756,0.005612352,0.004841475,-0.001019756,,novatel_oem7_msgs.msg.InertialSolutionStatus(status=3),
1786043732267450246,1786043732.265567921,/novatel/oem7/fix,/novatel/oem7/fix,/novatel/oem7/inspva,39.663,-75.756,-1.801146052,0.007412042,-0.001019756,0.005612352,0.004841475,-0.001019756,,0,
1786043732268519644,1786043732.266021439,/novatel/oem7/odom,/novatel/oem7/fix,/novatel/oem7/odom,39.663,-75.756,-1.801146052,0.007417031,-0.000982814,0.005120068,0.005366308,-0.000982814,,,
1786043732275489176,1786043732.274761249,/novatel/oem7/odom,/novatel/oem7/fix,/novatel/oem7/odom,39.663,-75.756,-1.801146052,0.007417031,-0.000982814,0.005120068,0.005366308,-0.000982814,,,
1786043732285923171,1786043732.285371832,/novatel/oem7/inspva,/novatel/oem7/inspva,/novatel/oem7/inspva,39.663,-75.756,-1.801160729,0.007259361,-0.001444416,0.004963267,0.005297574,-0.001444416,,novatel_oem7_msgs.msg.InertialSolutionStatus(status=3),
1786043732287268158,1786043732.285544957,/novatel/oem7/fix,/novatel/oem7/fix,/novatel/oem7/inspva,39.663,-75.756,-1.801160729,0.007259361,-0.001444416,0.004963267,0.005297574,-0.001444416,,0,
1786043732288332928,1786043732.286037525,/novatel/oem7/odom,/novatel/oem7/fix,/novatel/oem7/odom,39.663,-75.756,-1.801160729,0.007266567,-0.001407712,0.005544923,0.004696470,-0.001407712,,,
1786043732295771059,1786043732.295063109,/novatel/oem7/odom,/novatel/oem7/fix,/novatel/oem7/odom,39.663,-75.756,-1.801160729,0.007266567,-0.001407712,0.005544923,0.004696470,-0.001407712,,,
1786043732306750685,1786043732.306178809,/novatel/oem7/inspva,/novatel/oem7/inspva,/novatel/oem7/inspva,39.663,-75.756,-1.801175688,0.007527093,-0.001584435,0.004266337,0.006201250,-0.001584435,,novatel_oem7_msgs.msg.InertialSolutionStatus(status=3),
1786043732308123269,1786043732.306332508,/novatel/oem7/fix,/novatel/oem7/fix,/novatel/oem7/inspva,39.663,-75.756,-1.801175688,0.007527093,-0.001584435,0.004266337,0.006201250,-0.001584435,,0,
1786043732309200683,1786043732.306782926,/novatel/oem7/odom,/novatel/oem7/fix,/novatel/oem7/odom,39.663,-75.756,-1.801175688,0.007535083,-0.001545991,0.006413294,0.003955646,-0.001545991,,,
1786043732310798063,1786043732.309433715,/novatel/oem7/bestpos,/novatel/oem7/bestpos,/novatel/oem7/odom,39.663,-75.756,33.180932526,0.007535083,-0.001545991,0.006413294,0.003955646,-0.001545991,,novatel_oem7_msgs.msg.SolutionStatus(status=0),novatel_oem7_msgs.msg.PositionOrVelocityType(type=53)
1786043732312236503,1786043732.310198183,/novatel/oem7/bestvel,/novatel/oem7/bestpos,/novatel/oem7/bestvel,39.663,-75.756,33.180932526,0.006798700,-0.001054850,,,,54.570497292,novatel_oem7_msgs.msg.SolutionStatus(status=0),novatel_oem7_msgs.msg.PositionOrVelocityType(type=53)
1786043732315161449,1786043732.314470605,/novatel/oem7/odom,/novatel/oem7/bestpos,/novatel/oem7/odom,39.663,-75.756,33.180932526,0.007535083,-0.001545991,0.006413294,0.003955646,-0.001545991,,,
1786043732325884009,1786043732.325297260,/novatel/oem7/inspva,/novatel/oem7/inspva,/novatel/oem7/inspva,39.663,-75.756,-1.801174358,0.008131458,0.000826848,0.005591478,0.005903896,0.000826848,,novatel_oem7_msgs.msg.InertialSolutionStatus(status=3),
1786043732327766855,1786043732.325465985,/novatel/oem7/fix,/novatel/oem7/fix,/novatel/oem7/inspva,39.663,-75.756,-1.801174358,0.008131458,0.000826848,0.005591478,0.005903896,0.000826848,,0,
1786043732329418301,1786043732.327606586,/novatel/oem7/odom,/novatel/oem7/fix,/novatel/oem7/odom,39.663,-75.756,-1.801174358,0.008127135,0.000868312,0.006172042,0.005287365,0.000868312,,,
1786043732336160245,1786043732.335462098,/novatel/oem7/odom,/novatel/oem7/fix,/novatel/oem7/odom,39.663,-75.756,-1.801174358,0.008127135,0.000868312,0.006172042,0.005287365,0.000868312,,,
1786043732345514369,1786043732.344935046,/novatel/oem7/inspva,/novatel/oem7/inspva,/novatel/oem7/inspva,39.663,-75.756,-1.801200540,0.008232908,0.000145858,0.005582316,0.006051324,0.000145858,,novatel_oem7_msgs.msg.InertialSolutionStatus(status=3),
1786043732346914596,1786043732.345101111,/novatel/oem7/fix,/novatel/oem7/fix,/novatel/oem7/inspva,39.663,-75.756,-1.801200540,0.008232908,0.000145858,0.005582316,0.006051324,0.000145858,,0,
1786043732348004540,1786043732.345534045,/novatel/oem7/odom,/novatel/oem7/fix,/novatel/oem7/odom,39.663,-75.756,-1.801200540,0.008232056,0.000187876,0.006321827,0.005272689,0.000187876,,,
1786043732356335313,1786043732.355623746,/novatel/oem7/odom,/novatel/oem7/fix,/novatel/oem7/odom,39.663,-75.756,-1.801200540,0.008232056,0.000187876,0.006321827,0.005272689,0.000187876,,,
1786043732367540805,1786043732.366957106,/novatel/oem7/inspva,/novatel/oem7/inspva,/novatel/oem7/inspva,39.663,-75.756,-1.801229511,0.008241707,-0.002010860,0.005722833,0.005930845,-0.002010860,,novatel_oem7_msgs.msg.InertialSolutionStatus(status=3),
1786043732368894238,1786043732.367133944,/novatel/oem7/fix,/novatel/oem7/fix,/novatel/oem7/inspva,39.663,-75.756,-1.801229511,0.008241707,-0.002010860,0.005722833,0.005930845,-0.002010860,,0,
1786043732369942712,1786043732.367523428,/novatel/oem7/odom,/novatel/oem7/fix,/novatel/oem7/odom,39.663,-75.756,-1.801229511,0.008251737,-0.001969299,0.006217835,0.005424914,-0.001969299,,,
1786043732375240705,1786043732.374562662,/novatel/oem7/odom,/novatel/oem7/fix,/novatel/oem7/odom,39.663,-75.756,-1.801229511,0.008251737,-0.001969299,0.006217835,0.005424914,-0.001969299,,,
1786043732385575388,1786043732.384996829,/novatel/oem7/inspva,/novatel/oem7/inspva,/novatel/oem7/inspva,39.663,-75.756,-1.801233694,0.007980089,-0.001664216,0.004960139,0.006251307,-0.001664216,,novatel_oem7_msgs.msg.InertialSolutionStatus(status=3),
1786043732386928935,1786043732.385156777,/novatel/oem7/fix,/novatel/oem7/fix,/novatel/oem7/inspva,39.663,-75.756,-1.801233694,0.007980089,-0.001664216,0.004960139,0.006251307,-0.001664216,,0,
1786043732388106897,1786043732.385497668,/novatel/oem7/odom,/novatel/oem7/fix,/novatel/oem7/odom,39.663,-75.756,-1.801233694,0.007988491,-0.001623404,0.006498323,0.004646267,-0.001623404,,,
1786043732395620959,1786043732.394911412,/novatel/oem7/odom,/novatel/oem7/fix,/novatel/oem7/odom,39.663,-75.756,-1.801233694,0.007988491,-0.001623404,0.006498323,0.004646267,-0.001623404,,,
1786043732407127600,1786043732.406568708,/novatel/oem7/inspva,/novatel/oem7/inspva,/novatel/oem7/inspva,39.663,-75.756,-1.801233233,0.008953123,0.000317613,0.004572245,0.007697596,0.000317613,,novatel_oem7_msgs.msg.InertialSolutionStatus(status=3),
1786043732408488177,1786043732.406730820,/novatel/oem7/fix,/novatel/oem7/fix,/novatel/oem7/inspva,39.663,-75.756,-1.801233233,0.008953123,0.000317613,0.004572245,0.007697596,0.000317613,,0,
1786043732409534861,1786043732.407294995,/novatel/oem7/odom,/novatel/oem7/fix,/novatel/oem7/odom,39.663,-75.756,-1.801233233,0.008951374,0.000363574,0.007914859,0.004181161,0.000363574,,,
1786043732411030136,1786043732.409906191,/novatel/oem7/bestpos,/novatel/oem7/bestpos,/novatel/oem7/odom,39.663,-75.756,33.180846603,0.008951374,0.000363574,0.007914859,0.004181161,0.000363574,,novatel_oem7_msgs.msg.SolutionStatus(status=0),novatel_oem7_msgs.msg.PositionOrVelocityType(type=53)
1786043732411956908,1786043732.410323685,/novatel/oem7/bestvel,/novatel/oem7/bestpos,/novatel/oem7/bestvel,39.663,-75.756,33.180846603,0.009665222,-0.000278227,,,,57.470918611,novatel_oem7_msgs.msg.SolutionStatus(status=0),novatel_oem7_msgs.msg.PositionOrVelocityType(type=53)
1786043732415560631,1786043732.414858291,/novatel/oem7/odom,/novatel/oem7/bestpos,/novatel/oem7/odom,39.663,-75.756,33.180846603,0.008951374,0.000363574,0.007914859,0.004181161,0.000363574,,,
1786043732426627801,1786043732.426057189,/novatel/oem7/inspva,/novatel/oem7/inspva,/novatel/oem7/inspva,39.663,-75.756,-1.801247466,0.008824118,0.000818367,0.005106925,0.007196136,0.000818367,,novatel_oem7_msgs.msg.InertialSolutionStatus(status=3),
1786043732427966441,1786043732.426249480,/novatel/oem7/fix,/novatel/oem7/fix,/novatel/oem7/inspva,39.663,-75.756,-1.801247466,0.008824118,0.000818367,0.005106925,0.007196136,0.000818367,,0,
1786043732429012268,1786043732.426631194,/novatel/oem7/odom,/novatel/oem7/fix,/novatel/oem7/odom,39.663,-75.756,-1.801247466,0.008819774,0.000863932,0.007438585,0.004738762,0.000863932,,,
1786043732435039622,1786043732.434344445,/novatel/oem7/odom,/novatel/oem7/fix,/novatel/oem7/odom,39.663,-75.756,-1.801247466,0.008819774,0.000863932,0.007438585,0.004738762,0.000863932,,,
1786043732445782832,1786043732.445223810,/novatel/oem7/inspva,/novatel/oem7/inspva,/novatel/oem7/inspva,39.663,-75.756,-1.801279462,0.008791262,-0.001631763,0.006558602,0.005854145,-0.001631763,,novatel_oem7_msgs.msg.InertialSolutionStatus(status=3),
1786043732447112919,1786043732.445394261,/novatel/oem7/fix,/novatel/oem7/fix,/novatel/oem7/inspva,39.663,-75.756,-1.801279462,0.008791262,-0.001631763,0.006558602,0.005854145,-0.001631763,,0,
1786043732448131902,1786043732.445740952,/novatel/oem7/odom,/novatel/oem7/fix,/novatel/oem7/odom,39.663,-75.756,-1.801279462,0.008799312,-0.001587780,0.006181420,0.006262422,-0.001587780,,,
1786043732456973551,1786043732.456280927,/novatel/oem7/odom,/novatel/oem7/fix,/novatel/oem7/odom,39.663,-75.756,-1.801279462,0.008799312,-0.001587780,0.006181420,0.006262422,-0.001587780,,,
1786043732465486952,1786043732.464921546,/novatel/oem7/inspva,/novatel/oem7/inspva,/novatel/oem7/inspva,39.663,-75.756,-1.801288667,0.008638441,-0.001843523,0.006083999,0.006132506,-0.001843523,,novatel_oem7_msgs.msg.InertialSolutionStatus(status=3),
1786043732466850025,1786043732.465088135,/novatel/oem7/fix,/novatel/oem7/fix,/novatel/oem7/inspva,39.663,-75.756,-1.801288667,0.008638441,-0.001843523,0.006083999,0.006132506,-0.001843523,,0,
1786043732467892920,1786043732.465557249,/novatel/oem7/odom,/novatel/oem7/fix,/novatel/oem7/odom,39.663,-75.756,-1.801288667,0.008647648,-0.001799844,0.006436651,0.005775061,-0.001799844,,,
1786043732475071147,1786043732.474372797,/novatel/oem7/odom,/novatel/oem7/fix,/novatel/oem7/odom,39.663,-75.756,-1.801288667,0.008647648,-0.001799844,0.006436651,0.005775061,-0.001799844,,,
1786043732487105258,1786043732.486562742,/novatel/oem7/inspva,/novatel/oem7/inspva,/novatel/oem7/inspva,39.663,-75.756,-1.801284998,0.009306629,0.000421846,0.004527508,0.008131114,0.000421846,,novatel_oem7_msgs.msg.InertialSolutionStatus(status=3),
1786043732488487705,1786043732.486741658,/novatel/oem7/fix,/novatel/oem7/fix,/novatel/oem7/inspva,39.663,-75.756,-1.801284998,0.009306629,0.000421846,0.004527508,0.008131114,0.000421846,,0,
1786043732489536052,1786043732.487108701,/novatel/oem7/odom,/novatel/oem7/fix,/novatel/oem7/odom,39.663,-75.756,-1.801284998,0.009304345,0.000469526,0.008345180,0.004114463,0.000469526,,,
1786043732495785998,1786043732.495084391,/novatel/oem7/odom,/novatel/oem7/fix,/novatel/oem7/odom,39.663,-75.756,-1.801284998,0.009304345,0.000469526,0.008345180,0.004114463,0.000469526,,,
1786043732506447667,1786043732.505865115,/novatel/oem7/inspva,/novatel/oem7/inspva,/novatel/oem7/inspva,39.663,-75.756,-1.801299203,0.009678582,0.000219079,0.004901202,0.008345848,0.000219079,,novatel_oem7_msgs.msg.InertialSolutionStatus(status=3),
1786043732507818128,1786043732.506040713,/novatel/oem7/fix,/novatel/oem7/fix,/novatel/oem7/inspva,39.663,-75.756,-1.801299203,0.009678582,0.000219079,0.004901202,0.008345848,0.000219079,,0,
1786043732508885495,1786043732.506583516,/novatel/oem7/odom,/novatel/oem7/fix,/novatel/oem7/odom,39.663,-75.756,-1.801299203,0.009677329,0.000268804,0.008579188,0.004477525,0.000268804,,,
1786043732511964869,1786043732.511338216,/novatel/oem7/bestpos,/novatel/oem7/bestpos,/novatel/oem7/odom,39.663,-75.756,33.180778094,0.009677329,0.000268804,0.008579188,0.004477525,0.000268804,,novatel_oem7_msgs.msg.SolutionStatus(status=0),novatel_oem7_msgs.msg.PositionOrVelocityType(type=53)
1786043732513435174,1786043732.512209692,/novatel/oem7/bestvel,/novatel/oem7/bestpos,/novatel/oem7/bestvel,39.663,-75.756,33.180778094,0.009805827,0.000033381,,,,57.197866485,novatel_oem7_msgs.msg.SolutionStatus(status=0),novatel_oem7_msgs.msg.PositionOrVelocityType(type=53)
1786043732515444314,1786043732.514740890,/novatel/oem7/odom,/novatel/oem7/bestpos,/novatel/oem7/odom,39.663,-75.756,33.180778094,0.009677329,0.000268804,0.008579188,0.004477525,0.000268804,,,
1786043732525745080,1786043732.525156181,/novatel/oem7/inspva,/novatel/oem7/inspva,/novatel/oem7/inspva,39.663,-75.756,-1.801320808,0.009308141,-0.000613770,0.006970609,0.006168638,-0.000613770,,novatel_oem7_msgs.msg.InertialSolutionStatus(status=3),
1786043732527139611,1786043732.525322556,/novatel/oem7/fix,/novatel/oem7/fix,/novatel/oem7/inspva,39.663,-75.756,-1.801320808,0.009308141,-0.000613770,0.006970609,0.006168638,-0.000613770,,0,
1786043732528226041,1786043732.525986449,/novatel/oem7/odom,/novatel/oem7/fix,/novatel/oem7/odom,39.663,-75.756,-1.801320808,0.009311113,-0.000566902,0.006511684,0.006655434,-0.000566902,,,
1786043732535575445,1786043732.534858524,/novatel/oem7/odom,/novatel/oem7/fix,/novatel/oem7/odom,39.663,-75.756,-1.801320808,0.009311113,-0.000566902,0.006511684,0.006655434,-0.000566902,,,
1786043732546668255,1786043732.546083666,/novatel/oem7/inspva,/novatel/oem7/inspva,/novatel/oem7/inspva,39.663,-75.756,-1.801339846,0.009467577,-0.001676264,0.006841068,0.006544829,-0.001676264,,novatel_oem7_msgs.msg.InertialSolutionStatus(status=3),
1786043732548036972,1786043732.546239794,/novatel/oem7/fix,/novatel/oem7/fix,/novatel/oem7/inspva,39.663,-75.756,-1.801339846,0.009467577,-0.001676264,0.006841068,0.006544829,-0.001676264,,0,
1786043732549105953,1786043732.546712356,/novatel/oem7/odom,/novatel/oem7/fix,/novatel/oem7/odom,39.663,-75.756,-1.801339846,0.009475914,-0.001628473,0.006885512,0.006510198,-0.001628473,,,
1786043732556601105,1786043732.555908954,/novatel/oem7/odom,/novatel/oem7/fix,/novatel/oem7/odom,39.663,-75.756,-1.801339846,0.009475914,-0.001628473,0.006885512,0.006510198,-0.001628473,,,
1786043732565789152,1786043732.565222314,/novatel/oem7/inspva,/novatel/oem7/inspva,/novatel/oem7/inspva,39.663,-75.756,-1.801339443,0.009898684,-0.000078262,0.005009595,0.008537442,-0.000078262,,novatel_oem7_msgs.msg.InertialSolutionStatus(status=3),
1786043732567129396,1786043732.565378975,/novatel/oem7/fix,/novatel/oem7/fix,/novatel/oem7/inspva,39.663,-75.756,-1.801339443,0.009898684,-0.000078262,0.005009595,0.008537442,-0.000078262,,0,
1786043732568193380,1786043732.566063232,/novatel/oem7/odom,/novatel/oem7/fix,/novatel/oem7/odom,39.663,-75.756,-1.801339443,0.009898955,-0.000027548,0.008777210,0.004577106,-0.000027548,,,
1786043732576117032,1786043732.575410732,/novatel/oem7/odom,/novatel/oem7/fix,/novatel/oem7/odom,39.663,-75.756,-1.801339443,0.009898955,-0.000027548,0.008777210,0.004577106,-0.000027548,,,
1786043732585492509,1786043732.584925450,/novatel/oem7/inspva,/novatel/oem7/inspva,/novatel/oem7/inspva,39.663,-75.756,-1.801357007,0.009578631,-0.000093226,0.005510303,0.007834969,-0.000093226,,novatel_oem7_msgs.msg.InertialSolutionStatus(status=3),
1786043732586845449,1786043732.585074975,/novatel/oem7/fix,/novatel/oem7/fix,/novatel/oem7/inspva,39.663,-75.756,-1.801357007,0.009578631,-0.000093226,0.005510303,0.007834969,-0.000093226,,0,
1786043732587901530,1786043732.585508233,/novatel/oem7/odom,/novatel/oem7/fix,/novatel/oem7/odom,39.663,-75.756,-1.801357007,0.009578985,-0.000043648,0.008100753,0.005112216,-0.000043648,,,
1786043732595057241,1786043732.594360997,/novatel/oem7/odom,/novatel/oem7/fix,/novatel/oem7/odom,39.663,-75.756,-1.801357007,0.009578985,-0.000043648,0.008100753,0.005112216,-0.000043648,,,
1786043732607081158,1786043732.606521943,/novatel/oem7/inspva,/novatel/oem7/inspva,/novatel/oem7/inspva,39.663,-75.756,-1.801384083,0.010173777,-0.000966114,0.007151191,0.007236449,-0.000966114,,novatel_oem7_msgs.msg.InertialSolutionStatus(status=3),
1786043732608460098,1786043732.606669400,/novatel/oem7/fix,/novatel/oem7/fix,/novatel/oem7/inspva,39.663,-75.756,-1.801384083,0.010173777,-0.000966114,0.007151191,0.007236449,-0.000966114,,0,
1786043732609527319,1786043732.607090681,/novatel/oem7/odom,/novatel/oem7/fix,/novatel/oem7/odom,39.663,-75.756,-1.801384083,0.010178572,-0.000914207,0.007588764,0.006783361,-0.000914207,,,
1786043732611062094,1786043732.610066618,/novatel/oem7/bestpos,/novatel/oem7/bestpos,/novatel/oem7/odom,39.663,-75.756,33.180687671,0.010178572,-0.000914207,0.007588764,0.006783361,-0.000914207,,novatel_oem7_msgs.msg.SolutionStatus(status=0),novatel_oem7_msgs.msg.PositionOrVelocityType(type=53)
1786043732612503435,1786043732.610571703,/novatel/oem7/bestvel,/novatel/oem7/bestpos,/novatel/oem7/bestvel,39.663,-75.756,33.180687671,0.010681778,-0.001374290,,,,43.292008635,novatel_oem7_msgs.msg.SolutionStatus(status=0),novatel_oem7_msgs.msg.PositionOrVelocityType(type=53)
1786043732615673767,1786043732.614953333,/novatel/oem7/odom,/novatel/oem7/bestpos,/novatel/oem7/odom,39.663,-75.756,33.180687671,0.010178572,-0.000914207,0.007588764,0.006783361,-0.000914207,,,
1786043732625692174,1786043732.625099698,/novatel/oem7/inspva,/novatel/oem7/inspva,/novatel/oem7/inspva,39.663,-75.756,-1.801404511,0.010203191,-0.001032991,0.007124827,0.007303557,-0.001032991,,novatel_oem7_msgs.msg.InertialSolutionStatus(status=3),
1786043732627083288,1786043732.625260706,/novatel/oem7/fix,/novatel/oem7/fix,/novatel/oem7/inspva,39.663,-75.756,-1.801404511,0.010203191,-0.001032991,0.007124827,0.007303557,-0.001032991,,0,
1786043732628168762,1786043732.625744177,/novatel/oem7/odom,/novatel/oem7/fix,/novatel/oem7/odom,39.663,-75.756,-1.801404511,0.010208330,-0.000980901,0.007654815,0.006753799,-0.000980901,,,
1786043732636370303,1786043732.635669636,/novatel/oem7/odom,/novatel/oem7/fix,/novatel/oem7/odom,39.663,-75.756,-1.801404511,0.010208330,-0.000980901,0.007654815,0.006753799,-0.000980901,,,
1786043732645975872,1786043732.645394587,/novatel/oem7/inspva,/novatel/oem7/inspva,/novatel/oem7/inspva,39.663,-75.756,-1.801421390,0.009389783,-0.001424571,0.005539931,0.007581372,-0.001424571,,novatel_oem7_msgs.msg.InertialSolutionStatus(status=3),
1786043732647357006,1786043732.645597252,/novatel/oem7/fix,/novatel/oem7/fix,/novatel/oem7/inspva,39.663,-75.756,-1.801421390,0.009389783,-0.001424571,0.005539931,0.007581372,-0.001424571,,0,
1786043732648479454,1786043732.646252369,/novatel/oem7/odom,/novatel/oem7/fix,/novatel/oem7/odom,39.663,-75.756,-1.801421390,0.009396980,-0.001376300,0.007854757,0.005158103,-0.001376300,,,
1786043732657225225,1786043732.656549305,/novatel/oem7/odom,/novatel/oem7/fix,/novatel/oem7/odom,39.663,-75.756,-1.801421390,0.009396980,-0.001376300,0.007854757,0.005158103,-0.001376300,,,
1786043732666803454,1786043732.666242255,/novatel/oem7/inspva,/novatel/oem7/inspva,/novatel/oem7/inspva,39.663,-75.756,-1.801427818,0.009972029,-0.000346717,0.005678916,0.008197028,-0.000346717,,novatel_oem7_msgs.msg.InertialSolutionStatus(status=3),
1786043732668148037,1786043732.666392226,/novatel/oem7/fix,/novatel/oem7/fix,/novatel/oem7/inspva,39.663,-75.756,-1.801427818,0.009972029,-0.000346717,0.005678916,0.008197028,-0.000346717,,0,
1786043732669240354,1786043732.666874251,/novatel/oem7/odom,/novatel/oem7/fix,/novatel/oem7/odom,39.663,-75.756,-1.801427818,0.009973681,-0.000295408,0.008471913,0.005263174,-0.000295408,,,
1786043732675400923,1786043732.674711416,/novatel/oem7/odom,/novatel/oem7/fix,/novatel/oem7/odom,39.663,-75.756,-1.801427818,0.009973681,-0.000295408,0.008471913,0.005263174,-0.000295408,,,
1786043732685896667,1786043732.685340445,/novatel/oem7/inspva,/novatel/oem7/inspva,/novatel/oem7/inspva,39.663,-75.756,-1.801440829,0.010643350,-0.000092927,0.006911002,0.008094378,-0.000092927,,novatel_oem7_msgs.msg.InertialSolutionStatus(status=3),
1786043732687235691,1786043732.685544101,/novatel/oem7/fix,/novatel/oem7/fix,/novatel/oem7/inspva,39.663,-75.756,-1.801440829,0.010643350,-0.000092927,0.006911002,0.008094378,-0.000092927,,0,
1786043732688278174,1786043732.686213764,/novatel/oem7/odom,/novatel/oem7/fix,/novatel/oem7/odom,39.663,-75.756,-1.801440829,0.010643688,-0.000038078,0.008429929,0.006498029,-0.000038078,,,
1786043732696228344,1786043732.695553547,/novatel/oem7/odom,/novatel/oem7/fix,/novatel/oem7/odom,39.663,-75.756,-1.801440829,0.010643688,-0.000038078,0.008429929,0.006498029,-0.000038078,,,
1786043732706416442,1786043732.705859360,/novatel/oem7/inspva,/novatel/oem7/inspva,/novatel/oem7/inspva,39.663,-75.756,-1.801454632,0.010995616,-0.000258103,0.007434968,0.008100914,-0.000258103,,novatel_oem7_msgs.msg.InertialSolutionStatus(status=3),
1786043732707802513,1786043732.706002121,/novatel/oem7/fix,/novatel/oem7/fix,/novatel/oem7/inspva,39.663,-75.756,-1.801454632,0.010995616,-0.000258103,0.007434968,0.008100914,-0.000258103,,0,
1786043732708862463,1786043732.706508783,/novatel/oem7/odom,/novatel/oem7/fix,/novatel/oem7/odom,39.663,-75.756,-1.801454632,0.010996794,-0.000201741,0.008463359,0.007021470,-0.000201741,,,
1786043732710380855,1786043732.709201300,/novatel/oem7/bestpos,/novatel/oem7/bestpos,/novatel/oem7/odom,39.663,-75.756,33.180618685,0.010996794,-0.000201741,0.008463359,0.007021470,-0.000201741,,novatel_oem7_msgs.msg.SolutionStatus(status=0),novatel_oem7_msgs.msg.PositionOrVelocityType(type=53)
1786043732711829549,1786043732.709853283,/novatel/oem7/bestvel,/novatel/oem7/bestpos,/novatel/oem7/bestvel,39.663,-75.756,33.180618685,0.011406407,-0.000579363,,,,47.205442692,novatel_oem7_msgs.msg.SolutionStatus(status=0),novatel_oem7_msgs.msg.PositionOrVelocityType(type=53)
1786043732715136896,1786043732.714434525,/novatel/oem7/odom,/novatel/oem7/bestpos,/novatel/oem7/odom,39.663,-75.756,33.180618685,0.010996794,-0.000201741,0.008463359,0.007021470,-0.000201741,,,
1786043732727198089,1786043732.726609470,/novatel/oem7/inspva,/novatel/oem7/inspva,/novatel/oem7/inspva,39.663,-75.756,-1.801476008,0.010676929,-0.001821613,0.006205264,0.008688586,-0.001821613,,novatel_oem7_msgs.msg.InertialSolutionStatus(status=3),
1786043732728626751,1786043732.726764095,/novatel/oem7/fix,/novatel/oem7/fix,/novatel/oem7/inspva,39.663,-75.756,-1.801476008,0.010676929,-0.001821613,0.006205264,0.008688586,-0.001821613,,0,
1786043732729789512,1786043732.727279557,/novatel/oem7/odom,/novatel/oem7/fix,/novatel/oem7/odom,39.663,-75.756,-1.801476008,0.010686181,-0.001766531,0.008995665,0.005768228,-0.001766531,,,
1786043732735723835,1786043732.735000034,/novatel/oem7/odom,/novatel/oem7/fix,/novatel/oem7/odom,39.663,-75.756,-1.801476008,0.010686181,-0.001766531,0.008995665,0.005768228,-0.001766531,,,
1786043732745709667,1786043732.745119125,/novatel/oem7/inspva,/novatel/oem7/inspva,/novatel/oem7/inspva,39.663,-75.756,-1.801476109,0.009997576,-0.001214145,0.006053531,0.007956525,-0.001214145,,novatel_oem7_msgs.msg.InertialSolutionStatus(status=3),
1786043732747094825,1786043732.745269777,/novatel/oem7/fix,/novatel/oem7/fix,/novatel/oem7/inspva,39.663,-75.756,-1.801476109,0.009997576,-0.001214145,0.006053531,0.007956525,-0.001214145,,0,
1786043732748243996,1786043732.745732368,/novatel/oem7/odom,/novatel/oem7/fix,/novatel/oem7/odom,39.663,-75.756,-1.801476109,0.010003714,-0.001162493,0.008254354,0.005651541,-0.001162493,,,
1786043732756555129,1786043732.755842825,/novatel/oem7/odom,/novatel/oem7/fix,/novatel/oem7/odom,39.663,-75.756,-1.801476109,0.010003714,-0.001162493,0.008254354,0.005651541,-0.001162493,,,
1786043732766000280,1786043732.765449108,/novatel/oem7/inspva,/novatel/oem7/inspva,/novatel/oem7/inspva,39.663,-75.756,-1.801471418,0.011748574,0.000912920,0.007573031,0.008982104,0.000912920,,novatel_oem7_msgs.msg.InertialSolutionStatus(status=3),
1786043732767482944,1786043732.765593169,/novatel/oem7/fix,/novatel/oem7/fix,/novatel/oem7/inspva,39.663,-75.756,-1.801471418,0.011748574,0.000912920,0.007573031,0.008982104,0.000912920,,0,
1786043732768715871,1786043732.766285356,/novatel/oem7/odom,/novatel/oem7/fix,/novatel/oem7/odom,39.663,-75.756,-1.801471418,0.011743721,0.000973364,0.009345374,0.007111888,0.000973364,,,
1786043732775543032,1786043732.774837572,/novatel/oem7/odom,/novatel/oem7/fix,/novatel/oem7/odom,39.663,-75.756,-1.801471418,0.011743721,0.000973364,0.009345374,0.007111888,0.000973364,,,
1786043732786612352,1786043732.786037236,/novatel/oem7/inspva,/novatel/oem7/inspva,/novatel/oem7/inspva,39.663,-75.756,-1.801491712,0.011360438,0.000037694,0.007579511,0.008462302,0.000037694,,novatel_oem7_msgs.msg.InertialSolutionStatus(status=3),
1786043732788010949,1786043732.786180795,/novatel/oem7/fix,/novatel/oem7/fix,/novatel/oem7/inspva,39.663,-75.756,-1.801491712,0.011360438,0.000037694,0.007579511,0.008462302,0.000037694,,0,
1786043732789053673,1786043732.786623809,/novatel/oem7/odom,/novatel/oem7/fix,/novatel/oem7/odom,39.663,-75.756,-1.801491712,0.011360093,0.000096152,0.008830393,0.007146739,0.000096152,,,
1786043732795285346,1786043732.794602952,/novatel/oem7/odom,/novatel/oem7/fix,/novatel/oem7/odom,39.663,-75.756,-1.801491712,0.011360093,0.000096152,0.008830393,0.007146739,0.000096152,,,
1786043732806961378,1786043732.806388296,/novatel/oem7/inspva,/novatel/oem7/inspva,/novatel/oem7/inspva,39.663,-75.756,-1.801520904,0.011147680,-0.002245522,0.007533436,0.008216940,-0.002245522,,novatel_oem7_msgs.msg.InertialSolutionStatus(status=3),
1786043732808331746,1786043732.806593088,/novatel/oem7/fix,/novatel/oem7/fix,/novatel/oem7/inspva,39.663,-75.756,-1.801520904,0.011147680,-0.002245522,0.007533436,0.008216940,-0.002245522,,0,
1786043732809387956,1786043732.807122794,/novatel/oem7/odom,/novatel/oem7/fix,/novatel/oem7/odom,39.663,-75.756,-1.801520904,0.011158972,-0.002188714,0.008592842,0.007119391,-0.002188714,,,
1786043732810914985,1786043732.810173694,/novatel/oem7/bestpos,/novatel/oem7/bestpos,/novatel/oem7/odom,39.663,-75.756,33.180572083,0.011158972,-0.002188714,0.008592842,0.007119391,-0.002188714,,novatel_oem7_msgs.msg.SolutionStatus(status=0),novatel_oem7_msgs.msg.PositionOrVelocityType(type=53)
1786043732812357306,1786043732.810510250,/novatel/oem7/bestvel,/novatel/oem7/bestpos,/novatel/oem7/bestvel,39.663,-75.756,33.180572083,0.009819249,-0.001233638,,,,46.339020881,novatel_oem7_msgs.msg.SolutionStatus(status=0),novatel_oem7_msgs.msg.PositionOrVelocityType(type=53)
1786043732816166987,1786043732.815468077,/novatel/oem7/odom,/novatel/oem7/bestpos,/novatel/oem7/odom,39.663,-75.756,33.180572083,0.011158972,-0.002188714,0.008592842,0.007119391,-0.002188714,,,
1786043732825790303,1786043732.825207210,/novatel/oem7/inspva,/novatel/oem7/inspva,/novatel/oem7/inspva,39.663,-75.756,-1.801527648,0.011241005,-0.002083819,0.006809106,0.008944063,-0.002083819,,novatel_oem7_msgs.msg.InertialSolutionStatus(status=3),
1786043732827166127,1786043732.825386452,/novatel/oem7/fix,/novatel/oem7/fix,/novatel/oem7/inspva,39.663,-75.756,-1.801527648,0.011241005,-0.002083819,0.006809106,0.008944063,-0.002083819,,0,
1786043732828248798,1786043732.825821170,/novatel/oem7/odom,/novatel/oem7/fix,/novatel/oem7/odom,39.663,-75.756,-1.801527648,0.011251564,-0.002026029,0.009282171,0.006359166,-0.002026029,,,
1786043732835158856,1786043732.834459342,/novatel/oem7/odom,/novatel/oem7/fix,/novatel/oem7/odom,39.663,-75.756,-1.801527648,0.011251564,-0.002026029,0.009282171,0.006359166,-0.002026029,,,
1786043732847077005,1786043732.846495283,/novatel/oem7/inspva,/novatel/oem7/inspva,/novatel/oem7/inspva,39.663,-75.756,-1.801514301,0.011900262,0.001383837,0.007469675,0.009263919,0.001383837,,novatel_oem7_msgs.msg.InertialSolutionStatus(status=3),
1786043732848474092,1786043732.846682641,/novatel/oem7/fix,/novatel/oem7/fix,/novatel/oem7/inspva,39.663,-75.756,-1.801514301,0.011900262,0.001383837,0.007469675,0.009263919,0.001383837,,0,
1786043732849575690,1786043732.847194476,/novatel/oem7/odom,/novatel/oem7/fix,/novatel/oem7/odom,39.663,-75.756,-1.801514301,0.011892932,0.001445476,0.009619609,0.006993208,0.001445476,,,
1786043732857024544,1786043732.856327988,/novatel/oem7/odom,/novatel/oem7/fix,/novatel/oem7/odom,39.663,-75.756,-1.801514301,0.011892932,0.001445476,0.009619609,0.006993208,0.001445476,,,
1786043732865752295,1786043732.865182029,/novatel/oem7/inspva,/novatel/oem7/inspva,/novatel/oem7/inspva,39.663,-75.756,-1.801536971,0.012210304,0.000731258,0.008010043,0.009215788,0.000731258,,novatel_oem7_msgs.msg.InertialSolutionStatus(status=3),
1786043732867107272,1786043732.865354231,/novatel/oem7/fix,/novatel/oem7/fix,/novatel/oem7/inspva,39.663,-75.756,-1.801536971,0.012210304,0.000731258,0.008010043,0.009215788,0.000731258,,0,
1786043732868163676,1786043732.865803052,/novatel/oem7/odom,/novatel/oem7/fix,/novatel/oem7/odom,39.663,-75.756,-1.801536971,0.012206378,0.000794109,0.009601465,0.007537077,0.000794109,,,
1786043732876139712,1786043732.875450752,/novatel/oem7/odom,/novatel/oem7/fix,/novatel/oem7/odom,39.663,-75.756,-1.801536971,0.012206378,0.000794109,0.009601465,0.007537077,0.000794109,,,
1786043732886018674,1786043732.885465938,/novatel/oem7/inspva,/novatel/oem7/inspva,/novatel/oem7/inspva,39.663,-75.756,-1.801571295,0.011834920,-0.002388301,0.008508580,0.008226141,-0.002388301,,novatel_oem7_msgs.msg.InertialSolutionStatus(status=3),
1786043732887350690,1786043732.885643363,/novatel/oem7/fix,/novatel/oem7/fix,/novatel/oem7/inspva,39.663,-75.756,-1.801571295,0.011834920,-0.002388301,0.008508580,0.008226141,-0.002388301,,0,
1786043732888400581,1786043732.886288760,/novatel/oem7/odom,/novatel/oem7/fix,/novatel/oem7/odom,39.663,-75.756,-1.801571295,0.011846854,-0.002328380,0.008651596,0.008093074,-0.002328380,,,
1786043732895591436,1786043732.894889622,/novatel/oem7/odom,/novatel/oem7/fix,/novatel/oem7/odom,39.663,-75.756,-1.801571295,0.011846854,-0.002328380,0.008651596,0.008093074,-0.002328380,,,
1786043732907167605,1786043732.905876829,/novatel/oem7/inspva,/novatel/oem7/inspva,/novatel/oem7/inspva,39.663,-75.756,-1.801576757,0.011477350,-0.001965785,0.007873625,0.008350783,-0.001965785,,novatel_oem7_msgs.msg.InertialSolutionStatus(status=3),
1786043732908530862,1786043732.906134568,/novatel/oem7/fix,/novatel/oem7/fix,/novatel/oem7/inspva,39.663,-75.756,-1.801576757,0.011477350,-0.001965785,0.007873625,0.008350783,-0.001965785,,0,
1786043732909605489,1786043732.906688273,/novatel/oem7/odom,/novatel/oem7/fix,/novatel/oem7/odom,39.663,-75.756,-1.801576757,0.011846862,-0.002328341,0.008651607,0.008093074,-0.002328341,,,
1786043732911140281,1786043732.909726000,/novatel/oem7/bestpos,/novatel/oem7/bestpos,/novatel/oem7/odom,39.663,-75.756,33.180505176,0.011846862,-0.002328341,0.008651607,0.008093074,-0.002328341,,novatel_oem7_msgs.msg.SolutionStatus(status=0),novatel_oem7_msgs.msg.PositionOrVelocityType(type=53)
1786043732912095061,1786043732.910389014,/novatel/oem7/bestvel,/novatel/oem7/bestpos,/novatel/oem7/bestvel,39.663,-75.756,33.180505176,0.010407635,-0.001162528,,,,44.162921983,novatel_oem7_msgs.msg.SolutionStatus(status=0),novatel_oem7_msgs.msg.PositionOrVelocityType(type=53)
1786043732915261476,1786043732.914577529,/novatel/oem7/odom,/novatel/oem7/bestpos,/novatel/oem7/odom,39.663,-75.756,33.180505176,0.011487229,-0.001907206,0.008742508,0.007451509,-0.001907206,,,
1786043732925765133,1786043732.925184318,/novatel/oem7/inspva,/novatel/oem7/inspva,/novatel/oem7/inspva,39.663,-75.756,-1.801572680,0.012571462,0.000513698,0.007424578,0.010144817,0.000513698,,novatel_oem7_msgs.msg.InertialSolutionStatus(status=3),
1786043732927155994,1786043732.925329913,/novatel/oem7/fix,/novatel/oem7/fix,/novatel/oem7/inspva,39.663,-75.756,-1.801572680,0.012571462,0.000513698,0.007424578,0.010144817,0.000513698,,0,
1786043732928238282,1786043732.925812574,/novatel/oem7/odom,/novatel/oem7/fix,/novatel/oem7/odom,39.663,-75.756,-1.801572680,0.012568637,0.000578721,0.010501135,0.006906287,0.000578721,,,
1786043732936156687,1786043732.935486734,/novatel/oem7/odom,/novatel/oem7/fix,/novatel/oem7/odom,39.663,-75.756,-1.801572680,0.012568637,0.000578721,0.010501135,0.006906287,0.000578721,,,
1786043732945655009,1786043732.945064396,/novatel/oem7/inspva,/novatel/oem7/inspva,/novatel/oem7/inspva,39.663,-75.756,-1.801585212,0.012375022,0.000865277,0.007906001,0.009520310,0.000865277,,novatel_oem7_msgs.msg.InertialSolutionStatus(status=3),
1786043732947024949,1786043732.945216091,/novatel/oem7/fix,/novatel/oem7/fix,/novatel/oem7/inspva,39.663,-75.756,-1.801585212,0.012375022,0.000865277,0.007906001,0.009520310,0.000865277,,0,
1786043732948101060,1786043732.945687769,/novatel/oem7/odom,/novatel/oem7/fix,/novatel/oem7/odom,39.663,-75.756,-1.801585212,0.012370378,0.000929312,0.009899943,0.007417370,0.000929312,,,
1786043732956300872,1786043732.955613581,/novatel/oem7/odom,/novatel/oem7/fix,/novatel/oem7/odom,39.663,-75.756,-1.801585212,0.012370378,0.000929312,0.009899943,0.007417370,0.000929312,,,
1786043732966985921,1786043732.966431056,/novatel/oem7/inspva,/novatel/oem7/inspva,/novatel/oem7/inspva,39.663,-75.756,-1.801617459,0.011855773,-0.001639813,0.008815948,0.007927068,-0.001639813,,novatel_oem7_msgs.msg.InertialSolutionStatus(status=3),
1786043732968331582,1786043732.966575090,/novatel/oem7/fix,/novatel/oem7/fix,/novatel/oem7/inspva,39.663,-75.756,-1.801617459,0.011855773,-0.001639813,0.008815948,0.007927068,-0.001639813,,0,
1786043732969404612,1786043732.967027979,/novatel/oem7/odom,/novatel/oem7/fix,/novatel/oem7/odom,39.663,-75.756,-1.801617459,0.011863867,-0.001580190,0.008365126,0.008412848,-0.001580190,,,
1786043732976641765,1786043732.975950091,/novatel/oem7/odom,/novatel/oem7/fix,/novatel/oem7/odom,39.663,-75.756,-1.801617459,0.011863867,-0.001580190,0.008365126,0.008412848,-0.001580190,,,
1786043732985498346,1786043732.984944918,/novatel/oem7/inspva,/novatel/oem7/inspva,/novatel/oem7/inspva,39.663,-75.756,-1.801630626,0.012209827,-0.001945902,0.008477320,0.008787202,-0.001945902,,novatel_oem7_msgs.msg.InertialSolutionStatus(status=3),
1786043732986817049,1786043732.985091135,/novatel/oem7/fix,/novatel/oem7/fix,/novatel/oem7/inspva,39.663,-75.756,-1.801630626,0.012209827,-0.001945902,0.008477320,0.008787202,-0.001945902,,0,
1786043732987841666,1786043732.985533640,/novatel/oem7/odom,/novatel/oem7/fix,/novatel/oem7/odom,39.663,-75.756,-1.801630626,0.012219579,-0.001883691,0.009208675,0.008032336,-0.001883691,,,
1786043732996184476,1786043732.995529349,/novatel/oem7/odom,/novatel/oem7/fix,/novatel/oem7/odom,39.663,-75.756,-1.801630626,0.012219579,-0.001883691,0.009208675,0.008032336,-0.001883691,,,
1786043733010677304,1786043733.010120442,/novatel/oem7/inspva,/novatel/oem7/inspva,/novatel/oem7/inspva,39.663,-75.756,-1.801630430,0.012884245,-0.000098840,0.007179432,0.010698576,-0.000098840,,novatel_oem7_msgs.msg.InertialSolutionStatus(status=3),
1786043733012017848,1786043733.010260380,/novatel/oem7/fix,/novatel/oem7/fix,/novatel/oem7/inspva,39.663,-75.756,-1.801630430,0.012884245,-0.000098840,0.007179432,0.010698576,-0.000098840,,0,
1786043733013050008,1786043733.011530863,/novatel/oem7/odom,/novatel/oem7/fix,/novatel/oem7/odom,39.663,-75.756,-1.801630430,0.012884584,-0.000032206,0.011044707,0.006635281,-0.000032206,,,
1786043733016418281,1786043733.015733241,/novatel/oem7/odom,/novatel/oem7/fix,/novatel/oem7/odom,39.663,-75.756,-1.801630430,0.012884584,-0.000032206,0.011044707,0.006635281,-0.000032206,,,
1786043733025322650,1786043733.024586453,/novatel/oem7/bestpos,/novatel/oem7/bestpos,/novatel/oem7/odom,39.663,-75.756,33.180438364,0.012884584,-0.000032206,0.011044707,0.006635281,-0.000032206,,novatel_oem7_msgs.msg.SolutionStatus(status=0),novatel_oem7_msgs.msg.PositionOrVelocityType(type=53)
1786043733027449898,1786043733.026598529,/novatel/oem7/bestvel,/novatel/oem7/bestpos,/novatel/oem7/bestvel,39.663,-75.756,33.180438364,0.012940222,-0.000235447,,,,53.820991003,novatel_oem7_msgs.msg.SolutionStatus(status=0),novatel_oem7_msgs.msg.PositionOrVelocityType(type=53)
1786043733028962990,1786043733.027130512,/novatel/oem7/inspva,/novatel/oem7/inspva,/novatel/oem7/inspva,39.663,-75.756,-1.801642550,0.013161992,0.000335666,0.007889173,0.010535605,0.000335666,,novatel_oem7_msgs.msg.InertialSolutionStatus(status=3),
1786043733029896859,1786043733.027277543,/novatel/oem7/fix,/novatel/oem7/fix,/novatel/oem7/inspva,39.663,-75.756,-1.801642550,0.013161992,0.000335666,0.007889173,0.010535605,0.000335666,,0,
1786043733031006140,1786043733.027724011,/novatel/oem7/odom,/novatel/oem7/fix,/novatel/oem7/odom,39.663,-75.756,-1.801642550,0.013160080,0.000403721,0.010915583,0.007351038,0.000403721,,,
1786043733035560636,1786043733.034838285,/novatel/oem7/odom,/novatel/oem7/fix,/novatel/oem7/odom,39.663,-75.756,-1.801642550,0.013160080,0.000403721,0.010915583,0.007351038,0.000403721,,,
1786043733046027183,1786043733.045381150,/novatel/oem7/inspva,/novatel/oem7/inspva,/novatel/oem7/inspva,39.663,-75.756,-1.801626517,0.012992728,0.000088634,0.009408540,0.008960488,0.000088634,,novatel_oem7_msgs.msg.InertialSolutionStatus(status=3),
1786043733047550242,1786043733.045585936,/novatel/oem7/fix,/novatel/oem7/fix,/novatel/oem7/inspva,39.663,-75.756,-1.801626517,0.012992728,0.000088634,0.009408540,0.008960488,0.000088634,,0,
1786043733048730604,1786043733.046107983,/novatel/oem7/odom,/novatel/oem7/fix,/novatel/oem7/odom,39.663,-75.756,-1.801626517,0.012992106,0.000154946,0.009419552,0.008948009,0.000154946,,,
1786043733057218669,1786043733.056449781,/novatel/oem7/odom,/novatel/oem7/fix,/novatel/oem7/odom,39.663,-75.756,-1.801626517,0.012992106,0.000154946,0.009419552,0.008948009,0.000154946,,,
1786043733065673249,1786043733.065075337,/novatel/oem7/inspva,/novatel/oem7/inspva,/novatel/oem7/inspva,39.663,-75.756,-1.801597815,0.012696436,-0.001373751,0.009022771,0.008932474,-0.001373751,,novatel_oem7_msgs.msg.InertialSolutionStatus(status=3),
1786043733067088100,1786043733.065228995,/novatel/oem7/fix,/novatel/oem7/fix,/novatel/oem7/inspva,39.663,-75.756,-1.801597815,0.012696436,-0.001373751,0.009022771,0.008932474,-0.001373751,,0,
1786043733068262575,1786043733.065611181,/novatel/oem7/odom,/novatel/oem7/fix,/novatel/oem7/odom,39.663,-75.756,-1.801597815,0.012703265,-0.001309100,0.009378695,0.008568140,-0.001309100,,,
1786043733075315895,1786043733.074568205,/novatel/oem7/odom,/novatel/oem7/fix,/novatel/oem7/odom,39.663,-75.756,-1.801597815,0.012703265,-0.001309100,0.009378695,0.008568140,-0.001309100,,,
1786043733087484121,1786043733.086848147,/novatel/oem7/inspva,/novatel/oem7/inspva,/novatel/oem7/inspva,39.663,-75.756,-1.801560692,0.012197645,-0.000478561,0.006716664,0.010181796,-0.000478561,,novatel_oem7_msgs.msg.InertialSolutionStatus(status=3),
1786043733088938611,1786043733.087004069,/novatel/oem7/fix,/novatel/oem7/fix,/novatel/oem7/inspva,39.663,-75.756,-1.801560692,0.012197645,-0.000478561,0.006716664,0.010181796,-0.000478561,,0,
1786043733090143260,1786043733.087384752,/novatel/oem7/odom,/novatel/oem7/fix,/novatel/oem7/odom,39.663,-75.756,-1.801560692,0.012199952,-0.000415617,0.010507135,0.006199915,-0.000415617,,,
1786043733095885527,1786043733.095200264,/novatel/oem7/odom,/novatel/oem7/fix,/novatel/oem7/odom,39.663,-75.756,-1.801560692,0.012199952,-0.000415617,0.010507135,0.006199915,-0.000415617,,,
1786043733106271368,1786043733.105685412,/novatel/oem7/inspva,/novatel/oem7/inspva,/novatel/oem7/inspva,39.663,-75.756,-1.801522515,0.012393600,0.000327828,0.006901118,0.010294459,0.000327828,,novatel_oem7_msgs.msg.InertialSolutionStatus(status=3),
1786043733107762056,1786043733.105839500,/novatel/oem7/fix,/novatel/oem7/fix,/novatel/oem7/inspva,39.663,-75.756,-1.801522515,0.012393600,0.000327828,0.006901118,0.010294459,0.000327828,,0,
1786043733108898284,1786043733.106396202,/novatel/oem7/odom,/novatel/oem7/fix,/novatel/oem7/odom,39.663,-75.756,-1.801522515,0.012391738,0.000391948,0.010625479,0.006376078,0.000391948,,,
1786043733110528291,1786043733.109490983,/novatel/oem7/bestpos,/novatel/oem7/bestpos,/novatel/oem7/odom,39.663,-75.756,33.180721443,0.012391738,0.000391948,0.010625479,0.006376078,0.000391948,,novatel_oem7_msgs.msg.SolutionStatus(status=0),novatel_oem7_msgs.msg.PositionOrVelocityType(type=53)
1786043733112024975,1786043733.110167353,/novatel/oem7/bestvel,/novatel/oem7/bestpos,/novatel/oem7/bestvel,39.663,-75.756,33.180721443,0.012762428,-0.000072358,,,,53.015437185,novatel_oem7_msgs.msg.SolutionStatus(status=0),novatel_oem7_msgs.msg.PositionOrVelocityType(type=53)
1786043733116112692,1786043733.115389539,/novatel/oem7/odom,/novatel/oem7/bestpos,/novatel/oem7/odom,39.663,-75.756,33.180721443,0.012391738,0.000391948,0.010625479,0.006376078,0.000391948,,,
1786043733125814603,1786043733.125238190,/novatel/oem7/inspva,/novatel/oem7/inspva,/novatel/oem7/inspva,39.663,-75.756,-1.801501110,0.012186944,0.000125932,0.008283090,0.008939353,0.000125932,,novatel_oem7_msgs.msg.InertialSolutionStatus(status=3),
1786043733127321694,1786043733.125384832,/novatel/oem7/fix,/novatel/oem7/fix,/novatel/oem7/inspva,39.663,-75.756,-1.801501110,0.012186944,0.000125932,0.008283090,0.008939353,0.000125932,,0,
1786043733128497183,1786043733.125961641,/novatel/oem7/odom,/novatel/oem7/fix,/novatel/oem7/odom,39.663,-75.756,-1.801501110,0.012186137,0.000188524,0.009342236,0.007824613,0.000188524,,,
1786043733135667514,1786043733.134943704,/novatel/oem7/odom,/novatel/oem7/fix,/novatel/oem7/odom,39.663,-75.756,-1.801501110,0.012186137,0.000188524,0.009342236,0.007824613,0.000188524,,,
1786043733146661201,1786043733.146036261,/novatel/oem7/inspva,/novatel/oem7/inspva,/novatel/oem7/inspva,39.663,-75.756,-1.801471330,0.012161015,-0.000534136,0.008296224,0.008891735,-0.000534136,,novatel_oem7_msgs.msg.InertialSolutionStatus(status=3),
1786043733148166399,1786043733.146199480,/novatel/oem7/fix,/novatel/oem7/fix,/novatel/oem7/inspva,39.663,-75.756,-1.801471330,0.012161015,-0.000534136,0.008296224,0.008891735,-0.000534136,,0,
1786043733149340104,1786043733.146661274,/novatel/oem7/odom,/novatel/oem7/fix,/novatel/oem7/odom,39.663,-75.756,-1.801471330,0.012163591,-0.000471859,0.009298276,0.007841875,-0.000471859,,,
1786043733156687487,1786043733.155940967,/novatel/oem7/odom,/novatel/oem7/fix,/novatel/oem7/odom,39.663,-75.756,-1.801471330,0.012163591,-0.000471859,0.009298276,0.007841875,-0.000471859,,,
1786043733165926343,1786043733.165299583,/novatel/oem7/inspva,/novatel/oem7/inspva,/novatel/oem7/inspva,39.663,-75.756,-1.801449534,0.010810110,-0.001741613,0.006099500,0.008924941,-0.001741613,,novatel_oem7_msgs.msg.InertialSolutionStatus(status=3),
1786043733167450948,1786043733.165463605,/novatel/oem7/fix,/novatel/oem7/fix,/novatel/oem7/inspva,39.663,-75.756,-1.801449534,0.010810110,-0.001741613,0.006099500,0.008924941,-0.001741613,,0,
1786043733168658980,1786043733.166024674,/novatel/oem7/odom,/novatel/oem7/fix,/novatel/oem7/odom,39.663,-75.756,-1.801449534,0.010818929,-0.001685962,0.009226621,0.005649662,-0.001685962,,,
1786043733176292953,1786043733.175592073,/novatel/oem7/odom,/novatel/oem7/fix,/novatel/oem7/odom,39.663,-75.756,-1.801449534,0.010818929,-0.001685962,0.009226621,0.005649662,-0.001685962,,,
1786043733186079927,1786043733.185473024,/novatel/oem7/inspva,/novatel/oem7/inspva,/novatel/oem7/inspva,39.663,-75.756,-1.801419555,0.011124069,-0.001116698,0.006337900,0.009141987,-0.001116698,,novatel_oem7_msgs.msg.InertialSolutionStatus(status=3),
1786043733187604733,1786043733.185635480,/novatel/oem7/fix,/novatel/oem7/fix,/novatel/oem7/inspva,39.663,-75.756,-1.801419555,0.011124069,-0.001116698,0.006337900,0.009141987,-0.001116698,,0,
1786043733188786934,1786043733.186109308,/novatel/oem7/odom,/novatel/oem7/fix,/novatel/oem7/odom,39.663,-75.756,-1.801419555,0.011129648,-0.001059648,0.009452700,0.005874991,-0.001059648,,,
1786043733195268212,1786043733.194478778,/novatel/oem7/odom,/novatel/oem7/fix,/novatel/oem7/odom,39.663,-75.756,-1.801419555,0.011129648,-0.001059648,0.009452700,0.005874991,-0.001059648,,,
1786043733206457484,1786043733.205817381,/novatel/oem7/inspva,/novatel/oem7/inspva,/novatel/oem7/inspva,39.663,-75.756,-1.801389353,0.011827580,0.000861381,0.007216653,0.009370783,0.000861381,,novatel_oem7_msgs.msg.InertialSolutionStatus(status=3),
1786043733208002573,1786043733.205968679,/novatel/oem7/fix,/novatel/oem7/fix,/novatel/oem7/inspva,39.663,-75.756,-1.801389353,0.011827580,0.000861381,0.007216653,0.009370783,0.000861381,,0,
1786043733209202575,1786043733.206719023,/novatel/oem7/odom,/novatel/oem7/fix,/novatel/oem7/odom,39.663,-75.756,-1.801389353,0.011822994,0.000922190,0.009716753,0.006735570,0.000922190,,,
1786043733211356516,1786043733.210282449,/novatel/oem7/bestpos,/novatel/oem7/bestpos,/novatel/oem7/odom,39.663,-75.756,33.180855148,0.011822994,0.000922190,0.009716753,0.006735570,0.000922190,,novatel_oem7_msgs.msg.SolutionStatus(status=0),novatel_oem7_msgs.msg.PositionOrVelocityType(type=53)
1786043733212489911,1786043733.210726206,/novatel/oem7/bestvel,/novatel/oem7/bestpos,/novatel/oem7/bestvel,39.663,-75.756,33.180855148,0.012565268,0.000255006,,,,50.932290322,novatel_oem7_msgs.msg.SolutionStatus(status=0),novatel_oem7_msgs.msg.PositionOrVelocityType(type=53)
1786043733216292342,1786043733.215580962,/novatel/oem7/odom,/novatel/oem7/bestpos,/novatel/oem7/odom,39.663,-75.756,33.180855148,0.011822994,0.000922190,0.009716753,0.006735570,0.000922190,,,
1786043733225629372,1786043733.225016899,/novatel/oem7/inspva,/novatel/oem7/inspva,/novatel/oem7/inspva,39.663,-75.756,-1.801365735,0.011438746,-0.000273167,0.007451503,0.008678711,-0.000273167,,novatel_oem7_msgs.msg.InertialSolutionStatus(status=3),
1786043733227254015,1786043733.225178217,/novatel/oem7/fix,/novatel/oem7/fix,/novatel/oem7/inspva,39.663,-75.756,-1.801365735,0.011438746,-0.000273167,0.007451503,0.008678711,-0.000273167,,0,
1786043733228617805,1786043733.225672389,/novatel/oem7/odom,/novatel/oem7/fix,/novatel/oem7/odom,39.663,-75.756,-1.801365735,0.011439997,-0.000214523,0.009042231,0.007007966,-0.000214523,,,
1786043733236277591,1786043733.235531684,/novatel/oem7/odom,/novatel/oem7/fix,/novatel/oem7/odom,39.663,-75.756,-1.801365735,0.011439997,-0.000214523,0.009042231,0.007007966,-0.000214523,,,
1786043733246155217,1786043733.245486957,/novatel/oem7/inspva,/novatel/oem7/inspva,/novatel/oem7/inspva,39.663,-75.756,-1.801361264,0.010240100,-0.002587931,0.006854863,0.007607267,-0.002587931,,novatel_oem7_msgs.msg.InertialSolutionStatus(status=3),
1786043733247742456,1786043733.245678479,/novatel/oem7/fix,/novatel/oem7/fix,/novatel/oem7/inspva,39.663,-75.756,-1.801361264,0.010240100,-0.002587931,0.006854863,0.007607267,-0.002587931,,0,
1786043733248968342,1786043733.246523357,/novatel/oem7/odom,/novatel/oem7/fix,/novatel/oem7/odom,39.663,-75.756,-1.801361264,0.010253048,-0.002536148,0.007952099,0.006472180,-0.002536148,,,
1786043733257333358,1786043733.256543994,/novatel/oem7/odom,/novatel/oem7/fix,/novatel/oem7/odom,39.663,-75.756,-1.801361264,0.010253048,-0.002536148,0.007952099,0.006472180,-0.002536148,,,
1786043733267685598,1786043733.266938307,/novatel/oem7/inspva,/novatel/oem7/inspva,/novatel/oem7/inspva,39.663,-75.756,-1.801325748,0.010303684,-0.001811614,0.005701203,0.008582667,-0.001811614,,novatel_oem7_msgs.msg.InertialSolutionStatus(status=3),
1786043733269175253,1786043733.267144453,/novatel/oem7/fix,/novatel/oem7/fix,/novatel/oem7/inspva,39.663,-75.756,-1.801325748,0.010303684,-0.001811614,0.005701203,0.008582667,-0.001811614,,0,
1786043733270383888,1786043733.267463024,/novatel/oem7/odom,/novatel/oem7/fix,/novatel/oem7/odom,39.663,-75.756,-1.801325748,0.010312748,-0.001759279,0.008865191,0.005268887,-0.001759279,,,
1786043733275640364,1786043733.274880243,/novatel/oem7/odom,/novatel/oem7/fix,/novatel/oem7/odom,39.663,-75.756,-1.801325748,0.010312748,-0.001759279,0.008865191,0.005268887,-0.001759279,,,
1786043733286069112,1786043733.285440466,/novatel/oem7/inspva,/novatel/oem7/inspva,/novatel/oem7/inspva,39.663,-75.756,-1.801276672,0.011203257,0.001834256,0.006382328,0.009207544,0.001834256,,novatel_oem7_msgs.msg.InertialSolutionStatus(status=3),
1786043733287552757,1786043733.285624794,/novatel/oem7/fix,/novatel/oem7/fix,/novatel/oem7/inspva,39.663,-75.756,-1.801276672,0.011203257,0.001834256,0.006382328,0.009207544,0.001834256,,0,
1786043733288806995,1786043733.286368181,/novatel/oem7/odom,/novatel/oem7/fix,/novatel/oem7/odom,39.663,-75.756,-1.801276672,0.011193689,0.001891769,0.009507737,0.005907759,0.001891769,,,
1786043733296304460,1786043733.295617381,/novatel/oem7/odom,/novatel/oem7/fix,/novatel/oem7/odom,39.663,-75.756,-1.801276672,0.011193689,0.001891769,0.009507737,0.005907759,0.001891769,,,
1786043733307007784,1786043733.306434365,/novatel/oem7/inspva,/novatel/oem7/inspva,/novatel/oem7/inspva,39.663,-75.756,-1.801255140,0.010257761,0.000376106,0.006525160,0.007914793,0.000376106,,novatel_oem7_msgs.msg.InertialSolutionStatus(status=3),
1786043733308543019,1786043733.306610947,/novatel/oem7/fix,/novatel/oem7/fix,/novatel/oem7/inspva,39.663,-75.756,-1.801255140,0.010257761,0.000376106,0.006525160,0.007914793,0.000376106,,0,
1786043733309719574,1786043733.307029174,/novatel/oem7/odom,/novatel/oem7/fix,/novatel/oem7/odom,39.663,-75.756,-1.801255140,0.010255709,0.000428416,0.008230086,0.006119253,0.000428416,,,
1786043733311398725,1786043733.310054864,/novatel/oem7/bestpos,/novatel/oem7/bestpos,/novatel/oem7/odom,39.663,-75.756,33.180992191,0.010255709,0.000428416,0.008230086,0.006119253,0.000428416,,novatel_oem7_msgs.msg.SolutionStatus(status=0),novatel_oem7_msgs.msg.PositionOrVelocityType(type=53)
1786043733312465211,1786043733.310604773,/novatel/oem7/bestvel,/novatel/oem7/bestpos,/novatel/oem7/bestvel,39.663,-75.756,33.180992191,0.011417087,-0.000268835,,,,57.727358195,novatel_oem7_msgs.msg.SolutionStatus(status=0),novatel_oem7_msgs.msg.PositionOrVelocityType(type=53)
1786043733315163355,1786043733.314410728,/novatel/oem7/odom,/novatel/oem7/bestpos,/novatel/oem7/odom,39.663,-75.756,33.180992191,0.010255709,0.000428416,0.008230086,0.006119253,0.000428416,,,
1786043733325896379,1786043733.325300193,/novatel/oem7/inspva,/novatel/oem7/inspva,/novatel/oem7/inspva,39.663,-75.756,-1.801255231,0.010283693,-0.002550931,0.007040758,0.007495470,-0.002550931,,novatel_oem7_msgs.msg.InertialSolutionStatus(status=3),
1786043733327353190,1786043733.325493185,/novatel/oem7/fix,/novatel/oem7/fix,/novatel/oem7/inspva,39.663,-75.756,-1.801255231,0.010283693,-0.002550931,0.007040758,0.007495470,-0.002550931,,0,
1786043733328524525,1786043733.326115298,/novatel/oem7/odom,/novatel/oem7/fix,/novatel/oem7/odom,39.663,-75.756,-1.801255231,0.010296346,-0.002499371,0.007849580,0.006663245,-0.002499371,,,
1786043733336104004,1786043733.335375247,/novatel/oem7/odom,/novatel/oem7/fix,/novatel/oem7/odom,39.663,-75.756,-1.801255231,0.010296346,-0.002499371,0.007849580,0.006663245,-0.002499371,,,
1786043733345542335,1786043733.344972470,/novatel/oem7/inspva,/novatel/oem7/inspva,/novatel/oem7/inspva,39.663,-75.756,-1.801219461,0.010180430,-0.001648068,0.005465864,0.008588684,-0.001648068,,novatel_oem7_msgs.msg.InertialSolutionStatus(status=3),
1786043733346982526,1786043733.345154771,/novatel/oem7/fix,/novatel/oem7/fix,/novatel/oem7/inspva,39.663,-75.756,-1.801219461,0.010180430,-0.001648068,0.005465864,0.008588684,-0.001648068,,0,
1786043733348087814,1786043733.345531488,/novatel/oem7/odom,/novatel/oem7/fix,/novatel/oem7/odom,39.663,-75.756,-1.801219461,0.010188656,-0.001596426,0.008858769,0.005032984,-0.001596426,,,
1786043733356404734,1786043733.355669939,/novatel/oem7/odom,/novatel/oem7/fix,/novatel/oem7/odom,39.663,-75.756,-1.801219461,0.010188656,-0.001596426,0.008858769,0.005032984,-0.001596426,,,
1786043733367253748,1786043733.366668986,/novatel/oem7/inspva,/novatel/oem7/inspva,/novatel/oem7/inspva,39.663,-75.756,-1.801173400,0.010469268,0.001187212,0.004662451,0.009373747,0.001187212,,novatel_oem7_msgs.msg.InertialSolutionStatus(status=3),
1786043733368726353,1786043733.366856734,/novatel/oem7/fix,/novatel/oem7/fix,/novatel/oem7/inspva,39.663,-75.756,-1.801173400,0.010469268,0.001187212,0.004662451,0.009373747,0.001187212,,0,
1786043733369891231,1786043733.367622789,/novatel/oem7/odom,/novatel/oem7/fix,/novatel/oem7/odom,39.663,-75.756,-1.801173400,0.010463153,0.001239950,0.009590391,0.004183535,0.001239950,,,
1786043733375635712,1786043733.374919825,/novatel/oem7/odom,/novatel/oem7/fix,/novatel/oem7/odom,39.663,-75.756,-1.801173400,0.010463153,0.001239950,0.009590391,0.004183535,0.001239950,,,
1786043733385614721,1786043733.384992702,/novatel/oem7/inspva,/novatel/oem7/inspva,/novatel/oem7/inspva,39.663,-75.756,-1.801144985,0.009626519,0.000760820,0.005225904,0.008084540,0.000760820,,novatel_oem7_msgs.msg.InertialSolutionStatus(status=3),
1786043733387551711,1786043733.385162504,/novatel/oem7/fix,/novatel/oem7/fix,/novatel/oem7/inspva,39.663,-75.756,-1.801144985,0.009626519,0.000760820,0.005225904,0.008084540,0.000760820,,0,
1786043733388680472,1786043733.385573098,/novatel/oem7/odom,/novatel/oem7/fix,/novatel/oem7/odom,39.663,-75.756,-1.801144985,0.009622538,0.000809615,0.008332917,0.004812040,0.000809615,,,
1786043733395600275,1786043733.394859824,/novatel/oem7/odom,/novatel/oem7/fix,/novatel/oem7/odom,39.663,-75.756,-1.801144985,0.009622538,0.000809615,0.008332917,0.004812040,0.000809615,,,
1786043733406877254,1786043733.406252931,/novatel/oem7/inspva,/novatel/oem7/inspva,/novatel/oem7/inspva,39.663,-75.756,-1.801140971,0.009425655,-0.001630634,0.006423221,0.006898203,-0.001630634,,novatel_oem7_msgs.msg.InertialSolutionStatus(status=3),
1786043733408348778,1786043733.406442199,/novatel/oem7/fix,/novatel/oem7/fix,/novatel/oem7/inspva,39.663,-75.756,-1.801140971,0.009425655,-0.001630634,0.006423221,0.006898203,-0.001630634,,0,
1786043733409515610,1786043733.406998052,/novatel/oem7/odom,/novatel/oem7/fix,/novatel/oem7/odom,39.663,-75.756,-1.801140971,0.009433668,-0.001583620,0.007218304,0.006073728,-0.001583620,,,
1786043733411163830,1786043733.410247317,/novatel/oem7/bestpos,/novatel/oem7/bestpos,/novatel/oem7/odom,39.663,-75.756,33.181134890,0.009433668,-0.001583620,0.007218304,0.006073728,-0.001583620,,novatel_oem7_msgs.msg.SolutionStatus(status=0),novatel_oem7_msgs.msg.PositionOrVelocityType(type=53)
1786043733412844840,1786043733.410596687,/novatel/oem7/bestvel,/novatel/oem7/bestpos,/novatel/oem7/bestvel,39.663,-75.756,33.181134890,0.008775456,-0.001130475,,,,46.848314012,novatel_oem7_msgs.msg.SolutionStatus(status=0),novatel_oem7_msgs.msg.PositionOrVelocityType(type=53)
1786043733416053539,1786043733.415315001,/novatel/oem7/odom,/novatel/oem7/bestpos,/novatel/oem7/odom,39.663,-75.756,33.181134890,0.009433668,-0.001583620,0.007218304,0.006073728,-0.001583620,,,
1786043733426700911,1786043733.426073842,/novatel/oem7/inspva,/novatel/oem7/inspva,/novatel/oem7/inspva,39.663,-75.756,-1.801106246,0.009154617,-0.001293490,0.005223283,0.007518267,-0.001293490,,novatel_oem7_msgs.msg.InertialSolutionStatus(status=3),
1786043733428152456,1786043733.426224943,/novatel/oem7/fix,/novatel/oem7/fix,/novatel/oem7/inspva,39.663,-75.756,-1.801106246,0.009154617,-0.001293490,0.005223283,0.007518267,-0.001293490,,0,
1786043733429319867,1786043733.426695221,/novatel/oem7/odom,/novatel/oem7/fix,/novatel/oem7/odom,39.663,-75.756,-1.801106246,0.009161051,-0.001247109,0.007776064,0.004843314,-0.001247109,,,
1786043733435198886,1786043733.434417845,/novatel/oem7/odom,/novatel/oem7/fix,/novatel/oem7/odom,39.663,-75.756,-1.801106246,0.009161051,-0.001247109,0.007776064,0.004843314,-0.001247109,,,
1786043733445853589,1786043733.445228526,/novatel/oem7/inspva,/novatel/oem7/inspva,/novatel/oem7/inspva,39.663,-75.756,-1.801061280,0.009746517,0.000901550,0.004195711,0.008797193,0.000901550,,novatel_oem7_msgs.msg.InertialSolutionStatus(status=3),
1786043733447381188,1786043733.445380611,/novatel/oem7/fix,/novatel/oem7/fix,/novatel/oem7/inspva,39.663,-75.756,-1.801061280,0.009746517,0.000901550,0.004195711,0.008797193,0.000901550,,0,
1786043733448642997,1786043733.445763185,/novatel/oem7/odom,/novatel/oem7/fix,/novatel/oem7/odom,39.663,-75.756,-1.801061280,0.009741904,0.000950108,0.008992512,0.003746920,0.000950108,,,
1786043733456989347,1786043733.456254260,/novatel/oem7/odom,/novatel/oem7/fix,/novatel/oem7/odom,39.663,-75.756,-1.801061280,0.009741904,0.000950108,0.008992512,0.003746920,0.000950108,,,
1786043733465535942,1786043733.464922530,/novatel/oem7/inspva,/novatel/oem7/inspva,/novatel/oem7/inspva,39.663,-75.756,-1.801030166,0.008722432,0.000827018,0.004426299,0.007515896,0.000827018,,novatel_oem7_msgs.msg.InertialSolutionStatus(status=3),
1786043733467041824,1786043733.465069941,/novatel/oem7/fix,/novatel/oem7/fix,/novatel/oem7/inspva,39.663,-75.756,-1.801030166,0.008722432,0.000827018,0.004426299,0.007515896,0.000827018,,0,
1786043733468209185,1786043733.465517165,/novatel/oem7/odom,/novatel/oem7/fix,/novatel/oem7/odom,39.663,-75.756,-1.801030166,0.008718144,0.000871056,0.007724699,0.004041667,0.000871056,,,
1786043733475199135,1786043733.474392711,/novatel/oem7/odom,/novatel/oem7/fix,/novatel/oem7/odom,39.663,-75.756,-1.801030166,0.008718144,0.000871056,0.007724699,0.004041667,0.000871056,,,
1786043733487014890,1786043733.486392237,/novatel/oem7/inspva,/novatel/oem7/inspva,/novatel/oem7/inspva,39.663,-75.756,-1.801023903,0.008713294,-0.000846867,0.006251591,0.006069522,-0.000846867,,novatel_oem7_msgs.msg.InertialSolutionStatus(status=3),
1786043733488483408,1786043733.486554805,/novatel/oem7/fix,/novatel/oem7/fix,/novatel/oem7/inspva,39.663,-75.756,-1.801023903,0.008713294,-0.000846867,0.006251591,0.006069522,-0.000846867,,0,
1786043733489628356,1786043733.486940742,/novatel/oem7/odom,/novatel/oem7/fix,/novatel/oem7/odom,39.663,-75.756,-1.801023903,0.008717380,-0.000803714,0.006378764,0.005941724,-0.000803714,,,
1786043733495816888,1786043733.495087280,/novatel/oem7/odom,/novatel/oem7/fix,/novatel/oem7/odom,39.663,-75.756,-1.801023903,0.008717380,-0.000803714,0.006378764,0.005941724,-0.000803714,,,
1786043733507794857,1786043733.507122314,/novatel/oem7/inspva,/novatel/oem7/inspva,/novatel/oem7/inspva,39.663,-75.756,-1.800993393,0.008382028,-0.001008402,0.005258102,0.006527692,-0.001008402,,novatel_oem7_msgs.msg.InertialSolutionStatus(status=3),
1786043733509296342,1786043733.507331710,/novatel/oem7/fix,/novatel/oem7/fix,/novatel/oem7/inspva,39.663,-75.756,-1.800993393,0.008382028,-0.001008402,0.005258102,0.006527692,-0.001008402,,0,
1786043733510569428,1786043733.507839475,/novatel/oem7/odom,/novatel/oem7/fix,/novatel/oem7/odom,39.663,-75.756,-1.800993393,0.008386994,-0.000966229,0.006787335,0.004926839,-0.000966229,,,
1786043733512930322,1786043733.512170391,/novatel/oem7/bestpos,/novatel/oem7/bestpos,/novatel/oem7/odom,39.663,-75.756,33.181259442,0.008386994,-0.000966229,0.006787335,0.004926839,-0.000966229,,novatel_oem7_msgs.msg.SolutionStatus(status=0),novatel_oem7_msgs.msg.PositionOrVelocityType(type=53)
1786043733514564338,1786043733.512752840,/novatel/oem7/bestvel,/novatel/oem7/bestpos,/novatel/oem7/bestvel,39.663,-75.756,33.181259442,0.008639131,-0.001097669,,,,55.612202067,novatel_oem7_msgs.msg.SolutionStatus(status=0),novatel_oem7_msgs.msg.PositionOrVelocityType(type=53)
1786043733516387463,1786043733.515455367,/novatel/oem7/odom,/novatel/oem7/bestpos,/novatel/oem7/odom,39.663,-75.756,33.181259442,0.008386994,-0.000966229,0.006787335,0.004926839,-0.000966229,,,
1786043733525775800,1786043733.525133370,/novatel/oem7/inspva,/novatel/oem7/inspva,/novatel/oem7/inspva,39.663,-75.756,-1.800954030,0.008075265,0.000508782,0.004078523,0.006969617,0.000508782,,novatel_oem7_msgs.msg.InertialSolutionStatus(status=3),
1786043733527342995,1786043733.525287659,/novatel/oem7/fix,/novatel/oem7/fix,/novatel/oem7/inspva,39.663,-75.756,-1.800954030,0.008075265,0.000508782,0.004078523,0.006969617,0.000508782,,0,
1786043733528620932,1786043733.525801047,/novatel/oem7/odom,/novatel/oem7/fix,/novatel/oem7/odom,39.663,-75.756,-1.800954030,0.008072611,0.000549289,0.007163067,0.003722569,0.000549289,,,
1786043733535603432,1786043733.534844450,/novatel/oem7/odom,/novatel/oem7/fix,/novatel/oem7/odom,39.663,-75.756,-1.800954030,0.008072611,0.000549289,0.007163067,0.003722569,0.000549289,,,
1786043733546724586,1786043733.546075006,/novatel/oem7/inspva,/novatel/oem7/inspva,/novatel/oem7/inspva,39.663,-75.756,-1.800925871,0.008147482,0.000101280,0.003573627,0.007321930,0.000101280,,novatel_oem7_msgs.msg.InertialSolutionStatus(status=3),
1786043733548236634,1786043733.546230251,/novatel/oem7/fix,/novatel/oem7/fix,/novatel/oem7/inspva,39.663,-75.756,-1.800925871,0.008147482,0.000101280,0.003573627,0.007321930,0.000101280,,0,
1786043733549415053,1786043733.546697315,/novatel/oem7/odom,/novatel/oem7/fix,/novatel/oem7/odom,39.663,-75.756,-1.800925871,0.008146880,0.000141636,0.007491382,0.003201695,0.000141636,,,
1786043733556527447,1786043733.555794309,/novatel/oem7/odom,/novatel/oem7/fix,/novatel/oem7/odom,39.663,-75.756,-1.800925871,0.008146880,0.000141636,0.007491382,0.003201695,0.000141636,,,
1786043733565836143,1786043733.565213813,/novatel/oem7/inspva,/novatel/oem7/inspva,/novatel/oem7/inspva,39.663,-75.756,-1.800912416,0.008372794,0.000081635,0.005249588,0.006522691,0.000081635,,novatel_oem7_msgs.msg.InertialSolutionStatus(status=3),
1786043733567340081,1786043733.565377105,/novatel/oem7/fix,/novatel/oem7/fix,/novatel/oem7/inspva,39.663,-75.756,-1.800912416,0.008372794,0.000081635,0.005249588,0.006522691,0.000081635,,0,
1786043733568490610,1786043733.565747822,/novatel/oem7/odom,/novatel/oem7/fix,/novatel/oem7/odom,39.663,-75.756,-1.800912416,0.008372278,0.000123707,0.006777281,0.004915639,0.000123707,,,
1786043733576200723,1786043733.575492763,/novatel/oem7/odom,/novatel/oem7/fix,/novatel/oem7/odom,39.663,-75.756,-1.800912416,0.008372278,0.000123707,0.006777281,0.004915639,0.000123707,,,
1786043733585519020,1786043733.584922730,/novatel/oem7/inspva,/novatel/oem7/inspva,/novatel/oem7/inspva,39.663,-75.756,-1.800890853,0.007549211,-0.000467070,0.005040650,0.005619826,-0.000467070,,novatel_oem7_msgs.msg.InertialSolutionStatus(status=3),
1786043733586995777,1786043733.585071858,/novatel/oem7/fix,/novatel/oem7/fix,/novatel/oem7/inspva,39.663,-75.756,-1.800890853,0.007549211,-0.000467070,0.005040650,0.005619826,-0.000467070,,0,
1786043733588199809,1786043733.585500956,/novatel/oem7/odom,/novatel/oem7/fix,/novatel/oem7/odom,39.663,-75.756,-1.800890853,0.007551440,-0.000429534,0.005867435,0.004753678,-0.000429534,,,
1786043733595173392,1786043733.594413531,/novatel/oem7/odom,/novatel/oem7/fix,/novatel/oem7/odom,39.663,-75.756,-1.800890853,0.007551440,-0.000429534,0.005867435,0.004753678,-0.000429534,,,
1786043733607075011,1786043733.606489595,/novatel/oem7/inspva,/novatel/oem7/inspva,/novatel/oem7/inspva,39.663,-75.756,-1.800864842,0.007420416,-0.000453783,0.003168591,0.006709888,-0.000453783,,novatel_oem7_msgs.msg.InertialSolutionStatus(status=3),
1786043733608552596,1786043733.606639803,/novatel/oem7/fix,/novatel/oem7/fix,/novatel/oem7/inspva,39.663,-75.756,-1.800864842,0.007420416,-0.000453783,0.003168591,0.006709888,-0.000453783,,0,
1786043733609702637,1786043733.607160449,/novatel/oem7/odom,/novatel/oem7/fix,/novatel/oem7/odom,39.663,-75.756,-1.800864842,0.007422549,-0.000417441,0.006862194,0.002829226,-0.000417441,,,
1786043733611346823,1786043733.610391324,/novatel/oem7/bestpos,/novatel/oem7/bestpos,/novatel/oem7/odom,39.663,-75.756,33.181408057,0.007422549,-0.000417441,0.006862194,0.002829226,-0.000417441,,novatel_oem7_msgs.msg.SolutionStatus(status=0),novatel_oem7_msgs.msg.PositionOrVelocityType(type=53)
1786043733612915519,1786043733.610791292,/novatel/oem7/bestvel,/novatel/oem7/bestpos,/novatel/oem7/bestvel,39.663,-75.756,33.181408057,0.006241239,0.000290373,,,,61.613234528,novatel_oem7_msgs.msg.SolutionStatus(status=0),novatel_oem7_msgs.msg.PositionOrVelocityType(type=53)
1786043733615812168,1786043733.614991464,/novatel/oem7/odom,/novatel/oem7/bestpos,/novatel/oem7/odom,39.663,-75.756,33.181408057,0.007422549,-0.000417441,0.006862194,0.002829226,-0.000417441,,,
1786043733625736257,1786043733.625066274,/novatel/oem7/inspva,/novatel/oem7/inspva,/novatel/oem7/inspva,39.663,-75.756,-1.800831232,0.006846038,0.000002073,0.003108246,0.006099758,0.000002073,,novatel_oem7_msgs.msg.InertialSolutionStatus(status=3),
1786043733627178488,1786043733.625252186,/novatel/oem7/fix,/novatel/oem7/fix,/novatel/oem7/inspva,39.663,-75.756,-1.800831232,0.006846038,0.000002073,0.003108246,0.006099758,0.000002073,,0,
1786043733628365157,1786043733.625782311,/novatel/oem7/odom,/novatel/oem7/fix,/novatel/oem7/odom,39.663,-75.756,-1.800831232,0.006845945,0.000035812,0.006247896,0.002798348,0.000035812,,,
1786043733637711983,1786043733.636839185,/novatel/oem7/odom,/novatel/oem7/fix,/novatel/oem7/odom,39.663,-75.756,-1.800831232,0.006845945,0.000035812,0.006247896,0.002798348,0.000035812,,,
1786043733645995826,1786043733.645361980,/novatel/oem7/inspva,/novatel/oem7/inspva,/novatel/oem7/inspva,39.663,-75.756,-1.800816217,0.007533298,0.000095737,0.004050582,0.006351643,0.000095737,,novatel_oem7_msgs.msg.InertialSolutionStatus(status=3),
1786043733647595359,1786043733.645571229,/novatel/oem7/fix,/novatel/oem7/fix,/novatel/oem7/inspva,39.663,-75.756,-1.800816217,0.007533298,0.000095737,0.004050582,0.006351643,0.000095737,,0,
1786043733648770797,1786043733.646095287,/novatel/oem7/odom,/novatel/oem7/fix,/novatel/oem7/odom,39.663,-75.756,-1.800816217,0.007532727,0.000133304,0.006546322,0.003726614,0.000133304,,,
1786043733657487761,1786043733.656677266,/novatel/oem7/odom,/novatel/oem7/fix,/novatel/oem7/odom,39.663,-75.756,-1.800816217,0.007532727,0.000133304,0.006546322,0.003726614,0.000133304,,,
1786043733666671702,1786043733.666097274,/novatel/oem7/inspva,/novatel/oem7/inspva,/novatel/oem7/inspva,39.663,-75.756,-1.800788755,0.007438235,0.000633107,0.004469455,0.005945697,0.000633107,,novatel_oem7_msgs.msg.InertialSolutionStatus(status=3),
1786043733668186254,1786043733.666262365,/novatel/oem7/fix,/novatel/oem7/fix,/novatel/oem7/inspva,39.663,-75.756,-1.800788755,0.007438235,0.000633107,0.004469455,0.005945697,0.000633107,,0,
1786043733669550928,1786043733.666681686,/novatel/oem7/odom,/novatel/oem7/fix,/novatel/oem7/odom,39.663,-75.756,-1.800788755,0.007434986,0.000670183,0.006159678,0.004163820,0.000670183,,,
1786043733675299398,1786043733.674563334,/novatel/oem7/odom,/novatel/oem7/fix,/novatel/oem7/odom,39.663,-75.756,-1.800788755,0.007434986,0.000670183,0.006159678,0.004163820,0.000670183,,,
1786043733685987535,1786043733.685381282,/novatel/oem7/inspva,/novatel/oem7/inspva,/novatel/oem7/inspva,39.663,-75.756,-1.800776541,0.006046231,-0.001289108,0.003108368,0.005186035,-0.001289108,,novatel_oem7_msgs.msg.InertialSolutionStatus(status=3),
1786043733687471740,1786043733.685545841,/novatel/oem7/fix,/novatel/oem7/fix,/novatel/oem7/inspva,39.663,-75.756,-1.800776541,0.006046231,-0.001289108,0.003108368,0.005186035,-0.001289108,,0,
1786043733688632188,1786043733.686215857,/novatel/oem7/odom,/novatel/oem7/fix,/novatel/oem7/odom,39.663,-75.756,-1.800776541,0.006052521,-0.001259246,0.005340740,0.002847720,-0.001259246,,,
1786043733696436543,1786043733.695670185,/novatel/oem7/odom,/novatel/oem7/fix,/novatel/oem7/odom,39.663,-75.756,-1.800776541,0.006052521,-0.001259246,0.005340740,0.002847720,-0.001259246,,,
1786043733706409492,1786043733.705837550,/novatel/oem7/inspva,/novatel/oem7/inspva,/novatel/oem7/inspva,39.663,-75.756,-1.800738204,0.006302805,-0.000839184,0.003061324,0.005509414,-0.000839184,,novatel_oem7_msgs.msg.InertialSolutionStatus(status=3),
1786043733707980698,1786043733.705990522,/novatel/oem7/fix,/novatel/oem7/fix,/novatel/oem7/inspva,39.663,-75.756,-1.800738204,0.006302805,-0.000839184,0.003061324,0.005509414,-0.000839184,,0,
1786043733709134406,1786043733.706446689,/novatel/oem7/odom,/novatel/oem7/fix,/novatel/oem7/odom,39.663,-75.756,-1.800738204,0.006306854,-0.000808188,0.005659490,0.002783270,-0.000808188,,,
1786043733710858503,1786043733.709597744,/novatel/oem7/bestpos,/novatel/oem7/bestpos,/novatel/oem7/odom,39.663,-75.756,33.181531685,0.006306854,-0.000808188,0.005659490,0.002783270,-0.000808188,,novatel_oem7_msgs.msg.SolutionStatus(status=0),novatel_oem7_msgs.msg.PositionOrVelocityType(type=53)
1786043733712478506,1786043733.710358835,/novatel/oem7/bestvel,/novatel/oem7/bestpos,/novatel/oem7/bestvel,39.663,-75.756,33.181531685,0.004998784,0.000129629,,,,61.564786632,novatel_oem7_msgs.msg.SolutionStatus(status=0),novatel_oem7_msgs.msg.PositionOrVelocityType(type=53)
1786043733715353538,1786043733.714558800,/novatel/oem7/odom,/novatel/oem7/bestpos,/novatel/oem7/odom,39.663,-75.756,33.181531685,0.006306854,-0.000808188,0.005659490,0.002783270,-0.000808188,,,
1786043733727350251,1786043733.726703524,/novatel/oem7/inspva,/novatel/oem7/inspva,/novatel/oem7/inspva,39.663,-75.756,-1.800699780,0.007249356,0.001606502,0.002821837,0.006677604,0.001606502,,novatel_oem7_msgs.msg.InertialSolutionStatus(status=3),
1786043733728830859,1786043733.726877940,/novatel/oem7/fix,/novatel/oem7/fix,/novatel/oem7/inspva,39.663,-75.756,-1.800699780,0.007249356,0.001606502,0.002821837,0.006677604,0.001606502,,0,
1786043733730052055,1786043733.727462939,/novatel/oem7/odom,/novatel/oem7/fix,/novatel/oem7/odom,39.663,-75.756,-1.800699780,0.007241457,0.001641740,0.006803923,0.002478977,0.001641740,,,
1786043733735764332,1786043733.734726971,/novatel/oem7/odom,/novatel/oem7/fix,/novatel/oem7/odom,39.663,-75.756,-1.800699780,0.007241457,0.001641740,0.006803923,0.002478977,0.001641740,,,
1786043733745722261,1786043733.745083298,/novatel/oem7/inspva,/novatel/oem7/inspva,/novatel/oem7/inspva,39.663,-75.756,-1.800672638,0.007024296,0.001188504,0.003152090,0.006277345,0.001188504,,novatel_oem7_msgs.msg.InertialSolutionStatus(status=3),
1786043733747325997,1786043733.745243543,/novatel/oem7/fix,/novatel/oem7/fix,/novatel/oem7/inspva,39.663,-75.756,-1.800672638,0.007024296,0.001188504,0.003152090,0.006277345,0.001188504,,0,
1786043733748576317,1786043733.745773995,/novatel/oem7/odom,/novatel/oem7/fix,/novatel/oem7/odom,39.663,-75.756,-1.800672638,0.007018362,0.001223055,0.006422501,0.002829999,0.001223055,,,
1786043733756608630,1786043733.755824949,/novatel/oem7/odom,/novatel/oem7/fix,/novatel/oem7/odom,39.663,-75.756,-1.800672638,0.007018362,0.001223055,0.006422501,0.002829999,0.001223055,,,
1786043733765963900,1786043733.765388737,/novatel/oem7/inspva,/novatel/oem7/inspva,/novatel/oem7/inspva,39.663,-75.756,-1.800666833,0.005887517,-0.001633708,0.003813939,0.004485168,-0.001633708,,novatel_oem7_msgs.msg.InertialSolutionStatus(status=3),
1786043733767453718,1786043733.765536246,/novatel/oem7/fix,/novatel/oem7/fix,/novatel/oem7/inspva,39.663,-75.756,-1.800666833,0.005887517,-0.001633708,0.003813939,0.004485168,-0.001633708,,0,
1786043733768715164,1786043733.766196952,/novatel/oem7/odom,/novatel/oem7/fix,/novatel/oem7/odom,39.663,-75.756,-1.800666833,0.005895473,-0.001604763,0.004677585,0.003588426,-0.001604763,,,
1786043733775614289,1786043733.774871862,/novatel/oem7/odom,/novatel/oem7/fix,/novatel/oem7/odom,39.663,-75.756,-1.800666833,0.005895473,-0.001604763,0.004677585,0.003588426,-0.001604763,,,
1786043733786634286,1786043733.786029290,/novatel/oem7/inspva,/novatel/oem7/inspva,/novatel/oem7/inspva,39.663,-75.756,-1.800634313,0.005423946,-0.001796925,0.002815881,0.004635731,-0.001796925,,novatel_oem7_msgs.msg.InertialSolutionStatus(status=3),
1786043733788109391,1786043733.786167518,/novatel/oem7/fix,/novatel/oem7/fix,/novatel/oem7/inspva,39.663,-75.756,-1.800634313,0.005423946,-0.001796925,0.002815881,0.004635731,-0.001796925,,0,
1786043733789284413,1786043733.786639922,/novatel/oem7/odom,/novatel/oem7/fix,/novatel/oem7/odom,39.663,-75.756,-1.800634313,0.005432691,-0.001770309,0.004778562,0.002584468,-0.001770309,,,
1786043733795227198,1786043733.794467237,/novatel/oem7/odom,/novatel/oem7/fix,/novatel/oem7/odom,39.663,-75.756,-1.800634313,0.005432691,-0.001770309,0.004778562,0.002584468,-0.001770309,,,
1786043733806986252,1786043733.806338593,/novatel/oem7/inspva,/novatel/oem7/inspva,/novatel/oem7/inspva,39.663,-75.756,-1.800587639,0.006793248,0.001781472,0.001547011,0.006614754,0.001781472,,novatel_oem7_msgs.msg.InertialSolutionStatus(status=3),
1786043733808525685,1786043733.806613532,/novatel/oem7/fix,/novatel/oem7/fix,/novatel/oem7/inspva,39.663,-75.756,-1.800587639,0.006793248,0.001781472,0.001547011,0.006614754,0.001781472,,0,
1786043733809731280,1786043733.807041210,/novatel/oem7/odom,/novatel/oem7/fix,/novatel/oem7/odom,39.663,-75.756,-1.800587639,0.006785025,0.001812538,0.006676560,0.001208354,0.001812538,,,
1786043733811372163,1786043733.810007586,/novatel/oem7/bestpos,/novatel/oem7/bestpos,/novatel/oem7/odom,39.663,-75.756,33.181658551,0.006785025,0.001812538,0.006676560,0.001208354,0.001812538,,novatel_oem7_msgs.msg.SolutionStatus(status=0),novatel_oem7_msgs.msg.PositionOrVelocityType(type=53)
1786043733812486187,1786043733.810383496,/novatel/oem7/bestvel,/novatel/oem7/bestpos,/novatel/oem7/bestvel,39.663,-75.756,33.181658551,0.006763044,0.001267846,,,,64.972010315,novatel_oem7_msgs.msg.SolutionStatus(status=0),novatel_oem7_msgs.msg.PositionOrVelocityType(type=53)
1786043733816297025,1786043733.815541705,/novatel/oem7/odom,/novatel/oem7/bestpos,/novatel/oem7/odom,39.663,-75.756,33.181658551,0.006785025,0.001812538,0.006676560,0.001208354,0.001812538,,,
1786043733825779517,1786043733.825125513,/novatel/oem7/inspva,/novatel/oem7/inspva,/novatel/oem7/inspva,39.663,-75.756,-1.800560481,0.005752663,0.001746240,0.001781211,0.005469956,0.001746240,,novatel_oem7_msgs.msg.InertialSolutionStatus(status=3),
1786043733827359482,1786043733.825382716,/novatel/oem7/fix,/novatel/oem7/fix,/novatel/oem7/inspva,39.663,-75.756,-1.800560481,0.005752663,0.001746240,0.001781211,0.005469956,0.001746240,,0,
1786043733828540621,1786043733.825811990,/novatel/oem7/odom,/novatel/oem7/fix,/novatel/oem7/odom,39.663,-75.756,-1.800560481,0.005744320,0.001773491,0.005545063,0.001499830,0.001773491,,,
1786043733835483580,1786043733.834476050,/novatel/oem7/odom,/novatel/oem7/fix,/novatel/oem7/odom,39.663,-75.756,-1.800560481,0.005744320,0.001773491,0.005545063,0.001499830,0.001773491,,,
1786043733847523630,1786043733.846638735,/novatel/oem7/inspva,/novatel/oem7/inspva,/novatel/oem7/inspva,39.663,-75.756,-1.800559326,0.005108337,-0.001420856,0.003204965,0.003977853,-0.001420856,,novatel_oem7_msgs.msg.InertialSolutionStatus(status=3),
1786043733849622631,1786043733.846878067,/novatel/oem7/fix,/novatel/oem7/fix,/novatel/oem7/inspva,39.663,-75.756,-1.800559326,0.005108337,-0.001420856,0.003204965,0.003977853,-0.001420856,,0,
1786043733851416349,1786043733.847556430,/novatel/oem7/odom,/novatel/oem7/fix,/novatel/oem7/odom,39.663,-75.756,-1.800559326,0.005115231,-0.001395835,0.004139496,0.003005022,-0.001395835,,,
1786043733857309921,1786043733.856373172,/novatel/oem7/odom,/novatel/oem7/fix,/novatel/oem7/odom,39.663,-75.756,-1.800559326,0.005115231,-0.001395835,0.004139496,0.003005022,-0.001395835,,,
1786043733865923550,1786043733.865046125,/novatel/oem7/inspva,/novatel/oem7/inspva,/novatel/oem7/inspva,39.663,-75.756,-1.800525196,0.004959978,-0.001384855,0.002111622,0.004488033,-0.001384855,,novatel_oem7_msgs.msg.InertialSolutionStatus(status=3),
1786043733867843123,1786043733.865267927,/novatel/oem7/fix,/novatel/oem7/fix,/novatel/oem7/inspva,39.663,-75.756,-1.800525196,0.004959978,-0.001384855,0.002111622,0.004488033,-0.001384855,,0,
1786043733869248274,1786043733.865697231,/novatel/oem7/odom,/novatel/oem7/fix,/novatel/oem7/odom,39.663,-75.756,-1.800525196,0.004966588,-0.001360960,0.004594012,0.001887339,-0.001360960,,,
1786043733877144772,1786043733.875923523,/novatel/oem7/odom,/novatel/oem7/fix,/novatel/oem7/odom,39.663,-75.756,-1.800525196,0.004966588,-0.001360960,0.004594012,0.001887339,-0.001360960,,,
1786043733886416408,1786043733.885347975,/novatel/oem7/inspva,/novatel/oem7/inspva,/novatel/oem7/inspva,39.663,-75.756,-1.800488669,0.005847916,0.000486922,0.000219040,0.005843812,0.000486922,,novatel_oem7_msgs.msg.InertialSolutionStatus(status=3),
1786043733888528949,1786043733.886200726,/novatel/oem7/fix,/novatel/oem7/fix,/novatel/oem7/inspva,39.663,-75.756,-1.800488669,0.005847916,0.000486922,0.000219040,0.005843812,0.000486922,,0,
1786043733889951947,1786043733.887139069,/novatel/oem7/odom,/novatel/oem7/fix,/novatel/oem7/odom,39.663,-75.756,-1.800488669,0.005845862,0.000510985,0.005845370,-0.000075882,0.000510985,,,
1786043733895610490,1786043733.894879519,/novatel/oem7/odom,/novatel/oem7/fix,/novatel/oem7/odom,39.663,-75.756,-1.800488669,0.005845862,0.000510985,0.005845370,-0.000075882,0.000510985,,,
1786043733906931646,1786043733.905908319,/novatel/oem7/inspva,/novatel/oem7/inspva,/novatel/oem7/inspva,39.663,-75.756,-1.800446253,0.004731677,0.001934147,0.000905540,0.004644218,0.001934147,,novatel_oem7_msgs.msg.InertialSolutionStatus(status=3),
1786043733908640357,1786043733.906151132,/novatel/oem7/fix,/novatel/oem7/fix,/novatel/oem7/inspva,39.663,-75.756,-1.800446253,0.004731677,0.001934147,0.000905540,0.004644218,0.001934147,,0,
1786043733909860079,1786043733.906597276,/novatel/oem7/odom,/novatel/oem7/fix,/novatel/oem7/odom,39.663,-75.756,-1.800446253,0.004723002,0.001955233,0.004675786,0.000666166,0.001955233,,,
1786043733911367481,1786043733.909336757,/novatel/oem7/bestpos,/novatel/oem7/bestpos,/novatel/oem7/odom,39.663,-75.756,33.181815410,0.004723002,0.001955233,0.004675786,0.000666166,0.001955233,,novatel_oem7_msgs.msg.SolutionStatus(status=0),novatel_oem7_msgs.msg.PositionOrVelocityType(type=53)
1786043733912325483,1786043733.909986197,/novatel/oem7/bestvel,/novatel/oem7/bestpos,/novatel/oem7/bestvel,39.663,-75.756,33.181815410,0.003875755,0.002408950,,,,77.289057656,novatel_oem7_msgs.msg.SolutionStatus(status=0),novatel_oem7_msgs.msg.PositionOrVelocityType(type=53)
1786043733915619879,1786043733.914776898,/novatel/oem7/odom,/novatel/oem7/bestpos,/novatel/oem7/odom,39.663,-75.756,33.181815410,0.004723002,0.001955233,0.004675786,0.000666166,0.001955233,,,
1786043733925987830,1786043733.925203915,/novatel/oem7/inspva,/novatel/oem7/inspva,/novatel/oem7/inspva,39.663,-75.756,-1.800433394,0.004414884,-0.000090819,0.002573007,0.003587594,-0.000090819,,novatel_oem7_msgs.msg.InertialSolutionStatus(status=3),
1786043733927516238,1786043733.925384717,/novatel/oem7/fix,/novatel/oem7/fix,/novatel/oem7/inspva,39.663,-75.756,-1.800433394,0.004414884,-0.000090819,0.002573007,0.003587594,-0.000090819,,0,
1786043733929011237,1786043733.925839618,/novatel/oem7/odom,/novatel/oem7/fix,/novatel/oem7/odom,39.663,-75.756,-1.800433394,0.004415276,-0.000069202,0.003712573,0.002389866,-0.000069202,,,
1786043733936726707,1786043733.935593729,/novatel/oem7/odom,/novatel/oem7/fix,/novatel/oem7/odom,39.663,-75.756,-1.800433394,0.004415276,-0.000069202,0.003712573,0.002389866,-0.000069202,,,
1786043733946248162,1786043733.945257620,/novatel/oem7/inspva,/novatel/oem7/inspva,/novatel/oem7/inspva,39.663,-75.756,-1.800398320,0.004204904,-0.000164751,0.002255968,0.003548496,-0.000164751,,novatel_oem7_msgs.msg.InertialSolutionStatus(status=3),
1786043733948030870,1786043733.946171602,/novatel/oem7/fix,/novatel/oem7/fix,/novatel/oem7/inspva,39.663,-75.756,-1.800398320,0.004204904,-0.000164751,0.002255968,0.003548496,-0.000164751,,0,
1786043733949510171,1786043733.946959336,/novatel/oem7/odom,/novatel/oem7/fix,/novatel/oem7/odom,39.663,-75.756,-1.800398320,0.004205654,-0.000144321,0.003657934,0.002075343,-0.000144321,,,
1786043733956966392,1786043733.956212854,/novatel/oem7/odom,/novatel/oem7/fix,/novatel/oem7/odom,39.663,-75.756,-1.800398320,0.004205654,-0.000144321,0.003657934,0.002075343,-0.000144321,,,
1786043733968267478,1786043733.967050755,/novatel/oem7/inspva,/novatel/oem7/inspva,/novatel/oem7/inspva,39.663,-75.756,-1.800372286,0.005689788,-0.000306178,-0.000350691,0.005678970,-0.000306178,,novatel_oem7_msgs.msg.InertialSolutionStatus(status=3),
1786043733970052082,1786043733.967609303,/novatel/oem7/fix,/novatel/oem7/fix,/novatel/oem7/inspva,39.663,-75.756,-1.800372286,0.005689788,-0.000306178,-0.000350691,0.005678970,-0.000306178,,0,
1786043733971208094,1786043733.968203134,/novatel/oem7/odom,/novatel/oem7/fix,/novatel/oem7/odom,39.663,-75.756,-1.800372286,0.005690903,-0.000284701,0.005655409,-0.000634607,-0.000284701,,,
1786043733975578174,1786043733.974855680,/novatel/oem7/odom,/novatel/oem7/fix,/novatel/oem7/odom,39.663,-75.756,-1.800372286,0.005690903,-0.000284701,0.005655409,-0.000634607,-0.000284701,,,
1786043733985697439,1786043733.984965618,/novatel/oem7/inspva,/novatel/oem7/inspva,/novatel/oem7/inspva,39.663,-75.756,-1.800319353,0.004362148,0.001153966,0.000050124,0.004361860,0.001153966,,novatel_oem7_msgs.msg.InertialSolutionStatus(status=3),
1786043733987683468,1786043733.985153533,/novatel/oem7/fix,/novatel/oem7/fix,/novatel/oem7/inspva,39.663,-75.756,-1.800319353,0.004362148,0.001153966,0.000050124,0.004361860,0.001153966,,0,
1786043733988813766,1786043733.985556171,/novatel/oem7/odom,/novatel/oem7/fix,/novatel/oem7/odom,39.663,-75.756,-1.800319353,0.004357485,0.001171451,0.004354089,-0.000172009,0.001171451,,,
1786043733996151583,1786043733.995459846,/novatel/oem7/odom,/novatel/oem7/fix,/novatel/oem7/odom,39.663,-75.756,-1.800319353,0.004357485,0.001171451,0.004354089,-0.000172009,0.001171451,,,
1786043734008884527,1786043734.008271827,/novatel/oem7/inspva,/novatel/oem7/inspva,/novatel/oem7/inspva,39.663,-75.756,-1.800285883,0.003248835,0.001522505,0.001851881,0.002669357,0.001522505,,novatel_oem7_msgs.msg.InertialSolutionStatus(status=3),
1786043734010260844,1786043734.008477323,/novatel/oem7/fix,/novatel/oem7/fix,/novatel/oem7/inspva,39.663,-75.756,-1.800285883,0.003248835,0.001522505,0.001851881,0.002669357,0.001522505,,0,
1786043734011924167,1786043734.011085969,/novatel/oem7/odom,/novatel/oem7/fix,/novatel/oem7/odom,39.663,-75.756,-1.800285883,0.003241357,0.001538362,0.002752645,0.001711532,0.001538362,,,
1786043734016629024,1786043734.015789263,/novatel/oem7/odom,/novatel/oem7/fix,/novatel/oem7/odom,39.663,-75.756,-1.800285883,0.003241357,0.001538362,0.002752645,0.001711532,0.001538362,,,
1786043734026311258,1786043734.024885380,/novatel/oem7/bestpos,/novatel/oem7/bestpos,/novatel/oem7/odom,39.663,-75.756,33.181965323,0.003241357,0.001538362,0.002752645,0.001711532,0.001538362,,novatel_oem7_msgs.msg.SolutionStatus(status=0),novatel_oem7_msgs.msg.PositionOrVelocityType(type=53)
1786043734028350528,1786043734.026150042,/novatel/oem7/bestvel,/novatel/oem7/bestpos,/novatel/oem7/bestvel,39.663,-75.756,33.181965323,0.004061318,0.001083872,,,,65.130259456,novatel_oem7_msgs.msg.SolutionStatus(status=0),novatel_oem7_msgs.msg.PositionOrVelocityType(type=53)
1786043734029559853,1786043734.027296451,/novatel/oem7/inspva,/novatel/oem7/inspva,/novatel/oem7/inspva,39.663,-75.756,-1.800261171,0.003454909,0.000364744,0.001406351,0.003155720,0.000364744,,novatel_oem7_msgs.msg.InertialSolutionStatus(status=3),
1786043734031027838,1786043734.027649011,/novatel/oem7/fix,/novatel/oem7/fix,/novatel/oem7/inspva,39.663,-75.756,-1.800261171,0.003454909,0.000364744,0.001406351,0.003155720,0.000364744,,0,
1786043734032491212,1786043734.028182796,/novatel/oem7/odom,/novatel/oem7/fix,/novatel/oem7/odom,39.663,-75.756,-1.800261171,0.003453124,0.000381266,0.003220818,0.001245149,0.000381266,,,
1786043734035828589,1786043734.034928534,/novatel/oem7/odom,/novatel/oem7/fix,/novatel/oem7/odom,39.663,-75.756,-1.800261171,0.003453124,0.000381266,0.003220818,0.001245149,0.000381266,,,
1786043734046854699,1786043734.046110955,/novatel/oem7/inspva,/novatel/oem7/inspva,/novatel/oem7/inspva,39.663,-75.756,-1.800269227,0.003511126,-0.000373930,0.000363063,0.003492304,-0.000373930,,novatel_oem7_msgs.msg.InertialSolutionStatus(status=3),
1786043734048592733,1786043734.046400141,/novatel/oem7/fix,/novatel/oem7/fix,/novatel/oem7/inspva,39.663,-75.756,-1.800269227,0.003511126,-0.000373930,0.000363063,0.003492304,-0.000373930,,0,
1786043734050010024,1786043734.046891306,/novatel/oem7/odom,/novatel/oem7/fix,/novatel/oem7/odom,39.663,-75.756,-1.800269227,0.003512673,-0.000359107,0.003507629,0.000188170,-0.000359107,,,
1786043734057341907,1786043734.056375521,/novatel/oem7/odom,/novatel/oem7/fix,/novatel/oem7/odom,39.663,-75.756,-1.800269227,0.003512673,-0.000359107,0.003507629,0.000188170,-0.000359107,,,
1786043734066044627,1786043734.065257096,/novatel/oem7/inspva,/novatel/oem7/inspva,/novatel/oem7/inspva,39.663,-75.756,-1.800273944,0.003783242,0.000140243,-0.000140019,0.003780650,0.000140243,,novatel_oem7_msgs.msg.InertialSolutionStatus(status=3),
1786043734067614400,1786043734.065513672,/novatel/oem7/fix,/novatel/oem7/fix,/novatel/oem7/inspva,39.663,-75.756,-1.800273944,0.003783242,0.000140243,-0.000140019,0.003780650,0.000140243,,0,
1786043734068781675,1786043734.065975057,/novatel/oem7/odom,/novatel/oem7/fix,/novatel/oem7/odom,39.663,-75.756,-1.800273944,0.003782674,0.000154817,0.003768242,-0.000330108,0.000154817,,,
1786043734075175891,1786043734.074504744,/novatel/oem7/odom,/novatel/oem7/fix,/novatel/oem7/odom,39.663,-75.756,-1.800273944,0.003782674,0.000154817,0.003768242,-0.000330108,0.000154817,,,
1786043734087861532,1786043734.086754581,/novatel/oem7/inspva,/novatel/oem7/inspva,/novatel/oem7/inspva,39.663,-75.756,-1.800258846,0.002719125,0.002744420,0.000566446,0.002659470,0.002744420,,novatel_oem7_msgs.msg.InertialSolutionStatus(status=3),
1786043734090261296,1786043734.086997399,/novatel/oem7/fix,/novatel/oem7/fix,/novatel/oem7/inspva,39.663,-75.756,-1.800258846,0.002719125,0.002744420,0.000566446,0.002659470,0.002744420,,0,
1786043734091877395,1786043734.087531205,/novatel/oem7/odom,/novatel/oem7/fix,/novatel/oem7/odom,39.663,-75.756,-1.800258846,0.002706730,0.002756646,0.002673154,0.000425013,0.002756646,,,
1786043734095852718,1786043734.095141934,/novatel/oem7/odom,/novatel/oem7/fix,/novatel/oem7/odom,39.663,-75.756,-1.800258846,0.002706730,0.002756646,0.002673154,0.000425013,0.002756646,,,
1786043734106353846,1786043734.105717296,/novatel/oem7/inspva,/novatel/oem7/inspva,/novatel/oem7/inspva,39.663,-75.756,-1.800285677,0.003386327,0.001612285,0.000860389,0.003275202,0.001612285,,novatel_oem7_msgs.msg.InertialSolutionStatus(status=3),
1786043734107897108,1786043734.105880385,/novatel/oem7/fix,/novatel/oem7/fix,/novatel/oem7/inspva,39.663,-75.756,-1.800285677,0.003386327,0.001612285,0.000860389,0.003275202,0.001612285,,0,
1786043734109115220,1786043734.106333699,/novatel/oem7/odom,/novatel/oem7/fix,/novatel/oem7/odom,39.663,-75.756,-1.800285677,0.003378929,0.001627733,0.003307607,0.000690580,0.001627733,,,
1786043734110806644,1786043734.109348419,/novatel/oem7/bestpos,/novatel/oem7/bestpos,/novatel/oem7/odom,39.663,-75.756,33.181973018,0.003378929,0.001627733,0.003307607,0.000690580,0.001627733,,novatel_oem7_msgs.msg.SolutionStatus(status=0),novatel_oem7_msgs.msg.PositionOrVelocityType(type=53)
1786043734111860851,1786043734.110024926,/novatel/oem7/bestvel,/novatel/oem7/bestpos,/novatel/oem7/bestvel,39.663,-75.756,33.181973018,0.004266598,0.000811444,,,,67.144678897,novatel_oem7_msgs.msg.SolutionStatus(status=0),novatel_oem7_msgs.msg.PositionOrVelocityType(type=53)
1786043734116290449,1786043734.115502348,/novatel/oem7/odom,/novatel/oem7/bestpos,/novatel/oem7/odom,39.663,-75.756,33.181973018,0.003378929,0.001627733,0.003307607,0.000690580,0.001627733,,,
1786043734126977762,1786043734.126068889,/novatel/oem7/inspva,/novatel/oem7/inspva,/novatel/oem7/inspva,39.663,-75.756,-1.800315734,0.002683231,-0.001228322,0.000731261,0.002581663,-0.001228322,,novatel_oem7_msgs.msg.InertialSolutionStatus(status=3),
1786043734128697256,1786043734.126377536,/novatel/oem7/fix,/novatel/oem7/fix,/novatel/oem7/inspva,39.663,-75.756,-1.800315734,0.002683231,-0.001228322,0.000731261,0.002581663,-0.001228322,,0,
1786043734130312318,1786043734.126904851,/novatel/oem7/odom,/novatel/oem7/fix,/novatel/oem7/odom,39.663,-75.756,-1.800315734,0.002688834,-0.001216006,0.002620158,0.000603823,-0.001216006,,,
1786043734136099633,1786043734.135157340,/novatel/oem7/odom,/novatel/oem7/fix,/novatel/oem7/odom,39.663,-75.756,-1.800315734,0.002688834,-0.001216006,0.002620158,0.000603823,-0.001216006,,,
1786043734147117429,1786043734.146292565,/novatel/oem7/inspva,/novatel/oem7/inspva,/novatel/oem7/inspva,39.663,-75.756,-1.800308106,0.002219136,0.000370547,0.000679088,0.002112677,0.000370547,,novatel_oem7_msgs.msg.InertialSolutionStatus(status=3),
1786043734148941147,1786043734.146523040,/novatel/oem7/fix,/novatel/oem7/fix,/novatel/oem7/inspva,39.663,-75.756,-1.800308106,0.002219136,0.000370547,0.000679088,0.002112677,0.000370547,,0,
1786043734150016002,1786043734.147044112,/novatel/oem7/odom,/novatel/oem7/fix,/novatel/oem7/odom,39.663,-75.756,-1.800308106,0.002217398,0.000380812,0.002142585,0.000571122,0.000380812,,,
1786043734157378555,1786043734.156157983,/novatel/oem7/odom,/novatel/oem7/fix,/novatel/oem7/odom,39.663,-75.756,-1.800308106,0.002217398,0.000380812,0.002142585,0.000571122,0.000380812,,,
1786043734166079205,1786043734.165444279,/novatel/oem7/inspva,/novatel/oem7/inspva,/novatel/oem7/inspva,39.663,-75.756,-1.800297953,0.003551476,0.002006318,0.000003996,0.003551473,0.002006318,,novatel_oem7_msgs.msg.InertialSolutionStatus(status=3),
1786043734167561987,1786043734.165634501,/novatel/oem7/fix,/novatel/oem7/fix,/novatel/oem7/inspva,39.663,-75.756,-1.800297953,0.003551476,0.002006318,0.000003996,0.003551473,0.002006318,,0,
1786043734168643931,1786043734.166168639,/novatel/oem7/odom,/novatel/oem7/fix,/novatel/oem7/odom,39.663,-75.756,-1.800297953,0.003543441,0.002020474,0.003538881,-0.000179717,0.002020474,,,
1786043734176319054,1786043734.175658974,/novatel/oem7/odom,/novatel/oem7/fix,/novatel/oem7/odom,39.663,-75.756,-1.800297953,0.003543441,0.002020474,0.003538881,-0.000179717,0.002020474,,,
1786043734186145012,1786043734.185294784,/novatel/oem7/inspva,/novatel/oem7/inspva,/novatel/oem7/inspva,39.663,-75.756,-1.800315032,0.003043195,0.001742828,0.000603802,0.002982694,0.001742828,,novatel_oem7_msgs.msg.InertialSolutionStatus(status=3),
1786043734187959537,1786043734.185544670,/novatel/oem7/fix,/novatel/oem7/fix,/novatel/oem7/inspva,39.663,-75.756,-1.800315032,0.003043195,0.001742828,0.000603802,0.002982694,0.001742828,,0,
1786043734189364498,1786043734.185962871,/novatel/oem7/odom,/novatel/oem7/fix,/novatel/oem7/odom,39.663,-75.756,-1.800315032,0.003035353,0.001756451,0.003002013,0.000448649,0.001756451,,,
1786043734195238773,1786043734.194531769,/novatel/oem7/odom,/novatel/oem7/fix,/novatel/oem7/odom,39.663,-75.756,-1.800315032,0.003035353,0.001756451,0.003002013,0.000448649,0.001756451,,,
1786043734206918076,1786043734.206370508,/novatel/oem7/inspva,/novatel/oem7/inspva,/novatel/oem7/inspva,39.663,-75.756,-1.800347072,0.002321464,-0.000824505,0.001611221,0.001671277,-0.000824505,,novatel_oem7_msgs.msg.InertialSolutionStatus(status=3),
1786043734208346767,1786043734.206546082,/novatel/oem7/fix,/novatel/oem7/fix,/novatel/oem7/inspva,39.663,-75.756,-1.800347072,0.002321464,-0.000824505,0.001611221,0.001671277,-0.000824505,,0,
1786043734209441178,1786043734.207008244,/novatel/oem7/odom,/novatel/oem7/fix,/novatel/oem7/odom,39.663,-75.756,-1.800347072,0.002325392,-0.000813362,0.001753459,0.001527360,-0.000813362,,,
1786043734211070091,1786043734.210310420,/novatel/oem7/bestpos,/novatel/oem7/bestpos,/novatel/oem7/odom,39.663,-75.756,33.181923792,0.002325392,-0.000813362,0.001753459,0.001527360,-0.000813362,,novatel_oem7_msgs.msg.SolutionStatus(status=0),novatel_oem7_msgs.msg.PositionOrVelocityType(type=53)
1786043734212617960,1786043734.210787085,/novatel/oem7/bestvel,/novatel/oem7/bestpos,/novatel/oem7/bestvel,39.663,-75.756,33.181923792,0.002006285,-0.000585191,,,,42.706201720,novatel_oem7_msgs.msg.SolutionStatus(status=0),novatel_oem7_msgs.msg.PositionOrVelocityType(type=53)
1786043734215853215,1786043734.215147248,/novatel/oem7/odom,/novatel/oem7/bestpos,/novatel/oem7/odom,39.663,-75.756,33.181923792,0.002325392,-0.000813362,0.001753459,0.001527360,-0.000813362,,,
1786043734225952506,1786043734.225200705,/novatel/oem7/inspva,/novatel/oem7/inspva,/novatel/oem7/inspva,39.663,-75.756,-1.800350669,0.002597733,-0.000249448,0.001253094,0.002275516,-0.000249448,,novatel_oem7_msgs.msg.InertialSolutionStatus(status=3),
1786043734227716167,1786043734.225409511,/novatel/oem7/fix,/novatel/oem7/fix,/novatel/oem7/inspva,39.663,-75.756,-1.800350669,0.002597733,-0.000249448,0.001253094,0.002275516,-0.000249448,,0,
1786043734229224296,1786043734.225861415,/novatel/oem7/odom,/novatel/oem7/fix,/novatel/oem7/odom,39.663,-75.756,-1.800350669,0.002598906,-0.000236913,0.002336605,0.001137800,-0.000236913,,,
1786043734236947863,1786043734.235854672,/novatel/oem7/odom,/novatel/oem7/fix,/novatel/oem7/odom,39.663,-75.756,-1.800350669,0.002598906,-0.000236913,0.002336605,0.001137800,-0.000236913,,,
1786043734246556008,1786043734.245752430,/novatel/oem7/inspva,/novatel/oem7/inspva,/novatel/oem7/inspva,39.663,-75.756,-1.800337595,0.003156408,0.001699848,-0.000034001,0.003156225,0.001699848,,novatel_oem7_msgs.msg.InertialSolutionStatus(status=3),
1786043734248374000,1786043734.246038006,/novatel/oem7/fix,/novatel/oem7/fix,/novatel/oem7/inspva,39.663,-75.756,-1.800337595,0.003156408,0.001699848,-0.000034001,0.003156225,0.001699848,,0,
1786043734249853711,1786043734.246506048,/novatel/oem7/odom,/novatel/oem7/fix,/novatel/oem7/odom,39.663,-75.756,-1.800337595,0.003149653,0.001712332,0.003143490,-0.000196950,0.001712332,,,
1786043734257313099,1786043734.256546625,/novatel/oem7/odom,/novatel/oem7/fix,/novatel/oem7/odom,39.663,-75.756,-1.800337595,0.003149653,0.001712332,0.003143490,-0.000196950,0.001712332,,,
1786043734267037453,1786043734.266257475,/novatel/oem7/inspva,/novatel/oem7/inspva,/novatel/oem7/inspva,39.663,-75.756,-1.800357662,0.003903117,0.001148110,0.000274847,0.003893428,0.001148110,,novatel_oem7_msgs.msg.InertialSolutionStatus(status=3),
1786043734268633956,1786043734.266501001,/novatel/oem7/fix,/novatel/oem7/fix,/novatel/oem7/inspva,39.663,-75.756,-1.800357662,0.003903117,0.001148110,0.000274847,0.003893428,0.001148110,,0,
1786043734269748717,1786043734.267015520,/novatel/oem7/odom,/novatel/oem7/fix,/novatel/oem7/odom,39.663,-75.756,-1.800357662,0.003898311,0.001164326,0.003897572,0.000075868,0.001164326,,,
1786043734275552445,1786043734.274851584,/novatel/oem7/odom,/novatel/oem7/fix,/novatel/oem7/odom,39.663,-75.756,-1.800357662,0.003898311,0.001164326,0.003897572,0.000075868,0.001164326,,,
1786043734286053626,1786043734.285209671,/novatel/oem7/inspva,/novatel/oem7/inspva,/novatel/oem7/inspva,39.663,-75.756,-1.800370795,0.003258715,0.000803499,0.002513027,0.002074590,0.000803499,,novatel_oem7_msgs.msg.InertialSolutionStatus(status=3),
1786043734287734139,1786043734.285469200,/novatel/oem7/fix,/novatel/oem7/fix,/novatel/oem7/inspva,39.663,-75.756,-1.800370795,0.003258715,0.000803499,0.002513027,0.002074590,0.000803499,,0,
1786043734289084333,1786043734.285928851,/novatel/oem7/odom,/novatel/oem7/fix,/novatel/oem7/odom,39.663,-75.756,-1.800370795,0.003254893,0.000818844,0.002194904,0.002403482,0.000818844,,,
1786043734296198174,1786043734.295513557,/novatel/oem7/odom,/novatel/oem7/fix,/novatel/oem7/odom,39.663,-75.756,-1.800370795,0.003254893,0.000818844,0.002194904,0.002403482,0.000818844,,,
1786043734306781133,1786043734.306191151,/novatel/oem7/inspva,/novatel/oem7/inspva,/novatel/oem7/inspva,39.663,-75.756,-1.800382754,0.002797503,-0.000054704,0.001949573,0.002006287,-0.000054704,,novatel_oem7_msgs.msg.InertialSolutionStatus(status=3),
1786043734308180210,1786043734.306353845,/novatel/oem7/fix,/novatel/oem7/fix,/novatel/oem7/inspva,39.663,-75.756,-1.800382754,0.002797503,-0.000054704,0.001949573,0.002006287,-0.000054704,,0,
1786043734309317465,1786043734.306803883,/novatel/oem7/odom,/novatel/oem7/fix,/novatel/oem7/odom,39.663,-75.756,-1.800382754,0.002797733,-0.000041275,0.002101924,0.001846409,-0.000041275,,,
1786043734311035965,1786043734.309239201,/novatel/oem7/bestpos,/novatel/oem7/bestpos,/novatel/oem7/odom,39.663,-75.756,33.181882697,0.002797733,-0.000041275,0.002101924,0.001846409,-0.000041275,,novatel_oem7_msgs.msg.SolutionStatus(status=0),novatel_oem7_msgs.msg.PositionOrVelocityType(type=53)
1786043734312016215,1786043734.309886727,/novatel/oem7/bestvel,/novatel/oem7/bestpos,/novatel/oem7/bestvel,39.663,-75.756,33.181882697,0.002635480,0.000211950,,,,63.353339550,novatel_oem7_msgs.msg.SolutionStatus(status=0),novatel_oem7_msgs.msg.PositionOrVelocityType(type=53)
1786043734315161676,1786043734.314408262,/novatel/oem7/odom,/novatel/oem7/bestpos,/novatel/oem7/odom,39.663,-75.756,33.181882697,0.002797733,-0.000041275,0.002101924,0.001846409,-0.000041275,,,
1786043734327306247,1786043734.326396222,/novatel/oem7/inspva,/novatel/oem7/inspva,/novatel/oem7/inspva,39.663,-75.756,-1.800375046,0.002693122,0.000873807,0.000207195,0.002685140,0.000873807,,novatel_oem7_msgs.msg.InertialSolutionStatus(status=3),
1786043734329411288,1786043734.326649228,/novatel/oem7/fix,/novatel/oem7/fix,/novatel/oem7/inspva,39.663,-75.756,-1.800375046,0.002693122,0.000873807,0.000207195,0.002685140,0.000873807,,0,
1786043734330940064,1786043734.327133629,/novatel/oem7/odom,/novatel/oem7/fix,/novatel/oem7/odom,39.663,-75.756,-1.800375046,0.002689467,0.000884995,0.002688563,0.000069709,0.000884995,,,
1786043734336486963,1786043734.335371178,/novatel/oem7/odom,/novatel/oem7/fix,/novatel/oem7/odom,39.663,-75.756,-1.800375046,0.002689467,0.000884995,0.002688563,0.000069709,0.000884995,,,
1786043734345746491,1786043734.344948147,/novatel/oem7/inspva,/novatel/oem7/inspva,/novatel/oem7/inspva,39.663,-75.756,-1.800382709,0.003988161,0.001361085,0.000178414,0.003984168,0.001361085,,novatel_oem7_msgs.msg.InertialSolutionStatus(status=3),
1786043734347613897,1786043734.345164266,/novatel/oem7/fix,/novatel/oem7/fix,/novatel/oem7/inspva,39.663,-75.756,-1.800382709,0.003988161,0.001361085,0.000178414,0.003984168,0.001361085,,0,
1786043734348965664,1786043734.345648914,/novatel/oem7/odom,/novatel/oem7/fix,/novatel/oem7/odom,39.663,-75.756,-1.800382709,0.003982562,0.001377383,0.003982479,-0.000025598,0.001377383,,,
1786043734357056388,1786043734.355853766,/novatel/oem7/odom,/novatel/oem7/fix,/novatel/oem7/odom,39.663,-75.756,-1.800382709,0.003982562,0.001377383,0.003982479,-0.000025598,0.001377383,,,
1786043734367703834,1786043734.367007667,/novatel/oem7/inspva,/novatel/oem7/inspva,/novatel/oem7/inspva,39.663,-75.756,-1.800399018,0.003204177,0.000341242,0.001700043,0.002715991,0.000341242,,novatel_oem7_msgs.msg.InertialSolutionStatus(status=3),
1786043734369146542,1786043734.367199602,/novatel/oem7/fix,/novatel/oem7/fix,/novatel/oem7/inspva,39.663,-75.756,-1.800399018,0.003204177,0.000341242,0.001700043,0.002715991,0.000341242,,0,
1786043734370246566,1786043734.367704327,/novatel/oem7/odom,/novatel/oem7/fix,/novatel/oem7/odom,39.663,-75.756,-1.800399018,0.003202469,0.000356924,0.002796556,0.001560474,0.000356924,,,
1786043734375648694,1786043734.374942327,/novatel/oem7/odom,/novatel/oem7/fix,/novatel/oem7/odom,39.663,-75.756,-1.800399018,0.003202469,0.000356924,0.002796556,0.001560474,0.000356924,,,
1786043734387104151,1786043734.386070944,/novatel/oem7/inspva,/novatel/oem7/inspva,/novatel/oem7/inspva,39.663,-75.756,-1.800409029,0.003028159,0.000466087,0.002275253,0.001998243,0.000466087,,novatel_oem7_msgs.msg.InertialSolutionStatus(status=3),
1786043734391181412,1786043734.386316153,/novatel/oem7/fix,/novatel/oem7/fix,/novatel/oem7/inspva,39.663,-75.756,-1.800409029,0.003028159,0.000466087,0.002275253,0.001998243,0.000466087,,0,
1786043734392368304,1786043734.386735764,/novatel/oem7/odom,/novatel/oem7/fix,/novatel/oem7/odom,39.663,-75.756,-1.800409029,0.003025917,0.000480427,0.002108147,0.002170689,0.000480427,,,
1786043734395342703,1786043734.394671850,/novatel/oem7/odom,/novatel/oem7/fix,/novatel/oem7/odom,39.663,-75.756,-1.800409029,0.003025917,0.000480427,0.002108147,0.002170689,0.000480427,,,
1786043734406927969,1786043734.406317450,/novatel/oem7/inspva,/novatel/oem7/inspva,/novatel/oem7/inspva,39.663,-75.756,-1.800416794,0.002961916,-0.000298575,0.000710466,0.002875446,-0.000298575,,novatel_oem7_msgs.msg.InertialSolutionStatus(status=3),
1786043734408320306,1786043734.406528232,/novatel/oem7/fix,/novatel/oem7/fix,/novatel/oem7/inspva,39.663,-75.756,-1.800416794,0.002961916,-0.000298575,0.000710466,0.002875446,-0.000298575,,0,
1786043734409443834,1786043734.407026713,/novatel/oem7/odom,/novatel/oem7/fix,/novatel/oem7/odom,39.663,-75.756,-1.800416794,0.002963229,-0.000285253,0.002908713,0.000565785,-0.000285253,,,
1786043734411264062,1786043734.410200262,/novatel/oem7/bestpos,/novatel/oem7/bestpos,/novatel/oem7/odom,39.663,-75.756,33.181861232,0.002963229,-0.000285253,0.002908713,0.000565785,-0.000285253,,novatel_oem7_msgs.msg.SolutionStatus(status=0),novatel_oem7_msgs.msg.PositionOrVelocityType(type=53)
1786043734413060887,1786043734.410533145,/novatel/oem7/bestvel,/novatel/oem7/bestpos,/novatel/oem7/bestvel,39.663,-75.756,33.181861232,0.001719201,0.000771434,,,,93.479147842,novatel_oem7_msgs.msg.SolutionStatus(status=0),novatel_oem7_msgs.msg.PositionOrVelocityType(type=53)
1786043734417512364,1786043734.415438307,/novatel/oem7/odom,/novatel/oem7/bestpos,/novatel/oem7/odom,39.663,-75.756,33.181861232,0.002963229,-0.000285253,0.002908713,0.000565785,-0.000285253,,,
1786043734426759154,1786043734.425973422,/novatel/oem7/inspva,/novatel/oem7/inspva,/novatel/oem7/inspva,39.663,-75.756,-1.800425518,0.003057081,0.000018077,0.000832014,0.002941682,0.000018077,,novatel_oem7_msgs.msg.InertialSolutionStatus(status=3),
1786043734428231621,1786043734.426209654,/novatel/oem7/fix,/novatel/oem7/fix,/novatel/oem7/inspva,39.663,-75.756,-1.800425518,0.003057081,0.000018077,0.000832014,0.002941682,0.000018077,,0,
1786043734429359586,1786043734.426656316,/novatel/oem7/odom,/novatel/oem7/fix,/novatel/oem7/odom,39.663,-75.756,-1.800425518,0.003056966,0.000032059,0.002979687,0.000683014,0.000032059,,,
1786043734435110470,1786043734.434367630,/novatel/oem7/odom,/novatel/oem7/fix,/novatel/oem7/odom,39.663,-75.756,-1.800425518,0.003056966,0.000032059,0.002979687,0.000683014,0.000032059,,,
1786043734447209331,1786043734.446470153,/novatel/oem7/inspva,/novatel/oem7/inspva,/novatel/oem7/inspva,39.663,-75.756,-1.800430237,0.004034849,0.001365286,0.002228775,0.003363417,0.001365286,,novatel_oem7_msgs.msg.InertialSolutionStatus(status=3),
1786043734448667435,1786043734.446671912,/novatel/oem7/fix,/novatel/oem7/fix,/novatel/oem7/inspva,39.663,-75.756,-1.800430237,0.004034849,0.001365286,0.002228775,0.003363417,0.001365286,,0,
1786043734449795740,1786043734.446976259,/novatel/oem7/odom,/novatel/oem7/fix,/novatel/oem7/odom,39.663,-75.756,-1.800430237,0.004028135,0.001384971,0.003465540,0.002053267,0.001384971,,,
1786043734457153473,1786043734.456383319,/novatel/oem7/odom,/novatel/oem7/fix,/novatel/oem7/odom,39.663,-75.756,-1.800430237,0.004028135,0.001384971,0.003465540,0.002053267,0.001384971,,,
1786043734465625201,1786043734.464924154,/novatel/oem7/inspva,/novatel/oem7/inspva,/novatel/oem7/inspva,39.663,-75.756,-1.800446212,0.003551436,0.000979460,0.002404344,0.002613777,0.000979460,,novatel_oem7_msgs.msg.InertialSolutionStatus(status=3),
1786043734466970741,1786043734.465096819,/novatel/oem7/fix,/novatel/oem7/fix,/novatel/oem7/inspva,39.663,-75.756,-1.800446212,0.003551436,0.000979460,0.002404344,0.002613777,0.000979460,,0,
1786043734468032895,1786043734.465496296,/novatel/oem7/odom,/novatel/oem7/fix,/novatel/oem7/odom,39.663,-75.756,-1.800446212,0.003546653,0.000996643,0.002727266,0.002267326,0.000996643,,,
1786043734475040072,1786043734.474332675,/novatel/oem7/odom,/novatel/oem7/fix,/novatel/oem7/odom,39.663,-75.756,-1.800446212,0.003546653,0.000996643,0.002727266,0.002267326,0.000996643,,,
1786043734486281561,1786043734.485509663,/novatel/oem7/inspva,/novatel/oem7/inspva,/novatel/oem7/inspva,39.663,-75.756,-1.800460381,0.003126200,-0.000834419,0.002009594,0.002394714,-0.000834419,,novatel_oem7_msgs.msg.InertialSolutionStatus(status=3),
1786043734487850803,1786043734.485720262,/novatel/oem7/fix,/novatel/oem7/fix,/novatel/oem7/inspva,39.663,-75.756,-1.800460381,0.003126200,-0.000834419,0.002009594,0.002394714,-0.000834419,,0,
1786043734488952091,1786043734.486224383,/novatel/oem7/odom,/novatel/oem7/fix,/novatel/oem7/odom,39.663,-75.756,-1.800460381,0.003130178,-0.000819370,0.002496059,0.001888837,-0.000819370,,,
1786043734495631441,1786043734.494930560,/novatel/oem7/odom,/novatel/oem7/fix,/novatel/oem7/odom,39.663,-75.756,-1.800460381,0.003130178,-0.000819370,0.002496059,0.001888837,-0.000819370,,,
1786043734506665114,1786043734.506011098,/novatel/oem7/inspva,/novatel/oem7/inspva,/novatel/oem7/inspva,39.663,-75.756,-1.800467460,0.002763092,-0.000497149,0.001073965,0.002545835,-0.000497149,,novatel_oem7_msgs.msg.InertialSolutionStatus(status=3),
1786043734508150612,1786043734.506156289,/novatel/oem7/fix,/novatel/oem7/fix,/novatel/oem7/inspva,39.663,-75.756,-1.800467460,0.002763092,-0.000497149,0.001073965,0.002545835,-0.000497149,,0,
1786043734509265730,1786043734.506579200,/novatel/oem7/odom,/novatel/oem7/fix,/novatel/oem7/odom,39.663,-75.756,-1.800467460,0.002765404,-0.000484122,0.002598595,0.000945919,-0.000484122,,,
1786043734512219906,1786043734.511493589,/novatel/oem7/bestpos,/novatel/oem7/bestpos,/novatel/oem7/odom,39.663,-75.756,33.181810828,0.002765404,-0.000484122,0.002598595,0.000945919,-0.000484122,,novatel_oem7_msgs.msg.SolutionStatus(status=0),novatel_oem7_msgs.msg.PositionOrVelocityType(type=53)
1786043734513763122,1786043734.512447092,/novatel/oem7/bestvel,/novatel/oem7/bestpos,/novatel/oem7/bestvel,39.663,-75.756,33.181810828,0.001152515,0.000754488,,,,81.817074549,novatel_oem7_msgs.msg.SolutionStatus(status=0),novatel_oem7_msgs.msg.PositionOrVelocityType(type=53)
1786043734515459522,1786043734.514701787,/novatel/oem7/odom,/novatel/oem7/bestpos,/novatel/oem7/odom,39.663,-75.756,33.181810828,0.002765404,-0.000484122,0.002598595,0.000945919,-0.000484122,,,
1786043734525908913,1786043734.525208662,/novatel/oem7/inspva,/novatel/oem7/inspva,/novatel/oem7/inspva,39.663,-75.756,-1.800452950,0.004279960,0.002526398,0.002476532,0.003490680,0.002526398,,novatel_oem7_msgs.msg.InertialSolutionStatus(status=3),
1786043734527360674,1786043734.525386654,/novatel/oem7/fix,/novatel/oem7/fix,/novatel/oem7/inspva,39.663,-75.756,-1.800452950,0.004279960,0.002526398,0.002476532,0.003490680,0.002526398,,0,
1786043734528478529,1786043734.525947227,/novatel/oem7/odom,/novatel/oem7/fix,/novatel/oem7/odom,39.663,-75.756,-1.800452950,0.004267602,0.002547217,0.003600367,0.002291241,0.002547217,,,
1786043734535730034,1786043734.535021050,/novatel/oem7/odom,/novatel/oem7/fix,/novatel/oem7/odom,39.663,-75.756,-1.800452950,0.004267602,0.002547217,0.003600367,0.002291241,0.002547217,,,
1786043734546744544,1786043734.546024827,/novatel/oem7/inspva,/novatel/oem7/inspva,/novatel/oem7/inspva,39.663,-75.756,-1.800467659,0.003522005,0.001590066,0.002081459,0.002841135,0.001590066,,novatel_oem7_msgs.msg.InertialSolutionStatus(status=3),
1786043734548344543,1786043734.546211926,/novatel/oem7/fix,/novatel/oem7/fix,/novatel/oem7/inspva,39.663,-75.756,-1.800467659,0.003522005,0.001590066,0.002081459,0.002841135,0.001590066,,0,
1786043734549607733,1786043734.546630740,/novatel/oem7/odom,/novatel/oem7/fix,/novatel/oem7/odom,39.663,-75.756,-1.800467659,0.003514197,0.001607249,0.002935568,0.001931844,0.001607249,,,
1786043734556440808,1786043734.555674493,/novatel/oem7/odom,/novatel/oem7/fix,/novatel/oem7/odom,39.663,-75.756,-1.800467659,0.003514197,0.001607249,0.002935568,0.001931844,0.001607249,,,
1786043734565776854,1786043734.565180328,/novatel/oem7/inspva,/novatel/oem7/inspva,/novatel/oem7/inspva,39.663,-75.756,-1.800486932,0.003405849,-0.001108902,0.002531748,0.002278170,-0.001108902,,novatel_oem7_msgs.msg.InertialSolutionStatus(status=3),
1786043734567330970,1786043734.565333633,/novatel/oem7/fix,/novatel/oem7/fix,/novatel/oem7/inspva,39.663,-75.756,-1.800486932,0.003405849,-0.001108902,0.002531748,0.002278170,-0.001108902,,0,
1786043734568539265,1786043734.565817788,/novatel/oem7/odom,/novatel/oem7/fix,/novatel/oem7/odom,39.663,-75.756,-1.800486932,0.003411035,-0.001092844,0.002407017,0.002416905,-0.001092844,,,
1786043734575880202,1786043734.575146691,/novatel/oem7/odom,/novatel/oem7/fix,/novatel/oem7/odom,39.663,-75.756,-1.800486932,0.003411035,-0.001092844,0.002407017,0.002416905,-0.001092844,,,
1786043734585835564,1786043734.585223575,/novatel/oem7/inspva,/novatel/oem7/inspva,/novatel/oem7/inspva,39.663,-75.756,-1.800495330,0.003315818,-0.000513200,0.001155029,0.003108144,-0.000513200,,novatel_oem7_msgs.msg.InertialSolutionStatus(status=3),
1786043734587258388,1786043734.585345271,/novatel/oem7/fix,/novatel/oem7/fix,/novatel/oem7/inspva,39.663,-75.756,-1.800495330,0.003315818,-0.000513200,0.001155029,0.003108144,-0.000513200,,0,
1786043734588357323,1786043734.585770910,/novatel/oem7/odom,/novatel/oem7/fix,/novatel/oem7/odom,39.663,-75.756,-1.800495330,0.003318174,-0.000497742,0.003164329,0.000998648,-0.000497742,,,
1786043734595222625,1786043734.594529424,/novatel/oem7/odom,/novatel/oem7/fix,/novatel/oem7/odom,39.663,-75.756,-1.800495330,0.003318174,-0.000497742,0.003164329,0.000998648,-0.000497742,,,
1786043734607229211,1786043734.606631612,/novatel/oem7/inspva,/novatel/oem7/inspva,/novatel/oem7/inspva,39.663,-75.756,-1.800484754,0.004379220,0.001848060,0.001093778,0.004240426,0.001848060,,novatel_oem7_msgs.msg.InertialSolutionStatus(status=3),
1786043734608720173,1786043734.606781776,/novatel/oem7/fix,/novatel/oem7/fix,/novatel/oem7/inspva,39.663,-75.756,-1.800484754,0.004379220,0.001848060,0.001093778,0.004240426,0.001848060,,0,
1786043734609859877,1786043734.607236478,/novatel/oem7/odom,/novatel/oem7/fix,/novatel/oem7/odom,39.663,-75.756,-1.800484754,0.004370781,0.001867930,0.004282450,0.000874274,0.001867930,,,
1786043734611474170,1786043734.610356715,/novatel/oem7/bestpos,/novatel/oem7/bestpos,/novatel/oem7/odom,39.663,-75.756,33.181763944,0.004370781,0.001867930,0.004282450,0.000874274,0.001867930,,novatel_oem7_msgs.msg.SolutionStatus(status=0),novatel_oem7_msgs.msg.PositionOrVelocityType(type=53)
1786043734612500543,1786043734.610824519,/novatel/oem7/bestvel,/novatel/oem7/bestpos,/novatel/oem7/bestvel,39.663,-75.756,33.181763944,0.004953072,0.001083440,,,,62.825426883,novatel_oem7_msgs.msg.SolutionStatus(status=0),novatel_oem7_msgs.msg.PositionOrVelocityType(type=53)
1786043734615481943,1786043734.614760730,/novatel/oem7/odom,/novatel/oem7/bestpos,/novatel/oem7/odom,39.663,-75.756,33.181763944,0.004370781,0.001867930,0.004282450,0.000874274,0.001867930,,,
1786043734625765963,1786043734.625198188,/novatel/oem7/inspva,/novatel/oem7/inspva,/novatel/oem7/inspva,39.663,-75.756,-1.800489346,0.003190047,0.002230312,0.001790530,0.002640152,0.002230312,,novatel_oem7_msgs.msg.InertialSolutionStatus(status=3),
1786043734627165093,1786043734.625276190,/novatel/oem7/fix,/novatel/oem7/fix,/novatel/oem7/inspva,39.663,-75.756,-1.800489346,0.003190047,0.002230312,0.001790530,0.002640152,0.002230312,,0,
1786043734628295695,1786043734.625641371,/novatel/oem7/odom,/novatel/oem7/fix,/novatel/oem7/odom,39.663,-75.756,-1.800489346,0.003179168,0.002245792,0.002717652,0.001649689,0.002245792,,,
1786043734635617558,1786043734.634881910,/novatel/oem7/odom,/novatel/oem7/fix,/novatel/oem7/odom,39.663,-75.756,-1.800489346,0.003179168,0.002245792,0.002717652,0.001649689,0.002245792,,,
1786043734645992611,1786043734.645352658,/novatel/oem7/inspva,/novatel/oem7/inspva,/novatel/oem7/inspva,39.663,-75.756,-1.800513366,0.003398003,-0.001252773,0.002770408,0.001967553,-0.001252773,,novatel_oem7_msgs.msg.InertialSolutionStatus(status=3),
1786043734647579287,1786043734.645536780,/novatel/oem7/fix,/novatel/oem7/fix,/novatel/oem7/inspva,39.663,-75.756,-1.800513366,0.003398003,-0.001252773,0.002770408,0.001967553,-0.001252773,,0,
1786043734648757262,1786043734.646053702,/novatel/oem7/odom,/novatel/oem7/fix,/novatel/oem7/odom,39.663,-75.756,-1.800513366,0.003403676,-0.001237277,0.002109421,0.002671209,-0.001237277,,,
1786043734657370275,1786043734.656629817,/novatel/oem7/odom,/novatel/oem7/fix,/novatel/oem7/odom,39.663,-75.756,-1.800513366,0.003403676,-0.001237277,0.002109421,0.002671209,-0.001237277,,,
1786043734666800095,1786043734.666131129,/novatel/oem7/inspva,/novatel/oem7/inspva,/novatel/oem7/inspva,39.663,-75.756,-1.800512754,0.003149722,-0.000148268,0.001990130,0.002441338,-0.000148268,,novatel_oem7_msgs.msg.InertialSolutionStatus(status=3),
1786043734668275557,1786043734.666257736,/novatel/oem7/fix,/novatel/oem7/fix,/novatel/oem7/inspva,39.663,-75.756,-1.800512754,0.003149722,-0.000148268,0.001990130,0.002441338,-0.000148268,,0,
1786043734669494022,1786043734.666659578,/novatel/oem7/odom,/novatel/oem7/fix,/novatel/oem7/odom,39.663,-75.756,-1.800512754,0.003150401,-0.000133070,0.002538879,0.001865240,-0.000133070,,,
1786043734675204979,1786043734.674449938,/novatel/oem7/odom,/novatel/oem7/fix,/novatel/oem7/odom,39.663,-75.756,-1.800512754,0.003150401,-0.000133070,0.002538879,0.001865240,-0.000133070,,,
1786043734685770221,1786043734.685218697,/novatel/oem7/inspva,/novatel/oem7/inspva,/novatel/oem7/inspva,39.663,-75.756,-1.800501917,0.005023034,0.001475887,0.000418056,0.005005607,0.001475887,,novatel_oem7_msgs.msg.InertialSolutionStatus(status=3),
1786043734687342524,1786043734.685307397,/novatel/oem7/fix,/novatel/oem7/fix,/novatel/oem7/inspva,39.663,-75.756,-1.800501917,0.005023034,0.001475887,0.000418056,0.005005607,0.001475887,,0,
1786043734688478222,1786043734.686021557,/novatel/oem7/odom,/novatel/oem7/fix,/novatel/oem7/odom,39.663,-75.756,-1.800501917,0.005016839,0.001496809,0.005014226,0.000161906,0.001496809,,,
1786043734696200219,1786043734.695473725,/novatel/oem7/odom,/novatel/oem7/fix,/novatel/oem7/odom,39.663,-75.756,-1.800501917,0.005016839,0.001496809,0.005014226,0.000161906,0.001496809,,,
1786043734706473595,1786043734.705832095,/novatel/oem7/inspva,/novatel/oem7/inspva,/novatel/oem7/inspva,39.663,-75.756,-1.800497526,0.003001448,0.002560596,0.001407055,0.002651204,0.002560596,,novatel_oem7_msgs.msg.InertialSolutionStatus(status=3),
1786043734708000066,1786043734.705989613,/novatel/oem7/fix,/novatel/oem7/fix,/novatel/oem7/inspva,39.663,-75.756,-1.800497526,0.003001448,0.002560596,0.001407055,0.002651204,0.002560596,,0,
1786043734709194892,1786043734.706440458,/novatel/oem7/odom,/novatel/oem7/fix,/novatel/oem7/odom,39.663,-75.756,-1.800497526,0.002989010,0.002575104,0.002708018,0.001265235,0.002575104,,,
1786043734710847325,1786043734.709839226,/novatel/oem7/bestpos,/novatel/oem7/bestpos,/novatel/oem7/odom,39.663,-75.756,33.181745880,0.002989010,0.002575104,0.002708018,0.001265235,0.002575104,,novatel_oem7_msgs.msg.SolutionStatus(status=0),novatel_oem7_msgs.msg.PositionOrVelocityType(type=53)
1786043734712377687,1786043734.710457668,/novatel/oem7/bestvel,/novatel/oem7/bestpos,/novatel/oem7/bestvel,39.663,-75.756,33.181745880,0.003852306,0.002162608,,,,71.880273332,novatel_oem7_msgs.msg.SolutionStatus(status=0),novatel_oem7_msgs.msg.PositionOrVelocityType(type=53)
1786043734715199375,1786043734.714482258,/novatel/oem7/odom,/novatel/oem7/bestpos,/novatel/oem7/odom,39.663,-75.756,33.181745880,0.002989010,0.002575104,0.002708018,0.001265235,0.002575104,,,
1786043734727057803,1786043734.726437657,/novatel/oem7/inspva,/novatel/oem7/inspva,/novatel/oem7/inspva,39.663,-75.756,-1.800519147,0.003127752,-0.000592124,0.002690870,0.001594381,-0.000592124,,novatel_oem7_msgs.msg.InertialSolutionStatus(status=3),
1786043734728542748,1786043734.726598476,/novatel/oem7/fix,/novatel/oem7/fix,/novatel/oem7/inspva,39.663,-75.756,-1.800519147,0.003127752,-0.000592124,0.002690870,0.001594381,-0.000592124,,0,
1786043734729681083,1786043734.726902599,/novatel/oem7/odom,/novatel/oem7/fix,/novatel/oem7/odom,39.663,-75.756,-1.800519147,0.003130334,-0.000578321,0.001729993,0.002608853,-0.000578321,,,
1786043734736161171,1786043734.734916262,/novatel/oem7/odom,/novatel/oem7/fix,/novatel/oem7/odom,39.663,-75.756,-1.800519147,0.003130334,-0.000578321,0.001729993,0.002608853,-0.000578321,,,
1786043734745461717,1786043734.744860101,/novatel/oem7/inspva,/novatel/oem7/inspva,/novatel/oem7/inspva,39.663,-75.756,-1.800527080,0.002981378,-0.001170287,0.001829059,0.002354391,-0.001170287,,novatel_oem7_msgs.msg.InertialSolutionStatus(status=3),
1786043734746815807,1786043734.744986424,/novatel/oem7/fix,/novatel/oem7/fix,/novatel/oem7/inspva,39.663,-75.756,-1.800527080,0.002981378,-0.001170287,0.001829059,0.002354391,-0.001170287,,0,
1786043734747877971,1786043734.745323713,/novatel/oem7/odom,/novatel/oem7/fix,/novatel/oem7/odom,39.663,-75.756,-1.800527080,0.002987009,-0.001155838,0.002448141,0.001711382,-0.001155838,,,
1786043734756640079,1786043734.755958309,/novatel/oem7/odom,/novatel/oem7/fix,/novatel/oem7/odom,39.663,-75.756,-1.800527080,0.002987009,-0.001155838,0.002448141,0.001711382,-0.001155838,,,
1786043734765827767,1786043734.765267095,/novatel/oem7/inspva,/novatel/oem7/inspva,/novatel/oem7/inspva,39.663,-75.756,-1.800521389,0.003548285,0.000829339,0.000445086,0.003520259,0.000829339,,novatel_oem7_msgs.msg.InertialSolutionStatus(status=3),
1786043734767141053,1786043734.765417839,/novatel/oem7/fix,/novatel/oem7/fix,/novatel/oem7/inspva,39.663,-75.756,-1.800521389,0.003548285,0.000829339,0.000445086,0.003520259,0.000829339,,0,
1786043734768187857,1786043734.765983149,/novatel/oem7/odom,/novatel/oem7/fix,/novatel/oem7/odom,39.663,-75.756,-1.800521389,0.003544703,0.000844516,0.003534759,0.000265335,0.000844516,,,
1786043734775524470,1786043734.774846947,/novatel/oem7/odom,/novatel/oem7/fix,/novatel/oem7/odom,39.663,-75.756,-1.800521389,0.003544703,0.000844516,0.003534759,0.000265335,0.000844516,,,
1786043734786598664,1786043734.786034789,/novatel/oem7/inspva,/novatel/oem7/inspva,/novatel/oem7/inspva,39.663,-75.756,-1.800524061,0.003861894,0.001728840,0.000697958,0.003798299,0.001728840,,novatel_oem7_msgs.msg.InertialSolutionStatus(status=3),
1786043734787904268,1786043734.786160360,/novatel/oem7/fix,/novatel/oem7/fix,/novatel/oem7/inspva,39.663,-75.756,-1.800524061,0.003861894,0.001728840,0.000697958,0.003798299,0.001728840,,0,
1786043734788950511,1786043734.786569654,/novatel/oem7/odom,/novatel/oem7/fix,/novatel/oem7/odom,39.663,-75.756,-1.800524061,0.003854280,0.001745748,0.003821517,0.000501487,0.001745748,,,
1786043734794946794,1786043734.794281627,/novatel/oem7/odom,/novatel/oem7/fix,/novatel/oem7/odom,39.663,-75.756,-1.800524061,0.003854280,0.001745748,0.003821517,0.000501487,0.001745748,,,
1786043734806892163,1786043734.806370412,/novatel/oem7/inspva,/novatel/oem7/inspva,/novatel/oem7/inspva,39.663,-75.756,-1.800537545,0.003152019,0.000467369,0.002501511,0.001917725,0.000467369,,novatel_oem7_msgs.msg.InertialSolutionStatus(status=3),
1786043734808475699,1786043734.806456315,/novatel/oem7/fix,/novatel/oem7/fix,/novatel/oem7/inspva,39.663,-75.756,-1.800537545,0.003152019,0.000467369,0.002501511,0.001917725,0.000467369,,0,
1786043734809532240,1786043734.806982221,/novatel/oem7/odom,/novatel/oem7/fix,/novatel/oem7/odom,39.663,-75.756,-1.800537545,0.003149803,0.000482080,0.002039128,0.002400670,0.000482080,,,
1786043734811092639,1786043734.810037321,/novatel/oem7/bestpos,/novatel/oem7/bestpos,/novatel/oem7/odom,39.663,-75.756,33.181703858,0.003149803,0.000482080,0.002039128,0.002400670,0.000482080,,novatel_oem7_msgs.msg.SolutionStatus(status=0),novatel_oem7_msgs.msg.PositionOrVelocityType(type=53)
1786043734812033365,1786043734.810401978,/novatel/oem7/bestvel,/novatel/oem7/bestpos,/novatel/oem7/bestvel,39.663,-75.756,33.181703858,0.004584644,-0.000494037,,,,58.559953877,novatel_oem7_msgs.msg.SolutionStatus(status=0),novatel_oem7_msgs.msg.PositionOrVelocityType(type=53)
1786043734816019721,1786043734.815357258,/novatel/oem7/odom,/novatel/oem7/bestpos,/novatel/oem7/odom,39.663,-75.756,33.181703858,0.003149803,0.000482080,0.002039128,0.002400670,0.000482080,,,
1786043734825409078,1786043734.824886725,/novatel/oem7/inspva,/novatel/oem7/inspva,/novatel/oem7/inspva,39.663,-75.756,-1.800558881,0.003118493,-0.001007625,0.002183242,0.002226758,-0.001007625,,novatel_oem7_msgs.msg.InertialSolutionStatus(status=3),
1786043734826793719,1786043734.824969504,/novatel/oem7/fix,/novatel/oem7/fix,/novatel/oem7/inspva,39.663,-75.756,-1.800558881,0.003118493,-0.001007625,0.002183242,0.002226758,-0.001007625,,0,
1786043734827867076,1786043734.825453598,/novatel/oem7/odom,/novatel/oem7/fix,/novatel/oem7/odom,39.663,-75.756,-1.800558881,0.003123276,-0.000992700,0.002337767,0.002071159,-0.000992700,,,
1786043734835127302,1786043734.834469055,/novatel/oem7/odom,/novatel/oem7/fix,/novatel/oem7/odom,39.663,-75.756,-1.800558881,0.003123276,-0.000992700,0.002337767,0.002071159,-0.000992700,,,
1786043734847105481,1786043734.846561753,/novatel/oem7/inspva,/novatel/oem7/inspva,/novatel/oem7/inspva,39.663,-75.756,-1.800559305,0.004010870,-0.000043082,0.000128615,0.004008807,-0.000043082,,novatel_oem7_msgs.msg.InertialSolutionStatus(status=3),
1786043734848495778,1786043734.846651094,/novatel/oem7/fix,/novatel/oem7/fix,/novatel/oem7/inspva,39.663,-75.756,-1.800559305,0.004010870,-0.000043082,0.000128615,0.004008807,-0.000043082,,0,
1786043734849585616,1786043734.847147892,/novatel/oem7/odom,/novatel/oem7/fix,/novatel/oem7/odom,39.663,-75.756,-1.800559305,0.004011010,-0.000027054,0.004010346,-0.000072989,-0.000027054,,,
1786043734857227519,1786043734.856565606,/novatel/oem7/odom,/novatel/oem7/fix,/novatel/oem7/odom,39.663,-75.756,-1.800559305,0.004011010,-0.000027054,0.004010346,-0.000072989,-0.000027054,,,
1786043734865498222,1786043734.864960318,/novatel/oem7/inspva,/novatel/oem7/inspva,/novatel/oem7/inspva,39.663,-75.756,-1.800563381,0.003175753,0.001012990,0.000831366,0.003065002,0.001012990,,novatel_oem7_msgs.msg.InertialSolutionStatus(status=3),
1786043734866839795,1786043734.865045020,/novatel/oem7/fix,/novatel/oem7/fix,/novatel/oem7/inspva,39.663,-75.756,-1.800563381,0.003175753,0.001012990,0.000831366,0.003065002,0.001012990,,0,
1786043734867925532,1786043734.865506785,/novatel/oem7/odom,/novatel/oem7/fix,/novatel/oem7/odom,39.663,-75.756,-1.800563381,0.003171122,0.001027395,0.003098774,0.000673509,0.001027395,,,
1786043734876146708,1786043734.875506142,/novatel/oem7/odom,/novatel/oem7/fix,/novatel/oem7/odom,39.663,-75.756,-1.800563381,0.003171122,0.001027395,0.003098774,0.000673509,0.001027395,,,
1786043734885755384,1786043734.885205402,/novatel/oem7/inspva,/novatel/oem7/inspva,/novatel/oem7/inspva,39.663,-75.756,-1.800568311,0.003459449,0.001000397,0.002350884,0.002537939,0.001000397,,novatel_oem7_msgs.msg.InertialSolutionStatus(status=3),
1786043734887041273,1786043734.885351460,/novatel/oem7/fix,/novatel/oem7/fix,/novatel/oem7/inspva,39.663,-75.756,-1.800568311,0.003459449,0.001000397,0.002350884,0.002537939,0.001000397,,0,
1786043734888069457,1786043734.885934032,/novatel/oem7/odom,/novatel/oem7/fix,/novatel/oem7/odom,39.663,-75.756,-1.800568311,0.003454610,0.001016981,0.002648807,0.002217690,0.001016981,,,
1786043734895434174,1786043734.894790457,/novatel/oem7/odom,/novatel/oem7/fix,/novatel/oem7/odom,39.663,-75.756,-1.800568311,0.003454610,0.001016981,0.002648807,0.002217690,0.001016981,,,
1786043734906452887,1786043734.905886371,/novatel/oem7/inspva,/novatel/oem7/inspva,/novatel/oem7/inspva,39.663,-75.756,-1.800585015,0.003631700,0.000264989,0.002748238,0.002374117,0.000264989,,novatel_oem7_msgs.msg.InertialSolutionStatus(status=3),
1786043734907760377,1786043734.906041219,/novatel/oem7/fix,/novatel/oem7/fix,/novatel/oem7/inspva,39.663,-75.756,-1.800585015,0.003631700,0.000264989,0.002748238,0.002374117,0.000264989,,0,
1786043734908891628,1786043734.906511387,/novatel/oem7/odom,/novatel/oem7/fix,/novatel/oem7/odom,39.663,-75.756,-1.800585015,0.003630409,0.000282120,0.002508171,0.002624681,0.000282120,,,
1786043734910375653,1786043734.908641551,/novatel/oem7/bestpos,/novatel/oem7/bestpos,/novatel/oem7/odom,39.663,-75.756,33.181672241,0.003630409,0.000282120,0.002508171,0.002624681,0.000282120,,novatel_oem7_msgs.msg.SolutionStatus(status=0),novatel_oem7_msgs.msg.PositionOrVelocityType(type=53)
1786043734911308535,1786043734.909198887,/novatel/oem7/bestvel,/novatel/oem7/bestpos,/novatel/oem7/bestvel,39.663,-75.756,33.181672241,0.004975424,-0.000711884,,,,52.131770429,novatel_oem7_msgs.msg.SolutionStatus(status=0),novatel_oem7_msgs.msg.PositionOrVelocityType(type=53)
1786043734915086333,1786043734.914418473,/novatel/oem7/odom,/novatel/oem7/bestpos,/novatel/oem7/odom,39.663,-75.756,33.181672241,0.003630409,0.000282120,0.002508171,0.002624681,0.000282120,,,
1786043734925793233,1786043734.925229818,/novatel/oem7/inspva,/novatel/oem7/inspva,/novatel/oem7/inspva,39.663,-75.756,-1.800601649,0.002897946,-0.001440355,0.000834494,0.002775196,-0.001440355,,novatel_oem7_msgs.msg.InertialSolutionStatus(status=3),
1786043734927122317,1786043734.925383416,/novatel/oem7/fix,/novatel/oem7/fix,/novatel/oem7/inspva,39.663,-75.756,-1.800601649,0.002897946,-0.001440355,0.000834494,0.002775196,-0.001440355,,0,
1786043734928173087,1786043734.925720186,/novatel/oem7/odom,/novatel/oem7/fix,/novatel/oem7/odom,39.663,-75.756,-1.800601649,0.002904477,-0.001427141,0.002819452,0.000697620,-0.001427141,,,
1786043734936131080,1786043734.935492447,/novatel/oem7/odom,/novatel/oem7/fix,/novatel/oem7/odom,39.663,-75.756,-1.800601649,0.002904477,-0.001427141,0.002819452,0.000697620,-0.001427141,,,
1786043734945541047,1786043734.944998621,/novatel/oem7/inspva,/novatel/oem7/inspva,/novatel/oem7/inspva,39.663,-75.756,-1.800597027,0.003475969,0.000177589,0.001384954,0.003188144,0.000177589,,novatel_oem7_msgs.msg.InertialSolutionStatus(status=3),
1786043734946876424,1786043734.945081816,/novatel/oem7/fix,/novatel/oem7/fix,/novatel/oem7/inspva,39.663,-75.756,-1.800597027,0.003475969,0.000177589,0.001384954,0.003188144,0.000177589,,0,
1786043734947937314,1786043734.945530941,/novatel/oem7/odom,/novatel/oem7/fix,/novatel/oem7/odom,39.663,-75.756,-1.800597027,0.003475094,0.000193953,0.003253007,0.001222383,0.000193953,,,
1786043734956348828,1786043734.955694752,/novatel/oem7/odom,/novatel/oem7/fix,/novatel/oem7/odom,39.663,-75.756,-1.800597027,0.003475094,0.000193953,0.003253007,0.001222383,0.000193953,,,
1786043734967030531,1786043734.966495813,/novatel/oem7/inspva,/novatel/oem7/inspva,/novatel/oem7/inspva,39.663,-75.756,-1.800586885,0.003441602,0.001782328,0.001700399,0.002992201,0.001782328,,novatel_oem7_msgs.msg.InertialSolutionStatus(status=3),
1786043734968332198,1786043734.966603077,/novatel/oem7/fix,/novatel/oem7/fix,/novatel/oem7/inspva,39.663,-75.756,-1.800586885,0.003441602,0.001782328,0.001700399,0.002992201,0.001782328,,0,
1786043734969384772,1786043734.967007718,/novatel/oem7/odom,/novatel/oem7/fix,/novatel/oem7/odom,39.663,-75.756,-1.800586885,0.003432940,0.001798954,0.003066585,0.001543092,0.001798954,,,
1786043734975369621,1786043734.974695468,/novatel/oem7/odom,/novatel/oem7/fix,/novatel/oem7/odom,39.663,-75.756,-1.800586885,0.003432940,0.001798954,0.003066585,0.001543092,0.001798954,,,
1786043734985615800,1786043734.985056159,/novatel/oem7/inspva,/novatel/oem7/inspva,/novatel/oem7/inspva,39.663,-75.756,-1.800601022,0.004152466,0.000578396,0.002531772,0.003291368,0.000578396,,novatel_oem7_msgs.msg.InertialSolutionStatus(status=3),
1786043734986951700,1786043734.985139446,/novatel/oem7/fix,/novatel/oem7/fix,/novatel/oem7/inspva,39.663,-75.756,-1.800601022,0.004152466,0.000578396,0.002531772,0.003291368,0.000578396,,0,
1786043734988051385,1786043734.985585720,/novatel/oem7/odom,/novatel/oem7/fix,/novatel/oem7/odom,39.663,-75.756,-1.800601022,0.004149613,0.000598521,0.003412123,0.002361504,0.000598521,,,
1786043734996033328,1786043734.995366031,/novatel/oem7/odom,/novatel/oem7/fix,/novatel/oem7/odom,39.663,-75.756,-1.800601022,0.004149613,0.000598521,0.003412123,0.002361504,0.000598521,,,
1786043735010459702,1786043735.009907805,/novatel/oem7/inspva,/novatel/oem7/inspva,/novatel/oem7/inspva,39.663,-75.756,-1.800622307,0.003778004,-0.001484540,0.002147035,0.003108627,-0.001484540,,novatel_oem7_msgs.msg.InertialSolutionStatus(status=3),
1786043735011792472,1786043735.009989417,/novatel/oem7/fix,/novatel/oem7/fix,/novatel/oem7/inspva,39.663,-75.756,-1.800622307,0.003778004,-0.001484540,0.002147035,0.003108627,-0.001484540,,0,
1786043735012846352,1786043735.011267023,/novatel/oem7/odom,/novatel/oem7/fix,/novatel/oem7/odom,39.663,-75.756,-1.800622307,0.003785152,-0.001466220,0.003218683,0.001991848,-0.001466220,,,
1786043735016203796,1786043735.015544855,/novatel/oem7/odom,/novatel/oem7/fix,/novatel/oem7/odom,39.663,-75.756,-1.800622307,0.003785152,-0.001466220,0.003218683,0.001991848,-0.001466220,,,
1786043735025064124,1786043735.024462043,/novatel/oem7/bestpos,/novatel/oem7/bestpos,/novatel/oem7/odom,39.663,-75.756,33.181641264,0.003785152,-0.001466220,0.003218683,0.001991848,-0.001466220,,novatel_oem7_msgs.msg.SolutionStatus(status=0),novatel_oem7_msgs.msg.PositionOrVelocityType(type=53)
1786043735026557395,1786043735.025220082,/novatel/oem7/bestvel,/novatel/oem7/bestpos,/novatel/oem7/bestvel,39.663,-75.756,33.181641264,0.003913750,-0.001560842,,,,57.283745936,novatel_oem7_msgs.msg.SolutionStatus(status=0),novatel_oem7_msgs.msg.PositionOrVelocityType(type=53)
1786043735027996263,1786043735.027165579,/novatel/oem7/inspva,/novatel/oem7/inspva,/novatel/oem7/inspva,39.663,-75.756,-1.800623553,0.003329648,-0.001224410,0.001900757,0.002733803,-0.001224410,,novatel_oem7_msgs.msg.InertialSolutionStatus(status=3),
1786043735028853118,1786043735.027242021,/novatel/oem7/fix,/novatel/oem7/fix,/novatel/oem7/inspva,39.663,-75.756,-1.800623553,0.003329648,-0.001224410,0.001900757,0.002733803,-0.001224410,,0,
1786043735030448408,1786043735.027654793,/novatel/oem7/odom,/novatel/oem7/fix,/novatel/oem7/odom,39.663,-75.756,-1.800623553,0.003335513,-0.001208341,0.002830870,0.001764037,-0.001208341,,,
1786043735035489101,1786043735.034546332,/novatel/oem7/odom,/novatel/oem7/fix,/novatel/oem7/odom,39.663,-75.756,-1.800623553,0.003335513,-0.001208341,0.002830870,0.001764037,-0.001208341,,,
1786043735046089547,1786043735.045360660,/novatel/oem7/inspva,/novatel/oem7/inspva,/novatel/oem7/inspva,39.663,-75.756,-1.800601557,0.003879293,0.002154138,0.001083798,0.003724822,0.002154138,,novatel_oem7_msgs.msg.InertialSolutionStatus(status=3),
1786043735047868518,1786043735.045591379,/novatel/oem7/fix,/novatel/oem7/fix,/novatel/oem7/inspva,39.663,-75.756,-1.800601557,0.003879293,0.002154138,0.001083798,0.003724822,0.002154138,,0,
1786043735049244719,1786043735.046202941,/novatel/oem7/odom,/novatel/oem7/fix,/novatel/oem7/odom,39.663,-75.756,-1.800601557,0.003869366,0.002171919,0.003765751,0.000889446,0.002171919,,,
1786043735057309329,1786043735.056616209,/novatel/oem7/odom,/novatel/oem7/fix,/novatel/oem7/odom,39.663,-75.756,-1.800601557,0.003869366,0.002171919,0.003765751,0.000889446,0.002171919,,,
1786043735066626969,1786043735.065433160,/novatel/oem7/inspva,/novatel/oem7/inspva,/novatel/oem7/inspva,39.663,-75.756,-1.800613959,0.003968526,0.001292032,0.001866898,0.003501984,0.001292032,,novatel_oem7_msgs.msg.InertialSolutionStatus(status=3),
1786043735068702776,1786043735.065654892,/novatel/oem7/fix,/novatel/oem7/fix,/novatel/oem7/inspva,39.663,-75.756,-1.800613959,0.003968526,0.001292032,0.001866898,0.003501984,0.001292032,,0,
1786043735070350936,1786043735.066321942,/novatel/oem7/odom,/novatel/oem7/fix,/novatel/oem7/odom,39.663,-75.756,-1.800613959,0.003962246,0.001311165,0.003586097,0.001685022,0.001311165,,,
1786043735075792500,1786043735.074676359,/novatel/oem7/odom,/novatel/oem7/fix,/novatel/oem7/odom,39.663,-75.756,-1.800613959,0.003962246,0.001311165,0.003586097,0.001685022,0.001311165,,,
1786043735087887974,1786043735.086793346,/novatel/oem7/inspva,/novatel/oem7/inspva,/novatel/oem7/inspva,39.663,-75.756,-1.800635858,0.003500686,-0.001195704,0.002368365,0.002577917,-0.001195704,,novatel_oem7_msgs.msg.InertialSolutionStatus(status=3),
1786043735089854671,1786043735.087047883,/novatel/oem7/fix,/novatel/oem7/fix,/novatel/oem7/inspva,39.663,-75.756,-1.800635858,0.003500686,-0.001195704,0.002368365,0.002577917,-0.001195704,,0,
1786043735091263411,1786043735.087505657,/novatel/oem7/odom,/novatel/oem7/fix,/novatel/oem7/odom,39.663,-75.756,-1.800635858,0.003506384,-0.001178893,0.002698611,0.002238800,-0.001178893,,,
1786043735095750096,1786043735.094745573,/novatel/oem7/odom,/novatel/oem7/fix,/novatel/oem7/odom,39.663,-75.756,-1.800635858,0.003506384,-0.001178893,0.002698611,0.002238800,-0.001178893,,,
1786043735106864594,1786043735.105833073,/novatel/oem7/inspva,/novatel/oem7/inspva,/novatel/oem7/inspva,39.663,-75.756,-1.800634675,0.003608938,-0.001171087,0.001877187,0.003082305,-0.001171087,,novatel_oem7_msgs.msg.InertialSolutionStatus(status=3),
1786043735108651535,1786043735.106084073,/novatel/oem7/fix,/novatel/oem7/fix,/novatel/oem7/inspva,39.663,-75.756,-1.800634675,0.003608938,-0.001171087,0.001877187,0.003082305,-0.001171087,,0,
1786043735110052745,1786043735.106787346,/novatel/oem7/odom,/novatel/oem7/fix,/novatel/oem7/odom,39.663,-75.756,-1.800634675,0.003614546,-0.001153660,0.003177587,0.001722755,-0.001153660,,,
1786043735111780030,1786043735.109523313,/novatel/oem7/bestpos,/novatel/oem7/bestpos,/novatel/oem7/odom,39.663,-75.756,33.181686454,0.003614546,-0.001153660,0.003177587,0.001722755,-0.001153660,,novatel_oem7_msgs.msg.SolutionStatus(status=0),novatel_oem7_msgs.msg.PositionOrVelocityType(type=53)
1786043735112840536,1786043735.110317171,/novatel/oem7/bestvel,/novatel/oem7/bestpos,/novatel/oem7/bestvel,39.663,-75.756,33.181686454,0.003068200,-0.000780630,,,,57.779869978,novatel_oem7_msgs.msg.SolutionStatus(status=0),novatel_oem7_msgs.msg.PositionOrVelocityType(type=53)
1786043735116452946,1786043735.115685352,/novatel/oem7/odom,/novatel/oem7/bestpos,/novatel/oem7/odom,39.663,-75.756,33.181686454,0.003614546,-0.001153660,0.003177587,0.001722755,-0.001153660,,,
1786043735126161076,1786043735.125385952,/novatel/oem7/inspva,/novatel/oem7/inspva,/novatel/oem7/inspva,39.663,-75.756,-1.800616411,0.003013356,0.001122390,0.000540054,0.002964566,0.001122390,,novatel_oem7_msgs.msg.InertialSolutionStatus(status=3),
1786043735127820326,1786043735.125632488,/novatel/oem7/fix,/novatel/oem7/fix,/novatel/oem7/inspva,39.663,-75.756,-1.800616411,0.003013356,0.001122390,0.000540054,0.002964566,0.001122390,,0,
1786043735129046418,1786043735.126184273,/novatel/oem7/odom,/novatel/oem7/fix,/novatel/oem7/odom,39.663,-75.756,-1.800616411,0.003008403,0.001135599,0.002983373,0.000387263,0.001135599,,,
1786043735136146033,1786043735.135350335,/novatel/oem7/odom,/novatel/oem7/fix,/novatel/oem7/odom,39.663,-75.756,-1.800616411,0.003008403,0.001135599,0.002983373,0.000387263,0.001135599,,,
1786043735147508436,1786043735.146336001,/novatel/oem7/inspva,/novatel/oem7/inspva,/novatel/oem7/inspva,39.663,-75.756,-1.800626213,0.003673797,0.001174389,0.001111494,0.003501624,0.001174389,,novatel_oem7_msgs.msg.InertialSolutionStatus(status=3),
1786043735149852610,1786043735.146688761,/novatel/oem7/fix,/novatel/oem7/fix,/novatel/oem7/inspva,39.663,-75.756,-1.800626213,0.003673797,0.001174389,0.001111494,0.003501624,0.001174389,,0,
1786043735151527493,1786043735.147340095,/novatel/oem7/odom,/novatel/oem7/fix,/novatel/oem7/odom,39.663,-75.756,-1.800626213,0.003668346,0.001191306,0.003548285,0.000930828,0.001191306,,,
1786043735157211109,1786043735.156068825,/novatel/oem7/odom,/novatel/oem7/fix,/novatel/oem7/odom,39.663,-75.756,-1.800626213,0.003668346,0.001191306,0.003548285,0.000930828,0.001191306,,,
1786043735166035594,1786043735.165348860,/novatel/oem7/inspva,/novatel/oem7/inspva,/novatel/oem7/inspva,39.663,-75.756,-1.800643129,0.003228050,-0.000274640,0.002466693,0.002082242,-0.000274640,,novatel_oem7_msgs.msg.InertialSolutionStatus(status=3),
1786043735167735621,1786043735.165562176,/novatel/oem7/fix,/novatel/oem7/fix,/novatel/oem7/inspva,39.663,-75.756,-1.800643129,0.003228050,-0.000274640,0.002466693,0.002082242,-0.000274640,,0,
1786043735168978631,1786043735.166171093,/novatel/oem7/odom,/novatel/oem7/fix,/novatel/oem7/odom,39.663,-75.756,-1.800643129,0.003229304,-0.000259488,0.002204824,0.002359482,-0.000259488,,,
1786043735176792195,1786043735.175694501,/novatel/oem7/odom,/novatel/oem7/fix,/novatel/oem7/odom,39.663,-75.756,-1.800643129,0.003229304,-0.000259488,0.002204824,0.002359482,-0.000259488,,,
1786043735186002090,1786043735.185199066,/novatel/oem7/inspva,/novatel/oem7/inspva,/novatel/oem7/inspva,39.663,-75.756,-1.800646988,0.003283901,-0.000804735,0.002359849,0.002283663,-0.000804735,,novatel_oem7_msgs.msg.InertialSolutionStatus(status=3),
1786043735187767138,1786043735.185470841,/novatel/oem7/fix,/novatel/oem7/fix,/novatel/oem7/inspva,39.663,-75.756,-1.800646988,0.003283901,-0.000804735,0.002359849,0.002283663,-0.000804735,,0,
1786043735189126395,1786043735.185955202,/novatel/oem7/odom,/novatel/oem7/fix,/novatel/oem7/odom,39.663,-75.756,-1.800646988,0.003287680,-0.000789154,0.002402746,0.002244026,-0.000789154,,,
1786043735195391724,1786043735.194575122,/novatel/oem7/odom,/novatel/oem7/fix,/novatel/oem7/odom,39.663,-75.756,-1.800646988,0.003287680,-0.000789154,0.002402746,0.002244026,-0.000789154,,,
1786043735207813301,1786043735.206608712,/novatel/oem7/inspva,/novatel/oem7/inspva,/novatel/oem7/inspva,39.663,-75.756,-1.800646446,0.003182916,-0.000223720,0.000153192,0.003179227,-0.000223720,,novatel_oem7_msgs.msg.InertialSolutionStatus(status=3),
1786043735209781401,1786043735.206909245,/novatel/oem7/fix,/novatel/oem7/fix,/novatel/oem7/inspva,39.663,-75.756,-1.800646446,0.003182916,-0.000223720,0.000153192,0.003179227,-0.000223720,,0,
1786043735211726824,1786043735.207469491,/novatel/oem7/odom,/novatel/oem7/fix,/novatel/oem7/odom,39.663,-75.756,-1.800646446,0.003183797,-0.000210811,0.003183791,-0.000006387,-0.000210811,,,
1786043735213395894,1786043735.210514465,/novatel/oem7/bestpos,/novatel/oem7/bestpos,/novatel/oem7/odom,39.663,-75.756,33.181682253,0.003183797,-0.000210811,0.003183791,-0.000006387,-0.000210811,,novatel_oem7_msgs.msg.SolutionStatus(status=0),novatel_oem7_msgs.msg.PositionOrVelocityType(type=53)
1786043735214358130,1786043735.211017566,/novatel/oem7/bestvel,/novatel/oem7/bestpos,/novatel/oem7/bestvel,39.663,-75.756,33.181682253,0.002681086,0.000237332,,,,94.131787040,novatel_oem7_msgs.msg.SolutionStatus(status=0),novatel_oem7_msgs.msg.PositionOrVelocityType(type=53)
1786043735216252395,1786043735.215209385,/novatel/oem7/odom,/novatel/oem7/bestpos,/novatel/oem7/odom,39.663,-75.756,33.181682253,0.003183797,-0.000210811,0.003183791,-0.000006387,-0.000210811,,,
1786043735225780774,1786043735.225077467,/novatel/oem7/inspva,/novatel/oem7/inspva,/novatel/oem7/inspva,39.663,-75.756,-1.800650259,0.003775346,0.000479322,0.000287582,0.003764377,0.000479322,,novatel_oem7_msgs.msg.InertialSolutionStatus(status=3),
1786043735227387840,1786043735.225346059,/novatel/oem7/fix,/novatel/oem7/fix,/novatel/oem7/inspva,39.663,-75.756,-1.800650259,0.003775346,0.000479322,0.000287582,0.003764377,0.000479322,,0,
1786043735228668872,1786043735.225955382,/novatel/oem7/odom,/novatel/oem7/fix,/novatel/oem7/odom,39.663,-75.756,-1.800650259,0.003773344,0.000494834,0.003772107,0.000096598,0.000494834,,,
1786043735236254402,1786043735.235583951,/novatel/oem7/odom,/novatel/oem7/fix,/novatel/oem7/odom,39.663,-75.756,-1.800650259,0.003773344,0.000494834,0.003772107,0.000096598,0.000494834,,,
1786043735246326929,1786043735.245306889,/novatel/oem7/inspva,/novatel/oem7/inspva,/novatel/oem7/inspva,39.663,-75.756,-1.800660540,0.003047205,0.000353526,0.001995603,0.002302830,0.000353526,,novatel_oem7_msgs.msg.InertialSolutionStatus(status=3),
1786043735248411803,1786043735.245600855,/novatel/oem7/fix,/novatel/oem7/fix,/novatel/oem7/inspva,39.663,-75.756,-1.800660540,0.003047205,0.000353526,0.001995603,0.002302830,0.000353526,,0,
1786043735249891621,1786043735.246401956,/novatel/oem7/odom,/novatel/oem7/fix,/novatel/oem7/odom,39.663,-75.756,-1.800660540,0.003045467,0.000368191,0.002398841,0.001876282,0.000368191,,,
1786043735257368569,1786043735.256457540,/novatel/oem7/odom,/novatel/oem7/fix,/novatel/oem7/odom,39.663,-75.756,-1.800660540,0.003045467,0.000368191,0.002398841,0.001876282,0.000368191,,,
1786043735267119853,1786043735.266204804,/novatel/oem7/inspva,/novatel/oem7/inspva,/novatel/oem7/inspva,39.663,-75.756,-1.800667203,0.002782166,-0.000349834,0.001922323,0.002011249,-0.000349834,,novatel_oem7_msgs.msg.InertialSolutionStatus(status=3),
1786043735268817817,1786043735.266511157,/novatel/oem7/fix,/novatel/oem7/fix,/novatel/oem7/inspva,39.663,-75.756,-1.800667203,0.002782166,-0.000349834,0.001922323,0.002011249,-0.000349834,,0,
1786043735270235291,1786043735.266948482,/novatel/oem7/odom,/novatel/oem7/fix,/novatel/oem7/odom,39.663,-75.756,-1.800667203,0.002783802,-0.000336570,0.002106796,0.001819606,-0.000336570,,,
1786043735276063796,1786043735.274581847,/novatel/oem7/odom,/novatel/oem7/fix,/novatel/oem7/odom,39.663,-75.756,-1.800667203,0.002783802,-0.000336570,0.002106796,0.001819606,-0.000336570,,,
1786043735286856147,1786043735.285646399,/novatel/oem7/inspva,/novatel/oem7/inspva,/novatel/oem7/inspva,39.663,-75.756,-1.800673377,0.003142239,-0.000686286,0.000355634,0.003122049,-0.000686286,,novatel_oem7_msgs.msg.InertialSolutionStatus(status=3),
1786043735288733932,1786043735.287197175,/novatel/oem7/fix,/novatel/oem7/fix,/novatel/oem7/inspva,39.663,-75.756,-1.800673377,0.003142239,-0.000686286,0.000355634,0.003122049,-0.000686286,,0,
1786043735290820667,1786043735.288505117,/novatel/oem7/odom,/novatel/oem7/fix,/novatel/oem7/odom,39.663,-75.756,-1.800673377,0.003145094,-0.000673080,0.003138734,0.000199911,-0.000673080,,,
1786043735296800069,1786043735.295915627,/novatel/oem7/odom,/novatel/oem7/fix,/novatel/oem7/odom,39.663,-75.756,-1.800673377,0.003145094,-0.000673080,0.003138734,0.000199911,-0.000673080,,,
1786043735307590167,1786043735.306310107,/novatel/oem7/inspva,/novatel/oem7/inspva,/novatel/oem7/inspva,39.663,-75.756,-1.800676086,0.003864137,0.000096725,-0.000075651,0.003863396,0.000096725,,novatel_oem7_msgs.msg.InertialSolutionStatus(status=3),
1786043735310864093,1786043735.306582519,/novatel/oem7/fix,/novatel/oem7/fix,/novatel/oem7/inspva,39.663,-75.756,-1.800676086,0.003864137,0.000096725,-0.000075651,0.003863396,0.000096725,,0,
1786043735312151763,1786043735.306799606,/novatel/oem7/odom,/novatel/oem7/fix,/novatel/oem7/odom,39.663,-75.756,-1.800676086,0.003863734,0.000111646,0.003854275,-0.000270203,0.000111646,,,
1786043735313668351,1786043735.309988469,/novatel/oem7/bestpos,/novatel/oem7/bestpos,/novatel/oem7/odom,39.663,-75.756,33.181642197,0.003863734,0.000111646,0.003854275,-0.000270203,0.000111646,,novatel_oem7_msgs.msg.SolutionStatus(status=0),novatel_oem7_msgs.msg.PositionOrVelocityType(type=53)
1786043735314669741,1786043735.311173672,/novatel/oem7/bestvel,/novatel/oem7/bestpos,/novatel/oem7/bestvel,39.663,-75.756,33.181642197,0.003369900,0.000018578,,,,80.905359912,novatel_oem7_msgs.msg.SolutionStatus(status=0),novatel_oem7_msgs.msg.PositionOrVelocityType(type=53)
1786043735316221420,1786043735.314333380,/novatel/oem7/odom,/novatel/oem7/bestpos,/novatel/oem7/odom,39.663,-75.756,33.181642197,0.003863734,0.000111646,0.003854275,-0.000270203,0.000111646,,,
1786043735327078329,1786043735.326486941,/novatel/oem7/inspva,/novatel/oem7/inspva,/novatel/oem7/inspva,39.663,-75.756,-1.800681857,0.003017934,0.000544617,0.000964356,0.002859711,0.000544617,,novatel_oem7_msgs.msg.InertialSolutionStatus(status=3),
1786043735328543839,1786043735.326616256,/novatel/oem7/fix,/novatel/oem7/fix,/novatel/oem7/inspva,39.663,-75.756,-1.800681857,0.003017934,0.000544617,0.000964356,0.002859711,0.000544617,,0,
1786043735329646734,1786043735.327077068,/novatel/oem7/odom,/novatel/oem7/fix,/novatel/oem7/odom,39.663,-75.756,-1.800681857,0.003015371,0.000558633,0.002902351,0.000817815,0.000558633,,,
1786043735335582053,1786043735.334840762,/novatel/oem7/odom,/novatel/oem7/fix,/novatel/oem7/odom,39.663,-75.756,-1.800681857,0.003015371,0.000558633,0.002902351,0.000817815,0.000558633,,,
1786043735345956877,1786043735.345004671,/novatel/oem7/inspva,/novatel/oem7/inspva,/novatel/oem7/inspva,39.663,-75.756,-1.800686092,0.002727308,0.000464774,0.001310141,0.002392016,0.000464774,,novatel_oem7_msgs.msg.InertialSolutionStatus(status=3),
1786043735347929297,1786043735.345325631,/novatel/oem7/fix,/novatel/oem7/fix,/novatel/oem7/inspva,39.663,-75.756,-1.800686092,0.002727308,0.000464774,0.001310141,0.002392016,0.000464774,,0,
1786043735349444492,1786043735.345891956,/novatel/oem7/odom,/novatel/oem7/fix,/novatel/oem7/odom,39.663,-75.756,-1.800686092,0.002725055,0.000477810,0.002452992,0.001186909,0.000477810,,,
1786043735356673304,1786043735.355739931,/novatel/oem7/odom,/novatel/oem7/fix,/novatel/oem7/odom,39.663,-75.756,-1.800686092,0.002725055,0.000477810,0.002452992,0.001186909,0.000477810,,,
1786043735366367304,1786043735.365282883,/novatel/oem7/inspva,/novatel/oem7/inspva,/novatel/oem7/inspva,39.663,-75.756,-1.800695248,0.002569480,-0.001037747,0.000341084,0.002546741,-0.001037747,,novatel_oem7_msgs.msg.InertialSolutionStatus(status=3),
1786043735369158778,1786043735.365475352,/novatel/oem7/fix,/novatel/oem7/fix,/novatel/oem7/inspva,39.663,-75.756,-1.800695248,0.002569480,-0.001037747,0.000341084,0.002546741,-0.001037747,,0,
1786043735370567783,1786043735.366170745,/novatel/oem7/odom,/novatel/oem7/fix,/novatel/oem7/odom,39.663,-75.756,-1.800695248,0.002573859,-0.001026839,0.002564848,0.000215186,-0.001026839,,,
1786043735375786171,1786043735.374982467,/novatel/oem7/odom,/novatel/oem7/fix,/novatel/oem7/odom,39.663,-75.756,-1.800695248,0.002573859,-0.001026839,0.002564848,0.000215186,-0.001026839,,,
1786043735386804545,1786043735.386044697,/novatel/oem7/inspva,/novatel/oem7/inspva,/novatel/oem7/inspva,39.663,-75.756,-1.800698842,0.002730292,-0.000702922,-0.000274339,0.002716474,-0.000702922,,novatel_oem7_msgs.msg.InertialSolutionStatus(status=3),
1786043735388641133,1786043735.386284443,/novatel/oem7/fix,/novatel/oem7/fix,/novatel/oem7/inspva,39.663,-75.756,-1.800698842,0.002730292,-0.000702922,-0.000274339,0.002716474,-0.000702922,,0,
1786043735390034923,1786043735.387001520,/novatel/oem7/odom,/novatel/oem7/fix,/novatel/oem7/odom,39.663,-75.756,-1.800698842,0.002732822,-0.000693022,0.002702065,-0.000408854,-0.000693022,,,
1786043735395490448,1786043735.394633516,/novatel/oem7/odom,/novatel/oem7/fix,/novatel/oem7/odom,39.663,-75.756,-1.800698842,0.002732822,-0.000693022,0.002702065,-0.000408854,-0.000693022,,,
1786043735407293965,1786043735.406398823,/novatel/oem7/inspva,/novatel/oem7/inspva,/novatel/oem7/inspva,39.663,-75.756,-1.800695716,0.004039960,0.000987412,0.000917804,0.003934325,0.000987412,,novatel_oem7_msgs.msg.InertialSolutionStatus(status=3),
1786043735409056500,1786043735.406681816,/novatel/oem7/fix,/novatel/oem7/fix,/novatel/oem7/inspva,39.663,-75.756,-1.800695716,0.004039960,0.000987412,0.000917804,0.003934325,0.000987412,,0,
1786043735410189444,1786043735.407232179,/novatel/oem7/odom,/novatel/oem7/fix,/novatel/oem7/odom,39.663,-75.756,-1.800695716,0.004035508,0.001005452,0.003971469,0.000716072,0.001005452,,,
1786043735411768564,1786043735.410195828,/novatel/oem7/bestpos,/novatel/oem7/bestpos,/novatel/oem7/odom,39.663,-75.756,33.181608983,0.004035508,0.001005452,0.003971469,0.000716072,0.001005452,,novatel_oem7_msgs.msg.SolutionStatus(status=0),novatel_oem7_msgs.msg.PositionOrVelocityType(type=53)
1786043735412733960,1786043735.410550145,/novatel/oem7/bestvel,/novatel/oem7/bestpos,/novatel/oem7/bestvel,39.663,-75.756,33.181608983,0.004621568,0.000306295,,,,66.984235008,novatel_oem7_msgs.msg.SolutionStatus(status=0),novatel_oem7_msgs.msg.PositionOrVelocityType(type=53)
1786043735416196331,1786043735.415484767,/novatel/oem7/odom,/novatel/oem7/bestpos,/novatel/oem7/odom,39.663,-75.756,33.181608983,0.004035508,0.001005452,0.003971469,0.000716072,0.001005452,,,
1786043735425951638,1786043735.425257962,/novatel/oem7/inspva,/novatel/oem7/inspva,/novatel/oem7/inspva,39.663,-75.756,-1.800707788,0.002549474,0.001047638,0.001097321,0.002301240,0.001047638,,novatel_oem7_msgs.msg.InertialSolutionStatus(status=3),
1786043735427480827,1786043735.425460357,/novatel/oem7/fix,/novatel/oem7/fix,/novatel/oem7/inspva,39.663,-75.756,-1.800707788,0.002549474,0.001047638,0.001097321,0.002301240,0.001047638,,0,
1786043735428624305,1786043735.426000316,/novatel/oem7/odom,/novatel/oem7/fix,/novatel/oem7/odom,39.663,-75.756,-1.800707788,0.002544443,0.001059799,0.002349229,0.000977402,0.001059799,,,
1786043735435612958,1786043735.434628432,/novatel/oem7/odom,/novatel/oem7/fix,/novatel/oem7/odom,39.663,-75.756,-1.800707788,0.002544443,0.001059799,0.002349229,0.000977402,0.001059799,,,
1786043735447037706,1786043735.446349062,/novatel/oem7/inspva,/novatel/oem7/inspva,/novatel/oem7/inspva,39.663,-75.756,-1.800737128,0.001793912,-0.002235604,0.000947288,0.001523406,-0.002235604,,novatel_oem7_msgs.msg.InertialSolutionStatus(status=3),
1786043735448490360,1786043735.446578607,/novatel/oem7/fix,/novatel/oem7/fix,/novatel/oem7/inspva,39.663,-75.756,-1.800737128,0.001793912,-0.002235604,0.000947288,0.001523406,-0.002235604,,0,
1786043735449608575,1786043735.447241958,/novatel/oem7/odom,/novatel/oem7/fix,/novatel/oem7/odom,39.663,-75.756,-1.800737128,0.001804574,-0.002227007,0.001578135,0.000875201,-0.002227007,,,
1786043735457099629,1786043735.456366839,/novatel/oem7/odom,/novatel/oem7/fix,/novatel/oem7/odom,39.663,-75.756,-1.800737128,0.001804574,-0.002227007,0.001578135,0.000875201,-0.002227007,,,
1786043735465442033,1786043735.464899792,/novatel/oem7/inspva,/novatel/oem7/inspva,/novatel/oem7/inspva,39.663,-75.756,-1.800741437,0.002839935,-0.001632023,-0.000034033,0.002839732,-0.001632023,,novatel_oem7_msgs.msg.InertialSolutionStatus(status=3),
1786043735466763486,1786043735.464973624,/novatel/oem7/fix,/novatel/oem7/fix,/novatel/oem7/inspva,39.663,-75.756,-1.800741437,0.002839935,-0.001632023,-0.000034033,0.002839732,-0.001632023,,0,
1786043735467792969,1786043735.465446340,/novatel/oem7/odom,/novatel/oem7/fix,/novatel/oem7/odom,39.663,-75.756,-1.800741437,0.002846223,-0.001621033,0.002840981,-0.000172675,-0.001621033,,,
1786043735476464770,1786043735.475757562,/novatel/oem7/odom,/novatel/oem7/fix,/novatel/oem7/odom,39.663,-75.756,-1.800741437,0.002846223,-0.001621033,0.002840981,-0.000172675,-0.001621033,,,
1786043735486038348,1786043735.485494451,/novatel/oem7/inspva,/novatel/oem7/inspva,/novatel/oem7/inspva,39.663,-75.756,-1.800738618,0.003510494,0.000791632,-0.000114851,0.003508615,0.000791632,,novatel_oem7_msgs.msg.InertialSolutionStatus(status=3),
1786043735487371888,1786043735.485571553,/novatel/oem7/fix,/novatel/oem7/fix,/novatel/oem7/inspva,39.663,-75.756,-1.800738618,0.003510494,0.000791632,-0.000114851,0.003508615,0.000791632,,0,
1786043735488405049,1786043735.486263394,/novatel/oem7/odom,/novatel/oem7/fix,/novatel/oem7/odom,39.663,-75.756,-1.800738618,0.003507428,0.000805108,0.003495142,-0.000293315,0.000805108,,,
1786043735495545946,1786043735.494712665,/novatel/oem7/odom,/novatel/oem7/fix,/novatel/oem7/odom,39.663,-75.756,-1.800738618,0.003507428,0.000805108,0.003495142,-0.000293315,0.000805108,,,
1786043735506581750,1786043735.505958904,/novatel/oem7/inspva,/novatel/oem7/inspva,/novatel/oem7/inspva,39.663,-75.756,-1.800759078,0.003327681,0.000577295,0.000152972,0.003324163,0.000577295,,novatel_oem7_msgs.msg.InertialSolutionStatus(status=3),
1786043735507949094,1786043735.506107575,/novatel/oem7/fix,/novatel/oem7/fix,/novatel/oem7/inspva,39.663,-75.756,-1.800759078,0.003327681,0.000577295,0.000152972,0.003324163,0.000577295,,0,
1786043735508993804,1786043735.506602233,/novatel/oem7/odom,/novatel/oem7/fix,/novatel/oem7/odom,39.663,-75.756,-1.800759078,0.003325323,0.000590726,0.003325284,-0.000016056,0.000590726,,,
1786043735512096405,1786043735.511442312,/novatel/oem7/bestpos,/novatel/oem7/bestpos,/novatel/oem7/odom,39.663,-75.756,33.181560894,0.003325323,0.000590726,0.003325284,-0.000016056,0.000590726,,novatel_oem7_msgs.msg.SolutionStatus(status=0),novatel_oem7_msgs.msg.PositionOrVelocityType(type=53)
1786043735513568626,1786043735.512369789,/novatel/oem7/bestvel,/novatel/oem7/bestpos,/novatel/oem7/bestvel,39.663,-75.756,33.181560894,0.003510202,0.000279171,,,,81.184852769,novatel_oem7_msgs.msg.SolutionStatus(status=0),novatel_oem7_msgs.msg.PositionOrVelocityType(type=53)
1786043735515617410,1786043735.514726824,/novatel/oem7/odom,/novatel/oem7/bestpos,/novatel/oem7/odom,39.663,-75.756,33.181560894,0.003325323,0.000590726,0.003325284,-0.000016056,0.000590726,,,
1786043735525907569,1786043735.525347097,/novatel/oem7/inspva,/novatel/oem7/inspva,/novatel/oem7/inspva,39.663,-75.756,-1.800783504,0.002347937,-0.001114953,0.001613847,0.001705376,-0.001114953,,novatel_oem7_msgs.msg.InertialSolutionStatus(status=3),
1786043735527280697,1786043735.525436211,/novatel/oem7/fix,/novatel/oem7/fix,/novatel/oem7/inspva,39.663,-75.756,-1.800783504,0.002347937,-0.001114953,0.001613847,0.001705376,-0.001114953,,0,
1786043735528327047,1786043735.526085891,/novatel/oem7/odom,/novatel/oem7/fix,/novatel/oem7/odom,39.663,-75.756,-1.800783504,0.002353187,-0.001103830,0.001788910,0.001528820,-0.001103830,,,
1786043735536318723,1786043735.535608623,/novatel/oem7/odom,/novatel/oem7/fix,/novatel/oem7/odom,39.663,-75.756,-1.800783504,0.002353187,-0.001103830,0.001788910,0.001528820,-0.001103830,,,
1786043735545873608,1786043735.545260316,/novatel/oem7/inspva,/novatel/oem7/inspva,/novatel/oem7/inspva,39.663,-75.756,-1.800791832,0.002379893,-0.001795200,0.000727718,0.002265904,-0.001795200,,novatel_oem7_msgs.msg.InertialSolutionStatus(status=3),
1786043735547250746,1786043735.545418068,/novatel/oem7/fix,/novatel/oem7/fix,/novatel/oem7/inspva,39.663,-75.756,-1.800791832,0.002379893,-0.001795200,0.000727718,0.002265904,-0.001795200,,0,
1786043735548333860,1786043735.545796138,/novatel/oem7/odom,/novatel/oem7/fix,/novatel/oem7/odom,39.663,-75.756,-1.800791832,0.002388043,-0.001784345,0.002306866,0.000617346,-0.001784345,,,
1786043735556290236,1786043735.555582509,/novatel/oem7/odom,/novatel/oem7/fix,/novatel/oem7/odom,39.663,-75.756,-1.800791832,0.002388043,-0.001784345,0.002306866,0.000617346,-0.001784345,,,
1786043735568343803,1786043735.566485154,/novatel/oem7/inspva,/novatel/oem7/inspva,/novatel/oem7/inspva,39.663,-75.756,-1.800775887,0.004128856,0.001207625,-0.000658026,0.004076083,0.001207625,,novatel_oem7_msgs.msg.InertialSolutionStatus(status=3),
1786043735569649866,1786043735.566718860,/novatel/oem7/fix,/novatel/oem7/fix,/novatel/oem7/inspva,39.663,-75.756,-1.800775887,0.004128856,0.001207625,-0.000658026,0.004076083,0.001207625,,0,
1786043735570673413,1786043735.568027493,/novatel/oem7/odom,/novatel/oem7/fix,/novatel/oem7/odom,39.663,-75.756,-1.800775887,0.004124718,0.001221684,0.004032894,-0.000865487,0.001221684,,,
1786043735575684266,1786043735.575007661,/novatel/oem7/odom,/novatel/oem7/fix,/novatel/oem7/odom,39.663,-75.756,-1.800775887,0.004124718,0.001221684,0.004032894,-0.000865487,0.001221684,,,
1786043735585620749,1786043735.585040109,/novatel/oem7/inspva,/novatel/oem7/inspva,/novatel/oem7/inspva,39.663,-75.756,-1.800793635,0.003743512,0.000691824,-0.000301752,0.003731331,0.000691824,,novatel_oem7_msgs.msg.InertialSolutionStatus(status=3),
1786043735586927385,1786043735.585228901,/novatel/oem7/fix,/novatel/oem7/fix,/novatel/oem7/inspva,39.663,-75.756,-1.800793635,0.003743512,0.000691824,-0.000301752,0.003731331,0.000691824,,0,
1786043735587961262,1786043735.585631745,/novatel/oem7/odom,/novatel/oem7/fix,/novatel/oem7/odom,39.663,-75.756,-1.800793635,0.003740939,0.000705605,0.003708580,-0.000490978,0.000705605,,,
1786043735596068119,1786043735.595409723,/novatel/oem7/odom,/novatel/oem7/fix,/novatel/oem7/odom,39.663,-75.756,-1.800793635,0.003740939,0.000705605,0.003708580,-0.000490978,0.000705605,,,
1786043735606911331,1786043735.606407840,/novatel/oem7/inspva,/novatel/oem7/inspva,/novatel/oem7/inspva,39.663,-75.756,-1.800809456,0.003138881,-0.000320073,0.001629552,0.002682747,-0.000320073,,novatel_oem7_msgs.msg.InertialSolutionStatus(status=3),
1786043735608237281,1786043735.606500180,/novatel/oem7/fix,/novatel/oem7/fix,/novatel/oem7/inspva,39.663,-75.756,-1.800809456,0.003138881,-0.000320073,0.001629552,0.002682747,-0.000320073,,0,
1786043735609263145,1786043735.606925675,/novatel/oem7/odom,/novatel/oem7/fix,/novatel/oem7/odom,39.663,-75.756,-1.800809456,0.003140371,-0.000305107,0.002762630,0.001493253,-0.000305107,,,
1786043735610745420,1786043735.610116323,/novatel/oem7/bestpos,/novatel/oem7/bestpos,/novatel/oem7/odom,39.663,-75.756,33.181517403,0.003140371,-0.000305107,0.002762630,0.001493253,-0.000305107,,novatel_oem7_msgs.msg.SolutionStatus(status=0),novatel_oem7_msgs.msg.PositionOrVelocityType(type=53)
1786043735612116670,1786043735.610476198,/novatel/oem7/bestvel,/novatel/oem7/bestpos,/novatel/oem7/bestvel,39.663,-75.756,33.181517403,0.003236298,-0.000434721,,,,55.081384027,novatel_oem7_msgs.msg.SolutionStatus(status=0),novatel_oem7_msgs.msg.PositionOrVelocityType(type=53)
1786043735615660919,1786043735.615020409,/novatel/oem7/odom,/novatel/oem7/bestpos,/novatel/oem7/odom,39.663,-75.756,33.181517403,0.003140371,-0.000305107,0.002762630,0.001493253,-0.000305107,,,
1786043735625570501,1786043735.625040216,/novatel/oem7/inspva,/novatel/oem7/inspva,/novatel/oem7/inspva,39.663,-75.756,-1.800818887,0.002817417,-0.001172947,0.001365724,0.002464272,-0.001172947,,novatel_oem7_msgs.msg.InertialSolutionStatus(status=3),
1786043735626904291,1786043735.625128879,/novatel/oem7/fix,/novatel/oem7/fix,/novatel/oem7/inspva,39.663,-75.756,-1.800818887,0.002817417,-0.001172947,0.001365724,0.002464272,-0.001172947,,0,
1786043735628110106,1786043735.625560451,/novatel/oem7/odom,/novatel/oem7/fix,/novatel/oem7/odom,39.663,-75.756,-1.800818887,0.002822979,-0.001159496,0.002534623,0.001242940,-0.001159496,,,
1786043735636274324,1786043735.635610054,/novatel/oem7/odom,/novatel/oem7/fix,/novatel/oem7/odom,39.663,-75.756,-1.800818887,0.002822979,-0.001159496,0.002534623,0.001242940,-0.001159496,,,
1786043735645955031,1786043735.645403596,/novatel/oem7/inspva,/novatel/oem7/inspva,/novatel/oem7/inspva,39.663,-75.756,-1.800820097,0.003141740,-0.000437485,-0.000084668,0.003140599,-0.000437485,,novatel_oem7_msgs.msg.InertialSolutionStatus(status=3),
1786043735647314131,1786043735.645593691,/novatel/oem7/fix,/novatel/oem7/fix,/novatel/oem7/inspva,39.663,-75.756,-1.800820097,0.003141740,-0.000437485,-0.000084668,0.003140599,-0.000437485,,0,
1786043735648387755,1786043735.646192627,/novatel/oem7/odom,/novatel/oem7/fix,/novatel/oem7/odom,39.663,-75.756,-1.800820097,0.003143391,-0.000425460,0.003134101,-0.000241492,-0.000425460,,,
1786043735656901270,1786043735.656224337,/novatel/oem7/odom,/novatel/oem7/fix,/novatel/oem7/odom,39.663,-75.756,-1.800820097,0.003143391,-0.000425460,0.003134101,-0.000241492,-0.000425460,,,
1786043735666583447,1786043735.666072008,/novatel/oem7/inspva,/novatel/oem7/inspva,/novatel/oem7/inspva,39.663,-75.756,-1.800834880,0.003866499,0.000226685,-0.000127572,0.003864394,0.000226685,,novatel_oem7_msgs.msg.InertialSolutionStatus(status=3),
1786043735667899616,1786043735.666152329,/novatel/oem7/fix,/novatel/oem7/fix,/novatel/oem7/inspva,39.663,-75.756,-1.800834880,0.003866499,0.000226685,-0.000127572,0.003864394,0.000226685,,0,
1786043735668919477,1786043735.666592757,/novatel/oem7/odom,/novatel/oem7/fix,/novatel/oem7/odom,39.663,-75.756,-1.800834880,0.003865612,0.000241328,0.003852135,-0.000322513,0.000241328,,,
1786043735675180196,1786043735.674525419,/novatel/oem7/odom,/novatel/oem7/fix,/novatel/oem7/odom,39.663,-75.756,-1.800834880,0.003865612,0.000241328,0.003852135,-0.000322513,0.000241328,,,
1786043735685804669,1786043735.685273127,/novatel/oem7/inspva,/novatel/oem7/inspva,/novatel/oem7/inspva,39.663,-75.756,-1.800846755,0.003221650,0.000333336,0.001351650,0.002924392,0.000333336,,novatel_oem7_msgs.msg.InertialSolutionStatus(status=3),
1786043735687128325,1786043735.685454945,/novatel/oem7/fix,/novatel/oem7/fix,/novatel/oem7/inspva,39.663,-75.756,-1.800846755,0.003221650,0.000333336,0.001351650,0.002924392,0.000333336,,0,
1786043735688186936,1786043735.686094915,/novatel/oem7/odom,/novatel/oem7/fix,/novatel/oem7/odom,39.663,-75.756,-1.800846755,0.003220041,0.000348534,0.002987346,0.001201843,0.000348534,,,
1786043735696180329,1786043735.695534112,/novatel/oem7/odom,/novatel/oem7/fix,/novatel/oem7/odom,39.663,-75.756,-1.800846755,0.003220041,0.000348534,0.002987346,0.001201843,0.000348534,,,
1786043735706499615,1786043735.705956936,/novatel/oem7/inspva,/novatel/oem7/inspva,/novatel/oem7/inspva,39.663,-75.756,-1.800860904,0.002447545,-0.000536712,0.001451646,0.001970584,-0.000536712,,novatel_oem7_msgs.msg.InertialSolutionStatus(status=3),
1786043735707854865,1786043735.706130065,/novatel/oem7/fix,/novatel/oem7/fix,/novatel/oem7/inspva,39.663,-75.756,-1.800860904,0.002447545,-0.000536712,0.001451646,0.001970584,-0.000536712,,0,
1786043735708910063,1786043735.706522039,/novatel/oem7/odom,/novatel/oem7/fix,/novatel/oem7/odom,39.663,-75.756,-1.800860904,0.002450078,-0.000525028,0.002043284,0.001351988,-0.000525028,,,
1786043735710370764,1786043735.709427197,/novatel/oem7/bestpos,/novatel/oem7/bestpos,/novatel/oem7/odom,39.663,-75.756,33.181467862,0.002450078,-0.000525028,0.002043284,0.001351988,-0.000525028,,novatel_oem7_msgs.msg.SolutionStatus(status=0),novatel_oem7_msgs.msg.PositionOrVelocityType(type=53)
1786043735711774028,1786043735.710007568,/novatel/oem7/bestvel,/novatel/oem7/bestpos,/novatel/oem7/bestvel,39.663,-75.756,33.181467862,0.002681006,-0.000403982,,,,75.521502324,novatel_oem7_msgs.msg.SolutionStatus(status=0),novatel_oem7_msgs.msg.PositionOrVelocityType(type=53)
1786043735714984126,1786043735.714326230,/novatel/oem7/odom,/novatel/oem7/bestpos,/novatel/oem7/odom,39.663,-75.756,33.181467862,0.002450078,-0.000525028,0.002043284,0.001351988,-0.000525028,,,
1786043735726943439,1786043735.726393150,/novatel/oem7/inspva,/novatel/oem7/inspva,/novatel/oem7/inspva,39.663,-75.756,-1.800874673,0.003181498,-0.001424390,-0.000283665,0.003168827,-0.001424390,,novatel_oem7_msgs.msg.InertialSolutionStatus(status=3),
1786043735728475548,1786043735.726591106,/novatel/oem7/fix,/novatel/oem7/fix,/novatel/oem7/inspva,39.663,-75.756,-1.800874673,0.003181498,-0.001424390,-0.000283665,0.003168827,-0.001424390,,0,
1786043735729947503,1786043735.726957553,/novatel/oem7/odom,/novatel/oem7/fix,/novatel/oem7/odom,39.663,-75.756,-1.800874673,0.003186604,-0.001412929,0.003156197,-0.000439168,-0.001412929,,,
1786043735735579419,1786043735.734870852,/novatel/oem7/odom,/novatel/oem7/fix,/novatel/oem7/odom,39.663,-75.756,-1.800874673,0.003186604,-0.001412929,0.003156197,-0.000439168,-0.001412929,,,
1786043735745638842,1786043735.745036123,/novatel/oem7/inspva,/novatel/oem7/inspva,/novatel/oem7/inspva,39.663,-75.756,-1.800879308,0.003246550,-0.000576398,-0.000702921,0.003169541,-0.000576398,,novatel_oem7_msgs.msg.InertialSolutionStatus(status=3),
1786043735746992123,1786043735.745212395,/novatel/oem7/fix,/novatel/oem7/fix,/novatel/oem7/inspva,39.663,-75.756,-1.800879308,0.003246550,-0.000576398,-0.000702921,0.003169541,-0.000576398,,0,
1786043735748144684,1786043735.745515248,/novatel/oem7/odom,/novatel/oem7/fix,/novatel/oem7/odom,39.663,-75.756,-1.800879308,0.003248373,-0.000566035,0.003132430,-0.000860121,-0.000566035,,,
1786043735756632692,1786043735.755898558,/novatel/oem7/odom,/novatel/oem7/fix,/novatel/oem7/odom,39.663,-75.756,-1.800879308,0.003248373,-0.000566035,0.003132430,-0.000860121,-0.000566035,,,
1786043735765656732,1786043735.765095953,/novatel/oem7/inspva,/novatel/oem7/inspva,/novatel/oem7/inspva,39.663,-75.756,-1.800880685,0.002907447,0.001069175,0.001078276,0.002700105,0.001069175,,novatel_oem7_msgs.msg.InertialSolutionStatus(status=3),
1786043735767010262,1786043735.765267745,/novatel/oem7/fix,/novatel/oem7/fix,/novatel/oem7/inspva,39.663,-75.756,-1.800880685,0.002907447,0.001069175,0.001078276,0.002700105,0.001069175,,0,
1786043735768141657,1786043735.765824654,/novatel/oem7/odom,/novatel/oem7/fix,/novatel/oem7/odom,39.663,-75.756,-1.800880685,0.002902449,0.001082670,0.002746635,0.000938193,0.001082670,,,
1786043735775446330,1786043735.774711614,/novatel/oem7/odom,/novatel/oem7/fix,/novatel/oem7/odom,39.663,-75.756,-1.800880685,0.002902449,0.001082670,0.002746635,0.000938193,0.001082670,,,
1786043735786587871,1786043735.786030952,/novatel/oem7/inspva,/novatel/oem7/inspva,/novatel/oem7/inspva,39.663,-75.756,-1.800902075,0.002144866,-0.000219085,0.001106848,0.001837209,-0.000219085,,novatel_oem7_msgs.msg.InertialSolutionStatus(status=3),
1786043735787951271,1786043735.786189771,/novatel/oem7/fix,/novatel/oem7/fix,/novatel/oem7/inspva,39.663,-75.756,-1.800902075,0.002144866,-0.000219085,0.001106848,0.001837209,-0.000219085,,0,
1786043735788997122,1786043735.786575181,/novatel/oem7/odom,/novatel/oem7/fix,/novatel/oem7/odom,39.663,-75.756,-1.800902075,0.002145884,-0.000208877,0.001891480,0.001013470,-0.000208877,,,
1786043735795141866,1786043735.794375239,/novatel/oem7/odom,/novatel/oem7/fix,/novatel/oem7/odom,39.663,-75.756,-1.800902075,0.002145884,-0.000208877,0.001891480,0.001013470,-0.000208877,,,
1786043735807003925,1786043735.806515315,/novatel/oem7/inspva,/novatel/oem7/inspva,/novatel/oem7/inspva,39.663,-75.756,-1.800931527,0.002264649,-0.002330876,0.000109523,0.002261999,-0.002330876,,novatel_oem7_msgs.msg.InertialSolutionStatus(status=3),
1786043735808445586,1786043735.806599817,/novatel/oem7/fix,/novatel/oem7/fix,/novatel/oem7/inspva,39.663,-75.756,-1.800931527,0.002264649,-0.002330876,0.000109523,0.002261999,-0.002330876,,0,
1786043735809537047,1786043735.807115123,/novatel/oem7/odom,/novatel/oem7/fix,/novatel/oem7/odom,39.663,-75.756,-1.800931527,0.002273928,-0.002321825,0.002273928,0.000001372,-0.002321825,,,
1786043735810991325,1786043735.810091503,/novatel/oem7/bestpos,/novatel/oem7/bestpos,/novatel/oem7/odom,39.663,-75.756,33.181415740,0.002273928,-0.002321825,0.002273928,0.000001372,-0.002321825,,novatel_oem7_msgs.msg.SolutionStatus(status=0),novatel_oem7_msgs.msg.PositionOrVelocityType(type=53)
1786043735811923908,1786043735.810454769,/novatel/oem7/bestvel,/novatel/oem7/bestpos,/novatel/oem7/bestvel,39.663,-75.756,33.181415740,0.000844223,-0.001579450,,,,84.996941790,novatel_oem7_msgs.msg.SolutionStatus(status=0),novatel_oem7_msgs.msg.PositionOrVelocityType(type=53)
1786043735815971058,1786043735.815312418,/novatel/oem7/odom,/novatel/oem7/bestpos,/novatel/oem7/odom,39.663,-75.756,33.181415740,0.002273928,-0.002321825,0.002273928,0.000001372,-0.002321825,,,
1786043735825378718,1786043735.824886133,/novatel/oem7/inspva,/novatel/oem7/inspva,/novatel/oem7/inspva,39.663,-75.756,-1.800938010,0.003459615,-0.001495891,-0.000925685,0.003333473,-0.001495891,,novatel_oem7_msgs.msg.InertialSolutionStatus(status=3),
1786043735826709081,1786043735.824978429,/novatel/oem7/fix,/novatel/oem7/fix,/novatel/oem7/inspva,39.663,-75.756,-1.800938010,0.003459615,-0.001495891,-0.000925685,0.003333473,-0.001495891,,0,
1786043735827764246,1786043735.825487899,/novatel/oem7/odom,/novatel/oem7/fix,/novatel/oem7/odom,39.663,-75.756,-1.800938010,0.003464090,-0.001485498,0.003288602,-0.001088585,-0.001485498,,,
1786043735835067089,1786043735.834397195,/novatel/oem7/odom,/novatel/oem7/fix,/novatel/oem7/odom,39.663,-75.756,-1.800938010,0.003464090,-0.001485498,0.003288602,-0.001088585,-0.001485498,,,
1786043735847004408,1786043735.846487389,/novatel/oem7/inspva,/novatel/oem7/inspva,/novatel/oem7/inspva,39.663,-75.756,-1.800936563,0.002957303,0.001125990,-0.000024388,0.002957202,0.001125990,,novatel_oem7_msgs.msg.InertialSolutionStatus(status=3),
1786043735848317367,1786043735.846656677,/novatel/oem7/fix,/novatel/oem7/fix,/novatel/oem7/inspva,39.663,-75.756,-1.800936563,0.002957303,0.001125990,-0.000024388,0.002957202,0.001125990,,0,
1786043735849351537,1786043735.847099312,/novatel/oem7/odom,/novatel/oem7/fix,/novatel/oem7/odom,39.663,-75.756,-1.800936563,0.002952900,0.001137485,0.002947641,-0.000176162,0.001137485,,,
1786043735856977094,1786043735.856334724,/novatel/oem7/odom,/novatel/oem7/fix,/novatel/oem7/odom,39.663,-75.756,-1.800936563,0.002952900,0.001137485,0.002947641,-0.000176162,0.001137485,,,
1786043735865692580,1786043735.865024004,/novatel/oem7/inspva,/novatel/oem7/inspva,/novatel/oem7/inspva,39.663,-75.756,-1.800961193,0.002577169,0.000551327,0.000348430,0.002553506,0.000551327,,novatel_oem7_msgs.msg.InertialSolutionStatus(status=3),
1786043735867129489,1786043735.865253426,/novatel/oem7/fix,/novatel/oem7/fix,/novatel/oem7/inspva,39.663,-75.756,-1.800961193,0.002577169,0.000551327,0.000348430,0.002553506,0.000551327,,0,
1786043735868314077,1786043735.865733035,/novatel/oem7/odom,/novatel/oem7/fix,/novatel/oem7/odom,39.663,-75.756,-1.800961193,0.002574822,0.000562183,0.002565582,0.000217946,0.000562183,,,
1786043735875349984,1786043735.874651004,/novatel/oem7/odom,/novatel/oem7/fix,/novatel/oem7/odom,39.663,-75.756,-1.800961193,0.002574822,0.000562183,0.002565582,0.000217946,0.000562183,,,
1786043735885875292,1786043735.885339887,/novatel/oem7/inspva,/novatel/oem7/inspva,/novatel/oem7/inspva,39.663,-75.756,-1.800991939,0.002473725,-0.002310950,0.000389968,0.002442793,-0.002310950,,novatel_oem7_msgs.msg.InertialSolutionStatus(status=3),
1786043735887266490,1786043735.885533039,/novatel/oem7/fix,/novatel/oem7/fix,/novatel/oem7/inspva,39.663,-75.756,-1.800991939,0.002473725,-0.002310950,0.000389968,0.002442793,-0.002310950,,0,
1786043735888377784,1786043735.886195075,/novatel/oem7/odom,/novatel/oem7/fix,/novatel/oem7/odom,39.663,-75.756,-1.800991939,0.002483515,-0.002300426,0.002468545,0.000272266,-0.002300426,,,
1786043735895682364,1786043735.894977400,/novatel/oem7/odom,/novatel/oem7/fix,/novatel/oem7/odom,39.663,-75.756,-1.800991939,0.002483515,-0.002300426,0.002468545,0.000272266,-0.002300426,,,
1786043735906539195,1786043735.905969849,/novatel/oem7/inspva,/novatel/oem7/inspva,/novatel/oem7/inspva,39.663,-75.756,-1.800996744,0.002121225,-0.001380467,-0.000199175,0.002111853,-0.001380467,,novatel_oem7_msgs.msg.InertialSolutionStatus(status=3),
1786043735907940276,1786043735.906160178,/novatel/oem7/fix,/novatel/oem7/fix,/novatel/oem7/inspva,39.663,-75.756,-1.800996744,0.002121225,-0.001380467,-0.000199175,0.002111853,-0.001380467,,0,
1786043735909034340,1786043735.906634516,/novatel/oem7/odom,/novatel/oem7/fix,/novatel/oem7/odom,39.663,-75.756,-1.800996744,0.002126187,-0.001372813,0.002104659,-0.000301798,-0.001372813,,,
1786043735910601982,1786043735.909255665,/novatel/oem7/bestpos,/novatel/oem7/bestpos,/novatel/oem7/odom,39.663,-75.756,33.181334037,0.002126187,-0.001372813,0.002104659,-0.000301798,-0.001372813,,novatel_oem7_msgs.msg.SolutionStatus(status=0),novatel_oem7_msgs.msg.PositionOrVelocityType(type=53)
1786043735911599599,1786043735.909920232,/novatel/oem7/bestvel,/novatel/oem7/bestpos,/novatel/oem7/bestvel,39.663,-75.756,33.181334037,0.001318820,-0.001031792,,,,94.113096163,novatel_oem7_msgs.msg.SolutionStatus(status=0),novatel_oem7_msgs.msg.PositionOrVelocityType(type=53)
1786043735915051300,1786043735.914348490,/novatel/oem7/odom,/novatel/oem7/bestpos,/novatel/oem7/odom,39.663,-75.756,33.181334037,0.002126187,-0.001372813,0.002104659,-0.000301798,-0.001372813,,,
1786043735925984036,1786043735.925446347,/novatel/oem7/inspva,/novatel/oem7/inspva,/novatel/oem7/inspva,39.663,-75.756,-1.800994146,0.004715840,0.000669042,-0.001187008,0.004564006,0.000669042,,novatel_oem7_msgs.msg.InertialSolutionStatus(status=3),
1786043735927366003,1786043735.925623752,/novatel/oem7/fix,/novatel/oem7/fix,/novatel/oem7/inspva,39.663,-75.756,-1.800994146,0.004715840,0.000669042,-0.001187008,0.004564006,0.000669042,,0,
1786043735928461201,1786043735.926293549,/novatel/oem7/odom,/novatel/oem7/fix,/novatel/oem7/odom,39.663,-75.756,-1.800994146,0.004713775,0.000683435,0.004495702,-0.001417159,0.000683435,,,
1786043735936384946,1786043735.935709623,/novatel/oem7/odom,/novatel/oem7/fix,/novatel/oem7/odom,39.663,-75.756,-1.800994146,0.004713775,0.000683435,0.004495702,-0.001417159,0.000683435,,,
1786043735945674389,1786043735.945129860,/novatel/oem7/inspva,/novatel/oem7/inspva,/novatel/oem7/inspva,39.663,-75.756,-1.801008916,0.003068077,0.000928929,-0.000677017,0.002992448,0.000928929,,novatel_oem7_msgs.msg.InertialSolutionStatus(status=3),
1786043735947155350,1786043735.945313549,/novatel/oem7/fix,/novatel/oem7/fix,/novatel/oem7/inspva,39.663,-75.756,-1.801008916,0.003068077,0.000928929,-0.000677017,0.002992448,0.000928929,,0,
1786043735948292472,1786043735.945831544,/novatel/oem7/odom,/novatel/oem7/fix,/novatel/oem7/odom,39.663,-75.756,-1.801008916,0.003065092,0.000938732,0.002950777,-0.000829280,0.000938732,,,
1786043735956355969,1786043735.955692086,/novatel/oem7/odom,/novatel/oem7/fix,/novatel/oem7/odom,39.663,-75.756,-1.801008916,0.003065092,0.000938732,0.002950777,-0.000829280,0.000938732,,,
1786043735967084269,1786043735.966533711,/novatel/oem7/inspva,/novatel/oem7/inspva,/novatel/oem7/inspva,39.663,-75.756,-1.801045442,0.001862004,-0.001886419,0.000734577,0.001710981,-0.001886419,,novatel_oem7_msgs.msg.InertialSolutionStatus(status=3),
1786043735968493940,1786043735.966711189,/novatel/oem7/fix,/novatel/oem7/fix,/novatel/oem7/inspva,39.663,-75.756,-1.801045442,0.001862004,-0.001886419,0.000734577,0.001710981,-0.001886419,,0,
1786043735969577617,1786043735.967087116,/novatel/oem7/odom,/novatel/oem7/fix,/novatel/oem7/odom,39.663,-75.756,-1.801045442,0.001870686,-0.001877810,0.001753315,0.000652191,-0.001877810,,,
1786043735975260964,1786043735.974569377,/novatel/oem7/odom,/novatel/oem7/fix,/novatel/oem7/odom,39.663,-75.756,-1.801045442,0.001870686,-0.001877810,0.001753315,0.000652191,-0.001877810,,,
1786043735985687642,1786043735.985098459,/novatel/oem7/inspva,/novatel/oem7/inspva,/novatel/oem7/inspva,39.663,-75.756,-1.801057211,0.002359602,-0.002049328,0.000175450,0.002353070,-0.002049328,,novatel_oem7_msgs.msg.InertialSolutionStatus(status=3),
1786043735987080202,1786043735.985277434,/novatel/oem7/fix,/novatel/oem7/fix,/novatel/oem7/inspva,39.663,-75.756,-1.801057211,0.002359602,-0.002049328,0.000175450,0.002353070,-0.002049328,,0,
1786043735988188617,1786043735.985627918,/novatel/oem7/odom,/novatel/oem7/fix,/novatel/oem7/odom,39.663,-75.756,-1.801057211,0.002367917,-0.002039714,0.002367109,0.000061823,-0.002039714,,,
1786043735995375739,1786043735.994688618,/novatel/oem7/odom,/novatel/oem7/fix,/novatel/oem7/odom,39.663,-75.756,-1.801057211,0.002367917,-0.002039714,0.002367109,0.000061823,-0.002039714,,,
1786043736008916617,1786043736.008360558,/novatel/oem7/inspva,/novatel/oem7/inspva,/novatel/oem7/inspva,39.663,-75.756,-1.801059259,0.003284553,-0.000110543,-0.001400347,0.002971080,-0.000110543,,novatel_oem7_msgs.msg.InertialSolutionStatus(status=3),
1786043736010296911,1786043736.008548763,/novatel/oem7/fix,/novatel/oem7/fix,/novatel/oem7/inspva,39.663,-75.756,-1.801059259,0.003284553,-0.000110543,-0.001400347,0.002971080,-0.000110543,,0,
1786043736011912260,1786043736.011217650,/novatel/oem7/odom,/novatel/oem7/fix,/novatel/oem7/odom,39.663,-75.756,-1.801059259,0.003284803,-0.000102845,0.002897164,-0.001548023,-0.000102845,,,
1786043736016773995,1786043736.016063241,/novatel/oem7/odom,/novatel/oem7/fix,/novatel/oem7/odom,39.663,-75.756,-1.801059259,0.003284803,-0.000102845,0.002897164,-0.001548023,-0.000102845,,,
1786043736025410228,1786043736.024470165,/novatel/oem7/bestpos,/novatel/oem7/bestpos,/novatel/oem7/odom,39.663,-75.756,33.181266211,0.003284803,-0.000102845,0.002897164,-0.001548023,-0.000102845,,novatel_oem7_msgs.msg.SolutionStatus(status=0),novatel_oem7_msgs.msg.PositionOrVelocityType(type=53)
1786043736027479452,1786043736.026703524,/novatel/oem7/bestvel,/novatel/oem7/bestpos,/novatel/oem7/bestvel,39.663,-75.756,33.181266211,0.002726316,-0.000103915,,,,111.973433110,novatel_oem7_msgs.msg.SolutionStatus(status=0),novatel_oem7_msgs.msg.PositionOrVelocityType(type=53)
1786043736029415431,1786043736.027283553,/novatel/oem7/inspva,/novatel/oem7/inspva,/novatel/oem7/inspva,39.663,-75.756,-1.801077687,0.003768161,0.000046043,-0.001219084,0.003565511,0.000046043,,novatel_oem7_msgs.msg.InertialSolutionStatus(status=3),
1786043736030685731,1786043736.027603450,/novatel/oem7/fix,/novatel/oem7/fix,/novatel/oem7/inspva,39.663,-75.756,-1.801077687,0.003768161,0.000046043,-0.001219084,0.003565511,0.000046043,,0,
1786043736032045971,1786043736.027990727,/novatel/oem7/odom,/novatel/oem7/fix,/novatel/oem7/odom,39.663,-75.756,-1.801077687,0.003768019,0.000056482,0.003499331,-0.001397371,0.000056482,,,
1786043736035510072,1786043736.034560746,/novatel/oem7/odom,/novatel/oem7/fix,/novatel/oem7/odom,39.663,-75.756,-1.801077687,0.003768019,0.000056482,0.003499331,-0.001397371,0.000056482,,,
1786043736045921039,1786043736.045323550,/novatel/oem7/inspva,/novatel/oem7/inspva,/novatel/oem7/inspva,39.663,-75.756,-1.801084445,0.001731375,-0.000668305,0.000527794,0.001648967,-0.000668305,,novatel_oem7_msgs.msg.InertialSolutionStatus(status=3),
1786043736047309570,1786043736.045521152,/novatel/oem7/fix,/novatel/oem7/fix,/novatel/oem7/inspva,39.663,-75.756,-1.801084445,0.001731375,-0.000668305,0.000527794,0.001648967,-0.000668305,,0,
1786043736048418498,1786043736.046181422,/novatel/oem7/odom,/novatel/oem7/fix,/novatel/oem7/odom,39.663,-75.756,-1.801084445,0.001734406,-0.000660399,0.001676169,0.000445672,-0.000660399,,,
1786043736057185199,1786043736.056329683,/novatel/oem7/odom,/novatel/oem7/fix,/novatel/oem7/odom,39.663,-75.756,-1.801084445,0.001734406,-0.000660399,0.001676169,0.000445672,-0.000660399,,,
1786043736066016630,1786043736.065293480,/novatel/oem7/inspva,/novatel/oem7/inspva,/novatel/oem7/inspva,39.663,-75.756,-1.801088790,0.001632878,-0.001605862,0.000550265,0.001537367,-0.001605862,,novatel_oem7_msgs.msg.InertialSolutionStatus(status=3),
1786043736067465724,1786043736.065530422,/novatel/oem7/fix,/novatel/oem7/fix,/novatel/oem7/inspva,39.663,-75.756,-1.801088790,0.001632878,-0.001605862,0.000550265,0.001537367,-0.001605862,,0,
1786043736068592960,1786043736.065869882,/novatel/oem7/odom,/novatel/oem7/fix,/novatel/oem7/odom,39.663,-75.756,-1.801088790,0.001640176,-0.001598407,0.001569549,0.000476123,-0.001598407,,,
1786043736075270422,1786043736.074541319,/novatel/oem7/odom,/novatel/oem7/fix,/novatel/oem7/odom,39.663,-75.756,-1.801088790,0.001640176,-0.001598407,0.001569549,0.000476123,-0.001598407,,,
1786043736087411137,1786043736.086628333,/novatel/oem7/inspva,/novatel/oem7/inspva,/novatel/oem7/inspva,39.663,-75.756,-1.801087037,0.003294903,-0.001624327,-0.001790082,0.002766224,-0.001624327,,novatel_oem7_msgs.msg.InertialSolutionStatus(status=3),
1786043736089015913,1786043736.086858118,/novatel/oem7/fix,/novatel/oem7/fix,/novatel/oem7/inspva,39.663,-75.756,-1.801087037,0.003294903,-0.001624327,-0.001790082,0.002766224,-0.001624327,,0,
1786043736090204891,1786043736.087242813,/novatel/oem7/odom,/novatel/oem7/fix,/novatel/oem7/odom,39.663,-75.756,-1.801087037,0.003297757,-0.001618525,0.002678932,-0.001923155,-0.001618525,,,
1786043736095485338,1786043736.094771821,/novatel/oem7/odom,/novatel/oem7/fix,/novatel/oem7/odom,39.663,-75.756,-1.801087037,0.003297757,-0.001618525,0.002678932,-0.001923155,-0.001618525,,,
1786043736106518938,1786043736.105898388,/novatel/oem7/inspva,/novatel/oem7/inspva,/novatel/oem7/inspva,39.663,-75.756,-1.801077724,0.002613558,-0.000851259,-0.001311621,0.002260605,-0.000851259,,novatel_oem7_msgs.msg.InertialSolutionStatus(status=3),
1786043736107913122,1786043736.106101467,/novatel/oem7/fix,/novatel/oem7/fix,/novatel/oem7/inspva,39.663,-75.756,-1.801077724,0.002613558,-0.000851259,-0.001311621,0.002260605,-0.000851259,,0,
1786043736108992526,1786043736.106593405,/novatel/oem7/odom,/novatel/oem7/fix,/novatel/oem7/odom,39.663,-75.756,-1.801077724,0.002615252,-0.000846040,0.002195002,-0.001421798,-0.000846040,,,
1786043736110605805,1786043736.109500674,/novatel/oem7/bestpos,/novatel/oem7/bestpos,/novatel/oem7/odom,39.663,-75.756,33.181301543,0.002615252,-0.000846040,0.002195002,-0.001421798,-0.000846040,,novatel_oem7_msgs.msg.SolutionStatus(status=0),novatel_oem7_msgs.msg.PositionOrVelocityType(type=53)
1786043736112064273,1786043736.110158108,/novatel/oem7/bestvel,/novatel/oem7/bestpos,/novatel/oem7/bestvel,39.663,-75.756,33.181301543,0.002209254,-0.000112159,,,,142.909247159,novatel_oem7_msgs.msg.SolutionStatus(status=0),novatel_oem7_msgs.msg.PositionOrVelocityType(type=53)
1786043736116375863,1786043736.115499234,/novatel/oem7/odom,/novatel/oem7/bestpos,/novatel/oem7/odom,39.663,-75.756,33.181301543,0.002615252,-0.000846040,0.002195002,-0.001421798,-0.000846040,,,
1786043736126782083,1786043736.126018568,/novatel/oem7/inspva,/novatel/oem7/inspva,/novatel/oem7/inspva,39.663,-75.756,-1.801069268,0.002196778,0.000439659,0.000118819,0.002193562,0.000439659,,novatel_oem7_msgs.msg.InertialSolutionStatus(status=3),
1786043736128437227,1786043736.126179966,/novatel/oem7/fix,/novatel/oem7/fix,/novatel/oem7/inspva,39.663,-75.756,-1.801069268,0.002196778,0.000439659,0.000118819,0.002193562,0.000439659,,0,
1786043736129598488,1786043736.126786227,/novatel/oem7/odom,/novatel/oem7/fix,/novatel/oem7/odom,39.663,-75.756,-1.801069268,0.002194990,0.000448497,0.002194979,0.000006941,0.000448497,,,
1786043736135731833,1786043736.134998299,/novatel/oem7/odom,/novatel/oem7/fix,/novatel/oem7/odom,39.663,-75.756,-1.801069268,0.002194990,0.000448497,0.002194979,0.000006941,0.000448497,,,
1786043736146995328,1786043736.146305525,/novatel/oem7/inspva,/novatel/oem7/inspva,/novatel/oem7/inspva,39.663,-75.756,-1.801077108,0.002036271,-0.000469998,0.000666230,0.001924197,-0.000469998,,novatel_oem7_msgs.msg.InertialSolutionStatus(status=3),
1786043736148441467,1786043736.146560091,/novatel/oem7/fix,/novatel/oem7/fix,/novatel/oem7/inspva,39.663,-75.756,-1.801077108,0.002036271,-0.000469998,0.000666230,0.001924197,-0.000469998,,0,
1786043736149555364,1786043736.146967632,/novatel/oem7/odom,/novatel/oem7/fix,/novatel/oem7/odom,39.663,-75.756,-1.801077108,0.002038406,-0.000460649,0.001957219,0.000569555,-0.000460649,,,
1786043736156843137,1786043736.156007122,/novatel/oem7/odom,/novatel/oem7/fix,/novatel/oem7/odom,39.663,-75.756,-1.801077108,0.002038406,-0.000460649,0.001957219,0.000569555,-0.000460649,,,
1786043736165928994,1786043736.165289701,/novatel/oem7/inspva,/novatel/oem7/inspva,/novatel/oem7/inspva,39.663,-75.756,-1.801088722,0.001194960,-0.002354298,-0.000652798,0.001000892,-0.002354298,,novatel_oem7_msgs.msg.InertialSolutionStatus(status=3),
1786043736167337348,1786043736.165513933,/novatel/oem7/fix,/novatel/oem7/fix,/novatel/oem7/inspva,39.663,-75.756,-1.801088722,0.001194960,-0.002354298,-0.000652798,0.001000892,-0.002354298,,0,
1786043736168417842,1786043736.166093499,/novatel/oem7/odom,/novatel/oem7/fix,/novatel/oem7/odom,39.663,-75.756,-1.801088722,0.001199099,-0.002352192,0.000976096,-0.000696474,-0.002352192,,,
1786043736176651391,1786043736.175780291,/novatel/oem7/odom,/novatel/oem7/fix,/novatel/oem7/odom,39.663,-75.756,-1.801088722,0.001199099,-0.002352192,0.000976096,-0.000696474,-0.002352192,,,
1786043736185759289,1786043736.185124103,/novatel/oem7/inspva,/novatel/oem7/inspva,/novatel/oem7/inspva,39.663,-75.756,-1.801073235,0.002332618,-0.001434146,-0.000521770,0.002273513,-0.001434146,,novatel_oem7_msgs.msg.InertialSolutionStatus(status=3),
1786043736187178613,1786043736.185332358,/novatel/oem7/fix,/novatel/oem7/fix,/novatel/oem7/inspva,39.663,-75.756,-1.801073235,0.002332618,-0.001434146,-0.000521770,0.002273513,-0.001434146,,0,
1786043736188286887,1786043736.185754362,/novatel/oem7/odom,/novatel/oem7/fix,/novatel/oem7/odom,39.663,-75.756,-1.801073235,0.002337141,-0.001426763,0.002250026,-0.000632150,-0.001426763,,,
1786043736195151283,1786043736.194411195,/novatel/oem7/odom,/novatel/oem7/fix,/novatel/oem7/odom,39.663,-75.756,-1.801073235,0.002337141,-0.001426763,0.002250026,-0.000632150,-0.001426763,,,
1786043736207291440,1786043736.206411078,/novatel/oem7/inspva,/novatel/oem7/inspva,/novatel/oem7/inspva,39.663,-75.756,-1.801056166,0.002300639,0.000744273,-0.000734414,0.002180269,0.000744273,,novatel_oem7_msgs.msg.InertialSolutionStatus(status=3),
1786043736208998327,1786043736.206710164,/novatel/oem7/fix,/novatel/oem7/fix,/novatel/oem7/inspva,39.663,-75.756,-1.801056166,0.002300639,0.000744273,-0.000734414,0.002180269,0.000744273,,0,
1786043736210092848,1786043736.207260550,/novatel/oem7/odom,/novatel/oem7/fix,/novatel/oem7/odom,39.663,-75.756,-1.801056166,0.002298513,0.000750811,0.002137429,-0.000845318,0.000750811,,,
1786043736211724995,1786043736.210219646,/novatel/oem7/bestpos,/novatel/oem7/bestpos,/novatel/oem7/odom,39.663,-75.756,33.181294863,0.002298513,0.000750811,0.002137429,-0.000845318,0.000750811,,novatel_oem7_msgs.msg.SolutionStatus(status=0),novatel_oem7_msgs.msg.PositionOrVelocityType(type=53)
1786043736212700408,1786043736.210690574,/novatel/oem7/bestvel,/novatel/oem7/bestpos,/novatel/oem7/bestvel,39.663,-75.756,33.181294863,0.003462092,-0.000099556,,,,96.571131461,novatel_oem7_msgs.msg.SolutionStatus(status=0),novatel_oem7_msgs.msg.PositionOrVelocityType(type=53)
1786043736215757248,1786043736.215047855,/novatel/oem7/odom,/novatel/oem7/bestpos,/novatel/oem7/odom,39.663,-75.756,33.181294863,0.002298513,0.000750811,0.002137429,-0.000845318,0.000750811,,,
1786043736225701958,1786043736.224947200,/novatel/oem7/inspva,/novatel/oem7/inspva,/novatel/oem7/inspva,39.663,-75.756,-1.801063702,0.002840106,-0.000039838,-0.000145639,0.002836369,-0.000039838,,novatel_oem7_msgs.msg.InertialSolutionStatus(status=3),
1786043736227250199,1786043736.225148972,/novatel/oem7/fix,/novatel/oem7/fix,/novatel/oem7/inspva,39.663,-75.756,-1.801063702,0.002840106,-0.000039838,-0.000145639,0.002836369,-0.000039838,,0,
1786043736228388711,1786043736.225738871,/novatel/oem7/odom,/novatel/oem7/fix,/novatel/oem7/odom,39.663,-75.756,-1.801063702,0.002840235,-0.000029218,0.002825555,-0.000288394,-0.000029218,,,
1786043736236158658,1786043736.235466415,/novatel/oem7/odom,/novatel/oem7/fix,/novatel/oem7/odom,39.663,-75.756,-1.801063702,0.002840235,-0.000029218,0.002825555,-0.000288394,-0.000029218,,,
1786043736245975676,1786043736.245308143,/novatel/oem7/inspva,/novatel/oem7/inspva,/novatel/oem7/inspva,39.663,-75.756,-1.801079849,0.001110154,-0.002238820,0.000162403,0.001098211,-0.002238820,,novatel_oem7_msgs.msg.InertialSolutionStatus(status=3),
1786043736247482845,1786043736.245531612,/novatel/oem7/fix,/novatel/oem7/fix,/novatel/oem7/inspva,39.663,-75.756,-1.801079849,0.001110154,-0.002238820,0.000162403,0.001098211,-0.002238820,,0,
1786043736248616603,1786043736.246137208,/novatel/oem7/odom,/novatel/oem7/fix,/novatel/oem7/odom,39.663,-75.756,-1.801079849,0.001119647,-0.002234088,0.001113984,0.000112473,-0.002234088,,,
1786043736257671063,1786043736.256673930,/novatel/oem7/odom,/novatel/oem7/fix,/novatel/oem7/odom,39.663,-75.756,-1.801079849,0.001119647,-0.002234088,0.001113984,0.000112473,-0.002234088,,,
1786043736266985286,1786043736.266114381,/novatel/oem7/inspva,/novatel/oem7/inspva,/novatel/oem7/inspva,39.663,-75.756,-1.801073135,0.001085449,-0.002099601,0.000087102,0.001081948,-0.002099601,,novatel_oem7_msgs.msg.InertialSolutionStatus(status=3),
1786043736268802224,1786043736.266362780,/novatel/oem7/fix,/novatel/oem7/fix,/novatel/oem7/inspva,39.663,-75.756,-1.801073135,0.001085449,-0.002099601,0.000087102,0.001081948,-0.002099601,,0,
1786043736270217872,1786043736.266699618,/novatel/oem7/odom,/novatel/oem7/fix,/novatel/oem7/odom,39.663,-75.756,-1.801073135,0.001093960,-0.002095180,0.001093309,0.000037737,-0.002095180,,,
1786043736275376404,1786043736.274576662,/novatel/oem7/odom,/novatel/oem7/fix,/novatel/oem7/odom,39.663,-75.756,-1.801073135,0.001093960,-0.002095180,0.001093309,0.000037737,-0.002095180,,,
1786043736285786444,1786043736.285166428,/novatel/oem7/inspva,/novatel/oem7/inspva,/novatel/oem7/inspva,39.663,-75.756,-1.801053106,0.003167716,0.000531400,-0.001339023,0.002870792,0.000531400,,novatel_oem7_msgs.msg.InertialSolutionStatus(status=3),
1786043736286770479,1786043736.285415087,/novatel/oem7/fix,/novatel/oem7/fix,/novatel/oem7/inspva,39.663,-75.756,-1.801053106,0.003167716,0.000531400,-0.001339023,0.002870792,0.000531400,,0,
1786043736287372713,1786043736.285713858,/novatel/oem7/odom,/novatel/oem7/fix,/novatel/oem7/odom,39.663,-75.756,-1.801053106,0.003166461,0.000538830,0.002797465,-0.001483464,0.000538830,,,
1786043736295898066,1786043736.295491421,/novatel/oem7/odom,/novatel/oem7/fix,/novatel/oem7/odom,39.663,-75.756,-1.801053106,0.003166461,0.000538830,0.002797465,-0.001483464,0.000538830,,,
1786043736306614234,1786043736.306155257,/novatel/oem7/inspva,/novatel/oem7/inspva,/novatel/oem7/inspva,39.663,-75.756,-1.801063244,0.002417013,-0.000055822,-0.000572781,0.002348164,-0.000055822,,novatel_oem7_msgs.msg.InertialSolutionStatus(status=3),
1786043736307323045,1786043736.306374566,/novatel/oem7/fix,/novatel/oem7/fix,/novatel/oem7/inspva,39.663,-75.756,-1.801063244,0.002417013,-0.000055822,-0.000572781,0.002348164,-0.000055822,,0,
1786043736307874774,1786043736.306653305,/novatel/oem7/odom,/novatel/oem7/fix,/novatel/oem7/odom,39.663,-75.756,-1.801063244,0.002417177,-0.000048213,0.002316501,-0.000690338,-0.000048213,,,
1786043736310057446,1786043736.309661666,/novatel/oem7/bestpos,/novatel/oem7/bestpos,/novatel/oem7/odom,39.663,-75.756,33.181277422,0.002417177,-0.000048213,0.002316501,-0.000690338,-0.000048213,,novatel_oem7_msgs.msg.SolutionStatus(status=0),novatel_oem7_msgs.msg.PositionOrVelocityType(type=53)
1786043736310818920,1786043736.310388229,/novatel/oem7/bestvel,/novatel/oem7/bestpos,/novatel/oem7/bestvel,39.663,-75.756,33.181277422,0.003718163,-0.001146056,,,,88.578960416,novatel_oem7_msgs.msg.SolutionStatus(status=0),novatel_oem7_msgs.msg.PositionOrVelocityType(type=53)
1786043736314813290,1786043736.314412640,/novatel/oem7/odom,/novatel/oem7/bestpos,/novatel/oem7/odom,39.663,-75.756,33.181277422,0.002417177,-0.000048213,0.002316501,-0.000690338,-0.000048213,,,
1786043736327082286,1786043736.326555645,/novatel/oem7/inspva,/novatel/oem7/inspva,/novatel/oem7/inspva,39.663,-75.756,-1.801088822,0.001154375,-0.002331172,0.000363565,0.001095628,-0.002331172,,novatel_oem7_msgs.msg.InertialSolutionStatus(status=3),
1786043736327971015,1786043736.326768833,/novatel/oem7/fix,/novatel/oem7/fix,/novatel/oem7/inspva,39.663,-75.756,-1.801088822,0.001154375,-0.002331172,0.000363565,0.001095628,-0.002331172,,0,
1786043736328568091,1786043736.327124052,/novatel/oem7/odom,/novatel/oem7/fix,/novatel/oem7/odom,39.663,-75.756,-1.801088822,0.001164876,-0.002325943,0.001121828,0.000313747,-0.002325943,,,
1786043736335299438,1786043736.334888364,/novatel/oem7/odom,/novatel/oem7/fix,/novatel/oem7/odom,39.663,-75.756,-1.801088822,0.001164876,-0.002325943,0.001121828,0.000313747,-0.002325943,,,
1786043736345602700,1786043736.344941821,/novatel/oem7/inspva,/novatel/oem7/inspva,/novatel/oem7/inspva,39.663,-75.756,-1.801085484,0.001684606,-0.001919515,-0.000035397,0.001684234,-0.001919515,,novatel_oem7_msgs.msg.InertialSolutionStatus(status=3),
1786043736346623414,1786043736.345209531,/novatel/oem7/fix,/novatel/oem7/fix,/novatel/oem7/inspva,39.663,-75.756,-1.801085484,0.001684606,-0.001919515,-0.000035397,0.001684234,-0.001919515,,0,
1786043736347396413,1786043736.345786660,/novatel/oem7/odom,/novatel/oem7/fix,/novatel/oem7/odom,39.663,-75.756,-1.801085484,0.001691904,-0.001913084,0.001687962,-0.000115429,-0.001913084,,,
1786043736356303342,1786043736.355789436,/novatel/oem7/odom,/novatel/oem7/fix,/novatel/oem7/odom,39.663,-75.756,-1.801085484,0.001691904,-0.001913084,0.001687962,-0.000115429,-0.001913084,,,
1786043736365609156,1786043736.365244167,/novatel/oem7/inspva,/novatel/oem7/inspva,/novatel/oem7/inspva,39.663,-75.756,-1.801075556,0.002489732,-0.000540597,-0.001402502,0.002057122,-0.000540597,,novatel_oem7_msgs.msg.InertialSolutionStatus(status=3),
1786043736366308015,1786043736.365449223,/novatel/oem7/fix,/novatel/oem7/fix,/novatel/oem7/inspva,39.663,-75.756,-1.801075556,0.002489732,-0.000540597,-0.001402502,0.002057122,-0.000540597,,0,
1786043736367091775,1786043736.366116733,/novatel/oem7/odom,/novatel/oem7/fix,/novatel/oem7/odom,39.663,-75.756,-1.801075556,0.002490617,-0.000536502,0.001985923,-0.001503092,-0.000536502,,,
1786043736375721645,1786043736.375076125,/novatel/oem7/odom,/novatel/oem7/fix,/novatel/oem7/odom,39.663,-75.756,-1.801075556,0.002490617,-0.000536502,0.001985923,-0.001503092,-0.000536502,,,
1786043736386694969,1786043736.386269324,/novatel/oem7/inspva,/novatel/oem7/inspva,/novatel/oem7/inspva,39.663,-75.756,-1.801075866,0.002719810,0.000138057,-0.000764697,0.002610097,0.000138057,,novatel_oem7_msgs.msg.InertialSolutionStatus(status=3),
1786043736387435677,1786043736.386490699,/novatel/oem7/fix,/novatel/oem7/fix,/novatel/oem7/inspva,39.663,-75.756,-1.801075866,0.002719810,0.000138057,-0.000764697,0.002610097,0.000138057,,0,
1786043736387958645,1786043736.386823952,/novatel/oem7/odom,/novatel/oem7/fix,/novatel/oem7/odom,39.663,-75.756,-1.801075866,0.002719396,0.000145990,0.002567635,-0.000895749,0.000145990,,,
1786043736395243074,1786043736.394842879,/novatel/oem7/odom,/novatel/oem7/fix,/novatel/oem7/odom,39.663,-75.756,-1.801075866,0.002719396,0.000145990,0.002567635,-0.000895749,0.000145990,,,
1786043736406792243,1786043736.406407375,/novatel/oem7/inspva,/novatel/oem7/inspva,/novatel/oem7/inspva,39.663,-75.756,-1.801098979,0.001768132,-0.001903999,0.000512680,0.001692173,-0.001903999,,novatel_oem7_msgs.msg.InertialSolutionStatus(status=3),
1786043736407452487,1786043736.406614740,/novatel/oem7/fix,/novatel/oem7/fix,/novatel/oem7/inspva,39.663,-75.756,-1.801098979,0.001768132,-0.001903999,0.000512680,0.001692173,-0.001903999,,0,
1786043736407939764,1786043736.407081465,/novatel/oem7/odom,/novatel/oem7/fix,/novatel/oem7/odom,39.663,-75.756,-1.801098979,0.001776707,-0.001896000,0.001723518,0.000431479,-0.001896000,,,
1786043736410556854,1786043736.410177299,/novatel/oem7/bestpos,/novatel/oem7/bestpos,/novatel/oem7/odom,39.663,-75.756,33.181253158,0.001776707,-0.001896000,0.001723518,0.000431479,-0.001896000,,novatel_oem7_msgs.msg.SolutionStatus(status=0),novatel_oem7_msgs.msg.PositionOrVelocityType(type=53)
1786043736411226620,1786043736.410541513,/novatel/oem7/bestvel,/novatel/oem7/bestpos,/novatel/oem7/bestvel,39.663,-75.756,33.181253158,0.002999354,-0.002318028,,,,88.666713451,novatel_oem7_msgs.msg.SolutionStatus(status=0),novatel_oem7_msgs.msg.PositionOrVelocityType(type=53)
1786043736415996871,1786043736.415595600,/novatel/oem7/odom,/novatel/oem7/bestpos,/novatel/oem7/odom,39.663,-75.756,33.181253158,0.001776707,-0.001896000,0.001723518,0.000431479,-0.001896000,,,
1786043736425945513,1786043736.425384207,/novatel/oem7/inspva,/novatel/oem7/inspva,/novatel/oem7/inspva,39.663,-75.756,-1.801101546,0.001368358,-0.001937625,0.000115798,0.001363450,-0.001937625,,novatel_oem7_msgs.msg.InertialSolutionStatus(status=3),
1786043736426801629,1786043736.425605523,/novatel/oem7/fix,/novatel/oem7/fix,/novatel/oem7/inspva,39.663,-75.756,-1.801101546,0.001368358,-0.001937625,0.000115798,0.001363450,-0.001937625,,0,
1786043736427360830,1786043736.426016977,/novatel/oem7/odom,/novatel/oem7/fix,/novatel/oem7/odom,39.663,-75.756,-1.801101546,0.001376212,-0.001932054,0.001375237,0.000051793,-0.001932054,,,
1786043736435074063,1786043736.434576479,/novatel/oem7/odom,/novatel/oem7/fix,/novatel/oem7/odom,39.663,-75.756,-1.801101546,0.001376212,-0.001932054,0.001375237,0.000051793,-0.001932054,,,
1786043736447157412,1786043736.446619549,/novatel/oem7/inspva,/novatel/oem7/inspva,/novatel/oem7/inspva,39.663,-75.756,-1.801101065,0.003246601,-0.000935030,-0.001429465,0.002914969,-0.000935030,,novatel_oem7_msgs.msg.InertialSolutionStatus(status=3),
1786043736448035045,1786043736.446890249,/novatel/oem7/fix,/novatel/oem7/fix,/novatel/oem7/inspva,39.663,-75.756,-1.801101065,0.003246601,-0.000935030,-0.001429465,0.002914969,-0.000935030,,0,
1786043736448782091,1786043736.447233938,/novatel/oem7/odom,/novatel/oem7/fix,/novatel/oem7/odom,39.663,-75.756,-1.801101065,0.003248683,-0.000927771,0.002842848,-0.001572309,-0.000927771,,,
1786043736456787737,1786043736.456437201,/novatel/oem7/odom,/novatel/oem7/fix,/novatel/oem7/odom,39.663,-75.756,-1.801101065,0.003248683,-0.000927771,0.002842848,-0.001572309,-0.000927771,,,
1786043736465953662,1786043736.465105431,/novatel/oem7/inspva,/novatel/oem7/inspva,/novatel/oem7/inspva,39.663,-75.756,-1.801100510,0.002736693,-0.000557462,-0.001355775,0.002377259,-0.000557462,,novatel_oem7_msgs.msg.InertialSolutionStatus(status=3),
1786043736466966210,1786043736.465456811,/novatel/oem7/fix,/novatel/oem7/fix,/novatel/oem7/inspva,39.663,-75.756,-1.801100510,0.002736693,-0.000557462,-0.001355775,0.002377259,-0.000557462,,0,
1786043736467554023,1786043736.465847084,/novatel/oem7/odom,/novatel/oem7/fix,/novatel/oem7/odom,39.663,-75.756,-1.801100510,0.002737792,-0.000552038,0.002308054,-0.001472546,-0.000552038,,,
1786043736475937220,1786043736.475489834,/novatel/oem7/odom,/novatel/oem7/fix,/novatel/oem7/odom,39.663,-75.756,-1.801100510,0.002737792,-0.000552038,0.002308054,-0.001472546,-0.000552038,,,
1786043736485589698,1786043736.485254729,/novatel/oem7/inspva,/novatel/oem7/inspva,/novatel/oem7/inspva,39.663,-75.756,-1.801115513,0.001380760,-0.001102417,0.000999600,0.000952521,-0.001102417,,novatel_oem7_msgs.msg.InertialSolutionStatus(status=3),
1786043736486240919,1786043736.485446217,/novatel/oem7/fix,/novatel/oem7/fix,/novatel/oem7/inspva,39.663,-75.756,-1.801115513,0.001380760,-0.001102417,0.000999600,0.000952521,-0.001102417,,0,
1786043736486967175,1786043736.486101734,/novatel/oem7/odom,/novatel/oem7/fix,/novatel/oem7/odom,39.663,-75.756,-1.801115513,0.001385869,-0.001095987,0.001006111,0.000953086,-0.001095987,,,
1786043736495878211,1786043736.495095353,/novatel/oem7/odom,/novatel/oem7/fix,/novatel/oem7/odom,39.663,-75.756,-1.801115513,0.001385869,-0.001095987,0.001006111,0.000953086,-0.001095987,,,
1786043736506473386,1786043736.505965219,/novatel/oem7/inspva,/novatel/oem7/inspva,/novatel/oem7/inspva,39.663,-75.756,-1.801125919,0.001426366,-0.001628190,0.000328666,0.001387984,-0.001628190,,novatel_oem7_msgs.msg.InertialSolutionStatus(status=3),
1786043736507162398,1786043736.506165317,/novatel/oem7/fix,/novatel/oem7/fix,/novatel/oem7/inspva,39.663,-75.756,-1.801125919,0.001426366,-0.001628190,0.000328666,0.001387984,-0.001628190,,0,
1786043736507684028,1786043736.506703813,/novatel/oem7/odom,/novatel/oem7/fix,/novatel/oem7/odom,39.663,-75.756,-1.801125919,0.001433483,-0.001621928,0.001409271,0.000262354,-0.001621928,,,
1786043736511765945,1786043736.511366809,/novatel/oem7/bestpos,/novatel/oem7/bestpos,/novatel/oem7/odom,39.663,-75.756,33.181233113,0.001433483,-0.001621928,0.001409271,0.000262354,-0.001621928,,novatel_oem7_msgs.msg.SolutionStatus(status=0),novatel_oem7_msgs.msg.PositionOrVelocityType(type=53)
1786043736512481841,1786043736.511844694,/novatel/oem7/bestvel,/novatel/oem7/bestpos,/novatel/oem7/bestvel,39.663,-75.756,33.181233113,0.001546527,-0.001562017,,,,87.171214650,novatel_oem7_msgs.msg.SolutionStatus(status=0),novatel_oem7_msgs.msg.PositionOrVelocityType(type=53)
1786043736514862036,1786043736.514512236,/novatel/oem7/odom,/novatel/oem7/bestpos,/novatel/oem7/odom,39.663,-75.756,33.181233113,0.001433483,-0.001621928,0.001409271,0.000262354,-0.001621928,,,
1786043736525941490,1786043736.525288355,/novatel/oem7/inspva,/novatel/oem7/inspva,/novatel/oem7/inspva,39.663,-75.756,-1.801124623,0.002322124,-0.000825172,-0.000976060,0.002107028,-0.000825172,,novatel_oem7_msgs.msg.InertialSolutionStatus(status=3),
1786043736527015407,1786043736.525535697,/novatel/oem7/fix,/novatel/oem7/fix,/novatel/oem7/inspva,39.663,-75.756,-1.801124623,0.002322124,-0.000825172,-0.000976060,0.002107028,-0.000825172,,0,
1786043736527615560,1786043736.526066379,/novatel/oem7/odom,/novatel/oem7/fix,/novatel/oem7/odom,39.663,-75.756,-1.801124623,0.002324040,-0.000819761,0.002058362,-0.001079031,-0.000819761,,,
1786043736536116620,1786043736.535623247,/novatel/oem7/odom,/novatel/oem7/fix,/novatel/oem7/odom,39.663,-75.756,-1.801124623,0.002324040,-0.000819761,0.002058362,-0.001079031,-0.000819761,,,
1786043736545625734,1786043736.545140783,/novatel/oem7/inspva,/novatel/oem7/inspva,/novatel/oem7/inspva,39.663,-75.756,-1.801125266,0.002843085,-0.000459909,-0.001066837,0.002635335,-0.000459909,,novatel_oem7_msgs.msg.InertialSolutionStatus(status=3),
1786043736546566111,1786043736.545411329,/novatel/oem7/fix,/novatel/oem7/fix,/novatel/oem7/inspva,39.663,-75.756,-1.801125266,0.002843085,-0.000459909,-0.001066837,0.002635335,-0.000459909,,0,
1786043736547241630,1786043736.546151833,/novatel/oem7/odom,/novatel/oem7/fix,/novatel/oem7/odom,39.663,-75.756,-1.801125266,0.002844242,-0.000452700,0.002579973,-0.001197268,-0.000452700,,,
1786043736556111087,1786043736.555689528,/novatel/oem7/odom,/novatel/oem7/fix,/novatel/oem7/odom,39.663,-75.756,-1.801125266,0.002844242,-0.000452700,0.002579973,-0.001197268,-0.000452700,,,
1786043736567036586,1786043736.566381869,/novatel/oem7/inspva,/novatel/oem7/inspva,/novatel/oem7/inspva,39.663,-75.756,-1.801127046,0.001695775,0.000065756,0.000716244,0.001537090,0.000065756,,novatel_oem7_msgs.msg.InertialSolutionStatus(status=3),
1786043736567984526,1786043736.566650657,/novatel/oem7/fix,/novatel/oem7/fix,/novatel/oem7/inspva,39.663,-75.756,-1.801127046,0.001695775,0.000065756,0.000716244,0.001537090,0.000065756,,0,
1786043736568567114,1786043736.567210363,/novatel/oem7/odom,/novatel/oem7/fix,/novatel/oem7/odom,39.663,-75.756,-1.801127046,0.001695447,0.000073710,0.001570992,0.000637593,0.000073710,,,
1786043736575551928,1786043736.575210304,/novatel/oem7/odom,/novatel/oem7/fix,/novatel/oem7/odom,39.663,-75.756,-1.801127046,0.001695447,0.000073710,0.001570992,0.000637593,0.000073710,,,
1786043736585511251,1786043736.585183396,/novatel/oem7/inspva,/novatel/oem7/inspva,/novatel/oem7/inspva,39.663,-75.756,-1.801137792,0.001997854,-0.000898227,0.000723204,0.001862363,-0.000898227,,novatel_oem7_msgs.msg.InertialSolutionStatus(status=3),
1786043736586160259,1786043736.585360661,/novatel/oem7/fix,/novatel/oem7/fix,/novatel/oem7/inspva,39.663,-75.756,-1.801137792,0.001997854,-0.000898227,0.000723204,0.001862363,-0.000898227,,0,
1786043736586715330,1786043736.585754058,/novatel/oem7/odom,/novatel/oem7/fix,/novatel/oem7/odom,39.663,-75.756,-1.801137792,0.002001951,-0.000889059,0.001900049,0.000630572,-0.000889059,,,
1786043736596750732,1786043736.595889129,/novatel/oem7/odom,/novatel/oem7/fix,/novatel/oem7/odom,39.663,-75.756,-1.801137792,0.002001951,-0.000889059,0.001900049,0.000630572,-0.000889059,,,
1786043736606898313,1786043736.606502519,/novatel/oem7/inspva,/novatel/oem7/inspva,/novatel/oem7/inspva,39.663,-75.756,-1.801138449,0.001930021,-0.001160276,-0.000423506,0.001882983,-0.001160276,,novatel_oem7_msgs.msg.InertialSolutionStatus(status=3),
1786043736607606358,1786043736.606722814,/novatel/oem7/fix,/novatel/oem7/fix,/novatel/oem7/inspva,39.663,-75.756,-1.801138449,0.001930021,-0.001160276,-0.000423506,0.001882983,-0.001160276,,0,
1786043736608342968,1786043736.607354478,/novatel/oem7/odom,/novatel/oem7/fix,/novatel/oem7/odom,39.663,-75.756,-1.801138449,0.001933671,-0.001154183,0.001863813,-0.000515058,-0.001154183,,,
1786043736610845619,1786043736.610466722,/novatel/oem7/bestpos,/novatel/oem7/bestpos,/novatel/oem7/odom,39.663,-75.756,33.181225514,0.001933671,-0.001154183,0.001863813,-0.000515058,-0.001154183,,novatel_oem7_msgs.msg.SolutionStatus(status=0),novatel_oem7_msgs.msg.PositionOrVelocityType(type=53)
1786043736611556912,1786043736.610857609,/novatel/oem7/bestvel,/novatel/oem7/bestpos,/novatel/oem7/bestvel,39.663,-75.756,33.181225514,0.002070251,-0.000490338,,,,129.637036781,novatel_oem7_msgs.msg.SolutionStatus(status=0),novatel_oem7_msgs.msg.PositionOrVelocityType(type=53)
1786043736615068252,1786043736.614726231,/novatel/oem7/odom,/novatel/oem7/bestpos,/novatel/oem7/odom,39.663,-75.756,33.181225514,0.001933671,-0.001154183,0.001863813,-0.000515058,-0.001154183,,,
1786043736627028155,1786043736.626346147,/novatel/oem7/inspva,/novatel/oem7/inspva,/novatel/oem7/inspva,39.663,-75.756,-1.801138677,0.001999631,-0.000894086,-0.000487634,0.001939262,-0.000894086,,novatel_oem7_msgs.msg.InertialSolutionStatus(status=3),
1786043736628083254,1786043736.626594166,/novatel/oem7/fix,/novatel/oem7/fix,/novatel/oem7/inspva,39.663,-75.756,-1.801138677,0.001999631,-0.000894086,-0.000487634,0.001939262,-0.000894086,,0,
1786043736628874222,1786043736.627222301,/novatel/oem7/odom,/novatel/oem7/fix,/novatel/oem7/odom,39.663,-75.756,-1.801138677,0.002002365,-0.000887946,0.001915732,-0.000582610,-0.000887946,,,
1786043736635356601,1786043736.634881162,/novatel/oem7/odom,/novatel/oem7/fix,/novatel/oem7/odom,39.663,-75.756,-1.801138677,0.002002365,-0.000887946,0.001915732,-0.000582610,-0.000887946,,,
1786043736645886005,1786043736.645382883,/novatel/oem7/inspva,/novatel/oem7/inspva,/novatel/oem7/inspva,39.663,-75.756,-1.801135704,0.003131303,0.000532535,0.000677377,0.003057159,0.000532535,,novatel_oem7_msgs.msg.InertialSolutionStatus(status=3),
1786043736646869088,1786043736.645676360,/novatel/oem7/fix,/novatel/oem7/fix,/novatel/oem7/inspva,39.663,-75.756,-1.801135704,0.003131303,0.000532535,0.000677377,0.003057159,0.000532535,,0,
1786043736647602521,1786043736.646219099,/novatel/oem7/odom,/novatel/oem7/fix,/novatel/oem7/odom,39.663,-75.756,-1.801135704,0.003128957,0.000546154,0.003085302,0.000520848,0.000546154,,,
1786043736657134392,1786043736.656605979,/novatel/oem7/odom,/novatel/oem7/fix,/novatel/oem7/odom,39.663,-75.756,-1.801135704,0.003128957,0.000546154,0.003085302,0.000520848,0.000546154,,,
1786043736666612615,1786043736.666039510,/novatel/oem7/inspva,/novatel/oem7/inspva,/novatel/oem7/inspva,39.663,-75.756,-1.801143265,0.002115520,0.000062235,0.000812761,0.001953163,0.000062235,,novatel_oem7_msgs.msg.InertialSolutionStatus(status=3),
1786043736667526595,1786043736.666278146,/novatel/oem7/fix,/novatel/oem7/fix,/novatel/oem7/inspva,39.663,-75.756,-1.801143265,0.002115520,0.000062235,0.000812761,0.001953163,0.000062235,,0,
1786043736668112682,1786043736.666736960,/novatel/oem7/odom,/novatel/oem7/fix,/novatel/oem7/odom,39.663,-75.756,-1.801143265,0.002115208,0.000072056,0.001991425,0.000712975,0.000072056,,,
1786043736674757598,1786043736.674361053,/novatel/oem7/odom,/novatel/oem7/fix,/novatel/oem7/odom,39.663,-75.756,-1.801143265,0.002115208,0.000072056,0.001991425,0.000712975,0.000072056,,,
1786043736686943242,1786043736.686335192,/novatel/oem7/inspva,/novatel/oem7/inspva,/novatel/oem7/inspva,39.663,-75.756,-1.801162934,0.001494162,-0.002242807,-0.000115249,0.001489710,-0.002242807,,novatel_oem7_msgs.msg.InertialSolutionStatus(status=3),
1786043736688378647,1786043736.686565975,/novatel/oem7/fix,/novatel/oem7/fix,/novatel/oem7/inspva,39.663,-75.756,-1.801162934,0.001494162,-0.002242807,-0.000115249,0.001489710,-0.002242807,,0,
1786043736689541211,1786043736.686997563,/novatel/oem7/odom,/novatel/oem7/fix,/novatel/oem7/odom,39.663,-75.756,-1.801162934,0.001502238,-0.002237406,0.001490852,-0.000184608,-0.002237406,,,
1786043736696106380,1786043736.695161857,/novatel/oem7/odom,/novatel/oem7/fix,/novatel/oem7/odom,39.663,-75.756,-1.801162934,0.001502238,-0.002237406,0.001490852,-0.000184608,-0.002237406,,,
1786043736706372419,1786043736.705760983,/novatel/oem7/inspva,/novatel/oem7/inspva,/novatel/oem7/inspva,39.663,-75.756,-1.801159003,0.002387214,-0.001559499,-0.000568327,0.002318576,-0.001559499,,novatel_oem7_msgs.msg.InertialSolutionStatus(status=3),
1786043736707784113,1786043736.705961848,/novatel/oem7/fix,/novatel/oem7/fix,/novatel/oem7/inspva,39.663,-75.756,-1.801159003,0.002387214,-0.001559499,-0.000568327,0.002318576,-0.001559499,,0,
1786043736708845931,1786043736.706403410,/novatel/oem7/odom,/novatel/oem7/fix,/novatel/oem7/odom,39.663,-75.756,-1.801159003,0.002391983,-0.001552175,0.002293089,-0.000680680,-0.001552175,,,
1786043736710456663,1786043736.709380516,/novatel/oem7/bestpos,/novatel/oem7/bestpos,/novatel/oem7/odom,39.663,-75.756,33.181202505,0.002391983,-0.001552175,0.002293089,-0.000680680,-0.001552175,,novatel_oem7_msgs.msg.SolutionStatus(status=0),novatel_oem7_msgs.msg.PositionOrVelocityType(type=53)
1786043736711880761,1786043736.709915165,/novatel/oem7/bestvel,/novatel/oem7/bestpos,/novatel/oem7/bestvel,39.663,-75.756,33.181202505,0.001382018,-0.000943727,,,,118.243843748,novatel_oem7_msgs.msg.SolutionStatus(status=0),novatel_oem7_msgs.msg.PositionOrVelocityType(type=53)
1786043736716028919,1786043736.715357468,/novatel/oem7/odom,/novatel/oem7/bestpos,/novatel/oem7/odom,39.663,-75.756,33.181202505,0.002391983,-0.001552175,0.002293089,-0.000680680,-0.001552175,,,
1786043736727378466,1786043736.726406859,/novatel/oem7/inspva,/novatel/oem7/inspva,/novatel/oem7/inspva,39.663,-75.756,-1.801144474,0.002781559,0.001170530,0.000359463,0.002758235,0.001170530,,novatel_oem7_msgs.msg.InertialSolutionStatus(status=3),
1786043736729189067,1786043736.726701292,/novatel/oem7/fix,/novatel/oem7/fix,/novatel/oem7/inspva,39.663,-75.756,-1.801144474,0.002781559,0.001170530,0.000359463,0.002758235,0.001170530,,0,
1786043736730760406,1786043736.727077586,/novatel/oem7/odom,/novatel/oem7/fix,/novatel/oem7/odom,39.663,-75.756,-1.801144474,0.002776619,0.001182201,0.002768145,0.000216758,0.001182201,,,
1786043736735969548,1786043736.735055125,/novatel/oem7/odom,/novatel/oem7/fix,/novatel/oem7/odom,39.663,-75.756,-1.801144474,0.002776619,0.001182201,0.002768145,0.000216758,0.001182201,,,
1786043736746814900,1786043736.746046478,/novatel/oem7/inspva,/novatel/oem7/inspva,/novatel/oem7/inspva,39.663,-75.756,-1.801158281,0.002646447,0.000128883,0.000587567,0.002580397,0.000128883,,novatel_oem7_msgs.msg.InertialSolutionStatus(status=3),
1786043736748685025,1786043736.746304261,/novatel/oem7/fix,/novatel/oem7/fix,/novatel/oem7/inspva,39.663,-75.756,-1.801158281,0.002646447,0.000128883,0.000587567,0.002580397,0.000128883,,0,
1786043736750086586,1786043736.746845626,/novatel/oem7/odom,/novatel/oem7/fix,/novatel/oem7/odom,39.663,-75.756,-1.801158281,0.002645856,0.000140493,0.002606225,0.000456229,0.000140493,,,
1786043736756553797,1786043736.755816675,/novatel/oem7/odom,/novatel/oem7/fix,/novatel/oem7/odom,39.663,-75.756,-1.801158281,0.002645856,0.000140493,0.002606225,0.000456229,0.000140493,,,
1786043736766218760,1786043736.765277644,/novatel/oem7/inspva,/novatel/oem7/inspva,/novatel/oem7/inspva,39.663,-75.756,-1.801178750,0.001953551,-0.001726232,0.000978495,0.001690831,-0.001726232,,novatel_oem7_msgs.msg.InertialSolutionStatus(status=3),
1786043736767893413,1786043736.765588200,/novatel/oem7/fix,/novatel/oem7/fix,/novatel/oem7/inspva,39.663,-75.756,-1.801178750,0.001953551,-0.001726232,0.000978495,0.001690831,-0.001726232,,0,
1786043736769050345,1786043736.765954127,/novatel/oem7/odom,/novatel/oem7/fix,/novatel/oem7/odom,39.663,-75.756,-1.801178750,0.001961650,-0.001717024,0.001744916,0.000896291,-0.001717024,,,
1786043736776052782,1786043736.775377375,/novatel/oem7/odom,/novatel/oem7/fix,/novatel/oem7/odom,39.663,-75.756,-1.801178750,0.001961650,-0.001717024,0.001744916,0.000896291,-0.001717024,,,
1786043736786627424,1786043736.785965314,/novatel/oem7/inspva,/novatel/oem7/inspva,/novatel/oem7/inspva,39.663,-75.756,-1.801176000,0.002138457,-0.002132747,0.000027886,0.002138275,-0.002132747,,novatel_oem7_msgs.msg.InertialSolutionStatus(status=3),
1786043736788263417,1786043736.786167013,/novatel/oem7/fix,/novatel/oem7/fix,/novatel/oem7/inspva,39.663,-75.756,-1.801176000,0.002138457,-0.002132747,0.000027886,0.002138275,-0.002132747,,0,
1786043736789441008,1786043736.786595140,/novatel/oem7/odom,/novatel/oem7/fix,/novatel/oem7/odom,39.663,-75.756,-1.801176000,0.002146714,-0.002124435,0.002145416,-0.000074658,-0.002124435,,,
1786043736795057364,1786043736.794354231,/novatel/oem7/odom,/novatel/oem7/fix,/novatel/oem7/odom,39.663,-75.756,-1.801176000,0.002146714,-0.002124435,0.002145416,-0.000074658,-0.002124435,,,
1786043736807234313,1786043736.806322194,/novatel/oem7/inspva,/novatel/oem7/inspva,/novatel/oem7/inspva,39.663,-75.756,-1.801144100,0.003289780,0.001905671,-0.000179977,0.003284853,0.001905671,,novatel_oem7_msgs.msg.InertialSolutionStatus(status=3),
1786043736809398701,1786043736.806542702,/novatel/oem7/fix,/novatel/oem7/fix,/novatel/oem7/inspva,39.663,-75.756,-1.801144100,0.003289780,0.001905671,-0.000179977,0.003284853,0.001905671,,0,
1786043736811147265,1786043736.807046064,/novatel/oem7/odom,/novatel/oem7/fix,/novatel/oem7/odom,39.663,-75.756,-1.801144100,0.003282722,0.001917804,0.003263958,-0.000350488,0.001917804,,,
1786043736813613053,1786043736.810216233,/novatel/oem7/bestpos,/novatel/oem7/bestpos,/novatel/oem7/odom,39.663,-75.756,33.181190864,0.003282722,0.001917804,0.003263958,-0.000350488,0.001917804,,novatel_oem7_msgs.msg.SolutionStatus(status=0),novatel_oem7_msgs.msg.PositionOrVelocityType(type=53)
1786043736815087657,1786043736.810538029,/novatel/oem7/bestvel,/novatel/oem7/bestpos,/novatel/oem7/bestvel,39.663,-75.756,33.181190864,0.003011661,0.001851849,,,,86.996587641,novatel_oem7_msgs.msg.SolutionStatus(status=0),novatel_oem7_msgs.msg.PositionOrVelocityType(type=53)
1786043736817684520,1786043736.815380932,/novatel/oem7/odom,/novatel/oem7/bestpos,/novatel/oem7/odom,39.663,-75.756,33.181190864,0.003282722,0.001917804,0.003263958,-0.000350488,0.001917804,,,
1786043736826042364,1786043736.825164912,/novatel/oem7/inspva,/novatel/oem7/inspva,/novatel/oem7/inspva,39.663,-75.756,-1.801157460,0.003045921,0.000863737,0.000294223,0.003031678,0.000863737,,novatel_oem7_msgs.msg.InertialSolutionStatus(status=3),
1786043736828385800,1786043736.825356797,/novatel/oem7/fix,/novatel/oem7/fix,/novatel/oem7/inspva,39.663,-75.756,-1.801157460,0.003045921,0.000863737,0.000294223,0.003031678,0.000863737,,0,
1786043736830435885,1786043736.825777004,/novatel/oem7/odom,/novatel/oem7/fix,/novatel/oem7/odom,39.663,-75.756,-1.801157460,0.003042340,0.000876267,0.003039182,0.000138587,0.000876267,,,
1786043736835484161,1786043736.834662163,/novatel/oem7/odom,/novatel/oem7/fix,/novatel/oem7/odom,39.663,-75.756,-1.801157460,0.003042340,0.000876267,0.003039182,0.000138587,0.000876267,,,
1786043736847828614,1786043736.846856308,/novatel/oem7/inspva,/novatel/oem7/inspva,/novatel/oem7/inspva,39.663,-75.756,-1.801183175,0.002526793,-0.002049268,0.001202841,0.002222128,-0.002049268,,novatel_oem7_msgs.msg.InertialSolutionStatus(status=3),
1786043736849857302,1786043736.847191718,/novatel/oem7/fix,/novatel/oem7/fix,/novatel/oem7/inspva,39.663,-75.756,-1.801183175,0.002526793,-0.002049268,0.001202841,0.002222128,-0.002049268,,0,
1786043736851314429,1786043736.848027926,/novatel/oem7/odom,/novatel/oem7/fix,/novatel/oem7/odom,39.663,-75.756,-1.801183175,0.002536352,-0.002037425,0.002288103,0.001094379,-0.002037425,,,
1786043736857708907,1786043736.856755153,/novatel/oem7/odom,/novatel/oem7/fix,/novatel/oem7/odom,39.663,-75.756,-1.801183175,0.002536352,-0.002037425,0.002288103,0.001094379,-0.002037425,,,
1786043736866076743,1786043736.865092417,/novatel/oem7/inspva,/novatel/oem7/inspva,/novatel/oem7/inspva,39.663,-75.756,-1.801174055,0.002397273,-0.001517124,0.000886546,0.002227320,-0.001517124,,novatel_oem7_msgs.msg.InertialSolutionStatus(status=3),
1786043736868759513,1786043736.865340166,/novatel/oem7/fix,/novatel/oem7/fix,/novatel/oem7/inspva,39.663,-75.756,-1.801174055,0.002397273,-0.001517124,0.000886546,0.002227320,-0.001517124,,0,
1786043736870136774,1786043736.866180991,/novatel/oem7/odom,/novatel/oem7/fix,/novatel/oem7/odom,39.663,-75.756,-1.801174055,0.002404221,-0.001506089,0.002275254,0.000776854,-0.001506089,,,
1786043736875507538,1786043736.874711823,/novatel/oem7/odom,/novatel/oem7/fix,/novatel/oem7/odom,39.663,-75.756,-1.801174055,0.002404221,-0.001506089,0.002275254,0.000776854,-0.001506089,,,
1786043736885959455,1786043736.885357213,/novatel/oem7/inspva,/novatel/oem7/inspva,/novatel/oem7/inspva,39.663,-75.756,-1.801153876,0.003086780,0.000595026,-0.000353653,0.003066454,0.000595026,,novatel_oem7_msgs.msg.InertialSolutionStatus(status=3),
1786043736887388536,1786043736.885546695,/novatel/oem7/fix,/novatel/oem7/fix,/novatel/oem7/inspva,39.663,-75.756,-1.801153876,0.003086780,0.000595026,-0.000353653,0.003066454,0.000595026,,0,
1786043736888515964,1786043736.886125200,/novatel/oem7/odom,/novatel/oem7/fix,/novatel/oem7/odom,39.663,-75.756,-1.801153876,0.003084681,0.000605814,0.003042310,-0.000509515,0.000605814,,,
1786043736896079423,1786043736.895020505,/novatel/oem7/odom,/novatel/oem7/fix,/novatel/oem7/odom,39.663,-75.756,-1.801153876,0.003084681,0.000605814,0.003042310,-0.000509515,0.000605814,,,
1786043736907660982,1786043736.906480634,/novatel/oem7/inspva,/novatel/oem7/inspva,/novatel/oem7/inspva,39.663,-75.756,-1.801162317,0.003015948,0.000620044,0.000160342,0.003011682,0.000620044,,novatel_oem7_msgs.msg.InertialSolutionStatus(status=3),
1786043736909879118,1786043736.906790647,/novatel/oem7/fix,/novatel/oem7/fix,/novatel/oem7/inspva,39.663,-75.756,-1.801162317,0.003015948,0.000620044,0.000160342,0.003011682,0.000620044,,0,
1786043736911396173,1786043736.907514960,/novatel/oem7/odom,/novatel/oem7/fix,/novatel/oem7/odom,39.663,-75.756,-1.801162317,0.003013453,0.000632057,0.003013446,0.000006534,0.000632057,,,
1786043736913756629,1786043736.909591045,/novatel/oem7/bestpos,/novatel/oem7/bestpos,/novatel/oem7/odom,39.663,-75.756,33.181172494,0.003013453,0.000632057,0.003013446,0.000006534,0.000632057,,novatel_oem7_msgs.msg.SolutionStatus(status=0),novatel_oem7_msgs.msg.PositionOrVelocityType(type=53)
1786043736915383959,1786043736.910268712,/novatel/oem7/bestvel,/novatel/oem7/bestpos,/novatel/oem7/bestvel,39.663,-75.756,33.181172494,0.002893896,0.000505219,,,,80.039510468,novatel_oem7_msgs.msg.SolutionStatus(status=0),novatel_oem7_msgs.msg.PositionOrVelocityType(type=53)
1786043736917716992,1786043736.914485890,/novatel/oem7/odom,/novatel/oem7/bestpos,/novatel/oem7/odom,39.663,-75.756,33.181172494,0.003013453,0.000632057,0.003013446,0.000006534,0.000632057,,,
1786043736926110153,1786043736.925270308,/novatel/oem7/inspva,/novatel/oem7/inspva,/novatel/oem7/inspva,39.663,-75.756,-1.801183911,0.002638521,-0.001138883,0.001271211,0.002312102,-0.001138883,,novatel_oem7_msgs.msg.InertialSolutionStatus(status=3),
1786043736927899187,1786043736.925501044,/novatel/oem7/fix,/novatel/oem7/fix,/novatel/oem7/inspva,39.663,-75.756,-1.801183911,0.002638521,-0.001138883,0.001271211,0.002312102,-0.001138883,,0,
1786043736929157736,1786043736.926017842,/novatel/oem7/odom,/novatel/oem7/fix,/novatel/oem7/odom,39.663,-75.756,-1.801183911,0.002643823,-0.001126521,0.002377821,0.001155754,-0.001126521,,,
1786043736936945341,1786043736.935759669,/novatel/oem7/odom,/novatel/oem7/fix,/novatel/oem7/odom,39.663,-75.756,-1.801183911,0.002643823,-0.001126521,0.002377821,0.001155754,-0.001126521,,,
1786043736946131986,1786043736.945018788,/novatel/oem7/inspva,/novatel/oem7/inspva,/novatel/oem7/inspva,39.663,-75.756,-1.801175927,0.002000318,-0.000771066,0.001115608,0.001660329,-0.000771066,,novatel_oem7_msgs.msg.InertialSolutionStatus(status=3),
1786043736948228993,1786043736.945383962,/novatel/oem7/fix,/novatel/oem7/fix,/novatel/oem7/inspva,39.663,-75.756,-1.801175927,0.002000318,-0.000771066,0.001115608,0.001660329,-0.000771066,,0,
1786043736949877333,1786043736.945933471,/novatel/oem7/odom,/novatel/oem7/fix,/novatel/oem7/odom,39.663,-75.756,-1.801175927,0.002003934,-0.000761620,0.001717568,0.001032332,-0.000761620,,,
1786043736956643784,1786043736.955930430,/novatel/oem7/odom,/novatel/oem7/fix,/novatel/oem7/odom,39.663,-75.756,-1.801175927,0.002003934,-0.000761620,0.001717568,0.001032332,-0.000761620,,,
1786043736967720691,1786043736.966556433,/novatel/oem7/inspva,/novatel/oem7/inspva,/novatel/oem7/inspva,39.663,-75.756,-1.801166658,0.003711276,-0.000513392,-0.000372847,0.003692500,-0.000513392,,novatel_oem7_msgs.msg.InertialSolutionStatus(status=3),
1786043736969462142,1786043736.966854716,/novatel/oem7/fix,/novatel/oem7/fix,/novatel/oem7/inspva,39.663,-75.756,-1.801166658,0.003711276,-0.000513392,-0.000372847,0.003692500,-0.000513392,,0,
1786043736971087355,1786043736.967289027,/novatel/oem7/odom,/novatel/oem7/fix,/novatel/oem7/odom,39.663,-75.756,-1.801166658,0.003713056,-0.000500359,0.003670973,-0.000557443,-0.000500359,,,
1786043736976144975,1786043736.975172659,/novatel/oem7/odom,/novatel/oem7/fix,/novatel/oem7/odom,39.663,-75.756,-1.801166658,0.003713056,-0.000500359,0.003670973,-0.000557443,-0.000500359,,,
1786043736986040248,1786043736.985039924,/novatel/oem7/inspva,/novatel/oem7/inspva,/novatel/oem7/inspva,39.663,-75.756,-1.801162125,0.002668140,0.000026685,-0.000715986,0.002570279,0.000026685,,novatel_oem7_msgs.msg.InertialSolutionStatus(status=3),
1786043736987861739,1786043736.985291607,/novatel/oem7/fix,/novatel/oem7/fix,/novatel/oem7/inspva,39.663,-75.756,-1.801162125,0.002668140,0.000026685,-0.000715986,0.002570279,0.000026685,,0,
1786043736989361714,1786043736.985903426,/novatel/oem7/odom,/novatel/oem7/fix,/novatel/oem7/odom,39.663,-75.756,-1.801162125,0.002668049,0.000034566,0.002530745,-0.000844877,0.000034566,,,
1786043736995721434,1786043736.994717358,/novatel/oem7/odom,/novatel/oem7/fix,/novatel/oem7/odom,39.663,-75.756,-1.801162125,0.002668049,0.000034566,0.002530745,-0.000844877,0.000034566,,,
1786043737010748491,1786043737.009861416,/novatel/oem7/inspva,/novatel/oem7/inspva,/novatel/oem7/inspva,39.663,-75.756,-1.801166822,0.002978173,0.000298981,0.001408326,0.002624145,0.000298981,,novatel_oem7_msgs.msg.InertialSolutionStatus(status=3),
1786043737012529652,1786043737.010156919,/novatel/oem7/fix,/novatel/oem7/fix,/novatel/oem7/inspva,39.663,-75.756,-1.801166822,0.002978173,0.000298981,0.001408326,0.002624145,0.000298981,,0,
1786043737013714820,1786043737.011333747,/novatel/oem7/odom,/novatel/oem7/fix,/novatel/oem7/odom,39.663,-75.756,-1.801166822,0.002976743,0.000312905,0.002690673,0.001273292,0.000312905,,,
1786043737015910829,1786043737.015007507,/novatel/oem7/odom,/novatel/oem7/fix,/novatel/oem7/odom,39.663,-75.756,-1.801166822,0.002976743,0.000312905,0.002690673,0.001273292,0.000312905,,,
1786043737025634816,1786043737.024497148,/novatel/oem7/bestpos,/novatel/oem7/bestpos,/novatel/oem7/odom,39.663,-75.756,33.181165615,0.002976743,0.000312905,0.002690673,0.001273292,0.000312905,,novatel_oem7_msgs.msg.SolutionStatus(status=0),novatel_oem7_msgs.msg.PositionOrVelocityType(type=53)
1786043737027835658,1786043737.025202889,/novatel/oem7/bestvel,/novatel/oem7/bestpos,/novatel/oem7/bestvel,39.663,-75.756,33.181165615,0.003333287,-0.000115627,,,,44.858223516,novatel_oem7_msgs.msg.SolutionStatus(status=0),novatel_oem7_msgs.msg.PositionOrVelocityType(type=53)
1786043737029002430,1786043737.026992990,/novatel/oem7/inspva,/novatel/oem7/inspva,/novatel/oem7/inspva,39.663,-75.756,-1.801169476,0.002124972,-0.000388616,0.001223498,0.001737400,-0.000388616,,novatel_oem7_msgs.msg.InertialSolutionStatus(status=3),
1786043737030483551,1786043737.027286936,/novatel/oem7/fix,/novatel/oem7/fix,/novatel/oem7/inspva,39.663,-75.756,-1.801169476,0.002124972,-0.000388616,0.001223498,0.001737400,-0.000388616,,0,
1786043737031965476,1786043737.027904379,/novatel/oem7/odom,/novatel/oem7/fix,/novatel/oem7/odom,39.663,-75.756,-1.801169476,0.002126787,-0.000378560,0.001798483,0.001135202,-0.000378560,,,
1786043737035798915,1786043737.034787105,/novatel/oem7/odom,/novatel/oem7/fix,/novatel/oem7/odom,39.663,-75.756,-1.801169476,0.002126787,-0.000378560,0.001798483,0.001135202,-0.000378560,,,
1786043737046283762,1786043737.045288469,/novatel/oem7/inspva,/novatel/oem7/inspva,/novatel/oem7/inspva,39.663,-75.756,-1.801164825,0.002043620,-0.000809077,0.000163724,0.002037051,-0.000809077,,novatel_oem7_msgs.msg.InertialSolutionStatus(status=3),
1786043737048358210,1786043737.045612913,/novatel/oem7/fix,/novatel/oem7/fix,/novatel/oem7/inspva,39.663,-75.756,-1.801164825,0.002043620,-0.000809077,0.000163724,0.002037051,-0.000809077,,0,
1786043737049953746,1786043737.046268699,/novatel/oem7/odom,/novatel/oem7/fix,/novatel/oem7/odom,39.663,-75.756,-1.801164825,0.002046856,-0.000800856,0.002045894,0.000062747,-0.000800856,,,
1786043737057347203,1786043737.056634549,/novatel/oem7/odom,/novatel/oem7/fix,/novatel/oem7/odom,39.663,-75.756,-1.801164825,0.002046856,-0.000800856,0.002045894,0.000062747,-0.000800856,,,
1786043737066548472,1786043737.065344436,/novatel/oem7/inspva,/novatel/oem7/inspva,/novatel/oem7/inspva,39.663,-75.756,-1.801162063,0.003853695,-0.000959129,-0.000758876,0.003778237,-0.000959129,,novatel_oem7_msgs.msg.InertialSolutionStatus(status=3),
1786043737068524414,1786043737.065665406,/novatel/oem7/fix,/novatel/oem7/fix,/novatel/oem7/inspva,39.663,-75.756,-1.801162063,0.003853695,-0.000959129,-0.000758876,0.003778237,-0.000959129,,0,
1786043737070050350,1786043737.066296819,/novatel/oem7/odom,/novatel/oem7/fix,/novatel/oem7/odom,39.663,-75.756,-1.801162063,0.003856727,-0.000946866,0.003738862,-0.000946179,-0.000946866,,,
1786043737075835144,1786043737.074847254,/novatel/oem7/odom,/novatel/oem7/fix,/novatel/oem7/odom,39.663,-75.756,-1.801162063,0.003856727,-0.000946866,0.003738862,-0.000946179,-0.000946866,,,
1786043737087658409,1786043737.086601978,/novatel/oem7/inspva,/novatel/oem7/inspva,/novatel/oem7/inspva,39.663,-75.756,-1.801144833,0.002645972,0.001597640,0.000569866,0.002583877,0.001597640,,novatel_oem7_msgs.msg.InertialSolutionStatus(status=3),
1786043737089528041,1786043737.086922545,/novatel/oem7/fix,/novatel/oem7/fix,/novatel/oem7/inspva,39.663,-75.756,-1.801144833,0.002645972,0.001597640,0.000569866,0.002583877,0.001597640,,0,
1786043737090950421,1786043737.087643352,/novatel/oem7/odom,/novatel/oem7/fix,/novatel/oem7/odom,39.663,-75.756,-1.801144833,0.002638988,0.001609151,0.002602951,0.000434627,0.001609151,,,
1786043737095843524,1786043737.094837387,/novatel/oem7/odom,/novatel/oem7/fix,/novatel/oem7/odom,39.663,-75.756,-1.801144833,0.002638988,0.001609151,0.002602951,0.000434627,0.001609151,,,
1786043737106904688,1786043737.105966098,/novatel/oem7/inspva,/novatel/oem7/inspva,/novatel/oem7/inspva,39.663,-75.756,-1.801149209,0.002539760,0.000681423,0.001156510,0.002261165,0.000681423,,novatel_oem7_msgs.msg.InertialSolutionStatus(status=3),
1786043737108659078,1786043737.106227811,/novatel/oem7/fix,/novatel/oem7/fix,/novatel/oem7/inspva,39.663,-75.756,-1.801149209,0.002539760,0.000681423,0.001156510,0.002261165,0.000681423,,0,
1786043737110021552,1786043737.106828660,/novatel/oem7/odom,/novatel/oem7/fix,/novatel/oem7/odom,39.663,-75.756,-1.801149209,0.002536564,0.000693225,0.002313937,0.001039161,0.000693225,,,
1786043737111790876,1786043737.109551471,/novatel/oem7/bestpos,/novatel/oem7/bestpos,/novatel/oem7/odom,39.663,-75.756,33.181221233,0.002536564,0.000693225,0.002313937,0.001039161,0.000693225,,novatel_oem7_msgs.msg.SolutionStatus(status=0),novatel_oem7_msgs.msg.PositionOrVelocityType(type=53)
1786043737112802183,1786043737.110335915,/novatel/oem7/bestvel,/novatel/oem7/bestpos,/novatel/oem7/bestvel,39.663,-75.756,33.181221233,0.002701003,0.000712880,,,,72.132123572,novatel_oem7_msgs.msg.SolutionStatus(status=0),novatel_oem7_msgs.msg.PositionOrVelocityType(type=53)
1786043737115684455,1786043737.114986163,/novatel/oem7/odom,/novatel/oem7/bestpos,/novatel/oem7/odom,39.663,-75.756,33.181221233,0.002536564,0.000693225,0.002313937,0.001039161,0.000693225,,,
1786043737126364612,1786043737.125404892,/novatel/oem7/inspva,/novatel/oem7/inspva,/novatel/oem7/inspva,39.663,-75.756,-1.801148115,0.001610059,-0.000943098,0.000305412,0.001580826,-0.000943098,,novatel_oem7_msgs.msg.InertialSolutionStatus(status=3),
1786043737128055816,1786043737.125720732,/novatel/oem7/fix,/novatel/oem7/fix,/novatel/oem7/inspva,39.663,-75.756,-1.801148115,0.001610059,-0.000943098,0.000305412,0.001580826,-0.000943098,,0,
1786043737129227371,1786043737.126214247,/novatel/oem7/odom,/novatel/oem7/fix,/novatel/oem7/odom,39.663,-75.756,-1.801148115,0.001614051,-0.000936250,0.001597923,0.000227597,-0.000936250,,,
1786043737135889460,1786043737.135136669,/novatel/oem7/odom,/novatel/oem7/fix,/novatel/oem7/odom,39.663,-75.756,-1.801148115,0.001614051,-0.000936250,0.001597923,0.000227597,-0.000936250,,,
1786043737147465070,1786043737.146240117,/novatel/oem7/inspva,/novatel/oem7/inspva,/novatel/oem7/inspva,39.663,-75.756,-1.801131041,0.002636964,-0.000751826,0.000110475,0.002634648,-0.000751826,,novatel_oem7_msgs.msg.InertialSolutionStatus(status=3),
1786043737149726565,1786043737.146608141,/novatel/oem7/fix,/novatel/oem7/fix,/novatel/oem7/inspva,39.663,-75.756,-1.801131041,0.002636964,-0.000751826,0.000110475,0.002634648,-0.000751826,,0,
1786043737151519483,1786043737.147253894,/novatel/oem7/odom,/novatel/oem7/fix,/novatel/oem7/odom,39.663,-75.756,-1.801131041,0.002639891,-0.000741482,0.002639809,-0.000020733,-0.000741482,,,
1786043737156716812,1786043737.155831351,/novatel/oem7/odom,/novatel/oem7/fix,/novatel/oem7/odom,39.663,-75.756,-1.801131041,0.002639891,-0.000741482,0.002639809,-0.000020733,-0.000741482,,,
1786043737166185559,1786043737.165306761,/novatel/oem7/inspva,/novatel/oem7/inspva,/novatel/oem7/inspva,39.663,-75.756,-1.801111635,0.003945345,0.001457421,-0.000607182,0.003898342,0.001457421,,novatel_oem7_msgs.msg.InertialSolutionStatus(status=3),
1786043737167951777,1786043737.165606287,/novatel/oem7/fix,/novatel/oem7/fix,/novatel/oem7/inspva,39.663,-75.756,-1.801111635,0.003945345,0.001457421,-0.000607182,0.003898342,0.001457421,,0,
1786043737169284020,1786043737.166251937,/novatel/oem7/odom,/novatel/oem7/fix,/novatel/oem7/odom,39.663,-75.756,-1.801111635,0.003940398,0.001470741,0.003856893,-0.000806917,0.001470741,,,
1786043737176179506,1786043737.175463296,/novatel/oem7/odom,/novatel/oem7/fix,/novatel/oem7/odom,39.663,-75.756,-1.801111635,0.003940398,0.001470741,0.003856893,-0.000806917,0.001470741,,,
1786043737185732812,1786043737.184942907,/novatel/oem7/inspva,/novatel/oem7/inspva,/novatel/oem7/inspva,39.663,-75.756,-1.801103322,0.002583289,0.001473339,0.000376888,0.002555649,0.001473339,,novatel_oem7_msgs.msg.InertialSolutionStatus(status=3),
1786043737187158649,1786043737.185191412,/novatel/oem7/fix,/novatel/oem7/fix,/novatel/oem7/inspva,39.663,-75.756,-1.801103322,0.002583289,0.001473339,0.000376888,0.002555649,0.001473339,,0,
1786043737188313954,1786043737.185589113,/novatel/oem7/odom,/novatel/oem7/fix,/novatel/oem7/odom,39.663,-75.756,-1.801103322,0.002577053,0.001484221,0.002565512,0.000243619,0.001484221,,,
1786043737195250447,1786043737.194437905,/novatel/oem7/odom,/novatel/oem7/fix,/novatel/oem7/odom,39.663,-75.756,-1.801103322,0.002577053,0.001484221,0.002565512,0.000243619,0.001484221,,,
1786043737207995050,1786043737.206641650,/novatel/oem7/inspva,/novatel/oem7/inspva,/novatel/oem7/inspva,39.663,-75.756,-1.801116059,0.001108447,-0.001549515,0.000625305,0.000915231,-0.001549515,,novatel_oem7_msgs.msg.InertialSolutionStatus(status=3),
1786043737210612526,1786043737.207041751,/novatel/oem7/fix,/novatel/oem7/fix,/novatel/oem7/inspva,39.663,-75.756,-1.801116059,0.001108447,-0.001549515,0.000625305,0.000915231,-0.001549515,,0,
1786043737212530185,1786043737.207794638,/novatel/oem7/odom,/novatel/oem7/fix,/novatel/oem7/odom,39.663,-75.756,-1.801116059,0.001115692,-0.001544306,0.000951748,0.000582189,-0.001544306,,,
1786043737214825122,1786043737.210639610,/novatel/oem7/bestpos,/novatel/oem7/bestpos,/novatel/oem7/odom,39.663,-75.756,33.181265793,0.001115692,-0.001544306,0.000951748,0.000582189,-0.001544306,,novatel_oem7_msgs.msg.SolutionStatus(status=0),novatel_oem7_msgs.msg.PositionOrVelocityType(type=53)
1786043737216403161,1786043737.211061808,/novatel/oem7/bestvel,/novatel/oem7/bestpos,/novatel/oem7/bestvel,39.663,-75.756,33.181265793,0.000244674,-0.000607982,,,,166.013960429,novatel_oem7_msgs.msg.SolutionStatus(status=0),novatel_oem7_msgs.msg.PositionOrVelocityType(type=53)
1786043737218586330,1786043737.215152448,/novatel/oem7/odom,/novatel/oem7/bestpos,/novatel/oem7/odom,39.663,-75.756,33.181265793,0.001115692,-0.001544306,0.000951748,0.000582189,-0.001544306,,,
1786043737225755591,1786043737.224978120,/novatel/oem7/inspva,/novatel/oem7/inspva,/novatel/oem7/inspva,39.663,-75.756,-1.801101278,0.002226185,-0.001489134,0.000467209,0.002176606,-0.001489134,,novatel_oem7_msgs.msg.InertialSolutionStatus(status=3),
1786043737227244346,1786043737.225237496,/novatel/oem7/fix,/novatel/oem7/fix,/novatel/oem7/inspva,39.663,-75.756,-1.801101278,0.002226185,-0.001489134,0.000467209,0.002176606,-0.001489134,,0,
1786043737228479912,1786043737.225792785,/novatel/oem7/odom,/novatel/oem7/fix,/novatel/oem7/odom,39.663,-75.756,-1.801101278,0.002232563,-0.001479555,0.002203271,0.000360464,-0.001479555,,,
1786043737236613954,1786043737.235615610,/novatel/oem7/odom,/novatel/oem7/fix,/novatel/oem7/odom,39.663,-75.756,-1.801101278,0.002232563,-0.001479555,0.002203271,0.000360464,-0.001479555,,,
1786043737245889467,1786043737.245281839,/novatel/oem7/inspva,/novatel/oem7/inspva,/novatel/oem7/inspva,39.663,-75.756,-1.801073457,0.003777503,0.001802279,-0.000754342,0.003701418,0.001802279,,novatel_oem7_msgs.msg.InertialSolutionStatus(status=3),
1786043737247195114,1786043737.245670390,/novatel/oem7/fix,/novatel/oem7/fix,/novatel/oem7/inspva,39.663,-75.756,-1.801073457,0.003777503,0.001802279,-0.000754342,0.003701418,0.001802279,,0,
1786043737248148883,1786043737.246041607,/novatel/oem7/odom,/novatel/oem7/fix,/novatel/oem7/odom,39.663,-75.756,-1.801073457,0.003771675,0.001814443,0.003651399,-0.000944892,0.001814443,,,
1786043737256762328,1786043737.256247962,/novatel/oem7/odom,/novatel/oem7/fix,/novatel/oem7/odom,39.663,-75.756,-1.801073457,0.003771675,0.001814443,0.003651399,-0.000944892,0.001814443,,,
1786043737266818057,1786043737.266092300,/novatel/oem7/inspva,/novatel/oem7/inspva,/novatel/oem7/inspva,39.663,-75.756,-1.801075220,0.003167510,0.001064159,-0.000152645,0.003163830,0.001064159,,novatel_oem7_msgs.msg.InertialSolutionStatus(status=3),
1786043737268003469,1786043737.266355527,/novatel/oem7/fix,/novatel/oem7/fix,/novatel/oem7/inspva,39.663,-75.756,-1.801075220,0.003167510,0.001064159,-0.000152645,0.003163830,0.001064159,,0,
1786043737268781115,1786043737.266836843,/novatel/oem7/odom,/novatel/oem7/fix,/novatel/oem7/odom,39.663,-75.756,-1.801075220,0.003163533,0.001075924,0.003147820,-0.000314910,0.001075924,,,
1786043737275234154,1786043737.274630770,/novatel/oem7/odom,/novatel/oem7/fix,/novatel/oem7/odom,39.663,-75.756,-1.801075220,0.003163533,0.001075924,0.003147820,-0.000314910,0.001075924,,,
1786043737285723863,1786043737.285223605,/novatel/oem7/inspva,/novatel/oem7/inspva,/novatel/oem7/inspva,39.663,-75.756,-1.801087108,0.001805823,-0.001027909,0.001005239,0.001500163,-0.001027909,,novatel_oem7_msgs.msg.InertialSolutionStatus(status=3),
1786043737286819494,1786043737.285505228,/novatel/oem7/fix,/novatel/oem7/fix,/novatel/oem7/inspva,39.663,-75.756,-1.801087108,0.001805823,-0.001027909,0.001005239,0.001500163,-0.001027909,,0,
1786043737287715532,1786043737.285747088,/novatel/oem7/odom,/novatel/oem7/fix,/novatel/oem7/odom,39.663,-75.756,-1.801087108,0.001810633,-0.001019412,0.001553056,0.000930810,-0.001019412,,,
1786043737296187838,1786043737.295526997,/novatel/oem7/odom,/novatel/oem7/fix,/novatel/oem7/odom,39.663,-75.756,-1.801087108,0.001810633,-0.001019412,0.001553056,0.000930810,-0.001019412,,,
1786043737306753614,1786043737.306160567,/novatel/oem7/inspva,/novatel/oem7/inspva,/novatel/oem7/inspva,39.663,-75.756,-1.801087991,0.002293777,-0.001684451,0.000675633,0.002192015,-0.001684451,,novatel_oem7_msgs.msg.InertialSolutionStatus(status=3),
1786043737307835221,1786043737.306399749,/novatel/oem7/fix,/novatel/oem7/fix,/novatel/oem7/inspva,39.663,-75.756,-1.801087991,0.002293777,-0.001684451,0.000675633,0.002192015,-0.001684451,,0,
1786043737308539533,1786043737.306750281,/novatel/oem7/odom,/novatel/oem7/fix,/novatel/oem7/odom,39.663,-75.756,-1.801087991,0.002301239,-0.001674243,0.002229945,0.000568370,-0.001674243,,,
1786043737309972404,1786043737.309495274,/novatel/oem7/bestpos,/novatel/oem7/bestpos,/novatel/oem7/odom,39.663,-75.756,33.181290846,0.002301239,-0.001674243,0.002229945,0.000568370,-0.001674243,,novatel_oem7_msgs.msg.SolutionStatus(status=0),novatel_oem7_msgs.msg.PositionOrVelocityType(type=53)
1786043737310838554,1786043737.310099163,/novatel/oem7/bestvel,/novatel/oem7/bestpos,/novatel/oem7/bestvel,39.663,-75.756,33.181290846,0.001398062,-0.000937250,,,,86.099410696,novatel_oem7_msgs.msg.SolutionStatus(status=0),novatel_oem7_msgs.msg.PositionOrVelocityType(type=53)
1786043737314832423,1786043737.314393748,/novatel/oem7/odom,/novatel/oem7/bestpos,/novatel/oem7/odom,39.663,-75.756,33.181290846,0.002301239,-0.001674243,0.002229945,0.000568370,-0.001674243,,,
1786043737327355302,1786043737.326782236,/novatel/oem7/inspva,/novatel/oem7/inspva,/novatel/oem7/inspva,39.663,-75.756,-1.801066352,0.003985728,0.001020180,-0.001167765,0.003810821,0.001020180,,novatel_oem7_msgs.msg.InertialSolutionStatus(status=3),
1786043737328523647,1786043737.326987352,/novatel/oem7/fix,/novatel/oem7/fix,/novatel/oem7/inspva,39.663,-75.756,-1.801066352,0.003985728,0.001020180,-0.001167765,0.003810821,0.001020180,,0,
1786043737329318861,1786043737.327331662,/novatel/oem7/odom,/novatel/oem7/fix,/novatel/oem7/odom,39.663,-75.756,-1.801066352,0.003982813,0.001031504,0.003742957,-0.001361276,0.001031504,,,
1786043737335765001,1786043737.335276191,/novatel/oem7/odom,/novatel/oem7/fix,/novatel/oem7/odom,39.663,-75.756,-1.801066352,0.003982813,0.001031504,0.003742957,-0.001361276,0.001031504,,,
1786043737345588202,1786043737.345139719,/novatel/oem7/inspva,/novatel/oem7/inspva,/novatel/oem7/inspva,39.663,-75.756,-1.801065661,0.003161651,0.000606813,-0.000347730,0.003142471,0.000606813,,novatel_oem7_msgs.msg.InertialSolutionStatus(status=3),
1786043737346418349,1786043737.345362102,/novatel/oem7/fix,/novatel/oem7/fix,/novatel/oem7/inspva,39.663,-75.756,-1.801065661,0.003161651,0.000606813,-0.000347730,0.003142471,0.000606813,,0,
1786043737347081374,1786043737.345843296,/novatel/oem7/odom,/novatel/oem7/fix,/novatel/oem7/odom,39.663,-75.756,-1.801065661,0.003159490,0.000617966,0.003118472,-0.000507455,0.000617966,,,
1786043737356346816,1786043737.355914101,/novatel/oem7/odom,/novatel/oem7/fix,/novatel/oem7/odom,39.663,-75.756,-1.801065661,0.003159490,0.000617966,0.003118472,-0.000507455,0.000617966,,,
1786043737365843758,1786043737.365519023,/novatel/oem7/inspva,/novatel/oem7/inspva,/novatel/oem7/inspva,39.663,-75.756,-1.801076389,0.002124273,-0.000867027,0.001187407,0.001761420,-0.000867027,,novatel_oem7_msgs.msg.InertialSolutionStatus(status=3),
1786043737366605909,1786043737.365681748,/novatel/oem7/fix,/novatel/oem7/fix,/novatel/oem7/inspva,39.663,-75.756,-1.801076389,0.002124273,-0.000867027,0.001187407,0.001761420,-0.000867027,,0,
1786043737367192149,1786043737.366306235,/novatel/oem7/odom,/novatel/oem7/fix,/novatel/oem7/odom,39.663,-75.756,-1.801076389,0.002128332,-0.000857015,0.001822534,0.001099167,-0.000857015,,,
1786043737375688354,1786043737.375165286,/novatel/oem7/odom,/novatel/oem7/fix,/novatel/oem7/odom,39.663,-75.756,-1.801076389,0.002128332,-0.000857015,0.001822534,0.001099167,-0.000857015,,,
1786043737386550292,1786043737.386204889,/novatel/oem7/inspva,/novatel/oem7/inspva,/novatel/oem7/inspva,39.663,-75.756,-1.801067693,0.002871382,-0.000677032,0.000892900,0.002729023,-0.000677032,,novatel_oem7_msgs.msg.InertialSolutionStatus(status=3),
1786043737387445884,1786043737.386395138,/novatel/oem7/fix,/novatel/oem7/fix,/novatel/oem7/inspva,39.663,-75.756,-1.801067693,0.002871382,-0.000677032,0.000892900,0.002729023,-0.000677032,,0,
1786043737388060958,1786043737.386851286,/novatel/oem7/odom,/novatel/oem7/fix,/novatel/oem7/odom,39.663,-75.756,-1.801067693,0.002874392,-0.000664136,0.002773268,0.000755721,-0.000664136,,,
1786043737395044778,1786043737.394601880,/novatel/oem7/odom,/novatel/oem7/fix,/novatel/oem7/odom,39.663,-75.756,-1.801067693,0.002874392,-0.000664136,0.002773268,0.000755721,-0.000664136,,,
1786043737406651600,1786043737.406270133,/novatel/oem7/inspva,/novatel/oem7/inspva,/novatel/oem7/inspva,39.663,-75.756,-1.801056622,0.003456642,-0.000128911,-0.001308005,0.003199609,-0.000128911,,novatel_oem7_msgs.msg.InertialSolutionStatus(status=3),
1786043737407418440,1786043737.406448435,/novatel/oem7/fix,/novatel/oem7/fix,/novatel/oem7/inspva,39.663,-75.756,-1.801056622,0.003456642,-0.000128911,-0.001308005,0.003199609,-0.000128911,,0,
1786043737408047176,1786043737.407083105,/novatel/oem7/odom,/novatel/oem7/fix,/novatel/oem7/odom,39.663,-75.756,-1.801056622,0.003456955,-0.000120225,0.003129984,-0.001467561,-0.000120225,,,
1786043737411642741,1786043737.411216616,/novatel/oem7/bestpos,/novatel/oem7/bestpos,/novatel/oem7/odom,39.663,-75.756,33.181299433,0.003456955,-0.000120225,0.003129984,-0.001467561,-0.000120225,,novatel_oem7_msgs.msg.SolutionStatus(status=0),novatel_oem7_msgs.msg.PositionOrVelocityType(type=53)
1786043737412535464,1786043737.411620843,/novatel/oem7/bestvel,/novatel/oem7/bestpos,/novatel/oem7/bestvel,39.663,-75.756,33.181299433,0.003267124,-0.000047971,,,,113.010154758,novatel_oem7_msgs.msg.SolutionStatus(status=0),novatel_oem7_msgs.msg.PositionOrVelocityType(type=53)
1786043737415866855,1786043737.415463048,/novatel/oem7/odom,/novatel/oem7/bestpos,/novatel/oem7/odom,39.663,-75.756,33.181299433,0.003456955,-0.000120225,0.003129984,-0.001467561,-0.000120225,,,
1786043737425336308,1786043737.424988597,/novatel/oem7/inspva,/novatel/oem7/inspva,/novatel/oem7/inspva,39.663,-75.756,-1.801041996,0.003624375,0.000708781,-0.000643682,0.003566758,0.000708781,,novatel_oem7_msgs.msg.InertialSolutionStatus(status=3),
1786043737426153705,1786043737.425166972,/novatel/oem7/fix,/novatel/oem7/fix,/novatel/oem7/inspva,39.663,-75.756,-1.801041996,0.003624375,0.000708781,-0.000643682,0.003566758,0.000708781,,0,
1786043737426804275,1786043737.425585649,/novatel/oem7/odom,/novatel/oem7/fix,/novatel/oem7/odom,39.663,-75.756,-1.801041996,0.003622027,0.000720680,0.003526882,-0.000824735,0.000720680,,,
1786043737434883224,1786043737.434453421,/novatel/oem7/odom,/novatel/oem7/fix,/novatel/oem7/odom,39.663,-75.756,-1.801041996,0.003622027,0.000720680,0.003526882,-0.000824735,0.000720680,,,
1786043737446947416,1786043737.446590112,/novatel/oem7/inspva,/novatel/oem7/inspva,/novatel/oem7/inspva,39.663,-75.756,-1.801046449,0.002681189,-0.000346311,0.000917571,0.002519293,-0.000346311,,novatel_oem7_msgs.msg.InertialSolutionStatus(status=3),
1786043737447783829,1786043737.446754164,/novatel/oem7/fix,/novatel/oem7/fix,/novatel/oem7/inspva,39.663,-75.756,-1.801046449,0.002681189,-0.000346311,0.000917571,0.002519293,-0.000346311,,0,
1786043737448459402,1786043737.447082324,/novatel/oem7/odom,/novatel/oem7/fix,/novatel/oem7/odom,39.663,-75.756,-1.801046449,0.002682741,-0.000334072,0.002563772,0.000790047,-0.000334072,,,
1786043737456656542,1786043737.456179695,/novatel/oem7/odom,/novatel/oem7/fix,/novatel/oem7/odom,39.663,-75.756,-1.801046449,0.002682741,-0.000334072,0.002563772,0.000790047,-0.000334072,,,
1786043737465882612,1786043737.464963686,/novatel/oem7/inspva,/novatel/oem7/inspva,/novatel/oem7/inspva,39.663,-75.756,-1.801040479,0.002966432,-0.000548798,0.000709442,0.002880349,-0.000548798,,novatel_oem7_msgs.msg.InertialSolutionStatus(status=3),
1786043737467410467,1786043737.465187052,/novatel/oem7/fix,/novatel/oem7/fix,/novatel/oem7/inspva,39.663,-75.756,-1.801040479,0.002966432,-0.000548798,0.000709442,0.002880349,-0.000548798,,0,
1786043737468567749,1786043737.465586179,/novatel/oem7/odom,/novatel/oem7/fix,/novatel/oem7/odom,39.663,-75.756,-1.801040479,0.002682731,-0.000334153,0.002563753,0.000790075,-0.000334153,,,
1786043737476249682,1786043737.475562761,/novatel/oem7/odom,/novatel/oem7/fix,/novatel/oem7/odom,39.663,-75.756,-1.801040479,0.002968804,-0.000535820,0.002914643,0.000564494,-0.000535820,,,
1786043737486040656,1786043737.485453780,/novatel/oem7/inspva,/novatel/oem7/inspva,/novatel/oem7/inspva,39.663,-75.756,-1.801040591,0.003620658,-0.000976569,-0.000623201,0.003566621,-0.000976569,,novatel_oem7_msgs.msg.InertialSolutionStatus(status=3),
1786043737487531105,1786043737.485650122,/novatel/oem7/fix,/novatel/oem7/fix,/novatel/oem7/inspva,39.663,-75.756,-1.801040591,0.003620658,-0.000976569,-0.000623201,0.003566621,-0.000976569,,0,
1786043737488661082,1786043737.486250022,/novatel/oem7/odom,/novatel/oem7/fix,/novatel/oem7/odom,39.663,-75.756,-1.801040591,0.003623868,-0.000964589,0.003534462,-0.000800003,-0.000964589,,,
1786043737495847171,1786043737.495161014,/novatel/oem7/odom,/novatel/oem7/fix,/novatel/oem7/odom,39.663,-75.756,-1.801040591,0.003623868,-0.000964589,0.003534462,-0.000800003,-0.000964589,,,
1786043737506699242,1786043737.506133231,/novatel/oem7/inspva,/novatel/oem7/inspva,/novatel/oem7/inspva,39.663,-75.756,-1.801024701,0.003355759,-0.000262462,-0.001006111,0.003201384,-0.000262462,,novatel_oem7_msgs.msg.InertialSolutionStatus(status=3),
1786043737508184607,1786043737.506321549,/novatel/oem7/fix,/novatel/oem7/fix,/novatel/oem7/inspva,39.663,-75.756,-1.801024701,0.003355759,-0.000262462,-0.001006111,0.003201384,-0.000262462,,0,
1786043737509363659,1786043737.506744690,/novatel/oem7/odom,/novatel/oem7/fix,/novatel/oem7/odom,39.663,-75.756,-1.801024701,0.003356492,-0.000252916,0.003147528,-0.001165807,-0.000252916,,,
1786043737513178484,1786043737.512578775,/novatel/oem7/bestpos,/novatel/oem7/bestpos,/novatel/oem7/odom,39.663,-75.756,33.181334117,0.003356492,-0.000252916,0.003147528,-0.001165807,-0.000252916,,novatel_oem7_msgs.msg.SolutionStatus(status=0),novatel_oem7_msgs.msg.PositionOrVelocityType(type=53)
1786043737514743333,1786043737.513829134,/novatel/oem7/bestvel,/novatel/oem7/bestpos,/novatel/oem7/bestvel,39.663,-75.756,33.181334117,0.002821944,0.000007988,,,,110.330072345,novatel_oem7_msgs.msg.SolutionStatus(status=0),novatel_oem7_msgs.msg.PositionOrVelocityType(type=53)
1786043737516415909,1786043737.514765422,/novatel/oem7/odom,/novatel/oem7/bestpos,/novatel/oem7/odom,39.663,-75.756,33.181334117,0.003356492,-0.000252916,0.003147528,-0.001165807,-0.000252916,,,
1786043737525859764,1786043737.525300475,/novatel/oem7/inspva,/novatel/oem7/inspva,/novatel/oem7/inspva,39.663,-75.756,-1.801012726,0.003333189,0.001166844,0.001001856,0.003179062,0.001166844,,novatel_oem7_msgs.msg.InertialSolutionStatus(status=3),
1786043737527295615,1786043737.525481920,/novatel/oem7/fix,/novatel/oem7/fix,/novatel/oem7/inspva,39.663,-75.756,-1.801012726,0.003333189,0.001166844,0.001001856,0.003179062,0.001166844,,0,
1786043737528442976,1786043737.526062473,/novatel/oem7/odom,/novatel/oem7/fix,/novatel/oem7/odom,39.663,-75.756,-1.801012726,0.003327885,0.001181888,0.003220875,0.000837125,0.001181888,,,
1786043737536246201,1786043737.535605875,/novatel/oem7/odom,/novatel/oem7/fix,/novatel/oem7/odom,39.663,-75.756,-1.801012726,0.003327885,0.001181888,0.003220875,0.000837125,0.001181888,,,
1786043737545856313,1786043737.545305658,/novatel/oem7/inspva,/novatel/oem7/inspva,/novatel/oem7/inspva,39.663,-75.756,-1.801016347,0.003053805,-0.000125863,0.000852498,0.002932401,-0.000125863,,novatel_oem7_msgs.msg.InertialSolutionStatus(status=3),
1786043737547267357,1786043737.545494797,/novatel/oem7/fix,/novatel/oem7/fix,/novatel/oem7/inspva,39.663,-75.756,-1.801016347,0.003053805,-0.000125863,0.000852498,0.002932401,-0.000125863,,0,
1786043737548457869,1786043737.545923038,/novatel/oem7/odom,/novatel/oem7/fix,/novatel/oem7/odom,39.663,-75.756,-1.801016347,0.003054339,-0.000112162,0.002972178,0.000703667,-0.000112162,,,
1786043737556343785,1786043737.555647095,/novatel/oem7/odom,/novatel/oem7/fix,/novatel/oem7/odom,39.663,-75.756,-1.801016347,0.003054339,-0.000112162,0.002972178,0.000703667,-0.000112162,,,
1786043737567060869,1786043737.566531954,/novatel/oem7/inspva,/novatel/oem7/inspva,/novatel/oem7/inspva,39.663,-75.756,-1.801016857,0.003242592,-0.001039800,0.000209143,0.003235841,-0.001039800,,novatel_oem7_msgs.msg.InertialSolutionStatus(status=3),
1786043737568593660,1786043737.566706302,/novatel/oem7/fix,/novatel/oem7/fix,/novatel/oem7/inspva,39.663,-75.756,-1.801016857,0.003242592,-0.001039800,0.000209143,0.003235841,-0.001039800,,0,
1786043737569760986,1786043737.567059432,/novatel/oem7/odom,/novatel/oem7/fix,/novatel/oem7/odom,39.663,-75.756,-1.801016857,0.003246738,-0.001026782,0.003246381,0.000048142,-0.001026782,,,
1786043737575518386,1786043737.574849635,/novatel/oem7/odom,/novatel/oem7/fix,/novatel/oem7/odom,39.663,-75.756,-1.801016857,0.003246738,-0.001026782,0.003246381,0.000048142,-0.001026782,,,
1786043737585557217,1786043737.584965734,/novatel/oem7/inspva,/novatel/oem7/inspva,/novatel/oem7/inspva,39.663,-75.756,-1.801007678,0.003410349,-0.000933874,-0.000822653,0.003309640,-0.000933874,,novatel_oem7_msgs.msg.InertialSolutionStatus(status=3),
1786043737586996168,1786043737.585146702,/novatel/oem7/fix,/novatel/oem7/fix,/novatel/oem7/inspva,39.663,-75.756,-1.801007678,0.003410349,-0.000933874,-0.000822653,0.003309640,-0.000933874,,0,
1786043737588205213,1786043737.585476393,/novatel/oem7/odom,/novatel/oem7/fix,/novatel/oem7/odom,39.663,-75.756,-1.801007678,0.003413215,-0.000923342,0.003267586,-0.000986368,-0.000923342,,,
1786043737596146009,1786043737.595453819,/novatel/oem7/odom,/novatel/oem7/fix,/novatel/oem7/odom,39.663,-75.756,-1.801007678,0.003413215,-0.000923342,0.003267586,-0.000986368,-0.000923342,,,
1786043737606973840,1786043737.606443452,/novatel/oem7/inspva,/novatel/oem7/inspva,/novatel/oem7/inspva,39.663,-75.756,-1.800981023,0.003243236,0.001830499,0.000568425,0.003193035,0.001830499,,novatel_oem7_msgs.msg.InertialSolutionStatus(status=3),
1786043737608375681,1786043737.606611500,/novatel/oem7/fix,/novatel/oem7/fix,/novatel/oem7/inspva,39.663,-75.756,-1.800981023,0.003243236,0.001830499,0.000568425,0.003193035,0.001830499,,0,
1786043737609517329,1786043737.607092992,/novatel/oem7/odom,/novatel/oem7/fix,/novatel/oem7/odom,39.663,-75.756,-1.800981023,0.003235322,0.001844452,0.003210272,0.000401817,0.001844452,,,
1786043737611035181,1786043737.610465692,/novatel/oem7/bestpos,/novatel/oem7/bestpos,/novatel/oem7/odom,39.663,-75.756,33.181346668,0.003235322,0.001844452,0.003210272,0.000401817,0.001844452,,novatel_oem7_msgs.msg.SolutionStatus(status=0),novatel_oem7_msgs.msg.PositionOrVelocityType(type=53)
1786043737612564219,1786043737.610955417,/novatel/oem7/bestvel,/novatel/oem7/bestpos,/novatel/oem7/bestvel,39.663,-75.756,33.181346668,0.004217289,0.001139687,,,,77.036343446,novatel_oem7_msgs.msg.SolutionStatus(status=0),novatel_oem7_msgs.msg.PositionOrVelocityType(type=53)
1786043737615725285,1786043737.615019154,/novatel/oem7/odom,/novatel/oem7/bestpos,/novatel/oem7/odom,39.663,-75.756,33.181346668,0.003235322,0.001844452,0.003210272,0.000401817,0.001844452,,,
1786043737626647800,1786043737.626024604,/novatel/oem7/inspva,/novatel/oem7/inspva,/novatel/oem7/inspva,39.663,-75.756,-1.800983480,0.002970107,0.001160311,0.000477199,0.002931521,0.001160311,,novatel_oem7_msgs.msg.InertialSolutionStatus(status=3),
1786043737628133022,1786043737.626209593,/novatel/oem7/fix,/novatel/oem7/fix,/novatel/oem7/inspva,39.663,-75.756,-1.800983480,0.002970107,0.001160311,0.000477199,0.002931521,0.001160311,,0,
1786043737629292770,1786043737.626612112,/novatel/oem7/odom,/novatel/oem7/fix,/novatel/oem7/odom,39.663,-75.756,-1.800983480,0.002965108,0.001173027,0.002947171,0.000325648,0.001173027,,,
1786043737635265940,1786043737.634549453,/novatel/oem7/odom,/novatel/oem7/fix,/novatel/oem7/odom,39.663,-75.756,-1.800983480,0.002965108,0.001173027,0.002947171,0.000325648,0.001173027,,,
1786043737645676887,1786043737.645126374,/novatel/oem7/inspva,/novatel/oem7/inspva,/novatel/oem7/inspva,39.663,-75.756,-1.801004763,0.002477592,-0.002223591,0.000945168,0.002290222,-0.002223591,,novatel_oem7_msgs.msg.InertialSolutionStatus(status=3),
1786043737647268910,1786043737.645278876,/novatel/oem7/fix,/novatel/oem7/fix,/novatel/oem7/inspva,39.663,-75.756,-1.801004763,0.002477592,-0.002223591,0.000945168,0.002290222,-0.002223591,,0,
1786043737648374444,1786043737.645899172,/novatel/oem7/odom,/novatel/oem7/fix,/novatel/oem7/odom,39.663,-75.756,-1.801004763,0.002487817,-0.002212145,0.002343866,0.000833980,-0.002212145,,,
1786043737657090188,1786043737.656391824,/novatel/oem7/odom,/novatel/oem7/fix,/novatel/oem7/odom,39.663,-75.756,-1.801004763,0.002487817,-0.002212145,0.002343866,0.000833980,-0.002212145,,,
1786043737665738094,1786043737.665165225,/novatel/oem7/inspva,/novatel/oem7/inspva,/novatel/oem7/inspva,39.663,-75.756,-1.800994955,0.002611346,-0.001363697,0.000123053,0.002608446,-0.001363697,,novatel_oem7_msgs.msg.InertialSolutionStatus(status=3),
1786043737667135998,1786043737.665307900,/novatel/oem7/fix,/novatel/oem7/fix,/novatel/oem7/inspva,39.663,-75.756,-1.800994955,0.002611346,-0.001363697,0.000123053,0.002608446,-0.001363697,,0,
1786043737668229479,1786043737.665677717,/novatel/oem7/odom,/novatel/oem7/fix,/novatel/oem7/odom,39.663,-75.756,-1.800994955,0.002616753,-0.001353294,0.002616748,-0.000005317,-0.001353294,,,
1786043737675076517,1786043737.674328566,/novatel/oem7/odom,/novatel/oem7/fix,/novatel/oem7/odom,39.663,-75.756,-1.800994955,0.002616753,-0.001353294,0.002616748,-0.000005317,-0.001353294,,,
1786043737687054220,1786043737.686462224,/novatel/oem7/inspva,/novatel/oem7/inspva,/novatel/oem7/inspva,39.663,-75.756,-1.800978989,0.004297659,0.001089171,-0.000597896,0.004255866,0.001089171,,novatel_oem7_msgs.msg.InertialSolutionStatus(status=3),
1786043737688541822,1786043737.686612562,/novatel/oem7/fix,/novatel/oem7/fix,/novatel/oem7/inspva,39.663,-75.756,-1.800978989,0.004297659,0.001089171,-0.000597896,0.004255866,0.001089171,,0,
1786043737689692159,1786043737.687004859,/novatel/oem7/odom,/novatel/oem7/fix,/novatel/oem7/odom,39.663,-75.756,-1.800978989,0.004293881,0.001103972,0.004215874,-0.000814755,0.001103972,,,
1786043737695501841,1786043737.694795547,/novatel/oem7/odom,/novatel/oem7/fix,/novatel/oem7/odom,39.663,-75.756,-1.800978989,0.004293881,0.001103972,0.004215874,-0.000814755,0.001103972,,,
1786043737706366720,1786043737.705792117,/novatel/oem7/inspva,/novatel/oem7/inspva,/novatel/oem7/inspva,39.663,-75.756,-1.800980518,0.002860871,0.001244692,0.000081310,0.002859715,0.001244692,,novatel_oem7_msgs.msg.InertialSolutionStatus(status=3),
1786043737707827701,1786043737.705929625,/novatel/oem7/fix,/novatel/oem7/fix,/novatel/oem7/inspva,39.663,-75.756,-1.800980518,0.002860871,0.001244692,0.000081310,0.002859715,0.001244692,,0,
1786043737708994819,1786043737.706398246,/novatel/oem7/odom,/novatel/oem7/fix,/novatel/oem7/odom,39.663,-75.756,-1.800980518,0.002855921,0.001256008,0.002855151,-0.000066316,0.001256008,,,
1786043737710605762,1786043737.709495747,/novatel/oem7/bestpos,/novatel/oem7/bestpos,/novatel/oem7/odom,39.663,-75.756,33.181341624,0.002855921,0.001256008,0.002855151,-0.000066316,0.001256008,,novatel_oem7_msgs.msg.SolutionStatus(status=0),novatel_oem7_msgs.msg.PositionOrVelocityType(type=53)
1786043737712086207,1786043737.710137690,/novatel/oem7/bestvel,/novatel/oem7/bestpos,/novatel/oem7/bestvel,39.663,-75.756,33.181341624,0.003692922,0.000764629,,,,87.300483076,novatel_oem7_msgs.msg.SolutionStatus(status=0),novatel_oem7_msgs.msg.PositionOrVelocityType(type=53)
1786043737716011929,1786043737.715347434,/novatel/oem7/odom,/novatel/oem7/bestpos,/novatel/oem7/odom,39.663,-75.756,33.181341624,0.002855921,0.001256008,0.002855151,-0.000066316,0.001256008,,,
1786043737725839170,1786043737.725255675,/novatel/oem7/inspva,/novatel/oem7/inspva,/novatel/oem7/inspva,39.663,-75.756,-1.801002684,0.002515911,-0.001461637,0.001911163,0.001636235,-0.001461637,,novatel_oem7_msgs.msg.InertialSolutionStatus(status=3),
1786043737727336009,1786043737.725400290,/novatel/oem7/fix,/novatel/oem7/fix,/novatel/oem7/inspva,39.663,-75.756,-1.801002684,0.002515911,-0.001461637,0.001911163,0.001636235,-0.001461637,,0,
1786043737728600612,1786043737.726024426,/novatel/oem7/odom,/novatel/oem7/fix,/novatel/oem7/odom,39.663,-75.756,-1.801002684,0.002522574,-0.001450108,0.001736382,0.001829852,-0.001450108,,,
1786043737735536771,1786043737.734822596,/novatel/oem7/odom,/novatel/oem7/fix,/novatel/oem7/odom,39.663,-75.756,-1.801002684,0.002522574,-0.001450108,0.001736382,0.001829852,-0.001450108,,,
1786043737747626658,1786043737.746080416,/novatel/oem7/inspva,/novatel/oem7/inspva,/novatel/oem7/inspva,39.663,-75.756,-1.800996083,0.002456469,-0.001589135,0.001185311,0.002151576,-0.001589135,,novatel_oem7_msgs.msg.InertialSolutionStatus(status=3),
1786043737749001202,1786043737.746360879,/novatel/oem7/fix,/novatel/oem7/fix,/novatel/oem7/inspva,39.663,-75.756,-1.800996083,0.002456469,-0.001589135,0.001185311,0.002151576,-0.001589135,,0,
1786043737750090676,1786043737.747246095,/novatel/oem7/odom,/novatel/oem7/fix,/novatel/oem7/odom,39.663,-75.756,-1.800996083,0.002522567,-0.001450121,0.001736394,0.001829831,-0.001450121,,,
1786043737756469663,1786043737.755806435,/novatel/oem7/odom,/novatel/oem7/fix,/novatel/oem7/odom,39.663,-75.756,-1.800996083,0.002463885,-0.001577611,0.002214954,0.001079218,-0.001577611,,,
1786043737765820940,1786043737.765289868,/novatel/oem7/inspva,/novatel/oem7/inspva,/novatel/oem7/inspva,39.663,-75.756,-1.800980525,0.003407034,0.000705521,-0.000414363,0.003381743,0.000705521,,novatel_oem7_msgs.msg.InertialSolutionStatus(status=3),
1786043737767174873,1786043737.765494220,/novatel/oem7/fix,/novatel/oem7/fix,/novatel/oem7/inspva,39.663,-75.756,-1.800980525,0.003407034,0.000705521,-0.000414363,0.003381743,0.000705521,,0,
1786043737768252681,1786043737.765957865,/novatel/oem7/odom,/novatel/oem7/fix,/novatel/oem7/odom,39.663,-75.756,-1.800980525,0.003404537,0.000717474,0.003353672,-0.000586311,0.000717474,,,
1786043737776183910,1786043737.775548658,/novatel/oem7/odom,/novatel/oem7/fix,/novatel/oem7/odom,39.663,-75.756,-1.800980525,0.003404537,0.000717474,0.003353672,-0.000586311,0.000717474,,,
1786043737785739772,1786043737.785220523,/novatel/oem7/inspva,/novatel/oem7/inspva,/novatel/oem7/inspva,39.663,-75.756,-1.800984254,0.004033427,0.000756114,-0.000012860,0.004033406,0.000756114,,novatel_oem7_msgs.msg.InertialSolutionStatus(status=3),
1786043737787055878,1786043737.785397015,/novatel/oem7/fix,/novatel/oem7/fix,/novatel/oem7/inspva,39.663,-75.756,-1.800984254,0.004033427,0.000756114,-0.000012860,0.004033406,0.000756114,,0,
1786043737788123116,1786043737.785875434,/novatel/oem7/odom,/novatel/oem7/fix,/novatel/oem7/odom,39.663,-75.756,-1.800984254,0.004030486,0.000771638,0.004024566,-0.000218373,0.000771638,,,
1786043737795133499,1786043737.794511443,/novatel/oem7/odom,/novatel/oem7/fix,/novatel/oem7/odom,39.663,-75.756,-1.800984254,0.004030486,0.000771638,0.004024566,-0.000218373,0.000771638,,,
1786043737807044765,1786043737.806540120,/novatel/oem7/inspva,/novatel/oem7/inspva,/novatel/oem7/inspva,39.663,-75.756,-1.800993241,0.002630513,0.000011737,0.001403221,0.002224987,0.000011737,,novatel_oem7_msgs.msg.InertialSolutionStatus(status=3),
1786043737808359671,1786043737.806708145,/novatel/oem7/fix,/novatel/oem7/fix,/novatel/oem7/inspva,39.663,-75.756,-1.800993241,0.002630513,0.000011737,0.001403221,0.002224987,0.000011737,,0,
1786043737809407858,1786043737.807114092,/novatel/oem7/odom,/novatel/oem7/fix,/novatel/oem7/odom,39.663,-75.756,-1.800993241,0.002630427,0.000024206,0.002292904,0.001289085,0.000024206,,,
1786043737811263473,1786043737.810343651,/novatel/oem7/bestpos,/novatel/oem7/bestpos,/novatel/oem7/odom,39.663,-75.756,33.181336694,0.002630427,0.000024206,0.002292904,0.001289085,0.000024206,,novatel_oem7_msgs.msg.SolutionStatus(status=0),novatel_oem7_msgs.msg.PositionOrVelocityType(type=53)
1786043737812862729,1786043737.810826743,/novatel/oem7/bestvel,/novatel/oem7/bestpos,/novatel/oem7/bestvel,39.663,-75.756,33.181336694,0.003546872,-0.000551602,,,,65.052826747,novatel_oem7_msgs.msg.SolutionStatus(status=0),novatel_oem7_msgs.msg.PositionOrVelocityType(type=53)
1786043737816292550,1786043737.815634601,/novatel/oem7/odom,/novatel/oem7/bestpos,/novatel/oem7/odom,39.663,-75.756,33.181336694,0.002630427,0.000024206,0.002292904,0.001289085,0.000024206,,,
1786043737825755032,1786043737.825232443,/novatel/oem7/inspva,/novatel/oem7/inspva,/novatel/oem7/inspva,39.663,-75.756,-1.800992951,0.002797935,-0.001252374,0.001377314,0.002435456,-0.001252374,,novatel_oem7_msgs.msg.InertialSolutionStatus(status=3),
1786043737827127112,1786043737.825438802,/novatel/oem7/fix,/novatel/oem7/fix,/novatel/oem7/inspva,39.663,-75.756,-1.800992951,0.002797935,-0.001252374,0.001377314,0.002435456,-0.001252374,,0,
1786043737828231080,1786043737.825798068,/novatel/oem7/odom,/novatel/oem7/fix,/novatel/oem7/odom,39.663,-75.756,-1.800992951,0.002803792,-0.001239207,0.002506832,0.001255803,-0.001239207,,,
1786043737836259783,1786043737.835579000,/novatel/oem7/odom,/novatel/oem7/fix,/novatel/oem7/odom,39.663,-75.756,-1.800992951,0.002803792,-0.001239207,0.002506832,0.001255803,-0.001239207,,,
1786043737847049064,1786043737.846513679,/novatel/oem7/inspva,/novatel/oem7/inspva,/novatel/oem7/inspva,39.663,-75.756,-1.800984841,0.003143498,-0.000277797,-0.000746583,0.003053554,-0.000277797,,novatel_oem7_msgs.msg.InertialSolutionStatus(status=3),
1786043737848511315,1786043737.846688664,/novatel/oem7/fix,/novatel/oem7/fix,/novatel/oem7/inspva,39.663,-75.756,-1.800984841,0.003143498,-0.000277797,-0.000746583,0.003053554,-0.000277797,,0,
1786043737849559866,1786043737.846882555,/novatel/oem7/odom,/novatel/oem7/fix,/novatel/oem7/odom,39.663,-75.756,-1.800984841,0.003144339,-0.000268102,0.003013071,-0.000899040,-0.000268102,,,
1786043737857010590,1786043737.856361597,/novatel/oem7/odom,/novatel/oem7/fix,/novatel/oem7/odom,39.663,-75.756,-1.800984841,0.003144339,-0.000268102,0.003013071,-0.000899040,-0.000268102,,,
1786043737866525039,1786043737.865993927,/novatel/oem7/inspva,/novatel/oem7/inspva,/novatel/oem7/inspva,39.663,-75.756,-1.800981342,0.003843409,0.000101370,-0.000248043,0.003835396,0.000101370,,novatel_oem7_msgs.msg.InertialSolutionStatus(status=3),
1786043737867864445,1786043737.866179788,/novatel/oem7/fix,/novatel/oem7/fix,/novatel/oem7/inspva,39.663,-75.756,-1.800981342,0.003843409,0.000101370,-0.000248043,0.003835396,0.000101370,,0,
1786043737868927799,1786043737.866495360,/novatel/oem7/odom,/novatel/oem7/fix,/novatel/oem7/odom,39.663,-75.756,-1.800981342,0.003843011,0.000115465,0.003817559,-0.000441565,0.000115465,,,
1786043737875228279,1786043737.874580285,/novatel/oem7/odom,/novatel/oem7/fix,/novatel/oem7/odom,39.663,-75.756,-1.800981342,0.003843011,0.000115465,0.003817559,-0.000441565,0.000115465,,,
1786043737885723553,1786043737.885190558,/novatel/oem7/inspva,/novatel/oem7/inspva,/novatel/oem7/inspva,39.663,-75.756,-1.800972516,0.003248329,0.001256820,0.000894196,0.003122828,0.001256820,,novatel_oem7_msgs.msg.InertialSolutionStatus(status=3),
1786043737887066617,1786043737.885387630,/novatel/oem7/fix,/novatel/oem7/fix,/novatel/oem7/inspva,39.663,-75.756,-1.800972516,0.003248329,0.001256820,0.000894196,0.003122828,0.001256820,,0,
1786043737888129424,1786043737.885844515,/novatel/oem7/odom,/novatel/oem7/fix,/novatel/oem7/odom,39.663,-75.756,-1.800972516,0.003242648,0.001271403,0.003158900,0.000732201,0.001271403,,,
1786043737896073504,1786043737.895406153,/novatel/oem7/odom,/novatel/oem7/fix,/novatel/oem7/odom,39.663,-75.756,-1.800972516,0.003242648,0.001271403,0.003158900,0.000732201,0.001271403,,,
1786043737906671406,1786043737.906166338,/novatel/oem7/inspva,/novatel/oem7/inspva,/novatel/oem7/inspva,39.663,-75.756,-1.800973443,0.002872702,-0.000123524,0.001510552,0.002443492,-0.000123524,,novatel_oem7_msgs.msg.InertialSolutionStatus(status=3),
1786043737908018856,1786043737.906326122,/novatel/oem7/fix,/novatel/oem7/fix,/novatel/oem7/inspva,39.663,-75.756,-1.800973443,0.002872702,-0.000123524,0.001510552,0.002443492,-0.000123524,,0,
1786043737909054646,1786043737.906814837,/novatel/oem7/odom,/novatel/oem7/fix,/novatel/oem7/odom,39.663,-75.756,-1.800973443,0.002873256,-0.000109890,0.002517079,0.001385609,-0.000109890,,,
1786043737910506394,1786043737.909900632,/novatel/oem7/bestpos,/novatel/oem7/bestpos,/novatel/oem7/odom,39.663,-75.756,33.181352782,0.002873256,-0.000109890,0.002517079,0.001385609,-0.000109890,,novatel_oem7_msgs.msg.SolutionStatus(status=0),novatel_oem7_msgs.msg.PositionOrVelocityType(type=53)
1786043737912079157,1786043737.910499488,/novatel/oem7/bestvel,/novatel/oem7/bestpos,/novatel/oem7/bestvel,39.663,-75.756,33.181352782,0.004099468,-0.000795974,,,,69.570875140,novatel_oem7_msgs.msg.SolutionStatus(status=0),novatel_oem7_msgs.msg.PositionOrVelocityType(type=53)
1786043737915083830,1786043737.914428987,/novatel/oem7/odom,/novatel/oem7/bestpos,/novatel/oem7/odom,39.663,-75.756,33.181352782,0.002873256,-0.000109890,0.002517079,0.001385609,-0.000109890,,,
1786043737927121327,1786043737.926593641,/novatel/oem7/inspva,/novatel/oem7/inspva,/novatel/oem7/inspva,39.663,-75.756,-1.800985983,0.002440872,-0.002015882,-0.000336943,0.002417505,-0.002015882,,novatel_oem7_msgs.msg.InertialSolutionStatus(status=3),
1786043737928441077,1786043737.926769693,/novatel/oem7/fix,/novatel/oem7/fix,/novatel/oem7/inspva,39.663,-75.756,-1.800985983,0.002440872,-0.002015882,-0.000336943,0.002417505,-0.002015882,,0,
1786043737929482350,1786043737.927244638,/novatel/oem7/odom,/novatel/oem7/fix,/novatel/oem7/odom,39.663,-75.756,-1.800985983,0.002447748,-0.002007528,0.002405388,-0.000453410,-0.002007528,,,
1786043737936275191,1786043737.935614409,/novatel/oem7/odom,/novatel/oem7/fix,/novatel/oem7/odom,39.663,-75.756,-1.800985983,0.002447748,-0.002007528,0.002405388,-0.000453410,-0.002007528,,,
1786043737947034296,1786043737.946397059,/novatel/oem7/inspva,/novatel/oem7/inspva,/novatel/oem7/inspva,39.663,-75.756,-1.800973441,0.003746050,-0.000838331,0.000013365,0.003746027,-0.000838331,,novatel_oem7_msgs.msg.InertialSolutionStatus(status=3),
1786043737948369302,1786043737.946597684,/novatel/oem7/fix,/novatel/oem7/fix,/novatel/oem7/inspva,39.663,-75.756,-1.800973441,0.003746050,-0.000838331,0.000013365,0.003746027,-0.000838331,,0,
1786043737949442840,1786043737.947150240,/novatel/oem7/odom,/novatel/oem7/fix,/novatel/oem7/odom,39.663,-75.756,-1.800973441,0.003749252,-0.000823896,0.003745230,-0.000173601,-0.000823896,,,
1786043737956387509,1786043737.955741419,/novatel/oem7/odom,/novatel/oem7/fix,/novatel/oem7/odom,39.663,-75.756,-1.800973441,0.003749252,-0.000823896,0.003745230,-0.000173601,-0.000823896,,,
1786043737966153883,1786043737.965608001,/novatel/oem7/inspva,/novatel/oem7/inspva,/novatel/oem7/inspva,39.663,-75.756,-1.800962372,0.002898707,0.001083714,0.000804551,0.002784816,0.001083714,,novatel_oem7_msgs.msg.InertialSolutionStatus(status=3),
1786043737967531943,1786043737.965799460,/novatel/oem7/fix,/novatel/oem7/fix,/novatel/oem7/inspva,39.663,-75.756,-1.800962372,0.002898707,0.001083714,0.000804551,0.002784816,0.001083714,,0,
1786043737968614821,1786043737.966605838,/novatel/oem7/odom,/novatel/oem7/fix,/novatel/oem7/odom,39.663,-75.756,-1.800962372,0.002893789,0.001096779,0.002817470,0.000660211,0.001096779,,,
1786043737975319825,1786043737.974656215,/novatel/oem7/odom,/novatel/oem7/fix,/novatel/oem7/odom,39.663,-75.756,-1.800962372,0.002893789,0.001096779,0.002817470,0.000660211,0.001096779,,,
1786043737985611204,1786043737.985078462,/novatel/oem7/inspva,/novatel/oem7/inspva,/novatel/oem7/inspva,39.663,-75.756,-1.800972941,0.003165070,-0.000209750,0.001569688,0.002748408,-0.000209750,,novatel_oem7_msgs.msg.InertialSolutionStatus(status=3),
1786043737986953591,1786043737.985252864,/novatel/oem7/fix,/novatel/oem7/fix,/novatel/oem7/inspva,39.663,-75.756,-1.800972941,0.003165070,-0.000209750,0.001569688,0.002748408,-0.000209750,,0,
1786043737988006462,1786043737.985905164,/novatel/oem7/odom,/novatel/oem7/fix,/novatel/oem7/odom,39.663,-75.756,-1.800972941,0.003166023,-0.000194837,0.002824919,0.001429522,-0.000194837,,,
1786043737995266527,1786043737.994644822,/novatel/oem7/odom,/novatel/oem7/fix,/novatel/oem7/odom,39.663,-75.756,-1.800972941,0.003166023,-0.000194837,0.002824919,0.001429522,-0.000194837,,,
1786043738008992631,1786043738.008466869,/novatel/oem7/inspva,/novatel/oem7/inspva,/novatel/oem7/inspva,39.663,-75.756,-1.800998610,0.003176164,-0.002377459,0.001126825,0.002969560,-0.002377459,,novatel_oem7_msgs.msg.InertialSolutionStatus(status=3),
1786043738010313768,1786043738.008621631,/novatel/oem7/fix,/novatel/oem7/fix,/novatel/oem7/inspva,39.663,-75.756,-1.800998610,0.003176164,-0.002377459,0.001126825,0.002969560,-0.002377459,,0,
1786043738012608200,1786043738.011927317,/novatel/oem7/odom,/novatel/oem7/fix,/novatel/oem7/odom,39.663,-75.756,-1.800998610,0.003186990,-0.002362927,0.003032067,0.000981567,-0.002362927,,,
1786043738016291564,1786043738.015636131,/novatel/oem7/odom,/novatel/oem7/fix,/novatel/oem7/odom,39.663,-75.756,-1.800998610,0.003186990,-0.002362927,0.003032067,0.000981567,-0.002362927,,,
1786043738027570473,1786043738.026954871,/novatel/oem7/bestpos,/novatel/oem7/bestpos,/novatel/oem7/odom,39.663,-75.756,33.181339140,0.003186990,-0.002362927,0.003032067,0.000981567,-0.002362927,,novatel_oem7_msgs.msg.SolutionStatus(status=0),novatel_oem7_msgs.msg.PositionOrVelocityType(type=53)
1786043738029011487,1786043738.027389798,/novatel/oem7/bestvel,/novatel/oem7/bestpos,/novatel/oem7/bestvel,39.663,-75.756,33.181339140,0.002974500,-0.002365619,,,,61.436120956,novatel_oem7_msgs.msg.SolutionStatus(status=0),novatel_oem7_msgs.msg.PositionOrVelocityType(type=53)
1786043738029945723,1786043738.027859820,/novatel/oem7/inspva,/novatel/oem7/inspva,/novatel/oem7/inspva,39.663,-75.756,-1.800996600,0.002783900,-0.001997903,0.000851180,0.002650584,-0.001997903,,novatel_oem7_msgs.msg.InertialSolutionStatus(status=3),
1786043738030798135,1786043738.028021751,/novatel/oem7/fix,/novatel/oem7/fix,/novatel/oem7/inspva,39.663,-75.756,-1.800996600,0.002783900,-0.001997903,0.000851180,0.002650584,-0.001997903,,0,
1786043738031847762,1786043738.028335721,/novatel/oem7/odom,/novatel/oem7/fix,/novatel/oem7/odom,39.663,-75.756,-1.800996600,0.002792859,-0.001985361,0.002698077,0.000721414,-0.001985361,,,
1786043738035542882,1786043738.034886455,/novatel/oem7/odom,/novatel/oem7/fix,/novatel/oem7/odom,39.663,-75.756,-1.800996600,0.002792859,-0.001985361,0.002698077,0.000721414,-0.001985361,,,
1786043738045816765,1786043738.045273390,/novatel/oem7/inspva,/novatel/oem7/inspva,/novatel/oem7/inspva,39.663,-75.756,-1.800968246,0.003728196,0.001214239,0.000216282,0.003721917,0.001214239,,novatel_oem7_msgs.msg.InertialSolutionStatus(status=3),
1786043738047142918,1786043738.045444098,/novatel/oem7/fix,/novatel/oem7/fix,/novatel/oem7/inspva,39.663,-75.756,-1.800968246,0.003728196,0.001214239,0.000216282,0.003721917,0.001214239,,0,
1786043738048203533,1786043738.046099038,/novatel/oem7/odom,/novatel/oem7/fix,/novatel/oem7/odom,39.663,-75.756,-1.800968246,0.003723299,0.001229172,0.003723215,0.000025041,0.001229172,,,
1786043738056657197,1786043738.056000519,/novatel/oem7/odom,/novatel/oem7/fix,/novatel/oem7/odom,39.663,-75.756,-1.800968246,0.003723299,0.001229172,0.003723215,0.000025041,0.001229172,,,
1786043738065835182,1786043738.065323304,/novatel/oem7/inspva,/novatel/oem7/inspva,/novatel/oem7/inspva,39.663,-75.756,-1.800971150,0.003205614,0.000693459,0.000786753,0.003107569,0.000693459,,novatel_oem7_msgs.msg.InertialSolutionStatus(status=3),
1786043738067143275,1786043738.065491002,/novatel/oem7/fix,/novatel/oem7/fix,/novatel/oem7/inspva,39.663,-75.756,-1.800971150,0.003205614,0.000693459,0.000786753,0.003107569,0.000693459,,0,
1786043738068185445,1786043738.065935136,/novatel/oem7/odom,/novatel/oem7/fix,/novatel/oem7/odom,39.663,-75.756,-1.800971150,0.003202513,0.000707645,0.003140502,0.000627164,0.000707645,,,
1786043738075080494,1786043738.074453881,/novatel/oem7/odom,/novatel/oem7/fix,/novatel/oem7/odom,39.663,-75.756,-1.800971150,0.003202513,0.000707645,0.003140502,0.000627164,0.000707645,,,
1786043738087171418,1786043738.086648097,/novatel/oem7/inspva,/novatel/oem7/inspva,/novatel/oem7/inspva,39.663,-75.756,-1.800987332,0.003150263,-0.001783863,0.001699016,0.002652829,-0.001783863,,novatel_oem7_msgs.msg.InertialSolutionStatus(status=3),
1786043738088507558,1786043738.086830075,/novatel/oem7/fix,/novatel/oem7/fix,/novatel/oem7/inspva,39.663,-75.756,-1.800987332,0.003150263,-0.001783863,0.001699016,0.002652829,-0.001783863,,0,
1786043738089547629,1786043738.087234976,/novatel/oem7/odom,/novatel/oem7/fix,/novatel/oem7/odom,39.663,-75.756,-1.800987332,0.003158638,-0.001768991,0.002742257,0.001567488,-0.001768991,,,
1786043738095315146,1786043738.094678648,/novatel/oem7/odom,/novatel/oem7/fix,/novatel/oem7/odom,39.663,-75.756,-1.800987332,0.003158638,-0.001768991,0.002742257,0.001567488,-0.001768991,,,
1786043738106652133,1786043738.106128101,/novatel/oem7/inspva,/novatel/oem7/inspva,/novatel/oem7/inspva,39.663,-75.756,-1.800972310,0.003194709,-0.001570365,0.000991017,0.003037112,-0.001570365,,novatel_oem7_msgs.msg.InertialSolutionStatus(status=3),
1786043738107957176,1786043738.106307319,/novatel/oem7/fix,/novatel/oem7/fix,/novatel/oem7/inspva,39.663,-75.756,-1.800972310,0.003194709,-0.001570365,0.000991017,0.003037112,-0.001570365,,0,
1786043738108996623,1786043738.106775548,/novatel/oem7/odom,/novatel/oem7/fix,/novatel/oem7/odom,39.663,-75.756,-1.800972310,0.003201781,-0.001555895,0.003089508,0.000840440,-0.001555895,,,
1786043738110410470,1786043738.109519775,/novatel/oem7/bestpos,/novatel/oem7/bestpos,/novatel/oem7/odom,39.663,-75.756,33.181402599,0.003201781,-0.001555895,0.003089508,0.000840440,-0.001555895,,novatel_oem7_msgs.msg.SolutionStatus(status=0),novatel_oem7_msgs.msg.PositionOrVelocityType(type=53)
1786043738111794328,1786043738.110209242,/novatel/oem7/bestvel,/novatel/oem7/bestpos,/novatel/oem7/bestvel,39.663,-75.756,33.181402599,0.003601565,-0.001422651,,,,86.095083397,novatel_oem7_msgs.msg.SolutionStatus(status=0),novatel_oem7_msgs.msg.PositionOrVelocityType(type=53)
1786043738115328506,1786043738.114718791,/novatel/oem7/odom,/novatel/oem7/bestpos,/novatel/oem7/odom,39.663,-75.756,33.181402599,0.003201781,-0.001555895,0.003089508,0.000840440,-0.001555895,,,
1786043738125613496,1786043738.125096147,/novatel/oem7/inspva,/novatel/oem7/inspva,/novatel/oem7/inspva,39.663,-75.756,-1.800945488,0.003267175,0.000788893,-0.000119275,0.003264997,0.000788893,,novatel_oem7_msgs.msg.InertialSolutionStatus(status=3),
1786043738126950189,1786043738.125261838,/novatel/oem7/fix,/novatel/oem7/fix,/novatel/oem7/inspva,39.663,-75.756,-1.800945488,0.003267175,0.000788893,-0.000119275,0.003264997,0.000788893,,0,
1786043738127985756,1786043738.125681299,/novatel/oem7/odom,/novatel/oem7/fix,/novatel/oem7/odom,39.663,-75.756,-1.800945488,0.003264164,0.000801259,0.003251618,-0.000285917,0.000801259,,,
1786043738135479687,1786043738.134848597,/novatel/oem7/odom,/novatel/oem7/fix,/novatel/oem7/odom,39.663,-75.756,-1.800945488,0.003264164,0.000801259,0.003251618,-0.000285917,0.000801259,,,
1786043738146525031,1786043738.145979432,/novatel/oem7/inspva,/novatel/oem7/inspva,/novatel/oem7/inspva,39.663,-75.756,-1.800951970,0.004039440,0.000394506,0.000286279,0.004029283,0.000394506,,novatel_oem7_msgs.msg.InertialSolutionStatus(status=3),
1786043738147862061,1786043738.146147631,/novatel/oem7/fix,/novatel/oem7/fix,/novatel/oem7/inspva,39.663,-75.756,-1.800951970,0.004039440,0.000394506,0.000286279,0.004029283,0.000394506,,0,
1786043738148921778,1786043738.146549518,/novatel/oem7/odom,/novatel/oem7/fix,/novatel/oem7/odom,39.663,-75.756,-1.800951970,0.004037808,0.000410879,0.004036985,0.000081508,0.000410879,,,
1786043738156277228,1786043738.155655104,/novatel/oem7/odom,/novatel/oem7/fix,/novatel/oem7/odom,39.663,-75.756,-1.800951970,0.004037808,0.000410879,0.004036985,0.000081508,0.000410879,,,
1786043738165788547,1786043738.165252928,/novatel/oem7/inspva,/novatel/oem7/inspva,/novatel/oem7/inspva,39.663,-75.756,-1.800972771,0.003044729,-0.001570209,0.001441755,0.002681738,-0.001570209,,novatel_oem7_msgs.msg.InertialSolutionStatus(status=3),
1786043738167220424,1786043738.165446100,/novatel/oem7/fix,/novatel/oem7/fix,/novatel/oem7/inspva,39.663,-75.756,-1.800972771,0.003044729,-0.001570209,0.001441755,0.002681738,-0.001570209,,0,
1786043738168304315,1786043738.166091557,/novatel/oem7/odom,/novatel/oem7/fix,/novatel/oem7/odom,39.663,-75.756,-1.800972771,0.003052105,-0.001555822,0.002757388,0.001308495,-0.001555822,,,
1786043738176246491,1786043738.175537077,/novatel/oem7/odom,/novatel/oem7/fix,/novatel/oem7/odom,39.663,-75.756,-1.800972771,0.003052105,-0.001555822,0.002757388,0.001308495,-0.001555822,,,
1786043738185639238,1786043738.185048492,/novatel/oem7/inspva,/novatel/oem7/inspva,/novatel/oem7/inspva,39.663,-75.756,-1.800972186,0.002459301,-0.001566500,0.001385033,0.002032202,-0.001566500,,novatel_oem7_msgs.msg.InertialSolutionStatus(status=3),
1786043738187004205,1786043738.185207561,/novatel/oem7/fix,/novatel/oem7/fix,/novatel/oem7/inspva,39.663,-75.756,-1.800972186,0.002459301,-0.001566500,0.001385033,0.002032202,-0.001566500,,0,
1786043738188099880,1786043738.185614685,/novatel/oem7/odom,/novatel/oem7/fix,/novatel/oem7/odom,39.663,-75.756,-1.800972186,0.002466675,-0.001554862,0.002105743,0.001284654,-0.001554862,,,
1786043738195152436,1786043738.194352657,/novatel/oem7/odom,/novatel/oem7/fix,/novatel/oem7/odom,39.663,-75.756,-1.800972186,0.002466675,-0.001554862,0.002105743,0.001284654,-0.001554862,,,
1786043738206858763,1786043738.206534557,/novatel/oem7/inspva,/novatel/oem7/inspva,/novatel/oem7/inspva,39.663,-75.756,-1.800973899,0.003840464,-0.001177597,-0.000439809,0.003815197,-0.001177597,,novatel_oem7_msgs.msg.InertialSolutionStatus(status=3),
1786043738207587112,1786043738.206679948,/novatel/oem7/fix,/novatel/oem7/fix,/novatel/oem7/inspva,39.663,-75.756,-1.800973899,0.003840464,-0.001177597,-0.000439809,0.003815197,-0.001177597,,0,
1786043738208079893,1786043738.207097919,/novatel/oem7/odom,/novatel/oem7/fix,/novatel/oem7/odom,39.663,-75.756,-1.800973899,0.003844580,-0.001164088,0.003792804,-0.000628836,-0.001164088,,,
1786043738211687854,1786043738.211333812,/novatel/oem7/bestpos,/novatel/oem7/bestpos,/novatel/oem7/odom,39.663,-75.756,33.181398004,0.003844580,-0.001164088,0.003792804,-0.000628836,-0.001164088,,novatel_oem7_msgs.msg.SolutionStatus(status=0),novatel_oem7_msgs.msg.PositionOrVelocityType(type=53)
1786043738212374765,1786043738.211773896,/novatel/oem7/bestvel,/novatel/oem7/bestpos,/novatel/oem7/bestvel,39.663,-75.756,33.181398004,0.003285436,-0.000836978,,,,99.118356527,novatel_oem7_msgs.msg.SolutionStatus(status=0),novatel_oem7_msgs.msg.PositionOrVelocityType(type=53)
1786043738215414211,1786043738.215039195,/novatel/oem7/odom,/novatel/oem7/bestpos,/novatel/oem7/odom,39.663,-75.756,33.181398004,0.003844580,-0.001164088,0.003792804,-0.000628836,-0.001164088,,,
1786043738225438430,1786043738.225072089,/novatel/oem7/inspva,/novatel/oem7/inspva,/novatel/oem7/inspva,39.663,-75.756,-1.800977617,0.003042250,-0.000238922,-0.000274696,0.003029822,-0.000238922,,novatel_oem7_msgs.msg.InertialSolutionStatus(status=3),
1786043738226128031,1786043738.225232777,/novatel/oem7/fix,/novatel/oem7/fix,/novatel/oem7/inspva,39.663,-75.756,-1.800977617,0.003042250,-0.000238922,-0.000274696,0.003029822,-0.000238922,,0,
1786043738226638044,1786043738.225559039,/novatel/oem7/odom,/novatel/oem7/fix,/novatel/oem7/odom,39.663,-75.756,-1.800977617,0.003043090,-0.000227973,0.003013029,-0.000426676,-0.000227973,,,
1786043738235296310,1786043738.234815122,/novatel/oem7/odom,/novatel/oem7/fix,/novatel/oem7/odom,39.663,-75.756,-1.800977617,0.003043090,-0.000227973,0.003013029,-0.000426676,-0.000227973,,,
1786043738245731253,1786043738.245351344,/novatel/oem7/inspva,/novatel/oem7/inspva,/novatel/oem7/inspva,39.663,-75.756,-1.800995252,0.002763034,-0.000872773,0.001427959,0.002365436,-0.000872773,,novatel_oem7_msgs.msg.InertialSolutionStatus(status=3),
1786043738246434630,1786043738.245536546,/novatel/oem7/fix,/novatel/oem7/fix,/novatel/oem7/inspva,39.663,-75.756,-1.800995252,0.002763034,-0.000872773,0.001427959,0.002365436,-0.000872773,,0,
1786043738246950164,1786043738.246024759,/novatel/oem7/odom,/novatel/oem7/fix,/novatel/oem7/odom,39.663,-75.756,-1.800995252,0.002767127,-0.000859706,0.002437977,0.001308916,-0.000859706,,,
1786043738257120536,1786043738.256578747,/novatel/oem7/odom,/novatel/oem7/fix,/novatel/oem7/odom,39.663,-75.756,-1.800995252,0.002767127,-0.000859706,0.002437977,0.001308916,-0.000859706,,,
1786043738266604589,1786043738.266099315,/novatel/oem7/inspva,/novatel/oem7/inspva,/novatel/oem7/inspva,39.663,-75.756,-1.800993271,0.001961685,-0.000755069,0.001458629,0.001311721,-0.000755069,,novatel_oem7_msgs.msg.InertialSolutionStatus(status=3),
1786043738267369428,1786043738.266250326,/novatel/oem7/fix,/novatel/oem7/fix,/novatel/oem7/inspva,39.663,-75.756,-1.800993271,0.001961685,-0.000755069,0.001458629,0.001311721,-0.000755069,,0,
1786043738267893470,1786043738.266714401,/novatel/oem7/odom,/novatel/oem7/fix,/novatel/oem7/odom,39.663,-75.756,-1.800993271,0.001965153,-0.000745997,0.001386702,0.001392438,-0.000745997,,,
1786043738275191871,1786043738.274590033,/novatel/oem7/odom,/novatel/oem7/fix,/novatel/oem7/odom,39.663,-75.756,-1.800993271,0.001965153,-0.000745997,0.001386702,0.001392438,-0.000745997,,,
1786043738285670476,1786043738.285337727,/novatel/oem7/inspva,/novatel/oem7/inspva,/novatel/oem7/inspva,39.663,-75.756,-1.800993975,0.002215407,-0.001043769,-0.000239644,0.002202408,-0.001043769,,novatel_oem7_msgs.msg.InertialSolutionStatus(status=3),
1786043738286292178,1786043738.285528193,/novatel/oem7/fix,/novatel/oem7/fix,/novatel/oem7/inspva,39.663,-75.756,-1.800993975,0.002215407,-0.001043769,-0.000239644,0.002202408,-0.001043769,,0,
1786043738287013045,1786043738.286125889,/novatel/oem7/odom,/novatel/oem7/fix,/novatel/oem7/odom,39.663,-75.756,-1.800993975,0.002219093,-0.001035909,0.002191654,-0.000347892,-0.001035909,,,
1786043738295892664,1786043738.295454292,/novatel/oem7/odom,/novatel/oem7/fix,/novatel/oem7/odom,39.663,-75.756,-1.800993975,0.002219093,-0.001035909,0.002191654,-0.000347892,-0.001035909,,,
1786043738306563899,1786043738.306075901,/novatel/oem7/inspva,/novatel/oem7/inspva,/novatel/oem7/inspva,39.663,-75.756,-1.800994255,0.003702129,-0.000527623,-0.000674083,0.003640243,-0.000527623,,novatel_oem7_msgs.msg.InertialSolutionStatus(status=3),
1786043738307241166,1786043738.306224672,/novatel/oem7/fix,/novatel/oem7/fix,/novatel/oem7/inspva,39.663,-75.756,-1.800994255,0.003702129,-0.000527623,-0.000674083,0.003640243,-0.000527623,,0,
1786043738307749066,1786043738.306648004,/novatel/oem7/odom,/novatel/oem7/fix,/novatel/oem7/odom,39.663,-75.756,-1.800994255,0.003703848,-0.000515417,0.003603650,-0.000855687,-0.000515417,,,
1786043738309691237,1786043738.309051061,/novatel/oem7/bestpos,/novatel/oem7/bestpos,/novatel/oem7/odom,39.663,-75.756,33.181368927,0.003703848,-0.000515417,0.003603650,-0.000855687,-0.000515417,,novatel_oem7_msgs.msg.SolutionStatus(status=0),novatel_oem7_msgs.msg.PositionOrVelocityType(type=53)
1786043738311107574,1786043738.309580019,/novatel/oem7/bestvel,/novatel/oem7/bestpos,/novatel/oem7/bestvel,39.663,-75.756,33.181368927,0.003320283,-0.000835126,,,,87.576797337,novatel_oem7_msgs.msg.SolutionStatus(status=0),novatel_oem7_msgs.msg.PositionOrVelocityType(type=53)
1786043738315079858,1786043738.314408164,/novatel/oem7/odom,/novatel/oem7/bestpos,/novatel/oem7/odom,39.663,-75.756,33.181368927,0.003703848,-0.000515417,0.003603650,-0.000855687,-0.000515417,,,
1786043738327021300,1786043738.326486095,/novatel/oem7/inspva,/novatel/oem7/inspva,/novatel/oem7/inspva,39.663,-75.756,-1.800991893,0.002360378,0.000405064,0.000755408,0.002236234,0.000405064,,novatel_oem7_msgs.msg.InertialSolutionStatus(status=3),
1786043738328366824,1786043738.326651283,/novatel/oem7/fix,/novatel/oem7/fix,/novatel/oem7/inspva,39.663,-75.756,-1.800991893,0.002360378,0.000405064,0.000755408,0.002236234,0.000405064,,0,
1786043738329466931,1786043738.327007372,/novatel/oem7/odom,/novatel/oem7/fix,/novatel/oem7/odom,39.663,-75.756,-1.800991893,0.002358500,0.000415857,0.002269866,0.000640493,0.000415857,,,
1786043738335447911,1786043738.334766537,/novatel/oem7/odom,/novatel/oem7/fix,/novatel/oem7/odom,39.663,-75.756,-1.800991893,0.002358500,0.000415857,0.002269866,0.000640493,0.000415857,,,
1786043738345512925,1786043738.344956929,/novatel/oem7/inspva,/novatel/oem7/inspva,/novatel/oem7/inspva,39.663,-75.756,-1.800990611,0.002094187,0.000541698,0.001230053,0.001694871,0.000541698,,novatel_oem7_msgs.msg.InertialSolutionStatus(status=3),
1786043738346862518,1786043738.345114828,/novatel/oem7/fix,/novatel/oem7/fix,/novatel/oem7/inspva,39.663,-75.756,-1.800990611,0.002094187,0.000541698,0.001230053,0.001694871,0.000541698,,0,
1786043738347946299,1786043738.345651413,/novatel/oem7/odom,/novatel/oem7/fix,/novatel/oem7/odom,39.663,-75.756,-1.800990611,0.002091600,0.000551601,0.001752635,0.001141517,0.000551601,,,
1786043738356715067,1786043738.356006079,/novatel/oem7/odom,/novatel/oem7/fix,/novatel/oem7/odom,39.663,-75.756,-1.800990611,0.002091600,0.000551601,0.001752635,0.001141517,0.000551601,,,
1786043738366091393,1786043738.365565435,/novatel/oem7/inspva,/novatel/oem7/inspva,/novatel/oem7/inspva,39.663,-75.756,-1.800991333,0.002168614,-0.001278639,-0.000205808,0.002158826,-0.001278639,,novatel_oem7_msgs.msg.InertialSolutionStatus(status=3),
1786043738367600288,1786043738.365721450,/novatel/oem7/fix,/novatel/oem7/fix,/novatel/oem7/inspva,39.663,-75.756,-1.800991333,0.002168614,-0.001278639,-0.000205808,0.002158826,-0.001278639,,0,
1786043738368698656,1786043738.366652189,/novatel/oem7/odom,/novatel/oem7/fix,/novatel/oem7/odom,39.663,-75.756,-1.800991333,0.002173181,-0.001270860,0.002150761,-0.000311355,-0.001270860,,,
1786043738375481427,1786043738.374840561,/novatel/oem7/odom,/novatel/oem7/fix,/novatel/oem7/odom,39.663,-75.756,-1.800991333,0.002173181,-0.001270860,0.002150761,-0.000311355,-0.001270860,,,
1786043738386629032,1786043738.386071457,/novatel/oem7/inspva,/novatel/oem7/inspva,/novatel/oem7/inspva,39.663,-75.756,-1.800986178,0.002274529,-0.001045064,-0.000583134,0.002198508,-0.001045064,,novatel_oem7_msgs.msg.InertialSolutionStatus(status=3),
1786043738387964602,1786043738.386223408,/novatel/oem7/fix,/novatel/oem7/fix,/novatel/oem7/inspva,39.663,-75.756,-1.800986178,0.002274529,-0.001045064,-0.000583134,0.002198508,-0.001045064,,0,
1786043738389019782,1786043738.386612225,/novatel/oem7/odom,/novatel/oem7/fix,/novatel/oem7/odom,39.663,-75.756,-1.800986178,0.002277698,-0.001038141,0.002170431,-0.000690751,-0.001038141,,,
1786043738395308522,1786043738.394677100,/novatel/oem7/odom,/novatel/oem7/fix,/novatel/oem7/odom,39.663,-75.756,-1.800986178,0.002277698,-0.001038141,0.002170431,-0.000690751,-0.001038141,,,
1786043738406928301,1786043738.406395449,/novatel/oem7/inspva,/novatel/oem7/inspva,/novatel/oem7/inspva,39.663,-75.756,-1.800983080,0.003086187,0.000539668,-0.000067277,0.003085454,0.000539668,,novatel_oem7_msgs.msg.InertialSolutionStatus(status=3),
1786043738408257938,1786043738.406567147,/novatel/oem7/fix,/novatel/oem7/fix,/novatel/oem7/inspva,39.663,-75.756,-1.800983080,0.003086187,0.000539668,-0.000067277,0.003085454,0.000539668,,0,
1786043738409309355,1786043738.407061032,/novatel/oem7/odom,/novatel/oem7/fix,/novatel/oem7/odom,39.663,-75.756,-1.800983080,0.003084111,0.000551408,0.003075937,-0.000224393,0.000551408,,,
1786043738410753626,1786043738.410179557,/novatel/oem7/bestpos,/novatel/oem7/bestpos,/novatel/oem7/odom,39.663,-75.756,33.181363419,0.003084111,0.000551408,0.003075937,-0.000224393,0.000551408,,novatel_oem7_msgs.msg.SolutionStatus(status=0),novatel_oem7_msgs.msg.PositionOrVelocityType(type=53)
1786043738412146443,1786043738.410526107,/novatel/oem7/bestvel,/novatel/oem7/bestpos,/novatel/oem7/bestvel,39.663,-75.756,33.181363419,0.003384120,-0.000352668,,,,63.228851591,novatel_oem7_msgs.msg.SolutionStatus(status=0),novatel_oem7_msgs.msg.PositionOrVelocityType(type=53)
1786043738416277731,1786043738.415611248,/novatel/oem7/odom,/novatel/oem7/bestpos,/novatel/oem7/odom,39.663,-75.756,33.181363419,0.003084111,0.000551408,0.003075937,-0.000224393,0.000551408,,,
1786043738425597401,1786043738.425058106,/novatel/oem7/inspva,/novatel/oem7/inspva,/novatel/oem7/inspva,39.663,-75.756,-1.800989277,0.002621548,0.000414209,0.000567338,0.002559422,0.000414209,,novatel_oem7_msgs.msg.InertialSolutionStatus(status=3),
1786043738426958161,1786043738.425208947,/novatel/oem7/fix,/novatel/oem7/fix,/novatel/oem7/inspva,39.663,-75.756,-1.800989277,0.002621548,0.000414209,0.000567338,0.002559422,0.000414209,,0,
1786043738428035672,1786043738.425663643,/novatel/oem7/odom,/novatel/oem7/fix,/novatel/oem7/odom,39.663,-75.756,-1.800989277,0.002619702,0.000425728,0.002583117,0.000436288,0.000425728,,,
1786043738436170450,1786043738.435360125,/novatel/oem7/odom,/novatel/oem7/fix,/novatel/oem7/odom,39.663,-75.756,-1.800989277,0.002619702,0.000425728,0.002583117,0.000436288,0.000425728,,,
1786043738447179097,1786043738.446640451,/novatel/oem7/inspva,/novatel/oem7/inspva,/novatel/oem7/inspva,39.663,-75.756,-1.801012464,0.000671655,-0.002553322,-0.000213831,0.000636707,-0.002553322,,novatel_oem7_msgs.msg.InertialSolutionStatus(status=3),
1786043738448580204,1786043738.446858524,/novatel/oem7/fix,/novatel/oem7/fix,/novatel/oem7/inspva,39.663,-75.756,-1.801012464,0.000671655,-0.002553322,-0.000213831,0.000636707,-0.002553322,,0,
1786043738449661332,1786043738.447303508,/novatel/oem7/odom,/novatel/oem7/fix,/novatel/oem7/odom,39.663,-75.756,-1.801012464,0.000678821,-0.002551426,0.000635246,-0.000239292,-0.002551426,,,
1786043738457593901,1786043738.456908914,/novatel/oem7/odom,/novatel/oem7/fix,/novatel/oem7/odom,39.663,-75.756,-1.801012464,0.000678821,-0.002551426,0.000635246,-0.000239292,-0.002551426,,,
1786043738465627511,1786043738.465104236,/novatel/oem7/inspva,/novatel/oem7/inspva,/novatel/oem7/inspva,39.663,-75.756,-1.801014241,0.002884835,-0.002331072,-0.000597201,0.002822344,-0.002331072,,novatel_oem7_msgs.msg.InertialSolutionStatus(status=3),
1786043738466944004,1786043738.465297788,/novatel/oem7/fix,/novatel/oem7/fix,/novatel/oem7/inspva,39.663,-75.756,-1.801014241,0.002884835,-0.002331072,-0.000597201,0.002822344,-0.002331072,,0,
1786043738468116046,1786043738.465601543,/novatel/oem7/odom,/novatel/oem7/fix,/novatel/oem7/odom,39.663,-75.756,-1.801014241,0.002892198,-0.002321931,0.002797764,-0.000733025,-0.002321931,,,
1786043738476323254,1786043738.475656551,/novatel/oem7/odom,/novatel/oem7/fix,/novatel/oem7/odom,39.663,-75.756,-1.801014241,0.002892198,-0.002321931,0.002797764,-0.000733025,-0.002321931,,,
1786043738485892837,1786043738.485367534,/novatel/oem7/inspva,/novatel/oem7/inspva,/novatel/oem7/inspva,39.663,-75.756,-1.801004738,0.003463220,0.001003876,-0.000475061,0.003430482,0.001003876,,novatel_oem7_msgs.msg.InertialSolutionStatus(status=3),
1786043738487244877,1786043738.485581833,/novatel/oem7/fix,/novatel/oem7/fix,/novatel/oem7/inspva,39.663,-75.756,-1.801004738,0.003463220,0.001003876,-0.000475061,0.003430482,0.001003876,,0,
1786043738488326071,1786043738.486089162,/novatel/oem7/odom,/novatel/oem7/fix,/novatel/oem7/odom,39.663,-75.756,-1.801004738,0.003459732,0.001015832,0.003398068,-0.000650291,0.001015832,,,
1786043738495614307,1786043738.494887813,/novatel/oem7/odom,/novatel/oem7/fix,/novatel/oem7/odom,39.663,-75.756,-1.801004738,0.003459732,0.001015832,0.003398068,-0.000650291,0.001015832,,,
1786043738506521256,1786043738.505978034,/novatel/oem7/inspva,/novatel/oem7/inspva,/novatel/oem7/inspva,39.663,-75.756,-1.801012997,0.002497904,0.000513155,0.000251535,0.002485208,0.000513155,,novatel_oem7_msgs.msg.InertialSolutionStatus(status=3),
1786043738507841939,1786043738.506173269,/novatel/oem7/fix,/novatel/oem7/fix,/novatel/oem7/inspva,39.663,-75.756,-1.801012997,0.002497904,0.000513155,0.000251535,0.002485208,0.000513155,,0,
1786043738508894686,1786043738.506593806,/novatel/oem7/odom,/novatel/oem7/fix,/novatel/oem7/odom,39.663,-75.756,-1.801012997,0.002495776,0.000523410,0.002492675,0.000124371,0.000523410,,,
1786043738511915630,1786043738.511325807,/novatel/oem7/bestpos,/novatel/oem7/bestpos,/novatel/oem7/odom,39.663,-75.756,33.181341935,0.002495776,0.000523410,0.002492675,0.000124371,0.000523410,,novatel_oem7_msgs.msg.SolutionStatus(status=0),novatel_oem7_msgs.msg.PositionOrVelocityType(type=53)
1786043738513308397,1786043738.511783258,/novatel/oem7/bestvel,/novatel/oem7/bestpos,/novatel/oem7/bestvel,39.663,-75.756,33.181341935,0.002894293,0.000038568,,,,73.790993761,novatel_oem7_msgs.msg.SolutionStatus(status=0),novatel_oem7_msgs.msg.PositionOrVelocityType(type=53)
1786043738515271363,1786043738.514652768,/novatel/oem7/odom,/novatel/oem7/bestpos,/novatel/oem7/odom,39.663,-75.756,33.181341935,0.002495776,0.000523410,0.002492675,0.000124371,0.000523410,,,
1786043738525691234,1786043738.525156102,/novatel/oem7/inspva,/novatel/oem7/inspva,/novatel/oem7/inspva,39.663,-75.756,-1.801028077,0.001201269,-0.001681349,0.000590355,0.001046196,-0.001681349,,novatel_oem7_msgs.msg.InertialSolutionStatus(status=3),
1786043738527046367,1786043738.525357701,/novatel/oem7/fix,/novatel/oem7/fix,/novatel/oem7/inspva,39.663,-75.756,-1.801028077,0.001201269,-0.001681349,0.000590355,0.001046196,-0.001681349,,0,
1786043738528114905,1786043738.525697034,/novatel/oem7/odom,/novatel/oem7/fix,/novatel/oem7/odom,39.663,-75.756,-1.801028077,0.001209080,-0.001675741,0.001081302,0.000540983,-0.001675741,,,
1786043738536185379,1786043738.535523639,/novatel/oem7/odom,/novatel/oem7/fix,/novatel/oem7/odom,39.663,-75.756,-1.801028077,0.001209080,-0.001675741,0.001081302,0.000540983,-0.001675741,,,
1786043738545519722,1786043738.544986627,/novatel/oem7/inspva,/novatel/oem7/inspva,/novatel/oem7/inspva,39.663,-75.756,-1.801015855,0.001745981,-0.001471069,-0.000136517,0.001740635,-0.001471069,,novatel_oem7_msgs.msg.InertialSolutionStatus(status=3),
1786043738546871362,1786043738.545185329,/novatel/oem7/fix,/novatel/oem7/fix,/novatel/oem7/inspva,39.663,-75.756,-1.801015855,0.001745981,-0.001471069,-0.000136517,0.001740635,-0.001471069,,0,
1786043738547962719,1786043738.545540604,/novatel/oem7/odom,/novatel/oem7/fix,/novatel/oem7/odom,39.663,-75.756,-1.801015855,0.001751246,-0.001464797,0.001737306,-0.000220519,-0.001464797,,,
1786043738556331693,1786043738.555663156,/novatel/oem7/odom,/novatel/oem7/fix,/novatel/oem7/odom,39.663,-75.756,-1.801015855,0.001751246,-0.001464797,0.001737306,-0.000220519,-0.001464797,,,
1786043738566902315,1786043738.566365533,/novatel/oem7/inspva,/novatel/oem7/inspva,/novatel/oem7/inspva,39.663,-75.756,-1.800993931,0.003362680,0.001115221,-0.000704686,0.003288014,0.001115221,,novatel_oem7_msgs.msg.InertialSolutionStatus(status=3),
1786043738568235579,1786043738.566574835,/novatel/oem7/fix,/novatel/oem7/fix,/novatel/oem7/inspva,39.663,-75.756,-1.800993931,0.003362680,0.001115221,-0.000704686,0.003288014,0.001115221,,0,
1786043738569282659,1786043738.567048870,/novatel/oem7/odom,/novatel/oem7/fix,/novatel/oem7/odom,39.663,-75.756,-1.800993931,0.003359137,0.001125849,0.003243790,-0.000872712,0.001125849,,,
1786043738575713450,1786043738.575041880,/novatel/oem7/odom,/novatel/oem7/fix,/novatel/oem7/odom,39.663,-75.756,-1.800993931,0.003359137,0.001125849,0.003243790,-0.000872712,0.001125849,,,
1786043738585414367,1786043738.584892092,/novatel/oem7/inspva,/novatel/oem7/inspva,/novatel/oem7/inspva,39.663,-75.756,-1.800993003,0.001918213,0.000682347,-0.000036109,0.001917873,0.000682347,,novatel_oem7_msgs.msg.InertialSolutionStatus(status=3),
1786043738586756524,1786043738.585094740,/novatel/oem7/fix,/novatel/oem7/fix,/novatel/oem7/inspva,39.663,-75.756,-1.800993003,0.001918213,0.000682347,-0.000036109,0.001917873,0.000682347,,0,
1786043738587827941,1786043738.585440437,/novatel/oem7/odom,/novatel/oem7/fix,/novatel/oem7/odom,39.663,-75.756,-1.800993003,0.001915607,0.000689628,0.001910869,-0.000134652,0.000689628,,,
1786043738596114300,1786043738.595445467,/novatel/oem7/odom,/novatel/oem7/fix,/novatel/oem7/odom,39.663,-75.756,-1.800993003,0.001915607,0.000689628,0.001910869,-0.000134652,0.000689628,,,
1786043738607083944,1786043738.606562701,/novatel/oem7/inspva,/novatel/oem7/inspva,/novatel/oem7/inspva,39.663,-75.756,-1.801006555,0.001838447,-0.001486451,0.001358791,0.001238376,-0.001486451,,novatel_oem7_msgs.msg.InertialSolutionStatus(status=3),
1786043738608453654,1786043738.606758327,/novatel/oem7/fix,/novatel/oem7/fix,/novatel/oem7/inspva,39.663,-75.756,-1.801006555,0.001838447,-0.001486451,0.001358791,0.001238376,-0.001486451,,0,
1786043738609527064,1786043738.607187686,/novatel/oem7/odom,/novatel/oem7/fix,/novatel/oem7/odom,39.663,-75.756,-1.801006555,0.001845213,-0.001478044,0.001311244,0.001298249,-0.001478044,,,
1786043738610995356,1786043738.610388407,/novatel/oem7/bestpos,/novatel/oem7/bestpos,/novatel/oem7/odom,39.663,-75.756,33.181380852,0.001845213,-0.001478044,0.001311244,0.001298249,-0.001478044,,novatel_oem7_msgs.msg.SolutionStatus(status=0),novatel_oem7_msgs.msg.PositionOrVelocityType(type=53)
1786043738612410227,1786043738.610893715,/novatel/oem7/bestvel,/novatel/oem7/bestpos,/novatel/oem7/bestvel,39.663,-75.756,33.181380852,0.000912128,-0.000767683,,,,40.220821096,novatel_oem7_msgs.msg.SolutionStatus(status=0),novatel_oem7_msgs.msg.PositionOrVelocityType(type=53)
1786043738615596842,1786043738.614934647,/novatel/oem7/odom,/novatel/oem7/bestpos,/novatel/oem7/odom,39.663,-75.756,33.181380852,0.001845213,-0.001478044,0.001311244,0.001298249,-0.001478044,,,
1786043738626657715,1786043738.626111654,/novatel/oem7/inspva,/novatel/oem7/inspva,/novatel/oem7/inspva,39.663,-75.756,-1.801007953,0.001718544,-0.001752506,0.000429736,0.001663947,-0.001752506,,novatel_oem7_msgs.msg.InertialSolutionStatus(status=3),
1786043738627999116,1786043738.626319119,/novatel/oem7/fix,/novatel/oem7/fix,/novatel/oem7/inspva,39.663,-75.756,-1.801007953,0.001718544,-0.001752506,0.000429736,0.001663947,-0.001752506,,0,
1786043738629071939,1786043738.626682419,/novatel/oem7/odom,/novatel/oem7/fix,/novatel/oem7/odom,39.663,-75.756,-1.801007953,0.001726237,-0.001744929,0.001690476,0.000349551,-0.001744929,,,
1786043738635178744,1786043738.634472230,/novatel/oem7/odom,/novatel/oem7/fix,/novatel/oem7/odom,39.663,-75.756,-1.801007953,0.001726237,-0.001744929,0.001690476,0.000349551,-0.001744929,,,
1786043738645729653,1786043738.645210003,/novatel/oem7/inspva,/novatel/oem7/inspva,/novatel/oem7/inspva,39.663,-75.756,-1.800996787,0.003162257,0.000262842,-0.000681720,0.003087900,0.000262842,,novatel_oem7_msgs.msg.InertialSolutionStatus(status=3),
1786043738647082726,1786043738.645300211,/novatel/oem7/fix,/novatel/oem7/fix,/novatel/oem7/inspva,39.663,-75.756,-1.800996787,0.003162257,0.000262842,-0.000681720,0.003087900,0.000262842,,0,
1786043738648143514,1786043738.645706449,/novatel/oem7/odom,/novatel/oem7/fix,/novatel/oem7/odom,39.663,-75.756,-1.800996787,0.003161415,0.000272780,0.003048473,-0.000837473,0.000272780,,,
1786043738657267168,1786043738.656595661,/novatel/oem7/odom,/novatel/oem7/fix,/novatel/oem7/odom,39.663,-75.756,-1.800996787,0.003161415,0.000272780,0.003048473,-0.000837473,0.000272780,,,
1786043738665515603,1786043738.665000508,/novatel/oem7/inspva,/novatel/oem7/inspva,/novatel/oem7/inspva,39.663,-75.756,-1.801009234,0.002384997,0.000191833,-0.000488749,0.002334381,0.000191833,,novatel_oem7_msgs.msg.InertialSolutionStatus(status=3),
1786043738666830910,1786043738.665099353,/novatel/oem7/fix,/novatel/oem7/fix,/novatel/oem7/inspva,39.663,-75.756,-1.801009234,0.002384997,0.000191833,-0.000488749,0.002334381,0.000191833,,0,
1786043738667861317,1786043738.665622341,/novatel/oem7/odom,/novatel/oem7/fix,/novatel/oem7/odom,39.663,-75.756,-1.801009234,0.002384373,0.000199431,0.002305943,-0.000606518,0.000199431,,,
1786043738675205080,1786043738.674558497,/novatel/oem7/odom,/novatel/oem7/fix,/novatel/oem7/odom,39.663,-75.756,-1.801009234,0.002384373,0.000199431,0.002305943,-0.000606518,0.000199431,,,
1786043738687131719,1786043738.686633599,/novatel/oem7/inspva,/novatel/oem7/inspva,/novatel/oem7/inspva,39.663,-75.756,-1.801023236,0.001885721,-0.000712178,0.001330749,0.001336058,-0.000712178,,novatel_oem7_msgs.msg.InertialSolutionStatus(status=3),
1786043738688451489,1786043738.686710624,/novatel/oem7/fix,/novatel/oem7/fix,/novatel/oem7/inspva,39.663,-75.756,-1.801023236,0.001885721,-0.000712178,0.001330749,0.001336058,-0.000712178,,0,
1786043738689695915,1786043738.687256340,/novatel/oem7/odom,/novatel/oem7/fix,/novatel/oem7/odom,39.663,-75.756,-1.801023236,0.001888986,-0.000703472,0.001404355,0.001263350,-0.000703472,,,
1786043738695847003,1786043738.695184937,/novatel/oem7/odom,/novatel/oem7/fix,/novatel/oem7/odom,39.663,-75.756,-1.801023236,0.001888986,-0.000703472,0.001404355,0.001263350,-0.000703472,,,
1786043738706341911,1786043738.705849631,/novatel/oem7/inspva,/novatel/oem7/inspva,/novatel/oem7/inspva,39.663,-75.756,-1.801028265,0.001798079,-0.001419787,0.000647690,0.001677374,-0.001419787,,novatel_oem7_msgs.msg.InertialSolutionStatus(status=3),
1786043738707693291,1786043738.705931498,/novatel/oem7/fix,/novatel/oem7/fix,/novatel/oem7/inspva,39.663,-75.756,-1.801028265,0.001798079,-0.001419787,0.000647690,0.001677374,-0.001419787,,0,
1786043738708741659,1786043738.706549480,/novatel/oem7/odom,/novatel/oem7/fix,/novatel/oem7/odom,39.663,-75.756,-1.801028265,0.001804508,-0.001411606,0.001713535,0.000565729,-0.001411606,,,
1786043738710217563,1786043738.709637203,/novatel/oem7/bestpos,/novatel/oem7/bestpos,/novatel/oem7/odom,39.663,-75.756,33.181342659,0.001804508,-0.001411606,0.001713535,0.000565729,-0.001411606,,novatel_oem7_msgs.msg.SolutionStatus(status=0),novatel_oem7_msgs.msg.PositionOrVelocityType(type=53)
1786043738711682358,1786043738.710476266,/novatel/oem7/bestvel,/novatel/oem7/bestpos,/novatel/oem7/bestvel,39.663,-75.756,33.181342659,0.002145963,-0.001520730,,,,77.920827814,novatel_oem7_msgs.msg.SolutionStatus(status=0),novatel_oem7_msgs.msg.PositionOrVelocityType(type=53)
1786043738716220900,1786043738.715568593,/novatel/oem7/odom,/novatel/oem7/bestpos,/novatel/oem7/odom,39.663,-75.756,33.181342659,0.001804508,-0.001411606,0.001713535,0.000565729,-0.001411606,,,
1786043738726934234,1786043738.725798749,/novatel/oem7/inspva,/novatel/oem7/inspva,/novatel/oem7/inspva,39.663,-75.756,-1.801025518,0.002537184,-0.000567049,-0.000933275,0.002359300,-0.000567049,,novatel_oem7_msgs.msg.InertialSolutionStatus(status=3),
1786043738727691757,1786043738.726080342,/novatel/oem7/fix,/novatel/oem7/fix,/novatel/oem7/inspva,39.663,-75.756,-1.801025518,0.002537184,-0.000567049,-0.000933275,0.002359300,-0.000567049,,0,
1786043738728184225,1786043738.726671878,/novatel/oem7/odom,/novatel/oem7/fix,/novatel/oem7/odom,39.663,-75.756,-1.801025518,0.001804480,-0.001411642,0.001713496,0.000565756,-0.001411642,,,
1786043738735627258,1786043738.735220516,/novatel/oem7/odom,/novatel/oem7/fix,/novatel/oem7/odom,39.663,-75.756,-1.801025518,0.002538606,-0.000560648,0.002311377,-0.001049788,-0.000560648,,,
1786043738746683528,1786043738.746297254,/novatel/oem7/inspva,/novatel/oem7/inspva,/novatel/oem7/inspva,39.663,-75.756,-1.801013686,0.002890767,0.000698712,-0.000958939,0.002727081,0.000698712,,novatel_oem7_msgs.msg.InertialSolutionStatus(status=3),
1786043738747404220,1786043738.746481352,/novatel/oem7/fix,/novatel/oem7/fix,/novatel/oem7/inspva,39.663,-75.756,-1.801013686,0.002890767,0.000698712,-0.000958939,0.002727081,0.000698712,,0,
1786043738747931051,1786043738.746985834,/novatel/oem7/odom,/novatel/oem7/fix,/novatel/oem7/odom,39.663,-75.756,-1.801013686,0.002888895,0.000706414,0.002672403,-0.001097258,0.000706414,,,
1786043738756212190,1786043738.755774732,/novatel/oem7/odom,/novatel/oem7/fix,/novatel/oem7/odom,39.663,-75.756,-1.801013686,0.002888895,0.000706414,0.002672403,-0.001097258,0.000706414,,,
1786043738765867825,1786043738.765297705,/novatel/oem7/inspva,/novatel/oem7/inspva,/novatel/oem7/inspva,39.663,-75.756,-1.801017721,0.001925140,0.000344583,0.001372920,0.001349538,0.000344583,,novatel_oem7_msgs.msg.InertialSolutionStatus(status=3),
1786043738767244073,1786043738.765385599,/novatel/oem7/fix,/novatel/oem7/fix,/novatel/oem7/inspva,39.663,-75.756,-1.801017721,0.001925140,0.000344583,0.001372920,0.001349538,0.000344583,,0,
1786043738768291780,1786043738.766034591,/novatel/oem7/odom,/novatel/oem7/fix,/novatel/oem7/odom,39.663,-75.756,-1.801017721,0.001923528,0.000353470,0.001415777,0.001302127,0.000353470,,,
1786043738776175318,1786043738.775481545,/novatel/oem7/odom,/novatel/oem7/fix,/novatel/oem7/odom,39.663,-75.756,-1.801017721,0.001923528,0.000353470,0.001415777,0.001302127,0.000353470,,,
1786043738785641590,1786043738.785054281,/novatel/oem7/inspva,/novatel/oem7/inspva,/novatel/oem7/inspva,39.663,-75.756,-1.801027037,0.001405970,-0.001196748,0.000878597,0.001097643,-0.001196748,,novatel_oem7_msgs.msg.InertialSolutionStatus(status=3),
1786043738787047901,1786043738.785161542,/novatel/oem7/fix,/novatel/oem7/fix,/novatel/oem7/inspva,39.663,-75.756,-1.801027037,0.001405970,-0.001196748,0.000878597,0.001097643,-0.001196748,,0,
1786043738788256286,1786043738.785624953,/novatel/oem7/odom,/novatel/oem7/fix,/novatel/oem7/odom,39.663,-75.756,-1.801027037,0.001411523,-0.001190193,0.001145315,0.000825016,-0.001190193,,,
1786043738795103591,1786043738.794378857,/novatel/oem7/odom,/novatel/oem7/fix,/novatel/oem7/odom,39.663,-75.756,-1.801027037,0.001411523,-0.001190193,0.001145315,0.000825016,-0.001190193,,,
1786043738807027320,1786043738.806482437,/novatel/oem7/inspva,/novatel/oem7/inspva,/novatel/oem7/inspva,39.663,-75.756,-1.801027398,0.002727016,-0.000923341,-0.000802395,0.002606297,-0.000923341,,novatel_oem7_msgs.msg.InertialSolutionStatus(status=3),
1786043738808405707,1786043738.806576766,/novatel/oem7/fix,/novatel/oem7/fix,/novatel/oem7/inspva,39.663,-75.756,-1.801027398,0.002727016,-0.000923341,-0.000802395,0.002606297,-0.000923341,,0,
1786043738809474735,1786043738.807079421,/novatel/oem7/odom,/novatel/oem7/fix,/novatel/oem7/odom,39.663,-75.756,-1.801027398,0.002729610,-0.000915646,0.002566053,-0.000930668,-0.000915646,,,
1786043738811028966,1786043738.810252871,/novatel/oem7/bestpos,/novatel/oem7/bestpos,/novatel/oem7/odom,39.663,-75.756,33.181346197,0.002729610,-0.000915646,0.002566053,-0.000930668,-0.000915646,,novatel_oem7_msgs.msg.SolutionStatus(status=0),novatel_oem7_msgs.msg.PositionOrVelocityType(type=53)
1786043738812451721,1786043738.810691048,/novatel/oem7/bestvel,/novatel/oem7/bestpos,/novatel/oem7/bestvel,39.663,-75.756,33.181346197,0.002046847,-0.001021608,,,,93.777277719,novatel_oem7_msgs.msg.SolutionStatus(status=0),novatel_oem7_msgs.msg.PositionOrVelocityType(type=53)
1786043738815687663,1786043738.814950139,/novatel/oem7/odom,/novatel/oem7/bestpos,/novatel/oem7/odom,39.663,-75.756,33.181346197,0.002729610,-0.000915646,0.002566053,-0.000930668,-0.000915646,,,
1786043738825437557,1786043738.824865912,/novatel/oem7/inspva,/novatel/oem7/inspva,/novatel/oem7/inspva,39.663,-75.756,-1.801026915,0.002871844,-0.000641075,-0.001006835,0.002689567,-0.000641075,,novatel_oem7_msgs.msg.InertialSolutionStatus(status=3),
1786043738826823721,1786043738.824954378,/novatel/oem7/fix,/novatel/oem7/fix,/novatel/oem7/inspva,39.663,-75.756,-1.801026915,0.002871844,-0.000641075,-0.001006835,0.002689567,-0.000641075,,0,
1786043738827908049,1786043738.825390227,/novatel/oem7/odom,/novatel/oem7/fix,/novatel/oem7/odom,39.663,-75.756,-1.801026915,0.002873508,-0.000633575,0.002637782,-0.001139804,-0.000633575,,,
1786043738836165257,1786043738.835438364,/novatel/oem7/odom,/novatel/oem7/fix,/novatel/oem7/odom,39.663,-75.756,-1.801026915,0.002873508,-0.000633575,0.002637782,-0.001139804,-0.000633575,,,
1786043738845918222,1786043738.845293835,/novatel/oem7/inspva,/novatel/oem7/inspva,/novatel/oem7/inspva,39.663,-75.756,-1.801028724,0.001917267,0.000478238,0.000588661,0.001824662,0.000478238,,novatel_oem7_msgs.msg.InertialSolutionStatus(status=3),
1786043738847311409,1786043738.845491777,/novatel/oem7/fix,/novatel/oem7/fix,/novatel/oem7/inspva,39.663,-75.756,-1.801028724,0.001917267,0.000478238,0.000588661,0.001824662,0.000478238,,0,
1786043738848412753,1786043738.846206574,/novatel/oem7/odom,/novatel/oem7/fix,/novatel/oem7/odom,39.663,-75.756,-1.801028724,0.001915097,0.000486854,0.001850145,0.000494529,0.000486854,,,
1786043738856957869,1786043738.856233105,/novatel/oem7/odom,/novatel/oem7/fix,/novatel/oem7/odom,39.663,-75.756,-1.801028724,0.001915097,0.000486854,0.001850145,0.000494529,0.000486854,,,
1786043738866780807,1786043738.866177474,/novatel/oem7/inspva,/novatel/oem7/inspva,/novatel/oem7/inspva,39.663,-75.756,-1.801046678,0.001868311,-0.000131608,0.000835426,0.001671123,-0.000131608,,novatel_oem7_msgs.msg.InertialSolutionStatus(status=3),
1786043738868135093,1786043738.866340579,/novatel/oem7/fix,/novatel/oem7/fix,/novatel/oem7/inspva,39.663,-75.756,-1.801046678,0.001868311,-0.000131608,0.000835426,0.001671123,-0.000131608,,0,
1786043738869184981,1786043738.866811860,/novatel/oem7/odom,/novatel/oem7/fix,/novatel/oem7/odom,39.663,-75.756,-1.801046678,0.001868899,-0.000122982,0.001711691,0.000750265,-0.000122982,,,
1786043738875574741,1786043738.874856121,/novatel/oem7/odom,/novatel/oem7/fix,/novatel/oem7/odom,39.663,-75.756,-1.801046678,0.001868899,-0.000122982,0.001711691,0.000750265,-0.000122982,,,
1786043738885913391,1786043738.885338946,/novatel/oem7/inspva,/novatel/oem7/inspva,/novatel/oem7/inspva,39.663,-75.756,-1.801070542,0.002550145,-0.002285072,-0.000498681,0.002500912,-0.002285072,,novatel_oem7_msgs.msg.InertialSolutionStatus(status=3),
1786043738887290125,1786043738.885438472,/novatel/oem7/fix,/novatel/oem7/fix,/novatel/oem7/inspva,39.663,-75.756,-1.801070542,0.002550145,-0.002285072,-0.000498681,0.002500912,-0.002285072,,0,
1786043738888361805,1786043738.886314982,/novatel/oem7/odom,/novatel/oem7/fix,/novatel/oem7/odom,39.663,-75.756,-1.801070542,0.002557410,-0.002276939,0.002481460,-0.000618630,-0.002276939,,,
1786043738896239737,1786043738.895532634,/novatel/oem7/odom,/novatel/oem7/fix,/novatel/oem7/odom,39.663,-75.756,-1.801070542,0.002557410,-0.002276939,0.002481460,-0.000618630,-0.002276939,,,
1786043738906337855,1786043738.905790481,/novatel/oem7/inspva,/novatel/oem7/inspva,/novatel/oem7/inspva,39.663,-75.756,-1.801064719,0.001875896,-0.001105456,-0.000688849,0.001744842,-0.001105456,,novatel_oem7_msgs.msg.InertialSolutionStatus(status=3),
1786043738907731682,1786043738.905878736,/novatel/oem7/fix,/novatel/oem7/fix,/novatel/oem7/inspva,39.663,-75.756,-1.801064719,0.001875896,-0.001105456,-0.000688849,0.001744842,-0.001105456,,0,
1786043738908788843,1786043738.906411536,/novatel/oem7/odom,/novatel/oem7/fix,/novatel/oem7/odom,39.663,-75.756,-1.801064719,0.001878720,-0.001100651,0.001712160,-0.000773366,-0.001100651,,,
1786043738910763909,1786043738.909772466,/novatel/oem7/bestpos,/novatel/oem7/bestpos,/novatel/oem7/odom,39.663,-75.756,33.181312258,0.001878720,-0.001100651,0.001712160,-0.000773366,-0.001100651,,novatel_oem7_msgs.msg.SolutionStatus(status=0),novatel_oem7_msgs.msg.PositionOrVelocityType(type=53)
1786043738912170353,1786043738.910378527,/novatel/oem7/bestvel,/novatel/oem7/bestpos,/novatel/oem7/bestvel,39.663,-75.756,33.181312258,0.002329176,-0.000434131,,,,137.036380645,novatel_oem7_msgs.msg.SolutionStatus(status=0),novatel_oem7_msgs.msg.PositionOrVelocityType(type=53)
1786043738915273041,1786043738.914576680,/novatel/oem7/odom,/novatel/oem7/bestpos,/novatel/oem7/odom,39.663,-75.756,33.181312258,0.001878720,-0.001100651,0.001712160,-0.000773366,-0.001100651,,,
1786043738927215207,1786043738.926653980,/novatel/oem7/inspva,/novatel/oem7/inspva,/novatel/oem7/inspva,39.663,-75.756,-1.801059143,0.003338975,0.000718390,-0.000635469,0.003277947,0.000718390,,novatel_oem7_msgs.msg.InertialSolutionStatus(status=3),
1786043738928606767,1786043738.926743042,/novatel/oem7/fix,/novatel/oem7/fix,/novatel/oem7/inspva,39.663,-75.756,-1.801059143,0.003338975,0.000718390,-0.000635469,0.003277947,0.000718390,,0,
1786043738929671111,1786043738.927226144,/novatel/oem7/odom,/novatel/oem7/fix,/novatel/oem7/odom,39.663,-75.756,-1.801059143,0.003336644,0.000729140,0.003238794,-0.000802126,0.000729140,,,
1786043738936292661,1786043738.935602034,/novatel/oem7/odom,/novatel/oem7/fix,/novatel/oem7/odom,39.663,-75.756,-1.801059143,0.003336644,0.000729140,0.003238794,-0.000802126,0.000729140,,,
1786043738945742695,1786043738.945183831,/novatel/oem7/inspva,/novatel/oem7/inspva,/novatel/oem7/inspva,39.663,-75.756,-1.801059749,0.002259203,0.001529088,-0.000620397,0.002172351,0.001529088,,novatel_oem7_msgs.msg.InertialSolutionStatus(status=3),
1786043738947113562,1786043738.945267073,/novatel/oem7/fix,/novatel/oem7/fix,/novatel/oem7/inspva,39.663,-75.756,-1.801059749,0.002259203,0.001529088,-0.000620397,0.002172351,0.001529088,,0,
1786043738948174596,1786043738.945645344,/novatel/oem7/odom,/novatel/oem7/fix,/novatel/oem7/odom,39.663,-75.756,-1.801059749,0.002254723,0.001535687,0.002132161,-0.000733259,0.001535687,,,
1786043738956261270,1786043738.955570067,/novatel/oem7/odom,/novatel/oem7/fix,/novatel/oem7/odom,39.663,-75.756,-1.801059749,0.002254723,0.001535687,0.002132161,-0.000733259,0.001535687,,,
1786043738967468688,1786043738.966846089,/novatel/oem7/inspva,/novatel/oem7/inspva,/novatel/oem7/inspva,39.663,-75.756,-1.801088313,0.001346497,-0.002255088,0.000113252,0.001341726,-0.002255088,,novatel_oem7_msgs.msg.InertialSolutionStatus(status=3),
1786043738968792452,1786043738.967029854,/novatel/oem7/fix,/novatel/oem7/fix,/novatel/oem7/inspva,39.663,-75.756,-1.801088313,0.001346497,-0.002255088,0.000113252,0.001341726,-0.002255088,,0,
1786043738969822359,1786043738.967472869,/novatel/oem7/odom,/novatel/oem7/fix,/novatel/oem7/odom,39.663,-75.756,-1.801088313,0.001355568,-0.002249646,0.001354611,0.000050949,-0.002249646,,,
1786043738975438172,1786043738.974735641,/novatel/oem7/odom,/novatel/oem7/fix,/novatel/oem7/odom,39.663,-75.756,-1.801088313,0.001355568,-0.002249646,0.001354611,0.000050949,-0.002249646,,,
1786043738986574716,1786043738.985992324,/novatel/oem7/inspva,/novatel/oem7/inspva,/novatel/oem7/inspva,39.663,-75.756,-1.801078122,0.000960910,-0.001381287,-0.000230292,0.000932906,-0.001381287,,novatel_oem7_msgs.msg.InertialSolutionStatus(status=3),
1786043738987927743,1786043738.986142325,/novatel/oem7/fix,/novatel/oem7/fix,/novatel/oem7/inspva,39.663,-75.756,-1.801078122,0.000960910,-0.001381287,-0.000230292,0.000932906,-0.001381287,,0,
1786043738988949037,1786043738.986554209,/novatel/oem7/odom,/novatel/oem7/fix,/novatel/oem7/odom,39.663,-75.756,-1.801078122,0.000965093,-0.001378367,0.000925469,-0.000273698,-0.001378367,,,
1786043738995283043,1786043738.994578529,/novatel/oem7/odom,/novatel/oem7/fix,/novatel/oem7/odom,39.663,-75.756,-1.801078122,0.000965093,-0.001378367,0.000925469,-0.000273698,-0.001378367,,,
1786043739010663464,1786043739.010072681,/novatel/oem7/inspva,/novatel/oem7/inspva,/novatel/oem7/inspva,39.663,-75.756,-1.801065579,0.003318483,0.000705936,-0.001950959,0.002684416,0.000705936,,novatel_oem7_msgs.msg.InertialSolutionStatus(status=3),
1786043739012022294,1786043739.010239283,/novatel/oem7/fix,/novatel/oem7/fix,/novatel/oem7/inspva,39.663,-75.756,-1.801065579,0.003318483,0.000705936,-0.001950959,0.002684416,0.000705936,,0,
1786043739013053914,1786043739.011557306,/novatel/oem7/odom,/novatel/oem7/fix,/novatel/oem7/odom,39.663,-75.756,-1.801065579,0.003317433,0.000710854,0.002579562,-0.002085959,0.000710854,,,
1786043739017735624,1786043739.017031563,/novatel/oem7/odom,/novatel/oem7/fix,/novatel/oem7/odom,39.663,-75.756,-1.801065579,0.003317433,0.000710854,0.002579562,-0.002085959,0.000710854,,,
1786043739027052324,1786043739.026378411,/novatel/oem7/bestpos,/novatel/oem7/bestpos,/novatel/oem7/odom,39.663,-75.756,33.181295975,0.003317433,0.000710854,0.002579562,-0.002085959,0.000710854,,novatel_oem7_msgs.msg.SolutionStatus(status=0),novatel_oem7_msgs.msg.PositionOrVelocityType(type=53)
1786043739028993530,1786043739.026824435,/novatel/oem7/bestvel,/novatel/oem7/bestpos,/novatel/oem7/bestvel,39.663,-75.756,33.181295975,0.002917703,0.000358611,,,,116.300168399,novatel_oem7_msgs.msg.SolutionStatus(status=0),novatel_oem7_msgs.msg.PositionOrVelocityType(type=53)
1786043739030138841,1786043739.027259639,/novatel/oem7/inspva,/novatel/oem7/inspva,/novatel/oem7/inspva,39.663,-75.756,-1.801067896,0.003246181,0.000814207,-0.001676139,0.002779973,0.000814207,,novatel_oem7_msgs.msg.InertialSolutionStatus(status=3),
1786043739030984363,1786043739.027431834,/novatel/oem7/fix,/novatel/oem7/fix,/novatel/oem7/inspva,39.663,-75.756,-1.801067896,0.003246181,0.000814207,-0.001676139,0.002779973,0.000814207,,0,
1786043739032515375,1786043739.027878512,/novatel/oem7/odom,/novatel/oem7/fix,/novatel/oem7/odom,39.663,-75.756,-1.801067896,0.003244668,0.000820214,0.002688427,-0.001816655,0.000820214,,,
1786043739035384967,1786043739.034661863,/novatel/oem7/odom,/novatel/oem7/fix,/novatel/oem7/odom,39.663,-75.756,-1.801067896,0.003244668,0.000820214,0.002688427,-0.001816655,0.000820214,,,
1786043739047385804,1786043739.046769031,/novatel/oem7/inspva,/novatel/oem7/inspva,/novatel/oem7/inspva,39.663,-75.756,-1.801072947,0.000977788,-0.001164010,0.000572702,0.000792517,-0.001164010,,novatel_oem7_msgs.msg.InertialSolutionStatus(status=3),
1786043739048790178,1786043739.046941502,/novatel/oem7/fix,/novatel/oem7/fix,/novatel/oem7/inspva,39.663,-75.756,-1.801072947,0.000977788,-0.001164010,0.000572702,0.000792517,-0.001164010,,0,
1786043739049848301,1786043739.047454937,/novatel/oem7/odom,/novatel/oem7/fix,/novatel/oem7/odom,39.663,-75.756,-1.801072947,0.000983234,-0.001159414,0.000825054,0.000534824,-0.001159414,,,
1786043739057204019,1786043739.056495588,/novatel/oem7/odom,/novatel/oem7/fix,/novatel/oem7/odom,39.663,-75.756,-1.801072947,0.000983234,-0.001159414,0.000825054,0.000534824,-0.001159414,,,
1786043739066079800,1786043739.065470637,/novatel/oem7/inspva,/novatel/oem7/inspva,/novatel/oem7/inspva,39.663,-75.756,-1.801067497,0.000779043,-0.002032737,0.000013158,0.000778932,-0.002032737,,novatel_oem7_msgs.msg.InertialSolutionStatus(status=3),
1786043739067730574,1786043739.065664309,/novatel/oem7/fix,/novatel/oem7/fix,/novatel/oem7/inspva,39.663,-75.756,-1.801067497,0.000779043,-0.002032737,0.000013158,0.000778932,-0.002032737,,0,
1786043739068911695,1786043739.066123784,/novatel/oem7/odom,/novatel/oem7/fix,/novatel/oem7/odom,39.663,-75.756,-1.801067497,0.000786824,-0.002029738,0.000786541,-0.000021095,-0.002029738,,,
1786043739076243635,1786043739.075537572,/novatel/oem7/odom,/novatel/oem7/fix,/novatel/oem7/odom,39.663,-75.756,-1.801067497,0.000786824,-0.002029738,0.000786541,-0.000021095,-0.002029738,,,
1786043739087196961,1786043739.086521357,/novatel/oem7/inspva,/novatel/oem7/inspva,/novatel/oem7/inspva,39.663,-75.756,-1.801051025,0.002909944,-0.000651499,-0.002173065,0.001935345,-0.000651499,,novatel_oem7_msgs.msg.InertialSolutionStatus(status=3),
1786043739088615212,1786043739.086746454,/novatel/oem7/fix,/novatel/oem7/fix,/novatel/oem7/inspva,39.663,-75.756,-1.801051025,0.002909944,-0.000651499,-0.002173065,0.001935345,-0.000651499,,0,
1786043739089679656,1786043739.087249059,/novatel/oem7/odom,/novatel/oem7/fix,/novatel/oem7/odom,39.663,-75.756,-1.801051025,0.002910242,-0.000650166,0.001825539,-0.002266477,-0.000650166,,,
1786043739095615982,1786043739.094839774,/novatel/oem7/odom,/novatel/oem7/fix,/novatel/oem7/odom,39.663,-75.756,-1.801051025,0.002910242,-0.000650166,0.001825539,-0.002266477,-0.000650166,,,
1786043739106612005,1786043739.106018412,/novatel/oem7/inspva,/novatel/oem7/inspva,/novatel/oem7/inspva,39.663,-75.756,-1.801042404,0.002254312,0.000222770,-0.001730278,0.001445013,0.000222770,,novatel_oem7_msgs.msg.InertialSolutionStatus(status=3),
1786043739107957095,1786043739.106226914,/novatel/oem7/fix,/novatel/oem7/fix,/novatel/oem7/inspva,39.663,-75.756,-1.801042404,0.002254312,0.000222770,-0.001730278,0.001445013,0.000222770,,0,
1786043739109012182,1786043739.106538988,/novatel/oem7/odom,/novatel/oem7/fix,/novatel/oem7/odom,39.663,-75.756,-1.801042404,0.002254241,0.000223490,0.001354790,-0.001801706,0.000223490,,,
1786043739110516881,1786043739.109482831,/novatel/oem7/bestpos,/novatel/oem7/bestpos,/novatel/oem7/odom,39.663,-75.756,33.181373429,0.002254241,0.000223490,0.001354790,-0.001801706,0.000223490,,novatel_oem7_msgs.msg.SolutionStatus(status=0),novatel_oem7_msgs.msg.PositionOrVelocityType(type=53)
1786043739111917241,1786043739.110162031,/novatel/oem7/bestvel,/novatel/oem7/bestpos,/novatel/oem7/bestvel,39.663,-75.756,33.181373429,0.001600512,0.000374392,,,,150.996817098,novatel_oem7_msgs.msg.SolutionStatus(status=0),novatel_oem7_msgs.msg.PositionOrVelocityType(type=53)
1786043739115207134,1786043739.114552238,/novatel/oem7/odom,/novatel/oem7/bestpos,/novatel/oem7/odom,39.663,-75.756,33.181373429,0.002254241,0.000223490,0.001354790,-0.001801706,0.000223490,,,
1786043739125894665,1786043739.125325069,/novatel/oem7/inspva,/novatel/oem7/inspva,/novatel/oem7/inspva,39.663,-75.756,-1.801036530,0.001244761,0.000156242,-0.000110365,0.001239859,0.000156242,,novatel_oem7_msgs.msg.InertialSolutionStatus(status=3),
1786043739127279978,1786043739.125537454,/novatel/oem7/fix,/novatel/oem7/fix,/novatel/oem7/inspva,39.663,-75.756,-1.801036530,0.001244761,0.000156242,-0.000110365,0.001239859,0.000156242,,0,
1786043739128361412,1786043739.126105803,/novatel/oem7/odom,/novatel/oem7/fix,/novatel/oem7/odom,39.663,-75.756,-1.801036530,0.001244203,0.000160623,0.001232071,-0.000173332,0.000160623,,,
1786043739135959848,1786043739.135044481,/novatel/oem7/odom,/novatel/oem7/fix,/novatel/oem7/odom,39.663,-75.756,-1.801036530,0.001244203,0.000160623,0.001232071,-0.000173332,0.000160623,,,
1786043739145842437,1786043739.145284151,/novatel/oem7/inspva,/novatel/oem7/inspva,/novatel/oem7/inspva,39.663,-75.756,-1.801031627,0.000838438,-0.000678105,-0.000222783,0.000808299,-0.000678105,,novatel_oem7_msgs.msg.InertialSolutionStatus(status=3),
1786043739147199014,1786043739.145463720,/novatel/oem7/fix,/novatel/oem7/fix,/novatel/oem7/inspva,39.663,-75.756,-1.801031627,0.000838438,-0.000678105,-0.000222783,0.000808299,-0.000678105,,0,
1786043739148266664,1786043739.145923721,/novatel/oem7/odom,/novatel/oem7/fix,/novatel/oem7/odom,39.663,-75.756,-1.801031627,0.000840426,-0.000675640,0.000798656,-0.000261658,-0.000675640,,,
1786043739156375085,1786043739.155711522,/novatel/oem7/odom,/novatel/oem7/fix,/novatel/oem7/odom,39.663,-75.756,-1.801031627,0.000840426,-0.000675640,0.000798656,-0.000261658,-0.000675640,,,
1786043739165853734,1786043739.165307634,/novatel/oem7/inspva,/novatel/oem7/inspva,/novatel/oem7/inspva,39.663,-75.756,-1.801021884,0.002652672,-0.001300981,-0.002270244,0.001372102,-0.001300981,,novatel_oem7_msgs.msg.InertialSolutionStatus(status=3),
1786043739167225030,1786043739.165468753,/novatel/oem7/fix,/novatel/oem7/fix,/novatel/oem7/inspva,39.663,-75.756,-1.801021884,0.002652672,-0.001300981,-0.002270244,0.001372102,-0.001300981,,0,
1786043739168315591,1786043739.166330455,/novatel/oem7/odom,/novatel/oem7/fix,/novatel/oem7/odom,39.663,-75.756,-1.801021884,0.002652135,-0.001302077,0.001260568,-0.002333407,-0.001302077,,,
1786043739176360069,1786043739.175656142,/novatel/oem7/odom,/novatel/oem7/fix,/novatel/oem7/odom,39.663,-75.756,-1.801021884,0.002652135,-0.001302077,0.001260568,-0.002333407,-0.001302077,,,
1786043739185784413,1786043739.185199077,/novatel/oem7/inspva,/novatel/oem7/inspva,/novatel/oem7/inspva,39.663,-75.756,-1.800991444,0.002750932,0.000470091,-0.001821544,0.002061456,0.000470091,,novatel_oem7_msgs.msg.InertialSolutionStatus(status=3),
1786043739187211343,1786043739.185411815,/novatel/oem7/fix,/novatel/oem7/fix,/novatel/oem7/inspva,39.663,-75.756,-1.800991444,0.002750932,0.000470091,-0.001821544,0.002061456,0.000470091,,0,
1786043739188318194,1786043739.185789343,/novatel/oem7/odom,/novatel/oem7/fix,/novatel/oem7/odom,39.663,-75.756,-1.800991444,0.002750468,0.000472796,0.001964855,-0.001924687,0.000472796,,,
1786043739195128466,1786043739.194442719,/novatel/oem7/odom,/novatel/oem7/fix,/novatel/oem7/odom,39.663,-75.756,-1.800991444,0.002750468,0.000472796,0.001964855,-0.001924687,0.000472796,,,
1786043739208315034,1786043739.206578000,/novatel/oem7/inspva,/novatel/oem7/inspva,/novatel/oem7/inspva,39.663,-75.756,-1.800962370,0.001207083,0.001429106,-0.000647016,0.001019028,0.001429106,,novatel_oem7_msgs.msg.InertialSolutionStatus(status=3),
1786043739209186110,1786043739.206824093,/novatel/oem7/fix,/novatel/oem7/fix,/novatel/oem7/inspva,39.663,-75.756,-1.800962370,0.001207083,0.001429106,-0.000647016,0.001019028,0.001429106,,0,
1786043739210772709,1786043739.208075669,/novatel/oem7/odom,/novatel/oem7/fix,/novatel/oem7/odom,39.663,-75.756,-1.800962370,0.001204588,0.001431209,0.000979358,-0.000701349,0.001431209,,,
1786043739212266827,1786043739.210492170,/novatel/oem7/bestpos,/novatel/oem7/bestpos,/novatel/oem7/odom,39.663,-75.756,33.181441375,0.001204588,0.001431209,0.000979358,-0.000701349,0.001431209,,novatel_oem7_msgs.msg.SolutionStatus(status=0),novatel_oem7_msgs.msg.PositionOrVelocityType(type=53)
1786043739213233843,1786043739.210902954,/novatel/oem7/bestvel,/novatel/oem7/bestpos,/novatel/oem7/bestvel,39.663,-75.756,33.181441375,0.003182707,0.000472298,,,,104.907228764,novatel_oem7_msgs.msg.SolutionStatus(status=0),novatel_oem7_msgs.msg.PositionOrVelocityType(type=53)
1786043739215519520,1786043739.214798286,/novatel/oem7/odom,/novatel/oem7/bestpos,/novatel/oem7/odom,39.663,-75.756,33.181441375,0.001204588,0.001431209,0.000979358,-0.000701349,0.001431209,,,
1786043739225671037,1786043739.225039698,/novatel/oem7/inspva,/novatel/oem7/inspva,/novatel/oem7/inspva,39.663,-75.756,-1.800949499,0.001183209,0.000046676,0.000030639,0.001182813,0.000046676,,novatel_oem7_msgs.msg.InertialSolutionStatus(status=3),
1786043739227019291,1786043739.225221357,/novatel/oem7/fix,/novatel/oem7/fix,/novatel/oem7/inspva,39.663,-75.756,-1.800949499,0.001183209,0.000046676,0.000030639,0.001182813,0.000046676,,0,
1786043739228075281,1786043739.225502189,/novatel/oem7/odom,/novatel/oem7/fix,/novatel/oem7/odom,39.663,-75.756,-1.800949499,0.001183021,0.000051219,0.001182657,-0.000029345,0.000051219,,,
1786043739236021874,1786043739.235346014,/novatel/oem7/odom,/novatel/oem7/fix,/novatel/oem7/odom,39.663,-75.756,-1.800949499,0.001183021,0.000051219,0.001182657,-0.000029345,0.000051219,,,
1786043739245852453,1786043739.245235710,/novatel/oem7/inspva,/novatel/oem7/inspva,/novatel/oem7/inspva,39.663,-75.756,-1.800939804,0.001741924,-0.001031786,-0.001006941,0.001421397,-0.001031786,,novatel_oem7_msgs.msg.InertialSolutionStatus(status=3),
1786043739247245877,1786043739.245388584,/novatel/oem7/fix,/novatel/oem7/fix,/novatel/oem7/inspva,39.663,-75.756,-1.800939804,0.001741924,-0.001031786,-0.001006941,0.001421397,-0.001031786,,0,
1786043739248302733,1786043739.245896693,/novatel/oem7/odom,/novatel/oem7/fix,/novatel/oem7/odom,39.663,-75.756,-1.800939804,0.001743449,-0.001029208,0.001372651,-0.001074915,-0.001029208,,,
1786043739257192259,1786043739.256540519,/novatel/oem7/odom,/novatel/oem7/fix,/novatel/oem7/odom,39.663,-75.756,-1.800939804,0.001743449,-0.001029208,0.001372651,-0.001074915,-0.001029208,,,
1786043739266614316,1786043739.266020957,/novatel/oem7/inspva,/novatel/oem7/inspva,/novatel/oem7/inspva,39.663,-75.756,-1.800918461,0.001990013,-0.000763295,-0.001199792,0.001587656,-0.000763295,,novatel_oem7_msgs.msg.InertialSolutionStatus(status=3),
1786043739267936426,1786043739.266190306,/novatel/oem7/fix,/novatel/oem7/fix,/novatel/oem7/inspva,39.663,-75.756,-1.800918461,0.001990013,-0.000763295,-0.001199792,0.001587656,-0.000763295,,0,
1786043739268952160,1786043739.266566620,/novatel/oem7/odom,/novatel/oem7/fix,/novatel/oem7/odom,39.663,-75.756,-1.800918461,0.001991042,-0.000760608,0.001527890,-0.001276636,-0.000760608,,,
1786043739275046434,1786043739.274386184,/novatel/oem7/odom,/novatel/oem7/fix,/novatel/oem7/odom,39.663,-75.756,-1.800918461,0.001991042,-0.000760608,0.001527890,-0.001276636,-0.000760608,,,
1786043739285758324,1786043739.285161512,/novatel/oem7/inspva,/novatel/oem7/inspva,/novatel/oem7/inspva,39.663,-75.756,-1.800881599,0.001526125,0.001916230,-0.000818753,0.001287905,0.001916230,,novatel_oem7_msgs.msg.InertialSolutionStatus(status=3),
1786043739287139831,1786043739.285304563,/novatel/oem7/fix,/novatel/oem7/fix,/novatel/oem7/inspva,39.663,-75.756,-1.800881599,0.001526125,0.001916230,-0.000818753,0.001287905,0.001916230,,0,
1786043739288178109,1786043739.285670810,/novatel/oem7/odom,/novatel/oem7/fix,/novatel/oem7/odom,39.663,-75.756,-1.800881599,0.001522836,0.001918845,0.001237319,-0.000887735,0.001918845,,,
1786043739295821455,1786043739.295169302,/novatel/oem7/odom,/novatel/oem7/fix,/novatel/oem7/odom,39.663,-75.756,-1.800881599,0.001522836,0.001918845,0.001237319,-0.000887735,0.001918845,,,
1786043739306498692,1786043739.305915959,/novatel/oem7/inspva,/novatel/oem7/inspva,/novatel/oem7/inspva,39.663,-75.756,-1.800879804,0.001458736,0.000190633,-0.000432022,0.001393293,0.000190633,,novatel_oem7_msgs.msg.InertialSolutionStatus(status=3),
1786043739307948079,1786043739.306091341,/novatel/oem7/fix,/novatel/oem7/fix,/novatel/oem7/inspva,39.663,-75.756,-1.800879804,0.001458736,0.000190633,-0.000432022,0.001393293,0.000190633,,0,
1786043739309002293,1786043739.306455898,/novatel/oem7/odom,/novatel/oem7/fix,/novatel/oem7/odom,39.663,-75.756,-1.800879804,0.001458195,0.000194722,0.001368907,-0.000502420,0.000194722,,,
1786043739310631976,1786043739.309117328,/novatel/oem7/bestpos,/novatel/oem7/bestpos,/novatel/oem7/odom,39.663,-75.756,33.181534429,0.001458195,0.000194722,0.001368907,-0.000502420,0.000194722,,novatel_oem7_msgs.msg.SolutionStatus(status=0),novatel_oem7_msgs.msg.PositionOrVelocityType(type=53)
1786043739311578709,1786043739.309503728,/novatel/oem7/bestvel,/novatel/oem7/bestpos,/novatel/oem7/bestvel,39.663,-75.756,33.181534429,0.002706190,-0.000410450,,,,100.965176361,novatel_oem7_msgs.msg.SolutionStatus(status=0),novatel_oem7_msgs.msg.PositionOrVelocityType(type=53)
1786043739315203785,1786043739.314489161,/novatel/oem7/odom,/novatel/oem7/bestpos,/novatel/oem7/odom,39.663,-75.756,33.181534429,0.001458195,0.000194722,0.001368907,-0.000502420,0.000194722,,,
1786043739327182481,1786043739.326588509,/novatel/oem7/inspva,/novatel/oem7/inspva,/novatel/oem7/inspva,39.663,-75.756,-1.800877629,0.000412781,-0.001259176,-0.000382032,0.000156334,-0.001259176,,novatel_oem7_msgs.msg.InertialSolutionStatus(status=3),
1786043739328590255,1786043739.326758017,/novatel/oem7/fix,/novatel/oem7/fix,/novatel/oem7/inspva,39.663,-75.756,-1.800877629,0.000412781,-0.001259176,-0.000382032,0.000156334,-0.001259176,,0,
1786043739329643173,1786043739.327238865,/novatel/oem7/odom,/novatel/oem7/fix,/novatel/oem7/odom,39.663,-75.756,-1.800877629,0.000411434,-0.001259617,0.000141686,-0.000386268,-0.001259617,,,
1786043739335415213,1786043739.334733177,/novatel/oem7/odom,/novatel/oem7/fix,/novatel/oem7/odom,39.663,-75.756,-1.800877629,0.000411434,-0.001259617,0.000141686,-0.000386268,-0.001259617,,,
1786043739345803634,1786043739.345209888,/novatel/oem7/inspva,/novatel/oem7/inspva,/novatel/oem7/inspva,39.663,-75.756,-1.800857916,0.001743931,-0.000888577,-0.001180215,0.001283896,-0.000888577,,novatel_oem7_msgs.msg.InertialSolutionStatus(status=3),
1786043739347150667,1786043739.345379190,/novatel/oem7/fix,/novatel/oem7/fix,/novatel/oem7/inspva,39.663,-75.756,-1.800857916,0.001743931,-0.000888577,-0.001180215,0.001283896,-0.000888577,,0,
1786043739348249818,1786043739.345826697,/novatel/oem7/odom,/novatel/oem7/fix,/novatel/oem7/odom,39.663,-75.756,-1.800857916,0.001744736,-0.000886996,0.001225994,-0.001241387,-0.000886996,,,
1786043739356551868,1786043739.355893075,/novatel/oem7/odom,/novatel/oem7/fix,/novatel/oem7/odom,39.663,-75.756,-1.800857916,0.001744736,-0.000886996,0.001225994,-0.001241387,-0.000886996,,,
1786043739365847894,1786043739.365348422,/novatel/oem7/inspva,/novatel/oem7/inspva,/novatel/oem7/inspva,39.663,-75.756,-1.800816556,0.001492388,0.002014528,-0.001304414,0.000725068,0.002014528,,novatel_oem7_msgs.msg.InertialSolutionStatus(status=3),
1786043739367343219,1786043739.365525784,/novatel/oem7/fix,/novatel/oem7/fix,/novatel/oem7/inspva,39.663,-75.756,-1.800816556,0.001492388,0.002014528,-0.001304414,0.000725068,0.002014528,,0,
1786043739368375233,1786043739.366136387,/novatel/oem7/odom,/novatel/oem7/fix,/novatel/oem7/odom,39.663,-75.756,-1.800816556,0.001493544,0.002013670,0.000650301,-0.001344538,0.002013670,,,
1786043739375826317,1786043739.375114944,/novatel/oem7/odom,/novatel/oem7/fix,/novatel/oem7/odom,39.663,-75.756,-1.800816556,0.001493544,0.002013670,0.000650301,-0.001344538,0.002013670,,,
1786043739386740480,1786043739.386182980,/novatel/oem7/inspva,/novatel/oem7/inspva,/novatel/oem7/inspva,39.663,-75.756,-1.800809158,0.001119476,0.000964192,-0.000616995,0.000934100,0.000964192,,novatel_oem7_msgs.msg.InertialSolutionStatus(status=3),
1786043739388140407,1786043739.386379409,/novatel/oem7/fix,/novatel/oem7/fix,/novatel/oem7/inspva,39.663,-75.756,-1.800809158,0.001119476,0.000964192,-0.000616995,0.000934100,0.000964192,,0,
1786043739389172457,1786043739.386971228,/novatel/oem7/odom,/novatel/oem7/fix,/novatel/oem7/odom,39.663,-75.756,-1.800809158,0.001117904,0.000966013,0.000897952,-0.000665876,0.000966013,,,
1786043739395109813,1786043739.394391879,/novatel/oem7/odom,/novatel/oem7/fix,/novatel/oem7/odom,39.663,-75.756,-1.800809158,0.001117904,0.000966013,0.000897952,-0.000665876,0.000966013,,,
1786043739406945058,1786043739.406398356,/novatel/oem7/inspva,/novatel/oem7/inspva,/novatel/oem7/inspva,39.663,-75.756,-1.800812311,0.000716182,-0.001464104,-0.000501137,0.000511642,-0.001464104,,novatel_oem7_msgs.msg.InertialSolutionStatus(status=3),
1786043739408366232,1786043739.406580101,/novatel/oem7/fix,/novatel/oem7/fix,/novatel/oem7/inspva,39.663,-75.756,-1.800812311,0.000716182,-0.001464104,-0.000501137,0.000511642,-0.001464104,,0,
1786043739409450100,1786043739.407077473,/novatel/oem7/odom,/novatel/oem7/fix,/novatel/oem7/odom,39.663,-75.756,-1.800812311,0.000717346,-0.001463533,0.000491308,-0.000522687,-0.001463533,,,
1786043739411028702,1786043739.410130526,/novatel/oem7/bestpos,/novatel/oem7/bestpos,/novatel/oem7/odom,39.663,-75.756,33.181617873,0.000717346,-0.001463533,0.000491308,-0.000522687,-0.001463533,,novatel_oem7_msgs.msg.SolutionStatus(status=0),novatel_oem7_msgs.msg.PositionOrVelocityType(type=53)
1786043739412487473,1786043739.410521377,/novatel/oem7/bestvel,/novatel/oem7/bestpos,/novatel/oem7/bestvel,39.663,-75.756,33.181617873,0.000878822,-0.001274747,,,,150.101190535,novatel_oem7_msgs.msg.SolutionStatus(status=0),novatel_oem7_msgs.msg.PositionOrVelocityType(type=53)
1786043739415731492,1786043739.415084043,/novatel/oem7/odom,/novatel/oem7/bestpos,/novatel/oem7/odom,39.663,-75.756,33.181617873,0.000717346,-0.001463533,0.000491308,-0.000522687,-0.001463533,,,
1786043739425700052,1786043739.424950438,/novatel/oem7/inspva,/novatel/oem7/inspva,/novatel/oem7/inspva,39.663,-75.756,-1.800784376,0.001141106,-0.000459979,-0.001132941,0.000136262,-0.000459979,,novatel_oem7_msgs.msg.InertialSolutionStatus(status=3),
1786043739427059246,1786043739.425190984,/novatel/oem7/fix,/novatel/oem7/fix,/novatel/oem7/inspva,39.663,-75.756,-1.800784376,0.001141106,-0.000459979,-0.001132941,0.000136262,-0.000459979,,0,
1786043739428115723,1786043739.425778476,/novatel/oem7/odom,/novatel/oem7/fix,/novatel/oem7/odom,39.663,-75.756,-1.800784376,0.001140069,-0.000462542,0.000080564,-0.001137219,-0.000462542,,,
1786043739435099479,1786043739.434437516,/novatel/oem7/odom,/novatel/oem7/fix,/novatel/oem7/odom,39.663,-75.756,-1.800784376,0.001140069,-0.000462542,0.000080564,-0.001137219,-0.000462542,,,
1786043739446828900,1786043739.446290061,/novatel/oem7/inspva,/novatel/oem7/inspva,/novatel/oem7/inspva,39.663,-75.756,-1.800749724,0.002633561,0.001069746,-0.001859606,0.001864808,0.001069746,,novatel_oem7_msgs.msg.InertialSolutionStatus(status=3),
1786043739448160069,1786043739.446453612,/novatel/oem7/fix,/novatel/oem7/fix,/novatel/oem7/inspva,39.663,-75.756,-1.800749724,0.002633561,0.001069746,-0.001859606,0.001864808,0.001069746,,0,
1786043739449218604,1786043739.447009565,/novatel/oem7/odom,/novatel/oem7/fix,/novatel/oem7/odom,39.663,-75.756,-1.800749724,0.002632792,0.001071638,0.001764215,-0.001954261,0.001071638,,,
1786043739457046218,1786043739.456368705,/novatel/oem7/odom,/novatel/oem7/fix,/novatel/oem7/odom,39.663,-75.756,-1.800749724,0.002632792,0.001071638,0.001764215,-0.001954261,0.001071638,,,
1786043739465596940,1786043739.465068498,/novatel/oem7/inspva,/novatel/oem7/inspva,/novatel/oem7/inspva,39.663,-75.756,-1.800727471,0.001771721,0.001361880,-0.001435935,0.001037828,0.001361880,,novatel_oem7_msgs.msg.InertialSolutionStatus(status=3),
1786043739466911837,1786043739.465231970,/novatel/oem7/fix,/novatel/oem7/fix,/novatel/oem7/inspva,39.663,-75.756,-1.800727471,0.001771721,0.001361880,-0.001435935,0.001037828,0.001361880,,0,
1786043739468037162,1786043739.465605220,/novatel/oem7/odom,/novatel/oem7/fix,/novatel/oem7/odom,39.663,-75.756,-1.800727471,0.001771739,0.001361856,0.000958592,-0.001490020,0.001361856,,,
1786043739476098248,1786043739.475401318,/novatel/oem7/odom,/novatel/oem7/fix,/novatel/oem7/odom,39.663,-75.756,-1.800727471,0.001771739,0.001361856,0.000958592,-0.001490020,0.001361856,,,
1786043739485870590,1786043739.485334981,/novatel/oem7/inspva,/novatel/oem7/inspva,/novatel/oem7/inspva,39.663,-75.756,-1.800731954,0.000213998,-0.001048482,-0.000166061,0.000134978,-0.001048482,,novatel_oem7_msgs.msg.InertialSolutionStatus(status=3),
1786043739487261884,1786043739.485505649,/novatel/oem7/fix,/novatel/oem7/fix,/novatel/oem7/inspva,39.663,-75.756,-1.800731954,0.000213998,-0.001048482,-0.000166061,0.000134978,-0.001048482,,0,
1786043739488357315,1786043739.486100772,/novatel/oem7/odom,/novatel/oem7/fix,/novatel/oem7/odom,39.663,-75.756,-1.800731954,0.000214301,-0.001048420,0.000130453,-0.000170020,-0.001048420,,,
1786043739495826132,1786043739.495122268,/novatel/oem7/odom,/novatel/oem7/fix,/novatel/oem7/odom,39.663,-75.756,-1.800731954,0.000214301,-0.001048420,0.000130453,-0.000170020,-0.001048420,,,
1786043739506468242,1786043739.505921400,/novatel/oem7/inspva,/novatel/oem7/inspva,/novatel/oem7/inspva,39.663,-75.756,-1.800704053,0.001081501,-0.000619005,-0.000949880,0.000517081,-0.000619005,,novatel_oem7_msgs.msg.InertialSolutionStatus(status=3),
1786043739507896596,1786043739.506075248,/novatel/oem7/fix,/novatel/oem7/fix,/novatel/oem7/inspva,39.663,-75.756,-1.800704053,0.001081501,-0.000619005,-0.000949880,0.000517081,-0.000619005,,0,
1786043739508972887,1786043739.506543273,/novatel/oem7/odom,/novatel/oem7/fix,/novatel/oem7/odom,39.663,-75.756,-1.800704053,0.001081135,-0.000619645,0.000470762,-0.000973260,-0.000619645,,,
1786043739512004967,1786043739.511331520,/novatel/oem7/bestpos,/novatel/oem7/bestpos,/novatel/oem7/odom,39.663,-75.756,33.181719461,0.001081135,-0.000619645,0.000470762,-0.000973260,-0.000619645,,novatel_oem7_msgs.msg.SolutionStatus(status=0),novatel_oem7_msgs.msg.PositionOrVelocityType(type=53)
1786043739513748561,1786043739.512292617,/novatel/oem7/bestvel,/novatel/oem7/bestpos,/novatel/oem7/bestvel,39.663,-75.756,33.181719461,0.001373578,-0.000481992,,,,154.888920431,novatel_oem7_msgs.msg.SolutionStatus(status=0),novatel_oem7_msgs.msg.PositionOrVelocityType(type=53)
1786043739515685501,1786043739.514630003,/novatel/oem7/odom,/novatel/oem7/bestpos,/novatel/oem7/odom,39.663,-75.756,33.181719461,0.001081135,-0.000619645,0.000470762,-0.000973260,-0.000619645,,,
1786043739525788232,1786043739.525180372,/novatel/oem7/inspva,/novatel/oem7/inspva,/novatel/oem7/inspva,39.663,-75.756,-1.800668721,0.002402976,0.001079495,-0.001789788,0.001603419,0.001079495,,novatel_oem7_msgs.msg.InertialSolutionStatus(status=3),
1786043739527300977,1786043739.525276453,/novatel/oem7/fix,/novatel/oem7/fix,/novatel/oem7/inspva,39.663,-75.756,-1.800668721,0.002402976,0.001079495,-0.001789788,0.001603419,0.001079495,,0,
1786043739528386454,1786043739.525925176,/novatel/oem7/odom,/novatel/oem7/fix,/novatel/oem7/odom,39.663,-75.756,-1.800668721,0.002402467,0.001080627,0.001506662,-0.001871315,0.001080627,,,
1786043739536165615,1786043739.535438385,/novatel/oem7/odom,/novatel/oem7/fix,/novatel/oem7/odom,39.663,-75.756,-1.800668721,0.002402467,0.001080627,0.001506662,-0.001871315,0.001080627,,,
1786043739545637577,1786043739.544972323,/novatel/oem7/inspva,/novatel/oem7/inspva,/novatel/oem7/inspva,39.663,-75.756,-1.800650335,0.003281324,0.000888966,-0.002254896,0.002383807,0.000888966,,novatel_oem7_msgs.msg.InertialSolutionStatus(status=3),
1786043739547053524,1786043739.545152665,/novatel/oem7/fix,/novatel/oem7/fix,/novatel/oem7/inspva,39.663,-75.756,-1.800650335,0.003281324,0.000888966,-0.002254896,0.002383807,0.000888966,,0,
1786043739548107181,1786043739.545638023,/novatel/oem7/odom,/novatel/oem7/fix,/novatel/oem7/odom,39.663,-75.756,-1.800650335,0.003280594,0.000891657,0.002263255,-0.002374863,0.000891657,,,
1786043739556340504,1786043739.555632543,/novatel/oem7/odom,/novatel/oem7/fix,/novatel/oem7/odom,39.663,-75.756,-1.800650335,0.003280594,0.000891657,0.002263255,-0.002374863,0.000891657,,,
1786043739567272293,1786043739.566594989,/novatel/oem7/inspva,/novatel/oem7/inspva,/novatel/oem7/inspva,39.663,-75.756,-1.800640550,0.000923755,0.000410636,-0.000206622,0.000900350,0.000410636,,novatel_oem7_msgs.msg.InertialSolutionStatus(status=3),
1786043739568707167,1786043739.566809641,/novatel/oem7/fix,/novatel/oem7/fix,/novatel/oem7/inspva,39.663,-75.756,-1.800640550,0.000923755,0.000410636,-0.000206622,0.000900350,0.000410636,,0,
1786043739569793871,1786043739.567190692,/novatel/oem7/odom,/novatel/oem7/fix,/novatel/oem7/odom,39.663,-75.756,-1.800640550,0.000922505,0.000413436,0.000887150,-0.000252943,0.000413436,,,
1786043739575341173,1786043739.574620456,/novatel/oem7/odom,/novatel/oem7/fix,/novatel/oem7/odom,39.663,-75.756,-1.800640550,0.000922505,0.000413436,0.000887150,-0.000252943,0.000413436,,,
1786043739585750780,1786043739.585177665,/novatel/oem7/inspva,/novatel/oem7/inspva,/novatel/oem7/inspva,39.663,-75.756,-1.800616617,0.001013592,0.000345089,-0.000939505,0.000380394,0.000345089,,novatel_oem7_msgs.msg.InertialSolutionStatus(status=3),
1786043739587034256,1786043739.585398400,/novatel/oem7/fix,/novatel/oem7/fix,/novatel/oem7/inspva,39.663,-75.756,-1.800616617,0.001013592,0.000345089,-0.000939505,0.000380394,0.000345089,,0,
1786043739588059767,1786043739.585885402,/novatel/oem7/odom,/novatel/oem7/fix,/novatel/oem7/odom,39.663,-75.756,-1.800616617,0.001013980,0.000343949,0.000331048,-0.000958416,0.000343949,,,
1786043739596203602,1786043739.595575236,/novatel/oem7/odom,/novatel/oem7/fix,/novatel/oem7/odom,39.663,-75.756,-1.800616617,0.001013980,0.000343949,0.000331048,-0.000958416,0.000343949,,,
1786043739607144414,1786043739.606612536,/novatel/oem7/inspva,/novatel/oem7/inspva,/novatel/oem7/inspva,39.663,-75.756,-1.800576808,0.002879260,0.001038772,-0.002077276,0.001993756,0.001038772,,novatel_oem7_msgs.msg.InertialSolutionStatus(status=3),
1786043739608453860,1786043739.606805881,/novatel/oem7/fix,/novatel/oem7/fix,/novatel/oem7/inspva,39.663,-75.756,-1.800576808,0.002879260,0.001038772,-0.002077276,0.001993756,0.001038772,,0,
1786043739609476494,1786043739.607175279,/novatel/oem7/odom,/novatel/oem7/fix,/novatel/oem7/odom,39.663,-75.756,-1.800576808,0.002878629,0.001040517,0.001882124,-0.002178099,0.001040517,,,
1786043739610905575,1786043739.610281382,/novatel/oem7/bestpos,/novatel/oem7/bestpos,/novatel/oem7/odom,39.663,-75.756,33.181857235,0.002878629,0.001040517,0.001882124,-0.002178099,0.001040517,,novatel_oem7_msgs.msg.SolutionStatus(status=0),novatel_oem7_msgs.msg.PositionOrVelocityType(type=53)
1786043739612279512,1786043739.610695760,/novatel/oem7/bestvel,/novatel/oem7/bestpos,/novatel/oem7/bestvel,39.663,-75.756,33.181857235,0.002941448,0.001748962,,,,154.518546477,novatel_oem7_msgs.msg.SolutionStatus(status=0),novatel_oem7_msgs.msg.PositionOrVelocityType(type=53)
1786043739615656966,1786043739.614988313,/novatel/oem7/odom,/novatel/oem7/bestpos,/novatel/oem7/odom,39.663,-75.756,33.181857235,0.002878629,0.001040517,0.001882124,-0.002178099,0.001040517,,,
1786043739626652292,1786043739.626095803,/novatel/oem7/inspva,/novatel/oem7/inspva,/novatel/oem7/inspva,39.663,-75.756,-1.800552007,0.002967325,0.000901502,-0.002463971,0.001653441,0.000901502,,novatel_oem7_msgs.msg.InertialSolutionStatus(status=3),
1786043739627955052,1786043739.626287462,/novatel/oem7/fix,/novatel/oem7/fix,/novatel/oem7/inspva,39.663,-75.756,-1.800552007,0.002967325,0.000901502,-0.002463971,0.001653441,0.000901502,,0,
1786043739628987849,1786043739.626663512,/novatel/oem7/odom,/novatel/oem7/fix,/novatel/oem7/odom,39.663,-75.756,-1.800552007,0.002967474,0.000901013,0.001523195,-0.002546719,0.000901013,,,
1786043739635098270,1786043739.634478355,/novatel/oem7/odom,/novatel/oem7/fix,/novatel/oem7/odom,39.663,-75.756,-1.800552007,0.002967474,0.000901013,0.001523195,-0.002546719,0.000901013,,,
1786043739647381799,1786043739.645302815,/novatel/oem7/inspva,/novatel/oem7/inspva,/novatel/oem7/inspva,39.663,-75.756,-1.800532063,0.001657668,0.001137581,-0.000581306,0.001552400,0.001137581,,novatel_oem7_msgs.msg.InertialSolutionStatus(status=3),
1786043739648737986,1786043739.645585265,/novatel/oem7/fix,/novatel/oem7/fix,/novatel/oem7/inspva,39.663,-75.756,-1.800532063,0.001657668,0.001137581,-0.000581306,0.001552400,0.001137581,,0,
1786043739649819584,1786043739.646115630,/novatel/oem7/odom,/novatel/oem7/fix,/novatel/oem7/odom,39.663,-75.756,-1.800532063,0.001654780,0.001141777,0.001516606,-0.000661969,0.001141777,,,
1786043739657356436,1786043739.656583735,/novatel/oem7/odom,/novatel/oem7/fix,/novatel/oem7/odom,39.663,-75.756,-1.800532063,0.001654780,0.001141777,0.001516606,-0.000661969,0.001141777,,,
1786043739665709119,1786043739.665066086,/novatel/oem7/inspva,/novatel/oem7/inspva,/novatel/oem7/inspva,39.663,-75.756,-1.800507785,0.001111989,0.001603403,-0.000936451,0.000599650,0.001603403,,novatel_oem7_msgs.msg.InertialSolutionStatus(status=3),
1786043739667260711,1786043739.665284228,/novatel/oem7/fix,/novatel/oem7/fix,/novatel/oem7/inspva,39.663,-75.756,-1.800507785,0.001111989,0.001603403,-0.000936451,0.000599650,0.001603403,,0,
1786043739668498127,1786043739.665701315,/novatel/oem7/odom,/novatel/oem7/fix,/novatel/oem7/odom,39.663,-75.756,-1.800507785,0.001112441,0.001603090,0.000545267,-0.000969643,0.001603090,,,
1786043739675152093,1786043739.674452110,/novatel/oem7/odom,/novatel/oem7/fix,/novatel/oem7/odom,39.663,-75.756,-1.800507785,0.001112441,0.001603090,0.000545267,-0.000969643,0.001603090,,,
1786043739687091503,1786043739.686529280,/novatel/oem7/inspva,/novatel/oem7/inspva,/novatel/oem7/inspva,39.663,-75.756,-1.800488111,0.002366781,-0.000442884,-0.002327311,0.000430435,-0.000442884,,novatel_oem7_msgs.msg.InertialSolutionStatus(status=3),
1786043739688529420,1786043739.686739262,/novatel/oem7/fix,/novatel/oem7/fix,/novatel/oem7/inspva,39.663,-75.756,-1.800488111,0.002366781,-0.000442884,-0.002327311,0.000430435,-0.000442884,,0,
1786043739689680022,1786043739.687043078,/novatel/oem7/odom,/novatel/oem7/fix,/novatel/oem7/odom,39.663,-75.756,-1.800488111,0.002365901,-0.000447561,0.000313853,-0.002344991,-0.000447561,,,
1786043739695699499,1786043739.694986938,/novatel/oem7/odom,/novatel/oem7/fix,/novatel/oem7/odom,39.663,-75.756,-1.800488111,0.002365901,-0.000447561,0.000313853,-0.002344991,-0.000447561,,,
1786043739706354992,1786043739.705803160,/novatel/oem7/inspva,/novatel/oem7/inspva,/novatel/oem7/inspva,39.663,-75.756,-1.800455001,0.002707434,0.000057491,-0.002409137,0.001235417,0.000057491,,novatel_oem7_msgs.msg.InertialSolutionStatus(status=3),
1786043739707818037,1786043739.705994925,/novatel/oem7/fix,/novatel/oem7/fix,/novatel/oem7/inspva,39.663,-75.756,-1.800455001,0.002707434,0.000057491,-0.002409137,0.001235417,0.000057491,,0,
1786043739708989198,1786043739.706476903,/novatel/oem7/odom,/novatel/oem7/fix,/novatel/oem7/odom,39.663,-75.756,-1.800455001,0.002707474,0.000055582,0.001111742,-0.002468693,0.000055582,,,
1786043739710545500,1786043739.709862577,/novatel/oem7/bestpos,/novatel/oem7/bestpos,/novatel/oem7/odom,39.663,-75.756,33.181979123,0.002707474,0.000055582,0.001111742,-0.002468693,0.000055582,,novatel_oem7_msgs.msg.SolutionStatus(status=0),novatel_oem7_msgs.msg.PositionOrVelocityType(type=53)
1786043739712043232,1786043739.710576057,/novatel/oem7/bestvel,/novatel/oem7/bestpos,/novatel/oem7/bestvel,39.663,-75.756,33.181979123,0.003038800,0.000981924,,,,177.271919415,novatel_oem7_msgs.msg.SolutionStatus(status=0),novatel_oem7_msgs.msg.PositionOrVelocityType(type=53)
1786043739716145776,1786043739.715452659,/novatel/oem7/odom,/novatel/oem7/bestpos,/novatel/oem7/odom,39.663,-75.756,33.181979123,0.002707474,0.000055582,0.001111742,-0.002468693,0.000055582,,,
1786043739725759599,1786043739.725205886,/novatel/oem7/inspva,/novatel/oem7/inspva,/novatel/oem7/inspva,39.663,-75.756,-1.800422017,0.002028755,0.002178137,-0.001576996,0.001276295,0.002178137,,novatel_oem7_msgs.msg.InertialSolutionStatus(status=3),
1786043739727206713,1786043739.725405045,/novatel/oem7/fix,/novatel/oem7/fix,/novatel/oem7/inspva,39.663,-75.756,-1.800422017,0.002028755,0.002178137,-0.001576996,0.001276295,0.002178137,,0,
1786043739728356535,1786043739.726004178,/novatel/oem7/odom,/novatel/oem7/fix,/novatel/oem7/odom,39.663,-75.756,-1.800422017,0.002028233,0.002178623,0.001186404,-0.001645046,0.002178623,,,
1786043739735583140,1786043739.734904138,/novatel/oem7/odom,/novatel/oem7/fix,/novatel/oem7/odom,39.663,-75.756,-1.800422017,0.002028233,0.002178623,0.001186404,-0.001645046,0.002178623,,,
1786043739747207753,1786043739.746463809,/novatel/oem7/inspva,/novatel/oem7/inspva,/novatel/oem7/inspva,39.663,-75.756,-1.800399475,0.001667660,0.002084138,-0.001212729,0.001144717,0.002084138,,novatel_oem7_msgs.msg.InertialSolutionStatus(status=3),
1786043739748600830,1786043739.746661798,/novatel/oem7/fix,/novatel/oem7/fix,/novatel/oem7/inspva,39.663,-75.756,-1.800399475,0.001667660,0.002084138,-0.001212729,0.001144717,0.002084138,,0,
1786043739749671035,1786043739.747076332,/novatel/oem7/odom,/novatel/oem7/fix,/novatel/oem7/odom,39.663,-75.756,-1.800399475,0.001666487,0.002085076,0.001073845,-0.001274376,0.002085076,,,
1786043739756488906,1786043739.755823273,/novatel/oem7/odom,/novatel/oem7/fix,/novatel/oem7/odom,39.663,-75.756,-1.800399475,0.001666487,0.002085076,0.001073845,-0.001274376,0.002085076,,,
1786043739765892253,1786043739.765281417,/novatel/oem7/inspva,/novatel/oem7/inspva,/novatel/oem7/inspva,39.663,-75.756,-1.800381700,0.001157487,0.000048160,-0.001147398,0.000152488,0.000048160,,novatel_oem7_msgs.msg.InertialSolutionStatus(status=3),
1786043739767302624,1786043739.765467066,/novatel/oem7/fix,/novatel/oem7/fix,/novatel/oem7/inspva,39.663,-75.756,-1.800381700,0.001157487,0.000048160,-0.001147398,0.000152488,0.000048160,,0,
1786043739768386922,1786043739.766074903,/novatel/oem7/odom,/novatel/oem7/fix,/novatel/oem7/odom,39.663,-75.756,-1.800381700,0.001157588,0.000045660,0.000094067,-0.001153759,0.000045660,,,
1786043739776028135,1786043739.775662304,/novatel/oem7/odom,/novatel/oem7/fix,/novatel/oem7/odom,39.663,-75.756,-1.800381700,0.001157588,0.000045660,0.000094067,-0.001153759,0.000045660,,,
1786043739786002251,1786043739.785323517,/novatel/oem7/inspva,/novatel/oem7/inspva,/novatel/oem7/inspva,39.663,-75.756,-1.800348606,0.001862973,-0.000596557,-0.001765161,0.000595714,-0.000596557,,novatel_oem7_msgs.msg.InertialSolutionStatus(status=3),
1786043739787335727,1786043739.785534533,/novatel/oem7/fix,/novatel/oem7/fix,/novatel/oem7/inspva,39.663,-75.756,-1.800348606,0.001862973,-0.000596557,-0.001765161,0.000595714,-0.000596557,,0,
1786043739788389718,1786043739.785795307,/novatel/oem7/odom,/novatel/oem7/fix,/novatel/oem7/odom,39.663,-75.756,-1.800348606,0.001862172,-0.000599051,0.000507960,-0.001791553,-0.000599051,,,
1786043739795340024,1786043739.794638750,/novatel/oem7/odom,/novatel/oem7/fix,/novatel/oem7/odom,39.663,-75.756,-1.800348606,0.001862172,-0.000599051,0.000507960,-0.001791553,-0.000599051,,,
1786043739807157685,1786043739.806468508,/novatel/oem7/inspva,/novatel/oem7/inspva,/novatel/oem7/inspva,39.663,-75.756,-1.800298246,0.003255051,0.002917426,-0.002447504,0.002145946,0.002917426,,novatel_oem7_msgs.msg.InertialSolutionStatus(status=3),
1786043739808617313,1786043739.806680577,/novatel/oem7/fix,/novatel/oem7/fix,/novatel/oem7/inspva,39.663,-75.756,-1.800298246,0.003255051,0.002917426,-0.002447504,0.002145946,0.002917426,,0,
1786043739809752908,1786043739.807181613,/novatel/oem7/odom,/novatel/oem7/fix,/novatel/oem7/odom,39.663,-75.756,-1.800298246,0.003253862,0.002918753,0.002008182,-0.002560238,0.002918753,,,
1786043739811477865,1786043739.810275560,/novatel/oem7/bestpos,/novatel/oem7/bestpos,/novatel/oem7/odom,39.663,-75.756,33.182116833,0.003253862,0.002918753,0.002008182,-0.002560238,0.002918753,,novatel_oem7_msgs.msg.SolutionStatus(status=0),novatel_oem7_msgs.msg.PositionOrVelocityType(type=53)
1786043739812395937,1786043739.810614483,/novatel/oem7/bestvel,/novatel/oem7/bestpos,/novatel/oem7/bestvel,39.663,-75.756,33.182116833,0.003042944,0.002157029,,,,120.724842070,novatel_oem7_msgs.msg.SolutionStatus(status=0),novatel_oem7_msgs.msg.PositionOrVelocityType(type=53)
1786043739815911369,1786043739.815241854,/novatel/oem7/odom,/novatel/oem7/bestpos,/novatel/oem7/odom,39.663,-75.756,33.182116833,0.003253862,0.002918753,0.002008182,-0.002560238,0.002918753,,,
1786043739825865266,1786043739.825152831,/novatel/oem7/inspva,/novatel/oem7/inspva,/novatel/oem7/inspva,39.663,-75.756,-1.800273873,0.002476492,0.002468996,-0.001994644,0.001467790,0.002468996,,novatel_oem7_msgs.msg.InertialSolutionStatus(status=3),
1786043739827193572,1786043739.825355600,/novatel/oem7/fix,/novatel/oem7/fix,/novatel/oem7/inspva,39.663,-75.756,-1.800273873,0.002476492,0.002468996,-0.001994644,0.001467790,0.002468996,,0,
1786043739828247083,1786043739.825711167,/novatel/oem7/odom,/novatel/oem7/fix,/novatel/oem7/odom,39.663,-75.756,-1.800273873,0.002476402,0.002469086,0.001355473,-0.002072500,0.002469086,,,
1786043739836255532,1786043739.835610664,/novatel/oem7/odom,/novatel/oem7/fix,/novatel/oem7/odom,39.663,-75.756,-1.800273873,0.002476402,0.002469086,0.001355473,-0.002072500,0.002469086,,,
1786043739846596569,1786043739.845859968,/novatel/oem7/inspva,/novatel/oem7/inspva,/novatel/oem7/inspva,39.663,-75.756,-1.800252111,0.000121026,0.000642925,-0.000114710,-0.000038585,0.000642925,,novatel_oem7_msgs.msg.InertialSolutionStatus(status=3),
1786043739848394907,1786043739.846079561,/novatel/oem7/fix,/novatel/oem7/fix,/novatel/oem7/inspva,39.663,-75.756,-1.800252111,0.000121026,0.000642925,-0.000114710,-0.000038585,0.000642925,,0,
1786043739849576142,1786043739.846642339,/novatel/oem7/odom,/novatel/oem7/fix,/novatel/oem7/odom,39.663,-75.756,-1.800252111,0.000123422,0.000642470,-0.000046805,-0.000114202,0.000642470,,,
1786043739856954182,1786043739.856293244,/novatel/oem7/odom,/novatel/oem7/fix,/novatel/oem7/odom,39.663,-75.756,-1.800252111,0.000123422,0.000642470,-0.000046805,-0.000114202,0.000642470,,,
1786043739866641013,1786043739.866101490,/novatel/oem7/inspva,/novatel/oem7/inspva,/novatel/oem7/inspva,39.663,-75.756,-1.800224343,0.000796969,0.000015271,-0.000628520,0.000490023,0.000015271,,novatel_oem7_msgs.msg.InertialSolutionStatus(status=3),
1786043739867976449,1786043739.866284842,/novatel/oem7/fix,/novatel/oem7/fix,/novatel/oem7/inspva,39.663,-75.756,-1.800224343,0.000796969,0.000015271,-0.000628520,0.000490023,0.000015271,,0,
1786043739869083497,1786043739.866610864,/novatel/oem7/odom,/novatel/oem7/fix,/novatel/oem7/odom,39.663,-75.756,-1.800224343,0.000796967,0.000015405,0.000457554,-0.000652534,0.000015405,,,
1786043739875139608,1786043739.874482641,/novatel/oem7/odom,/novatel/oem7/fix,/novatel/oem7/odom,39.663,-75.756,-1.800224343,0.000796967,0.000015405,0.000457554,-0.000652534,0.000015405,,,
1786043739885750574,1786043739.885098430,/novatel/oem7/inspva,/novatel/oem7/inspva,/novatel/oem7/inspva,39.663,-75.756,-1.800186703,0.004183067,0.001517351,-0.003471454,0.002333893,0.001517351,,novatel_oem7_msgs.msg.InertialSolutionStatus(status=3),
1786043739887132567,1786043739.885296735,/novatel/oem7/fix,/novatel/oem7/fix,/novatel/oem7/inspva,39.663,-75.756,-1.800186703,0.004183067,0.001517351,-0.003471454,0.002333893,0.001517351,,0,
1786043739888210341,1786043739.885690426,/novatel/oem7/odom,/novatel/oem7/fix,/novatel/oem7/odom,39.663,-75.756,-1.800186703,0.004183340,0.001516598,0.002149464,-0.003588891,0.001516598,,,
1786043739896137397,1786043739.895454067,/novatel/oem7/odom,/novatel/oem7/fix,/novatel/oem7/odom,39.663,-75.756,-1.800186703,0.004183340,0.001516598,0.002149464,-0.003588891,0.001516598,,,
1786043739906335199,1786043739.905758594,/novatel/oem7/inspva,/novatel/oem7/inspva,/novatel/oem7/inspva,39.663,-75.756,-1.800150232,0.003253088,0.002633547,-0.002649542,0.001887462,0.002633547,,novatel_oem7_msgs.msg.InertialSolutionStatus(status=3),
1786043739907729639,1786043739.905949179,/novatel/oem7/fix,/novatel/oem7/fix,/novatel/oem7/inspva,39.663,-75.756,-1.800150232,0.003253088,0.002633547,-0.002649542,0.001887462,0.002633547,,0,
1786043739908883238,1786043739.906355182,/novatel/oem7/odom,/novatel/oem7/fix,/novatel/oem7/odom,39.663,-75.756,-1.800150232,0.003253217,0.002633389,0.001740895,-0.002748218,0.002633389,,,
1786043739910445313,1786043739.909479847,/novatel/oem7/bestpos,/novatel/oem7/bestpos,/novatel/oem7/odom,39.663,-75.756,33.182273705,0.003253217,0.002633389,0.001740895,-0.002748218,0.002633389,,novatel_oem7_msgs.msg.SolutionStatus(status=0),novatel_oem7_msgs.msg.PositionOrVelocityType(type=53)
1786043739911903928,1786043739.910118400,/novatel/oem7/bestvel,/novatel/oem7/bestpos,/novatel/oem7/bestvel,39.663,-75.756,33.182273705,0.002953326,0.002773767,,,,149.541144804,novatel_oem7_msgs.msg.SolutionStatus(status=0),novatel_oem7_msgs.msg.PositionOrVelocityType(type=53)
1786043739915155357,1786043739.914492561,/novatel/oem7/odom,/novatel/oem7/bestpos,/novatel/oem7/odom,39.663,-75.756,33.182273705,0.003253217,0.002633389,0.001740895,-0.002748218,0.002633389,,,
1786043739927105273,1786043739.926537957,/novatel/oem7/inspva,/novatel/oem7/inspva,/novatel/oem7/inspva,39.663,-75.756,-1.800129082,0.000903684,0.001134495,-0.000884767,-0.000183937,0.001134495,,novatel_oem7_msgs.msg.InertialSolutionStatus(status=3),
1786043739928485027,1786043739.926716326,/novatel/oem7/fix,/novatel/oem7/fix,/novatel/oem7/inspva,39.663,-75.756,-1.800129082,0.000903684,0.001134495,-0.000884767,-0.000183937,0.001134495,,0,
1786043739929540651,1786043739.927105110,/novatel/oem7/odom,/novatel/oem7/fix,/novatel/oem7/odom,39.663,-75.756,-1.800129082,0.000907499,0.001131446,-0.000232839,-0.000877121,0.001131446,,,
1786043739935575771,1786043739.934928271,/novatel/oem7/odom,/novatel/oem7/fix,/novatel/oem7/odom,39.663,-75.756,-1.800129082,0.000907499,0.001131446,-0.000232839,-0.000877121,0.001131446,,,
1786043739945595348,1786043739.945015596,/novatel/oem7/inspva,/novatel/oem7/inspva,/novatel/oem7/inspva,39.663,-75.756,-1.800094647,0.000856096,0.000875554,-0.000797967,0.000310079,0.000875554,,novatel_oem7_msgs.msg.InertialSolutionStatus(status=3),
1786043739946913585,1786043739.945197074,/novatel/oem7/fix,/novatel/oem7/fix,/novatel/oem7/inspva,39.663,-75.756,-1.800094647,0.000856096,0.000875554,-0.000797967,0.000310079,0.000875554,,0,
1786043739948015762,1786043739.945585491,/novatel/oem7/odom,/novatel/oem7/fix,/novatel/oem7/odom,39.663,-75.756,-1.800094647,0.000857111,0.000874560,0.000265967,-0.000814801,0.000874560,,,
1786043739956265164,1786043739.955612983,/novatel/oem7/odom,/novatel/oem7/fix,/novatel/oem7/odom,39.663,-75.756,-1.800094647,0.000857111,0.000874560,0.000265967,-0.000814801,0.000874560,,,
1786043739966549214,1786043739.965957555,/novatel/oem7/inspva,/novatel/oem7/inspva,/novatel/oem7/inspva,39.663,-75.756,-1.800063673,0.004108619,0.000676501,-0.003589991,0.001998178,0.000676501,,novatel_oem7_msgs.msg.InertialSolutionStatus(status=3),
1786043739967935388,1786043739.966125870,/novatel/oem7/fix,/novatel/oem7/fix,/novatel/oem7/inspva,39.663,-75.756,-1.800063673,0.004108619,0.000676501,-0.003589991,0.001998178,0.000676501,,0,
1786043739969001545,1786043739.966552557,/novatel/oem7/odom,/novatel/oem7/fix,/novatel/oem7/odom,39.663,-75.756,-1.800063673,0.004108995,0.000674212,0.001811364,-0.003688197,0.000674212,,,
1786043739975578231,1786043739.974925967,/novatel/oem7/odom,/novatel/oem7/fix,/novatel/oem7/odom,39.663,-75.756,-1.800063673,0.004108995,0.000674212,0.001811364,-0.003688197,0.000674212,,,
1786043739986729738,1786043739.986081396,/novatel/oem7/inspva,/novatel/oem7/inspva,/novatel/oem7/inspva,39.663,-75.756,-1.800021010,0.003128194,0.001583702,-0.003090341,0.000485173,0.001583702,,novatel_oem7_msgs.msg.InertialSolutionStatus(status=3),
1786043739988051712,1786043739.986270708,/novatel/oem7/fix,/novatel/oem7/fix,/novatel/oem7/inspva,39.663,-75.756,-1.800021010,0.003128194,0.001583702,-0.003090341,0.000485173,0.001583702,,0,
1786043739989090876,1786043739.986636367,/novatel/oem7/odom,/novatel/oem7/fix,/novatel/oem7/odom,39.663,-75.756,-1.800021010,0.003131467,0.001577220,0.000322126,-0.003114855,0.001577220,,,
1786043739995122792,1786043739.994450649,/novatel/oem7/odom,/novatel/oem7/fix,/novatel/oem7/odom,39.663,-75.756,-1.800021010,0.003131467,0.001577220,0.000322126,-0.003114855,0.001577220,,,
1786043740011036461,1786043740.010297744,/novatel/oem7/inspva,/novatel/oem7/inspva,/novatel/oem7/inspva,39.663,-75.756,-1.799987155,0.001458338,0.002188238,-0.001456116,-0.000080478,0.002188238,,novatel_oem7_msgs.msg.InertialSolutionStatus(status=3),
1786043740012705175,1786043740.010525333,/novatel/oem7/fix,/novatel/oem7/fix,/novatel/oem7/inspva,39.663,-75.756,-1.799987155,0.001458338,0.002188238,-0.001456116,-0.000080478,0.002188238,,0,
1786043740013777339,1786043740.011690536,/novatel/oem7/odom,/novatel/oem7/fix,/novatel/oem7/odom,39.663,-75.756,-1.799987155,0.001464648,0.002184019,-0.000162414,-0.001455615,0.002184019,,,
1786043740017076652,1786043740.016310111,/novatel/oem7/odom,/novatel/oem7/fix,/novatel/oem7/odom,39.663,-75.756,-1.799987155,0.001464648,0.002184019,-0.000162414,-0.001455615,0.002184019,,,
1786043740027928904,1786043740.027280573,/novatel/oem7/bestpos,/novatel/oem7/bestpos,/novatel/oem7/odom,39.663,-75.756,33.182441256,0.001464648,0.002184019,-0.000162414,-0.001455615,0.002184019,,novatel_oem7_msgs.msg.SolutionStatus(status=0),novatel_oem7_msgs.msg.PositionOrVelocityType(type=53)
1786043740029773868,1786043740.028295754,/novatel/oem7/bestvel,/novatel/oem7/bestpos,/novatel/oem7/bestvel,39.663,-75.756,33.182441256,0.001151989,0.002131302,,,,199.854136487,novatel_oem7_msgs.msg.SolutionStatus(status=0),novatel_oem7_msgs.msg.PositionOrVelocityType(type=53)
1786043740030823703,1786043740.028789405,/novatel/oem7/inspva,/novatel/oem7/inspva,/novatel/oem7/inspva,39.663,-75.756,-1.799960236,0.001438371,0.001593686,-0.001432728,-0.000127282,0.001593686,,novatel_oem7_msgs.msg.InertialSolutionStatus(status=3),
1786043740031750195,1786043740.029034488,/novatel/oem7/fix,/novatel/oem7/fix,/novatel/oem7/inspva,39.663,-75.756,-1.799960236,0.001438371,0.001593686,-0.001432728,-0.000127282,0.001593686,,0,
1786043740033302037,1786043740.029680914,/novatel/oem7/odom,/novatel/oem7/fix,/novatel/oem7/odom,39.663,-75.756,-1.799960236,0.001443141,0.001589368,-0.000205739,-0.001428400,0.001589368,,,
1786043740035479999,1786043740.034617612,/novatel/oem7/odom,/novatel/oem7/fix,/novatel/oem7/odom,39.663,-75.756,-1.799960236,0.001443141,0.001589368,-0.000205739,-0.001428400,0.001589368,,,
1786043740047637014,1786043740.046893183,/novatel/oem7/inspva,/novatel/oem7/inspva,/novatel/oem7/inspva,39.663,-75.756,-1.799962658,0.002514926,-0.000220957,-0.002471518,0.000465243,-0.000220957,,novatel_oem7_msgs.msg.InertialSolutionStatus(status=3),
1786043740049070681,1786043740.047104875,/novatel/oem7/fix,/novatel/oem7/fix,/novatel/oem7/inspva,39.663,-75.756,-1.799962658,0.002514926,-0.000220957,-0.002471518,0.000465243,-0.000220957,,0,
1786043740050180952,1786043740.047529386,/novatel/oem7/odom,/novatel/oem7/fix,/novatel/oem7/odom,39.663,-75.756,-1.799962658,0.002514489,-0.000225873,0.000340464,-0.002491332,-0.000225873,,,
1786043740057225163,1786043740.056540186,/novatel/oem7/odom,/novatel/oem7/fix,/novatel/oem7/odom,39.663,-75.756,-1.799962658,0.002514489,-0.000225873,0.000340464,-0.002491332,-0.000225873,,,
1786043740065856166,1786043740.065141989,/novatel/oem7/inspva,/novatel/oem7/inspva,/novatel/oem7/inspva,39.663,-75.756,-1.799963686,0.002925462,0.000471799,-0.002885284,0.000483180,0.000471799,,novatel_oem7_msgs.msg.InertialSolutionStatus(status=3),
1786043740067238703,1786043740.065353307,/novatel/oem7/fix,/novatel/oem7/fix,/novatel/oem7/inspva,39.663,-75.756,-1.799963686,0.002925462,0.000471799,-0.002885284,0.000483180,0.000471799,,0,
1786043740068339757,1786043740.065710277,/novatel/oem7/odom,/novatel/oem7/fix,/novatel/oem7/odom,39.663,-75.756,-1.799963686,0.002926417,0.000465840,0.000334798,-0.002907202,0.000465840,,,
1786043740076708741,1786043740.075845142,/novatel/oem7/odom,/novatel/oem7/fix,/novatel/oem7/odom,39.663,-75.756,-1.799963686,0.002926417,0.000465840,0.000334798,-0.002907202,0.000465840,,,
1786043740086543149,1786043740.085870639,/novatel/oem7/inspva,/novatel/oem7/inspva,/novatel/oem7/inspva,39.663,-75.756,-1.799945080,0.002592907,0.002818238,-0.002501459,0.000682548,0.002818238,,novatel_oem7_msgs.msg.InertialSolutionStatus(status=3),
1786043740087982527,1786043740.086074341,/novatel/oem7/fix,/novatel/oem7/fix,/novatel/oem7/inspva,39.663,-75.756,-1.799945080,0.002592907,0.002818238,-0.002501459,0.000682548,0.002818238,,0,
1786043740089038750,1786043740.086712984,/novatel/oem7/odom,/novatel/oem7/fix,/novatel/oem7/odom,39.663,-75.756,-1.799945080,0.002597560,0.002813950,0.000544310,-0.002539890,0.002813950,,,
1786043740095543475,1786043740.094774805,/novatel/oem7/odom,/novatel/oem7/fix,/novatel/oem7/odom,39.663,-75.756,-1.799945080,0.002597560,0.002813950,0.000544310,-0.002539890,0.002813950,,,
1786043740107045577,1786043740.106308593,/novatel/oem7/inspva,/novatel/oem7/inspva,/novatel/oem7/inspva,39.663,-75.756,-1.799958479,0.002168269,0.002558577,-0.002123310,0.000439254,0.002558577,,novatel_oem7_msgs.msg.InertialSolutionStatus(status=3),
1786043740108414811,1786043740.106536682,/novatel/oem7/fix,/novatel/oem7/fix,/novatel/oem7/inspva,39.663,-75.756,-1.799958479,0.002168269,0.002558577,-0.002123310,0.000439254,0.002558577,,0,
1786043740109499289,1786043740.107176052,/novatel/oem7/odom,/novatel/oem7/fix,/novatel/oem7/odom,39.663,-75.756,-1.799958479,0.002173121,0.002554457,0.000321450,-0.002149215,0.002554457,,,
1786043740111246299,1786043740.109627826,/novatel/oem7/bestpos,/novatel/oem7/bestpos,/novatel/oem7/odom,39.663,-75.756,33.182457121,0.002173121,0.002554457,0.000321450,-0.002149215,0.002554457,,novatel_oem7_msgs.msg.SolutionStatus(status=0),novatel_oem7_msgs.msg.PositionOrVelocityType(type=53)
1786043740112200579,1786043740.110318760,/novatel/oem7/bestvel,/novatel/oem7/bestpos,/novatel/oem7/bestvel,39.663,-75.756,33.182457121,0.002211511,0.001757866,,,,138.429880323,novatel_oem7_msgs.msg.SolutionStatus(status=0),novatel_oem7_msgs.msg.PositionOrVelocityType(type=53)
1786043740116384833,1786043740.115703734,/novatel/oem7/odom,/novatel/oem7/bestpos,/novatel/oem7/odom,39.663,-75.756,33.182457121,0.002173121,0.002554457,0.000321450,-0.002149215,0.002554457,,,
1786043740125966379,1786043740.125307873,/novatel/oem7/inspva,/novatel/oem7/inspva,/novatel/oem7/inspva,39.663,-75.756,-1.799984878,0.001813385,-0.001066917,-0.001813222,0.000024307,-0.001066917,,novatel_oem7_msgs.msg.InertialSolutionStatus(status=3),
1786043740127466151,1786043740.125534172,/novatel/oem7/fix,/novatel/oem7/fix,/novatel/oem7/inspva,39.663,-75.756,-1.799984878,0.001813385,-0.001066917,-0.001813222,0.000024307,-0.001066917,,0,
1786043740128560655,1786043740.126126491,/novatel/oem7/odom,/novatel/oem7/fix,/novatel/oem7/odom,39.663,-75.756,-1.799984878,0.001810588,-0.001071656,-0.000063414,-0.001809477,-0.001071656,,,
1786043740136108708,1786043740.135407047,/novatel/oem7/odom,/novatel/oem7/fix,/novatel/oem7/odom,39.663,-75.756,-1.799984878,0.001810588,-0.001071656,-0.000063414,-0.001809477,-0.001071656,,,
1786043740145980816,1786043740.145406153,/novatel/oem7/inspva,/novatel/oem7/inspva,/novatel/oem7/inspva,39.663,-75.756,-1.799980836,0.002381517,0.000250512,-0.002381429,0.000020544,0.000250512,,novatel_oem7_msgs.msg.InertialSolutionStatus(status=3),
1786043740147339510,1786043740.145631796,/novatel/oem7/fix,/novatel/oem7/fix,/novatel/oem7/inspva,39.663,-75.756,-1.799980836,0.002381517,0.000250512,-0.002381429,0.000020544,0.000250512,,0,
1786043740148457791,1786043740.146117884,/novatel/oem7/odom,/novatel/oem7/fix,/novatel/oem7/odom,39.663,-75.756,-1.799980836,0.002382173,0.000244197,-0.000100952,-0.002380033,0.000244197,,,
1786043740156415490,1786043740.155736917,/novatel/oem7/odom,/novatel/oem7/fix,/novatel/oem7/odom,39.663,-75.756,-1.799980836,0.002382173,0.000244197,-0.000100952,-0.002380033,0.000244197,,,
1786043740167437487,1786043740.166860131,/novatel/oem7/inspva,/novatel/oem7/inspva,/novatel/oem7/inspva,39.663,-75.756,-1.799957981,0.003872136,0.002763272,-0.003438063,0.001781337,0.002763272,,novatel_oem7_msgs.msg.InertialSolutionStatus(status=3),
1786043740168815081,1786043740.167042860,/novatel/oem7/fix,/novatel/oem7/fix,/novatel/oem7/inspva,39.663,-75.756,-1.799957981,0.003872136,0.002763272,-0.003438063,0.001781337,0.002763272,,0,
1786043740169904552,1786043740.167518224,/novatel/oem7/odom,/novatel/oem7/fix,/novatel/oem7/odom,39.663,-75.756,-1.799957981,0.003874110,0.002760504,0.001594483,-0.003530772,0.002760504,,,
1786043740176084304,1786043740.175349106,/novatel/oem7/odom,/novatel/oem7/fix,/novatel/oem7/odom,39.663,-75.756,-1.799957981,0.003874110,0.002760504,0.001594483,-0.003530772,0.002760504,,,
1786043740185537324,1786043740.185018209,/novatel/oem7/inspva,/novatel/oem7/inspva,/novatel/oem7/inspva,39.663,-75.756,-1.799964819,0.002958988,0.002687334,-0.002898048,0.000597433,0.002687334,,novatel_oem7_msgs.msg.InertialSolutionStatus(status=3),
1786043740186887925,1786043740.185188341,/novatel/oem7/fix,/novatel/oem7/fix,/novatel/oem7/inspva,39.663,-75.756,-1.799964819,0.002958988,0.002687334,-0.002898048,0.000597433,0.002687334,,0,
1786043740187919125,1786043740.185635722,/novatel/oem7/odom,/novatel/oem7/fix,/novatel/oem7/odom,39.663,-75.756,-1.799964819,0.002964076,0.002681721,0.000439656,-0.002931288,0.002681721,,,
1786043740196039509,1786043740.195341232,/novatel/oem7/odom,/novatel/oem7/fix,/novatel/oem7/odom,39.663,-75.756,-1.799964819,0.002964076,0.002681721,0.000439656,-0.002931288,0.002681721,,,
1786043740207240651,1786043740.206705916,/novatel/oem7/inspva,/novatel/oem7/inspva,/novatel/oem7/inspva,39.663,-75.756,-1.799983917,0.001317651,-0.000323910,-0.001137604,-0.000664876,-0.000323910,,novatel_oem7_msgs.msg.InertialSolutionStatus(status=3),
1786043740208580728,1786043740.206878344,/novatel/oem7/fix,/novatel/oem7/fix,/novatel/oem7/inspva,39.663,-75.756,-1.799983917,0.001317651,-0.000323910,-0.001137604,-0.000664876,-0.000323910,,0,
1786043740209644795,1786043740.207285628,/novatel/oem7/odom,/novatel/oem7/fix,/novatel/oem7/odom,39.663,-75.756,-1.799983917,0.001316293,-0.000329382,-0.000720361,-0.001101684,-0.000329382,,,
1786043740211149580,1786043740.210429063,/novatel/oem7/bestpos,/novatel/oem7/bestpos,/novatel/oem7/odom,39.663,-75.756,33.182456858,0.001316293,-0.000329382,-0.000720361,-0.001101684,-0.000329382,,novatel_oem7_msgs.msg.SolutionStatus(status=0),novatel_oem7_msgs.msg.PositionOrVelocityType(type=53)
1786043740212661545,1786043740.210949182,/novatel/oem7/bestvel,/novatel/oem7/bestpos,/novatel/oem7/bestvel,39.663,-75.756,33.182456858,0.002099157,0.000295206,,,,216.344843820,novatel_oem7_msgs.msg.SolutionStatus(status=0),novatel_oem7_msgs.msg.PositionOrVelocityType(type=53)
1786043740215730376,1786043740.215030619,/novatel/oem7/odom,/novatel/oem7/bestpos,/novatel/oem7/odom,39.663,-75.756,33.182456858,0.001316293,-0.000329382,-0.000720361,-0.001101684,-0.000329382,,,
1786043740226897334,1786043740.226311518,/novatel/oem7/inspva,/novatel/oem7/inspva,/novatel/oem7/inspva,39.663,-75.756,-1.799980718,0.001735935,0.000338602,-0.001730186,-0.000141158,0.000338602,,novatel_oem7_msgs.msg.InertialSolutionStatus(status=3),
1786043740228250185,1786043740.226488197,/novatel/oem7/fix,/novatel/oem7/fix,/novatel/oem7/inspva,39.663,-75.756,-1.799980718,0.001735935,0.000338602,-0.001730186,-0.000141158,0.000338602,,0,
1786043740229328786,1786043740.226979665,/novatel/oem7/odom,/novatel/oem7/fix,/novatel/oem7/odom,39.663,-75.756,-1.799980718,0.001736940,0.000333409,-0.000229845,-0.001721665,0.000333409,,,
1786043740235303572,1786043740.234646835,/novatel/oem7/odom,/novatel/oem7/fix,/novatel/oem7/odom,39.663,-75.756,-1.799980718,0.001736940,0.000333409,-0.000229845,-0.001721665,0.000333409,,,
1786043740246642832,1786043740.245951198,/novatel/oem7/inspva,/novatel/oem7/inspva,/novatel/oem7/inspva,39.663,-75.756,-1.799962378,0.003153281,0.002217135,-0.003117326,0.000474828,0.002217135,,novatel_oem7_msgs.msg.InertialSolutionStatus(status=3),
1786043740248382096,1786043740.246121553,/novatel/oem7/fix,/novatel/oem7/fix,/novatel/oem7/inspva,39.663,-75.756,-1.799962378,0.003153281,0.002217135,-0.003117326,0.000474828,0.002217135,,0,
1786043740249497243,1786043740.246866501,/novatel/oem7/odom,/novatel/oem7/fix,/novatel/oem7/odom,39.663,-75.756,-1.799962378,0.003157970,0.002210452,0.000307930,-0.003142921,0.002210452,,,
1786043740257142633,1786043740.256473197,/novatel/oem7/odom,/novatel/oem7/fix,/novatel/oem7/odom,39.663,-75.756,-1.799962378,0.003157970,0.002210452,0.000307930,-0.003142921,0.002210452,,,
1786043740266852610,1786043740.266272491,/novatel/oem7/inspva,/novatel/oem7/inspva,/novatel/oem7/inspva,39.663,-75.756,-1.799973538,0.003112795,0.001793126,-0.002840038,0.001274235,0.001793126,,novatel_oem7_msgs.msg.InertialSolutionStatus(status=3),
1786043740268239454,1786043740.266514887,/novatel/oem7/fix,/novatel/oem7/fix,/novatel/oem7/inspva,39.663,-75.756,-1.799973538,0.003112795,0.001793126,-0.002840038,0.001274235,0.001793126,,0,
1786043740269323471,1786043740.266925794,/novatel/oem7/odom,/novatel/oem7/fix,/novatel/oem7/odom,39.663,-75.756,-1.799973538,0.003114528,0.001790113,0.001122001,-0.002905409,0.001790113,,,
1786043740275239724,1786043740.274531300,/novatel/oem7/odom,/novatel/oem7/fix,/novatel/oem7/odom,39.663,-75.756,-1.799973538,0.003114528,0.001790113,0.001122001,-0.002905409,0.001790113,,,
1786043740285827743,1786043740.285259517,/novatel/oem7/inspva,/novatel/oem7/inspva,/novatel/oem7/inspva,39.663,-75.756,-1.799984695,0.001437010,0.000799858,-0.001258479,-0.000693706,0.000799858,,novatel_oem7_msgs.msg.InertialSolutionStatus(status=3),
1786043740287212697,1786043740.285454232,/novatel/oem7/fix,/novatel/oem7/fix,/novatel/oem7/inspva,39.663,-75.756,-1.799984695,0.001437010,0.000799858,-0.001258479,-0.000693706,0.000799858,,0,
1786043740288282325,1786043740.286077796,/novatel/oem7/odom,/novatel/oem7/fix,/novatel/oem7/odom,39.663,-75.756,-1.799984695,0.001440311,0.000793898,-0.000759558,-0.001223752,0.000793898,,,
1786043740296247560,1786043740.295606639,/novatel/oem7/odom,/novatel/oem7/fix,/novatel/oem7/odom,39.663,-75.756,-1.799984695,0.001440311,0.000793898,-0.000759558,-0.001223752,0.000793898,,,
1786043740306470666,1786043740.305881476,/novatel/oem7/inspva,/novatel/oem7/inspva,/novatel/oem7/inspva,39.663,-75.756,-1.800000420,0.001882179,0.000316306,-0.001827586,-0.000450031,0.000316306,,novatel_oem7_msgs.msg.InertialSolutionStatus(status=3),
1786043740307832546,1786043740.306030575,/novatel/oem7/fix,/novatel/oem7/fix,/novatel/oem7/inspva,39.663,-75.756,-1.800000420,0.001882179,0.000316306,-0.001827586,-0.000450031,0.000316306,,0,
1786043740308902037,1786043740.306554493,/novatel/oem7/odom,/novatel/oem7/fix,/novatel/oem7/odom,39.663,-75.756,-1.800000420,0.001883276,0.000309709,-0.000543153,-0.001803251,0.000309709,,,
1786043740310403025,1786043740.309393478,/novatel/oem7/bestpos,/novatel/oem7/bestpos,/novatel/oem7/odom,39.663,-75.756,33.182428014,0.001883276,0.000309709,-0.000543153,-0.001803251,0.000309709,,novatel_oem7_msgs.msg.SolutionStatus(status=0),novatel_oem7_msgs.msg.PositionOrVelocityType(type=53)
1786043740311868056,1786043740.309966377,/novatel/oem7/bestvel,/novatel/oem7/bestpos,/novatel/oem7/bestvel,39.663,-75.756,33.182428014,0.002299949,0.000803692,,,,218.014167215,novatel_oem7_msgs.msg.SolutionStatus(status=0),novatel_oem7_msgs.msg.PositionOrVelocityType(type=53)
1786043740315078968,1786043740.314447555,/novatel/oem7/odom,/novatel/oem7/bestpos,/novatel/oem7/odom,39.663,-75.756,33.182428014,0.001883276,0.000309709,-0.000543153,-0.001803251,0.000309709,,,
1786043740327122826,1786043740.326570067,/novatel/oem7/inspva,/novatel/oem7/inspva,/novatel/oem7/inspva,39.663,-75.756,-1.799987946,0.003317616,0.001526862,-0.003254772,0.000642676,0.001526862,,novatel_oem7_msgs.msg.InertialSolutionStatus(status=3),
1786043740328534150,1786043740.326728692,/novatel/oem7/fix,/novatel/oem7/fix,/novatel/oem7/inspva,39.663,-75.756,-1.799987946,0.003317616,0.001526862,-0.003254772,0.000642676,0.001526862,,0,
1786043740329603770,1786043740.327193846,/novatel/oem7/odom,/novatel/oem7/fix,/novatel/oem7/odom,39.663,-75.756,-1.799987946,0.003320591,0.001520380,0.000471316,-0.003286973,0.001520380,,,
1786043740335634981,1786043740.334965558,/novatel/oem7/odom,/novatel/oem7/fix,/novatel/oem7/odom,39.663,-75.756,-1.799987946,0.003320591,0.001520380,0.000471316,-0.003286973,0.001520380,,,
1786043740345628627,1786043740.344988277,/novatel/oem7/inspva,/novatel/oem7/inspva,/novatel/oem7/inspva,39.663,-75.756,-1.800001101,0.002884152,0.001302932,-0.002883009,0.000081185,0.001302932,,novatel_oem7_msgs.msg.InertialSolutionStatus(status=3),
1786043740347010334,1786043740.345175059,/novatel/oem7/fix,/novatel/oem7/fix,/novatel/oem7/inspva,39.663,-75.756,-1.800001101,0.002884152,0.001302932,-0.002883009,0.000081185,0.001302932,,0,
1786043740348090662,1786043740.345545366,/novatel/oem7/odom,/novatel/oem7/fix,/novatel/oem7/odom,39.663,-75.756,-1.800001101,0.002887520,0.001295451,-0.000069767,-0.002886677,0.001295451,,,
1786043740356635944,1786043740.355920860,/novatel/oem7/odom,/novatel/oem7/fix,/novatel/oem7/odom,39.663,-75.756,-1.800001101,0.002887520,0.001295451,-0.000069767,-0.002886677,0.001295451,,,
1786043740365921706,1786043740.365386048,/novatel/oem7/inspva,/novatel/oem7/inspva,/novatel/oem7/inspva,39.663,-75.756,-1.800005751,0.001507801,0.001541922,-0.001501900,-0.000133271,0.001541922,,novatel_oem7_msgs.msg.InertialSolutionStatus(status=3),
1786043740367256820,1786043740.365553019,/novatel/oem7/fix,/novatel/oem7/fix,/novatel/oem7/inspva,39.663,-75.756,-1.800005751,0.001507801,0.001541922,-0.001501900,-0.000133271,0.001541922,,0,
1786043740368309144,1786043740.366197513,/novatel/oem7/odom,/novatel/oem7/fix,/novatel/oem7/odom,39.663,-75.756,-1.800005751,0.001512462,0.001537351,-0.000214917,-0.001497115,0.001537351,,,
1786043740375460438,1786043740.374820108,/novatel/oem7/odom,/novatel/oem7/fix,/novatel/oem7/odom,39.663,-75.756,-1.800005751,0.001512462,0.001537351,-0.000214917,-0.001497115,0.001537351,,,
1786043740386579626,1786043740.386027487,/novatel/oem7/inspva,/novatel/oem7/inspva,/novatel/oem7/inspva,39.663,-75.756,-1.800017445,0.001558045,0.001352868,-0.001547357,-0.000182182,0.001352868,,novatel_oem7_msgs.msg.InertialSolutionStatus(status=3),
1786043740387899600,1786043740.386169082,/novatel/oem7/fix,/novatel/oem7/fix,/novatel/oem7/inspva,39.663,-75.756,-1.800017445,0.001558045,0.001352868,-0.001547357,-0.000182182,0.001352868,,0,
1786043740388929313,1786043740.386619243,/novatel/oem7/odom,/novatel/oem7/fix,/novatel/oem7/odom,39.663,-75.756,-1.800017445,0.001562252,0.001348007,-0.000265404,-0.001539543,0.001348007,,,
1786043740395044587,1786043740.394394204,/novatel/oem7/odom,/novatel/oem7/fix,/novatel/oem7/odom,39.663,-75.756,-1.800017445,0.001562252,0.001348007,-0.000265404,-0.001539543,0.001348007,,,
1786043740407003357,1786043740.406468761,/novatel/oem7/inspva,/novatel/oem7/inspva,/novatel/oem7/inspva,39.663,-75.756,-1.800015404,0.003527530,0.000521509,-0.003517052,-0.000271689,0.000521509,,novatel_oem7_msgs.msg.InertialSolutionStatus(status=3),
1786043740408354790,1786043740.406612750,/novatel/oem7/fix,/novatel/oem7/fix,/novatel/oem7/inspva,39.663,-75.756,-1.800015404,0.003527530,0.000521509,-0.003517052,-0.000271689,0.000521509,,0,
1786043740409396911,1786043740.407066201,/novatel/oem7/odom,/novatel/oem7/fix,/novatel/oem7/odom,39.663,-75.756,-1.800015404,0.003529061,0.000511047,-0.000451308,-0.003500085,0.000511047,,,
1786043740410886665,1786043740.409944640,/novatel/oem7/bestpos,/novatel/oem7/bestpos,/novatel/oem7/odom,39.663,-75.756,33.182431938,0.003529061,0.000511047,-0.000451308,-0.003500085,0.000511047,,novatel_oem7_msgs.msg.SolutionStatus(status=0),novatel_oem7_msgs.msg.PositionOrVelocityType(type=53)
1786043740412284319,1786043740.410368194,/novatel/oem7/bestvel,/novatel/oem7/bestpos,/novatel/oem7/bestvel,39.663,-75.756,33.182431938,0.004228196,0.001316082,,,,196.711236978,novatel_oem7_msgs.msg.SolutionStatus(status=0),novatel_oem7_msgs.msg.PositionOrVelocityType(type=53)
1786043740415897819,1786043740.415217112,/novatel/oem7/odom,/novatel/oem7/bestpos,/novatel/oem7/odom,39.663,-75.756,33.182431938,0.003529061,0.000511047,-0.000451308,-0.003500085,0.000511047,,,
1786043740425446025,1786043740.424901865,/novatel/oem7/inspva,/novatel/oem7/inspva,/novatel/oem7/inspva,39.663,-75.756,-1.800012977,0.003351806,0.001324796,-0.003225454,0.000911618,0.001324796,,novatel_oem7_msgs.msg.InertialSolutionStatus(status=3),
1786043740426787511,1786043740.425077581,/novatel/oem7/fix,/novatel/oem7/fix,/novatel/oem7/inspva,39.663,-75.756,-1.800012977,0.003351806,0.001324796,-0.003225454,0.000911618,0.001324796,,0,
1786043740427865145,1786043740.425479755,/novatel/oem7/odom,/novatel/oem7/fix,/novatel/oem7/odom,39.663,-75.756,-1.800012977,0.003353941,0.001319382,0.000742209,-0.003270787,0.001319382,,,
1786043740435046150,1786043740.434407138,/novatel/oem7/odom,/novatel/oem7/fix,/novatel/oem7/odom,39.663,-75.756,-1.800012977,0.003353941,0.001319382,0.000742209,-0.003270787,0.001319382,,,
1786043740447062437,1786043740.446512481,/novatel/oem7/inspva,/novatel/oem7/inspva,/novatel/oem7/inspva,39.663,-75.756,-1.800010907,0.001613918,0.001899087,-0.001611642,0.000085682,0.001899087,,novatel_oem7_msgs.msg.InertialSolutionStatus(status=3),
1786043740448452698,1786043740.446683103,/novatel/oem7/fix,/novatel/oem7/fix,/novatel/oem7/inspva,39.663,-75.756,-1.800010907,0.001613918,0.001899087,-0.001611642,0.000085682,0.001899087,,0,
1786043740449563789,1786043740.447136831,/novatel/oem7/odom,/novatel/oem7/fix,/novatel/oem7/odom,39.663,-75.756,-1.800010907,0.001618671,0.001895037,-0.000003239,-0.001618668,0.001895037,,,
1786043740456967833,1786043740.456307848,/novatel/oem7/odom,/novatel/oem7/fix,/novatel/oem7/odom,39.663,-75.756,-1.800010907,0.001618671,0.001895037,-0.000003239,-0.001618668,0.001895037,,,
1786043740465493785,1786043740.464945335,/novatel/oem7/inspva,/novatel/oem7/inspva,/novatel/oem7/inspva,39.663,-75.756,-1.800023140,0.001267377,0.001391228,-0.001249575,0.000211677,0.001391228,,novatel_oem7_msgs.msg.InertialSolutionStatus(status=3),
1786043740466863245,1786043740.465100687,/novatel/oem7/fix,/novatel/oem7/fix,/novatel/oem7/inspva,39.663,-75.756,-1.800023140,0.001267377,0.001391228,-0.001249575,0.000211677,0.001391228,,0,
1786043740467948695,1786043740.465448314,/novatel/oem7/odom,/novatel/oem7/fix,/novatel/oem7/odom,39.663,-75.756,-1.800023140,0.001270232,0.001388622,0.000142884,-0.001262170,0.001388622,,,
1786043740475366589,1786043740.474677640,/novatel/oem7/odom,/novatel/oem7/fix,/novatel/oem7/odom,39.663,-75.756,-1.800023140,0.001270232,0.001388622,0.000142884,-0.001262170,0.001388622,,,
1786043740485889575,1786043740.485345119,/novatel/oem7/inspva,/novatel/oem7/inspva,/novatel/oem7/inspva,39.663,-75.756,-1.800032591,0.002555856,-0.000229986,-0.002555473,-0.000044226,-0.000229986,,novatel_oem7_msgs.msg.InertialSolutionStatus(status=3),
1786043740487236478,1786043740.485536715,/novatel/oem7/fix,/novatel/oem7/fix,/novatel/oem7/inspva,39.663,-75.756,-1.800032591,0.002555856,-0.000229986,-0.002555473,-0.000044226,-0.000229986,,0,
1786043740488299486,1786043740.486105441,/novatel/oem7/odom,/novatel/oem7/fix,/novatel/oem7/odom,39.663,-75.756,-1.800032591,0.002555217,-0.000236971,-0.000172667,-0.002549377,-0.000236971,,,
1786043740495537485,1786043740.494879839,/novatel/oem7/odom,/novatel/oem7/fix,/novatel/oem7/odom,39.663,-75.756,-1.800032591,0.002555217,-0.000236971,-0.000172667,-0.002549377,-0.000236971,,,
1786043740506659482,1786043740.506112194,/novatel/oem7/inspva,/novatel/oem7/inspva,/novatel/oem7/inspva,39.663,-75.756,-1.800035644,0.002810329,0.000122833,-0.002809861,0.000051288,0.000122833,,novatel_oem7_msgs.msg.InertialSolutionStatus(status=3),
1786043740508002249,1786043740.506258042,/novatel/oem7/fix,/novatel/oem7/fix,/novatel/oem7/inspva,39.663,-75.756,-1.800035644,0.002810329,0.000122833,-0.002809861,0.000051288,0.000122833,,0,
1786043740509043640,1786043740.506716903,/novatel/oem7/odom,/novatel/oem7/fix,/novatel/oem7/odom,39.663,-75.756,-1.800035644,0.002810640,0.000115500,-0.000091510,-0.002809150,0.000115500,,,
1786043740512683292,1786043740.512038666,/novatel/oem7/bestpos,/novatel/oem7/bestpos,/novatel/oem7/odom,39.663,-75.756,33.182419827,0.002810640,0.000115500,-0.000091510,-0.002809150,0.000115500,,novatel_oem7_msgs.msg.SolutionStatus(status=0),novatel_oem7_msgs.msg.PositionOrVelocityType(type=53)
1786043740514079270,1786043740.512440177,/novatel/oem7/bestvel,/novatel/oem7/bestpos,/novatel/oem7/bestvel,39.663,-75.756,33.182419827,0.003100897,0.000755059,,,,200.042849266,novatel_oem7_msgs.msg.SolutionStatus(status=0),novatel_oem7_msgs.msg.PositionOrVelocityType(type=53)
1786043740515646662,1786043740.514409883,/novatel/oem7/odom,/novatel/oem7/bestpos,/novatel/oem7/odom,39.663,-75.756,33.182419827,0.002810640,0.000115500,-0.000091510,-0.002809150,0.000115500,,,
1786043740525780000,1786043740.525230678,/novatel/oem7/inspva,/novatel/oem7/inspva,/novatel/oem7/inspva,39.663,-75.756,-1.800030075,0.001669888,0.002160353,-0.001628811,0.000368104,0.002160353,,novatel_oem7_msgs.msg.InertialSolutionStatus(status=3),
1786043740527127950,1786043740.525393963,/novatel/oem7/fix,/novatel/oem7/fix,/novatel/oem7/inspva,39.663,-75.756,-1.800030075,0.001669888,0.002160353,-0.001628811,0.000368104,0.002160353,,0,
1786043740528191401,1786043740.526097310,/novatel/oem7/odom,/novatel/oem7/fix,/novatel/oem7/odom,39.663,-75.756,-1.800030075,0.001673839,0.002157293,0.000276997,-0.001650760,0.002157293,,,
1786043740536459117,1786043740.535783343,/novatel/oem7/odom,/novatel/oem7/fix,/novatel/oem7/odom,39.663,-75.756,-1.800030075,0.001673839,0.002157293,0.000276997,-0.001650760,0.002157293,,,
1786043740545540110,1786043740.544974189,/novatel/oem7/inspva,/novatel/oem7/inspva,/novatel/oem7/inspva,39.663,-75.756,-1.800044826,0.001581373,0.001761997,-0.001581043,-0.000032311,0.001761997,,novatel_oem7_msgs.msg.InertialSolutionStatus(status=3),
1786043740546932798,1786043740.545162460,/novatel/oem7/fix,/novatel/oem7/fix,/novatel/oem7/inspva,39.663,-75.756,-1.800044826,0.001581373,0.001761997,-0.001581043,-0.000032311,0.001761997,,0,
1786043740548019602,1786043740.545596832,/novatel/oem7/odom,/novatel/oem7/fix,/novatel/oem7/odom,39.663,-75.756,-1.800044826,0.001586266,0.001757593,-0.000118972,-0.001581798,0.001757593,,,
1786043740556325545,1786043740.555654482,/novatel/oem7/odom,/novatel/oem7/fix,/novatel/oem7/odom,39.663,-75.756,-1.800044826,0.001586266,0.001757593,-0.000118972,-0.001581798,0.001757593,,,
1786043740567086153,1786043740.566531380,/novatel/oem7/inspva,/novatel/oem7/inspva,/novatel/oem7/inspva,39.663,-75.756,-1.800054365,0.001852700,-0.000309757,-0.001746146,-0.000619250,-0.000309757,,novatel_oem7_msgs.msg.InertialSolutionStatus(status=3),
1786043740568492007,1786043740.566694232,/novatel/oem7/fix,/novatel/oem7/fix,/novatel/oem7/inspva,39.663,-75.756,-1.800054365,0.001852700,-0.000309757,-0.001746146,-0.000619250,-0.000309757,,0,
1786043740569565377,1786043740.567120003,/novatel/oem7/odom,/novatel/oem7/fix,/novatel/oem7/odom,39.663,-75.756,-1.800054365,0.001851527,-0.000316691,-0.000705699,-0.001711766,-0.000316691,,,
1786043740575572174,1786043740.574903284,/novatel/oem7/odom,/novatel/oem7/fix,/novatel/oem7/odom,39.663,-75.756,-1.800054365,0.001851527,-0.000316691,-0.000705699,-0.001711766,-0.000316691,,,
1786043740585568500,1786043740.585001825,/novatel/oem7/inspva,/novatel/oem7/inspva,/novatel/oem7/inspva,39.663,-75.756,-1.800058682,0.002543786,-0.000141752,-0.002495029,-0.000495658,-0.000141752,,novatel_oem7_msgs.msg.InertialSolutionStatus(status=3),
1786043740586890344,1786043740.585152496,/novatel/oem7/fix,/novatel/oem7/fix,/novatel/oem7/inspva,39.663,-75.756,-1.800058682,0.002543786,-0.000141752,-0.002495029,-0.000495658,-0.000141752,,0,
1786043740587945388,1786043740.585400972,/novatel/oem7/odom,/novatel/oem7/fix,/novatel/oem7/odom,39.663,-75.756,-1.800058682,0.002543297,-0.000150257,-0.000620802,-0.002466367,-0.000150257,,,
1786043740596208233,1786043740.595444666,/novatel/oem7/odom,/novatel/oem7/fix,/novatel/oem7/odom,39.663,-75.756,-1.800058682,0.002543297,-0.000150257,-0.000620802,-0.002466367,-0.000150257,,,
1786043740607006438,1786043740.606483933,/novatel/oem7/inspva,/novatel/oem7/inspva,/novatel/oem7/inspva,39.663,-75.756,-1.800034370,0.002890547,0.002980068,-0.002598698,0.001265712,0.002980068,,novatel_oem7_msgs.msg.InertialSolutionStatus(status=3),
1786043740608352652,1786043740.606681788,/novatel/oem7/fix,/novatel/oem7/fix,/novatel/oem7/inspva,39.663,-75.756,-1.800034370,0.002890547,0.002980068,-0.002598698,0.001265712,0.002980068,,0,
1786043740609396858,1786043740.607146596,/novatel/oem7/odom,/novatel/oem7/fix,/novatel/oem7/odom,39.663,-75.756,-1.800034370,0.002893175,0.002977516,0.001121305,-0.002667047,0.002977516,,,
1786043740610897603,1786043740.610276761,/novatel/oem7/bestpos,/novatel/oem7/bestpos,/novatel/oem7/odom,39.663,-75.756,33.182391863,0.002893175,0.002977516,0.001121305,-0.002667047,0.002977516,,novatel_oem7_msgs.msg.SolutionStatus(status=0),novatel_oem7_msgs.msg.PositionOrVelocityType(type=53)
1786043740612329158,1786043740.610647020,/novatel/oem7/bestvel,/novatel/oem7/bestpos,/novatel/oem7/bestvel,39.663,-75.756,33.182391863,0.002210721,0.002011407,,,,127.851011184,novatel_oem7_msgs.msg.SolutionStatus(status=0),novatel_oem7_msgs.msg.PositionOrVelocityType(type=53)
1786043740615653981,1786043740.614925517,/novatel/oem7/odom,/novatel/oem7/bestpos,/novatel/oem7/odom,39.663,-75.756,33.182391863,0.002893175,0.002977516,0.001121305,-0.002667047,0.002977516,,,
1786043740626593994,1786043740.626010831,/novatel/oem7/inspva,/novatel/oem7/inspva,/novatel/oem7/inspva,39.663,-75.756,-1.800044421,0.002175829,0.002575080,-0.002167757,0.000187236,0.002575080,,novatel_oem7_msgs.msg.InertialSolutionStatus(status=3),
1786043740628006514,1786043740.626244667,/novatel/oem7/fix,/novatel/oem7/fix,/novatel/oem7/inspva,39.663,-75.756,-1.800044421,0.002175829,0.002575080,-0.002167757,0.000187236,0.002575080,,0,
1786043740629080619,1786043740.626650398,/novatel/oem7/odom,/novatel/oem7/fix,/novatel/oem7/odom,39.663,-75.756,-1.800044421,0.002181965,0.002569883,0.000067503,-0.002180920,0.002569883,,,
1786043740635078175,1786043740.634388632,/novatel/oem7/odom,/novatel/oem7/fix,/novatel/oem7/odom,39.663,-75.756,-1.800044421,0.002181965,0.002569883,0.000067503,-0.002180920,0.002569883,,,
1786043740645780322,1786043740.645217470,/novatel/oem7/inspva,/novatel/oem7/inspva,/novatel/oem7/inspva,39.663,-75.756,-1.800060721,0.001467567,-0.000668417,-0.001230290,-0.000800087,-0.000668417,,novatel_oem7_msgs.msg.InertialSolutionStatus(status=3),
1786043740647130325,1786043740.645482726,/novatel/oem7/fix,/novatel/oem7/fix,/novatel/oem7/inspva,39.663,-75.756,-1.800060721,0.001467567,-0.000668417,-0.001230290,-0.000800087,-0.000668417,,0,
1786043740648206313,1786043740.645859796,/novatel/oem7/odom,/novatel/oem7/fix,/novatel/oem7/odom,39.663,-75.756,-1.800060721,0.001464741,-0.000674588,-0.000858849,-0.001186526,-0.000674588,,,
1786043740657190033,1786043740.656517426,/novatel/oem7/odom,/novatel/oem7/fix,/novatel/oem7/odom,39.663,-75.756,-1.800060721,0.001464741,-0.000674588,-0.000858849,-0.001186526,-0.000674588,,,
1786043740665526189,1786043740.664954017,/novatel/oem7/inspva,/novatel/oem7/inspva,/novatel/oem7/inspva,39.663,-75.756,-1.800067949,0.002206488,-0.000888322,-0.002205993,0.000046710,-0.000888322,,novatel_oem7_msgs.msg.InertialSolutionStatus(status=3),
1786043740666894393,1786043740.665147755,/novatel/oem7/fix,/novatel/oem7/fix,/novatel/oem7/inspva,39.663,-75.756,-1.800067949,0.002206488,-0.000888322,-0.002205993,0.000046710,-0.000888322,,0,
1786043740667981117,1786043740.665516559,/novatel/oem7/odom,/novatel/oem7/fix,/novatel/oem7/odom,39.663,-75.756,-1.800067949,0.002204163,-0.000894074,-0.000061737,-0.002203299,-0.000894074,,,
1786043740675175552,1786043740.674520489,/novatel/oem7/odom,/novatel/oem7/fix,/novatel/oem7/odom,39.663,-75.756,-1.800067949,0.002204163,-0.000894074,-0.000061737,-0.002203299,-0.000894074,,,
1786043740687050638,1786043740.686546365,/novatel/oem7/inspva,/novatel/oem7/inspva,/novatel/oem7/inspva,39.663,-75.756,-1.800052266,0.003501534,0.001780407,-0.002998556,0.001808149,0.001780407,,novatel_oem7_msgs.msg.InertialSolutionStatus(status=3),
1786043740688394641,1786043740.686642911,/novatel/oem7/fix,/novatel/oem7/fix,/novatel/oem7/inspva,39.663,-75.756,-1.800052266,0.003501534,0.001780407,-0.002998556,0.001808149,0.001780407,,0,
1786043740689465365,1786043740.687178839,/novatel/oem7/odom,/novatel/oem7/fix,/novatel/oem7/odom,39.663,-75.756,-1.800052266,0.003502387,0.001778728,0.001647341,-0.003090790,0.001778728,,,
1786043740695289700,1786043740.694627717,/novatel/oem7/odom,/novatel/oem7/fix,/novatel/oem7/odom,39.663,-75.756,-1.800052266,0.003502387,0.001778728,0.001647341,-0.003090790,0.001778728,,,
1786043740706339640,1786043740.705793875,/novatel/oem7/inspva,/novatel/oem7/inspva,/novatel/oem7/inspva,39.663,-75.756,-1.800063918,0.002832945,0.002215763,-0.002831469,0.000091451,0.002215763,,novatel_oem7_msgs.msg.InertialSolutionStatus(status=3),
1786043740707696667,1786043740.705945025,/novatel/oem7/fix,/novatel/oem7/fix,/novatel/oem7/inspva,39.663,-75.756,-1.800063918,0.002832945,0.002215763,-0.002831469,0.000091451,0.002215763,,0,
1786043740708749461,1786043740.706331207,/novatel/oem7/odom,/novatel/oem7/fix,/novatel/oem7/odom,39.663,-75.756,-1.800063918,0.002838654,0.002208445,-0.000060346,-0.002838012,0.002208445,,,
1786043740710233319,1786043740.709281875,/novatel/oem7/bestpos,/novatel/oem7/bestpos,/novatel/oem7/odom,39.663,-75.756,33.182384405,0.002838654,0.002208445,-0.000060346,-0.002838012,0.002208445,,novatel_oem7_msgs.msg.SolutionStatus(status=0),novatel_oem7_msgs.msg.PositionOrVelocityType(type=53)
1786043740711641143,1786043740.709945245,/novatel/oem7/bestvel,/novatel/oem7/bestpos,/novatel/oem7/bestvel,39.663,-75.756,33.182384405,0.003182663,0.002189257,,,,171.025843866,novatel_oem7_msgs.msg.SolutionStatus(status=0),novatel_oem7_msgs.msg.PositionOrVelocityType(type=53)
1786043740716239283,1786043740.715582059,/novatel/oem7/odom,/novatel/oem7/bestpos,/novatel/oem7/odom,39.663,-75.756,33.182384405,0.002838654,0.002208445,-0.000060346,-0.002838012,0.002208445,,,
1786043740726024567,1786043740.725515988,/novatel/oem7/inspva,/novatel/oem7/inspva,/novatel/oem7/inspva,39.663,-75.756,-1.800085231,0.000925050,-0.000106065,-0.000402357,-0.000832962,-0.000106065,,novatel_oem7_msgs.msg.InertialSolutionStatus(status=3),
1786043740727378324,1786043740.725615534,/novatel/oem7/fix,/novatel/oem7/fix,/novatel/oem7/inspva,39.663,-75.756,-1.800085231,0.000925050,-0.000106065,-0.000402357,-0.000832962,-0.000106065,,0,
1786043740728472015,1786043740.726502242,/novatel/oem7/odom,/novatel/oem7/fix,/novatel/oem7/odom,39.663,-75.756,-1.800085231,0.000924575,-0.000110128,-0.000851865,-0.000359394,-0.000110128,,,
1786043740735581749,1786043740.734877999,/novatel/oem7/odom,/novatel/oem7/fix,/novatel/oem7/odom,39.663,-75.756,-1.800085231,0.000924575,-0.000110128,-0.000851865,-0.000359394,-0.000110128,,,
1786043740746518765,1786043740.745982818,/novatel/oem7/inspva,/novatel/oem7/inspva,/novatel/oem7/inspva,39.663,-75.756,-1.800095958,0.001846650,-0.000443626,-0.001801090,-0.000407665,-0.000443626,,novatel_oem7_msgs.msg.InertialSolutionStatus(status=3),
1786043740747890456,1786043740.746085553,/novatel/oem7/fix,/novatel/oem7/fix,/novatel/oem7/inspva,39.663,-75.756,-1.800095958,0.001846650,-0.000443626,-0.001801090,-0.000407665,-0.000443626,,0,
1786043740748977736,1786043740.746525545,/novatel/oem7/odom,/novatel/oem7/fix,/novatel/oem7/odom,39.663,-75.756,-1.800095958,0.001845126,-0.000449921,-0.000496674,-0.001777022,-0.000449921,,,
1786043740756375793,1786043740.755713577,/novatel/oem7/odom,/novatel/oem7/fix,/novatel/oem7/odom,39.663,-75.756,-1.800095958,0.001845126,-0.000449921,-0.000496674,-0.001777022,-0.000449921,,,
1786043740765867185,1786043740.765311820,/novatel/oem7/inspva,/novatel/oem7/inspva,/novatel/oem7/inspva,39.663,-75.756,-1.800079810,0.003347148,0.001360403,-0.003123878,0.001201993,0.001360403,,novatel_oem7_msgs.msg.InertialSolutionStatus(status=3),
1786043740767263002,1786043740.765513305,/novatel/oem7/fix,/novatel/oem7/fix,/novatel/oem7/inspva,39.663,-75.756,-1.800079810,0.003347148,0.001360403,-0.003123878,0.001201993,0.001360403,,0,
1786043740768336670,1786043740.766159318,/novatel/oem7/odom,/novatel/oem7/fix,/novatel/oem7/odom,39.663,-75.756,-1.800079810,0.003348819,0.001356284,0.001037222,-0.003184142,0.001356284,,,
1786043740776072473,1786043740.775396183,/novatel/oem7/odom,/novatel/oem7/fix,/novatel/oem7/odom,39.663,-75.756,-1.800079810,0.003348819,0.001356284,0.001037222,-0.003184142,0.001356284,,,
1786043740785526308,1786043740.784971169,/novatel/oem7/inspva,/novatel/oem7/inspva,/novatel/oem7/inspva,39.663,-75.756,-1.800089329,0.002952589,0.001716257,-0.002909615,0.000501919,0.001716257,,novatel_oem7_msgs.msg.InertialSolutionStatus(status=3),
1786043740786867095,1786043740.785153398,/novatel/oem7/fix,/novatel/oem7/fix,/novatel/oem7/inspva,39.663,-75.756,-1.800089329,0.002952589,0.001716257,-0.002909615,0.000501919,0.001716257,,0,
1786043740787929942,1786043740.785539562,/novatel/oem7/odom,/novatel/oem7/fix,/novatel/oem7/odom,39.663,-75.756,-1.800089329,0.002956096,0.001710209,0.000347552,-0.002935594,0.001710209,,,
1786043740795151994,1786043740.794467687,/novatel/oem7/odom,/novatel/oem7/fix,/novatel/oem7/odom,39.663,-75.756,-1.800089329,0.002956096,0.001710209,0.000347552,-0.002935594,0.001710209,,,
1786043740806847851,1786043740.806294519,/novatel/oem7/inspva,/novatel/oem7/inspva,/novatel/oem7/inspva,39.663,-75.756,-1.800096179,0.001274636,0.001224753,-0.000826072,-0.000970722,0.001224753,,novatel_oem7_msgs.msg.InertialSolutionStatus(status=3),
1786043740808177598,1786043740.806501761,/novatel/oem7/fix,/novatel/oem7/fix,/novatel/oem7/inspva,39.663,-75.756,-1.800096179,0.001274636,0.001224753,-0.000826072,-0.000970722,0.001224753,,0,
1786043740809218384,1786043740.807154511,/novatel/oem7/odom,/novatel/oem7/fix,/novatel/oem7/odom,39.663,-75.756,-1.800096179,0.001280125,0.001219014,-0.001015878,-0.000778918,0.001219014,,,
1786043740811106917,1786043740.810196264,/novatel/oem7/bestpos,/novatel/oem7/bestpos,/novatel/oem7/odom,39.663,-75.756,33.182357597,0.001280125,0.001219014,-0.001015878,-0.000778918,0.001219014,,novatel_oem7_msgs.msg.SolutionStatus(status=0),novatel_oem7_msgs.msg.PositionOrVelocityType(type=53)
1786043740812532024,1786043740.810572595,/novatel/oem7/bestvel,/novatel/oem7/bestpos,/novatel/oem7/bestvel,39.663,-75.756,33.182357597,0.001096044,0.001013338,,,,195.958762950,novatel_oem7_msgs.msg.SolutionStatus(status=0),novatel_oem7_msgs.msg.PositionOrVelocityType(type=53)
1786043740815722729,1786043740.815063838,/novatel/oem7/odom,/novatel/oem7/bestpos,/novatel/oem7/odom,39.663,-75.756,33.182357597,0.001280125,0.001219014,-0.001015878,-0.000778918,0.001219014,,,
1786043740825491927,1786043740.824923405,/novatel/oem7/inspva,/novatel/oem7/inspva,/novatel/oem7/inspva,39.663,-75.756,-1.800109495,0.001834443,0.000538553,-0.001459605,-0.001111185,0.000538553,,novatel_oem7_msgs.msg.InertialSolutionStatus(status=3),
1786043740826860934,1786043740.825114417,/novatel/oem7/fix,/novatel/oem7/fix,/novatel/oem7/inspva,39.663,-75.756,-1.800109495,0.001834443,0.000538553,-0.001459605,-0.001111185,0.000538553,,0,
1786043740827920575,1786043740.825502814,/novatel/oem7/odom,/novatel/oem7/fix,/novatel/oem7/odom,39.663,-75.756,-1.800109495,0.001836751,0.000530628,-0.001185665,-0.001402802,0.000530628,,,
1786043740836060546,1786043740.835403181,/novatel/oem7/odom,/novatel/oem7/fix,/novatel/oem7/odom,39.663,-75.756,-1.800109495,0.001836751,0.000530628,-0.001185665,-0.001402802,0.000530628,,,
1786043740845850210,1786043740.845304512,/novatel/oem7/inspva,/novatel/oem7/inspva,/novatel/oem7/inspva,39.663,-75.756,-1.800110095,0.002930607,0.000053770,-0.002930438,-0.000031510,0.000053770,,novatel_oem7_msgs.msg.InertialSolutionStatus(status=3),
1786043740847217248,1786043740.845496394,/novatel/oem7/fix,/novatel/oem7/fix,/novatel/oem7/inspva,39.663,-75.756,-1.800110095,0.002930607,0.000053770,-0.002930438,-0.000031510,0.000053770,,0,
1786043740848303862,1786043740.846017559,/novatel/oem7/odom,/novatel/oem7/fix,/novatel/oem7/odom,39.663,-75.756,-1.800110095,0.002930743,0.000045785,-0.000180041,-0.002925208,0.000045785,,,
1786043740857222288,1786043740.856541221,/novatel/oem7/odom,/novatel/oem7/fix,/novatel/oem7/odom,39.663,-75.756,-1.800110095,0.002930743,0.000045785,-0.000180041,-0.002925208,0.000045785,,,
1786043740866674998,1786043740.866105726,/novatel/oem7/inspva,/novatel/oem7/inspva,/novatel/oem7/inspva,39.663,-75.756,-1.800119276,0.002773844,0.000862874,-0.002755046,-0.000322384,0.000862874,,novatel_oem7_msgs.msg.InertialSolutionStatus(status=3),
1786043740868062469,1786043740.866314199,/novatel/oem7/fix,/novatel/oem7/fix,/novatel/oem7/inspva,39.663,-75.756,-1.800119276,0.002773844,0.000862874,-0.002755046,-0.000322384,0.000862874,,0,
1786043740869138410,1786043740.866725939,/novatel/oem7/odom,/novatel/oem7/fix,/novatel/oem7/odom,39.663,-75.756,-1.800119276,0.002776493,0.000854312,-0.000464664,-0.002737335,0.000854312,,,
1786043740875345095,1786043740.874714815,/novatel/oem7/odom,/novatel/oem7/fix,/novatel/oem7/odom,39.663,-75.756,-1.800119276,0.002776493,0.000854312,-0.000464664,-0.002737335,0.000854312,,,
1786043740885810920,1786043740.885259044,/novatel/oem7/inspva,/novatel/oem7/inspva,/novatel/oem7/inspva,39.663,-75.756,-1.800128059,0.001697857,0.001173142,-0.001697218,-0.000046553,0.001173142,,novatel_oem7_msgs.msg.InertialSolutionStatus(status=3),
1786043740887159190,1786043740.885415436,/novatel/oem7/fix,/novatel/oem7/fix,/novatel/oem7/inspva,39.663,-75.756,-1.800128059,0.001697857,0.001173142,-0.001697218,-0.000046553,0.001173142,,0,
1786043740888226577,1786043740.886194960,/novatel/oem7/odom,/novatel/oem7/fix,/novatel/oem7/odom,39.663,-75.756,-1.800128059,0.001701143,0.001168372,-0.000136809,-0.001695632,0.001168372,,,
1786043740896180147,1786043740.895539836,/novatel/oem7/odom,/novatel/oem7/fix,/novatel/oem7/odom,39.663,-75.756,-1.800128059,0.001701143,0.001168372,-0.000136809,-0.001695632,0.001168372,,,
1786043740906528333,1786043740.905979938,/novatel/oem7/inspva,/novatel/oem7/inspva,/novatel/oem7/inspva,39.663,-75.756,-1.800153246,0.002235112,0.000712061,-0.001418765,-0.001727087,0.000712061,,novatel_oem7_msgs.msg.InertialSolutionStatus(status=3),
1786043740907863114,1786043740.906149900,/novatel/oem7/fix,/novatel/oem7/fix,/novatel/oem7/inspva,39.663,-75.756,-1.800153246,0.002235112,0.000712061,-0.001418765,-0.001727087,0.000712061,,0,
1786043740908907370,1786043740.906510520,/novatel/oem7/odom,/novatel/oem7/fix,/novatel/oem7/odom,39.663,-75.756,-1.800153246,0.002238293,0.000701995,-0.001799359,-0.001331265,0.000701995,,,
1786043740910379465,1786043740.909368569,/novatel/oem7/bestpos,/novatel/oem7/bestpos,/novatel/oem7/odom,39.663,-75.756,33.182297963,0.002238293,0.000701995,-0.001799359,-0.001331265,0.000701995,,novatel_oem7_msgs.msg.SolutionStatus(status=0),novatel_oem7_msgs.msg.PositionOrVelocityType(type=53)
1786043740911793896,1786043740.910090636,/novatel/oem7/bestvel,/novatel/oem7/bestpos,/novatel/oem7/bestvel,39.663,-75.756,33.182297963,0.001579958,0.000073661,,,,192.604987874,novatel_oem7_msgs.msg.SolutionStatus(status=0),novatel_oem7_msgs.msg.PositionOrVelocityType(type=53)
1786043740915123919,1786043740.914451529,/novatel/oem7/odom,/novatel/oem7/bestpos,/novatel/oem7/odom,39.663,-75.756,33.182297963,0.002238293,0.000701995,-0.001799359,-0.001331265,0.000701995,,,
1786043740927492656,1786043740.926921110,/novatel/oem7/inspva,/novatel/oem7/inspva,/novatel/oem7/inspva,39.663,-75.756,-1.800176737,0.002717525,-0.001091913,-0.002063495,-0.001768314,-0.001091913,,novatel_oem7_msgs.msg.InertialSolutionStatus(status=3),
1786043740928860470,1786043740.927101332,/novatel/oem7/fix,/novatel/oem7/fix,/novatel/oem7/inspva,39.663,-75.756,-1.800176737,0.002717525,-0.001091913,-0.002063495,-0.001768314,-0.001091913,,0,
1786043740929930077,1786043740.927668571,/novatel/oem7/odom,/novatel/oem7/fix,/novatel/oem7/odom,39.663,-75.756,-1.800176737,0.002712771,-0.001103670,-0.001866463,-0.001968615,-0.001103670,,,
1786043740935842219,1786043740.935170486,/novatel/oem7/odom,/novatel/oem7/fix,/novatel/oem7/odom,39.663,-75.756,-1.800176737,0.002712771,-0.001103670,-0.001866463,-0.001968615,-0.001103670,,,
1786043740945570350,1786043740.945032321,/novatel/oem7/inspva,/novatel/oem7/inspva,/novatel/oem7/inspva,39.663,-75.756,-1.800186084,0.002870727,-0.000198990,-0.002680874,-0.001026639,-0.000198990,,novatel_oem7_msgs.msg.InertialSolutionStatus(status=3),
1786043740946905737,1786043740.945213807,/novatel/oem7/fix,/novatel/oem7/fix,/novatel/oem7/inspva,39.663,-75.756,-1.800186084,0.002870727,-0.000198990,-0.002680874,-0.001026639,-0.000198990,,0,
1786043740947952310,1786043740.945722868,/novatel/oem7/odom,/novatel/oem7/fix,/novatel/oem7/odom,39.663,-75.756,-1.800186084,0.002869958,-0.000209792,-0.001160309,-0.002624945,-0.000209792,,,
1786043740956688511,1786043740.955992751,/novatel/oem7/odom,/novatel/oem7/fix,/novatel/oem7/odom,39.663,-75.756,-1.800186084,0.002869958,-0.000209792,-0.001160309,-0.002624945,-0.000209792,,,
1786043740966020668,1786043740.965501366,/novatel/oem7/inspva,/novatel/oem7/inspva,/novatel/oem7/inspva,39.663,-75.756,-1.800178879,0.002682703,0.002059010,-0.002508268,-0.000951573,0.002059010,,novatel_oem7_msgs.msg.InertialSolutionStatus(status=3),
1786043740967366484,1786043740.965676684,/novatel/oem7/fix,/novatel/oem7/fix,/novatel/oem7/inspva,39.663,-75.756,-1.800178879,0.002682703,0.002059010,-0.002508268,-0.000951573,0.002059010,,0,
1786043740968447642,1786043740.966568113,/novatel/oem7/odom,/novatel/oem7/fix,/novatel/oem7/odom,39.663,-75.756,-1.800178879,0.002690474,0.002048846,-0.001085003,-0.002461995,0.002048846,,,
1786043740975670507,1786043740.974997660,/novatel/oem7/odom,/novatel/oem7/fix,/novatel/oem7/odom,39.663,-75.756,-1.800178879,0.002690474,0.002048846,-0.001085003,-0.002461995,0.002048846,,,
1786043740987894359,1786043740.986250240,/novatel/oem7/inspva,/novatel/oem7/inspva,/novatel/oem7/inspva,39.663,-75.756,-1.800198684,0.001988288,0.001697102,-0.001815099,-0.000811606,0.001697102,,novatel_oem7_msgs.msg.InertialSolutionStatus(status=3),
1786043740988939760,1786043740.986543453,/novatel/oem7/fix,/novatel/oem7/fix,/novatel/oem7/inspva,39.663,-75.756,-1.800198684,0.001988288,0.001697102,-0.001815099,-0.000811606,0.001697102,,0,
1786043740990681011,1786043740.987705491,/novatel/oem7/odom,/novatel/oem7/fix,/novatel/oem7/odom,39.663,-75.756,-1.800198684,0.002690483,0.002048834,-0.001085000,-0.002462006,0.002048834,,,
1786043740995303257,1786043740.994517978,/novatel/oem7/odom,/novatel/oem7/fix,/novatel/oem7/odom,39.663,-75.756,-1.800198684,0.001994925,0.001689295,-0.000908772,-0.001775911,0.001689295,,,
1786043741010265227,1786043741.009712051,/novatel/oem7/inspva,/novatel/oem7/inspva,/novatel/oem7/inspva,39.663,-75.756,-1.800222117,0.002723999,-0.000931625,-0.001915490,-0.001936769,-0.000931625,,novatel_oem7_msgs.msg.InertialSolutionStatus(status=3),
1786043741011660327,1786043741.009871766,/novatel/oem7/fix,/novatel/oem7/fix,/novatel/oem7/inspva,39.663,-75.756,-1.800222117,0.002723999,-0.000931625,-0.001915490,-0.001936769,-0.000931625,,0,
1786043741013215832,1786043741.011336903,/novatel/oem7/odom,/novatel/oem7/fix,/novatel/oem7/odom,39.663,-75.756,-1.800222117,0.002719856,-0.000943655,-0.002027795,-0.001812640,-0.000943655,,,
1786043741017251856,1786043741.016367971,/novatel/oem7/odom,/novatel/oem7/fix,/novatel/oem7/odom,39.663,-75.756,-1.800222117,0.002719856,-0.000943655,-0.002027795,-0.001812640,-0.000943655,,,
1786043741026579176,1786043741.025958290,/novatel/oem7/bestpos,/novatel/oem7/bestpos,/novatel/oem7/odom,39.663,-75.756,33.182254284,0.002719856,-0.000943655,-0.002027795,-0.001812640,-0.000943655,,novatel_oem7_msgs.msg.SolutionStatus(status=0),novatel_oem7_msgs.msg.PositionOrVelocityType(type=53)
1786043741028068051,1786043741.026660663,/novatel/oem7/bestvel,/novatel/oem7/bestpos,/novatel/oem7/bestvel,39.663,-75.756,33.182254284,0.002939705,-0.000762961,,,,218.317046773,novatel_oem7_msgs.msg.SolutionStatus(status=0),novatel_oem7_msgs.msg.PositionOrVelocityType(type=53)
1786043741028986657,1786043741.027188832,/novatel/oem7/inspva,/novatel/oem7/inspva,/novatel/oem7/inspva,39.663,-75.756,-1.800235621,0.002778214,-0.000906245,-0.002200976,-0.001695339,-0.000906245,,novatel_oem7_msgs.msg.InertialSolutionStatus(status=3),
1786043741029814992,1786043741.027360684,/novatel/oem7/fix,/novatel/oem7/fix,/novatel/oem7/inspva,39.663,-75.756,-1.800235621,0.002778214,-0.000906245,-0.002200976,-0.001695339,-0.000906245,,0,
1786043741031314077,1786043741.027678494,/novatel/oem7/odom,/novatel/oem7/fix,/novatel/oem7/odom,39.663,-75.756,-1.800235621,0.002774295,-0.000918173,-0.001801217,-0.002110054,-0.000918173,,,
1786043741035132765,1786043741.034466315,/novatel/oem7/odom,/novatel/oem7/fix,/novatel/oem7/odom,39.663,-75.756,-1.800235621,0.002774295,-0.000918173,-0.001801217,-0.002110054,-0.000918173,,,
1786043741047649056,1786043741.047099141,/novatel/oem7/inspva,/novatel/oem7/inspva,/novatel/oem7/inspva,39.663,-75.756,-1.800229347,0.003428893,0.001971320,-0.003421969,-0.000217791,0.001971320,,novatel_oem7_msgs.msg.InertialSolutionStatus(status=3),
1786043741048991070,1786043741.047280083,/novatel/oem7/fix,/novatel/oem7/fix,/novatel/oem7/inspva,39.663,-75.756,-1.800229347,0.003428893,0.001971320,-0.003421969,-0.000217791,0.001971320,,0,
1786043741050054760,1786043741.047997923,/novatel/oem7/odom,/novatel/oem7/fix,/novatel/oem7/odom,39.663,-75.756,-1.800229347,0.003434657,0.001961260,-0.000398120,-0.003411505,0.001961260,,,
1786043741056731721,1786043741.056056065,/novatel/oem7/odom,/novatel/oem7/fix,/novatel/oem7/odom,39.663,-75.756,-1.800229347,0.003434657,0.001961260,-0.000398120,-0.003411505,0.001961260,,,
1786043741065828358,1786043741.065261099,/novatel/oem7/inspva,/novatel/oem7/inspva,/novatel/oem7/inspva,39.663,-75.756,-1.800260948,0.002505328,0.001063245,-0.002375158,-0.000797053,0.001063245,,novatel_oem7_msgs.msg.InertialSolutionStatus(status=3),
1786043741067191368,1786043741.065480701,/novatel/oem7/fix,/novatel/oem7/fix,/novatel/oem7/inspva,39.663,-75.756,-1.800260948,0.002505328,0.001063245,-0.002375158,-0.000797053,0.001063245,,0,
1786043741068274672,1786043741.065872545,/novatel/oem7/odom,/novatel/oem7/fix,/novatel/oem7/odom,39.663,-75.756,-1.800260948,0.002509244,0.001053971,-0.000920280,-0.002334392,0.001053971,,,
1786043741076220849,1786043741.075574952,/novatel/oem7/odom,/novatel/oem7/fix,/novatel/oem7/odom,39.663,-75.756,-1.800260948,0.002509244,0.001053971,-0.000920280,-0.002334392,0.001053971,,,
1786043741086041167,1786043741.085504254,/novatel/oem7/inspva,/novatel/oem7/inspva,/novatel/oem7/inspva,39.663,-75.756,-1.800299996,0.002724898,-0.001320405,-0.001333429,-0.002376349,-0.001320405,,novatel_oem7_msgs.msg.InertialSolutionStatus(status=3),
1786043741087395827,1786043741.085692733,/novatel/oem7/fix,/novatel/oem7/fix,/novatel/oem7/inspva,39.663,-75.756,-1.800299996,0.002724898,-0.001320405,-0.001333429,-0.002376349,-0.001320405,,0,
1786043741088476528,1786043741.086250572,/novatel/oem7/odom,/novatel/oem7/fix,/novatel/oem7/odom,39.663,-75.756,-1.800299996,0.002719029,-0.001332449,-0.002435901,-0.001208099,-0.001332449,,,
1786043741095720240,1786043741.095056335,/novatel/oem7/odom,/novatel/oem7/fix,/novatel/oem7/odom,39.663,-75.756,-1.800299996,0.002719029,-0.001332449,-0.002435901,-0.001208099,-0.001332449,,,
1786043741106591499,1786043741.106039193,/novatel/oem7/inspva,/novatel/oem7/inspva,/novatel/oem7/inspva,39.663,-75.756,-1.800326789,0.002081104,-0.001329056,-0.001731224,-0.001154927,-0.001329056,,novatel_oem7_msgs.msg.InertialSolutionStatus(status=3),
1786043741107923035,1786043741.106210415,/novatel/oem7/fix,/novatel/oem7/fix,/novatel/oem7/inspva,39.663,-75.756,-1.800326789,0.002081104,-0.001329056,-0.001731224,-0.001154927,-0.001329056,,0,
1786043741109118234,1786043741.106675596,/novatel/oem7/odom,/novatel/oem7/fix,/novatel/oem7/odom,39.663,-75.756,-1.800326789,0.002075474,-0.001337830,-0.001236154,-0.001667188,-0.001337830,,,
1786043741110616099,1786043741.109110630,/novatel/oem7/bestpos,/novatel/oem7/bestpos,/novatel/oem7/odom,39.663,-75.756,33.182108084,0.002075474,-0.001337830,-0.001236154,-0.001667188,-0.001337830,,novatel_oem7_msgs.msg.SolutionStatus(status=0),novatel_oem7_msgs.msg.PositionOrVelocityType(type=53)
1786043741111540265,1786043741.109476301,/novatel/oem7/bestvel,/novatel/oem7/bestpos,/novatel/oem7/bestvel,39.663,-75.756,33.182108084,0.002181552,-0.001253671,,,,213.261240108,novatel_oem7_msgs.msg.SolutionStatus(status=0),novatel_oem7_msgs.msg.PositionOrVelocityType(type=53)
1786043741115086337,1786043741.114436364,/novatel/oem7/odom,/novatel/oem7/bestpos,/novatel/oem7/odom,39.663,-75.756,33.182108084,0.002075474,-0.001337830,-0.001236154,-0.001667188,-0.001337830,,,
1786043741125864445,1786043741.125319026,/novatel/oem7/inspva,/novatel/oem7/inspva,/novatel/oem7/inspva,39.663,-75.756,-1.800326580,0.003905154,0.001101932,-0.003825196,-0.000786192,0.001101932,,novatel_oem7_msgs.msg.InertialSolutionStatus(status=3),
1786043741127210631,1786043741.125505038,/novatel/oem7/fix,/novatel/oem7/fix,/novatel/oem7/inspva,39.663,-75.756,-1.800326580,0.003905154,0.001101932,-0.003825196,-0.000786192,0.001101932,,0,
1786043741128282849,1786043741.126097774,/novatel/oem7/odom,/novatel/oem7/fix,/novatel/oem7/odom,39.663,-75.756,-1.800326580,0.003908830,0.001088821,-0.000982975,-0.003783214,0.001088821,,,
1786043741136269829,1786043741.135603185,/novatel/oem7/odom,/novatel/oem7/fix,/novatel/oem7/odom,39.663,-75.756,-1.800326580,0.003908830,0.001088821,-0.000982975,-0.003783214,0.001088821,,,
1786043741145871134,1786043741.145315429,/novatel/oem7/inspva,/novatel/oem7/inspva,/novatel/oem7/inspva,39.663,-75.756,-1.800356901,0.002748457,0.001188241,-0.002676726,-0.000623825,0.001188241,,novatel_oem7_msgs.msg.InertialSolutionStatus(status=3),
1786043741147238765,1786043741.145502948,/novatel/oem7/fix,/novatel/oem7/fix,/novatel/oem7/inspva,39.663,-75.756,-1.800356901,0.002748457,0.001188241,-0.002676726,-0.000623825,0.001188241,,0,
1786043741148329046,1786043741.145963875,/novatel/oem7/odom,/novatel/oem7/fix,/novatel/oem7/odom,39.663,-75.756,-1.800356901,0.002752522,0.001178795,-0.000762951,-0.002644671,0.001178795,,,
1786043741156465007,1786043741.155753546,/novatel/oem7/odom,/novatel/oem7/fix,/novatel/oem7/odom,39.663,-75.756,-1.800356901,0.002752522,0.001178795,-0.000762951,-0.002644671,0.001178795,,,
1786043741167305889,1786043741.166721333,/novatel/oem7/inspva,/novatel/oem7/inspva,/novatel/oem7/inspva,39.663,-75.756,-1.800392351,0.002524273,-0.000897560,-0.001541280,-0.001999103,-0.000897560,,novatel_oem7_msgs.msg.InertialSolutionStatus(status=3),
1786043741168729960,1786043741.166921818,/novatel/oem7/fix,/novatel/oem7/fix,/novatel/oem7/inspva,39.663,-75.756,-1.800392351,0.002524273,-0.000897560,-0.001541280,-0.001999103,-0.000897560,,0,
1786043741169822217,1786043741.167611352,/novatel/oem7/odom,/novatel/oem7/fix,/novatel/oem7/odom,39.663,-75.756,-1.800392351,0.002520222,-0.000908874,-0.002071219,-0.001435817,-0.000908874,,,
1786043741175754166,1786043741.175053549,/novatel/oem7/odom,/novatel/oem7/fix,/novatel/oem7/odom,39.663,-75.756,-1.800392351,0.002520222,-0.000908874,-0.002071219,-0.001435817,-0.000908874,,,
1786043741185685099,1786043741.185152567,/novatel/oem7/inspva,/novatel/oem7/inspva,/novatel/oem7/inspva,39.663,-75.756,-1.800411477,0.002609595,-0.000939012,-0.001425311,-0.002185972,-0.000939012,,novatel_oem7_msgs.msg.InertialSolutionStatus(status=3),
1786043741186999378,1786043741.185320839,/novatel/oem7/fix,/novatel/oem7/fix,/novatel/oem7/inspva,39.663,-75.756,-1.800411477,0.002609595,-0.000939012,-0.001425311,-0.002185972,-0.000939012,,0,
1786043741188054619,1786043741.185799380,/novatel/oem7/odom,/novatel/oem7/fix,/novatel/oem7/odom,39.663,-75.756,-1.800411477,0.002605388,-0.000950624,-0.002251851,-0.001310424,-0.000950624,,,
1786043741196017072,1786043741.195367612,/novatel/oem7/odom,/novatel/oem7/fix,/novatel/oem7/odom,39.663,-75.756,-1.800411477,0.002605388,-0.000950624,-0.002251851,-0.001310424,-0.000950624,,,
1786043741206970398,1786043741.206476000,/novatel/oem7/inspva,/novatel/oem7/inspva,/novatel/oem7/inspva,39.663,-75.756,-1.800416427,0.003407230,0.000322804,-0.003273080,-0.000946659,0.000322804,,novatel_oem7_msgs.msg.InertialSolutionStatus(status=3),
1786043741208312478,1786043741.206635292,/novatel/oem7/fix,/novatel/oem7/fix,/novatel/oem7/inspva,39.663,-75.756,-1.800416427,0.003407230,0.000322804,-0.003273080,-0.000946659,0.000322804,,0,
1786043741209352356,1786043741.207088993,/novatel/oem7/odom,/novatel/oem7/fix,/novatel/oem7/odom,39.663,-75.756,-1.800416427,0.003408365,0.000310591,-0.001112399,-0.003221726,0.000310591,,,
1786043741211198087,1786043741.210360209,/novatel/oem7/bestpos,/novatel/oem7/bestpos,/novatel/oem7/odom,39.663,-75.756,33.182017216,0.003408365,0.000310591,-0.001112399,-0.003221726,0.000310591,,novatel_oem7_msgs.msg.SolutionStatus(status=0),novatel_oem7_msgs.msg.PositionOrVelocityType(type=53)
1786043741212625585,1786043741.210880101,/novatel/oem7/bestvel,/novatel/oem7/bestpos,/novatel/oem7/bestvel,39.663,-75.756,33.182017216,0.003169806,0.000290077,,,,204.848947930,novatel_oem7_msgs.msg.SolutionStatus(status=0),novatel_oem7_msgs.msg.PositionOrVelocityType(type=53)
1786043741215374912,1786043741.214704495,/novatel/oem7/odom,/novatel/oem7/bestpos,/novatel/oem7/odom,39.663,-75.756,33.182017216,0.003408365,0.000310591,-0.001112399,-0.003221726,0.000310591,,,
1786043741226493913,1786043741.225949968,/novatel/oem7/inspva,/novatel/oem7/inspva,/novatel/oem7/inspva,39.663,-75.756,-1.800437920,0.003224297,0.000519986,-0.002904861,-0.001399240,0.000519986,,novatel_oem7_msgs.msg.InertialSolutionStatus(status=3),
1786043741227835167,1786043741.226122929,/novatel/oem7/fix,/novatel/oem7/fix,/novatel/oem7/inspva,39.663,-75.756,-1.800437920,0.003224297,0.000519986,-0.002904861,-0.001399240,0.000519986,,0,
1786043741228905971,1786043741.226465040,/novatel/oem7/odom,/novatel/oem7/fix,/novatel/oem7/odom,39.663,-75.756,-1.800437920,0.003226344,0.000507130,-0.001546488,-0.002831549,0.000507130,,,
1786043741235444413,1786043741.234784026,/novatel/oem7/odom,/novatel/oem7/fix,/novatel/oem7/odom,39.663,-75.756,-1.800437920,0.003226344,0.000507130,-0.001546488,-0.002831549,0.000507130,,,
1786043741245595644,1786043741.245083273,/novatel/oem7/inspva,/novatel/oem7/inspva,/novatel/oem7/inspva,39.663,-75.756,-1.800459021,0.002532361,0.000455562,-0.001422034,-0.002095393,0.000455562,,novatel_oem7_msgs.msg.InertialSolutionStatus(status=3),
1786043741246905677,1786043741.245249211,/novatel/oem7/fix,/novatel/oem7/fix,/novatel/oem7/inspva,39.663,-75.756,-1.800459021,0.002532361,0.000455562,-0.001422034,-0.002095393,0.000455562,,0,
1786043741247947887,1786043741.245701805,/novatel/oem7/odom,/novatel/oem7/fix,/novatel/oem7/odom,39.663,-75.756,-1.800459021,0.002534372,0.000444238,-0.002166409,-0.001315185,0.000444238,,,
1786043741257234477,1786043741.256565314,/novatel/oem7/odom,/novatel/oem7/fix,/novatel/oem7/odom,39.663,-75.756,-1.800459021,0.002534372,0.000444238,-0.002166409,-0.001315185,0.000444238,,,
1786043741265619128,1786043741.265081239,/novatel/oem7/inspva,/novatel/oem7/inspva,/novatel/oem7/inspva,39.663,-75.756,-1.800486818,0.002832528,-0.001483176,-0.001735878,-0.002238290,-0.001483176,,novatel_oem7_msgs.msg.InertialSolutionStatus(status=3),
1786043741266960727,1786043741.265259654,/novatel/oem7/fix,/novatel/oem7/fix,/novatel/oem7/inspva,39.663,-75.756,-1.800486818,0.002832528,-0.001483176,-0.001735878,-0.002238290,-0.001483176,,0,
1786043741268032702,1786043741.265690768,/novatel/oem7/odom,/novatel/oem7/fix,/novatel/oem7/odom,39.663,-75.756,-1.800486818,0.002825843,-0.001495873,-0.002317765,-0.001616588,-0.001495873,,,
1786043741275240787,1786043741.274541637,/novatel/oem7/odom,/novatel/oem7/fix,/novatel/oem7/odom,39.663,-75.756,-1.800486818,0.002825843,-0.001495873,-0.002317765,-0.001616588,-0.001495873,,,
1786043741286996218,1786043741.286472039,/novatel/oem7/inspva,/novatel/oem7/inspva,/novatel/oem7/inspva,39.663,-75.756,-1.800502340,0.004901548,-0.000389621,-0.003061636,-0.003827735,-0.000389621,,novatel_oem7_msgs.msg.InertialSolutionStatus(status=3),
1786043741288345491,1786043741.286646311,/novatel/oem7/fix,/novatel/oem7/fix,/novatel/oem7/inspva,39.663,-75.756,-1.800502340,0.004901548,-0.000389621,-0.003061636,-0.003827735,-0.000389621,,0,
1786043741289410922,1786043741.287191280,/novatel/oem7/odom,/novatel/oem7/fix,/novatel/oem7/odom,39.663,-75.756,-1.800502340,0.004899752,-0.000411586,-0.003976359,-0.002862891,-0.000411586,,,
1786043741295774609,1786043741.295137920,/novatel/oem7/odom,/novatel/oem7/fix,/novatel/oem7/odom,39.663,-75.756,-1.800502340,0.004899752,-0.000411586,-0.003976359,-0.002862891,-0.000411586,,,
1786043741306632278,1786043741.306109085,/novatel/oem7/inspva,/novatel/oem7/inspva,/novatel/oem7/inspva,39.663,-75.756,-1.800537239,0.002982585,-0.000859266,-0.002938892,0.000508651,-0.000859266,,novatel_oem7_msgs.msg.InertialSolutionStatus(status=3),
1786043741307972797,1786043741.306279997,/novatel/oem7/fix,/novatel/oem7/fix,/novatel/oem7/inspva,39.663,-75.756,-1.800537239,0.002982585,-0.000859266,-0.002938892,0.000508651,-0.000859266,,0,
1786043741309031225,1786043741.306626681,/novatel/oem7/odom,/novatel/oem7/fix,/novatel/oem7/odom,39.663,-75.756,-1.800537239,0.002980803,-0.000865427,0.000362290,-0.002958705,-0.000865427,,,
1786043741310539420,1786043741.309871973,/novatel/oem7/bestpos,/novatel/oem7/bestpos,/novatel/oem7/odom,39.663,-75.756,33.181917674,0.002980803,-0.000865427,0.000362290,-0.002958705,-0.000865427,,novatel_oem7_msgs.msg.SolutionStatus(status=0),novatel_oem7_msgs.msg.PositionOrVelocityType(type=53)
1786043741311960974,1786043741.310400461,/novatel/oem7/bestvel,/novatel/oem7/bestpos,/novatel/oem7/bestvel,39.663,-75.756,33.181917674,0.002474065,-0.000390520,,,,218.227641981,novatel_oem7_msgs.msg.SolutionStatus(status=0),novatel_oem7_msgs.msg.PositionOrVelocityType(type=53)
1786043741316225957,1786043741.315575500,/novatel/oem7/odom,/novatel/oem7/bestpos,/novatel/oem7/odom,39.663,-75.756,33.181917674,0.002980803,-0.000865427,0.000362290,-0.002958705,-0.000865427,,,
1786043741326949294,1786043741.326435308,/novatel/oem7/inspva,/novatel/oem7/inspva,/novatel/oem7/inspva,39.663,-75.756,-1.800565728,0.002672125,0.000041958,-0.001594504,-0.002144251,0.000041958,,novatel_oem7_msgs.msg.InertialSolutionStatus(status=3),
1786043741328269837,1786043741.326634660,/novatel/oem7/fix,/novatel/oem7/fix,/novatel/oem7/inspva,39.663,-75.756,-1.800565728,0.002672125,0.000041958,-0.001594504,-0.002144251,0.000041958,,0,
1786043741329319177,1786043741.326922268,/novatel/oem7/odom,/novatel/oem7/fix,/novatel/oem7/odom,39.663,-75.756,-1.800565728,0.002672288,0.000029821,-0.002222416,-0.001483911,0.000029821,,,
1786043741335595410,1786043741.334936770,/novatel/oem7/odom,/novatel/oem7/fix,/novatel/oem7/odom,39.663,-75.756,-1.800565728,0.002672288,0.000029821,-0.002222416,-0.001483911,0.000029821,,,
1786043741346691674,1786043741.345969671,/novatel/oem7/inspva,/novatel/oem7/inspva,/novatel/oem7/inspva,39.663,-75.756,-1.800603337,0.003964587,-0.000824623,-0.000917588,-0.003856940,-0.000824623,,novatel_oem7_msgs.msg.InertialSolutionStatus(status=3),
1786043741348415798,1786043741.346195993,/novatel/oem7/fix,/novatel/oem7/fix,/novatel/oem7/inspva,39.663,-75.756,-1.800603337,0.003964587,-0.000824623,-0.000917588,-0.003856940,-0.000824623,,0,
1786043741349494462,1786043741.347732327,/novatel/oem7/odom,/novatel/oem7/fix,/novatel/oem7/odom,39.663,-75.756,-1.800603337,0.003961207,-0.000840712,-0.003895404,-0.000719020,-0.000840712,,,
1786043741356672624,1786043741.355974411,/novatel/oem7/odom,/novatel/oem7/fix,/novatel/oem7/odom,39.663,-75.756,-1.800603337,0.003961207,-0.000840712,-0.003895404,-0.000719020,-0.000840712,,,
1786043741365863266,1786043741.365346187,/novatel/oem7/inspva,/novatel/oem7/inspva,/novatel/oem7/inspva,39.663,-75.756,-1.800636983,0.003120618,-0.001472697,-0.002907750,-0.001132804,-0.001472697,,novatel_oem7_msgs.msg.InertialSolutionStatus(status=3),
1786043741367231959,1786043741.365544286,/novatel/oem7/fix,/novatel/oem7/fix,/novatel/oem7/inspva,39.663,-75.756,-1.800636983,0.003120618,-0.001472697,-0.002907750,-0.001132804,-0.001472697,,0,
1786043741368333527,1786043741.366114072,/novatel/oem7/odom,/novatel/oem7/fix,/novatel/oem7/odom,39.663,-75.756,-1.800636983,0.003115030,-0.001484480,-0.001273219,-0.002842943,-0.001484480,,,
1786043741376253549,1786043741.375599510,/novatel/oem7/odom,/novatel/oem7/fix,/novatel/oem7/odom,39.663,-75.756,-1.800636983,0.003115030,-0.001484480,-0.001273219,-0.002842943,-0.001484480,,,
1786043741386828289,1786043741.386277789,/novatel/oem7/inspva,/novatel/oem7/inspva,/novatel/oem7/inspva,39.663,-75.756,-1.800652041,0.003553409,0.000076329,-0.002871715,-0.002092837,0.000076329,,novatel_oem7_msgs.msg.InertialSolutionStatus(status=3),
1786043741388186709,1786043741.386474011,/novatel/oem7/fix,/novatel/oem7/fix,/novatel/oem7/inspva,39.663,-75.756,-1.800652041,0.003553409,0.000076329,-0.002871715,-0.002092837,0.000076329,,0,
1786043741389248163,1786043741.386824247,/novatel/oem7/odom,/novatel/oem7/fix,/novatel/oem7/odom,39.663,-75.756,-1.800652041,0.003553704,0.000061101,-0.002235852,-0.002762205,0.000061101,,,
1786043741395258553,1786043741.394548986,/novatel/oem7/odom,/novatel/oem7/fix,/novatel/oem7/odom,39.663,-75.756,-1.800652041,0.003553704,0.000061101,-0.002235852,-0.002762205,0.000061101,,,
1786043741407055664,1786043741.406403661,/novatel/oem7/inspva,/novatel/oem7/inspva,/novatel/oem7/inspva,39.663,-75.756,-1.800670510,0.002255409,0.000401679,-0.001622332,-0.001566814,0.000401679,,novatel_oem7_msgs.msg.InertialSolutionStatus(status=3),
1786043741408489575,1786043741.406620656,/novatel/oem7/fix,/novatel/oem7/fix,/novatel/oem7/inspva,39.663,-75.756,-1.800670510,0.002255409,0.000401679,-0.001622332,-0.001566814,0.000401679,,0,
1786043741409616156,1786043741.407176482,/novatel/oem7/odom,/novatel/oem7/fix,/novatel/oem7/odom,39.663,-75.756,-1.800670510,0.002257145,0.000391806,-0.001648424,-0.001541883,0.000391806,,,
1786043741411204092,1786043741.410283679,/novatel/oem7/bestpos,/novatel/oem7/bestpos,/novatel/oem7/odom,39.663,-75.756,33.181800667,0.002257145,0.000391806,-0.001648424,-0.001541883,0.000391806,,novatel_oem7_msgs.msg.SolutionStatus(status=0),novatel_oem7_msgs.msg.PositionOrVelocityType(type=53)
1786043741412627866,1786043741.410777874,/novatel/oem7/bestvel,/novatel/oem7/bestpos,/novatel/oem7/bestvel,39.663,-75.756,33.181800667,0.003464465,0.001221957,,,,238.593926722,novatel_oem7_msgs.msg.SolutionStatus(status=0),novatel_oem7_msgs.msg.PositionOrVelocityType(type=53)
1786043741416117758,1786043741.415389277,/novatel/oem7/odom,/novatel/oem7/bestpos,/novatel/oem7/odom,39.663,-75.756,33.181800667,0.002257145,0.000391806,-0.001648424,-0.001541883,0.000391806,,,
1786043741425618739,1786043741.424965050,/novatel/oem7/inspva,/novatel/oem7/inspva,/novatel/oem7/inspva,39.663,-75.756,-1.800675871,0.003624499,0.001829923,-0.001443269,-0.003324751,0.001829923,,novatel_oem7_msgs.msg.InertialSolutionStatus(status=3),
1786043741427005440,1786043741.425135041,/novatel/oem7/fix,/novatel/oem7/fix,/novatel/oem7/inspva,39.663,-75.756,-1.800675871,0.003624499,0.001829923,-0.001443269,-0.003324751,0.001829923,,0,
1786043741428070034,1786043741.425660523,/novatel/oem7/odom,/novatel/oem7/fix,/novatel/oem7/odom,39.663,-75.756,-1.800675871,0.003632455,0.001814079,-0.003400385,-0.001277542,0.001814079,,,
1786043741435295173,1786043741.434549712,/novatel/oem7/odom,/novatel/oem7/fix,/novatel/oem7/odom,39.663,-75.756,-1.800675871,0.003632455,0.001814079,-0.003400385,-0.001277542,0.001814079,,,
1786043741447286679,1786043741.446632226,/novatel/oem7/inspva,/novatel/oem7/inspva,/novatel/oem7/inspva,39.663,-75.756,-1.800709558,0.004159115,-0.002014033,-0.001978037,-0.003658634,-0.002014033,,novatel_oem7_msgs.msg.InertialSolutionStatus(status=3),
1786043741448751921,1786043741.446814824,/novatel/oem7/fix,/novatel/oem7/fix,/novatel/oem7/inspva,39.663,-75.756,-1.800709558,0.004159115,-0.002014033,-0.001978037,-0.003658634,-0.002014033,,0,
1786043741449842768,1786043741.447355960,/novatel/oem7/odom,/novatel/oem7/fix,/novatel/oem7/odom,39.663,-75.756,-1.800709558,0.004150234,-0.002032270,-0.003746712,-0.001785104,-0.002032270,,,
1786043741456960483,1786043741.456245966,/novatel/oem7/odom,/novatel/oem7/fix,/novatel/oem7/odom,39.663,-75.756,-1.800709558,0.004150234,-0.002032270,-0.003746712,-0.001785104,-0.002032270,,,
1786043741465688143,1786043741.465001750,/novatel/oem7/inspva,/novatel/oem7/inspva,/novatel/oem7/inspva,39.663,-75.756,-1.800713424,0.004328985,-0.000530039,-0.002794363,-0.003306303,-0.000530039,,novatel_oem7_msgs.msg.InertialSolutionStatus(status=3),
1786043741467059480,1786043741.465173285,/novatel/oem7/fix,/novatel/oem7/fix,/novatel/oem7/inspva,39.663,-75.756,-1.800713424,0.004328985,-0.000530039,-0.002794363,-0.003306303,-0.000530039,,0,
1786043741468145644,1786043741.465509545,/novatel/oem7/odom,/novatel/oem7/fix,/novatel/oem7/odom,39.663,-75.756,-1.800713424,0.004326571,-0.000549394,-0.003441603,-0.002621943,-0.000549394,,,
1786043741476084787,1786043741.475385267,/novatel/oem7/odom,/novatel/oem7/fix,/novatel/oem7/odom,39.663,-75.756,-1.800713424,0.004326571,-0.000549394,-0.003441603,-0.002621943,-0.000549394,,,
1786043741485706230,1786043741.485091014,/novatel/oem7/inspva,/novatel/oem7/inspva,/novatel/oem7/inspva,39.663,-75.756,-1.800712328,0.002857374,0.001716486,-0.001657849,-0.002327256,0.001716486,,novatel_oem7_msgs.msg.InertialSolutionStatus(status=3),
1786043741487061123,1786043741.485252032,/novatel/oem7/fix,/novatel/oem7/fix,/novatel/oem7/inspva,39.663,-75.756,-1.800712328,0.002857374,0.001716486,-0.001657849,-0.002327256,0.001716486,,0,
1786043741488098790,1786043741.485885042,/novatel/oem7/odom,/novatel/oem7/fix,/novatel/oem7/odom,39.663,-75.756,-1.800712328,0.002865081,0.001703591,-0.002414636,-0.001542148,0.001703591,,,
1786043741495557551,1786043741.494862691,/novatel/oem7/odom,/novatel/oem7/fix,/novatel/oem7/odom,39.663,-75.756,-1.800712328,0.002865081,0.001703591,-0.002414636,-0.001542148,0.001703591,,,
1786043741506992019,1786043741.506390999,/novatel/oem7/inspva,/novatel/oem7/inspva,/novatel/oem7/inspva,39.663,-75.756,-1.800744276,0.003098912,0.000981700,-0.001663244,-0.002614742,0.000981700,,novatel_oem7_msgs.msg.InertialSolutionStatus(status=3),
1786043741508307646,1786043741.506552578,/novatel/oem7/fix,/novatel/oem7/fix,/novatel/oem7/inspva,39.663,-75.756,-1.800744276,0.003098912,0.000981700,-0.001663244,-0.002614742,0.000981700,,0,
1786043741509682942,1786043741.506875298,/novatel/oem7/odom,/novatel/oem7/fix,/novatel/oem7/odom,39.663,-75.756,-1.800744276,0.003103293,0.000967765,-0.002699303,-0.001531075,0.000967765,,,
1786043741512172954,1786043741.511550798,/novatel/oem7/bestpos,/novatel/oem7/bestpos,/novatel/oem7/odom,39.663,-75.756,33.181684189,0.003103293,0.000967765,-0.002699303,-0.001531075,0.000967765,,novatel_oem7_msgs.msg.SolutionStatus(status=0),novatel_oem7_msgs.msg.PositionOrVelocityType(type=53)
1786043741513615792,1786043741.512438930,/novatel/oem7/bestvel,/novatel/oem7/bestpos,/novatel/oem7/bestvel,39.663,-75.756,33.181684189,0.001967348,0.000116936,,,,240.208930115,novatel_oem7_msgs.msg.SolutionStatus(status=0),novatel_oem7_msgs.msg.PositionOrVelocityType(type=53)
1786043741515165497,1786043741.514443330,/novatel/oem7/odom,/novatel/oem7/bestpos,/novatel/oem7/odom,39.663,-75.756,33.181684189,0.003103293,0.000967765,-0.002699303,-0.001531075,0.000967765,,,
1786043741525700606,1786043741.525112763,/novatel/oem7/inspva,/novatel/oem7/inspva,/novatel/oem7/inspva,39.663,-75.756,-1.800791886,0.004235246,-0.002321390,-0.000951759,-0.004126919,-0.002321390,,novatel_oem7_msgs.msg.InertialSolutionStatus(status=3),
1786043741527060653,1786043741.525256592,/novatel/oem7/fix,/novatel/oem7/fix,/novatel/oem7/inspva,39.663,-75.756,-1.800791886,0.004235246,-0.002321390,-0.000951759,-0.004126919,-0.002321390,,0,
1786043741528094223,1786043741.525663095,/novatel/oem7/odom,/novatel/oem7/fix,/novatel/oem7/odom,39.663,-75.756,-1.800791886,0.004225677,-0.002338763,-0.004161156,-0.000735610,-0.002338763,,,
1786043741535877684,1786043741.535188407,/novatel/oem7/odom,/novatel/oem7/fix,/novatel/oem7/odom,39.663,-75.756,-1.800791886,0.004225677,-0.002338763,-0.004161156,-0.000735610,-0.002338763,,,
1786043741545590615,1786043741.544923498,/novatel/oem7/inspva,/novatel/oem7/inspva,/novatel/oem7/inspva,39.663,-75.756,-1.800826188,0.004420833,-0.002534016,-0.002183053,-0.003844222,-0.002534016,,novatel_oem7_msgs.msg.InertialSolutionStatus(status=3),
1786043741546913348,1786043741.545137314,/novatel/oem7/fix,/novatel/oem7/fix,/novatel/oem7/inspva,39.663,-75.756,-1.800826188,0.004420833,-0.002534016,-0.002183053,-0.003844222,-0.002534016,,0,
1786043741547975949,1786043741.545438103,/novatel/oem7/odom,/novatel/oem7/fix,/novatel/oem7/odom,39.663,-75.756,-1.800826188,0.004409549,-0.002553601,-0.003940472,-0.001979091,-0.002553601,,,
1786043741556342939,1786043741.555644605,/novatel/oem7/odom,/novatel/oem7/fix,/novatel/oem7/odom,39.663,-75.756,-1.800826188,0.004409549,-0.002553601,-0.003940472,-0.001979091,-0.002553601,,,
1786043741566084366,1786043741.565487267,/novatel/oem7/inspva,/novatel/oem7/inspva,/novatel/oem7/inspva,39.663,-75.756,-1.800832283,0.004141397,0.001074848,-0.002849789,-0.003004974,0.001074848,,novatel_oem7_msgs.msg.InertialSolutionStatus(status=3),
1786043741567554847,1786043741.565686719,/novatel/oem7/fix,/novatel/oem7/fix,/novatel/oem7/inspva,39.663,-75.756,-1.800832283,0.004141397,0.001074848,-0.002849789,-0.003004974,0.001074848,,0,
1786043741568638258,1786043741.566201554,/novatel/oem7/odom,/novatel/oem7/fix,/novatel/oem7/odom,39.663,-75.756,-1.800832283,0.004146153,0.001056350,-0.003149433,-0.002696602,0.001056350,,,
1786043741575638578,1786043741.574742662,/novatel/oem7/odom,/novatel/oem7/fix,/novatel/oem7/odom,39.663,-75.756,-1.800832283,0.004146153,0.001056350,-0.003149433,-0.002696602,0.001056350,,,
1786043741585994205,1786043741.585411949,/novatel/oem7/inspva,/novatel/oem7/inspva,/novatel/oem7/inspva,39.663,-75.756,-1.800866027,0.004269194,0.001310949,-0.002408838,-0.003524701,0.001310949,,novatel_oem7_msgs.msg.InertialSolutionStatus(status=3),
1786043741587322375,1786043741.585603831,/novatel/oem7/fix,/novatel/oem7/fix,/novatel/oem7/inspva,39.663,-75.756,-1.800866027,0.004269194,0.001310949,-0.002408838,-0.003524701,0.001310949,,0,
1786043741588358925,1786043741.586033234,/novatel/oem7/odom,/novatel/oem7/fix,/novatel/oem7/odom,39.663,-75.756,-1.800866027,0.004275044,0.001291745,-0.003647068,-0.002230448,0.001291745,,,
1786043741596346292,1786043741.595665991,/novatel/oem7/odom,/novatel/oem7/fix,/novatel/oem7/odom,39.663,-75.756,-1.800866027,0.004275044,0.001291745,-0.003647068,-0.002230448,0.001291745,,,
1786043741607077292,1786043741.606407646,/novatel/oem7/inspva,/novatel/oem7/inspva,/novatel/oem7/inspva,39.663,-75.756,-1.800902068,0.005095239,-0.000853738,-0.000643748,-0.005054409,-0.000853738,,novatel_oem7_msgs.msg.InertialSolutionStatus(status=3),
1786043741608375405,1786043741.606619835,/novatel/oem7/fix,/novatel/oem7/fix,/novatel/oem7/inspva,39.663,-75.756,-1.800902068,0.005095239,-0.000853738,-0.000643748,-0.005054409,-0.000853738,,0,
1786043741609403639,1786043741.606892287,/novatel/oem7/odom,/novatel/oem7/fix,/novatel/oem7/odom,39.663,-75.756,-1.800902068,0.005091893,-0.000873470,-0.005077341,-0.000384691,-0.000873470,,,
1786043741610950538,1786043741.610126470,/novatel/oem7/bestpos,/novatel/oem7/bestpos,/novatel/oem7/odom,39.663,-75.756,33.181547093,0.005091893,-0.000873470,-0.005077341,-0.000384691,-0.000873470,,novatel_oem7_msgs.msg.SolutionStatus(status=0),novatel_oem7_msgs.msg.PositionOrVelocityType(type=53)
1786043741612331588,1786043741.610535097,/novatel/oem7/bestvel,/novatel/oem7/bestpos,/novatel/oem7/bestvel,39.663,-75.756,33.181547093,0.004928406,-0.000702857,,,,256.737006618,novatel_oem7_msgs.msg.SolutionStatus(status=0),novatel_oem7_msgs.msg.PositionOrVelocityType(type=53)
1786043741615819890,1786043741.615117993,/novatel/oem7/odom,/novatel/oem7/bestpos,/novatel/oem7/odom,39.663,-75.756,33.181547093,0.005091893,-0.000873470,-0.005077341,-0.000384691,-0.000873470,,,
1786043741626698748,1786043741.626094432,/novatel/oem7/inspva,/novatel/oem7/inspva,/novatel/oem7/inspva,39.663,-75.756,-1.800928086,0.004460553,-0.001203538,-0.001139132,-0.004312646,-0.001203538,,novatel_oem7_msgs.msg.InertialSolutionStatus(status=3),
1786043741628055529,1786043741.626263744,/novatel/oem7/fix,/novatel/oem7/fix,/novatel/oem7/inspva,39.663,-75.756,-1.800928086,0.004460553,-0.001203538,-0.001139132,-0.004312646,-0.001203538,,0,
1786043741629100186,1786043741.626698258,/novatel/oem7/odom,/novatel/oem7/fix,/novatel/oem7/odom,39.663,-75.756,-1.800928086,0.004455522,-0.001222032,-0.004360326,-0.000916098,-0.001222032,,,
1786043741635117379,1786043741.634447474,/novatel/oem7/odom,/novatel/oem7/fix,/novatel/oem7/odom,39.663,-75.756,-1.800928086,0.004455522,-0.001222032,-0.004360326,-0.000916098,-0.001222032,,,
1786043741645866803,1786043741.645235624,/novatel/oem7/inspva,/novatel/oem7/inspva,/novatel/oem7/inspva,39.663,-75.756,-1.800935506,0.005347753,0.000049437,-0.003706888,-0.003854535,0.000049437,,novatel_oem7_msgs.msg.InertialSolutionStatus(status=3),
1786043741647242071,1786043741.645477183,/novatel/oem7/fix,/novatel/oem7/fix,/novatel/oem7/inspva,39.663,-75.756,-1.800935506,0.005347753,0.000049437,-0.003706888,-0.003854535,0.000049437,,0,
1786043741648295677,1786043741.646062225,/novatel/oem7/odom,/novatel/oem7/fix,/novatel/oem7/odom,39.663,-75.756,-1.800935506,0.005347920,0.000025571,-0.004037545,-0.003506919,0.000025571,,,
1786043741657207336,1786043741.656522862,/novatel/oem7/odom,/novatel/oem7/fix,/novatel/oem7/odom,39.663,-75.756,-1.800935506,0.005347920,0.000025571,-0.004037545,-0.003506919,0.000025571,,,
1786043741665520336,1786043741.664887863,/novatel/oem7/inspva,/novatel/oem7/inspva,/novatel/oem7/inspva,39.663,-75.756,-1.800955717,0.004702551,0.000683172,-0.003047989,-0.003581026,0.000683172,,novatel_oem7_msgs.msg.InertialSolutionStatus(status=3),
1786043741666906607,1786043741.665089149,/novatel/oem7/fix,/novatel/oem7/fix,/novatel/oem7/inspva,39.663,-75.756,-1.800955717,0.004702551,0.000683172,-0.003047989,-0.003581026,0.000683172,,0,
1786043741667970758,1786043741.665552930,/novatel/oem7/odom,/novatel/oem7/fix,/novatel/oem7/odom,39.663,-75.756,-1.800955717,0.004705569,0.000662066,-0.003733370,-0.002864319,0.000662066,,,
1786043741675116402,1786043741.674392145,/novatel/oem7/odom,/novatel/oem7/fix,/novatel/oem7/odom,39.663,-75.756,-1.800955717,0.004705569,0.000662066,-0.003733370,-0.002864319,0.000662066,,,
1786043741687140345,1786043741.686539793,/novatel/oem7/inspva,/novatel/oem7/inspva,/novatel/oem7/inspva,39.663,-75.756,-1.800971315,0.004950291,0.000642186,-0.001006346,-0.004846922,0.000642186,,novatel_oem7_msgs.msg.InertialSolutionStatus(status=3),
1786043741688540399,1786043741.686719655,/novatel/oem7/fix,/novatel/oem7/fix,/novatel/oem7/inspva,39.663,-75.756,-1.800971315,0.004950291,0.000642186,-0.001006346,-0.004846922,0.000642186,,0,
1786043741689604294,1786043741.687088365,/novatel/oem7/odom,/novatel/oem7/fix,/novatel/oem7/odom,39.663,-75.756,-1.800971315,0.004952872,0.000621969,-0.004894053,-0.000761041,0.000621969,,,
1786043741695750708,1786043741.695046763,/novatel/oem7/odom,/novatel/oem7/fix,/novatel/oem7/odom,39.663,-75.756,-1.800971315,0.004952872,0.000621969,-0.004894053,-0.000761041,0.000621969,,,
1786043741706495239,1786043741.705796502,/novatel/oem7/inspva,/novatel/oem7/inspva,/novatel/oem7/inspva,39.663,-75.756,-1.801000940,0.004035524,-0.000547377,-0.000958565,-0.003920026,-0.000547377,,novatel_oem7_msgs.msg.InertialSolutionStatus(status=3),
1786043741708183926,1786043741.705964847,/novatel/oem7/fix,/novatel/oem7/fix,/novatel/oem7/inspva,39.663,-75.756,-1.801000940,0.004035524,-0.000547377,-0.000958565,-0.003920026,-0.000547377,,0,
1786043741709239996,1786043741.706716628,/novatel/oem7/odom,/novatel/oem7/fix,/novatel/oem7/odom,39.663,-75.756,-1.801000940,0.004033237,-0.000563977,-0.003961502,-0.000757300,-0.000563977,,,
1786043741710816912,1786043741.709371011,/novatel/oem7/bestpos,/novatel/oem7/bestpos,/novatel/oem7/odom,39.663,-75.756,33.181436107,0.004033237,-0.000563977,-0.003961502,-0.000757300,-0.000563977,,novatel_oem7_msgs.msg.SolutionStatus(status=0),novatel_oem7_msgs.msg.PositionOrVelocityType(type=53)
1786043741711752171,1786043741.710039901,/novatel/oem7/bestvel,/novatel/oem7/bestpos,/novatel/oem7/bestvel,39.663,-75.756,33.181436107,0.004181664,-0.000812835,,,,266.172765011,novatel_oem7_msgs.msg.SolutionStatus(status=0),novatel_oem7_msgs.msg.PositionOrVelocityType(type=53)
1786043741716150395,1786043741.715438468,/novatel/oem7/odom,/novatel/oem7/bestpos,/novatel/oem7/odom,39.663,-75.756,33.181436107,0.004033237,-0.000563977,-0.003961502,-0.000757300,-0.000563977,,,
1786043741725774408,1786043741.725170939,/novatel/oem7/inspva,/novatel/oem7/inspva,/novatel/oem7/inspva,39.663,-75.756,-1.801031584,0.003898521,-0.001713643,-0.002697711,-0.002814395,-0.001713643,,novatel_oem7_msgs.msg.InertialSolutionStatus(status=3),
1786043741727177385,1786043741.725332807,/novatel/oem7/fix,/novatel/oem7/fix,/novatel/oem7/inspva,39.663,-75.756,-1.801031584,0.003898521,-0.001713643,-0.002697711,-0.002814395,-0.001713643,,0,
1786043741728250213,1786043741.725953003,/novatel/oem7/odom,/novatel/oem7/fix,/novatel/oem7/odom,39.663,-75.756,-1.801031584,0.003890812,-0.001731076,-0.002941089,-0.002547235,-0.001731076,,,
1786043741735576309,1786043741.734843756,/novatel/oem7/odom,/novatel/oem7/fix,/novatel/oem7/odom,39.663,-75.756,-1.801031584,0.003890812,-0.001731076,-0.002941089,-0.002547235,-0.001731076,,,
1786043741746648067,1786043741.746037191,/novatel/oem7/inspva,/novatel/oem7/inspva,/novatel/oem7/inspva,39.663,-75.756,-1.801056101,0.004648865,-0.001112622,-0.002594769,-0.003857345,-0.001112622,,novatel_oem7_msgs.msg.InertialSolutionStatus(status=3),
1786043741748017591,1786043741.746200802,/novatel/oem7/fix,/novatel/oem7/fix,/novatel/oem7/inspva,39.663,-75.756,-1.801056101,0.004648865,-0.001112622,-0.002594769,-0.003857345,-0.001112622,,0,
1786043741749080638,1786043741.746604966,/novatel/oem7/odom,/novatel/oem7/fix,/novatel/oem7/odom,39.663,-75.756,-1.801056101,0.004643838,-0.001133418,-0.003979715,-0.002393136,-0.001133418,,,
1786043741767883802,1786043741.765226729,/novatel/oem7/inspva,/novatel/oem7/inspva,/novatel/oem7/inspva,39.663,-75.756,-1.801060798,0.003787860,0.001512535,-0.001879011,-0.003288951,0.001512535,,novatel_oem7_msgs.msg.InertialSolutionStatus(status=3),
1786043741768742394,1786043741.765371604,/novatel/oem7/fix,/novatel/oem7/fix,/novatel/oem7/inspva,39.663,-75.756,-1.801060798,0.003787860,0.001512535,-0.001879011,-0.003288951,0.001512535,,0,
1786043741769786508,1786043741.755816622,/novatel/oem7/odom,/novatel/oem7/fix,/novatel/oem7/odom,39.663,-75.756,-1.801060798,0.004643838,-0.001133418,-0.003979715,-0.002393136,-0.001133418,,,
1786043741771314463,1786043741.765704923,/novatel/oem7/odom,/novatel/oem7/fix,/novatel/oem7/odom,39.663,-75.756,-1.801060798,0.003794577,0.001495604,-0.003385499,-0.001713830,0.001495604,,,
1786043741776093688,1786043741.775407351,/novatel/oem7/odom,/novatel/oem7/fix,/novatel/oem7/odom,39.663,-75.756,-1.801060798,0.003794577,0.001495604,-0.003385499,-0.001713830,0.001495604,,,
1786043741785555822,1786043741.784978223,/novatel/oem7/inspva,/novatel/oem7/inspva,/novatel/oem7/inspva,39.663,-75.756,-1.801097747,0.004558197,0.000205627,-0.001530670,-0.004293508,0.000205627,,novatel_oem7_msgs.msg.InertialSolutionStatus(status=3),
1786043741786895706,1786043741.785118878,/novatel/oem7/fix,/novatel/oem7/fix,/novatel/oem7/inspva,39.663,-75.756,-1.801097747,0.004558197,0.000205627,-0.001530670,-0.004293508,0.000205627,,0,
1786043741787924416,1786043741.785584163,/novatel/oem7/odom,/novatel/oem7/fix,/novatel/oem7/odom,39.663,-75.756,-1.801097747,0.004559044,0.000185902,-0.004366269,-0.001311707,0.000185902,,,
1786043741795097894,1786043741.794412251,/novatel/oem7/odom,/novatel/oem7/fix,/novatel/oem7/odom,39.663,-75.756,-1.801097747,0.004559044,0.000185902,-0.004366269,-0.001311707,0.000185902,,,
1786043741807069234,1786043741.806474525,/novatel/oem7/inspva,/novatel/oem7/inspva,/novatel/oem7/inspva,39.663,-75.756,-1.801132617,0.004724105,-0.001895692,-0.000910870,-0.004635460,-0.001895692,,novatel_oem7_msgs.msg.InertialSolutionStatus(status=3),
1786043741808448187,1786043741.806623246,/novatel/oem7/fix,/novatel/oem7/fix,/novatel/oem7/inspva,39.663,-75.756,-1.801132617,0.004724105,-0.001895692,-0.000910870,-0.004635460,-0.001895692,,0,
1786043741809499402,1786043741.807070317,/novatel/oem7/odom,/novatel/oem7/fix,/novatel/oem7/odom,39.663,-75.756,-1.801132617,0.004716489,-0.001914561,-0.004668651,-0.000670056,-0.001914561,,,
1786043741811442424,1786043741.810493672,/novatel/oem7/bestpos,/novatel/oem7/bestpos,/novatel/oem7/odom,39.663,-75.756,33.181318640,0.004716489,-0.001914561,-0.004668651,-0.000670056,-0.001914561,,novatel_oem7_msgs.msg.SolutionStatus(status=0),novatel_oem7_msgs.msg.PositionOrVelocityType(type=53)
1786043741812838995,1786043741.810960779,/novatel/oem7/bestvel,/novatel/oem7/bestpos,/novatel/oem7/bestvel,39.663,-75.756,33.181318640,0.006382176,-0.000777410,,,,256.998950632,novatel_oem7_msgs.msg.SolutionStatus(status=0),novatel_oem7_msgs.msg.PositionOrVelocityType(type=53)
1786043741815757980,1786043741.815075692,/novatel/oem7/odom,/novatel/oem7/bestpos,/novatel/oem7/odom,39.663,-75.756,33.181318640,0.004716489,-0.001914561,-0.004668651,-0.000670056,-0.001914561,,,
1786043741825673206,1786043741.825070597,/novatel/oem7/inspva,/novatel/oem7/inspva,/novatel/oem7/inspva,39.663,-75.756,-1.801153411,0.004291852,-0.001220093,-0.002035834,-0.003778276,-0.001220093,,novatel_oem7_msgs.msg.InertialSolutionStatus(status=3),
1786043741827004870,1786043741.825215632,/novatel/oem7/fix,/novatel/oem7/fix,/novatel/oem7/inspva,39.663,-75.756,-1.801153411,0.004291852,-0.001220093,-0.002035834,-0.003778276,-0.001220093,,0,
1786043741828045927,1786043741.825559831,/novatel/oem7/odom,/novatel/oem7/fix,/novatel/oem7/odom,39.663,-75.756,-1.801153411,0.004286403,-0.001239100,-0.003872014,-0.001838683,-0.001239100,,,
1786043741836440821,1786043741.835709570,/novatel/oem7/odom,/novatel/oem7/fix,/novatel/oem7/odom,39.663,-75.756,-1.801153411,0.004286403,-0.001239100,-0.003872014,-0.001838683,-0.001239100,,,
1786043741845932916,1786043741.845351593,/novatel/oem7/inspva,/novatel/oem7/inspva,/novatel/oem7/inspva,39.663,-75.756,-1.801146622,0.004591001,0.001670103,-0.002719636,-0.003698767,0.001670103,,novatel_oem7_msgs.msg.InertialSolutionStatus(status=3),
1786043741847296515,1786043741.845512345,/novatel/oem7/fix,/novatel/oem7/fix,/novatel/oem7/inspva,39.663,-75.756,-1.801146622,0.004591001,0.001670103,-0.002719636,-0.003698767,0.001670103,,0,
1786043741848361026,1786043741.846250729,/novatel/oem7/odom,/novatel/oem7/fix,/novatel/oem7/odom,39.663,-75.756,-1.801146622,0.004598529,0.001649263,-0.003838009,-0.002533013,0.001649263,,,
1786043741857060487,1786043741.856357173,/novatel/oem7/odom,/novatel/oem7/fix,/novatel/oem7/odom,39.663,-75.756,-1.801146622,0.004598529,0.001649263,-0.003838009,-0.002533013,0.001649263,,,
1786043741866821237,1786043741.866206218,/novatel/oem7/inspva,/novatel/oem7/inspva,/novatel/oem7/inspva,39.663,-75.756,-1.801172080,0.004333498,0.001347886,-0.001958270,-0.003865796,0.001347886,,novatel_oem7_msgs.msg.InertialSolutionStatus(status=3),
1786043741868183731,1786043741.866352113,/novatel/oem7/fix,/novatel/oem7/fix,/novatel/oem7/inspva,39.663,-75.756,-1.801172080,0.004333498,0.001347886,-0.001958270,-0.003865796,0.001347886,,0,
1786043741869592525,1786043741.866696908,/novatel/oem7/odom,/novatel/oem7/fix,/novatel/oem7/odom,39.663,-75.756,-1.801172080,0.004339434,0.001328649,-0.003965009,-0.001763348,0.001328649,,,
1786043741875470721,1786043741.874763244,/novatel/oem7/odom,/novatel/oem7/fix,/novatel/oem7/odom,39.663,-75.756,-1.801172080,0.004339434,0.001328649,-0.003965009,-0.001763348,0.001328649,,,
1786043741885843314,1786043741.885257542,/novatel/oem7/inspva,/novatel/oem7/inspva,/novatel/oem7/inspva,39.663,-75.756,-1.801204367,0.005162306,-0.001438929,-0.000821965,-0.005096447,-0.001438929,,novatel_oem7_msgs.msg.InertialSolutionStatus(status=3),
1786043741887194918,1786043741.885398756,/novatel/oem7/fix,/novatel/oem7/fix,/novatel/oem7/inspva,39.663,-75.756,-1.801204367,0.005162306,-0.001438929,-0.000821965,-0.005096447,-0.001438929,,0,
1786043741888230151,1786043741.886048809,/novatel/oem7/odom,/novatel/oem7/fix,/novatel/oem7/odom,39.663,-75.756,-1.801204367,0.005156553,-0.001459412,-0.005126162,-0.000559016,-0.001459412,,,
1786043741896193581,1786043741.895511421,/novatel/oem7/odom,/novatel/oem7/fix,/novatel/oem7/odom,39.663,-75.756,-1.801204367,0.005156553,-0.001459412,-0.005126162,-0.000559016,-0.001459412,,,
1786043741906460727,1786043741.905877311,/novatel/oem7/inspva,/novatel/oem7/inspva,/novatel/oem7/inspva,39.663,-75.756,-1.801223951,0.004988918,-0.001352615,-0.001326458,-0.004809347,-0.001352615,,novatel_oem7_msgs.msg.InertialSolutionStatus(status=3),
1786043741907801497,1786043741.906011749,/novatel/oem7/fix,/novatel/oem7/fix,/novatel/oem7/inspva,39.663,-75.756,-1.801223951,0.004988918,-0.001352615,-0.001326458,-0.004809347,-0.001352615,,0,
1786043741908826664,1786043741.906463324,/novatel/oem7/odom,/novatel/oem7/fix,/novatel/oem7/odom,39.663,-75.756,-1.801223951,0.004983245,-0.001373371,-0.004865328,-0.001077642,-0.001373371,,,
1786043741910289515,1786043741.909566094,/novatel/oem7/bestpos,/novatel/oem7/bestpos,/novatel/oem7/odom,39.663,-75.756,33.181220535,0.004983245,-0.001373371,-0.004865328,-0.001077642,-0.001373371,,novatel_oem7_msgs.msg.SolutionStatus(status=0),novatel_oem7_msgs.msg.PositionOrVelocityType(type=53)
1786043741911728203,1786043741.910243084,/novatel/oem7/bestvel,/novatel/oem7/bestpos,/novatel/oem7/bestvel,39.663,-75.756,33.181220535,0.006164596,-0.000617787,,,,255.211446453,novatel_oem7_msgs.msg.SolutionStatus(status=0),novatel_oem7_msgs.msg.PositionOrVelocityType(type=53)
1786043741915084323,1786043741.914377556,/novatel/oem7/odom,/novatel/oem7/bestpos,/novatel/oem7/odom,39.663,-75.756,33.181220535,0.004983245,-0.001373371,-0.004865328,-0.001077642,-0.001373371,,,
1786043741927303505,1786043741.926546417,/novatel/oem7/inspva,/novatel/oem7/inspva,/novatel/oem7/inspva,39.663,-75.756,-1.801240135,0.004556722,-0.000534489,-0.003456276,-0.002969489,-0.000534489,,novatel_oem7_msgs.msg.InertialSolutionStatus(status=3),
1786043741928738479,1786043741.926760156,/novatel/oem7/fix,/novatel/oem7/fix,/novatel/oem7/inspva,39.663,-75.756,-1.801240135,0.004556722,-0.000534489,-0.003456276,-0.002969489,-0.000534489,,0,
1786043741929789253,1786043741.927145417,/novatel/oem7/odom,/novatel/oem7/fix,/novatel/oem7/odom,39.663,-75.756,-1.801240135,0.004554311,-0.000554655,-0.003138793,-0.003299959,-0.000554655,,,
1786043741935249328,1786043741.934526726,/novatel/oem7/odom,/novatel/oem7/fix,/novatel/oem7/odom,39.663,-75.756,-1.801240135,0.004554311,-0.000554655,-0.003138793,-0.003299959,-0.000554655,,,
1786043741945903941,1786043741.945089756,/novatel/oem7/inspva,/novatel/oem7/inspva,/novatel/oem7/inspva,39.663,-75.756,-1.801260748,0.004531873,0.000423919,-0.002302397,-0.003903440,0.000423919,,novatel_oem7_msgs.msg.InertialSolutionStatus(status=3),
1786043741947225154,1786043741.945292845,/novatel/oem7/fix,/novatel/oem7/fix,/novatel/oem7/inspva,39.663,-75.756,-1.801260748,0.004531873,0.000423919,-0.002302397,-0.003903440,0.000423919,,0,
1786043741948296858,1786043741.945595854,/novatel/oem7/odom,/novatel/oem7/fix,/novatel/oem7/odom,39.663,-75.756,-1.801260748,0.004533731,0.000403561,-0.004016649,-0.002102676,0.000403561,,,
1786043741956653205,1786043741.955844410,/novatel/oem7/odom,/novatel/oem7/fix,/novatel/oem7/odom,39.663,-75.756,-1.801260748,0.004533731,0.000403561,-0.004016649,-0.002102676,0.000403561,,,
1786043741966090506,1786043741.965305084,/novatel/oem7/inspva,/novatel/oem7/inspva,/novatel/oem7/inspva,39.663,-75.756,-1.801289716,0.004956986,-0.000234884,-0.000930810,-0.004868809,-0.000234884,,novatel_oem7_msgs.msg.InertialSolutionStatus(status=3),
1786043741967575957,1786043741.965541571,/novatel/oem7/fix,/novatel/oem7/fix,/novatel/oem7/inspva,39.663,-75.756,-1.801289716,0.004956986,-0.000234884,-0.000930810,-0.004868809,-0.000234884,,0,
1786043741968665922,1786043741.966051769,/novatel/oem7/odom,/novatel/oem7/fix,/novatel/oem7/odom,39.663,-75.756,-1.801289716,0.004955994,-0.000254948,-0.004908813,-0.000682228,-0.000254948,,,
1786043741975308438,1786043741.974507615,/novatel/oem7/odom,/novatel/oem7/fix,/novatel/oem7/odom,39.663,-75.756,-1.801289716,0.004955994,-0.000254948,-0.004908813,-0.000682228,-0.000254948,,,
1786043741986769519,1786043741.985994608,/novatel/oem7/inspva,/novatel/oem7/inspva,/novatel/oem7/inspva,39.663,-75.756,-1.801321398,0.004729447,-0.001540517,-0.001015995,-0.004619028,-0.001540517,,novatel_oem7_msgs.msg.InertialSolutionStatus(status=3),
1786043741988191697,1786043741.986192320,/novatel/oem7/fix,/novatel/oem7/fix,/novatel/oem7/inspva,39.663,-75.756,-1.801321398,0.004729447,-0.001540517,-0.001015995,-0.004619028,-0.001540517,,0,
1786043741989279581,1786043741.986589751,/novatel/oem7/odom,/novatel/oem7/fix,/novatel/oem7/odom,39.663,-75.756,-1.801321398,0.004723102,-0.001559860,-0.004658811,-0.000776644,-0.001559860,,,
1786043741995276031,1786043741.994499393,/novatel/oem7/odom,/novatel/oem7/fix,/novatel/oem7/odom,39.663,-75.756,-1.801321398,0.004723102,-0.001559860,-0.004658811,-0.000776644,-0.001559860,,,
1786043742008990131,1786043742.008270141,/novatel/oem7/inspva,/novatel/oem7/inspva,/novatel/oem7/inspva,39.663,-75.756,-1.801340462,0.005236892,-0.000917975,-0.003367985,-0.004010200,-0.000917975,,novatel_oem7_msgs.msg.InertialSolutionStatus(status=3),
1786043742010507523,1786043742.008483500,/novatel/oem7/fix,/novatel/oem7/fix,/novatel/oem7/inspva,39.663,-75.756,-1.801340462,0.005236892,-0.000917975,-0.003367985,-0.004010200,-0.000917975,,0,
1786043742011634177,1786043742.009632124,/novatel/oem7/odom,/novatel/oem7/fix,/novatel/oem7/odom,39.663,-75.756,-1.801340462,0.005232723,-0.000941446,-0.004172295,-0.003158060,-0.000941446,,,
1786043742017107546,1786043742.016183427,/novatel/oem7/odom,/novatel/oem7/fix,/novatel/oem7/odom,39.663,-75.756,-1.801340462,0.005232723,-0.000941446,-0.004172295,-0.003158060,-0.000941446,,,
1786043742027391125,1786043742.026755238,/novatel/oem7/bestpos,/novatel/oem7/bestpos,/novatel/oem7/odom,39.663,-75.756,33.181111310,0.005232723,-0.000941446,-0.004172295,-0.003158060,-0.000941446,,novatel_oem7_msgs.msg.SolutionStatus(status=0),novatel_oem7_msgs.msg.PositionOrVelocityType(type=53)
1786043742029328228,1786043742.027645277,/novatel/oem7/bestvel,/novatel/oem7/bestpos,/novatel/oem7/bestvel,39.663,-75.756,33.181111310,0.006551475,-0.000032783,,,,236.726306166,novatel_oem7_msgs.msg.SolutionStatus(status=0),novatel_oem7_msgs.msg.PositionOrVelocityType(type=53)
1786043742030403152,1786043742.028216437,/novatel/oem7/inspva,/novatel/oem7/inspva,/novatel/oem7/inspva,39.663,-75.756,-1.801355027,0.004469902,0.000041634,-0.003218885,-0.003101419,0.000041634,,novatel_oem7_msgs.msg.InertialSolutionStatus(status=3),
1786043742031375685,1786043742.028484183,/novatel/oem7/fix,/novatel/oem7/fix,/novatel/oem7/inspva,39.663,-75.756,-1.801355027,0.004469902,0.000041634,-0.003218885,-0.003101419,0.000041634,,0,
1786043742032451095,1786043742.028790751,/novatel/oem7/odom,/novatel/oem7/fix,/novatel/oem7/odom,39.663,-75.756,-1.801355027,0.004470043,0.000021755,-0.003260710,-0.003057622,0.000021755,,,
1786043742035456249,1786043742.034598811,/novatel/oem7/odom,/novatel/oem7/fix,/novatel/oem7/odom,39.663,-75.756,-1.801355027,0.004470043,0.000021755,-0.003260710,-0.003057622,0.000021755,,,
1786043742047479719,1786043742.046683355,/novatel/oem7/inspva,/novatel/oem7/inspva,/novatel/oem7/inspva,39.663,-75.756,-1.801347816,0.005004087,0.001333387,-0.001496319,-0.004775136,0.001333387,,novatel_oem7_msgs.msg.InertialSolutionStatus(status=3),
1786043742048932854,1786043742.046905054,/novatel/oem7/fix,/novatel/oem7/fix,/novatel/oem7/inspva,39.663,-75.756,-1.801347816,0.005004087,0.001333387,-0.001496319,-0.004775136,0.001333387,,0,
1786043742050018141,1786043742.047355498,/novatel/oem7/odom,/novatel/oem7/fix,/novatel/oem7/odom,39.663,-75.756,-1.801347816,0.005009742,0.001311983,-0.004849796,-0.001255783,0.001311983,,,
1786043742057327818,1786043742.056620851,/novatel/oem7/odom,/novatel/oem7/fix,/novatel/oem7/odom,39.663,-75.756,-1.801347816,0.005009742,0.001311983,-0.004849796,-0.001255783,0.001311983,,,
1786043742065913090,1786043742.065143012,/novatel/oem7/inspva,/novatel/oem7/inspva,/novatel/oem7/inspva,39.663,-75.756,-1.801342607,0.005041404,-0.000020051,-0.001362795,-0.004853714,-0.000020051,,novatel_oem7_msgs.msg.InertialSolutionStatus(status=3),
1786043742067281683,1786043742.065353888,/novatel/oem7/fix,/novatel/oem7/fix,/novatel/oem7/inspva,39.663,-75.756,-1.801342607,0.005041404,-0.000020051,-0.001362795,-0.004853714,-0.000020051,,0,
1786043742068346328,1786043742.065913314,/novatel/oem7/odom,/novatel/oem7/fix,/novatel/oem7/odom,39.663,-75.756,-1.801342607,0.005041276,-0.000041158,-0.004916428,-0.001114988,-0.000041158,,,
1786043742076443295,1786043742.075756492,/novatel/oem7/odom,/novatel/oem7/fix,/novatel/oem7/odom,39.663,-75.756,-1.801342607,0.005041276,-0.000041158,-0.004916428,-0.001114988,-0.000041158,,,
1786043742086569676,1786043742.085887883,/novatel/oem7/inspva,/novatel/oem7/inspva,/novatel/oem7/inspva,39.663,-75.756,-1.801333572,0.004775176,-0.000733817,-0.003370571,-0.003382537,-0.000733817,,novatel_oem7_msgs.msg.InertialSolutionStatus(status=3),
1786043742087984044,1786043742.086087295,/novatel/oem7/fix,/novatel/oem7/fix,/novatel/oem7/inspva,39.663,-75.756,-1.801333572,0.004775176,-0.000733817,-0.003370571,-0.003382537,-0.000733817,,0,
1786043742089002104,1786043742.086637556,/novatel/oem7/odom,/novatel/oem7/fix,/novatel/oem7/odom,39.663,-75.756,-1.801333572,0.004771850,-0.000755142,-0.003546241,-0.003192918,-0.000755142,,,
1786043742095451385,1786043742.094676064,/novatel/oem7/odom,/novatel/oem7/fix,/novatel/oem7/odom,39.663,-75.756,-1.801333572,0.004771850,-0.000755142,-0.003546241,-0.003192918,-0.000755142,,,
1786043742106717371,1786043742.105957497,/novatel/oem7/inspva,/novatel/oem7/inspva,/novatel/oem7/inspva,39.663,-75.756,-1.801313790,0.004975538,-0.000118721,-0.003348263,-0.003680369,-0.000118721,,novatel_oem7_msgs.msg.InertialSolutionStatus(status=3),
1786043742108046095,1786043742.106159419,/novatel/oem7/fix,/novatel/oem7/fix,/novatel/oem7/inspva,39.663,-75.756,-1.801313790,0.004975538,-0.000118721,-0.003348263,-0.003680369,-0.000118721,,0,
1786043742109416514,1786043742.106645937,/novatel/oem7/odom,/novatel/oem7/fix,/novatel/oem7/odom,39.663,-75.756,-1.801313790,0.004974951,-0.000141194,-0.003844845,-0.003157104,-0.000141194,,,
1786043742110953990,1786043742.109174802,/novatel/oem7/bestpos,/novatel/oem7/bestpos,/novatel/oem7/odom,39.663,-75.756,33.181056465,0.004974951,-0.000141194,-0.003844845,-0.003157104,-0.000141194,,novatel_oem7_msgs.msg.SolutionStatus(status=0),novatel_oem7_msgs.msg.PositionOrVelocityType(type=53)
1786043742111931583,1786043742.109531149,/novatel/oem7/bestvel,/novatel/oem7/bestpos,/novatel/oem7/bestvel,39.663,-75.756,33.181056465,0.005369899,0.000069312,,,,236.406117351,novatel_oem7_msgs.msg.SolutionStatus(status=0),novatel_oem7_msgs.msg.PositionOrVelocityType(type=53)
1786043742115335577,1786043742.114711884,/novatel/oem7/odom,/novatel/oem7/bestpos,/novatel/oem7/odom,39.663,-75.756,33.181056465,0.004974951,-0.000141194,-0.003844845,-0.003157104,-0.000141194,,,
1786043742125988037,1786043742.125316250,/novatel/oem7/inspva,/novatel/oem7/inspva,/novatel/oem7/inspva,39.663,-75.756,-1.801296268,0.004463030,0.001043656,-0.002495148,-0.003700389,0.001043656,,novatel_oem7_msgs.msg.InertialSolutionStatus(status=3),
1786043742127455658,1786043742.125543153,/novatel/oem7/fix,/novatel/oem7/fix,/novatel/oem7/inspva,39.663,-75.756,-1.801296268,0.004463030,0.001043656,-0.002495148,-0.003700389,0.001043656,,0,
1786043742128505145,1786043742.126158999,/novatel/oem7/odom,/novatel/oem7/fix,/novatel/oem7/odom,39.663,-75.756,-1.801296268,0.004467706,0.001023457,-0.003825950,-0.002307054,0.001023457,,,
1786043742136181056,1786043742.135549048,/novatel/oem7/odom,/novatel/oem7/fix,/novatel/oem7/odom,39.663,-75.756,-1.801296268,0.004467706,0.001023457,-0.003825950,-0.002307054,0.001023457,,,
1786043742145944866,1786043742.145206579,/novatel/oem7/inspva,/novatel/oem7/inspva,/novatel/oem7/inspva,39.663,-75.756,-1.801289747,0.004739958,0.000751249,-0.002143492,-0.004227605,0.000751249,,novatel_oem7_msgs.msg.InertialSolutionStatus(status=3),
1786043742147287427,1786043742.145415521,/novatel/oem7/fix,/novatel/oem7/fix,/novatel/oem7/inspva,39.663,-75.756,-1.801289747,0.004739958,0.000751249,-0.002143492,-0.004227605,0.000751249,,0,
1786043742148344007,1786043742.145856169,/novatel/oem7/odom,/novatel/oem7/fix,/novatel/oem7/odom,39.663,-75.756,-1.801289747,0.004743277,0.000729997,-0.004333585,-0.001928398,0.000729997,,,
1786043742156309647,1786043742.155657349,/novatel/oem7/odom,/novatel/oem7/fix,/novatel/oem7/odom,39.663,-75.756,-1.801289747,0.004743277,0.000729997,-0.004333585,-0.001928398,0.000729997,,,
1786043742167218959,1786043742.166561849,/novatel/oem7/inspva,/novatel/oem7/inspva,/novatel/oem7/inspva,39.663,-75.756,-1.801301547,0.005216508,-0.002036836,-0.002923096,-0.004320586,-0.002036836,,novatel_oem7_msgs.msg.InertialSolutionStatus(status=3),
1786043742168682177,1786043742.166752737,/novatel/oem7/fix,/novatel/oem7/fix,/novatel/oem7/inspva,39.663,-75.756,-1.801301547,0.005216508,-0.002036836,-0.002923096,-0.004320586,-0.002036836,,0,
1786043742169771168,1786043742.167447511,/novatel/oem7/odom,/novatel/oem7/fix,/novatel/oem7/odom,39.663,-75.756,-1.801301547,0.005207284,-0.002060304,-0.004455576,-0.002695115,-0.002060304,,,
1786043742175517752,1786043742.174783211,/novatel/oem7/odom,/novatel/oem7/fix,/novatel/oem7/odom,39.663,-75.756,-1.801301547,0.005207284,-0.002060304,-0.004455576,-0.002695115,-0.002060304,,,
1786043742185582029,1786043742.184967803,/novatel/oem7/inspva,/novatel/oem7/inspva,/novatel/oem7/inspva,39.663,-75.756,-1.801285533,0.004827345,-0.001029798,-0.003288342,-0.003534129,-0.001029798,,novatel_oem7_msgs.msg.InertialSolutionStatus(status=3),
1786043742186969649,1786043742.185122591,/novatel/oem7/fix,/novatel/oem7/fix,/novatel/oem7/inspva,39.663,-75.756,-1.801285533,0.004827345,-0.001029798,-0.003288342,-0.003534129,-0.001029798,,0,
1786043742188019140,1786043742.185514322,/novatel/oem7/odom,/novatel/oem7/fix,/novatel/oem7/odom,39.663,-75.756,-1.801285533,0.004822661,-0.001051513,-0.003692389,-0.003102310,-0.001051513,,,
1786043742196140985,1786043742.195438404,/novatel/oem7/odom,/novatel/oem7/fix,/novatel/oem7/odom,39.663,-75.756,-1.801285533,0.004822661,-0.001051513,-0.003692389,-0.003102310,-0.001051513,,,
1786043742206974303,1786043742.206397584,/novatel/oem7/inspva,/novatel/oem7/inspva,/novatel/oem7/inspva,39.663,-75.756,-1.801266966,0.004610377,0.001015709,-0.002779083,-0.003678624,0.001015709,,novatel_oem7_msgs.msg.InertialSolutionStatus(status=3),
1786043742208355180,1786043742.206549165,/novatel/oem7/fix,/novatel/oem7/fix,/novatel/oem7/inspva,39.663,-75.756,-1.801266966,0.004610377,0.001015709,-0.002779083,-0.003678624,0.001015709,,0,
1786043742209401600,1786043742.207058404,/novatel/oem7/odom,/novatel/oem7/fix,/novatel/oem7/odom,39.663,-75.756,-1.801266966,0.004614959,0.000994684,-0.003818511,-0.002591683,0.000994684,,,
1786043742210966329,1786043742.209974783,/novatel/oem7/bestpos,/novatel/oem7/bestpos,/novatel/oem7/odom,39.663,-75.756,33.181095732,0.004614959,0.000994684,-0.003818511,-0.002591683,0.000994684,,novatel_oem7_msgs.msg.SolutionStatus(status=0),novatel_oem7_msgs.msg.PositionOrVelocityType(type=53)
1786043742212506115,1786043742.210459231,/novatel/oem7/bestvel,/novatel/oem7/bestpos,/novatel/oem7/bestvel,39.663,-75.756,33.181095732,0.003734971,0.000398783,,,,225.988430380,novatel_oem7_msgs.msg.SolutionStatus(status=0),novatel_oem7_msgs.msg.PositionOrVelocityType(type=53)
1786043742215573909,1786043742.214867285,/novatel/oem7/odom,/novatel/oem7/bestpos,/novatel/oem7/odom,39.663,-75.756,33.181095732,0.004614959,0.000994684,-0.003818511,-0.002591683,0.000994684,,,
1786043742226694400,1786043742.226069620,/novatel/oem7/inspva,/novatel/oem7/inspva,/novatel/oem7/inspva,39.663,-75.756,-1.801261687,0.004627240,0.000965836,-0.002578970,-0.003841908,0.000965836,,novatel_oem7_msgs.msg.InertialSolutionStatus(status=3),
1786043742228085327,1786043742.226246439,/novatel/oem7/fix,/novatel/oem7/fix,/novatel/oem7/inspva,39.663,-75.756,-1.801261687,0.004627240,0.000965836,-0.002578970,-0.003841908,0.000965836,,0,
1786043742229144218,1786043742.226691410,/novatel/oem7/odom,/novatel/oem7/fix,/novatel/oem7/odom,39.663,-75.756,-1.801261687,0.004631577,0.000944816,-0.003971236,-0.002383441,0.000944816,,,
1786043742235095290,1786043742.234382360,/novatel/oem7/odom,/novatel/oem7/fix,/novatel/oem7/odom,39.663,-75.756,-1.801261687,0.004631577,0.000944816,-0.003971236,-0.002383441,0.000944816,,,
1786043742245820904,1786043742.245219848,/novatel/oem7/inspva,/novatel/oem7/inspva,/novatel/oem7/inspva,39.663,-75.756,-1.801272345,0.005092394,-0.001464589,-0.002306538,-0.004540084,-0.001464589,,novatel_oem7_msgs.msg.InertialSolutionStatus(status=3),
1786043742247236879,1786043742.245366980,/novatel/oem7/fix,/novatel/oem7/fix,/novatel/oem7/inspva,39.663,-75.756,-1.801272345,0.005092394,-0.001464589,-0.002306538,-0.004540084,-0.001464589,,0,
1786043742248324786,1786043742.245961996,/novatel/oem7/odom,/novatel/oem7/fix,/novatel/oem7/odom,39.663,-75.756,-1.801272345,0.005085835,-0.001487207,-0.004645617,-0.002069771,-0.001487207,,,
1786043742257051340,1786043742.256291072,/novatel/oem7/odom,/novatel/oem7/fix,/novatel/oem7/odom,39.663,-75.756,-1.801272345,0.005085835,-0.001487207,-0.004645617,-0.002069771,-0.001487207,,,
1786043742265659249,1786043742.265038413,/novatel/oem7/inspva,/novatel/oem7/inspva,/novatel/oem7/inspva,39.663,-75.756,-1.801249463,0.005514781,-0.000932325,-0.003257982,-0.004449535,-0.000932325,,novatel_oem7_msgs.msg.InertialSolutionStatus(status=3),
1786043742267082294,1786043742.265202438,/novatel/oem7/fix,/novatel/oem7/fix,/novatel/oem7/inspva,39.663,-75.756,-1.801249463,0.005514781,-0.000932325,-0.003257982,-0.004449535,-0.000932325,,0,
1786043742268173485,1786043742.265646289,/novatel/oem7/odom,/novatel/oem7/fix,/novatel/oem7/odom,39.663,-75.756,-1.801249463,0.005510521,-0.000957187,-0.004605412,-0.003025891,-0.000957187,,,
1786043742275052677,1786043742.274327689,/novatel/oem7/odom,/novatel/oem7/fix,/novatel/oem7/odom,39.663,-75.756,-1.801249463,0.005510521,-0.000957187,-0.004605412,-0.003025891,-0.000957187,,,
1786043742287235485,1786043742.286602122,/novatel/oem7/inspva,/novatel/oem7/inspva,/novatel/oem7/inspva,39.663,-75.756,-1.801216650,0.004861057,0.001549398,-0.003605096,-0.003260852,0.001549398,,novatel_oem7_msgs.msg.InertialSolutionStatus(status=3),
1786043742288595252,1786043742.286750166,/novatel/oem7/fix,/novatel/oem7/fix,/novatel/oem7/inspva,39.663,-75.756,-1.801216650,0.004861057,0.001549398,-0.003605096,-0.003260852,0.001549398,,0,
1786043742289647309,1786043742.287055313,/novatel/oem7/odom,/novatel/oem7/fix,/novatel/oem7/odom,39.663,-75.756,-1.801216650,0.004867948,0.001527609,-0.003445112,-0.003439203,0.001527609,,,
1786043742295549034,1786043742.294832737,/novatel/oem7/odom,/novatel/oem7/fix,/novatel/oem7/odom,39.663,-75.756,-1.801216650,0.004867948,0.001527609,-0.003445112,-0.003439203,0.001527609,,,
1786043742306707476,1786043742.306013006,/novatel/oem7/inspva,/novatel/oem7/inspva,/novatel/oem7/inspva,39.663,-75.756,-1.801200714,0.004756768,0.001404747,-0.003052499,-0.003648163,0.001404747,,novatel_oem7_msgs.msg.InertialSolutionStatus(status=3),
1786043742308025046,1786043742.306178201,/novatel/oem7/fix,/novatel/oem7/fix,/novatel/oem7/inspva,39.663,-75.756,-1.801200714,0.004756768,0.001404747,-0.003052499,-0.003648163,0.001404747,,0,
1786043742309068473,1786043742.306525520,/novatel/oem7/odom,/novatel/oem7/fix,/novatel/oem7/odom,39.663,-75.756,-1.801200714,0.004763118,0.001383064,-0.003803385,-0.002867325,0.001383064,,,
1786043742310684756,1786043742.309225355,/novatel/oem7/bestpos,/novatel/oem7/bestpos,/novatel/oem7/odom,39.663,-75.756,33.181167134,0.004763118,0.001383064,-0.003803385,-0.002867325,0.001383064,,novatel_oem7_msgs.msg.SolutionStatus(status=0),novatel_oem7_msgs.msg.PositionOrVelocityType(type=53)
1786043742311623979,1786043742.309840151,/novatel/oem7/bestvel,/novatel/oem7/bestpos,/novatel/oem7/bestvel,39.663,-75.756,33.181167134,0.003822146,0.000686362,,,,230.253015194,novatel_oem7_msgs.msg.SolutionStatus(status=0),novatel_oem7_msgs.msg.PositionOrVelocityType(type=53)
1786043742316073583,1786043742.315337826,/novatel/oem7/odom,/novatel/oem7/bestpos,/novatel/oem7/odom,39.663,-75.756,33.181167134,0.004763118,0.001383064,-0.003803385,-0.002867325,0.001383064,,,
1786043742326037069,1786043742.325449437,/novatel/oem7/inspva,/novatel/oem7/inspva,/novatel/oem7/inspva,39.663,-75.756,-1.801198487,0.005116983,-0.000514792,-0.001847036,-0.004771999,-0.000514792,,novatel_oem7_msgs.msg.InertialSolutionStatus(status=3),
1786043742327453307,1786043742.325605869,/novatel/oem7/fix,/novatel/oem7/fix,/novatel/oem7/inspva,39.663,-75.756,-1.801198487,0.005116983,-0.000514792,-0.001847036,-0.004771999,-0.000514792,,0,
1786043742328516551,1786043742.326153927,/novatel/oem7/odom,/novatel/oem7/fix,/novatel/oem7/odom,39.663,-75.756,-1.801198487,0.005114698,-0.000537014,-0.004857472,-0.001601594,-0.000537014,,,
1786043742335449977,1786043742.334736376,/novatel/oem7/odom,/novatel/oem7/fix,/novatel/oem7/odom,39.663,-75.756,-1.801198487,0.005114698,-0.000537014,-0.004857472,-0.001601594,-0.000537014,,,
1786043742346942298,1786043742.346251941,/novatel/oem7/inspva,/novatel/oem7/inspva,/novatel/oem7/inspva,39.663,-75.756,-1.801177662,0.005137423,-0.000810837,-0.002556950,-0.004455909,-0.000810837,,novatel_oem7_msgs.msg.InertialSolutionStatus(status=3),
1786043742348612298,1786043742.346510777,/novatel/oem7/fix,/novatel/oem7/fix,/novatel/oem7/inspva,39.663,-75.756,-1.801177662,0.005137423,-0.000810837,-0.002556950,-0.004455909,-0.000810837,,0,
1786043742349744983,1786043742.347237881,/novatel/oem7/odom,/novatel/oem7/fix,/novatel/oem7/odom,39.663,-75.756,-1.801177662,0.005114690,-0.000537096,-0.004857464,-0.001601591,-0.000537096,,,
1786043742356638905,1786043742.355971804,/novatel/oem7/odom,/novatel/oem7/fix,/novatel/oem7/odom,39.663,-75.756,-1.801177662,0.005133720,-0.000833962,-0.004576630,-0.002325841,-0.000833962,,,
1786043742366096216,1786043742.365430770,/novatel/oem7/inspva,/novatel/oem7/inspva,/novatel/oem7/inspva,39.663,-75.756,-1.801151606,0.005512925,0.000699106,-0.004086603,-0.003700272,0.000699106,,novatel_oem7_msgs.msg.InertialSolutionStatus(status=3),
1786043742367641399,1786043742.365624938,/novatel/oem7/fix,/novatel/oem7/fix,/novatel/oem7/inspva,39.663,-75.756,-1.801151606,0.005512925,0.000699106,-0.004086603,-0.003700272,0.000699106,,0,
1786043742368751580,1786043742.366437957,/novatel/oem7/odom,/novatel/oem7/fix,/novatel/oem7/odom,39.663,-75.756,-1.801151606,0.005516009,0.000674335,-0.003905105,-0.003895704,0.000674335,,,
1786043742376304815,1786043742.375617041,/novatel/oem7/odom,/novatel/oem7/fix,/novatel/oem7/odom,39.663,-75.756,-1.801151606,0.005516009,0.000674335,-0.003905105,-0.003895704,0.000674335,,,
1786043742386015428,1786043742.385277018,/novatel/oem7/inspva,/novatel/oem7/inspva,/novatel/oem7/inspva,39.663,-75.756,-1.801142649,0.004318698,0.000997114,-0.003259588,-0.002833061,0.000997114,,novatel_oem7_msgs.msg.InertialSolutionStatus(status=3),
1786043742387357552,1786043742.385502510,/novatel/oem7/fix,/novatel/oem7/fix,/novatel/oem7/inspva,39.663,-75.756,-1.801142649,0.004318698,0.000997114,-0.003259588,-0.002833061,0.000997114,,0,
1786043742388446510,1786043742.385946105,/novatel/oem7/odom,/novatel/oem7/fix,/novatel/oem7/odom,39.663,-75.756,-1.801142649,0.004323096,0.000977871,-0.002998183,-0.003114492,0.000977871,,,
1786043742394984988,1786043742.394332690,/novatel/oem7/odom,/novatel/oem7/fix,/novatel/oem7/odom,39.663,-75.756,-1.801142649,0.004323096,0.000977871,-0.002998183,-0.003114492,0.000977871,,,
1786043742406792583,1786043742.406124946,/novatel/oem7/inspva,/novatel/oem7/inspva,/novatel/oem7/inspva,39.663,-75.756,-1.801152742,0.005382948,-0.000721428,-0.001734978,-0.005095683,-0.000721428,,novatel_oem7_msgs.msg.InertialSolutionStatus(status=3),
1786043742408244487,1786043742.406334325,/novatel/oem7/fix,/novatel/oem7/fix,/novatel/oem7/inspva,39.663,-75.756,-1.801152742,0.005382948,-0.000721428,-0.001734978,-0.005095683,-0.000721428,,0,
1786043742409460823,1786043742.406917687,/novatel/oem7/odom,/novatel/oem7/fix,/novatel/oem7/odom,39.663,-75.756,-1.801152742,0.005379781,-0.000744676,-0.005174252,-0.001472809,-0.000744676,,,
1786043742410914147,1786043742.409976795,/novatel/oem7/bestpos,/novatel/oem7/bestpos,/novatel/oem7/odom,39.663,-75.756,33.181225892,0.005379781,-0.000744676,-0.005174252,-0.001472809,-0.000744676,,novatel_oem7_msgs.msg.SolutionStatus(status=0),novatel_oem7_msgs.msg.PositionOrVelocityType(type=53)
1786043742411846047,1786043742.410337608,/novatel/oem7/bestvel,/novatel/oem7/bestpos,/novatel/oem7/bestvel,39.663,-75.756,33.181225892,0.004464876,-0.001121527,,,,242.807922532,novatel_oem7_msgs.msg.SolutionStatus(status=0),novatel_oem7_msgs.msg.PositionOrVelocityType(type=53)
1786043742416249181,1786043742.415594548,/novatel/oem7/odom,/novatel/oem7/bestpos,/novatel/oem7/odom,39.663,-75.756,33.181225892,0.005379781,-0.000744676,-0.005174252,-0.001472809,-0.000744676,,,
1786043742425443402,1786043742.424917007,/novatel/oem7/inspva,/novatel/oem7/inspva,/novatel/oem7/inspva,39.663,-75.756,-1.801142620,0.005056543,-0.001435510,-0.001958040,-0.004662049,-0.001435510,,novatel_oem7_msgs.msg.InertialSolutionStatus(status=3),
1786043742426805410,1786043742.425088533,/novatel/oem7/fix,/novatel/oem7/fix,/novatel/oem7/inspva,39.663,-75.756,-1.801142620,0.005056543,-0.001435510,-0.001958040,-0.004662049,-0.001435510,,0,
1786043742427870717,1786043742.425500807,/novatel/oem7/odom,/novatel/oem7/fix,/novatel/oem7/odom,39.663,-75.756,-1.801142620,0.005050222,-0.001457592,-0.004749822,-0.001715788,-0.001457592,,,
1786043742436054665,1786043742.435359565,/novatel/oem7/odom,/novatel/oem7/fix,/novatel/oem7/odom,39.663,-75.756,-1.801142620,0.005050222,-0.001457592,-0.004749822,-0.001715788,-0.001457592,,,
1786043742447260347,1786043742.446712735,/novatel/oem7/inspva,/novatel/oem7/inspva,/novatel/oem7/inspva,39.663,-75.756,-1.801125294,0.005356156,0.000229303,-0.003705378,-0.003867632,0.000229303,,novatel_oem7_msgs.msg.InertialSolutionStatus(status=3),
1786043742448647948,1786043742.446897517,/novatel/oem7/fix,/novatel/oem7/fix,/novatel/oem7/inspva,39.663,-75.756,-1.801125294,0.005356156,0.000229303,-0.003705378,-0.003867632,0.000229303,,0,
1786043742449732569,1786043742.447280007,/novatel/oem7/odom,/novatel/oem7/fix,/novatel/oem7/odom,39.663,-75.756,-1.801125294,0.005357136,0.000205133,-0.004051097,-0.003505355,0.000205133,,,
1786043742456839976,1786043742.456142399,/novatel/oem7/odom,/novatel/oem7/fix,/novatel/oem7/odom,39.663,-75.756,-1.801125294,0.005357136,0.000205133,-0.004051097,-0.003505355,0.000205133,,,
1786043742466388360,1786043742.466015865,/novatel/oem7/inspva,/novatel/oem7/inspva,/novatel/oem7/inspva,39.663,-75.756,-1.801104003,0.004672975,0.001124404,-0.003099948,-0.003496716,0.001124404,,novatel_oem7_msgs.msg.InertialSolutionStatus(status=3),
1786043742467064863,1786043742.466184546,/novatel/oem7/fix,/novatel/oem7/fix,/novatel/oem7/inspva,39.663,-75.756,-1.801104003,0.004672975,0.001124404,-0.003099948,-0.003496716,0.001124404,,0,
1786043742467605599,1786043742.466536237,/novatel/oem7/odom,/novatel/oem7/fix,/novatel/oem7/odom,39.663,-75.756,-1.801104003,0.004678031,0.001103181,-0.003653359,-0.002921804,0.001103181,,,
1786043742475403712,1786043742.474770872,/novatel/oem7/odom,/novatel/oem7/fix,/novatel/oem7/odom,39.663,-75.756,-1.801104003,0.004678031,0.001103181,-0.003653359,-0.002921804,0.001103181,,,
1786043742485814869,1786043742.485310304,/novatel/oem7/inspva,/novatel/oem7/inspva,/novatel/oem7/inspva,39.663,-75.756,-1.801092414,0.005148619,0.001051358,-0.001802086,-0.004822941,0.001051358,,novatel_oem7_msgs.msg.InertialSolutionStatus(status=3),
1786043742487093682,1786043742.485481122,/novatel/oem7/fix,/novatel/oem7/fix,/novatel/oem7/inspva,39.663,-75.756,-1.801092414,0.005148619,0.001051358,-0.001802086,-0.004822941,0.001051358,,0,
1786043742488154849,1786043742.486066715,/novatel/oem7/odom,/novatel/oem7/fix,/novatel/oem7/odom,39.663,-75.756,-1.801092414,0.005153160,0.001028871,-0.004911931,-0.001558201,0.001028871,,,
1786043742496220787,1786043742.495583010,/novatel/oem7/odom,/novatel/oem7/fix,/novatel/oem7/odom,39.663,-75.756,-1.801092414,0.005153160,0.001028871,-0.004911931,-0.001558201,0.001028871,,,
1786043742506559383,1786043742.506050995,/novatel/oem7/inspva,/novatel/oem7/inspva,/novatel/oem7/inspva,39.663,-75.756,-1.801073366,0.005312751,-0.000246742,-0.001372383,-0.005132435,-0.000246742,,novatel_oem7_msgs.msg.InertialSolutionStatus(status=3),
1786043742507986944,1786043742.506204789,/novatel/oem7/fix,/novatel/oem7/fix,/novatel/oem7/inspva,39.663,-75.756,-1.801073366,0.005312751,-0.000246742,-0.001372383,-0.005132435,-0.000246742,,0,
1786043742509022428,1786043742.506607403,/novatel/oem7/odom,/novatel/oem7/fix,/novatel/oem7/odom,39.663,-75.756,-1.801073366,0.005311666,-0.000269092,-0.005194364,-0.001110125,-0.000269092,,,
1786043742512573040,1786043742.511991041,/novatel/oem7/bestpos,/novatel/oem7/bestpos,/novatel/oem7/odom,39.663,-75.756,33.181319343,0.005311666,-0.000269092,-0.005194364,-0.001110125,-0.000269092,,novatel_oem7_msgs.msg.SolutionStatus(status=0),novatel_oem7_msgs.msg.PositionOrVelocityType(type=53)
1786043742513956304,1786043742.512375978,/novatel/oem7/bestvel,/novatel/oem7/bestpos,/novatel/oem7/bestvel,39.663,-75.756,33.181319343,0.004725797,-0.000290085,,,,243.805373694,novatel_oem7_msgs.msg.SolutionStatus(status=0),novatel_oem7_msgs.msg.PositionOrVelocityType(type=53)
1786043742515513939,1786043742.514429595,/novatel/oem7/odom,/novatel/oem7/bestpos,/novatel/oem7/odom,39.663,-75.756,33.181319343,0.005311666,-0.000269092,-0.005194364,-0.001110125,-0.000269092,,,
1786043742527085605,1786043742.526580857,/novatel/oem7/inspva,/novatel/oem7/inspva,/novatel/oem7/inspva,39.663,-75.756,-1.801058825,0.005094915,-0.000476683,-0.003181255,-0.003979671,-0.000476683,,novatel_oem7_msgs.msg.InertialSolutionStatus(status=3),
1786043742528402951,1786043742.526740088,/novatel/oem7/fix,/novatel/oem7/fix,/novatel/oem7/inspva,39.663,-75.756,-1.801058825,0.005094915,-0.000476683,-0.003181255,-0.003979671,-0.000476683,,0,
1786043742529458325,1786043742.527166739,/novatel/oem7/odom,/novatel/oem7/fix,/novatel/oem7/odom,39.663,-75.756,-1.801058825,0.005092706,-0.000499730,-0.004133766,-0.002974498,-0.000499730,,,
1786043742535767839,1786043742.535090275,/novatel/oem7/odom,/novatel/oem7/fix,/novatel/oem7/odom,39.663,-75.756,-1.801058825,0.005092706,-0.000499730,-0.004133766,-0.002974498,-0.000499730,,,
1786043742545742608,1786043742.545063822,/novatel/oem7/inspva,/novatel/oem7/inspva,/novatel/oem7/inspva,39.663,-75.756,-1.801029661,0.004508530,0.000202371,-0.003357887,-0.003008562,0.000202371,,novatel_oem7_msgs.msg.InertialSolutionStatus(status=3),
1786043742547129575,1786043742.545278934,/novatel/oem7/fix,/novatel/oem7/fix,/novatel/oem7/inspva,39.663,-75.756,-1.801029661,0.004508530,0.000202371,-0.003357887,-0.003008562,0.000202371,,0,
1786043742548194676,1786043742.545739501,/novatel/oem7/odom,/novatel/oem7/fix,/novatel/oem7/odom,39.663,-75.756,-1.801029661,0.004509390,0.000182205,-0.003175396,-0.003201790,0.000182205,,,
1786043742556281804,1786043742.555611380,/novatel/oem7/odom,/novatel/oem7/fix,/novatel/oem7/odom,39.663,-75.756,-1.801029661,0.004509390,0.000182205,-0.003175396,-0.003201790,0.000182205,,,
1786043742567081688,1786043742.566552929,/novatel/oem7/inspva,/novatel/oem7/inspva,/novatel/oem7/inspva,39.663,-75.756,-1.801002925,0.004821154,0.001938590,-0.001570096,-0.004558324,0.001938590,,novatel_oem7_msgs.msg.InertialSolutionStatus(status=3),
1786043742568469499,1786043742.566740624,/novatel/oem7/fix,/novatel/oem7/fix,/novatel/oem7/inspva,39.663,-75.756,-1.801002925,0.004821154,0.001938590,-0.001570096,-0.004558324,0.001938590,,0,
1786043742569546306,1786043742.567055934,/novatel/oem7/odom,/novatel/oem7/fix,/novatel/oem7/odom,39.663,-75.756,-1.801002925,0.004829582,0.001917496,-0.004639310,-0.001342263,0.001917496,,,
1786043742575467065,1786043742.574651603,/novatel/oem7/odom,/novatel/oem7/fix,/novatel/oem7/odom,39.663,-75.756,-1.801002925,0.004829582,0.001917496,-0.004639310,-0.001342263,0.001917496,,,
1786043742585807702,1786043742.585041694,/novatel/oem7/inspva,/novatel/oem7/inspva,/novatel/oem7/inspva,39.663,-75.756,-1.800999894,0.004752346,0.000447040,-0.001155718,-0.004609676,0.000447040,,novatel_oem7_msgs.msg.InertialSolutionStatus(status=3),
1786043742587149972,1786043742.585248449,/novatel/oem7/fix,/novatel/oem7/fix,/novatel/oem7/inspva,39.663,-75.756,-1.800999894,0.004752346,0.000447040,-0.001155718,-0.004609676,0.000447040,,0,
1786043742588215316,1786043742.585733591,/novatel/oem7/odom,/novatel/oem7/fix,/novatel/oem7/odom,39.663,-75.756,-1.800999894,0.004754183,0.000427056,-0.004663919,-0.000922017,0.000427056,,,
1786043742595402258,1786043742.594622517,/novatel/oem7/odom,/novatel/oem7/fix,/novatel/oem7/odom,39.663,-75.756,-1.800999894,0.004754183,0.000427056,-0.004663919,-0.000922017,0.000427056,,,
1786043742606989357,1786043742.606385344,/novatel/oem7/inspva,/novatel/oem7/inspva,/novatel/oem7/inspva,39.663,-75.756,-1.801006521,0.004342866,-0.001771420,-0.002651282,-0.003439649,-0.001771420,,novatel_oem7_msgs.msg.InertialSolutionStatus(status=3),
1786043742608504552,1786043742.606588139,/novatel/oem7/fix,/novatel/oem7/fix,/novatel/oem7/inspva,39.663,-75.756,-1.801006521,0.004342866,-0.001771420,-0.002651282,-0.003439649,-0.001771420,,0,
1786043742609653593,1786043742.607085101,/novatel/oem7/odom,/novatel/oem7/fix,/novatel/oem7/odom,39.663,-75.756,-1.801006521,0.004334780,-0.001791114,-0.003562786,-0.002469185,-0.001791114,,,
1786043742611263146,1786043742.610205719,/novatel/oem7/bestpos,/novatel/oem7/bestpos,/novatel/oem7/odom,39.663,-75.756,33.181392247,0.004334780,-0.001791114,-0.003562786,-0.002469185,-0.001791114,,novatel_oem7_msgs.msg.SolutionStatus(status=0),novatel_oem7_msgs.msg.PositionOrVelocityType(type=53)
1786043742612294493,1786043742.610572399,/novatel/oem7/bestvel,/novatel/oem7/bestpos,/novatel/oem7/bestvel,39.663,-75.756,33.181392247,0.005080370,-0.001339139,,,,239.834655827,novatel_oem7_msgs.msg.SolutionStatus(status=0),novatel_oem7_msgs.msg.PositionOrVelocityType(type=53)
1786043742615563059,1786043742.614853645,/novatel/oem7/odom,/novatel/oem7/bestpos,/novatel/oem7/odom,39.663,-75.756,33.181392247,0.004334780,-0.001791114,-0.003562786,-0.002469185,-0.001791114,,,
1786043742626566132,1786043742.625958650,/novatel/oem7/inspva,/novatel/oem7/inspva,/novatel/oem7/inspva,39.663,-75.756,-1.800980825,0.004564347,-0.000772011,-0.003044834,-0.003400330,-0.000772011,,novatel_oem7_msgs.msg.InertialSolutionStatus(status=3),
1786043742627984400,1786043742.626128748,/novatel/oem7/fix,/novatel/oem7/fix,/novatel/oem7/inspva,39.663,-75.756,-1.800980825,0.004564347,-0.000772011,-0.003044834,-0.003400330,-0.000772011,,0,
1786043742629134565,1786043742.626505652,/novatel/oem7/odom,/novatel/oem7/fix,/novatel/oem7/odom,39.663,-75.756,-1.800980825,0.004560797,-0.000792709,-0.003547160,-0.002866798,-0.000792709,,,
1786043742634995093,1786043742.634306889,/novatel/oem7/odom,/novatel/oem7/fix,/novatel/oem7/odom,39.663,-75.756,-1.800980825,0.004560797,-0.000792709,-0.003547160,-0.002866798,-0.000792709,,,
1786043742645827722,1786043742.645181385,/novatel/oem7/inspva,/novatel/oem7/inspva,/novatel/oem7/inspva,39.663,-75.756,-1.800953617,0.004016773,0.001639812,-0.002537499,-0.003113771,0.001639812,,novatel_oem7_msgs.msg.InertialSolutionStatus(status=3),
1786043742647273269,1786043742.645395177,/novatel/oem7/fix,/novatel/oem7/fix,/novatel/oem7/inspva,39.663,-75.756,-1.800953617,0.004016773,0.001639812,-0.002537499,-0.003113771,0.001639812,,0,
1786043742648456205,1786043742.645749804,/novatel/oem7/odom,/novatel/oem7/fix,/novatel/oem7/odom,39.663,-75.756,-1.800953617,0.004024217,0.001621460,-0.003244395,-0.002380803,0.001621460,,,
1786043742657195908,1786043742.656504648,/novatel/oem7/odom,/novatel/oem7/fix,/novatel/oem7/odom,39.663,-75.756,-1.800953617,0.004024217,0.001621460,-0.003244395,-0.002380803,0.001621460,,,
1786043742665480701,1786043742.664916499,/novatel/oem7/inspva,/novatel/oem7/inspva,/novatel/oem7/inspva,39.663,-75.756,-1.800943586,0.004479132,0.001711702,-0.002346970,-0.003815017,0.001711702,,novatel_oem7_msgs.msg.InertialSolutionStatus(status=3),
1786043742667069791,1786043742.665101704,/novatel/oem7/fix,/novatel/oem7/fix,/novatel/oem7/inspva,39.663,-75.756,-1.800943586,0.004479132,0.001711702,-0.002346970,-0.003815017,0.001711702,,0,
1786043742668234032,1786043742.665561836,/novatel/oem7/odom,/novatel/oem7/fix,/novatel/oem7/odom,39.663,-75.756,-1.800943586,0.004486869,0.001691318,-0.003935357,-0.002155217,0.001691318,,,
1786043742675074424,1786043742.674380110,/novatel/oem7/odom,/novatel/oem7/fix,/novatel/oem7/odom,39.663,-75.756,-1.800943586,0.004486869,0.001691318,-0.003935357,-0.002155217,0.001691318,,,
1786043742687061947,1786043742.686488055,/novatel/oem7/inspva,/novatel/oem7/inspva,/novatel/oem7/inspva,39.663,-75.756,-1.800955946,0.004589962,-0.001848483,-0.001450792,-0.004354647,-0.001848483,,novatel_oem7_msgs.msg.InertialSolutionStatus(status=3),
1786043742688503005,1786043742.686659210,/novatel/oem7/fix,/novatel/oem7/fix,/novatel/oem7/inspva,39.663,-75.756,-1.800955946,0.004589962,-0.001848483,-0.001450792,-0.004354647,-0.001848483,,0,
1786043742689632059,1786043742.687090054,/novatel/oem7/odom,/novatel/oem7/fix,/novatel/oem7/odom,39.663,-75.756,-1.800955946,0.004581923,-0.001868321,-0.004415495,-0.001223691,-0.001868321,,,
1786043742695617696,1786043742.694914945,/novatel/oem7/odom,/novatel/oem7/fix,/novatel/oem7/odom,39.663,-75.756,-1.800955946,0.004581923,-0.001868321,-0.004415495,-0.001223691,-0.001868321,,,
1786043742706480808,1786043742.705872122,/novatel/oem7/inspva,/novatel/oem7/inspva,/novatel/oem7/inspva,39.663,-75.756,-1.800923403,0.004979662,-0.000988406,-0.002148346,-0.004492399,-0.000988406,,novatel_oem7_msgs.msg.InertialSolutionStatus(status=3),
1786043742707938159,1786043742.706045453,/novatel/oem7/fix,/novatel/oem7/fix,/novatel/oem7/inspva,39.663,-75.756,-1.800923403,0.004979662,-0.000988406,-0.002148346,-0.004492399,-0.000988406,,0,
1786043742709086021,1786043742.706627582,/novatel/oem7/odom,/novatel/oem7/fix,/novatel/oem7/odom,39.663,-75.756,-1.800923403,0.004975202,-0.001010620,-0.004591627,-0.001915619,-0.001010620,,,
1786043742710709727,1786043742.709179105,/novatel/oem7/bestpos,/novatel/oem7/bestpos,/novatel/oem7/odom,39.663,-75.756,33.181474380,0.004975202,-0.001010620,-0.004591627,-0.001915619,-0.001010620,,novatel_oem7_msgs.msg.SolutionStatus(status=0),novatel_oem7_msgs.msg.PositionOrVelocityType(type=53)
1786043742711689820,1786043742.709532778,/novatel/oem7/bestvel,/novatel/oem7/bestpos,/novatel/oem7/bestvel,39.663,-75.756,33.181474380,0.005892084,-0.000226003,,,,240.580654797,novatel_oem7_msgs.msg.SolutionStatus(status=0),novatel_oem7_msgs.msg.PositionOrVelocityType(type=53)
1786043742715279536,1786043742.714596349,/novatel/oem7/odom,/novatel/oem7/bestpos,/novatel/oem7/odom,39.663,-75.756,33.181474380,0.004975202,-0.001010620,-0.004591627,-0.001915619,-0.001010620,,,
1786043742725863871,1786043742.725291679,/novatel/oem7/inspva,/novatel/oem7/inspva,/novatel/oem7/inspva,39.663,-75.756,-1.800893313,0.004191754,0.001433798,-0.002866485,-0.003058442,0.001433798,,novatel_oem7_msgs.msg.InertialSolutionStatus(status=3),
1786043742727355569,1786043742.725464577,/novatel/oem7/fix,/novatel/oem7/fix,/novatel/oem7/inspva,39.663,-75.756,-1.800893313,0.004191754,0.001433798,-0.002866485,-0.003058442,0.001433798,,0,
1786043742728485947,1786043742.726043036,/novatel/oem7/odom,/novatel/oem7/fix,/novatel/oem7/odom,39.663,-75.756,-1.800893313,0.004198225,0.001414739,-0.003205020,-0.002711631,0.001414739,,,
1786043742735481594,1786043742.734752920,/novatel/oem7/odom,/novatel/oem7/fix,/novatel/oem7/odom,39.663,-75.756,-1.800893313,0.004198225,0.001414739,-0.003205020,-0.002711631,0.001414739,,,
1786043742746618972,1786043742.745989102,/novatel/oem7/inspva,/novatel/oem7/inspva,/novatel/oem7/inspva,39.663,-75.756,-1.800879764,0.004038185,0.001627938,-0.002890548,-0.002819870,0.001627938,,novatel_oem7_msgs.msg.InertialSolutionStatus(status=3),
1786043742748163687,1786043742.746199401,/novatel/oem7/fix,/novatel/oem7/fix,/novatel/oem7/inspva,39.663,-75.756,-1.800879764,0.004038185,0.001627938,-0.002890548,-0.002819870,0.001627938,,0,
1786043742749382789,1786043742.746709773,/novatel/oem7/odom,/novatel/oem7/fix,/novatel/oem7/odom,39.663,-75.756,-1.800879764,0.004045510,0.001609649,-0.002968691,-0.002748276,0.001609649,,,
1786043742756384429,1786043742.755715490,/novatel/oem7/odom,/novatel/oem7/fix,/novatel/oem7/odom,39.663,-75.756,-1.800879764,0.004045510,0.001609649,-0.002968691,-0.002748276,0.001609649,,,
1786043742765791557,1786043742.765182277,/novatel/oem7/inspva,/novatel/oem7/inspva,/novatel/oem7/inspva,39.663,-75.756,-1.800883232,0.004558280,-0.000631364,-0.001105747,-0.004422131,-0.000631364,,novatel_oem7_msgs.msg.InertialSolutionStatus(status=3),
1786043742767285498,1786043742.765376553,/novatel/oem7/fix,/novatel/oem7/fix,/novatel/oem7/inspva,39.663,-75.756,-1.800883232,0.004558280,-0.000631364,-0.001105747,-0.004422131,-0.000631364,,0,
1786043742768494657,1786043742.765813474,/novatel/oem7/odom,/novatel/oem7/fix,/novatel/oem7/odom,39.663,-75.756,-1.800883232,0.004555583,-0.000650538,-0.004470015,-0.000878811,-0.000650538,,,
1786043742776190547,1786043742.775511420,/novatel/oem7/odom,/novatel/oem7/fix,/novatel/oem7/odom,39.663,-75.756,-1.800883232,0.004555583,-0.000650538,-0.004470015,-0.000878811,-0.000650538,,,
1786043742785859144,1786043742.785246285,/novatel/oem7/inspva,/novatel/oem7/inspva,/novatel/oem7/inspva,39.663,-75.756,-1.800863567,0.005295257,-0.001263734,-0.001420171,-0.005101261,-0.001263734,,novatel_oem7_msgs.msg.InertialSolutionStatus(status=3),
1786043742787331019,1786043742.785465387,/novatel/oem7/fix,/novatel/oem7/fix,/novatel/oem7/inspva,39.663,-75.756,-1.800863567,0.005295257,-0.001263734,-0.001420171,-0.005101261,-0.001263734,,0,
1786043742788525161,1786043742.785864081,/novatel/oem7/odom,/novatel/oem7/fix,/novatel/oem7/odom,39.663,-75.756,-1.800863567,0.005289858,-0.001286148,-0.005161804,-0.001156885,-0.001286148,,,
1786043742795242205,1786043742.794474644,/novatel/oem7/odom,/novatel/oem7/fix,/novatel/oem7/odom,39.663,-75.756,-1.800863567,0.005289858,-0.001286148,-0.005161804,-0.001156885,-0.001286148,,,
1786043742807128453,1786043742.806511087,/novatel/oem7/inspva,/novatel/oem7/inspva,/novatel/oem7/inspva,39.663,-75.756,-1.800836810,0.004066173,0.000644834,-0.003131706,-0.002593488,0.000644834,,novatel_oem7_msgs.msg.InertialSolutionStatus(status=3),
1786043742808647425,1786043742.806690252,/novatel/oem7/fix,/novatel/oem7/fix,/novatel/oem7/inspva,39.663,-75.756,-1.800836810,0.004066173,0.000644834,-0.003131706,-0.002593488,0.000644834,,0,
1786043742809914674,1786043742.807196047,/novatel/oem7/odom,/novatel/oem7/fix,/novatel/oem7/odom,39.663,-75.756,-1.800836810,0.004069000,0.000626752,-0.002751070,-0.002998062,0.000626752,,,
1786043742811462040,1786043742.810491897,/novatel/oem7/bestpos,/novatel/oem7/bestpos,/novatel/oem7/odom,39.663,-75.756,33.181560060,0.004069000,0.000626752,-0.002751070,-0.002998062,0.000626752,,novatel_oem7_msgs.msg.SolutionStatus(status=0),novatel_oem7_msgs.msg.PositionOrVelocityType(type=53)
1786043742813029319,1786043742.811010582,/novatel/oem7/bestvel,/novatel/oem7/bestpos,/novatel/oem7/bestvel,39.663,-75.756,33.181560060,0.004466697,0.000881177,,,,233.488717753,novatel_oem7_msgs.msg.SolutionStatus(status=0),novatel_oem7_msgs.msg.PositionOrVelocityType(type=53)
1786043742815804457,1786043742.815097582,/novatel/oem7/odom,/novatel/oem7/bestpos,/novatel/oem7/odom,39.663,-75.756,33.181560060,0.004069000,0.000626752,-0.002751070,-0.002998062,0.000626752,,,
1786043742825847650,1786043742.825261978,/novatel/oem7/inspva,/novatel/oem7/inspva,/novatel/oem7/inspva,39.663,-75.756,-1.800821418,0.004090410,0.001450409,-0.002940271,-0.002843635,0.001450409,,novatel_oem7_msgs.msg.InertialSolutionStatus(status=3),
1786043742827347525,1786043742.825469013,/novatel/oem7/fix,/novatel/oem7/fix,/novatel/oem7/inspva,39.663,-75.756,-1.800821418,0.004090410,0.001450409,-0.002940271,-0.002843635,0.001450409,,0,
1786043742828496764,1786043742.825940141,/novatel/oem7/odom,/novatel/oem7/fix,/novatel/oem7/odom,39.663,-75.756,-1.800821418,0.004096947,0.001431838,-0.002994275,-0.002796300,0.001431838,,,
1786043742835543050,1786043742.834824400,/novatel/oem7/odom,/novatel/oem7/fix,/novatel/oem7/odom,39.663,-75.756,-1.800821418,0.004096947,0.001431838,-0.002994275,-0.002796300,0.001431838,,,
1786043742846800813,1786043742.845179947,/novatel/oem7/inspva,/novatel/oem7/inspva,/novatel/oem7/inspva,39.663,-75.756,-1.800824248,0.003954379,-0.000269715,-0.000832064,-0.003865848,-0.000269715,,novatel_oem7_msgs.msg.InertialSolutionStatus(status=3),
1786043742847870551,1786043742.845474547,/novatel/oem7/fix,/novatel/oem7/fix,/novatel/oem7/inspva,39.663,-75.756,-1.800824248,0.003954379,-0.000269715,-0.000832064,-0.003865848,-0.000269715,,0,
1786043742849562810,1786043742.846340095,/novatel/oem7/odom,/novatel/oem7/fix,/novatel/oem7/odom,39.663,-75.756,-1.800824248,0.004096939,0.001431863,-0.002994231,-0.002796334,0.001431863,,,
1786043742856904844,1786043742.856134140,/novatel/oem7/odom,/novatel/oem7/fix,/novatel/oem7/odom,39.663,-75.756,-1.800824248,0.003953227,-0.000286098,-0.003901953,-0.000634638,-0.000286098,,,
1786043742866657638,1786043742.866063489,/novatel/oem7/inspva,/novatel/oem7/inspva,/novatel/oem7/inspva,39.663,-75.756,-1.800807667,0.004606905,-0.000334868,-0.001309317,-0.004416929,-0.000334868,,novatel_oem7_msgs.msg.InertialSolutionStatus(status=3),
1786043742868185623,1786043742.866227107,/novatel/oem7/fix,/novatel/oem7/fix,/novatel/oem7/inspva,39.663,-75.756,-1.800807667,0.004606905,-0.000334868,-0.001309317,-0.004416929,-0.000334868,,0,
1786043742869412819,1786043742.866693359,/novatel/oem7/odom,/novatel/oem7/fix,/novatel/oem7/odom,39.663,-75.756,-1.800807667,0.004605431,-0.000354570,-0.004476230,-0.001083215,-0.000354570,,,
1786043742875299031,1786043742.874554637,/novatel/oem7/odom,/novatel/oem7/fix,/novatel/oem7/odom,39.663,-75.756,-1.800807667,0.004605431,-0.000354570,-0.004476230,-0.001083215,-0.000354570,,,
1786043742885708012,1786043742.885157963,/novatel/oem7/inspva,/novatel/oem7/inspva,/novatel/oem7/inspva,39.663,-75.756,-1.800790292,0.004669453,-0.000016256,-0.003283021,-0.003320478,-0.000016256,,novatel_oem7_msgs.msg.InertialSolutionStatus(status=3),
1786043742887139576,1786043742.885305938,/novatel/oem7/fix,/novatel/oem7/fix,/novatel/oem7/inspva,39.663,-75.756,-1.800790292,0.004669453,-0.000016256,-0.003283021,-0.003320478,-0.000016256,,0,
1786043742888348755,1786043742.885676748,/novatel/oem7/odom,/novatel/oem7/fix,/novatel/oem7/odom,39.663,-75.756,-1.800790292,0.004669333,-0.000037319,-0.003482259,-0.003110713,-0.000037319,,,
1786043742895961761,1786043742.895237311,/novatel/oem7/odom,/novatel/oem7/fix,/novatel/oem7/odom,39.663,-75.756,-1.800790292,0.004669333,-0.000037319,-0.003482259,-0.003110713,-0.000037319,,,
1786043742906145880,1786043742.905593054,/novatel/oem7/inspva,/novatel/oem7/inspva,/novatel/oem7/inspva,39.663,-75.756,-1.800763192,0.004085503,0.001068224,-0.003233413,-0.002497274,0.001068224,,novatel_oem7_msgs.msg.InertialSolutionStatus(status=3),
1786043742907756209,1786043742.905742762,/novatel/oem7/fix,/novatel/oem7/fix,/novatel/oem7/inspva,39.663,-75.756,-1.800763192,0.004085503,0.001068224,-0.003233413,-0.002497274,0.001068224,,0,
1786043742908995901,1786043742.906232484,/novatel/oem7/odom,/novatel/oem7/fix,/novatel/oem7/odom,39.663,-75.756,-1.800763192,0.004090187,0.001050147,-0.002661699,-0.003105638,0.001050147,,,
1786043742910918631,1786043742.910018105,/novatel/oem7/bestpos,/novatel/oem7/bestpos,/novatel/oem7/odom,39.663,-75.756,33.181631546,0.004090187,0.001050147,-0.002661699,-0.003105638,0.001050147,,novatel_oem7_msgs.msg.SolutionStatus(status=0),novatel_oem7_msgs.msg.PositionOrVelocityType(type=53)
1786043742911927921,1786043742.910232837,/novatel/oem7/bestvel,/novatel/oem7/bestpos,/novatel/oem7/bestvel,39.663,-75.756,33.181631546,0.004258375,0.001175698,,,,229.636545349,novatel_oem7_msgs.msg.SolutionStatus(status=0),novatel_oem7_msgs.msg.PositionOrVelocityType(type=53)
1786043742915179990,1786043742.914389612,/novatel/oem7/odom,/novatel/oem7/bestpos,/novatel/oem7/odom,39.663,-75.756,33.181631546,0.004090187,0.001050147,-0.002661699,-0.003105638,0.001050147,,,
1786043742927242387,1786043742.926603317,/novatel/oem7/inspva,/novatel/oem7/inspva,/novatel/oem7/inspva,39.663,-75.756,-1.800750257,0.004326712,0.000940979,-0.001603479,-0.004018619,0.000940979,,novatel_oem7_msgs.msg.InertialSolutionStatus(status=3),
1786043742928755672,1786043742.926779256,/novatel/oem7/fix,/novatel/oem7/fix,/novatel/oem7/inspva,39.663,-75.756,-1.800750257,0.004326712,0.000940979,-0.001603479,-0.004018619,0.000940979,,0,
1786043742930028481,1786043742.927237954,/novatel/oem7/odom,/novatel/oem7/fix,/novatel/oem7/odom,39.663,-75.756,-1.800750257,0.004330852,0.000921738,-0.004098174,-0.001400446,0.000921738,,,
1786043742935796899,1786043742.935056052,/novatel/oem7/odom,/novatel/oem7/fix,/novatel/oem7/odom,39.663,-75.756,-1.800750257,0.004330852,0.000921738,-0.004098174,-0.001400446,0.000921738,,,
1786043742945761976,1786043742.945131242,/novatel/oem7/inspva,/novatel/oem7/inspva,/novatel/oem7/inspva,39.663,-75.756,-1.800735842,0.004372964,0.000220289,-0.001348647,-0.004159804,0.000220289,,novatel_oem7_msgs.msg.InertialSolutionStatus(status=3),
1786043742947240240,1786043742.945317207,/novatel/oem7/fix,/novatel/oem7/fix,/novatel/oem7/inspva,39.663,-75.756,-1.800735842,0.004372964,0.000220289,-0.001348647,-0.004159804,0.000220289,,0,
1786043742948471749,1786043742.945778736,/novatel/oem7/odom,/novatel/oem7/fix,/novatel/oem7/odom,39.663,-75.756,-1.800735842,0.004373877,0.000201362,-0.004223520,-0.001136960,0.000201362,,,
1786043742956635104,1786043742.955905050,/novatel/oem7/odom,/novatel/oem7/fix,/novatel/oem7/odom,39.663,-75.756,-1.800735842,0.004373877,0.000201362,-0.004223520,-0.001136960,0.000201362,,,
1786043742965962227,1786043742.965359925,/novatel/oem7/inspva,/novatel/oem7/inspva,/novatel/oem7/inspva,39.663,-75.756,-1.800722858,0.004085601,-0.000222491,-0.002870638,-0.002907159,-0.000222491,,novatel_oem7_msgs.msg.InertialSolutionStatus(status=3),
1786043742967604174,1786043742.965561443,/novatel/oem7/fix,/novatel/oem7/fix,/novatel/oem7/inspva,39.663,-75.756,-1.800722858,0.004085601,-0.000222491,-0.002870638,-0.002907159,-0.000222491,,0,
1786043742968809462,1786043742.966121979,/novatel/oem7/odom,/novatel/oem7/fix,/novatel/oem7/odom,39.663,-75.756,-1.800722858,0.004084546,-0.000241083,-0.003047820,-0.002719248,-0.000241083,,,
1786043742975877223,1786043742.975157076,/novatel/oem7/odom,/novatel/oem7/fix,/novatel/oem7/odom,39.663,-75.756,-1.800722858,0.004084546,-0.000241083,-0.003047820,-0.002719248,-0.000241083,,,
1786043742986840852,1786043742.986207830,/novatel/oem7/inspva,/novatel/oem7/inspva,/novatel/oem7/inspva,39.663,-75.756,-1.800699402,0.004557029,0.000251256,-0.002938328,-0.003483208,0.000251256,,novatel_oem7_msgs.msg.InertialSolutionStatus(status=3),
1786043742988351391,1786043742.986397935,/novatel/oem7/fix,/novatel/oem7/fix,/novatel/oem7/inspva,39.663,-75.756,-1.800699402,0.004557029,0.000251256,-0.002938328,-0.003483208,0.000251256,,0,
1786043742989517753,1786043742.986880410,/novatel/oem7/odom,/novatel/oem7/fix,/novatel/oem7/odom,39.663,-75.756,-1.800699402,0.004558133,0.000230343,-0.003628306,-0.002758980,0.000230343,,,
1786043742995077551,1786043742.994335897,/novatel/oem7/odom,/novatel/oem7/fix,/novatel/oem7/odom,39.663,-75.756,-1.800699402,0.004558133,0.000230343,-0.003628306,-0.002758980,0.000230343,,,
1786043743010534849,1786043743.009964423,/novatel/oem7/inspva,/novatel/oem7/inspva,/novatel/oem7/inspva,39.663,-75.756,-1.800679549,0.004050593,0.001491915,-0.002019507,-0.003511253,0.001491915,,novatel_oem7_msgs.msg.InertialSolutionStatus(status=3),
1786043743011979587,1786043743.010136282,/novatel/oem7/fix,/novatel/oem7/fix,/novatel/oem7/inspva,39.663,-75.756,-1.800679549,0.004050593,0.001491915,-0.002019507,-0.003511253,0.001491915,,0,
1786043743013157075,1786043743.011320161,/novatel/oem7/odom,/novatel/oem7/fix,/novatel/oem7/odom,39.663,-75.756,-1.800679549,0.004057393,0.001473323,-0.003614561,-0.001843199,0.001473323,,,
1786043743017754125,1786043743.016963247,/novatel/oem7/odom,/novatel/oem7/fix,/novatel/oem7/odom,39.663,-75.756,-1.800679549,0.004057393,0.001473323,-0.003614561,-0.001843199,0.001473323,,,
1786043743026958303,1786043743.026321941,/novatel/oem7/bestpos,/novatel/oem7/bestpos,/novatel/oem7/odom,39.663,-75.756,33.181693039,0.004057393,0.001473323,-0.003614561,-0.001843199,0.001473323,,novatel_oem7_msgs.msg.SolutionStatus(status=0),novatel_oem7_msgs.msg.PositionOrVelocityType(type=53)
1786043743028608160,1786043743.026872639,/novatel/oem7/bestvel,/novatel/oem7/bestpos,/novatel/oem7/bestvel,39.663,-75.756,33.181693039,0.003055593,0.000840290,,,,232.554787305,novatel_oem7_msgs.msg.SolutionStatus(status=0),novatel_oem7_msgs.msg.PositionOrVelocityType(type=53)
1786043743029553496,1786043743.027308054,/novatel/oem7/inspva,/novatel/oem7/inspva,/novatel/oem7/inspva,39.663,-75.756,-1.800672635,0.003837590,0.000645319,-0.001601821,-0.003487300,0.000645319,,novatel_oem7_msgs.msg.InertialSolutionStatus(status=3),
1786043743030523756,1786043743.027491435,/novatel/oem7/fix,/novatel/oem7/fix,/novatel/oem7/inspva,39.663,-75.756,-1.800672635,0.003837590,0.000645319,-0.001601821,-0.003487300,0.000645319,,0,
1786043743031584136,1786043743.027854586,/novatel/oem7/odom,/novatel/oem7/fix,/novatel/oem7/odom,39.663,-75.756,-1.800672635,0.003840458,0.000628023,-0.003566288,-0.001425029,0.000628023,,,
1786043743035360631,1786043743.034625264,/novatel/oem7/odom,/novatel/oem7/fix,/novatel/oem7/odom,39.663,-75.756,-1.800672635,0.003840458,0.000628023,-0.003566288,-0.001425029,0.000628023,,,
1786043743047389001,1786043743.046720548,/novatel/oem7/inspva,/novatel/oem7/inspva,/novatel/oem7/inspva,39.663,-75.756,-1.800692609,0.004486493,-0.001036947,-0.002556754,-0.003686683,-0.001036947,,novatel_oem7_msgs.msg.InertialSolutionStatus(status=3),
1786043743048787965,1786043743.046872089,/novatel/oem7/fix,/novatel/oem7/fix,/novatel/oem7/inspva,39.663,-75.756,-1.800692609,0.004486493,-0.001036947,-0.002556754,-0.003686683,-0.001036947,,0,
1786043743050013010,1786043743.047336817,/novatel/oem7/odom,/novatel/oem7/fix,/novatel/oem7/odom,39.663,-75.756,-1.800692609,0.004481711,-0.001057425,-0.003807321,-0.002364326,-0.001057425,,,
1786043743057246883,1786043743.056510139,/novatel/oem7/odom,/novatel/oem7/fix,/novatel/oem7/odom,39.663,-75.756,-1.800692609,0.004481711,-0.001057425,-0.003807321,-0.002364326,-0.001057425,,,
1786043743065638233,1786043743.065028337,/novatel/oem7/inspva,/novatel/oem7/inspva,/novatel/oem7/inspva,39.663,-75.756,-1.800695673,0.003979735,-0.000207542,-0.002504282,-0.003093034,-0.000207542,,novatel_oem7_msgs.msg.InertialSolutionStatus(status=3),
1786043743067120538,1786043743.065201075,/novatel/oem7/fix,/novatel/oem7/fix,/novatel/oem7/inspva,39.663,-75.756,-1.800695673,0.003979735,-0.000207542,-0.002504282,-0.003093034,-0.000207542,,0,
1786043743068298673,1786043743.065678674,/novatel/oem7/odom,/novatel/oem7/fix,/novatel/oem7/odom,39.663,-75.756,-1.800695673,0.003978741,-0.000225795,-0.003214918,-0.002344074,-0.000225795,,,
1786043743076435605,1786043743.075707810,/novatel/oem7/odom,/novatel/oem7/fix,/novatel/oem7/odom,39.663,-75.756,-1.800695673,0.003978741,-0.000225795,-0.003214918,-0.002344074,-0.000225795,,,
1786043743085862471,1786043743.085510708,/novatel/oem7/inspva,/novatel/oem7/inspva,/novatel/oem7/inspva,39.663,-75.756,-1.800686073,0.004136780,0.002239878,-0.002540501,-0.003264782,0.002239878,,novatel_oem7_msgs.msg.InertialSolutionStatus(status=3),
1786043743086580754,1786043743.085671050,/novatel/oem7/fix,/novatel/oem7/fix,/novatel/oem7/inspva,39.663,-75.756,-1.800686073,0.004136780,0.002239878,-0.002540501,-0.003264782,0.002239878,,0,
1786043743087395862,1786043743.086527702,/novatel/oem7/odom,/novatel/oem7/fix,/novatel/oem7/odom,39.663,-75.756,-1.800686073,0.004147105,0.002220703,-0.003397597,-0.002377985,0.002220703,,,
1786043743095785505,1786043743.095330950,/novatel/oem7/odom,/novatel/oem7/fix,/novatel/oem7/odom,39.663,-75.756,-1.800686073,0.004147105,0.002220703,-0.003397597,-0.002377985,0.002220703,,,
1786043743106295162,1786043743.106000083,/novatel/oem7/inspva,/novatel/oem7/inspva,/novatel/oem7/inspva,39.663,-75.756,-1.800707664,0.003420118,0.001199932,-0.001527993,-0.003059811,0.001199932,,novatel_oem7_msgs.msg.InertialSolutionStatus(status=3),
1786043743106926979,1786043743.106148865,/novatel/oem7/fix,/novatel/oem7/fix,/novatel/oem7/inspva,39.663,-75.756,-1.800707664,0.003420118,0.001199932,-0.001527993,-0.003059811,0.001199932,,0,
1786043743107440204,1786043743.106585349,/novatel/oem7/odom,/novatel/oem7/fix,/novatel/oem7/odom,39.663,-75.756,-1.800707664,0.003425511,0.001184447,-0.003137695,-0.001374409,0.001184447,,,
1786043743109682742,1786043743.109247806,/novatel/oem7/bestpos,/novatel/oem7/bestpos,/novatel/oem7/odom,39.663,-75.756,33.181588055,0.003425511,0.001184447,-0.003137695,-0.001374409,0.001184447,,novatel_oem7_msgs.msg.SolutionStatus(status=0),novatel_oem7_msgs.msg.PositionOrVelocityType(type=53)
1786043743110387192,1786043743.109924509,/novatel/oem7/bestvel,/novatel/oem7/bestpos,/novatel/oem7/bestvel,39.663,-75.756,33.181588055,0.002720547,0.000649838,,,,246.627853701,novatel_oem7_msgs.msg.SolutionStatus(status=0),novatel_oem7_msgs.msg.PositionOrVelocityType(type=53)
1786043743115049610,1786043743.114672320,/novatel/oem7/odom,/novatel/oem7/bestpos,/novatel/oem7/odom,39.663,-75.756,33.181588055,0.003425511,0.001184447,-0.003137695,-0.001374409,0.001184447,,,
1786043743125640729,1786043743.125228405,/novatel/oem7/inspva,/novatel/oem7/inspva,/novatel/oem7/inspva,39.663,-75.756,-1.800730325,0.004350879,-0.001075948,-0.002616809,-0.003475983,-0.001075948,,novatel_oem7_msgs.msg.InertialSolutionStatus(status=3),
1786043743126306979,1786043743.125375967,/novatel/oem7/fix,/novatel/oem7/fix,/novatel/oem7/inspva,39.663,-75.756,-1.800730325,0.004350879,-0.001075948,-0.002616809,-0.003475983,-0.001075948,,0,
1786043743126818566,1786043743.125993427,/novatel/oem7/odom,/novatel/oem7/fix,/novatel/oem7/odom,39.663,-75.756,-1.800730325,0.004345907,-0.001095859,-0.003599784,-0.002434842,-0.001095859,,,
1786043743135955411,1786043743.135443384,/novatel/oem7/odom,/novatel/oem7/fix,/novatel/oem7/odom,39.663,-75.756,-1.800730325,0.004345907,-0.001095859,-0.003599784,-0.002434842,-0.001095859,,,
1786043743145516549,1786043743.144958833,/novatel/oem7/inspva,/novatel/oem7/inspva,/novatel/oem7/inspva,39.663,-75.756,-1.800723116,0.003719945,0.000085269,-0.002463003,-0.002787761,0.000085269,,novatel_oem7_msgs.msg.InertialSolutionStatus(status=3),
1786043743146178243,1786043743.145139314,/novatel/oem7/fix,/novatel/oem7/fix,/novatel/oem7/inspva,39.663,-75.756,-1.800723116,0.003719945,0.000085269,-0.002463003,-0.002787761,0.000085269,,0,
1786043743146687645,1786043743.145604213,/novatel/oem7/odom,/novatel/oem7/fix,/novatel/oem7/odom,39.663,-75.756,-1.800723116,0.003720297,0.000068228,-0.002909000,-0.002319122,0.000068228,,,
1786043743156246365,1786043743.155734490,/novatel/oem7/odom,/novatel/oem7/fix,/novatel/oem7/odom,39.663,-75.756,-1.800723116,0.003720297,0.000068228,-0.002909000,-0.002319122,0.000068228,,,
1786043743167006532,1786043743.166593519,/novatel/oem7/inspva,/novatel/oem7/inspva,/novatel/oem7/inspva,39.663,-75.756,-1.800708291,0.002952099,0.001989295,-0.002240580,-0.001922158,0.001989295,,novatel_oem7_msgs.msg.InertialSolutionStatus(status=3),
1786043743167746246,1786043743.166816221,/novatel/oem7/fix,/novatel/oem7/fix,/novatel/oem7/inspva,39.663,-75.756,-1.800708291,0.002952099,0.001989295,-0.002240580,-0.001922158,0.001989295,,0,
1786043743168283572,1786043743.167107988,/novatel/oem7/odom,/novatel/oem7/fix,/novatel/oem7/odom,39.663,-75.756,-1.800708291,0.002961063,0.001975927,-0.002040516,-0.002145738,0.001975927,,,
1786043743174974519,1786043743.174559452,/novatel/oem7/odom,/novatel/oem7/fix,/novatel/oem7/odom,39.663,-75.756,-1.800708291,0.002961063,0.001975927,-0.002040516,-0.002145738,0.001975927,,,
1786043743185481489,1786043743.184914246,/novatel/oem7/inspva,/novatel/oem7/inspva,/novatel/oem7/inspva,39.663,-75.756,-1.800718780,0.003038940,0.001126212,-0.001706278,-0.002514712,0.001126212,,novatel_oem7_msgs.msg.InertialSolutionStatus(status=3),
1786043743186131869,1786043743.185102034,/novatel/oem7/fix,/novatel/oem7/fix,/novatel/oem7/inspva,39.663,-75.756,-1.800718780,0.003038940,0.001126212,-0.001706278,-0.002514712,0.001126212,,0,
1786043743186636032,1786043743.185556908,/novatel/oem7/odom,/novatel/oem7/fix,/novatel/oem7/odom,39.663,-75.756,-1.800718780,0.003044108,0.001112169,-0.002602018,-0.001579903,0.001112169,,,
1786043743195904118,1786043743.195492614,/novatel/oem7/odom,/novatel/oem7/fix,/novatel/oem7/odom,39.663,-75.756,-1.800718780,0.003044108,0.001112169,-0.002602018,-0.001579903,0.001112169,,,
1786043743206744173,1786043743.206358756,/novatel/oem7/inspva,/novatel/oem7/inspva,/novatel/oem7/inspva,39.663,-75.756,-1.800735492,0.003900883,-0.000545402,-0.002135611,-0.003264360,-0.000545402,,novatel_oem7_msgs.msg.InertialSolutionStatus(status=3),
1786043743207452447,1786043743.206561368,/novatel/oem7/fix,/novatel/oem7/fix,/novatel/oem7/inspva,39.663,-75.756,-1.800735492,0.003900883,-0.000545402,-0.002135611,-0.003264360,-0.000545402,,0,
1786043743207951236,1786043743.207130841,/novatel/oem7/odom,/novatel/oem7/fix,/novatel/oem7/odom,39.663,-75.756,-1.800735492,0.003898352,-0.000563205,-0.003366049,-0.001966433,-0.000563205,,,
1786043743210275315,1786043743.209918562,/novatel/oem7/bestpos,/novatel/oem7/bestpos,/novatel/oem7/odom,39.663,-75.756,33.181584986,0.003898352,-0.000563205,-0.003366049,-0.001966433,-0.000563205,,novatel_oem7_msgs.msg.SolutionStatus(status=0),novatel_oem7_msgs.msg.PositionOrVelocityType(type=53)
1786043743210957211,1786043743.210329293,/novatel/oem7/bestvel,/novatel/oem7/bestpos,/novatel/oem7/bestvel,39.663,-75.756,33.181584986,0.005085080,0.000182679,,,,243.912357130,novatel_oem7_msgs.msg.SolutionStatus(status=0),novatel_oem7_msgs.msg.PositionOrVelocityType(type=53)
1786043743215581948,1786043743.215193454,/novatel/oem7/odom,/novatel/oem7/bestpos,/novatel/oem7/odom,39.663,-75.756,33.181584986,0.003898352,-0.000563205,-0.003366049,-0.001966433,-0.000563205,,,
1786043743226763975,1786043743.226291695,/novatel/oem7/inspva,/novatel/oem7/inspva,/novatel/oem7/inspva,39.663,-75.756,-1.800725407,0.003088080,0.000038803,-0.002154190,-0.002212624,0.000038803,,novatel_oem7_msgs.msg.InertialSolutionStatus(status=3),
1786043743228069496,1786043743.226498854,/novatel/oem7/fix,/novatel/oem7/fix,/novatel/oem7/inspva,39.663,-75.756,-1.800725407,0.003088080,0.000038803,-0.002154190,-0.002212624,0.000038803,,0,
1786043743228763450,1786043743.227065574,/novatel/oem7/odom,/novatel/oem7/fix,/novatel/oem7/odom,39.663,-75.756,-1.800725407,0.003088225,0.000024677,-0.002318831,-0.002039646,0.000024677,,,
1786043743234953148,1786043743.234591498,/novatel/oem7/odom,/novatel/oem7/fix,/novatel/oem7/odom,39.663,-75.756,-1.800725407,0.003088225,0.000024677,-0.002318831,-0.002039646,0.000024677,,,
1786043743245685643,1786043743.245372606,/novatel/oem7/inspva,/novatel/oem7/inspva,/novatel/oem7/inspva,39.663,-75.756,-1.800711329,0.003121166,0.001495141,-0.002263344,-0.002149175,0.001495141,,novatel_oem7_msgs.msg.InertialSolutionStatus(status=3),
1786043743246360599,1786043743.245544465,/novatel/oem7/fix,/novatel/oem7/fix,/novatel/oem7/inspva,39.663,-75.756,-1.800711329,0.003121166,0.001495141,-0.002263344,-0.002149175,0.001495141,,0,
1786043743247035235,1786043743.246231217,/novatel/oem7/odom,/novatel/oem7/fix,/novatel/oem7/odom,39.663,-75.756,-1.800711329,0.003127988,0.001480817,-0.002266560,-0.002155693,0.001480817,,,
1786043743257016484,1786043743.256581088,/novatel/oem7/odom,/novatel/oem7/fix,/novatel/oem7/odom,39.663,-75.756,-1.800711329,0.003127988,0.001480817,-0.002266560,-0.002155693,0.001480817,,,
1786043743265587943,1786043743.265230078,/novatel/oem7/inspva,/novatel/oem7/inspva,/novatel/oem7/inspva,39.663,-75.756,-1.800717161,0.001959507,0.001274862,-0.001661224,-0.001039231,0.001274862,,novatel_oem7_msgs.msg.InertialSolutionStatus(status=3),
1786043743266222318,1786043743.265376553,/novatel/oem7/fix,/novatel/oem7/fix,/novatel/oem7/inspva,39.663,-75.756,-1.800717161,0.001959507,0.001274862,-0.001661224,-0.001039231,0.001274862,,0,
1786043743266707121,1786043743.265794728,/novatel/oem7/odom,/novatel/oem7/fix,/novatel/oem7/odom,39.663,-75.756,-1.800717161,0.001965010,0.001266363,-0.001126663,-0.001609936,0.001266363,,,
1786043743274829163,1786043743.274437903,/novatel/oem7/odom,/novatel/oem7/fix,/novatel/oem7/odom,39.663,-75.756,-1.800717161,0.001965010,0.001266363,-0.001126663,-0.001609936,0.001266363,,,
1786043743287227142,1786043743.286693749,/novatel/oem7/inspva,/novatel/oem7/inspva,/novatel/oem7/inspva,39.663,-75.756,-1.800733300,0.002981237,-0.000583422,-0.001042628,-0.002792974,-0.000583422,,novatel_oem7_msgs.msg.InertialSolutionStatus(status=3),
1786043743287844751,1786043743.286834101,/novatel/oem7/fix,/novatel/oem7/fix,/novatel/oem7/inspva,39.663,-75.756,-1.800733300,0.002981237,-0.000583422,-0.001042628,-0.002792974,-0.000583422,,0,
1786043743288327168,1786043743.287361319,/novatel/oem7/odom,/novatel/oem7/fix,/novatel/oem7/odom,39.663,-75.756,-1.800733300,0.002978616,-0.000596662,-0.002839836,-0.000898601,-0.000596662,,,
1786043743295513040,1786043743.295143080,/novatel/oem7/odom,/novatel/oem7/fix,/novatel/oem7/odom,39.663,-75.756,-1.800733300,0.002978616,-0.000596662,-0.002839836,-0.000898601,-0.000596662,,,
1786043743306177380,1786043743.305888235,/novatel/oem7/inspva,/novatel/oem7/inspva,/novatel/oem7/inspva,39.663,-75.756,-1.800729360,0.003639364,-0.000574109,-0.001345487,-0.003381514,-0.000574109,,novatel_oem7_msgs.msg.InertialSolutionStatus(status=3),
1786043743306792420,1786043743.306055949,/novatel/oem7/fix,/novatel/oem7/fix,/novatel/oem7/inspva,39.663,-75.756,-1.800729360,0.003639364,-0.000574109,-0.001345487,-0.003381514,-0.000574109,,0,
1786043743307313098,1786043743.306542828,/novatel/oem7/odom,/novatel/oem7/fix,/novatel/oem7/odom,39.663,-75.756,-1.800729360,0.003636784,-0.000590231,-0.003442991,-0.001171329,-0.000590231,,,
1786043743309725696,1786043743.309172754,/novatel/oem7/bestpos,/novatel/oem7/bestpos,/novatel/oem7/odom,39.663,-75.756,33.181583351,0.003636784,-0.000590231,-0.003442991,-0.001171329,-0.000590231,,novatel_oem7_msgs.msg.SolutionStatus(status=0),novatel_oem7_msgs.msg.PositionOrVelocityType(type=53)
1786043743310393250,1786043743.309573335,/novatel/oem7/bestvel,/novatel/oem7/bestpos,/novatel/oem7/bestvel,39.663,-75.756,33.181583351,0.005444285,0.000590604,,,,250.764582426,novatel_oem7_msgs.msg.SolutionStatus(status=0),novatel_oem7_msgs.msg.PositionOrVelocityType(type=53)
1786043743315801119,1786043743.315464420,/novatel/oem7/odom,/novatel/oem7/bestpos,/novatel/oem7/odom,39.663,-75.756,33.181583351,0.003636784,-0.000590231,-0.003442991,-0.001171329,-0.000590231,,,
1786043743325806755,1786043743.325391043,/novatel/oem7/inspva,/novatel/oem7/inspva,/novatel/oem7/inspva,39.663,-75.756,-1.800701432,0.002434542,0.002305148,-0.001949454,-0.001458295,0.002305148,,novatel_oem7_msgs.msg.InertialSolutionStatus(status=3),
1786043743326403855,1786043743.325567808,/novatel/oem7/fix,/novatel/oem7/fix,/novatel/oem7/inspva,39.663,-75.756,-1.800701432,0.002434542,0.002305148,-0.001949454,-0.001458295,0.002305148,,0,
1786043743327096728,1786043743.326296435,/novatel/oem7/odom,/novatel/oem7/fix,/novatel/oem7/odom,39.663,-75.756,-1.800701432,0.002444820,0.002294244,-0.001563755,-0.001879313,0.002294244,,,
1786043743335141207,1786043743.334797754,/novatel/oem7/odom,/novatel/oem7/fix,/novatel/oem7/odom,39.663,-75.756,-1.800701432,0.002444820,0.002294244,-0.001563755,-0.001879313,0.002294244,,,
1786043743346390523,1786043743.346099550,/novatel/oem7/inspva,/novatel/oem7/inspva,/novatel/oem7/inspva,39.663,-75.756,-1.800705519,0.002451280,0.001586939,-0.001830584,-0.001630257,0.001586939,,novatel_oem7_msgs.msg.InertialSolutionStatus(status=3),
1786043743347003263,1786043743.346254271,/novatel/oem7/fix,/novatel/oem7/fix,/novatel/oem7/inspva,39.663,-75.756,-1.800705519,0.002451280,0.001586939,-0.001830584,-0.001630257,0.001586939,,0,
1786043743347524253,1786043743.346712833,/novatel/oem7/odom,/novatel/oem7/fix,/novatel/oem7/odom,39.663,-75.756,-1.800705519,0.002458525,0.001575691,-0.001726780,-0.001750022,0.001575691,,,
1786043743357415268,1786043743.355841317,/novatel/oem7/odom,/novatel/oem7/fix,/novatel/oem7/odom,39.663,-75.756,-1.800705519,0.002458525,0.001575691,-0.001726780,-0.001750022,0.001575691,,,
1786043743365792843,1786043743.365161930,/novatel/oem7/inspva,/novatel/oem7/inspva,/novatel/oem7/inspva,39.663,-75.756,-1.800719947,0.002400875,-0.000248119,-0.000464570,-0.002355499,-0.000248119,,novatel_oem7_msgs.msg.InertialSolutionStatus(status=3),
1786043743367195241,1786043743.365328112,/novatel/oem7/fix,/novatel/oem7/fix,/novatel/oem7/inspva,39.663,-75.756,-1.800719947,0.002400875,-0.000248119,-0.000464570,-0.002355499,-0.000248119,,0,
1786043743368293351,1786043743.365934602,/novatel/oem7/odom,/novatel/oem7/fix,/novatel/oem7/odom,39.663,-75.756,-1.800719947,0.002399823,-0.000258088,-0.002374996,-0.000344307,-0.000258088,,,
1786043743376228571,1786043743.375554344,/novatel/oem7/odom,/novatel/oem7/fix,/novatel/oem7/odom,39.663,-75.756,-1.800719947,0.002399823,-0.000258088,-0.002374996,-0.000344307,-0.000258088,,,
1786043743385787603,1786043743.385241004,/novatel/oem7/inspva,/novatel/oem7/inspva,/novatel/oem7/inspva,39.663,-75.756,-1.800717607,0.002680929,-0.000283183,-0.001037541,-0.002472021,-0.000283183,,novatel_oem7_msgs.msg.InertialSolutionStatus(status=3),
1786043743387252734,1786043743.385391519,/novatel/oem7/fix,/novatel/oem7/fix,/novatel/oem7/inspva,39.663,-75.756,-1.800717607,0.002680929,-0.000283183,-0.001037541,-0.002472021,-0.000283183,,0,
1786043743388355549,1786043743.385859783,/novatel/oem7/odom,/novatel/oem7/fix,/novatel/oem7/odom,39.663,-75.756,-1.800717607,0.002679626,-0.000295257,-0.002520181,-0.000910538,-0.000295257,,,
1786043743395199407,1786043743.394511924,/novatel/oem7/odom,/novatel/oem7/fix,/novatel/oem7/odom,39.663,-75.756,-1.800717607,0.002679626,-0.000295257,-0.002520181,-0.000910538,-0.000295257,,,
1786043743407244898,1786043743.406678812,/novatel/oem7/inspva,/novatel/oem7/inspva,/novatel/oem7/inspva,39.663,-75.756,-1.800700890,0.002886130,0.001010079,-0.002237493,-0.001823011,0.001010079,,novatel_oem7_msgs.msg.InertialSolutionStatus(status=3),
1786043743408648242,1786043743.406855630,/novatel/oem7/fix,/novatel/oem7/fix,/novatel/oem7/inspva,39.663,-75.756,-1.800700890,0.002886130,0.001010079,-0.002237493,-0.001823011,0.001010079,,0,
1786043743409696125,1786043743.407317561,/novatel/oem7/odom,/novatel/oem7/fix,/novatel/oem7/odom,39.663,-75.756,-1.800700890,0.002890673,0.000997003,-0.001937597,-0.002145159,0.000997003,,,
1786043743411165640,1786043743.410167540,/novatel/oem7/bestpos,/novatel/oem7/bestpos,/novatel/oem7/odom,39.663,-75.756,33.181596146,0.002890673,0.000997003,-0.001937597,-0.002145159,0.000997003,,novatel_oem7_msgs.msg.SolutionStatus(status=0),novatel_oem7_msgs.msg.PositionOrVelocityType(type=53)
1786043743412105913,1786043743.410580131,/novatel/oem7/bestvel,/novatel/oem7/bestpos,/novatel/oem7/bestvel,39.663,-75.756,33.181596146,0.003266191,0.001298209,,,,226.217897010,novatel_oem7_msgs.msg.SolutionStatus(status=0),novatel_oem7_msgs.msg.PositionOrVelocityType(type=53)
1786043743415868370,1786043743.415201430,/novatel/oem7/odom,/novatel/oem7/bestpos,/novatel/oem7/odom,39.663,-75.756,33.181596146,0.002890673,0.000997003,-0.001937597,-0.002145159,0.000997003,,,
1786043743425685088,1786043743.425133390,/novatel/oem7/inspva,/novatel/oem7/inspva,/novatel/oem7/inspva,39.663,-75.756,-1.800698454,0.002517888,0.001508843,-0.002211971,-0.001202889,0.001508843,,novatel_oem7_msgs.msg.InertialSolutionStatus(status=3),
1786043743427041592,1786043743.425287034,/novatel/oem7/fix,/novatel/oem7/fix,/novatel/oem7/inspva,39.663,-75.756,-1.800698454,0.002517888,0.001508843,-0.002211971,-0.001202889,0.001508843,,0,
1786043743428117532,1786043743.425731186,/novatel/oem7/odom,/novatel/oem7/fix,/novatel/oem7/odom,39.663,-75.756,-1.800698454,0.002524304,0.001498083,-0.001318908,-0.002152346,0.001498083,,,
1786043743436270358,1786043743.435586831,/novatel/oem7/odom,/novatel/oem7/fix,/novatel/oem7/odom,39.663,-75.756,-1.800698454,0.002524304,0.001498083,-0.001318908,-0.002152346,0.001498083,,,
1786043743446073342,1786043743.445532897,/novatel/oem7/inspva,/novatel/oem7/inspva,/novatel/oem7/inspva,39.663,-75.756,-1.800708699,0.002186432,0.000517088,0.000414098,-0.002146860,0.000517088,,novatel_oem7_msgs.msg.InertialSolutionStatus(status=3),
1786043743448523113,1786043743.445690795,/novatel/oem7/fix,/novatel/oem7/fix,/novatel/oem7/inspva,39.663,-75.756,-1.800708699,0.002186432,0.000517088,0.000414098,-0.002146860,0.000517088,,0,
1786043743451396799,1786043743.446324348,/novatel/oem7/odom,/novatel/oem7/fix,/novatel/oem7/odom,39.663,-75.756,-1.800708699,0.002188041,0.000510236,-0.002125184,0.000520686,0.000510236,,,
1786043743457739129,1786043743.456692425,/novatel/oem7/odom,/novatel/oem7/fix,/novatel/oem7/odom,39.663,-75.756,-1.800708699,0.002188041,0.000510236,-0.002125184,0.000520686,0.000510236,,,
1786043743466834826,1786043743.466087469,/novatel/oem7/inspva,/novatel/oem7/inspva,/novatel/oem7/inspva,39.663,-75.756,-1.800713449,0.002300849,-0.000040820,-0.000300815,-0.002281100,-0.000040820,,novatel_oem7_msgs.msg.InertialSolutionStatus(status=3),
1786043743468260804,1786043743.466290874,/novatel/oem7/fix,/novatel/oem7/fix,/novatel/oem7/inspva,39.663,-75.756,-1.800713449,0.002300849,-0.000040820,-0.000300815,-0.002281100,-0.000040820,,0,
1786043743469335951,1786043743.466719382,/novatel/oem7/odom,/novatel/oem7/fix,/novatel/oem7/odom,39.663,-75.756,-1.800713449,0.002300665,-0.000050134,-0.002293210,-0.000185062,-0.000050134,,,
1786043743475571010,1786043743.474868207,/novatel/oem7/odom,/novatel/oem7/fix,/novatel/oem7/odom,39.663,-75.756,-1.800713449,0.002300665,-0.000050134,-0.002293210,-0.000185062,-0.000050134,,,
1786043743485650921,1786043743.485109622,/novatel/oem7/inspva,/novatel/oem7/inspva,/novatel/oem7/inspva,39.663,-75.756,-1.800706381,0.002008136,0.000173898,-0.001716548,-0.001042149,0.000173898,,novatel_oem7_msgs.msg.InertialSolutionStatus(status=3),
1786043743486988331,1786043743.485278318,/novatel/oem7/fix,/novatel/oem7/fix,/novatel/oem7/inspva,39.663,-75.756,-1.800706381,0.002008136,0.000173898,-0.001716548,-0.001042149,0.000173898,,0,
1786043743488046885,1786043743.485687980,/novatel/oem7/odom,/novatel/oem7/fix,/novatel/oem7/odom,39.663,-75.756,-1.800706381,0.002008870,0.000165195,-0.001128180,-0.001662158,0.000165195,,,
1786043743496313338,1786043743.495598007,/novatel/oem7/odom,/novatel/oem7/fix,/novatel/oem7/odom,39.663,-75.756,-1.800706381,0.002008870,0.000165195,-0.001128180,-0.001662158,0.000165195,,,
1786043743506635721,1786043743.506087929,/novatel/oem7/inspva,/novatel/oem7/inspva,/novatel/oem7/inspva,39.663,-75.756,-1.800692421,0.002471296,0.001234738,-0.002056715,-0.001370119,0.001234738,,novatel_oem7_msgs.msg.InertialSolutionStatus(status=3),
1786043743508009771,1786043743.506249630,/novatel/oem7/fix,/novatel/oem7/fix,/novatel/oem7/inspva,39.663,-75.756,-1.800692421,0.002471296,0.001234738,-0.002056715,-0.001370119,0.001234738,,0,
1786043743509068298,1786043743.506672416,/novatel/oem7/odom,/novatel/oem7/fix,/novatel/oem7/odom,39.663,-75.756,-1.800692421,0.002476724,0.001223813,-0.001476995,-0.001988127,0.001223813,,,
1786043743512018501,1786043743.511319891,/novatel/oem7/bestpos,/novatel/oem7/bestpos,/novatel/oem7/odom,39.663,-75.756,33.181606118,0.002476724,0.001223813,-0.001476995,-0.001988127,0.001223813,,novatel_oem7_msgs.msg.SolutionStatus(status=0),novatel_oem7_msgs.msg.PositionOrVelocityType(type=53)
1786043743513550476,1786043743.512169843,/novatel/oem7/bestvel,/novatel/oem7/bestpos,/novatel/oem7/bestvel,39.663,-75.756,33.181606118,0.002823510,0.001523912,,,,219.046081572,novatel_oem7_msgs.msg.SolutionStatus(status=0),novatel_oem7_msgs.msg.PositionOrVelocityType(type=53)
1786043743515120772,1786043743.514456195,/novatel/oem7/odom,/novatel/oem7/bestpos,/novatel/oem7/odom,39.663,-75.756,33.181606118,0.002476724,0.001223813,-0.001476995,-0.001988127,0.001223813,,,
1786043743527004041,1786043743.526468549,/novatel/oem7/inspva,/novatel/oem7/inspva,/novatel/oem7/inspva,39.663,-75.756,-1.800689927,0.002275686,0.001614199,0.000287173,-0.002257494,0.001614199,,novatel_oem7_msgs.msg.InertialSolutionStatus(status=3),
1786043743528381875,1786043743.526625791,/novatel/oem7/fix,/novatel/oem7/fix,/novatel/oem7/inspva,39.663,-75.756,-1.800689927,0.002275686,0.001614199,0.000287173,-0.002257494,0.001614199,,0,
1786043743529511800,1786043743.527056301,/novatel/oem7/odom,/novatel/oem7/fix,/novatel/oem7/odom,39.663,-75.756,-1.800689927,0.002281099,0.001606541,-0.002246367,0.000396546,0.001606541,,,
1786043743535542500,1786043743.534891612,/novatel/oem7/odom,/novatel/oem7/fix,/novatel/oem7/odom,39.663,-75.756,-1.800689927,0.002281099,0.001606541,-0.002246367,0.000396546,0.001606541,,,
1786043743545550230,1786043743.545008401,/novatel/oem7/inspva,/novatel/oem7/inspva,/novatel/oem7/inspva,39.663,-75.756,-1.800696064,0.002490528,0.000694902,0.000010659,-0.002490506,0.000694902,,novatel_oem7_msgs.msg.InertialSolutionStatus(status=3),
1786043743546878399,1786043743.545204073,/novatel/oem7/fix,/novatel/oem7/fix,/novatel/oem7/inspva,39.663,-75.756,-1.800696064,0.002490528,0.000694902,0.000010659,-0.002490506,0.000694902,,0,
1786043743547918454,1786043743.545620297,/novatel/oem7/odom,/novatel/oem7/fix,/novatel/oem7/odom,39.663,-75.756,-1.800696064,0.002493096,0.000685634,-0.002489460,0.000134596,0.000685634,,,
1786043743556191706,1786043743.555573614,/novatel/oem7/odom,/novatel/oem7/fix,/novatel/oem7/odom,39.663,-75.756,-1.800696064,0.002493096,0.000685634,-0.002489460,0.000134596,0.000685634,,,
1786043743565733388,1786043743.565215963,/novatel/oem7/inspva,/novatel/oem7/inspva,/novatel/oem7/inspva,39.663,-75.756,-1.800699556,0.002109404,-0.000507380,-0.000821790,-0.001942743,-0.000507380,,novatel_oem7_msgs.msg.InertialSolutionStatus(status=3),
1786043743567040931,1786043743.565436219,/novatel/oem7/fix,/novatel/oem7/fix,/novatel/oem7/inspva,39.663,-75.756,-1.800699556,0.002109404,-0.000507380,-0.000821790,-0.001942743,-0.000507380,,0,
1786043743568083305,1786043743.565990814,/novatel/oem7/odom,/novatel/oem7/fix,/novatel/oem7/odom,39.663,-75.756,-1.800699556,0.002107102,-0.000516860,-0.001979806,-0.000721280,-0.000516860,,,
1786043743575546596,1786043743.574915045,/novatel/oem7/odom,/novatel/oem7/fix,/novatel/oem7/odom,39.663,-75.756,-1.800699556,0.002107102,-0.000516860,-0.001979806,-0.000721280,-0.000516860,,,
1786043743587069821,1786043743.586517766,/novatel/oem7/inspva,/novatel/oem7/inspva,/novatel/oem7/inspva,39.663,-75.756,-1.800684732,0.002053664,0.000477180,-0.001242068,-0.001635482,0.000477180,,novatel_oem7_msgs.msg.InertialSolutionStatus(status=3),
1786043743588377181,1786043743.586706094,/novatel/oem7/fix,/novatel/oem7/fix,/novatel/oem7/inspva,39.663,-75.756,-1.800684732,0.002053664,0.000477180,-0.001242068,-0.001635482,0.000477180,,0,
1786043743589410401,1786043743.586926095,/novatel/oem7/odom,/novatel/oem7/fix,/novatel/oem7/odom,39.663,-75.756,-1.800684732,0.002055872,0.000467573,-0.001697931,-0.001159155,0.000467573,,,
1786043743595220349,1786043743.594608782,/novatel/oem7/odom,/novatel/oem7/fix,/novatel/oem7/odom,39.663,-75.756,-1.800684732,0.002055872,0.000467573,-0.001697931,-0.001159155,0.000467573,,,
1786043743607050421,1786043743.606529162,/novatel/oem7/inspva,/novatel/oem7/inspva,/novatel/oem7/inspva,39.663,-75.756,-1.800670441,0.001809271,0.002085913,-0.000614163,-0.001701842,0.002085913,,novatel_oem7_msgs.msg.InertialSolutionStatus(status=3),
1786043743608358854,1786043743.606708454,/novatel/oem7/fix,/novatel/oem7/fix,/novatel/oem7/inspva,39.663,-75.756,-1.800670441,0.001809271,0.002085913,-0.000614163,-0.001701842,0.002085913,,0,
1786043743609378801,1786043743.607301680,/novatel/oem7/odom,/novatel/oem7/fix,/novatel/oem7/odom,39.663,-75.756,-1.800670441,0.001818625,0.002077763,-0.001738771,-0.000532987,0.002077763,,,
1786043743611251676,1786043743.610286637,/novatel/oem7/bestpos,/novatel/oem7/bestpos,/novatel/oem7/odom,39.663,-75.756,33.181614883,0.001818625,0.002077763,-0.001738771,-0.000532987,0.002077763,,novatel_oem7_msgs.msg.SolutionStatus(status=0),novatel_oem7_msgs.msg.PositionOrVelocityType(type=53)
1786043743612155986,1786043743.610696751,/novatel/oem7/bestvel,/novatel/oem7/bestpos,/novatel/oem7/bestvel,39.663,-75.756,33.181614883,0.000936389,0.001574149,,,,213.777848231,novatel_oem7_msgs.msg.SolutionStatus(status=0),novatel_oem7_msgs.msg.PositionOrVelocityType(type=53)
1786043743616072268,1786043743.615446085,/novatel/oem7/odom,/novatel/oem7/bestpos,/novatel/oem7/odom,39.663,-75.756,33.181614883,0.001818625,0.002077763,-0.001738771,-0.000532987,0.002077763,,,
1786043743625868059,1786043743.625340310,/novatel/oem7/inspva,/novatel/oem7/inspva,/novatel/oem7/inspva,39.663,-75.756,-1.800684470,0.001907997,0.001478060,-0.000419954,-0.001861207,0.001478060,,novatel_oem7_msgs.msg.InertialSolutionStatus(status=3),
1786043743627180259,1786043743.625504025,/novatel/oem7/fix,/novatel/oem7/fix,/novatel/oem7/inspva,39.663,-75.756,-1.800684470,0.001907997,0.001478060,-0.000419954,-0.001861207,0.001478060,,0,
1786043743628207926,1786043743.625840302,/novatel/oem7/odom,/novatel/oem7/fix,/novatel/oem7/odom,39.663,-75.756,-1.800684470,0.001914275,0.001469920,-0.001885725,-0.000329379,0.001469920,,,
1786043743635010497,1786043743.634361848,/novatel/oem7/odom,/novatel/oem7/fix,/novatel/oem7/odom,39.663,-75.756,-1.800684470,0.001914275,0.001469920,-0.001885725,-0.000329379,0.001469920,,,
1786043743646930479,1786043743.646400248,/novatel/oem7/inspva,/novatel/oem7/inspva,/novatel/oem7/inspva,39.663,-75.756,-1.800702677,0.002180939,-0.001110144,-0.000568434,-0.002105559,-0.001110144,,novatel_oem7_msgs.msg.InertialSolutionStatus(status=3),
1786043743648236236,1786043743.646568116,/novatel/oem7/fix,/novatel/oem7/fix,/novatel/oem7/inspva,39.663,-75.756,-1.800702677,0.002180939,-0.001110144,-0.000568434,-0.002105559,-0.001110144,,0,
1786043743649251560,1786043743.647138898,/novatel/oem7/odom,/novatel/oem7/fix,/novatel/oem7/odom,39.663,-75.756,-1.800702677,0.002176138,-0.001119526,-0.002127295,-0.000458468,-0.001119526,,,
1786043743657276597,1786043743.656631846,/novatel/oem7/odom,/novatel/oem7/fix,/novatel/oem7/odom,39.663,-75.756,-1.800702677,0.002176138,-0.001119526,-0.002127295,-0.000458468,-0.001119526,,,
1786043743665464315,1786043743.664938613,/novatel/oem7/inspva,/novatel/oem7/inspva,/novatel/oem7/inspva,39.663,-75.756,-1.800693494,0.002229135,-0.000516218,-0.000492746,-0.002173993,-0.000516218,,novatel_oem7_msgs.msg.InertialSolutionStatus(status=3),
1786043743666760611,1786043743.665100848,/novatel/oem7/fix,/novatel/oem7/fix,/novatel/oem7/inspva,39.663,-75.756,-1.800693494,0.002229135,-0.000516218,-0.000492746,-0.002173993,-0.000516218,,0,
1786043743667777008,1786043743.665510088,/novatel/oem7/odom,/novatel/oem7/fix,/novatel/oem7/odom,39.663,-75.756,-1.800693494,0.002226925,-0.000525671,-0.002194087,-0.000381019,-0.000525671,,,
1786043743676321637,1786043743.675691494,/novatel/oem7/odom,/novatel/oem7/fix,/novatel/oem7/odom,39.663,-75.756,-1.800693494,0.002226925,-0.000525671,-0.002194087,-0.000381019,-0.000525671,,,
1786043743687085481,1786043743.686567422,/novatel/oem7/inspva,/novatel/oem7/inspva,/novatel/oem7/inspva,39.663,-75.756,-1.800677193,0.001775080,0.001689066,-0.001518262,-0.000919669,0.001689066,,novatel_oem7_msgs.msg.InertialSolutionStatus(status=3),
1786043743688406228,1786043743.686730857,/novatel/oem7/fix,/novatel/oem7/fix,/novatel/oem7/inspva,39.663,-75.756,-1.800677193,0.001775080,0.001689066,-0.001518262,-0.000919669,0.001689066,,0,
1786043743689407204,1786043743.687159589,/novatel/oem7/odom,/novatel/oem7/fix,/novatel/oem7/odom,39.663,-75.756,-1.800677193,0.001782467,0.001681270,-0.001001640,-0.001474417,0.001681270,,,
1786043743695370034,1786043743.694682714,/novatel/oem7/odom,/novatel/oem7/fix,/novatel/oem7/odom,39.663,-75.756,-1.800677193,0.001782467,0.001681270,-0.001001640,-0.001474417,0.001681270,,,
1786043743706505252,1786043743.705947293,/novatel/oem7/inspva,/novatel/oem7/inspva,/novatel/oem7/inspva,39.663,-75.756,-1.800683159,0.001397421,0.001803213,-0.000739332,-0.001185822,0.001803213,,novatel_oem7_msgs.msg.InertialSolutionStatus(status=3),
1786043743707810422,1786043743.706088504,/novatel/oem7/fix,/novatel/oem7/fix,/novatel/oem7/inspva,39.663,-75.756,-1.800683159,0.001397421,0.001803213,-0.000739332,-0.001185822,0.001803213,,0,
1786043743708840922,1786043743.706491638,/novatel/oem7/odom,/novatel/oem7/fix,/novatel/oem7/odom,39.663,-75.756,-1.800683159,0.001405889,0.001796619,-0.001228617,-0.000683392,0.001796619,,,
1786043743710316470,1786043743.709642240,/novatel/oem7/bestpos,/novatel/oem7/bestpos,/novatel/oem7/odom,39.663,-75.756,33.181597290,0.001405889,0.001796619,-0.001228617,-0.000683392,0.001796619,,novatel_oem7_msgs.msg.SolutionStatus(status=0),novatel_oem7_msgs.msg.PositionOrVelocityType(type=53)
1786043743711750494,1786043743.710708291,/novatel/oem7/bestvel,/novatel/oem7/bestpos,/novatel/oem7/bestvel,39.663,-75.756,33.181597290,0.000525374,0.000686205,,,,322.430834468,novatel_oem7_msgs.msg.SolutionStatus(status=0),novatel_oem7_msgs.msg.PositionOrVelocityType(type=53)
1786043743715447674,1786043743.714817934,/novatel/oem7/odom,/novatel/oem7/bestpos,/novatel/oem7/odom,39.663,-75.756,33.181597290,0.001405889,0.001796619,-0.001228617,-0.000683392,0.001796619,,,
1786043743725897369,1786043743.725364997,/novatel/oem7/inspva,/novatel/oem7/inspva,/novatel/oem7/inspva,39.663,-75.756,-1.800704090,0.002448423,-0.000637071,0.000391980,-0.002416843,-0.000637071,,novatel_oem7_msgs.msg.InertialSolutionStatus(status=3),
1786043743727264399,1786043743.725555592,/novatel/oem7/fix,/novatel/oem7/fix,/novatel/oem7/inspva,39.663,-75.756,-1.800704090,0.002448423,-0.000637071,0.000391980,-0.002416843,-0.000637071,,0,
1786043743728295613,1786043743.726179831,/novatel/oem7/odom,/novatel/oem7/fix,/novatel/oem7/odom,39.663,-75.756,-1.800704090,0.002446358,-0.000644957,-0.002391503,0.000515150,-0.000644957,,,
1786043743736222695,1786043743.735605226,/novatel/oem7/odom,/novatel/oem7/fix,/novatel/oem7/odom,39.663,-75.756,-1.800704090,0.002446358,-0.000644957,-0.002391503,0.000515150,-0.000644957,,,
1786043743747343540,1786043743.746149065,/novatel/oem7/inspva,/novatel/oem7/inspva,/novatel/oem7/inspva,39.663,-75.756,-1.800695516,0.002520102,-0.000821501,0.000177265,-0.002513860,-0.000821501,,novatel_oem7_msgs.msg.InertialSolutionStatus(status=3),
1786043743748690716,1786043743.746404030,/novatel/oem7/fix,/novatel/oem7/fix,/novatel/oem7/inspva,39.663,-75.756,-1.800695516,0.002520102,-0.000821501,0.000177265,-0.002513860,-0.000821501,,0,
1786043743749731777,1786043743.747025410,/novatel/oem7/odom,/novatel/oem7/fix,/novatel/oem7/odom,39.663,-75.756,-1.800695516,0.002446367,-0.000644924,-0.002391521,0.000515110,-0.000644924,,,
1786043743756347310,1786043743.755690103,/novatel/oem7/odom,/novatel/oem7/fix,/novatel/oem7/odom,39.663,-75.756,-1.800695516,0.002517208,-0.000830325,-0.002498533,0.000306055,-0.000830325,,,
1786043743765704283,1786043743.765158348,/novatel/oem7/inspva,/novatel/oem7/inspva,/novatel/oem7/inspva,39.663,-75.756,-1.800674442,0.001623721,0.001227454,-0.001369811,-0.000871830,0.001227454,,novatel_oem7_msgs.msg.InertialSolutionStatus(status=3),
1786043743767037984,1786043743.765308266,/novatel/oem7/fix,/novatel/oem7/fix,/novatel/oem7/inspva,39.663,-75.756,-1.800674442,0.001623721,0.001227454,-0.001369811,-0.000871830,0.001227454,,0,
1786043743768069224,1786043743.765759711,/novatel/oem7/odom,/novatel/oem7/fix,/novatel/oem7/odom,39.663,-75.756,-1.800674442,0.001629125,0.001220273,-0.000944542,-0.001327361,0.001220273,,,
1786043743776085084,1786043743.775432697,/novatel/oem7/odom,/novatel/oem7/fix,/novatel/oem7/odom,39.663,-75.756,-1.800674442,0.001629125,0.001220273,-0.000944542,-0.001327361,0.001220273,,,
1786043743785502261,1786043743.784941446,/novatel/oem7/inspva,/novatel/oem7/inspva,/novatel/oem7/inspva,39.663,-75.756,-1.800680624,0.001292467,0.001074697,-0.001288631,-0.000099511,0.001074697,,novatel_oem7_msgs.msg.InertialSolutionStatus(status=3),
1786043743786808037,1786043743.785085280,/novatel/oem7/fix,/novatel/oem7/fix,/novatel/oem7/inspva,39.663,-75.756,-1.800680624,0.001292467,0.001074697,-0.001288631,-0.000099511,0.001074697,,0,
1786043743787845168,1786043743.785571089,/novatel/oem7/odom,/novatel/oem7/fix,/novatel/oem7/odom,39.663,-75.756,-1.800680624,0.001295878,0.001070582,-0.000168523,-0.001284874,0.001070582,,,
1786043743794992366,1786043743.794351426,/novatel/oem7/odom,/novatel/oem7/fix,/novatel/oem7/odom,39.663,-75.756,-1.800680624,0.001295878,0.001070582,-0.000168523,-0.001284874,0.001070582,,,
1786043743807395530,1786043743.806612452,/novatel/oem7/inspva,/novatel/oem7/inspva,/novatel/oem7/inspva,39.663,-75.756,-1.800690626,0.001940012,0.000248390,0.000655999,-0.001825736,0.000248390,,novatel_oem7_msgs.msg.InertialSolutionStatus(status=3),
1786043743809510528,1786043743.806751287,/novatel/oem7/fix,/novatel/oem7/fix,/novatel/oem7/inspva,39.663,-75.756,-1.800690626,0.001940012,0.000248390,0.000655999,-0.001825736,0.000248390,,0,
1786043743811143424,1786043743.807548015,/novatel/oem7/odom,/novatel/oem7/fix,/novatel/oem7/odom,39.663,-75.756,-1.800690626,0.001940639,0.000243441,-0.001791286,0.000746575,0.000243441,,,
1786043743813445067,1786043743.810190535,/novatel/oem7/bestpos,/novatel/oem7/bestpos,/novatel/oem7/odom,39.663,-75.756,33.181596215,0.001940639,0.000243441,-0.001791286,0.000746575,0.000243441,,novatel_oem7_msgs.msg.SolutionStatus(status=0),novatel_oem7_msgs.msg.PositionOrVelocityType(type=53)
1786043743814846154,1786043743.810545431,/novatel/oem7/bestvel,/novatel/oem7/bestpos,/novatel/oem7/bestvel,39.663,-75.756,33.181596215,0.001042181,-0.000250214,,,,307.333436921,novatel_oem7_msgs.msg.SolutionStatus(status=0),novatel_oem7_msgs.msg.PositionOrVelocityType(type=53)
1786043743817321216,1786043743.815058613,/novatel/oem7/odom,/novatel/oem7/bestpos,/novatel/oem7/odom,39.663,-75.756,33.181596215,0.001940639,0.000243441,-0.001791286,0.000746575,0.000243441,,,
1786043743825866735,1786043743.825074714,/novatel/oem7/inspva,/novatel/oem7/inspva,/novatel/oem7/inspva,39.663,-75.756,-1.800693052,0.002361287,-0.000517595,0.000738823,-0.002242726,-0.000517595,,novatel_oem7_msgs.msg.InertialSolutionStatus(status=3),
1786043743827930478,1786043743.825223351,/novatel/oem7/fix,/novatel/oem7/fix,/novatel/oem7/inspva,39.663,-75.756,-1.800693052,0.002361287,-0.000517595,0.000738823,-0.002242726,-0.000517595,,0,
1786043743829624839,1786043743.825556763,/novatel/oem7/odom,/novatel/oem7/fix,/novatel/oem7/odom,39.663,-75.756,-1.800693052,0.002359909,-0.000523844,-0.002200595,0.000852379,-0.000523844,,,
1786043743835846877,1786043743.834887178,/novatel/oem7/odom,/novatel/oem7/fix,/novatel/oem7/odom,39.663,-75.756,-1.800693052,0.002359909,-0.000523844,-0.002200595,0.000852379,-0.000523844,,,
1786043743845893595,1786043743.845373760,/novatel/oem7/inspva,/novatel/oem7/inspva,/novatel/oem7/inspva,39.663,-75.756,-1.800683991,0.001418039,0.000100396,-0.001235731,-0.000695559,0.000100396,,novatel_oem7_msgs.msg.InertialSolutionStatus(status=3),
1786043743847189401,1786043743.845529334,/novatel/oem7/fix,/novatel/oem7/fix,/novatel/oem7/inspva,39.663,-75.756,-1.800683991,0.001418039,0.000100396,-0.001235731,-0.000695559,0.000100396,,0,
1786043743848208371,1786043743.846146747,/novatel/oem7/odom,/novatel/oem7/fix,/novatel/oem7/odom,39.663,-75.756,-1.800683991,0.001418459,0.000094279,-0.000757369,-0.001199340,0.000094279,,,
1786043743857121864,1786043743.856478977,/novatel/oem7/odom,/novatel/oem7/fix,/novatel/oem7/odom,39.663,-75.756,-1.800683991,0.001418459,0.000094279,-0.000757369,-0.001199340,0.000094279,,,
1786043743866640529,1786043743.866146847,/novatel/oem7/inspva,/novatel/oem7/inspva,/novatel/oem7/inspva,39.663,-75.756,-1.800681918,0.001020222,0.000948063,-0.001017552,-0.000073765,0.000948063,,novatel_oem7_msgs.msg.InertialSolutionStatus(status=3),
1786043743867921138,1786043743.866281452,/novatel/oem7/fix,/novatel/oem7/fix,/novatel/oem7/inspva,39.663,-75.756,-1.800681918,0.001020222,0.000948063,-0.001017552,-0.000073765,0.000948063,,0,
1786043743868941215,1786043743.866674872,/novatel/oem7/odom,/novatel/oem7/fix,/novatel/oem7/odom,39.663,-75.756,-1.800681918,0.001023207,0.000944840,-0.000128648,-0.001015088,0.000944840,,,
1786043743875056476,1786043743.874455233,/novatel/oem7/odom,/novatel/oem7/fix,/novatel/oem7/odom,39.663,-75.756,-1.800681918,0.001023207,0.000944840,-0.000128648,-0.001015088,0.000944840,,,
1786043743885887104,1786043743.885372696,/novatel/oem7/inspva,/novatel/oem7/inspva,/novatel/oem7/inspva,39.663,-75.756,-1.800680134,0.001012308,0.000941726,0.000292982,-0.000968983,0.000941726,,novatel_oem7_msgs.msg.InertialSolutionStatus(status=3),
1786043743887179537,1786043743.885541991,/novatel/oem7/fix,/novatel/oem7/fix,/novatel/oem7/inspva,39.663,-75.756,-1.800680134,0.001012308,0.000941726,0.000292982,-0.000968983,0.000941726,,0,
1786043743888213538,1786043743.886244915,/novatel/oem7/odom,/novatel/oem7/fix,/novatel/oem7/odom,39.663,-75.756,-1.800680134,0.001014906,0.000938925,-0.000956639,0.000338934,0.000938925,,,
1786043743895755830,1786043743.895116352,/novatel/oem7/odom,/novatel/oem7/fix,/novatel/oem7/odom,39.663,-75.756,-1.800680134,0.001014906,0.000938925,-0.000956639,0.000338934,0.000938925,,,
1786043743906310009,1786043743.905818631,/novatel/oem7/inspva,/novatel/oem7/inspva,/novatel/oem7/inspva,39.663,-75.756,-1.800683130,0.002004120,0.000149928,0.000911588,-0.001784798,0.000149928,,novatel_oem7_msgs.msg.InertialSolutionStatus(status=3),
1786043743907617502,1786043743.905961105,/novatel/oem7/fix,/novatel/oem7/fix,/novatel/oem7/inspva,39.663,-75.756,-1.800683130,0.002004120,0.000149928,0.000911588,-0.001784798,0.000149928,,0,
1786043743908641385,1786043743.906397309,/novatel/oem7/odom,/novatel/oem7/fix,/novatel/oem7/odom,39.663,-75.756,-1.800683130,0.002004422,0.000145839,-0.001737141,0.001000025,0.000145839,,,
1786043743910048049,1786043743.909430910,/novatel/oem7/bestpos,/novatel/oem7/bestpos,/novatel/oem7/odom,39.663,-75.756,33.181613351,0.002004422,0.000145839,-0.001737141,0.001000025,0.000145839,,novatel_oem7_msgs.msg.SolutionStatus(status=0),novatel_oem7_msgs.msg.PositionOrVelocityType(type=53)
1786043743911394616,1786043743.909996375,/novatel/oem7/bestvel,/novatel/oem7/bestpos,/novatel/oem7/bestvel,39.663,-75.756,33.181613351,0.001086870,-0.000023771,,,,296.804278317,novatel_oem7_msgs.msg.SolutionStatus(status=0),novatel_oem7_msgs.msg.PositionOrVelocityType(type=53)
1786043743915015209,1786043743.914380312,/novatel/oem7/odom,/novatel/oem7/bestpos,/novatel/oem7/odom,39.663,-75.756,33.181613351,0.002004422,0.000145839,-0.001737141,0.001000025,0.000145839,,,
1786043743927158707,1786043743.926672399,/novatel/oem7/inspva,/novatel/oem7/inspva,/novatel/oem7/inspva,39.663,-75.756,-1.800685277,0.001183086,-0.000744244,-0.000458353,-0.001090690,-0.000744244,,novatel_oem7_msgs.msg.InertialSolutionStatus(status=3),
1786043743928453057,1786043743.926813327,/novatel/oem7/fix,/novatel/oem7/fix,/novatel/oem7/inspva,39.663,-75.756,-1.800685277,0.001183086,-0.000744244,-0.000458353,-0.001090690,-0.000744244,,0,
1786043743929474870,1786043743.927261575,/novatel/oem7/odom,/novatel/oem7/fix,/novatel/oem7/odom,39.663,-75.756,-1.800685277,0.001179696,-0.000749605,-0.001109530,-0.000400781,-0.000749605,,,
1786043743935532271,1786043743.934874354,/novatel/oem7/odom,/novatel/oem7/fix,/novatel/oem7/odom,39.663,-75.756,-1.800685277,0.001179696,-0.000749605,-0.001109530,-0.000400781,-0.000749605,,,
1786043743945466493,1786043743.944943912,/novatel/oem7/inspva,/novatel/oem7/inspva,/novatel/oem7/inspva,39.663,-75.756,-1.800673696,0.000611627,0.000483798,-0.000582731,0.000185774,0.000483798,,novatel_oem7_msgs.msg.InertialSolutionStatus(status=3),
1786043743947214817,1786043743.945081863,/novatel/oem7/fix,/novatel/oem7/fix,/novatel/oem7/inspva,39.663,-75.756,-1.800673696,0.000611627,0.000483798,-0.000582731,0.000185774,0.000483798,,0,
1786043743948350582,1786043743.945369961,/novatel/oem7/odom,/novatel/oem7/fix,/novatel/oem7/odom,39.663,-75.756,-1.800673696,0.000612413,0.000482803,0.000154283,-0.000592660,0.000482803,,,
1786043743956691949,1786043743.956016815,/novatel/oem7/odom,/novatel/oem7/fix,/novatel/oem7/odom,39.663,-75.756,-1.800673696,0.000612413,0.000482803,0.000154283,-0.000592660,0.000482803,,,
1786043743965826463,1786043743.965319945,/novatel/oem7/inspva,/novatel/oem7/inspva,/novatel/oem7/inspva,39.663,-75.756,-1.800659906,0.000210460,0.001728800,0.000003141,-0.000210436,0.001728800,,novatel_oem7_msgs.msg.InertialSolutionStatus(status=3),
1786043743967139010,1786043743.965493097,/novatel/oem7/fix,/novatel/oem7/fix,/novatel/oem7/inspva,39.663,-75.756,-1.800659906,0.000210460,0.001728800,0.000003141,-0.000210436,0.001728800,,0,
1786043743968198197,1786043743.966003557,/novatel/oem7/odom,/novatel/oem7/fix,/novatel/oem7/odom,39.663,-75.756,-1.800659906,0.000217048,0.001727985,-0.000216859,0.000009078,0.001727985,,,
1786043743975606134,1786043743.974931914,/novatel/oem7/odom,/novatel/oem7/fix,/novatel/oem7/odom,39.663,-75.756,-1.800659906,0.000217048,0.001727985,-0.000216859,0.000009078,0.001727985,,,
1786043743986528133,1786043743.986008585,/novatel/oem7/inspva,/novatel/oem7/inspva,/novatel/oem7/inspva,39.663,-75.756,-1.800662068,0.000879173,0.000630411,0.000677936,-0.000559776,0.000630411,,novatel_oem7_msgs.msg.InertialSolutionStatus(status=3),
1786043743987829253,1786043743.986147696,/novatel/oem7/fix,/novatel/oem7/fix,/novatel/oem7/inspva,39.663,-75.756,-1.800662068,0.000879173,0.000630411,0.000677936,-0.000559776,0.000630411,,0,
1786043743988906557,1786043743.986539307,/novatel/oem7/odom,/novatel/oem7/fix,/novatel/oem7/odom,39.663,-75.756,-1.800662068,0.000879290,0.000630249,-0.000527376,0.000703581,0.000630249,,,
1786043743995005758,1786043743.994335991,/novatel/oem7/odom,/novatel/oem7/fix,/novatel/oem7/odom,39.663,-75.756,-1.800662068,0.000879290,0.000630249,-0.000527376,0.000703581,0.000630249,,,
1786043744010549754,1786043744.010012635,/novatel/oem7/inspva,/novatel/oem7/inspva,/novatel/oem7/inspva,39.663,-75.756,-1.800670542,0.000461338,-0.000848368,0.000096309,-0.000451173,-0.000848368,,novatel_oem7_msgs.msg.InertialSolutionStatus(status=3),
1786043744011882114,1786043744.010160973,/novatel/oem7/fix,/novatel/oem7/fix,/novatel/oem7/inspva,39.663,-75.756,-1.800670542,0.000461338,-0.000848368,0.000096309,-0.000451173,-0.000848368,,0,
1786043744012918984,1786043744.011325711,/novatel/oem7/odom,/novatel/oem7/fix,/novatel/oem7/odom,39.663,-75.756,-1.800670542,0.000458750,-0.000849770,-0.000442444,0.000121224,-0.000849770,,,
1786043744017583711,1786043744.016940290,/novatel/oem7/odom,/novatel/oem7/fix,/novatel/oem7/odom,39.663,-75.756,-1.800670542,0.000458750,-0.000849770,-0.000442444,0.000121224,-0.000849770,,,
1786043744026889091,1786043744.026294295,/novatel/oem7/bestpos,/novatel/oem7/bestpos,/novatel/oem7/odom,39.663,-75.756,33.181626784,0.000458750,-0.000849770,-0.000442444,0.000121224,-0.000849770,,novatel_oem7_msgs.msg.SolutionStatus(status=0),novatel_oem7_msgs.msg.PositionOrVelocityType(type=53)
1786043744028299011,1786043744.026875370,/novatel/oem7/bestvel,/novatel/oem7/bestpos,/novatel/oem7/bestvel,39.663,-75.756,33.181626784,0.001651585,-0.000322727,,,,278.294826373,novatel_oem7_msgs.msg.SolutionStatus(status=0),novatel_oem7_msgs.msg.PositionOrVelocityType(type=53)
1786043744029217860,1786043744.027372045,/novatel/oem7/inspva,/novatel/oem7/inspva,/novatel/oem7/inspva,39.663,-75.756,-1.800659000,0.000479327,-0.000691061,-0.000468346,0.000102013,-0.000691061,,novatel_oem7_msgs.msg.InertialSolutionStatus(status=3),
1786043744030051898,1786043744.027540287,/novatel/oem7/fix,/novatel/oem7/fix,/novatel/oem7/inspva,39.663,-75.756,-1.800659000,0.000479327,-0.000691061,-0.000468346,0.000102013,-0.000691061,,0,
1786043744031599691,1786043744.027907833,/novatel/oem7/odom,/novatel/oem7/fix,/novatel/oem7/odom,39.663,-75.756,-1.800659000,0.000477928,-0.000692029,0.000080986,-0.000471016,-0.000692029,,,
1786043744035298911,1786043744.034610238,/novatel/oem7/odom,/novatel/oem7/fix,/novatel/oem7/odom,39.663,-75.756,-1.800659000,0.000477928,-0.000692029,0.000080986,-0.000471016,-0.000692029,,,
1786043744047173287,1786043744.046550337,/novatel/oem7/inspva,/novatel/oem7/inspva,/novatel/oem7/inspva,39.663,-75.756,-1.800629077,0.000414894,0.002665356,-0.000413908,-0.000028590,0.002665356,,novatel_oem7_msgs.msg.InertialSolutionStatus(status=3),
1786043744048689418,1786043744.046730809,/novatel/oem7/fix,/novatel/oem7/fix,/novatel/oem7/inspva,39.663,-75.756,-1.800629077,0.000414894,0.002665356,-0.000413908,-0.000028590,0.002665356,,0,
1786043744049863256,1786043744.047214220,/novatel/oem7/odom,/novatel/oem7/fix,/novatel/oem7/odom,39.663,-75.756,-1.800629077,0.000423418,0.002664015,-0.000059936,-0.000419154,0.002664015,,,
1786043744057084889,1786043744.056386776,/novatel/oem7/odom,/novatel/oem7/fix,/novatel/oem7/odom,39.663,-75.756,-1.800629077,0.000423418,0.002664015,-0.000059936,-0.000419154,0.002664015,,,
1786043744065574187,1786043744.065032238,/novatel/oem7/inspva,/novatel/oem7/inspva,/novatel/oem7/inspva,39.663,-75.756,-1.800636826,0.000201083,0.001447843,-0.000127683,-0.000155343,0.001447843,,novatel_oem7_msgs.msg.InertialSolutionStatus(status=3),
1786043744066962534,1786043744.065196277,/novatel/oem7/fix,/novatel/oem7/fix,/novatel/oem7/inspva,39.663,-75.756,-1.800636826,0.000201083,0.001447843,-0.000127683,-0.000155343,0.001447843,,0,
1786043744068100639,1786043744.065508793,/novatel/oem7/odom,/novatel/oem7/fix,/novatel/oem7/odom,39.663,-75.756,-1.800636826,0.000208012,0.001446864,-0.000167311,-0.000123596,0.001446864,,,
1786043744075670054,1786043744.074942617,/novatel/oem7/odom,/novatel/oem7/fix,/novatel/oem7/odom,39.663,-75.756,-1.800636826,0.000208012,0.001446864,-0.000167311,-0.000123596,0.001446864,,,
1786043744085952297,1786043744.085394212,/novatel/oem7/inspva,/novatel/oem7/inspva,/novatel/oem7/inspva,39.663,-75.756,-1.800651108,0.000922847,-0.001096848,0.000555793,-0.000736710,-0.001096848,,novatel_oem7_msgs.msg.InertialSolutionStatus(status=3),
1786043744087338051,1786043744.085607854,/novatel/oem7/fix,/novatel/oem7/fix,/novatel/oem7/inspva,39.663,-75.756,-1.800651108,0.000922847,-0.001096848,0.000555793,-0.000736710,-0.001096848,,0,
1786043744088464702,1786043744.086133873,/novatel/oem7/odom,/novatel/oem7/fix,/novatel/oem7/odom,39.663,-75.756,-1.800651108,0.000921474,-0.001098002,-0.000703480,0.000595173,-0.001098002,,,
1786043744095721782,1786043744.095010365,/novatel/oem7/odom,/novatel/oem7/fix,/novatel/oem7/odom,39.663,-75.756,-1.800651108,0.000921474,-0.001098002,-0.000703480,0.000595173,-0.001098002,,,
1786043744106550870,1786043744.106001755,/novatel/oem7/inspva,/novatel/oem7/inspva,/novatel/oem7/inspva,39.663,-75.756,-1.800641455,0.000453172,-0.000423472,-0.000451547,-0.000038339,-0.000423472,,novatel_oem7_msgs.msg.InertialSolutionStatus(status=3),
1786043744107966131,1786043744.106200733,/novatel/oem7/fix,/novatel/oem7/fix,/novatel/oem7/inspva,39.663,-75.756,-1.800641455,0.000453172,-0.000423472,-0.000451547,-0.000038339,-0.000423472,,0,
1786043744109096972,1786043744.106618444,/novatel/oem7/odom,/novatel/oem7/fix,/novatel/oem7/odom,39.663,-75.756,-1.800641455,0.000451813,-0.000424922,-0.000059391,-0.000447892,-0.000424922,,,
1786043744110695515,1786043744.109257697,/novatel/oem7/bestpos,/novatel/oem7/bestpos,/novatel/oem7/odom,39.663,-75.756,33.181663184,0.000451813,-0.000424922,-0.000059391,-0.000447892,-0.000424922,,novatel_oem7_msgs.msg.SolutionStatus(status=0),novatel_oem7_msgs.msg.PositionOrVelocityType(type=53)
1786043744111674154,1786043744.109952704,/novatel/oem7/bestvel,/novatel/oem7/bestpos,/novatel/oem7/bestvel,39.663,-75.756,33.181663184,0.001087413,0.000138164,,,,221.978137898,novatel_oem7_msgs.msg.SolutionStatus(status=0),novatel_oem7_msgs.msg.PositionOrVelocityType(type=53)
1786043744115286724,1786043744.114660158,/novatel/oem7/odom,/novatel/oem7/bestpos,/novatel/oem7/odom,39.663,-75.756,33.181663184,0.000451813,-0.000424922,-0.000059391,-0.000447892,-0.000424922,,,
1786043744125880176,1786043744.125359855,/novatel/oem7/inspva,/novatel/oem7/inspva,/novatel/oem7/inspva,39.663,-75.756,-1.800614787,0.001419718,0.001951904,-0.001419708,-0.000005259,0.001951904,,novatel_oem7_msgs.msg.InertialSolutionStatus(status=3),
1786043744127440366,1786043744.125549093,/novatel/oem7/fix,/novatel/oem7/fix,/novatel/oem7/inspva,39.663,-75.756,-1.800614787,0.001419718,0.001951904,-0.001419708,-0.000005259,0.001951904,,0,
1786043744128576253,1786043744.126302857,/novatel/oem7/odom,/novatel/oem7/fix,/novatel/oem7/odom,39.663,-75.756,-1.800614787,0.001425456,0.001947717,-0.000084500,-0.001422949,0.001947717,,,
1786043744136382758,1786043744.135701768,/novatel/oem7/odom,/novatel/oem7/fix,/novatel/oem7/odom,39.663,-75.756,-1.800614787,0.001425456,0.001947717,-0.000084500,-0.001422949,0.001947717,,,
1786043744145600467,1786043744.145046595,/novatel/oem7/inspva,/novatel/oem7/inspva,/novatel/oem7/inspva,39.663,-75.756,-1.800617146,0.001111696,0.001737540,-0.001045687,0.000377368,0.001737540,,novatel_oem7_msgs.msg.InertialSolutionStatus(status=3),
1786043744147002764,1786043744.145229990,/novatel/oem7/fix,/novatel/oem7/fix,/novatel/oem7/inspva,39.663,-75.756,-1.800617146,0.001111696,0.001737540,-0.001045687,0.000377368,0.001737540,,0,
1786043744148178816,1786043744.145727778,/novatel/oem7/odom,/novatel/oem7/fix,/novatel/oem7/odom,39.663,-75.756,-1.800617146,0.001114242,0.001735908,0.000317333,-0.001068099,0.001735908,,,
1786043744156255834,1786043744.155610131,/novatel/oem7/odom,/novatel/oem7/fix,/novatel/oem7/odom,39.663,-75.756,-1.800617146,0.001114242,0.001735908,0.000317333,-0.001068099,0.001735908,,,
1786043744167465236,1786043744.166865363,/novatel/oem7/inspva,/novatel/oem7/inspva,/novatel/oem7/inspva,39.663,-75.756,-1.800634384,0.000802721,-0.000914451,0.000051213,-0.000801086,-0.000914451,,novatel_oem7_msgs.msg.InertialSolutionStatus(status=3),
1786043744168935904,1786043744.167052398,/novatel/oem7/fix,/novatel/oem7/fix,/novatel/oem7/inspva,39.663,-75.756,-1.800634384,0.000802721,-0.000914451,0.000051213,-0.000801086,-0.000914451,,0,
1786043744170120702,1786043744.167382221,/novatel/oem7/odom,/novatel/oem7/fix,/novatel/oem7/odom,39.663,-75.756,-1.800634384,0.000799435,-0.000917325,-0.000793891,0.000093988,-0.000917325,,,
1786043744175371315,1786043744.174697132,/novatel/oem7/odom,/novatel/oem7/fix,/novatel/oem7/odom,39.663,-75.756,-1.800634384,0.000799435,-0.000917325,-0.000793891,0.000093988,-0.000917325,,,
1786043744185689674,1786043744.185151839,/novatel/oem7/inspva,/novatel/oem7/inspva,/novatel/oem7/inspva,39.663,-75.756,-1.800621265,0.000729028,-0.000276173,-0.000435302,-0.000584803,-0.000276173,,novatel_oem7_msgs.msg.InertialSolutionStatus(status=3),
1786043744187173589,1786043744.185342591,/novatel/oem7/fix,/novatel/oem7/fix,/novatel/oem7/inspva,39.663,-75.756,-1.800621265,0.000729028,-0.000276173,-0.000435302,-0.000584803,-0.000276173,,0,
1786043744188295477,1786043744.185687057,/novatel/oem7/odom,/novatel/oem7/fix,/novatel/oem7/odom,39.663,-75.756,-1.800621265,0.000727706,-0.000279638,-0.000604912,-0.000404521,-0.000279638,,,
1786043744196282724,1786043744.195652298,/novatel/oem7/odom,/novatel/oem7/fix,/novatel/oem7/odom,39.663,-75.756,-1.800621265,0.000727706,-0.000279638,-0.000604912,-0.000404521,-0.000279638,,,
1786043744207337631,1786043744.206809149,/novatel/oem7/inspva,/novatel/oem7/inspva,/novatel/oem7/inspva,39.663,-75.756,-1.800597533,0.002509548,0.001638578,-0.002344051,0.000896244,0.001638578,,novatel_oem7_msgs.msg.InertialSolutionStatus(status=3),
1786043744208749912,1786043744.206990881,/novatel/oem7/fix,/novatel/oem7/fix,/novatel/oem7/inspva,39.663,-75.756,-1.800597533,0.002509548,0.001638578,-0.002344051,0.000896244,0.001638578,,0,
1786043744209863636,1786043744.207368576,/novatel/oem7/odom,/novatel/oem7/fix,/novatel/oem7/odom,39.663,-75.756,-1.800597533,0.002511804,0.001635117,0.000770521,-0.002390702,0.001635117,,,
1786043744211368695,1786043744.210403741,/novatel/oem7/bestpos,/novatel/oem7/bestpos,/novatel/oem7/odom,39.663,-75.756,33.181695640,0.002511804,0.001635117,0.000770521,-0.002390702,0.001635117,,novatel_oem7_msgs.msg.SolutionStatus(status=0),novatel_oem7_msgs.msg.PositionOrVelocityType(type=53)
1786043744212838416,1786043744.210828289,/novatel/oem7/bestvel,/novatel/oem7/bestpos,/novatel/oem7/bestvel,39.663,-75.756,33.181695640,0.001957154,0.001502846,,,,161.789500981,novatel_oem7_msgs.msg.SolutionStatus(status=0),novatel_oem7_msgs.msg.PositionOrVelocityType(type=53)
1786043744215518599,1786043744.214845613,/novatel/oem7/odom,/novatel/oem7/bestpos,/novatel/oem7/odom,39.663,-75.756,33.181695640,0.002511804,0.001635117,0.000770521,-0.002390702,0.001635117,,,
1786043744226579957,1786043744.226041771,/novatel/oem7/inspva,/novatel/oem7/inspva,/novatel/oem7/inspva,39.663,-75.756,-1.800584827,0.001958570,0.001939226,-0.001867183,0.000591288,0.001939226,,novatel_oem7_msgs.msg.InertialSolutionStatus(status=3),
1786043744227971467,1786043744.226218769,/novatel/oem7/fix,/novatel/oem7/fix,/novatel/oem7/inspva,39.663,-75.756,-1.800584827,0.001958570,0.001939226,-0.001867183,0.000591288,0.001939226,,0,
1786043744229093402,1786043744.226638762,/novatel/oem7/odom,/novatel/oem7/fix,/novatel/oem7/odom,39.663,-75.756,-1.800584827,0.001961759,0.001936000,0.000488792,-0.001899889,0.001936000,,,
1786043744235553293,1786043744.234827565,/novatel/oem7/odom,/novatel/oem7/fix,/novatel/oem7/odom,39.663,-75.756,-1.800584827,0.001961759,0.001936000,0.000488792,-0.001899889,0.001936000,,,
1786043744245750658,1786043744.245162636,/novatel/oem7/inspva,/novatel/oem7/inspva,/novatel/oem7/inspva,39.663,-75.756,-1.800585666,0.000738673,0.000499754,-0.000300749,-0.000674676,0.000499754,,novatel_oem7_msgs.msg.InertialSolutionStatus(status=3),
1786043744247157192,1786043744.245336164,/novatel/oem7/fix,/novatel/oem7/fix,/novatel/oem7/inspva,39.663,-75.756,-1.800585666,0.000738673,0.000499754,-0.000300749,-0.000674676,0.000499754,,0,
1786043744248238219,1786043744.246124525,/novatel/oem7/odom,/novatel/oem7/fix,/novatel/oem7/odom,39.663,-75.756,-1.800585666,0.000740984,0.000496321,-0.000690932,-0.000267713,0.000496321,,,
1786043744257105852,1786043744.256400700,/novatel/oem7/odom,/novatel/oem7/fix,/novatel/oem7/odom,39.663,-75.756,-1.800585666,0.000740984,0.000496321,-0.000690932,-0.000267713,0.000496321,,,
1786043744265791039,1786043744.265012351,/novatel/oem7/inspva,/novatel/oem7/inspva,/novatel/oem7/inspva,39.663,-75.756,-1.800574224,0.000803894,0.000177631,-0.000676877,-0.000433686,0.000177631,,novatel_oem7_msgs.msg.InertialSolutionStatus(status=3),
1786043744267309750,1786043744.265195719,/novatel/oem7/fix,/novatel/oem7/fix,/novatel/oem7/inspva,39.663,-75.756,-1.800574224,0.000803894,0.000177631,-0.000676877,-0.000433686,0.000177631,,0,
1786043744268551162,1786043744.265689115,/novatel/oem7/odom,/novatel/oem7/fix,/novatel/oem7/odom,39.663,-75.756,-1.800574224,0.000804682,0.000174030,-0.000467938,-0.000654634,0.000174030,,,
1786043744275285727,1786043744.274559783,/novatel/oem7/odom,/novatel/oem7/fix,/novatel/oem7/odom,39.663,-75.756,-1.800574224,0.000804682,0.000174030,-0.000467938,-0.000654634,0.000174030,,,
1786043744287326094,1786043744.286721721,/novatel/oem7/inspva,/novatel/oem7/inspva,/novatel/oem7/inspva,39.663,-75.756,-1.800549783,0.002820329,0.001106245,-0.002683325,0.000868346,0.001106245,,novatel_oem7_msgs.msg.InertialSolutionStatus(status=3),
1786043744288856702,1786043744.286914233,/novatel/oem7/fix,/novatel/oem7/fix,/novatel/oem7/inspva,39.663,-75.756,-1.800549783,0.002820329,0.001106245,-0.002683325,0.000868346,0.001106245,,0,
1786043744290039571,1786043744.287334923,/novatel/oem7/odom,/novatel/oem7/fix,/novatel/oem7/odom,39.663,-75.756,-1.800549783,0.002822099,0.001101723,0.000727649,-0.002726677,0.001101723,,,
1786043744295769988,1786043744.295076663,/novatel/oem7/odom,/novatel/oem7/fix,/novatel/oem7/odom,39.663,-75.756,-1.800549783,0.002822099,0.001101723,0.000727649,-0.002726677,0.001101723,,,
1786043744306562833,1786043744.305973083,/novatel/oem7/inspva,/novatel/oem7/inspva,/novatel/oem7/inspva,39.663,-75.756,-1.800538618,0.002671606,0.000987395,-0.002483143,0.000985635,0.000987395,,novatel_oem7_msgs.msg.InertialSolutionStatus(status=3),
1786043744307937130,1786043744.306118355,/novatel/oem7/fix,/novatel/oem7/fix,/novatel/oem7/inspva,39.663,-75.756,-1.800538618,0.002671606,0.000987395,-0.002483143,0.000985635,0.000987395,,0,
1786043744309053154,1786043744.306512100,/novatel/oem7/odom,/novatel/oem7/fix,/novatel/oem7/odom,39.663,-75.756,-1.800538618,0.002672906,0.000983870,0.000855377,-0.002532342,0.000983870,,,
1786043744310584566,1786043744.309474535,/novatel/oem7/bestpos,/novatel/oem7/bestpos,/novatel/oem7/odom,39.663,-75.756,33.181759177,0.002672906,0.000983870,0.000855377,-0.002532342,0.000983870,,novatel_oem7_msgs.msg.SolutionStatus(status=0),novatel_oem7_msgs.msg.PositionOrVelocityType(type=53)
1786043744312050771,1786043744.310144978,/novatel/oem7/bestvel,/novatel/oem7/bestpos,/novatel/oem7/bestvel,39.663,-75.756,33.181759177,0.002337175,0.001007790,,,,163.345065260,novatel_oem7_msgs.msg.SolutionStatus(status=0),novatel_oem7_msgs.msg.PositionOrVelocityType(type=53)
1786043744316300347,1786043744.315579459,/novatel/oem7/odom,/novatel/oem7/bestpos,/novatel/oem7/odom,39.663,-75.756,33.181759177,0.002672906,0.000983870,0.000855377,-0.002532342,0.000983870,,,
1786043744326008374,1786043744.325455881,/novatel/oem7/inspva,/novatel/oem7/inspva,/novatel/oem7/inspva,39.663,-75.756,-1.800521852,0.000585061,0.001786430,-0.000571222,-0.000126496,0.001786430,,novatel_oem7_msgs.msg.InertialSolutionStatus(status=3),
1786043744327506812,1786043744.325602196,/novatel/oem7/fix,/novatel/oem7/fix,/novatel/oem7/inspva,39.663,-75.756,-1.800521852,0.000585061,0.001786430,-0.000571222,-0.000126496,0.001786430,,0,
1786043744328610403,1786043744.326357577,/novatel/oem7/odom,/novatel/oem7/fix,/novatel/oem7/odom,39.663,-75.756,-1.800521852,0.000591623,0.001784267,-0.000162144,-0.000568970,0.001784267,,,
1786043744335466371,1786043744.334784985,/novatel/oem7/odom,/novatel/oem7/fix,/novatel/oem7/odom,39.663,-75.756,-1.800521852,0.000591623,0.001784267,-0.000162144,-0.000568970,0.001784267,,,
1786043744346626330,1786043744.346030221,/novatel/oem7/inspva,/novatel/oem7/inspva,/novatel/oem7/inspva,39.663,-75.756,-1.800518000,0.000822584,0.000587527,-0.000704660,-0.000424380,0.000587527,,novatel_oem7_msgs.msg.InertialSolutionStatus(status=3),
1786043744348062751,1786043744.346172698,/novatel/oem7/fix,/novatel/oem7/fix,/novatel/oem7/inspva,39.663,-75.756,-1.800518000,0.000822584,0.000587527,-0.000704660,-0.000424380,0.000587527,,0,
1786043744349180392,1786043744.346641160,/novatel/oem7/odom,/novatel/oem7/fix,/novatel/oem7/odom,39.663,-75.756,-1.800518000,0.000825180,0.000583875,-0.000461663,-0.000683951,0.000583875,,,
1786043744356918210,1786043744.356005000,/novatel/oem7/odom,/novatel/oem7/fix,/novatel/oem7/odom,39.663,-75.756,-1.800518000,0.000825180,0.000583875,-0.000461663,-0.000683951,0.000583875,,,
1786043744365788118,1786043744.365207726,/novatel/oem7/inspva,/novatel/oem7/inspva,/novatel/oem7/inspva,39.663,-75.756,-1.800508908,0.002645127,-0.000360521,-0.002623819,-0.000335066,-0.000360521,,novatel_oem7_msgs.msg.InertialSolutionStatus(status=3),
1786043744367277006,1786043744.365358517,/novatel/oem7/fix,/novatel/oem7/fix,/novatel/oem7/inspva,39.663,-75.756,-1.800508908,0.002645127,-0.000360521,-0.002623819,-0.000335066,-0.000360521,,0,
1786043744368397814,1786043744.366028096,/novatel/oem7/odom,/novatel/oem7/fix,/novatel/oem7/odom,39.663,-75.756,-1.800508908,0.002643911,-0.000369330,-0.000465492,-0.002602611,-0.000369330,,,
1786043744376207305,1786043744.375487118,/novatel/oem7/odom,/novatel/oem7/fix,/novatel/oem7/odom,39.663,-75.756,-1.800508908,0.002643911,-0.000369330,-0.000465492,-0.002602611,-0.000369330,,,
1786043744385652207,1786043744.385035264,/novatel/oem7/inspva,/novatel/oem7/inspva,/novatel/oem7/inspva,39.663,-75.756,-1.800493879,0.002772980,0.000457143,-0.002707666,0.000598301,0.000457143,,novatel_oem7_msgs.msg.InertialSolutionStatus(status=3),
1786043744387209792,1786043744.385182765,/novatel/oem7/fix,/novatel/oem7/fix,/novatel/oem7/inspva,39.663,-75.756,-1.800493879,0.002772980,0.000457143,-0.002707666,0.000598301,0.000457143,,0,
1786043744388442021,1786043744.385631827,/novatel/oem7/odom,/novatel/oem7/fix,/novatel/oem7/odom,39.663,-75.756,-1.800493879,0.002773890,0.000451589,0.000459262,-0.002735607,0.000451589,,,
1786043744395142812,1786043744.394401761,/novatel/oem7/odom,/novatel/oem7/fix,/novatel/oem7/odom,39.663,-75.756,-1.800493879,0.002773890,0.000451589,0.000459262,-0.002735607,0.000451589,,,
1786043744407301213,1786043744.406665927,/novatel/oem7/inspva,/novatel/oem7/inspva,/novatel/oem7/inspva,39.663,-75.756,-1.800477337,0.000907844,0.001677141,-0.000904952,-0.000072395,0.001677141,,novatel_oem7_msgs.msg.InertialSolutionStatus(status=3),
1786043744408778804,1786043744.406832785,/novatel/oem7/fix,/novatel/oem7/fix,/novatel/oem7/inspva,39.663,-75.756,-1.800477337,0.000907844,0.001677141,-0.000904952,-0.000072395,0.001677141,,0,
1786043744409958426,1786043744.407282526,/novatel/oem7/odom,/novatel/oem7/fix,/novatel/oem7/odom,39.663,-75.756,-1.800477337,0.000913198,0.001674232,-0.000124503,-0.000904671,0.001674232,,,
1786043744411666483,1786043744.410123678,/novatel/oem7/bestpos,/novatel/oem7/bestpos,/novatel/oem7/odom,39.663,-75.756,33.181823214,0.000913198,0.001674232,-0.000124503,-0.000904671,0.001674232,,novatel_oem7_msgs.msg.SolutionStatus(status=0),novatel_oem7_msgs.msg.PositionOrVelocityType(type=53)
1786043744412662030,1786043744.410590656,/novatel/oem7/bestvel,/novatel/oem7/bestpos,/novatel/oem7/bestvel,39.663,-75.756,33.181823214,0.000697069,0.001095233,,,,129.517937818,novatel_oem7_msgs.msg.SolutionStatus(status=0),novatel_oem7_msgs.msg.PositionOrVelocityType(type=53)
1786043744415560836,1786043744.414828798,/novatel/oem7/odom,/novatel/oem7/bestpos,/novatel/oem7/odom,39.663,-75.756,33.181823214,0.000913198,0.001674232,-0.000124503,-0.000904671,0.001674232,,,
1786043744425492731,1786043744.424901365,/novatel/oem7/inspva,/novatel/oem7/inspva,/novatel/oem7/inspva,39.663,-75.756,-1.800474400,0.001136333,0.001063382,-0.000743971,-0.000858929,0.001063382,,novatel_oem7_msgs.msg.InertialSolutionStatus(status=3),
1786043744426948263,1786043744.425047471,/novatel/oem7/fix,/novatel/oem7/fix,/novatel/oem7/inspva,39.663,-75.756,-1.800474400,0.001136333,0.001063382,-0.000743971,-0.000858929,0.001063382,,0,
1786043744428094604,1786043744.425404035,/novatel/oem7/odom,/novatel/oem7/fix,/novatel/oem7/odom,39.663,-75.756,-1.800474400,0.001141371,0.001057973,-0.000899502,-0.000702584,0.001057973,,,
1786043744436143245,1786043744.435452335,/novatel/oem7/odom,/novatel/oem7/fix,/novatel/oem7/odom,39.663,-75.756,-1.800474400,0.001141371,0.001057973,-0.000899502,-0.000702584,0.001057973,,,
1786043744445819168,1786043744.445216672,/novatel/oem7/inspva,/novatel/oem7/inspva,/novatel/oem7/inspva,39.663,-75.756,-1.800476515,0.001823962,-0.000947839,-0.001497490,-0.001041327,-0.000947839,,novatel_oem7_msgs.msg.InertialSolutionStatus(status=3),
1786043744447250399,1786043744.445358980,/novatel/oem7/fix,/novatel/oem7/fix,/novatel/oem7/inspva,39.663,-75.756,-1.800476515,0.001823962,-0.000947839,-0.001497490,-0.001041327,-0.000947839,,0,
1786043744448398234,1786043744.445990213,/novatel/oem7/odom,/novatel/oem7/fix,/novatel/oem7/odom,39.663,-75.756,-1.800476515,0.001819687,-0.000956021,-0.001111795,-0.001440546,-0.000956021,,,
1786043744457074861,1786043744.456370871,/novatel/oem7/odom,/novatel/oem7/fix,/novatel/oem7/odom,39.663,-75.756,-1.800476515,0.001819687,-0.000956021,-0.001111795,-0.001440546,-0.000956021,,,
1786043744466800791,1786043744.466187752,/novatel/oem7/inspva,/novatel/oem7/inspva,/novatel/oem7/inspva,39.663,-75.756,-1.800460314,0.002307721,0.000038738,-0.002259811,-0.000467796,0.000038738,,novatel_oem7_msgs.msg.InertialSolutionStatus(status=3),
1786043744468326366,1786043744.466380384,/novatel/oem7/fix,/novatel/oem7/fix,/novatel/oem7/inspva,39.663,-75.756,-1.800460314,0.002307721,0.000038738,-0.002259811,-0.000467796,0.000038738,,0,
1786043744469606672,1786043744.466901304,/novatel/oem7/odom,/novatel/oem7/fix,/novatel/oem7/odom,39.663,-75.756,-1.800460314,0.002307845,0.000030484,-0.000581266,-0.002233445,0.000030484,,,
1786043744475507861,1786043744.474712277,/novatel/oem7/odom,/novatel/oem7/fix,/novatel/oem7/odom,39.663,-75.756,-1.800460314,0.002307845,0.000030484,-0.000581266,-0.002233445,0.000030484,,,
1786043744485758374,1786043744.485186765,/novatel/oem7/inspva,/novatel/oem7/inspva,/novatel/oem7/inspva,39.663,-75.756,-1.800439012,0.001382937,0.002058834,-0.001313551,0.000432549,0.002058834,,novatel_oem7_msgs.msg.InertialSolutionStatus(status=3),
1786043744487265766,1786043744.485390820,/novatel/oem7/fix,/novatel/oem7/fix,/novatel/oem7/inspva,39.663,-75.756,-1.800439012,0.001382937,0.002058834,-0.001313551,0.000432549,0.002058834,,0,
1786043744488604822,1786043744.485920035,/novatel/oem7/odom,/novatel/oem7/fix,/novatel/oem7/odom,39.663,-75.756,-1.800439012,0.001386181,0.002056651,0.000357743,-0.001339223,0.002056651,,,
1786043744496197328,1786043744.495475535,/novatel/oem7/odom,/novatel/oem7/fix,/novatel/oem7/odom,39.663,-75.756,-1.800439012,0.001386181,0.002056651,0.000357743,-0.001339223,0.002056651,,,
1786043744506750944,1786043744.506179568,/novatel/oem7/inspva,/novatel/oem7/inspva,/novatel/oem7/inspva,39.663,-75.756,-1.800432388,0.001257764,0.001853652,-0.001218115,-0.000313314,0.001853652,,novatel_oem7_msgs.msg.InertialSolutionStatus(status=3),
1786043744508262129,1786043744.506357210,/novatel/oem7/fix,/novatel/oem7/fix,/novatel/oem7/inspva,39.663,-75.756,-1.800432388,0.001257764,0.001853652,-0.001218115,-0.000313314,0.001853652,,0,
1786043744509505381,1786043744.506848361,/novatel/oem7/odom,/novatel/oem7/fix,/novatel/oem7/odom,39.663,-75.756,-1.800432388,0.001264677,0.001848942,-0.000381544,-0.001205750,0.001848942,,,
1786043744512034533,1786043744.511407480,/novatel/oem7/bestpos,/novatel/oem7/bestpos,/novatel/oem7/odom,39.663,-75.756,33.181879803,0.001264677,0.001848942,-0.000381544,-0.001205750,0.001848942,,novatel_oem7_msgs.msg.SolutionStatus(status=0),novatel_oem7_msgs.msg.PositionOrVelocityType(type=53)
1786043744513600449,1786043744.512378440,/novatel/oem7/bestvel,/novatel/oem7/bestpos,/novatel/oem7/bestvel,39.663,-75.756,33.181879803,0.001227825,0.001343218,,,,153.599948440,novatel_oem7_msgs.msg.SolutionStatus(status=0),novatel_oem7_msgs.msg.PositionOrVelocityType(type=53)
1786043744515334586,1786043744.514495025,/novatel/oem7/odom,/novatel/oem7/bestpos,/novatel/oem7/odom,39.663,-75.756,33.181879803,0.001264677,0.001848942,-0.000381544,-0.001205750,0.001848942,,,
1786043744527061297,1786043744.526513205,/novatel/oem7/inspva,/novatel/oem7/inspva,/novatel/oem7/inspva,39.663,-75.756,-1.800436539,0.001518015,-0.000818175,-0.001178662,-0.000956621,-0.000818175,,novatel_oem7_msgs.msg.InertialSolutionStatus(status=3),
1786043744528584169,1786043744.526690743,/novatel/oem7/fix,/novatel/oem7/fix,/novatel/oem7/inspva,39.663,-75.756,-1.800436539,0.001518015,-0.000818175,-0.001178662,-0.000956621,-0.000818175,,0,
1786043744529729273,1786043744.527136534,/novatel/oem7/odom,/novatel/oem7/fix,/novatel/oem7/odom,39.663,-75.756,-1.800436539,0.001514255,-0.000825112,-0.001011653,-0.001126733,-0.000825112,,,
1786043744535921519,1786043744.535169288,/novatel/oem7/odom,/novatel/oem7/fix,/novatel/oem7/odom,39.663,-75.756,-1.800436539,0.001514255,-0.000825112,-0.001011653,-0.001126733,-0.000825112,,,
1786043744545500841,1786043744.544902215,/novatel/oem7/inspva,/novatel/oem7/inspva,/novatel/oem7/inspva,39.663,-75.756,-1.800408629,0.002079222,-0.000208077,-0.001975361,-0.000648932,-0.000208077,,novatel_oem7_msgs.msg.InertialSolutionStatus(status=3),
1786043744547000886,1786043744.545080047,/novatel/oem7/fix,/novatel/oem7/fix,/novatel/oem7/inspva,39.663,-75.756,-1.800408629,0.002079222,-0.000208077,-0.001975361,-0.000648932,-0.000208077,,0,
1786043744548202072,1786043744.545508248,/novatel/oem7/odom,/novatel/oem7/fix,/novatel/oem7/odom,39.663,-75.756,-1.800408629,0.002078398,-0.000216151,-0.000746875,-0.001939566,-0.000216151,,,
1786043744556577805,1786043744.555731377,/novatel/oem7/odom,/novatel/oem7/fix,/novatel/oem7/odom,39.663,-75.756,-1.800408629,0.002078398,-0.000216151,-0.000746875,-0.001939566,-0.000216151,,,
1786043744565897358,1786043744.565300866,/novatel/oem7/inspva,/novatel/oem7/inspva,/novatel/oem7/inspva,39.663,-75.756,-1.800368318,0.002265937,0.003076424,-0.002155832,0.000697751,0.003076424,,novatel_oem7_msgs.msg.InertialSolutionStatus(status=3),
1786043744567521138,1786043744.565508871,/novatel/oem7/fix,/novatel/oem7/fix,/novatel/oem7/inspva,39.663,-75.756,-1.800368318,0.002265937,0.003076424,-0.002155832,0.000697751,0.003076424,,0,
1786043744568745073,1786043744.566191975,/novatel/oem7/odom,/novatel/oem7/fix,/novatel/oem7/odom,39.663,-75.756,-1.800368318,0.002270861,0.003072791,0.000576168,-0.002196552,0.003072791,,,
1786043744576075563,1786043744.575265548,/novatel/oem7/odom,/novatel/oem7/fix,/novatel/oem7/odom,39.663,-75.756,-1.800368318,0.002270861,0.003072791,0.000576168,-0.002196552,0.003072791,,,
1786043744586923675,1786043744.586325563,/novatel/oem7/inspva,/novatel/oem7/inspva,/novatel/oem7/inspva,39.663,-75.756,-1.800353590,0.002070654,0.002769231,-0.002029437,0.000411090,0.002769231,,novatel_oem7_msgs.msg.InertialSolutionStatus(status=3),
1786043744588402657,1786043744.586521305,/novatel/oem7/fix,/novatel/oem7/fix,/novatel/oem7/inspva,39.663,-75.756,-1.800353590,0.002070654,0.002769231,-0.002029437,0.000411090,0.002769231,,0,
1786043744589584912,1786043744.586966515,/novatel/oem7/odom,/novatel/oem7/fix,/novatel/oem7/odom,39.663,-75.756,-1.800353590,0.002076435,0.002764898,0.000297384,-0.002055030,0.002764898,,,
1786043744595291942,1786043744.594557211,/novatel/oem7/odom,/novatel/oem7/fix,/novatel/oem7/odom,39.663,-75.756,-1.800353590,0.002076435,0.002764898,0.000297384,-0.002055030,0.002764898,,,
1786043744606998026,1786043744.606443980,/novatel/oem7/inspva,/novatel/oem7/inspva,/novatel/oem7/inspva,39.663,-75.756,-1.800348676,0.001019511,-0.000017880,-0.000748512,-0.000692193,-0.000017880,,novatel_oem7_msgs.msg.InertialSolutionStatus(status=3),
1786043744608516771,1786043744.606621116,/novatel/oem7/fix,/novatel/oem7/fix,/novatel/oem7/inspva,39.663,-75.756,-1.800348676,0.001019511,-0.000017880,-0.000748512,-0.000692193,-0.000017880,,0,
1786043744609708923,1786043744.607175387,/novatel/oem7/odom,/novatel/oem7/fix,/novatel/oem7/odom,39.663,-75.756,-1.800348676,0.001019417,-0.000022625,-0.000728977,-0.000712603,-0.000022625,,,
1786043744611336593,1786043744.610295972,/novatel/oem7/bestpos,/novatel/oem7/bestpos,/novatel/oem7/odom,39.663,-75.756,33.181971811,0.001019417,-0.000022625,-0.000728977,-0.000712603,-0.000022625,,novatel_oem7_msgs.msg.SolutionStatus(status=0),novatel_oem7_msgs.msg.PositionOrVelocityType(type=53)
1786043744612382613,1786043744.610702460,/novatel/oem7/bestvel,/novatel/oem7/bestpos,/novatel/oem7/bestvel,39.663,-75.756,33.181971811,0.001480058,0.000290180,,,,204.577119436,novatel_oem7_msgs.msg.SolutionStatus(status=0),novatel_oem7_msgs.msg.PositionOrVelocityType(type=53)
1786043744616333419,1786043744.615587151,/novatel/oem7/odom,/novatel/oem7/bestpos,/novatel/oem7/odom,39.663,-75.756,33.181971811,0.001019417,-0.000022625,-0.000728977,-0.000712603,-0.000022625,,,
1786043744625900088,1786043744.625327529,/novatel/oem7/inspva,/novatel/oem7/inspva,/novatel/oem7/inspva,39.663,-75.756,-1.800330442,0.001915012,-0.000442740,-0.001747345,-0.000783619,-0.000442740,,novatel_oem7_msgs.msg.InertialSolutionStatus(status=3),
1786043744627373609,1786043744.625521065,/novatel/oem7/fix,/novatel/oem7/fix,/novatel/oem7/inspva,39.663,-75.756,-1.800330442,0.001915012,-0.000442740,-0.001747345,-0.000783619,-0.000442740,,0,
1786043744628559891,1786043744.625999362,/novatel/oem7/odom,/novatel/oem7/fix,/novatel/oem7/odom,39.663,-75.756,-1.800330442,0.001913156,-0.000450696,-0.000868984,-0.001704415,-0.000450696,,,
1786043744635245755,1786043744.634487650,/novatel/oem7/odom,/novatel/oem7/fix,/novatel/oem7/odom,39.663,-75.756,-1.800330442,0.001913156,-0.000450696,-0.000868984,-0.001704415,-0.000450696,,,
1786043744647317692,1786043744.646745790,/novatel/oem7/inspva,/novatel/oem7/inspva,/novatel/oem7/inspva,39.663,-75.756,-1.800290930,0.003098010,0.002266285,-0.002994471,0.000794235,0.002266285,,novatel_oem7_msgs.msg.InertialSolutionStatus(status=3),
1786043744648865138,1786043744.646927658,/novatel/oem7/fix,/novatel/oem7/fix,/novatel/oem7/inspva,39.663,-75.756,-1.800290930,0.003098010,0.002266285,-0.002994471,0.000794235,0.002266285,,0,
1786043744650081703,1786043744.647447707,/novatel/oem7/odom,/novatel/oem7/fix,/novatel/oem7/odom,39.663,-75.756,-1.800290930,0.003102179,0.002260575,0.000633437,-0.003036819,0.002260575,,,
1786043744657259692,1786043744.656479987,/novatel/oem7/odom,/novatel/oem7/fix,/novatel/oem7/odom,39.663,-75.756,-1.800290930,0.003102179,0.002260575,0.000633437,-0.003036819,0.002260575,,,
1786043744665572105,1786043744.664950949,/novatel/oem7/inspva,/novatel/oem7/inspva,/novatel/oem7/inspva,39.663,-75.756,-1.800274610,0.002644357,0.002807412,-0.002640741,0.000138228,0.002807412,,novatel_oem7_msgs.msg.InertialSolutionStatus(status=3),
1786043744667174187,1786043744.665138277,/novatel/oem7/fix,/novatel/oem7/fix,/novatel/oem7/inspva,39.663,-75.756,-1.800274610,0.002644357,0.002807412,-0.002640741,0.000138228,0.002807412,,0,
1786043744668448054,1786043744.665609021,/novatel/oem7/odom,/novatel/oem7/fix,/novatel/oem7/odom,39.663,-75.756,-1.800274610,0.002651916,0.002800273,-0.000006092,-0.002651909,0.002800273,,,
1786043744676251628,1786043744.675502297,/novatel/oem7/odom,/novatel/oem7/fix,/novatel/oem7/odom,39.663,-75.756,-1.800274610,0.002651916,0.002800273,-0.000006092,-0.002651909,0.002800273,,,
1786043744685929751,1786043744.685316328,/novatel/oem7/inspva,/novatel/oem7/inspva,/novatel/oem7/inspva,39.663,-75.756,-1.800270731,0.001452257,0.000673186,-0.000616635,-0.001314843,0.000673186,,novatel_oem7_msgs.msg.InertialSolutionStatus(status=3),
1786043744687297815,1786043744.685559225,/novatel/oem7/fix,/novatel/oem7/fix,/novatel/oem7/inspva,39.663,-75.756,-1.800270731,0.001452257,0.000673186,-0.000616635,-0.001314843,0.000673186,,0,
1786043744688352036,1786043744.686030146,/novatel/oem7/odom,/novatel/oem7/fix,/novatel/oem7/odom,39.663,-75.756,-1.800270731,0.001455357,0.000666458,-0.001346884,-0.000551331,0.000666458,,,
1786043744695580555,1786043744.694917481,/novatel/oem7/odom,/novatel/oem7/fix,/novatel/oem7/odom,39.663,-75.756,-1.800270731,0.001455357,0.000666458,-0.001346884,-0.000551331,0.000666458,,,
1786043744706392396,1786043744.705883411,/novatel/oem7/inspva,/novatel/oem7/inspva,/novatel/oem7/inspva,39.663,-75.756,-1.800251522,0.001639608,0.000301452,-0.001132611,-0.001185540,0.000301452,,novatel_oem7_msgs.msg.InertialSolutionStatus(status=3),
1786043744707770117,1786043744.706041796,/novatel/oem7/fix,/novatel/oem7/fix,/novatel/oem7/inspva,39.663,-75.756,-1.800251522,0.001639608,0.000301452,-0.001132611,-0.001185540,0.000301452,,0,
1786043744708845124,1786043744.706527574,/novatel/oem7/odom,/novatel/oem7/fix,/novatel/oem7/odom,39.663,-75.756,-1.800251522,0.001641008,0.000293735,-0.001242318,-0.001072172,0.000293735,,,
1786043744710359613,1786043744.709255031,/novatel/oem7/bestpos,/novatel/oem7/bestpos,/novatel/oem7/odom,39.663,-75.756,33.182061861,0.001641008,0.000293735,-0.001242318,-0.001072172,0.000293735,,novatel_oem7_msgs.msg.SolutionStatus(status=0),novatel_oem7_msgs.msg.PositionOrVelocityType(type=53)
1786043744711810440,1786043744.709920514,/novatel/oem7/bestvel,/novatel/oem7/bestpos,/novatel/oem7/bestvel,39.663,-75.756,33.182061861,0.001615947,0.000273731,,,,230.006461203,novatel_oem7_msgs.msg.SolutionStatus(status=0),novatel_oem7_msgs.msg.PositionOrVelocityType(type=53)
1786043744715114506,1786043744.714471656,/novatel/oem7/odom,/novatel/oem7/bestpos,/novatel/oem7/odom,39.663,-75.756,33.182061861,0.001641008,0.000293735,-0.001242318,-0.001072172,0.000293735,,,
1786043744725896668,1786043744.725336752,/novatel/oem7/inspva,/novatel/oem7/inspva,/novatel/oem7/inspva,39.663,-75.756,-1.800232600,0.003332908,0.000462194,-0.003314554,0.000349296,0.000462194,,novatel_oem7_msgs.msg.InertialSolutionStatus(status=3),
1786043744727252718,1786043744.725559095,/novatel/oem7/fix,/novatel/oem7/fix,/novatel/oem7/inspva,39.663,-75.756,-1.800232600,0.003332908,0.000462194,-0.003314554,0.000349296,0.000462194,,0,
1786043744728320142,1786043744.726122473,/novatel/oem7/odom,/novatel/oem7/fix,/novatel/oem7/odom,39.663,-75.756,-1.800232600,0.003334047,0.000453907,0.000179890,-0.003329190,0.000453907,,,
1786043744736268528,1786043744.735633891,/novatel/oem7/odom,/novatel/oem7/fix,/novatel/oem7/odom,39.663,-75.756,-1.800232600,0.003334047,0.000453907,0.000179890,-0.003329190,0.000453907,,,
1786043744746009525,1786043744.745482824,/novatel/oem7/inspva,/novatel/oem7/inspva,/novatel/oem7/inspva,39.663,-75.756,-1.800208709,0.003210772,0.001738716,-0.003191546,-0.000350843,0.001738716,,novatel_oem7_msgs.msg.InertialSolutionStatus(status=3),
1786043744747343369,1786043744.745666195,/novatel/oem7/fix,/novatel/oem7/fix,/novatel/oem7/inspva,39.663,-75.756,-1.800208709,0.003210772,0.001738716,-0.003191546,-0.000350843,0.001738716,,0,
1786043744748436183,1786043744.746140016,/novatel/oem7/odom,/novatel/oem7/fix,/novatel/oem7/odom,39.663,-75.756,-1.800208709,0.003216488,0.001728118,-0.000518112,-0.003174485,0.001728118,,,
1786043744756541550,1786043744.755851055,/novatel/oem7/odom,/novatel/oem7/fix,/novatel/oem7/odom,39.663,-75.756,-1.800208709,0.003216488,0.001728118,-0.000518112,-0.003174485,0.001728118,,,
1786043744767247437,1786043744.766727606,/novatel/oem7/inspva,/novatel/oem7/inspva,/novatel/oem7/inspva,39.663,-75.756,-1.800192351,0.001754105,0.002057854,-0.001094335,-0.001370881,0.002057854,,novatel_oem7_msgs.msg.InertialSolutionStatus(status=3),
1786043744768624105,1786043744.766927338,/novatel/oem7/fix,/novatel/oem7/fix,/novatel/oem7/inspva,39.663,-75.756,-1.800192351,0.001754105,0.002057854,-0.001094335,-0.001370881,0.002057854,,0,
1786043744769709719,1786043744.767613967,/novatel/oem7/odom,/novatel/oem7/fix,/novatel/oem7/odom,39.663,-75.756,-1.800192351,0.001763862,0.002049497,-0.001432364,-0.001029341,0.002049497,,,
1786043744776287732,1786043744.775617935,/novatel/oem7/odom,/novatel/oem7/fix,/novatel/oem7/odom,39.663,-75.756,-1.800192351,0.001763862,0.002049497,-0.001432364,-0.001029341,0.002049497,,,
1786043744785519160,1786043744.784991662,/novatel/oem7/inspva,/novatel/oem7/inspva,/novatel/oem7/inspva,39.663,-75.756,-1.800186562,0.001994840,0.000600984,-0.001239774,-0.001562802,0.000600984,,novatel_oem7_msgs.msg.InertialSolutionStatus(status=3),
1786043744786835007,1786043744.785162390,/novatel/oem7/fix,/novatel/oem7/fix,/novatel/oem7/inspva,39.663,-75.756,-1.800186562,0.001994840,0.000600984,-0.001239774,-0.001562802,0.000600984,,0,
1786043744787881917,1786043744.785619972,/novatel/oem7/odom,/novatel/oem7/fix,/novatel/oem7/odom,39.663,-75.756,-1.800186562,0.001997668,0.000591519,-0.001625667,-0.001160983,0.000591519,,,
1786043744796124323,1786043744.795500396,/novatel/oem7/odom,/novatel/oem7/fix,/novatel/oem7/odom,39.663,-75.756,-1.800186562,0.001997668,0.000591519,-0.001625667,-0.001160983,0.000591519,,,
1786043744807577344,1786043744.806722242,/novatel/oem7/inspva,/novatel/oem7/inspva,/novatel/oem7/inspva,39.663,-75.756,-1.800184162,0.002832747,-0.000773707,-0.002711415,-0.000820173,-0.000773707,,novatel_oem7_msgs.msg.InertialSolutionStatus(status=3),
1786043744809733739,1786043744.806896984,/novatel/oem7/fix,/novatel/oem7/fix,/novatel/oem7/inspva,39.663,-75.756,-1.800184162,0.002832747,-0.000773707,-0.002711415,-0.000820173,-0.000773707,,0,
1786043744811509124,1786043744.807315610,/novatel/oem7/odom,/novatel/oem7/fix,/novatel/oem7/odom,39.663,-75.756,-1.800184162,0.002829769,-0.000784528,-0.000952845,-0.002664523,-0.000784528,,,
1786043744813882964,1786043744.810538764,/novatel/oem7/bestpos,/novatel/oem7/bestpos,/novatel/oem7/odom,39.663,-75.756,33.182147846,0.002829769,-0.000784528,-0.000952845,-0.002664523,-0.000784528,,novatel_oem7_msgs.msg.SolutionStatus(status=0),novatel_oem7_msgs.msg.PositionOrVelocityType(type=53)
1786043744815363608,1786043744.811015752,/novatel/oem7/bestvel,/novatel/oem7/bestpos,/novatel/oem7/bestvel,39.663,-75.756,33.182147846,0.003951940,0.000282412,,,,216.259748456,novatel_oem7_msgs.msg.SolutionStatus(status=0),novatel_oem7_msgs.msg.PositionOrVelocityType(type=53)
1786043744817954811,1786043744.814934862,/novatel/oem7/odom,/novatel/oem7/bestpos,/novatel/oem7/odom,39.663,-75.756,33.182147846,0.002829769,-0.000784528,-0.000952845,-0.002664523,-0.000784528,,,
1786043744826759796,1786043744.825920408,/novatel/oem7/inspva,/novatel/oem7/inspva,/novatel/oem7/inspva,39.663,-75.756,-1.800171076,0.002986819,0.000290587,-0.002980859,-0.000188597,0.000290587,,novatel_oem7_msgs.msg.InertialSolutionStatus(status=3),
1786043744828862050,1786043744.826089089,/novatel/oem7/fix,/novatel/oem7/fix,/novatel/oem7/inspva,39.663,-75.756,-1.800171076,0.002986819,0.000290587,-0.002980859,-0.000188597,0.000290587,,0,
1786043744830577841,1786043744.826594168,/novatel/oem7/odom,/novatel/oem7/fix,/novatel/oem7/odom,39.663,-75.756,-1.800171076,0.002987714,0.000281234,-0.000339823,-0.002968326,0.000281234,,,
1786043744836488016,1786043744.835358038,/novatel/oem7/odom,/novatel/oem7/fix,/novatel/oem7/odom,39.663,-75.756,-1.800171076,0.002987714,0.000281234,-0.000339823,-0.002968326,0.000281234,,,
1786043744845777859,1786043744.845238631,/novatel/oem7/inspva,/novatel/oem7/inspva,/novatel/oem7/inspva,39.663,-75.756,-1.800144841,0.002485851,0.002618369,-0.002403124,-0.000635965,0.002618369,,novatel_oem7_msgs.msg.InertialSolutionStatus(status=3),
1786043744847155850,1786043744.845416486,/novatel/oem7/fix,/novatel/oem7/fix,/novatel/oem7/inspva,39.663,-75.756,-1.800144841,0.002485851,0.002618369,-0.002403124,-0.000635965,0.002618369,,0,
1786043744848246091,1786043744.845774289,/novatel/oem7/odom,/novatel/oem7/fix,/novatel/oem7/odom,39.663,-75.756,-1.800144841,0.002495714,0.002608969,-0.000766575,-0.002375069,0.002608969,,,
1786043744857097442,1786043744.856445859,/novatel/oem7/odom,/novatel/oem7/fix,/novatel/oem7/odom,39.663,-75.756,-1.800144841,0.002495714,0.002608969,-0.000766575,-0.002375069,0.002608969,,,
1786043744866497283,1786043744.865977064,/novatel/oem7/inspva,/novatel/oem7/inspva,/novatel/oem7/inspva,39.663,-75.756,-1.800146827,0.002179268,0.001375769,-0.001754271,-0.001292958,0.001375769,,novatel_oem7_msgs.msg.InertialSolutionStatus(status=3),
1786043744867828253,1786043744.866161586,/novatel/oem7/fix,/novatel/oem7/fix,/novatel/oem7/inspva,39.663,-75.756,-1.800146827,0.002179268,0.001375769,-0.001754271,-0.001292958,0.001375769,,0,
1786043744868910314,1786043744.866665531,/novatel/oem7/odom,/novatel/oem7/fix,/novatel/oem7/odom,39.663,-75.756,-1.800146827,0.002185515,0.001365822,-0.001385159,-0.001690506,0.001365822,,,
1786043744875118196,1786043744.874487072,/novatel/oem7/odom,/novatel/oem7/fix,/novatel/oem7/odom,39.663,-75.756,-1.800146827,0.002185515,0.001365822,-0.001385159,-0.001690506,0.001365822,,,
1786043744886902960,1786043744.886405495,/novatel/oem7/inspva,/novatel/oem7/inspva,/novatel/oem7/inspva,39.663,-75.756,-1.800154281,0.002415629,-0.001256202,-0.002188699,-0.001022185,-0.001256202,,novatel_oem7_msgs.msg.InertialSolutionStatus(status=3),
1786043744888204326,1786043744.886589704,/novatel/oem7/fix,/novatel/oem7/fix,/novatel/oem7/inspva,39.663,-75.756,-1.800154281,0.002415629,-0.001256202,-0.002188699,-0.001022185,-0.001256202,,0,
1786043744889219640,1786043744.887035646,/novatel/oem7/odom,/novatel/oem7/fix,/novatel/oem7/odom,39.663,-75.756,-1.800154281,0.002410357,-0.001266288,-0.001126446,-0.002130948,-0.001266288,,,
1786043744895867957,1786043744.895137005,/novatel/oem7/odom,/novatel/oem7/fix,/novatel/oem7/odom,39.663,-75.756,-1.800154281,0.002410357,-0.001266288,-0.001126446,-0.002130948,-0.001266288,,,
1786043744906323855,1786043744.905775199,/novatel/oem7/inspva,/novatel/oem7/inspva,/novatel/oem7/inspva,39.663,-75.756,-1.800132877,0.002242714,-0.000005624,-0.002238402,-0.000139005,-0.000005624,,novatel_oem7_msgs.msg.InertialSolutionStatus(status=3),
1786043744907776819,1786043744.905930677,/novatel/oem7/fix,/novatel/oem7/fix,/novatel/oem7/inspva,39.663,-75.756,-1.800132877,0.002242714,-0.000005624,-0.002238402,-0.000139005,-0.000005624,,0,
1786043744908912523,1786043744.906342862,/novatel/oem7/odom,/novatel/oem7/fix,/novatel/oem7/odom,39.663,-75.756,-1.800132877,0.002242685,-0.000012635,-0.000251761,-0.002228509,-0.000012635,,,
1786043744910505243,1786043744.909502673,/novatel/oem7/bestpos,/novatel/oem7/bestpos,/novatel/oem7/odom,39.663,-75.756,33.182179917,0.002242685,-0.000012635,-0.000251761,-0.002228509,-0.000012635,,novatel_oem7_msgs.msg.SolutionStatus(status=0),novatel_oem7_msgs.msg.PositionOrVelocityType(type=53)
1786043744912058179,1786043744.910278004,/novatel/oem7/bestvel,/novatel/oem7/bestpos,/novatel/oem7/bestvel,39.663,-75.756,33.182179917,0.002246587,0.000345568,,,,212.954954525,novatel_oem7_msgs.msg.SolutionStatus(status=0),novatel_oem7_msgs.msg.PositionOrVelocityType(type=53)
1786043744915461209,1786043744.914387582,/novatel/oem7/odom,/novatel/oem7/bestpos,/novatel/oem7/odom,39.663,-75.756,33.182179917,0.002242685,-0.000012635,-0.000251761,-0.002228509,-0.000012635,,,
1786043744927047392,1786043744.926475206,/novatel/oem7/inspva,/novatel/oem7/inspva,/novatel/oem7/inspva,39.663,-75.756,-1.800095694,0.002884293,0.002667563,-0.002860481,0.000369853,0.002667563,,novatel_oem7_msgs.msg.InertialSolutionStatus(status=3),
1786043744928532550,1786043744.926664268,/novatel/oem7/fix,/novatel/oem7/fix,/novatel/oem7/inspva,39.663,-75.756,-1.800095694,0.002884293,0.002667563,-0.002860481,0.000369853,0.002667563,,0,
1786043744929732702,1786043744.927107242,/novatel/oem7/odom,/novatel/oem7/fix,/novatel/oem7/odom,39.663,-75.756,-1.800095694,0.002890720,0.002660596,0.000214641,-0.002882740,0.002660596,,,
1786043744935776802,1786043744.935042025,/novatel/oem7/odom,/novatel/oem7/fix,/novatel/oem7/odom,39.663,-75.756,-1.800095694,0.002890720,0.002660596,0.000214641,-0.002882740,0.002660596,,,
1786043744945529107,1786043744.944967291,/novatel/oem7/inspva,/novatel/oem7/inspva,/novatel/oem7/inspva,39.663,-75.756,-1.800083042,0.001913673,0.002184895,-0.001888456,-0.000309643,0.002184895,,novatel_oem7_msgs.msg.InertialSolutionStatus(status=3),
1786043744946985324,1786043744.945143453,/novatel/oem7/fix,/novatel/oem7/fix,/novatel/oem7/inspva,39.663,-75.756,-1.800083042,0.001913673,0.002184895,-0.001888456,-0.000309643,0.002184895,,0,
1786043744948135059,1786043744.945561069,/novatel/oem7/odom,/novatel/oem7/fix,/novatel/oem7/odom,39.663,-75.756,-1.800083042,0.001921231,0.002178252,-0.000413043,-0.001876306,0.002178252,,,
1786043744956805862,1786043744.956032175,/novatel/oem7/odom,/novatel/oem7/fix,/novatel/oem7/odom,39.663,-75.756,-1.800083042,0.001921231,0.002178252,-0.000413043,-0.001876306,0.002178252,,,
1786043744965985101,1786043744.965388048,/novatel/oem7/inspva,/novatel/oem7/inspva,/novatel/oem7/inspva,39.663,-75.756,-1.800087755,0.002190483,-0.000797133,-0.001587000,-0.001509850,-0.000797133,,novatel_oem7_msgs.msg.InertialSolutionStatus(status=3),
1786043744967482399,1786043744.965594727,/novatel/oem7/fix,/novatel/oem7/fix,/novatel/oem7/inspva,39.663,-75.756,-1.800087755,0.002190483,-0.000797133,-0.001587000,-0.001509850,-0.000797133,,0,
1786043744968700785,1786043744.966126774,/novatel/oem7/odom,/novatel/oem7/fix,/novatel/oem7/odom,39.663,-75.756,-1.800087755,0.002186753,-0.000807310,-0.001584895,-0.001506650,-0.000807310,,,
1786043744975530399,1786043744.974794812,/novatel/oem7/odom,/novatel/oem7/fix,/novatel/oem7/odom,39.663,-75.756,-1.800087755,0.002186753,-0.000807310,-0.001584895,-0.001506650,-0.000807310,,,
1786043744986670851,1786043744.986070465,/novatel/oem7/inspva,/novatel/oem7/inspva,/novatel/oem7/inspva,39.663,-75.756,-1.800068336,0.001906072,-0.000456757,-0.001816609,-0.000577101,-0.000456757,,novatel_oem7_msgs.msg.InertialSolutionStatus(status=3),
1786043744988579434,1786043744.986245820,/novatel/oem7/fix,/novatel/oem7/fix,/novatel/oem7/inspva,39.663,-75.756,-1.800068336,0.001906072,-0.000456757,-0.001816609,-0.000577101,-0.000456757,,0,
1786043744989762319,1786043744.986740565,/novatel/oem7/odom,/novatel/oem7/fix,/novatel/oem7/odom,39.663,-75.756,-1.800068336,0.001904288,-0.000464141,-0.000666272,-0.001783926,-0.000464141,,,
1786043744995081035,1786043744.994336357,/novatel/oem7/odom,/novatel/oem7/fix,/novatel/oem7/odom,39.663,-75.756,-1.800068336,0.001904288,-0.000464141,-0.000666272,-0.001783926,-0.000464141,,,
1786043745010663738,1786043745.010013218,/novatel/oem7/inspva,/novatel/oem7/inspva,/novatel/oem7/inspva,39.663,-75.756,-1.800036686,0.003334736,0.001784751,-0.003333700,-0.000083146,0.001784751,,novatel_oem7_msgs.msg.InertialSolutionStatus(status=3),
1786043745012136915,1786043745.010202010,/novatel/oem7/fix,/novatel/oem7/fix,/novatel/oem7/inspva,39.663,-75.756,-1.800036686,0.003334736,0.001784751,-0.003333700,-0.000083146,0.001784751,,0,
1786043745013333847,1786043745.011311434,/novatel/oem7/odom,/novatel/oem7/fix,/novatel/oem7/odom,39.663,-75.756,-1.800036686,0.003340072,0.001774745,-0.000258278,-0.003330071,0.001774745,,,
1786043745016490519,1786043745.015718508,/novatel/oem7/odom,/novatel/oem7/fix,/novatel/oem7/odom,39.663,-75.756,-1.800036686,0.003340072,0.001774745,-0.000258278,-0.003330071,0.001774745,,,
1786043745027537696,1786043745.026876206,/novatel/oem7/bestpos,/novatel/oem7/bestpos,/novatel/oem7/odom,39.663,-75.756,33.182257257,0.003340072,0.001774745,-0.000258278,-0.003330071,0.001774745,,novatel_oem7_msgs.msg.SolutionStatus(status=0),novatel_oem7_msgs.msg.PositionOrVelocityType(type=53)
1786043745029085785,1786043745.027305604,/novatel/oem7/bestvel,/novatel/oem7/bestpos,/novatel/oem7/bestvel,39.663,-75.756,33.182257257,0.002768810,0.001241034,,,,173.463584114,novatel_oem7_msgs.msg.SolutionStatus(status=0),novatel_oem7_msgs.msg.PositionOrVelocityType(type=53)
1786043745030118432,1786043745.027739035,/novatel/oem7/inspva,/novatel/oem7/inspva,/novatel/oem7/inspva,39.663,-75.756,-1.800027783,0.002282640,0.001341287,-0.002282015,0.000053412,0.001341287,,novatel_oem7_msgs.msg.InertialSolutionStatus(status=3),
1786043745031043974,1786043745.027923680,/novatel/oem7/fix,/novatel/oem7/fix,/novatel/oem7/inspva,39.663,-75.756,-1.800027783,0.002282640,0.001341287,-0.002282015,0.000053412,0.001341287,,0,
1786043745032202356,1786043745.028398358,/novatel/oem7/odom,/novatel/oem7/fix,/novatel/oem7/odom,39.663,-75.756,-1.800027783,0.002286407,0.001334855,-0.000067052,-0.002285424,0.001334855,,,
1786043745035440532,1786043745.034691161,/novatel/oem7/odom,/novatel/oem7/fix,/novatel/oem7/odom,39.663,-75.756,-1.800027783,0.002286407,0.001334855,-0.000067052,-0.002285424,0.001334855,,,
1786043745047119065,1786043745.046556769,/novatel/oem7/inspva,/novatel/oem7/inspva,/novatel/oem7/inspva,39.663,-75.756,-1.800049216,0.002047489,0.000006002,-0.000872309,-0.001852374,0.000006002,,novatel_oem7_msgs.msg.InertialSolutionStatus(status=3),
1786043745048676214,1786043745.046770682,/novatel/oem7/fix,/novatel/oem7/fix,/novatel/oem7/inspva,39.663,-75.756,-1.800049216,0.002047489,0.000006002,-0.000872309,-0.001852374,0.000006002,,0,
1786043745050054601,1786043745.047189296,/novatel/oem7/odom,/novatel/oem7/fix,/novatel/oem7/odom,39.663,-75.756,-1.800049216,0.002047495,-0.000003440,-0.001894054,-0.000777687,-0.000003440,,,
1786043745057125849,1786043745.056393178,/novatel/oem7/odom,/novatel/oem7/fix,/novatel/oem7/odom,39.663,-75.756,-1.800049216,0.002047495,-0.000003440,-0.001894054,-0.000777687,-0.000003440,,,
1786043745065695488,1786043745.065118282,/novatel/oem7/inspva,/novatel/oem7/inspva,/novatel/oem7/inspva,39.663,-75.756,-1.800071573,0.002155102,-0.000550876,-0.001127800,-0.001836445,-0.000550876,,novatel_oem7_msgs.msg.InertialSolutionStatus(status=3),
1786043745067662857,1786043745.065292047,/novatel/oem7/fix,/novatel/oem7/fix,/novatel/oem7/inspva,39.663,-75.756,-1.800071573,0.002155102,-0.000550876,-0.001127800,-0.001836445,-0.000550876,,0,
1786043745068883730,1786043745.065788432,/novatel/oem7/odom,/novatel/oem7/fix,/novatel/oem7/odom,39.663,-75.756,-1.800071573,0.002152503,-0.000560946,-0.001888869,-0.001032202,-0.000560946,,,
1786043745075401208,1786043745.074662114,/novatel/oem7/odom,/novatel/oem7/fix,/novatel/oem7/odom,39.663,-75.756,-1.800071573,0.002152503,-0.000560946,-0.001888869,-0.001032202,-0.000560946,,,
1786043745085964443,1786043745.085354991,/novatel/oem7/inspva,/novatel/oem7/inspva,/novatel/oem7/inspva,39.663,-75.756,-1.800068939,0.002999421,0.001327678,-0.002999119,0.000042575,0.001327678,,novatel_oem7_msgs.msg.InertialSolutionStatus(status=3),
1786043745087481375,1786043745.085582766,/novatel/oem7/fix,/novatel/oem7/fix,/novatel/oem7/inspva,39.663,-75.756,-1.800068939,0.002999421,0.001327678,-0.002999119,0.000042575,0.001327678,,0,
1786043745088759315,1786043745.086151749,/novatel/oem7/odom,/novatel/oem7/fix,/novatel/oem7/odom,39.663,-75.756,-1.800068939,0.003003193,0.001319123,-0.000113952,-0.003001030,0.001319123,,,
1786043745095910437,1786043745.095206756,/novatel/oem7/odom,/novatel/oem7/fix,/novatel/oem7/odom,39.663,-75.756,-1.800068939,0.003003193,0.001319123,-0.000113952,-0.003001030,0.001319123,,,
1786043745106788639,1786043745.106220403,/novatel/oem7/inspva,/novatel/oem7/inspva,/novatel/oem7/inspva,39.663,-75.756,-1.800090141,0.002270365,0.001424383,-0.002211597,-0.000513220,0.001424383,,novatel_oem7_msgs.msg.InertialSolutionStatus(status=3),
1786043745108267426,1786043745.106389768,/novatel/oem7/fix,/novatel/oem7/fix,/novatel/oem7/inspva,39.663,-75.756,-1.800090141,0.002270365,0.001424383,-0.002211597,-0.000513220,0.001424383,,0,
1786043745109439905,1786043745.106881853,/novatel/oem7/odom,/novatel/oem7/fix,/novatel/oem7/odom,39.663,-75.756,-1.800090141,0.002275560,0.001416069,-0.000629694,-0.002186700,0.001416069,,,
1786043745111073891,1786043745.109687574,/novatel/oem7/bestpos,/novatel/oem7/bestpos,/novatel/oem7/odom,39.663,-75.756,33.182196901,0.002275560,0.001416069,-0.000629694,-0.002186700,0.001416069,,novatel_oem7_msgs.msg.SolutionStatus(status=0),novatel_oem7_msgs.msg.PositionOrVelocityType(type=53)
1786043745112101949,1786043745.110465518,/novatel/oem7/bestvel,/novatel/oem7/bestpos,/novatel/oem7/bestvel,39.663,-75.756,33.182196901,0.002572043,0.001123036,,,,170.194524306,novatel_oem7_msgs.msg.SolutionStatus(status=0),novatel_oem7_msgs.msg.PositionOrVelocityType(type=53)
1786043745115264536,1786043745.114570350,/novatel/oem7/odom,/novatel/oem7/bestpos,/novatel/oem7/odom,39.663,-75.756,33.182196901,0.002275560,0.001416069,-0.000629694,-0.002186700,0.001416069,,,
1786043745125858849,1786043745.125274596,/novatel/oem7/inspva,/novatel/oem7/inspva,/novatel/oem7/inspva,39.663,-75.756,-1.800119570,0.001944021,-0.000196600,-0.000589728,-0.001852415,-0.000196600,,novatel_oem7_msgs.msg.InertialSolutionStatus(status=3),
1786043745127320754,1786043745.125473555,/novatel/oem7/fix,/novatel/oem7/fix,/novatel/oem7/inspva,39.663,-75.756,-1.800119570,0.001944021,-0.000196600,-0.000589728,-0.001852415,-0.000196600,,0,
1786043745128526446,1786043745.126073935,/novatel/oem7/odom,/novatel/oem7/fix,/novatel/oem7/odom,39.663,-75.756,-1.800119570,0.001943132,-0.000205205,-0.001879028,-0.000494990,-0.000205205,,,
1786043745136263716,1786043745.135520913,/novatel/oem7/odom,/novatel/oem7/fix,/novatel/oem7/odom,39.663,-75.756,-1.800119570,0.001943132,-0.000205205,-0.001879028,-0.000494990,-0.000205205,,,
1786043745145738571,1786043745.145150465,/novatel/oem7/inspva,/novatel/oem7/inspva,/novatel/oem7/inspva,39.663,-75.756,-1.800142597,0.001773139,-0.000248939,-0.001015826,-0.001453313,-0.000248939,,novatel_oem7_msgs.msg.InertialSolutionStatus(status=3),
1786043745147280206,1786043745.145325981,/novatel/oem7/fix,/novatel/oem7/fix,/novatel/oem7/inspva,39.663,-75.756,-1.800142597,0.001773139,-0.000248939,-0.001015826,-0.001453313,-0.000248939,,0,
1786043745148576423,1786043745.145790648,/novatel/oem7/odom,/novatel/oem7/fix,/novatel/oem7/odom,39.663,-75.756,-1.800142597,0.001771945,-0.000257300,-0.001501720,-0.000940546,-0.000257300,,,
1786043745156364651,1786043745.155617667,/novatel/oem7/odom,/novatel/oem7/fix,/novatel/oem7/odom,39.663,-75.756,-1.800142597,0.001771945,-0.000257300,-0.001501720,-0.000940546,-0.000257300,,,
1786043745167138355,1786043745.166568776,/novatel/oem7/inspva,/novatel/oem7/inspva,/novatel/oem7/inspva,39.663,-75.756,-1.800150397,0.002966336,0.000394363,-0.002817493,-0.000927839,0.000394363,,novatel_oem7_msgs.msg.InertialSolutionStatus(status=3),
1786043745169016654,1786043745.166734398,/novatel/oem7/fix,/novatel/oem7/fix,/novatel/oem7/inspva,39.663,-75.756,-1.800150397,0.002966336,0.000394363,-0.002817493,-0.000927839,0.000394363,,0,
1786043745170282810,1786043745.167202996,/novatel/oem7/odom,/novatel/oem7/fix,/novatel/oem7/odom,39.663,-75.756,-1.800150397,0.002967858,0.000382740,-0.001070261,-0.002768162,0.000382740,,,
1786043745175627037,1786043745.174869099,/novatel/oem7/odom,/novatel/oem7/fix,/novatel/oem7/odom,39.663,-75.756,-1.800150397,0.002967858,0.000382740,-0.001070261,-0.002768162,0.000382740,,,
1786043745185677740,1786043745.185095991,/novatel/oem7/inspva,/novatel/oem7/inspva,/novatel/oem7/inspva,39.663,-75.756,-1.800163114,0.002491318,0.001274595,-0.002483069,-0.000202566,0.001274595,,novatel_oem7_msgs.msg.InertialSolutionStatus(status=3),
1786043745187212159,1786043745.185260973,/novatel/oem7/fix,/novatel/oem7/fix,/novatel/oem7/inspva,39.663,-75.756,-1.800163114,0.002491318,0.001274595,-0.002483069,-0.000202566,0.001274595,,0,
1786043745188415958,1786043745.185619485,/novatel/oem7/odom,/novatel/oem7/fix,/novatel/oem7/odom,39.663,-75.756,-1.800163114,0.002495371,0.001266642,-0.000332454,-0.002473125,0.001266642,,,
1786043745195630477,1786043745.194883536,/novatel/oem7/odom,/novatel/oem7/fix,/novatel/oem7/odom,39.663,-75.756,-1.800163114,0.002495371,0.001266642,-0.000332454,-0.002473125,0.001266642,,,
1786043745207083188,1786043745.206555696,/novatel/oem7/inspva,/novatel/oem7/inspva,/novatel/oem7/inspva,39.663,-75.756,-1.800184204,0.001274668,0.000595439,-0.000919179,-0.000883112,0.000595439,,novatel_oem7_msgs.msg.InertialSolutionStatus(status=3),
1786043745208628920,1786043745.206720828,/novatel/oem7/fix,/novatel/oem7/fix,/novatel/oem7/inspva,39.663,-75.756,-1.800184204,0.001274668,0.000595439,-0.000919179,-0.000883112,0.000595439,,0,
1786043745209832999,1786043745.207182182,/novatel/oem7/odom,/novatel/oem7/fix,/novatel/oem7/odom,39.663,-75.756,-1.800184204,0.001277441,0.000589465,-0.000930658,-0.000875061,0.000589465,,,
1786043745211509195,1786043745.210609677,/novatel/oem7/bestpos,/novatel/oem7/bestpos,/novatel/oem7/odom,39.663,-75.756,33.182103813,0.001277441,0.000589465,-0.000930658,-0.000875061,0.000589465,,novatel_oem7_msgs.msg.SolutionStatus(status=0),novatel_oem7_msgs.msg.PositionOrVelocityType(type=53)
1786043745213078428,1786043745.211135855,/novatel/oem7/bestvel,/novatel/oem7/bestpos,/novatel/oem7/bestvel,39.663,-75.756,33.182103813,0.000922258,-0.000097792,,,,155.843995668,novatel_oem7_msgs.msg.SolutionStatus(status=0),novatel_oem7_msgs.msg.PositionOrVelocityType(type=53)
1786043745215872639,1786043745.215127775,/novatel/oem7/odom,/novatel/oem7/bestpos,/novatel/oem7/odom,39.663,-75.756,33.182103813,0.001277441,0.000589465,-0.000930658,-0.000875061,0.000589465,,,
1786043745226862656,1786043745.226246560,/novatel/oem7/inspva,/novatel/oem7/inspva,/novatel/oem7/inspva,39.663,-75.756,-1.800203423,0.001433215,0.000563535,-0.000871892,-0.001137502,0.000563535,,novatel_oem7_msgs.msg.InertialSolutionStatus(status=3),
1786043745228370997,1786043745.226414294,/novatel/oem7/fix,/novatel/oem7/fix,/novatel/oem7/inspva,39.663,-75.756,-1.800203423,0.001433215,0.000563535,-0.000871892,-0.001137502,0.000563535,,0,
1786043745229622310,1786043745.226883029,/novatel/oem7/odom,/novatel/oem7/fix,/novatel/oem7/odom,39.663,-75.756,-1.800203423,0.001435862,0.000556757,-0.001182194,-0.000814933,0.000556757,,,
1786043745235218939,1786043745.234471175,/novatel/oem7/odom,/novatel/oem7/fix,/novatel/oem7/odom,39.663,-75.756,-1.800203423,0.001435862,0.000556757,-0.001182194,-0.000814933,0.000556757,,,
1786043745245936523,1786043745.245361424,/novatel/oem7/inspva,/novatel/oem7/inspva,/novatel/oem7/inspva,39.663,-75.756,-1.800217596,0.002413159,-0.000327661,-0.002341869,-0.000582227,-0.000327661,,novatel_oem7_msgs.msg.InertialSolutionStatus(status=3),
1786043745247452682,1786043745.245542459,/novatel/oem7/fix,/novatel/oem7/fix,/novatel/oem7/inspva,39.663,-75.756,-1.800217596,0.002413159,-0.000327661,-0.002341869,-0.000582227,-0.000327661,,0,
1786043745248682084,1786043745.246202079,/novatel/oem7/odom,/novatel/oem7/fix,/novatel/oem7/odom,39.663,-75.756,-1.800217596,0.002411929,-0.000336598,-0.000698288,-0.002308635,-0.000336598,,,
1786043745257259500,1786043745.256526650,/novatel/oem7/odom,/novatel/oem7/fix,/novatel/oem7/odom,39.663,-75.756,-1.800217596,0.002411929,-0.000336598,-0.000698288,-0.002308635,-0.000336598,,,
1786043745265488132,1786043745.264915606,/novatel/oem7/inspva,/novatel/oem7/inspva,/novatel/oem7/inspva,39.663,-75.756,-1.800219530,0.002806207,0.000841391,-0.002708021,-0.000735813,0.000841391,,novatel_oem7_msgs.msg.InertialSolutionStatus(status=3),
1786043745266953107,1786043745.265075668,/novatel/oem7/fix,/novatel/oem7/fix,/novatel/oem7/inspva,39.663,-75.756,-1.800219530,0.002806207,0.000841391,-0.002708021,-0.000735813,0.000841391,,0,
1786043745268151932,1786043745.265533546,/novatel/oem7/odom,/novatel/oem7/fix,/novatel/oem7/odom,39.663,-75.756,-1.800219530,0.002809354,0.000830824,-0.000874649,-0.002669730,0.000830824,,,
1786043745275080864,1786043745.274356504,/novatel/oem7/odom,/novatel/oem7/fix,/novatel/oem7/odom,39.663,-75.756,-1.800219530,0.002809354,0.000830824,-0.000874649,-0.002669730,0.000830824,,,
1786043745287158919,1786043745.286540556,/novatel/oem7/inspva,/novatel/oem7/inspva,/novatel/oem7/inspva,39.663,-75.756,-1.800231851,0.001554673,0.001085563,-0.001039698,-0.001155870,0.001085563,,novatel_oem7_msgs.msg.InertialSolutionStatus(status=3),
1786043745288707474,1786043745.286712790,/novatel/oem7/fix,/novatel/oem7/fix,/novatel/oem7/inspva,39.663,-75.756,-1.800231851,0.001554673,0.001085563,-0.001039698,-0.001155870,0.001085563,,0,
1786043745289964627,1786043745.287063191,/novatel/oem7/odom,/novatel/oem7/fix,/novatel/oem7/odom,39.663,-75.756,-1.800231851,0.001559794,0.001078192,-0.001211047,-0.000983018,0.001078192,,,
1786043745295714137,1786043745.294983546,/novatel/oem7/odom,/novatel/oem7/fix,/novatel/oem7/odom,39.663,-75.756,-1.800231851,0.001559794,0.001078192,-0.001211047,-0.000983018,0.001078192,,,
1786043745306415064,1786043745.305883719,/novatel/oem7/inspva,/novatel/oem7/inspva,/novatel/oem7/inspva,39.663,-75.756,-1.800253397,0.001399214,0.000948895,-0.000891782,-0.001078205,0.000948895,,novatel_oem7_msgs.msg.InertialSolutionStatus(status=3),
1786043745307930659,1786043745.306040651,/novatel/oem7/fix,/novatel/oem7/fix,/novatel/oem7/inspva,39.663,-75.756,-1.800253397,0.001399214,0.000948895,-0.000891782,-0.001078205,0.000948895,,0,
1786043745309069964,1786043745.306527329,/novatel/oem7/odom,/novatel/oem7/fix,/novatel/oem7/odom,39.663,-75.756,-1.800253397,0.001403704,0.000942241,-0.001125479,-0.000838858,0.000942241,,,
1786043745310698470,1786043745.309553719,/novatel/oem7/bestpos,/novatel/oem7/bestpos,/novatel/oem7/odom,39.663,-75.756,33.182026017,0.001403704,0.000942241,-0.001125479,-0.000838858,0.000942241,,novatel_oem7_msgs.msg.SolutionStatus(status=0),novatel_oem7_msgs.msg.PositionOrVelocityType(type=53)
1786043745312371971,1786043745.310381077,/novatel/oem7/bestvel,/novatel/oem7/bestpos,/novatel/oem7/bestvel,39.663,-75.756,33.182026017,0.000312255,-0.000076364,,,,300.152386472,novatel_oem7_msgs.msg.SolutionStatus(status=0),novatel_oem7_msgs.msg.PositionOrVelocityType(type=53)
1786043745315358524,1786043745.314585186,/novatel/oem7/odom,/novatel/oem7/bestpos,/novatel/oem7/odom,39.663,-75.756,33.182026017,0.001403704,0.000942241,-0.001125479,-0.000838858,0.000942241,,,
1786043745325781228,1786043745.325206815,/novatel/oem7/inspva,/novatel/oem7/inspva,/novatel/oem7/inspva,39.663,-75.756,-1.800272332,0.002339459,-0.000433666,-0.001999042,-0.001215278,-0.000433666,,novatel_oem7_msgs.msg.InertialSolutionStatus(status=3),
1786043745327327060,1786043745.325360244,/novatel/oem7/fix,/novatel/oem7/fix,/novatel/oem7/inspva,39.663,-75.756,-1.800272332,0.002339459,-0.000433666,-0.001999042,-0.001215278,-0.000433666,,0,
1786043745328595069,1786043745.325983763,/novatel/oem7/odom,/novatel/oem7/fix,/novatel/oem7/odom,39.663,-75.756,-1.800272332,0.002337523,-0.000443987,-0.001312787,-0.001934064,-0.000443987,,,
1786043745335462825,1786043745.334765297,/novatel/oem7/odom,/novatel/oem7/fix,/novatel/oem7/odom,39.663,-75.756,-1.800272332,0.002337523,-0.000443987,-0.001312787,-0.001934064,-0.000443987,,,
1786043745346547432,1786043745.345972243,/novatel/oem7/inspva,/novatel/oem7/inspva,/novatel/oem7/inspva,39.663,-75.756,-1.800284465,0.002469396,-0.000481702,-0.002327205,-0.000825855,-0.000481702,,novatel_oem7_msgs.msg.InertialSolutionStatus(status=3),
1786043745348062744,1786043745.346117904,/novatel/oem7/fix,/novatel/oem7/fix,/novatel/oem7/inspva,39.663,-75.756,-1.800284465,0.002469396,-0.000481702,-0.002327205,-0.000825855,-0.000481702,,0,
1786043745349194062,1786043745.346551096,/novatel/oem7/odom,/novatel/oem7/fix,/novatel/oem7/odom,39.663,-75.756,-1.800284465,0.002467467,-0.000491489,-0.000940180,-0.002281327,-0.000491489,,,
1786043745356448818,1786043745.355749277,/novatel/oem7/odom,/novatel/oem7/fix,/novatel/oem7/odom,39.663,-75.756,-1.800284465,0.002467467,-0.000491489,-0.000940180,-0.002281327,-0.000491489,,,
1786043745365803611,1786043745.365211622,/novatel/oem7/inspva,/novatel/oem7/inspva,/novatel/oem7/inspva,39.663,-75.756,-1.800281980,0.001996533,0.001820875,-0.001556953,-0.001249816,0.001820875,,novatel_oem7_msgs.msg.InertialSolutionStatus(status=3),
1786043745367382931,1786043745.365362061,/novatel/oem7/fix,/novatel/oem7/fix,/novatel/oem7/inspva,39.663,-75.756,-1.800281980,0.001996533,0.001820875,-0.001556953,-0.001249816,0.001820875,,0,
1786043745368649686,1786043745.365900049,/novatel/oem7/odom,/novatel/oem7/fix,/novatel/oem7/odom,39.663,-75.756,-1.800281980,0.002004932,0.001811623,-0.001333790,-0.001496916,0.001811623,,,
1786043745376116784,1786043745.375412820,/novatel/oem7/odom,/novatel/oem7/fix,/novatel/oem7/odom,39.663,-75.756,-1.800281980,0.002004932,0.001811623,-0.001333790,-0.001496916,0.001811623,,,
1786043745385721680,1786043745.385175379,/novatel/oem7/inspva,/novatel/oem7/inspva,/novatel/oem7/inspva,39.663,-75.756,-1.800312034,0.001852154,0.001410657,-0.001406088,-0.001205566,0.001410657,,novatel_oem7_msgs.msg.InertialSolutionStatus(status=3),
1786043745387279713,1786043745.385313520,/novatel/oem7/fix,/novatel/oem7/fix,/novatel/oem7/inspva,39.663,-75.756,-1.800312034,0.001852154,0.001410657,-0.001406088,-0.001205566,0.001410657,,0,
1786043745388490592,1786043745.385756621,/novatel/oem7/odom,/novatel/oem7/fix,/novatel/oem7/odom,39.663,-75.756,-1.800312034,0.001858701,0.001402018,-0.001280378,-0.001347369,0.001402018,,,
1786043745395155362,1786043745.394358814,/novatel/oem7/odom,/novatel/oem7/fix,/novatel/oem7/odom,39.663,-75.756,-1.800312034,0.001858701,0.001402018,-0.001280378,-0.001347369,0.001402018,,,
1786043745407314660,1786043745.406716660,/novatel/oem7/inspva,/novatel/oem7/inspva,/novatel/oem7/inspva,39.663,-75.756,-1.800337045,0.002411662,-0.000768258,-0.001188548,-0.002098444,-0.000768258,,novatel_oem7_msgs.msg.InertialSolutionStatus(status=3),
1786043745408824215,1786043745.406858845,/novatel/oem7/fix,/novatel/oem7/fix,/novatel/oem7/inspva,39.663,-75.756,-1.800337045,0.002411662,-0.000768258,-0.001188548,-0.002098444,-0.000768258,,0,
1786043745410035617,1786043745.407217385,/novatel/oem7/odom,/novatel/oem7/fix,/novatel/oem7/odom,39.663,-75.756,-1.800337045,0.002408040,-0.000779533,-0.002152645,-0.001079249,-0.000779533,,,
1786043745411677494,1786043745.410007207,/novatel/oem7/bestpos,/novatel/oem7/bestpos,/novatel/oem7/odom,39.663,-75.756,33.181959704,0.002408040,-0.000779533,-0.002152645,-0.001079249,-0.000779533,,novatel_oem7_msgs.msg.SolutionStatus(status=0),novatel_oem7_msgs.msg.PositionOrVelocityType(type=53)
1786043745412752854,1786043745.410472325,/novatel/oem7/bestvel,/novatel/oem7/bestpos,/novatel/oem7/bestvel,39.663,-75.756,33.181959704,0.002877702,-0.000392937,,,,237.645147695,novatel_oem7_msgs.msg.SolutionStatus(status=0),novatel_oem7_msgs.msg.PositionOrVelocityType(type=53)
1786043745415786918,1786043745.415034707,/novatel/oem7/odom,/novatel/oem7/bestpos,/novatel/oem7/odom,39.663,-75.756,33.181959704,0.002408040,-0.000779533,-0.002152645,-0.001079249,-0.000779533,,,
1786043745425477968,1786043745.424899692,/novatel/oem7/inspva,/novatel/oem7/inspva,/novatel/oem7/inspva,39.663,-75.756,-1.800343212,0.002161368,-0.000610133,-0.001602647,-0.001450183,-0.000610133,,novatel_oem7_msgs.msg.InertialSolutionStatus(status=3),
1786043745426978950,1786043745.425043647,/novatel/oem7/fix,/novatel/oem7/fix,/novatel/oem7/inspva,39.663,-75.756,-1.800343212,0.002161368,-0.000610133,-0.001602647,-0.001450183,-0.000610133,,0,
1786043745428548572,1786043745.425453204,/novatel/oem7/odom,/novatel/oem7/fix,/novatel/oem7/odom,39.663,-75.756,-1.800343212,0.002158514,-0.000620151,-0.001526679,-0.001525921,-0.000620151,,,
1786043745436236802,1786043745.435466594,/novatel/oem7/odom,/novatel/oem7/fix,/novatel/oem7/odom,39.663,-75.756,-1.800343212,0.002158514,-0.000620151,-0.001526679,-0.001525921,-0.000620151,,,
1786043745445932719,1786043745.445358694,/novatel/oem7/inspva,/novatel/oem7/inspva,/novatel/oem7/inspva,39.663,-75.756,-1.800337111,0.002057197,0.001672622,-0.002051892,0.000147643,0.001672622,,novatel_oem7_msgs.msg.InertialSolutionStatus(status=3),
1786043745447584049,1786043745.445531635,/novatel/oem7/fix,/novatel/oem7/fix,/novatel/oem7/inspva,39.663,-75.756,-1.800337111,0.002057197,0.001672622,-0.002051892,0.000147643,0.001672622,,0,
1786043745448802911,1786043745.446201262,/novatel/oem7/odom,/novatel/oem7/fix,/novatel/oem7/odom,39.663,-75.756,-1.800337111,0.002061591,0.001667202,0.000037632,-0.002061248,0.001667202,,,
1786043745457079041,1786043745.456372939,/novatel/oem7/odom,/novatel/oem7/fix,/novatel/oem7/odom,39.663,-75.756,-1.800337111,0.002061591,0.001667202,0.000037632,-0.002061248,0.001667202,,,
1786043745466610433,1786043745.466026160,/novatel/oem7/inspva,/novatel/oem7/inspva,/novatel/oem7/inspva,39.663,-75.756,-1.800361458,0.001588198,0.001815807,-0.001579443,0.000166534,0.001815807,,novatel_oem7_msgs.msg.InertialSolutionStatus(status=3),
1786043745468176785,1786043745.466173118,/novatel/oem7/fix,/novatel/oem7/fix,/novatel/oem7/inspva,39.663,-75.756,-1.800361458,0.001588198,0.001815807,-0.001579443,0.000166534,0.001815807,,0,
1786043745469403771,1786043745.466575646,/novatel/oem7/odom,/novatel/oem7/fix,/novatel/oem7/odom,39.663,-75.756,-1.800361458,0.001592755,0.001811811,0.000079725,-0.001590759,0.001811811,,,
1786043745475452597,1786043745.474718230,/novatel/oem7/odom,/novatel/oem7/fix,/novatel/oem7/odom,39.663,-75.756,-1.800361458,0.001592755,0.001811811,0.000079725,-0.001590759,0.001811811,,,
1786043745485870772,1786043745.485316100,/novatel/oem7/inspva,/novatel/oem7/inspva,/novatel/oem7/inspva,39.663,-75.756,-1.800392195,0.001884620,-0.000719142,-0.000427714,-0.001835443,-0.000719142,,novatel_oem7_msgs.msg.InertialSolutionStatus(status=3),
1786043745487358483,1786043745.485472841,/novatel/oem7/fix,/novatel/oem7/fix,/novatel/oem7/inspva,39.663,-75.756,-1.800392195,0.001884620,-0.000719142,-0.000427714,-0.001835443,-0.000719142,,0,
1786043745488538862,1786043745.486061124,/novatel/oem7/odom,/novatel/oem7/fix,/novatel/oem7/odom,39.663,-75.756,-1.800392195,0.001881496,-0.000727275,-0.001851830,-0.000332796,-0.000727275,,,
1786043745496234282,1786043745.495533868,/novatel/oem7/odom,/novatel/oem7/fix,/novatel/oem7/odom,39.663,-75.756,-1.800392195,0.001881496,-0.000727275,-0.001851830,-0.000332796,-0.000727275,,,
1786043745506765484,1786043745.506167341,/novatel/oem7/inspva,/novatel/oem7/inspva,/novatel/oem7/inspva,39.663,-75.756,-1.800400204,0.001649827,-0.000933726,-0.000792603,-0.001446965,-0.000933726,,novatel_oem7_msgs.msg.InertialSolutionStatus(status=3),
1786043745508277789,1786043745.506304343,/novatel/oem7/fix,/novatel/oem7/fix,/novatel/oem7/inspva,39.663,-75.756,-1.800400204,0.001649827,-0.000933726,-0.000792603,-0.001446965,-0.000933726,,0,
1786043745509496748,1786043745.506711980,/novatel/oem7/odom,/novatel/oem7/fix,/novatel/oem7/odom,39.663,-75.756,-1.800400204,0.001645459,-0.000941402,-0.001481396,-0.000716241,-0.000941402,,,
1786043745512606839,1786043745.511933702,/novatel/oem7/bestpos,/novatel/oem7/bestpos,/novatel/oem7/odom,39.663,-75.756,33.181905401,0.001645459,-0.000941402,-0.001481396,-0.000716241,-0.000941402,,novatel_oem7_msgs.msg.SolutionStatus(status=0),novatel_oem7_msgs.msg.PositionOrVelocityType(type=53)
1786043745514183735,1786043745.512318203,/novatel/oem7/bestvel,/novatel/oem7/bestpos,/novatel/oem7/bestvel,39.663,-75.756,33.181905401,0.002504425,-0.000206785,,,,227.872721002,novatel_oem7_msgs.msg.SolutionStatus(status=0),novatel_oem7_msgs.msg.PositionOrVelocityType(type=53)
1786043745515944146,1786043745.514505132,/novatel/oem7/odom,/novatel/oem7/bestpos,/novatel/oem7/odom,39.663,-75.756,33.181905401,0.001645459,-0.000941402,-0.001481396,-0.000716241,-0.000941402,,,
1786043745527297313,1786043745.526711690,/novatel/oem7/inspva,/novatel/oem7/inspva,/novatel/oem7/inspva,39.663,-75.756,-1.800393385,0.002108415,0.001191450,-0.001995830,0.000679763,0.001191450,,novatel_oem7_msgs.msg.InertialSolutionStatus(status=3),
1786043745528805241,1786043745.526854678,/novatel/oem7/fix,/novatel/oem7/fix,/novatel/oem7/inspva,39.663,-75.756,-1.800393385,0.002108415,0.001191450,-0.001995830,0.000679763,0.001191450,,0,
1786043745530048180,1786043745.527185555,/novatel/oem7/odom,/novatel/oem7/fix,/novatel/oem7/odom,39.663,-75.756,-1.800393385,0.002110228,0.001188237,0.000573795,-0.002030719,0.001188237,,,
1786043745535843891,1786043745.535139808,/novatel/oem7/odom,/novatel/oem7/fix,/novatel/oem7/odom,39.663,-75.756,-1.800393385,0.002110228,0.001188237,0.000573795,-0.002030719,0.001188237,,,
1786043745545736014,1786043745.545154361,/novatel/oem7/inspva,/novatel/oem7/inspva,/novatel/oem7/inspva,39.663,-75.756,-1.800416411,0.002324179,0.000988785,-0.002013020,0.001161705,0.000988785,,novatel_oem7_msgs.msg.InertialSolutionStatus(status=3),
1786043745547275679,1786043745.545298513,/novatel/oem7/fix,/novatel/oem7/fix,/novatel/oem7/inspva,39.663,-75.756,-1.800416411,0.002324179,0.000988785,-0.002013020,0.001161705,0.000988785,,0,
1786043745548477141,1786043745.545629086,/novatel/oem7/odom,/novatel/oem7/fix,/novatel/oem7/odom,39.663,-75.756,-1.800416411,0.002324815,0.000987289,0.001055075,-0.002071613,0.000987289,,,
1786043745556315096,1786043745.555617813,/novatel/oem7/odom,/novatel/oem7/fix,/novatel/oem7/odom,39.663,-75.756,-1.800416411,0.002324815,0.000987289,0.001055075,-0.002071613,0.000987289,,,
1786043745565933736,1786043745.565358563,/novatel/oem7/inspva,/novatel/oem7/inspva,/novatel/oem7/inspva,39.663,-75.756,-1.800434287,0.001269196,0.000738378,0.000038300,-0.001268618,0.000738378,,novatel_oem7_msgs.msg.InertialSolutionStatus(status=3),
1786043745567492731,1786043745.565521412,/novatel/oem7/fix,/novatel/oem7/fix,/novatel/oem7/inspva,39.663,-75.756,-1.800434287,0.001269196,0.000738378,0.000038300,-0.001268618,0.000738378,,0,
1786043745568718287,1786043745.566105368,/novatel/oem7/odom,/novatel/oem7/fix,/novatel/oem7/odom,39.663,-75.756,-1.800434287,0.001271924,0.000733668,-0.001267978,0.000100109,0.000733668,,,
1786043745575302243,1786043745.574554299,/novatel/oem7/odom,/novatel/oem7/fix,/novatel/oem7/odom,39.663,-75.756,-1.800434287,0.001271924,0.000733668,-0.001267978,0.000100109,0.000733668,,,
1786043745586583255,1786043745.586038963,/novatel/oem7/inspva,/novatel/oem7/inspva,/novatel/oem7/inspva,39.663,-75.756,-1.800457288,0.001465112,-0.000318557,0.000014574,-0.001465040,-0.000318557,,novatel_oem7_msgs.msg.InertialSolutionStatus(status=3),
1786043745588106921,1786043745.586175108,/novatel/oem7/fix,/novatel/oem7/fix,/novatel/oem7/inspva,39.663,-75.756,-1.800457288,0.001465112,-0.000318557,0.000014574,-0.001465040,-0.000318557,,0,
1786043745589469377,1786043745.586676426,/novatel/oem7/odom,/novatel/oem7/fix,/novatel/oem7/odom,39.663,-75.756,-1.800457288,0.001463913,-0.000324023,-0.001461196,0.000089145,-0.000324023,,,
1786043745595334350,1786043745.594614176,/novatel/oem7/odom,/novatel/oem7/fix,/novatel/oem7/odom,39.663,-75.756,-1.800457288,0.001463913,-0.000324023,-0.001461196,0.000089145,-0.000324023,,,
1786043745606829955,1786043745.606270905,/novatel/oem7/inspva,/novatel/oem7/inspva,/novatel/oem7/inspva,39.663,-75.756,-1.800465153,0.001873197,-0.000171324,-0.001872921,-0.000032155,-0.000171324,,novatel_oem7_msgs.msg.InertialSolutionStatus(status=3),
1786043745608219835,1786043745.606417597,/novatel/oem7/fix,/novatel/oem7/fix,/novatel/oem7/inspva,39.663,-75.756,-1.800465153,0.001873197,-0.000171324,-0.001872921,-0.000032155,-0.000171324,,0,
1786043745609351790,1786043745.607109261,/novatel/oem7/odom,/novatel/oem7/fix,/novatel/oem7/odom,39.663,-75.756,-1.800465153,0.001872680,-0.000176891,-0.000125680,-0.001868458,-0.000176891,,,
1786043745610916055,1786043745.610218435,/novatel/oem7/bestpos,/novatel/oem7/bestpos,/novatel/oem7/odom,39.663,-75.756,33.181823480,0.001872680,-0.000176891,-0.000125680,-0.001868458,-0.000176891,,novatel_oem7_msgs.msg.SolutionStatus(status=0),novatel_oem7_msgs.msg.PositionOrVelocityType(type=53)
1786043745612451074,1786043745.610630723,/novatel/oem7/bestvel,/novatel/oem7/bestpos,/novatel/oem7/bestvel,39.663,-75.756,33.181823480,0.001849267,0.000070904,,,,201.367328378,novatel_oem7_msgs.msg.SolutionStatus(status=0),novatel_oem7_msgs.msg.PositionOrVelocityType(type=53)
1786043745616111134,1786043745.615444371,/novatel/oem7/odom,/novatel/oem7/bestpos,/novatel/oem7/odom,39.663,-75.756,33.181823480,0.001872680,-0.000176891,-0.000125680,-0.001868458,-0.000176891,,,
1786043745626582655,1786043745.625236972,/novatel/oem7/inspva,/novatel/oem7/inspva,/novatel/oem7/inspva,39.663,-75.756,-1.800483319,0.001873062,0.000088677,-0.001871488,-0.000076784,0.000088677,,novatel_oem7_msgs.msg.InertialSolutionStatus(status=3),
1786043745628091567,1786043745.625515072,/novatel/oem7/fix,/novatel/oem7/fix,/novatel/oem7/inspva,39.663,-75.756,-1.800483319,0.001873062,0.000088677,-0.001871488,-0.000076784,0.000088677,,0,
1786043745629291015,1786043745.625902589,/novatel/oem7/odom,/novatel/oem7/fix,/novatel/oem7/odom,39.663,-75.756,-1.800483319,0.001873325,0.000082940,-0.000171174,-0.001865488,0.000082940,,,
1786043745635201231,1786043745.634525290,/novatel/oem7/odom,/novatel/oem7/fix,/novatel/oem7/odom,39.663,-75.756,-1.800483319,0.001873325,0.000082940,-0.000171174,-0.001865488,0.000082940,,,
1786043745647223819,1786043745.646648786,/novatel/oem7/inspva,/novatel/oem7/inspva,/novatel/oem7/inspva,39.663,-75.756,-1.800493165,0.000514398,0.001064484,-0.000484730,-0.000172171,0.001064484,,novatel_oem7_msgs.msg.InertialSolutionStatus(status=3),
1786043745648736624,1786043745.646844378,/novatel/oem7/fix,/novatel/oem7/fix,/novatel/oem7/inspva,39.663,-75.756,-1.800493165,0.000514398,0.001064484,-0.000484730,-0.000172171,0.001064484,,0,
1786043745649914129,1786043745.647314026,/novatel/oem7/odom,/novatel/oem7/fix,/novatel/oem7/odom,39.663,-75.756,-1.800493165,0.000518694,0.001062398,-0.000200520,-0.000478367,0.001062398,,,
1786043745657006029,1786043745.656237565,/novatel/oem7/odom,/novatel/oem7/fix,/novatel/oem7/odom,39.663,-75.756,-1.800493165,0.000518694,0.001062398,-0.000200520,-0.000478367,0.001062398,,,
1786043745665545708,1786043745.664966939,/novatel/oem7/inspva,/novatel/oem7/inspva,/novatel/oem7/inspva,39.663,-75.756,-1.800522440,0.001212451,0.000465813,-0.000080391,-0.001209783,0.000465813,,novatel_oem7_msgs.msg.InertialSolutionStatus(status=3),
1786043745667038640,1786043745.665132714,/novatel/oem7/fix,/novatel/oem7/fix,/novatel/oem7/inspva,39.663,-75.756,-1.800522440,0.001212451,0.000465813,-0.000080391,-0.001209783,0.000465813,,0,
1786043745668219755,1786043745.665578492,/novatel/oem7/odom,/novatel/oem7/fix,/novatel/oem7/odom,39.663,-75.756,-1.800522440,0.001214291,0.000460994,-0.001214115,-0.000020690,0.000460994,,,
1786043745676279295,1786043745.675590240,/novatel/oem7/odom,/novatel/oem7/fix,/novatel/oem7/odom,39.663,-75.756,-1.800522440,0.001214291,0.000460994,-0.001214115,-0.000020690,0.000460994,,,
1786043745686242465,1786043745.685685603,/novatel/oem7/inspva,/novatel/oem7/inspva,/novatel/oem7/inspva,39.663,-75.756,-1.800558385,0.000934415,-0.001744336,-0.000508886,-0.000783688,-0.001744336,,novatel_oem7_msgs.msg.InertialSolutionStatus(status=3),
1786043745687776760,1786043745.685848431,/novatel/oem7/fix,/novatel/oem7/fix,/novatel/oem7/inspva,39.663,-75.756,-1.800558385,0.000934415,-0.001744336,-0.000508886,-0.000783688,-0.001744336,,0,
1786043745688897728,1786043745.686545625,/novatel/oem7/odom,/novatel/oem7/fix,/novatel/oem7/odom,39.663,-75.756,-1.800558385,0.000926139,-0.001748744,-0.000801482,-0.000464069,-0.001748744,,,
1786043745695605918,1786043745.694886205,/novatel/oem7/odom,/novatel/oem7/fix,/novatel/oem7/odom,39.663,-75.756,-1.800558385,0.000926139,-0.001748744,-0.000801482,-0.000464069,-0.001748744,,,
1786043745706465487,1786043745.705896171,/novatel/oem7/inspva,/novatel/oem7/inspva,/novatel/oem7/inspva,39.663,-75.756,-1.800577544,0.001285183,-0.001270428,-0.001115585,-0.000638095,-0.001270428,,novatel_oem7_msgs.msg.InertialSolutionStatus(status=3),
1786043745707897918,1786043745.706081540,/novatel/oem7/fix,/novatel/oem7/fix,/novatel/oem7/inspva,39.663,-75.756,-1.800577544,0.001285183,-0.001270428,-0.001115585,-0.000638095,-0.001270428,,0,
1786043745709062900,1786043745.706464574,/novatel/oem7/odom,/novatel/oem7/fix,/novatel/oem7/odom,39.663,-75.756,-1.800577544,0.001279597,-0.001276053,-0.000688433,-0.001078624,-0.001276053,,,
1786043745710626945,1786043745.709155551,/novatel/oem7/bestpos,/novatel/oem7/bestpos,/novatel/oem7/odom,39.663,-75.756,33.181710152,0.001279597,-0.001276053,-0.000688433,-0.001078624,-0.001276053,,novatel_oem7_msgs.msg.SolutionStatus(status=0),novatel_oem7_msgs.msg.PositionOrVelocityType(type=53)
1786043745711661896,1786043745.709492321,/novatel/oem7/bestvel,/novatel/oem7/bestpos,/novatel/oem7/bestvel,39.663,-75.756,33.181710152,0.002404031,-0.000394849,,,,214.551582244,novatel_oem7_msgs.msg.SolutionStatus(status=0),novatel_oem7_msgs.msg.PositionOrVelocityType(type=53)
1786043745715291599,1786043745.714550065,/novatel/oem7/odom,/novatel/oem7/bestpos,/novatel/oem7/odom,39.663,-75.756,33.181710152,0.001279597,-0.001276053,-0.000688433,-0.001078624,-0.001276053,,,
1786043745725905738,1786043745.725260825,/novatel/oem7/inspva,/novatel/oem7/inspva,/novatel/oem7/inspva,39.663,-75.756,-1.800588185,0.001364915,0.000726961,-0.001364800,0.000017739,0.000726961,,novatel_oem7_msgs.msg.InertialSolutionStatus(status=3),
1786043745727478074,1786043745.725433290,/novatel/oem7/fix,/novatel/oem7/fix,/novatel/oem7/inspva,39.663,-75.756,-1.800588185,0.001364915,0.000726961,-0.001364800,0.000017739,0.000726961,,0,
1786043745728708216,1786043745.725928858,/novatel/oem7/odom,/novatel/oem7/fix,/novatel/oem7/odom,39.663,-75.756,-1.800588185,0.001367011,0.000723012,-0.000053787,-0.001365952,0.000723012,,,
1786043745736239515,1786043745.735467994,/novatel/oem7/odom,/novatel/oem7/fix,/novatel/oem7/odom,39.663,-75.756,-1.800588185,0.001367011,0.000723012,-0.000053787,-0.001365952,0.000723012,,,
1786043745745705453,1786043745.745055220,/novatel/oem7/inspva,/novatel/oem7/inspva,/novatel/oem7/inspva,39.663,-75.756,-1.800621692,0.000855346,0.000701233,-0.000848357,0.000109120,0.000701233,,novatel_oem7_msgs.msg.InertialSolutionStatus(status=3),
1786043745747238835,1786043745.745210974,/novatel/oem7/fix,/novatel/oem7/fix,/novatel/oem7/inspva,39.663,-75.756,-1.800621692,0.000855346,0.000701233,-0.000848357,0.000109120,0.000701233,,0,
1786043745748460244,1786043745.745665383,/novatel/oem7/odom,/novatel/oem7/fix,/novatel/oem7/odom,39.663,-75.756,-1.800621692,0.000857063,0.000699133,0.000063571,-0.000854702,0.000699133,,,
1786043745756333089,1786043745.755614002,/novatel/oem7/odom,/novatel/oem7/fix,/novatel/oem7/odom,39.663,-75.756,-1.800621692,0.000857063,0.000699133,0.000063571,-0.000854702,0.000699133,,,
1786043745767104873,1786043745.766520507,/novatel/oem7/inspva,/novatel/oem7/inspva,/novatel/oem7/inspva,39.663,-75.756,-1.800665608,0.001157920,-0.001800557,0.000609084,-0.000984782,-0.001800557,,novatel_oem7_msgs.msg.InertialSolutionStatus(status=3),
1786043745768561005,1786043745.766657659,/novatel/oem7/fix,/novatel/oem7/fix,/novatel/oem7/inspva,39.663,-75.756,-1.800665608,0.001157920,-0.001800557,0.000609084,-0.000984782,-0.001800557,,0,
1786043745769691936,1786043745.767083133,/novatel/oem7/odom,/novatel/oem7/fix,/novatel/oem7/odom,39.663,-75.756,-1.800665608,0.001154948,-0.001802465,-0.000945858,0.000662765,-0.001802465,,,
1786043745775665459,1786043745.774930832,/novatel/oem7/odom,/novatel/oem7/fix,/novatel/oem7/odom,39.663,-75.756,-1.800665608,0.001154948,-0.001802465,-0.000945858,0.000662765,-0.001802465,,,
1786043745785553031,1786043745.784945355,/novatel/oem7/inspva,/novatel/oem7/inspva,/novatel/oem7/inspva,39.663,-75.756,-1.800690520,0.001267327,-0.001552619,0.000184684,-0.001253798,-0.001552619,,novatel_oem7_msgs.msg.InertialSolutionStatus(status=3),
1786043745787019302,1786043745.785087007,/novatel/oem7/fix,/novatel/oem7/fix,/novatel/oem7/inspva,39.663,-75.756,-1.800690520,0.001267327,-0.001552619,0.000184684,-0.001253798,-0.001552619,,0,
1786043745788546085,1786043745.785529334,/novatel/oem7/odom,/novatel/oem7/fix,/novatel/oem7/odom,39.663,-75.756,-1.800690520,0.001262241,-0.001556757,-0.001236880,0.000251757,-0.001556757,,,
1786043745796111450,1786043745.795344656,/novatel/oem7/odom,/novatel/oem7/fix,/novatel/oem7/odom,39.663,-75.756,-1.800690520,0.001262241,-0.001556757,-0.001236880,0.000251757,-0.001556757,,,
1786043745807247938,1786043745.806607452,/novatel/oem7/inspva,/novatel/oem7/inspva,/novatel/oem7/inspva,39.663,-75.756,-1.800693809,0.002066428,0.000704057,-0.001782553,0.001045288,0.000704057,,novatel_oem7_msgs.msg.InertialSolutionStatus(status=3),
1786043745808806820,1786043745.806868605,/novatel/oem7/fix,/novatel/oem7/fix,/novatel/oem7/inspva,39.663,-75.756,-1.800693809,0.002066428,0.000704057,-0.001782553,0.001045288,0.000704057,,0,
1786043745810016499,1786043745.807371823,/novatel/oem7/odom,/novatel/oem7/fix,/novatel/oem7/odom,39.663,-75.756,-1.800693809,0.002066889,0.000702701,0.000951589,-0.001834805,0.000702701,,,
1786043745811711819,1786043745.810512717,/novatel/oem7/bestpos,/novatel/oem7/bestpos,/novatel/oem7/odom,39.663,-75.756,33.181577323,0.002066889,0.000702701,0.000951589,-0.001834805,0.000702701,,novatel_oem7_msgs.msg.SolutionStatus(status=0),novatel_oem7_msgs.msg.PositionOrVelocityType(type=53)
1786043745812776494,1786043745.810984892,/novatel/oem7/bestvel,/novatel/oem7/bestpos,/novatel/oem7/bestvel,39.663,-75.756,33.181577323,0.001353467,0.000782254,,,,164.817444642,novatel_oem7_msgs.msg.SolutionStatus(status=0),novatel_oem7_msgs.msg.PositionOrVelocityType(type=53)
1786043745815705119,1786043745.814935978,/novatel/oem7/odom,/novatel/oem7/bestpos,/novatel/oem7/odom,39.663,-75.756,33.181577323,0.002066889,0.000702701,0.000951589,-0.001834805,0.000702701,,,
1786043745826562271,1786043745.825923211,/novatel/oem7/inspva,/novatel/oem7/inspva,/novatel/oem7/inspva,39.663,-75.756,-1.800724551,0.001457032,0.000857143,-0.001394844,0.000421133,0.000857143,,novatel_oem7_msgs.msg.InertialSolutionStatus(status=3),
1786043745828089980,1786043745.826141220,/novatel/oem7/fix,/novatel/oem7/fix,/novatel/oem7/inspva,39.663,-75.756,-1.800724551,0.001457032,0.000857143,-0.001394844,0.000421133,0.000857143,,0,
1786043745829327419,1786043745.826472290,/novatel/oem7/odom,/novatel/oem7/fix,/novatel/oem7/odom,39.663,-75.756,-1.800724551,0.001458508,0.000854629,0.000347099,-0.001416604,0.000854629,,,
1786043745836205804,1786043745.835416416,/novatel/oem7/odom,/novatel/oem7/fix,/novatel/oem7/odom,39.663,-75.756,-1.800724551,0.001458508,0.000854629,0.000347099,-0.001416604,0.000854629,,,
1786043745845978432,1786043745.845319392,/novatel/oem7/inspva,/novatel/oem7/inspva,/novatel/oem7/inspva,39.663,-75.756,-1.800763734,0.000660667,-0.001172733,0.000394487,-0.000529964,-0.001172733,,novatel_oem7_msgs.msg.InertialSolutionStatus(status=3),
1786043745847530417,1786043745.845528111,/novatel/oem7/fix,/novatel/oem7/fix,/novatel/oem7/inspva,39.663,-75.756,-1.800763734,0.000660667,-0.001172733,0.000394487,-0.000529964,-0.001172733,,0,
1786043745848722883,1786043745.846050593,/novatel/oem7/odom,/novatel/oem7/fix,/novatel/oem7/odom,39.663,-75.756,-1.800763734,0.000659206,-0.001173555,-0.000504887,0.000423842,-0.001173555,,,
1786043745857175027,1786043745.856452883,/novatel/oem7/odom,/novatel/oem7/fix,/novatel/oem7/odom,39.663,-75.756,-1.800763734,0.000659206,-0.001173555,-0.000504887,0.000423842,-0.001173555,,,
1786043745865844340,1786043745.865256758,/novatel/oem7/inspva,/novatel/oem7/inspva,/novatel/oem7/inspva,39.663,-75.756,-1.800791425,0.000418494,-0.001188139,-0.000162121,-0.000385816,-0.001188139,,novatel_oem7_msgs.msg.InertialSolutionStatus(status=3),
1786043745867310649,1786043745.865412153,/novatel/oem7/fix,/novatel/oem7/fix,/novatel/oem7/inspva,39.663,-75.756,-1.800791425,0.000418494,-0.001188139,-0.000162121,-0.000385816,-0.001188139,,0,
1786043745868485477,1786043745.865829854,/novatel/oem7/odom,/novatel/oem7/fix,/novatel/oem7/odom,39.663,-75.756,-1.800791425,0.000413009,-0.001190056,-0.000388820,-0.000139267,-0.001190056,,,
1786043745875197218,1786043745.874478287,/novatel/oem7/odom,/novatel/oem7/fix,/novatel/oem7/odom,39.663,-75.756,-1.800791425,0.000413009,-0.001190056,-0.000388820,-0.000139267,-0.001190056,,,
1786043745886939795,1786043745.886339409,/novatel/oem7/inspva,/novatel/oem7/inspva,/novatel/oem7/inspva,39.663,-75.756,-1.800812254,0.002164367,-0.001014929,-0.002039177,0.000725426,-0.001014929,,novatel_oem7_msgs.msg.InertialSolutionStatus(status=3),
1786043745888478790,1786043745.886548257,/novatel/oem7/fix,/novatel/oem7/fix,/novatel/oem7/inspva,39.663,-75.756,-1.800812254,0.002164367,-0.001014929,-0.002039177,0.000725426,-0.001014929,,0,
1786043745889692103,1786043745.886993436,/novatel/oem7/odom,/novatel/oem7/fix,/novatel/oem7/odom,39.663,-75.756,-1.800812254,0.002162831,-0.001018199,0.000625978,-0.002070263,-0.001018199,,,
1786043745896183888,1786043745.895428733,/novatel/oem7/odom,/novatel/oem7/fix,/novatel/oem7/odom,39.663,-75.756,-1.800812254,0.002162831,-0.001018199,0.000625978,-0.002070263,-0.001018199,,,
1786043745906474334,1786043745.905812720,/novatel/oem7/inspva,/novatel/oem7/inspva,/novatel/oem7/inspva,39.663,-75.756,-1.800843810,0.001848944,-0.000369934,-0.001598341,0.000929462,-0.000369934,,novatel_oem7_msgs.msg.InertialSolutionStatus(status=3),
1786043745907974982,1786043745.905987472,/novatel/oem7/fix,/novatel/oem7/fix,/novatel/oem7/inspva,39.663,-75.756,-1.800843810,0.001848944,-0.000369934,-0.001598341,0.000929462,-0.000369934,,0,
1786043745909117147,1786043745.906503607,/novatel/oem7/odom,/novatel/oem7/fix,/novatel/oem7/odom,39.663,-75.756,-1.800843810,0.001848703,-0.000371133,0.000849399,-0.001642019,-0.000371133,,,
1786043745910780913,1786043745.909473550,/novatel/oem7/bestpos,/novatel/oem7/bestpos,/novatel/oem7/odom,39.663,-75.756,33.181422388,0.001848703,-0.000371133,0.000849399,-0.001642019,-0.000371133,,novatel_oem7_msgs.msg.SolutionStatus(status=0),novatel_oem7_msgs.msg.PositionOrVelocityType(type=53)
1786043745911796560,1786043745.909991496,/novatel/oem7/bestvel,/novatel/oem7/bestpos,/novatel/oem7/bestvel,39.663,-75.756,33.181422388,0.001515032,-0.000140436,,,,166.871729632,novatel_oem7_msgs.msg.SolutionStatus(status=0),novatel_oem7_msgs.msg.PositionOrVelocityType(type=53)
1786043745916136233,1786043745.915374569,/novatel/oem7/odom,/novatel/oem7/bestpos,/novatel/oem7/odom,39.663,-75.756,33.181422388,0.001848703,-0.000371133,0.000849399,-0.001642019,-0.000371133,,,
1786043745925849207,1786043745.925247291,/novatel/oem7/inspva,/novatel/oem7/inspva,/novatel/oem7/inspva,39.663,-75.756,-1.800882545,0.000665342,-0.000837771,0.000140862,0.000650260,-0.000837771,,novatel_oem7_msgs.msg.InertialSolutionStatus(status=3),
1786043745927367756,1786043745.925416210,/novatel/oem7/fix,/novatel/oem7/fix,/novatel/oem7/inspva,39.663,-75.756,-1.800882545,0.000665342,-0.000837771,0.000140862,0.000650260,-0.000837771,,0,
1786043745928557917,1786043745.926080443,/novatel/oem7/odom,/novatel/oem7/fix,/novatel/oem7/odom,39.663,-75.756,-1.800882545,0.000668975,-0.000834874,0.000659820,0.000110295,-0.000834874,,,
1786043745935732293,1786043745.934959321,/novatel/oem7/odom,/novatel/oem7/fix,/novatel/oem7/odom,39.663,-75.756,-1.800882545,0.000668975,-0.000834874,0.000659820,0.000110295,-0.000834874,,,
1786043745946679625,1786043745.945940198,/novatel/oem7/inspva,/novatel/oem7/inspva,/novatel/oem7/inspva,39.663,-75.756,-1.800923727,0.000429755,-0.000827443,0.000420656,0.000087967,-0.000827443,,novatel_oem7_msgs.msg.InertialSolutionStatus(status=3),
1786043745948161790,1786043745.946188321,/novatel/oem7/fix,/novatel/oem7/fix,/novatel/oem7/inspva,39.663,-75.756,-1.800923727,0.000429755,-0.000827443,0.000420656,0.000087967,-0.000827443,,0,
1786043745949397356,1786043745.946952321,/novatel/oem7/odom,/novatel/oem7/fix,/novatel/oem7/odom,39.663,-75.756,-1.800923727,0.000432790,-0.000825859,0.000112244,0.000417982,-0.000825859,,,
1786043745956712659,1786043745.955957565,/novatel/oem7/odom,/novatel/oem7/fix,/novatel/oem7/odom,39.663,-75.756,-1.800923727,0.000432790,-0.000825859,0.000112244,0.000417982,-0.000825859,,,
1786043745965752459,1786043745.965091206,/novatel/oem7/inspva,/novatel/oem7/inspva,/novatel/oem7/inspva,39.663,-75.756,-1.800966538,0.001529575,-0.002454579,-0.000978364,0.001175756,-0.002454579,,novatel_oem7_msgs.msg.InertialSolutionStatus(status=3),
1786043745967290818,1786043745.965260784,/novatel/oem7/fix,/novatel/oem7/fix,/novatel/oem7/inspva,39.663,-75.756,-1.800966538,0.001529575,-0.002454579,-0.000978364,0.001175756,-0.002454579,,0,
1786043745968521761,1786043745.965673513,/novatel/oem7/odom,/novatel/oem7/fix,/novatel/oem7/odom,39.663,-75.756,-1.800966538,0.001532093,-0.002453007,0.001134659,-0.001029495,-0.002453007,,,
1786043745976336802,1786043745.975580838,/novatel/oem7/odom,/novatel/oem7/fix,/novatel/oem7/odom,39.663,-75.756,-1.800966538,0.001532093,-0.002453007,0.001134659,-0.001029495,-0.002453007,,,
1786043745986724076,1786043745.986072076,/novatel/oem7/inspva,/novatel/oem7/inspva,/novatel/oem7/inspva,39.663,-75.756,-1.801002776,0.001173348,-0.001822937,-0.000999801,0.000614120,-0.001822937,,novatel_oem7_msgs.msg.InertialSolutionStatus(status=3),
1786043745988190471,1786043745.986244111,/novatel/oem7/fix,/novatel/oem7/fix,/novatel/oem7/inspva,39.663,-75.756,-1.801002776,0.001173348,-0.001822937,-0.000999801,0.000614120,-0.001822937,,0,
1786043745989346702,1786043745.986728213,/novatel/oem7/odom,/novatel/oem7/fix,/novatel/oem7/odom,39.663,-75.756,-1.801002776,0.001172429,-0.001823528,0.000570263,-0.001024397,-0.001823528,,,
1786043745995250254,1786043745.994540974,/novatel/oem7/odom,/novatel/oem7/fix,/novatel/oem7/odom,39.663,-75.756,-1.801002776,0.001172429,-0.001823528,0.000570263,-0.001024397,-0.001823528,,,
1786043746009198231,1786043746.008607348,/novatel/oem7/inspva,/novatel/oem7/inspva,/novatel/oem7/inspva,39.663,-75.756,-1.801031810,0.001024055,-0.000070291,0.000279342,0.000985219,-0.000070291,,novatel_oem7_msgs.msg.InertialSolutionStatus(status=3),
1786043746010770289,1786043746.008780539,/novatel/oem7/fix,/novatel/oem7/fix,/novatel/oem7/inspva,39.663,-75.756,-1.801031810,0.001024055,-0.000070291,0.000279342,0.000985219,-0.000070291,,0,
1786043746011938541,1786043746.010102700,/novatel/oem7/odom,/novatel/oem7/fix,/novatel/oem7/odom,39.663,-75.756,-1.801031810,0.001024358,-0.000065728,0.000998276,0.000229682,-0.000065728,,,
1786043746016451620,1786043746.015677198,/novatel/oem7/odom,/novatel/oem7/fix,/novatel/oem7/odom,39.663,-75.756,-1.801031810,0.001024358,-0.000065728,0.000998276,0.000229682,-0.000065728,,,
1786043746027517137,1786043746.026818977,/novatel/oem7/bestpos,/novatel/oem7/bestpos,/novatel/oem7/odom,39.663,-75.756,33.181226890,0.001024358,-0.000065728,0.000998276,0.000229682,-0.000065728,,novatel_oem7_msgs.msg.SolutionStatus(status=0),novatel_oem7_msgs.msg.PositionOrVelocityType(type=53)
1786043746029114000,1786043746.027235064,/novatel/oem7/bestvel,/novatel/oem7/bestpos,/novatel/oem7/bestvel,39.663,-75.756,33.181226890,0.001607917,-0.000614128,,,,55.133997080,novatel_oem7_msgs.msg.SolutionStatus(status=0),novatel_oem7_msgs.msg.PositionOrVelocityType(type=53)
1786043746030129010,1786043746.027738136,/novatel/oem7/inspva,/novatel/oem7/inspva,/novatel/oem7/inspva,39.663,-75.756,-1.801081727,0.000931374,-0.000648550,0.000717289,0.000594100,-0.000648550,,novatel_oem7_msgs.msg.InertialSolutionStatus(status=3),
1786043746031056442,1786043746.027911221,/novatel/oem7/fix,/novatel/oem7/fix,/novatel/oem7/inspva,39.663,-75.756,-1.801081727,0.000931374,-0.000648550,0.000717289,0.000594100,-0.000648550,,0,
1786043746032170257,1786043746.028142812,/novatel/oem7/odom,/novatel/oem7/fix,/novatel/oem7/odom,39.663,-75.756,-1.801081727,0.000934417,-0.000644158,0.000631947,0.000688316,-0.000644158,,,
1786043746036530034,1786043746.035635635,/novatel/oem7/odom,/novatel/oem7/fix,/novatel/oem7/odom,39.663,-75.756,-1.801081727,0.000934417,-0.000644158,0.000631947,0.000688316,-0.000644158,,,
1786043746046117310,1786043746.045565834,/novatel/oem7/inspva,/novatel/oem7/inspva,/novatel/oem7/inspva,39.663,-75.756,-1.801086273,0.000503145,-0.002736369,0.000502762,-0.000019637,-0.002736369,,novatel_oem7_msgs.msg.InertialSolutionStatus(status=3),
1786043746047517174,1786043746.045750076,/novatel/oem7/fix,/novatel/oem7/fix,/novatel/oem7/inspva,39.663,-75.756,-1.801086273,0.000503145,-0.002736369,0.000502762,-0.000019637,-0.002736369,,0,
1786043746048597701,1786043746.046353375,/novatel/oem7/odom,/novatel/oem7/fix,/novatel/oem7/odom,39.663,-75.756,-1.801086273,0.000510876,-0.002734936,0.000016310,0.000510616,-0.002734936,,,
1786043746057004199,1786043746.056343592,/novatel/oem7/odom,/novatel/oem7/fix,/novatel/oem7/odom,39.663,-75.756,-1.801086273,0.000510876,-0.002734936,0.000016310,0.000510616,-0.002734936,,,
1786043746065908628,1786043746.065387849,/novatel/oem7/inspva,/novatel/oem7/inspva,/novatel/oem7/inspva,39.663,-75.756,-1.801064353,0.001111467,-0.001950115,-0.000202825,0.001092804,-0.001950115,,novatel_oem7_msgs.msg.InertialSolutionStatus(status=3),
1786043746067239498,1786043746.065603088,/novatel/oem7/fix,/novatel/oem7/fix,/novatel/oem7/inspva,39.663,-75.756,-1.801064353,0.001111467,-0.001950115,-0.000202825,0.001092804,-0.001950115,,0,
1786043746068284195,1786043746.066058439,/novatel/oem7/odom,/novatel/oem7/fix,/novatel/oem7/odom,39.663,-75.756,-1.801064353,0.001117614,-0.001946598,0.001088817,-0.000252068,-0.001946598,,,
1786043746075640975,1786043746.074985825,/novatel/oem7/odom,/novatel/oem7/fix,/novatel/oem7/odom,39.663,-75.756,-1.801064353,0.001117614,-0.001946598,0.001088817,-0.000252068,-0.001946598,,,
1786043746085872557,1786043746.085365515,/novatel/oem7/inspva,/novatel/oem7/inspva,/novatel/oem7/inspva,39.663,-75.756,-1.801035179,0.001436425,0.000311547,0.000117230,0.001431633,0.000311547,,novatel_oem7_msgs.msg.InertialSolutionStatus(status=3),
1786043746087179173,1786043746.085554467,/novatel/oem7/fix,/novatel/oem7/fix,/novatel/oem7/inspva,39.663,-75.756,-1.801035179,0.001436425,0.000311547,0.000117230,0.001431633,0.000311547,,0,
1786043746088230628,1786043746.086145930,/novatel/oem7/odom,/novatel/oem7/fix,/novatel/oem7/odom,39.663,-75.756,-1.801035179,0.001435160,0.000317322,0.001434476,0.000044312,0.000317322,,,
1786043746095703572,1786043746.095050722,/novatel/oem7/odom,/novatel/oem7/fix,/novatel/oem7/odom,39.663,-75.756,-1.801035179,0.001435160,0.000317322,0.001434476,0.000044312,0.000317322,,,
1786043746106875030,1786043746.106365175,/novatel/oem7/inspva,/novatel/oem7/inspva,/novatel/oem7/inspva,39.663,-75.756,-1.801033432,0.001222134,-0.000416903,0.000944599,0.000775464,-0.000416903,,novatel_oem7_msgs.msg.InertialSolutionStatus(status=3),
1786043746108220551,1786043746.106545751,/novatel/oem7/fix,/novatel/oem7/fix,/novatel/oem7/inspva,39.663,-75.756,-1.801033432,0.001222134,-0.000416903,0.000944599,0.000775464,-0.000416903,,0,
1786043746109281844,1786043746.107008569,/novatel/oem7/odom,/novatel/oem7/fix,/novatel/oem7/odom,39.663,-75.756,-1.801033432,0.001224072,-0.000411177,0.000823545,0.000905608,-0.000411177,,,
1786043746110776466,1786043746.109815953,/novatel/oem7/bestpos,/novatel/oem7/bestpos,/novatel/oem7/odom,39.663,-75.756,33.181312432,0.001224072,-0.000411177,0.000823545,0.000905608,-0.000411177,,novatel_oem7_msgs.msg.SolutionStatus(status=0),novatel_oem7_msgs.msg.PositionOrVelocityType(type=53)
1786043746112204261,1786043746.110494573,/novatel/oem7/bestvel,/novatel/oem7/bestpos,/novatel/oem7/bestvel,39.663,-75.756,33.181312432,0.001978882,-0.000955599,,,,56.028199635,novatel_oem7_msgs.msg.SolutionStatus(status=0),novatel_oem7_msgs.msg.PositionOrVelocityType(type=53)
1786043746115366152,1786043746.114587388,/novatel/oem7/odom,/novatel/oem7/bestpos,/novatel/oem7/odom,39.663,-75.756,33.181312432,0.001224072,-0.000411177,0.000823545,0.000905608,-0.000411177,,,
1786043746125951931,1786043746.125350969,/novatel/oem7/inspva,/novatel/oem7/inspva,/novatel/oem7/inspva,39.663,-75.756,-1.801040559,0.000806756,-0.002921417,0.000785916,0.000182186,-0.002921417,,novatel_oem7_msgs.msg.InertialSolutionStatus(status=3),
1786043746127565221,1786043746.125572357,/novatel/oem7/fix,/novatel/oem7/fix,/novatel/oem7/inspva,39.663,-75.756,-1.801040559,0.000806756,-0.002921417,0.000785916,0.000182186,-0.002921417,,0,
1786043746128646428,1786043746.126165790,/novatel/oem7/odom,/novatel/oem7/fix,/novatel/oem7/odom,39.663,-75.756,-1.801040559,0.000817607,-0.002918399,0.000232739,0.000783782,-0.002918399,,,
1786043746136465006,1786043746.135748433,/novatel/oem7/odom,/novatel/oem7/fix,/novatel/oem7/odom,39.663,-75.756,-1.801040559,0.000817607,-0.002918399,0.000232739,0.000783782,-0.002918399,,,
1786043746145715189,1786043746.145012892,/novatel/oem7/inspva,/novatel/oem7/inspva,/novatel/oem7/inspva,39.663,-75.756,-1.801025478,0.001007833,-0.002224590,0.000314810,0.000957403,-0.002224590,,novatel_oem7_msgs.msg.InertialSolutionStatus(status=3),
1786043746147317612,1786043746.145193660,/novatel/oem7/fix,/novatel/oem7/fix,/novatel/oem7/inspva,39.663,-75.756,-1.801025478,0.001007833,-0.002224590,0.000314810,0.000957403,-0.002224590,,0,
1786043746148564134,1786043746.145662242,/novatel/oem7/odom,/novatel/oem7/fix,/novatel/oem7/odom,39.663,-75.756,-1.801025478,0.001017784,-0.002220055,0.000980631,0.000272481,-0.002220055,,,
1786043746156401492,1786043746.155643768,/novatel/oem7/odom,/novatel/oem7/fix,/novatel/oem7/odom,39.663,-75.756,-1.801025478,0.001017784,-0.002220055,0.000980631,0.000272481,-0.002220055,,,
1786043746166610691,1786043746.166004635,/novatel/oem7/inspva,/novatel/oem7/inspva,/novatel/oem7/inspva,39.663,-75.756,-1.800998220,0.001939590,0.000215282,-0.000021829,0.001939467,0.000215282,,novatel_oem7_msgs.msg.InertialSolutionStatus(status=3),
1786043746168106936,1786043746.166177907,/novatel/oem7/fix,/novatel/oem7/fix,/novatel/oem7/inspva,39.663,-75.756,-1.800998220,0.001939590,0.000215282,-0.000021829,0.001939467,0.000215282,,0,
1786043746169276898,1786043746.166615078,/novatel/oem7/odom,/novatel/oem7/fix,/novatel/oem7/odom,39.663,-75.756,-1.800998220,0.001938771,0.000222537,0.001935067,-0.000119793,0.000222537,,,
1786043746175317802,1786043746.174618231,/novatel/oem7/odom,/novatel/oem7/fix,/novatel/oem7/odom,39.663,-75.756,-1.800998220,0.001938771,0.000222537,0.001935067,-0.000119793,0.000222537,,,
1786043746185606551,1786043746.185009235,/novatel/oem7/inspva,/novatel/oem7/inspva,/novatel/oem7/inspva,39.663,-75.756,-1.800992554,0.001598505,-0.000006882,0.000992039,0.001253426,-0.000006882,,novatel_oem7_msgs.msg.InertialSolutionStatus(status=3),
1786043746187048649,1786043746.185175630,/novatel/oem7/fix,/novatel/oem7/fix,/novatel/oem7/inspva,39.663,-75.756,-1.800992554,0.001598505,-0.000006882,0.000992039,0.001253426,-0.000006882,,0,
1786043746188187747,1786043746.185620342,/novatel/oem7/odom,/novatel/oem7/fix,/novatel/oem7/odom,39.663,-75.756,-1.800992554,0.001598519,0.000000789,0.001301666,0.000927863,0.000000789,,,
1786043746196305418,1786043746.195564524,/novatel/oem7/odom,/novatel/oem7/fix,/novatel/oem7/odom,39.663,-75.756,-1.800992554,0.001598519,0.000000789,0.001301666,0.000927863,0.000000789,,,
1786043746207194850,1786043746.206649452,/novatel/oem7/inspva,/novatel/oem7/inspva,/novatel/oem7/inspva,39.663,-75.756,-1.800999756,0.000910713,-0.002431056,0.000897984,0.000151732,-0.002431056,,novatel_oem7_msgs.msg.InertialSolutionStatus(status=3),
1786043746208720616,1786043746.206811807,/novatel/oem7/fix,/novatel/oem7/fix,/novatel/oem7/inspva,39.663,-75.756,-1.800999756,0.000910713,-0.002431056,0.000897984,0.000151732,-0.002431056,,0,
1786043746209852037,1786043746.207343025,/novatel/oem7/odom,/novatel/oem7/fix,/novatel/oem7/odom,39.663,-75.756,-1.800999756,0.000919292,-0.002427824,0.000206049,0.000895903,-0.002427824,,,
1786043746211509367,1786043746.210216937,/novatel/oem7/bestpos,/novatel/oem7/bestpos,/novatel/oem7/odom,39.663,-75.756,33.181362901,0.000919292,-0.002427824,0.000206049,0.000895903,-0.002427824,,novatel_oem7_msgs.msg.SolutionStatus(status=0),novatel_oem7_msgs.msg.PositionOrVelocityType(type=53)
1786043746212540437,1786043746.210600491,/novatel/oem7/bestvel,/novatel/oem7/bestpos,/novatel/oem7/bestvel,39.663,-75.756,33.181362901,0.000911065,-0.001816230,,,,310.285524129,novatel_oem7_msgs.msg.SolutionStatus(status=0),novatel_oem7_msgs.msg.PositionOrVelocityType(type=53)
1786043746215796530,1786043746.215086619,/novatel/oem7/odom,/novatel/oem7/bestpos,/novatel/oem7/odom,39.663,-75.756,33.181362901,0.000919292,-0.002427824,0.000206049,0.000895903,-0.002427824,,,
1786043746226519137,1786043746.225918321,/novatel/oem7/inspva,/novatel/oem7/inspva,/novatel/oem7/inspva,39.663,-75.756,-1.800977133,0.001409303,-0.002058562,0.000756524,0.001189036,-0.002058562,,novatel_oem7_msgs.msg.InertialSolutionStatus(status=3),
1786043746228012569,1786043746.226079089,/novatel/oem7/fix,/novatel/oem7/fix,/novatel/oem7/inspva,39.663,-75.756,-1.800977133,0.001409303,-0.002058562,0.000756524,0.001189036,-0.002058562,,0,
1786043746229171383,1786043746.226538731,/novatel/oem7/odom,/novatel/oem7/fix,/novatel/oem7/odom,39.663,-75.756,-1.800977133,0.001419067,-0.002051844,0.001233521,0.000701553,-0.002051844,,,
1786043746235094442,1786043746.234355949,/novatel/oem7/odom,/novatel/oem7/fix,/novatel/oem7/odom,39.663,-75.756,-1.800977133,0.001419067,-0.002051844,0.001233521,0.000701553,-0.002051844,,,
1786043746245822883,1786043746.245179863,/novatel/oem7/inspva,/novatel/oem7/inspva,/novatel/oem7/inspva,39.663,-75.756,-1.800948638,0.001761101,0.000051662,-0.000301213,0.001735151,0.000051662,,novatel_oem7_msgs.msg.InertialSolutionStatus(status=3),
1786043746247412306,1786043746.245336835,/novatel/oem7/fix,/novatel/oem7/fix,/novatel/oem7/inspva,39.663,-75.756,-1.800948638,0.001761101,0.000051662,-0.000301213,0.001735151,0.000051662,,0,
1786043746248700332,1786043746.246046139,/novatel/oem7/odom,/novatel/oem7/fix,/novatel/oem7/odom,39.663,-75.756,-1.800948638,0.001760926,0.000057334,0.001717629,-0.000388084,0.000057334,,,
1786043746257014868,1786043746.256234358,/novatel/oem7/odom,/novatel/oem7/fix,/novatel/oem7/odom,39.663,-75.756,-1.800948638,0.001760926,0.000057334,0.001717629,-0.000388084,0.000057334,,,
1786043746265508507,1786043746.264913314,/novatel/oem7/inspva,/novatel/oem7/inspva,/novatel/oem7/inspva,39.663,-75.756,-1.800937016,0.001885921,-0.000410411,0.000316850,0.001859114,-0.000410411,,novatel_oem7_msgs.msg.InertialSolutionStatus(status=3),
1786043746267027566,1786043746.265069442,/novatel/oem7/fix,/novatel/oem7/fix,/novatel/oem7/inspva,39.663,-75.756,-1.800937016,0.001885921,-0.000410411,0.000316850,0.001859114,-0.000410411,,0,
1786043746268365139,1786043746.265496427,/novatel/oem7/odom,/novatel/oem7/fix,/novatel/oem7/odom,39.663,-75.756,-1.800937016,0.001887631,-0.000402476,0.001874259,0.000224280,-0.000402476,,,
1786043746275119456,1786043746.274392429,/novatel/oem7/odom,/novatel/oem7/fix,/novatel/oem7/odom,39.663,-75.756,-1.800937016,0.001887631,-0.000402476,0.001874259,0.000224280,-0.000402476,,,
1786043746287073842,1786043746.286482106,/novatel/oem7/inspva,/novatel/oem7/inspva,/novatel/oem7/inspva,39.663,-75.756,-1.800934965,0.001720604,-0.001329756,0.001718471,-0.000085635,-0.001329756,,novatel_oem7_msgs.msg.InertialSolutionStatus(status=3),
1786043746288549671,1786043746.286638922,/novatel/oem7/fix,/novatel/oem7/fix,/novatel/oem7/inspva,39.663,-75.756,-1.800934965,0.001720604,-0.001329756,0.001718471,-0.000085635,-0.001329756,,0,
1786043746289734406,1786043746.287079639,/novatel/oem7/odom,/novatel/oem7/fix,/novatel/oem7/odom,39.663,-75.756,-1.800934965,0.001724268,-0.001325002,0.000005903,0.001724258,-0.001325002,,,
1786043746295792126,1786043746.295021942,/novatel/oem7/odom,/novatel/oem7/fix,/novatel/oem7/odom,39.663,-75.756,-1.800934965,0.001724268,-0.001325002,0.000005903,0.001724258,-0.001325002,,,
1786043746306621625,1786043746.305992221,/novatel/oem7/inspva,/novatel/oem7/inspva,/novatel/oem7/inspva,39.663,-75.756,-1.800923413,0.001453841,-0.002090448,0.001352737,0.000532689,-0.002090448,,novatel_oem7_msgs.msg.InertialSolutionStatus(status=3),
1786043746308119883,1786043746.306150357,/novatel/oem7/fix,/novatel/oem7/fix,/novatel/oem7/inspva,39.663,-75.756,-1.800923413,0.001453841,-0.002090448,0.001352737,0.000532689,-0.002090448,,0,
1786043746309291871,1786043746.306598344,/novatel/oem7/odom,/novatel/oem7/fix,/novatel/oem7/odom,39.663,-75.756,-1.800923413,0.001462412,-0.002084461,0.000608004,0.001330030,-0.002084461,,,
1786043746311008775,1786043746.309534964,/novatel/oem7/bestpos,/novatel/oem7/bestpos,/novatel/oem7/odom,39.663,-75.756,33.181429059,0.001462412,-0.002084461,0.000608004,0.001330030,-0.002084461,,novatel_oem7_msgs.msg.SolutionStatus(status=0),novatel_oem7_msgs.msg.PositionOrVelocityType(type=53)
1786043746312070729,1786043746.310116553,/novatel/oem7/bestvel,/novatel/oem7/bestpos,/novatel/oem7/bestvel,39.663,-75.756,33.181429059,0.000915325,-0.001726992,,,,30.273928274,novatel_oem7_msgs.msg.SolutionStatus(status=0),novatel_oem7_msgs.msg.PositionOrVelocityType(type=53)
1786043746316146017,1786043746.315386355,/novatel/oem7/odom,/novatel/oem7/bestpos,/novatel/oem7/odom,39.663,-75.756,33.181429059,0.001462412,-0.002084461,0.000608004,0.001330030,-0.002084461,,,
1786043746325819790,1786043746.325217740,/novatel/oem7/inspva,/novatel/oem7/inspva,/novatel/oem7/inspva,39.663,-75.756,-1.800892929,0.001890088,-0.000199248,-0.000288523,0.001867937,-0.000199248,,novatel_oem7_msgs.msg.InertialSolutionStatus(status=3),
1786043746327386239,1786043746.325368159,/novatel/oem7/fix,/novatel/oem7/fix,/novatel/oem7/inspva,39.663,-75.756,-1.800892929,0.001890088,-0.000199248,-0.000288523,0.001867937,-0.000199248,,0,
1786043746328788756,1786043746.325959268,/novatel/oem7/odom,/novatel/oem7/fix,/novatel/oem7/odom,39.663,-75.756,-1.800892929,0.001890725,-0.000193112,0.001851861,-0.000381382,-0.000193112,,,
1786043746335685928,1786043746.334858627,/novatel/oem7/odom,/novatel/oem7/fix,/novatel/oem7/odom,39.663,-75.756,-1.800892929,0.001890725,-0.000193112,0.001851861,-0.000381382,-0.000193112,,,
1786043746346680935,1786043746.346025732,/novatel/oem7/inspva,/novatel/oem7/inspva,/novatel/oem7/inspva,39.663,-75.756,-1.800887320,0.001574937,-0.000539486,0.000121874,0.001570214,-0.000539486,,novatel_oem7_msgs.msg.InertialSolutionStatus(status=3),
1786043746348213974,1786043746.346184527,/novatel/oem7/fix,/novatel/oem7/fix,/novatel/oem7/inspva,39.663,-75.756,-1.800887320,0.001574937,-0.000539486,0.000121874,0.001570214,-0.000539486,,0,
1786043746349493466,1786043746.346608701,/novatel/oem7/odom,/novatel/oem7/fix,/novatel/oem7/odom,39.663,-75.756,-1.800887320,0.001577071,-0.000533215,0.001576447,0.000044388,-0.000533215,,,
1786043746356479726,1786043746.355732779,/novatel/oem7/odom,/novatel/oem7/fix,/novatel/oem7/odom,39.663,-75.756,-1.800887320,0.001577071,-0.000533215,0.001576447,0.000044388,-0.000533215,,,
1786043746365805246,1786043746.365230017,/novatel/oem7/inspva,/novatel/oem7/inspva,/novatel/oem7/inspva,39.663,-75.756,-1.800888903,0.002269060,-0.001048340,0.002112092,0.000829278,-0.001048340,,novatel_oem7_msgs.msg.InertialSolutionStatus(status=3),
1786043746367296858,1786043746.365378942,/novatel/oem7/fix,/novatel/oem7/fix,/novatel/oem7/inspva,39.663,-75.756,-1.800888903,0.002269060,-0.001048340,0.002112092,0.000829278,-0.001048340,,0,
1786043746368471090,1786043746.365756829,/novatel/oem7/odom,/novatel/oem7/fix,/novatel/oem7/odom,39.663,-75.756,-1.800888903,0.002273344,-0.001039017,0.000938215,0.002070712,-0.001039017,,,
1786043746375856227,1786043746.375096662,/novatel/oem7/odom,/novatel/oem7/fix,/novatel/oem7/odom,39.663,-75.756,-1.800888903,0.002273344,-0.001039017,0.000938215,0.002070712,-0.001039017,,,
1786043746385554764,1786043746.384975578,/novatel/oem7/inspva,/novatel/oem7/inspva,/novatel/oem7/inspva,39.663,-75.756,-1.800880468,0.001529062,-0.001480896,0.001459126,0.000457144,-0.001480896,,novatel_oem7_msgs.msg.InertialSolutionStatus(status=3),
1786043746387087776,1786043746.385118876,/novatel/oem7/fix,/novatel/oem7/fix,/novatel/oem7/inspva,39.663,-75.756,-1.800880468,0.001529062,-0.001480896,0.001459126,0.000457144,-0.001480896,,0,
1786043746388224627,1786043746.385558644,/novatel/oem7/odom,/novatel/oem7/fix,/novatel/oem7/odom,39.663,-75.756,-1.800880468,0.001534853,-0.001474893,0.000535532,0.001438395,-0.001474893,,,
1786043746395125406,1786043746.394398135,/novatel/oem7/odom,/novatel/oem7/fix,/novatel/oem7/odom,39.663,-75.756,-1.800880468,0.001534853,-0.001474893,0.000535532,0.001438395,-0.001474893,,,
1786043746407166423,1786043746.406571297,/novatel/oem7/inspva,/novatel/oem7/inspva,/novatel/oem7/inspva,39.663,-75.756,-1.800860395,0.000868978,-0.001175106,0.000081111,0.000865185,-0.001175106,,novatel_oem7_msgs.msg.InertialSolutionStatus(status=3),
1786043746408703588,1786043746.406720275,/novatel/oem7/fix,/novatel/oem7/fix,/novatel/oem7/inspva,39.663,-75.756,-1.800860395,0.000868978,-0.001175106,0.000081111,0.000865185,-0.001175106,,0,
1786043746409895434,1786043746.407111613,/novatel/oem7/odom,/novatel/oem7/fix,/novatel/oem7/odom,39.663,-75.756,-1.800860395,0.000873646,-0.001171640,0.000872691,0.000040826,-0.001171640,,,
1786043746411581257,1786043746.410399859,/novatel/oem7/bestpos,/novatel/oem7/bestpos,/novatel/oem7/odom,39.663,-75.756,33.181496915,0.000873646,-0.001171640,0.000872691,0.000040826,-0.001171640,,novatel_oem7_msgs.msg.SolutionStatus(status=0),novatel_oem7_msgs.msg.PositionOrVelocityType(type=53)
1786043746412621454,1786043746.410837834,/novatel/oem7/bestvel,/novatel/oem7/bestpos,/novatel/oem7/bestvel,39.663,-75.756,33.181496915,0.000561768,-0.000384415,,,,174.749854473,novatel_oem7_msgs.msg.SolutionStatus(status=0),novatel_oem7_msgs.msg.PositionOrVelocityType(type=53)
1786043746415846044,1786043746.415066566,/novatel/oem7/odom,/novatel/oem7/bestpos,/novatel/oem7/odom,39.663,-75.756,33.181496915,0.000873646,-0.001171640,0.000872691,0.000040826,-0.001171640,,,
1786043746425706468,1786043746.425072102,/novatel/oem7/inspva,/novatel/oem7/inspva,/novatel/oem7/inspva,39.663,-75.756,-1.800845295,0.001563337,-0.000409390,0.000011707,0.001563293,-0.000409390,,novatel_oem7_msgs.msg.InertialSolutionStatus(status=3),
1786043746427670665,1786043746.425221494,/novatel/oem7/fix,/novatel/oem7/fix,/novatel/oem7/inspva,39.663,-75.756,-1.800845295,0.001563337,-0.000409390,0.000011707,0.001563293,-0.000409390,,0,
1786043746429048519,1786043746.425646185,/novatel/oem7/odom,/novatel/oem7/fix,/novatel/oem7/odom,39.663,-75.756,-1.800845295,0.001564859,-0.000403534,0.001563483,-0.000065615,-0.000403534,,,
1786043746436395669,1786043746.435629511,/novatel/oem7/odom,/novatel/oem7/fix,/novatel/oem7/odom,39.663,-75.756,-1.800845295,0.001564859,-0.000403534,0.001563483,-0.000065615,-0.000403534,,,
1786043746445969065,1786043746.445380365,/novatel/oem7/inspva,/novatel/oem7/inspva,/novatel/oem7/inspva,39.663,-75.756,-1.800840377,0.002855181,-0.000333182,0.001988640,0.002048748,-0.000333182,,novatel_oem7_msgs.msg.InertialSolutionStatus(status=3),
1786043746447595544,1786043746.445552137,/novatel/oem7/fix,/novatel/oem7/fix,/novatel/oem7/inspva,39.663,-75.756,-1.800840377,0.002855181,-0.000333182,0.001988640,0.002048748,-0.000333182,,0,
1786043746448864330,1786043746.446310795,/novatel/oem7/odom,/novatel/oem7/fix,/novatel/oem7/odom,39.663,-75.756,-1.800840377,0.002856728,-0.000319641,0.002147229,0.001884225,-0.000319641,,,
1786043746457168100,1786043746.456403235,/novatel/oem7/odom,/novatel/oem7/fix,/novatel/oem7/odom,39.663,-75.756,-1.800840377,0.002856728,-0.000319641,0.002147229,0.001884225,-0.000319641,,,
1786043746466801063,1786043746.466195187,/novatel/oem7/inspva,/novatel/oem7/inspva,/novatel/oem7/inspva,39.663,-75.756,-1.800830072,0.001991079,-0.000695571,0.001775199,0.000901701,-0.000695571,,novatel_oem7_msgs.msg.InertialSolutionStatus(status=3),
1786043746468278111,1786043746.466337508,/novatel/oem7/fix,/novatel/oem7/fix,/novatel/oem7/inspva,39.663,-75.756,-1.800830072,0.001991079,-0.000695571,0.001775199,0.000901701,-0.000695571,,0,
1786043746469466130,1786043746.466921397,/novatel/oem7/odom,/novatel/oem7/fix,/novatel/oem7/odom,39.663,-75.756,-1.800830072,0.001994063,-0.000686969,0.000992312,0.001729625,-0.000686969,,,
1786043746475280661,1786043746.474511020,/novatel/oem7/odom,/novatel/oem7/fix,/novatel/oem7/odom,39.663,-75.756,-1.800830072,0.001994063,-0.000686969,0.000992312,0.001729625,-0.000686969,,,
1786043746485980175,1786043746.485375289,/novatel/oem7/inspva,/novatel/oem7/inspva,/novatel/oem7/inspva,39.663,-75.756,-1.800824410,0.001309022,-0.002014542,0.000806212,0.001031290,-0.002014542,,novatel_oem7_msgs.msg.InertialSolutionStatus(status=3),
1786043746487484200,1786043746.485536587,/novatel/oem7/fix,/novatel/oem7/fix,/novatel/oem7/inspva,39.663,-75.756,-1.800824410,0.001309022,-0.002014542,0.000806212,0.001031290,-0.002014542,,0,
1786043746488659288,1786043746.486132436,/novatel/oem7/odom,/novatel/oem7/fix,/novatel/oem7/odom,39.663,-75.756,-1.800824410,0.001318511,-0.002008344,0.001078161,0.000758972,-0.002008344,,,
1786043746496180983,1786043746.495438920,/novatel/oem7/odom,/novatel/oem7/fix,/novatel/oem7/odom,39.663,-75.756,-1.800824410,0.001318511,-0.002008344,0.001078161,0.000758972,-0.002008344,,,
1786043746506801163,1786043746.506183397,/novatel/oem7/inspva,/novatel/oem7/inspva,/novatel/oem7/inspva,39.663,-75.756,-1.800808642,0.001036879,-0.001581770,0.000155049,0.001025221,-0.001581770,,novatel_oem7_msgs.msg.InertialSolutionStatus(status=3),
1786043746508302278,1786043746.506330095,/novatel/oem7/fix,/novatel/oem7/fix,/novatel/oem7/inspva,39.663,-75.756,-1.800808642,0.001036879,-0.001581770,0.000155049,0.001025221,-0.001581770,,0,
1786043746509502326,1786043746.506761649,/novatel/oem7/odom,/novatel/oem7/fix,/novatel/oem7/odom,39.663,-75.756,-1.800808642,0.001043373,-0.001577494,0.001037792,0.000107773,-0.001577494,,,
1786043746512994121,1786043746.512364855,/novatel/oem7/bestpos,/novatel/oem7/bestpos,/novatel/oem7/odom,39.663,-75.756,33.181535231,0.001043373,-0.001577494,0.001037792,0.000107773,-0.001577494,,novatel_oem7_msgs.msg.SolutionStatus(status=0),novatel_oem7_msgs.msg.PositionOrVelocityType(type=53)
1786043746514631091,1786043746.512981721,/novatel/oem7/bestvel,/novatel/oem7/bestpos,/novatel/oem7/bestvel,39.663,-75.756,33.181535231,0.000496331,-0.001145443,,,,339.490777658,novatel_oem7_msgs.msg.SolutionStatus(status=0),novatel_oem7_msgs.msg.PositionOrVelocityType(type=53)
1786043746516373559,1786043746.514465703,/novatel/oem7/odom,/novatel/oem7/bestpos,/novatel/oem7/odom,39.663,-75.756,33.181535231,0.001043373,-0.001577494,0.001037792,0.000107773,-0.001577494,,,
1786043746527200117,1786043746.526576971,/novatel/oem7/inspva,/novatel/oem7/inspva,/novatel/oem7/inspva,39.663,-75.756,-1.800786905,0.002549685,0.001038131,0.001696147,0.001903676,0.001038131,,novatel_oem7_msgs.msg.InertialSolutionStatus(status=3),
1786043746528744826,1786043746.526749953,/novatel/oem7/fix,/novatel/oem7/fix,/novatel/oem7/inspva,39.663,-75.756,-1.800786905,0.002549685,0.001038131,0.001696147,0.001903676,0.001038131,,0,
1786043746530022775,1786043746.527181693,/novatel/oem7/odom,/novatel/oem7/fix,/novatel/oem7/odom,39.663,-75.756,-1.800786905,0.002544712,0.001050262,0.001982310,0.001595621,0.001050262,,,
1786043746535707198,1786043746.534921891,/novatel/oem7/odom,/novatel/oem7/fix,/novatel/oem7/odom,39.663,-75.756,-1.800786905,0.002544712,0.001050262,0.001982310,0.001595621,0.001050262,,,
1786043746545517333,1786043746.544892830,/novatel/oem7/inspva,/novatel/oem7/inspva,/novatel/oem7/inspva,39.663,-75.756,-1.800786636,0.001768311,-0.000147202,0.001578733,0.000796573,-0.000147202,,novatel_oem7_msgs.msg.InertialSolutionStatus(status=3),
1786043746547068289,1786043746.545047232,/novatel/oem7/fix,/novatel/oem7/fix,/novatel/oem7/inspva,39.663,-75.756,-1.800786636,0.001768311,-0.000147202,0.001578733,0.000796573,-0.000147202,,0,
1786043746548327138,1786043746.545489480,/novatel/oem7/odom,/novatel/oem7/fix,/novatel/oem7/odom,39.663,-75.756,-1.800786636,0.001768931,-0.000139561,0.000875330,0.001537177,-0.000139561,,,
1786043746556742019,1786043746.555860254,/novatel/oem7/odom,/novatel/oem7/fix,/novatel/oem7/odom,39.663,-75.756,-1.800786636,0.001768931,-0.000139561,0.000875330,0.001537177,-0.000139561,,,
1786043746566010291,1786043746.565415262,/novatel/oem7/inspva,/novatel/oem7/inspva,/novatel/oem7/inspva,39.663,-75.756,-1.800791441,0.001377056,-0.002213864,0.001165275,0.000733770,-0.002213864,,novatel_oem7_msgs.msg.InertialSolutionStatus(status=3),
1786043746567570831,1786043746.565587744,/novatel/oem7/fix,/novatel/oem7/fix,/novatel/oem7/inspva,39.663,-75.756,-1.800791441,0.001377056,-0.002213864,0.001165275,0.000733770,-0.002213864,,0,
1786043746568726562,1786043746.566308841,/novatel/oem7/odom,/novatel/oem7/fix,/novatel/oem7/odom,39.663,-75.756,-1.800791441,0.001386873,-0.002207727,0.000799779,0.001133036,-0.002207727,,,
1786043746576007355,1786043746.575239144,/novatel/oem7/odom,/novatel/oem7/fix,/novatel/oem7/odom,39.663,-75.756,-1.800791441,0.001386873,-0.002207727,0.000799779,0.001133036,-0.002207727,,,
1786043746586710718,1786043746.586147756,/novatel/oem7/inspva,/novatel/oem7/inspva,/novatel/oem7/inspva,39.663,-75.756,-1.800776370,0.001601480,-0.001494609,0.000364059,0.001559551,-0.001494609,,novatel_oem7_msgs.msg.InertialSolutionStatus(status=3),
1786043746588231767,1786043746.586289938,/novatel/oem7/fix,/novatel/oem7/fix,/novatel/oem7/inspva,39.663,-75.756,-1.800776370,0.001601480,-0.001494609,0.000364059,0.001559551,-0.001494609,,0,
1786043746589553151,1786043746.586784319,/novatel/oem7/odom,/novatel/oem7/fix,/novatel/oem7/odom,39.663,-75.756,-1.800776370,0.001607857,-0.001487747,0.001581584,0.000289477,-0.001487747,,,
1786043746595170220,1786043746.594445280,/novatel/oem7/odom,/novatel/oem7/fix,/novatel/oem7/odom,39.663,-75.756,-1.800776370,0.001607857,-0.001487747,0.001581584,0.000289477,-0.001487747,,,
1786043746607014378,1786043746.606432422,/novatel/oem7/inspva,/novatel/oem7/inspva,/novatel/oem7/inspva,39.663,-75.756,-1.800752927,0.001748522,0.000895957,0.000494828,0.001677044,0.000895957,,novatel_oem7_msgs.msg.InertialSolutionStatus(status=3),
1786043746608548227,1786043746.606577527,/novatel/oem7/fix,/novatel/oem7/fix,/novatel/oem7/inspva,39.663,-75.756,-1.800752927,0.001748522,0.000895957,0.000494828,0.001677044,0.000895957,,0,
1786043746609714988,1786043746.607106282,/novatel/oem7/odom,/novatel/oem7/fix,/novatel/oem7/odom,39.663,-75.756,-1.800752927,0.001744531,0.000903703,0.001696245,0.000407604,0.000903703,,,
1786043746611380845,1786043746.610237367,/novatel/oem7/bestpos,/novatel/oem7/bestpos,/novatel/oem7/odom,39.663,-75.756,33.181556448,0.001744531,0.000903703,0.001696245,0.000407604,0.000903703,,novatel_oem7_msgs.msg.SolutionStatus(status=0),novatel_oem7_msgs.msg.PositionOrVelocityType(type=53)
1786043746612387845,1786043746.610588757,/novatel/oem7/bestvel,/novatel/oem7/bestpos,/novatel/oem7/bestvel,39.663,-75.756,33.181556448,0.003064132,-0.000170358,,,,62.745830022,novatel_oem7_msgs.msg.SolutionStatus(status=0),novatel_oem7_msgs.msg.PositionOrVelocityType(type=53)
1786043746616501326,1786043746.615764773,/novatel/oem7/odom,/novatel/oem7/bestpos,/novatel/oem7/odom,39.663,-75.756,33.181556448,0.001744531,0.000903703,0.001696245,0.000407604,0.000903703,,,
1786043746625817526,1786043746.625147516,/novatel/oem7/inspva,/novatel/oem7/inspva,/novatel/oem7/inspva,39.663,-75.756,-1.800751783,0.001435088,0.000587104,0.001216195,0.000761805,0.000587104,,novatel_oem7_msgs.msg.InertialSolutionStatus(status=3),
1786043746627323755,1786043746.625406235,/novatel/oem7/fix,/novatel/oem7/fix,/novatel/oem7/inspva,39.663,-75.756,-1.800751783,0.001435088,0.000587104,0.001216195,0.000761805,0.000587104,,0,
1786043746628488060,1786043746.625799806,/novatel/oem7/odom,/novatel/oem7/fix,/novatel/oem7/odom,39.663,-75.756,-1.800751783,0.001432445,0.000593523,0.000819554,0.001174832,0.000593523,,,
1786043746635275364,1786043746.634549957,/novatel/oem7/odom,/novatel/oem7/fix,/novatel/oem7/odom,39.663,-75.756,-1.800751783,0.001432445,0.000593523,0.000819554,0.001174832,0.000593523,,,
1786043746647298144,1786043746.646679272,/novatel/oem7/inspva,/novatel/oem7/inspva,/novatel/oem7/inspva,39.663,-75.756,-1.800764033,0.002043507,-0.002163153,0.002039748,0.000123891,-0.002163153,,novatel_oem7_msgs.msg.InertialSolutionStatus(status=3),
1786043746648787293,1786043746.646851097,/novatel/oem7/fix,/novatel/oem7/fix,/novatel/oem7/inspva,39.663,-75.756,-1.800764033,0.002043507,-0.002163153,0.002039748,0.000123891,-0.002163153,,0,
1786043746649926017,1786043746.647734012,/novatel/oem7/odom,/novatel/oem7/fix,/novatel/oem7/odom,39.663,-75.756,-1.800764033,0.002050303,-0.002156713,0.000234327,0.002036868,-0.002156713,,,
1786043746657801553,1786043746.657066709,/novatel/oem7/odom,/novatel/oem7/fix,/novatel/oem7/odom,39.663,-75.756,-1.800764033,0.002050303,-0.002156713,0.000234327,0.002036868,-0.002156713,,,
1786043746665508316,1786043746.664945714,/novatel/oem7/inspva,/novatel/oem7/inspva,/novatel/oem7/inspva,39.663,-75.756,-1.800754344,0.001647106,-0.001878322,0.001550999,0.000554401,-0.001878322,,novatel_oem7_msgs.msg.InertialSolutionStatus(status=3),
1786043746666950765,1786043746.665106129,/novatel/oem7/fix,/novatel/oem7/fix,/novatel/oem7/inspva,39.663,-75.756,-1.800754344,0.001647106,-0.001878322,0.001550999,0.000554401,-0.001878322,,0,
1786043746668100862,1786043746.665567644,/novatel/oem7/odom,/novatel/oem7/fix,/novatel/oem7/odom,39.663,-75.756,-1.800754344,0.001654612,-0.001871713,0.000638664,0.001526385,-0.001871713,,,
1786043746676160893,1786043746.675433229,/novatel/oem7/odom,/novatel/oem7/fix,/novatel/oem7/odom,39.663,-75.756,-1.800754344,0.001654612,-0.001871713,0.000638664,0.001526385,-0.001871713,,,
1786043746685871530,1786043746.685303628,/novatel/oem7/inspva,/novatel/oem7/inspva,/novatel/oem7/inspva,39.663,-75.756,-1.800734575,0.002413334,0.000636636,0.000147947,0.002408794,0.000636636,,novatel_oem7_msgs.msg.InertialSolutionStatus(status=3),
1786043746687311751,1786043746.685455256,/novatel/oem7/fix,/novatel/oem7/fix,/novatel/oem7/inspva,39.663,-75.756,-1.800734575,0.002413334,0.000636636,0.000147947,0.002408794,0.000636636,,0,
1786043746688502886,1786043746.685995978,/novatel/oem7/odom,/novatel/oem7/fix,/novatel/oem7/odom,39.663,-75.756,-1.800734575,0.002410851,0.000645974,0.002410719,0.000025261,0.000645974,,,
1786043746695584464,1786043746.694869350,/novatel/oem7/odom,/novatel/oem7/fix,/novatel/oem7/odom,39.663,-75.756,-1.800734575,0.002410851,0.000645974,0.002410719,0.000025261,0.000645974,,,
1786043746706399342,1786043746.705819699,/novatel/oem7/inspva,/novatel/oem7/inspva,/novatel/oem7/inspva,39.663,-75.756,-1.800730199,0.001542569,0.000789419,0.001201219,0.000967777,0.000789419,,novatel_oem7_msgs.msg.InertialSolutionStatus(status=3),
1786043746707918894,1786043746.705957978,/novatel/oem7/fix,/novatel/oem7/fix,/novatel/oem7/inspva,39.663,-75.756,-1.800730199,0.001542569,0.000789419,0.001201219,0.000967777,0.000789419,,0,
1786043746709284824,1786043746.706526753,/novatel/oem7/odom,/novatel/oem7/fix,/novatel/oem7/odom,39.663,-75.756,-1.800730199,0.001538906,0.000796537,0.001023703,0.001149027,0.000796537,,,
1786043746711031695,1786043746.708950071,/novatel/oem7/bestpos,/novatel/oem7/bestpos,/novatel/oem7/odom,39.663,-75.756,33.181594879,0.001538906,0.000796537,0.001023703,0.001149027,0.000796537,,novatel_oem7_msgs.msg.SolutionStatus(status=0),novatel_oem7_msgs.msg.PositionOrVelocityType(type=53)
1786043746712088452,1786043746.709196640,/novatel/oem7/bestvel,/novatel/oem7/bestpos,/novatel/oem7/bestvel,39.663,-75.756,33.181594879,0.002191859,0.000314652,,,,52.333004577,novatel_oem7_msgs.msg.SolutionStatus(status=0),novatel_oem7_msgs.msg.PositionOrVelocityType(type=53)
1786043746715194163,1786043746.714468276,/novatel/oem7/odom,/novatel/oem7/bestpos,/novatel/oem7/odom,39.663,-75.756,33.181594879,0.001538906,0.000796537,0.001023703,0.001149027,0.000796537,,,
1786043746725816256,1786043746.725225817,/novatel/oem7/inspva,/novatel/oem7/inspva,/novatel/oem7/inspva,39.663,-75.756,-1.800751602,0.002118144,-0.002027754,0.002068863,-0.000454245,-0.002027754,,novatel_oem7_msgs.msg.InertialSolutionStatus(status=3),
1786043746727341665,1786043746.725377552,/novatel/oem7/fix,/novatel/oem7/fix,/novatel/oem7/inspva,39.663,-75.756,-1.800751602,0.002118144,-0.002027754,0.002068863,-0.000454245,-0.002027754,,0,
1786043746728555420,1786043746.725850793,/novatel/oem7/odom,/novatel/oem7/fix,/novatel/oem7/odom,39.663,-75.756,-1.800751602,0.002122332,-0.002023371,-0.000342252,0.002094554,-0.002023371,,,
1786043746736193163,1786043746.735443953,/novatel/oem7/odom,/novatel/oem7/fix,/novatel/oem7/odom,39.663,-75.756,-1.800751602,0.002122332,-0.002023371,-0.000342252,0.002094554,-0.002023371,,,
1786043746746483326,1786043746.745724350,/novatel/oem7/inspva,/novatel/oem7/inspva,/novatel/oem7/inspva,39.663,-75.756,-1.800740754,0.002215940,-0.001875302,0.002115100,0.000660863,-0.001875302,,novatel_oem7_msgs.msg.InertialSolutionStatus(status=3),
1786043746747952158,1786043746.745832711,/novatel/oem7/fix,/novatel/oem7/fix,/novatel/oem7/inspva,39.663,-75.756,-1.800740754,0.002215940,-0.001875302,0.002115100,0.000660863,-0.001875302,,0,
1786043746749043702,1786043746.746438286,/novatel/oem7/odom,/novatel/oem7/fix,/novatel/oem7/odom,39.663,-75.756,-1.800740754,0.002223237,-0.001866645,0.000773132,0.002084478,-0.001866645,,,
1786043746756369545,1786043746.755578481,/novatel/oem7/odom,/novatel/oem7/fix,/novatel/oem7/odom,39.663,-75.756,-1.800740754,0.002223237,-0.001866645,0.000773132,0.002084478,-0.001866645,,,
1786043746767284001,1786043746.766583784,/novatel/oem7/inspva,/novatel/oem7/inspva,/novatel/oem7/inspva,39.663,-75.756,-1.800714251,0.002029431,0.000838768,0.000329031,0.002002580,0.000838768,,novatel_oem7_msgs.msg.InertialSolutionStatus(status=3),
1786043746768754229,1786043746.766746296,/novatel/oem7/fix,/novatel/oem7/fix,/novatel/oem7/inspva,39.663,-75.756,-1.800714251,0.002029431,0.000838768,0.000329031,0.002002580,0.000838768,,0,
1786043746769824443,1786043746.767343668,/novatel/oem7/odom,/novatel/oem7/fix,/novatel/oem7/odom,39.663,-75.756,-1.800714251,0.002025960,0.000847118,0.002013320,0.000225951,0.000847118,,,
1786043746775651801,1786043746.774873780,/novatel/oem7/odom,/novatel/oem7/fix,/novatel/oem7/odom,39.663,-75.756,-1.800714251,0.002025960,0.000847118,0.002013320,0.000225951,0.000847118,,,
1786043746785611224,1786043746.784962098,/novatel/oem7/inspva,/novatel/oem7/inspva,/novatel/oem7/inspva,39.663,-75.756,-1.800711628,0.002101369,0.000472994,0.001262229,0.001680038,0.000472994,,novatel_oem7_msgs.msg.InertialSolutionStatus(status=3),
1786043746787166290,1786043746.785122586,/novatel/oem7/fix,/novatel/oem7/fix,/novatel/oem7/inspva,39.663,-75.756,-1.800711628,0.002101369,0.000472994,0.001262229,0.001680038,0.000472994,,0,
1786043746788314561,1786043746.785569554,/novatel/oem7/odom,/novatel/oem7/fix,/novatel/oem7/odom,39.663,-75.756,-1.800711628,0.002099111,0.000482916,0.001739317,0.001175178,0.000482916,,,
1786043746796135729,1786043746.795396122,/novatel/oem7/odom,/novatel/oem7/fix,/novatel/oem7/odom,39.663,-75.756,-1.800711628,0.002099111,0.000482916,0.001739317,0.001175178,0.000482916,,,
1786043746807434242,1786043746.806718582,/novatel/oem7/inspva,/novatel/oem7/inspva,/novatel/oem7/inspva,39.663,-75.756,-1.800720354,0.002545815,-0.000652666,0.002539676,0.000176688,-0.000652666,,novatel_oem7_msgs.msg.InertialSolutionStatus(status=3),
1786043746809118079,1786043746.806985035,/novatel/oem7/fix,/novatel/oem7/fix,/novatel/oem7/inspva,39.663,-75.756,-1.800720354,0.002545815,-0.000652666,0.002539676,0.000176688,-0.000652666,,0,
1786043746810360049,1786043746.807758026,/novatel/oem7/odom,/novatel/oem7/fix,/novatel/oem7/odom,39.663,-75.756,-1.800720354,0.002547891,-0.000644513,0.000306110,0.002529436,-0.000644513,,,
1786043746812062256,1786043746.810179393,/novatel/oem7/bestpos,/novatel/oem7/bestpos,/novatel/oem7/odom,39.663,-75.756,33.181606104,0.002547891,-0.000644513,0.000306110,0.002529436,-0.000644513,,novatel_oem7_msgs.msg.SolutionStatus(status=0),novatel_oem7_msgs.msg.PositionOrVelocityType(type=53)
1786043746813111926,1786043746.810530126,/novatel/oem7/bestvel,/novatel/oem7/bestpos,/novatel/oem7/bestvel,39.663,-75.756,33.181606104,0.002657270,-0.000910332,,,,13.732505675,novatel_oem7_msgs.msg.SolutionStatus(status=0),novatel_oem7_msgs.msg.PositionOrVelocityType(type=53)
1786043746815707705,1786043746.814959100,/novatel/oem7/odom,/novatel/oem7/bestpos,/novatel/oem7/odom,39.663,-75.756,33.181606104,0.002547891,-0.000644513,0.000306110,0.002529436,-0.000644513,,,
1786043746826753969,1786043746.826068109,/novatel/oem7/inspva,/novatel/oem7/inspva,/novatel/oem7/inspva,39.663,-75.756,-1.800716070,0.002678404,-0.001248911,0.002663919,0.000278177,-0.001248911,,novatel_oem7_msgs.msg.InertialSolutionStatus(status=3),
1786043746828254931,1786043746.826338141,/novatel/oem7/fix,/novatel/oem7/fix,/novatel/oem7/inspva,39.663,-75.756,-1.800716070,0.002678404,-0.001248911,0.002663919,0.000278177,-0.001248911,,0,
1786043746829470150,1786043746.826728395,/novatel/oem7/odom,/novatel/oem7/fix,/novatel/oem7/odom,39.663,-75.756,-1.800716070,0.002682529,-0.001240025,0.000415983,0.002650079,-0.001240025,,,
1786043746835334358,1786043746.834579747,/novatel/oem7/odom,/novatel/oem7/fix,/novatel/oem7/odom,39.663,-75.756,-1.800716070,0.002682529,-0.001240025,0.000415983,0.002650079,-0.001240025,,,
1786043746845917887,1786043746.845248977,/novatel/oem7/inspva,/novatel/oem7/inspva,/novatel/oem7/inspva,39.663,-75.756,-1.800697017,0.001249838,-0.000217816,0.000140956,0.001241864,-0.000217816,,novatel_oem7_msgs.msg.InertialSolutionStatus(status=3),
1786043746847567191,1786043746.845444136,/novatel/oem7/fix,/novatel/oem7/fix,/novatel/oem7/inspva,39.663,-75.756,-1.800697017,0.001249838,-0.000217816,0.000140956,0.001241864,-0.000217816,,0,
1786043746848906060,1786043746.846015811,/novatel/oem7/odom,/novatel/oem7/fix,/novatel/oem7/odom,39.663,-75.756,-1.800697017,0.001250692,-0.000212861,0.001248183,0.000079180,-0.000212861,,,
1786043746857134232,1786043746.856344684,/novatel/oem7/odom,/novatel/oem7/fix,/novatel/oem7/odom,39.663,-75.756,-1.800697017,0.001250692,-0.000212861,0.001248183,0.000079180,-0.000212861,,,
1786043746865778153,1786043746.865073489,/novatel/oem7/inspva,/novatel/oem7/inspva,/novatel/oem7/inspva,39.663,-75.756,-1.800692898,0.001883310,0.000061835,0.001125381,0.001510091,0.000061835,,novatel_oem7_msgs.msg.InertialSolutionStatus(status=3),
1786043746867408535,1786043746.865187699,/novatel/oem7/fix,/novatel/oem7/fix,/novatel/oem7/inspva,39.663,-75.756,-1.800692898,0.001883310,0.000061835,0.001125381,0.001510091,0.000061835,,0,
1786043746868724708,1786043746.865570671,/novatel/oem7/odom,/novatel/oem7/fix,/novatel/oem7/odom,39.663,-75.756,-1.800692898,0.001882999,0.000070693,0.001564295,0.001048172,0.000070693,,,
1786043746875255577,1786043746.874485910,/novatel/oem7/odom,/novatel/oem7/fix,/novatel/oem7/odom,39.663,-75.756,-1.800692898,0.001882999,0.000070693,0.001564295,0.001048172,0.000070693,,,
1786043746887314538,1786043746.886699422,/novatel/oem7/inspva,/novatel/oem7/inspva,/novatel/oem7/inspva,39.663,-75.756,-1.800695184,0.002863737,-0.000133605,0.002683521,0.000999854,-0.000133605,,novatel_oem7_msgs.msg.InertialSolutionStatus(status=3),
1786043746888867037,1786043746.886886144,/novatel/oem7/fix,/novatel/oem7/fix,/novatel/oem7/inspva,39.663,-75.756,-1.800695184,0.002863737,-0.000133605,0.002683521,0.000999854,-0.000133605,,0,
1786043746890023201,1786043746.887323884,/novatel/oem7/odom,/novatel/oem7/fix,/novatel/oem7/odom,39.663,-75.756,-1.800695184,0.002864255,-0.000122001,0.001133479,0.002630434,-0.000122001,,,
1786043746895864420,1786043746.895124069,/novatel/oem7/odom,/novatel/oem7/fix,/novatel/oem7/odom,39.663,-75.756,-1.800695184,0.002864255,-0.000122001,0.001133479,0.002630434,-0.000122001,,,
1786043746906411975,1786043746.905814756,/novatel/oem7/inspva,/novatel/oem7/inspva,/novatel/oem7/inspva,39.663,-75.756,-1.800690897,0.003080943,-0.000397957,0.003070392,0.000254766,-0.000397957,,novatel_oem7_msgs.msg.InertialSolutionStatus(status=3),
1786043746907946307,1786043746.905975308,/novatel/oem7/fix,/novatel/oem7/fix,/novatel/oem7/inspva,39.663,-75.756,-1.800690897,0.003080943,-0.000397957,0.003070392,0.000254766,-0.000397957,,0,
1786043746909127962,1786043746.906361583,/novatel/oem7/odom,/novatel/oem7/fix,/novatel/oem7/odom,39.663,-75.756,-1.800690897,0.003082218,-0.000387959,0.000409707,0.003054866,-0.000387959,,,
1786043746910937907,1786043746.909541840,/novatel/oem7/bestpos,/novatel/oem7/bestpos,/novatel/oem7/odom,39.663,-75.756,33.181619335,0.003082218,-0.000387959,0.000409707,0.003054866,-0.000387959,,novatel_oem7_msgs.msg.SolutionStatus(status=0),novatel_oem7_msgs.msg.PositionOrVelocityType(type=53)
1786043746912280834,1786043746.910123769,/novatel/oem7/bestvel,/novatel/oem7/bestpos,/novatel/oem7/bestvel,39.663,-75.756,33.181619335,0.003556292,-0.001183196,,,,29.645512320,novatel_oem7_msgs.msg.SolutionStatus(status=0),novatel_oem7_msgs.msg.PositionOrVelocityType(type=53)
1786043746916366318,1786043746.915633044,/novatel/oem7/odom,/novatel/oem7/bestpos,/novatel/oem7/odom,39.663,-75.756,33.181619335,0.003082218,-0.000387959,0.000409707,0.003054866,-0.000387959,,,
1786043746926110919,1786043746.925497213,/novatel/oem7/inspva,/novatel/oem7/inspva,/novatel/oem7/inspva,39.663,-75.756,-1.800690849,0.001112924,-0.001515271,0.001110924,0.000066678,-0.001515271,,novatel_oem7_msgs.msg.InertialSolutionStatus(status=3),
1786043746927668652,1786043746.925651414,/novatel/oem7/fix,/novatel/oem7/fix,/novatel/oem7/inspva,39.663,-75.756,-1.800690849,0.001112924,-0.001515271,0.001110924,0.000066678,-0.001515271,,0,
1786043746928926817,1786043746.926441302,/novatel/oem7/odom,/novatel/oem7/fix,/novatel/oem7/odom,39.663,-75.756,-1.800690849,0.001117699,-0.001511752,0.000127939,0.001110352,-0.001511752,,,
1786043746935713358,1786043746.934939919,/novatel/oem7/odom,/novatel/oem7/fix,/novatel/oem7/odom,39.663,-75.756,-1.800690849,0.001117699,-0.001511752,0.000127939,0.001110352,-0.001511752,,,
1786043746946536196,1786043746.945895374,/novatel/oem7/inspva,/novatel/oem7/inspva,/novatel/oem7/inspva,39.663,-75.756,-1.800679569,0.001722255,-0.000411436,0.001275716,0.001157027,-0.000411436,,novatel_oem7_msgs.msg.InertialSolutionStatus(status=3),
1786043746948050952,1786043746.946045115,/novatel/oem7/fix,/novatel/oem7/fix,/novatel/oem7/inspva,39.663,-75.756,-1.800679569,0.001722255,-0.000411436,0.001275716,0.001157027,-0.000411436,,0,
1786043746949280834,1786043746.946304874,/novatel/oem7/odom,/novatel/oem7/fix,/novatel/oem7/odom,39.663,-75.756,-1.800679569,0.001724141,-0.000403462,0.001220990,0.001217310,-0.000403462,,,
1786043746956703652,1786043746.955907857,/novatel/oem7/odom,/novatel/oem7/fix,/novatel/oem7/odom,39.663,-75.756,-1.800679569,0.001724141,-0.000403462,0.001220990,0.001217310,-0.000403462,,,
1786043746965809383,1786043746.965168066,/novatel/oem7/inspva,/novatel/oem7/inspva,/novatel/oem7/inspva,39.663,-75.756,-1.800670294,0.002593010,0.000721573,0.002505728,0.000667101,0.000721573,,novatel_oem7_msgs.msg.InertialSolutionStatus(status=3),
1786043746967320041,1786043746.965312314,/novatel/oem7/fix,/novatel/oem7/fix,/novatel/oem7/inspva,39.663,-75.756,-1.800670294,0.002593010,0.000721573,0.002505728,0.000667101,0.000721573,,0,
1786043746968581317,1786043746.965764709,/novatel/oem7/odom,/novatel/oem7/fix,/novatel/oem7/odom,39.663,-75.756,-1.800670294,0.002590252,0.000731411,0.000788949,0.002467177,0.000731411,,,
1786043746976193723,1786043746.975498960,/novatel/oem7/odom,/novatel/oem7/fix,/novatel/oem7/odom,39.663,-75.756,-1.800670294,0.002590252,0.000731411,0.000788949,0.002467177,0.000731411,,,
1786043746985635997,1786043746.985034201,/novatel/oem7/inspva,/novatel/oem7/inspva,/novatel/oem7/inspva,39.663,-75.756,-1.800674363,0.003013225,-0.000082046,0.003010463,0.000128988,-0.000082046,,novatel_oem7_msgs.msg.InertialSolutionStatus(status=3),
1786043746987102552,1786043746.985171773,/novatel/oem7/fix,/novatel/oem7/fix,/novatel/oem7/inspva,39.663,-75.756,-1.800674363,0.003013225,-0.000082046,0.003010463,0.000128988,-0.000082046,,0,
1786043746988260511,1786043746.985484415,/novatel/oem7/odom,/novatel/oem7/fix,/novatel/oem7/odom,39.663,-75.756,-1.800674363,0.003013465,-0.000072690,0.000279842,0.003000444,-0.000072690,,,
1786043746995075159,1786043746.994331646,/novatel/oem7/odom,/novatel/oem7/fix,/novatel/oem7/odom,39.663,-75.756,-1.800674363,0.003013465,-0.000072690,0.000279842,0.003000444,-0.000072690,,,
1786043747009100349,1786043747.008390145,/novatel/oem7/inspva,/novatel/oem7/inspva,/novatel/oem7/inspva,39.663,-75.756,-1.800693862,0.002444956,-0.002381866,0.002444124,-0.000063797,-0.002381866,,novatel_oem7_msgs.msg.InertialSolutionStatus(status=3),
1786043747010617804,1786043747.008599434,/novatel/oem7/fix,/novatel/oem7/fix,/novatel/oem7/inspva,39.663,-75.756,-1.800693862,0.002444956,-0.002381866,0.002444124,-0.000063797,-0.002381866,,0,
1786043747011802173,1786043747.009551680,/novatel/oem7/odom,/novatel/oem7/fix,/novatel/oem7/odom,39.663,-75.756,-1.800693862,0.002451729,-0.002374895,0.000067582,0.002450797,-0.002374895,,,
1786043747016500746,1786043747.015755565,/novatel/oem7/odom,/novatel/oem7/fix,/novatel/oem7/odom,39.663,-75.756,-1.800693862,0.002451729,-0.002374895,0.000067582,0.002450797,-0.002374895,,,
1786043747027909137,1786043747.027227497,/novatel/oem7/bestpos,/novatel/oem7/bestpos,/novatel/oem7/odom,39.663,-75.756,33.181640230,0.002451729,-0.002374895,0.000067582,0.002450797,-0.002374895,,novatel_oem7_msgs.msg.SolutionStatus(status=0),novatel_oem7_msgs.msg.PositionOrVelocityType(type=53)
1786043747029525393,1786043747.027603261,/novatel/oem7/bestvel,/novatel/oem7/bestpos,/novatel/oem7/bestvel,39.663,-75.756,33.181640230,0.002016842,-0.001629292,,,,335.443475293,novatel_oem7_msgs.msg.SolutionStatus(status=0),novatel_oem7_msgs.msg.PositionOrVelocityType(type=53)
1786043747030540883,1786043747.028094736,/novatel/oem7/inspva,/novatel/oem7/inspva,/novatel/oem7/inspva,39.663,-75.756,-1.800682873,0.001996838,-0.001405945,0.001919846,0.000549138,-0.001405945,,novatel_oem7_msgs.msg.InertialSolutionStatus(status=3),
1786043747031483510,1786043747.028247714,/novatel/oem7/fix,/novatel/oem7/fix,/novatel/oem7/inspva,39.663,-75.756,-1.800682873,0.001996838,-0.001405945,0.001919846,0.000549138,-0.001405945,,0,
1786043747032604004,1786043747.028758762,/novatel/oem7/odom,/novatel/oem7/fix,/novatel/oem7/odom,39.663,-75.756,-1.800682873,0.002002213,-0.001398279,0.000649805,0.001893835,-0.001398279,,,
1786043747036278644,1786043747.035553763,/novatel/oem7/odom,/novatel/oem7/fix,/novatel/oem7/odom,39.663,-75.756,-1.800682873,0.002002213,-0.001398279,0.000649805,0.001893835,-0.001398279,,,
1786043747046552820,1786043747.045955771,/novatel/oem7/inspva,/novatel/oem7/inspva,/novatel/oem7/inspva,39.663,-75.756,-1.800663427,0.002280530,0.001276125,0.002103399,0.000881210,0.001276125,,novatel_oem7_msgs.msg.InertialSolutionStatus(status=3),
1786043747048109109,1786043747.046122132,/novatel/oem7/fix,/novatel/oem7/fix,/novatel/oem7/inspva,39.663,-75.756,-1.800663427,0.002280530,0.001276125,0.002103399,0.000881210,0.001276125,,0,
1786043747049286108,1786043747.046726017,/novatel/oem7/odom,/novatel/oem7/fix,/novatel/oem7/odom,39.663,-75.756,-1.800663427,0.002275211,0.001285584,0.000980472,0.002053110,0.001285584,,,
1786043747057231840,1786043747.056502056,/novatel/oem7/odom,/novatel/oem7/fix,/novatel/oem7/odom,39.663,-75.756,-1.800663427,0.002275211,0.001285584,0.000980472,0.002053110,0.001285584,,,
1786043747067132912,1786043747.066535353,/novatel/oem7/inspva,/novatel/oem7/inspva,/novatel/oem7/inspva,39.663,-75.756,-1.800671539,0.002708546,0.000799621,0.002683213,0.000369584,0.000799621,,novatel_oem7_msgs.msg.InertialSolutionStatus(status=3),
1786043747068681815,1786043747.066687725,/novatel/oem7/fix,/novatel/oem7/fix,/novatel/oem7/inspva,39.663,-75.756,-1.800671539,0.002708546,0.000799621,0.002683213,0.000369584,0.000799621,,0,
1786043747069856857,1786043747.067067183,/novatel/oem7/odom,/novatel/oem7/fix,/novatel/oem7/odom,39.663,-75.756,-1.800671539,0.002705791,0.000808893,0.000500355,0.002659126,0.000808893,,,
1786043747075517130,1786043747.074793677,/novatel/oem7/odom,/novatel/oem7/fix,/novatel/oem7/odom,39.663,-75.756,-1.800671539,0.002705791,0.000808893,0.000500355,0.002659126,0.000808893,,,
1786043747086084442,1786043747.085396935,/novatel/oem7/inspva,/novatel/oem7/inspva,/novatel/oem7/inspva,39.663,-75.756,-1.800692567,0.002735642,-0.002038800,0.002733961,0.000095872,-0.002038800,,novatel_oem7_msgs.msg.InertialSolutionStatus(status=3),
1786043747087642208,1786043747.085638824,/novatel/oem7/fix,/novatel/oem7/fix,/novatel/oem7/inspva,39.663,-75.756,-1.800692567,0.002735642,-0.002038800,0.002733961,0.000095872,-0.002038800,,0,
1786043747088857890,1786043747.086134962,/novatel/oem7/odom,/novatel/oem7/fix,/novatel/oem7/odom,39.663,-75.756,-1.800692567,0.002741874,-0.002030412,0.000240271,0.002731326,-0.002030412,,,
1786043747096616314,1786043747.095797646,/novatel/oem7/odom,/novatel/oem7/fix,/novatel/oem7/odom,39.663,-75.756,-1.800692567,0.002741874,-0.002030412,0.000240271,0.002731326,-0.002030412,,,
1786043747106739752,1786043747.106083692,/novatel/oem7/inspva,/novatel/oem7/inspva,/novatel/oem7/inspva,39.663,-75.756,-1.800689159,0.001999928,-0.001671087,0.001929054,0.000527697,-0.001671087,,novatel_oem7_msgs.msg.InertialSolutionStatus(status=3),
1786043747108184683,1786043747.106272868,/novatel/oem7/fix,/novatel/oem7/fix,/novatel/oem7/inspva,39.663,-75.756,-1.800689159,0.001999928,-0.001671087,0.001929054,0.000527697,-0.001671087,,0,
1786043747109324614,1786043747.106625159,/novatel/oem7/odom,/novatel/oem7/fix,/novatel/oem7/odom,39.663,-75.756,-1.800689159,0.002006267,-0.001663471,0.000629866,0.001904830,-0.001663471,,,
1786043747110958818,1786043747.109907247,/novatel/oem7/bestpos,/novatel/oem7/bestpos,/novatel/oem7/odom,39.663,-75.756,33.181723551,0.002006267,-0.001663471,0.000629866,0.001904830,-0.001663471,,novatel_oem7_msgs.msg.SolutionStatus(status=0),novatel_oem7_msgs.msg.PositionOrVelocityType(type=53)
1786043747112863020,1786043747.110440049,/novatel/oem7/bestvel,/novatel/oem7/bestpos,/novatel/oem7/bestvel,39.663,-75.756,33.181723551,0.001852718,-0.001213000,,,,352.030052209,novatel_oem7_msgs.msg.SolutionStatus(status=0),novatel_oem7_msgs.msg.PositionOrVelocityType(type=53)
1786043747115240090,1786043747.114506320,/novatel/oem7/odom,/novatel/oem7/bestpos,/novatel/oem7/odom,39.663,-75.756,33.181723551,0.002006267,-0.001663471,0.000629866,0.001904830,-0.001663471,,,
1786043747127205873,1786043747.126608767,/novatel/oem7/inspva,/novatel/oem7/inspva,/novatel/oem7/inspva,39.663,-75.756,-1.800660900,0.002107276,0.001749733,0.001707683,0.001234678,0.001749733,,novatel_oem7_msgs.msg.InertialSolutionStatus(status=3),
1786043747128808063,1786043747.126786519,/novatel/oem7/fix,/novatel/oem7/fix,/novatel/oem7/inspva,39.663,-75.756,-1.800660900,0.002107276,0.001749733,0.001707683,0.001234678,0.001749733,,0,
1786043747130038015,1786043747.127208873,/novatel/oem7/odom,/novatel/oem7/fix,/novatel/oem7/odom,39.663,-75.756,-1.800660900,0.002099313,0.001759279,0.001311918,0.001638897,0.001759279,,,
1786043747136270228,1786043747.135549573,/novatel/oem7/odom,/novatel/oem7/fix,/novatel/oem7/odom,39.663,-75.756,-1.800660900,0.002099313,0.001759279,0.001311918,0.001638897,0.001759279,,,
1786043747145782219,1786043747.145166760,/novatel/oem7/inspva,/novatel/oem7/inspva,/novatel/oem7/inspva,39.663,-75.756,-1.800664863,0.002246118,0.001439308,0.002183569,0.000526378,0.001439308,,novatel_oem7_msgs.msg.InertialSolutionStatus(status=3),
1786043747147777613,1786043747.145335198,/novatel/oem7/fix,/novatel/oem7/fix,/novatel/oem7/inspva,39.663,-75.756,-1.800664863,0.002246118,0.001439308,0.002183569,0.000526378,0.001439308,,0,
1786043747148985048,1786043747.145845340,/novatel/oem7/odom,/novatel/oem7/fix,/novatel/oem7/odom,39.663,-75.756,-1.800664863,0.002240731,0.001447680,0.000629464,0.002150501,0.001447680,,,
1786043747156438533,1786043747.155680582,/novatel/oem7/odom,/novatel/oem7/fix,/novatel/oem7/odom,39.663,-75.756,-1.800664863,0.002240731,0.001447680,0.000629464,0.002150501,0.001447680,,,
1786043747167152983,1786043747.166573967,/novatel/oem7/inspva,/novatel/oem7/inspva,/novatel/oem7/inspva,39.663,-75.756,-1.800680755,0.003117182,-0.001332301,0.003021692,-0.000765635,-0.001332301,,novatel_oem7_msgs.msg.InertialSolutionStatus(status=3),
1786043747168715405,1786043747.166749892,/novatel/oem7/fix,/novatel/oem7/fix,/novatel/oem7/inspva,39.663,-75.756,-1.800680755,0.003117182,-0.001332301,0.003021692,-0.000765635,-0.001332301,,0,
1786043747169890560,1786043747.167100779,/novatel/oem7/odom,/novatel/oem7/fix,/novatel/oem7/odom,39.663,-75.756,-1.800680755,0.003119777,-0.001326212,-0.000608464,0.003059866,-0.001326212,,,
1786043747175688665,1786043747.174931417,/novatel/oem7/odom,/novatel/oem7/fix,/novatel/oem7/odom,39.663,-75.756,-1.800680755,0.003119777,-0.001326212,-0.000608464,0.003059866,-0.001326212,,,
1786043747186568651,1786043747.185953331,/novatel/oem7/inspva,/novatel/oem7/inspva,/novatel/oem7/inspva,39.663,-75.756,-1.800677281,0.002397809,-0.001276391,0.002346530,0.000493241,-0.001276391,,novatel_oem7_msgs.msg.InertialSolutionStatus(status=3),
1786043747188071449,1786043747.186134373,/novatel/oem7/fix,/novatel/oem7/fix,/novatel/oem7/inspva,39.663,-75.756,-1.800677281,0.002397809,-0.001276391,0.002346530,0.000493241,-0.001276391,,0,
1786043747189222077,1786043747.186460420,/novatel/oem7/odom,/novatel/oem7/fix,/novatel/oem7/odom,39.663,-75.756,-1.800677281,0.002402429,-0.001267674,0.000614825,0.002322425,-0.001267674,,,
1786043747195188183,1786043747.194491810,/novatel/oem7/odom,/novatel/oem7/fix,/novatel/oem7/odom,39.663,-75.756,-1.800677281,0.002402429,-0.001267674,0.000614825,0.002322425,-0.001267674,,,
1786043747207083862,1786043747.206348092,/novatel/oem7/inspva,/novatel/oem7/inspva,/novatel/oem7/inspva,39.663,-75.756,-1.800658014,0.002088482,0.000996983,0.001124500,0.001759902,0.000996983,,novatel_oem7_msgs.msg.InertialSolutionStatus(status=3),
1786043747208126202,1786043747.206542397,/novatel/oem7/fix,/novatel/oem7/fix,/novatel/oem7/inspva,39.663,-75.756,-1.800658014,0.002088482,0.000996983,0.001124500,0.001759902,0.000996983,,0,
1786043747209839390,1786043747.206863804,/novatel/oem7/odom,/novatel/oem7/fix,/novatel/oem7/odom,39.663,-75.756,-1.800658014,0.002083803,0.001006726,0.001810158,0.001032262,0.001006726,,,
1786043747211523543,1786043747.210330671,/novatel/oem7/bestpos,/novatel/oem7/bestpos,/novatel/oem7/odom,39.663,-75.756,33.181732664,0.002083803,0.001006726,0.001810158,0.001032262,0.001006726,,novatel_oem7_msgs.msg.SolutionStatus(status=0),novatel_oem7_msgs.msg.PositionOrVelocityType(type=53)
1786043747212541367,1786043747.210743696,/novatel/oem7/bestvel,/novatel/oem7/bestpos,/novatel/oem7/bestvel,39.663,-75.756,33.181732664,0.002391849,0.000711675,,,,48.088717544,novatel_oem7_msgs.msg.SolutionStatus(status=0),novatel_oem7_msgs.msg.PositionOrVelocityType(type=53)
1786043747215683832,1786043747.214957488,/novatel/oem7/odom,/novatel/oem7/bestpos,/novatel/oem7/odom,39.663,-75.756,33.181732664,0.002083803,0.001006726,0.001810158,0.001032262,0.001006726,,,
1786043747226616924,1786043747.226006075,/novatel/oem7/inspva,/novatel/oem7/inspva,/novatel/oem7/inspva,39.663,-75.756,-1.800657355,0.001696443,0.001035700,0.001266458,0.001128718,0.001035700,,novatel_oem7_msgs.msg.InertialSolutionStatus(status=3),
1786043747228063552,1786043747.226175313,/novatel/oem7/fix,/novatel/oem7/fix,/novatel/oem7/inspva,39.663,-75.756,-1.800657355,0.001696443,0.001035700,0.001266458,0.001128718,0.001035700,,0,
1786043747229198513,1786043747.226631841,/novatel/oem7/odom,/novatel/oem7/fix,/novatel/oem7/odom,39.663,-75.756,-1.800657355,0.001691622,0.001043556,0.001186714,0.001205527,0.001043556,,,
1786043747235008581,1786043747.234314841,/novatel/oem7/odom,/novatel/oem7/fix,/novatel/oem7/odom,39.663,-75.756,-1.800657355,0.001691622,0.001043556,0.001186714,0.001205527,0.001043556,,,
1786043747246389129,1786043747.245314764,/novatel/oem7/inspva,/novatel/oem7/inspva,/novatel/oem7/inspva,39.663,-75.756,-1.800666573,0.003395455,-0.000376877,0.003259101,-0.000952562,-0.000376877,,novatel_oem7_msgs.msg.InertialSolutionStatus(status=3),
1786043747247372052,1786043747.245618957,/novatel/oem7/fix,/novatel/oem7/fix,/novatel/oem7/inspva,39.663,-75.756,-1.800666573,0.003395455,-0.000376877,0.003259101,-0.000952562,-0.000376877,,0,
1786043747248922474,1786043747.246045185,/novatel/oem7/odom,/novatel/oem7/fix,/novatel/oem7/odom,39.663,-75.756,-1.800666573,0.003396123,-0.000370811,-0.000786954,0.003303688,-0.000370811,,,
1786043747257105869,1786043747.256378429,/novatel/oem7/odom,/novatel/oem7/fix,/novatel/oem7/odom,39.663,-75.756,-1.800666573,0.003396123,-0.000370811,-0.000786954,0.003303688,-0.000370811,,,
1786043747265613351,1786043747.264962848,/novatel/oem7/inspva,/novatel/oem7/inspva,/novatel/oem7/inspva,39.663,-75.756,-1.800668051,0.002382896,-0.000955499,0.002382099,0.000061608,-0.000955499,,novatel_oem7_msgs.msg.InertialSolutionStatus(status=3),
1786043747267039975,1786043747.265139136,/novatel/oem7/fix,/novatel/oem7/fix,/novatel/oem7/inspva,39.663,-75.756,-1.800668051,0.002382896,-0.000955499,0.002382099,0.000061608,-0.000955499,,0,
1786043747268119506,1786043747.265520690,/novatel/oem7/odom,/novatel/oem7/fix,/novatel/oem7/odom,39.663,-75.756,-1.800668051,0.002385779,-0.000948277,0.000184281,0.002378651,-0.000948277,,,
1786043747275041992,1786043747.274338552,/novatel/oem7/odom,/novatel/oem7/fix,/novatel/oem7/odom,39.663,-75.756,-1.800668051,0.002385779,-0.000948277,0.000184281,0.002378651,-0.000948277,,,
1786043747287190920,1786043747.286545497,/novatel/oem7/inspva,/novatel/oem7/inspva,/novatel/oem7/inspva,39.663,-75.756,-1.800658345,0.001486922,0.000084060,0.000709422,0.001306774,0.000084060,,novatel_oem7_msgs.msg.InertialSolutionStatus(status=3),
1786043747288611247,1786043747.286742416,/novatel/oem7/fix,/novatel/oem7/fix,/novatel/oem7/inspva,39.663,-75.756,-1.800658345,0.001486922,0.000084060,0.000709422,0.001306774,0.000084060,,0,
1786043747289691675,1786043747.287173250,/novatel/oem7/odom,/novatel/oem7/fix,/novatel/oem7/odom,39.663,-75.756,-1.800658345,0.001486519,0.000090912,0.001340289,0.000642934,0.000090912,,,
1786043747295391142,1786043747.294688148,/novatel/oem7/odom,/novatel/oem7/fix,/novatel/oem7/odom,39.663,-75.756,-1.800658345,0.001486519,0.000090912,0.001340289,0.000642934,0.000090912,,,
1786043747306642035,1786043747.306021368,/novatel/oem7/inspva,/novatel/oem7/inspva,/novatel/oem7/inspva,39.663,-75.756,-1.800653564,0.001893140,0.000635642,0.000717828,0.001751771,0.000635642,,novatel_oem7_msgs.msg.InertialSolutionStatus(status=3),
1786043747308082422,1786043747.306188790,/novatel/oem7/fix,/novatel/oem7/fix,/novatel/oem7/inspva,39.663,-75.756,-1.800653564,0.001893140,0.000635642,0.000717828,0.001751771,0.000635642,,0,
1786043747309127859,1786043747.306584391,/novatel/oem7/odom,/novatel/oem7/fix,/novatel/oem7/odom,39.663,-75.756,-1.800653564,0.001890273,0.000644118,0.001783063,0.000627549,0.000644118,,,
1786043747310667532,1786043747.309225820,/novatel/oem7/bestpos,/novatel/oem7/bestpos,/novatel/oem7/odom,39.663,-75.756,33.181740557,0.001890273,0.000644118,0.001783063,0.000627549,0.000644118,,novatel_oem7_msgs.msg.SolutionStatus(status=0),novatel_oem7_msgs.msg.PositionOrVelocityType(type=53)
1786043747311615841,1786043747.309661865,/novatel/oem7/bestvel,/novatel/oem7/bestpos,/novatel/oem7/bestvel,39.663,-75.756,33.181740557,0.001805744,0.000562948,,,,48.563481526,novatel_oem7_msgs.msg.SolutionStatus(status=0),novatel_oem7_msgs.msg.PositionOrVelocityType(type=53)
1786043747315253051,1786043747.314594564,/novatel/oem7/odom,/novatel/oem7/bestpos,/novatel/oem7/odom,39.663,-75.756,33.181740557,0.001890273,0.000644118,0.001783063,0.000627549,0.000644118,,,
1786043747325905360,1786043747.325383025,/novatel/oem7/inspva,/novatel/oem7/inspva,/novatel/oem7/inspva,39.663,-75.756,-1.800652331,0.002396858,0.000742364,0.002387092,0.000216144,0.000742364,,novatel_oem7_msgs.msg.InertialSolutionStatus(status=3),
1786043747327232887,1786043747.325588237,/novatel/oem7/fix,/novatel/oem7/fix,/novatel/oem7/inspva,39.663,-75.756,-1.800652331,0.002396858,0.000742364,0.002387092,0.000216144,0.000742364,,0,
1786043747328294351,1786043747.326182170,/novatel/oem7/odom,/novatel/oem7/fix,/novatel/oem7/odom,39.663,-75.756,-1.800652331,0.002394447,0.000750103,0.000332387,0.002371265,0.000750103,,,
1786043747335726749,1786043747.335053612,/novatel/oem7/odom,/novatel/oem7/fix,/novatel/oem7/odom,39.663,-75.756,-1.800652331,0.002394447,0.000750103,0.000332387,0.002371265,0.000750103,,,
1786043747346641772,1786043747.346132370,/novatel/oem7/inspva,/novatel/oem7/inspva,/novatel/oem7/inspva,39.663,-75.756,-1.800662559,0.002386115,-0.000456467,0.002385980,0.000025358,-0.000456467,,novatel_oem7_msgs.msg.InertialSolutionStatus(status=3),
1786043747348349072,1786043747.346289381,/novatel/oem7/fix,/novatel/oem7/fix,/novatel/oem7/inspva,39.663,-75.756,-1.800662559,0.002386115,-0.000456467,0.002385980,0.000025358,-0.000456467,,0,
1786043747349504273,1786043747.346781136,/novatel/oem7/odom,/novatel/oem7/fix,/novatel/oem7/odom,39.663,-75.756,-1.800662559,0.002387451,-0.000449429,0.000146334,0.002382962,-0.000449429,,,
1786043747356382039,1786043747.355742656,/novatel/oem7/odom,/novatel/oem7/fix,/novatel/oem7/odom,39.663,-75.756,-1.800662559,0.002387451,-0.000449429,0.000146334,0.002382962,-0.000449429,,,
1786043747365822770,1786043747.365324061,/novatel/oem7/inspva,/novatel/oem7/inspva,/novatel/oem7/inspva,39.663,-75.756,-1.800664256,0.001114459,-0.000954672,0.000704466,0.000863566,-0.000954672,,novatel_oem7_msgs.msg.InertialSolutionStatus(status=3),
1786043747367185623,1786043747.365510293,/novatel/oem7/fix,/novatel/oem7/fix,/novatel/oem7/inspva,39.663,-75.756,-1.800664256,0.001114459,-0.000954672,0.000704466,0.000863566,-0.000954672,,0,
1786043747368250271,1786043747.366307411,/novatel/oem7/odom,/novatel/oem7/fix,/novatel/oem7/odom,39.663,-75.756,-1.800664256,0.001118883,-0.000949483,0.000901281,0.000663018,-0.000949483,,,
1786043747376257108,1786043747.375565327,/novatel/oem7/odom,/novatel/oem7/fix,/novatel/oem7/odom,39.663,-75.756,-1.800664256,0.001118883,-0.000949483,0.000901281,0.000663018,-0.000949483,,,
1786043747385623914,1786043747.385024709,/novatel/oem7/inspva,/novatel/oem7/inspva,/novatel/oem7/inspva,39.663,-75.756,-1.800652219,0.001300564,-0.000101375,0.000811191,0.001016581,-0.000101375,,novatel_oem7_msgs.msg.InertialSolutionStatus(status=3),
1786043747386967661,1786043747.385171770,/novatel/oem7/fix,/novatel/oem7/fix,/novatel/oem7/inspva,39.663,-75.756,-1.800652219,0.001300564,-0.000101375,0.000811191,0.001016581,-0.000101375,,0,
1786043747388038539,1786043747.385674588,/novatel/oem7/odom,/novatel/oem7/fix,/novatel/oem7/odom,39.663,-75.756,-1.800652219,0.001301022,-0.000095319,0.001056244,0.000759610,-0.000095319,,,
1786043747395208447,1786043747.394529270,/novatel/oem7/odom,/novatel/oem7/fix,/novatel/oem7/odom,39.663,-75.756,-1.800652219,0.001301022,-0.000095319,0.001056244,0.000759610,-0.000095319,,,
1786043747407046029,1786043747.406476833,/novatel/oem7/inspva,/novatel/oem7/inspva,/novatel/oem7/inspva,39.663,-75.756,-1.800634639,0.002399120,0.001728275,0.001985779,0.001346276,0.001728275,,novatel_oem7_msgs.msg.InertialSolutionStatus(status=3),
1786043747408368795,1786043747.406644672,/novatel/oem7/fix,/novatel/oem7/fix,/novatel/oem7/inspva,39.663,-75.756,-1.800634639,0.002399120,0.001728275,0.001985779,0.001346276,0.001728275,,0,
1786043747409381715,1786043747.407079459,/novatel/oem7/odom,/novatel/oem7/fix,/novatel/oem7/odom,39.663,-75.756,-1.800634639,0.002391367,0.001738986,0.001437286,0.001911242,0.001738986,,,
1786043747410880377,1786043747.410257971,/novatel/oem7/bestpos,/novatel/oem7/bestpos,/novatel/oem7/odom,39.663,-75.756,33.181749989,0.002391367,0.001738986,0.001437286,0.001911242,0.001738986,,novatel_oem7_msgs.msg.SolutionStatus(status=0),novatel_oem7_msgs.msg.PositionOrVelocityType(type=53)
1786043747412248358,1786043747.410602311,/novatel/oem7/bestvel,/novatel/oem7/bestpos,/novatel/oem7/bestvel,39.663,-75.756,33.181749989,0.003407634,0.000930958,,,,40.360997794,novatel_oem7_msgs.msg.SolutionStatus(status=0),novatel_oem7_msgs.msg.PositionOrVelocityType(type=53)
1786043747415562884,1786043747.414927758,/novatel/oem7/odom,/novatel/oem7/bestpos,/novatel/oem7/odom,39.663,-75.756,33.181749989,0.002391367,0.001738986,0.001437286,0.001911242,0.001738986,,,
1786043747425521520,1786043747.425028102,/novatel/oem7/inspva,/novatel/oem7/inspva,/novatel/oem7/inspva,39.663,-75.756,-1.800646576,0.002606599,0.000743501,0.002420588,0.000967012,0.000743501,,novatel_oem7_msgs.msg.InertialSolutionStatus(status=3),
1786043747426820487,1786043747.425172273,/novatel/oem7/fix,/novatel/oem7/fix,/novatel/oem7/inspva,39.663,-75.756,-1.800646576,0.002606599,0.000743501,0.002420588,0.000967012,0.000743501,,0,
1786043747427851754,1786043747.425606921,/novatel/oem7/odom,/novatel/oem7/fix,/novatel/oem7/odom,39.663,-75.756,-1.800646576,0.002603556,0.000754090,0.001083970,0.002367174,0.000754090,,,
1786043747435195560,1786043747.434543854,/novatel/oem7/odom,/novatel/oem7/fix,/novatel/oem7/odom,39.663,-75.756,-1.800646576,0.002603556,0.000754090,0.001083970,0.002367174,0.000754090,,,
1786043747445657798,1786043747.445145153,/novatel/oem7/inspva,/novatel/oem7/inspva,/novatel/oem7/inspva,39.663,-75.756,-1.800667008,0.001879100,-0.002167961,0.001798128,0.000545667,-0.002167961,,novatel_oem7_msgs.msg.InertialSolutionStatus(status=3),
1786043747446933945,1786043747.445307665,/novatel/oem7/fix,/novatel/oem7/fix,/novatel/oem7/inspva,39.663,-75.756,-1.800667008,0.001879100,-0.002167961,0.001798128,0.000545667,-0.002167961,,0,
1786043747447987455,1786043747.445837330,/novatel/oem7/odom,/novatel/oem7/fix,/novatel/oem7/odom,39.663,-75.756,-1.800667008,0.001887396,-0.002160743,0.000642990,0.001774493,-0.002160743,,,
1786043747457022039,1786043747.456392719,/novatel/oem7/odom,/novatel/oem7/fix,/novatel/oem7/odom,39.663,-75.756,-1.800667008,0.001887396,-0.002160743,0.000642990,0.001774493,-0.002160743,,,
1786043747466468433,1786043747.465982481,/novatel/oem7/inspva,/novatel/oem7/inspva,/novatel/oem7/inspva,39.663,-75.756,-1.800652905,0.001669065,-0.001236374,0.001330970,0.001007123,-0.001236374,,novatel_oem7_msgs.msg.InertialSolutionStatus(status=3),
1786043747467788069,1786043747.466126046,/novatel/oem7/fix,/novatel/oem7/fix,/novatel/oem7/inspva,39.663,-75.756,-1.800652905,0.001669065,-0.001236374,0.001330970,0.001007123,-0.001236374,,0,
1786043747468804750,1786043747.466567561,/novatel/oem7/odom,/novatel/oem7/fix,/novatel/oem7/odom,39.663,-75.756,-1.800652905,0.001674609,-0.001228855,0.001077012,0.001282326,-0.001228855,,,
1786043747474999078,1786043747.474311402,/novatel/oem7/odom,/novatel/oem7/fix,/novatel/oem7/odom,39.663,-75.756,-1.800652905,0.001674609,-0.001228855,0.001077012,0.001282326,-0.001228855,,,
1786043747485641992,1786043747.485132333,/novatel/oem7/inspva,/novatel/oem7/inspva,/novatel/oem7/inspva,39.663,-75.756,-1.800627133,0.002307781,0.001927462,0.001302494,0.001905089,0.001927462,,novatel_oem7_msgs.msg.InertialSolutionStatus(status=3),
1786043747486927628,1786043747.485278691,/novatel/oem7/fix,/novatel/oem7/fix,/novatel/oem7/inspva,39.663,-75.756,-1.800627133,0.002307781,0.001927462,0.001302494,0.001905089,0.001927462,,0,
1786043747487987468,1786043747.485663668,/novatel/oem7/odom,/novatel/oem7/fix,/novatel/oem7/odom,39.663,-75.756,-1.800627133,0.002298758,0.001938214,0.001960417,0.001200439,0.001938214,,,
1786043747496006682,1786043747.495369492,/novatel/oem7/odom,/novatel/oem7/fix,/novatel/oem7/odom,39.663,-75.756,-1.800627133,0.002298758,0.001938214,0.001960417,0.001200439,0.001938214,,,
1786043747506492613,1786043747.505999152,/novatel/oem7/inspva,/novatel/oem7/inspva,/novatel/oem7/inspva,39.663,-75.756,-1.800643794,0.002341396,0.000508346,0.001263239,0.001971386,0.000508346,,novatel_oem7_msgs.msg.InertialSolutionStatus(status=3),
1786043747507804020,1786043747.506144140,/novatel/oem7/fix,/novatel/oem7/fix,/novatel/oem7/inspva,39.663,-75.756,-1.800643794,0.002341396,0.000508346,0.001263239,0.001971386,0.000508346,,0,
1786043747508818267,1786043747.506523127,/novatel/oem7/odom,/novatel/oem7/fix,/novatel/oem7/odom,39.663,-75.756,-1.800643794,0.002339012,0.000519204,0.002030083,0.001161785,0.000519204,,,
1786043747512073679,1786043747.511476496,/novatel/oem7/bestpos,/novatel/oem7/bestpos,/novatel/oem7/odom,39.663,-75.756,33.181741466,0.002339012,0.000519204,0.002030083,0.001161785,0.000519204,,novatel_oem7_msgs.msg.SolutionStatus(status=0),novatel_oem7_msgs.msg.PositionOrVelocityType(type=53)
1786043747513519927,1786043747.511990738,/novatel/oem7/bestvel,/novatel/oem7/bestpos,/novatel/oem7/bestvel,39.663,-75.756,33.181741466,0.003207236,-0.000202922,,,,50.344777055,novatel_oem7_msgs.msg.SolutionStatus(status=0),novatel_oem7_msgs.msg.PositionOrVelocityType(type=53)
1786043747515047962,1786043747.514357215,/novatel/oem7/odom,/novatel/oem7/bestpos,/novatel/oem7/odom,39.663,-75.756,33.181741466,0.002339012,0.000519204,0.002030083,0.001161785,0.000519204,,,
1786043747527123940,1786043747.526644028,/novatel/oem7/inspva,/novatel/oem7/inspva,/novatel/oem7/inspva,39.663,-75.756,-1.800662151,0.002820972,-0.001481444,0.002616347,0.001054805,-0.001481444,,novatel_oem7_msgs.msg.InertialSolutionStatus(status=3),
1786043747528463096,1786043747.526795896,/novatel/oem7/fix,/novatel/oem7/fix,/novatel/oem7/inspva,39.663,-75.756,-1.800662151,0.002820972,-0.001481444,0.002616347,0.001054805,-0.001481444,,0,
1786043747529484986,1786043747.527296608,/novatel/oem7/odom,/novatel/oem7/fix,/novatel/oem7/odom,39.663,-75.756,-1.800662151,0.002826950,-0.001470005,0.001189759,0.002564395,-0.001470005,,,
1786043747535287771,1786043747.534683615,/novatel/oem7/odom,/novatel/oem7/fix,/novatel/oem7/odom,39.663,-75.756,-1.800662151,0.002826950,-0.001470005,0.001189759,0.002564395,-0.001470005,,,
1786043747545734019,1786043747.545061452,/novatel/oem7/inspva,/novatel/oem7/inspva,/novatel/oem7/inspva,39.663,-75.756,-1.800657643,0.001900797,-0.001306368,0.001882830,0.000260729,-0.001306368,,novatel_oem7_msgs.msg.InertialSolutionStatus(status=3),
1786043747547050256,1786043747.545304825,/novatel/oem7/fix,/novatel/oem7/fix,/novatel/oem7/inspva,39.663,-75.756,-1.800657643,0.001900797,-0.001306368,0.001882830,0.000260729,-0.001306368,,0,
1786043747548066822,1786043747.545900037,/novatel/oem7/odom,/novatel/oem7/fix,/novatel/oem7/odom,39.663,-75.756,-1.800657643,0.001905167,-0.001299986,0.000359362,0.001870968,-0.001299986,,,
1786043747556719752,1786043747.556054219,/novatel/oem7/odom,/novatel/oem7/fix,/novatel/oem7/odom,39.663,-75.756,-1.800657643,0.001905167,-0.001299986,0.000359362,0.001870968,-0.001299986,,,
1786043747566169330,1786043747.565692082,/novatel/oem7/inspva,/novatel/oem7/inspva,/novatel/oem7/inspva,39.663,-75.756,-1.800635759,0.002447130,0.001063208,0.000199346,0.002438997,0.001063208,,novatel_oem7_msgs.msg.InertialSolutionStatus(status=3),
1786043747567480986,1786043747.565859484,/novatel/oem7/fix,/novatel/oem7/fix,/novatel/oem7/inspva,39.663,-75.756,-1.800635759,0.002447130,0.001063208,0.000199346,0.002438997,0.001063208,,0,
1786043747568491843,1786043747.566543037,/novatel/oem7/odom,/novatel/oem7/fix,/novatel/oem7/odom,39.663,-75.756,-1.800635759,0.002443026,0.001072603,0.002441894,0.000074367,0.001072603,,,
1786043747575666418,1786043747.575048876,/novatel/oem7/odom,/novatel/oem7/fix,/novatel/oem7/odom,39.663,-75.756,-1.800635759,0.002443026,0.001072603,0.002441894,0.000074367,0.001072603,,,
1786043747586655152,1786043747.586145517,/novatel/oem7/inspva,/novatel/oem7/inspva,/novatel/oem7/inspva,39.663,-75.756,-1.800639785,0.001981466,0.000761321,0.000255844,0.001964879,0.000761321,,novatel_oem7_msgs.msg.InertialSolutionStatus(status=3),
1786043747587940028,1786043747.586299268,/novatel/oem7/fix,/novatel/oem7/fix,/novatel/oem7/inspva,39.663,-75.756,-1.800639785,0.001981466,0.000761321,0.000255844,0.001964879,0.000761321,,0,
1786043747588948748,1786043747.586746573,/novatel/oem7/odom,/novatel/oem7/fix,/novatel/oem7/odom,39.663,-75.756,-1.800639785,0.001978402,0.000769248,0.001972299,0.000155283,0.000769248,,,
1786043747594969271,1786043747.594359139,/novatel/oem7/odom,/novatel/oem7/fix,/novatel/oem7/odom,39.663,-75.756,-1.800639785,0.001978402,0.000769248,0.001972299,0.000155283,0.000769248,,,
1786043747606755546,1786043747.606257708,/novatel/oem7/inspva,/novatel/oem7/inspva,/novatel/oem7/inspva,39.663,-75.756,-1.800649236,0.002893416,-0.000372212,0.002605429,0.001258411,-0.000372212,,novatel_oem7_msgs.msg.InertialSolutionStatus(status=3),
1786043747608023472,1786043747.606414950,/novatel/oem7/fix,/novatel/oem7/fix,/novatel/oem7/inspva,39.663,-75.756,-1.800649236,0.002893416,-0.000372212,0.002605429,0.001258411,-0.000372212,,0,
1786043747609039312,1786043747.607086779,/novatel/oem7/odom,/novatel/oem7/fix,/novatel/oem7/odom,39.663,-75.756,-1.800649236,0.002894955,-0.000360049,0.001388379,0.002540308,-0.000360049,,,
1786043747611567764,1786043747.610812850,/novatel/oem7/bestpos,/novatel/oem7/bestpos,/novatel/oem7/odom,39.663,-75.756,33.181732869,0.002894955,-0.000360049,0.001388379,0.002540308,-0.000360049,,novatel_oem7_msgs.msg.SolutionStatus(status=0),novatel_oem7_msgs.msg.PositionOrVelocityType(type=53)
1786043747612946085,1786043747.611081732,/novatel/oem7/bestvel,/novatel/oem7/bestpos,/novatel/oem7/bestvel,39.663,-75.756,33.181732869,0.003616322,-0.000756918,,,,16.631217488,novatel_oem7_msgs.msg.SolutionStatus(status=0),novatel_oem7_msgs.msg.PositionOrVelocityType(type=53)
1786043747616154963,1786043747.615515831,/novatel/oem7/odom,/novatel/oem7/bestpos,/novatel/oem7/odom,39.663,-75.756,33.181732869,0.002894955,-0.000360049,0.001388379,0.002540308,-0.000360049,,,
1786043747625717389,1786043747.625016472,/novatel/oem7/inspva,/novatel/oem7/inspva,/novatel/oem7/inspva,39.663,-75.756,-1.800649743,0.002331428,-0.000559988,0.002233421,0.000668870,-0.000559988,,novatel_oem7_msgs.msg.InertialSolutionStatus(status=3),
1786043747627014942,1786043747.625219721,/novatel/oem7/fix,/novatel/oem7/fix,/novatel/oem7/inspva,39.663,-75.756,-1.800649743,0.002331428,-0.000559988,0.002233421,0.000668870,-0.000559988,,0,
1786043747628037756,1786043747.625696839,/novatel/oem7/odom,/novatel/oem7/fix,/novatel/oem7/odom,39.663,-75.756,-1.800649743,0.002333544,-0.000551105,0.000781731,0.002198710,-0.000551105,,,
1786043747635118127,1786043747.634491260,/novatel/oem7/odom,/novatel/oem7/fix,/novatel/oem7/odom,39.663,-75.756,-1.800649743,0.002333544,-0.000551105,0.000781731,0.002198710,-0.000551105,,,
1786043747647019299,1786043747.646375132,/novatel/oem7/inspva,/novatel/oem7/inspva,/novatel/oem7/inspva,39.663,-75.756,-1.800640691,0.001693574,-0.000250196,0.000346059,0.001657841,-0.000250196,,novatel_oem7_msgs.msg.InertialSolutionStatus(status=3),
1786043747648451543,1786043747.646650358,/novatel/oem7/fix,/novatel/oem7/fix,/novatel/oem7/inspva,39.663,-75.756,-1.800640691,0.001693574,-0.000250196,0.000346059,0.001657841,-0.000250196,,0,
1786043747649482787,1786043747.647285355,/novatel/oem7/odom,/novatel/oem7/fix,/novatel/oem7/odom,39.663,-75.756,-1.800640691,0.001694595,-0.000243190,0.001673992,0.000263441,-0.000243190,,,
1786043747657158473,1786043747.656510067,/novatel/oem7/odom,/novatel/oem7/fix,/novatel/oem7/odom,39.663,-75.756,-1.800640691,0.001694595,-0.000243190,0.001673992,0.000263441,-0.000243190,,,
1786043747665795397,1786043747.665120973,/novatel/oem7/inspva,/novatel/oem7/inspva,/novatel/oem7/inspva,39.663,-75.756,-1.800639606,0.002026960,0.000324360,0.000246885,0.002011869,0.000324360,,novatel_oem7_msgs.msg.InertialSolutionStatus(status=3),
1786043747667088996,1786043747.665325085,/novatel/oem7/fix,/novatel/oem7/fix,/novatel/oem7/inspva,39.663,-75.756,-1.800639606,0.002026960,0.000324360,0.000246885,0.002011869,0.000324360,,0,
1786043747668112577,1786043747.665797033,/novatel/oem7/odom,/novatel/oem7/fix,/novatel/oem7/odom,39.663,-75.756,-1.800639606,0.002025664,0.000332358,0.002020454,0.000145197,0.000332358,,,
1786043747676079129,1786043747.675438363,/novatel/oem7/odom,/novatel/oem7/fix,/novatel/oem7/odom,39.663,-75.756,-1.800639606,0.002025664,0.000332358,0.002020454,0.000145197,0.000332358,,,
1786043747685838624,1786043747.685216258,/novatel/oem7/inspva,/novatel/oem7/inspva,/novatel/oem7/inspva,39.663,-75.756,-1.800645477,0.002602002,0.000432709,0.001644953,0.002016071,0.000432709,,novatel_oem7_msgs.msg.InertialSolutionStatus(status=3),
1786043747687267844,1786043747.685414826,/novatel/oem7/fix,/novatel/oem7/fix,/novatel/oem7/inspva,39.663,-75.756,-1.800645477,0.002602002,0.000432709,0.001644953,0.002016071,0.000432709,,0,
1786043747688293465,1786043747.686012849,/novatel/oem7/odom,/novatel/oem7/fix,/novatel/oem7/odom,39.663,-75.756,-1.800645477,0.002599958,0.000444820,0.002094054,0.001541013,0.000444820,,,
1786043747695691789,1786043747.695049026,/novatel/oem7/odom,/novatel/oem7/fix,/novatel/oem7/odom,39.663,-75.756,-1.800645477,0.002599958,0.000444820,0.002094054,0.001541013,0.000444820,,,
1786043747706615818,1786043747.705927455,/novatel/oem7/inspva,/novatel/oem7/inspva,/novatel/oem7/inspva,39.663,-75.756,-1.800651541,0.002093778,-0.000305383,0.001657017,0.001279922,-0.000305383,,novatel_oem7_msgs.msg.InertialSolutionStatus(status=3),
1786043747708019842,1786043747.706131807,/novatel/oem7/fix,/novatel/oem7/fix,/novatel/oem7/inspva,39.663,-75.756,-1.800651541,0.002093778,-0.000305383,0.001657017,0.001279922,-0.000305383,,0,
1786043747709259401,1786043747.706620392,/novatel/oem7/odom,/novatel/oem7/fix,/novatel/oem7/odom,39.663,-75.756,-1.800651541,0.002095133,-0.000295943,0.001362214,0.001591840,-0.000295943,,,
1786043747710684372,1786043747.709090176,/novatel/oem7/bestpos,/novatel/oem7/bestpos,/novatel/oem7/odom,39.663,-75.756,33.181731004,0.002095133,-0.000295943,0.001362214,0.001591840,-0.000295943,,novatel_oem7_msgs.msg.SolutionStatus(status=0),novatel_oem7_msgs.msg.PositionOrVelocityType(type=53)
1786043747711593375,1786043747.709401653,/novatel/oem7/bestvel,/novatel/oem7/bestpos,/novatel/oem7/bestvel,39.663,-75.756,33.181731004,0.002473424,-0.000581142,,,,50.263221719,novatel_oem7_msgs.msg.SolutionStatus(status=0),novatel_oem7_msgs.msg.PositionOrVelocityType(type=53)
1786043747715172423,1786043747.714555417,/novatel/oem7/odom,/novatel/oem7/bestpos,/novatel/oem7/odom,39.663,-75.756,33.181731004,0.002095133,-0.000295943,0.001362214,0.001591840,-0.000295943,,,
1786043747725770699,1786043747.725254574,/novatel/oem7/inspva,/novatel/oem7/inspva,/novatel/oem7/inspva,39.663,-75.756,-1.800661324,0.001411940,-0.001254746,0.000729727,0.001208749,-0.001254746,,novatel_oem7_msgs.msg.InertialSolutionStatus(status=3),
1786043747727043799,1786043747.725404656,/novatel/oem7/fix,/novatel/oem7/fix,/novatel/oem7/inspva,39.663,-75.756,-1.800661324,0.001411940,-0.001254746,0.000729727,0.001208749,-0.001254746,,0,
1786043747728053996,1786043747.726003902,/novatel/oem7/odom,/novatel/oem7/fix,/novatel/oem7/odom,39.663,-75.756,-1.800661324,0.001417659,-0.001248281,0.001248372,0.000671807,-0.001248281,,,
1786043747736063756,1786043747.735440286,/novatel/oem7/odom,/novatel/oem7/fix,/novatel/oem7/odom,39.663,-75.756,-1.800661324,0.001417659,-0.001248281,0.001248372,0.000671807,-0.001248281,,,
1786043747745460093,1786043747.744964328,/novatel/oem7/inspva,/novatel/oem7/inspva,/novatel/oem7/inspva,39.663,-75.756,-1.800658920,0.001638616,-0.000731729,0.000154222,0.001631343,-0.000731729,,novatel_oem7_msgs.msg.InertialSolutionStatus(status=3),
1786043747746744426,1786043747.745043937,/novatel/oem7/fix,/novatel/oem7/fix,/novatel/oem7/inspva,39.663,-75.756,-1.800658920,0.001638616,-0.000731729,0.000154222,0.001631343,-0.000731729,,0,
1786043747747772386,1786043747.745465296,/novatel/oem7/odom,/novatel/oem7/fix,/novatel/oem7/odom,39.663,-75.756,-1.800658920,0.001641430,-0.000725395,0.001639738,0.000074510,-0.000725395,,,
1786043747756230051,1786043747.755614328,/novatel/oem7/odom,/novatel/oem7/fix,/novatel/oem7/odom,39.663,-75.756,-1.800658920,0.001641430,-0.000725395,0.001639738,0.000074510,-0.000725395,,,
1786043747767042589,1786043747.766548791,/novatel/oem7/inspva,/novatel/oem7/inspva,/novatel/oem7/inspva,39.663,-75.756,-1.800637929,0.002376111,0.002331605,0.001237030,0.002028709,0.002331605,,novatel_oem7_msgs.msg.InertialSolutionStatus(status=3),
1786043747768300635,1786043747.766712416,/novatel/oem7/fix,/novatel/oem7/fix,/novatel/oem7/inspva,39.663,-75.756,-1.800637929,0.002376111,0.002331605,0.001237030,0.002028709,0.002331605,,0,
1786043747769302899,1786043747.767135360,/novatel/oem7/odom,/novatel/oem7/fix,/novatel/oem7/odom,39.663,-75.756,-1.800637929,0.002365307,0.002342565,0.002079108,0.001127823,0.002342565,,,
1786043747775764893,1786043747.775126517,/novatel/oem7/odom,/novatel/oem7/fix,/novatel/oem7/odom,39.663,-75.756,-1.800637929,0.002365307,0.002342565,0.002079108,0.001127823,0.002342565,,,
1786043747785543737,1786043747.785057639,/novatel/oem7/inspva,/novatel/oem7/inspva,/novatel/oem7/inspva,39.663,-75.756,-1.800657586,0.001629538,0.000121636,0.001414490,0.000809080,0.000121636,,novatel_oem7_msgs.msg.InertialSolutionStatus(status=3),
1786043747786828847,1786043747.785201521,/novatel/oem7/fix,/novatel/oem7/fix,/novatel/oem7/inspva,39.663,-75.756,-1.800657586,0.001629538,0.000121636,0.001414490,0.000809080,0.000121636,,0,
1786043747787850810,1786043747.785632705,/novatel/oem7/odom,/novatel/oem7/fix,/novatel/oem7/odom,39.663,-75.756,-1.800657586,0.001628998,0.000128659,0.000878245,0.001371977,0.000128659,,,
1786043747796170737,1786043747.795562701,/novatel/oem7/odom,/novatel/oem7/fix,/novatel/oem7/odom,39.663,-75.756,-1.800657586,0.001628998,0.000128659,0.000878245,0.001371977,0.000128659,,,
1786043747807668388,1786043747.806851820,/novatel/oem7/inspva,/novatel/oem7/inspva,/novatel/oem7/inspva,39.663,-75.756,-1.800673811,0.001023763,-0.001479082,0.000977493,0.000304300,-0.001479082,,novatel_oem7_msgs.msg.InertialSolutionStatus(status=3),
1786043747809748226,1786043747.807074886,/novatel/oem7/fix,/novatel/oem7/fix,/novatel/oem7/inspva,39.663,-75.756,-1.800673811,0.001023763,-0.001479082,0.000977493,0.000304300,-0.001479082,,0,
1786043747811438426,1786043747.807371722,/novatel/oem7/odom,/novatel/oem7/fix,/novatel/oem7/odom,39.663,-75.756,-1.800673811,0.001029358,-0.001475193,0.000358255,0.000965004,-0.001475193,,,
1786043747813745376,1786043747.810262804,/novatel/oem7/bestpos,/novatel/oem7/bestpos,/novatel/oem7/odom,39.663,-75.756,33.181735237,0.001029358,-0.001475193,0.000358255,0.000965004,-0.001475193,,novatel_oem7_msgs.msg.SolutionStatus(status=0),novatel_oem7_msgs.msg.PositionOrVelocityType(type=53)
1786043747815139300,1786043747.810794234,/novatel/oem7/bestvel,/novatel/oem7/bestpos,/novatel/oem7/bestvel,39.663,-75.756,33.181735237,0.001692192,-0.000148917,,,,284.027628707,novatel_oem7_msgs.msg.SolutionStatus(status=0),novatel_oem7_msgs.msg.PositionOrVelocityType(type=53)
1786043747817634252,1786043747.814946465,/novatel/oem7/odom,/novatel/oem7/bestpos,/novatel/oem7/odom,39.663,-75.756,33.181735237,0.001029358,-0.001475193,0.000358255,0.000965004,-0.001475193,,,
1786043747827173857,1786043747.826406600,/novatel/oem7/inspva,/novatel/oem7/inspva,/novatel/oem7/inspva,39.663,-75.756,-1.800672702,0.002417991,-0.000704191,0.000239406,0.002406110,-0.000704191,,novatel_oem7_msgs.msg.InertialSolutionStatus(status=3),
1786043747829247968,1786043747.826590858,/novatel/oem7/fix,/novatel/oem7/fix,/novatel/oem7/inspva,39.663,-75.756,-1.800672702,0.002417991,-0.000704191,0.000239406,0.002406110,-0.000704191,,0,
1786043747830887684,1786043747.827104680,/novatel/oem7/odom,/novatel/oem7/fix,/novatel/oem7/odom,39.663,-75.756,-1.800672702,0.002420701,-0.000694817,0.002417686,0.000120797,-0.000694817,,,
1786043747834874511,1786043747.834547347,/novatel/oem7/odom,/novatel/oem7/fix,/novatel/oem7/odom,39.663,-75.756,-1.800672702,0.002420701,-0.000694817,0.002417686,0.000120797,-0.000694817,,,
1786043747845514461,1786043747.845236598,/novatel/oem7/inspva,/novatel/oem7/inspva,/novatel/oem7/inspva,39.663,-75.756,-1.800653285,0.001362171,0.001842152,-0.000393763,0.001304017,0.001842152,,novatel_oem7_msgs.msg.InertialSolutionStatus(status=3),
1786043747846071431,1786043747.845408553,/novatel/oem7/fix,/novatel/oem7/fix,/novatel/oem7/inspva,39.663,-75.756,-1.800653285,0.001362171,0.001842152,-0.000393763,0.001304017,0.001842152,,0,
1786043747846531237,1786043747.845758356,/novatel/oem7/odom,/novatel/oem7/fix,/novatel/oem7/odom,39.663,-75.756,-1.800653285,0.001357226,0.001845798,0.001275686,-0.000463347,0.001845798,,,
1786043747856672160,1786043747.856373418,/novatel/oem7/odom,/novatel/oem7/fix,/novatel/oem7/odom,39.663,-75.756,-1.800653285,0.001357226,0.001845798,0.001275686,-0.000463347,0.001845798,,,
1786043747865328595,1786043747.865022509,/novatel/oem7/inspva,/novatel/oem7/inspva,/novatel/oem7/inspva,39.663,-75.756,-1.800672278,0.001672488,0.000291415,0.000764020,0.001487780,0.000291415,,novatel_oem7_msgs.msg.InertialSolutionStatus(status=3),
1786043747865985132,1786043747.865180744,/novatel/oem7/fix,/novatel/oem7/fix,/novatel/oem7/inspva,39.663,-75.756,-1.800672278,0.001672488,0.000291415,0.000764020,0.001487780,0.000291415,,0,
1786043747866446315,1786043747.865683336,/novatel/oem7/odom,/novatel/oem7/fix,/novatel/oem7/odom,39.663,-75.756,-1.800672278,0.001671147,0.000299009,0.001522956,0.000687995,0.000299009,,,
1786043747874768530,1786043747.874413093,/novatel/oem7/odom,/novatel/oem7/fix,/novatel/oem7/odom,39.663,-75.756,-1.800672278,0.001671147,0.000299009,0.001522956,0.000687995,0.000299009,,,
1786043747887093283,1786043747.886530421,/novatel/oem7/inspva,/novatel/oem7/inspva,/novatel/oem7/inspva,39.663,-75.756,-1.800688921,0.001133874,-0.001167065,0.000791260,0.000812144,-0.001167065,,novatel_oem7_msgs.msg.InertialSolutionStatus(status=3),
1786043747888409733,1786043747.886680902,/novatel/oem7/fix,/novatel/oem7/fix,/novatel/oem7/inspva,39.663,-75.756,-1.800688921,0.001133874,-0.001167065,0.000791260,0.000812144,-0.001167065,,0,
1786043747889433943,1786043747.887096523,/novatel/oem7/odom,/novatel/oem7/fix,/novatel/oem7/odom,39.663,-75.756,-1.800688921,0.001139196,-0.001161871,0.000855002,0.000752822,-0.001161871,,,
1786043747895518991,1786043747.894819114,/novatel/oem7/odom,/novatel/oem7/fix,/novatel/oem7/odom,39.663,-75.756,-1.800688921,0.001139196,-0.001161871,0.000855002,0.000752822,-0.001161871,,,
1786043747906344512,1786043747.905790095,/novatel/oem7/inspva,/novatel/oem7/inspva,/novatel/oem7/inspva,39.663,-75.756,-1.800688291,0.001571063,-0.000931626,0.000691518,0.001410688,-0.000931626,,novatel_oem7_msgs.msg.InertialSolutionStatus(status=3),
1786043747907725786,1786043747.905867429,/novatel/oem7/fix,/novatel/oem7/fix,/novatel/oem7/inspva,39.663,-75.756,-1.800688291,0.001571063,-0.000931626,0.000691518,0.001410688,-0.000931626,,0,
1786043747908765406,1786043747.906484457,/novatel/oem7/odom,/novatel/oem7/fix,/novatel/oem7/odom,39.663,-75.756,-1.800688291,0.001575247,-0.000924534,0.001446949,0.000622688,-0.000924534,,,
1786043747910236774,1786043747.909470232,/novatel/oem7/bestpos,/novatel/oem7/bestpos,/novatel/oem7/odom,39.663,-75.756,33.181694258,0.001575247,-0.000924534,0.001446949,0.000622688,-0.000924534,,novatel_oem7_msgs.msg.SolutionStatus(status=0),novatel_oem7_msgs.msg.PositionOrVelocityType(type=53)
1786043747911681666,1786043747.910200320,/novatel/oem7/bestvel,/novatel/oem7/bestpos,/novatel/oem7/bestvel,39.663,-75.756,33.181694258,0.001077465,-0.000619549,,,,28.634106128,novatel_oem7_msgs.msg.SolutionStatus(status=0),novatel_oem7_msgs.msg.PositionOrVelocityType(type=53)
1786043747916163177,1786043747.915480147,/novatel/oem7/odom,/novatel/oem7/bestpos,/novatel/oem7/odom,39.663,-75.756,33.181694258,0.001575247,-0.000924534,0.001446949,0.000622688,-0.000924534,,,
1786043747925796847,1786043747.925199461,/novatel/oem7/inspva,/novatel/oem7/inspva,/novatel/oem7/inspva,39.663,-75.756,-1.800674823,0.002428049,0.001155066,-0.000753959,0.002308023,0.001155066,,novatel_oem7_msgs.msg.InertialSolutionStatus(status=3),
1786043747927145290,1786043747.925360819,/novatel/oem7/fix,/novatel/oem7/fix,/novatel/oem7/inspva,39.663,-75.756,-1.800674823,0.002428049,0.001155066,-0.000753959,0.002308023,0.001155066,,0,
1786043747928193348,1786043747.925888705,/novatel/oem7/odom,/novatel/oem7/fix,/novatel/oem7/odom,39.663,-75.756,-1.800674823,0.002425085,0.001161276,0.002263141,-0.000871338,0.001161276,,,
1786043747935539397,1786043747.934828180,/novatel/oem7/odom,/novatel/oem7/fix,/novatel/oem7/odom,39.663,-75.756,-1.800674823,0.002425085,0.001161276,0.002263141,-0.000871338,0.001161276,,,
1786043747946604815,1786043747.946013439,/novatel/oem7/inspva,/novatel/oem7/inspva,/novatel/oem7/inspva,39.663,-75.756,-1.800685297,0.001980039,0.000430586,0.000043798,0.001979555,0.000430586,,novatel_oem7_msgs.msg.InertialSolutionStatus(status=3),
1786043747947954558,1786043747.946171214,/novatel/oem7/fix,/novatel/oem7/fix,/novatel/oem7/inspva,39.663,-75.756,-1.800685297,0.001980039,0.000430586,0.000043798,0.001979555,0.000430586,,0,
1786043747948984606,1786043747.946681309,/novatel/oem7/odom,/novatel/oem7/fix,/novatel/oem7/odom,39.663,-75.756,-1.800685297,0.001978433,0.000437907,0.001977635,-0.000056200,0.000437907,,,
1786043747956469910,1786043747.955776364,/novatel/oem7/odom,/novatel/oem7/fix,/novatel/oem7/odom,39.663,-75.756,-1.800685297,0.001978433,0.000437907,0.001977635,-0.000056200,0.000437907,,,
1786043747965897601,1786043747.965285165,/novatel/oem7/inspva,/novatel/oem7/inspva,/novatel/oem7/inspva,39.663,-75.756,-1.800705836,0.000890070,-0.000984190,0.000806227,0.000377123,-0.000984190,,novatel_oem7_msgs.msg.InertialSolutionStatus(status=3),
1786043747967616322,1786043747.965380061,/novatel/oem7/fix,/novatel/oem7/fix,/novatel/oem7/inspva,39.663,-75.756,-1.800705836,0.000890070,-0.000984190,0.000806227,0.000377123,-0.000984190,,0,
1786043747969092043,1786043747.967243114,/novatel/oem7/odom,/novatel/oem7/fix,/novatel/oem7/odom,39.663,-75.756,-1.800705836,0.000894112,-0.000980520,0.000420568,0.000789024,-0.000980520,,,
1786043747976287315,1786043747.975598155,/novatel/oem7/odom,/novatel/oem7/fix,/novatel/oem7/odom,39.663,-75.756,-1.800705836,0.000894112,-0.000980520,0.000420568,0.000789024,-0.000980520,,,
1786043747985893431,1786043747.985302015,/novatel/oem7/inspva,/novatel/oem7/inspva,/novatel/oem7/inspva,39.663,-75.756,-1.800710625,0.001407439,-0.001709875,0.000436024,0.001338195,-0.001709875,,novatel_oem7_msgs.msg.InertialSolutionStatus(status=3),
1786043747987229768,1786043747.985505851,/novatel/oem7/fix,/novatel/oem7/fix,/novatel/oem7/inspva,39.663,-75.756,-1.800710625,0.001407439,-0.001709875,0.000436024,0.001338195,-0.001709875,,0,
1786043747988264825,1786043747.985873788,/novatel/oem7/odom,/novatel/oem7/fix,/novatel/oem7/odom,39.663,-75.756,-1.800710625,0.001414801,-0.001703788,0.001364689,0.000373210,-0.001703788,,,
1786043747995160987,1786043747.994493677,/novatel/oem7/odom,/novatel/oem7/fix,/novatel/oem7/odom,39.663,-75.756,-1.800710625,0.001414801,-0.001703788,0.001364689,0.000373210,-0.001703788,,,
1786043748008957705,1786043748.008340029,/novatel/oem7/inspva,/novatel/oem7/inspva,/novatel/oem7/inspva,39.663,-75.756,-1.800696787,0.001945778,0.000758892,-0.000809892,0.001769216,0.000758892,,novatel_oem7_msgs.msg.InertialSolutionStatus(status=3),
1786043748010312349,1786043748.008545814,/novatel/oem7/fix,/novatel/oem7/fix,/novatel/oem7/inspva,39.663,-75.756,-1.800696787,0.001945778,0.000758892,-0.000809892,0.001769216,0.000758892,,0,
1786043748011341842,1786043748.009655412,/novatel/oem7/odom,/novatel/oem7/fix,/novatel/oem7/odom,39.663,-75.756,-1.800696787,0.001944156,0.000763037,0.001723716,-0.000899190,0.000763037,,,
1786043748016748616,1786043748.016048326,/novatel/oem7/odom,/novatel/oem7/fix,/novatel/oem7/odom,39.663,-75.756,-1.800696787,0.001944156,0.000763037,0.001723716,-0.000899190,0.000763037,,,
1786043748025986176,1786043748.025381936,/novatel/oem7/bestpos,/novatel/oem7/bestpos,/novatel/oem7/odom,39.663,-75.756,33.181680501,0.001944156,0.000763037,0.001723716,-0.000899190,0.000763037,,novatel_oem7_msgs.msg.SolutionStatus(status=0),novatel_oem7_msgs.msg.PositionOrVelocityType(type=53)
1786043748027552144,1786043748.026217781,/novatel/oem7/bestvel,/novatel/oem7/bestpos,/novatel/oem7/bestvel,39.663,-75.756,33.181680501,0.002491937,0.000558033,,,,112.175756724,novatel_oem7_msgs.msg.SolutionStatus(status=0),novatel_oem7_msgs.msg.PositionOrVelocityType(type=53)
1786043748028456584,1786043748.026576808,/novatel/oem7/inspva,/novatel/oem7/inspva,/novatel/oem7/inspva,39.663,-75.756,-1.800715803,0.002870102,-0.000013785,-0.000470643,0.002831251,-0.000013785,,novatel_oem7_msgs.msg.InertialSolutionStatus(status=3),
1786043748029236628,1786043748.026757397,/novatel/oem7/fix,/novatel/oem7/fix,/novatel/oem7/inspva,39.663,-75.756,-1.800715803,0.002870102,-0.000013785,-0.000470643,0.002831251,-0.000013785,,0,
1786043748030706276,1786043748.027208858,/novatel/oem7/odom,/novatel/oem7/fix,/novatel/oem7/odom,39.663,-75.756,-1.800715803,0.002870131,-0.000004853,0.002804272,-0.000611318,-0.000004853,,,
1786043748036238404,1786043748.035560018,/novatel/oem7/odom,/novatel/oem7/fix,/novatel/oem7/odom,39.663,-75.756,-1.800715803,0.002870131,-0.000004853,0.002804272,-0.000611318,-0.000004853,,,
1786043748046078680,1786043748.045492847,/novatel/oem7/inspva,/novatel/oem7/inspva,/novatel/oem7/inspva,39.663,-75.756,-1.800730855,0.001578888,-0.000754520,0.001066641,0.001164115,-0.000754520,,novatel_oem7_msgs.msg.InertialSolutionStatus(status=3),
1786043748047395630,1786043748.045678113,/novatel/oem7/fix,/novatel/oem7/fix,/novatel/oem7/inspva,39.663,-75.756,-1.800730855,0.001578888,-0.000754520,0.001066641,0.001164115,-0.000754520,,0,
1786043748048434677,1786043748.046540754,/novatel/oem7/odom,/novatel/oem7/fix,/novatel/oem7/odom,39.663,-75.756,-1.800730855,0.001582346,-0.000747242,0.001218731,0.001009214,-0.000747242,,,
1786043748057115450,1786043748.056455394,/novatel/oem7/odom,/novatel/oem7/fix,/novatel/oem7/odom,39.663,-75.756,-1.800730855,0.001582346,-0.000747242,0.001218731,0.001009214,-0.000747242,,,
1786043748067030559,1786043748.066446754,/novatel/oem7/inspva,/novatel/oem7/inspva,/novatel/oem7/inspva,39.663,-75.756,-1.800742913,0.001228847,-0.001573201,0.000982397,0.000738214,-0.001573201,,novatel_oem7_msgs.msg.InertialSolutionStatus(status=3),
1786043748068360763,1786043748.066623442,/novatel/oem7/fix,/novatel/oem7/fix,/novatel/oem7/inspva,39.663,-75.756,-1.800742913,0.001228847,-0.001573201,0.000982397,0.000738214,-0.001573201,,0,
1786043748069398256,1786043748.067056173,/novatel/oem7/odom,/novatel/oem7/fix,/novatel/oem7/odom,39.663,-75.756,-1.800742913,0.001235802,-0.001567743,0.000792189,0.000948495,-0.001567743,,,
1786043748075396650,1786043748.074732030,/novatel/oem7/odom,/novatel/oem7/fix,/novatel/oem7/odom,39.663,-75.756,-1.800742913,0.001235802,-0.001567743,0.000792189,0.000948495,-0.001567743,,,
1786043748085967806,1786043748.085404233,/novatel/oem7/inspva,/novatel/oem7/inspva,/novatel/oem7/inspva,39.663,-75.756,-1.800734056,0.001641718,-0.000548121,-0.000365762,0.001600455,-0.000548121,,novatel_oem7_msgs.msg.InertialSolutionStatus(status=3),
1786043748087270479,1786043748.085569612,/novatel/oem7/fix,/novatel/oem7/fix,/novatel/oem7/inspva,39.663,-75.756,-1.800734056,0.001641718,-0.000548121,-0.000365762,0.001600455,-0.000548121,,0,
1786043748088275792,1786043748.086200964,/novatel/oem7/odom,/novatel/oem7/fix,/novatel/oem7/odom,39.663,-75.756,-1.800734056,0.001643292,-0.000543384,0.001582251,-0.000443720,-0.000543384,,,
1786043748096476244,1786043748.095782360,/novatel/oem7/odom,/novatel/oem7/fix,/novatel/oem7/odom,39.663,-75.756,-1.800734056,0.001643292,-0.000543384,0.001582251,-0.000443720,-0.000543384,,,
1786043748106617608,1786043748.106025973,/novatel/oem7/inspva,/novatel/oem7/inspva,/novatel/oem7/inspva,39.663,-75.756,-1.800745512,0.001452465,-0.000464872,-0.000338878,0.001412379,-0.000464872,,novatel_oem7_msgs.msg.InertialSolutionStatus(status=3),
1786043748107941712,1786043748.106177544,/novatel/oem7/fix,/novatel/oem7/fix,/novatel/oem7/inspva,39.663,-75.756,-1.800745512,0.001452465,-0.000464872,-0.000338878,0.001412379,-0.000464872,,0,
1786043748108963662,1786043748.106624262,/novatel/oem7/odom,/novatel/oem7/fix,/novatel/oem7/odom,39.663,-75.756,-1.800745512,0.001453793,-0.000460700,0.001395457,-0.000407693,-0.000460700,,,
1786043748110480404,1786043748.109532961,/novatel/oem7/bestpos,/novatel/oem7/bestpos,/novatel/oem7/odom,39.663,-75.756,33.181676883,0.001453793,-0.000460700,0.001395457,-0.000407693,-0.000460700,,novatel_oem7_msgs.msg.SolutionStatus(status=0),novatel_oem7_msgs.msg.PositionOrVelocityType(type=53)
1786043748111834294,1786043748.110188514,/novatel/oem7/bestvel,/novatel/oem7/bestpos,/novatel/oem7/bestvel,39.663,-75.756,33.181676883,0.001274715,-0.000446814,,,,100.380099599,novatel_oem7_msgs.msg.SolutionStatus(status=0),novatel_oem7_msgs.msg.PositionOrVelocityType(type=53)
1786043748115040680,1786043748.114364160,/novatel/oem7/odom,/novatel/oem7/bestpos,/novatel/oem7/odom,39.663,-75.756,33.181676883,0.001453793,-0.000460700,0.001395457,-0.000407693,-0.000460700,,,
1786043748127071560,1786043748.126503104,/novatel/oem7/inspva,/novatel/oem7/inspva,/novatel/oem7/inspva,39.663,-75.756,-1.800764519,0.002272723,-0.000710469,0.001789129,0.001401530,-0.000710469,,novatel_oem7_msgs.msg.InertialSolutionStatus(status=3),
1786043748128396770,1786043748.126677913,/novatel/oem7/fix,/novatel/oem7/fix,/novatel/oem7/inspva,39.663,-75.756,-1.800764519,0.002272723,-0.000710469,0.001789129,0.001401530,-0.000710469,,0,
1786043748129440977,1786043748.127055077,/novatel/oem7/odom,/novatel/oem7/fix,/novatel/oem7/odom,39.663,-75.756,-1.800764519,0.002275868,-0.000700326,0.001491682,0.001718855,-0.000700326,,,
1786043748135597358,1786043748.134912645,/novatel/oem7/odom,/novatel/oem7/fix,/novatel/oem7/odom,39.663,-75.756,-1.800764519,0.002275868,-0.000700326,0.001491682,0.001718855,-0.000700326,,,
1786043748145528095,1786043748.144919505,/novatel/oem7/inspva,/novatel/oem7/inspva,/novatel/oem7/inspva,39.663,-75.756,-1.800773797,0.001457760,-0.000644149,0.001441739,0.000215530,-0.000644149,,novatel_oem7_msgs.msg.InertialSolutionStatus(status=3),
1786043748146878988,1786043748.145085003,/novatel/oem7/fix,/novatel/oem7/fix,/novatel/oem7/inspva,39.663,-75.756,-1.800773797,0.001457760,-0.000644149,0.001441739,0.000215530,-0.000644149,,0,
1786043748147921025,1786043748.145440201,/novatel/oem7/odom,/novatel/oem7/fix,/novatel/oem7/odom,39.663,-75.756,-1.800773797,0.001459906,-0.000639269,0.000289619,0.001430890,-0.000639269,,,
1786043748156267762,1786043748.155592628,/novatel/oem7/odom,/novatel/oem7/fix,/novatel/oem7/odom,39.663,-75.756,-1.800773797,0.001459906,-0.000639269,0.000289619,0.001430890,-0.000639269,,,
1786043748165947936,1786043748.165229515,/novatel/oem7/inspva,/novatel/oem7/inspva,/novatel/oem7/inspva,39.663,-75.756,-1.800778733,0.000558311,-0.001446127,0.000202750,0.000520196,-0.001446127,,novatel_oem7_msgs.msg.InertialSolutionStatus(status=3),
1786043748167760980,1786043748.165450844,/novatel/oem7/fix,/novatel/oem7/fix,/novatel/oem7/inspva,39.663,-75.756,-1.800778733,0.000558311,-0.001446127,0.000202750,0.000520196,-0.001446127,,0,
1786043748169384816,1786043748.167666419,/novatel/oem7/odom,/novatel/oem7/fix,/novatel/oem7/odom,39.663,-75.756,-1.800778733,0.000564645,-0.001443666,0.000535061,0.000180369,-0.001443666,,,
1786043748175657189,1786043748.174948206,/novatel/oem7/odom,/novatel/oem7/fix,/novatel/oem7/odom,39.663,-75.756,-1.800778733,0.000564645,-0.001443666,0.000535061,0.000180369,-0.001443666,,,
1786043748186586542,1786043748.185986016,/novatel/oem7/inspva,/novatel/oem7/inspva,/novatel/oem7/inspva,39.663,-75.756,-1.800783124,0.001415031,-0.000688980,-0.000267816,0.001389456,-0.000688980,,novatel_oem7_msgs.msg.InertialSolutionStatus(status=3),
1786043748187951436,1786043748.186176818,/novatel/oem7/fix,/novatel/oem7/fix,/novatel/oem7/inspva,39.663,-75.756,-1.800783124,0.001415031,-0.000688980,-0.000267816,0.001389456,-0.000688980,,0,
1786043748189069523,1786043748.186650769,/novatel/oem7/odom,/novatel/oem7/fix,/novatel/oem7/odom,39.663,-75.756,-1.800783124,0.001417095,-0.000684725,0.001376939,-0.000334960,-0.000684725,,,
1786043748195159968,1786043748.194472004,/novatel/oem7/odom,/novatel/oem7/fix,/novatel/oem7/odom,39.663,-75.756,-1.800783124,0.001417095,-0.000684725,0.001376939,-0.000334960,-0.000684725,,,
1786043748206806161,1786043748.206228835,/novatel/oem7/inspva,/novatel/oem7/inspva,/novatel/oem7/inspva,39.663,-75.756,-1.800793344,0.002066996,-0.000114771,0.001553240,0.001363787,-0.000114771,,novatel_oem7_msgs.msg.InertialSolutionStatus(status=3),
1786043748208563478,1786043748.206405550,/novatel/oem7/fix,/novatel/oem7/fix,/novatel/oem7/inspva,39.663,-75.756,-1.800793344,0.002066996,-0.000114771,0.001553240,0.001363787,-0.000114771,,0,
1786043748209680086,1786043748.206993036,/novatel/oem7/odom,/novatel/oem7/fix,/novatel/oem7/odom,39.663,-75.756,-1.800793344,0.002067497,-0.000105349,0.001439966,0.001483591,-0.000105349,,,
1786043748211192738,1786043748.210242849,/novatel/oem7/bestpos,/novatel/oem7/bestpos,/novatel/oem7/odom,39.663,-75.756,33.181602881,0.002067497,-0.000105349,0.001439966,0.001483591,-0.000105349,,novatel_oem7_msgs.msg.SolutionStatus(status=0),novatel_oem7_msgs.msg.PositionOrVelocityType(type=53)
1786043748212142234,1786043748.210596795,/novatel/oem7/bestvel,/novatel/oem7/bestpos,/novatel/oem7/bestvel,39.663,-75.756,33.181602881,0.003875869,-0.001375598,,,,59.220303337,novatel_oem7_msgs.msg.SolutionStatus(status=0),novatel_oem7_msgs.msg.PositionOrVelocityType(type=53)
1786043748216169854,1786043748.215492698,/novatel/oem7/odom,/novatel/oem7/bestpos,/novatel/oem7/odom,39.663,-75.756,33.181602881,0.002067497,-0.000105349,0.001439966,0.001483591,-0.000105349,,,
1786043748225793341,1786043748.225220132,/novatel/oem7/inspva,/novatel/oem7/inspva,/novatel/oem7/inspva,39.663,-75.756,-1.800803619,0.001476990,0.000242321,0.001278173,0.000740118,0.000242321,,novatel_oem7_msgs.msg.InertialSolutionStatus(status=3),
1786043748227151638,1786043748.225410127,/novatel/oem7/fix,/novatel/oem7/fix,/novatel/oem7/inspva,39.663,-75.756,-1.800803619,0.001476990,0.000242321,0.001278173,0.000740118,0.000242321,,0,
1786043748228226175,1786043748.225877828,/novatel/oem7/odom,/novatel/oem7/fix,/novatel/oem7/odom,39.663,-75.756,-1.800803619,0.001475941,0.000248635,0.000802017,0.001239020,0.000248635,,,
1786043748235241852,1786043748.234543378,/novatel/oem7/odom,/novatel/oem7/fix,/novatel/oem7/odom,39.663,-75.756,-1.800803619,0.001475941,0.000248635,0.000802017,0.001239020,0.000248635,,,
1786043748247411807,1786043748.246797074,/novatel/oem7/inspva,/novatel/oem7/inspva,/novatel/oem7/inspva,39.663,-75.756,-1.800818642,0.001072316,-0.001797169,0.000652092,0.000851256,-0.001797169,,novatel_oem7_msgs.msg.InertialSolutionStatus(status=3),
1786043748248796248,1786043748.247005156,/novatel/oem7/fix,/novatel/oem7/fix,/novatel/oem7/inspva,39.663,-75.756,-1.800818642,0.001072316,-0.001797169,0.000652092,0.000851256,-0.001797169,,0,
1786043748249923036,1786043748.247369910,/novatel/oem7/odom,/novatel/oem7/fix,/novatel/oem7/odom,39.663,-75.756,-1.800818642,0.001080562,-0.001792223,0.000889477,0.000613551,-0.001792223,,,
1786043748257135724,1786043748.256446394,/novatel/oem7/odom,/novatel/oem7/fix,/novatel/oem7/odom,39.663,-75.756,-1.800818642,0.001080562,-0.001792223,0.000889477,0.000613551,-0.001792223,,,
1786043748265583682,1786043748.265017683,/novatel/oem7/inspva,/novatel/oem7/inspva,/novatel/oem7/inspva,39.663,-75.756,-1.800820920,0.000901233,-0.001623640,-0.000014392,0.000901118,-0.001623640,,novatel_oem7_msgs.msg.InertialSolutionStatus(status=3),
1786043748266930892,1786043748.265175515,/novatel/oem7/fix,/novatel/oem7/fix,/novatel/oem7/inspva,39.663,-75.756,-1.800820920,0.000901233,-0.001623640,-0.000014392,0.000901118,-0.001623640,,0,
1786043748268050020,1786043748.265574609,/novatel/oem7/odom,/novatel/oem7/fix,/novatel/oem7/odom,39.663,-75.756,-1.800820920,0.000907033,-0.001620407,0.000905362,-0.000055031,-0.001620407,,,
1786043748276158178,1786043748.275481564,/novatel/oem7/odom,/novatel/oem7/fix,/novatel/oem7/odom,39.663,-75.756,-1.800820920,0.000907033,-0.001620407,0.000905362,-0.000055031,-0.001620407,,,
1786043748287030987,1786043748.286499878,/novatel/oem7/inspva,/novatel/oem7/inspva,/novatel/oem7/inspva,39.663,-75.756,-1.800814957,0.002265988,0.001100174,0.000811602,0.002115656,0.001100174,,novatel_oem7_msgs.msg.InertialSolutionStatus(status=3),
1786043748288373827,1786043748.286686167,/novatel/oem7/fix,/novatel/oem7/fix,/novatel/oem7/inspva,39.663,-75.756,-1.800814957,0.002265988,0.001100174,0.000811602,0.002115656,0.001100174,,0,
1786043748289405771,1786043748.287121304,/novatel/oem7/odom,/novatel/oem7/fix,/novatel/oem7/odom,39.663,-75.756,-1.800814957,0.002261091,0.001110202,0.002149303,0.000702161,0.001110202,,,
1786043748295391540,1786043748.294725724,/novatel/oem7/odom,/novatel/oem7/fix,/novatel/oem7/odom,39.663,-75.756,-1.800814957,0.002261091,0.001110202,0.002149303,0.000702161,0.001110202,,,
1786043748306520845,1786043748.305995717,/novatel/oem7/inspva,/novatel/oem7/inspva,/novatel/oem7/inspva,39.663,-75.756,-1.800833258,0.001157844,0.000484529,0.000746826,0.000884791,0.000484529,,novatel_oem7_msgs.msg.InertialSolutionStatus(status=3),
1786043748307853141,1786043748.306166941,/novatel/oem7/fix,/novatel/oem7/fix,/novatel/oem7/inspva,39.663,-75.756,-1.800833258,0.001157844,0.000484529,0.000746826,0.000884791,0.000484529,,0,
1786043748308881535,1786043748.306542118,/novatel/oem7/odom,/novatel/oem7/fix,/novatel/oem7/odom,39.663,-75.756,-1.800833258,0.001155587,0.000489887,0.000919077,0.000700485,0.000489887,,,
1786043748310340343,1786043748.309487765,/novatel/oem7/bestpos,/novatel/oem7/bestpos,/novatel/oem7/odom,39.663,-75.756,33.181561895,0.001155587,0.000489887,0.000919077,0.000700485,0.000489887,,novatel_oem7_msgs.msg.SolutionStatus(status=0),novatel_oem7_msgs.msg.PositionOrVelocityType(type=53)
1786043748311720827,1786043748.310205449,/novatel/oem7/bestvel,/novatel/oem7/bestpos,/novatel/oem7/bestvel,39.663,-75.756,33.181561895,0.002729256,-0.000491477,,,,69.782126861,novatel_oem7_msgs.msg.SolutionStatus(status=0),novatel_oem7_msgs.msg.PositionOrVelocityType(type=53)
1786043748315222719,1786043748.314543738,/novatel/oem7/odom,/novatel/oem7/bestpos,/novatel/oem7/odom,39.663,-75.756,33.181561895,0.001155587,0.000489887,0.000919077,0.000700485,0.000489887,,,
1786043748325650289,1786043748.325131848,/novatel/oem7/inspva,/novatel/oem7/inspva,/novatel/oem7/inspva,39.663,-75.756,-1.800853567,0.001082391,-0.001842115,0.001082097,-0.000025210,-0.001842115,,novatel_oem7_msgs.msg.InertialSolutionStatus(status=3),
1786043748327389344,1786043748.325309326,/novatel/oem7/fix,/novatel/oem7/fix,/novatel/oem7/inspva,39.663,-75.756,-1.800853567,0.001082391,-0.001842115,0.001082097,-0.000025210,-0.001842115,,0,
1786043748328517785,1786043748.325843151,/novatel/oem7/odom,/novatel/oem7/fix,/novatel/oem7/odom,39.663,-75.756,-1.800853567,0.001087445,-0.001839136,0.000035654,0.001086861,-0.001839136,,,
1786043748336046587,1786043748.335396291,/novatel/oem7/odom,/novatel/oem7/fix,/novatel/oem7/odom,39.663,-75.756,-1.800853567,0.001087445,-0.001839136,0.000035654,0.001086861,-0.001839136,,,
1786043748346465568,1786043748.345961023,/novatel/oem7/inspva,/novatel/oem7/inspva,/novatel/oem7/inspva,39.663,-75.756,-1.800859130,0.001174348,-0.001629400,0.000303541,0.001134441,-0.001629400,,novatel_oem7_msgs.msg.InertialSolutionStatus(status=3),
1786043748347831745,1786043748.346120138,/novatel/oem7/fix,/novatel/oem7/fix,/novatel/oem7/inspva,39.663,-75.756,-1.800859130,0.001174348,-0.001629400,0.000303541,0.001134441,-0.001629400,,0,
1786043748348908119,1786043748.346556929,/novatel/oem7/odom,/novatel/oem7/fix,/novatel/oem7/odom,39.663,-75.756,-1.800859130,0.001181220,-0.001624425,0.001154261,0.000250920,-0.001624425,,,
1786043748356206912,1786043748.355579249,/novatel/oem7/odom,/novatel/oem7/fix,/novatel/oem7/odom,39.663,-75.756,-1.800859130,0.001181220,-0.001624425,0.001154261,0.000250920,-0.001624425,,,
1786043748366985867,1786043748.366481418,/novatel/oem7/inspva,/novatel/oem7/inspva,/novatel/oem7/inspva,39.663,-75.756,-1.800852579,0.001551562,0.000673885,0.000170082,0.001542212,0.000673885,,novatel_oem7_msgs.msg.InertialSolutionStatus(status=3),
1786043748368328630,1786043748.366665813,/novatel/oem7/fix,/novatel/oem7/fix,/novatel/oem7/inspva,39.663,-75.756,-1.800852579,0.001551562,0.000673885,0.000170082,0.001542212,0.000673885,,0,
1786043748369370504,1786043748.367393294,/novatel/oem7/odom,/novatel/oem7/fix,/novatel/oem7/odom,39.663,-75.756,-1.800852579,0.001548897,0.000679986,0.001546210,0.000091202,0.000679986,,,
1786043748376025553,1786043748.375378841,/novatel/oem7/odom,/novatel/oem7/fix,/novatel/oem7/odom,39.663,-75.756,-1.800852579,0.001548897,0.000679986,0.001546210,0.000091202,0.000679986,,,
1786043748385488788,1786043748.384963670,/novatel/oem7/inspva,/novatel/oem7/inspva,/novatel/oem7/inspva,39.663,-75.756,-1.800865929,0.001427218,0.001228077,0.001018518,0.000999786,0.001228077,,novatel_oem7_msgs.msg.InertialSolutionStatus(status=3),
1786043748386902922,1786043748.385129994,/novatel/oem7/fix,/novatel/oem7/fix,/novatel/oem7/inspva,39.663,-75.756,-1.800865929,0.001427218,0.001228077,0.001018518,0.000999786,0.001228077,,0,
1786043748388086248,1786043748.385600096,/novatel/oem7/odom,/novatel/oem7/fix,/novatel/oem7/odom,39.663,-75.756,-1.800865929,0.001421580,0.001234598,0.001044669,0.000964136,0.001234598,,,
1786043748395159675,1786043748.394467035,/novatel/oem7/odom,/novatel/oem7/fix,/novatel/oem7/odom,39.663,-75.756,-1.800865929,0.001421580,0.001234598,0.001044669,0.000964136,0.001234598,,,
1786043748407008730,1786043748.406490018,/novatel/oem7/inspva,/novatel/oem7/inspva,/novatel/oem7/inspva,39.663,-75.756,-1.800895994,0.001763828,-0.001998783,0.001736659,-0.000308388,-0.001998783,,novatel_oem7_msgs.msg.InertialSolutionStatus(status=3),
1786043748408385291,1786043748.406679067,/novatel/oem7/fix,/novatel/oem7/fix,/novatel/oem7/inspva,39.663,-75.756,-1.800895994,0.001763828,-0.001998783,0.001736659,-0.000308388,-0.001998783,,0,
1786043748409474545,1786043748.407113854,/novatel/oem7/odom,/novatel/oem7/fix,/novatel/oem7/odom,39.663,-75.756,-1.800895994,0.001768105,-0.001995000,-0.000213928,0.001755116,-0.001995000,,,
1786043748410988607,1786043748.410210175,/novatel/oem7/bestpos,/novatel/oem7/bestpos,/novatel/oem7/odom,39.663,-75.756,33.181523671,0.001768105,-0.001995000,-0.000213928,0.001755116,-0.001995000,,novatel_oem7_msgs.msg.SolutionStatus(status=0),novatel_oem7_msgs.msg.PositionOrVelocityType(type=53)
1786043748412488212,1786043748.410633039,/novatel/oem7/bestvel,/novatel/oem7/bestpos,/novatel/oem7/bestvel,39.663,-75.756,33.181523671,0.000583969,-0.001460136,,,,354.997542808,novatel_oem7_msgs.msg.SolutionStatus(status=0),novatel_oem7_msgs.msg.PositionOrVelocityType(type=53)
1786043748415618826,1786043748.414940426,/novatel/oem7/odom,/novatel/oem7/bestpos,/novatel/oem7/odom,39.663,-75.756,33.181523671,0.001768105,-0.001995000,-0.000213928,0.001755116,-0.001995000,,,
1786043748425576666,1786043748.425028833,/novatel/oem7/inspva,/novatel/oem7/inspva,/novatel/oem7/inspva,39.663,-75.756,-1.800900134,0.001167184,-0.001586224,0.001163932,0.000087063,-0.001586224,,novatel_oem7_msgs.msg.InertialSolutionStatus(status=3),
1786043748427366867,1786043748.425195232,/novatel/oem7/fix,/novatel/oem7/fix,/novatel/oem7/inspva,39.663,-75.756,-1.800900134,0.001167184,-0.001586224,0.001163932,0.000087063,-0.001586224,,0,
1786043748428679027,1786043748.425517078,/novatel/oem7/odom,/novatel/oem7/fix,/novatel/oem7/odom,39.663,-75.756,-1.800900134,0.001172090,-0.001582602,0.000150893,0.001162337,-0.001582602,,,
1786043748435592863,1786043748.434879049,/novatel/oem7/odom,/novatel/oem7/fix,/novatel/oem7/odom,39.663,-75.756,-1.800900134,0.001172090,-0.001582602,0.000150893,0.001162337,-0.001582602,,,
1786043748445871322,1786043748.445344077,/novatel/oem7/inspva,/novatel/oem7/inspva,/novatel/oem7/inspva,39.663,-75.756,-1.800891591,0.002864606,0.000606001,-0.000434654,0.002831438,0.000606001,,novatel_oem7_msgs.msg.InertialSolutionStatus(status=3),
1786043748447224645,1786043748.445539709,/novatel/oem7/fix,/novatel/oem7/fix,/novatel/oem7/inspva,39.663,-75.756,-1.800891591,0.002864606,0.000606001,-0.000434654,0.002831438,0.000606001,,0,
1786043748448310140,1786043748.446152125,/novatel/oem7/odom,/novatel/oem7/fix,/novatel/oem7/odom,39.663,-75.756,-1.800891591,0.002862695,0.000614962,0.002803974,-0.000576847,0.000614962,,,
1786043748457131095,1786043748.456495538,/novatel/oem7/odom,/novatel/oem7/fix,/novatel/oem7/odom,39.663,-75.756,-1.800891591,0.002862695,0.000614962,0.002803974,-0.000576847,0.000614962,,,
1786043748466566536,1786043748.466038564,/novatel/oem7/inspva,/novatel/oem7/inspva,/novatel/oem7/inspva,39.663,-75.756,-1.800902725,0.000958370,0.000845422,0.000052667,0.000956922,0.000845422,,novatel_oem7_msgs.msg.InertialSolutionStatus(status=3),
1786043748467902272,1786043748.466202102,/novatel/oem7/fix,/novatel/oem7/fix,/novatel/oem7/inspva,39.663,-75.756,-1.800902725,0.000958370,0.000845422,0.000052667,0.000956922,0.000845422,,0,
1786043748468954873,1786043748.466664280,/novatel/oem7/odom,/novatel/oem7/fix,/novatel/oem7/odom,39.663,-75.756,-1.800902725,0.000955153,0.000849056,0.000955149,0.000002654,0.000849056,,,
1786043748475167785,1786043748.474470895,/novatel/oem7/odom,/novatel/oem7/fix,/novatel/oem7/odom,39.663,-75.756,-1.800902725,0.000955153,0.000849056,0.000955149,0.000002654,0.000849056,,,
1786043748485945880,1786043748.485408034,/novatel/oem7/inspva,/novatel/oem7/inspva,/novatel/oem7/inspva,39.663,-75.756,-1.800931952,0.001849026,-0.001513795,0.001824668,-0.000299143,-0.001513795,,novatel_oem7_msgs.msg.InertialSolutionStatus(status=3),
1786043748487339074,1786043748.485592963,/novatel/oem7/fix,/novatel/oem7/fix,/novatel/oem7/inspva,39.663,-75.756,-1.800931952,0.001849026,-0.001513795,0.001824668,-0.000299143,-0.001513795,,0,
1786043748488452225,1786043748.486222039,/novatel/oem7/odom,/novatel/oem7/fix,/novatel/oem7/odom,39.663,-75.756,-1.800931952,0.001852366,-0.001509706,-0.000202202,0.001841297,-0.001509706,,,
1786043748496036471,1786043748.495393984,/novatel/oem7/odom,/novatel/oem7/fix,/novatel/oem7/odom,39.663,-75.756,-1.800931952,0.001852366,-0.001509706,-0.000202202,0.001841297,-0.001509706,,,
1786043748506527939,1786043748.506002623,/novatel/oem7/inspva,/novatel/oem7/inspva,/novatel/oem7/inspva,39.663,-75.756,-1.800939865,0.001017328,-0.001358220,0.000996827,0.000203203,-0.001358220,,novatel_oem7_msgs.msg.InertialSolutionStatus(status=3),
1786043748507892302,1786043748.506162975,/novatel/oem7/fix,/novatel/oem7/fix,/novatel/oem7/inspva,39.663,-75.756,-1.800939865,0.001017328,-0.001358220,0.000996827,0.000203203,-0.001358220,,0,
1786043748508943427,1786043748.506550036,/novatel/oem7/odom,/novatel/oem7/fix,/novatel/oem7/odom,39.663,-75.756,-1.800939865,0.001022062,-0.001354661,0.000257712,0.000989038,-0.001354661,,,
1786043748512008017,1786043748.511444948,/novatel/oem7/bestpos,/novatel/oem7/bestpos,/novatel/oem7/odom,39.663,-75.756,33.181476601,0.001022062,-0.001354661,0.000257712,0.000989038,-0.001354661,,novatel_oem7_msgs.msg.SolutionStatus(status=0),novatel_oem7_msgs.msg.PositionOrVelocityType(type=53)
1786043748513469888,1786043748.512362254,/novatel/oem7/bestvel,/novatel/oem7/bestpos,/novatel/oem7/bestvel,39.663,-75.756,33.181476601,0.000758821,-0.001256060,,,,50.495243451,novatel_oem7_msgs.msg.SolutionStatus(status=0),novatel_oem7_msgs.msg.PositionOrVelocityType(type=53)
1786043748515498415,1786043748.514449665,/novatel/oem7/odom,/novatel/oem7/bestpos,/novatel/oem7/odom,39.663,-75.756,33.181476601,0.001022062,-0.001354661,0.000257712,0.000989038,-0.001354661,,,
1786043748526967250,1786043748.526446428,/novatel/oem7/inspva,/novatel/oem7/inspva,/novatel/oem7/inspva,39.663,-75.756,-1.800939346,0.001941066,-0.000259194,-0.000652339,0.001828166,-0.000259194,,novatel_oem7_msgs.msg.InertialSolutionStatus(status=3),
1786043748528321780,1786043748.526644394,/novatel/oem7/fix,/novatel/oem7/fix,/novatel/oem7/inspva,39.663,-75.756,-1.800939346,0.001941066,-0.000259194,-0.000652339,0.001828166,-0.000259194,,0,
1786043748529374344,1786043748.527077284,/novatel/oem7/odom,/novatel/oem7/fix,/novatel/oem7/odom,39.663,-75.756,-1.800939346,0.001941697,-0.000254423,0.001794345,-0.000741966,-0.000254423,,,
1786043748535738018,1786043748.535054798,/novatel/oem7/odom,/novatel/oem7/fix,/novatel/oem7/odom,39.663,-75.756,-1.800939346,0.001941697,-0.000254423,0.001794345,-0.000741966,-0.000254423,,,
1786043748545571916,1786043748.545025757,/novatel/oem7/inspva,/novatel/oem7/inspva,/novatel/oem7/inspva,39.663,-75.756,-1.800949252,0.002232950,-0.000007711,-0.000609871,0.002148051,-0.000007711,,novatel_oem7_msgs.msg.InertialSolutionStatus(status=3),
1786043748546923273,1786043748.545188475,/novatel/oem7/fix,/novatel/oem7/fix,/novatel/oem7/inspva,39.663,-75.756,-1.800949252,0.002232950,-0.000007711,-0.000609871,0.002148051,-0.000007711,,0,
1786043748548031221,1786043748.545677847,/novatel/oem7/odom,/novatel/oem7/fix,/novatel/oem7/odom,39.663,-75.756,-1.800949252,0.002232963,-0.000001671,0.002115019,-0.000716113,-0.000001671,,,
1786043748556717121,1786043748.556011927,/novatel/oem7/odom,/novatel/oem7/fix,/novatel/oem7/odom,39.663,-75.756,-1.800949252,0.002232963,-0.000001671,0.002115019,-0.000716113,-0.000001671,,,
1786043748565800632,1786043748.565293923,/novatel/oem7/inspva,/novatel/oem7/inspva,/novatel/oem7/inspva,39.663,-75.756,-1.800962697,0.001247923,-0.000084409,0.001066719,0.000647629,-0.000084409,,novatel_oem7_msgs.msg.InertialSolutionStatus(status=3),
1786043748567114702,1786043748.565474568,/novatel/oem7/fix,/novatel/oem7/fix,/novatel/oem7/inspva,39.663,-75.756,-1.800962697,0.001247923,-0.000084409,0.001066719,0.000647629,-0.000084409,,0,
1786043748568202936,1786043748.566026024,/novatel/oem7/odom,/novatel/oem7/fix,/novatel/oem7/odom,39.663,-75.756,-1.800962697,0.001248276,-0.000079021,0.000700274,0.001033349,-0.000079021,,,
1786043748575538656,1786043748.574880152,/novatel/oem7/odom,/novatel/oem7/fix,/novatel/oem7/odom,39.663,-75.756,-1.800962697,0.001248276,-0.000079021,0.000700274,0.001033349,-0.000079021,,,
1786043748586613143,1786043748.586073308,/novatel/oem7/inspva,/novatel/oem7/inspva,/novatel/oem7/inspva,39.663,-75.756,-1.800978850,0.001427331,-0.000720560,0.001103119,0.000905760,-0.000720560,,novatel_oem7_msgs.msg.InertialSolutionStatus(status=3),
1786043748587990283,1786043748.586240423,/novatel/oem7/fix,/novatel/oem7/fix,/novatel/oem7/inspva,39.663,-75.756,-1.800978850,0.001427331,-0.000720560,0.001103119,0.000905760,-0.000720560,,0,
1786043748589047728,1786043748.586735628,/novatel/oem7/odom,/novatel/oem7/fix,/novatel/oem7/odom,39.663,-75.756,-1.800978850,0.001430549,-0.000714150,0.000962280,0.001058530,-0.000714150,,,
1786043748595025558,1786043748.594339561,/novatel/oem7/odom,/novatel/oem7/fix,/novatel/oem7/odom,39.663,-75.756,-1.800978850,0.001430549,-0.000714150,0.000962280,0.001058530,-0.000714150,,,
1786043748607007327,1786043748.606499802,/novatel/oem7/inspva,/novatel/oem7/inspva,/novatel/oem7/inspva,39.663,-75.756,-1.800985150,0.001297948,-0.001108516,-0.000319662,0.001257969,-0.001108516,,novatel_oem7_msgs.msg.InertialSolutionStatus(status=3),
1786043748608378577,1786043748.606681974,/novatel/oem7/fix,/novatel/oem7/fix,/novatel/oem7/inspva,39.663,-75.756,-1.800985150,0.001297948,-0.001108516,-0.000319662,0.001257969,-0.001108516,,0,
1786043748609459925,1786043748.607405154,/novatel/oem7/odom,/novatel/oem7/fix,/novatel/oem7/odom,39.663,-75.756,-1.800985150,0.001301052,-0.001104872,0.001244628,-0.000378997,-0.001104872,,,
1786043748610950133,1786043748.610001747,/novatel/oem7/bestpos,/novatel/oem7/bestpos,/novatel/oem7/odom,39.663,-75.756,33.181424386,0.001301052,-0.001104872,0.001244628,-0.000378997,-0.001104872,,novatel_oem7_msgs.msg.SolutionStatus(status=0),novatel_oem7_msgs.msg.PositionOrVelocityType(type=53)
1786043748612435535,1786043748.610476132,/novatel/oem7/bestvel,/novatel/oem7/bestpos,/novatel/oem7/bestvel,39.663,-75.756,33.181424386,0.000691022,-0.000599024,,,,136.687569087,novatel_oem7_msgs.msg.SolutionStatus(status=0),novatel_oem7_msgs.msg.PositionOrVelocityType(type=53)
1786043748616097568,1786043748.615440835,/novatel/oem7/odom,/novatel/oem7/bestpos,/novatel/oem7/odom,39.663,-75.756,33.181424386,0.001301052,-0.001104872,0.001244628,-0.000378997,-0.001104872,,,
1786043748625404438,1786043748.624880392,/novatel/oem7/inspva,/novatel/oem7/inspva,/novatel/oem7/inspva,39.663,-75.756,-1.800989312,0.001307677,-0.000790290,0.000075823,0.001305477,-0.000790290,,novatel_oem7_msgs.msg.InertialSolutionStatus(status=3),
1786043748626778645,1786043748.625058144,/novatel/oem7/fix,/novatel/oem7/fix,/novatel/oem7/inspva,39.663,-75.756,-1.800989312,0.001307677,-0.000790290,0.000075823,0.001305477,-0.000790290,,0,
1786043748628253520,1786043748.625446375,/novatel/oem7/odom,/novatel/oem7/fix,/novatel/oem7/odom,39.663,-75.756,-1.800989312,0.001310653,-0.000785344,0.001310591,0.000012785,-0.000785344,,,
1786043748635093622,1786043748.634406835,/novatel/oem7/odom,/novatel/oem7/fix,/novatel/oem7/odom,39.663,-75.756,-1.800989312,0.001310653,-0.000785344,0.001310591,0.000012785,-0.000785344,,,
1786043748647036064,1786043748.646514096,/novatel/oem7/inspva,/novatel/oem7/inspva,/novatel/oem7/inspva,39.663,-75.756,-1.800990465,0.002239079,0.000625794,0.000692539,0.002129287,0.000625794,,novatel_oem7_msgs.msg.InertialSolutionStatus(status=3),
1786043748648417338,1786043748.646712131,/novatel/oem7/fix,/novatel/oem7/fix,/novatel/oem7/inspva,39.663,-75.756,-1.800990465,0.002239079,0.000625794,0.000692539,0.002129287,0.000625794,,0,
1786043748649482022,1786043748.647085698,/novatel/oem7/odom,/novatel/oem7/fix,/novatel/oem7/odom,39.663,-75.756,-1.800990465,0.002236339,0.000635516,0.002158761,0.000583922,0.000635516,,,
1786043748657014264,1786043748.656366177,/novatel/oem7/odom,/novatel/oem7/fix,/novatel/oem7/odom,39.663,-75.756,-1.800990465,0.002236339,0.000635516,0.002158761,0.000583922,0.000635516,,,
1786043748665574900,1786043748.665030081,/novatel/oem7/inspva,/novatel/oem7/inspva,/novatel/oem7/inspva,39.663,-75.756,-1.801008266,0.002068561,0.000335196,0.001442205,0.001482898,0.000335196,,novatel_oem7_msgs.msg.InertialSolutionStatus(status=3),
1786043748666898060,1786043748.665216943,/novatel/oem7/fix,/novatel/oem7/fix,/novatel/oem7/inspva,39.663,-75.756,-1.801008266,0.002068561,0.000335196,0.001442205,0.001482898,0.000335196,,0,
1786043748667999251,1786043748.665538556,/novatel/oem7/odom,/novatel/oem7/fix,/novatel/oem7/odom,39.663,-75.756,-1.801008266,0.002066998,0.000344701,0.001551590,0.001365668,0.000344701,,,
1786043748675562623,1786043748.674895307,/novatel/oem7/odom,/novatel/oem7/fix,/novatel/oem7/odom,39.663,-75.756,-1.801008266,0.002066998,0.000344701,0.001551590,0.001365668,0.000344701,,,
1786043748685845529,1786043748.685337921,/novatel/oem7/inspva,/novatel/oem7/inspva,/novatel/oem7/inspva,39.663,-75.756,-1.801038670,0.000773505,-0.002553401,0.000500055,0.000590131,-0.002553401,,novatel_oem7_msgs.msg.InertialSolutionStatus(status=3),
1786043748687170476,1786043748.685528759,/novatel/oem7/fix,/novatel/oem7/fix,/novatel/oem7/inspva,39.663,-75.756,-1.801038670,0.000773505,-0.002553401,0.000500055,0.000590131,-0.002553401,,0,
1786043748688266563,1786043748.686033281,/novatel/oem7/odom,/novatel/oem7/fix,/novatel/oem7/odom,39.663,-75.756,-1.801038670,0.000785163,-0.002549841,0.000623880,0.000476713,-0.002549841,,,
1786043748696543083,1786043748.695844109,/novatel/oem7/odom,/novatel/oem7/fix,/novatel/oem7/odom,39.663,-75.756,-1.801038670,0.000785163,-0.002549841,0.000623880,0.000476713,-0.002549841,,,
1786043748706645617,1786043748.706110879,/novatel/oem7/inspva,/novatel/oem7/inspva,/novatel/oem7/inspva,39.663,-75.756,-1.801041374,0.001303449,-0.002005724,0.000260877,0.001277076,-0.002005724,,novatel_oem7_msgs.msg.InertialSolutionStatus(status=3),
1786043748708027781,1786043748.706284450,/novatel/oem7/fix,/novatel/oem7/fix,/novatel/oem7/inspva,39.663,-75.756,-1.801041374,0.001303449,-0.002005724,0.000260877,0.001277076,-0.002005724,,0,
1786043748709080352,1786043748.706719625,/novatel/oem7/odom,/novatel/oem7/fix,/novatel/oem7/odom,39.663,-75.756,-1.801041374,0.001311679,-0.002000352,0.001295999,0.000202206,-0.002000352,,,
1786043748710574043,1786043748.709954207,/novatel/oem7/bestpos,/novatel/oem7/bestpos,/novatel/oem7/odom,39.663,-75.756,33.181371647,0.001311679,-0.002000352,0.001295999,0.000202206,-0.002000352,,novatel_oem7_msgs.msg.SolutionStatus(status=0),novatel_oem7_msgs.msg.PositionOrVelocityType(type=53)
1786043748711977431,1786043748.710477692,/novatel/oem7/bestvel,/novatel/oem7/bestpos,/novatel/oem7/bestvel,39.663,-75.756,33.181371647,0.000426075,-0.000996836,,,,168.880885687,novatel_oem7_msgs.msg.SolutionStatus(status=0),novatel_oem7_msgs.msg.PositionOrVelocityType(type=53)
1786043748715111229,1786043748.714414975,/novatel/oem7/odom,/novatel/oem7/bestpos,/novatel/oem7/odom,39.663,-75.756,33.181371647,0.001311679,-0.002000352,0.001295999,0.000202206,-0.002000352,,,
1786043748725804776,1786043748.725291947,/novatel/oem7/inspva,/novatel/oem7/inspva,/novatel/oem7/inspva,39.663,-75.756,-1.801027065,0.002191268,0.001397606,0.000032966,0.002191020,0.001397606,,novatel_oem7_msgs.msg.InertialSolutionStatus(status=3),
1786043748727078752,1786043748.725476216,/novatel/oem7/fix,/novatel/oem7/fix,/novatel/oem7/inspva,39.663,-75.756,-1.801027065,0.002191268,0.001397606,0.000032966,0.002191020,0.001397606,,0,
1786043748728317047,1786043748.726113959,/novatel/oem7/odom,/novatel/oem7/fix,/novatel/oem7/odom,39.663,-75.756,-1.801027065,0.002186071,0.001405722,0.002184612,-0.000079868,0.001405722,,,
1786043748736098506,1786043748.735769755,/novatel/oem7/odom,/novatel/oem7/fix,/novatel/oem7/odom,39.663,-75.756,-1.801027065,0.002186071,0.001405722,0.002184612,-0.000079868,0.001405722,,,
1786043748745335330,1786043748.745064755,/novatel/oem7/inspva,/novatel/oem7/inspva,/novatel/oem7/inspva,39.663,-75.756,-1.801052296,0.002500977,0.000420446,0.000833599,0.002357965,0.000420446,,novatel_oem7_msgs.msg.InertialSolutionStatus(status=3),
1786043748745917211,1786043748.745242297,/novatel/oem7/fix,/novatel/oem7/fix,/novatel/oem7/inspva,39.663,-75.756,-1.801052296,0.002500977,0.000420446,0.000833599,0.002357965,0.000420446,,0,
1786043748746371563,1786043748.745692488,/novatel/oem7/odom,/novatel/oem7/fix,/novatel/oem7/odom,39.663,-75.756,-1.801052296,0.002499115,0.000431371,0.002394936,0.000714044,0.000431371,,,
1786043748755938448,1786043748.755600657,/novatel/oem7/odom,/novatel/oem7/fix,/novatel/oem7/odom,39.663,-75.756,-1.801052296,0.002499115,0.000431371,0.002394936,0.000714044,0.000431371,,,
1786043748766982471,1786043748.766483649,/novatel/oem7/inspva,/novatel/oem7/inspva,/novatel/oem7/inspva,39.663,-75.756,-1.801080730,0.001774894,-0.001798635,0.001693869,0.000530147,-0.001798635,,novatel_oem7_msgs.msg.InertialSolutionStatus(status=3),
1786043748768332464,1786043748.766646434,/novatel/oem7/fix,/novatel/oem7/fix,/novatel/oem7/inspva,39.663,-75.756,-1.801080730,0.001774894,-0.001798635,0.001693869,0.000530147,-0.001798635,,0,
1786043748769345568,1786043748.767112969,/novatel/oem7/odom,/novatel/oem7/fix,/novatel/oem7/odom,39.663,-75.756,-1.801080730,0.001781648,-0.001791945,0.000620593,0.001670070,-0.001791945,,,
1786043748775276907,1786043748.774635240,/novatel/oem7/odom,/novatel/oem7/fix,/novatel/oem7/odom,39.663,-75.756,-1.801080730,0.001781648,-0.001791945,0.000620593,0.001670070,-0.001791945,,,
1786043748785588804,1786043748.785041948,/novatel/oem7/inspva,/novatel/oem7/inspva,/novatel/oem7/inspva,39.663,-75.756,-1.801086224,0.001521638,-0.001895394,0.001273997,0.000832054,-0.001895394,,novatel_oem7_msgs.msg.InertialSolutionStatus(status=3),
1786043748786915487,1786043748.785217316,/novatel/oem7/fix,/novatel/oem7/fix,/novatel/oem7/inspva,39.663,-75.756,-1.801086224,0.001521638,-0.001895394,0.001273997,0.000832054,-0.001895394,,0,
1786043748788005404,1786043748.785596720,/novatel/oem7/odom,/novatel/oem7/fix,/novatel/oem7/odom,39.663,-75.756,-1.801086224,0.001529818,-0.001888798,0.000901550,0.001235941,-0.001888798,,,
1786043748796041641,1786043748.795391268,/novatel/oem7/odom,/novatel/oem7/fix,/novatel/oem7/odom,39.663,-75.756,-1.801086224,0.001529818,-0.001888798,0.000901550,0.001235941,-0.001888798,,,
1786043748807102859,1786043748.806531320,/novatel/oem7/inspva,/novatel/oem7/inspva,/novatel/oem7/inspva,39.663,-75.756,-1.801071422,0.002505181,0.000967179,-0.000150907,0.002500631,0.000967179,,novatel_oem7_msgs.msg.InertialSolutionStatus(status=3),
1786043748808503993,1786043748.806692238,/novatel/oem7/fix,/novatel/oem7/fix,/novatel/oem7/inspva,39.663,-75.756,-1.801071422,0.002505181,0.000967179,-0.000150907,0.002500631,0.000967179,,0,
1786043748809539516,1786043748.807150796,/novatel/oem7/odom,/novatel/oem7/fix,/novatel/oem7/odom,39.663,-75.756,-1.801071422,0.002501823,0.000975831,0.002486355,-0.000277771,0.000975831,,,
1786043748811065162,1786043748.810452546,/novatel/oem7/bestpos,/novatel/oem7/bestpos,/novatel/oem7/odom,39.663,-75.756,33.181324339,0.002501823,0.000975831,0.002486355,-0.000277771,0.000975831,,novatel_oem7_msgs.msg.SolutionStatus(status=0),novatel_oem7_msgs.msg.PositionOrVelocityType(type=53)
1786043748812803999,1786043748.810957034,/novatel/oem7/bestvel,/novatel/oem7/bestpos,/novatel/oem7/bestvel,39.663,-75.756,33.181324339,0.002375061,0.000872635,,,,86.961489005,novatel_oem7_msgs.msg.SolutionStatus(status=0),novatel_oem7_msgs.msg.PositionOrVelocityType(type=53)
1786043748815693678,1786043748.814960441,/novatel/oem7/odom,/novatel/oem7/bestpos,/novatel/oem7/odom,39.663,-75.756,33.181324339,0.002501823,0.000975831,0.002486355,-0.000277771,0.000975831,,,
1786043748826639257,1786043748.826043115,/novatel/oem7/inspva,/novatel/oem7/inspva,/novatel/oem7/inspva,39.663,-75.756,-1.801087078,0.002277598,0.000599330,0.000303807,0.002257245,0.000599330,,novatel_oem7_msgs.msg.InertialSolutionStatus(status=3),
1786043748827998241,1786043748.826212890,/novatel/oem7/fix,/novatel/oem7/fix,/novatel/oem7/inspva,39.663,-75.756,-1.801087078,0.002277598,0.000599330,0.000303807,0.002257245,0.000599330,,0,
1786043748829031491,1786043748.826613314,/novatel/oem7/odom,/novatel/oem7/fix,/novatel/oem7/odom,39.663,-75.756,-1.801087078,0.002275186,0.000608424,0.002267280,0.000189506,0.000608424,,,
1786043748835060445,1786043748.834346235,/novatel/oem7/odom,/novatel/oem7/fix,/novatel/oem7/odom,39.663,-75.756,-1.801087078,0.002275186,0.000608424,0.002267280,0.000189506,0.000608424,,,
1786043748845838713,1786043748.845250057,/novatel/oem7/inspva,/novatel/oem7/inspva,/novatel/oem7/inspva,39.663,-75.756,-1.801111142,0.002191300,-0.001083449,0.002055790,0.000758635,-0.001083449,,novatel_oem7_msgs.msg.InertialSolutionStatus(status=3),
1786043748847207186,1786043748.845404472,/novatel/oem7/fix,/novatel/oem7/fix,/novatel/oem7/inspva,39.663,-75.756,-1.801111142,0.002191300,-0.001083449,0.002055790,0.000758635,-0.001083449,,0,
1786043748848625754,1786043748.846024901,/novatel/oem7/odom,/novatel/oem7/fix,/novatel/oem7/odom,39.663,-75.756,-1.801111142,0.002195493,-0.001074927,0.000864065,0.002018312,-0.001074927,,,
1786043748857110462,1786043748.856407008,/novatel/oem7/odom,/novatel/oem7/fix,/novatel/oem7/odom,39.663,-75.756,-1.801111142,0.002195493,-0.001074927,0.000864065,0.002018312,-0.001074927,,,
1786043748865620147,1786043748.865032262,/novatel/oem7/inspva,/novatel/oem7/inspva,/novatel/oem7/inspva,39.663,-75.756,-1.801121244,0.001751627,-0.001158609,0.001433910,0.001006031,-0.001158609,,novatel_oem7_msgs.msg.InertialSolutionStatus(status=3),
1786043748866961808,1786043748.865200786,/novatel/oem7/fix,/novatel/oem7/fix,/novatel/oem7/inspva,39.663,-75.756,-1.801121244,0.001751627,-0.001158609,0.001433910,0.001006031,-0.001158609,,0,
1786043748867989571,1786043748.865591260,/novatel/oem7/odom,/novatel/oem7/fix,/novatel/oem7/odom,39.663,-75.756,-1.801121244,0.001756675,-0.001150941,0.001080501,0.001385072,-0.001150941,,,
1786043748875125602,1786043748.874445116,/novatel/oem7/odom,/novatel/oem7/fix,/novatel/oem7/odom,39.663,-75.756,-1.801121244,0.001756675,-0.001150941,0.001080501,0.001385072,-0.001150941,,,
1786043748887258227,1786043748.886694108,/novatel/oem7/inspva,/novatel/oem7/inspva,/novatel/oem7/inspva,39.663,-75.756,-1.801124324,0.001914895,-0.000573476,-0.000376671,0.001877482,-0.000573476,,novatel_oem7_msgs.msg.InertialSolutionStatus(status=3),
1786043748888610027,1786043748.886855370,/novatel/oem7/fix,/novatel/oem7/fix,/novatel/oem7/inspva,39.663,-75.756,-1.801124324,0.001914895,-0.000573476,-0.000376671,0.001877482,-0.000573476,,0,
1786043748889631861,1786043748.887206386,/novatel/oem7/odom,/novatel/oem7/fix,/novatel/oem7/odom,39.663,-75.756,-1.801124324,0.001916606,-0.000567729,0.001858551,-0.000468155,-0.000567729,,,
1786043748895384742,1786043748.894693751,/novatel/oem7/odom,/novatel/oem7/fix,/novatel/oem7/odom,39.663,-75.756,-1.801124324,0.001916606,-0.000567729,0.001858551,-0.000468155,-0.000567729,,,
1786043748906335602,1786043748.905773186,/novatel/oem7/inspva,/novatel/oem7/inspva,/novatel/oem7/inspva,39.663,-75.756,-1.801131414,0.002445361,0.000446137,-0.000312029,0.002425372,0.000446137,,novatel_oem7_msgs.msg.InertialSolutionStatus(status=3),
1786043748907673098,1786043748.905926634,/novatel/oem7/fix,/novatel/oem7/fix,/novatel/oem7/inspva,39.663,-75.756,-1.801131414,0.002445361,0.000446137,-0.000312029,0.002425372,0.000446137,,0,
1786043748908686535,1786043748.906369892,/novatel/oem7/odom,/novatel/oem7/fix,/novatel/oem7/odom,39.663,-75.756,-1.801131414,0.002443909,0.000454020,0.002405149,-0.000433536,0.000454020,,,
1786043748910139076,1786043748.909475503,/novatel/oem7/bestpos,/novatel/oem7/bestpos,/novatel/oem7/odom,39.663,-75.756,33.181275489,0.002443909,0.000454020,0.002405149,-0.000433536,0.000454020,,novatel_oem7_msgs.msg.SolutionStatus(status=0),novatel_oem7_msgs.msg.PositionOrVelocityType(type=53)
1786043748911574794,1786043748.910101419,/novatel/oem7/bestvel,/novatel/oem7/bestpos,/novatel/oem7/bestvel,39.663,-75.756,33.181275489,0.001799826,0.000711846,,,,96.551498383,novatel_oem7_msgs.msg.SolutionStatus(status=0),novatel_oem7_msgs.msg.PositionOrVelocityType(type=53)
1786043748916446199,1786043748.915740859,/novatel/oem7/odom,/novatel/oem7/bestpos,/novatel/oem7/odom,39.663,-75.756,33.181275489,0.002443909,0.000454020,0.002405149,-0.000433536,0.000454020,,,
1786043748926005045,1786043748.925411869,/novatel/oem7/inspva,/novatel/oem7/inspva,/novatel/oem7/inspva,39.663,-75.756,-1.801152311,0.001720297,-0.000524263,0.001338853,0.001080228,-0.000524263,,novatel_oem7_msgs.msg.InertialSolutionStatus(status=3),
1786043748927378925,1786043748.925592397,/novatel/oem7/fix,/novatel/oem7/fix,/novatel/oem7/inspva,39.663,-75.756,-1.801152311,0.001720297,-0.000524263,0.001338853,0.001080228,-0.000524263,,0,
1786043748928439409,1786043748.926285704,/novatel/oem7/odom,/novatel/oem7/fix,/novatel/oem7/odom,39.663,-75.756,-1.801152311,0.001722622,-0.000516572,0.001147502,0.001284782,-0.000516572,,,
1786043748935685135,1786043748.934970761,/novatel/oem7/odom,/novatel/oem7/fix,/novatel/oem7/odom,39.663,-75.756,-1.801152311,0.001722622,-0.000516572,0.001147502,0.001284782,-0.000516572,,,
1786043748947355968,1786043748.946692965,/novatel/oem7/inspva,/novatel/oem7/inspva,/novatel/oem7/inspva,39.663,-75.756,-1.801165520,0.002145199,-0.000558422,0.001534677,0.001498881,-0.000558422,,novatel_oem7_msgs.msg.InertialSolutionStatus(status=3),
1786043748948741262,1786043748.946872730,/novatel/oem7/fix,/novatel/oem7/fix,/novatel/oem7/inspva,39.663,-75.756,-1.801165520,0.002145199,-0.000558422,0.001534677,0.001498881,-0.000558422,,0,
1786043748950842727,1786043748.947283307,/novatel/oem7/odom,/novatel/oem7/fix,/novatel/oem7/odom,39.663,-75.756,-1.801165520,0.002147700,-0.000548725,0.001575471,0.001459626,-0.000548725,,,
1786043748956599757,1786043748.955792703,/novatel/oem7/odom,/novatel/oem7/fix,/novatel/oem7/odom,39.663,-75.756,-1.801165520,0.002147700,-0.000548725,0.001575471,0.001459626,-0.000548725,,,
1786043748965947084,1786043748.965213287,/novatel/oem7/inspva,/novatel/oem7/inspva,/novatel/oem7/inspva,39.663,-75.756,-1.801182166,0.002189454,-0.001460964,-0.000384200,0.002155481,-0.001460964,,novatel_oem7_msgs.msg.InertialSolutionStatus(status=3),
1786043748967389435,1786043748.965381338,/novatel/oem7/fix,/novatel/oem7/fix,/novatel/oem7/inspva,39.663,-75.756,-1.801182166,0.002189454,-0.001460964,-0.000384200,0.002155481,-0.001460964,,0,
1786043748968464679,1786043748.966147180,/novatel/oem7/odom,/novatel/oem7/fix,/novatel/oem7/odom,39.663,-75.756,-1.801182166,0.002193899,-0.001454281,0.002139123,-0.000487180,-0.001454281,,,
1786043748976137653,1786043748.975442246,/novatel/oem7/odom,/novatel/oem7/fix,/novatel/oem7/odom,39.663,-75.756,-1.801182166,0.002193899,-0.001454281,0.002139123,-0.000487180,-0.001454281,,,
1786043748985800120,1786043748.985210337,/novatel/oem7/inspva,/novatel/oem7/inspva,/novatel/oem7/inspva,39.663,-75.756,-1.801183498,0.001803412,-0.000510870,-0.000319263,0.001774927,-0.000510870,,novatel_oem7_msgs.msg.InertialSolutionStatus(status=3),
1786043748987144306,1786043748.985370405,/novatel/oem7/fix,/novatel/oem7/fix,/novatel/oem7/inspva,39.663,-75.756,-1.801183498,0.001803412,-0.000510870,-0.000319263,0.001774927,-0.000510870,,0,
1786043748988171026,1786043748.985872850,/novatel/oem7/odom,/novatel/oem7/fix,/novatel/oem7/odom,39.663,-75.756,-1.801183498,0.001804964,-0.000505361,0.001758743,-0.000405853,-0.000505361,,,
1786043748995037449,1786043748.994375367,/novatel/oem7/odom,/novatel/oem7/fix,/novatel/oem7/odom,39.663,-75.756,-1.801183498,0.001804964,-0.000505361,0.001758743,-0.000405853,-0.000505361,,,
1786043749008882134,1786043749.008302638,/novatel/oem7/inspva,/novatel/oem7/inspva,/novatel/oem7/inspva,39.663,-75.756,-1.801180504,0.002206410,0.001278490,0.001146267,0.001885290,0.001278490,,novatel_oem7_msgs.msg.InertialSolutionStatus(status=3),
1786043749010167910,1786043749.008453263,/novatel/oem7/fix,/novatel/oem7/fix,/novatel/oem7/inspva,39.663,-75.756,-1.801180504,0.002206410,0.001278490,0.001146267,0.001885290,0.001278490,,0,
1786043749012613905,1786043749.011936833,/novatel/oem7/odom,/novatel/oem7/fix,/novatel/oem7/odom,39.663,-75.756,-1.801180504,0.002200563,0.001288527,0.001935147,0.001047704,0.001288527,,,
1786043749016630185,1786043749.015940951,/novatel/oem7/odom,/novatel/oem7/fix,/novatel/oem7/odom,39.663,-75.756,-1.801180504,0.002200563,0.001288527,0.001935147,0.001047704,0.001288527,,,
1786043749026846833,1786043749.026097983,/novatel/oem7/bestpos,/novatel/oem7/bestpos,/novatel/oem7/odom,39.663,-75.756,33.181216083,0.002200563,0.001288527,0.001935147,0.001047704,0.001288527,,novatel_oem7_msgs.msg.SolutionStatus(status=0),novatel_oem7_msgs.msg.PositionOrVelocityType(type=53)
1786043749028378319,1786043749.026560867,/novatel/oem7/bestvel,/novatel/oem7/bestpos,/novatel/oem7/bestvel,39.663,-75.756,33.181216083,0.003119138,0.000679246,,,,64.081243102,novatel_oem7_msgs.msg.SolutionStatus(status=0),novatel_oem7_msgs.msg.PositionOrVelocityType(type=53)
1786043749029267641,1786043749.027027785,/novatel/oem7/inspva,/novatel/oem7/inspva,/novatel/oem7/inspva,39.663,-75.756,-1.801201703,0.001943553,-0.000278767,0.001280528,0.001462069,-0.000278767,,novatel_oem7_msgs.msg.InertialSolutionStatus(status=3),
1786043749030075046,1786043749.027164363,/novatel/oem7/fix,/novatel/oem7/fix,/novatel/oem7/inspva,39.663,-75.756,-1.801201703,0.001943553,-0.000278767,0.001280528,0.001462069,-0.000278767,,0,
1786043749031071696,1786043749.027483623,/novatel/oem7/odom,/novatel/oem7/fix,/novatel/oem7/odom,39.663,-75.756,-1.801201703,0.001944812,-0.000269843,0.001524998,0.001206927,-0.000269843,,,
1786043749036126363,1786043749.035480496,/novatel/oem7/odom,/novatel/oem7/fix,/novatel/oem7/odom,39.663,-75.756,-1.801201703,0.001944812,-0.000269843,0.001524998,0.001206927,-0.000269843,,,
1786043749045995235,1786043749.045430256,/novatel/oem7/inspva,/novatel/oem7/inspva,/novatel/oem7/inspva,39.663,-75.756,-1.801217311,0.001371128,-0.001970043,0.000097413,0.001367663,-0.001970043,,novatel_oem7_msgs.msg.InertialSolutionStatus(status=3),
1786043749047321785,1786043749.045573461,/novatel/oem7/fix,/novatel/oem7/fix,/novatel/oem7/inspva,39.663,-75.756,-1.801217311,0.001371128,-0.001970043,0.000097413,0.001367663,-0.001970043,,0,
1786043749048339688,1786043749.046209297,/novatel/oem7/odom,/novatel/oem7/fix,/novatel/oem7/odom,39.663,-75.756,-1.801217311,0.001378580,-0.001964835,0.001378152,0.000034378,-0.001964835,,,
1786043749057117140,1786043749.056434596,/novatel/oem7/odom,/novatel/oem7/fix,/novatel/oem7/odom,39.663,-75.756,-1.801217311,0.001378580,-0.001964835,0.001378152,0.000034378,-0.001964835,,,
1786043749066787717,1786043749.066217264,/novatel/oem7/inspva,/novatel/oem7/inspva,/novatel/oem7/inspva,39.663,-75.756,-1.801205016,0.002766815,-0.000997089,-0.000260351,0.002754538,-0.000997089,,novatel_oem7_msgs.msg.InertialSolutionStatus(status=3),
1786043749068108030,1786043749.066347288,/novatel/oem7/fix,/novatel/oem7/fix,/novatel/oem7/inspva,39.663,-75.756,-1.801205016,0.002766815,-0.000997089,-0.000260351,0.002754538,-0.000997089,,0,
1786043749069127856,1786043749.066861820,/novatel/oem7/odom,/novatel/oem7/fix,/novatel/oem7/odom,39.663,-75.756,-1.801205016,0.002770111,-0.000987893,0.002741885,-0.000394439,-0.000987893,,,
1786043749075623458,1786043749.074747669,/novatel/oem7/odom,/novatel/oem7/fix,/novatel/oem7/odom,39.663,-75.756,-1.801205016,0.002770111,-0.000987893,0.002741885,-0.000394439,-0.000987893,,,
1786043749085876101,1786043749.085301552,/novatel/oem7/inspva,/novatel/oem7/inspva,/novatel/oem7/inspva,39.663,-75.756,-1.801193686,0.001541118,0.000811139,0.001054884,0.001123505,0.000811139,,novatel_oem7_msgs.msg.InertialSolutionStatus(status=3),
1786043749087200424,1786043749.085444993,/novatel/oem7/fix,/novatel/oem7/fix,/novatel/oem7/inspva,39.663,-75.756,-1.801193686,0.001541118,0.000811139,0.001054884,0.001123505,0.000811139,,0,
1786043749088223457,1786043749.086142833,/novatel/oem7/odom,/novatel/oem7/fix,/novatel/oem7/odom,39.663,-75.756,-1.801193686,0.001537369,0.000818221,0.001171473,0.000995567,0.000818221,,,
1786043749096542531,1786043749.095846120,/novatel/oem7/odom,/novatel/oem7/fix,/novatel/oem7/odom,39.663,-75.756,-1.801193686,0.001537369,0.000818221,0.001171473,0.000995567,0.000818221,,,
1786043749106381293,1786043749.105816940,/novatel/oem7/inspva,/novatel/oem7/inspva,/novatel/oem7/inspva,39.663,-75.756,-1.801212084,0.002239825,-0.000541682,0.001403183,0.001745822,-0.000541682,,novatel_oem7_msgs.msg.InertialSolutionStatus(status=3),
1786043749107729889,1786043749.105950235,/novatel/oem7/fix,/novatel/oem7/fix,/novatel/oem7/inspva,39.663,-75.756,-1.801212084,0.002239825,-0.000541682,0.001403183,0.001745822,-0.000541682,,0,
1786043749108743043,1786043749.106440356,/novatel/oem7/odom,/novatel/oem7/fix,/novatel/oem7/odom,39.663,-75.756,-1.801212084,0.002242271,-0.000531464,0.001815449,0.001316026,-0.000531464,,,
1786043749110189434,1786043749.109581841,/novatel/oem7/bestpos,/novatel/oem7/bestpos,/novatel/oem7/odom,39.663,-75.756,33.181222355,0.002242271,-0.000531464,0.001815449,0.001316026,-0.000531464,,novatel_oem7_msgs.msg.SolutionStatus(status=0),novatel_oem7_msgs.msg.PositionOrVelocityType(type=53)
1786043749111622068,1786043749.110338122,/novatel/oem7/bestvel,/novatel/oem7/bestpos,/novatel/oem7/bestvel,39.663,-75.756,33.181222355,0.002331123,-0.000598535,,,,29.623294995,novatel_oem7_msgs.msg.SolutionStatus(status=0),novatel_oem7_msgs.msg.PositionOrVelocityType(type=53)
1786043749115045643,1786043749.114368326,/novatel/oem7/odom,/novatel/oem7/bestpos,/novatel/oem7/odom,39.663,-75.756,33.181222355,0.002242271,-0.000531464,0.001815449,0.001316026,-0.000531464,,,
1786043749127026962,1786043749.126474904,/novatel/oem7/inspva,/novatel/oem7/inspva,/novatel/oem7/inspva,39.663,-75.756,-1.801227232,0.001561929,-0.001893491,0.001156577,0.001049739,-0.001893491,,novatel_oem7_msgs.msg.InertialSolutionStatus(status=3),
1786043749128379186,1786043749.126605438,/novatel/oem7/fix,/novatel/oem7/fix,/novatel/oem7/inspva,39.663,-75.756,-1.801227232,0.001561929,-0.001893491,0.001156577,0.001049739,-0.001893491,,0,
1786043749129391243,1786043749.126980435,/novatel/oem7/odom,/novatel/oem7/fix,/novatel/oem7/odom,39.663,-75.756,-1.801227232,0.001570384,-0.001886484,0.001113000,0.001107853,-0.001886484,,,
1786043749135490140,1786043749.134799660,/novatel/oem7/odom,/novatel/oem7/fix,/novatel/oem7/odom,39.663,-75.756,-1.801227232,0.001570384,-0.001886484,0.001113000,0.001107853,-0.001886484,,,
1786043749145565008,1786043749.144885688,/novatel/oem7/inspva,/novatel/oem7/inspva,/novatel/oem7/inspva,39.663,-75.756,-1.801223757,0.001388244,-0.001565968,0.000736602,0.001176707,-0.001565968,,novatel_oem7_msgs.msg.InertialSolutionStatus(status=3),
1786043749146876684,1786043749.145061980,/novatel/oem7/fix,/novatel/oem7/fix,/novatel/oem7/inspva,39.663,-75.756,-1.801223757,0.001388244,-0.001565968,0.000736602,0.001176707,-0.001565968,,0,
1786043749147918791,1786043749.145403909,/novatel/oem7/odom,/novatel/oem7/fix,/novatel/oem7/odom,39.663,-75.756,-1.801223757,0.001395319,-0.001559668,0.001217699,0.000681267,-0.001559668,,,
1786043749156332376,1786043749.155654086,/novatel/oem7/odom,/novatel/oem7/fix,/novatel/oem7/odom,39.663,-75.756,-1.801223757,0.001395319,-0.001559668,0.001217699,0.000681267,-0.001559668,,,
1786043749165824044,1786043749.165242198,/novatel/oem7/inspva,/novatel/oem7/inspva,/novatel/oem7/inspva,39.663,-75.756,-1.801214745,0.002435923,0.000639785,0.000698805,0.002333537,0.000639785,,novatel_oem7_msgs.msg.InertialSolutionStatus(status=3),
1786043749167216208,1786043749.165391709,/novatel/oem7/fix,/novatel/oem7/fix,/novatel/oem7/inspva,39.663,-75.756,-1.801214745,0.002435923,0.000639785,0.000698805,0.002333537,0.000639785,,0,
1786043749168274765,1786043749.166092670,/novatel/oem7/odom,/novatel/oem7/fix,/novatel/oem7/odom,39.663,-75.756,-1.801214745,0.002433176,0.000650155,0.002362976,0.000580249,0.000650155,,,
1786043749175449147,1786043749.174716413,/novatel/oem7/odom,/novatel/oem7/fix,/novatel/oem7/odom,39.663,-75.756,-1.801214745,0.002433176,0.000650155,0.002362976,0.000580249,0.000650155,,,
1786043749186905858,1786043749.186255312,/novatel/oem7/inspva,/novatel/oem7/inspva,/novatel/oem7/inspva,39.663,-75.756,-1.801223507,0.002345804,0.000160246,0.001308363,0.001947044,0.000160246,,novatel_oem7_msgs.msg.InertialSolutionStatus(status=3),
1786043749188272745,1786043749.186439650,/novatel/oem7/fix,/novatel/oem7/fix,/novatel/oem7/inspva,39.663,-75.756,-1.801223507,0.002345804,0.000160246,0.001308363,0.001947044,0.000160246,,0,
1786043749189315156,1786043749.186919725,/novatel/oem7/odom,/novatel/oem7/fix,/novatel/oem7/odom,39.663,-75.756,-1.801223507,0.002345048,0.000170949,0.002009061,0.001209513,0.000170949,,,
1786043749195511291,1786043749.194792537,/novatel/oem7/odom,/novatel/oem7/fix,/novatel/oem7/odom,39.663,-75.756,-1.801223507,0.002345048,0.000170949,0.002009061,0.001209513,0.000170949,,,
1786043749207077083,1786043749.206460824,/novatel/oem7/inspva,/novatel/oem7/inspva,/novatel/oem7/inspva,39.663,-75.756,-1.801241187,0.001559434,-0.001762276,0.001486893,0.000470088,-0.001762276,,novatel_oem7_msgs.msg.InertialSolutionStatus(status=3),
1786043749208738953,1786043749.206622692,/novatel/oem7/fix,/novatel/oem7/fix,/novatel/oem7/inspva,39.663,-75.756,-1.801241187,0.001559434,-0.001762276,0.001486893,0.000470088,-0.001762276,,0,
1786043749209924862,1786043749.207069370,/novatel/oem7/odom,/novatel/oem7/fix,/novatel/oem7/odom,39.663,-75.756,-1.801241187,0.001566035,-0.001756412,0.000549945,0.001466297,-0.001756412,,,
1786043749211502728,1786043749.210440894,/novatel/oem7/bestpos,/novatel/oem7/bestpos,/novatel/oem7/odom,39.663,-75.756,33.181198703,0.001566035,-0.001756412,0.000549945,0.001466297,-0.001756412,,novatel_oem7_msgs.msg.SolutionStatus(status=0),novatel_oem7_msgs.msg.PositionOrVelocityType(type=53)
1786043749212409760,1786043749.210898975,/novatel/oem7/bestvel,/novatel/oem7/bestpos,/novatel/oem7/bestvel,39.663,-75.756,33.181198703,0.001270813,-0.001500322,,,,10.338251233,novatel_oem7_msgs.msg.SolutionStatus(status=0),novatel_oem7_msgs.msg.PositionOrVelocityType(type=53)
1786043749216448930,1786043749.215739240,/novatel/oem7/odom,/novatel/oem7/bestpos,/novatel/oem7/odom,39.663,-75.756,33.181198703,0.001566035,-0.001756412,0.000549945,0.001466297,-0.001756412,,,
1786043749225932765,1786043749.225316699,/novatel/oem7/inspva,/novatel/oem7/inspva,/novatel/oem7/inspva,39.663,-75.756,-1.801233635,0.001856981,-0.001790470,0.001461684,0.001145365,-0.001790470,,novatel_oem7_msgs.msg.InertialSolutionStatus(status=3),
1786043749227282058,1786043749.225496834,/novatel/oem7/fix,/novatel/oem7/fix,/novatel/oem7/inspva,39.663,-75.756,-1.801233635,0.001856981,-0.001790470,0.001461684,0.001145365,-0.001790470,,0,
1786043749228332289,1786043749.225901252,/novatel/oem7/odom,/novatel/oem7/fix,/novatel/oem7/odom,39.663,-75.756,-1.801233635,0.001864857,-0.001782266,0.001223227,0.001407624,-0.001782266,,,
1786043749235160574,1786043749.234482077,/novatel/oem7/odom,/novatel/oem7/fix,/novatel/oem7/odom,39.663,-75.756,-1.801233635,0.001864857,-0.001782266,0.001223227,0.001407624,-0.001782266,,,
1786043749247552475,1786043749.246949292,/novatel/oem7/inspva,/novatel/oem7/inspva,/novatel/oem7/inspva,39.663,-75.756,-1.801221866,0.002619582,0.000365893,0.001056883,0.002396916,0.000365893,,novatel_oem7_msgs.msg.InertialSolutionStatus(status=3),
1786043749248913409,1786043749.247103651,/novatel/oem7/fix,/novatel/oem7/fix,/novatel/oem7/inspva,39.663,-75.756,-1.801221866,0.002619582,0.000365893,0.001056883,0.002396916,0.000365893,,0,
1786043749249963799,1786043749.247900882,/novatel/oem7/odom,/novatel/oem7/fix,/novatel/oem7/odom,39.663,-75.756,-1.801221866,0.002617927,0.000377550,0.002445071,0.000935505,0.000377550,,,
1786043749256985099,1786043749.256315183,/novatel/oem7/odom,/novatel/oem7/fix,/novatel/oem7/odom,39.663,-75.756,-1.801221866,0.002617927,0.000377550,0.002445071,0.000935505,0.000377550,,,
1786043749265540088,1786043749.264945892,/novatel/oem7/inspva,/novatel/oem7/inspva,/novatel/oem7/inspva,39.663,-75.756,-1.801230431,0.003035531,0.000208397,0.001289732,0.002747915,0.000208397,,novatel_oem7_msgs.msg.InertialSolutionStatus(status=3),
1786043749266846481,1786043749.265084377,/novatel/oem7/fix,/novatel/oem7/fix,/novatel/oem7/inspva,39.663,-75.756,-1.801230431,0.003035531,0.000208397,0.001289732,0.002747915,0.000208397,,0,
1786043749267876938,1786043749.265497898,/novatel/oem7/odom,/novatel/oem7/fix,/novatel/oem7/odom,39.663,-75.756,-1.801230431,0.003034573,0.000221912,0.002807802,0.001151034,0.000221912,,,
1786043749276085504,1786043749.275398900,/novatel/oem7/odom,/novatel/oem7/fix,/novatel/oem7/odom,39.663,-75.756,-1.801230431,0.003034573,0.000221912,0.002807802,0.001151034,0.000221912,,,
1786043749285803668,1786043749.285237265,/novatel/oem7/inspva,/novatel/oem7/inspva,/novatel/oem7/inspva,39.663,-75.756,-1.801245641,0.002795757,-0.000899803,0.002350418,0.001513868,-0.000899803,,novatel_oem7_msgs.msg.InertialSolutionStatus(status=3),
1786043749287187555,1786043749.285380910,/novatel/oem7/fix,/novatel/oem7/fix,/novatel/oem7/inspva,39.663,-75.756,-1.801245641,0.002795757,-0.000899803,0.002350418,0.001513868,-0.000899803,,0,
1786043749288248718,1786043749.286038166,/novatel/oem7/odom,/novatel/oem7/fix,/novatel/oem7/odom,39.663,-75.756,-1.801245641,0.002799606,-0.000887756,0.001632139,0.002274624,-0.000887756,,,
1786043749295317823,1786043749.294620666,/novatel/oem7/odom,/novatel/oem7/fix,/novatel/oem7/odom,39.663,-75.756,-1.801245641,0.002799606,-0.000887756,0.001632139,0.002274624,-0.000887756,,,
1786043749307763727,1786043749.307146857,/novatel/oem7/inspva,/novatel/oem7/inspva,/novatel/oem7/inspva,39.663,-75.756,-1.801251511,0.002212855,-0.002186143,0.002090867,0.000724571,-0.002186143,,novatel_oem7_msgs.msg.InertialSolutionStatus(status=3),
1786043749309099134,1786043749.307306936,/novatel/oem7/fix,/novatel/oem7/fix,/novatel/oem7/inspva,39.663,-75.756,-1.801251511,0.002212855,-0.002186143,0.002090867,0.000724571,-0.002186143,,0,
1786043749310216688,1786043749.307532758,/novatel/oem7/odom,/novatel/oem7/fix,/novatel/oem7/odom,39.663,-75.756,-1.801251511,0.002221137,-0.002177728,0.000835650,0.002057945,-0.002177728,,,
1786043749311679267,1786043749.309524761,/novatel/oem7/bestpos,/novatel/oem7/bestpos,/novatel/oem7/odom,39.663,-75.756,33.181196226,0.002221137,-0.002177728,0.000835650,0.002057945,-0.002177728,,novatel_oem7_msgs.msg.SolutionStatus(status=0),novatel_oem7_msgs.msg.PositionOrVelocityType(type=53)
1786043749312596069,1786043749.310172205,/novatel/oem7/bestvel,/novatel/oem7/bestpos,/novatel/oem7/bestvel,39.663,-75.756,33.181196226,0.000897345,-0.001201327,,,,11.421715970,novatel_oem7_msgs.msg.SolutionStatus(status=0),novatel_oem7_msgs.msg.PositionOrVelocityType(type=53)
1786043749315471135,1786043749.314826606,/novatel/oem7/odom,/novatel/oem7/bestpos,/novatel/oem7/odom,39.663,-75.756,33.181196226,0.002221137,-0.002177728,0.000835650,0.002057945,-0.002177728,,,
1786043749325889032,1786043749.325339759,/novatel/oem7/inspva,/novatel/oem7/inspva,/novatel/oem7/inspva,39.663,-75.756,-1.801241323,0.002756843,-0.000255942,0.000656186,0.002677611,-0.000255942,,novatel_oem7_msgs.msg.InertialSolutionStatus(status=3),
1786043749327262486,1786043749.325500688,/novatel/oem7/fix,/novatel/oem7/fix,/novatel/oem7/inspva,39.663,-75.756,-1.801241323,0.002756843,-0.000255942,0.000656186,0.002677611,-0.000255942,,0,
1786043749328289373,1786043749.326165788,/novatel/oem7/odom,/novatel/oem7/fix,/novatel/oem7/odom,39.663,-75.756,-1.801241323,0.002757878,-0.000244533,0.002707827,0.000523032,-0.000244533,,,
1786043749336305693,1786043749.335646236,/novatel/oem7/odom,/novatel/oem7/fix,/novatel/oem7/odom,39.663,-75.756,-1.801241323,0.002757878,-0.000244533,0.002707827,0.000523032,-0.000244533,,,
1786043749345832251,1786043749.345259009,/novatel/oem7/inspva,/novatel/oem7/inspva,/novatel/oem7/inspva,39.663,-75.756,-1.801252261,0.002306460,-0.000165643,0.001021895,0.002067725,-0.000165643,,novatel_oem7_msgs.msg.InertialSolutionStatus(status=3),
1786043749347132187,1786043749.345398917,/novatel/oem7/fix,/novatel/oem7/fix,/novatel/oem7/inspva,39.663,-75.756,-1.801252261,0.002306460,-0.000165643,0.001021895,0.002067725,-0.000165643,,0,
1786043749348141638,1786043749.345847391,/novatel/oem7/odom,/novatel/oem7/fix,/novatel/oem7/odom,39.663,-75.756,-1.801252261,0.002307179,-0.000155309,0.002116525,0.000918364,-0.000155309,,,
1786043749356279613,1786043749.355645161,/novatel/oem7/odom,/novatel/oem7/fix,/novatel/oem7/odom,39.663,-75.756,-1.801252261,0.002307179,-0.000155309,0.002116525,0.000918364,-0.000155309,,,
1786043749367257958,1786043749.366771634,/novatel/oem7/inspva,/novatel/oem7/inspva,/novatel/oem7/inspva,39.663,-75.756,-1.801266516,0.003370302,-0.000413923,0.003179807,0.001117033,-0.000413923,,novatel_oem7_msgs.msg.InertialSolutionStatus(status=3),
1786043749367927366,1786043749.366999663,/novatel/oem7/fix,/novatel/oem7/fix,/novatel/oem7/inspva,39.663,-75.756,-1.801266516,0.003370302,-0.000413923,0.003179807,0.001117033,-0.000413923,,0,
1786043749368381899,1786043749.367649153,/novatel/oem7/odom,/novatel/oem7/fix,/novatel/oem7/odom,39.663,-75.756,-1.801266516,0.003371867,-0.000400969,0.001275059,0.003121492,-0.000400969,,,
1786043749376037384,1786043749.375616526,/novatel/oem7/odom,/novatel/oem7/fix,/novatel/oem7/odom,39.663,-75.756,-1.801266516,0.003371867,-0.000400969,0.001275059,0.003121492,-0.000400969,,,
1786043749385668913,1786043749.385328637,/novatel/oem7/inspva,/novatel/oem7/inspva,/novatel/oem7/inspva,39.663,-75.756,-1.801270598,0.002604006,-0.001059056,0.002530522,0.000614252,-0.001059056,,novatel_oem7_msgs.msg.InertialSolutionStatus(status=3),
1786043749386281627,1786043749.385514655,/novatel/oem7/fix,/novatel/oem7/fix,/novatel/oem7/inspva,39.663,-75.756,-1.801270598,0.002604006,-0.001059056,0.002530522,0.000614252,-0.001059056,,0,
1786043749386770984,1786043749.385889902,/novatel/oem7/odom,/novatel/oem7/fix,/novatel/oem7/odom,39.663,-75.756,-1.801270598,0.002607769,-0.001049755,0.000743080,0.002499658,-0.001049755,,,
1786043749396415378,1786043749.395503555,/novatel/oem7/odom,/novatel/oem7/fix,/novatel/oem7/odom,39.663,-75.756,-1.801270598,0.002607769,-0.001049755,0.000743080,0.002499658,-0.001049755,,,
1786043749406830072,1786043749.406286779,/novatel/oem7/inspva,/novatel/oem7/inspva,/novatel/oem7/inspva,39.663,-75.756,-1.801278896,0.001601603,-0.001899845,0.000894699,0.001328400,-0.001899845,,novatel_oem7_msgs.msg.InertialSolutionStatus(status=3),
1786043749408145068,1786043749.406500825,/novatel/oem7/fix,/novatel/oem7/fix,/novatel/oem7/inspva,39.663,-75.756,-1.801278896,0.001601603,-0.001899845,0.000894699,0.001328400,-0.001899845,,0,
1786043749409184332,1786043749.407155922,/novatel/oem7/odom,/novatel/oem7/fix,/novatel/oem7/odom,39.663,-75.756,-1.801278896,0.001610165,-0.001892594,0.001378183,0.000832612,-0.001892594,,,
1786043749411003870,1786043749.410133838,/novatel/oem7/bestpos,/novatel/oem7/bestpos,/novatel/oem7/odom,39.663,-75.756,33.181163206,0.001610165,-0.001892594,0.001378183,0.000832612,-0.001892594,,novatel_oem7_msgs.msg.SolutionStatus(status=0),novatel_oem7_msgs.msg.PositionOrVelocityType(type=53)
1786043749412376220,1786043749.410720664,/novatel/oem7/bestvel,/novatel/oem7/bestpos,/novatel/oem7/bestvel,39.663,-75.756,33.181163206,0.000786964,-0.001117718,,,,355.069011657,novatel_oem7_msgs.msg.SolutionStatus(status=0),novatel_oem7_msgs.msg.PositionOrVelocityType(type=53)
1786043749415590019,1786043749.414954997,/novatel/oem7/odom,/novatel/oem7/bestpos,/novatel/oem7/odom,39.663,-75.756,33.181163206,0.001610165,-0.001892594,0.001378183,0.000832612,-0.001892594,,,
1786043749426463765,1786043749.425952260,/novatel/oem7/inspva,/novatel/oem7/inspva,/novatel/oem7/inspva,39.663,-75.756,-1.801278102,0.002512623,-0.000315496,0.001012191,0.002299727,-0.000315496,,novatel_oem7_msgs.msg.InertialSolutionStatus(status=3),
1786043749427759974,1786043749.426118771,/novatel/oem7/fix,/novatel/oem7/fix,/novatel/oem7/inspva,39.663,-75.756,-1.801278102,0.002512623,-0.000315496,0.001012191,0.002299727,-0.000315496,,0,
1786043749428783841,1786043749.426412204,/novatel/oem7/odom,/novatel/oem7/fix,/novatel/oem7/odom,39.663,-75.756,-1.801278102,0.002513979,-0.000304502,0.002348277,0.000897600,-0.000304502,,,
1786043749435281099,1786043749.434576366,/novatel/oem7/odom,/novatel/oem7/fix,/novatel/oem7/odom,39.663,-75.756,-1.801278102,0.002513979,-0.000304502,0.002348277,0.000897600,-0.000304502,,,
1786043749445728951,1786043749.445217476,/novatel/oem7/inspva,/novatel/oem7/inspva,/novatel/oem7/inspva,39.663,-75.756,-1.801288072,0.003103148,0.000014421,0.002877224,0.001162374,0.000014421,,novatel_oem7_msgs.msg.InertialSolutionStatus(status=3),
1786043749447021657,1786043749.445388497,/novatel/oem7/fix,/novatel/oem7/fix,/novatel/oem7/inspva,39.663,-75.756,-1.801288072,0.003103148,0.000014421,0.002877224,0.001162374,0.000014421,,0,
1786043749448049611,1786043749.445732844,/novatel/oem7/odom,/novatel/oem7/fix,/novatel/oem7/odom,39.663,-75.756,-1.801288072,0.003103067,0.000026698,0.001303700,0.002815918,0.000026698,,,
1786043749457224063,1786043749.456587773,/novatel/oem7/odom,/novatel/oem7/fix,/novatel/oem7/odom,39.663,-75.756,-1.801288072,0.003103067,0.000026698,0.001303700,0.002815918,0.000026698,,,
1786043749467203809,1786043749.465355710,/novatel/oem7/inspva,/novatel/oem7/inspva,/novatel/oem7/inspva,39.663,-75.756,-1.801300583,0.002783726,-0.001137592,0.002767910,0.000296313,-0.001137592,,novatel_oem7_msgs.msg.InertialSolutionStatus(status=3),
1786043749468573789,1786043749.465579876,/novatel/oem7/fix,/novatel/oem7/fix,/novatel/oem7/inspva,39.663,-75.756,-1.801300583,0.002783726,-0.001137592,0.002767910,0.000296313,-0.001137592,,0,
1786043749469606290,1786043749.466733622,/novatel/oem7/odom,/novatel/oem7/fix,/novatel/oem7/odom,39.663,-75.756,-1.801300583,0.003103067,0.000026681,0.001303667,0.002815933,0.000026681,,,
1786043749475075077,1786043749.474380311,/novatel/oem7/odom,/novatel/oem7/fix,/novatel/oem7/odom,39.663,-75.756,-1.801300583,0.002787338,-0.001128712,0.000437513,0.002752787,-0.001128712,,,
1786043749486790198,1786043749.486267663,/novatel/oem7/inspva,/novatel/oem7/inspva,/novatel/oem7/inspva,39.663,-75.756,-1.801325483,0.002198568,-0.002645347,0.001720366,0.001368956,-0.002645347,,novatel_oem7_msgs.msg.InertialSolutionStatus(status=3),
1786043749488081254,1786043749.486455818,/novatel/oem7/fix,/novatel/oem7/fix,/novatel/oem7/inspva,39.663,-75.756,-1.801325483,0.002198568,-0.002645347,0.001720366,0.001368956,-0.002645347,,0,
1786043749489111968,1786043749.487007721,/novatel/oem7/odom,/novatel/oem7/fix,/novatel/oem7/odom,39.663,-75.756,-1.801325483,0.002210176,-0.002635656,0.001462313,0.001657262,-0.002635656,,,
1786043749496060391,1786043749.495376961,/novatel/oem7/odom,/novatel/oem7/fix,/novatel/oem7/odom,39.663,-75.756,-1.801325483,0.002210176,-0.002635656,0.001462313,0.001657262,-0.002635656,,,
1786043749506629773,1786043749.506087205,/novatel/oem7/inspva,/novatel/oem7/inspva,/novatel/oem7/inspva,39.663,-75.756,-1.801328317,0.001966551,-0.001700991,0.001180678,0.001572680,-0.001700991,,novatel_oem7_msgs.msg.InertialSolutionStatus(status=3),
1786043749507945486,1786043749.506262746,/novatel/oem7/fix,/novatel/oem7/fix,/novatel/oem7/inspva,39.663,-75.756,-1.801328317,0.001966551,-0.001700991,0.001180678,0.001572680,-0.001700991,,0,
1786043749517032124,1786043749.506647597,/novatel/oem7/odom,/novatel/oem7/fix,/novatel/oem7/odom,39.663,-75.756,-1.801328317,0.001974215,-0.001692090,0.001635526,0.001105703,-0.001692090,,,
1786043749518543996,1786043749.511393661,/novatel/oem7/bestpos,/novatel/oem7/bestpos,/novatel/oem7/odom,39.663,-75.756,33.181108880,0.001974215,-0.001692090,0.001635526,0.001105703,-0.001692090,,novatel_oem7_msgs.msg.SolutionStatus(status=0),novatel_oem7_msgs.msg.PositionOrVelocityType(type=53)
1786043749519475285,1786043749.512349377,/novatel/oem7/bestvel,/novatel/oem7/bestpos,/novatel/oem7/bestvel,39.663,-75.756,33.181108880,0.001604292,-0.001229311,,,,6.778816743,novatel_oem7_msgs.msg.SolutionStatus(status=0),novatel_oem7_msgs.msg.PositionOrVelocityType(type=53)
1786043749520516329,1786043749.515406775,/novatel/oem7/odom,/novatel/oem7/bestpos,/novatel/oem7/odom,39.663,-75.756,33.181108880,0.001974215,-0.001692090,0.001635526,0.001105703,-0.001692090,,,
1786043749527030127,1786043749.526498039,/novatel/oem7/inspva,/novatel/oem7/inspva,/novatel/oem7/inspva,39.663,-75.756,-1.801334222,0.002485586,0.000413722,0.001954456,0.001535655,0.000413722,,novatel_oem7_msgs.msg.InertialSolutionStatus(status=3),
1786043749528366071,1786043749.526670450,/novatel/oem7/fix,/novatel/oem7/fix,/novatel/oem7/inspva,39.663,-75.756,-1.801334222,0.002485586,0.000413722,0.001954456,0.001535655,0.000413722,,0,
1786043749529403478,1786043749.526984774,/novatel/oem7/odom,/novatel/oem7/fix,/novatel/oem7/odom,39.663,-75.756,-1.801334222,0.002483728,0.000424729,0.001629175,0.001874752,0.000424729,,,
1786043749535344134,1786043749.534637720,/novatel/oem7/odom,/novatel/oem7/fix,/novatel/oem7/odom,39.663,-75.756,-1.801334222,0.002483728,0.000424729,0.001629175,0.001874752,0.000424729,,,
1786043749545538069,1786043749.544954187,/novatel/oem7/inspva,/novatel/oem7/inspva,/novatel/oem7/inspva,39.663,-75.756,-1.801357684,0.002531222,-0.000562662,0.002457452,0.000606642,-0.000562662,,novatel_oem7_msgs.msg.InertialSolutionStatus(status=3),
1786043749546846989,1786043749.545160912,/novatel/oem7/fix,/novatel/oem7/fix,/novatel/oem7/inspva,39.663,-75.756,-1.801357684,0.002531222,-0.000562662,0.002457452,0.000606642,-0.000562662,,0,
1786043749547899463,1786043749.545475996,/novatel/oem7/odom,/novatel/oem7/fix,/novatel/oem7/odom,39.663,-75.756,-1.801357684,0.002533224,-0.000553582,0.000729847,0.002425808,-0.000553582,,,
1786043749556582653,1786043749.555919520,/novatel/oem7/odom,/novatel/oem7/fix,/novatel/oem7/odom,39.663,-75.756,-1.801357684,0.002533224,-0.000553582,0.000729847,0.002425808,-0.000553582,,,
1786043749565902353,1786043749.565280567,/novatel/oem7/inspva,/novatel/oem7/inspva,/novatel/oem7/inspva,39.663,-75.756,-1.801384051,0.002255878,-0.002417079,0.002056904,0.000926354,-0.002417079,,novatel_oem7_msgs.msg.InertialSolutionStatus(status=3),
1786043749567643144,1786043749.565496439,/novatel/oem7/fix,/novatel/oem7/fix,/novatel/oem7/inspva,39.663,-75.756,-1.801384051,0.002255878,-0.002417079,0.002056904,0.000926354,-0.002417079,,0,
1786043749568752025,1786043749.566170309,/novatel/oem7/odom,/novatel/oem7/fix,/novatel/oem7/odom,39.663,-75.756,-1.801384051,0.002265524,-0.002408040,0.001035935,0.002014804,-0.002408040,,,
1786043749575560516,1786043749.574937024,/novatel/oem7/odom,/novatel/oem7/fix,/novatel/oem7/odom,39.663,-75.756,-1.801384051,0.002265524,-0.002408040,0.001035935,0.002014804,-0.002408040,,,
1786043749586636157,1786043749.586004704,/novatel/oem7/inspva,/novatel/oem7/inspva,/novatel/oem7/inspva,39.663,-75.756,-1.801386354,0.001832746,-0.001844540,0.001448187,0.001123259,-0.001844540,,novatel_oem7_msgs.msg.InertialSolutionStatus(status=3),
1786043749587945464,1786043749.586320300,/novatel/oem7/fix,/novatel/oem7/fix,/novatel/oem7/inspva,39.663,-75.756,-1.801386354,0.001832746,-0.001844540,0.001448187,0.001123259,-0.001844540,,0,
1786043749588972144,1786043749.586757545,/novatel/oem7/odom,/novatel/oem7/fix,/novatel/oem7/odom,39.663,-75.756,-1.801386354,0.001840799,-0.001836504,0.001200380,0.001395575,-0.001836504,,,
1786043749595013217,1786043749.594348758,/novatel/oem7/odom,/novatel/oem7/fix,/novatel/oem7/odom,39.663,-75.756,-1.801386354,0.001840799,-0.001836504,0.001200380,0.001395575,-0.001836504,,,
1786043749607229246,1786043749.606712072,/novatel/oem7/inspva,/novatel/oem7/inspva,/novatel/oem7/inspva,39.663,-75.756,-1.801376348,0.001921472,0.000825899,0.001260075,0.001450608,0.000825899,,novatel_oem7_msgs.msg.InertialSolutionStatus(status=3),
1786043749608563660,1786043749.606793165,/novatel/oem7/fix,/novatel/oem7/fix,/novatel/oem7/inspva,39.663,-75.756,-1.801376348,0.001921472,0.000825899,0.001260075,0.001450608,0.000825899,,0,
1786043749609626624,1786043749.607298247,/novatel/oem7/odom,/novatel/oem7/fix,/novatel/oem7/odom,39.663,-75.756,-1.801376348,0.001917717,0.000834581,0.001508267,0.001184385,0.000834581,,,
1786043749611022828,1786043749.610183793,/novatel/oem7/bestpos,/novatel/oem7/bestpos,/novatel/oem7/odom,39.663,-75.756,33.181055679,0.001917717,0.000834581,0.001508267,0.001184385,0.000834581,,novatel_oem7_msgs.msg.SolutionStatus(status=0),novatel_oem7_msgs.msg.PositionOrVelocityType(type=53)
1786043749612376918,1786043749.610613517,/novatel/oem7/bestvel,/novatel/oem7/bestpos,/novatel/oem7/bestvel,39.663,-75.756,33.181055679,0.002484043,0.000385416,,,,46.966843104,novatel_oem7_msgs.msg.SolutionStatus(status=0),novatel_oem7_msgs.msg.PositionOrVelocityType(type=53)
1786043749616032901,1786043749.615383205,/novatel/oem7/odom,/novatel/oem7/bestpos,/novatel/oem7/odom,39.663,-75.756,33.181055679,0.001917717,0.000834581,0.001508267,0.001184385,0.000834581,,,
1786043749625718125,1786043749.625196743,/novatel/oem7/inspva,/novatel/oem7/inspva,/novatel/oem7/inspva,39.663,-75.756,-1.801392870,0.002247073,0.000265821,0.001950650,0.001115481,0.000265821,,novatel_oem7_msgs.msg.InertialSolutionStatus(status=3),
1786043749627008274,1786043749.625337692,/novatel/oem7/fix,/novatel/oem7/fix,/novatel/oem7/inspva,39.663,-75.756,-1.801392870,0.002247073,0.000265821,0.001950650,0.001115481,0.000265821,,0,
1786043749628038385,1786043749.625631955,/novatel/oem7/odom,/novatel/oem7/fix,/novatel/oem7/odom,39.663,-75.756,-1.801392870,0.002245934,0.000275271,0.001209844,0.001892220,0.000275271,,,
1786043749635249214,1786043749.634589773,/novatel/oem7/odom,/novatel/oem7/fix,/novatel/oem7/odom,39.663,-75.756,-1.801392870,0.002245934,0.000275271,0.001209844,0.001892220,0.000275271,,,
1786043749647234517,1786043749.646711805,/novatel/oem7/inspva,/novatel/oem7/inspva,/novatel/oem7/inspva,39.663,-75.756,-1.801426722,0.002665287,-0.002628586,0.002659029,0.000182532,-0.002628586,,novatel_oem7_msgs.msg.InertialSolutionStatus(status=3),
1786043749648570010,1786043749.646860296,/novatel/oem7/fix,/novatel/oem7/fix,/novatel/oem7/inspva,39.663,-75.756,-1.801426722,0.002665287,-0.002628586,0.002659029,0.000182532,-0.002628586,,0,
1786043749649628561,1786043749.647246857,/novatel/oem7/odom,/novatel/oem7/fix,/novatel/oem7/odom,39.663,-75.756,-1.801426722,0.002673295,-0.002620442,0.000323682,0.002653627,-0.002620442,,,
1786043749656769462,1786043749.656128729,/novatel/oem7/odom,/novatel/oem7/fix,/novatel/oem7/odom,39.663,-75.756,-1.801426722,0.002673295,-0.002620442,0.000323682,0.002653627,-0.002620442,,,
1786043749665769002,1786043749.665058302,/novatel/oem7/inspva,/novatel/oem7/inspva,/novatel/oem7/inspva,39.663,-75.756,-1.801431865,0.002467061,-0.002207469,0.002332345,0.000804090,-0.002207469,,novatel_oem7_msgs.msg.InertialSolutionStatus(status=3),
1786043749667387761,1786043749.665264827,/novatel/oem7/fix,/novatel/oem7/fix,/novatel/oem7/inspva,39.663,-75.756,-1.801431865,0.002467061,-0.002207469,0.002332345,0.000804090,-0.002207469,,0,
1786043749668472759,1786043749.665749472,/novatel/oem7/odom,/novatel/oem7/fix,/novatel/oem7/odom,39.663,-75.756,-1.801431865,0.002475453,-0.002198055,0.000926667,0.002295464,-0.002198055,,,
1786043749675307798,1786043749.674675411,/novatel/oem7/odom,/novatel/oem7/fix,/novatel/oem7/odom,39.663,-75.756,-1.801431865,0.002475453,-0.002198055,0.000926667,0.002295464,-0.002198055,,,
1786043749685849860,1786043749.685356845,/novatel/oem7/inspva,/novatel/oem7/inspva,/novatel/oem7/inspva,39.663,-75.756,-1.801441440,0.002293887,-0.000926459,0.000724156,0.002176584,-0.000926459,,novatel_oem7_msgs.msg.InertialSolutionStatus(status=3),
1786043749687151139,1786043749.685537463,/novatel/oem7/fix,/novatel/oem7/fix,/novatel/oem7/inspva,39.663,-75.756,-1.801441440,0.002293887,-0.000926459,0.000724156,0.002176584,-0.000926459,,0,
1786043749688201613,1786043749.686139909,/novatel/oem7/odom,/novatel/oem7/fix,/novatel/oem7/odom,39.663,-75.756,-1.801441440,0.002297781,-0.000916759,0.002213165,0.000617818,-0.000916759,,,
1786043749695865296,1786043749.695226697,/novatel/oem7/odom,/novatel/oem7/fix,/novatel/oem7/odom,39.663,-75.756,-1.801441440,0.002297781,-0.000916759,0.002213165,0.000617818,-0.000916759,,,
1786043749706358445,1786043749.705872090,/novatel/oem7/inspva,/novatel/oem7/inspva,/novatel/oem7/inspva,39.663,-75.756,-1.801458707,0.001905406,-0.000284881,0.001521169,0.001147439,-0.000284881,,novatel_oem7_msgs.msg.InertialSolutionStatus(status=3),
1786043749707670914,1786043749.706035958,/novatel/oem7/fix,/novatel/oem7/fix,/novatel/oem7/inspva,39.663,-75.756,-1.801458707,0.001905406,-0.000284881,0.001521169,0.001147439,-0.000284881,,0,
1786043749708704922,1786043749.706558507,/novatel/oem7/odom,/novatel/oem7/fix,/novatel/oem7/odom,39.663,-75.756,-1.801458707,0.001906639,-0.000276508,0.001222453,0.001463175,-0.000276508,,,
1786043749710105906,1786043749.709350948,/novatel/oem7/bestpos,/novatel/oem7/bestpos,/novatel/oem7/odom,39.663,-75.756,33.180969573,0.001906639,-0.000276508,0.001222453,0.001463175,-0.000276508,,novatel_oem7_msgs.msg.SolutionStatus(status=0),novatel_oem7_msgs.msg.PositionOrVelocityType(type=53)
1786043749711480253,1786043749.710040012,/novatel/oem7/bestvel,/novatel/oem7/bestpos,/novatel/oem7/bestvel,39.663,-75.756,33.180969573,0.002568269,-0.000740305,,,,27.025763919,novatel_oem7_msgs.msg.SolutionStatus(status=0),novatel_oem7_msgs.msg.PositionOrVelocityType(type=53)
1786043749714983658,1786043749.714338125,/novatel/oem7/odom,/novatel/oem7/bestpos,/novatel/oem7/odom,39.663,-75.756,33.180969573,0.001906639,-0.000276508,0.001222453,0.001463175,-0.000276508,,,
1786043749725666741,1786043749.725170369,/novatel/oem7/inspva,/novatel/oem7/inspva,/novatel/oem7/inspva,39.663,-75.756,-1.801501493,0.003518189,-0.002433747,0.003516241,0.000117059,-0.002433747,,novatel_oem7_msgs.msg.InertialSolutionStatus(status=3),
1786043749726958397,1786043749.725327285,/novatel/oem7/fix,/novatel/oem7/fix,/novatel/oem7/inspva,39.663,-75.756,-1.801501493,0.003518189,-0.002433747,0.003516241,0.000117059,-0.002433747,,0,
1786043749728190587,1786043749.725991231,/novatel/oem7/odom,/novatel/oem7/fix,/novatel/oem7/odom,39.663,-75.756,-1.801501493,0.003525381,-0.002423317,0.000299989,0.003512594,-0.002423317,,,
1786043749736027952,1786043749.735385332,/novatel/oem7/odom,/novatel/oem7/fix,/novatel/oem7/odom,39.663,-75.756,-1.801501493,0.003525381,-0.002423317,0.000299989,0.003512594,-0.002423317,,,
1786043749745399866,1786043749.744916007,/novatel/oem7/inspva,/novatel/oem7/inspva,/novatel/oem7/inspva,39.663,-75.756,-1.801514123,0.003008625,-0.002391476,0.003008559,-0.000019919,-0.002391476,,novatel_oem7_msgs.msg.InertialSolutionStatus(status=3),
1786043749746701192,1786043749.745088599,/novatel/oem7/fix,/novatel/oem7/fix,/novatel/oem7/inspva,39.663,-75.756,-1.801514123,0.003008625,-0.002391476,0.003008559,-0.000019919,-0.002391476,,0,
1786043749747729069,1786043749.745610961,/novatel/oem7/odom,/novatel/oem7/fix,/novatel/oem7/odom,39.663,-75.756,-1.801514123,0.003015368,-0.002382968,0.000137868,0.003012215,-0.002382968,,,
1786043749756193080,1786043749.755562240,/novatel/oem7/odom,/novatel/oem7/fix,/novatel/oem7/odom,39.663,-75.756,-1.801514123,0.003015368,-0.002382968,0.000137868,0.003012215,-0.002382968,,,
1786043749767012965,1786043749.766502197,/novatel/oem7/inspva,/novatel/oem7/inspva,/novatel/oem7/inspva,39.663,-75.756,-1.801517557,0.001640069,-0.000627788,0.001148899,0.001170409,-0.000627788,,novatel_oem7_msgs.msg.InertialSolutionStatus(status=3),
1786043749768322378,1786043749.766670352,/novatel/oem7/fix,/novatel/oem7/fix,/novatel/oem7/inspva,39.663,-75.756,-1.801517557,0.001640069,-0.000627788,0.001148899,0.001170409,-0.000627788,,0,
1786043749769366272,1786043749.767179960,/novatel/oem7/odom,/novatel/oem7/fix,/novatel/oem7/odom,39.663,-75.756,-1.801517557,0.001642871,-0.000620419,0.001228167,0.001091160,-0.000620419,,,
1786043749775384259,1786043749.774647011,/novatel/oem7/odom,/novatel/oem7/fix,/novatel/oem7/odom,39.663,-75.756,-1.801517557,0.001642871,-0.000620419,0.001228167,0.001091160,-0.000620419,,,
1786043749785843363,1786043749.785213594,/novatel/oem7/inspva,/novatel/oem7/inspva,/novatel/oem7/inspva,39.663,-75.756,-1.801536464,0.002195160,-0.000535879,0.001439435,0.001657333,-0.000535879,,novatel_oem7_msgs.msg.InertialSolutionStatus(status=3),
1786043749787209574,1786043749.785381906,/novatel/oem7/fix,/novatel/oem7/fix,/novatel/oem7/inspva,39.663,-75.756,-1.801536464,0.002195160,-0.000535879,0.001439435,0.001657333,-0.000535879,,0,
1786043749788228974,1786043749.785802813,/novatel/oem7/odom,/novatel/oem7/fix,/novatel/oem7/odom,39.663,-75.756,-1.801536464,0.002197561,-0.000525947,0.001728542,0.001356989,-0.000525947,,,
1786043749795336018,1786043749.794630868,/novatel/oem7/odom,/novatel/oem7/fix,/novatel/oem7/odom,39.663,-75.756,-1.801536464,0.002197561,-0.000525947,0.001728542,0.001356989,-0.000525947,,,
1786043749806793163,1786043749.806198771,/novatel/oem7/inspva,/novatel/oem7/inspva,/novatel/oem7/inspva,39.663,-75.756,-1.801554407,0.003035366,-0.000460031,0.003016255,0.000340081,-0.000460031,,novatel_oem7_msgs.msg.InertialSolutionStatus(status=3),
1786043749808177914,1786043749.806270967,/novatel/oem7/fix,/novatel/oem7/fix,/novatel/oem7/inspva,39.663,-75.756,-1.801554407,0.003035366,-0.000460031,0.003016255,0.000340081,-0.000460031,,0,
1786043749809206337,1786043749.807026312,/novatel/oem7/odom,/novatel/oem7/fix,/novatel/oem7/odom,39.663,-75.756,-1.801554407,0.003036841,-0.000450192,0.000490780,0.002996921,-0.000450192,,,
1786043749810682092,1786043749.810100742,/novatel/oem7/bestpos,/novatel/oem7/bestpos,/novatel/oem7/odom,39.663,-75.756,33.180863212,0.003036841,-0.000450192,0.000490780,0.002996921,-0.000450192,,novatel_oem7_msgs.msg.SolutionStatus(status=0),novatel_oem7_msgs.msg.PositionOrVelocityType(type=53)
1786043749812051432,1786043749.810548835,/novatel/oem7/bestvel,/novatel/oem7/bestpos,/novatel/oem7/bestvel,39.663,-75.756,33.180863212,0.003512529,-0.001073066,,,,20.285031726,novatel_oem7_msgs.msg.SolutionStatus(status=0),novatel_oem7_msgs.msg.PositionOrVelocityType(type=53)
1786043749815499120,1786043749.814822636,/novatel/oem7/odom,/novatel/oem7/bestpos,/novatel/oem7/odom,39.663,-75.756,33.180863212,0.003036841,-0.000450192,0.000490780,0.002996921,-0.000450192,,,
1786043749826590104,1786043749.826050999,/novatel/oem7/inspva,/novatel/oem7/inspva,/novatel/oem7/inspva,39.663,-75.756,-1.801569253,0.003321584,-0.001400738,0.003315082,-0.000207740,-0.001400738,,novatel_oem7_msgs.msg.InertialSolutionStatus(status=3),
1786043749828173377,1786043749.826122254,/novatel/oem7/fix,/novatel/oem7/fix,/novatel/oem7/inspva,39.663,-75.756,-1.801569253,0.003321584,-0.001400738,0.003315082,-0.000207740,-0.001400738,,0,
1786043749829360986,1786043749.826658822,/novatel/oem7/odom,/novatel/oem7/fix,/novatel/oem7/odom,39.663,-75.756,-1.801569253,0.003325271,-0.001391963,-0.000038225,0.003325051,-0.001391963,,,
1786043749835150684,1786043749.834480750,/novatel/oem7/odom,/novatel/oem7/fix,/novatel/oem7/odom,39.663,-75.756,-1.801569253,0.003325271,-0.001391963,-0.000038225,0.003325051,-0.001391963,,,
1786043749845736543,1786043749.845187501,/novatel/oem7/inspva,/novatel/oem7/inspva,/novatel/oem7/inspva,39.663,-75.756,-1.801575802,0.001453114,-0.001316128,0.001319356,0.000608967,-0.001316128,,novatel_oem7_msgs.msg.InertialSolutionStatus(status=3),
1786043749847100056,1786043749.845259405,/novatel/oem7/fix,/novatel/oem7/fix,/novatel/oem7/inspva,39.663,-75.756,-1.801575802,0.001453114,-0.001316128,0.001319356,0.000608967,-0.001316128,,0,
1786043749848125036,1786043749.845692949,/novatel/oem7/odom,/novatel/oem7/fix,/novatel/oem7/odom,39.663,-75.756,-1.801575802,0.001458444,-0.001310220,0.000678307,0.001291107,-0.001310220,,,
1786043749856939595,1786043749.856252178,/novatel/oem7/odom,/novatel/oem7/fix,/novatel/oem7/odom,39.663,-75.756,-1.801575802,0.001458444,-0.001310220,0.000678307,0.001291107,-0.001310220,,,
1786043749865512714,1786043749.864940558,/novatel/oem7/inspva,/novatel/oem7/inspva,/novatel/oem7/inspva,39.663,-75.756,-1.801590473,0.001921647,-0.001275815,0.001602905,0.001059916,-0.001275815,,novatel_oem7_msgs.msg.InertialSolutionStatus(status=3),
1786043749866888027,1786043749.865095179,/novatel/oem7/fix,/novatel/oem7/fix,/novatel/oem7/inspva,39.663,-75.756,-1.801590473,0.001921647,-0.001275815,0.001602905,0.001059916,-0.001275815,,0,
1786043749867924625,1786043749.865569441,/novatel/oem7/odom,/novatel/oem7/fix,/novatel/oem7/odom,39.663,-75.756,-1.801590473,0.001927132,-0.001267515,0.001142579,0.001551886,-0.001267515,,,
1786043749875092079,1786043749.874365882,/novatel/oem7/odom,/novatel/oem7/fix,/novatel/oem7/odom,39.663,-75.756,-1.801590473,0.001927132,-0.001267515,0.001142579,0.001551886,-0.001267515,,,
1786043749886964305,1786043749.886467558,/novatel/oem7/inspva,/novatel/oem7/inspva,/novatel/oem7/inspva,39.663,-75.756,-1.801604399,0.002810208,-0.000203377,0.002510791,0.001262220,-0.000203377,,novatel_oem7_msgs.msg.InertialSolutionStatus(status=3),
1786043749888331559,1786043749.886572311,/novatel/oem7/fix,/novatel/oem7/fix,/novatel/oem7/inspva,39.663,-75.756,-1.801604399,0.002810208,-0.000203377,0.002510791,0.001262220,-0.000203377,,0,
1786043749889345676,1786043749.887063486,/novatel/oem7/odom,/novatel/oem7/fix,/novatel/oem7/odom,39.663,-75.756,-1.801604399,0.002811026,-0.000191741,0.001385713,0.002445745,-0.000191741,,,
1786043749895919282,1786043749.894909111,/novatel/oem7/odom,/novatel/oem7/fix,/novatel/oem7/odom,39.663,-75.756,-1.801604399,0.002811026,-0.000191741,0.001385713,0.002445745,-0.000191741,,,
1786043749906380222,1786043749.905808477,/novatel/oem7/inspva,/novatel/oem7/inspva,/novatel/oem7/inspva,39.663,-75.756,-1.801631388,0.003244158,-0.000888523,0.003244109,-0.000017749,-0.000888523,,novatel_oem7_msgs.msg.InertialSolutionStatus(status=3),
1786043749907770636,1786043749.905970492,/novatel/oem7/fix,/novatel/oem7/fix,/novatel/oem7/inspva,39.663,-75.756,-1.801631388,0.003244158,-0.000888523,0.003244109,-0.000017749,-0.000888523,,0,
1786043749908805964,1786043749.906467063,/novatel/oem7/odom,/novatel/oem7/fix,/novatel/oem7/odom,39.663,-75.756,-1.801631388,0.003246666,-0.000879315,0.000146099,0.003243377,-0.000879315,,,
1786043749910274448,1786043749.909442015,/novatel/oem7/bestpos,/novatel/oem7/bestpos,/novatel/oem7/odom,39.663,-75.756,33.180784748,0.003246666,-0.000879315,0.000146099,0.003243377,-0.000879315,,novatel_oem7_msgs.msg.SolutionStatus(status=0),novatel_oem7_msgs.msg.PositionOrVelocityType(type=53)
1786043749911651885,1786043749.910147424,/novatel/oem7/bestvel,/novatel/oem7/bestpos,/novatel/oem7/bestvel,39.663,-75.756,33.180784748,0.003407680,-0.001617483,,,,31.622365420,novatel_oem7_msgs.msg.SolutionStatus(status=0),novatel_oem7_msgs.msg.PositionOrVelocityType(type=53)
1786043749915276421,1786043749.914585795,/novatel/oem7/odom,/novatel/oem7/bestpos,/novatel/oem7/odom,39.663,-75.756,33.180784748,0.003246666,-0.000879315,0.000146099,0.003243377,-0.000879315,,,
1786043749925827347,1786043749.925207291,/novatel/oem7/inspva,/novatel/oem7/inspva,/novatel/oem7/inspva,39.663,-75.756,-1.801672542,0.002087200,-0.003497692,0.002021518,-0.000519490,-0.003497692,,novatel_oem7_msgs.msg.InertialSolutionStatus(status=3),
1786043749927232731,1786043749.925373849,/novatel/oem7/fix,/novatel/oem7/fix,/novatel/oem7/inspva,39.663,-75.756,-1.801672542,0.002087200,-0.003497692,0.002021518,-0.000519490,-0.003497692,,0,
1786043749928669409,1786043749.926008306,/novatel/oem7/odom,/novatel/oem7/fix,/novatel/oem7/odom,39.663,-75.756,-1.801672542,0.002093879,-0.003493698,-0.000406250,0.002054091,-0.003493698,,,
1786043749935557171,1786043749.934821591,/novatel/oem7/odom,/novatel/oem7/fix,/novatel/oem7/odom,39.663,-75.756,-1.801672542,0.002093879,-0.003493698,-0.000406250,0.002054091,-0.003493698,,,
1786043749946720316,1786043749.946016863,/novatel/oem7/inspva,/novatel/oem7/inspva,/novatel/oem7/inspva,39.663,-75.756,-1.801686026,0.002362124,-0.002455141,0.001996032,0.001263125,-0.002455141,,novatel_oem7_msgs.msg.InertialSolutionStatus(status=3),
1786043749948027533,1786043749.946147933,/novatel/oem7/fix,/novatel/oem7/fix,/novatel/oem7/inspva,39.663,-75.756,-1.801686026,0.002362124,-0.002455141,0.001996032,0.001263125,-0.002455141,,0,
1786043749949050656,1786043749.946580005,/novatel/oem7/odom,/novatel/oem7/fix,/novatel/oem7/odom,39.663,-75.756,-1.801686026,0.002372569,-0.002445049,0.001369138,0.001937664,-0.002445049,,,
1786043749956575255,1786043749.955864897,/novatel/oem7/odom,/novatel/oem7/fix,/novatel/oem7/odom,39.663,-75.756,-1.801686026,0.002372569,-0.002445049,0.001369138,0.001937664,-0.002445049,,,
1786043749965795351,1786043749.965166962,/novatel/oem7/inspva,/novatel/oem7/inspva,/novatel/oem7/inspva,39.663,-75.756,-1.801692357,0.002681716,0.000218690,0.002615902,0.000590472,0.000218690,,novatel_oem7_msgs.msg.InertialSolutionStatus(status=3),
1786043749967136127,1786043749.965240263,/novatel/oem7/fix,/novatel/oem7/fix,/novatel/oem7/inspva,39.663,-75.756,-1.801692357,0.002681716,0.000218690,0.002615902,0.000590472,0.000218690,,0,
1786043749968164057,1786043749.965738960,/novatel/oem7/odom,/novatel/oem7/fix,/novatel/oem7/odom,39.663,-75.756,-1.801692357,0.002680916,0.000228289,0.000718335,0.002582887,0.000228289,,,
1786043749976168291,1786043749.975449807,/novatel/oem7/odom,/novatel/oem7/fix,/novatel/oem7/odom,39.663,-75.756,-1.801692357,0.002680916,0.000228289,0.000718335,0.002582887,0.000228289,,,
1786043749985727470,1786043749.985125314,/novatel/oem7/inspva,/novatel/oem7/inspva,/novatel/oem7/inspva,39.663,-75.756,-1.801717602,0.003438076,-0.000374277,0.003383107,0.000612338,-0.000374277,,novatel_oem7_msgs.msg.InertialSolutionStatus(status=3),
1786043749987071897,1786043749.985294526,/novatel/oem7/fix,/novatel/oem7/fix,/novatel/oem7/inspva,39.663,-75.756,-1.801717602,0.003438076,-0.000374277,0.003383107,0.000612338,-0.000374277,,0,
1786043749988101207,1786043749.985718673,/novatel/oem7/odom,/novatel/oem7/fix,/novatel/oem7/odom,39.663,-75.756,-1.801717602,0.003439347,-0.000362413,0.000780265,0.003349671,-0.000362413,,,
1786043749995066310,1786043749.994364720,/novatel/oem7/odom,/novatel/oem7/fix,/novatel/oem7/odom,39.663,-75.756,-1.801717602,0.003439347,-0.000362413,0.000780265,0.003349671,-0.000362413,,,
1786043750008973796,1786043750.008379119,/novatel/oem7/inspva,/novatel/oem7/inspva,/novatel/oem7/inspva,39.663,-75.756,-1.801753876,0.003277326,-0.002687409,0.003267147,-0.000258104,-0.002687409,,novatel_oem7_msgs.msg.InertialSolutionStatus(status=3),
1786043750010296232,1786043750.008457394,/novatel/oem7/fix,/novatel/oem7/fix,/novatel/oem7/inspva,39.663,-75.756,-1.801753876,0.003277326,-0.002687409,0.003267147,-0.000258104,-0.002687409,,0,
1786043750011906982,1786043750.011135880,/novatel/oem7/odom,/novatel/oem7/fix,/novatel/oem7/odom,39.663,-75.756,-1.801753876,0.003284235,-0.002678961,-0.000086482,0.003283096,-0.002678961,,,
1786043750016856395,1786043750.016185185,/novatel/oem7/odom,/novatel/oem7/fix,/novatel/oem7/odom,39.663,-75.756,-1.801753876,0.003284235,-0.002678961,-0.000086482,0.003283096,-0.002678961,,,
1786043750027015376,1786043750.026444694,/novatel/oem7/bestpos,/novatel/oem7/bestpos,/novatel/oem7/odom,39.663,-75.756,33.180680271,0.003284235,-0.002678961,-0.000086482,0.003283096,-0.002678961,,novatel_oem7_msgs.msg.SolutionStatus(status=0),novatel_oem7_msgs.msg.PositionOrVelocityType(type=53)
1786043750028808787,1786043750.026931156,/novatel/oem7/bestvel,/novatel/oem7/bestpos,/novatel/oem7/bestvel,39.663,-75.756,33.180680271,0.002832403,-0.002313744,,,,350.806264466,novatel_oem7_msgs.msg.SolutionStatus(status=0),novatel_oem7_msgs.msg.PositionOrVelocityType(type=53)
1786043750029851208,1786043750.027329740,/novatel/oem7/inspva,/novatel/oem7/inspva,/novatel/oem7/inspva,39.663,-75.756,-1.801765016,0.002583054,-0.002562208,0.002580046,0.000124625,-0.002562208,,novatel_oem7_msgs.msg.InertialSolutionStatus(status=3),
1786043750030662970,1786043750.027397233,/novatel/oem7/fix,/novatel/oem7/fix,/novatel/oem7/inspva,39.663,-75.756,-1.801765016,0.002583054,-0.002562208,0.002580046,0.000124625,-0.002562208,,0,
1786043750031665803,1786043750.027854621,/novatel/oem7/odom,/novatel/oem7/fix,/novatel/oem7/odom,39.663,-75.756,-1.801765016,0.002590818,-0.002554357,0.000261271,0.002577611,-0.002554357,,,
1786043750036288232,1786043750.035559859,/novatel/oem7/odom,/novatel/oem7/fix,/novatel/oem7/odom,39.663,-75.756,-1.801765016,0.002590818,-0.002554357,0.000261271,0.002577611,-0.002554357,,,
1786043750046000503,1786043750.045375637,/novatel/oem7/inspva,/novatel/oem7/inspva,/novatel/oem7/inspva,39.663,-75.756,-1.801731572,0.002580194,0.000546604,0.002231662,0.001295024,0.000546604,,novatel_oem7_msgs.msg.InertialSolutionStatus(status=3),
1786043750047367870,1786043750.045565489,/novatel/oem7/fix,/novatel/oem7/fix,/novatel/oem7/inspva,39.663,-75.756,-1.801731572,0.002580194,0.000546604,0.002231662,0.001295024,0.000546604,,0,
1786043750048399783,1786043750.046287249,/novatel/oem7/odom,/novatel/oem7/fix,/novatel/oem7/odom,39.663,-75.756,-1.801731572,0.002577856,0.000557525,0.001401796,0.002163403,0.000557525,,,
1786043750058359020,1786043750.057579289,/novatel/oem7/odom,/novatel/oem7/fix,/novatel/oem7/odom,39.663,-75.756,-1.801731572,0.002577856,0.000557525,0.001401796,0.002163403,0.000557525,,,
1786043750066804254,1786043750.066165375,/novatel/oem7/inspva,/novatel/oem7/inspva,/novatel/oem7/inspva,39.663,-75.756,-1.801717554,0.002848233,0.000022741,0.002810509,0.000462032,0.000022741,,novatel_oem7_msgs.msg.InertialSolutionStatus(status=3),
1786043750068135991,1786043750.066309689,/novatel/oem7/fix,/novatel/oem7/fix,/novatel/oem7/inspva,39.663,-75.756,-1.801717554,0.002848233,0.000022741,0.002810509,0.000462032,0.000022741,,0,
1786043750069175338,1786043750.066761647,/novatel/oem7/odom,/novatel/oem7/fix,/novatel/oem7/odom,39.663,-75.756,-1.801717554,0.002848140,0.000032408,0.000600343,0.002784150,0.000032408,,,
1786043750075636130,1786043750.074901005,/novatel/oem7/odom,/novatel/oem7/fix,/novatel/oem7/odom,39.663,-75.756,-1.801717554,0.002848140,0.000032408,0.000600343,0.002784150,0.000032408,,,
1786043750085927809,1786043750.085301959,/novatel/oem7/inspva,/novatel/oem7/inspva,/novatel/oem7/inspva,39.663,-75.756,-1.801726623,0.003909354,-0.002797849,0.003859815,-0.000620385,-0.002797849,,novatel_oem7_msgs.msg.InertialSolutionStatus(status=3),
1786043750087305473,1786043750.085453671,/novatel/oem7/fix,/novatel/oem7/fix,/novatel/oem7/inspva,39.663,-75.756,-1.801726623,0.003909354,-0.002797849,0.003859815,-0.000620385,-0.002797849,,0,
1786043750088325007,1786043750.086133298,/novatel/oem7/odom,/novatel/oem7/fix,/novatel/oem7/odom,39.663,-75.756,-1.801726623,0.003915690,-0.002788975,-0.000418719,0.003893238,-0.002788975,,,
1786043750096518185,1786043750.095775451,/novatel/oem7/odom,/novatel/oem7/fix,/novatel/oem7/odom,39.663,-75.756,-1.801726623,0.003915690,-0.002788975,-0.000418719,0.003893238,-0.002788975,,,
1786043750106565349,1786043750.105907372,/novatel/oem7/inspva,/novatel/oem7/inspva,/novatel/oem7/inspva,39.663,-75.756,-1.801706762,0.002810970,-0.002302869,0.002800327,0.000244380,-0.002302869,,novatel_oem7_msgs.msg.InertialSolutionStatus(status=3),
1786043750107925486,1786043750.106050607,/novatel/oem7/fix,/novatel/oem7/fix,/novatel/oem7/inspva,39.663,-75.756,-1.801706762,0.002810970,-0.002302869,0.002800327,0.000244380,-0.002302869,,0,
1786043750108942533,1786043750.106588975,/novatel/oem7/odom,/novatel/oem7/fix,/novatel/oem7/odom,39.663,-75.756,-1.801706762,0.002818231,-0.002293978,0.000390810,0.002791002,-0.002293978,,,
1786043750110361717,1786043750.109511015,/novatel/oem7/bestpos,/novatel/oem7/bestpos,/novatel/oem7/odom,39.663,-75.756,33.180779364,0.002818231,-0.002293978,0.000390810,0.002791002,-0.002293978,,novatel_oem7_msgs.msg.SolutionStatus(status=0),novatel_oem7_msgs.msg.PositionOrVelocityType(type=53)
1786043750111739717,1786043750.110136895,/novatel/oem7/bestvel,/novatel/oem7/bestpos,/novatel/oem7/bestvel,39.663,-75.756,33.180779364,0.002707209,-0.002164414,,,,1.728874902,novatel_oem7_msgs.msg.SolutionStatus(status=0),novatel_oem7_msgs.msg.PositionOrVelocityType(type=53)
1786043750115268409,1786043750.114546139,/novatel/oem7/odom,/novatel/oem7/bestpos,/novatel/oem7/odom,39.663,-75.756,33.180779364,0.002818231,-0.002293978,0.000390810,0.002791002,-0.002293978,,,
1786043750127451308,1786043750.126815275,/novatel/oem7/inspva,/novatel/oem7/inspva,/novatel/oem7/inspva,39.663,-75.756,-1.801675211,0.002273934,0.000139517,0.001714220,0.001494063,0.000139517,,novatel_oem7_msgs.msg.InertialSolutionStatus(status=3),
1786043750128762311,1786043750.126966993,/novatel/oem7/fix,/novatel/oem7/fix,/novatel/oem7/inspva,39.663,-75.756,-1.801675211,0.002273934,0.000139517,0.001714220,0.001494063,0.000139517,,0,
1786043750129785444,1786043750.127335033,/novatel/oem7/odom,/novatel/oem7/fix,/novatel/oem7/odom,39.663,-75.756,-1.801675211,0.002273288,0.000149671,0.001576480,0.001637849,0.000149671,,,
1786043750135362540,1786043750.134666720,/novatel/oem7/odom,/novatel/oem7/fix,/novatel/oem7/odom,39.663,-75.756,-1.801675211,0.002273288,0.000149671,0.001576480,0.001637849,0.000149671,,,
1786043750145765927,1786043750.145101641,/novatel/oem7/inspva,/novatel/oem7/inspva,/novatel/oem7/inspva,39.663,-75.756,-1.801663201,0.002240247,-0.000012431,0.002194704,0.000449425,-0.000012431,,novatel_oem7_msgs.msg.InertialSolutionStatus(status=3),
1786043750147065314,1786043750.145241696,/novatel/oem7/fix,/novatel/oem7/fix,/novatel/oem7/inspva,39.663,-75.756,-1.801663201,0.002240247,-0.000012431,0.002194704,0.000449425,-0.000012431,,0,
1786043750148089485,1786043750.145644220,/novatel/oem7/odom,/novatel/oem7/fix,/novatel/oem7/odom,39.663,-75.756,-1.801663201,0.002240277,-0.000004591,0.000557415,0.002169823,-0.000004591,,,
1786043750157086681,1786043750.156299753,/novatel/oem7/odom,/novatel/oem7/fix,/novatel/oem7/odom,39.663,-75.756,-1.801663201,0.002240277,-0.000004591,0.000557415,0.002169823,-0.000004591,,,
1786043750166010844,1786043750.165467582,/novatel/oem7/inspva,/novatel/oem7/inspva,/novatel/oem7/inspva,39.663,-75.756,-1.801673857,0.003392576,-0.002368557,0.003386257,-0.000206964,-0.002368557,,novatel_oem7_msgs.msg.InertialSolutionStatus(status=3),
1786043750167342150,1786043750.165625486,/novatel/oem7/fix,/novatel/oem7/fix,/novatel/oem7/inspva,39.663,-75.756,-1.801673857,0.003392576,-0.002368557,0.003386257,-0.000206964,-0.002368557,,0,
1786043750168388881,1786043750.166261419,/novatel/oem7/odom,/novatel/oem7/fix,/novatel/oem7/odom,39.663,-75.756,-1.801673857,0.003398792,-0.002359628,-0.000030797,0.003398652,-0.002359628,,,
1786043750175843358,1786043750.175196142,/novatel/oem7/odom,/novatel/oem7/fix,/novatel/oem7/odom,39.663,-75.756,-1.801673857,0.003398792,-0.002359628,-0.000030797,0.003398652,-0.002359628,,,
1786043750186138535,1786043750.185627676,/novatel/oem7/inspva,/novatel/oem7/inspva,/novatel/oem7/inspva,39.663,-75.756,-1.801652406,0.002622125,-0.002203370,0.002620729,0.000085572,-0.002203370,,novatel_oem7_msgs.msg.InertialSolutionStatus(status=3),
1786043750187491075,1786043750.185797375,/novatel/oem7/fix,/novatel/oem7/fix,/novatel/oem7/inspva,39.663,-75.756,-1.801652406,0.002622125,-0.002203370,0.002620729,0.000085572,-0.002203370,,0,
1786043750188524559,1786043750.186274753,/novatel/oem7/odom,/novatel/oem7/fix,/novatel/oem7/odom,39.663,-75.756,-1.801652406,0.002628691,-0.002195533,0.000223015,0.002619214,-0.002195533,,,
1786043750195095225,1786043750.194457148,/novatel/oem7/odom,/novatel/oem7/fix,/novatel/oem7/odom,39.663,-75.756,-1.801652406,0.002628691,-0.002195533,0.000223015,0.002619214,-0.002195533,,,
1786043750206998810,1786043750.206487799,/novatel/oem7/inspva,/novatel/oem7/inspva,/novatel/oem7/inspva,39.663,-75.756,-1.801628679,0.001801420,-0.000569046,0.001646256,0.000731407,-0.000569046,,novatel_oem7_msgs.msg.InertialSolutionStatus(status=3),
1786043750208334190,1786043750.206646474,/novatel/oem7/fix,/novatel/oem7/fix,/novatel/oem7/inspva,39.663,-75.756,-1.801628679,0.001801420,-0.000569046,0.001646256,0.000731407,-0.000569046,,0,
1786043750209376764,1786043750.207102115,/novatel/oem7/odom,/novatel/oem7/fix,/novatel/oem7/odom,39.663,-75.756,-1.801628679,0.001803707,-0.000561755,0.000813930,0.001609620,-0.000561755,,,
1786043750210914489,1786043750.210271147,/novatel/oem7/bestpos,/novatel/oem7/bestpos,/novatel/oem7/odom,39.663,-75.756,33.180840311,0.001803707,-0.000561755,0.000813930,0.001609620,-0.000561755,,novatel_oem7_msgs.msg.SolutionStatus(status=0),novatel_oem7_msgs.msg.PositionOrVelocityType(type=53)
1786043750212307927,1786043750.210692841,/novatel/oem7/bestvel,/novatel/oem7/bestpos,/novatel/oem7/bestvel,39.663,-75.756,33.180840311,0.001854099,-0.000459538,,,,9.750113849,novatel_oem7_msgs.msg.SolutionStatus(status=0),novatel_oem7_msgs.msg.PositionOrVelocityType(type=53)
1786043750216132355,1786043750.215498172,/novatel/oem7/odom,/novatel/oem7/bestpos,/novatel/oem7/odom,39.663,-75.756,33.180840311,0.001803707,-0.000561755,0.000813930,0.001609620,-0.000561755,,,
1786043750225756872,1786043750.225177372,/novatel/oem7/inspva,/novatel/oem7/inspva,/novatel/oem7/inspva,39.663,-75.756,-1.801620963,0.001608739,-0.000793692,0.001549901,0.000431098,-0.000793692,,novatel_oem7_msgs.msg.InertialSolutionStatus(status=3),
1786043750227132039,1786043750.225357384,/novatel/oem7/fix,/novatel/oem7/fix,/novatel/oem7/inspva,39.663,-75.756,-1.801620963,0.001608739,-0.000793692,0.001549901,0.000431098,-0.000793692,,0,
1786043750228201882,1786043750.225742875,/novatel/oem7/odom,/novatel/oem7/fix,/novatel/oem7/odom,39.663,-75.756,-1.801620963,0.001611661,-0.000787740,0.000510064,0.001528818,-0.000787740,,,
1786043750235228996,1786043750.234581226,/novatel/oem7/odom,/novatel/oem7/fix,/novatel/oem7/odom,39.663,-75.756,-1.801620963,0.001611661,-0.000787740,0.000510064,0.001528818,-0.000787740,,,
1786043750247258467,1786043750.246745368,/novatel/oem7/inspva,/novatel/oem7/inspva,/novatel/oem7/inspva,39.663,-75.756,-1.801625302,0.003684209,-0.001297925,0.003632178,-0.000616994,-0.001297925,,novatel_oem7_msgs.msg.InertialSolutionStatus(status=3),
1786043750248606940,1786043750.246905843,/novatel/oem7/fix,/novatel/oem7/fix,/novatel/oem7/inspva,39.663,-75.756,-1.801625302,0.003684209,-0.001297925,0.003632178,-0.000616994,-0.001297925,,0,
1786043750249646221,1786043750.247285870,/novatel/oem7/odom,/novatel/oem7/fix,/novatel/oem7/odom,39.663,-75.756,-1.801625302,0.003687101,-0.001289685,-0.000432002,0.003661706,-0.001289685,,,
1786043750257141282,1786043750.256488379,/novatel/oem7/odom,/novatel/oem7/fix,/novatel/oem7/odom,39.663,-75.756,-1.801625302,0.003687101,-0.001289685,-0.000432002,0.003661706,-0.001289685,,,
1786043750265514780,1786043750.264975090,/novatel/oem7/inspva,/novatel/oem7/inspva,/novatel/oem7/inspva,39.663,-75.756,-1.801610259,0.002942497,-0.001667547,0.002918352,-0.000376171,-0.001667547,,novatel_oem7_msgs.msg.InertialSolutionStatus(status=3),
1786043750266838563,1786043750.265140872,/novatel/oem7/fix,/novatel/oem7/fix,/novatel/oem7/inspva,39.663,-75.756,-1.801610259,0.002942497,-0.001667547,0.002918352,-0.000376171,-0.001667547,,0,
1786043750267872536,1786043750.265589633,/novatel/oem7/odom,/novatel/oem7/fix,/novatel/oem7/odom,39.663,-75.756,-1.801610259,0.002946459,-0.001660534,-0.000225375,0.002937827,-0.001660534,,,
1786043750276224990,1786043750.275577886,/novatel/oem7/odom,/novatel/oem7/fix,/novatel/oem7/odom,39.663,-75.756,-1.801610259,0.002946459,-0.001660534,-0.000225375,0.002937827,-0.001660534,,,
1786043750286009621,1786043750.285474235,/novatel/oem7/inspva,/novatel/oem7/inspva,/novatel/oem7/inspva,39.663,-75.756,-1.801597798,0.001120231,-0.001504142,0.001050133,0.000390048,-0.001504142,,novatel_oem7_msgs.msg.InertialSolutionStatus(status=3),
1786043750287361044,1786043750.285641171,/novatel/oem7/fix,/novatel/oem7/fix,/novatel/oem7/inspva,39.663,-75.756,-1.801597798,0.001120231,-0.001504142,0.001050133,0.000390048,-0.001504142,,0,
1786043750288510390,1786043750.286432225,/novatel/oem7/odom,/novatel/oem7/fix,/novatel/oem7/odom,39.663,-75.756,-1.801597798,0.001126053,-0.001499789,0.000446921,0.001033565,-0.001499789,,,
1786043750295645941,1786043750.294922780,/novatel/oem7/odom,/novatel/oem7/fix,/novatel/oem7/odom,39.663,-75.756,-1.801597798,0.001126053,-0.001499789,0.000446921,0.001033565,-0.001499789,,,
1786043750306604664,1786043750.306007375,/novatel/oem7/inspva,/novatel/oem7/inspva,/novatel/oem7/inspva,39.663,-75.756,-1.801585337,0.001488811,-0.001350338,0.000770959,0.001273649,-0.001350338,,novatel_oem7_msgs.msg.InertialSolutionStatus(status=3),
1786043750307939217,1786043750.306165356,/novatel/oem7/fix,/novatel/oem7/fix,/novatel/oem7/inspva,39.663,-75.756,-1.801585337,0.001488811,-0.001350338,0.000770959,0.001273649,-0.001350338,,0,
1786043750309017975,1786043750.306598251,/novatel/oem7/odom,/novatel/oem7/fix,/novatel/oem7/odom,39.663,-75.756,-1.801585337,0.001494808,-0.001343696,0.001315060,0.000710682,-0.001343696,,,
1786043750310601881,1786043750.309271820,/novatel/oem7/bestpos,/novatel/oem7/bestpos,/novatel/oem7/odom,39.663,-75.756,33.180892782,0.001494808,-0.001343696,0.001315060,0.000710682,-0.001343696,,novatel_oem7_msgs.msg.SolutionStatus(status=0),novatel_oem7_msgs.msg.PositionOrVelocityType(type=53)
1786043750311577590,1786043750.309574863,/novatel/oem7/bestvel,/novatel/oem7/bestpos,/novatel/oem7/bestvel,39.663,-75.756,33.180892782,0.001217060,-0.001125408,,,,19.924594095,novatel_oem7_msgs.msg.SolutionStatus(status=0),novatel_oem7_msgs.msg.PositionOrVelocityType(type=53)
1786043750315199333,1786043750.314525076,/novatel/oem7/odom,/novatel/oem7/bestpos,/novatel/oem7/odom,39.663,-75.756,33.180892782,0.001494808,-0.001343696,0.001315060,0.000710682,-0.001343696,,,
1786043750325844233,1786043750.325251363,/novatel/oem7/inspva,/novatel/oem7/inspva,/novatel/oem7/inspva,39.663,-75.756,-1.801569381,0.002807931,0.000415831,0.002803027,0.000165880,0.000415831,,novatel_oem7_msgs.msg.InertialSolutionStatus(status=3),
1786043750327230153,1786043750.325450729,/novatel/oem7/fix,/novatel/oem7/fix,/novatel/oem7/inspva,39.663,-75.756,-1.801569381,0.002807931,0.000415831,0.002803027,0.000165880,0.000415831,,0,
1786043750328297631,1786043750.325771259,/novatel/oem7/odom,/novatel/oem7/fix,/novatel/oem7/odom,39.663,-75.756,-1.801569381,0.002806644,0.000424426,0.000302650,0.002790279,0.000424426,,,
1786043750336119939,1786043750.335443902,/novatel/oem7/odom,/novatel/oem7/fix,/novatel/oem7/odom,39.663,-75.756,-1.801569381,0.002806644,0.000424426,0.000302650,0.002790279,0.000424426,,,
1786043750345830136,1786043750.345290324,/novatel/oem7/inspva,/novatel/oem7/inspva,/novatel/oem7/inspva,39.663,-75.756,-1.801558171,0.003005480,-0.000387188,0.002908495,-0.000757345,-0.000387188,,novatel_oem7_msgs.msg.InertialSolutionStatus(status=3),
1786043750347223190,1786043750.345460476,/novatel/oem7/fix,/novatel/oem7/fix,/novatel/oem7/inspva,39.663,-75.756,-1.801558171,0.003005480,-0.000387188,0.002908495,-0.000757345,-0.000387188,,0,
1786043750348437115,1786043750.345844993,/novatel/oem7/odom,/novatel/oem7/fix,/novatel/oem7/odom,39.663,-75.756,-1.801558171,0.003006198,-0.000381579,-0.000611310,0.002943387,-0.000381579,,,
1786043750356323684,1786043750.355654488,/novatel/oem7/odom,/novatel/oem7/fix,/novatel/oem7/odom,39.663,-75.756,-1.801558171,0.003006198,-0.000381579,-0.000611310,0.002943387,-0.000381579,,,
1786043750367513593,1786043750.366951184,/novatel/oem7/inspva,/novatel/oem7/inspva,/novatel/oem7/inspva,39.663,-75.756,-1.801552480,0.001578986,-0.002170165,0.001576942,0.000080315,-0.002170165,,novatel_oem7_msgs.msg.InertialSolutionStatus(status=3),
1786043750368849997,1786043750.367126279,/novatel/oem7/fix,/novatel/oem7/fix,/novatel/oem7/inspva,39.663,-75.756,-1.801552480,0.001578986,-0.002170165,0.001576942,0.000080315,-0.002170165,,0,
1786043750369913237,1786043750.367562857,/novatel/oem7/odom,/novatel/oem7/fix,/novatel/oem7/odom,39.663,-75.756,-1.801552480,0.001585527,-0.002165391,0.000165961,0.001576817,-0.002165391,,,
1786043750375502566,1786043750.374824206,/novatel/oem7/odom,/novatel/oem7/fix,/novatel/oem7/odom,39.663,-75.756,-1.801552480,0.001585527,-0.002165391,0.000165961,0.001576817,-0.002165391,,,
1786043750385483123,1786043750.384939298,/novatel/oem7/inspva,/novatel/oem7/inspva,/novatel/oem7/inspva,39.663,-75.756,-1.801530217,0.001263621,-0.001572194,0.001203432,0.000385346,-0.001572194,,novatel_oem7_msgs.msg.InertialSolutionStatus(status=3),
1786043750386834193,1786043750.385095976,/novatel/oem7/fix,/novatel/oem7/fix,/novatel/oem7/inspva,39.663,-75.756,-1.801530217,0.001263621,-0.001572194,0.001203432,0.000385346,-0.001572194,,0,
1786043750387894154,1786043750.385538654,/novatel/oem7/odom,/novatel/oem7/fix,/novatel/oem7/odom,39.663,-75.756,-1.801530217,0.001269554,-0.001567407,0.000450031,0.001187114,-0.001567407,,,
1786043750396030625,1786043750.395339365,/novatel/oem7/odom,/novatel/oem7/fix,/novatel/oem7/odom,39.663,-75.756,-1.801530217,0.001269554,-0.001567407,0.000450031,0.001187114,-0.001567407,,,
1786043750407096342,1786043750.406548954,/novatel/oem7/inspva,/novatel/oem7/inspva,/novatel/oem7/inspva,39.663,-75.756,-1.801510827,0.002352435,0.000600370,0.001735126,0.001588486,0.000600370,,novatel_oem7_msgs.msg.InertialSolutionStatus(status=3),
1786043750408536847,1786043750.406718199,/novatel/oem7/fix,/novatel/oem7/fix,/novatel/oem7/inspva,39.663,-75.756,-1.801510827,0.002352435,0.000600370,0.001735126,0.001588486,0.000600370,,0,
1786043750409619661,1786043750.407486513,/novatel/oem7/odom,/novatel/oem7/fix,/novatel/oem7/odom,39.663,-75.756,-1.801510827,0.002349709,0.000610953,0.001670067,0.001652879,0.000610953,,,
1786043750411142830,1786043750.410010068,/novatel/oem7/bestpos,/novatel/oem7/bestpos,/novatel/oem7/odom,39.663,-75.756,33.180930746,0.002349709,0.000610953,0.001670067,0.001652879,0.000610953,,novatel_oem7_msgs.msg.SolutionStatus(status=0),novatel_oem7_msgs.msg.PositionOrVelocityType(type=53)
1786043750412117989,1786043750.410507293,/novatel/oem7/bestvel,/novatel/oem7/bestpos,/novatel/oem7/bestvel,39.663,-75.756,33.180930746,0.003798876,-0.000478285,,,,31.653619064,novatel_oem7_msgs.msg.SolutionStatus(status=0),novatel_oem7_msgs.msg.PositionOrVelocityType(type=53)
1786043750415588844,1786043750.414901024,/novatel/oem7/odom,/novatel/oem7/bestpos,/novatel/oem7/odom,39.663,-75.756,33.180930746,0.002349709,0.000610953,0.001670067,0.001652879,0.000610953,,,
1786043750426558794,1786043750.425964538,/novatel/oem7/inspva,/novatel/oem7/inspva,/novatel/oem7/inspva,39.663,-75.756,-1.801494270,0.002288568,0.000836286,0.002277615,0.000223641,0.000836286,,novatel_oem7_msgs.msg.InertialSolutionStatus(status=3),
1786043750427989925,1786043750.426128497,/novatel/oem7/fix,/novatel/oem7/fix,/novatel/oem7/inspva,39.663,-75.756,-1.801494270,0.002288568,0.000836286,0.002277615,0.000223641,0.000836286,,0,
1786043750429111736,1786043750.426513457,/novatel/oem7/odom,/novatel/oem7/fix,/novatel/oem7/odom,39.663,-75.756,-1.801494270,0.002285886,0.000843590,0.000332797,0.002261531,0.000843590,,,
1786043750435179483,1786043750.434515510,/novatel/oem7/odom,/novatel/oem7/fix,/novatel/oem7/odom,39.663,-75.756,-1.801494270,0.002285886,0.000843590,0.000332797,0.002261531,0.000843590,,,
1786043750445881497,1786043750.445289865,/novatel/oem7/inspva,/novatel/oem7/inspva,/novatel/oem7/inspva,39.663,-75.756,-1.801497027,0.001968286,-0.002446608,0.001795598,-0.000806210,-0.002446608,,novatel_oem7_msgs.msg.InertialSolutionStatus(status=3),
1786043750447269838,1786043750.445513707,/novatel/oem7/fix,/novatel/oem7/fix,/novatel/oem7/inspva,39.663,-75.756,-1.801497027,0.001968286,-0.002446608,0.001795598,-0.000806210,-0.002446608,,0,
1786043750448354452,1786043750.446032206,/novatel/oem7/odom,/novatel/oem7/fix,/novatel/oem7/odom,39.663,-75.756,-1.801497027,0.001971142,-0.002444307,-0.000707665,0.001839732,-0.002444307,,,
1786043750457039426,1786043750.456378698,/novatel/oem7/odom,/novatel/oem7/fix,/novatel/oem7/odom,39.663,-75.756,-1.801497027,0.001971142,-0.002444307,-0.000707665,0.001839732,-0.002444307,,,
1786043750465718426,1786043750.465108110,/novatel/oem7/inspva,/novatel/oem7/inspva,/novatel/oem7/inspva,39.663,-75.756,-1.801468437,0.001387603,-0.002065430,0.001285772,0.000521760,-0.002065430,,novatel_oem7_msgs.msg.InertialSolutionStatus(status=3),
1786043750467092210,1786043750.465289478,/novatel/oem7/fix,/novatel/oem7/fix,/novatel/oem7/inspva,39.663,-75.756,-1.801468437,0.001387603,-0.002065430,0.001285772,0.000521760,-0.002065430,,0,
1786043750468169800,1786043750.465673009,/novatel/oem7/odom,/novatel/oem7/fix,/novatel/oem7/odom,39.663,-75.756,-1.801468437,0.001395726,-0.002059950,0.000592092,0.001263914,-0.002059950,,,
1786043750474984782,1786043750.474330895,/novatel/oem7/odom,/novatel/oem7/fix,/novatel/oem7/odom,39.663,-75.756,-1.801468437,0.001395726,-0.002059950,0.000592092,0.001263914,-0.002059950,,,
1786043750486868397,1786043750.486299959,/novatel/oem7/inspva,/novatel/oem7/inspva,/novatel/oem7/inspva,39.663,-75.756,-1.801436480,0.001668102,0.001233853,0.000886037,0.001413330,0.001233853,,novatel_oem7_msgs.msg.InertialSolutionStatus(status=3),
1786043750488162720,1786043750.486493421,/novatel/oem7/fix,/novatel/oem7/fix,/novatel/oem7/inspva,39.663,-75.756,-1.801436480,0.001668102,0.001233853,0.000886037,0.001413330,0.001233853,,0,
1786043750489210801,1786043750.486967505,/novatel/oem7/odom,/novatel/oem7/fix,/novatel/oem7/odom,39.663,-75.756,-1.801436480,0.001662519,0.001241365,0.001450840,0.000811808,0.001241365,,,
1786043750496068226,1786043750.495431710,/novatel/oem7/odom,/novatel/oem7/fix,/novatel/oem7/odom,39.663,-75.756,-1.801436480,0.001662519,0.001241365,0.001450840,0.000811808,0.001241365,,,
1786043750506584458,1786043750.505997809,/novatel/oem7/inspva,/novatel/oem7/inspva,/novatel/oem7/inspva,39.663,-75.756,-1.801421812,0.001758331,0.000746081,0.001417790,0.001040000,0.000746081,,novatel_oem7_msgs.msg.InertialSolutionStatus(status=3),
1786043750507901231,1786043750.506172091,/novatel/oem7/fix,/novatel/oem7/fix,/novatel/oem7/inspva,39.663,-75.756,-1.801421812,0.001758331,0.000746081,0.001417790,0.001040000,0.000746081,,0,
1786043750508949998,1786043750.506587965,/novatel/oem7/odom,/novatel/oem7/fix,/novatel/oem7/odom,39.663,-75.756,-1.801421812,0.001755047,0.000753774,0.001106037,0.001362671,0.000753774,,,
1786043750511886555,1786043750.511266172,/novatel/oem7/bestpos,/novatel/oem7/bestpos,/novatel/oem7/odom,39.663,-75.756,33.181028731,0.001755047,0.000753774,0.001106037,0.001362671,0.000753774,,novatel_oem7_msgs.msg.SolutionStatus(status=0),novatel_oem7_msgs.msg.PositionOrVelocityType(type=53)
1786043750513324425,1786043750.512181498,/novatel/oem7/bestvel,/novatel/oem7/bestpos,/novatel/oem7/bestvel,39.663,-75.756,33.181028731,0.002586811,0.000119257,,,,33.110960287,novatel_oem7_msgs.msg.SolutionStatus(status=0),novatel_oem7_msgs.msg.PositionOrVelocityType(type=53)
1786043750516192534,1786043750.515555455,/novatel/oem7/odom,/novatel/oem7/bestpos,/novatel/oem7/odom,39.663,-75.756,33.181028731,0.001755047,0.000753774,0.001106037,0.001362671,0.000753774,,,
1786043750525838484,1786043750.525247338,/novatel/oem7/inspva,/novatel/oem7/inspva,/novatel/oem7/inspva,39.663,-75.756,-1.801421909,0.002029064,-0.001587919,0.001883053,-0.000755785,-0.001587919,,novatel_oem7_msgs.msg.InertialSolutionStatus(status=3),
1786043750527202611,1786043750.525436550,/novatel/oem7/fix,/novatel/oem7/fix,/novatel/oem7/inspva,39.663,-75.756,-1.801421909,0.002029064,-0.001587919,0.001883053,-0.000755785,-0.001587919,,0,
1786043750528305809,1786043750.526058966,/novatel/oem7/odom,/novatel/oem7/fix,/novatel/oem7/odom,39.663,-75.756,-1.801421909,0.002031186,-0.001585204,-0.000656072,0.001922312,-0.001585204,,,
1786043750536548884,1786043750.536034502,/novatel/oem7/odom,/novatel/oem7/fix,/novatel/oem7/odom,39.663,-75.756,-1.801421909,0.002031186,-0.001585204,-0.000656072,0.001922312,-0.001585204,,,
1786043750546456934,1786043750.545968039,/novatel/oem7/inspva,/novatel/oem7/inspva,/novatel/oem7/inspva,39.663,-75.756,-1.801394471,0.001392672,-0.001943485,0.001391307,-0.000061655,-0.001943485,,novatel_oem7_msgs.msg.InertialSolutionStatus(status=3),
1786043750547185487,1786043750.546149388,/novatel/oem7/fix,/novatel/oem7/fix,/novatel/oem7/inspva,39.663,-75.756,-1.801394471,0.001392672,-0.001943485,0.001391307,-0.000061655,-0.001943485,,0,
1786043750547715318,1786043750.546602857,/novatel/oem7/odom,/novatel/oem7/fix,/novatel/oem7/odom,39.663,-75.756,-1.801394471,0.001397881,-0.001939742,0.000014116,0.001397810,-0.001939742,,,
1786043750556236226,1786043750.555817937,/novatel/oem7/odom,/novatel/oem7/fix,/novatel/oem7/odom,39.663,-75.756,-1.801394471,0.001397881,-0.001939742,0.000014116,0.001397810,-0.001939742,,,
1786043750565675959,1786043750.565213368,/novatel/oem7/inspva,/novatel/oem7/inspva,/novatel/oem7/inspva,39.663,-75.756,-1.801356308,0.001645291,0.000949726,0.000003481,0.001645287,0.000949726,,novatel_oem7_msgs.msg.InertialSolutionStatus(status=3),
1786043750566391034,1786043750.565382643,/novatel/oem7/fix,/novatel/oem7/fix,/novatel/oem7/inspva,39.663,-75.756,-1.801356308,0.001645291,0.000949726,0.000003481,0.001645287,0.000949726,,0,
1786043750566984320,1786043750.565856018,/novatel/oem7/odom,/novatel/oem7/fix,/novatel/oem7/odom,39.663,-75.756,-1.801356308,0.001641989,0.000955423,0.001640022,-0.000080351,0.000955423,,,
1786043750575996100,1786043750.575611815,/novatel/oem7/odom,/novatel/oem7/fix,/novatel/oem7/odom,39.663,-75.756,-1.801356308,0.001641989,0.000955423,0.001640022,-0.000080351,0.000955423,,,
1786043750585597361,1786043750.585266239,/novatel/oem7/inspva,/novatel/oem7/inspva,/novatel/oem7/inspva,39.663,-75.756,-1.801334248,0.000462163,0.001053467,0.000375459,0.000269490,0.001053467,,novatel_oem7_msgs.msg.InertialSolutionStatus(status=3),
1786043750586264085,1786043750.585464504,/novatel/oem7/fix,/novatel/oem7/fix,/novatel/oem7/inspva,39.663,-75.756,-1.801334248,0.000462163,0.001053467,0.000375459,0.000269490,0.001053467,,0,
1786043750586772840,1786043750.585875373,/novatel/oem7/odom,/novatel/oem7/fix,/novatel/oem7/odom,39.663,-75.756,-1.801334248,0.000457582,0.001055465,0.000283879,0.000358879,0.001055465,,,
1786043750594886898,1786043750.594509474,/novatel/oem7/odom,/novatel/oem7/fix,/novatel/oem7/odom,39.663,-75.756,-1.801334248,0.000457582,0.001055465,0.000283879,0.000358879,0.001055465,,,
1786043750607039763,1786043750.606395587,/novatel/oem7/inspva,/novatel/oem7/inspva,/novatel/oem7/inspva,39.663,-75.756,-1.801331469,0.002188302,-0.001170846,0.002100907,-0.000612255,-0.001170846,,novatel_oem7_msgs.msg.InertialSolutionStatus(status=3),
1786043750607751395,1786043750.606582665,/novatel/oem7/fix,/novatel/oem7/fix,/novatel/oem7/inspva,39.663,-75.756,-1.801331469,0.002188302,-0.001170846,0.002100907,-0.000612255,-0.001170846,,0,
1786043750608218737,1786043750.607207482,/novatel/oem7/odom,/novatel/oem7/fix,/novatel/oem7/odom,39.663,-75.756,-1.801331469,0.002190347,-0.001167017,-0.000503541,0.002131682,-0.001167017,,,
1786043750610815045,1786043750.610207665,/novatel/oem7/bestpos,/novatel/oem7/bestpos,/novatel/oem7/odom,39.663,-75.756,33.181145000,0.002190347,-0.001167017,-0.000503541,0.002131682,-0.001167017,,novatel_oem7_msgs.msg.SolutionStatus(status=0),novatel_oem7_msgs.msg.PositionOrVelocityType(type=53)
1786043750612260309,1786043750.610709257,/novatel/oem7/bestvel,/novatel/oem7/bestpos,/novatel/oem7/bestvel,39.663,-75.756,33.181145000,0.002203390,-0.000879055,,,,332.557976858,novatel_oem7_msgs.msg.SolutionStatus(status=0),novatel_oem7_msgs.msg.PositionOrVelocityType(type=53)
1786043750615931712,1786043750.615589675,/novatel/oem7/odom,/novatel/oem7/bestpos,/novatel/oem7/odom,39.663,-75.756,33.181145000,0.002190347,-0.001167017,-0.000503541,0.002131682,-0.001167017,,,
1786043750625522303,1786043750.625028587,/novatel/oem7/inspva,/novatel/oem7/inspva,/novatel/oem7/inspva,39.663,-75.756,-1.801305206,0.001973805,-0.000856478,0.001925477,-0.000434104,-0.000856478,,novatel_oem7_msgs.msg.InertialSolutionStatus(status=3),
1786043750626126861,1786043750.625174174,/novatel/oem7/fix,/novatel/oem7/fix,/novatel/oem7/inspva,39.663,-75.756,-1.801305206,0.001973805,-0.000856478,0.001925477,-0.000434104,-0.000856478,,0,
1786043750626616670,1786043750.625657943,/novatel/oem7/odom,/novatel/oem7/fix,/novatel/oem7/odom,39.663,-75.756,-1.801305206,0.001975505,-0.000852551,-0.000335408,0.001946823,-0.000852551,,,
1786043750635900919,1786043750.635546972,/novatel/oem7/odom,/novatel/oem7/fix,/novatel/oem7/odom,39.663,-75.756,-1.801305206,0.001975505,-0.000852551,-0.000335408,0.001946823,-0.000852551,,,
1786043750645752087,1786043750.645410571,/novatel/oem7/inspva,/novatel/oem7/inspva,/novatel/oem7/inspva,39.663,-75.756,-1.801285172,0.001279543,-0.000747112,-0.000804287,0.000995165,-0.000747112,,novatel_oem7_msgs.msg.InertialSolutionStatus(status=3),
1786043750646384415,1786043750.645605529,/novatel/oem7/fix,/novatel/oem7/fix,/novatel/oem7/inspva,39.663,-75.756,-1.801285172,0.001279543,-0.000747112,-0.000804287,0.000995165,-0.000747112,,0,
1786043750646894116,1786043750.646122088,/novatel/oem7/odom,/novatel/oem7/fix,/novatel/oem7/odom,39.663,-75.756,-1.801285172,0.001280223,-0.000745946,0.000956907,-0.000850471,-0.000745946,,,
1786043750656985425,1786043750.656612086,/novatel/oem7/odom,/novatel/oem7/fix,/novatel/oem7/odom,39.663,-75.756,-1.801285172,0.001280223,-0.000745946,0.000956907,-0.000850471,-0.000745946,,,
1786043750666377482,1786043750.665999513,/novatel/oem7/inspva,/novatel/oem7/inspva,/novatel/oem7/inspva,39.663,-75.756,-1.801257609,0.000631259,0.000406364,-0.000271634,0.000569827,0.000406364,,novatel_oem7_msgs.msg.InertialSolutionStatus(status=3),
1786043750667048560,1786043750.666158571,/novatel/oem7/fix,/novatel/oem7/fix,/novatel/oem7/inspva,39.663,-75.756,-1.801257609,0.000631259,0.000406364,-0.000271634,0.000569827,0.000406364,,0,
1786043750667857495,1786043750.666570646,/novatel/oem7/odom,/novatel/oem7/fix,/novatel/oem7/odom,39.663,-75.756,-1.801257609,0.000630479,0.000407573,0.000554245,-0.000300527,0.000407573,,,
1786043750675242733,1786043750.674873282,/novatel/oem7/odom,/novatel/oem7/fix,/novatel/oem7/odom,39.663,-75.756,-1.801257609,0.000630479,0.000407573,0.000554245,-0.000300527,0.000407573,,,
1786043750685770460,1786043750.685349253,/novatel/oem7/inspva,/novatel/oem7/inspva,/novatel/oem7/inspva,39.663,-75.756,-1.801253213,0.001647073,-0.000380371,0.001583991,-0.000451468,-0.000380371,,novatel_oem7_msgs.msg.InertialSolutionStatus(status=3),
1786043750686393783,1786043750.685544739,/novatel/oem7/fix,/novatel/oem7/fix,/novatel/oem7/inspva,39.663,-75.756,-1.801253213,0.001647073,-0.000380371,0.001583991,-0.000451468,-0.000380371,,0,
1786043750686908772,1786043750.686133308,/novatel/oem7/odom,/novatel/oem7/fix,/novatel/oem7/odom,39.663,-75.756,-1.801253213,0.001647736,-0.000377489,-0.000371346,0.001605346,-0.000377489,,,
1786043750695682366,1786043750.695296566,/novatel/oem7/odom,/novatel/oem7/fix,/novatel/oem7/odom,39.663,-75.756,-1.801253213,0.001647736,-0.000377489,-0.000371346,0.001605346,-0.000377489,,,
1786043750706312733,1786043750.706007503,/novatel/oem7/inspva,/novatel/oem7/inspva,/novatel/oem7/inspva,39.663,-75.756,-1.801234473,0.001175370,-0.000688599,0.001080772,-0.000461983,-0.000688599,,novatel_oem7_msgs.msg.InertialSolutionStatus(status=3),
1786043750707175246,1786043750.706186512,/novatel/oem7/fix,/novatel/oem7/fix,/novatel/oem7/inspva,39.663,-75.756,-1.801234473,0.001175370,-0.000688599,0.001080772,-0.000461983,-0.000688599,,0,
1786043750708314549,1786043750.707899859,/novatel/oem7/odom,/novatel/oem7/fix,/novatel/oem7/odom,39.663,-75.756,-1.801234473,0.001176217,-0.000687151,-0.000405580,0.001104080,-0.000687151,,,
1786043750710324929,1786043750.709978883,/novatel/oem7/bestpos,/novatel/oem7/bestpos,/novatel/oem7/odom,39.663,-75.756,33.181237941,0.001176217,-0.000687151,-0.000405580,0.001104080,-0.000687151,,novatel_oem7_msgs.msg.SolutionStatus(status=0),novatel_oem7_msgs.msg.PositionOrVelocityType(type=53)
1786043750710994191,1786043750.710579416,/novatel/oem7/bestvel,/novatel/oem7/bestpos,/novatel/oem7/bestvel,39.663,-75.756,33.181237941,0.001329977,-0.000924465,,,,348.878883598,novatel_oem7_msgs.msg.SolutionStatus(status=0),novatel_oem7_msgs.msg.PositionOrVelocityType(type=53)
1786043750714911210,1786043750.714528898,/novatel/oem7/odom,/novatel/oem7/bestpos,/novatel/oem7/odom,39.663,-75.756,33.181237941,0.001176217,-0.000687151,-0.000405580,0.001104080,-0.000687151,,,
1786043750725656330,1786043750.725276106,/novatel/oem7/inspva,/novatel/oem7/inspva,/novatel/oem7/inspva,39.663,-75.756,-1.801217256,0.001232636,-0.000868113,-0.000829343,0.000911912,-0.000868113,,novatel_oem7_msgs.msg.InertialSolutionStatus(status=3),
1786043750726382092,1786043750.725475012,/novatel/oem7/fix,/novatel/oem7/fix,/novatel/oem7/inspva,39.663,-75.756,-1.801217256,0.001232636,-0.000868113,-0.000829343,0.000911912,-0.000868113,,0,
1786043750726905464,1786043750.726075290,/novatel/oem7/odom,/novatel/oem7/fix,/novatel/oem7/odom,39.663,-75.756,-1.801217256,0.001233212,-0.000867295,0.000872971,-0.000871053,-0.000867295,,,
1786043750735489276,1786043750.735098358,/novatel/oem7/odom,/novatel/oem7/fix,/novatel/oem7/odom,39.663,-75.756,-1.801217256,0.001233212,-0.000867295,0.000872971,-0.000871053,-0.000867295,,,
1786043750745286875,1786043750.744965787,/novatel/oem7/inspva,/novatel/oem7/inspva,/novatel/oem7/inspva,39.663,-75.756,-1.801187119,0.001092150,-0.000147212,-0.001042737,0.000324791,-0.000147212,,novatel_oem7_msgs.msg.InertialSolutionStatus(status=3),
1786043750746002140,1786043750.745136385,/novatel/oem7/fix,/novatel/oem7/fix,/novatel/oem7/inspva,39.663,-75.756,-1.801187119,0.001092150,-0.000147212,-0.001042737,0.000324791,-0.000147212,,0,
1786043750746515805,1786043750.745637359,/novatel/oem7/odom,/novatel/oem7/fix,/novatel/oem7/odom,39.663,-75.756,-1.801187119,0.001091905,-0.000149018,0.000273461,-0.001057107,-0.000149018,,,
1786043750756007130,1786043750.755621210,/novatel/oem7/odom,/novatel/oem7/fix,/novatel/oem7/odom,39.663,-75.756,-1.801187119,0.001091905,-0.000149018,0.000273461,-0.001057107,-0.000149018,,,
1786043750766845266,1786043750.766529896,/novatel/oem7/inspva,/novatel/oem7/inspva,/novatel/oem7/inspva,39.663,-75.756,-1.801165462,0.000328344,0.000920787,0.000215043,0.000248126,0.000920787,,novatel_oem7_msgs.msg.InertialSolutionStatus(status=3),
1786043750767577994,1786043750.766714991,/novatel/oem7/fix,/novatel/oem7/fix,/novatel/oem7/inspva,39.663,-75.756,-1.801165462,0.000328344,0.000920787,0.000215043,0.000248126,0.000920787,,0,
1786043750768080169,1786043750.767128564,/novatel/oem7/odom,/novatel/oem7/fix,/novatel/oem7/odom,39.663,-75.756,-1.801165462,0.000324221,0.000922247,0.000255102,0.000200105,0.000922247,,,
1786043750775289212,1786043750.774920753,/novatel/oem7/odom,/novatel/oem7/fix,/novatel/oem7/odom,39.663,-75.756,-1.801165462,0.000324221,0.000922247,0.000255102,0.000200105,0.000922247,,,
1786043750785300810,1786043750.784999517,/novatel/oem7/inspva,/novatel/oem7/inspva,/novatel/oem7/inspva,39.663,-75.756,-1.801144068,0.000287869,0.000526399,0.000089454,0.000273617,0.000526399,,novatel_oem7_msgs.msg.InertialSolutionStatus(status=3),
1786043750785961126,1786043750.785154059,/novatel/oem7/fix,/novatel/oem7/fix,/novatel/oem7/inspva,39.663,-75.756,-1.801144068,0.000287869,0.000526399,0.000089454,0.000273617,0.000526399,,0,
1786043750786413159,1786043750.785532239,/novatel/oem7/odom,/novatel/oem7/fix,/novatel/oem7/odom,39.663,-75.756,-1.801144068,0.000285664,0.000527598,0.000275792,0.000074450,0.000527598,,,
1786043750794900145,1786043750.794545866,/novatel/oem7/odom,/novatel/oem7/fix,/novatel/oem7/odom,39.663,-75.756,-1.801144068,0.000285664,0.000527598,0.000275792,0.000074450,0.000527598,,,
1786043750806686648,1786043750.806365587,/novatel/oem7/inspva,/novatel/oem7/inspva,/novatel/oem7/inspva,39.663,-75.756,-1.801133674,0.000859969,-0.001299263,-0.000643282,-0.000570732,-0.001299263,,novatel_oem7_msgs.msg.InertialSolutionStatus(status=3),
1786043750807367531,1786043750.806538239,/novatel/oem7/fix,/novatel/oem7/fix,/novatel/oem7/inspva,39.663,-75.756,-1.801133674,0.000859969,-0.001299263,-0.000643282,-0.000570732,-0.001299263,,0,
1786043750807846329,1786043750.807000273,/novatel/oem7/odom,/novatel/oem7/fix,/novatel/oem7/odom,39.663,-75.756,-1.801133674,0.000854255,-0.001303028,-0.000597101,-0.000610919,-0.001303028,,,
1786043750810457197,1786043750.810127005,/novatel/oem7/bestpos,/novatel/oem7/bestpos,/novatel/oem7/odom,39.663,-75.756,33.181342827,0.000854255,-0.001303028,-0.000597101,-0.000610919,-0.001303028,,novatel_oem7_msgs.msg.SolutionStatus(status=0),novatel_oem7_msgs.msg.PositionOrVelocityType(type=53)
1786043750811092529,1786043750.810482589,/novatel/oem7/bestvel,/novatel/oem7/bestpos,/novatel/oem7/bestvel,39.663,-75.756,33.181342827,0.001607443,-0.000722180,,,,217.735725922,novatel_oem7_msgs.msg.SolutionStatus(status=0),novatel_oem7_msgs.msg.PositionOrVelocityType(type=53)
1786043750815243910,1786043750.814878293,/novatel/oem7/odom,/novatel/oem7/bestpos,/novatel/oem7/odom,39.663,-75.756,33.181342827,0.000854255,-0.001303028,-0.000597101,-0.000610919,-0.001303028,,,
1786043750826279722,1786043750.826000401,/novatel/oem7/inspva,/novatel/oem7/inspva,/novatel/oem7/inspva,39.663,-75.756,-1.801099296,0.001178242,-0.000830592,-0.001035664,0.000561831,-0.000830592,,novatel_oem7_msgs.msg.InertialSolutionStatus(status=3),
1786043750826885490,1786043750.826163476,/novatel/oem7/fix,/novatel/oem7/fix,/novatel/oem7/inspva,39.663,-75.756,-1.801099296,0.001178242,-0.000830592,-0.001035664,0.000561831,-0.000830592,,0,
1786043750827371801,1786043750.826620060,/novatel/oem7/odom,/novatel/oem7/fix,/novatel/oem7/odom,39.663,-75.756,-1.801099296,0.001177572,-0.000831542,0.000513012,-0.001059950,-0.000831542,,,
1786043750835455374,1786043750.834461355,/novatel/oem7/odom,/novatel/oem7/fix,/novatel/oem7/odom,39.663,-75.756,-1.801099296,0.001177572,-0.000831542,0.000513012,-0.001059950,-0.000831542,,,
1786043750845636724,1786043750.845222503,/novatel/oem7/inspva,/novatel/oem7/inspva,/novatel/oem7/inspva,39.663,-75.756,-1.801068502,0.000672032,0.001436104,-0.000598674,0.000305312,0.001436104,,novatel_oem7_msgs.msg.InertialSolutionStatus(status=3),
1786043750846251363,1786043750.845389332,/novatel/oem7/fix,/novatel/oem7/fix,/novatel/oem7/inspva,39.663,-75.756,-1.801068502,0.000672032,0.001436104,-0.000598674,0.000305312,0.001436104,,0,
1786043750846750174,1786043750.845981568,/novatel/oem7/odom,/novatel/oem7/fix,/novatel/oem7/odom,39.663,-75.756,-1.801068502,0.000673359,0.001435482,0.000270149,-0.000616792,0.001435482,,,
1786043750856725121,1786043750.856330454,/novatel/oem7/odom,/novatel/oem7/fix,/novatel/oem7/odom,39.663,-75.756,-1.801068502,0.000673359,0.001435482,0.000270149,-0.000616792,0.001435482,,,
1786043750865252399,1786043750.864964711,/novatel/oem7/inspva,/novatel/oem7/inspva,/novatel/oem7/inspva,39.663,-75.756,-1.801056101,0.000334553,0.000756198,-0.000166437,0.000290214,0.000756198,,novatel_oem7_msgs.msg.InertialSolutionStatus(status=3),
1786043750865869454,1786043750.865134099,/novatel/oem7/fix,/novatel/oem7/fix,/novatel/oem7/inspva,39.663,-75.756,-1.801056101,0.000334553,0.000756198,-0.000166437,0.000290214,0.000756198,,0,
1786043750866351465,1786043750.865599647,/novatel/oem7/odom,/novatel/oem7/fix,/novatel/oem7/odom,39.663,-75.756,-1.801056101,0.000333325,0.000756740,0.000278899,-0.000182540,0.000756740,,,
1786043750874862518,1786043750.874497756,/novatel/oem7/odom,/novatel/oem7/fix,/novatel/oem7/odom,39.663,-75.756,-1.801056101,0.000333325,0.000756740,0.000278899,-0.000182540,0.000756740,,,
1786043750886721894,1786043750.886433786,/novatel/oem7/inspva,/novatel/oem7/inspva,/novatel/oem7/inspva,39.663,-75.756,-1.801050933,0.000683356,-0.001252769,-0.000151757,-0.000666292,-0.001252769,,novatel_oem7_msgs.msg.InertialSolutionStatus(status=3),
1786043750887359640,1786043750.886599997,/novatel/oem7/fix,/novatel/oem7/fix,/novatel/oem7/inspva,39.663,-75.756,-1.801050933,0.000683356,-0.001252769,-0.000151757,-0.000666292,-0.001252769,,0,
1786043750887862725,1786043750.887041495,/novatel/oem7/odom,/novatel/oem7/fix,/novatel/oem7/odom,39.663,-75.756,-1.801050933,0.000678335,-0.001255495,-0.000668440,-0.000115434,-0.001255495,,,
1786043750895355644,1786043750.895011168,/novatel/oem7/odom,/novatel/oem7/fix,/novatel/oem7/odom,39.663,-75.756,-1.801050933,0.000678335,-0.001255495,-0.000668440,-0.000115434,-0.001255495,,,
1786043750906335627,1786043750.905869800,/novatel/oem7/inspva,/novatel/oem7/inspva,/novatel/oem7/inspva,39.663,-75.756,-1.801020845,0.000763047,-0.000807799,-0.000731586,-0.000216847,-0.000807799,,novatel_oem7_msgs.msg.InertialSolutionStatus(status=3),
1786043750906950336,1786043750.906033858,/novatel/oem7/fix,/novatel/oem7/fix,/novatel/oem7/inspva,39.663,-75.756,-1.801020845,0.000763047,-0.000807799,-0.000731586,-0.000216847,-0.000807799,,0,
1786043750907473667,1786043750.906570747,/novatel/oem7/odom,/novatel/oem7/fix,/novatel/oem7/odom,39.663,-75.756,-1.801020845,0.000760096,-0.000810576,-0.000249766,-0.000717888,-0.000810576,,,
1786043750909826033,1786043750.909480443,/novatel/oem7/bestpos,/novatel/oem7/bestpos,/novatel/oem7/odom,39.663,-75.756,33.181454289,0.000760096,-0.000810576,-0.000249766,-0.000717888,-0.000810576,,novatel_oem7_msgs.msg.SolutionStatus(status=0),novatel_oem7_msgs.msg.PositionOrVelocityType(type=53)
1786043750910501917,1786043750.910134193,/novatel/oem7/bestvel,/novatel/oem7/bestpos,/novatel/oem7/bestvel,39.663,-75.756,33.181454289,0.001586232,-0.000129652,,,,230.752366980,novatel_oem7_msgs.msg.SolutionStatus(status=0),novatel_oem7_msgs.msg.PositionOrVelocityType(type=53)
1786043750914885591,1786043750.914551447,/novatel/oem7/odom,/novatel/oem7/bestpos,/novatel/oem7/odom,39.663,-75.756,33.181454289,0.000760096,-0.000810576,-0.000249766,-0.000717888,-0.000810576,,,
1786043750925535199,1786043750.925249257,/novatel/oem7/inspva,/novatel/oem7/inspva,/novatel/oem7/inspva,39.663,-75.756,-1.800997273,0.001947617,0.000720876,-0.001496636,0.001246312,0.000720876,,novatel_oem7_msgs.msg.InertialSolutionStatus(status=3),
1786043750926110841,1786043750.925408609,/novatel/oem7/fix,/novatel/oem7/fix,/novatel/oem7/inspva,39.663,-75.756,-1.800997273,0.001947617,0.000720876,-0.001496636,0.001246312,0.000720876,,0,
1786043750926779199,1786043750.925924458,/novatel/oem7/odom,/novatel/oem7/fix,/novatel/oem7/odom,39.663,-75.756,-1.800997273,0.001947562,0.000721026,0.001168322,-0.001558210,0.000721026,,,
1786043750935255607,1786043750.934910741,/novatel/oem7/odom,/novatel/oem7/fix,/novatel/oem7/odom,39.663,-75.756,-1.800997273,0.001947562,0.000721026,0.001168322,-0.001558210,0.000721026,,,
1786043750945497887,1786043750.945207177,/novatel/oem7/inspva,/novatel/oem7/inspva,/novatel/oem7/inspva,39.663,-75.756,-1.800978508,0.000811584,0.001125984,-0.000753976,0.000300317,0.001125984,,novatel_oem7_msgs.msg.InertialSolutionStatus(status=3),
1786043750946077947,1786043750.945383768,/novatel/oem7/fix,/novatel/oem7/fix,/novatel/oem7/inspva,39.663,-75.756,-1.800978508,0.000811584,0.001125984,-0.000753976,0.000300317,0.001125984,,0,
1786043750946561628,1786043750.945761952,/novatel/oem7/odom,/novatel/oem7/fix,/novatel/oem7/odom,39.663,-75.756,-1.800978508,0.000813056,0.001124922,0.000258636,-0.000770823,0.001124922,,,
1786043750955983877,1786043750.955661038,/novatel/oem7/odom,/novatel/oem7/fix,/novatel/oem7/odom,39.663,-75.756,-1.800978508,0.000813056,0.001124922,0.000258636,-0.000770823,0.001124922,,,
1786043750966895321,1786043750.966283045,/novatel/oem7/inspva,/novatel/oem7/inspva,/novatel/oem7/inspva,39.663,-75.756,-1.800981371,0.001345394,-0.001203641,0.000192979,-0.001331482,-0.001203641,,novatel_oem7_msgs.msg.InertialSolutionStatus(status=3),
1786043750968313155,1786043750.966490027,/novatel/oem7/fix,/novatel/oem7/fix,/novatel/oem7/inspva,39.663,-75.756,-1.800981371,0.001345394,-0.001203641,0.000192979,-0.001331482,-0.001203641,,0,
1786043750969524347,1786043750.967014085,/novatel/oem7/odom,/novatel/oem7/fix,/novatel/oem7/odom,39.663,-75.756,-1.800981371,0.001341723,-0.001207731,-0.001315979,0.000261574,-0.001207731,,,
1786043750976159496,1786043750.975442119,/novatel/oem7/odom,/novatel/oem7/fix,/novatel/oem7/odom,39.663,-75.756,-1.800981371,0.001341723,-0.001207731,-0.001315979,0.000261574,-0.001207731,,,
1786043750985412266,1786043750.984897101,/novatel/oem7/inspva,/novatel/oem7/inspva,/novatel/oem7/inspva,39.663,-75.756,-1.800948947,0.000660075,-0.000870470,-0.000572653,-0.000328279,-0.000870470,,novatel_oem7_msgs.msg.InertialSolutionStatus(status=3),
1786043750986817417,1786043750.985032425,/novatel/oem7/fix,/novatel/oem7/fix,/novatel/oem7/inspva,39.663,-75.756,-1.800948947,0.000660075,-0.000870470,-0.000572653,-0.000328279,-0.000870470,,0,
1786043750987947174,1786043750.985520100,/novatel/oem7/odom,/novatel/oem7/fix,/novatel/oem7/odom,39.663,-75.756,-1.800948947,0.000656468,-0.000873194,-0.000352981,-0.000553493,-0.000873194,,,
1786043750995035692,1786043750.994367152,/novatel/oem7/odom,/novatel/oem7/fix,/novatel/oem7/odom,39.663,-75.756,-1.800948947,0.000656468,-0.000873194,-0.000352981,-0.000553493,-0.000873194,,,
1786043751008834187,1786043751.008340692,/novatel/oem7/inspva,/novatel/oem7/inspva,/novatel/oem7/inspva,39.663,-75.756,-1.800911091,0.002419545,0.001552477,-0.002060659,0.001268024,0.001552477,,novatel_oem7_msgs.msg.InertialSolutionStatus(status=3),
1786043751010198654,1786043751.008512780,/novatel/oem7/fix,/novatel/oem7/fix,/novatel/oem7/inspva,39.663,-75.756,-1.800911091,0.002419545,0.001552477,-0.002060659,0.001268024,0.001552477,,0,
1786043751012220617,1786043751.011187294,/novatel/oem7/odom,/novatel/oem7/fix,/novatel/oem7/odom,39.663,-75.756,-1.800911091,0.002420375,0.001551183,0.001159149,-0.002124757,0.001551183,,,
1786043751016629591,1786043751.015925208,/novatel/oem7/odom,/novatel/oem7/fix,/novatel/oem7/odom,39.663,-75.756,-1.800911091,0.002420375,0.001551183,0.001159149,-0.002124757,0.001551183,,,
1786043751026800680,1786043751.026215501,/novatel/oem7/bestpos,/novatel/oem7/bestpos,/novatel/oem7/odom,39.663,-75.756,33.181527506,0.002420375,0.001551183,0.001159149,-0.002124757,0.001551183,,novatel_oem7_msgs.msg.SolutionStatus(status=0),novatel_oem7_msgs.msg.PositionOrVelocityType(type=53)
1786043751028267722,1786043751.026729982,/novatel/oem7/bestvel,/novatel/oem7/bestpos,/novatel/oem7/bestvel,39.663,-75.756,33.181527506,0.003028932,0.000693664,,,,123.841997061,novatel_oem7_msgs.msg.SolutionStatus(status=0),novatel_oem7_msgs.msg.PositionOrVelocityType(type=53)
1786043751029241961,1786043751.027157754,/novatel/oem7/inspva,/novatel/oem7/inspva,/novatel/oem7/inspva,39.663,-75.756,-1.800890340,0.002074083,0.001214200,-0.001672114,0.001227132,0.001214200,,novatel_oem7_msgs.msg.InertialSolutionStatus(status=3),
1786043751030101963,1786043751.027322135,/novatel/oem7/fix,/novatel/oem7/fix,/novatel/oem7/inspva,39.663,-75.756,-1.800890340,0.002074083,0.001214200,-0.001672114,0.001227132,0.001214200,,0,
1786043751031328512,1786043751.027708192,/novatel/oem7/odom,/novatel/oem7/fix,/novatel/oem7/odom,39.663,-75.756,-1.800890340,0.002074304,0.001213822,0.001138737,-0.001733787,0.001213822,,,
1786043751035316458,1786043751.034612115,/novatel/oem7/odom,/novatel/oem7/fix,/novatel/oem7/odom,39.663,-75.756,-1.800890340,0.002074304,0.001213822,0.001138737,-0.001733787,0.001213822,,,
1786043751045901154,1786043751.045347992,/novatel/oem7/inspva,/novatel/oem7/inspva,/novatel/oem7/inspva,39.663,-75.756,-1.800893389,0.000589795,-0.000389532,-0.000018499,-0.000589505,-0.000389532,,novatel_oem7_msgs.msg.InertialSolutionStatus(status=3),
1786043751047323712,1786043751.045524091,/novatel/oem7/fix,/novatel/oem7/fix,/novatel/oem7/inspva,39.663,-75.756,-1.800893389,0.000589795,-0.000389532,-0.000018499,-0.000589505,-0.000389532,,0,
1786043751048530094,1786043751.046053963,/novatel/oem7/odom,/novatel/oem7/fix,/novatel/oem7/odom,39.663,-75.756,-1.800893389,0.000588388,-0.000391654,-0.000588273,0.000011618,-0.000391654,,,
1786043751057132774,1786043751.056451084,/novatel/oem7/odom,/novatel/oem7/fix,/novatel/oem7/odom,39.663,-75.756,-1.800893389,0.000588388,-0.000391654,-0.000588273,0.000011618,-0.000391654,,,
1786043751067811654,1786043751.067237492,/novatel/oem7/inspva,/novatel/oem7/inspva,/novatel/oem7/inspva,39.663,-75.756,-1.800889078,0.000753630,-0.000986048,-0.000612469,-0.000439136,-0.000986048,,novatel_oem7_msgs.msg.InertialSolutionStatus(status=3),
1786043751069225202,1786043751.067438257,/novatel/oem7/fix,/novatel/oem7/fix,/novatel/oem7/inspva,39.663,-75.756,-1.800889078,0.000753630,-0.000986048,-0.000612469,-0.000439136,-0.000986048,,0,
1786043751070408456,1786043751.067852278,/novatel/oem7/odom,/novatel/oem7/fix,/novatel/oem7/odom,39.663,-75.756,-1.800889078,0.000749386,-0.000989278,-0.000465229,-0.000587487,-0.000989278,,,
1786043751075264902,1786043751.074579368,/novatel/oem7/odom,/novatel/oem7/fix,/novatel/oem7/odom,39.663,-75.756,-1.800889078,0.000749386,-0.000989278,-0.000465229,-0.000587487,-0.000989278,,,
1786043751085986116,1786043751.085485747,/novatel/oem7/inspva,/novatel/oem7/inspva,/novatel/oem7/inspva,39.663,-75.756,-1.800863554,0.002032907,0.001196443,-0.001834478,0.000876015,0.001196443,,novatel_oem7_msgs.msg.InertialSolutionStatus(status=3),
1786043751087505311,1786043751.085650946,/novatel/oem7/fix,/novatel/oem7/fix,/novatel/oem7/inspva,39.663,-75.756,-1.800863554,0.002032907,0.001196443,-0.001834478,0.000876015,0.001196443,,0,
1786043751088635766,1786043751.086439554,/novatel/oem7/odom,/novatel/oem7/fix,/novatel/oem7/odom,39.663,-75.756,-1.800863554,0.002034126,0.001194370,0.000780121,-0.001878585,0.001194370,,,
1786043751096399900,1786043751.095703783,/novatel/oem7/odom,/novatel/oem7/fix,/novatel/oem7/odom,39.663,-75.756,-1.800863554,0.002034126,0.001194370,0.000780121,-0.001878585,0.001194370,,,
1786043751106475394,1786043751.105928709,/novatel/oem7/inspva,/novatel/oem7/inspva,/novatel/oem7/inspva,39.663,-75.756,-1.800867976,0.001623527,0.000788224,-0.001408520,0.000807410,0.000788224,,novatel_oem7_msgs.msg.InertialSolutionStatus(status=3),
1786043751107968262,1786043751.106094100,/novatel/oem7/fix,/novatel/oem7/fix,/novatel/oem7/inspva,39.663,-75.756,-1.800867976,0.001623527,0.000788224,-0.001408520,0.000807410,0.000788224,,0,
1786043751109096214,1786043751.106491238,/novatel/oem7/odom,/novatel/oem7/fix,/novatel/oem7/odom,39.663,-75.756,-1.800867976,0.001624052,0.000787143,0.000734078,-0.001448680,0.000787143,,,
1786043751110703703,1786043751.109618356,/novatel/oem7/bestpos,/novatel/oem7/bestpos,/novatel/oem7/odom,39.663,-75.756,33.181586132,0.001624052,0.000787143,0.000734078,-0.001448680,0.000787143,,novatel_oem7_msgs.msg.SolutionStatus(status=0),novatel_oem7_msgs.msg.PositionOrVelocityType(type=53)
1786043751112222175,1786043751.110398304,/novatel/oem7/bestvel,/novatel/oem7/bestpos,/novatel/oem7/bestvel,39.663,-75.756,33.181586132,0.002014425,0.000612249,,,,139.870791631,novatel_oem7_msgs.msg.SolutionStatus(status=0),novatel_oem7_msgs.msg.PositionOrVelocityType(type=53)
1786043751115138507,1786043751.114467731,/novatel/oem7/odom,/novatel/oem7/bestpos,/novatel/oem7/odom,39.663,-75.756,33.181586132,0.001624052,0.000787143,0.000734078,-0.001448680,0.000787143,,,
1786043751127060063,1786043751.126569515,/novatel/oem7/inspva,/novatel/oem7/inspva,/novatel/oem7/inspva,39.663,-75.756,-1.800877744,0.000615922,-0.000163801,0.000543044,-0.000290626,-0.000163801,,novatel_oem7_msgs.msg.InertialSolutionStatus(status=3),
1786043751128469847,1786043751.126724763,/novatel/oem7/fix,/novatel/oem7/fix,/novatel/oem7/inspva,39.663,-75.756,-1.800877744,0.000615922,-0.000163801,0.000543044,-0.000290626,-0.000163801,,0,
1786043751129571819,1786043751.127172865,/novatel/oem7/odom,/novatel/oem7/fix,/novatel/oem7/odom,39.663,-75.756,-1.800877744,0.000616053,-0.000163309,-0.000262894,0.000557143,-0.000163309,,,
1786043751135539961,1786043751.134828991,/novatel/oem7/odom,/novatel/oem7/fix,/novatel/oem7/odom,39.663,-75.756,-1.800877744,0.000616053,-0.000163309,-0.000262894,0.000557143,-0.000163309,,,
1786043751145644692,1786043751.145118444,/novatel/oem7/inspva,/novatel/oem7/inspva,/novatel/oem7/inspva,39.663,-75.756,-1.800882972,0.000575333,-0.000401507,0.000248715,-0.000518796,-0.000401507,,novatel_oem7_msgs.msg.InertialSolutionStatus(status=3),
1786043751147058550,1786043751.145288023,/novatel/oem7/fix,/novatel/oem7/fix,/novatel/oem7/inspva,39.663,-75.756,-1.800882972,0.000575333,-0.000401507,0.000248715,-0.000518796,-0.000401507,,0,
1786043751148205965,1786043751.145638772,/novatel/oem7/odom,/novatel/oem7/fix,/novatel/oem7/odom,39.663,-75.756,-1.800882972,0.000574544,-0.000402635,-0.000504429,0.000275050,-0.000402635,,,
1786043751156598689,1786043751.155872945,/novatel/oem7/odom,/novatel/oem7/fix,/novatel/oem7/odom,39.663,-75.756,-1.800882972,0.000574544,-0.000402635,-0.000504429,0.000275050,-0.000402635,,,
1786043751166046107,1786043751.165383027,/novatel/oem7/inspva,/novatel/oem7/inspva,/novatel/oem7/inspva,39.663,-75.756,-1.800880617,0.001714184,-0.000671208,-0.001710923,-0.000105687,-0.000671208,,novatel_oem7_msgs.msg.InertialSolutionStatus(status=3),
1786043751167736841,1786043751.165573159,/novatel/oem7/fix,/novatel/oem7/fix,/novatel/oem7/inspva,39.663,-75.756,-1.800880617,0.001714184,-0.000671208,-0.001710923,-0.000105687,-0.000671208,,0,
1786043751168839098,1786043751.166298609,/novatel/oem7/odom,/novatel/oem7/fix,/novatel/oem7/odom,39.663,-75.756,-1.800880617,0.001712153,-0.000676370,-0.000187495,-0.001701856,-0.000676370,,,
1786043751175590222,1786043751.174927989,/novatel/oem7/odom,/novatel/oem7/fix,/novatel/oem7/odom,39.663,-75.756,-1.800880617,0.001712153,-0.000676370,-0.000187495,-0.001701856,-0.000676370,,,
1786043751186718461,1786043751.186195865,/novatel/oem7/inspva,/novatel/oem7/inspva,/novatel/oem7/inspva,39.663,-75.756,-1.800883417,0.001158345,-0.000152711,-0.001158317,0.000008066,-0.000152711,,novatel_oem7_msgs.msg.InertialSolutionStatus(status=3),
1786043751188105294,1786043751.186362797,/novatel/oem7/fix,/novatel/oem7/fix,/novatel/oem7/inspva,39.663,-75.756,-1.800883417,0.001158345,-0.000152711,-0.001158317,0.000008066,-0.000152711,,0,
1786043751189199808,1786043751.186830268,/novatel/oem7/odom,/novatel/oem7/fix,/novatel/oem7/odom,39.663,-75.756,-1.800883417,0.001157917,-0.000155927,-0.000048494,-0.001156901,-0.000155927,,,
1786043751195176538,1786043751.194497018,/novatel/oem7/odom,/novatel/oem7/fix,/novatel/oem7/odom,39.663,-75.756,-1.800883417,0.001157917,-0.000155927,-0.000048494,-0.001156901,-0.000155927,,,
1786043751206921093,1786043751.206404674,/novatel/oem7/inspva,/novatel/oem7/inspva,/novatel/oem7/inspva,39.663,-75.756,-1.800889967,0.000962927,0.000373023,0.000837635,-0.000474970,0.000373023,,novatel_oem7_msgs.msg.InertialSolutionStatus(status=3),
1786043751208324380,1786043751.206483323,/novatel/oem7/fix,/novatel/oem7/fix,/novatel/oem7/inspva,39.663,-75.756,-1.800889967,0.000962927,0.000373023,0.000837635,-0.000474970,0.000373023,,0,
1786043751209414854,1786043751.207049747,/novatel/oem7/odom,/novatel/oem7/fix,/novatel/oem7/odom,39.663,-75.756,-1.800889967,0.000962664,0.000373702,-0.000434451,0.000859055,0.000373702,,,
1786043751210959733,1786043751.210237450,/novatel/oem7/bestpos,/novatel/oem7/bestpos,/novatel/oem7/odom,39.663,-75.756,33.181563167,0.000962664,0.000373702,-0.000434451,0.000859055,0.000373702,,novatel_oem7_msgs.msg.SolutionStatus(status=0),novatel_oem7_msgs.msg.PositionOrVelocityType(type=53)
1786043751212394727,1786043751.210700644,/novatel/oem7/bestvel,/novatel/oem7/bestpos,/novatel/oem7/bestvel,39.663,-75.756,33.181563167,0.001075500,-0.000023740,,,,1.511003044,novatel_oem7_msgs.msg.SolutionStatus(status=0),novatel_oem7_msgs.msg.PositionOrVelocityType(type=53)
1786043751216499062,1786043751.215807205,/novatel/oem7/odom,/novatel/oem7/bestpos,/novatel/oem7/odom,39.663,-75.756,33.181563167,0.000962664,0.000373702,-0.000434451,0.000859055,0.000373702,,,
1786043751225479275,1786043751.224974819,/novatel/oem7/inspva,/novatel/oem7/inspva,/novatel/oem7/inspva,39.663,-75.756,-1.800900376,0.001042073,-0.000116544,0.000578445,-0.000866786,-0.000116544,,novatel_oem7_msgs.msg.InertialSolutionStatus(status=3),
1786043751226835775,1786043751.225044365,/novatel/oem7/fix,/novatel/oem7/fix,/novatel/oem7/inspva,39.663,-75.756,-1.800900376,0.001042073,-0.000116544,0.000578445,-0.000866786,-0.000116544,,0,
1786043751227894106,1786043751.225578406,/novatel/oem7/odom,/novatel/oem7/fix,/novatel/oem7/odom,39.663,-75.756,-1.800900376,0.001041913,-0.000117964,-0.000836782,0.000620789,-0.000117964,,,
1786043751235131725,1786043751.234441268,/novatel/oem7/odom,/novatel/oem7/fix,/novatel/oem7/odom,39.663,-75.756,-1.800900376,0.001041913,-0.000117964,-0.000836782,0.000620789,-0.000117964,,,
1786043751246985334,1786043751.246499652,/novatel/oem7/inspva,/novatel/oem7/inspva,/novatel/oem7/inspva,39.663,-75.756,-1.800911818,0.000610519,-0.001517527,-0.000610376,-0.000013227,-0.001517527,,novatel_oem7_msgs.msg.InertialSolutionStatus(status=3),
1786043751248407005,1786043751.246570175,/novatel/oem7/fix,/novatel/oem7/fix,/novatel/oem7/inspva,39.663,-75.756,-1.800911818,0.000610519,-0.001517527,-0.000610376,-0.000013227,-0.001517527,,0,
1786043751249556232,1786043751.247015484,/novatel/oem7/odom,/novatel/oem7/fix,/novatel/oem7/odom,39.663,-75.756,-1.800911818,0.000606181,-0.001519265,-0.000037822,-0.000604999,-0.001519265,,,
1786043751257111332,1786043751.256490082,/novatel/oem7/odom,/novatel/oem7/fix,/novatel/oem7/odom,39.663,-75.756,-1.800911818,0.000606181,-0.001519265,-0.000037822,-0.000604999,-0.001519265,,,
1786043751265614597,1786043751.265131392,/novatel/oem7/inspva,/novatel/oem7/inspva,/novatel/oem7/inspva,39.663,-75.756,-1.800905439,0.001277648,-0.000612605,-0.001274656,-0.000087385,-0.000612605,,novatel_oem7_msgs.msg.InertialSolutionStatus(status=3),
1786043751266977617,1786043751.265199274,/novatel/oem7/fix,/novatel/oem7/fix,/novatel/oem7/inspva,39.663,-75.756,-1.800905439,0.001277648,-0.000612605,-0.001274656,-0.000087385,-0.000612605,,0,
1786043751268056718,1786043751.265575573,/novatel/oem7/odom,/novatel/oem7/fix,/novatel/oem7/odom,39.663,-75.756,-1.800905439,0.001275782,-0.000616480,-0.000147901,-0.001267180,-0.000616480,,,
1786043751276102848,1786043751.275406355,/novatel/oem7/odom,/novatel/oem7/fix,/novatel/oem7/odom,39.663,-75.756,-1.800905439,0.001275782,-0.000616480,-0.000147901,-0.001267180,-0.000616480,,,
1786043751285696138,1786043751.285201996,/novatel/oem7/inspva,/novatel/oem7/inspva,/novatel/oem7/inspva,39.663,-75.756,-1.800899370,0.000420236,0.001254921,0.000229474,0.000352051,0.001254921,,novatel_oem7_msgs.msg.InertialSolutionStatus(status=3),
1786043751287037648,1786043751.285340627,/novatel/oem7/fix,/novatel/oem7/fix,/novatel/oem7/inspva,39.663,-75.756,-1.800899370,0.000420236,0.001254921,0.000229474,0.000352051,0.001254921,,0,
1786043751288144062,1786043751.285943070,/novatel/oem7/odom,/novatel/oem7/fix,/novatel/oem7/odom,39.663,-75.756,-1.800899370,0.000414611,0.001256790,0.000358352,0.000208533,0.001256790,,,
1786043751295871483,1786043751.295168973,/novatel/oem7/odom,/novatel/oem7/fix,/novatel/oem7/odom,39.663,-75.756,-1.800899370,0.000414611,0.001256790,0.000358352,0.000208533,0.001256790,,,
1786043751306679564,1786043751.306124889,/novatel/oem7/inspva,/novatel/oem7/inspva,/novatel/oem7/inspva,39.663,-75.756,-1.800912585,0.000302480,0.000214528,0.000224972,-0.000202192,0.000214528,,novatel_oem7_msgs.msg.InertialSolutionStatus(status=3),
1786043751308082708,1786043751.306271636,/novatel/oem7/fix,/novatel/oem7/fix,/novatel/oem7/inspva,39.663,-75.756,-1.800912585,0.000302480,0.000214528,0.000224972,-0.000202192,0.000214528,,0,
1786043751309248540,1786043751.306709064,/novatel/oem7/odom,/novatel/oem7/fix,/novatel/oem7/odom,39.663,-75.756,-1.800912585,0.000302541,0.000214441,-0.000191638,0.000234107,0.000214441,,,
1786043751310767635,1786043751.309096415,/novatel/oem7/bestpos,/novatel/oem7/bestpos,/novatel/oem7/odom,39.663,-75.756,33.181539370,0.000302541,0.000214441,-0.000191638,0.000234107,0.000214441,,novatel_oem7_msgs.msg.SolutionStatus(status=0),novatel_oem7_msgs.msg.PositionOrVelocityType(type=53)
1786043751311827319,1786043751.309407684,/novatel/oem7/bestvel,/novatel/oem7/bestpos,/novatel/oem7/bestvel,39.663,-75.756,33.181539370,0.001215470,-0.000053968,,,,113.281392413,novatel_oem7_msgs.msg.SolutionStatus(status=0),novatel_oem7_msgs.msg.PositionOrVelocityType(type=53)
1786043751315065442,1786043751.314391958,/novatel/oem7/odom,/novatel/oem7/bestpos,/novatel/oem7/odom,39.663,-75.756,33.181539370,0.000302541,0.000214441,-0.000191638,0.000234107,0.000214441,,,
1786043751325806942,1786043751.325177488,/novatel/oem7/inspva,/novatel/oem7/inspva,/novatel/oem7/inspva,39.663,-75.756,-1.800924260,0.000649226,-0.001327798,0.000515071,-0.000395217,-0.001327798,,novatel_oem7_msgs.msg.InertialSolutionStatus(status=3),
1786043751327173576,1786043751.325262071,/novatel/oem7/fix,/novatel/oem7/fix,/novatel/oem7/inspva,39.663,-75.756,-1.800924260,0.000649226,-0.001327798,0.000515071,-0.000395217,-0.001327798,,0,
1786043751328276734,1786043751.325718191,/novatel/oem7/odom,/novatel/oem7/fix,/novatel/oem7/odom,39.663,-75.756,-1.800924260,0.000649379,-0.001327723,-0.000364559,0.000537392,-0.001327723,,,
1786043751336091115,1786043751.335455339,/novatel/oem7/odom,/novatel/oem7/fix,/novatel/oem7/odom,39.663,-75.756,-1.800924260,0.000649379,-0.001327723,-0.000364559,0.000537392,-0.001327723,,,
1786043751345616588,1786043751.345067892,/novatel/oem7/inspva,/novatel/oem7/inspva,/novatel/oem7/inspva,39.663,-75.756,-1.800920573,0.000692959,-0.001233859,-0.000614912,0.000319491,-0.001233859,,novatel_oem7_msgs.msg.InertialSolutionStatus(status=3),
1786043751347016342,1786043751.345240174,/novatel/oem7/fix,/novatel/oem7/fix,/novatel/oem7/inspva,39.663,-75.756,-1.800920573,0.000692959,-0.001233859,-0.000614912,0.000319491,-0.001233859,,0,
1786043751348168259,1786043751.345658442,/novatel/oem7/odom,/novatel/oem7/fix,/novatel/oem7/odom,39.663,-75.756,-1.800920573,0.000691912,-0.001234447,0.000293267,-0.000626687,-0.001234447,,,
1786043751356207820,1786043751.355549807,/novatel/oem7/odom,/novatel/oem7/fix,/novatel/oem7/odom,39.663,-75.756,-1.800920573,0.000691912,-0.001234447,0.000293267,-0.000626687,-0.001234447,,,
1786043751367179893,1786043751.366719759,/novatel/oem7/inspva,/novatel/oem7/inspva,/novatel/oem7/inspva,39.663,-75.756,-1.800900566,0.000790594,0.001780439,0.000031581,0.000789963,0.001780439,,novatel_oem7_msgs.msg.InertialSolutionStatus(status=3),
1786043751368571700,1786043751.366801823,/novatel/oem7/fix,/novatel/oem7/fix,/novatel/oem7/inspva,39.663,-75.756,-1.800900566,0.000790594,0.001780439,0.000031581,0.000789963,0.001780439,,0,
1786043751369680371,1786043751.367823143,/novatel/oem7/odom,/novatel/oem7/fix,/novatel/oem7/odom,39.663,-75.756,-1.800900566,0.000784131,0.001783294,0.000784038,-0.000012070,0.001783294,,,
1786043751375445572,1786043751.374775982,/novatel/oem7/odom,/novatel/oem7/fix,/novatel/oem7/odom,39.663,-75.756,-1.800900566,0.000784131,0.001783294,0.000784038,-0.000012070,0.001783294,,,
1786043751385460236,1786043751.384885599,/novatel/oem7/inspva,/novatel/oem7/inspva,/novatel/oem7/inspva,39.663,-75.756,-1.800903344,0.000736506,0.002272603,0.000352705,0.000646560,0.002272603,,novatel_oem7_msgs.msg.InertialSolutionStatus(status=3),
1786043751386879620,1786043751.384973221,/novatel/oem7/fix,/novatel/oem7/fix,/novatel/oem7/inspva,39.663,-75.756,-1.800903344,0.000736506,0.002272603,0.000352705,0.000646560,0.002272603,,0,
1786043751388029622,1786043751.385504857,/novatel/oem7/odom,/novatel/oem7/fix,/novatel/oem7/odom,39.663,-75.756,-1.800903344,0.000726452,0.002275837,0.000654881,0.000314426,0.002275837,,,
1786043751396150093,1786043751.395445843,/novatel/oem7/odom,/novatel/oem7/fix,/novatel/oem7/odom,39.663,-75.756,-1.800903344,0.000726452,0.002275837,0.000654881,0.000314426,0.002275837,,,
1786043751406964881,1786043751.406468103,/novatel/oem7/inspva,/novatel/oem7/inspva,/novatel/oem7/inspva,39.663,-75.756,-1.800928697,0.000841636,-0.002141380,0.000773053,-0.000332776,-0.002141380,,novatel_oem7_msgs.msg.InertialSolutionStatus(status=3),
1786043751408371856,1786043751.406641535,/novatel/oem7/fix,/novatel/oem7/fix,/novatel/oem7/inspva,39.663,-75.756,-1.800928697,0.000841636,-0.002141380,0.000773053,-0.000332776,-0.002141380,,0,
1786043751409506193,1786043751.407176994,/novatel/oem7/odom,/novatel/oem7/fix,/novatel/oem7/odom,39.663,-75.756,-1.800928697,0.000844181,-0.002140378,-0.000286476,0.000794086,-0.002140378,,,
1786043751410999532,1786043751.410395145,/novatel/oem7/bestpos,/novatel/oem7/bestpos,/novatel/oem7/odom,39.663,-75.756,33.181531353,0.000844181,-0.002140378,-0.000286476,0.000794086,-0.002140378,,novatel_oem7_msgs.msg.SolutionStatus(status=0),novatel_oem7_msgs.msg.PositionOrVelocityType(type=53)
1786043751412501090,1786043751.410993728,/novatel/oem7/bestvel,/novatel/oem7/bestpos,/novatel/oem7/bestvel,39.663,-75.756,33.181531353,0.000359352,-0.001950366,,,,113.383993993,novatel_oem7_msgs.msg.SolutionStatus(status=0),novatel_oem7_msgs.msg.PositionOrVelocityType(type=53)
1786043751415601371,1786043751.414931040,/novatel/oem7/odom,/novatel/oem7/bestpos,/novatel/oem7/odom,39.663,-75.756,33.181531353,0.000844181,-0.002140378,-0.000286476,0.000794086,-0.002140378,,,
1786043751426644755,1786043751.426066539,/novatel/oem7/inspva,/novatel/oem7/inspva,/novatel/oem7/inspva,39.663,-75.756,-1.800921683,0.000960144,-0.001624183,0.000504946,-0.000816643,-0.001624183,,novatel_oem7_msgs.msg.InertialSolutionStatus(status=3),
1786043751428070883,1786043751.426219454,/novatel/oem7/fix,/novatel/oem7/fix,/novatel/oem7/inspva,39.663,-75.756,-1.800921683,0.000960144,-0.001624183,0.000504946,-0.000816643,-0.001624183,,0,
1786043751429256288,1786043751.426542867,/novatel/oem7/odom,/novatel/oem7/fix,/novatel/oem7/odom,39.663,-75.756,-1.800921683,0.000957751,-0.001625595,-0.000784907,0.000548823,-0.001625595,,,
1786043751435086706,1786043751.434463854,/novatel/oem7/odom,/novatel/oem7/fix,/novatel/oem7/odom,39.663,-75.756,-1.800921683,0.000957751,-0.001625595,-0.000784907,0.000548823,-0.001625595,,,
1786043751445703825,1786043751.445188958,/novatel/oem7/inspva,/novatel/oem7/inspva,/novatel/oem7/inspva,39.663,-75.756,-1.800902591,0.002357254,0.001402954,-0.000535883,0.002295534,0.001402954,,novatel_oem7_msgs.msg.InertialSolutionStatus(status=3),
1786043751447456803,1786043751.445308785,/novatel/oem7/fix,/novatel/oem7/fix,/novatel/oem7/inspva,39.663,-75.756,-1.800902591,0.002357254,0.001402954,-0.000535883,0.002295534,0.001402954,,0,
1786043751448820320,1786043751.446063859,/novatel/oem7/odom,/novatel/oem7/fix,/novatel/oem7/odom,39.663,-75.756,-1.800902591,0.002353382,0.001409439,0.002261240,-0.000652074,0.001409439,,,
1786043751457089409,1786043751.456388672,/novatel/oem7/odom,/novatel/oem7/fix,/novatel/oem7/odom,39.663,-75.756,-1.800902591,0.002353382,0.001409439,0.002261240,-0.000652074,0.001409439,,,
1786043751465599025,1786043751.465063573,/novatel/oem7/inspva,/novatel/oem7/inspva,/novatel/oem7/inspva,39.663,-75.756,-1.800893855,0.000765265,0.002569853,-0.000353646,0.000678650,0.002569853,,novatel_oem7_msgs.msg.InertialSolutionStatus(status=3),
1786043751466997938,1786043751.465215635,/novatel/oem7/fix,/novatel/oem7/fix,/novatel/oem7/inspva,39.663,-75.756,-1.800893855,0.000765265,0.002569853,-0.000353646,0.000678650,0.002569853,,0,
1786043751468095343,1786043751.465704853,/novatel/oem7/odom,/novatel/oem7/fix,/novatel/oem7/odom,39.663,-75.756,-1.800893855,0.000760601,0.002571237,0.000650911,-0.000393483,0.002571237,,,
1786043751475232548,1786043751.474610707,/novatel/oem7/odom,/novatel/oem7/fix,/novatel/oem7/odom,39.663,-75.756,-1.800893855,0.000760601,0.002571237,0.000650911,-0.000393483,0.002571237,,,
1786043751487186297,1786043751.486704814,/novatel/oem7/inspva,/novatel/oem7/inspva,/novatel/oem7/inspva,39.663,-75.756,-1.800921283,0.002314409,-0.001573838,0.001715666,-0.001553376,-0.001573838,,novatel_oem7_msgs.msg.InertialSolutionStatus(status=3),
1786043751488576138,1786043751.486779840,/novatel/oem7/fix,/novatel/oem7/fix,/novatel/oem7/inspva,39.663,-75.756,-1.800921283,0.002314409,-0.001573838,0.001715666,-0.001553376,-0.001573838,,0,
1786043751489696543,1786043751.487387603,/novatel/oem7/odom,/novatel/oem7/fix,/novatel/oem7/odom,39.663,-75.756,-1.800921283,0.002313908,-0.001574574,-0.001461170,0.001794199,-0.001574574,,,
1786043751495590378,1786043751.494924783,/novatel/oem7/odom,/novatel/oem7/fix,/novatel/oem7/odom,39.663,-75.756,-1.800921283,0.002313908,-0.001574574,-0.001461170,0.001794199,-0.001574574,,,
1786043751506662835,1786043751.506148607,/novatel/oem7/inspva,/novatel/oem7/inspva,/novatel/oem7/inspva,39.663,-75.756,-1.800916607,0.001201857,-0.001185685,0.001039913,-0.000602529,-0.001185685,,novatel_oem7_msgs.msg.InertialSolutionStatus(status=3),
1786043751508019499,1786043751.506297456,/novatel/oem7/fix,/novatel/oem7/fix,/novatel/oem7/inspva,39.663,-75.756,-1.800916607,0.001201857,-0.001185685,0.001039913,-0.000602529,-0.001185685,,0,
1786043751509134300,1786043751.506681339,/novatel/oem7/odom,/novatel/oem7/fix,/novatel/oem7/odom,39.663,-75.756,-1.800916607,0.001202652,-0.001184878,-0.000546245,0.001071442,-0.001184878,,,
1786043751512239321,1786043751.511458482,/novatel/oem7/bestpos,/novatel/oem7/bestpos,/novatel/oem7/odom,39.663,-75.756,33.181532985,0.001202652,-0.001184878,-0.000546245,0.001071442,-0.001184878,,novatel_oem7_msgs.msg.SolutionStatus(status=0),novatel_oem7_msgs.msg.PositionOrVelocityType(type=53)
1786043751513925492,1786043751.512595224,/novatel/oem7/bestvel,/novatel/oem7/bestpos,/novatel/oem7/bestvel,39.663,-75.756,33.181532985,0.002018105,-0.000592914,,,,300.528199992,novatel_oem7_msgs.msg.SolutionStatus(status=0),novatel_oem7_msgs.msg.PositionOrVelocityType(type=53)
1786043751516198158,1786043751.515527481,/novatel/oem7/odom,/novatel/oem7/bestpos,/novatel/oem7/odom,39.663,-75.756,33.181532985,0.001202652,-0.001184878,-0.000546245,0.001071442,-0.001184878,,,
1786043751526035759,1786043751.525494248,/novatel/oem7/inspva,/novatel/oem7/inspva,/novatel/oem7/inspva,39.663,-75.756,-1.800904536,0.002315267,0.000570880,-0.001110127,0.002031768,0.000570880,,novatel_oem7_msgs.msg.InertialSolutionStatus(status=3),
1786043751527494848,1786043751.525656252,/novatel/oem7/fix,/novatel/oem7/fix,/novatel/oem7/inspva,39.663,-75.756,-1.800904536,0.002315267,0.000570880,-0.001110127,0.002031768,0.000570880,,0,
1786043751528656969,1786043751.526335686,/novatel/oem7/odom,/novatel/oem7/fix,/novatel/oem7/odom,39.663,-75.756,-1.800904536,0.002314272,0.000574903,0.001972503,-0.001210408,0.000574903,,,
1786043751535838491,1786043751.535193656,/novatel/oem7/odom,/novatel/oem7/fix,/novatel/oem7/odom,39.663,-75.756,-1.800904536,0.002314272,0.000574903,0.001972503,-0.001210408,0.000574903,,,
1786043751547474854,1786043751.546759257,/novatel/oem7/inspva,/novatel/oem7/inspva,/novatel/oem7/inspva,39.663,-75.756,-1.800897692,0.000821052,0.001072861,-0.000465621,0.000676257,0.001072861,,novatel_oem7_msgs.msg.InertialSolutionStatus(status=3),
1786043751548901235,1786043751.546966026,/novatel/oem7/fix,/novatel/oem7/fix,/novatel/oem7/inspva,39.663,-75.756,-1.800897692,0.000821052,0.001072861,-0.000465621,0.000676257,0.001072861,,0,
1786043751550057047,1786043751.547413407,/novatel/oem7/odom,/novatel/oem7/fix,/novatel/oem7/odom,39.663,-75.756,-1.800897692,0.000819652,0.001073930,0.000648540,-0.000501224,0.001073930,,,
1786043751556439224,1786043751.555732967,/novatel/oem7/odom,/novatel/oem7/fix,/novatel/oem7/odom,39.663,-75.756,-1.800897692,0.000819652,0.001073930,0.000648540,-0.000501224,0.001073930,,,
1786043751565841605,1786043751.565274619,/novatel/oem7/inspva,/novatel/oem7/inspva,/novatel/oem7/inspva,39.663,-75.756,-1.800904373,0.002433890,0.000246882,0.001941850,-0.001467324,0.000246882,,novatel_oem7_msgs.msg.InertialSolutionStatus(status=3),
1786043751567401010,1786043751.565475261,/novatel/oem7/fix,/novatel/oem7/fix,/novatel/oem7/inspva,39.663,-75.756,-1.800904373,0.002433890,0.000246882,0.001941850,-0.001467324,0.000246882,,0,
1786043751568550075,1786043751.565980266,/novatel/oem7/odom,/novatel/oem7/fix,/novatel/oem7/odom,39.663,-75.756,-1.800904373,0.002433866,0.000247115,-0.001370777,0.002011138,0.000247115,,,
1786043751576262556,1786043751.575580305,/novatel/oem7/odom,/novatel/oem7/fix,/novatel/oem7/odom,39.663,-75.756,-1.800904373,0.002433866,0.000247115,-0.001370777,0.002011138,0.000247115,,,
1786043751586037310,1786043751.585432328,/novatel/oem7/inspva,/novatel/oem7/inspva,/novatel/oem7/inspva,39.663,-75.756,-1.800907290,0.001784402,0.000305766,0.001643638,-0.000694653,0.000305766,,novatel_oem7_msgs.msg.InertialSolutionStatus(status=3),
1786043751587600412,1786043751.585611879,/novatel/oem7/fix,/novatel/oem7/fix,/novatel/oem7/inspva,39.663,-75.756,-1.800907290,0.001784402,0.000305766,0.001643638,-0.000694653,0.000305766,,0,
1786043751588741191,1786043751.586133875,/novatel/oem7/odom,/novatel/oem7/fix,/novatel/oem7/odom,39.663,-75.756,-1.800907290,0.001784026,0.000307949,-0.000613941,0.001675060,0.000307949,,,
1786043751595258666,1786043751.594498324,/novatel/oem7/odom,/novatel/oem7/fix,/novatel/oem7/odom,39.663,-75.756,-1.800907290,0.001784026,0.000307949,-0.000613941,0.001675060,0.000307949,,,
1786043751606400341,1786043751.605768717,/novatel/oem7/inspva,/novatel/oem7/inspva,/novatel/oem7/inspva,39.663,-75.756,-1.800907652,0.001011206,-0.000632786,-0.000165421,0.000997584,-0.000632786,,novatel_oem7_msgs.msg.InertialSolutionStatus(status=3),
1786043751607868965,1786043751.605933859,/novatel/oem7/fix,/novatel/oem7/fix,/novatel/oem7/inspva,39.663,-75.756,-1.800907652,0.001011206,-0.000632786,-0.000165421,0.000997584,-0.000632786,,0,
1786043751608962659,1786043751.606600147,/novatel/oem7/odom,/novatel/oem7/fix,/novatel/oem7/odom,39.663,-75.756,-1.800907652,0.001013102,-0.000629746,0.000990516,-0.000212728,-0.000629746,,,
1786043751611145611,1786043751.610324397,/novatel/oem7/bestpos,/novatel/oem7/bestpos,/novatel/oem7/odom,39.663,-75.756,33.181529420,0.001013102,-0.000629746,0.000990516,-0.000212728,-0.000629746,,novatel_oem7_msgs.msg.SolutionStatus(status=0),novatel_oem7_msgs.msg.PositionOrVelocityType(type=53)
1786043751612815192,1786043751.610818692,/novatel/oem7/bestvel,/novatel/oem7/bestpos,/novatel/oem7/bestvel,39.663,-75.756,33.181529420,0.000135215,-0.000155607,,,,276.522612734,novatel_oem7_msgs.msg.SolutionStatus(status=0),novatel_oem7_msgs.msg.PositionOrVelocityType(type=53)
1786043751615992826,1786043751.615302603,/novatel/oem7/odom,/novatel/oem7/bestpos,/novatel/oem7/odom,39.663,-75.756,33.181529420,0.001013102,-0.000629746,0.000990516,-0.000212728,-0.000629746,,,
1786043751625698831,1786043751.625129995,/novatel/oem7/inspva,/novatel/oem7/inspva,/novatel/oem7/inspva,39.663,-75.756,-1.800894847,0.000601878,0.000416287,0.000522326,-0.000299052,0.000416287,,novatel_oem7_msgs.msg.InertialSolutionStatus(status=3),
1786043751627083571,1786043751.625291613,/novatel/oem7/fix,/novatel/oem7/fix,/novatel/oem7/inspva,39.663,-75.756,-1.800894847,0.000601878,0.000416287,0.000522326,-0.000299052,0.000416287,,0,
1786043751628269056,1786043751.625670177,/novatel/oem7/odom,/novatel/oem7/fix,/novatel/oem7/odom,39.663,-75.756,-1.800894847,0.000601598,0.000416691,-0.000274475,0.000535335,0.000416691,,,
1786043751636266449,1786043751.635629766,/novatel/oem7/odom,/novatel/oem7/fix,/novatel/oem7/odom,39.663,-75.756,-1.800894847,0.000601598,0.000416691,-0.000274475,0.000535335,0.000416691,,,
1786043751647191749,1786043751.646674297,/novatel/oem7/inspva,/novatel/oem7/inspva,/novatel/oem7/inspva,39.663,-75.756,-1.800884513,0.001225181,0.001302297,0.001193122,0.000278441,0.001302297,,novatel_oem7_msgs.msg.InertialSolutionStatus(status=3),
1786043751648658650,1786043751.646831332,/novatel/oem7/fix,/novatel/oem7/fix,/novatel/oem7/inspva,39.663,-75.756,-1.800884513,0.001225181,0.001302297,0.001193122,0.000278441,0.001302297,,0,
1786043751649786445,1786043751.647258569,/novatel/oem7/odom,/novatel/oem7/fix,/novatel/oem7/odom,39.663,-75.756,-1.800884513,0.001220540,0.001306649,0.000332119,0.001174485,0.001306649,,,
1786043751657056414,1786043751.656370867,/novatel/oem7/odom,/novatel/oem7/fix,/novatel/oem7/odom,39.663,-75.756,-1.800884513,0.001220540,0.001306649,0.000332119,0.001174485,0.001306649,,,
1786043751666415831,1786043751.665925266,/novatel/oem7/inspva,/novatel/oem7/inspva,/novatel/oem7/inspva,39.663,-75.756,-1.800888742,0.001587756,0.001088814,0.001558327,0.000304278,0.001088814,,novatel_oem7_msgs.msg.InertialSolutionStatus(status=3),
1786043751667838098,1786043751.666070195,/novatel/oem7/fix,/novatel/oem7/fix,/novatel/oem7/inspva,39.663,-75.756,-1.800888742,0.001587756,0.001088814,0.001558327,0.000304278,0.001088814,,0,
1786043751668956413,1786043751.666483515,/novatel/oem7/odom,/novatel/oem7/fix,/novatel/oem7/odom,39.663,-75.756,-1.800888742,0.001583959,0.001094330,0.000376666,0.001538521,0.001094330,,,
1786043751676120641,1786043751.675436758,/novatel/oem7/odom,/novatel/oem7/fix,/novatel/oem7/odom,39.663,-75.756,-1.800888742,0.001583959,0.001094330,0.000376666,0.001538521,0.001094330,,,
1786043751685929453,1786043751.685329124,/novatel/oem7/inspva,/novatel/oem7/inspva,/novatel/oem7/inspva,39.663,-75.756,-1.800904621,0.001211944,-0.001596507,0.000850212,-0.000863683,-0.001596507,,novatel_oem7_msgs.msg.InertialSolutionStatus(status=3),
1786043751687344571,1786043751.685537282,/novatel/oem7/fix,/novatel/oem7/fix,/novatel/oem7/inspva,39.663,-75.756,-1.800904621,0.001211944,-0.001596507,0.000850212,-0.000863683,-0.001596507,,0,
1786043751688456185,1786043751.686031821,/novatel/oem7/odom,/novatel/oem7/fix,/novatel/oem7/odom,39.663,-75.756,-1.800904621,0.001211124,-0.001597129,-0.000814897,0.000895971,-0.001597129,,,
1786043751696227159,1786043751.695520262,/novatel/oem7/odom,/novatel/oem7/fix,/novatel/oem7/odom,39.663,-75.756,-1.800904621,0.001211124,-0.001597129,-0.000814897,0.000895971,-0.001597129,,,
1786043751706700017,1786043751.705998377,/novatel/oem7/inspva,/novatel/oem7/inspva,/novatel/oem7/inspva,39.663,-75.756,-1.800889025,0.000926094,-0.000762235,0.000924682,-0.000051130,-0.000762235,,novatel_oem7_msgs.msg.InertialSolutionStatus(status=3),
1786043751708311757,1786043751.706164706,/novatel/oem7/fix,/novatel/oem7/fix,/novatel/oem7/inspva,39.663,-75.756,-1.800889025,0.000926094,-0.000762235,0.000924682,-0.000051130,-0.000762235,,0,
1786043751709491275,1786043751.707595283,/novatel/oem7/odom,/novatel/oem7/fix,/novatel/oem7/odom,39.663,-75.756,-1.800889025,0.000928087,-0.000759807,-0.000002717,0.000928083,-0.000759807,,,
1786043751711076001,1786043751.709540410,/novatel/oem7/bestpos,/novatel/oem7/bestpos,/novatel/oem7/odom,39.663,-75.756,33.181550547,0.000928087,-0.000759807,-0.000002717,0.000928083,-0.000759807,,novatel_oem7_msgs.msg.SolutionStatus(status=0),novatel_oem7_msgs.msg.PositionOrVelocityType(type=53)
1786043751712098025,1786043751.710133232,/novatel/oem7/bestvel,/novatel/oem7/bestpos,/novatel/oem7/bestvel,39.663,-75.756,33.181550547,0.001256195,0.000342497,,,,273.974516780,novatel_oem7_msgs.msg.SolutionStatus(status=0),novatel_oem7_msgs.msg.PositionOrVelocityType(type=53)
1786043751715043301,1786043751.714360978,/novatel/oem7/odom,/novatel/oem7/bestpos,/novatel/oem7/odom,39.663,-75.756,33.181550547,0.000928087,-0.000759807,-0.000002717,0.000928083,-0.000759807,,,
1786043751726929914,1786043751.726366058,/novatel/oem7/inspva,/novatel/oem7/inspva,/novatel/oem7/inspva,39.663,-75.756,-1.800866921,0.000324391,0.001813862,0.000232613,0.000226099,0.001813862,,novatel_oem7_msgs.msg.InertialSolutionStatus(status=3),
1786043751728397945,1786043751.726531813,/novatel/oem7/fix,/novatel/oem7/fix,/novatel/oem7/inspva,39.663,-75.756,-1.800866921,0.000324391,0.001813862,0.000232613,0.000226099,0.001813862,,0,
1786043751729467719,1786043751.727221170,/novatel/oem7/odom,/novatel/oem7/fix,/novatel/oem7/odom,39.663,-75.756,-1.800866921,0.000316175,0.001815312,0.000230536,0.000216380,0.001815312,,,
1786043751735692164,1786043751.734992330,/novatel/oem7/odom,/novatel/oem7/fix,/novatel/oem7/odom,39.663,-75.756,-1.800866921,0.000316175,0.001815312,0.000230536,0.000216380,0.001815312,,,
1786043751745501103,1786043751.744935210,/novatel/oem7/inspva,/novatel/oem7/inspva,/novatel/oem7/inspva,39.663,-75.756,-1.800878758,0.001444015,0.000859370,0.000868475,0.001153659,0.000859370,,novatel_oem7_msgs.msg.InertialSolutionStatus(status=3),
1786043751746982220,1786043751.745078285,/novatel/oem7/fix,/novatel/oem7/fix,/novatel/oem7/inspva,39.663,-75.756,-1.800878758,0.001444015,0.000859370,0.000868475,0.001153659,0.000859370,,0,
1786043751748079555,1786043751.745488013,/novatel/oem7/odom,/novatel/oem7/fix,/novatel/oem7/odom,39.663,-75.756,-1.800878758,0.001440085,0.000865939,0.001191882,0.000808247,0.000865939,,,
1786043751756335811,1786043751.755615781,/novatel/oem7/odom,/novatel/oem7/fix,/novatel/oem7/odom,39.663,-75.756,-1.800878758,0.001440085,0.000865939,0.001191882,0.000808247,0.000865939,,,
1786043751765858399,1786043751.765271943,/novatel/oem7/inspva,/novatel/oem7/inspva,/novatel/oem7/inspva,39.663,-75.756,-1.800894586,0.001676220,-0.001164390,0.001544584,-0.000651133,-0.001164390,,novatel_oem7_msgs.msg.InertialSolutionStatus(status=3),
1786043751767244633,1786043751.765418092,/novatel/oem7/fix,/novatel/oem7/fix,/novatel/oem7/inspva,39.663,-75.756,-1.800894586,0.001676220,-0.001164390,0.001544584,-0.000651133,-0.001164390,,0,
1786043751768355141,1786043751.766118260,/novatel/oem7/odom,/novatel/oem7/fix,/novatel/oem7/odom,39.663,-75.756,-1.800894586,0.001677659,-0.001162316,-0.000569918,0.001577889,-0.001162316,,,
1786043751775699778,1786043751.774982231,/novatel/oem7/odom,/novatel/oem7/fix,/novatel/oem7/odom,39.663,-75.756,-1.800894586,0.001677659,-0.001162316,-0.000569918,0.001577889,-0.001162316,,,
1786043751786633631,1786043751.785977491,/novatel/oem7/inspva,/novatel/oem7/inspva,/novatel/oem7/inspva,39.663,-75.756,-1.800889434,0.001950727,-0.001199356,0.001545343,-0.001190483,-0.001199356,,novatel_oem7_msgs.msg.InertialSolutionStatus(status=3),
1786043751788000581,1786043751.786122249,/novatel/oem7/fix,/novatel/oem7/fix,/novatel/oem7/inspva,39.663,-75.756,-1.800889434,0.001950727,-0.001199356,0.001545343,-0.001190483,-0.001199356,,0,
1786043751789157753,1786043751.786462021,/novatel/oem7/odom,/novatel/oem7/fix,/novatel/oem7/odom,39.663,-75.756,-1.800889434,0.001950822,-0.001199201,-0.001108471,0.001605304,-0.001199201,,,
1786043751795204107,1786043751.794532496,/novatel/oem7/odom,/novatel/oem7/fix,/novatel/oem7/odom,39.663,-75.756,-1.800889434,0.001950822,-0.001199201,-0.001108471,0.001605304,-0.001199201,,,
1786043751807122219,1786043751.806573261,/novatel/oem7/inspva,/novatel/oem7/inspva,/novatel/oem7/inspva,39.663,-75.756,-1.800867176,0.000578899,0.001139888,-0.000018931,0.000578590,0.001139888,,novatel_oem7_msgs.msg.InertialSolutionStatus(status=3),
1786043751808605374,1786043751.806729585,/novatel/oem7/fix,/novatel/oem7/fix,/novatel/oem7/inspva,39.663,-75.756,-1.800867176,0.000578899,0.001139888,-0.000018931,0.000578590,0.001139888,,0,
1786043751809760209,1786043751.807193523,/novatel/oem7/odom,/novatel/oem7/fix,/novatel/oem7/odom,39.663,-75.756,-1.800867176,0.000574972,0.001141874,0.000572753,-0.000050461,0.001141874,,,
1786043751811530733,1786043751.810308391,/novatel/oem7/bestpos,/novatel/oem7/bestpos,/novatel/oem7/odom,39.663,-75.756,33.181547050,0.000574972,0.001141874,0.000572753,-0.000050461,0.001141874,,novatel_oem7_msgs.msg.SolutionStatus(status=0),novatel_oem7_msgs.msg.PositionOrVelocityType(type=53)
1786043751812507343,1786043751.810618144,/novatel/oem7/bestvel,/novatel/oem7/bestpos,/novatel/oem7/bestvel,39.663,-75.756,33.181547050,0.000440480,0.001085146,,,,38.816521456,novatel_oem7_msgs.msg.SolutionStatus(status=0),novatel_oem7_msgs.msg.PositionOrVelocityType(type=53)
1786043751816083662,1786043751.815381539,/novatel/oem7/odom,/novatel/oem7/bestpos,/novatel/oem7/odom,39.663,-75.756,33.181547050,0.000574972,0.001141874,0.000572753,-0.000050461,0.001141874,,,
1786043751826599481,1786043751.825957288,/novatel/oem7/inspva,/novatel/oem7/inspva,/novatel/oem7/inspva,39.663,-75.756,-1.800866662,0.001042905,0.001264396,0.000759546,0.000714661,0.001264396,,novatel_oem7_msgs.msg.InertialSolutionStatus(status=3),
1786043751828002635,1786043751.826098766,/novatel/oem7/fix,/novatel/oem7/fix,/novatel/oem7/inspva,39.663,-75.756,-1.800866662,0.001042905,0.001264396,0.000759546,0.000714661,0.001264396,,0,
1786043751829079472,1786043751.826583457,/novatel/oem7/odom,/novatel/oem7/fix,/novatel/oem7/odom,39.663,-75.756,-1.800866662,0.001037196,0.001269083,0.000746545,0.000720032,0.001269083,,,
1786043751835001525,1786043751.834313231,/novatel/oem7/odom,/novatel/oem7/fix,/novatel/oem7/odom,39.663,-75.756,-1.800866662,0.001037196,0.001269083,0.000746545,0.000720032,0.001269083,,,
1786043751847216844,1786043751.846558321,/novatel/oem7/inspva,/novatel/oem7/inspva,/novatel/oem7/inspva,39.663,-75.756,-1.800883346,0.002691917,-0.001119504,0.002492074,-0.001017834,-0.001119504,,novatel_oem7_msgs.msg.InertialSolutionStatus(status=3),
1786043751848727272,1786043751.846706405,/novatel/oem7/fix,/novatel/oem7/fix,/novatel/oem7/inspva,39.663,-75.756,-1.800883346,0.002691917,-0.001119504,0.002492074,-0.001017834,-0.001119504,,0,
1786043751849892224,1786043751.847141433,/novatel/oem7/odom,/novatel/oem7/fix,/novatel/oem7/odom,39.663,-75.756,-1.800883346,0.002693342,-0.001116071,-0.000889626,0.002542176,-0.001116071,,,
1786043751857200534,1786043751.856502523,/novatel/oem7/odom,/novatel/oem7/fix,/novatel/oem7/odom,39.663,-75.756,-1.800883346,0.002693342,-0.001116071,-0.000889626,0.002542176,-0.001116071,,,
1786043751865599244,1786043751.864997342,/novatel/oem7/inspva,/novatel/oem7/inspva,/novatel/oem7/inspva,39.663,-75.756,-1.800886354,0.002486776,-0.000995874,0.002346127,-0.000824465,-0.000995874,,novatel_oem7_msgs.msg.InertialSolutionStatus(status=3),
1786043751866962925,1786043751.865130037,/novatel/oem7/fix,/novatel/oem7/fix,/novatel/oem7/inspva,39.663,-75.756,-1.800886354,0.002486776,-0.000995874,0.002346127,-0.000824465,-0.000995874,,0,
1786043751868041866,1786043751.865656632,/novatel/oem7/odom,/novatel/oem7/fix,/novatel/oem7/odom,39.663,-75.756,-1.800886354,0.002488265,-0.000992146,-0.000704186,0.002386543,-0.000992146,,,
1786043751875089759,1786043751.874353615,/novatel/oem7/odom,/novatel/oem7/fix,/novatel/oem7/odom,39.663,-75.756,-1.800886354,0.002488265,-0.000992146,-0.000704186,0.002386543,-0.000992146,,,
1786043751887101333,1786043751.886476906,/novatel/oem7/inspva,/novatel/oem7/inspva,/novatel/oem7/inspva,39.663,-75.756,-1.800886243,0.000470350,-0.000401058,0.000277580,0.000379708,-0.000401058,,novatel_oem7_msgs.msg.InertialSolutionStatus(status=3),
1786043751888595621,1786043751.886617685,/novatel/oem7/fix,/novatel/oem7/fix,/novatel/oem7/inspva,39.663,-75.756,-1.800886243,0.000470350,-0.000401058,0.000277580,0.000379708,-0.000401058,,0,
1786043751889732913,1786043751.887119887,/novatel/oem7/odom,/novatel/oem7/fix,/novatel/oem7/odom,39.663,-75.756,-1.800886243,0.000472160,-0.000398925,0.000394394,0.000259593,-0.000398925,,,
1786043751895277015,1786043751.894562924,/novatel/oem7/odom,/novatel/oem7/fix,/novatel/oem7/odom,39.663,-75.756,-1.800886243,0.000472160,-0.000398925,0.000394394,0.000259593,-0.000398925,,,
1786043751906517511,1786043751.905808937,/novatel/oem7/inspva,/novatel/oem7/inspva,/novatel/oem7/inspva,39.663,-75.756,-1.800882883,0.000779297,0.000386182,0.000487570,0.000607931,0.000386182,,novatel_oem7_msgs.msg.InertialSolutionStatus(status=3),
1786043751908049976,1786043751.905990796,/novatel/oem7/fix,/novatel/oem7/fix,/novatel/oem7/inspva,39.663,-75.756,-1.800882883,0.000779297,0.000386182,0.000487570,0.000607931,0.000386182,,0,
1786043751909223484,1786043751.906529054,/novatel/oem7/odom,/novatel/oem7/fix,/novatel/oem7/odom,39.663,-75.756,-1.800882883,0.000777539,0.000389710,0.000629802,0.000455979,0.000389710,,,
1786043751910917638,1786043751.909365356,/novatel/oem7/bestpos,/novatel/oem7/bestpos,/novatel/oem7/odom,39.663,-75.756,33.181535003,0.000777539,0.000389710,0.000629802,0.000455979,0.000389710,,novatel_oem7_msgs.msg.SolutionStatus(status=0),novatel_oem7_msgs.msg.PositionOrVelocityType(type=53)
1786043751911870644,1786043751.910141947,/novatel/oem7/bestvel,/novatel/oem7/bestpos,/novatel/oem7/bestvel,39.663,-75.756,33.181535003,0.000436409,0.000649120,,,,31.062187766,novatel_oem7_msgs.msg.SolutionStatus(status=0),novatel_oem7_msgs.msg.PositionOrVelocityType(type=53)
1786043751915445453,1786043751.914703399,/novatel/oem7/odom,/novatel/oem7/bestpos,/novatel/oem7/odom,39.663,-75.756,33.181535003,0.000777539,0.000389710,0.000629802,0.000455979,0.000389710,,,
1786043751925983722,1786043751.925348585,/novatel/oem7/inspva,/novatel/oem7/inspva,/novatel/oem7/inspva,39.663,-75.756,-1.800890300,0.003217201,-0.000066186,0.002966297,-0.001245579,-0.000066186,,novatel_oem7_msgs.msg.InertialSolutionStatus(status=3),
1786043751927481694,1786043751.925510864,/novatel/oem7/fix,/novatel/oem7/fix,/novatel/oem7/inspva,39.663,-75.756,-1.800890300,0.003217201,-0.000066186,0.002966297,-0.001245579,-0.000066186,,0,
1786043751928569042,1786043751.926141970,/novatel/oem7/odom,/novatel/oem7/fix,/novatel/oem7/odom,39.663,-75.756,-1.800890300,0.003217279,-0.000062299,-0.001097632,0.003024250,-0.000062299,,,
1786043751935838547,1786043751.935089217,/novatel/oem7/odom,/novatel/oem7/fix,/novatel/oem7/odom,39.663,-75.756,-1.800890300,0.003217279,-0.000062299,-0.001097632,0.003024250,-0.000062299,,,
1786043751946852891,1786043751.946126653,/novatel/oem7/inspva,/novatel/oem7/inspva,/novatel/oem7/inspva,39.663,-75.756,-1.800898870,0.002566573,-0.000518814,0.002460620,-0.000729825,-0.000518814,,novatel_oem7_msgs.msg.InertialSolutionStatus(status=3),
1786043751948319272,1786043751.946283272,/novatel/oem7/fix,/novatel/oem7/fix,/novatel/oem7/inspva,39.663,-75.756,-1.800898870,0.002566573,-0.000518814,0.002460620,-0.000729825,-0.000518814,,0,
1786043751949487484,1786043751.946891808,/novatel/oem7/odom,/novatel/oem7/fix,/novatel/oem7/odom,39.663,-75.756,-1.800898870,0.002567461,-0.000514401,-0.000605763,0.002494977,-0.000514401,,,
1786043751956539878,1786043751.955773370,/novatel/oem7/odom,/novatel/oem7/fix,/novatel/oem7/odom,39.663,-75.756,-1.800898870,0.002567461,-0.000514401,-0.000605763,0.002494977,-0.000514401,,,
1786043751966081293,1786043751.965450784,/novatel/oem7/inspva,/novatel/oem7/inspva,/novatel/oem7/inspva,39.663,-75.756,-1.800901923,0.001231578,-0.000668290,0.000922311,0.000816166,-0.000668290,,novatel_oem7_msgs.msg.InertialSolutionStatus(status=3),
1786043751967606855,1786043751.965603738,/novatel/oem7/fix,/novatel/oem7/fix,/novatel/oem7/inspva,39.663,-75.756,-1.800901923,0.001231578,-0.000668290,0.000922311,0.000816166,-0.000668290,,0,
1786043751969004899,1786043751.966369900,/novatel/oem7/odom,/novatel/oem7/fix,/novatel/oem7/odom,39.663,-75.756,-1.800901923,0.001234549,-0.000662785,0.000863070,0.000882736,-0.000662785,,,
1786043751976334496,1786043751.975607122,/novatel/oem7/odom,/novatel/oem7/fix,/novatel/oem7/odom,39.663,-75.756,-1.800901923,0.001234549,-0.000662785,0.000863070,0.000882736,-0.000662785,,,
1786043751985681109,1786043751.984982209,/novatel/oem7/inspva,/novatel/oem7/inspva,/novatel/oem7/inspva,39.663,-75.756,-1.800891564,0.000871563,0.000413193,0.000823949,-0.000284130,0.000413193,,novatel_oem7_msgs.msg.InertialSolutionStatus(status=3),
1786043751987148898,1786043751.985139664,/novatel/oem7/fix,/novatel/oem7/fix,/novatel/oem7/inspva,39.663,-75.756,-1.800891564,0.000871563,0.000413193,0.000823949,-0.000284130,0.000413193,,0,
1786043751988249032,1786043751.985621289,/novatel/oem7/odom,/novatel/oem7/fix,/novatel/oem7/odom,39.663,-75.756,-1.800891564,0.000870931,0.000414523,-0.000244698,0.000835849,0.000414523,,,
1786043751995207051,1786043751.994495031,/novatel/oem7/odom,/novatel/oem7/fix,/novatel/oem7/odom,39.663,-75.756,-1.800891564,0.000870931,0.000414523,-0.000244698,0.000835849,0.000414523,,,
1786043752009153184,1786043752.008465604,/novatel/oem7/inspva,/novatel/oem7/inspva,/novatel/oem7/inspva,39.663,-75.756,-1.800885904,0.003056779,0.001081864,0.002923222,-0.000893682,0.001081864,,novatel_oem7_msgs.msg.InertialSolutionStatus(status=3),
1786043752010702673,1786043752.008626636,/novatel/oem7/fix,/novatel/oem7/fix,/novatel/oem7/inspva,39.663,-75.756,-1.800885904,0.003056779,0.001081864,0.002923222,-0.000893682,0.001081864,,0,
1786043752011829048,1786043752.009879278,/novatel/oem7/odom,/novatel/oem7/fix,/novatel/oem7/odom,39.663,-75.756,-1.800885904,0.003054970,0.001086960,-0.000752541,0.002960832,0.001086960,,,
1786043752017386197,1786043752.016660819,/novatel/oem7/odom,/novatel/oem7/fix,/novatel/oem7/odom,39.663,-75.756,-1.800885904,0.003054970,0.001086960,-0.000752541,0.002960832,0.001086960,,,
1786043752026111581,1786043752.025491465,/novatel/oem7/bestpos,/novatel/oem7/bestpos,/novatel/oem7/odom,39.663,-75.756,33.181529100,0.003054970,0.001086960,-0.000752541,0.002960832,0.001086960,,novatel_oem7_msgs.msg.SolutionStatus(status=0),novatel_oem7_msgs.msg.PositionOrVelocityType(type=53)
1786043752027583319,1786043752.026506365,/novatel/oem7/bestvel,/novatel/oem7/bestpos,/novatel/oem7/bestvel,39.663,-75.756,33.181529100,0.002685967,0.000816328,,,,357.714089566,novatel_oem7_msgs.msg.SolutionStatus(status=0),novatel_oem7_msgs.msg.PositionOrVelocityType(type=53)
1786043752029198669,1786043752.027673963,/novatel/oem7/inspva,/novatel/oem7/inspva,/novatel/oem7/inspva,39.663,-75.756,-1.800891222,0.002854467,0.000184632,0.002679916,-0.000982871,0.000184632,,novatel_oem7_msgs.msg.InertialSolutionStatus(status=3),
1786043752030056563,1786043752.027813738,/novatel/oem7/fix,/novatel/oem7/fix,/novatel/oem7/inspva,39.663,-75.756,-1.800891222,0.002854467,0.000184632,0.002679916,-0.000982871,0.000184632,,0,
1786043752031151248,1786043752.028215189,/novatel/oem7/odom,/novatel/oem7/fix,/novatel/oem7/odom,39.663,-75.756,-1.800891222,0.002854200,0.000188726,-0.000850318,0.002724595,0.000188726,,,
1786043752035959253,1786043752.035007000,/novatel/oem7/odom,/novatel/oem7/fix,/novatel/oem7/odom,39.663,-75.756,-1.800891222,0.002854200,0.000188726,-0.000850318,0.002724595,0.000188726,,,
1786043752046218252,1786043752.045651556,/novatel/oem7/inspva,/novatel/oem7/inspva,/novatel/oem7/inspva,39.663,-75.756,-1.800905563,0.002013146,-0.001032941,0.001950027,-0.000500155,-0.001032941,,novatel_oem7_msgs.msg.InertialSolutionStatus(status=3),
1786043752047814575,1786043752.045811648,/novatel/oem7/fix,/novatel/oem7/fix,/novatel/oem7/inspva,39.663,-75.756,-1.800905563,0.002013146,-0.001032941,0.001950027,-0.000500155,-0.001032941,,0,
1786043752048969373,1786043752.046611823,/novatel/oem7/odom,/novatel/oem7/fix,/novatel/oem7/odom,39.663,-75.756,-1.800905563,0.002015071,-0.001029181,-0.000399725,0.001975027,-0.001029181,,,
1786043752057159065,1786043752.056460121,/novatel/oem7/odom,/novatel/oem7/fix,/novatel/oem7/odom,39.663,-75.756,-1.800905563,0.002015071,-0.001029181,-0.000399725,0.001975027,-0.001029181,,,
1786043752066689980,1786043752.066104341,/novatel/oem7/inspva,/novatel/oem7/inspva,/novatel/oem7/inspva,39.663,-75.756,-1.800901516,0.001261498,-0.000092534,0.001260933,-0.000037744,-0.000092534,,novatel_oem7_msgs.msg.InertialSolutionStatus(status=3),
1786043752068414914,1786043752.066241149,/novatel/oem7/fix,/novatel/oem7/fix,/novatel/oem7/inspva,39.663,-75.756,-1.800901516,0.001261498,-0.000092534,0.001260933,-0.000037744,-0.000092534,,0,
1786043752069633987,1786043752.066629203,/novatel/oem7/odom,/novatel/oem7/fix,/novatel/oem7/odom,39.663,-75.756,-1.800901516,0.001261745,-0.000089103,0.000024771,0.001261502,-0.000089103,,,
1786043752075292180,1786043752.074599429,/novatel/oem7/odom,/novatel/oem7/fix,/novatel/oem7/odom,39.663,-75.756,-1.800901516,0.001261745,-0.000089103,0.000024771,0.001261502,-0.000089103,,,
1786043752085808431,1786043752.085252850,/novatel/oem7/inspva,/novatel/oem7/inspva,/novatel/oem7/inspva,39.663,-75.756,-1.800883992,0.002461574,0.002406856,0.002460735,-0.000064255,0.002406856,,novatel_oem7_msgs.msg.InertialSolutionStatus(status=3),
1786043752087439085,1786043752.085395351,/novatel/oem7/fix,/novatel/oem7/fix,/novatel/oem7/inspva,39.663,-75.756,-1.800883992,0.002461574,0.002406856,0.002460735,-0.000064255,0.002406856,,0,
1786043752088526556,1786043752.086063404,/novatel/oem7/odom,/novatel/oem7/fix,/novatel/oem7/odom,39.663,-75.756,-1.800883992,0.002454954,0.002413608,0.000048119,0.002454482,0.002413608,,,
1786043752096528543,1786043752.095828802,/novatel/oem7/odom,/novatel/oem7/fix,/novatel/oem7/odom,39.663,-75.756,-1.800883992,0.002454954,0.002413608,0.000048119,0.002454482,0.002413608,,,
1786043752106464952,1786043752.105791922,/novatel/oem7/inspva,/novatel/oem7/inspva,/novatel/oem7/inspva,39.663,-75.756,-1.800908248,0.002486486,0.000670999,0.002468653,-0.000297267,0.000670999,,novatel_oem7_msgs.msg.InertialSolutionStatus(status=3),
1786043752107959420,1786043752.105935683,/novatel/oem7/fix,/novatel/oem7/fix,/novatel/oem7/inspva,39.663,-75.756,-1.800908248,0.002486486,0.000670999,0.002468653,-0.000297267,0.000670999,,0,
1786043752109135505,1786043752.106489648,/novatel/oem7/odom,/novatel/oem7/fix,/novatel/oem7/odom,39.663,-75.756,-1.800908248,0.002484875,0.000676942,-0.000177784,0.002478507,0.000676942,,,
1786043752110819839,1786043752.109587820,/novatel/oem7/bestpos,/novatel/oem7/bestpos,/novatel/oem7/odom,39.663,-75.756,33.181488489,0.002484875,0.000676942,-0.000177784,0.002478507,0.000676942,,novatel_oem7_msgs.msg.SolutionStatus(status=0),novatel_oem7_msgs.msg.PositionOrVelocityType(type=53)
1786043752112326151,1786043752.110357497,/novatel/oem7/bestvel,/novatel/oem7/bestpos,/novatel/oem7/bestvel,39.663,-75.756,33.181488489,0.002958416,-0.000207398,,,,21.704691794,novatel_oem7_msgs.msg.SolutionStatus(status=0),novatel_oem7_msgs.msg.PositionOrVelocityType(type=53)
1786043752115278903,1786043752.114549906,/novatel/oem7/odom,/novatel/oem7/bestpos,/novatel/oem7/odom,39.663,-75.756,33.181488489,0.002484875,0.000676942,-0.000177784,0.002478507,0.000676942,,,
1786043752127241386,1786043752.126573820,/novatel/oem7/inspva,/novatel/oem7/inspva,/novatel/oem7/inspva,39.663,-75.756,-1.800936224,0.002070766,-0.001845403,0.002012516,-0.000487699,-0.001845403,,novatel_oem7_msgs.msg.InertialSolutionStatus(status=3),
1786043752128721091,1786043752.126710395,/novatel/oem7/fix,/novatel/oem7/fix,/novatel/oem7/inspva,39.663,-75.756,-1.800936224,0.002070766,-0.001845403,0.002012516,-0.000487699,-0.001845403,,0,
1786043752129799986,1786043752.127299340,/novatel/oem7/odom,/novatel/oem7/fix,/novatel/oem7/odom,39.663,-75.756,-1.800936224,0.002074303,-0.001841427,-0.000381200,0.002038975,-0.001841427,,,
1786043752136016390,1786043752.135649114,/novatel/oem7/odom,/novatel/oem7/fix,/novatel/oem7/odom,39.663,-75.756,-1.800936224,0.002074303,-0.001841427,-0.000381200,0.002038975,-0.001841427,,,
1786043752145738181,1786043752.145171536,/novatel/oem7/inspva,/novatel/oem7/inspva,/novatel/oem7/inspva,39.663,-75.756,-1.800938418,0.001558135,-0.000881269,0.001553211,-0.000123775,-0.000881269,,novatel_oem7_msgs.msg.InertialSolutionStatus(status=3),
1786043752147093185,1786043752.145348634,/novatel/oem7/fix,/novatel/oem7/fix,/novatel/oem7/inspva,39.663,-75.756,-1.800938418,0.001558135,-0.000881269,0.001553211,-0.000123775,-0.000881269,,0,
1786043752148113405,1786043752.145888860,/novatel/oem7/odom,/novatel/oem7/fix,/novatel/oem7/odom,39.663,-75.756,-1.800938418,0.001560368,-0.000877309,-0.000043847,0.001559752,-0.000877309,,,
1786043752156869473,1786043752.156200203,/novatel/oem7/odom,/novatel/oem7/fix,/novatel/oem7/odom,39.663,-75.756,-1.800938418,0.001560368,-0.000877309,-0.000043847,0.001559752,-0.000877309,,,
1786043752165879787,1786043752.165366992,/novatel/oem7/inspva,/novatel/oem7/inspva,/novatel/oem7/inspva,39.663,-75.756,-1.800936374,0.001297732,0.001149688,0.001295334,0.000078849,0.001149688,,novatel_oem7_msgs.msg.InertialSolutionStatus(status=3),
1786043752167173426,1786043752.165549047,/novatel/oem7/fix,/novatel/oem7/fix,/novatel/oem7/inspva,39.663,-75.756,-1.800936374,0.001297732,0.001149688,0.001295334,0.000078849,0.001149688,,0,
1786043752168195120,1786043752.166206613,/novatel/oem7/odom,/novatel/oem7/fix,/novatel/oem7/odom,39.663,-75.756,-1.800936374,0.001294223,0.001153636,0.000138293,0.001286813,0.001153636,,,
1786043752175503676,1786043752.174846803,/novatel/oem7/odom,/novatel/oem7/fix,/novatel/oem7/odom,39.663,-75.756,-1.800936374,0.001294223,0.001153636,0.000138293,0.001286813,0.001153636,,,
1786043752186622861,1786043752.186088679,/novatel/oem7/inspva,/novatel/oem7/inspva,/novatel/oem7/inspva,39.663,-75.756,-1.800955634,0.001826127,0.000944697,0.001779857,0.000408469,0.000944697,,novatel_oem7_msgs.msg.InertialSolutionStatus(status=3),
1786043752187915927,1786043752.186292811,/novatel/oem7/fix,/novatel/oem7/fix,/novatel/oem7/inspva,39.663,-75.756,-1.800955634,0.001826127,0.000944697,0.001779857,0.000408469,0.000944697,,0,
1786043752188945071,1786043752.186721222,/novatel/oem7/odom,/novatel/oem7/fix,/novatel/oem7/odom,39.663,-75.756,-1.800955634,0.001822736,0.000951223,0.000492159,0.001755034,0.000951223,,,
1786043752195055002,1786043752.194394808,/novatel/oem7/odom,/novatel/oem7/fix,/novatel/oem7/odom,39.663,-75.756,-1.800955634,0.001822736,0.000951223,0.000492159,0.001755034,0.000951223,,,
1786043752206743946,1786043752.206217687,/novatel/oem7/inspva,/novatel/oem7/inspva,/novatel/oem7/inspva,39.663,-75.756,-1.800987383,0.002466899,-0.001420047,0.002365084,-0.000701405,-0.001420047,,novatel_oem7_msgs.msg.InertialSolutionStatus(status=3),
1786043752208055845,1786043752.206380982,/novatel/oem7/fix,/novatel/oem7/fix,/novatel/oem7/inspva,39.663,-75.756,-1.800987383,0.002466899,-0.001420047,0.002365084,-0.000701405,-0.001420047,,0,
1786043752209073022,1786043752.206927414,/novatel/oem7/odom,/novatel/oem7/fix,/novatel/oem7/odom,39.663,-75.756,-1.800987383,0.002469305,-0.001415858,-0.000578780,0.002400517,-0.001415858,,,
1786043752210608901,1786043752.209940251,/novatel/oem7/bestpos,/novatel/oem7/bestpos,/novatel/oem7/odom,39.663,-75.756,33.181418348,0.002469305,-0.001415858,-0.000578780,0.002400517,-0.001415858,,novatel_oem7_msgs.msg.SolutionStatus(status=0),novatel_oem7_msgs.msg.PositionOrVelocityType(type=53)
1786043752211981841,1786043752.210370988,/novatel/oem7/bestvel,/novatel/oem7/bestpos,/novatel/oem7/bestvel,39.663,-75.756,33.181418348,0.001672855,-0.001287427,,,,354.231709352,novatel_oem7_msgs.msg.SolutionStatus(status=0),novatel_oem7_msgs.msg.PositionOrVelocityType(type=53)
1786043752216195257,1786043752.215551220,/novatel/oem7/odom,/novatel/oem7/bestpos,/novatel/oem7/odom,39.663,-75.756,33.181418348,0.002469305,-0.001415858,-0.000578780,0.002400517,-0.001415858,,,
1786043752225471443,1786043752.224932421,/novatel/oem7/inspva,/novatel/oem7/inspva,/novatel/oem7/inspva,39.663,-75.756,-1.800992464,0.002067559,-0.001360216,0.001979557,-0.000596787,-0.001360216,,novatel_oem7_msgs.msg.InertialSolutionStatus(status=3),
1786043752226783676,1786043752.225076222,/novatel/oem7/fix,/novatel/oem7/fix,/novatel/oem7/inspva,39.663,-75.756,-1.800992464,0.002067559,-0.001360216,0.001979557,-0.000596787,-0.001360216,,0,
1786043752227811797,1786043752.225524714,/novatel/oem7/odom,/novatel/oem7/fix,/novatel/oem7/odom,39.663,-75.756,-1.800992464,0.002069829,-0.001356759,-0.000493495,0.002010138,-0.001356759,,,
1786043752235026182,1786043752.234373238,/novatel/oem7/odom,/novatel/oem7/fix,/novatel/oem7/odom,39.663,-75.756,-1.800992464,0.002069829,-0.001356759,-0.000493495,0.002010138,-0.001356759,,,
1786043752247081773,1786043752.246525844,/novatel/oem7/inspva,/novatel/oem7/inspva,/novatel/oem7/inspva,39.663,-75.756,-1.800984671,0.000916925,0.001126050,0.000773247,0.000492789,0.001126050,,novatel_oem7_msgs.msg.InertialSolutionStatus(status=3),
1786043752248447396,1786043752.246724652,/novatel/oem7/fix,/novatel/oem7/fix,/novatel/oem7/inspva,39.663,-75.756,-1.800984671,0.000916925,0.001126050,0.000773247,0.000492789,0.001126050,,0,
1786043752249514460,1786043752.247143360,/novatel/oem7/odom,/novatel/oem7/fix,/novatel/oem7/odom,39.663,-75.756,-1.800984671,0.000912071,0.001129985,0.000526100,0.000745046,0.001129985,,,
1786043752257670549,1786043752.256995252,/novatel/oem7/odom,/novatel/oem7/fix,/novatel/oem7/odom,39.663,-75.756,-1.800984671,0.000912071,0.001129985,0.000526100,0.000745046,0.001129985,,,
1786043752265602091,1786043752.265057996,/novatel/oem7/inspva,/novatel/oem7/inspva,/novatel/oem7/inspva,39.663,-75.756,-1.800997180,0.001869993,0.001275912,0.001439285,0.001193872,0.001275912,,novatel_oem7_msgs.msg.InertialSolutionStatus(status=3),
1786043752266982659,1786043752.265255218,/novatel/oem7/fix,/novatel/oem7/fix,/novatel/oem7/inspva,39.663,-75.756,-1.800997180,0.001869993,0.001275912,0.001439285,0.001193872,0.001275912,,0,
1786043752268135370,1786043752.265646471,/novatel/oem7/odom,/novatel/oem7/fix,/novatel/oem7/odom,39.663,-75.756,-1.800997180,0.001864279,0.001284246,0.001258621,0.001375286,0.001284246,,,
1786043752276065390,1786043752.275409979,/novatel/oem7/odom,/novatel/oem7/fix,/novatel/oem7/odom,39.663,-75.756,-1.800997180,0.001864279,0.001284246,0.001258621,0.001375286,0.001284246,,,
1786043752285723412,1786043752.285181724,/novatel/oem7/inspva,/novatel/oem7/inspva,/novatel/oem7/inspva,39.663,-75.756,-1.801024306,0.002633196,-0.001110904,0.002632683,0.000051932,-0.001110904,,novatel_oem7_msgs.msg.InertialSolutionStatus(status=3),
1786043752287045296,1786043752.285351193,/novatel/oem7/fix,/novatel/oem7/fix,/novatel/oem7/inspva,39.663,-75.756,-1.801024306,0.002633196,-0.001110904,0.002632683,0.000051932,-0.001110904,,0,
1786043752288088303,1786043752.285716589,/novatel/oem7/odom,/novatel/oem7/fix,/novatel/oem7/odom,39.663,-75.756,-1.801024306,0.002636396,-0.001103288,0.000185723,0.002629846,-0.001103288,,,
1786043752295488817,1786043752.294821530,/novatel/oem7/odom,/novatel/oem7/fix,/novatel/oem7/odom,39.663,-75.756,-1.801024306,0.002636396,-0.001103288,0.000185723,0.002629846,-0.001103288,,,
1786043752306518971,1786043752.305984885,/novatel/oem7/inspva,/novatel/oem7/inspva,/novatel/oem7/inspva,39.663,-75.756,-1.801037570,0.002796831,-0.001585121,0.002743398,-0.000544087,-0.001585121,,novatel_oem7_msgs.msg.InertialSolutionStatus(status=3),
1786043752307832538,1786043752.306150037,/novatel/oem7/fix,/novatel/oem7/fix,/novatel/oem7/inspva,39.663,-75.756,-1.801037570,0.002796831,-0.001585121,0.002743398,-0.000544087,-0.001585121,,0,
1786043752308876541,1786043752.306600425,/novatel/oem7/odom,/novatel/oem7/fix,/novatel/oem7/odom,39.663,-75.756,-1.801037570,0.002800098,-0.001579343,-0.000402420,0.002771030,-0.001579343,,,
1786043752310354263,1786043752.309085083,/novatel/oem7/bestpos,/novatel/oem7/bestpos,/novatel/oem7/odom,39.663,-75.756,33.181382020,0.002800098,-0.001579343,-0.000402420,0.002771030,-0.001579343,,novatel_oem7_msgs.msg.SolutionStatus(status=0),novatel_oem7_msgs.msg.PositionOrVelocityType(type=53)
1786043752311265058,1786043752.309451090,/novatel/oem7/bestvel,/novatel/oem7/bestpos,/novatel/oem7/bestvel,39.663,-75.756,33.181382020,0.002456320,-0.000532761,,,,319.406513266,novatel_oem7_msgs.msg.SolutionStatus(status=0),novatel_oem7_msgs.msg.PositionOrVelocityType(type=53)
1786043752315190721,1786043752.314551638,/novatel/oem7/odom,/novatel/oem7/bestpos,/novatel/oem7/odom,39.663,-75.756,33.181382020,0.002800098,-0.001579343,-0.000402420,0.002771030,-0.001579343,,,
1786043752325724137,1786043752.325175891,/novatel/oem7/inspva,/novatel/oem7/inspva,/novatel/oem7/inspva,39.663,-75.756,-1.801033230,0.002074225,0.000324588,0.000831189,0.001900403,0.000324588,,novatel_oem7_msgs.msg.InertialSolutionStatus(status=3),
1786043752327059213,1786043752.325323303,/novatel/oem7/fix,/novatel/oem7/fix,/novatel/oem7/inspva,39.663,-75.756,-1.801033230,0.002074225,0.000324588,0.000831189,0.001900403,0.000324588,,0,
1786043752328102637,1786043752.325870534,/novatel/oem7/odom,/novatel/oem7/fix,/novatel/oem7/odom,39.663,-75.756,-1.801033230,0.002072782,0.000333679,0.001937840,0.000735663,0.000333679,,,
1786043752336348943,1786043752.335679563,/novatel/oem7/odom,/novatel/oem7/fix,/novatel/oem7/odom,39.663,-75.756,-1.801033230,0.002072782,0.000333679,0.001937840,0.000735663,0.000333679,,,
1786043752345265884,1786043752.344944752,/novatel/oem7/inspva,/novatel/oem7/inspva,/novatel/oem7/inspva,39.663,-75.756,-1.801053121,0.001960949,0.000269343,0.001542279,0.001211072,0.000269343,,novatel_oem7_msgs.msg.InertialSolutionStatus(status=3),
1786043752345918590,1786043752.345137027,/novatel/oem7/fix,/novatel/oem7/fix,/novatel/oem7/inspva,39.663,-75.756,-1.801053121,0.001960949,0.000269343,0.001542279,0.001211072,0.000269343,,0,
1786043752346427404,1786043752.345587676,/novatel/oem7/odom,/novatel/oem7/fix,/novatel/oem7/odom,39.663,-75.756,-1.801053121,0.001959732,0.000278056,0.001284559,0.001480020,0.000278056,,,
1786043752356034775,1786043752.355661086,/novatel/oem7/odom,/novatel/oem7/fix,/novatel/oem7/odom,39.663,-75.756,-1.801053121,0.001959732,0.000278056,0.001284559,0.001480020,0.000278056,,,
1786043752367591508,1786043752.367042416,/novatel/oem7/inspva,/novatel/oem7/inspva,/novatel/oem7/inspva,39.663,-75.756,-1.801080584,0.003214668,-0.000711067,0.003151246,0.000635405,-0.000711067,,novatel_oem7_msgs.msg.InertialSolutionStatus(status=3),
1786043752368199291,1786043752.367206688,/novatel/oem7/fix,/novatel/oem7/fix,/novatel/oem7/inspva,39.663,-75.756,-1.801080584,0.003214668,-0.000711067,0.003151246,0.000635405,-0.000711067,,0,
1786043752368689298,1786043752.367645232,/novatel/oem7/odom,/novatel/oem7/fix,/novatel/oem7/odom,39.663,-75.756,-1.801080584,0.003217127,-0.000699856,0.000792468,0.003117997,-0.000699856,,,
1786043752375564609,1786043752.375198812,/novatel/oem7/odom,/novatel/oem7/fix,/novatel/oem7/odom,39.663,-75.756,-1.801080584,0.003217127,-0.000699856,0.000792468,0.003117997,-0.000699856,,,
1786043752385414117,1786043752.385113851,/novatel/oem7/inspva,/novatel/oem7/inspva,/novatel/oem7/inspva,39.663,-75.756,-1.801098318,0.002763940,-0.001021325,0.002708061,0.000552966,-0.001021325,,novatel_oem7_msgs.msg.InertialSolutionStatus(status=3),
1786043752386049728,1786043752.385277906,/novatel/oem7/fix,/novatel/oem7/fix,/novatel/oem7/inspva,39.663,-75.756,-1.801098318,0.002763940,-0.001021325,0.002708061,0.000552966,-0.001021325,,0,
1786043752386569917,1786043752.385731364,/novatel/oem7/odom,/novatel/oem7/fix,/novatel/oem7/odom,39.663,-75.756,-1.801098318,0.002767481,-0.001011693,0.000689491,0.002680215,-0.001011693,,,
1786043752395899045,1786043752.395532405,/novatel/oem7/odom,/novatel/oem7/fix,/novatel/oem7/odom,39.663,-75.756,-1.801098318,0.002767481,-0.001011693,0.000689491,0.002680215,-0.001011693,,,
1786043752406963404,1786043752.406557809,/novatel/oem7/inspva,/novatel/oem7/inspva,/novatel/oem7/inspva,39.663,-75.756,-1.801113295,0.001342699,-0.001484027,0.000860498,0.001030721,-0.001484027,,novatel_oem7_msgs.msg.InertialSolutionStatus(status=3),
1786043752407626020,1786043752.406713984,/novatel/oem7/fix,/novatel/oem7/fix,/novatel/oem7/inspva,39.663,-75.756,-1.801113295,0.001342699,-0.001484027,0.000860498,0.001030721,-0.001484027,,0,
1786043752408114588,1786043752.407210962,/novatel/oem7/odom,/novatel/oem7/fix,/novatel/oem7/odom,39.663,-75.756,-1.801113295,0.001349424,-0.001477916,0.001077343,0.000812574,-0.001477916,,,
1786043752410553087,1786043752.410209295,/novatel/oem7/bestpos,/novatel/oem7/bestpos,/novatel/oem7/odom,39.663,-75.756,33.181297570,0.001349424,-0.001477916,0.001077343,0.000812574,-0.001477916,,novatel_oem7_msgs.msg.SolutionStatus(status=0),novatel_oem7_msgs.msg.PositionOrVelocityType(type=53)
1786043752411222045,1786043752.410553946,/novatel/oem7/bestvel,/novatel/oem7/bestpos,/novatel/oem7/bestvel,39.663,-75.756,33.181297570,0.000358790,-0.000568853,,,,335.903977611,novatel_oem7_msgs.msg.SolutionStatus(status=0),novatel_oem7_msgs.msg.PositionOrVelocityType(type=53)
1786043752415026269,1786043752.414653247,/novatel/oem7/odom,/novatel/oem7/bestpos,/novatel/oem7/odom,39.663,-75.756,33.181297570,0.001349424,-0.001477916,0.001077343,0.000812574,-0.001477916,,,
1786043752426683743,1786043752.426141988,/novatel/oem7/inspva,/novatel/oem7/inspva,/novatel/oem7/inspva,39.663,-75.756,-1.801117877,0.002249835,0.000097505,0.000972844,0.002028628,0.000097505,,novatel_oem7_msgs.msg.InertialSolutionStatus(status=3),
1786043752427707379,1786043752.426314733,/novatel/oem7/fix,/novatel/oem7/fix,/novatel/oem7/inspva,39.663,-75.756,-1.801117877,0.002249835,0.000097505,0.000972844,0.002028628,0.000097505,,0,
1786043752428204714,1786043752.426747074,/novatel/oem7/odom,/novatel/oem7/fix,/novatel/oem7/odom,39.663,-75.756,-1.801117877,0.002249381,0.000107470,0.002073717,0.000871444,0.000107470,,,
1786043752434910532,1786043752.434448271,/novatel/oem7/odom,/novatel/oem7/fix,/novatel/oem7/odom,39.663,-75.756,-1.801117877,0.002249381,0.000107470,0.002073717,0.000871444,0.000107470,,,
1786043752445858445,1786043752.445322650,/novatel/oem7/inspva,/novatel/oem7/inspva,/novatel/oem7/inspva,39.663,-75.756,-1.801133675,0.002950496,0.000247807,0.002767430,0.001023112,0.000247807,,novatel_oem7_msgs.msg.InertialSolutionStatus(status=3),
1786043752447268729,1786043752.445513776,/novatel/oem7/fix,/novatel/oem7/fix,/novatel/oem7/inspva,39.663,-75.756,-1.801133675,0.002950496,0.000247807,0.002767430,0.001023112,0.000247807,,0,
1786043752447877732,1786043752.446086731,/novatel/oem7/odom,/novatel/oem7/fix,/novatel/oem7/odom,39.663,-75.756,-1.801133675,0.002949509,0.000259288,0.001157261,0.002712997,0.000259288,,,
1786043752457047371,1786043752.456338457,/novatel/oem7/odom,/novatel/oem7/fix,/novatel/oem7/odom,39.663,-75.756,-1.801133675,0.002949509,0.000259288,0.001157261,0.002712997,0.000259288,,,
1786043752465602427,1786043752.465045001,/novatel/oem7/inspva,/novatel/oem7/inspva,/novatel/oem7/inspva,39.663,-75.756,-1.801145952,0.002513638,-0.000163107,0.002445402,0.000581709,-0.000163107,,novatel_oem7_msgs.msg.InertialSolutionStatus(status=3),
1786043752466977167,1786043752.465220416,/novatel/oem7/fix,/novatel/oem7/fix,/novatel/oem7/inspva,39.663,-75.756,-1.801145952,0.002513638,-0.000163107,0.002445402,0.000581709,-0.000163107,,0,
1786043752467685053,1786043752.465610023,/novatel/oem7/odom,/novatel/oem7/fix,/novatel/oem7/odom,39.663,-75.756,-1.801145952,0.002514203,-0.000154156,0.000702066,0.002414191,-0.000154156,,,
1786043752475318070,1786043752.474596683,/novatel/oem7/odom,/novatel/oem7/fix,/novatel/oem7/odom,39.663,-75.756,-1.801145952,0.002514203,-0.000154156,0.000702066,0.002414191,-0.000154156,,,
1786043752487075965,1786043752.486779645,/novatel/oem7/inspva,/novatel/oem7/inspva,/novatel/oem7/inspva,39.663,-75.756,-1.801166600,0.001904742,-0.001837729,0.001094597,0.001558814,-0.001837729,,novatel_oem7_msgs.msg.InertialSolutionStatus(status=3),
1786043752488212599,1786043752.486944560,/novatel/oem7/fix,/novatel/oem7/fix,/novatel/oem7/inspva,39.663,-75.756,-1.801166600,0.001904742,-0.001837729,0.001094597,0.001558814,-0.001837729,,0,
1786043752489284180,1786043752.487339577,/novatel/oem7/odom,/novatel/oem7/fix,/novatel/oem7/odom,39.663,-75.756,-1.801166600,0.001913052,-0.001829076,0.001617654,0.001021256,-0.001829076,,,
1786043752495219462,1786043752.494785115,/novatel/oem7/odom,/novatel/oem7/fix,/novatel/oem7/odom,39.663,-75.756,-1.801166600,0.001913052,-0.001829076,0.001617654,0.001021256,-0.001829076,,,
1786043752506255791,1786043752.505950217,/novatel/oem7/inspva,/novatel/oem7/inspva,/novatel/oem7/inspva,39.663,-75.756,-1.801172112,0.001326334,-0.001064911,0.000860228,0.001009539,-0.001064911,,novatel_oem7_msgs.msg.InertialSolutionStatus(status=3),
1786043752506876404,1786043752.506116532,/novatel/oem7/fix,/novatel/oem7/fix,/novatel/oem7/inspva,39.663,-75.756,-1.801172112,0.001326334,-0.001064911,0.000860228,0.001009539,-0.001064911,,0,
1786043752507396399,1786043752.506518356,/novatel/oem7/odom,/novatel/oem7/fix,/novatel/oem7/odom,39.663,-75.756,-1.801172112,0.001331162,-0.001058870,0.001054633,0.000812245,-0.001058870,,,
1786043752511946031,1786043752.511347948,/novatel/oem7/bestpos,/novatel/oem7/bestpos,/novatel/oem7/odom,39.663,-75.756,33.181236144,0.001331162,-0.001058870,0.001054633,0.000812245,-0.001058870,,novatel_oem7_msgs.msg.SolutionStatus(status=0),novatel_oem7_msgs.msg.PositionOrVelocityType(type=53)
1786043752512807495,1786043752.512193709,/novatel/oem7/bestvel,/novatel/oem7/bestpos,/novatel/oem7/bestvel,39.663,-75.756,33.181236144,0.001014301,-0.000411416,,,,339.209089131,novatel_oem7_msgs.msg.SolutionStatus(status=0),novatel_oem7_msgs.msg.PositionOrVelocityType(type=53)
1786043752515978160,1786043752.515631714,/novatel/oem7/odom,/novatel/oem7/bestpos,/novatel/oem7/odom,39.663,-75.756,33.181236144,0.001331162,-0.001058870,0.001054633,0.000812245,-0.001058870,,,
1786043752526125723,1786043752.525599470,/novatel/oem7/inspva,/novatel/oem7/inspva,/novatel/oem7/inspva,39.663,-75.756,-1.801174826,0.002216908,0.000968504,0.001760767,0.001346990,0.000968504,,novatel_oem7_msgs.msg.InertialSolutionStatus(status=3),
1786043752527485056,1786043752.525767589,/novatel/oem7/fix,/novatel/oem7/fix,/novatel/oem7/inspva,39.663,-75.756,-1.801174826,0.002216908,0.000968504,0.001760767,0.001346990,0.000968504,,0,
1786043752527986355,1786043752.526570550,/novatel/oem7/odom,/novatel/oem7/fix,/novatel/oem7/odom,39.663,-75.756,-1.801174826,0.002212595,0.000978317,0.001428471,0.001689689,0.000978317,,,
1786043752535692218,1786043752.534983831,/novatel/oem7/odom,/novatel/oem7/fix,/novatel/oem7/odom,39.663,-75.756,-1.801174826,0.002212595,0.000978317,0.001428471,0.001689689,0.000978317,,,
1786043752547887094,1786043752.547502653,/novatel/oem7/inspva,/novatel/oem7/inspva,/novatel/oem7/inspva,39.663,-75.756,-1.801198042,0.002339995,0.000161022,0.002260525,0.000604654,0.000161022,,novatel_oem7_msgs.msg.InertialSolutionStatus(status=3),
1786043752548602441,1786043752.547699962,/novatel/oem7/fix,/novatel/oem7/fix,/novatel/oem7/inspva,39.663,-75.756,-1.801198042,0.002339995,0.000161022,0.002260525,0.000604654,0.000161022,,0,
1786043752549136639,1786043752.548043898,/novatel/oem7/odom,/novatel/oem7/fix,/novatel/oem7/odom,39.663,-75.756,-1.801198042,0.002339392,0.000169567,0.000714673,0.002227554,0.000169567,,,
1786043752556296229,1786043752.555922114,/novatel/oem7/odom,/novatel/oem7/fix,/novatel/oem7/odom,39.663,-75.756,-1.801198042,0.002339392,0.000169567,0.000714673,0.002227554,0.000169567,,,
1786043752565867767,1786043752.565294015,/novatel/oem7/inspva,/novatel/oem7/inspva,/novatel/oem7/inspva,39.663,-75.756,-1.801227620,0.002305929,-0.001958376,0.002305701,-0.000032431,-0.001958376,,novatel_oem7_msgs.msg.InertialSolutionStatus(status=3),
1786043752567315975,1786043752.565463389,/novatel/oem7/fix,/novatel/oem7/fix,/novatel/oem7/inspva,39.663,-75.756,-1.801227620,0.002305929,-0.001958376,0.002305701,-0.000032431,-0.001958376,,0,
1786043752567937839,1786043752.566250390,/novatel/oem7/odom,/novatel/oem7/fix,/novatel/oem7/odom,39.663,-75.756,-1.801227620,0.002311351,-0.001951974,0.000088482,0.002309657,-0.001951974,,,
1786043752575934367,1786043752.575450976,/novatel/oem7/odom,/novatel/oem7/fix,/novatel/oem7/odom,39.663,-75.756,-1.801227620,0.002311351,-0.001951974,0.000088482,0.002309657,-0.001951974,,,
1786043752585438130,1786043752.585029275,/novatel/oem7/inspva,/novatel/oem7/inspva,/novatel/oem7/inspva,39.663,-75.756,-1.801236586,0.002117895,-0.001656820,0.001506578,0.001488523,-0.001656820,,novatel_oem7_msgs.msg.InertialSolutionStatus(status=3),
1786043752586043521,1786043752.585174563,/novatel/oem7/fix,/novatel/oem7/fix,/novatel/oem7/inspva,39.663,-75.756,-1.801236586,0.002117895,-0.001656820,0.001506578,0.001488523,-0.001656820,,0,
1786043752586546166,1786043752.585652095,/novatel/oem7/odom,/novatel/oem7/fix,/novatel/oem7/odom,39.663,-75.756,-1.801236586,0.002125365,-0.001647226,0.001567082,0.001435767,-0.001647226,,,
1786043752594780816,1786043752.594366072,/novatel/oem7/odom,/novatel/oem7/fix,/novatel/oem7/odom,39.663,-75.756,-1.801236586,0.002125365,-0.001647226,0.001567082,0.001435767,-0.001647226,,,
1786043752606727203,1786043752.606417542,/novatel/oem7/inspva,/novatel/oem7/inspva,/novatel/oem7/inspva,39.663,-75.756,-1.801229969,0.001577085,0.001119918,0.000739281,0.001393076,0.001119918,,novatel_oem7_msgs.msg.InertialSolutionStatus(status=3),
1786043752607378127,1786043752.606569131,/novatel/oem7/fix,/novatel/oem7/fix,/novatel/oem7/inspva,39.663,-75.756,-1.801229969,0.001577085,0.001119918,0.000739281,0.001393076,0.001119918,,0,
1786043752607879203,1786043752.607050226,/novatel/oem7/odom,/novatel/oem7/fix,/novatel/oem7/odom,39.663,-75.756,-1.801229969,0.001571987,0.001127063,0.001423567,0.000666782,0.001127063,,,
1786043752610680476,1786043752.610347755,/novatel/oem7/bestpos,/novatel/oem7/bestpos,/novatel/oem7/odom,39.663,-75.756,33.181147541,0.001571987,0.001127063,0.001423567,0.000666782,0.001127063,,novatel_oem7_msgs.msg.SolutionStatus(status=0),novatel_oem7_msgs.msg.PositionOrVelocityType(type=53)
1786043752611324494,1786043752.610832527,/novatel/oem7/bestvel,/novatel/oem7/bestpos,/novatel/oem7/bestvel,39.663,-75.756,33.181147541,0.002541307,0.000450229,,,,64.482260766,novatel_oem7_msgs.msg.SolutionStatus(status=0),novatel_oem7_msgs.msg.PositionOrVelocityType(type=53)
1786043752615930286,1786043752.615073583,/novatel/oem7/odom,/novatel/oem7/bestpos,/novatel/oem7/odom,39.663,-75.756,33.181147541,0.001571987,0.001127063,0.001423567,0.000666782,0.001127063,,,
1786043752625474043,1786043752.624901490,/novatel/oem7/inspva,/novatel/oem7/inspva,/novatel/oem7/inspva,39.663,-75.756,-1.801247735,0.002237001,0.001287470,0.001418614,0.001729656,0.001287470,,novatel_oem7_msgs.msg.InertialSolutionStatus(status=3),
1786043752626881941,1786043752.624994605,/novatel/oem7/fix,/novatel/oem7/fix,/novatel/oem7/inspva,39.663,-75.756,-1.801247735,0.002237001,0.001287470,0.001418614,0.001729656,0.001287470,,0,
1786043752627977968,1786043752.625513433,/novatel/oem7/odom,/novatel/oem7/fix,/novatel/oem7/odom,39.663,-75.756,-1.801247735,0.002231074,0.001297714,0.001792605,0.001328254,0.001297714,,,
1786043752636139427,1786043752.635469377,/novatel/oem7/odom,/novatel/oem7/fix,/novatel/oem7/odom,39.663,-75.756,-1.801247735,0.002231074,0.001297714,0.001792605,0.001328254,0.001297714,,,
1786043752645760123,1786043752.645218975,/novatel/oem7/inspva,/novatel/oem7/inspva,/novatel/oem7/inspva,39.663,-75.756,-1.801275153,0.002351192,-0.001375154,0.002325811,0.000344540,-0.001375154,,novatel_oem7_msgs.msg.InertialSolutionStatus(status=3),
1786043752647138837,1786043752.645380689,/novatel/oem7/fix,/novatel/oem7/fix,/novatel/oem7/inspva,39.663,-75.756,-1.801275153,0.002351192,-0.001375154,0.002325811,0.000344540,-0.001375154,,0,
1786043752648662559,1786043752.645953902,/novatel/oem7/odom,/novatel/oem7/fix,/novatel/oem7/odom,39.663,-75.756,-1.801275153,0.002355729,-0.001367367,0.000463843,0.002309612,-0.001367367,,,
1786043752657018193,1786043752.656333399,/novatel/oem7/odom,/novatel/oem7/fix,/novatel/oem7/odom,39.663,-75.756,-1.801275153,0.002355729,-0.001367367,0.000463843,0.002309612,-0.001367367,,,
1786043752666593128,1786043752.666057897,/novatel/oem7/inspva,/novatel/oem7/inspva,/novatel/oem7/inspva,39.663,-75.756,-1.801276378,0.002024989,-0.001723130,0.001793142,0.000940863,-0.001723130,,novatel_oem7_msgs.msg.InertialSolutionStatus(status=3),
1786043752667951888,1786043752.666148207,/novatel/oem7/fix,/novatel/oem7/fix,/novatel/oem7/inspva,39.663,-75.756,-1.801276378,0.002024989,-0.001723130,0.001793142,0.000940863,-0.001723130,,0,
1786043752669033326,1786043752.666602452,/novatel/oem7/odom,/novatel/oem7/fix,/novatel/oem7/odom,39.663,-75.756,-1.801276378,0.002032129,-0.001714704,0.001034459,0.001749126,-0.001714704,,,
1786043752675285029,1786043752.674615559,/novatel/oem7/odom,/novatel/oem7/fix,/novatel/oem7/odom,39.663,-75.756,-1.801276378,0.002032129,-0.001714704,0.001034459,0.001749126,-0.001714704,,,
1786043752685791681,1786043752.685236255,/novatel/oem7/inspva,/novatel/oem7/inspva,/novatel/oem7/inspva,39.663,-75.756,-1.801269736,0.002118016,0.000592184,-0.000132655,0.002113858,0.000592184,,novatel_oem7_msgs.msg.InertialSolutionStatus(status=3),
1786043752687115997,1786043752.685399923,/novatel/oem7/fix,/novatel/oem7/fix,/novatel/oem7/inspva,39.663,-75.756,-1.801269736,0.002118016,0.000592184,-0.000132655,0.002113858,0.000592184,,0,
1786043752688181968,1786043752.685928082,/novatel/oem7/odom,/novatel/oem7/fix,/novatel/oem7/odom,39.663,-75.756,-1.801269736,0.002115964,0.000599474,0.002102516,-0.000238180,0.000599474,,,
1786043752696171648,1786043752.695513894,/novatel/oem7/odom,/novatel/oem7/fix,/novatel/oem7/odom,39.663,-75.756,-1.801269736,0.002115964,0.000599474,0.002102516,-0.000238180,0.000599474,,,
1786043752706529951,1786043752.705987623,/novatel/oem7/inspva,/novatel/oem7/inspva,/novatel/oem7/inspva,39.663,-75.756,-1.801274142,0.002251664,0.001389496,0.000306111,0.002230759,0.001389496,,novatel_oem7_msgs.msg.InertialSolutionStatus(status=3),
1786043752707872232,1786043752.706149244,/novatel/oem7/fix,/novatel/oem7/fix,/novatel/oem7/inspva,39.663,-75.756,-1.801274142,0.002251664,0.001389496,0.000306111,0.002230759,0.001389496,,0,
1786043752708945459,1786043752.706589715,/novatel/oem7/odom,/novatel/oem7/fix,/novatel/oem7/odom,39.663,-75.756,-1.801274142,0.002246112,0.001398453,0.002237878,0.000192148,0.001398453,,,
1786043752710650093,1786043752.708882562,/novatel/oem7/bestpos,/novatel/oem7/bestpos,/novatel/oem7/odom,39.663,-75.756,33.181102040,0.002246112,0.001398453,0.002237878,0.000192148,0.001398453,,novatel_oem7_msgs.msg.SolutionStatus(status=0),novatel_oem7_msgs.msg.PositionOrVelocityType(type=53)
1786043752711634776,1786043752.709491824,/novatel/oem7/bestvel,/novatel/oem7/bestpos,/novatel/oem7/bestvel,39.663,-75.756,33.181102040,0.002587633,0.000782807,,,,57.305542407,novatel_oem7_msgs.msg.SolutionStatus(status=0),novatel_oem7_msgs.msg.PositionOrVelocityType(type=53)
1786043752715038553,1786043752.714289619,/novatel/oem7/odom,/novatel/oem7/bestpos,/novatel/oem7/odom,39.663,-75.756,33.181102040,0.002246112,0.001398453,0.002237878,0.000192148,0.001398453,,,
1786043752727271682,1786043752.726547929,/novatel/oem7/inspva,/novatel/oem7/inspva,/novatel/oem7/inspva,39.663,-75.756,-1.801297026,0.002115369,-0.000587860,0.002092884,0.000307606,-0.000587860,,novatel_oem7_msgs.msg.InertialSolutionStatus(status=3),
1786043752728706910,1786043752.726719153,/novatel/oem7/fix,/novatel/oem7/fix,/novatel/oem7/inspva,39.663,-75.756,-1.801297026,0.002115369,-0.000587860,0.002092884,0.000307606,-0.000587860,,0,
1786043752729781847,1786043752.727152595,/novatel/oem7/odom,/novatel/oem7/fix,/novatel/oem7/odom,39.663,-75.756,-1.801297026,0.002117296,-0.000580879,0.000412559,0.002076714,-0.000580879,,,
1786043752735699046,1786043752.734922292,/novatel/oem7/odom,/novatel/oem7/fix,/novatel/oem7/odom,39.663,-75.756,-1.801297026,0.002117296,-0.000580879,0.000412559,0.002076714,-0.000580879,,,
1786043752745652323,1786043752.744939526,/novatel/oem7/inspva,/novatel/oem7/inspva,/novatel/oem7/inspva,39.663,-75.756,-1.801305400,0.001904545,-0.001822213,0.001861965,0.000400470,-0.001822213,,novatel_oem7_msgs.msg.InertialSolutionStatus(status=3),
1786043752747026230,1786043752.745103611,/novatel/oem7/fix,/novatel/oem7/fix,/novatel/oem7/inspva,39.663,-75.756,-1.801305400,0.001904545,-0.001822213,0.001861965,0.000400470,-0.001822213,,0,
1786043752748083874,1786043752.745484106,/novatel/oem7/odom,/novatel/oem7/fix,/novatel/oem7/odom,39.663,-75.756,-1.801305400,0.001910900,-0.001815548,0.000498537,0.001844722,-0.001815548,,,
1786043752756451911,1786043752.755628596,/novatel/oem7/odom,/novatel/oem7/fix,/novatel/oem7/odom,39.663,-75.756,-1.801305400,0.001910900,-0.001815548,0.000498537,0.001844722,-0.001815548,,,
1786043752765975216,1786043752.765262552,/novatel/oem7/inspva,/novatel/oem7/inspva,/novatel/oem7/inspva,39.663,-75.756,-1.801298765,0.001459883,0.000234239,-0.000136562,0.001453482,0.000234239,,novatel_oem7_msgs.msg.InertialSolutionStatus(status=3),
1786043752767414414,1786043752.765448211,/novatel/oem7/fix,/novatel/oem7/fix,/novatel/oem7/inspva,39.663,-75.756,-1.801298765,0.001459883,0.000234239,-0.000136562,0.001453482,0.000234239,,0,
1786043752768518822,1786043752.765972556,/novatel/oem7/odom,/novatel/oem7/fix,/novatel/oem7/odom,39.663,-75.756,-1.801298765,0.001459091,0.000239121,0.001444104,-0.000208595,0.000239121,,,
1786043752775451311,1786043752.774677283,/novatel/oem7/odom,/novatel/oem7/fix,/novatel/oem7/odom,39.663,-75.756,-1.801298765,0.001459091,0.000239121,0.001444104,-0.000208595,0.000239121,,,
1786043752786758481,1786043752.785998360,/novatel/oem7/inspva,/novatel/oem7/inspva,/novatel/oem7/inspva,39.663,-75.756,-1.801312318,0.002481461,0.000770456,0.000209091,0.002472636,0.000770456,,novatel_oem7_msgs.msg.InertialSolutionStatus(status=3),
1786043752788071421,1786043752.786148671,/novatel/oem7/fix,/novatel/oem7/fix,/novatel/oem7/inspva,39.663,-75.756,-1.801312318,0.002481461,0.000770456,0.000209091,0.002472636,0.000770456,,0,
1786043752789088421,1786043752.786498205,/novatel/oem7/odom,/novatel/oem7/fix,/novatel/oem7/odom,39.663,-75.756,-1.801312318,0.002478469,0.000780027,0.002477011,0.000084987,0.000780027,,,
1786043752795589940,1786043752.794844278,/novatel/oem7/odom,/novatel/oem7/fix,/novatel/oem7/odom,39.663,-75.756,-1.801312318,0.002478469,0.000780027,0.002477011,0.000084987,0.000780027,,,
1786043752807052667,1786043752.806390711,/novatel/oem7/inspva,/novatel/oem7/inspva,/novatel/oem7/inspva,39.663,-75.756,-1.801338701,0.001975990,-0.000987407,0.001908303,-0.000512753,-0.000987407,,novatel_oem7_msgs.msg.InertialSolutionStatus(status=3),
1786043752808451108,1786043752.806556346,/novatel/oem7/fix,/novatel/oem7/fix,/novatel/oem7/inspva,39.663,-75.756,-1.801338701,0.001975990,-0.000987407,0.001908303,-0.000512753,-0.000987407,,0,
1786043752809490099,1786043752.806991551,/novatel/oem7/odom,/novatel/oem7/fix,/novatel/oem7/odom,39.663,-75.756,-1.801338701,0.001977722,-0.000983933,-0.000414384,0.001933823,-0.000983933,,,
1786043752811117198,1786043752.810158679,/novatel/oem7/bestpos,/novatel/oem7/bestpos,/novatel/oem7/odom,39.663,-75.756,33.181040975,0.001977722,-0.000983933,-0.000414384,0.001933823,-0.000983933,,novatel_oem7_msgs.msg.SolutionStatus(status=0),novatel_oem7_msgs.msg.PositionOrVelocityType(type=53)
1786043752812042694,1786043752.810490155,/novatel/oem7/bestvel,/novatel/oem7/bestpos,/novatel/oem7/bestvel,39.663,-75.756,33.181040975,0.001615499,-0.001349730,,,,25.853335795,novatel_oem7_msgs.msg.SolutionStatus(status=0),novatel_oem7_msgs.msg.PositionOrVelocityType(type=53)
1786043752816574460,1786043752.815674717,/novatel/oem7/odom,/novatel/oem7/bestpos,/novatel/oem7/odom,39.663,-75.756,33.181040975,0.001977722,-0.000983933,-0.000414384,0.001933823,-0.000983933,,,
1786043752826063595,1786043752.825404899,/novatel/oem7/inspva,/novatel/oem7/inspva,/novatel/oem7/inspva,39.663,-75.756,-1.801358191,0.001896367,-0.002012787,0.001885244,-0.000205096,-0.002012787,,novatel_oem7_msgs.msg.InertialSolutionStatus(status=3),
1786043752827499375,1786043752.825507792,/novatel/oem7/fix,/novatel/oem7/fix,/novatel/oem7/inspva,39.663,-75.756,-1.801358191,0.001896367,-0.002012787,0.001885244,-0.000205096,-0.002012787,,0,
1786043752828551599,1786043752.826000320,/novatel/oem7/odom,/novatel/oem7/fix,/novatel/oem7/odom,39.663,-75.756,-1.801358191,0.001901203,-0.002008220,-0.000104458,0.001898331,-0.002008220,,,
1786043752835233620,1786043752.834532049,/novatel/oem7/odom,/novatel/oem7/fix,/novatel/oem7/odom,39.663,-75.756,-1.801358191,0.001901203,-0.002008220,-0.000104458,0.001898331,-0.002008220,,,
1786043752848416488,1786043752.847267112,/novatel/oem7/inspva,/novatel/oem7/inspva,/novatel/oem7/inspva,39.663,-75.756,-1.801362816,0.001706562,-0.000175543,0.000040733,0.001706076,-0.000175543,,novatel_oem7_msgs.msg.InertialSolutionStatus(status=3),
1786043752849334091,1786043752.847382056,/novatel/oem7/fix,/novatel/oem7/fix,/novatel/oem7/inspva,39.663,-75.756,-1.801362816,0.001706562,-0.000175543,0.000040733,0.001706076,-0.000175543,,0,
1786043752850858989,1786043752.847865384,/novatel/oem7/odom,/novatel/oem7/fix,/novatel/oem7/odom,39.663,-75.756,-1.801362816,0.001901237,-0.002008188,-0.000104467,0.001898364,-0.002008188,,,
1786043752857101812,1786043752.856489828,/novatel/oem7/odom,/novatel/oem7/fix,/novatel/oem7/odom,39.663,-75.756,-1.801362816,0.001707195,-0.000169276,0.001706656,-0.000042899,-0.000169276,,,
1786043752865671577,1786043752.865198538,/novatel/oem7/inspva,/novatel/oem7/inspva,/novatel/oem7/inspva,39.663,-75.756,-1.801381913,0.001594444,0.000244139,0.000279446,0.001569765,0.000244139,,novatel_oem7_msgs.msg.InertialSolutionStatus(status=3),
1786043752866962624,1786043752.865271350,/novatel/oem7/fix,/novatel/oem7/fix,/novatel/oem7/inspva,39.663,-75.756,-1.801381913,0.001594444,0.000244139,0.000279446,0.001569765,0.000244139,,0,
1786043752867988677,1786043752.865693188,/novatel/oem7/odom,/novatel/oem7/fix,/novatel/oem7/odom,39.663,-75.756,-1.801381913,0.001593437,0.000250630,0.001580692,0.000201135,0.000250630,,,
1786043752876370198,1786043752.875631491,/novatel/oem7/odom,/novatel/oem7/fix,/novatel/oem7/odom,39.663,-75.756,-1.801381913,0.001593437,0.000250630,0.001580692,0.000201135,0.000250630,,,
1786043752885996221,1786043752.885481253,/novatel/oem7/inspva,/novatel/oem7/inspva,/novatel/oem7/inspva,39.663,-75.756,-1.801409642,0.001683083,-0.001471795,0.001440559,0.000870378,-0.001471795,,novatel_oem7_msgs.msg.InertialSolutionStatus(status=3),
1786043752887289124,1786043752.885594101,/novatel/oem7/fix,/novatel/oem7/fix,/novatel/oem7/inspva,39.663,-75.756,-1.801409642,0.001683083,-0.001471795,0.001440559,0.000870378,-0.001471795,,0,
1786043752888316264,1786043752.886429059,/novatel/oem7/odom,/novatel/oem7/fix,/novatel/oem7/odom,39.663,-75.756,-1.801409642,0.001689342,-0.001464606,0.000945776,0.001399781,-0.001464606,,,
1786043752895857393,1786043752.895239254,/novatel/oem7/odom,/novatel/oem7/fix,/novatel/oem7/odom,39.663,-75.756,-1.801409642,0.001689342,-0.001464606,0.000945776,0.001399781,-0.001464606,,,
1786043752906280781,1786043752.905812823,/novatel/oem7/inspva,/novatel/oem7/inspva,/novatel/oem7/inspva,39.663,-75.756,-1.801410164,0.001208961,-0.000970063,0.001119884,0.000455463,-0.000970063,,novatel_oem7_msgs.msg.InertialSolutionStatus(status=3),
1786043752907584887,1786043752.905888182,/novatel/oem7/fix,/novatel/oem7/fix,/novatel/oem7/inspva,39.663,-75.756,-1.801410164,0.001208961,-0.000970063,0.001119884,0.000455463,-0.000970063,,0,
1786043752908874254,1786043752.906383869,/novatel/oem7/odom,/novatel/oem7/fix,/novatel/oem7/odom,39.663,-75.756,-1.801410164,0.001212781,-0.000965283,0.000513696,0.001098615,-0.000965283,,,
1786043752910451853,1786043752.909338839,/novatel/oem7/bestpos,/novatel/oem7/bestpos,/novatel/oem7/odom,39.663,-75.756,33.180996736,0.001212781,-0.000965283,0.000513696,0.001098615,-0.000965283,,novatel_oem7_msgs.msg.SolutionStatus(status=0),novatel_oem7_msgs.msg.PositionOrVelocityType(type=53)
1786043752911852530,1786043752.910169433,/novatel/oem7/bestvel,/novatel/oem7/bestpos,/novatel/oem7/bestvel,39.663,-75.756,33.180996736,0.000643024,-0.000490285,,,,5.793911438,novatel_oem7_msgs.msg.SolutionStatus(status=0),novatel_oem7_msgs.msg.PositionOrVelocityType(type=53)
1786043752916065172,1786043752.915406435,/novatel/oem7/odom,/novatel/oem7/bestpos,/novatel/oem7/odom,39.663,-75.756,33.180996736,0.001212781,-0.000965283,0.000513696,0.001098615,-0.000965283,,,
1786043752925864977,1786043752.925353225,/novatel/oem7/inspva,/novatel/oem7/inspva,/novatel/oem7/inspva,39.663,-75.756,-1.801397821,0.002001395,0.000946619,0.000519047,0.001932918,0.000946619,,novatel_oem7_msgs.msg.InertialSolutionStatus(status=3),
1786043752927178287,1786043752.925540527,/novatel/oem7/fix,/novatel/oem7/fix,/novatel/oem7/inspva,39.663,-75.756,-1.801397821,0.002001395,0.000946619,0.000519047,0.001932918,0.000946619,,0,
1786043752928268338,1786043752.926136953,/novatel/oem7/odom,/novatel/oem7/fix,/novatel/oem7/odom,39.663,-75.756,-1.801397821,0.001997382,0.000955058,0.001952578,0.000420685,0.000955058,,,
1786043752936310621,1786043752.935664812,/novatel/oem7/odom,/novatel/oem7/fix,/novatel/oem7/odom,39.663,-75.756,-1.801397821,0.001997382,0.000955058,0.001952578,0.000420685,0.000955058,,,
1786043752945861230,1786043752.945321115,/novatel/oem7/inspva,/novatel/oem7/inspva,/novatel/oem7/inspva,39.663,-75.756,-1.801404120,0.001930557,0.000724133,0.000676782,0.001808043,0.000724133,,novatel_oem7_msgs.msg.InertialSolutionStatus(status=3),
1786043752947177213,1786043752.945542307,/novatel/oem7/fix,/novatel/oem7/fix,/novatel/oem7/inspva,39.663,-75.756,-1.801404120,0.001930557,0.000724133,0.000676782,0.001808043,0.000724133,,0,
1786043752948243568,1786043752.945822678,/novatel/oem7/odom,/novatel/oem7/fix,/novatel/oem7/odom,39.663,-75.756,-1.801404120,0.001927352,0.000732623,0.001836434,0.000584974,0.000732623,,,
1786043752956384429,1786043752.955731823,/novatel/oem7/odom,/novatel/oem7/fix,/novatel/oem7/odom,39.663,-75.756,-1.801404120,0.001927352,0.000732623,0.001836434,0.000584974,0.000732623,,,
1786043752967080722,1786043752.966601794,/novatel/oem7/inspva,/novatel/oem7/inspva,/novatel/oem7/inspva,39.663,-75.756,-1.801418044,0.002063466,-0.001202666,0.001649149,0.001240242,-0.001202666,,novatel_oem7_msgs.msg.InertialSolutionStatus(status=3),
1786043752968411363,1786043752.966689222,/novatel/oem7/fix,/novatel/oem7/fix,/novatel/oem7/inspva,39.663,-75.756,-1.801418044,0.002063466,-0.001202666,0.001649149,0.001240242,-0.001202666,,0,
1786043752969498333,1786043752.967197884,/novatel/oem7/odom,/novatel/oem7/fix,/novatel/oem7/odom,39.663,-75.756,-1.801418044,0.002068752,-0.001193551,0.001324519,0.001589145,-0.001193551,,,
1786043752975903468,1786043752.975237284,/novatel/oem7/odom,/novatel/oem7/fix,/novatel/oem7/odom,39.663,-75.756,-1.801418044,0.002068752,-0.001193551,0.001324519,0.001589145,-0.001193551,,,
1786043752985506211,1786043752.984989013,/novatel/oem7/inspva,/novatel/oem7/inspva,/novatel/oem7/inspva,39.663,-75.756,-1.801408066,0.001633679,-0.000349605,0.001172636,0.001137467,-0.000349605,,novatel_oem7_msgs.msg.InertialSolutionStatus(status=3),
1786043752986824910,1786043752.985087790,/novatel/oem7/fix,/novatel/oem7/fix,/novatel/oem7/inspva,39.663,-75.756,-1.801408066,0.001633679,-0.000349605,0.001172636,0.001137467,-0.000349605,,0,
1786043752987879967,1786043752.985606012,/novatel/oem7/odom,/novatel/oem7/fix,/novatel/oem7/odom,39.663,-75.756,-1.801408066,0.001635248,-0.000342193,0.001195173,0.001116064,-0.000342193,,,
1786043752996043436,1786043752.995396523,/novatel/oem7/odom,/novatel/oem7/fix,/novatel/oem7/odom,39.663,-75.756,-1.801408066,0.001635248,-0.000342193,0.001195173,0.001116064,-0.000342193,,,
1786043753010541197,1786043753.010031587,/novatel/oem7/inspva,/novatel/oem7/inspva,/novatel/oem7/inspva,39.663,-75.756,-1.801394928,0.002421735,0.001088033,0.000674426,0.002325930,0.001088033,,novatel_oem7_msgs.msg.InertialSolutionStatus(status=3),
1786043753011850047,1786043753.010106647,/novatel/oem7/fix,/novatel/oem7/fix,/novatel/oem7/inspva,39.663,-75.756,-1.801394928,0.002421735,0.001088033,0.000674426,0.002325930,0.001088033,,0,
1786043753013341335,1786043753.011575504,/novatel/oem7/odom,/novatel/oem7/fix,/novatel/oem7/odom,39.663,-75.756,-1.801394928,0.002417020,0.001098469,0.002352169,0.000556135,0.001098469,,,
1786043753016836894,1786043753.016193994,/novatel/oem7/odom,/novatel/oem7/fix,/novatel/oem7/odom,39.663,-75.756,-1.801394928,0.002417020,0.001098469,0.002352169,0.000556135,0.001098469,,,
1786043753027047160,1786043753.026482371,/novatel/oem7/bestpos,/novatel/oem7/bestpos,/novatel/oem7/odom,39.663,-75.756,33.180969249,0.002417020,0.001098469,0.002352169,0.000556135,0.001098469,,novatel_oem7_msgs.msg.SolutionStatus(status=0),novatel_oem7_msgs.msg.PositionOrVelocityType(type=53)
1786043753028456077,1786043753.026932836,/novatel/oem7/bestvel,/novatel/oem7/bestpos,/novatel/oem7/bestvel,39.663,-75.756,33.180969249,0.003682190,0.000202557,,,,71.553734286,novatel_oem7_msgs.msg.SolutionStatus(status=0),novatel_oem7_msgs.msg.PositionOrVelocityType(type=53)
1786043753029342279,1786043753.027374703,/novatel/oem7/inspva,/novatel/oem7/inspva,/novatel/oem7/inspva,39.663,-75.756,-1.801401530,0.002032265,0.000357386,0.000907990,0.001818146,0.000357386,,novatel_oem7_msgs.msg.InertialSolutionStatus(status=3),
1786043753030144247,1786043753.027451168,/novatel/oem7/fix,/novatel/oem7/fix,/novatel/oem7/inspva,39.663,-75.756,-1.801401530,0.002032265,0.000357386,0.000907990,0.001818146,0.000357386,,0,
1786043753031137680,1786043753.027825664,/novatel/oem7/odom,/novatel/oem7/fix,/novatel/oem7/odom,39.663,-75.756,-1.801401530,0.002030620,0.000366618,0.001859283,0.000816385,0.000366618,,,
1786043753035357056,1786043753.034755432,/novatel/oem7/odom,/novatel/oem7/fix,/novatel/oem7/odom,39.663,-75.756,-1.801401530,0.002030620,0.000366618,0.001859283,0.000816385,0.000366618,,,
1786043753047510501,1786043753.046971532,/novatel/oem7/inspva,/novatel/oem7/inspva,/novatel/oem7/inspva,39.663,-75.756,-1.801407226,0.001937126,-0.002005885,0.001470843,0.001260587,-0.002005885,,novatel_oem7_msgs.msg.InertialSolutionStatus(status=3),
1786043753048833845,1786043753.047173314,/novatel/oem7/fix,/novatel/oem7/fix,/novatel/oem7/inspva,39.663,-75.756,-1.801407226,0.001937126,-0.002005885,0.001470843,0.001260587,-0.002005885,,0,
1786043753049855028,1786043753.047523001,/novatel/oem7/odom,/novatel/oem7/fix,/novatel/oem7/odom,39.663,-75.756,-1.801407226,0.001946112,-0.001997168,0.001339074,0.001412173,-0.001997168,,,
1786043753057218015,1786043753.056569732,/novatel/oem7/odom,/novatel/oem7/fix,/novatel/oem7/odom,39.663,-75.756,-1.801407226,0.001946112,-0.001997168,0.001339074,0.001412173,-0.001997168,,,
1786043753066566142,1786043753.066057547,/novatel/oem7/inspva,/novatel/oem7/inspva,/novatel/oem7/inspva,39.663,-75.756,-1.801391114,0.002179044,-0.001204286,0.001391697,0.001676726,-0.001204286,,novatel_oem7_msgs.msg.InertialSolutionStatus(status=3),
1786043753067849711,1786043753.066200902,/novatel/oem7/fix,/novatel/oem7/fix,/novatel/oem7/inspva,39.663,-75.756,-1.801391114,0.002179044,-0.001204286,0.001391697,0.001676726,-0.001204286,,0,
1786043753068870245,1786043753.066601242,/novatel/oem7/odom,/novatel/oem7/fix,/novatel/oem7/odom,39.663,-75.756,-1.801391114,0.002184534,-0.001194297,0.001747762,0.001310541,-0.001194297,,,
1786043753075139414,1786043753.074528927,/novatel/oem7/odom,/novatel/oem7/fix,/novatel/oem7/odom,39.663,-75.756,-1.801391114,0.002184534,-0.001194297,0.001747762,0.001310541,-0.001194297,,,
1786043753085837515,1786043753.085312100,/novatel/oem7/inspva,/novatel/oem7/inspva,/novatel/oem7/inspva,39.663,-75.756,-1.801391028,0.002734021,0.000050832,0.001076832,0.002513026,0.000050832,,novatel_oem7_msgs.msg.InertialSolutionStatus(status=3),
1786043753087120761,1786043753.085489078,/novatel/oem7/fix,/novatel/oem7/fix,/novatel/oem7/inspva,39.663,-75.756,-1.801391028,0.002734021,0.000050832,0.001076832,0.002513026,0.000050832,,0,
1786043753088139371,1786043753.086113441,/novatel/oem7/odom,/novatel/oem7/fix,/novatel/oem7/odom,39.663,-75.756,-1.801391028,0.002733764,0.000063129,0.002562805,0.000951577,0.000063129,,,
1786043753096993050,1786043753.096350143,/novatel/oem7/odom,/novatel/oem7/fix,/novatel/oem7/odom,39.663,-75.756,-1.801391028,0.002733764,0.000063129,0.002562805,0.000951577,0.000063129,,,
1786043753107513428,1786043753.105872522,/novatel/oem7/inspva,/novatel/oem7/inspva,/novatel/oem7/inspva,39.663,-75.756,-1.801396754,0.002941734,-0.001960365,0.001162073,0.002702477,-0.001960365,,novatel_oem7_msgs.msg.InertialSolutionStatus(status=3),
1786043753108816695,1786043753.106116674,/novatel/oem7/fix,/novatel/oem7/fix,/novatel/oem7/inspva,39.663,-75.756,-1.801396754,0.002941734,-0.001960365,0.001162073,0.002702477,-0.001960365,,0,
1786043753109851432,1786043753.107194612,/novatel/oem7/odom,/novatel/oem7/fix,/novatel/oem7/odom,39.663,-75.756,-1.801396754,0.002733766,0.000063056,0.002562810,0.000951567,0.000063056,,,
1786043753111271783,1786043753.109472275,/novatel/oem7/bestpos,/novatel/oem7/bestpos,/novatel/oem7/odom,39.663,-75.756,33.180994470,0.002733766,0.000063056,0.002562810,0.000951567,0.000063056,,novatel_oem7_msgs.msg.SolutionStatus(status=0),novatel_oem7_msgs.msg.PositionOrVelocityType(type=53)
1786043753112191865,1786043753.110191119,/novatel/oem7/bestvel,/novatel/oem7/bestpos,/novatel/oem7/bestvel,39.663,-75.756,33.180994470,0.004610309,-0.003000561,,,,71.286168146,novatel_oem7_msgs.msg.SolutionStatus(status=0),novatel_oem7_msgs.msg.PositionOrVelocityType(type=53)
1786043753115181405,1786043753.114547075,/novatel/oem7/odom,/novatel/oem7/bestpos,/novatel/oem7/odom,39.663,-75.756,33.180994470,0.002950473,-0.001947187,0.002763850,0.001032677,-0.001947187,,,
1786043753127031754,1786043753.126533652,/novatel/oem7/inspva,/novatel/oem7/inspva,/novatel/oem7/inspva,39.663,-75.756,-1.801365177,0.001905275,0.000762351,0.001023364,0.001607108,0.000762351,,novatel_oem7_msgs.msg.InertialSolutionStatus(status=3),
1786043753128368341,1786043753.126699804,/novatel/oem7/fix,/novatel/oem7/fix,/novatel/oem7/inspva,39.663,-75.756,-1.801365177,0.001905275,0.000762351,0.001023364,0.001607108,0.000762351,,0,
1786043753129409147,1786043753.127110031,/novatel/oem7/odom,/novatel/oem7/fix,/novatel/oem7/odom,39.663,-75.756,-1.801365177,0.001901795,0.000770990,0.001652723,0.000940921,0.000770990,,,
1786043753135168665,1786043753.134525542,/novatel/oem7/odom,/novatel/oem7/fix,/novatel/oem7/odom,39.663,-75.756,-1.801365177,0.001901795,0.000770990,0.001652723,0.000940921,0.000770990,,,
1786043753145510275,1786043753.144996960,/novatel/oem7/inspva,/novatel/oem7/inspva,/novatel/oem7/inspva,39.663,-75.756,-1.801357183,0.002496703,0.001295828,0.001296387,0.002133754,0.001295828,,novatel_oem7_msgs.msg.InertialSolutionStatus(status=3),
1786043753146804762,1786043753.145148972,/novatel/oem7/fix,/novatel/oem7/fix,/novatel/oem7/inspva,39.663,-75.756,-1.801357183,0.002496703,0.001295828,0.001296387,0.002133754,0.001295828,,0,
1786043753147837489,1786043753.145445697,/novatel/oem7/odom,/novatel/oem7/fix,/novatel/oem7/odom,39.663,-75.756,-1.801357183,0.002490791,0.001307155,0.002190189,0.001186219,0.001307155,,,
1786043753156670774,1786043753.155993357,/novatel/oem7/odom,/novatel/oem7/fix,/novatel/oem7/odom,39.663,-75.756,-1.801357183,0.002490791,0.001307155,0.002190189,0.001186219,0.001307155,,,
1786043753165836302,1786043753.165300510,/novatel/oem7/inspva,/novatel/oem7/inspva,/novatel/oem7/inspva,39.663,-75.756,-1.801391856,0.003258087,-0.003068119,0.001606922,0.002834243,-0.003068119,,novatel_oem7_msgs.msg.InertialSolutionStatus(status=3),
1786043753167184309,1786043753.165470162,/novatel/oem7/fix,/novatel/oem7/fix,/novatel/oem7/inspva,39.663,-75.756,-1.801391856,0.003258087,-0.003068119,0.001606922,0.002834243,-0.003068119,,0,
1786043753168256533,1786043753.166036854,/novatel/oem7/odom,/novatel/oem7/fix,/novatel/oem7/odom,39.663,-75.756,-1.801391856,0.003272097,-0.003053173,0.002921594,0.001473400,-0.003053173,,,
1786043753175731948,1786043753.174891220,/novatel/oem7/odom,/novatel/oem7/fix,/novatel/oem7/odom,39.663,-75.756,-1.801391856,0.003272097,-0.003053173,0.002921594,0.001473400,-0.003053173,,,
1786043753186676911,1786043753.186119825,/novatel/oem7/inspva,/novatel/oem7/inspva,/novatel/oem7/inspva,39.663,-75.756,-1.801358432,0.002329175,-0.002686818,0.000883955,0.002154920,-0.002686818,,novatel_oem7_msgs.msg.InertialSolutionStatus(status=3),
1786043753188128699,1786043753.186287344,/novatel/oem7/fix,/novatel/oem7/fix,/novatel/oem7/inspva,39.663,-75.756,-1.801358432,0.002329175,-0.002686818,0.000883955,0.002154920,-0.002686818,,0,
1786043753189314794,1786043753.186743125,/novatel/oem7/odom,/novatel/oem7/fix,/novatel/oem7/odom,39.663,-75.756,-1.801358432,0.002340963,-0.002676553,0.002205885,0.000783697,-0.002676553,,,
1786043753195011324,1786043753.194281507,/novatel/oem7/odom,/novatel/oem7/fix,/novatel/oem7/odom,39.663,-75.756,-1.801358432,0.002340963,-0.002676553,0.002205885,0.000783697,-0.002676553,,,
1786043753207197423,1786043753.206674811,/novatel/oem7/inspva,/novatel/oem7/inspva,/novatel/oem7/inspva,39.663,-75.756,-1.801304108,0.001595326,0.004067585,0.001595137,0.000024514,0.004067585,,novatel_oem7_msgs.msg.InertialSolutionStatus(status=3),
1786043753208600250,1786043753.206778187,/novatel/oem7/fix,/novatel/oem7/fix,/novatel/oem7/inspva,39.663,-75.756,-1.801304108,0.001595326,0.004067585,0.001595137,0.000024514,0.004067585,,0,
1786043753209715991,1786043753.207253917,/novatel/oem7/odom,/novatel/oem7/fix,/novatel/oem7/odom,39.663,-75.756,-1.801304108,0.001583558,0.004072181,0.000087576,0.001581134,0.004072181,,,
1786043753211252740,1786043753.210145641,/novatel/oem7/bestpos,/novatel/oem7/bestpos,/novatel/oem7/odom,39.663,-75.756,33.181061644,0.001583558,0.004072181,0.000087576,0.001581134,0.004072181,,novatel_oem7_msgs.msg.SolutionStatus(status=0),novatel_oem7_msgs.msg.PositionOrVelocityType(type=53)
1786043753212568480,1786043753.210505112,/novatel/oem7/bestvel,/novatel/oem7/bestpos,/novatel/oem7/bestvel,39.663,-75.756,33.181061644,0.003254096,0.002654987,,,,20.188248499,novatel_oem7_msgs.msg.SolutionStatus(status=0),novatel_oem7_msgs.msg.PositionOrVelocityType(type=53)
1786043753216064912,1786043753.215381555,/novatel/oem7/odom,/novatel/oem7/bestpos,/novatel/oem7/odom,39.663,-75.756,33.181061644,0.001583558,0.004072181,0.000087576,0.001581134,0.004072181,,,
1786043753225443146,1786043753.224901860,/novatel/oem7/inspva,/novatel/oem7/inspva,/novatel/oem7/inspva,39.663,-75.756,-1.801304751,0.002297474,0.000628521,0.002253145,0.000449136,0.000628521,,novatel_oem7_msgs.msg.InertialSolutionStatus(status=3),
1786043753226885903,1786043753.224987377,/novatel/oem7/fix,/novatel/oem7/fix,/novatel/oem7/inspva,39.663,-75.756,-1.801304751,0.002297474,0.000628521,0.002253145,0.000449136,0.000628521,,0,
1786043753228040765,1786043753.225459033,/novatel/oem7/odom,/novatel/oem7/fix,/novatel/oem7/odom,39.663,-75.756,-1.801304751,0.002295256,0.000636574,0.000557203,0.002226595,0.000636574,,,
1786043753235056715,1786043753.234371672,/novatel/oem7/odom,/novatel/oem7/fix,/novatel/oem7/odom,39.663,-75.756,-1.801304751,0.002295256,0.000636574,0.000557203,0.002226595,0.000636574,,,
1786043753247258994,1786043753.246702285,/novatel/oem7/inspva,/novatel/oem7/inspva,/novatel/oem7/inspva,39.663,-75.756,-1.801291006,0.001976483,-0.001376444,0.000083611,0.001974714,-0.001376444,,novatel_oem7_msgs.msg.InertialSolutionStatus(status=3),
1786043753248697035,1786043753.246897190,/novatel/oem7/fix,/novatel/oem7/fix,/novatel/oem7/inspva,39.663,-75.756,-1.801291006,0.001976483,-0.001376444,0.000083611,0.001974714,-0.001376444,,0,
1786043753249818653,1786043753.247233554,/novatel/oem7/odom,/novatel/oem7/fix,/novatel/oem7/odom,39.663,-75.756,-1.801291006,0.001981576,-0.001369103,0.001981549,-0.000010234,-0.001369103,,,
1786043753257026545,1786043753.256329182,/novatel/oem7/odom,/novatel/oem7/fix,/novatel/oem7/odom,39.663,-75.756,-1.801291006,0.001981576,-0.001369103,0.001981549,-0.000010234,-0.001369103,,,
1786043753265623588,1786043753.265042465,/novatel/oem7/inspva,/novatel/oem7/inspva,/novatel/oem7/inspva,39.663,-75.756,-1.801262436,0.001213010,0.001235580,0.000484605,0.001112003,0.001235580,,novatel_oem7_msgs.msg.InertialSolutionStatus(status=3),
1786043753267072119,1786043753.265223354,/novatel/oem7/fix,/novatel/oem7/fix,/novatel/oem7/inspva,39.663,-75.756,-1.801262436,0.001213010,0.001235580,0.000484605,0.001112003,0.001235580,,0,
1786043753268219574,1786043753.265559940,/novatel/oem7/odom,/novatel/oem7/fix,/novatel/oem7/odom,39.663,-75.756,-1.801262436,0.001207452,0.001241011,0.001129834,0.000425929,0.001241011,,,
1786043753275516754,1786043753.274850210,/novatel/oem7/odom,/novatel/oem7/fix,/novatel/oem7/odom,39.663,-75.756,-1.801262436,0.001207452,0.001241011,0.001129834,0.000425929,0.001241011,,,
1786043753286250871,1786043753.285545250,/novatel/oem7/inspva,/novatel/oem7/inspva,/novatel/oem7/inspva,39.663,-75.756,-1.801320557,0.003326649,-0.004358447,0.002221290,0.002476382,-0.004358447,,novatel_oem7_msgs.msg.InertialSolutionStatus(status=3),
1786043753288142653,1786043753.285807333,/novatel/oem7/fix,/novatel/oem7/fix,/novatel/oem7/inspva,39.663,-75.756,-1.801320557,0.003326649,-0.004358447,0.002221290,0.002476382,-0.004358447,,0,
1786043753289735026,1786043753.286367496,/novatel/oem7/odom,/novatel/oem7/fix,/novatel/oem7/odom,39.663,-75.756,-1.801320557,0.003346718,-0.004343057,0.002599463,0.002107916,-0.004343057,,,
1786043753295805093,1786043753.294966082,/novatel/oem7/odom,/novatel/oem7/fix,/novatel/oem7/odom,39.663,-75.756,-1.801320557,0.003346718,-0.004343057,0.002599463,0.002107916,-0.004343057,,,
1786043753307670016,1786043753.306796440,/novatel/oem7/inspva,/novatel/oem7/inspva,/novatel/oem7/inspva,39.663,-75.756,-1.801291455,0.001487275,-0.001613340,0.000465264,0.001412627,-0.001613340,,novatel_oem7_msgs.msg.InertialSolutionStatus(status=3),
1786043753309340426,1786043753.307072900,/novatel/oem7/fix,/novatel/oem7/fix,/novatel/oem7/inspva,39.663,-75.756,-1.801291455,0.001487275,-0.001613340,0.000465264,0.001412627,-0.001613340,,0,
1786043753310581485,1786043753.307446087,/novatel/oem7/odom,/novatel/oem7/fix,/novatel/oem7/odom,39.663,-75.756,-1.801291455,0.001494240,-0.001606890,0.001439895,0.000399320,-0.001606890,,,
1786043753312079596,1786043753.309560395,/novatel/oem7/bestpos,/novatel/oem7/bestpos,/novatel/oem7/odom,39.663,-75.756,33.181108013,0.001494240,-0.001606890,0.001439895,0.000399320,-0.001606890,,novatel_oem7_msgs.msg.SolutionStatus(status=0),novatel_oem7_msgs.msg.PositionOrVelocityType(type=53)
1786043753313032179,1786043753.310303578,/novatel/oem7/bestvel,/novatel/oem7/bestpos,/novatel/oem7/bestvel,39.663,-75.756,33.181108013,0.000405635,-0.000306685,,,,231.778492349,novatel_oem7_msgs.msg.SolutionStatus(status=0),novatel_oem7_msgs.msg.PositionOrVelocityType(type=53)
1786043753315115997,1786043753.314454264,/novatel/oem7/odom,/novatel/oem7/bestpos,/novatel/oem7/odom,39.663,-75.756,33.181108013,0.001494240,-0.001606890,0.001439895,0.000399320,-0.001606890,,,
1786043753325823834,1786043753.325278588,/novatel/oem7/inspva,/novatel/oem7/inspva,/novatel/oem7/inspva,39.663,-75.756,-1.801288735,0.001645245,0.000612386,0.001517307,0.000636089,0.000612386,,novatel_oem7_msgs.msg.InertialSolutionStatus(status=3),
1786043753327185257,1786043753.325482077,/novatel/oem7/fix,/novatel/oem7/fix,/novatel/oem7/inspva,39.663,-75.756,-1.801288735,0.001645245,0.000612386,0.001517307,0.000636089,0.000612386,,0,
1786043753328256162,1786043753.326144054,/novatel/oem7/odom,/novatel/oem7/fix,/novatel/oem7/odom,39.663,-75.756,-1.801288735,0.001642749,0.000619049,0.000707725,0.001482481,0.000619049,,,
1786043753336764177,1786043753.335816761,/novatel/oem7/odom,/novatel/oem7/fix,/novatel/oem7/odom,39.663,-75.756,-1.801288735,0.001642749,0.000619049,0.000707725,0.001482481,0.000619049,,,
1786043753345834318,1786043753.345033097,/novatel/oem7/inspva,/novatel/oem7/inspva,/novatel/oem7/inspva,39.663,-75.756,-1.801274475,0.001783438,-0.000707694,0.001646817,-0.000684577,-0.000707694,,novatel_oem7_msgs.msg.InertialSolutionStatus(status=3),
1786043753347793144,1786043753.345193350,/novatel/oem7/fix,/novatel/oem7/fix,/novatel/oem7/inspva,39.663,-75.756,-1.801274475,0.001783438,-0.000707694,0.001646817,-0.000684577,-0.000707694,,0,
1786043753349492234,1786043753.345812328,/novatel/oem7/odom,/novatel/oem7/fix,/novatel/oem7/odom,39.663,-75.756,-1.801274475,0.001784269,-0.000705598,-0.000599891,0.001680400,-0.000705598,,,
1786043753356560851,1786043753.355681746,/novatel/oem7/odom,/novatel/oem7/fix,/novatel/oem7/odom,39.663,-75.756,-1.801274475,0.001784269,-0.000705598,-0.000599891,0.001680400,-0.000705598,,,
1786043753367559001,1786043753.366766182,/novatel/oem7/inspva,/novatel/oem7/inspva,/novatel/oem7/inspva,39.663,-75.756,-1.801210077,0.002580161,0.003612288,0.000168521,-0.002574652,0.003612288,,novatel_oem7_msgs.msg.InertialSolutionStatus(status=3),
1786043753369176081,1786043753.366897042,/novatel/oem7/fix,/novatel/oem7/fix,/novatel/oem7/inspva,39.663,-75.756,-1.801210077,0.002580161,0.003612288,0.000168521,-0.002574652,0.003612288,,0,
1786043753370340396,1786043753.367339996,/novatel/oem7/odom,/novatel/oem7/fix,/novatel/oem7/odom,39.663,-75.756,-1.801210077,0.002592587,0.003603380,-0.002576803,0.000285642,0.003603380,,,
1786043753375794918,1786043753.374801851,/novatel/oem7/odom,/novatel/oem7/fix,/novatel/oem7/odom,39.663,-75.756,-1.801210077,0.002592587,0.003603380,-0.002576803,0.000285642,0.003603380,,,
1786043753385746807,1786043753.384985836,/novatel/oem7/inspva,/novatel/oem7/inspva,/novatel/oem7/inspva,39.663,-75.756,-1.801202641,0.001115358,-0.000295858,0.001041783,0.000398388,-0.000295858,,novatel_oem7_msgs.msg.InertialSolutionStatus(status=3),
1786043753387593356,1786043753.385147246,/novatel/oem7/fix,/novatel/oem7/fix,/novatel/oem7/inspva,39.663,-75.756,-1.801202641,0.001115358,-0.000295858,0.001041783,0.000398388,-0.000295858,,0,
1786043753389094727,1786043753.385707347,/novatel/oem7/odom,/novatel/oem7/fix,/novatel/oem7/odom,39.663,-75.756,-1.801202641,0.001116526,-0.000291422,0.000450385,0.001021657,-0.000291422,,,
1786043753395321629,1786043753.394624772,/novatel/oem7/odom,/novatel/oem7/fix,/novatel/oem7/odom,39.663,-75.756,-1.801202641,0.001116526,-0.000291422,0.000450385,0.001021657,-0.000291422,,,
1786043753407229579,1786043753.406301744,/novatel/oem7/inspva,/novatel/oem7/inspva,/novatel/oem7/inspva,39.663,-75.756,-1.801168376,0.001600715,0.000642904,0.001566239,-0.000330432,0.000642904,,novatel_oem7_msgs.msg.InertialSolutionStatus(status=3),
1786043753409478238,1786043753.406506204,/novatel/oem7/fix,/novatel/oem7/fix,/novatel/oem7/inspva,39.663,-75.756,-1.801168376,0.001600715,0.000642904,0.001566239,-0.000330432,0.000642904,,0,
1786043753411071044,1786043753.406987710,/novatel/oem7/odom,/novatel/oem7/fix,/novatel/oem7/odom,39.663,-75.756,-1.801168376,0.001599435,0.000646081,-0.000255243,0.001578938,0.000646081,,,
1786043753413044811,1786043753.410393160,/novatel/oem7/bestpos,/novatel/oem7/bestpos,/novatel/oem7/odom,39.663,-75.756,33.181238371,0.001599435,0.000646081,-0.000255243,0.001578938,0.000646081,,novatel_oem7_msgs.msg.SolutionStatus(status=0),novatel_oem7_msgs.msg.PositionOrVelocityType(type=53)
1786043753414373380,1786043753.410869261,/novatel/oem7/bestvel,/novatel/oem7/bestpos,/novatel/oem7/bestvel,39.663,-75.756,33.181238371,0.003996598,0.002656992,,,,287.269126648,novatel_oem7_msgs.msg.SolutionStatus(status=0),novatel_oem7_msgs.msg.PositionOrVelocityType(type=53)
1786043753416495365,1786043753.414979130,/novatel/oem7/odom,/novatel/oem7/bestpos,/novatel/oem7/odom,39.663,-75.756,33.181238371,0.001599435,0.000646081,-0.000255243,0.001578938,0.000646081,,,
1786043753426942466,1786043753.426264503,/novatel/oem7/inspva,/novatel/oem7/inspva,/novatel/oem7/inspva,39.663,-75.756,-1.801188858,0.000407667,-0.001054881,0.000387162,-0.000127664,-0.001054881,,novatel_oem7_msgs.msg.InertialSolutionStatus(status=3),
1786043753428289699,1786043753.426506599,/novatel/oem7/fix,/novatel/oem7/fix,/novatel/oem7/inspva,39.663,-75.756,-1.801188858,0.000407667,-0.001054881,0.000387162,-0.000127664,-0.001054881,,0,
1786043753429345720,1786043753.426886255,/novatel/oem7/odom,/novatel/oem7/fix,/novatel/oem7/odom,39.663,-75.756,-1.801188858,0.000409264,-0.001054263,-0.000104374,0.000395731,-0.001054263,,,
1786043753435564862,1786043753.434634090,/novatel/oem7/odom,/novatel/oem7/fix,/novatel/oem7/odom,39.663,-75.756,-1.801188858,0.000409264,-0.001054263,-0.000104374,0.000395731,-0.001054263,,,
1786043753446558006,1786043753.445489482,/novatel/oem7/inspva,/novatel/oem7/inspva,/novatel/oem7/inspva,39.663,-75.756,-1.801201846,0.002370295,-0.001746513,0.002336128,0.000401005,-0.001746513,,novatel_oem7_msgs.msg.InertialSolutionStatus(status=3),
1786043753448893983,1786043753.445798452,/novatel/oem7/fix,/novatel/oem7/fix,/novatel/oem7/inspva,39.663,-75.756,-1.801201846,0.002370295,-0.001746513,0.002336128,0.000401005,-0.001746513,,0,
1786043753450641450,1786043753.446513222,/novatel/oem7/odom,/novatel/oem7/fix,/novatel/oem7/odom,39.663,-75.756,-1.801201846,0.002376300,-0.001738333,0.000522248,0.002318202,-0.001738333,,,
1786043753457368841,1786043753.456441798,/novatel/oem7/odom,/novatel/oem7/fix,/novatel/oem7/odom,39.663,-75.756,-1.801201846,0.002376300,-0.001738333,0.000522248,0.002318202,-0.001738333,,,
1786043753465786459,1786043753.465157149,/novatel/oem7/inspva,/novatel/oem7/inspva,/novatel/oem7/inspva,39.663,-75.756,-1.801201050,0.000499113,0.000502426,0.000252604,-0.000430470,0.000502426,,novatel_oem7_msgs.msg.InertialSolutionStatus(status=3),
1786043753467284480,1786043753.465326897,/novatel/oem7/fix,/novatel/oem7/fix,/novatel/oem7/inspva,39.663,-75.756,-1.801201050,0.000499113,0.000502426,0.000252604,-0.000430470,0.000502426,,0,
1786043753468493229,1786043753.465753628,/novatel/oem7/odom,/novatel/oem7/fix,/novatel/oem7/odom,39.663,-75.756,-1.801201050,0.000499997,0.000501547,-0.000419407,0.000272204,0.000501547,,,
1786043753475732004,1786043753.474679228,/novatel/oem7/odom,/novatel/oem7/fix,/novatel/oem7/odom,39.663,-75.756,-1.801201050,0.000499997,0.000501547,-0.000419407,0.000272204,0.000501547,,,
1786043753487377715,1786043753.486666533,/novatel/oem7/inspva,/novatel/oem7/inspva,/novatel/oem7/inspva,39.663,-75.756,-1.801220666,0.003016415,-0.002251293,0.002961363,0.000573665,-0.002251293,,novatel_oem7_msgs.msg.InertialSolutionStatus(status=3),
1786043753489348121,1786043753.486820539,/novatel/oem7/fix,/novatel/oem7/fix,/novatel/oem7/inspva,39.663,-75.756,-1.801220666,0.003016415,-0.002251293,0.002961363,0.000573665,-0.002251293,,0,
1786043753490844593,1786043753.487354011,/novatel/oem7/odom,/novatel/oem7/fix,/novatel/oem7/odom,39.663,-75.756,-1.801220666,0.003024173,-0.002240861,0.000727388,0.002935392,-0.002240861,,,
1786043753495732522,1786043753.495060532,/novatel/oem7/odom,/novatel/oem7/fix,/novatel/oem7/odom,39.663,-75.756,-1.801220666,0.003024173,-0.002240861,0.000727388,0.002935392,-0.002240861,,,
1786043753507027771,1786043753.505914005,/novatel/oem7/inspva,/novatel/oem7/inspva,/novatel/oem7/inspva,39.663,-75.756,-1.801213092,0.001016163,-0.000746836,-0.000432150,0.000919692,-0.000746836,,novatel_oem7_msgs.msg.InertialSolutionStatus(status=3),
1786043753509186366,1786043753.506128254,/novatel/oem7/fix,/novatel/oem7/fix,/novatel/oem7/inspva,39.663,-75.756,-1.801213092,0.001016163,-0.000746836,-0.000432150,0.000919692,-0.000746836,,0,
1786043753510808362,1786043753.506819496,/novatel/oem7/odom,/novatel/oem7/fix,/novatel/oem7/odom,39.663,-75.756,-1.801213092,0.001017702,-0.000744738,0.000900054,-0.000474995,-0.000744738,,,
1786043753512834526,1786043753.511297452,/novatel/oem7/bestpos,/novatel/oem7/bestpos,/novatel/oem7/odom,39.663,-75.756,33.181199495,0.001017702,-0.000744738,0.000900054,-0.000474995,-0.000744738,,novatel_oem7_msgs.msg.SolutionStatus(status=0),novatel_oem7_msgs.msg.PositionOrVelocityType(type=53)
1786043753514729675,1786043753.512174279,/novatel/oem7/bestvel,/novatel/oem7/bestpos,/novatel/oem7/bestvel,39.663,-75.756,33.181199495,0.001615439,0.000365349,,,,176.777454588,novatel_oem7_msgs.msg.SolutionStatus(status=0),novatel_oem7_msgs.msg.PositionOrVelocityType(type=53)
1786043753516884956,1786043753.515444556,/novatel/oem7/odom,/novatel/oem7/bestpos,/novatel/oem7/odom,39.663,-75.756,33.181199495,0.001017702,-0.000744738,0.000900054,-0.000474995,-0.000744738,,,
1786043753525793769,1786043753.525219122,/novatel/oem7/inspva,/novatel/oem7/inspva,/novatel/oem7/inspva,39.663,-75.756,-1.801224273,0.004272947,-0.000976677,0.002741476,0.003277557,-0.000976677,,novatel_oem7_msgs.msg.InertialSolutionStatus(status=3),
1786043753527134623,1786043753.525341175,/novatel/oem7/fix,/novatel/oem7/fix,/novatel/oem7/inspva,39.663,-75.756,-1.801224273,0.004272947,-0.000976677,0.002741476,0.003277557,-0.000976677,,0,
1786043753528205037,1786043753.525926384,/novatel/oem7/odom,/novatel/oem7/fix,/novatel/oem7/odom,39.663,-75.756,-1.801224273,0.004277402,-0.000956978,0.003412389,0.002579102,-0.000956978,,,
1786043753535790356,1786043753.534866780,/novatel/oem7/odom,/novatel/oem7/fix,/novatel/oem7/odom,39.663,-75.756,-1.801224273,0.004277402,-0.000956978,0.003412389,0.002579102,-0.000956978,,,
1786043753547152939,1786043753.546089830,/novatel/oem7/inspva,/novatel/oem7/inspva,/novatel/oem7/inspva,39.663,-75.756,-1.801215721,0.000672201,-0.000497544,0.000654456,-0.000153430,-0.000497544,,novatel_oem7_msgs.msg.InertialSolutionStatus(status=3),
1786043753549614184,1786043753.546305126,/novatel/oem7/fix,/novatel/oem7/fix,/novatel/oem7/inspva,39.663,-75.756,-1.801215721,0.000672201,-0.000497544,0.000654456,-0.000153430,-0.000497544,,0,
1786043753551309488,1786043753.546972021,/novatel/oem7/odom,/novatel/oem7/fix,/novatel/oem7/odom,39.663,-75.756,-1.801215721,0.000673167,-0.000496237,-0.000119104,0.000662546,-0.000496237,,,
1786043753556782300,1786043753.555842166,/novatel/oem7/odom,/novatel/oem7/fix,/novatel/oem7/odom,39.663,-75.756,-1.801215721,0.000673167,-0.000496237,-0.000119104,0.000662546,-0.000496237,,,
1786043753565948744,1786043753.565221080,/novatel/oem7/inspva,/novatel/oem7/inspva,/novatel/oem7/inspva,39.663,-75.756,-1.801204410,0.002131443,0.000050539,0.002066371,0.000522646,0.000050539,,novatel_oem7_msgs.msg.InertialSolutionStatus(status=3),
1786043753567596324,1786043753.565315449,/novatel/oem7/fix,/novatel/oem7/fix,/novatel/oem7/inspva,39.663,-75.756,-1.801204410,0.002131443,0.000050539,0.002066371,0.000522646,0.000050539,,0,
1786043753568845830,1786043753.565674435,/novatel/oem7/odom,/novatel/oem7/fix,/novatel/oem7/odom,39.663,-75.756,-1.801204410,0.002131247,0.000058218,0.000623680,0.002037949,0.000058218,,,
1786043753576717782,1786043753.575503770,/novatel/oem7/odom,/novatel/oem7/fix,/novatel/oem7/odom,39.663,-75.756,-1.801204410,0.002131247,0.000058218,0.000623680,0.002037949,0.000058218,,,
1786043753585872259,1786043753.584973572,/novatel/oem7/inspva,/novatel/oem7/inspva,/novatel/oem7/inspva,39.663,-75.756,-1.801191102,0.003018960,0.000840518,0.001404205,0.002672514,0.000840518,,novatel_oem7_msgs.msg.InertialSolutionStatus(status=3),
1786043753587768372,1786043753.585238007,/novatel/oem7/fix,/novatel/oem7/fix,/novatel/oem7/inspva,39.663,-75.756,-1.801191102,0.003018960,0.000840518,0.001404205,0.002672514,0.000840518,,0,
1786043753589483912,1786043753.585672195,/novatel/oem7/odom,/novatel/oem7/fix,/novatel/oem7/odom,39.663,-75.756,-1.801191102,0.003015153,0.000854075,0.002735358,0.001268450,0.000854075,,,
1786043753595008636,1786043753.594311512,/novatel/oem7/odom,/novatel/oem7/fix,/novatel/oem7/odom,39.663,-75.756,-1.801191102,0.003015153,0.000854075,0.002735358,0.001268450,0.000854075,,,
1786043753607700194,1786043753.606597861,/novatel/oem7/inspva,/novatel/oem7/inspva,/novatel/oem7/inspva,39.663,-75.756,-1.801165299,0.004459545,0.000466369,0.001290205,0.004268830,0.000466369,,novatel_oem7_msgs.msg.InertialSolutionStatus(status=3),
1786043753610164342,1786043753.606808365,/novatel/oem7/fix,/novatel/oem7/fix,/novatel/oem7/inspva,39.663,-75.756,-1.801165299,0.004459545,0.000466369,0.001290205,0.004268830,0.000466369,,0,
1786043753611950037,1786043753.607248275,/novatel/oem7/odom,/novatel/oem7/fix,/novatel/oem7/odom,39.663,-75.756,-1.801165299,0.004457484,0.000485672,0.004325452,0.001076860,0.000485672,,,
1786043753614026466,1786043753.610404086,/novatel/oem7/bestpos,/novatel/oem7/bestpos,/novatel/oem7/odom,39.663,-75.756,33.181212634,0.004457484,0.000485672,0.004325452,0.001076860,0.000485672,,novatel_oem7_msgs.msg.SolutionStatus(status=0),novatel_oem7_msgs.msg.PositionOrVelocityType(type=53)
1786043753615408880,1786043753.610857002,/novatel/oem7/bestvel,/novatel/oem7/bestpos,/novatel/oem7/bestvel,39.663,-75.756,33.181212634,0.006657369,-0.000547813,,,,81.483968386,novatel_oem7_msgs.msg.SolutionStatus(status=0),novatel_oem7_msgs.msg.PositionOrVelocityType(type=53)
1786043753617694414,1786043753.614680462,/novatel/oem7/odom,/novatel/oem7/bestpos,/novatel/oem7/odom,39.663,-75.756,33.181212634,0.004457484,0.000485672,0.004325452,0.001076860,0.000485672,,,
1786043753625482804,1786043753.624897630,/novatel/oem7/inspva,/novatel/oem7/inspva,/novatel/oem7/inspva,39.663,-75.756,-1.801143504,0.001985698,0.001520014,0.001839750,0.000747207,0.001520014,,novatel_oem7_msgs.msg.InertialSolutionStatus(status=3),
1786043753626677027,1786043753.624994932,/novatel/oem7/fix,/novatel/oem7/fix,/novatel/oem7/inspva,39.663,-75.756,-1.801143504,0.001985698,0.001520014,0.001839750,0.000747207,0.001520014,,0,
1786043753627644762,1786043753.625464397,/novatel/oem7/odom,/novatel/oem7/fix,/novatel/oem7/odom,39.663,-75.756,-1.801143504,0.001979588,0.001527963,0.000831230,0.001796615,0.001527963,,,
1786043753636410933,1786043753.635533151,/novatel/oem7/odom,/novatel/oem7/fix,/novatel/oem7/odom,39.663,-75.756,-1.801143504,0.001979588,0.001527963,0.000831230,0.001796615,0.001527963,,,
1786043753646717583,1786043753.645478390,/novatel/oem7/inspva,/novatel/oem7/inspva,/novatel/oem7/inspva,39.663,-75.756,-1.801132955,0.001236653,-0.000649009,0.001029411,0.000685290,-0.000649009,,novatel_oem7_msgs.msg.InertialSolutionStatus(status=3),
1786043753648990609,1786043753.645854973,/novatel/oem7/fix,/novatel/oem7/fix,/novatel/oem7/inspva,39.663,-75.756,-1.801132955,0.001236653,-0.000649009,0.001029411,0.000685290,-0.000649009,,0,
1786043753650681620,1786043753.646557488,/novatel/oem7/odom,/novatel/oem7/fix,/novatel/oem7/odom,39.663,-75.756,-1.801132955,0.001239494,-0.000643565,0.000737661,0.000996094,-0.000643565,,,
1786043753657617302,1786043753.656618275,/novatel/oem7/odom,/novatel/oem7/fix,/novatel/oem7/odom,39.663,-75.756,-1.801132955,0.001239494,-0.000643565,0.000737661,0.000996094,-0.000643565,,,
1786043753666722516,1786043753.666131241,/novatel/oem7/inspva,/novatel/oem7/inspva,/novatel/oem7/inspva,39.663,-75.756,-1.801126308,0.002941840,-0.000726305,0.002048743,0.002111179,-0.000726305,,novatel_oem7_msgs.msg.InertialSolutionStatus(status=3),
1786043753667907188,1786043753.666336369,/novatel/oem7/fix,/novatel/oem7/fix,/novatel/oem7/inspva,39.663,-75.756,-1.801126308,0.002941840,-0.000726305,0.002048743,0.002111179,-0.000726305,,0,
1786043753668466046,1786043753.666833241,/novatel/oem7/odom,/novatel/oem7/fix,/novatel/oem7/odom,39.663,-75.756,-1.801126308,0.002945154,-0.000712746,0.002212368,0.001944057,-0.000712746,,,
1786043753675328168,1786043753.674640223,/novatel/oem7/odom,/novatel/oem7/fix,/novatel/oem7/odom,39.663,-75.756,-1.801126308,0.002945154,-0.000712746,0.002212368,0.001944057,-0.000712746,,,
1786043753686042067,1786043753.685234993,/novatel/oem7/inspva,/novatel/oem7/inspva,/novatel/oem7/inspva,39.663,-75.756,-1.801101060,0.001319799,0.001304344,0.001268547,0.000364222,0.001304344,,novatel_oem7_msgs.msg.InertialSolutionStatus(status=3),
1786043753688012583,1786043753.685393441,/novatel/oem7/fix,/novatel/oem7/fix,/novatel/oem7/inspva,39.663,-75.756,-1.801101060,0.001319799,0.001304344,0.001268547,0.000364222,0.001304344,,0,
1786043753689509161,1786043753.686138416,/novatel/oem7/odom,/novatel/oem7/fix,/novatel/oem7/odom,39.663,-75.756,-1.801101060,0.001314881,0.001309301,0.000421359,0.001245540,0.001309301,,,
1786043753696090234,1786043753.695414871,/novatel/oem7/odom,/novatel/oem7/fix,/novatel/oem7/odom,39.663,-75.756,-1.801101060,0.001314881,0.001309301,0.000421359,0.001245540,0.001309301,,,
1786043753707150685,1786043753.706060195,/novatel/oem7/inspva,/novatel/oem7/inspva,/novatel/oem7/inspva,39.663,-75.756,-1.801115634,0.002552099,-0.001648812,0.002527686,-0.000352157,-0.001648812,,novatel_oem7_msgs.msg.InertialSolutionStatus(status=3),
1786043753709363517,1786043753.706270952,/novatel/oem7/fix,/novatel/oem7/fix,/novatel/oem7/inspva,39.663,-75.756,-1.801115634,0.002552099,-0.001648812,0.002527686,-0.000352157,-0.001648812,,0,
1786043753710918569,1786043753.706627836,/novatel/oem7/odom,/novatel/oem7/fix,/novatel/oem7/odom,39.663,-75.756,-1.801115634,0.002555840,-0.001643006,-0.000220734,0.002546291,-0.001643006,,,
1786043753713037517,1786043753.709436840,/novatel/oem7/bestpos,/novatel/oem7/bestpos,/novatel/oem7/odom,39.663,-75.756,33.181250858,0.002555840,-0.001643006,-0.000220734,0.002546291,-0.001643006,,novatel_oem7_msgs.msg.SolutionStatus(status=0),novatel_oem7_msgs.msg.PositionOrVelocityType(type=53)
1786043753714299176,1786043753.710123867,/novatel/oem7/bestvel,/novatel/oem7/bestpos,/novatel/oem7/bestvel,39.663,-75.756,33.181250858,0.002027624,-0.001930078,,,,46.114829178,novatel_oem7_msgs.msg.SolutionStatus(status=0),novatel_oem7_msgs.msg.PositionOrVelocityType(type=53)
1786043753716334917,1786043753.714412101,/novatel/oem7/odom,/novatel/oem7/bestpos,/novatel/oem7/odom,39.663,-75.756,33.181250858,0.002555840,-0.001643006,-0.000220734,0.002546291,-0.001643006,,,
1786043753726970840,1786043753.726463841,/novatel/oem7/inspva,/novatel/oem7/inspva,/novatel/oem7/inspva,39.663,-75.756,-1.801062527,0.005965519,0.003474979,0.000829835,-0.005907520,0.003474979,,novatel_oem7_msgs.msg.InertialSolutionStatus(status=3),
1786043753728327020,1786043753.726548633,/novatel/oem7/fix,/novatel/oem7/fix,/novatel/oem7/inspva,39.663,-75.756,-1.801062527,0.005965519,0.003474979,0.000829835,-0.005907520,0.003474979,,0,
1786043753729370543,1786043753.726905446,/novatel/oem7/odom,/novatel/oem7/fix,/novatel/oem7/odom,39.663,-75.756,-1.801062527,0.005976948,0.003455284,-0.005872776,0.001111039,0.003455284,,,
1786043753736030983,1786043753.734865414,/novatel/oem7/odom,/novatel/oem7/fix,/novatel/oem7/odom,39.663,-75.756,-1.801062527,0.005976948,0.003455284,-0.005872776,0.001111039,0.003455284,,,
1786043753747928297,1786043753.744880946,/novatel/oem7/inspva,/novatel/oem7/inspva,/novatel/oem7/inspva,39.663,-75.756,-1.801058191,0.003244708,-0.002012236,0.002215689,0.002370411,-0.002012236,,novatel_oem7_msgs.msg.InertialSolutionStatus(status=3),
1786043753752893478,1786043753.745017578,/novatel/oem7/fix,/novatel/oem7/fix,/novatel/oem7/inspva,39.663,-75.756,-1.801058191,0.003244708,-0.002012236,0.002215689,0.002370411,-0.002012236,,0,
1786043753757223377,1786043753.745453568,/novatel/oem7/odom,/novatel/oem7/fix,/novatel/oem7/odom,39.663,-75.756,-1.801058191,0.003253963,-0.001997234,0.002484416,0.002101417,-0.001997234,,,
1786043753757875255,1786043753.755760500,/novatel/oem7/odom,/novatel/oem7/fix,/novatel/oem7/odom,39.663,-75.756,-1.801058191,0.003253963,-0.001997234,0.002484416,0.002101417,-0.001997234,,,
1786043753766199112,1786043753.765517149,/novatel/oem7/inspva,/novatel/oem7/inspva,/novatel/oem7/inspva,39.663,-75.756,-1.801084516,0.001619752,-0.002504410,0.001614280,0.000133022,-0.002504410,,novatel_oem7_msgs.msg.InertialSolutionStatus(status=3),
1786043753767632843,1786043753.765635480,/novatel/oem7/fix,/novatel/oem7/fix,/novatel/oem7/inspva,39.663,-75.756,-1.801084516,0.001619752,-0.002504410,0.001614280,0.000133022,-0.002504410,,0,
1786043753768315480,1786043753.766527639,/novatel/oem7/odom,/novatel/oem7/fix,/novatel/oem7/odom,39.663,-75.756,-1.801084516,0.001627614,-0.002499308,0.000222236,0.001612370,-0.002499308,,,
1786043753779952939,1786043753.775041372,/novatel/oem7/odom,/novatel/oem7/fix,/novatel/oem7/odom,39.663,-75.756,-1.801084516,0.001627614,-0.002499308,0.000222236,0.001612370,-0.002499308,,,
1786043753786777139,1786043753.786218638,/novatel/oem7/inspva,/novatel/oem7/inspva,/novatel/oem7/inspva,39.663,-75.756,-1.801118328,0.002519626,-0.003326981,0.001865297,-0.001693867,-0.003326981,,novatel_oem7_msgs.msg.InertialSolutionStatus(status=3),
1786043753787831013,1786043753.786354594,/novatel/oem7/fix,/novatel/oem7/fix,/novatel/oem7/inspva,39.663,-75.756,-1.801118328,0.002519626,-0.003326981,0.001865297,-0.001693867,-0.003326981,,0,
1786043753788605494,1786043753.786798325,/novatel/oem7/odom,/novatel/oem7/fix,/novatel/oem7/odom,39.663,-75.756,-1.801118328,0.002518654,-0.003327717,-0.001587444,0.001955412,-0.003327717,,,
1786043753795221220,1786043753.794772035,/novatel/oem7/odom,/novatel/oem7/fix,/novatel/oem7/odom,39.663,-75.756,-1.801118328,0.002518654,-0.003327717,-0.001587444,0.001955412,-0.003327717,,,
1786043753807097353,1786043753.806468635,/novatel/oem7/inspva,/novatel/oem7/inspva,/novatel/oem7/inspva,39.663,-75.756,-1.801163014,0.002577788,-0.002753340,0.002092525,0.001505433,-0.002753340,,novatel_oem7_msgs.msg.InertialSolutionStatus(status=3),
1786043753808184781,1786043753.806654337,/novatel/oem7/fix,/novatel/oem7/fix,/novatel/oem7/inspva,39.663,-75.756,-1.801163014,0.002577788,-0.002753340,0.002092525,0.001505433,-0.002753340,,0,
1786043753808841919,1786043753.807236000,/novatel/oem7/odom,/novatel/oem7/fix,/novatel/oem7/odom,39.663,-75.756,-1.801163014,0.002589867,-0.002741981,0.001616970,0.002023072,-0.002741981,,,
1786043753810705234,1786043753.810297071,/novatel/oem7/bestpos,/novatel/oem7/bestpos,/novatel/oem7/odom,39.663,-75.756,33.181239986,0.002589867,-0.002741981,0.001616970,0.002023072,-0.002741981,,novatel_oem7_msgs.msg.SolutionStatus(status=0),novatel_oem7_msgs.msg.PositionOrVelocityType(type=53)
1786043753811535287,1786043753.810769578,/novatel/oem7/bestvel,/novatel/oem7/bestpos,/novatel/oem7/bestvel,39.663,-75.756,33.181239986,0.003050189,-0.002110185,,,,346.210346407,novatel_oem7_msgs.msg.SolutionStatus(status=0),novatel_oem7_msgs.msg.PositionOrVelocityType(type=53)
1786043753815994080,1786043753.815565903,/novatel/oem7/odom,/novatel/oem7/bestpos,/novatel/oem7/odom,39.663,-75.756,33.181239986,0.002589867,-0.002741981,0.001616970,0.002023072,-0.002741981,,,
1786043753825570324,1786043753.825219323,/novatel/oem7/inspva,/novatel/oem7/inspva,/novatel/oem7/inspva,39.663,-75.756,-1.801181856,0.002063878,-0.001591654,0.001887390,-0.000835075,-0.001591654,,novatel_oem7_msgs.msg.InertialSolutionStatus(status=3),
1786043753826307795,1786043753.825300303,/novatel/oem7/fix,/novatel/oem7/fix,/novatel/oem7/inspva,39.663,-75.756,-1.801181856,0.002063878,-0.001591654,0.001887390,-0.000835075,-0.001591654,,0,
1786043753826882979,1786043753.825832932,/novatel/oem7/odom,/novatel/oem7/fix,/novatel/oem7/odom,39.663,-75.756,-1.801181856,0.002065674,-0.001589323,-0.000735000,0.001930488,-0.001589323,,,
1786043753834996522,1786043753.834544750,/novatel/oem7/odom,/novatel/oem7/fix,/novatel/oem7/odom,39.663,-75.756,-1.801181856,0.002065674,-0.001589323,-0.000735000,0.001930488,-0.001589323,,,
1786043753847533111,1786043753.847095392,/novatel/oem7/inspva,/novatel/oem7/inspva,/novatel/oem7/inspva,39.663,-75.756,-1.801224954,0.003764169,-0.003052644,0.003007914,0.002263056,-0.003052644,,novatel_oem7_msgs.msg.InertialSolutionStatus(status=3),
1786043753848272819,1786043753.847287531,/novatel/oem7/fix,/novatel/oem7/fix,/novatel/oem7/inspva,39.663,-75.756,-1.801224954,0.003764169,-0.003052644,0.003007914,0.002263056,-0.003052644,,0,
1786043753848876738,1786043753.847621937,/novatel/oem7/odom,/novatel/oem7/fix,/novatel/oem7/odom,39.663,-75.756,-1.801224954,0.003777371,-0.003036292,0.002419693,0.002900624,-0.003036292,,,
1786043753857943316,1786043753.856471310,/novatel/oem7/odom,/novatel/oem7/fix,/novatel/oem7/odom,39.663,-75.756,-1.801224954,0.003777371,-0.003036292,0.002419693,0.002900624,-0.003036292,,,
1786043753865465084,1786043753.865030812,/novatel/oem7/inspva,/novatel/oem7/inspva,/novatel/oem7/inspva,39.663,-75.756,-1.801234118,0.003568160,-0.001002785,0.002378595,0.002659708,-0.001002785,,novatel_oem7_msgs.msg.InertialSolutionStatus(status=3),
1786043753866237706,1786043753.865247001,/novatel/oem7/fix,/novatel/oem7/fix,/novatel/oem7/inspva,39.663,-75.756,-1.801234118,0.003568160,-0.001002785,0.002378595,0.002659708,-0.001002785,,0,
1786043753866831501,1786043753.865530213,/novatel/oem7/odom,/novatel/oem7/fix,/novatel/oem7/odom,39.663,-75.756,-1.801234118,0.003572659,-0.000986635,0.002777467,0.002247124,-0.000986635,,,
1786043753876058066,1786043753.875613578,/novatel/oem7/odom,/novatel/oem7/fix,/novatel/oem7/odom,39.663,-75.756,-1.801234118,0.003572659,-0.000986635,0.002777467,0.002247124,-0.000986635,,,
1786043753885930440,1786043753.885553531,/novatel/oem7/inspva,/novatel/oem7/inspva,/novatel/oem7/inspva,39.663,-75.756,-1.801244354,0.003875518,-0.000619818,0.002674739,0.002804534,-0.000619818,,novatel_oem7_msgs.msg.InertialSolutionStatus(status=3),
1786043753886761123,1786043753.885732799,/novatel/oem7/fix,/novatel/oem7/fix,/novatel/oem7/inspva,39.663,-75.756,-1.801244354,0.003875518,-0.000619818,0.002674739,0.002804534,-0.000619818,,0,
1786043753887797180,1786043753.886373479,/novatel/oem7/odom,/novatel/oem7/fix,/novatel/oem7/odom,39.663,-75.756,-1.801244354,0.003878273,-0.000602338,0.002935300,0.002534762,-0.000602338,,,
1786043753895418236,1786043753.894727509,/novatel/oem7/odom,/novatel/oem7/fix,/novatel/oem7/odom,39.663,-75.756,-1.801244354,0.003878273,-0.000602338,0.002935300,0.002534762,-0.000602338,,,
1786043753906490197,1786043753.905859444,/novatel/oem7/inspva,/novatel/oem7/inspva,/novatel/oem7/inspva,39.663,-75.756,-1.801209481,0.002528736,0.001300259,0.002300493,0.001049875,0.001300259,,novatel_oem7_msgs.msg.InertialSolutionStatus(status=3),
1786043753907822727,1786043753.906032832,/novatel/oem7/fix,/novatel/oem7/fix,/novatel/oem7/inspva,39.663,-75.756,-1.801209481,0.002528736,0.001300259,0.002300493,0.001049875,0.001300259,,0,
1786043753908856757,1786043753.906360464,/novatel/oem7/odom,/novatel/oem7/fix,/novatel/oem7/odom,39.663,-75.756,-1.801209481,0.002523427,0.001310533,0.001157278,0.002242407,0.001310533,,,
1786043753910374709,1786043753.909173667,/novatel/oem7/bestpos,/novatel/oem7/bestpos,/novatel/oem7/odom,39.663,-75.756,33.181194554,0.002523427,0.001310533,0.001157278,0.002242407,0.001310533,,novatel_oem7_msgs.msg.SolutionStatus(status=0),novatel_oem7_msgs.msg.PositionOrVelocityType(type=53)
1786043753911291429,1786043753.909532307,/novatel/oem7/bestvel,/novatel/oem7/bestpos,/novatel/oem7/bestvel,39.663,-75.756,33.181194554,0.003274492,0.000665504,,,,50.263500391,novatel_oem7_msgs.msg.SolutionStatus(status=0),novatel_oem7_msgs.msg.PositionOrVelocityType(type=53)
1786043753915573818,1786043753.914898903,/novatel/oem7/odom,/novatel/oem7/bestpos,/novatel/oem7/odom,39.663,-75.756,33.181194554,0.002523427,0.001310533,0.001157278,0.002242407,0.001310533,,,
1786043753925994009,1786043753.925390860,/novatel/oem7/inspva,/novatel/oem7/inspva,/novatel/oem7/inspva,39.663,-75.756,-1.801175271,0.003716600,0.001340752,0.003687053,0.000467711,0.001340752,,novatel_oem7_msgs.msg.InertialSolutionStatus(status=3),
1786043753927334842,1786043753.925578448,/novatel/oem7/fix,/novatel/oem7/fix,/novatel/oem7/inspva,39.663,-75.756,-1.801175271,0.003716600,0.001340752,0.003687053,0.000467711,0.001340752,,0,
1786043753928365586,1786043753.926255265,/novatel/oem7/odom,/novatel/oem7/fix,/novatel/oem7/odom,39.663,-75.756,-1.801175271,0.003712225,0.001352819,0.000644047,0.003655929,0.001352819,,,
1786043753936258635,1786043753.935560082,/novatel/oem7/odom,/novatel/oem7/fix,/novatel/oem7/odom,39.663,-75.756,-1.801175271,0.003712225,0.001352819,0.000644047,0.003655929,0.001352819,,,
1786043753945958436,1786043753.945354590,/novatel/oem7/inspva,/novatel/oem7/inspva,/novatel/oem7/inspva,39.663,-75.756,-1.801127140,0.004055932,0.001436642,0.002964522,0.002768068,0.001436642,,novatel_oem7_msgs.msg.InertialSolutionStatus(status=3),
1786043753947287669,1786043753.945573218,/novatel/oem7/fix,/novatel/oem7/fix,/novatel/oem7/inspva,39.663,-75.756,-1.801127140,0.004055932,0.001436642,0.002964522,0.002768068,0.001436642,,0,
1786043753948305705,1786043753.945883005,/novatel/oem7/odom,/novatel/oem7/fix,/novatel/oem7/odom,39.663,-75.756,-1.801127140,0.004049389,0.001454982,0.002905565,0.002820505,0.001454982,,,
1786043753956579362,1786043753.955624982,/novatel/oem7/odom,/novatel/oem7/fix,/novatel/oem7/odom,39.663,-75.756,-1.801127140,0.004049389,0.001454982,0.002905565,0.002820505,0.001454982,,,
1786043753966983299,1786043753.966364266,/novatel/oem7/inspva,/novatel/oem7/inspva,/novatel/oem7/inspva,39.663,-75.756,-1.801105898,0.006948662,0.000172294,0.003373206,0.006074980,0.000172294,,novatel_oem7_msgs.msg.InertialSolutionStatus(status=3),
1786043753968320916,1786043753.966574805,/novatel/oem7/fix,/novatel/oem7/fix,/novatel/oem7/inspva,39.663,-75.756,-1.801105898,0.006948662,0.000172294,0.003373206,0.006074980,0.000172294,,0,
1786043753969341003,1786043753.967049153,/novatel/oem7/odom,/novatel/oem7/fix,/novatel/oem7/odom,39.663,-75.756,-1.801105898,0.006947804,0.000203966,0.006233292,0.003068885,0.000203966,,,
1786043753976073680,1786043753.975413035,/novatel/oem7/odom,/novatel/oem7/fix,/novatel/oem7/odom,39.663,-75.756,-1.801105898,0.006947804,0.000203966,0.006233292,0.003068885,0.000203966,,,
1786043753985497671,1786043753.984889588,/novatel/oem7/inspva,/novatel/oem7/inspva,/novatel/oem7/inspva,39.663,-75.756,-1.801075993,0.003706756,0.000727773,0.002686300,0.002554179,0.000727773,,novatel_oem7_msgs.msg.InertialSolutionStatus(status=3),
1786043753986913192,1786043753.985061947,/novatel/oem7/fix,/novatel/oem7/fix,/novatel/oem7/inspva,39.663,-75.756,-1.801075993,0.003706756,0.000727773,0.002686300,0.002554179,0.000727773,,0,
1786043753987935246,1786043753.985559382,/novatel/oem7/odom,/novatel/oem7/fix,/novatel/oem7/odom,39.663,-75.756,-1.801075993,0.003703365,0.000744836,0.002680751,0.002555091,0.000744836,,,
1786043753995997370,1786043753.995328759,/novatel/oem7/odom,/novatel/oem7/fix,/novatel/oem7/odom,39.663,-75.756,-1.801075993,0.003703365,0.000744836,0.002680751,0.002555091,0.000744836,,,
1786043754008942946,1786043754.008358183,/novatel/oem7/inspva,/novatel/oem7/inspva,/novatel/oem7/inspva,39.663,-75.756,-1.801067572,0.003640242,-0.000701608,0.003213386,0.001710413,-0.000701608,,novatel_oem7_msgs.msg.InertialSolutionStatus(status=3),
1786043754010282676,1786043754.008547302,/novatel/oem7/fix,/novatel/oem7/fix,/novatel/oem7/inspva,39.663,-75.756,-1.801067572,0.003640242,-0.000701608,0.003213386,0.001710413,-0.000701608,,0,
1786043754011301783,1786043754.009692166,/novatel/oem7/odom,/novatel/oem7/fix,/novatel/oem7/odom,39.663,-75.756,-1.801067572,0.003643179,-0.000686193,0.001869434,0.003126975,-0.000686193,,,
1786043754016969773,1786043754.016274626,/novatel/oem7/odom,/novatel/oem7/fix,/novatel/oem7/odom,39.663,-75.756,-1.801067572,0.003643179,-0.000686193,0.001869434,0.003126975,-0.000686193,,,
1786043754026854105,1786043754.026204292,/novatel/oem7/bestpos,/novatel/oem7/bestpos,/novatel/oem7/odom,39.663,-75.756,33.181296937,0.003643179,-0.000686193,0.001869434,0.003126975,-0.000686193,,novatel_oem7_msgs.msg.SolutionStatus(status=0),novatel_oem7_msgs.msg.PositionOrVelocityType(type=53)
1786043754028401567,1786043754.026754181,/novatel/oem7/bestvel,/novatel/oem7/bestpos,/novatel/oem7/bestvel,39.663,-75.756,33.181296937,0.003210159,-0.000282408,,,,20.651867421,novatel_oem7_msgs.msg.SolutionStatus(status=0),novatel_oem7_msgs.msg.PositionOrVelocityType(type=53)
1786043754029298093,1786043754.027403871,/novatel/oem7/inspva,/novatel/oem7/inspva,/novatel/oem7/inspva,39.663,-75.756,-1.801069466,0.003007796,-0.001466808,0.002529271,0.001627768,-0.001466808,,novatel_oem7_msgs.msg.InertialSolutionStatus(status=3),
1786043754030112131,1786043754.027579686,/novatel/oem7/fix,/novatel/oem7/fix,/novatel/oem7/inspva,39.663,-75.756,-1.801069466,0.003007796,-0.001466808,0.002529271,0.001627768,-0.001466808,,0,
1786043754031610063,1786043754.027903776,/novatel/oem7/odom,/novatel/oem7/fix,/novatel/oem7/odom,39.663,-75.756,-1.801069466,0.003014175,-0.001453654,0.001756100,0.002449769,-0.001453654,,,
1786043754035563489,1786043754.034867716,/novatel/oem7/odom,/novatel/oem7/fix,/novatel/oem7/odom,39.663,-75.756,-1.801069466,0.003014175,-0.001453654,0.001756100,0.002449769,-0.001453654,,,
1786043754045880476,1786043754.045290043,/novatel/oem7/inspva,/novatel/oem7/inspva,/novatel/oem7/inspva,39.663,-75.756,-1.801085809,0.003162682,-0.001430961,0.002785017,0.001498745,-0.001430961,,novatel_oem7_msgs.msg.InertialSolutionStatus(status=3),
1786043754047233833,1786043754.045468078,/novatel/oem7/fix,/novatel/oem7/fix,/novatel/oem7/inspva,39.663,-75.756,-1.801085809,0.003162682,-0.001430961,0.002785017,0.001498745,-0.001430961,,0,
1786043754048272793,1786043754.046039984,/novatel/oem7/odom,/novatel/oem7/fix,/novatel/oem7/odom,39.663,-75.756,-1.801085809,0.003168695,-0.001417597,0.001639642,0.002711494,-0.001417597,,,
1786043754057223950,1786043754.056539705,/novatel/oem7/odom,/novatel/oem7/fix,/novatel/oem7/odom,39.663,-75.756,-1.801085809,0.003168695,-0.001417597,0.001639642,0.002711494,-0.001417597,,,
1786043754065807652,1786043754.065204770,/novatel/oem7/inspva,/novatel/oem7/inspva,/novatel/oem7/inspva,39.663,-75.756,-1.801115519,0.003608892,-0.001838781,0.002516001,0.002587245,-0.001838781,,novatel_oem7_msgs.msg.InertialSolutionStatus(status=3),
1786043754067166085,1786043754.065382438,/novatel/oem7/fix,/novatel/oem7/fix,/novatel/oem7/inspva,39.663,-75.756,-1.801115519,0.003608892,-0.001838781,0.002516001,0.002587245,-0.001838781,,0,
1786043754068243806,1786043754.065737981,/novatel/oem7/odom,/novatel/oem7/fix,/novatel/oem7/odom,39.663,-75.756,-1.801115519,0.003617253,-0.001822279,0.002715044,0.002390199,-0.001822279,,,
1786043754075172392,1786043754.074476009,/novatel/oem7/odom,/novatel/oem7/fix,/novatel/oem7/odom,39.663,-75.756,-1.801115519,0.003617253,-0.001822279,0.002715044,0.002390199,-0.001822279,,,
1786043754087233873,1786043754.086558803,/novatel/oem7/inspva,/novatel/oem7/inspva,/novatel/oem7/inspva,39.663,-75.756,-1.801151529,0.004256917,-0.002124130,0.002545250,0.003412191,-0.002124130,,novatel_oem7_msgs.msg.InertialSolutionStatus(status=3),
1786043754088782912,1786043754.086769118,/novatel/oem7/fix,/novatel/oem7/fix,/novatel/oem7/inspva,39.663,-75.756,-1.801151529,0.004256917,-0.002124130,0.002545250,0.003412191,-0.002124130,,0,
1786043754089807279,1786043754.087192115,/novatel/oem7/odom,/novatel/oem7/fix,/novatel/oem7/odom,39.663,-75.756,-1.801151529,0.004266551,-0.002104713,0.003541447,0.002379414,-0.002104713,,,
1786043754096280687,1786043754.095674466,/novatel/oem7/odom,/novatel/oem7/fix,/novatel/oem7/odom,39.663,-75.756,-1.801151529,0.004266551,-0.002104713,0.003541447,0.002379414,-0.002104713,,,
1786043754106033147,1786043754.105762319,/novatel/oem7/inspva,/novatel/oem7/inspva,/novatel/oem7/inspva,39.663,-75.756,-1.801167350,0.003107007,-0.000922646,0.001952416,0.002416932,-0.000922646,,novatel_oem7_msgs.msg.InertialSolutionStatus(status=3),
1786043754106619459,1786043754.105972238,/novatel/oem7/fix,/novatel/oem7/fix,/novatel/oem7/inspva,39.663,-75.756,-1.801167350,0.003107007,-0.000922646,0.001952416,0.002416932,-0.000922646,,0,
1786043754107275121,1786043754.106456376,/novatel/oem7/odom,/novatel/oem7/fix,/novatel/oem7/odom,39.663,-75.756,-1.801167350,0.003111173,-0.000908498,0.002513716,0.001833202,-0.000908498,,,
1786043754109102983,1786043754.108815446,/novatel/oem7/bestpos,/novatel/oem7/bestpos,/novatel/oem7/odom,39.663,-75.756,33.181309815,0.003111173,-0.000908498,0.002513716,0.001833202,-0.000908498,,novatel_oem7_msgs.msg.SolutionStatus(status=0),novatel_oem7_msgs.msg.PositionOrVelocityType(type=53)
1786043754109717876,1786043754.109411292,/novatel/oem7/bestvel,/novatel/oem7/bestpos,/novatel/oem7/bestvel,39.663,-75.756,33.181309815,0.002747818,-0.000676724,,,,43.027254165,novatel_oem7_msgs.msg.SolutionStatus(status=0),novatel_oem7_msgs.msg.PositionOrVelocityType(type=53)
1786043754115801666,1786043754.115465813,/novatel/oem7/odom,/novatel/oem7/bestpos,/novatel/oem7/odom,39.663,-75.756,33.181309815,0.003111173,-0.000908498,0.002513716,0.001833202,-0.000908498,,,
1786043754126799787,1786043754.126344525,/novatel/oem7/inspva,/novatel/oem7/inspva,/novatel/oem7/inspva,39.663,-75.756,-1.801176891,0.002852237,-0.000431487,0.002072098,0.001960016,-0.000431487,,novatel_oem7_msgs.msg.InertialSolutionStatus(status=3),
1786043754127373571,1786043754.126537060,/novatel/oem7/fix,/novatel/oem7/fix,/novatel/oem7/inspva,39.663,-75.756,-1.801176891,0.002852237,-0.000431487,0.002072098,0.001960016,-0.000431487,,0,
1786043754127839023,1786043754.127111016,/novatel/oem7/odom,/novatel/oem7/fix,/novatel/oem7/odom,39.663,-75.756,-1.801176891,0.002854145,-0.000418675,0.002061459,0.001973963,-0.000418675,,,
1786043754135234041,1786043754.134906104,/novatel/oem7/odom,/novatel/oem7/fix,/novatel/oem7/odom,39.663,-75.756,-1.801176891,0.002854145,-0.000418675,0.002061459,0.001973963,-0.000418675,,,
1786043754146267281,1786043754.145953601,/novatel/oem7/inspva,/novatel/oem7/inspva,/novatel/oem7/inspva,39.663,-75.756,-1.801176121,0.002783224,0.000149192,0.002444153,0.001331334,0.000149192,,novatel_oem7_msgs.msg.InertialSolutionStatus(status=3),
1786043754146829000,1786043754.146105320,/novatel/oem7/fix,/novatel/oem7/fix,/novatel/oem7/inspva,39.663,-75.756,-1.801176121,0.002783224,0.000149192,0.002444153,0.001331334,0.000149192,,0,
1786043754147271781,1786043754.146471019,/novatel/oem7/odom,/novatel/oem7/fix,/novatel/oem7/odom,39.663,-75.756,-1.801176121,0.002782574,0.000160853,0.001449800,0.002375037,0.000160853,,,
1786043754156252214,1786043754.155912731,/novatel/oem7/odom,/novatel/oem7/fix,/novatel/oem7/odom,39.663,-75.756,-1.801176121,0.002782574,0.000160853,0.001449800,0.002375037,0.000160853,,,
1786043754165645561,1786043754.165216267,/novatel/oem7/inspva,/novatel/oem7/inspva,/novatel/oem7/inspva,39.663,-75.756,-1.801160631,0.003331049,0.000964359,0.002982659,0.001483117,0.000964359,,novatel_oem7_msgs.msg.InertialSolutionStatus(status=3),
1786043754166207752,1786043754.165370572,/novatel/oem7/fix,/novatel/oem7/fix,/novatel/oem7/inspva,39.663,-75.756,-1.801160631,0.003331049,0.000964359,0.002982659,0.001483117,0.000964359,,0,
1786043754166670014,1786043754.165907324,/novatel/oem7/odom,/novatel/oem7/fix,/novatel/oem7/odom,39.663,-75.756,-1.801160631,0.003327040,0.000978103,0.001624970,0.002903216,0.000978103,,,
1786043754175195385,1786043754.174877244,/novatel/oem7/odom,/novatel/oem7/fix,/novatel/oem7/odom,39.663,-75.756,-1.801160631,0.003327040,0.000978103,0.001624970,0.002903216,0.000978103,,,
1786043754186269004,1786043754.186009752,/novatel/oem7/inspva,/novatel/oem7/inspva,/novatel/oem7/inspva,39.663,-75.756,-1.801146535,0.004380058,0.000846896,0.003242391,0.002944793,0.000846896,,novatel_oem7_msgs.msg.InertialSolutionStatus(status=3),
1786043754186825257,1786043754.186176887,/novatel/oem7/fix,/novatel/oem7/fix,/novatel/oem7/inspva,39.663,-75.756,-1.801146535,0.004380058,0.000846896,0.003242391,0.002944793,0.000846896,,0,
1786043754187259548,1786043754.186560822,/novatel/oem7/odom,/novatel/oem7/fix,/novatel/oem7/odom,39.663,-75.756,-1.801146535,0.004376205,0.000866586,0.003098101,0.003090783,0.000866586,,,
1786043754194776199,1786043754.194319932,/novatel/oem7/odom,/novatel/oem7/fix,/novatel/oem7/odom,39.663,-75.756,-1.801146535,0.004376205,0.000866586,0.003098101,0.003090783,0.000866586,,,
1786043754206560443,1786043754.206291838,/novatel/oem7/inspva,/novatel/oem7/inspva,/novatel/oem7/inspva,39.663,-75.756,-1.801132722,0.003939305,0.000543542,0.003249414,0.002226979,0.000543542,,novatel_oem7_msgs.msg.InertialSolutionStatus(status=3),
1786043754207117360,1786043754.206488714,/novatel/oem7/fix,/novatel/oem7/fix,/novatel/oem7/inspva,39.663,-75.756,-1.801132722,0.003939305,0.000543542,0.003249414,0.002226979,0.000543542,,0,
1786043754207779218,1786043754.207164004,/novatel/oem7/odom,/novatel/oem7/fix,/novatel/oem7/odom,39.663,-75.756,-1.801132722,0.003936882,0.000560825,0.002382643,0.003134015,0.000560825,,,
1786043754210394151,1786043754.210095183,/novatel/oem7/bestpos,/novatel/oem7/bestpos,/novatel/oem7/odom,39.663,-75.756,33.181312850,0.003936882,0.000560825,0.002382643,0.003134015,0.000560825,,novatel_oem7_msgs.msg.SolutionStatus(status=0),novatel_oem7_msgs.msg.PositionOrVelocityType(type=53)
1786043754211009239,1786043754.210558525,/novatel/oem7/bestvel,/novatel/oem7/bestpos,/novatel/oem7/bestvel,39.663,-75.756,33.181312850,0.005116802,-0.000389324,,,,44.057376818,novatel_oem7_msgs.msg.SolutionStatus(status=0),novatel_oem7_msgs.msg.PositionOrVelocityType(type=53)
1786043754215531985,1786043754.215197894,/novatel/oem7/odom,/novatel/oem7/bestpos,/novatel/oem7/odom,39.663,-75.756,33.181312850,0.003936882,0.000560825,0.002382643,0.003134015,0.000560825,,,
1786043754225312888,1786043754.225034226,/novatel/oem7/inspva,/novatel/oem7/inspva,/novatel/oem7/inspva,39.663,-75.756,-1.801115305,0.003521846,0.000572972,0.003343816,0.001105574,0.000572972,,novatel_oem7_msgs.msg.InertialSolutionStatus(status=3),
1786043754225898288,1786043754.225235852,/novatel/oem7/fix,/novatel/oem7/fix,/novatel/oem7/inspva,39.663,-75.756,-1.801115305,0.003521846,0.000572972,0.003343816,0.001105574,0.000572972,,0,
1786043754226557086,1786043754.225680172,/novatel/oem7/odom,/novatel/oem7/fix,/novatel/oem7/odom,39.663,-75.756,-1.801115305,0.003519614,0.000586524,0.001267112,0.003283613,0.000586524,,,
1786043754234966829,1786043754.234559871,/novatel/oem7/odom,/novatel/oem7/fix,/novatel/oem7/odom,39.663,-75.756,-1.801115305,0.003519614,0.000586524,0.001267112,0.003283613,0.000586524,,,
1786043754246814024,1786043754.246541628,/novatel/oem7/inspva,/novatel/oem7/inspva,/novatel/oem7/inspva,39.663,-75.756,-1.801109131,0.002815654,-0.000017025,0.002713067,0.000753110,-0.000017025,,novatel_oem7_msgs.msg.InertialSolutionStatus(status=3),
1786043754247401940,1786043754.246719930,/novatel/oem7/fix,/novatel/oem7/fix,/novatel/oem7/inspva,39.663,-75.756,-1.801109131,0.002815654,-0.000017025,0.002713067,0.000753110,-0.000017025,,0,
1786043754248086401,1786043754.247213388,/novatel/oem7/odom,/novatel/oem7/fix,/novatel/oem7/odom,39.663,-75.756,-1.801109131,0.002815698,-0.000006522,0.000886142,0.002672622,-0.000006522,,,
1786043754256881591,1786043754.256557494,/novatel/oem7/odom,/novatel/oem7/fix,/novatel/oem7/odom,39.663,-75.756,-1.801109131,0.002815698,-0.000006522,0.000886142,0.002672622,-0.000006522,,,
1786043754265737934,1786043754.265454931,/novatel/oem7/inspva,/novatel/oem7/inspva,/novatel/oem7/inspva,39.663,-75.756,-1.801112997,0.002915891,-0.000561444,0.002865304,0.000540791,-0.000561444,,novatel_oem7_msgs.msg.InertialSolutionStatus(status=3),
1786043754266351760,1786043754.265644590,/novatel/oem7/fix,/novatel/oem7/fix,/novatel/oem7/inspva,39.663,-75.756,-1.801112997,0.002915891,-0.000561444,0.002865304,0.000540791,-0.000561444,,0,
1786043754266856876,1786043754.266054114,/novatel/oem7/odom,/novatel/oem7/fix,/novatel/oem7/odom,39.663,-75.756,-1.801112997,0.002917822,-0.000551321,0.000683639,0.002836605,-0.000551321,,,
1786043754275152685,1786043754.274832622,/novatel/oem7/odom,/novatel/oem7/fix,/novatel/oem7/odom,39.663,-75.756,-1.801112997,0.002917822,-0.000551321,0.000683639,0.002836605,-0.000551321,,,
1786043754285739728,1786043754.285445185,/novatel/oem7/inspva,/novatel/oem7/inspva,/novatel/oem7/inspva,39.663,-75.756,-1.801123156,0.003069292,-0.000776503,0.003005473,0.000622645,-0.000776503,,novatel_oem7_msgs.msg.InertialSolutionStatus(status=3),
1786043754286345330,1786043754.285636173,/novatel/oem7/fix,/novatel/oem7/fix,/novatel/oem7/inspva,39.663,-75.756,-1.801123156,0.003069292,-0.000776503,0.003005473,0.000622645,-0.000776503,,0,
1786043754287048512,1786043754.286290536,/novatel/oem7/odom,/novatel/oem7/fix,/novatel/oem7/odom,39.663,-75.756,-1.801123156,0.003071999,-0.000765724,0.000773080,0.002973134,-0.000765724,,,
1786043754295221284,1786043754.294898759,/novatel/oem7/odom,/novatel/oem7/fix,/novatel/oem7/odom,39.663,-75.756,-1.801123156,0.003071999,-0.000765724,0.000773080,0.002973134,-0.000765724,,,
1786043754306448151,1786043754.306159005,/novatel/oem7/inspva,/novatel/oem7/inspva,/novatel/oem7/inspva,39.663,-75.756,-1.801139558,0.003278099,-0.001079187,0.003167833,0.000843070,-0.001079187,,novatel_oem7_msgs.msg.InertialSolutionStatus(status=3),
1786043754307050827,1786043754.306336430,/novatel/oem7/fix,/novatel/oem7/fix,/novatel/oem7/inspva,39.663,-75.756,-1.801139558,0.003278099,-0.001079187,0.003167833,0.000843070,-0.001079187,,0,
1786043754307547003,1786043754.306784311,/novatel/oem7/odom,/novatel/oem7/fix,/novatel/oem7/odom,39.663,-75.756,-1.801139558,0.003282038,-0.001067148,0.001002382,0.003125220,-0.001067148,,,
1786043754310146482,1786043754.309415311,/novatel/oem7/bestpos,/novatel/oem7/bestpos,/novatel/oem7/odom,39.663,-75.756,33.181316531,0.003282038,-0.001067148,0.001002382,0.003125220,-0.001067148,,novatel_oem7_msgs.msg.SolutionStatus(status=0),novatel_oem7_msgs.msg.PositionOrVelocityType(type=53)
1786043754311669117,1786043754.309987927,/novatel/oem7/bestvel,/novatel/oem7/bestpos,/novatel/oem7/bestvel,39.663,-75.756,33.181316531,0.003455787,-0.001070791,,,,9.182524473,novatel_oem7_msgs.msg.SolutionStatus(status=0),novatel_oem7_msgs.msg.PositionOrVelocityType(type=53)
1786043754315049621,1786043754.314349900,/novatel/oem7/odom,/novatel/oem7/bestpos,/novatel/oem7/odom,39.663,-75.756,33.181316531,0.003282038,-0.001067148,0.001002382,0.003125220,-0.001067148,,,
1786043754325853032,1786043754.325264426,/novatel/oem7/inspva,/novatel/oem7/inspva,/novatel/oem7/inspva,39.663,-75.756,-1.801152733,0.002219701,-0.000796165,0.002171258,0.000461206,-0.000796165,,novatel_oem7_msgs.msg.InertialSolutionStatus(status=3),
1786043754327299130,1786043754.325440805,/novatel/oem7/fix,/novatel/oem7/fix,/novatel/oem7/inspva,39.663,-75.756,-1.801152733,0.002219701,-0.000796165,0.002171258,0.000461206,-0.000796165,,0,
1786043754328400131,1786043754.326219716,/novatel/oem7/odom,/novatel/oem7/fix,/novatel/oem7/odom,39.663,-75.756,-1.801152733,0.002222492,-0.000788342,0.000570737,0.002147959,-0.000788342,,,
1786043754336297204,1786043754.335631433,/novatel/oem7/odom,/novatel/oem7/fix,/novatel/oem7/odom,39.663,-75.756,-1.801152733,0.002222492,-0.000788342,0.000570737,0.002147959,-0.000788342,,,
1786043754345597263,1786043754.344994147,/novatel/oem7/inspva,/novatel/oem7/inspva,/novatel/oem7/inspva,39.663,-75.756,-1.801161218,0.002358620,-0.000597778,0.002342122,-0.000278479,-0.000597778,,novatel_oem7_msgs.msg.InertialSolutionStatus(status=3),
1786043754346965777,1786043754.345147556,/novatel/oem7/fix,/novatel/oem7/fix,/novatel/oem7/inspva,39.663,-75.756,-1.801161218,0.002358620,-0.000597778,0.002342122,-0.000278479,-0.000597778,,0,
1786043754348634980,1786043754.345659581,/novatel/oem7/odom,/novatel/oem7/fix,/novatel/oem7/odom,39.663,-75.756,-1.801161218,0.002360048,-0.000592114,-0.000160317,0.002354597,-0.000592114,,,
1786043754356505812,1786043754.355744715,/novatel/oem7/odom,/novatel/oem7/fix,/novatel/oem7/odom,39.663,-75.756,-1.801161218,0.002360048,-0.000592114,-0.000160317,0.002354597,-0.000592114,,,
1786043754367553403,1786043754.366807242,/novatel/oem7/inspva,/novatel/oem7/inspva,/novatel/oem7/inspva,39.663,-75.756,-1.801163211,0.002127369,-0.000078739,0.001910625,-0.000935527,-0.000078739,,novatel_oem7_msgs.msg.InertialSolutionStatus(status=3),
1786043754368961111,1786043754.367073302,/novatel/oem7/fix,/novatel/oem7/fix,/novatel/oem7/inspva,39.663,-75.756,-1.801163211,0.002127369,-0.000078739,0.001910625,-0.000935527,-0.000078739,,0,
1786043754370083355,1786043754.367357921,/novatel/oem7/odom,/novatel/oem7/fix,/novatel/oem7/odom,39.663,-75.756,-1.801163211,0.002127445,-0.000076640,-0.000839748,0.001954699,-0.000076640,,,
1786043754375709598,1786043754.375035658,/novatel/oem7/odom,/novatel/oem7/fix,/novatel/oem7/odom,39.663,-75.756,-1.801163211,0.002127445,-0.000076640,-0.000839748,0.001954699,-0.000076640,,,
1786043754385794229,1786043754.385184116,/novatel/oem7/inspva,/novatel/oem7/inspva,/novatel/oem7/inspva,39.663,-75.756,-1.801162498,0.002418707,-0.000056789,0.002414135,0.000148640,-0.000056789,,novatel_oem7_msgs.msg.InertialSolutionStatus(status=3),
1786043754387131799,1786043754.385339188,/novatel/oem7/fix,/novatel/oem7/fix,/novatel/oem7/inspva,39.663,-75.756,-1.801162498,0.002418707,-0.000056789,0.002414135,0.000148640,-0.000056789,,0,
1786043754388226890,1786043754.385800573,/novatel/oem7/odom,/novatel/oem7/fix,/novatel/oem7/odom,39.663,-75.756,-1.801162498,0.002418868,-0.000049447,0.000267862,0.002403991,-0.000049447,,,
1786043754395277834,1786043754.394633574,/novatel/oem7/odom,/novatel/oem7/fix,/novatel/oem7/odom,39.663,-75.756,-1.801162498,0.002418868,-0.000049447,0.000267862,0.002403991,-0.000049447,,,
1786043754407447926,1786043754.406442959,/novatel/oem7/inspva,/novatel/oem7/inspva,/novatel/oem7/inspva,39.663,-75.756,-1.801157514,0.002404800,0.000076820,0.002285640,0.000747605,0.000076820,,novatel_oem7_msgs.msg.InertialSolutionStatus(status=3),
1786043754408818053,1786043754.406692652,/novatel/oem7/fix,/novatel/oem7/fix,/novatel/oem7/inspva,39.663,-75.756,-1.801157514,0.002404800,0.000076820,0.002285640,0.000747605,0.000076820,,0,
1786043754409878340,1786043754.407255617,/novatel/oem7/odom,/novatel/oem7/fix,/novatel/oem7/odom,39.663,-75.756,-1.801157514,0.002404493,0.000085899,0.000859279,0.002245713,0.000085899,,,
1786043754411301005,1786043754.409991578,/novatel/oem7/bestpos,/novatel/oem7/bestpos,/novatel/oem7/odom,39.663,-75.756,33.181319057,0.002404493,0.000085899,0.000859279,0.002245713,0.000085899,,novatel_oem7_msgs.msg.SolutionStatus(status=0),novatel_oem7_msgs.msg.PositionOrVelocityType(type=53)
1786043754412225280,1786043754.410440872,/novatel/oem7/bestvel,/novatel/oem7/bestpos,/novatel/oem7/bestvel,39.663,-75.756,33.181319057,0.002559087,-0.000088144,,,,22.513810749,novatel_oem7_msgs.msg.SolutionStatus(status=0),novatel_oem7_msgs.msg.PositionOrVelocityType(type=53)
1786043754415443003,1786043754.414815072,/novatel/oem7/odom,/novatel/oem7/bestpos,/novatel/oem7/odom,39.663,-75.756,33.181319057,0.002404493,0.000085899,0.000859279,0.002245713,0.000085899,,,
1786043754426541820,1786043754.425990565,/novatel/oem7/inspva,/novatel/oem7/inspva,/novatel/oem7/inspva,39.663,-75.756,-1.801153079,0.002908122,-0.000248057,0.002905338,0.000127212,-0.000248057,,novatel_oem7_msgs.msg.InertialSolutionStatus(status=3),
1786043754427868334,1786043754.426170070,/novatel/oem7/fix,/novatel/oem7/fix,/novatel/oem7/inspva,39.663,-75.756,-1.801153079,0.002908122,-0.000248057,0.002905338,0.000127212,-0.000248057,,0,
1786043754428940681,1786043754.426629401,/novatel/oem7/odom,/novatel/oem7/fix,/novatel/oem7/odom,39.663,-75.756,-1.801153079,0.002908845,-0.000239436,0.000271401,0.002896156,-0.000239436,,,
1786043754435049223,1786043754.434363489,/novatel/oem7/odom,/novatel/oem7/fix,/novatel/oem7/odom,39.663,-75.756,-1.801153079,0.002908845,-0.000239436,0.000271401,0.002896156,-0.000239436,,,
1786043754445792856,1786043754.445255608,/novatel/oem7/inspva,/novatel/oem7/inspva,/novatel/oem7/inspva,39.663,-75.756,-1.801143710,0.002626852,0.000257155,0.002579059,-0.000498807,0.000257155,,novatel_oem7_msgs.msg.InertialSolutionStatus(status=3),
1786043754447153754,1786043754.445452577,/novatel/oem7/fix,/novatel/oem7/fix,/novatel/oem7/inspva,39.663,-75.756,-1.801143710,0.002626852,0.000257155,0.002579059,-0.000498807,0.000257155,,0,
1786043754448252168,1786043754.446104193,/novatel/oem7/odom,/novatel/oem7/fix,/novatel/oem7/odom,39.663,-75.756,-1.801143710,0.002626309,0.000262642,-0.000371792,0.002599860,0.000262642,,,
1786043754457038529,1786043754.456346052,/novatel/oem7/odom,/novatel/oem7/fix,/novatel/oem7/odom,39.663,-75.756,-1.801143710,0.002626309,0.000262642,-0.000371792,0.002599860,0.000262642,,,
1786043754465554488,1786043754.465020009,/novatel/oem7/inspva,/novatel/oem7/inspva,/novatel/oem7/inspva,39.663,-75.756,-1.801139702,0.002672431,-0.000131607,0.002671323,-0.000076978,-0.000131607,,novatel_oem7_msgs.msg.InertialSolutionStatus(status=3),
1786043754466894608,1786043754.465196818,/novatel/oem7/fix,/novatel/oem7/fix,/novatel/oem7/inspva,39.663,-75.756,-1.801139702,0.002672431,-0.000131607,0.002671323,-0.000076978,-0.000131607,,0,
1786043754467981272,1786043754.465640942,/novatel/oem7/odom,/novatel/oem7/fix,/novatel/oem7/odom,39.663,-75.756,-1.801139702,0.002672778,-0.000124361,0.000055526,0.002672202,-0.000124361,,,
1786043754475033493,1786043754.474339316,/novatel/oem7/odom,/novatel/oem7/fix,/novatel/oem7/odom,39.663,-75.756,-1.801139702,0.002672778,-0.000124361,0.000055526,0.002672202,-0.000124361,,,
1786043754486998353,1786043754.486481284,/novatel/oem7/inspva,/novatel/oem7/inspva,/novatel/oem7/inspva,39.663,-75.756,-1.801139829,0.002639456,-0.000473476,0.002604085,-0.000430660,-0.000473476,,novatel_oem7_msgs.msg.InertialSolutionStatus(status=3),
1786043754488338736,1786043754.486658539,/novatel/oem7/fix,/novatel/oem7/fix,/novatel/oem7/inspva,39.663,-75.756,-1.801139829,0.002639456,-0.000473476,0.002604085,-0.000430660,-0.000473476,,0,
1786043754489393037,1786043754.487065283,/novatel/oem7/odom,/novatel/oem7/fix,/novatel/oem7/odom,39.663,-75.756,-1.801139829,0.002640482,-0.000467717,-0.000299804,0.002623407,-0.000467717,,,
1786043754495877108,1786043754.495175905,/novatel/oem7/odom,/novatel/oem7/fix,/novatel/oem7/odom,39.663,-75.756,-1.801139829,0.002640482,-0.000467717,-0.000299804,0.002623407,-0.000467717,,,
1786043754506445787,1786043754.505870295,/novatel/oem7/inspva,/novatel/oem7/inspva,/novatel/oem7/inspva,39.663,-75.756,-1.801146830,0.002685056,-0.001048909,0.002678746,-0.000183965,-0.001048909,,novatel_oem7_msgs.msg.InertialSolutionStatus(status=3),
1786043754507976436,1786043754.506050090,/novatel/oem7/fix,/novatel/oem7/fix,/novatel/oem7/inspva,39.663,-75.756,-1.801146830,0.002685056,-0.001048909,0.002678746,-0.000183965,-0.001048909,,0,
1786043754509024870,1786043754.506546962,/novatel/oem7/odom,/novatel/oem7/fix,/novatel/oem7/odom,39.663,-75.756,-1.801146830,0.002687732,-0.001042032,-0.000047586,0.002687310,-0.001042032,,,
1786043754511892492,1786043754.511309306,/novatel/oem7/bestpos,/novatel/oem7/bestpos,/novatel/oem7/odom,39.663,-75.756,33.181312377,0.002687732,-0.001042032,-0.000047586,0.002687310,-0.001042032,,novatel_oem7_msgs.msg.SolutionStatus(status=0),novatel_oem7_msgs.msg.PositionOrVelocityType(type=53)
1786043754513297756,1786043754.512151528,/novatel/oem7/bestvel,/novatel/oem7/bestpos,/novatel/oem7/bestvel,39.663,-75.756,33.181312377,0.002816771,-0.001016205,,,,352.346762508,novatel_oem7_msgs.msg.SolutionStatus(status=0),novatel_oem7_msgs.msg.PositionOrVelocityType(type=53)
1786043754516145921,1786043754.515461158,/novatel/oem7/odom,/novatel/oem7/bestpos,/novatel/oem7/odom,39.663,-75.756,33.181312377,0.002687732,-0.001042032,-0.000047586,0.002687310,-0.001042032,,,
1786043754525746067,1786043754.525200278,/novatel/oem7/inspva,/novatel/oem7/inspva,/novatel/oem7/inspva,39.663,-75.756,-1.801158149,0.003002927,-0.001154814,0.002937718,0.000622402,-0.001154814,,novatel_oem7_msgs.msg.InertialSolutionStatus(status=3),
1786043754527083754,1786043754.525364763,/novatel/oem7/fix,/novatel/oem7/fix,/novatel/oem7/inspva,39.663,-75.756,-1.801158149,0.003002927,-0.001154814,0.002937718,0.000622402,-0.001154814,,0,
1786043754528146238,1786043754.525986469,/novatel/oem7/odom,/novatel/oem7/fix,/novatel/oem7/odom,39.663,-75.756,-1.801158149,0.003006933,-0.001144343,0.000770940,0.002906424,-0.001144343,,,
1786043754535527189,1786043754.534844608,/novatel/oem7/odom,/novatel/oem7/fix,/novatel/oem7/odom,39.663,-75.756,-1.801158149,0.003006933,-0.001144343,0.000770940,0.002906424,-0.001144343,,,
1786043754546674863,1786043754.546120138,/novatel/oem7/inspva,/novatel/oem7/inspva,/novatel/oem7/inspva,39.663,-75.756,-1.801163608,0.002576043,-0.000475400,0.002452764,-0.000787367,-0.000475400,,novatel_oem7_msgs.msg.InertialSolutionStatus(status=3),
1786043754548015594,1786043754.546285973,/novatel/oem7/fix,/novatel/oem7/fix,/novatel/oem7/inspva,39.663,-75.756,-1.801163608,0.002576043,-0.000475400,0.002452764,-0.000787367,-0.000475400,,0,
1786043754549059577,1786043754.546724704,/novatel/oem7/odom,/novatel/oem7/fix,/novatel/oem7/odom,39.663,-75.756,-1.801163608,0.002576798,-0.000471289,-0.000663530,0.002489903,-0.000471289,,,
1786043754556344740,1786043754.555722215,/novatel/oem7/odom,/novatel/oem7/fix,/novatel/oem7/odom,39.663,-75.756,-1.801163608,0.002576798,-0.000471289,-0.000663530,0.002489903,-0.000471289,,,
1786043754565791982,1786043754.565241942,/novatel/oem7/inspva,/novatel/oem7/inspva,/novatel/oem7/inspva,39.663,-75.756,-1.801164519,0.002508371,-0.000270300,0.002347505,-0.000883824,-0.000270300,,novatel_oem7_msgs.msg.InertialSolutionStatus(status=3),
1786043754567139335,1786043754.565400251,/novatel/oem7/fix,/novatel/oem7/fix,/novatel/oem7/inspva,39.663,-75.756,-1.801164519,0.002508371,-0.000270300,0.002347505,-0.000883824,-0.000270300,,0,
1786043754568183022,1786043754.565739464,/novatel/oem7/odom,/novatel/oem7/fix,/novatel/oem7/odom,39.663,-75.756,-1.801164519,0.002508744,-0.000266811,-0.000765815,0.002389001,-0.000266811,,,
1786043754576154019,1786043754.575482350,/novatel/oem7/odom,/novatel/oem7/fix,/novatel/oem7/odom,39.663,-75.756,-1.801164519,0.002508744,-0.000266811,-0.000765815,0.002389001,-0.000266811,,,
1786043754585487075,1786043754.584948067,/novatel/oem7/inspva,/novatel/oem7/inspva,/novatel/oem7/inspva,39.663,-75.756,-1.801161460,0.002341820,-0.000054111,0.001971938,-0.001263164,-0.000054111,,novatel_oem7_msgs.msg.InertialSolutionStatus(status=3),
1786043754586824569,1786043754.585123378,/novatel/oem7/fix,/novatel/oem7/fix,/novatel/oem7/inspva,39.663,-75.756,-1.801161460,0.002341820,-0.000054111,0.001971938,-0.001263164,-0.000054111,,0,
1786043754587888303,1786043754.585586533,/novatel/oem7/odom,/novatel/oem7/fix,/novatel/oem7/odom,39.663,-75.756,-1.801161460,0.002341846,-0.000053005,-0.001164008,0.002032075,-0.000053005,,,
1786043754595028771,1786043754.594379650,/novatel/oem7/odom,/novatel/oem7/fix,/novatel/oem7/odom,39.663,-75.756,-1.801161460,0.002341846,-0.000053005,-0.001164008,0.002032075,-0.000053005,,,
1786043754607004081,1786043754.606468565,/novatel/oem7/inspva,/novatel/oem7/inspva,/novatel/oem7/inspva,39.663,-75.756,-1.801162785,0.002147896,-0.000409701,0.002072771,-0.000563097,-0.000409701,,novatel_oem7_msgs.msg.InertialSolutionStatus(status=3),
1786043754608376774,1786043754.606649011,/novatel/oem7/fix,/novatel/oem7/fix,/novatel/oem7/inspva,39.663,-75.756,-1.801162785,0.002147896,-0.000409701,0.002072771,-0.000563097,-0.000409701,,0,
1786043754609473762,1786043754.607067385,/novatel/oem7/odom,/novatel/oem7/fix,/novatel/oem7/odom,39.663,-75.756,-1.801162785,0.002148628,-0.000405843,-0.000458516,0.002099135,-0.000405843,,,
1786043754610996874,1786043754.610200003,/novatel/oem7/bestpos,/novatel/oem7/bestpos,/novatel/oem7/odom,39.663,-75.756,33.181305290,0.002148628,-0.000405843,-0.000458516,0.002099135,-0.000405843,,novatel_oem7_msgs.msg.SolutionStatus(status=0),novatel_oem7_msgs.msg.PositionOrVelocityType(type=53)
1786043754612868336,1786043754.610714958,/novatel/oem7/bestvel,/novatel/oem7/bestpos,/novatel/oem7/bestvel,39.663,-75.756,33.181305290,0.002093807,-0.000264255,,,,339.773760110,novatel_oem7_msgs.msg.SolutionStatus(status=0),novatel_oem7_msgs.msg.PositionOrVelocityType(type=53)
1786043754615658851,1786043754.615014056,/novatel/oem7/odom,/novatel/oem7/bestpos,/novatel/oem7/odom,39.663,-75.756,33.181305290,0.002148628,-0.000405843,-0.000458516,0.002099135,-0.000405843,,,
1786043754625453489,1786043754.624915517,/novatel/oem7/inspva,/novatel/oem7/inspva,/novatel/oem7/inspva,39.663,-75.756,-1.801157451,0.001845941,-0.000182081,0.001794299,-0.000433578,-0.000182081,,novatel_oem7_msgs.msg.InertialSolutionStatus(status=3),
1786043754639727838,1786043754.625091985,/novatel/oem7/fix,/novatel/oem7/fix,/novatel/oem7/inspva,39.663,-75.756,-1.801157451,0.001845941,-0.000182081,0.001794299,-0.000433578,-0.000182081,,0,
1786043754640803016,1786043754.625483262,/novatel/oem7/odom,/novatel/oem7/fix,/novatel/oem7/odom,39.663,-75.756,-1.801157451,0.001846284,-0.000178565,-0.000343738,0.001814004,-0.000178565,,,
1786043754644530046,1786043754.635366746,/novatel/oem7/odom,/novatel/oem7/fix,/novatel/oem7/odom,39.663,-75.756,-1.801157451,0.001846284,-0.000178565,-0.000343738,0.001814004,-0.000178565,,,
1786043754646071339,1786043754.645380755,/novatel/oem7/inspva,/novatel/oem7/inspva,/novatel/oem7/inspva,39.663,-75.756,-1.801152318,0.002694980,-0.000079190,0.002385592,-0.001253743,-0.000079190,,novatel_oem7_msgs.msg.InertialSolutionStatus(status=3),
1786043754647883614,1786043754.645561820,/novatel/oem7/fix,/novatel/oem7/fix,/novatel/oem7/inspva,39.663,-75.756,-1.801152318,0.002694980,-0.000079190,0.002385592,-0.001253743,-0.000079190,,0,
1786043754649009585,1786043754.646104706,/novatel/oem7/odom,/novatel/oem7/fix,/novatel/oem7/odom,39.663,-75.756,-1.801152318,0.002695045,-0.000076943,-0.001134071,0.002444821,-0.000076943,,,
1786043754657197223,1786043754.656537983,/novatel/oem7/odom,/novatel/oem7/fix,/novatel/oem7/odom,39.663,-75.756,-1.801152318,0.002695045,-0.000076943,-0.001134071,0.002444821,-0.000076943,,,
1786043754666625111,1786043754.666102119,/novatel/oem7/inspva,/novatel/oem7/inspva,/novatel/oem7/inspva,39.663,-75.756,-1.801154320,0.002555361,-0.000313825,0.002017841,-0.001567860,-0.000313825,,novatel_oem7_msgs.msg.InertialSolutionStatus(status=3),
1786043754667969281,1786043754.666287834,/novatel/oem7/fix,/novatel/oem7/fix,/novatel/oem7/inspva,39.663,-75.756,-1.801154320,0.002555361,-0.000313825,0.002017841,-0.001567860,-0.000313825,,0,
1786043754669052106,1786043754.666821229,/novatel/oem7/odom,/novatel/oem7/fix,/novatel/oem7/odom,39.663,-75.756,-1.801154320,0.002555377,-0.000313692,-0.001465099,0.002093666,-0.000313692,,,
1786043754675543517,1786043754.674847194,/novatel/oem7/odom,/novatel/oem7/fix,/novatel/oem7/odom,39.663,-75.756,-1.801154320,0.002555377,-0.000313692,-0.001465099,0.002093666,-0.000313692,,,
1786043754685964298,1786043754.685352119,/novatel/oem7/inspva,/novatel/oem7/inspva,/novatel/oem7/inspva,39.663,-75.756,-1.801163106,0.002503697,-0.000650437,0.002410360,-0.000677247,-0.000650437,,novatel_oem7_msgs.msg.InertialSolutionStatus(status=3),
1786043754687326532,1786043754.685553167,/novatel/oem7/fix,/novatel/oem7/fix,/novatel/oem7/inspva,39.663,-75.756,-1.801163106,0.002503697,-0.000650437,0.002410360,-0.000677247,-0.000650437,,0,
1786043754688386365,1786043754.686248441,/novatel/oem7/odom,/novatel/oem7/fix,/novatel/oem7/odom,39.663,-75.756,-1.801163106,0.002504830,-0.000646062,-0.000554964,0.002442578,-0.000646062,,,
1786043754696296825,1786043754.695653392,/novatel/oem7/odom,/novatel/oem7/fix,/novatel/oem7/odom,39.663,-75.756,-1.801163106,0.002504830,-0.000646062,-0.000554964,0.002442578,-0.000646062,,,
1786043754706452383,1786043754.705886121,/novatel/oem7/inspva,/novatel/oem7/inspva,/novatel/oem7/inspva,39.663,-75.756,-1.801172046,0.002027897,-0.000718831,0.001994072,-0.000368842,-0.000718831,,novatel_oem7_msgs.msg.InertialSolutionStatus(status=3),
1786043754707818977,1786043754.706066636,/novatel/oem7/fix,/novatel/oem7/fix,/novatel/oem7/inspva,39.663,-75.756,-1.801172046,0.002027897,-0.000718831,0.001994072,-0.000368842,-0.000718831,,0,
1786043754708895948,1786043754.706518594,/novatel/oem7/odom,/novatel/oem7/fix,/novatel/oem7/odom,39.663,-75.756,-1.801172046,0.002029412,-0.000714544,-0.000267233,0.002011740,-0.000714544,,,
1786043754711499097,1786043754.709414570,/novatel/oem7/bestpos,/novatel/oem7/bestpos,/novatel/oem7/odom,39.663,-75.756,33.181286285,0.002029412,-0.000714544,-0.000267233,0.002011740,-0.000714544,,novatel_oem7_msgs.msg.SolutionStatus(status=0),novatel_oem7_msgs.msg.PositionOrVelocityType(type=53)
1786043754712901551,1786043754.710177837,/novatel/oem7/bestvel,/novatel/oem7/bestpos,/novatel/oem7/bestvel,39.663,-75.756,33.181286285,0.001929063,-0.001048624,,,,11.702533745,novatel_oem7_msgs.msg.SolutionStatus(status=0),novatel_oem7_msgs.msg.PositionOrVelocityType(type=53)
1786043754715315899,1786043754.714595085,/novatel/oem7/odom,/novatel/oem7/bestpos,/novatel/oem7/odom,39.663,-75.756,33.181286285,0.002029412,-0.000714544,-0.000267233,0.002011740,-0.000714544,,,
1786043754727214891,1786043754.726692809,/novatel/oem7/inspva,/novatel/oem7/inspva,/novatel/oem7/inspva,39.663,-75.756,-1.801184040,0.002466749,-0.000751481,0.002390139,-0.000609989,-0.000751481,,novatel_oem7_msgs.msg.InertialSolutionStatus(status=3),
1786043754728707086,1786043754.726859061,/novatel/oem7/fix,/novatel/oem7/fix,/novatel/oem7/inspva,39.663,-75.756,-1.801184040,0.002466749,-0.000751481,0.002390139,-0.000609989,-0.000751481,,0,
1786043754729906505,1786043754.727353533,/novatel/oem7/odom,/novatel/oem7/fix,/novatel/oem7/odom,39.663,-75.756,-1.801184040,0.002468131,-0.000746929,-0.000488390,0.002419328,-0.000746929,,,
1786043754735749170,1786043754.735048386,/novatel/oem7/odom,/novatel/oem7/fix,/novatel/oem7/odom,39.663,-75.756,-1.801184040,0.002468131,-0.000746929,-0.000488390,0.002419328,-0.000746929,,,
1786043754745695623,1786043754.745108813,/novatel/oem7/inspva,/novatel/oem7/inspva,/novatel/oem7/inspva,39.663,-75.756,-1.801190302,0.001896026,-0.000367950,0.001895980,-0.000013181,-0.000367950,,novatel_oem7_msgs.msg.InertialSolutionStatus(status=3),
1786043754747108550,1786043754.745268019,/novatel/oem7/fix,/novatel/oem7/fix,/novatel/oem7/inspva,39.663,-75.756,-1.801190302,0.001896026,-0.000367950,0.001895980,-0.000013181,-0.000367950,,0,
1786043754748242198,1786043754.745716913,/novatel/oem7/odom,/novatel/oem7/fix,/novatel/oem7/odom,39.663,-75.756,-1.801190302,0.001897037,-0.000362698,0.000081847,0.001895271,-0.000362698,,,
1786043754756539932,1786043754.755834928,/novatel/oem7/odom,/novatel/oem7/fix,/novatel/oem7/odom,39.663,-75.756,-1.801190302,0.001897037,-0.000362698,0.000081847,0.001895271,-0.000362698,,,
1786043754765877798,1786043754.765328099,/novatel/oem7/inspva,/novatel/oem7/inspva,/novatel/oem7/inspva,39.663,-75.756,-1.801194835,0.002473432,-0.000163440,0.002279731,-0.000959527,-0.000163440,,novatel_oem7_msgs.msg.InertialSolutionStatus(status=3),
1786043754767345283,1786043754.765502591,/novatel/oem7/fix,/novatel/oem7/fix,/novatel/oem7/inspva,39.663,-75.756,-1.801194835,0.002473432,-0.000163440,0.002279731,-0.000959527,-0.000163440,,0,
1786043754768550422,1786043754.766171758,/novatel/oem7/odom,/novatel/oem7/fix,/novatel/oem7/odom,39.663,-75.756,-1.801194835,0.002473627,-0.000160468,-0.000845143,0.002324771,-0.000160468,,,
1786043754775235635,1786043754.774549532,/novatel/oem7/odom,/novatel/oem7/fix,/novatel/oem7/odom,39.663,-75.756,-1.801194835,0.002473627,-0.000160468,-0.000845143,0.002324771,-0.000160468,,,
1786043754786542432,1786043754.785995706,/novatel/oem7/inspva,/novatel/oem7/inspva,/novatel/oem7/inspva,39.663,-75.756,-1.801189334,0.002230843,0.000306389,0.001907588,-0.001156620,0.000306389,,novatel_oem7_msgs.msg.InertialSolutionStatus(status=3),
1786043754787940146,1786043754.786146731,/novatel/oem7/fix,/novatel/oem7/fix,/novatel/oem7/inspva,39.663,-75.756,-1.801189334,0.002230843,0.000306389,0.001907588,-0.001156620,0.000306389,,0,
1786043754789074287,1786043754.786598549,/novatel/oem7/odom,/novatel/oem7/fix,/novatel/oem7/odom,39.663,-75.756,-1.801189334,0.002230668,0.000307658,-0.001062061,0.001961608,0.000307658,,,
1786043754795323746,1786043754.794633073,/novatel/oem7/odom,/novatel/oem7/fix,/novatel/oem7/odom,39.663,-75.756,-1.801189334,0.002230668,0.000307658,-0.001062061,0.001961608,0.000307658,,,
1786043754806845481,1786043754.806255972,/novatel/oem7/inspva,/novatel/oem7/inspva,/novatel/oem7/inspva,39.663,-75.756,-1.801182659,0.002306284,0.000488116,0.001985543,-0.001173272,0.000488116,,novatel_oem7_msgs.msg.InertialSolutionStatus(status=3),
1786043754808241092,1786043754.806409854,/novatel/oem7/fix,/novatel/oem7/fix,/novatel/oem7/inspva,39.663,-75.756,-1.801182659,0.002306284,0.000488116,0.001985543,-0.001173272,0.000488116,,0,
1786043754809319443,1786043754.806916556,/novatel/oem7/odom,/novatel/oem7/fix,/novatel/oem7/odom,39.663,-75.756,-1.801182659,0.002305986,0.000489522,-0.001075482,0.002039831,0.000489522,,,
1786043754811189582,1786043754.810353884,/novatel/oem7/bestpos,/novatel/oem7/bestpos,/novatel/oem7/odom,39.663,-75.756,33.181289795,0.002305986,0.000489522,-0.001075482,0.002039831,0.000489522,,novatel_oem7_msgs.msg.SolutionStatus(status=0),novatel_oem7_msgs.msg.PositionOrVelocityType(type=53)
1786043754812642680,1786043754.810794661,/novatel/oem7/bestvel,/novatel/oem7/bestpos,/novatel/oem7/bestvel,39.663,-75.756,33.181289795,0.002139268,0.000373664,,,,335.119682092,novatel_oem7_msgs.msg.SolutionStatus(status=0),novatel_oem7_msgs.msg.PositionOrVelocityType(type=53)
1786043754816127951,1786043754.815484125,/novatel/oem7/odom,/novatel/oem7/bestpos,/novatel/oem7/odom,39.663,-75.756,33.181289795,0.002305986,0.000489522,-0.001075482,0.002039831,0.000489522,,,
1786043754825633930,1786043754.825107754,/novatel/oem7/inspva,/novatel/oem7/inspva,/novatel/oem7/inspva,39.663,-75.756,-1.801173930,0.002495156,0.000432508,0.002114459,-0.001324715,0.000432508,,novatel_oem7_msgs.msg.InertialSolutionStatus(status=3),
1786043754826942376,1786043754.825283890,/novatel/oem7/fix,/novatel/oem7/fix,/novatel/oem7/inspva,39.663,-75.756,-1.801173930,0.002495156,0.000432508,0.002114459,-0.001324715,0.000432508,,0,
1786043754827992113,1786043754.825727207,/novatel/oem7/odom,/novatel/oem7/fix,/novatel/oem7/odom,39.663,-75.756,-1.801173930,0.002494936,0.000433781,-0.001220146,0.002176223,0.000433781,,,
1786043754835313267,1786043754.834600586,/novatel/oem7/odom,/novatel/oem7/fix,/novatel/oem7/odom,39.663,-75.756,-1.801173930,0.002494936,0.000433781,-0.001220146,0.002176223,0.000433781,,,
1786043754847136899,1786043754.846613840,/novatel/oem7/inspva,/novatel/oem7/inspva,/novatel/oem7/inspva,39.663,-75.756,-1.801169538,0.001905437,0.000047304,0.001704391,-0.000851905,0.000047304,,novatel_oem7_msgs.msg.InertialSolutionStatus(status=3),
1786043754848527332,1786043754.846771128,/novatel/oem7/fix,/novatel/oem7/fix,/novatel/oem7/inspva,39.663,-75.756,-1.801169538,0.001905437,0.000047304,0.001704391,-0.000851905,0.000047304,,0,
1786043754849617770,1786043754.847217153,/novatel/oem7/odom,/novatel/oem7/fix,/novatel/oem7/odom,39.663,-75.756,-1.801169538,0.001905391,0.000049092,-0.000766775,0.001744297,0.000049092,,,
1786043754857165332,1786043754.856512956,/novatel/oem7/odom,/novatel/oem7/fix,/novatel/oem7/odom,39.663,-75.756,-1.801169538,0.001905391,0.000049092,-0.000766775,0.001744297,0.000049092,,,
1786043754865890893,1786043754.865214473,/novatel/oem7/inspva,/novatel/oem7/inspva,/novatel/oem7/inspva,39.663,-75.756,-1.801161207,0.002532835,0.000100301,0.001784469,-0.001797477,0.000100301,,novatel_oem7_msgs.msg.InertialSolutionStatus(status=3),
1786043754867232656,1786043754.865486526,/novatel/oem7/fix,/novatel/oem7/fix,/novatel/oem7/inspva,39.663,-75.756,-1.801161207,0.002532835,0.000100301,0.001784469,-0.001797477,0.000100301,,0,
1786043754868337041,1786043754.865982377,/novatel/oem7/odom,/novatel/oem7/fix,/novatel/oem7/odom,39.663,-75.756,-1.801161207,0.002532887,0.000098988,-0.001707395,0.001870913,0.000098988,,,
1786043754876220966,1786043754.875577220,/novatel/oem7/odom,/novatel/oem7/fix,/novatel/oem7/odom,39.663,-75.756,-1.801161207,0.002532887,0.000098988,-0.001707395,0.001870913,0.000098988,,,
1786043754885988468,1786043754.885467362,/novatel/oem7/inspva,/novatel/oem7/inspva,/novatel/oem7/inspva,39.663,-75.756,-1.801168876,0.002775101,-0.000632787,0.002266118,-0.001601841,-0.000632787,,novatel_oem7_msgs.msg.InertialSolutionStatus(status=3),
1786043754887356395,1786043754.885629934,/novatel/oem7/fix,/novatel/oem7/fix,/novatel/oem7/inspva,39.663,-75.756,-1.801168876,0.002775101,-0.000632787,0.002266118,-0.001601841,-0.000632787,,0,
1786043754888441805,1786043754.886264850,/novatel/oem7/odom,/novatel/oem7/fix,/novatel/oem7/odom,39.663,-75.756,-1.801168876,0.002775266,-0.000632063,-0.001485508,0.002344220,-0.000632063,,,
1786043754895791762,1786043754.895162560,/novatel/oem7/odom,/novatel/oem7/fix,/novatel/oem7/odom,39.663,-75.756,-1.801168876,0.002775266,-0.000632063,-0.001485508,0.002344220,-0.000632063,,,
1786043754906351388,1786043754.905864287,/novatel/oem7/inspva,/novatel/oem7/inspva,/novatel/oem7/inspva,39.663,-75.756,-1.801178740,0.002841467,-0.000919863,0.002307891,-0.001657581,-0.000919863,,novatel_oem7_msgs.msg.InertialSolutionStatus(status=3),
1786043754907699995,1786043754.906001938,/novatel/oem7/fix,/novatel/oem7/fix,/novatel/oem7/inspva,39.663,-75.756,-1.801178740,0.002841467,-0.000919863,0.002307891,-0.001657581,-0.000919863,,0,
1786043754908732592,1786043754.906497569,/novatel/oem7/odom,/novatel/oem7/fix,/novatel/oem7/odom,39.663,-75.756,-1.801178740,0.002841673,-0.000919225,-0.001538059,0.002389452,-0.000919225,,,
1786043754910182560,1786043754.909158776,/novatel/oem7/bestpos,/novatel/oem7/bestpos,/novatel/oem7/odom,39.663,-75.756,33.181280010,0.002841673,-0.000919225,-0.001538059,0.002389452,-0.000919225,,novatel_oem7_msgs.msg.SolutionStatus(status=0),novatel_oem7_msgs.msg.PositionOrVelocityType(type=53)
1786043754911088295,1786043754.909504159,/novatel/oem7/bestvel,/novatel/oem7/bestpos,/novatel/oem7/bestvel,39.663,-75.756,33.181280010,0.002753337,-0.001206929,,,,332.800333637,novatel_oem7_msgs.msg.SolutionStatus(status=0),novatel_oem7_msgs.msg.PositionOrVelocityType(type=53)
1786043754915037582,1786043754.914358045,/novatel/oem7/odom,/novatel/oem7/bestpos,/novatel/oem7/odom,39.663,-75.756,33.181280010,0.002841673,-0.000919225,-0.001538059,0.002389452,-0.000919225,,,
1786043754925801319,1786043754.925294044,/novatel/oem7/inspva,/novatel/oem7/inspva,/novatel/oem7/inspva,39.663,-75.756,-1.801189451,0.002680474,-0.000646090,0.002448051,-0.001091781,-0.000646090,,novatel_oem7_msgs.msg.InertialSolutionStatus(status=3),
1786043754927250937,1786043754.925453083,/novatel/oem7/fix,/novatel/oem7/fix,/novatel/oem7/inspva,39.663,-75.756,-1.801189451,0.002680474,-0.000646090,0.002448051,-0.001091781,-0.000646090,,0,
1786043754928311411,1786043754.926083279,/novatel/oem7/odom,/novatel/oem7/fix,/novatel/oem7/odom,39.663,-75.756,-1.801189451,0.002681201,-0.000643066,-0.000967029,0.002500739,-0.000643066,,,
1786043754936115906,1786043754.935467069,/novatel/oem7/odom,/novatel/oem7/fix,/novatel/oem7/odom,39.663,-75.756,-1.801189451,0.002681201,-0.000643066,-0.000967029,0.002500739,-0.000643066,,,
1786043754945579254,1786043754.945059735,/novatel/oem7/inspva,/novatel/oem7/inspva,/novatel/oem7/inspva,39.663,-75.756,-1.801200891,0.002719871,-0.000623292,0.002557125,-0.000926721,-0.000623292,,novatel_oem7_msgs.msg.InertialSolutionStatus(status=3),
1786043754946885700,1786043754.945202267,/novatel/oem7/fix,/novatel/oem7/fix,/novatel/oem7/inspva,39.663,-75.756,-1.801200891,0.002719871,-0.000623292,0.002557125,-0.000926721,-0.000623292,,0,
1786043754947955098,1786043754.945678788,/novatel/oem7/odom,/novatel/oem7/fix,/novatel/oem7/odom,39.663,-75.756,-1.801200891,0.002720763,-0.000619387,-0.000796857,0.002601456,-0.000619387,,,
1786043754956283918,1786043754.955644231,/novatel/oem7/odom,/novatel/oem7/fix,/novatel/oem7/odom,39.663,-75.756,-1.801200891,0.002720763,-0.000619387,-0.000796857,0.002601456,-0.000619387,,,
1786043754967186957,1786043754.966655742,/novatel/oem7/inspva,/novatel/oem7/inspva,/novatel/oem7/inspva,39.663,-75.756,-1.801210809,0.002211476,-0.000498063,0.002183745,-0.000349124,-0.000498063,,novatel_oem7_msgs.msg.InertialSolutionStatus(status=3),
1786043754968595238,1786043754.966808063,/novatel/oem7/fix,/novatel/oem7/fix,/novatel/oem7/inspva,39.663,-75.756,-1.801210809,0.002211476,-0.000498063,0.002183745,-0.000349124,-0.000498063,,0,
1786043754969668749,1786043754.967668289,/novatel/oem7/odom,/novatel/oem7/fix,/novatel/oem7/odom,39.663,-75.756,-1.801210809,0.002212568,-0.000493191,-0.000238886,0.002199634,-0.000493191,,,
1786043754975542604,1786043754.974841007,/novatel/oem7/odom,/novatel/oem7/fix,/novatel/oem7/odom,39.663,-75.756,-1.801210809,0.002212568,-0.000493191,-0.000238886,0.002199634,-0.000493191,,,
1786043754985393813,1786043754.984883484,/novatel/oem7/inspva,/novatel/oem7/inspva,/novatel/oem7/inspva,39.663,-75.756,-1.801212097,0.002092687,-0.000140602,0.001951783,-0.000754908,-0.000140602,,novatel_oem7_msgs.msg.InertialSolutionStatus(status=3),
1786043754986759833,1786043754.985035626,/novatel/oem7/fix,/novatel/oem7/fix,/novatel/oem7/inspva,39.663,-75.756,-1.801212097,0.002092687,-0.000140602,0.001951783,-0.000754908,-0.000140602,,0,
1786043754987865028,1786043754.985407173,/novatel/oem7/odom,/novatel/oem7/fix,/novatel/oem7/odom,39.663,-75.756,-1.801212097,0.002092875,-0.000137777,-0.000656948,0.001987095,-0.000137777,,,
1786043754996087390,1786043754.995400816,/novatel/oem7/odom,/novatel/oem7/fix,/novatel/oem7/odom,39.663,-75.756,-1.801212097,0.002092875,-0.000137777,-0.000656948,0.001987095,-0.000137777,,,
1786043755010671076,1786043755.010164191,/novatel/oem7/inspva,/novatel/oem7/inspva,/novatel/oem7/inspva,39.663,-75.756,-1.801206590,0.002205149,0.000410306,0.001934182,-0.001059067,0.000410306,,novatel_oem7_msgs.msg.InertialSolutionStatus(status=3),
1786043755011985342,1786043755.010310856,/novatel/oem7/fix,/novatel/oem7/fix,/novatel/oem7/inspva,39.663,-75.756,-1.801206590,0.002205149,0.000410306,0.001934182,-0.001059067,0.000410306,,0,
1786043755013511801,1786043755.011623072,/novatel/oem7/odom,/novatel/oem7/fix,/novatel/oem7/odom,39.663,-75.756,-1.801206590,0.002204831,0.000412011,-0.000963597,0.001983119,0.000412011,,,
1786043755016296489,1786043755.015664892,/novatel/oem7/odom,/novatel/oem7/fix,/novatel/oem7/odom,39.663,-75.756,-1.801206590,0.002204831,0.000412011,-0.000963597,0.001983119,0.000412011,,,
1786043755028102874,1786043755.027519718,/novatel/oem7/bestpos,/novatel/oem7/bestpos,/novatel/oem7/odom,39.663,-75.756,33.181250512,0.002204831,0.000412011,-0.000963597,0.001983119,0.000412011,,novatel_oem7_msgs.msg.SolutionStatus(status=0),novatel_oem7_msgs.msg.PositionOrVelocityType(type=53)
1786043755029528681,1786043755.027703300,/novatel/oem7/bestvel,/novatel/oem7/bestpos,/novatel/oem7/bestvel,39.663,-75.756,33.181250512,0.002209742,0.000296856,,,,335.338607685,novatel_oem7_msgs.msg.SolutionStatus(status=0),novatel_oem7_msgs.msg.PositionOrVelocityType(type=53)
1786043755030450097,1786043755.027837398,/novatel/oem7/inspva,/novatel/oem7/inspva,/novatel/oem7/inspva,39.663,-75.756,-1.801198470,0.002148625,0.000285377,0.002005266,-0.000771684,0.000285377,,novatel_oem7_msgs.msg.InertialSolutionStatus(status=3),
1786043755031252432,1786043755.027977766,/novatel/oem7/fix,/novatel/oem7/fix,/novatel/oem7/inspva,39.663,-75.756,-1.801198470,0.002148625,0.000285377,0.002005266,-0.000771684,0.000285377,,0,
1786043755032268852,1786043755.028469687,/novatel/oem7/odom,/novatel/oem7/fix,/novatel/oem7/odom,39.663,-75.756,-1.801198470,0.002148237,0.000288281,-0.000672584,0.002040234,0.000288281,,,
1786043755035513511,1786043755.034853324,/novatel/oem7/odom,/novatel/oem7/fix,/novatel/oem7/odom,39.663,-75.756,-1.801198470,0.002148237,0.000288281,-0.000672584,0.002040234,0.000288281,,,
1786043755045774858,1786043755.045260259,/novatel/oem7/inspva,/novatel/oem7/inspva,/novatel/oem7/inspva,39.663,-75.756,-1.801185773,0.001982000,0.000452863,0.001850530,-0.000709834,0.000452863,,novatel_oem7_msgs.msg.InertialSolutionStatus(status=3),
1786043755047091284,1786043755.045403204,/novatel/oem7/fix,/novatel/oem7/fix,/novatel/oem7/inspva,39.663,-75.756,-1.801185773,0.001982000,0.000452863,0.001850530,-0.000709834,0.000452863,,0,
1786043755048115961,1786043755.046013896,/novatel/oem7/odom,/novatel/oem7/fix,/novatel/oem7/odom,39.663,-75.756,-1.801185773,0.001981392,0.000455517,-0.000619047,0.001882205,0.000455517,,,
1786043755056543125,1786043755.055889332,/novatel/oem7/odom,/novatel/oem7/fix,/novatel/oem7/odom,39.663,-75.756,-1.801185773,0.001981392,0.000455517,-0.000619047,0.001882205,0.000455517,,,
1786043755065645370,1786043755.065114174,/novatel/oem7/inspva,/novatel/oem7/inspva,/novatel/oem7/inspva,39.663,-75.756,-1.801175606,0.002032419,0.000254443,0.001986436,-0.000429883,0.000254443,,novatel_oem7_msgs.msg.InertialSolutionStatus(status=3),
1786043755066955526,1786043755.065267616,/novatel/oem7/fix,/novatel/oem7/fix,/novatel/oem7/inspva,39.663,-75.756,-1.801175606,0.002032419,0.000254443,0.001986436,-0.000429883,0.000254443,,0,
1786043755068002083,1786043755.065685107,/novatel/oem7/odom,/novatel/oem7/fix,/novatel/oem7/odom,39.663,-75.756,-1.801175606,0.002031913,0.000258452,-0.000331979,0.002004610,0.000258452,,,
1786043755075194225,1786043755.074557046,/novatel/oem7/odom,/novatel/oem7/fix,/novatel/oem7/odom,39.663,-75.756,-1.801175606,0.002031913,0.000258452,-0.000331979,0.002004610,0.000258452,,,
1786043755087186239,1786043755.086644100,/novatel/oem7/inspva,/novatel/oem7/inspva,/novatel/oem7/inspva,39.663,-75.756,-1.801167229,0.001569894,0.000192790,0.001502665,-0.000454495,0.000192790,,novatel_oem7_msgs.msg.InertialSolutionStatus(status=3),
1786043755088525579,1786043755.086793568,/novatel/oem7/fix,/novatel/oem7/fix,/novatel/oem7/inspva,39.663,-75.756,-1.801167229,0.001569894,0.000192790,0.001502665,-0.000454495,0.000192790,,0,
1786043755089551292,1786043755.087648520,/novatel/oem7/odom,/novatel/oem7/fix,/novatel/oem7/odom,39.663,-75.756,-1.801167229,0.001569576,0.000195360,-0.000380266,0.001522816,0.000195360,,,
1786043755095765301,1786043755.095089838,/novatel/oem7/odom,/novatel/oem7/fix,/novatel/oem7/odom,39.663,-75.756,-1.801167229,0.001569576,0.000195360,-0.000380266,0.001522816,0.000195360,,,
1786043755106486986,1786043755.105926283,/novatel/oem7/inspva,/novatel/oem7/inspva,/novatel/oem7/inspva,39.663,-75.756,-1.801166120,0.002114311,-0.000367002,0.002062179,-0.000466611,-0.000367002,,novatel_oem7_msgs.msg.InertialSolutionStatus(status=3),
1786043755107790142,1786043755.106075931,/novatel/oem7/fix,/novatel/oem7/fix,/novatel/oem7/inspva,39.663,-75.756,-1.801166120,0.002114311,-0.000367002,0.002062179,-0.000466611,-0.000367002,,0,
1786043755108915893,1786043755.106556176,/novatel/oem7/odom,/novatel/oem7/fix,/novatel/oem7/odom,39.663,-75.756,-1.801166120,0.002115017,-0.000362912,-0.000362654,0.002083693,-0.000362912,,,
1786043755110441711,1786043755.109352804,/novatel/oem7/bestpos,/novatel/oem7/bestpos,/novatel/oem7/odom,39.663,-75.756,33.181314461,0.002115017,-0.000362912,-0.000362654,0.002083693,-0.000362912,,novatel_oem7_msgs.msg.SolutionStatus(status=0),novatel_oem7_msgs.msg.PositionOrVelocityType(type=53)
1786043755111378398,1786043755.109834949,/novatel/oem7/bestvel,/novatel/oem7/bestpos,/novatel/oem7/bestvel,39.663,-75.756,33.181314461,0.002302552,-0.000268388,,,,340.271013508,novatel_oem7_msgs.msg.SolutionStatus(status=0),novatel_oem7_msgs.msg.PositionOrVelocityType(type=53)
1786043755116027567,1786043755.115387911,/novatel/oem7/odom,/novatel/oem7/bestpos,/novatel/oem7/odom,39.663,-75.756,33.181314461,0.002115017,-0.000362912,-0.000362654,0.002083693,-0.000362912,,,
1786043755126365938,1786043755.125871040,/novatel/oem7/inspva,/novatel/oem7/inspva,/novatel/oem7/inspva,39.663,-75.756,-1.801167876,0.001695793,-0.000485839,0.001679464,-0.000234764,-0.000485839,,novatel_oem7_msgs.msg.InertialSolutionStatus(status=3),
1786043755127768862,1786043755.126037884,/novatel/oem7/fix,/novatel/oem7/fix,/novatel/oem7/inspva,39.663,-75.756,-1.801167876,0.001695793,-0.000485839,0.001679464,-0.000234764,-0.000485839,,0,
1786043755128786579,1786043755.126623473,/novatel/oem7/odom,/novatel/oem7/fix,/novatel/oem7/odom,39.663,-75.756,-1.801167876,0.001696893,-0.000481984,-0.000149593,0.001690286,-0.000481984,,,
1786043755135530913,1786043755.134699321,/novatel/oem7/odom,/novatel/oem7/fix,/novatel/oem7/odom,39.663,-75.756,-1.801167876,0.001696893,-0.000481984,-0.000149593,0.001690286,-0.000481984,,,
1786043755146757702,1786043755.146240484,/novatel/oem7/inspva,/novatel/oem7/inspva,/novatel/oem7/inspva,39.663,-75.756,-1.801174151,0.002259499,-0.000881805,0.002237084,-0.000317472,-0.000881805,,novatel_oem7_msgs.msg.InertialSolutionStatus(status=3),
1786043755148026985,1786043755.146390778,/novatel/oem7/fix,/novatel/oem7/fix,/novatel/oem7/inspva,39.663,-75.756,-1.801174151,0.002259499,-0.000881805,0.002237084,-0.000317472,-0.000881805,,0,
1786043755149027348,1786043755.146867713,/novatel/oem7/odom,/novatel/oem7/fix,/novatel/oem7/odom,39.663,-75.756,-1.801174151,0.002261480,-0.000876710,-0.000203155,0.002252337,-0.000876710,,,
1786043755156923224,1786043755.155943371,/novatel/oem7/odom,/novatel/oem7/fix,/novatel/oem7/odom,39.663,-75.756,-1.801174151,0.002261480,-0.000876710,-0.000203155,0.002252337,-0.000876710,,,
1786043755165883920,1786043755.165351691,/novatel/oem7/inspva,/novatel/oem7/inspva,/novatel/oem7/inspva,39.663,-75.756,-1.801180900,0.002111913,-0.000537180,0.002110427,-0.000079202,-0.000537180,,novatel_oem7_msgs.msg.InertialSolutionStatus(status=3),
1786043755167190183,1786043755.165547747,/novatel/oem7/fix,/novatel/oem7/fix,/novatel/oem7/inspva,39.663,-75.756,-1.801180900,0.002111913,-0.000537180,0.002110427,-0.000079202,-0.000537180,,0,
1786043755168212674,1786043755.166067872,/novatel/oem7/odom,/novatel/oem7/fix,/novatel/oem7/odom,39.663,-75.756,-1.801180900,0.002113333,-0.000531565,0.000027309,0.002113157,-0.000531565,,,
1786043755176233274,1786043755.175603851,/novatel/oem7/odom,/novatel/oem7/fix,/novatel/oem7/odom,39.663,-75.756,-1.801180900,0.002113333,-0.000531565,0.000027309,0.002113157,-0.000531565,,,
1786043755186535260,1786043755.186016205,/novatel/oem7/inspva,/novatel/oem7/inspva,/novatel/oem7/inspva,39.663,-75.756,-1.801189234,0.002431059,-0.000659865,0.002430938,0.000024277,-0.000659865,,novatel_oem7_msgs.msg.InertialSolutionStatus(status=3),
1786043755187801773,1786043755.186180964,/novatel/oem7/fix,/novatel/oem7/fix,/novatel/oem7/inspva,39.663,-75.756,-1.801189234,0.002431059,-0.000659865,0.002430938,0.000024277,-0.000659865,,0,
1786043755188811000,1786043755.186635964,/novatel/oem7/odom,/novatel/oem7/fix,/novatel/oem7/odom,39.663,-75.756,-1.801189234,0.002432908,-0.000653014,0.000146948,0.002428466,-0.000653014,,,
1786043755195461657,1786043755.194510197,/novatel/oem7/odom,/novatel/oem7/fix,/novatel/oem7/odom,39.663,-75.756,-1.801189234,0.002432908,-0.000653014,0.000146948,0.002428466,-0.000653014,,,
1786043755206510060,1786043755.205856847,/novatel/oem7/inspva,/novatel/oem7/inspva,/novatel/oem7/inspva,39.663,-75.756,-1.801192374,0.002131003,-0.000343095,0.002085704,-0.000437049,-0.000343095,,novatel_oem7_msgs.msg.InertialSolutionStatus(status=3),
1786043755208240998,1786043755.206078889,/novatel/oem7/fix,/novatel/oem7/fix,/novatel/oem7/inspva,39.663,-75.756,-1.801192374,0.002131003,-0.000343095,0.002085704,-0.000437049,-0.000343095,,0,
1786043755209561691,1786043755.206734286,/novatel/oem7/odom,/novatel/oem7/fix,/novatel/oem7/odom,39.663,-75.756,-1.801192374,0.002131688,-0.000338812,-0.000332040,0.002105669,-0.000338812,,,
1786043755211366052,1786043755.210324719,/novatel/oem7/bestpos,/novatel/oem7/bestpos,/novatel/oem7/odom,39.663,-75.756,33.181289343,0.002131688,-0.000338812,-0.000332040,0.002105669,-0.000338812,,novatel_oem7_msgs.msg.SolutionStatus(status=0),novatel_oem7_msgs.msg.PositionOrVelocityType(type=53)
1786043755212910604,1786043755.210795883,/novatel/oem7/bestvel,/novatel/oem7/bestpos,/novatel/oem7/bestvel,39.663,-75.756,33.181289343,0.002093300,-0.000107487,,,,339.068266961,novatel_oem7_msgs.msg.SolutionStatus(status=0),novatel_oem7_msgs.msg.PositionOrVelocityType(type=53)
1786043755215492110,1786043755.215020976,/novatel/oem7/odom,/novatel/oem7/bestpos,/novatel/oem7/odom,39.663,-75.756,33.181289343,0.002131688,-0.000338812,-0.000332040,0.002105669,-0.000338812,,,
1786043755225589368,1786043755.224856551,/novatel/oem7/inspva,/novatel/oem7/inspva,/novatel/oem7/inspva,39.663,-75.756,-1.801188696,0.002171085,0.000150142,0.002157404,-0.000243345,0.000150142,,novatel_oem7_msgs.msg.InertialSolutionStatus(status=3),
1786043755227120010,1786043755.225056196,/novatel/oem7/fix,/novatel/oem7/fix,/novatel/oem7/inspva,39.663,-75.756,-1.801188696,0.002171085,0.000150142,0.002157404,-0.000243345,0.000150142,,0,
1786043755228316562,1786043755.225404523,/novatel/oem7/odom,/novatel/oem7/fix,/novatel/oem7/odom,39.663,-75.756,-1.801188696,0.002170722,0.000155290,-0.000136789,0.002166408,0.000155290,,,
1786043755236060976,1786043755.235359469,/novatel/oem7/odom,/novatel/oem7/fix,/novatel/oem7/odom,39.663,-75.756,-1.801188696,0.002170722,0.000155290,-0.000136789,0.002166408,0.000155290,,,
1786043755246946855,1786043755.246348192,/novatel/oem7/inspva,/novatel/oem7/inspva,/novatel/oem7/inspva,39.663,-75.756,-1.801187584,0.001662113,-0.000143422,0.001634461,-0.000301925,-0.000143422,,novatel_oem7_msgs.msg.InertialSolutionStatus(status=3),
1786043755248386467,1786043755.246524298,/novatel/oem7/fix,/novatel/oem7/fix,/novatel/oem7/inspva,39.663,-75.756,-1.801187584,0.001662113,-0.000143422,0.001634461,-0.000301925,-0.000143422,,0,
1786043755249523124,1786043755.246907105,/novatel/oem7/odom,/novatel/oem7/fix,/novatel/oem7/odom,39.663,-75.756,-1.801187584,0.001662412,-0.000139914,-0.000220123,0.001647774,-0.000139914,,,
1786043755257090244,1786043755.256358020,/novatel/oem7/odom,/novatel/oem7/fix,/novatel/oem7/odom,39.663,-75.756,-1.801187584,0.001662412,-0.000139914,-0.000220123,0.001647774,-0.000139914,,,
1786043755266567435,1786043755.265954833,/novatel/oem7/inspva,/novatel/oem7/inspva,/novatel/oem7/inspva,39.663,-75.756,-1.801176060,0.001820514,0.000007817,0.001791014,0.000326405,0.000007817,,novatel_oem7_msgs.msg.InertialSolutionStatus(status=3),
1786043755267992339,1786043755.266129824,/novatel/oem7/fix,/novatel/oem7/fix,/novatel/oem7/inspva,39.663,-75.756,-1.801176060,0.001820514,0.000007817,0.001791014,0.000326405,0.000007817,,0,
1786043755269114164,1786043755.266436241,/novatel/oem7/odom,/novatel/oem7/fix,/novatel/oem7/odom,39.663,-75.756,-1.801176060,0.001820477,0.000013928,0.000414638,0.001772629,0.000013928,,,
1786043755275238519,1786043755.274533168,/novatel/oem7/odom,/novatel/oem7/fix,/novatel/oem7/odom,39.663,-75.756,-1.801176060,0.001820477,0.000013928,0.000414638,0.001772629,0.000013928,,,
1786043755285774121,1786043755.285199048,/novatel/oem7/inspva,/novatel/oem7/inspva,/novatel/oem7/inspva,39.663,-75.756,-1.801165683,0.001678675,0.000365846,0.001677404,0.000065308,0.000365846,,novatel_oem7_msgs.msg.InertialSolutionStatus(status=3),
1786043755287608476,1786043755.285358603,/novatel/oem7/fix,/novatel/oem7/fix,/novatel/oem7/inspva,39.663,-75.756,-1.801165683,0.001678675,0.000365846,0.001677404,0.000065308,0.000365846,,0,
1786043755288745531,1786043755.285721847,/novatel/oem7/odom,/novatel/oem7/fix,/novatel/oem7/odom,39.663,-75.756,-1.801165683,0.001677599,0.000370751,0.000146951,0.001671150,0.000370751,,,
1786043755296121138,1786043755.295385837,/novatel/oem7/odom,/novatel/oem7/fix,/novatel/oem7/odom,39.663,-75.756,-1.801165683,0.001677599,0.000370751,0.000146951,0.001671150,0.000370751,,,
1786043755306724511,1786043755.306118975,/novatel/oem7/inspva,/novatel/oem7/inspva,/novatel/oem7/inspva,39.663,-75.756,-1.801161836,0.001500901,0.000098287,0.001496540,0.000114321,0.000098287,,novatel_oem7_msgs.msg.InertialSolutionStatus(status=3),
1786043755308160331,1786043755.306308023,/novatel/oem7/fix,/novatel/oem7/fix,/novatel/oem7/inspva,39.663,-75.756,-1.801161836,0.001500901,0.000098287,0.001496540,0.000114321,0.000098287,,0,
1786043755309267646,1786043755.306760321,/novatel/oem7/odom,/novatel/oem7/fix,/novatel/oem7/odom,39.663,-75.756,-1.801161836,0.001500595,0.000102843,0.000187924,0.001488782,0.000102843,,,
1786043755310893849,1786043755.309413708,/novatel/oem7/bestpos,/novatel/oem7/bestpos,/novatel/oem7/odom,39.663,-75.756,33.181312855,0.001500595,0.000102843,0.000187924,0.001488782,0.000102843,,novatel_oem7_msgs.msg.SolutionStatus(status=0),novatel_oem7_msgs.msg.PositionOrVelocityType(type=53)
1786043755311894433,1786043755.310000967,/novatel/oem7/bestvel,/novatel/oem7/bestpos,/novatel/oem7/bestvel,39.663,-75.756,33.181312855,0.001455668,0.000261546,,,,354.145789426,novatel_oem7_msgs.msg.SolutionStatus(status=0),novatel_oem7_msgs.msg.PositionOrVelocityType(type=53)
1786043755315203569,1786043755.314496889,/novatel/oem7/odom,/novatel/oem7/bestpos,/novatel/oem7/odom,39.663,-75.756,33.181312855,0.001500595,0.000102843,0.000187924,0.001488782,0.000102843,,,
1786043755325958917,1786043755.325346617,/novatel/oem7/inspva,/novatel/oem7/inspva,/novatel/oem7/inspva,39.663,-75.756,-1.801166516,0.001041495,-0.000660201,0.001041305,0.000019855,-0.000660201,,novatel_oem7_msgs.msg.InertialSolutionStatus(status=3),
1786043755327478499,1786043755.325544136,/novatel/oem7/fix,/novatel/oem7/fix,/novatel/oem7/inspva,39.663,-75.756,-1.801166516,0.001041495,-0.000660201,0.001041305,0.000019855,-0.000660201,,0,
1786043755328657424,1786043755.326160812,/novatel/oem7/odom,/novatel/oem7/fix,/novatel/oem7/odom,39.663,-75.756,-1.801166516,0.001043365,-0.000657240,0.000073784,0.001040753,-0.000657240,,,
1786043755336333360,1786043755.335598686,/novatel/oem7/odom,/novatel/oem7/fix,/novatel/oem7/odom,39.663,-75.756,-1.801166516,0.001043365,-0.000657240,0.000073784,0.001040753,-0.000657240,,,
1786043755345533246,1786043755.344965977,/novatel/oem7/inspva,/novatel/oem7/inspva,/novatel/oem7/inspva,39.663,-75.756,-1.801168360,0.001198202,-0.000416450,0.001198183,-0.000006633,-0.000416450,,novatel_oem7_msgs.msg.InertialSolutionStatus(status=3),
1786043755346966254,1786043755.345150549,/novatel/oem7/fix,/novatel/oem7/fix,/novatel/oem7/inspva,39.663,-75.756,-1.801168360,0.001198202,-0.000416450,0.001198183,-0.000006633,-0.000416450,,0,
1786043755348078638,1786043755.345506361,/novatel/oem7/odom,/novatel/oem7/fix,/novatel/oem7/odom,39.663,-75.756,-1.801168360,0.001199348,-0.000413137,0.000054219,0.001198122,-0.000413137,,,
1786043755356327181,1786043755.355655857,/novatel/oem7/odom,/novatel/oem7/fix,/novatel/oem7/odom,39.663,-75.756,-1.801168360,0.001199348,-0.000413137,0.000054219,0.001198122,-0.000413137,,,
1786043755367809956,1786043755.367169692,/novatel/oem7/inspva,/novatel/oem7/inspva,/novatel/oem7/inspva,39.663,-75.756,-1.801184838,0.001136432,-0.001242045,0.001132369,0.000096017,-0.001242045,,novatel_oem7_msgs.msg.InertialSolutionStatus(status=3),
1786043755369237217,1786043755.367374128,/novatel/oem7/fix,/novatel/oem7/fix,/novatel/oem7/inspva,39.663,-75.756,-1.801184838,0.001136432,-0.001242045,0.001132369,0.000096017,-0.001242045,,0,
1786043755370373741,1786043755.367621261,/novatel/oem7/odom,/novatel/oem7/fix,/novatel/oem7/odom,39.663,-75.756,-1.801184838,0.001140247,-0.001238543,0.000156482,0.001129459,-0.001238543,,,
1786043755375659037,1786043755.374740942,/novatel/oem7/odom,/novatel/oem7/fix,/novatel/oem7/odom,39.663,-75.756,-1.801184838,0.001140247,-0.001238543,0.000156482,0.001129459,-0.001238543,,,
1786043755385877980,1786043755.385300664,/novatel/oem7/inspva,/novatel/oem7/inspva,/novatel/oem7/inspva,39.663,-75.756,-1.801194337,0.001297911,-0.001015027,0.001297822,0.000015206,-0.001015027,,novatel_oem7_msgs.msg.InertialSolutionStatus(status=3),
1786043755387332641,1786043755.385502316,/novatel/oem7/fix,/novatel/oem7/fix,/novatel/oem7/inspva,39.663,-75.756,-1.801194337,0.001297911,-0.001015027,0.001297822,0.000015206,-0.001015027,,0,
1786043755388556487,1786043755.385912634,/novatel/oem7/odom,/novatel/oem7/fix,/novatel/oem7/odom,39.663,-75.756,-1.801194337,0.001300773,-0.001011357,0.000083145,0.001298113,-0.001011357,,,
1786043755395358588,1786043755.394664265,/novatel/oem7/odom,/novatel/oem7/fix,/novatel/oem7/odom,39.663,-75.756,-1.801194337,0.001300773,-0.001011357,0.000083145,0.001298113,-0.001011357,,,
1786043755406975301,1786043755.406398592,/novatel/oem7/inspva,/novatel/oem7/inspva,/novatel/oem7/inspva,39.663,-75.756,-1.801206139,0.001357783,-0.000791207,0.001352250,-0.000122456,-0.000791207,,novatel_oem7_msgs.msg.InertialSolutionStatus(status=3),
1786043755408732929,1786043755.406602981,/novatel/oem7/fix,/novatel/oem7/fix,/novatel/oem7/inspva,39.663,-75.756,-1.801206139,0.001357783,-0.000791207,0.001352250,-0.000122456,-0.000791207,,0,
1786043755409961635,1786043755.407038912,/novatel/oem7/odom,/novatel/oem7/fix,/novatel/oem7/odom,39.663,-75.756,-1.801206139,0.001359723,-0.000787869,-0.000052455,0.001358710,-0.000787869,,,
1786043755411647542,1786043755.410216483,/novatel/oem7/bestpos,/novatel/oem7/bestpos,/novatel/oem7/odom,39.663,-75.756,33.181260110,0.001359723,-0.000787869,-0.000052455,0.001358710,-0.000787869,,novatel_oem7_msgs.msg.SolutionStatus(status=0),novatel_oem7_msgs.msg.PositionOrVelocityType(type=53)
1786043755412647692,1786043755.410552627,/novatel/oem7/bestvel,/novatel/oem7/bestpos,/novatel/oem7/bestvel,39.663,-75.756,33.181260110,0.001356676,-0.000875168,,,,1.537468139,novatel_oem7_msgs.msg.SolutionStatus(status=0),novatel_oem7_msgs.msg.PositionOrVelocityType(type=53)
1786043755415599951,1786043755.414862734,/novatel/oem7/odom,/novatel/oem7/bestpos,/novatel/oem7/odom,39.663,-75.756,33.181260110,0.001359723,-0.000787869,-0.000052455,0.001358710,-0.000787869,,,
1786043755426576244,1786043755.425995645,/novatel/oem7/inspva,/novatel/oem7/inspva,/novatel/oem7/inspva,39.663,-75.756,-1.801213369,0.001393214,-0.000598084,0.001355110,-0.000323608,-0.000598084,,novatel_oem7_msgs.msg.InertialSolutionStatus(status=3),
1786043755428062959,1786043755.426145840,/novatel/oem7/fix,/novatel/oem7/fix,/novatel/oem7/inspva,39.663,-75.756,-1.801213369,0.001393214,-0.000598084,0.001355110,-0.000323608,-0.000598084,,0,
1786043755429173937,1786043755.426568634,/novatel/oem7/odom,/novatel/oem7/fix,/novatel/oem7/odom,39.663,-75.756,-1.801213369,0.001394342,-0.000595449,-0.000253926,0.001371026,-0.000595449,,,
1786043755435018522,1786043755.434307908,/novatel/oem7/odom,/novatel/oem7/fix,/novatel/oem7/odom,39.663,-75.756,-1.801213369,0.001394342,-0.000595449,-0.000253926,0.001371026,-0.000595449,,,
1786043755445709749,1786043755.445118510,/novatel/oem7/inspva,/novatel/oem7/inspva,/novatel/oem7/inspva,39.663,-75.756,-1.801221804,0.001264814,-0.000598053,0.001264796,-0.000006671,-0.000598053,,novatel_oem7_msgs.msg.InertialSolutionStatus(status=3),
1786043755447154367,1786043755.445270634,/novatel/oem7/fix,/novatel/oem7/fix,/novatel/oem7/inspva,39.663,-75.756,-1.801221804,0.001264814,-0.000598053,0.001264796,-0.000006671,-0.000598053,,0,
1786043755448310785,1786043755.445713553,/novatel/oem7/odom,/novatel/oem7/fix,/novatel/oem7/odom,39.663,-75.756,-1.801221804,0.001266462,-0.000594556,0.000058149,0.001265126,-0.000594556,,,
1786043755457035119,1786043755.456299519,/novatel/oem7/odom,/novatel/oem7/fix,/novatel/oem7/odom,39.663,-75.756,-1.801221804,0.001266462,-0.000594556,0.000058149,0.001265126,-0.000594556,,,
1786043755465475034,1786043755.464886855,/novatel/oem7/inspva,/novatel/oem7/inspva,/novatel/oem7/inspva,39.663,-75.756,-1.801224551,0.001209840,-0.000518447,0.001098175,0.000507666,-0.000518447,,novatel_oem7_msgs.msg.InertialSolutionStatus(status=3),
1786043755466954069,1786043755.465027772,/novatel/oem7/fix,/novatel/oem7/fix,/novatel/oem7/inspva,39.663,-75.756,-1.801224551,0.001209840,-0.000518447,0.001098175,0.000507666,-0.000518447,,0,
1786043755468076717,1786043755.465466654,/novatel/oem7/odom,/novatel/oem7/fix,/novatel/oem7/odom,39.663,-75.756,-1.801224551,0.001211902,-0.000513609,0.000563311,0.001073027,-0.000513609,,,
1786043755475024719,1786043755.474340206,/novatel/oem7/odom,/novatel/oem7/fix,/novatel/oem7/odom,39.663,-75.756,-1.801224551,0.001211902,-0.000513609,0.000563311,0.001073027,-0.000513609,,,
1786043755486126661,1786043755.485531751,/novatel/oem7/inspva,/novatel/oem7/inspva,/novatel/oem7/inspva,39.663,-75.756,-1.801227938,0.001204925,-0.000531840,0.001191829,0.000177172,-0.000531840,,novatel_oem7_msgs.msg.InertialSolutionStatus(status=3),
1786043755487605848,1786043755.485684376,/novatel/oem7/fix,/novatel/oem7/fix,/novatel/oem7/inspva,39.663,-75.756,-1.801227938,0.001204925,-0.000531840,0.001191829,0.000177172,-0.000531840,,0,
1786043755488769804,1786043755.486492367,/novatel/oem7/odom,/novatel/oem7/fix,/novatel/oem7/odom,39.663,-75.756,-1.801227938,0.001206658,-0.000527897,0.000237894,0.001182975,-0.000527897,,,
1786043755495243385,1786043755.494545545,/novatel/oem7/odom,/novatel/oem7/fix,/novatel/oem7/odom,39.663,-75.756,-1.801227938,0.001206658,-0.000527897,0.000237894,0.001182975,-0.000527897,,,
1786043755506695230,1786043755.505944856,/novatel/oem7/inspva,/novatel/oem7/inspva,/novatel/oem7/inspva,39.663,-75.756,-1.801230554,0.000898173,-0.000481860,0.000804125,0.000400121,-0.000481860,,novatel_oem7_msgs.msg.InertialSolutionStatus(status=3),
1786043755508332550,1786043755.506109118,/novatel/oem7/fix,/novatel/oem7/fix,/novatel/oem7/inspva,39.663,-75.756,-1.801230554,0.000898173,-0.000481860,0.000804125,0.000400121,-0.000481860,,0,
1786043755509474161,1786043755.507464870,/novatel/oem7/odom,/novatel/oem7/fix,/novatel/oem7/odom,39.663,-75.756,-1.801230554,0.000900120,-0.000478213,0.000441200,0.000784575,-0.000478213,,,
1786043755512244155,1786043755.511616693,/novatel/oem7/bestpos,/novatel/oem7/bestpos,/novatel/oem7/odom,39.663,-75.756,33.181233037,0.000900120,-0.000478213,0.000441200,0.000784575,-0.000478213,,novatel_oem7_msgs.msg.SolutionStatus(status=0),novatel_oem7_msgs.msg.PositionOrVelocityType(type=53)
1786043755513805211,1786043755.512628819,/novatel/oem7/bestvel,/novatel/oem7/bestpos,/novatel/oem7/bestvel,39.663,-75.756,33.181233037,0.001202682,-0.000334547,,,,345.795411433,novatel_oem7_msgs.msg.SolutionStatus(status=0),novatel_oem7_msgs.msg.PositionOrVelocityType(type=53)
1786043755515978626,1786043755.514911867,/novatel/oem7/odom,/novatel/oem7/bestpos,/novatel/oem7/odom,39.663,-75.756,33.181233037,0.000900120,-0.000478213,0.000441200,0.000784575,-0.000478213,,,
1786043755525674347,1786043755.525068870,/novatel/oem7/inspva,/novatel/oem7/inspva,/novatel/oem7/inspva,39.663,-75.756,-1.801239854,0.001254996,-0.000709983,0.001223234,0.000280561,-0.000709983,,novatel_oem7_msgs.msg.InertialSolutionStatus(status=3),
1786043755527115631,1786043755.525227715,/novatel/oem7/fix,/novatel/oem7/fix,/novatel/oem7/inspva,39.663,-75.756,-1.801239854,0.001254996,-0.000709983,0.001223234,0.000280561,-0.000709983,,0,
1786043755528293603,1786043755.525809468,/novatel/oem7/odom,/novatel/oem7/fix,/novatel/oem7/odom,39.663,-75.756,-1.801239854,0.001257473,-0.000705587,0.000343371,0.001209684,-0.000705587,,,
1786043755535510772,1786043755.534835629,/novatel/oem7/odom,/novatel/oem7/fix,/novatel/oem7/odom,39.663,-75.756,-1.801239854,0.001257473,-0.000705587,0.000343371,0.001209684,-0.000705587,,,
1786043755546584443,1786043755.545983637,/novatel/oem7/inspva,/novatel/oem7/inspva,/novatel/oem7/inspva,39.663,-75.756,-1.801250913,0.001082025,-0.000995411,0.000925364,0.000560786,-0.000995411,,novatel_oem7_msgs.msg.InertialSolutionStatus(status=3),
1786043755548072201,1786043755.546132221,/novatel/oem7/fix,/novatel/oem7/fix,/novatel/oem7/inspva,39.663,-75.756,-1.801250913,0.001082025,-0.000995411,0.000925364,0.000560786,-0.000995411,,0,
1786043755549206405,1786043755.546590879,/novatel/oem7/odom,/novatel/oem7/fix,/novatel/oem7/odom,39.663,-75.756,-1.801250913,0.001086205,-0.000990849,0.000609534,0.000899060,-0.000990849,,,
1786043755556435801,1786043755.555702377,/novatel/oem7/odom,/novatel/oem7/fix,/novatel/oem7/odom,39.663,-75.756,-1.801250913,0.001086205,-0.000990849,0.000609534,0.000899060,-0.000990849,,,
1786043755565752538,1786043755.565152735,/novatel/oem7/inspva,/novatel/oem7/inspva,/novatel/oem7/inspva,39.663,-75.756,-1.801264916,0.001224013,-0.000938941,0.001042927,0.000640711,-0.000938941,,novatel_oem7_msgs.msg.InertialSolutionStatus(status=3),
1786043755567110335,1786043755.565292460,/novatel/oem7/fix,/novatel/oem7/fix,/novatel/oem7/inspva,39.663,-75.756,-1.801264916,0.001224013,-0.000938941,0.001042927,0.000640711,-0.000938941,,0,
1786043755568213986,1786043755.565619590,/novatel/oem7/odom,/novatel/oem7/fix,/novatel/oem7/odom,39.663,-75.756,-1.801264916,0.001227948,-0.000933789,0.000694963,0.001012366,-0.000933789,,,
1786043755576267613,1786043755.575591812,/novatel/oem7/odom,/novatel/oem7/fix,/novatel/oem7/odom,39.663,-75.756,-1.801264916,0.001227948,-0.000933789,0.000694963,0.001012366,-0.000933789,,,
1786043755585631910,1786043755.585034761,/novatel/oem7/inspva,/novatel/oem7/inspva,/novatel/oem7/inspva,39.663,-75.756,-1.801280008,0.001345938,-0.001089636,0.000793413,0.001087219,-0.001089636,,novatel_oem7_msgs.msg.InertialSolutionStatus(status=3),
1786043755587092602,1786043755.585177616,/novatel/oem7/fix,/novatel/oem7/fix,/novatel/oem7/inspva,39.663,-75.756,-1.801280008,0.001345938,-0.001089636,0.000793413,0.001087219,-0.001089636,,0,
1786043755588238340,1786043755.585599854,/novatel/oem7/odom,/novatel/oem7/fix,/novatel/oem7/odom,39.663,-75.756,-1.801280008,0.001350796,-0.001083607,0.001129116,0.000741450,-0.001083607,,,
1786043755595109799,1786043755.594474399,/novatel/oem7/odom,/novatel/oem7/fix,/novatel/oem7/odom,39.663,-75.756,-1.801280008,0.001350796,-0.001083607,0.001129116,0.000741450,-0.001083607,,,
1786043755607141806,1786043755.606549293,/novatel/oem7/inspva,/novatel/oem7/inspva,/novatel/oem7/inspva,39.663,-75.756,-1.801295216,0.001301966,-0.000906905,0.001027217,0.000799963,-0.000906905,,novatel_oem7_msgs.msg.InertialSolutionStatus(status=3),
1786043755608622774,1786043755.606699191,/novatel/oem7/fix,/novatel/oem7/fix,/novatel/oem7/inspva,39.663,-75.756,-1.801295216,0.001301966,-0.000906905,0.001027217,0.000799963,-0.000906905,,0,
1786043755609777132,1786043755.607180400,/novatel/oem7/odom,/novatel/oem7/fix,/novatel/oem7/odom,39.663,-75.756,-1.801295216,0.001305896,-0.000901237,0.000853118,0.000988713,-0.000901237,,,
1786043755611382732,1786043755.610416478,/novatel/oem7/bestpos,/novatel/oem7/bestpos,/novatel/oem7/odom,39.663,-75.756,33.181167955,0.001305896,-0.000901237,0.000853118,0.000988713,-0.000901237,,novatel_oem7_msgs.msg.SolutionStatus(status=0),novatel_oem7_msgs.msg.PositionOrVelocityType(type=53)
1786043755612932624,1786043755.610895003,/novatel/oem7/bestvel,/novatel/oem7/bestpos,/novatel/oem7/bestvel,39.663,-75.756,33.181167955,0.001189575,-0.000807858,,,,51.457050141,novatel_oem7_msgs.msg.SolutionStatus(status=0),novatel_oem7_msgs.msg.PositionOrVelocityType(type=53)
1786043755615329771,1786043755.614618552,/novatel/oem7/odom,/novatel/oem7/bestpos,/novatel/oem7/odom,39.663,-75.756,33.181167955,0.001305896,-0.000901237,0.000853118,0.000988713,-0.000901237,,,
1786043755625718828,1786043755.625107535,/novatel/oem7/inspva,/novatel/oem7/inspva,/novatel/oem7/inspva,39.663,-75.756,-1.801310400,0.001264122,-0.000928475,0.000764716,0.001006586,-0.000928475,,novatel_oem7_msgs.msg.InertialSolutionStatus(status=3),
1786043755627098112,1786043755.625247461,/novatel/oem7/fix,/novatel/oem7/fix,/novatel/oem7/inspva,39.663,-75.756,-1.801310400,0.001264122,-0.000928475,0.000764716,0.001006586,-0.000928475,,0,
1786043755628169000,1786043755.625594150,/novatel/oem7/odom,/novatel/oem7/fix,/novatel/oem7/odom,39.663,-75.756,-1.801310400,0.001268263,-0.000922812,0.001046576,0.000716358,-0.000922812,,,
1786043755637200673,1786043755.635062953,/novatel/oem7/odom,/novatel/oem7/fix,/novatel/oem7/odom,39.663,-75.756,-1.801310400,0.001268263,-0.000922812,0.001046576,0.000716358,-0.000922812,,,
1786043755645933031,1786043755.645371638,/novatel/oem7/inspva,/novatel/oem7/inspva,/novatel/oem7/inspva,39.663,-75.756,-1.801320426,0.001766150,-0.000493150,0.001416727,0.001054594,-0.000493150,,novatel_oem7_msgs.msg.InertialSolutionStatus(status=3),
1786043755647363428,1786043755.645564800,/novatel/oem7/fix,/novatel/oem7/fix,/novatel/oem7/inspva,39.663,-75.756,-1.801320426,0.001766150,-0.000493150,0.001416727,0.001054594,-0.000493150,,0,
1786043755648532057,1786043755.646221404,/novatel/oem7/odom,/novatel/oem7/fix,/novatel/oem7/odom,39.663,-75.756,-1.801320426,0.001768272,-0.000485486,0.001125223,0.001364060,-0.000485486,,,
1786043755657054442,1786043755.656378437,/novatel/oem7/odom,/novatel/oem7/fix,/novatel/oem7/odom,39.663,-75.756,-1.801320426,0.001768272,-0.000485486,0.001125223,0.001364060,-0.000485486,,,
1786043755666885994,1786043755.666033212,/novatel/oem7/inspva,/novatel/oem7/inspva,/novatel/oem7/inspva,39.663,-75.756,-1.801332511,0.001535057,-0.000575131,0.001116232,0.001053768,-0.000575131,,novatel_oem7_msgs.msg.InertialSolutionStatus(status=3),
1786043755668405896,1786043755.666269678,/novatel/oem7/fix,/novatel/oem7/fix,/novatel/oem7/inspva,39.663,-75.756,-1.801332511,0.001535057,-0.000575131,0.001116232,0.001053768,-0.000575131,,0,
1786043755669532224,1786043755.666805223,/novatel/oem7/odom,/novatel/oem7/fix,/novatel/oem7/odom,39.663,-75.756,-1.801332511,0.001537597,-0.000568306,0.001109823,0.001064188,-0.000568306,,,
1786043755675262648,1786043755.674589166,/novatel/oem7/odom,/novatel/oem7/fix,/novatel/oem7/odom,39.663,-75.756,-1.801332511,0.001537597,-0.000568306,0.001109823,0.001064188,-0.000568306,,,
1786043755685788960,1786043755.685206621,/novatel/oem7/inspva,/novatel/oem7/inspva,/novatel/oem7/inspva,39.663,-75.756,-1.801344805,0.002067637,-0.000793301,0.001295611,0.001611371,-0.000793301,,novatel_oem7_msgs.msg.InertialSolutionStatus(status=3),
1786043755687183917,1786043755.685386706,/novatel/oem7/fix,/novatel/oem7/fix,/novatel/oem7/inspva,39.663,-75.756,-1.801344805,0.002067637,-0.000793301,0.001295611,0.001611371,-0.000793301,,0,
1786043755688329558,1786043755.686002142,/novatel/oem7/odom,/novatel/oem7/fix,/novatel/oem7/odom,39.663,-75.756,-1.801344805,0.002071163,-0.000784049,0.001676402,0.001216304,-0.000784049,,,
1786043755696162387,1786043755.695451517,/novatel/oem7/odom,/novatel/oem7/fix,/novatel/oem7/odom,39.663,-75.756,-1.801344805,0.002071163,-0.000784049,0.001676402,0.001216304,-0.000784049,,,
1786043755706534148,1786043755.705640242,/novatel/oem7/inspva,/novatel/oem7/inspva,/novatel/oem7/inspva,39.663,-75.756,-1.801352749,0.001933603,-0.000707892,0.001087040,0.001599114,-0.000707892,,novatel_oem7_msgs.msg.InertialSolutionStatus(status=3),
1786043755708803474,1786043755.705920055,/novatel/oem7/fix,/novatel/oem7/fix,/novatel/oem7/inspva,39.663,-75.756,-1.801352749,0.001933603,-0.000707892,0.001087040,0.001599114,-0.000707892,,0,
1786043755710394336,1786043755.706509901,/novatel/oem7/odom,/novatel/oem7/fix,/novatel/oem7/odom,39.663,-75.756,-1.801352749,0.001936746,-0.000699249,0.001653531,0.001008375,-0.000699249,,,
1786043755712729980,1786043755.709220802,/novatel/oem7/bestpos,/novatel/oem7/bestpos,/novatel/oem7/odom,39.663,-75.756,33.181102447,0.001936746,-0.000699249,0.001653531,0.001008375,-0.000699249,,novatel_oem7_msgs.msg.SolutionStatus(status=0),novatel_oem7_msgs.msg.PositionOrVelocityType(type=53)
1786043755714167017,1786043755.709732137,/novatel/oem7/bestvel,/novatel/oem7/bestpos,/novatel/oem7/bestvel,39.663,-75.756,33.181102447,0.002150490,-0.000814311,,,,62.260207454,novatel_oem7_msgs.msg.SolutionStatus(status=0),novatel_oem7_msgs.msg.PositionOrVelocityType(type=53)
1786043755716487154,1786043755.714566005,/novatel/oem7/odom,/novatel/oem7/bestpos,/novatel/oem7/odom,39.663,-75.756,33.181102447,0.001936746,-0.000699249,0.001653531,0.001008375,-0.000699249,,,
1786043755727664356,1786043755.726547285,/novatel/oem7/inspva,/novatel/oem7/inspva,/novatel/oem7/inspva,39.663,-75.756,-1.801363670,0.001736734,-0.000443225,0.001013080,0.001410643,-0.000443225,,novatel_oem7_msgs.msg.InertialSolutionStatus(status=3),
1786043755729413467,1786043755.726774754,/novatel/oem7/fix,/novatel/oem7/fix,/novatel/oem7/inspva,39.663,-75.756,-1.801363670,0.001736734,-0.000443225,0.001013080,0.001410643,-0.000443225,,0,
1786043755731021240,1786043755.727193796,/novatel/oem7/odom,/novatel/oem7/fix,/novatel/oem7/odom,39.663,-75.756,-1.801363670,0.001738703,-0.000435436,0.001460676,0.000943141,-0.000435436,,,
1786043755735319383,1786043755.734581516,/novatel/oem7/odom,/novatel/oem7/fix,/novatel/oem7/odom,39.663,-75.756,-1.801363670,0.001738703,-0.000435436,0.001460676,0.000943141,-0.000435436,,,
1786043755745575806,1786043755.744996906,/novatel/oem7/inspva,/novatel/oem7/inspva,/novatel/oem7/inspva,39.663,-75.756,-1.801379532,0.001960280,-0.001135810,0.000965081,0.001706258,-0.001135810,,novatel_oem7_msgs.msg.InertialSolutionStatus(status=3),
1786043755746994043,1786043755.745179222,/novatel/oem7/fix,/novatel/oem7/fix,/novatel/oem7/inspva,39.663,-75.756,-1.801379532,0.001960280,-0.001135810,0.000965081,0.001706258,-0.001135810,,0,
1786043755748246832,1786043755.745602121,/novatel/oem7/odom,/novatel/oem7/fix,/novatel/oem7/odom,39.663,-75.756,-1.801379532,0.001965297,-0.001127107,0.001756076,0.000882377,-0.001127107,,,
1786043755756374860,1786043755.755714680,/novatel/oem7/odom,/novatel/oem7/fix,/novatel/oem7/odom,39.663,-75.756,-1.801379532,0.001965297,-0.001127107,0.001756076,0.000882377,-0.001127107,,,
1786043755765869235,1786043755.765278633,/novatel/oem7/inspva,/novatel/oem7/inspva,/novatel/oem7/inspva,39.663,-75.756,-1.801389072,0.002109936,-0.000638675,0.001425722,0.001555361,-0.000638675,,novatel_oem7_msgs.msg.InertialSolutionStatus(status=3),
1786043755767356284,1786043755.765466735,/novatel/oem7/fix,/novatel/oem7/fix,/novatel/oem7/inspva,39.663,-75.756,-1.801389072,0.002109936,-0.000638675,0.001425722,0.001555361,-0.000638675,,0,
1786043755768560879,1786043755.766026679,/novatel/oem7/odom,/novatel/oem7/fix,/novatel/oem7/odom,39.663,-75.756,-1.801389072,0.002112774,-0.000629224,0.001626361,0.001348615,-0.000629224,,,
1786043755775801601,1786043755.775080887,/novatel/oem7/odom,/novatel/oem7/fix,/novatel/oem7/odom,39.663,-75.756,-1.801389072,0.002112774,-0.000629224,0.001626361,0.001348615,-0.000629224,,,
1786043755785965366,1786043755.785415304,/novatel/oem7/inspva,/novatel/oem7/inspva,/novatel/oem7/inspva,39.663,-75.756,-1.801405334,0.002124161,-0.000892441,0.001261064,0.001709321,-0.000892441,,novatel_oem7_msgs.msg.InertialSolutionStatus(status=3),
1786043755787396734,1786043755.785599436,/novatel/oem7/fix,/novatel/oem7/fix,/novatel/oem7/inspva,39.663,-75.756,-1.801405334,0.002124161,-0.000892441,0.001261064,0.001709321,-0.000892441,,0,
1786043755788552382,1786043755.786059151,/novatel/oem7/odom,/novatel/oem7/fix,/novatel/oem7/odom,39.663,-75.756,-1.801405334,0.002128144,-0.000882902,0.001772905,0.001177202,-0.000882902,,,
1786043755795442271,1786043755.794526719,/novatel/oem7/odom,/novatel/oem7/fix,/novatel/oem7/odom,39.663,-75.756,-1.801405334,0.002128144,-0.000882902,0.001772905,0.001177202,-0.000882902,,,
1786043755807026794,1786043755.806485159,/novatel/oem7/inspva,/novatel/oem7/inspva,/novatel/oem7/inspva,39.663,-75.756,-1.801419295,0.002074855,-0.000701381,0.001081420,0.001770750,-0.000701381,,novatel_oem7_msgs.msg.InertialSolutionStatus(status=3),
1786043755808492776,1786043755.806681584,/novatel/oem7/fix,/novatel/oem7/fix,/novatel/oem7/inspva,39.663,-75.756,-1.801419295,0.002074855,-0.000701381,0.001081420,0.001770750,-0.000701381,,0,
1786043755809627430,1786043755.807086218,/novatel/oem7/odom,/novatel/oem7/fix,/novatel/oem7/odom,39.663,-75.756,-1.801419295,0.002077962,-0.000692122,0.001824695,0.000994192,-0.000692122,,,
1786043755811233959,1786043755.810276517,/novatel/oem7/bestpos,/novatel/oem7/bestpos,/novatel/oem7/odom,39.663,-75.756,33.181026529,0.002077962,-0.000692122,0.001824695,0.000994192,-0.000692122,,novatel_oem7_msgs.msg.SolutionStatus(status=0),novatel_oem7_msgs.msg.PositionOrVelocityType(type=53)
1786043755812837565,1786043755.810759955,/novatel/oem7/bestvel,/novatel/oem7/bestpos,/novatel/oem7/bestvel,39.663,-75.756,33.181026529,0.002173550,-0.000837638,,,,48.131504606,novatel_oem7_msgs.msg.SolutionStatus(status=0),novatel_oem7_msgs.msg.PositionOrVelocityType(type=53)
1786043755816183676,1786043755.815520655,/novatel/oem7/odom,/novatel/oem7/bestpos,/novatel/oem7/odom,39.663,-75.756,33.181026529,0.002077962,-0.000692122,0.001824695,0.000994192,-0.000692122,,,
1786043755825795832,1786043755.825258804,/novatel/oem7/inspva,/novatel/oem7/inspva,/novatel/oem7/inspva,39.663,-75.756,-1.801436014,0.002161528,-0.000888601,0.001293059,0.001732109,-0.000888601,,novatel_oem7_msgs.msg.InertialSolutionStatus(status=3),
1786043755827192366,1786043755.825453052,/novatel/oem7/fix,/novatel/oem7/fix,/novatel/oem7/inspva,39.663,-75.756,-1.801436014,0.002161528,-0.000888601,0.001293059,0.001732109,-0.000888601,,0,
1786043755828334211,1786043755.825830322,/novatel/oem7/odom,/novatel/oem7/fix,/novatel/oem7/odom,39.663,-75.756,-1.801436014,0.002165498,-0.000878881,0.001797283,0.001207956,-0.000878881,,,
1786043755835318441,1786043755.834591086,/novatel/oem7/odom,/novatel/oem7/fix,/novatel/oem7/odom,39.663,-75.756,-1.801436014,0.002165498,-0.000878881,0.001797283,0.001207956,-0.000878881,,,
1786043755847131183,1786043755.846600057,/novatel/oem7/inspva,/novatel/oem7/inspva,/novatel/oem7/inspva,39.663,-75.756,-1.801453239,0.002161179,-0.000973828,0.001284230,0.001738232,-0.000973828,,novatel_oem7_msgs.msg.InertialSolutionStatus(status=3),
1786043755848665771,1786043755.846780849,/novatel/oem7/fix,/novatel/oem7/fix,/novatel/oem7/inspva,39.663,-75.756,-1.801453239,0.002161179,-0.000973828,0.001284230,0.001738232,-0.000973828,,0,
1786043755849845390,1786043755.847233387,/novatel/oem7/odom,/novatel/oem7/fix,/novatel/oem7/odom,39.663,-75.756,-1.801453239,0.002165541,-0.000964091,0.001803276,0.001199067,-0.000964091,,,
1786043755857048628,1786043755.856369898,/novatel/oem7/odom,/novatel/oem7/fix,/novatel/oem7/odom,39.663,-75.756,-1.801453239,0.002165541,-0.000964091,0.001803276,0.001199067,-0.000964091,,,
1786043755865536367,1786043755.864909018,/novatel/oem7/inspva,/novatel/oem7/inspva,/novatel/oem7/inspva,39.663,-75.756,-1.801467737,0.002456009,-0.000958739,0.001436822,0.001991865,-0.000958739,,novatel_oem7_msgs.msg.InertialSolutionStatus(status=3),
1786043755867015728,1786043755.864987811,/novatel/oem7/fix,/novatel/oem7/fix,/novatel/oem7/inspva,39.663,-75.756,-1.801467737,0.002456009,-0.000958739,0.001436822,0.001991865,-0.000958739,,0,
1786043755868239500,1786043755.865414084,/novatel/oem7/odom,/novatel/oem7/fix,/novatel/oem7/odom,39.663,-75.756,-1.801467737,0.002460305,-0.000947661,0.002064107,0.001338866,-0.000947661,,,
1786043755876112813,1786043755.875389959,/novatel/oem7/odom,/novatel/oem7/fix,/novatel/oem7/odom,39.663,-75.756,-1.801467737,0.002460305,-0.000947661,0.002064107,0.001338866,-0.000947661,,,
1786043755885773606,1786043755.885215044,/novatel/oem7/inspva,/novatel/oem7/inspva,/novatel/oem7/inspva,39.663,-75.756,-1.801488964,0.002237908,-0.001427630,0.001574414,0.001590426,-0.001427630,,novatel_oem7_msgs.msg.InertialSolutionStatus(status=3),
1786043755887288371,1786043755.885384119,/novatel/oem7/fix,/novatel/oem7/fix,/novatel/oem7/inspva,39.663,-75.756,-1.801488964,0.002237908,-0.001427630,0.001574414,0.001590426,-0.001427630,,0,
1786043755888405926,1786043755.886003466,/novatel/oem7/odom,/novatel/oem7/fix,/novatel/oem7/odom,39.663,-75.756,-1.801488964,0.002244279,-0.001417595,0.001671695,0.001497405,-0.001417595,,,
1786043755895513503,1786043755.894804136,/novatel/oem7/odom,/novatel/oem7/fix,/novatel/oem7/odom,39.663,-75.756,-1.801488964,0.002244279,-0.001417595,0.001671695,0.001497405,-0.001417595,,,
1786043755906602028,1786043755.905983565,/novatel/oem7/inspva,/novatel/oem7/inspva,/novatel/oem7/inspva,39.663,-75.756,-1.801505038,0.002602062,-0.001192403,0.001886764,0.001791884,-0.001192403,,novatel_oem7_msgs.msg.InertialSolutionStatus(status=3),
1786043755908011372,1786043755.906149929,/novatel/oem7/fix,/novatel/oem7/fix,/novatel/oem7/inspva,39.663,-75.756,-1.801505038,0.002602062,-0.001192403,0.001886764,0.001791884,-0.001192403,,0,
1786043755909155137,1786043755.906500795,/novatel/oem7/odom,/novatel/oem7/fix,/novatel/oem7/odom,39.663,-75.756,-1.801505038,0.002607344,-0.001180806,0.001887524,0.001798749,-0.001180806,,,
1786043755910802133,1786043755.909266762,/novatel/oem7/bestpos,/novatel/oem7/bestpos,/novatel/oem7/odom,39.663,-75.756,33.180937896,0.002607344,-0.001180806,0.001887524,0.001798749,-0.001180806,,novatel_oem7_msgs.msg.SolutionStatus(status=0),novatel_oem7_msgs.msg.PositionOrVelocityType(type=53)
1786043755911828487,1786043755.909945264,/novatel/oem7/bestvel,/novatel/oem7/bestpos,/novatel/oem7/bestvel,39.663,-75.756,33.180937896,0.002406784,-0.001030596,,,,47.893006545,novatel_oem7_msgs.msg.SolutionStatus(status=0),novatel_oem7_msgs.msg.PositionOrVelocityType(type=53)
1786043755915041463,1786043755.914322960,/novatel/oem7/odom,/novatel/oem7/bestpos,/novatel/oem7/odom,39.663,-75.756,33.180937896,0.002607344,-0.001180806,0.001887524,0.001798749,-0.001180806,,,
1786043755925689766,1786043755.925104158,/novatel/oem7/inspva,/novatel/oem7/inspva,/novatel/oem7/inspva,39.663,-75.756,-1.801524917,0.002516417,-0.001015461,0.001335096,0.002133043,-0.001015461,,novatel_oem7_msgs.msg.InertialSolutionStatus(status=3),
1786043755927141497,1786043755.925177158,/novatel/oem7/fix,/novatel/oem7/fix,/novatel/oem7/inspva,39.663,-75.756,-1.801524917,0.002516417,-0.001015461,0.001335096,0.002133043,-0.001015461,,0,
1786043755928460360,1786043755.925669929,/novatel/oem7/odom,/novatel/oem7/fix,/novatel/oem7/odom,39.663,-75.756,-1.801524917,0.002520941,-0.001004176,0.002200286,0.001230400,-0.001004176,,,
1786043755936203338,1786043755.935505021,/novatel/oem7/odom,/novatel/oem7/fix,/novatel/oem7/odom,39.663,-75.756,-1.801524917,0.002520941,-0.001004176,0.002200286,0.001230400,-0.001004176,,,
1786043755945875448,1786043755.945250915,/novatel/oem7/inspva,/novatel/oem7/inspva,/novatel/oem7/inspva,39.663,-75.756,-1.801544996,0.002633107,-0.001205628,0.001512099,0.002155646,-0.001205628,,novatel_oem7_msgs.msg.InertialSolutionStatus(status=3),
1786043755947375393,1786043755.945329852,/novatel/oem7/fix,/novatel/oem7/fix,/novatel/oem7/inspva,39.663,-75.756,-1.801544996,0.002633107,-0.001205628,0.001512099,0.002155646,-0.001205628,,0,
1786043755948605509,1786043755.945800767,/novatel/oem7/odom,/novatel/oem7/fix,/novatel/oem7/odom,39.663,-75.756,-1.801544996,0.002638507,-0.001193764,0.002232335,0.001406557,-0.001193764,,,
1786043755956383830,1786043755.955690993,/novatel/oem7/odom,/novatel/oem7/fix,/novatel/oem7/odom,39.663,-75.756,-1.801544996,0.002638507,-0.001193764,0.002232335,0.001406557,-0.001193764,,,
1786043755967130097,1786043755.966503186,/novatel/oem7/inspva,/novatel/oem7/inspva,/novatel/oem7/inspva,39.663,-75.756,-1.801565290,0.002544424,-0.001275552,0.001232474,0.002226006,-0.001275552,,novatel_oem7_msgs.msg.InertialSolutionStatus(status=3),
1786043755968701446,1786043755.966582915,/novatel/oem7/fix,/novatel/oem7/fix,/novatel/oem7/inspva,39.663,-75.756,-1.801565290,0.002544424,-0.001275552,0.001232474,0.002226006,-0.001275552,,0,
1786043755969873055,1786043755.967054734,/novatel/oem7/odom,/novatel/oem7/fix,/novatel/oem7/odom,39.663,-75.756,-1.801565290,0.002550075,-0.001264218,0.002289001,0.001123991,-0.001264218,,,
1786043755975343616,1786043755.974668501,/novatel/oem7/odom,/novatel/oem7/fix,/novatel/oem7/odom,39.663,-75.756,-1.801565290,0.002550075,-0.001264218,0.002289001,0.001123991,-0.001264218,,,
1786043755985555949,1786043755.984909949,/novatel/oem7/inspva,/novatel/oem7/inspva,/novatel/oem7/inspva,39.663,-75.756,-1.801578395,0.002416283,-0.001094259,0.001289556,0.002043396,-0.001094259,,novatel_oem7_msgs.msg.InertialSolutionStatus(status=3),
1786043755986965553,1786043755.985064807,/novatel/oem7/fix,/novatel/oem7/fix,/novatel/oem7/inspva,39.663,-75.756,-1.801578395,0.002416283,-0.001094259,0.001289556,0.002043396,-0.001094259,,0,
1786043755988106597,1786043755.985401387,/novatel/oem7/odom,/novatel/oem7/fix,/novatel/oem7/odom,39.663,-75.756,-1.801578395,0.002421167,-0.001083409,0.002108784,0.001189570,-0.001083409,,,
1786043755996095451,1786043755.995375173,/novatel/oem7/odom,/novatel/oem7/fix,/novatel/oem7/odom,39.663,-75.756,-1.801578395,0.002421167,-0.001083409,0.002108784,0.001189570,-0.001083409,,,
1786043756009201582,1786043756.008382024,/novatel/oem7/inspva,/novatel/oem7/inspva,/novatel/oem7/inspva,39.663,-75.756,-1.801595290,0.002761800,-0.001054103,0.001099437,0.002533531,-0.001054103,,novatel_oem7_msgs.msg.InertialSolutionStatus(status=3),
1786043756011457198,1786043756.008530635,/novatel/oem7/fix,/novatel/oem7/fix,/novatel/oem7/inspva,39.663,-75.756,-1.801595290,0.002761800,-0.001054103,0.001099437,0.002533531,-0.001054103,,0,
1786043756013720257,1786043756.011211553,/novatel/oem7/odom,/novatel/oem7/fix,/novatel/oem7/odom,39.663,-75.756,-1.801595290,0.002766368,-0.001042056,0.002588738,0.000975309,-0.001042056,,,
1786043756016985687,1786043756.016232139,/novatel/oem7/odom,/novatel/oem7/fix,/novatel/oem7/odom,39.663,-75.756,-1.801595290,0.002766368,-0.001042056,0.002588738,0.000975309,-0.001042056,,,
1786043756028161085,1786043756.027000537,/novatel/oem7/bestpos,/novatel/oem7/bestpos,/novatel/oem7/odom,39.663,-75.756,33.180836157,0.002766368,-0.001042056,0.002588738,0.000975309,-0.001042056,,novatel_oem7_msgs.msg.SolutionStatus(status=0),novatel_oem7_msgs.msg.PositionOrVelocityType(type=53)
1786043756030180919,1786043756.027468172,/novatel/oem7/bestvel,/novatel/oem7/bestpos,/novatel/oem7/bestvel,39.663,-75.756,33.180836157,0.002604062,-0.001007127,,,,61.838348685,novatel_oem7_msgs.msg.SolutionStatus(status=0),novatel_oem7_msgs.msg.PositionOrVelocityType(type=53)
1786043756031248676,1786043756.027887303,/novatel/oem7/inspva,/novatel/oem7/inspva,/novatel/oem7/inspva,39.663,-75.756,-1.801606908,0.002556249,-0.000844813,0.001108960,0.002303175,-0.000844813,,novatel_oem7_msgs.msg.InertialSolutionStatus(status=3),
1786043756032301317,1786043756.028167176,/novatel/oem7/fix,/novatel/oem7/fix,/novatel/oem7/inspva,39.663,-75.756,-1.801606908,0.002556249,-0.000844813,0.001108960,0.002303175,-0.000844813,,0,
1786043756033555683,1786043756.028601216,/novatel/oem7/odom,/novatel/oem7/fix,/novatel/oem7/odom,39.663,-75.756,-1.801606908,0.002559945,-0.000833546,0.002358381,0.000995669,-0.000833546,,,
1786043756035946103,1786043756.035001810,/novatel/oem7/odom,/novatel/oem7/fix,/novatel/oem7/odom,39.663,-75.756,-1.801606908,0.002559945,-0.000833546,0.002358381,0.000995669,-0.000833546,,,
1786043756046060995,1786043756.045360508,/novatel/oem7/inspva,/novatel/oem7/inspva,/novatel/oem7/inspva,39.663,-75.756,-1.801598930,0.002475397,-0.000985003,0.000988981,0.002269252,-0.000985003,,novatel_oem7_msgs.msg.InertialSolutionStatus(status=3),
1786043756047718328,1786043756.045605410,/novatel/oem7/fix,/novatel/oem7/fix,/novatel/oem7/inspva,39.663,-75.756,-1.801598930,0.002475397,-0.000985003,0.000988981,0.002269252,-0.000985003,,0,
1786043756048855199,1786043756.046202112,/novatel/oem7/odom,/novatel/oem7/fix,/novatel/oem7/odom,39.663,-75.756,-1.801598930,0.002479688,-0.000974149,0.002319092,0.000877875,-0.000974149,,,
1786043756057197289,1786043756.056491455,/novatel/oem7/odom,/novatel/oem7/fix,/novatel/oem7/odom,39.663,-75.756,-1.801598930,0.002479688,-0.000974149,0.002319092,0.000877875,-0.000974149,,,
1786043756065966367,1786043756.065216193,/novatel/oem7/inspva,/novatel/oem7/inspva,/novatel/oem7/inspva,39.663,-75.756,-1.801585109,0.002447832,-0.000922326,0.001009228,0.002230099,-0.000922326,,novatel_oem7_msgs.msg.InertialSolutionStatus(status=3),
1786043756067451942,1786043756.065458842,/novatel/oem7/fix,/novatel/oem7/fix,/novatel/oem7/inspva,39.663,-75.756,-1.801585109,0.002447832,-0.000922326,0.001009228,0.002230099,-0.000922326,,0,
1786043756068647167,1786043756.065854519,/novatel/oem7/odom,/novatel/oem7/fix,/novatel/oem7/odom,39.663,-75.756,-1.801585109,0.002451852,-0.000911587,0.002280744,0.000899880,-0.000911587,,,
1786043756075278887,1786043756.074537693,/novatel/oem7/odom,/novatel/oem7/fix,/novatel/oem7/odom,39.663,-75.756,-1.801585109,0.002451852,-0.000911587,0.002280744,0.000899880,-0.000911587,,,
1786043756087651928,1786043756.086874327,/novatel/oem7/inspva,/novatel/oem7/inspva,/novatel/oem7/inspva,39.663,-75.756,-1.801583178,0.002458543,-0.001516356,0.001084979,0.002206186,-0.001516356,,novatel_oem7_msgs.msg.InertialSolutionStatus(status=3),
1786043756089116856,1786043756.087102466,/novatel/oem7/fix,/novatel/oem7/fix,/novatel/oem7/inspva,39.663,-75.756,-1.801583178,0.002458543,-0.001516356,0.001084979,0.002206186,-0.001516356,,0,
1786043756090359978,1786043756.087544076,/novatel/oem7/odom,/novatel/oem7/fix,/novatel/oem7/odom,39.663,-75.756,-1.801583178,0.002465193,-0.001505521,0.002262780,0.000978267,-0.001505521,,,
1786043756096000111,1786043756.095279041,/novatel/oem7/odom,/novatel/oem7/fix,/novatel/oem7/odom,39.663,-75.756,-1.801583178,0.002465193,-0.001505521,0.002262780,0.000978267,-0.001505521,,,
1786043756106658615,1786043756.105886430,/novatel/oem7/inspva,/novatel/oem7/inspva,/novatel/oem7/inspva,39.663,-75.756,-1.801574030,0.002466073,-0.001441718,0.001146644,0.002183283,-0.001441718,,novatel_oem7_msgs.msg.InertialSolutionStatus(status=3),
1786043756108123133,1786043756.106112473,/novatel/oem7/fix,/novatel/oem7/fix,/novatel/oem7/inspva,39.663,-75.756,-1.801574030,0.002466073,-0.001441718,0.001146644,0.002183283,-0.001441718,,0,
1786043756109452313,1786043756.106610341,/novatel/oem7/odom,/novatel/oem7/fix,/novatel/oem7/odom,39.663,-75.756,-1.801574030,0.002472435,-0.001430780,0.002242695,0.001040795,-0.001430780,,,
1786043756111301985,1786043756.109893660,/novatel/oem7/bestpos,/novatel/oem7/bestpos,/novatel/oem7/odom,39.663,-75.756,33.180899145,0.002472435,-0.001430780,0.002242695,0.001040795,-0.001430780,,novatel_oem7_msgs.msg.SolutionStatus(status=0),novatel_oem7_msgs.msg.PositionOrVelocityType(type=53)
1786043756112327425,1786043756.110507936,/novatel/oem7/bestvel,/novatel/oem7/bestpos,/novatel/oem7/bestvel,39.663,-75.756,33.180899145,0.002323715,-0.001431356,,,,50.943000864,novatel_oem7_msgs.msg.SolutionStatus(status=0),novatel_oem7_msgs.msg.PositionOrVelocityType(type=53)
1786043756116607541,1786043756.115888367,/novatel/oem7/odom,/novatel/oem7/bestpos,/novatel/oem7/odom,39.663,-75.756,33.180899145,0.002472435,-0.001430780,0.002242695,0.001040795,-0.001430780,,,
1786043756126088293,1786043756.125391506,/novatel/oem7/inspva,/novatel/oem7/inspva,/novatel/oem7/inspva,39.663,-75.756,-1.801571024,0.002446900,-0.001279338,0.001129271,0.002170730,-0.001279338,,novatel_oem7_msgs.msg.InertialSolutionStatus(status=3),
1786043756127686282,1786043756.125625565,/novatel/oem7/fix,/novatel/oem7/fix,/novatel/oem7/inspva,39.663,-75.756,-1.801571024,0.002446900,-0.001279338,0.001129271,0.002170730,-0.001279338,,0,
1786043756128836474,1786043756.126293442,/novatel/oem7/odom,/novatel/oem7/fix,/novatel/oem7/odom,39.663,-75.756,-1.801571024,0.002452544,-0.001268484,0.002228703,0.001023648,-0.001268484,,,
1786043756135551011,1786043756.134730999,/novatel/oem7/odom,/novatel/oem7/fix,/novatel/oem7/odom,39.663,-75.756,-1.801571024,0.002452544,-0.001268484,0.002228703,0.001023648,-0.001268484,,,
1786043756146098900,1786043756.145368733,/novatel/oem7/inspva,/novatel/oem7/inspva,/novatel/oem7/inspva,39.663,-75.756,-1.801561771,0.002548609,-0.001073228,0.001129357,0.002284723,-0.001073228,,novatel_oem7_msgs.msg.InertialSolutionStatus(status=3),
1786043756147515271,1786043756.145598675,/novatel/oem7/fix,/novatel/oem7/fix,/novatel/oem7/inspva,39.663,-75.756,-1.801561771,0.002548609,-0.001073228,0.001129357,0.002284723,-0.001073228,,0,
1786043756148613685,1786043756.146068711,/novatel/oem7/odom,/novatel/oem7/fix,/novatel/oem7/odom,39.663,-75.756,-1.801561771,0.002553320,-0.001061971,0.002341790,0.001017576,-0.001061971,,,
1786043756156673803,1786043756.155949389,/novatel/oem7/odom,/novatel/oem7/fix,/novatel/oem7/odom,39.663,-75.756,-1.801561771,0.002553320,-0.001061971,0.002341790,0.001017576,-0.001061971,,,
1786043756165944082,1786043756.165343829,/novatel/oem7/inspva,/novatel/oem7/inspva,/novatel/oem7/inspva,39.663,-75.756,-1.801557857,0.002611044,-0.001131125,0.001443823,0.002175529,-0.001131125,,novatel_oem7_msgs.msg.InertialSolutionStatus(status=3),
1786043756167364896,1786043756.165558895,/novatel/oem7/fix,/novatel/oem7/fix,/novatel/oem7/inspva,39.663,-75.756,-1.801557857,0.002611044,-0.001131125,0.001443823,0.002175529,-0.001131125,,0,
1786043756168517001,1786043756.166275529,/novatel/oem7/odom,/novatel/oem7/fix,/novatel/oem7/odom,39.663,-75.756,-1.801557857,0.002616104,-0.001119372,0.002248513,0.001337232,-0.001119372,,,
1786043756176152724,1786043756.175440781,/novatel/oem7/odom,/novatel/oem7/fix,/novatel/oem7/odom,39.663,-75.756,-1.801557857,0.002616104,-0.001119372,0.002248513,0.001337232,-0.001119372,,,
1786043756185655093,1786043756.185091164,/novatel/oem7/inspva,/novatel/oem7/inspva,/novatel/oem7/inspva,39.663,-75.756,-1.801546630,0.002448738,-0.000874519,0.001007803,0.002231738,-0.000874519,,novatel_oem7_msgs.msg.InertialSolutionStatus(status=3),
1786043756187070893,1786043756.185240552,/novatel/oem7/fix,/novatel/oem7/fix,/novatel/oem7/inspva,39.663,-75.756,-1.801546630,0.002448738,-0.000874519,0.001007803,0.002231738,-0.000874519,,0,
1786043756188157088,1786043756.185684933,/novatel/oem7/odom,/novatel/oem7/fix,/novatel/oem7/odom,39.663,-75.756,-1.801546630,0.002452547,-0.000863780,0.002282116,0.000898296,-0.000863780,,,
1786043756195050320,1786043756.194344483,/novatel/oem7/odom,/novatel/oem7/fix,/novatel/oem7/odom,39.663,-75.756,-1.801546630,0.002452547,-0.000863780,0.002282116,0.000898296,-0.000863780,,,
1786043756206310293,1786043756.205781121,/novatel/oem7/inspva,/novatel/oem7/inspva,/novatel/oem7/inspva,39.663,-75.756,-1.801540286,0.002458360,-0.000984821,0.000585975,0.002387502,-0.000984821,,novatel_oem7_msgs.msg.InertialSolutionStatus(status=3),
1786043756207730140,1786043756.205934866,/novatel/oem7/fix,/novatel/oem7/fix,/novatel/oem7/inspva,39.663,-75.756,-1.801540286,0.002458360,-0.000984821,0.000585975,0.002387502,-0.000984821,,0,
1786043756208830518,1786043756.206671327,/novatel/oem7/odom,/novatel/oem7/fix,/novatel/oem7/odom,39.663,-75.756,-1.801540286,0.002462387,-0.000974707,0.002417204,0.000469546,-0.000974707,,,
1786043756210761277,1786043756.210063104,/novatel/oem7/bestpos,/novatel/oem7/bestpos,/novatel/oem7/odom,39.663,-75.756,33.180923953,0.002462387,-0.000974707,0.002417204,0.000469546,-0.000974707,,novatel_oem7_msgs.msg.SolutionStatus(status=0),novatel_oem7_msgs.msg.PositionOrVelocityType(type=53)
1786043756212238069,1786043756.210468485,/novatel/oem7/bestvel,/novatel/oem7/bestpos,/novatel/oem7/bestvel,39.663,-75.756,33.180923953,0.002507474,-0.000844166,,,,84.311168501,novatel_oem7_msgs.msg.SolutionStatus(status=0),novatel_oem7_msgs.msg.PositionOrVelocityType(type=53)
1786043756215646550,1786043756.214957643,/novatel/oem7/odom,/novatel/oem7/bestpos,/novatel/oem7/odom,39.663,-75.756,33.180923953,0.002462387,-0.000974707,0.002417204,0.000469546,-0.000974707,,,
1786043756225595169,1786043756.225015287,/novatel/oem7/inspva,/novatel/oem7/inspva,/novatel/oem7/inspva,39.663,-75.756,-1.801527238,0.002390263,-0.000775034,0.000554946,0.002324950,-0.000775034,,novatel_oem7_msgs.msg.InertialSolutionStatus(status=3),
1786043756227013647,1786043756.225171589,/novatel/oem7/fix,/novatel/oem7/fix,/novatel/oem7/inspva,39.663,-75.756,-1.801527238,0.002390263,-0.000775034,0.000554946,0.002324950,-0.000775034,,0,
1786043756228148929,1786043756.225600316,/novatel/oem7/odom,/novatel/oem7/fix,/novatel/oem7/odom,39.663,-75.756,-1.801527238,0.002393420,-0.000765230,0.002352421,0.000441107,-0.000765230,,,
1786043756236339277,1786043756.235648454,/novatel/oem7/odom,/novatel/oem7/fix,/novatel/oem7/odom,39.663,-75.756,-1.801527238,0.002393420,-0.000765230,0.002352421,0.000441107,-0.000765230,,,
1786043756246012004,1786043756.245504812,/novatel/oem7/inspva,/novatel/oem7/inspva,/novatel/oem7/inspva,39.663,-75.756,-1.801519386,0.002214706,-0.000824401,0.000779530,0.002072983,-0.000824401,,novatel_oem7_msgs.msg.InertialSolutionStatus(status=3),
1786043756247400914,1786043756.245658550,/novatel/oem7/fix,/novatel/oem7/fix,/novatel/oem7/inspva,39.663,-75.756,-1.801519386,0.002214706,-0.000824401,0.000779530,0.002072983,-0.000824401,,0,
1786043756248563339,1786043756.246251936,/novatel/oem7/odom,/novatel/oem7/fix,/novatel/oem7/odom,39.663,-75.756,-1.801519386,0.002218235,-0.000814859,0.002112072,0.000678023,-0.000814859,,,
1786043756257219153,1786043756.256537206,/novatel/oem7/odom,/novatel/oem7/fix,/novatel/oem7/odom,39.663,-75.756,-1.801519386,0.002218235,-0.000814859,0.002112072,0.000678023,-0.000814859,,,
1786043756266777885,1786043756.266235240,/novatel/oem7/inspva,/novatel/oem7/inspva,/novatel/oem7/inspva,39.663,-75.756,-1.801506693,0.002247648,-0.000866427,0.000608799,0.002163628,-0.000866427,,novatel_oem7_msgs.msg.InertialSolutionStatus(status=3),
1786043756268171129,1786043756.266388498,/novatel/oem7/fix,/novatel/oem7/fix,/novatel/oem7/inspva,39.663,-75.756,-1.801506693,0.002247648,-0.000866427,0.000608799,0.002163628,-0.000866427,,0,
1786043756269293961,1786043756.266848876,/novatel/oem7/odom,/novatel/oem7/fix,/novatel/oem7/odom,39.663,-75.756,-1.801506693,0.002251241,-0.000857048,0.002194301,0.000503121,-0.000857048,,,
1786043756276272577,1786043756.275594174,/novatel/oem7/odom,/novatel/oem7/fix,/novatel/oem7/odom,39.663,-75.756,-1.801506693,0.002251241,-0.000857048,0.002194301,0.000503121,-0.000857048,,,
1786043756285925217,1786043756.285372942,/novatel/oem7/inspva,/novatel/oem7/inspva,/novatel/oem7/inspva,39.663,-75.756,-1.801499651,0.002242202,-0.000653316,0.000795307,0.002096415,-0.000653316,,novatel_oem7_msgs.msg.InertialSolutionStatus(status=3),
1786043756287331501,1786043756.285551543,/novatel/oem7/fix,/novatel/oem7/fix,/novatel/oem7/inspva,39.663,-75.756,-1.801499651,0.002242202,-0.000653316,0.000795307,0.002096415,-0.000653316,,0,
1786043756288456593,1786043756.286133239,/novatel/oem7/odom,/novatel/oem7/fix,/novatel/oem7/odom,39.663,-75.756,-1.801499651,0.002245003,-0.000643628,0.002135632,0.000692181,-0.000643628,,,
1786043756296236947,1786043756.295555650,/novatel/oem7/odom,/novatel/oem7/fix,/novatel/oem7/odom,39.663,-75.756,-1.801499651,0.002245003,-0.000643628,0.002135632,0.000692181,-0.000643628,,,
1786043756306671175,1786043756.306083895,/novatel/oem7/inspva,/novatel/oem7/inspva,/novatel/oem7/inspva,39.663,-75.756,-1.801497019,0.002440172,-0.001362405,0.001031495,0.002211438,-0.001362405,,novatel_oem7_msgs.msg.InertialSolutionStatus(status=3),
1786043756308134793,1786043756.306242207,/novatel/oem7/fix,/novatel/oem7/fix,/novatel/oem7/inspva,39.663,-75.756,-1.801497019,0.002440172,-0.001362405,0.001031495,0.002211438,-0.001362405,,0,
1786043756309355915,1786043756.306700948,/novatel/oem7/odom,/novatel/oem7/fix,/novatel/oem7/odom,39.663,-75.756,-1.801497019,0.002446150,-0.001351642,0.002264827,0.000924234,-0.001351642,,,
1786043756310967971,1786043756.310052095,/novatel/oem7/bestpos,/novatel/oem7/bestpos,/novatel/oem7/odom,39.663,-75.756,33.180954821,0.002446150,-0.001351642,0.002264827,0.000924234,-0.001351642,,novatel_oem7_msgs.msg.SolutionStatus(status=0),novatel_oem7_msgs.msg.PositionOrVelocityType(type=53)
1786043756312532020,1786043756.310528137,/novatel/oem7/bestvel,/novatel/oem7/bestpos,/novatel/oem7/bestvel,39.663,-75.756,33.180954821,0.002676571,-0.001633823,,,,56.293661251,novatel_oem7_msgs.msg.SolutionStatus(status=0),novatel_oem7_msgs.msg.PositionOrVelocityType(type=53)
1786043756315058052,1786043756.314344588,/novatel/oem7/odom,/novatel/oem7/bestpos,/novatel/oem7/odom,39.663,-75.756,33.180954821,0.002446150,-0.001351642,0.002264827,0.000924234,-0.001351642,,,
1786043756327156056,1786043756.326559197,/novatel/oem7/inspva,/novatel/oem7/inspva,/novatel/oem7/inspva,39.663,-75.756,-1.801493485,0.002083535,-0.000886668,0.000579196,0.002001412,-0.000886668,,novatel_oem7_msgs.msg.InertialSolutionStatus(status=3),
1786043756328636088,1786043756.326726506,/novatel/oem7/fix,/novatel/oem7/fix,/novatel/oem7/inspva,39.663,-75.756,-1.801493485,0.002083535,-0.000886668,0.000579196,0.002001412,-0.000886668,,0,
1786043756329819253,1786043756.327167840,/novatel/oem7/odom,/novatel/oem7/fix,/novatel/oem7/odom,39.663,-75.756,-1.801493485,0.002087232,-0.000877930,0.002030896,0.000481664,-0.000877930,,,
1786043756335754576,1786043756.334979898,/novatel/oem7/odom,/novatel/oem7/fix,/novatel/oem7/odom,39.663,-75.756,-1.801493485,0.002087232,-0.000877930,0.002030896,0.000481664,-0.000877930,,,
1786043756345724399,1786043756.345008869,/novatel/oem7/inspva,/novatel/oem7/inspva,/novatel/oem7/inspva,39.663,-75.756,-1.801493124,0.002342001,-0.001234198,0.000890591,0.002166060,-0.001234198,,novatel_oem7_msgs.msg.InertialSolutionStatus(status=3),
1786043756347190147,1786043756.345244001,/novatel/oem7/fix,/novatel/oem7/fix,/novatel/oem7/inspva,39.663,-75.756,-1.801493124,0.002342001,-0.001234198,0.000890591,0.002166060,-0.001234198,,0,
1786043756348374223,1786043756.345861981,/novatel/oem7/odom,/novatel/oem7/fix,/novatel/oem7/odom,39.663,-75.756,-1.801493124,0.002347353,-0.001223988,0.002212049,0.000785433,-0.001223988,,,
1786043756356487637,1786043756.355698476,/novatel/oem7/odom,/novatel/oem7/fix,/novatel/oem7/odom,39.663,-75.756,-1.801493124,0.002347353,-0.001223988,0.002212049,0.000785433,-0.001223988,,,
1786043756367167501,1786043756.366582991,/novatel/oem7/inspva,/novatel/oem7/inspva,/novatel/oem7/inspva,39.663,-75.756,-1.801495770,0.001824422,-0.001237033,0.001143006,0.001421990,-0.001237033,,novatel_oem7_msgs.msg.InertialSolutionStatus(status=3),
1786043756368653852,1786043756.366761037,/novatel/oem7/fix,/novatel/oem7/fix,/novatel/oem7/inspva,39.663,-75.756,-1.801495770,0.001824422,-0.001237033,0.001143006,0.001421990,-0.001237033,,0,
1786043756369838271,1786043756.367584315,/novatel/oem7/odom,/novatel/oem7/fix,/novatel/oem7/odom,39.663,-75.756,-1.801495770,0.001830000,-0.001228766,0.001481405,0.001074403,-0.001228766,,,
1786043756375447800,1786043756.374688739,/novatel/oem7/odom,/novatel/oem7/fix,/novatel/oem7/odom,39.663,-75.756,-1.801495770,0.001830000,-0.001228766,0.001481405,0.001074403,-0.001228766,,,
1786043756386566768,1786043756.385984146,/novatel/oem7/inspva,/novatel/oem7/inspva,/novatel/oem7/inspva,39.663,-75.756,-1.801492412,0.002289967,-0.001168719,0.001350028,0.001849696,-0.001168719,,novatel_oem7_msgs.msg.InertialSolutionStatus(status=3),
1786043756388038990,1786043756.386155004,/novatel/oem7/fix,/novatel/oem7/fix,/novatel/oem7/inspva,39.663,-75.756,-1.801492412,0.002289967,-0.001168719,0.001350028,0.001849696,-0.001168719,,0,
1786043756389216548,1786043756.386624742,/novatel/oem7/odom,/novatel/oem7/fix,/novatel/oem7/odom,39.663,-75.756,-1.801492412,0.002295224,-0.001158361,0.001918574,0.001259812,-0.001158361,,,
1786043756395449384,1786043756.394721537,/novatel/oem7/odom,/novatel/oem7/fix,/novatel/oem7/odom,39.663,-75.756,-1.801492412,0.002295224,-0.001158361,0.001918574,0.001259812,-0.001158361,,,
1786043756406794038,1786043756.406209732,/novatel/oem7/inspva,/novatel/oem7/inspva,/novatel/oem7/inspva,39.663,-75.756,-1.801490320,0.002052488,-0.000846013,0.001137367,0.001708538,-0.000846013,,novatel_oem7_msgs.msg.InertialSolutionStatus(status=3),
1786043756408294333,1786043756.406378924,/novatel/oem7/fix,/novatel/oem7/fix,/novatel/oem7/inspva,39.663,-75.756,-1.801490320,0.002052488,-0.000846013,0.001137367,0.001708538,-0.000846013,,0,
1786043756409543288,1786043756.407048033,/novatel/oem7/odom,/novatel/oem7/fix,/novatel/oem7/odom,39.663,-75.756,-1.801490320,0.002056279,-0.000836756,0.001765871,0.001053557,-0.000836756,,,
1786043756411174335,1786043756.410427304,/novatel/oem7/bestpos,/novatel/oem7/bestpos,/novatel/oem7/odom,39.663,-75.756,33.180960889,0.002056279,-0.000836756,0.001765871,0.001053557,-0.000836756,,novatel_oem7_msgs.msg.SolutionStatus(status=0),novatel_oem7_msgs.msg.PositionOrVelocityType(type=53)
1786043756412783881,1786043756.410847218,/novatel/oem7/bestvel,/novatel/oem7/bestpos,/novatel/oem7/bestvel,39.663,-75.756,33.180960889,0.002162510,-0.000944021,,,,54.115029522,novatel_oem7_msgs.msg.SolutionStatus(status=0),novatel_oem7_msgs.msg.PositionOrVelocityType(type=53)
1786043756416099471,1786043756.415384177,/novatel/oem7/odom,/novatel/oem7/bestpos,/novatel/oem7/odom,39.663,-75.756,33.180960889,0.002056279,-0.000836756,0.001765871,0.001053557,-0.000836756,,,
1786043756425722614,1786043756.425194118,/novatel/oem7/inspva,/novatel/oem7/inspva,/novatel/oem7/inspva,39.663,-75.756,-1.801482087,0.002478407,-0.000734743,0.001277706,0.002123669,-0.000734743,,novatel_oem7_msgs.msg.InertialSolutionStatus(status=3),
1786043756427173942,1786043756.425357280,/novatel/oem7/fix,/novatel/oem7/fix,/novatel/oem7/inspva,39.663,-75.756,-1.801482087,0.002478407,-0.000734743,0.001277706,0.002123669,-0.000734743,,0,
1786043756428347054,1786043756.425794288,/novatel/oem7/odom,/novatel/oem7/fix,/novatel/oem7/odom,39.663,-75.756,-1.801482087,0.002481672,-0.000723639,0.002187026,0.001172865,-0.000723639,,,
1786043756435000603,1786043756.434308843,/novatel/oem7/odom,/novatel/oem7/fix,/novatel/oem7/odom,39.663,-75.756,-1.801482087,0.002481672,-0.000723639,0.002187026,0.001172865,-0.000723639,,,
1786043756447015344,1786043756.446461371,/novatel/oem7/inspva,/novatel/oem7/inspva,/novatel/oem7/inspva,39.663,-75.756,-1.801477836,0.002065692,-0.000850962,0.000836461,0.001888760,-0.000850962,,novatel_oem7_msgs.msg.InertialSolutionStatus(status=3),
1786043756448546559,1786043756.446629957,/novatel/oem7/fix,/novatel/oem7/fix,/novatel/oem7/inspva,39.663,-75.756,-1.801477836,0.002065692,-0.000850962,0.000836461,0.001888760,-0.000850962,,0,
1786043756449706278,1786043756.447076068,/novatel/oem7/odom,/novatel/oem7/fix,/novatel/oem7/odom,39.663,-75.756,-1.801477836,0.002069405,-0.000841892,0.001930995,0.000744106,-0.000841892,,,
1786043756457136258,1786043756.456431025,/novatel/oem7/odom,/novatel/oem7/fix,/novatel/oem7/odom,39.663,-75.756,-1.801477836,0.002069405,-0.000841892,0.001930995,0.000744106,-0.000841892,,,
1786043756465519689,1786043756.464962530,/novatel/oem7/inspva,/novatel/oem7/inspva,/novatel/oem7/inspva,39.663,-75.756,-1.801463489,0.002268940,-0.000634019,0.001023662,0.002024896,-0.000634019,,novatel_oem7_msgs.msg.InertialSolutionStatus(status=3),
1786043756466982247,1786043756.465114405,/novatel/oem7/fix,/novatel/oem7/fix,/novatel/oem7/inspva,39.663,-75.756,-1.801463489,0.002268940,-0.000634019,0.001023662,0.002024896,-0.000634019,,0,
1786043756468174346,1786043756.465570480,/novatel/oem7/odom,/novatel/oem7/fix,/novatel/oem7/odom,39.663,-75.756,-1.801463489,0.002271723,-0.000623973,0.002075419,0.000923777,-0.000623973,,,
1786043756476227270,1786043756.475504762,/novatel/oem7/odom,/novatel/oem7/fix,/novatel/oem7/odom,39.663,-75.756,-1.801463489,0.002271723,-0.000623973,0.002075419,0.000923777,-0.000623973,,,
1786043756487103412,1786043756.486561057,/novatel/oem7/inspva,/novatel/oem7/inspva,/novatel/oem7/inspva,39.663,-75.756,-1.801457750,0.002005375,-0.000736503,0.001042342,0.001713200,-0.000736503,,novatel_oem7_msgs.msg.InertialSolutionStatus(status=3),
1786043756488588740,1786043756.486710701,/novatel/oem7/fix,/novatel/oem7/fix,/novatel/oem7/inspva,39.663,-75.756,-1.801457750,0.002005375,-0.000736503,0.001042342,0.001713200,-0.000736503,,0,
1786043756489740505,1786043756.487231910,/novatel/oem7/odom,/novatel/oem7/fix,/novatel/oem7/odom,39.663,-75.756,-1.801457750,0.002008661,-0.000727494,0.001765407,0.000958153,-0.000727494,,,
1786043756495398461,1786043756.494686284,/novatel/oem7/odom,/novatel/oem7/fix,/novatel/oem7/odom,39.663,-75.756,-1.801457750,0.002008661,-0.000727494,0.001765407,0.000958153,-0.000727494,,,
1786043756506682518,1786043756.506089975,/novatel/oem7/inspva,/novatel/oem7/inspva,/novatel/oem7/inspva,39.663,-75.756,-1.801444909,0.002171052,-0.000745056,0.001163679,0.001832844,-0.000745056,,novatel_oem7_msgs.msg.InertialSolutionStatus(status=3),
1786043756508123936,1786043756.506240567,/novatel/oem7/fix,/novatel/oem7/fix,/novatel/oem7/inspva,39.663,-75.756,-1.801444909,0.002171052,-0.000745056,0.001163679,0.001832844,-0.000745056,,0,
1786043756509344261,1786043756.506734015,/novatel/oem7/odom,/novatel/oem7/fix,/novatel/oem7/odom,39.663,-75.756,-1.801444909,0.002174378,-0.000735293,0.001890940,0.001073435,-0.000735293,,,
1786043756513082582,1786043756.512483356,/novatel/oem7/bestpos,/novatel/oem7/bestpos,/novatel/oem7/odom,39.663,-75.756,33.181002287,0.002174378,-0.000735293,0.001890940,0.001073435,-0.000735293,,novatel_oem7_msgs.msg.SolutionStatus(status=0),novatel_oem7_msgs.msg.PositionOrVelocityType(type=53)
1786043756514603154,1786043756.513118433,/novatel/oem7/bestvel,/novatel/oem7/bestpos,/novatel/oem7/bestvel,39.663,-75.756,33.181002287,0.002134148,-0.000721831,,,,57.043927139,novatel_oem7_msgs.msg.SolutionStatus(status=0),novatel_oem7_msgs.msg.PositionOrVelocityType(type=53)
1786043756516284214,1786043756.514741842,/novatel/oem7/odom,/novatel/oem7/bestpos,/novatel/oem7/odom,39.663,-75.756,33.181002287,0.002174378,-0.000735293,0.001890940,0.001073435,-0.000735293,,,
1786043756525901637,1786043756.525363815,/novatel/oem7/inspva,/novatel/oem7/inspva,/novatel/oem7/inspva,39.663,-75.756,-1.801436204,0.002091050,-0.000643274,0.001149516,0.001746740,-0.000643274,,novatel_oem7_msgs.msg.InertialSolutionStatus(status=3),
1786043756527304261,1786043756.525527163,/novatel/oem7/fix,/novatel/oem7/fix,/novatel/oem7/inspva,39.663,-75.756,-1.801436204,0.002091050,-0.000643274,0.001149516,0.001746740,-0.000643274,,0,
1786043756528485550,1786043756.526005628,/novatel/oem7/odom,/novatel/oem7/fix,/novatel/oem7/odom,39.663,-75.756,-1.801436204,0.002093915,-0.000633884,0.001803861,0.001063281,-0.000633884,,,
1786043756535781450,1786043756.535067973,/novatel/oem7/odom,/novatel/oem7/fix,/novatel/oem7/odom,39.663,-75.756,-1.801436204,0.002093915,-0.000633884,0.001803861,0.001063281,-0.000633884,,,
1786043756546829800,1786043756.546197050,/novatel/oem7/inspva,/novatel/oem7/inspva,/novatel/oem7/inspva,39.663,-75.756,-1.801422127,0.001921461,-0.000627059,0.001139391,0.001547192,-0.000627059,,novatel_oem7_msgs.msg.InertialSolutionStatus(status=3),
1786043756548293065,1786043756.546353026,/novatel/oem7/fix,/novatel/oem7/fix,/novatel/oem7/inspva,39.663,-75.756,-1.801422127,0.001921461,-0.000627059,0.001139391,0.001547192,-0.000627059,,0,
1786043756549532067,1786043756.546882091,/novatel/oem7/odom,/novatel/oem7/fix,/novatel/oem7/odom,39.663,-75.756,-1.801422127,0.001924269,-0.000618388,0.001603999,0.001063015,-0.000618388,,,
1786043756556443893,1786043756.555712929,/novatel/oem7/odom,/novatel/oem7/fix,/novatel/oem7/odom,39.663,-75.756,-1.801422127,0.001924269,-0.000618388,0.001603999,0.001063015,-0.000618388,,,
1786043756565859641,1786043756.565305495,/novatel/oem7/inspva,/novatel/oem7/inspva,/novatel/oem7/inspva,39.663,-75.756,-1.801417406,0.002269138,-0.000794106,0.001332123,0.001836964,-0.000794106,,novatel_oem7_msgs.msg.InertialSolutionStatus(status=3),
1786043756567338582,1786043756.565480480,/novatel/oem7/fix,/novatel/oem7/fix,/novatel/oem7/inspva,39.663,-75.756,-1.801417406,0.002269138,-0.000794106,0.001332123,0.001836964,-0.000794106,,0,
1786043756568542768,1786043756.566143740,/novatel/oem7/odom,/novatel/oem7/fix,/novatel/oem7/odom,39.663,-75.756,-1.801417406,0.002272697,-0.000783863,0.001903579,0.001241587,-0.000783863,,,
1786043756576168527,1786043756.575448467,/novatel/oem7/odom,/novatel/oem7/fix,/novatel/oem7/odom,39.663,-75.756,-1.801417406,0.002272697,-0.000783863,0.001903579,0.001241587,-0.000783863,,,
1786043756585488864,1786043756.584908588,/novatel/oem7/inspva,/novatel/oem7/inspva,/novatel/oem7/inspva,39.663,-75.756,-1.801405780,0.002013800,-0.000796470,0.001233317,0.001591954,-0.000796470,,novatel_oem7_msgs.msg.InertialSolutionStatus(status=3),
1786043756586913788,1786043756.585069150,/novatel/oem7/fix,/novatel/oem7/fix,/novatel/oem7/inspva,39.663,-75.756,-1.801405780,0.002013800,-0.000796470,0.001233317,0.001591954,-0.000796470,,0,
1786043756588088237,1786043756.585539258,/novatel/oem7/odom,/novatel/oem7/fix,/novatel/oem7/odom,39.663,-75.756,-1.801405780,0.002017372,-0.000787379,0.001653990,0.001155035,-0.000787379,,,
1786043756595049610,1786043756.594376807,/novatel/oem7/odom,/novatel/oem7/fix,/novatel/oem7/odom,39.663,-75.756,-1.801405780,0.002017372,-0.000787379,0.001653990,0.001155035,-0.000787379,,,
1786043756607205905,1786043756.606630406,/novatel/oem7/inspva,/novatel/oem7/inspva,/novatel/oem7/inspva,39.663,-75.756,-1.801401820,0.002052313,-0.000882532,0.001560838,0.001332582,-0.000882532,,novatel_oem7_msgs.msg.InertialSolutionStatus(status=3),
1786043756608737417,1786043756.606787511,/novatel/oem7/fix,/novatel/oem7/fix,/novatel/oem7/inspva,39.663,-75.756,-1.801401820,0.002052313,-0.000882532,0.001560838,0.001332582,-0.000882532,,0,
1786043756609931412,1786043756.607613615,/novatel/oem7/odom,/novatel/oem7/fix,/novatel/oem7/odom,39.663,-75.756,-1.801401820,0.002056202,-0.000873433,0.001411456,0.001495246,-0.000873433,,,
1786043756611527455,1786043756.610097054,/novatel/oem7/bestpos,/novatel/oem7/bestpos,/novatel/oem7/odom,39.663,-75.756,33.181046384,0.002056202,-0.000873433,0.001411456,0.001495246,-0.000873433,,novatel_oem7_msgs.msg.SolutionStatus(status=0),novatel_oem7_msgs.msg.PositionOrVelocityType(type=53)
1786043756612562335,1786043756.610558152,/novatel/oem7/bestvel,/novatel/oem7/bestpos,/novatel/oem7/bestvel,39.663,-75.756,33.181046384,0.002117268,-0.000931529,,,,44.079544935,novatel_oem7_msgs.msg.SolutionStatus(status=0),novatel_oem7_msgs.msg.PositionOrVelocityType(type=53)
1786043756615273909,1786043756.614558239,/novatel/oem7/odom,/novatel/oem7/bestpos,/novatel/oem7/odom,39.663,-75.756,33.181046384,0.002056202,-0.000873433,0.001411456,0.001495246,-0.000873433,,,
1786043756625601626,1786043756.625042954,/novatel/oem7/inspva,/novatel/oem7/inspva,/novatel/oem7/inspva,39.663,-75.756,-1.801390904,0.001877997,-0.000829326,0.001188875,0.001453771,-0.000829326,,novatel_oem7_msgs.msg.InertialSolutionStatus(status=3),
1786043756627072070,1786043756.625198218,/novatel/oem7/fix,/novatel/oem7/fix,/novatel/oem7/inspva,39.663,-75.756,-1.801390904,0.001877997,-0.000829326,0.001188875,0.001453771,-0.000829326,,0,
1786043756628196705,1786043756.625552262,/novatel/oem7/odom,/novatel/oem7/fix,/novatel/oem7/odom,39.663,-75.756,-1.801390904,0.001881723,-0.000820839,0.001513889,0.001117596,-0.000820839,,,
1786043756635314153,1786043756.634593006,/novatel/oem7/odom,/novatel/oem7/fix,/novatel/oem7/odom,39.663,-75.756,-1.801390904,0.001881723,-0.000820839,0.001513889,0.001117596,-0.000820839,,,
1786043756645879326,1786043756.645256809,/novatel/oem7/inspva,/novatel/oem7/inspva,/novatel/oem7/inspva,39.663,-75.756,-1.801381260,0.002408546,-0.000389309,0.001790445,0.001611025,-0.000389309,,novatel_oem7_msgs.msg.InertialSolutionStatus(status=3),
1786043756647339953,1786043756.645414151,/novatel/oem7/fix,/novatel/oem7/fix,/novatel/oem7/inspva,39.663,-75.756,-1.801381260,0.002408546,-0.000389309,0.001790445,0.001611025,-0.000389309,,0,
1786043756648550655,1786043756.645919509,/novatel/oem7/odom,/novatel/oem7/fix,/novatel/oem7/odom,39.663,-75.756,-1.801381260,0.002410257,-0.000378572,0.001699116,0.001709487,-0.000378572,,,
1786043756657265683,1786043756.656548132,/novatel/oem7/odom,/novatel/oem7/fix,/novatel/oem7/odom,39.663,-75.756,-1.801381260,0.002410257,-0.000378572,0.001699116,0.001709487,-0.000378572,,,
1786043756665796835,1786043756.665227843,/novatel/oem7/inspva,/novatel/oem7/inspva,/novatel/oem7/inspva,39.663,-75.756,-1.801368947,0.001810455,-0.000377819,0.001255602,0.001304305,-0.000377819,,novatel_oem7_msgs.msg.InertialSolutionStatus(status=3),
1786043756667249020,1786043756.665373538,/novatel/oem7/fix,/novatel/oem7/fix,/novatel/oem7/inspva,39.663,-75.756,-1.801368947,0.001810455,-0.000377819,0.001255602,0.001304305,-0.000377819,,0,
1786043756668467509,1786043756.665860126,/novatel/oem7/odom,/novatel/oem7/fix,/novatel/oem7/odom,39.663,-75.756,-1.801368947,0.001812141,-0.000369646,0.001366249,0.001190471,-0.000369646,,,
1786043756675160416,1786043756.674441552,/novatel/oem7/odom,/novatel/oem7/fix,/novatel/oem7/odom,39.663,-75.756,-1.801368947,0.001812141,-0.000369646,0.001366249,0.001190471,-0.000369646,,,
1786043756685889529,1786043756.685335391,/novatel/oem7/inspva,/novatel/oem7/inspva,/novatel/oem7/inspva,39.663,-75.756,-1.801363388,0.002235984,-0.000646190,0.001523644,0.001636500,-0.000646190,,novatel_oem7_msgs.msg.InertialSolutionStatus(status=3),
1786043756687444442,1786043756.685504999,/novatel/oem7/fix,/novatel/oem7/fix,/novatel/oem7/inspva,39.663,-75.756,-1.801363388,0.002235984,-0.000646190,0.001523644,0.001636500,-0.000646190,,0,
1786043756688594153,1786043756.686298417,/novatel/oem7/odom,/novatel/oem7/fix,/novatel/oem7/odom,39.663,-75.756,-1.801363388,0.002238876,-0.000636097,0.001712281,0.001442449,-0.000636097,,,
1786043756696369548,1786043756.695630977,/novatel/oem7/odom,/novatel/oem7/fix,/novatel/oem7/odom,39.663,-75.756,-1.801363388,0.002238876,-0.000636097,0.001712281,0.001442449,-0.000636097,,,
1786043756706398672,1786043756.705843116,/novatel/oem7/inspva,/novatel/oem7/inspva,/novatel/oem7/inspva,39.663,-75.756,-1.801350924,0.001665995,-0.000370763,0.001128661,0.001225424,-0.000370763,,novatel_oem7_msgs.msg.InertialSolutionStatus(status=3),
1786043756707847456,1786043756.705984278,/novatel/oem7/fix,/novatel/oem7/fix,/novatel/oem7/inspva,39.663,-75.756,-1.801350924,0.001665995,-0.000370763,0.001128661,0.001225424,-0.000370763,,0,
1786043756709012765,1786043756.706432499,/novatel/oem7/odom,/novatel/oem7/fix,/novatel/oem7/odom,39.663,-75.756,-1.801350924,0.001667652,-0.000363236,0.001281156,0.001067569,-0.000363236,,,
1786043756710629711,1786043756.709911977,/novatel/oem7/bestpos,/novatel/oem7/bestpos,/novatel/oem7/odom,39.663,-75.756,33.181082690,0.001667652,-0.000363236,0.001281156,0.001067569,-0.000363236,,novatel_oem7_msgs.msg.SolutionStatus(status=0),novatel_oem7_msgs.msg.PositionOrVelocityType(type=53)
1786043756712143719,1786043756.710499403,/novatel/oem7/bestvel,/novatel/oem7/bestpos,/novatel/oem7/bestvel,39.663,-75.756,33.181082690,0.001802139,-0.000450855,,,,53.841276787,novatel_oem7_msgs.msg.SolutionStatus(status=0),novatel_oem7_msgs.msg.PositionOrVelocityType(type=53)
1786043756715210567,1786043756.714529370,/novatel/oem7/odom,/novatel/oem7/bestpos,/novatel/oem7/odom,39.663,-75.756,33.181082690,0.001667652,-0.000363236,0.001281156,0.001067569,-0.000363236,,,
1786043756727194173,1786043756.726587331,/novatel/oem7/inspva,/novatel/oem7/inspva,/novatel/oem7/inspva,39.663,-75.756,-1.801347819,0.002019632,-0.000840392,0.001658117,0.001153067,-0.000840392,,novatel_oem7_msgs.msg.InertialSolutionStatus(status=3),
1786043756728711455,1786043756.726740455,/novatel/oem7/fix,/novatel/oem7/fix,/novatel/oem7/inspva,39.663,-75.756,-1.801347819,0.002019632,-0.000840392,0.001658117,0.001153067,-0.000840392,,0,
1786043756729939524,1786043756.727238917,/novatel/oem7/odom,/novatel/oem7/fix,/novatel/oem7/odom,39.663,-75.756,-1.801347819,0.002023254,-0.000831634,0.001236804,0.001601210,-0.000831634,,,
1786043756735620947,1786043756.734879940,/novatel/oem7/odom,/novatel/oem7/fix,/novatel/oem7/odom,39.663,-75.756,-1.801347819,0.002023254,-0.000831634,0.001236804,0.001601210,-0.000831634,,,
1786043756745603361,1786043756.745061412,/novatel/oem7/inspva,/novatel/oem7/inspva,/novatel/oem7/inspva,39.663,-75.756,-1.801335384,0.001481712,-0.000588709,0.001317647,0.000677699,-0.000588709,,novatel_oem7_msgs.msg.InertialSolutionStatus(status=3),
1786043756747017235,1786043756.745208997,/novatel/oem7/fix,/novatel/oem7/fix,/novatel/oem7/inspva,39.663,-75.756,-1.801335384,0.001481712,-0.000588709,0.001317647,0.000677699,-0.000588709,,0,
1786043756748207664,1786043756.745667492,/novatel/oem7/odom,/novatel/oem7/fix,/novatel/oem7/odom,39.663,-75.756,-1.801335384,0.001484131,-0.000582584,0.000744257,0.001284027,-0.000582584,,,
1786043756756744119,1786043756.755945041,/novatel/oem7/odom,/novatel/oem7/fix,/novatel/oem7/odom,39.663,-75.756,-1.801335384,0.001484131,-0.000582584,0.000744257,0.001284027,-0.000582584,,,
1786043756765991045,1786043756.765375829,/novatel/oem7/inspva,/novatel/oem7/inspva,/novatel/oem7/inspva,39.663,-75.756,-1.801330009,0.001780515,-0.000298911,0.001603896,0.000773143,-0.000298911,,novatel_oem7_msgs.msg.InertialSolutionStatus(status=3),
1786043756767391450,1786043756.765565351,/novatel/oem7/fix,/novatel/oem7/fix,/novatel/oem7/inspva,39.663,-75.756,-1.801330009,0.001780515,-0.000298911,0.001603896,0.000773143,-0.000298911,,0,
1786043756768486224,1786043756.766240734,/novatel/oem7/odom,/novatel/oem7/fix,/novatel/oem7/odom,39.663,-75.756,-1.801330009,0.001781719,-0.000291645,0.000852699,0.001564426,-0.000291645,,,
1786043756775616148,1786043756.774929458,/novatel/oem7/odom,/novatel/oem7/fix,/novatel/oem7/odom,39.663,-75.756,-1.801330009,0.001781719,-0.000291645,0.000852699,0.001564426,-0.000291645,,,
1786043756787002512,1786043756.786445480,/novatel/oem7/inspva,/novatel/oem7/inspva,/novatel/oem7/inspva,39.663,-75.756,-1.801323018,0.001754193,-0.000354284,0.001641100,0.000619664,-0.000354284,,novatel_oem7_msgs.msg.InertialSolutionStatus(status=3),
1786043756788343253,1786043756.786611878,/novatel/oem7/fix,/novatel/oem7/fix,/novatel/oem7/inspva,39.663,-75.756,-1.801323018,0.001754193,-0.000354284,0.001641100,0.000619664,-0.000354284,,0,
1786043756789396620,1786043756.787056386,/novatel/oem7/odom,/novatel/oem7/fix,/novatel/oem7/odom,39.663,-75.756,-1.801323018,0.001755559,-0.000347452,0.000701461,0.001609329,-0.000347452,,,
1786043756795072833,1786043756.794359313,/novatel/oem7/odom,/novatel/oem7/fix,/novatel/oem7/odom,39.663,-75.756,-1.801323018,0.001755559,-0.000347452,0.000701461,0.001609329,-0.000347452,,,
1786043756807760210,1786043756.807205794,/novatel/oem7/inspva,/novatel/oem7/inspva,/novatel/oem7/inspva,39.663,-75.756,-1.801323023,0.001998453,-0.000663641,0.001806192,0.000855268,-0.000663641,,novatel_oem7_msgs.msg.InertialSolutionStatus(status=3),
1786043756809076903,1786043756.807383116,/novatel/oem7/fix,/novatel/oem7/fix,/novatel/oem7/inspva,39.663,-75.756,-1.801323023,0.001998453,-0.000663641,0.001806192,0.000855268,-0.000663641,,0,
1786043756810115447,1786043756.807845095,/novatel/oem7/odom,/novatel/oem7/fix,/novatel/oem7/odom,39.663,-75.756,-1.801323023,0.002001132,-0.000655517,0.000946083,0.001763365,-0.000655517,,,
1786043756811589692,1786043756.810404363,/novatel/oem7/bestpos,/novatel/oem7/bestpos,/novatel/oem7/odom,39.663,-75.756,33.181112207,0.002001132,-0.000655517,0.000946083,0.001763365,-0.000655517,,novatel_oem7_msgs.msg.SolutionStatus(status=0),novatel_oem7_msgs.msg.PositionOrVelocityType(type=53)
1786043756812511561,1786043756.810896485,/novatel/oem7/bestvel,/novatel/oem7/bestpos,/novatel/oem7/bestvel,39.663,-75.756,33.181112207,0.001880112,-0.000567115,,,,24.199459809,novatel_oem7_msgs.msg.SolutionStatus(status=0),novatel_oem7_msgs.msg.PositionOrVelocityType(type=53)
1786043756815907739,1786043756.815244815,/novatel/oem7/odom,/novatel/oem7/bestpos,/novatel/oem7/odom,39.663,-75.756,33.181112207,0.002001132,-0.000655517,0.000946083,0.001763365,-0.000655517,,,
1786043756825447347,1786043756.824910749,/novatel/oem7/inspva,/novatel/oem7/inspva,/novatel/oem7/inspva,39.663,-75.756,-1.801315134,0.001927854,-0.000619364,0.001745731,0.000817952,-0.000619364,,novatel_oem7_msgs.msg.InertialSolutionStatus(status=3),
1786043756826757944,1786043756.825071140,/novatel/oem7/fix,/novatel/oem7/fix,/novatel/oem7/inspva,39.663,-75.756,-1.801315134,0.001927854,-0.000619364,0.001745731,0.000817952,-0.000619364,,0,
1786043756827833548,1786043756.825502422,/novatel/oem7/odom,/novatel/oem7/fix,/novatel/oem7/odom,39.663,-75.756,-1.801315134,0.001930354,-0.000611526,0.000905652,0.001704718,-0.000611526,,,
1786043756835129178,1786043756.834430654,/novatel/oem7/odom,/novatel/oem7/fix,/novatel/oem7/odom,39.663,-75.756,-1.801315134,0.001930354,-0.000611526,0.000905652,0.001704718,-0.000611526,,,
1786043756847057764,1786043756.846534938,/novatel/oem7/inspva,/novatel/oem7/inspva,/novatel/oem7/inspva,39.663,-75.756,-1.801313170,0.002054443,-0.000368217,0.001878695,0.000831408,-0.000368217,,novatel_oem7_msgs.msg.InertialSolutionStatus(status=3),
1786043756848432024,1786043756.846725344,/novatel/oem7/fix,/novatel/oem7/fix,/novatel/oem7/inspva,39.663,-75.756,-1.801313170,0.002054443,-0.000368217,0.001878695,0.000831408,-0.000368217,,0,
1786043756849497082,1786043756.847056961,/novatel/oem7/odom,/novatel/oem7/fix,/novatel/oem7/odom,39.663,-75.756,-1.801313170,0.002055907,-0.000359953,0.000924755,0.001836186,-0.000359953,,,
1786043756857439975,1786043756.856772351,/novatel/oem7/odom,/novatel/oem7/fix,/novatel/oem7/odom,39.663,-75.756,-1.801313170,0.002055907,-0.000359953,0.000924755,0.001836186,-0.000359953,,,
1786043756865543869,1786043756.864995643,/novatel/oem7/inspva,/novatel/oem7/inspva,/novatel/oem7/inspva,39.663,-75.756,-1.801309947,0.001981721,-0.000551932,0.001812182,0.000802007,-0.000551932,,novatel_oem7_msgs.msg.InertialSolutionStatus(status=3),
1786043756867196322,1786043756.865137922,/novatel/oem7/fix,/novatel/oem7/fix,/novatel/oem7/inspva,39.663,-75.756,-1.801309947,0.001981721,-0.000551932,0.001812182,0.000802007,-0.000551932,,0,
1786043756868371214,1786043756.865584573,/novatel/oem7/odom,/novatel/oem7/fix,/novatel/oem7/odom,39.663,-75.756,-1.801309947,0.001983923,-0.000543963,0.000892754,0.001771706,-0.000543963,,,
1786043756875296623,1786043756.874625660,/novatel/oem7/odom,/novatel/oem7/fix,/novatel/oem7/odom,39.663,-75.756,-1.801309947,0.001983923,-0.000543963,0.000892754,0.001771706,-0.000543963,,,
1786043756885697774,1786043756.885148362,/novatel/oem7/inspva,/novatel/oem7/inspva,/novatel/oem7/inspva,39.663,-75.756,-1.801308689,0.002156766,-0.000352298,0.001886535,0.001045287,-0.000352298,,novatel_oem7_msgs.msg.InertialSolutionStatus(status=3),
1786043756887068848,1786043756.885304707,/novatel/oem7/fix,/novatel/oem7/fix,/novatel/oem7/inspva,39.663,-75.756,-1.801308689,0.002156766,-0.000352298,0.001886535,0.001045287,-0.000352298,,0,
1786043756888147285,1786043756.885918620,/novatel/oem7/odom,/novatel/oem7/fix,/novatel/oem7/odom,39.663,-75.756,-1.801308689,0.002158220,-0.000343275,0.001138700,0.001833379,-0.000343275,,,
1786043756895498896,1786043756.894836119,/novatel/oem7/odom,/novatel/oem7/fix,/novatel/oem7/odom,39.663,-75.756,-1.801308689,0.002158220,-0.000343275,0.001138700,0.001833379,-0.000343275,,,
1786043756906542169,1786043756.905959311,/novatel/oem7/inspva,/novatel/oem7/inspva,/novatel/oem7/inspva,39.663,-75.756,-1.801302448,0.002128066,-0.000290509,0.001951431,0.000848871,-0.000290509,,novatel_oem7_msgs.msg.InertialSolutionStatus(status=3),
1786043756907885080,1786043756.906116355,/novatel/oem7/fix,/novatel/oem7/fix,/novatel/oem7/inspva,39.663,-75.756,-1.801302448,0.002128066,-0.000290509,0.001951431,0.000848871,-0.000290509,,0,
1786043756908946184,1786043756.906547173,/novatel/oem7/odom,/novatel/oem7/fix,/novatel/oem7/odom,39.663,-75.756,-1.801302448,0.002129213,-0.000281980,0.000945502,0.001907767,-0.000281980,,,
1786043756910446992,1786043756.909201770,/novatel/oem7/bestpos,/novatel/oem7/bestpos,/novatel/oem7/odom,39.663,-75.756,33.181125592,0.002129213,-0.000281980,0.000945502,0.001907767,-0.000281980,,novatel_oem7_msgs.msg.SolutionStatus(status=0),novatel_oem7_msgs.msg.PositionOrVelocityType(type=53)
1786043756911367115,1786043756.909868067,/novatel/oem7/bestvel,/novatel/oem7/bestpos,/novatel/oem7/bestvel,39.663,-75.756,33.181125592,0.002370143,-0.000441990,,,,20.949646967,novatel_oem7_msgs.msg.SolutionStatus(status=0),novatel_oem7_msgs.msg.PositionOrVelocityType(type=53)
1786043756914995101,1786043756.914332607,/novatel/oem7/odom,/novatel/oem7/bestpos,/novatel/oem7/odom,39.663,-75.756,33.181125592,0.002129213,-0.000281980,0.000945502,0.001907767,-0.000281980,,,
1786043756925855830,1786043756.925321071,/novatel/oem7/inspva,/novatel/oem7/inspva,/novatel/oem7/inspva,39.663,-75.756,-1.801303021,0.001865010,-0.000592619,0.001556696,0.001027113,-0.000592619,,novatel_oem7_msgs.msg.InertialSolutionStatus(status=3),
1786043756927186726,1786043756.925479633,/novatel/oem7/fix,/novatel/oem7/fix,/novatel/oem7/inspva,39.663,-75.756,-1.801303021,0.001865010,-0.000592619,0.001556696,0.001027113,-0.000592619,,0,
1786043756928228937,1786043756.926138993,/novatel/oem7/odom,/novatel/oem7/fix,/novatel/oem7/odom,39.663,-75.756,-1.801303021,0.001867542,-0.000584590,0.001105087,0.001505489,-0.000584590,,,
1786043756936373365,1786043756.935704895,/novatel/oem7/odom,/novatel/oem7/fix,/novatel/oem7/odom,39.663,-75.756,-1.801303021,0.001867542,-0.000584590,0.001105087,0.001505489,-0.000584590,,,
1786043756945655638,1786043756.945117486,/novatel/oem7/inspva,/novatel/oem7/inspva,/novatel/oem7/inspva,39.663,-75.756,-1.801295889,0.001946115,-0.000487561,0.001737463,0.000876691,-0.000487561,,novatel_oem7_msgs.msg.InertialSolutionStatus(status=3),
1786043756946986201,1786043756.945276567,/novatel/oem7/fix,/novatel/oem7/fix,/novatel/oem7/inspva,39.663,-75.756,-1.801295889,0.001946115,-0.000487561,0.001737463,0.000876691,-0.000487561,,0,
1786043756948026879,1786043756.945806407,/novatel/oem7/odom,/novatel/oem7/fix,/novatel/oem7/odom,39.663,-75.756,-1.801295889,0.001948105,-0.000479549,0.000963434,0.001693194,-0.000479549,,,
1786043756956312148,1786043756.955678915,/novatel/oem7/odom,/novatel/oem7/fix,/novatel/oem7/odom,39.663,-75.756,-1.801295889,0.001948105,-0.000479549,0.000963434,0.001693194,-0.000479549,,,
1786043756966160150,1786043756.965646675,/novatel/oem7/inspva,/novatel/oem7/inspva,/novatel/oem7/inspva,39.663,-75.756,-1.801287995,0.001373622,0.000013093,0.001162775,0.000731294,0.000013093,,novatel_oem7_msgs.msg.InertialSolutionStatus(status=3),
1786043756967959938,1786043756.965786973,/novatel/oem7/fix,/novatel/oem7/fix,/novatel/oem7/inspva,39.663,-75.756,-1.801287995,0.001373622,0.000013093,0.001162775,0.000731294,0.000013093,,0,
1786043756969459383,1786043756.967739387,/novatel/oem7/odom,/novatel/oem7/fix,/novatel/oem7/odom,39.663,-75.756,-1.801287995,0.001373553,0.000018961,0.000787940,0.001125077,0.000018961,,,
1786043756975314062,1786043756.974678499,/novatel/oem7/odom,/novatel/oem7/fix,/novatel/oem7/odom,39.663,-75.756,-1.801287995,0.001373553,0.000018961,0.000787940,0.001125077,0.000018961,,,
1786043756985627922,1786043756.985115573,/novatel/oem7/inspva,/novatel/oem7/inspva,/novatel/oem7/inspva,39.663,-75.756,-1.801282533,0.001917558,-0.000181436,0.001779482,0.000714474,-0.000181436,,novatel_oem7_msgs.msg.InertialSolutionStatus(status=3),
1786043756986912681,1786043756.985278902,/novatel/oem7/fix,/novatel/oem7/fix,/novatel/oem7/inspva,39.663,-75.756,-1.801282533,0.001917558,-0.000181436,0.001779482,0.000714474,-0.000181436,,0,
1786043756987951039,1786043756.985756863,/novatel/oem7/odom,/novatel/oem7/fix,/novatel/oem7/odom,39.663,-75.756,-1.801282533,0.001918261,-0.000173854,0.000802399,0.001742377,-0.000173854,,,
1786043756996124637,1786043756.995515834,/novatel/oem7/odom,/novatel/oem7/fix,/novatel/oem7/odom,39.663,-75.756,-1.801282533,0.001918261,-0.000173854,0.000802399,0.001742377,-0.000173854,,,
1786043757010761500,1786043757.010243478,/novatel/oem7/inspva,/novatel/oem7/inspva,/novatel/oem7/inspva,39.663,-75.756,-1.801283340,0.001559222,-0.000715575,0.001448766,0.000576414,-0.000715575,,novatel_oem7_msgs.msg.InertialSolutionStatus(status=3),
1786043757012076350,1786043757.010399337,/novatel/oem7/fix,/novatel/oem7/fix,/novatel/oem7/inspva,39.663,-75.756,-1.801283340,0.001559222,-0.000715575,0.001448766,0.000576414,-0.000715575,,0,
1786043757013568058,1786043757.011683396,/novatel/oem7/odom,/novatel/oem7/fix,/novatel/oem7/odom,39.663,-75.756,-1.801283340,0.001562030,-0.000709425,0.000650084,0.001420327,-0.000709425,,,
1786043757015629156,1786043757.014972106,/novatel/oem7/odom,/novatel/oem7/fix,/novatel/oem7/odom,39.663,-75.756,-1.801283340,0.001562030,-0.000709425,0.000650084,0.001420327,-0.000709425,,,
1786043757026461798,1786043757.025882685,/novatel/oem7/bestpos,/novatel/oem7/bestpos,/novatel/oem7/odom,39.663,-75.756,33.181139088,0.001562030,-0.000709425,0.000650084,0.001420327,-0.000709425,,novatel_oem7_msgs.msg.SolutionStatus(status=0),novatel_oem7_msgs.msg.PositionOrVelocityType(type=53)
1786043757028109387,1786043757.026355840,/novatel/oem7/bestvel,/novatel/oem7/bestpos,/novatel/oem7/bestvel,39.663,-75.756,33.181139088,0.001678272,-0.000730279,,,,13.806232458,novatel_oem7_msgs.msg.SolutionStatus(status=0),novatel_oem7_msgs.msg.PositionOrVelocityType(type=53)
1786043757029297469,1786043757.027276386,/novatel/oem7/inspva,/novatel/oem7/inspva,/novatel/oem7/inspva,39.663,-75.756,-1.801278193,0.002352431,-0.000716916,0.002296184,0.000511342,-0.000716916,,novatel_oem7_msgs.msg.InertialSolutionStatus(status=3),
1786043757030591286,1786043757.027475431,/novatel/oem7/fix,/novatel/oem7/fix,/novatel/oem7/inspva,39.663,-75.756,-1.801278193,0.002352431,-0.000716916,0.002296184,0.000511342,-0.000716916,,0,
1786043757031622199,1786043757.029094017,/novatel/oem7/odom,/novatel/oem7/fix,/novatel/oem7/odom,39.663,-75.756,-1.801278193,0.002354954,-0.000708585,0.000627059,0.002269935,-0.000708585,,,
1786043757035471378,1786043757.034835928,/novatel/oem7/odom,/novatel/oem7/fix,/novatel/oem7/odom,39.663,-75.756,-1.801278193,0.002354954,-0.000708585,0.000627059,0.002269935,-0.000708585,,,
1786043757046003586,1786043757.045520628,/novatel/oem7/inspva,/novatel/oem7/inspva,/novatel/oem7/inspva,39.663,-75.756,-1.801271727,0.001701295,-0.000597476,0.001531952,0.000739951,-0.000597476,,novatel_oem7_msgs.msg.InertialSolutionStatus(status=3),
1786043757047285466,1786043757.045701100,/novatel/oem7/fix,/novatel/oem7/fix,/novatel/oem7/inspva,39.663,-75.756,-1.801271727,0.001701295,-0.000597476,0.001531952,0.000739951,-0.000597476,,0,
1786043757048299499,1786043757.046534529,/novatel/oem7/odom,/novatel/oem7/fix,/novatel/oem7/odom,39.663,-75.756,-1.801271727,0.001703721,-0.000590521,0.000817100,0.001494997,-0.000590521,,,
1786043757056700727,1786043757.056069591,/novatel/oem7/odom,/novatel/oem7/fix,/novatel/oem7/odom,39.663,-75.756,-1.801271727,0.001703721,-0.000590521,0.000817100,0.001494997,-0.000590521,,,
1786043757065596850,1786043757.065069844,/novatel/oem7/inspva,/novatel/oem7/inspva,/novatel/oem7/inspva,39.663,-75.756,-1.801269507,0.002253041,-0.000716983,0.002168996,0.000609632,-0.000716983,,novatel_oem7_msgs.msg.InertialSolutionStatus(status=3),
1786043757066880729,1786043757.065250069,/novatel/oem7/fix,/novatel/oem7/fix,/novatel/oem7/inspva,39.663,-75.756,-1.801269507,0.002253041,-0.000716983,0.002168996,0.000609632,-0.000716983,,0,
1786043757067894299,1786043757.065683494,/novatel/oem7/odom,/novatel/oem7/fix,/novatel/oem7/odom,39.663,-75.756,-1.801269507,0.002255668,-0.000708675,0.000718913,0.002138037,-0.000708675,,,
1786043757075111285,1786043757.074495769,/novatel/oem7/odom,/novatel/oem7/fix,/novatel/oem7/odom,39.663,-75.756,-1.801269507,0.002255668,-0.000708675,0.000718913,0.002138037,-0.000708675,,,
1786043757087229413,1786043757.086751508,/novatel/oem7/inspva,/novatel/oem7/inspva,/novatel/oem7/inspva,39.663,-75.756,-1.801274245,0.001540562,-0.001228124,0.001494572,0.000373612,-0.001228124,,novatel_oem7_msgs.msg.InertialSolutionStatus(status=3),
1786043757088540306,1786043757.086914200,/novatel/oem7/fix,/novatel/oem7/fix,/novatel/oem7/inspva,39.663,-75.756,-1.801274245,0.001540562,-0.001228124,0.001494572,0.000373612,-0.001228124,,0,
1786043757089549770,1786043757.087282997,/novatel/oem7/odom,/novatel/oem7/fix,/novatel/oem7/odom,39.663,-75.756,-1.801274245,0.001544993,-0.001222546,0.000451647,0.001477504,-0.001222546,,,
1786043757095444029,1786043757.094787402,/novatel/oem7/odom,/novatel/oem7/fix,/novatel/oem7/odom,39.663,-75.756,-1.801274245,0.001544993,-0.001222546,0.000451647,0.001477504,-0.001222546,,,
1786043757106303300,1786043757.105817316,/novatel/oem7/inspva,/novatel/oem7/inspva,/novatel/oem7/inspva,39.663,-75.756,-1.801272606,0.002343615,-0.001028494,0.002293882,0.000480246,-0.001028494,,novatel_oem7_msgs.msg.InertialSolutionStatus(status=3),
1786043757107596590,1786043757.105986381,/novatel/oem7/fix,/novatel/oem7/fix,/novatel/oem7/inspva,39.663,-75.756,-1.801272606,0.002343615,-0.001028494,0.002293882,0.000480246,-0.001028494,,0,
1786043757108611824,1786043757.106475252,/novatel/oem7/odom,/novatel/oem7/fix,/novatel/oem7/odom,39.663,-75.756,-1.801272606,0.002347213,-0.001020256,0.000597041,0.002270011,-0.001020256,,,
1786043757111720202,1786043757.111167576,/novatel/oem7/bestpos,/novatel/oem7/bestpos,/novatel/oem7/odom,39.663,-75.756,33.181171821,0.002347213,-0.001020256,0.000597041,0.002270011,-0.001020256,,novatel_oem7_msgs.msg.SolutionStatus(status=0),novatel_oem7_msgs.msg.PositionOrVelocityType(type=53)
1786043757113082688,1786043757.111592947,/novatel/oem7/bestvel,/novatel/oem7/bestpos,/novatel/oem7/bestvel,39.663,-75.756,33.181171821,0.003000566,-0.001216028,,,,0.899718071,novatel_oem7_msgs.msg.SolutionStatus(status=0),novatel_oem7_msgs.msg.PositionOrVelocityType(type=53)
1786043757116061608,1786043757.115451166,/novatel/oem7/odom,/novatel/oem7/bestpos,/novatel/oem7/odom,39.663,-75.756,33.181171821,0.002347213,-0.001020256,0.000597041,0.002270011,-0.001020256,,,
1786043757126030515,1786043757.125449432,/novatel/oem7/inspva,/novatel/oem7/inspva,/novatel/oem7/inspva,39.663,-75.756,-1.801279680,0.002063835,-0.001199242,0.002063812,-0.000009700,-0.001199242,,novatel_oem7_msgs.msg.InertialSolutionStatus(status=3),
1786043757127708089,1786043757.125613514,/novatel/oem7/fix,/novatel/oem7/fix,/novatel/oem7/inspva,39.663,-75.756,-1.801279680,0.002063835,-0.001199242,0.002063812,-0.000009700,-0.001199242,,0,
1786043757128732195,1786043757.127083129,/novatel/oem7/odom,/novatel/oem7/fix,/novatel/oem7/odom,39.663,-75.756,-1.801279680,0.002067232,-0.001193376,0.000096912,0.002064959,-0.001193376,,,
1786043757135967288,1786043757.135330095,/novatel/oem7/odom,/novatel/oem7/fix,/novatel/oem7/odom,39.663,-75.756,-1.801279680,0.002067232,-0.001193376,0.000096912,0.002064959,-0.001193376,,,
1786043757146748049,1786043757.146227667,/novatel/oem7/inspva,/novatel/oem7/inspva,/novatel/oem7/inspva,39.663,-75.756,-1.801280426,0.002304871,-0.001173777,0.002291236,0.000250337,-0.001173777,,novatel_oem7_msgs.msg.InertialSolutionStatus(status=3),
1786043757148014805,1786043757.146411336,/novatel/oem7/fix,/novatel/oem7/fix,/novatel/oem7/inspva,39.663,-75.756,-1.801280426,0.002304871,-0.001173777,0.002291236,0.000250337,-0.001173777,,0,
1786043757149026302,1786043757.146872887,/novatel/oem7/odom,/novatel/oem7/fix,/novatel/oem7/odom,39.663,-75.756,-1.801280426,0.002308638,-0.001166351,0.000367773,0.002279156,-0.001166351,,,
1786043757156579428,1786043757.155918411,/novatel/oem7/odom,/novatel/oem7/fix,/novatel/oem7/odom,39.663,-75.756,-1.801280426,0.002308638,-0.001166351,0.000367773,0.002279156,-0.001166351,,,
1786043757165821004,1786043757.165309778,/novatel/oem7/inspva,/novatel/oem7/inspva,/novatel/oem7/inspva,39.663,-75.756,-1.801280377,0.001935749,-0.000728397,0.001877878,0.000469784,-0.000728397,,novatel_oem7_msgs.msg.InertialSolutionStatus(status=3),
1786043757167118960,1786043757.165481433,/novatel/oem7/fix,/novatel/oem7/fix,/novatel/oem7/inspva,39.663,-75.756,-1.801280377,0.001935749,-0.000728397,0.001877878,0.000469784,-0.000728397,,0,
1786043757168131777,1786043757.166126190,/novatel/oem7/odom,/novatel/oem7/fix,/novatel/oem7/odom,39.663,-75.756,-1.801280377,0.001938372,-0.000721388,0.000564855,0.001854245,-0.000721388,,,
1786043757176235081,1786043757.175606368,/novatel/oem7/odom,/novatel/oem7/fix,/novatel/oem7/odom,39.663,-75.756,-1.801280377,0.001938372,-0.000721388,0.000564855,0.001854245,-0.000721388,,,
1786043757185975332,1786043757.185487284,/novatel/oem7/inspva,/novatel/oem7/inspva,/novatel/oem7/inspva,39.663,-75.756,-1.801282362,0.001887090,-0.000844010,0.001816283,0.000512078,-0.000844010,,novatel_oem7_msgs.msg.InertialSolutionStatus(status=3),
1786043757187239025,1786043757.185636055,/novatel/oem7/fix,/novatel/oem7/fix,/novatel/oem7/inspva,39.663,-75.756,-1.801282362,0.001887090,-0.000844010,0.001816283,0.000512078,-0.000844010,,0,
1786043757188265165,1786043757.186045599,/novatel/oem7/odom,/novatel/oem7/fix,/novatel/oem7/odom,39.663,-75.756,-1.801282362,0.001890206,-0.000837007,0.000604473,0.001790947,-0.000837007,,,
1786043757195130724,1786043757.194479521,/novatel/oem7/odom,/novatel/oem7/fix,/novatel/oem7/odom,39.663,-75.756,-1.801282362,0.001890206,-0.000837007,0.000604473,0.001790947,-0.000837007,,,
1786043757206297002,1786043757.205803007,/novatel/oem7/inspva,/novatel/oem7/inspva,/novatel/oem7/inspva,39.663,-75.756,-1.801287139,0.001916670,-0.001150187,0.001895018,0.000287282,-0.001150187,,novatel_oem7_msgs.msg.InertialSolutionStatus(status=3),
1786043757207587212,1786043757.205957753,/novatel/oem7/fix,/novatel/oem7/fix,/novatel/oem7/inspva,39.663,-75.756,-1.801287139,0.001916670,-0.001150187,0.001895018,0.000287282,-0.001150187,,0,
1786043757208605269,1786043757.207060060,/novatel/oem7/odom,/novatel/oem7/fix,/novatel/oem7/odom,39.663,-75.756,-1.801287139,0.001920514,-0.001143757,0.000384944,0.001881540,-0.001143757,,,
1786043757211339296,1786043757.210802937,/novatel/oem7/bestpos,/novatel/oem7/bestpos,/novatel/oem7/odom,39.663,-75.756,33.181148129,0.001920514,-0.001143757,0.000384944,0.001881540,-0.001143757,,novatel_oem7_msgs.msg.SolutionStatus(status=0),novatel_oem7_msgs.msg.PositionOrVelocityType(type=53)
1786043757212713416,1786043757.211159138,/novatel/oem7/bestvel,/novatel/oem7/bestpos,/novatel/oem7/bestvel,39.663,-75.756,33.181148129,0.001798525,-0.001121156,,,,12.443429994,novatel_oem7_msgs.msg.SolutionStatus(status=0),novatel_oem7_msgs.msg.PositionOrVelocityType(type=53)
1786043757215502711,1786043757.214868482,/novatel/oem7/odom,/novatel/oem7/bestpos,/novatel/oem7/odom,39.663,-75.756,33.181148129,0.001920514,-0.001143757,0.000384944,0.001881540,-0.001143757,,,
1786043757225408227,1786043757.224909249,/novatel/oem7/inspva,/novatel/oem7/inspva,/novatel/oem7/inspva,39.663,-75.756,-1.801289126,0.001823455,-0.001201571,0.001791102,0.000341964,-0.001201571,,novatel_oem7_msgs.msg.InertialSolutionStatus(status=3),
1786043757226715414,1786043757.225060844,/novatel/oem7/fix,/novatel/oem7/fix,/novatel/oem7/inspva,39.663,-75.756,-1.801289126,0.001823455,-0.001201571,0.001791102,0.000341964,-0.001201571,,0,
1786043757227732661,1786043757.225457598,/novatel/oem7/odom,/novatel/oem7/fix,/novatel/oem7/odom,39.663,-75.756,-1.801289126,0.001827611,-0.001195239,0.000434603,0.001775185,-0.001195239,,,
1786043757236072584,1786043757.235451291,/novatel/oem7/odom,/novatel/oem7/fix,/novatel/oem7/odom,39.663,-75.756,-1.801289126,0.001827611,-0.001195239,0.000434603,0.001775185,-0.001195239,,,
1786043757245713241,1786043757.245220959,/novatel/oem7/inspva,/novatel/oem7/inspva,/novatel/oem7/inspva,39.663,-75.756,-1.801294181,0.002015651,-0.001048027,0.002010175,0.000148473,-0.001048027,,novatel_oem7_msgs.msg.InertialSolutionStatus(status=3),
1786043757247003974,1786043757.245364550,/novatel/oem7/fix,/novatel/oem7/fix,/novatel/oem7/inspva,39.663,-75.756,-1.801294181,0.002015651,-0.001048027,0.002010175,0.000148473,-0.001048027,,0,
1786043757248016434,1786043757.246113405,/novatel/oem7/odom,/novatel/oem7/fix,/novatel/oem7/odom,39.663,-75.756,-1.801294181,0.002018886,-0.001041780,0.000251620,0.002003145,-0.001041780,,,
1786043757256802995,1786043757.256156015,/novatel/oem7/odom,/novatel/oem7/fix,/novatel/oem7/odom,39.663,-75.756,-1.801294181,0.002018886,-0.001041780,0.000251620,0.002003145,-0.001041780,,,
1786043757266555613,1786043757.266048378,/novatel/oem7/inspva,/novatel/oem7/inspva,/novatel/oem7/inspva,39.663,-75.756,-1.801299825,0.001915034,-0.001086795,0.001893968,0.000283269,-0.001086795,,novatel_oem7_msgs.msg.InertialSolutionStatus(status=3),
1786043757267840949,1786043757.266197449,/novatel/oem7/fix,/novatel/oem7/fix,/novatel/oem7/inspva,39.663,-75.756,-1.801299825,0.001915034,-0.001086795,0.001893968,0.000283269,-0.001086795,,0,
1786043757268845559,1786043757.266640637,/novatel/oem7/odom,/novatel/oem7/fix,/novatel/oem7/odom,39.663,-75.756,-1.801299825,0.001918656,-0.001080387,0.000380651,0.001880518,-0.001080387,,,
1786043757275309974,1786043757.274674101,/novatel/oem7/odom,/novatel/oem7/fix,/novatel/oem7/odom,39.663,-75.756,-1.801299825,0.001918656,-0.001080387,0.000380651,0.001880518,-0.001080387,,,
1786043757285606120,1786043757.285099315,/novatel/oem7/inspva,/novatel/oem7/inspva,/novatel/oem7/inspva,39.663,-75.756,-1.801307836,0.002042800,-0.001090543,0.002041631,0.000069092,-0.001090543,,novatel_oem7_msgs.msg.InertialSolutionStatus(status=3),
1786043757286893183,1786043757.285250657,/novatel/oem7/fix,/novatel/oem7/fix,/novatel/oem7/inspva,39.663,-75.756,-1.801307836,0.002042800,-0.001090543,0.002041631,0.000069092,-0.001090543,,0,
1786043757287930534,1786043757.285725395,/novatel/oem7/odom,/novatel/oem7/fix,/novatel/oem7/odom,39.663,-75.756,-1.801307836,0.002046024,-0.001084482,0.000174031,0.002038609,-0.001084482,,,
1786043757296108409,1786043757.295481239,/novatel/oem7/odom,/novatel/oem7/fix,/novatel/oem7/odom,39.663,-75.756,-1.801307836,0.002046024,-0.001084482,0.000174031,0.002038609,-0.001084482,,,
1786043757306557470,1786043757.306051828,/novatel/oem7/inspva,/novatel/oem7/inspva,/novatel/oem7/inspva,39.663,-75.756,-1.801311770,0.001803079,-0.000947756,0.001802648,0.000039422,-0.000947756,,novatel_oem7_msgs.msg.InertialSolutionStatus(status=3),
1786043757307877253,1786043757.306214657,/novatel/oem7/fix,/novatel/oem7/fix,/novatel/oem7/inspva,39.663,-75.756,-1.801311770,0.001803079,-0.000947756,0.001802648,0.000039422,-0.000947756,,0,
1786043757308917487,1786043757.306660108,/novatel/oem7/odom,/novatel/oem7/fix,/novatel/oem7/odom,39.663,-75.756,-1.801311770,0.001805839,-0.000942488,0.000132052,0.001801004,-0.000942488,,,
1786043757311276654,1786043757.310724402,/novatel/oem7/bestpos,/novatel/oem7/bestpos,/novatel/oem7/odom,39.663,-75.756,33.181120671,0.001805839,-0.000942488,0.000132052,0.001801004,-0.000942488,,novatel_oem7_msgs.msg.SolutionStatus(status=0),novatel_oem7_msgs.msg.PositionOrVelocityType(type=53)
1786043757312669675,1786043757.311175596,/novatel/oem7/bestvel,/novatel/oem7/bestpos,/novatel/oem7/bestvel,39.663,-75.756,33.181120671,0.001541517,-0.000938608,,,,13.753431421,novatel_oem7_msgs.msg.SolutionStatus(status=0),novatel_oem7_msgs.msg.PositionOrVelocityType(type=53)
1786043757315406295,1786043757.314536036,/novatel/oem7/odom,/novatel/oem7/bestpos,/novatel/oem7/odom,39.663,-75.756,33.181120671,0.001805839,-0.000942488,0.000132052,0.001801004,-0.000942488,,,
1786043757327123623,1786043757.326610924,/novatel/oem7/inspva,/novatel/oem7/inspva,/novatel/oem7/inspva,39.663,-75.756,-1.801319608,0.001952664,-0.001003910,0.001950175,0.000098554,-0.001003910,,novatel_oem7_msgs.msg.InertialSolutionStatus(status=3),
1786043757328463903,1786043757.326786963,/novatel/oem7/fix,/novatel/oem7/fix,/novatel/oem7/inspva,39.663,-75.756,-1.801319608,0.001952664,-0.001003910,0.001950175,0.000098554,-0.001003910,,0,
1786043757329512020,1786043757.327205967,/novatel/oem7/odom,/novatel/oem7/fix,/novatel/oem7/odom,39.663,-75.756,-1.801319608,0.001955670,-0.000998040,0.000198596,0.001945561,-0.000998040,,,
1786043757335629438,1786043757.334966225,/novatel/oem7/odom,/novatel/oem7/fix,/novatel/oem7/odom,39.663,-75.756,-1.801319608,0.001955670,-0.000998040,0.000198596,0.001945561,-0.000998040,,,
1786043757345392706,1786043757.344893724,/novatel/oem7/inspva,/novatel/oem7/inspva,/novatel/oem7/inspva,39.663,-75.756,-1.801322381,0.001729606,-0.000873385,0.001714887,0.000225169,-0.000873385,,novatel_oem7_msgs.msg.InertialSolutionStatus(status=3),
1786043757346717783,1786043757.345037082,/novatel/oem7/fix,/novatel/oem7/fix,/novatel/oem7/inspva,39.663,-75.756,-1.801322381,0.001729606,-0.000873385,0.001714887,0.000225169,-0.000873385,,0,
1786043757347741293,1786043757.345459683,/novatel/oem7/odom,/novatel/oem7/fix,/novatel/oem7/odom,39.663,-75.756,-1.801322381,0.001732454,-0.000867723,0.000312936,0.001703957,-0.000867723,,,
1786043757356327402,1786043757.355659598,/novatel/oem7/odom,/novatel/oem7/fix,/novatel/oem7/odom,39.663,-75.756,-1.801322381,0.001732454,-0.000867723,0.000312936,0.001703957,-0.000867723,,,
1786043757366071256,1786043757.365360259,/novatel/oem7/inspva,/novatel/oem7/inspva,/novatel/oem7/inspva,39.663,-75.756,-1.801329409,0.001836198,-0.000942173,0.001826912,-0.000184439,-0.000942173,,novatel_oem7_msgs.msg.InertialSolutionStatus(status=3),
1786043757367565471,1786043757.365553264,/novatel/oem7/fix,/novatel/oem7/fix,/novatel/oem7/inspva,39.663,-75.756,-1.801329409,0.001836198,-0.000942173,0.001826912,-0.000184439,-0.000942173,,0,
1786043757368685563,1786043757.366175034,/novatel/oem7/odom,/novatel/oem7/fix,/novatel/oem7/odom,39.663,-75.756,-1.801329409,0.001838515,-0.000937643,-0.000090362,0.001836293,-0.000937643,,,
1786043757375806780,1786043757.375092700,/novatel/oem7/odom,/novatel/oem7/fix,/novatel/oem7/odom,39.663,-75.756,-1.801329409,0.001838515,-0.000937643,-0.000090362,0.001836293,-0.000937643,,,
1786043757386877141,1786043757.386295782,/novatel/oem7/inspva,/novatel/oem7/inspva,/novatel/oem7/inspva,39.663,-75.756,-1.801332008,0.001723989,-0.000852436,0.001721849,-0.000085873,-0.000852436,,novatel_oem7_msgs.msg.InertialSolutionStatus(status=3),
1786043757388277975,1786043757.386458707,/novatel/oem7/fix,/novatel/oem7/fix,/novatel/oem7/inspva,39.663,-75.756,-1.801332008,0.001723989,-0.000852436,0.001721849,-0.000085873,-0.000852436,,0,
1786043757389327776,1786043757.386952376,/novatel/oem7/odom,/novatel/oem7/fix,/novatel/oem7/odom,39.663,-75.756,-1.801332008,0.001726244,-0.000847859,0.000002542,0.001726242,-0.000847859,,,
1786043757395416470,1786043757.394742934,/novatel/oem7/odom,/novatel/oem7/fix,/novatel/oem7/odom,39.663,-75.756,-1.801332008,0.001726244,-0.000847859,0.000002542,0.001726242,-0.000847859,,,
1786043757406817405,1786043757.406266202,/novatel/oem7/inspva,/novatel/oem7/inspva,/novatel/oem7/inspva,39.663,-75.756,-1.801338388,0.001812510,-0.000586758,0.001811251,-0.000067561,-0.000586758,,novatel_oem7_msgs.msg.InertialSolutionStatus(status=3),
1786043757408249945,1786043757.406403020,/novatel/oem7/fix,/novatel/oem7/fix,/novatel/oem7/inspva,39.663,-75.756,-1.801338388,0.001812510,-0.000586758,0.001811251,-0.000067561,-0.000586758,,0,
1786043757409293269,1786043757.407096207,/novatel/oem7/odom,/novatel/oem7/fix,/novatel/oem7/odom,39.663,-75.756,-1.801338388,0.001814086,-0.000581868,0.000024268,0.001813924,-0.000581868,,,
1786043757411217242,1786043757.410341383,/novatel/oem7/bestpos,/novatel/oem7/bestpos,/novatel/oem7/odom,39.663,-75.756,33.181095585,0.001814086,-0.000581868,0.000024268,0.001813924,-0.000581868,,novatel_oem7_msgs.msg.SolutionStatus(status=0),novatel_oem7_msgs.msg.PositionOrVelocityType(type=53)
1786043757412661903,1786043757.410716907,/novatel/oem7/bestvel,/novatel/oem7/bestpos,/novatel/oem7/bestvel,39.663,-75.756,33.181095585,0.001806132,-0.000825885,,,,15.248303488,novatel_oem7_msgs.msg.SolutionStatus(status=0),novatel_oem7_msgs.msg.PositionOrVelocityType(type=53)
1786043757416837415,1786043757.416098361,/novatel/oem7/odom,/novatel/oem7/bestpos,/novatel/oem7/odom,39.663,-75.756,33.181095585,0.001814086,-0.000581868,0.000024268,0.001813924,-0.000581868,,,
1786043757426926706,1786043757.426249675,/novatel/oem7/inspva,/novatel/oem7/inspva,/novatel/oem7/inspva,39.663,-75.756,-1.801345932,0.001540976,-0.000985402,0.001539115,-0.000075702,-0.000985402,,novatel_oem7_msgs.msg.InertialSolutionStatus(status=3),
1786043757428366937,1786043757.426395901,/novatel/oem7/fix,/novatel/oem7/fix,/novatel/oem7/inspva,39.663,-75.756,-1.801345932,0.001540976,-0.000985402,0.001539115,-0.000075702,-0.000985402,,0,
1786043757429437157,1786043757.426900689,/novatel/oem7/odom,/novatel/oem7/fix,/novatel/oem7/odom,39.663,-75.756,-1.801345932,0.001543569,-0.000981335,0.000004118,0.001543564,-0.000981335,,,
1786043757435324400,1786043757.434614476,/novatel/oem7/odom,/novatel/oem7/fix,/novatel/oem7/odom,39.663,-75.756,-1.801345932,0.001543569,-0.000981335,0.000004118,0.001543564,-0.000981335,,,
1786043757447224729,1786043757.446550536,/novatel/oem7/inspva,/novatel/oem7/inspva,/novatel/oem7/inspva,39.663,-75.756,-1.801350925,0.001643803,-0.000598947,0.001615365,-0.000304444,-0.000598947,,novatel_oem7_msgs.msg.InertialSolutionStatus(status=3),
1786043757448904819,1786043757.446697347,/novatel/oem7/fix,/novatel/oem7/fix,/novatel/oem7/inspva,39.663,-75.756,-1.801350925,0.001643803,-0.000598947,0.001615365,-0.000304444,-0.000598947,,0,
1786043757450243813,1786043757.447163779,/novatel/oem7/odom,/novatel/oem7/fix,/novatel/oem7/odom,39.663,-75.756,-1.801350925,0.001645064,-0.000595476,-0.000221991,0.001630017,-0.000595476,,,
1786043757457286846,1786043757.456556919,/novatel/oem7/odom,/novatel/oem7/fix,/novatel/oem7/odom,39.663,-75.756,-1.801350925,0.001645064,-0.000595476,-0.000221991,0.001630017,-0.000595476,,,
1786043757465557486,1786043757.464917277,/novatel/oem7/inspva,/novatel/oem7/inspva,/novatel/oem7/inspva,39.663,-75.756,-1.801359662,0.001562843,-0.000836035,0.001519179,-0.000366840,-0.000836035,,novatel_oem7_msgs.msg.InertialSolutionStatus(status=3),
1786043757466941733,1786043757.465066404,/novatel/oem7/fix,/novatel/oem7/fix,/novatel/oem7/inspva,39.663,-75.756,-1.801359662,0.001562843,-0.000836035,0.001519179,-0.000366840,-0.000836035,,0,
1786043757467992057,1786043757.465486276,/novatel/oem7/odom,/novatel/oem7/fix,/novatel/oem7/odom,39.663,-75.756,-1.801359662,0.001564439,-0.000833044,-0.000288190,0.001537666,-0.000833044,,,
1786043757476055684,1786043757.475326344,/novatel/oem7/odom,/novatel/oem7/fix,/novatel/oem7/odom,39.663,-75.756,-1.801359662,0.001564439,-0.000833044,-0.000288190,0.001537666,-0.000833044,,,
1786043757485867443,1786043757.485238553,/novatel/oem7/inspva,/novatel/oem7/inspva,/novatel/oem7/inspva,39.663,-75.756,-1.801368624,0.001719193,-0.000847554,0.001676824,-0.000379322,-0.000847554,,novatel_oem7_msgs.msg.InertialSolutionStatus(status=3),
1786043757487278797,1786043757.485376882,/novatel/oem7/fix,/novatel/oem7/fix,/novatel/oem7/inspva,39.663,-75.756,-1.801368624,0.001719193,-0.000847554,0.001676824,-0.000379322,-0.000847554,,0,
1786043757488342428,1786043757.486062342,/novatel/oem7/odom,/novatel/oem7/fix,/novatel/oem7/odom,39.663,-75.756,-1.801368624,0.001720866,-0.000844152,-0.000292830,0.001695768,-0.000844152,,,
1786043757495692851,1786043757.494902493,/novatel/oem7/odom,/novatel/oem7/fix,/novatel/oem7/odom,39.663,-75.756,-1.801368624,0.001720866,-0.000844152,-0.000292830,0.001695768,-0.000844152,,,
1786043757506722752,1786043757.506027408,/novatel/oem7/inspva,/novatel/oem7/inspva,/novatel/oem7/inspva,39.663,-75.756,-1.801380482,0.001600892,-0.001098195,0.001535327,-0.000453461,-0.001098195,,novatel_oem7_msgs.msg.InertialSolutionStatus(status=3),
1786043757508095999,1786043757.506162483,/novatel/oem7/fix,/novatel/oem7/fix,/novatel/oem7/inspva,39.663,-75.756,-1.801380482,0.001600892,-0.001098195,0.001535327,-0.000453461,-0.001098195,,0,
1786043757509136796,1786043757.506635975,/novatel/oem7/odom,/novatel/oem7/fix,/novatel/oem7/odom,39.663,-75.756,-1.801380482,0.001602770,-0.001095452,-0.000372939,0.001558778,-0.001095452,,,
1786043757512062972,1786043757.511390662,/novatel/oem7/bestpos,/novatel/oem7/bestpos,/novatel/oem7/odom,39.663,-75.756,33.181055883,0.001602770,-0.001095452,-0.000372939,0.001558778,-0.001095452,,novatel_oem7_msgs.msg.SolutionStatus(status=0),novatel_oem7_msgs.msg.PositionOrVelocityType(type=53)
1786043757513963911,1786043757.513435876,/novatel/oem7/bestvel,/novatel/oem7/bestpos,/novatel/oem7/bestvel,39.663,-75.756,33.181055883,0.001960699,-0.001428969,,,,352.095477891,novatel_oem7_msgs.msg.SolutionStatus(status=0),novatel_oem7_msgs.msg.PositionOrVelocityType(type=53)
1786043757515629938,1786043757.514584554,/novatel/oem7/odom,/novatel/oem7/bestpos,/novatel/oem7/odom,39.663,-75.756,33.181055883,0.001602770,-0.001095452,-0.000372939,0.001558778,-0.001095452,,,
1786043757525695225,1786043757.525101423,/novatel/oem7/inspva,/novatel/oem7/inspva,/novatel/oem7/inspva,39.663,-75.756,-1.801390580,0.001720957,-0.000746118,0.001641378,-0.000517275,-0.000746118,,novatel_oem7_msgs.msg.InertialSolutionStatus(status=3),
1786043757527139803,1786043757.525251944,/novatel/oem7/fix,/novatel/oem7/fix,/novatel/oem7/inspva,39.663,-75.756,-1.801390580,0.001720957,-0.000746118,0.001641378,-0.000517275,-0.000746118,,0,
1786043757528270584,1786043757.525735066,/novatel/oem7/odom,/novatel/oem7/fix,/novatel/oem7/odom,39.663,-75.756,-1.801390580,0.001722170,-0.000743315,-0.000432737,0.001666916,-0.000743315,,,
1786043757536066459,1786043757.535369929,/novatel/oem7/odom,/novatel/oem7/fix,/novatel/oem7/odom,39.663,-75.756,-1.801390580,0.001722170,-0.000743315,-0.000432737,0.001666916,-0.000743315,,,
1786043757546547017,1786043757.545942728,/novatel/oem7/inspva,/novatel/oem7/inspva,/novatel/oem7/inspva,39.663,-75.756,-1.801404011,0.001685082,-0.001023089,0.001650032,-0.000341902,-0.001023089,,novatel_oem7_msgs.msg.InertialSolutionStatus(status=3),
1786043757548329008,1786043757.546084753,/novatel/oem7/fix,/novatel/oem7/fix,/novatel/oem7/inspva,39.663,-75.756,-1.801404011,0.001685082,-0.001023089,0.001650032,-0.000341902,-0.001023089,,0,
1786043757549672836,1786043757.546586341,/novatel/oem7/odom,/novatel/oem7/fix,/novatel/oem7/odom,39.663,-75.756,-1.801404011,0.001687169,-0.001019644,-0.000256129,0.001667614,-0.001019644,,,
1786043757556351979,1786043757.555675372,/novatel/oem7/odom,/novatel/oem7/fix,/novatel/oem7/odom,39.663,-75.756,-1.801404011,0.001687169,-0.001019644,-0.000256129,0.001667614,-0.001019644,,,
1786043757566842231,1786043757.566247082,/novatel/oem7/inspva,/novatel/oem7/inspva,/novatel/oem7/inspva,39.663,-75.756,-1.801419717,0.001566938,-0.001285524,0.001474537,-0.000530126,-0.001285524,,novatel_oem7_msgs.msg.InertialSolutionStatus(status=3),
1786043757568298255,1786043757.566399136,/novatel/oem7/fix,/novatel/oem7/fix,/novatel/oem7/inspva,39.663,-75.756,-1.801419717,0.001566938,-0.001285524,0.001474537,-0.000530126,-0.001285524,,0,
1786043757569402830,1786043757.567123780,/novatel/oem7/odom,/novatel/oem7/fix,/novatel/oem7/odom,39.663,-75.756,-1.801419717,0.001568811,-0.001283237,-0.000451868,0.001502326,-0.001283237,,,
1786043757576296832,1786043757.575588132,/novatel/oem7/odom,/novatel/oem7/fix,/novatel/oem7/odom,39.663,-75.756,-1.801419717,0.001568811,-0.001283237,-0.000451868,0.001502326,-0.001283237,,,
1786043757585850358,1786043757.585255965,/novatel/oem7/inspva,/novatel/oem7/inspva,/novatel/oem7/inspva,39.663,-75.756,-1.801429987,0.001683862,-0.001131063,0.001615982,-0.000473282,-0.001131063,,novatel_oem7_msgs.msg.InertialSolutionStatus(status=3),
1786043757587231502,1786043757.585406164,/novatel/oem7/fix,/novatel/oem7/fix,/novatel/oem7/inspva,39.663,-75.756,-1.801429987,0.001683862,-0.001131063,0.001615982,-0.000473282,-0.001131063,,0,
1786043757588315779,1786043757.585880348,/novatel/oem7/odom,/novatel/oem7/fix,/novatel/oem7/odom,39.663,-75.756,-1.801429987,0.001685801,-0.001128170,-0.000388675,0.001640384,-0.001128170,,,
1786043757596207588,1786043757.595515141,/novatel/oem7/odom,/novatel/oem7/fix,/novatel/oem7/odom,39.663,-75.756,-1.801429987,0.001685801,-0.001128170,-0.000388675,0.001640384,-0.001128170,,,
1786043757607120577,1786043757.606497698,/novatel/oem7/inspva,/novatel/oem7/inspva,/novatel/oem7/inspva,39.663,-75.756,-1.801442362,0.001330890,-0.000971562,0.001289696,-0.000328562,-0.000971562,,novatel_oem7_msgs.msg.InertialSolutionStatus(status=3),
1786043757608555192,1786043757.606644736,/novatel/oem7/fix,/novatel/oem7/fix,/novatel/oem7/inspva,39.663,-75.756,-1.801442362,0.001330890,-0.000971562,0.001289696,-0.000328562,-0.000971562,,0,
1786043757609651667,1786043757.607104094,/novatel/oem7/odom,/novatel/oem7/fix,/novatel/oem7/odom,39.663,-75.756,-1.801442362,0.001332699,-0.000969079,-0.000260854,0.001306921,-0.000969079,,,
1786043757611165388,1786043757.610371220,/novatel/oem7/bestpos,/novatel/oem7/bestpos,/novatel/oem7/odom,39.663,-75.756,33.180995036,0.001332699,-0.000969079,-0.000260854,0.001306921,-0.000969079,,novatel_oem7_msgs.msg.SolutionStatus(status=0),novatel_oem7_msgs.msg.PositionOrVelocityType(type=53)
1786043757612673360,1786043757.610823981,/novatel/oem7/bestvel,/novatel/oem7/bestpos,/novatel/oem7/bestvel,39.663,-75.756,33.180995036,0.001341992,-0.001192487,,,,1.824588500,novatel_oem7_msgs.msg.SolutionStatus(status=0),novatel_oem7_msgs.msg.PositionOrVelocityType(type=53)
1786043757616501605,1786043757.615789841,/novatel/oem7/odom,/novatel/oem7/bestpos,/novatel/oem7/odom,39.663,-75.756,33.180995036,0.001332699,-0.000969079,-0.000260854,0.001306921,-0.000969079,,,
1786043757626937960,1786043757.626207612,/novatel/oem7/inspva,/novatel/oem7/inspva,/novatel/oem7/inspva,39.663,-75.756,-1.801453885,0.001658509,-0.001151466,0.001636600,-0.000268686,-0.001151466,,novatel_oem7_msgs.msg.InertialSolutionStatus(status=3),
1786043757628305140,1786043757.626366294,/novatel/oem7/fix,/novatel/oem7/fix,/novatel/oem7/inspva,39.663,-75.756,-1.801453885,0.001658509,-0.001151466,0.001636600,-0.000268686,-0.001151466,,0,
1786043757629339414,1786043757.626849975,/novatel/oem7/odom,/novatel/oem7/fix,/novatel/oem7/odom,39.663,-75.756,-1.801453885,0.001661050,-0.001147797,-0.000183240,0.001650912,-0.001147797,,,
1786043757635376447,1786043757.634656447,/novatel/oem7/odom,/novatel/oem7/fix,/novatel/oem7/odom,39.663,-75.756,-1.801453885,0.001661050,-0.001147797,-0.000183240,0.001650912,-0.001147797,,,
1786043757645950970,1786043757.645327544,/novatel/oem7/inspva,/novatel/oem7/inspva,/novatel/oem7/inspva,39.663,-75.756,-1.801469482,0.001454163,-0.001249901,0.001426037,-0.000284616,-0.001249901,,novatel_oem7_msgs.msg.InertialSolutionStatus(status=3),
1786043757647312110,1786043757.645497382,/novatel/oem7/fix,/novatel/oem7/fix,/novatel/oem7/inspva,39.663,-75.756,-1.801469482,0.001454163,-0.001249901,0.001426037,-0.000284616,-0.001249901,,0,
1786043757648457701,1786043757.646113452,/novatel/oem7/odom,/novatel/oem7/fix,/novatel/oem7/odom,39.663,-75.756,-1.801469482,0.001456754,-0.001246880,-0.000209188,0.001441656,-0.001246880,,,
1786043757657274284,1786043757.656556183,/novatel/oem7/odom,/novatel/oem7/fix,/novatel/oem7/odom,39.663,-75.756,-1.801469482,0.001456754,-0.001246880,-0.000209188,0.001441656,-0.001246880,,,
1786043757666633280,1786043757.665971184,/novatel/oem7/inspva,/novatel/oem7/inspva,/novatel/oem7/inspva,39.663,-75.756,-1.801479620,0.001727850,-0.001167272,0.001718030,-0.000183950,-0.001167272,,novatel_oem7_msgs.msg.InertialSolutionStatus(status=3),
1786043757667974314,1786043757.666113252,/novatel/oem7/fix,/novatel/oem7/fix,/novatel/oem7/inspva,39.663,-75.756,-1.801479620,0.001727850,-0.001167272,0.001718030,-0.000183950,-0.001167272,,0,
1786043757668996044,1786043757.666596140,/novatel/oem7/odom,/novatel/oem7/fix,/novatel/oem7/odom,39.663,-75.756,-1.801479620,0.001730676,-0.001163077,-0.000094528,0.001728093,-0.001163077,,,
1786043757675026001,1786043757.674303734,/novatel/oem7/odom,/novatel/oem7/fix,/novatel/oem7/odom,39.663,-75.756,-1.801479620,0.001730676,-0.001163077,-0.000094528,0.001728093,-0.001163077,,,
1786043757685760602,1786043757.685161544,/novatel/oem7/inspva,/novatel/oem7/inspva,/novatel/oem7/inspva,39.663,-75.756,-1.801490789,0.001346319,-0.000914740,0.001344164,-0.000076134,-0.000914740,,novatel_oem7_msgs.msg.InertialSolutionStatus(status=3),
1786043757687147756,1786043757.685231317,/novatel/oem7/fix,/novatel/oem7/fix,/novatel/oem7/inspva,39.663,-75.756,-1.801490789,0.001346319,-0.000914740,0.001344164,-0.000076134,-0.000914740,,0,
1786043757688185356,1786043757.686087465,/novatel/oem7/odom,/novatel/oem7/fix,/novatel/oem7/odom,39.663,-75.756,-1.801490789,0.001348711,-0.000911209,-0.000006234,0.001348697,-0.000911209,,,
1786043757696113909,1786043757.695380288,/novatel/oem7/odom,/novatel/oem7/fix,/novatel/oem7/odom,39.663,-75.756,-1.801490789,0.001348711,-0.000911209,-0.000006234,0.001348697,-0.000911209,,,
1786043757706342118,1786043757.705710425,/novatel/oem7/inspva,/novatel/oem7/inspva,/novatel/oem7/inspva,39.663,-75.756,-1.801501369,0.001492912,-0.001079130,0.001492635,-0.000028777,-0.001079130,,novatel_oem7_msgs.msg.InertialSolutionStatus(status=3),
1786043757707908844,1786043757.705857253,/novatel/oem7/fix,/novatel/oem7/fix,/novatel/oem7/inspva,39.663,-75.756,-1.801501369,0.001492912,-0.001079130,0.001492635,-0.000028777,-0.001079130,,0,
1786043757708933351,1786043757.706391019,/novatel/oem7/odom,/novatel/oem7/fix,/novatel/oem7/odom,39.663,-75.756,-1.801501369,0.001495869,-0.001075027,0.000049014,0.001495066,-0.001075027,,,
1786043757710338861,1786043757.709728902,/novatel/oem7/bestpos,/novatel/oem7/bestpos,/novatel/oem7/odom,39.663,-75.756,33.180937873,0.001495869,-0.001075027,0.000049014,0.001495066,-0.001075027,,novatel_oem7_msgs.msg.SolutionStatus(status=0),novatel_oem7_msgs.msg.PositionOrVelocityType(type=53)
1786043757711714235,1786043757.710528297,/novatel/oem7/bestvel,/novatel/oem7/bestpos,/novatel/oem7/bestvel,39.663,-75.756,33.180937873,0.001500595,-0.001047917,,,,356.368110402,novatel_oem7_msgs.msg.SolutionStatus(status=0),novatel_oem7_msgs.msg.PositionOrVelocityType(type=53)
1786043757715029068,1786043757.714310595,/novatel/oem7/odom,/novatel/oem7/bestpos,/novatel/oem7/odom,39.663,-75.756,33.180937873,0.001495869,-0.001075027,0.000049014,0.001495066,-0.001075027,,,
1786043757727115959,1786043757.726500327,/novatel/oem7/inspva,/novatel/oem7/inspva,/novatel/oem7/inspva,39.663,-75.756,-1.801514810,0.001581900,-0.001145153,0.001578871,-0.000097858,-0.001145153,,novatel_oem7_msgs.msg.InertialSolutionStatus(status=3),
1786043757728483290,1786043757.726641379,/novatel/oem7/fix,/novatel/oem7/fix,/novatel/oem7/inspva,39.663,-75.756,-1.801514810,0.001581900,-0.001145153,0.001578871,-0.000097858,-0.001145153,,0,
1786043757729499453,1786043757.727046709,/novatel/oem7/odom,/novatel/oem7/fix,/novatel/oem7/odom,39.663,-75.756,-1.801514810,0.001584859,-0.001141055,-0.000015459,0.001584784,-0.001141055,,,
1786043757735622615,1786043757.734891357,/novatel/oem7/odom,/novatel/oem7/fix,/novatel/oem7/odom,39.663,-75.756,-1.801514810,0.001584859,-0.001141055,-0.000015459,0.001584784,-0.001141055,,,
1786043757745611499,1786043757.744956535,/novatel/oem7/inspva,/novatel/oem7/inspva,/novatel/oem7/inspva,39.663,-75.756,-1.801527199,0.001818921,-0.001220450,0.001816669,0.000090491,-0.001220450,,novatel_oem7_msgs.msg.InertialSolutionStatus(status=3),
1786043757746940405,1786043757.745101023,/novatel/oem7/fix,/novatel/oem7/fix,/novatel/oem7/inspva,39.663,-75.756,-1.801527199,0.001818921,-0.001220450,0.001816669,0.000090491,-0.001220450,,0,
1786043757747988145,1786043757.745507581,/novatel/oem7/odom,/novatel/oem7/fix,/novatel/oem7/odom,39.663,-75.756,-1.801527199,0.001822548,-0.001215027,0.000184669,0.001813168,-0.001215027,,,
1786043757756629055,1786043757.755877068,/novatel/oem7/odom,/novatel/oem7/fix,/novatel/oem7/odom,39.663,-75.756,-1.801527199,0.001822548,-0.001215027,0.000184669,0.001813168,-0.001215027,,,
1786043757765908275,1786043757.765274055,/novatel/oem7/inspva,/novatel/oem7/inspva,/novatel/oem7/inspva,39.663,-75.756,-1.801543562,0.002038343,-0.001364400,0.002038195,0.000024599,-0.001364400,,novatel_oem7_msgs.msg.InertialSolutionStatus(status=3),
1786043757767318059,1786043757.765409390,/novatel/oem7/fix,/novatel/oem7/fix,/novatel/oem7/inspva,39.663,-75.756,-1.801543562,0.002038343,-0.001364400,0.002038195,0.000024599,-0.001364400,,0,
1786043757768336266,1786043757.765996976,/novatel/oem7/odom,/novatel/oem7/fix,/novatel/oem7/odom,39.663,-75.756,-1.801543562,0.002042228,-0.001358579,0.000130338,0.002038064,-0.001358579,,,
1786043757775468664,1786043757.774732186,/novatel/oem7/odom,/novatel/oem7/fix,/novatel/oem7/odom,39.663,-75.756,-1.801543562,0.002042228,-0.001358579,0.000130338,0.002038064,-0.001358579,,,
1786043757786748214,1786043757.786083377,/novatel/oem7/inspva,/novatel/oem7/inspva,/novatel/oem7/inspva,39.663,-75.756,-1.801555479,0.001869261,-0.001181208,0.001867400,0.000083386,-0.001181208,,novatel_oem7_msgs.msg.InertialSolutionStatus(status=3),
1786043757788120541,1786043757.786221892,/novatel/oem7/fix,/novatel/oem7/fix,/novatel/oem7/inspva,39.663,-75.756,-1.801555479,0.001869261,-0.001181208,0.001867400,0.000083386,-0.001181208,,0,
1786043757789161055,1786043757.786692820,/novatel/oem7/odom,/novatel/oem7/fix,/novatel/oem7/odom,39.663,-75.756,-1.801555479,0.001872746,-0.001175674,0.000179925,0.001864083,-0.001175674,,,
1786043757795005543,1786043757.794284616,/novatel/oem7/odom,/novatel/oem7/fix,/novatel/oem7/odom,39.663,-75.756,-1.801555479,0.001872746,-0.001175674,0.000179925,0.001864083,-0.001175674,,,
1786043757806967393,1786043757.806343993,/novatel/oem7/inspva,/novatel/oem7/inspva,/novatel/oem7/inspva,39.663,-75.756,-1.801569324,0.001537342,-0.001070858,0.001525230,0.000192603,-0.001070858,,novatel_oem7_msgs.msg.InertialSolutionStatus(status=3),
1786043757808341030,1786043757.806501802,/novatel/oem7/fix,/novatel/oem7/fix,/novatel/oem7/inspva,39.663,-75.756,-1.801569324,0.001537342,-0.001070858,0.001525230,0.000192603,-0.001070858,,0,
1786043757809356867,1786043757.807035107,/novatel/oem7/odom,/novatel/oem7/fix,/novatel/oem7/odom,39.663,-75.756,-1.801569324,0.001540782,-0.001065902,0.000271700,0.001516638,-0.001065902,,,
1786043757810834608,1786043757.810165391,/novatel/oem7/bestpos,/novatel/oem7/bestpos,/novatel/oem7/odom,39.663,-75.756,33.180876752,0.001540782,-0.001065902,0.000271700,0.001516638,-0.001065902,,novatel_oem7_msgs.msg.SolutionStatus(status=0),novatel_oem7_msgs.msg.PositionOrVelocityType(type=53)
1786043757812196222,1786043757.810515042,/novatel/oem7/bestvel,/novatel/oem7/bestpos,/novatel/oem7/bestvel,39.663,-75.756,33.180876752,0.001630759,-0.000912794,,,,352.335570934,novatel_oem7_msgs.msg.SolutionStatus(status=0),novatel_oem7_msgs.msg.PositionOrVelocityType(type=53)
1786043757816125658,1786043757.815461938,/novatel/oem7/odom,/novatel/oem7/bestpos,/novatel/oem7/odom,39.663,-75.756,33.180876752,0.001540782,-0.001065902,0.000271700,0.001516638,-0.001065902,,,
1786043757825583933,1786043757.825018974,/novatel/oem7/inspva,/novatel/oem7/inspva,/novatel/oem7/inspva,39.663,-75.756,-1.801581652,0.001660511,-0.000983554,0.001646959,0.000211708,-0.000983554,,novatel_oem7_msgs.msg.InertialSolutionStatus(status=3),
1786043757826955020,1786043757.825152672,/novatel/oem7/fix,/novatel/oem7/fix,/novatel/oem7/inspva,39.663,-75.756,-1.801581652,0.001660511,-0.000983554,0.001646959,0.000211708,-0.000983554,,0,
1786043757827964727,1786043757.825637993,/novatel/oem7/odom,/novatel/oem7/fix,/novatel/oem7/odom,39.663,-75.756,-1.801581652,0.001663684,-0.000978176,0.000296477,0.001637054,-0.000978176,,,
1786043757835168842,1786043757.834464825,/novatel/oem7/odom,/novatel/oem7/fix,/novatel/oem7/odom,39.663,-75.756,-1.801581652,0.001663684,-0.000978176,0.000296477,0.001637054,-0.000978176,,,
1786043757847962204,1786043757.847340551,/novatel/oem7/inspva,/novatel/oem7/inspva,/novatel/oem7/inspva,39.663,-75.756,-1.801601736,0.001397342,-0.001586337,0.001395185,0.000077610,-0.001586337,,novatel_oem7_msgs.msg.InertialSolutionStatus(status=3),
1786043757849305420,1786043757.847548750,/novatel/oem7/fix,/novatel/oem7/fix,/novatel/oem7/inspva,39.663,-75.756,-1.801601736,0.001397342,-0.001586337,0.001395185,0.000077610,-0.001586337,,0,
1786043757850335394,1786043757.847953867,/novatel/oem7/odom,/novatel/oem7/fix,/novatel/oem7/odom,39.663,-75.756,-1.801601736,0.001402102,-0.001582131,0.000152296,0.001393806,-0.001582131,,,
1786043757857279703,1786043757.856581380,/novatel/oem7/odom,/novatel/oem7/fix,/novatel/oem7/odom,39.663,-75.756,-1.801601736,0.001402102,-0.001582131,0.000152296,0.001393806,-0.001582131,,,
1786043757865877000,1786043757.865228013,/novatel/oem7/inspva,/novatel/oem7/inspva,/novatel/oem7/inspva,39.663,-75.756,-1.801612658,0.001408520,-0.001431509,0.001407169,0.000061679,-0.001431509,,novatel_oem7_msgs.msg.InertialSolutionStatus(status=3),
1786043757867195003,1786043757.865373754,/novatel/oem7/fix,/novatel/oem7/fix,/novatel/oem7/inspva,39.663,-75.756,-1.801612658,0.001408520,-0.001431509,0.001407169,0.000061679,-0.001431509,,0,
1786043757868205887,1786043757.865835046,/novatel/oem7/odom,/novatel/oem7/fix,/novatel/oem7/odom,39.663,-75.756,-1.801612658,0.001412736,-0.001427348,0.000136394,0.001406137,-0.001427348,,,
1786043757875521193,1786043757.874795743,/novatel/oem7/odom,/novatel/oem7/fix,/novatel/oem7/odom,39.663,-75.756,-1.801612658,0.001412736,-0.001427348,0.000136394,0.001406137,-0.001427348,,,
1786043757885918700,1786043757.885329054,/novatel/oem7/inspva,/novatel/oem7/inspva,/novatel/oem7/inspva,39.663,-75.756,-1.801627007,0.001307846,-0.000969889,0.001307844,-0.000002521,-0.000969889,,novatel_oem7_msgs.msg.InertialSolutionStatus(status=3),
1786043757887299654,1786043757.885510333,/novatel/oem7/fix,/novatel/oem7/fix,/novatel/oem7/inspva,39.663,-75.756,-1.801627007,0.001307846,-0.000969889,0.001307844,-0.000002521,-0.000969889,,0,
1786043757888338648,1786043757.886105562,/novatel/oem7/odom,/novatel/oem7/fix,/novatel/oem7/odom,39.663,-75.756,-1.801627007,0.001310557,-0.000966222,0.000065703,0.001308909,-0.000966222,,,
1786043757895637505,1786043757.894909947,/novatel/oem7/odom,/novatel/oem7/fix,/novatel/oem7/odom,39.663,-75.756,-1.801627007,0.001310557,-0.000966222,0.000065703,0.001308909,-0.000966222,,,
1786043757906594607,1786043757.905940145,/novatel/oem7/inspva,/novatel/oem7/inspva,/novatel/oem7/inspva,39.663,-75.756,-1.801645289,0.001291284,-0.001293232,0.001290473,-0.000045756,-0.001293232,,novatel_oem7_msgs.msg.InertialSolutionStatus(status=3),
1786043757907933675,1786043757.906089166,/novatel/oem7/fix,/novatel/oem7/fix,/novatel/oem7/inspva,39.663,-75.756,-1.801645289,0.001291284,-0.001293232,0.001290473,-0.000045756,-0.001293232,,0,
1786043757908956958,1786043757.906593091,/novatel/oem7/odom,/novatel/oem7/fix,/novatel/oem7/odom,39.663,-75.756,-1.801645289,0.001294734,-0.001289779,0.000022851,0.001294532,-0.001289779,,,
1786043757910396642,1786043757.909577194,/novatel/oem7/bestpos,/novatel/oem7/bestpos,/novatel/oem7/odom,39.663,-75.756,33.180786974,0.001294734,-0.001289779,0.000022851,0.001294532,-0.001289779,,novatel_oem7_msgs.msg.SolutionStatus(status=0),novatel_oem7_msgs.msg.PositionOrVelocityType(type=53)
1786043757911770409,1786043757.910174743,/novatel/oem7/bestvel,/novatel/oem7/bestpos,/novatel/oem7/bestvel,39.663,-75.756,33.180786974,0.001266734,-0.001549196,,,,39.286471505,novatel_oem7_msgs.msg.SolutionStatus(status=0),novatel_oem7_msgs.msg.PositionOrVelocityType(type=53)
1786043757915020512,1786043757.914351122,/novatel/oem7/odom,/novatel/oem7/bestpos,/novatel/oem7/odom,39.663,-75.756,33.180786974,0.001294734,-0.001289779,0.000022851,0.001294532,-0.001289779,,,
1786043757925771503,1786043757.925188840,/novatel/oem7/inspva,/novatel/oem7/inspva,/novatel/oem7/inspva,39.663,-75.756,-1.801662706,0.001068015,-0.001123352,0.001023718,0.000304396,-0.001123352,,novatel_oem7_msgs.msg.InertialSolutionStatus(status=3),
1786043757927153347,1786043757.925351122,/novatel/oem7/fix,/novatel/oem7/fix,/novatel/oem7/inspva,39.663,-75.756,-1.801662706,0.001068015,-0.001123352,0.001023718,0.000304396,-0.001123352,,0,
1786043757928191731,1786043757.926021352,/novatel/oem7/odom,/novatel/oem7/fix,/novatel/oem7/odom,39.663,-75.756,-1.801662706,0.001072150,-0.001119406,0.000358756,0.001010346,-0.001119406,,,
1786043757937127013,1786043757.936360436,/novatel/oem7/odom,/novatel/oem7/fix,/novatel/oem7/odom,39.663,-75.756,-1.801662706,0.001072150,-0.001119406,0.000358756,0.001010346,-0.001119406,,,
1786043757945560668,1786043757.944963862,/novatel/oem7/inspva,/novatel/oem7/inspva,/novatel/oem7/inspva,39.663,-75.756,-1.801680172,0.000978309,-0.001123247,0.000978309,0.000001037,-0.001123247,,novatel_oem7_msgs.msg.InertialSolutionStatus(status=3),
1786043757946925545,1786043757.945129717,/novatel/oem7/fix,/novatel/oem7/fix,/novatel/oem7/inspva,39.663,-75.756,-1.801680172,0.000978309,-0.001123247,0.000978309,0.000001037,-0.001123247,,0,
1786043757948020782,1786043757.945597088,/novatel/oem7/odom,/novatel/oem7/fix,/novatel/oem7/odom,39.663,-75.756,-1.801680172,0.000981443,-0.001120510,0.000053524,0.000979983,-0.001120510,,,
1786043757956245828,1786043757.955613468,/novatel/oem7/odom,/novatel/oem7/fix,/novatel/oem7/odom,39.663,-75.756,-1.801680172,0.000981443,-0.001120510,0.000053524,0.000979983,-0.001120510,,,
1786043757967058367,1786043757.966571692,/novatel/oem7/inspva,/novatel/oem7/inspva,/novatel/oem7/inspva,39.663,-75.756,-1.801703399,0.001255929,-0.001564611,0.001227578,0.000265348,-0.001564611,,novatel_oem7_msgs.msg.InertialSolutionStatus(status=3),
1786043757968828855,1786043757.966735617,/novatel/oem7/fix,/novatel/oem7/fix,/novatel/oem7/inspva,39.663,-75.756,-1.801703399,0.001255929,-0.001564611,0.001227578,0.000265348,-0.001564611,,0,
1786043757969951972,1786043757.967576075,/novatel/oem7/odom,/novatel/oem7/fix,/novatel/oem7/odom,39.663,-75.756,-1.801703399,0.001261367,-0.001560230,0.000331436,0.001217044,-0.001560230,,,
1786043757975711630,1786043757.975003233,/novatel/oem7/odom,/novatel/oem7/fix,/novatel/oem7/odom,39.663,-75.756,-1.801703399,0.001261367,-0.001560230,0.000331436,0.001217044,-0.001560230,,,
1786043757985639003,1786043757.984952496,/novatel/oem7/inspva,/novatel/oem7/inspva,/novatel/oem7/inspva,39.663,-75.756,-1.801719516,0.001238390,-0.001312105,0.001237387,-0.000049836,-0.001312105,,novatel_oem7_msgs.msg.InertialSolutionStatus(status=3),
1786043757987009083,1786043757.985110968,/novatel/oem7/fix,/novatel/oem7/fix,/novatel/oem7/inspva,39.663,-75.756,-1.801719516,0.001238390,-0.001312105,0.001237387,-0.000049836,-0.001312105,,0,
1786043757988166301,1786043757.985471208,/novatel/oem7/odom,/novatel/oem7/fix,/novatel/oem7/odom,39.663,-75.756,-1.801719516,0.001241854,-0.001308827,0.000016195,0.001241748,-0.001308827,,,
1786043757995252002,1786043757.994578979,/novatel/oem7/odom,/novatel/oem7/fix,/novatel/oem7/odom,39.663,-75.756,-1.801719516,0.001241854,-0.001308827,0.000016195,0.001241748,-0.001308827,,,
1786043758008916492,1786043758.008339190,/novatel/oem7/inspva,/novatel/oem7/inspva,/novatel/oem7/inspva,39.663,-75.756,-1.801738860,0.001272647,-0.001259464,0.001250443,-0.000236692,-0.001259464,,novatel_oem7_msgs.msg.InertialSolutionStatus(status=3),
1786043758010276100,1786043758.008511788,/novatel/oem7/fix,/novatel/oem7/fix,/novatel/oem7/inspva,39.663,-75.756,-1.801738860,0.001272647,-0.001259464,0.001250443,-0.000236692,-0.001259464,,0,
1786043758012350347,1786043758.011581823,/novatel/oem7/odom,/novatel/oem7/fix,/novatel/oem7/odom,39.663,-75.756,-1.801738860,0.001275268,-0.001256809,-0.000169970,0.001263890,-0.001256809,,,
1786043758016237760,1786043758.015526115,/novatel/oem7/odom,/novatel/oem7/fix,/novatel/oem7/odom,39.663,-75.756,-1.801738860,0.001275268,-0.001256809,-0.000169970,0.001263890,-0.001256809,,,
1786043758027442175,1786043758.026780095,/novatel/oem7/bestpos,/novatel/oem7/bestpos,/novatel/oem7/odom,39.663,-75.756,33.180697175,0.001275268,-0.001256809,-0.000169970,0.001263890,-0.001256809,,novatel_oem7_msgs.msg.SolutionStatus(status=0),novatel_oem7_msgs.msg.PositionOrVelocityType(type=53)
1786043758028972070,1786043758.027169119,/novatel/oem7/bestvel,/novatel/oem7/bestpos,/novatel/oem7/bestvel,39.663,-75.756,33.180697175,0.001256629,-0.001355613,,,,357.475801841,novatel_oem7_msgs.msg.SolutionStatus(status=0),novatel_oem7_msgs.msg.PositionOrVelocityType(type=53)
1786043758029960690,1786043758.027538469,/novatel/oem7/inspva,/novatel/oem7/inspva,/novatel/oem7/inspva,39.663,-75.756,-1.801759562,0.001419854,-0.001055418,0.001381896,-0.000326109,-0.001055418,,novatel_oem7_msgs.msg.InertialSolutionStatus(status=3),
1786043758030806242,1786043758.027668274,/novatel/oem7/fix,/novatel/oem7/fix,/novatel/oem7/inspva,39.663,-75.756,-1.801759562,0.001419854,-0.001055418,0.001381896,-0.000326109,-0.001055418,,0,
1786043758031816772,1786043758.028054374,/novatel/oem7/odom,/novatel/oem7/fix,/novatel/oem7/odom,39.663,-75.756,-1.801759562,0.001421849,-0.001052729,-0.000253531,0.001399063,-0.001052729,,,
1786043758035348364,1786043758.034620804,/novatel/oem7/odom,/novatel/oem7/fix,/novatel/oem7/odom,39.663,-75.756,-1.801759562,0.001421849,-0.001052729,-0.000253531,0.001399063,-0.001052729,,,
1786043758045906183,1786043758.045313847,/novatel/oem7/inspva,/novatel/oem7/inspva,/novatel/oem7/inspva,39.663,-75.756,-1.801758453,0.001244717,-0.001788532,0.001168012,-0.000430195,-0.001788532,,novatel_oem7_msgs.msg.InertialSolutionStatus(status=3),
1786043758047338861,1786043758.045480199,/novatel/oem7/fix,/novatel/oem7/fix,/novatel/oem7/inspva,39.663,-75.756,-1.801758453,0.001244717,-0.001788532,0.001168012,-0.000430195,-0.001788532,,0,
1786043758048394272,1786043758.046105165,/novatel/oem7/odom,/novatel/oem7/fix,/novatel/oem7/odom,39.663,-75.756,-1.801758453,0.001247191,-0.001786808,-0.000365369,0.001192472,-0.001786808,,,
1786043758057208016,1786043758.056543240,/novatel/oem7/odom,/novatel/oem7/fix,/novatel/oem7/odom,39.663,-75.756,-1.801758453,0.001247191,-0.001786808,-0.000365369,0.001192472,-0.001786808,,,
1786043758065988291,1786043758.065350625,/novatel/oem7/inspva,/novatel/oem7/inspva,/novatel/oem7/inspva,39.663,-75.756,-1.801742534,0.001014818,-0.001541244,0.001011271,0.000084770,-0.001541244,,novatel_oem7_msgs.msg.InertialSolutionStatus(status=3),
1786043758067558797,1786043758.065503589,/novatel/oem7/fix,/novatel/oem7/fix,/novatel/oem7/inspva,39.663,-75.756,-1.801742534,0.001014818,-0.001541244,0.001011271,0.000084770,-0.001541244,,0,
1786043758068671491,1786043758.066057392,/novatel/oem7/odom,/novatel/oem7/fix,/novatel/oem7/odom,39.663,-75.756,-1.801742534,0.001019548,-0.001538119,0.000140304,0.001009848,-0.001538119,,,
1786043758075225417,1786043758.074578957,/novatel/oem7/odom,/novatel/oem7/fix,/novatel/oem7/odom,39.663,-75.756,-1.801742534,0.001019548,-0.001538119,0.000140304,0.001009848,-0.001538119,,,
1786043758087321155,1786043758.086815313,/novatel/oem7/inspva,/novatel/oem7/inspva,/novatel/oem7/inspva,39.663,-75.756,-1.801732051,0.001091536,-0.001146159,0.000859030,-0.000673438,-0.001146159,,novatel_oem7_msgs.msg.InertialSolutionStatus(status=3),
1786043758088687202,1786043758.086978951,/novatel/oem7/fix,/novatel/oem7/fix,/novatel/oem7/inspva,39.663,-75.756,-1.801732051,0.001091536,-0.001146159,0.000859030,-0.000673438,-0.001146159,,0,
1786043758089763496,1786043758.087324635,/novatel/oem7/odom,/novatel/oem7/fix,/novatel/oem7/odom,39.663,-75.756,-1.801732051,0.001091532,-0.001146163,-0.000625940,0.000894227,-0.001146163,,,
1786043758095418339,1786043758.094789270,/novatel/oem7/odom,/novatel/oem7/fix,/novatel/oem7/odom,39.663,-75.756,-1.801732051,0.001091532,-0.001146163,-0.000625940,0.000894227,-0.001146163,,,
1786043758106640772,1786043758.106072416,/novatel/oem7/inspva,/novatel/oem7/inspva,/novatel/oem7/inspva,39.663,-75.756,-1.801721030,0.000662397,-0.001326379,0.000658877,-0.000068192,-0.001326379,,novatel_oem7_msgs.msg.InertialSolutionStatus(status=3),
1786043758107979599,1786043758.106219281,/novatel/oem7/fix,/novatel/oem7/fix,/novatel/oem7/inspva,39.663,-75.756,-1.801721030,0.000662397,-0.001326379,0.000658877,-0.000068192,-0.001326379,,0,
1786043758109039866,1786043758.106642385,/novatel/oem7/odom,/novatel/oem7/fix,/novatel/oem7/odom,39.663,-75.756,-1.801721030,0.000665597,-0.001324776,-0.000030656,0.000664890,-0.001324776,,,
1786043758110836407,1786043758.109997749,/novatel/oem7/bestpos,/novatel/oem7/bestpos,/novatel/oem7/odom,39.663,-75.756,33.180730393,0.000665597,-0.001324776,-0.000030656,0.000664890,-0.001324776,,novatel_oem7_msgs.msg.SolutionStatus(status=0),novatel_oem7_msgs.msg.PositionOrVelocityType(type=53)
1786043758112223934,1786043758.110516164,/novatel/oem7/bestvel,/novatel/oem7/bestpos,/novatel/oem7/bestvel,39.663,-75.756,33.180730393,0.001232063,-0.001670106,,,,357.854510655,novatel_oem7_msgs.msg.SolutionStatus(status=0),novatel_oem7_msgs.msg.PositionOrVelocityType(type=53)
1786043758116381546,1786043758.115766247,/novatel/oem7/odom,/novatel/oem7/bestpos,/novatel/oem7/odom,39.663,-75.756,33.180730393,0.000665597,-0.001324776,-0.000030656,0.000664890,-0.001324776,,,
1786043758125841681,1786043758.125355929,/novatel/oem7/inspva,/novatel/oem7/inspva,/novatel/oem7/inspva,39.663,-75.756,-1.801710729,0.001187324,-0.001121064,0.001143842,-0.000318375,-0.001121064,,novatel_oem7_msgs.msg.InertialSolutionStatus(status=3),
1786043758127119990,1786043758.125524721,/novatel/oem7/fix,/novatel/oem7/fix,/novatel/oem7/inspva,39.663,-75.756,-1.801710729,0.001187324,-0.001121064,0.001143842,-0.000318375,-0.001121064,,0,
1786043758128161971,1786043758.126086590,/novatel/oem7/odom,/novatel/oem7/fix,/novatel/oem7/odom,39.663,-75.756,-1.801710729,0.001189244,-0.001119026,-0.000257305,0.001161075,-0.001119026,,,
1786043758135460334,1786043758.134825668,/novatel/oem7/odom,/novatel/oem7/fix,/novatel/oem7/odom,39.663,-75.756,-1.801710729,0.001189244,-0.001119026,-0.000257305,0.001161075,-0.001119026,,,
1786043758146783211,1786043758.146257145,/novatel/oem7/inspva,/novatel/oem7/inspva,/novatel/oem7/inspva,39.663,-75.756,-1.801698085,0.001067687,-0.001154011,0.001012010,-0.000340280,-0.001154011,,novatel_oem7_msgs.msg.InertialSolutionStatus(status=3),
1786043758148098194,1786043758.146398757,/novatel/oem7/fix,/novatel/oem7/fix,/novatel/oem7/inspva,39.663,-75.756,-1.801698085,0.001067687,-0.001154011,0.001012010,-0.000340280,-0.001154011,,0,
1786043758149162534,1786043758.146975769,/novatel/oem7/odom,/novatel/oem7/fix,/novatel/oem7/odom,39.663,-75.756,-1.801698085,0.001069412,-0.001152412,-0.000285582,0.001030575,-0.001152412,,,
1786043758156756011,1786043758.156076511,/novatel/oem7/odom,/novatel/oem7/fix,/novatel/oem7/odom,39.663,-75.756,-1.801698085,0.001069412,-0.001152412,-0.000285582,0.001030575,-0.001152412,,,
1786043758165873969,1786043758.165272036,/novatel/oem7/inspva,/novatel/oem7/inspva,/novatel/oem7/inspva,39.663,-75.756,-1.801692410,0.001131092,-0.001405283,0.001115794,-0.000185401,-0.001405283,,novatel_oem7_msgs.msg.InertialSolutionStatus(status=3),
1786043758167633619,1786043758.165440478,/novatel/oem7/fix,/novatel/oem7/fix,/novatel/oem7/inspva,39.663,-75.756,-1.801692410,0.001131092,-0.001405283,0.001115794,-0.000185401,-0.001405283,,0,
1786043758168984206,1786043758.166105094,/novatel/oem7/odom,/novatel/oem7/fix,/novatel/oem7/odom,39.663,-75.756,-1.801692410,0.001134103,-0.001402854,-0.000124830,0.001127213,-0.001402854,,,
1786043758176165532,1786043758.175516788,/novatel/oem7/odom,/novatel/oem7/fix,/novatel/oem7/odom,39.663,-75.756,-1.801692410,0.001134103,-0.001402854,-0.000124830,0.001127213,-0.001402854,,,
1786043758185854092,1786043758.185289846,/novatel/oem7/inspva,/novatel/oem7/inspva,/novatel/oem7/inspva,39.663,-75.756,-1.801679069,0.000967957,-0.001426950,0.000958254,-0.000136713,-0.001426950,,novatel_oem7_msgs.msg.InertialSolutionStatus(status=3),
1786043758187255789,1786043758.185522086,/novatel/oem7/fix,/novatel/oem7/fix,/novatel/oem7/inspva,39.663,-75.756,-1.801679069,0.000967957,-0.001426950,0.000958254,-0.000136713,-0.001426950,,0,
1786043758188351244,1786043758.185814035,/novatel/oem7/odom,/novatel/oem7/fix,/novatel/oem7/odom,39.663,-75.756,-1.801679069,0.000971146,-0.001424782,-0.000083930,0.000967512,-0.001424782,,,
1786043758195074581,1786043758.194373824,/novatel/oem7/odom,/novatel/oem7/fix,/novatel/oem7/odom,39.663,-75.756,-1.801679069,0.000971146,-0.001424782,-0.000083930,0.000967512,-0.001424782,,,
1786043758206902096,1786043758.206269530,/novatel/oem7/inspva,/novatel/oem7/inspva,/novatel/oem7/inspva,39.663,-75.756,-1.801670271,0.001205739,-0.001167065,0.001026401,-0.000632698,-0.001167065,,novatel_oem7_msgs.msg.InertialSolutionStatus(status=3),
1786043758208662867,1786043758.206495632,/novatel/oem7/fix,/novatel/oem7/fix,/novatel/oem7/inspva,39.663,-75.756,-1.801670271,0.001205739,-0.001167065,0.001026401,-0.000632698,-0.001167065,,0,
1786043758209966701,1786043758.206964153,/novatel/oem7/odom,/novatel/oem7/fix,/novatel/oem7/odom,39.663,-75.756,-1.801670271,0.001206305,-0.001166479,-0.000576900,0.001059415,-0.001166479,,,
1786043758211558123,1786043758.210452292,/novatel/oem7/bestpos,/novatel/oem7/bestpos,/novatel/oem7/odom,39.663,-75.756,33.180796699,0.001206305,-0.001166479,-0.000576900,0.001059415,-0.001166479,,novatel_oem7_msgs.msg.SolutionStatus(status=0),novatel_oem7_msgs.msg.PositionOrVelocityType(type=53)
1786043758212491916,1786043758.210853249,/novatel/oem7/bestvel,/novatel/oem7/bestpos,/novatel/oem7/bestvel,39.663,-75.756,33.180796699,0.001176281,-0.000975294,,,,316.488141717,novatel_oem7_msgs.msg.SolutionStatus(status=0),novatel_oem7_msgs.msg.PositionOrVelocityType(type=53)
1786043758215637474,1786043758.214930338,/novatel/oem7/odom,/novatel/oem7/bestpos,/novatel/oem7/odom,39.663,-75.756,33.180796699,0.001206305,-0.001166479,-0.000576900,0.001059415,-0.001166479,,,
1786043758225564557,1786043758.224959461,/novatel/oem7/inspva,/novatel/oem7/inspva,/novatel/oem7/inspva,39.663,-75.756,-1.801657489,0.001120026,-0.001245629,0.001040891,-0.000413526,-0.001245629,,novatel_oem7_msgs.msg.InertialSolutionStatus(status=3),
1786043758226996451,1786043758.225123052,/novatel/oem7/fix,/novatel/oem7/fix,/novatel/oem7/inspva,39.663,-75.756,-1.801657489,0.001120026,-0.001245629,0.001040891,-0.000413526,-0.001245629,,0,
1786043758228115759,1786043758.225566580,/novatel/oem7/odom,/novatel/oem7/fix,/novatel/oem7/odom,39.663,-75.756,-1.801657489,0.001121579,-0.001244231,-0.000356991,0.001063248,-0.001244231,,,
1786043758236107662,1786043758.235446572,/novatel/oem7/odom,/novatel/oem7/fix,/novatel/oem7/odom,39.663,-75.756,-1.801657489,0.001121579,-0.001244231,-0.000356991,0.001063248,-0.001244231,,,
1786043758246282171,1786043758.245654228,/novatel/oem7/inspva,/novatel/oem7/inspva,/novatel/oem7/inspva,39.663,-75.756,-1.801650450,0.001408009,-0.001171765,0.001327159,-0.000470254,-0.001171765,,novatel_oem7_msgs.msg.InertialSolutionStatus(status=3),
1786043758247832246,1786043758.245885367,/novatel/oem7/fix,/novatel/oem7/fix,/novatel/oem7/inspva,39.663,-75.756,-1.801650450,0.001408009,-0.001171765,0.001327159,-0.000470254,-0.001171765,,0,
1786043758248903124,1786043758.246300568,/novatel/oem7/odom,/novatel/oem7/fix,/novatel/oem7/odom,39.663,-75.756,-1.801650450,0.001409650,-0.001169791,-0.000399749,0.001351782,-0.001169791,,,
1786043758257262984,1786043758.256592888,/novatel/oem7/odom,/novatel/oem7/fix,/novatel/oem7/odom,39.663,-75.756,-1.801650450,0.001409650,-0.001169791,-0.000399749,0.001351782,-0.001169791,,,
1786043758266649191,1786043758.266078739,/novatel/oem7/inspva,/novatel/oem7/inspva,/novatel/oem7/inspva,39.663,-75.756,-1.801637753,0.001194851,-0.001384472,0.001119324,-0.000418070,-0.001384472,,novatel_oem7_msgs.msg.InertialSolutionStatus(status=3),
1786043758268050412,1786043758.266234587,/novatel/oem7/fix,/novatel/oem7/fix,/novatel/oem7/inspva,39.663,-75.756,-1.801637753,0.001194851,-0.001384472,0.001119324,-0.000418070,-0.001384472,,0,
1786043758269149943,1786043758.266606041,/novatel/oem7/odom,/novatel/oem7/fix,/novatel/oem7/odom,39.663,-75.756,-1.801637753,0.001196686,-0.001382886,-0.000357123,0.001142156,-0.001382886,,,
1786043758275303605,1786043758.274667414,/novatel/oem7/odom,/novatel/oem7/fix,/novatel/oem7/odom,39.663,-75.756,-1.801637753,0.001196686,-0.001382886,-0.000357123,0.001142156,-0.001382886,,,
1786043758285611126,1786043758.285307642,/novatel/oem7/inspva,/novatel/oem7/inspva,/novatel/oem7/inspva,39.663,-75.756,-1.801627091,0.001121234,-0.001019960,0.001063742,-0.000354427,-0.001019960,,novatel_oem7_msgs.msg.InertialSolutionStatus(status=3),
1786043758286210582,1786043758.285494127,/novatel/oem7/fix,/novatel/oem7/fix,/novatel/oem7/inspva,39.663,-75.756,-1.801627091,0.001121234,-0.001019960,0.001063742,-0.000354427,-0.001019960,,0,
1786043758286924600,1786043758.286324372,/novatel/oem7/odom,/novatel/oem7/fix,/novatel/oem7/odom,39.663,-75.756,-1.801627091,0.001122735,-0.001018307,-0.000297653,0.001082560,-0.001018307,,,
1786043758296222985,1786043758.295554654,/novatel/oem7/odom,/novatel/oem7/fix,/novatel/oem7/odom,39.663,-75.756,-1.801627091,0.001122735,-0.001018307,-0.000297653,0.001082560,-0.001018307,,,
1786043758306548291,1786043758.305980533,/novatel/oem7/inspva,/novatel/oem7/inspva,/novatel/oem7/inspva,39.663,-75.756,-1.801615494,0.000949377,-0.001177800,0.000934389,-0.000168028,-0.001177800,,novatel_oem7_msgs.msg.InertialSolutionStatus(status=3),
1786043758307900775,1786043758.306153847,/novatel/oem7/fix,/novatel/oem7/fix,/novatel/oem7/inspva,39.663,-75.756,-1.801615494,0.000949377,-0.001177800,0.000934389,-0.000168028,-0.001177800,,0,
1786043758308962999,1786043758.306558108,/novatel/oem7/odom,/novatel/oem7/fix,/novatel/oem7/odom,39.663,-75.756,-1.801615494,0.000951813,-0.001175832,-0.000117287,0.000944559,-0.001175832,,,
1786043758310479951,1786043758.309873191,/novatel/oem7/bestpos,/novatel/oem7/bestpos,/novatel/oem7/odom,39.663,-75.756,33.180844355,0.000951813,-0.001175832,-0.000117287,0.000944559,-0.001175832,,novatel_oem7_msgs.msg.SolutionStatus(status=0),novatel_oem7_msgs.msg.PositionOrVelocityType(type=53)
1786043758311986353,1786043758.310480191,/novatel/oem7/bestvel,/novatel/oem7/bestpos,/novatel/oem7/bestvel,39.663,-75.756,33.180844355,0.000964872,-0.001109236,,,,342.720891437,novatel_oem7_msgs.msg.SolutionStatus(status=0),novatel_oem7_msgs.msg.PositionOrVelocityType(type=53)
1786043758315200708,1786043758.314554778,/novatel/oem7/odom,/novatel/oem7/bestpos,/novatel/oem7/odom,39.663,-75.756,33.180844355,0.000951813,-0.001175832,-0.000117287,0.000944559,-0.001175832,,,
1786043758327234842,1786043758.326683363,/novatel/oem7/inspva,/novatel/oem7/inspva,/novatel/oem7/inspva,39.663,-75.756,-1.801608985,0.001205224,-0.001236139,0.001137694,-0.000397763,-0.001236139,,novatel_oem7_msgs.msg.InertialSolutionStatus(status=3),
1786043758328632716,1786043758.326871758,/novatel/oem7/fix,/novatel/oem7/fix,/novatel/oem7/inspva,39.663,-75.756,-1.801608985,0.001205224,-0.001236139,0.001137694,-0.000397763,-0.001236139,,0,
1786043758329746634,1786043758.327338367,/novatel/oem7/odom,/novatel/oem7/fix,/novatel/oem7/odom,39.663,-75.756,-1.801608985,0.001206977,-0.001234428,-0.000336479,0.001159127,-0.001234428,,,
1786043758335764774,1786043758.335037217,/novatel/oem7/odom,/novatel/oem7/fix,/novatel/oem7/odom,39.663,-75.756,-1.801608985,0.001206977,-0.001234428,-0.000336479,0.001159127,-0.001234428,,,
1786043758345749541,1786043758.345174768,/novatel/oem7/inspva,/novatel/oem7/inspva,/novatel/oem7/inspva,39.663,-75.756,-1.801597294,0.000991667,-0.001412679,0.000991666,0.000000607,-0.001412679,,novatel_oem7_msgs.msg.InertialSolutionStatus(status=3),
1786043758347174911,1786043758.345358867,/novatel/oem7/fix,/novatel/oem7/fix,/novatel/oem7/inspva,39.663,-75.756,-1.801597294,0.000991667,-0.001412679,0.000991666,0.000000607,-0.001412679,,0,
1786043758348249152,1786043758.345623036,/novatel/oem7/odom,/novatel/oem7/fix,/novatel/oem7/odom,39.663,-75.756,-1.801597294,0.000995555,-0.001409941,0.000054838,0.000994044,-0.001409941,,,
1786043758356273436,1786043758.355612006,/novatel/oem7/odom,/novatel/oem7/fix,/novatel/oem7/odom,39.663,-75.756,-1.801597294,0.000995555,-0.001409941,0.000054838,0.000994044,-0.001409941,,,
1786043758365825928,1786043758.365259303,/novatel/oem7/inspva,/novatel/oem7/inspva,/novatel/oem7/inspva,39.663,-75.756,-1.801586470,0.001520306,-0.000783529,0.001500213,-0.000246355,-0.000783529,,novatel_oem7_msgs.msg.InertialSolutionStatus(status=3),
1786043758367169449,1786043758.365429281,/novatel/oem7/fix,/novatel/oem7/fix,/novatel/oem7/inspva,39.663,-75.756,-1.801586470,0.001520306,-0.000783529,0.001500213,-0.000246355,-0.000783529,,0,
1786043758368253786,1786043758.366137498,/novatel/oem7/odom,/novatel/oem7/fix,/novatel/oem7/odom,39.663,-75.756,-1.801586470,0.001521976,-0.000780281,-0.000169031,0.001512560,-0.000780281,,,
1786043758375239053,1786043758.374561863,/novatel/oem7/odom,/novatel/oem7/fix,/novatel/oem7/odom,39.663,-75.756,-1.801586470,0.001521976,-0.000780281,-0.000169031,0.001512560,-0.000780281,,,
1786043758386643414,1786043758.386069028,/novatel/oem7/inspva,/novatel/oem7/inspva,/novatel/oem7/inspva,39.663,-75.756,-1.801579123,0.001254209,-0.001289472,0.001237907,-0.000201562,-0.001289472,,novatel_oem7_msgs.msg.InertialSolutionStatus(status=3),
1786043758387962210,1786043758.386261573,/novatel/oem7/fix,/novatel/oem7/fix,/novatel/oem7/inspva,39.663,-75.756,-1.801579123,0.001254209,-0.001289472,0.001237907,-0.000201562,-0.001289472,,0,
1786043758389056895,1786043758.386609089,/novatel/oem7/odom,/novatel/oem7/fix,/novatel/oem7/odom,39.663,-75.756,-1.801579123,0.001256973,-0.001286778,-0.000135378,0.001249662,-0.001286778,,,
1786043758395474472,1786043758.394786605,/novatel/oem7/odom,/novatel/oem7/fix,/novatel/oem7/odom,39.663,-75.756,-1.801579123,0.001256973,-0.001286778,-0.000135378,0.001249662,-0.001286778,,,
1786043758406906644,1786043758.406310584,/novatel/oem7/inspva,/novatel/oem7/inspva,/novatel/oem7/inspva,39.663,-75.756,-1.801570674,0.001132311,-0.000884846,0.001126058,-0.000118841,-0.000884846,,novatel_oem7_msgs.msg.InertialSolutionStatus(status=3),
1786043758408237613,1786043758.406543803,/novatel/oem7/fix,/novatel/oem7/fix,/novatel/oem7/inspva,39.663,-75.756,-1.801570674,0.001132311,-0.000884846,0.001126058,-0.000118841,-0.000884846,,0,
1786043758409366678,1786043758.407079975,/novatel/oem7/odom,/novatel/oem7/fix,/novatel/oem7/odom,39.663,-75.756,-1.801570674,0.001134399,-0.000882168,-0.000059793,0.001132823,-0.000882168,,,
1786043758410985285,1786043758.410219607,/novatel/oem7/bestpos,/novatel/oem7/bestpos,/novatel/oem7/odom,39.663,-75.756,33.180884245,0.001134399,-0.000882168,-0.000059793,0.001132823,-0.000882168,,novatel_oem7_msgs.msg.SolutionStatus(status=0),novatel_oem7_msgs.msg.PositionOrVelocityType(type=53)
1786043758412624434,1786043758.410664995,/novatel/oem7/bestvel,/novatel/oem7/bestpos,/novatel/oem7/bestvel,39.663,-75.756,33.180884245,0.001061363,-0.000757597,,,,345.963347058,novatel_oem7_msgs.msg.SolutionStatus(status=0),novatel_oem7_msgs.msg.PositionOrVelocityType(type=53)
1786043758416153236,1786043758.415504422,/novatel/oem7/odom,/novatel/oem7/bestpos,/novatel/oem7/odom,39.663,-75.756,33.180884245,0.001134399,-0.000882168,-0.000059793,0.001132823,-0.000882168,,,
1786043758425714215,1786043758.425098659,/novatel/oem7/inspva,/novatel/oem7/inspva,/novatel/oem7/inspva,39.663,-75.756,-1.801564618,0.001178257,-0.001230862,0.001152571,-0.000244684,-0.001230862,,novatel_oem7_msgs.msg.InertialSolutionStatus(status=3),
1786043758427097769,1786043758.425304608,/novatel/oem7/fix,/novatel/oem7/fix,/novatel/oem7/inspva,39.663,-75.756,-1.801564618,0.001178257,-0.001230862,0.001152571,-0.000244684,-0.001230862,,0,
1786043758428190070,1786043758.425685765,/novatel/oem7/odom,/novatel/oem7/fix,/novatel/oem7/odom,39.663,-75.756,-1.801564618,0.001180660,-0.001228557,-0.000182871,0.001166412,-0.001228557,,,
1786043758435052176,1786043758.434370219,/novatel/oem7/odom,/novatel/oem7/fix,/novatel/oem7/odom,39.663,-75.756,-1.801564618,0.001180660,-0.001228557,-0.000182871,0.001166412,-0.001228557,,,
1786043758447047156,1786043758.446519381,/novatel/oem7/inspva,/novatel/oem7/inspva,/novatel/oem7/inspva,39.663,-75.756,-1.801563133,0.001474872,-0.001249261,0.001470903,-0.000108128,-0.001249261,,novatel_oem7_msgs.msg.InertialSolutionStatus(status=3),
1786043758448455640,1786043758.446725943,/novatel/oem7/fix,/novatel/oem7/fix,/novatel/oem7/inspva,39.663,-75.756,-1.801563133,0.001474872,-0.001249261,0.001470903,-0.000108128,-0.001249261,,0,
1786043758449574364,1786043758.447109743,/novatel/oem7/odom,/novatel/oem7/fix,/novatel/oem7/odom,39.663,-75.756,-1.801563133,0.001477989,-0.001245571,-0.000030699,0.001477670,-0.001245571,,,
1786043758457145613,1786043758.456463443,/novatel/oem7/odom,/novatel/oem7/fix,/novatel/oem7/odom,39.663,-75.756,-1.801563133,0.001477989,-0.001245571,-0.000030699,0.001477670,-0.001245571,,,
1786043758465667859,1786043758.465067810,/novatel/oem7/inspva,/novatel/oem7/inspva,/novatel/oem7/inspva,39.663,-75.756,-1.801558734,0.001342656,-0.001433826,0.001288568,-0.000377249,-0.001433826,,novatel_oem7_msgs.msg.InertialSolutionStatus(status=3),
1786043758467072396,1786043758.465260121,/novatel/oem7/fix,/novatel/oem7/fix,/novatel/oem7/inspva,39.663,-75.756,-1.801558734,0.001342656,-0.001433826,0.001288568,-0.000377249,-0.001433826,,0,
1786043758468180198,1786043758.465788174,/novatel/oem7/odom,/novatel/oem7/fix,/novatel/oem7/odom,39.663,-75.756,-1.801558734,0.001345024,-0.001431604,-0.000307814,0.001309328,-0.001431604,,,
1786043758476279519,1786043758.475606168,/novatel/oem7/odom,/novatel/oem7/fix,/novatel/oem7/odom,39.663,-75.756,-1.801558734,0.001345024,-0.001431604,-0.000307814,0.001309328,-0.001431604,,,
1786043758486001979,1786043758.485471481,/novatel/oem7/inspva,/novatel/oem7/inspva,/novatel/oem7/inspva,39.663,-75.756,-1.801559113,0.001675917,-0.001389905,0.001655562,0.000260408,-0.001389905,,novatel_oem7_msgs.msg.InertialSolutionStatus(status=3),
1786043758487343626,1786043758.485659866,/novatel/oem7/fix,/novatel/oem7/fix,/novatel/oem7/inspva,39.663,-75.756,-1.801559113,0.001675917,-0.001389905,0.001655562,0.000260408,-0.001389905,,0,
1786043758488445331,1786043758.486516618,/novatel/oem7/odom,/novatel/oem7/fix,/novatel/oem7/odom,39.663,-75.756,-1.801559113,0.001680490,-0.001384374,0.000347035,0.001644266,-0.001384374,,,
1786043758495359683,1786043758.494711467,/novatel/oem7/odom,/novatel/oem7/fix,/novatel/oem7/odom,39.663,-75.756,-1.801559113,0.001680490,-0.001384374,0.000347035,0.001644266,-0.001384374,,,
1786043758506932232,1786043758.506165528,/novatel/oem7/inspva,/novatel/oem7/inspva,/novatel/oem7/inspva,39.663,-75.756,-1.801553836,0.001483706,-0.001137230,0.001431157,-0.000391371,-0.001137230,,novatel_oem7_msgs.msg.InertialSolutionStatus(status=3),
1786043758508280886,1786043758.506361556,/novatel/oem7/fix,/novatel/oem7/fix,/novatel/oem7/inspva,39.663,-75.756,-1.801553836,0.001483706,-0.001137230,0.001431157,-0.000391371,-0.001137230,,0,
1786043758509331496,1786043758.507105191,/novatel/oem7/odom,/novatel/oem7/fix,/novatel/oem7/odom,39.663,-75.756,-1.801553836,0.001485664,-0.001134671,-0.000315961,0.001451677,-0.001134671,,,
1786043758512053593,1786043758.511487308,/novatel/oem7/bestpos,/novatel/oem7/bestpos,/novatel/oem7/odom,39.663,-75.756,33.180889030,0.001485664,-0.001134671,-0.000315961,0.001451677,-0.001134671,,novatel_oem7_msgs.msg.SolutionStatus(status=0),novatel_oem7_msgs.msg.PositionOrVelocityType(type=53)
1786043758513454304,1786043758.511978456,/novatel/oem7/bestvel,/novatel/oem7/bestpos,/novatel/oem7/bestvel,39.663,-75.756,33.180889030,0.001118412,-0.000807147,,,,331.742123712,novatel_oem7_msgs.msg.SolutionStatus(status=0),novatel_oem7_msgs.msg.PositionOrVelocityType(type=53)
1786043758515386634,1786043758.514439504,/novatel/oem7/odom,/novatel/oem7/bestpos,/novatel/oem7/odom,39.663,-75.756,33.180889030,0.001485664,-0.001134671,-0.000315961,0.001451677,-0.001134671,,,
1786043758525880552,1786043758.525332730,/novatel/oem7/inspva,/novatel/oem7/inspva,/novatel/oem7/inspva,39.663,-75.756,-1.801557834,0.001509637,-0.001324629,0.001423871,0.000501592,-0.001324629,,novatel_oem7_msgs.msg.InertialSolutionStatus(status=3),
1786043758527188889,1786043758.525535919,/novatel/oem7/fix,/novatel/oem7/fix,/novatel/oem7/inspva,39.663,-75.756,-1.801557834,0.001509637,-0.001324629,0.001423871,0.000501592,-0.001324629,,0,
1786043758528233779,1786043758.526038314,/novatel/oem7/odom,/novatel/oem7/fix,/novatel/oem7/odom,39.663,-75.756,-1.801557834,0.001514655,-0.001318888,0.000576232,0.001400762,-0.001318888,,,
1786043758536257413,1786043758.535607359,/novatel/oem7/odom,/novatel/oem7/fix,/novatel/oem7/odom,39.663,-75.756,-1.801557834,0.001514655,-0.001318888,0.000576232,0.001400762,-0.001318888,,,
1786043758545871589,1786043758.545250520,/novatel/oem7/inspva,/novatel/oem7/inspva,/novatel/oem7/inspva,39.663,-75.756,-1.801552148,0.001280817,-0.001321858,0.001280784,-0.000009199,-0.001321858,,novatel_oem7_msgs.msg.InertialSolutionStatus(status=3),
1786043758547237046,1786043758.545499872,/novatel/oem7/fix,/novatel/oem7/fix,/novatel/oem7/inspva,39.663,-75.756,-1.801552148,0.001280817,-0.001321858,0.001280784,-0.000009199,-0.001321858,,0,
1786043758548314931,1786043758.546037834,/novatel/oem7/odom,/novatel/oem7/fix,/novatel/oem7/odom,39.663,-75.756,-1.801552148,0.001284435,-0.001318343,0.000058986,0.001283080,-0.001318343,,,
1786043758556298507,1786043758.555646320,/novatel/oem7/odom,/novatel/oem7/fix,/novatel/oem7/odom,39.663,-75.756,-1.801552148,0.001284435,-0.001318343,0.000058986,0.001283080,-0.001318343,,,
1786043758567125829,1786043758.566582630,/novatel/oem7/inspva,/novatel/oem7/inspva,/novatel/oem7/inspva,39.663,-75.756,-1.801549052,0.001511667,-0.000899500,0.001477713,0.000318594,-0.000899500,,novatel_oem7_msgs.msg.InertialSolutionStatus(status=3),
1786043758568477276,1786043758.566759578,/novatel/oem7/fix,/novatel/oem7/fix,/novatel/oem7/inspva,39.663,-75.756,-1.801549052,0.001511667,-0.000899500,0.001477713,0.000318594,-0.000899500,,0,
1786043758569561190,1786043758.567470916,/novatel/oem7/odom,/novatel/oem7/fix,/novatel/oem7/odom,39.663,-75.756,-1.801549052,0.001514766,-0.000894271,0.000394524,0.001462487,-0.000894271,,,
1786043758575671495,1786043758.574970647,/novatel/oem7/odom,/novatel/oem7/fix,/novatel/oem7/odom,39.663,-75.756,-1.801549052,0.001514766,-0.000894271,0.000394524,0.001462487,-0.000894271,,,
1786043758585452762,1786043758.584920865,/novatel/oem7/inspva,/novatel/oem7/inspva,/novatel/oem7/inspva,39.663,-75.756,-1.801541570,0.001216362,-0.000979021,0.001214753,0.000062543,-0.000979021,,novatel_oem7_msgs.msg.InertialSolutionStatus(status=3),
1786043758586762142,1786043758.585007242,/novatel/oem7/fix,/novatel/oem7/fix,/novatel/oem7/inspva,39.663,-75.756,-1.801541570,0.001216362,-0.000979021,0.001214753,0.000062543,-0.000979021,,0,
1786043758587813069,1786043758.585459983,/novatel/oem7/odom,/novatel/oem7/fix,/novatel/oem7/odom,39.663,-75.756,-1.801541570,0.001219248,-0.000975425,0.000126115,0.001212708,-0.000975425,,,
1786043758596008395,1786043758.595325882,/novatel/oem7/odom,/novatel/oem7/fix,/novatel/oem7/odom,39.663,-75.756,-1.801541570,0.001219248,-0.000975425,0.000126115,0.001212708,-0.000975425,,,
1786043758607152690,1786043758.606597131,/novatel/oem7/inspva,/novatel/oem7/inspva,/novatel/oem7/inspva,39.663,-75.756,-1.801538808,0.001640048,-0.001066359,0.001628111,0.000197514,-0.001066359,,novatel_oem7_msgs.msg.InertialSolutionStatus(status=3),
1786043758608538650,1786043758.606764602,/novatel/oem7/fix,/novatel/oem7/fix,/novatel/oem7/inspva,39.663,-75.756,-1.801538808,0.001640048,-0.001066359,0.001628111,0.000197514,-0.001066359,,0,
1786043758609607318,1786043758.607238608,/novatel/oem7/odom,/novatel/oem7/fix,/novatel/oem7/odom,39.663,-75.756,-1.801538808,0.001643435,-0.001061132,0.000281654,0.001619119,-0.001061132,,,
1786043758611071702,1786043758.610498540,/novatel/oem7/bestpos,/novatel/oem7/bestpos,/novatel/oem7/odom,39.663,-75.756,33.180897572,0.001643435,-0.001061132,0.000281654,0.001619119,-0.001061132,,novatel_oem7_msgs.msg.SolutionStatus(status=0),novatel_oem7_msgs.msg.PositionOrVelocityType(type=53)
1786043758612493490,1786043758.610982261,/novatel/oem7/bestvel,/novatel/oem7/bestpos,/novatel/oem7/bestvel,39.663,-75.756,33.180897572,0.001676169,-0.000892645,,,,353.726586688,novatel_oem7_msgs.msg.SolutionStatus(status=0),novatel_oem7_msgs.msg.PositionOrVelocityType(type=53)
1786043758615616431,1786043758.614967645,/novatel/oem7/odom,/novatel/oem7/bestpos,/novatel/oem7/odom,39.663,-75.756,33.180897572,0.001643435,-0.001061132,0.000281654,0.001619119,-0.001061132,,,
1786043758626499270,1786043758.625943918,/novatel/oem7/inspva,/novatel/oem7/inspva,/novatel/oem7/inspva,39.663,-75.756,-1.801530981,0.001041940,-0.000803438,0.001041445,0.000032104,-0.000803438,,novatel_oem7_msgs.msg.InertialSolutionStatus(status=3),
1786043758627817940,1786043758.626105706,/novatel/oem7/fix,/novatel/oem7/fix,/novatel/oem7/inspva,39.663,-75.756,-1.801530981,0.001041940,-0.000803438,0.001041445,0.000032104,-0.000803438,,0,
1786043758628873354,1786043758.626469783,/novatel/oem7/odom,/novatel/oem7/fix,/novatel/oem7/odom,39.663,-75.756,-1.801530981,0.001044261,-0.000800419,0.000086499,0.001040672,-0.000800419,,,
1786043758635223821,1786043758.634527600,/novatel/oem7/odom,/novatel/oem7/fix,/novatel/oem7/odom,39.663,-75.756,-1.801530981,0.001044261,-0.000800419,0.000086499,0.001040672,-0.000800419,,,
1786043758645875344,1786043758.645308378,/novatel/oem7/inspva,/novatel/oem7/inspva,/novatel/oem7/inspva,39.663,-75.756,-1.801530319,0.001161366,-0.000914528,0.000981266,0.000621198,-0.000914528,,novatel_oem7_msgs.msg.InertialSolutionStatus(status=3),
1786043758647220178,1786043758.645483627,/novatel/oem7/fix,/novatel/oem7/fix,/novatel/oem7/inspva,39.663,-75.756,-1.801530319,0.001161366,-0.000914528,0.000981266,0.000621198,-0.000914528,,0,
1786043758648285278,1786043758.646066990,/novatel/oem7/odom,/novatel/oem7/fix,/novatel/oem7/odom,39.663,-75.756,-1.801530319,0.001165256,-0.000909567,0.000672295,0.000951756,-0.000909567,,,
1786043758657067833,1786043758.656405825,/novatel/oem7/odom,/novatel/oem7/fix,/novatel/oem7/odom,39.663,-75.756,-1.801530319,0.001165256,-0.000909567,0.000672295,0.000951756,-0.000909567,,,
1786043758665672753,1786043758.665106861,/novatel/oem7/inspva,/novatel/oem7/inspva,/novatel/oem7/inspva,39.663,-75.756,-1.801520626,0.000929559,-0.000666731,0.000855117,0.000364491,-0.000666731,,novatel_oem7_msgs.msg.InertialSolutionStatus(status=3),
1786043758667009753,1786043758.665273329,/novatel/oem7/fix,/novatel/oem7/fix,/novatel/oem7/inspva,39.663,-75.756,-1.801520626,0.000929559,-0.000666731,0.000855117,0.000364491,-0.000666731,,0,
1786043758668072157,1786043758.665642969,/novatel/oem7/odom,/novatel/oem7/fix,/novatel/oem7/odom,39.663,-75.756,-1.801520626,0.000932198,-0.000663036,0.000408762,0.000837799,-0.000663036,,,
1786043758675093847,1786043758.674424185,/novatel/oem7/odom,/novatel/oem7/fix,/novatel/oem7/odom,39.663,-75.756,-1.801520626,0.000932198,-0.000663036,0.000408762,0.000837799,-0.000663036,,,
1786043758686762161,1786043758.686202812,/novatel/oem7/inspva,/novatel/oem7/inspva,/novatel/oem7/inspva,39.663,-75.756,-1.801524760,0.000893659,-0.001416775,0.000871238,0.000198926,-0.001416775,,novatel_oem7_msgs.msg.InertialSolutionStatus(status=3),
1786043758688067547,1786043758.686358027,/novatel/oem7/fix,/novatel/oem7/fix,/novatel/oem7/inspva,39.663,-75.756,-1.801524760,0.000893659,-0.001416775,0.000871238,0.000198926,-0.001416775,,0,
1786043758689106131,1786043758.687016233,/novatel/oem7/odom,/novatel/oem7/fix,/novatel/oem7/odom,39.663,-75.756,-1.801524760,0.000898618,-0.001413635,0.000246993,0.000864008,-0.001413635,,,
1786043758696178195,1786043758.695514732,/novatel/oem7/odom,/novatel/oem7/fix,/novatel/oem7/odom,39.663,-75.756,-1.801524760,0.000898618,-0.001413635,0.000246993,0.000864008,-0.001413635,,,
1786043758706251706,1786043758.705696750,/novatel/oem7/inspva,/novatel/oem7/inspva,/novatel/oem7/inspva,39.663,-75.756,-1.801517667,0.000784573,-0.001071139,0.000771270,0.000143869,-0.001071139,,novatel_oem7_msgs.msg.InertialSolutionStatus(status=3),
1786043758707623017,1786043758.705870669,/novatel/oem7/fix,/novatel/oem7/fix,/novatel/oem7/inspva,39.663,-75.756,-1.801517667,0.000784573,-0.001071139,0.000771270,0.000143869,-0.001071139,,0,
1786043758708695060,1786043758.706330800,/novatel/oem7/odom,/novatel/oem7/fix,/novatel/oem7/odom,39.663,-75.756,-1.801517667,0.000788212,-0.001068464,0.000185781,0.000766005,-0.001068464,,,
1786043758710158632,1786043758.709265149,/novatel/oem7/bestpos,/novatel/oem7/bestpos,/novatel/oem7/odom,39.663,-75.756,33.180904376,0.000788212,-0.001068464,0.000185781,0.000766005,-0.001068464,,novatel_oem7_msgs.msg.SolutionStatus(status=0),novatel_oem7_msgs.msg.PositionOrVelocityType(type=53)
1786043758711590743,1786043758.709652673,/novatel/oem7/bestvel,/novatel/oem7/bestpos,/novatel/oem7/bestvel,39.663,-75.756,33.180904376,0.001085025,-0.001210619,,,,3.318969321,novatel_oem7_msgs.msg.SolutionStatus(status=0),novatel_oem7_msgs.msg.PositionOrVelocityType(type=53)
1786043758716060657,1786043758.715379961,/novatel/oem7/odom,/novatel/oem7/bestpos,/novatel/oem7/odom,39.663,-75.756,33.180904376,0.000788212,-0.001068464,0.000185781,0.000766005,-0.001068464,,,
1786043758726454365,1786043758.725883863,/novatel/oem7/inspva,/novatel/oem7/inspva,/novatel/oem7/inspva,39.663,-75.756,-1.801523978,0.000752583,-0.001283226,0.000724645,0.000203152,-0.001283226,,novatel_oem7_msgs.msg.InertialSolutionStatus(status=3),
1786043758728065731,1786043758.726048094,/novatel/oem7/fix,/novatel/oem7/fix,/novatel/oem7/inspva,39.663,-75.756,-1.801523978,0.000752583,-0.001283226,0.000724645,0.000203152,-0.001283226,,0,
1786043758729299924,1786043758.726687504,/novatel/oem7/odom,/novatel/oem7/fix,/novatel/oem7/odom,39.663,-75.756,-1.801523978,0.000757254,-0.001280475,0.000243471,0.000717046,-0.001280475,,,
1786043758735410601,1786043758.734736748,/novatel/oem7/odom,/novatel/oem7/fix,/novatel/oem7/odom,39.663,-75.756,-1.801523978,0.000757254,-0.001280475,0.000243471,0.000717046,-0.001280475,,,
1786043758746872550,1786043758.746311821,/novatel/oem7/inspva,/novatel/oem7/inspva,/novatel/oem7/inspva,39.663,-75.756,-1.801520268,0.000829847,-0.001116732,0.000814175,0.000160518,-0.001116732,,novatel_oem7_msgs.msg.InertialSolutionStatus(status=3),
1786043758748235794,1786043758.746498769,/novatel/oem7/fix,/novatel/oem7/fix,/novatel/oem7/inspva,39.663,-75.756,-1.801520268,0.000829847,-0.001116732,0.000814175,0.000160518,-0.001116732,,0,
1786043758749313867,1786043758.746974141,/novatel/oem7/odom,/novatel/oem7/fix,/novatel/oem7/odom,39.663,-75.756,-1.801520268,0.000833659,-0.001113889,0.000204694,0.000808138,-0.001113889,,,
1786043758756470562,1786043758.755837153,/novatel/oem7/odom,/novatel/oem7/fix,/novatel/oem7/odom,39.663,-75.756,-1.801520268,0.000833659,-0.001113889,0.000204694,0.000808138,-0.001113889,,,
1786043758765882943,1786043758.765323205,/novatel/oem7/inspva,/novatel/oem7/inspva,/novatel/oem7/inspva,39.663,-75.756,-1.801525088,0.000773443,-0.001100862,0.000756507,0.000160971,-0.001100862,,novatel_oem7_msgs.msg.InertialSolutionStatus(status=3),
1786043758767229944,1786043758.765501587,/novatel/oem7/fix,/novatel/oem7/fix,/novatel/oem7/inspva,39.663,-75.756,-1.801525088,0.000773443,-0.001100862,0.000756507,0.000160971,-0.001100862,,0,
1786043758768290711,1786043758.766110766,/novatel/oem7/odom,/novatel/oem7/fix,/novatel/oem7/odom,39.663,-75.756,-1.801525088,0.000777251,-0.001098177,0.000202224,0.000750482,-0.001098177,,,
1786043758776221600,1786043758.775566554,/novatel/oem7/odom,/novatel/oem7/fix,/novatel/oem7/odom,39.663,-75.756,-1.801525088,0.000777251,-0.001098177,0.000202224,0.000750482,-0.001098177,,,
1786043758785767056,1786043758.785204637,/novatel/oem7/inspva,/novatel/oem7/inspva,/novatel/oem7/inspva,39.663,-75.756,-1.801521569,0.000689123,-0.000999380,0.000680214,0.000110452,-0.000999380,,novatel_oem7_msgs.msg.InertialSolutionStatus(status=3),
1786043758787096329,1786043758.785363372,/novatel/oem7/fix,/novatel/oem7/fix,/novatel/oem7/inspva,39.663,-75.756,-1.801521569,0.000689123,-0.000999380,0.000680214,0.000110452,-0.000999380,,0,
1786043758788180700,1786043758.785878101,/novatel/oem7/odom,/novatel/oem7/fix,/novatel/oem7/odom,39.663,-75.756,-1.801521569,0.000692434,-0.000997088,0.000147630,0.000676514,-0.000997088,,,
1786043758794969205,1786043758.794298065,/novatel/oem7/odom,/novatel/oem7/fix,/novatel/oem7/odom,39.663,-75.756,-1.801521569,0.000692434,-0.000997088,0.000147630,0.000676514,-0.000997088,,,
1786043758806276371,1786043758.805754106,/novatel/oem7/inspva,/novatel/oem7/inspva,/novatel/oem7/inspva,39.663,-75.756,-1.801525175,0.000627708,-0.001014564,0.000617145,0.000114674,-0.001014564,,novatel_oem7_msgs.msg.InertialSolutionStatus(status=3),
1786043758807580068,1786043758.805907274,/novatel/oem7/fix,/novatel/oem7/fix,/novatel/oem7/inspva,39.663,-75.756,-1.801525175,0.000627708,-0.001014564,0.000617145,0.000114674,-0.001014564,,0,
1786043758808607945,1786043758.806642069,/novatel/oem7/odom,/novatel/oem7/fix,/novatel/oem7/odom,39.663,-75.756,-1.801525175,0.000631128,-0.001012440,0.000148778,0.000613341,-0.001012440,,,
1786043758810779370,1786043758.810227601,/novatel/oem7/bestpos,/novatel/oem7/bestpos,/novatel/oem7/odom,39.663,-75.756,33.180912332,0.000631128,-0.001012440,0.000148778,0.000613341,-0.001012440,,novatel_oem7_msgs.msg.SolutionStatus(status=0),novatel_oem7_msgs.msg.PositionOrVelocityType(type=53)
1786043758812178754,1786043758.810593024,/novatel/oem7/bestvel,/novatel/oem7/bestpos,/novatel/oem7/bestvel,39.663,-75.756,33.180912332,0.000279429,-0.000679580,,,,333.874765319,novatel_oem7_msgs.msg.SolutionStatus(status=0),novatel_oem7_msgs.msg.PositionOrVelocityType(type=53)
1786043758815967962,1786043758.815339417,/novatel/oem7/odom,/novatel/oem7/bestpos,/novatel/oem7/odom,39.663,-75.756,33.180912332,0.000631128,-0.001012440,0.000148778,0.000613341,-0.001012440,,,
1786043758825416747,1786043758.824883918,/novatel/oem7/inspva,/novatel/oem7/inspva,/novatel/oem7/inspva,39.663,-75.756,-1.801521230,0.000672357,-0.001180500,0.000669642,-0.000060357,-0.001180500,,novatel_oem7_msgs.msg.InertialSolutionStatus(status=3),
1786043758826730846,1786043758.825041009,/novatel/oem7/fix,/novatel/oem7/fix,/novatel/oem7/inspva,39.663,-75.756,-1.801521230,0.000672357,-0.001180500,0.000669642,-0.000060357,-0.001180500,,0,
1786043758827765210,1786043758.825522521,/novatel/oem7/odom,/novatel/oem7/fix,/novatel/oem7/odom,39.663,-75.756,-1.801521230,0.000675239,-0.001178853,-0.000022833,0.000674853,-0.001178853,,,
1786043758835121204,1786043758.834414777,/novatel/oem7/odom,/novatel/oem7/fix,/novatel/oem7/odom,39.663,-75.756,-1.801521230,0.000675239,-0.001178853,-0.000022833,0.000674853,-0.001178853,,,
1786043758846168555,1786043758.845601139,/novatel/oem7/inspva,/novatel/oem7/inspva,/novatel/oem7/inspva,39.663,-75.756,-1.801518677,0.000809286,-0.000578328,0.000797562,0.000137251,-0.000578328,,novatel_oem7_msgs.msg.InertialSolutionStatus(status=3),
1786043758847506478,1786043758.845772974,/novatel/oem7/fix,/novatel/oem7/fix,/novatel/oem7/inspva,39.663,-75.756,-1.801518677,0.000809286,-0.000578328,0.000797562,0.000137251,-0.000578328,,0,
1786043758848563835,1786043758.846222035,/novatel/oem7/odom,/novatel/oem7/fix,/novatel/oem7/odom,39.663,-75.756,-1.801518677,0.000811216,-0.000575617,0.000178624,0.000791306,-0.000575617,,,
1786043758856920026,1786043758.856259532,/novatel/oem7/odom,/novatel/oem7/fix,/novatel/oem7/odom,39.663,-75.756,-1.801518677,0.000811216,-0.000575617,0.000178624,0.000791306,-0.000575617,,,
1786043758865601236,1786043758.865002130,/novatel/oem7/inspva,/novatel/oem7/inspva,/novatel/oem7/inspva,39.663,-75.756,-1.801518834,0.000875095,-0.000891289,0.000847254,0.000218979,-0.000891289,,novatel_oem7_msgs.msg.InertialSolutionStatus(status=3),
1786043758866926386,1786043758.865158271,/novatel/oem7/fix,/novatel/oem7/fix,/novatel/oem7/inspva,39.663,-75.756,-1.801518834,0.000875095,-0.000891289,0.000847254,0.000218979,-0.000891289,,0,
1786043758867975696,1786043758.865509089,/novatel/oem7/odom,/novatel/oem7/fix,/novatel/oem7/odom,39.663,-75.756,-1.801518834,0.000878285,-0.000888146,0.000263870,0.000837709,-0.000888146,,,
1786043758874978426,1786043758.874620132,/novatel/oem7/odom,/novatel/oem7/fix,/novatel/oem7/odom,39.663,-75.756,-1.801518834,0.000878285,-0.000888146,0.000263870,0.000837709,-0.000888146,,,
1786043758885441961,1786043758.885121521,/novatel/oem7/inspva,/novatel/oem7/inspva,/novatel/oem7/inspva,39.663,-75.756,-1.801522637,0.000713052,-0.000951960,0.000712817,-0.000018282,-0.000951960,,novatel_oem7_msgs.msg.InertialSolutionStatus(status=3),
1786043758886121944,1786043758.885271283,/novatel/oem7/fix,/novatel/oem7/fix,/novatel/oem7/inspva,39.663,-75.756,-1.801522637,0.000713052,-0.000951960,0.000712817,-0.000018282,-0.000951960,,0,
1786043758886620969,1786043758.885783325,/novatel/oem7/odom,/novatel/oem7/fix,/novatel/oem7/odom,39.663,-75.756,-1.801522637,0.000715608,-0.000950040,0.000020494,0.000715314,-0.000950040,,,
1786043758896027962,1786043758.895697507,/novatel/oem7/odom,/novatel/oem7/fix,/novatel/oem7/odom,39.663,-75.756,-1.801522637,0.000715608,-0.000950040,0.000020494,0.000715314,-0.000950040,,,
1786043758906267969,1786043758.905969130,/novatel/oem7/inspva,/novatel/oem7/inspva,/novatel/oem7/inspva,39.663,-75.756,-1.801522631,0.001030265,-0.001232355,0.001002253,0.000238612,-0.001232355,,novatel_oem7_msgs.msg.InertialSolutionStatus(status=3),
1786043758906963121,1786043758.906137049,/novatel/oem7/fix,/novatel/oem7/fix,/novatel/oem7/inspva,39.663,-75.756,-1.801522631,0.001030265,-0.001232355,0.001002253,0.000238612,-0.001232355,,0,
1786043758907488742,1786043758.906549256,/novatel/oem7/odom,/novatel/oem7/fix,/novatel/oem7/odom,39.663,-75.756,-1.801522631,0.001034619,-0.001228702,0.000292395,0.000992443,-0.001228702,,,
1786043758909967866,1786043758.909620934,/novatel/oem7/bestpos,/novatel/oem7/bestpos,/novatel/oem7/odom,39.663,-75.756,33.180905323,0.001034619,-0.001228702,0.000292395,0.000992443,-0.001228702,,novatel_oem7_msgs.msg.SolutionStatus(status=0),novatel_oem7_msgs.msg.PositionOrVelocityType(type=53)
1786043758910780489,1786043758.910455455,/novatel/oem7/bestvel,/novatel/oem7/bestpos,/novatel/oem7/bestvel,39.663,-75.756,33.180905323,0.001304402,-0.001171121,,,,351.020970436,novatel_oem7_msgs.msg.SolutionStatus(status=0),novatel_oem7_msgs.msg.PositionOrVelocityType(type=53)
1786043758914724379,1786043758.914318484,/novatel/oem7/odom,/novatel/oem7/bestpos,/novatel/oem7/odom,39.663,-75.756,33.180905323,0.001034619,-0.001228702,0.000292395,0.000992443,-0.001228702,,,
1786043758925750950,1786043758.925261207,/novatel/oem7/inspva,/novatel/oem7/inspva,/novatel/oem7/inspva,39.663,-75.756,-1.801528667,0.000700654,-0.001021404,0.000691217,-0.000114609,-0.001021404,,novatel_oem7_msgs.msg.InertialSolutionStatus(status=3),
1786043758926405181,1786043758.925408632,/novatel/oem7/fix,/novatel/oem7/fix,/novatel/oem7/inspva,39.663,-75.756,-1.801528667,0.000700654,-0.001021404,0.000691217,-0.000114609,-0.001021404,,0,
1786043758927039240,1786043758.926067639,/novatel/oem7/odom,/novatel/oem7/fix,/novatel/oem7/odom,39.663,-75.756,-1.801528667,0.000702881,-0.001019873,-0.000076529,0.000698702,-0.001019873,,,
1786043758936095249,1786043758.935732395,/novatel/oem7/odom,/novatel/oem7/fix,/novatel/oem7/odom,39.663,-75.756,-1.801528667,0.000702881,-0.001019873,-0.000076529,0.000698702,-0.001019873,,,
1786043758945405290,1786043758.945083709,/novatel/oem7/inspva,/novatel/oem7/inspva,/novatel/oem7/inspva,39.663,-75.756,-1.801534334,0.001025645,-0.001392104,0.000944976,0.000398709,-0.001392104,,novatel_oem7_msgs.msg.InertialSolutionStatus(status=3),
1786043758946038959,1786043758.945245237,/novatel/oem7/fix,/novatel/oem7/fix,/novatel/oem7/inspva,39.663,-75.756,-1.801534334,0.001025645,-0.001392104,0.000944976,0.000398709,-0.001392104,,0,
1786043758946516894,1786043758.945674798,/novatel/oem7/odom,/novatel/oem7/fix,/novatel/oem7/odom,39.663,-75.756,-1.801534334,0.001031158,-0.001388026,0.000450072,0.000927751,-0.001388026,,,
1786043758956049251,1786043758.955700148,/novatel/oem7/odom,/novatel/oem7/fix,/novatel/oem7/odom,39.663,-75.756,-1.801534334,0.001031158,-0.001388026,0.000450072,0.000927751,-0.001388026,,,
1786043758966939663,1786043758.966600444,/novatel/oem7/inspva,/novatel/oem7/inspva,/novatel/oem7/inspva,39.663,-75.756,-1.801542876,0.001034246,-0.001163770,0.001024811,-0.000139377,-0.001163770,,novatel_oem7_msgs.msg.InertialSolutionStatus(status=3),
1786043758967574451,1786043758.966757046,/novatel/oem7/fix,/novatel/oem7/fix,/novatel/oem7/inspva,39.663,-75.756,-1.801542876,0.001034246,-0.001163770,0.001024811,-0.000139377,-0.001163770,,0,
1786043758968264483,1786043758.967588693,/novatel/oem7/odom,/novatel/oem7/fix,/novatel/oem7/odom,39.663,-75.756,-1.801542876,0.001036898,-0.001161408,-0.000084243,0.001033470,-0.001161408,,,
1786043758975077465,1786043758.974700126,/novatel/oem7/odom,/novatel/oem7/fix,/novatel/oem7/odom,39.663,-75.756,-1.801542876,0.001036898,-0.001161408,-0.000084243,0.001033470,-0.001161408,,,
1786043758985456369,1786043758.985120143,/novatel/oem7/inspva,/novatel/oem7/inspva,/novatel/oem7/inspva,39.663,-75.756,-1.801547883,0.001201380,-0.001111604,0.001198464,0.000083643,-0.001111604,,novatel_oem7_msgs.msg.InertialSolutionStatus(status=3),
1786043758986059741,1786043758.985282102,/novatel/oem7/fix,/novatel/oem7/fix,/novatel/oem7/inspva,39.663,-75.756,-1.801547883,0.001201380,-0.001111604,0.001198464,0.000083643,-0.001111604,,0,
1786043758986511117,1786043758.985579449,/novatel/oem7/odom,/novatel/oem7/fix,/novatel/oem7/odom,39.663,-75.756,-1.801547883,0.001204744,-0.001107957,0.000146879,0.001195757,-0.001107957,,,
1786043758995153814,1786043758.994802420,/novatel/oem7/odom,/novatel/oem7/fix,/novatel/oem7/odom,39.663,-75.756,-1.801547883,0.001204744,-0.001107957,0.000146879,0.001195757,-0.001107957,,,
1786043759008524668,1786043759.008221118,/novatel/oem7/inspva,/novatel/oem7/inspva,/novatel/oem7/inspva,39.663,-75.756,-1.801559157,0.001009720,-0.001169981,0.000981589,0.000236681,-0.001169981,,novatel_oem7_msgs.msg.InertialSolutionStatus(status=3),
1786043759009134929,1786043759.008365146,/novatel/oem7/fix,/novatel/oem7/fix,/novatel/oem7/inspva,39.663,-75.756,-1.801559157,0.001009720,-0.001169981,0.000981589,0.000236681,-0.001169981,,0,
1786043759010030919,1786043759.009551218,/novatel/oem7/odom,/novatel/oem7/fix,/novatel/oem7/odom,39.663,-75.756,-1.801559157,0.001013859,-0.001166397,0.000289261,0.000971719,-0.001166397,,,
1786043759016304116,1786043759.015849835,/novatel/oem7/odom,/novatel/oem7/fix,/novatel/oem7/odom,39.663,-75.756,-1.801559157,0.001013859,-0.001166397,0.000289261,0.000971719,-0.001166397,,,
1786043759024847462,1786043759.024482884,/novatel/oem7/bestpos,/novatel/oem7/bestpos,/novatel/oem7/odom,39.663,-75.756,33.180862598,0.001013859,-0.001166397,0.000289261,0.000971719,-0.001166397,,novatel_oem7_msgs.msg.SolutionStatus(status=0),novatel_oem7_msgs.msg.PositionOrVelocityType(type=53)
1786043759025451359,1786043759.025182575,/novatel/oem7/bestvel,/novatel/oem7/bestpos,/novatel/oem7/bestvel,39.663,-75.756,33.180862598,0.001067591,-0.001301899,,,,35.564969029,novatel_oem7_msgs.msg.SolutionStatus(status=0),novatel_oem7_msgs.msg.PositionOrVelocityType(type=53)
1786043759027418177,1786043759.026934256,/novatel/oem7/inspva,/novatel/oem7/inspva,/novatel/oem7/inspva,39.663,-75.756,-1.801562789,0.001191389,-0.001193829,0.001175283,0.000195238,-0.001193829,,novatel_oem7_msgs.msg.InertialSolutionStatus(status=3),
1786043759028226871,1786043759.027137631,/novatel/oem7/fix,/novatel/oem7/fix,/novatel/oem7/inspva,39.663,-75.756,-1.801562789,0.001191389,-0.001193829,0.001175283,0.000195238,-0.001193829,,0,
1786043759028839239,1786043759.027650293,/novatel/oem7/odom,/novatel/oem7/fix,/novatel/oem7/odom,39.663,-75.756,-1.801562789,0.001195350,-0.001189864,0.000257498,0.001167286,-0.001189864,,,
1786043759034840468,1786043759.034416141,/novatel/oem7/odom,/novatel/oem7/fix,/novatel/oem7/odom,39.663,-75.756,-1.801562789,0.001195350,-0.001189864,0.000257498,0.001167286,-0.001189864,,,
1786043759045839272,1786043759.045272066,/novatel/oem7/inspva,/novatel/oem7/inspva,/novatel/oem7/inspva,39.663,-75.756,-1.801557242,0.000887097,-0.001214089,0.000842262,-0.000278454,-0.001214089,,novatel_oem7_msgs.msg.InertialSolutionStatus(status=3),
1786043759047204469,1786043759.045413701,/novatel/oem7/fix,/novatel/oem7/fix,/novatel/oem7/inspva,39.663,-75.756,-1.801557242,0.000887097,-0.001214089,0.000842262,-0.000278454,-0.001214089,,0,
1786043759048387207,1786043759.046099244,/novatel/oem7/odom,/novatel/oem7/fix,/novatel/oem7/odom,39.663,-75.756,-1.801557242,0.000888943,-0.001212738,-0.000231992,0.000858138,-0.001212738,,,
1786043759057652887,1786043759.056192382,/novatel/oem7/odom,/novatel/oem7/fix,/novatel/oem7/odom,39.663,-75.756,-1.801557242,0.000888943,-0.001212738,-0.000231992,0.000858138,-0.001212738,,,
1786043759066107305,1786043759.065260520,/novatel/oem7/inspva,/novatel/oem7/inspva,/novatel/oem7/inspva,39.663,-75.756,-1.801549227,0.001015720,-0.000989422,0.001008635,-0.000119756,-0.000989422,,novatel_oem7_msgs.msg.InertialSolutionStatus(status=3),
1786043759067988257,1786043759.065497365,/novatel/oem7/fix,/novatel/oem7/fix,/novatel/oem7/inspva,39.663,-75.756,-1.801549227,0.001015720,-0.000989422,0.001008635,-0.000119756,-0.000989422,,0,
1786043759069373671,1786043759.065857861,/novatel/oem7/odom,/novatel/oem7/fix,/novatel/oem7/odom,39.663,-75.756,-1.801549227,0.001018037,-0.000987037,-0.000066095,0.001015889,-0.000987037,,,
1786043759075655667,1786043759.074540413,/novatel/oem7/odom,/novatel/oem7/fix,/novatel/oem7/odom,39.663,-75.756,-1.801549227,0.001018037,-0.000987037,-0.000066095,0.001015889,-0.000987037,,,
1786043759087656871,1786043759.086764258,/novatel/oem7/inspva,/novatel/oem7/inspva,/novatel/oem7/inspva,39.663,-75.756,-1.801547484,0.001404383,-0.001156847,0.001389240,-0.000205673,-0.001156847,,novatel_oem7_msgs.msg.InertialSolutionStatus(status=3),
1786043759089703261,1786043759.087004911,/novatel/oem7/fix,/novatel/oem7/fix,/novatel/oem7/inspva,39.663,-75.756,-1.801547484,0.001404383,-0.001156847,0.001389240,-0.000205673,-0.001156847,,0,
1786043759091131562,1786043759.087297517,/novatel/oem7/odom,/novatel/oem7/fix,/novatel/oem7/odom,39.663,-75.756,-1.801547484,0.001406960,-0.001153710,-0.000132481,0.001400709,-0.001153710,,,
1786043759095840186,1786043759.094789739,/novatel/oem7/odom,/novatel/oem7/fix,/novatel/oem7/odom,39.663,-75.756,-1.801547484,0.001406960,-0.001153710,-0.000132481,0.001400709,-0.001153710,,,
1786043759106690558,1786043759.105859150,/novatel/oem7/inspva,/novatel/oem7/inspva,/novatel/oem7/inspva,39.663,-75.756,-1.801542760,0.001337705,-0.001322593,0.001311832,-0.000261822,-0.001322593,,novatel_oem7_msgs.msg.InertialSolutionStatus(status=3),
1786043759108230617,1786043759.106055845,/novatel/oem7/fix,/novatel/oem7/fix,/novatel/oem7/inspva,39.663,-75.756,-1.801542760,0.001337705,-0.001322593,0.001311832,-0.000261822,-0.001322593,,0,
1786043759109260001,1786043759.106484829,/novatel/oem7/odom,/novatel/oem7/fix,/novatel/oem7/odom,39.663,-75.756,-1.801542760,0.001340381,-0.001319882,-0.000191766,0.001326592,-0.001319882,,,
1786043759110839603,1786043759.109863663,/novatel/oem7/bestpos,/novatel/oem7/bestpos,/novatel/oem7/odom,39.663,-75.756,33.180895369,0.001340381,-0.001319882,-0.000191766,0.001326592,-0.001319882,,novatel_oem7_msgs.msg.SolutionStatus(status=0),novatel_oem7_msgs.msg.PositionOrVelocityType(type=53)
1786043759112272724,1786043759.110382385,/novatel/oem7/bestvel,/novatel/oem7/bestpos,/novatel/oem7/bestvel,39.663,-75.756,33.180895369,0.001070419,-0.001372308,,,,6.129349461,novatel_oem7_msgs.msg.SolutionStatus(status=0),novatel_oem7_msgs.msg.PositionOrVelocityType(type=53)
1786043759115718076,1786043759.114912497,/novatel/oem7/odom,/novatel/oem7/bestpos,/novatel/oem7/odom,39.663,-75.756,33.180895369,0.001340381,-0.001319882,-0.000191766,0.001326592,-0.001319882,,,
1786043759126697176,1786043759.125325912,/novatel/oem7/inspva,/novatel/oem7/inspva,/novatel/oem7/inspva,39.663,-75.756,-1.801542510,0.001376447,-0.001249854,0.001323435,-0.000378320,-0.001249854,,novatel_oem7_msgs.msg.InertialSolutionStatus(status=3),
1786043759128733536,1786043759.125698555,/novatel/oem7/fix,/novatel/oem7/fix,/novatel/oem7/inspva,39.663,-75.756,-1.801542510,0.001376447,-0.001249854,0.001323435,-0.000378320,-0.001249854,,0,
1786043759130222824,1786043759.126073566,/novatel/oem7/odom,/novatel/oem7/fix,/novatel/oem7/odom,39.663,-75.756,-1.801542510,0.001378562,-0.001247522,-0.000307804,0.001343759,-0.001247522,,,
1786043759135914344,1786043759.134844402,/novatel/oem7/odom,/novatel/oem7/fix,/novatel/oem7/odom,39.663,-75.756,-1.801542510,0.001378562,-0.001247522,-0.000307804,0.001343759,-0.001247522,,,
1786043759146576281,1786043759.146027446,/novatel/oem7/inspva,/novatel/oem7/inspva,/novatel/oem7/inspva,39.663,-75.756,-1.801542387,0.001199559,-0.001302011,0.001179713,-0.000217300,-0.001302011,,novatel_oem7_msgs.msg.InertialSolutionStatus(status=3),
1786043759147980242,1786043759.146202071,/novatel/oem7/fix,/novatel/oem7/fix,/novatel/oem7/inspva,39.663,-75.756,-1.801542387,0.001199559,-0.001302011,0.001179713,-0.000217300,-0.001302011,,0,
1786043759149090273,1786043759.146571334,/novatel/oem7/odom,/novatel/oem7/fix,/novatel/oem7/odom,39.663,-75.756,-1.801542387,0.001202299,-0.001299482,-0.000153895,0.001192409,-0.001299482,,,
1786043759157703943,1786043759.156092896,/novatel/oem7/odom,/novatel/oem7/fix,/novatel/oem7/odom,39.663,-75.756,-1.801542387,0.001202299,-0.001299482,-0.000153895,0.001192409,-0.001299482,,,
1786043759166280528,1786043759.165279122,/novatel/oem7/inspva,/novatel/oem7/inspva,/novatel/oem7/inspva,39.663,-75.756,-1.801549668,0.001272933,-0.001655074,0.001267350,-0.000119090,-0.001655074,,novatel_oem7_msgs.msg.InertialSolutionStatus(status=3),
1786043759168126824,1786043759.165514468,/novatel/oem7/fix,/novatel/oem7/fix,/novatel/oem7/inspva,39.663,-75.756,-1.801549668,0.001272933,-0.001655074,0.001267350,-0.000119090,-0.001655074,,0,
1786043759169558278,1786043759.166168847,/novatel/oem7/odom,/novatel/oem7/fix,/novatel/oem7/odom,39.663,-75.756,-1.801549668,0.001276980,-0.001651954,-0.000050175,0.001275994,-0.001651954,,,
1786043759176340793,1786043759.175507368,/novatel/oem7/odom,/novatel/oem7/fix,/novatel/oem7/odom,39.663,-75.756,-1.801549668,0.001276980,-0.001651954,-0.000050175,0.001275994,-0.001651954,,,
1786043759187151026,1786043759.184948419,/novatel/oem7/inspva,/novatel/oem7/inspva,/novatel/oem7/inspva,39.663,-75.756,-1.801549365,0.001070988,-0.001524745,0.001069092,-0.000063685,-0.001524745,,novatel_oem7_msgs.msg.InertialSolutionStatus(status=3),
1786043759195841092,1786043759.185243755,/novatel/oem7/fix,/novatel/oem7/fix,/novatel/oem7/inspva,39.663,-75.756,-1.801549365,0.001070988,-0.001524745,0.001069092,-0.000063685,-0.001524745,,0,
1786043759204787879,1786043759.185856338,/novatel/oem7/odom,/novatel/oem7/fix,/novatel/oem7/odom,39.663,-75.756,-1.801549365,0.001074936,-0.001521964,-0.000005105,0.001074924,-0.001521964,,,
1786043759208020787,1786043759.206531896,/novatel/oem7/inspva,/novatel/oem7/inspva,/novatel/oem7/inspva,39.663,-75.756,-1.801558648,0.001637590,-0.001640825,0.001583174,-0.000418639,-0.001640825,,novatel_oem7_msgs.msg.InertialSolutionStatus(status=3),
1786043759208394045,1786043759.206742114,/novatel/oem7/fix,/novatel/oem7/fix,/novatel/oem7/inspva,39.663,-75.756,-1.801558648,0.001637590,-0.001640825,0.001583174,-0.000418639,-0.001640825,,0,
1786043759208853101,1786043759.194542636,/novatel/oem7/odom,/novatel/oem7/fix,/novatel/oem7/odom,39.663,-75.756,-1.801558648,0.001074936,-0.001521964,-0.000005105,0.001074924,-0.001521964,,,
1786043759210330495,1786043759.207193479,/novatel/oem7/odom,/novatel/oem7/fix,/novatel/oem7/odom,39.663,-75.756,-1.801558648,0.001640542,-0.001637873,-0.000333802,0.001606224,-0.001637873,,,
1786043759211431981,1786043759.210338757,/novatel/oem7/bestpos,/novatel/oem7/bestpos,/novatel/oem7/odom,39.663,-75.756,33.180870595,0.001640542,-0.001637873,-0.000333802,0.001606224,-0.001637873,,novatel_oem7_msgs.msg.SolutionStatus(status=0),novatel_oem7_msgs.msg.PositionOrVelocityType(type=53)
1786043759212333210,1786043759.210815462,/novatel/oem7/bestvel,/novatel/oem7/bestpos,/novatel/oem7/bestvel,39.663,-75.756,33.180870595,0.001623406,-0.001607108,,,,343.691620340,novatel_oem7_msgs.msg.SolutionStatus(status=0),novatel_oem7_msgs.msg.PositionOrVelocityType(type=53)
1786043759216069126,1786043759.215039024,/novatel/oem7/odom,/novatel/oem7/bestpos,/novatel/oem7/odom,39.663,-75.756,33.180870595,0.001640542,-0.001637873,-0.000333802,0.001606224,-0.001637873,,,
1786043759225986546,1786043759.225155798,/novatel/oem7/inspva,/novatel/oem7/inspva,/novatel/oem7/inspva,39.663,-75.756,-1.801561782,0.001241329,-0.001565290,0.001241016,-0.000027853,-0.001565290,,novatel_oem7_msgs.msg.InertialSolutionStatus(status=3),
1786043759227411110,1786043759.225489586,/novatel/oem7/fix,/novatel/oem7/fix,/novatel/oem7/inspva,39.663,-75.756,-1.801561782,0.001241329,-0.001565290,0.001241016,-0.000027853,-0.001565290,,0,
1786043759228402271,1786043759.226208929,/novatel/oem7/odom,/novatel/oem7/fix,/novatel/oem7/odom,39.663,-75.756,-1.801561782,0.001245602,-0.001561892,0.000039302,0.001244982,-0.001561892,,,
1786043759236439053,1786043759.235707394,/novatel/oem7/odom,/novatel/oem7/fix,/novatel/oem7/odom,39.663,-75.756,-1.801561782,0.001245602,-0.001561892,0.000039302,0.001244982,-0.001561892,,,
1786043759245715324,1786043759.245325701,/novatel/oem7/inspva,/novatel/oem7/inspva,/novatel/oem7/inspva,39.663,-75.756,-1.801570428,0.001610291,-0.001648446,0.001610290,0.000001729,-0.001648446,,novatel_oem7_msgs.msg.InertialSolutionStatus(status=3),
1786043759246529557,1786043759.245511249,/novatel/oem7/fix,/novatel/oem7/fix,/novatel/oem7/inspva,39.663,-75.756,-1.801570428,0.001610291,-0.001648446,0.001610290,0.000001729,-0.001648446,,0,
1786043759247187019,1786043759.246049858,/novatel/oem7/odom,/novatel/oem7/fix,/novatel/oem7/odom,39.663,-75.756,-1.801570428,0.001614923,-0.001643908,0.000087420,0.001612555,-0.001643908,,,
1786043759257765863,1786043759.256710275,/novatel/oem7/odom,/novatel/oem7/fix,/novatel/oem7/odom,39.663,-75.756,-1.801570428,0.001614923,-0.001643908,0.000087420,0.001612555,-0.001643908,,,
1786043759266945136,1786043759.266227777,/novatel/oem7/inspva,/novatel/oem7/inspva,/novatel/oem7/inspva,39.663,-75.756,-1.801571477,0.001273209,-0.001221574,0.001239856,-0.000289514,-0.001221574,,novatel_oem7_msgs.msg.InertialSolutionStatus(status=3),
1786043759268319832,1786043759.266505080,/novatel/oem7/fix,/novatel/oem7/fix,/novatel/oem7/inspva,39.663,-75.756,-1.801571477,0.001273209,-0.001221574,0.001239856,-0.000289514,-0.001221574,,0,
1786043759269526151,1786043759.267074492,/novatel/oem7/odom,/novatel/oem7/fix,/novatel/oem7/odom,39.663,-75.756,-1.801571477,0.001275566,-0.001219113,-0.000223354,0.001255859,-0.001219113,,,
1786043759275500885,1786043759.274708405,/novatel/oem7/odom,/novatel/oem7/fix,/novatel/oem7/odom,39.663,-75.756,-1.801571477,0.001275566,-0.001219113,-0.000223354,0.001255859,-0.001219113,,,
1786043759286032034,1786043759.285323906,/novatel/oem7/inspva,/novatel/oem7/inspva,/novatel/oem7/inspva,39.663,-75.756,-1.801583112,0.001612838,-0.001605304,0.001607225,0.000134442,-0.001605304,,novatel_oem7_msgs.msg.InertialSolutionStatus(status=3),
1786043759287274905,1786043759.285493379,/novatel/oem7/fix,/novatel/oem7/fix,/novatel/oem7/inspva,39.663,-75.756,-1.801583112,0.001612838,-0.001605304,0.001607225,0.000134442,-0.001605304,,0,
1786043759288068536,1786043759.286185717,/novatel/oem7/odom,/novatel/oem7/fix,/novatel/oem7/odom,39.663,-75.756,-1.801583112,0.001617796,-0.001600307,0.000219639,0.001602817,-0.001600307,,,
1786043759296332158,1786043759.295607738,/novatel/oem7/odom,/novatel/oem7/fix,/novatel/oem7/odom,39.663,-75.756,-1.801583112,0.001617796,-0.001600307,0.000219639,0.001602817,-0.001600307,,,
1786043759306974055,1786043759.306044359,/novatel/oem7/inspva,/novatel/oem7/inspva,/novatel/oem7/inspva,39.663,-75.756,-1.801584899,0.001265475,-0.001471346,0.001254545,-0.000165963,-0.001471346,,novatel_oem7_msgs.msg.InertialSolutionStatus(status=3),
1786043759308591308,1786043759.306336722,/novatel/oem7/fix,/novatel/oem7/fix,/novatel/oem7/inspva,39.663,-75.756,-1.801584899,0.001265475,-0.001471346,0.001254545,-0.000165963,-0.001471346,,0,
1786043759309637992,1786043759.306965392,/novatel/oem7/odom,/novatel/oem7/fix,/novatel/oem7/odom,39.663,-75.756,-1.801584899,0.001268858,-0.001468428,-0.000098315,0.001265044,-0.001468428,,,
1786043759311269691,1786043759.309982002,/novatel/oem7/bestpos,/novatel/oem7/bestpos,/novatel/oem7/odom,39.663,-75.756,33.180846756,0.001268858,-0.001468428,-0.000098315,0.001265044,-0.001468428,,novatel_oem7_msgs.msg.SolutionStatus(status=0),novatel_oem7_msgs.msg.PositionOrVelocityType(type=53)
1786043759312177687,1786043759.310541488,/novatel/oem7/bestvel,/novatel/oem7/bestpos,/novatel/oem7/bestvel,39.663,-75.756,33.180846756,0.000645786,-0.001066103,,,,339.891594431,novatel_oem7_msgs.msg.SolutionStatus(status=0),novatel_oem7_msgs.msg.PositionOrVelocityType(type=53)
1786043759315185261,1786043759.314526201,/novatel/oem7/odom,/novatel/oem7/bestpos,/novatel/oem7/odom,39.663,-75.756,33.180846756,0.001268858,-0.001468428,-0.000098315,0.001265044,-0.001468428,,,
1786043759327299750,1786043759.326651979,/novatel/oem7/inspva,/novatel/oem7/inspva,/novatel/oem7/inspva,39.663,-75.756,-1.801591528,0.001439357,-0.001334974,0.001438451,-0.000051052,-0.001334974,,novatel_oem7_msgs.msg.InertialSolutionStatus(status=3),
1786043759328483669,1786043759.326852641,/novatel/oem7/fix,/novatel/oem7/fix,/novatel/oem7/inspva,39.663,-75.756,-1.801591528,0.001439357,-0.001334974,0.001438451,-0.000051052,-0.001334974,,0,
1786043759329255160,1786043759.327268772,/novatel/oem7/odom,/novatel/oem7/fix,/novatel/oem7/odom,39.663,-75.756,-1.801591528,0.001442906,-0.001331136,0.000025017,0.001442689,-0.001331136,,,
1786043759335756507,1786043759.334844870,/novatel/oem7/odom,/novatel/oem7/fix,/novatel/oem7/odom,39.663,-75.756,-1.801591528,0.001442906,-0.001331136,0.000025017,0.001442689,-0.001331136,,,
1786043759345712093,1786043759.344926249,/novatel/oem7/inspva,/novatel/oem7/inspva,/novatel/oem7/inspva,39.663,-75.756,-1.801594912,0.001151078,-0.001381573,0.001151047,0.000008476,-0.001381573,,novatel_oem7_msgs.msg.InertialSolutionStatus(status=3),
1786043759347254004,1786043759.345189051,/novatel/oem7/fix,/novatel/oem7/fix,/novatel/oem7/inspva,39.663,-75.756,-1.801594912,0.001151078,-0.001381573,0.001151047,0.000008476,-0.001381573,,0,
1786043759348444667,1786043759.345802817,/novatel/oem7/odom,/novatel/oem7/fix,/novatel/oem7/odom,39.663,-75.756,-1.801594912,0.001154980,-0.001378313,0.000070458,0.001152829,-0.001378313,,,
1786043759356569076,1786043759.355889524,/novatel/oem7/odom,/novatel/oem7/fix,/novatel/oem7/odom,39.663,-75.756,-1.801594912,0.001154980,-0.001378313,0.000070458,0.001152829,-0.001378313,,,
1786043759365956494,1786043759.365261322,/novatel/oem7/inspva,/novatel/oem7/inspva,/novatel/oem7/inspva,39.663,-75.756,-1.801601992,0.001447719,-0.001209846,0.001405847,0.000345666,-0.001209846,,novatel_oem7_msgs.msg.InertialSolutionStatus(status=3),
1786043759367385973,1786043759.365475478,/novatel/oem7/fix,/novatel/oem7/fix,/novatel/oem7/inspva,39.663,-75.756,-1.801601992,0.001447719,-0.001209846,0.001405847,0.000345666,-0.001209846,,0,
1786043759368362674,1786043759.366075264,/novatel/oem7/odom,/novatel/oem7/fix,/novatel/oem7/odom,39.663,-75.756,-1.801601992,0.001452032,-0.001204666,0.000419180,0.001390211,-0.001204666,,,
1786043759375804844,1786043759.375021995,/novatel/oem7/odom,/novatel/oem7/fix,/novatel/oem7/odom,39.663,-75.756,-1.801601992,0.001452032,-0.001204666,0.000419180,0.001390211,-0.001204666,,,
1786043759386945771,1786043759.386271073,/novatel/oem7/inspva,/novatel/oem7/inspva,/novatel/oem7/inspva,39.663,-75.756,-1.801608288,0.001131694,-0.001470958,0.001088967,0.000308033,-0.001470958,,novatel_oem7_msgs.msg.InertialSolutionStatus(status=3),
1786043759388288070,1786043759.386514849,/novatel/oem7/fix,/novatel/oem7/fix,/novatel/oem7/inspva,39.663,-75.756,-1.801608288,0.001131694,-0.001470958,0.001088967,0.000308033,-0.001470958,,0,
1786043759389326111,1786043759.386968924,/novatel/oem7/odom,/novatel/oem7/fix,/novatel/oem7/odom,39.663,-75.756,-1.801608288,0.001137091,-0.001466790,0.000366913,0.001076267,-0.001466790,,,
1786043759395142440,1786043759.394516701,/novatel/oem7/odom,/novatel/oem7/fix,/novatel/oem7/odom,39.663,-75.756,-1.801608288,0.001137091,-0.001466790,0.000366913,0.001076267,-0.001466790,,,
1786043759407542815,1786043759.406447519,/novatel/oem7/inspva,/novatel/oem7/inspva,/novatel/oem7/inspva,39.663,-75.756,-1.801616096,0.001355627,-0.001151510,0.001241475,0.000544487,-0.001151510,,novatel_oem7_msgs.msg.InertialSolutionStatus(status=3),
1786043759409285934,1786043759.406744922,/novatel/oem7/fix,/novatel/oem7/fix,/novatel/oem7/inspva,39.663,-75.756,-1.801616096,0.001355627,-0.001151510,0.001241475,0.000544487,-0.001151510,,0,
1786043759410406846,1786043759.407378148,/novatel/oem7/odom,/novatel/oem7/fix,/novatel/oem7/odom,39.663,-75.756,-1.801616096,0.001360227,-0.001146073,0.000609406,0.001216077,-0.001146073,,,
1786043759411998041,1786043759.410330968,/novatel/oem7/bestpos,/novatel/oem7/bestpos,/novatel/oem7/odom,39.663,-75.756,33.180806319,0.001360227,-0.001146073,0.000609406,0.001216077,-0.001146073,,novatel_oem7_msgs.msg.SolutionStatus(status=0),novatel_oem7_msgs.msg.PositionOrVelocityType(type=53)
1786043759413016758,1786043759.410726058,/novatel/oem7/bestvel,/novatel/oem7/bestpos,/novatel/oem7/bestvel,39.663,-75.756,33.180806319,0.001341745,-0.001184095,,,,34.755016039,novatel_oem7_msgs.msg.SolutionStatus(status=0),novatel_oem7_msgs.msg.PositionOrVelocityType(type=53)
1786043759416477124,1786043759.415730335,/novatel/oem7/odom,/novatel/oem7/bestpos,/novatel/oem7/odom,39.663,-75.756,33.180806319,0.001360227,-0.001146073,0.000609406,0.001216077,-0.001146073,,,
1786043759425595171,1786043759.425093689,/novatel/oem7/inspva,/novatel/oem7/inspva,/novatel/oem7/inspva,39.663,-75.756,-1.801626071,0.001149389,-0.001546430,0.001011959,0.000545009,-0.001546430,,novatel_oem7_msgs.msg.InertialSolutionStatus(status=3),
1786043759426774001,1786043759.425261067,/novatel/oem7/fix,/novatel/oem7/fix,/novatel/oem7/inspva,39.663,-75.756,-1.801626071,0.001149389,-0.001546430,0.001011959,0.000545009,-0.001546430,,0,
1786043759427604310,1786043759.425674755,/novatel/oem7/odom,/novatel/oem7/fix,/novatel/oem7/odom,39.663,-75.756,-1.801626071,0.001155804,-0.001541641,0.000600064,0.000987829,-0.001541641,,,
1786043759435439204,1786043759.434678965,/novatel/oem7/odom,/novatel/oem7/fix,/novatel/oem7/odom,39.663,-75.756,-1.801626071,0.001155804,-0.001541641,0.000600064,0.000987829,-0.001541641,,,
1786043759447745324,1786043759.446898172,/novatel/oem7/inspva,/novatel/oem7/inspva,/novatel/oem7/inspva,39.663,-75.756,-1.801634352,0.001326985,-0.001349863,0.001198386,0.000569876,-0.001349863,,novatel_oem7_msgs.msg.InertialSolutionStatus(status=3),
1786043759449316422,1786043759.447143624,/novatel/oem7/fix,/novatel/oem7/fix,/novatel/oem7/inspva,39.663,-75.756,-1.801634352,0.001326985,-0.001349863,0.001198386,0.000569876,-0.001349863,,0,
1786043759450714519,1786043759.447475523,/novatel/oem7/odom,/novatel/oem7/fix,/novatel/oem7/odom,39.663,-75.756,-1.801634352,0.001332465,-0.001344454,0.000633376,0.001172304,-0.001344454,,,
1786043759457511807,1786043759.456674089,/novatel/oem7/odom,/novatel/oem7/fix,/novatel/oem7/odom,39.663,-75.756,-1.801634352,0.001332465,-0.001344454,0.000633376,0.001172304,-0.001344454,,,
1786043759465931218,1786043759.465069693,/novatel/oem7/inspva,/novatel/oem7/inspva,/novatel/oem7/inspva,39.663,-75.756,-1.801644222,0.001462273,-0.001485164,0.001367575,0.000517670,-0.001485164,,novatel_oem7_msgs.msg.InertialSolutionStatus(status=3),
1786043759467591168,1786043759.465270918,/novatel/oem7/fix,/novatel/oem7/fix,/novatel/oem7/inspva,39.663,-75.756,-1.801644222,0.001462273,-0.001485164,0.001367575,0.000517670,-0.001485164,,0,
1786043759468715339,1786043759.465635608,/novatel/oem7/odom,/novatel/oem7/fix,/novatel/oem7/odom,39.663,-75.756,-1.801644222,0.001468029,-0.001479475,0.000590073,0.001344219,-0.001479475,,,
1786043759476282485,1786043759.475454697,/novatel/oem7/odom,/novatel/oem7/fix,/novatel/oem7/odom,39.663,-75.756,-1.801644222,0.001468029,-0.001479475,0.000590073,0.001344219,-0.001479475,,,
1786043759486222781,1786043759.485236545,/novatel/oem7/inspva,/novatel/oem7/inspva,/novatel/oem7/inspva,39.663,-75.756,-1.801655333,0.001530384,-0.001240168,0.001310216,0.000790828,-0.001240168,,novatel_oem7_msgs.msg.InertialSolutionStatus(status=3),
1786043759488215561,1786043759.485499104,/novatel/oem7/fix,/novatel/oem7/fix,/novatel/oem7/inspva,39.663,-75.756,-1.801655333,0.001530384,-0.001240168,0.001310216,0.000790828,-0.001240168,,0,
1786043759489542765,1786043759.486086227,/novatel/oem7/odom,/novatel/oem7/fix,/novatel/oem7/odom,39.663,-75.756,-1.801655333,0.001535641,-0.001233652,0.000859165,0.001272804,-0.001233652,,,
1786043759495735544,1786043759.494887291,/novatel/oem7/odom,/novatel/oem7/fix,/novatel/oem7/odom,39.663,-75.756,-1.801655333,0.001535641,-0.001233652,0.000859165,0.001272804,-0.001233652,,,
1786043759506736544,1786043759.506026587,/novatel/oem7/inspva,/novatel/oem7/inspva,/novatel/oem7/inspva,39.663,-75.756,-1.801666193,0.001654870,-0.001395328,0.001469692,0.000760657,-0.001395328,,novatel_oem7_msgs.msg.InertialSolutionStatus(status=3),
1786043759508227015,1786043759.506238972,/novatel/oem7/fix,/novatel/oem7/fix,/novatel/oem7/inspva,39.663,-75.756,-1.801666193,0.001654870,-0.001395328,0.001469692,0.000760657,-0.001395328,,0,
1786043759509307243,1786043759.506651746,/novatel/oem7/odom,/novatel/oem7/fix,/novatel/oem7/odom,39.663,-75.756,-1.801666193,0.001660633,-0.001388464,0.000837475,0.001433993,-0.001388464,,,
1786043759511892792,1786043759.511247409,/novatel/oem7/bestpos,/novatel/oem7/bestpos,/novatel/oem7/odom,39.663,-75.756,33.180749739,0.001660633,-0.001388464,0.000837475,0.001433993,-0.001388464,,novatel_oem7_msgs.msg.SolutionStatus(status=0),novatel_oem7_msgs.msg.PositionOrVelocityType(type=53)
1786043759513374763,1786043759.511764964,/novatel/oem7/bestvel,/novatel/oem7/bestpos,/novatel/oem7/bestvel,39.663,-75.756,33.180749739,0.001949402,-0.001653994,,,,35.316776621,novatel_oem7_msgs.msg.SolutionStatus(status=0),novatel_oem7_msgs.msg.PositionOrVelocityType(type=53)
1786043759515445061,1786043759.514499382,/novatel/oem7/odom,/novatel/oem7/bestpos,/novatel/oem7/odom,39.663,-75.756,33.180749739,0.001660633,-0.001388464,0.000837475,0.001433993,-0.001388464,,,
1786043759525819411,1786043759.525228329,/novatel/oem7/inspva,/novatel/oem7/inspva,/novatel/oem7/inspva,39.663,-75.756,-1.801680624,0.001519231,-0.001661100,0.001051760,0.001096296,-0.001661100,,novatel_oem7_msgs.msg.InertialSolutionStatus(status=3),
1786043759527127731,1786043759.525393824,/novatel/oem7/fix,/novatel/oem7/fix,/novatel/oem7/inspva,39.663,-75.756,-1.801680624,0.001519231,-0.001661100,0.001051760,0.001096296,-0.001661100,,0,
1786043759528240209,1786043759.525848042,/novatel/oem7/odom,/novatel/oem7/fix,/novatel/oem7/odom,39.663,-75.756,-1.801680624,0.001526729,-0.001654211,0.001153040,0.001000700,-0.001654211,,,
1786043759536333151,1786043759.535565409,/novatel/oem7/odom,/novatel/oem7/fix,/novatel/oem7/odom,39.663,-75.756,-1.801680624,0.001526729,-0.001654211,0.001153040,0.001000700,-0.001654211,,,
1786043759546155682,1786043759.545146259,/novatel/oem7/inspva,/novatel/oem7/inspva,/novatel/oem7/inspva,39.663,-75.756,-1.801691677,0.001777446,-0.001543063,0.001478137,0.000987129,-0.001543063,,novatel_oem7_msgs.msg.InertialSolutionStatus(status=3),
1786043759548116845,1786043759.545416335,/novatel/oem7/fix,/novatel/oem7/fix,/novatel/oem7/inspva,39.663,-75.756,-1.801691677,0.001777446,-0.001543063,0.001478137,0.000987129,-0.001543063,,0,
1786043759549739191,1786043759.545967447,/novatel/oem7/odom,/novatel/oem7/fix,/novatel/oem7/odom,39.663,-75.756,-1.801691677,0.001784093,-0.001535373,0.001064617,0.001431635,-0.001535373,,,
1786043759556749811,1786043759.555701145,/novatel/oem7/odom,/novatel/oem7/fix,/novatel/oem7/odom,39.663,-75.756,-1.801691677,0.001784093,-0.001535373,0.001064617,0.001431635,-0.001535373,,,
1786043759567538869,1786043759.566578251,/novatel/oem7/inspva,/novatel/oem7/inspva,/novatel/oem7/inspva,39.663,-75.756,-1.801709922,0.001493331,-0.001743685,0.000999829,0.001109224,-0.001743685,,novatel_oem7_msgs.msg.InertialSolutionStatus(status=3),
1786043759569328137,1786043759.566761979,/novatel/oem7/fix,/novatel/oem7/fix,/novatel/oem7/inspva,39.663,-75.756,-1.801709922,0.001493331,-0.001743685,0.000999829,0.001109224,-0.001743685,,0,
1786043759570617650,1786043759.567483973,/novatel/oem7/odom,/novatel/oem7/fix,/novatel/oem7/odom,39.663,-75.756,-1.801709922,0.001501244,-0.001736877,0.001163702,0.000948437,-0.001736877,,,
1786043759576444752,1786043759.575567884,/novatel/oem7/odom,/novatel/oem7/fix,/novatel/oem7/odom,39.663,-75.756,-1.801709922,0.001501244,-0.001736877,0.001163702,0.000948437,-0.001736877,,,
1786043759586197486,1786043759.585398152,/novatel/oem7/inspva,/novatel/oem7/inspva,/novatel/oem7/inspva,39.663,-75.756,-1.801723461,0.001766382,-0.001721151,0.001416976,0.001054650,-0.001721151,,novatel_oem7_msgs.msg.InertialSolutionStatus(status=3),
1786043759588093179,1786043759.586265688,/novatel/oem7/fix,/novatel/oem7/fix,/novatel/oem7/inspva,39.663,-75.756,-1.801723461,0.001766382,-0.001721151,0.001416976,0.001054650,-0.001721151,,0,
1786043759589466956,1786043759.587322625,/novatel/oem7/odom,/novatel/oem7/fix,/novatel/oem7/odom,39.663,-75.756,-1.801723461,0.001773910,-0.001713391,0.001129670,0.001367700,-0.001713391,,,
1786043759596870703,1786043759.595588960,/novatel/oem7/odom,/novatel/oem7/fix,/novatel/oem7/odom,39.663,-75.756,-1.801723461,0.001773910,-0.001713391,0.001129670,0.001367700,-0.001713391,,,
1786043759607598075,1786043759.606585578,/novatel/oem7/inspva,/novatel/oem7/inspva,/novatel/oem7/inspva,39.663,-75.756,-1.801744275,0.001575318,-0.001808470,0.001191399,0.001030628,-0.001808470,,novatel_oem7_msgs.msg.InertialSolutionStatus(status=3),
1786043759609503687,1786043759.606902724,/novatel/oem7/fix,/novatel/oem7/fix,/novatel/oem7/inspva,39.663,-75.756,-1.801744275,0.001575318,-0.001808470,0.001191399,0.001030628,-0.001808470,,0,
1786043759610966118,1786043759.607466050,/novatel/oem7/odom,/novatel/oem7/fix,/novatel/oem7/odom,39.663,-75.756,-1.801744275,0.001583354,-0.001801439,0.001094862,0.001143804,-0.001801439,,,
1786043759612881584,1786043759.610379312,/novatel/oem7/bestpos,/novatel/oem7/bestpos,/novatel/oem7/odom,39.663,-75.756,33.180681171,0.001583354,-0.001801439,0.001094862,0.001143804,-0.001801439,,novatel_oem7_msgs.msg.SolutionStatus(status=0),novatel_oem7_msgs.msg.PositionOrVelocityType(type=53)
1786043759614033039,1786043759.610791117,/novatel/oem7/bestvel,/novatel/oem7/bestpos,/novatel/oem7/bestvel,39.663,-75.756,33.180681171,0.001381837,-0.001649786,,,,34.243580829,novatel_oem7_msgs.msg.SolutionStatus(status=0),novatel_oem7_msgs.msg.PositionOrVelocityType(type=53)
1786043759616325812,1786043759.615035165,/novatel/oem7/odom,/novatel/oem7/bestpos,/novatel/oem7/odom,39.663,-75.756,33.180681171,0.001583354,-0.001801439,0.001094862,0.001143804,-0.001801439,,,
1786043759627008225,1786043759.626095080,/novatel/oem7/inspva,/novatel/oem7/inspva,/novatel/oem7/inspva,39.663,-75.756,-1.801759812,0.001867538,-0.001706057,0.001622009,0.000925627,-0.001706057,,novatel_oem7_msgs.msg.InertialSolutionStatus(status=3),
1786043759628687299,1786043759.626309055,/novatel/oem7/fix,/novatel/oem7/fix,/novatel/oem7/inspva,39.663,-75.756,-1.801759812,0.001867538,-0.001706057,0.001622009,0.000925627,-0.001706057,,0,
1786043759630259205,1786043759.626754567,/novatel/oem7/odom,/novatel/oem7/fix,/novatel/oem7/odom,39.663,-75.756,-1.801759812,0.001874693,-0.001698191,0.001010855,0.001578812,-0.001698191,,,
1786043759635286378,1786043759.634499174,/novatel/oem7/odom,/novatel/oem7/fix,/novatel/oem7/odom,39.663,-75.756,-1.801759812,0.001874693,-0.001698191,0.001010855,0.001578812,-0.001698191,,,
1786043759646859334,1786043759.645587730,/novatel/oem7/inspva,/novatel/oem7/inspva,/novatel/oem7/inspva,39.663,-75.756,-1.801784892,0.001502658,-0.002102923,0.001140895,0.000977925,-0.002102923,,novatel_oem7_msgs.msg.InertialSolutionStatus(status=3),
1786043759648856558,1786043759.646924802,/novatel/oem7/fix,/novatel/oem7/fix,/novatel/oem7/inspva,39.663,-75.756,-1.801784892,0.001502658,-0.002102923,0.001140895,0.000977925,-0.002102923,,0,
1786043759650936125,1786043759.648166671,/novatel/oem7/odom,/novatel/oem7/fix,/novatel/oem7/odom,39.663,-75.756,-1.801784892,0.001512047,-0.002096182,0.001040817,0.001096807,-0.002096182,,,
1786043759657296473,1786043759.656625926,/novatel/oem7/odom,/novatel/oem7/fix,/novatel/oem7/odom,39.663,-75.756,-1.801784892,0.001512047,-0.002096182,0.001040817,0.001096807,-0.002096182,,,
1786043759666269863,1786043759.665209468,/novatel/oem7/inspva,/novatel/oem7/inspva,/novatel/oem7/inspva,39.663,-75.756,-1.801800713,0.001653993,-0.001984809,0.001309518,0.001010374,-0.001984809,,novatel_oem7_msgs.msg.InertialSolutionStatus(status=3),
1786043759668145361,1786043759.665357017,/novatel/oem7/fix,/novatel/oem7/fix,/novatel/oem7/inspva,39.663,-75.756,-1.801800713,0.001653993,-0.001984809,0.001309518,0.001010374,-0.001984809,,0,
1786043759669646696,1786043759.665739170,/novatel/oem7/odom,/novatel/oem7/fix,/novatel/oem7/odom,39.663,-75.756,-1.801800713,0.001662712,-0.001977511,0.001081089,0.001263273,-0.001977511,,,
1786043759675378420,1786043759.674530168,/novatel/oem7/odom,/novatel/oem7/fix,/novatel/oem7/odom,39.663,-75.756,-1.801800713,0.001662712,-0.001977511,0.001081089,0.001263273,-0.001977511,,,
1786043759687331510,1786043759.686692123,/novatel/oem7/inspva,/novatel/oem7/inspva,/novatel/oem7/inspva,39.663,-75.756,-1.801820794,0.001412911,-0.001725031,0.001139477,0.000835411,-0.001725031,,novatel_oem7_msgs.msg.InertialSolutionStatus(status=3),
1786043759688835169,1786043759.686920176,/novatel/oem7/fix,/novatel/oem7/fix,/novatel/oem7/inspva,39.663,-75.756,-1.801820794,0.001412911,-0.001725031,0.001139477,0.000835411,-0.001725031,,0,
1786043759689877392,1786043759.687621886,/novatel/oem7/odom,/novatel/oem7/fix,/novatel/oem7/odom,39.663,-75.756,-1.801820794,0.001420459,-0.001718821,0.000896996,0.001101409,-0.001718821,,,
1786043759696187369,1786043759.695324530,/novatel/oem7/odom,/novatel/oem7/fix,/novatel/oem7/odom,39.663,-75.756,-1.801820794,0.001420459,-0.001718821,0.000896996,0.001101409,-0.001718821,,,
1786043759706384268,1786043759.705832432,/novatel/oem7/inspva,/novatel/oem7/inspva,/novatel/oem7/inspva,39.663,-75.756,-1.801837587,0.001508454,-0.001733494,0.001283723,0.000792141,-0.001733494,,novatel_oem7_msgs.msg.InertialSolutionStatus(status=3),
1786043759707775615,1786043759.706017914,/novatel/oem7/fix,/novatel/oem7/fix,/novatel/oem7/inspva,39.663,-75.756,-1.801837587,0.001508454,-0.001733494,0.001283723,0.000792141,-0.001733494,,0,
1786043759708837162,1786043759.706521496,/novatel/oem7/odom,/novatel/oem7/fix,/novatel/oem7/odom,39.663,-75.756,-1.801837587,0.001515835,-0.001727044,0.000860929,0.001247621,-0.001727044,,,
1786043759710328904,1786043759.709547702,/novatel/oem7/bestpos,/novatel/oem7/bestpos,/novatel/oem7/odom,39.663,-75.756,33.180579759,0.001515835,-0.001727044,0.000860929,0.001247621,-0.001727044,,novatel_oem7_msgs.msg.SolutionStatus(status=0),novatel_oem7_msgs.msg.PositionOrVelocityType(type=53)
1786043759711771275,1786043759.710240753,/novatel/oem7/bestvel,/novatel/oem7/bestpos,/novatel/oem7/bestvel,39.663,-75.756,33.180579759,0.001515157,-0.001753519,,,,37.835039907,novatel_oem7_msgs.msg.SolutionStatus(status=0),novatel_oem7_msgs.msg.PositionOrVelocityType(type=53)
1786043759716362651,1786043759.715635157,/novatel/oem7/odom,/novatel/oem7/bestpos,/novatel/oem7/odom,39.663,-75.756,33.180579759,0.001515835,-0.001727044,0.000860929,0.001247621,-0.001727044,,,
1786043759726000341,1786043759.725442915,/novatel/oem7/inspva,/novatel/oem7/inspva,/novatel/oem7/inspva,39.663,-75.756,-1.801863201,0.001533152,-0.002116374,0.001355635,0.000716107,-0.002116374,,novatel_oem7_msgs.msg.InertialSolutionStatus(status=3),
1786043759727341791,1786043759.725606027,/novatel/oem7/fix,/novatel/oem7/fix,/novatel/oem7/inspva,39.663,-75.756,-1.801863201,0.001533152,-0.002116374,0.001355635,0.000716107,-0.002116374,,0,
1786043759728386975,1786043759.726274977,/novatel/oem7/odom,/novatel/oem7/fix,/novatel/oem7/odom,39.663,-75.756,-1.801863201,0.001541926,-0.002109991,0.000789966,0.001324193,-0.002109991,,,
1786043759735882033,1786043759.735099545,/novatel/oem7/odom,/novatel/oem7/fix,/novatel/oem7/odom,39.663,-75.756,-1.801863201,0.001541926,-0.002109991,0.000789966,0.001324193,-0.002109991,,,
1786043759746754565,1786043759.745953727,/novatel/oem7/inspva,/novatel/oem7/inspva,/novatel/oem7/inspva,39.663,-75.756,-1.801877561,0.001700245,-0.001705234,0.001421909,0.000932205,-0.001705234,,novatel_oem7_msgs.msg.InertialSolutionStatus(status=3),
1786043759748631184,1786043759.746189507,/novatel/oem7/fix,/novatel/oem7/fix,/novatel/oem7/inspva,39.663,-75.756,-1.801877561,0.001700245,-0.001705234,0.001421909,0.000932205,-0.001705234,,0,
1786043759749997375,1786043759.746882573,/novatel/oem7/odom,/novatel/oem7/fix,/novatel/oem7/odom,39.663,-75.756,-1.801877561,0.001707580,-0.001697889,0.001007530,0.001378663,-0.001697889,,,
1786043759756838780,1786043759.755932761,/novatel/oem7/odom,/novatel/oem7/fix,/novatel/oem7/odom,39.663,-75.756,-1.801877561,0.001707580,-0.001697889,0.001007530,0.001378663,-0.001697889,,,
1786043759766201917,1786043759.765345008,/novatel/oem7/inspva,/novatel/oem7/inspva,/novatel/oem7/inspva,39.663,-75.756,-1.801901190,0.001653830,-0.001951977,0.001293873,0.001030071,-0.001951977,,novatel_oem7_msgs.msg.InertialSolutionStatus(status=3),
1786043759768286991,1786043759.765598754,/novatel/oem7/fix,/novatel/oem7/fix,/novatel/oem7/inspva,39.663,-75.756,-1.801901190,0.001653830,-0.001951977,0.001293873,0.001030071,-0.001951977,,0,
1786043759769472223,1786043759.766192277,/novatel/oem7/odom,/novatel/oem7/fix,/novatel/oem7/odom,39.663,-75.756,-1.801901190,0.001662466,-0.001944627,0.001099890,0.001246610,-0.001944627,,,
1786043759776497530,1786043759.775608198,/novatel/oem7/odom,/novatel/oem7/fix,/novatel/oem7/odom,39.663,-75.756,-1.801901190,0.001662466,-0.001944627,0.001099890,0.001246610,-0.001944627,,,
1786043759785751576,1786043759.785062519,/novatel/oem7/inspva,/novatel/oem7/inspva,/novatel/oem7/inspva,39.663,-75.756,-1.801917172,0.001650835,-0.001707574,0.001231740,0.001099123,-0.001707574,,novatel_oem7_msgs.msg.InertialSolutionStatus(status=3),
1786043759787517371,1786043759.785246431,/novatel/oem7/fix,/novatel/oem7/fix,/novatel/oem7/inspva,39.663,-75.756,-1.801917172,0.001650835,-0.001707574,0.001231740,0.001099123,-0.001707574,,0,
1786043759788934308,1786043759.785711186,/novatel/oem7/odom,/novatel/oem7/fix,/novatel/oem7/odom,39.663,-75.756,-1.801917172,0.001658481,-0.001700148,0.001164873,0.001180521,-0.001700148,,,
1786043759795282385,1786043759.794413290,/novatel/oem7/odom,/novatel/oem7/fix,/novatel/oem7/odom,39.663,-75.756,-1.801917172,0.001658481,-0.001700148,0.001164873,0.001180521,-0.001700148,,,
1786043759806725743,1786043759.805748533,/novatel/oem7/inspva,/novatel/oem7/inspva,/novatel/oem7/inspva,39.663,-75.756,-1.801939248,0.001663119,-0.001911782,0.001402608,0.000893675,-0.001911782,,novatel_oem7_msgs.msg.InertialSolutionStatus(status=3),
1786043759808699523,1786043759.806010249,/novatel/oem7/fix,/novatel/oem7/fix,/novatel/oem7/inspva,39.663,-75.756,-1.801939248,0.001663119,-0.001911782,0.001402608,0.000893675,-0.001911782,,0,
1786043759810091074,1786043759.806810197,/novatel/oem7/odom,/novatel/oem7/fix,/novatel/oem7/odom,39.663,-75.756,-1.801939248,0.001671294,-0.001904639,0.000968864,0.001361810,-0.001904639,,,
1786043759811945052,1786043759.810256245,/novatel/oem7/bestpos,/novatel/oem7/bestpos,/novatel/oem7/odom,39.663,-75.756,33.180478101,0.001671294,-0.001904639,0.000968864,0.001361810,-0.001904639,,novatel_oem7_msgs.msg.SolutionStatus(status=0),novatel_oem7_msgs.msg.PositionOrVelocityType(type=53)
1786043759813082030,1786043759.810668953,/novatel/oem7/bestvel,/novatel/oem7/bestpos,/novatel/oem7/bestvel,39.663,-75.756,33.180478101,0.001219570,-0.001577767,,,,35.139949844,novatel_oem7_msgs.msg.SolutionStatus(status=0),novatel_oem7_msgs.msg.PositionOrVelocityType(type=53)
1786043759815828754,1786043759.815015938,/novatel/oem7/odom,/novatel/oem7/bestpos,/novatel/oem7/odom,39.663,-75.756,33.180478101,0.001671294,-0.001904639,0.000968864,0.001361810,-0.001904639,,,
1786043759825717033,1786043759.824994803,/novatel/oem7/inspva,/novatel/oem7/inspva,/novatel/oem7/inspva,39.663,-75.756,-1.801954270,0.001575642,-0.001572336,0.001429169,0.000663418,-0.001572336,,novatel_oem7_msgs.msg.InertialSolutionStatus(status=3),
1786043759827202141,1786043759.825202791,/novatel/oem7/fix,/novatel/oem7/fix,/novatel/oem7/inspva,39.663,-75.756,-1.801954270,0.001575642,-0.001572336,0.001429169,0.000663418,-0.001572336,,0,
1786043759828349683,1786043759.825641930,/novatel/oem7/odom,/novatel/oem7/fix,/novatel/oem7/odom,39.663,-75.756,-1.801954270,0.001581993,-0.001565945,0.000738922,0.001398820,-0.001565945,,,
1786043759836884935,1786043759.835749371,/novatel/oem7/odom,/novatel/oem7/fix,/novatel/oem7/odom,39.663,-75.756,-1.801954270,0.001581993,-0.001565945,0.000738922,0.001398820,-0.001565945,,,
1786043759846226116,1786043759.845507085,/novatel/oem7/inspva,/novatel/oem7/inspva,/novatel/oem7/inspva,39.663,-75.756,-1.801980565,0.001801681,-0.002105034,0.001674457,0.000665016,-0.002105034,,novatel_oem7_msgs.msg.InertialSolutionStatus(status=3),
1786043759848129425,1786043759.845716621,/novatel/oem7/fix,/novatel/oem7/fix,/novatel/oem7/inspva,39.663,-75.756,-1.801980565,0.001801681,-0.002105034,0.001674457,0.000665016,-0.002105034,,0,
1786043759849639910,1786043759.846322238,/novatel/oem7/odom,/novatel/oem7/fix,/novatel/oem7/odom,39.663,-75.756,-1.801980565,0.001809921,-0.002097953,0.000754586,0.001645118,-0.002097953,,,
1786043759857062377,1786043759.856414724,/novatel/oem7/odom,/novatel/oem7/fix,/novatel/oem7/odom,39.663,-75.756,-1.801980565,0.001809921,-0.002097953,0.000754586,0.001645118,-0.002097953,,,
1786043759867207689,1786043759.866146209,/novatel/oem7/inspva,/novatel/oem7/inspva,/novatel/oem7/inspva,39.663,-75.756,-1.801997976,0.001814527,-0.001932800,0.001714765,0.000593372,-0.001932800,,novatel_oem7_msgs.msg.InertialSolutionStatus(status=3),
1786043759869227316,1786043759.866498742,/novatel/oem7/fix,/novatel/oem7/fix,/novatel/oem7/inspva,39.663,-75.756,-1.801997976,0.001814527,-0.001932800,0.001714765,0.000593372,-0.001932800,,0,
1786043759870750482,1786043759.866787945,/novatel/oem7/odom,/novatel/oem7/fix,/novatel/oem7/odom,39.663,-75.756,-1.801997976,0.001821898,-0.001925853,0.000684358,0.001688481,-0.001925853,,,
1786043759875738775,1786043759.874869518,/novatel/oem7/odom,/novatel/oem7/fix,/novatel/oem7/odom,39.663,-75.756,-1.801997976,0.001821898,-0.001925853,0.000684358,0.001688481,-0.001925853,,,
1786043759886051588,1786043759.885401282,/novatel/oem7/inspva,/novatel/oem7/inspva,/novatel/oem7/inspva,39.663,-75.756,-1.802022593,0.001743556,-0.001817345,0.001600043,0.000692713,-0.001817345,,novatel_oem7_msgs.msg.InertialSolutionStatus(status=3),
1786043759887660954,1786043759.885633384,/novatel/oem7/fix,/novatel/oem7/fix,/novatel/oem7/inspva,39.663,-75.756,-1.802022593,0.001743556,-0.001817345,0.001600043,0.000692713,-0.001817345,,0,
1786043759888718745,1786043759.886321131,/novatel/oem7/odom,/novatel/oem7/fix,/novatel/oem7/odom,39.663,-75.756,-1.802022593,0.001750832,-0.001810336,0.000777492,0.001568731,-0.001810336,,,
1786043759896294904,1786043759.895446005,/novatel/oem7/odom,/novatel/oem7/fix,/novatel/oem7/odom,39.663,-75.756,-1.802022593,0.001750832,-0.001810336,0.000777492,0.001568731,-0.001810336,,,
1786043759906859697,1786043759.906078629,/novatel/oem7/inspva,/novatel/oem7/inspva,/novatel/oem7/inspva,39.663,-75.756,-1.802045487,0.001857602,-0.001771426,0.001616834,0.000914622,-0.001771426,,novatel_oem7_msgs.msg.InertialSolutionStatus(status=3),
1786043759908683685,1786043759.906392489,/novatel/oem7/fix,/novatel/oem7/fix,/novatel/oem7/inspva,39.663,-75.756,-1.802045487,0.001857602,-0.001771426,0.001616834,0.000914622,-0.001771426,,0,
1786043759910036618,1786043759.906768439,/novatel/oem7/odom,/novatel/oem7/fix,/novatel/oem7/odom,39.663,-75.756,-1.802045487,0.001865045,-0.001763587,0.000999787,0.001574427,-0.001763587,,,
1786043759911993161,1786043759.909351315,/novatel/oem7/bestpos,/novatel/oem7/bestpos,/novatel/oem7/odom,39.663,-75.756,33.180363989,0.001865045,-0.001763587,0.000999787,0.001574427,-0.001763587,,novatel_oem7_msgs.msg.SolutionStatus(status=0),novatel_oem7_msgs.msg.PositionOrVelocityType(type=53)
1786043759913243721,1786043759.909997305,/novatel/oem7/bestvel,/novatel/oem7/bestpos,/novatel/oem7/bestvel,39.663,-75.756,33.180363989,0.001854999,-0.001733026,,,,23.841548512,novatel_oem7_msgs.msg.SolutionStatus(status=0),novatel_oem7_msgs.msg.PositionOrVelocityType(type=53)
1786043759915314958,1786043759.914439009,/novatel/oem7/odom,/novatel/oem7/bestpos,/novatel/oem7/odom,39.663,-75.756,33.180363989,0.001865045,-0.001763587,0.000999787,0.001574427,-0.001763587,,,
1786043759927078096,1786043759.926221097,/novatel/oem7/inspva,/novatel/oem7/inspva,/novatel/oem7/inspva,39.663,-75.756,-1.802074560,0.002076734,-0.002022512,0.002054465,0.000303312,-0.002022512,,novatel_oem7_msgs.msg.InertialSolutionStatus(status=3),
1786043759928855740,1786043759.926468996,/novatel/oem7/fix,/novatel/oem7/fix,/novatel/oem7/inspva,39.663,-75.756,-1.802074560,0.002076734,-0.002022512,0.002054465,0.000303312,-0.002022512,,0,
1786043759930309695,1786043759.927010205,/novatel/oem7/odom,/novatel/oem7/fix,/novatel/oem7/odom,39.663,-75.756,-1.802074560,0.002083399,-0.002015645,0.000411700,0.002042316,-0.002015645,,,
1786043759936277351,1786043759.935405846,/novatel/oem7/odom,/novatel/oem7/fix,/novatel/oem7/odom,39.663,-75.756,-1.802074560,0.002083399,-0.002015645,0.000411700,0.002042316,-0.002015645,,,
1786043759945736336,1786043759.944888988,/novatel/oem7/inspva,/novatel/oem7/inspva,/novatel/oem7/inspva,39.663,-75.756,-1.802097669,0.002026948,-0.002113867,0.001877183,0.000764659,-0.002113867,,novatel_oem7_msgs.msg.InertialSolutionStatus(status=3),
1786043759947474320,1786043759.945145413,/novatel/oem7/fix,/novatel/oem7/fix,/novatel/oem7/inspva,39.663,-75.756,-1.802097669,0.002026948,-0.002113867,0.001877183,0.000764659,-0.002113867,,0,
1786043759949038339,1786043759.945627918,/novatel/oem7/odom,/novatel/oem7/fix,/novatel/oem7/odom,39.663,-75.756,-1.802097669,0.002035289,-0.002105837,0.000864083,0.001842759,-0.002105837,,,
1786043759956360723,1786043759.955602254,/novatel/oem7/odom,/novatel/oem7/fix,/novatel/oem7/odom,39.663,-75.756,-1.802097669,0.002035289,-0.002105837,0.000864083,0.001842759,-0.002105837,,,
1786043759967634496,1786043759.966589042,/novatel/oem7/inspva,/novatel/oem7/inspva,/novatel/oem7/inspva,39.663,-75.756,-1.802120985,0.002348037,-0.001431683,0.002259401,0.000639048,-0.001431683,,novatel_oem7_msgs.msg.InertialSolutionStatus(status=3),
1786043759969618235,1786043759.966899041,/novatel/oem7/fix,/novatel/oem7/fix,/novatel/oem7/inspva,39.663,-75.756,-1.802120985,0.002348037,-0.001431683,0.002259401,0.000639048,-0.001431683,,0,
1786043759971171494,1786043759.967442597,/novatel/oem7/odom,/novatel/oem7/fix,/novatel/oem7/odom,39.663,-75.756,-1.802120985,0.002353296,-0.001423023,0.000754903,0.002228928,-0.001423023,,,
1786043759975380083,1786043759.974574986,/novatel/oem7/odom,/novatel/oem7/fix,/novatel/oem7/odom,39.663,-75.756,-1.802120985,0.002353296,-0.001423023,0.000754903,0.002228928,-0.001423023,,,
1786043759985552518,1786043759.984967579,/novatel/oem7/inspva,/novatel/oem7/inspva,/novatel/oem7/inspva,39.663,-75.756,-1.802148422,0.002448636,-0.001780688,0.002247409,0.000972096,-0.001780688,,novatel_oem7_msgs.msg.InertialSolutionStatus(status=3),
1786043759986895262,1786043759.985127281,/novatel/oem7/fix,/novatel/oem7/fix,/novatel/oem7/inspva,39.663,-75.756,-1.802148422,0.002448636,-0.001780688,0.002247409,0.000972096,-0.001780688,,0,
1786043759987987376,1786043759.985460757,/novatel/oem7/odom,/novatel/oem7/fix,/novatel/oem7/odom,39.663,-75.756,-1.802148422,0.002455744,-0.001770872,0.001088275,0.002201440,-0.001770872,,,
1786043759995671047,1786043759.994573165,/novatel/oem7/odom,/novatel/oem7/fix,/novatel/oem7/odom,39.663,-75.756,-1.802148422,0.002455744,-0.001770872,0.001088275,0.002201440,-0.001770872,,,
1786043760009143445,1786043760.008299703,/novatel/oem7/inspva,/novatel/oem7/inspva,/novatel/oem7/inspva,39.663,-75.756,-1.802176728,0.002384989,-0.001857149,0.002202541,0.000914869,-0.001857149,,novatel_oem7_msgs.msg.InertialSolutionStatus(status=3),
1786043760011023633,1786043760.008628629,/novatel/oem7/fix,/novatel/oem7/fix,/novatel/oem7/inspva,39.663,-75.756,-1.802176728,0.002384989,-0.001857149,0.002202541,0.000914869,-0.001857149,,0,
1786043760013032304,1786043760.011276603,/novatel/oem7/odom,/novatel/oem7/fix,/novatel/oem7/odom,39.663,-75.756,-1.802176728,0.002392346,-0.001847662,0.001029177,0.002159656,-0.001847662,,,
1786043760015560456,1786043760.014735308,/novatel/oem7/odom,/novatel/oem7/fix,/novatel/oem7/odom,39.663,-75.756,-1.802176728,0.002392346,-0.001847662,0.001029177,0.002159656,-0.001847662,,,
1786043760026908466,1786043760.026165852,/novatel/oem7/bestpos,/novatel/oem7/bestpos,/novatel/oem7/odom,39.663,-75.756,33.180231730,0.002392346,-0.001847662,0.001029177,0.002159656,-0.001847662,,novatel_oem7_msgs.msg.SolutionStatus(status=0),novatel_oem7_msgs.msg.PositionOrVelocityType(type=53)
1786043760028097521,1786043760.026631697,/novatel/oem7/bestvel,/novatel/oem7/bestpos,/novatel/oem7/bestvel,39.663,-75.756,33.180231730,0.002526786,-0.001944683,,,,21.125417582,novatel_oem7_msgs.msg.SolutionStatus(status=0),novatel_oem7_msgs.msg.PositionOrVelocityType(type=53)
1786043760028696743,1786043760.027149179,/novatel/oem7/inspva,/novatel/oem7/inspva,/novatel/oem7/inspva,39.663,-75.756,-1.802201471,0.002634203,-0.001788004,0.002376226,0.001136916,-0.001788004,,novatel_oem7_msgs.msg.InertialSolutionStatus(status=3),
1786043760029308452,1786043760.027332537,/novatel/oem7/fix,/novatel/oem7/fix,/novatel/oem7/inspva,39.663,-75.756,-1.802201471,0.002634203,-0.001788004,0.002376226,0.001136916,-0.001788004,,0,
1786043760030565234,1786043760.027781705,/novatel/oem7/odom,/novatel/oem7/fix,/novatel/oem7/odom,39.663,-75.756,-1.802201471,0.002641492,-0.001777219,0.001259240,0.002322024,-0.001777219,,,
1786043760035184840,1786043760.034558276,/novatel/oem7/odom,/novatel/oem7/fix,/novatel/oem7/odom,39.663,-75.756,-1.802201471,0.002641492,-0.001777219,0.001259240,0.002322024,-0.001777219,,,
1786043760046114271,1786043760.045521919,/novatel/oem7/inspva,/novatel/oem7/inspva,/novatel/oem7/inspva,39.663,-75.756,-1.802189296,0.002566275,-0.001791453,0.002506852,0.000549054,-0.001791453,,novatel_oem7_msgs.msg.InertialSolutionStatus(status=3),
1786043760047791586,1786043760.045811982,/novatel/oem7/fix,/novatel/oem7/fix,/novatel/oem7/inspva,39.663,-75.756,-1.802189296,0.002566275,-0.001791453,0.002506852,0.000549054,-0.001791453,,0,
1786043760049212813,1786043760.046603544,/novatel/oem7/odom,/novatel/oem7/fix,/novatel/oem7/odom,39.663,-75.756,-1.802189296,0.002572547,-0.001782435,0.000678554,0.002481443,-0.001782435,,,
1786043760057488013,1786043760.056372629,/novatel/oem7/odom,/novatel/oem7/fix,/novatel/oem7/odom,39.663,-75.756,-1.802189296,0.002572547,-0.001782435,0.000678554,0.002481443,-0.001782435,,,
1786043760066063092,1786043760.065032999,/novatel/oem7/inspva,/novatel/oem7/inspva,/novatel/oem7/inspva,39.663,-75.756,-1.802167837,0.002671767,-0.001987577,0.002509433,0.000917109,-0.001987577,,novatel_oem7_msgs.msg.InertialSolutionStatus(status=3),
1786043760068125933,1786043760.065312458,/novatel/oem7/fix,/novatel/oem7/fix,/novatel/oem7/inspva,39.663,-75.756,-1.802167837,0.002671767,-0.001987577,0.002509433,0.000917109,-0.001987577,,0,
1786043760069860763,1786043760.065866780,/novatel/oem7/odom,/novatel/oem7/fix,/novatel/oem7/odom,39.663,-75.756,-1.802167837,0.002679437,-0.001977226,0.001046992,0.002466412,-0.001977226,,,
1786043760075354332,1786043760.074547184,/novatel/oem7/odom,/novatel/oem7/fix,/novatel/oem7/odom,39.663,-75.756,-1.802167837,0.002679437,-0.001977226,0.001046992,0.002466412,-0.001977226,,,
1786043760087271198,1786043760.086522680,/novatel/oem7/inspva,/novatel/oem7/inspva,/novatel/oem7/inspva,39.663,-75.756,-1.802153405,0.002667518,-0.001706374,0.002574296,0.000699039,-0.001706374,,novatel_oem7_msgs.msg.InertialSolutionStatus(status=3),
1786043760088853610,1786043760.086724536,/novatel/oem7/fix,/novatel/oem7/fix,/novatel/oem7/inspva,39.663,-75.756,-1.802153405,0.002667518,-0.001706374,0.002574296,0.000699039,-0.001706374,,0,
1786043760090047509,1786043760.087231624,/novatel/oem7/odom,/novatel/oem7/fix,/novatel/oem7/odom,39.663,-75.756,-1.802153405,0.002673746,-0.001696600,0.000831357,0.002541213,-0.001696600,,,
1786043760095966399,1786043760.094761636,/novatel/oem7/odom,/novatel/oem7/fix,/novatel/oem7/odom,39.663,-75.756,-1.802153405,0.002673746,-0.001696600,0.000831357,0.002541213,-0.001696600,,,
1786043760106505607,1786043760.105704636,/novatel/oem7/inspva,/novatel/oem7/inspva,/novatel/oem7/inspva,39.663,-75.756,-1.802133809,0.002836006,-0.001739989,0.002676838,0.000936733,-0.001739989,,novatel_oem7_msgs.msg.InertialSolutionStatus(status=3),
1786043760108289385,1786043760.105862830,/novatel/oem7/fix,/novatel/oem7/fix,/novatel/oem7/inspva,39.663,-75.756,-1.802133809,0.002836006,-0.001739989,0.002676838,0.000936733,-0.001739989,,0,
1786043760109787283,1786043760.106478477,/novatel/oem7/odom,/novatel/oem7/fix,/novatel/oem7/odom,39.663,-75.756,-1.802133809,0.002842672,-0.001729078,0.001073925,0.002632008,-0.001729078,,,
1786043760111613318,1786043760.109235938,/novatel/oem7/bestpos,/novatel/oem7/bestpos,/novatel/oem7/odom,39.663,-75.756,33.180315138,0.002842672,-0.001729078,0.001073925,0.002632008,-0.001729078,,novatel_oem7_msgs.msg.SolutionStatus(status=0),novatel_oem7_msgs.msg.PositionOrVelocityType(type=53)
1786043760112799480,1786043760.109548651,/novatel/oem7/bestvel,/novatel/oem7/bestpos,/novatel/oem7/bestvel,39.663,-75.756,33.180315138,0.003067092,-0.001981481,,,,24.734602003,novatel_oem7_msgs.msg.SolutionStatus(status=0),novatel_oem7_msgs.msg.PositionOrVelocityType(type=53)
1786043760115334113,1786043760.114571978,/novatel/oem7/odom,/novatel/oem7/bestpos,/novatel/oem7/odom,39.663,-75.756,33.180315138,0.002842672,-0.001729078,0.001073925,0.002632008,-0.001729078,,,
1786043760126240825,1786043760.125439599,/novatel/oem7/inspva,/novatel/oem7/inspva,/novatel/oem7/inspva,39.663,-75.756,-1.802126530,0.002825736,-0.002134732,0.002667176,0.000933249,-0.002134732,,novatel_oem7_msgs.msg.InertialSolutionStatus(status=3),
1786043760127834884,1786043760.125586378,/novatel/oem7/fix,/novatel/oem7/fix,/novatel/oem7/inspva,39.663,-75.756,-1.802126530,0.002825736,-0.002134732,0.002667176,0.000933249,-0.002134732,,0,
1786043760129270129,1786043760.126122094,/novatel/oem7/odom,/novatel/oem7/fix,/novatel/oem7/odom,39.663,-75.756,-1.802126530,0.002833910,-0.002123869,0.001071449,0.002623555,-0.002123869,,,
1786043760136023140,1786043760.135169655,/novatel/oem7/odom,/novatel/oem7/fix,/novatel/oem7/odom,39.663,-75.756,-1.802126530,0.002833910,-0.002123869,0.001071449,0.002623555,-0.002123869,,,
1786043760146684590,1786043760.146023652,/novatel/oem7/inspva,/novatel/oem7/inspva,/novatel/oem7/inspva,39.663,-75.756,-1.802107669,0.002787153,-0.002085485,0.002641943,0.000887896,-0.002085485,,novatel_oem7_msgs.msg.InertialSolutionStatus(status=3),
1786043760148375584,1786043760.146149029,/novatel/oem7/fix,/novatel/oem7/fix,/novatel/oem7/inspva,39.663,-75.756,-1.802107669,0.002787153,-0.002085485,0.002641943,0.000887896,-0.002085485,,0,
1786043760149887652,1786043760.146690300,/novatel/oem7/odom,/novatel/oem7/fix,/novatel/oem7/odom,39.663,-75.756,-1.802107669,0.002795061,-0.002074874,0.001024732,0.002600440,-0.002074874,,,
1786043760156768768,1786043760.155874065,/novatel/oem7/odom,/novatel/oem7/fix,/novatel/oem7/odom,39.663,-75.756,-1.802107669,0.002795061,-0.002074874,0.001024732,0.002600440,-0.002074874,,,
1786043760165939376,1786043760.165281320,/novatel/oem7/inspva,/novatel/oem7/inspva,/novatel/oem7/inspva,39.663,-75.756,-1.802101322,0.002687746,-0.002121890,0.002589329,0.000720663,-0.002121890,,novatel_oem7_msgs.msg.InertialSolutionStatus(status=3),
1786043760167223529,1786043760.165435207,/novatel/oem7/fix,/novatel/oem7/fix,/novatel/oem7/inspva,39.663,-75.756,-1.802101322,0.002687746,-0.002121890,0.002589329,0.000720663,-0.002121890,,0,
1786043760168229099,1786043760.166055884,/novatel/oem7/odom,/novatel/oem7/fix,/novatel/oem7/odom,39.663,-75.756,-1.802101322,0.002695523,-0.002112002,0.000855254,0.002556244,-0.002112002,,,
1786043760176236509,1786043760.175591663,/novatel/oem7/odom,/novatel/oem7/fix,/novatel/oem7/odom,39.663,-75.756,-1.802101322,0.002695523,-0.002112002,0.000855254,0.002556244,-0.002112002,,,
1786043760185780469,1786043760.185130361,/novatel/oem7/inspva,/novatel/oem7/inspva,/novatel/oem7/inspva,39.663,-75.756,-1.802083573,0.002573615,-0.001927101,0.002474949,0.000705779,-0.001927101,,novatel_oem7_msgs.msg.InertialSolutionStatus(status=3),
1786043760187236353,1786043760.185242300,/novatel/oem7/fix,/novatel/oem7/fix,/novatel/oem7/inspva,39.663,-75.756,-1.802083573,0.002573615,-0.001927101,0.002474949,0.000705779,-0.001927101,,0,
1786043760188379598,1786043760.185669161,/novatel/oem7/odom,/novatel/oem7/fix,/novatel/oem7/odom,39.663,-75.756,-1.802083573,0.002580702,-0.001917601,0.000834010,0.002442222,-0.001917601,,,
1786043760195140206,1786043760.194501312,/novatel/oem7/odom,/novatel/oem7/fix,/novatel/oem7/odom,39.663,-75.756,-1.802083573,0.002580702,-0.001917601,0.000834010,0.002442222,-0.001917601,,,
1786043760207061518,1786043760.206557050,/novatel/oem7/inspva,/novatel/oem7/inspva,/novatel/oem7/inspva,39.663,-75.756,-1.802079360,0.003110921,-0.002158953,0.002981180,0.000889040,-0.002158953,,novatel_oem7_msgs.msg.InertialSolutionStatus(status=3),
1786043760208336375,1786043760.206709365,/novatel/oem7/fix,/novatel/oem7/fix,/novatel/oem7/inspva,39.663,-75.756,-1.802079360,0.003110921,-0.002158953,0.002981180,0.000889040,-0.002158953,,0,
1786043760209341848,1786043760.207198087,/novatel/oem7/odom,/novatel/oem7/fix,/novatel/oem7/odom,39.663,-75.756,-1.802079360,0.003118945,-0.002147346,0.001042853,0.002939434,-0.002147346,,,
1786043760211235407,1786043760.210272762,/novatel/oem7/bestpos,/novatel/oem7/bestpos,/novatel/oem7/odom,39.663,-75.756,33.180364043,0.003118945,-0.002147346,0.001042853,0.002939434,-0.002147346,,novatel_oem7_msgs.msg.SolutionStatus(status=0),novatel_oem7_msgs.msg.PositionOrVelocityType(type=53)
1786043760212614951,1786043760.210774518,/novatel/oem7/bestvel,/novatel/oem7/bestpos,/novatel/oem7/bestvel,39.663,-75.756,33.180364043,0.003369254,-0.002452251,,,,23.251123293,novatel_oem7_msgs.msg.SolutionStatus(status=0),novatel_oem7_msgs.msg.PositionOrVelocityType(type=53)
1786043760215544257,1786043760.214872180,/novatel/oem7/odom,/novatel/oem7/bestpos,/novatel/oem7/odom,39.663,-75.756,33.180364043,0.003118945,-0.002147346,0.001042853,0.002939434,-0.002147346,,,
1786043760225605154,1786043760.224974555,/novatel/oem7/inspva,/novatel/oem7/inspva,/novatel/oem7/inspva,39.663,-75.756,-1.802062267,0.002603764,-0.001953023,0.002500052,0.000727547,-0.001953023,,novatel_oem7_msgs.msg.InertialSolutionStatus(status=3),
1786043760226949588,1786043760.225159943,/novatel/oem7/fix,/novatel/oem7/fix,/novatel/oem7/inspva,39.663,-75.756,-1.802062267,0.002603764,-0.001953023,0.002500052,0.000727547,-0.001953023,,0,
1786043760227986585,1786043760.225654438,/novatel/oem7/odom,/novatel/oem7/fix,/novatel/oem7/odom,39.663,-75.756,-1.802062267,0.002610988,-0.001943355,0.000857073,0.002466309,-0.001943355,,,
1786043760235293621,1786043760.234624821,/novatel/oem7/odom,/novatel/oem7/fix,/novatel/oem7/odom,39.663,-75.756,-1.802062267,0.002610988,-0.001943355,0.000857073,0.002466309,-0.001943355,,,
1786043760245672475,1786043760.245157467,/novatel/oem7/inspva,/novatel/oem7/inspva,/novatel/oem7/inspva,39.663,-75.756,-1.802053920,0.002887266,-0.001800229,0.002744323,0.000897216,-0.001800229,,novatel_oem7_msgs.msg.InertialSolutionStatus(status=3),
1786043760246920871,1786043760.245332636,/novatel/oem7/fix,/novatel/oem7/fix,/novatel/oem7/inspva,39.663,-75.756,-1.802053920,0.002887266,-0.001800229,0.002744323,0.000897216,-0.001800229,,0,
1786043760247914338,1786043760.245727203,/novatel/oem7/odom,/novatel/oem7/fix,/novatel/oem7/odom,39.663,-75.756,-1.802053920,0.002894058,-0.001789289,0.001037993,0.002701508,-0.001789289,,,
1786043760257856071,1786043760.256855881,/novatel/oem7/odom,/novatel/oem7/fix,/novatel/oem7/odom,39.663,-75.756,-1.802053920,0.002894058,-0.001789289,0.001037993,0.002701508,-0.001789289,,,
1786043760266921415,1786043760.266104154,/novatel/oem7/inspva,/novatel/oem7/inspva,/novatel/oem7/inspva,39.663,-75.756,-1.802036480,0.002454887,-0.001637193,0.002270789,0.000932731,-0.001637193,,novatel_oem7_msgs.msg.InertialSolutionStatus(status=3),
1786043760268642809,1786043760.266391453,/novatel/oem7/fix,/novatel/oem7/fix,/novatel/oem7/inspva,39.663,-75.756,-1.802036480,0.002454887,-0.001637193,0.002270789,0.000932731,-0.001637193,,0,
1786043760269974889,1786043760.266760564,/novatel/oem7/odom,/novatel/oem7/fix,/novatel/oem7/odom,39.663,-75.756,-1.802036480,0.002461364,-0.001627439,0.001049556,0.002226375,-0.001627439,,,
1786043760275359857,1786043760.274460164,/novatel/oem7/odom,/novatel/oem7/fix,/novatel/oem7/odom,39.663,-75.756,-1.802036480,0.002461364,-0.001627439,0.001049556,0.002226375,-0.001627439,,,
1786043760286443498,1786043760.285385713,/novatel/oem7/inspva,/novatel/oem7/inspva,/novatel/oem7/inspva,39.663,-75.756,-1.802031620,0.002567348,-0.002107062,0.002299495,0.001141753,-0.002107062,,novatel_oem7_msgs.msg.InertialSolutionStatus(status=3),
1786043760287979646,1786043760.285726690,/novatel/oem7/fix,/novatel/oem7/fix,/novatel/oem7/inspva,39.663,-75.756,-1.802031620,0.002567348,-0.002107062,0.002299495,0.001141753,-0.002107062,,0,
1786043760289039717,1786043760.286412874,/novatel/oem7/odom,/novatel/oem7/fix,/novatel/oem7/odom,39.663,-75.756,-1.802031620,0.002575983,-0.002096496,0.001261436,0.002245989,-0.002096496,,,
1786043760296280179,1786043760.295645666,/novatel/oem7/odom,/novatel/oem7/fix,/novatel/oem7/odom,39.663,-75.756,-1.802031620,0.002575983,-0.002096496,0.001261436,0.002245989,-0.002096496,,,
1786043760306408358,1786043760.305917086,/novatel/oem7/inspva,/novatel/oem7/inspva,/novatel/oem7/inspva,39.663,-75.756,-1.802011826,0.002044437,-0.001600264,0.001779011,0.001007392,-0.001600264,,novatel_oem7_msgs.msg.InertialSolutionStatus(status=3),
1786043760307695817,1786043760.306080068,/novatel/oem7/fix,/novatel/oem7/fix,/novatel/oem7/inspva,39.663,-75.756,-1.802011826,0.002044437,-0.001600264,0.001779011,0.001007392,-0.001600264,,0,
1786043760308694224,1786043760.306553512,/novatel/oem7/odom,/novatel/oem7/fix,/novatel/oem7/odom,39.663,-75.756,-1.802011826,0.002051164,-0.001591632,0.001099754,0.001731420,-0.001591632,,,
1786043760310138285,1786043760.309507259,/novatel/oem7/bestpos,/novatel/oem7/bestpos,/novatel/oem7/odom,39.663,-75.756,33.180429922,0.002051164,-0.001591632,0.001099754,0.001731420,-0.001591632,,novatel_oem7_msgs.msg.SolutionStatus(status=0),novatel_oem7_msgs.msg.PositionOrVelocityType(type=53)
1786043760311546432,1786043760.310106618,/novatel/oem7/bestvel,/novatel/oem7/bestpos,/novatel/oem7/bestvel,39.663,-75.756,33.180429922,0.002069974,-0.001598875,,,,26.367694644,novatel_oem7_msgs.msg.SolutionStatus(status=0),novatel_oem7_msgs.msg.PositionOrVelocityType(type=53)
1786043760315678997,1786043760.314608840,/novatel/oem7/odom,/novatel/oem7/bestpos,/novatel/oem7/odom,39.663,-75.756,33.180429922,0.002051164,-0.001591632,0.001099754,0.001731420,-0.001591632,,,
1786043760327217416,1786043760.326642331,/novatel/oem7/inspva,/novatel/oem7/inspva,/novatel/oem7/inspva,39.663,-75.756,-1.802006550,0.002724120,-0.001805723,0.002346072,0.001384477,-0.001805723,,novatel_oem7_msgs.msg.InertialSolutionStatus(status=3),
1786043760328536400,1786043760.326827355,/novatel/oem7/fix,/novatel/oem7/fix,/novatel/oem7/inspva,39.663,-75.756,-1.802006550,0.002724120,-0.001805723,0.002346072,0.001384477,-0.001805723,,0,
1786043760329552276,1786043760.327401219,/novatel/oem7/odom,/novatel/oem7/fix,/novatel/oem7/odom,39.663,-75.756,-1.802006550,0.002731746,-0.001794165,0.001505047,0.002279752,-0.001794165,,,
1786043760335343354,1786043760.334706931,/novatel/oem7/odom,/novatel/oem7/fix,/novatel/oem7/odom,39.663,-75.756,-1.802006550,0.002731746,-0.001794165,0.001505047,0.002279752,-0.001794165,,,
1786043760345630331,1786043760.345099722,/novatel/oem7/inspva,/novatel/oem7/inspva,/novatel/oem7/inspva,39.663,-75.756,-1.801989880,0.002288319,-0.001752044,0.001973928,0.001157588,-0.001752044,,novatel_oem7_msgs.msg.InertialSolutionStatus(status=3),
1786043760346876140,1786043760.345262387,/novatel/oem7/fix,/novatel/oem7/fix,/novatel/oem7/inspva,39.663,-75.756,-1.801989880,0.002288319,-0.001752044,0.001973928,0.001157588,-0.001752044,,0,
1786043760347883530,1786043760.345589324,/novatel/oem7/odom,/novatel/oem7/fix,/novatel/oem7/odom,39.663,-75.756,-1.801989880,0.002295718,-0.001742337,0.001259939,0.001919082,-0.001742337,,,
1786043760357372309,1786043760.356132356,/novatel/oem7/odom,/novatel/oem7/fix,/novatel/oem7/odom,39.663,-75.756,-1.801989880,0.002295718,-0.001742337,0.001259939,0.001919082,-0.001742337,,,
1786043760366041809,1786043760.365237917,/novatel/oem7/inspva,/novatel/oem7/inspva,/novatel/oem7/inspva,39.663,-75.756,-1.801981866,0.002438467,-0.001677318,0.002076108,0.001279021,-0.001677318,,novatel_oem7_msgs.msg.InertialSolutionStatus(status=3),
1786043760367941301,1786043760.365536243,/novatel/oem7/fix,/novatel/oem7/fix,/novatel/oem7/inspva,39.663,-75.756,-1.801981866,0.002438467,-0.001677318,0.002076108,0.001279021,-0.001677318,,0,
1786043760369510593,1786043760.366051257,/novatel/oem7/odom,/novatel/oem7/fix,/novatel/oem7/odom,39.663,-75.756,-1.801981866,0.002445574,-0.001666938,0.001385945,0.002014942,-0.001666938,,,
1786043760375856930,1786043760.374944101,/novatel/oem7/odom,/novatel/oem7/fix,/novatel/oem7/odom,39.663,-75.756,-1.801981866,0.002445574,-0.001666938,0.001385945,0.002014942,-0.001666938,,,
1786043760386773959,1786043760.386051942,/novatel/oem7/inspva,/novatel/oem7/inspva,/novatel/oem7/inspva,39.663,-75.756,-1.801966210,0.002084158,-0.001278965,0.001855253,0.000949604,-0.001278965,,novatel_oem7_msgs.msg.InertialSolutionStatus(status=3),
1786043760388283458,1786043760.386267171,/novatel/oem7/fix,/novatel/oem7/fix,/novatel/oem7/inspva,39.663,-75.756,-1.801966210,0.002084158,-0.001278965,0.001855253,0.000949604,-0.001278965,,0,
1786043760389331272,1786043760.386543313,/novatel/oem7/odom,/novatel/oem7/fix,/novatel/oem7/odom,39.663,-75.756,-1.801966210,0.002089423,-0.001270345,0.001044610,0.001809552,-0.001270345,,,
1786043760395329642,1786043760.394703236,/novatel/oem7/odom,/novatel/oem7/fix,/novatel/oem7/odom,39.663,-75.756,-1.801966210,0.002089423,-0.001270345,0.001044610,0.001809552,-0.001270345,,,
1786043760406814714,1786043760.406327792,/novatel/oem7/inspva,/novatel/oem7/inspva,/novatel/oem7/inspva,39.663,-75.756,-1.801965788,0.002276915,-0.002053692,0.001845289,0.001333885,-0.002053692,,novatel_oem7_msgs.msg.InertialSolutionStatus(status=3),
1786043760408074723,1786043760.406492381,/novatel/oem7/fix,/novatel/oem7/fix,/novatel/oem7/inspva,39.663,-75.756,-1.801965788,0.002276915,-0.002053692,0.001845289,0.001333885,-0.002053692,,0,
1786043760409064983,1786043760.407038272,/novatel/oem7/odom,/novatel/oem7/fix,/novatel/oem7/odom,39.663,-75.756,-1.801965788,0.002285862,-0.002043728,0.001430786,0.001782700,-0.002043728,,,
1786043760411018312,1786043760.410077797,/novatel/oem7/bestpos,/novatel/oem7/bestpos,/novatel/oem7/odom,39.663,-75.756,33.180478497,0.002285862,-0.002043728,0.001430786,0.001782700,-0.002043728,,novatel_oem7_msgs.msg.SolutionStatus(status=0),novatel_oem7_msgs.msg.PositionOrVelocityType(type=53)
1786043760412656976,1786043760.410413213,/novatel/oem7/bestvel,/novatel/oem7/bestpos,/novatel/oem7/bestvel,39.663,-75.756,33.180478497,0.002092716,-0.001908531,,,,48.185592350,novatel_oem7_msgs.msg.SolutionStatus(status=0),novatel_oem7_msgs.msg.PositionOrVelocityType(type=53)
1786043760416062087,1786043760.415457107,/novatel/oem7/odom,/novatel/oem7/bestpos,/novatel/oem7/odom,39.663,-75.756,33.180478497,0.002285862,-0.002043728,0.001430786,0.001782700,-0.002043728,,,
1786043760425707613,1786043760.425137451,/novatel/oem7/inspva,/novatel/oem7/inspva,/novatel/oem7/inspva,39.663,-75.756,-1.801949117,0.002045526,-0.001764909,0.001882168,0.000801014,-0.001764909,,novatel_oem7_msgs.msg.InertialSolutionStatus(status=3),
1786043760427010260,1786043760.425324803,/novatel/oem7/fix,/novatel/oem7/fix,/novatel/oem7/inspva,39.663,-75.756,-1.801949117,0.002045526,-0.001764909,0.001882168,0.000801014,-0.001764909,,0,
1786043760428022933,1786043760.425761267,/novatel/oem7/odom,/novatel/oem7/fix,/novatel/oem7/odom,39.663,-75.756,-1.801949117,0.002052546,-0.001756740,0.000899303,0.001845048,-0.001756740,,,
1786043760435082714,1786043760.434404161,/novatel/oem7/odom,/novatel/oem7/fix,/novatel/oem7/odom,39.663,-75.756,-1.801949117,0.002052546,-0.001756740,0.000899303,0.001845048,-0.001756740,,,
1786043760447278076,1786043760.446547052,/novatel/oem7/inspva,/novatel/oem7/inspva,/novatel/oem7/inspva,39.663,-75.756,-1.801943417,0.002239244,-0.001542545,0.002004144,0.000998810,-0.001542545,,novatel_oem7_msgs.msg.InertialSolutionStatus(status=3),
1786043760448925246,1786043760.446772994,/novatel/oem7/fix,/novatel/oem7/fix,/novatel/oem7/inspva,39.663,-75.756,-1.801943417,0.002239244,-0.001542545,0.002004144,0.000998810,-0.001542545,,0,
1786043760449986957,1786043760.447289503,/novatel/oem7/odom,/novatel/oem7/fix,/novatel/oem7/odom,39.663,-75.756,-1.801943417,0.002245562,-0.001533333,0.001102062,0.001956530,-0.001533333,,,
1786043760458407134,1786043760.457304006,/novatel/oem7/odom,/novatel/oem7/fix,/novatel/oem7/odom,39.663,-75.756,-1.801943417,0.002245562,-0.001533333,0.001102062,0.001956530,-0.001533333,,,
1786043760466559479,1786043760.465387351,/novatel/oem7/inspva,/novatel/oem7/inspva,/novatel/oem7/inspva,39.663,-75.756,-1.801929582,0.002279770,-0.001561518,0.002068795,0.000957830,-0.001561518,,novatel_oem7_msgs.msg.InertialSolutionStatus(status=3),
1786043760468373024,1786043760.466512162,/novatel/oem7/fix,/novatel/oem7/fix,/novatel/oem7/inspva,39.663,-75.756,-1.801929582,0.002279770,-0.001561518,0.002068795,0.000957830,-0.001561518,,0,
1786043760469841169,1786043760.467436038,/novatel/oem7/odom,/novatel/oem7/fix,/novatel/oem7/odom,39.663,-75.756,-1.801929582,0.002286090,-0.001552250,0.001064384,0.002023189,-0.001552250,,,
1786043760476206653,1786043760.475572133,/novatel/oem7/odom,/novatel/oem7/fix,/novatel/oem7/odom,39.663,-75.756,-1.801929582,0.002286090,-0.001552250,0.001064384,0.002023189,-0.001552250,,,
1786043760486241956,1786043760.485204193,/novatel/oem7/inspva,/novatel/oem7/inspva,/novatel/oem7/inspva,39.663,-75.756,-1.801924133,0.002178532,-0.001499905,0.001942972,0.000985324,-0.001499905,,novatel_oem7_msgs.msg.InertialSolutionStatus(status=3),
1786043760487943990,1786043760.485431062,/novatel/oem7/fix,/novatel/oem7/fix,/novatel/oem7/inspva,39.663,-75.756,-1.801924133,0.002178532,-0.001499905,0.001942972,0.000985324,-0.001499905,,0,
1786043760489012761,1786043760.485953897,/novatel/oem7/odom,/novatel/oem7/fix,/novatel/oem7/odom,39.663,-75.756,-1.801924133,0.002184700,-0.001490908,0.001085391,0.001896006,-0.001490908,,,
1786043760495509979,1786043760.494852030,/novatel/oem7/odom,/novatel/oem7/fix,/novatel/oem7/odom,39.663,-75.756,-1.801924133,0.002184700,-0.001490908,0.001085391,0.001896006,-0.001490908,,,
1786043760506731462,1786043760.506159520,/novatel/oem7/inspva,/novatel/oem7/inspva,/novatel/oem7/inspva,39.663,-75.756,-1.801910292,0.002135867,-0.001504624,0.001880319,0.001013077,-0.001504624,,novatel_oem7_msgs.msg.InertialSolutionStatus(status=3),
1786043760508008108,1786043760.506448353,/novatel/oem7/fix,/novatel/oem7/fix,/novatel/oem7/inspva,39.663,-75.756,-1.801910292,0.002135867,-0.001504624,0.001880319,0.001013077,-0.001504624,,0,
1786043760509142766,1786043760.506883433,/novatel/oem7/odom,/novatel/oem7/fix,/novatel/oem7/odom,39.663,-75.756,-1.801910292,0.002142134,-0.001495688,0.001110056,0.001832079,-0.001495688,,,
1786043760512588420,1786043760.511591707,/novatel/oem7/bestpos,/novatel/oem7/bestpos,/novatel/oem7/odom,39.663,-75.756,33.180520493,0.002142134,-0.001495688,0.001110056,0.001832079,-0.001495688,,novatel_oem7_msgs.msg.SolutionStatus(status=0),novatel_oem7_msgs.msg.PositionOrVelocityType(type=53)
1786043760513980498,1786043760.512154740,/novatel/oem7/bestvel,/novatel/oem7/bestpos,/novatel/oem7/bestvel,39.663,-75.756,33.180520493,0.002291225,-0.001644342,,,,31.968381439,novatel_oem7_msgs.msg.SolutionStatus(status=0),novatel_oem7_msgs.msg.PositionOrVelocityType(type=53)
1786043760515484636,1786043760.514732069,/novatel/oem7/odom,/novatel/oem7/bestpos,/novatel/oem7/odom,39.663,-75.756,33.180520493,0.002142134,-0.001495688,0.001110056,0.001832079,-0.001495688,,,
1786043760525778106,1786043760.525192237,/novatel/oem7/inspva,/novatel/oem7/inspva,/novatel/oem7/inspva,39.663,-75.756,-1.801908552,0.002064045,-0.001537243,0.001844655,0.000926029,-0.001537243,,novatel_oem7_msgs.msg.InertialSolutionStatus(status=3),
1786043760527070759,1786043760.525356758,/novatel/oem7/fix,/novatel/oem7/fix,/novatel/oem7/inspva,39.663,-75.756,-1.801908552,0.002064045,-0.001537243,0.001844655,0.000926029,-0.001537243,,0,
1786043760528098443,1786043760.525807317,/novatel/oem7/odom,/novatel/oem7/fix,/novatel/oem7/odom,39.663,-75.756,-1.801908552,0.002070364,-0.001528722,0.001021475,0.001800832,-0.001528722,,,
1786043760536088970,1786043760.535460450,/novatel/oem7/odom,/novatel/oem7/fix,/novatel/oem7/odom,39.663,-75.756,-1.801908552,0.002070364,-0.001528722,0.001021475,0.001800832,-0.001528722,,,
1786043760545717352,1786043760.545031555,/novatel/oem7/inspva,/novatel/oem7/inspva,/novatel/oem7/inspva,39.663,-75.756,-1.801901421,0.002262701,-0.001869139,0.001952752,0.001143056,-0.001869139,,novatel_oem7_msgs.msg.InertialSolutionStatus(status=3),
1786043760547033723,1786043760.545238914,/novatel/oem7/fix,/novatel/oem7/fix,/novatel/oem7/inspva,39.663,-75.756,-1.801901421,0.002262701,-0.001869139,0.001952752,0.001143056,-0.001869139,,0,
1786043760548545934,1786043760.545883194,/novatel/oem7/odom,/novatel/oem7/fix,/novatel/oem7/odom,39.663,-75.756,-1.801901421,0.002270596,-0.001859540,0.001244812,0.001898961,-0.001859540,,,
1786043760556941902,1786043760.555997972,/novatel/oem7/odom,/novatel/oem7/fix,/novatel/oem7/odom,39.663,-75.756,-1.801901421,0.002270596,-0.001859540,0.001244812,0.001898961,-0.001859540,,,
1786043760567892518,1786043760.566896518,/novatel/oem7/inspva,/novatel/oem7/inspva,/novatel/oem7/inspva,39.663,-75.756,-1.801900168,0.001878014,-0.001636859,0.001811384,0.000495809,-0.001636859,,novatel_oem7_msgs.msg.InertialSolutionStatus(status=3),
1786043760569170031,1786043760.567896282,/novatel/oem7/fix,/novatel/oem7/fix,/novatel/oem7/inspva,39.663,-75.756,-1.801900168,0.001878014,-0.001636859,0.001811384,0.000495809,-0.001636859,,0,
1786043760570178951,1786043760.568276165,/novatel/oem7/odom,/novatel/oem7/fix,/novatel/oem7/odom,39.663,-75.756,-1.801900168,0.001883983,-0.001629985,0.000590498,0.001789051,-0.001629985,,,
1786043760576022096,1786043760.574895012,/novatel/oem7/odom,/novatel/oem7/fix,/novatel/oem7/odom,39.663,-75.756,-1.801900168,0.001883983,-0.001629985,0.000590498,0.001789051,-0.001629985,,,
1786043760585861172,1786043760.585134374,/novatel/oem7/inspva,/novatel/oem7/inspva,/novatel/oem7/inspva,39.663,-75.756,-1.801894517,0.002212692,-0.001638046,0.002049038,0.000835134,-0.001638046,,novatel_oem7_msgs.msg.InertialSolutionStatus(status=3),
1786043760587563985,1786043760.585322466,/novatel/oem7/fix,/novatel/oem7/fix,/novatel/oem7/inspva,39.663,-75.756,-1.801894517,0.002212692,-0.001638046,0.002049038,0.000835134,-0.001638046,,0,
1786043760588600209,1786043760.585839388,/novatel/oem7/odom,/novatel/oem7/fix,/novatel/oem7/odom,39.663,-75.756,-1.801894517,0.002219132,-0.001629311,0.000941119,0.002009687,-0.001629311,,,
1786043760596310863,1786043760.595600952,/novatel/oem7/odom,/novatel/oem7/fix,/novatel/oem7/odom,39.663,-75.756,-1.801894517,0.002219132,-0.001629311,0.000941119,0.002009687,-0.001629311,,,
1786043760607164052,1786043760.606574832,/novatel/oem7/inspva,/novatel/oem7/inspva,/novatel/oem7/inspva,39.663,-75.756,-1.801899475,0.001698943,-0.001812455,0.001439566,0.000902251,-0.001812455,,novatel_oem7_msgs.msg.InertialSolutionStatus(status=3),
1786043760608553152,1786043760.606726221,/novatel/oem7/fix,/novatel/oem7/fix,/novatel/oem7/inspva,39.663,-75.756,-1.801899475,0.001698943,-0.001812455,0.001439566,0.000902251,-0.001812455,,0,
1786043760609570012,1786043760.607220043,/novatel/oem7/odom,/novatel/oem7/fix,/novatel/oem7/odom,39.663,-75.756,-1.801899475,0.001706671,-0.001805181,0.000978785,0.001398108,-0.001805181,,,
1786043760611462141,1786043760.610485272,/novatel/oem7/bestpos,/novatel/oem7/bestpos,/novatel/oem7/odom,39.663,-75.756,33.180536841,0.001706671,-0.001805181,0.000978785,0.001398108,-0.001805181,,novatel_oem7_msgs.msg.SolutionStatus(status=0),novatel_oem7_msgs.msg.PositionOrVelocityType(type=53)
1786043760612824465,1786043760.610979540,/novatel/oem7/bestvel,/novatel/oem7/bestpos,/novatel/oem7/bestvel,39.663,-75.756,33.180536841,0.001755602,-0.001817715,,,,24.958106339,novatel_oem7_msgs.msg.SolutionStatus(status=0),novatel_oem7_msgs.msg.PositionOrVelocityType(type=53)
1786043760615381784,1786043760.614706641,/novatel/oem7/odom,/novatel/oem7/bestpos,/novatel/oem7/odom,39.663,-75.756,33.180536841,0.001706671,-0.001805181,0.000978785,0.001398108,-0.001805181,,,
1786043760626853902,1786043760.626216029,/novatel/oem7/inspva,/novatel/oem7/inspva,/novatel/oem7/inspva,39.663,-75.756,-1.801892969,0.002343901,-0.001697168,0.002014412,0.001198339,-0.001697168,,novatel_oem7_msgs.msg.InertialSolutionStatus(status=3),
1786043760628235856,1786043760.626377435,/novatel/oem7/fix,/novatel/oem7/fix,/novatel/oem7/inspva,39.663,-75.756,-1.801892969,0.002343901,-0.001697168,0.002014412,0.001198339,-0.001697168,,0,
1786043760629265220,1786043760.626836162,/novatel/oem7/odom,/novatel/oem7/fix,/novatel/oem7/odom,39.663,-75.756,-1.801892969,0.002351072,-0.001687220,0.001302376,0.001957385,-0.001687220,,,
1786043760635402795,1786043760.634727034,/novatel/oem7/odom,/novatel/oem7/fix,/novatel/oem7/odom,39.663,-75.756,-1.801892969,0.002351072,-0.001687220,0.001302376,0.001957385,-0.001687220,,,
1786043760646562457,1786043760.645893160,/novatel/oem7/inspva,/novatel/oem7/inspva,/novatel/oem7/inspva,39.663,-75.756,-1.801894133,0.001492678,-0.001555859,0.001090459,0.001019307,-0.001555859,,novatel_oem7_msgs.msg.InertialSolutionStatus(status=3),
1786043760647951437,1786043760.646057055,/novatel/oem7/fix,/novatel/oem7/fix,/novatel/oem7/inspva,39.663,-75.756,-1.801894133,0.001492678,-0.001555859,0.001090459,0.001019307,-0.001555859,,0,
1786043760648955161,1786043760.646783915,/novatel/oem7/odom,/novatel/oem7/fix,/novatel/oem7/odom,39.663,-75.756,-1.801894133,0.001499655,-0.001549135,0.001077552,0.001042999,-0.001549135,,,
1786043760657212220,1786043760.656564963,/novatel/oem7/odom,/novatel/oem7/fix,/novatel/oem7/odom,39.663,-75.756,-1.801894133,0.001499655,-0.001549135,0.001077552,0.001042999,-0.001549135,,,
1786043760665558743,1786043760.665000852,/novatel/oem7/inspva,/novatel/oem7/inspva,/novatel/oem7/inspva,39.663,-75.756,-1.801885947,0.002290559,-0.001631309,0.002024312,0.001071831,-0.001631309,,novatel_oem7_msgs.msg.InertialSolutionStatus(status=3),
1786043760666913577,1786043760.665134959,/novatel/oem7/fix,/novatel/oem7/fix,/novatel/oem7/inspva,39.663,-75.756,-1.801885947,0.002290559,-0.001631309,0.002024312,0.001071831,-0.001631309,,0,
1786043760667923921,1786043760.665570590,/novatel/oem7/odom,/novatel/oem7/fix,/novatel/oem7/odom,39.663,-75.756,-1.801885947,0.002297311,-0.001621786,0.001176273,0.001973327,-0.001621786,,,
1786043760675008578,1786043760.674322488,/novatel/oem7/odom,/novatel/oem7/fix,/novatel/oem7/odom,39.663,-75.756,-1.801885947,0.002297311,-0.001621786,0.001176273,0.001973327,-0.001621786,,,
1786043760687102379,1786043760.686573411,/novatel/oem7/inspva,/novatel/oem7/inspva,/novatel/oem7/inspva,39.663,-75.756,-1.801887182,0.001893958,-0.001685038,0.001792761,0.000610806,-0.001685038,,novatel_oem7_msgs.msg.InertialSolutionStatus(status=3),
1786043760688466863,1786043760.686717182,/novatel/oem7/fix,/novatel/oem7/fix,/novatel/oem7/inspva,39.663,-75.756,-1.801887182,0.001893958,-0.001685038,0.001792761,0.000610806,-0.001685038,,0,
1786043760689475413,1786043760.687093566,/novatel/oem7/odom,/novatel/oem7/fix,/novatel/oem7/odom,39.663,-75.756,-1.801887182,0.001900355,-0.001677820,0.000704612,0.001764900,-0.001677820,,,
1786043760695651872,1786043760.694982658,/novatel/oem7/odom,/novatel/oem7/fix,/novatel/oem7/odom,39.663,-75.756,-1.801887182,0.001900355,-0.001677820,0.000704612,0.001764900,-0.001677820,,,
1786043760706343819,1786043760.705818857,/novatel/oem7/inspva,/novatel/oem7/inspva,/novatel/oem7/inspva,39.663,-75.756,-1.801878451,0.002380248,-0.001609400,0.002253697,0.000765787,-0.001609400,,novatel_oem7_msgs.msg.InertialSolutionStatus(status=3),
1786043760707703943,1786043760.705951732,/novatel/oem7/fix,/novatel/oem7/fix,/novatel/oem7/inspva,39.663,-75.756,-1.801878451,0.002380248,-0.001609400,0.002253697,0.000765787,-0.001609400,,0,
1786043760708705570,1786043760.706501254,/novatel/oem7/odom,/novatel/oem7/fix,/novatel/oem7/odom,39.663,-75.756,-1.801878451,0.002386352,-0.001600335,0.000881800,0.002217455,-0.001600335,,,
1786043760710157644,1786043760.709342766,/novatel/oem7/bestpos,/novatel/oem7/bestpos,/novatel/oem7/odom,39.663,-75.756,33.180553287,0.002386352,-0.001600335,0.000881800,0.002217455,-0.001600335,,novatel_oem7_msgs.msg.SolutionStatus(status=0),novatel_oem7_msgs.msg.PositionOrVelocityType(type=53)
1786043760711879141,1786043760.710012076,/novatel/oem7/bestvel,/novatel/oem7/bestpos,/novatel/oem7/bestvel,39.663,-75.756,33.180553287,0.002240618,-0.001374850,,,,9.165250406,novatel_oem7_msgs.msg.SolutionStatus(status=0),novatel_oem7_msgs.msg.PositionOrVelocityType(type=53)
1786043760716154401,1786043760.715493611,/novatel/oem7/odom,/novatel/oem7/bestpos,/novatel/oem7/odom,39.663,-75.756,33.180553287,0.002386352,-0.001600335,0.000881800,0.002217455,-0.001600335,,,
1786043760726081190,1786043760.725590119,/novatel/oem7/inspva,/novatel/oem7/inspva,/novatel/oem7/inspva,39.663,-75.756,-1.801880128,0.001916359,-0.001596142,0.001659249,0.000958813,-0.001596142,,novatel_oem7_msgs.msg.InertialSolutionStatus(status=3),
1786043760727350687,1786043760.725758211,/novatel/oem7/fix,/novatel/oem7/fix,/novatel/oem7/inspva,39.663,-75.756,-1.801880128,0.001916359,-0.001596142,0.001659249,0.000958813,-0.001596142,,0,
1786043760728350823,1786043760.726372137,/novatel/oem7/odom,/novatel/oem7/fix,/novatel/oem7/odom,39.663,-75.756,-1.801880128,0.001923073,-0.001588047,0.001045289,0.001614181,-0.001588047,,,
1786043760735722837,1786043760.735065647,/novatel/oem7/odom,/novatel/oem7/fix,/novatel/oem7/odom,39.663,-75.756,-1.801880128,0.001923073,-0.001588047,0.001045289,0.001614181,-0.001588047,,,
1786043760746786044,1786043760.746270726,/novatel/oem7/inspva,/novatel/oem7/inspva,/novatel/oem7/inspva,39.663,-75.756,-1.801873181,0.002308991,-0.001517993,0.002112642,0.000931765,-0.001517993,,novatel_oem7_msgs.msg.InertialSolutionStatus(status=3),
1786043760748079661,1786043760.746455134,/novatel/oem7/fix,/novatel/oem7/fix,/novatel/oem7/inspva,39.663,-75.756,-1.801873181,0.002308991,-0.001517993,0.002112642,0.000931765,-0.001517993,,0,
1786043760749081541,1786043760.746950749,/novatel/oem7/odom,/novatel/oem7/fix,/novatel/oem7/odom,39.663,-75.756,-1.801873181,0.002315041,-0.001508750,0.001040291,0.002068142,-0.001508750,,,
1786043760756386631,1786043760.755762621,/novatel/oem7/odom,/novatel/oem7/fix,/novatel/oem7/odom,39.663,-75.756,-1.801873181,0.002315041,-0.001508750,0.001040291,0.002068142,-0.001508750,,,
1786043760765809775,1786043760.765309417,/novatel/oem7/inspva,/novatel/oem7/inspva,/novatel/oem7/inspva,39.663,-75.756,-1.801880553,0.001644266,-0.002035435,0.001470679,0.000735332,-0.002035435,,novatel_oem7_msgs.msg.InertialSolutionStatus(status=3),
1786043760767068365,1786043760.765485392,/novatel/oem7/fix,/novatel/oem7/fix,/novatel/oem7/inspva,39.663,-75.756,-1.801880553,0.001644266,-0.002035435,0.001470679,0.000735332,-0.002035435,,0,
1786043760768079458,1786043760.766079958,/novatel/oem7/odom,/novatel/oem7/fix,/novatel/oem7/odom,39.663,-75.756,-1.801880553,0.001652593,-0.002028681,0.000814395,0.001437993,-0.002028681,,,
1786043760776320897,1786043760.775678631,/novatel/oem7/odom,/novatel/oem7/fix,/novatel/oem7/odom,39.663,-75.756,-1.801880553,0.001652593,-0.002028681,0.000814395,0.001437993,-0.002028681,,,
1786043760785757745,1786043760.785245223,/novatel/oem7/inspva,/novatel/oem7/inspva,/novatel/oem7/inspva,39.663,-75.756,-1.801875173,0.001816589,-0.001925167,0.001658148,0.000741986,-0.001925167,,novatel_oem7_msgs.msg.InertialSolutionStatus(status=3),
1786043760787044315,1786043760.785417082,/novatel/oem7/fix,/novatel/oem7/fix,/novatel/oem7/inspva,39.663,-75.756,-1.801875173,0.001816589,-0.001925167,0.001658148,0.000741986,-0.001925167,,0,
1786043760788068335,1786043760.785846023,/novatel/oem7/odom,/novatel/oem7/fix,/novatel/oem7/odom,39.663,-75.756,-1.801875173,0.001824311,-0.001917851,0.000829875,0.001624629,-0.001917851,,,
1786043760794983544,1786043760.794300711,/novatel/oem7/odom,/novatel/oem7/fix,/novatel/oem7/odom,39.663,-75.756,-1.801875173,0.001824311,-0.001917851,0.000829875,0.001624629,-0.001917851,,,
1786043760806533620,1786043760.805886820,/novatel/oem7/inspva,/novatel/oem7/inspva,/novatel/oem7/inspva,39.663,-75.756,-1.801881873,0.001871946,-0.001804210,0.001828795,0.000399611,-0.001804210,,novatel_oem7_msgs.msg.InertialSolutionStatus(status=3),
1786043760807926497,1786043760.806142329,/novatel/oem7/fix,/novatel/oem7/fix,/novatel/oem7/inspva,39.663,-75.756,-1.801881873,0.001871946,-0.001804210,0.001828795,0.000399611,-0.001804210,,0,
1786043760808946907,1786043760.806718878,/novatel/oem7/odom,/novatel/oem7/fix,/novatel/oem7/odom,39.663,-75.756,-1.801881873,0.001878252,-0.001797645,0.000495878,0.001811611,-0.001797645,,,
1786043760810903847,1786043760.810277888,/novatel/oem7/bestpos,/novatel/oem7/bestpos,/novatel/oem7/odom,39.663,-75.756,33.180542498,0.001878252,-0.001797645,0.000495878,0.001811611,-0.001797645,,novatel_oem7_msgs.msg.SolutionStatus(status=0),novatel_oem7_msgs.msg.PositionOrVelocityType(type=53)
1786043760812300591,1786043760.810783489,/novatel/oem7/bestvel,/novatel/oem7/bestpos,/novatel/oem7/bestvel,39.663,-75.756,33.180542498,0.001976537,-0.001890093,,,,13.500552401,novatel_oem7_msgs.msg.SolutionStatus(status=0),novatel_oem7_msgs.msg.PositionOrVelocityType(type=53)
1786043760815662615,1786043760.814900810,/novatel/oem7/odom,/novatel/oem7/bestpos,/novatel/oem7/odom,39.663,-75.756,33.180542498,0.001878252,-0.001797645,0.000495878,0.001811611,-0.001797645,,,
1786043760825554474,1786043760.824908291,/novatel/oem7/inspva,/novatel/oem7/inspva,/novatel/oem7/inspva,39.663,-75.756,-1.801879997,0.001788713,-0.001682884,0.001718928,0.000494755,-0.001682884,,novatel_oem7_msgs.msg.InertialSolutionStatus(status=3),
1786043760827009489,1786043760.825106996,/novatel/oem7/fix,/novatel/oem7/fix,/novatel/oem7/inspva,39.663,-75.756,-1.801879997,0.001788713,-0.001682884,0.001718928,0.000494755,-0.001682884,,0,
1786043760828075269,1786043760.825610051,/novatel/oem7/odom,/novatel/oem7/fix,/novatel/oem7/odom,39.663,-75.756,-1.801879997,0.001794889,-0.001676296,0.000585023,0.001696872,-0.001676296,,,
1786043760837054872,1786043760.836293675,/novatel/oem7/odom,/novatel/oem7/fix,/novatel/oem7/odom,39.663,-75.756,-1.801879997,0.001794889,-0.001676296,0.000585023,0.001696872,-0.001676296,,,
1786043760845798814,1786043760.845242541,/novatel/oem7/inspva,/novatel/oem7/inspva,/novatel/oem7/inspva,39.663,-75.756,-1.801888124,0.001822623,-0.001866439,0.001746888,0.000519936,-0.001866439,,novatel_oem7_msgs.msg.InertialSolutionStatus(status=3),
1786043760847141300,1786043760.845401523,/novatel/oem7/fix,/novatel/oem7/fix,/novatel/oem7/inspva,39.663,-75.756,-1.801888124,0.001822623,-0.001866439,0.001746888,0.000519936,-0.001866439,,0,
1786043760848158457,1786043760.846053412,/novatel/oem7/odom,/novatel/oem7/fix,/novatel/oem7/odom,39.663,-75.756,-1.801888124,0.001829506,-0.001859691,0.000612257,0.001724017,-0.001859691,,,
1786043760857008036,1786043760.856349179,/novatel/oem7/odom,/novatel/oem7/fix,/novatel/oem7/odom,39.663,-75.756,-1.801888124,0.001829506,-0.001859691,0.000612257,0.001724017,-0.001859691,,,
1786043760866647136,1786043760.866094820,/novatel/oem7/inspva,/novatel/oem7/inspva,/novatel/oem7/inspva,39.663,-75.756,-1.801885759,0.001719364,-0.001377524,0.001646234,0.000496113,-0.001377524,,novatel_oem7_msgs.msg.InertialSolutionStatus(status=3),
1786043760867954349,1786043760.866235472,/novatel/oem7/fix,/novatel/oem7/fix,/novatel/oem7/inspva,39.663,-75.756,-1.801885759,0.001719364,-0.001377524,0.001646234,0.000496113,-0.001377524,,0,
1786043760869050633,1786043760.866687623,/novatel/oem7/odom,/novatel/oem7/fix,/novatel/oem7/odom,39.663,-75.756,-1.801885759,0.001724449,-0.001371153,0.000581689,0.001623380,-0.001371153,,,
1786043760875169911,1786043760.874493867,/novatel/oem7/odom,/novatel/oem7/fix,/novatel/oem7/odom,39.663,-75.756,-1.801885759,0.001724449,-0.001371153,0.000581689,0.001623380,-0.001371153,,,
1786043760885671716,1786043760.885121214,/novatel/oem7/inspva,/novatel/oem7/inspva,/novatel/oem7/inspva,39.663,-75.756,-1.801899336,0.001572945,-0.002049386,0.001469685,0.000560520,-0.002049386,,novatel_oem7_msgs.msg.InertialSolutionStatus(status=3),
1786043760886985823,1786043760.885265569,/novatel/oem7/fix,/novatel/oem7/fix,/novatel/oem7/inspva,39.663,-75.756,-1.801899336,0.001572945,-0.002049386,0.001469685,0.000560520,-0.002049386,,0,
1786043760888001163,1786043760.885734894,/novatel/oem7/odom,/novatel/oem7/fix,/novatel/oem7/odom,39.663,-75.756,-1.801899336,0.001580879,-0.002043273,0.000639835,0.001445610,-0.002043273,,,
1786043760896099171,1786043760.895447128,/novatel/oem7/odom,/novatel/oem7/fix,/novatel/oem7/odom,39.663,-75.756,-1.801899336,0.001580879,-0.002043273,0.000639835,0.001445610,-0.002043273,,,
1786043760906667677,1786043760.906012747,/novatel/oem7/inspva,/novatel/oem7/inspva,/novatel/oem7/inspva,39.663,-75.756,-1.801895459,0.001390608,-0.001762509,0.001251920,0.000605383,-0.001762509,,novatel_oem7_msgs.msg.InertialSolutionStatus(status=3),
1786043760908077414,1786043760.906209849,/novatel/oem7/fix,/novatel/oem7/fix,/novatel/oem7/inspva,39.663,-75.756,-1.801895459,0.001390608,-0.001762509,0.001251920,0.000605383,-0.001762509,,0,
1786043760909167862,1786043760.906668747,/novatel/oem7/odom,/novatel/oem7/fix,/novatel/oem7/odom,39.663,-75.756,-1.801895459,0.001397763,-0.001756841,0.000672856,0.001225156,-0.001756841,,,
1786043760910694997,1786043760.909541852,/novatel/oem7/bestpos,/novatel/oem7/bestpos,/novatel/oem7/odom,39.663,-75.756,33.180531719,0.001397763,-0.001756841,0.000672856,0.001225156,-0.001756841,,novatel_oem7_msgs.msg.SolutionStatus(status=0),novatel_oem7_msgs.msg.PositionOrVelocityType(type=53)
1786043760912086161,1786043760.910144229,/novatel/oem7/bestvel,/novatel/oem7/bestpos,/novatel/oem7/bestvel,39.663,-75.756,33.180531719,0.001465508,-0.001846657,,,,32.420505173,novatel_oem7_msgs.msg.SolutionStatus(status=0),novatel_oem7_msgs.msg.PositionOrVelocityType(type=53)
1786043760914971117,1786043760.914321407,/novatel/oem7/odom,/novatel/oem7/bestpos,/novatel/oem7/odom,39.663,-75.756,33.180531719,0.001397763,-0.001756841,0.000672856,0.001225156,-0.001756841,,,
1786043760926841572,1786043760.926311441,/novatel/oem7/inspva,/novatel/oem7/inspva,/novatel/oem7/inspva,39.663,-75.756,-1.801900177,0.001543928,-0.001309683,0.001468100,0.000477909,-0.001309683,,novatel_oem7_msgs.msg.InertialSolutionStatus(status=3),
1786043760928127332,1786043760.926501353,/novatel/oem7/fix,/novatel/oem7/fix,/novatel/oem7/inspva,39.663,-75.756,-1.801900177,0.001543928,-0.001309683,0.001468100,0.000477909,-0.001309683,,0,
1786043760929178302,1786043760.926928830,/novatel/oem7/odom,/novatel/oem7/fix,/novatel/oem7/odom,39.663,-75.756,-1.801900177,0.001548833,-0.001303879,0.000554511,0.001446168,-0.001303879,,,
1786043760935797969,1786043760.934888053,/novatel/oem7/odom,/novatel/oem7/fix,/novatel/oem7/odom,39.663,-75.756,-1.801900177,0.001548833,-0.001303879,0.000554511,0.001446168,-0.001303879,,,
1786043760945476656,1786043760.944921170,/novatel/oem7/inspva,/novatel/oem7/inspva,/novatel/oem7/inspva,39.663,-75.756,-1.801894006,0.001238182,-0.001078685,0.001058620,0.000642199,-0.001078685,,novatel_oem7_msgs.msg.InertialSolutionStatus(status=3),
1786043760946775986,1786043760.945094475,/novatel/oem7/fix,/novatel/oem7/fix,/novatel/oem7/inspva,39.663,-75.756,-1.801894006,0.001238182,-0.001078685,0.001058620,0.000642199,-0.001078685,,0,
1786043760947800782,1786043760.945460033,/novatel/oem7/odom,/novatel/oem7/fix,/novatel/oem7/odom,39.663,-75.756,-1.801894006,0.001242758,-0.001073410,0.000697581,0.001028507,-0.001073410,,,
1786043760956279791,1786043760.955646575,/novatel/oem7/odom,/novatel/oem7/fix,/novatel/oem7/odom,39.663,-75.756,-1.801894006,0.001242758,-0.001073410,0.000697581,0.001028507,-0.001073410,,,
1786043760965892780,1786043760.965390272,/novatel/oem7/inspva,/novatel/oem7/inspva,/novatel/oem7/inspva,39.663,-75.756,-1.801896772,0.001379704,-0.001110759,0.001218754,0.000646700,-0.001110759,,novatel_oem7_msgs.msg.InertialSolutionStatus(status=3),
1786043760967202497,1786043760.965559930,/novatel/oem7/fix,/novatel/oem7/fix,/novatel/oem7/inspva,39.663,-75.756,-1.801896772,0.001379704,-0.001110759,0.001218754,0.000646700,-0.001110759,,0,
1786043760968395622,1786043760.966230214,/novatel/oem7/odom,/novatel/oem7/fix,/novatel/oem7/odom,39.663,-75.756,-1.801896772,0.001384292,-0.001105036,0.000710071,0.001188302,-0.001105036,,,
1786043760975935214,1786043760.975010499,/novatel/oem7/odom,/novatel/oem7/fix,/novatel/oem7/odom,39.663,-75.756,-1.801896772,0.001384292,-0.001105036,0.000710071,0.001188302,-0.001105036,,,
1786043760986751733,1786043760.985849777,/novatel/oem7/inspva,/novatel/oem7/inspva,/novatel/oem7/inspva,39.663,-75.756,-1.801892460,0.001237596,-0.001320479,0.001072564,0.000617455,-0.001320479,,novatel_oem7_msgs.msg.InertialSolutionStatus(status=3),
1786043760988517880,1786043760.986057826,/novatel/oem7/fix,/novatel/oem7/fix,/novatel/oem7/inspva,39.663,-75.756,-1.801892460,0.001237596,-0.001320479,0.001072564,0.000617455,-0.001320479,,0,
1786043760989832253,1786043760.986543021,/novatel/oem7/odom,/novatel/oem7/fix,/novatel/oem7/odom,39.663,-75.756,-1.801892460,0.001243138,-0.001315263,0.000674448,0.001044276,-0.001315263,,,
1786043760995438623,1786043760.994655252,/novatel/oem7/odom,/novatel/oem7/fix,/novatel/oem7/odom,39.663,-75.756,-1.801892460,0.001243138,-0.001315263,0.000674448,0.001044276,-0.001315263,,,
1786043761010561581,1786043761.009889691,/novatel/oem7/inspva,/novatel/oem7/inspva,/novatel/oem7/inspva,39.663,-75.756,-1.801895264,0.001144885,-0.001093543,0.001002923,0.000552183,-0.001093543,,novatel_oem7_msgs.msg.InertialSolutionStatus(status=3),
1786043761012059873,1786043761.010072720,/novatel/oem7/fix,/novatel/oem7/fix,/novatel/oem7/inspva,39.663,-75.756,-1.801895264,0.001144885,-0.001093543,0.001002923,0.000552183,-0.001093543,,0,
1786043761013119581,1786043761.011311292,/novatel/oem7/odom,/novatel/oem7/fix,/novatel/oem7/odom,39.663,-75.756,-1.801895264,0.001149435,-0.001088759,0.000604963,0.000977354,-0.001088759,,,
1786043761017246045,1786043761.016574958,/novatel/oem7/odom,/novatel/oem7/fix,/novatel/oem7/odom,39.663,-75.756,-1.801895264,0.001149435,-0.001088759,0.000604963,0.000977354,-0.001088759,,,
1786043761026666400,1786043761.025974253,/novatel/oem7/bestpos,/novatel/oem7/bestpos,/novatel/oem7/odom,39.663,-75.756,33.180524000,0.001149435,-0.001088759,0.000604963,0.000977354,-0.001088759,,novatel_oem7_msgs.msg.SolutionStatus(status=0),novatel_oem7_msgs.msg.PositionOrVelocityType(type=53)
1786043761028158018,1786043761.026468975,/novatel/oem7/bestvel,/novatel/oem7/bestpos,/novatel/oem7/bestvel,39.663,-75.756,33.180524000,0.001117912,-0.001082233,,,,31.947820916,novatel_oem7_msgs.msg.SolutionStatus(status=0),novatel_oem7_msgs.msg.PositionOrVelocityType(type=53)
1786043761029056560,1786043761.026940925,/novatel/oem7/inspva,/novatel/oem7/inspva,/novatel/oem7/inspva,39.663,-75.756,-1.801896144,0.000967604,-0.001387825,0.000693472,0.000674800,-0.001387825,,novatel_oem7_msgs.msg.InertialSolutionStatus(status=3),
1786043761029900485,1786043761.027075254,/novatel/oem7/fix,/novatel/oem7/fix,/novatel/oem7/inspva,39.663,-75.756,-1.801896144,0.000967604,-0.001387825,0.000693472,0.000674800,-0.001387825,,0,
1786043761030898455,1786043761.027412784,/novatel/oem7/odom,/novatel/oem7/fix,/novatel/oem7/odom,39.663,-75.756,-1.801896144,0.000973842,-0.001383455,0.000713296,0.000663006,-0.001383455,,,
1786043761036150445,1786043761.035361977,/novatel/oem7/odom,/novatel/oem7/fix,/novatel/oem7/odom,39.663,-75.756,-1.801896144,0.000973842,-0.001383455,0.000713296,0.000663006,-0.001383455,,,
1786043761047457271,1786043761.046715204,/novatel/oem7/inspva,/novatel/oem7/inspva,/novatel/oem7/inspva,39.663,-75.756,-1.801877871,0.001240804,-0.001172391,0.001078552,0.000613451,-0.001172391,,novatel_oem7_msgs.msg.InertialSolutionStatus(status=3),
1786043761048836822,1786043761.046910859,/novatel/oem7/fix,/novatel/oem7/fix,/novatel/oem7/inspva,39.663,-75.756,-1.801877871,0.001240804,-0.001172391,0.001078552,0.000613451,-0.001172391,,0,
1786043761049893262,1786043761.047397207,/novatel/oem7/odom,/novatel/oem7/fix,/novatel/oem7/odom,39.663,-75.756,-1.801877871,0.001245716,-0.001167170,0.000670184,0.001050078,-0.001167170,,,
1786043761057027534,1786043761.056374810,/novatel/oem7/odom,/novatel/oem7/fix,/novatel/oem7/odom,39.663,-75.756,-1.801877871,0.001245716,-0.001167170,0.000670184,0.001050078,-0.001167170,,,
1786043761065928346,1786043761.065216529,/novatel/oem7/inspva,/novatel/oem7/inspva,/novatel/oem7/inspva,39.663,-75.756,-1.801863333,0.001061987,-0.001333042,0.000937341,0.000499207,-0.001333042,,novatel_oem7_msgs.msg.InertialSolutionStatus(status=3),
1786043761067227306,1786043761.065436391,/novatel/oem7/fix,/novatel/oem7/fix,/novatel/oem7/inspva,39.663,-75.756,-1.801863333,0.001061987,-0.001333042,0.000937341,0.000499207,-0.001333042,,0,
1786043761068267260,1786043761.065849492,/novatel/oem7/odom,/novatel/oem7/fix,/novatel/oem7/odom,39.663,-75.756,-1.801863333,0.001067515,-0.001328619,0.000549729,0.000915089,-0.001328619,,,
1786043761076228889,1786043761.075584970,/novatel/oem7/odom,/novatel/oem7/fix,/novatel/oem7/odom,39.663,-75.756,-1.801863333,0.001067515,-0.001328619,0.000549729,0.000915089,-0.001328619,,,
1786043761086191669,1786043761.085577897,/novatel/oem7/inspva,/novatel/oem7/inspva,/novatel/oem7/inspva,39.663,-75.756,-1.801853548,0.001443289,-0.001234898,0.001294061,0.000639133,-0.001234898,,novatel_oem7_msgs.msg.InertialSolutionStatus(status=3),
1786043761087676194,1786043761.085778819,/novatel/oem7/fix,/novatel/oem7/fix,/novatel/oem7/inspva,39.663,-75.756,-1.801853548,0.001443289,-0.001234898,0.001294061,0.000639133,-0.001234898,,0,
1786043761088707358,1786043761.086681531,/novatel/oem7/odom,/novatel/oem7/fix,/novatel/oem7/odom,39.663,-75.756,-1.801853548,0.001448320,-0.001228993,0.000706677,0.001264214,-0.001228993,,,
1786043761095492066,1786043761.094734709,/novatel/oem7/odom,/novatel/oem7/fix,/novatel/oem7/odom,39.663,-75.756,-1.801853548,0.001448320,-0.001228993,0.000706677,0.001264214,-0.001228993,,,
1786043761106730902,1786043761.106004705,/novatel/oem7/inspva,/novatel/oem7/inspva,/novatel/oem7/inspva,39.663,-75.756,-1.801840110,0.001353948,-0.001466767,0.001188793,0.000648032,-0.001466767,,novatel_oem7_msgs.msg.InertialSolutionStatus(status=3),
1786043761108044358,1786043761.106210090,/novatel/oem7/fix,/novatel/oem7/fix,/novatel/oem7/inspva,39.663,-75.756,-1.801840110,0.001353948,-0.001466767,0.001188793,0.000648032,-0.001466767,,0,
1786043761109257344,1786043761.106631824,/novatel/oem7/odom,/novatel/oem7/fix,/novatel/oem7/odom,39.663,-75.756,-1.801840110,0.001360035,-0.001461125,0.000711237,0.001159240,-0.001461125,,,
1786043761110981078,1786043761.110098606,/novatel/oem7/bestpos,/novatel/oem7/bestpos,/novatel/oem7/odom,39.663,-75.756,33.180599819,0.001360035,-0.001461125,0.000711237,0.001159240,-0.001461125,,novatel_oem7_msgs.msg.SolutionStatus(status=0),novatel_oem7_msgs.msg.PositionOrVelocityType(type=53)
1786043761112464343,1786043761.110763213,/novatel/oem7/bestvel,/novatel/oem7/bestpos,/novatel/oem7/bestvel,39.663,-75.756,33.180599819,0.001342386,-0.001484386,,,,40.827583086,novatel_oem7_msgs.msg.SolutionStatus(status=0),novatel_oem7_msgs.msg.PositionOrVelocityType(type=53)
1786043761116291428,1786043761.115646618,/novatel/oem7/odom,/novatel/oem7/bestpos,/novatel/oem7/odom,39.663,-75.756,33.180599819,0.001360035,-0.001461125,0.000711237,0.001159240,-0.001461125,,,
1786043761125998082,1786043761.125369099,/novatel/oem7/inspva,/novatel/oem7/inspva,/novatel/oem7/inspva,39.663,-75.756,-1.801826464,0.001253358,-0.000905328,0.000993598,0.000763982,-0.000905328,,novatel_oem7_msgs.msg.InertialSolutionStatus(status=3),
1786043761127476250,1786043761.125595058,/novatel/oem7/fix,/novatel/oem7/fix,/novatel/oem7/inspva,39.663,-75.756,-1.801826464,0.001253358,-0.000905328,0.000993598,0.000763982,-0.000905328,,0,
1786043761128534454,1786043761.126207877,/novatel/oem7/odom,/novatel/oem7/fix,/novatel/oem7/odom,39.663,-75.756,-1.801826464,0.001257331,-0.000899802,0.000815339,0.000957134,-0.000899802,,,
1786043761135850577,1786043761.135171830,/novatel/oem7/odom,/novatel/oem7/fix,/novatel/oem7/odom,39.663,-75.756,-1.801826464,0.001257331,-0.000899802,0.000815339,0.000957134,-0.000899802,,,
1786043761146700120,1786043761.146134667,/novatel/oem7/inspva,/novatel/oem7/inspva,/novatel/oem7/inspva,39.663,-75.756,-1.801812810,0.001462068,-0.001036746,0.001150933,0.000901664,-0.001036746,,novatel_oem7_msgs.msg.InertialSolutionStatus(status=3),
1786043761148013273,1786043761.146349946,/novatel/oem7/fix,/novatel/oem7/fix,/novatel/oem7/inspva,39.663,-75.756,-1.801812810,0.001462068,-0.001036746,0.001150933,0.000901664,-0.001036746,,0,
1786043761149051376,1786043761.146899968,/novatel/oem7/odom,/novatel/oem7/fix,/novatel/oem7/odom,39.663,-75.756,-1.801812810,0.001466629,-0.001030284,0.000961105,0.001107826,-0.001030284,,,
1786043761156069154,1786043761.155416740,/novatel/oem7/odom,/novatel/oem7/fix,/novatel/oem7/odom,39.663,-75.756,-1.801812810,0.001466629,-0.001030284,0.000961105,0.001107826,-0.001030284,,,
1786043761165916175,1786043761.165412494,/novatel/oem7/inspva,/novatel/oem7/inspva,/novatel/oem7/inspva,39.663,-75.756,-1.801805348,0.001631666,-0.001286145,0.001567560,0.000452867,-0.001286145,,novatel_oem7_msgs.msg.InertialSolutionStatus(status=3),
1786043761167602032,1786043761.165593342,/novatel/oem7/fix,/novatel/oem7/fix,/novatel/oem7/inspva,39.663,-75.756,-1.801805348,0.001631666,-0.001286145,0.001567560,0.000452867,-0.001286145,,0,
1786043761168658453,1786043761.166272569,/novatel/oem7/odom,/novatel/oem7/fix,/novatel/oem7/odom,39.663,-75.756,-1.801805348,0.001636370,-0.001280154,0.000534311,0.001546680,-0.001280154,,,
1786043761176169961,1786043761.175501635,/novatel/oem7/odom,/novatel/oem7/fix,/novatel/oem7/odom,39.663,-75.756,-1.801805348,0.001636370,-0.001280154,0.000534311,0.001546680,-0.001280154,,,
1786043761185607323,1786043761.185020850,/novatel/oem7/inspva,/novatel/oem7/inspva,/novatel/oem7/inspva,39.663,-75.756,-1.801789649,0.001824233,-0.001272691,0.001736668,0.000558401,-0.001272691,,novatel_oem7_msgs.msg.InertialSolutionStatus(status=3),
1786043761186999154,1786043761.185180552,/novatel/oem7/fix,/novatel/oem7/fix,/novatel/oem7/inspva,39.663,-75.756,-1.801789649,0.001824233,-0.001272691,0.001736668,0.000558401,-0.001272691,,0,
1786043761188025650,1786043761.185616176,/novatel/oem7/odom,/novatel/oem7/fix,/novatel/oem7/odom,39.663,-75.756,-1.801789649,0.001828971,-0.001265874,0.000647956,0.001710347,-0.001265874,,,
1786043761195206699,1786043761.194537562,/novatel/oem7/odom,/novatel/oem7/fix,/novatel/oem7/odom,39.663,-75.756,-1.801789649,0.001828971,-0.001265874,0.000647956,0.001710347,-0.001265874,,,
1786043761207086915,1786043761.206496415,/novatel/oem7/inspva,/novatel/oem7/inspva,/novatel/oem7/inspva,39.663,-75.756,-1.801781773,0.001610077,-0.001169940,0.001518332,0.000535738,-0.001169940,,novatel_oem7_msgs.msg.InertialSolutionStatus(status=3),
1786043761208490162,1786043761.206651437,/novatel/oem7/fix,/novatel/oem7/fix,/novatel/oem7/inspva,39.663,-75.756,-1.801781773,0.001610077,-0.001169940,0.001518332,0.000535738,-0.001169940,,0,
1786043761209530163,1786043761.207068378,/novatel/oem7/odom,/novatel/oem7/fix,/novatel/oem7/odom,39.663,-75.756,-1.801781773,0.001614537,-0.001163778,0.000614198,0.001493148,-0.001163778,,,
1786043761211079838,1786043761.210248183,/novatel/oem7/bestpos,/novatel/oem7/bestpos,/novatel/oem7/odom,39.663,-75.756,33.180652396,0.001614537,-0.001163778,0.000614198,0.001493148,-0.001163778,,novatel_oem7_msgs.msg.SolutionStatus(status=0),novatel_oem7_msgs.msg.PositionOrVelocityType(type=53)
1786043761212477275,1786043761.210779342,/novatel/oem7/bestvel,/novatel/oem7/bestpos,/novatel/oem7/bestvel,39.663,-75.756,33.180652396,0.002217155,-0.001504419,,,,11.681341997,novatel_oem7_msgs.msg.SolutionStatus(status=0),novatel_oem7_msgs.msg.PositionOrVelocityType(type=53)
1786043761215887953,1786043761.215157959,/novatel/oem7/odom,/novatel/oem7/bestpos,/novatel/oem7/odom,39.663,-75.756,33.180652396,0.001614537,-0.001163778,0.000614198,0.001493148,-0.001163778,,,
1786043761226049171,1786043761.225393592,/novatel/oem7/inspva,/novatel/oem7/inspva,/novatel/oem7/inspva,39.663,-75.756,-1.801769141,0.001897331,-0.001344084,0.001865669,0.000345172,-0.001344084,,novatel_oem7_msgs.msg.InertialSolutionStatus(status=3),
1786043761227403839,1786043761.225559480,/novatel/oem7/fix,/novatel/oem7/fix,/novatel/oem7/inspva,39.663,-75.756,-1.801769141,0.001897331,-0.001344084,0.001865669,0.000345172,-0.001344084,,0,
1786043761228442652,1786043761.226050041,/novatel/oem7/odom,/novatel/oem7/fix,/novatel/oem7/odom,39.663,-75.756,-1.801769141,0.001901869,-0.001337654,0.000441580,0.001849896,-0.001337654,,,
1786043761235616927,1786043761.234880660,/novatel/oem7/odom,/novatel/oem7/fix,/novatel/oem7/odom,39.663,-75.756,-1.801769141,0.001901869,-0.001337654,0.000441580,0.001849896,-0.001337654,,,
1786043761245765226,1786043761.245131666,/novatel/oem7/inspva,/novatel/oem7/inspva,/novatel/oem7/inspva,39.663,-75.756,-1.801762095,0.001590052,-0.001159890,0.001538603,0.000401206,-0.001159890,,novatel_oem7_msgs.msg.InertialSolutionStatus(status=3),
1786043761247173240,1786043761.245276961,/novatel/oem7/fix,/novatel/oem7/fix,/novatel/oem7/inspva,39.663,-75.756,-1.801762095,0.001590052,-0.001159890,0.001538603,0.000401206,-0.001159890,,0,
1786043761248265651,1786043761.245877660,/novatel/oem7/odom,/novatel/oem7/fix,/novatel/oem7/odom,39.663,-75.756,-1.801762095,0.001594207,-0.001154172,0.000480765,0.001519988,-0.001154172,,,
1786043761257183563,1786043761.256463620,/novatel/oem7/odom,/novatel/oem7/fix,/novatel/oem7/odom,39.663,-75.756,-1.801762095,0.001594207,-0.001154172,0.000480765,0.001519988,-0.001154172,,,
1786043761266635862,1786043761.265984578,/novatel/oem7/inspva,/novatel/oem7/inspva,/novatel/oem7/inspva,39.663,-75.756,-1.801752090,0.001578278,-0.001491303,0.001568065,0.000179259,-0.001491303,,novatel_oem7_msgs.msg.InertialSolutionStatus(status=3),
1786043761268044236,1786043761.266131383,/novatel/oem7/fix,/novatel/oem7/fix,/novatel/oem7/inspva,39.663,-75.756,-1.801752090,0.001578278,-0.001491303,0.001568065,0.000179259,-0.001491303,,0,
1786043761269063779,1786043761.266754633,/novatel/oem7/odom,/novatel/oem7/fix,/novatel/oem7/odom,39.663,-75.756,-1.801752090,0.001582975,-0.001486317,0.000261765,0.001561182,-0.001486317,,,
1786043761275147847,1786043761.274396176,/novatel/oem7/odom,/novatel/oem7/fix,/novatel/oem7/odom,39.663,-75.756,-1.801752090,0.001582975,-0.001486317,0.000261765,0.001561182,-0.001486317,,,
1786043761285798054,1786043761.285157924,/novatel/oem7/inspva,/novatel/oem7/inspva,/novatel/oem7/inspva,39.663,-75.756,-1.801748370,0.001652847,-0.001527722,0.001587622,0.000459739,-0.001527722,,novatel_oem7_msgs.msg.InertialSolutionStatus(status=3),
1786043761287186414,1786043761.285304379,/novatel/oem7/fix,/novatel/oem7/fix,/novatel/oem7/inspva,39.663,-75.756,-1.801748370,0.001652847,-0.001527722,0.001587622,0.000459739,-0.001527722,,0,
1786043761288236138,1786043761.286047190,/novatel/oem7/odom,/novatel/oem7/fix,/novatel/oem7/odom,39.663,-75.756,-1.801748370,0.001658409,-0.001521683,0.000543001,0.001566994,-0.001521683,,,
1786043761296034477,1786043761.295368600,/novatel/oem7/odom,/novatel/oem7/fix,/novatel/oem7/odom,39.663,-75.756,-1.801748370,0.001658409,-0.001521683,0.000543001,0.001566994,-0.001521683,,,
1786043761306467487,1786043761.305923622,/novatel/oem7/inspva,/novatel/oem7/inspva,/novatel/oem7/inspva,39.663,-75.756,-1.801738405,0.001589642,-0.001539310,0.001585994,0.000107643,-0.001539310,,novatel_oem7_msgs.msg.InertialSolutionStatus(status=3),
1786043761307849545,1786043761.306099291,/novatel/oem7/fix,/novatel/oem7/fix,/novatel/oem7/inspva,39.663,-75.756,-1.801738405,0.001589642,-0.001539310,0.001585994,0.000107643,-0.001539310,,0,
1786043761308876538,1786043761.306502555,/novatel/oem7/odom,/novatel/oem7/fix,/novatel/oem7/odom,39.663,-75.756,-1.801738405,0.001594243,-0.001534545,0.000191289,0.001582725,-0.001534545,,,
1786043761310360526,1786043761.309142381,/novatel/oem7/bestpos,/novatel/oem7/bestpos,/novatel/oem7/odom,39.663,-75.756,33.180709731,0.001594243,-0.001534545,0.000191289,0.001582725,-0.001534545,,novatel_oem7_msgs.msg.SolutionStatus(status=0),novatel_oem7_msgs.msg.PositionOrVelocityType(type=53)
1786043761311280929,1786043761.309568965,/novatel/oem7/bestvel,/novatel/oem7/bestpos,/novatel/oem7/bestvel,39.663,-75.756,33.180709731,0.001240604,-0.001487581,,,,25.423398617,novatel_oem7_msgs.msg.SolutionStatus(status=0),novatel_oem7_msgs.msg.PositionOrVelocityType(type=53)
1786043761315069027,1786043761.314369370,/novatel/oem7/odom,/novatel/oem7/bestpos,/novatel/oem7/odom,39.663,-75.756,33.180709731,0.001594243,-0.001534545,0.000191289,0.001582725,-0.001534545,,,
1786043761326970267,1786043761.326440744,/novatel/oem7/inspva,/novatel/oem7/inspva,/novatel/oem7/inspva,39.663,-75.756,-1.801736369,0.001538687,-0.001596925,0.001503214,0.000328489,-0.001596925,,novatel_oem7_msgs.msg.InertialSolutionStatus(status=3),
1786043761328388614,1786043761.326608646,/novatel/oem7/fix,/novatel/oem7/fix,/novatel/oem7/inspva,39.663,-75.756,-1.801736369,0.001538687,-0.001596925,0.001503214,0.000328489,-0.001596925,,0,
1786043761329440948,1786043761.327123235,/novatel/oem7/odom,/novatel/oem7/fix,/novatel/oem7/odom,39.663,-75.756,-1.801736369,0.001544203,-0.001591591,0.000408015,0.001489325,-0.001591591,,,
1786043761335703177,1786043761.334975323,/novatel/oem7/odom,/novatel/oem7/fix,/novatel/oem7/odom,39.663,-75.756,-1.801736369,0.001544203,-0.001591591,0.000408015,0.001489325,-0.001591591,,,
1786043761345703194,1786043761.345087941,/novatel/oem7/inspva,/novatel/oem7/inspva,/novatel/oem7/inspva,39.663,-75.756,-1.801726234,0.001384754,-0.001477445,0.001384231,0.000038050,-0.001477445,,novatel_oem7_msgs.msg.InertialSolutionStatus(status=3),
1786043761347093395,1786043761.345297154,/novatel/oem7/fix,/novatel/oem7/fix,/novatel/oem7/inspva,39.663,-75.756,-1.801726234,0.001384754,-0.001477445,0.001384231,0.000038050,-0.001477445,,0,
1786043761348184149,1786043761.345745715,/novatel/oem7/odom,/novatel/oem7/fix,/novatel/oem7/odom,39.663,-75.756,-1.801726234,0.001388976,-0.001473476,0.000111626,0.001384484,-0.001473476,,,
1786043761356695798,1786043761.355982771,/novatel/oem7/odom,/novatel/oem7/fix,/novatel/oem7/odom,39.663,-75.756,-1.801726234,0.001388976,-0.001473476,0.000111626,0.001384484,-0.001473476,,,
1786043761365877407,1786043761.365256927,/novatel/oem7/inspva,/novatel/oem7/inspva,/novatel/oem7/inspva,39.663,-75.756,-1.801725285,0.001757362,-0.001459270,0.001702902,0.000434104,-0.001459270,,novatel_oem7_msgs.msg.InertialSolutionStatus(status=3),
1786043761367304347,1786043761.365466216,/novatel/oem7/fix,/novatel/oem7/fix,/novatel/oem7/inspva,39.663,-75.756,-1.801725285,0.001757362,-0.001459270,0.001702902,0.000434104,-0.001459270,,0,
1786043761368328874,1786043761.366010021,/novatel/oem7/odom,/novatel/oem7/fix,/novatel/oem7/odom,39.663,-75.756,-1.801725285,0.001762547,-0.001453004,0.000522835,0.001683216,-0.001453004,,,
1786043761375513753,1786043761.374821223,/novatel/oem7/odom,/novatel/oem7/fix,/novatel/oem7/odom,39.663,-75.756,-1.801725285,0.001762547,-0.001453004,0.000522835,0.001683216,-0.001453004,,,
1786043761386578561,1786043761.385994118,/novatel/oem7/inspva,/novatel/oem7/inspva,/novatel/oem7/inspva,39.663,-75.756,-1.801715825,0.001311170,-0.001415557,0.001310957,-0.000023674,-0.001415557,,novatel_oem7_msgs.msg.InertialSolutionStatus(status=3),
1786043761387993832,1786043761.386165233,/novatel/oem7/fix,/novatel/oem7/fix,/novatel/oem7/inspva,39.663,-75.756,-1.801715825,0.001311170,-0.001415557,0.001310957,-0.000023674,-0.001415557,,0,
1786043761389016359,1786043761.386681698,/novatel/oem7/odom,/novatel/oem7/fix,/novatel/oem7/odom,39.663,-75.756,-1.801715825,0.001314978,-0.001412021,0.000046159,0.001314167,-0.001412021,,,
1786043761395036955,1786043761.394331188,/novatel/oem7/odom,/novatel/oem7/fix,/novatel/oem7/odom,39.663,-75.756,-1.801715825,0.001314978,-0.001412021,0.000046159,0.001314167,-0.001412021,,,
1786043761407063086,1786043761.406469670,/novatel/oem7/inspva,/novatel/oem7/inspva,/novatel/oem7/inspva,39.663,-75.756,-1.801710300,0.001846757,-0.001398749,0.001845478,0.000068723,-0.001398749,,novatel_oem7_msgs.msg.InertialSolutionStatus(status=3),
1786043761408469174,1786043761.406639262,/novatel/oem7/fix,/novatel/oem7/fix,/novatel/oem7/inspva,39.663,-75.756,-1.801710300,0.001846757,-0.001398749,0.001845478,0.000068723,-0.001398749,,0,
1786043761409494447,1786043761.407168681,/novatel/oem7/odom,/novatel/oem7/fix,/novatel/oem7/odom,39.663,-75.756,-1.801710300,0.001850796,-0.001393400,0.000164673,0.001843455,-0.001393400,,,
1786043761410956839,1786043761.410283665,/novatel/oem7/bestpos,/novatel/oem7/bestpos,/novatel/oem7/odom,39.663,-75.756,33.180741474,0.001850796,-0.001393400,0.000164673,0.001843455,-0.001393400,,novatel_oem7_msgs.msg.SolutionStatus(status=0),novatel_oem7_msgs.msg.PositionOrVelocityType(type=53)
1786043761412312725,1786043761.410719152,/novatel/oem7/bestvel,/novatel/oem7/bestpos,/novatel/oem7/bestvel,39.663,-75.756,33.180741474,0.002230147,-0.001073040,,,,338.381710999,novatel_oem7_msgs.msg.SolutionStatus(status=0),novatel_oem7_msgs.msg.PositionOrVelocityType(type=53)
1786043761416159867,1786043761.415460904,/novatel/oem7/odom,/novatel/oem7/bestpos,/novatel/oem7/odom,39.663,-75.756,33.180741474,0.001850796,-0.001393400,0.000164673,0.001843455,-0.001393400,,,
1786043761425673766,1786043761.425023910,/novatel/oem7/inspva,/novatel/oem7/inspva,/novatel/oem7/inspva,39.663,-75.756,-1.801694389,0.001577175,-0.000875912,0.001550347,-0.000289663,-0.000875912,,novatel_oem7_msgs.msg.InertialSolutionStatus(status=3),
1786043761427005723,1786043761.425160577,/novatel/oem7/fix,/novatel/oem7/fix,/novatel/oem7/inspva,39.663,-75.756,-1.801694389,0.001577175,-0.000875912,0.001550347,-0.000289663,-0.000875912,,0,
1786043761428130757,1786043761.425651462,/novatel/oem7/odom,/novatel/oem7/fix,/novatel/oem7/odom,39.663,-75.756,-1.801694389,0.001578974,-0.000872665,-0.000209743,0.001564982,-0.000872665,,,
1786043761435112484,1786043761.434396444,/novatel/oem7/odom,/novatel/oem7/fix,/novatel/oem7/odom,39.663,-75.756,-1.801694389,0.001578974,-0.000872665,-0.000209743,0.001564982,-0.000872665,,,
1786043761447105047,1786043761.446480098,/novatel/oem7/inspva,/novatel/oem7/inspva,/novatel/oem7/inspva,39.663,-75.756,-1.801688640,0.001854624,-0.001166329,0.001839549,0.000235986,-0.001166329,,novatel_oem7_msgs.msg.InertialSolutionStatus(status=3),
1786043761448484171,1786043761.446627479,/novatel/oem7/fix,/novatel/oem7/fix,/novatel/oem7/inspva,39.663,-75.756,-1.801688640,0.001854624,-0.001166329,0.001839549,0.000235986,-0.001166329,,0,
1786043761449511961,1786043761.447132174,/novatel/oem7/odom,/novatel/oem7/fix,/novatel/oem7/odom,39.663,-75.756,-1.801688640,0.001858338,-0.001160401,0.000330572,0.001828700,-0.001160401,,,
1786043761457232569,1786043761.456525262,/novatel/oem7/odom,/novatel/oem7/fix,/novatel/oem7/odom,39.663,-75.756,-1.801688640,0.001858338,-0.001160401,0.000330572,0.001828700,-0.001160401,,,
1786043761465697617,1786043761.465015514,/novatel/oem7/inspva,/novatel/oem7/inspva,/novatel/oem7/inspva,39.663,-75.756,-1.801670967,0.001501733,-0.000796853,0.001501205,-0.000039847,-0.000796853,,novatel_oem7_msgs.msg.InertialSolutionStatus(status=3),
1786043761467055964,1786043761.465162425,/novatel/oem7/fix,/novatel/oem7/fix,/novatel/oem7/inspva,39.663,-75.756,-1.801670967,0.001501733,-0.000796853,0.001501205,-0.000039847,-0.000796853,,0,
1786043761468082931,1786043761.465724738,/novatel/oem7/odom,/novatel/oem7/fix,/novatel/oem7/odom,39.663,-75.756,-1.801670967,0.001503854,-0.000792843,0.000037072,0.001503397,-0.000792843,,,
1786043761475483142,1786043761.474762328,/novatel/oem7/odom,/novatel/oem7/fix,/novatel/oem7/odom,39.663,-75.756,-1.801670967,0.001503854,-0.000792843,0.000037072,0.001503397,-0.000792843,,,
1786043761486009961,1786043761.485387515,/novatel/oem7/inspva,/novatel/oem7/inspva,/novatel/oem7/inspva,39.663,-75.756,-1.801662911,0.001397133,-0.000877832,0.001389255,0.000148159,-0.000877832,,novatel_oem7_msgs.msg.InertialSolutionStatus(status=3),
1786043761487373205,1786043761.485546533,/novatel/oem7/fix,/novatel/oem7/fix,/novatel/oem7/inspva,39.663,-75.756,-1.801662911,0.001397133,-0.000877832,0.001389255,0.000148159,-0.000877832,,0,
1786043761488384265,1786043761.486311187,/novatel/oem7/odom,/novatel/oem7/fix,/novatel/oem7/odom,39.663,-75.756,-1.801662911,0.001399868,-0.000873463,0.000219640,0.001382530,-0.000873463,,,
1786043761495817859,1786043761.495110112,/novatel/oem7/odom,/novatel/oem7/fix,/novatel/oem7/odom,39.663,-75.756,-1.801662911,0.001399868,-0.000873463,0.000219640,0.001382530,-0.000873463,,,
1786043761507066882,1786043761.506391835,/novatel/oem7/inspva,/novatel/oem7/inspva,/novatel/oem7/inspva,39.663,-75.756,-1.801646923,0.001161869,-0.000820679,0.001161839,0.000008381,-0.000820679,,novatel_oem7_msgs.msg.InertialSolutionStatus(status=3),
1786043761508373831,1786043761.506558260,/novatel/oem7/fix,/novatel/oem7/fix,/novatel/oem7/inspva,39.663,-75.756,-1.801646923,0.001161869,-0.000820679,0.001161839,0.000008381,-0.000820679,,0,
1786043761509387742,1786043761.506971784,/novatel/oem7/odom,/novatel/oem7/fix,/novatel/oem7/odom,39.663,-75.756,-1.801646923,0.001164166,-0.000817417,0.000068618,0.001162142,-0.000817417,,,
1786043761512832550,1786043761.512237997,/novatel/oem7/bestpos,/novatel/oem7/bestpos,/novatel/oem7/odom,39.663,-75.756,33.180787536,0.001164166,-0.000817417,0.000068618,0.001162142,-0.000817417,,novatel_oem7_msgs.msg.SolutionStatus(status=0),novatel_oem7_msgs.msg.PositionOrVelocityType(type=53)
1786043761514189530,1786043761.512612944,/novatel/oem7/bestvel,/novatel/oem7/bestpos,/novatel/oem7/bestvel,39.663,-75.756,33.180787536,0.001454680,-0.001085887,,,,8.327236945,novatel_oem7_msgs.msg.SolutionStatus(status=0),novatel_oem7_msgs.msg.PositionOrVelocityType(type=53)
1786043761515831430,1786043761.514412682,/novatel/oem7/odom,/novatel/oem7/bestpos,/novatel/oem7/odom,39.663,-75.756,33.180787536,0.001164166,-0.000817417,0.000068618,0.001162142,-0.000817417,,,
1786043761525971365,1786043761.525331068,/novatel/oem7/inspva,/novatel/oem7/inspva,/novatel/oem7/inspva,39.663,-75.756,-1.801637088,0.001464212,-0.000910335,0.001463944,-0.000028024,-0.000910335,,novatel_oem7_msgs.msg.InertialSolutionStatus(status=3),
1786043761527670999,1786043761.525497470,/novatel/oem7/fix,/novatel/oem7/fix,/novatel/oem7/inspva,39.663,-75.756,-1.801637088,0.001464212,-0.000910335,0.001463944,-0.000028024,-0.000910335,,0,
1786043761528969378,1786043761.526193260,/novatel/oem7/odom,/novatel/oem7/fix,/novatel/oem7/odom,39.663,-75.756,-1.801637088,0.001466667,-0.000906374,0.000047469,0.001465899,-0.000906374,,,
1786043761536452123,1786043761.535722205,/novatel/oem7/odom,/novatel/oem7/fix,/novatel/oem7/odom,39.663,-75.756,-1.801637088,0.001466667,-0.000906374,0.000047469,0.001465899,-0.000906374,,,
1786043761545756820,1786043761.545070273,/novatel/oem7/inspva,/novatel/oem7/inspva,/novatel/oem7/inspva,39.663,-75.756,-1.801620267,0.001041829,-0.000762966,0.001028204,-0.000167940,-0.000762966,,novatel_oem7_msgs.msg.InertialSolutionStatus(status=3),
1786043761547143524,1786043761.545218561,/novatel/oem7/fix,/novatel/oem7/fix,/novatel/oem7/inspva,39.663,-75.756,-1.801620267,0.001041829,-0.000762966,0.001028204,-0.000167940,-0.000762966,,0,
1786043761548201168,1786043761.545761493,/novatel/oem7/odom,/novatel/oem7/fix,/novatel/oem7/odom,39.663,-75.756,-1.801620267,0.001043470,-0.000760719,-0.000114281,0.001037193,-0.000760719,,,
1786043761556382323,1786043761.555679889,/novatel/oem7/odom,/novatel/oem7/fix,/novatel/oem7/odom,39.663,-75.756,-1.801620267,0.001043470,-0.000760719,-0.000114281,0.001037193,-0.000760719,,,
1786043761567228808,1786043761.566563872,/novatel/oem7/inspva,/novatel/oem7/inspva,/novatel/oem7/inspva,39.663,-75.756,-1.801610637,0.001010166,-0.000560527,0.001009851,-0.000025216,-0.000560527,,novatel_oem7_msgs.msg.InertialSolutionStatus(status=3),
1786043761568580339,1786043761.566711980,/novatel/oem7/fix,/novatel/oem7/fix,/novatel/oem7/inspva,39.663,-75.756,-1.801610637,0.001010166,-0.000560527,0.001009851,-0.000025216,-0.000560527,,0,
1786043761569624345,1786043761.567092304,/novatel/oem7/odom,/novatel/oem7/fix,/novatel/oem7/odom,39.663,-75.756,-1.801610637,0.001011665,-0.000557817,0.000026622,0.001011315,-0.000557817,,,
1786043761575644963,1786043761.574891732,/novatel/oem7/odom,/novatel/oem7/fix,/novatel/oem7/odom,39.663,-75.756,-1.801610637,0.001011665,-0.000557817,0.000026622,0.001011315,-0.000557817,,,
1786043761585658903,1786043761.584988919,/novatel/oem7/inspva,/novatel/oem7/inspva,/novatel/oem7/inspva,39.663,-75.756,-1.801596052,0.000959162,-0.000745431,0.000949595,-0.000135133,-0.000745431,,novatel_oem7_msgs.msg.InertialSolutionStatus(status=3),
1786043761586959369,1786043761.585128881,/novatel/oem7/fix,/novatel/oem7/fix,/novatel/oem7/inspva,39.663,-75.756,-1.801596052,0.000959162,-0.000745431,0.000949595,-0.000135133,-0.000745431,,0,
1786043761587977743,1786043761.585516942,/novatel/oem7/odom,/novatel/oem7/fix,/novatel/oem7/odom,39.663,-75.756,-1.801596052,0.000960828,-0.000743282,-0.000085433,0.000957022,-0.000743282,,,
1786043761596118615,1786043761.595400371,/novatel/oem7/odom,/novatel/oem7/fix,/novatel/oem7/odom,39.663,-75.756,-1.801596052,0.000960828,-0.000743282,-0.000085433,0.000957022,-0.000743282,,,
1786043761607153191,1786043761.606534552,/novatel/oem7/inspva,/novatel/oem7/inspva,/novatel/oem7/inspva,39.663,-75.756,-1.801584739,0.000702513,-0.000644253,0.000700271,-0.000056080,-0.000644253,,novatel_oem7_msgs.msg.InertialSolutionStatus(status=3),
1786043761608559243,1786043761.606709331,/novatel/oem7/fix,/novatel/oem7/fix,/novatel/oem7/inspva,39.663,-75.756,-1.801584739,0.000702513,-0.000644253,0.000700271,-0.000056080,-0.000644253,,0,
1786043761609613773,1786043761.607144128,/novatel/oem7/odom,/novatel/oem7/fix,/novatel/oem7/odom,39.663,-75.756,-1.801584739,0.000704105,-0.000642512,-0.000019134,0.000703845,-0.000642512,,,
1786043761611044181,1786043761.610181689,/novatel/oem7/bestpos,/novatel/oem7/bestpos,/novatel/oem7/odom,39.663,-75.756,33.180856804,0.000704105,-0.000642512,-0.000019134,0.000703845,-0.000642512,,novatel_oem7_msgs.msg.SolutionStatus(status=0),novatel_oem7_msgs.msg.PositionOrVelocityType(type=53)
1786043761612407924,1786043761.610559796,/novatel/oem7/bestvel,/novatel/oem7/bestpos,/novatel/oem7/bestvel,39.663,-75.756,33.180856804,0.000728787,-0.000453042,,,,330.805759358,novatel_oem7_msgs.msg.SolutionStatus(status=0),novatel_oem7_msgs.msg.PositionOrVelocityType(type=53)
1786043761615549729,1786043761.614834712,/novatel/oem7/odom,/novatel/oem7/bestpos,/novatel/oem7/odom,39.663,-75.756,33.180856804,0.000704105,-0.000642512,-0.000019134,0.000703845,-0.000642512,,,
1786043761626820169,1786043761.626203689,/novatel/oem7/inspva,/novatel/oem7/inspva,/novatel/oem7/inspva,39.663,-75.756,-1.801565262,0.000563314,-0.000366475,0.000558607,0.000072673,-0.000366475,,novatel_oem7_msgs.msg.InertialSolutionStatus(status=3),
1786043761628179419,1786043761.626348241,/novatel/oem7/fix,/novatel/oem7/fix,/novatel/oem7/inspva,39.663,-75.756,-1.801565262,0.000563314,-0.000366475,0.000558607,0.000072673,-0.000366475,,0,
1786043761629203246,1786043761.626947547,/novatel/oem7/odom,/novatel/oem7/fix,/novatel/oem7/odom,39.663,-75.756,-1.801565262,0.000564485,-0.000364669,0.000101452,0.000555293,-0.000364669,,,
1786043761635315854,1786043761.634617481,/novatel/oem7/odom,/novatel/oem7/fix,/novatel/oem7/odom,39.663,-75.756,-1.801565262,0.000564485,-0.000364669,0.000101452,0.000555293,-0.000364669,,,
1786043761645907914,1786043761.645269187,/novatel/oem7/inspva,/novatel/oem7/inspva,/novatel/oem7/inspva,39.663,-75.756,-1.801551480,0.000311342,-0.000293204,0.000132662,0.000281664,-0.000293204,,novatel_oem7_msgs.msg.InertialSolutionStatus(status=3),
1786043761647281684,1786043761.645411765,/novatel/oem7/fix,/novatel/oem7/fix,/novatel/oem7/inspva,39.663,-75.756,-1.801551480,0.000311342,-0.000293204,0.000132662,0.000281664,-0.000293204,,0,
1786043761648331471,1786043761.646098856,/novatel/oem7/odom,/novatel/oem7/fix,/novatel/oem7/odom,39.663,-75.756,-1.801551480,0.000312633,-0.000291827,0.000288940,0.000119384,-0.000291827,,,
1786043761657270378,1786043761.656555831,/novatel/oem7/odom,/novatel/oem7/fix,/novatel/oem7/odom,39.663,-75.756,-1.801551480,0.000312633,-0.000291827,0.000288940,0.000119384,-0.000291827,,,
1786043761665782469,1786043761.665145997,/novatel/oem7/inspva,/novatel/oem7/inspva,/novatel/oem7/inspva,39.663,-75.756,-1.801529509,0.000420939,-0.000289705,0.000376383,0.000188482,-0.000289705,,novatel_oem7_msgs.msg.InertialSolutionStatus(status=3),
1786043761667176780,1786043761.665292948,/novatel/oem7/fix,/novatel/oem7/fix,/novatel/oem7/inspva,39.663,-75.756,-1.801529509,0.000420939,-0.000289705,0.000376383,0.000188482,-0.000289705,,0,
1786043761668255738,1786043761.665898584,/novatel/oem7/odom,/novatel/oem7/fix,/novatel/oem7/odom,39.663,-75.756,-1.801529509,0.000422116,-0.000287987,0.000207861,0.000367391,-0.000287987,,,
1786043761675279138,1786043761.674609415,/novatel/oem7/odom,/novatel/oem7/fix,/novatel/oem7/odom,39.663,-75.756,-1.801529509,0.000422116,-0.000287987,0.000207861,0.000367391,-0.000287987,,,
1786043761687162600,1786043761.686601415,/novatel/oem7/inspva,/novatel/oem7/inspva,/novatel/oem7/inspva,39.663,-75.756,-1.801510758,0.000344125,0.000035122,0.000213912,-0.000269563,0.000035122,,novatel_oem7_msgs.msg.InertialSolutionStatus(status=3),
1786043761688532627,1786043761.686757563,/novatel/oem7/fix,/novatel/oem7/fix,/novatel/oem7/inspva,39.663,-75.756,-1.801510758,0.000344125,0.000035122,0.000213912,-0.000269563,0.000035122,,0,
1786043761689597995,1786043761.687193734,/novatel/oem7/odom,/novatel/oem7/fix,/novatel/oem7/odom,39.663,-75.756,-1.801510758,0.000344164,0.000034745,-0.000258831,0.000226838,0.000034745,,,
1786043761696039943,1786043761.695337302,/novatel/oem7/odom,/novatel/oem7/fix,/novatel/oem7/odom,39.663,-75.756,-1.801510758,0.000344164,0.000034745,-0.000258831,0.000226838,0.000034745,,,
1786043761706334553,1786043761.705769820,/novatel/oem7/inspva,/novatel/oem7/inspva,/novatel/oem7/inspva,39.663,-75.756,-1.801486640,0.000351979,-0.000012410,0.000320891,0.000144633,-0.000012410,,novatel_oem7_msgs.msg.InertialSolutionStatus(status=3),
1786043761707680419,1786043761.705936299,/novatel/oem7/fix,/novatel/oem7/fix,/novatel/oem7/inspva,39.663,-75.756,-1.801486640,0.000351979,-0.000012410,0.000320891,0.000144633,-0.000012410,,0,
1786043761708710126,1786043761.706383983,/novatel/oem7/odom,/novatel/oem7/fix,/novatel/oem7/odom,39.663,-75.756,-1.801486640,0.000352026,-0.000011004,0.000160305,0.000313409,-0.000011004,,,
1786043761710955406,1786043761.710299632,/novatel/oem7/bestpos,/novatel/oem7/bestpos,/novatel/oem7/odom,39.663,-75.756,33.180947535,0.000352026,-0.000011004,0.000160305,0.000313409,-0.000011004,,novatel_oem7_msgs.msg.SolutionStatus(status=0),novatel_oem7_msgs.msg.PositionOrVelocityType(type=53)
1786043761712316876,1786043761.710500604,/novatel/oem7/bestvel,/novatel/oem7/bestpos,/novatel/oem7/bestvel,39.663,-75.756,33.180947535,0.000717531,-0.000292252,,,,27.739417703,novatel_oem7_msgs.msg.SolutionStatus(status=0),novatel_oem7_msgs.msg.PositionOrVelocityType(type=53)
1786043761716199281,1786043761.715528672,/novatel/oem7/odom,/novatel/oem7/bestpos,/novatel/oem7/odom,39.663,-75.756,33.180947535,0.000352026,-0.000011004,0.000160305,0.000313409,-0.000011004,,,
1786043761725773754,1786043761.725217995,/novatel/oem7/inspva,/novatel/oem7/inspva,/novatel/oem7/inspva,39.663,-75.756,-1.801469394,0.000299051,-0.000149933,0.000101508,-0.000281296,-0.000149933,,novatel_oem7_msgs.msg.InertialSolutionStatus(status=3),
1786043761727103424,1786043761.725365027,/novatel/oem7/fix,/novatel/oem7/fix,/novatel/oem7/inspva,39.663,-75.756,-1.801469394,0.000299051,-0.000149933,0.000101508,-0.000281296,-0.000149933,,0,
1786043761728156878,1786043761.725991303,/novatel/oem7/odom,/novatel/oem7/fix,/novatel/oem7/odom,39.663,-75.756,-1.801469394,0.000298686,-0.000150659,-0.000275398,0.000115625,-0.000150659,,,
1786043761735540965,1786043761.734867945,/novatel/oem7/odom,/novatel/oem7/fix,/novatel/oem7/odom,39.663,-75.756,-1.801469394,0.000298686,-0.000150659,-0.000275398,0.000115625,-0.000150659,,,
1786043761746689457,1786043761.746134905,/novatel/oem7/inspva,/novatel/oem7/inspva,/novatel/oem7/inspva,39.663,-75.756,-1.801442416,0.000240783,0.000058809,0.000206558,-0.000123735,0.000058809,,novatel_oem7_msgs.msg.InertialSolutionStatus(status=3),
1786043761747999010,1786043761.746282450,/novatel/oem7/fix,/novatel/oem7/fix,/novatel/oem7/inspva,39.663,-75.756,-1.801442416,0.000240783,0.000058809,0.000206558,-0.000123735,0.000058809,,0,
1786043761749027244,1786043761.746797995,/novatel/oem7/odom,/novatel/oem7/fix,/novatel/oem7/odom,39.663,-75.756,-1.801442416,0.000240752,0.000058934,-0.000113629,0.000212250,0.000058934,,,
1786043761756539159,1786043761.755864932,/novatel/oem7/odom,/novatel/oem7/fix,/novatel/oem7/odom,39.663,-75.756,-1.801442416,0.000240752,0.000058934,-0.000113629,0.000212250,0.000058934,,,
1786043761765782309,1786043761.765236100,/novatel/oem7/inspva,/novatel/oem7/inspva,/novatel/oem7/inspva,39.663,-75.756,-1.801424755,0.000326254,-0.000105203,0.000017335,-0.000325793,-0.000105203,,novatel_oem7_msgs.msg.InertialSolutionStatus(status=3),
1786043761767081855,1786043761.765385665,/novatel/oem7/fix,/novatel/oem7/fix,/novatel/oem7/inspva,39.663,-75.756,-1.801424755,0.000326254,-0.000105203,0.000017335,-0.000325793,-0.000105203,,0,
1786043761768103192,1786043761.765755621,/novatel/oem7/odom,/novatel/oem7/fix,/novatel/oem7/odom,39.663,-75.756,-1.801424755,0.000325892,-0.000106319,-0.000324152,0.000033630,-0.000106319,,,
1786043761776846356,1786043761.776168763,/novatel/oem7/odom,/novatel/oem7/fix,/novatel/oem7/odom,39.663,-75.756,-1.801424755,0.000325892,-0.000106319,-0.000324152,0.000033630,-0.000106319,,,
1786043761785573577,1786043761.785021298,/novatel/oem7/inspva,/novatel/oem7/inspva,/novatel/oem7/inspva,39.663,-75.756,-1.801398083,0.000510316,-0.000002096,0.000487017,-0.000152436,-0.000002096,,novatel_oem7_msgs.msg.InertialSolutionStatus(status=3),
1786043761786883973,1786043761.785169133,/novatel/oem7/fix,/novatel/oem7/fix,/novatel/oem7/inspva,39.663,-75.756,-1.801398083,0.000510316,-0.000002096,0.000487017,-0.000152436,-0.000002096,,0,
1786043761787920607,1786043761.785582930,/novatel/oem7/odom,/novatel/oem7/fix,/novatel/oem7/odom,39.663,-75.756,-1.801398083,0.000510318,-0.000001307,-0.000128253,0.000493939,-0.000001307,,,
1786043761795304468,1786043761.794642885,/novatel/oem7/odom,/novatel/oem7/fix,/novatel/oem7/odom,39.663,-75.756,-1.801398083,0.000510318,-0.000001307,-0.000128253,0.000493939,-0.000001307,,,
1786043761807079009,1786043761.806267024,/novatel/oem7/inspva,/novatel/oem7/inspva,/novatel/oem7/inspva,39.663,-75.756,-1.801378619,0.000506073,-0.000056808,0.000196907,-0.000466194,-0.000056808,,novatel_oem7_msgs.msg.InertialSolutionStatus(status=3),
1786043761809170246,1786043761.806412563,/novatel/oem7/fix,/novatel/oem7/fix,/novatel/oem7/inspva,39.663,-75.756,-1.801378619,0.000506073,-0.000056808,0.000196907,-0.000466194,-0.000056808,,0,
1786043761810879564,1786043761.806979491,/novatel/oem7/odom,/novatel/oem7/fix,/novatel/oem7/odom,39.663,-75.756,-1.801378619,0.000505945,-0.000057930,-0.000455715,0.000219782,-0.000057930,,,
1786043761813139366,1786043761.810212807,/novatel/oem7/bestpos,/novatel/oem7/bestpos,/novatel/oem7/odom,39.663,-75.756,33.181074737,0.000505945,-0.000057930,-0.000455715,0.000219782,-0.000057930,,novatel_oem7_msgs.msg.SolutionStatus(status=0),novatel_oem7_msgs.msg.PositionOrVelocityType(type=53)
1786043761814552930,1786043761.810607215,/novatel/oem7/bestvel,/novatel/oem7/bestpos,/novatel/oem7/bestvel,39.663,-75.756,33.181074737,0.000901173,-0.000097233,,,,304.548822922,novatel_oem7_msgs.msg.SolutionStatus(status=0),novatel_oem7_msgs.msg.PositionOrVelocityType(type=53)
1786043761817010559,1786043761.814900054,/novatel/oem7/odom,/novatel/oem7/bestpos,/novatel/oem7/odom,39.663,-75.756,33.181074737,0.000505945,-0.000057930,-0.000455715,0.000219782,-0.000057930,,,
1786043761825730549,1786043761.824922251,/novatel/oem7/inspva,/novatel/oem7/inspva,/novatel/oem7/inspva,39.663,-75.756,-1.801349929,0.000709394,0.000119162,0.000547154,-0.000451511,0.000119162,,novatel_oem7_msgs.msg.InertialSolutionStatus(status=3),
1786043761827760553,1786043761.825090783,/novatel/oem7/fix,/novatel/oem7/fix,/novatel/oem7/inspva,39.663,-75.756,-1.801349929,0.000709394,0.000119162,0.000547154,-0.000451511,0.000119162,,0,
1786043761829388726,1786043761.825574828,/novatel/oem7/odom,/novatel/oem7/fix,/novatel/oem7/odom,39.663,-75.756,-1.801349929,0.000709414,0.000119045,-0.000424450,0.000568428,0.000119045,,,
1786043761836267705,1786043761.835386669,/novatel/oem7/odom,/novatel/oem7/fix,/novatel/oem7/odom,39.663,-75.756,-1.801349929,0.000709414,0.000119045,-0.000424450,0.000568428,0.000119045,,,
1786043761845755480,1786043761.845227878,/novatel/oem7/inspva,/novatel/oem7/inspva,/novatel/oem7/inspva,39.663,-75.756,-1.801327240,0.000520664,0.000271941,0.000314483,-0.000414959,0.000271941,,novatel_oem7_msgs.msg.InertialSolutionStatus(status=3),
1786043761847065746,1786043761.845374959,/novatel/oem7/fix,/novatel/oem7/fix,/novatel/oem7/inspva,39.663,-75.756,-1.801327240,0.000520664,0.000271941,0.000314483,-0.000414959,0.000271941,,0,
1786043761848082643,1786043761.845998466,/novatel/oem7/odom,/novatel/oem7/fix,/novatel/oem7/odom,39.663,-75.756,-1.801327240,0.000520989,0.000271318,-0.000399966,0.000333851,0.000271318,,,
1786043761857015260,1786043761.856351503,/novatel/oem7/odom,/novatel/oem7/fix,/novatel/oem7/odom,39.663,-75.756,-1.801327240,0.000520989,0.000271318,-0.000399966,0.000333851,0.000271318,,,
1786043761866583672,1786043761.866050857,/novatel/oem7/inspva,/novatel/oem7/inspva,/novatel/oem7/inspva,39.663,-75.756,-1.801299165,0.000695294,0.000011876,0.000379986,-0.000582274,0.000011876,,novatel_oem7_msgs.msg.InertialSolutionStatus(status=3),
1786043761867847979,1786043761.866205295,/novatel/oem7/fix,/novatel/oem7/fix,/novatel/oem7/inspva,39.663,-75.756,-1.801299165,0.000695294,0.000011876,0.000379986,-0.000582274,0.000011876,,0,
1786043761868880289,1786043761.866607482,/novatel/oem7/odom,/novatel/oem7/fix,/novatel/oem7/odom,39.663,-75.756,-1.801299165,0.000695311,0.000010834,-0.000562894,0.000408176,0.000010834,,,
1786043761875254183,1786043761.874611116,/novatel/oem7/odom,/novatel/oem7/fix,/novatel/oem7/odom,39.663,-75.756,-1.801299165,0.000695311,0.000010834,-0.000562894,0.000408176,0.000010834,,,
1786043761885606907,1786043761.885100651,/novatel/oem7/inspva,/novatel/oem7/inspva,/novatel/oem7/inspva,39.663,-75.756,-1.801273802,0.000830644,0.000284088,0.000342926,-0.000756552,0.000284088,,novatel_oem7_msgs.msg.InertialSolutionStatus(status=3),
1786043761886883976,1786043761.885269316,/novatel/oem7/fix,/novatel/oem7/fix,/novatel/oem7/inspva,39.663,-75.756,-1.801273802,0.000830644,0.000284088,0.000342926,-0.000756552,0.000284088,,0,
1786043761887898709,1786043761.885773494,/novatel/oem7/odom,/novatel/oem7/fix,/novatel/oem7/odom,39.663,-75.756,-1.801273802,0.000831245,0.000282325,-0.000739789,0.000379051,0.000282325,,,
1786043761896061298,1786043761.895449748,/novatel/oem7/odom,/novatel/oem7/fix,/novatel/oem7/odom,39.663,-75.756,-1.801273802,0.000831245,0.000282325,-0.000739789,0.000379051,0.000282325,,,
1786043761906591980,1786043761.906061495,/novatel/oem7/inspva,/novatel/oem7/inspva,/novatel/oem7/inspva,39.663,-75.756,-1.801240820,0.000797904,0.000445469,0.000113431,-0.000789800,0.000445469,,novatel_oem7_msgs.msg.InertialSolutionStatus(status=3),
1786043761907876506,1786043761.906271367,/novatel/oem7/fix,/novatel/oem7/fix,/novatel/oem7/inspva,39.663,-75.756,-1.801240820,0.000797904,0.000445469,0.000113431,-0.000789800,0.000445469,,0,
1786043761908901180,1786043761.906761749,/novatel/oem7/odom,/novatel/oem7/fix,/novatel/oem7/odom,39.663,-75.756,-1.801240820,0.000799304,0.000442953,-0.000784898,0.000151066,0.000442953,,,
1786043761910276660,1786043761.909569003,/novatel/oem7/bestpos,/novatel/oem7/bestpos,/novatel/oem7/odom,39.663,-75.756,33.181215660,0.000799304,0.000442953,-0.000784898,0.000151066,0.000442953,,novatel_oem7_msgs.msg.SolutionStatus(status=0),novatel_oem7_msgs.msg.PositionOrVelocityType(type=53)
1786043761911679194,1786043761.910235283,/novatel/oem7/bestvel,/novatel/oem7/bestpos,/novatel/oem7/bestvel,39.663,-75.756,33.181215660,0.000669235,0.000229535,,,,297.665496005,novatel_oem7_msgs.msg.SolutionStatus(status=0),novatel_oem7_msgs.msg.PositionOrVelocityType(type=53)
1786043761915079388,1786043761.914410278,/novatel/oem7/odom,/novatel/oem7/bestpos,/novatel/oem7/odom,39.663,-75.756,33.181215660,0.000799304,0.000442953,-0.000784898,0.000151066,0.000442953,,,
1786043761927146796,1786043761.926646071,/novatel/oem7/inspva,/novatel/oem7/inspva,/novatel/oem7/inspva,39.663,-75.756,-1.801214331,0.001081346,0.000308624,0.000541830,-0.000935805,0.000308624,,novatel_oem7_msgs.msg.InertialSolutionStatus(status=3),
1786043761928410979,1786043761.926858043,/novatel/oem7/fix,/novatel/oem7/fix,/novatel/oem7/inspva,39.663,-75.756,-1.801214331,0.001081346,0.000308624,0.000541830,-0.000935805,0.000308624,,0,
1786043761929448062,1786043761.927289221,/novatel/oem7/odom,/novatel/oem7/fix,/novatel/oem7/odom,39.663,-75.756,-1.801214331,0.001081881,0.000306745,-0.000909123,0.000586483,0.000306745,,,
1786043761937158173,1786043761.935353185,/novatel/oem7/odom,/novatel/oem7/fix,/novatel/oem7/odom,39.663,-75.756,-1.801214331,0.001081881,0.000306745,-0.000909123,0.000586483,0.000306745,,,
1786043761945505399,1786043761.945197394,/novatel/oem7/inspva,/novatel/oem7/inspva,/novatel/oem7/inspva,39.663,-75.756,-1.801179164,0.000872145,0.000438875,0.000015400,-0.000872009,0.000438875,,novatel_oem7_msgs.msg.InertialSolutionStatus(status=3),
1786043761946113608,1786043761.945359345,/novatel/oem7/fix,/novatel/oem7/fix,/novatel/oem7/inspva,39.663,-75.756,-1.801179164,0.000872145,0.000438875,0.000015400,-0.000872009,0.000438875,,0,
1786043761946982208,1786043761.945854974,/novatel/oem7/odom,/novatel/oem7/fix,/novatel/oem7/odom,39.663,-75.756,-1.801179164,0.000873688,0.000435796,-0.000871812,0.000057223,0.000435796,,,
1786043761956166915,1786043761.955853891,/novatel/oem7/odom,/novatel/oem7/fix,/novatel/oem7/odom,39.663,-75.756,-1.801179164,0.000873688,0.000435796,-0.000871812,0.000057223,0.000435796,,,
1786043761965800849,1786043761.965450373,/novatel/oem7/inspva,/novatel/oem7/inspva,/novatel/oem7/inspva,39.663,-75.756,-1.801149420,0.000608559,0.000624159,-0.000054627,-0.000606102,0.000624159,,novatel_oem7_msgs.msg.InertialSolutionStatus(status=3),
1786043761966554134,1786043761.965598288,/novatel/oem7/fix,/novatel/oem7/fix,/novatel/oem7/inspva,39.663,-75.756,-1.801149420,0.000608559,0.000624159,-0.000054627,-0.000606102,0.000624159,,0,
1786043761967644739,1786043761.966338726,/novatel/oem7/odom,/novatel/oem7/fix,/novatel/oem7/odom,39.663,-75.756,-1.801149420,0.000610924,0.000621843,-0.000610359,-0.000026284,0.000621843,,,
1786043761975159018,1786043761.974691283,/novatel/oem7/odom,/novatel/oem7/fix,/novatel/oem7/odom,39.663,-75.756,-1.801149420,0.000610924,0.000621843,-0.000610359,-0.000026284,0.000621843,,,
1786043761986515331,1786043761.986253232,/novatel/oem7/inspva,/novatel/oem7/inspva,/novatel/oem7/inspva,39.663,-75.756,-1.801113424,0.000914667,0.000805148,-0.000424731,-0.000810074,0.000805148,,novatel_oem7_msgs.msg.InertialSolutionStatus(status=3),
1786043761987085244,1786043761.986402993,/novatel/oem7/fix,/novatel/oem7/fix,/novatel/oem7/inspva,39.663,-75.756,-1.801113424,0.000914667,0.000805148,-0.000424731,-0.000810074,0.000805148,,0,
1786043761987750578,1786043761.986921905,/novatel/oem7/odom,/novatel/oem7/fix,/novatel/oem7/odom,39.663,-75.756,-1.801113424,0.000918211,0.000801104,-0.000832973,-0.000386352,0.000801104,,,
1786043761994900277,1786043761.994592702,/novatel/oem7/odom,/novatel/oem7/fix,/novatel/oem7/odom,39.663,-75.756,-1.801113424,0.000918211,0.000801104,-0.000832973,-0.000386352,0.000801104,,,
1786043762008523901,1786043762.008246086,/novatel/oem7/inspva,/novatel/oem7/inspva,/novatel/oem7/inspva,39.663,-75.756,-1.801085814,0.000625179,0.000447966,-0.000316413,-0.000539195,0.000447966,,novatel_oem7_msgs.msg.InertialSolutionStatus(status=3),
1786043762009097382,1786043762.008396157,/novatel/oem7/fix,/novatel/oem7/fix,/novatel/oem7/inspva,39.663,-75.756,-1.801085814,0.000625179,0.000447966,-0.000316413,-0.000539195,0.000447966,,0,
1786043762009990626,1786043762.009668113,/novatel/oem7/odom,/novatel/oem7/fix,/novatel/oem7/odom,39.663,-75.756,-1.801085814,0.000627158,0.000445191,-0.000555772,-0.000290594,0.000445191,,,
1786043762017156498,1786043762.016812545,/novatel/oem7/odom,/novatel/oem7/fix,/novatel/oem7/odom,39.663,-75.756,-1.801085814,0.000627158,0.000445191,-0.000555772,-0.000290594,0.000445191,,,
1786043762025343135,1786043762.025043054,/novatel/oem7/bestpos,/novatel/oem7/bestpos,/novatel/oem7/odom,39.663,-75.756,33.181384548,0.000627158,0.000445191,-0.000555772,-0.000290594,0.000445191,,novatel_oem7_msgs.msg.SolutionStatus(status=0),novatel_oem7_msgs.msg.PositionOrVelocityType(type=53)
1786043762027025324,1786043762.026782498,/novatel/oem7/bestvel,/novatel/oem7/bestpos,/novatel/oem7/bestvel,39.663,-75.756,33.181384548,0.000967635,0.000725332,,,,231.865248434,novatel_oem7_msgs.msg.SolutionStatus(status=0),novatel_oem7_msgs.msg.PositionOrVelocityType(type=53)
1786043762027791769,1786043762.027471582,/novatel/oem7/inspva,/novatel/oem7/inspva,/novatel/oem7/inspva,39.663,-75.756,-1.801045554,0.001054175,0.000696813,-0.000507276,-0.000924098,0.000696813,,novatel_oem7_msgs.msg.InertialSolutionStatus(status=3),
1786043762028345707,1786043762.027613930,/novatel/oem7/fix,/novatel/oem7/fix,/novatel/oem7/inspva,39.663,-75.756,-1.801045554,0.001054175,0.000696813,-0.000507276,-0.000924098,0.000696813,,0,
1786043762028802503,1786043762.028038591,/novatel/oem7/odom,/novatel/oem7/fix,/novatel/oem7/odom,39.663,-75.756,-1.801045554,0.001057241,0.000692152,-0.000950525,-0.000462885,0.000692152,,,
1786043762035022832,1786043762.034716418,/novatel/oem7/odom,/novatel/oem7/fix,/novatel/oem7/odom,39.663,-75.756,-1.801045554,0.001057241,0.000692152,-0.000950525,-0.000462885,0.000692152,,,
1786043762047008003,1786043762.046737992,/novatel/oem7/inspva,/novatel/oem7/inspva,/novatel/oem7/inspva,39.663,-75.756,-1.801034447,0.000861809,0.000936269,-0.000067259,-0.000859180,0.000936269,,novatel_oem7_msgs.msg.InertialSolutionStatus(status=3),
1786043762047613071,1786043762.046889019,/novatel/oem7/fix,/novatel/oem7/fix,/novatel/oem7/inspva,39.663,-75.756,-1.801034447,0.000861809,0.000936269,-0.000067259,-0.000859180,0.000936269,,0,
1786043762048082810,1786043762.047267163,/novatel/oem7/odom,/novatel/oem7/fix,/novatel/oem7/odom,39.663,-75.756,-1.801034447,0.000865318,0.000933027,-0.000864890,-0.000027219,0.000933027,,,
1786043762056188558,1786043762.055862880,/novatel/oem7/odom,/novatel/oem7/fix,/novatel/oem7/odom,39.663,-75.756,-1.801034447,0.000865318,0.000933027,-0.000864890,-0.000027219,0.000933027,,,
1786043762065246324,1786043762.064988148,/novatel/oem7/inspva,/novatel/oem7/inspva,/novatel/oem7/inspva,39.663,-75.756,-1.801031712,0.001075060,0.000876231,-0.000407387,-0.000994882,0.000876231,,novatel_oem7_msgs.msg.InertialSolutionStatus(status=3),
1786043762065811482,1786043762.065143079,/novatel/oem7/fix,/novatel/oem7/fix,/novatel/oem7/inspva,39.663,-75.756,-1.801031712,0.001075060,0.000876231,-0.000407387,-0.000994882,0.000876231,,0,
1786043762066254946,1786043762.065604454,/novatel/oem7/odom,/novatel/oem7/fix,/novatel/oem7/odom,39.663,-75.756,-1.801031712,0.001078824,0.000871593,-0.001016955,-0.000360089,0.000871593,,,
1786043762076009255,1786043762.075585441,/novatel/oem7/odom,/novatel/oem7/fix,/novatel/oem7/odom,39.663,-75.756,-1.801031712,0.001078824,0.000871593,-0.001016955,-0.000360089,0.000871593,,,
1786043762085730799,1786043762.085469256,/novatel/oem7/inspva,/novatel/oem7/inspva,/novatel/oem7/inspva,39.663,-75.756,-1.801028415,0.000679099,0.000803542,-0.000048462,-0.000677368,0.000803542,,novatel_oem7_msgs.msg.InertialSolutionStatus(status=3),
1786043762086299363,1786043762.085627512,/novatel/oem7/fix,/novatel/oem7/fix,/novatel/oem7/inspva,39.663,-75.756,-1.801028415,0.000679099,0.000803542,-0.000048462,-0.000677368,0.000803542,,0,
1786043762086950704,1786043762.086233381,/novatel/oem7/odom,/novatel/oem7/fix,/novatel/oem7/odom,39.663,-75.756,-1.801028415,0.000682089,0.000801005,-0.000681876,-0.000017037,0.000801005,,,
1786043762095017846,1786043762.094711996,/novatel/oem7/odom,/novatel/oem7/fix,/novatel/oem7/odom,39.663,-75.756,-1.801028415,0.000682089,0.000801005,-0.000681876,-0.000017037,0.000801005,,,
1786043762106233136,1786043762.105971846,/novatel/oem7/inspva,/novatel/oem7/inspva,/novatel/oem7/inspva,39.663,-75.756,-1.801020752,0.000913615,0.001030406,-0.000196344,-0.000892268,0.001030406,,novatel_oem7_msgs.msg.InertialSolutionStatus(status=3),
1786043762106810972,1786043762.106151694,/novatel/oem7/fix,/novatel/oem7/fix,/novatel/oem7/inspva,39.663,-75.756,-1.801020752,0.000913615,0.001030406,-0.000196344,-0.000892268,0.001030406,,0,
1786043762107280389,1786043762.106538581,/novatel/oem7/odom,/novatel/oem7/fix,/novatel/oem7/odom,39.663,-75.756,-1.801020752,0.000917781,0.001026697,-0.000904645,-0.000154723,0.001026697,,,
1786043762109771607,1786043762.109487057,/novatel/oem7/bestpos,/novatel/oem7/bestpos,/novatel/oem7/odom,39.663,-75.756,33.181433514,0.000917781,0.001026697,-0.000904645,-0.000154723,0.001026697,,novatel_oem7_msgs.msg.SolutionStatus(status=0),novatel_oem7_msgs.msg.PositionOrVelocityType(type=53)
1786043762110375612,1786043762.110134774,/novatel/oem7/bestvel,/novatel/oem7/bestpos,/novatel/oem7/bestvel,39.663,-75.756,33.181433514,0.000826986,0.001074341,,,,205.626042745,novatel_oem7_msgs.msg.SolutionStatus(status=0),novatel_oem7_msgs.msg.PositionOrVelocityType(type=53)
1786043762115119897,1786043762.114813217,/novatel/oem7/odom,/novatel/oem7/bestpos,/novatel/oem7/odom,39.663,-75.756,33.181433514,0.000917781,0.001026697,-0.000904645,-0.000154723,0.001026697,,,
1786043762125550221,1786043762.125290766,/novatel/oem7/inspva,/novatel/oem7/inspva,/novatel/oem7/inspva,39.663,-75.756,-1.801018344,0.000876726,0.000829375,0.000226292,-0.000847019,0.000829375,,novatel_oem7_msgs.msg.InertialSolutionStatus(status=3),
1786043762126104350,1786043762.125469101,/novatel/oem7/fix,/novatel/oem7/fix,/novatel/oem7/inspva,39.663,-75.756,-1.801018344,0.000876726,0.000829375,0.000226292,-0.000847019,0.000829375,,0,
1786043762126748241,1786043762.126097291,/novatel/oem7/odom,/novatel/oem7/fix,/novatel/oem7/odom,39.663,-75.756,-1.801018344,0.000878999,0.000826966,-0.000837894,0.000265657,0.000826966,,,
1786043762136376844,1786043762.135603956,/novatel/oem7/odom,/novatel/oem7/fix,/novatel/oem7/odom,39.663,-75.756,-1.801018344,0.000878999,0.000826966,-0.000837894,0.000265657,0.000826966,,,
1786043762145838305,1786043762.145342450,/novatel/oem7/inspva,/novatel/oem7/inspva,/novatel/oem7/inspva,39.663,-75.756,-1.801011845,0.000976068,0.000745019,-0.000115159,-0.000969251,0.000745019,,novatel_oem7_msgs.msg.InertialSolutionStatus(status=3),
1786043762147175865,1786043762.145532118,/novatel/oem7/fix,/novatel/oem7/fix,/novatel/oem7/inspva,39.663,-75.756,-1.801011845,0.000976068,0.000745019,-0.000115159,-0.000969251,0.000745019,,0,
1786043762147670074,1786043762.145980847,/novatel/oem7/odom,/novatel/oem7/fix,/novatel/oem7/odom,39.663,-75.756,-1.801011845,0.000978923,0.000741263,-0.000976478,-0.000069143,0.000741263,,,
1786043762156319077,1786043762.155666164,/novatel/oem7/odom,/novatel/oem7/fix,/novatel/oem7/odom,39.663,-75.756,-1.801011845,0.000978923,0.000741263,-0.000976478,-0.000069143,0.000741263,,,
1786043762166865566,1786043762.166598867,/novatel/oem7/inspva,/novatel/oem7/inspva,/novatel/oem7/inspva,39.663,-75.756,-1.801001928,0.001100349,0.001278238,0.000453198,-0.001002686,0.001278238,,novatel_oem7_msgs.msg.InertialSolutionStatus(status=3),
1786043762167501633,1786043762.166742905,/novatel/oem7/fix,/novatel/oem7/fix,/novatel/oem7/inspva,39.663,-75.756,-1.801001928,0.001100349,0.001278238,0.000453198,-0.001002686,0.001278238,,0,
1786043762167949663,1786043762.167221766,/novatel/oem7/odom,/novatel/oem7/fix,/novatel/oem7/odom,39.663,-75.756,-1.801001928,0.001103097,0.001275868,-0.000983862,0.000498836,0.001275868,,,
1786043762175959165,1786043762.175567713,/novatel/oem7/odom,/novatel/oem7/fix,/novatel/oem7/odom,39.663,-75.756,-1.801001928,0.001103097,0.001275868,-0.000983862,0.000498836,0.001275868,,,
1786043762185265723,1786043762.185008198,/novatel/oem7/inspva,/novatel/oem7/inspva,/novatel/oem7/inspva,39.663,-75.756,-1.800998990,0.001091494,0.000977440,0.000006050,-0.001091477,0.000977440,,novatel_oem7_msgs.msg.InertialSolutionStatus(status=3),
1786043762185835394,1786043762.185144419,/novatel/oem7/fix,/novatel/oem7/fix,/novatel/oem7/inspva,39.663,-75.756,-1.800998990,0.001091494,0.000977440,0.000006050,-0.001091477,0.000977440,,0,
1786043762186284526,1786043762.185564857,/novatel/oem7/odom,/novatel/oem7/fix,/novatel/oem7/odom,39.663,-75.756,-1.800998990,0.001094957,0.000973559,-0.001093454,0.000057349,0.000973559,,,
1786043762195810718,1786043762.195466179,/novatel/oem7/odom,/novatel/oem7/fix,/novatel/oem7/odom,39.663,-75.756,-1.800998990,0.001094957,0.000973559,-0.001093454,0.000057349,0.000973559,,,
1786043762206821908,1786043762.206554310,/novatel/oem7/inspva,/novatel/oem7/inspva,/novatel/oem7/inspva,39.663,-75.756,-1.800993199,0.000962120,0.001089841,0.000131429,-0.000953101,0.001089841,,novatel_oem7_msgs.msg.InertialSolutionStatus(status=3),
1786043762207899631,1786043762.206690495,/novatel/oem7/fix,/novatel/oem7/fix,/novatel/oem7/inspva,39.663,-75.756,-1.800993199,0.000962120,0.001089841,0.000131429,-0.000953101,0.001089841,,0,
1786043762208946014,1786043762.207129696,/novatel/oem7/odom,/novatel/oem7/fix,/novatel/oem7/odom,39.663,-75.756,-1.800993199,0.000965566,0.001086789,-0.000949485,0.000175487,0.001086789,,,
1786043762210765748,1786043762.210476306,/novatel/oem7/bestpos,/novatel/oem7/bestpos,/novatel/oem7/odom,39.663,-75.756,33.181464238,0.000965566,0.001086789,-0.000949485,0.000175487,0.001086789,,novatel_oem7_msgs.msg.SolutionStatus(status=0),novatel_oem7_msgs.msg.PositionOrVelocityType(type=53)
1786043762211377254,1786043762.210893344,/novatel/oem7/bestvel,/novatel/oem7/bestpos,/novatel/oem7/bestvel,39.663,-75.756,33.181464238,0.000900443,0.001167344,,,,266.820633902,novatel_oem7_msgs.msg.SolutionStatus(status=0),novatel_oem7_msgs.msg.PositionOrVelocityType(type=53)
1786043762215501257,1786043762.214834467,/novatel/oem7/odom,/novatel/oem7/bestpos,/novatel/oem7/odom,39.663,-75.756,33.181464238,0.000965566,0.001086789,-0.000949485,0.000175487,0.001086789,,,
1786043762226351075,1786043762.226054863,/novatel/oem7/inspva,/novatel/oem7/inspva,/novatel/oem7/inspva,39.663,-75.756,-1.800989641,0.001389151,0.000897772,0.000034582,-0.001388721,0.000897772,,novatel_oem7_msgs.msg.InertialSolutionStatus(status=3),
1786043762226964210,1786043762.226193351,/novatel/oem7/fix,/novatel/oem7/fix,/novatel/oem7/inspva,39.663,-75.756,-1.800989641,0.001389151,0.000897772,0.000034582,-0.001388721,0.000897772,,0,
1786043762227726826,1786043762.226666822,/novatel/oem7/odom,/novatel/oem7/fix,/novatel/oem7/odom,39.663,-75.756,-1.800989641,0.001392279,0.000892913,-0.001388634,0.000100689,0.000892913,,,
1786043762235274276,1786043762.234629272,/novatel/oem7/odom,/novatel/oem7/fix,/novatel/oem7/odom,39.663,-75.756,-1.800989641,0.001392279,0.000892913,-0.001388634,0.000100689,0.000892913,,,
1786043762245655485,1786043762.245318086,/novatel/oem7/inspva,/novatel/oem7/inspva,/novatel/oem7/inspva,39.663,-75.756,-1.800983213,0.001233127,0.001016281,0.000161669,-0.001222483,0.001016281,,novatel_oem7_msgs.msg.InertialSolutionStatus(status=3),
1786043762246602679,1786043762.245501361,/novatel/oem7/fix,/novatel/oem7/fix,/novatel/oem7/inspva,39.663,-75.756,-1.800983213,0.001233127,0.001016281,0.000161669,-0.001222483,0.001016281,,0,
1786043762247444792,1786043762.246034380,/novatel/oem7/odom,/novatel/oem7/fix,/novatel/oem7/odom,39.663,-75.756,-1.800983213,0.001236346,0.001012363,-0.001216775,0.000219110,0.001012363,,,
1786043762256736478,1786043762.256366777,/novatel/oem7/odom,/novatel/oem7/fix,/novatel/oem7/odom,39.663,-75.756,-1.800983213,0.001236346,0.001012363,-0.001216775,0.000219110,0.001012363,,,
1786043762266498945,1786043762.265940656,/novatel/oem7/inspva,/novatel/oem7/inspva,/novatel/oem7/inspva,39.663,-75.756,-1.800979945,0.001433154,0.000947917,0.000005825,-0.001433142,0.000947917,,novatel_oem7_msgs.msg.InertialSolutionStatus(status=3),
1786043762267771702,1786043762.266120954,/novatel/oem7/fix,/novatel/oem7/fix,/novatel/oem7/inspva,39.663,-75.756,-1.800979945,0.001433154,0.000947917,0.000005825,-0.001433142,0.000947917,,0,
1786043762268273212,1786043762.266588139,/novatel/oem7/odom,/novatel/oem7/fix,/novatel/oem7/odom,39.663,-75.756,-1.800979945,0.001436517,0.000942812,-0.001434610,0.000073991,0.000942812,,,
1786043762274803578,1786043762.274377604,/novatel/oem7/odom,/novatel/oem7/fix,/novatel/oem7/odom,39.663,-75.756,-1.800979945,0.001436517,0.000942812,-0.001434610,0.000073991,0.000942812,,,
1786043762285311946,1786043762.285023087,/novatel/oem7/inspva,/novatel/oem7/inspva,/novatel/oem7/inspva,39.663,-75.756,-1.800975729,0.001671342,0.000778795,0.000279603,-0.001647788,0.000778795,,novatel_oem7_msgs.msg.InertialSolutionStatus(status=3),
1786043762285954109,1786043762.285160675,/novatel/oem7/fix,/novatel/oem7/fix,/novatel/oem7/inspva,39.663,-75.756,-1.800975729,0.001671342,0.000778795,0.000279603,-0.001647788,0.000778795,,0,
1786043762286476525,1786043762.285619933,/novatel/oem7/odom,/novatel/oem7/fix,/novatel/oem7/odom,39.663,-75.756,-1.800975729,0.001673727,0.000773656,-0.001634896,0.000358438,0.000773656,,,
1786043762295887716,1786043762.295396385,/novatel/oem7/odom,/novatel/oem7/fix,/novatel/oem7/odom,39.663,-75.756,-1.800975729,0.001673727,0.000773656,-0.001634896,0.000358438,0.000773656,,,
1786043762306525164,1786043762.306098265,/novatel/oem7/inspva,/novatel/oem7/inspva,/novatel/oem7/inspva,39.663,-75.756,-1.800970676,0.001962007,0.000964325,0.000340510,-0.001932233,0.000964325,,novatel_oem7_msgs.msg.InertialSolutionStatus(status=3),
1786043762307163528,1786043762.306236683,/novatel/oem7/fix,/novatel/oem7/fix,/novatel/oem7/inspva,39.663,-75.756,-1.800970676,0.001962007,0.000964325,0.000340510,-0.001932233,0.000964325,,0,
1786043762307690136,1786043762.306736245,/novatel/oem7/odom,/novatel/oem7/fix,/novatel/oem7/odom,39.663,-75.756,-1.800970676,0.001964938,0.000958338,-0.001916679,0.000432808,0.000958338,,,
1786043762309727508,1786043762.309354668,/novatel/oem7/bestpos,/novatel/oem7/bestpos,/novatel/oem7/odom,39.663,-75.756,33.181483822,0.001964938,0.000958338,-0.001916679,0.000432808,0.000958338,,novatel_oem7_msgs.msg.SolutionStatus(status=0),novatel_oem7_msgs.msg.PositionOrVelocityType(type=53)
1786043762310382560,1786043762.309807452,/novatel/oem7/bestvel,/novatel/oem7/bestpos,/novatel/oem7/bestvel,39.663,-75.756,33.181483822,0.001826674,0.001204800,,,,264.515004031,novatel_oem7_msgs.msg.SolutionStatus(status=0),novatel_oem7_msgs.msg.PositionOrVelocityType(type=53)
1786043762314798296,1786043762.314383708,/novatel/oem7/odom,/novatel/oem7/bestpos,/novatel/oem7/odom,39.663,-75.756,33.181483822,0.001964938,0.000958338,-0.001916679,0.000432808,0.000958338,,,
1786043762326810842,1786043762.326513820,/novatel/oem7/inspva,/novatel/oem7/inspva,/novatel/oem7/inspva,39.663,-75.756,-1.800969849,0.001480770,0.000686235,0.000179009,-0.001469910,0.000686235,,novatel_oem7_msgs.msg.InertialSolutionStatus(status=3),
1786043762327542668,1786043762.326691475,/novatel/oem7/fix,/novatel/oem7/fix,/novatel/oem7/inspva,39.663,-75.756,-1.800969849,0.001480770,0.000686235,0.000179009,-0.001469910,0.000686235,,0,
1786043762328074477,1786043762.327147529,/novatel/oem7/odom,/novatel/oem7/fix,/novatel/oem7/odom,39.663,-75.756,-1.800969849,0.001482970,0.000681469,-0.001461844,0.000249421,0.000681469,,,
1786043762335135798,1786043762.334641151,/novatel/oem7/odom,/novatel/oem7/fix,/novatel/oem7/odom,39.663,-75.756,-1.800969849,0.001482970,0.000681469,-0.001461844,0.000249421,0.000681469,,,
1786043762345303770,1786043762.344997558,/novatel/oem7/inspva,/novatel/oem7/inspva,/novatel/oem7/inspva,39.663,-75.756,-1.800965918,0.001675826,0.000815497,0.000344123,-0.001640114,0.000815497,,novatel_oem7_msgs.msg.InertialSolutionStatus(status=3),
1786043762345988537,1786043762.345157787,/novatel/oem7/fix,/novatel/oem7/fix,/novatel/oem7/inspva,39.663,-75.756,-1.800965918,0.001675826,0.000815497,0.000344123,-0.001640114,0.000815497,,0,
1786043762346757256,1786043762.345745393,/novatel/oem7/odom,/novatel/oem7/fix,/novatel/oem7/odom,39.663,-75.756,-1.800965918,0.001678229,0.000810541,-0.001624205,0.000422387,0.000810541,,,
1786043762356299380,1786043762.355920022,/novatel/oem7/odom,/novatel/oem7/fix,/novatel/oem7/odom,39.663,-75.756,-1.800965918,0.001678229,0.000810541,-0.001624205,0.000422387,0.000810541,,,
1786043762365662092,1786043762.365223858,/novatel/oem7/inspva,/novatel/oem7/inspva,/novatel/oem7/inspva,39.663,-75.756,-1.800965353,0.001773297,0.000463293,-0.000208262,-0.001761025,0.000463293,,novatel_oem7_msgs.msg.InertialSolutionStatus(status=3),
1786043762366263858,1786043762.365384979,/novatel/oem7/fix,/novatel/oem7/fix,/novatel/oem7/inspva,39.663,-75.756,-1.800965353,0.001773297,0.000463293,-0.000208262,-0.001761025,0.000463293,,0,
1786043762366755109,1786043762.365971709,/novatel/oem7/odom,/novatel/oem7/fix,/novatel/oem7/odom,39.663,-75.756,-1.800965353,0.001775073,0.000456441,-0.001770842,-0.000122485,0.000456441,,,
1786043762375380105,1786043762.375025736,/novatel/oem7/odom,/novatel/oem7/fix,/novatel/oem7/odom,39.663,-75.756,-1.800965353,0.001775073,0.000456441,-0.001770842,-0.000122485,0.000456441,,,
1786043762386438694,1786043762.386075504,/novatel/oem7/inspva,/novatel/oem7/inspva,/novatel/oem7/inspva,39.663,-75.756,-1.800958870,0.001602822,0.000810928,0.000191616,-0.001591327,0.000810928,,novatel_oem7_msgs.msg.InertialSolutionStatus(status=3),
1786043762387060425,1786043762.386226865,/novatel/oem7/fix,/novatel/oem7/fix,/novatel/oem7/inspva,39.663,-75.756,-1.800958870,0.001602822,0.000810928,0.000191616,-0.001591327,0.000810928,,0,
1786043762387614676,1786043762.386615425,/novatel/oem7/odom,/novatel/oem7/fix,/novatel/oem7/odom,39.663,-75.756,-1.800958870,0.001605432,0.000805749,-0.001582960,0.000267674,0.000805749,,,
1786043762394837009,1786043762.394446781,/novatel/oem7/odom,/novatel/oem7/fix,/novatel/oem7/odom,39.663,-75.756,-1.800958870,0.001605432,0.000805749,-0.001582960,0.000267674,0.000805749,,,
1786043762406707148,1786043762.406434848,/novatel/oem7/inspva,/novatel/oem7/inspva,/novatel/oem7/inspva,39.663,-75.756,-1.800954551,0.001964022,0.000892497,0.000178412,-0.001955902,0.000892497,,novatel_oem7_msgs.msg.InertialSolutionStatus(status=3),
1786043762407339625,1786043762.406590463,/novatel/oem7/fix,/novatel/oem7/fix,/novatel/oem7/inspva,39.663,-75.756,-1.800954551,0.001964022,0.000892497,0.000178412,-0.001955902,0.000892497,,0,
1786043762407825936,1786043762.407076837,/novatel/oem7/odom,/novatel/oem7/fix,/novatel/oem7/odom,39.663,-75.756,-1.800954551,0.001966979,0.000885961,-0.001948051,0.000272219,0.000885961,,,
1786043762410547470,1786043762.410228176,/novatel/oem7/bestpos,/novatel/oem7/bestpos,/novatel/oem7/odom,39.663,-75.756,33.181496629,0.001966979,0.000885961,-0.001948051,0.000272219,0.000885961,,novatel_oem7_msgs.msg.SolutionStatus(status=0),novatel_oem7_msgs.msg.PositionOrVelocityType(type=53)
1786043762411181203,1786043762.410691944,/novatel/oem7/bestvel,/novatel/oem7/bestpos,/novatel/oem7/bestvel,39.663,-75.756,33.181496629,0.001706827,0.000708305,,,,278.681372059,novatel_oem7_msgs.msg.SolutionStatus(status=0),novatel_oem7_msgs.msg.PositionOrVelocityType(type=53)
1786043762416089769,1786043762.415708757,/novatel/oem7/odom,/novatel/oem7/bestpos,/novatel/oem7/odom,39.663,-75.756,33.181496629,0.001966979,0.000885961,-0.001948051,0.000272219,0.000885961,,,
1786043762425356658,1786043762.425075388,/novatel/oem7/inspva,/novatel/oem7/inspva,/novatel/oem7/inspva,39.663,-75.756,-1.800952148,0.001771071,0.000490225,0.000228278,-0.001756297,0.000490225,,novatel_oem7_msgs.msg.InertialSolutionStatus(status=3),
1786043762425958725,1786043762.425234290,/novatel/oem7/fix,/novatel/oem7/fix,/novatel/oem7/inspva,39.663,-75.756,-1.800952148,0.001771071,0.000490225,0.000228278,-0.001756297,0.000490225,,0,
1786043762426638811,1786043762.425736101,/novatel/oem7/odom,/novatel/oem7/fix,/novatel/oem7/odom,39.663,-75.756,-1.800952148,0.001772636,0.000484533,-0.001744748,0.000313202,0.000484533,,,
1786043762434989670,1786043762.434529603,/novatel/oem7/odom,/novatel/oem7/fix,/novatel/oem7/odom,39.663,-75.756,-1.800952148,0.001772636,0.000484533,-0.001744748,0.000313202,0.000484533,,,
1786043762446964098,1786043762.446565663,/novatel/oem7/inspva,/novatel/oem7/inspva,/novatel/oem7/inspva,39.663,-75.756,-1.800943472,0.001783197,0.000884191,0.000185926,-0.001773477,0.000884191,,novatel_oem7_msgs.msg.InertialSolutionStatus(status=3),
1786043762447611777,1786043762.446732772,/novatel/oem7/fix,/novatel/oem7/fix,/novatel/oem7/inspva,39.663,-75.756,-1.800943472,0.001783197,0.000884191,0.000185926,-0.001773477,0.000884191,,0,
1786043762448095978,1786043762.447111276,/novatel/oem7/odom,/novatel/oem7/fix,/novatel/oem7/odom,39.663,-75.756,-1.800943472,0.001786078,0.000878355,-0.001765434,0.000270774,0.000878355,,,
1786043762456876941,1786043762.456502196,/novatel/oem7/odom,/novatel/oem7/fix,/novatel/oem7/odom,39.663,-75.756,-1.800943472,0.001786078,0.000878355,-0.001765434,0.000270774,0.000878355,,,
1786043762465373338,1786043762.465079316,/novatel/oem7/inspva,/novatel/oem7/inspva,/novatel/oem7/inspva,39.663,-75.756,-1.800940813,0.001507856,0.000602441,0.000495061,-0.001424270,0.000602441,,novatel_oem7_msgs.msg.InertialSolutionStatus(status=3),
1786043762466007978,1786043762.465241211,/novatel/oem7/fix,/novatel/oem7/fix,/novatel/oem7/inspva,39.663,-75.756,-1.800940813,0.001507856,0.000602441,0.000495061,-0.001424270,0.000602441,,0,
1786043762466526515,1786043762.465741596,/novatel/oem7/odom,/novatel/oem7/fix,/novatel/oem7/odom,39.663,-75.756,-1.800940813,0.001509352,0.000598685,-0.001400403,0.000563040,0.000598685,,,
1786043762474977628,1786043762.474606358,/novatel/oem7/odom,/novatel/oem7/fix,/novatel/oem7/odom,39.663,-75.756,-1.800940813,0.001509352,0.000598685,-0.001400403,0.000563040,0.000598685,,,
1786043762485429954,1786043762.485125230,/novatel/oem7/inspva,/novatel/oem7/inspva,/novatel/oem7/inspva,39.663,-75.756,-1.800934012,0.001679095,0.000705422,0.000052215,-0.001678283,0.000705422,,novatel_oem7_msgs.msg.InertialSolutionStatus(status=3),
1786043762486046966,1786043762.485280658,/novatel/oem7/fix,/novatel/oem7/fix,/novatel/oem7/inspva,39.663,-75.756,-1.800934012,0.001679095,0.000705422,0.000052215,-0.001678283,0.000705422,,0,
1786043762486744216,1786043762.485868631,/novatel/oem7/odom,/novatel/oem7/fix,/novatel/oem7/odom,39.663,-75.756,-1.800934012,0.001681546,0.000699559,-0.001676280,0.000132977,0.000699559,,,
1786043762495412295,1786043762.495054836,/novatel/oem7/odom,/novatel/oem7/fix,/novatel/oem7/odom,39.663,-75.756,-1.800934012,0.001681546,0.000699559,-0.001676280,0.000132977,0.000699559,,,
1786043762506409170,1786043762.505971566,/novatel/oem7/inspva,/novatel/oem7/inspva,/novatel/oem7/inspva,39.663,-75.756,-1.800928833,0.001607901,0.000647995,0.000425903,-0.001550469,0.000647995,,novatel_oem7_msgs.msg.InertialSolutionStatus(status=3),
1786043762507051593,1786043762.506122251,/novatel/oem7/fix,/novatel/oem7/fix,/novatel/oem7/inspva,39.663,-75.756,-1.800928833,0.001607901,0.000647995,0.000425903,-0.001550469,0.000647995,,0,
1786043762507588598,1786043762.506503381,/novatel/oem7/odom,/novatel/oem7/fix,/novatel/oem7/odom,39.663,-75.756,-1.800928833,0.001609669,0.000643591,-0.001530025,0.000500059,0.000643591,,,
1786043762511799192,1786043762.511269735,/novatel/oem7/bestpos,/novatel/oem7/bestpos,/novatel/oem7/odom,39.663,-75.756,33.181516683,0.001609669,0.000643591,-0.001530025,0.000500059,0.000643591,,novatel_oem7_msgs.msg.SolutionStatus(status=0),novatel_oem7_msgs.msg.PositionOrVelocityType(type=53)
1786043762512631335,1786043762.511667693,/novatel/oem7/bestvel,/novatel/oem7/bestpos,/novatel/oem7/bestvel,39.663,-75.756,33.181516683,0.001715818,0.000626301,,,,288.140290946,novatel_oem7_msgs.msg.SolutionStatus(status=0),novatel_oem7_msgs.msg.PositionOrVelocityType(type=53)
1786043762515007761,1786043762.514410467,/novatel/oem7/odom,/novatel/oem7/bestpos,/novatel/oem7/odom,39.663,-75.756,33.181516683,0.001609669,0.000643591,-0.001530025,0.000500059,0.000643591,,,
1786043762525561579,1786043762.525129274,/novatel/oem7/inspva,/novatel/oem7/inspva,/novatel/oem7/inspva,39.663,-75.756,-1.800920838,0.001788484,0.000690141,0.000420576,-0.001738330,0.000690141,,novatel_oem7_msgs.msg.InertialSolutionStatus(status=3),
1786043762526212685,1786043762.525295716,/novatel/oem7/fix,/novatel/oem7/fix,/novatel/oem7/inspva,39.663,-75.756,-1.800920838,0.001788484,0.000690141,0.000420576,-0.001738330,0.000690141,,0,
1786043762526746279,1786043762.525821688,/novatel/oem7/odom,/novatel/oem7/fix,/novatel/oem7/odom,39.663,-75.756,-1.800920838,0.001790444,0.000685040,-0.001718078,0.000503885,0.000685040,,,
1786043762535911517,1786043762.535395754,/novatel/oem7/odom,/novatel/oem7/fix,/novatel/oem7/odom,39.663,-75.756,-1.800920838,0.001790444,0.000685040,-0.001718078,0.000503885,0.000685040,,,
1786043762545224706,1786043762.544918103,/novatel/oem7/inspva,/novatel/oem7/inspva,/novatel/oem7/inspva,39.663,-75.756,-1.800911676,0.001830442,0.000759382,0.000840999,-0.001625804,0.000759382,,novatel_oem7_msgs.msg.InertialSolutionStatus(status=3),
1786043762545891656,1786043762.545066781,/novatel/oem7/fix,/novatel/oem7/fix,/novatel/oem7/inspva,39.663,-75.756,-1.800911676,0.001830442,0.000759382,0.000840999,-0.001625804,0.000759382,,0,
1786043762546416746,1786043762.545508192,/novatel/oem7/odom,/novatel/oem7/fix,/novatel/oem7/odom,39.663,-75.756,-1.800911676,0.001831911,0.000755832,-0.001585247,0.000918090,0.000755832,,,
1786043762556041218,1786043762.555631497,/novatel/oem7/odom,/novatel/oem7/fix,/novatel/oem7/odom,39.663,-75.756,-1.800911676,0.001831911,0.000755832,-0.001585247,0.000918090,0.000755832,,,
1786043762566852736,1786043762.566540503,/novatel/oem7/inspva,/novatel/oem7/inspva,/novatel/oem7/inspva,39.663,-75.756,-1.800900608,0.001761358,0.000729502,0.000465474,-0.001698739,0.000729502,,novatel_oem7_msgs.msg.InertialSolutionStatus(status=3),
1786043762567543699,1786043762.566698001,/novatel/oem7/fix,/novatel/oem7/fix,/novatel/oem7/inspva,39.663,-75.756,-1.800900608,0.001761358,0.000729502,0.000465474,-0.001698739,0.000729502,,0,
1786043762568081740,1786043762.567153486,/novatel/oem7/odom,/novatel/oem7/fix,/novatel/oem7/odom,39.663,-75.756,-1.800900608,0.001763355,0.000724660,-0.001676469,0.000546694,0.000724660,,,
1786043762575081041,1786043762.574702575,/novatel/oem7/odom,/novatel/oem7/fix,/novatel/oem7/odom,39.663,-75.756,-1.800900608,0.001763355,0.000724660,-0.001676469,0.000546694,0.000724660,,,
1786043762585507831,1786043762.585197426,/novatel/oem7/inspva,/novatel/oem7/inspva,/novatel/oem7/inspva,39.663,-75.756,-1.800888173,0.002073912,0.000801375,0.000932827,-0.001852280,0.000801375,,novatel_oem7_msgs.msg.InertialSolutionStatus(status=3),
1786043762586110236,1786043762.585347492,/novatel/oem7/fix,/novatel/oem7/fix,/novatel/oem7/inspva,39.663,-75.756,-1.800888173,0.002073912,0.000801375,0.000932827,-0.001852280,0.000801375,,0,
1786043762586600403,1786043762.585784156,/novatel/oem7/odom,/novatel/oem7/fix,/novatel/oem7/odom,39.663,-75.756,-1.800888173,0.002075495,0.000797265,-0.001807078,0.001020857,0.000797265,,,
1786043762595037623,1786043762.594696378,/novatel/oem7/odom,/novatel/oem7/fix,/novatel/oem7/odom,39.663,-75.756,-1.800888173,0.002075495,0.000797265,-0.001807078,0.001020857,0.000797265,,,
1786043762606603435,1786043762.606309778,/novatel/oem7/inspva,/novatel/oem7/inspva,/novatel/oem7/inspva,39.663,-75.756,-1.800876033,0.001650381,0.000955661,0.000394197,-0.001602612,0.000955661,,novatel_oem7_msgs.msg.InertialSolutionStatus(status=3),
1786043762607239111,1786043762.606463660,/novatel/oem7/fix,/novatel/oem7/fix,/novatel/oem7/inspva,39.663,-75.756,-1.800876033,0.001650381,0.000955661,0.000394197,-0.001602612,0.000955661,,0,
1786043762607950932,1786043762.607087353,/novatel/oem7/odom,/novatel/oem7/fix,/novatel/oem7/odom,39.663,-75.756,-1.800876033,0.001653087,0.000950974,-0.001584807,0.000470193,0.000950974,,,
1786043762610523195,1786043762.610192931,/novatel/oem7/bestpos,/novatel/oem7/bestpos,/novatel/oem7/odom,39.663,-75.756,33.181560756,0.001653087,0.000950974,-0.001584807,0.000470193,0.000950974,,novatel_oem7_msgs.msg.SolutionStatus(status=0),novatel_oem7_msgs.msg.PositionOrVelocityType(type=53)
1786043762611178039,1786043762.610731039,/novatel/oem7/bestvel,/novatel/oem7/bestpos,/novatel/oem7/bestvel,39.663,-75.756,33.181560756,0.001655121,0.000822657,,,,290.424467746,novatel_oem7_msgs.msg.SolutionStatus(status=0),novatel_oem7_msgs.msg.PositionOrVelocityType(type=53)
1786043762615336297,1786043762.614966392,/novatel/oem7/odom,/novatel/oem7/bestpos,/novatel/oem7/odom,39.663,-75.756,33.181560756,0.001653087,0.000950974,-0.001584807,0.000470193,0.000950974,,,
1786043762626637691,1786043762.626144561,/novatel/oem7/inspva,/novatel/oem7/inspva,/novatel/oem7/inspva,39.663,-75.756,-1.800864298,0.001743780,0.000962194,0.000643137,-0.001620847,0.000962194,,novatel_oem7_msgs.msg.InertialSolutionStatus(status=3),
1786043762627291827,1786043762.626294669,/novatel/oem7/fix,/novatel/oem7/fix,/novatel/oem7/inspva,39.663,-75.756,-1.800864298,0.001743780,0.000962194,0.000643137,-0.001620847,0.000962194,,0,
1786043762627809216,1786043762.626693069,/novatel/oem7/odom,/novatel/oem7/fix,/novatel/oem7/odom,39.663,-75.756,-1.800864298,0.001746031,0.000958103,-0.001590799,0.000719711,0.000958103,,,
1786043762634822794,1786043762.634444360,/novatel/oem7/odom,/novatel/oem7/fix,/novatel/oem7/odom,39.663,-75.756,-1.800864298,0.001746031,0.000958103,-0.001590799,0.000719711,0.000958103,,,
1786043762645628521,1786043762.645228172,/novatel/oem7/inspva,/novatel/oem7/inspva,/novatel/oem7/inspva,39.663,-75.756,-1.800852842,0.001869051,0.000578576,0.000704090,-0.001731360,0.000578576,,novatel_oem7_msgs.msg.InertialSolutionStatus(status=3),
1786043762646282260,1786043762.645373433,/novatel/oem7/fix,/novatel/oem7/fix,/novatel/oem7/inspva,39.663,-75.756,-1.800852842,0.001869051,0.000578576,0.000704090,-0.001731360,0.000578576,,0,
1786043762647041778,1786043762.646085971,/novatel/oem7/odom,/novatel/oem7/fix,/novatel/oem7/odom,39.663,-75.756,-1.800852842,0.001870377,0.000574274,-0.001696758,0.000786970,0.000574274,,,
1786043762656965240,1786043762.656573909,/novatel/oem7/odom,/novatel/oem7/fix,/novatel/oem7/odom,39.663,-75.756,-1.800852842,0.001870377,0.000574274,-0.001696758,0.000786970,0.000574274,,,
1786043762665250709,1786043762.664941830,/novatel/oem7/inspva,/novatel/oem7/inspva,/novatel/oem7/inspva,39.663,-75.756,-1.800838070,0.001989872,0.000936156,0.000735599,-0.001848915,0.000936156,,novatel_oem7_msgs.msg.InertialSolutionStatus(status=3),
1786043762665924696,1786043762.665099597,/novatel/oem7/fix,/novatel/oem7/fix,/novatel/oem7/inspva,39.663,-75.756,-1.800838070,0.001989872,0.000936156,0.000735599,-0.001848915,0.000936156,,0,
1786043762666472127,1786043762.665583602,/novatel/oem7/odom,/novatel/oem7/fix,/novatel/oem7/odom,39.663,-75.756,-1.800838070,0.001992051,0.000931511,-0.001813942,0.000823335,0.000931511,,,
1786043762675323504,1786043762.674522662,/novatel/oem7/odom,/novatel/oem7/fix,/novatel/oem7/odom,39.663,-75.756,-1.800838070,0.001992051,0.000931511,-0.001813942,0.000823335,0.000931511,,,
1786043762687228326,1786043762.686501672,/novatel/oem7/inspva,/novatel/oem7/inspva,/novatel/oem7/inspva,39.663,-75.756,-1.800829096,0.002111428,0.000694526,0.000874213,-0.001921947,0.000694526,,novatel_oem7_msgs.msg.InertialSolutionStatus(status=3),
1786043762688621497,1786043762.686652057,/novatel/oem7/fix,/novatel/oem7/fix,/novatel/oem7/inspva,39.663,-75.756,-1.800829096,0.002111428,0.000694526,0.000874213,-0.001921947,0.000694526,,0,
1786043762689711564,1786043762.686998341,/novatel/oem7/odom,/novatel/oem7/fix,/novatel/oem7/odom,39.663,-75.756,-1.800829096,0.002112921,0.000689969,-0.001879179,0.000965984,0.000689969,,,
1786043762695757262,1786043762.694981834,/novatel/oem7/odom,/novatel/oem7/fix,/novatel/oem7/odom,39.663,-75.756,-1.800829096,0.002112921,0.000689969,-0.001879179,0.000965984,0.000689969,,,
1786043762706369188,1786043762.705699091,/novatel/oem7/inspva,/novatel/oem7/inspva,/novatel/oem7/inspva,39.663,-75.756,-1.800818035,0.002033059,0.000798342,0.000707341,-0.001906043,0.000798342,,novatel_oem7_msgs.msg.InertialSolutionStatus(status=3),
1786043762707829736,1786043762.705842326,/novatel/oem7/fix,/novatel/oem7/fix,/novatel/oem7/inspva,39.663,-75.756,-1.800818035,0.002033059,0.000798342,0.000707341,-0.001906043,0.000798342,,0,
1786043762708921104,1786043762.706408439,/novatel/oem7/odom,/novatel/oem7/fix,/novatel/oem7/odom,39.663,-75.756,-1.800818035,0.002034996,0.000793391,-0.001871889,0.000798275,0.000793391,,,
1786043762710604294,1786043762.709063335,/novatel/oem7/bestpos,/novatel/oem7/bestpos,/novatel/oem7/odom,39.663,-75.756,33.181617745,0.002034996,0.000793391,-0.001871889,0.000798275,0.000793391,,novatel_oem7_msgs.msg.SolutionStatus(status=0),novatel_oem7_msgs.msg.PositionOrVelocityType(type=53)
1786043762711594134,1786043762.709526020,/novatel/oem7/bestvel,/novatel/oem7/bestpos,/novatel/oem7/bestvel,39.663,-75.756,33.181617745,0.001804909,0.000809372,,,,287.030104549,novatel_oem7_msgs.msg.SolutionStatus(status=0),novatel_oem7_msgs.msg.PositionOrVelocityType(type=53)
1786043762716128306,1786043762.715392076,/novatel/oem7/odom,/novatel/oem7/bestpos,/novatel/oem7/odom,39.663,-75.756,33.181617745,0.002034996,0.000793391,-0.001871889,0.000798275,0.000793391,,,
1786043762725909301,1786043762.725193734,/novatel/oem7/inspva,/novatel/oem7/inspva,/novatel/oem7/inspva,39.663,-75.756,-1.800807981,0.002118691,0.000813987,0.000659298,-0.002013499,0.000813987,,novatel_oem7_msgs.msg.InertialSolutionStatus(status=3),
1786043762727285818,1786043762.725355128,/novatel/oem7/fix,/novatel/oem7/fix,/novatel/oem7/inspva,39.663,-75.756,-1.800807981,0.002118691,0.000813987,0.000659298,-0.002013499,0.000813987,,0,
1786043762728331945,1786043762.725933767,/novatel/oem7/odom,/novatel/oem7/fix,/novatel/oem7/odom,39.663,-75.756,-1.800807981,0.002120794,0.000808492,-0.001981646,0.000755545,0.000808492,,,
1786043762735774046,1786043762.735027032,/novatel/oem7/odom,/novatel/oem7/fix,/novatel/oem7/odom,39.663,-75.756,-1.800807981,0.002120794,0.000808492,-0.001981646,0.000755545,0.000808492,,,
1786043762746681282,1786043762.746011776,/novatel/oem7/inspva,/novatel/oem7/inspva,/novatel/oem7/inspva,39.663,-75.756,-1.800800265,0.001887787,0.000555674,0.000752756,-0.001731213,0.000555674,,novatel_oem7_msgs.msg.InertialSolutionStatus(status=3),
1786043762748034606,1786043762.746150037,/novatel/oem7/fix,/novatel/oem7/fix,/novatel/oem7/inspva,39.663,-75.756,-1.800800265,0.001887787,0.000555674,0.000752756,-0.001731213,0.000555674,,0,
1786043762749041663,1786043762.746587624,/novatel/oem7/odom,/novatel/oem7/fix,/novatel/oem7/odom,39.663,-75.756,-1.800800265,0.001889024,0.000551454,-0.001694140,0.000835645,0.000551454,,,
1786043762756559441,1786043762.755781323,/novatel/oem7/odom,/novatel/oem7/fix,/novatel/oem7/odom,39.663,-75.756,-1.800800265,0.001889024,0.000551454,-0.001694140,0.000835645,0.000551454,,,
1786043762765951812,1786043762.765263185,/novatel/oem7/inspva,/novatel/oem7/inspva,/novatel/oem7/inspva,39.663,-75.756,-1.800791495,0.002695058,0.000587313,0.001157155,-0.002433995,0.000587313,,novatel_oem7_msgs.msg.InertialSolutionStatus(status=3),
1786043762767348593,1786043762.765442824,/novatel/oem7/fix,/novatel/oem7/fix,/novatel/oem7/inspva,39.663,-75.756,-1.800791495,0.002695058,0.000587313,0.001157155,-0.002433995,0.000587313,,0,
1786043762768376123,1786043762.766004604,/novatel/oem7/odom,/novatel/oem7/fix,/novatel/oem7/odom,39.663,-75.756,-1.800791495,0.002696291,0.000581626,-0.002376291,0.001274060,0.000581626,,,
1786043762776192301,1786043762.775443744,/novatel/oem7/odom,/novatel/oem7/fix,/novatel/oem7/odom,39.663,-75.756,-1.800791495,0.002696291,0.000581626,-0.002376291,0.001274060,0.000581626,,,
1786043762786880545,1786043762.786095781,/novatel/oem7/inspva,/novatel/oem7/inspva,/novatel/oem7/inspva,39.663,-75.756,-1.800782003,0.002131953,0.000549878,0.000765740,-0.001989690,0.000549878,,novatel_oem7_msgs.msg.InertialSolutionStatus(status=3),
1786043762788193918,1786043762.786267039,/novatel/oem7/fix,/novatel/oem7/fix,/novatel/oem7/inspva,39.663,-75.756,-1.800782003,0.002131953,0.000549878,0.000765740,-0.001989690,0.000549878,,0,
1786043762789233509,1786043762.786426198,/novatel/oem7/odom,/novatel/oem7/fix,/novatel/oem7/odom,39.663,-75.756,-1.800782003,0.002133273,0.000544733,-0.001951647,0.000861353,0.000544733,,,
1786043762795165402,1786043762.794402441,/novatel/oem7/odom,/novatel/oem7/fix,/novatel/oem7/odom,39.663,-75.756,-1.800782003,0.002133273,0.000544733,-0.001951647,0.000861353,0.000544733,,,
1786043762806971620,1786043762.806292833,/novatel/oem7/inspva,/novatel/oem7/inspva,/novatel/oem7/inspva,39.663,-75.756,-1.800770133,0.002117206,0.000968763,0.001014449,-0.001858348,0.000968763,,novatel_oem7_msgs.msg.InertialSolutionStatus(status=3),
1786043762808388374,1786043762.806447051,/novatel/oem7/fix,/novatel/oem7/fix,/novatel/oem7/inspva,39.663,-75.756,-1.800770133,0.002117206,0.000968763,0.001014449,-0.001858348,0.000968763,,0,
1786043762809454289,1786043762.806941433,/novatel/oem7/odom,/novatel/oem7/fix,/novatel/oem7/odom,39.663,-75.756,-1.800770133,0.002119036,0.000964754,-0.001809819,0.001102211,0.000964754,,,
1786043762811111665,1786043762.810224499,/novatel/oem7/bestpos,/novatel/oem7/bestpos,/novatel/oem7/odom,39.663,-75.756,33.181652644,0.002119036,0.000964754,-0.001809819,0.001102211,0.000964754,,novatel_oem7_msgs.msg.SolutionStatus(status=0),novatel_oem7_msgs.msg.PositionOrVelocityType(type=53)
1786043762812519092,1786043762.810718314,/novatel/oem7/bestvel,/novatel/oem7/bestpos,/novatel/oem7/bestvel,39.663,-75.756,33.181652644,0.001652622,0.000758639,,,,304.511311894,novatel_oem7_msgs.msg.SolutionStatus(status=0),novatel_oem7_msgs.msg.PositionOrVelocityType(type=53)
1786043762815647301,1786043762.814883103,/novatel/oem7/odom,/novatel/oem7/bestpos,/novatel/oem7/odom,39.663,-75.756,33.181652644,0.002119036,0.000964754,-0.001809819,0.001102211,0.000964754,,,
1786043762825754008,1786043762.825026361,/novatel/oem7/inspva,/novatel/oem7/inspva,/novatel/oem7/inspva,39.663,-75.756,-1.800762212,0.001582356,0.000966016,0.000739300,-0.001399031,0.000966016,,novatel_oem7_msgs.msg.InertialSolutionStatus(status=3),
1786043762827149006,1786043762.825173009,/novatel/oem7/fix,/novatel/oem7/fix,/novatel/oem7/inspva,39.663,-75.756,-1.800762212,0.001582356,0.000966016,0.000739300,-0.001399031,0.000966016,,0,
1786043762828202816,1786043762.825625994,/novatel/oem7/odom,/novatel/oem7/fix,/novatel/oem7/odom,39.663,-75.756,-1.800762212,0.001584240,0.000962924,-0.001364589,0.000804807,0.000962924,,,
1786043762836451799,1786043762.835670274,/novatel/oem7/odom,/novatel/oem7/fix,/novatel/oem7/odom,39.663,-75.756,-1.800762212,0.001584240,0.000962924,-0.001364589,0.000804807,0.000962924,,,
1786043762846046102,1786043762.845380275,/novatel/oem7/inspva,/novatel/oem7/inspva,/novatel/oem7/inspva,39.663,-75.756,-1.800756346,0.001916659,0.000297651,0.000762200,-0.001758588,0.000297651,,novatel_oem7_msgs.msg.InertialSolutionStatus(status=3),
1786043762847452143,1786043762.845529603,/novatel/oem7/fix,/novatel/oem7/fix,/novatel/oem7/inspva,39.663,-75.756,-1.800756346,0.001916659,0.000297651,0.000762200,-0.001758588,0.000297651,,0,
1786043762848884260,1786043762.846072002,/novatel/oem7/odom,/novatel/oem7/fix,/novatel/oem7/odom,39.663,-75.756,-1.800756346,0.001917321,0.000293355,-0.001720055,0.000847073,0.000293355,,,
1786043762857276574,1786043762.856513170,/novatel/oem7/odom,/novatel/oem7/fix,/novatel/oem7/odom,39.663,-75.756,-1.800756346,0.001917321,0.000293355,-0.001720055,0.000847073,0.000293355,,,
1786043762866956125,1786043762.866281338,/novatel/oem7/inspva,/novatel/oem7/inspva,/novatel/oem7/inspva,39.663,-75.756,-1.800742444,0.001665835,0.000812667,0.000756911,-0.001483945,0.000812667,,novatel_oem7_msgs.msg.InertialSolutionStatus(status=3),
1786043762868331389,1786043762.866442193,/novatel/oem7/fix,/novatel/oem7/fix,/novatel/oem7/inspva,39.663,-75.756,-1.800742444,0.001665835,0.000812667,0.000756911,-0.001483945,0.000812667,,0,
1786043762869365202,1786043762.866898834,/novatel/oem7/odom,/novatel/oem7/fix,/novatel/oem7/odom,39.663,-75.756,-1.800742444,0.001667453,0.000809342,-0.001447928,0.000826984,0.000809342,,,
1786043762875317175,1786043762.874558107,/novatel/oem7/odom,/novatel/oem7/fix,/novatel/oem7/odom,39.663,-75.756,-1.800742444,0.001667453,0.000809342,-0.001447928,0.000826984,0.000809342,,,
1786043762885972089,1786043762.885295279,/novatel/oem7/inspva,/novatel/oem7/inspva,/novatel/oem7/inspva,39.663,-75.756,-1.800735393,0.001702875,0.000504765,0.000690500,-0.001556596,0.000504765,,novatel_oem7_msgs.msg.InertialSolutionStatus(status=3),
1786043762887357090,1786043762.885467421,/novatel/oem7/fix,/novatel/oem7/fix,/novatel/oem7/inspva,39.663,-75.756,-1.800735393,0.001702875,0.000504765,0.000690500,-0.001556596,0.000504765,,0,
1786043762888371776,1786043762.886055200,/novatel/oem7/odom,/novatel/oem7/fix,/novatel/oem7/odom,39.663,-75.756,-1.800735393,0.001703989,0.000500990,-0.001522604,0.000765021,0.000500990,,,
1786043762896191534,1786043762.895444034,/novatel/oem7/odom,/novatel/oem7/fix,/novatel/oem7/odom,39.663,-75.756,-1.800735393,0.001703989,0.000500990,-0.001522604,0.000765021,0.000500990,,,
1786043762906446961,1786043762.905776344,/novatel/oem7/inspva,/novatel/oem7/inspva,/novatel/oem7/inspva,39.663,-75.756,-1.800722341,0.001491359,0.000665026,0.000602106,-0.001364412,0.000665026,,novatel_oem7_msgs.msg.InertialSolutionStatus(status=3),
1786043762907830628,1786043762.905910849,/novatel/oem7/fix,/novatel/oem7/fix,/novatel/oem7/inspva,39.663,-75.756,-1.800722341,0.001491359,0.000665026,0.000602106,-0.001364412,0.000665026,,0,
1786043762908854161,1786043762.906358390,/novatel/oem7/odom,/novatel/oem7/fix,/novatel/oem7/odom,39.663,-75.756,-1.800722341,0.001492833,0.000661712,-0.001335614,0.000666847,0.000661712,,,
1786043762910493302,1786043762.909397340,/novatel/oem7/bestpos,/novatel/oem7/bestpos,/novatel/oem7/odom,39.663,-75.756,33.181714458,0.001492833,0.000661712,-0.001335614,0.000666847,0.000661712,,novatel_oem7_msgs.msg.SolutionStatus(status=0),novatel_oem7_msgs.msg.PositionOrVelocityType(type=53)
1786043762912017553,1786043762.910096924,/novatel/oem7/bestvel,/novatel/oem7/bestpos,/novatel/oem7/bestvel,39.663,-75.756,33.181714458,0.001377898,0.000750876,,,,287.341465467,novatel_oem7_msgs.msg.SolutionStatus(status=0),novatel_oem7_msgs.msg.PositionOrVelocityType(type=53)
1786043762915128968,1786043762.914376124,/novatel/oem7/odom,/novatel/oem7/bestpos,/novatel/oem7/odom,39.663,-75.756,33.181714458,0.001492833,0.000661712,-0.001335614,0.000666847,0.000661712,,,
1786043762927208719,1786043762.926533852,/novatel/oem7/inspva,/novatel/oem7/inspva,/novatel/oem7/inspva,39.663,-75.756,-1.800711152,0.001711502,0.000757202,0.000827350,-0.001498242,0.000757202,,novatel_oem7_msgs.msg.InertialSolutionStatus(status=3),
1786043762928652070,1786043762.926681557,/novatel/oem7/fix,/novatel/oem7/fix,/novatel/oem7/inspva,39.663,-75.756,-1.800711152,0.001711502,0.000757202,0.000827350,-0.001498242,0.000757202,,0,
1786043762929710837,1786043762.927120054,/novatel/oem7/odom,/novatel/oem7/fix,/novatel/oem7/odom,39.663,-75.756,-1.800711152,0.001712917,0.000753995,-0.001458551,0.000898173,0.000753995,,,
1786043762935597923,1786043762.934858406,/novatel/oem7/odom,/novatel/oem7/fix,/novatel/oem7/odom,39.663,-75.756,-1.800711152,0.001712917,0.000753995,-0.001458551,0.000898173,0.000753995,,,
1786043762945659994,1786043762.944908113,/novatel/oem7/inspva,/novatel/oem7/inspva,/novatel/oem7/inspva,39.663,-75.756,-1.800702421,0.001331484,0.000696475,0.000636041,-0.001169745,0.000696475,,novatel_oem7_msgs.msg.InertialSolutionStatus(status=3),
1786043762947186256,1786043762.945043171,/novatel/oem7/fix,/novatel/oem7/fix,/novatel/oem7/inspva,39.663,-75.756,-1.800702421,0.001331484,0.000696475,0.000636041,-0.001169745,0.000696475,,0,
1786043762948270986,1786043762.945535216,/novatel/oem7/odom,/novatel/oem7/fix,/novatel/oem7/odom,39.663,-75.756,-1.800702421,0.001332798,0.000693958,-0.001139630,0.000691081,0.000693958,,,
1786043762956386332,1786043762.955660464,/novatel/oem7/odom,/novatel/oem7/fix,/novatel/oem7/odom,39.663,-75.756,-1.800702421,0.001332798,0.000693958,-0.001139630,0.000691081,0.000693958,,,
1786043762965764009,1786043762.965237527,/novatel/oem7/inspva,/novatel/oem7/inspva,/novatel/oem7/inspva,39.663,-75.756,-1.800693624,0.001259313,0.000531158,0.000560122,-0.001127888,0.000531158,,novatel_oem7_msgs.msg.InertialSolutionStatus(status=3),
1786043762967101269,1786043762.965381095,/novatel/oem7/fix,/novatel/oem7/fix,/novatel/oem7/inspva,39.663,-75.756,-1.800693624,0.001259313,0.000531158,0.000560122,-0.001127888,0.000531158,,0,
1786043762968142063,1786043762.966010338,/novatel/oem7/odom,/novatel/oem7/fix,/novatel/oem7/odom,39.663,-75.756,-1.800693624,0.001260394,0.000528588,-0.001100941,0.000613613,0.000528588,,,
1786043762975327218,1786043762.974580990,/novatel/oem7/odom,/novatel/oem7/fix,/novatel/oem7/odom,39.663,-75.756,-1.800693624,0.001260394,0.000528588,-0.001100941,0.000613613,0.000528588,,,
1786043762986617128,1786043762.986049035,/novatel/oem7/inspva,/novatel/oem7/inspva,/novatel/oem7/inspva,39.663,-75.756,-1.800683522,0.001364815,0.000393288,0.000552911,-0.001247802,0.000393288,,novatel_oem7_msgs.msg.InertialSolutionStatus(status=3),
1786043762987944298,1786043762.986196054,/novatel/oem7/fix,/novatel/oem7/fix,/novatel/oem7/inspva,39.663,-75.756,-1.800683522,0.001364815,0.000393288,0.000552911,-0.001247802,0.000393288,,0,
1786043762988974668,1786043762.986594361,/novatel/oem7/odom,/novatel/oem7/fix,/novatel/oem7/odom,39.663,-75.756,-1.800683522,0.001365681,0.000390268,-0.001220547,0.000612658,0.000390268,,,
1786043762994995569,1786043762.994376370,/novatel/oem7/odom,/novatel/oem7/fix,/novatel/oem7/odom,39.663,-75.756,-1.800683522,0.001365681,0.000390268,-0.001220547,0.000612658,0.000390268,,,
1786043763008693776,1786043763.008169917,/novatel/oem7/inspva,/novatel/oem7/inspva,/novatel/oem7/inspva,39.663,-75.756,-1.800668141,0.001746773,0.001014817,0.000909826,-0.001491118,0.001014817,,novatel_oem7_msgs.msg.InertialSolutionStatus(status=3),
1786043763009998065,1786043763.008303615,/novatel/oem7/fix,/novatel/oem7/fix,/novatel/oem7/inspva,39.663,-75.756,-1.800668141,0.001746773,0.001014817,0.000909826,-0.001491118,0.001014817,,0,
1786043763011348006,1786043763.009492072,/novatel/oem7/odom,/novatel/oem7/fix,/novatel/oem7/odom,39.663,-75.756,-1.800668141,0.001748475,0.001011882,-0.001448329,0.000979546,0.001011882,,,
1786043763017265745,1786043763.016622259,/novatel/oem7/odom,/novatel/oem7/fix,/novatel/oem7/odom,39.663,-75.756,-1.800668141,0.001748475,0.001011882,-0.001448329,0.000979546,0.001011882,,,
1786043763025323276,1786043763.024766497,/novatel/oem7/bestpos,/novatel/oem7/bestpos,/novatel/oem7/odom,39.663,-75.756,33.181771662,0.001748475,0.001011882,-0.001448329,0.000979546,0.001011882,,novatel_oem7_msgs.msg.SolutionStatus(status=0),novatel_oem7_msgs.msg.PositionOrVelocityType(type=53)
1786043763027143834,1786043763.026511695,/novatel/oem7/bestvel,/novatel/oem7/bestpos,/novatel/oem7/bestvel,39.663,-75.756,33.181771662,0.001859126,0.000987706,,,,303.099978827,novatel_oem7_msgs.msg.SolutionStatus(status=0),novatel_oem7_msgs.msg.PositionOrVelocityType(type=53)
1786043763028587275,1786043763.027148244,/novatel/oem7/inspva,/novatel/oem7/inspva,/novatel/oem7/inspva,39.663,-75.756,-1.800660008,0.001465690,0.000590800,0.000826892,-0.001210163,0.000590800,,novatel_oem7_msgs.msg.InertialSolutionStatus(status=3),
1786043763029402570,1786043763.027290416,/novatel/oem7/fix,/novatel/oem7/fix,/novatel/oem7/inspva,39.663,-75.756,-1.800660008,0.001465690,0.000590800,0.000826892,-0.001210163,0.000590800,,0,
1786043763030413240,1786043763.027595746,/novatel/oem7/odom,/novatel/oem7/fix,/novatel/oem7/odom,39.663,-75.756,-1.800660008,0.001466551,0.000588658,-0.001170215,0.000883951,0.000588658,,,
1786043763035108254,1786043763.034461271,/novatel/oem7/odom,/novatel/oem7/fix,/novatel/oem7/odom,39.663,-75.756,-1.800660008,0.001466551,0.000588658,-0.001170215,0.000883951,0.000588658,,,
1786043763047305273,1786043763.046775814,/novatel/oem7/inspva,/novatel/oem7/inspva,/novatel/oem7/inspva,39.663,-75.756,-1.800663329,0.001782496,0.000571483,0.001142891,-0.001367878,0.000571483,,novatel_oem7_msgs.msg.InertialSolutionStatus(status=3),
1786043763048616163,1786043763.046923552,/novatel/oem7/fix,/novatel/oem7/fix,/novatel/oem7/inspva,39.663,-75.756,-1.800663329,0.001782496,0.000571483,0.001142891,-0.001367878,0.000571483,,0,
1786043763049666987,1786043763.047248049,/novatel/oem7/odom,/novatel/oem7/fix,/novatel/oem7/odom,39.663,-75.756,-1.800663329,0.001783089,0.000569631,-0.001312119,0.001207373,0.000569631,,,
1786043763056912603,1786043763.056262133,/novatel/oem7/odom,/novatel/oem7/fix,/novatel/oem7/odom,39.663,-75.756,-1.800663329,0.001783089,0.000569631,-0.001312119,0.001207373,0.000569631,,,
1786043763065633950,1786043763.065114895,/novatel/oem7/inspva,/novatel/oem7/inspva,/novatel/oem7/inspva,39.663,-75.756,-1.800671456,0.001662974,0.000491598,0.001169663,-0.001182104,0.000491598,,novatel_oem7_msgs.msg.InertialSolutionStatus(status=3),
1786043763066931856,1786043763.065248206,/novatel/oem7/fix,/novatel/oem7/fix,/novatel/oem7/inspva,39.663,-75.756,-1.800671456,0.001662974,0.000491598,0.001169663,-0.001182104,0.000491598,,0,
1786043763067952720,1786043763.065596009,/novatel/oem7/odom,/novatel/oem7/fix,/novatel/oem7/odom,39.663,-75.756,-1.800671456,0.001663301,0.000490492,-0.001124950,0.001225177,0.000490492,,,
1786043763076550886,1786043763.075688874,/novatel/oem7/odom,/novatel/oem7/fix,/novatel/oem7/odom,39.663,-75.756,-1.800671456,0.001663301,0.000490492,-0.001124950,0.001225177,0.000490492,,,
1786043763086034198,1786043763.085526666,/novatel/oem7/inspva,/novatel/oem7/inspva,/novatel/oem7/inspva,39.663,-75.756,-1.800670002,0.001621598,0.001125261,0.001140659,-0.001152596,0.001125261,,novatel_oem7_msgs.msg.InertialSolutionStatus(status=3),
1786043763087338661,1786043763.085665104,/novatel/oem7/fix,/novatel/oem7/fix,/novatel/oem7/inspva,39.663,-75.756,-1.800670002,0.001621598,0.001125261,0.001140659,-0.001152596,0.001125261,,0,
1786043763088368971,1786043763.086429604,/novatel/oem7/odom,/novatel/oem7/fix,/novatel/oem7/odom,39.663,-75.756,-1.800670002,0.001622365,0.001124155,-0.001099294,0.001193155,0.001124155,,,
1786043763095328735,1786043763.094699912,/novatel/oem7/odom,/novatel/oem7/fix,/novatel/oem7/odom,39.663,-75.756,-1.800670002,0.001622365,0.001124155,-0.001099294,0.001193155,0.001124155,,,
1786043763106446599,1786043763.105912967,/novatel/oem7/inspva,/novatel/oem7/inspva,/novatel/oem7/inspva,39.663,-75.756,-1.800679669,0.001256852,0.000609186,0.001023323,-0.000729717,0.000609186,,novatel_oem7_msgs.msg.InertialSolutionStatus(status=3),
1786043763107735672,1786043763.106051928,/novatel/oem7/fix,/novatel/oem7/fix,/novatel/oem7/inspva,39.663,-75.756,-1.800679669,0.001256852,0.000609186,0.001023323,-0.000729717,0.000609186,,0,
1786043763108748292,1786043763.106350710,/novatel/oem7/odom,/novatel/oem7/fix,/novatel/oem7/odom,39.663,-75.756,-1.800679669,0.001256797,0.000609298,-0.000680756,0.001056462,0.000609298,,,
1786043763110167983,1786043763.109222110,/novatel/oem7/bestpos,/novatel/oem7/bestpos,/novatel/oem7/odom,39.663,-75.756,33.181777476,0.001256797,0.000609298,-0.000680756,0.001056462,0.000609298,,novatel_oem7_msgs.msg.SolutionStatus(status=0),novatel_oem7_msgs.msg.PositionOrVelocityType(type=53)
1786043763111064299,1786043763.109543264,/novatel/oem7/bestvel,/novatel/oem7/bestpos,/novatel/oem7/bestvel,39.663,-75.756,33.181777476,0.001069748,0.001136449,,,,289.716651545,novatel_oem7_msgs.msg.SolutionStatus(status=0),novatel_oem7_msgs.msg.PositionOrVelocityType(type=53)
1786043763115146870,1786043763.114505430,/novatel/oem7/odom,/novatel/oem7/bestpos,/novatel/oem7/odom,39.663,-75.756,33.181777476,0.001256797,0.000609298,-0.000680756,0.001056462,0.000609298,,,
1786043763125810413,1786043763.125289201,/novatel/oem7/inspva,/novatel/oem7/inspva,/novatel/oem7/inspva,39.663,-75.756,-1.800680726,0.001683004,0.000711125,0.001352857,-0.001001140,0.000711125,,novatel_oem7_msgs.msg.InertialSolutionStatus(status=3),
1786043763127135867,1786043763.125436130,/novatel/oem7/fix,/novatel/oem7/fix,/novatel/oem7/inspva,39.663,-75.756,-1.800680726,0.001683004,0.000711125,0.001352857,-0.001001140,0.000711125,,0,
1786043763128172767,1786043763.126070983,/novatel/oem7/odom,/novatel/oem7/fix,/novatel/oem7/odom,39.663,-75.756,-1.800680726,0.001682991,0.000711156,-0.000936015,0.001398690,0.000711156,,,
1786043763136199618,1786043763.135588836,/novatel/oem7/odom,/novatel/oem7/fix,/novatel/oem7/odom,39.663,-75.756,-1.800680726,0.001682991,0.000711156,-0.000936015,0.001398690,0.000711156,,,
1786043763145885552,1786043763.145368583,/novatel/oem7/inspva,/novatel/oem7/inspva,/novatel/oem7/inspva,39.663,-75.756,-1.800687882,0.001774502,0.000664415,0.001346402,-0.001155880,0.000664415,,novatel_oem7_msgs.msg.InertialSolutionStatus(status=3),
1786043763147217295,1786043763.145510418,/novatel/oem7/fix,/novatel/oem7/fix,/novatel/oem7/inspva,39.663,-75.756,-1.800687882,0.001774502,0.000664415,0.001346402,-0.001155880,0.000664415,,0,
1786043763148251635,1786043763.145971783,/novatel/oem7/odom,/novatel/oem7/fix,/novatel/oem7/odom,39.663,-75.756,-1.800687882,0.001774705,0.000663874,-0.001090709,0.001399975,0.000663874,,,
1786043763156259326,1786043763.155611982,/novatel/oem7/odom,/novatel/oem7/fix,/novatel/oem7/odom,39.663,-75.756,-1.800687882,0.001774705,0.000663874,-0.001090709,0.001399975,0.000663874,,,
1786043763166868492,1786043763.166342523,/novatel/oem7/inspva,/novatel/oem7/inspva,/novatel/oem7/inspva,39.663,-75.756,-1.800691679,0.001664972,0.000633559,0.001475739,-0.000770925,0.000633559,,novatel_oem7_msgs.msg.InertialSolutionStatus(status=3),
1786043763168249692,1786043763.166489001,/novatel/oem7/fix,/novatel/oem7/fix,/novatel/oem7/inspva,39.663,-75.756,-1.800691679,0.001664972,0.000633559,0.001475739,-0.000770925,0.000633559,,0,
1786043763169505149,1786043763.166943736,/novatel/oem7/odom,/novatel/oem7/fix,/novatel/oem7/odom,39.663,-75.756,-1.800691679,0.001664514,0.000634760,-0.000699761,0.001510279,0.000634760,,,
1786043763175567022,1786043763.174872811,/novatel/oem7/odom,/novatel/oem7/fix,/novatel/oem7/odom,39.663,-75.756,-1.800691679,0.001664514,0.000634760,-0.000699761,0.001510279,0.000634760,,,
1786043763185555906,1786043763.184999150,/novatel/oem7/inspva,/novatel/oem7/inspva,/novatel/oem7/inspva,39.663,-75.756,-1.800701596,0.001896658,0.000353057,0.001544413,-0.001100954,0.000353057,,novatel_oem7_msgs.msg.InertialSolutionStatus(status=3),
1786043763186913143,1786043763.185149058,/novatel/oem7/fix,/novatel/oem7/fix,/novatel/oem7/inspva,39.663,-75.756,-1.800701596,0.001896658,0.000353057,0.001544413,-0.001100954,0.000353057,,0,
1786043763187974720,1786043763.185523719,/novatel/oem7/odom,/novatel/oem7/fix,/novatel/oem7/odom,39.663,-75.756,-1.800701596,0.001896622,0.000353251,-0.001024957,0.001595819,0.000353251,,,
1786043763196054651,1786043763.195385204,/novatel/oem7/odom,/novatel/oem7/fix,/novatel/oem7/odom,39.663,-75.756,-1.800701596,0.001896622,0.000353251,-0.001024957,0.001595819,0.000353251,,,
1786043763207022535,1786043763.206500149,/novatel/oem7/inspva,/novatel/oem7/inspva,/novatel/oem7/inspva,39.663,-75.756,-1.800708650,0.001463740,0.000375825,0.001389623,-0.000459873,0.000375825,,novatel_oem7_msgs.msg.InertialSolutionStatus(status=3),
1786043763208360631,1786043763.206654211,/novatel/oem7/fix,/novatel/oem7/fix,/novatel/oem7/inspva,39.663,-75.756,-1.800708650,0.001463740,0.000375825,0.001389623,-0.000459873,0.000375825,,0,
1786043763209401429,1786043763.207123009,/novatel/oem7/odom,/novatel/oem7/fix,/novatel/oem7/odom,39.663,-75.756,-1.800708650,0.001463202,0.000377914,-0.000392343,0.001409619,0.000377914,,,
1786043763210899300,1786043763.210157206,/novatel/oem7/bestpos,/novatel/oem7/bestpos,/novatel/oem7/odom,39.663,-75.756,33.181743325,0.001463202,0.000377914,-0.000392343,0.001409619,0.000377914,,novatel_oem7_msgs.msg.SolutionStatus(status=0),novatel_oem7_msgs.msg.PositionOrVelocityType(type=53)
1786043763212305774,1786043763.210601774,/novatel/oem7/bestvel,/novatel/oem7/bestpos,/novatel/oem7/bestvel,39.663,-75.756,33.181743325,0.001542249,0.000651255,,,,325.809191504,novatel_oem7_msgs.msg.SolutionStatus(status=0),novatel_oem7_msgs.msg.PositionOrVelocityType(type=53)
1786043763215249917,1786043763.214602214,/novatel/oem7/odom,/novatel/oem7/bestpos,/novatel/oem7/odom,39.663,-75.756,33.181743325,0.001463202,0.000377914,-0.000392343,0.001409619,0.000377914,,,
1786043763226596514,1786043763.226011408,/novatel/oem7/inspva,/novatel/oem7/inspva,/novatel/oem7/inspva,39.663,-75.756,-1.800722043,0.001883271,0.000409982,0.001619853,-0.000960617,0.000409982,,novatel_oem7_msgs.msg.InertialSolutionStatus(status=3),
1786043763227961848,1786043763.226163977,/novatel/oem7/fix,/novatel/oem7/fix,/novatel/oem7/inspva,39.663,-75.756,-1.800722043,0.001883271,0.000409982,0.001619853,-0.000960617,0.000409982,,0,
1786043763229012308,1786043763.226542900,/novatel/oem7/odom,/novatel/oem7/fix,/novatel/oem7/odom,39.663,-75.756,-1.800722043,0.001883073,0.000410889,-0.000881286,0.001664121,0.000410889,,,
1786043763235329619,1786043763.234588729,/novatel/oem7/odom,/novatel/oem7/fix,/novatel/oem7/odom,39.663,-75.756,-1.800722043,0.001883073,0.000410889,-0.000881286,0.001664121,0.000410889,,,
1786043763245917338,1786043763.245224271,/novatel/oem7/inspva,/novatel/oem7/inspva,/novatel/oem7/inspva,39.663,-75.756,-1.800737464,0.001731157,-0.000145027,0.001660248,-0.000490391,-0.000145027,,novatel_oem7_msgs.msg.InertialSolutionStatus(status=3),
1786043763247330945,1786043763.245370252,/novatel/oem7/fix,/novatel/oem7/fix,/novatel/oem7/inspva,39.663,-75.756,-1.800737464,0.001731157,-0.000145027,0.001660248,-0.000490391,-0.000145027,,0,
1786043763248396406,1786043763.245823230,/novatel/oem7/odom,/novatel/oem7/fix,/novatel/oem7/odom,39.663,-75.756,-1.800737464,0.001731384,-0.000142299,-0.000407562,0.001682730,-0.000142299,,,
1786043763257170347,1786043763.256440585,/novatel/oem7/odom,/novatel/oem7/fix,/novatel/oem7/odom,39.663,-75.756,-1.800737464,0.001731384,-0.000142299,-0.000407562,0.001682730,-0.000142299,,,
1786043763265911355,1786043763.265239742,/novatel/oem7/inspva,/novatel/oem7/inspva,/novatel/oem7/inspva,39.663,-75.756,-1.800747794,0.001639755,0.000104154,0.001545522,-0.000547867,0.000104154,,novatel_oem7_msgs.msg.InertialSolutionStatus(status=3),
1786043763267288932,1786043763.265381140,/novatel/oem7/fix,/novatel/oem7/fix,/novatel/oem7/inspva,39.663,-75.756,-1.800747794,0.001639755,0.000104154,0.001545522,-0.000547867,0.000104154,,0,
1786043763268335640,1786043763.265875118,/novatel/oem7/odom,/novatel/oem7/fix,/novatel/oem7/odom,39.663,-75.756,-1.800747794,0.001639615,0.000106346,-0.000471546,0.001570344,0.000106346,,,
1786043763275948079,1786043763.275134108,/novatel/oem7/odom,/novatel/oem7/fix,/novatel/oem7/odom,39.663,-75.756,-1.800747794,0.001639615,0.000106346,-0.000471546,0.001570344,0.000106346,,,
1786043763287024936,1786043763.286616626,/novatel/oem7/inspva,/novatel/oem7/inspva,/novatel/oem7/inspva,39.663,-75.756,-1.800754589,0.001974092,0.000555035,0.001786649,-0.000839597,0.000555035,,novatel_oem7_msgs.msg.InertialSolutionStatus(status=3),
1786043763288461061,1786043763.286778411,/novatel/oem7/fix,/novatel/oem7/fix,/novatel/oem7/inspva,39.663,-75.756,-1.800754589,0.001974092,0.000555035,0.001786649,-0.000839597,0.000555035,,0,
1786043763289536602,1786043763.287228029,/novatel/oem7/odom,/novatel/oem7/fix,/novatel/oem7/odom,39.663,-75.756,-1.800754589,0.001973595,0.000556800,-0.000752753,0.001824401,0.000556800,,,
1786043763296305370,1786043763.295578815,/novatel/oem7/odom,/novatel/oem7/fix,/novatel/oem7/odom,39.663,-75.756,-1.800754589,0.001973595,0.000556800,-0.000752753,0.001824401,0.000556800,,,
1786043763306530356,1786043763.305842339,/novatel/oem7/inspva,/novatel/oem7/inspva,/novatel/oem7/inspva,39.663,-75.756,-1.800767411,0.001399107,0.000349627,0.001333332,-0.000423940,0.000349627,,novatel_oem7_msgs.msg.InertialSolutionStatus(status=3),
1786043763307917153,1786043763.305981840,/novatel/oem7/fix,/novatel/oem7/fix,/novatel/oem7/inspva,39.663,-75.756,-1.800767411,0.001399107,0.000349627,0.001333332,-0.000423940,0.000349627,,0,
1786043763308963297,1786043763.306384197,/novatel/oem7/odom,/novatel/oem7/fix,/novatel/oem7/odom,39.663,-75.756,-1.800767411,0.001398591,0.000351684,-0.000359143,0.001351693,0.000351684,,,
1786043763310943064,1786043763.310491825,/novatel/oem7/bestpos,/novatel/oem7/bestpos,/novatel/oem7/odom,39.663,-75.756,33.181689494,0.001398591,0.000351684,-0.000359143,0.001351693,0.000351684,,novatel_oem7_msgs.msg.SolutionStatus(status=0),novatel_oem7_msgs.msg.PositionOrVelocityType(type=53)
1786043763312294913,1786043763.310998170,/novatel/oem7/bestvel,/novatel/oem7/bestpos,/novatel/oem7/bestvel,39.663,-75.756,33.181689494,0.001482610,0.000359045,,,,339.920756699,novatel_oem7_msgs.msg.SolutionStatus(status=0),novatel_oem7_msgs.msg.PositionOrVelocityType(type=53)
1786043763315905109,1786043763.315569562,/novatel/oem7/odom,/novatel/oem7/bestpos,/novatel/oem7/odom,39.663,-75.756,33.181689494,0.001398591,0.000351684,-0.000359143,0.001351693,0.000351684,,,
1786043763325826866,1786043763.325536896,/novatel/oem7/inspva,/novatel/oem7/inspva,/novatel/oem7/inspva,39.663,-75.756,-1.800772240,0.001059791,0.000543450,0.001051302,-0.000133874,0.000543450,,novatel_oem7_msgs.msg.InertialSolutionStatus(status=3),
1786043763326447755,1786043763.325700175,/novatel/oem7/fix,/novatel/oem7/fix,/novatel/oem7/inspva,39.663,-75.756,-1.800772240,0.001059791,0.000543450,0.001051302,-0.000133874,0.000543450,,0,
1786043763327356390,1786043763.326526529,/novatel/oem7/odom,/novatel/oem7/fix,/novatel/oem7/odom,39.663,-75.756,-1.800772240,0.001058592,0.000545783,-0.000084020,0.001055252,0.000545783,,,
1786043763335777671,1786043763.335389535,/novatel/oem7/odom,/novatel/oem7/fix,/novatel/oem7/odom,39.663,-75.756,-1.800772240,0.001058592,0.000545783,-0.000084020,0.001055252,0.000545783,,,
1786043763346415616,1786043763.346086505,/novatel/oem7/inspva,/novatel/oem7/inspva,/novatel/oem7/inspva,39.663,-75.756,-1.800779714,0.001038303,0.000466493,0.001009090,-0.000244563,0.000466493,,novatel_oem7_msgs.msg.InertialSolutionStatus(status=3),
1786043763347150536,1786043763.346300444,/novatel/oem7/fix,/novatel/oem7/fix,/novatel/oem7/inspva,39.663,-75.756,-1.800779714,0.001038303,0.000466493,0.001009090,-0.000244563,0.000466493,,0,
1786043763347649007,1786043763.346800913,/novatel/oem7/odom,/novatel/oem7/fix,/novatel/oem7/odom,39.663,-75.756,-1.800779714,0.001037488,0.000468303,-0.000196369,0.001018735,0.000468303,,,
1786043763356332824,1786043763.355887021,/novatel/oem7/odom,/novatel/oem7/fix,/novatel/oem7/odom,39.663,-75.756,-1.800779714,0.001037488,0.000468303,-0.000196369,0.001018735,0.000468303,,,
1786043763365598766,1786043763.365295128,/novatel/oem7/inspva,/novatel/oem7/inspva,/novatel/oem7/inspva,39.663,-75.756,-1.800788525,0.001175524,0.000089676,0.001081506,-0.000460653,0.000089676,,novatel_oem7_msgs.msg.InertialSolutionStatus(status=3),
1786043763366223264,1786043763.365474190,/novatel/oem7/fix,/novatel/oem7/fix,/novatel/oem7/inspva,39.663,-75.756,-1.800788525,0.001175524,0.000089676,0.001081506,-0.000460653,0.000089676,,0,
1786043763366940016,1786043763.366066419,/novatel/oem7/odom,/novatel/oem7/fix,/novatel/oem7/odom,39.663,-75.756,-1.800788525,0.001175428,0.000090923,-0.000407227,0.001102632,0.000090923,,,
1786043763375706330,1786043763.375344206,/novatel/oem7/odom,/novatel/oem7/fix,/novatel/oem7/odom,39.663,-75.756,-1.800788525,0.001175428,0.000090923,-0.000407227,0.001102632,0.000090923,,,
1786043763386416791,1786043763.385944275,/novatel/oem7/inspva,/novatel/oem7/inspva,/novatel/oem7/inspva,39.663,-75.756,-1.800797961,0.001292947,0.000257237,0.001198200,-0.000485828,0.000257237,,novatel_oem7_msgs.msg.InertialSolutionStatus(status=3),
1786043763387057697,1786043763.386102503,/novatel/oem7/fix,/novatel/oem7/fix,/novatel/oem7/inspva,39.663,-75.756,-1.800797961,0.001292947,0.000257237,0.001198200,-0.000485828,0.000257237,,0,
1786043763387586584,1786043763.386633579,/novatel/oem7/odom,/novatel/oem7/fix,/novatel/oem7/odom,39.663,-75.756,-1.800797961,0.001292657,0.000258689,-0.000427248,0.001220009,0.000258689,,,
1786043763394707638,1786043763.394339249,/novatel/oem7/odom,/novatel/oem7/fix,/novatel/oem7/odom,39.663,-75.756,-1.800797961,0.001292657,0.000258689,-0.000427248,0.001220009,0.000258689,,,
1786043763406002239,1786043763.405718913,/novatel/oem7/inspva,/novatel/oem7/inspva,/novatel/oem7/inspva,39.663,-75.756,-1.800809748,0.001235389,-0.000132050,0.001101580,-0.000559202,-0.000132050,,novatel_oem7_msgs.msg.InertialSolutionStatus(status=3),
1786043763406625091,1786043763.405868379,/novatel/oem7/fix,/novatel/oem7/fix,/novatel/oem7/inspva,39.663,-75.756,-1.800809748,0.001235389,-0.000132050,0.001101580,-0.000559202,-0.000132050,,0,
1786043763407311292,1786043763.406856872,/novatel/oem7/odom,/novatel/oem7/fix,/novatel/oem7/odom,39.663,-75.756,-1.800809748,0.001235488,-0.000131121,-0.000503833,0.001128089,-0.000131121,,,
1786043763410533988,1786043763.410203588,/novatel/oem7/bestpos,/novatel/oem7/bestpos,/novatel/oem7/odom,39.663,-75.756,33.181645187,0.001235488,-0.000131121,-0.000503833,0.001128089,-0.000131121,,novatel_oem7_msgs.msg.SolutionStatus(status=0),novatel_oem7_msgs.msg.PositionOrVelocityType(type=53)
1786043763411922736,1786043763.410626133,/novatel/oem7/bestvel,/novatel/oem7/bestpos,/novatel/oem7/bestvel,39.663,-75.756,33.181645187,0.001131673,-0.000249414,,,,343.855389956,novatel_oem7_msgs.msg.SolutionStatus(status=0),novatel_oem7_msgs.msg.PositionOrVelocityType(type=53)
1786043763415522515,1786043763.415145338,/novatel/oem7/odom,/novatel/oem7/bestpos,/novatel/oem7/odom,39.663,-75.756,33.181645187,0.001235488,-0.000131121,-0.000503833,0.001128089,-0.000131121,,,
1786043763425210955,1786043763.424910176,/novatel/oem7/inspva,/novatel/oem7/inspva,/novatel/oem7/inspva,39.663,-75.756,-1.800821968,0.001228667,0.000155941,0.001036178,-0.000660271,0.000155941,,novatel_oem7_msgs.msg.InertialSolutionStatus(status=3),
1786043763425821129,1786043763.425098835,/novatel/oem7/fix,/novatel/oem7/fix,/novatel/oem7/inspva,39.663,-75.756,-1.800821968,0.001228667,0.000155941,0.001036178,-0.000660271,0.000155941,,0,
1786043763426530463,1786043763.425622703,/novatel/oem7/odom,/novatel/oem7/fix,/novatel/oem7/odom,39.663,-75.756,-1.800821968,0.001228618,0.000156322,-0.000609080,0.001067017,0.000156322,,,
1786043763434735364,1786043763.434341834,/novatel/oem7/odom,/novatel/oem7/fix,/novatel/oem7/odom,39.663,-75.756,-1.800821968,0.001228618,0.000156322,-0.000609080,0.001067017,0.000156322,,,
1786043763446849880,1786043763.446391655,/novatel/oem7/inspva,/novatel/oem7/inspva,/novatel/oem7/inspva,39.663,-75.756,-1.800839804,0.000906674,-0.000336459,0.000791355,-0.000442512,-0.000336459,,novatel_oem7_msgs.msg.InertialSolutionStatus(status=3),
1786043763447472546,1786043763.446586207,/novatel/oem7/fix,/novatel/oem7/fix,/novatel/oem7/inspva,39.663,-75.756,-1.800839804,0.000906674,-0.000336459,0.000791355,-0.000442512,-0.000336459,,0,
1786043763447950993,1786043763.446947304,/novatel/oem7/odom,/novatel/oem7/fix,/novatel/oem7/odom,39.663,-75.756,-1.800839804,0.000906865,-0.000335944,-0.000401778,0.000813006,-0.000335944,,,
1786043763456776545,1786043763.456312114,/novatel/oem7/odom,/novatel/oem7/fix,/novatel/oem7/odom,39.663,-75.756,-1.800839804,0.000906865,-0.000335944,-0.000401778,0.000813006,-0.000335944,,,
1786043763465276472,1786043763.464997632,/novatel/oem7/inspva,/novatel/oem7/inspva,/novatel/oem7/inspva,39.663,-75.756,-1.800852800,0.001153613,-0.000010665,0.001021414,-0.000536224,-0.000010665,,novatel_oem7_msgs.msg.InertialSolutionStatus(status=3),
1786043763465869693,1786043763.465168770,/novatel/oem7/fix,/novatel/oem7/fix,/novatel/oem7/inspva,39.663,-75.756,-1.800852800,0.001153613,-0.000010665,0.001021414,-0.000536224,-0.000010665,,0,
1786043763466338660,1786043763.465544450,/novatel/oem7/odom,/novatel/oem7/fix,/novatel/oem7/odom,39.663,-75.756,-1.800852800,0.001153620,-0.000009869,-0.000485285,0.001046584,-0.000009869,,,
1786043763475037196,1786043763.474682649,/novatel/oem7/odom,/novatel/oem7/fix,/novatel/oem7/odom,39.663,-75.756,-1.800852800,0.001153620,-0.000009869,-0.000485285,0.001046584,-0.000009869,,,
1786043763485706337,1786043763.485352382,/novatel/oem7/inspva,/novatel/oem7/inspva,/novatel/oem7/inspva,39.663,-75.756,-1.800865327,0.000709176,-0.000087750,0.000646806,-0.000290816,-0.000087750,,novatel_oem7_msgs.msg.InertialSolutionStatus(status=3),
1786043763486285443,1786043763.485565011,/novatel/oem7/fix,/novatel/oem7/fix,/novatel/oem7/inspva,39.663,-75.756,-1.800865327,0.000709176,-0.000087750,0.000646806,-0.000290816,-0.000087750,,0,
1786043763487307489,1786043763.486102616,/novatel/oem7/odom,/novatel/oem7/fix,/novatel/oem7/odom,39.663,-75.756,-1.800865327,0.000709260,-0.000087068,-0.000258318,0.000660547,-0.000087068,,,
1786043763495205719,1786043763.494875777,/novatel/oem7/odom,/novatel/oem7/fix,/novatel/oem7/odom,39.663,-75.756,-1.800865327,0.000709260,-0.000087068,-0.000258318,0.000660547,-0.000087068,,,
1786043763506263593,1786043763.505989839,/novatel/oem7/inspva,/novatel/oem7/inspva,/novatel/oem7/inspva,39.663,-75.756,-1.800875652,0.001080132,0.000171349,0.001025486,-0.000339210,0.000171349,,novatel_oem7_msgs.msg.InertialSolutionStatus(status=3),
1786043763507331999,1786043763.506156280,/novatel/oem7/fix,/novatel/oem7/fix,/novatel/oem7/inspva,39.663,-75.756,-1.800875652,0.001080132,0.000171349,0.001025486,-0.000339210,0.000171349,,0,
1786043763508083309,1786043763.506593795,/novatel/oem7/odom,/novatel/oem7/fix,/novatel/oem7/odom,39.663,-75.756,-1.800875652,0.001079890,0.000172868,-0.000288992,0.001040503,0.000172868,,,
1786043763511814613,1786043763.511489711,/novatel/oem7/bestpos,/novatel/oem7/bestpos,/novatel/oem7/odom,39.663,-75.756,33.181581021,0.001079890,0.000172868,-0.000288992,0.001040503,0.000172868,,novatel_oem7_msgs.msg.SolutionStatus(status=0),novatel_oem7_msgs.msg.PositionOrVelocityType(type=53)
1786043763512754588,1786043763.512472437,/novatel/oem7/bestvel,/novatel/oem7/bestpos,/novatel/oem7/bestvel,39.663,-75.756,33.181581021,0.001143630,0.000427457,,,,322.248264908,novatel_oem7_msgs.msg.SolutionStatus(status=0),novatel_oem7_msgs.msg.PositionOrVelocityType(type=53)
1786043763514935854,1786043763.514518948,/novatel/oem7/odom,/novatel/oem7/bestpos,/novatel/oem7/odom,39.663,-75.756,33.181581021,0.001079890,0.000172868,-0.000288992,0.001040503,0.000172868,,,
1786043763525528353,1786043763.525225169,/novatel/oem7/inspva,/novatel/oem7/inspva,/novatel/oem7/inspva,39.663,-75.756,-1.800883516,0.001183246,0.000119078,0.001083461,-0.000475589,0.000119078,,novatel_oem7_msgs.msg.InertialSolutionStatus(status=3),
1786043763526083338,1786043763.525407594,/novatel/oem7/fix,/novatel/oem7/fix,/novatel/oem7/inspva,39.663,-75.756,-1.800883516,0.001183246,0.000119078,0.001083461,-0.000475589,0.000119078,,0,
1786043763526736827,1786043763.526076217,/novatel/oem7/odom,/novatel/oem7/fix,/novatel/oem7/odom,39.663,-75.756,-1.800883516,0.001183128,0.000120246,-0.000422156,0.001105250,0.000120246,,,
1786043763535479826,1786043763.535140788,/novatel/oem7/odom,/novatel/oem7/fix,/novatel/oem7/odom,39.663,-75.756,-1.800883516,0.001183128,0.000120246,-0.000422156,0.001105250,0.000120246,,,
1786043763545299579,1786043763.545014514,/novatel/oem7/inspva,/novatel/oem7/inspva,/novatel/oem7/inspva,39.663,-75.756,-1.800892082,0.001014591,0.000206556,0.000943146,-0.000373991,0.000206556,,novatel_oem7_msgs.msg.InertialSolutionStatus(status=3),
1786043763545873272,1786043763.545192439,/novatel/oem7/fix,/novatel/oem7/fix,/novatel/oem7/inspva,39.663,-75.756,-1.800892082,0.001014591,0.000206556,0.000943146,-0.000373991,0.000206556,,0,
1786043763546321541,1786043763.545631353,/novatel/oem7/odom,/novatel/oem7/fix,/novatel/oem7/odom,39.663,-75.756,-1.800892082,0.001014353,0.000207722,-0.000327917,0.000959886,0.000207722,,,
1786043763555952790,1786043763.555632953,/novatel/oem7/odom,/novatel/oem7/fix,/novatel/oem7/odom,39.663,-75.756,-1.800892082,0.001014353,0.000207722,-0.000327917,0.000959886,0.000207722,,,
1786043763566749643,1786043763.566473115,/novatel/oem7/inspva,/novatel/oem7/inspva,/novatel/oem7/inspva,39.663,-75.756,-1.800896251,0.000796383,0.000474643,0.000775614,-0.000180690,0.000474643,,novatel_oem7_msgs.msg.InertialSolutionStatus(status=3),
1786043763567312680,1786043763.566652191,/novatel/oem7/fix,/novatel/oem7/fix,/novatel/oem7/inspva,39.663,-75.756,-1.800896251,0.000796383,0.000474643,0.000775614,-0.000180690,0.000474643,,0,
1786043763567762046,1786043763.566996327,/novatel/oem7/odom,/novatel/oem7/fix,/novatel/oem7/odom,39.663,-75.756,-1.800896251,0.000795540,0.000476055,-0.000144111,0.000782378,0.000476055,,,
1786043763574971412,1786043763.574532830,/novatel/oem7/odom,/novatel/oem7/fix,/novatel/oem7/odom,39.663,-75.756,-1.800896251,0.000795540,0.000476055,-0.000144111,0.000782378,0.000476055,,,
1786043763585455878,1786043763.584967421,/novatel/oem7/inspva,/novatel/oem7/inspva,/novatel/oem7/inspva,39.663,-75.756,-1.800904871,0.000462867,0.000190737,0.000450560,0.000106023,0.000190737,,novatel_oem7_msgs.msg.InertialSolutionStatus(status=3),
1786043763586015602,1786043763.585142679,/novatel/oem7/fix,/novatel/oem7/fix,/novatel/oem7/inspva,39.663,-75.756,-1.800904871,0.000462867,0.000190737,0.000450560,0.000106023,0.000190737,,0,
1786043763586467552,1786043763.585449052,/novatel/oem7/odom,/novatel/oem7/fix,/novatel/oem7/odom,39.663,-75.756,-1.800904871,0.000462210,0.000192323,0.000127337,0.000444324,0.000192323,,,
1786043763594961297,1786043763.594487666,/novatel/oem7/odom,/novatel/oem7/fix,/novatel/oem7/odom,39.663,-75.756,-1.800904871,0.000462210,0.000192323,0.000127337,0.000444324,0.000192323,,,
1786043763606882767,1786043763.606347372,/novatel/oem7/inspva,/novatel/oem7/inspva,/novatel/oem7/inspva,39.663,-75.756,-1.800906595,0.000909595,0.000361296,0.000804107,-0.000425177,0.000361296,,novatel_oem7_msgs.msg.InertialSolutionStatus(status=3),
1786043763607792028,1786043763.606542227,/novatel/oem7/fix,/novatel/oem7/fix,/novatel/oem7/inspva,39.663,-75.756,-1.800906595,0.000909595,0.000361296,0.000804107,-0.000425177,0.000361296,,0,
1786043763608249324,1786043763.606968805,/novatel/oem7/odom,/novatel/oem7/fix,/novatel/oem7/odom,39.663,-75.756,-1.800906595,0.000909358,0.000361890,-0.000386476,0.000823146,0.000361890,,,
1786043763610558503,1786043763.610236138,/novatel/oem7/bestpos,/novatel/oem7/bestpos,/novatel/oem7/odom,39.663,-75.756,33.181547207,0.000909358,0.000361890,-0.000386476,0.000823146,0.000361890,,novatel_oem7_msgs.msg.SolutionStatus(status=0),novatel_oem7_msgs.msg.PositionOrVelocityType(type=53)
1786043763611175786,1786043763.610611428,/novatel/oem7/bestvel,/novatel/oem7/bestpos,/novatel/oem7/bestvel,39.663,-75.756,33.181547207,0.000633157,0.000486662,,,,326.015644370,novatel_oem7_msgs.msg.SolutionStatus(status=0),novatel_oem7_msgs.msg.PositionOrVelocityType(type=53)
1786043763615206203,1786043763.614880228,/novatel/oem7/odom,/novatel/oem7/bestpos,/novatel/oem7/odom,39.663,-75.756,33.181547207,0.000909358,0.000361890,-0.000386476,0.000823146,0.000361890,,,
1786043763626259779,1786043763.625982032,/novatel/oem7/inspva,/novatel/oem7/inspva,/novatel/oem7/inspva,39.663,-75.756,-1.800916407,0.000725904,0.000201584,0.000725634,-0.000019790,0.000201584,,novatel_oem7_msgs.msg.InertialSolutionStatus(status=3),
1786043763626854152,1786043763.626145451,/novatel/oem7/fix,/novatel/oem7/fix,/novatel/oem7/inspva,39.663,-75.756,-1.800916407,0.000725904,0.000201584,0.000725634,-0.000019790,0.000201584,,0,
1786043763627588352,1786043763.626652186,/novatel/oem7/odom,/novatel/oem7/fix,/novatel/oem7/odom,39.663,-75.756,-1.800916407,0.000725383,0.000203452,0.000015153,0.000725225,0.000203452,,,
1786043763634753064,1786043763.634326539,/novatel/oem7/odom,/novatel/oem7/fix,/novatel/oem7/odom,39.663,-75.756,-1.800916407,0.000725383,0.000203452,0.000015153,0.000725225,0.000203452,,,
1786043763645687836,1786043763.645205382,/novatel/oem7/inspva,/novatel/oem7/inspva,/novatel/oem7/inspva,39.663,-75.756,-1.800920089,0.000854700,0.000437279,0.000797060,-0.000308556,0.000437279,,novatel_oem7_msgs.msg.InertialSolutionStatus(status=3),
1786043763646296321,1786043763.645369770,/novatel/oem7/fix,/novatel/oem7/fix,/novatel/oem7/inspva,39.663,-75.756,-1.800920089,0.000854700,0.000437279,0.000797060,-0.000308556,0.000437279,,0,
1786043763646793431,1786043763.645864348,/novatel/oem7/odom,/novatel/oem7/fix,/novatel/oem7/odom,39.663,-75.756,-1.800920089,0.000854188,0.000438278,-0.000270638,0.000810180,0.000438278,,,
1786043763656690331,1786043763.656339410,/novatel/oem7/odom,/novatel/oem7/fix,/novatel/oem7/odom,39.663,-75.756,-1.800920089,0.000854188,0.000438278,-0.000270638,0.000810180,0.000438278,,,
1786043763665215389,1786043763.664914502,/novatel/oem7/inspva,/novatel/oem7/inspva,/novatel/oem7/inspva,39.663,-75.756,-1.800929678,0.000980501,0.000348985,0.000968388,-0.000153640,0.000348985,,novatel_oem7_msgs.msg.InertialSolutionStatus(status=3),
1786043763665809893,1786043763.665063684,/novatel/oem7/fix,/novatel/oem7/fix,/novatel/oem7/inspva,39.663,-75.756,-1.800929678,0.000980501,0.000348985,0.000968388,-0.000153640,0.000348985,,0,
1786043763666272910,1786043763.665504615,/novatel/oem7/odom,/novatel/oem7/fix,/novatel/oem7/odom,39.663,-75.756,-1.800929678,0.000979782,0.000350998,-0.000107142,0.000973906,0.000350998,,,
1786043763674743335,1786043763.674341011,/novatel/oem7/odom,/novatel/oem7/fix,/novatel/oem7/odom,39.663,-75.756,-1.800929678,0.000979782,0.000350998,-0.000107142,0.000973906,0.000350998,,,
1786043763686835120,1786043763.686473949,/novatel/oem7/inspva,/novatel/oem7/inspva,/novatel/oem7/inspva,39.663,-75.756,-1.800936181,0.000595278,0.000234193,0.000586663,-0.000100911,0.000234193,,novatel_oem7_msgs.msg.InertialSolutionStatus(status=3),
1786043763687451635,1786043763.686623480,/novatel/oem7/fix,/novatel/oem7/fix,/novatel/oem7/inspva,39.663,-75.756,-1.800936181,0.000595278,0.000234193,0.000586663,-0.000100911,0.000234193,,0,
1786043763687922461,1786043763.687094562,/novatel/oem7/odom,/novatel/oem7/fix,/novatel/oem7/odom,39.663,-75.756,-1.800936181,0.000594810,0.000235379,-0.000072822,0.000590335,0.000235379,,,
1786043763694922938,1786043763.694597824,/novatel/oem7/odom,/novatel/oem7/fix,/novatel/oem7/odom,39.663,-75.756,-1.800936181,0.000594810,0.000235379,-0.000072822,0.000590335,0.000235379,,,
1786043763706071526,1786043763.705781742,/novatel/oem7/inspva,/novatel/oem7/inspva,/novatel/oem7/inspva,39.663,-75.756,-1.800945589,0.000859071,0.000281801,0.000858390,-0.000034214,0.000281801,,novatel_oem7_msgs.msg.InertialSolutionStatus(status=3),
1786043763706665965,1786043763.705936001,/novatel/oem7/fix,/novatel/oem7/fix,/novatel/oem7/inspva,39.663,-75.756,-1.800945589,0.000859071,0.000281801,0.000858390,-0.000034214,0.000281801,,0,
1786043763707348829,1786043763.706452749,/novatel/oem7/odom,/novatel/oem7/fix,/novatel/oem7/odom,39.663,-75.756,-1.800945589,0.000858363,0.000283952,0.000006976,0.000858335,0.000283952,,,
1786043763709883815,1786043763.709559100,/novatel/oem7/bestpos,/novatel/oem7/bestpos,/novatel/oem7/odom,39.663,-75.756,33.181509807,0.000858363,0.000283952,0.000006976,0.000858335,0.000283952,,novatel_oem7_msgs.msg.SolutionStatus(status=0),novatel_oem7_msgs.msg.PositionOrVelocityType(type=53)
1786043763710690166,1786043763.710330162,/novatel/oem7/bestvel,/novatel/oem7/bestpos,/novatel/oem7/bestvel,39.663,-75.756,33.181509807,0.000717748,0.000304746,,,,6.854827907,novatel_oem7_msgs.msg.SolutionStatus(status=0),novatel_oem7_msgs.msg.PositionOrVelocityType(type=53)
1786043763715913011,1786043763.715508980,/novatel/oem7/odom,/novatel/oem7/bestpos,/novatel/oem7/odom,39.663,-75.756,33.181509807,0.000858363,0.000283952,0.000006976,0.000858335,0.000283952,,,
1786043763725487475,1786043763.725201471,/novatel/oem7/inspva,/novatel/oem7/inspva,/novatel/oem7/inspva,39.663,-75.756,-1.800952049,0.000701458,0.000191041,0.000637678,-0.000292251,0.000191041,,novatel_oem7_msgs.msg.InertialSolutionStatus(status=3),
1786043763726046467,1786043763.725364352,/novatel/oem7/fix,/novatel/oem7/fix,/novatel/oem7/inspva,39.663,-75.756,-1.800952049,0.000701458,0.000191041,0.000637678,-0.000292251,0.000191041,,0,
1786043763726502859,1786043763.725740566,/novatel/oem7/odom,/novatel/oem7/fix,/novatel/oem7/odom,39.663,-75.756,-1.800952049,0.000701287,0.000191668,-0.000261259,0.000650805,0.000191668,,,
1786043763735102767,1786043763.734769610,/novatel/oem7/odom,/novatel/oem7/fix,/novatel/oem7/odom,39.663,-75.756,-1.800952049,0.000701287,0.000191668,-0.000261259,0.000650805,0.000191668,,,
1786043763746356128,1786043763.746094706,/novatel/oem7/inspva,/novatel/oem7/inspva,/novatel/oem7/inspva,39.663,-75.756,-1.800961878,0.000919156,0.000202908,0.000917436,-0.000056215,0.000202908,,novatel_oem7_msgs.msg.InertialSolutionStatus(status=3),
1786043763746928631,1786043763.746241695,/novatel/oem7/fix,/novatel/oem7/fix,/novatel/oem7/inspva,39.663,-75.756,-1.800961878,0.000919156,0.000202908,0.000917436,-0.000056215,0.000202908,,0,
1786043763747584260,1786043763.746743483,/novatel/oem7/odom,/novatel/oem7/fix,/novatel/oem7/odom,39.663,-75.756,-1.800961878,0.000918660,0.000205141,-0.000011795,0.000918585,0.000205141,,,
1786043763756144456,1786043763.755810917,/novatel/oem7/odom,/novatel/oem7/fix,/novatel/oem7/odom,39.663,-75.756,-1.800961878,0.000918660,0.000205141,-0.000011795,0.000918585,0.000205141,,,
1786043763765714113,1786043763.765208138,/novatel/oem7/inspva,/novatel/oem7/inspva,/novatel/oem7/inspva,39.663,-75.756,-1.800964854,0.000832568,0.000481563,0.000829577,-0.000070505,0.000481563,,novatel_oem7_msgs.msg.InertialSolutionStatus(status=3),
1786043763766268814,1786043763.765363360,/novatel/oem7/fix,/novatel/oem7/fix,/novatel/oem7/inspva,39.663,-75.756,-1.800964854,0.000832568,0.000481563,0.000829577,-0.000070505,0.000481563,,0,
1786043763766730071,1786043763.765882749,/novatel/oem7/odom,/novatel/oem7/fix,/novatel/oem7/odom,39.663,-75.756,-1.800964854,0.000831436,0.000483515,-0.000031456,0.000830840,0.000483515,,,
1786043763775846942,1786043763.775521831,/novatel/oem7/odom,/novatel/oem7/fix,/novatel/oem7/odom,39.663,-75.756,-1.800964854,0.000831436,0.000483515,-0.000031456,0.000830840,0.000483515,,,
1786043763785215130,1786043763.784947176,/novatel/oem7/inspva,/novatel/oem7/inspva,/novatel/oem7/inspva,39.663,-75.756,-1.800972918,0.001009658,0.000361929,0.001009360,0.000024523,0.000361929,,novatel_oem7_msgs.msg.InertialSolutionStatus(status=3),
1786043763785802950,1786043763.785088954,/novatel/oem7/fix,/novatel/oem7/fix,/novatel/oem7/inspva,39.663,-75.756,-1.800972918,0.001009658,0.000361929,0.001009360,0.000024523,0.000361929,,0,
1786043763786254229,1786043763.785558602,/novatel/oem7/odom,/novatel/oem7/fix,/novatel/oem7/odom,39.663,-75.756,-1.800972918,0.001008658,0.000364708,0.000072741,0.001006031,0.000364708,,,
1786043763794729089,1786043763.794367037,/novatel/oem7/odom,/novatel/oem7/fix,/novatel/oem7/odom,39.663,-75.756,-1.800972918,0.001008658,0.000364708,0.000072741,0.001006031,0.000364708,,,
1786043763806532391,1786043763.806237089,/novatel/oem7/inspva,/novatel/oem7/inspva,/novatel/oem7/inspva,39.663,-75.756,-1.800975379,0.000757547,0.000382002,0.000755296,-0.000058348,0.000382002,,novatel_oem7_msgs.msg.InertialSolutionStatus(status=3),
1786043763807140788,1786043763.806387701,/novatel/oem7/fix,/novatel/oem7/fix,/novatel/oem7/inspva,39.663,-75.756,-1.800975379,0.000757547,0.000382002,0.000755296,-0.000058348,0.000382002,,0,
1786043763807830015,1786043763.806950273,/novatel/oem7/odom,/novatel/oem7/fix,/novatel/oem7/odom,39.663,-75.756,-1.800975379,0.000756640,0.000383795,-0.000022594,0.000756302,0.000383795,,,
1786043763810532414,1786043763.810210329,/novatel/oem7/bestpos,/novatel/oem7/bestpos,/novatel/oem7/odom,39.663,-75.756,33.181475721,0.000756640,0.000383795,-0.000022594,0.000756302,0.000383795,,novatel_oem7_msgs.msg.SolutionStatus(status=0),novatel_oem7_msgs.msg.PositionOrVelocityType(type=53)
1786043763811169881,1786043763.810632544,/novatel/oem7/bestvel,/novatel/oem7/bestpos,/novatel/oem7/bestvel,39.663,-75.756,33.181475721,0.000616913,0.000535172,,,,343.789339381,novatel_oem7_msgs.msg.SolutionStatus(status=0),novatel_oem7_msgs.msg.PositionOrVelocityType(type=53)
1786043763815368745,1786043763.815011951,/novatel/oem7/odom,/novatel/oem7/bestpos,/novatel/oem7/odom,39.663,-75.756,33.181475721,0.000756640,0.000383795,-0.000022594,0.000756302,0.000383795,,,
1786043763825389703,1786043763.825094579,/novatel/oem7/inspva,/novatel/oem7/inspva,/novatel/oem7/inspva,39.663,-75.756,-1.800980469,0.000801224,0.000170255,0.000749491,0.000283236,0.000170255,,novatel_oem7_msgs.msg.InertialSolutionStatus(status=3),
1786043763826008978,1786043763.825269990,/novatel/oem7/fix,/novatel/oem7/fix,/novatel/oem7/inspva,39.663,-75.756,-1.800980469,0.000801224,0.000170255,0.000749491,0.000283236,0.000170255,,0,
1786043763826502970,1786043763.825654798,/novatel/oem7/odom,/novatel/oem7/fix,/novatel/oem7/odom,39.663,-75.756,-1.800980469,0.000800574,0.000173284,0.000319091,0.000734235,0.000173284,,,
1786043763835037311,1786043763.834666001,/novatel/oem7/odom,/novatel/oem7/fix,/novatel/oem7/odom,39.663,-75.756,-1.800980469,0.000800574,0.000173284,0.000319091,0.000734235,0.000173284,,,
1786043763845649847,1786043763.845324021,/novatel/oem7/inspva,/novatel/oem7/inspva,/novatel/oem7/inspva,39.663,-75.756,-1.800976598,0.000486447,0.000723789,0.000321341,0.000365199,0.000723789,,novatel_oem7_msgs.msg.InertialSolutionStatus(status=3),
1786043763846708082,1786043763.845528463,/novatel/oem7/fix,/novatel/oem7/fix,/novatel/oem7/inspva,39.663,-75.756,-1.800976598,0.000486447,0.000723789,0.000321341,0.000365199,0.000723789,,0,
1786043763847660280,1786043763.846035675,/novatel/oem7/odom,/novatel/oem7/fix,/novatel/oem7/odom,39.663,-75.756,-1.800976598,0.000483180,0.000725973,0.000377814,0.000301196,0.000725973,,,
1786043763856745228,1786043763.856357006,/novatel/oem7/odom,/novatel/oem7/fix,/novatel/oem7/odom,39.663,-75.756,-1.800976598,0.000483180,0.000725973,0.000377814,0.000301196,0.000725973,,,
1786043763867778878,1786043763.866120927,/novatel/oem7/inspva,/novatel/oem7/inspva,/novatel/oem7/inspva,39.663,-75.756,-1.800979388,0.000926598,0.000691567,0.000341949,0.000861193,0.000691567,,novatel_oem7_msgs.msg.InertialSolutionStatus(status=3),
1786043763868817506,1786043763.866334219,/novatel/oem7/fix,/novatel/oem7/fix,/novatel/oem7/inspva,39.663,-75.756,-1.800979388,0.000926598,0.000691567,0.000341949,0.000861193,0.000691567,,0,
1786043763869307123,1786043763.867822131,/novatel/oem7/odom,/novatel/oem7/fix,/novatel/oem7/odom,39.663,-75.756,-1.800979388,0.000923558,0.000695621,0.000874336,0.000297482,0.000695621,,,
1786043763875119004,1786043763.874727336,/novatel/oem7/odom,/novatel/oem7/fix,/novatel/oem7/odom,39.663,-75.756,-1.800979388,0.000923558,0.000695621,0.000874336,0.000297482,0.000695621,,,
1786043763885623059,1786043763.885316972,/novatel/oem7/inspva,/novatel/oem7/inspva,/novatel/oem7/inspva,39.663,-75.756,-1.800978657,0.000633866,0.000285876,0.000410100,0.000483326,0.000285876,,novatel_oem7_msgs.msg.InertialSolutionStatus(status=3),
1786043763886251443,1786043763.885506314,/novatel/oem7/fix,/novatel/oem7/fix,/novatel/oem7/inspva,39.663,-75.756,-1.800978657,0.000633866,0.000285876,0.000410100,0.000483326,0.000285876,,0,
1786043763886966080,1786043763.886221411,/novatel/oem7/odom,/novatel/oem7/fix,/novatel/oem7/odom,39.663,-75.756,-1.800978657,0.000632570,0.000288732,0.000501814,0.000385134,0.000288732,,,
1786043763895826473,1786043763.895459121,/novatel/oem7/odom,/novatel/oem7/fix,/novatel/oem7/odom,39.663,-75.756,-1.800978657,0.000632570,0.000288732,0.000501814,0.000385134,0.000288732,,,
1786043763905995596,1786043763.905695874,/novatel/oem7/inspva,/novatel/oem7/inspva,/novatel/oem7/inspva,39.663,-75.756,-1.800976118,0.000926692,0.000538519,0.000502386,0.000778696,0.000538519,,novatel_oem7_msgs.msg.InertialSolutionStatus(status=3),
1786043763906643275,1786043763.905851525,/novatel/oem7/fix,/novatel/oem7/fix,/novatel/oem7/inspva,39.663,-75.756,-1.800976118,0.000926692,0.000538519,0.000502386,0.000778696,0.000538519,,0,
1786043763907178004,1786043763.906363663,/novatel/oem7/odom,/novatel/oem7/fix,/novatel/oem7/odom,39.663,-75.756,-1.800976118,0.000924255,0.000542691,0.000800407,0.000462164,0.000542691,,,
1786043763909899653,1786043763.909512725,/novatel/oem7/bestpos,/novatel/oem7/bestpos,/novatel/oem7/odom,39.663,-75.756,33.181474488,0.000924255,0.000542691,0.000800407,0.000462164,0.000542691,,novatel_oem7_msgs.msg.SolutionStatus(status=0),novatel_oem7_msgs.msg.PositionOrVelocityType(type=53)
1786043763910599198,1786043763.910309010,/novatel/oem7/bestvel,/novatel/oem7/bestpos,/novatel/oem7/bestvel,39.663,-75.756,33.181474488,0.000832410,0.000588009,,,,46.984396061,novatel_oem7_msgs.msg.SolutionStatus(status=0),novatel_oem7_msgs.msg.PositionOrVelocityType(type=53)
1786043763914778849,1786043763.914393644,/novatel/oem7/odom,/novatel/oem7/bestpos,/novatel/oem7/odom,39.663,-75.756,33.181474488,0.000924255,0.000542691,0.000800407,0.000462164,0.000542691,,,
1786043763927019403,1786043763.926732831,/novatel/oem7/inspva,/novatel/oem7/inspva,/novatel/oem7/inspva,39.663,-75.756,-1.800972621,0.001025533,0.000565298,0.000552488,0.000863988,0.000565298,,novatel_oem7_msgs.msg.InertialSolutionStatus(status=3),
1786043763927636024,1786043763.926905186,/novatel/oem7/fix,/novatel/oem7/fix,/novatel/oem7/inspva,39.663,-75.756,-1.800972621,0.001025533,0.000565298,0.000552488,0.000863988,0.000565298,,0,
1786043763928308227,1786043763.927462655,/novatel/oem7/odom,/novatel/oem7/fix,/novatel/oem7/odom,39.663,-75.756,-1.800972621,0.001022970,0.000569922,0.000887951,0.000507948,0.000569922,,,
1786043763935448627,1786043763.935093251,/novatel/oem7/odom,/novatel/oem7/fix,/novatel/oem7/odom,39.663,-75.756,-1.800972621,0.001022970,0.000569922,0.000887951,0.000507948,0.000569922,,,
1786043763945402821,1786043763.945120992,/novatel/oem7/inspva,/novatel/oem7/inspva,/novatel/oem7/inspva,39.663,-75.756,-1.800971949,0.001070603,0.000379842,0.000483388,0.000955263,0.000379842,,novatel_oem7_msgs.msg.InertialSolutionStatus(status=3),
1786043763946012811,1786043763.945290404,/novatel/oem7/fix,/novatel/oem7/fix,/novatel/oem7/inspva,39.663,-75.756,-1.800971949,0.001070603,0.000379842,0.000483388,0.000955263,0.000379842,,0,
1786043763946514515,1786043763.945678771,/novatel/oem7/odom,/novatel/oem7/fix,/novatel/oem7/odom,39.663,-75.756,-1.800971949,0.001068900,0.000384610,0.000976421,0.000434912,0.000384610,,,
1786043763956257081,1786043763.955856864,/novatel/oem7/odom,/novatel/oem7/fix,/novatel/oem7/odom,39.663,-75.756,-1.800971949,0.001068900,0.000384610,0.000976421,0.000434912,0.000384610,,,
1786043763965732125,1786043763.965440950,/novatel/oem7/inspva,/novatel/oem7/inspva,/novatel/oem7/inspva,39.663,-75.756,-1.800966098,0.001176452,0.000615468,0.000256561,0.001148136,0.000615468,,novatel_oem7_msgs.msg.InertialSolutionStatus(status=3),
1786043763966477700,1786043763.965618151,/novatel/oem7/fix,/novatel/oem7/fix,/novatel/oem7/inspva,39.663,-75.756,-1.800966098,0.001176452,0.000615468,0.000256561,0.001148136,0.000615468,,0,
1786043763967967187,1786043763.967523157,/novatel/oem7/odom,/novatel/oem7/fix,/novatel/oem7/odom,39.663,-75.756,-1.800966098,0.001173900,0.000620321,0.001157030,0.000198301,0.000620321,,,
1786043763975336084,1786043763.974993425,/novatel/oem7/odom,/novatel/oem7/fix,/novatel/oem7/odom,39.663,-75.756,-1.800966098,0.001173900,0.000620321,0.001157030,0.000198301,0.000620321,,,
1786043763986804466,1786043763.986354799,/novatel/oem7/inspva,/novatel/oem7/inspva,/novatel/oem7/inspva,39.663,-75.756,-1.800964553,0.000973219,0.000591085,0.000247313,0.000941272,0.000591085,,novatel_oem7_msgs.msg.InertialSolutionStatus(status=3),
1786043763987395441,1786043763.986533744,/novatel/oem7/fix,/novatel/oem7/fix,/novatel/oem7/inspva,39.663,-75.756,-1.800964553,0.000973219,0.000591085,0.000247313,0.000941272,0.000591085,,0,
1786043763987877485,1786043763.987011102,/novatel/oem7/odom,/novatel/oem7/fix,/novatel/oem7/odom,39.663,-75.756,-1.800964553,0.000970728,0.000595167,0.000950051,0.000199292,0.000595167,,,
1786043763994807137,1786043763.994458417,/novatel/oem7/odom,/novatel/oem7/fix,/novatel/oem7/odom,39.663,-75.756,-1.800964553,0.000970728,0.000595167,0.000950051,0.000199292,0.000595167,,,
1786043764010401832,1786043764.010119481,/novatel/oem7/inspva,/novatel/oem7/inspva,/novatel/oem7/inspva,39.663,-75.756,-1.800963475,0.001273377,0.000154702,0.000853273,0.000945206,0.000154702,,novatel_oem7_msgs.msg.InertialSolutionStatus(status=3),
1786043764010984839,1786043764.010269689,/novatel/oem7/fix,/novatel/oem7/fix,/novatel/oem7/inspva,39.663,-75.756,-1.800963475,0.001273377,0.000154702,0.000853273,0.000945206,0.000154702,,0,
1786043764012132591,1786043764.011570195,/novatel/oem7/odom,/novatel/oem7/fix,/novatel/oem7/odom,39.663,-75.756,-1.800963475,0.001272671,0.000160403,0.000985399,0.000805407,0.000160403,,,
1786043764017643612,1786043764.017085351,/novatel/oem7/odom,/novatel/oem7/fix,/novatel/oem7/odom,39.663,-75.756,-1.800963475,0.001272671,0.000160403,0.000985399,0.000805407,0.000160403,,,
1786043764026907693,1786043764.026488772,/novatel/oem7/bestpos,/novatel/oem7/bestpos,/novatel/oem7/odom,39.663,-75.756,33.181494247,0.001272671,0.000160403,0.000985399,0.000805407,0.000160403,,novatel_oem7_msgs.msg.SolutionStatus(status=0),novatel_oem7_msgs.msg.PositionOrVelocityType(type=53)
1786043764027546244,1786043764.026969203,/novatel/oem7/bestvel,/novatel/oem7/bestpos,/novatel/oem7/bestvel,39.663,-75.756,33.181494247,0.001310942,0.000129920,,,,49.778787265,novatel_oem7_msgs.msg.SolutionStatus(status=0),novatel_oem7_msgs.msg.PositionOrVelocityType(type=53)
1786043764028138151,1786043764.027364970,/novatel/oem7/inspva,/novatel/oem7/inspva,/novatel/oem7/inspva,39.663,-75.756,-1.800961237,0.000698619,0.000121277,0.000509910,0.000477557,0.000121277,,novatel_oem7_msgs.msg.InertialSolutionStatus(status=3),
1786043764028514975,1786043764.027513148,/novatel/oem7/fix,/novatel/oem7/fix,/novatel/oem7/inspva,39.663,-75.756,-1.800961237,0.000698619,0.000121277,0.000509910,0.000477557,0.000121277,,0,
1786043764029146890,1786043764.027965277,/novatel/oem7/odom,/novatel/oem7/fix,/novatel/oem7/odom,39.663,-75.756,-1.800961237,0.000698076,0.000124365,0.000501571,0.000485527,0.000124365,,,
1786043764035410457,1786043764.034772968,/novatel/oem7/odom,/novatel/oem7/fix,/novatel/oem7/odom,39.663,-75.756,-1.800961237,0.000698076,0.000124365,0.000501571,0.000485527,0.000124365,,,
1786043764046912352,1786043764.046613090,/novatel/oem7/inspva,/novatel/oem7/inspva,/novatel/oem7/inspva,39.663,-75.756,-1.800959249,0.001297722,0.000886601,0.000603255,0.001148984,0.000886601,,novatel_oem7_msgs.msg.InertialSolutionStatus(status=3),
1786043764047488819,1786043764.046763435,/novatel/oem7/fix,/novatel/oem7/fix,/novatel/oem7/inspva,39.663,-75.756,-1.800959249,0.001297722,0.000886601,0.000603255,0.001148984,0.000886601,,0,
1786043764048115864,1786043764.047289203,/novatel/oem7/odom,/novatel/oem7/fix,/novatel/oem7/odom,39.663,-75.756,-1.800959249,0.001293760,0.000892371,0.001173890,0.000543873,0.000892371,,,
1786043764057259370,1786043764.056893443,/novatel/oem7/odom,/novatel/oem7/fix,/novatel/oem7/odom,39.663,-75.756,-1.800959249,0.001293760,0.000892371,0.001173890,0.000543873,0.000892371,,,
1786043764065235292,1786043764.064958268,/novatel/oem7/inspva,/novatel/oem7/inspva,/novatel/oem7/inspva,39.663,-75.756,-1.800959934,0.000849348,0.000868357,0.000372975,0.000763073,0.000868357,,novatel_oem7_msgs.msg.InertialSolutionStatus(status=3),
1786043764065809521,1786043764.065112862,/novatel/oem7/fix,/novatel/oem7/fix,/novatel/oem7/inspva,39.663,-75.756,-1.800959934,0.000849348,0.000868357,0.000372975,0.000763073,0.000868357,,0,
1786043764066276706,1786043764.065556767,/novatel/oem7/odom,/novatel/oem7/fix,/novatel/oem7/odom,39.663,-75.756,-1.800959934,0.000845490,0.000872113,0.000777201,0.000332885,0.000872113,,,
1786043764075905079,1786043764.075567710,/novatel/oem7/odom,/novatel/oem7/fix,/novatel/oem7/odom,39.663,-75.756,-1.800959934,0.000845490,0.000872113,0.000777201,0.000332885,0.000872113,,,
1786043764085706757,1786043764.085429673,/novatel/oem7/inspva,/novatel/oem7/inspva,/novatel/oem7/inspva,39.663,-75.756,-1.800963391,0.001522886,0.000052678,0.001020243,0.001130612,0.000052678,,novatel_oem7_msgs.msg.InertialSolutionStatus(status=3),
1786043764086276375,1786043764.085578281,/novatel/oem7/fix,/novatel/oem7/fix,/novatel/oem7/inspva,39.663,-75.756,-1.800963391,0.001522886,0.000052678,0.001020243,0.001130612,0.000052678,,0,
1786043764086938009,1786043764.086185210,/novatel/oem7/odom,/novatel/oem7/fix,/novatel/oem7/odom,39.663,-75.756,-1.800963391,0.001522636,0.000059461,0.001179167,0.000963320,0.000059461,,,
1786043764095097987,1786043764.094755446,/novatel/oem7/odom,/novatel/oem7/fix,/novatel/oem7/odom,39.663,-75.756,-1.800963391,0.001522636,0.000059461,0.001179167,0.000963320,0.000059461,,,
1786043764106149206,1786043764.105734123,/novatel/oem7/inspva,/novatel/oem7/inspva,/novatel/oem7/inspva,39.663,-75.756,-1.800957786,0.000848236,0.000557757,0.000296930,0.000794567,0.000557757,,novatel_oem7_msgs.msg.InertialSolutionStatus(status=3),
1786043764106728906,1786043764.105876281,/novatel/oem7/fix,/novatel/oem7/fix,/novatel/oem7/inspva,39.663,-75.756,-1.800957786,0.000848236,0.000557757,0.000296930,0.000794567,0.000557757,,0,
1786043764107210784,1786043764.106352839,/novatel/oem7/odom,/novatel/oem7/fix,/novatel/oem7/odom,39.663,-75.756,-1.800957786,0.000845817,0.000561417,0.000806096,0.000256158,0.000561417,,,
1786043764109389021,1786043764.108924455,/novatel/oem7/bestpos,/novatel/oem7/bestpos,/novatel/oem7/odom,39.663,-75.756,33.181515807,0.000845817,0.000561417,0.000806096,0.000256158,0.000561417,,novatel_oem7_msgs.msg.SolutionStatus(status=0),novatel_oem7_msgs.msg.PositionOrVelocityType(type=53)
1786043764110014049,1786043764.109271375,/novatel/oem7/bestvel,/novatel/oem7/bestpos,/novatel/oem7/bestvel,39.663,-75.756,33.181515807,0.000996546,0.000732084,,,,99.794071945,novatel_oem7_msgs.msg.SolutionStatus(status=0),novatel_oem7_msgs.msg.PositionOrVelocityType(type=53)
1786043764114861927,1786043764.114522508,/novatel/oem7/odom,/novatel/oem7/bestpos,/novatel/oem7/odom,39.663,-75.756,33.181515807,0.000845817,0.000561417,0.000806096,0.000256158,0.000561417,,,
1786043764125555281,1786043764.125268339,/novatel/oem7/inspva,/novatel/oem7/inspva,/novatel/oem7/inspva,39.663,-75.756,-1.800955148,0.001558555,0.000614198,0.000897936,0.001273894,0.000614198,,novatel_oem7_msgs.msg.InertialSolutionStatus(status=3),
1786043764126125916,1786043764.125413090,/novatel/oem7/fix,/novatel/oem7/fix,/novatel/oem7/inspva,39.663,-75.756,-1.800955148,0.001558555,0.000614198,0.000897936,0.001273894,0.000614198,,0,
1786043764126787123,1786043764.126013670,/novatel/oem7/odom,/novatel/oem7/fix,/novatel/oem7/odom,39.663,-75.756,-1.800955148,0.001555792,0.000621164,0.001314160,0.000832750,0.000621164,,,
1786043764135807967,1786043764.135483748,/novatel/oem7/odom,/novatel/oem7/fix,/novatel/oem7/odom,39.663,-75.756,-1.800955148,0.001555792,0.000621164,0.001314160,0.000832750,0.000621164,,,
1786043764145299373,1786043764.145041034,/novatel/oem7/inspva,/novatel/oem7/inspva,/novatel/oem7/inspva,39.663,-75.756,-1.800953927,0.001022569,0.000587373,0.000617675,0.000814939,0.000587373,,novatel_oem7_msgs.msg.InertialSolutionStatus(status=3),
1786043764146092924,1786043764.145173008,/novatel/oem7/fix,/novatel/oem7/fix,/novatel/oem7/inspva,39.663,-75.756,-1.800953927,0.001022569,0.000587373,0.000617675,0.000814939,0.000587373,,0,
1786043764147127035,1786043764.145565342,/novatel/oem7/odom,/novatel/oem7/fix,/novatel/oem7/odom,39.663,-75.756,-1.800953927,0.001019924,0.000591954,0.000842084,0.000575447,0.000591954,,,
1786043764156083353,1786043764.155646463,/novatel/oem7/odom,/novatel/oem7/fix,/novatel/oem7/odom,39.663,-75.756,-1.800953927,0.001019924,0.000591954,0.000842084,0.000575447,0.000591954,,,
1786043764166847657,1786043764.166538566,/novatel/oem7/inspva,/novatel/oem7/inspva,/novatel/oem7/inspva,39.663,-75.756,-1.800949986,0.001454588,0.000753183,0.000734153,0.001255725,0.000753183,,novatel_oem7_msgs.msg.InertialSolutionStatus(status=3),
1786043764167433844,1786043764.166693334,/novatel/oem7/fix,/novatel/oem7/fix,/novatel/oem7/inspva,39.663,-75.756,-1.800949986,0.001454588,0.000753183,0.000734153,0.001255725,0.000753183,,0,
1786043764167885946,1786043764.167131205,/novatel/oem7/odom,/novatel/oem7/fix,/novatel/oem7/odom,39.663,-75.756,-1.800949986,0.001451209,0.000759673,0.001287441,0.000669705,0.000759673,,,
1786043764174993199,1786043764.174622637,/novatel/oem7/odom,/novatel/oem7/fix,/novatel/oem7/odom,39.663,-75.756,-1.800949986,0.001451209,0.000759673,0.001287441,0.000669705,0.000759673,,,
1786043764185240796,1786043764.184980411,/novatel/oem7/inspva,/novatel/oem7/inspva,/novatel/oem7/inspva,39.663,-75.756,-1.800945249,0.001290659,0.001039773,0.000604896,0.001140132,0.001039773,,novatel_oem7_msgs.msg.InertialSolutionStatus(status=3),
1786043764185812837,1786043764.185117593,/novatel/oem7/fix,/novatel/oem7/fix,/novatel/oem7/inspva,39.663,-75.756,-1.800945249,0.001290659,0.001039773,0.000604896,0.001140132,0.001039773,,0,
1786043764186259335,1786043764.185545333,/novatel/oem7/odom,/novatel/oem7/fix,/novatel/oem7/odom,39.663,-75.756,-1.800945249,0.001286020,0.001045505,0.001164556,0.000545578,0.001045505,,,
1786043764195742759,1786043764.195411959,/novatel/oem7/odom,/novatel/oem7/fix,/novatel/oem7/odom,39.663,-75.756,-1.800945249,0.001286020,0.001045505,0.001164556,0.000545578,0.001045505,,,
1786043764206902627,1786043764.206519730,/novatel/oem7/inspva,/novatel/oem7/inspva,/novatel/oem7/inspva,39.663,-75.756,-1.800941231,0.001809601,0.000688067,0.000780750,0.001632509,0.000688067,,novatel_oem7_msgs.msg.InertialSolutionStatus(status=3),
1786043764207482399,1786043764.206652825,/novatel/oem7/fix,/novatel/oem7/fix,/novatel/oem7/inspva,39.663,-75.756,-1.800941231,0.001809601,0.000688067,0.000780750,0.001632509,0.000688067,,0,
1786043764207925099,1786043764.207118923,/novatel/oem7/odom,/novatel/oem7/fix,/novatel/oem7/odom,39.663,-75.756,-1.800941231,0.001806544,0.000696054,0.001666302,0.000697883,0.000696054,,,
1786043764210501179,1786043764.210191057,/novatel/oem7/bestpos,/novatel/oem7/bestpos,/novatel/oem7/odom,39.663,-75.756,33.181531749,0.001806544,0.000696054,0.001666302,0.000697883,0.000696054,,novatel_oem7_msgs.msg.SolutionStatus(status=0),novatel_oem7_msgs.msg.PositionOrVelocityType(type=53)
1786043764211687335,1786043764.210602415,/novatel/oem7/bestvel,/novatel/oem7/bestpos,/novatel/oem7/bestvel,39.663,-75.756,33.181531749,0.001800352,0.000789321,,,,72.958398295,novatel_oem7_msgs.msg.SolutionStatus(status=0),novatel_oem7_msgs.msg.PositionOrVelocityType(type=53)
1786043764215146628,1786043764.214606985,/novatel/oem7/odom,/novatel/oem7/bestpos,/novatel/oem7/odom,39.663,-75.756,33.181531749,0.001806544,0.000696054,0.001666302,0.000697883,0.000696054,,,
1786043764226307317,1786043764.226034639,/novatel/oem7/inspva,/novatel/oem7/inspva,/novatel/oem7/inspva,39.663,-75.756,-1.800931122,0.001468016,0.000962065,0.000761831,0.001254865,0.000962065,,novatel_oem7_msgs.msg.InertialSolutionStatus(status=3),
1786043764226887265,1786043764.226182868,/novatel/oem7/fix,/novatel/oem7/fix,/novatel/oem7/inspva,39.663,-75.756,-1.800931122,0.001468016,0.000962065,0.000761831,0.001254865,0.000962065,,0,
1786043764227355323,1786043764.226580688,/novatel/oem7/odom,/novatel/oem7/fix,/novatel/oem7/odom,39.663,-75.756,-1.800931122,0.001463685,0.000968641,0.001287146,0.000696872,0.000968641,,,
1786043764234876229,1786043764.234533265,/novatel/oem7/odom,/novatel/oem7/fix,/novatel/oem7/odom,39.663,-75.756,-1.800931122,0.001463685,0.000968641,0.001287146,0.000696872,0.000968641,,,
1786043764245511911,1786043764.245229159,/novatel/oem7/inspva,/novatel/oem7/inspva,/novatel/oem7/inspva,39.663,-75.756,-1.800920062,0.001559245,0.001197951,0.000666270,0.001409727,0.001197951,,novatel_oem7_msgs.msg.InertialSolutionStatus(status=3),
1786043764246096880,1786043764.245368010,/novatel/oem7/fix,/novatel/oem7/fix,/novatel/oem7/inspva,39.663,-75.756,-1.800920062,0.001559245,0.001197951,0.000666270,0.001409727,0.001197951,,0,
1786043764246569061,1786043764.245728381,/novatel/oem7/odom,/novatel/oem7/fix,/novatel/oem7/odom,39.663,-75.756,-1.800920062,0.001553933,0.001204834,0.001436243,0.000593223,0.001204834,,,
1786043764257199012,1786043764.256225349,/novatel/oem7/odom,/novatel/oem7/fix,/novatel/oem7/odom,39.663,-75.756,-1.800920062,0.001553933,0.001204834,0.001436243,0.000593223,0.001204834,,,
1786043764265857846,1786043764.265101478,/novatel/oem7/inspva,/novatel/oem7/inspva,/novatel/oem7/inspva,39.663,-75.756,-1.800908206,0.001489590,0.001552214,0.000564998,0.001378280,0.001552214,,novatel_oem7_msgs.msg.InertialSolutionStatus(status=3),
1786043764267512076,1786043764.265298470,/novatel/oem7/fix,/novatel/oem7/fix,/novatel/oem7/inspva,39.663,-75.756,-1.800908206,0.001489590,0.001552214,0.000564998,0.001378280,0.001552214,,0,
1786043764268190539,1786043764.265945100,/novatel/oem7/odom,/novatel/oem7/fix,/novatel/oem7/odom,39.663,-75.756,-1.800908206,0.001482760,0.001558740,0.001398490,0.000492750,0.001558740,,,
1786043764275213351,1786043764.274717381,/novatel/oem7/odom,/novatel/oem7/fix,/novatel/oem7/odom,39.663,-75.756,-1.800908206,0.001482760,0.001558740,0.001398490,0.000492750,0.001558740,,,
1786043764287644218,1786043764.286774218,/novatel/oem7/inspva,/novatel/oem7/inspva,/novatel/oem7/inspva,39.663,-75.756,-1.800898137,0.001530675,0.001094000,0.000363311,0.001486933,0.001094000,,novatel_oem7_msgs.msg.InertialSolutionStatus(status=3),
1786043764289008167,1786043764.287105062,/novatel/oem7/fix,/novatel/oem7/fix,/novatel/oem7/inspva,39.663,-75.756,-1.800898137,0.001530675,0.001094000,0.000363311,0.001486933,0.001094000,,0,
1786043764289615378,1786043764.287911744,/novatel/oem7/odom,/novatel/oem7/fix,/novatel/oem7/odom,39.663,-75.756,-1.800898137,0.001526081,0.001100399,0.001498836,0.000287080,0.001100399,,,
1786043764295615257,1786043764.295103279,/novatel/oem7/odom,/novatel/oem7/fix,/novatel/oem7/odom,39.663,-75.756,-1.800898137,0.001526081,0.001100399,0.001498836,0.000287080,0.001100399,,,
1786043764306321159,1786043764.305962525,/novatel/oem7/inspva,/novatel/oem7/inspva,/novatel/oem7/inspva,39.663,-75.756,-1.800883299,0.001511675,0.001271896,0.000545015,0.001410007,0.001271896,,novatel_oem7_msgs.msg.InertialSolutionStatus(status=3),
1786043764306997941,1786043764.306139653,/novatel/oem7/fix,/novatel/oem7/fix,/novatel/oem7/inspva,39.663,-75.756,-1.800883299,0.001511675,0.001271896,0.000545015,0.001410007,0.001271896,,0,
1786043764307542393,1786043764.306661078,/novatel/oem7/odom,/novatel/oem7/fix,/novatel/oem7/odom,39.663,-75.756,-1.800883299,0.001506104,0.001278489,0.001430258,0.000471921,0.001278489,,,
1786043764309810318,1786043764.309350282,/novatel/oem7/bestpos,/novatel/oem7/bestpos,/novatel/oem7/odom,39.663,-75.756,33.181571954,0.001506104,0.001278489,0.001430258,0.000471921,0.001278489,,novatel_oem7_msgs.msg.SolutionStatus(status=0),novatel_oem7_msgs.msg.PositionOrVelocityType(type=53)
1786043764310549853,1786043764.309969098,/novatel/oem7/bestvel,/novatel/oem7/bestpos,/novatel/oem7/bestvel,39.663,-75.756,33.181571954,0.001605704,0.001214256,,,,69.576818625,novatel_oem7_msgs.msg.SolutionStatus(status=0),novatel_oem7_msgs.msg.PositionOrVelocityType(type=53)
1786043764316060501,1786043764.315633802,/novatel/oem7/odom,/novatel/oem7/bestpos,/novatel/oem7/odom,39.663,-75.756,33.181571954,0.001506104,0.001278489,0.001430258,0.000471921,0.001278489,,,
1786043764325737429,1786043764.325385222,/novatel/oem7/inspva,/novatel/oem7/inspva,/novatel/oem7/inspva,39.663,-75.756,-1.800871047,0.001351416,0.001185996,0.000124126,0.001345703,0.001185996,,novatel_oem7_msgs.msg.InertialSolutionStatus(status=3),
1786043764326456591,1786043764.325589511,/novatel/oem7/fix,/novatel/oem7/fix,/novatel/oem7/inspva,39.663,-75.756,-1.800871047,0.001351416,0.001185996,0.000124126,0.001345703,0.001185996,,0,
1786043764327286824,1786043764.326212421,/novatel/oem7/odom,/novatel/oem7/fix,/novatel/oem7/odom,39.663,-75.756,-1.800871047,0.001346793,0.001191243,0.001345674,0.000054893,0.001191243,,,
1786043764335656684,1786043764.335229724,/novatel/oem7/odom,/novatel/oem7/fix,/novatel/oem7/odom,39.663,-75.756,-1.800871047,0.001346793,0.001191243,0.001345674,0.000054893,0.001191243,,,
1786043764347784514,1786043764.346281585,/novatel/oem7/inspva,/novatel/oem7/inspva,/novatel/oem7/inspva,39.663,-75.756,-1.800864034,0.001251222,0.000852246,0.000244470,0.001227107,0.000852246,,novatel_oem7_msgs.msg.InertialSolutionStatus(status=3),
1786043764348593877,1786043764.346598302,/novatel/oem7/fix,/novatel/oem7/fix,/novatel/oem7/inspva,39.663,-75.756,-1.800864034,0.001251222,0.000852246,0.000244470,0.001227107,0.000852246,,0,
1786043764349127652,1786043764.347740490,/novatel/oem7/odom,/novatel/oem7/fix,/novatel/oem7/odom,39.663,-75.756,-1.800864034,0.001346788,0.001191249,0.001345668,0.000054897,0.001191249,,,
1786043764356147323,1786043764.355741627,/novatel/oem7/odom,/novatel/oem7/fix,/novatel/oem7/odom,39.663,-75.756,-1.800864034,0.001247706,0.000857385,0.001234398,0.000181747,0.000857385,,,
1786043764365659628,1786043764.365271816,/novatel/oem7/inspva,/novatel/oem7/inspva,/novatel/oem7/inspva,39.663,-75.756,-1.800854854,0.001132759,0.000884465,0.000080531,0.001129893,0.000884465,,novatel_oem7_msgs.msg.InertialSolutionStatus(status=3),
1786043764366354051,1786043764.365458798,/novatel/oem7/fix,/novatel/oem7/fix,/novatel/oem7/inspva,39.663,-75.756,-1.800854854,0.001132759,0.000884465,0.000080531,0.001129893,0.000884465,,0,
1786043764367148184,1786043764.366068294,/novatel/oem7/odom,/novatel/oem7/fix,/novatel/oem7/odom,39.663,-75.756,-1.800854854,0.001129355,0.000888808,0.001129127,0.000022691,0.000888808,,,
1786043764375967269,1786043764.375574439,/novatel/oem7/odom,/novatel/oem7/fix,/novatel/oem7/odom,39.663,-75.756,-1.800854854,0.001129355,0.000888808,0.001129127,0.000022691,0.000888808,,,
1786043764385556828,1786043764.385233166,/novatel/oem7/inspva,/novatel/oem7/inspva,/novatel/oem7/inspva,39.663,-75.756,-1.800849294,0.001330740,0.000775236,0.000574303,0.001200436,0.000775236,,novatel_oem7_msgs.msg.InertialSolutionStatus(status=3),
1786043764386149280,1786043764.385377107,/novatel/oem7/fix,/novatel/oem7/fix,/novatel/oem7/inspva,39.663,-75.756,-1.800849294,0.001330740,0.000775236,0.000574303,0.001200436,0.000775236,,0,
1786043764386614742,1786043764.385802462,/novatel/oem7/odom,/novatel/oem7/fix,/novatel/oem7/odom,39.663,-75.756,-1.800849294,0.001327279,0.000781147,0.001224268,0.000512676,0.000781147,,,
1786043764394846949,1786043764.394473862,/novatel/oem7/odom,/novatel/oem7/fix,/novatel/oem7/odom,39.663,-75.756,-1.800849294,0.001327279,0.000781147,0.001224268,0.000512676,0.000781147,,,
1786043764406407806,1786043764.406065972,/novatel/oem7/inspva,/novatel/oem7/inspva,/novatel/oem7/inspva,39.663,-75.756,-1.800842367,0.001247035,0.000833615,0.000205012,0.001230068,0.000833615,,novatel_oem7_msgs.msg.InertialSolutionStatus(status=3),
1786043764407015649,1786043764.406209146,/novatel/oem7/fix,/novatel/oem7/fix,/novatel/oem7/inspva,39.663,-75.756,-1.800842367,0.001247035,0.000833615,0.000205012,0.001230068,0.000833615,,0,
1786043764407539025,1786043764.406739138,/novatel/oem7/odom,/novatel/oem7/fix,/novatel/oem7/odom,39.663,-75.756,-1.800842367,0.001243667,0.000838631,0.001235505,0.000142254,0.000838631,,,
1786043764410760474,1786043764.410293334,/novatel/oem7/bestpos,/novatel/oem7/bestpos,/novatel/oem7/odom,39.663,-75.756,33.181623540,0.001243667,0.000838631,0.001235505,0.000142254,0.000838631,,novatel_oem7_msgs.msg.SolutionStatus(status=0),novatel_oem7_msgs.msg.PositionOrVelocityType(type=53)
1786043764411440097,1786043764.410742985,/novatel/oem7/bestvel,/novatel/oem7/bestpos,/novatel/oem7/bestvel,39.663,-75.756,33.181623540,0.000903707,0.001238630,,,,101.891628861,novatel_oem7_msgs.msg.SolutionStatus(status=0),novatel_oem7_msgs.msg.PositionOrVelocityType(type=53)
1786043764415937083,1786043764.415577774,/novatel/oem7/odom,/novatel/oem7/bestpos,/novatel/oem7/odom,39.663,-75.756,33.181623540,0.001243667,0.000838631,0.001235505,0.000142254,0.000838631,,,
1786043764425827033,1786043764.425221647,/novatel/oem7/inspva,/novatel/oem7/inspva,/novatel/oem7/inspva,39.663,-75.756,-1.800837114,0.001679059,0.000688958,0.000671938,0.001538746,0.000688958,,novatel_oem7_msgs.msg.InertialSolutionStatus(status=3),
1786043764427231670,1786043764.425369398,/novatel/oem7/fix,/novatel/oem7/fix,/novatel/oem7/inspva,39.663,-75.756,-1.800837114,0.001679059,0.000688958,0.000671938,0.001538746,0.000688958,,0,
1786043764427726093,1786043764.425773282,/novatel/oem7/odom,/novatel/oem7/fix,/novatel/oem7/odom,39.663,-75.756,-1.800837114,0.001676017,0.000696327,0.001567310,0.000593778,0.000696327,,,
1786043764435964447,1786043764.435489847,/novatel/oem7/odom,/novatel/oem7/fix,/novatel/oem7/odom,39.663,-75.756,-1.800837114,0.001676017,0.000696327,0.001567310,0.000593778,0.000696327,,,
1786043764446068183,1786043764.445712549,/novatel/oem7/inspva,/novatel/oem7/inspva,/novatel/oem7/inspva,39.663,-75.756,-1.800826924,0.001299277,0.000897710,0.000054080,0.001298151,0.000897710,,novatel_oem7_msgs.msg.InertialSolutionStatus(status=3),
1786043764446811885,1786043764.445879418,/novatel/oem7/fix,/novatel/oem7/fix,/novatel/oem7/inspva,39.663,-75.756,-1.800826924,0.001299277,0.000897710,0.000054080,0.001298151,0.000897710,,0,
1786043764447347401,1786043764.446406236,/novatel/oem7/odom,/novatel/oem7/fix,/novatel/oem7/odom,39.663,-75.756,-1.800826924,0.001295907,0.000902568,0.001295851,-0.000012016,0.000902568,,,
1786043764457106734,1786043764.456367106,/novatel/oem7/odom,/novatel/oem7/fix,/novatel/oem7/odom,39.663,-75.756,-1.800826924,0.001295907,0.000902568,0.001295851,-0.000012016,0.000902568,,,
1786043764466660992,1786043764.466027926,/novatel/oem7/inspva,/novatel/oem7/inspva,/novatel/oem7/inspva,39.663,-75.756,-1.800815382,0.001790317,0.001120048,0.000381460,0.001749207,0.001120048,,novatel_oem7_msgs.msg.InertialSolutionStatus(status=3),
1786043764467664196,1786043764.466183795,/novatel/oem7/fix,/novatel/oem7/fix,/novatel/oem7/inspva,39.663,-75.756,-1.800815382,0.001790317,0.001120048,0.000381460,0.001749207,0.001120048,,0,
1786043764468188287,1786043764.466670823,/novatel/oem7/odom,/novatel/oem7/fix,/novatel/oem7/odom,39.663,-75.756,-1.800815382,0.001785676,0.001127433,0.001761598,0.000292255,0.001127433,,,
1786043764475004199,1786043764.474538231,/novatel/oem7/odom,/novatel/oem7/fix,/novatel/oem7/odom,39.663,-75.756,-1.800815382,0.001785676,0.001127433,0.001761598,0.000292255,0.001127433,,,
1786043764485378226,1786043764.485072597,/novatel/oem7/inspva,/novatel/oem7/inspva,/novatel/oem7/inspva,39.663,-75.756,-1.800801339,0.001371640,0.001048233,0.000238905,0.001350674,0.001048233,,novatel_oem7_msgs.msg.InertialSolutionStatus(status=3),
1786043764486001804,1786043764.485215742,/novatel/oem7/fix,/novatel/oem7/fix,/novatel/oem7/inspva,39.663,-75.756,-1.800801339,0.001371640,0.001048233,0.000238905,0.001350674,0.001048233,,0,
1786043764486536638,1786043764.485730601,/novatel/oem7/odom,/novatel/oem7/fix,/novatel/oem7/odom,39.663,-75.756,-1.800801339,0.001367375,0.001053790,0.001356810,0.000169652,0.001053790,,,
1786043764496024947,1786043764.495352837,/novatel/oem7/odom,/novatel/oem7/fix,/novatel/oem7/odom,39.663,-75.756,-1.800801339,0.001367375,0.001053790,0.001356810,0.000169652,0.001053790,,,
1786043764506264560,1786043764.505973087,/novatel/oem7/inspva,/novatel/oem7/inspva,/novatel/oem7/inspva,39.663,-75.756,-1.800785321,0.001729129,0.001084642,0.000685800,0.001587314,0.001084642,,novatel_oem7_msgs.msg.InertialSolutionStatus(status=3),
1786043764507582789,1786043764.506116682,/novatel/oem7/fix,/novatel/oem7/fix,/novatel/oem7/inspva,39.663,-75.756,-1.800785321,0.001729129,0.001084642,0.000685800,0.001587314,0.001084642,,0,
1786043764508094383,1786043764.506674251,/novatel/oem7/odom,/novatel/oem7/fix,/novatel/oem7/odom,39.663,-75.756,-1.800785321,0.001724335,0.001092248,0.001614985,0.000604281,0.001092248,,,
1786043764511692328,1786043764.511020371,/novatel/oem7/bestpos,/novatel/oem7/bestpos,/novatel/oem7/odom,39.663,-75.756,33.181674710,0.001724335,0.001092248,0.001614985,0.000604281,0.001092248,,novatel_oem7_msgs.msg.SolutionStatus(status=0),novatel_oem7_msgs.msg.PositionOrVelocityType(type=53)
1786043764512667823,1786043764.511403258,/novatel/oem7/bestvel,/novatel/oem7/bestpos,/novatel/oem7/bestvel,39.663,-75.756,33.181674710,0.001888003,0.000998636,,,,68.901779677,novatel_oem7_msgs.msg.SolutionStatus(status=0),novatel_oem7_msgs.msg.PositionOrVelocityType(type=53)
1786043764514812840,1786043764.514390315,/novatel/oem7/odom,/novatel/oem7/bestpos,/novatel/oem7/odom,39.663,-75.756,33.181674710,0.001724335,0.001092248,0.001614985,0.000604281,0.001092248,,,
1786043764526633376,1786043764.526180836,/novatel/oem7/inspva,/novatel/oem7/inspva,/novatel/oem7/inspva,39.663,-75.756,-1.800764288,0.001762078,0.001288318,0.000299297,0.001736474,0.001288318,,novatel_oem7_msgs.msg.InertialSolutionStatus(status=3),
1786043764527299456,1786043764.526323238,/novatel/oem7/fix,/novatel/oem7/fix,/novatel/oem7/inspva,39.663,-75.756,-1.800764288,0.001762078,0.001288318,0.000299297,0.001736474,0.001288318,,0,
1786043764528119599,1786043764.526924484,/novatel/oem7/odom,/novatel/oem7/fix,/novatel/oem7/odom,39.663,-75.756,-1.800764288,0.001756845,0.001295444,0.001744200,0.000210411,0.001295444,,,
1786043764535258534,1786043764.534862650,/novatel/oem7/odom,/novatel/oem7/fix,/novatel/oem7/odom,39.663,-75.756,-1.800764288,0.001756845,0.001295444,0.001744200,0.000210411,0.001295444,,,
1786043764545238620,1786043764.544910271,/novatel/oem7/inspva,/novatel/oem7/inspva,/novatel/oem7/inspva,39.663,-75.756,-1.800744571,0.001935585,0.001454971,0.000720597,0.001796449,0.001454971,,novatel_oem7_msgs.msg.InertialSolutionStatus(status=3),
1786043764545910818,1786043764.545066136,/novatel/oem7/fix,/novatel/oem7/fix,/novatel/oem7/inspva,39.663,-75.756,-1.800744571,0.001935585,0.001454971,0.000720597,0.001796449,0.001454971,,0,
1786043764546455950,1786043764.545567791,/novatel/oem7/odom,/novatel/oem7/fix,/novatel/oem7/odom,39.663,-75.756,-1.800744571,0.001929205,0.001463419,0.001824187,0.000627834,0.001463419,,,
1786043764556028248,1786043764.555545771,/novatel/oem7/odom,/novatel/oem7/fix,/novatel/oem7/odom,39.663,-75.756,-1.800744571,0.001929205,0.001463419,0.001824187,0.000627834,0.001463419,,,
1786043764566995682,1786043764.566472610,/novatel/oem7/inspva,/novatel/oem7/inspva,/novatel/oem7/inspva,39.663,-75.756,-1.800729160,0.002071246,0.000836510,0.000094996,0.002069066,0.000836510,,novatel_oem7_msgs.msg.InertialSolutionStatus(status=3),
1786043764568010254,1786043764.566613769,/novatel/oem7/fix,/novatel/oem7/fix,/novatel/oem7/inspva,39.663,-75.756,-1.800729160,0.002071246,0.000836510,0.000094996,0.002069066,0.000836510,,0,
1786043764568556538,1786043764.567087653,/novatel/oem7/odom,/novatel/oem7/fix,/novatel/oem7/odom,39.663,-75.756,-1.800729160,0.002068074,0.000844321,0.002068055,-0.000008865,0.000844321,,,
1786043764575576349,1786043764.575172298,/novatel/oem7/odom,/novatel/oem7/fix,/novatel/oem7/odom,39.663,-75.756,-1.800729160,0.002068074,0.000844321,0.002068055,-0.000008865,0.000844321,,,
1786043764585265783,1786043764.584954846,/novatel/oem7/inspva,/novatel/oem7/inspva,/novatel/oem7/inspva,39.663,-75.756,-1.800707108,0.001960697,0.001001711,0.000250181,0.001944670,0.001001711,,novatel_oem7_msgs.msg.InertialSolutionStatus(status=3),
1786043764586323763,1786043764.585114547,/novatel/oem7/fix,/novatel/oem7/fix,/novatel/oem7/inspva,39.663,-75.756,-1.800707108,0.001960697,0.001001711,0.000250181,0.001944670,0.001001711,,0,
1786043764587341269,1786043764.585504671,/novatel/oem7/odom,/novatel/oem7/fix,/novatel/oem7/odom,39.663,-75.756,-1.800707108,0.001956712,0.001009473,0.001950813,0.000151831,0.001009473,,,
1786043764595039970,1786043764.594570695,/novatel/oem7/odom,/novatel/oem7/fix,/novatel/oem7/odom,39.663,-75.756,-1.800707108,0.001956712,0.001009473,0.001950813,0.000151831,0.001009473,,,
1786043764606644298,1786043764.606352663,/novatel/oem7/inspva,/novatel/oem7/inspva,/novatel/oem7/inspva,39.663,-75.756,-1.800687513,0.001824461,0.001168477,0.000209568,0.001812385,0.001168477,,novatel_oem7_msgs.msg.InertialSolutionStatus(status=3),
1786043764607295165,1786043764.606514955,/novatel/oem7/fix,/novatel/oem7/fix,/novatel/oem7/inspva,39.663,-75.756,-1.800687513,0.001824461,0.001168477,0.000209568,0.001812385,0.001168477,,0,
1786043764607811363,1786043764.606953936,/novatel/oem7/odom,/novatel/oem7/fix,/novatel/oem7/odom,39.663,-75.756,-1.800687513,0.001819838,0.001175665,0.001816048,0.000117375,0.001175665,,,
1786043764610775375,1786043764.610039130,/novatel/oem7/bestpos,/novatel/oem7/bestpos,/novatel/oem7/odom,39.663,-75.756,33.181760640,0.001819838,0.001175665,0.001816048,0.000117375,0.001175665,,novatel_oem7_msgs.msg.SolutionStatus(status=0),novatel_oem7_msgs.msg.PositionOrVelocityType(type=53)
1786043764612453001,1786043764.610489685,/novatel/oem7/bestvel,/novatel/oem7/bestpos,/novatel/oem7/bestvel,39.663,-75.756,33.181760640,0.002283298,0.000818454,,,,79.104075919,novatel_oem7_msgs.msg.SolutionStatus(status=0),novatel_oem7_msgs.msg.PositionOrVelocityType(type=53)
1786043764615361035,1786043764.614992337,/novatel/oem7/odom,/novatel/oem7/bestpos,/novatel/oem7/odom,39.663,-75.756,33.181760640,0.001819838,0.001175665,0.001816048,0.000117375,0.001175665,,,
1786043764626458424,1786043764.626042118,/novatel/oem7/inspva,/novatel/oem7/inspva,/novatel/oem7/inspva,39.663,-75.756,-1.800672928,0.002096736,0.000785743,0.000427717,0.002052647,0.000785743,,novatel_oem7_msgs.msg.InertialSolutionStatus(status=3),
1786043764627111742,1786043764.626203089,/novatel/oem7/fix,/novatel/oem7/fix,/novatel/oem7/inspva,39.663,-75.756,-1.800672928,0.002096736,0.000785743,0.000427717,0.002052647,0.000785743,,0,
1786043764627670682,1786043764.626607210,/novatel/oem7/odom,/novatel/oem7/fix,/novatel/oem7/odom,39.663,-75.756,-1.800672928,0.002093470,0.000794404,0.002068183,0.000324400,0.000794404,,,
1786043764635066395,1786043764.634303501,/novatel/oem7/odom,/novatel/oem7/fix,/novatel/oem7/odom,39.663,-75.756,-1.800672928,0.002093470,0.000794404,0.002068183,0.000324400,0.000794404,,,
1786043764645655831,1786043764.644930984,/novatel/oem7/inspva,/novatel/oem7/inspva,/novatel/oem7/inspva,39.663,-75.756,-1.800653398,0.001637899,0.001044769,0.000310782,0.001608145,0.001044769,,novatel_oem7_msgs.msg.InertialSolutionStatus(status=3),
1786043764647456349,1786043764.645131649,/novatel/oem7/fix,/novatel/oem7/fix,/novatel/oem7/inspva,39.663,-75.756,-1.800653398,0.001637899,0.001044769,0.000310782,0.001608145,0.001044769,,0,
1786043764648545950,1786043764.646803246,/novatel/oem7/odom,/novatel/oem7/fix,/novatel/oem7/odom,39.663,-75.756,-1.800653398,0.001633598,0.001051483,0.001617495,0.000228800,0.001051483,,,
1786043764657224667,1786043764.656519717,/novatel/oem7/odom,/novatel/oem7/fix,/novatel/oem7/odom,39.663,-75.756,-1.800653398,0.001633598,0.001051483,0.001617495,0.000228800,0.001051483,,,
1786043764665482993,1786043764.664903444,/novatel/oem7/inspva,/novatel/oem7/inspva,/novatel/oem7/inspva,39.663,-75.756,-1.800638941,0.001775322,0.000881266,0.000345773,0.001741324,0.000881266,,novatel_oem7_msgs.msg.InertialSolutionStatus(status=3),
1786043764666835984,1786043764.665059289,/novatel/oem7/fix,/novatel/oem7/fix,/novatel/oem7/inspva,39.663,-75.756,-1.800638941,0.001775322,0.000881266,0.000345773,0.001741324,0.000881266,,0,
1786043764667903374,1786043764.665459646,/novatel/oem7/odom,/novatel/oem7/fix,/novatel/oem7/odom,39.663,-75.756,-1.800638941,0.001771690,0.000888545,0.001752863,0.000257596,0.000888545,,,
1786043764675067743,1786043764.674369259,/novatel/oem7/odom,/novatel/oem7/fix,/novatel/oem7/odom,39.663,-75.756,-1.800638941,0.001771690,0.000888545,0.001752863,0.000257596,0.000888545,,,
1786043764687016546,1786043764.686482661,/novatel/oem7/inspva,/novatel/oem7/inspva,/novatel/oem7/inspva,39.663,-75.756,-1.800622937,0.001485192,0.000983186,0.000537277,0.001384604,0.000983186,,novatel_oem7_msgs.msg.InertialSolutionStatus(status=3),
1786043764688336109,1786043764.686624438,/novatel/oem7/fix,/novatel/oem7/fix,/novatel/oem7/inspva,39.663,-75.756,-1.800622937,0.001485192,0.000983186,0.000537277,0.001384604,0.000983186,,0,
1786043764689383443,1786043764.687034109,/novatel/oem7/odom,/novatel/oem7/fix,/novatel/oem7/odom,39.663,-75.756,-1.800622937,0.001480880,0.000989668,0.001405600,0.000466150,0.000989668,,,
1786043764695561938,1786043764.694900131,/novatel/oem7/odom,/novatel/oem7/fix,/novatel/oem7/odom,39.663,-75.756,-1.800622937,0.001480880,0.000989668,0.001405600,0.000466150,0.000989668,,,
1786043764706256062,1786043764.705729037,/novatel/oem7/inspva,/novatel/oem7/inspva,/novatel/oem7/inspva,39.663,-75.756,-1.800607313,0.001656177,0.000786934,0.000289628,0.001630656,0.000786934,,novatel_oem7_msgs.msg.InertialSolutionStatus(status=3),
1786043764707998477,1786043764.705873261,/novatel/oem7/fix,/novatel/oem7/fix,/novatel/oem7/inspva,39.663,-75.756,-1.800607313,0.001656177,0.000786934,0.000289628,0.001630656,0.000786934,,0,
1786043764709106508,1786043764.706409171,/novatel/oem7/odom,/novatel/oem7/fix,/novatel/oem7/odom,39.663,-75.756,-1.800607313,0.001652963,0.000793662,0.001639926,0.000207194,0.000793662,,,
1786043764710666960,1786043764.709340840,/novatel/oem7/bestpos,/novatel/oem7/bestpos,/novatel/oem7/odom,39.663,-75.756,33.181843251,0.001652963,0.000793662,0.001639926,0.000207194,0.000793662,,novatel_oem7_msgs.msg.SolutionStatus(status=0),novatel_oem7_msgs.msg.PositionOrVelocityType(type=53)
1786043764711613219,1786043764.710015173,/novatel/oem7/bestvel,/novatel/oem7/bestpos,/novatel/oem7/bestvel,39.663,-75.756,33.181843251,0.001731772,0.000795377,,,,83.526542909,novatel_oem7_msgs.msg.SolutionStatus(status=0),novatel_oem7_msgs.msg.PositionOrVelocityType(type=53)
1786043764715210332,1786043764.714568245,/novatel/oem7/odom,/novatel/oem7/bestpos,/novatel/oem7/odom,39.663,-75.756,33.181843251,0.001652963,0.000793662,0.001639926,0.000207194,0.000793662,,,
1786043764725809315,1786043764.725229213,/novatel/oem7/inspva,/novatel/oem7/inspva,/novatel/oem7/inspva,39.663,-75.756,-1.800588126,0.001441361,0.001161533,0.000568410,0.001324550,0.001161533,,novatel_oem7_msgs.msg.InertialSolutionStatus(status=3),
1786043764727192542,1786043764.725402861,/novatel/oem7/fix,/novatel/oem7/fix,/novatel/oem7/inspva,39.663,-75.756,-1.800588126,0.001441361,0.001161533,0.000568410,0.001324550,0.001161533,,0,
1786043764728261636,1786043764.726035837,/novatel/oem7/odom,/novatel/oem7/fix,/novatel/oem7/odom,39.663,-75.756,-1.800588126,0.001436227,0.001167876,0.001346472,0.000499760,0.001167876,,,
1786043764735758565,1786043764.735047524,/novatel/oem7/odom,/novatel/oem7/fix,/novatel/oem7/odom,39.663,-75.756,-1.800588126,0.001436227,0.001167876,0.001346472,0.000499760,0.001167876,,,
1786043764746668968,1786043764.746064001,/novatel/oem7/inspva,/novatel/oem7/inspva,/novatel/oem7/inspva,39.663,-75.756,-1.800571066,0.001750613,0.001153214,0.000536666,0.001666324,0.001153214,,novatel_oem7_msgs.msg.InertialSolutionStatus(status=3),
1786043764748060535,1786043764.746223166,/novatel/oem7/fix,/novatel/oem7/fix,/novatel/oem7/inspva,39.663,-75.756,-1.800571066,0.001750613,0.001153214,0.000536666,0.001666324,0.001153214,,0,
1786043764749140049,1786043764.746699235,/novatel/oem7/odom,/novatel/oem7/fix,/novatel/oem7/odom,39.663,-75.756,-1.800571066,0.001745654,0.001160708,0.001686318,0.000451265,0.001160708,,,
1786043764756523576,1786043764.755849010,/novatel/oem7/odom,/novatel/oem7/fix,/novatel/oem7/odom,39.663,-75.756,-1.800571066,0.001745654,0.001160708,0.001686318,0.000451265,0.001160708,,,
1786043764765847957,1786043764.765292957,/novatel/oem7/inspva,/novatel/oem7/inspva,/novatel/oem7/inspva,39.663,-75.756,-1.800552167,0.001638260,0.001090393,0.000985324,0.001308829,0.001090393,,novatel_oem7_msgs.msg.InertialSolutionStatus(status=3),
1786043764767200903,1786043764.765597984,/novatel/oem7/fix,/novatel/oem7/fix,/novatel/oem7/inspva,39.663,-75.756,-1.800552167,0.001638260,0.001090393,0.000985324,0.001308829,0.001090393,,0,
1786043764768275031,1786043764.766134050,/novatel/oem7/odom,/novatel/oem7/fix,/novatel/oem7/odom,39.663,-75.756,-1.800552167,0.001633308,0.001097796,0.001351518,0.000917113,0.001097796,,,
1786043764776572714,1786043764.775594258,/novatel/oem7/odom,/novatel/oem7/fix,/novatel/oem7/odom,39.663,-75.756,-1.800552167,0.001633308,0.001097796,0.001351518,0.000917113,0.001097796,,,
1786043764785671109,1786043764.785124213,/novatel/oem7/inspva,/novatel/oem7/inspva,/novatel/oem7/inspva,39.663,-75.756,-1.800533296,0.001563754,0.001133012,0.000845018,0.001315778,0.001133012,,novatel_oem7_msgs.msg.InertialSolutionStatus(status=3),
1786043764787018455,1786043764.785270188,/novatel/oem7/fix,/novatel/oem7/fix,/novatel/oem7/inspva,39.663,-75.756,-1.800533296,0.001563754,0.001133012,0.000845018,0.001315778,0.001133012,,0,
1786043764788089470,1786043764.785698929,/novatel/oem7/odom,/novatel/oem7/fix,/novatel/oem7/odom,39.663,-75.756,-1.800533296,0.001558625,0.001140058,0.001351412,0.000776529,0.001140058,,,
1786043764795135514,1786043764.794482064,/novatel/oem7/odom,/novatel/oem7/fix,/novatel/oem7/odom,39.663,-75.756,-1.800533296,0.001558625,0.001140058,0.001351412,0.000776529,0.001140058,,,
1786043764806720317,1786043764.806183984,/novatel/oem7/inspva,/novatel/oem7/inspva,/novatel/oem7/inspva,39.663,-75.756,-1.800516192,0.001807398,0.001130431,0.000888028,0.001574196,0.001130431,,novatel_oem7_msgs.msg.InertialSolutionStatus(status=3),
1786043764808535781,1786043764.806340833,/novatel/oem7/fix,/novatel/oem7/fix,/novatel/oem7/inspva,39.663,-75.756,-1.800516192,0.001807398,0.001130431,0.000888028,0.001574196,0.001130431,,0,
1786043764810179974,1786043764.807042056,/novatel/oem7/odom,/novatel/oem7/fix,/novatel/oem7/odom,39.663,-75.756,-1.800516192,0.001802299,0.001138543,0.001611637,0.000806788,0.001138543,,,
1786043764811850581,1786043764.810317109,/novatel/oem7/bestpos,/novatel/oem7/bestpos,/novatel/oem7/odom,39.663,-75.756,33.181930339,0.001802299,0.001138543,0.001611637,0.000806788,0.001138543,,novatel_oem7_msgs.msg.SolutionStatus(status=0),novatel_oem7_msgs.msg.PositionOrVelocityType(type=53)
1786043764812800384,1786043764.810693340,/novatel/oem7/bestvel,/novatel/oem7/bestpos,/novatel/oem7/bestvel,39.663,-75.756,33.181930339,0.002009907,0.000993927,,,,61.883366486,novatel_oem7_msgs.msg.SolutionStatus(status=0),novatel_oem7_msgs.msg.PositionOrVelocityType(type=53)
1786043764815762560,1786043764.815088144,/novatel/oem7/odom,/novatel/oem7/bestpos,/novatel/oem7/odom,39.663,-75.756,33.181930339,0.001802299,0.001138543,0.001611637,0.000806788,0.001138543,,,
1786043764825812738,1786043764.825058291,/novatel/oem7/inspva,/novatel/oem7/inspva,/novatel/oem7/inspva,39.663,-75.756,-1.800500034,0.001562979,0.001130889,0.000798449,0.001343645,0.001130889,,novatel_oem7_msgs.msg.InertialSolutionStatus(status=3),
1786043764827149958,1786043764.825264193,/novatel/oem7/fix,/novatel/oem7/fix,/novatel/oem7/inspva,39.663,-75.756,-1.800500034,0.001562979,0.001130889,0.000798449,0.001343645,0.001130889,,0,
1786043764828207878,1786043764.825614802,/novatel/oem7/odom,/novatel/oem7/fix,/novatel/oem7/odom,39.663,-75.756,-1.800500034,0.001557868,0.001137919,0.001376964,0.000728645,0.001137919,,,
1786043764835741178,1786043764.834953450,/novatel/oem7/odom,/novatel/oem7/fix,/novatel/oem7/odom,39.663,-75.756,-1.800500034,0.001557868,0.001137919,0.001376964,0.000728645,0.001137919,,,
1786043764845842299,1786043764.845364580,/novatel/oem7/inspva,/novatel/oem7/inspva,/novatel/oem7/inspva,39.663,-75.756,-1.800484555,0.001790264,0.000866727,0.000904934,0.001544713,0.000866727,,novatel_oem7_msgs.msg.InertialSolutionStatus(status=3),
1786043764846460969,1786043764.845625307,/novatel/oem7/fix,/novatel/oem7/fix,/novatel/oem7/inspva,39.663,-75.756,-1.800484555,0.001790264,0.000866727,0.000904934,0.001544713,0.000866727,,0,
1786043764846917209,1786043764.846198733,/novatel/oem7/odom,/novatel/oem7/fix,/novatel/oem7/odom,39.663,-75.756,-1.800484555,0.001786349,0.000874768,0.001584023,0.000825781,0.000874768,,,
1786043764856715787,1786043764.856322010,/novatel/oem7/odom,/novatel/oem7/fix,/novatel/oem7/odom,39.663,-75.756,-1.800484555,0.001786349,0.000874768,0.001584023,0.000825781,0.000874768,,,
1786043764866467777,1786043764.866193286,/novatel/oem7/inspva,/novatel/oem7/inspva,/novatel/oem7/inspva,39.663,-75.756,-1.800464010,0.001529750,0.001199125,0.000974646,0.001179067,0.001199125,,novatel_oem7_msgs.msg.InertialSolutionStatus(status=3),
1786043764867032765,1786043764.866353468,/novatel/oem7/fix,/novatel/oem7/fix,/novatel/oem7/inspva,39.663,-75.756,-1.800464010,0.001529750,0.001199125,0.000974646,0.001179067,0.001199125,,0,
1786043764867722290,1786043764.866853873,/novatel/oem7/odom,/novatel/oem7/fix,/novatel/oem7/odom,39.663,-75.756,-1.800464010,0.001524316,0.001206024,0.001220983,0.000912547,0.001206024,,,
1786043764874791154,1786043764.874464521,/novatel/oem7/odom,/novatel/oem7/fix,/novatel/oem7/odom,39.663,-75.756,-1.800464010,0.001524316,0.001206024,0.001220983,0.000912547,0.001206024,,,
1786043764885593924,1786043764.885265968,/novatel/oem7/inspva,/novatel/oem7/inspva,/novatel/oem7/inspva,39.663,-75.756,-1.800444315,0.001714847,0.001228327,0.001098344,0.001316945,0.001228327,,novatel_oem7_msgs.msg.InertialSolutionStatus(status=3),
1786043764886164183,1786043764.885458649,/novatel/oem7/fix,/novatel/oem7/fix,/novatel/oem7/inspva,39.663,-75.756,-1.800444315,0.001714847,0.001228327,0.001098344,0.001316945,0.001228327,,0,
1786043764886822125,1786043764.886127686,/novatel/oem7/odom,/novatel/oem7/fix,/novatel/oem7/odom,39.663,-75.756,-1.800444315,0.001709285,0.001236055,0.001364650,0.001029265,0.001236055,,,
1786043764895729474,1786043764.895388682,/novatel/oem7/odom,/novatel/oem7/fix,/novatel/oem7/odom,39.663,-75.756,-1.800444315,0.001709285,0.001236055,0.001364650,0.001029265,0.001236055,,,
1786043764906171733,1786043764.905897871,/novatel/oem7/inspva,/novatel/oem7/inspva,/novatel/oem7/inspva,39.663,-75.756,-1.800423150,0.001478168,0.001552552,0.001128475,0.000954737,0.001552552,,novatel_oem7_msgs.msg.InertialSolutionStatus(status=3),
1786043764906794104,1786043764.906046606,/novatel/oem7/fix,/novatel/oem7/fix,/novatel/oem7/inspva,39.663,-75.756,-1.800423150,0.001478168,0.001552552,0.001128475,0.000954737,0.001552552,,0,
1786043764907313875,1786043764.906536498,/novatel/oem7/odom,/novatel/oem7/fix,/novatel/oem7/odom,39.663,-75.756,-1.800423150,0.001471316,0.001559046,0.001003134,0.001076333,0.001559046,,,
1786043764910016504,1786043764.909533901,/novatel/oem7/bestpos,/novatel/oem7/bestpos,/novatel/oem7/odom,39.663,-75.756,33.182017492,0.001471316,0.001559046,0.001003134,0.001076333,0.001559046,,novatel_oem7_msgs.msg.SolutionStatus(status=0),novatel_oem7_msgs.msg.PositionOrVelocityType(type=53)
1786043764910656675,1786043764.910158777,/novatel/oem7/bestvel,/novatel/oem7/bestpos,/novatel/oem7/bestvel,39.663,-75.756,33.182017492,0.002026691,0.001158862,,,,53.155739263,novatel_oem7_msgs.msg.SolutionStatus(status=0),novatel_oem7_msgs.msg.PositionOrVelocityType(type=53)
1786043764914762859,1786043764.914386756,/novatel/oem7/odom,/novatel/oem7/bestpos,/novatel/oem7/odom,39.663,-75.756,33.182017492,0.001471316,0.001559046,0.001003134,0.001076333,0.001559046,,,
1786043764926837181,1786043764.926526314,/novatel/oem7/inspva,/novatel/oem7/inspva,/novatel/oem7/inspva,39.663,-75.756,-1.800405170,0.001489017,0.001083832,0.001079360,0.001025745,0.001083832,,novatel_oem7_msgs.msg.InertialSolutionStatus(status=3),
1786043764927491218,1786043764.926679280,/novatel/oem7/fix,/novatel/oem7/fix,/novatel/oem7/inspva,39.663,-75.756,-1.800405170,0.001489017,0.001083832,0.001079360,0.001025745,0.001083832,,0,
1786043764927959846,1786043764.927112587,/novatel/oem7/odom,/novatel/oem7/fix,/novatel/oem7/odom,39.663,-75.756,-1.800405170,0.001484171,0.001090458,0.001073419,0.001024956,0.001090458,,,
1786043764935262672,1786043764.934937633,/novatel/oem7/odom,/novatel/oem7/fix,/novatel/oem7/odom,39.663,-75.756,-1.800405170,0.001484171,0.001090458,0.001073419,0.001024956,0.001090458,,,
1786043764945616013,1786043764.945078277,/novatel/oem7/inspva,/novatel/oem7/inspva,/novatel/oem7/inspva,39.663,-75.756,-1.800385329,0.001238434,0.001135321,0.000957256,0.000785736,0.001135321,,novatel_oem7_msgs.msg.InertialSolutionStatus(status=3),
1786043764946916019,1786043764.945242636,/novatel/oem7/fix,/novatel/oem7/fix,/novatel/oem7/inspva,39.663,-75.756,-1.800385329,0.001238434,0.001135321,0.000957256,0.000785736,0.001135321,,0,
1786043764948021344,1786043764.945634663,/novatel/oem7/odom,/novatel/oem7/fix,/novatel/oem7/odom,39.663,-75.756,-1.800385329,0.001233439,0.001140745,0.000827505,0.000914663,0.001140745,,,
1786043764956795805,1786043764.956111521,/novatel/oem7/odom,/novatel/oem7/fix,/novatel/oem7/odom,39.663,-75.756,-1.800385329,0.001233439,0.001140745,0.000827505,0.000914663,0.001140745,,,
1786043764965802055,1786043764.965266930,/novatel/oem7/inspva,/novatel/oem7/inspva,/novatel/oem7/inspva,39.663,-75.756,-1.800365346,0.001344898,0.001208478,0.001056067,0.000832750,0.001208478,,novatel_oem7_msgs.msg.InertialSolutionStatus(status=3),
1786043764967130855,1786043764.965432651,/novatel/oem7/fix,/novatel/oem7/fix,/novatel/oem7/inspva,39.663,-75.756,-1.800365346,0.001344898,0.001208478,0.001056067,0.000832750,0.001208478,,0,
1786043764968285160,1786043764.965981940,/novatel/oem7/odom,/novatel/oem7/fix,/novatel/oem7/odom,39.663,-75.756,-1.800365346,0.001339606,0.001214342,0.000879032,0.001010864,0.001214342,,,
1786043764975443002,1786043764.974767998,/novatel/oem7/odom,/novatel/oem7/fix,/novatel/oem7/odom,39.663,-75.756,-1.800365346,0.001339606,0.001214342,0.000879032,0.001010864,0.001214342,,,
1786043764986567986,1786043764.986035258,/novatel/oem7/inspva,/novatel/oem7/inspva,/novatel/oem7/inspva,39.663,-75.756,-1.800346411,0.001164787,0.001173764,0.000863654,0.000781556,0.001173764,,novatel_oem7_msgs.msg.InertialSolutionStatus(status=3),
1786043764987971434,1786043764.986189960,/novatel/oem7/fix,/novatel/oem7/fix,/novatel/oem7/inspva,39.663,-75.756,-1.800346411,0.001164787,0.001173764,0.000863654,0.000781556,0.001173764,,0,
1786043764989039341,1786043764.986664204,/novatel/oem7/odom,/novatel/oem7/fix,/novatel/oem7/odom,39.663,-75.756,-1.800346411,0.001159560,0.001178927,0.000818582,0.000821282,0.001178927,,,
1786043764996351858,1786043764.994387739,/novatel/oem7/odom,/novatel/oem7/fix,/novatel/oem7/odom,39.663,-75.756,-1.800346411,0.001159560,0.001178927,0.000818582,0.000821282,0.001178927,,,
1786043765008877000,1786043765.008363399,/novatel/oem7/inspva,/novatel/oem7/inspva,/novatel/oem7/inspva,39.663,-75.756,-1.800325680,0.001276706,0.001226565,0.000999655,0.000794146,0.001226565,,novatel_oem7_msgs.msg.InertialSolutionStatus(status=3),
1786043765010307808,1786043765.008582424,/novatel/oem7/fix,/novatel/oem7/fix,/novatel/oem7/inspva,39.663,-75.756,-1.800325680,0.001276706,0.001226565,0.000999655,0.000794146,0.001226565,,0,
1786043765012339189,1786043765.011354100,/novatel/oem7/odom,/novatel/oem7/fix,/novatel/oem7/odom,39.663,-75.756,-1.800325680,0.001271321,0.001232146,0.000837637,0.000956358,0.001232146,,,
1786043765017411773,1786043765.016673318,/novatel/oem7/odom,/novatel/oem7/fix,/novatel/oem7/odom,39.663,-75.756,-1.800325680,0.001271321,0.001232146,0.000837637,0.000956358,0.001232146,,,
1786043765025209068,1786043765.024600232,/novatel/oem7/bestpos,/novatel/oem7/bestpos,/novatel/oem7/odom,39.663,-75.756,33.182107375,0.001271321,0.001232146,0.000837637,0.000956358,0.001232146,,novatel_oem7_msgs.msg.SolutionStatus(status=0),novatel_oem7_msgs.msg.PositionOrVelocityType(type=53)
1786043765027987312,1786043765.027409926,/novatel/oem7/bestvel,/novatel/oem7/bestpos,/novatel/oem7/bestvel,39.663,-75.756,33.182107375,0.001514732,0.001045431,,,,36.286212147,novatel_oem7_msgs.msg.SolutionStatus(status=0),novatel_oem7_msgs.msg.PositionOrVelocityType(type=53)
1786043765029415226,1786043765.027571398,/novatel/oem7/inspva,/novatel/oem7/inspva,/novatel/oem7/inspva,39.663,-75.756,-1.800306781,0.001415668,0.001305582,0.001186663,0.000771975,0.001305582,,novatel_oem7_msgs.msg.InertialSolutionStatus(status=3),
1786043765030270875,1786043765.027710909,/novatel/oem7/fix,/novatel/oem7/fix,/novatel/oem7/inspva,39.663,-75.756,-1.800306781,0.001415668,0.001305582,0.001186663,0.000771975,0.001305582,,0,
1786043765031314145,1786043765.028117273,/novatel/oem7/odom,/novatel/oem7/fix,/novatel/oem7/odom,39.663,-75.756,-1.800306781,0.001410111,0.001311582,0.000824390,0.001144025,0.001311582,,,
1786043765035403556,1786043765.034737827,/novatel/oem7/odom,/novatel/oem7/fix,/novatel/oem7/odom,39.663,-75.756,-1.800306781,0.001410111,0.001311582,0.000824390,0.001144025,0.001311582,,,
1786043765047055977,1786043765.046544265,/novatel/oem7/inspva,/novatel/oem7/inspva,/novatel/oem7/inspva,39.663,-75.756,-1.800317709,0.001482072,0.000734858,0.001182253,0.000893766,0.000734858,,novatel_oem7_msgs.msg.InertialSolutionStatus(status=3),
1786043765048409584,1786043765.046693643,/novatel/oem7/fix,/novatel/oem7/fix,/novatel/oem7/inspva,39.663,-75.756,-1.800317709,0.001482072,0.000734858,0.001182253,0.000893766,0.000734858,,0,
1786043765049481581,1786043765.047119088,/novatel/oem7/odom,/novatel/oem7/fix,/novatel/oem7/odom,39.663,-75.756,-1.800317709,0.001478863,0.000741295,0.000947967,0.001135074,0.000741295,,,
1786043765057166568,1786043765.056546238,/novatel/oem7/odom,/novatel/oem7/fix,/novatel/oem7/odom,39.663,-75.756,-1.800317709,0.001478863,0.000741295,0.000947967,0.001135074,0.000741295,,,
1786043765065641177,1786043765.065075988,/novatel/oem7/inspva,/novatel/oem7/inspva,/novatel/oem7/inspva,39.663,-75.756,-1.800332468,0.001400846,0.000668421,0.001021618,0.000958471,0.000668421,,novatel_oem7_msgs.msg.InertialSolutionStatus(status=3),
1786043765066975307,1786043765.065254423,/novatel/oem7/fix,/novatel/oem7/fix,/novatel/oem7/inspva,39.663,-75.756,-1.800332468,0.001400846,0.000668421,0.001021618,0.000958471,0.000668421,,0,
1786043765068039611,1786043765.065649144,/novatel/oem7/odom,/novatel/oem7/fix,/novatel/oem7/odom,39.663,-75.756,-1.800332468,0.001397862,0.000674640,0.001004979,0.000971615,0.000674640,,,
1786043765076193982,1786043765.075574058,/novatel/oem7/odom,/novatel/oem7/fix,/novatel/oem7/odom,39.663,-75.756,-1.800332468,0.001397862,0.000674640,0.001004979,0.000971615,0.000674640,,,
1786043765085889417,1786043765.085362418,/novatel/oem7/inspva,/novatel/oem7/inspva,/novatel/oem7/inspva,39.663,-75.756,-1.800338662,0.001411890,0.001237880,0.000967070,0.001028694,0.001237880,,novatel_oem7_msgs.msg.InertialSolutionStatus(status=3),
1786043765087204336,1786043765.085534133,/novatel/oem7/fix,/novatel/oem7/fix,/novatel/oem7/inspva,39.663,-75.756,-1.800338662,0.001411890,0.001237880,0.000967070,0.001028694,0.001237880,,0,
1786043765088283880,1786043765.086193510,/novatel/oem7/odom,/novatel/oem7/fix,/novatel/oem7/odom,39.663,-75.756,-1.800338662,0.001406317,0.001244208,0.001070284,0.000912261,0.001244208,,,
1786043765095531906,1786043765.094894046,/novatel/oem7/odom,/novatel/oem7/fix,/novatel/oem7/odom,39.663,-75.756,-1.800338662,0.001406317,0.001244208,0.001070284,0.000912261,0.001244208,,,
1786043765106834533,1786043765.106318671,/novatel/oem7/inspva,/novatel/oem7/inspva,/novatel/oem7/inspva,39.663,-75.756,-1.800357181,0.001482659,0.001053830,0.001140653,0.000947200,0.001053830,,novatel_oem7_msgs.msg.InertialSolutionStatus(status=3),
1786043765108148290,1786043765.106521013,/novatel/oem7/fix,/novatel/oem7/fix,/novatel/oem7/inspva,39.663,-75.756,-1.800357181,0.001482659,0.001053830,0.001140653,0.000947200,0.001053830,,0,
1786043765109180466,1786043765.106959604,/novatel/oem7/odom,/novatel/oem7/fix,/novatel/oem7/odom,39.663,-75.756,-1.800357181,0.001478011,0.001060339,0.000998107,0.001090092,0.001060339,,,
1786043765110644838,1786043765.109392475,/novatel/oem7/bestpos,/novatel/oem7/bestpos,/novatel/oem7/odom,39.663,-75.756,33.182090393,0.001478011,0.001060339,0.000998107,0.001090092,0.001060339,,novatel_oem7_msgs.msg.SolutionStatus(status=0),novatel_oem7_msgs.msg.PositionOrVelocityType(type=53)
1786043765112027542,1786043765.110152136,/novatel/oem7/bestvel,/novatel/oem7/bestpos,/novatel/oem7/bestvel,39.663,-75.756,33.182090393,0.001874010,0.000754430,,,,36.904590902,novatel_oem7_msgs.msg.SolutionStatus(status=0),novatel_oem7_msgs.msg.PositionOrVelocityType(type=53)
1786043765115283604,1786043765.114654401,/novatel/oem7/odom,/novatel/oem7/bestpos,/novatel/oem7/odom,39.663,-75.756,33.182090393,0.001478011,0.001060339,0.000998107,0.001090092,0.001060339,,,
1786043765126567221,1786043765.126010352,/novatel/oem7/inspva,/novatel/oem7/inspva,/novatel/oem7/inspva,39.663,-75.756,-1.800371329,0.001801944,0.000588029,0.001474967,0.001035121,0.000588029,,novatel_oem7_msgs.msg.InertialSolutionStatus(status=3),
1786043765127872474,1786043765.126191111,/novatel/oem7/fix,/novatel/oem7/fix,/novatel/oem7/inspva,39.663,-75.756,-1.800371329,0.001801944,0.000588029,0.001474967,0.001035121,0.000588029,,0,
1786043765128927831,1786043765.126680436,/novatel/oem7/odom,/novatel/oem7/fix,/novatel/oem7/odom,39.663,-75.756,-1.800371329,0.001799401,0.000595766,0.001104098,0.001420849,0.000595766,,,
1786043765136077376,1786043765.135453814,/novatel/oem7/odom,/novatel/oem7/fix,/novatel/oem7/odom,39.663,-75.756,-1.800371329,0.001799401,0.000595766,0.001104098,0.001420849,0.000595766,,,
1786043765145455780,1786043765.144947572,/novatel/oem7/inspva,/novatel/oem7/inspva,/novatel/oem7/inspva,39.663,-75.756,-1.800386536,0.001704683,0.000797902,0.001441408,0.000910103,0.000797902,,novatel_oem7_msgs.msg.InertialSolutionStatus(status=3),
1786043765146753413,1786043765.145104860,/novatel/oem7/fix,/novatel/oem7/fix,/novatel/oem7/inspva,39.663,-75.756,-1.800386536,0.001704683,0.000797902,0.001441408,0.000910103,0.000797902,,0,
1786043765147785761,1786043765.145515371,/novatel/oem7/odom,/novatel/oem7/fix,/novatel/oem7/odom,39.663,-75.756,-1.800386536,0.001701298,0.000805095,0.000976783,0.001392950,0.000805095,,,
1786043765156346173,1786043765.155726737,/novatel/oem7/odom,/novatel/oem7/fix,/novatel/oem7/odom,39.663,-75.756,-1.800386536,0.001701298,0.000805095,0.000976783,0.001392950,0.000805095,,,
1786043765167122701,1786043765.166602556,/novatel/oem7/inspva,/novatel/oem7/inspva,/novatel/oem7/inspva,39.663,-75.756,-1.800397736,0.001945496,0.000895406,0.001368783,0.001382529,0.000895406,,novatel_oem7_msgs.msg.InertialSolutionStatus(status=3),
1786043765168487371,1786043765.166775941,/novatel/oem7/fix,/novatel/oem7/fix,/novatel/oem7/inspva,39.663,-75.756,-1.800397736,0.001945496,0.000895406,0.001368783,0.001382529,0.000895406,,0,
1786043765169515662,1786043765.167211355,/novatel/oem7/odom,/novatel/oem7/fix,/novatel/oem7/odom,39.663,-75.756,-1.800397736,0.001941445,0.000904155,0.001444685,0.001296956,0.000904155,,,
1786043765175324854,1786043765.174707934,/novatel/oem7/odom,/novatel/oem7/fix,/novatel/oem7/odom,39.663,-75.756,-1.800397736,0.001941445,0.000904155,0.001444685,0.001296956,0.000904155,,,
1786043765185636690,1786043765.185122468,/novatel/oem7/inspva,/novatel/oem7/inspva,/novatel/oem7/inspva,39.663,-75.756,-1.800417677,0.001992057,0.000584386,0.001651835,0.001113433,0.000584386,,novatel_oem7_msgs.msg.InertialSolutionStatus(status=3),
1786043765186931570,1786043765.185288523,/novatel/oem7/fix,/novatel/oem7/fix,/novatel/oem7/inspva,39.663,-75.756,-1.800417677,0.001992057,0.000584386,0.001651835,0.001113433,0.000584386,,0,
1786043765187941390,1786043765.185620883,/novatel/oem7/odom,/novatel/oem7/fix,/novatel/oem7/odom,39.663,-75.756,-1.800417677,0.001989538,0.000592906,0.001190996,0.001593672,0.000592906,,,
1786043765196230093,1786043765.195585557,/novatel/oem7/odom,/novatel/oem7/fix,/novatel/oem7/odom,39.663,-75.756,-1.800417677,0.001989538,0.000592906,0.001190996,0.001593672,0.000592906,,,
1786043765206898713,1786043765.206375968,/novatel/oem7/inspva,/novatel/oem7/inspva,/novatel/oem7/inspva,39.663,-75.756,-1.800429741,0.001501448,0.000743473,0.001245992,0.000837766,0.000743473,,novatel_oem7_msgs.msg.InertialSolutionStatus(status=3),
1786043765208225410,1786043765.206567020,/novatel/oem7/fix,/novatel/oem7/fix,/novatel/oem7/inspva,39.663,-75.756,-1.800429741,0.001501448,0.000743473,0.001245992,0.000837766,0.000743473,,0,
1786043765209239904,1786043765.207105705,/novatel/oem7/odom,/novatel/oem7/fix,/novatel/oem7/odom,39.663,-75.756,-1.800429741,0.001498256,0.000749886,0.000895124,0.001201467,0.000749886,,,
1786043765211095232,1786043765.210459062,/novatel/oem7/bestpos,/novatel/oem7/bestpos,/novatel/oem7/odom,39.663,-75.756,33.182009078,0.001498256,0.000749886,0.000895124,0.001201467,0.000749886,,novatel_oem7_msgs.msg.SolutionStatus(status=0),novatel_oem7_msgs.msg.PositionOrVelocityType(type=53)
1786043765212459356,1786043765.210893843,/novatel/oem7/bestvel,/novatel/oem7/bestpos,/novatel/oem7/bestvel,39.663,-75.756,33.182009078,0.001442280,0.000779124,,,,40.843313625,novatel_oem7_msgs.msg.SolutionStatus(status=0),novatel_oem7_msgs.msg.PositionOrVelocityType(type=53)
1786043765215227164,1786043765.214599454,/novatel/oem7/odom,/novatel/oem7/bestpos,/novatel/oem7/odom,39.663,-75.756,33.182009078,0.001498256,0.000749886,0.000895124,0.001201467,0.000749886,,,
1786043765226737826,1786043765.226190510,/novatel/oem7/inspva,/novatel/oem7/inspva,/novatel/oem7/inspva,39.663,-75.756,-1.800452862,0.001910712,0.000561404,0.001621721,0.001010367,0.000561404,,novatel_oem7_msgs.msg.InertialSolutionStatus(status=3),
1786043765228047779,1786043765.226368792,/novatel/oem7/fix,/novatel/oem7/fix,/novatel/oem7/inspva,39.663,-75.756,-1.800452862,0.001910712,0.000561404,0.001621721,0.001010367,0.000561404,,0,
1786043765229108389,1786043765.226879351,/novatel/oem7/odom,/novatel/oem7/fix,/novatel/oem7/odom,39.663,-75.756,-1.800452862,0.001908325,0.000569464,0.001086644,0.001568729,0.000569464,,,
1786043765235101026,1786043765.234475710,/novatel/oem7/odom,/novatel/oem7/fix,/novatel/oem7/odom,39.663,-75.756,-1.800452862,0.001908325,0.000569464,0.001086644,0.001568729,0.000569464,,,
1786043765245806437,1786043765.245267318,/novatel/oem7/inspva,/novatel/oem7/inspva,/novatel/oem7/inspva,39.663,-75.756,-1.800471188,0.001942238,0.000344271,0.001752702,0.000836854,0.000344271,,novatel_oem7_msgs.msg.InertialSolutionStatus(status=3),
1786043765247104884,1786043765.245495767,/novatel/oem7/fix,/novatel/oem7/fix,/novatel/oem7/inspva,39.663,-75.756,-1.800471188,0.001942238,0.000344271,0.001752702,0.000836854,0.000344271,,0,
1786043765248109840,1786043765.246065309,/novatel/oem7/odom,/novatel/oem7/fix,/novatel/oem7/odom,39.663,-75.756,-1.800471188,0.001940840,0.000352065,0.000920593,0.001708616,0.000352065,,,
1786043765257076427,1786043765.256296296,/novatel/oem7/odom,/novatel/oem7/fix,/novatel/oem7/odom,39.663,-75.756,-1.800471188,0.001940840,0.000352065,0.000920593,0.001708616,0.000352065,,,
1786043765265561422,1786043765.265044024,/novatel/oem7/inspva,/novatel/oem7/inspva,/novatel/oem7/inspva,39.663,-75.756,-1.800497467,0.002317843,-0.000094400,0.002137158,0.000897191,-0.000094400,,novatel_oem7_msgs.msg.InertialSolutionStatus(status=3),
1786043765266839548,1786043765.265190041,/novatel/oem7/fix,/novatel/oem7/fix,/novatel/oem7/inspva,39.663,-75.756,-1.800497467,0.002317843,-0.000094400,0.002137158,0.000897191,-0.000094400,,0,
1786043765267872432,1786043765.265639766,/novatel/oem7/odom,/novatel/oem7/fix,/novatel/oem7/odom,39.663,-75.756,-1.800497467,0.002318193,-0.000085360,0.001001393,0.002090749,-0.000085360,,,
1786043765275202165,1786043765.274578825,/novatel/oem7/odom,/novatel/oem7/fix,/novatel/oem7/odom,39.663,-75.756,-1.800497467,0.002318193,-0.000085360,0.001001393,0.002090749,-0.000085360,,,
1786043765287266463,1786043765.286641003,/novatel/oem7/inspva,/novatel/oem7/inspva,/novatel/oem7/inspva,39.663,-75.756,-1.800509967,0.001723477,0.000774606,0.001410360,0.000990584,0.000774606,,novatel_oem7_msgs.msg.InertialSolutionStatus(status=3),
1786043765288867339,1786043765.286790188,/novatel/oem7/fix,/novatel/oem7/fix,/novatel/oem7/inspva,39.663,-75.756,-1.800509967,0.001723477,0.000774606,0.001410360,0.000990584,0.000774606,,0,
1786043765289890439,1786043765.287385264,/novatel/oem7/odom,/novatel/oem7/fix,/novatel/oem7/odom,39.663,-75.756,-1.800509967,0.001720129,0.000782014,0.001055694,0.001358069,0.000782014,,,
1786043765295675741,1786043765.295019207,/novatel/oem7/odom,/novatel/oem7/fix,/novatel/oem7/odom,39.663,-75.756,-1.800509967,0.001720129,0.000782014,0.001055694,0.001358069,0.000782014,,,
1786043765306255793,1786043765.305778518,/novatel/oem7/inspva,/novatel/oem7/inspva,/novatel/oem7/inspva,39.663,-75.756,-1.800538587,0.002150116,0.000459070,0.001739767,0.001263411,0.000459070,,novatel_oem7_msgs.msg.InertialSolutionStatus(status=3),
1786043765307544160,1786043765.305951644,/novatel/oem7/fix,/novatel/oem7/fix,/novatel/oem7/inspva,39.663,-75.756,-1.800538587,0.002150116,0.000459070,0.001739767,0.001263411,0.000459070,,0,
1786043765308562543,1786043765.306385814,/novatel/oem7/odom,/novatel/oem7/fix,/novatel/oem7/odom,39.663,-75.756,-1.800538587,0.002148108,0.000468375,0.001345540,0.001674482,0.000468375,,,
1786043765310328944,1786043765.309543683,/novatel/oem7/bestpos,/novatel/oem7/bestpos,/novatel/oem7/odom,39.663,-75.756,33.181898247,0.002148108,0.000468375,0.001345540,0.001674482,0.000468375,,novatel_oem7_msgs.msg.SolutionStatus(status=0),novatel_oem7_msgs.msg.PositionOrVelocityType(type=53)
1786043765311687861,1786043765.310227957,/novatel/oem7/bestvel,/novatel/oem7/bestpos,/novatel/oem7/bestvel,39.663,-75.756,33.181898247,0.002152718,0.000450717,,,,44.015896089,novatel_oem7_msgs.msg.SolutionStatus(status=0),novatel_oem7_msgs.msg.PositionOrVelocityType(type=53)
1786043765316249377,1786043765.315625444,/novatel/oem7/odom,/novatel/oem7/bestpos,/novatel/oem7/odom,39.663,-75.756,33.181898247,0.002148108,0.000468375,0.001345540,0.001674482,0.000468375,,,
1786043765325968701,1786043765.325454259,/novatel/oem7/inspva,/novatel/oem7/inspva,/novatel/oem7/inspva,39.663,-75.756,-1.800562867,0.001660248,-0.000212569,0.001301359,0.001030965,-0.000212569,,novatel_oem7_msgs.msg.InertialSolutionStatus(status=3),
1786043765327245331,1786043765.325612151,/novatel/oem7/fix,/novatel/oem7/fix,/novatel/oem7/inspva,39.663,-75.756,-1.800562867,0.001660248,-0.000212569,0.001301359,0.001030965,-0.000212569,,0,
1786043765328264334,1786043765.326408969,/novatel/oem7/odom,/novatel/oem7/fix,/novatel/oem7/odom,39.663,-75.756,-1.800562867,0.001661162,-0.000205305,0.001094409,0.001249690,-0.000205305,,,
1786043765335815047,1786043765.335142927,/novatel/oem7/odom,/novatel/oem7/fix,/novatel/oem7/odom,39.663,-75.756,-1.800562867,0.001661162,-0.000205305,0.001094409,0.001249690,-0.000205305,,,
1786043765346793003,1786043765.346302275,/novatel/oem7/inspva,/novatel/oem7/inspva,/novatel/oem7/inspva,39.663,-75.756,-1.800585530,0.002086417,0.000061786,0.001749074,0.001137486,0.000061786,,novatel_oem7_msgs.msg.InertialSolutionStatus(status=3),
1786043765348062356,1786043765.346471766,/novatel/oem7/fix,/novatel/oem7/fix,/novatel/oem7/inspva,39.663,-75.756,-1.800585530,0.002086417,0.000061786,0.001749074,0.001137486,0.000061786,,0,
1786043765349066373,1786043765.346926215,/novatel/oem7/odom,/novatel/oem7/fix,/novatel/oem7/odom,39.663,-75.756,-1.800585530,0.002086136,0.000070645,0.001221736,0.001690953,0.000070645,,,
1786043765356570038,1786043765.355800850,/novatel/oem7/odom,/novatel/oem7/fix,/novatel/oem7/odom,39.663,-75.756,-1.800585530,0.002086136,0.000070645,0.001221736,0.001690953,0.000070645,,,
1786043765365744857,1786043765.365243162,/novatel/oem7/inspva,/novatel/oem7/inspva,/novatel/oem7/inspva,39.663,-75.756,-1.800606027,0.001743621,0.000071536,0.001466298,0.000943496,0.000071536,,novatel_oem7_msgs.msg.InertialSolutionStatus(status=3),
1786043765367059000,1786043765.365416314,/novatel/oem7/fix,/novatel/oem7/fix,/novatel/oem7/inspva,39.663,-75.756,-1.800606027,0.001743621,0.000071536,0.001466298,0.000943496,0.000071536,,0,
1786043765368107284,1786043765.365940536,/novatel/oem7/odom,/novatel/oem7/fix,/novatel/oem7/odom,39.663,-75.756,-1.800606027,0.001743303,0.000078920,0.001014071,0.001418014,0.000078920,,,
1786043765376080007,1786043765.375452444,/novatel/oem7/odom,/novatel/oem7/fix,/novatel/oem7/odom,39.663,-75.756,-1.800606027,0.001743303,0.000078920,0.001014071,0.001418014,0.000078920,,,
1786043765385538735,1786043765.385012357,/novatel/oem7/inspva,/novatel/oem7/inspva,/novatel/oem7/inspva,39.663,-75.756,-1.800634688,0.002000499,-0.000015119,0.001636802,0.001150162,-0.000015119,,novatel_oem7_msgs.msg.InertialSolutionStatus(status=3),
1786043765386998457,1786043765.385174492,/novatel/oem7/fix,/novatel/oem7/fix,/novatel/oem7/inspva,39.663,-75.756,-1.800634688,0.002000499,-0.000015119,0.001636802,0.001150162,-0.000015119,,0,
1786043765388253219,1786043765.385612836,/novatel/oem7/odom,/novatel/oem7/fix,/novatel/oem7/odom,39.663,-75.756,-1.800634688,0.002000545,-0.000006525,0.001229181,0.001578384,-0.000006525,,,
1786043765394993707,1786043765.394351947,/novatel/oem7/odom,/novatel/oem7/fix,/novatel/oem7/odom,39.663,-75.756,-1.800634688,0.002000545,-0.000006525,0.001229181,0.001578384,-0.000006525,,,
1786043765406315707,1786043765.405806795,/novatel/oem7/inspva,/novatel/oem7/inspva,/novatel/oem7/inspva,39.663,-75.756,-1.800659037,0.001635402,-0.000135840,0.001148677,0.001164080,-0.000135840,,novatel_oem7_msgs.msg.InertialSolutionStatus(status=3),
1786043765407633417,1786043765.405956560,/novatel/oem7/fix,/novatel/oem7/fix,/novatel/oem7/inspva,39.663,-75.756,-1.800659037,0.001635402,-0.000135840,0.001148677,0.001164080,-0.000135840,,0,
1786043765408659854,1786043765.406865796,/novatel/oem7/odom,/novatel/oem7/fix,/novatel/oem7/odom,39.663,-75.756,-1.800659037,0.001635997,-0.000128482,0.001219583,0.001090459,-0.000128482,,,
1786043765410760915,1786043765.410178816,/novatel/oem7/bestpos,/novatel/oem7/bestpos,/novatel/oem7/odom,39.663,-75.756,33.181777002,0.001635997,-0.000128482,0.001219583,0.001090459,-0.000128482,,novatel_oem7_msgs.msg.SolutionStatus(status=0),novatel_oem7_msgs.msg.PositionOrVelocityType(type=53)
1786043765412118689,1786043765.410658894,/novatel/oem7/bestvel,/novatel/oem7/bestpos,/novatel/oem7/bestvel,39.663,-75.756,33.181777002,0.001941644,-0.000343253,,,,29.542446145,novatel_oem7_msgs.msg.SolutionStatus(status=0),novatel_oem7_msgs.msg.PositionOrVelocityType(type=53)
1786043765415578927,1786043765.414912110,/novatel/oem7/odom,/novatel/oem7/bestpos,/novatel/oem7/odom,39.663,-75.756,33.181777002,0.001635997,-0.000128482,0.001219583,0.001090459,-0.000128482,,,
1786043765425482396,1786043765.424949634,/novatel/oem7/inspva,/novatel/oem7/inspva,/novatel/oem7/inspva,39.663,-75.756,-1.800686262,0.001825189,0.000286991,0.001297077,0.001284097,0.000286991,,novatel_oem7_msgs.msg.InertialSolutionStatus(status=3),
1786043765426783626,1786043765.425089679,/novatel/oem7/fix,/novatel/oem7/fix,/novatel/oem7/inspva,39.663,-75.756,-1.800686262,0.001825189,0.000286991,0.001297077,0.001284097,0.000286991,,0,
1786043765427801422,1786043765.425548957,/novatel/oem7/odom,/novatel/oem7/fix,/novatel/oem7/odom,39.663,-75.756,-1.800686262,0.001823882,0.000295181,0.001345122,0.001231744,0.000295181,,,
1786043765436014525,1786043765.435362188,/novatel/oem7/odom,/novatel/oem7/fix,/novatel/oem7/odom,39.663,-75.756,-1.800686262,0.001823882,0.000295181,0.001345122,0.001231744,0.000295181,,,
1786043765445847733,1786043765.445331868,/novatel/oem7/inspva,/novatel/oem7/inspva,/novatel/oem7/inspva,39.663,-75.756,-1.800716356,0.001762645,-0.000580204,0.001066849,0.001403122,-0.000580204,,novatel_oem7_msgs.msg.InertialSolutionStatus(status=3),
1786043765447147683,1786043765.445495914,/novatel/oem7/fix,/novatel/oem7/fix,/novatel/oem7/inspva,39.663,-75.756,-1.800716356,0.001762645,-0.000580204,0.001066849,0.001403122,-0.000580204,,0,
1786043765448168593,1786043765.445991675,/novatel/oem7/odom,/novatel/oem7/fix,/novatel/oem7/odom,39.663,-75.756,-1.800716356,0.001765269,-0.000572173,0.001455997,0.000998122,-0.000572173,,,
1786043765457014902,1786043765.456349559,/novatel/oem7/odom,/novatel/oem7/fix,/novatel/oem7/odom,39.663,-75.756,-1.800716356,0.001765269,-0.000572173,0.001455997,0.000998122,-0.000572173,,,
1786043765466534215,1786043765.466012169,/novatel/oem7/inspva,/novatel/oem7/inspva,/novatel/oem7/inspva,39.663,-75.756,-1.800743590,0.001786360,-0.000364428,0.001179016,0.001342014,-0.000364428,,novatel_oem7_msgs.msg.InertialSolutionStatus(status=3),
1786043765467842924,1786043765.466154867,/novatel/oem7/fix,/novatel/oem7/fix,/novatel/oem7/inspva,39.663,-75.756,-1.800743590,0.001786360,-0.000364428,0.001179016,0.001342014,-0.000364428,,0,
1786043765468862268,1786043765.466617179,/novatel/oem7/odom,/novatel/oem7/fix,/novatel/oem7/odom,39.663,-75.756,-1.800743590,0.001787992,-0.000356331,0.001399650,0.001112608,-0.000356331,,,
1786043765475264052,1786043765.474629062,/novatel/oem7/odom,/novatel/oem7/fix,/novatel/oem7/odom,39.663,-75.756,-1.800743590,0.001787992,-0.000356331,0.001399650,0.001112608,-0.000356331,,,
1786043765485855928,1786043765.485330529,/novatel/oem7/inspva,/novatel/oem7/inspva,/novatel/oem7/inspva,39.663,-75.756,-1.800765826,0.001869289,-0.000096725,0.001380213,0.001260656,-0.000096725,,novatel_oem7_msgs.msg.InertialSolutionStatus(status=3),
1786043765487167348,1786043765.485510675,/novatel/oem7/fix,/novatel/oem7/fix,/novatel/oem7/inspva,39.663,-75.756,-1.800765826,0.001869289,-0.000096725,0.001380213,0.001260656,-0.000096725,,0,
1786043765488204098,1786043765.486023566,/novatel/oem7/odom,/novatel/oem7/fix,/novatel/oem7/odom,39.663,-75.756,-1.800765826,0.001869702,-0.000088388,0.001327248,0.001316890,-0.000088388,,,
1786043765496123591,1786043765.495482638,/novatel/oem7/odom,/novatel/oem7/fix,/novatel/oem7/odom,39.663,-75.756,-1.800765826,0.001869702,-0.000088388,0.001327248,0.001316890,-0.000088388,,,
1786043765506576139,1786043765.506046741,/novatel/oem7/inspva,/novatel/oem7/inspva,/novatel/oem7/inspva,39.663,-75.756,-1.800795916,0.001811567,0.000053822,0.001301116,0.001260506,0.000053822,,novatel_oem7_msgs.msg.InertialSolutionStatus(status=3),
1786043765507874665,1786043765.506238359,/novatel/oem7/fix,/novatel/oem7/fix,/novatel/oem7/inspva,39.663,-75.756,-1.800795916,0.001811567,0.000053822,0.001301116,0.001260506,0.000053822,,0,
1786043765508882056,1786043765.506624710,/novatel/oem7/odom,/novatel/oem7/fix,/novatel/oem7/odom,39.663,-75.756,-1.800795916,0.001811307,0.000061958,0.001322636,0.001237525,0.000061958,,,
1786043765512148625,1786043765.511594290,/novatel/oem7/bestpos,/novatel/oem7/bestpos,/novatel/oem7/odom,39.663,-75.756,33.181633541,0.001811307,0.000061958,0.001322636,0.001237525,0.000061958,,novatel_oem7_msgs.msg.SolutionStatus(status=0),novatel_oem7_msgs.msg.PositionOrVelocityType(type=53)
1786043765513635873,1786043765.512487239,/novatel/oem7/bestvel,/novatel/oem7/bestpos,/novatel/oem7/bestvel,39.663,-75.756,33.181633541,0.002151501,-0.000209460,,,,44.225341240,novatel_oem7_msgs.msg.SolutionStatus(status=0),novatel_oem7_msgs.msg.PositionOrVelocityType(type=53)
1786043765515463715,1786043765.514723778,/novatel/oem7/odom,/novatel/oem7/bestpos,/novatel/oem7/odom,39.663,-75.756,33.181633541,0.001811307,0.000061958,0.001322636,0.001237525,0.000061958,,,
1786043765526863916,1786043765.526344634,/novatel/oem7/inspva,/novatel/oem7/inspva,/novatel/oem7/inspva,39.663,-75.756,-1.800825860,0.002047365,-0.000580727,0.001484294,0.001410168,-0.000580727,,novatel_oem7_msgs.msg.InertialSolutionStatus(status=3),
1786043765528164139,1786043765.526513046,/novatel/oem7/fix,/novatel/oem7/fix,/novatel/oem7/inspva,39.663,-75.756,-1.800825860,0.002047365,-0.000580727,0.001484294,0.001410168,-0.000580727,,0,
1786043765529183966,1786043765.526983334,/novatel/oem7/odom,/novatel/oem7/fix,/novatel/oem7/odom,39.663,-75.756,-1.800825860,0.002049947,-0.000571546,0.001483525,0.001414721,-0.000571546,,,
1786043765535780025,1786043765.535107296,/novatel/oem7/odom,/novatel/oem7/fix,/novatel/oem7/odom,39.663,-75.756,-1.800825860,0.002049947,-0.000571546,0.001483525,0.001414721,-0.000571546,,,
1786043765545385692,1786043765.544886781,/novatel/oem7/inspva,/novatel/oem7/inspva,/novatel/oem7/inspva,39.663,-75.756,-1.800856327,0.001836346,-0.000340537,0.001298309,0.001298676,-0.000340537,,novatel_oem7_msgs.msg.InertialSolutionStatus(status=3),
1786043765547078676,1786043765.545073202,/novatel/oem7/fix,/novatel/oem7/fix,/novatel/oem7/inspva,39.663,-75.756,-1.800856327,0.001836346,-0.000340537,0.001298309,0.001298676,-0.000340537,,0,
1786043765548252824,1786043765.545461633,/novatel/oem7/odom,/novatel/oem7/fix,/novatel/oem7/odom,39.663,-75.756,-1.800856327,0.001837861,-0.000332263,0.001362121,0.001233839,-0.000332263,,,
1786043765556278795,1786043765.555638268,/novatel/oem7/odom,/novatel/oem7/fix,/novatel/oem7/odom,39.663,-75.756,-1.800856327,0.001837861,-0.000332263,0.001362121,0.001233839,-0.000332263,,,
1786043765565739890,1786043765.565224278,/novatel/oem7/inspva,/novatel/oem7/inspva,/novatel/oem7/inspva,39.663,-75.756,-1.800883074,0.001763628,-0.000385141,0.001550801,0.000839880,-0.000385141,,novatel_oem7_msgs.msg.InertialSolutionStatus(status=3),
1786043765567035663,1786043765.565400882,/novatel/oem7/fix,/novatel/oem7/fix,/novatel/oem7/inspva,39.663,-75.756,-1.800883074,0.001763628,-0.000385141,0.001550801,0.000839880,-0.000385141,,0,
1786043765568077596,1786043765.565999888,/novatel/oem7/odom,/novatel/oem7/fix,/novatel/oem7/odom,39.663,-75.756,-1.800883074,0.001765189,-0.000377922,0.000916439,0.001508652,-0.000377922,,,
1786043765575511998,1786043765.574853527,/novatel/oem7/odom,/novatel/oem7/fix,/novatel/oem7/odom,39.663,-75.756,-1.800883074,0.001765189,-0.000377922,0.000916439,0.001508652,-0.000377922,,,
1786043765586556245,1786043765.586017189,/novatel/oem7/inspva,/novatel/oem7/inspva,/novatel/oem7/inspva,39.663,-75.756,-1.800915571,0.001623056,-0.000457069,0.001294432,0.000979161,-0.000457069,,novatel_oem7_msgs.msg.InertialSolutionStatus(status=3),
1786043765588946929,1786043765.586199558,/novatel/oem7/fix,/novatel/oem7/fix,/novatel/oem7/inspva,39.663,-75.756,-1.800915571,0.001623056,-0.000457069,0.001294432,0.000979161,-0.000457069,,0,
1786043765590041703,1786043765.586713260,/novatel/oem7/odom,/novatel/oem7/fix,/novatel/oem7/odom,39.663,-75.756,-1.800915571,0.001625029,-0.000450002,0.001043257,0.001245927,-0.000450002,,,
1786043765595092307,1786043765.594394893,/novatel/oem7/odom,/novatel/oem7/fix,/novatel/oem7/odom,39.663,-75.756,-1.800915571,0.001625029,-0.000450002,0.001043257,0.001245927,-0.000450002,,,
1786043765606732324,1786043765.606199409,/novatel/oem7/inspva,/novatel/oem7/inspva,/novatel/oem7/inspva,39.663,-75.756,-1.800943085,0.001935745,-0.000454716,0.001837828,0.000607861,-0.000454716,,novatel_oem7_msgs.msg.InertialSolutionStatus(status=3),
1786043765608087094,1786043765.606372230,/novatel/oem7/fix,/novatel/oem7/fix,/novatel/oem7/inspva,39.663,-75.756,-1.800943085,0.001935745,-0.000454716,0.001837828,0.000607861,-0.000454716,,0,
1786043765609093331,1786043765.606926926,/novatel/oem7/odom,/novatel/oem7/fix,/novatel/oem7/odom,39.663,-75.756,-1.800943085,0.001937409,-0.000447573,0.000699053,0.001806897,-0.000447573,,,
1786043765611418341,1786043765.610356400,/novatel/oem7/bestpos,/novatel/oem7/bestpos,/novatel/oem7/odom,39.663,-75.756,33.181498767,0.001937409,-0.000447573,0.000699053,0.001806897,-0.000447573,,novatel_oem7_msgs.msg.SolutionStatus(status=0),novatel_oem7_msgs.msg.PositionOrVelocityType(type=53)
1786043765612413814,1786043765.610723947,/novatel/oem7/bestvel,/novatel/oem7/bestpos,/novatel/oem7/bestvel,39.663,-75.756,33.181498767,0.001578224,-0.000258958,,,,26.796203412,novatel_oem7_msgs.msg.SolutionStatus(status=0),novatel_oem7_msgs.msg.PositionOrVelocityType(type=53)
1786043765616140008,1786043765.615495872,/novatel/oem7/odom,/novatel/oem7/bestpos,/novatel/oem7/odom,39.663,-75.756,33.181498767,0.001937409,-0.000447573,0.000699053,0.001806897,-0.000447573,,,
1786043765625897953,1786043765.625436825,/novatel/oem7/inspva,/novatel/oem7/inspva,/novatel/oem7/inspva,39.663,-75.756,-1.800978404,0.001750212,-0.000538242,0.001327440,0.001140677,-0.000538242,,novatel_oem7_msgs.msg.InertialSolutionStatus(status=3),
1786043765627220503,1786043765.625512017,/novatel/oem7/fix,/novatel/oem7/fix,/novatel/oem7/inspva,39.663,-75.756,-1.800978404,0.001750212,-0.000538242,0.001327440,0.001140677,-0.000538242,,0,
1786043765628286847,1786043765.625951767,/novatel/oem7/odom,/novatel/oem7/fix,/novatel/oem7/odom,39.663,-75.756,-1.800978404,0.001752578,-0.000530486,0.001206504,0.001271172,-0.000530486,,,
1786043765635136416,1786043765.634499666,/novatel/oem7/odom,/novatel/oem7/fix,/novatel/oem7/odom,39.663,-75.756,-1.800978404,0.001752578,-0.000530486,0.001206504,0.001271172,-0.000530486,,,
1786043765647218323,1786043765.646696892,/novatel/oem7/inspva,/novatel/oem7/inspva,/novatel/oem7/inspva,39.663,-75.756,-1.801006126,0.001937479,-0.000384691,0.001653973,0.001009059,-0.000384691,,novatel_oem7_msgs.msg.InertialSolutionStatus(status=3),
1786043765648533460,1786043765.646865513,/novatel/oem7/fix,/novatel/oem7/fix,/novatel/oem7/inspva,39.663,-75.756,-1.801006126,0.001937479,-0.000384691,0.001653973,0.001009059,-0.000384691,,0,
1786043765649561087,1786043765.647324721,/novatel/oem7/odom,/novatel/oem7/fix,/novatel/oem7/odom,39.663,-75.756,-1.801006126,0.001939077,-0.000376554,0.001090498,0.001603383,-0.000376554,,,
1786043765657013721,1786043765.656374975,/novatel/oem7/odom,/novatel/oem7/fix,/novatel/oem7/odom,39.663,-75.756,-1.801006126,0.001939077,-0.000376554,0.001090498,0.001603383,-0.000376554,,,
1786043765665459670,1786043765.664989101,/novatel/oem7/inspva,/novatel/oem7/inspva,/novatel/oem7/inspva,39.663,-75.756,-1.801043679,0.001894800,-0.000634093,0.001359895,0.001319452,-0.000634093,,novatel_oem7_msgs.msg.InertialSolutionStatus(status=3),
1786043765666741369,1786043765.665060578,/novatel/oem7/fix,/novatel/oem7/fix,/novatel/oem7/inspva,39.663,-75.756,-1.801043679,0.001894800,-0.000634093,0.001359895,0.001319452,-0.000634093,,0,
1786043765667790003,1786043765.665535727,/novatel/oem7/odom,/novatel/oem7/fix,/novatel/oem7/odom,39.663,-75.756,-1.801043679,0.001897622,-0.000625597,0.001387029,0.001295037,-0.000625597,,,
1786043765676300182,1786043765.675556527,/novatel/oem7/odom,/novatel/oem7/fix,/novatel/oem7/odom,39.663,-75.756,-1.801043679,0.001897622,-0.000625597,0.001387029,0.001295037,-0.000625597,,,
1786043765687347826,1786043765.686642809,/novatel/oem7/inspva,/novatel/oem7/inspva,/novatel/oem7/inspva,39.663,-75.756,-1.801073669,0.001809263,-0.000708925,0.001533916,0.000959444,-0.000708925,,novatel_oem7_msgs.msg.InertialSolutionStatus(status=3),
1786043765688751250,1786043765.686845464,/novatel/oem7/fix,/novatel/oem7/fix,/novatel/oem7/inspva,39.663,-75.756,-1.801073669,0.001809263,-0.000708925,0.001533916,0.000959444,-0.000708925,,0,
1786043765689789090,1786043765.687307804,/novatel/oem7/odom,/novatel/oem7/fix,/novatel/oem7/odom,39.663,-75.756,-1.801073669,0.001812230,-0.000701306,0.001036281,0.001486708,-0.000701306,,,
1786043765695328779,1786043765.694600105,/novatel/oem7/odom,/novatel/oem7/fix,/novatel/oem7/odom,39.663,-75.756,-1.801073669,0.001812230,-0.000701306,0.001036281,0.001486708,-0.000701306,,,
1786043765706549195,1786043765.705728187,/novatel/oem7/inspva,/novatel/oem7/inspva,/novatel/oem7/inspva,39.663,-75.756,-1.801111451,0.001862462,-0.000757405,0.001478594,0.001132486,-0.000757405,,novatel_oem7_msgs.msg.InertialSolutionStatus(status=3),
1786043765708027300,1786043765.705966196,/novatel/oem7/fix,/novatel/oem7/fix,/novatel/oem7/inspva,39.663,-75.756,-1.801111451,0.001862462,-0.000757405,0.001478594,0.001132486,-0.000757405,,0,
1786043765709684483,1786043765.707668396,/novatel/oem7/odom,/novatel/oem7/fix,/novatel/oem7/odom,39.663,-75.756,-1.801111451,0.001865740,-0.000749293,0.001206582,0.001423077,-0.000749293,,,
1786043765711228729,1786043765.709264296,/novatel/oem7/bestpos,/novatel/oem7/bestpos,/novatel/oem7/odom,39.663,-75.756,33.181328642,0.001865740,-0.000749293,0.001206582,0.001423077,-0.000749293,,novatel_oem7_msgs.msg.SolutionStatus(status=0),novatel_oem7_msgs.msg.PositionOrVelocityType(type=53)
1786043765712178428,1786043765.709913519,/novatel/oem7/bestvel,/novatel/oem7/bestpos,/novatel/oem7/bestvel,39.663,-75.756,33.181328642,0.001771277,-0.000681827,,,,35.161835197,novatel_oem7_msgs.msg.SolutionStatus(status=0),novatel_oem7_msgs.msg.PositionOrVelocityType(type=53)
1786043765716023537,1786043765.715349923,/novatel/oem7/odom,/novatel/oem7/bestpos,/novatel/oem7/odom,39.663,-75.756,33.181328642,0.001865740,-0.000749293,0.001206582,0.001423077,-0.000749293,,,
1786043765725886536,1786043765.725349171,/novatel/oem7/inspva,/novatel/oem7/inspva,/novatel/oem7/inspva,39.663,-75.756,-1.801142428,0.002263411,-0.000574585,0.001814320,0.001353244,-0.000574585,,novatel_oem7_msgs.msg.InertialSolutionStatus(status=3),
1786043765727310223,1786043765.725533979,/novatel/oem7/fix,/novatel/oem7/fix,/novatel/oem7/inspva,39.663,-75.756,-1.801142428,0.002263411,-0.000574585,0.001814320,0.001353244,-0.000574585,,0,
1786043765728369791,1786043765.726078018,/novatel/oem7/odom,/novatel/oem7/fix,/novatel/oem7/odom,39.663,-75.756,-1.801142428,0.002265882,-0.000564761,0.001442857,0.001747107,-0.000564761,,,
1786043765736087571,1786043765.735441818,/novatel/oem7/odom,/novatel/oem7/fix,/novatel/oem7/odom,39.663,-75.756,-1.801142428,0.002265882,-0.000564761,0.001442857,0.001747107,-0.000564761,,,
1786043765745872346,1786043765.745268853,/novatel/oem7/inspva,/novatel/oem7/inspva,/novatel/oem7/inspva,39.663,-75.756,-1.801180124,0.002081523,-0.000933140,0.001583523,0.001350997,-0.000933140,,novatel_oem7_msgs.msg.InertialSolutionStatus(status=3),
1786043765747215356,1786043765.745414532,/novatel/oem7/fix,/novatel/oem7/fix,/novatel/oem7/inspva,39.663,-75.756,-1.801180124,0.002081523,-0.000933140,0.001583523,0.001350997,-0.000933140,,0,
1786043765748278307,1786043765.745871130,/novatel/oem7/odom,/novatel/oem7/fix,/novatel/oem7/odom,39.663,-75.756,-1.801180124,0.002085631,-0.000923921,0.001430654,0.001517592,-0.000923921,,,
1786043765756490893,1786043765.755806936,/novatel/oem7/odom,/novatel/oem7/fix,/novatel/oem7/odom,39.663,-75.756,-1.801180124,0.002085631,-0.000923921,0.001430654,0.001517592,-0.000923921,,,
1786043765765605651,1786043765.765044265,/novatel/oem7/inspva,/novatel/oem7/inspva,/novatel/oem7/inspva,39.663,-75.756,-1.801205752,0.002240520,-0.000267326,0.001844493,0.001271919,-0.000267326,,novatel_oem7_msgs.msg.InertialSolutionStatus(status=3),
1786043765766943411,1786043765.765177236,/novatel/oem7/fix,/novatel/oem7/fix,/novatel/oem7/inspva,39.663,-75.756,-1.801205752,0.002240520,-0.000267326,0.001844493,0.001271919,-0.000267326,,0,
1786043765768035865,1786043765.765600517,/novatel/oem7/odom,/novatel/oem7/fix,/novatel/oem7/odom,39.663,-75.756,-1.801205752,0.002241646,-0.000257720,0.001361963,0.001780459,-0.000257720,,,
1786043765776260798,1786043765.775603381,/novatel/oem7/odom,/novatel/oem7/fix,/novatel/oem7/odom,39.663,-75.756,-1.801205752,0.002241646,-0.000257720,0.001361963,0.001780459,-0.000257720,,,
1786043765785589575,1786043765.784996712,/novatel/oem7/inspva,/novatel/oem7/inspva,/novatel/oem7/inspva,39.663,-75.756,-1.801247567,0.002298746,-0.000744630,0.001586377,0.001663623,-0.000744630,,novatel_oem7_msgs.msg.InertialSolutionStatus(status=3),
1786043765786930855,1786043765.785137810,/novatel/oem7/fix,/novatel/oem7/fix,/novatel/oem7/inspva,39.663,-75.756,-1.801247567,0.002298746,-0.000744630,0.001586377,0.001663623,-0.000744630,,0,
1786043765787995719,1786043765.785614371,/novatel/oem7/odom,/novatel/oem7/fix,/novatel/oem7/odom,39.663,-75.756,-1.801247567,0.002302079,-0.000734263,0.001742337,0.001504602,-0.000734263,,,
1786043765795022099,1786043765.794352826,/novatel/oem7/odom,/novatel/oem7/fix,/novatel/oem7/odom,39.663,-75.756,-1.801247567,0.002302079,-0.000734263,0.001742337,0.001504602,-0.000734263,,,
1786043765807343363,1786043765.806504331,/novatel/oem7/inspva,/novatel/oem7/inspva,/novatel/oem7/inspva,39.663,-75.756,-1.801282031,0.002330781,-0.000931955,0.001633596,0.001662500,-0.000931955,,novatel_oem7_msgs.msg.InertialSolutionStatus(status=3),
1786043765809472631,1786043765.806695863,/novatel/oem7/fix,/novatel/oem7/fix,/novatel/oem7/inspva,39.663,-75.756,-1.801282031,0.002330781,-0.000931955,0.001633596,0.001662500,-0.000931955,,0,
1786043765811133824,1786043765.807072133,/novatel/oem7/odom,/novatel/oem7/fix,/novatel/oem7/odom,39.663,-75.756,-1.801282031,0.002334951,-0.000921459,0.001744250,0.001552284,-0.000921459,,,
1786043765813445491,1786043765.810203558,/novatel/oem7/bestpos,/novatel/oem7/bestpos,/novatel/oem7/odom,39.663,-75.756,33.181152122,0.002334951,-0.000921459,0.001744250,0.001552284,-0.000921459,,novatel_oem7_msgs.msg.SolutionStatus(status=0),novatel_oem7_msgs.msg.PositionOrVelocityType(type=53)
1786043765814864425,1786043765.810564785,/novatel/oem7/bestvel,/novatel/oem7/bestpos,/novatel/oem7/bestvel,39.663,-75.756,33.181152122,0.002457752,-0.000992080,,,,53.699680772,novatel_oem7_msgs.msg.SolutionStatus(status=0),novatel_oem7_msgs.msg.PositionOrVelocityType(type=53)
1786043765817363030,1786043765.814614409,/novatel/oem7/odom,/novatel/oem7/bestpos,/novatel/oem7/odom,39.663,-75.756,33.181152122,0.002334951,-0.000921459,0.001744250,0.001552284,-0.000921459,,,
1786043765825768021,1786043765.825000934,/novatel/oem7/inspva,/novatel/oem7/inspva,/novatel/oem7/inspva,39.663,-75.756,-1.801326004,0.002341850,-0.001290484,0.001673699,0.001637985,-0.001290484,,novatel_oem7_msgs.msg.InertialSolutionStatus(status=3),
1786043765827835305,1786043765.825076302,/novatel/oem7/fix,/novatel/oem7/fix,/novatel/oem7/inspva,39.663,-75.756,-1.801326004,0.002341850,-0.001290484,0.001673699,0.001637985,-0.001290484,,0,
1786043765829490095,1786043765.825473375,/novatel/oem7/odom,/novatel/oem7/fix,/novatel/oem7/odom,39.663,-75.756,-1.801326004,0.002347609,-0.001279979,0.001723090,0.001594437,-0.001279979,,,
1786043765836380227,1786043765.835314780,/novatel/oem7/odom,/novatel/oem7/fix,/novatel/oem7/odom,39.663,-75.756,-1.801326004,0.002347609,-0.001279979,0.001723090,0.001594437,-0.001279979,,,
1786043765845736711,1786043765.845113738,/novatel/oem7/inspva,/novatel/oem7/inspva,/novatel/oem7/inspva,39.663,-75.756,-1.801359371,0.002320267,-0.000725917,0.001949648,0.001257979,-0.000725917,,novatel_oem7_msgs.msg.InertialSolutionStatus(status=3),
1786043765847110388,1786043765.845285197,/novatel/oem7/fix,/novatel/oem7/fix,/novatel/oem7/inspva,39.663,-75.756,-1.801359371,0.002320267,-0.000725917,0.001949648,0.001257979,-0.000725917,,0,
1786043765848185553,1786043765.845812662,/novatel/oem7/odom,/novatel/oem7/fix,/novatel/oem7/odom,39.663,-75.756,-1.801359371,0.002323322,-0.000716079,0.001354941,0.001887316,-0.000716079,,,
1786043765856989637,1786043765.856285530,/novatel/oem7/odom,/novatel/oem7/fix,/novatel/oem7/odom,39.663,-75.756,-1.801359371,0.002323322,-0.000716079,0.001354941,0.001887316,-0.000716079,,,
1786043765866506963,1786043765.865954981,/novatel/oem7/inspva,/novatel/oem7/inspva,/novatel/oem7/inspva,39.663,-75.756,-1.801408000,0.002299283,-0.001201051,0.001712837,0.001533913,-0.001201051,,novatel_oem7_msgs.msg.InertialSolutionStatus(status=3),
1786043765867869363,1786043765.866093029,/novatel/oem7/fix,/novatel/oem7/fix,/novatel/oem7/inspva,39.663,-75.756,-1.801408000,0.002299283,-0.001201051,0.001712837,0.001533913,-0.001201051,,0,
1786043765868914391,1786043765.866546080,/novatel/oem7/odom,/novatel/oem7/fix,/novatel/oem7/odom,39.663,-75.756,-1.801408000,0.002304596,-0.001190825,0.001620715,0.001638428,-0.001190825,,,
1786043765875002975,1786043765.874336555,/novatel/oem7/odom,/novatel/oem7/fix,/novatel/oem7/odom,39.663,-75.756,-1.801408000,0.002304596,-0.001190825,0.001620715,0.001638428,-0.001190825,,,
1786043765885784163,1786043765.885206157,/novatel/oem7/inspva,/novatel/oem7/inspva,/novatel/oem7/inspva,39.663,-75.756,-1.801444354,0.002381005,-0.001037961,0.001966770,0.001342013,-0.001037961,,novatel_oem7_msgs.msg.InertialSolutionStatus(status=3),
1786043765887124756,1786043765.885350059,/novatel/oem7/fix,/novatel/oem7/fix,/novatel/oem7/inspva,39.663,-75.756,-1.801444354,0.002381005,-0.001037961,0.001966770,0.001342013,-0.001037961,,0,
1786043765888211537,1786043765.885791863,/novatel/oem7/odom,/novatel/oem7/fix,/novatel/oem7/odom,39.663,-75.756,-1.801444354,0.002385421,-0.001027772,0.001440889,0.001901070,-0.001027772,,,
1786043765895661732,1786043765.894956478,/novatel/oem7/odom,/novatel/oem7/fix,/novatel/oem7/odom,39.663,-75.756,-1.801444354,0.002385421,-0.001027772,0.001440889,0.001901070,-0.001027772,,,
1786043765906152814,1786043765.905623222,/novatel/oem7/inspva,/novatel/oem7/inspva,/novatel/oem7/inspva,39.663,-75.756,-1.801490051,0.002515628,-0.001048464,0.001883204,0.001667911,-0.001048464,,novatel_oem7_msgs.msg.InertialSolutionStatus(status=3),
1786043765907506478,1786043765.905765240,/novatel/oem7/fix,/novatel/oem7/fix,/novatel/oem7/inspva,39.663,-75.756,-1.801490051,0.002515628,-0.001048464,0.001883204,0.001667911,-0.001048464,,0,
1786043765908610182,1786043765.906321379,/novatel/oem7/odom,/novatel/oem7/fix,/novatel/oem7/odom,39.663,-75.756,-1.801490051,0.002520255,-0.001037291,0.001762330,0.001801632,-0.001037291,,,
1786043765910134287,1786043765.909309996,/novatel/oem7/bestpos,/novatel/oem7/bestpos,/novatel/oem7/odom,39.663,-75.756,33.180945372,0.002520255,-0.001037291,0.001762330,0.001801632,-0.001037291,,novatel_oem7_msgs.msg.SolutionStatus(status=0),novatel_oem7_msgs.msg.PositionOrVelocityType(type=53)
1786043765911587652,1786043765.909889902,/novatel/oem7/bestvel,/novatel/oem7/bestpos,/novatel/oem7/bestvel,39.663,-75.756,33.180945372,0.002678150,-0.001167067,,,,36.693357218,novatel_oem7_msgs.msg.SolutionStatus(status=0),novatel_oem7_msgs.msg.PositionOrVelocityType(type=53)
1786043765914997426,1786043765.914290099,/novatel/oem7/odom,/novatel/oem7/bestpos,/novatel/oem7/odom,39.663,-75.756,33.180945372,0.002520255,-0.001037291,0.001762330,0.001801632,-0.001037291,,,
1786043765926961979,1786043765.926438068,/novatel/oem7/inspva,/novatel/oem7/inspva,/novatel/oem7/inspva,39.663,-75.756,-1.801531769,0.002343541,-0.001283888,0.001370010,0.001901382,-0.001283888,,novatel_oem7_msgs.msg.InertialSolutionStatus(status=3),
1786043765928284559,1786043765.926576702,/novatel/oem7/fix,/novatel/oem7/fix,/novatel/oem7/inspva,39.663,-75.756,-1.801531769,0.002343541,-0.001283888,0.001370010,0.001901382,-0.001283888,,0,
1786043765929325623,1786043765.926989966,/novatel/oem7/odom,/novatel/oem7/fix,/novatel/oem7/odom,39.663,-75.756,-1.801531769,0.002349372,-0.001273186,0.001971243,0.001278181,-0.001273186,,,
1786043765935557052,1786043765.934857938,/novatel/oem7/odom,/novatel/oem7/fix,/novatel/oem7/odom,39.663,-75.756,-1.801531769,0.002349372,-0.001273186,0.001971243,0.001278181,-0.001273186,,,
1786043765945556439,1786043765.945002070,/novatel/oem7/inspva,/novatel/oem7/inspva,/novatel/oem7/inspva,39.663,-75.756,-1.801575991,0.002471720,-0.001420068,0.001687413,0.001806111,-0.001420068,,novatel_oem7_msgs.msg.InertialSolutionStatus(status=3),
1786043765946912156,1786043765.945146978,/novatel/oem7/fix,/novatel/oem7/fix,/novatel/oem7/inspva,39.663,-75.756,-1.801575991,0.002471720,-0.001420068,0.001687413,0.001806111,-0.001420068,,0,
1786043765948034960,1786043765.945584846,/novatel/oem7/odom,/novatel/oem7/fix,/novatel/oem7/odom,39.663,-75.756,-1.801575991,0.002478115,-0.001408878,0.001892189,0.001600211,-0.001408878,,,
1786043765956706158,1786043765.955982084,/novatel/oem7/odom,/novatel/oem7/fix,/novatel/oem7/odom,39.663,-75.756,-1.801575991,0.002478115,-0.001408878,0.001892189,0.001600211,-0.001408878,,,
1786043765965744175,1786043765.965195843,/novatel/oem7/inspva,/novatel/oem7/inspva,/novatel/oem7/inspva,39.663,-75.756,-1.801612818,0.002357290,-0.001162435,0.001631301,0.001701668,-0.001162435,,novatel_oem7_msgs.msg.InertialSolutionStatus(status=3),
1786043765967061568,1786043765.965325511,/novatel/oem7/fix,/novatel/oem7/fix,/novatel/oem7/inspva,39.663,-75.756,-1.801612818,0.002357290,-0.001162435,0.001631301,0.001701668,-0.001162435,,0,
1786043765968165449,1786043765.965749165,/novatel/oem7/odom,/novatel/oem7/fix,/novatel/oem7/odom,39.663,-75.756,-1.801612818,0.002362510,-0.001151789,0.001784123,0.001548664,-0.001151789,,,
1786043765975389905,1786043765.974728635,/novatel/oem7/odom,/novatel/oem7/fix,/novatel/oem7/odom,39.663,-75.756,-1.801612818,0.002362510,-0.001151789,0.001784123,0.001548664,-0.001151789,,,
1786043765986580187,1786043765.985987991,/novatel/oem7/inspva,/novatel/oem7/inspva,/novatel/oem7/inspva,39.663,-75.756,-1.801657231,0.002484067,-0.001237801,0.001668417,0.001840374,-0.001237801,,novatel_oem7_msgs.msg.InertialSolutionStatus(status=3),
1786043765987935081,1786043765.986125973,/novatel/oem7/fix,/novatel/oem7/fix,/novatel/oem7/inspva,39.663,-75.756,-1.801657231,0.002484067,-0.001237801,0.001668417,0.001840374,-0.001237801,,0,
1786043765988986258,1786043765.986553434,/novatel/oem7/odom,/novatel/oem7/fix,/novatel/oem7/odom,39.663,-75.756,-1.801657231,0.002489639,-0.001226556,0.001924780,0.001579089,-0.001226556,,,
1786043765994993682,1786043765.994277638,/novatel/oem7/odom,/novatel/oem7/fix,/novatel/oem7/odom,39.663,-75.756,-1.801657231,0.002489639,-0.001226556,0.001924780,0.001579089,-0.001226556,,,
1786043766010753007,1786043766.010130570,/novatel/oem7/inspva,/novatel/oem7/inspva,/novatel/oem7/inspva,39.663,-75.756,-1.801696329,0.002911235,-0.001473258,0.001724563,0.002345458,-0.001473258,,novatel_oem7_msgs.msg.InertialSolutionStatus(status=3),
1786043766012134870,1786043766.010261335,/novatel/oem7/fix,/novatel/oem7/fix,/novatel/oem7/inspva,39.663,-75.756,-1.801696329,0.002911235,-0.001473258,0.001724563,0.002345458,-0.001473258,,0,
1786043766013187828,1786043766.011460537,/novatel/oem7/odom,/novatel/oem7/fix,/novatel/oem7/odom,39.663,-75.756,-1.801696329,0.002917920,-0.001459974,0.002432923,0.001610944,-0.001459974,,,
1786043766017242162,1786043766.016526191,/novatel/oem7/odom,/novatel/oem7/fix,/novatel/oem7/odom,39.663,-75.756,-1.801696329,0.002917920,-0.001459974,0.002432923,0.001610944,-0.001459974,,,
1786043766027727520,1786043766.027015430,/novatel/oem7/bestpos,/novatel/oem7/bestpos,/novatel/oem7/odom,39.663,-75.756,33.180732276,0.002917920,-0.001459974,0.002432923,0.001610944,-0.001459974,,novatel_oem7_msgs.msg.SolutionStatus(status=0),novatel_oem7_msgs.msg.PositionOrVelocityType(type=53)
1786043766029228985,1786043766.027471317,/novatel/oem7/bestvel,/novatel/oem7/bestpos,/novatel/oem7/bestvel,39.663,-75.756,33.180732276,0.003008823,-0.001555680,,,,52.648712597,novatel_oem7_msgs.msg.SolutionStatus(status=0),novatel_oem7_msgs.msg.PositionOrVelocityType(type=53)
1786043766030226322,1786043766.028008463,/novatel/oem7/inspva,/novatel/oem7/inspva,/novatel/oem7/inspva,39.663,-75.756,-1.801737770,0.002702349,-0.001302793,0.001619762,0.002163113,-0.001302793,,novatel_oem7_msgs.msg.InertialSolutionStatus(status=3),
1786043766031085720,1786043766.028142188,/novatel/oem7/fix,/novatel/oem7/fix,/novatel/oem7/inspva,39.663,-75.756,-1.801737770,0.002702349,-0.001302793,0.001619762,0.002163113,-0.001302793,,0,
1786043766032122398,1786043766.028563858,/novatel/oem7/odom,/novatel/oem7/fix,/novatel/oem7/odom,39.663,-75.756,-1.801737770,0.002708253,-0.001290473,0.002245005,0.001514791,-0.001290473,,,
1786043766035342886,1786043766.034691877,/novatel/oem7/odom,/novatel/oem7/fix,/novatel/oem7/odom,39.663,-75.756,-1.801737770,0.002708253,-0.001290473,0.002245005,0.001514791,-0.001290473,,,
1786043766047046407,1786043766.046503278,/novatel/oem7/inspva,/novatel/oem7/inspva,/novatel/oem7/inspva,39.663,-75.756,-1.801744648,0.003167436,-0.001454823,0.001409119,0.002836729,-0.001454823,,novatel_oem7_msgs.msg.InertialSolutionStatus(status=3),
1786043766048483912,1786043766.046641653,/novatel/oem7/fix,/novatel/oem7/fix,/novatel/oem7/inspva,39.663,-75.756,-1.801744648,0.003167436,-0.001454823,0.001409119,0.002836729,-0.001454823,,0,
1786043766049577329,1786043766.047067564,/novatel/oem7/odom,/novatel/oem7/fix,/novatel/oem7/odom,39.663,-75.756,-1.801744648,0.003173930,-0.001440598,0.002908025,0.001271701,-0.001440598,,,
1786043766056953463,1786043766.056243470,/novatel/oem7/odom,/novatel/oem7/fix,/novatel/oem7/odom,39.663,-75.756,-1.801744648,0.003173930,-0.001440598,0.002908025,0.001271701,-0.001440598,,,
1786043766065622280,1786043766.064981074,/novatel/oem7/inspva,/novatel/oem7/inspva,/novatel/oem7/inspva,39.663,-75.756,-1.801735647,0.003167065,-0.001377612,0.001571920,0.002749430,-0.001377612,,novatel_oem7_msgs.msg.InertialSolutionStatus(status=3),
1786043766067037698,1786043766.065124802,/novatel/oem7/fix,/novatel/oem7/fix,/novatel/oem7/inspva,39.663,-75.756,-1.801735647,0.003167065,-0.001377612,0.001571920,0.002749430,-0.001377612,,0,
1786043766068198453,1786043766.065590210,/novatel/oem7/odom,/novatel/oem7/fix,/novatel/oem7/odom,39.663,-75.756,-1.801735647,0.003173259,-0.001363283,0.002828546,0.001438367,-0.001363283,,,
1786043766075486636,1786043766.074789572,/novatel/oem7/odom,/novatel/oem7/fix,/novatel/oem7/odom,39.663,-75.756,-1.801735647,0.003173259,-0.001363283,0.002828546,0.001438367,-0.001363283,,,
1786043766085917114,1786043766.085335072,/novatel/oem7/inspva,/novatel/oem7/inspva,/novatel/oem7/inspva,39.663,-75.756,-1.801733907,0.003116111,-0.001556978,0.001982875,0.002403821,-0.001556978,,novatel_oem7_msgs.msg.InertialSolutionStatus(status=3),
1786043766087445846,1786043766.085493820,/novatel/oem7/fix,/novatel/oem7/fix,/novatel/oem7/inspva,39.663,-75.756,-1.801733907,0.003116111,-0.001556978,0.001982875,0.002403821,-0.001556978,,0,
1786043766088559057,1786043766.086068599,/novatel/oem7/odom,/novatel/oem7/fix,/novatel/oem7/odom,39.663,-75.756,-1.801733907,0.003123141,-0.001542829,0.002504207,0.001866269,-0.001542829,,,
1786043766095853593,1786043766.095089629,/novatel/oem7/odom,/novatel/oem7/fix,/novatel/oem7/odom,39.663,-75.756,-1.801733907,0.003123141,-0.001542829,0.002504207,0.001866269,-0.001542829,,,
1786043766106528544,1786043766.105935064,/novatel/oem7/inspva,/novatel/oem7/inspva,/novatel/oem7/inspva,39.663,-75.756,-1.801725407,0.002841539,-0.001563272,0.001647440,0.002315228,-0.001563272,,novatel_oem7_msgs.msg.InertialSolutionStatus(status=3),
1786043766108028879,1786043766.106075506,/novatel/oem7/fix,/novatel/oem7/fix,/novatel/oem7/inspva,39.663,-75.756,-1.801725407,0.002841539,-0.001563272,0.001647440,0.002315228,-0.001563272,,0,
1786043766109155664,1786043766.106597841,/novatel/oem7/odom,/novatel/oem7/fix,/novatel/oem7/odom,39.663,-75.756,-1.801725407,0.002848611,-0.001550347,0.002399262,0.001535620,-0.001550347,,,
1786043766110820773,1786043766.109221794,/novatel/oem7/bestpos,/novatel/oem7/bestpos,/novatel/oem7/odom,39.663,-75.756,33.180738078,0.002848611,-0.001550347,0.002399262,0.001535620,-0.001550347,,novatel_oem7_msgs.msg.SolutionStatus(status=0),novatel_oem7_msgs.msg.PositionOrVelocityType(type=53)
1786043766111789343,1786043766.109650716,/novatel/oem7/bestvel,/novatel/oem7/bestpos,/novatel/oem7/bestvel,39.663,-75.756,33.180738078,0.002430312,-0.001230656,,,,57.240815049,novatel_oem7_msgs.msg.SolutionStatus(status=0),novatel_oem7_msgs.msg.PositionOrVelocityType(type=53)
1786043766115151057,1786043766.114388273,/novatel/oem7/odom,/novatel/oem7/bestpos,/novatel/oem7/odom,39.663,-75.756,33.180738078,0.002848611,-0.001550347,0.002399262,0.001535620,-0.001550347,,,
1786043766125632936,1786043766.125055290,/novatel/oem7/inspva,/novatel/oem7/inspva,/novatel/oem7/inspva,39.663,-75.756,-1.801719868,0.003008282,-0.001212909,0.001819626,0.002395563,-0.001212909,,novatel_oem7_msgs.msg.InertialSolutionStatus(status=3),
1786043766127007433,1786043766.125210345,/novatel/oem7/fix,/novatel/oem7/fix,/novatel/oem7/inspva,39.663,-75.756,-1.801719868,0.003008282,-0.001212909,0.001819626,0.002395563,-0.001212909,,0,
1786043766128174178,1786043766.125670352,/novatel/oem7/odom,/novatel/oem7/fix,/novatel/oem7/odom,39.663,-75.756,-1.801719868,0.003013757,-0.001199242,0.002486622,0.001702775,-0.001199242,,,
1786043766136156835,1786043766.135477455,/novatel/oem7/odom,/novatel/oem7/fix,/novatel/oem7/odom,39.663,-75.756,-1.801719868,0.003013757,-0.001199242,0.002486622,0.001702775,-0.001199242,,,
1786043766145604272,1786043766.145008103,/novatel/oem7/inspva,/novatel/oem7/inspva,/novatel/oem7/inspva,39.663,-75.756,-1.801711853,0.002721474,-0.001130240,0.001467108,0.002292164,-0.001130240,,novatel_oem7_msgs.msg.InertialSolutionStatus(status=3),
1786043766146953956,1786043766.145155245,/novatel/oem7/fix,/novatel/oem7/fix,/novatel/oem7/inspva,39.663,-75.756,-1.801711853,0.002721474,-0.001130240,0.001467108,0.002292164,-0.001130240,,0,
1786043766148137538,1786043766.145618426,/novatel/oem7/odom,/novatel/oem7/fix,/novatel/oem7/odom,39.663,-75.756,-1.801711853,0.002726577,-0.001117873,0.002365726,0.001355567,-0.001117873,,,
1786043766156347037,1786043766.155665487,/novatel/oem7/odom,/novatel/oem7/fix,/novatel/oem7/odom,39.663,-75.756,-1.801711853,0.002726577,-0.001117873,0.002365726,0.001355567,-0.001117873,,,
1786043766167195993,1786043766.166612803,/novatel/oem7/inspva,/novatel/oem7/inspva,/novatel/oem7/inspva,39.663,-75.756,-1.801711547,0.002970292,-0.001528913,0.001527419,0.002547474,-0.001528913,,novatel_oem7_msgs.msg.InertialSolutionStatus(status=3),
1786043766168596950,1786043766.166773392,/novatel/oem7/fix,/novatel/oem7/fix,/novatel/oem7/inspva,39.663,-75.756,-1.801711547,0.002970292,-0.001528913,0.001527419,0.002547474,-0.001528913,,0,
1786043766169678224,1786043766.167196946,/novatel/oem7/odom,/novatel/oem7/fix,/novatel/oem7/odom,39.663,-75.756,-1.801711547,0.002977199,-0.001515420,0.002625240,0.001404218,-0.001515420,,,
1786043766175384221,1786043766.174717421,/novatel/oem7/odom,/novatel/oem7/fix,/novatel/oem7/odom,39.663,-75.756,-1.801711547,0.002977199,-0.001515420,0.002625240,0.001404218,-0.001515420,,,
1786043766185668304,1786043766.185077818,/novatel/oem7/inspva,/novatel/oem7/inspva,/novatel/oem7/inspva,39.663,-75.756,-1.801700216,0.002816690,-0.001253609,0.001357182,0.002468158,-0.001253609,,novatel_oem7_msgs.msg.InertialSolutionStatus(status=3),
1786043766187024585,1786043766.185218274,/novatel/oem7/fix,/novatel/oem7/fix,/novatel/oem7/inspva,39.663,-75.756,-1.801700216,0.002816690,-0.001253609,0.001357182,0.002468158,-0.001253609,,0,
1786043766188153793,1786043766.185662924,/novatel/oem7/odom,/novatel/oem7/fix,/novatel/oem7/odom,39.663,-75.756,-1.801700216,0.002822310,-0.001240907,0.002536572,0.001237430,-0.001240907,,,
1786043766196339701,1786043766.195667115,/novatel/oem7/odom,/novatel/oem7/fix,/novatel/oem7/odom,39.663,-75.756,-1.801700216,0.002822310,-0.001240907,0.002536572,0.001237430,-0.001240907,,,
1786043766206976538,1786043766.206474290,/novatel/oem7/inspva,/novatel/oem7/inspva,/novatel/oem7/inspva,39.663,-75.756,-1.801700150,0.002920179,-0.001525236,0.001560516,0.002468245,-0.001525236,,novatel_oem7_msgs.msg.InertialSolutionStatus(status=3),
1786043766208400272,1786043766.206614308,/novatel/oem7/fix,/novatel/oem7/fix,/novatel/oem7/inspva,39.663,-75.756,-1.801700150,0.002920179,-0.001525236,0.001560516,0.002468245,-0.001525236,,0,
1786043766209514041,1786043766.207219461,/novatel/oem7/odom,/novatel/oem7/fix,/novatel/oem7/odom,39.663,-75.756,-1.801700150,0.002927056,-0.001511996,0.002547680,0.001441175,-0.001511996,,,
1786043766211080916,1786043766.210262398,/novatel/oem7/bestpos,/novatel/oem7/bestpos,/novatel/oem7/odom,39.663,-75.756,33.180763684,0.002927056,-0.001511996,0.002547680,0.001441175,-0.001511996,,novatel_oem7_msgs.msg.SolutionStatus(status=0),novatel_oem7_msgs.msg.PositionOrVelocityType(type=53)
1786043766212605995,1786043766.210795210,/novatel/oem7/bestvel,/novatel/oem7/bestpos,/novatel/oem7/bestvel,39.663,-75.756,33.180763684,0.002648588,-0.001346517,,,,55.124256296,novatel_oem7_msgs.msg.SolutionStatus(status=0),novatel_oem7_msgs.msg.PositionOrVelocityType(type=53)
1786043766215656762,1786043766.214967388,/novatel/oem7/odom,/novatel/oem7/bestpos,/novatel/oem7/odom,39.663,-75.756,33.180763684,0.002927056,-0.001511996,0.002547680,0.001441175,-0.001511996,,,
1786043766226867545,1786043766.226248178,/novatel/oem7/inspva,/novatel/oem7/inspva,/novatel/oem7/inspva,39.663,-75.756,-1.801696103,0.002742829,-0.001548958,0.001519986,0.002283145,-0.001548958,,novatel_oem7_msgs.msg.InertialSolutionStatus(status=3),
1786043766228266282,1786043766.226401317,/novatel/oem7/fix,/novatel/oem7/fix,/novatel/oem7/inspva,39.663,-75.756,-1.801696103,0.002742829,-0.001548958,0.001519986,0.002283145,-0.001548958,,0,
1786043766229319452,1786043766.226874682,/novatel/oem7/odom,/novatel/oem7/fix,/novatel/oem7/odom,39.663,-75.756,-1.801696103,0.002749823,-0.001536508,0.002360904,0.001409842,-0.001536508,,,
1786043766235108654,1786043766.234449534,/novatel/oem7/odom,/novatel/oem7/fix,/novatel/oem7/odom,39.663,-75.756,-1.801696103,0.002749823,-0.001536508,0.002360904,0.001409842,-0.001536508,,,
1786043766245905789,1786043766.245311473,/novatel/oem7/inspva,/novatel/oem7/inspva,/novatel/oem7/inspva,39.663,-75.756,-1.801697514,0.002842646,-0.001412348,0.001568800,0.002370550,-0.001412348,,novatel_oem7_msgs.msg.InertialSolutionStatus(status=3),
1786043766247271276,1786043766.245484238,/novatel/oem7/fix,/novatel/oem7/fix,/novatel/oem7/inspva,39.663,-75.756,-1.801697514,0.002842646,-0.001412348,0.001568800,0.002370550,-0.001412348,,0,
1786043766248352760,1786043766.246094741,/novatel/oem7/odom,/novatel/oem7/fix,/novatel/oem7/odom,39.663,-75.756,-1.801697514,0.002849018,-0.001399449,0.002450073,0.001453977,-0.001399449,,,
1786043766257167949,1786043766.256493359,/novatel/oem7/odom,/novatel/oem7/fix,/novatel/oem7/odom,39.663,-75.756,-1.801697514,0.002849018,-0.001399449,0.002450073,0.001453977,-0.001399449,,,
1786043766265743915,1786043766.265105658,/novatel/oem7/inspva,/novatel/oem7/inspva,/novatel/oem7/inspva,39.663,-75.756,-1.801693361,0.003011172,-0.001187113,0.001597119,0.002552718,-0.001187113,,novatel_oem7_msgs.msg.InertialSolutionStatus(status=3),
1786043766267172879,1786043766.265262220,/novatel/oem7/fix,/novatel/oem7/fix,/novatel/oem7/inspva,39.663,-75.756,-1.801693361,0.003011172,-0.001187113,0.001597119,0.002552718,-0.001187113,,0,
1786043766268341221,1786043766.265740361,/novatel/oem7/odom,/novatel/oem7/fix,/novatel/oem7/odom,39.663,-75.756,-1.801693361,0.003016500,-0.001173508,0.002632550,0.001472737,-0.001173508,,,
1786043766275299147,1786043766.274612173,/novatel/oem7/odom,/novatel/oem7/fix,/novatel/oem7/odom,39.663,-75.756,-1.801693361,0.003016500,-0.001173508,0.002632550,0.001472737,-0.001173508,,,
1786043766287163819,1786043766.286627954,/novatel/oem7/inspva,/novatel/oem7/inspva,/novatel/oem7/inspva,39.663,-75.756,-1.801700393,0.003159911,-0.001625716,0.001711534,0.002656254,-0.001625716,,novatel_oem7_msgs.msg.InertialSolutionStatus(status=3),
1786043766288688628,1786043766.286783013,/novatel/oem7/fix,/novatel/oem7/fix,/novatel/oem7/inspva,39.663,-75.756,-1.801700393,0.003159911,-0.001625716,0.001711534,0.002656254,-0.001625716,,0,
1786043766289339124,1786043766.287731862,/novatel/oem7/odom,/novatel/oem7/fix,/novatel/oem7/odom,39.663,-75.756,-1.801700393,0.003167245,-0.001611381,0.002743265,0.001583015,-0.001611381,,,
1786043766295403065,1786043766.294686012,/novatel/oem7/odom,/novatel/oem7/fix,/novatel/oem7/odom,39.663,-75.756,-1.801700393,0.003167245,-0.001611381,0.002743265,0.001583015,-0.001611381,,,
1786043766306389159,1786043766.305847597,/novatel/oem7/inspva,/novatel/oem7/inspva,/novatel/oem7/inspva,39.663,-75.756,-1.801697323,0.003040070,-0.001582540,0.001479920,0.002655535,-0.001582540,,novatel_oem7_msgs.msg.InertialSolutionStatus(status=3),
1786043766307844754,1786043766.305993222,/novatel/oem7/fix,/novatel/oem7/fix,/novatel/oem7/inspva,39.663,-75.756,-1.801697323,0.003040070,-0.001582540,0.001479920,0.002655535,-0.001582540,,0,
1786043766308960868,1786043766.306511407,/novatel/oem7/odom,/novatel/oem7/fix,/novatel/oem7/odom,39.663,-75.756,-1.801697323,0.003047166,-0.001568834,0.002731000,0.001351613,-0.001568834,,,
1786043766310534467,1786043766.309631582,/novatel/oem7/bestpos,/novatel/oem7/bestpos,/novatel/oem7/odom,39.663,-75.756,33.180766468,0.003047166,-0.001568834,0.002731000,0.001351613,-0.001568834,,novatel_oem7_msgs.msg.SolutionStatus(status=0),novatel_oem7_msgs.msg.PositionOrVelocityType(type=53)
1786043766312036506,1786043766.310479003,/novatel/oem7/bestvel,/novatel/oem7/bestpos,/novatel/oem7/bestvel,39.663,-75.756,33.180766468,0.003179617,-0.001706067,,,,59.307152379,novatel_oem7_msgs.msg.SolutionStatus(status=0),novatel_oem7_msgs.msg.PositionOrVelocityType(type=53)
1786043766316239931,1786043766.315558787,/novatel/oem7/odom,/novatel/oem7/bestpos,/novatel/oem7/odom,39.663,-75.756,33.180766468,0.003047166,-0.001568834,0.002731000,0.001351613,-0.001568834,,,
1786043766326053130,1786043766.325486034,/novatel/oem7/inspva,/novatel/oem7/inspva,/novatel/oem7/inspva,39.663,-75.756,-1.801695321,0.002857904,-0.001071433,0.001566583,0.002390279,-0.001071433,,novatel_oem7_msgs.msg.InertialSolutionStatus(status=3),
1786043766327571375,1786043766.325652589,/novatel/oem7/fix,/novatel/oem7/fix,/novatel/oem7/inspva,39.663,-75.756,-1.801695321,0.002857904,-0.001071433,0.001566583,0.002390279,-0.001071433,,0,
1786043766328683753,1786043766.326274789,/novatel/oem7/odom,/novatel/oem7/fix,/novatel/oem7/odom,39.663,-75.756,-1.801695321,0.002862738,-0.001058451,0.002468384,0.001449947,-0.001058451,,,
1786043766335711049,1786043766.334957546,/novatel/oem7/odom,/novatel/oem7/fix,/novatel/oem7/odom,39.663,-75.756,-1.801695321,0.002862738,-0.001058451,0.002468384,0.001449947,-0.001058451,,,
1786043766346614399,1786043766.346016680,/novatel/oem7/inspva,/novatel/oem7/inspva,/novatel/oem7/inspva,39.663,-75.756,-1.801694109,0.002955831,-0.001144462,0.001449968,0.002575758,-0.001144462,,novatel_oem7_msgs.msg.InertialSolutionStatus(status=3),
1786043766348000407,1786043766.346187895,/novatel/oem7/fix,/novatel/oem7/fix,/novatel/oem7/inspva,39.663,-75.756,-1.801694109,0.002955831,-0.001144462,0.001449968,0.002575758,-0.001144462,,0,
1786043766349075344,1786043766.346548668,/novatel/oem7/odom,/novatel/oem7/fix,/novatel/oem7/odom,39.663,-75.756,-1.801694109,0.002960973,-0.001131094,0.002648190,0.001324555,-0.001131094,,,
1786043766356579559,1786043766.355853162,/novatel/oem7/odom,/novatel/oem7/fix,/novatel/oem7/odom,39.663,-75.756,-1.801694109,0.002960973,-0.001131094,0.002648190,0.001324555,-0.001131094,,,
1786043766365831652,1786043766.365269630,/novatel/oem7/inspva,/novatel/oem7/inspva,/novatel/oem7/inspva,39.663,-75.756,-1.801696952,0.002829926,-0.001312633,0.001663375,0.002289468,-0.001312633,,novatel_oem7_msgs.msg.InertialSolutionStatus(status=3),
1786043766367234203,1786043766.365433715,/novatel/oem7/fix,/novatel/oem7/fix,/novatel/oem7/inspva,39.663,-75.756,-1.801696952,0.002829926,-0.001312633,0.001663375,0.002289468,-0.001312633,,0,
1786043766368315427,1786043766.365931469,/novatel/oem7/odom,/novatel/oem7/fix,/novatel/oem7/odom,39.663,-75.756,-1.801696952,0.002835862,-0.001299759,0.002373376,0.001552159,-0.001299759,,,
1786043766376117768,1786043766.375455728,/novatel/oem7/odom,/novatel/oem7/fix,/novatel/oem7/odom,39.663,-75.756,-1.801696952,0.002835862,-0.001299759,0.002373376,0.001552159,-0.001299759,,,
1786043766385719985,1786043766.385138538,/novatel/oem7/inspva,/novatel/oem7/inspva,/novatel/oem7/inspva,39.663,-75.756,-1.801694188,0.002719174,-0.001269093,0.001503201,0.002265898,-0.001269093,,novatel_oem7_msgs.msg.InertialSolutionStatus(status=3),
1786043766387089408,1786043766.385213810,/novatel/oem7/fix,/novatel/oem7/fix,/novatel/oem7/inspva,39.663,-75.756,-1.801694188,0.002719174,-0.001269093,0.001503201,0.002265898,-0.001269093,,0,
1786043766388164379,1786043766.385607680,/novatel/oem7/odom,/novatel/oem7/fix,/novatel/oem7/odom,39.663,-75.756,-1.801694188,0.002724894,-0.001256764,0.002341784,0.001393231,-0.001256764,,,
1786043766395034298,1786043766.394358155,/novatel/oem7/odom,/novatel/oem7/fix,/novatel/oem7/odom,39.663,-75.756,-1.801694188,0.002724894,-0.001256764,0.002341784,0.001393231,-0.001256764,,,
1786043766406733059,1786043766.406147080,/novatel/oem7/inspva,/novatel/oem7/inspva,/novatel/oem7/inspva,39.663,-75.756,-1.801698421,0.002749501,-0.001226592,0.001304919,0.002420112,-0.001226592,,novatel_oem7_msgs.msg.InertialSolutionStatus(status=3),
1786043766408137819,1786043766.406304824,/novatel/oem7/fix,/novatel/oem7/fix,/novatel/oem7/inspva,39.663,-75.756,-1.801698421,0.002749501,-0.001226592,0.001304919,0.002420112,-0.001226592,,0,
1786043766409213043,1786043766.406940494,/novatel/oem7/odom,/novatel/oem7/fix,/novatel/oem7/odom,39.663,-75.756,-1.801698421,0.002754993,-0.001214206,0.002485929,0.001187495,-0.001214206,,,
1786043766411142293,1786043766.410239348,/novatel/oem7/bestpos,/novatel/oem7/bestpos,/novatel/oem7/odom,39.663,-75.756,33.180761490,0.002754993,-0.001214206,0.002485929,0.001187495,-0.001214206,,novatel_oem7_msgs.msg.SolutionStatus(status=0),novatel_oem7_msgs.msg.PositionOrVelocityType(type=53)
1786043766412721385,1786043766.410681161,/novatel/oem7/bestvel,/novatel/oem7/bestpos,/novatel/oem7/bestvel,39.663,-75.756,33.180761490,0.002891585,-0.001275886,,,,65.369277397,novatel_oem7_msgs.msg.SolutionStatus(status=0),novatel_oem7_msgs.msg.PositionOrVelocityType(type=53)
1786043766415790406,1786043766.415076565,/novatel/oem7/odom,/novatel/oem7/bestpos,/novatel/oem7/odom,39.663,-75.756,33.180761490,0.002754993,-0.001214206,0.002485929,0.001187495,-0.001214206,,,
1786043766425381702,1786043766.424867659,/novatel/oem7/inspva,/novatel/oem7/inspva,/novatel/oem7/inspva,39.663,-75.756,-1.801698245,0.002866732,-0.001264653,0.001228514,0.002590156,-0.001264653,,novatel_oem7_msgs.msg.InertialSolutionStatus(status=3),
1786043766426787123,1786043766.424955818,/novatel/oem7/fix,/novatel/oem7/fix,/novatel/oem7/inspva,39.663,-75.756,-1.801698245,0.002866732,-0.001264653,0.001228514,0.002590156,-0.001264653,,0,
1786043766427842147,1786043766.425365905,/novatel/oem7/odom,/novatel/oem7/fix,/novatel/oem7/odom,39.663,-75.756,-1.801698245,0.002872352,-0.001251836,0.002652163,0.001102923,-0.001251836,,,
1786043766436110130,1786043766.435446023,/novatel/oem7/odom,/novatel/oem7/fix,/novatel/oem7/odom,39.663,-75.756,-1.801698245,0.002872352,-0.001251836,0.002652163,0.001102923,-0.001251836,,,
1786043766445797587,1786043766.445211244,/novatel/oem7/inspva,/novatel/oem7/inspva,/novatel/oem7/inspva,39.663,-75.756,-1.801700509,0.002193523,-0.001128628,0.000988545,0.001958143,-0.001128628,,novatel_oem7_msgs.msg.InertialSolutionStatus(status=3),
1786043766447198001,1786043766.445347943,/novatel/oem7/fix,/novatel/oem7/fix,/novatel/oem7/inspva,39.663,-75.756,-1.801700509,0.002193523,-0.001128628,0.000988545,0.001958143,-0.001128628,,0,
1786043766448329606,1786043766.445949399,/novatel/oem7/odom,/novatel/oem7/fix,/novatel/oem7/odom,39.663,-75.756,-1.801700509,0.002198565,-0.001118775,0.002008622,0.000893938,-0.001118775,,,
1786043766457058043,1786043766.456311649,/novatel/oem7/odom,/novatel/oem7/fix,/novatel/oem7/odom,39.663,-75.756,-1.801700509,0.002198565,-0.001118775,0.002008622,0.000893938,-0.001118775,,,
1786043766466612209,1786043766.466024106,/novatel/oem7/inspva,/novatel/oem7/inspva,/novatel/oem7/inspva,39.663,-75.756,-1.801699401,0.002438673,-0.000976246,0.001131275,0.002160403,-0.000976246,,novatel_oem7_msgs.msg.InertialSolutionStatus(status=3),
1786043766468025316,1786043766.466113808,/novatel/oem7/fix,/novatel/oem7/fix,/novatel/oem7/inspva,39.663,-75.756,-1.801699401,0.002438673,-0.000976246,0.001131275,0.002160403,-0.000976246,,0,
1786043766469162721,1786043766.466556191,/novatel/oem7/odom,/novatel/oem7/fix,/novatel/oem7/odom,39.663,-75.756,-1.801699401,0.002443038,-0.000965271,0.002217063,0.001026190,-0.000965271,,,
1786043766475248912,1786043766.474563778,/novatel/oem7/odom,/novatel/oem7/fix,/novatel/oem7/odom,39.663,-75.756,-1.801699401,0.002443038,-0.000965271,0.002217063,0.001026190,-0.000965271,,,
1786043766485802814,1786043766.485251919,/novatel/oem7/inspva,/novatel/oem7/inspva,/novatel/oem7/inspva,39.663,-75.756,-1.801706227,0.002339995,-0.001297139,0.001220528,0.001996469,-0.001297139,,novatel_oem7_msgs.msg.InertialSolutionStatus(status=3),
1786043766487175135,1786043766.485401796,/novatel/oem7/fix,/novatel/oem7/fix,/novatel/oem7/inspva,39.663,-75.756,-1.801706227,0.002339995,-0.001297139,0.001220528,0.001996469,-0.001297139,,0,
1786043766488263756,1786043766.485938112,/novatel/oem7/odom,/novatel/oem7/fix,/novatel/oem7/odom,39.663,-75.756,-1.801706227,0.002345843,-0.001286533,0.002058933,0.001124178,-0.001286533,,,
1786043766496053271,1786043766.495372670,/novatel/oem7/odom,/novatel/oem7/fix,/novatel/oem7/odom,39.663,-75.756,-1.801706227,0.002345843,-0.001286533,0.002058933,0.001124178,-0.001286533,,,
1786043766506486272,1786043766.505963305,/novatel/oem7/inspva,/novatel/oem7/inspva,/novatel/oem7/inspva,39.663,-75.756,-1.801704937,0.002475594,-0.001430243,0.001327709,0.002089439,-0.001430243,,novatel_oem7_msgs.msg.InertialSolutionStatus(status=3),
1786043766507878482,1786043766.506040001,/novatel/oem7/fix,/novatel/oem7/fix,/novatel/oem7/inspva,39.663,-75.756,-1.801704937,0.002475594,-0.001430243,0.001327709,0.002089439,-0.001430243,,0,
1786043766508965316,1786043766.506519086,/novatel/oem7/odom,/novatel/oem7/fix,/novatel/oem7/odom,39.663,-75.756,-1.801704937,0.002482056,-0.001419000,0.002157572,0.001226982,-0.001419000,,,
1786043766512674537,1786043766.511995057,/novatel/oem7/bestpos,/novatel/oem7/bestpos,/novatel/oem7/odom,39.663,-75.756,33.180749803,0.002482056,-0.001419000,0.002157572,0.001226982,-0.001419000,,novatel_oem7_msgs.msg.SolutionStatus(status=0),novatel_oem7_msgs.msg.PositionOrVelocityType(type=53)
1786043766514094412,1786043766.512345337,/novatel/oem7/bestvel,/novatel/oem7/bestpos,/novatel/oem7/bestvel,39.663,-75.756,33.180749803,0.002897837,-0.001710473,,,,60.503824688,novatel_oem7_msgs.msg.SolutionStatus(status=0),novatel_oem7_msgs.msg.PositionOrVelocityType(type=53)
1786043766515732591,1786043766.514436625,/novatel/oem7/odom,/novatel/oem7/bestpos,/novatel/oem7/odom,39.663,-75.756,33.180749803,0.002482056,-0.001419000,0.002157572,0.001226982,-0.001419000,,,
1786043766527013888,1786043766.526505701,/novatel/oem7/inspva,/novatel/oem7/inspva,/novatel/oem7/inspva,39.663,-75.756,-1.801706901,0.002088545,-0.001046464,0.000827033,0.001917821,-0.001046464,,novatel_oem7_msgs.msg.InertialSolutionStatus(status=3),
1786043766528386521,1786043766.526587298,/novatel/oem7/fix,/novatel/oem7/fix,/novatel/oem7/inspva,39.663,-75.756,-1.801706901,0.002088545,-0.001046464,0.000827033,0.001917821,-0.001046464,,0,
1786043766529534770,1786043766.527012348,/novatel/oem7/odom,/novatel/oem7/fix,/novatel/oem7/odom,39.663,-75.756,-1.801706901,0.002093171,-0.001037180,0.001960104,0.000734409,-0.001037180,,,
1786043766535485186,1786043766.534756525,/novatel/oem7/odom,/novatel/oem7/fix,/novatel/oem7/odom,39.663,-75.756,-1.801706901,0.002093171,-0.001037180,0.001960104,0.000734409,-0.001037180,,,
1786043766545394846,1786043766.544880388,/novatel/oem7/inspva,/novatel/oem7/inspva,/novatel/oem7/inspva,39.663,-75.756,-1.801708383,0.002299457,-0.001141240,0.000888292,0.002120952,-0.001141240,,novatel_oem7_msgs.msg.InertialSolutionStatus(status=3),
1786043766546923674,1786043766.544963944,/novatel/oem7/fix,/novatel/oem7/fix,/novatel/oem7/inspva,39.663,-75.756,-1.801708383,0.002299457,-0.001141240,0.000888292,0.002120952,-0.001141240,,0,
1786043766548322645,1786043766.545378249,/novatel/oem7/odom,/novatel/oem7/fix,/novatel/oem7/odom,39.663,-75.756,-1.801708383,0.002304486,-0.001131051,0.002166355,0.000785850,-0.001131051,,,
1786043766556289858,1786043766.555605644,/novatel/oem7/odom,/novatel/oem7/fix,/novatel/oem7/odom,39.663,-75.756,-1.801708383,0.002304486,-0.001131051,0.002166355,0.000785850,-0.001131051,,,
1786043766565751970,1786043766.565200054,/novatel/oem7/inspva,/novatel/oem7/inspva,/novatel/oem7/inspva,39.663,-75.756,-1.801715839,0.002225372,-0.001438454,0.001074098,0.001948998,-0.001438454,,novatel_oem7_msgs.msg.InertialSolutionStatus(status=3),
1786043766567184047,1786043766.565290847,/novatel/oem7/fix,/novatel/oem7/fix,/novatel/oem7/inspva,39.663,-75.756,-1.801715839,0.002225372,-0.001438454,0.001074098,0.001948998,-0.001438454,,0,
1786043766568287132,1786043766.565949885,/novatel/oem7/odom,/novatel/oem7/fix,/novatel/oem7/odom,39.663,-75.756,-1.801715839,0.002231825,-0.001428420,0.002004863,0.000980597,-0.001428420,,,
1786043766575285142,1786043766.574596089,/novatel/oem7/odom,/novatel/oem7/fix,/novatel/oem7/odom,39.663,-75.756,-1.801715839,0.002231825,-0.001428420,0.002004863,0.000980597,-0.001428420,,,
1786043766586541838,1786043766.585985159,/novatel/oem7/inspva,/novatel/oem7/inspva,/novatel/oem7/inspva,39.663,-75.756,-1.801716099,0.002254867,-0.001406888,0.001025978,0.002007933,-0.001406888,,novatel_oem7_msgs.msg.InertialSolutionStatus(status=3),
1786043766587951399,1786043766.586065395,/novatel/oem7/fix,/novatel/oem7/fix,/novatel/oem7/inspva,39.663,-75.756,-1.801716099,0.002254867,-0.001406888,0.001025978,0.002007933,-0.001406888,,0,
1786043766589038504,1786043766.586515761,/novatel/oem7/odom,/novatel/oem7/fix,/novatel/oem7/odom,39.663,-75.756,-1.801716099,0.002261154,-0.001396761,0.002061245,0.000929563,-0.001396761,,,
1786043766595234129,1786043766.594577562,/novatel/oem7/odom,/novatel/oem7/fix,/novatel/oem7/odom,39.663,-75.756,-1.801716099,0.002261154,-0.001396761,0.002061245,0.000929563,-0.001396761,,,
1786043766606759008,1786043766.606224625,/novatel/oem7/inspva,/novatel/oem7/inspva,/novatel/oem7/inspva,39.663,-75.756,-1.801719584,0.002339449,-0.001168397,0.001210150,0.002002138,-0.001168397,,novatel_oem7_msgs.msg.InertialSolutionStatus(status=3),
1786043766608133208,1786043766.606303504,/novatel/oem7/fix,/novatel/oem7/fix,/novatel/oem7/inspva,39.663,-75.756,-1.801719584,0.002339449,-0.001168397,0.001210150,0.002002138,-0.001168397,,0,
1786043766609215096,1786043766.606764884,/novatel/oem7/odom,/novatel/oem7/fix,/novatel/oem7/odom,39.663,-75.756,-1.801719584,0.002344713,-0.001157797,0.002063598,0.001113212,-0.001157797,,,
1786043766610781438,1786043766.610153433,/novatel/oem7/bestpos,/novatel/oem7/bestpos,/novatel/oem7/odom,39.663,-75.756,33.180731665,0.002344713,-0.001157797,0.002063598,0.001113212,-0.001157797,,novatel_oem7_msgs.msg.SolutionStatus(status=0),novatel_oem7_msgs.msg.PositionOrVelocityType(type=53)
1786043766612443075,1786043766.610518282,/novatel/oem7/bestvel,/novatel/oem7/bestpos,/novatel/oem7/bestvel,39.663,-75.756,33.180731665,0.002516680,-0.001351032,,,,52.712273007,novatel_oem7_msgs.msg.SolutionStatus(status=0),novatel_oem7_msgs.msg.PositionOrVelocityType(type=53)
1786043766616161952,1786043766.615490105,/novatel/oem7/odom,/novatel/oem7/bestpos,/novatel/oem7/odom,39.663,-75.756,33.180731665,0.002344713,-0.001157797,0.002063598,0.001113212,-0.001157797,,,
1786043766625859563,1786043766.625280563,/novatel/oem7/inspva,/novatel/oem7/inspva,/novatel/oem7/inspva,39.663,-75.756,-1.801716952,0.002603233,-0.001182573,0.001139747,0.002340470,-0.001182573,,novatel_oem7_msgs.msg.InertialSolutionStatus(status=3),
1786043766627259410,1786043766.625447762,/novatel/oem7/fix,/novatel/oem7/fix,/novatel/oem7/inspva,39.663,-75.756,-1.801716952,0.002603233,-0.001182573,0.001139747,0.002340470,-0.001182573,,0,
1786043766628368791,1786043766.625876286,/novatel/oem7/odom,/novatel/oem7/fix,/novatel/oem7/odom,39.663,-75.756,-1.801716952,0.002608503,-0.001170904,0.002398117,0.001026314,-0.001170904,,,
1786043766635216200,1786043766.634523156,/novatel/oem7/odom,/novatel/oem7/fix,/novatel/oem7/odom,39.663,-75.756,-1.801716952,0.002608503,-0.001170904,0.002398117,0.001026314,-0.001170904,,,
1786043766647168933,1786043766.646638275,/novatel/oem7/inspva,/novatel/oem7/inspva,/novatel/oem7/inspva,39.663,-75.756,-1.801718333,0.002663521,-0.001051343,0.001207129,0.002374276,-0.001051343,,novatel_oem7_msgs.msg.InertialSolutionStatus(status=3),
1786043766649015118,1786043766.646756361,/novatel/oem7/fix,/novatel/oem7/fix,/novatel/oem7/inspva,39.663,-75.756,-1.801718333,0.002663521,-0.001051343,0.001207129,0.002374276,-0.001051343,,0,
1786043766650166283,1786043766.647223760,/novatel/oem7/odom,/novatel/oem7/fix,/novatel/oem7/odom,39.663,-75.756,-1.801718333,0.002668224,-0.001039350,0.002434698,0.001091634,-0.001039350,,,
1786043766657280285,1786043766.656545257,/novatel/oem7/odom,/novatel/oem7/fix,/novatel/oem7/odom,39.663,-75.756,-1.801718333,0.002668224,-0.001039350,0.002434698,0.001091634,-0.001039350,,,
1786043766665735033,1786043766.665148534,/novatel/oem7/inspva,/novatel/oem7/inspva,/novatel/oem7/inspva,39.663,-75.756,-1.801714971,0.002500453,-0.001041153,0.000860696,0.002347652,-0.001041153,,novatel_oem7_msgs.msg.InertialSolutionStatus(status=3),
1786043766667172924,1786043766.665326282,/novatel/oem7/fix,/novatel/oem7/fix,/novatel/oem7/inspva,39.663,-75.756,-1.801714971,0.002500453,-0.001041153,0.000860696,0.002347652,-0.001041153,,0,
1786043766668312999,1786043766.665809480,/novatel/oem7/odom,/novatel/oem7/fix,/novatel/oem7/odom,39.663,-75.756,-1.801714971,0.002504986,-0.001030200,0.002391047,0.000746892,-0.001030200,,,
1786043766676319652,1786043766.675622199,/novatel/oem7/odom,/novatel/oem7/fix,/novatel/oem7/odom,39.663,-75.756,-1.801714971,0.002504986,-0.001030200,0.002391047,0.000746892,-0.001030200,,,
1786043766686503184,1786043766.685939909,/novatel/oem7/inspva,/novatel/oem7/inspva,/novatel/oem7/inspva,39.663,-75.756,-1.801715769,0.002634723,-0.000935608,0.001248116,0.002320339,-0.000935608,,novatel_oem7_msgs.msg.InertialSolutionStatus(status=3),
1786043766687874218,1786043766.686110491,/novatel/oem7/fix,/novatel/oem7/fix,/novatel/oem7/inspva,39.663,-75.756,-1.801715769,0.002634723,-0.000935608,0.001248116,0.002320339,-0.000935608,,0,
1786043766688919792,1786043766.686831975,/novatel/oem7/odom,/novatel/oem7/fix,/novatel/oem7/odom,39.663,-75.756,-1.801715769,0.002638916,-0.000923716,0.002382395,0.001134932,-0.000923716,,,
1786043766695332723,1786043766.694655489,/novatel/oem7/odom,/novatel/oem7/fix,/novatel/oem7/odom,39.663,-75.756,-1.801715769,0.002638916,-0.000923716,0.002382395,0.001134932,-0.000923716,,,
1786043766706536875,1786043766.705972483,/novatel/oem7/inspva,/novatel/oem7/inspva,/novatel/oem7/inspva,39.663,-75.756,-1.801715706,0.002558200,-0.001301875,0.001006291,0.002351970,-0.001301875,,novatel_oem7_msgs.msg.InertialSolutionStatus(status=3),
1786043766707918536,1786043766.706136628,/novatel/oem7/fix,/novatel/oem7/fix,/novatel/oem7/inspva,39.663,-75.756,-1.801715706,0.002558200,-0.001301875,0.001006291,0.002351970,-0.001301875,,0,
1786043766708978893,1786043766.706631700,/novatel/oem7/odom,/novatel/oem7/fix,/novatel/oem7/odom,39.663,-75.756,-1.801715706,0.002563947,-0.001290520,0.002403495,0.000892768,-0.001290520,,,
1786043766710533889,1786043766.709258133,/novatel/oem7/bestpos,/novatel/oem7/bestpos,/novatel/oem7/odom,39.663,-75.756,33.180727551,0.002563947,-0.001290520,0.002403495,0.000892768,-0.001290520,,novatel_oem7_msgs.msg.SolutionStatus(status=0),novatel_oem7_msgs.msg.PositionOrVelocityType(type=53)
1786043766711784815,1786043766.709585043,/novatel/oem7/bestvel,/novatel/oem7/bestpos,/novatel/oem7/bestvel,39.663,-75.756,33.180727551,0.002566074,-0.001321762,,,,65.850233696,novatel_oem7_msgs.msg.SolutionStatus(status=0),novatel_oem7_msgs.msg.PositionOrVelocityType(type=53)
1786043766715392484,1786043766.714736721,/novatel/oem7/odom,/novatel/oem7/bestpos,/novatel/oem7/odom,39.663,-75.756,33.180727551,0.002563947,-0.001290520,0.002403495,0.000892768,-0.001290520,,,
1786043766725958927,1786043766.725340551,/novatel/oem7/inspva,/novatel/oem7/inspva,/novatel/oem7/inspva,39.663,-75.756,-1.801716211,0.002481625,-0.001007950,0.001361216,0.002074983,-0.001007950,,novatel_oem7_msgs.msg.InertialSolutionStatus(status=3),
1786043766727339401,1786043766.725657020,/novatel/oem7/fix,/novatel/oem7/fix,/novatel/oem7/inspva,39.663,-75.756,-1.801716211,0.002481625,-0.001007950,0.001361216,0.002074983,-0.001007950,,0,
1786043766728464672,1786043766.726128145,/novatel/oem7/odom,/novatel/oem7/fix,/novatel/oem7/odom,39.663,-75.756,-1.801716211,0.002486178,-0.000996668,0.002143170,0.001260119,-0.000996668,,,
1786043766736227223,1786043766.735573104,/novatel/oem7/odom,/novatel/oem7/fix,/novatel/oem7/odom,39.663,-75.756,-1.801716211,0.002486178,-0.000996668,0.002143170,0.001260119,-0.000996668,,,
1786043766746532237,1786043766.745398522,/novatel/oem7/inspva,/novatel/oem7/inspva,/novatel/oem7/inspva,39.663,-75.756,-1.801715558,0.002367016,-0.000946898,0.000919593,0.002181081,-0.000946898,,novatel_oem7_msgs.msg.InertialSolutionStatus(status=3),
1786043766747900857,1786043766.745672005,/novatel/oem7/fix,/novatel/oem7/fix,/novatel/oem7/inspva,39.663,-75.756,-1.801715558,0.002367016,-0.000946898,0.000919593,0.002181081,-0.000946898,,0,
1786043766748989548,1786043766.746139663,/novatel/oem7/odom,/novatel/oem7/fix,/novatel/oem7/odom,39.663,-75.756,-1.801715558,0.002371195,-0.000936385,0.002227220,0.000813667,-0.000936385,,,
1786043766756369072,1786043766.755710072,/novatel/oem7/odom,/novatel/oem7/fix,/novatel/oem7/odom,39.663,-75.756,-1.801715558,0.002371195,-0.000936385,0.002227220,0.000813667,-0.000936385,,,
1786043766767117407,1786043766.766623525,/novatel/oem7/inspva,/novatel/oem7/inspva,/novatel/oem7/inspva,39.663,-75.756,-1.801718142,0.002910215,-0.000834996,0.001231083,0.002637002,-0.000834996,,novatel_oem7_msgs.msg.InertialSolutionStatus(status=3),
1786043766768500520,1786043766.766839028,/novatel/oem7/fix,/novatel/oem7/fix,/novatel/oem7/inspva,39.663,-75.756,-1.801718142,0.002910215,-0.000834996,0.001231083,0.002637002,-0.000834996,,0,
1786043766769599858,1786043766.767270098,/novatel/oem7/odom,/novatel/oem7/fix,/novatel/oem7/odom,39.663,-75.756,-1.801718142,0.002913919,-0.000821975,0.002697464,0.001102094,-0.000821975,,,
1786043766775644096,1786043766.774938609,/novatel/oem7/odom,/novatel/oem7/fix,/novatel/oem7/odom,39.663,-75.756,-1.801718142,0.002913919,-0.000821975,0.002697464,0.001102094,-0.000821975,,,
1786043766785522115,1786043766.784972963,/novatel/oem7/inspva,/novatel/oem7/inspva,/novatel/oem7/inspva,39.663,-75.756,-1.801718204,0.002455707,-0.001135989,0.000971851,0.002255217,-0.001135989,,novatel_oem7_msgs.msg.InertialSolutionStatus(status=3),
1786043766786829708,1786043766.785146324,/novatel/oem7/fix,/novatel/oem7/fix,/novatel/oem7/inspva,39.663,-75.756,-1.801718204,0.002455707,-0.001135989,0.000971851,0.002255217,-0.001135989,,0,
1786043766787890772,1786043766.785530951,/novatel/oem7/odom,/novatel/oem7/fix,/novatel/oem7/odom,39.663,-75.756,-1.801718204,0.002460730,-0.001125067,0.002304552,0.000862690,-0.001125067,,,
1786043766796033140,1786043766.795390290,/novatel/oem7/odom,/novatel/oem7/fix,/novatel/oem7/odom,39.663,-75.756,-1.801718204,0.002460730,-0.001125067,0.002304552,0.000862690,-0.001125067,,,
1786043766807187252,1786043766.806702501,/novatel/oem7/inspva,/novatel/oem7/inspva,/novatel/oem7/inspva,39.663,-75.756,-1.801719487,0.002895642,-0.000859013,0.001285312,0.002594747,-0.000859013,,novatel_oem7_msgs.msg.InertialSolutionStatus(status=3),
1786043766808593366,1786043766.806872309,/novatel/oem7/fix,/novatel/oem7/fix,/novatel/oem7/inspva,39.663,-75.756,-1.801719487,0.002895642,-0.000859013,0.001285312,0.002594747,-0.000859013,,0,
1786043766809920456,1786043766.807373864,/novatel/oem7/odom,/novatel/oem7/fix,/novatel/oem7/odom,39.663,-75.756,-1.801719487,0.002899470,-0.000846001,0.002658004,0.001158422,-0.000846001,,,
1786043766811497539,1786043766.810394894,/novatel/oem7/bestpos,/novatel/oem7/bestpos,/novatel/oem7/odom,39.663,-75.756,33.180714053,0.002899470,-0.000846001,0.002658004,0.001158422,-0.000846001,,novatel_oem7_msgs.msg.SolutionStatus(status=0),novatel_oem7_msgs.msg.PositionOrVelocityType(type=53)
1786043766812444811,1786043766.810824512,/novatel/oem7/bestvel,/novatel/oem7/bestpos,/novatel/oem7/bestvel,39.663,-75.756,33.180714053,0.002968603,-0.000889842,,,,65.036919067,novatel_oem7_msgs.msg.SolutionStatus(status=0),novatel_oem7_msgs.msg.PositionOrVelocityType(type=53)
1786043766815720361,1786043766.815019067,/novatel/oem7/odom,/novatel/oem7/bestpos,/novatel/oem7/odom,39.663,-75.756,33.180714053,0.002899470,-0.000846001,0.002658004,0.001158422,-0.000846001,,,
1786043766826592093,1786043766.826028944,/novatel/oem7/inspva,/novatel/oem7/inspva,/novatel/oem7/inspva,39.663,-75.756,-1.801720507,0.002211526,-0.000953553,0.000975712,0.001984650,-0.000953553,,novatel_oem7_msgs.msg.InertialSolutionStatus(status=3),
1786043766827920093,1786043766.826204909,/novatel/oem7/fix,/novatel/oem7/fix,/novatel/oem7/inspva,39.663,-75.756,-1.801720507,0.002211526,-0.000953553,0.000975712,0.001984650,-0.000953553,,0,
1786043766829010391,1786043766.826603867,/novatel/oem7/odom,/novatel/oem7/fix,/novatel/oem7/odom,39.663,-75.756,-1.801720507,0.002215786,-0.000943613,0.002033795,0.000879422,-0.000943613,,,
1786043766835179169,1786043766.834556727,/novatel/oem7/odom,/novatel/oem7/fix,/novatel/oem7/odom,39.663,-75.756,-1.801720507,0.002215786,-0.000943613,0.002033795,0.000879422,-0.000943613,,,
1786043766845769309,1786043766.845227707,/novatel/oem7/inspva,/novatel/oem7/inspva,/novatel/oem7/inspva,39.663,-75.756,-1.801725151,0.002889631,-0.001022555,0.001377466,0.002540188,-0.001022555,,novatel_oem7_msgs.msg.InertialSolutionStatus(status=3),
1786043766847120273,1786043766.845400406,/novatel/oem7/fix,/novatel/oem7/fix,/novatel/oem7/inspva,39.663,-75.756,-1.801725151,0.002889631,-0.001022555,0.001377466,0.002540188,-0.001022555,,0,
1786043766848178860,1786043766.845894131,/novatel/oem7/odom,/novatel/oem7/fix,/novatel/oem7/odom,39.663,-75.756,-1.801725151,0.002894210,-0.001009521,0.002608630,0.001253595,-0.001009521,,,
1786043766856966678,1786043766.856233811,/novatel/oem7/odom,/novatel/oem7/fix,/novatel/oem7/odom,39.663,-75.756,-1.801725151,0.002894210,-0.001009521,0.002608630,0.001253595,-0.001009521,,,
1786043766866479390,1786043766.865958642,/novatel/oem7/inspva,/novatel/oem7/inspva,/novatel/oem7/inspva,39.663,-75.756,-1.801724100,0.002263575,-0.000877559,0.001324704,0.001835464,-0.000877559,,novatel_oem7_msgs.msg.InertialSolutionStatus(status=3),
1786043766867850444,1786043766.866126100,/novatel/oem7/fix,/novatel/oem7/fix,/novatel/oem7/inspva,39.663,-75.756,-1.801724100,0.002263575,-0.000877559,0.001324704,0.001835464,-0.000877559,,0,
1786043766868905001,1786043766.866579061,/novatel/oem7/odom,/novatel/oem7/fix,/novatel/oem7/odom,39.663,-75.756,-1.801724100,0.002267540,-0.000867262,0.001901626,0.001235134,-0.000867262,,,
1786043766875089640,1786043766.874401473,/novatel/oem7/odom,/novatel/oem7/fix,/novatel/oem7/odom,39.663,-75.756,-1.801724100,0.002267540,-0.000867262,0.001901626,0.001235134,-0.000867262,,,
1786043766886727587,1786043766.886225705,/novatel/oem7/inspva,/novatel/oem7/inspva,/novatel/oem7/inspva,39.663,-75.756,-1.801727557,0.002885038,-0.000697943,0.001345118,0.002552274,-0.000697943,,novatel_oem7_msgs.msg.InertialSolutionStatus(status=3),
1786043766888062020,1786043766.886385977,/novatel/oem7/fix,/novatel/oem7/fix,/novatel/oem7/inspva,39.663,-75.756,-1.801727557,0.002885038,-0.000697943,0.001345118,0.002552274,-0.000697943,,0,
1786043766889090144,1786043766.887024436,/novatel/oem7/odom,/novatel/oem7/fix,/novatel/oem7/odom,39.663,-75.756,-1.801727557,0.002888151,-0.000684947,0.002617887,0.001219872,-0.000684947,,,
1786043766895639926,1786043766.894997326,/novatel/oem7/odom,/novatel/oem7/fix,/novatel/oem7/odom,39.663,-75.756,-1.801727557,0.002888151,-0.000684947,0.002617887,0.001219872,-0.000684947,,,
1786043766906544422,1786043766.905906853,/novatel/oem7/inspva,/novatel/oem7/inspva,/novatel/oem7/inspva,39.663,-75.756,-1.801727066,0.002409533,-0.000779072,0.001060312,0.002163698,-0.000779072,,novatel_oem7_msgs.msg.InertialSolutionStatus(status=3),
1786043766908223032,1786043766.906098005,/novatel/oem7/fix,/novatel/oem7/fix,/novatel/oem7/inspva,39.663,-75.756,-1.801727066,0.002409533,-0.000779072,0.001060312,0.002163698,-0.000779072,,0,
1786043766909275230,1786043766.907651640,/novatel/oem7/odom,/novatel/oem7/fix,/novatel/oem7/odom,39.663,-75.756,-1.801727066,0.002413005,-0.000768253,0.002216102,0.000954715,-0.000768253,,,
1786043766910735661,1786043766.909515512,/novatel/oem7/bestpos,/novatel/oem7/bestpos,/novatel/oem7/odom,39.663,-75.756,33.180703577,0.002413005,-0.000768253,0.002216102,0.000954715,-0.000768253,,novatel_oem7_msgs.msg.SolutionStatus(status=0),novatel_oem7_msgs.msg.PositionOrVelocityType(type=53)
1786043766911661277,1786043766.910153008,/novatel/oem7/bestvel,/novatel/oem7/bestpos,/novatel/oem7/bestvel,39.663,-75.756,33.180703577,0.002747149,-0.001033487,,,,63.016939752,novatel_oem7_msgs.msg.SolutionStatus(status=0),novatel_oem7_msgs.msg.PositionOrVelocityType(type=53)
1786043766915148362,1786043766.914437898,/novatel/oem7/odom,/novatel/oem7/bestpos,/novatel/oem7/odom,39.663,-75.756,33.180703577,0.002413005,-0.000768253,0.002216102,0.000954715,-0.000768253,,,
1786043766927129216,1786043766.926478275,/novatel/oem7/inspva,/novatel/oem7/inspva,/novatel/oem7/inspva,39.663,-75.756,-1.801731906,0.002711204,-0.000932231,0.001398365,0.002322758,-0.000932231,,novatel_oem7_msgs.msg.InertialSolutionStatus(status=3),
1786043766928505846,1786043766.926634614,/novatel/oem7/fix,/novatel/oem7/fix,/novatel/oem7/inspva,39.663,-75.756,-1.801731906,0.002711204,-0.000932231,0.001398365,0.002322758,-0.000932231,,0,
1786043766929537453,1786043766.927065881,/novatel/oem7/odom,/novatel/oem7/fix,/novatel/oem7/odom,39.663,-75.756,-1.801731906,0.002715397,-0.000919945,0.002392141,0.001284930,-0.000919945,,,
1786043766935652751,1786043766.934922047,/novatel/oem7/odom,/novatel/oem7/fix,/novatel/oem7/odom,39.663,-75.756,-1.801731906,0.002715397,-0.000919945,0.002392141,0.001284930,-0.000919945,,,
1786043766945650661,1786043766.945039106,/novatel/oem7/inspva,/novatel/oem7/inspva,/novatel/oem7/inspva,39.663,-75.756,-1.801728398,0.002386119,-0.000671529,0.000975772,0.002177483,-0.000671529,,novatel_oem7_msgs.msg.InertialSolutionStatus(status=3),
1786043766946982618,1786043766.945159355,/novatel/oem7/fix,/novatel/oem7/fix,/novatel/oem7/inspva,39.663,-75.756,-1.801728398,0.002386119,-0.000671529,0.000975772,0.002177483,-0.000671529,,0,
1786043766948026768,1786043766.945544183,/novatel/oem7/odom,/novatel/oem7/fix,/novatel/oem7/odom,39.663,-75.756,-1.801728398,0.002389087,-0.000660889,0.002225309,0.000869332,-0.000660889,,,
1786043766956531281,1786043766.955866420,/novatel/oem7/odom,/novatel/oem7/fix,/novatel/oem7/odom,39.663,-75.756,-1.801728398,0.002389087,-0.000660889,0.002225309,0.000869332,-0.000660889,,,
1786043766965606518,1786043766.965089786,/novatel/oem7/inspva,/novatel/oem7/inspva,/novatel/oem7/inspva,39.663,-75.756,-1.801733796,0.002472356,-0.000752249,0.001258294,0.002128201,-0.000752249,,novatel_oem7_msgs.msg.InertialSolutionStatus(status=3),
1786043766966917175,1786043766.965277524,/novatel/oem7/fix,/novatel/oem7/fix,/novatel/oem7/inspva,39.663,-75.756,-1.801733796,0.002472356,-0.000752249,0.001258294,0.002128201,-0.000752249,,0,
1786043766967974738,1786043766.965785186,/novatel/oem7/odom,/novatel/oem7/fix,/novatel/oem7/odom,39.663,-75.756,-1.801733796,0.002475737,-0.000741046,0.002190251,0.001154156,-0.000741046,,,
1786043766975367163,1786043766.974743420,/novatel/oem7/odom,/novatel/oem7/fix,/novatel/oem7/odom,39.663,-75.756,-1.801733796,0.002475737,-0.000741046,0.002190251,0.001154156,-0.000741046,,,
1786043766986373650,1786043766.985887351,/novatel/oem7/inspva,/novatel/oem7/inspva,/novatel/oem7/inspva,39.663,-75.756,-1.801730976,0.002190992,-0.000642176,0.000973010,0.001963084,-0.000642176,,novatel_oem7_msgs.msg.InertialSolutionStatus(status=3),
1786043766987700150,1786043766.985963478,/novatel/oem7/fix,/novatel/oem7/fix,/novatel/oem7/inspva,39.663,-75.756,-1.801730976,0.002190992,-0.000642176,0.000973010,0.001963084,-0.000642176,,0,
1786043766988728737,1786043766.986363376,/novatel/oem7/odom,/novatel/oem7/fix,/novatel/oem7/odom,39.663,-75.756,-1.801730976,0.002193851,-0.000632340,0.002010916,0.000877039,-0.000632340,,,
1786043766994914778,1786043766.994288199,/novatel/oem7/odom,/novatel/oem7/fix,/novatel/oem7/odom,39.663,-75.756,-1.801730976,0.002193851,-0.000632340,0.002010916,0.000877039,-0.000632340,,,
1786043767008736344,1786043767.008265705,/novatel/oem7/inspva,/novatel/oem7/inspva,/novatel/oem7/inspva,39.663,-75.756,-1.801732385,0.002375486,-0.000522850,0.001043602,0.002133971,-0.000522850,,novatel_oem7_msgs.msg.InertialSolutionStatus(status=3),
1786043767010032357,1786043767.008338422,/novatel/oem7/fix,/novatel/oem7/fix,/novatel/oem7/inspva,39.663,-75.756,-1.801732385,0.002375486,-0.000522850,0.001043602,0.002133971,-0.000522850,,0,
1786043767011886492,1786043767.011110241,/novatel/oem7/odom,/novatel/oem7/fix,/novatel/oem7/odom,39.663,-75.756,-1.801732385,0.002377807,-0.000512195,0.002184606,0.000938861,-0.000512195,,,
1786043767017369961,1786043767.016751201,/novatel/oem7/odom,/novatel/oem7/fix,/novatel/oem7/odom,39.663,-75.756,-1.801732385,0.002377807,-0.000512195,0.002184606,0.000938861,-0.000512195,,,
1786043767026650794,1786043767.025975946,/novatel/oem7/bestpos,/novatel/oem7/bestpos,/novatel/oem7/odom,39.663,-75.756,33.180696882,0.002377807,-0.000512195,0.002184606,0.000938861,-0.000512195,,novatel_oem7_msgs.msg.SolutionStatus(status=0),novatel_oem7_msgs.msg.PositionOrVelocityType(type=53)
1786043767028119169,1786043767.027010208,/novatel/oem7/bestvel,/novatel/oem7/bestpos,/novatel/oem7/bestvel,39.663,-75.756,33.180696882,0.002529698,-0.000632242,,,,64.033452439,novatel_oem7_msgs.msg.SolutionStatus(status=0),novatel_oem7_msgs.msg.PositionOrVelocityType(type=53)
1786043767029025631,1786043767.027382663,/novatel/oem7/inspva,/novatel/oem7/inspva,/novatel/oem7/inspva,39.663,-75.756,-1.801730468,0.002027059,-0.000283583,0.001020793,0.001751270,-0.000283583,,novatel_oem7_msgs.msg.InertialSolutionStatus(status=3),
1786043767029843349,1786043767.027473493,/novatel/oem7/fix,/novatel/oem7/fix,/novatel/oem7/inspva,39.663,-75.756,-1.801730468,0.002027059,-0.000283583,0.001020793,0.001751270,-0.000283583,,0,
1786043767031319241,1786043767.027985894,/novatel/oem7/odom,/novatel/oem7/fix,/novatel/oem7/odom,39.663,-75.756,-1.801730468,0.002028323,-0.000274391,0.001800344,0.000934268,-0.000274391,,,
1786043767035844119,1786043767.035187220,/novatel/oem7/odom,/novatel/oem7/fix,/novatel/oem7/odom,39.663,-75.756,-1.801730468,0.002028323,-0.000274391,0.001800344,0.000934268,-0.000274391,,,
1786043767047030561,1786043767.046546640,/novatel/oem7/inspva,/novatel/oem7/inspva,/novatel/oem7/inspva,39.663,-75.756,-1.801729418,0.001961971,-0.001235054,0.000802441,0.001790368,-0.001235054,,novatel_oem7_msgs.msg.InertialSolutionStatus(status=3),
1786043767048434402,1786043767.046631108,/novatel/oem7/fix,/novatel/oem7/fix,/novatel/oem7/inspva,39.663,-75.756,-1.801729418,0.001961971,-0.001235054,0.000802441,0.001790368,-0.001235054,,0,
1786043767049475563,1786043767.047277604,/novatel/oem7/odom,/novatel/oem7/fix,/novatel/oem7/odom,39.663,-75.756,-1.801729418,0.001967454,-0.001226302,0.001832306,0.000716610,-0.001226302,,,
1786043767057150900,1786043767.056449209,/novatel/oem7/odom,/novatel/oem7/fix,/novatel/oem7/odom,39.663,-75.756,-1.801729418,0.001967454,-0.001226302,0.001832306,0.000716610,-0.001226302,,,
1786043767065970528,1786043767.065362028,/novatel/oem7/inspva,/novatel/oem7/inspva,/novatel/oem7/inspva,39.663,-75.756,-1.801714215,0.001798460,-0.000756111,0.000907740,0.001552568,-0.000756111,,novatel_oem7_msgs.msg.InertialSolutionStatus(status=3),
1786043767067359505,1786043767.065463153,/novatel/oem7/fix,/novatel/oem7/fix,/novatel/oem7/inspva,39.663,-75.756,-1.801714215,0.001798460,-0.000756111,0.000907740,0.001552568,-0.000756111,,0,
1786043767068397196,1786043767.066057035,/novatel/oem7/odom,/novatel/oem7/fix,/novatel/oem7/odom,39.663,-75.756,-1.801714215,0.001801864,-0.000747964,0.001598127,0.000832288,-0.000747964,,,
1786043767076191861,1786043767.075491054,/novatel/oem7/odom,/novatel/oem7/fix,/novatel/oem7/odom,39.663,-75.756,-1.801714215,0.001801864,-0.000747964,0.001598127,0.000832288,-0.000747964,,,
1786043767085943205,1786043767.085330380,/novatel/oem7/inspva,/novatel/oem7/inspva,/novatel/oem7/inspva,39.663,-75.756,-1.801709790,0.001646396,-0.000805756,0.000816438,0.001429702,-0.000805756,,novatel_oem7_msgs.msg.InertialSolutionStatus(status=3),
1786043767087320366,1786043767.085416656,/novatel/oem7/fix,/novatel/oem7/fix,/novatel/oem7/inspva,39.663,-75.756,-1.801709790,0.001646396,-0.000805756,0.000816438,0.001429702,-0.000805756,,0,
1786043767088349679,1786043767.086108453,/novatel/oem7/odom,/novatel/oem7/fix,/novatel/oem7/odom,39.663,-75.756,-1.801709790,0.001650026,-0.000798295,0.001471125,0.000747247,-0.000798295,,,
1786043767095621709,1786043767.094888868,/novatel/oem7/odom,/novatel/oem7/fix,/novatel/oem7/odom,39.663,-75.756,-1.801709790,0.001650026,-0.000798295,0.001471125,0.000747247,-0.000798295,,,
1786043767106761294,1786043767.106105377,/novatel/oem7/inspva,/novatel/oem7/inspva,/novatel/oem7/inspva,39.663,-75.756,-1.801699301,0.001797945,-0.000785960,0.000897093,0.001558149,-0.000785960,,novatel_oem7_msgs.msg.InertialSolutionStatus(status=3),
1786043767108154204,1786043767.106283256,/novatel/oem7/fix,/novatel/oem7/fix,/novatel/oem7/inspva,39.663,-75.756,-1.801699301,0.001797945,-0.000785960,0.000897093,0.001558149,-0.000785960,,0,
1786043767109191245,1786043767.106755867,/novatel/oem7/odom,/novatel/oem7/fix,/novatel/oem7/odom,39.663,-75.756,-1.801699301,0.001801487,-0.000777807,0.001603298,0.000821457,-0.000777807,,,
1786043767110637219,1786043767.109259295,/novatel/oem7/bestpos,/novatel/oem7/bestpos,/novatel/oem7/odom,39.663,-75.756,33.180736396,0.001801487,-0.000777807,0.001603298,0.000821457,-0.000777807,,novatel_oem7_msgs.msg.SolutionStatus(status=0),novatel_oem7_msgs.msg.PositionOrVelocityType(type=53)
1786043767111540842,1786043767.109943674,/novatel/oem7/bestvel,/novatel/oem7/bestpos,/novatel/oem7/bestvel,39.663,-75.756,33.180736396,0.002052287,-0.000976283,,,,59.700358206,novatel_oem7_msgs.msg.SolutionStatus(status=0),novatel_oem7_msgs.msg.PositionOrVelocityType(type=53)
1786043767115124971,1786043767.114416424,/novatel/oem7/odom,/novatel/oem7/bestpos,/novatel/oem7/odom,39.663,-75.756,33.180736396,0.001801487,-0.000777807,0.001603298,0.000821457,-0.000777807,,,
1786043767126631397,1786043767.126082694,/novatel/oem7/inspva,/novatel/oem7/inspva,/novatel/oem7/inspva,39.663,-75.756,-1.801695046,0.001609750,-0.000899129,0.000666457,0.001465308,-0.000899129,,novatel_oem7_msgs.msg.InertialSolutionStatus(status=3),
1786043767127921596,1786043767.126243829,/novatel/oem7/fix,/novatel/oem7/fix,/novatel/oem7/inspva,39.663,-75.756,-1.801695046,0.001609750,-0.000899129,0.000666457,0.001465308,-0.000899129,,0,
1786043767128951816,1786043767.126553182,/novatel/oem7/odom,/novatel/oem7/fix,/novatel/oem7/odom,39.663,-75.756,-1.801695046,0.001613742,-0.000891944,0.001499681,0.000595919,-0.000891944,,,
1786043767136057958,1786043767.135435945,/novatel/oem7/odom,/novatel/oem7/fix,/novatel/oem7/odom,39.663,-75.756,-1.801695046,0.001613742,-0.000891944,0.001499681,0.000595919,-0.000891944,,,
1786043767145522377,1786043767.145010145,/novatel/oem7/inspva,/novatel/oem7/inspva,/novatel/oem7/inspva,39.663,-75.756,-1.801682738,0.001636396,-0.000700106,0.000666590,0.001494473,-0.000700106,,novatel_oem7_msgs.msg.InertialSolutionStatus(status=3),
1786043767146828696,1786043767.145147673,/novatel/oem7/fix,/novatel/oem7/fix,/novatel/oem7/inspva,39.663,-75.756,-1.801682738,0.001636396,-0.000700106,0.000666590,0.001494473,-0.000700106,,0,
1786043767147834766,1786043767.145653128,/novatel/oem7/odom,/novatel/oem7/fix,/novatel/oem7/odom,39.663,-75.756,-1.801682738,0.001639494,-0.000692821,0.001528052,0.000594135,-0.000692821,,,
1786043767156181764,1786043767.155558758,/novatel/oem7/odom,/novatel/oem7/fix,/novatel/oem7/odom,39.663,-75.756,-1.801682738,0.001639494,-0.000692821,0.001528052,0.000594135,-0.000692821,,,
1786043767167091406,1786043767.166557241,/novatel/oem7/inspva,/novatel/oem7/inspva,/novatel/oem7/inspva,39.663,-75.756,-1.801678107,0.001645865,-0.000842872,0.000104521,0.001642543,-0.000842872,,novatel_oem7_msgs.msg.InertialSolutionStatus(status=3),
1786043767168406753,1786043767.166728600,/novatel/oem7/fix,/novatel/oem7/fix,/novatel/oem7/inspva,39.663,-75.756,-1.801678107,0.001645865,-0.000842872,0.000104521,0.001642543,-0.000842872,,0,
1786043767169473020,1786043767.167261858,/novatel/oem7/odom,/novatel/oem7/fix,/novatel/oem7/odom,39.663,-75.756,-1.801678107,0.001649108,-0.000836510,0.001648905,0.000025829,-0.000836510,,,
1786043767175189165,1786043767.174556771,/novatel/oem7/odom,/novatel/oem7/fix,/novatel/oem7/odom,39.663,-75.756,-1.801678107,0.001649108,-0.000836510,0.001648905,0.000025829,-0.000836510,,,
1786043767185689190,1786043767.185174415,/novatel/oem7/inspva,/novatel/oem7/inspva,/novatel/oem7/inspva,39.663,-75.756,-1.801667825,0.001683054,-0.000932451,0.000467495,0.001616824,-0.000932451,,novatel_oem7_msgs.msg.InertialSolutionStatus(status=3),
1786043767187022637,1786043767.185313576,/novatel/oem7/fix,/novatel/oem7/fix,/novatel/oem7/inspva,39.663,-75.756,-1.801667825,0.001683054,-0.000932451,0.000467495,0.001616824,-0.000932451,,0,
1786043767188032264,1786043767.185798401,/novatel/oem7/odom,/novatel/oem7/fix,/novatel/oem7/odom,39.663,-75.756,-1.801667825,0.001687033,-0.000925232,0.001641377,0.000389822,-0.000925232,,,
1786043767196195719,1786043767.195553792,/novatel/oem7/odom,/novatel/oem7/fix,/novatel/oem7/odom,39.663,-75.756,-1.801667825,0.001687033,-0.000925232,0.001641377,0.000389822,-0.000925232,,,
1786043767206833975,1786043767.206312587,/novatel/oem7/inspva,/novatel/oem7/inspva,/novatel/oem7/inspva,39.663,-75.756,-1.801660231,0.001335320,-0.000651329,0.000281903,0.001305225,-0.000651329,,novatel_oem7_msgs.msg.InertialSolutionStatus(status=3),
1786043767208140521,1786043767.206491878,/novatel/oem7/fix,/novatel/oem7/fix,/novatel/oem7/inspva,39.663,-75.756,-1.801660231,0.001335320,-0.000651329,0.000281903,0.001305225,-0.000651329,,0,
1786043767209173902,1786043767.207019100,/novatel/oem7/odom,/novatel/oem7/fix,/novatel/oem7/odom,39.663,-75.756,-1.801660231,0.001338022,-0.000645760,0.001319969,0.000219057,-0.000645760,,,
1786043767211016720,1786043767.210301553,/novatel/oem7/bestpos,/novatel/oem7/bestpos,/novatel/oem7/odom,39.663,-75.756,33.180784954,0.001338022,-0.000645760,0.001319969,0.000219057,-0.000645760,,novatel_oem7_msgs.msg.SolutionStatus(status=0),novatel_oem7_msgs.msg.PositionOrVelocityType(type=53)
1786043767212368827,1786043767.210753107,/novatel/oem7/bestvel,/novatel/oem7/bestpos,/novatel/oem7/bestvel,39.663,-75.756,33.180784954,0.001213230,-0.000470944,,,,87.459608042,novatel_oem7_msgs.msg.SolutionStatus(status=0),novatel_oem7_msgs.msg.PositionOrVelocityType(type=53)
1786043767215627010,1786043767.214975387,/novatel/oem7/odom,/novatel/oem7/bestpos,/novatel/oem7/odom,39.663,-75.756,33.180784954,0.001338022,-0.000645760,0.001319969,0.000219057,-0.000645760,,,
1786043767226746295,1786043767.226215659,/novatel/oem7/inspva,/novatel/oem7/inspva,/novatel/oem7/inspva,39.663,-75.756,-1.801650859,0.001711029,-0.000861656,0.000614215,0.001596985,-0.000861656,,novatel_oem7_msgs.msg.InertialSolutionStatus(status=3),
1786043767228053881,1786043767.226381574,/novatel/oem7/fix,/novatel/oem7/fix,/novatel/oem7/inspva,39.663,-75.756,-1.801650859,0.001711029,-0.000861656,0.000614215,0.001596985,-0.000861656,,0,
1786043767229066418,1786043767.226903583,/novatel/oem7/odom,/novatel/oem7/fix,/novatel/oem7/odom,39.663,-75.756,-1.801650859,0.001714804,-0.000854117,0.001628492,0.000537184,-0.000854117,,,
1786043767235296807,1786043767.234639257,/novatel/oem7/odom,/novatel/oem7/fix,/novatel/oem7/odom,39.663,-75.756,-1.801650859,0.001714804,-0.000854117,0.001628492,0.000537184,-0.000854117,,,
1786043767245781996,1786043767.245229473,/novatel/oem7/inspva,/novatel/oem7/inspva,/novatel/oem7/inspva,39.663,-75.756,-1.801647243,0.001302898,-0.000931201,0.000548085,0.001182010,-0.000931201,,novatel_oem7_msgs.msg.InertialSolutionStatus(status=3),
1786043767247067962,1786043767.245407569,/novatel/oem7/fix,/novatel/oem7/fix,/novatel/oem7/inspva,39.663,-75.756,-1.801647243,0.001302898,-0.000931201,0.000548085,0.001182010,-0.000931201,,0,
1786043767248072382,1786043767.246096446,/novatel/oem7/odom,/novatel/oem7/fix,/novatel/oem7/odom,39.663,-75.756,-1.801647243,0.001307042,-0.000925375,0.001211039,0.000491676,-0.000925375,,,
1786043767257911644,1786043767.257093296,/novatel/oem7/odom,/novatel/oem7/fix,/novatel/oem7/odom,39.663,-75.756,-1.801647243,0.001307042,-0.000925375,0.001211039,0.000491676,-0.000925375,,,
1786043767265629915,1786043767.265090146,/novatel/oem7/inspva,/novatel/oem7/inspva,/novatel/oem7/inspva,39.663,-75.756,-1.801638115,0.001756018,-0.000943011,0.000825305,0.001549991,-0.000943011,,novatel_oem7_msgs.msg.InertialSolutionStatus(status=3),
1786043767266932011,1786043767.265264071,/novatel/oem7/fix,/novatel/oem7/fix,/novatel/oem7/inspva,39.663,-75.756,-1.801638115,0.001756018,-0.000943011,0.000825305,0.001549991,-0.000943011,,0,
1786043767267953735,1786043767.265650038,/novatel/oem7/odom,/novatel/oem7/fix,/novatel/oem7/odom,39.663,-75.756,-1.801638115,0.001760245,-0.000935097,0.001592227,0.000750517,-0.000935097,,,
1786043767275137533,1786043767.274502667,/novatel/oem7/odom,/novatel/oem7/fix,/novatel/oem7/odom,39.663,-75.756,-1.801638115,0.001760245,-0.000935097,0.001592227,0.000750517,-0.000935097,,,
1786043767287269222,1786043767.286755507,/novatel/oem7/inspva,/novatel/oem7/inspva,/novatel/oem7/inspva,39.663,-75.756,-1.801632838,0.001326560,-0.000783604,0.000353842,0.001278498,-0.000783604,,novatel_oem7_msgs.msg.InertialSolutionStatus(status=3),
1786043767288572712,1786043767.286921885,/novatel/oem7/fix,/novatel/oem7/fix,/novatel/oem7/inspva,39.663,-75.756,-1.801632838,0.001326560,-0.000783604,0.000353842,0.001278498,-0.000783604,,0,
1786043767289585248,1786043767.287261335,/novatel/oem7/odom,/novatel/oem7/fix,/novatel/oem7/odom,39.663,-75.756,-1.801632838,0.001329890,-0.000777939,0.001297314,0.000292548,-0.000777939,,,
1786043767295407147,1786043767.294769227,/novatel/oem7/odom,/novatel/oem7/fix,/novatel/oem7/odom,39.663,-75.756,-1.801632838,0.001329890,-0.000777939,0.001297314,0.000292548,-0.000777939,,,
1786043767306628253,1786043767.306100554,/novatel/oem7/inspva,/novatel/oem7/inspva,/novatel/oem7/inspva,39.663,-75.756,-1.801624468,0.001779347,-0.000803331,0.000767838,0.001605148,-0.000803331,,novatel_oem7_msgs.msg.InertialSolutionStatus(status=3),
1786043767307955320,1786043767.306263146,/novatel/oem7/fix,/novatel/oem7/fix,/novatel/oem7/inspva,39.663,-75.756,-1.801624468,0.001779347,-0.000803331,0.000767838,0.001605148,-0.000803331,,0,
1786043767308980730,1786043767.306652093,/novatel/oem7/odom,/novatel/oem7/fix,/novatel/oem7/odom,39.663,-75.756,-1.801624468,0.001782917,-0.000795376,0.001643960,0.000690064,-0.000795376,,,
1786043767310418418,1786043767.309281811,/novatel/oem7/bestpos,/novatel/oem7/bestpos,/novatel/oem7/odom,39.663,-75.756,33.180822705,0.001782917,-0.000795376,0.001643960,0.000690064,-0.000795376,,novatel_oem7_msgs.msg.SolutionStatus(status=0),novatel_oem7_msgs.msg.PositionOrVelocityType(type=53)
1786043767311814045,1786043767.309982538,/novatel/oem7/bestvel,/novatel/oem7/bestpos,/novatel/oem7/bestvel,39.663,-75.756,33.180822705,0.001732417,-0.000768585,,,,64.567121443,novatel_oem7_msgs.msg.SolutionStatus(status=0),novatel_oem7_msgs.msg.PositionOrVelocityType(type=53)
1786043767316236393,1786043767.315611686,/novatel/oem7/odom,/novatel/oem7/bestpos,/novatel/oem7/odom,39.663,-75.756,33.180822705,0.001782917,-0.000795376,0.001643960,0.000690064,-0.000795376,,,
1786043767325824746,1786043767.325305856,/novatel/oem7/inspva,/novatel/oem7/inspva,/novatel/oem7/inspva,39.663,-75.756,-1.801621959,0.001251688,-0.000890267,0.000681072,0.001050173,-0.000890267,,novatel_oem7_msgs.msg.InertialSolutionStatus(status=3),
1786043767327149389,1786043767.325381174,/novatel/oem7/fix,/novatel/oem7/fix,/novatel/oem7/inspva,39.663,-75.756,-1.801621959,0.001251688,-0.000890267,0.000681072,0.001050173,-0.000890267,,0,
1786043767328180783,1786043767.326147562,/novatel/oem7/odom,/novatel/oem7/fix,/novatel/oem7/odom,39.663,-75.756,-1.801621959,0.001255713,-0.000884580,0.001085733,0.000630872,-0.000884580,,,
1786043767335560287,1786043767.334894510,/novatel/oem7/odom,/novatel/oem7/fix,/novatel/oem7/odom,39.663,-75.756,-1.801621959,0.001255713,-0.000884580,0.001085733,0.000630872,-0.000884580,,,
1786043767345984634,1786043767.345511304,/novatel/oem7/inspva,/novatel/oem7/inspva,/novatel/oem7/inspva,39.663,-75.756,-1.801611591,0.001716702,-0.000937024,0.000992515,0.001400707,-0.000937024,,novatel_oem7_msgs.msg.InertialSolutionStatus(status=3),
1786043767347289161,1786043767.345578614,/novatel/oem7/fix,/novatel/oem7/fix,/novatel/oem7/inspva,39.663,-75.756,-1.801611591,0.001716702,-0.000937024,0.000992515,0.001400707,-0.000937024,,0,
1786043767348310248,1786043767.346023361,/novatel/oem7/odom,/novatel/oem7/fix,/novatel/oem7/odom,39.663,-75.756,-1.801611591,0.001720936,-0.000929226,0.001451295,0.000924857,-0.000929226,,,
1786043767356400429,1786043767.355756276,/novatel/oem7/odom,/novatel/oem7/fix,/novatel/oem7/odom,39.663,-75.756,-1.801611591,0.001720936,-0.000929226,0.001451295,0.000924857,-0.000929226,,,
1786043767365675432,1786043767.365179379,/novatel/oem7/inspva,/novatel/oem7/inspva,/novatel/oem7/inspva,39.663,-75.756,-1.801604231,0.001348007,-0.000562373,0.000763933,0.001110644,-0.000562373,,novatel_oem7_msgs.msg.InertialSolutionStatus(status=3),
1786043767366992012,1786043767.365250289,/novatel/oem7/fix,/novatel/oem7/fix,/novatel/oem7/inspva,39.663,-75.756,-1.801604231,0.001348007,-0.000562373,0.000763933,0.001110644,-0.000562373,,0,
1786043767368035645,1786043767.365928168,/novatel/oem7/odom,/novatel/oem7/fix,/novatel/oem7/odom,39.663,-75.756,-1.801604231,0.001350549,-0.000556241,0.001148947,0.000709863,-0.000556241,,,
1786043767376057546,1786043767.375405816,/novatel/oem7/odom,/novatel/oem7/fix,/novatel/oem7/odom,39.663,-75.756,-1.801604231,0.001350549,-0.000556241,0.001148947,0.000709863,-0.000556241,,,
1786043767385390026,1786043767.384914702,/novatel/oem7/inspva,/novatel/oem7/inspva,/novatel/oem7/inspva,39.663,-75.756,-1.801597154,0.001566136,-0.000759737,0.000981247,0.001220629,-0.000759737,,novatel_oem7_msgs.msg.InertialSolutionStatus(status=3),
1786043767386733540,1786043767.384984833,/novatel/oem7/fix,/novatel/oem7/fix,/novatel/oem7/inspva,39.663,-75.756,-1.801597154,0.001566136,-0.000759737,0.000981247,0.001220629,-0.000759737,,0,
1786043767387769007,1786043767.385453784,/novatel/oem7/odom,/novatel/oem7/fix,/novatel/oem7/odom,39.663,-75.756,-1.801597154,0.001569560,-0.000752637,0.001270205,0.000922008,-0.000752637,,,
1786043767395024700,1786043767.394377343,/novatel/oem7/odom,/novatel/oem7/fix,/novatel/oem7/odom,39.663,-75.756,-1.801597154,0.001569560,-0.000752637,0.001270205,0.000922008,-0.000752637,,,
1786043767406870685,1786043767.406392359,/novatel/oem7/inspva,/novatel/oem7/inspva,/novatel/oem7/inspva,39.663,-75.756,-1.801594086,0.001205990,-0.000787545,0.000601485,0.001045289,-0.000787545,,novatel_oem7_msgs.msg.InertialSolutionStatus(status=3),
1786043767408193025,1786043767.406465970,/novatel/oem7/fix,/novatel/oem7/fix,/novatel/oem7/inspva,39.663,-75.756,-1.801594086,0.001205990,-0.000787545,0.000601485,0.001045289,-0.000787545,,0,
1786043767409217778,1786043767.407051237,/novatel/oem7/odom,/novatel/oem7/fix,/novatel/oem7/odom,39.663,-75.756,-1.801594086,0.001209541,-0.000782082,0.001076562,0.000551365,-0.000782082,,,
1786043767411083654,1786043767.410146109,/novatel/oem7/bestpos,/novatel/oem7/bestpos,/novatel/oem7/odom,39.663,-75.756,33.180847079,0.001209541,-0.000782082,0.001076562,0.000551365,-0.000782082,,novatel_oem7_msgs.msg.SolutionStatus(status=0),novatel_oem7_msgs.msg.PositionOrVelocityType(type=53)
1786043767411984246,1786043767.410527179,/novatel/oem7/bestvel,/novatel/oem7/bestpos,/novatel/oem7/bestvel,39.663,-75.756,33.180847079,0.001536182,-0.001038442,,,,58.827795888,novatel_oem7_msgs.msg.SolutionStatus(status=0),novatel_oem7_msgs.msg.PositionOrVelocityType(type=53)
1786043767415706533,1786043767.415057007,/novatel/oem7/odom,/novatel/oem7/bestpos,/novatel/oem7/odom,39.663,-75.756,33.180847079,0.001209541,-0.000782082,0.001076562,0.000551365,-0.000782082,,,
1786043767425359687,1786043767.424863744,/novatel/oem7/inspva,/novatel/oem7/inspva,/novatel/oem7/inspva,39.663,-75.756,-1.801587951,0.001242738,-0.000987794,0.000649658,0.001059406,-0.000987794,,novatel_oem7_msgs.msg.InertialSolutionStatus(status=3),
1786043767426719544,1786043767.424937655,/novatel/oem7/fix,/novatel/oem7/fix,/novatel/oem7/inspva,39.663,-75.756,-1.801587951,0.001242738,-0.000987794,0.000649658,0.001059406,-0.000987794,,0,
1786043767427764378,1786043767.425334780,/novatel/oem7/odom,/novatel/oem7/fix,/novatel/oem7/odom,39.663,-75.756,-1.801587951,0.001247189,-0.000982168,0.001093780,0.000599271,-0.000982168,,,
1786043767436036944,1786043767.435390771,/novatel/oem7/odom,/novatel/oem7/fix,/novatel/oem7/odom,39.663,-75.756,-1.801587951,0.001247189,-0.000982168,0.001093780,0.000599271,-0.000982168,,,
1786043767445698218,1786043767.445176146,/novatel/oem7/inspva,/novatel/oem7/inspva,/novatel/oem7/inspva,39.663,-75.756,-1.801587447,0.001246930,-0.000993192,0.000812463,0.000945906,-0.000993192,,novatel_oem7_msgs.msg.InertialSolutionStatus(status=3),
1786043767447001001,1786043767.445320951,/novatel/oem7/fix,/novatel/oem7/fix,/novatel/oem7/inspva,39.663,-75.756,-1.801587447,0.001246930,-0.000993192,0.000812463,0.000945906,-0.000993192,,0,
1786043767448034185,1786043767.445964957,/novatel/oem7/odom,/novatel/oem7/fix,/novatel/oem7/odom,39.663,-75.756,-1.801587447,0.001251400,-0.000987555,0.000988423,0.000767477,-0.000987555,,,
1786043767457136499,1786043767.456488110,/novatel/oem7/odom,/novatel/oem7/fix,/novatel/oem7/odom,39.663,-75.756,-1.801587447,0.001251400,-0.000987555,0.000988423,0.000767477,-0.000987555,,,
1786043767466529693,1786043767.466000322,/novatel/oem7/inspva,/novatel/oem7/inspva,/novatel/oem7/inspva,39.663,-75.756,-1.801583254,0.001267967,-0.001101368,0.000893248,0.000899915,-0.001101368,,novatel_oem7_msgs.msg.InertialSolutionStatus(status=3),
1786043767467870621,1786043767.466150847,/novatel/oem7/fix,/novatel/oem7/fix,/novatel/oem7/inspva,39.663,-75.756,-1.801583254,0.001267967,-0.001101368,0.000893248,0.000899915,-0.001101368,,0,
1786043767468918727,1786043767.466561097,/novatel/oem7/odom,/novatel/oem7/fix,/novatel/oem7/odom,39.663,-75.756,-1.801583254,0.001272866,-0.001095702,0.000946861,0.000850671,-0.001095702,,,
1786043767475185900,1786043767.474533508,/novatel/oem7/odom,/novatel/oem7/fix,/novatel/oem7/odom,39.663,-75.756,-1.801583254,0.001272866,-0.001095702,0.000946861,0.000850671,-0.001095702,,,
1786043767485977509,1786043767.485367889,/novatel/oem7/inspva,/novatel/oem7/inspva,/novatel/oem7/inspva,39.663,-75.756,-1.801583366,0.001115266,-0.000944285,0.000823533,0.000752072,-0.000944285,,novatel_oem7_msgs.msg.InertialSolutionStatus(status=3),
1786043767487390920,1786043767.485448975,/novatel/oem7/fix,/novatel/oem7/fix,/novatel/oem7/inspva,39.663,-75.756,-1.801583366,0.001115266,-0.000944285,0.000823533,0.000752072,-0.000944285,,0,
1786043767488416973,1786043767.486076830,/novatel/oem7/odom,/novatel/oem7/fix,/novatel/oem7/odom,39.663,-75.756,-1.801583366,0.001119432,-0.000939342,0.000795190,0.000787909,-0.000939342,,,
1786043767496139777,1786043767.495473321,/novatel/oem7/odom,/novatel/oem7/fix,/novatel/oem7/odom,39.663,-75.756,-1.801583366,0.001119432,-0.000939342,0.000795190,0.000787909,-0.000939342,,,
1786043767506688670,1786043767.506120433,/novatel/oem7/inspva,/novatel/oem7/inspva,/novatel/oem7/inspva,39.663,-75.756,-1.801577902,0.000989523,-0.000741818,0.000724585,0.000673892,-0.000741818,,novatel_oem7_msgs.msg.InertialSolutionStatus(status=3),
1786043767508042397,1786043767.506199713,/novatel/oem7/fix,/novatel/oem7/fix,/novatel/oem7/inspva,39.663,-75.756,-1.801577902,0.000989523,-0.000741818,0.000724585,0.000673892,-0.000741818,,0,
1786043767509078037,1786043767.506593762,/novatel/oem7/odom,/novatel/oem7/fix,/novatel/oem7/odom,39.663,-75.756,-1.801577902,0.000992806,-0.000737417,0.000711475,0.000692436,-0.000737417,,,
1786043767512494015,1786043767.511913135,/novatel/oem7/bestpos,/novatel/oem7/bestpos,/novatel/oem7/odom,39.663,-75.756,33.180872704,0.000992806,-0.000737417,0.000711475,0.000692436,-0.000737417,,novatel_oem7_msgs.msg.SolutionStatus(status=0),novatel_oem7_msgs.msg.PositionOrVelocityType(type=53)
1786043767513854552,1786043767.512292073,/novatel/oem7/bestvel,/novatel/oem7/bestpos,/novatel/oem7/bestvel,39.663,-75.756,33.180872704,0.001387396,-0.000934349,,,,68.443820825,novatel_oem7_msgs.msg.SolutionStatus(status=0),novatel_oem7_msgs.msg.PositionOrVelocityType(type=53)
1786043767515447968,1786043767.514399701,/novatel/oem7/odom,/novatel/oem7/bestpos,/novatel/oem7/odom,39.663,-75.756,33.180872704,0.000992806,-0.000737417,0.000711475,0.000692436,-0.000737417,,,
1786043767527175236,1786043767.526564505,/novatel/oem7/inspva,/novatel/oem7/inspva,/novatel/oem7/inspva,39.663,-75.756,-1.801582215,0.001110745,-0.001090968,0.000775314,0.000795389,-0.001090968,,novatel_oem7_msgs.msg.InertialSolutionStatus(status=3),
1786043767528547093,1786043767.526647628,/novatel/oem7/fix,/novatel/oem7/fix,/novatel/oem7/inspva,39.663,-75.756,-1.801582215,0.001110745,-0.001090968,0.000775314,0.000795389,-0.001090968,,0,
1786043767529589140,1786043767.527143309,/novatel/oem7/odom,/novatel/oem7/fix,/novatel/oem7/odom,39.663,-75.756,-1.801582215,0.001115622,-0.001085980,0.000836650,0.000737990,-0.001085980,,,
1786043767535484225,1786043767.534759288,/novatel/oem7/odom,/novatel/oem7/fix,/novatel/oem7/odom,39.663,-75.756,-1.801582215,0.001115622,-0.001085980,0.000836650,0.000737990,-0.001085980,,,
1786043767545516633,1786043767.544865888,/novatel/oem7/inspva,/novatel/oem7/inspva,/novatel/oem7/inspva,39.663,-75.756,-1.801576616,0.001092563,-0.001073639,0.000570416,0.000931837,-0.001073639,,novatel_oem7_msgs.msg.InertialSolutionStatus(status=3),
1786043767546838163,1786043767.544942063,/novatel/oem7/fix,/novatel/oem7/fix,/novatel/oem7/inspva,39.663,-75.756,-1.801576616,0.001092563,-0.001073639,0.000570416,0.000931837,-0.001073639,,0,
1786043767547860923,1786043767.545384972,/novatel/oem7/odom,/novatel/oem7/fix,/novatel/oem7/odom,39.663,-75.756,-1.801576616,0.001097412,-0.001068683,0.000962805,0.000526610,-0.001068683,,,
1786043767556247944,1786043767.555536040,/novatel/oem7/odom,/novatel/oem7/fix,/novatel/oem7/odom,39.663,-75.756,-1.801576616,0.001097412,-0.001068683,0.000962805,0.000526610,-0.001068683,,,
1786043767565800590,1786043767.565192926,/novatel/oem7/inspva,/novatel/oem7/inspva,/novatel/oem7/inspva,39.663,-75.756,-1.801576150,0.000895892,-0.000950293,0.000680339,0.000582890,-0.000950293,,novatel_oem7_msgs.msg.InertialSolutionStatus(status=3),
1786043767567185474,1786043767.565273147,/novatel/oem7/fix,/novatel/oem7/fix,/novatel/oem7/inspva,39.663,-75.756,-1.801576150,0.000895892,-0.000950293,0.000680339,0.000582890,-0.000950293,,0,
1786043767568235371,1786043767.566148310,/novatel/oem7/odom,/novatel/oem7/fix,/novatel/oem7/odom,39.663,-75.756,-1.801576150,0.000900075,-0.000946332,0.000619208,0.000653234,-0.000946332,,,
1786043767575484027,1786043767.574770430,/novatel/oem7/odom,/novatel/oem7/fix,/novatel/oem7/odom,39.663,-75.756,-1.801576150,0.000900075,-0.000946332,0.000619208,0.000653234,-0.000946332,,,
1786043767586610032,1786043767.585954002,/novatel/oem7/inspva,/novatel/oem7/inspva,/novatel/oem7/inspva,39.663,-75.756,-1.801569941,0.000937246,-0.000686611,0.000365294,0.000863128,-0.000686611,,novatel_oem7_msgs.msg.InertialSolutionStatus(status=3),
1786043767587962902,1786043767.586129517,/novatel/oem7/fix,/novatel/oem7/fix,/novatel/oem7/inspva,39.663,-75.756,-1.801569941,0.000937246,-0.000686611,0.000365294,0.000863128,-0.000686611,,0,
1786043767588974846,1786043767.586599902,/novatel/oem7/odom,/novatel/oem7/fix,/novatel/oem7/odom,39.663,-75.756,-1.801569941,0.000940289,-0.000682437,0.000882645,0.000324163,-0.000682437,,,
1786043767594974749,1786043767.594613096,/novatel/oem7/odom,/novatel/oem7/fix,/novatel/oem7/odom,39.663,-75.756,-1.801569941,0.000940289,-0.000682437,0.000882645,0.000324163,-0.000682437,,,
1786043767607149111,1786043767.606491838,/novatel/oem7/inspva,/novatel/oem7/inspva,/novatel/oem7/inspva,39.663,-75.756,-1.801571866,0.001027608,-0.000851324,0.000609897,0.000827045,-0.000851324,,novatel_oem7_msgs.msg.InertialSolutionStatus(status=3),
1786043767608515808,1786043767.606687460,/novatel/oem7/fix,/novatel/oem7/fix,/novatel/oem7/inspva,39.663,-75.756,-1.801571866,0.001027608,-0.000851324,0.000609897,0.000827045,-0.000851324,,0,
1786043767609539182,1786043767.607111044,/novatel/oem7/odom,/novatel/oem7/fix,/novatel/oem7/odom,39.663,-75.756,-1.801571866,0.001031480,-0.000846628,0.000859249,0.000570649,-0.000846628,,,
1786043767610950243,1786043767.610274421,/novatel/oem7/bestpos,/novatel/oem7/bestpos,/novatel/oem7/odom,39.663,-75.756,33.180863272,0.001031480,-0.000846628,0.000859249,0.000570649,-0.000846628,,novatel_oem7_msgs.msg.SolutionStatus(status=0),novatel_oem7_msgs.msg.PositionOrVelocityType(type=53)
1786043767612306200,1786043767.610651512,/novatel/oem7/bestvel,/novatel/oem7/bestpos,/novatel/oem7/bestvel,39.663,-75.756,33.180863272,0.001512246,-0.001139149,,,,66.063570588,novatel_oem7_msgs.msg.SolutionStatus(status=0),novatel_oem7_msgs.msg.PositionOrVelocityType(type=53)
1786043767617153279,1786043767.616401817,/novatel/oem7/odom,/novatel/oem7/bestpos,/novatel/oem7/odom,39.663,-75.756,33.180863272,0.001031480,-0.000846628,0.000859249,0.000570649,-0.000846628,,,
1786043767625700771,1786043767.625086600,/novatel/oem7/inspva,/novatel/oem7/inspva,/novatel/oem7/inspva,39.663,-75.756,-1.801565581,0.000778842,-0.000708417,0.000344011,0.000698750,-0.000708417,,novatel_oem7_msgs.msg.InertialSolutionStatus(status=3),
1786043767627081445,1786043767.625176422,/novatel/oem7/fix,/novatel/oem7/fix,/novatel/oem7/inspva,39.663,-75.756,-1.801565581,0.000778842,-0.000708417,0.000344011,0.000698750,-0.000708417,,0,
1786043767628118875,1786043767.625703578,/novatel/oem7/odom,/novatel/oem7/fix,/novatel/oem7/odom,39.663,-75.756,-1.801565581,0.000782026,-0.000704901,0.000717518,0.000311020,-0.000704901,,,
1786043767635235666,1786043767.634502523,/novatel/oem7/odom,/novatel/oem7/fix,/novatel/oem7/odom,39.663,-75.756,-1.801565581,0.000782026,-0.000704901,0.000717518,0.000311020,-0.000704901,,,
1786043767647211803,1786043767.646560160,/novatel/oem7/inspva,/novatel/oem7/inspva,/novatel/oem7/inspva,39.663,-75.756,-1.801569025,0.001346633,-0.000931952,0.000192926,0.001332741,-0.000931952,,novatel_oem7_msgs.msg.InertialSolutionStatus(status=3),
1786043767648641278,1786043767.646731102,/novatel/oem7/fix,/novatel/oem7/fix,/novatel/oem7/inspva,39.663,-75.756,-1.801569025,0.001346633,-0.000931952,0.000192926,0.001332741,-0.000931952,,0,
1786043767649937094,1786043767.647347912,/novatel/oem7/odom,/novatel/oem7/fix,/novatel/oem7/odom,39.663,-75.756,-1.801569025,0.001350402,-0.000926481,0.001344172,0.000129567,-0.000926481,,,
1786043767657812870,1786043767.657034739,/novatel/oem7/odom,/novatel/oem7/fix,/novatel/oem7/odom,39.663,-75.756,-1.801569025,0.001350402,-0.000926481,0.001344172,0.000129567,-0.000926481,,,
1786043767665560854,1786043767.664963488,/novatel/oem7/inspva,/novatel/oem7/inspva,/novatel/oem7/inspva,39.663,-75.756,-1.801567016,0.001075356,-0.000929332,0.000081279,0.001072280,-0.000929332,,novatel_oem7_msgs.msg.InertialSolutionStatus(status=3),
1786043767666979125,1786043767.665143826,/novatel/oem7/fix,/novatel/oem7/fix,/novatel/oem7/inspva,39.663,-75.756,-1.801567016,0.001075356,-0.000929332,0.000081279,0.001072280,-0.000929332,,0,
1786043767668055866,1786043767.665676066,/novatel/oem7/odom,/novatel/oem7/fix,/novatel/oem7/odom,39.663,-75.756,-1.801567016,0.001078978,-0.000925125,0.001078538,0.000030817,-0.000925125,,,
1786043767676253858,1786043767.675538308,/novatel/oem7/odom,/novatel/oem7/fix,/novatel/oem7/odom,39.663,-75.756,-1.801567016,0.001078978,-0.000925125,0.001078538,0.000030817,-0.000925125,,,
1786043767686123241,1786043767.685466337,/novatel/oem7/inspva,/novatel/oem7/inspva,/novatel/oem7/inspva,39.663,-75.756,-1.801570034,0.000828421,-0.000948503,0.000391303,0.000730181,-0.000948503,,novatel_oem7_msgs.msg.InertialSolutionStatus(status=3),
1786043767687550135,1786043767.685646586,/novatel/oem7/fix,/novatel/oem7/fix,/novatel/oem7/inspva,39.663,-75.756,-1.801570034,0.000828421,-0.000948503,0.000391303,0.000730181,-0.000948503,,0,
1786043767688605619,1786043767.686284708,/novatel/oem7/odom,/novatel/oem7/fix,/novatel/oem7/odom,39.663,-75.756,-1.801570034,0.000832697,-0.000944751,0.000752140,0.000357310,-0.000944751,,,
1786043767695502915,1786043767.694771534,/novatel/oem7/odom,/novatel/oem7/fix,/novatel/oem7/odom,39.663,-75.756,-1.801570034,0.000832697,-0.000944751,0.000752140,0.000357310,-0.000944751,,,
1786043767706583119,1786043767.705963976,/novatel/oem7/inspva,/novatel/oem7/inspva,/novatel/oem7/inspva,39.663,-75.756,-1.801566550,0.000678830,-0.000715167,0.000074059,0.000674778,-0.000715167,,novatel_oem7_msgs.msg.InertialSolutionStatus(status=3),
1786043767707937943,1786043767.706046302,/novatel/oem7/fix,/novatel/oem7/fix,/novatel/oem7/inspva,39.663,-75.756,-1.801566550,0.000678830,-0.000715167,0.000074059,0.000674778,-0.000715167,,0,
1786043767708961890,1786043767.706588486,/novatel/oem7/odom,/novatel/oem7/fix,/novatel/oem7/odom,39.663,-75.756,-1.801566550,0.000681677,-0.000712454,0.000680345,0.000042593,-0.000712454,,,
1786043767710380664,1786043767.709228287,/novatel/oem7/bestpos,/novatel/oem7/bestpos,/novatel/oem7/odom,39.663,-75.756,33.180870106,0.000681677,-0.000712454,0.000680345,0.000042593,-0.000712454,,novatel_oem7_msgs.msg.SolutionStatus(status=0),novatel_oem7_msgs.msg.PositionOrVelocityType(type=53)
1786043767711302176,1786043767.709734129,/novatel/oem7/bestvel,/novatel/oem7/bestpos,/novatel/oem7/bestvel,39.663,-75.756,33.180870106,0.000706184,-0.000799583,,,,71.510002658,novatel_oem7_msgs.msg.SolutionStatus(status=0),novatel_oem7_msgs.msg.PositionOrVelocityType(type=53)
1786043767715628820,1786043767.714848932,/novatel/oem7/odom,/novatel/oem7/bestpos,/novatel/oem7/odom,39.663,-75.756,33.180870106,0.000681677,-0.000712454,0.000680345,0.000042593,-0.000712454,,,
1786043767725679056,1786043767.725342760,/novatel/oem7/inspva,/novatel/oem7/inspva,/novatel/oem7/inspva,39.663,-75.756,-1.801568006,0.001163362,-0.000532424,0.000546632,0.001026939,-0.000532424,,novatel_oem7_msgs.msg.InertialSolutionStatus(status=3),
1786043767726292007,1786043767.725544769,/novatel/oem7/fix,/novatel/oem7/fix,/novatel/oem7/inspva,39.663,-75.756,-1.801568006,0.001163362,-0.000532424,0.000546632,0.001026939,-0.000532424,,0,
1786043767726967988,1786043767.726089632,/novatel/oem7/odom,/novatel/oem7/fix,/novatel/oem7/odom,39.663,-75.756,-1.801568006,0.001165763,-0.000527146,0.001054576,0.000496863,-0.000527146,,,
1786043767735938992,1786043767.735568243,/novatel/oem7/odom,/novatel/oem7/fix,/novatel/oem7/odom,39.663,-75.756,-1.801568006,0.001165763,-0.000527146,0.001054576,0.000496863,-0.000527146,,,
1786043767745692986,1786043767.745289637,/novatel/oem7/inspva,/novatel/oem7/inspva,/novatel/oem7/inspva,39.663,-75.756,-1.801566001,0.000969276,-0.001026381,0.000370229,0.000895782,-0.001026381,,novatel_oem7_msgs.msg.InertialSolutionStatus(status=3),
1786043767746451711,1786043767.745463662,/novatel/oem7/fix,/novatel/oem7/fix,/novatel/oem7/inspva,39.663,-75.756,-1.801566001,0.000969276,-0.001026381,0.000370229,0.000895782,-0.001026381,,0,
1786043767747015692,1786043767.745909704,/novatel/oem7/odom,/novatel/oem7/fix,/novatel/oem7/odom,39.663,-75.756,-1.801566001,0.000973844,-0.001022047,0.000916832,0.000328315,-0.001022047,,,
1786043767755978029,1786043767.755629481,/novatel/oem7/odom,/novatel/oem7/fix,/novatel/oem7/odom,39.663,-75.756,-1.801566001,0.000973844,-0.001022047,0.000916832,0.000328315,-0.001022047,,,
1786043767766985029,1786043767.766702365,/novatel/oem7/inspva,/novatel/oem7/inspva,/novatel/oem7/inspva,39.663,-75.756,-1.801559861,0.000924365,-0.000254622,0.000199878,0.000902496,-0.000254622,,novatel_oem7_msgs.msg.InertialSolutionStatus(status=3),
1786043767767614629,1786043767.766875701,/novatel/oem7/fix,/novatel/oem7/fix,/novatel/oem7/inspva,39.663,-75.756,-1.801559861,0.000924365,-0.000254622,0.000199878,0.000902496,-0.000254622,,0,
1786043767768060513,1786043767.767359919,/novatel/oem7/odom,/novatel/oem7/fix,/novatel/oem7/odom,39.663,-75.756,-1.801559861,0.000925423,-0.000250746,0.000912189,0.000155946,-0.000250746,,,
1786043767775173354,1786043767.774820164,/novatel/oem7/odom,/novatel/oem7/fix,/novatel/oem7/odom,39.663,-75.756,-1.801559861,0.000925423,-0.000250746,0.000912189,0.000155946,-0.000250746,,,
1786043767785397969,1786043767.784962789,/novatel/oem7/inspva,/novatel/oem7/inspva,/novatel/oem7/inspva,39.663,-75.756,-1.801558172,0.000959208,-0.000701534,0.000249512,0.000926188,-0.000701534,,novatel_oem7_msgs.msg.InertialSolutionStatus(status=3),
1786043767785985553,1786043767.785123184,/novatel/oem7/fix,/novatel/oem7/fix,/novatel/oem7/inspva,39.663,-75.756,-1.801558172,0.000959208,-0.000701534,0.000249512,0.000926188,-0.000701534,,0,
1786043767786434787,1786043767.785635685,/novatel/oem7/odom,/novatel/oem7/fix,/novatel/oem7/odom,39.663,-75.756,-1.801558172,0.000962197,-0.000697429,0.000940009,0.000205442,-0.000697429,,,
1786043767795709038,1786043767.795362920,/novatel/oem7/odom,/novatel/oem7/fix,/novatel/oem7/odom,39.663,-75.756,-1.801558172,0.000962197,-0.000697429,0.000940009,0.000205442,-0.000697429,,,
1786043767806712239,1786043767.806433284,/novatel/oem7/inspva,/novatel/oem7/inspva,/novatel/oem7/inspva,39.663,-75.756,-1.801559989,0.000898061,-0.000810514,0.000534893,0.000721389,-0.000810514,,novatel_oem7_msgs.msg.InertialSolutionStatus(status=3),
1786043767807321702,1786043767.806585592,/novatel/oem7/fix,/novatel/oem7/fix,/novatel/oem7/inspva,39.663,-75.756,-1.801559989,0.000898061,-0.000810514,0.000534893,0.000721389,-0.000810514,,0,
1786043767807766911,1786043767.807054354,/novatel/oem7/odom,/novatel/oem7/fix,/novatel/oem7/odom,39.663,-75.756,-1.801559989,0.000901749,-0.000806409,0.000749895,0.000500808,-0.000806409,,,
1786043767810483333,1786043767.810180602,/novatel/oem7/bestpos,/novatel/oem7/bestpos,/novatel/oem7/odom,39.663,-75.756,33.180874093,0.000901749,-0.000806409,0.000749895,0.000500808,-0.000806409,,novatel_oem7_msgs.msg.SolutionStatus(status=0),novatel_oem7_msgs.msg.PositionOrVelocityType(type=53)
1786043767811153998,1786043767.810544965,/novatel/oem7/bestvel,/novatel/oem7/bestpos,/novatel/oem7/bestvel,39.663,-75.756,33.180874093,0.001420716,-0.001081170,,,,71.775676223,novatel_oem7_msgs.msg.SolutionStatus(status=0),novatel_oem7_msgs.msg.PositionOrVelocityType(type=53)
1786043767815195708,1786043767.814872962,/novatel/oem7/odom,/novatel/oem7/bestpos,/novatel/oem7/odom,39.663,-75.756,33.180874093,0.000901749,-0.000806409,0.000749895,0.000500808,-0.000806409,,,
1786043767826187398,1786043767.825895849,/novatel/oem7/inspva,/novatel/oem7/inspva,/novatel/oem7/inspva,39.663,-75.756,-1.801556674,0.000973000,-0.000797622,0.000559666,0.000795929,-0.000797622,,novatel_oem7_msgs.msg.InertialSolutionStatus(status=3),
1786043767827341281,1786043767.826053825,/novatel/oem7/fix,/novatel/oem7/fix,/novatel/oem7/inspva,39.663,-75.756,-1.801556674,0.000973000,-0.000797622,0.000559666,0.000795929,-0.000797622,,0,
1786043767827926250,1786043767.826565276,/novatel/oem7/odom,/novatel/oem7/fix,/novatel/oem7/odom,39.663,-75.756,-1.801556674,0.000976629,-0.000793174,0.000825515,0.000521852,-0.000793174,,,
1786043767835360258,1786043767.834668171,/novatel/oem7/odom,/novatel/oem7/fix,/novatel/oem7/odom,39.663,-75.756,-1.801556674,0.000976629,-0.000793174,0.000825515,0.000521852,-0.000793174,,,
1786043767846403245,1786043767.845748312,/novatel/oem7/inspva,/novatel/oem7/inspva,/novatel/oem7/inspva,39.663,-75.756,-1.801556370,0.001138102,-0.000562794,0.000485001,0.001029587,-0.000562794,,novatel_oem7_msgs.msg.InertialSolutionStatus(status=3),
1786043767847736142,1786043767.845950250,/novatel/oem7/fix,/novatel/oem7/fix,/novatel/oem7/inspva,39.663,-75.756,-1.801556370,0.001138102,-0.000562794,0.000485001,0.001029587,-0.000562794,,0,
1786043767848772409,1786043767.846288097,/novatel/oem7/odom,/novatel/oem7/fix,/novatel/oem7/odom,39.663,-75.756,-1.801556370,0.001140617,-0.000557680,0.001054315,0.000435232,-0.000557680,,,
1786043767856892117,1786043767.856238640,/novatel/oem7/odom,/novatel/oem7/fix,/novatel/oem7/odom,39.663,-75.756,-1.801556370,0.001140617,-0.000557680,0.001054315,0.000435232,-0.000557680,,,
1786043767865589631,1786043767.865093719,/novatel/oem7/inspva,/novatel/oem7/inspva,/novatel/oem7/inspva,39.663,-75.756,-1.801552889,0.001143391,-0.000630413,0.000598840,0.000974029,-0.000630413,,novatel_oem7_msgs.msg.InertialSolutionStatus(status=3),
1786043767866868020,1786043767.865243778,/novatel/oem7/fix,/novatel/oem7/fix,/novatel/oem7/inspva,39.663,-75.756,-1.801552889,0.001143391,-0.000630413,0.000598840,0.000974029,-0.000630413,,0,
1786043767867883564,1786043767.865698882,/novatel/oem7/odom,/novatel/oem7/fix,/novatel/oem7/odom,39.663,-75.756,-1.801552889,0.001146242,-0.000625215,0.001004669,0.000551824,-0.000625215,,,
1786043767874936051,1786043767.874310039,/novatel/oem7/odom,/novatel/oem7/fix,/novatel/oem7/odom,39.663,-75.756,-1.801552889,0.001146242,-0.000625215,0.001004669,0.000551824,-0.000625215,,,
1786043767886995256,1786043767.886471864,/novatel/oem7/inspva,/novatel/oem7/inspva,/novatel/oem7/inspva,39.663,-75.756,-1.801549813,0.001011090,-0.000321163,0.000439245,0.000910696,-0.000321163,,novatel_oem7_msgs.msg.InertialSolutionStatus(status=3),
1786043767888266372,1786043767.886650772,/novatel/oem7/fix,/novatel/oem7/fix,/novatel/oem7/inspva,39.663,-75.756,-1.801549813,0.001011090,-0.000321163,0.000439245,0.000910696,-0.000321163,,0,
1786043767889275752,1786043767.886954497,/novatel/oem7/odom,/novatel/oem7/fix,/novatel/oem7/odom,39.663,-75.756,-1.801549813,0.001012521,-0.000316623,0.000932388,0.000394781,-0.000316623,,,
1786043767895664019,1786043767.895028816,/novatel/oem7/odom,/novatel/oem7/fix,/novatel/oem7/odom,39.663,-75.756,-1.801549813,0.001012521,-0.000316623,0.000932388,0.000394781,-0.000316623,,,
1786043767906311610,1786043767.905805651,/novatel/oem7/inspva,/novatel/oem7/inspva,/novatel/oem7/inspva,39.663,-75.756,-1.801542347,0.000844250,-0.000438300,0.000391262,0.000748113,-0.000438300,,novatel_oem7_msgs.msg.InertialSolutionStatus(status=3),
1786043767907636713,1786043767.905953036,/novatel/oem7/fix,/novatel/oem7/fix,/novatel/oem7/inspva,39.663,-75.756,-1.801542347,0.000844250,-0.000438300,0.000391262,0.000748113,-0.000438300,,0,
1786043767908643529,1786043767.906504565,/novatel/oem7/odom,/novatel/oem7/fix,/novatel/oem7/odom,39.663,-75.756,-1.801542347,0.000846217,-0.000434491,0.000768096,0.000355121,-0.000434491,,,
1786043767910313436,1786043767.909207375,/novatel/oem7/bestpos,/novatel/oem7/bestpos,/novatel/oem7/odom,39.663,-75.756,33.180901029,0.000846217,-0.000434491,0.000768096,0.000355121,-0.000434491,,novatel_oem7_msgs.msg.SolutionStatus(status=0),novatel_oem7_msgs.msg.PositionOrVelocityType(type=53)
1786043767911892672,1786043767.909596781,/novatel/oem7/bestvel,/novatel/oem7/bestpos,/novatel/oem7/bestvel,39.663,-75.756,33.180901029,0.000754952,-0.000395439,,,,55.149354327,novatel_oem7_msgs.msg.SolutionStatus(status=0),novatel_oem7_msgs.msg.PositionOrVelocityType(type=53)
1786043767916192585,1786043767.915555272,/novatel/oem7/odom,/novatel/oem7/bestpos,/novatel/oem7/odom,39.663,-75.756,33.180901029,0.000846217,-0.000434491,0.000768096,0.000355121,-0.000434491,,,
1786043767925688370,1786043767.925196282,/novatel/oem7/inspva,/novatel/oem7/inspva,/novatel/oem7/inspva,39.663,-75.756,-1.801535015,0.001180831,-0.000026157,0.000356163,0.001125837,-0.000026157,,novatel_oem7_msgs.msg.InertialSolutionStatus(status=3),
1786043767927000924,1786043767.925283092,/novatel/oem7/fix,/novatel/oem7/fix,/novatel/oem7/inspva,39.663,-75.756,-1.801535015,0.001180831,-0.000026157,0.000356163,0.001125837,-0.000026157,,0,
1786043767928009777,1786043767.925902859,/novatel/oem7/odom,/novatel/oem7/fix,/novatel/oem7/odom,39.663,-75.756,-1.801535015,0.001180933,-0.000021046,0.001142057,0.000300514,-0.000021046,,,
1786043767935529096,1786043767.934883993,/novatel/oem7/odom,/novatel/oem7/fix,/novatel/oem7/odom,39.663,-75.756,-1.801535015,0.001180933,-0.000021046,0.001142057,0.000300514,-0.000021046,,,
1786043767946501306,1786043767.945943510,/novatel/oem7/inspva,/novatel/oem7/inspva,/novatel/oem7/inspva,39.663,-75.756,-1.801524307,0.000840857,-0.000123448,0.000333023,0.000772099,-0.000123448,,novatel_oem7_msgs.msg.InertialSolutionStatus(status=3),
1786043767947796869,1786043767.946128912,/novatel/oem7/fix,/novatel/oem7/fix,/novatel/oem7/inspva,39.663,-75.756,-1.801524307,0.000840857,-0.000123448,0.000333023,0.000772099,-0.000123448,,0,
1786043767948827636,1786043767.946440045,/novatel/oem7/odom,/novatel/oem7/fix,/novatel/oem7/odom,39.663,-75.756,-1.801524307,0.000841399,-0.000119702,0.000787985,0.000295011,-0.000119702,,,
1786043767956513180,1786043767.955856787,/novatel/oem7/odom,/novatel/oem7/fix,/novatel/oem7/odom,39.663,-75.756,-1.801524307,0.000841399,-0.000119702,0.000787985,0.000295011,-0.000119702,,,
1786043767965789473,1786043767.965284654,/novatel/oem7/inspva,/novatel/oem7/inspva,/novatel/oem7/inspva,39.663,-75.756,-1.801517464,0.001160555,-0.000333073,0.000144379,0.001151540,-0.000333073,,novatel_oem7_msgs.msg.InertialSolutionStatus(status=3),
1786043767967087029,1786043767.965437276,/novatel/oem7/fix,/novatel/oem7/fix,/novatel/oem7/inspva,39.663,-75.756,-1.801517464,0.001160555,-0.000333073,0.000144379,0.001151540,-0.000333073,,0,
1786043767968103880,1786043767.966046602,/novatel/oem7/odom,/novatel/oem7/fix,/novatel/oem7/odom,39.663,-75.756,-1.801517464,0.001161883,-0.000328413,0.001158510,0.000088472,-0.000328413,,,
1786043767976529780,1786043767.975508104,/novatel/oem7/odom,/novatel/oem7/fix,/novatel/oem7/odom,39.663,-75.756,-1.801517464,0.001161883,-0.000328413,0.001158510,0.000088472,-0.000328413,,,
1786043767986633206,1786043767.986064286,/novatel/oem7/inspva,/novatel/oem7/inspva,/novatel/oem7/inspva,39.663,-75.756,-1.801501549,0.000829064,0.000086138,0.000260412,0.000787103,0.000086138,,novatel_oem7_msgs.msg.InertialSolutionStatus(status=3),
1786043767987943105,1786043767.986301072,/novatel/oem7/fix,/novatel/oem7/fix,/novatel/oem7/inspva,39.663,-75.756,-1.801501549,0.000829064,0.000086138,0.000260412,0.000787103,0.000086138,,0,
1786043767988962015,1786043767.986761167,/novatel/oem7/odom,/novatel/oem7/fix,/novatel/oem7/odom,39.663,-75.756,-1.801501549,0.000828681,0.000089748,0.000798602,0.000221237,0.000089748,,,
1786043767994943645,1786043767.994304026,/novatel/oem7/odom,/novatel/oem7/fix,/novatel/oem7/odom,39.663,-75.756,-1.801501549,0.000828681,0.000089748,0.000798602,0.000221237,0.000089748,,,
1786043768008978550,1786043768.008330856,/novatel/oem7/inspva,/novatel/oem7/inspva,/novatel/oem7/inspva,39.663,-75.756,-1.801496672,0.001102318,-0.000226280,-0.000097890,0.001097963,-0.000226280,,novatel_oem7_msgs.msg.InertialSolutionStatus(status=3),
1786043768010466061,1786043768.008560982,/novatel/oem7/fix,/novatel/oem7/fix,/novatel/oem7/inspva,39.663,-75.756,-1.801496672,0.001102318,-0.000226280,-0.000097890,0.001097963,-0.000226280,,0,
1786043768011530959,1786043768.009592666,/novatel/oem7/odom,/novatel/oem7/fix,/novatel/oem7/odom,39.663,-75.756,-1.801496672,0.001103098,-0.000222444,0.001092696,-0.000151136,-0.000222444,,,
1786043768017264983,1786043768.016591849,/novatel/oem7/odom,/novatel/oem7/fix,/novatel/oem7/odom,39.663,-75.756,-1.801496672,0.001103098,-0.000222444,0.001092696,-0.000151136,-0.000222444,,,
1786043768026113975,1786043768.025474135,/novatel/oem7/bestpos,/novatel/oem7/bestpos,/novatel/oem7/odom,39.663,-75.756,33.180938165,0.001103098,-0.000222444,0.001092696,-0.000151136,-0.000222444,,novatel_oem7_msgs.msg.SolutionStatus(status=0),novatel_oem7_msgs.msg.PositionOrVelocityType(type=53)
1786043768027603290,1786043768.026395848,/novatel/oem7/bestvel,/novatel/oem7/bestpos,/novatel/oem7/bestvel,39.663,-75.756,33.180938165,0.001231219,-0.000399411,,,,86.050086852,novatel_oem7_msgs.msg.SolutionStatus(status=0),novatel_oem7_msgs.msg.PositionOrVelocityType(type=53)
1786043768028513792,1786043768.026872979,/novatel/oem7/inspva,/novatel/oem7/inspva,/novatel/oem7/inspva,39.663,-75.756,-1.801484040,0.000860896,-0.000338317,-0.000265141,0.000819050,-0.000338317,,novatel_oem7_msgs.msg.InertialSolutionStatus(status=3),
1786043768029308320,1786043768.027021607,/novatel/oem7/fix,/novatel/oem7/fix,/novatel/oem7/inspva,39.663,-75.756,-1.801484040,0.000860896,-0.000338317,-0.000265141,0.000819050,-0.000338317,,0,
1786043768030843239,1786043768.027615860,/novatel/oem7/odom,/novatel/oem7/fix,/novatel/oem7/odom,39.663,-75.756,-1.801484040,0.000861817,-0.000335965,0.000806341,-0.000304208,-0.000335965,,,
1786043768036458356,1786043768.035622030,/novatel/oem7/odom,/novatel/oem7/fix,/novatel/oem7/odom,39.663,-75.756,-1.801484040,0.000861817,-0.000335965,0.000806341,-0.000304208,-0.000335965,,,
1786043768047303648,1786043768.046652334,/novatel/oem7/inspva,/novatel/oem7/inspva,/novatel/oem7/inspva,39.663,-75.756,-1.801474761,0.000699019,-0.000166789,-0.000111563,0.000690059,-0.000166789,,novatel_oem7_msgs.msg.InertialSolutionStatus(status=3),
1786043768048934307,1786043768.046945944,/novatel/oem7/fix,/novatel/oem7/fix,/novatel/oem7/inspva,39.663,-75.756,-1.801474761,0.000699019,-0.000166789,-0.000111563,0.000690059,-0.000166789,,0,
1786043768050280374,1786043768.047332981,/novatel/oem7/odom,/novatel/oem7/fix,/novatel/oem7/odom,39.663,-75.756,-1.801474761,0.000699557,-0.000164518,0.000684385,-0.000144904,-0.000164518,,,
1786043768057470486,1786043768.056592794,/novatel/oem7/odom,/novatel/oem7/fix,/novatel/oem7/odom,39.663,-75.756,-1.801474761,0.000699557,-0.000164518,0.000684385,-0.000144904,-0.000164518,,,
1786043768065949758,1786043768.065307278,/novatel/oem7/inspva,/novatel/oem7/inspva,/novatel/oem7/inspva,39.663,-75.756,-1.801466810,0.000316494,-0.000120075,-0.000186502,0.000255706,-0.000120075,,novatel_oem7_msgs.msg.InertialSolutionStatus(status=3),
1786043768067674985,1786043768.065456410,/novatel/oem7/fix,/novatel/oem7/fix,/novatel/oem7/inspva,39.663,-75.756,-1.801466810,0.000316494,-0.000120075,-0.000186502,0.000255706,-0.000120075,,0,
1786043768069210047,1786043768.065938195,/novatel/oem7/odom,/novatel/oem7/fix,/novatel/oem7/odom,39.663,-75.756,-1.801466810,0.000316670,-0.000119609,0.000246705,-0.000198536,-0.000119609,,,
1786043768075630385,1786043768.074818364,/novatel/oem7/odom,/novatel/oem7/fix,/novatel/oem7/odom,39.663,-75.756,-1.801466810,0.000316670,-0.000119609,0.000246705,-0.000198536,-0.000119609,,,
1786043768085910478,1786043768.085303984,/novatel/oem7/inspva,/novatel/oem7/inspva,/novatel/oem7/inspva,39.663,-75.756,-1.801463571,0.000466805,-0.000429611,-0.000081518,0.000459632,-0.000429611,,novatel_oem7_msgs.msg.InertialSolutionStatus(status=3),
1786043768087708386,1786043768.085428001,/novatel/oem7/fix,/novatel/oem7/fix,/novatel/oem7/inspva,39.663,-75.756,-1.801463571,0.000466805,-0.000429611,-0.000081518,0.000459632,-0.000429611,,0,
1786043768088750030,1786043768.086038749,/novatel/oem7/odom,/novatel/oem7/fix,/novatel/oem7/odom,39.663,-75.756,-1.801463571,0.000468185,-0.000428107,0.000456728,-0.000102939,-0.000428107,,,
1786043768096047377,1786043768.095137734,/novatel/oem7/odom,/novatel/oem7/fix,/novatel/oem7/odom,39.663,-75.756,-1.801463571,0.000468185,-0.000428107,0.000456728,-0.000102939,-0.000428107,,,
1786043768106576472,1786043768.105788215,/novatel/oem7/inspva,/novatel/oem7/inspva,/novatel/oem7/inspva,39.663,-75.756,-1.801451987,0.000348505,-0.000019123,-0.000282356,0.000204281,-0.000019123,,novatel_oem7_msgs.msg.InertialSolutionStatus(status=3),
1786043768108294843,1786043768.105979718,/novatel/oem7/fix,/novatel/oem7/fix,/novatel/oem7/inspva,39.663,-75.756,-1.801451987,0.000348505,-0.000019123,-0.000282356,0.000204281,-0.000019123,,0,
1786043768109691910,1786043768.106568472,/novatel/oem7/odom,/novatel/oem7/fix,/novatel/oem7/odom,39.663,-75.756,-1.801451987,0.000348507,-0.000019100,0.000190247,-0.000291998,-0.000019100,,,
1786043768111594223,1786043768.109030060,/novatel/oem7/bestpos,/novatel/oem7/bestpos,/novatel/oem7/odom,39.663,-75.756,33.180968930,0.000348507,-0.000019100,0.000190247,-0.000291998,-0.000019100,,novatel_oem7_msgs.msg.SolutionStatus(status=0),novatel_oem7_msgs.msg.PositionOrVelocityType(type=53)
1786043768112822272,1786043768.109635620,/novatel/oem7/bestvel,/novatel/oem7/bestpos,/novatel/oem7/bestvel,39.663,-75.756,33.180968930,0.000472831,-0.000112106,,,,126.208186521,novatel_oem7_msgs.msg.SolutionStatus(status=0),novatel_oem7_msgs.msg.PositionOrVelocityType(type=53)
1786043768115232552,1786043768.114448264,/novatel/oem7/odom,/novatel/oem7/bestpos,/novatel/oem7/odom,39.663,-75.756,33.180968930,0.000348507,-0.000019100,0.000190247,-0.000291998,-0.000019100,,,
1786043768126064471,1786043768.125320799,/novatel/oem7/inspva,/novatel/oem7/inspva,/novatel/oem7/inspva,39.663,-75.756,-1.801447558,0.000905791,-0.000212602,-0.000512512,0.000746853,-0.000212602,,novatel_oem7_msgs.msg.InertialSolutionStatus(status=3),
1786043768127697511,1786043768.125490295,/novatel/oem7/fix,/novatel/oem7/fix,/novatel/oem7/inspva,39.663,-75.756,-1.801447558,0.000905791,-0.000212602,-0.000512512,0.000746853,-0.000212602,,0,
1786043768128821236,1786043768.126094118,/novatel/oem7/odom,/novatel/oem7/fix,/novatel/oem7/odom,39.663,-75.756,-1.801447558,0.000906131,-0.000211151,0.000721611,-0.000548043,-0.000211151,,,
1786043768136073198,1786043768.135500906,/novatel/oem7/odom,/novatel/oem7/fix,/novatel/oem7/odom,39.663,-75.756,-1.801447558,0.000906131,-0.000211151,0.000721611,-0.000548043,-0.000211151,,,
1786043768145663719,1786043768.145218639,/novatel/oem7/inspva,/novatel/oem7/inspva,/novatel/oem7/inspva,39.663,-75.756,-1.801436287,0.000621516,0.000112322,-0.000337982,0.000521585,0.000112322,,novatel_oem7_msgs.msg.InertialSolutionStatus(status=3),
1786043768146639160,1786043768.145344501,/novatel/oem7/fix,/novatel/oem7/fix,/novatel/oem7/inspva,39.663,-75.756,-1.801436287,0.000621516,0.000112322,-0.000337982,0.000521585,0.000112322,,0,
1786043768147415865,1786043768.145699868,/novatel/oem7/odom,/novatel/oem7/fix,/novatel/oem7/odom,39.663,-75.756,-1.801436287,0.000621322,0.000113391,0.000503928,-0.000363453,0.000113391,,,
1786043768156078332,1786043768.155617184,/novatel/oem7/odom,/novatel/oem7/fix,/novatel/oem7/odom,39.663,-75.756,-1.801436287,0.000621322,0.000113391,0.000503928,-0.000363453,0.000113391,,,
1786043768166954597,1786043768.166602309,/novatel/oem7/inspva,/novatel/oem7/inspva,/novatel/oem7/inspva,39.663,-75.756,-1.801433682,0.000613824,-0.000580211,-0.000490406,0.000369163,-0.000580211,,novatel_oem7_msgs.msg.InertialSolutionStatus(status=3),
1786043768167901371,1786043768.166695609,/novatel/oem7/fix,/novatel/oem7/fix,/novatel/oem7/inspva,39.663,-75.756,-1.801433682,0.000613824,-0.000580211,-0.000490406,0.000369163,-0.000580211,,0,
1786043768168631332,1786043768.167144160,/novatel/oem7/odom,/novatel/oem7/fix,/novatel/oem7/odom,39.663,-75.756,-1.801433682,0.000613925,-0.000580104,0.000346897,-0.000506523,-0.000580104,,,
1786043768175326237,1786043768.174730963,/novatel/oem7/odom,/novatel/oem7/fix,/novatel/oem7/odom,39.663,-75.756,-1.801433682,0.000613925,-0.000580104,0.000346897,-0.000506523,-0.000580104,,,
1786043768185602198,1786043768.185022042,/novatel/oem7/inspva,/novatel/oem7/inspva,/novatel/oem7/inspva,39.663,-75.756,-1.801420286,0.000606787,-0.000130317,-0.000534527,0.000287179,-0.000130317,,novatel_oem7_msgs.msg.InertialSolutionStatus(status=3),
1786043768186954622,1786043768.185161680,/novatel/oem7/fix,/novatel/oem7/fix,/novatel/oem7/inspva,39.663,-75.756,-1.801420286,0.000606787,-0.000130317,-0.000534527,0.000287179,-0.000130317,,0,
1786043768188009522,1786043768.185766367,/novatel/oem7/odom,/novatel/oem7/fix,/novatel/oem7/odom,39.663,-75.756,-1.801420286,0.000606717,-0.000130644,0.000261095,-0.000547663,-0.000130644,,,
1786043768195588416,1786043768.194966199,/novatel/oem7/odom,/novatel/oem7/fix,/novatel/oem7/odom,39.663,-75.756,-1.801420286,0.000606717,-0.000130644,0.000261095,-0.000547663,-0.000130644,,,
1786043768206838658,1786043768.206405246,/novatel/oem7/inspva,/novatel/oem7/inspva,/novatel/oem7/inspva,39.663,-75.756,-1.801416333,0.000772392,-0.000198361,-0.000611828,0.000471441,-0.000198361,,novatel_oem7_msgs.msg.InertialSolutionStatus(status=3),
1786043768207893958,1786043768.206528207,/novatel/oem7/fix,/novatel/oem7/fix,/novatel/oem7/inspva,39.663,-75.756,-1.801416333,0.000772392,-0.000198361,-0.000611828,0.000471441,-0.000198361,,0,
1786043768208723535,1786043768.206978047,/novatel/oem7/odom,/novatel/oem7/fix,/novatel/oem7/odom,39.663,-75.756,-1.801416333,0.000772436,-0.000198191,0.000441610,-0.000633749,-0.000198191,,,
1786043768210794443,1786043768.210125095,/novatel/oem7/bestpos,/novatel/oem7/bestpos,/novatel/oem7/odom,39.663,-75.756,33.180992611,0.000772436,-0.000198191,0.000441610,-0.000633749,-0.000198191,,novatel_oem7_msgs.msg.SolutionStatus(status=0),novatel_oem7_msgs.msg.PositionOrVelocityType(type=53)
1786043768211948501,1786043768.210563999,/novatel/oem7/bestvel,/novatel/oem7/bestpos,/novatel/oem7/bestvel,39.663,-75.756,33.180992611,0.001078594,-0.000323552,,,,130.693453479,novatel_oem7_msgs.msg.SolutionStatus(status=0),novatel_oem7_msgs.msg.PositionOrVelocityType(type=53)
1786043768215754761,1786043768.215134899,/novatel/oem7/odom,/novatel/oem7/bestpos,/novatel/oem7/odom,39.663,-75.756,33.180992611,0.000772436,-0.000198191,0.000441610,-0.000633749,-0.000198191,,,
1786043768226706582,1786043768.226205140,/novatel/oem7/inspva,/novatel/oem7/inspva,/novatel/oem7/inspva,39.663,-75.756,-1.801407071,0.000701549,-0.000200188,-0.000530962,0.000458530,-0.000200188,,novatel_oem7_msgs.msg.InertialSolutionStatus(status=3),
1786043768227771413,1786043768.226410992,/novatel/oem7/fix,/novatel/oem7/fix,/novatel/oem7/inspva,39.663,-75.756,-1.801407071,0.000701549,-0.000200188,-0.000530962,0.000458530,-0.000200188,,0,
1786043768228620693,1786043768.226793962,/novatel/oem7/odom,/novatel/oem7/fix,/novatel/oem7/odom,39.663,-75.756,-1.801407071,0.000701643,-0.000199856,0.000432692,-0.000552341,-0.000199856,,,
1786043768235058973,1786043768.234481390,/novatel/oem7/odom,/novatel/oem7/fix,/novatel/oem7/odom,39.663,-75.756,-1.801407071,0.000701643,-0.000199856,0.000432692,-0.000552341,-0.000199856,,,
1786043768246019534,1786043768.245298574,/novatel/oem7/inspva,/novatel/oem7/inspva,/novatel/oem7/inspva,39.663,-75.756,-1.801398410,0.000838841,0.000033022,-0.000594390,0.000591907,0.000033022,,novatel_oem7_msgs.msg.InertialSolutionStatus(status=3),
1786043768247582777,1786043768.245619308,/novatel/oem7/fix,/novatel/oem7/fix,/novatel/oem7/inspva,39.663,-75.756,-1.801398410,0.000838841,0.000033022,-0.000594390,0.000591907,0.000033022,,0,
1786043768249007579,1786043768.246096342,/novatel/oem7/odom,/novatel/oem7/fix,/novatel/oem7/odom,39.663,-75.756,-1.801398410,0.000838814,0.000033691,0.000561885,-0.000622812,0.000033691,,,
1786043768257287075,1786043768.256559827,/novatel/oem7/odom,/novatel/oem7/fix,/novatel/oem7/odom,39.663,-75.756,-1.801398410,0.000838814,0.000033691,0.000561885,-0.000622812,0.000033691,,,
1786043768265938202,1786043768.265073346,/novatel/oem7/inspva,/novatel/oem7/inspva,/novatel/oem7/inspva,39.663,-75.756,-1.801387455,0.000776449,0.000121275,-0.000581974,0.000513985,0.000121275,,novatel_oem7_msgs.msg.InertialSolutionStatus(status=3),
1786043768267651432,1786043768.265317049,/novatel/oem7/fix,/novatel/oem7/fix,/novatel/oem7/inspva,39.663,-75.756,-1.801387455,0.000776449,0.000121275,-0.000581974,0.000513985,0.000121275,,0,
1786043768269030073,1786043768.265767817,/novatel/oem7/odom,/novatel/oem7/fix,/novatel/oem7/odom,39.663,-75.756,-1.801387455,0.000776386,0.000121683,0.000484324,-0.000606799,0.000121683,,,
1786043768276072483,1786043768.274833991,/novatel/oem7/odom,/novatel/oem7/fix,/novatel/oem7/odom,39.663,-75.756,-1.801387455,0.000776386,0.000121683,0.000484324,-0.000606799,0.000121683,,,
1786043768287375274,1786043768.286547312,/novatel/oem7/inspva,/novatel/oem7/inspva,/novatel/oem7/inspva,39.663,-75.756,-1.801381663,0.000760776,-0.000183600,-0.000626795,0.000431170,-0.000183600,,novatel_oem7_msgs.msg.InertialSolutionStatus(status=3),
1786043768289163685,1786043768.286831121,/novatel/oem7/fix,/novatel/oem7/fix,/novatel/oem7/inspva,39.663,-75.756,-1.801381663,0.000760776,-0.000183600,-0.000626795,0.000431170,-0.000183600,,0,
1786043768290603872,1786043768.287186932,/novatel/oem7/odom,/novatel/oem7/fix,/novatel/oem7/odom,39.663,-75.756,-1.801381663,0.000760770,-0.000183624,0.000400593,-0.000646758,-0.000183624,,,
1786043768295663720,1786043768.294963143,/novatel/oem7/odom,/novatel/oem7/fix,/novatel/oem7/odom,39.663,-75.756,-1.801381663,0.000760770,-0.000183624,0.000400593,-0.000646758,-0.000183624,,,
1786043768306694364,1786043768.305890459,/novatel/oem7/inspva,/novatel/oem7/inspva,/novatel/oem7/inspva,39.663,-75.756,-1.801368429,0.000942087,-0.000201515,-0.000797551,0.000501439,-0.000201515,,novatel_oem7_msgs.msg.InertialSolutionStatus(status=3),
1786043768308349064,1786043768.306132548,/novatel/oem7/fix,/novatel/oem7/fix,/novatel/oem7/inspva,39.663,-75.756,-1.801368429,0.000942087,-0.000201515,-0.000797551,0.000501439,-0.000201515,,0,
1786043768309555576,1786043768.306693064,/novatel/oem7/odom,/novatel/oem7/fix,/novatel/oem7/odom,39.663,-75.756,-1.801368429,0.000942043,-0.000201722,0.000462474,-0.000820709,-0.000201722,,,
1786043768311086435,1786043768.309403431,/novatel/oem7/bestpos,/novatel/oem7/bestpos,/novatel/oem7/odom,39.663,-75.756,33.181028058,0.000942043,-0.000201722,0.000462474,-0.000820709,-0.000201722,,novatel_oem7_msgs.msg.SolutionStatus(status=0),novatel_oem7_msgs.msg.PositionOrVelocityType(type=53)
1786043768312037901,1786043768.310107505,/novatel/oem7/bestvel,/novatel/oem7/bestpos,/novatel/oem7/bestvel,39.663,-75.756,33.181028058,0.001160499,-0.000325628,,,,136.709341238,novatel_oem7_msgs.msg.SolutionStatus(status=0),novatel_oem7_msgs.msg.PositionOrVelocityType(type=53)
1786043768316036784,1786043768.315342894,/novatel/oem7/odom,/novatel/oem7/bestpos,/novatel/oem7/odom,39.663,-75.756,33.181028058,0.000942043,-0.000201722,0.000462474,-0.000820709,-0.000201722,,,
1786043768326049982,1786043768.325113645,/novatel/oem7/inspva,/novatel/oem7/inspva,/novatel/oem7/inspva,39.663,-75.756,-1.801351079,0.000845176,0.000704986,-0.000734863,0.000417492,0.000704986,,novatel_oem7_msgs.msg.InertialSolutionStatus(status=3),
1786043768327888996,1786043768.325390038,/novatel/oem7/fix,/novatel/oem7/fix,/novatel/oem7/inspva,39.663,-75.756,-1.801351079,0.000845176,0.000704986,-0.000734863,0.000417492,0.000704986,,0,
1786043768328991451,1786043768.325967352,/novatel/oem7/odom,/novatel/oem7/fix,/novatel/oem7/odom,39.663,-75.756,-1.801351079,0.000845485,0.000704616,0.000378157,-0.000756203,0.000704616,,,
1786043768335518653,1786043768.334804106,/novatel/oem7/odom,/novatel/oem7/fix,/novatel/oem7/odom,39.663,-75.756,-1.801351079,0.000845485,0.000704616,0.000378157,-0.000756203,0.000704616,,,
1786043768346671662,1786043768.345957725,/novatel/oem7/inspva,/novatel/oem7/inspva,/novatel/oem7/inspva,39.663,-75.756,-1.801341218,0.000743251,0.000206662,-0.000606045,0.000430269,0.000206662,,novatel_oem7_msgs.msg.InertialSolutionStatus(status=3),
1786043768348172707,1786043768.346194250,/novatel/oem7/fix,/novatel/oem7/fix,/novatel/oem7/inspva,39.663,-75.756,-1.801341218,0.000743251,0.000206662,-0.000606045,0.000430269,0.000206662,,0,
1786043768349305135,1786043768.346615634,/novatel/oem7/odom,/novatel/oem7/fix,/novatel/oem7/odom,39.663,-75.756,-1.801341218,0.000743243,0.000206691,0.000399189,-0.000626944,0.000206691,,,
1786043768356474970,1786043768.355734636,/novatel/oem7/odom,/novatel/oem7/fix,/novatel/oem7/odom,39.663,-75.756,-1.801341218,0.000743243,0.000206691,0.000399189,-0.000626944,0.000206691,,,
1786043768366300286,1786043768.365306759,/novatel/oem7/inspva,/novatel/oem7/inspva,/novatel/oem7/inspva,39.663,-75.756,-1.801330624,0.000712611,0.000104475,-0.000703755,0.000111997,0.000104475,,novatel_oem7_msgs.msg.InertialSolutionStatus(status=3),
1786043768368400957,1786043768.365632595,/novatel/oem7/fix,/novatel/oem7/fix,/novatel/oem7/inspva,39.663,-75.756,-1.801330624,0.000712611,0.000104475,-0.000703755,0.000111997,0.000104475,,0,
1786043768369935478,1786043768.366291436,/novatel/oem7/odom,/novatel/oem7/fix,/novatel/oem7/odom,39.663,-75.756,-1.801330624,0.000712820,0.000103035,0.000076905,-0.000708660,0.000103035,,,
1786043768376559602,1786043768.375504371,/novatel/oem7/odom,/novatel/oem7/fix,/novatel/oem7/odom,39.663,-75.756,-1.801330624,0.000712820,0.000103035,0.000076905,-0.000708660,0.000103035,,,
1786043768385724000,1786043768.384999983,/novatel/oem7/inspva,/novatel/oem7/inspva,/novatel/oem7/inspva,39.663,-75.756,-1.801318354,0.000897639,0.000038837,-0.000681375,0.000584366,0.000038837,,novatel_oem7_msgs.msg.InertialSolutionStatus(status=3),
1786043768387086921,1786043768.385242779,/novatel/oem7/fix,/novatel/oem7/fix,/novatel/oem7/inspva,39.663,-75.756,-1.801318354,0.000897639,0.000038837,-0.000681375,0.000584366,0.000038837,,0,
1786043768388240496,1786043768.385582269,/novatel/oem7/odom,/novatel/oem7/fix,/novatel/oem7/odom,39.663,-75.756,-1.801318354,0.000897621,0.000039249,0.000550053,-0.000709341,0.000039249,,,
1786043768395888983,1786043768.394581356,/novatel/oem7/odom,/novatel/oem7/fix,/novatel/oem7/odom,39.663,-75.756,-1.801318354,0.000897621,0.000039249,0.000550053,-0.000709341,0.000039249,,,
1786043768406963804,1786043768.406203652,/novatel/oem7/inspva,/novatel/oem7/inspva,/novatel/oem7/inspva,39.663,-75.756,-1.801309505,0.001053224,0.000124241,-0.001051182,0.000065554,0.000124241,,novatel_oem7_msgs.msg.InertialSolutionStatus(status=3),
1786043768408585643,1786043768.406453675,/novatel/oem7/fix,/novatel/oem7/fix,/novatel/oem7/inspva,39.663,-75.756,-1.801309505,0.001053224,0.000124241,-0.001051182,0.000065554,0.000124241,,0,
1786043768409718754,1786043768.407037448,/novatel/oem7/odom,/novatel/oem7/fix,/novatel/oem7/odom,39.663,-75.756,-1.801309505,0.001053521,0.000121690,0.000013379,-0.001053436,0.000121690,,,
1786043768411238243,1786043768.410141162,/novatel/oem7/bestpos,/novatel/oem7/bestpos,/novatel/oem7/odom,39.663,-75.756,33.181073466,0.001053521,0.000121690,0.000013379,-0.001053436,0.000121690,,novatel_oem7_msgs.msg.SolutionStatus(status=0),novatel_oem7_msgs.msg.PositionOrVelocityType(type=53)
1786043768412182406,1786043768.410565366,/novatel/oem7/bestvel,/novatel/oem7/bestpos,/novatel/oem7/bestvel,39.663,-75.756,33.181073466,0.000909037,0.000190259,,,,197.206768677,novatel_oem7_msgs.msg.SolutionStatus(status=0),novatel_oem7_msgs.msg.PositionOrVelocityType(type=53)
1786043768415681384,1786043768.415026451,/novatel/oem7/odom,/novatel/oem7/bestpos,/novatel/oem7/odom,39.663,-75.756,33.181073466,0.001053521,0.000121690,0.000013379,-0.001053436,0.000121690,,,
1786043768425557100,1786043768.424924340,/novatel/oem7/inspva,/novatel/oem7/inspva,/novatel/oem7/inspva,39.663,-75.756,-1.801298769,0.000934472,-0.000106912,-0.000770706,0.000528442,-0.000106912,,novatel_oem7_msgs.msg.InertialSolutionStatus(status=3),
1786043768426322693,1786043768.425184550,/novatel/oem7/fix,/novatel/oem7/fix,/novatel/oem7/inspva,39.663,-75.756,-1.801298769,0.000934472,-0.000106912,-0.000770706,0.000528442,-0.000106912,,0,
1786043768426854900,1786043768.425778673,/novatel/oem7/odom,/novatel/oem7/fix,/novatel/oem7/odom,39.663,-75.756,-1.801298769,0.000934467,-0.000106960,0.000490385,-0.000795456,-0.000106960,,,
1786043768435886019,1786043768.435461580,/novatel/oem7/odom,/novatel/oem7/fix,/novatel/oem7/odom,39.663,-75.756,-1.801298769,0.000934467,-0.000106960,0.000490385,-0.000795456,-0.000106960,,,
1786043768445617983,1786043768.445089429,/novatel/oem7/inspva,/novatel/oem7/inspva,/novatel/oem7/inspva,39.663,-75.756,-1.801288341,0.000716651,0.000186674,-0.000692664,0.000183861,0.000186674,,novatel_oem7_msgs.msg.InertialSolutionStatus(status=3),
1786043768446365593,1786043768.445294088,/novatel/oem7/fix,/novatel/oem7/fix,/novatel/oem7/inspva,39.663,-75.756,-1.801288341,0.000716651,0.000186674,-0.000692664,0.000183861,0.000186674,,0,
1786043768446918721,1786043768.445871774,/novatel/oem7/odom,/novatel/oem7/fix,/novatel/oem7/odom,39.663,-75.756,-1.801288341,0.000716949,0.000185525,0.000148892,-0.000701318,0.000185525,,,
1786043768456806030,1786043768.456309272,/novatel/oem7/odom,/novatel/oem7/fix,/novatel/oem7/odom,39.663,-75.756,-1.801288341,0.000716949,0.000185525,0.000148892,-0.000701318,0.000185525,,,
1786043768466609795,1786043768.466093490,/novatel/oem7/inspva,/novatel/oem7/inspva,/novatel/oem7/inspva,39.663,-75.756,-1.801274800,0.000572503,0.000265406,-0.000441806,0.000364097,0.000265406,,novatel_oem7_msgs.msg.InertialSolutionStatus(status=3),
1786043768467620430,1786043768.466359410,/novatel/oem7/fix,/novatel/oem7/fix,/novatel/oem7/inspva,39.663,-75.756,-1.801274800,0.000572503,0.000265406,-0.000441806,0.000364097,0.000265406,,0,
1786043768468338991,1786043768.466829864,/novatel/oem7/odom,/novatel/oem7/fix,/novatel/oem7/odom,39.663,-75.756,-1.801274800,0.000572406,0.000265614,0.000340915,-0.000459810,0.000265614,,,
1786043768475181187,1786043768.474721110,/novatel/oem7/odom,/novatel/oem7/fix,/novatel/oem7/odom,39.663,-75.756,-1.801274800,0.000572406,0.000265614,0.000340915,-0.000459810,0.000265614,,,
1786043768485588154,1786043768.485194065,/novatel/oem7/inspva,/novatel/oem7/inspva,/novatel/oem7/inspva,39.663,-75.756,-1.801265005,0.000810514,0.000107375,-0.000782182,0.000212423,0.000107375,,novatel_oem7_msgs.msg.InertialSolutionStatus(status=3),
1786043768487013881,1786043768.485388331,/novatel/oem7/fix,/novatel/oem7/fix,/novatel/oem7/inspva,39.663,-75.756,-1.801265005,0.000810514,0.000107375,-0.000782182,0.000212423,0.000107375,,0,
1786043768488381997,1786043768.485786081,/novatel/oem7/odom,/novatel/oem7/fix,/novatel/oem7/odom,39.663,-75.756,-1.801265005,0.000810682,0.000106097,0.000173328,-0.000791936,0.000106097,,,
1786043768495963021,1786043768.495517672,/novatel/oem7/odom,/novatel/oem7/fix,/novatel/oem7/odom,39.663,-75.756,-1.801265005,0.000810682,0.000106097,0.000173328,-0.000791936,0.000106097,,,
1786043768506527894,1786043768.506065708,/novatel/oem7/inspva,/novatel/oem7/inspva,/novatel/oem7/inspva,39.663,-75.756,-1.801251871,0.000504004,0.000055797,-0.000352347,0.000360377,0.000055797,,novatel_oem7_msgs.msg.InertialSolutionStatus(status=3),
1786043768507375790,1786043768.506296321,/novatel/oem7/fix,/novatel/oem7/fix,/novatel/oem7/inspva,39.663,-75.756,-1.801251871,0.000504004,0.000055797,-0.000352347,0.000360377,0.000055797,,0,
1786043768507940437,1786043768.506895770,/novatel/oem7/odom,/novatel/oem7/fix,/novatel/oem7/odom,39.663,-75.756,-1.801251871,0.000503955,0.000056230,0.000342412,-0.000369763,0.000056230,,,
1786043768512614147,1786043768.512200853,/novatel/oem7/bestpos,/novatel/oem7/bestpos,/novatel/oem7/odom,39.663,-75.756,33.181129186,0.000503955,0.000056230,0.000342412,-0.000369763,0.000056230,,novatel_oem7_msgs.msg.SolutionStatus(status=0),novatel_oem7_msgs.msg.PositionOrVelocityType(type=53)
1786043768513337286,1786043768.512687505,/novatel/oem7/bestvel,/novatel/oem7/bestpos,/novatel/oem7/bestvel,39.663,-75.756,33.181129186,0.000310489,0.000177873,,,,167.423929465,novatel_oem7_msgs.msg.SolutionStatus(status=0),novatel_oem7_msgs.msg.PositionOrVelocityType(type=53)
1786043768514878188,1786043768.514433302,/novatel/oem7/odom,/novatel/oem7/bestpos,/novatel/oem7/odom,39.663,-75.756,33.181129186,0.000503955,0.000056230,0.000342412,-0.000369763,0.000056230,,,
1786043768527006405,1786043768.526558877,/novatel/oem7/inspva,/novatel/oem7/inspva,/novatel/oem7/inspva,39.663,-75.756,-1.801238386,0.000865402,0.000320474,-0.000819816,0.000277169,0.000320474,,novatel_oem7_msgs.msg.InertialSolutionStatus(status=3),
1786043768527811799,1786043768.526764496,/novatel/oem7/fix,/novatel/oem7/fix,/novatel/oem7/inspva,39.663,-75.756,-1.801238386,0.000865402,0.000320474,-0.000819816,0.000277169,0.000320474,,0,
1786043768528345604,1786043768.527274641,/novatel/oem7/odom,/novatel/oem7/fix,/novatel/oem7/odom,39.663,-75.756,-1.801238386,0.000865822,0.000319337,0.000235310,-0.000833233,0.000319337,,,
1786043768535119631,1786043768.534704682,/novatel/oem7/odom,/novatel/oem7/fix,/novatel/oem7/odom,39.663,-75.756,-1.801238386,0.000865822,0.000319337,0.000235310,-0.000833233,0.000319337,,,
1786043768545470512,1786043768.544897248,/novatel/oem7/inspva,/novatel/oem7/inspva,/novatel/oem7/inspva,39.663,-75.756,-1.801225140,0.000851814,0.000154212,-0.000748213,0.000407142,0.000154212,,novatel_oem7_msgs.msg.InertialSolutionStatus(status=3),
1786043768546365170,1786043768.545116130,/novatel/oem7/fix,/novatel/oem7/fix,/novatel/oem7/inspva,39.663,-75.756,-1.801225140,0.000851814,0.000154212,-0.000748213,0.000407142,0.000154212,,0,
1786043768546970416,1786043768.545767617,/novatel/oem7/odom,/novatel/oem7/fix,/novatel/oem7/odom,39.663,-75.756,-1.801225140,0.000851895,0.000153766,0.000369296,-0.000767688,0.000153766,,,
1786043768556295924,1786043768.555796084,/novatel/oem7/odom,/novatel/oem7/fix,/novatel/oem7/odom,39.663,-75.756,-1.801225140,0.000851895,0.000153766,0.000369296,-0.000767688,0.000153766,,,
1786043768565842476,1786043768.565309806,/novatel/oem7/inspva,/novatel/oem7/inspva,/novatel/oem7/inspva,39.663,-75.756,-1.801214003,0.000619080,0.000143805,-0.000616519,0.000056259,0.000143805,,novatel_oem7_msgs.msg.InertialSolutionStatus(status=3),
1786043768566967301,1786043768.565592436,/novatel/oem7/fix,/novatel/oem7/fix,/novatel/oem7/inspva,39.663,-75.756,-1.801214003,0.000619080,0.000143805,-0.000616519,0.000056259,0.000143805,,0,
1786043768567766287,1786043768.566057447,/novatel/oem7/odom,/novatel/oem7/fix,/novatel/oem7/odom,39.663,-75.756,-1.801214003,0.000619411,0.000142373,0.000025350,-0.000618892,0.000142373,,,
1786043768575801278,1786043768.575211788,/novatel/oem7/odom,/novatel/oem7/fix,/novatel/oem7/odom,39.663,-75.756,-1.801214003,0.000619411,0.000142373,0.000025350,-0.000618892,0.000142373,,,
1786043768586971838,1786043768.586298230,/novatel/oem7/inspva,/novatel/oem7/inspva,/novatel/oem7/inspva,39.663,-75.756,-1.801201139,0.000660846,-0.000012386,-0.000642067,0.000156420,-0.000012386,,novatel_oem7_msgs.msg.InertialSolutionStatus(status=3),
1786043768588150118,1786043768.586568892,/novatel/oem7/fix,/novatel/oem7/fix,/novatel/oem7/inspva,39.663,-75.756,-1.801201139,0.000660846,-0.000012386,-0.000642067,0.000156420,-0.000012386,,0,
1786043768588837046,1786043768.587062841,/novatel/oem7/odom,/novatel/oem7/fix,/novatel/oem7/odom,39.663,-75.756,-1.801201139,0.000660824,-0.000013494,0.000124741,-0.000648944,-0.000013494,,,
1786043768594997481,1786043768.594522732,/novatel/oem7/odom,/novatel/oem7/fix,/novatel/oem7/odom,39.663,-75.756,-1.801201139,0.000660824,-0.000013494,0.000124741,-0.000648944,-0.000013494,,,
1786043768607044724,1786043768.606395141,/novatel/oem7/inspva,/novatel/oem7/inspva,/novatel/oem7/inspva,39.663,-75.756,-1.801192989,0.000895106,-0.000061401,-0.000844499,0.000296710,-0.000061401,,novatel_oem7_msgs.msg.InertialSolutionStatus(status=3),
1786043768608000860,1786043768.606642274,/novatel/oem7/fix,/novatel/oem7/fix,/novatel/oem7/inspva,39.663,-75.756,-1.801192989,0.000895106,-0.000061401,-0.000844499,0.000296710,-0.000061401,,0,
1786043768608562338,1786043768.607253060,/novatel/oem7/odom,/novatel/oem7/fix,/novatel/oem7/odom,39.663,-75.756,-1.801192989,0.000895029,-0.000062511,0.000255116,-0.000857901,-0.000062511,,,
1786043768610598435,1786043768.610216033,/novatel/oem7/bestpos,/novatel/oem7/bestpos,/novatel/oem7/odom,39.663,-75.756,33.181191942,0.000895029,-0.000062511,0.000255116,-0.000857901,-0.000062511,,novatel_oem7_msgs.msg.SolutionStatus(status=0),novatel_oem7_msgs.msg.PositionOrVelocityType(type=53)
1786043768611257596,1786043768.610766192,/novatel/oem7/bestvel,/novatel/oem7/bestpos,/novatel/oem7/bestvel,39.663,-75.756,33.181191942,0.001005241,-0.000046105,,,,158.458450760,novatel_oem7_msgs.msg.SolutionStatus(status=0),novatel_oem7_msgs.msg.PositionOrVelocityType(type=53)
1786043768615925767,1786043768.615524820,/novatel/oem7/odom,/novatel/oem7/bestpos,/novatel/oem7/odom,39.663,-75.756,33.181191942,0.000895029,-0.000062511,0.000255116,-0.000857901,-0.000062511,,,
1786043768625810160,1786043768.625110675,/novatel/oem7/inspva,/novatel/oem7/inspva,/novatel/oem7/inspva,39.663,-75.756,-1.801184112,0.001062650,-0.000081957,-0.000951085,0.000473987,-0.000081957,,novatel_oem7_msgs.msg.InertialSolutionStatus(status=3),
1786043768627446466,1786043768.625252646,/novatel/oem7/fix,/novatel/oem7/fix,/novatel/oem7/inspva,39.663,-75.756,-1.801184112,0.001062650,-0.000081957,-0.000951085,0.000473987,-0.000081957,,0,
1786043768628930757,1786043768.625668989,/novatel/oem7/odom,/novatel/oem7/fix,/novatel/oem7/odom,39.663,-75.756,-1.801184112,0.001062595,-0.000082672,0.000427020,-0.000973017,-0.000082672,,,
1786043768635383999,1786043768.634563488,/novatel/oem7/odom,/novatel/oem7/fix,/novatel/oem7/odom,39.663,-75.756,-1.801184112,0.001062595,-0.000082672,0.000427020,-0.000973017,-0.000082672,,,
1786043768647284992,1786043768.646711683,/novatel/oem7/inspva,/novatel/oem7/inspva,/novatel/oem7/inspva,39.663,-75.756,-1.801179885,0.001146588,-0.000274944,-0.001104680,0.000307160,-0.000274944,,novatel_oem7_msgs.msg.InertialSolutionStatus(status=3),
1786043768648677126,1786043768.646929065,/novatel/oem7/fix,/novatel/oem7/fix,/novatel/oem7/inspva,39.663,-75.756,-1.801179885,0.001146588,-0.000274944,-0.001104680,0.000307160,-0.000274944,,0,
1786043768649790844,1786043768.647607292,/novatel/oem7/odom,/novatel/oem7/fix,/novatel/oem7/odom,39.663,-75.756,-1.801179885,0.001146167,-0.000276696,0.000253604,-0.001117758,-0.000276696,,,
1786043768657128154,1786043768.656202461,/novatel/oem7/odom,/novatel/oem7/fix,/novatel/oem7/odom,39.663,-75.756,-1.801179885,0.001146167,-0.000276696,0.000253604,-0.001117758,-0.000276696,,,
1786043768666053130,1786043768.665141622,/novatel/oem7/inspva,/novatel/oem7/inspva,/novatel/oem7/inspva,39.663,-75.756,-1.801167306,0.001235862,0.000031278,-0.001193449,0.000320990,0.000031278,,novatel_oem7_msgs.msg.InertialSolutionStatus(status=3),
1786043768668185938,1786043768.665325470,/novatel/oem7/fix,/novatel/oem7/fix,/novatel/oem7/inspva,39.663,-75.756,-1.801167306,0.001235862,0.000031278,-0.001193449,0.000320990,0.000031278,,0,
1786043768669694527,1786043768.665779374,/novatel/oem7/odom,/novatel/oem7/fix,/novatel/oem7/odom,39.663,-75.756,-1.801167306,0.001235910,0.000029333,0.000261861,-0.001207850,0.000029333,,,
1786043768676518029,1786043768.675603663,/novatel/oem7/odom,/novatel/oem7/fix,/novatel/oem7/odom,39.663,-75.756,-1.801167306,0.001235910,0.000029333,0.000261861,-0.001207850,0.000029333,,,
1786043768685955373,1786043768.685405639,/novatel/oem7/inspva,/novatel/oem7/inspva,/novatel/oem7/inspva,39.663,-75.756,-1.801157080,0.000821153,0.000167026,-0.000804267,0.000165670,0.000167026,,novatel_oem7_msgs.msg.InertialSolutionStatus(status=3),
1786043768687410258,1786043768.685518338,/novatel/oem7/fix,/novatel/oem7/fix,/novatel/oem7/inspva,39.663,-75.756,-1.801157080,0.000821153,0.000167026,-0.000804267,0.000165670,0.000167026,,0,
1786043768688581843,1786043768.686280423,/novatel/oem7/odom,/novatel/oem7/fix,/novatel/oem7/odom,39.663,-75.756,-1.801157080,0.000821456,0.000165527,0.000125311,-0.000811842,0.000165527,,,
1786043768695808782,1786043768.694803045,/novatel/oem7/odom,/novatel/oem7/fix,/novatel/oem7/odom,39.663,-75.756,-1.801157080,0.000821456,0.000165527,0.000125311,-0.000811842,0.000165527,,,
1786043768706885410,1786043768.705992506,/novatel/oem7/inspva,/novatel/oem7/inspva,/novatel/oem7/inspva,39.663,-75.756,-1.801141700,0.000892715,0.000252763,-0.000875360,0.000175167,0.000252763,,novatel_oem7_msgs.msg.InertialSolutionStatus(status=3),
1786043768708566947,1786043768.706170170,/novatel/oem7/fix,/novatel/oem7/fix,/novatel/oem7/inspva,39.663,-75.756,-1.801141700,0.000892715,0.000252763,-0.000875360,0.000175167,0.000252763,,0,
1786043768710029691,1786043768.706741215,/novatel/oem7/odom,/novatel/oem7/fix,/novatel/oem7/odom,39.663,-75.756,-1.801141700,0.000893181,0.000251112,0.000130970,-0.000883526,0.000251112,,,
1786043768712071456,1786043768.709350976,/novatel/oem7/bestpos,/novatel/oem7/bestpos,/novatel/oem7/odom,39.663,-75.756,33.181245804,0.000893181,0.000251112,0.000130970,-0.000883526,0.000251112,,novatel_oem7_msgs.msg.SolutionStatus(status=0),novatel_oem7_msgs.msg.PositionOrVelocityType(type=53)
1786043768713343158,1786043768.710054607,/novatel/oem7/bestvel,/novatel/oem7/bestpos,/novatel/oem7/bestvel,39.663,-75.756,33.181245804,0.001160979,0.000211611,,,,156.294124803,novatel_oem7_msgs.msg.SolutionStatus(status=0),novatel_oem7_msgs.msg.PositionOrVelocityType(type=53)
1786043768715699725,1786043768.714554494,/novatel/oem7/odom,/novatel/oem7/bestpos,/novatel/oem7/odom,39.663,-75.756,33.181245804,0.000893181,0.000251112,0.000130970,-0.000883526,0.000251112,,,
1786043768726417950,1786043768.725369272,/novatel/oem7/inspva,/novatel/oem7/inspva,/novatel/oem7/inspva,39.663,-75.756,-1.801128995,0.000863906,0.000164641,-0.000581242,0.000639134,0.000164641,,novatel_oem7_msgs.msg.InertialSolutionStatus(status=3),
1786043768728641125,1786043768.725735929,/novatel/oem7/fix,/novatel/oem7/fix,/novatel/oem7/inspva,39.663,-75.756,-1.801128995,0.000863906,0.000164641,-0.000581242,0.000639134,0.000164641,,0,
1786043768729788550,1786043768.726362292,/novatel/oem7/odom,/novatel/oem7/fix,/novatel/oem7/odom,39.663,-75.756,-1.801128995,0.000863734,0.000165544,0.000609163,-0.000612337,0.000165544,,,
1786043768736140140,1786043768.735468677,/novatel/oem7/odom,/novatel/oem7/fix,/novatel/oem7/odom,39.663,-75.756,-1.801128995,0.000863734,0.000165544,0.000609163,-0.000612337,0.000165544,,,
1786043768745731933,1786043768.745000156,/novatel/oem7/inspva,/novatel/oem7/inspva,/novatel/oem7/inspva,39.663,-75.756,-1.801110451,0.000861007,0.000470127,-0.000787113,0.000348980,0.000470127,,novatel_oem7_msgs.msg.InertialSolutionStatus(status=3),
1786043768747243245,1786043768.745247135,/novatel/oem7/fix,/novatel/oem7/fix,/novatel/oem7/inspva,39.663,-75.756,-1.801110451,0.000861007,0.000470127,-0.000787113,0.000348980,0.000470127,,0,
1786043768748353016,1786043768.745697136,/novatel/oem7/odom,/novatel/oem7/fix,/novatel/oem7/odom,39.663,-75.756,-1.801110451,0.000861418,0.000469375,0.000308041,-0.000804457,0.000469375,,,
1786043768756653049,1786043768.755717420,/novatel/oem7/odom,/novatel/oem7/fix,/novatel/oem7/odom,39.663,-75.756,-1.801110451,0.000861418,0.000469375,0.000308041,-0.000804457,0.000469375,,,
1786043768767404921,1786043768.766614839,/novatel/oem7/inspva,/novatel/oem7/inspva,/novatel/oem7/inspva,39.663,-75.756,-1.801101585,0.000929524,0.000007153,-0.000776796,0.000510492,0.000007153,,novatel_oem7_msgs.msg.InertialSolutionStatus(status=3),
1786043768769276936,1786043768.766938739,/novatel/oem7/fix,/novatel/oem7/fix,/novatel/oem7/inspva,39.663,-75.756,-1.801101585,0.000929524,0.000007153,-0.000776796,0.000510492,0.000007153,,0,
1786043768770745961,1786043768.767396713,/novatel/oem7/odom,/novatel/oem7/fix,/novatel/oem7/odom,39.663,-75.756,-1.801101585,0.000929524,0.000007052,0.000471694,-0.000800950,0.000007052,,,
1786043768775694870,1786043768.774794228,/novatel/oem7/odom,/novatel/oem7/fix,/novatel/oem7/odom,39.663,-75.756,-1.801101585,0.000929524,0.000007052,0.000471694,-0.000800950,0.000007052,,,
1786043768785905926,1786043768.784980577,/novatel/oem7/inspva,/novatel/oem7/inspva,/novatel/oem7/inspva,39.663,-75.756,-1.801086756,0.000936225,-0.000016258,-0.000881914,0.000314236,-0.000016258,,novatel_oem7_msgs.msg.InertialSolutionStatus(status=3),
1786043768787772725,1786043768.785201273,/novatel/oem7/fix,/novatel/oem7/fix,/novatel/oem7/inspva,39.663,-75.756,-1.801086756,0.000936225,-0.000016258,-0.000881914,0.000314236,-0.000016258,,0,
1786043768789170699,1786043768.785589095,/novatel/oem7/odom,/novatel/oem7/fix,/novatel/oem7/odom,39.663,-75.756,-1.801086756,0.000936204,-0.000017382,0.000270596,-0.000896246,-0.000017382,,,
1786043768796331157,1786043768.795446255,/novatel/oem7/odom,/novatel/oem7/fix,/novatel/oem7/odom,39.663,-75.756,-1.801086756,0.000936204,-0.000017382,0.000270596,-0.000896246,-0.000017382,,,
1786043768806957598,1786043768.806298177,/novatel/oem7/inspva,/novatel/oem7/inspva,/novatel/oem7/inspva,39.663,-75.756,-1.801076078,0.000524641,0.000156902,-0.000334349,0.000404301,0.000156902,,novatel_oem7_msgs.msg.InertialSolutionStatus(status=3),
1786043768808588104,1786043768.806452518,/novatel/oem7/fix,/novatel/oem7/fix,/novatel/oem7/inspva,39.663,-75.756,-1.801076078,0.000524641,0.000156902,-0.000334349,0.000404301,0.000156902,,0,
1786043768809854047,1786043768.807100819,/novatel/oem7/odom,/novatel/oem7/fix,/novatel/oem7/odom,39.663,-75.756,-1.801076078,0.000524442,0.000157565,0.000386767,-0.000354191,0.000157565,,,
1786043768811536967,1786043768.810432253,/novatel/oem7/bestpos,/novatel/oem7/bestpos,/novatel/oem7/odom,39.663,-75.756,33.181310359,0.000524442,0.000157565,0.000386767,-0.000354191,0.000157565,,novatel_oem7_msgs.msg.SolutionStatus(status=0),novatel_oem7_msgs.msg.PositionOrVelocityType(type=53)
1786043768813003655,1786043768.810926758,/novatel/oem7/bestvel,/novatel/oem7/bestpos,/novatel/oem7/bestvel,39.663,-75.756,33.181310359,0.000696006,0.000400833,,,,156.760180693,novatel_oem7_msgs.msg.SolutionStatus(status=0),novatel_oem7_msgs.msg.PositionOrVelocityType(type=53)
1786043768815786186,1786043768.814959684,/novatel/oem7/odom,/novatel/oem7/bestpos,/novatel/oem7/odom,39.663,-75.756,33.181310359,0.000524442,0.000157565,0.000386767,-0.000354191,0.000157565,,,
1786043768826984592,1786043768.826005355,/novatel/oem7/inspva,/novatel/oem7/inspva,/novatel/oem7/inspva,39.663,-75.756,-1.801063505,0.000794609,0.000204922,-0.000745370,0.000275366,0.000204922,,novatel_oem7_msgs.msg.InertialSolutionStatus(status=3),
1786043768829012592,1786043768.826224387,/novatel/oem7/fix,/novatel/oem7/fix,/novatel/oem7/inspva,39.663,-75.756,-1.801063505,0.000794609,0.000204922,-0.000745370,0.000275366,0.000204922,,0,
1786043768830383563,1786043768.826859337,/novatel/oem7/odom,/novatel/oem7/fix,/novatel/oem7/odom,39.663,-75.756,-1.801063505,0.000794846,0.000203999,0.000237607,-0.000758501,0.000203999,,,
1786043768835330009,1786043768.834518494,/novatel/oem7/odom,/novatel/oem7/fix,/novatel/oem7/odom,39.663,-75.756,-1.801063505,0.000794846,0.000203999,0.000237607,-0.000758501,0.000203999,,,
1786043768845799111,1786043768.845209808,/novatel/oem7/inspva,/novatel/oem7/inspva,/novatel/oem7/inspva,39.663,-75.756,-1.801052706,0.000657101,0.000308509,-0.000390286,0.000528638,0.000308509,,novatel_oem7_msgs.msg.InertialSolutionStatus(status=3),
1786043768847235185,1786043768.845316565,/novatel/oem7/fix,/novatel/oem7/fix,/novatel/oem7/inspva,39.663,-75.756,-1.801052706,0.000657101,0.000308509,-0.000390286,0.000528638,0.000308509,,0,
1786043768848365216,1786043768.845973349,/novatel/oem7/odom,/novatel/oem7/fix,/novatel/oem7/odom,39.663,-75.756,-1.801052706,0.000656635,0.000309500,0.000507603,-0.000416544,0.000309500,,,
1786043768857523178,1786043768.856435567,/novatel/oem7/odom,/novatel/oem7/fix,/novatel/oem7/odom,39.663,-75.756,-1.801052706,0.000656635,0.000309500,0.000507603,-0.000416544,0.000309500,,,
1786043768865928750,1786043768.865138813,/novatel/oem7/inspva,/novatel/oem7/inspva,/novatel/oem7/inspva,39.663,-75.756,-1.801037940,0.000898757,0.000305468,-0.000858640,0.000265523,0.000305468,,novatel_oem7_msgs.msg.InertialSolutionStatus(status=3),
1786043768867644063,1786043768.865299427,/novatel/oem7/fix,/novatel/oem7/fix,/novatel/oem7/inspva,39.663,-75.756,-1.801037940,0.000898757,0.000305468,-0.000858640,0.000265523,0.000305468,,0,
1786043768869071404,1786043768.865886855,/novatel/oem7/odom,/novatel/oem7/fix,/novatel/oem7/odom,39.663,-75.756,-1.801037940,0.000899186,0.000304204,0.000221810,-0.000871399,0.000304204,,,
1786043768875314890,1786043768.874462365,/novatel/oem7/odom,/novatel/oem7/fix,/novatel/oem7/odom,39.663,-75.756,-1.801037940,0.000899186,0.000304204,0.000221810,-0.000871399,0.000304204,,,
1786043768887410981,1786043768.886563858,/novatel/oem7/inspva,/novatel/oem7/inspva,/novatel/oem7/inspva,39.663,-75.756,-1.801022695,0.000715226,0.000669950,-0.000565894,0.000437392,0.000669950,,novatel_oem7_msgs.msg.InertialSolutionStatus(status=3),
1786043768889538630,1786043768.886754520,/novatel/oem7/fix,/novatel/oem7/fix,/novatel/oem7/inspva,39.663,-75.756,-1.801022695,0.000715226,0.000669950,-0.000565894,0.000437392,0.000669950,,0,
1786043768890703274,1786043768.887388455,/novatel/oem7/odom,/novatel/oem7/fix,/novatel/oem7/odom,39.663,-75.756,-1.801022695,0.000715067,0.000670119,0.000406415,-0.000588344,0.000670119,,,
1786043768895858286,1786043768.895059245,/novatel/oem7/odom,/novatel/oem7/fix,/novatel/oem7/odom,39.663,-75.756,-1.801022695,0.000715067,0.000670119,0.000406415,-0.000588344,0.000670119,,,
1786043768906594904,1786043768.905884351,/novatel/oem7/inspva,/novatel/oem7/inspva,/novatel/oem7/inspva,39.663,-75.756,-1.801009167,0.001217933,0.000296671,-0.001096541,0.000530056,0.000296671,,novatel_oem7_msgs.msg.InertialSolutionStatus(status=3),
1786043768908252897,1786043768.906146726,/novatel/oem7/fix,/novatel/oem7/fix,/novatel/oem7/inspva,39.663,-75.756,-1.801009167,0.001217933,0.000296671,-0.001096541,0.000530056,0.000296671,,0,
1786043768909651221,1786043768.906583514,/novatel/oem7/odom,/novatel/oem7/fix,/novatel/oem7/odom,39.663,-75.756,-1.801009167,0.001218146,0.000295795,0.000474357,-0.001121992,0.000295795,,,
1786043768911334268,1786043768.909583891,/novatel/oem7/bestpos,/novatel/oem7/bestpos,/novatel/oem7/odom,39.663,-75.756,33.181370008,0.001218146,0.000295795,0.000474357,-0.001121992,0.000295795,,novatel_oem7_msgs.msg.SolutionStatus(status=0),novatel_oem7_msgs.msg.PositionOrVelocityType(type=53)
1786043768912271055,1786043768.910199667,/novatel/oem7/bestvel,/novatel/oem7/bestpos,/novatel/oem7/bestvel,39.663,-75.756,33.181370008,0.001426798,0.000132463,,,,141.946667246,novatel_oem7_msgs.msg.SolutionStatus(status=0),novatel_oem7_msgs.msg.PositionOrVelocityType(type=53)
1786043768916351389,1786043768.915554123,/novatel/oem7/odom,/novatel/oem7/bestpos,/novatel/oem7/odom,39.663,-75.756,33.181370008,0.001218146,0.000295795,0.000474357,-0.001121992,0.000295795,,,
1786043768926268338,1786043768.925363359,/novatel/oem7/inspva,/novatel/oem7/inspva,/novatel/oem7/inspva,39.663,-75.756,-1.800991773,0.000765214,0.000612802,-0.000738274,0.000201258,0.000612802,,novatel_oem7_msgs.msg.InertialSolutionStatus(status=3),
1786043768928166950,1786043768.925709209,/novatel/oem7/fix,/novatel/oem7/fix,/novatel/oem7/inspva,39.663,-75.756,-1.800991773,0.000765214,0.000612802,-0.000738274,0.000201258,0.000612802,,0,
1786043768929592948,1786043768.926233295,/novatel/oem7/odom,/novatel/oem7/fix,/novatel/oem7/odom,39.663,-75.756,-1.800991773,0.000766165,0.000611614,0.000162318,-0.000748773,0.000611614,,,
1786043768935752133,1786043768.934896552,/novatel/oem7/odom,/novatel/oem7/fix,/novatel/oem7/odom,39.663,-75.756,-1.800991773,0.000766165,0.000611614,0.000162318,-0.000748773,0.000611614,,,
1786043768946838578,1786043768.946035800,/novatel/oem7/inspva,/novatel/oem7/inspva,/novatel/oem7/inspva,39.663,-75.756,-1.800975067,0.001003494,0.000477907,-0.000958085,0.000298452,0.000477907,,novatel_oem7_msgs.msg.InertialSolutionStatus(status=3),
1786043768948477938,1786043768.946273099,/novatel/oem7/fix,/novatel/oem7/fix,/novatel/oem7/inspva,39.663,-75.756,-1.800975067,0.001003494,0.000477907,-0.000958085,0.000298452,0.000477907,,0,
1786043768949602149,1786043768.946634853,/novatel/oem7/odom,/novatel/oem7/fix,/novatel/oem7/odom,39.663,-75.756,-1.800975067,0.001004161,0.000476506,0.000249117,-0.000972769,0.000476506,,,
1786043768957794548,1786043768.956683727,/novatel/oem7/odom,/novatel/oem7/fix,/novatel/oem7/odom,39.663,-75.756,-1.800975067,0.001004161,0.000476506,0.000249117,-0.000972769,0.000476506,,,
1786043768966058667,1786043768.965195479,/novatel/oem7/inspva,/novatel/oem7/inspva,/novatel/oem7/inspva,39.663,-75.756,-1.800959274,0.001220694,0.000735197,-0.001060873,0.000603856,0.000735197,,novatel_oem7_msgs.msg.InertialSolutionStatus(status=3),
1786043768967862819,1786043768.965488699,/novatel/oem7/fix,/novatel/oem7/fix,/novatel/oem7/inspva,39.663,-75.756,-1.800959274,0.001220694,0.000735197,-0.001060873,0.000603856,0.000735197,,0,
1786043768969308853,1786043768.966163962,/novatel/oem7/odom,/novatel/oem7/fix,/novatel/oem7/odom,39.663,-75.756,-1.800959274,0.001220993,0.000734702,0.000548054,-0.001091082,0.000734702,,,
1786043768976112292,1786043768.975445142,/novatel/oem7/odom,/novatel/oem7/fix,/novatel/oem7/odom,39.663,-75.756,-1.800959274,0.001220993,0.000734702,0.000548054,-0.001091082,0.000734702,,,
1786043768985976657,1786043768.985060811,/novatel/oem7/inspva,/novatel/oem7/inspva,/novatel/oem7/inspva,39.663,-75.756,-1.800943002,0.000872806,0.000513380,-0.000736348,0.000468597,0.000513380,,novatel_oem7_msgs.msg.InertialSolutionStatus(status=3),
1786043768987658280,1786043768.985375151,/novatel/oem7/fix,/novatel/oem7/fix,/novatel/oem7/inspva,39.663,-75.756,-1.800943002,0.000872806,0.000513380,-0.000736348,0.000468597,0.000513380,,0,
1786043768988310006,1786043768.986745308,/novatel/oem7/odom,/novatel/oem7/fix,/novatel/oem7/odom,39.663,-75.756,-1.800943002,0.001220983,0.000734718,0.000548052,-0.001091072,0.000734718,,,
1786043768994984765,1786043768.994452066,/novatel/oem7/odom,/novatel/oem7/fix,/novatel/oem7/odom,39.663,-75.756,-1.800943002,0.000872890,0.000513238,0.000429791,-0.000759747,0.000513238,,,
1786043769008838696,1786043769.008358952,/novatel/oem7/inspva,/novatel/oem7/inspva,/novatel/oem7/inspva,39.663,-75.756,-1.800927102,0.001326258,0.000641753,-0.001174685,0.000615692,0.000641753,,novatel_oem7_msgs.msg.InertialSolutionStatus(status=3),
1786043769009579082,1786043769.008571994,/novatel/oem7/fix,/novatel/oem7/fix,/novatel/oem7/inspva,39.663,-75.756,-1.800927102,0.001326258,0.000641753,-0.001174685,0.000615692,0.000641753,,0,
1786043769010356870,1786043769.009666055,/novatel/oem7/odom,/novatel/oem7/fix,/novatel/oem7/odom,39.663,-75.756,-1.800927102,0.001326618,0.000641010,0.000554656,-0.001205102,0.000641010,,,
1786043769016951774,1786043769.016066942,/novatel/oem7/odom,/novatel/oem7/fix,/novatel/oem7/odom,39.663,-75.756,-1.800927102,0.001326618,0.000641010,0.000554656,-0.001205102,0.000641010,,,
1786043769026667676,1786043769.025620765,/novatel/oem7/bestpos,/novatel/oem7/bestpos,/novatel/oem7/odom,39.663,-75.756,33.181458870,0.001326618,0.000641010,0.000554656,-0.001205102,0.000641010,,novatel_oem7_msgs.msg.SolutionStatus(status=0),novatel_oem7_msgs.msg.PositionOrVelocityType(type=53)
1786043769028802047,1786043769.026594618,/novatel/oem7/bestvel,/novatel/oem7/bestpos,/novatel/oem7/bestvel,39.663,-75.756,33.181458870,0.001180585,0.000904887,,,,174.857512461,novatel_oem7_msgs.msg.SolutionStatus(status=0),novatel_oem7_msgs.msg.PositionOrVelocityType(type=53)
1786043769030036346,1786043769.027141254,/novatel/oem7/inspva,/novatel/oem7/inspva,/novatel/oem7/inspva,39.663,-75.756,-1.800909195,0.000929423,0.000556226,-0.000761433,0.000532960,0.000556226,,novatel_oem7_msgs.msg.InertialSolutionStatus(status=3),
1786043769031125501,1786043769.027407390,/novatel/oem7/fix,/novatel/oem7/fix,/novatel/oem7/inspva,39.663,-75.756,-1.800909195,0.000929423,0.000556226,-0.000761433,0.000532960,0.000556226,,0,
1786043769032443507,1786043769.027746622,/novatel/oem7/odom,/novatel/oem7/fix,/novatel/oem7/odom,39.663,-75.756,-1.800909195,0.000929406,0.000556255,0.000492678,-0.000788076,0.000556255,,,
1786043769036303969,1786043769.035462686,/novatel/oem7/odom,/novatel/oem7/fix,/novatel/oem7/odom,39.663,-75.756,-1.800909195,0.000929406,0.000556255,0.000492678,-0.000788076,0.000556255,,,
1786043769046902852,1786043769.046020033,/novatel/oem7/inspva,/novatel/oem7/inspva,/novatel/oem7/inspva,39.663,-75.756,-1.800904298,0.000919682,0.000595802,-0.000817090,0.000422113,0.000595802,,novatel_oem7_msgs.msg.InertialSolutionStatus(status=3),
1786043769048881309,1786043769.046280746,/novatel/oem7/fix,/novatel/oem7/fix,/novatel/oem7/inspva,39.663,-75.756,-1.800904298,0.000919682,0.000595802,-0.000817090,0.000422113,0.000595802,,0,
1786043769050082854,1786043769.046682339,/novatel/oem7/odom,/novatel/oem7/fix,/novatel/oem7/odom,39.663,-75.756,-1.800904298,0.000920035,0.000595256,0.000379070,-0.000838314,0.000595256,,,
1786043769057512429,1786043769.056629446,/novatel/oem7/odom,/novatel/oem7/fix,/novatel/oem7/odom,39.663,-75.756,-1.800904298,0.000920035,0.000595256,0.000379070,-0.000838314,0.000595256,,,
1786043769067312697,1786043769.066587933,/novatel/oem7/inspva,/novatel/oem7/inspva,/novatel/oem7/inspva,39.663,-75.756,-1.800902259,0.000471816,0.000599877,-0.000304716,0.000360220,0.000599877,,novatel_oem7_msgs.msg.InertialSolutionStatus(status=3),
1786043769069094722,1786043769.066792018,/novatel/oem7/fix,/novatel/oem7/fix,/novatel/oem7/inspva,39.663,-75.756,-1.800902259,0.000471816,0.000599877,-0.000304716,0.000360220,0.000599877,,0,
1786043769070558373,1786043769.067199213,/novatel/oem7/odom,/novatel/oem7/fix,/novatel/oem7/odom,39.663,-75.756,-1.800902259,0.000471084,0.000600452,0.000342420,-0.000323525,0.000600452,,,
1786043769075508619,1786043769.074744461,/novatel/oem7/odom,/novatel/oem7/fix,/novatel/oem7/odom,39.663,-75.756,-1.800902259,0.000471084,0.000600452,0.000342420,-0.000323525,0.000600452,,,
1786043769086361588,1786043769.085448579,/novatel/oem7/inspva,/novatel/oem7/inspva,/novatel/oem7/inspva,39.663,-75.756,-1.800896694,0.000679751,0.000911654,-0.000574991,0.000362555,0.000911654,,novatel_oem7_msgs.msg.InertialSolutionStatus(status=3),
1786043769088301007,1786043769.085734629,/novatel/oem7/fix,/novatel/oem7/fix,/novatel/oem7/inspva,39.663,-75.756,-1.800896694,0.000679751,0.000911654,-0.000574991,0.000362555,0.000911654,,0,
1786043769089726129,1786043769.086341448,/novatel/oem7/odom,/novatel/oem7/fix,/novatel/oem7/odom,39.663,-75.756,-1.800896694,0.000679930,0.000911520,0.000330224,-0.000594355,0.000911520,,,
1786043769096533017,1786043769.095716298,/novatel/oem7/odom,/novatel/oem7/fix,/novatel/oem7/odom,39.663,-75.756,-1.800896694,0.000679930,0.000911520,0.000330224,-0.000594355,0.000911520,,,
1786043769106738619,1786043769.106070303,/novatel/oem7/inspva,/novatel/oem7/inspva,/novatel/oem7/inspva,39.663,-75.756,-1.800897324,0.000516625,0.000623031,-0.000156276,0.000492422,0.000623031,,novatel_oem7_msgs.msg.InertialSolutionStatus(status=3),
1786043769108241211,1786043769.106262385,/novatel/oem7/fix,/novatel/oem7/fix,/novatel/oem7/inspva,39.663,-75.756,-1.800897324,0.000516625,0.000623031,-0.000156276,0.000492422,0.000623031,,0,
1786043769109326025,1786043769.106644525,/novatel/oem7/odom,/novatel/oem7/fix,/novatel/oem7/odom,39.663,-75.756,-1.800897324,0.000514837,0.000624510,0.000481662,-0.000181820,0.000624510,,,
1786043769110975629,1786043769.109938955,/novatel/oem7/bestpos,/novatel/oem7/bestpos,/novatel/oem7/odom,39.663,-75.756,33.181471508,0.000514837,0.000624510,0.000481662,-0.000181820,0.000624510,,novatel_oem7_msgs.msg.SolutionStatus(status=0),novatel_oem7_msgs.msg.PositionOrVelocityType(type=53)
1786043769112476810,1786043769.110579951,/novatel/oem7/bestvel,/novatel/oem7/bestpos,/novatel/oem7/bestvel,39.663,-75.756,33.181471508,0.000765175,0.000513968,,,,104.317037788,novatel_oem7_msgs.msg.SolutionStatus(status=0),novatel_oem7_msgs.msg.PositionOrVelocityType(type=53)
1786043769115321619,1786043769.114545033,/novatel/oem7/odom,/novatel/oem7/bestpos,/novatel/oem7/odom,39.663,-75.756,33.181471508,0.000514837,0.000624510,0.000481662,-0.000181820,0.000624510,,,
1786043769127527575,1786043769.126778704,/novatel/oem7/inspva,/novatel/oem7/inspva,/novatel/oem7/inspva,39.663,-75.756,-1.800897131,0.000645109,0.000257797,-0.000461277,0.000450986,0.000257797,,novatel_oem7_msgs.msg.InertialSolutionStatus(status=3),
1786043769129266322,1786043769.126992036,/novatel/oem7/fix,/novatel/oem7/fix,/novatel/oem7/inspva,39.663,-75.756,-1.800897131,0.000645109,0.000257797,-0.000461277,0.000450986,0.000257797,,0,
1786043769130605192,1786043769.127261701,/novatel/oem7/odom,/novatel/oem7/fix,/novatel/oem7/odom,39.663,-75.756,-1.800897131,0.000644907,0.000258303,0.000426741,-0.000483525,0.000258303,,,
1786043769136147801,1786043769.135522150,/novatel/oem7/odom,/novatel/oem7/fix,/novatel/oem7/odom,39.663,-75.756,-1.800897131,0.000644907,0.000258303,0.000426741,-0.000483525,0.000258303,,,
1786043769146123368,1786043769.145273799,/novatel/oem7/inspva,/novatel/oem7/inspva,/novatel/oem7/inspva,39.663,-75.756,-1.800896854,0.000564298,0.000259428,-0.000152091,0.000543416,0.000259428,,novatel_oem7_msgs.msg.InertialSolutionStatus(status=3),
1786043769148181022,1786043769.145493788,/novatel/oem7/fix,/novatel/oem7/fix,/novatel/oem7/inspva,39.663,-75.756,-1.800896854,0.000564298,0.000259428,-0.000152091,0.000543416,0.000259428,,0,
1786043769149364867,1786043769.145816070,/novatel/oem7/odom,/novatel/oem7/fix,/novatel/oem7/odom,39.663,-75.756,-1.800896854,0.000563521,0.000261112,0.000534249,-0.000179260,0.000261112,,,
1786043769156570503,1786043769.155723876,/novatel/oem7/odom,/novatel/oem7/fix,/novatel/oem7/odom,39.663,-75.756,-1.800896854,0.000563521,0.000261112,0.000534249,-0.000179260,0.000261112,,,
1786043769166260824,1786043769.165559817,/novatel/oem7/inspva,/novatel/oem7/inspva,/novatel/oem7/inspva,39.663,-75.756,-1.800898460,0.000553625,0.000269945,-0.000495723,0.000246494,0.000269945,,novatel_oem7_msgs.msg.InertialSolutionStatus(status=3),
1786043769168007191,1786043769.165757442,/novatel/oem7/fix,/novatel/oem7/fix,/novatel/oem7/inspva,39.663,-75.756,-1.800898460,0.000553625,0.000269945,-0.000495723,0.000246494,0.000269945,,0,
1786043769169393822,1786043769.166555565,/novatel/oem7/odom,/novatel/oem7/fix,/novatel/oem7/odom,39.663,-75.756,-1.800898460,0.000553805,0.000269576,0.000220753,-0.000507905,0.000269576,,,
1786043769175641848,1786043769.174769895,/novatel/oem7/odom,/novatel/oem7/fix,/novatel/oem7/odom,39.663,-75.756,-1.800898460,0.000553805,0.000269576,0.000220753,-0.000507905,0.000269576,,,
1786043769187237344,1786043769.186233490,/novatel/oem7/inspva,/novatel/oem7/inspva,/novatel/oem7/inspva,39.663,-75.756,-1.800903628,0.000252367,0.000137226,-0.000061028,0.000244877,0.000137226,,novatel_oem7_msgs.msg.InertialSolutionStatus(status=3),
1786043769189207337,1786043769.186533857,/novatel/oem7/fix,/novatel/oem7/fix,/novatel/oem7/inspva,39.663,-75.756,-1.800903628,0.000252367,0.000137226,-0.000061028,0.000244877,0.000137226,,0,
1786043769190667295,1786043769.186969615,/novatel/oem7/odom,/novatel/oem7/fix,/novatel/oem7/odom,39.663,-75.756,-1.800903628,0.000251941,0.000138006,0.000241034,-0.000073329,0.000138006,,,
1786043769195743830,1786043769.194870987,/novatel/oem7/odom,/novatel/oem7/fix,/novatel/oem7/odom,39.663,-75.756,-1.800903628,0.000251941,0.000138006,0.000241034,-0.000073329,0.000138006,,,
1786043769206959035,1786043769.206394793,/novatel/oem7/inspva,/novatel/oem7/inspva,/novatel/oem7/inspva,39.663,-75.756,-1.800907596,0.000231390,0.000033852,-0.000194927,0.000124678,0.000033852,,novatel_oem7_msgs.msg.InertialSolutionStatus(status=3),
1786043769208335476,1786043769.206545594,/novatel/oem7/fix,/novatel/oem7/fix,/novatel/oem7/inspva,39.663,-75.756,-1.800907596,0.000231390,0.000033852,-0.000194927,0.000124678,0.000033852,,0,
1786043769209416880,1786043769.206936106,/novatel/oem7/odom,/novatel/oem7/fix,/novatel/oem7/odom,39.663,-75.756,-1.800907596,0.000231396,0.000033813,0.000114811,-0.000200904,0.000033813,,,
1786043769211456097,1786043769.210375216,/novatel/oem7/bestpos,/novatel/oem7/bestpos,/novatel/oem7/odom,39.663,-75.756,33.181455004,0.000231396,0.000033813,0.000114811,-0.000200904,0.000033813,,novatel_oem7_msgs.msg.SolutionStatus(status=0),novatel_oem7_msgs.msg.PositionOrVelocityType(type=53)
1786043769212563978,1786043769.210754277,/novatel/oem7/bestvel,/novatel/oem7/bestpos,/novatel/oem7/bestvel,39.663,-75.756,33.181455004,0.000245720,0.000079835,,,,281.693826110,novatel_oem7_msgs.msg.SolutionStatus(status=0),novatel_oem7_msgs.msg.PositionOrVelocityType(type=53)
1786043769216972376,1786043769.215973593,/novatel/oem7/odom,/novatel/oem7/bestpos,/novatel/oem7/odom,39.663,-75.756,33.181455004,0.000231396,0.000033813,0.000114811,-0.000200904,0.000033813,,,
1786043769226850385,1786043769.226035547,/novatel/oem7/inspva,/novatel/oem7/inspva,/novatel/oem7/inspva,39.663,-75.756,-1.800910558,0.000227880,0.000285075,-0.000045150,0.000223363,0.000285075,,novatel_oem7_msgs.msg.InertialSolutionStatus(status=3),
1786043769228547505,1786043769.226276792,/novatel/oem7/fix,/novatel/oem7/fix,/novatel/oem7/inspva,39.663,-75.756,-1.800910558,0.000227880,0.000285075,-0.000045150,0.000223363,0.000285075,,0,
1786043769229869965,1786043769.226656821,/novatel/oem7/odom,/novatel/oem7/fix,/novatel/oem7/odom,39.663,-75.756,-1.800910558,0.000226957,0.000285811,0.000219740,-0.000056777,0.000285811,,,
1786043769235162668,1786043769.234528085,/novatel/oem7/odom,/novatel/oem7/fix,/novatel/oem7/odom,39.663,-75.756,-1.800910558,0.000226957,0.000285811,0.000219740,-0.000056777,0.000285811,,,
1786043769245959174,1786043769.245090268,/novatel/oem7/inspva,/novatel/oem7/inspva,/novatel/oem7/inspva,39.663,-75.756,-1.800914759,0.000768656,0.000071041,-0.000411260,0.000649383,0.000071041,,novatel_oem7_msgs.msg.InertialSolutionStatus(status=3),
1786043769248114822,1786043769.245314790,/novatel/oem7/fix,/novatel/oem7/fix,/novatel/oem7/inspva,39.663,-75.756,-1.800914759,0.000768656,0.000071041,-0.000411260,0.000649383,0.000071041,,0,
1786043769249233453,1786043769.245652944,/novatel/oem7/odom,/novatel/oem7/fix,/novatel/oem7/odom,39.663,-75.756,-1.800914759,0.000768525,0.000072447,0.000628102,-0.000442853,0.000072447,,,
1786043769257435849,1786043769.256506000,/novatel/oem7/odom,/novatel/oem7/fix,/novatel/oem7/odom,39.663,-75.756,-1.800914759,0.000768525,0.000072447,0.000628102,-0.000442853,0.000072447,,,
1786043769265733125,1786043769.264958027,/novatel/oem7/inspva,/novatel/oem7/inspva,/novatel/oem7/inspva,39.663,-75.756,-1.800913133,0.000633343,0.000513196,-0.000501689,0.000386563,0.000513196,,novatel_oem7_msgs.msg.InertialSolutionStatus(status=3),
1786043769267645044,1786043769.265294808,/novatel/oem7/fix,/novatel/oem7/fix,/novatel/oem7/inspva,39.663,-75.756,-1.800913133,0.000633343,0.000513196,-0.000501689,0.000386563,0.000513196,,0,
1786043769269096262,1786043769.265711282,/novatel/oem7/odom,/novatel/oem7/fix,/novatel/oem7/odom,39.663,-75.756,-1.800913133,0.000633230,0.000513335,0.000359405,-0.000521353,0.000513335,,,
1786043769275181527,1786043769.274392013,/novatel/oem7/odom,/novatel/oem7/fix,/novatel/oem7/odom,39.663,-75.756,-1.800913133,0.000633230,0.000513335,0.000359405,-0.000521353,0.000513335,,,
1786043769287641465,1786043769.286608058,/novatel/oem7/inspva,/novatel/oem7/inspva,/novatel/oem7/inspva,39.663,-75.756,-1.800914607,0.000719530,0.000080756,-0.000484980,0.000531524,0.000080756,,novatel_oem7_msgs.msg.InertialSolutionStatus(status=3),
1786043769289713933,1786043769.286925095,/novatel/oem7/fix,/novatel/oem7/fix,/novatel/oem7/inspva,39.663,-75.756,-1.800914607,0.000719530,0.000080756,-0.000484980,0.000531524,0.000080756,,0,
1786043769291206951,1786043769.287647678,/novatel/oem7/odom,/novatel/oem7/fix,/novatel/oem7/odom,39.663,-75.756,-1.800914607,0.000719446,0.000081498,0.000506728,-0.000510715,0.000081498,,,
1786043769296034533,1786043769.295171865,/novatel/oem7/odom,/novatel/oem7/fix,/novatel/oem7/odom,39.663,-75.756,-1.800914607,0.000719446,0.000081498,0.000506728,-0.000510715,0.000081498,,,
1786043769306591812,1786043769.306024830,/novatel/oem7/inspva,/novatel/oem7/inspva,/novatel/oem7/inspva,39.663,-75.756,-1.800909452,0.000587325,0.000474240,-0.000525712,0.000261873,0.000474240,,novatel_oem7_msgs.msg.InertialSolutionStatus(status=3),
1786043769307904192,1786043769.306175741,/novatel/oem7/fix,/novatel/oem7/fix,/novatel/oem7/inspva,39.663,-75.756,-1.800909452,0.000587325,0.000474240,-0.000525712,0.000261873,0.000474240,,0,
1786043769308961312,1786043769.306579848,/novatel/oem7/odom,/novatel/oem7/fix,/novatel/oem7/odom,39.663,-75.756,-1.800909452,0.000587650,0.000473837,0.000233845,-0.000539119,0.000473837,,,
1786043769310564388,1786043769.309549605,/novatel/oem7/bestpos,/novatel/oem7/bestpos,/novatel/oem7/odom,39.663,-75.756,33.181451563,0.000587650,0.000473837,0.000233845,-0.000539119,0.000473837,,novatel_oem7_msgs.msg.SolutionStatus(status=0),novatel_oem7_msgs.msg.PositionOrVelocityType(type=53)
1786043769311995176,1786043769.310183691,/novatel/oem7/bestvel,/novatel/oem7/bestpos,/novatel/oem7/bestvel,39.663,-75.756,33.181451563,0.000712965,0.000632758,,,,168.043814954,novatel_oem7_msgs.msg.SolutionStatus(status=0),novatel_oem7_msgs.msg.PositionOrVelocityType(type=53)
1786043769315649456,1786043769.314687230,/novatel/oem7/odom,/novatel/oem7/bestpos,/novatel/oem7/odom,39.663,-75.756,33.181451563,0.000587650,0.000473837,0.000233845,-0.000539119,0.000473837,,,
1786043769326033957,1786043769.325237471,/novatel/oem7/inspva,/novatel/oem7/inspva,/novatel/oem7/inspva,39.663,-75.756,-1.800910831,0.000822707,0.000170054,-0.000422308,0.000706047,0.000170054,,novatel_oem7_msgs.msg.InertialSolutionStatus(status=3),
1786043769327737094,1786043769.325377365,/novatel/oem7/fix,/novatel/oem7/fix,/novatel/oem7/inspva,39.663,-75.756,-1.800910831,0.000822707,0.000170054,-0.000422308,0.000706047,0.000170054,,0,
1786043769329026711,1786043769.325819835,/novatel/oem7/odom,/novatel/oem7/fix,/novatel/oem7/odom,39.663,-75.756,-1.800910831,0.000822377,0.000171642,0.000683768,-0.000456908,0.000171642,,,
1786043769335453338,1786043769.334763078,/novatel/oem7/odom,/novatel/oem7/fix,/novatel/oem7/odom,39.663,-75.756,-1.800910831,0.000822377,0.000171642,0.000683768,-0.000456908,0.000171642,,,
1786043769346956811,1786043769.345975239,/novatel/oem7/inspva,/novatel/oem7/inspva,/novatel/oem7/inspva,39.663,-75.756,-1.800908895,0.001170774,0.000131492,-0.000770098,0.000881850,0.000131492,,novatel_oem7_msgs.msg.InertialSolutionStatus(status=3),
1786043769348942677,1786043769.346122908,/novatel/oem7/fix,/novatel/oem7/fix,/novatel/oem7/inspva,39.663,-75.756,-1.800908895,0.001170774,0.000131492,-0.000770098,0.000881850,0.000131492,,0,
1786043769350115199,1786043769.346584314,/novatel/oem7/odom,/novatel/oem7/fix,/novatel/oem7/odom,39.663,-75.756,-1.800908895,0.001170622,0.000132838,0.000842422,-0.000812823,0.000132838,,,
1786043769357062089,1786043769.356125429,/novatel/oem7/odom,/novatel/oem7/fix,/novatel/oem7/odom,39.663,-75.756,-1.800908895,0.001170622,0.000132838,0.000842422,-0.000812823,0.000132838,,,
1786043769366574327,1786043769.365535759,/novatel/oem7/inspva,/novatel/oem7/inspva,/novatel/oem7/inspva,39.663,-75.756,-1.800903359,0.001039675,0.000697847,-0.000722999,0.000747127,0.000697847,,novatel_oem7_msgs.msg.InertialSolutionStatus(status=3),
1786043769368385886,1786043769.366538820,/novatel/oem7/fix,/novatel/oem7/fix,/novatel/oem7/inspva,39.663,-75.756,-1.800903359,0.001039675,0.000697847,-0.000722999,0.000747127,0.000697847,,0,
1786043769369861070,1786043769.367639321,/novatel/oem7/odom,/novatel/oem7/fix,/novatel/oem7/odom,39.663,-75.756,-1.800903359,0.001039035,0.000698800,0.000707915,-0.000760559,0.000698800,,,
1786043769376504134,1786043769.375540934,/novatel/oem7/odom,/novatel/oem7/fix,/novatel/oem7/odom,39.663,-75.756,-1.800903359,0.001039035,0.000698800,0.000707915,-0.000760559,0.000698800,,,
1786043769385688039,1786043769.384958699,/novatel/oem7/inspva,/novatel/oem7/inspva,/novatel/oem7/inspva,39.663,-75.756,-1.800906896,0.001067912,0.000260538,-0.000640716,0.000854352,0.000260538,,novatel_oem7_msgs.msg.InertialSolutionStatus(status=3),
1786043769387021683,1786043769.385137914,/novatel/oem7/fix,/novatel/oem7/fix,/novatel/oem7/inspva,39.663,-75.756,-1.800906896,0.001067912,0.000260538,-0.000640716,0.000854352,0.000260538,,0,
1786043769388047206,1786043769.385447466,/novatel/oem7/odom,/novatel/oem7/fix,/novatel/oem7/odom,39.663,-75.756,-1.800906896,0.001067523,0.000262124,0.000820799,-0.000682566,0.000262124,,,
1786043769395023493,1786043769.394341773,/novatel/oem7/odom,/novatel/oem7/fix,/novatel/oem7/odom,39.663,-75.756,-1.800906896,0.001067523,0.000262124,0.000820799,-0.000682566,0.000262124,,,
1786043769407083407,1786043769.406456115,/novatel/oem7/inspva,/novatel/oem7/inspva,/novatel/oem7/inspva,39.663,-75.756,-1.800908683,0.000734458,-0.000021823,-0.000264200,0.000685293,-0.000021823,,novatel_oem7_msgs.msg.InertialSolutionStatus(status=3),
1786043769408614119,1786043769.406647566,/novatel/oem7/fix,/novatel/oem7/fix,/novatel/oem7/inspva,39.663,-75.756,-1.800908683,0.000734458,-0.000021823,-0.000264200,0.000685293,-0.000021823,,0,
1786043769409745311,1786043769.406996684,/novatel/oem7/odom,/novatel/oem7/fix,/novatel/oem7/odom,39.663,-75.756,-1.800908683,0.000734513,-0.000019885,0.000671570,-0.000297495,-0.000019885,,,
1786043769411444201,1786043769.410245943,/novatel/oem7/bestpos,/novatel/oem7/bestpos,/novatel/oem7/odom,39.663,-75.756,33.181457414,0.000734513,-0.000019885,0.000671570,-0.000297495,-0.000019885,,novatel_oem7_msgs.msg.SolutionStatus(status=0),novatel_oem7_msgs.msg.PositionOrVelocityType(type=53)
1786043769412575536,1786043769.410695047,/novatel/oem7/bestvel,/novatel/oem7/bestpos,/novatel/oem7/bestvel,39.663,-75.756,33.181457414,0.001030122,0.000050903,,,,122.445608876,novatel_oem7_msgs.msg.SolutionStatus(status=0),novatel_oem7_msgs.msg.PositionOrVelocityType(type=53)
1786043769416162295,1786043769.415248439,/novatel/oem7/odom,/novatel/oem7/bestpos,/novatel/oem7/odom,39.663,-75.756,33.181457414,0.000734513,-0.000019885,0.000671570,-0.000297495,-0.000019885,,,
1786043769425888443,1786043769.424989581,/novatel/oem7/inspva,/novatel/oem7/inspva,/novatel/oem7/inspva,39.663,-75.756,-1.800909991,0.001008340,0.000219459,-0.000521014,0.000863305,0.000219459,,novatel_oem7_msgs.msg.InertialSolutionStatus(status=3),
1786043769427577210,1786043769.425285847,/novatel/oem7/fix,/novatel/oem7/fix,/novatel/oem7/inspva,39.663,-75.756,-1.800909991,0.001008340,0.000219459,-0.000521014,0.000863305,0.000219459,,0,
1786043769428904086,1786043769.425776818,/novatel/oem7/odom,/novatel/oem7/fix,/novatel/oem7/odom,39.663,-75.756,-1.800909991,0.001007918,0.000221392,0.000835790,-0.000563342,0.000221392,,,
1786043769435446139,1786043769.434698881,/novatel/oem7/odom,/novatel/oem7/fix,/novatel/oem7/odom,39.663,-75.756,-1.800909991,0.001007918,0.000221392,0.000835790,-0.000563342,0.000221392,,,
1786043769446382272,1786043769.445403139,/novatel/oem7/inspva,/novatel/oem7/inspva,/novatel/oem7/inspva,39.663,-75.756,-1.800910297,0.000761085,0.000486758,0.000062825,0.000758488,0.000486758,,novatel_oem7_msgs.msg.InertialSolutionStatus(status=3),
1786043769448631078,1786043769.445689108,/novatel/oem7/fix,/novatel/oem7/fix,/novatel/oem7/inspva,39.663,-75.756,-1.800910297,0.000761085,0.000486758,0.000062825,0.000758488,0.000486758,,0,
1786043769449977998,1786043769.446612154,/novatel/oem7/odom,/novatel/oem7/fix,/novatel/oem7/odom,39.663,-75.756,-1.800910297,0.000759100,0.000489847,0.000758712,0.000024280,0.000489847,,,
1786043769458241861,1786043769.456900761,/novatel/oem7/odom,/novatel/oem7/fix,/novatel/oem7/odom,39.663,-75.756,-1.800910297,0.000759100,0.000489847,0.000758712,0.000024280,0.000489847,,,
1786043769467070926,1786043769.466075653,/novatel/oem7/inspva,/novatel/oem7/inspva,/novatel/oem7/inspva,39.663,-75.756,-1.800915333,0.001005248,0.000241701,0.000060391,0.001003433,0.000241701,,novatel_oem7_msgs.msg.InertialSolutionStatus(status=3),
1786043769468837777,1786043769.466379639,/novatel/oem7/fix,/novatel/oem7/fix,/novatel/oem7/inspva,39.663,-75.756,-1.800915333,0.001005248,0.000241701,0.000060391,0.001003433,0.000241701,,0,
1786043769470210311,1786043769.466837851,/novatel/oem7/odom,/novatel/oem7/fix,/novatel/oem7/odom,39.663,-75.756,-1.800915333,0.001004270,0.000245733,0.001004216,0.000010421,0.000245733,,,
1786043769475244791,1786043769.474473487,/novatel/oem7/odom,/novatel/oem7/fix,/novatel/oem7/odom,39.663,-75.756,-1.800915333,0.001004270,0.000245733,0.001004216,0.000010421,0.000245733,,,
1786043769486299142,1786043769.485330979,/novatel/oem7/inspva,/novatel/oem7/inspva,/novatel/oem7/inspva,39.663,-75.756,-1.800915427,0.000914806,0.000409419,-0.000286627,0.000868743,0.000409419,,novatel_oem7_msgs.msg.InertialSolutionStatus(status=3),
1786043769488394450,1786043769.485579999,/novatel/oem7/fix,/novatel/oem7/fix,/novatel/oem7/inspva,39.663,-75.756,-1.800915427,0.000914806,0.000409419,-0.000286627,0.000868743,0.000409419,,0,
1786043769489780957,1786043769.486233788,/novatel/oem7/odom,/novatel/oem7/fix,/novatel/oem7/odom,39.663,-75.756,-1.800915427,0.000913646,0.000412001,0.000851978,-0.000329975,0.000412001,,,
1786043769496669170,1786043769.495709907,/novatel/oem7/odom,/novatel/oem7/fix,/novatel/oem7/odom,39.663,-75.756,-1.800915427,0.000913646,0.000412001,0.000851978,-0.000329975,0.000412001,,,
1786043769506776172,1786043769.506111925,/novatel/oem7/inspva,/novatel/oem7/inspva,/novatel/oem7/inspva,39.663,-75.756,-1.800918125,0.001024951,0.000543095,-0.000109521,0.001019082,0.000543095,,novatel_oem7_msgs.msg.InertialSolutionStatus(status=3),
1786043769508244959,1786043769.506308823,/novatel/oem7/fix,/novatel/oem7/fix,/novatel/oem7/inspva,39.663,-75.756,-1.800918125,0.001024951,0.000543095,-0.000109521,0.001019082,0.000543095,,0,
1786043769509349710,1786043769.506899023,/novatel/oem7/odom,/novatel/oem7/fix,/novatel/oem7/odom,39.663,-75.756,-1.800918125,0.001023023,0.000546718,0.001010305,-0.000160807,0.000546718,,,
1786043769512185632,1786043769.511386411,/novatel/oem7/bestpos,/novatel/oem7/bestpos,/novatel/oem7/odom,39.663,-75.756,33.181437035,0.001023023,0.000546718,0.001010305,-0.000160807,0.000546718,,novatel_oem7_msgs.msg.SolutionStatus(status=0),novatel_oem7_msgs.msg.PositionOrVelocityType(type=53)
1786043769513711267,1786043769.512323317,/novatel/oem7/bestvel,/novatel/oem7/bestpos,/novatel/oem7/bestvel,39.663,-75.756,33.181437035,0.001083270,0.000241590,,,,66.445305140,novatel_oem7_msgs.msg.SolutionStatus(status=0),novatel_oem7_msgs.msg.PositionOrVelocityType(type=53)
1786043769515639200,1786043769.514516435,/novatel/oem7/odom,/novatel/oem7/bestpos,/novatel/oem7/odom,39.663,-75.756,33.181437035,0.001023023,0.000546718,0.001010305,-0.000160807,0.000546718,,,
1786043769527470735,1786043769.526667527,/novatel/oem7/inspva,/novatel/oem7/inspva,/novatel/oem7/inspva,39.663,-75.756,-1.800921830,0.000531861,0.000111996,-0.000100560,0.000522268,0.000111996,,novatel_oem7_msgs.msg.InertialSolutionStatus(status=3),
1786043769529262847,1786043769.526908630,/novatel/oem7/fix,/novatel/oem7/fix,/novatel/oem7/inspva,39.663,-75.756,-1.800921830,0.000531861,0.000111996,-0.000100560,0.000522268,0.000111996,,0,
1786043769530767092,1786043769.527496473,/novatel/oem7/odom,/novatel/oem7/fix,/novatel/oem7/odom,39.663,-75.756,-1.800921830,0.000531492,0.000113735,0.000516250,-0.000126372,0.000113735,,,
1786043769535642227,1786043769.534798043,/novatel/oem7/odom,/novatel/oem7/fix,/novatel/oem7/odom,39.663,-75.756,-1.800921830,0.000531492,0.000113735,0.000516250,-0.000126372,0.000113735,,,
1786043769546125909,1786043769.545148760,/novatel/oem7/inspva,/novatel/oem7/inspva,/novatel/oem7/inspva,39.663,-75.756,-1.800923661,0.001018228,0.000058269,-0.000100004,0.001013306,0.000058269,,novatel_oem7_msgs.msg.InertialSolutionStatus(status=3),
1786043769547921541,1786043769.545373565,/novatel/oem7/fix,/novatel/oem7/fix,/novatel/oem7/inspva,39.663,-75.756,-1.800923661,0.001018228,0.000058269,-0.000100004,0.001013306,0.000058269,,0,
1786043769549296121,1786043769.546014728,/novatel/oem7/odom,/novatel/oem7/fix,/novatel/oem7/odom,39.663,-75.756,-1.800923661,0.001018015,0.000061891,0.001006930,-0.000149818,0.000061891,,,
1786043769557086873,1786043769.556130983,/novatel/oem7/odom,/novatel/oem7/fix,/novatel/oem7/odom,39.663,-75.756,-1.800923661,0.001018015,0.000061891,0.001006930,-0.000149818,0.000061891,,,
1786043769566130733,1786043769.565236201,/novatel/oem7/inspva,/novatel/oem7/inspva,/novatel/oem7/inspva,39.663,-75.756,-1.800918730,0.000979912,0.000793923,-0.000243485,0.000949180,0.000793923,,novatel_oem7_msgs.msg.InertialSolutionStatus(status=3),
1786043769568006226,1786043769.565558491,/novatel/oem7/fix,/novatel/oem7/fix,/novatel/oem7/inspva,39.663,-75.756,-1.800918730,0.000979912,0.000793923,-0.000243485,0.000949180,0.000793923,,0,
1786043769569504317,1786043769.566135820,/novatel/oem7/odom,/novatel/oem7/fix,/novatel/oem7/odom,39.663,-75.756,-1.800918730,0.000977488,0.000796906,0.000932919,-0.000291793,0.000796906,,,
1786043769575736420,1786043769.574857928,/novatel/oem7/odom,/novatel/oem7/fix,/novatel/oem7/odom,39.663,-75.756,-1.800918730,0.000977488,0.000796906,0.000932919,-0.000291793,0.000796906,,,
1786043769587110114,1786043769.586019097,/novatel/oem7/inspva,/novatel/oem7/inspva,/novatel/oem7/inspva,39.663,-75.756,-1.800925137,0.001026091,0.000387627,-0.000084882,0.001022574,0.000387627,,novatel_oem7_msgs.msg.InertialSolutionStatus(status=3),
1786043769589168995,1786043769.586287923,/novatel/oem7/fix,/novatel/oem7/fix,/novatel/oem7/inspva,39.663,-75.756,-1.800925137,0.001026091,0.000387627,-0.000084882,0.001022574,0.000387627,,0,
1786043769590639539,1786043769.587101648,/novatel/oem7/odom,/novatel/oem7/fix,/novatel/oem7/odom,39.663,-75.756,-1.800925137,0.001024684,0.000391333,0.001015620,-0.000135985,0.000391333,,,
1786043769595289763,1786043769.594448184,/novatel/oem7/odom,/novatel/oem7/fix,/novatel/oem7/odom,39.663,-75.756,-1.800925137,0.001024684,0.000391333,0.001015620,-0.000135985,0.000391333,,,
1786043769607013024,1786043769.606412547,/novatel/oem7/inspva,/novatel/oem7/inspva,/novatel/oem7/inspva,39.663,-75.756,-1.800931227,0.001181925,-0.000151798,-0.000398291,0.001112794,-0.000151798,,novatel_oem7_msgs.msg.InertialSolutionStatus(status=3),
1786043769608523373,1786043769.606579318,/novatel/oem7/fix,/novatel/oem7/fix,/novatel/oem7/inspva,39.663,-75.756,-1.800931227,0.001181925,-0.000151798,-0.000398291,0.001112794,-0.000151798,,0,
1786043769609647907,1786043769.607074711,/novatel/oem7/odom,/novatel/oem7/fix,/novatel/oem7/odom,39.663,-75.756,-1.800931227,0.001182335,-0.000148569,0.001092481,-0.000452108,-0.000148569,,,
1786043769611292457,1786043769.610247331,/novatel/oem7/bestpos,/novatel/oem7/bestpos,/novatel/oem7/odom,39.663,-75.756,33.181428602,0.001182335,-0.000148569,0.001092481,-0.000452108,-0.000148569,,novatel_oem7_msgs.msg.SolutionStatus(status=0),novatel_oem7_msgs.msg.PositionOrVelocityType(type=53)
1786043769612262333,1786043769.610668280,/novatel/oem7/bestvel,/novatel/oem7/bestpos,/novatel/oem7/bestvel,39.663,-75.756,33.181428602,0.001607427,-0.000331764,,,,106.843893172,novatel_oem7_msgs.msg.SolutionStatus(status=0),novatel_oem7_msgs.msg.PositionOrVelocityType(type=53)
1786043769616594524,1786043769.615634977,/novatel/oem7/odom,/novatel/oem7/bestpos,/novatel/oem7/odom,39.663,-75.756,33.181428602,0.001182335,-0.000148569,0.001092481,-0.000452108,-0.000148569,,,
1786043769626404488,1786043769.625360784,/novatel/oem7/inspva,/novatel/oem7/inspva,/novatel/oem7/inspva,39.663,-75.756,-1.800935585,0.001454299,-0.000058165,-0.000177725,0.001443398,-0.000058165,,novatel_oem7_msgs.msg.InertialSolutionStatus(status=3),
1786043769628269257,1786043769.626413020,/novatel/oem7/fix,/novatel/oem7/fix,/novatel/oem7/inspva,39.663,-75.756,-1.800935585,0.001454299,-0.000058165,-0.000177725,0.001443398,-0.000058165,,0,
1786043769629671328,1786043769.627504516,/novatel/oem7/odom,/novatel/oem7/fix,/novatel/oem7/odom,39.663,-75.756,-1.800935585,0.001454493,-0.000053083,0.001433146,-0.000248278,-0.000053083,,,
1786043769635612008,1786043769.634712319,/novatel/oem7/odom,/novatel/oem7/fix,/novatel/oem7/odom,39.663,-75.756,-1.800935585,0.001454493,-0.000053083,0.001433146,-0.000248278,-0.000053083,,,
1786043769647632705,1786043769.646584752,/novatel/oem7/inspva,/novatel/oem7/inspva,/novatel/oem7/inspva,39.663,-75.756,-1.800939512,0.001135139,0.000063928,-0.000361794,0.001075939,0.000063928,,novatel_oem7_msgs.msg.InertialSolutionStatus(status=3),
1786043769649521067,1786043769.646757755,/novatel/oem7/fix,/novatel/oem7/fix,/novatel/oem7/inspva,39.663,-75.756,-1.800939512,0.001135139,0.000063928,-0.000361794,0.001075939,0.000063928,,0,
1786043769650810327,1786043769.647280572,/novatel/oem7/odom,/novatel/oem7/fix,/novatel/oem7/odom,39.663,-75.756,-1.800939512,0.001134956,0.000067095,0.001056611,-0.000414363,0.000067095,,,
1786043769658171531,1786043769.657020981,/novatel/oem7/odom,/novatel/oem7/fix,/novatel/oem7/odom,39.663,-75.756,-1.800939512,0.001134956,0.000067095,0.001056611,-0.000414363,0.000067095,,,
1786043769665810484,1786043769.665109447,/novatel/oem7/inspva,/novatel/oem7/inspva,/novatel/oem7/inspva,39.663,-75.756,-1.800945633,0.001354299,-0.000162039,-0.000069593,0.001352509,-0.000162039,,novatel_oem7_msgs.msg.InertialSolutionStatus(status=3),
1786043769667529561,1786043769.665388777,/novatel/oem7/fix,/novatel/oem7/fix,/novatel/oem7/inspva,39.663,-75.756,-1.800945633,0.001354299,-0.000162039,-0.000069593,0.001352509,-0.000162039,,0,
1786043769669017153,1786043769.665928612,/novatel/oem7/odom,/novatel/oem7/fix,/novatel/oem7/odom,39.663,-75.756,-1.800945633,0.001354889,-0.000157026,0.001348092,-0.000135542,-0.000157026,,,
1786043769676544788,1786043769.675667120,/novatel/oem7/odom,/novatel/oem7/fix,/novatel/oem7/odom,39.663,-75.756,-1.800945633,0.001354889,-0.000157026,0.001348092,-0.000135542,-0.000157026,,,
1786043769687402834,1786043769.686034801,/novatel/oem7/inspva,/novatel/oem7/inspva,/novatel/oem7/inspva,39.663,-75.756,-1.800945409,0.001002635,0.000271814,0.000046002,0.001001580,0.000271814,,novatel_oem7_msgs.msg.InertialSolutionStatus(status=3),
1786043769689225716,1786043769.687439081,/novatel/oem7/fix,/novatel/oem7/fix,/novatel/oem7/inspva,39.663,-75.756,-1.800945409,0.001002635,0.000271814,0.000046002,0.001001580,0.000271814,,0,
1786043769690674237,1786043769.688649549,/novatel/oem7/odom,/novatel/oem7/fix,/novatel/oem7/odom,39.663,-75.756,-1.800945409,0.001001550,0.000275787,0.001001542,-0.000003921,0.000275787,,,
1786043769696236243,1786043769.695406261,/novatel/oem7/odom,/novatel/oem7/fix,/novatel/oem7/odom,39.663,-75.756,-1.800945409,0.001001550,0.000275787,0.001001542,-0.000003921,0.000275787,,,
1786043769706880046,1786043769.706356921,/novatel/oem7/inspva,/novatel/oem7/inspva,/novatel/oem7/inspva,39.663,-75.756,-1.800952175,0.001295654,0.000055707,-0.000002068,0.001295653,0.000055707,,novatel_oem7_msgs.msg.InertialSolutionStatus(status=3),
1786043769708228740,1786043769.706523688,/novatel/oem7/fix,/novatel/oem7/fix,/novatel/oem7/inspva,39.663,-75.756,-1.800952175,0.001295654,0.000055707,-0.000002068,0.001295653,0.000055707,,0,
1786043769709313217,1786043769.706930238,/novatel/oem7/odom,/novatel/oem7/fix,/novatel/oem7/odom,39.663,-75.756,-1.800952175,0.001295431,0.000060680,0.001293758,-0.000065820,0.000060680,,,
1786043769710827333,1786043769.709357605,/novatel/oem7/bestpos,/novatel/oem7/bestpos,/novatel/oem7/odom,39.663,-75.756,33.181413881,0.001295431,0.000060680,0.001293758,-0.000065820,0.000060680,,novatel_oem7_msgs.msg.SolutionStatus(status=0),novatel_oem7_msgs.msg.PositionOrVelocityType(type=53)
1786043769711775015,1786043769.710149918,/novatel/oem7/bestvel,/novatel/oem7/bestpos,/novatel/oem7/bestvel,39.663,-75.756,33.181413881,0.001490340,0.000039452,,,,95.421152739,novatel_oem7_msgs.msg.SolutionStatus(status=0),novatel_oem7_msgs.msg.PositionOrVelocityType(type=53)
1786043769715736159,1786043769.714934104,/novatel/oem7/odom,/novatel/oem7/bestpos,/novatel/oem7/odom,39.663,-75.756,33.181413881,0.001295431,0.000060680,0.001293758,-0.000065820,0.000060680,,,
1786043769726164427,1786043769.725446973,/novatel/oem7/inspva,/novatel/oem7/inspva,/novatel/oem7/inspva,39.663,-75.756,-1.800957420,0.001412483,-0.000171632,0.000256301,0.001389035,-0.000171632,,novatel_oem7_msgs.msg.InertialSolutionStatus(status=3),
1786043769727978225,1786043769.725617847,/novatel/oem7/fix,/novatel/oem7/fix,/novatel/oem7/inspva,39.663,-75.756,-1.800957420,0.001412483,-0.000171632,0.000256301,0.001389035,-0.000171632,,0,
1786043769729332615,1786043769.726266451,/novatel/oem7/odom,/novatel/oem7/fix,/novatel/oem7/odom,39.663,-75.756,-1.800957420,0.001413201,-0.000165613,0.001400610,0.000188226,-0.000165613,,,
1786043769736437603,1786043769.735748750,/novatel/oem7/odom,/novatel/oem7/fix,/novatel/oem7/odom,39.663,-75.756,-1.800957420,0.001413201,-0.000165613,0.001400610,0.000188226,-0.000165613,,,
1786043769745880414,1786043769.745058141,/novatel/oem7/inspva,/novatel/oem7/inspva,/novatel/oem7/inspva,39.663,-75.756,-1.800962048,0.001452324,-0.000112602,-0.000085720,0.001449792,-0.000112602,,novatel_oem7_msgs.msg.InertialSolutionStatus(status=3),
1786043769747615642,1786043769.745225973,/novatel/oem7/fix,/novatel/oem7/fix,/novatel/oem7/inspva,39.663,-75.756,-1.800962048,0.001452324,-0.000112602,-0.000085720,0.001449792,-0.000112602,,0,
1786043769749021066,1786043769.745733183,/novatel/oem7/odom,/novatel/oem7/fix,/novatel/oem7/odom,39.663,-75.756,-1.800962048,0.001452729,-0.000107252,0.001444273,-0.000156514,-0.000107252,,,
1786043769756558702,1786043769.755664610,/novatel/oem7/odom,/novatel/oem7/fix,/novatel/oem7/odom,39.663,-75.756,-1.800962048,0.001452729,-0.000107252,0.001444273,-0.000156514,-0.000107252,,,
1786043769767214405,1786043769.766498327,/novatel/oem7/inspva,/novatel/oem7/inspva,/novatel/oem7/inspva,39.663,-75.756,-1.800967670,0.001435515,-0.000254611,0.000006446,0.001435501,-0.000254611,,novatel_oem7_msgs.msg.InertialSolutionStatus(status=3),
1786043769769030397,1786043769.766644892,/novatel/oem7/fix,/novatel/oem7/fix,/novatel/oem7/inspva,39.663,-75.756,-1.800967670,0.001435515,-0.000254611,0.000006446,0.001435501,-0.000254611,,0,
1786043769770604113,1786043769.767266862,/novatel/oem7/odom,/novatel/oem7/fix,/novatel/oem7/odom,39.663,-75.756,-1.800967670,0.001436485,-0.000249083,0.001435084,-0.000063415,-0.000249083,,,
1786043769775417931,1786043769.774680763,/novatel/oem7/odom,/novatel/oem7/fix,/novatel/oem7/odom,39.663,-75.756,-1.800967670,0.001436485,-0.000249083,0.001435084,-0.000063415,-0.000249083,,,
1786043769785900512,1786043769.785156086,/novatel/oem7/inspva,/novatel/oem7/inspva,/novatel/oem7/inspva,39.663,-75.756,-1.800973978,0.001226029,-0.000112771,0.000013712,0.001225952,-0.000112771,,novatel_oem7_msgs.msg.InertialSolutionStatus(status=3),
1786043769787024554,1786043769.785332054,/novatel/oem7/fix,/novatel/oem7/fix,/novatel/oem7/inspva,39.663,-75.756,-1.800973978,0.001226029,-0.000112771,0.000013712,0.001225952,-0.000112771,,0,
1786043769787772858,1786043769.785880153,/novatel/oem7/odom,/novatel/oem7/fix,/novatel/oem7/odom,39.663,-75.756,-1.800973978,0.001226454,-0.000108040,0.001225584,-0.000046202,-0.000108040,,,
1786043769795855439,1786043769.795455329,/novatel/oem7/odom,/novatel/oem7/fix,/novatel/oem7/odom,39.663,-75.756,-1.800973978,0.001226454,-0.000108040,0.001225584,-0.000046202,-0.000108040,,,
1786043769807355512,1786043769.807050722,/novatel/oem7/inspva,/novatel/oem7/inspva,/novatel/oem7/inspva,39.663,-75.756,-1.800982387,0.001304710,-0.000340564,0.000692396,0.001105828,-0.000340564,,novatel_oem7_msgs.msg.InertialSolutionStatus(status=3),
1786043769808017464,1786043769.807144105,/novatel/oem7/fix,/novatel/oem7/fix,/novatel/oem7/inspva,39.663,-75.756,-1.800982387,0.001304710,-0.000340564,0.000692396,0.001105828,-0.000340564,,0,
1786043769808717830,1786043769.807749619,/novatel/oem7/odom,/novatel/oem7/fix,/novatel/oem7/odom,39.663,-75.756,-1.800982387,0.001306283,-0.000334479,0.001139811,0.000638128,-0.000334479,,,
1786043769810647531,1786043769.810218867,/novatel/oem7/bestpos,/novatel/oem7/bestpos,/novatel/oem7/odom,39.663,-75.756,33.181389822,0.001306283,-0.000334479,0.001139811,0.000638128,-0.000334479,,novatel_oem7_msgs.msg.SolutionStatus(status=0),novatel_oem7_msgs.msg.PositionOrVelocityType(type=53)
1786043769812230774,1786043769.810671994,/novatel/oem7/bestvel,/novatel/oem7/bestpos,/novatel/oem7/bestvel,39.663,-75.756,33.181389822,0.001465902,-0.000420230,,,,64.056099054,novatel_oem7_msgs.msg.SolutionStatus(status=0),novatel_oem7_msgs.msg.PositionOrVelocityType(type=53)
1786043769815701591,1786043769.815201663,/novatel/oem7/odom,/novatel/oem7/bestpos,/novatel/oem7/odom,39.663,-75.756,33.181389822,0.001306283,-0.000334479,0.001139811,0.000638128,-0.000334479,,,
1786043769826437764,1786043769.826097203,/novatel/oem7/inspva,/novatel/oem7/inspva,/novatel/oem7/inspva,39.663,-75.756,-1.800988424,0.001044488,-0.000313817,0.000431669,0.000951114,-0.000313817,,novatel_oem7_msgs.msg.InertialSolutionStatus(status=3),
1786043769827038210,1786043769.826337425,/novatel/oem7/fix,/novatel/oem7/fix,/novatel/oem7/inspva,39.663,-75.756,-1.800988424,0.001044488,-0.000313817,0.000431669,0.000951114,-0.000313817,,0,
1786043769827536968,1786043769.826696482,/novatel/oem7/odom,/novatel/oem7/fix,/novatel/oem7/odom,39.663,-75.756,-1.800988424,0.001045917,-0.000309022,0.000972386,0.000385237,-0.000309022,,,
1786043769834809175,1786043769.834443977,/novatel/oem7/odom,/novatel/oem7/fix,/novatel/oem7/odom,39.663,-75.756,-1.800988424,0.001045917,-0.000309022,0.000972386,0.000385237,-0.000309022,,,
1786043769846020986,1786043769.845235574,/novatel/oem7/inspva,/novatel/oem7/inspva,/novatel/oem7/inspva,39.663,-75.756,-1.800992430,0.001629393,-0.000069159,0.000584243,0.001521047,-0.000069159,,novatel_oem7_msgs.msg.InertialSolutionStatus(status=3),
1786043769847537920,1786043769.845405705,/novatel/oem7/fix,/novatel/oem7/fix,/novatel/oem7/inspva,39.663,-75.756,-1.800992430,0.001629393,-0.000069159,0.000584243,0.001521047,-0.000069159,,0,
1786043769848096917,1786043769.845822376,/novatel/oem7/odom,/novatel/oem7/fix,/novatel/oem7/odom,39.663,-75.756,-1.800992430,0.001629690,-0.000061774,0.001548139,0.000509074,-0.000061774,,,
1786043769862482088,1786043769.856755014,/novatel/oem7/odom,/novatel/oem7/fix,/novatel/oem7/odom,39.663,-75.756,-1.800992430,0.001629690,-0.000061774,0.001548139,0.000509074,-0.000061774,,,
1786043769872672803,1786043769.865102144,/novatel/oem7/inspva,/novatel/oem7/inspva,/novatel/oem7/inspva,39.663,-75.756,-1.800998312,0.001109603,-0.000033304,0.000256840,0.001079469,-0.000033304,,novatel_oem7_msgs.msg.InertialSolutionStatus(status=3),
1786043769873414315,1786043769.865334730,/novatel/oem7/fix,/novatel/oem7/fix,/novatel/oem7/inspva,39.663,-75.756,-1.800998312,0.001109603,-0.000033304,0.000256840,0.001079469,-0.000033304,,0,
1786043769874575252,1786043769.865934236,/novatel/oem7/odom,/novatel/oem7/fix,/novatel/oem7/odom,39.663,-75.756,-1.800998312,0.001109738,-0.000028469,0.001090893,0.000203642,-0.000028469,,,
1786043769875308332,1786043769.874393068,/novatel/oem7/odom,/novatel/oem7/fix,/novatel/oem7/odom,39.663,-75.756,-1.800998312,0.001109738,-0.000028469,0.001090893,0.000203642,-0.000028469,,,
1786043769888060526,1786043769.887077652,/novatel/oem7/inspva,/novatel/oem7/inspva,/novatel/oem7/inspva,39.663,-75.756,-1.801003982,0.001659826,-0.000194497,0.000536911,0.001570589,-0.000194497,,novatel_oem7_msgs.msg.InertialSolutionStatus(status=3),
1786043769889788543,1786043769.887347081,/novatel/oem7/fix,/novatel/oem7/fix,/novatel/oem7/inspva,39.663,-75.756,-1.801003982,0.001659826,-0.000194497,0.000536911,0.001570589,-0.000194497,,0,
1786043769890839281,1786043769.888148839,/novatel/oem7/odom,/novatel/oem7/fix,/novatel/oem7/odom,39.663,-75.756,-1.801003982,0.001660684,-0.000187029,0.001595796,0.000459682,-0.000187029,,,
1786043769895688483,1786043769.894983704,/novatel/oem7/odom,/novatel/oem7/fix,/novatel/oem7/odom,39.663,-75.756,-1.801003982,0.001660684,-0.000187029,0.001595796,0.000459682,-0.000187029,,,
1786043769906074125,1786043769.905698012,/novatel/oem7/inspva,/novatel/oem7/inspva,/novatel/oem7/inspva,39.663,-75.756,-1.801007630,0.001184681,0.000007214,0.000129555,0.001177575,0.000007214,,novatel_oem7_msgs.msg.InertialSolutionStatus(status=3),
1786043769907003461,1786043769.905858983,/novatel/oem7/fix,/novatel/oem7/fix,/novatel/oem7/inspva,39.663,-75.756,-1.801007630,0.001184681,0.000007214,0.000129555,0.001177575,0.000007214,,0,
1786043769907741484,1786043769.906563831,/novatel/oem7/odom,/novatel/oem7/fix,/novatel/oem7/odom,39.663,-75.756,-1.801007630,0.001184641,0.000012090,0.001182475,0.000071600,0.000012090,,,
1786043769909944575,1786043769.909412293,/novatel/oem7/bestpos,/novatel/oem7/bestpos,/novatel/oem7/odom,39.663,-75.756,33.181353947,0.001184641,0.000012090,0.001182475,0.000071600,0.000012090,,novatel_oem7_msgs.msg.SolutionStatus(status=0),novatel_oem7_msgs.msg.PositionOrVelocityType(type=53)
1786043769910988776,1786043769.910132553,/novatel/oem7/bestvel,/novatel/oem7/bestpos,/novatel/oem7/bestvel,39.663,-75.756,33.181353947,0.001548796,-0.000004951,,,,96.314719746,novatel_oem7_msgs.msg.SolutionStatus(status=0),novatel_oem7_msgs.msg.PositionOrVelocityType(type=53)
1786043769916312865,1786043769.915609685,/novatel/oem7/odom,/novatel/oem7/bestpos,/novatel/oem7/odom,39.663,-75.756,33.181353947,0.001184641,0.000012090,0.001182475,0.000071600,0.000012090,,,
1786043769926674582,1786043769.925994809,/novatel/oem7/inspva,/novatel/oem7/inspva,/novatel/oem7/inspva,39.663,-75.756,-1.801012469,0.001967042,-0.000088929,0.000558154,0.001886192,-0.000088929,,novatel_oem7_msgs.msg.InertialSolutionStatus(status=3),
1786043769927944911,1786043769.926299772,/novatel/oem7/fix,/novatel/oem7/fix,/novatel/oem7/inspva,39.663,-75.756,-1.801012469,0.001967042,-0.000088929,0.000558154,0.001886192,-0.000088929,,0,
1786043769928908669,1786043769.926892168,/novatel/oem7/odom,/novatel/oem7/fix,/novatel/oem7/odom,39.663,-75.756,-1.801012469,0.001967418,-0.000080183,0.001911635,0.000465171,-0.000080183,,,
1786043769935312692,1786043769.934696503,/novatel/oem7/odom,/novatel/oem7/fix,/novatel/oem7/odom,39.663,-75.756,-1.801012469,0.001967418,-0.000080183,0.001911635,0.000465171,-0.000080183,,,
1786043769946970289,1786043769.946249853,/novatel/oem7/inspva,/novatel/oem7/inspva,/novatel/oem7/inspva,39.663,-75.756,-1.801014469,0.001756056,0.000064022,-0.000049496,0.001755359,0.000064022,,novatel_oem7_msgs.msg.InertialSolutionStatus(status=3),
1786043769948404667,1786043769.946534082,/novatel/oem7/fix,/novatel/oem7/fix,/novatel/oem7/inspva,39.663,-75.756,-1.801014469,0.001756056,0.000064022,-0.000049496,0.001755359,0.000064022,,0,
1786043769949386010,1786043769.947132801,/novatel/oem7/odom,/novatel/oem7/fix,/novatel/oem7/odom,39.663,-75.756,-1.801014469,0.001755803,0.000070636,0.001750550,-0.000135714,0.000070636,,,
1786043769956681450,1786043769.956038581,/novatel/oem7/odom,/novatel/oem7/fix,/novatel/oem7/odom,39.663,-75.756,-1.801014469,0.001755803,0.000070636,0.001750550,-0.000135714,0.000070636,,,
1786043769965948566,1786043769.965416755,/novatel/oem7/inspva,/novatel/oem7/inspva,/novatel/oem7/inspva,39.663,-75.756,-1.801015434,0.001908495,0.000129307,0.000151250,0.001902493,0.000129307,,novatel_oem7_msgs.msg.InertialSolutionStatus(status=3),
1786043769967273130,1786043769.965741948,/novatel/oem7/fix,/novatel/oem7/fix,/novatel/oem7/inspva,39.663,-75.756,-1.801015434,0.001908495,0.000129307,0.000151250,0.001902493,0.000129307,,0,
1786043769968301445,1786043769.966345879,/novatel/oem7/odom,/novatel/oem7/fix,/novatel/oem7/odom,39.663,-75.756,-1.801015434,0.001907959,0.000136996,0.001907095,0.000057406,0.000136996,,,
1786043769976217867,1786043769.975668334,/novatel/oem7/odom,/novatel/oem7/fix,/novatel/oem7/odom,39.663,-75.756,-1.801015434,0.001907959,0.000136996,0.001907095,0.000057406,0.000136996,,,
1786043769986213158,1786043769.985351881,/novatel/oem7/inspva,/novatel/oem7/inspva,/novatel/oem7/inspva,39.663,-75.756,-1.801017471,0.001799711,0.000236451,-0.000221787,0.001785992,0.000236451,,novatel_oem7_msgs.msg.InertialSolutionStatus(status=3),
1786043769987844065,1786043769.985669225,/novatel/oem7/fix,/novatel/oem7/fix,/novatel/oem7/inspva,39.663,-75.756,-1.801017471,0.001799711,0.000236451,-0.000221787,0.001785992,0.000236451,,0,
1786043769988887007,1786043769.986371587,/novatel/oem7/odom,/novatel/oem7/fix,/novatel/oem7/odom,39.663,-75.756,-1.801017471,0.001798878,0.000242707,0.001772007,-0.000309760,0.000242707,,,
1786043769994931430,1786043769.994359783,/novatel/oem7/odom,/novatel/oem7/fix,/novatel/oem7/odom,39.663,-75.756,-1.801017471,0.001798878,0.000242707,0.001772007,-0.000309760,0.000242707,,,
1786043770009044845,1786043770.008445990,/novatel/oem7/inspva,/novatel/oem7/inspva,/novatel/oem7/inspva,39.663,-75.756,-1.801019307,0.002018593,0.000192975,-0.000023288,0.002018458,0.000192975,,novatel_oem7_msgs.msg.InertialSolutionStatus(status=3),
1786043770010213030,1786043770.008677779,/novatel/oem7/fix,/novatel/oem7/fix,/novatel/oem7/inspva,39.663,-75.756,-1.801019307,0.002018593,0.000192975,-0.000023288,0.002018458,0.000192975,,0,
1786043770012212092,1786043770.011661749,/novatel/oem7/odom,/novatel/oem7/fix,/novatel/oem7/odom,39.663,-75.756,-1.801019307,0.002017844,0.000200653,0.002014104,-0.000122804,0.000200653,,,
1786043770016207408,1786043770.015620460,/novatel/oem7/odom,/novatel/oem7/fix,/novatel/oem7/odom,39.663,-75.756,-1.801019307,0.002017844,0.000200653,0.002014104,-0.000122804,0.000200653,,,
1786043770027209816,1786043770.026566234,/novatel/oem7/bestpos,/novatel/oem7/bestpos,/novatel/oem7/odom,39.663,-75.756,33.181341847,0.002017844,0.000200653,0.002014104,-0.000122804,0.000200653,,novatel_oem7_msgs.msg.SolutionStatus(status=0),novatel_oem7_msgs.msg.PositionOrVelocityType(type=53)
1786043770028591241,1786043770.027171265,/novatel/oem7/bestvel,/novatel/oem7/bestpos,/novatel/oem7/bestvel,39.663,-75.756,33.181341847,0.002017532,0.000264760,,,,94.027141864,novatel_oem7_msgs.msg.SolutionStatus(status=0),novatel_oem7_msgs.msg.PositionOrVelocityType(type=53)
1786043770029483828,1786043770.027563978,/novatel/oem7/inspva,/novatel/oem7/inspva,/novatel/oem7/inspva,39.663,-75.756,-1.801022114,0.002005757,0.000037519,-0.000198954,0.001995865,0.000037519,,novatel_oem7_msgs.msg.InertialSolutionStatus(status=3),
1786043770030279778,1786043770.027688176,/novatel/oem7/fix,/novatel/oem7/fix,/novatel/oem7/inspva,39.663,-75.756,-1.801022114,0.002005757,0.000037519,-0.000198954,0.001995865,0.000037519,,0,
1786043770031649079,1786043770.028312179,/novatel/oem7/odom,/novatel/oem7/fix,/novatel/oem7/odom,39.663,-75.756,-1.801022114,0.002005611,0.000044648,0.001983534,-0.000296763,0.000044648,,,
1786043770036164886,1786043770.035533749,/novatel/oem7/odom,/novatel/oem7/fix,/novatel/oem7/odom,39.663,-75.756,-1.801022114,0.002005611,0.000044648,0.001983534,-0.000296763,0.000044648,,,
1786043770046543436,1786043770.045614278,/novatel/oem7/inspva,/novatel/oem7/inspva,/novatel/oem7/inspva,39.663,-75.756,-1.801019676,0.001957479,0.000394846,0.000420457,0.001911789,0.000394846,,novatel_oem7_msgs.msg.InertialSolutionStatus(status=3),
1786043770048579756,1786043770.045819970,/novatel/oem7/fix,/novatel/oem7/fix,/novatel/oem7/inspva,39.663,-75.756,-1.801019676,0.001957479,0.000394846,0.000420457,0.001911789,0.000394846,,0,
1786043770050200372,1786043770.046504648,/novatel/oem7/odom,/novatel/oem7/fix,/novatel/oem7/odom,39.663,-75.756,-1.801019676,0.001955756,0.000403291,0.001928539,0.000325142,0.000403291,,,
1786043770057633221,1786043770.056502970,/novatel/oem7/odom,/novatel/oem7/fix,/novatel/oem7/odom,39.663,-75.756,-1.801019676,0.001955756,0.000403291,0.001928539,0.000325142,0.000403291,,,
1786043770067165593,1786043770.066271114,/novatel/oem7/inspva,/novatel/oem7/inspva,/novatel/oem7/inspva,39.663,-75.756,-1.801021196,0.001752300,0.000332284,0.000179529,0.001743079,0.000332284,,novatel_oem7_msgs.msg.InertialSolutionStatus(status=3),
1786043770068967531,1786043770.066417551,/novatel/oem7/fix,/novatel/oem7/fix,/novatel/oem7/inspva,39.663,-75.756,-1.801021196,0.001752300,0.000332284,0.000179529,0.001743079,0.000332284,,0,
1786043770070017468,1786043770.066837912,/novatel/oem7/odom,/novatel/oem7/fix,/novatel/oem7/odom,39.663,-75.756,-1.801021196,0.001750926,0.000339453,0.001748457,0.000092946,0.000339453,,,
1786043770075383069,1786043770.074681919,/novatel/oem7/odom,/novatel/oem7/fix,/novatel/oem7/odom,39.663,-75.756,-1.801021196,0.001750926,0.000339453,0.001748457,0.000092946,0.000339453,,,
1786043770086638508,1786043770.085347068,/novatel/oem7/inspva,/novatel/oem7/inspva,/novatel/oem7/inspva,39.663,-75.756,-1.801023038,0.001990372,0.000153093,0.000062020,0.001989406,0.000153093,,novatel_oem7_msgs.msg.InertialSolutionStatus(status=3),
1786043770088802144,1786043770.085562084,/novatel/oem7/fix,/novatel/oem7/fix,/novatel/oem7/inspva,39.663,-75.756,-1.801023038,0.001990372,0.000153093,0.000062020,0.001989406,0.000153093,,0,
1786043770090454110,1786043770.086281118,/novatel/oem7/odom,/novatel/oem7/fix,/novatel/oem7/odom,39.663,-75.756,-1.801023038,0.001989758,0.000160881,0.001989431,-0.000036065,0.000160881,,,
1786043770096714616,1786043770.095635078,/novatel/oem7/odom,/novatel/oem7/fix,/novatel/oem7/odom,39.663,-75.756,-1.801023038,0.001989758,0.000160881,0.001989431,-0.000036065,0.000160881,,,
1786043770106409857,1786043770.105927024,/novatel/oem7/inspva,/novatel/oem7/inspva,/novatel/oem7/inspva,39.663,-75.756,-1.801024537,0.001805151,0.000221884,0.000101422,0.001802299,0.000221884,,novatel_oem7_msgs.msg.InertialSolutionStatus(status=3),
1786043770107753577,1786043770.106011488,/novatel/oem7/fix,/novatel/oem7/fix,/novatel/oem7/inspva,39.663,-75.756,-1.801024537,0.001805151,0.000221884,0.000101422,0.001802299,0.000221884,,0,
1786043770108864768,1786043770.106504111,/novatel/oem7/odom,/novatel/oem7/fix,/novatel/oem7/odom,39.663,-75.756,-1.801024537,0.001804255,0.000229054,0.001804213,0.000012293,0.000229054,,,
1786043770110531898,1786043770.109441623,/novatel/oem7/bestpos,/novatel/oem7/bestpos,/novatel/oem7/odom,39.663,-75.756,33.181350784,0.001804255,0.000229054,0.001804213,0.000012293,0.000229054,,novatel_oem7_msgs.msg.SolutionStatus(status=0),novatel_oem7_msgs.msg.PositionOrVelocityType(type=53)
1786043770112113308,1786043770.110062428,/novatel/oem7/bestvel,/novatel/oem7/bestpos,/novatel/oem7/bestvel,39.663,-75.756,33.181350784,0.001901427,0.000199886,,,,88.431242153,novatel_oem7_msgs.msg.SolutionStatus(status=0),novatel_oem7_msgs.msg.PositionOrVelocityType(type=53)
1786043770115509552,1786043770.114606489,/novatel/oem7/odom,/novatel/oem7/bestpos,/novatel/oem7/odom,39.663,-75.756,33.181350784,0.001804255,0.000229054,0.001804213,0.000012293,0.000229054,,,
1786043770128590793,1786043770.127500567,/novatel/oem7/inspva,/novatel/oem7/inspva,/novatel/oem7/inspva,39.663,-75.756,-1.801028467,0.002188608,0.000040257,-0.000163422,0.002182498,0.000040257,,novatel_oem7_msgs.msg.InertialSolutionStatus(status=3),
1786043770130623340,1786043770.128594537,/novatel/oem7/fix,/novatel/oem7/fix,/novatel/oem7/inspva,39.663,-75.756,-1.801028467,0.002188608,0.000040257,-0.000163422,0.002182498,0.000040257,,0,
1786043770132755388,1786043770.130132072,/novatel/oem7/odom,/novatel/oem7/fix,/novatel/oem7/odom,39.663,-75.756,-1.801028467,0.002188448,0.000048161,0.002171675,-0.000270436,0.000048161,,,
1786043770136276103,1786043770.135591449,/novatel/oem7/odom,/novatel/oem7/fix,/novatel/oem7/odom,39.663,-75.756,-1.801028467,0.002188448,0.000048161,0.002171675,-0.000270436,0.000048161,,,
1786043770145963474,1786043770.145056150,/novatel/oem7/inspva,/novatel/oem7/inspva,/novatel/oem7/inspva,39.663,-75.756,-1.801031275,0.002221410,-0.000075617,0.000175326,0.002214480,-0.000075617,,novatel_oem7_msgs.msg.InertialSolutionStatus(status=3),
1786043770147724851,1786043770.145307518,/novatel/oem7/fix,/novatel/oem7/fix,/novatel/oem7/inspva,39.663,-75.756,-1.801031275,0.002221410,-0.000075617,0.000175326,0.002214480,-0.000075617,,0,
1786043770149303437,1786043770.145981754,/novatel/oem7/odom,/novatel/oem7/fix,/novatel/oem7/odom,39.663,-75.756,-1.801031275,0.002221697,-0.000066658,0.002220698,0.000066621,-0.000066658,,,
1786043770157503466,1786043770.156357595,/novatel/oem7/odom,/novatel/oem7/fix,/novatel/oem7/odom,39.663,-75.756,-1.801031275,0.002221697,-0.000066658,0.002220698,0.000066621,-0.000066658,,,
1786043770167064755,1786043770.165875765,/novatel/oem7/inspva,/novatel/oem7/inspva,/novatel/oem7/inspva,39.663,-75.756,-1.801033099,0.001662643,0.000080180,0.000047576,0.001661963,0.000080180,,novatel_oem7_msgs.msg.InertialSolutionStatus(status=3),
1786043770169178160,1786043770.167394781,/novatel/oem7/fix,/novatel/oem7/fix,/novatel/oem7/inspva,39.663,-75.756,-1.801033099,0.001662643,0.000080180,0.000047576,0.001661963,0.000080180,,0,
1786043770171508230,1786043770.168659255,/novatel/oem7/odom,/novatel/oem7/fix,/novatel/oem7/odom,39.663,-75.756,-1.801033099,0.001662318,0.000086661,0.001661965,-0.000034254,0.000086661,,,
1786043770175336475,1786043770.174601611,/novatel/oem7/odom,/novatel/oem7/fix,/novatel/oem7/odom,39.663,-75.756,-1.801033099,0.001662318,0.000086661,0.001661965,-0.000034254,0.000086661,,,
1786043770187166054,1786043770.186488658,/novatel/oem7/inspva,/novatel/oem7/inspva,/novatel/oem7/inspva,39.663,-75.756,-1.801034118,0.001828145,0.000203998,0.000162525,0.001820906,0.000203998,,novatel_oem7_msgs.msg.InertialSolutionStatus(status=3),
1786043770188747527,1786043770.186617638,/novatel/oem7/fix,/novatel/oem7/fix,/novatel/oem7/inspva,39.663,-75.756,-1.801034118,0.001828145,0.000203998,0.000162525,0.001820906,0.000203998,,0,
1786043770189947609,1786043770.187050463,/novatel/oem7/odom,/novatel/oem7/fix,/novatel/oem7/odom,39.663,-75.756,-1.801034118,0.001827304,0.000211397,0.001825866,0.000072472,0.000211397,,,
1786043770195361609,1786043770.194696490,/novatel/oem7/odom,/novatel/oem7/fix,/novatel/oem7/odom,39.663,-75.756,-1.801034118,0.001827304,0.000211397,0.001825866,0.000072472,0.000211397,,,
1786043770206749288,1786043770.206225370,/novatel/oem7/inspva,/novatel/oem7/inspva,/novatel/oem7/inspva,39.663,-75.756,-1.801034074,0.002096068,0.000369789,-0.000318989,0.002071653,0.000369789,,novatel_oem7_msgs.msg.InertialSolutionStatus(status=3),
1786043770208181925,1786043770.206326172,/novatel/oem7/fix,/novatel/oem7/fix,/novatel/oem7/inspva,39.663,-75.756,-1.801034074,0.002096068,0.000369789,-0.000318989,0.002071653,0.000369789,,0,
1786043770209314356,1786043770.206993003,/novatel/oem7/odom,/novatel/oem7/fix,/novatel/oem7/odom,39.663,-75.756,-1.801034074,0.002094810,0.000376847,0.002052026,-0.000421210,0.000376847,,,
1786043770210980853,1786043770.210257750,/novatel/oem7/bestpos,/novatel/oem7/bestpos,/novatel/oem7/odom,39.663,-75.756,33.181328119,0.002094810,0.000376847,0.002052026,-0.000421210,0.000376847,,novatel_oem7_msgs.msg.SolutionStatus(status=0),novatel_oem7_msgs.msg.PositionOrVelocityType(type=53)
1786043770212603629,1786043770.210579021,/novatel/oem7/bestvel,/novatel/oem7/bestpos,/novatel/oem7/bestvel,39.663,-75.756,33.181328119,0.001973320,0.000076628,,,,81.478108339,novatel_oem7_msgs.msg.SolutionStatus(status=0),novatel_oem7_msgs.msg.PositionOrVelocityType(type=53)
1786043770217039404,1786043770.216060814,/novatel/oem7/odom,/novatel/oem7/bestpos,/novatel/oem7/odom,39.663,-75.756,33.181328119,0.002094810,0.000376847,0.002052026,-0.000421210,0.000376847,,,
1786043770225861469,1786043770.225064111,/novatel/oem7/inspva,/novatel/oem7/inspva,/novatel/oem7/inspva,39.663,-75.756,-1.801035639,0.002134683,0.000222763,0.000001953,0.002134682,0.000222763,,novatel_oem7_msgs.msg.InertialSolutionStatus(status=3),
1786043770227747965,1786043770.225462375,/novatel/oem7/fix,/novatel/oem7/fix,/novatel/oem7/inspva,39.663,-75.756,-1.801035639,0.002134683,0.000222763,0.000001953,0.002134682,0.000222763,,0,
1786043770229310004,1786043770.225979344,/novatel/oem7/odom,/novatel/oem7/fix,/novatel/oem7/odom,39.663,-75.756,-1.801035639,0.002133810,0.000230972,0.002131306,-0.000103349,0.000230972,,,
1786043770235175059,1786043770.234482956,/novatel/oem7/odom,/novatel/oem7/fix,/novatel/oem7/odom,39.663,-75.756,-1.801035639,0.002133810,0.000230972,0.002131306,-0.000103349,0.000230972,,,
1786043770247330835,1786043770.246251797,/novatel/oem7/inspva,/novatel/oem7/inspva,/novatel/oem7/inspva,39.663,-75.756,-1.801033408,0.001969612,0.000124997,-0.000556808,0.001889269,0.000124997,,novatel_oem7_msgs.msg.InertialSolutionStatus(status=3),
1786043770249820023,1786043770.246680545,/novatel/oem7/fix,/novatel/oem7/fix,/novatel/oem7/inspva,39.663,-75.756,-1.801033408,0.001969612,0.000124997,-0.000556808,0.001889269,0.000124997,,0,
1786043770251601704,1786043770.247409252,/novatel/oem7/odom,/novatel/oem7/fix,/novatel/oem7/odom,39.663,-75.756,-1.801033408,0.001969241,0.000130711,0.001859167,-0.000649159,0.000130711,,,
1786043770257516967,1786043770.256639685,/novatel/oem7/odom,/novatel/oem7/fix,/novatel/oem7/odom,39.663,-75.756,-1.801033408,0.001969241,0.000130711,0.001859167,-0.000649159,0.000130711,,,
1786043770266014249,1786043770.265434317,/novatel/oem7/inspva,/novatel/oem7/inspva,/novatel/oem7/inspva,39.663,-75.756,-1.801031458,0.001860282,0.000186996,0.000055269,0.001859461,0.000186996,,novatel_oem7_msgs.msg.InertialSolutionStatus(status=3),
1786043770267399216,1786043770.265692569,/novatel/oem7/fix,/novatel/oem7/fix,/novatel/oem7/inspva,39.663,-75.756,-1.801031458,0.001860282,0.000186996,0.000055269,0.001859461,0.000186996,,0,
1786043770268486257,1786043770.266022056,/novatel/oem7/odom,/novatel/oem7/fix,/novatel/oem7/odom,39.663,-75.756,-1.801031458,0.001859538,0.000194258,0.001859180,-0.000036502,0.000194258,,,
1786043770276208335,1786043770.275404030,/novatel/oem7/odom,/novatel/oem7/fix,/novatel/oem7/odom,39.663,-75.756,-1.801031458,0.001859538,0.000194258,0.001859180,-0.000036502,0.000194258,,,
1786043770287133754,1786043770.286525888,/novatel/oem7/inspva,/novatel/oem7/inspva,/novatel/oem7/inspva,39.663,-75.756,-1.801032422,0.001433853,-0.000025399,-0.000350978,0.001390233,-0.000025399,,novatel_oem7_msgs.msg.InertialSolutionStatus(status=3),
1786043770288648800,1786043770.286724374,/novatel/oem7/fix,/novatel/oem7/fix,/novatel/oem7/inspva,39.663,-75.756,-1.801032422,0.001433853,-0.000025399,-0.000350978,0.001390233,-0.000025399,,0,
1786043770289767764,1786043770.287188655,/novatel/oem7/odom,/novatel/oem7/fix,/novatel/oem7/odom,39.663,-75.756,-1.801032422,0.001433924,-0.000021026,0.001371429,-0.000418713,-0.000021026,,,
1786043770295828342,1786043770.295169688,/novatel/oem7/odom,/novatel/oem7/fix,/novatel/oem7/odom,39.663,-75.756,-1.801032422,0.001433924,-0.000021026,0.001371429,-0.000418713,-0.000021026,,,
1786043770306630383,1786043770.306011986,/novatel/oem7/inspva,/novatel/oem7/inspva,/novatel/oem7/inspva,39.663,-75.756,-1.801030024,0.001667525,0.000039686,0.000141027,0.001661551,0.000039686,,novatel_oem7_msgs.msg.InertialSolutionStatus(status=3),
1786043770308082055,1786043770.306117755,/novatel/oem7/fix,/novatel/oem7/fix,/novatel/oem7/inspva,39.663,-75.756,-1.801030024,0.001667525,0.000039686,0.000141027,0.001661551,0.000039686,,0,
1786043770309239223,1786043770.306576276,/novatel/oem7/odom,/novatel/oem7/fix,/novatel/oem7/odom,39.663,-75.756,-1.801030024,0.001667352,0.000046415,0.001666299,0.000059232,0.000046415,,,
1786043770310886376,1786043770.309539822,/novatel/oem7/bestpos,/novatel/oem7/bestpos,/novatel/oem7/odom,39.663,-75.756,33.181338870,0.001667352,0.000046415,0.001666299,0.000059232,0.000046415,,novatel_oem7_msgs.msg.SolutionStatus(status=0),novatel_oem7_msgs.msg.PositionOrVelocityType(type=53)
1786043770311874446,1786043770.310203586,/novatel/oem7/bestvel,/novatel/oem7/bestpos,/novatel/oem7/bestvel,39.663,-75.756,33.181338870,0.001339154,0.000302326,,,,91.081012156,novatel_oem7_msgs.msg.SolutionStatus(status=0),novatel_oem7_msgs.msg.PositionOrVelocityType(type=53)
1786043770315304347,1786043770.314563703,/novatel/oem7/odom,/novatel/oem7/bestpos,/novatel/oem7/odom,39.663,-75.756,33.181338870,0.001667352,0.000046415,0.001666299,0.000059232,0.000046415,,,
1786043770325648101,1786043770.325094099,/novatel/oem7/inspva,/novatel/oem7/inspva,/novatel/oem7/inspva,39.663,-75.756,-1.801027928,0.001586012,0.000138871,-0.000348537,0.001547242,0.000138871,,novatel_oem7_msgs.msg.InertialSolutionStatus(status=3),
1786043770327013728,1786043770.325266737,/novatel/oem7/fix,/novatel/oem7/fix,/novatel/oem7/inspva,39.663,-75.756,-1.801027928,0.001586012,0.000138871,-0.000348537,0.001547242,0.000138871,,0,
1786043770328125066,1786043770.325716032,/novatel/oem7/odom,/novatel/oem7/fix,/novatel/oem7/odom,39.663,-75.756,-1.801027928,0.001585570,0.000143833,0.001527723,-0.000424375,0.000143833,,,
1786043770336076896,1786043770.335357835,/novatel/oem7/odom,/novatel/oem7/fix,/novatel/oem7/odom,39.663,-75.756,-1.801027928,0.001585570,0.000143833,0.001527723,-0.000424375,0.000143833,,,
1786043770346864937,1786043770.345991155,/novatel/oem7/inspva,/novatel/oem7/inspva,/novatel/oem7/inspva,39.663,-75.756,-1.801027073,0.001715981,0.000214089,-0.000170464,0.001707493,0.000214089,,novatel_oem7_msgs.msg.InertialSolutionStatus(status=3),
1786043770348876357,1786043770.346372926,/novatel/oem7/fix,/novatel/oem7/fix,/novatel/oem7/inspva,39.663,-75.756,-1.801027073,0.001715981,0.000214089,-0.000170464,0.001707493,0.000214089,,0,
1786043770350537324,1786043770.347026916,/novatel/oem7/odom,/novatel/oem7/fix,/novatel/oem7/odom,39.663,-75.756,-1.801027073,0.001715214,0.000220146,0.001696219,-0.000254562,0.000220146,,,
1786043770356772337,1786043770.355781287,/novatel/oem7/odom,/novatel/oem7/fix,/novatel/oem7/odom,39.663,-75.756,-1.801027073,0.001715214,0.000220146,0.001696219,-0.000254562,0.000220146,,,
1786043770367449534,1786043770.366325433,/novatel/oem7/inspva,/novatel/oem7/inspva,/novatel/oem7/inspva,39.663,-75.756,-1.801026584,0.001425339,-0.000163454,-0.000486789,0.001339637,-0.000163454,,novatel_oem7_msgs.msg.InertialSolutionStatus(status=3),
1786043770369500751,1786043770.366634229,/novatel/oem7/fix,/novatel/oem7/fix,/novatel/oem7/inspva,39.663,-75.756,-1.801026584,0.001425339,-0.000163454,-0.000486789,0.001339637,-0.000163454,,0,
1786043770370956106,1786043770.367130494,/novatel/oem7/odom,/novatel/oem7/fix,/novatel/oem7/odom,39.663,-75.756,-1.801026584,0.001425769,-0.000159666,0.001314778,-0.000551521,-0.000159666,,,
1786043770376267422,1786043770.375496522,/novatel/oem7/odom,/novatel/oem7/fix,/novatel/oem7/odom,39.663,-75.756,-1.801026584,0.001425769,-0.000159666,0.001314778,-0.000551521,-0.000159666,,,
1786043770385956920,1786043770.385238849,/novatel/oem7/inspva,/novatel/oem7/inspva,/novatel/oem7/inspva,39.663,-75.756,-1.801020980,0.001363521,0.000138883,-0.000237298,0.001342713,0.000138883,,novatel_oem7_msgs.msg.InertialSolutionStatus(status=3),
1786043770387372844,1786043770.385461148,/novatel/oem7/fix,/novatel/oem7/fix,/novatel/oem7/inspva,39.663,-75.756,-1.801020980,0.001363521,0.000138883,-0.000237298,0.001342713,0.000138883,,0,
1786043770388416451,1786043770.385875542,/novatel/oem7/odom,/novatel/oem7/fix,/novatel/oem7/odom,39.663,-75.756,-1.801020980,0.001363059,0.000143350,0.001328901,-0.000303232,0.000143350,,,
1786043770395199789,1786043770.394477502,/novatel/oem7/odom,/novatel/oem7/fix,/novatel/oem7/odom,39.663,-75.756,-1.801020980,0.001363059,0.000143350,0.001328901,-0.000303232,0.000143350,,,
1786043770407408752,1786043770.406761059,/novatel/oem7/inspva,/novatel/oem7/inspva,/novatel/oem7/inspva,39.663,-75.756,-1.801016376,0.001300074,0.000168051,-0.000303323,0.001264194,0.000168051,,novatel_oem7_msgs.msg.InertialSolutionStatus(status=3),
1786043770408787829,1786043770.406930393,/novatel/oem7/fix,/novatel/oem7/fix,/novatel/oem7/inspva,39.663,-75.756,-1.801016376,0.001300074,0.000168051,-0.000303323,0.001264194,0.000168051,,0,
1786043770409905180,1786043770.407305554,/novatel/oem7/odom,/novatel/oem7/fix,/novatel/oem7/odom,39.663,-75.756,-1.801016376,0.001299552,0.000172044,0.001247124,-0.000365398,0.000172044,,,
1786043770411499923,1786043770.410401242,/novatel/oem7/bestpos,/novatel/oem7/bestpos,/novatel/oem7/odom,39.663,-75.756,33.181362690,0.001299552,0.000172044,0.001247124,-0.000365398,0.000172044,,novatel_oem7_msgs.msg.SolutionStatus(status=0),novatel_oem7_msgs.msg.PositionOrVelocityType(type=53)
1786043770412455679,1786043770.410817099,/novatel/oem7/bestvel,/novatel/oem7/bestpos,/novatel/oem7/bestvel,39.663,-75.756,33.181362690,0.001077835,0.000254616,,,,103.912384535,novatel_oem7_msgs.msg.SolutionStatus(status=0),novatel_oem7_msgs.msg.PositionOrVelocityType(type=53)
1786043770415571884,1786043770.414814766,/novatel/oem7/odom,/novatel/oem7/bestpos,/novatel/oem7/odom,39.663,-75.756,33.181362690,0.001299552,0.000172044,0.001247124,-0.000365398,0.000172044,,,
1786043770426462889,1786043770.425458293,/novatel/oem7/inspva,/novatel/oem7/inspva,/novatel/oem7/inspva,39.663,-75.756,-1.801009567,0.001364883,0.000360941,-0.000054709,0.001363786,0.000360941,,novatel_oem7_msgs.msg.InertialSolutionStatus(status=3),
1786043770428356778,1786043770.425713382,/novatel/oem7/fix,/novatel/oem7/fix,/novatel/oem7/inspva,39.663,-75.756,-1.801009567,0.001364883,0.000360941,-0.000054709,0.001363786,0.000360941,,0,
1786043770429452326,1786043770.426543194,/novatel/oem7/odom,/novatel/oem7/fix,/novatel/oem7/odom,39.663,-75.756,-1.801009567,0.001363541,0.000365979,0.001358032,-0.000122452,0.000365979,,,
1786043770436295752,1786043770.435541317,/novatel/oem7/odom,/novatel/oem7/fix,/novatel/oem7/odom,39.663,-75.756,-1.801009567,0.001363541,0.000365979,0.001358032,-0.000122452,0.000365979,,,
1786043770446305252,1786043770.445383879,/novatel/oem7/inspva,/novatel/oem7/inspva,/novatel/oem7/inspva,39.663,-75.756,-1.801003582,0.001647576,0.000168818,-0.000114167,0.001643616,0.000168818,,novatel_oem7_msgs.msg.InertialSolutionStatus(status=3),
1786043770447896705,1786043770.445633809,/novatel/oem7/fix,/novatel/oem7/fix,/novatel/oem7/inspva,39.663,-75.756,-1.801003582,0.001647576,0.000168818,-0.000114167,0.001643616,0.000168818,,0,
1786043770449029720,1786043770.446135431,/novatel/oem7/odom,/novatel/oem7/fix,/novatel/oem7/odom,39.663,-75.756,-1.801003582,0.001646958,0.000174752,0.001635362,-0.000195095,0.000174752,,,
1786043770457118427,1786043770.456332846,/novatel/oem7/odom,/novatel/oem7/fix,/novatel/oem7/odom,39.663,-75.756,-1.801003582,0.001646958,0.000174752,0.001635362,-0.000195095,0.000174752,,,
1786043770467194782,1786043770.466115697,/novatel/oem7/inspva,/novatel/oem7/inspva,/novatel/oem7/inspva,39.663,-75.756,-1.800994722,0.001310552,0.000318941,-0.000121691,0.001304890,0.000318941,,novatel_oem7_msgs.msg.InertialSolutionStatus(status=3),
1786043770469202418,1786043770.466540882,/novatel/oem7/fix,/novatel/oem7/fix,/novatel/oem7/inspva,39.663,-75.756,-1.800994722,0.001310552,0.000318941,-0.000121691,0.001304890,0.000318941,,0,
1786043770470777281,1786043770.467222099,/novatel/oem7/odom,/novatel/oem7/fix,/novatel/oem7/odom,39.663,-75.756,-1.800994722,0.001309417,0.000323570,0.001296087,-0.000186358,0.000323570,,,
1786043770475460281,1786043770.474488235,/novatel/oem7/odom,/novatel/oem7/fix,/novatel/oem7/odom,39.663,-75.756,-1.800994722,0.001309417,0.000323570,0.001296087,-0.000186358,0.000323570,,,
1786043770485961657,1786043770.485216343,/novatel/oem7/inspva,/novatel/oem7/inspva,/novatel/oem7/inspva,39.663,-75.756,-1.800989036,0.001312282,0.000218416,-0.000229113,0.001292127,0.000218416,,novatel_oem7_msgs.msg.InertialSolutionStatus(status=3),
1786043770487414668,1786043770.485447651,/novatel/oem7/fix,/novatel/oem7/fix,/novatel/oem7/inspva,39.663,-75.756,-1.800989036,0.001312282,0.000218416,-0.000229113,0.001292127,0.000218416,,0,
1786043770488547793,1786043770.485994141,/novatel/oem7/odom,/novatel/oem7/fix,/novatel/oem7/odom,39.663,-75.756,-1.800989036,0.001311561,0.000222708,0.001278465,-0.000292777,0.000222708,,,
1786043770496586023,1786043770.495584293,/novatel/oem7/odom,/novatel/oem7/fix,/novatel/oem7/odom,39.663,-75.756,-1.800989036,0.001311561,0.000222708,0.001278465,-0.000292777,0.000222708,,,
1786043770506864123,1786043770.506057265,/novatel/oem7/inspva,/novatel/oem7/inspva,/novatel/oem7/inspva,39.663,-75.756,-1.800983992,0.001317199,0.000074870,-0.000406139,0.001253022,0.000074870,,novatel_oem7_msgs.msg.InertialSolutionStatus(status=3),
1786043770508241587,1786043770.506310308,/novatel/oem7/fix,/novatel/oem7/fix,/novatel/oem7/inspva,39.663,-75.756,-1.800983992,0.001317199,0.000074870,-0.000406139,0.001253022,0.000074870,,0,
1786043770509329708,1786043770.506720549,/novatel/oem7/odom,/novatel/oem7/fix,/novatel/oem7/odom,39.663,-75.756,-1.800983992,0.001316987,0.000078514,0.001231292,-0.000467304,0.000078514,,,
1786043770513010985,1786043770.512117673,/novatel/oem7/bestpos,/novatel/oem7/bestpos,/novatel/oem7/odom,39.663,-75.756,33.181401536,0.001316987,0.000078514,0.001231292,-0.000467304,0.000078514,,novatel_oem7_msgs.msg.SolutionStatus(status=0),novatel_oem7_msgs.msg.PositionOrVelocityType(type=53)
1786043770514606298,1786043770.512630744,/novatel/oem7/bestvel,/novatel/oem7/bestpos,/novatel/oem7/bestvel,39.663,-75.756,33.181401536,0.000935263,0.000281813,,,,115.377353609,novatel_oem7_msgs.msg.SolutionStatus(status=0),novatel_oem7_msgs.msg.PositionOrVelocityType(type=53)
1786043770516265135,1786043770.514438836,/novatel/oem7/odom,/novatel/oem7/bestpos,/novatel/oem7/odom,39.663,-75.756,33.181401536,0.001316987,0.000078514,0.001231292,-0.000467304,0.000078514,,,
1786043770527208821,1786043770.526506841,/novatel/oem7/inspva,/novatel/oem7/inspva,/novatel/oem7/inspva,39.663,-75.756,-1.800978228,0.000974782,0.000143838,-0.000199082,0.000954236,0.000143838,,novatel_oem7_msgs.msg.InertialSolutionStatus(status=3),
1786043770528684916,1786043770.526710563,/novatel/oem7/fix,/novatel/oem7/fix,/novatel/oem7/inspva,39.663,-75.756,-1.800978228,0.000974782,0.000143838,-0.000199082,0.000954236,0.000143838,,0,
1786043770529799077,1786043770.527178810,/novatel/oem7/odom,/novatel/oem7/fix,/novatel/oem7/odom,39.663,-75.756,-1.800978228,0.000974322,0.000146928,0.000942750,-0.000246020,0.000146928,,,
1786043770535612595,1786043770.534872861,/novatel/oem7/odom,/novatel/oem7/fix,/novatel/oem7/odom,39.663,-75.756,-1.800978228,0.000974322,0.000146928,0.000942750,-0.000246020,0.000146928,,,
1786043770545804977,1786043770.544977979,/novatel/oem7/inspva,/novatel/oem7/inspva,/novatel/oem7/inspva,39.663,-75.756,-1.800972536,0.001123344,0.000382907,-0.000544581,0.000982514,0.000382907,,novatel_oem7_msgs.msg.InertialSolutionStatus(status=3),
1786043770547456014,1786043770.545184815,/novatel/oem7/fix,/novatel/oem7/fix,/novatel/oem7/inspva,39.663,-75.756,-1.800972536,0.001123344,0.000382907,-0.000544581,0.000982514,0.000382907,,0,
1786043770548601029,1786043770.545675733,/novatel/oem7/odom,/novatel/oem7/fix,/novatel/oem7/odom,39.663,-75.756,-1.800972536,0.001122574,0.000385159,0.000953108,-0.000593091,0.000385159,,,
1786043770556772281,1786043770.555972440,/novatel/oem7/odom,/novatel/oem7/fix,/novatel/oem7/odom,39.663,-75.756,-1.800972536,0.001122574,0.000385159,0.000953108,-0.000593091,0.000385159,,,
1786043770566307637,1786043770.565398698,/novatel/oem7/inspva,/novatel/oem7/inspva,/novatel/oem7/inspva,39.663,-75.756,-1.800969319,0.000900539,0.000218913,-0.000313599,0.000844172,0.000218913,,novatel_oem7_msgs.msg.InertialSolutionStatus(status=3),
1786043770568386594,1786043770.565666671,/novatel/oem7/fix,/novatel/oem7/fix,/novatel/oem7/inspva,39.663,-75.756,-1.800969319,0.000900539,0.000218913,-0.000313599,0.000844172,0.000218913,,0,
1786043770569999484,1786043770.566227343,/novatel/oem7/odom,/novatel/oem7/fix,/novatel/oem7/odom,39.663,-75.756,-1.800969319,0.000899964,0.000221267,0.000826905,-0.000355195,0.000221267,,,
1786043770576081375,1786043770.575171586,/novatel/oem7/odom,/novatel/oem7/fix,/novatel/oem7/odom,39.663,-75.756,-1.800969319,0.000899964,0.000221267,0.000826905,-0.000355195,0.000221267,,,
1786043770587018261,1786043770.586151379,/novatel/oem7/inspva,/novatel/oem7/inspva,/novatel/oem7/inspva,39.663,-75.756,-1.800963782,0.001129507,0.000249289,-0.000659437,0.000917022,0.000249289,,novatel_oem7_msgs.msg.InertialSolutionStatus(status=3),
1786043770588587141,1786043770.586385049,/novatel/oem7/fix,/novatel/oem7/fix,/novatel/oem7/inspva,39.663,-75.756,-1.800963782,0.001129507,0.000249289,-0.000659437,0.000917022,0.000249289,,0,
1786043770589802913,1786043770.586903317,/novatel/oem7/odom,/novatel/oem7/fix,/novatel/oem7/odom,39.663,-75.756,-1.800963782,0.001129133,0.000250979,0.000882577,-0.000704272,0.000250979,,,
1786043770595674608,1786043770.594690005,/novatel/oem7/odom,/novatel/oem7/fix,/novatel/oem7/odom,39.663,-75.756,-1.800963782,0.001129133,0.000250979,0.000882577,-0.000704272,0.000250979,,,
1786043770607257124,1786043770.606416586,/novatel/oem7/inspva,/novatel/oem7/inspva,/novatel/oem7/inspva,39.663,-75.756,-1.800956070,0.000977577,0.000493913,-0.000704476,0.000677768,0.000493913,,novatel_oem7_msgs.msg.InertialSolutionStatus(status=3),
1786043770608752436,1786043770.606687429,/novatel/oem7/fix,/novatel/oem7/fix,/novatel/oem7/inspva,39.663,-75.756,-1.800956070,0.000977577,0.000493913,-0.000704476,0.000677768,0.000493913,,0,
1786043770610059582,1786043770.607109023,/novatel/oem7/odom,/novatel/oem7/fix,/novatel/oem7/odom,39.663,-75.756,-1.800956070,0.000977242,0.000494574,0.000640446,-0.000738128,0.000494574,,,
1786043770611826980,1786043770.610059002,/novatel/oem7/bestpos,/novatel/oem7/bestpos,/novatel/oem7/odom,39.663,-75.756,33.181427840,0.000977242,0.000494574,0.000640446,-0.000738128,0.000494574,,novatel_oem7_msgs.msg.SolutionStatus(status=0),novatel_oem7_msgs.msg.PositionOrVelocityType(type=53)
1786043770612826550,1786043770.610447833,/novatel/oem7/bestvel,/novatel/oem7/bestpos,/novatel/oem7/bestvel,39.663,-75.756,33.181427840,0.001100606,0.000624398,,,,144.457697383,novatel_oem7_msgs.msg.SolutionStatus(status=0),novatel_oem7_msgs.msg.PositionOrVelocityType(type=53)
1786043770616454620,1786043770.615691416,/novatel/oem7/odom,/novatel/oem7/bestpos,/novatel/oem7/odom,39.663,-75.756,33.181427840,0.000977242,0.000494574,0.000640446,-0.000738128,0.000494574,,,
1786043770625943129,1786043770.625100173,/novatel/oem7/inspva,/novatel/oem7/inspva,/novatel/oem7/inspva,39.663,-75.756,-1.800953074,0.001230010,0.000485967,-0.000815127,0.000921136,0.000485967,,novatel_oem7_msgs.msg.InertialSolutionStatus(status=3),
1786043770627361163,1786043770.625353666,/novatel/oem7/fix,/novatel/oem7/fix,/novatel/oem7/inspva,39.663,-75.756,-1.800953074,0.001230010,0.000485967,-0.000815127,0.000921136,0.000485967,,0,
1786043770628515345,1786043770.626023753,/novatel/oem7/odom,/novatel/oem7/fix,/novatel/oem7/odom,39.663,-75.756,-1.800953074,0.001229497,0.000487262,0.000878121,-0.000860562,0.000487262,,,
1786043770635719890,1786043770.634762540,/novatel/oem7/odom,/novatel/oem7/fix,/novatel/oem7/odom,39.663,-75.756,-1.800953074,0.001229497,0.000487262,0.000878121,-0.000860562,0.000487262,,,
1786043770647640033,1786043770.646808931,/novatel/oem7/inspva,/novatel/oem7/inspva,/novatel/oem7/inspva,39.663,-75.756,-1.800949768,0.000787581,0.000152705,-0.000513909,0.000596809,0.000152705,,novatel_oem7_msgs.msg.InertialSolutionStatus(status=3),
1786043770649387107,1786043770.647041731,/novatel/oem7/fix,/novatel/oem7/fix,/novatel/oem7/inspva,39.663,-75.756,-1.800949768,0.000787581,0.000152705,-0.000513909,0.000596809,0.000152705,,0,
1786043770651085388,1786043770.647583650,/novatel/oem7/odom,/novatel/oem7/fix,/novatel/oem7/odom,39.663,-75.756,-1.800949768,0.000787411,0.000153580,0.000570279,-0.000542953,0.000153580,,,
1786043770657618684,1786043770.656500265,/novatel/oem7/odom,/novatel/oem7/fix,/novatel/oem7/odom,39.663,-75.756,-1.800949768,0.000787411,0.000153580,0.000570279,-0.000542953,0.000153580,,,
1786043770666140485,1786043770.664996894,/novatel/oem7/inspva,/novatel/oem7/inspva,/novatel/oem7/inspva,39.663,-75.756,-1.800943148,0.001089903,0.000408884,-0.000714295,0.000823208,0.000408884,,novatel_oem7_msgs.msg.InertialSolutionStatus(status=3),
1786043770668335391,1786043770.665234980,/novatel/oem7/fix,/novatel/oem7/fix,/novatel/oem7/inspva,39.663,-75.756,-1.800943148,0.001089903,0.000408884,-0.000714295,0.000823208,0.000408884,,0,
1786043770669628987,1786043770.665605205,/novatel/oem7/odom,/novatel/oem7/fix,/novatel/oem7/odom,39.663,-75.756,-1.800943148,0.001089458,0.000410070,0.000785568,-0.000754852,0.000410070,,,
1786043770675934941,1786043770.674684181,/novatel/oem7/odom,/novatel/oem7/fix,/novatel/oem7/odom,39.663,-75.756,-1.800943148,0.001089458,0.000410070,0.000785568,-0.000754852,0.000410070,,,
1786043770686246994,1786043770.685435886,/novatel/oem7/inspva,/novatel/oem7/inspva,/novatel/oem7/inspva,39.663,-75.756,-1.800940091,0.000933417,0.000393050,-0.000687823,0.000631005,0.000393050,,novatel_oem7_msgs.msg.InertialSolutionStatus(status=3),
1786043770688126523,1786043770.685723159,/novatel/oem7/fix,/novatel/oem7/fix,/novatel/oem7/inspva,39.663,-75.756,-1.800940091,0.000933417,0.000393050,-0.000687823,0.000631005,0.000393050,,0,
1786043770689682552,1786043770.686181565,/novatel/oem7/odom,/novatel/oem7/fix,/novatel/oem7/odom,39.663,-75.756,-1.800940091,0.000933197,0.000393573,0.000594958,-0.000718945,0.000393573,,,
1786043770695683202,1786043770.694812573,/novatel/oem7/odom,/novatel/oem7/fix,/novatel/oem7/odom,39.663,-75.756,-1.800940091,0.000933197,0.000393573,0.000594958,-0.000718945,0.000393573,,,
1786043770707216122,1786043770.706078896,/novatel/oem7/inspva,/novatel/oem7/inspva,/novatel/oem7/inspva,39.663,-75.756,-1.800936894,0.000994084,0.000235661,-0.000727469,0.000677489,0.000235661,,novatel_oem7_msgs.msg.InertialSolutionStatus(status=3),
1786043770709411290,1786043770.706497894,/novatel/oem7/fix,/novatel/oem7/fix,/novatel/oem7/inspva,39.663,-75.756,-1.800936894,0.000994084,0.000235661,-0.000727469,0.000677489,0.000235661,,0,
1786043770711006226,1786043770.706942182,/novatel/oem7/odom,/novatel/oem7/fix,/novatel/oem7/odom,39.663,-75.756,-1.800936894,0.000993940,0.000236267,0.000640053,-0.000760428,0.000236267,,,
1786043770713154751,1786043770.709359903,/novatel/oem7/bestpos,/novatel/oem7/bestpos,/novatel/oem7/odom,39.663,-75.756,33.181446383,0.000993940,0.000236267,0.000640053,-0.000760428,0.000236267,,novatel_oem7_msgs.msg.SolutionStatus(status=0),novatel_oem7_msgs.msg.PositionOrVelocityType(type=53)
1786043770714594862,1786043770.710028280,/novatel/oem7/bestvel,/novatel/oem7/bestpos,/novatel/oem7/bestvel,39.663,-75.756,33.181446383,0.001196849,0.000222023,,,,135.263733350,novatel_oem7_msgs.msg.SolutionStatus(status=0),novatel_oem7_msgs.msg.PositionOrVelocityType(type=53)
1786043770716790904,1786043770.714477341,/novatel/oem7/odom,/novatel/oem7/bestpos,/novatel/oem7/odom,39.663,-75.756,33.181446383,0.000993940,0.000236267,0.000640053,-0.000760428,0.000236267,,,
1786043770725851609,1786043770.725279463,/novatel/oem7/inspva,/novatel/oem7/inspva,/novatel/oem7/inspva,39.663,-75.756,-1.800928816,0.001370192,0.000628798,-0.001145820,0.000751347,0.000628798,,novatel_oem7_msgs.msg.InertialSolutionStatus(status=3),
1786043770727295376,1786043770.725561842,/novatel/oem7/fix,/novatel/oem7/fix,/novatel/oem7/inspva,39.663,-75.756,-1.800928816,0.001370192,0.000628798,-0.001145820,0.000751347,0.000628798,,0,
1786043770728488838,1786043770.726052594,/novatel/oem7/odom,/novatel/oem7/fix,/novatel/oem7/odom,39.663,-75.756,-1.800928816,0.001370308,0.000628545,0.000691751,-0.001182888,0.000628545,,,
1786043770736700237,1786043770.735701862,/novatel/oem7/odom,/novatel/oem7/fix,/novatel/oem7/odom,39.663,-75.756,-1.800928816,0.001370308,0.000628545,0.000691751,-0.001182888,0.000628545,,,
1786043770745677514,1786043770.744955084,/novatel/oem7/inspva,/novatel/oem7/inspva,/novatel/oem7/inspva,39.663,-75.756,-1.800923060,0.001404805,0.000679379,-0.001019357,0.000966637,0.000679379,,novatel_oem7_msgs.msg.InertialSolutionStatus(status=3),
1786043770747317844,1786043770.745178653,/novatel/oem7/fix,/novatel/oem7/fix,/novatel/oem7/inspva,39.663,-75.756,-1.800923060,0.001404805,0.000679379,-0.001019357,0.000966637,0.000679379,,0,
1786043770748534596,1786043770.745594097,/novatel/oem7/odom,/novatel/oem7/fix,/novatel/oem7/odom,39.663,-75.756,-1.800923060,0.001404375,0.000680266,0.000912785,-0.001067284,0.000680266,,,
1786043770756241824,1786043770.755589213,/novatel/oem7/odom,/novatel/oem7/fix,/novatel/oem7/odom,39.663,-75.756,-1.800923060,0.001404375,0.000680266,0.000912785,-0.001067284,0.000680266,,,
1786043770767777756,1786043770.766758812,/novatel/oem7/inspva,/novatel/oem7/inspva,/novatel/oem7/inspva,39.663,-75.756,-1.800917611,0.001045883,0.000402287,-0.000646385,0.000822227,0.000402287,,novatel_oem7_msgs.msg.InertialSolutionStatus(status=3),
1786043770770036725,1786043770.767068209,/novatel/oem7/fix,/novatel/oem7/fix,/novatel/oem7/inspva,39.663,-75.756,-1.800917611,0.001045883,0.000402287,-0.000646385,0.000822227,0.000402287,,0,
1786043770771696292,1786043770.767569697,/novatel/oem7/odom,/novatel/oem7/fix,/novatel/oem7/odom,39.663,-75.756,-1.800917611,0.001045357,0.000403653,0.000787932,-0.000686975,0.000403653,,,
1786043770775567678,1786043770.774713645,/novatel/oem7/odom,/novatel/oem7/fix,/novatel/oem7/odom,39.663,-75.756,-1.800917611,0.001045357,0.000403653,0.000787932,-0.000686975,0.000403653,,,
1786043770785729140,1786043770.784981038,/novatel/oem7/inspva,/novatel/oem7/inspva,/novatel/oem7/inspva,39.663,-75.756,-1.800910985,0.001018966,0.000177144,-0.000600838,0.000822974,0.000177144,,novatel_oem7_msgs.msg.InertialSolutionStatus(status=3),
1786043770787643539,1786043770.785290135,/novatel/oem7/fix,/novatel/oem7/fix,/novatel/oem7/inspva,39.663,-75.756,-1.800910985,0.001018966,0.000177144,-0.000600838,0.000822974,0.000177144,,0,
1786043770788764850,1786043770.785757003,/novatel/oem7/odom,/novatel/oem7/fix,/novatel/oem7/odom,39.663,-75.756,-1.800910985,0.001018708,0.000178623,0.000791797,-0.000640955,0.000178623,,,
1786043770795806641,1786043770.794794594,/novatel/oem7/odom,/novatel/oem7/fix,/novatel/oem7/odom,39.663,-75.756,-1.800910985,0.001018708,0.000178623,0.000791797,-0.000640955,0.000178623,,,
1786043770807115904,1786043770.806381030,/novatel/oem7/inspva,/novatel/oem7/inspva,/novatel/oem7/inspva,39.663,-75.756,-1.800898826,0.000957228,0.000886295,-0.000576311,0.000764297,0.000886295,,novatel_oem7_msgs.msg.InertialSolutionStatus(status=3),
1786043770808689896,1786043770.806688413,/novatel/oem7/fix,/novatel/oem7/fix,/novatel/oem7/inspva,39.663,-75.756,-1.800898826,0.000957228,0.000886295,-0.000576311,0.000764297,0.000886295,,0,
1786043770809902072,1786043770.807305003,/novatel/oem7/odom,/novatel/oem7/fix,/novatel/oem7/odom,39.663,-75.756,-1.800898826,0.000956006,0.000887613,0.000731631,-0.000615356,0.000887613,,,
1786043770811591886,1786043770.810187095,/novatel/oem7/bestpos,/novatel/oem7/bestpos,/novatel/oem7/odom,39.663,-75.756,33.181481474,0.000956006,0.000887613,0.000731631,-0.000615356,0.000887613,,novatel_oem7_msgs.msg.SolutionStatus(status=0),novatel_oem7_msgs.msg.PositionOrVelocityType(type=53)
1786043770812656260,1786043770.810480813,/novatel/oem7/bestvel,/novatel/oem7/bestpos,/novatel/oem7/bestvel,39.663,-75.756,33.181481474,0.001222791,0.000814300,,,,123.634950046,novatel_oem7_msgs.msg.SolutionStatus(status=0),novatel_oem7_msgs.msg.PositionOrVelocityType(type=53)
1786043770815492248,1786043770.814779768,/novatel/oem7/odom,/novatel/oem7/bestpos,/novatel/oem7/odom,39.663,-75.756,33.181481474,0.000956006,0.000887613,0.000731631,-0.000615356,0.000887613,,,
1786043770826716441,1786043770.826177361,/novatel/oem7/inspva,/novatel/oem7/inspva,/novatel/oem7/inspva,39.663,-75.756,-1.800894885,0.001313095,0.000498823,-0.000803477,0.001038578,0.000498823,,novatel_oem7_msgs.msg.InertialSolutionStatus(status=3),
1786043770828108358,1786043770.826282289,/novatel/oem7/fix,/novatel/oem7/fix,/novatel/oem7/inspva,39.663,-75.756,-1.800894885,0.001313095,0.000498823,-0.000803477,0.001038578,0.000498823,,0,
1786043770829187976,1786043770.826737761,/novatel/oem7/odom,/novatel/oem7/fix,/novatel/oem7/odom,39.663,-75.756,-1.800894885,0.001312431,0.000500568,0.000995938,-0.000854741,0.000500568,,,
1786043770835228323,1786043770.834543920,/novatel/oem7/odom,/novatel/oem7/fix,/novatel/oem7/odom,39.663,-75.756,-1.800894885,0.001312431,0.000500568,0.000995938,-0.000854741,0.000500568,,,
1786043770845851989,1786043770.845327401,/novatel/oem7/inspva,/novatel/oem7/inspva,/novatel/oem7/inspva,39.663,-75.756,-1.800886214,0.001328619,0.000470765,-0.000803131,0.001058399,0.000470765,,novatel_oem7_msgs.msg.InertialSolutionStatus(status=3),
1786043770847273704,1786043770.845522526,/novatel/oem7/fix,/novatel/oem7/fix,/novatel/oem7/inspva,39.663,-75.756,-1.800886214,0.001328619,0.000470765,-0.000803131,0.001058399,0.000470765,,0,
1786043770848465166,1786043770.846083679,/novatel/oem7/odom,/novatel/oem7/fix,/novatel/oem7/odom,39.663,-75.756,-1.800886214,0.001327971,0.000472592,0.001015865,-0.000855292,0.000472592,,,
1786043770856896517,1786043770.856215967,/novatel/oem7/odom,/novatel/oem7/fix,/novatel/oem7/odom,39.663,-75.756,-1.800886214,0.001327971,0.000472592,0.001015865,-0.000855292,0.000472592,,,
1786043770865590591,1786043770.865053469,/novatel/oem7/inspva,/novatel/oem7/inspva,/novatel/oem7/inspva,39.663,-75.756,-1.800874818,0.001618901,0.000663845,-0.000990262,0.001280711,0.000663845,,novatel_oem7_msgs.msg.InertialSolutionStatus(status=3),
1786043770867475050,1786043770.865215388,/novatel/oem7/fix,/novatel/oem7/fix,/novatel/oem7/inspva,39.663,-75.756,-1.800874818,0.001618901,0.000663845,-0.000990262,0.001280711,0.000663845,,0,
1786043770868656685,1786043770.865734126,/novatel/oem7/odom,/novatel/oem7/fix,/novatel/oem7/odom,39.663,-75.756,-1.800874818,0.001618018,0.000665995,0.001227965,-0.001053605,0.000665995,,,
1786043770875187474,1786043770.874520194,/novatel/oem7/odom,/novatel/oem7/fix,/novatel/oem7/odom,39.663,-75.756,-1.800874818,0.001618018,0.000665995,0.001227965,-0.001053605,0.000665995,,,
1786043770886236869,1786043770.885752970,/novatel/oem7/inspva,/novatel/oem7/inspva,/novatel/oem7/inspva,39.663,-75.756,-1.800865610,0.001710996,0.000374931,-0.001183124,0.001236012,0.000374931,,novatel_oem7_msgs.msg.InertialSolutionStatus(status=3),
1786043770887669993,1786043770.885859039,/novatel/oem7/fix,/novatel/oem7/fix,/novatel/oem7/inspva,39.663,-75.756,-1.800865610,0.001710996,0.000374931,-0.001183124,0.001236012,0.000374931,,0,
1786043770888822481,1786043770.886555792,/novatel/oem7/odom,/novatel/oem7/fix,/novatel/oem7/odom,39.663,-75.756,-1.800865610,0.001710671,0.000376409,0.001174990,-0.001243300,0.000376409,,,
1786043770895577509,1786043770.894887519,/novatel/oem7/odom,/novatel/oem7/fix,/novatel/oem7/odom,39.663,-75.756,-1.800865610,0.001710671,0.000376409,0.001174990,-0.001243300,0.000376409,,,
1786043770906291796,1786043770.905765715,/novatel/oem7/inspva,/novatel/oem7/inspva,/novatel/oem7/inspva,39.663,-75.756,-1.800854154,0.001615619,0.000443151,-0.001160188,0.001124361,0.000443151,,novatel_oem7_msgs.msg.InertialSolutionStatus(status=3),
1786043770907765975,1786043770.905925876,/novatel/oem7/fix,/novatel/oem7/fix,/novatel/oem7/inspva,39.663,-75.756,-1.800854154,0.001615619,0.000443151,-0.001160188,0.001124361,0.000443151,,0,
1786043770908897316,1786043770.906627790,/novatel/oem7/odom,/novatel/oem7/fix,/novatel/oem7/odom,39.663,-75.756,-1.800854154,0.001615310,0.000444275,0.001064336,-0.001215078,0.000444275,,,
1786043770910461865,1786043770.909582739,/novatel/oem7/bestpos,/novatel/oem7/bestpos,/novatel/oem7/odom,39.663,-75.756,33.181526064,0.001615310,0.000444275,0.001064336,-0.001215078,0.000444275,,novatel_oem7_msgs.msg.SolutionStatus(status=0),novatel_oem7_msgs.msg.PositionOrVelocityType(type=53)
1786043770911927660,1786043770.910391834,/novatel/oem7/bestvel,/novatel/oem7/bestpos,/novatel/oem7/bestvel,39.663,-75.756,33.181526064,0.001981300,0.000481207,,,,136.518966682,novatel_oem7_msgs.msg.SolutionStatus(status=0),novatel_oem7_msgs.msg.PositionOrVelocityType(type=53)
1786043770916105068,1786043770.915442488,/novatel/oem7/odom,/novatel/oem7/bestpos,/novatel/oem7/odom,39.663,-75.756,33.181526064,0.001615310,0.000444275,0.001064336,-0.001215078,0.000444275,,,
1786043770925815866,1786043770.925291101,/novatel/oem7/inspva,/novatel/oem7/inspva,/novatel/oem7/inspva,39.663,-75.756,-1.800842871,0.001527903,0.000512283,-0.001109251,0.001050737,0.000512283,,novatel_oem7_msgs.msg.InertialSolutionStatus(status=3),
1786043770927169389,1786043770.925471686,/novatel/oem7/fix,/novatel/oem7/fix,/novatel/oem7/inspva,39.663,-75.756,-1.800842871,0.001527903,0.000512283,-0.001109251,0.001050737,0.000512283,,0,
1786043770928381792,1786043770.925977211,/novatel/oem7/odom,/novatel/oem7/fix,/novatel/oem7/odom,39.663,-75.756,-1.800842871,0.001527573,0.000513266,0.000993026,-0.001160767,0.000513266,,,
1786043770935406678,1786043770.934768409,/novatel/oem7/odom,/novatel/oem7/fix,/novatel/oem7/odom,39.663,-75.756,-1.800842871,0.001527573,0.000513266,0.000993026,-0.001160767,0.000513266,,,
1786043770946531220,1786043770.946003045,/novatel/oem7/inspva,/novatel/oem7/inspva,/novatel/oem7/inspva,39.663,-75.756,-1.800832304,0.001517980,0.000571225,-0.001167520,0.000970134,0.000571225,,novatel_oem7_msgs.msg.InertialSolutionStatus(status=3),
1786043770947887808,1786043770.946151463,/novatel/oem7/fix,/novatel/oem7/fix,/novatel/oem7/inspva,39.663,-75.756,-1.800832304,0.001517980,0.000571225,-0.001167520,0.000970134,0.000571225,,0,
1786043770948981972,1786043770.946630271,/novatel/oem7/odom,/novatel/oem7/fix,/novatel/oem7/odom,39.663,-75.756,-1.800832304,0.001517789,0.000571733,0.000909437,-0.001215157,0.000571733,,,
1786043770956506700,1786043770.955831137,/novatel/oem7/odom,/novatel/oem7/fix,/novatel/oem7/odom,39.663,-75.756,-1.800832304,0.001517789,0.000571733,0.000909437,-0.001215157,0.000571733,,,
1786043770965994672,1786043770.965369669,/novatel/oem7/inspva,/novatel/oem7/inspva,/novatel/oem7/inspva,39.663,-75.756,-1.800822277,0.001807168,0.000509614,-0.001237416,0.001317065,0.000509614,,novatel_oem7_msgs.msg.InertialSolutionStatus(status=3),
1786043770967503468,1786043770.965571101,/novatel/oem7/fix,/novatel/oem7/fix,/novatel/oem7/inspva,39.663,-75.756,-1.800822277,0.001807168,0.000509614,-0.001237416,0.001317065,0.000509614,,0,
1786043770968570345,1786043770.966198350,/novatel/oem7/odom,/novatel/oem7/fix,/novatel/oem7/odom,39.663,-75.756,-1.800822277,0.001806711,0.000511232,0.001252768,-0.001301837,0.000511232,,,
1786043770976157754,1786043770.975480725,/novatel/oem7/odom,/novatel/oem7/fix,/novatel/oem7/odom,39.663,-75.756,-1.800822277,0.001806711,0.000511232,0.001252768,-0.001301837,0.000511232,,,
1786043770985622036,1786043770.985011576,/novatel/oem7/inspva,/novatel/oem7/inspva,/novatel/oem7/inspva,39.663,-75.756,-1.800810251,0.001662531,0.000332192,-0.001243943,0.001103002,0.000332192,,novatel_oem7_msgs.msg.InertialSolutionStatus(status=3),
1786043770987016130,1786043770.985158775,/novatel/oem7/fix,/novatel/oem7/fix,/novatel/oem7/inspva,39.663,-75.756,-1.800810251,0.001662531,0.000332192,-0.001243943,0.001103002,0.000332192,,0,
1786043770988097927,1786043770.985555352,/novatel/oem7/odom,/novatel/oem7/fix,/novatel/oem7/odom,39.663,-75.756,-1.800810251,0.001662371,0.000332988,0.001039333,-0.001297407,0.000332988,,,
1786043770995092661,1786043770.994388864,/novatel/oem7/odom,/novatel/oem7/fix,/novatel/oem7/odom,39.663,-75.756,-1.800810251,0.001662371,0.000332988,0.001039333,-0.001297407,0.000332988,,,
1786043771008927160,1786043771.008339604,/novatel/oem7/inspva,/novatel/oem7/inspva,/novatel/oem7/inspva,39.663,-75.756,-1.800794433,0.001722464,0.000710762,-0.001092843,0.001331382,0.000710762,,novatel_oem7_msgs.msg.InertialSolutionStatus(status=3),
1786043771010318107,1786043771.008512616,/novatel/oem7/fix,/novatel/oem7/fix,/novatel/oem7/inspva,39.663,-75.756,-1.800794433,0.001722464,0.000710762,-0.001092843,0.001331382,0.000710762,,0,
1786043771011995097,1786043771.011219390,/novatel/oem7/odom,/novatel/oem7/fix,/novatel/oem7/odom,39.663,-75.756,-1.800794433,0.001721620,0.000712804,0.001273372,-0.001158663,0.000712804,,,
1786043771015680068,1786043771.014970027,/novatel/oem7/odom,/novatel/oem7/fix,/novatel/oem7/odom,39.663,-75.756,-1.800794433,0.001721620,0.000712804,0.001273372,-0.001158663,0.000712804,,,
1786043771027097969,1786043771.026478080,/novatel/oem7/bestpos,/novatel/oem7/bestpos,/novatel/oem7/odom,39.663,-75.756,33.181585056,0.001721620,0.000712804,0.001273372,-0.001158663,0.000712804,,novatel_oem7_msgs.msg.SolutionStatus(status=0),novatel_oem7_msgs.msg.PositionOrVelocityType(type=53)
1786043771028633861,1786043771.027015232,/novatel/oem7/bestvel,/novatel/oem7/bestpos,/novatel/oem7/bestvel,39.663,-75.756,33.181585056,0.001280781,0.000818815,,,,134.860903666,novatel_oem7_msgs.msg.SolutionStatus(status=0),novatel_oem7_msgs.msg.PositionOrVelocityType(type=53)
1786043771029619984,1786043771.027395642,/novatel/oem7/inspva,/novatel/oem7/inspva,/novatel/oem7/inspva,39.663,-75.756,-1.800781174,0.001714174,0.000661322,-0.001327866,0.001084050,0.000661322,,novatel_oem7_msgs.msg.InertialSolutionStatus(status=3),
1786043771030534003,1786043771.027579604,/novatel/oem7/fix,/novatel/oem7/fix,/novatel/oem7/inspva,39.663,-75.756,-1.800781174,0.001714174,0.000661322,-0.001327866,0.001084050,0.000661322,,0,
1786043771031628831,1786043771.027875095,/novatel/oem7/odom,/novatel/oem7/fix,/novatel/oem7/odom,39.663,-75.756,-1.800781174,0.001713982,0.000661818,0.001015012,-0.001381118,0.000661818,,,
1786043771036242461,1786043771.035579684,/novatel/oem7/odom,/novatel/oem7/fix,/novatel/oem7/odom,39.663,-75.756,-1.800781174,0.001713982,0.000661818,0.001015012,-0.001381118,0.000661818,,,
1786043771046491651,1786043771.045959702,/novatel/oem7/inspva,/novatel/oem7/inspva,/novatel/oem7/inspva,39.663,-75.756,-1.800777309,0.001659451,0.000919155,-0.001071154,0.001267441,0.000919155,,novatel_oem7_msgs.msg.InertialSolutionStatus(status=3),
1786043771047827674,1786043771.046123134,/novatel/oem7/fix,/novatel/oem7/fix,/novatel/oem7/inspva,39.663,-75.756,-1.800777309,0.001659451,0.000919155,-0.001071154,0.001267441,0.000919155,,0,
1786043771048892268,1786043771.046719322,/novatel/oem7/odom,/novatel/oem7/fix,/novatel/oem7/odom,39.663,-75.756,-1.800777309,0.001658409,0.000921033,0.001209765,-0.001134367,0.000921033,,,
1786043771058505208,1786043771.056535774,/novatel/oem7/odom,/novatel/oem7/fix,/novatel/oem7/odom,39.663,-75.756,-1.800777309,0.001658409,0.000921033,0.001209765,-0.001134367,0.000921033,,,
1786043771067023350,1786043771.066467944,/novatel/oem7/inspva,/novatel/oem7/inspva,/novatel/oem7/inspva,39.663,-75.756,-1.800778765,0.001855661,0.000838337,-0.001355321,0.001267511,0.000838337,,novatel_oem7_msgs.msg.InertialSolutionStatus(status=3),
1786043771068404704,1786043771.066650940,/novatel/oem7/fix,/novatel/oem7/fix,/novatel/oem7/inspva,39.663,-75.756,-1.800778765,0.001855661,0.000838337,-0.001355321,0.001267511,0.000838337,,0,
1786043771069529662,1786043771.067134021,/novatel/oem7/odom,/novatel/oem7/fix,/novatel/oem7/odom,39.663,-75.756,-1.800778765,0.001855160,0.000839445,0.001196224,-0.001417980,0.000839445,,,
1786043771075526435,1786043771.074832398,/novatel/oem7/odom,/novatel/oem7/fix,/novatel/oem7/odom,39.663,-75.756,-1.800778765,0.001855160,0.000839445,0.001196224,-0.001417980,0.000839445,,,
1786043771086011710,1786043771.085289883,/novatel/oem7/inspva,/novatel/oem7/inspva,/novatel/oem7/inspva,39.663,-75.756,-1.800775451,0.002032893,0.000843102,-0.001282460,0.001577323,0.000843102,,novatel_oem7_msgs.msg.InertialSolutionStatus(status=3),
1786043771087406191,1786043771.085468762,/novatel/oem7/fix,/novatel/oem7/fix,/novatel/oem7/inspva,39.663,-75.756,-1.800775451,0.002032893,0.000843102,-0.001282460,0.001577323,0.000843102,,0,
1786043771088519726,1786043771.086074091,/novatel/oem7/odom,/novatel/oem7/fix,/novatel/oem7/odom,39.663,-75.756,-1.800775451,0.002031862,0.000845584,0.001509198,-0.001360435,0.000845584,,,
1786043771096371494,1786043771.095665021,/novatel/oem7/odom,/novatel/oem7/fix,/novatel/oem7/odom,39.663,-75.756,-1.800775451,0.002031862,0.000845584,0.001509198,-0.001360435,0.000845584,,,
1786043771106674528,1786043771.105998345,/novatel/oem7/inspva,/novatel/oem7/inspva,/novatel/oem7/inspva,39.663,-75.756,-1.800775568,0.002173755,0.000743629,-0.001464548,0.001606335,0.000743629,,novatel_oem7_msgs.msg.InertialSolutionStatus(status=3),
1786043771108095672,1786043771.106163100,/novatel/oem7/fix,/novatel/oem7/fix,/novatel/oem7/inspva,39.663,-75.756,-1.800775568,0.002173755,0.000743629,-0.001464548,0.001606335,0.000743629,,0,
1786043771109166060,1786043771.106600567,/novatel/oem7/odom,/novatel/oem7/fix,/novatel/oem7/odom,39.663,-75.756,-1.800775568,0.002173031,0.000745743,0.001529631,-0.001543468,0.000745743,,,
1786043771110743612,1786043771.109897187,/novatel/oem7/bestpos,/novatel/oem7/bestpos,/novatel/oem7/odom,39.663,-75.756,33.181589028,0.002173031,0.000745743,0.001529631,-0.001543468,0.000745743,,novatel_oem7_msgs.msg.SolutionStatus(status=0),novatel_oem7_msgs.msg.PositionOrVelocityType(type=53)
1786043771112108019,1786043771.110446356,/novatel/oem7/bestvel,/novatel/oem7/bestpos,/novatel/oem7/bestvel,39.663,-75.756,33.181589028,0.002389621,0.001009190,,,,140.526384594,novatel_oem7_msgs.msg.SolutionStatus(status=0),novatel_oem7_msgs.msg.PositionOrVelocityType(type=53)
1786043771115242948,1786043771.114547441,/novatel/oem7/odom,/novatel/oem7/bestpos,/novatel/oem7/odom,39.663,-75.756,33.181589028,0.002173031,0.000745743,0.001529631,-0.001543468,0.000745743,,,
1786043771127378093,1786043771.126684123,/novatel/oem7/inspva,/novatel/oem7/inspva,/novatel/oem7/inspva,39.663,-75.756,-1.800774598,0.001712121,0.000596819,-0.001249079,0.001170966,0.000596819,,novatel_oem7_msgs.msg.InertialSolutionStatus(status=3),
1786043771128830917,1786043771.126867068,/novatel/oem7/fix,/novatel/oem7/fix,/novatel/oem7/inspva,39.663,-75.756,-1.800774598,0.001712121,0.000596819,-0.001249079,0.001170966,0.000596819,,0,
1786043771129855658,1786043771.127414633,/novatel/oem7/odom,/novatel/oem7/fix,/novatel/oem7/odom,39.663,-75.756,-1.800774598,0.001711759,0.000597856,0.001105926,-0.001306540,0.000597856,,,
1786043771135570298,1786043771.134782944,/novatel/oem7/odom,/novatel/oem7/fix,/novatel/oem7/odom,39.663,-75.756,-1.800774598,0.001711759,0.000597856,0.001105926,-0.001306540,0.000597856,,,
1786043771145757497,1786043771.145059150,/novatel/oem7/inspva,/novatel/oem7/inspva,/novatel/oem7/inspva,39.663,-75.756,-1.800775236,0.001687094,0.000750656,-0.001366868,0.000988917,0.000750656,,novatel_oem7_msgs.msg.InertialSolutionStatus(status=3),
1786043771147095468,1786043771.145236349,/novatel/oem7/fix,/novatel/oem7/fix,/novatel/oem7/inspva,39.663,-75.756,-1.800775236,0.001687094,0.000750656,-0.001366868,0.000988917,0.000750656,,0,
1786043771148140484,1786043771.145576998,/novatel/oem7/odom,/novatel/oem7/fix,/novatel/oem7/odom,39.663,-75.756,-1.800775236,0.001687087,0.000750671,0.000917725,-0.001415642,0.000750671,,,
1786043771156467722,1786043771.155717584,/novatel/oem7/odom,/novatel/oem7/fix,/novatel/oem7/odom,39.663,-75.756,-1.800775236,0.001687087,0.000750671,0.000917725,-0.001415642,0.000750671,,,
1786043771166016647,1786043771.165354344,/novatel/oem7/inspva,/novatel/oem7/inspva,/novatel/oem7/inspva,39.663,-75.756,-1.800775629,0.001798429,0.000676449,-0.001168747,0.001366887,0.000676449,,novatel_oem7_msgs.msg.InertialSolutionStatus(status=3),
1786043771167517922,1786043771.165545966,/novatel/oem7/fix,/novatel/oem7/fix,/novatel/oem7/inspva,39.663,-75.756,-1.800775629,0.001798429,0.000676449,-0.001168747,0.001366887,0.000676449,,0,
1786043771168614470,1786043771.166111972,/novatel/oem7/odom,/novatel/oem7/fix,/novatel/oem7/odom,39.663,-75.756,-1.800775629,0.001797682,0.000678432,0.001305233,-0.001236134,0.000678432,,,
1786043771175707398,1786043771.174920127,/novatel/oem7/odom,/novatel/oem7/fix,/novatel/oem7/odom,39.663,-75.756,-1.800775629,0.001797682,0.000678432,0.001305233,-0.001236134,0.000678432,,,
1786043771186776489,1786043771.186061292,/novatel/oem7/inspva,/novatel/oem7/inspva,/novatel/oem7/inspva,39.663,-75.756,-1.800774613,0.001657391,0.001051016,-0.001151887,0.001191680,0.001051016,,novatel_oem7_msgs.msg.InertialSolutionStatus(status=3),
1786043771188282324,1786043771.186239437,/novatel/oem7/fix,/novatel/oem7/fix,/novatel/oem7/inspva,39.663,-75.756,-1.800774613,0.001657391,0.001051016,-0.001151887,0.001191680,0.001051016,,0,
1786043771189849380,1786043771.187909164,/novatel/oem7/odom,/novatel/oem7/fix,/novatel/oem7/odom,39.663,-75.756,-1.800774613,0.001656518,0.001052392,0.001129597,-0.001211637,0.001052392,,,
1786043771195124006,1786043771.194476470,/novatel/oem7/odom,/novatel/oem7/fix,/novatel/oem7/odom,39.663,-75.756,-1.800774613,0.001656518,0.001052392,0.001129597,-0.001211637,0.001052392,,,
1786043771206917684,1786043771.206450987,/novatel/oem7/inspva,/novatel/oem7/inspva,/novatel/oem7/inspva,39.663,-75.756,-1.800776173,0.002127739,0.000291430,-0.001574118,0.001431581,0.000291430,,novatel_oem7_msgs.msg.InertialSolutionStatus(status=3),
1786043771208284945,1786043771.206525325,/novatel/oem7/fix,/novatel/oem7/fix,/novatel/oem7/inspva,39.663,-75.756,-1.800776173,0.002127739,0.000291430,-0.001574118,0.001431581,0.000291430,,0,
1786043771209362519,1786043771.207034679,/novatel/oem7/odom,/novatel/oem7/fix,/novatel/oem7/odom,39.663,-75.756,-1.800776173,0.002127583,0.000292562,0.001351475,-0.001643206,0.000292562,,,
1786043771210942552,1786043771.210194301,/novatel/oem7/bestpos,/novatel/oem7/bestpos,/novatel/oem7/odom,39.663,-75.756,33.181578031,0.002127583,0.000292562,0.001351475,-0.001643206,0.000292562,,novatel_oem7_msgs.msg.SolutionStatus(status=0),novatel_oem7_msgs.msg.PositionOrVelocityType(type=53)
1786043771212299472,1786043771.210643666,/novatel/oem7/bestvel,/novatel/oem7/bestpos,/novatel/oem7/bestvel,39.663,-75.756,33.181578031,0.002124956,0.000387893,,,,141.107184074,novatel_oem7_msgs.msg.SolutionStatus(status=0),novatel_oem7_msgs.msg.PositionOrVelocityType(type=53)
1786043771216152534,1786043771.215519481,/novatel/oem7/odom,/novatel/oem7/bestpos,/novatel/oem7/odom,39.663,-75.756,33.181578031,0.002127583,0.000292562,0.001351475,-0.001643206,0.000292562,,,
1786043771225591666,1786043771.225034229,/novatel/oem7/inspva,/novatel/oem7/inspva,/novatel/oem7/inspva,39.663,-75.756,-1.800772633,0.001874106,0.000938491,-0.001356844,0.001292768,0.000938491,,novatel_oem7_msgs.msg.InertialSolutionStatus(status=3),
1786043771226914165,1786043771.225106114,/novatel/oem7/fix,/novatel/oem7/fix,/novatel/oem7/inspva,39.663,-75.756,-1.800772633,0.001874106,0.000938491,-0.001356844,0.001292768,0.000938491,,0,
1786043771227930522,1786043771.225603882,/novatel/oem7/odom,/novatel/oem7/fix,/novatel/oem7/odom,39.663,-75.756,-1.800772633,0.001873510,0.000939681,0.001220961,-0.001421018,0.000939681,,,
1786043771235032950,1786043771.234393484,/novatel/oem7/odom,/novatel/oem7/fix,/novatel/oem7/odom,39.663,-75.756,-1.800772633,0.001873510,0.000939681,0.001220961,-0.001421018,0.000939681,,,
1786043771246797912,1786043771.246274880,/novatel/oem7/inspva,/novatel/oem7/inspva,/novatel/oem7/inspva,39.663,-75.756,-1.800775363,0.002023627,0.000531582,-0.001414136,0.001447510,0.000531582,,novatel_oem7_msgs.msg.InertialSolutionStatus(status=3),
1786043771248149325,1786043771.246342363,/novatel/oem7/fix,/novatel/oem7/fix,/novatel/oem7/inspva,39.663,-75.756,-1.800775363,0.002023627,0.000531582,-0.001414136,0.001447510,0.000531582,,0,
1786043771249170089,1786043771.246862335,/novatel/oem7/odom,/novatel/oem7/fix,/novatel/oem7/odom,39.663,-75.756,-1.800775363,0.002023200,0.000533207,0.001374293,-0.001484808,0.000533207,,,
1786043771257028121,1786043771.256370131,/novatel/oem7/odom,/novatel/oem7/fix,/novatel/oem7/odom,39.663,-75.756,-1.800775363,0.002023200,0.000533207,0.001374293,-0.001484808,0.000533207,,,
1786043771265466542,1786043771.264926347,/novatel/oem7/inspva,/novatel/oem7/inspva,/novatel/oem7/inspva,39.663,-75.756,-1.800772917,0.001949947,0.000640619,-0.001339683,0.001416878,0.000640619,,novatel_oem7_msgs.msg.InertialSolutionStatus(status=3),
1786043771266758059,1786043771.264997750,/novatel/oem7/fix,/novatel/oem7/fix,/novatel/oem7/inspva,39.663,-75.756,-1.800772917,0.001949947,0.000640619,-0.001339683,0.001416878,0.000640619,,0,
1786043771267848473,1786043771.265459486,/novatel/oem7/odom,/novatel/oem7/fix,/novatel/oem7/odom,39.663,-75.756,-1.800772917,0.001949383,0.000642334,0.001346914,-0.001409226,0.000642334,,,
1786043771276298131,1786043771.275662191,/novatel/oem7/odom,/novatel/oem7/fix,/novatel/oem7/odom,39.663,-75.756,-1.800772917,0.001949383,0.000642334,0.001346914,-0.001409226,0.000642334,,,
1786043771286718495,1786043771.285920531,/novatel/oem7/inspva,/novatel/oem7/inspva,/novatel/oem7/inspva,39.663,-75.756,-1.800768749,0.001737027,0.000821533,-0.001273894,0.001180872,0.000821533,,novatel_oem7_msgs.msg.InertialSolutionStatus(status=3),
1786043771288087813,1786043771.286149837,/novatel/oem7/fix,/novatel/oem7/fix,/novatel/oem7/inspva,39.663,-75.756,-1.800768749,0.001737027,0.000821533,-0.001273894,0.001180872,0.000821533,,0,
1786043771289154407,1786043771.286646582,/novatel/oem7/odom,/novatel/oem7/fix,/novatel/oem7/odom,39.663,-75.756,-1.800768749,0.001736553,0.000822535,0.001113707,-0.001332394,0.000822535,,,
1786043771295940108,1786043771.295250848,/novatel/oem7/odom,/novatel/oem7/fix,/novatel/oem7/odom,39.663,-75.756,-1.800768749,0.001736553,0.000822535,0.001113707,-0.001332394,0.000822535,,,
1786043771306592009,1786043771.306009926,/novatel/oem7/inspva,/novatel/oem7/inspva,/novatel/oem7/inspva,39.663,-75.756,-1.800767342,0.001683979,0.000827183,-0.001051824,0.001315086,0.000827183,,novatel_oem7_msgs.msg.InertialSolutionStatus(status=3),
1786043771307932859,1786043771.306158208,/novatel/oem7/fix,/novatel/oem7/fix,/novatel/oem7/inspva,39.663,-75.756,-1.800767342,0.001683979,0.000827183,-0.001051824,0.001315086,0.000827183,,0,
1786043771308973266,1786043771.306601412,/novatel/oem7/odom,/novatel/oem7/fix,/novatel/oem7/odom,39.663,-75.756,-1.800767342,0.001682946,0.000829283,0.001258632,-0.001117208,0.000829283,,,
1786043771310382977,1786043771.309454090,/novatel/oem7/bestpos,/novatel/oem7/bestpos,/novatel/oem7/odom,39.663,-75.756,33.181579512,0.001682946,0.000829283,0.001258632,-0.001117208,0.000829283,,novatel_oem7_msgs.msg.SolutionStatus(status=0),novatel_oem7_msgs.msg.PositionOrVelocityType(type=53)
1786043771311824061,1786043771.310247909,/novatel/oem7/bestvel,/novatel/oem7/bestpos,/novatel/oem7/bestvel,39.663,-75.756,33.181579512,0.001009540,0.000690308,,,,116.533836384,novatel_oem7_msgs.msg.SolutionStatus(status=0),novatel_oem7_msgs.msg.PositionOrVelocityType(type=53)
1786043771315392120,1786043771.314742461,/novatel/oem7/odom,/novatel/oem7/bestpos,/novatel/oem7/odom,39.663,-75.756,33.181579512,0.001682946,0.000829283,0.001258632,-0.001117208,0.000829283,,,
1786043771325886949,1786043771.325350133,/novatel/oem7/inspva,/novatel/oem7/inspva,/novatel/oem7/inspva,39.663,-75.756,-1.800766905,0.001840887,0.000535711,-0.001363524,0.001236798,0.000535711,,novatel_oem7_msgs.msg.InertialSolutionStatus(status=3),
1786043771327193306,1786043771.325486133,/novatel/oem7/fix,/novatel/oem7/fix,/novatel/oem7/inspva,39.663,-75.756,-1.800766905,0.001840887,0.000535711,-0.001363524,0.001236798,0.000535711,,0,
1786043771328257346,1786043771.326051167,/novatel/oem7/odom,/novatel/oem7/fix,/novatel/oem7/odom,39.663,-75.756,-1.800766905,0.001840601,0.000536693,0.001166278,-0.001423941,0.000536693,,,
1786043771336192746,1786043771.335517946,/novatel/oem7/odom,/novatel/oem7/fix,/novatel/oem7/odom,39.663,-75.756,-1.800766905,0.001840601,0.000536693,0.001166278,-0.001423941,0.000536693,,,
1786043771345889440,1786043771.345386378,/novatel/oem7/inspva,/novatel/oem7/inspva,/novatel/oem7/inspva,39.663,-75.756,-1.800765464,0.001916818,0.000737493,-0.001226656,0.001472924,0.000737493,,novatel_oem7_msgs.msg.InertialSolutionStatus(status=3),
1786043771347187183,1786043771.345546060,/novatel/oem7/fix,/novatel/oem7/fix,/novatel/oem7/inspva,39.663,-75.756,-1.800765464,0.001916818,0.000737493,-0.001226656,0.001472924,0.000737493,,0,
1786043771348230823,1786043771.345954217,/novatel/oem7/odom,/novatel/oem7/fix,/novatel/oem7/odom,39.663,-75.756,-1.800765464,0.001915957,0.000739725,0.001408047,-0.001299344,0.000739725,,,
1786043771356249164,1786043771.355591921,/novatel/oem7/odom,/novatel/oem7/fix,/novatel/oem7/odom,39.663,-75.756,-1.800765464,0.001915957,0.000739725,0.001408047,-0.001299344,0.000739725,,,
1786043771367061506,1786043771.366599354,/novatel/oem7/inspva,/novatel/oem7/inspva,/novatel/oem7/inspva,39.663,-75.756,-1.800765326,0.001618796,0.000620121,-0.001232496,0.001049503,0.000620121,,novatel_oem7_msgs.msg.InertialSolutionStatus(status=3),
1786043771368362935,1786043771.366670403,/novatel/oem7/fix,/novatel/oem7/fix,/novatel/oem7/inspva,39.663,-75.756,-1.800765326,0.001618796,0.000620121,-0.001232496,0.001049503,0.000620121,,0,
1786043771369442350,1786043771.367152753,/novatel/oem7/odom,/novatel/oem7/fix,/novatel/oem7/odom,39.663,-75.756,-1.800765326,0.001618562,0.000620732,0.000985327,-0.001284085,0.000620732,,,
1786043771376019032,1786043771.375368539,/novatel/oem7/odom,/novatel/oem7/fix,/novatel/oem7/odom,39.663,-75.756,-1.800765326,0.001618562,0.000620732,0.000985327,-0.001284085,0.000620732,,,
1786043771385343563,1786043771.384874701,/novatel/oem7/inspva,/novatel/oem7/inspva,/novatel/oem7/inspva,39.663,-75.756,-1.800765355,0.001790224,0.000620405,-0.001040651,0.001456691,0.000620405,,novatel_oem7_msgs.msg.InertialSolutionStatus(status=3),
1786043771386649973,1786043771.384940669,/novatel/oem7/fix,/novatel/oem7/fix,/novatel/oem7/inspva,39.663,-75.756,-1.800765355,0.001790224,0.000620405,-0.001040651,0.001456691,0.000620405,,0,
1786043771387729180,1786043771.385373283,/novatel/oem7/odom,/novatel/oem7/fix,/novatel/oem7/odom,39.663,-75.756,-1.800765355,0.001789294,0.000623083,0.001401433,-0.001112456,0.000623083,,,
1786043771396028123,1786043771.395338286,/novatel/oem7/odom,/novatel/oem7/fix,/novatel/oem7/odom,39.663,-75.756,-1.800765355,0.001789294,0.000623083,0.001401433,-0.001112456,0.000623083,,,
1786043771407049757,1786043771.406583595,/novatel/oem7/inspva,/novatel/oem7/inspva,/novatel/oem7/inspva,39.663,-75.756,-1.800763411,0.001167173,0.000496583,-0.000865343,0.000783245,0.000496583,,novatel_oem7_msgs.msg.InertialSolutionStatus(status=3),
1786043771408362341,1786043771.406652711,/novatel/oem7/fix,/novatel/oem7/fix,/novatel/oem7/inspva,39.663,-75.756,-1.800763411,0.001167173,0.000496583,-0.000865343,0.000783245,0.000496583,,0,
1786043771409406634,1786043771.407136605,/novatel/oem7/odom,/novatel/oem7/fix,/novatel/oem7/odom,39.663,-75.756,-1.800763411,0.001166910,0.000497198,0.000737882,-0.000903997,0.000497198,,,
1786043771410869672,1786043771.410268909,/novatel/oem7/bestpos,/novatel/oem7/bestpos,/novatel/oem7/odom,39.663,-75.756,33.181575901,0.001166910,0.000497198,0.000737882,-0.000903997,0.000497198,,novatel_oem7_msgs.msg.SolutionStatus(status=0),novatel_oem7_msgs.msg.PositionOrVelocityType(type=53)
1786043771412272850,1786043771.410707527,/novatel/oem7/bestvel,/novatel/oem7/bestpos,/novatel/oem7/bestvel,39.663,-75.756,33.181575901,0.001421426,0.000289219,,,,125.934916532,novatel_oem7_msgs.msg.SolutionStatus(status=0),novatel_oem7_msgs.msg.PositionOrVelocityType(type=53)
1786043771415832572,1786043771.415165792,/novatel/oem7/odom,/novatel/oem7/bestpos,/novatel/oem7/odom,39.663,-75.756,33.181575901,0.001166910,0.000497198,0.000737882,-0.000903997,0.000497198,,,
1786043771426387935,1786043771.425902428,/novatel/oem7/inspva,/novatel/oem7/inspva,/novatel/oem7/inspva,39.663,-75.756,-1.800763127,0.001324312,0.000511748,-0.000701527,0.001123238,0.000511748,,novatel_oem7_msgs.msg.InertialSolutionStatus(status=3),
1786043771427753272,1786043771.425975692,/novatel/oem7/fix,/novatel/oem7/fix,/novatel/oem7/inspva,39.663,-75.756,-1.800763127,0.001324312,0.000511748,-0.000701527,0.001123238,0.000511748,,0,
1786043771428829752,1786043771.426553346,/novatel/oem7/odom,/novatel/oem7/fix,/novatel/oem7/odom,39.663,-75.756,-1.800763127,0.001323406,0.000514087,0.001085443,-0.000757111,0.000514087,,,
1786043771435188980,1786043771.434535357,/novatel/oem7/odom,/novatel/oem7/fix,/novatel/oem7/odom,39.663,-75.756,-1.800763127,0.001323406,0.000514087,0.001085443,-0.000757111,0.000514087,,,
1786043771445565777,1786043771.445043728,/novatel/oem7/inspva,/novatel/oem7/inspva,/novatel/oem7/inspva,39.663,-75.756,-1.800762021,0.001436087,0.000598292,-0.000893932,0.001123936,0.000598292,,novatel_oem7_msgs.msg.InertialSolutionStatus(status=3),
1786043771446906244,1786043771.445112677,/novatel/oem7/fix,/novatel/oem7/fix,/novatel/oem7/inspva,39.663,-75.756,-1.800762021,0.001436087,0.000598292,-0.000893932,0.001123936,0.000598292,,0,
1786043771447974551,1786043771.445581307,/novatel/oem7/odom,/novatel/oem7/fix,/novatel/oem7/odom,39.663,-75.756,-1.800762021,0.001435323,0.000600121,0.001076356,-0.000949532,0.000600121,,,
1786043771456995655,1786043771.456291445,/novatel/oem7/odom,/novatel/oem7/fix,/novatel/oem7/odom,39.663,-75.756,-1.800762021,0.001435323,0.000600121,0.001076356,-0.000949532,0.000600121,,,
1786043771466487147,1786043771.465936055,/novatel/oem7/inspva,/novatel/oem7/inspva,/novatel/oem7/inspva,39.663,-75.756,-1.800763853,0.001604372,0.000410241,-0.000676816,0.001454624,0.000410241,,novatel_oem7_msgs.msg.InertialSolutionStatus(status=3),
1786043771467842758,1786043771.466086740,/novatel/oem7/fix,/novatel/oem7/fix,/novatel/oem7/inspva,39.663,-75.756,-1.800763853,0.001604372,0.000410241,-0.000676816,0.001454624,0.000410241,,0,
1786043771468946095,1786043771.466522565,/novatel/oem7/odom,/novatel/oem7/fix,/novatel/oem7/odom,39.663,-75.756,-1.800763853,0.001603428,0.000413917,0.001418031,-0.000748445,0.000413917,,,
1786043771475020966,1786043771.474366190,/novatel/oem7/odom,/novatel/oem7/fix,/novatel/oem7/odom,39.663,-75.756,-1.800763853,0.001603428,0.000413917,0.001418031,-0.000748445,0.000413917,,,
1786043771487088951,1786043771.486557816,/novatel/oem7/inspva,/novatel/oem7/inspva,/novatel/oem7/inspva,39.663,-75.756,-1.800762859,0.000978705,0.000346606,-0.000649933,0.000731744,0.000346606,,novatel_oem7_msgs.msg.InertialSolutionStatus(status=3),
1786043771488408831,1786043771.486714383,/novatel/oem7/fix,/novatel/oem7/fix,/novatel/oem7/inspva,39.663,-75.756,-1.800762859,0.000978705,0.000346606,-0.000649933,0.000731744,0.000346606,,0,
1786043771489508338,1786043771.487155318,/novatel/oem7/odom,/novatel/oem7/fix,/novatel/oem7/odom,39.663,-75.756,-1.800762859,0.000978355,0.000347593,0.000697599,-0.000685954,0.000347593,,,
1786043771496173609,1786043771.495532036,/novatel/oem7/odom,/novatel/oem7/fix,/novatel/oem7/odom,39.663,-75.756,-1.800762859,0.000978355,0.000347593,0.000697599,-0.000685954,0.000347593,,,
1786043771506457615,1786043771.505968547,/novatel/oem7/inspva,/novatel/oem7/inspva,/novatel/oem7/inspva,39.663,-75.756,-1.800764147,0.001172782,0.000213147,-0.000455464,0.001080726,0.000213147,,novatel_oem7_msgs.msg.InertialSolutionStatus(status=3),
1786043771507761755,1786043771.506037729,/novatel/oem7/fix,/novatel/oem7/fix,/novatel/oem7/inspva,39.663,-75.756,-1.800764147,0.001172782,0.000213147,-0.000455464,0.001080726,0.000213147,,0,
1786043771508839523,1786043771.506475126,/novatel/oem7/odom,/novatel/oem7/fix,/novatel/oem7/odom,39.663,-75.756,-1.800764147,0.001172259,0.000216001,0.001056229,-0.000508500,0.000216001,,,
1786043771511940241,1786043771.511343591,/novatel/oem7/bestpos,/novatel/oem7/bestpos,/novatel/oem7/odom,39.663,-75.756,33.181570757,0.001172259,0.000216001,0.001056229,-0.000508500,0.000216001,,novatel_oem7_msgs.msg.SolutionStatus(status=0),novatel_oem7_msgs.msg.PositionOrVelocityType(type=53)
1786043771513342855,1786043771.512162937,/novatel/oem7/bestvel,/novatel/oem7/bestpos,/novatel/oem7/bestvel,39.663,-75.756,33.181570757,0.001240475,0.000409971,,,,125.890995505,novatel_oem7_msgs.msg.SolutionStatus(status=0),novatel_oem7_msgs.msg.PositionOrVelocityType(type=53)
1786043771516179269,1786043771.515531567,/novatel/oem7/odom,/novatel/oem7/bestpos,/novatel/oem7/odom,39.663,-75.756,33.181570757,0.001172259,0.000216001,0.001056229,-0.000508500,0.000216001,,,
1786043771527073303,1786043771.526596170,/novatel/oem7/inspva,/novatel/oem7/inspva,/novatel/oem7/inspva,39.663,-75.756,-1.800760480,0.001092837,0.000564973,-0.000323317,0.001043915,0.000564973,,novatel_oem7_msgs.msg.InertialSolutionStatus(status=3),
1786043771528388736,1786043771.526670616,/novatel/oem7/fix,/novatel/oem7/fix,/novatel/oem7/inspva,39.663,-75.756,-1.800760480,0.001092837,0.000564973,-0.000323317,0.001043915,0.000564973,,0,
1786043771529462563,1786043771.527189400,/novatel/oem7/odom,/novatel/oem7/fix,/novatel/oem7/odom,39.663,-75.756,-1.800760480,0.001091237,0.000568056,0.001024554,-0.000375616,0.000568056,,,
1786043771535286131,1786043771.534641948,/novatel/oem7/odom,/novatel/oem7/fix,/novatel/oem7/odom,39.663,-75.756,-1.800760480,0.001091237,0.000568056,0.001024554,-0.000375616,0.000568056,,,
1786043771545616925,1786043771.545099350,/novatel/oem7/inspva,/novatel/oem7/inspva,/novatel/oem7/inspva,39.663,-75.756,-1.800762888,0.001161728,0.000230755,-0.000240791,0.001136499,0.000230755,,novatel_oem7_msgs.msg.InertialSolutionStatus(status=3),
1786043771546900822,1786043771.545235638,/novatel/oem7/fix,/novatel/oem7/fix,/novatel/oem7/inspva,39.663,-75.756,-1.800762888,0.001161728,0.000230755,-0.000240791,0.001136499,0.000230755,,0,
1786043771547956332,1786043771.545642159,/novatel/oem7/odom,/novatel/oem7/fix,/novatel/oem7/odom,39.663,-75.756,-1.800762888,0.001160993,0.000234424,0.001122394,-0.000296877,0.000234424,,,
1786043771556399830,1786043771.555741327,/novatel/oem7/odom,/novatel/oem7/fix,/novatel/oem7/odom,39.663,-75.756,-1.800762888,0.001160993,0.000234424,0.001122394,-0.000296877,0.000234424,,,
1786043771565841235,1786043771.565250319,/novatel/oem7/inspva,/novatel/oem7/inspva,/novatel/oem7/inspva,39.663,-75.756,-1.800759319,0.001618840,0.000551250,-0.000177435,0.001609087,0.000551250,,novatel_oem7_msgs.msg.InertialSolutionStatus(status=3),
1786043771567121221,1786043771.565416381,/novatel/oem7/fix,/novatel/oem7/fix,/novatel/oem7/inspva,39.663,-75.756,-1.800759319,0.001618840,0.000551250,-0.000177435,0.001609087,0.000551250,,0,
1786043771568154941,1786043771.565773214,/novatel/oem7/odom,/novatel/oem7/fix,/novatel/oem7/odom,39.663,-75.756,-1.800759319,0.001616904,0.000556902,0.001596252,-0.000257602,0.000556902,,,
1786043771575353750,1786043771.574708917,/novatel/oem7/odom,/novatel/oem7/fix,/novatel/oem7/odom,39.663,-75.756,-1.800759319,0.001616904,0.000556902,0.001596252,-0.000257602,0.000556902,,,
1786043771586494039,1786043771.585944180,/novatel/oem7/inspva,/novatel/oem7/inspva,/novatel/oem7/inspva,39.663,-75.756,-1.800762402,0.001701278,0.000310993,-0.000276615,0.001678639,0.000310993,,novatel_oem7_msgs.msg.InertialSolutionStatus(status=3),
1786043771587819816,1786043771.586095591,/novatel/oem7/fix,/novatel/oem7/fix,/novatel/oem7/inspva,39.663,-75.756,-1.800762402,0.001701278,0.000310993,-0.000276615,0.001678639,0.000310993,,0,
1786043771588862406,1786043771.586511672,/novatel/oem7/odom,/novatel/oem7/fix,/novatel/oem7/odom,39.663,-75.756,-1.800762402,0.001700237,0.000316633,0.001661802,-0.000359472,0.000316633,,,
1786043771594996721,1786043771.594298711,/novatel/oem7/odom,/novatel/oem7/fix,/novatel/oem7/odom,39.663,-75.756,-1.800762402,0.001700237,0.000316633,0.001661802,-0.000359472,0.000316633,,,
1786043771606288698,1786043771.605805496,/novatel/oem7/inspva,/novatel/oem7/inspva,/novatel/oem7/inspva,39.663,-75.756,-1.800766459,0.001410706,-0.000053394,-0.000032305,0.001410336,-0.000053394,,novatel_oem7_msgs.msg.InertialSolutionStatus(status=3),
1786043771607609444,1786043771.605944814,/novatel/oem7/fix,/novatel/oem7/fix,/novatel/oem7/inspva,39.663,-75.756,-1.800766459,0.001410706,-0.000053394,-0.000032305,0.001410336,-0.000053394,,0,
1786043771608634924,1786043771.606762696,/novatel/oem7/odom,/novatel/oem7/fix,/novatel/oem7/odom,39.663,-75.756,-1.800766459,0.001410896,-0.000048105,0.001407251,-0.000101349,-0.000048105,,,
1786043771610659425,1786043771.610085022,/novatel/oem7/bestpos,/novatel/oem7/bestpos,/novatel/oem7/odom,39.663,-75.756,33.181563371,0.001410896,-0.000048105,0.001407251,-0.000101349,-0.000048105,,novatel_oem7_msgs.msg.SolutionStatus(status=0),novatel_oem7_msgs.msg.PositionOrVelocityType(type=53)
1786043771612081066,1786043771.610528660,/novatel/oem7/bestvel,/novatel/oem7/bestpos,/novatel/oem7/bestvel,39.663,-75.756,33.181563371,0.001350924,0.000121356,,,,101.028767124,novatel_oem7_msgs.msg.SolutionStatus(status=0),novatel_oem7_msgs.msg.PositionOrVelocityType(type=53)
1786043771616015952,1786043771.615354819,/novatel/oem7/odom,/novatel/oem7/bestpos,/novatel/oem7/odom,39.663,-75.756,33.181563371,0.001410896,-0.000048105,0.001407251,-0.000101349,-0.000048105,,,
1786043771625434830,1786043771.624890505,/novatel/oem7/inspva,/novatel/oem7/inspva,/novatel/oem7/inspva,39.663,-75.756,-1.800768823,0.001564040,0.000040557,-0.000277176,0.001539284,0.000040557,,novatel_oem7_msgs.msg.InertialSolutionStatus(status=3),
1786043771626797127,1786043771.625049646,/novatel/oem7/fix,/novatel/oem7/fix,/novatel/oem7/inspva,39.663,-75.756,-1.800768823,0.001564040,0.000040557,-0.000277176,0.001539284,0.000040557,,0,
1786043771627864544,1786043771.625448583,/novatel/oem7/odom,/novatel/oem7/fix,/novatel/oem7/odom,39.663,-75.756,-1.800768823,0.001563900,0.000045639,0.001523658,-0.000352489,0.000045639,,,
1786043771635017979,1786043771.634360390,/novatel/oem7/odom,/novatel/oem7/fix,/novatel/oem7/odom,39.663,-75.756,-1.800768823,0.001563900,0.000045639,0.001523658,-0.000352489,0.000045639,,,
1786043771645938562,1786043771.645451944,/novatel/oem7/inspva,/novatel/oem7/inspva,/novatel/oem7/inspva,39.663,-75.756,-1.800766546,0.001454772,0.000597568,0.000184346,0.001443045,0.000597568,,novatel_oem7_msgs.msg.InertialSolutionStatus(status=3),
1786043771647315090,1786043771.645606636,/novatel/oem7/fix,/novatel/oem7/fix,/novatel/oem7/inspva,39.663,-75.756,-1.800766546,0.001454772,0.000597568,0.000184346,0.001443045,0.000597568,,0,
1786043771648351280,1786043771.646174238,/novatel/oem7/odom,/novatel/oem7/fix,/novatel/oem7/odom,39.663,-75.756,-1.800766546,0.001452289,0.000603577,0.001447982,0.000111762,0.000603577,,,
1786043771657161489,1786043771.656499385,/novatel/oem7/odom,/novatel/oem7/fix,/novatel/oem7/odom,39.663,-75.756,-1.800766546,0.001452289,0.000603577,0.001447982,0.000111762,0.000603577,,,
1786043771665613417,1786043771.665017637,/novatel/oem7/inspva,/novatel/oem7/inspva,/novatel/oem7/inspva,39.663,-75.756,-1.800772697,0.001495716,0.000325773,-0.000044435,0.001495056,0.000325773,,novatel_oem7_msgs.msg.InertialSolutionStatus(status=3),
1786043771666929090,1786043771.665163005,/novatel/oem7/fix,/novatel/oem7/fix,/novatel/oem7/inspva,39.663,-75.756,-1.800772697,0.001495716,0.000325773,-0.000044435,0.001495056,0.000325773,,0,
1786043771667960390,1786043771.665601340,/novatel/oem7/odom,/novatel/oem7/fix,/novatel/oem7/odom,39.663,-75.756,-1.800772697,0.001494490,0.000331352,0.001489777,-0.000118598,0.000331352,,,
1786043771675281194,1786043771.674641080,/novatel/oem7/odom,/novatel/oem7/fix,/novatel/oem7/odom,39.663,-75.756,-1.800772697,0.001494490,0.000331352,0.001489777,-0.000118598,0.000331352,,,
1786043771686072339,1786043771.685560207,/novatel/oem7/inspva,/novatel/oem7/inspva,/novatel/oem7/inspva,39.663,-75.756,-1.800776475,0.001694314,0.000129144,0.000337269,0.001660406,0.000129144,,novatel_oem7_msgs.msg.InertialSolutionStatus(status=3),
1786043771687356568,1786043771.685729439,/novatel/oem7/fix,/novatel/oem7/fix,/novatel/oem7/inspva,39.663,-75.756,-1.800776475,0.001694314,0.000129144,0.000337269,0.001660406,0.000129144,,0,
1786043771688413146,1786043771.686161833,/novatel/oem7/odom,/novatel/oem7/fix,/novatel/oem7/odom,39.663,-75.756,-1.800776475,0.001693745,0.000136406,0.001674432,0.000255047,0.000136406,,,
1786043771695349455,1786043771.694716259,/novatel/oem7/odom,/novatel/oem7/fix,/novatel/oem7/odom,39.663,-75.756,-1.800776475,0.001693745,0.000136406,0.001674432,0.000255047,0.000136406,,,
1786043771706323162,1786043771.705867620,/novatel/oem7/inspva,/novatel/oem7/inspva,/novatel/oem7/inspva,39.663,-75.756,-1.800780346,0.001620636,0.000281448,0.000053505,0.001619753,0.000281448,,novatel_oem7_msgs.msg.InertialSolutionStatus(status=3),
1786043771707675042,1786043771.705934907,/novatel/oem7/fix,/novatel/oem7/fix,/novatel/oem7/inspva,39.663,-75.756,-1.800780346,0.001620636,0.000281448,0.000053505,0.001619753,0.000281448,,0,
1786043771708734129,1786043771.706306798,/novatel/oem7/odom,/novatel/oem7/fix,/novatel/oem7/odom,39.663,-75.756,-1.800780346,0.001619529,0.000287751,0.001619307,-0.000026785,0.000287751,,,
1786043771710552628,1786043771.709881137,/novatel/oem7/bestpos,/novatel/oem7/bestpos,/novatel/oem7/odom,39.663,-75.756,33.181557831,0.001619529,0.000287751,0.001619307,-0.000026785,0.000287751,,novatel_oem7_msgs.msg.SolutionStatus(status=0),novatel_oem7_msgs.msg.PositionOrVelocityType(type=53)
1786043771711919305,1786043771.710408380,/novatel/oem7/bestvel,/novatel/oem7/bestpos,/novatel/oem7/bestvel,39.663,-75.756,33.181557831,0.001461809,0.000545666,,,,99.584038035,novatel_oem7_msgs.msg.SolutionStatus(status=0),novatel_oem7_msgs.msg.PositionOrVelocityType(type=53)
1786043771714956279,1786043771.714288115,/novatel/oem7/odom,/novatel/oem7/bestpos,/novatel/oem7/odom,39.663,-75.756,33.181557831,0.001619529,0.000287751,0.001619307,-0.000026785,0.000287751,,,
1786043771725694090,1786043771.725132594,/novatel/oem7/inspva,/novatel/oem7/inspva,/novatel/oem7/inspva,39.663,-75.756,-1.800784023,0.001592842,0.000168944,0.000193233,0.001581077,0.000168944,,novatel_oem7_msgs.msg.InertialSolutionStatus(status=3),
1786043771727030560,1786043771.725272966,/novatel/oem7/fix,/novatel/oem7/fix,/novatel/oem7/inspva,39.663,-75.756,-1.800784023,0.001592842,0.000168944,0.000193233,0.001581077,0.000168944,,0,
1786043771728067527,1786043771.725590279,/novatel/oem7/odom,/novatel/oem7/fix,/novatel/oem7/odom,39.663,-75.756,-1.800784023,0.001592134,0.000175488,0.001587977,0.000114969,0.000175488,,,
1786043771736031890,1786043771.735353954,/novatel/oem7/odom,/novatel/oem7/fix,/novatel/oem7/odom,39.663,-75.756,-1.800784023,0.001592134,0.000175488,0.001587977,0.000114969,0.000175488,,,
1786043771745673627,1786043771.745077398,/novatel/oem7/inspva,/novatel/oem7/inspva,/novatel/oem7/inspva,39.663,-75.756,-1.800788654,0.001506789,0.000264385,0.000050160,0.001505954,0.000264385,,novatel_oem7_msgs.msg.InertialSolutionStatus(status=3),
1786043771747008794,1786043771.745234776,/novatel/oem7/fix,/novatel/oem7/fix,/novatel/oem7/inspva,39.663,-75.756,-1.800788654,0.001506789,0.000264385,0.000050160,0.001505954,0.000264385,,0,
1786043771748125668,1786043771.745663760,/novatel/oem7/odom,/novatel/oem7/fix,/novatel/oem7/odom,39.663,-75.756,-1.800788654,0.001505745,0.000270268,0.001505546,-0.000024497,0.000270268,,,
1786043771756296144,1786043771.755656801,/novatel/oem7/odom,/novatel/oem7/fix,/novatel/oem7/odom,39.663,-75.756,-1.800788654,0.001505745,0.000270268,0.001505546,-0.000024497,0.000270268,,,
1786043771766975804,1786043771.766473449,/novatel/oem7/inspva,/novatel/oem7/inspva,/novatel/oem7/inspva,39.663,-75.756,-1.800793303,0.001795665,0.000031623,0.000471956,0.001732533,0.000031623,,novatel_oem7_msgs.msg.InertialSolutionStatus(status=3),
1786043771768674181,1786043771.766630318,/novatel/oem7/fix,/novatel/oem7/fix,/novatel/oem7/inspva,39.663,-75.756,-1.800793303,0.001795665,0.000031623,0.000471956,0.001732533,0.000031623,,0,
1786043771769966517,1786043771.766963091,/novatel/oem7/odom,/novatel/oem7/fix,/novatel/oem7/odom,39.663,-75.756,-1.800793303,0.001795508,0.000039539,0.001753471,0.000386250,0.000039539,,,
1786043771775486240,1786043771.774632611,/novatel/oem7/odom,/novatel/oem7/fix,/novatel/oem7/odom,39.663,-75.756,-1.800793303,0.001795508,0.000039539,0.001753471,0.000386250,0.000039539,,,
1786043771785525161,1786043771.784989692,/novatel/oem7/inspva,/novatel/oem7/inspva,/novatel/oem7/inspva,39.663,-75.756,-1.800796226,0.001542321,0.000517049,0.000338889,0.001504629,0.000517049,,novatel_oem7_msgs.msg.InertialSolutionStatus(status=3),
1786043771786852837,1786043771.785140297,/novatel/oem7/fix,/novatel/oem7/fix,/novatel/oem7/inspva,39.663,-75.756,-1.800796226,0.001542321,0.000517049,0.000338889,0.001504629,0.000517049,,0,
1786043771787952008,1786043771.785493347,/novatel/oem7/odom,/novatel/oem7/fix,/novatel/oem7/odom,39.663,-75.756,-1.800796226,0.001540068,0.000523723,0.001517401,0.000263254,0.000523723,,,
1786043771795145184,1786043771.794504374,/novatel/oem7/odom,/novatel/oem7/fix,/novatel/oem7/odom,39.663,-75.756,-1.800796226,0.001540068,0.000523723,0.001517401,0.000263254,0.000523723,,,
1786043771806940822,1786043771.806414393,/novatel/oem7/inspva,/novatel/oem7/inspva,/novatel/oem7/inspva,39.663,-75.756,-1.800804598,0.001827040,-0.000046967,0.000450810,0.001770549,-0.000046967,,novatel_oem7_msgs.msg.InertialSolutionStatus(status=3),
1786043771808256636,1786043771.806583405,/novatel/oem7/fix,/novatel/oem7/fix,/novatel/oem7/inspva,39.663,-75.756,-1.800804598,0.001827040,-0.000046967,0.000450810,0.001770549,-0.000046967,,0,
1786043771809331213,1786043771.807076287,/novatel/oem7/odom,/novatel/oem7/fix,/novatel/oem7/odom,39.663,-75.756,-1.800804598,0.001827228,-0.000038959,0.001790715,0.000363458,-0.000038959,,,
1786043771811249052,1786043771.810384653,/novatel/oem7/bestpos,/novatel/oem7/bestpos,/novatel/oem7/odom,39.663,-75.756,33.181519762,0.001827228,-0.000038959,0.001790715,0.000363458,-0.000038959,,novatel_oem7_msgs.msg.SolutionStatus(status=0),novatel_oem7_msgs.msg.PositionOrVelocityType(type=53)
1786043771812689706,1786043771.810893515,/novatel/oem7/bestvel,/novatel/oem7/bestpos,/novatel/oem7/bestvel,39.663,-75.756,33.181519762,0.002152561,-0.000155224,,,,81.457371179,novatel_oem7_msgs.msg.SolutionStatus(status=0),novatel_oem7_msgs.msg.PositionOrVelocityType(type=53)
1786043771815700607,1786043771.814968689,/novatel/oem7/odom,/novatel/oem7/bestpos,/novatel/oem7/odom,39.663,-75.756,33.181519762,0.001827228,-0.000038959,0.001790715,0.000363458,-0.000038959,,,
1786043771826722891,1786043771.826179379,/novatel/oem7/inspva,/novatel/oem7/inspva,/novatel/oem7/inspva,39.663,-75.756,-1.800810377,0.001662777,-0.000075100,0.000417183,0.001609591,-0.000075100,,novatel_oem7_msgs.msg.InertialSolutionStatus(status=3),
1786043771828089648,1786043771.826343010,/novatel/oem7/fix,/novatel/oem7/fix,/novatel/oem7/inspva,39.663,-75.756,-1.800810377,0.001662777,-0.000075100,0.000417183,0.001609591,-0.000075100,,0,
1786043771829132631,1786043771.826941356,/novatel/oem7/odom,/novatel/oem7/fix,/novatel/oem7/odom,39.663,-75.756,-1.800810377,0.001663091,-0.000067785,0.001628418,0.000337826,-0.000067785,,,
1786043771835487092,1786043771.834555720,/novatel/oem7/odom,/novatel/oem7/fix,/novatel/oem7/odom,39.663,-75.756,-1.800810377,0.001663091,-0.000067785,0.001628418,0.000337826,-0.000067785,,,
1786043771845827903,1786043771.845294081,/novatel/oem7/inspva,/novatel/oem7/inspva,/novatel/oem7/inspva,39.663,-75.756,-1.800815330,0.001666632,0.000197982,0.000262597,0.001645815,0.000197982,,novatel_oem7_msgs.msg.InertialSolutionStatus(status=3),
1786043771847221207,1786043771.845406669,/novatel/oem7/fix,/novatel/oem7/fix,/novatel/oem7/inspva,39.663,-75.756,-1.800815330,0.001666632,0.000197982,0.000262597,0.001645815,0.000197982,,0,
1786043771848291741,1786043771.846122352,/novatel/oem7/odom,/novatel/oem7/fix,/novatel/oem7/odom,39.663,-75.756,-1.800815330,0.001665787,0.000204975,0.001655929,0.000180957,0.000204975,,,
1786043771856946588,1786043771.856234474,/novatel/oem7/odom,/novatel/oem7/fix,/novatel/oem7/odom,39.663,-75.756,-1.800815330,0.001665787,0.000204975,0.001655929,0.000180957,0.000204975,,,
1786043771866379102,1786043771.865102299,/novatel/oem7/inspva,/novatel/oem7/inspva,/novatel/oem7/inspva,39.663,-75.756,-1.800827977,0.001415427,-0.000045177,0.000351826,0.001371004,-0.000045177,,novatel_oem7_msgs.msg.InertialSolutionStatus(status=3),
1786043771867754283,1786043771.865336675,/novatel/oem7/fix,/novatel/oem7/fix,/novatel/oem7/inspva,39.663,-75.756,-1.800827977,0.001415427,-0.000045177,0.000351826,0.001371004,-0.000045177,,0,
1786043771868810857,1786043771.865828787,/novatel/oem7/odom,/novatel/oem7/fix,/novatel/oem7/odom,39.663,-75.756,-1.800827977,0.001665786,0.000204984,0.001655929,0.000180943,0.000204984,,,
1786043771875198894,1786043771.874546227,/novatel/oem7/odom,/novatel/oem7/fix,/novatel/oem7/odom,39.663,-75.756,-1.800827977,0.001415611,-0.000038971,0.001386792,0.000284190,-0.000038971,,,
1786043771887246499,1786043771.886690876,/novatel/oem7/inspva,/novatel/oem7/inspva,/novatel/oem7/inspva,39.663,-75.756,-1.800837134,0.001571024,-0.000182314,0.000592720,0.001454923,-0.000182314,,novatel_oem7_msgs.msg.InertialSolutionStatus(status=3),
1786043771888636689,1786043771.886902285,/novatel/oem7/fix,/novatel/oem7/fix,/novatel/oem7/inspva,39.663,-75.756,-1.800837134,0.001571024,-0.000182314,0.000592720,0.001454923,-0.000182314,,0,
1786043771889696940,1786043771.887635489,/novatel/oem7/odom,/novatel/oem7/fix,/novatel/oem7/odom,39.663,-75.756,-1.800837134,0.001571842,-0.000175125,0.001482975,0.000521029,-0.000175125,,,
1786043771895732257,1786043771.895021307,/novatel/oem7/odom,/novatel/oem7/fix,/novatel/oem7/odom,39.663,-75.756,-1.800837134,0.001571842,-0.000175125,0.001482975,0.000521029,-0.000175125,,,
1786043771906291230,1786043771.905726590,/novatel/oem7/inspva,/novatel/oem7/inspva,/novatel/oem7/inspva,39.663,-75.756,-1.800846598,0.001534528,-0.000099213,0.000376537,0.001487614,-0.000099213,,novatel_oem7_msgs.msg.InertialSolutionStatus(status=3),
1786043771907648487,1786043771.905884642,/novatel/oem7/fix,/novatel/oem7/fix,/novatel/oem7/inspva,39.663,-75.756,-1.800846598,0.001534528,-0.000099213,0.000376537,0.001487614,-0.000099213,,0,
1786043771908760668,1786043771.906364987,/novatel/oem7/odom,/novatel/oem7/fix,/novatel/oem7/odom,39.663,-75.756,-1.800846598,0.001534948,-0.000092493,0.001504690,0.000303273,-0.000092493,,,
1786043771910304867,1786043771.909249186,/novatel/oem7/bestpos,/novatel/oem7/bestpos,/novatel/oem7/odom,39.663,-75.756,33.181483046,0.001534948,-0.000092493,0.001504690,0.000303273,-0.000092493,,novatel_oem7_msgs.msg.SolutionStatus(status=0),novatel_oem7_msgs.msg.PositionOrVelocityType(type=53)
1786043771911253213,1786043771.909608173,/novatel/oem7/bestvel,/novatel/oem7/bestpos,/novatel/oem7/bestvel,39.663,-75.756,33.181483046,0.001662142,-0.000169149,,,,76.727065262,novatel_oem7_msgs.msg.SolutionStatus(status=0),novatel_oem7_msgs.msg.PositionOrVelocityType(type=53)
1786043771916070314,1786043771.915442865,/novatel/oem7/odom,/novatel/oem7/bestpos,/novatel/oem7/odom,39.663,-75.756,33.181483046,0.001534948,-0.000092493,0.001504690,0.000303273,-0.000092493,,,
1786043771925874507,1786043771.925364664,/novatel/oem7/inspva,/novatel/oem7/inspva,/novatel/oem7/inspva,39.663,-75.756,-1.800855128,0.001970978,-0.000042428,0.000363438,0.001937180,-0.000042428,,novatel_oem7_msgs.msg.InertialSolutionStatus(status=3),
1786043771927250383,1786043771.925534939,/novatel/oem7/fix,/novatel/oem7/fix,/novatel/oem7/inspva,39.663,-75.756,-1.800855128,0.001970978,-0.000042428,0.000363438,0.001937180,-0.000042428,,0,
1786043771928313957,1786043771.926187826,/novatel/oem7/odom,/novatel/oem7/fix,/novatel/oem7/odom,39.663,-75.756,-1.800855128,0.001971141,-0.000034024,0.001952843,0.000267959,-0.000034024,,,
1786043771935803596,1786043771.935089629,/novatel/oem7/odom,/novatel/oem7/fix,/novatel/oem7/odom,39.663,-75.756,-1.800855128,0.001971141,-0.000034024,0.001952843,0.000267959,-0.000034024,,,
1786043771946899441,1786043771.946331722,/novatel/oem7/inspva,/novatel/oem7/inspva,/novatel/oem7/inspva,39.663,-75.756,-1.800867685,0.001830475,-0.000147116,0.000604819,0.001727666,-0.000147116,,novatel_oem7_msgs.msg.InertialSolutionStatus(status=3),
1786043771948229031,1786043771.946526064,/novatel/oem7/fix,/novatel/oem7/fix,/novatel/oem7/inspva,39.663,-75.756,-1.800867685,0.001830475,-0.000147116,0.000604819,0.001727666,-0.000147116,,0,
1786043771949286601,1786043771.946959031,/novatel/oem7/odom,/novatel/oem7/fix,/novatel/oem7/odom,39.663,-75.756,-1.800867685,0.001831120,-0.000138852,0.001755844,0.000519628,-0.000138852,,,
1786043771956286042,1786043771.955645628,/novatel/oem7/odom,/novatel/oem7/fix,/novatel/oem7/odom,39.663,-75.756,-1.800867685,0.001831120,-0.000138852,0.001755844,0.000519628,-0.000138852,,,
1786043771965839608,1786043771.965301162,/novatel/oem7/inspva,/novatel/oem7/inspva,/novatel/oem7/inspva,39.663,-75.756,-1.800877184,0.001869730,-0.000293370,0.000237909,0.001854533,-0.000293370,,novatel_oem7_msgs.msg.InertialSolutionStatus(status=3),
1786043771967207131,1786043771.965509091,/novatel/oem7/fix,/novatel/oem7/fix,/novatel/oem7/inspva,39.663,-75.756,-1.800877184,0.001869730,-0.000293370,0.000237909,0.001854533,-0.000293370,,0,
1786043771968286989,1786043771.966167374,/novatel/oem7/odom,/novatel/oem7/fix,/novatel/oem7/odom,39.663,-75.756,-1.800877184,0.001870925,-0.000285650,0.001865117,0.000147309,-0.000285650,,,
1786043771976204762,1786043771.975568455,/novatel/oem7/odom,/novatel/oem7/fix,/novatel/oem7/odom,39.663,-75.756,-1.800877184,0.001870925,-0.000285650,0.001865117,0.000147309,-0.000285650,,,
1786043771985682273,1786043771.985104614,/novatel/oem7/inspva,/novatel/oem7/inspva,/novatel/oem7/inspva,39.663,-75.756,-1.800888292,0.001923044,-0.000073056,0.000516097,0.001852496,-0.000073056,,novatel_oem7_msgs.msg.InertialSolutionStatus(status=3),
1786043771987016444,1786043771.985278276,/novatel/oem7/fix,/novatel/oem7/fix,/novatel/oem7/inspva,39.663,-75.756,-1.800888292,0.001923044,-0.000073056,0.000516097,0.001852496,-0.000073056,,0,
1786043771988073167,1786043771.985708924,/novatel/oem7/odom,/novatel/oem7/fix,/novatel/oem7/odom,39.663,-75.756,-1.800888292,0.001923348,-0.000064561,0.001875877,0.000424683,-0.000064561,,,
1786043771994999327,1786043771.994346714,/novatel/oem7/odom,/novatel/oem7/fix,/novatel/oem7/odom,39.663,-75.756,-1.800888292,0.001923348,-0.000064561,0.001875877,0.000424683,-0.000064561,,,
1786043772009046735,1786043772.008358376,/novatel/oem7/inspva,/novatel/oem7/inspva,/novatel/oem7/inspva,39.663,-75.756,-1.800902282,0.001795811,-0.000482283,0.000687076,0.001659176,-0.000482283,,novatel_oem7_msgs.msg.InertialSolutionStatus(status=3),
1786043772010457216,1786043772.008442755,/novatel/oem7/fix,/novatel/oem7/fix,/novatel/oem7/inspva,39.663,-75.756,-1.800902282,0.001795811,-0.000482283,0.000687076,0.001659176,-0.000482283,,0,
1786043772011599527,1786043772.009667471,/novatel/oem7/odom,/novatel/oem7/fix,/novatel/oem7/odom,39.663,-75.756,-1.800902282,0.001798003,-0.000474047,0.001692802,0.000606001,-0.000474047,,,
1786043772016861870,1786043772.016187629,/novatel/oem7/odom,/novatel/oem7/fix,/novatel/oem7/odom,39.663,-75.756,-1.800902282,0.001798003,-0.000474047,0.001692802,0.000606001,-0.000474047,,,
1786043772027186834,1786043772.026650187,/novatel/oem7/bestpos,/novatel/oem7/bestpos,/novatel/oem7/odom,39.663,-75.756,33.181431175,0.001798003,-0.000474047,0.001692802,0.000606001,-0.000474047,,novatel_oem7_msgs.msg.SolutionStatus(status=0),novatel_oem7_msgs.msg.PositionOrVelocityType(type=53)
1786043772028640425,1786043772.027037026,/novatel/oem7/bestvel,/novatel/oem7/bestpos,/novatel/oem7/bestvel,39.663,-75.756,33.181431175,0.001768188,-0.000393509,,,,73.503413226,novatel_oem7_msgs.msg.SolutionStatus(status=0),novatel_oem7_msgs.msg.PositionOrVelocityType(type=53)
1786043772029702809,1786043772.027504319,/novatel/oem7/inspva,/novatel/oem7/inspva,/novatel/oem7/inspva,39.663,-75.756,-1.800914324,0.002089462,-0.000616305,0.001291410,0.001642593,-0.000616305,,novatel_oem7_msgs.msg.InertialSolutionStatus(status=3),
1786043772030727942,1786043772.027569346,/novatel/oem7/fix,/novatel/oem7/fix,/novatel/oem7/inspva,39.663,-75.756,-1.800914324,0.002089462,-0.000616305,0.001291410,0.001642593,-0.000616305,,0,
1786043772031821357,1786043772.028000402,/novatel/oem7/odom,/novatel/oem7/fix,/novatel/oem7/odom,39.663,-75.756,-1.800914324,0.002092343,-0.000606454,0.001706437,0.001210773,-0.000606454,,,
1786043772036148824,1786043772.035509390,/novatel/oem7/odom,/novatel/oem7/fix,/novatel/oem7/odom,39.663,-75.756,-1.800914324,0.002092343,-0.000606454,0.001706437,0.001210773,-0.000606454,,,
1786043772045850707,1786043772.045319599,/novatel/oem7/inspva,/novatel/oem7/inspva,/novatel/oem7/inspva,39.663,-75.756,-1.800920478,0.002020370,-0.000212294,0.000844345,0.001835477,-0.000212294,,novatel_oem7_msgs.msg.InertialSolutionStatus(status=3),
1786043772047167654,1786043772.045495474,/novatel/oem7/fix,/novatel/oem7/fix,/novatel/oem7/inspva,39.663,-75.756,-1.800920478,0.002020370,-0.000212294,0.000844345,0.001835477,-0.000212294,,0,
1786043772048251938,1786043772.046030219,/novatel/oem7/odom,/novatel/oem7/fix,/novatel/oem7/odom,39.663,-75.756,-1.800920478,0.002021330,-0.000202945,0.001875549,0.000753718,-0.000202945,,,
1786043772057009163,1786043772.056340926,/novatel/oem7/odom,/novatel/oem7/fix,/novatel/oem7/odom,39.663,-75.756,-1.800920478,0.002021330,-0.000202945,0.001875549,0.000753718,-0.000202945,,,
1786043772066860405,1786043772.066314547,/novatel/oem7/inspva,/novatel/oem7/inspva,/novatel/oem7/inspva,39.663,-75.756,-1.800930285,0.002455367,-0.000228747,0.001361052,0.002043616,-0.000228747,,novatel_oem7_msgs.msg.InertialSolutionStatus(status=3),
1786043772068184239,1786043772.066491412,/novatel/oem7/fix,/novatel/oem7/fix,/novatel/oem7/inspva,39.663,-75.756,-1.800930285,0.002455367,-0.000228747,0.001361052,0.002043616,-0.000228747,,0,
1786043772069260103,1786043772.066997817,/novatel/oem7/odom,/novatel/oem7/fix,/novatel/oem7/odom,39.663,-75.756,-1.800930285,0.002456420,-0.000217156,0.002108869,0.001259631,-0.000217156,,,
1786043772075101405,1786043772.074469775,/novatel/oem7/odom,/novatel/oem7/fix,/novatel/oem7/odom,39.663,-75.756,-1.800930285,0.002456420,-0.000217156,0.002108869,0.001259631,-0.000217156,,,
1786043772085858226,1786043772.085345241,/novatel/oem7/inspva,/novatel/oem7/inspva,/novatel/oem7/inspva,39.663,-75.756,-1.800938329,0.002289615,-0.000475468,0.000948348,0.002083980,-0.000475468,,novatel_oem7_msgs.msg.InertialSolutionStatus(status=3),
1786043772087164022,1786043772.085496812,/novatel/oem7/fix,/novatel/oem7/fix,/novatel/oem7/inspva,39.663,-75.756,-1.800938329,0.002289615,-0.000475468,0.000948348,0.002083980,-0.000475468,,0,
1786043772088251757,1786043772.086219570,/novatel/oem7/odom,/novatel/oem7/fix,/novatel/oem7/odom,39.663,-75.756,-1.800938329,0.002291787,-0.000464882,0.002129887,0.000846092,-0.000464882,,,
1786043772096320574,1786043772.095667151,/novatel/oem7/odom,/novatel/oem7/fix,/novatel/oem7/odom,39.663,-75.756,-1.800938329,0.002291787,-0.000464882,0.002129887,0.000846092,-0.000464882,,,
1786043772106299328,1786043772.105817163,/novatel/oem7/inspva,/novatel/oem7/inspva,/novatel/oem7/inspva,39.663,-75.756,-1.800944492,0.002292124,-0.000485635,0.001271202,0.001907322,-0.000485635,,novatel_oem7_msgs.msg.InertialSolutionStatus(status=3),
1786043772107619798,1786043772.105957061,/novatel/oem7/fix,/novatel/oem7/fix,/novatel/oem7/inspva,39.663,-75.756,-1.800944492,0.002292124,-0.000485635,0.001271202,0.001907322,-0.000485635,,0,
1786043772108681132,1786043772.106405579,/novatel/oem7/odom,/novatel/oem7/fix,/novatel/oem7/odom,39.663,-75.756,-1.800944492,0.002294383,-0.000474847,0.001969325,0.001177266,-0.000474847,,,
1786043772110563704,1786043772.109795986,/novatel/oem7/bestpos,/novatel/oem7/bestpos,/novatel/oem7/odom,39.663,-75.756,33.181415725,0.002294383,-0.000474847,0.001969325,0.001177266,-0.000474847,,novatel_oem7_msgs.msg.SolutionStatus(status=0),novatel_oem7_msgs.msg.PositionOrVelocityType(type=53)
1786043772111974688,1786043772.110380032,/novatel/oem7/bestvel,/novatel/oem7/bestpos,/novatel/oem7/bestvel,39.663,-75.756,33.181415725,0.002080438,-0.000184673,,,,70.038345093,novatel_oem7_msgs.msg.SolutionStatus(status=0),novatel_oem7_msgs.msg.PositionOrVelocityType(type=53)
1786043772115022189,1786043772.114344202,/novatel/oem7/odom,/novatel/oem7/bestpos,/novatel/oem7/odom,39.663,-75.756,33.181415725,0.002294383,-0.000474847,0.001969325,0.001177266,-0.000474847,,,
1786043772126979506,1786043772.126490707,/novatel/oem7/inspva,/novatel/oem7/inspva,/novatel/oem7/inspva,39.663,-75.756,-1.800946911,0.002430511,-0.000132357,0.000923985,0.002248029,-0.000132357,,novatel_oem7_msgs.msg.InertialSolutionStatus(status=3),
1786043772128651956,1786043772.126630899,/novatel/oem7/fix,/novatel/oem7/fix,/novatel/oem7/inspva,39.663,-75.756,-1.800946911,0.002430511,-0.000132357,0.000923985,0.002248029,-0.000132357,,0,
1786043772129946869,1786043772.127082797,/novatel/oem7/odom,/novatel/oem7/fix,/novatel/oem7/odom,39.663,-75.756,-1.800946911,0.002431091,-0.000121221,0.002291178,0.000812839,-0.000121221,,,
1786043772135221745,1786043772.134566908,/novatel/oem7/odom,/novatel/oem7/fix,/novatel/oem7/odom,39.663,-75.756,-1.800946911,0.002431091,-0.000121221,0.002291178,0.000812839,-0.000121221,,,
1786043772145403041,1786043772.144903036,/novatel/oem7/inspva,/novatel/oem7/inspva,/novatel/oem7/inspva,39.663,-75.756,-1.800952204,0.002454653,-0.000389248,0.001239858,0.002118507,-0.000389248,,novatel_oem7_msgs.msg.InertialSolutionStatus(status=3),
1786043772146822715,1786043772.145053394,/novatel/oem7/fix,/novatel/oem7/fix,/novatel/oem7/inspva,39.663,-75.756,-1.800952204,0.002454653,-0.000389248,0.001239858,0.002118507,-0.000389248,,0,
1786043772147902199,1786043772.145518425,/novatel/oem7/odom,/novatel/oem7/fix,/novatel/oem7/odom,39.663,-75.756,-1.800952204,0.002456451,-0.000377733,0.002178345,0.001135326,-0.000377733,,,
1786043772156716021,1786043772.156000624,/novatel/oem7/odom,/novatel/oem7/fix,/novatel/oem7/odom,39.663,-75.756,-1.800952204,0.002456451,-0.000377733,0.002178345,0.001135326,-0.000377733,,,
1786043772165765345,1786043772.165242313,/novatel/oem7/inspva,/novatel/oem7/inspva,/novatel/oem7/inspva,39.663,-75.756,-1.800953840,0.002205609,-0.000232690,0.000908986,0.002009591,-0.000232690,,novatel_oem7_msgs.msg.InertialSolutionStatus(status=3),
1786043772167131289,1786043772.165389268,/novatel/oem7/fix,/novatel/oem7/fix,/novatel/oem7/inspva,39.663,-75.756,-1.800953840,0.002205609,-0.000232690,0.000908986,0.002009591,-0.000232690,,0,
1786043772168222746,1786043772.165960820,/novatel/oem7/odom,/novatel/oem7/fix,/novatel/oem7/odom,39.663,-75.756,-1.800953840,0.002206663,-0.000222479,0.002052707,0.000809786,-0.000222479,,,
1786043772175216663,1786043772.174574144,/novatel/oem7/odom,/novatel/oem7/fix,/novatel/oem7/odom,39.663,-75.756,-1.800953840,0.002206663,-0.000222479,0.002052707,0.000809786,-0.000222479,,,
1786043772186587551,1786043772.186025802,/novatel/oem7/inspva,/novatel/oem7/inspva,/novatel/oem7/inspva,39.663,-75.756,-1.800958206,0.002353324,-0.000143865,0.000948654,0.002153646,-0.000143865,,novatel_oem7_msgs.msg.InertialSolutionStatus(status=3),
1786043772187952148,1786043772.186164963,/novatel/oem7/fix,/novatel/oem7/fix,/novatel/oem7/inspva,39.663,-75.756,-1.800958206,0.002353324,-0.000143865,0.000948654,0.002153646,-0.000143865,,0,
1786043772189018852,1786043772.186649418,/novatel/oem7/odom,/novatel/oem7/fix,/novatel/oem7/odom,39.663,-75.756,-1.800958206,0.002353964,-0.000132991,0.002198182,0.000842105,-0.000132991,,,
1786043772195278495,1786043772.194621645,/novatel/oem7/odom,/novatel/oem7/fix,/novatel/oem7/odom,39.663,-75.756,-1.800958206,0.002353964,-0.000132991,0.002198182,0.000842105,-0.000132991,,,
1786043772206782893,1786043772.206246762,/novatel/oem7/inspva,/novatel/oem7/inspva,/novatel/oem7/inspva,39.663,-75.756,-1.800967574,0.002306219,-0.000553935,0.000747658,0.002181663,-0.000553935,,novatel_oem7_msgs.msg.InertialSolutionStatus(status=3),
1786043772208127431,1786043772.206388136,/novatel/oem7/fix,/novatel/oem7/fix,/novatel/oem7/inspva,39.663,-75.756,-1.800967574,0.002306219,-0.000553935,0.000747658,0.002181663,-0.000553935,,0,
1786043772209190258,1786043772.206959675,/novatel/oem7/odom,/novatel/oem7/fix,/novatel/oem7/odom,39.663,-75.756,-1.800967574,0.002308698,-0.000543511,0.002217922,0.000641021,-0.000543511,,,
1786043772210742340,1786043772.210116094,/novatel/oem7/bestpos,/novatel/oem7/bestpos,/novatel/oem7/odom,39.663,-75.756,33.181383584,0.002308698,-0.000543511,0.002217922,0.000641021,-0.000543511,,novatel_oem7_msgs.msg.SolutionStatus(status=0),novatel_oem7_msgs.msg.PositionOrVelocityType(type=53)
1786043772212164057,1786043772.210489044,/novatel/oem7/bestvel,/novatel/oem7/bestpos,/novatel/oem7/bestvel,39.663,-75.756,33.181383584,0.002179427,-0.000480606,,,,70.227606096,novatel_oem7_msgs.msg.SolutionStatus(status=0),novatel_oem7_msgs.msg.PositionOrVelocityType(type=53)
1786043772216163201,1786043772.215482861,/novatel/oem7/odom,/novatel/oem7/bestpos,/novatel/oem7/odom,39.663,-75.756,33.181383584,0.002308698,-0.000543511,0.002217922,0.000641021,-0.000543511,,,
1786043772225593212,1786043772.225023393,/novatel/oem7/inspva,/novatel/oem7/inspva,/novatel/oem7/inspva,39.663,-75.756,-1.800974574,0.002216653,-0.000534949,0.000925695,0.002014110,-0.000534949,,novatel_oem7_msgs.msg.InertialSolutionStatus(status=3),
1786043772227310133,1786043772.225166615,/novatel/oem7/fix,/novatel/oem7/fix,/novatel/oem7/inspva,39.663,-75.756,-1.800974574,0.002216653,-0.000534949,0.000925695,0.002014110,-0.000534949,,0,
1786043772228633623,1786043772.225668493,/novatel/oem7/odom,/novatel/oem7/fix,/novatel/oem7/odom,39.663,-75.756,-1.800974574,0.002219110,-0.000524663,0.002059240,0.000827032,-0.000524663,,,
1786043772235125608,1786043772.234431001,/novatel/oem7/odom,/novatel/oem7/fix,/novatel/oem7/odom,39.663,-75.756,-1.800974574,0.002219110,-0.000524663,0.002059240,0.000827032,-0.000524663,,,
1786043772247077895,1786043772.246552816,/novatel/oem7/inspva,/novatel/oem7/inspva,/novatel/oem7/inspva,39.663,-75.756,-1.800985595,0.001984099,-0.000760140,0.000733466,0.001843550,-0.000760140,,novatel_oem7_msgs.msg.InertialSolutionStatus(status=3),
1786043772248460409,1786043772.246714294,/novatel/oem7/fix,/novatel/oem7/fix,/novatel/oem7/inspva,39.663,-75.756,-1.800985595,0.001984099,-0.000760140,0.000733466,0.001843550,-0.000760140,,0,
1786043772249597867,1786043772.247245563,/novatel/oem7/odom,/novatel/oem7/fix,/novatel/oem7/odom,39.663,-75.756,-1.800985595,0.001987562,-0.000751040,0.001880343,0.000643982,-0.000751040,,,
1786043772257233254,1786043772.256570507,/novatel/oem7/odom,/novatel/oem7/fix,/novatel/oem7/odom,39.663,-75.756,-1.800985595,0.001987562,-0.000751040,0.001880343,0.000643982,-0.000751040,,,
1786043772265410102,1786043772.264904671,/novatel/oem7/inspva,/novatel/oem7/inspva,/novatel/oem7/inspva,39.663,-75.756,-1.800994712,0.002215747,-0.000415515,0.001009395,0.001972474,-0.000415515,,novatel_oem7_msgs.msg.InertialSolutionStatus(status=3),
1786043772266788766,1786043772.265055522,/novatel/oem7/fix,/novatel/oem7/fix,/novatel/oem7/inspva,39.663,-75.756,-1.800994712,0.002215747,-0.000415515,0.001009395,0.001972474,-0.000415515,,0,
1786043772267860471,1786043772.265535877,/novatel/oem7/odom,/novatel/oem7/fix,/novatel/oem7/odom,39.663,-75.756,-1.800994712,0.002217660,-0.000405181,0.002021288,0.000912364,-0.000405181,,,
1786043772276248785,1786043772.275588464,/novatel/oem7/odom,/novatel/oem7/fix,/novatel/oem7/odom,39.663,-75.756,-1.800994712,0.002217660,-0.000405181,0.002021288,0.000912364,-0.000405181,,,
1786043772285976982,1786043772.285460287,/novatel/oem7/inspva,/novatel/oem7/inspva,/novatel/oem7/inspva,39.663,-75.756,-1.801005632,0.002222632,-0.000450755,0.000672859,0.002118338,-0.000450755,,novatel_oem7_msgs.msg.InertialSolutionStatus(status=3),
1786043772287516558,1786043772.285611359,/novatel/oem7/fix,/novatel/oem7/fix,/novatel/oem7/inspva,39.663,-75.756,-1.801005632,0.002222632,-0.000450755,0.000672859,0.002118338,-0.000450755,,0,
1786043772288596869,1786043772.286313219,/novatel/oem7/odom,/novatel/oem7/fix,/novatel/oem7/odom,39.663,-75.756,-1.801005632,0.002224636,-0.000440759,0.002150598,0.000569153,-0.000440759,,,
1786043772295861482,1786043772.295169981,/novatel/oem7/odom,/novatel/oem7/fix,/novatel/oem7/odom,39.663,-75.756,-1.801005632,0.002224636,-0.000440759,0.002150598,0.000569153,-0.000440759,,,
1786043772306888289,1786043772.306279242,/novatel/oem7/inspva,/novatel/oem7/inspva,/novatel/oem7/inspva,39.663,-75.756,-1.801017597,0.002342428,-0.000399379,0.000662020,0.002246931,-0.000399379,,novatel_oem7_msgs.msg.InertialSolutionStatus(status=3),
1786043772308283483,1786043772.306459244,/novatel/oem7/fix,/novatel/oem7/fix,/novatel/oem7/inspva,39.663,-75.756,-1.801017597,0.002342428,-0.000399379,0.000662020,0.002246931,-0.000399379,,0,
1786043772309382664,1786043772.306928863,/novatel/oem7/odom,/novatel/oem7/fix,/novatel/oem7/odom,39.663,-75.756,-1.801017597,0.002344186,-0.000388931,0.002278293,0.000551895,-0.000388931,,,
1786043772310979527,1786043772.309344517,/novatel/oem7/bestpos,/novatel/oem7/bestpos,/novatel/oem7/odom,39.663,-75.756,33.181328626,0.002344186,-0.000388931,0.002278293,0.000551895,-0.000388931,,novatel_oem7_msgs.msg.SolutionStatus(status=0),novatel_oem7_msgs.msg.PositionOrVelocityType(type=53)
1786043772311963120,1786043772.310034397,/novatel/oem7/bestvel,/novatel/oem7/bestpos,/novatel/oem7/bestvel,39.663,-75.756,33.181328626,0.002425019,-0.000450836,,,,73.748333810,novatel_oem7_msgs.msg.SolutionStatus(status=0),novatel_oem7_msgs.msg.PositionOrVelocityType(type=53)
1786043772315564156,1786043772.314817372,/novatel/oem7/odom,/novatel/oem7/bestpos,/novatel/oem7/odom,39.663,-75.756,33.181328626,0.002344186,-0.000388931,0.002278293,0.000551895,-0.000388931,,,
1786043772325904620,1786043772.325304627,/novatel/oem7/inspva,/novatel/oem7/inspva,/novatel/oem7/inspva,39.663,-75.756,-1.801032031,0.002351426,-0.000727008,0.000427258,0.002312284,-0.000727008,,novatel_oem7_msgs.msg.InertialSolutionStatus(status=3),
1786043772327340048,1786043772.325502073,/novatel/oem7/fix,/novatel/oem7/fix,/novatel/oem7/inspva,39.663,-75.756,-1.801032031,0.002351426,-0.000727008,0.000427258,0.002312284,-0.000727008,,0,
1786043772328497103,1786043772.326119115,/novatel/oem7/odom,/novatel/oem7/fix,/novatel/oem7/odom,39.663,-75.756,-1.801032031,0.002354510,-0.000716959,0.002333336,0.000315053,-0.000716959,,,
1786043772336296918,1786043772.335604284,/novatel/oem7/odom,/novatel/oem7/fix,/novatel/oem7/odom,39.663,-75.756,-1.801032031,0.002354510,-0.000716959,0.002333336,0.000315053,-0.000716959,,,
1786043772345895487,1786043772.345323712,/novatel/oem7/inspva,/novatel/oem7/inspva,/novatel/oem7/inspva,39.663,-75.756,-1.801044535,0.002296262,-0.000657171,0.000757363,0.002167769,-0.000657171,,novatel_oem7_msgs.msg.InertialSolutionStatus(status=3),
1786043772347318545,1786043772.345497476,/novatel/oem7/fix,/novatel/oem7/fix,/novatel/oem7/inspva,39.663,-75.756,-1.801044535,0.002296262,-0.000657171,0.000757363,0.002167769,-0.000657171,,0,
1786043772348452160,1786043772.345846007,/novatel/oem7/odom,/novatel/oem7/fix,/novatel/oem7/odom,39.663,-75.756,-1.801044535,0.002299216,-0.000646764,0.002204931,0.000651669,-0.000646764,,,
1786043772356277265,1786043772.355625048,/novatel/oem7/odom,/novatel/oem7/fix,/novatel/oem7/odom,39.663,-75.756,-1.801044535,0.002299216,-0.000646764,0.002204931,0.000651669,-0.000646764,,,
1786043772367214774,1786043772.366685119,/novatel/oem7/inspva,/novatel/oem7/inspva,/novatel/oem7/inspva,39.663,-75.756,-1.801060272,0.002030240,-0.000918892,0.000475804,0.001973699,-0.000918892,,novatel_oem7_msgs.msg.InertialSolutionStatus(status=3),
1786043772368614059,1786043772.366830441,/novatel/oem7/fix,/novatel/oem7/fix,/novatel/oem7/inspva,39.663,-75.756,-1.801060272,0.002030240,-0.000918892,0.000475804,0.001973699,-0.000918892,,0,
1786043772369698359,1786043772.367242392,/novatel/oem7/odom,/novatel/oem7/fix,/novatel/oem7/odom,39.663,-75.756,-1.801060272,0.002034238,-0.000910006,0.001998309,0.000380642,-0.000910006,,,
1786043772375903812,1786043772.375189734,/novatel/oem7/odom,/novatel/oem7/fix,/novatel/oem7/odom,39.663,-75.756,-1.801060272,0.002034238,-0.000910006,0.001998309,0.000380642,-0.000910006,,,
1786043772385825791,1786043772.385158712,/novatel/oem7/inspva,/novatel/oem7/inspva,/novatel/oem7/inspva,39.663,-75.756,-1.801073294,0.002075764,-0.000793190,0.000584922,0.001991649,-0.000793190,,novatel_oem7_msgs.msg.InertialSolutionStatus(status=3),
1786043772387197879,1786043772.385305730,/novatel/oem7/fix,/novatel/oem7/fix,/novatel/oem7/inspva,39.663,-75.756,-1.801073294,0.002075764,-0.000793190,0.000584922,0.001991649,-0.000793190,,0,
1786043772388299173,1786043772.385836621,/novatel/oem7/odom,/novatel/oem7/fix,/novatel/oem7/odom,39.663,-75.756,-1.801073294,0.002079280,-0.000783929,0.002021098,0.000488432,-0.000783929,,,
1786043772396171319,1786043772.395539218,/novatel/oem7/odom,/novatel/oem7/fix,/novatel/oem7/odom,39.663,-75.756,-1.801073294,0.002079280,-0.000783929,0.002021098,0.000488432,-0.000783929,,,
1786043772407034338,1786043772.406510316,/novatel/oem7/inspva,/novatel/oem7/inspva,/novatel/oem7/inspva,39.663,-75.756,-1.801089329,0.002190397,-0.000619712,0.000762107,0.002053542,-0.000619712,,novatel_oem7_msgs.msg.InertialSolutionStatus(status=3),
1786043772408442715,1786043772.406684721,/novatel/oem7/fix,/novatel/oem7/fix,/novatel/oem7/inspva,39.663,-75.756,-1.801089329,0.002190397,-0.000619712,0.000762107,0.002053542,-0.000619712,,0,
1786043772409569610,1786043772.407261927,/novatel/oem7/odom,/novatel/oem7/fix,/novatel/oem7/odom,39.663,-75.756,-1.801089329,0.002193200,-0.000609717,0.002090933,0.000661911,-0.000609717,,,
1786043772411546003,1786043772.410526043,/novatel/oem7/bestpos,/novatel/oem7/bestpos,/novatel/oem7/odom,39.663,-75.756,33.181249456,0.002193200,-0.000609717,0.002090933,0.000661911,-0.000609717,,novatel_oem7_msgs.msg.SolutionStatus(status=0),novatel_oem7_msgs.msg.PositionOrVelocityType(type=53)
1786043772412988334,1786043772.411059578,/novatel/oem7/bestvel,/novatel/oem7/bestpos,/novatel/oem7/bestvel,39.663,-75.756,33.181249456,0.002405966,-0.000816572,,,,66.236085866,novatel_oem7_msgs.msg.SolutionStatus(status=0),novatel_oem7_msgs.msg.PositionOrVelocityType(type=53)
1786043772415749109,1786043772.415008264,/novatel/oem7/odom,/novatel/oem7/bestpos,/novatel/oem7/odom,39.663,-75.756,33.181249456,0.002193200,-0.000609717,0.002090933,0.000661911,-0.000609717,,,
1786043772426950354,1786043772.426372788,/novatel/oem7/inspva,/novatel/oem7/inspva,/novatel/oem7/inspva,39.663,-75.756,-1.801111320,0.002163507,-0.000906784,0.000621621,0.002072282,-0.000906784,,novatel_oem7_msgs.msg.InertialSolutionStatus(status=3),
1786043772428350072,1786043772.426621731,/novatel/oem7/fix,/novatel/oem7/fix,/novatel/oem7/inspva,39.663,-75.756,-1.801111320,0.002163507,-0.000906784,0.000621621,0.002072282,-0.000906784,,0,
1786043772429485333,1786043772.426926240,/novatel/oem7/odom,/novatel/oem7/fix,/novatel/oem7/odom,39.663,-75.756,-1.801111320,0.002167549,-0.000897080,0.002103896,0.000521432,-0.000897080,,,
1786043772435572361,1786043772.434872134,/novatel/oem7/odom,/novatel/oem7/fix,/novatel/oem7/odom,39.663,-75.756,-1.801111320,0.002167549,-0.000897080,0.002103896,0.000521432,-0.000897080,,,
1786043772445857408,1786043772.445278218,/novatel/oem7/inspva,/novatel/oem7/inspva,/novatel/oem7/inspva,39.663,-75.756,-1.801133969,0.001929415,-0.001349326,0.000489015,0.001866416,-0.001349326,,novatel_oem7_msgs.msg.InertialSolutionStatus(status=3),
1786043772447276702,1786043772.445467707,/novatel/oem7/fix,/novatel/oem7/fix,/novatel/oem7/inspva,39.663,-75.756,-1.801133969,0.001929415,-0.001349326,0.000489015,0.001866416,-0.001349326,,0,
1786043772448380723,1786043772.446002259,/novatel/oem7/odom,/novatel/oem7/fix,/novatel/oem7/odom,39.663,-75.756,-1.801133969,0.001935349,-0.001340802,0.001893514,0.000400226,-0.001340802,,,
1786043772457025186,1786043772.456354517,/novatel/oem7/odom,/novatel/oem7/fix,/novatel/oem7/odom,39.663,-75.756,-1.801133969,0.001935349,-0.001340802,0.001893514,0.000400226,-0.001340802,,,
1786043772465874169,1786043772.465330050,/novatel/oem7/inspva,/novatel/oem7/inspva,/novatel/oem7/inspva,39.663,-75.756,-1.801151950,0.002110268,-0.000915903,0.000376955,0.002076327,-0.000915903,,novatel_oem7_msgs.msg.InertialSolutionStatus(status=3),
1786043772467253119,1786043772.465515868,/novatel/oem7/fix,/novatel/oem7/fix,/novatel/oem7/inspva,39.663,-75.756,-1.801151950,0.002110268,-0.000915903,0.000376955,0.002076327,-0.000915903,,0,
1786043772468309046,1786043772.466006900,/novatel/oem7/odom,/novatel/oem7/fix,/novatel/oem7/odom,39.663,-75.756,-1.801151950,0.002114156,-0.000906891,0.002095951,0.000276852,-0.000906891,,,
1786043772475176422,1786043772.474513819,/novatel/oem7/odom,/novatel/oem7/fix,/novatel/oem7/odom,39.663,-75.756,-1.801151950,0.002114156,-0.000906891,0.002095951,0.000276852,-0.000906891,,,
1786043772487027664,1786043772.486493069,/novatel/oem7/inspva,/novatel/oem7/inspva,/novatel/oem7/inspva,39.663,-75.756,-1.801173055,0.001791331,-0.001038057,0.000496379,0.001721184,-0.001038057,,novatel_oem7_msgs.msg.InertialSolutionStatus(status=3),
1786043772488403921,1786043772.486669148,/novatel/oem7/fix,/novatel/oem7/fix,/novatel/oem7/inspva,39.663,-75.756,-1.801173055,0.001791331,-0.001038057,0.000496379,0.001721184,-0.001038057,,0,
1786043772489512659,1786043772.487061832,/novatel/oem7/odom,/novatel/oem7/fix,/novatel/oem7/odom,39.663,-75.756,-1.801173055,0.001795935,-0.001030071,0.001747588,0.000413906,-0.001030071,,,
1786043772496151559,1786043772.495473816,/novatel/oem7/odom,/novatel/oem7/fix,/novatel/oem7/odom,39.663,-75.756,-1.801173055,0.001795935,-0.001030071,0.001747588,0.000413906,-0.001030071,,,
1786043772506588608,1786043772.505991775,/novatel/oem7/inspva,/novatel/oem7/inspva,/novatel/oem7/inspva,39.663,-75.756,-1.801194032,0.002222167,-0.001062178,0.000529872,0.002158069,-0.001062178,,novatel_oem7_msgs.msg.InertialSolutionStatus(status=3),
1786043772507993115,1786043772.506173137,/novatel/oem7/fix,/novatel/oem7/fix,/novatel/oem7/inspva,39.663,-75.756,-1.801194032,0.002222167,-0.001062178,0.000529872,0.002158069,-0.001062178,,0,
1786043772509091736,1786043772.506511067,/novatel/oem7/odom,/novatel/oem7/fix,/novatel/oem7/odom,39.663,-75.756,-1.801194032,0.002226799,-0.001052433,0.002185681,0.000425945,-0.001052433,,,
1786043772511991655,1786043772.511410112,/novatel/oem7/bestpos,/novatel/oem7/bestpos,/novatel/oem7/odom,39.663,-75.756,33.181142213,0.002226799,-0.001052433,0.002185681,0.000425945,-0.001052433,,novatel_oem7_msgs.msg.SolutionStatus(status=0),novatel_oem7_msgs.msg.PositionOrVelocityType(type=53)
1786043772513460133,1786043772.512013545,/novatel/oem7/bestvel,/novatel/oem7/bestpos,/novatel/oem7/bestvel,39.663,-75.756,33.181142213,0.002153354,-0.001109289,,,,70.257932672,novatel_oem7_msgs.msg.SolutionStatus(status=0),novatel_oem7_msgs.msg.PositionOrVelocityType(type=53)
1786043772516006189,1786043772.515366002,/novatel/oem7/odom,/novatel/oem7/bestpos,/novatel/oem7/odom,39.663,-75.756,33.181142213,0.002226799,-0.001052433,0.002185681,0.000425945,-0.001052433,,,
1786043772527052713,1786043772.526494471,/novatel/oem7/inspva,/novatel/oem7/inspva,/novatel/oem7/inspva,39.663,-75.756,-1.801211709,0.001937955,-0.000833571,0.000657785,0.001822907,-0.000833571,,novatel_oem7_msgs.msg.InertialSolutionStatus(status=3),
1786043772528482744,1786043772.526676976,/novatel/oem7/fix,/novatel/oem7/fix,/novatel/oem7/inspva,39.663,-75.756,-1.801211709,0.001937955,-0.000833571,0.000657785,0.001822907,-0.000833571,,0,
1786043772529631079,1786043772.526952279,/novatel/oem7/odom,/novatel/oem7/fix,/novatel/oem7/odom,39.663,-75.756,-1.801211709,0.001941728,-0.000824746,0.001856310,0.000569578,-0.000824746,,,
1786043772535609422,1786043772.534945893,/novatel/oem7/odom,/novatel/oem7/fix,/novatel/oem7/odom,39.663,-75.756,-1.801211709,0.001941728,-0.000824746,0.001856310,0.000569578,-0.000824746,,,
1786043772546523885,1786043772.545932076,/novatel/oem7/inspva,/novatel/oem7/inspva,/novatel/oem7/inspva,39.663,-75.756,-1.801233401,0.002149998,-0.000867615,0.000652147,0.002048706,-0.000867615,,novatel_oem7_msgs.msg.InertialSolutionStatus(status=3),
1786043772547919736,1786043772.546126858,/novatel/oem7/fix,/novatel/oem7/fix,/novatel/oem7/inspva,39.663,-75.756,-1.801233401,0.002149998,-0.000867615,0.000652147,0.002048706,-0.000867615,,0,
1786043772549171438,1786043772.546444274,/novatel/oem7/odom,/novatel/oem7/fix,/novatel/oem7/odom,39.663,-75.756,-1.801233401,0.002153871,-0.000857954,0.002081684,0.000552950,-0.000857954,,,
1786043772556579623,1786043772.555891282,/novatel/oem7/odom,/novatel/oem7/fix,/novatel/oem7/odom,39.663,-75.756,-1.801233401,0.002153871,-0.000857954,0.002081684,0.000552950,-0.000857954,,,
1786043772565816556,1786043772.565240980,/novatel/oem7/inspva,/novatel/oem7/inspva,/novatel/oem7/inspva,39.663,-75.756,-1.801256571,0.001688688,-0.001282534,0.000697676,0.001537828,-0.001282534,,novatel_oem7_msgs.msg.InertialSolutionStatus(status=3),
1786043772567192572,1786043772.565433085,/novatel/oem7/fix,/novatel/oem7/fix,/novatel/oem7/inspva,39.663,-75.756,-1.801256571,0.001688688,-0.001282534,0.000697676,0.001537828,-0.001282534,,0,
1786043772568279270,1786043772.565960530,/novatel/oem7/odom,/novatel/oem7/fix,/novatel/oem7/odom,39.663,-75.756,-1.801256571,0.001694603,-0.001274709,0.001575298,0.000624592,-0.001274709,,,
1786043772575965368,1786043772.575322353,/novatel/oem7/odom,/novatel/oem7/fix,/novatel/oem7/odom,39.663,-75.756,-1.801256571,0.001694603,-0.001274709,0.001575298,0.000624592,-0.001274709,,,
1786043772586483553,1786043772.585922944,/novatel/oem7/inspva,/novatel/oem7/inspva,/novatel/oem7/inspva,39.663,-75.756,-1.801279323,0.001991009,-0.001259334,0.000960310,0.001744110,-0.001259334,,novatel_oem7_msgs.msg.InertialSolutionStatus(status=3),
1786043772587944225,1786043772.586103476,/novatel/oem7/fix,/novatel/oem7/fix,/novatel/oem7/inspva,39.663,-75.756,-1.801279323,0.001991009,-0.001259334,0.000960310,0.001744110,-0.001259334,,0,
1786043772589050952,1786043772.586480870,/novatel/oem7/odom,/novatel/oem7/fix,/novatel/oem7/odom,39.663,-75.756,-1.801279323,0.001996885,-0.001249997,0.001794136,0.000876713,-0.001249997,,,
1786043772595083756,1786043772.594313822,/novatel/oem7/odom,/novatel/oem7/fix,/novatel/oem7/odom,39.663,-75.756,-1.801279323,0.001996885,-0.001249997,0.001794136,0.000876713,-0.001249997,,,
1786043772606673573,1786043772.606034649,/novatel/oem7/inspva,/novatel/oem7/inspva,/novatel/oem7/inspva,39.663,-75.756,-1.801301008,0.001810076,-0.000955172,0.000918319,0.001559828,-0.000955172,,novatel_oem7_msgs.msg.InertialSolutionStatus(status=3),
1786043772608100723,1786043772.606225265,/novatel/oem7/fix,/novatel/oem7/fix,/novatel/oem7/inspva,39.663,-75.756,-1.801301008,0.001810076,-0.000955172,0.000918319,0.001559828,-0.000955172,,0,
1786043772609238962,1786043772.606819270,/novatel/oem7/odom,/novatel/oem7/fix,/novatel/oem7/odom,39.663,-75.756,-1.801301008,0.001814539,-0.000946666,0.001606815,0.000843028,-0.000946666,,,
1786043772611327563,1786043772.610278722,/novatel/oem7/bestpos,/novatel/oem7/bestpos,/novatel/oem7/odom,39.663,-75.756,33.181043857,0.001814539,-0.000946666,0.001606815,0.000843028,-0.000946666,,novatel_oem7_msgs.msg.SolutionStatus(status=0),novatel_oem7_msgs.msg.PositionOrVelocityType(type=53)
1786043772612399687,1786043772.610729223,/novatel/oem7/bestvel,/novatel/oem7/bestpos,/novatel/oem7/bestvel,39.663,-75.756,33.181043857,0.001810546,-0.000810448,,,,73.557239309,novatel_oem7_msgs.msg.SolutionStatus(status=0),novatel_oem7_msgs.msg.PositionOrVelocityType(type=53)
1786043772616193048,1786043772.615519958,/novatel/oem7/odom,/novatel/oem7/bestpos,/novatel/oem7/odom,39.663,-75.756,33.181043857,0.001814539,-0.000946666,0.001606815,0.000843028,-0.000946666,,,
1786043772625657793,1786043772.625018260,/novatel/oem7/inspva,/novatel/oem7/inspva,/novatel/oem7/inspva,39.663,-75.756,-1.801326388,0.002156802,-0.001296302,0.000958403,0.001932165,-0.001296302,,novatel_oem7_msgs.msg.InertialSolutionStatus(status=3),
1786043772627063014,1786043772.625206955,/novatel/oem7/fix,/novatel/oem7/fix,/novatel/oem7/inspva,39.663,-75.756,-1.801326388,0.002156802,-0.001296302,0.000958403,0.001932165,-0.001296302,,0,
1786043772628200892,1786043772.625556142,/novatel/oem7/odom,/novatel/oem7/fix,/novatel/oem7/odom,39.663,-75.756,-1.801326388,0.002162810,-0.001286254,0.001982013,0.000865662,-0.001286254,,,
1786043772636131179,1786043772.635456655,/novatel/oem7/odom,/novatel/oem7/fix,/novatel/oem7/odom,39.663,-75.756,-1.801326388,0.002162810,-0.001286254,0.001982013,0.000865662,-0.001286254,,,
1786043772646029654,1786043772.645486686,/novatel/oem7/inspva,/novatel/oem7/inspva,/novatel/oem7/inspva,39.663,-75.756,-1.801349521,0.002197501,-0.001224788,0.001298734,0.001772653,-0.001224788,,novatel_oem7_msgs.msg.InertialSolutionStatus(status=3),
1786043772647583200,1786043772.645684838,/novatel/oem7/fix,/novatel/oem7/fix,/novatel/oem7/inspva,39.663,-75.756,-1.801349521,0.002197501,-0.001224788,0.001298734,0.001772653,-0.001224788,,0,
1786043772648736208,1786043772.646267517,/novatel/oem7/odom,/novatel/oem7/fix,/novatel/oem7/odom,39.663,-75.756,-1.801349521,0.002203255,-0.001214407,0.001839135,0.001213224,-0.001214407,,,
1786043772657206926,1786043772.656519020,/novatel/oem7/odom,/novatel/oem7/fix,/novatel/oem7/odom,39.663,-75.756,-1.801349521,0.002203255,-0.001214407,0.001839135,0.001213224,-0.001214407,,,
1786043772666660008,1786043772.666045369,/novatel/oem7/inspva,/novatel/oem7/inspva,/novatel/oem7/inspva,39.663,-75.756,-1.801374724,0.002156026,-0.001353185,0.001157022,0.001819272,-0.001353185,,novatel_oem7_msgs.msg.InertialSolutionStatus(status=3),
1786043772668072319,1786043772.666236931,/novatel/oem7/fix,/novatel/oem7/fix,/novatel/oem7/inspva,39.663,-75.756,-1.801374724,0.002156026,-0.001353185,0.001157022,0.001819272,-0.001353185,,0,
1786043772669185761,1786043772.666715158,/novatel/oem7/odom,/novatel/oem7/fix,/novatel/oem7/odom,39.663,-75.756,-1.801374724,0.002162373,-0.001343020,0.001879239,0.001069727,-0.001343020,,,
1786043772675153517,1786043772.674476930,/novatel/oem7/odom,/novatel/oem7/fix,/novatel/oem7/odom,39.663,-75.756,-1.801374724,0.002162373,-0.001343020,0.001879239,0.001069727,-0.001343020,,,
1786043772685901225,1786043772.685288835,/novatel/oem7/inspva,/novatel/oem7/inspva,/novatel/oem7/inspva,39.663,-75.756,-1.801396907,0.002347233,-0.000899482,0.001077662,0.002085221,-0.000899482,,novatel_oem7_msgs.msg.InertialSolutionStatus(status=3),
1786043772687334126,1786043772.685491174,/novatel/oem7/fix,/novatel/oem7/fix,/novatel/oem7/inspva,39.663,-75.756,-1.801396907,0.002347233,-0.000899482,0.001077662,0.002085221,-0.000899482,,0,
1786043772688404493,1786043772.685991539,/novatel/oem7/odom,/novatel/oem7/fix,/novatel/oem7/odom,39.663,-75.756,-1.801396907,0.002351414,-0.000888496,0.002139190,0.000976223,-0.000888496,,,
1786043772695980866,1786043772.695326379,/novatel/oem7/odom,/novatel/oem7/fix,/novatel/oem7/odom,39.663,-75.756,-1.801396907,0.002351414,-0.000888496,0.002139190,0.000976223,-0.000888496,,,
1786043772706689773,1786043772.706091514,/novatel/oem7/inspva,/novatel/oem7/inspva,/novatel/oem7/inspva,39.663,-75.756,-1.801428629,0.002349856,-0.001620188,0.001229202,0.002002720,-0.001620188,,novatel_oem7_msgs.msg.InertialSolutionStatus(status=3),
1786043772708046751,1786043772.706269833,/novatel/oem7/fix,/novatel/oem7/fix,/novatel/oem7/inspva,39.663,-75.756,-1.801428629,0.002349856,-0.001620188,0.001229202,0.002002720,-0.001620188,,0,
1786043772709140308,1786043772.706707925,/novatel/oem7/odom,/novatel/oem7/fix,/novatel/oem7/odom,39.663,-75.756,-1.801428629,0.002357454,-0.001609114,0.002067071,0.001133492,-0.001609114,,,
1786043772710740154,1786043772.709611959,/novatel/oem7/bestpos,/novatel/oem7/bestpos,/novatel/oem7/odom,39.663,-75.756,33.180909097,0.002357454,-0.001609114,0.002067071,0.001133492,-0.001609114,,novatel_oem7_msgs.msg.SolutionStatus(status=0),novatel_oem7_msgs.msg.PositionOrVelocityType(type=53)
1786043772712204469,1786043772.710210732,/novatel/oem7/bestvel,/novatel/oem7/bestpos,/novatel/oem7/bestvel,39.663,-75.756,33.180909097,0.002570994,-0.001807657,,,,55.984601517,novatel_oem7_msgs.msg.SolutionStatus(status=0),novatel_oem7_msgs.msg.PositionOrVelocityType(type=53)
1786043772715439361,1786043772.714463385,/novatel/oem7/odom,/novatel/oem7/bestpos,/novatel/oem7/odom,39.663,-75.756,33.180909097,0.002357454,-0.001609114,0.002067071,0.001133492,-0.001609114,,,
1786043772725775759,1786043772.725170249,/novatel/oem7/inspva,/novatel/oem7/inspva,/novatel/oem7/inspva,39.663,-75.756,-1.801456101,0.002312450,-0.001387374,0.001502710,0.001757637,-0.001387374,,novatel_oem7_msgs.msg.InertialSolutionStatus(status=3),
1786043772727162959,1786043772.725365685,/novatel/oem7/fix,/novatel/oem7/fix,/novatel/oem7/inspva,39.663,-75.756,-1.801456101,0.002312450,-0.001387374,0.001502710,0.001757637,-0.001387374,,0,
1786043772728227110,1786043772.725688568,/novatel/oem7/odom,/novatel/oem7/fix,/novatel/oem7/odom,39.663,-75.756,-1.801456101,0.002318952,-0.001376479,0.001834812,0.001418099,-0.001376479,,,
1786043772736246600,1786043772.735637560,/novatel/oem7/odom,/novatel/oem7/fix,/novatel/oem7/odom,39.663,-75.756,-1.801456101,0.002318952,-0.001376479,0.001834812,0.001418099,-0.001376479,,,
1786043772745497633,1786043772.744972205,/novatel/oem7/inspva,/novatel/oem7/inspva,/novatel/oem7/inspva,39.663,-75.756,-1.801488731,0.002269552,-0.001604223,0.001224344,0.001910981,-0.001604223,,novatel_oem7_msgs.msg.InertialSolutionStatus(status=3),
1786043772746805100,1786043772.745147530,/novatel/oem7/fix,/novatel/oem7/fix,/novatel/oem7/inspva,39.663,-75.756,-1.801488731,0.002269552,-0.001604223,0.001224344,0.001910981,-0.001604223,,0,
1786043772747866531,1786043772.745594121,/novatel/oem7/odom,/novatel/oem7/fix,/novatel/oem7/odom,39.663,-75.756,-1.801488731,0.002277073,-0.001593529,0.001975148,0.001133071,-0.001593529,,,
1786043772756277155,1786043772.755612325,/novatel/oem7/odom,/novatel/oem7/fix,/novatel/oem7/odom,39.663,-75.756,-1.801488731,0.002277073,-0.001593529,0.001975148,0.001133071,-0.001593529,,,
1786043772767096627,1786043772.766583625,/novatel/oem7/inspva,/novatel/oem7/inspva,/novatel/oem7/inspva,39.663,-75.756,-1.801515552,0.002677360,-0.001316781,0.001825592,0.001958435,-0.001316781,,novatel_oem7_msgs.msg.InertialSolutionStatus(status=3),
1786043772768414403,1786043772.766777737,/novatel/oem7/fix,/novatel/oem7/fix,/novatel/oem7/inspva,39.663,-75.756,-1.801515552,0.002677360,-0.001316781,0.001825592,0.001958435,-0.001316781,,0,
1786043772769606992,1786043772.767222081,/novatel/oem7/odom,/novatel/oem7/fix,/novatel/oem7/odom,39.663,-75.756,-1.801515552,0.002683502,-0.001304218,0.002050983,0.001730506,-0.001304218,,,
1786043772775256599,1786043772.774606437,/novatel/oem7/odom,/novatel/oem7/fix,/novatel/oem7/odom,39.663,-75.756,-1.801515552,0.002683502,-0.001304218,0.002050983,0.001730506,-0.001304218,,,
1786043772785743997,1786043772.785215956,/novatel/oem7/inspva,/novatel/oem7/inspva,/novatel/oem7/inspva,39.663,-75.756,-1.801549685,0.002188531,-0.001522482,0.001490857,0.001602190,-0.001522482,,novatel_oem7_msgs.msg.InertialSolutionStatus(status=3),
1786043772787061707,1786043772.785404138,/novatel/oem7/fix,/novatel/oem7/fix,/novatel/oem7/inspva,39.663,-75.756,-1.801549685,0.002188531,-0.001522482,0.001490857,0.001602190,-0.001522482,,0,
1786043772788095991,1786043772.785719587,/novatel/oem7/odom,/novatel/oem7/fix,/novatel/oem7/odom,39.663,-75.756,-1.801549685,0.002195644,-0.001512205,0.001679521,0.001414235,-0.001512205,,,
1786043772795502522,1786043772.794827418,/novatel/oem7/odom,/novatel/oem7/fix,/novatel/oem7/odom,39.663,-75.756,-1.801549685,0.002195644,-0.001512205,0.001679521,0.001414235,-0.001512205,,,
1786043772806817133,1786043772.806237490,/novatel/oem7/inspva,/novatel/oem7/inspva,/novatel/oem7/inspva,39.663,-75.756,-1.801583068,0.002604435,-0.001596615,0.001344172,0.002230759,-0.001596615,,novatel_oem7_msgs.msg.InertialSolutionStatus(status=3),
1786043772808141826,1786043772.806438449,/novatel/oem7/fix,/novatel/oem7/fix,/novatel/oem7/inspva,39.663,-75.756,-1.801583068,0.002604435,-0.001596615,0.001344172,0.002230759,-0.001596615,,0,
1786043772809197553,1786043772.806805529,/novatel/oem7/odom,/novatel/oem7/fix,/novatel/oem7/odom,39.663,-75.756,-1.801583068,0.002611918,-0.001584344,0.002300416,0.001237012,-0.001584344,,,
1786043772811072868,1786043772.810165716,/novatel/oem7/bestpos,/novatel/oem7/bestpos,/novatel/oem7/odom,39.663,-75.756,33.180753089,0.002611918,-0.001584344,0.002300416,0.001237012,-0.001584344,,novatel_oem7_msgs.msg.SolutionStatus(status=0),novatel_oem7_msgs.msg.PositionOrVelocityType(type=53)
1786043772812504576,1786043772.810533643,/novatel/oem7/bestvel,/novatel/oem7/bestpos,/novatel/oem7/bestvel,39.663,-75.756,33.180753089,0.002573999,-0.001533561,,,,62.472102612,novatel_oem7_msgs.msg.SolutionStatus(status=0),novatel_oem7_msgs.msg.PositionOrVelocityType(type=53)
1786043772815377988,1786043772.814750589,/novatel/oem7/odom,/novatel/oem7/bestpos,/novatel/oem7/odom,39.663,-75.756,33.180753089,0.002611918,-0.001584344,0.002300416,0.001237012,-0.001584344,,,
1786043772825896714,1786043772.825366989,/novatel/oem7/inspva,/novatel/oem7/inspva,/novatel/oem7/inspva,39.663,-75.756,-1.801616134,0.002174943,-0.001391992,0.001125192,0.001861269,-0.001391992,,novatel_oem7_msgs.msg.InertialSolutionStatus(status=3),
1786043772827249668,1786043772.825563227,/novatel/oem7/fix,/novatel/oem7/fix,/novatel/oem7/inspva,39.663,-75.756,-1.801616134,0.002174943,-0.001391992,0.001125192,0.001861269,-0.001391992,,0,
1786043772828297235,1786043772.826029269,/novatel/oem7/odom,/novatel/oem7/fix,/novatel/oem7/odom,39.663,-75.756,-1.801616134,0.002181471,-0.001381739,0.001919817,0.001035914,-0.001381739,,,
1786043772835204711,1786043772.834540847,/novatel/oem7/odom,/novatel/oem7/fix,/novatel/oem7/odom,39.663,-75.756,-1.801616134,0.002181471,-0.001381739,0.001919817,0.001035914,-0.001381739,,,
1786043772845924522,1786043772.845347533,/novatel/oem7/inspva,/novatel/oem7/inspva,/novatel/oem7/inspva,39.663,-75.756,-1.801652109,0.002587806,-0.001901630,0.001325562,0.002222527,-0.001901630,,novatel_oem7_msgs.msg.InertialSolutionStatus(status=3),
1786043772847308002,1786043772.845553165,/novatel/oem7/fix,/novatel/oem7/fix,/novatel/oem7/inspva,39.663,-75.756,-1.801652109,0.002587806,-0.001901630,0.001325562,0.002222527,-0.001901630,,0,
1786043772848369626,1786043772.846340113,/novatel/oem7/odom,/novatel/oem7/fix,/novatel/oem7/odom,39.663,-75.756,-1.801652109,0.002596717,-0.001889444,0.002292498,0.001219586,-0.001889444,,,
1786043772857085677,1786043772.856414194,/novatel/oem7/odom,/novatel/oem7/fix,/novatel/oem7/odom,39.663,-75.756,-1.801652109,0.002596717,-0.001889444,0.002292498,0.001219586,-0.001889444,,,
1786043772865581709,1786043772.865048417,/novatel/oem7/inspva,/novatel/oem7/inspva,/novatel/oem7/inspva,39.663,-75.756,-1.801683902,0.001929535,-0.001591050,0.001076476,0.001601345,-0.001591050,,novatel_oem7_msgs.msg.InertialSolutionStatus(status=3),
1786043772866897256,1786043772.865218265,/novatel/oem7/fix,/novatel/oem7/fix,/novatel/oem7/inspva,39.663,-75.756,-1.801683902,0.001929535,-0.001591050,0.001076476,0.001601345,-0.001591050,,0,
1786043772867943273,1786043772.865676707,/novatel/oem7/odom,/novatel/oem7/fix,/novatel/oem7/odom,39.663,-75.756,-1.801683902,0.001937004,-0.001581950,0.001658584,0.001000540,-0.001581950,,,
1786043772875171185,1786043772.874517340,/novatel/oem7/odom,/novatel/oem7/fix,/novatel/oem7/odom,39.663,-75.756,-1.801683902,0.001937004,-0.001581950,0.001658584,0.001000540,-0.001581950,,,
1786043772887156846,1786043772.886660921,/novatel/oem7/inspva,/novatel/oem7/inspva,/novatel/oem7/inspva,39.663,-75.756,-1.801717381,0.002393080,-0.001588777,0.001277057,0.002023847,-0.001588777,,novatel_oem7_msgs.msg.InertialSolutionStatus(status=3),
1786043772888522386,1786043772.886830362,/novatel/oem7/fix,/novatel/oem7/fix,/novatel/oem7/inspva,39.663,-75.756,-1.801717381,0.002393080,-0.001588777,0.001277057,0.002023847,-0.001588777,,0,
1786043772889571247,1786043772.887261473,/novatel/oem7/odom,/novatel/oem7/fix,/novatel/oem7/odom,39.663,-75.756,-1.801717381,0.002400522,-0.001577510,0.002090417,0.001180111,-0.001577510,,,
1786043772895334388,1786043772.894680631,/novatel/oem7/odom,/novatel/oem7/fix,/novatel/oem7/odom,39.663,-75.756,-1.801717381,0.002400522,-0.001577510,0.002090417,0.001180111,-0.001577510,,,
1786043772906416843,1786043772.905881920,/novatel/oem7/inspva,/novatel/oem7/inspva,/novatel/oem7/inspva,39.663,-75.756,-1.801752540,0.001946265,-0.001452149,0.001002420,0.001668263,-0.001452149,,novatel_oem7_msgs.msg.InertialSolutionStatus(status=3),
1786043772907762879,1786043772.906069262,/novatel/oem7/fix,/novatel/oem7/fix,/novatel/oem7/inspva,39.663,-75.756,-1.801752540,0.001946265,-0.001452149,0.001002420,0.001668263,-0.001452149,,0,
1786043772908804303,1786043772.906569657,/novatel/oem7/odom,/novatel/oem7/fix,/novatel/oem7/odom,39.663,-75.756,-1.801752540,0.001953069,-0.001442986,0.001721244,0.000922928,-0.001442986,,,
1786043772910227607,1786043772.909396603,/novatel/oem7/bestpos,/novatel/oem7/bestpos,/novatel/oem7/odom,39.663,-75.756,33.180586580,0.001953069,-0.001442986,0.001721244,0.000922928,-0.001442986,,novatel_oem7_msgs.msg.SolutionStatus(status=0),novatel_oem7_msgs.msg.PositionOrVelocityType(type=53)
1786043772911650045,1786043772.910184231,/novatel/oem7/bestvel,/novatel/oem7/bestpos,/novatel/oem7/bestvel,39.663,-75.756,33.180586580,0.002136910,-0.001458229,,,,70.797703497,novatel_oem7_msgs.msg.SolutionStatus(status=0),novatel_oem7_msgs.msg.PositionOrVelocityType(type=53)
1786043772915256838,1786043772.914562491,/novatel/oem7/odom,/novatel/oem7/bestpos,/novatel/oem7/odom,39.663,-75.756,33.180586580,0.001953069,-0.001442986,0.001721244,0.000922928,-0.001442986,,,
1786043772925631819,1786043772.925091313,/novatel/oem7/inspva,/novatel/oem7/inspva,/novatel/oem7/inspva,39.663,-75.756,-1.801792000,0.002657535,-0.001998139,0.000964743,0.002476239,-0.001998139,,novatel_oem7_msgs.msg.InertialSolutionStatus(status=3),
1786043772926925429,1786043772.925257032,/novatel/oem7/fix,/novatel/oem7/fix,/novatel/oem7/inspva,39.663,-75.756,-1.801792000,0.002657535,-0.001998139,0.000964743,0.002476239,-0.001998139,,0,
1786043772927950915,1786043772.925790550,/novatel/oem7/odom,/novatel/oem7/fix,/novatel/oem7/odom,39.663,-75.756,-1.801792000,0.002666622,-0.001985995,0.002528532,0.000846995,-0.001985995,,,
1786043772935444287,1786043772.934791374,/novatel/oem7/odom,/novatel/oem7/fix,/novatel/oem7/odom,39.663,-75.756,-1.801792000,0.002666622,-0.001985995,0.002528532,0.000846995,-0.001985995,,,
1786043772946510598,1786043772.945951123,/novatel/oem7/inspva,/novatel/oem7/inspva,/novatel/oem7/inspva,39.663,-75.756,-1.801827393,0.002179380,-0.001684994,0.000686858,0.002068314,-0.001684994,,novatel_oem7_msgs.msg.InertialSolutionStatus(status=3),
1786043772947831062,1786043772.946125391,/novatel/oem7/fix,/novatel/oem7/fix,/novatel/oem7/inspva,39.663,-75.756,-1.801827393,0.002179380,-0.001684994,0.000686858,0.002068314,-0.001684994,,0,
1786043772948853632,1786043772.946501828,/novatel/oem7/odom,/novatel/oem7/fix,/novatel/oem7/odom,39.663,-75.756,-1.801827393,0.002186931,-0.001675182,0.002106207,0.000588692,-0.001675182,,,
1786043772956328904,1786043772.955663454,/novatel/oem7/odom,/novatel/oem7/fix,/novatel/oem7/odom,39.663,-75.756,-1.801827393,0.002186931,-0.001675182,0.002106207,0.000588692,-0.001675182,,,
1786043772965703668,1786043772.965189646,/novatel/oem7/inspva,/novatel/oem7/inspva,/novatel/oem7/inspva,39.663,-75.756,-1.801867373,0.002374206,-0.001972028,0.000862203,0.002212117,-0.001972028,,novatel_oem7_msgs.msg.InertialSolutionStatus(status=3),
1786043772966999677,1786043772.965363351,/novatel/oem7/fix,/novatel/oem7/fix,/novatel/oem7/inspva,39.663,-75.756,-1.801867373,0.002374206,-0.001972028,0.000862203,0.002212117,-0.001972028,,0,
1786043772968009384,1786043772.965677378,/novatel/oem7/odom,/novatel/oem7/fix,/novatel/oem7/odom,39.663,-75.756,-1.801867373,0.002383175,-0.001961181,0.002259576,0.000757521,-0.001961181,,,
1786043772975813060,1786043772.975146573,/novatel/oem7/odom,/novatel/oem7/fix,/novatel/oem7/odom,39.663,-75.756,-1.801867373,0.002383175,-0.001961181,0.002259576,0.000757521,-0.001961181,,,
1786043772985599758,1786043772.985083789,/novatel/oem7/inspva,/novatel/oem7/inspva,/novatel/oem7/inspva,39.663,-75.756,-1.801905249,0.002136080,-0.001840956,0.000945228,0.001915563,-0.001840956,,novatel_oem7_msgs.msg.InertialSolutionStatus(status=3),
1786043772986920487,1786043772.985251524,/novatel/oem7/fix,/novatel/oem7/fix,/novatel/oem7/inspva,39.663,-75.756,-1.801905249,0.002136080,-0.001840956,0.000945228,0.001915563,-0.001840956,,0,
1786043772987956602,1786043772.985596577,/novatel/oem7/odom,/novatel/oem7/fix,/novatel/oem7/odom,39.663,-75.756,-1.801905249,0.002144626,-0.001830993,0.001966969,0.000854665,-0.001830993,,,
1786043772995053746,1786043772.994391452,/novatel/oem7/odom,/novatel/oem7/fix,/novatel/oem7/odom,39.663,-75.756,-1.801905249,0.002144626,-0.001830993,0.001966969,0.000854665,-0.001830993,,,
1786043773010653486,1786043773.010109944,/novatel/oem7/inspva,/novatel/oem7/inspva,/novatel/oem7/inspva,39.663,-75.756,-1.801942970,0.002598669,-0.001836247,0.001171879,0.002319435,-0.001836247,,novatel_oem7_msgs.msg.InertialSolutionStatus(status=3),
1786043773011933942,1786043773.010277426,/novatel/oem7/fix,/novatel/oem7/fix,/novatel/oem7/inspva,39.663,-75.756,-1.801942970,0.002598669,-0.001836247,0.001171879,0.002319435,-0.001836247,,0,
1786043773013398540,1786043773.011543168,/novatel/oem7/odom,/novatel/oem7/fix,/novatel/oem7/odom,39.663,-75.756,-1.801942970,0.002607190,-0.001824129,0.002381458,0.001061176,-0.001824129,,,
1786043773016943999,1786043773.016297869,/novatel/oem7/odom,/novatel/oem7/fix,/novatel/oem7/odom,39.663,-75.756,-1.801942970,0.002607190,-0.001824129,0.002381458,0.001061176,-0.001824129,,,
1786043773026847815,1786043773.026251382,/novatel/oem7/bestpos,/novatel/oem7/bestpos,/novatel/oem7/odom,39.663,-75.756,33.180395693,0.002607190,-0.001824129,0.002381458,0.001061176,-0.001824129,,novatel_oem7_msgs.msg.SolutionStatus(status=0),novatel_oem7_msgs.msg.PositionOrVelocityType(type=53)
1786043773028221956,1786043773.026826812,/novatel/oem7/bestvel,/novatel/oem7/bestpos,/novatel/oem7/bestvel,39.663,-75.756,33.180395693,0.002364278,-0.001715593,,,,58.631200362,novatel_oem7_msgs.msg.SolutionStatus(status=0),novatel_oem7_msgs.msg.PositionOrVelocityType(type=53)
1786043773029106335,1786043773.027201036,/novatel/oem7/inspva,/novatel/oem7/inspva,/novatel/oem7/inspva,39.663,-75.756,-1.801978442,0.002518638,-0.001638018,0.000920116,0.002344552,-0.001638018,,novatel_oem7_msgs.msg.InertialSolutionStatus(status=3),
1786043773029904873,1786043773.027360494,/novatel/oem7/fix,/novatel/oem7/fix,/novatel/oem7/inspva,39.663,-75.756,-1.801978442,0.002518638,-0.001638018,0.000920116,0.002344552,-0.001638018,,0,
1786043773030908533,1786043773.027653328,/novatel/oem7/odom,/novatel/oem7/fix,/novatel/oem7/odom,39.663,-75.756,-1.801978442,0.002526111,-0.001626470,0.002393409,0.000807979,-0.001626470,,,
1786043773035513125,1786043773.034827922,/novatel/oem7/odom,/novatel/oem7/fix,/novatel/oem7/odom,39.663,-75.756,-1.801978442,0.002526111,-0.001626470,0.002393409,0.000807979,-0.001626470,,,
1786043773045902470,1786043773.045350291,/novatel/oem7/inspva,/novatel/oem7/inspva,/novatel/oem7/inspva,39.663,-75.756,-1.801981445,0.002611361,-0.001861700,0.000916817,0.002445128,-0.001861700,,novatel_oem7_msgs.msg.InertialSolutionStatus(status=3),
1786043773047241977,1786043773.045552936,/novatel/oem7/fix,/novatel/oem7/fix,/novatel/oem7/inspva,39.663,-75.756,-1.801981445,0.002611361,-0.001861700,0.000916817,0.002445128,-0.001861700,,0,
1786043773048301428,1786043773.046188431,/novatel/oem7/odom,/novatel/oem7/fix,/novatel/oem7/odom,39.663,-75.756,-1.801981445,0.002619834,-0.001849758,0.002494604,0.000800298,-0.001849758,,,
1786043773057050015,1786043773.056397029,/novatel/oem7/odom,/novatel/oem7/fix,/novatel/oem7/odom,39.663,-75.756,-1.801981445,0.002619834,-0.001849758,0.002494604,0.000800298,-0.001849758,,,
1786043773067210861,1786043773.066390935,/novatel/oem7/inspva,/novatel/oem7/inspva,/novatel/oem7/inspva,39.663,-75.756,-1.801970259,0.002817782,-0.002036087,0.001139513,0.002577092,-0.002036087,,novatel_oem7_msgs.msg.InertialSolutionStatus(status=3),
1786043773068614642,1786043773.066673405,/novatel/oem7/fix,/novatel/oem7/fix,/novatel/oem7/inspva,39.663,-75.756,-1.801970259,0.002817782,-0.002036087,0.001139513,0.002577092,-0.002036087,,0,
1786043773069683482,1786043773.066964885,/novatel/oem7/odom,/novatel/oem7/fix,/novatel/oem7/odom,39.663,-75.756,-1.801970259,0.002827183,-0.002023013,0.002638040,0.001016716,-0.002023013,,,
1786043773075214081,1786043773.074520111,/novatel/oem7/odom,/novatel/oem7/fix,/novatel/oem7/odom,39.663,-75.756,-1.801970259,0.002827183,-0.002023013,0.002638040,0.001016716,-0.002023013,,,
1786043773085779720,1786043773.085254175,/novatel/oem7/inspva,/novatel/oem7/inspva,/novatel/oem7/inspva,39.663,-75.756,-1.801962966,0.002502237,-0.001623622,0.000881841,0.002341698,-0.001623622,,novatel_oem7_msgs.msg.InertialSolutionStatus(status=3),
1786043773087092573,1786043773.085438594,/novatel/oem7/fix,/novatel/oem7/fix,/novatel/oem7/inspva,39.663,-75.756,-1.801962966,0.002502237,-0.001623622,0.000881841,0.002341698,-0.001623622,,0,
1786043773088197171,1786043773.086033478,/novatel/oem7/odom,/novatel/oem7/fix,/novatel/oem7/odom,39.663,-75.756,-1.801962966,0.002509631,-0.001612170,0.002388617,0.000769907,-0.001612170,,,
1786043773096444917,1786043773.095787108,/novatel/oem7/odom,/novatel/oem7/fix,/novatel/oem7/odom,39.663,-75.756,-1.801962966,0.002509631,-0.001612170,0.002388617,0.000769907,-0.001612170,,,
1786043773106314276,1786043773.105803481,/novatel/oem7/inspva,/novatel/oem7/inspva,/novatel/oem7/inspva,39.663,-75.756,-1.801952722,0.002746613,-0.001665708,0.000969620,0.002569770,-0.001665708,,novatel_oem7_msgs.msg.InertialSolutionStatus(status=3),
1786043773107721101,1786043773.105974523,/novatel/oem7/fix,/novatel/oem7/fix,/novatel/oem7/inspva,39.663,-75.756,-1.801952722,0.002746613,-0.001665708,0.000969620,0.002569770,-0.001665708,,0,
1786043773108794345,1786043773.106397131,/novatel/oem7/odom,/novatel/oem7/fix,/novatel/oem7/odom,39.663,-75.756,-1.801952722,0.002754192,-0.001653146,0.002620897,0.000846448,-0.001653146,,,
1786043773110269970,1786043773.109415428,/novatel/oem7/bestpos,/novatel/oem7/bestpos,/novatel/oem7/odom,39.663,-75.756,33.180397942,0.002754192,-0.001653146,0.002620897,0.000846448,-0.001653146,,novatel_oem7_msgs.msg.SolutionStatus(status=0),novatel_oem7_msgs.msg.PositionOrVelocityType(type=53)
1786043773111688697,1786043773.110043608,/novatel/oem7/bestvel,/novatel/oem7/bestpos,/novatel/oem7/bestvel,39.663,-75.756,33.180397942,0.002488124,-0.001507591,,,,68.067672134,novatel_oem7_msgs.msg.SolutionStatus(status=0),novatel_oem7_msgs.msg.PositionOrVelocityType(type=53)
1786043773115015904,1786043773.114344917,/novatel/oem7/odom,/novatel/oem7/bestpos,/novatel/oem7/odom,39.663,-75.756,33.180397942,0.002754192,-0.001653146,0.002620897,0.000846448,-0.001653146,,,
1786043773127032244,1786043773.126518586,/novatel/oem7/inspva,/novatel/oem7/inspva,/novatel/oem7/inspva,39.663,-75.756,-1.801951077,0.002644304,-0.001987541,0.001289969,0.002308317,-0.001987541,,novatel_oem7_msgs.msg.InertialSolutionStatus(status=3),
1786043773128339298,1786043773.126678281,/novatel/oem7/fix,/novatel/oem7/fix,/novatel/oem7/inspva,39.663,-75.756,-1.801951077,0.002644304,-0.001987541,0.001289969,0.002308317,-0.001987541,,0,
1786043773129359955,1786043773.127066242,/novatel/oem7/odom,/novatel/oem7/fix,/novatel/oem7/odom,39.663,-75.756,-1.801951077,0.002653628,-0.001975076,0.002376777,0.001180116,-0.001975076,,,
1786043773135568080,1786043773.134939973,/novatel/oem7/odom,/novatel/oem7/fix,/novatel/oem7/odom,39.663,-75.756,-1.801951077,0.002653628,-0.001975076,0.002376777,0.001180116,-0.001975076,,,
1786043773145383929,1786043773.144895454,/novatel/oem7/inspva,/novatel/oem7/inspva,/novatel/oem7/inspva,39.663,-75.756,-1.801938918,0.002638973,-0.001698272,0.001535509,0.002146250,-0.001698272,,novatel_oem7_msgs.msg.InertialSolutionStatus(status=3),
1786043773146685192,1786043773.145056252,/novatel/oem7/fix,/novatel/oem7/fix,/novatel/oem7/inspva,39.663,-75.756,-1.801938918,0.002638973,-0.001698272,0.001535509,0.002146250,-0.001698272,,0,
1786043773147749146,1786043773.145372365,/novatel/oem7/odom,/novatel/oem7/fix,/novatel/oem7/odom,39.663,-75.756,-1.801938918,0.002646973,-0.001685775,0.002225803,0.001432573,-0.001685775,,,
1786043773156818547,1786043773.155878418,/novatel/oem7/odom,/novatel/oem7/fix,/novatel/oem7/odom,39.663,-75.756,-1.801938918,0.002646973,-0.001685775,0.002225803,0.001432573,-0.001685775,,,
1786043773165724100,1786043773.165201395,/novatel/oem7/inspva,/novatel/oem7/inspva,/novatel/oem7/inspva,39.663,-75.756,-1.801937840,0.002465210,-0.001689896,0.001125504,0.002193286,-0.001689896,,novatel_oem7_msgs.msg.InertialSolutionStatus(status=3),
1786043773167076037,1786043773.165379213,/novatel/oem7/fix,/novatel/oem7/fix,/novatel/oem7/inspva,39.663,-75.756,-1.801937840,0.002465210,-0.001689896,0.001125504,0.002193286,-0.001689896,,0,
1786043773168100784,1786043773.166027983,/novatel/oem7/odom,/novatel/oem7/fix,/novatel/oem7/odom,39.663,-75.756,-1.801937840,0.002473085,-0.001678351,0.002252619,0.001020713,-0.001678351,,,
1786043773175870462,1786043773.175229989,/novatel/oem7/odom,/novatel/oem7/fix,/novatel/oem7/odom,39.663,-75.756,-1.801937840,0.002473085,-0.001678351,0.002252619,0.001020713,-0.001678351,,,
1786043773186533336,1786043773.185970966,/novatel/oem7/inspva,/novatel/oem7/inspva,/novatel/oem7/inspva,39.663,-75.756,-1.801929003,0.002753915,-0.001874226,0.001455497,0.002337857,-0.001874226,,novatel_oem7_msgs.msg.InertialSolutionStatus(status=3),
1786043773187829469,1786043773.186155318,/novatel/oem7/fix,/novatel/oem7/fix,/novatel/oem7/inspva,39.663,-75.756,-1.801929003,0.002753915,-0.001874226,0.001455497,0.002337857,-0.001874226,,0,
1786043773188842872,1786043773.186517243,/novatel/oem7/odom,/novatel/oem7/fix,/novatel/oem7/odom,39.663,-75.756,-1.801929003,0.002762745,-0.001861185,0.002413967,0.001343699,-0.001861185,,,
1786043773195307717,1786043773.194607690,/novatel/oem7/odom,/novatel/oem7/fix,/novatel/oem7/odom,39.663,-75.756,-1.801929003,0.002762745,-0.001861185,0.002413967,0.001343699,-0.001861185,,,
1786043773206833416,1786043773.206294821,/novatel/oem7/inspva,/novatel/oem7/inspva,/novatel/oem7/inspva,39.663,-75.756,-1.801923030,0.002407087,-0.001525047,0.000971652,0.002202262,-0.001525047,,novatel_oem7_msgs.msg.InertialSolutionStatus(status=3),
1786043773208216100,1786043773.206483012,/novatel/oem7/fix,/novatel/oem7/fix,/novatel/oem7/inspva,39.663,-75.756,-1.801923030,0.002407087,-0.001525047,0.000971652,0.002202262,-0.001525047,,0,
1786043773209285237,1786043773.207081122,/novatel/oem7/odom,/novatel/oem7/fix,/novatel/oem7/odom,39.663,-75.756,-1.801923030,0.002414137,-0.001513861,0.002253381,0.000866218,-0.001513861,,,
1786043773211306941,1786043773.210257624,/novatel/oem7/bestpos,/novatel/oem7/bestpos,/novatel/oem7/odom,39.663,-75.756,33.180419639,0.002414137,-0.001513861,0.002253381,0.000866218,-0.001513861,,novatel_oem7_msgs.msg.SolutionStatus(status=0),novatel_oem7_msgs.msg.PositionOrVelocityType(type=53)
1786043773212225214,1786043773.210587891,/novatel/oem7/bestvel,/novatel/oem7/bestpos,/novatel/oem7/bestvel,39.663,-75.756,33.180419639,0.002546077,-0.001569551,,,,69.687189133,novatel_oem7_msgs.msg.SolutionStatus(status=0),novatel_oem7_msgs.msg.PositionOrVelocityType(type=53)
1786043773216121179,1786043773.215480163,/novatel/oem7/odom,/novatel/oem7/bestpos,/novatel/oem7/odom,39.663,-75.756,33.180419639,0.002414137,-0.001513861,0.002253381,0.000866218,-0.001513861,,,
1786043773225608555,1786043773.225037199,/novatel/oem7/inspva,/novatel/oem7/inspva,/novatel/oem7/inspva,39.663,-75.756,-1.801916029,0.002617257,-0.001728786,0.001423757,0.002196122,-0.001728786,,novatel_oem7_msgs.msg.InertialSolutionStatus(status=3),
1786043773226918648,1786043773.225213321,/novatel/oem7/fix,/novatel/oem7/fix,/novatel/oem7/inspva,39.663,-75.756,-1.801916029,0.002617257,-0.001728786,0.001423757,0.002196122,-0.001728786,,0,
1786043773227950482,1786043773.225669575,/novatel/oem7/odom,/novatel/oem7/fix,/novatel/oem7/odom,39.663,-75.756,-1.801916029,0.002625401,-0.001716393,0.002270226,0.001318637,-0.001716393,,,
1786043773235194611,1786043773.234534788,/novatel/oem7/odom,/novatel/oem7/fix,/novatel/oem7/odom,39.663,-75.756,-1.801916029,0.002625401,-0.001716393,0.002270226,0.001318637,-0.001716393,,,
1786043773247111014,1786043773.246552579,/novatel/oem7/inspva,/novatel/oem7/inspva,/novatel/oem7/inspva,39.663,-75.756,-1.801912654,0.002478418,-0.001516758,0.001375244,0.002061858,-0.001516758,,novatel_oem7_msgs.msg.InertialSolutionStatus(status=3),
1786043773248479441,1786043773.246732337,/novatel/oem7/fix,/novatel/oem7/fix,/novatel/oem7/inspva,39.663,-75.756,-1.801912654,0.002478418,-0.001516758,0.001375244,0.002061858,-0.001516758,,0,
1786043773249522965,1786043773.247110070,/novatel/oem7/odom,/novatel/oem7/fix,/novatel/oem7/odom,39.663,-75.756,-1.801912654,0.002485570,-0.001505009,0.002132916,0.001276216,-0.001505009,,,
1786043773257770454,1786043773.257102948,/novatel/oem7/odom,/novatel/oem7/fix,/novatel/oem7/odom,39.663,-75.756,-1.801912654,0.002485570,-0.001505009,0.002132916,0.001276216,-0.001505009,,,
1786043773265681534,1786043773.265128011,/novatel/oem7/inspva,/novatel/oem7/inspva,/novatel/oem7/inspva,39.663,-75.756,-1.801905894,0.002599466,-0.001879738,0.001703703,0.001963319,-0.001879738,,novatel_oem7_msgs.msg.InertialSolutionStatus(status=3),
1786043773266994894,1786043773.265307013,/novatel/oem7/fix,/novatel/oem7/fix,/novatel/oem7/inspva,39.663,-75.756,-1.801905894,0.002599466,-0.001879738,0.001703703,0.001963319,-0.001879738,,0,
1786043773268033184,1786043773.265874486,/novatel/oem7/odom,/novatel/oem7/fix,/novatel/oem7/odom,39.663,-75.756,-1.801905894,0.002608287,-0.001867479,0.002052046,0.001610052,-0.001867479,,,
1786043773276192463,1786043773.275563923,/novatel/oem7/odom,/novatel/oem7/fix,/novatel/oem7/odom,39.663,-75.756,-1.801905894,0.002608287,-0.001867479,0.002052046,0.001610052,-0.001867479,,,
1786043773285892370,1786043773.285389092,/novatel/oem7/inspva,/novatel/oem7/inspva,/novatel/oem7/inspva,39.663,-75.756,-1.801901539,0.002151072,-0.001438700,0.001070752,0.001865637,-0.001438700,,novatel_oem7_msgs.msg.InertialSolutionStatus(status=3),
1786043773287181033,1786043773.285574407,/novatel/oem7/fix,/novatel/oem7/fix,/novatel/oem7/inspva,39.663,-75.756,-1.801901539,0.002151072,-0.001438700,0.001070752,0.001865637,-0.001438700,,0,
1786043773288221220,1786043773.286180610,/novatel/oem7/odom,/novatel/oem7/fix,/novatel/oem7/odom,39.663,-75.756,-1.801901539,0.002157812,-0.001428571,0.001921655,0.000981528,-0.001428571,,,
1786043773296717966,1786043773.294899300,/novatel/oem7/odom,/novatel/oem7/fix,/novatel/oem7/odom,39.663,-75.756,-1.801901539,0.002157812,-0.001428571,0.001921655,0.000981528,-0.001428571,,,
1786043773306473580,1786043773.305957860,/novatel/oem7/inspva,/novatel/oem7/inspva,/novatel/oem7/inspva,39.663,-75.756,-1.801897136,0.002688129,-0.001798503,0.001462560,0.002255428,-0.001798503,,novatel_oem7_msgs.msg.InertialSolutionStatus(status=3),
1786043773307794537,1786043773.306045237,/novatel/oem7/fix,/novatel/oem7/fix,/novatel/oem7/inspva,39.663,-75.756,-1.801897136,0.002688129,-0.001798503,0.001462560,0.002255428,-0.001798503,,0,
1786043773308829694,1786043773.306505993,/novatel/oem7/odom,/novatel/oem7/fix,/novatel/oem7/odom,39.663,-75.756,-1.801897136,0.002696582,-0.001785804,0.002331615,0.001354668,-0.001785804,,,
1786043773310312465,1786043773.309121153,/novatel/oem7/bestpos,/novatel/oem7/bestpos,/novatel/oem7/odom,39.663,-75.756,33.180452423,0.002696582,-0.001785804,0.002331615,0.001354668,-0.001785804,,novatel_oem7_msgs.msg.SolutionStatus(status=0),novatel_oem7_msgs.msg.PositionOrVelocityType(type=53)
1786043773311245721,1786043773.309446608,/novatel/oem7/bestvel,/novatel/oem7/bestpos,/novatel/oem7/bestvel,39.663,-75.756,33.180452423,0.002445569,-0.001659480,,,,51.137332671,novatel_oem7_msgs.msg.SolutionStatus(status=0),novatel_oem7_msgs.msg.PositionOrVelocityType(type=53)
1786043773315089220,1786043773.314466887,/novatel/oem7/odom,/novatel/oem7/bestpos,/novatel/oem7/odom,39.663,-75.756,33.180452423,0.002696582,-0.001785804,0.002331615,0.001354668,-0.001785804,,,
1786043773325747770,1786043773.325277459,/novatel/oem7/inspva,/novatel/oem7/inspva,/novatel/oem7/inspva,39.663,-75.756,-1.801895926,0.002233502,-0.001718631,0.001394114,0.001744987,-0.001718631,,novatel_oem7_msgs.msg.InertialSolutionStatus(status=3),
1786043773327030880,1786043773.325348459,/novatel/oem7/fix,/novatel/oem7/fix,/novatel/oem7/inspva,39.663,-75.756,-1.801895926,0.002233502,-0.001718631,0.001394114,0.001744987,-0.001718631,,0,
1786043773328063437,1786043773.325982653,/novatel/oem7/odom,/novatel/oem7/fix,/novatel/oem7/odom,39.663,-75.756,-1.801895926,0.002241581,-0.001708080,0.001818118,0.001311157,-0.001708080,,,
1786043773336273096,1786043773.335666527,/novatel/oem7/odom,/novatel/oem7/fix,/novatel/oem7/odom,39.663,-75.756,-1.801895926,0.002241581,-0.001708080,0.001818118,0.001311157,-0.001708080,,,
1786043773345644457,1786043773.345171069,/novatel/oem7/inspva,/novatel/oem7/inspva,/novatel/oem7/inspva,39.663,-75.756,-1.801890874,0.002363692,-0.001773113,0.001369658,0.001926416,-0.001773113,,novatel_oem7_msgs.msg.InertialSolutionStatus(status=3),
1786043773346929993,1786043773.345242037,/novatel/oem7/fix,/novatel/oem7/fix,/novatel/oem7/inspva,39.663,-75.756,-1.801890874,0.002363692,-0.001773113,0.001369658,0.001926416,-0.001773113,,0,
1786043773347960167,1786043773.345743358,/novatel/oem7/odom,/novatel/oem7/fix,/novatel/oem7/odom,39.663,-75.756,-1.801890874,0.002372025,-0.001761950,0.001998322,0.001277971,-0.001761950,,,
1786043773356362302,1786043773.355735935,/novatel/oem7/odom,/novatel/oem7/fix,/novatel/oem7/odom,39.663,-75.756,-1.801890874,0.002372025,-0.001761950,0.001998322,0.001277971,-0.001761950,,,
1786043773367213994,1786043773.366753157,/novatel/oem7/inspva,/novatel/oem7/inspva,/novatel/oem7/inspva,39.663,-75.756,-1.801889348,0.002389087,-0.001593893,0.001378638,0.001951177,-0.001593893,,novatel_oem7_msgs.msg.InertialSolutionStatus(status=3),
1786043773368521767,1786043773.366823727,/novatel/oem7/fix,/novatel/oem7/fix,/novatel/oem7/inspva,39.663,-75.756,-1.801889348,0.002389087,-0.001593893,0.001378638,0.001951177,-0.001593893,,0,
1786043773369542157,1786043773.367568087,/novatel/oem7/odom,/novatel/oem7/fix,/novatel/oem7/odom,39.663,-75.756,-1.801889348,0.002396584,-0.001582598,0.002022803,0.001285255,-0.001582598,,,
1786043773375576791,1786043773.374968283,/novatel/oem7/odom,/novatel/oem7/fix,/novatel/oem7/odom,39.663,-75.756,-1.801889348,0.002396584,-0.001582598,0.002022803,0.001285255,-0.001582598,,,
1786043773385612075,1786043773.385115137,/novatel/oem7/inspva,/novatel/oem7/inspva,/novatel/oem7/inspva,39.663,-75.756,-1.801883707,0.002680898,-0.001668466,0.001558717,0.002181196,-0.001668466,,novatel_oem7_msgs.msg.InertialSolutionStatus(status=3),
1786043773386880798,1786043773.385257638,/novatel/oem7/fix,/novatel/oem7/fix,/novatel/oem7/inspva,39.663,-75.756,-1.801883707,0.002680898,-0.001668466,0.001558717,0.002181196,-0.001668466,,0,
1786043773387893564,1786043773.385647506,/novatel/oem7/odom,/novatel/oem7/fix,/novatel/oem7/odom,39.663,-75.756,-1.801883707,0.002688744,-0.001655792,0.002261687,0.001454000,-0.001655792,,,
1786043773396027223,1786043773.395391780,/novatel/oem7/odom,/novatel/oem7/fix,/novatel/oem7/odom,39.663,-75.756,-1.801883707,0.002688744,-0.001655792,0.002261687,0.001454000,-0.001655792,,,
1786043773406917592,1786043773.406466200,/novatel/oem7/inspva,/novatel/oem7/inspva,/novatel/oem7/inspva,39.663,-75.756,-1.801884355,0.002290989,-0.001773294,0.001387147,0.001823309,-0.001773294,,novatel_oem7_msgs.msg.InertialSolutionStatus(status=3),
1786043773408201272,1786043773.406544467,/novatel/oem7/fix,/novatel/oem7/fix,/novatel/oem7/inspva,39.663,-75.756,-1.801884355,0.002290989,-0.001773294,0.001387147,0.001823309,-0.001773294,,0,
1786043773409233886,1786043773.407390576,/novatel/oem7/odom,/novatel/oem7/fix,/novatel/oem7/odom,39.663,-75.756,-1.801884355,0.002299343,-0.001762450,0.001896252,0.001300463,-0.001762450,,,
1786043773411110638,1786043773.410186063,/novatel/oem7/bestpos,/novatel/oem7/bestpos,/novatel/oem7/odom,39.663,-75.756,33.180461001,0.002299343,-0.001762450,0.001896252,0.001300463,-0.001762450,,novatel_oem7_msgs.msg.SolutionStatus(status=0),novatel_oem7_msgs.msg.PositionOrVelocityType(type=53)
1786043773412018287,1786043773.410543499,/novatel/oem7/bestvel,/novatel/oem7/bestpos,/novatel/oem7/bestvel,39.663,-75.756,33.180461001,0.002475014,-0.001941655,,,,46.844801869,novatel_oem7_msgs.msg.SolutionStatus(status=0),novatel_oem7_msgs.msg.PositionOrVelocityType(type=53)
1786043773415678470,1786043773.415068091,/novatel/oem7/odom,/novatel/oem7/bestpos,/novatel/oem7/odom,39.663,-75.756,33.180461001,0.002299343,-0.001762450,0.001896252,0.001300463,-0.001762450,,,
1786043773426734151,1786043773.426026924,/novatel/oem7/inspva,/novatel/oem7/inspva,/novatel/oem7/inspva,39.663,-75.756,-1.801873403,0.002469260,-0.001378793,0.001300040,0.002099319,-0.001378793,,novatel_oem7_msgs.msg.InertialSolutionStatus(status=3),
1786043773428471576,1786043773.426203590,/novatel/oem7/fix,/novatel/oem7/fix,/novatel/oem7/inspva,39.663,-75.756,-1.801873403,0.002469260,-0.001378793,0.001300040,0.002099319,-0.001378793,,0,
1786043773429641768,1786043773.427545519,/novatel/oem7/odom,/novatel/oem7/fix,/novatel/oem7/odom,39.663,-75.756,-1.801873403,0.002475729,-0.001367143,0.002166065,0.001198916,-0.001367143,,,
1786043773435230927,1786043773.434401202,/novatel/oem7/odom,/novatel/oem7/fix,/novatel/oem7/odom,39.663,-75.756,-1.801873403,0.002475729,-0.001367143,0.002166065,0.001198916,-0.001367143,,,
1786043773445908901,1786043773.445124729,/novatel/oem7/inspva,/novatel/oem7/inspva,/novatel/oem7/inspva,39.663,-75.756,-1.801874878,0.002548037,-0.001669010,0.001279760,0.002203340,-0.001669010,,novatel_oem7_msgs.msg.InertialSolutionStatus(status=3),
1786043773447455823,1786043773.445206732,/novatel/oem7/fix,/novatel/oem7/fix,/novatel/oem7/inspva,39.663,-75.756,-1.801874878,0.002548037,-0.001669010,0.001279760,0.002203340,-0.001669010,,0,
1786043773448619204,1786043773.445693701,/novatel/oem7/odom,/novatel/oem7/fix,/novatel/oem7/odom,39.663,-75.756,-1.801874878,0.002555874,-0.001656984,0.002270119,0.001174331,-0.001656984,,,
1786043773457068479,1786043773.456240205,/novatel/oem7/odom,/novatel/oem7/fix,/novatel/oem7/odom,39.663,-75.756,-1.801874878,0.002555874,-0.001656984,0.002270119,0.001174331,-0.001656984,,,
1786043773465740996,1786043773.464971601,/novatel/oem7/inspva,/novatel/oem7/inspva,/novatel/oem7/inspva,39.663,-75.756,-1.801863978,0.002455432,-0.001484213,0.001297100,0.002084869,-0.001484213,,novatel_oem7_msgs.msg.InertialSolutionStatus(status=3),
1786043773467147114,1786043773.465051569,/novatel/oem7/fix,/novatel/oem7/fix,/novatel/oem7/inspva,39.663,-75.756,-1.801863978,0.002455432,-0.001484213,0.001297100,0.002084869,-0.001484213,,0,
1786043773468270309,1786043773.465477014,/novatel/oem7/odom,/novatel/oem7/fix,/novatel/oem7/odom,39.663,-75.756,-1.801863978,0.002462410,-0.001472606,0.002151910,0.001196975,-0.001472606,,,
1786043773475221271,1786043773.474448121,/novatel/oem7/odom,/novatel/oem7/fix,/novatel/oem7/odom,39.663,-75.756,-1.801863978,0.002462410,-0.001472606,0.002151910,0.001196975,-0.001472606,,,
1786043773487337247,1786043773.486554619,/novatel/oem7/inspva,/novatel/oem7/inspva,/novatel/oem7/inspva,39.663,-75.756,-1.801864949,0.002613256,-0.001738702,0.001483201,0.002151563,-0.001738702,,novatel_oem7_msgs.msg.InertialSolutionStatus(status=3),
1786043773488796678,1786043773.486731597,/novatel/oem7/fix,/novatel/oem7/fix,/novatel/oem7/inspva,39.663,-75.756,-1.801864949,0.002613256,-0.001738702,0.001483201,0.002151563,-0.001738702,,0,
1786043773489925986,1786043773.486969144,/novatel/oem7/odom,/novatel/oem7/fix,/novatel/oem7/odom,39.663,-75.756,-1.801864949,0.002621428,-0.001726357,0.002228634,0.001380244,-0.001726357,,,
1786043773495777612,1786043773.494933313,/novatel/oem7/odom,/novatel/oem7/fix,/novatel/oem7/odom,39.663,-75.756,-1.801864949,0.002621428,-0.001726357,0.002228634,0.001380244,-0.001726357,,,
1786043773506726565,1786043773.505933310,/novatel/oem7/inspva,/novatel/oem7/inspva,/novatel/oem7/inspva,39.663,-75.756,-1.801856859,0.002293062,-0.001555390,0.001322278,0.001873423,-0.001555390,,novatel_oem7_msgs.msg.InertialSolutionStatus(status=3),
1786043773508206616,1786043773.506174592,/novatel/oem7/fix,/novatel/oem7/fix,/novatel/oem7/inspva,39.663,-75.756,-1.801856859,0.002293062,-0.001555390,0.001322278,0.001873423,-0.001555390,,0,
1786043773509380471,1786043773.506629671,/novatel/oem7/odom,/novatel/oem7/fix,/novatel/oem7/odom,39.663,-75.756,-1.801856859,0.002300389,-0.001544533,0.001942221,0.001232707,-0.001544533,,,
1786043773512105416,1786043773.511292091,/novatel/oem7/bestpos,/novatel/oem7/bestpos,/novatel/oem7/odom,39.663,-75.756,33.180483476,0.002300389,-0.001544533,0.001942221,0.001232707,-0.001544533,,novatel_oem7_msgs.msg.SolutionStatus(status=0),novatel_oem7_msgs.msg.PositionOrVelocityType(type=53)
1786043773513747788,1786043773.511881143,/novatel/oem7/bestvel,/novatel/oem7/bestpos,/novatel/oem7/bestvel,39.663,-75.756,33.180483476,0.002491928,-0.001675885,,,,58.203973985,novatel_oem7_msgs.msg.SolutionStatus(status=0),novatel_oem7_msgs.msg.PositionOrVelocityType(type=53)
1786043773516174043,1786043773.515499455,/novatel/oem7/odom,/novatel/oem7/bestpos,/novatel/oem7/odom,39.663,-75.756,33.180483476,0.002300389,-0.001544533,0.001942221,0.001232707,-0.001544533,,,
1786043773526738123,1786043773.525979599,/novatel/oem7/inspva,/novatel/oem7/inspva,/novatel/oem7/inspva,39.663,-75.756,-1.801857327,0.002852156,-0.001385851,0.001648755,0.002327317,-0.001385851,,novatel_oem7_msgs.msg.InertialSolutionStatus(status=3),
1786043773528230224,1786043773.526065080,/novatel/oem7/fix,/novatel/oem7/fix,/novatel/oem7/inspva,39.663,-75.756,-1.801857327,0.002852156,-0.001385851,0.001648755,0.002327317,-0.001385851,,0,
1786043773529406142,1786043773.526518147,/novatel/oem7/odom,/novatel/oem7/fix,/novatel/oem7/odom,39.663,-75.756,-1.801857327,0.002858671,-0.001372363,0.002410917,0.001536060,-0.001372363,,,
1786043773535680032,1786043773.534854017,/novatel/oem7/odom,/novatel/oem7/fix,/novatel/oem7/odom,39.663,-75.756,-1.801857327,0.002858671,-0.001372363,0.002410917,0.001536060,-0.001372363,,,
1786043773546793707,1786043773.546010322,/novatel/oem7/inspva,/novatel/oem7/inspva,/novatel/oem7/inspva,39.663,-75.756,-1.801848664,0.002378412,-0.001314672,0.001198502,0.002054371,-0.001314672,,novatel_oem7_msgs.msg.InertialSolutionStatus(status=3),
1786043773548372670,1786043773.546227841,/novatel/oem7/fix,/novatel/oem7/fix,/novatel/oem7/inspva,39.663,-75.756,-1.801848664,0.002378412,-0.001314672,0.001198502,0.002054371,-0.001314672,,0,
1786043773549575392,1786043773.546690536,/novatel/oem7/odom,/novatel/oem7/fix,/novatel/oem7/odom,39.663,-75.756,-1.801848664,0.002384571,-0.001303468,0.002115914,0.001099584,-0.001303468,,,
1786043773556562055,1786043773.555813775,/novatel/oem7/odom,/novatel/oem7/fix,/novatel/oem7/odom,39.663,-75.756,-1.801848664,0.002384571,-0.001303468,0.002115914,0.001099584,-0.001303468,,,
1786043773565723810,1786043773.565134948,/novatel/oem7/inspva,/novatel/oem7/inspva,/novatel/oem7/inspva,39.663,-75.756,-1.801850908,0.002488632,-0.001595663,0.001417815,0.002045260,-0.001595663,,novatel_oem7_msgs.msg.InertialSolutionStatus(status=3),
1786043773567241702,1786043773.565301290,/novatel/oem7/fix,/novatel/oem7/fix,/novatel/oem7/inspva,39.663,-75.756,-1.801850908,0.002488632,-0.001595663,0.001417815,0.002045260,-0.001595663,,0,
1786043773568290020,1786043773.565882529,/novatel/oem7/odom,/novatel/oem7/fix,/novatel/oem7/odom,39.663,-75.756,-1.801850908,0.002496128,-0.001583912,0.002118667,0.001319812,-0.001583912,,,
1786043773575987147,1786043773.575326821,/novatel/oem7/odom,/novatel/oem7/fix,/novatel/oem7/odom,39.663,-75.756,-1.801850908,0.002496128,-0.001583912,0.002118667,0.001319812,-0.001583912,,,
1786043773585695565,1786043773.585161942,/novatel/oem7/inspva,/novatel/oem7/inspva,/novatel/oem7/inspva,39.663,-75.756,-1.801842884,0.002446327,-0.001448937,0.001035216,0.002216494,-0.001448937,,novatel_oem7_msgs.msg.InertialSolutionStatus(status=3),
1786043773587008014,1786043773.585328677,/novatel/oem7/fix,/novatel/oem7/fix,/novatel/oem7/inspva,39.663,-75.756,-1.801842884,0.002446327,-0.001448937,0.001035216,0.002216494,-0.001448937,,0,
1786043773588043801,1786043773.585730125,/novatel/oem7/odom,/novatel/oem7/fix,/novatel/oem7/odom,39.663,-75.756,-1.801842884,0.002453015,-0.001437586,0.002270335,0.000928903,-0.001437586,,,
1786043773594969818,1786043773.594313234,/novatel/oem7/odom,/novatel/oem7/fix,/novatel/oem7/odom,39.663,-75.756,-1.801842884,0.002453015,-0.001437586,0.002270335,0.000928903,-0.001437586,,,
1786043773607082236,1786043773.606549684,/novatel/oem7/inspva,/novatel/oem7/inspva,/novatel/oem7/inspva,39.663,-75.756,-1.801846423,0.002413765,-0.001639212,0.001380374,0.001980109,-0.001639212,,novatel_oem7_msgs.msg.InertialSolutionStatus(status=3),
1786043773608383589,1786043773.606757696,/novatel/oem7/fix,/novatel/oem7/fix,/novatel/oem7/inspva,39.663,-75.756,-1.801846423,0.002413765,-0.001639212,0.001380374,0.001980109,-0.001639212,,0,
1786043773609416689,1786043773.607170237,/novatel/oem7/odom,/novatel/oem7/fix,/novatel/oem7/odom,39.663,-75.756,-1.801846423,0.002421454,-0.001627833,0.002051910,0.001285732,-0.001627833,,,
1786043773610875054,1786043773.610294255,/novatel/oem7/bestpos,/novatel/oem7/bestpos,/novatel/oem7/odom,39.663,-75.756,33.180501030,0.002421454,-0.001627833,0.002051910,0.001285732,-0.001627833,,novatel_oem7_msgs.msg.SolutionStatus(status=0),novatel_oem7_msgs.msg.PositionOrVelocityType(type=53)
1786043773612243688,1786043773.610732389,/novatel/oem7/bestvel,/novatel/oem7/bestpos,/novatel/oem7/bestvel,39.663,-75.756,33.180501030,0.002129307,-0.001265763,,,,70.396013320,novatel_oem7_msgs.msg.SolutionStatus(status=0),novatel_oem7_msgs.msg.PositionOrVelocityType(type=53)
1786043773616021422,1786043773.615374003,/novatel/oem7/odom,/novatel/oem7/bestpos,/novatel/oem7/odom,39.663,-75.756,33.180501030,0.002421454,-0.001627833,0.002051910,0.001285732,-0.001627833,,,
1786043773626729200,1786043773.624965178,/novatel/oem7/inspva,/novatel/oem7/inspva,/novatel/oem7/inspva,39.663,-75.756,-1.801839190,0.002324104,-0.001424731,0.001109089,0.002042396,-0.001424731,,novatel_oem7_msgs.msg.InertialSolutionStatus(status=3),
1786043773628047606,1786043773.625093604,/novatel/oem7/fix,/novatel/oem7/fix,/novatel/oem7/inspva,39.663,-75.756,-1.801839190,0.002324104,-0.001424731,0.001109089,0.002042396,-0.001424731,,0,
1786043773629077280,1786043773.626345866,/novatel/oem7/odom,/novatel/oem7/fix,/novatel/oem7/odom,39.663,-75.756,-1.801839190,0.002421446,-0.001627845,0.002051900,0.001285732,-0.001627845,,,
1786043773636053110,1786043773.635398757,/novatel/oem7/odom,/novatel/oem7/fix,/novatel/oem7/odom,39.663,-75.756,-1.801839190,0.002330721,-0.001413880,0.002099954,0.001011165,-0.001413880,,,
1786043773645780711,1786043773.645244179,/novatel/oem7/inspva,/novatel/oem7/inspva,/novatel/oem7/inspva,39.663,-75.756,-1.801839816,0.002745294,-0.001007823,0.001749554,0.002115585,-0.001007823,,novatel_oem7_msgs.msg.InertialSolutionStatus(status=3),
1786043773647098238,1786043773.645364209,/novatel/oem7/fix,/novatel/oem7/fix,/novatel/oem7/inspva,39.663,-75.756,-1.801839816,0.002745294,-0.001007823,0.001749554,0.002115585,-0.001007823,,0,
1786043773648126248,1786043773.645954706,/novatel/oem7/odom,/novatel/oem7/fix,/novatel/oem7/odom,39.663,-75.756,-1.801839816,0.002750009,-0.000994884,0.002202856,0.001646201,-0.000994884,,,
1786043773657146942,1786043773.656522399,/novatel/oem7/odom,/novatel/oem7/fix,/novatel/oem7/odom,39.663,-75.756,-1.801839816,0.002750009,-0.000994884,0.002202856,0.001646201,-0.000994884,,,
1786043773666557020,1786043773.666018761,/novatel/oem7/inspva,/novatel/oem7/inspva,/novatel/oem7/inspva,39.663,-75.756,-1.801837074,0.002584229,-0.001305417,0.001542389,0.002073469,-0.001305417,,novatel_oem7_msgs.msg.InertialSolutionStatus(status=3),
1786043773667860190,1786043773.666168849,/novatel/oem7/fix,/novatel/oem7/fix,/novatel/oem7/inspva,39.663,-75.756,-1.801837074,0.002584229,-0.001305417,0.001542389,0.002073469,-0.001305417,,0,
1786043773668864760,1786043773.666586140,/novatel/oem7/odom,/novatel/oem7/fix,/novatel/oem7/odom,39.663,-75.756,-1.801837074,0.002590350,-0.001293228,0.002151797,0.001442111,-0.001293228,,,
1786043773675472993,1786043773.674835660,/novatel/oem7/odom,/novatel/oem7/fix,/novatel/oem7/odom,39.663,-75.756,-1.801837074,0.002590350,-0.001293228,0.002151797,0.001442111,-0.001293228,,,
1786043773685741073,1786043773.685246561,/novatel/oem7/inspva,/novatel/oem7/inspva,/novatel/oem7/inspva,39.663,-75.756,-1.801838890,0.002916893,-0.001376148,0.001899940,0.002213254,-0.001376148,,novatel_oem7_msgs.msg.InertialSolutionStatus(status=3),
1786043773687122643,1786043773.685317470,/novatel/oem7/fix,/novatel/oem7/fix,/novatel/oem7/inspva,39.663,-75.756,-1.801838890,0.002916893,-0.001376148,0.001899940,0.002213254,-0.001376148,,0,
1786043773688151014,1786043773.685958938,/novatel/oem7/odom,/novatel/oem7/fix,/novatel/oem7/odom,39.663,-75.756,-1.801838890,0.002923301,-0.001362483,0.002309211,0.001792550,-0.001362483,,,
1786043773696227725,1786043773.695604952,/novatel/oem7/odom,/novatel/oem7/fix,/novatel/oem7/odom,39.663,-75.756,-1.801838890,0.002923301,-0.001362483,0.002309211,0.001792550,-0.001362483,,,
1786043773706435747,1786043773.705942595,/novatel/oem7/inspva,/novatel/oem7/inspva,/novatel/oem7/inspva,39.663,-75.756,-1.801831731,0.002737150,-0.001182860,0.001883499,0.001986057,-0.001182860,,novatel_oem7_msgs.msg.InertialSolutionStatus(status=3),
1786043773707735100,1786043773.706016546,/novatel/oem7/fix,/novatel/oem7/fix,/novatel/oem7/inspva,39.663,-75.756,-1.801831731,0.002737150,-0.001182860,0.001883499,0.001986057,-0.001182860,,0,
1786043773708748654,1786043773.706552168,/novatel/oem7/odom,/novatel/oem7/fix,/novatel/oem7/odom,39.663,-75.756,-1.801831731,0.002742631,-0.001170095,0.002080733,0.001786778,-0.001170095,,,
1786043773710161788,1786043773.709575034,/novatel/oem7/bestpos,/novatel/oem7/bestpos,/novatel/oem7/odom,39.663,-75.756,33.180518512,0.002742631,-0.001170095,0.002080733,0.001786778,-0.001170095,,novatel_oem7_msgs.msg.SolutionStatus(status=0),novatel_oem7_msgs.msg.PositionOrVelocityType(type=53)
1786043773711543642,1786043773.710309114,/novatel/oem7/bestvel,/novatel/oem7/bestpos,/novatel/oem7/bestvel,39.663,-75.756,33.180518512,0.002694788,-0.001149670,,,,46.655488211,novatel_oem7_msgs.msg.SolutionStatus(status=0),novatel_oem7_msgs.msg.PositionOrVelocityType(type=53)
1786043773715224812,1786043773.714567122,/novatel/oem7/odom,/novatel/oem7/bestpos,/novatel/oem7/odom,39.663,-75.756,33.180518512,0.002742631,-0.001170095,0.002080733,0.001786778,-0.001170095,,,
1786043773727094841,1786043773.726574480,/novatel/oem7/inspva,/novatel/oem7/inspva,/novatel/oem7/inspva,39.663,-75.756,-1.801829808,0.002960108,-0.000801553,0.002178469,0.002004124,-0.000801553,,novatel_oem7_msgs.msg.InertialSolutionStatus(status=3),
1786043773728661157,1786043773.726760821,/novatel/oem7/fix,/novatel/oem7/fix,/novatel/oem7/inspva,39.663,-75.756,-1.801829808,0.002960108,-0.000801553,0.002178469,0.002004124,-0.000801553,,0,
1786043773729712907,1786043773.727183256,/novatel/oem7/odom,/novatel/oem7/fix,/novatel/oem7/odom,39.663,-75.756,-1.801829808,0.002963772,-0.000787897,0.002111729,0.002079554,-0.000787897,,,
1786043773736244657,1786043773.735593946,/novatel/oem7/odom,/novatel/oem7/fix,/novatel/oem7/odom,39.663,-75.756,-1.801829808,0.002963772,-0.000787897,0.002111729,0.002079554,-0.000787897,,,
1786043773746252417,1786043773.745307628,/novatel/oem7/inspva,/novatel/oem7/inspva,/novatel/oem7/inspva,39.663,-75.756,-1.801825858,0.002946480,-0.001095278,0.002108210,0.002058444,-0.001095278,,novatel_oem7_msgs.msg.InertialSolutionStatus(status=3),
1786043773747751199,1786043773.745616214,/novatel/oem7/fix,/novatel/oem7/fix,/novatel/oem7/inspva,39.663,-75.756,-1.801825858,0.002946480,-0.001095278,0.002108210,0.002058444,-0.001095278,,0,
1786043773748964031,1786043773.745959164,/novatel/oem7/odom,/novatel/oem7/fix,/novatel/oem7/odom,39.663,-75.756,-1.801825858,0.002963779,-0.000787870,0.002111746,0.002079547,-0.000787870,,,
1786043773756295294,1786043773.755567161,/novatel/oem7/odom,/novatel/oem7/fix,/novatel/oem7/odom,39.663,-75.756,-1.801825858,0.002951536,-0.001081579,0.002163713,0.002007464,-0.001081579,,,
1786043773765864130,1786043773.765306419,/novatel/oem7/inspva,/novatel/oem7/inspva,/novatel/oem7/inspva,39.663,-75.756,-1.801824624,0.003400452,-0.000799759,0.002331660,0.002475164,-0.000799759,,novatel_oem7_msgs.msg.InertialSolutionStatus(status=3),
1786043773767371179,1786043773.765495071,/novatel/oem7/fix,/novatel/oem7/fix,/novatel/oem7/inspva,39.663,-75.756,-1.801824624,0.003400452,-0.000799759,0.002331660,0.002475164,-0.000799759,,0,
1786043773768567598,1786043773.766043002,/novatel/oem7/odom,/novatel/oem7/fix,/novatel/oem7/odom,39.663,-75.756,-1.801824624,0.003404152,-0.000783862,0.002589743,0.002209408,-0.000783862,,,
1786043773775335169,1786043773.774611765,/novatel/oem7/odom,/novatel/oem7/fix,/novatel/oem7/odom,39.663,-75.756,-1.801824624,0.003404152,-0.000783862,0.002589743,0.002209408,-0.000783862,,,
1786043773786531713,1786043773.786149178,/novatel/oem7/inspva,/novatel/oem7/inspva,/novatel/oem7/inspva,39.663,-75.756,-1.801821570,0.003313324,-0.000942120,0.002439666,0.002241906,-0.000942120,,novatel_oem7_msgs.msg.InertialSolutionStatus(status=3),
1786043773787240166,1786043773.786328613,/novatel/oem7/fix,/novatel/oem7/fix,/novatel/oem7/inspva,39.663,-75.756,-1.801821570,0.003313324,-0.000942120,0.002439666,0.002241906,-0.000942120,,0,
1786043773787767936,1786043773.786836471,/novatel/oem7/odom,/novatel/oem7/fix,/novatel/oem7/odom,39.663,-75.756,-1.801821570,0.003317647,-0.000926782,0.002362604,0.002329138,-0.000926782,,,
1786043773795013277,1786043773.794661140,/novatel/oem7/odom,/novatel/oem7/fix,/novatel/oem7/odom,39.663,-75.756,-1.801821570,0.003317647,-0.000926782,0.002362604,0.002329138,-0.000926782,,,
1786043773806693599,1786043773.806381704,/novatel/oem7/inspva,/novatel/oem7/inspva,/novatel/oem7/inspva,39.663,-75.756,-1.801827341,0.003271607,-0.001335574,0.002053724,0.002546690,-0.001335574,,novatel_oem7_msgs.msg.InertialSolutionStatus(status=3),
1786043773807447031,1786043773.806561536,/novatel/oem7/fix,/novatel/oem7/fix,/novatel/oem7/inspva,39.663,-75.756,-1.801827341,0.003271607,-0.001335574,0.002053724,0.002546690,-0.001335574,,0,
1786043773807973413,1786043773.807054551,/novatel/oem7/odom,/novatel/oem7/fix,/novatel/oem7/odom,39.663,-75.756,-1.801827341,0.003277847,-0.001320184,0.002649623,0.001929710,-0.001320184,,,
1786043773810530643,1786043773.810185646,/novatel/oem7/bestpos,/novatel/oem7/bestpos,/novatel/oem7/odom,39.663,-75.756,33.180516535,0.003277847,-0.001320184,0.002649623,0.001929710,-0.001320184,,novatel_oem7_msgs.msg.SolutionStatus(status=0),novatel_oem7_msgs.msg.PositionOrVelocityType(type=53)
1786043773811194482,1786043773.810678967,/novatel/oem7/bestvel,/novatel/oem7/bestpos,/novatel/oem7/bestvel,39.663,-75.756,33.180516535,0.003009598,-0.001150526,,,,48.468198449,novatel_oem7_msgs.msg.SolutionStatus(status=0),novatel_oem7_msgs.msg.PositionOrVelocityType(type=53)
1786043773816048571,1786043773.815686088,/novatel/oem7/odom,/novatel/oem7/bestpos,/novatel/oem7/odom,39.663,-75.756,33.180516535,0.003277847,-0.001320184,0.002649623,0.001929710,-0.001320184,,,
1786043773825620114,1786043773.825337805,/novatel/oem7/inspva,/novatel/oem7/inspva,/novatel/oem7/inspva,39.663,-75.756,-1.801824395,0.003230995,-0.001292103,0.002280326,0.002288983,-0.001292103,,novatel_oem7_msgs.msg.InertialSolutionStatus(status=3),
1786043773826234053,1786043773.825510503,/novatel/oem7/fix,/novatel/oem7/fix,/novatel/oem7/inspva,39.663,-75.756,-1.801824395,0.003230995,-0.001292103,0.002280326,0.002288983,-0.001292103,,0,
1786043773826726609,1786043773.825897010,/novatel/oem7/odom,/novatel/oem7/fix,/novatel/oem7/odom,39.663,-75.756,-1.801824395,0.003236966,-0.001277072,0.002403176,0.002168569,-0.001277072,,,
1786043773834847576,1786043773.834475323,/novatel/oem7/odom,/novatel/oem7/fix,/novatel/oem7/odom,39.663,-75.756,-1.801824395,0.003236966,-0.001277072,0.002403176,0.002168569,-0.001277072,,,
1786043773846961180,1786043773.846655736,/novatel/oem7/inspva,/novatel/oem7/inspva,/novatel/oem7/inspva,39.663,-75.756,-1.801827430,0.003100148,-0.000796326,0.002281779,0.002098667,-0.000796326,,novatel_oem7_msgs.msg.InertialSolutionStatus(status=3),
1786043773847568296,1786043773.846844091,/novatel/oem7/fix,/novatel/oem7/fix,/novatel/oem7/inspva,39.663,-75.756,-1.801827430,0.003100148,-0.000796326,0.002281779,0.002098667,-0.000796326,,0,
1786043773848012249,1786043773.847245978,/novatel/oem7/odom,/novatel/oem7/fix,/novatel/oem7/odom,39.663,-75.756,-1.801827430,0.003103802,-0.000781966,0.002211234,0.002178079,-0.000781966,,,
1786043773856808434,1786043773.856387117,/novatel/oem7/odom,/novatel/oem7/fix,/novatel/oem7/odom,39.663,-75.756,-1.801827430,0.003103802,-0.000781966,0.002211234,0.002178079,-0.000781966,,,
1786043773865219176,1786043773.864951029,/novatel/oem7/inspva,/novatel/oem7/inspva,/novatel/oem7/inspva,39.663,-75.756,-1.801828619,0.003451282,-0.001252379,0.002594611,0.002275817,-0.001252379,,novatel_oem7_msgs.msg.InertialSolutionStatus(status=3),
1786043773865802674,1786043773.865134108,/novatel/oem7/fix,/novatel/oem7/fix,/novatel/oem7/inspva,39.663,-75.756,-1.801828619,0.003451282,-0.001252379,0.002594611,0.002275817,-0.001252379,,0,
1786043773866472085,1786043773.865625256,/novatel/oem7/odom,/novatel/oem7/fix,/novatel/oem7/odom,39.663,-75.756,-1.801828619,0.003457006,-0.001236490,0.002405303,0.002483024,-0.001236490,,,
1786043773874826701,1786043773.874489658,/novatel/oem7/odom,/novatel/oem7/fix,/novatel/oem7/odom,39.663,-75.756,-1.801828619,0.003457006,-0.001236490,0.002405303,0.002483024,-0.001236490,,,
1786043773886845444,1786043773.886566743,/novatel/oem7/inspva,/novatel/oem7/inspva,/novatel/oem7/inspva,39.663,-75.756,-1.801834046,0.003177299,-0.001194987,0.002517449,0.001938474,-0.001194987,,novatel_oem7_msgs.msg.InertialSolutionStatus(status=3),
1786043773887474359,1786043773.886765322,/novatel/oem7/fix,/novatel/oem7/fix,/novatel/oem7/inspva,39.663,-75.756,-1.801834046,0.003177299,-0.001194987,0.002517449,0.001938474,-0.001194987,,0,
1786043773887932673,1786043773.887161596,/novatel/oem7/odom,/novatel/oem7/fix,/novatel/oem7/odom,39.663,-75.756,-1.801834046,0.003182676,-0.001180591,0.002064375,0.002422351,-0.001180591,,,
1786043773894950713,1786043773.894561063,/novatel/oem7/odom,/novatel/oem7/fix,/novatel/oem7/odom,39.663,-75.756,-1.801834046,0.003182676,-0.001180591,0.002064375,0.002422351,-0.001180591,,,
1786043773906177038,1786043773.905912384,/novatel/oem7/inspva,/novatel/oem7/inspva,/novatel/oem7/inspva,39.663,-75.756,-1.801833589,0.003620089,-0.001146117,0.002865580,0.002212125,-0.001146117,,novatel_oem7_msgs.msg.InertialSolutionStatus(status=3),
1786043773906752687,1786043773.906093349,/novatel/oem7/fix,/novatel/oem7/fix,/novatel/oem7/inspva,39.663,-75.756,-1.801833589,0.003620089,-0.001146117,0.002865580,0.002212125,-0.001146117,,0,
1786043773907456344,1786043773.906657141,/novatel/oem7/odom,/novatel/oem7/fix,/novatel/oem7/odom,39.663,-75.756,-1.801833589,0.003625245,-0.001129705,0.002354557,0.002756530,-0.001129705,,,
1786043773910791831,1786043773.910401042,/novatel/oem7/bestpos,/novatel/oem7/bestpos,/novatel/oem7/odom,39.663,-75.756,33.180499443,0.003625245,-0.001129705,0.002354557,0.002756530,-0.001129705,,novatel_oem7_msgs.msg.SolutionStatus(status=0),novatel_oem7_msgs.msg.PositionOrVelocityType(type=53)
1786043773911434155,1786043773.910576074,/novatel/oem7/bestvel,/novatel/oem7/bestpos,/novatel/oem7/bestvel,39.663,-75.756,33.180499443,0.003763988,-0.001258382,,,,37.920975563,novatel_oem7_msgs.msg.SolutionStatus(status=0),novatel_oem7_msgs.msg.PositionOrVelocityType(type=53)
1786043773915017355,1786043773.914667852,/novatel/oem7/odom,/novatel/oem7/bestpos,/novatel/oem7/odom,39.663,-75.756,33.180499443,0.003625245,-0.001129705,0.002354557,0.002756530,-0.001129705,,,
1786043773925581416,1786043773.925297705,/novatel/oem7/inspva,/novatel/oem7/inspva,/novatel/oem7/inspva,39.663,-75.756,-1.801841130,0.003227440,-0.001203364,0.002282708,0.002281582,-0.001203364,,novatel_oem7_msgs.msg.InertialSolutionStatus(status=3),
1786043773926176213,1786043773.925460280,/novatel/oem7/fix,/novatel/oem7/fix,/novatel/oem7/inspva,39.663,-75.756,-1.801841130,0.003227440,-0.001203364,0.002282708,0.002281582,-0.001203364,,0,
1786043773926832495,1786043773.926060193,/novatel/oem7/odom,/novatel/oem7/fix,/novatel/oem7/odom,39.663,-75.756,-1.801841130,0.003233017,-0.001188300,0.002395570,0.002171093,-0.001188300,,,
1786043773935121955,1786043773.934790997,/novatel/oem7/odom,/novatel/oem7/fix,/novatel/oem7/odom,39.663,-75.756,-1.801841130,0.003233017,-0.001188300,0.002395570,0.002171093,-0.001188300,,,
1786043773946456224,1786043773.945975106,/novatel/oem7/inspva,/novatel/oem7/inspva,/novatel/oem7/inspva,39.663,-75.756,-1.801840167,0.003610253,-0.001165601,0.002818997,0.002255478,-0.001165601,,novatel_oem7_msgs.msg.InertialSolutionStatus(status=3),
1786043773947026244,1786043773.946119688,/novatel/oem7/fix,/novatel/oem7/fix,/novatel/oem7/inspva,39.663,-75.756,-1.801840167,0.003610253,-0.001165601,0.002818997,0.002255478,-0.001165601,,0,
1786043773947535141,1786043773.946627186,/novatel/oem7/odom,/novatel/oem7/fix,/novatel/oem7/odom,39.663,-75.756,-1.801840167,0.003615520,-0.001149160,0.002395656,0.002707917,-0.001149160,,,
1786043773956413541,1786043773.955633646,/novatel/oem7/odom,/novatel/oem7/fix,/novatel/oem7/odom,39.663,-75.756,-1.801840167,0.003615520,-0.001149160,0.002395656,0.002707917,-0.001149160,,,
1786043773965858619,1786043773.965188526,/novatel/oem7/inspva,/novatel/oem7/inspva,/novatel/oem7/inspva,39.663,-75.756,-1.801848302,0.003523767,-0.001389151,0.002786453,0.002156992,-0.001389151,,novatel_oem7_msgs.msg.InertialSolutionStatus(status=3),
1786043773967316371,1786043773.965327441,/novatel/oem7/fix,/novatel/oem7/fix,/novatel/oem7/inspva,39.663,-75.756,-1.801848302,0.003523767,-0.001389151,0.002786453,0.002156992,-0.001389151,,0,
1786043773968474762,1786043773.965881049,/novatel/oem7/odom,/novatel/oem7/fix,/novatel/oem7/odom,39.663,-75.756,-1.801848302,0.003530012,-0.001373204,0.002296559,0.002680821,-0.001373204,,,
1786043773975861720,1786043773.975059451,/novatel/oem7/odom,/novatel/oem7/fix,/novatel/oem7/odom,39.663,-75.756,-1.801848302,0.003530012,-0.001373204,0.002296559,0.002680821,-0.001373204,,,
1786043773985678295,1786043773.984904514,/novatel/oem7/inspva,/novatel/oem7/inspva,/novatel/oem7/inspva,39.663,-75.756,-1.801845660,0.003825107,-0.001064302,0.003106244,0.002232194,-0.001064302,,novatel_oem7_msgs.msg.InertialSolutionStatus(status=3),
1786043773987152507,1786043773.985135836,/novatel/oem7/fix,/novatel/oem7/fix,/novatel/oem7/inspva,39.663,-75.756,-1.801845660,0.003825107,-0.001064302,0.003106244,0.002232194,-0.001064302,,0,
1786043773988326218,1786043773.985639798,/novatel/oem7/odom,/novatel/oem7/fix,/novatel/oem7/odom,39.663,-75.756,-1.801845660,0.003829820,-0.001047216,0.002386064,0.002995700,-0.001047216,,,
1786043773995132790,1786043773.994371432,/novatel/oem7/odom,/novatel/oem7/fix,/novatel/oem7/odom,39.663,-75.756,-1.801845660,0.003829820,-0.001047216,0.002386064,0.002995700,-0.001047216,,,
1786043774009117677,1786043774.008359263,/novatel/oem7/inspva,/novatel/oem7/inspva,/novatel/oem7/inspva,39.663,-75.756,-1.801855789,0.003610556,-0.001568833,0.002786842,0.002295567,-0.001568833,,novatel_oem7_msgs.msg.InertialSolutionStatus(status=3),
1786043774010690053,1786043774.008573132,/novatel/oem7/fix,/novatel/oem7/fix,/novatel/oem7/inspva,39.663,-75.756,-1.801855789,0.003610556,-0.001568833,0.002786842,0.002295567,-0.001568833,,0,
1786043774011993972,1786043774.009834518,/novatel/oem7/odom,/novatel/oem7/fix,/novatel/oem7/odom,39.663,-75.756,-1.801855789,0.003617650,-0.001552403,0.002435683,0.002674854,-0.001552403,,,
1786043774016990543,1786043774.016176084,/novatel/oem7/odom,/novatel/oem7/fix,/novatel/oem7/odom,39.663,-75.756,-1.801855789,0.003617650,-0.001552403,0.002435683,0.002674854,-0.001552403,,,
1786043774025528555,1786043774.024862179,/novatel/oem7/bestpos,/novatel/oem7/bestpos,/novatel/oem7/odom,39.663,-75.756,33.180489114,0.003617650,-0.001552403,0.002435683,0.002674854,-0.001552403,,novatel_oem7_msgs.msg.SolutionStatus(status=0),novatel_oem7_msgs.msg.PositionOrVelocityType(type=53)
1786043774027201015,1786043774.025742371,/novatel/oem7/bestvel,/novatel/oem7/bestpos,/novatel/oem7/bestvel,39.663,-75.756,33.180489114,0.003390660,-0.001396274,,,,38.495860376,novatel_oem7_msgs.msg.SolutionStatus(status=0),novatel_oem7_msgs.msg.PositionOrVelocityType(type=53)
1786043774029018107,1786043774.027407457,/novatel/oem7/inspva,/novatel/oem7/inspva,/novatel/oem7/inspva,39.663,-75.756,-1.801847649,0.003897010,-0.000964141,0.003210554,0.002208852,-0.000964141,,novatel_oem7_msgs.msg.InertialSolutionStatus(status=3),
1786043774029884646,1786043774.027689084,/novatel/oem7/fix,/novatel/oem7/fix,/novatel/oem7/inspva,39.663,-75.756,-1.801847649,0.003897010,-0.000964141,0.003210554,0.002208852,-0.000964141,,0,
1786043774031025400,1786043774.028039207,/novatel/oem7/odom,/novatel/oem7/fix,/novatel/oem7/odom,39.663,-75.756,-1.801847649,0.003901254,-0.000946820,0.002367491,0.003100769,-0.000946820,,,
1786043774035234203,1786043774.034880912,/novatel/oem7/odom,/novatel/oem7/fix,/novatel/oem7/odom,39.663,-75.756,-1.801847649,0.003901254,-0.000946820,0.002367491,0.003100769,-0.000946820,,,
1786043774045798721,1786043774.045338074,/novatel/oem7/inspva,/novatel/oem7/inspva,/novatel/oem7/inspva,39.663,-75.756,-1.801829281,0.003663089,-0.000943793,0.002684777,0.002492025,-0.000943793,,novatel_oem7_msgs.msg.InertialSolutionStatus(status=3),
1786043774046359389,1786043774.045505916,/novatel/oem7/fix,/novatel/oem7/fix,/novatel/oem7/inspva,39.663,-75.756,-1.801829281,0.003663089,-0.000943793,0.002684777,0.002492025,-0.000943793,,0,
1786043774046806906,1786043774.046078972,/novatel/oem7/odom,/novatel/oem7/fix,/novatel/oem7/odom,39.663,-75.756,-1.801829281,0.003667407,-0.000926871,0.002624440,0.002561677,-0.000926871,,,
1786043774056861459,1786043774.056501253,/novatel/oem7/odom,/novatel/oem7/fix,/novatel/oem7/odom,39.663,-75.756,-1.801829281,0.003667407,-0.000926871,0.002624440,0.002561677,-0.000926871,,,
1786043774066341761,1786043774.066073809,/novatel/oem7/inspva,/novatel/oem7/inspva,/novatel/oem7/inspva,39.663,-75.756,-1.801804878,0.003574231,-0.000840629,0.002785950,0.002239109,-0.000840629,,novatel_oem7_msgs.msg.InertialSolutionStatus(status=3),
1786043774066896146,1786043774.066218051,/novatel/oem7/fix,/novatel/oem7/fix,/novatel/oem7/inspva,39.663,-75.756,-1.801804878,0.003574231,-0.000840629,0.002785950,0.002239109,-0.000840629,,0,
1786043774067588367,1786043774.066705712,/novatel/oem7/odom,/novatel/oem7/fix,/novatel/oem7/odom,39.663,-75.756,-1.801804878,0.003578008,-0.000824406,0.002376363,0.002674891,-0.000824406,,,
1786043774074819862,1786043774.074413969,/novatel/oem7/odom,/novatel/oem7/fix,/novatel/oem7/odom,39.663,-75.756,-1.801804878,0.003578008,-0.000824406,0.002376363,0.002674891,-0.000824406,,,
1786043774085676386,1786043774.085347643,/novatel/oem7/inspva,/novatel/oem7/inspva,/novatel/oem7/inspva,39.663,-75.756,-1.801791172,0.003646085,-0.001187771,0.003019649,0.002043442,-0.001187771,,novatel_oem7_msgs.msg.InertialSolutionStatus(status=3),
1786043774086236611,1786043774.085509968,/novatel/oem7/fix,/novatel/oem7/fix,/novatel/oem7/inspva,39.663,-75.756,-1.801791172,0.003646085,-0.001187771,0.003019649,0.002043442,-0.001187771,,0,
1786043774086872570,1786043774.086148761,/novatel/oem7/odom,/novatel/oem7/fix,/novatel/oem7/odom,39.663,-75.756,-1.801791172,0.003651296,-0.001171653,0.002193772,0.002918789,-0.001171653,,,
1786043774095620586,1786043774.095287266,/novatel/oem7/odom,/novatel/oem7/fix,/novatel/oem7/odom,39.663,-75.756,-1.801791172,0.003651296,-0.001171653,0.002193772,0.002918789,-0.001171653,,,
1786043774106257881,1786043774.105800722,/novatel/oem7/inspva,/novatel/oem7/inspva,/novatel/oem7/inspva,39.663,-75.756,-1.801769082,0.003506854,-0.001208383,0.002966557,0.001870178,-0.001208383,,novatel_oem7_msgs.msg.InertialSolutionStatus(status=3),
1786043774106808855,1786043774.105937716,/novatel/oem7/fix,/novatel/oem7/fix,/novatel/oem7/inspva,39.663,-75.756,-1.801769082,0.003506854,-0.001208383,0.002966557,0.001870178,-0.001208383,,0,
1786043774107356157,1786043774.106392441,/novatel/oem7/odom,/novatel/oem7/fix,/novatel/oem7/odom,39.663,-75.756,-1.801769082,0.003512098,-0.001193057,0.002018172,0.002874337,-0.001193057,,,
1786043774110050914,1786043774.109620467,/novatel/oem7/bestpos,/novatel/oem7/bestpos,/novatel/oem7/odom,39.663,-75.756,33.180632160,0.003512098,-0.001193057,0.002018172,0.002874337,-0.001193057,,novatel_oem7_msgs.msg.SolutionStatus(status=0),novatel_oem7_msgs.msg.PositionOrVelocityType(type=53)
1786043774110805597,1786043774.110459968,/novatel/oem7/bestvel,/novatel/oem7/bestpos,/novatel/oem7/bestvel,39.663,-75.756,33.180632160,0.003590189,-0.001278749,,,,33.101215824,novatel_oem7_msgs.msg.SolutionStatus(status=0),novatel_oem7_msgs.msg.PositionOrVelocityType(type=53)
1786043774114733593,1786043774.114325317,/novatel/oem7/odom,/novatel/oem7/bestpos,/novatel/oem7/odom,39.663,-75.756,33.180632160,0.003512098,-0.001193057,0.002018172,0.002874337,-0.001193057,,,
1786043774125871150,1786043774.125569597,/novatel/oem7/inspva,/novatel/oem7/inspva,/novatel/oem7/inspva,39.663,-75.756,-1.801753873,0.003392818,-0.000892103,0.002869594,0.001810150,-0.000892103,,novatel_oem7_msgs.msg.InertialSolutionStatus(status=3),
1786043774126438335,1786043774.125750549,/novatel/oem7/fix,/novatel/oem7/fix,/novatel/oem7/inspva,39.663,-75.756,-1.801753873,0.003392818,-0.000892103,0.002869594,0.001810150,-0.000892103,,0,
1786043774127077247,1786043774.126327565,/novatel/oem7/odom,/novatel/oem7/fix,/novatel/oem7/odom,39.663,-75.756,-1.801753873,0.003396690,-0.000877244,0.001952248,0.002779610,-0.000877244,,,
1786043774135038121,1786043774.134712899,/novatel/oem7/odom,/novatel/oem7/fix,/novatel/oem7/odom,39.663,-75.756,-1.801753873,0.003396690,-0.000877244,0.001952248,0.002779610,-0.000877244,,,
1786043774145684072,1786043774.145379949,/novatel/oem7/inspva,/novatel/oem7/inspva,/novatel/oem7/inspva,39.663,-75.756,-1.801734082,0.003278073,-0.000909372,0.002743166,0.001794659,-0.000909372,,novatel_oem7_msgs.msg.InertialSolutionStatus(status=3),
1786043774146241272,1786043774.145573744,/novatel/oem7/fix,/novatel/oem7/fix,/novatel/oem7/inspva,39.663,-75.756,-1.801734082,0.003278073,-0.000909372,0.002743166,0.001794659,-0.000909372,,0,
1786043774146693904,1786043774.145956468,/novatel/oem7/odom,/novatel/oem7/fix,/novatel/oem7/odom,39.663,-75.756,-1.801734082,0.003282048,-0.000894916,0.001930617,0.002654159,-0.000894916,,,
1786043774156469690,1786043774.156132247,/novatel/oem7/odom,/novatel/oem7/fix,/novatel/oem7/odom,39.663,-75.756,-1.801734082,0.003282048,-0.000894916,0.001930617,0.002654159,-0.000894916,,,
1786043774165675345,1786043774.165346390,/novatel/oem7/inspva,/novatel/oem7/inspva,/novatel/oem7/inspva,39.663,-75.756,-1.801721812,0.003193461,-0.001056444,0.002629781,0.001811751,-0.001056444,,novatel_oem7_msgs.msg.InertialSolutionStatus(status=3),
1786043774166219545,1786043774.165533775,/novatel/oem7/fix,/novatel/oem7/fix,/novatel/oem7/inspva,39.663,-75.756,-1.801721812,0.003193461,-0.001056444,0.002629781,0.001811751,-0.001056444,,0,
1786043774166845954,1786043774.166335713,/novatel/oem7/odom,/novatel/oem7/fix,/novatel/oem7/odom,39.663,-75.756,-1.801721812,0.003198134,-0.001042211,0.001942713,0.002540458,-0.001042211,,,
1786043774175175604,1786043774.174844305,/novatel/oem7/odom,/novatel/oem7/fix,/novatel/oem7/odom,39.663,-75.756,-1.801721812,0.003198134,-0.001042211,0.001942713,0.002540458,-0.001042211,,,
1786043774185600590,1786043774.185309393,/novatel/oem7/inspva,/novatel/oem7/inspva,/novatel/oem7/inspva,39.663,-75.756,-1.801703877,0.002943397,-0.001114068,0.002283249,0.001857514,-0.001114068,,novatel_oem7_msgs.msg.InertialSolutionStatus(status=3),
1786043774186147436,1786043774.185489485,/novatel/oem7/fix,/novatel/oem7/fix,/novatel/oem7/inspva,39.663,-75.756,-1.801703877,0.002943397,-0.001114068,0.002283249,0.001857514,-0.001114068,,0,
1786043774186589894,1786043774.185913076,/novatel/oem7/odom,/novatel/oem7/fix,/novatel/oem7/odom,39.663,-75.756,-1.801703877,0.002948448,-0.001100630,0.001971645,0.002192251,-0.001100630,,,
1786043774194792807,1786043774.194394888,/novatel/oem7/odom,/novatel/oem7/fix,/novatel/oem7/odom,39.663,-75.756,-1.801703877,0.002948448,-0.001100630,0.001971645,0.002192251,-0.001100630,,,
1786043774206756296,1786043774.206468790,/novatel/oem7/inspva,/novatel/oem7/inspva,/novatel/oem7/inspva,39.663,-75.756,-1.801691985,0.002861398,-0.001005196,0.002536274,0.001324731,-0.001005196,,novatel_oem7_msgs.msg.InertialSolutionStatus(status=3),
1786043774207356024,1786043774.206641358,/novatel/oem7/fix,/novatel/oem7/fix,/novatel/oem7/inspva,39.663,-75.756,-1.801691985,0.002861398,-0.001005196,0.002536274,0.001324731,-0.001005196,,0,
1786043774207816672,1786043774.207109396,/novatel/oem7/odom,/novatel/oem7/fix,/novatel/oem7/odom,39.663,-75.756,-1.801691985,0.002865613,-0.000993117,0.001451500,0.002470807,-0.000993117,,,
1786043774210686037,1786043774.210248948,/novatel/oem7/bestpos,/novatel/oem7/bestpos,/novatel/oem7/odom,39.663,-75.756,33.180695899,0.002865613,-0.000993117,0.001451500,0.002470807,-0.000993117,,novatel_oem7_msgs.msg.SolutionStatus(status=0),novatel_oem7_msgs.msg.PositionOrVelocityType(type=53)
1786043774211299255,1786043774.210724186,/novatel/oem7/bestvel,/novatel/oem7/bestpos,/novatel/oem7/bestvel,39.663,-75.756,33.180695899,0.002584545,-0.000847479,,,,36.220128649,novatel_oem7_msgs.msg.SolutionStatus(status=0),novatel_oem7_msgs.msg.PositionOrVelocityType(type=53)
1786043774215919777,1786043774.215538501,/novatel/oem7/odom,/novatel/oem7/bestpos,/novatel/oem7/odom,39.663,-75.756,33.180695899,0.002865613,-0.000993117,0.001451500,0.002470807,-0.000993117,,,
1786043774225229983,1786043774.224946665,/novatel/oem7/inspva,/novatel/oem7/inspva,/novatel/oem7/inspva,39.663,-75.756,-1.801677193,0.002736335,-0.001114323,0.002310068,0.001466668,-0.001114323,,novatel_oem7_msgs.msg.InertialSolutionStatus(status=3),
1786043774225806105,1786043774.225114647,/novatel/oem7/fix,/novatel/oem7/fix,/novatel/oem7/inspva,39.663,-75.756,-1.801677193,0.002736335,-0.001114323,0.002310068,0.001466668,-0.001114323,,0,
1786043774226463523,1786043774.225612932,/novatel/oem7/odom,/novatel/oem7/fix,/novatel/oem7/odom,39.663,-75.756,-1.801677193,0.002741195,-0.001102312,0.001582573,0.002238217,-0.001102312,,,
1786043774234894008,1786043774.234531952,/novatel/oem7/odom,/novatel/oem7/fix,/novatel/oem7/odom,39.663,-75.756,-1.801677193,0.002741195,-0.001102312,0.001582573,0.002238217,-0.001102312,,,
1786043774246992525,1786043774.246555009,/novatel/oem7/inspva,/novatel/oem7/inspva,/novatel/oem7/inspva,39.663,-75.756,-1.801666057,0.002723949,-0.000882622,0.002280635,0.001489497,-0.000882622,,novatel_oem7_msgs.msg.InertialSolutionStatus(status=3),
1786043774247592085,1786043774.246751351,/novatel/oem7/fix,/novatel/oem7/fix,/novatel/oem7/inspva,39.663,-75.756,-1.801666057,0.002723949,-0.000882622,0.002280635,0.001489497,-0.000882622,,0,
1786043774248030810,1786043774.247119388,/novatel/oem7/odom,/novatel/oem7/fix,/novatel/oem7/odom,39.663,-75.756,-1.801666057,0.002727811,-0.000870615,0.001603020,0.002207097,-0.000870615,,,
1786043774256907042,1786043774.256566393,/novatel/oem7/odom,/novatel/oem7/fix,/novatel/oem7/odom,39.663,-75.756,-1.801666057,0.002727811,-0.000870615,0.001603020,0.002207097,-0.000870615,,,
1786043774265319602,1786043774.265046881,/novatel/oem7/inspva,/novatel/oem7/inspva,/novatel/oem7/inspva,39.663,-75.756,-1.801650631,0.002566321,-0.000816480,0.001968309,0.001646743,-0.000816480,,novatel_oem7_msgs.msg.InertialSolutionStatus(status=3),
1786043774265962503,1786043774.265213746,/novatel/oem7/fix,/novatel/oem7/fix,/novatel/oem7/inspva,39.663,-75.756,-1.801650631,0.002566321,-0.000816480,0.001968309,0.001646743,-0.000816480,,0,
1786043774266407403,1786043774.265564299,/novatel/oem7/odom,/novatel/oem7/fix,/novatel/oem7/odom,39.663,-75.756,-1.801650631,0.002570030,-0.000804726,0.001744500,0.001887267,-0.000804726,,,
1786043774275106303,1786043774.274778589,/novatel/oem7/odom,/novatel/oem7/fix,/novatel/oem7/odom,39.663,-75.756,-1.801650631,0.002570030,-0.000804726,0.001744500,0.001887267,-0.000804726,,,
1786043774285739795,1786043774.285330598,/novatel/oem7/inspva,/novatel/oem7/inspva,/novatel/oem7/inspva,39.663,-75.756,-1.801644486,0.002617536,-0.001104422,0.002133333,0.001516703,-0.001104422,,novatel_oem7_msgs.msg.InertialSolutionStatus(status=3),
1786043774286270776,1786043774.285515784,/novatel/oem7/fix,/novatel/oem7/fix,/novatel/oem7/inspva,39.663,-75.756,-1.801644486,0.002617536,-0.001104422,0.002133333,0.001516703,-0.001104422,,0,
1786043774286885165,1786043774.286126240,/novatel/oem7/odom,/novatel/oem7/fix,/novatel/oem7/odom,39.663,-75.756,-1.801644486,0.002622437,-0.001092735,0.001623849,0.002059196,-0.001092735,,,
1786043774295387856,1786043774.294938371,/novatel/oem7/odom,/novatel/oem7/fix,/novatel/oem7/odom,39.663,-75.756,-1.801644486,0.002622437,-0.001092735,0.001623849,0.002059196,-0.001092735,,,
1786043774306636969,1786043774.306065693,/novatel/oem7/inspva,/novatel/oem7/inspva,/novatel/oem7/inspva,39.663,-75.756,-1.801627707,0.002553818,-0.000890297,0.001991699,0.001598474,-0.000890297,,novatel_oem7_msgs.msg.InertialSolutionStatus(status=3),
1786043774307980936,1786043774.306220498,/novatel/oem7/fix,/novatel/oem7/fix,/novatel/oem7/inspva,39.663,-75.756,-1.801627707,0.002553818,-0.000890297,0.001991699,0.001598474,-0.000890297,,0,
1786043774309002460,1786043774.306702300,/novatel/oem7/odom,/novatel/oem7/fix,/novatel/oem7/odom,39.663,-75.756,-1.801627707,0.002557835,-0.000878689,0.001697734,0.001913170,-0.000878689,,,
1786043774310455444,1786043774.309625562,/novatel/oem7/bestpos,/novatel/oem7/bestpos,/novatel/oem7/odom,39.663,-75.756,33.180756797,0.002557835,-0.000878689,0.001697734,0.001913170,-0.000878689,,novatel_oem7_msgs.msg.SolutionStatus(status=0),novatel_oem7_msgs.msg.PositionOrVelocityType(type=53)
1786043774311814281,1786043774.310310636,/novatel/oem7/bestvel,/novatel/oem7/bestpos,/novatel/oem7/bestvel,39.663,-75.756,33.180756797,0.002554430,-0.000890613,,,,38.657618839,novatel_oem7_msgs.msg.SolutionStatus(status=0),novatel_oem7_msgs.msg.PositionOrVelocityType(type=53)
1786043774315283699,1786043774.314636892,/novatel/oem7/odom,/novatel/oem7/bestpos,/novatel/oem7/odom,39.663,-75.756,33.180756797,0.002557835,-0.000878689,0.001697734,0.001913170,-0.000878689,,,
1786043774325704490,1786043774.325202332,/novatel/oem7/inspva,/novatel/oem7/inspva,/novatel/oem7/inspva,39.663,-75.756,-1.801615349,0.002328221,-0.000664627,0.001916319,0.001322246,-0.000664627,,novatel_oem7_msgs.msg.InertialSolutionStatus(status=3),
1786043774326981153,1786043774.325347414,/novatel/oem7/fix,/novatel/oem7/fix,/novatel/oem7/inspva,39.663,-75.756,-1.801615349,0.002328221,-0.000664627,0.001916319,0.001322246,-0.000664627,,0,
1786043774327993677,1786043774.325743208,/novatel/oem7/odom,/novatel/oem7/fix,/novatel/oem7/odom,39.663,-75.756,-1.801615349,0.002331154,-0.000654265,0.001417254,0.001850856,-0.000654265,,,
1786043774336078158,1786043774.335434261,/novatel/oem7/odom,/novatel/oem7/fix,/novatel/oem7/odom,39.663,-75.756,-1.801615349,0.002331154,-0.000654265,0.001417254,0.001850856,-0.000654265,,,
1786043774345480202,1786043774.344970621,/novatel/oem7/inspva,/novatel/oem7/inspva,/novatel/oem7/inspva,39.663,-75.756,-1.801599812,0.002596860,-0.000736802,0.002194761,0.001388059,-0.000736802,,novatel_oem7_msgs.msg.InertialSolutionStatus(status=3),
1786043774346762709,1786043774.345114422,/novatel/oem7/fix,/novatel/oem7/fix,/novatel/oem7/inspva,39.663,-75.756,-1.801599812,0.002596860,-0.000736802,0.002194761,0.001388059,-0.000736802,,0,
1786043774347822666,1786043774.345538437,/novatel/oem7/odom,/novatel/oem7/fix,/novatel/oem7/odom,39.663,-75.756,-1.801599812,0.002600056,-0.000725445,0.001496921,0.002125916,-0.000725445,,,
1786043774356299968,1786043774.355669481,/novatel/oem7/odom,/novatel/oem7/fix,/novatel/oem7/odom,39.663,-75.756,-1.801599812,0.002600056,-0.000725445,0.001496921,0.002125916,-0.000725445,,,
1786043774367511620,1786043774.366996145,/novatel/oem7/inspva,/novatel/oem7/inspva,/novatel/oem7/inspva,39.663,-75.756,-1.801590280,0.002648717,-0.000775603,0.002369321,0.001184068,-0.000775603,,novatel_oem7_msgs.msg.InertialSolutionStatus(status=3),
1786043774368795687,1786043774.367135447,/novatel/oem7/fix,/novatel/oem7/fix,/novatel/oem7/inspva,39.663,-75.756,-1.801590280,0.002648717,-0.000775603,0.002369321,0.001184068,-0.000775603,,0,
1786043774369812867,1786043774.367479590,/novatel/oem7/odom,/novatel/oem7/fix,/novatel/oem7/odom,39.663,-75.756,-1.801590280,0.002651930,-0.000764545,0.001301875,0.002310380,-0.000764545,,,
1786043774374963239,1786043774.374590782,/novatel/oem7/odom,/novatel/oem7/fix,/novatel/oem7/odom,39.663,-75.756,-1.801590280,0.002651930,-0.000764545,0.001301875,0.002310380,-0.000764545,,,
1786043774385252248,1786043774.385000479,/novatel/oem7/inspva,/novatel/oem7/inspva,/novatel/oem7/inspva,39.663,-75.756,-1.801574989,0.002715253,-0.000804439,0.002359257,0.001344063,-0.000804439,,novatel_oem7_msgs.msg.InertialSolutionStatus(status=3),
1786043774385785912,1786043774.385139251,/novatel/oem7/fix,/novatel/oem7/fix,/novatel/oem7/inspva,39.663,-75.756,-1.801574989,0.002715253,-0.000804439,0.002359257,0.001344063,-0.000804439,,0,
1786043774386208881,1786043774.385507154,/novatel/oem7/odom,/novatel/oem7/fix,/novatel/oem7/odom,39.663,-75.756,-1.801574989,0.002718670,-0.000792814,0.001461300,0.002292547,-0.000792814,,,
1786043774395804732,1786043774.395483921,/novatel/oem7/odom,/novatel/oem7/fix,/novatel/oem7/odom,39.663,-75.756,-1.801574989,0.002718670,-0.000792814,0.001461300,0.002292547,-0.000792814,,,
1786043774406976427,1786043774.406476995,/novatel/oem7/inspva,/novatel/oem7/inspva,/novatel/oem7/inspva,39.663,-75.756,-1.801566293,0.002469472,-0.000702024,0.002189312,0.001142454,-0.000702024,,novatel_oem7_msgs.msg.InertialSolutionStatus(status=3),
1786043774407830975,1786043774.406637663,/novatel/oem7/fix,/novatel/oem7/fix,/novatel/oem7/inspva,39.663,-75.756,-1.801566293,0.002469472,-0.000702024,0.002189312,0.001142454,-0.000702024,,0,
1786043774408250839,1786043774.407068245,/novatel/oem7/odom,/novatel/oem7/fix,/novatel/oem7/odom,39.663,-75.756,-1.801566293,0.002472407,-0.000691616,0.001251191,0.002132443,-0.000691616,,,
1786043774410182136,1786043774.409871516,/novatel/oem7/bestpos,/novatel/oem7/bestpos,/novatel/oem7/odom,39.663,-75.756,33.180812704,0.002472407,-0.000691616,0.001251191,0.002132443,-0.000691616,,novatel_oem7_msgs.msg.SolutionStatus(status=0),novatel_oem7_msgs.msg.PositionOrVelocityType(type=53)
1786043774410761130,1786043774.410248457,/novatel/oem7/bestvel,/novatel/oem7/bestpos,/novatel/oem7/bestvel,39.663,-75.756,33.180812704,0.002862856,-0.001056828,,,,36.885641708,novatel_oem7_msgs.msg.SolutionStatus(status=0),novatel_oem7_msgs.msg.PositionOrVelocityType(type=53)
1786043774415128080,1786043774.414820769,/novatel/oem7/odom,/novatel/oem7/bestpos,/novatel/oem7/odom,39.663,-75.756,33.180812704,0.002472407,-0.000691616,0.001251191,0.002132443,-0.000691616,,,
1786043774426468725,1786043774.426011858,/novatel/oem7/inspva,/novatel/oem7/inspva,/novatel/oem7/inspva,39.663,-75.756,-1.801554195,0.002650887,-0.000929701,0.002238348,0.001420210,-0.000929701,,novatel_oem7_msgs.msg.InertialSolutionStatus(status=3),
1786043774426995249,1786043774.426150386,/novatel/oem7/fix,/novatel/oem7/fix,/novatel/oem7/inspva,39.663,-75.756,-1.801554195,0.002650887,-0.000929701,0.002238348,0.001420210,-0.000929701,,0,
1786043774427473100,1786043774.426601294,/novatel/oem7/odom,/novatel/oem7/fix,/novatel/oem7/odom,39.663,-75.756,-1.801554195,0.002654923,-0.000918112,0.001531898,0.002168387,-0.000918112,,,
1786043774434842931,1786043774.434494150,/novatel/oem7/odom,/novatel/oem7/fix,/novatel/oem7/odom,39.663,-75.756,-1.801554195,0.002654923,-0.000918112,0.001531898,0.002168387,-0.000918112,,,
1786043774445610128,1786043774.445272218,/novatel/oem7/inspva,/novatel/oem7/inspva,/novatel/oem7/inspva,39.663,-75.756,-1.801546718,0.002237007,-0.000919634,0.002095141,0.000783953,-0.000919634,,novatel_oem7_msgs.msg.InertialSolutionStatus(status=3),
1786043774446148659,1786043774.445413433,/novatel/oem7/fix,/novatel/oem7/fix,/novatel/oem7/inspva,39.663,-75.756,-1.801546718,0.002237007,-0.000919634,0.002095141,0.000783953,-0.000919634,,0,
1786043774446588899,1786043774.445892168,/novatel/oem7/odom,/novatel/oem7/fix,/novatel/oem7/odom,39.663,-75.756,-1.801546718,0.002240593,-0.000910860,0.000889331,0.002056538,-0.000910860,,,
1786043774456605077,1786043774.456284352,/novatel/oem7/odom,/novatel/oem7/fix,/novatel/oem7/odom,39.663,-75.756,-1.801546718,0.002240593,-0.000910860,0.000889331,0.002056538,-0.000910860,,,
1786043774465257863,1786043774.464959949,/novatel/oem7/inspva,/novatel/oem7/inspva,/novatel/oem7/inspva,39.663,-75.756,-1.801535941,0.002521275,-0.001043573,0.002230191,0.001176042,-0.001043573,,novatel_oem7_msgs.msg.InertialSolutionStatus(status=3),
1786043774465792403,1786043774.465118048,/novatel/oem7/fix,/novatel/oem7/fix,/novatel/oem7/inspva,39.663,-75.756,-1.801535941,0.002521275,-0.001043573,0.002230191,0.001176042,-0.001043573,,0,
1786043774466210801,1786043774.465559275,/novatel/oem7/odom,/novatel/oem7/fix,/novatel/oem7/odom,39.663,-75.756,-1.801535941,0.002525659,-0.001032918,0.001288065,0.002172520,-0.001032918,,,
1786043774474762959,1786043774.474376901,/novatel/oem7/odom,/novatel/oem7/fix,/novatel/oem7/odom,39.663,-75.756,-1.801535941,0.002525659,-0.001032918,0.001288065,0.002172520,-0.001032918,,,
1786043774486822965,1786043774.486557446,/novatel/oem7/inspva,/novatel/oem7/inspva,/novatel/oem7/inspva,39.663,-75.756,-1.801531933,0.002772842,-0.000981260,0.002585401,0.001002173,-0.000981260,,novatel_oem7_msgs.msg.InertialSolutionStatus(status=3),
1786043774487410276,1786043774.486691804,/novatel/oem7/fix,/novatel/oem7/fix,/novatel/oem7/inspva,39.663,-75.756,-1.801531933,0.002772842,-0.000981260,0.002585401,0.001002173,-0.000981260,,0,
1786043774487851999,1786043774.487101922,/novatel/oem7/odom,/novatel/oem7/fix,/novatel/oem7/odom,39.663,-75.756,-1.801531933,0.002776706,-0.000970272,0.001131565,0.002535676,-0.000970272,,,
1786043774495002866,1786043774.494667945,/novatel/oem7/odom,/novatel/oem7/fix,/novatel/oem7/odom,39.663,-75.756,-1.801531933,0.002776706,-0.000970272,0.001131565,0.002535676,-0.000970272,,,
1786043774506271967,1786043774.505992832,/novatel/oem7/inspva,/novatel/oem7/inspva,/novatel/oem7/inspva,39.663,-75.756,-1.801525656,0.002715486,-0.001302904,0.002500470,0.001059015,-0.001302904,,novatel_oem7_msgs.msg.InertialSolutionStatus(status=3),
1786043774506813764,1786043774.506171570,/novatel/oem7/fix,/novatel/oem7/fix,/novatel/oem7/inspva,39.663,-75.756,-1.801525656,0.002715486,-0.001302904,0.002500470,0.001059015,-0.001302904,,0,
1786043774507294863,1786043774.506549510,/novatel/oem7/odom,/novatel/oem7/fix,/novatel/oem7/odom,39.663,-75.756,-1.801525656,0.002720719,-0.001291940,0.001185436,0.002448889,-0.001291940,,,
1786043774511582409,1786043774.511250871,/novatel/oem7/bestpos,/novatel/oem7/bestpos,/novatel/oem7/odom,39.663,-75.756,33.180846256,0.002720719,-0.001291940,0.001185436,0.002448889,-0.001291940,,novatel_oem7_msgs.msg.SolutionStatus(status=0),novatel_oem7_msgs.msg.PositionOrVelocityType(type=53)
1786043774512494198,1786043774.512197887,/novatel/oem7/bestvel,/novatel/oem7/bestpos,/novatel/oem7/bestvel,39.663,-75.756,33.180846256,0.002736088,-0.001345711,,,,25.455845004,novatel_oem7_msgs.msg.SolutionStatus(status=0),novatel_oem7_msgs.msg.PositionOrVelocityType(type=53)
1786043774515771681,1786043774.515458517,/novatel/oem7/odom,/novatel/oem7/bestpos,/novatel/oem7/odom,39.663,-75.756,33.180846256,0.002720719,-0.001291940,0.001185436,0.002448889,-0.001291940,,,
1786043774525661153,1786043774.525192661,/novatel/oem7/inspva,/novatel/oem7/inspva,/novatel/oem7/inspva,39.663,-75.756,-1.801523931,0.002474108,-0.001117362,0.002181682,0.001166823,-0.001117362,,novatel_oem7_msgs.msg.InertialSolutionStatus(status=3),
1786043774526196649,1786043774.525356333,/novatel/oem7/fix,/novatel/oem7/fix,/novatel/oem7/inspva,39.663,-75.756,-1.801523931,0.002474108,-0.001117362,0.002181682,0.001166823,-0.001117362,,0,
1786043774526647375,1786043774.525958822,/novatel/oem7/odom,/novatel/oem7/fix,/novatel/oem7/odom,39.663,-75.756,-1.801523931,0.002478816,-0.001106879,0.001276761,0.002124714,-0.001106879,,,
1786043774535553130,1786043774.535176972,/novatel/oem7/odom,/novatel/oem7/fix,/novatel/oem7/odom,39.663,-75.756,-1.801523931,0.002478816,-0.001106879,0.001276761,0.002124714,-0.001106879,,,
1786043774546548959,1786043774.546010610,/novatel/oem7/inspva,/novatel/oem7/inspva,/novatel/oem7/inspva,39.663,-75.756,-1.801517709,0.002602758,-0.001101506,0.002268141,0.001276669,-0.001101506,,novatel_oem7_msgs.msg.InertialSolutionStatus(status=3),
1786043774547559310,1786043774.546185602,/novatel/oem7/fix,/novatel/oem7/fix,/novatel/oem7/inspva,39.663,-75.756,-1.801517709,0.002602758,-0.001101506,0.002268141,0.001276669,-0.001101506,,0,
1786043774547996873,1786043774.546657203,/novatel/oem7/odom,/novatel/oem7/fix,/novatel/oem7/odom,39.663,-75.756,-1.801517709,0.002607442,-0.001090374,0.001390647,0.002205641,-0.001090374,,,
1786043774556032283,1786043774.555714478,/novatel/oem7/odom,/novatel/oem7/fix,/novatel/oem7/odom,39.663,-75.756,-1.801517709,0.002607442,-0.001090374,0.001390647,0.002205641,-0.001090374,,,
1786043774565691392,1786043774.565211519,/novatel/oem7/inspva,/novatel/oem7/inspva,/novatel/oem7/inspva,39.663,-75.756,-1.801517321,0.002677220,-0.001285557,0.002285765,0.001393839,-0.001285557,,novatel_oem7_msgs.msg.InertialSolutionStatus(status=3),
1786043774566227162,1786043774.565382968,/novatel/oem7/fix,/novatel/oem7/fix,/novatel/oem7/inspva,39.663,-75.756,-1.801517321,0.002677220,-0.001285557,0.002285765,0.001393839,-0.001285557,,0,
1786043774566661895,1786043774.565734342,/novatel/oem7/odom,/novatel/oem7/fix,/novatel/oem7/odom,39.663,-75.756,-1.801517321,0.002682773,-0.001273928,0.001509235,0.002217991,-0.001273928,,,
1786043774575875015,1786043774.575560913,/novatel/oem7/odom,/novatel/oem7/fix,/novatel/oem7/odom,39.663,-75.756,-1.801517321,0.002682773,-0.001273928,0.001509235,0.002217991,-0.001273928,,,
1786043774585556057,1786043774.585276051,/novatel/oem7/inspva,/novatel/oem7/inspva,/novatel/oem7/inspva,39.663,-75.756,-1.801506544,0.002375774,-0.001088806,0.002147264,0.001016642,-0.001088806,,novatel_oem7_msgs.msg.InertialSolutionStatus(status=3),
1786043774586091362,1786043774.585460023,/novatel/oem7/fix,/novatel/oem7/fix,/novatel/oem7/inspva,39.663,-75.756,-1.801506544,0.002375774,-0.001088806,0.002147264,0.001016642,-0.001088806,,0,
1786043774586534512,1786043774.585840940,/novatel/oem7/odom,/novatel/oem7/fix,/novatel/oem7/odom,39.663,-75.756,-1.801506544,0.002380243,-0.001079002,0.001124952,0.002097627,-0.001079002,,,
1786043774594907207,1786043774.594487597,/novatel/oem7/odom,/novatel/oem7/fix,/novatel/oem7/odom,39.663,-75.756,-1.801506544,0.002380243,-0.001079002,0.001124952,0.002097627,-0.001079002,,,
1786043774606840798,1786043774.606321902,/novatel/oem7/inspva,/novatel/oem7/inspva,/novatel/oem7/inspva,39.663,-75.756,-1.801504904,0.003024121,-0.001102296,0.002596442,0.001550418,-0.001102296,,novatel_oem7_msgs.msg.InertialSolutionStatus(status=3),
1786043774607677215,1786043774.606501218,/novatel/oem7/fix,/novatel/oem7/fix,/novatel/oem7/inspva,39.663,-75.756,-1.801504904,0.003024121,-0.001102296,0.002596442,0.001550418,-0.001102296,,0,
1786043774608113860,1786043774.606940619,/novatel/oem7/odom,/novatel/oem7/fix,/novatel/oem7/odom,39.663,-75.756,-1.801504904,0.003028860,-0.001089206,0.001680157,0.002520131,-0.001089206,,,
1786043774610812744,1786043774.610312579,/novatel/oem7/bestpos,/novatel/oem7/bestpos,/novatel/oem7/odom,39.663,-75.756,33.180862736,0.003028860,-0.001089206,0.001680157,0.002520131,-0.001089206,,novatel_oem7_msgs.msg.SolutionStatus(status=0),novatel_oem7_msgs.msg.PositionOrVelocityType(type=53)
1786043774611405837,1786043774.610798171,/novatel/oem7/bestvel,/novatel/oem7/bestpos,/novatel/oem7/bestvel,39.663,-75.756,33.180862736,0.003228980,-0.001249223,,,,29.758644925,novatel_oem7_msgs.msg.SolutionStatus(status=0),novatel_oem7_msgs.msg.PositionOrVelocityType(type=53)
1786043774615057544,1786043774.614731931,/novatel/oem7/odom,/novatel/oem7/bestpos,/novatel/oem7/odom,39.663,-75.756,33.180862736,0.003028860,-0.001089206,0.001680157,0.002520131,-0.001089206,,,
1786043774625559444,1786043774.625230946,/novatel/oem7/inspva,/novatel/oem7/inspva,/novatel/oem7/inspva,39.663,-75.756,-1.801495575,0.002708015,-0.001004196,0.002406447,0.001241915,-0.001004196,,novatel_oem7_msgs.msg.InertialSolutionStatus(status=3),
1786043774626102142,1786043774.625400178,/novatel/oem7/fix,/novatel/oem7/fix,/novatel/oem7/inspva,39.663,-75.756,-1.801495575,0.002708015,-0.001004196,0.002406447,0.001241915,-0.001004196,,0,
1786043774626548355,1786043774.625859242,/novatel/oem7/odom,/novatel/oem7/fix,/novatel/oem7/odom,39.663,-75.756,-1.801495575,0.002712198,-0.000992842,0.001362332,0.002345222,-0.000992842,,,
1786043774635997809,1786043774.635536593,/novatel/oem7/odom,/novatel/oem7/fix,/novatel/oem7/odom,39.663,-75.756,-1.801495575,0.002712198,-0.000992842,0.001362332,0.002345222,-0.000992842,,,
1786043774645706186,1786043774.645439825,/novatel/oem7/inspva,/novatel/oem7/inspva,/novatel/oem7/inspva,39.663,-75.756,-1.801497305,0.003080488,-0.001436567,0.002532265,0.001754150,-0.001436567,,novatel_oem7_msgs.msg.InertialSolutionStatus(status=3),
1786043774646247665,1786043774.645600744,/novatel/oem7/fix,/novatel/oem7/fix,/novatel/oem7/inspva,39.663,-75.756,-1.801497305,0.003080488,-0.001436567,0.002532265,0.001754150,-0.001436567,,0,
1786043774646871514,1786043774.646241510,/novatel/oem7/odom,/novatel/oem7/fix,/novatel/oem7/odom,39.663,-75.756,-1.801497305,0.003086811,-0.001422931,0.001881797,0.002446884,-0.001422931,,,
1786043774656851508,1786043774.656516550,/novatel/oem7/odom,/novatel/oem7/fix,/novatel/oem7/odom,39.663,-75.756,-1.801497305,0.003086811,-0.001422931,0.001881797,0.002446884,-0.001422931,,,
1786043774666502307,1786043774.666136330,/novatel/oem7/inspva,/novatel/oem7/inspva,/novatel/oem7/inspva,39.663,-75.756,-1.801488948,0.002567771,-0.001112937,0.002123780,0.001443263,-0.001112937,,novatel_oem7_msgs.msg.InertialSolutionStatus(status=3),
1786043774667059907,1786043774.666312625,/novatel/oem7/fix,/novatel/oem7/fix,/novatel/oem7/inspva,39.663,-75.756,-1.801488948,0.002567771,-0.001112937,0.002123780,0.001443263,-0.001112937,,0,
1786043774667568639,1786043774.666752199,/novatel/oem7/odom,/novatel/oem7/fix,/novatel/oem7/odom,39.663,-75.756,-1.801488948,0.002572649,-0.001101614,0.001550000,0.002053295,-0.001101614,,,
1786043774675147667,1786043774.674829194,/novatel/oem7/odom,/novatel/oem7/fix,/novatel/oem7/odom,39.663,-75.756,-1.801488948,0.002572649,-0.001101614,0.001550000,0.002053295,-0.001101614,,,
1786043774685779670,1786043774.685329063,/novatel/oem7/inspva,/novatel/oem7/inspva,/novatel/oem7/inspva,39.663,-75.756,-1.801491186,0.003195716,-0.001170153,0.002652368,0.001782568,-0.001170153,,novatel_oem7_msgs.msg.InertialSolutionStatus(status=3),
1786043774686323192,1786043774.685528042,/novatel/oem7/fix,/novatel/oem7/fix,/novatel/oem7/inspva,39.663,-75.756,-1.801491186,0.003195716,-0.001170153,0.002652368,0.001782568,-0.001170153,,0,
1786043774686766190,1786043774.686074824,/novatel/oem7/odom,/novatel/oem7/fix,/novatel/oem7/odom,39.663,-75.756,-1.801491186,0.003200845,-0.001156049,0.001915053,0.002564757,-0.001156049,,,
1786043774695939843,1786043774.695621859,/novatel/oem7/odom,/novatel/oem7/fix,/novatel/oem7/odom,39.663,-75.756,-1.801491186,0.003200845,-0.001156049,0.001915053,0.002564757,-0.001156049,,,
1786043774706202711,1786043774.705938367,/novatel/oem7/inspva,/novatel/oem7/inspva,/novatel/oem7/inspva,39.663,-75.756,-1.801488138,0.002532921,-0.001311291,0.002110098,0.001401133,-0.001311291,,novatel_oem7_msgs.msg.InertialSolutionStatus(status=3),
1786043774706764569,1786043774.706114225,/novatel/oem7/fix,/novatel/oem7/fix,/novatel/oem7/inspva,39.663,-75.756,-1.801488138,0.002532921,-0.001311291,0.002110098,0.001401133,-0.001311291,,0,
1786043774707460054,1786043774.706576259,/novatel/oem7/odom,/novatel/oem7/fix,/novatel/oem7/odom,39.663,-75.756,-1.801488138,0.002538663,-0.001300139,0.001508017,0.002042228,-0.001300139,,,
1786043774710164632,1786043774.709542946,/novatel/oem7/bestpos,/novatel/oem7/bestpos,/novatel/oem7/odom,39.663,-75.756,33.180878839,0.002538663,-0.001300139,0.001508017,0.002042228,-0.001300139,,novatel_oem7_msgs.msg.SolutionStatus(status=0),novatel_oem7_msgs.msg.PositionOrVelocityType(type=53)
1786043774711700035,1786043774.710190886,/novatel/oem7/bestvel,/novatel/oem7/bestpos,/novatel/oem7/bestvel,39.663,-75.756,33.180878839,0.002421506,-0.001219553,,,,32.336908666,novatel_oem7_msgs.msg.SolutionStatus(status=0),novatel_oem7_msgs.msg.PositionOrVelocityType(type=53)
1786043774715169489,1786043774.714525899,/novatel/oem7/odom,/novatel/oem7/bestpos,/novatel/oem7/odom,39.663,-75.756,33.180878839,0.002538663,-0.001300139,0.001508017,0.002042228,-0.001300139,,,
1786043774727304454,1786043774.726748299,/novatel/oem7/inspva,/novatel/oem7/inspva,/novatel/oem7/inspva,39.663,-75.756,-1.801486825,0.003101845,-0.000926735,0.002623726,0.001654542,-0.000926735,,novatel_oem7_msgs.msg.InertialSolutionStatus(status=3),
1786043774728704862,1786043774.726947308,/novatel/oem7/fix,/novatel/oem7/fix,/novatel/oem7/inspva,39.663,-75.756,-1.801486825,0.003101845,-0.000926735,0.002623726,0.001654542,-0.000926735,,0,
1786043774729796963,1786043774.727248884,/novatel/oem7/odom,/novatel/oem7/fix,/novatel/oem7/odom,39.663,-75.756,-1.801486825,0.003105846,-0.000913238,0.001784780,0.002541818,-0.000913238,,,
1786043774735780143,1786043774.735060859,/novatel/oem7/odom,/novatel/oem7/fix,/novatel/oem7/odom,39.663,-75.756,-1.801486825,0.003105846,-0.000913238,0.001784780,0.002541818,-0.000913238,,,
1786043774745535111,1786043774.744974342,/novatel/oem7/inspva,/novatel/oem7/inspva,/novatel/oem7/inspva,39.663,-75.756,-1.801483405,0.002627446,-0.000937353,0.002240283,0.001372810,-0.000937353,,novatel_oem7_msgs.msg.InertialSolutionStatus(status=3),
1786043774746853574,1786043774.745143437,/novatel/oem7/fix,/novatel/oem7/fix,/novatel/oem7/inspva,39.663,-75.756,-1.801483405,0.002627446,-0.000937353,0.002240283,0.001372810,-0.000937353,,0,
1786043774747936509,1786043774.745494357,/novatel/oem7/odom,/novatel/oem7/fix,/novatel/oem7/odom,39.663,-75.756,-1.801483405,0.002631478,-0.000925974,0.001484643,0.002172674,-0.000925974,,,
1786043774756203008,1786043774.755549595,/novatel/oem7/odom,/novatel/oem7/fix,/novatel/oem7/odom,39.663,-75.756,-1.801483405,0.002631478,-0.000925974,0.001484643,0.002172674,-0.000925974,,,
1786043774765831358,1786043774.765255883,/novatel/oem7/inspva,/novatel/oem7/inspva,/novatel/oem7/inspva,39.663,-75.756,-1.801486440,0.003068128,-0.001074467,0.002510256,0.001764093,-0.001074467,,novatel_oem7_msgs.msg.InertialSolutionStatus(status=3),
1786043774767192342,1786043774.765444538,/novatel/oem7/fix,/novatel/oem7/fix,/novatel/oem7/inspva,39.663,-75.756,-1.801486440,0.003068128,-0.001074467,0.002510256,0.001764093,-0.001074467,,0,
1786043774768271746,1786043774.766020613,/novatel/oem7/odom,/novatel/oem7/fix,/novatel/oem7/odom,39.663,-75.756,-1.801486440,0.003072861,-0.001060856,0.001889211,0.002423501,-0.001060856,,,
1786043774775282523,1786043774.774607993,/novatel/oem7/odom,/novatel/oem7/fix,/novatel/oem7/odom,39.663,-75.756,-1.801486440,0.003072861,-0.001060856,0.001889211,0.002423501,-0.001060856,,,
1786043774786524683,1786043774.785952764,/novatel/oem7/inspva,/novatel/oem7/inspva,/novatel/oem7/inspva,39.663,-75.756,-1.801483990,0.002486338,-0.001022039,0.002028036,0.001438384,-0.001022039,,novatel_oem7_msgs.msg.InertialSolutionStatus(status=3),
1786043774787884343,1786043774.786102865,/novatel/oem7/fix,/novatel/oem7/fix,/novatel/oem7/inspva,39.663,-75.756,-1.801483990,0.002486338,-0.001022039,0.002028036,0.001438384,-0.001022039,,0,
1786043774788949797,1786043774.786548603,/novatel/oem7/odom,/novatel/oem7/fix,/novatel/oem7/odom,39.663,-75.756,-1.801483990,0.002490860,-0.001010968,0.001540052,0.001957709,-0.001010968,,,
1786043774795263994,1786043774.794611761,/novatel/oem7/odom,/novatel/oem7/fix,/novatel/oem7/odom,39.663,-75.756,-1.801483990,0.002490860,-0.001010968,0.001540052,0.001957709,-0.001010968,,,
1786043774807033189,1786043774.806491113,/novatel/oem7/inspva,/novatel/oem7/inspva,/novatel/oem7/inspva,39.663,-75.756,-1.801489355,0.002776730,-0.001066401,0.002161858,0.001742584,-0.001066401,,novatel_oem7_msgs.msg.InertialSolutionStatus(status=3),
1786043774808455583,1786043774.806633171,/novatel/oem7/fix,/novatel/oem7/fix,/novatel/oem7/inspva,39.663,-75.756,-1.801489355,0.002776730,-0.001066401,0.002161858,0.001742584,-0.001066401,,0,
1786043774809529140,1786043774.807105579,/novatel/oem7/odom,/novatel/oem7/fix,/novatel/oem7/odom,39.663,-75.756,-1.801489355,0.002781529,-0.001053819,0.001850620,0.002076562,-0.001053819,,,
1786043774811051089,1786043774.810211521,/novatel/oem7/bestpos,/novatel/oem7/bestpos,/novatel/oem7/odom,39.663,-75.756,33.180873410,0.002781529,-0.001053819,0.001850620,0.002076562,-0.001053819,,novatel_oem7_msgs.msg.SolutionStatus(status=0),novatel_oem7_msgs.msg.PositionOrVelocityType(type=53)
1786043774812511427,1786043774.810580064,/novatel/oem7/bestvel,/novatel/oem7/bestpos,/novatel/oem7/bestvel,39.663,-75.756,33.180873410,0.002684755,-0.000969781,,,,32.222348695,novatel_oem7_msgs.msg.SolutionStatus(status=0),novatel_oem7_msgs.msg.PositionOrVelocityType(type=53)
1786043774816175460,1786043774.815521751,/novatel/oem7/odom,/novatel/oem7/bestpos,/novatel/oem7/odom,39.663,-75.756,33.180873410,0.002781529,-0.001053819,0.001850620,0.002076562,-0.001053819,,,
1786043774825632612,1786043774.825048426,/novatel/oem7/inspva,/novatel/oem7/inspva,/novatel/oem7/inspva,39.663,-75.756,-1.801490424,0.002311779,-0.000986297,0.002030053,0.001105987,-0.000986297,,novatel_oem7_msgs.msg.InertialSolutionStatus(status=3),
1786043774826979946,1786043774.825182428,/novatel/oem7/fix,/novatel/oem7/fix,/novatel/oem7/inspva,39.663,-75.756,-1.801490424,0.002311779,-0.000986297,0.002030053,0.001105987,-0.000986297,,0,
1786043774828047543,1786043774.825626459,/novatel/oem7/odom,/novatel/oem7/fix,/novatel/oem7/odom,39.663,-75.756,-1.801490424,0.002315934,-0.000976502,0.001208015,0.001975917,-0.000976502,,,
1786043774835028697,1786043774.834308613,/novatel/oem7/odom,/novatel/oem7/fix,/novatel/oem7/odom,39.663,-75.756,-1.801490424,0.002315934,-0.000976502,0.001208015,0.001975917,-0.000976502,,,
1786043774847139728,1786043774.846533139,/novatel/oem7/inspva,/novatel/oem7/inspva,/novatel/oem7/inspva,39.663,-75.756,-1.801500187,0.002518195,-0.001415214,0.002109797,0.001374796,-0.001415214,,novatel_oem7_msgs.msg.InertialSolutionStatus(status=3),
1786043774848524025,1786043774.846698307,/novatel/oem7/fix,/novatel/oem7/fix,/novatel/oem7/inspva,39.663,-75.756,-1.801500187,0.002518195,-0.001415214,0.002109797,0.001374796,-0.001415214,,0,
1786043774849563116,1786043774.847212352,/novatel/oem7/odom,/novatel/oem7/fix,/novatel/oem7/odom,39.663,-75.756,-1.801500187,0.002524372,-0.001404166,0.001482061,0.002043513,-0.001404166,,,
1786043774856979604,1786043774.856310237,/novatel/oem7/odom,/novatel/oem7/fix,/novatel/oem7/odom,39.663,-75.756,-1.801500187,0.002524372,-0.001404166,0.001482061,0.002043513,-0.001404166,,,
1786043774865555296,1786043774.864978737,/novatel/oem7/inspva,/novatel/oem7/inspva,/novatel/oem7/inspva,39.663,-75.756,-1.801495223,0.002296754,-0.000873145,0.001934703,0.001237742,-0.000873145,,novatel_oem7_msgs.msg.InertialSolutionStatus(status=3),
1786043774866887383,1786043774.865145219,/novatel/oem7/fix,/novatel/oem7/fix,/novatel/oem7/inspva,39.663,-75.756,-1.801495223,0.002296754,-0.000873145,0.001934703,0.001237742,-0.000873145,,0,
1786043774867946247,1786043774.865604361,/novatel/oem7/odom,/novatel/oem7/fix,/novatel/oem7/odom,39.663,-75.756,-1.801495223,0.002300537,-0.000863129,0.001334480,0.001873936,-0.000863129,,,
1786043774875998615,1786043774.875358032,/novatel/oem7/odom,/novatel/oem7/fix,/novatel/oem7/odom,39.663,-75.756,-1.801495223,0.002300537,-0.000863129,0.001334480,0.001873936,-0.000863129,,,
1786043774886895518,1786043774.886362719,/novatel/oem7/inspva,/novatel/oem7/inspva,/novatel/oem7/inspva,39.663,-75.756,-1.801500528,0.002344329,-0.000762703,0.001544462,0.001763665,-0.000762703,,novatel_oem7_msgs.msg.InertialSolutionStatus(status=3),
1786043774888270418,1786043774.886530984,/novatel/oem7/fix,/novatel/oem7/fix,/novatel/oem7/inspva,39.663,-75.756,-1.801500528,0.002344329,-0.000762703,0.001544462,0.001763665,-0.000762703,,0,
1786043774889302062,1786043774.886959105,/novatel/oem7/odom,/novatel/oem7/fix,/novatel/oem7/odom,39.663,-75.756,-1.801500528,0.002347864,-0.000751750,0.001840230,0.001458087,-0.000751750,,,
1786043774895157451,1786043774.894483967,/novatel/oem7/odom,/novatel/oem7/fix,/novatel/oem7/odom,39.663,-75.756,-1.801500528,0.002347864,-0.000751750,0.001840230,0.001458087,-0.000751750,,,
1786043774906533268,1786043774.905969596,/novatel/oem7/inspva,/novatel/oem7/inspva,/novatel/oem7/inspva,39.663,-75.756,-1.801498923,0.002334567,-0.000751969,0.001701448,0.001598523,-0.000751969,,novatel_oem7_msgs.msg.InertialSolutionStatus(status=3),
1786043774907903899,1786043774.906129548,/novatel/oem7/fix,/novatel/oem7/fix,/novatel/oem7/inspva,39.663,-75.756,-1.801498923,0.002334567,-0.000751969,0.001701448,0.001598523,-0.000751969,,0,
1786043774908912709,1786043774.906600992,/novatel/oem7/odom,/novatel/oem7/fix,/novatel/oem7/odom,39.663,-75.756,-1.801498923,0.002337995,-0.000741244,0.001682911,0.001622969,-0.000741244,,,
1786043774910821368,1786043774.909867745,/novatel/oem7/bestpos,/novatel/oem7/bestpos,/novatel/oem7/odom,39.663,-75.756,33.180867478,0.002337995,-0.000741244,0.001682911,0.001622969,-0.000741244,,novatel_oem7_msgs.msg.SolutionStatus(status=0),novatel_oem7_msgs.msg.PositionOrVelocityType(type=53)
1786043774912237029,1786043774.910461041,/novatel/oem7/bestvel,/novatel/oem7/bestpos,/novatel/oem7/bestvel,39.663,-75.756,33.180867478,0.002368675,-0.000707790,,,,57.587394115,novatel_oem7_msgs.msg.SolutionStatus(status=0),novatel_oem7_msgs.msg.PositionOrVelocityType(type=53)
1786043774915145041,1786043774.914463381,/novatel/oem7/odom,/novatel/oem7/bestpos,/novatel/oem7/odom,39.663,-75.756,33.180867478,0.002337995,-0.000741244,0.001682911,0.001622969,-0.000741244,,,
1786043774925686700,1786043774.925094148,/novatel/oem7/inspva,/novatel/oem7/inspva,/novatel/oem7/inspva,39.663,-75.756,-1.801504451,0.002181538,-0.001038124,0.001463746,0.001617577,-0.001038124,,novatel_oem7_msgs.msg.InertialSolutionStatus(status=3),
1786043774927027968,1786043774.925272890,/novatel/oem7/fix,/novatel/oem7/fix,/novatel/oem7/inspva,39.663,-75.756,-1.801504451,0.002181538,-0.001038124,0.001463746,0.001617577,-0.001038124,,0,
1786043774928114278,1786043774.925720548,/novatel/oem7/odom,/novatel/oem7/fix,/novatel/oem7/odom,39.663,-75.756,-1.801504451,0.002186328,-0.001027999,0.001691400,0.001385350,-0.001027999,,,
1786043774935995238,1786043774.935330684,/novatel/oem7/odom,/novatel/oem7/fix,/novatel/oem7/odom,39.663,-75.756,-1.801504451,0.002186328,-0.001027999,0.001691400,0.001385350,-0.001027999,,,
1786043774946474643,1786043774.945925487,/novatel/oem7/inspva,/novatel/oem7/inspva,/novatel/oem7/inspva,39.663,-75.756,-1.801499680,0.002384110,-0.000786837,0.001644315,0.001726329,-0.000786837,,novatel_oem7_msgs.msg.InertialSolutionStatus(status=3),
1786043774947856093,1786043774.946084609,/novatel/oem7/fix,/novatel/oem7/fix,/novatel/oem7/inspva,39.663,-75.756,-1.801499680,0.002384110,-0.000786837,0.001644315,0.001726329,-0.000786837,,0,
1786043774948871417,1786043774.946519397,/novatel/oem7/odom,/novatel/oem7/fix,/novatel/oem7/odom,39.663,-75.756,-1.801499680,0.002387722,-0.000775808,0.001807891,0.001559726,-0.000775808,,,
1786043774956292818,1786043774.955651958,/novatel/oem7/odom,/novatel/oem7/fix,/novatel/oem7/odom,39.663,-75.756,-1.801499680,0.002387722,-0.000775808,0.001807891,0.001559726,-0.000775808,,,
1786043774966770907,1786043774.966238301,/novatel/oem7/inspva,/novatel/oem7/inspva,/novatel/oem7/inspva,39.663,-75.756,-1.801501398,0.002207306,-0.000672532,0.001472954,0.001643961,-0.000672532,,novatel_oem7_msgs.msg.InertialSolutionStatus(status=3),
1786043774968162784,1786043774.966405823,/novatel/oem7/fix,/novatel/oem7/fix,/novatel/oem7/inspva,39.663,-75.756,-1.801501398,0.002207306,-0.000672532,0.001472954,0.001643961,-0.000672532,,0,
1786043774969177014,1786043774.966997905,/novatel/oem7/odom,/novatel/oem7/fix,/novatel/oem7/odom,39.663,-75.756,-1.801501398,0.002210406,-0.000662273,0.001716763,0.001392342,-0.000662273,,,
1786043774976006216,1786043774.975357226,/novatel/oem7/odom,/novatel/oem7/fix,/novatel/oem7/odom,39.663,-75.756,-1.801501398,0.002210406,-0.000662273,0.001716763,0.001392342,-0.000662273,,,
1786043774985463101,1786043774.984930819,/novatel/oem7/inspva,/novatel/oem7/inspva,/novatel/oem7/inspva,39.663,-75.756,-1.801497083,0.002496413,-0.000648701,0.001731263,0.001798557,-0.000648701,,novatel_oem7_msgs.msg.InertialSolutionStatus(status=3),
1786043774986807154,1786043774.985100921,/novatel/oem7/fix,/novatel/oem7/fix,/novatel/oem7/inspva,39.663,-75.756,-1.801497083,0.002496413,-0.000648701,0.001731263,0.001798557,-0.000648701,,0,
1786043774987883635,1786043774.985553192,/novatel/oem7/odom,/novatel/oem7/fix,/novatel/oem7/odom,39.663,-75.756,-1.801497083,0.002499389,-0.000637138,0.001883720,0.001642725,-0.000637138,,,
1786043774996007447,1786043774.995347307,/novatel/oem7/odom,/novatel/oem7/fix,/novatel/oem7/odom,39.663,-75.756,-1.801497083,0.002499389,-0.000637138,0.001883720,0.001642725,-0.000637138,,,
1786043775008790795,1786043775.008247520,/novatel/oem7/inspva,/novatel/oem7/inspva,/novatel/oem7/inspva,39.663,-75.756,-1.801495232,0.002149232,-0.000296488,0.001265401,0.001737227,-0.000296488,,novatel_oem7_msgs.msg.InertialSolutionStatus(status=3),
1786043775010157666,1786043775.008410025,/novatel/oem7/fix,/novatel/oem7/fix,/novatel/oem7/inspva,39.663,-75.756,-1.801495232,0.002149232,-0.000296488,0.001265401,0.001737227,-0.000296488,,0,
1786043775011210199,1786043775.009634587,/novatel/oem7/odom,/novatel/oem7/fix,/novatel/oem7/odom,39.663,-75.756,-1.801495232,0.002150595,-0.000286433,0.001798272,0.001179525,-0.000286433,,,
1786043775015656078,1786043775.015007238,/novatel/oem7/odom,/novatel/oem7/fix,/novatel/oem7/odom,39.663,-75.756,-1.801495232,0.002150595,-0.000286433,0.001798272,0.001179525,-0.000286433,,,
1786043775025694149,1786043775.025055842,/novatel/oem7/bestpos,/novatel/oem7/bestpos,/novatel/oem7/odom,39.663,-75.756,33.180866559,0.002150595,-0.000286433,0.001798272,0.001179525,-0.000286433,,novatel_oem7_msgs.msg.SolutionStatus(status=0),novatel_oem7_msgs.msg.PositionOrVelocityType(type=53)
1786043775027093883,1786043775.026185487,/novatel/oem7/bestvel,/novatel/oem7/bestpos,/novatel/oem7/bestvel,39.663,-75.756,33.180866559,0.002258593,-0.000407722,,,,48.360183414,novatel_oem7_msgs.msg.SolutionStatus(status=0),novatel_oem7_msgs.msg.PositionOrVelocityType(type=53)
1786043775028510517,1786043775.027110363,/novatel/oem7/inspva,/novatel/oem7/inspva,/novatel/oem7/inspva,39.663,-75.756,-1.801492695,0.002424467,-0.000471208,0.001605384,0.001816805,-0.000471208,,novatel_oem7_msgs.msg.InertialSolutionStatus(status=3),
1786043775029317975,1786043775.027303068,/novatel/oem7/fix,/novatel/oem7/fix,/novatel/oem7/inspva,39.663,-75.756,-1.801492695,0.002424467,-0.000471208,0.001605384,0.001816805,-0.000471208,,0,
1786043775030376029,1786043775.027667929,/novatel/oem7/odom,/novatel/oem7/fix,/novatel/oem7/odom,39.663,-75.756,-1.801492695,0.002426629,-0.000459944,0.001895081,0.001515650,-0.000459944,,,
1786043775035470813,1786043775.034827664,/novatel/oem7/odom,/novatel/oem7/fix,/novatel/oem7/odom,39.663,-75.756,-1.801492695,0.002426629,-0.000459944,0.001895081,0.001515650,-0.000459944,,,
1786043775045884778,1786043775.045360776,/novatel/oem7/inspva,/novatel/oem7/inspva,/novatel/oem7/inspva,39.663,-75.756,-1.801487057,0.002107579,-0.000942572,0.001054710,0.001824685,-0.000942572,,novatel_oem7_msgs.msg.InertialSolutionStatus(status=3),
1786043775047215008,1786043775.045535858,/novatel/oem7/fix,/novatel/oem7/fix,/novatel/oem7/inspva,39.663,-75.756,-1.801487057,0.002107579,-0.000942572,0.001054710,0.001824685,-0.000942572,,0,
1786043775048267019,1786043775.046104790,/novatel/oem7/odom,/novatel/oem7/fix,/novatel/oem7/odom,39.663,-75.756,-1.801487057,0.002111928,-0.000932788,0.001877817,0.000966459,-0.000932788,,,
1786043775057211125,1786043775.056563069,/novatel/oem7/odom,/novatel/oem7/fix,/novatel/oem7/odom,39.663,-75.756,-1.801487057,0.002111928,-0.000932788,0.001877817,0.000966459,-0.000932788,,,
1786043775066880916,1786043775.066373204,/novatel/oem7/inspva,/novatel/oem7/inspva,/novatel/oem7/inspva,39.663,-75.756,-1.801478778,0.002532768,-0.000908870,0.001720285,0.001858907,-0.000908870,,novatel_oem7_msgs.msg.InertialSolutionStatus(status=3),
1786043775068186556,1786043775.066531915,/novatel/oem7/fix,/novatel/oem7/fix,/novatel/oem7/inspva,39.663,-75.756,-1.801478778,0.002532768,-0.000908870,0.001720285,0.001858907,-0.000908870,,0,
1786043775069271206,1786043775.066972563,/novatel/oem7/odom,/novatel/oem7/fix,/novatel/oem7/odom,39.663,-75.756,-1.801478778,0.002536937,-0.000897166,0.001944458,0.001629459,-0.000897166,,,
1786043775075113545,1786043775.074496119,/novatel/oem7/odom,/novatel/oem7/fix,/novatel/oem7/odom,39.663,-75.756,-1.801478778,0.002536937,-0.000897166,0.001944458,0.001629459,-0.000897166,,,
1786043775085656691,1786043775.085141739,/novatel/oem7/inspva,/novatel/oem7/inspva,/novatel/oem7/inspva,39.663,-75.756,-1.801474225,0.002074119,-0.000595821,0.001361210,0.001564952,-0.000595821,,novatel_oem7_msgs.msg.InertialSolutionStatus(status=3),
1786043775086982701,1786043775.085283094,/novatel/oem7/fix,/novatel/oem7/fix,/novatel/oem7/inspva,39.663,-75.756,-1.801474225,0.002074119,-0.000595821,0.001361210,0.001564952,-0.000595821,,0,
1786043775088019685,1786043775.085655717,/novatel/oem7/odom,/novatel/oem7/fix,/novatel/oem7/odom,39.663,-75.756,-1.801474225,0.002076866,-0.000586173,0.001632061,0.001284426,-0.000586173,,,
1786043775096195497,1786043775.095578181,/novatel/oem7/odom,/novatel/oem7/fix,/novatel/oem7/odom,39.663,-75.756,-1.801474225,0.002076866,-0.000586173,0.001632061,0.001284426,-0.000586173,,,
1786043775106515181,1786043775.105980068,/novatel/oem7/inspva,/novatel/oem7/inspva,/novatel/oem7/inspva,39.663,-75.756,-1.801471794,0.002631598,-0.000756387,0.001822181,0.001898674,-0.000756387,,novatel_oem7_msgs.msg.InertialSolutionStatus(status=3),
1786043775112152970,1786043775.109532314,/novatel/oem7/bestpos,/novatel/oem7/bestpos,/novatel/oem7/inspva,39.663,-75.756,33.180925160,0.002631598,-0.000756387,0.001822181,0.001898674,-0.000756387,,novatel_oem7_msgs.msg.SolutionStatus(status=0),novatel_oem7_msgs.msg.PositionOrVelocityType(type=53)
1786043775113162121,1786043775.110295949,/novatel/oem7/bestvel,/novatel/oem7/bestpos,/novatel/oem7/bestvel,39.663,-75.756,33.180925160,0.003000921,-0.001048191,,,,43.520696555,novatel_oem7_msgs.msg.SolutionStatus(status=0),novatel_oem7_msgs.msg.PositionOrVelocityType(type=53)
1786043775132492962,1786043775.106116083,/novatel/oem7/fix,/novatel/oem7/fix,/novatel/oem7/bestvel,39.663,-75.756,-1.801471794,0.003000921,-0.001048191,,,,43.520696555,0,
1786043775133557319,1786043775.106563624,/novatel/oem7/odom,/novatel/oem7/fix,/novatel/oem7/odom,39.663,-75.756,-1.801471794,0.002635067,-0.000744210,0.001988580,0.001728910,-0.000744210,,,
1786043775135052631,1786043775.126719310,/novatel/oem7/inspva,/novatel/oem7/inspva,/novatel/oem7/inspva,39.663,-75.756,-1.801471180,0.002244729,-0.000971916,0.001258189,0.001858969,-0.000971916,,novatel_oem7_msgs.msg.InertialSolutionStatus(status=3),
1786043775135897836,1786043775.126908239,/novatel/oem7/fix,/novatel/oem7/fix,/novatel/oem7/inspva,39.663,-75.756,-1.801471180,0.002244729,-0.000971916,0.001258189,0.001858969,-0.000971916,,0,
1786043775136937043,1786043775.114557368,/novatel/oem7/odom,/novatel/oem7/fix,/novatel/oem7/odom,39.663,-75.756,-1.801471180,0.002635067,-0.000744210,0.001988580,0.001728910,-0.000744210,,,
1786043775138497412,1786043775.127293003,/novatel/oem7/odom,/novatel/oem7/fix,/novatel/oem7/odom,39.663,-75.756,-1.801471180,0.002249238,-0.000961434,0.001922149,0.001168082,-0.000961434,,,
1786043775140038994,1786043775.134753914,/novatel/oem7/odom,/novatel/oem7/fix,/novatel/oem7/odom,39.663,-75.756,-1.801471180,0.002249238,-0.000961434,0.001922149,0.001168082,-0.000961434,,,
1786043775145849852,1786043775.145168022,/novatel/oem7/inspva,/novatel/oem7/inspva,/novatel/oem7/inspva,39.663,-75.756,-1.801467000,0.002561091,-0.000937877,0.001893235,0.001724775,-0.000937877,,novatel_oem7_msgs.msg.InertialSolutionStatus(status=3),
1786043775151438438,1786043775.145348971,/novatel/oem7/fix,/novatel/oem7/fix,/novatel/oem7/inspva,39.663,-75.756,-1.801467000,0.002561091,-0.000937877,0.001893235,0.001724775,-0.000937877,,0,
1786043775152508776,1786043775.145798588,/novatel/oem7/odom,/novatel/oem7/fix,/novatel/oem7/odom,39.663,-75.756,-1.801467000,0.002565352,-0.000926158,0.001819079,0.001808862,-0.000926158,,,
1786043775156753435,1786043775.156038008,/novatel/oem7/odom,/novatel/oem7/fix,/novatel/oem7/odom,39.663,-75.756,-1.801467000,0.002565352,-0.000926158,0.001819079,0.001808862,-0.000926158,,,
1786043775165925241,1786043775.165320848,/novatel/oem7/inspva,/novatel/oem7/inspva,/novatel/oem7/inspva,39.663,-75.756,-1.801470407,0.002206380,-0.001173487,0.001295848,0.001785746,-0.001173487,,novatel_oem7_msgs.msg.InertialSolutionStatus(status=3),
1786043775167339515,1786043775.165501566,/novatel/oem7/fix,/novatel/oem7/fix,/novatel/oem7/inspva,39.663,-75.756,-1.801470407,0.002206380,-0.001173487,0.001295848,0.001785746,-0.001173487,,0,
1786043775168340635,1786043775.166102909,/novatel/oem7/odom,/novatel/oem7/fix,/novatel/oem7/odom,39.663,-75.756,-1.801470407,0.002211833,-0.001163176,0.001851644,0.001209802,-0.001163176,,,
1786043775176059986,1786043775.175122913,/novatel/oem7/odom,/novatel/oem7/fix,/novatel/oem7/odom,39.663,-75.756,-1.801470407,0.002211833,-0.001163176,0.001851644,0.001209802,-0.001163176,,,
1786043775186751120,1786043775.186058433,/novatel/oem7/inspva,/novatel/oem7/inspva,/novatel/oem7/inspva,39.663,-75.756,-1.801466204,0.002548723,-0.001146217,0.001643068,0.001948414,-0.001146217,,novatel_oem7_msgs.msg.InertialSolutionStatus(status=3),
1786043775188121631,1786043775.186219858,/novatel/oem7/fix,/novatel/oem7/fix,/novatel/oem7/inspva,39.663,-75.756,-1.801466204,0.002548723,-0.001146217,0.001643068,0.001948414,-0.001146217,,0,
1786043775189131414,1786043775.186677346,/novatel/oem7/odom,/novatel/oem7/fix,/novatel/oem7/odom,39.663,-75.756,-1.801466204,0.002554022,-0.001134360,0.002030997,0.001548573,-0.001134360,,,
1786043775195142307,1786043775.194427557,/novatel/oem7/odom,/novatel/oem7/fix,/novatel/oem7/odom,39.663,-75.756,-1.801466204,0.002554022,-0.001134360,0.002030997,0.001548573,-0.001134360,,,
1786043775207114621,1786043775.206471695,/novatel/oem7/inspva,/novatel/oem7/inspva,/novatel/oem7/inspva,39.663,-75.756,-1.801464465,0.002386937,-0.000842573,0.001451998,0.001894511,-0.000842573,,novatel_oem7_msgs.msg.InertialSolutionStatus(status=3),
1786043775208874069,1786043775.206625119,/novatel/oem7/fix,/novatel/oem7/fix,/novatel/oem7/inspva,39.663,-75.756,-1.801464465,0.002386937,-0.000842573,0.001451998,0.001894511,-0.000842573,,0,
1786043775209883129,1786043775.207082061,/novatel/oem7/odom,/novatel/oem7/fix,/novatel/oem7/odom,39.663,-75.756,-1.801464465,0.002390845,-0.000831419,0.001966620,0.001359613,-0.000831419,,,
1786043775211363987,1786043775.210324804,/novatel/oem7/bestpos,/novatel/oem7/bestpos,/novatel/oem7/odom,39.663,-75.756,33.180925897,0.002390845,-0.000831419,0.001966620,0.001359613,-0.000831419,,novatel_oem7_msgs.msg.SolutionStatus(status=0),novatel_oem7_msgs.msg.PositionOrVelocityType(type=53)
1786043775212286490,1786043775.210759964,/novatel/oem7/bestvel,/novatel/oem7/bestpos,/novatel/oem7/bestvel,39.663,-75.756,33.180925897,0.002603061,-0.001044037,,,,41.996142148,novatel_oem7_msgs.msg.SolutionStatus(status=0),novatel_oem7_msgs.msg.PositionOrVelocityType(type=53)
1786043775216297940,1786043775.215640470,/novatel/oem7/odom,/novatel/oem7/bestpos,/novatel/oem7/odom,39.663,-75.756,33.180925897,0.002390845,-0.000831419,0.001966620,0.001359613,-0.000831419,,,
1786043775225648194,1786043775.225090195,/novatel/oem7/inspva,/novatel/oem7/inspva,/novatel/oem7/inspva,39.663,-75.756,-1.801463774,0.002537058,-0.000969487,0.001498232,0.002047428,-0.000969487,,novatel_oem7_msgs.msg.InertialSolutionStatus(status=3),
1786043775226995314,1786043775.225241170,/novatel/oem7/fix,/novatel/oem7/fix,/novatel/oem7/inspva,39.663,-75.756,-1.801463774,0.002537058,-0.000969487,0.001498232,0.002047428,-0.000969487,,0,
1786043775228014134,1786043775.225647141,/novatel/oem7/odom,/novatel/oem7/fix,/novatel/oem7/odom,39.663,-75.756,-1.801463774,0.002541562,-0.000957617,0.002122133,0.001398602,-0.000957617,,,
1786043775235032708,1786043775.234369078,/novatel/oem7/odom,/novatel/oem7/fix,/novatel/oem7/odom,39.663,-75.756,-1.801463774,0.002541562,-0.000957617,0.002122133,0.001398602,-0.000957617,,,
1786043775247973758,1786043775.246899352,/novatel/oem7/inspva,/novatel/oem7/inspva,/novatel/oem7/inspva,39.663,-75.756,-1.801468583,0.002560038,-0.001322570,0.001735810,0.001881690,-0.001322570,,novatel_oem7_msgs.msg.InertialSolutionStatus(status=3),
1786043775249886727,1786043775.247834664,/novatel/oem7/fix,/novatel/oem7/fix,/novatel/oem7/inspva,39.663,-75.756,-1.801468583,0.002560038,-0.001322570,0.001735810,0.001881690,-0.001322570,,0,
1786043775251273878,1786043775.249117990,/novatel/oem7/odom,/novatel/oem7/fix,/novatel/oem7/odom,39.663,-75.756,-1.801468583,0.002566142,-0.001310688,0.001969604,0.001644915,-0.001310688,,,
1786043775257986956,1786043775.256991686,/novatel/oem7/odom,/novatel/oem7/fix,/novatel/oem7/odom,39.663,-75.756,-1.801468583,0.002566142,-0.001310688,0.001969604,0.001644915,-0.001310688,,,
1786043775265648313,1786043775.265019186,/novatel/oem7/inspva,/novatel/oem7/inspva,/novatel/oem7/inspva,39.663,-75.756,-1.801467116,0.002510872,-0.001172522,0.001512983,0.002003836,-0.001172522,,novatel_oem7_msgs.msg.InertialSolutionStatus(status=3),
1786043775267048857,1786043775.265232945,/novatel/oem7/fix,/novatel/oem7/fix,/novatel/oem7/inspva,39.663,-75.756,-1.801467116,0.002510872,-0.001172522,0.001512983,0.002003836,-0.001172522,,0,
1786043775268116027,1786043775.265767527,/novatel/oem7/odom,/novatel/oem7/fix,/novatel/oem7/odom,39.663,-75.756,-1.801467116,0.002516303,-0.001160821,0.002080090,0.001415983,-0.001160821,,,
1786043775276757167,1786043775.275688240,/novatel/oem7/odom,/novatel/oem7/fix,/novatel/oem7/odom,39.663,-75.756,-1.801467116,0.002516303,-0.001160821,0.002080090,0.001415983,-0.001160821,,,
1786043775286280943,1786043775.285337730,/novatel/oem7/inspva,/novatel/oem7/inspva,/novatel/oem7/inspva,39.663,-75.756,-1.801471484,0.002427238,-0.001066389,0.001576997,0.001845146,-0.001066389,,novatel_oem7_msgs.msg.InertialSolutionStatus(status=3),
1786043775288150396,1786043775.285589270,/novatel/oem7/fix,/novatel/oem7/fix,/novatel/oem7/inspva,39.663,-75.756,-1.801471484,0.002427238,-0.001066389,0.001576997,0.001845146,-0.001066389,,0,
1786043775289530342,1786043775.286267970,/novatel/oem7/odom,/novatel/oem7/fix,/novatel/oem7/odom,39.663,-75.756,-1.801471484,0.002432155,-0.001055127,0.001924299,0.001487430,-0.001055127,,,
1786043775295798455,1786043775.294862759,/novatel/oem7/odom,/novatel/oem7/fix,/novatel/oem7/odom,39.663,-75.756,-1.801471484,0.002432155,-0.001055127,0.001924299,0.001487430,-0.001055127,,,
1786043775307125249,1786043775.306165030,/novatel/oem7/inspva,/novatel/oem7/inspva,/novatel/oem7/inspva,39.663,-75.756,-1.801474523,0.002405229,-0.001186488,0.001380493,0.001969610,-0.001186488,,novatel_oem7_msgs.msg.InertialSolutionStatus(status=3),
1786043775308803493,1786043775.306414005,/novatel/oem7/fix,/novatel/oem7/fix,/novatel/oem7/inspva,39.663,-75.756,-1.801474523,0.002405229,-0.001186488,0.001380493,0.001969610,-0.001186488,,0,
1786043775310003778,1786043775.307059362,/novatel/oem7/odom,/novatel/oem7/fix,/novatel/oem7/odom,39.663,-75.756,-1.801474523,0.002410716,-0.001175298,0.002039457,0.001285366,-0.001175298,,,
1786043775311553567,1786043775.309544604,/novatel/oem7/bestpos,/novatel/oem7/bestpos,/novatel/oem7/odom,39.663,-75.756,33.180926788,0.002410716,-0.001175298,0.002039457,0.001285366,-0.001175298,,novatel_oem7_msgs.msg.SolutionStatus(status=0),novatel_oem7_msgs.msg.PositionOrVelocityType(type=53)
1786043775312446493,1786043775.310178723,/novatel/oem7/bestvel,/novatel/oem7/bestpos,/novatel/oem7/bestvel,39.663,-75.756,33.180926788,0.002221403,-0.001009737,,,,59.633219208,novatel_oem7_msgs.msg.SolutionStatus(status=0),novatel_oem7_msgs.msg.PositionOrVelocityType(type=53)
1786043775315032339,1786043775.314324038,/novatel/oem7/odom,/novatel/oem7/bestpos,/novatel/oem7/odom,39.663,-75.756,33.180926788,0.002410716,-0.001175298,0.002039457,0.001285366,-0.001175298,,,
1786043775326026012,1786043775.325239891,/novatel/oem7/inspva,/novatel/oem7/inspva,/novatel/oem7/inspva,39.663,-75.756,-1.801480387,0.002541171,-0.001125198,0.001894829,0.001693273,-0.001125198,,novatel_oem7_msgs.msg.InertialSolutionStatus(status=3),
1786043775327582178,1786043775.325449897,/novatel/oem7/fix,/novatel/oem7/fix,/novatel/oem7/inspva,39.663,-75.756,-1.801480387,0.002541171,-0.001125198,0.001894829,0.001693273,-0.001125198,,0,
1786043775328655082,1786043775.326083753,/novatel/oem7/odom,/novatel/oem7/fix,/novatel/oem7/odom,39.663,-75.756,-1.801480387,0.002546258,-0.001113638,0.001788397,0.001812475,-0.001113638,,,
1786043775336143058,1786043775.335411326,/novatel/oem7/odom,/novatel/oem7/fix,/novatel/oem7/odom,39.663,-75.756,-1.801480387,0.002546258,-0.001113638,0.001788397,0.001812475,-0.001113638,,,
1786043775345819366,1786043775.345006833,/novatel/oem7/inspva,/novatel/oem7/inspva,/novatel/oem7/inspva,39.663,-75.756,-1.801482349,0.002469304,-0.001106330,0.001759111,0.001732913,-0.001106330,,novatel_oem7_msgs.msg.InertialSolutionStatus(status=3),
1786043775347250174,1786043775.345402957,/novatel/oem7/fix,/novatel/oem7/fix,/novatel/oem7/inspva,39.663,-75.756,-1.801482349,0.002469304,-0.001106330,0.001759111,0.001732913,-0.001106330,,0,
1786043775348491897,1786043775.346170678,/novatel/oem7/odom,/novatel/oem7/fix,/novatel/oem7/odom,39.663,-75.756,-1.801482349,0.002474351,-0.001094995,0.001821281,0.001674918,-0.001094995,,,
1786043775356455648,1786043775.355691274,/novatel/oem7/odom,/novatel/oem7/fix,/novatel/oem7/odom,39.663,-75.756,-1.801482349,0.002474351,-0.001094995,0.001821281,0.001674918,-0.001094995,,,
1786043775367646868,1786043775.367133575,/novatel/oem7/inspva,/novatel/oem7/inspva,/novatel/oem7/inspva,39.663,-75.756,-1.801489110,0.002654544,-0.001048052,0.002028553,0.001712184,-0.001048052,,novatel_oem7_msgs.msg.InertialSolutionStatus(status=3),
1786043775368619310,1786043775.367306231,/novatel/oem7/fix,/novatel/oem7/fix,/novatel/oem7/inspva,39.663,-75.756,-1.801489110,0.002654544,-0.001048052,0.002028553,0.001712184,-0.001048052,,0,
1786043775369284792,1786043775.367841529,/novatel/oem7/odom,/novatel/oem7/fix,/novatel/oem7/odom,39.663,-75.756,-1.801489110,0.002659248,-0.001036058,0.001813546,0.001944904,-0.001036058,,,
1786043775375764449,1786043775.375044715,/novatel/oem7/odom,/novatel/oem7/fix,/novatel/oem7/odom,39.663,-75.756,-1.801489110,0.002659248,-0.001036058,0.001813546,0.001944904,-0.001036058,,,
1786043775385447918,1786043775.384894844,/novatel/oem7/inspva,/novatel/oem7/inspva,/novatel/oem7/inspva,39.663,-75.756,-1.801494165,0.002484253,-0.001152337,0.001932554,0.001561009,-0.001152337,,novatel_oem7_msgs.msg.InertialSolutionStatus(status=3),
1786043775386525639,1786043775.385128113,/novatel/oem7/fix,/novatel/oem7/fix,/novatel/oem7/inspva,39.663,-75.756,-1.801494165,0.002484253,-0.001152337,0.001932554,0.001561009,-0.001152337,,0,
1786043775387472918,1786043775.385836210,/novatel/oem7/odom,/novatel/oem7/fix,/novatel/oem7/odom,39.663,-75.756,-1.801494165,0.002489401,-0.001141174,0.001658268,0.001856681,-0.001141174,,,
1786043775395064670,1786043775.394668419,/novatel/oem7/odom,/novatel/oem7/fix,/novatel/oem7/odom,39.663,-75.756,-1.801494165,0.002489401,-0.001141174,0.001658268,0.001856681,-0.001141174,,,
1786043775407301723,1786043775.406468080,/novatel/oem7/inspva,/novatel/oem7/inspva,/novatel/oem7/inspva,39.663,-75.756,-1.801506558,0.002570784,-0.001351437,0.001738336,0.001893969,-0.001351437,,novatel_oem7_msgs.msg.InertialSolutionStatus(status=3),
1786043775409450677,1786043775.406692250,/novatel/oem7/fix,/novatel/oem7/fix,/novatel/oem7/inspva,39.663,-75.756,-1.801506558,0.002570784,-0.001351437,0.001738336,0.001893969,-0.001351437,,0,
1786043775411084270,1786043775.407260820,/novatel/oem7/odom,/novatel/oem7/fix,/novatel/oem7/odom,39.663,-75.756,-1.801506558,0.002576997,-0.001339552,0.001982069,0.001646910,-0.001339552,,,
1786043775413293969,1786043775.410306646,/novatel/oem7/bestpos,/novatel/oem7/bestpos,/novatel/oem7/odom,39.663,-75.756,33.180891347,0.002576997,-0.001339552,0.001982069,0.001646910,-0.001339552,,novatel_oem7_msgs.msg.SolutionStatus(status=0),novatel_oem7_msgs.msg.PositionOrVelocityType(type=53)
1786043775414716940,1786043775.410668513,/novatel/oem7/bestvel,/novatel/oem7/bestpos,/novatel/oem7/bestvel,39.663,-75.756,33.180891347,0.002592169,-0.001301851,,,,57.439468422,novatel_oem7_msgs.msg.SolutionStatus(status=0),novatel_oem7_msgs.msg.PositionOrVelocityType(type=53)
1786043775416879822,1786043775.414929405,/novatel/oem7/odom,/novatel/oem7/bestpos,/novatel/oem7/odom,39.663,-75.756,33.180891347,0.002576997,-0.001339552,0.001982069,0.001646910,-0.001339552,,,
1786043775426796762,1786043775.426078537,/novatel/oem7/inspva,/novatel/oem7/inspva,/novatel/oem7/inspva,39.663,-75.756,-1.801514271,0.002331581,-0.001219605,0.001572445,0.001721536,-0.001219605,,novatel_oem7_msgs.msg.InertialSolutionStatus(status=3),
1786043775428251333,1786043775.426316280,/novatel/oem7/fix,/novatel/oem7/fix,/novatel/oem7/inspva,39.663,-75.756,-1.801514271,0.002331581,-0.001219605,0.001572445,0.001721536,-0.001219605,,0,
1786043775429358034,1786043775.426922663,/novatel/oem7/odom,/novatel/oem7/fix,/novatel/oem7/odom,39.663,-75.756,-1.801514271,0.002337186,-0.001208828,0.001801202,0.001489333,-0.001208828,,,
1786043775435294737,1786043775.434473216,/novatel/oem7/odom,/novatel/oem7/fix,/novatel/oem7/odom,39.663,-75.756,-1.801514271,0.002337186,-0.001208828,0.001801202,0.001489333,-0.001208828,,,
1786043775446167223,1786043775.445184276,/novatel/oem7/inspva,/novatel/oem7/inspva,/novatel/oem7/inspva,39.663,-75.756,-1.801528509,0.002491603,-0.001320748,0.001874814,0.001641084,-0.001320748,,novatel_oem7_msgs.msg.InertialSolutionStatus(status=3),
1786043775448284724,1786043775.445489342,/novatel/oem7/fix,/novatel/oem7/fix,/novatel/oem7/inspva,39.663,-75.756,-1.801528509,0.002491603,-0.001320748,0.001874814,0.001641084,-0.001320748,,0,
1786043775450105116,1786043775.445845798,/novatel/oem7/odom,/novatel/oem7/fix,/novatel/oem7/odom,39.663,-75.756,-1.801528509,0.002497553,-0.001309461,0.001736034,0.001795538,-0.001309461,,,
1786043775457223240,1786043775.456350012,/novatel/oem7/odom,/novatel/oem7/fix,/novatel/oem7/odom,39.663,-75.756,-1.801528509,0.002497553,-0.001309461,0.001736034,0.001795538,-0.001309461,,,
1786043775465534651,1786043775.464919438,/novatel/oem7/inspva,/novatel/oem7/inspva,/novatel/oem7/inspva,39.663,-75.756,-1.801538161,0.002262080,-0.001361308,0.001570634,0.001627917,-0.001361308,,novatel_oem7_msgs.msg.InertialSolutionStatus(status=3),
1786043775467024412,1786043775.465095876,/novatel/oem7/fix,/novatel/oem7/fix,/novatel/oem7/inspva,39.663,-75.756,-1.801538161,0.002262080,-0.001361308,0.001570634,0.001627917,-0.001361308,,0,
1786043775468148547,1786043775.465502117,/novatel/oem7/odom,/novatel/oem7/fix,/novatel/oem7/odom,39.663,-75.756,-1.801538161,0.002268310,-0.001350901,0.001708151,0.001492464,-0.001350901,,,
1786043775475879105,1786043775.474658342,/novatel/oem7/odom,/novatel/oem7/fix,/novatel/oem7/odom,39.663,-75.756,-1.801538161,0.002268310,-0.001350901,0.001708151,0.001492464,-0.001350901,,,
1786043775487585972,1786043775.486711470,/novatel/oem7/inspva,/novatel/oem7/inspva,/novatel/oem7/inspva,39.663,-75.756,-1.801549584,0.002440294,-0.000985289,0.001401807,0.001997490,-0.000985289,,novatel_oem7_msgs.msg.InertialSolutionStatus(status=3),
1786043775489486224,1786043775.486951803,/novatel/oem7/fix,/novatel/oem7/fix,/novatel/oem7/inspva,39.663,-75.756,-1.801549584,0.002440294,-0.000985289,0.001401807,0.001997490,-0.000985289,,0,
1786043775491165978,1786043775.487603472,/novatel/oem7/odom,/novatel/oem7/fix,/novatel/oem7/odom,39.663,-75.756,-1.801549584,0.002444842,-0.000973947,0.002067533,0.001304821,-0.000973947,,,
1786043775495332367,1786043775.494626416,/novatel/oem7/odom,/novatel/oem7/fix,/novatel/oem7/odom,39.663,-75.756,-1.801549584,0.002444842,-0.000973947,0.002067533,0.001304821,-0.000973947,,,
1786043775506872976,1786043775.506132382,/novatel/oem7/inspva,/novatel/oem7/inspva,/novatel/oem7/inspva,39.663,-75.756,-1.801559601,0.002323081,-0.001014484,0.001302426,0.001923640,-0.001014484,,novatel_oem7_msgs.msg.InertialSolutionStatus(status=3),
1786043775508415145,1786043775.506343077,/novatel/oem7/fix,/novatel/oem7/fix,/novatel/oem7/inspva,39.663,-75.756,-1.801559601,0.002323081,-0.001014484,0.001302426,0.001923640,-0.001014484,,0,
1786043775509548586,1786043775.506783105,/novatel/oem7/odom,/novatel/oem7/fix,/novatel/oem7/odom,39.663,-75.756,-1.801559601,0.002327755,-0.001003713,0.001989023,0.001209228,-0.001003713,,,
1786043775511931100,1786043775.511338484,/novatel/oem7/bestpos,/novatel/oem7/bestpos,/novatel/oem7/odom,39.663,-75.756,33.180844981,0.002327755,-0.001003713,0.001989023,0.001209228,-0.001003713,,novatel_oem7_msgs.msg.SolutionStatus(status=0),novatel_oem7_msgs.msg.PositionOrVelocityType(type=53)
1786043775513349324,1786043775.511791852,/novatel/oem7/bestvel,/novatel/oem7/bestpos,/novatel/oem7/bestvel,39.663,-75.756,33.180844981,0.002304641,-0.000953085,,,,61.126928924,novatel_oem7_msgs.msg.SolutionStatus(status=0),novatel_oem7_msgs.msg.PositionOrVelocityType(type=53)
1786043775516201003,1786043775.515553033,/novatel/oem7/odom,/novatel/oem7/bestpos,/novatel/oem7/odom,39.663,-75.756,33.180844981,0.002327755,-0.001003713,0.001989023,0.001209228,-0.001003713,,,
1786043775525983178,1786043775.525336928,/novatel/oem7/inspva,/novatel/oem7/inspva,/novatel/oem7/inspva,39.663,-75.756,-1.801573469,0.002439460,-0.001217853,0.001197061,0.002125561,-0.001217853,,novatel_oem7_msgs.msg.InertialSolutionStatus(status=3),
1786043775527528143,1786043775.525547254,/novatel/oem7/fix,/novatel/oem7/fix,/novatel/oem7/inspva,39.663,-75.756,-1.801573469,0.002439460,-0.001217853,0.001197061,0.002125561,-0.001217853,,0,
1786043775528618708,1786043775.526163125,/novatel/oem7/odom,/novatel/oem7/fix,/novatel/oem7/odom,39.663,-75.756,-1.801573469,0.002445040,-0.001206611,0.002186326,0.001094625,-0.001206611,,,
1786043775535970698,1786043775.535299502,/novatel/oem7/odom,/novatel/oem7/fix,/novatel/oem7/odom,39.663,-75.756,-1.801573469,0.002445040,-0.001206611,0.002186326,0.001094625,-0.001206611,,,
1786043775547260065,1786043775.546280419,/novatel/oem7/inspva,/novatel/oem7/inspva,/novatel/oem7/inspva,39.663,-75.756,-1.801582749,0.002420969,-0.001275617,0.001060061,0.002176549,-0.001275617,,novatel_oem7_msgs.msg.InertialSolutionStatus(status=3),
1786043775549592835,1786043775.546550225,/novatel/oem7/fix,/novatel/oem7/fix,/novatel/oem7/inspva,39.663,-75.756,-1.801582749,0.002420969,-0.001275617,0.001060061,0.002176549,-0.001275617,,0,
1786043775551370213,1786043775.547448284,/novatel/oem7/odom,/novatel/oem7/fix,/novatel/oem7/odom,39.663,-75.756,-1.801582749,0.002426770,-0.001264548,0.002230771,0.000955444,-0.001264548,,,
1786043775556702670,1786043775.555854185,/novatel/oem7/odom,/novatel/oem7/fix,/novatel/oem7/odom,39.663,-75.756,-1.801582749,0.002426770,-0.001264548,0.002230771,0.000955444,-0.001264548,,,
1786043775565857649,1786043775.565232209,/novatel/oem7/inspva,/novatel/oem7/inspva,/novatel/oem7/inspva,39.663,-75.756,-1.801592753,0.002569561,-0.001004994,0.001518571,0.002072821,-0.001004994,,novatel_oem7_msgs.msg.InertialSolutionStatus(status=3),
1786043775567384721,1786043775.565398234,/novatel/oem7/fix,/novatel/oem7/fix,/novatel/oem7/inspva,39.663,-75.756,-1.801592753,0.002569561,-0.001004994,0.001518571,0.002072821,-0.001004994,,0,
1786043775568541246,1786043775.565998163,/novatel/oem7/odom,/novatel/oem7/fix,/novatel/oem7/odom,39.663,-75.756,-1.801592753,0.002574186,-0.000993089,0.002148546,0.001417810,-0.000993089,,,
1786043775576818652,1786043775.575772258,/novatel/oem7/odom,/novatel/oem7/fix,/novatel/oem7/odom,39.663,-75.756,-1.801592753,0.002574186,-0.000993089,0.002148546,0.001417810,-0.000993089,,,
1786043775586029261,1786043775.585224120,/novatel/oem7/inspva,/novatel/oem7/inspva,/novatel/oem7/inspva,39.663,-75.756,-1.801604923,0.002635460,-0.001203361,0.001410522,0.002226225,-0.001203361,,novatel_oem7_msgs.msg.InertialSolutionStatus(status=3),
1786043775589956091,1786043775.585496496,/novatel/oem7/fix,/novatel/oem7/fix,/novatel/oem7/inspva,39.663,-75.756,-1.801604923,0.002635460,-0.001203361,0.001410522,0.002226225,-0.001203361,,0,
1786043775591469763,1786043775.586080285,/novatel/oem7/odom,/novatel/oem7/fix,/novatel/oem7/odom,39.663,-75.756,-1.801604923,0.002640992,-0.001191171,0.002297248,0.001302879,-0.001191171,,,
1786043775595256547,1786043775.594537090,/novatel/oem7/odom,/novatel/oem7/fix,/novatel/oem7/odom,39.663,-75.756,-1.801604923,0.002640992,-0.001191171,0.002297248,0.001302879,-0.001191171,,,
1786043775607328998,1786043775.606282055,/novatel/oem7/inspva,/novatel/oem7/inspva,/novatel/oem7/inspva,39.663,-75.756,-1.801618077,0.002672092,-0.001158293,0.001471353,0.002230515,-0.001158293,,novatel_oem7_msgs.msg.InertialSolutionStatus(status=3),
1786043775609506557,1786043775.606579488,/novatel/oem7/fix,/novatel/oem7/fix,/novatel/oem7/inspva,39.663,-75.756,-1.801618077,0.002672092,-0.001158293,0.001471353,0.002230515,-0.001158293,,0,
1786043775611204331,1786043775.607220854,/novatel/oem7/odom,/novatel/oem7/fix,/novatel/oem7/odom,39.663,-75.756,-1.801618077,0.002677425,-0.001145914,0.002304336,0.001363318,-0.001145914,,,
1786043775613562235,1786043775.610302312,/novatel/oem7/bestpos,/novatel/oem7/bestpos,/novatel/oem7/odom,39.663,-75.756,33.180781639,0.002677425,-0.001145914,0.002304336,0.001363318,-0.001145914,,novatel_oem7_msgs.msg.SolutionStatus(status=0),novatel_oem7_msgs.msg.PositionOrVelocityType(type=53)
1786043775615109780,1786043775.610674706,/novatel/oem7/bestvel,/novatel/oem7/bestpos,/novatel/oem7/bestvel,39.663,-75.756,33.180781639,0.002904997,-0.001362027,,,,53.390633569,novatel_oem7_msgs.msg.SolutionStatus(status=0),novatel_oem7_msgs.msg.PositionOrVelocityType(type=53)
1786043775617351066,1786043775.614791737,/novatel/oem7/odom,/novatel/oem7/bestpos,/novatel/oem7/odom,39.663,-75.756,33.180781639,0.002677425,-0.001145914,0.002304336,0.001363318,-0.001145914,,,
1786043775626065293,1786043775.625154431,/novatel/oem7/inspva,/novatel/oem7/inspva,/novatel/oem7/inspva,39.663,-75.756,-1.801629709,0.002963473,-0.001188363,0.001539388,0.002532283,-0.001188363,,novatel_oem7_msgs.msg.InertialSolutionStatus(status=3),
1786043775627449721,1786043775.625407184,/novatel/oem7/fix,/novatel/oem7/fix,/novatel/oem7/inspva,39.663,-75.756,-1.801629709,0.002963473,-0.001188363,0.001539388,0.002532283,-0.001188363,,0,
1786043775628560362,1786043775.625813511,/novatel/oem7/odom,/novatel/oem7/fix,/novatel/oem7/odom,39.663,-75.756,-1.801629709,0.002968936,-0.001174649,0.002609194,0.001416575,-0.001174649,,,
1786043775636528959,1786043775.635674410,/novatel/oem7/odom,/novatel/oem7/fix,/novatel/oem7/odom,39.663,-75.756,-1.801629709,0.002968936,-0.001174649,0.002609194,0.001416575,-0.001174649,,,
1786043775646215836,1786043775.645333117,/novatel/oem7/inspva,/novatel/oem7/inspva,/novatel/oem7/inspva,39.663,-75.756,-1.801645372,0.003009740,-0.001271055,0.001468549,0.002627146,-0.001271055,,novatel_oem7_msgs.msg.InertialSolutionStatus(status=3),
1786043775648388678,1786043775.645597527,/novatel/oem7/fix,/novatel/oem7/fix,/novatel/oem7/inspva,39.663,-75.756,-1.801645372,0.003009740,-0.001271055,0.001468549,0.002627146,-0.001271055,,0,
1786043775650062591,1786043775.646085198,/novatel/oem7/odom,/novatel/oem7/fix,/novatel/oem7/odom,39.663,-75.756,-1.801645372,0.003015547,-0.001257216,0.002700790,0.001341362,-0.001257216,,,
1786043775657543943,1786043775.656531583,/novatel/oem7/odom,/novatel/oem7/fix,/novatel/oem7/odom,39.663,-75.756,-1.801645372,0.003015547,-0.001257216,0.002700790,0.001341362,-0.001257216,,,
1786043775666810506,1786043775.666070848,/novatel/oem7/inspva,/novatel/oem7/inspva,/novatel/oem7/inspva,39.663,-75.756,-1.801655537,0.003184275,-0.001222348,0.001738770,0.002667636,-0.001222348,,novatel_oem7_msgs.msg.InertialSolutionStatus(status=3),
1786043775668367172,1786043775.666255734,/novatel/oem7/fix,/novatel/oem7/fix,/novatel/oem7/inspva,39.663,-75.756,-1.801655537,0.003184275,-0.001222348,0.001738770,0.002667636,-0.001222348,,0,
1786043775669548697,1786043775.666745019,/novatel/oem7/odom,/novatel/oem7/fix,/novatel/oem7/odom,39.663,-75.756,-1.801655537,0.003189896,-0.001207604,0.002754273,0.001609167,-0.001207604,,,
1786043775675098550,1786043775.674586271,/novatel/oem7/odom,/novatel/oem7/fix,/novatel/oem7/odom,39.663,-75.756,-1.801655537,0.003189896,-0.001207604,0.002754273,0.001609167,-0.001207604,,,
1786043775685623789,1786043775.685240968,/novatel/oem7/inspva,/novatel/oem7/inspva,/novatel/oem7/inspva,39.663,-75.756,-1.801669336,0.002782494,-0.001293814,0.001408936,0.002399411,-0.001293814,,novatel_oem7_msgs.msg.InertialSolutionStatus(status=3),
1786043775686395294,1786043775.685470190,/novatel/oem7/fix,/novatel/oem7/fix,/novatel/oem7/inspva,39.663,-75.756,-1.801669336,0.002782494,-0.001293814,0.001408936,0.002399411,-0.001293814,,0,
1786043775687048674,1786043775.685903451,/novatel/oem7/odom,/novatel/oem7/fix,/novatel/oem7/odom,39.663,-75.756,-1.801669336,0.002788405,-0.001281026,0.002470479,0.001293032,-0.001281026,,,
1786043775696222168,1786043775.695467194,/novatel/oem7/odom,/novatel/oem7/fix,/novatel/oem7/odom,39.663,-75.756,-1.801669336,0.002788405,-0.001281026,0.002470479,0.001293032,-0.001281026,,,
1786043775706912846,1786043775.705882665,/novatel/oem7/inspva,/novatel/oem7/inspva,/novatel/oem7/inspva,39.663,-75.756,-1.801678331,0.002946544,-0.001263605,0.001693637,0.002411165,-0.001263605,,novatel_oem7_msgs.msg.InertialSolutionStatus(status=3),
1786043775709033177,1786043775.706152885,/novatel/oem7/fix,/novatel/oem7/fix,/novatel/oem7/inspva,39.663,-75.756,-1.801678331,0.002946544,-0.001263605,0.001693637,0.002411165,-0.001263605,,0,
1786043775710448544,1786043775.706560200,/novatel/oem7/odom,/novatel/oem7/fix,/novatel/oem7/odom,39.663,-75.756,-1.801678331,0.002952347,-0.001249987,0.002496031,0.001576763,-0.001249987,,,
1786043775712408188,1786043775.709460214,/novatel/oem7/bestpos,/novatel/oem7/bestpos,/novatel/oem7/odom,39.663,-75.756,33.180727304,0.002952347,-0.001249987,0.002496031,0.001576763,-0.001249987,,novatel_oem7_msgs.msg.SolutionStatus(status=0),novatel_oem7_msgs.msg.PositionOrVelocityType(type=53)
1786043775713668470,1786043775.710020797,/novatel/oem7/bestvel,/novatel/oem7/bestpos,/novatel/oem7/bestvel,39.663,-75.756,33.180727304,0.002893909,-0.001219734,,,,55.365028052,novatel_oem7_msgs.msg.SolutionStatus(status=0),novatel_oem7_msgs.msg.PositionOrVelocityType(type=53)
1786043775715675557,1786043775.714516658,/novatel/oem7/odom,/novatel/oem7/bestpos,/novatel/oem7/odom,39.663,-75.756,33.180727304,0.002952347,-0.001249987,0.002496031,0.001576763,-0.001249987,,,
1786043775727009354,1786043775.726498299,/novatel/oem7/inspva,/novatel/oem7/inspva,/novatel/oem7/inspva,39.663,-75.756,-1.801692355,0.003450698,-0.001187906,0.001699921,0.003002929,-0.001187906,,novatel_oem7_msgs.msg.InertialSolutionStatus(status=3),
1786043775728771142,1786043775.726645474,/novatel/oem7/fix,/novatel/oem7/fix,/novatel/oem7/inspva,39.663,-75.756,-1.801692355,0.003450698,-0.001187906,0.001699921,0.003002929,-0.001187906,,0,
1786043775729937630,1786043775.727067375,/novatel/oem7/odom,/novatel/oem7/fix,/novatel/oem7/odom,39.663,-75.756,-1.801692355,0.003456122,-0.001172030,0.003087089,0.001553919,-0.001172030,,,
1786043775736771703,1786043775.735835185,/novatel/oem7/odom,/novatel/oem7/fix,/novatel/oem7/odom,39.663,-75.756,-1.801692355,0.003456122,-0.001172030,0.003087089,0.001553919,-0.001172030,,,
1786043775745625048,1786043775.744940138,/novatel/oem7/inspva,/novatel/oem7/inspva,/novatel/oem7/inspva,39.663,-75.756,-1.801704708,0.003370734,-0.001430262,0.001803164,0.002847885,-0.001430262,,novatel_oem7_msgs.msg.InertialSolutionStatus(status=3),
1786043775746980421,1786043775.745099932,/novatel/oem7/fix,/novatel/oem7/fix,/novatel/oem7/inspva,39.663,-75.756,-1.801704708,0.003370734,-0.001430262,0.001803164,0.002847885,-0.001430262,,0,
1786043775748014942,1786043775.745394799,/novatel/oem7/odom,/novatel/oem7/fix,/novatel/oem7/odom,39.663,-75.756,-1.801704708,0.003377297,-0.001414694,0.002938201,0.001665265,-0.001414694,,,
1786043775756199504,1786043775.755541014,/novatel/oem7/odom,/novatel/oem7/fix,/novatel/oem7/odom,39.663,-75.756,-1.801704708,0.003377297,-0.001414694,0.002938201,0.001665265,-0.001414694,,,
1786043775765731127,1786043775.765198321,/novatel/oem7/inspva,/novatel/oem7/inspva,/novatel/oem7/inspva,39.663,-75.756,-1.801717510,0.003337330,-0.001235616,0.001306895,0.003070798,-0.001235616,,novatel_oem7_msgs.msg.InertialSolutionStatus(status=3),
1786043775767114861,1786043775.765333900,/novatel/oem7/fix,/novatel/oem7/fix,/novatel/oem7/inspva,39.663,-75.756,-1.801717510,0.003337330,-0.001235616,0.001306895,0.003070798,-0.001235616,,0,
1786043775768162568,1786043775.766012613,/novatel/oem7/odom,/novatel/oem7/fix,/novatel/oem7/odom,39.663,-75.756,-1.801717510,0.003342859,-0.001220578,0.003135821,0.001158160,-0.001220578,,,
1786043775775935799,1786043775.774921356,/novatel/oem7/odom,/novatel/oem7/fix,/novatel/oem7/odom,39.663,-75.756,-1.801717510,0.003342859,-0.001220578,0.003135821,0.001158160,-0.001220578,,,
1786043775786871112,1786043775.786057831,/novatel/oem7/inspva,/novatel/oem7/inspva,/novatel/oem7/inspva,39.663,-75.756,-1.801731535,0.003510361,-0.001387956,0.001610070,0.003119344,-0.001387956,,novatel_oem7_msgs.msg.InertialSolutionStatus(status=3),
1786043775788690460,1786043775.786335617,/novatel/oem7/fix,/novatel/oem7/fix,/novatel/oem7/inspva,39.663,-75.756,-1.801731535,0.003510361,-0.001387956,0.001610070,0.003119344,-0.001387956,,0,
1786043775790079101,1786043775.786822323,/novatel/oem7/odom,/novatel/oem7/fix,/novatel/oem7/odom,39.663,-75.756,-1.801731535,0.003516677,-0.001371873,0.003199746,0.001458986,-0.001371873,,,
1786043775795459722,1786043775.794673847,/novatel/oem7/odom,/novatel/oem7/fix,/novatel/oem7/odom,39.663,-75.756,-1.801731535,0.003516677,-0.001371873,0.003199746,0.001458986,-0.001371873,,,
1786043775807529727,1786043775.806367142,/novatel/oem7/inspva,/novatel/oem7/inspva,/novatel/oem7/inspva,39.663,-75.756,-1.801751137,0.003207221,-0.001769820,0.001309862,0.002927546,-0.001769820,,novatel_oem7_msgs.msg.InertialSolutionStatus(status=3),
1786043775809706045,1786043775.806669241,/novatel/oem7/fix,/novatel/oem7/fix,/novatel/oem7/inspva,39.663,-75.756,-1.801751137,0.003207221,-0.001769820,0.001309862,0.002927546,-0.001769820,,0,
1786043775811131376,1786043775.807417448,/novatel/oem7/odom,/novatel/oem7/fix,/novatel/oem7/odom,39.663,-75.756,-1.801751137,0.003215228,-0.001755233,0.002994987,0.001169505,-0.001755233,,,
1786043775813150730,1786043775.810261244,/novatel/oem7/bestpos,/novatel/oem7/bestpos,/novatel/oem7/odom,39.663,-75.756,33.180637566,0.003215228,-0.001755233,0.002994987,0.001169505,-0.001755233,,novatel_oem7_msgs.msg.SolutionStatus(status=0),novatel_oem7_msgs.msg.PositionOrVelocityType(type=53)
1786043775814408256,1786043775.810645678,/novatel/oem7/bestvel,/novatel/oem7/bestpos,/novatel/oem7/bestvel,39.663,-75.756,33.180637566,0.003476217,-0.001946745,,,,66.569712623,novatel_oem7_msgs.msg.SolutionStatus(status=0),novatel_oem7_msgs.msg.PositionOrVelocityType(type=53)
1786043775816435063,1786043775.815550908,/novatel/oem7/odom,/novatel/oem7/bestpos,/novatel/oem7/odom,39.663,-75.756,33.180637566,0.003215228,-0.001755233,0.002994987,0.001169505,-0.001755233,,,
1786043775825732306,1786043775.825045166,/novatel/oem7/inspva,/novatel/oem7/inspva,/novatel/oem7/inspva,39.663,-75.756,-1.801764360,0.003297821,-0.001521308,0.001492906,0.002940554,-0.001521308,,novatel_oem7_msgs.msg.InertialSolutionStatus(status=3),
1786043775827129167,1786043775.825201877,/novatel/oem7/fix,/novatel/oem7/fix,/novatel/oem7/inspva,39.663,-75.756,-1.801764360,0.003297821,-0.001521308,0.001492906,0.002940554,-0.001521308,,0,
1786043775828241828,1786043775.825552154,/novatel/oem7/odom,/novatel/oem7/fix,/novatel/oem7/odom,39.663,-75.756,-1.801764360,0.003304741,-0.001506217,0.003015933,0.001351095,-0.001506217,,,
1786043775835456757,1786043775.834502308,/novatel/oem7/odom,/novatel/oem7/fix,/novatel/oem7/odom,39.663,-75.756,-1.801764360,0.003304741,-0.001506217,0.003015933,0.001351095,-0.001506217,,,
1786043775847119001,1786043775.846548979,/novatel/oem7/inspva,/novatel/oem7/inspva,/novatel/oem7/inspva,39.663,-75.756,-1.801781391,0.003384286,-0.001249978,0.001394295,0.003083721,-0.001249978,,novatel_oem7_msgs.msg.InertialSolutionStatus(status=3),
1786043775848480718,1786043775.846728330,/novatel/oem7/fix,/novatel/oem7/fix,/novatel/oem7/inspva,39.663,-75.756,-1.801781391,0.003384286,-0.001249978,0.001394295,0.003083721,-0.001249978,,0,
1786043775849504838,1786043775.847013900,/novatel/oem7/odom,/novatel/oem7/fix,/novatel/oem7/odom,39.663,-75.756,-1.801781391,0.003389928,-0.001234595,0.003153062,0.001244914,-0.001234595,,,
1786043775856941113,1786043775.856268199,/novatel/oem7/odom,/novatel/oem7/fix,/novatel/oem7/odom,39.663,-75.756,-1.801781391,0.003389928,-0.001234595,0.003153062,0.001244914,-0.001234595,,,
1786043775865628870,1786043775.864941723,/novatel/oem7/inspva,/novatel/oem7/inspva,/novatel/oem7/inspva,39.663,-75.756,-1.801797833,0.003329245,-0.001382172,0.001502293,0.002971025,-0.001382172,,novatel_oem7_msgs.msg.InertialSolutionStatus(status=3),
1786043775867257997,1786043775.865116555,/novatel/oem7/fix,/novatel/oem7/fix,/novatel/oem7/inspva,39.663,-75.756,-1.801797833,0.003329245,-0.001382172,0.001502293,0.002971025,-0.001382172,,0,
1786043775868478319,1786043775.865548536,/novatel/oem7/odom,/novatel/oem7/fix,/novatel/oem7/odom,39.663,-75.756,-1.801797833,0.003335538,-0.001366914,0.003046306,0.001358616,-0.001366914,,,
1786043775876280750,1786043775.875444886,/novatel/oem7/odom,/novatel/oem7/fix,/novatel/oem7/odom,39.663,-75.756,-1.801797833,0.003335538,-0.001366914,0.003046306,0.001358616,-0.001366914,,,
1786043775885991262,1786043775.885304138,/novatel/oem7/inspva,/novatel/oem7/inspva,/novatel/oem7/inspva,39.663,-75.756,-1.801816183,0.003275709,-0.001574240,0.001094534,0.003087436,-0.001574240,,novatel_oem7_msgs.msg.InertialSolutionStatus(status=3),
1786043775887620681,1786043775.885506667,/novatel/oem7/fix,/novatel/oem7/fix,/novatel/oem7/inspva,39.663,-75.756,-1.801816183,0.003275709,-0.001574240,0.001094534,0.003087436,-0.001574240,,0,
1786043775888619481,1786043775.886105406,/novatel/oem7/odom,/novatel/oem7/fix,/novatel/oem7/odom,39.663,-75.756,-1.801816183,0.003282669,-0.001559675,0.003143370,0.000946120,-0.001559675,,,
1786043775895504550,1786043775.894829673,/novatel/oem7/odom,/novatel/oem7/fix,/novatel/oem7/odom,39.663,-75.756,-1.801816183,0.003282669,-0.001559675,0.003143370,0.000946120,-0.001559675,,,
1786043775906348326,1786043775.905783457,/novatel/oem7/inspva,/novatel/oem7/inspva,/novatel/oem7/inspva,39.663,-75.756,-1.801825845,0.003160226,-0.001029835,0.001206002,0.002921059,-0.001029835,,novatel_oem7_msgs.msg.InertialSolutionStatus(status=3),
1786043775907710036,1786043775.905920985,/novatel/oem7/fix,/novatel/oem7/fix,/novatel/oem7/inspva,39.663,-75.756,-1.801825845,0.003160226,-0.001029835,0.001206002,0.002921059,-0.001029835,,0,
1786043775908732240,1786043775.906389885,/novatel/oem7/odom,/novatel/oem7/fix,/novatel/oem7/odom,39.663,-75.756,-1.801825845,0.003164832,-0.001015591,0.002980521,0.001064264,-0.001015591,,,
1786043775910232601,1786043775.909161061,/novatel/oem7/bestpos,/novatel/oem7/bestpos,/novatel/oem7/odom,39.663,-75.756,33.180561332,0.003164832,-0.001015591,0.002980521,0.001064264,-0.001015591,,novatel_oem7_msgs.msg.SolutionStatus(status=0),novatel_oem7_msgs.msg.PositionOrVelocityType(type=53)
1786043775911166035,1786043775.909502024,/novatel/oem7/bestvel,/novatel/oem7/bestpos,/novatel/oem7/bestvel,39.663,-75.756,33.180561332,0.003036736,-0.001014748,,,,63.295359982,novatel_oem7_msgs.msg.SolutionStatus(status=0),novatel_oem7_msgs.msg.PositionOrVelocityType(type=53)
1786043775915170885,1786043775.914519021,/novatel/oem7/odom,/novatel/oem7/bestpos,/novatel/oem7/odom,39.663,-75.756,33.180561332,0.003164832,-0.001015591,0.002980521,0.001064264,-0.001015591,,,
1786043775925893893,1786043775.925312563,/novatel/oem7/inspva,/novatel/oem7/inspva,/novatel/oem7/inspva,39.663,-75.756,-1.801843706,0.003225889,-0.001380280,0.001078851,0.003040138,-0.001380280,,novatel_oem7_msgs.msg.InertialSolutionStatus(status=3),
1786043775927252786,1786043775.925472348,/novatel/oem7/fix,/novatel/oem7/fix,/novatel/oem7/inspva,39.663,-75.756,-1.801843706,0.003225889,-0.001380280,0.001078851,0.003040138,-0.001380280,,0,
1786043775928282793,1786043775.925946125,/novatel/oem7/odom,/novatel/oem7/fix,/novatel/oem7/odom,39.663,-75.756,-1.801843706,0.003232004,-0.001365900,0.003094614,0.000932316,-0.001365900,,,
1786043775936572966,1786043775.935828772,/novatel/oem7/odom,/novatel/oem7/fix,/novatel/oem7/odom,39.663,-75.756,-1.801843706,0.003232004,-0.001365900,0.003094614,0.000932316,-0.001365900,,,
1786043775945737648,1786043775.945176109,/novatel/oem7/inspva,/novatel/oem7/inspva,/novatel/oem7/inspva,39.663,-75.756,-1.801851849,0.003246526,-0.001034711,0.001041382,0.003074973,-0.001034711,,novatel_oem7_msgs.msg.InertialSolutionStatus(status=3),
1786043775947113082,1786043775.945314761,/novatel/oem7/fix,/novatel/oem7/fix,/novatel/oem7/inspva,39.663,-75.756,-1.801851849,0.003246526,-0.001034711,0.001041382,0.003074973,-0.001034711,,0,
1786043775948161883,1786043775.945735128,/novatel/oem7/odom,/novatel/oem7/fix,/novatel/oem7/odom,39.663,-75.756,-1.801851849,0.003251070,-0.001020345,0.003126214,0.000892323,-0.001020345,,,
1786043775956350662,1786043775.955701372,/novatel/oem7/odom,/novatel/oem7/fix,/novatel/oem7/odom,39.663,-75.756,-1.801851849,0.003251070,-0.001020345,0.003126214,0.000892323,-0.001020345,,,
1786043775967257144,1786043775.966713563,/novatel/oem7/inspva,/novatel/oem7/inspva,/novatel/oem7/inspva,39.663,-75.756,-1.801866833,0.003321776,-0.001104226,0.000711089,0.003244772,-0.001104226,,novatel_oem7_msgs.msg.InertialSolutionStatus(status=3),
1786043775968607722,1786043775.966852587,/novatel/oem7/fix,/novatel/oem7/fix,/novatel/oem7/inspva,39.663,-75.756,-1.801866833,0.003321776,-0.001104226,0.000711089,0.003244772,-0.001104226,,0,
1786043775969615838,1786043775.967202139,/novatel/oem7/odom,/novatel/oem7/fix,/novatel/oem7/odom,39.663,-75.756,-1.801866833,0.003326444,-0.001090083,0.003279936,0.000554299,-0.001090083,,,
1786043775976136627,1786043775.975475474,/novatel/oem7/odom,/novatel/oem7/fix,/novatel/oem7/odom,39.663,-75.756,-1.801866833,0.003326444,-0.001090083,0.003279936,0.000554299,-0.001090083,,,
1786043775985544732,1786043775.985032850,/novatel/oem7/inspva,/novatel/oem7/inspva,/novatel/oem7/inspva,39.663,-75.756,-1.801876769,0.003353500,-0.000962181,0.000938691,0.003219444,-0.000962181,,novatel_oem7_msgs.msg.InertialSolutionStatus(status=3),
1786043775986866878,1786043775.985180411,/novatel/oem7/fix,/novatel/oem7/fix,/novatel/oem7/inspva,39.663,-75.756,-1.801876769,0.003353500,-0.000962181,0.000938691,0.003219444,-0.000962181,,0,
1786043775987866701,1786043775.985598383,/novatel/oem7/odom,/novatel/oem7/fix,/novatel/oem7/odom,39.663,-75.756,-1.801876769,0.003357673,-0.000947517,0.003265219,0.000782502,-0.000947517,,,
1786043775996281623,1786043775.995347910,/novatel/oem7/odom,/novatel/oem7/fix,/novatel/oem7/odom,39.663,-75.756,-1.801876769,0.003357673,-0.000947517,0.003265219,0.000782502,-0.000947517,,,
1786043776008832692,1786043776.008249940,/novatel/oem7/inspva,/novatel/oem7/inspva,/novatel/oem7/inspva,39.663,-75.756,-1.801895308,0.003496547,-0.001429292,0.000520561,0.003457580,-0.001429292,,novatel_oem7_msgs.msg.InertialSolutionStatus(status=3),
1786043776010211036,1786043776.008387791,/novatel/oem7/fix,/novatel/oem7/fix,/novatel/oem7/inspva,39.663,-75.756,-1.801895308,0.003496547,-0.001429292,0.000520561,0.003457580,-0.001429292,,0,
1786043776011224886,1786043776.009499937,/novatel/oem7/odom,/novatel/oem7/fix,/novatel/oem7/odom,39.663,-75.756,-1.801895308,0.003502408,-0.001414870,0.003484430,0.000354410,-0.001414870,,,
1786043776015537206,1786043776.014865743,/novatel/oem7/odom,/novatel/oem7/fix,/novatel/oem7/odom,39.663,-75.756,-1.801895308,0.003502408,-0.001414870,0.003484430,0.000354410,-0.001414870,,,
1786043776026412205,1786043776.025859717,/novatel/oem7/bestpos,/novatel/oem7/bestpos,/novatel/oem7/odom,39.663,-75.756,33.180490453,0.003502408,-0.001414870,0.003484430,0.000354410,-0.001414870,,novatel_oem7_msgs.msg.SolutionStatus(status=0),novatel_oem7_msgs.msg.PositionOrVelocityType(type=53)
1786043776027803206,1786043776.026450123,/novatel/oem7/bestvel,/novatel/oem7/bestpos,/novatel/oem7/bestvel,39.663,-75.756,33.180490453,0.003479300,-0.001413654,,,,81.615391466,novatel_oem7_msgs.msg.SolutionStatus(status=0),novatel_oem7_msgs.msg.PositionOrVelocityType(type=53)
1786043776029597601,1786043776.027488443,/novatel/oem7/inspva,/novatel/oem7/inspva,/novatel/oem7/inspva,39.663,-75.756,-1.801903883,0.003452862,-0.001018521,0.000690470,0.003383121,-0.001018521,,novatel_oem7_msgs.msg.InertialSolutionStatus(status=3),
1786043776030583361,1786043776.027619795,/novatel/oem7/fix,/novatel/oem7/fix,/novatel/oem7/inspva,39.663,-75.756,-1.801903883,0.003452862,-0.001018521,0.000690470,0.003383121,-0.001018521,,0,
1786043776031578451,1786043776.027952790,/novatel/oem7/odom,/novatel/oem7/fix,/novatel/oem7/odom,39.663,-75.756,-1.801903883,0.003457122,-0.001003965,0.003416764,0.000526705,-0.001003965,,,
1786043776035464977,1786043776.034789940,/novatel/oem7/odom,/novatel/oem7/fix,/novatel/oem7/odom,39.663,-75.756,-1.801903883,0.003457122,-0.001003965,0.003416764,0.000526705,-0.001003965,,,
1786043776045820281,1786043776.045292325,/novatel/oem7/inspva,/novatel/oem7/inspva,/novatel/oem7/inspva,39.663,-75.756,-1.801899517,0.003311705,-0.001183615,0.000575225,0.003261366,-0.001183615,,novatel_oem7_msgs.msg.InertialSolutionStatus(status=3),
1786043776047222668,1786043776.045449390,/novatel/oem7/fix,/novatel/oem7/fix,/novatel/oem7/inspva,39.663,-75.756,-1.801899517,0.003311705,-0.001183615,0.000575225,0.003261366,-0.001183615,,0,
1786043776048260182,1786043776.046004259,/novatel/oem7/odom,/novatel/oem7/fix,/novatel/oem7/odom,39.663,-75.756,-1.801899517,0.003316607,-0.001169808,0.003290163,0.000417982,-0.001169808,,,
1786043776057000720,1786043776.056349410,/novatel/oem7/odom,/novatel/oem7/fix,/novatel/oem7/odom,39.663,-75.756,-1.801899517,0.003316607,-0.001169808,0.003290163,0.000417982,-0.001169808,,,
1786043776065991150,1786043776.065366160,/novatel/oem7/inspva,/novatel/oem7/inspva,/novatel/oem7/inspva,39.663,-75.756,-1.801882669,0.003287707,-0.000842472,0.000638366,0.003225137,-0.000842472,,novatel_oem7_msgs.msg.InertialSolutionStatus(status=3),
1786043776067306663,1786043776.065542026,/novatel/oem7/fix,/novatel/oem7/fix,/novatel/oem7/inspva,39.663,-75.756,-1.801882669,0.003287707,-0.000842472,0.000638366,0.003225137,-0.000842472,,0,
1786043776068337457,1786043776.065857244,/novatel/oem7/odom,/novatel/oem7/fix,/novatel/oem7/odom,39.663,-75.756,-1.801882669,0.003291229,-0.000828606,0.003255751,0.000481946,-0.000828606,,,
1786043776075106978,1786043776.074414658,/novatel/oem7/odom,/novatel/oem7/fix,/novatel/oem7/odom,39.663,-75.756,-1.801882669,0.003291229,-0.000828606,0.003255751,0.000481946,-0.000828606,,,
1786043776087330168,1786043776.086765719,/novatel/oem7/inspva,/novatel/oem7/inspva,/novatel/oem7/inspva,39.663,-75.756,-1.801877443,0.002666834,-0.001323563,0.000601761,0.002598055,-0.001323563,,novatel_oem7_msgs.msg.InertialSolutionStatus(status=3),
1786043776088646614,1786043776.086898673,/novatel/oem7/fix,/novatel/oem7/fix,/novatel/oem7/inspva,39.663,-75.756,-1.801877443,0.002666834,-0.001323563,0.000601761,0.002598055,-0.001323563,,0,
1786043776089637728,1786043776.087286734,/novatel/oem7/odom,/novatel/oem7/fix,/novatel/oem7/odom,39.663,-75.756,-1.801877443,0.002672459,-0.001312168,0.002629497,0.000477267,-0.001312168,,,
1786043776097006628,1786043776.096293475,/novatel/oem7/odom,/novatel/oem7/fix,/novatel/oem7/odom,39.663,-75.756,-1.801877443,0.002672459,-0.001312168,0.002629497,0.000477267,-0.001312168,,,
1786043776106480960,1786043776.105847804,/novatel/oem7/inspva,/novatel/oem7/inspva,/novatel/oem7/inspva,39.663,-75.756,-1.801860088,0.002958224,-0.001113908,0.000439763,0.002925355,-0.001113908,,novatel_oem7_msgs.msg.InertialSolutionStatus(status=3),
1786043776107844027,1786043776.106027606,/novatel/oem7/fix,/novatel/oem7/fix,/novatel/oem7/inspva,39.663,-75.756,-1.801860088,0.002958224,-0.001113908,0.000439763,0.002925355,-0.001113908,,0,
1786043776108845127,1786043776.106598508,/novatel/oem7/odom,/novatel/oem7/fix,/novatel/oem7/odom,39.663,-75.756,-1.801860088,0.002962775,-0.001101747,0.002947655,0.000298943,-0.001101747,,,
1786043776110276048,1786043776.109387069,/novatel/oem7/bestpos,/novatel/oem7/bestpos,/novatel/oem7/odom,39.663,-75.756,33.180560302,0.002962775,-0.001101747,0.002947655,0.000298943,-0.001101747,,novatel_oem7_msgs.msg.SolutionStatus(status=0),novatel_oem7_msgs.msg.PositionOrVelocityType(type=53)
1786043776111635409,1786043776.109998925,/novatel/oem7/bestvel,/novatel/oem7/bestpos,/novatel/oem7/bestvel,39.663,-75.756,33.180560302,0.002687940,-0.001026897,,,,78.170127300,novatel_oem7_msgs.msg.SolutionStatus(status=0),novatel_oem7_msgs.msg.PositionOrVelocityType(type=53)
1786043776116311239,1786043776.115650125,/novatel/oem7/odom,/novatel/oem7/bestpos,/novatel/oem7/odom,39.663,-75.756,33.180560302,0.002962775,-0.001101747,0.002947655,0.000298943,-0.001101747,,,
1786043776126547502,1786043776.125974069,/novatel/oem7/inspva,/novatel/oem7/inspva,/novatel/oem7/inspva,39.663,-75.756,-1.801849366,0.002665609,-0.000755995,0.000126798,0.002662592,-0.000755995,,novatel_oem7_msgs.msg.InertialSolutionStatus(status=3),
1786043776127907859,1786043776.126143215,/novatel/oem7/fix,/novatel/oem7/fix,/novatel/oem7/inspva,39.663,-75.756,-1.801849366,0.002665609,-0.000755995,0.000126798,0.002662592,-0.000755995,,0,
1786043776129129035,1786043776.126652370,/novatel/oem7/odom,/novatel/oem7/fix,/novatel/oem7/odom,39.663,-75.756,-1.801849366,0.002668529,-0.000745623,0.002668528,-0.000001681,-0.000745623,,,
1786043776135321947,1786043776.134663916,/novatel/oem7/odom,/novatel/oem7/fix,/novatel/oem7/odom,39.663,-75.756,-1.801849366,0.002668529,-0.000745623,0.002668528,-0.000001681,-0.000745623,,,
1786043776146727901,1786043776.146142755,/novatel/oem7/inspva,/novatel/oem7/inspva,/novatel/oem7/inspva,39.663,-75.756,-1.801838538,0.002717396,-0.001073367,0.000307317,0.002699963,-0.001073367,,novatel_oem7_msgs.msg.InertialSolutionStatus(status=3),
1786043776148061105,1786043776.146314553,/novatel/oem7/fix,/novatel/oem7/fix,/novatel/oem7/inspva,39.663,-75.756,-1.801838538,0.002717396,-0.001073367,0.000307317,0.002699963,-0.001073367,,0,
1786043776149062368,1786043776.146722684,/novatel/oem7/odom,/novatel/oem7/fix,/novatel/oem7/odom,39.663,-75.756,-1.801838538,0.002721717,-0.001062365,0.002715918,0.000177572,-0.001062365,,,
1786043776156837016,1786043776.156137142,/novatel/oem7/odom,/novatel/oem7/fix,/novatel/oem7/odom,39.663,-75.756,-1.801838538,0.002721717,-0.001062365,0.002715918,0.000177572,-0.001062365,,,
1786043776166058946,1786043776.165351342,/novatel/oem7/inspva,/novatel/oem7/inspva,/novatel/oem7/inspva,39.663,-75.756,-1.801833007,0.002391352,-0.001252093,0.000251711,0.002378068,-0.001252093,,novatel_oem7_msgs.msg.InertialSolutionStatus(status=3),
1786043776167497586,1786043776.165556497,/novatel/oem7/fix,/novatel/oem7/fix,/novatel/oem7/inspva,39.663,-75.756,-1.801833007,0.002391352,-0.001252093,0.000251711,0.002378068,-0.001252093,,0,
1786043776168589927,1786043776.166073892,/novatel/oem7/odom,/novatel/oem7/fix,/novatel/oem7/odom,39.663,-75.756,-1.801833007,0.002396363,-0.001242476,0.002392373,0.000138242,-0.001242476,,,
1786043776175586781,1786043776.174833437,/novatel/oem7/odom,/novatel/oem7/fix,/novatel/oem7/odom,39.663,-75.756,-1.801833007,0.002396363,-0.001242476,0.002392373,0.000138242,-0.001242476,,,
1786043776186732873,1786043776.186026316,/novatel/oem7/inspva,/novatel/oem7/inspva,/novatel/oem7/inspva,39.663,-75.756,-1.801819844,0.002678990,-0.001003656,0.000080617,0.002677777,-0.001003656,,novatel_oem7_msgs.msg.InertialSolutionStatus(status=3),
1786043776188122380,1786043776.186184721,/novatel/oem7/fix,/novatel/oem7/fix,/novatel/oem7/inspva,39.663,-75.756,-1.801819844,0.002678990,-0.001003656,0.000080617,0.002677777,-0.001003656,,0,
1786043776189224418,1786043776.186558288,/novatel/oem7/odom,/novatel/oem7/fix,/novatel/oem7/odom,39.663,-75.756,-1.801819844,0.002682816,-0.000993384,0.002682388,-0.000047939,-0.000993384,,,
1786043776195083947,1786043776.194317480,/novatel/oem7/odom,/novatel/oem7/fix,/novatel/oem7/odom,39.663,-75.756,-1.801819844,0.002682816,-0.000993384,0.002682388,-0.000047939,-0.000993384,,,
1786043776206464152,1786043776.205806331,/novatel/oem7/inspva,/novatel/oem7/inspva,/novatel/oem7/inspva,39.663,-75.756,-1.801815911,0.002397042,-0.001235053,0.000331585,0.002373997,-0.001235053,,novatel_oem7_msgs.msg.InertialSolutionStatus(status=3),
1786043776207880026,1786043776.205943843,/novatel/oem7/fix,/novatel/oem7/fix,/novatel/oem7/inspva,39.663,-75.756,-1.801815911,0.002397042,-0.001235053,0.000331585,0.002373997,-0.001235053,,0,
1786043776208952960,1786043776.206835142,/novatel/oem7/odom,/novatel/oem7/fix,/novatel/oem7/odom,39.663,-75.756,-1.801815911,0.002402083,-0.001225221,0.002392152,0.000218198,-0.001225221,,,
1786043776211008397,1786043776.210210946,/novatel/oem7/bestpos,/novatel/oem7/bestpos,/novatel/oem7/odom,39.663,-75.756,33.180586438,0.002402083,-0.001225221,0.002392152,0.000218198,-0.001225221,,novatel_oem7_msgs.msg.SolutionStatus(status=0),novatel_oem7_msgs.msg.PositionOrVelocityType(type=53)
1786043776212611910,1786043776.210674214,/novatel/oem7/bestvel,/novatel/oem7/bestpos,/novatel/oem7/bestvel,39.663,-75.756,33.180586438,0.002791887,-0.001490881,,,,81.109965005,novatel_oem7_msgs.msg.SolutionStatus(status=0),novatel_oem7_msgs.msg.PositionOrVelocityType(type=53)
1786043776216039854,1786043776.215326273,/novatel/oem7/odom,/novatel/oem7/bestpos,/novatel/oem7/odom,39.663,-75.756,33.180586438,0.002402083,-0.001225221,0.002392152,0.000218198,-0.001225221,,,
1786043776225611570,1786043776.224914757,/novatel/oem7/inspva,/novatel/oem7/inspva,/novatel/oem7/inspva,39.663,-75.756,-1.801804970,0.002443291,-0.001336334,0.000311900,0.002423301,-0.001336334,,novatel_oem7_msgs.msg.InertialSolutionStatus(status=3),
1786043776227010834,1786043776.225079155,/novatel/oem7/fix,/novatel/oem7/fix,/novatel/oem7/inspva,39.663,-75.756,-1.801804970,0.002443291,-0.001336334,0.000311900,0.002423301,-0.001336334,,0,
1786043776228063499,1786043776.225579927,/novatel/oem7/odom,/novatel/oem7/fix,/novatel/oem7/odom,39.663,-75.756,-1.801804970,0.002448721,-0.001326357,0.002440836,0.000196350,-0.001326357,,,
1786043776235073259,1786043776.234338692,/novatel/oem7/odom,/novatel/oem7/fix,/novatel/oem7/odom,39.663,-75.756,-1.801804970,0.002448721,-0.001326357,0.002440836,0.000196350,-0.001326357,,,
1786043776247233574,1786043776.246603391,/novatel/oem7/inspva,/novatel/oem7/inspva,/novatel/oem7/inspva,39.663,-75.756,-1.801797935,0.002447122,-0.000887673,-0.000030152,0.002446936,-0.000887673,,novatel_oem7_msgs.msg.InertialSolutionStatus(status=3),
1786043776248700399,1786043776.246767560,/novatel/oem7/fix,/novatel/oem7/fix,/novatel/oem7/inspva,39.663,-75.756,-1.801797935,0.002447122,-0.000887673,-0.000030152,0.002446936,-0.000887673,,0,
1786043776249731459,1786043776.247306345,/novatel/oem7/odom,/novatel/oem7/fix,/novatel/oem7/odom,39.663,-75.756,-1.801797935,0.002450422,-0.000878521,0.002445973,-0.000147594,-0.000878521,,,
1786043776257170887,1786043776.256428645,/novatel/oem7/odom,/novatel/oem7/fix,/novatel/oem7/odom,39.663,-75.756,-1.801797935,0.002450422,-0.000878521,0.002445973,-0.000147594,-0.000878521,,,
1786043776265720447,1786043776.264975803,/novatel/oem7/inspva,/novatel/oem7/inspva,/novatel/oem7/inspva,39.663,-75.756,-1.801790313,0.002585127,-0.001034465,-0.000057279,0.002584492,-0.001034465,,novatel_oem7_msgs.msg.InertialSolutionStatus(status=3),
1786043776267087227,1786043776.265123954,/novatel/oem7/fix,/novatel/oem7/fix,/novatel/oem7/inspva,39.663,-75.756,-1.801790313,0.002585127,-0.001034465,-0.000057279,0.002584492,-0.001034465,,0,
1786043776268184442,1786043776.265435287,/novatel/oem7/odom,/novatel/oem7/fix,/novatel/oem7/odom,39.663,-75.756,-1.801790313,0.002588955,-0.001024847,0.002582616,-0.000181056,-0.001024847,,,
1786043776275358867,1786043776.274563386,/novatel/oem7/odom,/novatel/oem7/fix,/novatel/oem7/odom,39.663,-75.756,-1.801790313,0.002588955,-0.001024847,0.002582616,-0.000181056,-0.001024847,,,
1786043776285738971,1786043776.285083255,/novatel/oem7/inspva,/novatel/oem7/inspva,/novatel/oem7/inspva,39.663,-75.756,-1.801790478,0.002424462,-0.001456619,0.000189267,0.002417063,-0.001456619,,novatel_oem7_msgs.msg.InertialSolutionStatus(status=3),
1786043776287229896,1786043776.285224799,/novatel/oem7/fix,/novatel/oem7/fix,/novatel/oem7/inspva,39.663,-75.756,-1.801790478,0.002424462,-0.001456619,0.000189267,0.002417063,-0.001456619,,0,
1786043776288260464,1786043776.285812132,/novatel/oem7/odom,/novatel/oem7/fix,/novatel/oem7/odom,39.663,-75.756,-1.801790478,0.002430237,-0.001446963,0.002429096,0.000074476,-0.001446963,,,
1786043776295488642,1786043776.294753449,/novatel/oem7/odom,/novatel/oem7/fix,/novatel/oem7/odom,39.663,-75.756,-1.801790478,0.002430237,-0.001446963,0.002429096,0.000074476,-0.001446963,,,
1786043776306673525,1786043776.306006288,/novatel/oem7/inspva,/novatel/oem7/inspva,/novatel/oem7/inspva,39.663,-75.756,-1.801780902,0.002559972,-0.001458849,0.000259664,0.002546769,-0.001458849,,novatel_oem7_msgs.msg.InertialSolutionStatus(status=3),
1786043776308081043,1786043776.306143603,/novatel/oem7/fix,/novatel/oem7/fix,/novatel/oem7/inspva,39.663,-75.756,-1.801780902,0.002559972,-0.001458849,0.000259664,0.002546769,-0.001458849,,0,
1786043776309153243,1786043776.306588871,/novatel/oem7/odom,/novatel/oem7/fix,/novatel/oem7/odom,39.663,-75.756,-1.801780902,0.002565838,-0.001448508,0.002562100,0.000138447,-0.001448508,,,
1786043776310795163,1786043776.309487880,/novatel/oem7/bestpos,/novatel/oem7/bestpos,/novatel/oem7/odom,39.663,-75.756,33.180618698,0.002565838,-0.001448508,0.002562100,0.000138447,-0.001448508,,novatel_oem7_msgs.msg.SolutionStatus(status=0),novatel_oem7_msgs.msg.PositionOrVelocityType(type=53)
1786043776312273358,1786043776.310269995,/novatel/oem7/bestvel,/novatel/oem7/bestpos,/novatel/oem7/bestvel,39.663,-75.756,33.180618698,0.002681426,-0.001462813,,,,86.775353228,novatel_oem7_msgs.msg.SolutionStatus(status=0),novatel_oem7_msgs.msg.PositionOrVelocityType(type=53)
1786043776315104369,1786043776.314332119,/novatel/oem7/odom,/novatel/oem7/bestpos,/novatel/oem7/odom,39.663,-75.756,33.180618698,0.002565838,-0.001448508,0.002562100,0.000138447,-0.001448508,,,
1786043776325940018,1786043776.325189938,/novatel/oem7/inspva,/novatel/oem7/inspva,/novatel/oem7/inspva,39.663,-75.756,-1.801774240,0.002418765,-0.000834572,0.000528638,0.002360290,-0.000834572,,novatel_oem7_msgs.msg.InertialSolutionStatus(status=3),
1786043776327369973,1786043776.325369933,/novatel/oem7/fix,/novatel/oem7/fix,/novatel/oem7/inspva,39.663,-75.756,-1.801774240,0.002418765,-0.000834572,0.000528638,0.002360290,-0.000834572,,0,
1786043776328452474,1786043776.325984500,/novatel/oem7/odom,/novatel/oem7/fix,/novatel/oem7/odom,39.663,-75.756,-1.801774240,0.002422320,-0.000824196,0.002386565,0.000414664,-0.000824196,,,
1786043776336098800,1786043776.335348607,/novatel/oem7/odom,/novatel/oem7/fix,/novatel/oem7/odom,39.663,-75.756,-1.801774240,0.002422320,-0.000824196,0.002386565,0.000414664,-0.000824196,,,
1786043776345709407,1786043776.344966630,/novatel/oem7/inspva,/novatel/oem7/inspva,/novatel/oem7/inspva,39.663,-75.756,-1.801769179,0.002667970,-0.001287285,0.000486072,0.002623318,-0.001287285,,novatel_oem7_msgs.msg.InertialSolutionStatus(status=3),
1786043776347194522,1786043776.345121395,/novatel/oem7/fix,/novatel/oem7/fix,/novatel/oem7/inspva,39.663,-75.756,-1.801769179,0.002667970,-0.001287285,0.000486072,0.002623318,-0.001287285,,0,
1786043776348847315,1786043776.345662117,/novatel/oem7/odom,/novatel/oem7/fix,/novatel/oem7/odom,39.663,-75.756,-1.801769179,0.002673378,-0.001276015,0.002648970,0.000360425,-0.001276015,,,
1786043776356344488,1786043776.355600136,/novatel/oem7/odom,/novatel/oem7/fix,/novatel/oem7/odom,39.663,-75.756,-1.801769179,0.002673378,-0.001276015,0.002648970,0.000360425,-0.001276015,,,
1786043776367147702,1786043776.366567207,/novatel/oem7/inspva,/novatel/oem7/inspva,/novatel/oem7/inspva,39.663,-75.756,-1.801766607,0.002529284,-0.001112040,0.000555820,0.002467457,-0.001112040,,novatel_oem7_msgs.msg.InertialSolutionStatus(status=3),
1786043776368639511,1786043776.366743002,/novatel/oem7/fix,/novatel/oem7/fix,/novatel/oem7/inspva,39.663,-75.756,-1.801766607,0.002529284,-0.001112040,0.000555820,0.002467457,-0.001112040,,0,
1786043776369767326,1786043776.367491200,/novatel/oem7/odom,/novatel/oem7/fix,/novatel/oem7/odom,39.663,-75.756,-1.801766607,0.002534023,-0.001101199,0.002496013,0.000437256,-0.001101199,,,
1786043776375329865,1786043776.374654102,/novatel/oem7/odom,/novatel/oem7/fix,/novatel/oem7/odom,39.663,-75.756,-1.801766607,0.002534023,-0.001101199,0.002496013,0.000437256,-0.001101199,,,
1786043776385744103,1786043776.385142943,/novatel/oem7/inspva,/novatel/oem7/inspva,/novatel/oem7/inspva,39.663,-75.756,-1.801762527,0.002660784,-0.001399708,0.000222444,0.002651469,-0.001399708,,novatel_oem7_msgs.msg.InertialSolutionStatus(status=3),
1786043776387061409,1786043776.385299612,/novatel/oem7/fix,/novatel/oem7/fix,/novatel/oem7/inspva,39.663,-75.756,-1.801762527,0.002660784,-0.001399708,0.000222444,0.002651469,-0.001399708,,0,
1786043776388118790,1786043776.385590243,/novatel/oem7/odom,/novatel/oem7/fix,/novatel/oem7/odom,39.663,-75.756,-1.801762527,0.002666351,-0.001389074,0.002664622,0.000096002,-0.001389074,,,
1786043776395364816,1786043776.394716563,/novatel/oem7/odom,/novatel/oem7/fix,/novatel/oem7/odom,39.663,-75.756,-1.801762527,0.002666351,-0.001389074,0.002664622,0.000096002,-0.001389074,,,
1786043776407002853,1786043776.406409721,/novatel/oem7/inspva,/novatel/oem7/inspva,/novatel/oem7/inspva,39.663,-75.756,-1.801763074,0.002625420,-0.001275035,0.000587944,0.002558740,-0.001275035,,novatel_oem7_msgs.msg.InertialSolutionStatus(status=3),
1786043776408466535,1786043776.406577775,/novatel/oem7/fix,/novatel/oem7/fix,/novatel/oem7/inspva,39.663,-75.756,-1.801763074,0.002625420,-0.001275035,0.000587944,0.002558740,-0.001275035,,0,
1786043776409628409,1786043776.406929059,/novatel/oem7/odom,/novatel/oem7/fix,/novatel/oem7/odom,39.663,-75.756,-1.801763074,0.002630858,-0.001263777,0.002589389,0.000465272,-0.001263777,,,
1786043776411256599,1786043776.410354367,/novatel/oem7/bestpos,/novatel/oem7/bestpos,/novatel/oem7/odom,39.663,-75.756,33.180634527,0.002630858,-0.001263777,0.002589389,0.000465272,-0.001263777,,novatel_oem7_msgs.msg.SolutionStatus(status=0),novatel_oem7_msgs.msg.PositionOrVelocityType(type=53)
1786043776412684410,1786043776.410874436,/novatel/oem7/bestvel,/novatel/oem7/bestpos,/novatel/oem7/bestvel,39.663,-75.756,33.180634527,0.002464334,-0.001161653,,,,77.654583705,novatel_oem7_msgs.msg.SolutionStatus(status=0),novatel_oem7_msgs.msg.PositionOrVelocityType(type=53)
1786043776415412254,1786043776.414724910,/novatel/oem7/odom,/novatel/oem7/bestpos,/novatel/oem7/odom,39.663,-75.756,33.180634527,0.002630858,-0.001263777,0.002589389,0.000465272,-0.001263777,,,
1786043776426649027,1786043776.426072928,/novatel/oem7/inspva,/novatel/oem7/inspva,/novatel/oem7/inspva,39.663,-75.756,-1.801761266,0.002609300,-0.001618056,0.000356908,0.002584775,-0.001618056,,novatel_oem7_msgs.msg.InertialSolutionStatus(status=3),
1786043776427983724,1786043776.426171813,/novatel/oem7/fix,/novatel/oem7/fix,/novatel/oem7/inspva,39.663,-75.756,-1.801761266,0.002609300,-0.001618056,0.000356908,0.002584775,-0.001618056,,0,
1786043776429026958,1786043776.426616687,/novatel/oem7/odom,/novatel/oem7/fix,/novatel/oem7/odom,39.663,-75.756,-1.801761266,0.002615922,-0.001607328,0.002605422,0.000234140,-0.001607328,,,
1786043776435360392,1786043776.434560620,/novatel/oem7/odom,/novatel/oem7/fix,/novatel/oem7/odom,39.663,-75.756,-1.801761266,0.002615922,-0.001607328,0.002605422,0.000234140,-0.001607328,,,
1786043776445917581,1786043776.445221459,/novatel/oem7/inspva,/novatel/oem7/inspva,/novatel/oem7/inspva,39.663,-75.756,-1.801759235,0.002440465,-0.000970872,0.000706325,0.002336017,-0.000970872,,novatel_oem7_msgs.msg.InertialSolutionStatus(status=3),
1786043776447402289,1786043776.445283521,/novatel/oem7/fix,/novatel/oem7/fix,/novatel/oem7/inspva,39.663,-75.756,-1.801759235,0.002440465,-0.000970872,0.000706325,0.002336017,-0.000970872,,0,
1786043776448526140,1786043776.446097330,/novatel/oem7/odom,/novatel/oem7/fix,/novatel/oem7/odom,39.663,-75.756,-1.801759235,0.002444712,-0.000960126,0.002371524,0.000593711,-0.000960126,,,
1786043776457035132,1786043776.456366666,/novatel/oem7/odom,/novatel/oem7/fix,/novatel/oem7/odom,39.663,-75.756,-1.801759235,0.002444712,-0.000960126,0.002371524,0.000593711,-0.000960126,,,
1786043776465542341,1786043776.464994456,/novatel/oem7/inspva,/novatel/oem7/inspva,/novatel/oem7/inspva,39.663,-75.756,-1.801758363,0.002350613,-0.001032177,0.000642388,0.002261132,-0.001032177,,novatel_oem7_msgs.msg.InertialSolutionStatus(status=3),
1786043776466887778,1786043776.465125982,/novatel/oem7/fix,/novatel/oem7/fix,/novatel/oem7/inspva,39.663,-75.756,-1.801758363,0.002350613,-0.001032177,0.000642388,0.002261132,-0.001032177,,0,
1786043776467946832,1786043776.465595282,/novatel/oem7/odom,/novatel/oem7/fix,/novatel/oem7/odom,39.663,-75.756,-1.801758363,0.002355105,-0.001021887,0.002293847,0.000533655,-0.001021887,,,
1786043776475086404,1786043776.474441055,/novatel/oem7/odom,/novatel/oem7/fix,/novatel/oem7/odom,39.663,-75.756,-1.801758363,0.002355105,-0.001021887,0.002293847,0.000533655,-0.001021887,,,
1786043776486407248,1786043776.485877315,/novatel/oem7/inspva,/novatel/oem7/inspva,/novatel/oem7/inspva,39.663,-75.756,-1.801767018,0.002761047,-0.001711666,0.000815274,0.002637936,-0.001711666,,novatel_oem7_msgs.msg.InertialSolutionStatus(status=3),
1786043776487784281,1786043776.486019304,/novatel/oem7/fix,/novatel/oem7/fix,/novatel/oem7/inspva,39.663,-75.756,-1.801767018,0.002761047,-0.001711666,0.000815274,0.002637936,-0.001711666,,0,
1786043776488839965,1786043776.486503305,/novatel/oem7/odom,/novatel/oem7/fix,/novatel/oem7/odom,39.663,-75.756,-1.801767018,0.002768553,-0.001699498,0.002681294,0.000689600,-0.001699498,,,
1786043776495357438,1786043776.494684601,/novatel/oem7/odom,/novatel/oem7/fix,/novatel/oem7/odom,39.663,-75.756,-1.801767018,0.002768553,-0.001699498,0.002681294,0.000689600,-0.001699498,,,
1786043776506686231,1786043776.506083602,/novatel/oem7/inspva,/novatel/oem7/inspva,/novatel/oem7/inspva,39.663,-75.756,-1.801763077,0.002328521,-0.001386803,0.000584027,0.002254090,-0.001386803,,novatel_oem7_msgs.msg.InertialSolutionStatus(status=3),
1786043776508177930,1786043776.506225487,/novatel/oem7/fix,/novatel/oem7/fix,/novatel/oem7/inspva,39.663,-75.756,-1.801763077,0.002328521,-0.001386803,0.000584027,0.002254090,-0.001386803,,0,
1786043776509210890,1786043776.506652364,/novatel/oem7/odom,/novatel/oem7/fix,/novatel/oem7/odom,39.663,-75.756,-1.801763077,0.002334507,-0.001376702,0.002285341,0.000476591,-0.001376702,,,
1786043776512832656,1786043776.512226407,/novatel/oem7/bestpos,/novatel/oem7/bestpos,/novatel/oem7/odom,39.663,-75.756,33.180629271,0.002334507,-0.001376702,0.002285341,0.000476591,-0.001376702,,novatel_oem7_msgs.msg.SolutionStatus(status=0),novatel_oem7_msgs.msg.PositionOrVelocityType(type=53)
1786043776514245724,1786043776.512587667,/novatel/oem7/bestvel,/novatel/oem7/bestpos,/novatel/oem7/bestvel,39.663,-75.756,33.180629271,0.002634463,-0.001469823,,,,80.837208639,novatel_oem7_msgs.msg.SolutionStatus(status=0),novatel_oem7_msgs.msg.PositionOrVelocityType(type=53)
1786043776515794753,1786043776.514599001,/novatel/oem7/odom,/novatel/oem7/bestpos,/novatel/oem7/odom,39.663,-75.756,33.180629271,0.002334507,-0.001376702,0.002285341,0.000476591,-0.001376702,,,
1786043776525759323,1786043776.525240385,/novatel/oem7/inspva,/novatel/oem7/inspva,/novatel/oem7/inspva,39.663,-75.756,-1.801768871,0.002651416,-0.001361982,0.000664113,0.002566897,-0.001361982,,novatel_oem7_msgs.msg.InertialSolutionStatus(status=3),
1786043776527102393,1786043776.525398186,/novatel/oem7/fix,/novatel/oem7/fix,/novatel/oem7/inspva,39.663,-75.756,-1.801768871,0.002651416,-0.001361982,0.000664113,0.002566897,-0.001361982,,0,
1786043776528160840,1786043776.526261728,/novatel/oem7/odom,/novatel/oem7/fix,/novatel/oem7/odom,39.663,-75.756,-1.801768871,0.002657277,-0.001350512,0.002601570,0.000541252,-0.001350512,,,
1786043776535546788,1786043776.534866494,/novatel/oem7/odom,/novatel/oem7/fix,/novatel/oem7/odom,39.663,-75.756,-1.801768871,0.002657277,-0.001350512,0.002601570,0.000541252,-0.001350512,,,
1786043776546704854,1786043776.546141028,/novatel/oem7/inspva,/novatel/oem7/inspva,/novatel/oem7/inspva,39.663,-75.756,-1.801770517,0.002179495,-0.001485479,0.000547775,0.002109535,-0.001485479,,novatel_oem7_msgs.msg.InertialSolutionStatus(status=3),
1786043776548101997,1786043776.546302976,/novatel/oem7/fix,/novatel/oem7/fix,/novatel/oem7/inspva,39.663,-75.756,-1.801770517,0.002179495,-0.001485479,0.000547775,0.002109535,-0.001485479,,0,
1786043776549175395,1786043776.546843462,/novatel/oem7/odom,/novatel/oem7/fix,/novatel/oem7/odom,39.663,-75.756,-1.801770517,0.002185901,-0.001476035,0.002139555,0.000447740,-0.001476035,,,
1786043776556365170,1786043776.555724081,/novatel/oem7/odom,/novatel/oem7/fix,/novatel/oem7/odom,39.663,-75.756,-1.801770517,0.002185901,-0.001476035,0.002139555,0.000447740,-0.001476035,,,
1786043776565688654,1786043776.565179306,/novatel/oem7/inspva,/novatel/oem7/inspva,/novatel/oem7/inspva,39.663,-75.756,-1.801779799,0.002477007,-0.001525449,0.001148899,0.002194446,-0.001525449,,novatel_oem7_msgs.msg.InertialSolutionStatus(status=3),
1786043776567034628,1786043776.565340524,/novatel/oem7/fix,/novatel/oem7/fix,/novatel/oem7/inspva,39.663,-75.756,-1.801779799,0.002477007,-0.001525449,0.001148899,0.002194446,-0.001525449,,0,
1786043776568098728,1786043776.565831149,/novatel/oem7/odom,/novatel/oem7/fix,/novatel/oem7/odom,39.663,-75.756,-1.801779799,0.002483980,-0.001514068,0.002253890,0.001044095,-0.001514068,,,
1786043776576099826,1786043776.575442042,/novatel/oem7/odom,/novatel/oem7/fix,/novatel/oem7/odom,39.663,-75.756,-1.801779799,0.002483980,-0.001514068,0.002253890,0.001044095,-0.001514068,,,
1786043776585460433,1786043776.584925081,/novatel/oem7/inspva,/novatel/oem7/inspva,/novatel/oem7/inspva,39.663,-75.756,-1.801781524,0.001930542,-0.001365561,0.000872440,0.001722161,-0.001365561,,novatel_oem7_msgs.msg.InertialSolutionStatus(status=3),
1786043776586803963,1786043776.585087336,/novatel/oem7/fix,/novatel/oem7/fix,/novatel/oem7/inspva,39.663,-75.756,-1.801781524,0.001930542,-0.001365561,0.000872440,0.001722161,-0.001365561,,0,
1786043776587893930,1786043776.585505996,/novatel/oem7/odom,/novatel/oem7/fix,/novatel/oem7/odom,39.663,-75.756,-1.801781524,0.001936786,-0.001356689,0.001768055,0.000790647,-0.001356689,,,
1786043776594936501,1786043776.594303982,/novatel/oem7/odom,/novatel/oem7/fix,/novatel/oem7/odom,39.663,-75.756,-1.801781524,0.001936786,-0.001356689,0.001768055,0.000790647,-0.001356689,,,
1786043776607028743,1786043776.606498034,/novatel/oem7/inspva,/novatel/oem7/inspva,/novatel/oem7/inspva,39.663,-75.756,-1.801794408,0.002579991,-0.001762043,0.001174249,0.002297279,-0.001762043,,novatel_oem7_msgs.msg.InertialSolutionStatus(status=3),
1786043776608376826,1786043776.606657596,/novatel/oem7/fix,/novatel/oem7/fix,/novatel/oem7/inspva,39.663,-75.756,-1.801794408,0.002579991,-0.001762043,0.001174249,0.002297279,-0.001762043,,0,
1786043776609452141,1786043776.607282265,/novatel/oem7/odom,/novatel/oem7/fix,/novatel/oem7/odom,39.663,-75.756,-1.801794408,0.002588027,-0.001750218,0.002358753,0.001064973,-0.001750218,,,
1786043776610949849,1786043776.610165690,/novatel/oem7/bestpos,/novatel/oem7/bestpos,/novatel/oem7/odom,39.663,-75.756,33.180600334,0.002588027,-0.001750218,0.002358753,0.001064973,-0.001750218,,novatel_oem7_msgs.msg.SolutionStatus(status=0),novatel_oem7_msgs.msg.PositionOrVelocityType(type=53)
1786043776612357070,1786043776.610630827,/novatel/oem7/bestvel,/novatel/oem7/bestpos,/novatel/oem7/bestvel,39.663,-75.756,33.180600334,0.002286203,-0.001561197,,,,61.886857044,novatel_oem7_msgs.msg.SolutionStatus(status=0),novatel_oem7_msgs.msg.PositionOrVelocityType(type=53)
1786043776615469321,1786043776.614850349,/novatel/oem7/odom,/novatel/oem7/bestpos,/novatel/oem7/odom,39.663,-75.756,33.180600334,0.002588027,-0.001750218,0.002358753,0.001064973,-0.001750218,,,
1786043776625454932,1786043776.624944487,/novatel/oem7/inspva,/novatel/oem7/inspva,/novatel/oem7/inspva,39.663,-75.756,-1.801797660,0.002069915,-0.001442460,0.001031731,0.001794457,-0.001442460,,novatel_oem7_msgs.msg.InertialSolutionStatus(status=3),
1786043776626767051,1786043776.625003558,/novatel/oem7/fix,/novatel/oem7/fix,/novatel/oem7/inspva,39.663,-75.756,-1.801797660,0.002069915,-0.001442460,0.001031731,0.001794457,-0.001442460,,0,
1786043776627820502,1786043776.625352654,/novatel/oem7/odom,/novatel/oem7/fix,/novatel/oem7/odom,39.663,-75.756,-1.801797660,0.002076559,-0.001432879,0.001848349,0.000946416,-0.001432879,,,
1786043776636006891,1786043776.635328571,/novatel/oem7/odom,/novatel/oem7/fix,/novatel/oem7/odom,39.663,-75.756,-1.801797660,0.002076559,-0.001432879,0.001848349,0.000946416,-0.001432879,,,
1786043776645782559,1786043776.645229317,/novatel/oem7/inspva,/novatel/oem7/inspva,/novatel/oem7/inspva,39.663,-75.756,-1.801811486,0.002091465,-0.001667588,0.000944152,0.001866227,-0.001667588,,novatel_oem7_msgs.msg.InertialSolutionStatus(status=3),
1786043776647184696,1786043776.645396188,/novatel/oem7/fix,/novatel/oem7/fix,/novatel/oem7/inspva,39.663,-75.756,-1.801811486,0.002091465,-0.001667588,0.000944152,0.001866227,-0.001667588,,0,
1786043776648314358,1786043776.646030828,/novatel/oem7/odom,/novatel/oem7/fix,/novatel/oem7/odom,39.663,-75.756,-1.801811486,0.002099077,-0.001657996,0.001916596,0.000856027,-0.001657996,,,
1786043776657218407,1786043776.656538914,/novatel/oem7/odom,/novatel/oem7/fix,/novatel/oem7/odom,39.663,-75.756,-1.801811486,0.002099077,-0.001657996,0.001916596,0.000856027,-0.001657996,,,
1786043776666548808,1786043776.666010255,/novatel/oem7/inspva,/novatel/oem7/inspva,/novatel/oem7/inspva,39.663,-75.756,-1.801817873,0.001968666,-0.001474917,0.000978923,0.001708026,-0.001474917,,novatel_oem7_msgs.msg.InertialSolutionStatus(status=3),
1786043776667896811,1786043776.666126057,/novatel/oem7/fix,/novatel/oem7/fix,/novatel/oem7/inspva,39.663,-75.756,-1.801817873,0.001968666,-0.001474917,0.000978923,0.001708026,-0.001474917,,0,
1786043776668952479,1786043776.666459010,/novatel/oem7/odom,/novatel/oem7/fix,/novatel/oem7/odom,39.663,-75.756,-1.801817873,0.001975444,-0.001465826,0.001759537,0.000898003,-0.001465826,,,
1786043776675336156,1786043776.674590675,/novatel/oem7/odom,/novatel/oem7/fix,/novatel/oem7/odom,39.663,-75.756,-1.801817873,0.001975444,-0.001465826,0.001759537,0.000898003,-0.001465826,,,
1786043776685790874,1786043776.685265983,/novatel/oem7/inspva,/novatel/oem7/inspva,/novatel/oem7/inspva,39.663,-75.756,-1.801835515,0.002072538,-0.001832729,0.001467064,0.001463945,-0.001832729,,novatel_oem7_msgs.msg.InertialSolutionStatus(status=3),
1786043776687153245,1786043776.685463545,/novatel/oem7/fix,/novatel/oem7/fix,/novatel/oem7/inspva,39.663,-75.756,-1.801835515,0.002072538,-0.001832729,0.001467064,0.001463945,-0.001832729,,0,
1786043776688271846,1786043776.686104617,/novatel/oem7/odom,/novatel/oem7/fix,/novatel/oem7/odom,39.663,-75.756,-1.801835515,0.002080914,-0.001823213,0.001541008,0.001398391,-0.001823213,,,
1786043776696132898,1786043776.695486492,/novatel/oem7/odom,/novatel/oem7/fix,/novatel/oem7/odom,39.663,-75.756,-1.801835515,0.002080914,-0.001823213,0.001541008,0.001398391,-0.001823213,,,
1786043776706239140,1786043776.705736344,/novatel/oem7/inspva,/novatel/oem7/inspva,/novatel/oem7/inspva,39.663,-75.756,-1.801843820,0.001933668,-0.001874032,0.001331029,0.001402652,-0.001874032,,novatel_oem7_msgs.msg.InertialSolutionStatus(status=3),
1786043776707627220,1786043776.705817983,/novatel/oem7/fix,/novatel/oem7/fix,/novatel/oem7/inspva,39.663,-75.756,-1.801843820,0.001933668,-0.001874032,0.001331029,0.001402652,-0.001874032,,0,
1786043776708726315,1786043776.706307330,/novatel/oem7/odom,/novatel/oem7/fix,/novatel/oem7/odom,39.663,-75.756,-1.801843820,0.001942278,-0.001865107,0.001473307,0.001265626,-0.001865107,,,
1786043776710272937,1786043776.709437206,/novatel/oem7/bestpos,/novatel/oem7/bestpos,/novatel/oem7/odom,39.663,-75.756,33.180539398,0.001942278,-0.001865107,0.001473307,0.001265626,-0.001865107,,novatel_oem7_msgs.msg.SolutionStatus(status=0),novatel_oem7_msgs.msg.PositionOrVelocityType(type=53)
1786043776711735292,1786043776.710132223,/novatel/oem7/bestvel,/novatel/oem7/bestpos,/novatel/oem7/bestvel,39.663,-75.756,33.180539398,0.002290198,-0.002150252,,,,46.266895694,novatel_oem7_msgs.msg.SolutionStatus(status=0),novatel_oem7_msgs.msg.PositionOrVelocityType(type=53)
1786043776714959257,1786043776.714299841,/novatel/oem7/odom,/novatel/oem7/bestpos,/novatel/oem7/odom,39.663,-75.756,33.180539398,0.001942278,-0.001865107,0.001473307,0.001265626,-0.001865107,,,
1786043776727059136,1786043776.726519857,/novatel/oem7/inspva,/novatel/oem7/inspva,/novatel/oem7/inspva,39.663,-75.756,-1.801858773,0.001935011,-0.001650767,0.001261777,0.001467033,-0.001650767,,novatel_oem7_msgs.msg.InertialSolutionStatus(status=3),
1786043776728373372,1786043776.726677282,/novatel/oem7/fix,/novatel/oem7/fix,/novatel/oem7/inspva,39.663,-75.756,-1.801858773,0.001935011,-0.001650767,0.001261777,0.001467033,-0.001650767,,0,
1786043776729401896,1786043776.726970288,/novatel/oem7/odom,/novatel/oem7/fix,/novatel/oem7/odom,39.663,-75.756,-1.801858773,0.001942603,-0.001641826,0.001533339,0.001192719,-0.001641826,,,
1786043776735379496,1786043776.734712283,/novatel/oem7/odom,/novatel/oem7/fix,/novatel/oem7/odom,39.663,-75.756,-1.801858773,0.001942603,-0.001641826,0.001533339,0.001192719,-0.001641826,,,
1786043776745358263,1786043776.744852012,/novatel/oem7/inspva,/novatel/oem7/inspva,/novatel/oem7/inspva,39.663,-75.756,-1.801869975,0.001819613,-0.001542762,0.001193932,0.001373141,-0.001542762,,novatel_oem7_msgs.msg.InertialSolutionStatus(status=3),
1786043776746804287,1786043776.744919279,/novatel/oem7/fix,/novatel/oem7/fix,/novatel/oem7/inspva,39.663,-75.756,-1.801869975,0.001819613,-0.001542762,0.001193932,0.001373141,-0.001542762,,0,
1786043776747901042,1786043776.745356890,/novatel/oem7/odom,/novatel/oem7/fix,/novatel/oem7/odom,39.663,-75.756,-1.801869975,0.001826731,-0.001534326,0.001435833,0.001129305,-0.001534326,,,
1786043776756248269,1786043776.755590249,/novatel/oem7/odom,/novatel/oem7/fix,/novatel/oem7/odom,39.663,-75.756,-1.801869975,0.001826731,-0.001534326,0.001435833,0.001129305,-0.001534326,,,
1786043776765768025,1786043776.765258378,/novatel/oem7/inspva,/novatel/oem7/inspva,/novatel/oem7/inspva,39.663,-75.756,-1.801890646,0.001898600,-0.001983931,0.001211221,0.001462062,-0.001983931,,novatel_oem7_msgs.msg.InertialSolutionStatus(status=3),
1786043776767105108,1786043776.765323414,/novatel/oem7/fix,/novatel/oem7/fix,/novatel/oem7/inspva,39.663,-75.756,-1.801890646,0.001898600,-0.001983931,0.001211221,0.001462062,-0.001983931,,0,
1786043776768186019,1786043776.765954450,/novatel/oem7/odom,/novatel/oem7/fix,/novatel/oem7/odom,39.663,-75.756,-1.801890646,0.001907775,-0.001975111,0.001527182,0.001143381,-0.001975111,,,
1786043776775528086,1786043776.774834866,/novatel/oem7/odom,/novatel/oem7/fix,/novatel/oem7/odom,39.663,-75.756,-1.801890646,0.001907775,-0.001975111,0.001527182,0.001143381,-0.001975111,,,
1786043776786606574,1786043776.786088656,/novatel/oem7/inspva,/novatel/oem7/inspva,/novatel/oem7/inspva,39.663,-75.756,-1.801903985,0.001785001,-0.001925776,0.001301467,0.001221643,-0.001925776,,novatel_oem7_msgs.msg.InertialSolutionStatus(status=3),
1786043776787974848,1786043776.786241637,/novatel/oem7/fix,/novatel/oem7/fix,/novatel/oem7/inspva,39.663,-75.756,-1.801903985,0.001785001,-0.001925776,0.001301467,0.001221643,-0.001925776,,0,
1786043776789073916,1786043776.786610624,/novatel/oem7/odom,/novatel/oem7/fix,/novatel/oem7/odom,39.663,-75.756,-1.801903985,0.001793775,-0.001917607,0.001291253,0.001245108,-0.001917607,,,
1786043776795039699,1786043776.794398246,/novatel/oem7/odom,/novatel/oem7/fix,/novatel/oem7/odom,39.663,-75.756,-1.801903985,0.001793775,-0.001917607,0.001291253,0.001245108,-0.001917607,,,
1786043776806768920,1786043776.806218950,/novatel/oem7/inspva,/novatel/oem7/inspva,/novatel/oem7/inspva,39.663,-75.756,-1.801925139,0.002231047,-0.001928075,0.001528881,0.001624836,-0.001928075,,novatel_oem7_msgs.msg.InertialSolutionStatus(status=3),
1786043776808081383,1786043776.806286902,/novatel/oem7/fix,/novatel/oem7/fix,/novatel/oem7/inspva,39.663,-75.756,-1.801925139,0.002231047,-0.001928075,0.001528881,0.001624836,-0.001928075,,0,
1786043776809083537,1786043776.807065063,/novatel/oem7/odom,/novatel/oem7/fix,/novatel/oem7/odom,39.663,-75.756,-1.801925139,0.002239897,-0.001917786,0.001705060,0.001452552,-0.001917786,,,
1786043776810845581,1786043776.810161619,/novatel/oem7/bestpos,/novatel/oem7/bestpos,/novatel/oem7/odom,39.663,-75.756,33.180457953,0.002239897,-0.001917786,0.001705060,0.001452552,-0.001917786,,novatel_oem7_msgs.msg.SolutionStatus(status=0),novatel_oem7_msgs.msg.PositionOrVelocityType(type=53)
1786043776812180761,1786043776.810497859,/novatel/oem7/bestvel,/novatel/oem7/bestpos,/novatel/oem7/bestvel,39.663,-75.756,33.180457953,0.002044324,-0.001785476,,,,46.013329891,novatel_oem7_msgs.msg.SolutionStatus(status=0),novatel_oem7_msgs.msg.PositionOrVelocityType(type=53)
1786043776816076720,1786043776.815471697,/novatel/oem7/odom,/novatel/oem7/bestpos,/novatel/oem7/odom,39.663,-75.756,33.180457953,0.002239897,-0.001917786,0.001705060,0.001452552,-0.001917786,,,
1786043776825465655,1786043776.825009491,/novatel/oem7/inspva,/novatel/oem7/inspva,/novatel/oem7/inspva,39.663,-75.756,-1.801940937,0.002104898,-0.001940380,0.001752425,0.001166019,-0.001940380,,novatel_oem7_msgs.msg.InertialSolutionStatus(status=3),
1786043776826714800,1786043776.825073976,/novatel/oem7/fix,/novatel/oem7/fix,/novatel/oem7/inspva,39.663,-75.756,-1.801940937,0.002104898,-0.001940380,0.001752425,0.001166019,-0.001940380,,0,
1786043776827710637,1786043776.825590036,/novatel/oem7/odom,/novatel/oem7/fix,/novatel/oem7/odom,39.663,-75.756,-1.801940937,0.002113347,-0.001931175,0.001257761,0.001698315,-0.001931175,,,
1786043776835307856,1786043776.834675564,/novatel/oem7/odom,/novatel/oem7/fix,/novatel/oem7/odom,39.663,-75.756,-1.801940937,0.002113347,-0.001931175,0.001257761,0.001698315,-0.001931175,,,
1786043776847276207,1786043776.846684588,/novatel/oem7/inspva,/novatel/oem7/inspva,/novatel/oem7/inspva,39.663,-75.756,-1.801964323,0.001914416,-0.001982655,0.001381921,0.001324871,-0.001982655,,novatel_oem7_msgs.msg.InertialSolutionStatus(status=3),
1786043776848698495,1786043776.846873073,/novatel/oem7/fix,/novatel/oem7/fix,/novatel/oem7/inspva,39.663,-75.756,-1.801964323,0.001914416,-0.001982655,0.001381921,0.001324871,-0.001982655,,0,
1786043776849828869,1786043776.847296351,/novatel/oem7/odom,/novatel/oem7/fix,/novatel/oem7/odom,39.663,-75.756,-1.801964323,0.001923456,-0.001973886,0.001398467,0.001320596,-0.001973886,,,
1786043776857481996,1786043776.856829743,/novatel/oem7/odom,/novatel/oem7/fix,/novatel/oem7/odom,39.663,-75.756,-1.801964323,0.001923456,-0.001973886,0.001398467,0.001320596,-0.001973886,,,
1786043776865668912,1786043776.865151133,/novatel/oem7/inspva,/novatel/oem7/inspva,/novatel/oem7/inspva,39.663,-75.756,-1.801982226,0.002052805,-0.002036404,0.001713863,0.001129903,-0.002036404,,novatel_oem7_msgs.msg.InertialSolutionStatus(status=3),
1786043776867000059,1786043776.865300575,/novatel/oem7/fix,/novatel/oem7/fix,/novatel/oem7/inspva,39.663,-75.756,-1.801982226,0.002052805,-0.002036404,0.001713863,0.001129903,-0.002036404,,0,
1786043776868071963,1786043776.865640908,/novatel/oem7/odom,/novatel/oem7/fix,/novatel/oem7/odom,39.663,-75.756,-1.801982226,0.002061652,-0.002027446,0.001220167,0.001661807,-0.002027446,,,
1786043776876371599,1786043776.875715189,/novatel/oem7/odom,/novatel/oem7/fix,/novatel/oem7/odom,39.663,-75.756,-1.801982226,0.002061652,-0.002027446,0.001220167,0.001661807,-0.002027446,,,
1786043776885989606,1786043776.885461311,/novatel/oem7/inspva,/novatel/oem7/inspva,/novatel/oem7/inspva,39.663,-75.756,-1.802006392,0.001791392,-0.001836087,0.001391813,0.001127803,-0.001836087,,novatel_oem7_msgs.msg.InertialSolutionStatus(status=3),
1786043776887383000,1786043776.885622122,/novatel/oem7/fix,/novatel/oem7/fix,/novatel/oem7/inspva,39.663,-75.756,-1.802006392,0.001791392,-0.001836087,0.001391813,0.001127803,-0.001836087,,0,
1786043776888517501,1786043776.886208935,/novatel/oem7/odom,/novatel/oem7/fix,/novatel/oem7/odom,39.663,-75.756,-1.802006392,0.001799617,-0.001828026,0.001201536,0.001339750,-0.001828026,,,
1786043776895292683,1786043776.894661570,/novatel/oem7/odom,/novatel/oem7/fix,/novatel/oem7/odom,39.663,-75.756,-1.802006392,0.001799617,-0.001828026,0.001201536,0.001339750,-0.001828026,,,
1786043776906397855,1786043776.905853929,/novatel/oem7/inspva,/novatel/oem7/inspva,/novatel/oem7/inspva,39.663,-75.756,-1.802028242,0.002128003,-0.002268031,0.001644791,0.001350206,-0.002268031,,novatel_oem7_msgs.msg.InertialSolutionStatus(status=3),
1786043776907819932,1786043776.906013981,/novatel/oem7/fix,/novatel/oem7/fix,/novatel/oem7/inspva,39.663,-75.756,-1.802028242,0.002128003,-0.002268031,0.001644791,0.001350206,-0.002268031,,0,
1786043776908931873,1786043776.906515369,/novatel/oem7/odom,/novatel/oem7/fix,/novatel/oem7/odom,39.663,-75.756,-1.802028242,0.002138158,-0.002258459,0.001437686,0.001582650,-0.002258459,,,
1786043776910446985,1786043776.909008901,/novatel/oem7/bestpos,/novatel/oem7/bestpos,/novatel/oem7/odom,39.663,-75.756,33.180355595,0.002138158,-0.002258459,0.001437686,0.001582650,-0.002258459,,novatel_oem7_msgs.msg.SolutionStatus(status=0),novatel_oem7_msgs.msg.PositionOrVelocityType(type=53)
1786043776911379831,1786043776.909345907,/novatel/oem7/bestvel,/novatel/oem7/bestpos,/novatel/oem7/bestvel,39.663,-75.756,33.180355595,0.002112330,-0.002254823,,,,38.566392485,novatel_oem7_msgs.msg.SolutionStatus(status=0),novatel_oem7_msgs.msg.PositionOrVelocityType(type=53)
1786043776915065538,1786043776.914395485,/novatel/oem7/odom,/novatel/oem7/bestpos,/novatel/oem7/odom,39.663,-75.756,33.180355595,0.002138158,-0.002258459,0.001437686,0.001582650,-0.002258459,,,
1786043776925815873,1786043776.925285297,/novatel/oem7/inspva,/novatel/oem7/inspva,/novatel/oem7/inspva,39.663,-75.756,-1.802049848,0.001640590,-0.001800403,0.001462840,0.000742722,-0.001800403,,novatel_oem7_msgs.msg.InertialSolutionStatus(status=3),
1786043776927176110,1786043776.925440612,/novatel/oem7/fix,/novatel/oem7/fix,/novatel/oem7/inspva,39.663,-75.756,-1.802049848,0.001640590,-0.001800403,0.001462840,0.000742722,-0.001800403,,0,
1786043776928233714,1786043776.926013968,/novatel/oem7/odom,/novatel/oem7/fix,/novatel/oem7/odom,39.663,-75.756,-1.802049848,0.001648011,-0.001793614,0.000820234,0.001429390,-0.001793614,,,
1786043776936293228,1786043776.935620111,/novatel/oem7/odom,/novatel/oem7/fix,/novatel/oem7/odom,39.663,-75.756,-1.802049848,0.001648011,-0.001793614,0.000820234,0.001429390,-0.001793614,,,
1786043776945804597,1786043776.945267345,/novatel/oem7/inspva,/novatel/oem7/inspva,/novatel/oem7/inspva,39.663,-75.756,-1.802072089,0.002230093,-0.002068521,0.001940450,0.001099075,-0.002068521,,novatel_oem7_msgs.msg.InertialSolutionStatus(status=3),
1786043776947175937,1786043776.945414867,/novatel/oem7/fix,/novatel/oem7/fix,/novatel/oem7/inspva,39.663,-75.756,-1.802072089,0.002230093,-0.002068521,0.001940450,0.001099075,-0.002068521,,0,
1786043776948316142,1786043776.945781510,/novatel/oem7/odom,/novatel/oem7/fix,/novatel/oem7/odom,39.663,-75.756,-1.802072089,0.002238795,-0.002059099,0.001200545,0.001889682,-0.002059099,,,
1786043776956331676,1786043776.955681313,/novatel/oem7/odom,/novatel/oem7/fix,/novatel/oem7/odom,39.663,-75.756,-1.802072089,0.002238795,-0.002059099,0.001200545,0.001889682,-0.002059099,,,
1786043776967375690,1786043776.966813625,/novatel/oem7/inspva,/novatel/oem7/inspva,/novatel/oem7/inspva,39.663,-75.756,-1.802099304,0.001690776,-0.001988075,0.001414978,0.000925506,-0.001988075,,novatel_oem7_msgs.msg.InertialSolutionStatus(status=3),
1786043776968766121,1786043776.966985986,/novatel/oem7/fix,/novatel/oem7/fix,/novatel/oem7/inspva,39.663,-75.756,-1.802099304,0.001690776,-0.001988075,0.001414978,0.000925506,-0.001988075,,0,
1786043776969834962,1786043776.967381313,/novatel/oem7/odom,/novatel/oem7/fix,/novatel/oem7/odom,39.663,-75.756,-1.802099304,0.001699401,-0.001980708,0.001001217,0.001373145,-0.001980708,,,
1786043776975723451,1786043776.975052564,/novatel/oem7/odom,/novatel/oem7/fix,/novatel/oem7/odom,39.663,-75.756,-1.802099304,0.001699401,-0.001980708,0.001001217,0.001373145,-0.001980708,,,
1786043776985693191,1786043776.985179219,/novatel/oem7/inspva,/novatel/oem7/inspva,/novatel/oem7/inspva,39.663,-75.756,-1.802125156,0.002185728,-0.002451889,0.001754644,0.001303315,-0.002451889,,novatel_oem7_msgs.msg.InertialSolutionStatus(status=3),
1786043776987078675,1786043776.985330331,/novatel/oem7/fix,/novatel/oem7/fix,/novatel/oem7/inspva,39.663,-75.756,-1.802125156,0.002185728,-0.002451889,0.001754644,0.001303315,-0.002451889,,0,
1786043776988141912,1786043776.985669171,/novatel/oem7/odom,/novatel/oem7/fix,/novatel/oem7/odom,39.663,-75.756,-1.802125156,0.002196556,-0.002442193,0.001396941,0.001695115,-0.002442193,,,
1786043776996181077,1786043776.995536976,/novatel/oem7/odom,/novatel/oem7/fix,/novatel/oem7/odom,39.663,-75.756,-1.802125156,0.002196556,-0.002442193,0.001396941,0.001695115,-0.002442193,,,
1786043777008841820,1786043777.008246318,/novatel/oem7/inspva,/novatel/oem7/inspva,/novatel/oem7/inspva,39.663,-75.756,-1.802151798,0.001555424,-0.001954429,0.001346422,0.000778775,-0.001954429,,novatel_oem7_msgs.msg.InertialSolutionStatus(status=3),
1786043777010228638,1786043777.008398559,/novatel/oem7/fix,/novatel/oem7/fix,/novatel/oem7/inspva,39.663,-75.756,-1.802151798,0.001555424,-0.001954429,0.001346422,0.000778775,-0.001954429,,0,
1786043777011343782,1786043777.009571261,/novatel/oem7/odom,/novatel/oem7/fix,/novatel/oem7/odom,39.663,-75.756,-1.802151798,0.001563695,-0.001947818,0.000851172,0.001311735,-0.001947818,,,
1786043777016776954,1786043777.016105650,/novatel/oem7/odom,/novatel/oem7/fix,/novatel/oem7/odom,39.663,-75.756,-1.802151798,0.001563695,-0.001947818,0.000851172,0.001311735,-0.001947818,,,
1786043777027271505,1786043777.026680036,/novatel/oem7/bestpos,/novatel/oem7/bestpos,/novatel/oem7/odom,39.663,-75.756,33.180232246,0.001563695,-0.001947818,0.000851172,0.001311735,-0.001947818,,novatel_oem7_msgs.msg.SolutionStatus(status=0),novatel_oem7_msgs.msg.PositionOrVelocityType(type=53)
1786043777028742214,1786043777.027089174,/novatel/oem7/bestvel,/novatel/oem7/bestpos,/novatel/oem7/bestvel,39.663,-75.756,33.180232246,0.001607548,-0.001942587,,,,21.382128406,novatel_oem7_msgs.msg.SolutionStatus(status=0),novatel_oem7_msgs.msg.PositionOrVelocityType(type=53)
1786043777029686390,1786043777.027550638,/novatel/oem7/inspva,/novatel/oem7/inspva,/novatel/oem7/inspva,39.663,-75.756,-1.802179088,0.002320935,-0.002198006,0.001944010,0.001267898,-0.002198006,,novatel_oem7_msgs.msg.InertialSolutionStatus(status=3),
1786043777030692967,1786043777.027699800,/novatel/oem7/fix,/novatel/oem7/fix,/novatel/oem7/inspva,39.663,-75.756,-1.802179088,0.002320935,-0.002198006,0.001944010,0.001267898,-0.002198006,,0,
1786043777031974373,1786043777.028093597,/novatel/oem7/odom,/novatel/oem7/fix,/novatel/oem7/odom,39.663,-75.756,-1.802179088,0.002330447,-0.002187918,0.001369811,0.001885365,-0.002187918,,,
1786043777035501722,1786043777.034847405,/novatel/oem7/odom,/novatel/oem7/fix,/novatel/oem7/odom,39.663,-75.756,-1.802179088,0.002330447,-0.002187918,0.001369811,0.001885365,-0.002187918,,,
1786043777045849866,1786043777.045296213,/novatel/oem7/inspva,/novatel/oem7/inspva,/novatel/oem7/inspva,39.663,-75.756,-1.802170055,0.001763785,-0.002323809,0.001605577,0.000730109,-0.002323809,,novatel_oem7_msgs.msg.InertialSolutionStatus(status=3),
1786043777047252556,1786043777.045463265,/novatel/oem7/fix,/novatel/oem7/fix,/novatel/oem7/inspva,39.663,-75.756,-1.802170055,0.001763785,-0.002323809,0.001605577,0.000730109,-0.002323809,,0,
1786043777048393448,1786043777.046095168,/novatel/oem7/odom,/novatel/oem7/fix,/novatel/oem7/odom,39.663,-75.756,-1.802170055,0.001773135,-0.002316682,0.000816597,0.001573905,-0.002316682,,,
1786043777056949510,1786043777.056276064,/novatel/oem7/odom,/novatel/oem7/fix,/novatel/oem7/odom,39.663,-75.756,-1.802170055,0.001773135,-0.002316682,0.000816597,0.001573905,-0.002316682,,,
1786043777065685841,1786043777.065158350,/novatel/oem7/inspva,/novatel/oem7/inspva,/novatel/oem7/inspva,39.663,-75.756,-1.802151414,0.002272392,-0.002178657,0.002019021,0.001042747,-0.002178657,,novatel_oem7_msgs.msg.InertialSolutionStatus(status=3),
1786043777067018412,1786043777.065304771,/novatel/oem7/fix,/novatel/oem7/fix,/novatel/oem7/inspva,39.663,-75.756,-1.802151414,0.002272392,-0.002178657,0.002019021,0.001042747,-0.002178657,,0,
1786043777068048465,1786043777.065798066,/novatel/oem7/odom,/novatel/oem7/fix,/novatel/oem7/odom,39.663,-75.756,-1.802151414,0.002281389,-0.002169235,0.001148491,0.001971219,-0.002169235,,,
1786043777075203867,1786043777.074549721,/novatel/oem7/odom,/novatel/oem7/fix,/novatel/oem7/odom,39.663,-75.756,-1.802151414,0.002281389,-0.002169235,0.001148491,0.001971219,-0.002169235,,,
1786043777087121457,1786043777.086625239,/novatel/oem7/inspva,/novatel/oem7/inspva,/novatel/oem7/inspva,39.663,-75.756,-1.802143900,0.001984245,-0.002064993,0.001662035,0.001083915,-0.002064993,,novatel_oem7_msgs.msg.InertialSolutionStatus(status=3),
1786043777088479251,1786043777.086767573,/novatel/oem7/fix,/novatel/oem7/fix,/novatel/oem7/inspva,39.663,-75.756,-1.802143900,0.001984245,-0.002064993,0.001662035,0.001083915,-0.002064993,,0,
1786043777089547335,1786043777.087212408,/novatel/oem7/odom,/novatel/oem7/fix,/novatel/oem7/odom,39.663,-75.756,-1.802143900,0.001993187,-0.002056364,0.001171757,0.001612383,-0.002056364,,,
1786043777095779754,1786043777.095121731,/novatel/oem7/odom,/novatel/oem7/fix,/novatel/oem7/odom,39.663,-75.756,-1.802143900,0.001993187,-0.002056364,0.001171757,0.001612383,-0.002056364,,,
1786043777106310157,1786043777.105801111,/novatel/oem7/inspva,/novatel/oem7/inspva,/novatel/oem7/inspva,39.663,-75.756,-1.802128907,0.002168118,-0.002281123,0.001783323,0.001233083,-0.002281123,,novatel_oem7_msgs.msg.InertialSolutionStatus(status=3),
1786043777107652147,1786043777.105943353,/novatel/oem7/fix,/novatel/oem7/fix,/novatel/oem7/inspva,39.663,-75.756,-1.802128907,0.002168118,-0.002281123,0.001783323,0.001233083,-0.002281123,,0,
1786043777108750478,1786043777.106461701,/novatel/oem7/odom,/novatel/oem7/fix,/novatel/oem7/odom,39.663,-75.756,-1.802128907,0.002178074,-0.002271619,0.001327532,0.001726750,-0.002271619,,,
1786043777110208943,1786043777.109212123,/novatel/oem7/bestpos,/novatel/oem7/bestpos,/novatel/oem7/odom,39.663,-75.756,33.180287125,0.002178074,-0.002271619,0.001327532,0.001726750,-0.002271619,,novatel_oem7_msgs.msg.SolutionStatus(status=0),novatel_oem7_msgs.msg.PositionOrVelocityType(type=53)
1786043777111628143,1786043777.109750498,/novatel/oem7/bestvel,/novatel/oem7/bestpos,/novatel/oem7/bestvel,39.663,-75.756,33.180287125,0.002520928,-0.002567044,,,,41.389236900,novatel_oem7_msgs.msg.SolutionStatus(status=0),novatel_oem7_msgs.msg.PositionOrVelocityType(type=53)
1786043777116016241,1786043777.115342670,/novatel/oem7/odom,/novatel/oem7/bestpos,/novatel/oem7/odom,39.663,-75.756,33.180287125,0.002178074,-0.002271619,0.001327532,0.001726750,-0.002271619,,,
1786043777125737452,1786043777.125216933,/novatel/oem7/inspva,/novatel/oem7/inspva,/novatel/oem7/inspva,39.663,-75.756,-1.802124945,0.002006230,-0.002413397,0.001679056,0.001098057,-0.002413397,,novatel_oem7_msgs.msg.InertialSolutionStatus(status=3),
1786043777127178606,1786043777.125360965,/novatel/oem7/fix,/novatel/oem7/fix,/novatel/oem7/inspva,39.663,-75.756,-1.802124945,0.002006230,-0.002413397,0.001679056,0.001098057,-0.002413397,,0,
1786043777128244114,1786043777.125937141,/novatel/oem7/odom,/novatel/oem7/fix,/novatel/oem7/odom,39.663,-75.756,-1.802124945,0.002016647,-0.002404700,0.001188048,0.001629541,-0.002404700,,,
1786043777135761366,1786043777.135122679,/novatel/oem7/odom,/novatel/oem7/fix,/novatel/oem7/odom,39.663,-75.756,-1.802124945,0.002016647,-0.002404700,0.001188048,0.001629541,-0.002404700,,,
1786043777146456747,1786043777.145915338,/novatel/oem7/inspva,/novatel/oem7/inspva,/novatel/oem7/inspva,39.663,-75.756,-1.802111829,0.001875187,-0.002211369,0.001444218,0.001196060,-0.002211369,,novatel_oem7_msgs.msg.InertialSolutionStatus(status=3),
1786043777147796567,1786043777.146073719,/novatel/oem7/fix,/novatel/oem7/fix,/novatel/oem7/inspva,39.663,-75.756,-1.802111829,0.001875187,-0.002211369,0.001444218,0.001196060,-0.002211369,,0,
1786043777148846687,1786043777.146360362,/novatel/oem7/odom,/novatel/oem7/fix,/novatel/oem7/odom,39.663,-75.756,-1.802111829,0.001885078,-0.002202943,0.001273693,0.001389685,-0.002202943,,,
1786043777156536218,1786043777.155847554,/novatel/oem7/odom,/novatel/oem7/fix,/novatel/oem7/odom,39.663,-75.756,-1.802111829,0.001885078,-0.002202943,0.001273693,0.001389685,-0.002202943,,,
1786043777165662263,1786043777.165110121,/novatel/oem7/inspva,/novatel/oem7/inspva,/novatel/oem7/inspva,39.663,-75.756,-1.802113450,0.002035444,-0.002643119,0.001780477,0.000986373,-0.002643119,,novatel_oem7_msgs.msg.InertialSolutionStatus(status=3),
1786043777167041000,1786043777.165289962,/novatel/oem7/fix,/novatel/oem7/fix,/novatel/oem7/inspva,39.663,-75.756,-1.802113450,0.002035444,-0.002643119,0.001780477,0.000986373,-0.002643119,,0,
1786043777168131388,1786043777.165819588,/novatel/oem7/odom,/novatel/oem7/fix,/novatel/oem7/odom,39.663,-75.756,-1.802113450,0.002046555,-0.002634526,0.001082369,0.001736912,-0.002634526,,,
1786043777176047641,1786043777.175381741,/novatel/oem7/odom,/novatel/oem7/fix,/novatel/oem7/odom,39.663,-75.756,-1.802113450,0.002046555,-0.002634526,0.001082369,0.001736912,-0.002634526,,,
1786043777187708705,1786043777.187017126,/novatel/oem7/inspva,/novatel/oem7/inspva,/novatel/oem7/inspva,39.663,-75.756,-1.802102392,0.001873651,-0.002351116,0.001460579,0.001173574,-0.002351116,,novatel_oem7_msgs.msg.InertialSolutionStatus(status=3),
1786043777189091458,1786043777.187122001,/novatel/oem7/fix,/novatel/oem7/fix,/novatel/oem7/inspva,39.663,-75.756,-1.802102392,0.001873651,-0.002351116,0.001460579,0.001173574,-0.002351116,,0,
1786043777190105269,1786043777.187680701,/novatel/oem7/odom,/novatel/oem7/fix,/novatel/oem7/odom,39.663,-75.756,-1.802102392,0.001884147,-0.002342713,0.001252584,0.001407495,-0.002342713,,,
1786043777195007291,1786043777.194339244,/novatel/oem7/odom,/novatel/oem7/fix,/novatel/oem7/odom,39.663,-75.756,-1.802102392,0.001884147,-0.002342713,0.001252584,0.001407495,-0.002342713,,,
1786043777206382362,1786043777.205833707,/novatel/oem7/inspva,/novatel/oem7/inspva,/novatel/oem7/inspva,39.663,-75.756,-1.802100871,0.002043359,-0.002220444,0.001454301,0.001435383,-0.002220444,,novatel_oem7_msgs.msg.InertialSolutionStatus(status=3),
1786043777207742836,1786043777.205990331,/novatel/oem7/fix,/novatel/oem7/fix,/novatel/oem7/inspva,39.663,-75.756,-1.802100871,0.002043359,-0.002220444,0.001454301,0.001435383,-0.002220444,,0,
1786043777208748226,1786043777.206751559,/novatel/oem7/odom,/novatel/oem7/fix,/novatel/oem7/odom,39.663,-75.756,-1.802100871,0.002053490,-0.002211077,0.001513286,0.001388087,-0.002211077,,,
1786043777210771730,1786043777.210206333,/novatel/oem7/bestpos,/novatel/oem7/bestpos,/novatel/oem7/odom,39.663,-75.756,33.180308632,0.002053490,-0.002211077,0.001513286,0.001388087,-0.002211077,,novatel_oem7_msgs.msg.SolutionStatus(status=0),novatel_oem7_msgs.msg.PositionOrVelocityType(type=53)
1786043777212099330,1786043777.210669203,/novatel/oem7/bestvel,/novatel/oem7/bestpos,/novatel/oem7/bestvel,39.663,-75.756,33.180308632,0.002249542,-0.002374543,,,,47.099075091,novatel_oem7_msgs.msg.SolutionStatus(status=0),novatel_oem7_msgs.msg.PositionOrVelocityType(type=53)
1786043777216179078,1786043777.215493387,/novatel/oem7/odom,/novatel/oem7/bestpos,/novatel/oem7/odom,39.663,-75.756,33.180308632,0.002053490,-0.002211077,0.001513286,0.001388087,-0.002211077,,,
1786043777225569075,1786043777.224911448,/novatel/oem7/inspva,/novatel/oem7/inspva,/novatel/oem7/inspva,39.663,-75.756,-1.802091759,0.001824872,-0.002027123,0.001135676,0.001428425,-0.002027123,,novatel_oem7_msgs.msg.InertialSolutionStatus(status=3),
1786043777226862988,1786043777.225076223,/novatel/oem7/fix,/novatel/oem7/fix,/novatel/oem7/inspva,39.663,-75.756,-1.802091759,0.001824872,-0.002027123,0.001135676,0.001428425,-0.002027123,,0,
1786043777227863778,1786043777.225454474,/novatel/oem7/odom,/novatel/oem7/fix,/novatel/oem7/odom,39.663,-75.756,-1.802091759,0.001834247,-0.002018644,0.001490044,0.001069688,-0.002018644,,,
1786043777236073708,1786043777.235380364,/novatel/oem7/odom,/novatel/oem7/fix,/novatel/oem7/odom,39.663,-75.756,-1.802091759,0.001834247,-0.002018644,0.001490044,0.001069688,-0.002018644,,,
1786043777247087731,1786043777.246479722,/novatel/oem7/inspva,/novatel/oem7/inspva,/novatel/oem7/inspva,39.663,-75.756,-1.802093561,0.002041480,-0.002446596,0.001221649,0.001635608,-0.002446596,,novatel_oem7_msgs.msg.InertialSolutionStatus(status=3),
1786043777248392041,1786043777.246636430,/novatel/oem7/fix,/novatel/oem7/fix,/novatel/oem7/inspva,39.663,-75.756,-1.802093561,0.002041480,-0.002446596,0.001221649,0.001635608,-0.002446596,,0,
1786043777249383291,1786043777.247007894,/novatel/oem7/odom,/novatel/oem7/fix,/novatel/oem7/odom,39.663,-75.756,-1.802093561,0.002052780,-0.002437122,0.001702788,0.001146480,-0.002437122,,,
1786043777257221446,1786043777.256502959,/novatel/oem7/odom,/novatel/oem7/fix,/novatel/oem7/odom,39.663,-75.756,-1.802093561,0.002052780,-0.002437122,0.001702788,0.001146480,-0.002437122,,,
1786043777266589730,1786043777.265964044,/novatel/oem7/inspva,/novatel/oem7/inspva,/novatel/oem7/inspva,39.663,-75.756,-1.802079647,0.001869202,-0.002116003,0.000846162,0.001666712,-0.002116003,,novatel_oem7_msgs.msg.InertialSolutionStatus(status=3),
1786043777267858630,1786043777.266123189,/novatel/oem7/fix,/novatel/oem7/fix,/novatel/oem7/inspva,39.663,-75.756,-1.802079647,0.001869202,-0.002116003,0.000846162,0.001666712,-0.002116003,,0,
1786043777268881197,1786043777.266442109,/novatel/oem7/odom,/novatel/oem7/fix,/novatel/oem7/odom,39.663,-75.756,-1.802079647,0.001878848,-0.002107443,0.001714231,0.000769080,-0.002107443,,,
1786043777275599375,1786043777.274892391,/novatel/oem7/odom,/novatel/oem7/fix,/novatel/oem7/odom,39.663,-75.756,-1.802079647,0.001878848,-0.002107443,0.001714231,0.000769080,-0.002107443,,,
1786043777286248112,1786043777.285493517,/novatel/oem7/inspva,/novatel/oem7/inspva,/novatel/oem7/inspva,39.663,-75.756,-1.802073850,0.001850402,-0.001806723,0.001268357,0.001347315,-0.001806723,,novatel_oem7_msgs.msg.InertialSolutionStatus(status=3),
1786043777287836151,1786043777.285685542,/novatel/oem7/fix,/novatel/oem7/fix,/novatel/oem7/inspva,39.663,-75.756,-1.802073850,0.001850402,-0.001806723,0.001268357,0.001347315,-0.001806723,,0,
1786043777288927342,1786043777.286455074,/novatel/oem7/odom,/novatel/oem7/fix,/novatel/oem7/odom,39.663,-75.756,-1.802073850,0.001858697,-0.001798188,0.001414677,0.001205589,-0.001798188,,,
1786043777296133347,1786043777.295469188,/novatel/oem7/odom,/novatel/oem7/fix,/novatel/oem7/odom,39.663,-75.756,-1.802073850,0.001858697,-0.001798188,0.001414677,0.001205589,-0.001798188,,,
1786043777306706707,1786043777.306155085,/novatel/oem7/inspva,/novatel/oem7/inspva,/novatel/oem7/inspva,39.663,-75.756,-1.802062547,0.001860999,-0.001851879,0.000908813,0.001624000,-0.001851879,,novatel_oem7_msgs.msg.InertialSolutionStatus(status=3),
1786043777308089681,1786043777.306344804,/novatel/oem7/fix,/novatel/oem7/fix,/novatel/oem7/inspva,39.663,-75.756,-1.802062547,0.001860999,-0.001851879,0.000908813,0.001624000,-0.001851879,,0,
1786043777309152855,1786043777.306858552,/novatel/oem7/odom,/novatel/oem7/fix,/novatel/oem7/odom,39.663,-75.756,-1.802062547,0.001869511,-0.001843285,0.001673626,0.000833096,-0.001843285,,,
1786043777310643423,1786043777.310030654,/novatel/oem7/bestpos,/novatel/oem7/bestpos,/novatel/oem7/odom,39.663,-75.756,33.180333884,0.001869511,-0.001843285,0.001673626,0.000833096,-0.001843285,,novatel_oem7_msgs.msg.SolutionStatus(status=0),novatel_oem7_msgs.msg.PositionOrVelocityType(type=53)
1786043777312053531,1786043777.310537546,/novatel/oem7/bestvel,/novatel/oem7/bestpos,/novatel/oem7/bestvel,39.663,-75.756,33.180333884,0.002431592,-0.002274472,,,,60.346998850,novatel_oem7_msgs.msg.SolutionStatus(status=0),novatel_oem7_msgs.msg.PositionOrVelocityType(type=53)
1786043777315190766,1786043777.314499176,/novatel/oem7/odom,/novatel/oem7/bestpos,/novatel/oem7/odom,39.663,-75.756,33.180333884,0.001869511,-0.001843285,0.001673626,0.000833096,-0.001843285,,,
1786043777326668588,1786043777.326175146,/novatel/oem7/inspva,/novatel/oem7/inspva,/novatel/oem7/inspva,39.663,-75.756,-1.802060777,0.002045114,-0.001990697,0.001273193,0.001600460,-0.001990697,,novatel_oem7_msgs.msg.InertialSolutionStatus(status=3),
1786043777328040068,1786043777.326367945,/novatel/oem7/fix,/novatel/oem7/fix,/novatel/oem7/inspva,39.663,-75.756,-1.802060777,0.002045114,-0.001990697,0.001273193,0.001600460,-0.001990697,,0,
1786043777329126009,1786043777.326908987,/novatel/oem7/odom,/novatel/oem7/fix,/novatel/oem7/odom,39.663,-75.756,-1.802060777,0.002054324,-0.001981191,0.001668448,0.001198553,-0.001981191,,,
1786043777336310975,1786043777.335672688,/novatel/oem7/odom,/novatel/oem7/fix,/novatel/oem7/odom,39.663,-75.756,-1.802060777,0.002054324,-0.001981191,0.001668448,0.001198553,-0.001981191,,,
1786043777345564378,1786043777.345049733,/novatel/oem7/inspva,/novatel/oem7/inspva,/novatel/oem7/inspva,39.663,-75.756,-1.802050474,0.002101913,-0.001941037,0.001045018,0.001823726,-0.001941037,,novatel_oem7_msgs.msg.InertialSolutionStatus(status=3),
1786043777346906528,1786043777.345220951,/novatel/oem7/fix,/novatel/oem7/fix,/novatel/oem7/inspva,39.663,-75.756,-1.802050474,0.002101913,-0.001941037,0.001045018,0.001823726,-0.001941037,,0,
1786043777347998169,1786043777.345634705,/novatel/oem7/odom,/novatel/oem7/fix,/novatel/oem7/odom,39.663,-75.756,-1.802050474,0.002110832,-0.001931334,0.001880096,0.000959608,-0.001931334,,,
1786043777356406407,1786043777.355728870,/novatel/oem7/odom,/novatel/oem7/fix,/novatel/oem7/odom,39.663,-75.756,-1.802050474,0.002110832,-0.001931334,0.001880096,0.000959608,-0.001931334,,,
1786043777366093840,1786043777.365570912,/novatel/oem7/inspva,/novatel/oem7/inspva,/novatel/oem7/inspva,39.663,-75.756,-1.802052003,0.002288897,-0.001993404,0.001283841,0.001894941,-0.001993404,,novatel_oem7_msgs.msg.InertialSolutionStatus(status=3),
1786043777367485548,1786043777.365763447,/novatel/oem7/fix,/novatel/oem7/fix,/novatel/oem7/inspva,39.663,-75.756,-1.802052003,0.002288897,-0.001993404,0.001283841,0.001894941,-0.001993404,,0,
1786043777368562092,1786043777.366555739,/novatel/oem7/odom,/novatel/oem7/fix,/novatel/oem7/odom,39.663,-75.756,-1.802052003,0.002298125,-0.001982758,0.001963116,0.001194804,-0.001982758,,,
1786043777375260749,1786043777.374630613,/novatel/oem7/odom,/novatel/oem7/fix,/novatel/oem7/odom,39.663,-75.756,-1.802052003,0.002298125,-0.001982758,0.001963116,0.001194804,-0.001982758,,,
1786043777385647674,1786043777.385127342,/novatel/oem7/inspva,/novatel/oem7/inspva,/novatel/oem7/inspva,39.663,-75.756,-1.802043582,0.002053229,-0.001979590,0.000959473,0.001815258,-0.001979590,,novatel_oem7_msgs.msg.InertialSolutionStatus(status=3),
1786043777386979360,1786043777.385287030,/novatel/oem7/fix,/novatel/oem7/fix,/novatel/oem7/inspva,39.663,-75.756,-1.802043582,0.002053229,-0.001979590,0.000959473,0.001815258,-0.001979590,,0,
1786043777388087485,1786043777.385833479,/novatel/oem7/odom,/novatel/oem7/fix,/novatel/oem7/odom,39.663,-75.756,-1.802043582,0.002062302,-0.001970137,0.001867616,0.000874700,-0.001970137,,,
1786043777395666911,1786043777.395004831,/novatel/oem7/odom,/novatel/oem7/fix,/novatel/oem7/odom,39.663,-75.756,-1.802043582,0.002062302,-0.001970137,0.001867616,0.000874700,-0.001970137,,,
1786043777406845150,1786043777.406349615,/novatel/oem7/inspva,/novatel/oem7/inspva,/novatel/oem7/inspva,39.663,-75.756,-1.802040731,0.002202520,-0.001634600,0.001276570,0.001794844,-0.001634600,,novatel_oem7_msgs.msg.InertialSolutionStatus(status=3),
1786043777408223891,1786043777.406511964,/novatel/oem7/fix,/novatel/oem7/fix,/novatel/oem7/inspva,39.663,-75.756,-1.802040731,0.002202520,-0.001634600,0.001276570,0.001794844,-0.001634600,,0,
1786043777409287695,1786043777.407054956,/novatel/oem7/odom,/novatel/oem7/fix,/novatel/oem7/odom,39.663,-75.756,-1.802040731,0.002210067,-0.001624382,0.001861376,0.001191502,-0.001624382,,,
1786043777411182980,1786043777.410369175,/novatel/oem7/bestpos,/novatel/oem7/bestpos,/novatel/oem7/odom,39.663,-75.756,33.180359520,0.002210067,-0.001624382,0.001861376,0.001191502,-0.001624382,,novatel_oem7_msgs.msg.SolutionStatus(status=0),novatel_oem7_msgs.msg.PositionOrVelocityType(type=53)
1786043777412684932,1786043777.410750609,/novatel/oem7/bestvel,/novatel/oem7/bestpos,/novatel/oem7/bestvel,39.663,-75.756,33.180359520,0.001884517,-0.001360460,,,,59.531287203,novatel_oem7_msgs.msg.SolutionStatus(status=0),novatel_oem7_msgs.msg.PositionOrVelocityType(type=53)
1786043777415839134,1786043777.415062533,/novatel/oem7/odom,/novatel/oem7/bestpos,/novatel/oem7/odom,39.663,-75.756,33.180359520,0.002210067,-0.001624382,0.001861376,0.001191502,-0.001624382,,,
1786043777426662359,1786043777.426100374,/novatel/oem7/inspva,/novatel/oem7/inspva,/novatel/oem7/inspva,39.663,-75.756,-1.802035807,0.002024497,-0.001884777,0.000878455,0.001823981,-0.001884777,,novatel_oem7_msgs.msg.InertialSolutionStatus(status=3),
1786043777428095117,1786043777.426255259,/novatel/oem7/fix,/novatel/oem7/fix,/novatel/oem7/inspva,39.663,-75.756,-1.802035807,0.002024497,-0.001884777,0.000878455,0.001823981,-0.001884777,,0,
1786043777429212525,1786043777.426764257,/novatel/oem7/odom,/novatel/oem7/fix,/novatel/oem7/odom,39.663,-75.756,-1.802035807,0.002033062,-0.001875536,0.001871995,0.000793080,-0.001875536,,,
1786043777435187655,1786043777.434433101,/novatel/oem7/odom,/novatel/oem7/fix,/novatel/oem7/odom,39.663,-75.756,-1.802035807,0.002033062,-0.001875536,0.001871995,0.000793080,-0.001875536,,,
1786043777445840629,1786043777.445334117,/novatel/oem7/inspva,/novatel/oem7/inspva,/novatel/oem7/inspva,39.663,-75.756,-1.802037580,0.002321210,-0.001770634,0.001318816,0.001910168,-0.001770634,,novatel_oem7_msgs.msg.InertialSolutionStatus(status=3),
1786043777447192649,1786043777.445506632,/novatel/oem7/fix,/novatel/oem7/fix,/novatel/oem7/inspva,39.663,-75.756,-1.802037580,0.002321210,-0.001770634,0.001318816,0.001910168,-0.001770634,,0,
1786043777448332367,1786043777.446118885,/novatel/oem7/odom,/novatel/oem7/fix,/novatel/oem7/odom,39.663,-75.756,-1.802037580,0.002329394,-0.001759854,0.001979163,0.001228410,-0.001759854,,,
1786043777457289697,1786043777.456529356,/novatel/oem7/odom,/novatel/oem7/fix,/novatel/oem7/odom,39.663,-75.756,-1.802037580,0.002329394,-0.001759854,0.001979163,0.001228410,-0.001759854,,,
1786043777465345792,1786043777.464863193,/novatel/oem7/inspva,/novatel/oem7/inspva,/novatel/oem7/inspva,39.663,-75.756,-1.802035012,0.002207519,-0.002171255,0.001145657,0.001886958,-0.002171255,,novatel_oem7_msgs.msg.InertialSolutionStatus(status=3),
1786043777466758292,1786043777.465026015,/novatel/oem7/fix,/novatel/oem7/fix,/novatel/oem7/inspva,39.663,-75.756,-1.802035012,0.002207519,-0.002171255,0.001145657,0.001886958,-0.002171255,,0,
1786043777467934968,1786043777.465450456,/novatel/oem7/odom,/novatel/oem7/fix,/novatel/oem7/odom,39.663,-75.756,-1.802035012,0.002217544,-0.002161015,0.001949100,0.001057596,-0.002161015,,,
1786043777475084229,1786043777.474336345,/novatel/oem7/odom,/novatel/oem7/fix,/novatel/oem7/odom,39.663,-75.756,-1.802035012,0.002217544,-0.002161015,0.001949100,0.001057596,-0.002161015,,,
1786043777486943905,1786043777.486377466,/novatel/oem7/inspva,/novatel/oem7/inspva,/novatel/oem7/inspva,39.663,-75.756,-1.802032664,0.002421385,-0.001328033,0.001084614,0.002164883,-0.001328033,,novatel_oem7_msgs.msg.InertialSolutionStatus(status=3),
1786043777488349993,1786043777.486579345,/novatel/oem7/fix,/novatel/oem7/fix,/novatel/oem7/inspva,39.663,-75.756,-1.802032664,0.002421385,-0.001328033,0.001084614,0.002164883,-0.001328033,,0,
1786043777489442707,1786043777.487018066,/novatel/oem7/odom,/novatel/oem7/fix,/novatel/oem7/odom,39.663,-75.756,-1.802032664,0.002427444,-0.001316925,0.002220433,0.000980898,-0.001316925,,,
1786043777495288259,1786043777.494589662,/novatel/oem7/odom,/novatel/oem7/fix,/novatel/oem7/odom,39.663,-75.756,-1.802032664,0.002427444,-0.001316925,0.002220433,0.000980898,-0.001316925,,,
1786043777506547319,1786043777.506052564,/novatel/oem7/inspva,/novatel/oem7/inspva,/novatel/oem7/inspva,39.663,-75.756,-1.802032006,0.002360581,-0.001521725,0.000960348,0.002156403,-0.001521725,,novatel_oem7_msgs.msg.InertialSolutionStatus(status=3),
1786043777507939536,1786043777.506247643,/novatel/oem7/fix,/novatel/oem7/fix,/novatel/oem7/inspva,39.663,-75.756,-1.802032006,0.002360581,-0.001521725,0.000960348,0.002156403,-0.001521725,,0,
1786043777509011694,1786043777.506721437,/novatel/oem7/odom,/novatel/oem7/fix,/novatel/oem7/odom,39.663,-75.756,-1.802032006,0.002367470,-0.001510985,0.002206636,0.000857713,-0.001510985,,,
1786043777511890272,1786043777.511349834,/novatel/oem7/bestpos,/novatel/oem7/bestpos,/novatel/oem7/odom,39.663,-75.756,33.180352166,0.002367470,-0.001510985,0.002206636,0.000857713,-0.001510985,,novatel_oem7_msgs.msg.SolutionStatus(status=0),novatel_oem7_msgs.msg.PositionOrVelocityType(type=53)
1786043777513388288,1786043777.512281313,/novatel/oem7/bestvel,/novatel/oem7/bestpos,/novatel/oem7/bestvel,39.663,-75.756,33.180352166,0.002766470,-0.001794531,,,,66.879063043,novatel_oem7_msgs.msg.SolutionStatus(status=0),novatel_oem7_msgs.msg.PositionOrVelocityType(type=53)
1786043777515799315,1786043777.515039194,/novatel/oem7/odom,/novatel/oem7/bestpos,/novatel/oem7/odom,39.663,-75.756,33.180352166,0.002367470,-0.001510985,0.002206636,0.000857713,-0.001510985,,,
1786043777525850760,1786043777.525353111,/novatel/oem7/inspva,/novatel/oem7/inspva,/novatel/oem7/inspva,39.663,-75.756,-1.802038017,0.002421966,-0.001983420,0.001202215,0.002102521,-0.001983420,,novatel_oem7_msgs.msg.InertialSolutionStatus(status=3),
1786043777527213703,1786043777.525535510,/novatel/oem7/fix,/novatel/oem7/fix,/novatel/oem7/inspva,39.663,-75.756,-1.802038017,0.002421966,-0.001983420,0.001202215,0.002102521,-0.001983420,,0,
1786043777528323665,1786043777.526141519,/novatel/oem7/odom,/novatel/oem7/fix,/novatel/oem7/odom,39.663,-75.756,-1.802038017,0.002431083,-0.001972234,0.002166403,0.001103114,-0.001972234,,,
1786043777535543853,1786043777.534871180,/novatel/oem7/odom,/novatel/oem7/fix,/novatel/oem7/odom,39.663,-75.756,-1.802038017,0.002431083,-0.001972234,0.002166403,0.001103114,-0.001972234,,,
1786043777546464397,1786043777.545959192,/novatel/oem7/inspva,/novatel/oem7/inspva,/novatel/oem7/inspva,39.663,-75.756,-1.802032551,0.002445072,-0.001803479,0.001270852,0.002088855,-0.001803479,,novatel_oem7_msgs.msg.InertialSolutionStatus(status=3),
1786043777548143704,1786043777.546120500,/novatel/oem7/fix,/novatel/oem7/fix,/novatel/oem7/inspva,39.663,-75.756,-1.802032551,0.002445072,-0.001803479,0.001270852,0.002088855,-0.001803479,,0,
1786043777549467277,1786043777.546575194,/novatel/oem7/odom,/novatel/oem7/fix,/novatel/oem7/odom,39.663,-75.756,-1.802032551,0.002453385,-0.001792154,0.002155433,0.001171839,-0.001792154,,,
1786043777556339036,1786043777.555674109,/novatel/oem7/odom,/novatel/oem7/fix,/novatel/oem7/odom,39.663,-75.756,-1.802032551,0.002453385,-0.001792154,0.002155433,0.001171839,-0.001792154,,,
1786043777565696700,1786043777.565208961,/novatel/oem7/inspva,/novatel/oem7/inspva,/novatel/oem7/inspva,39.663,-75.756,-1.802035381,0.002706845,-0.001591476,0.001247245,0.002402371,-0.001591476,,novatel_oem7_msgs.msg.InertialSolutionStatus(status=3),
1786043777567042364,1786043777.565367500,/novatel/oem7/fix,/novatel/oem7/fix,/novatel/oem7/inspva,39.663,-75.756,-1.802035381,0.002706845,-0.001591476,0.001247245,0.002402371,-0.001591476,,0,
1786043777568144881,1786043777.565850302,/novatel/oem7/odom,/novatel/oem7/fix,/novatel/oem7/odom,39.663,-75.756,-1.802035381,0.002714116,-0.001579043,0.002466610,0.001132371,-0.001579043,,,
1786043777576063307,1786043777.575400054,/novatel/oem7/odom,/novatel/oem7/fix,/novatel/oem7/odom,39.663,-75.756,-1.802035381,0.002714116,-0.001579043,0.002466610,0.001132371,-0.001579043,,,
1786043777585475042,1786043777.584975677,/novatel/oem7/inspva,/novatel/oem7/inspva,/novatel/oem7/inspva,39.663,-75.756,-1.802033905,0.002690402,-0.001716005,0.001566169,0.002187550,-0.001716005,,novatel_oem7_msgs.msg.InertialSolutionStatus(status=3),
1786043777586854253,1786043777.585130255,/novatel/oem7/fix,/novatel/oem7/fix,/novatel/oem7/inspva,39.663,-75.756,-1.802033905,0.002690402,-0.001716005,0.001566169,0.002187550,-0.001716005,,0,
1786043777587964740,1786043777.585610116,/novatel/oem7/odom,/novatel/oem7/fix,/novatel/oem7/odom,39.663,-75.756,-1.802033905,0.002698324,-0.001703520,0.002268111,0.001461720,-0.001703520,,,
1786043777595037371,1786043777.594361921,/novatel/oem7/odom,/novatel/oem7/fix,/novatel/oem7/odom,39.663,-75.756,-1.802033905,0.002698324,-0.001703520,0.002268111,0.001461720,-0.001703520,,,
1786043777606884590,1786043777.606376932,/novatel/oem7/inspva,/novatel/oem7/inspva,/novatel/oem7/inspva,39.663,-75.756,-1.802039338,0.002593230,-0.001700696,0.001058782,0.002367240,-0.001700696,,novatel_oem7_msgs.msg.InertialSolutionStatus(status=3),
1786043777608204370,1786043777.606559101,/novatel/oem7/fix,/novatel/oem7/fix,/novatel/oem7/inspva,39.663,-75.756,-1.802039338,0.002593230,-0.001700696,0.001058782,0.002367240,-0.001700696,,0,
1786043777609263138,1786043777.606979931,/novatel/oem7/odom,/novatel/oem7/fix,/novatel/oem7/odom,39.663,-75.756,-1.802039338,0.002600906,-0.001688934,0.002422717,0.000946125,-0.001688934,,,
1786043777610714406,1786043777.610033732,/novatel/oem7/bestpos,/novatel/oem7/bestpos,/novatel/oem7/odom,39.663,-75.756,33.180355995,0.002600906,-0.001688934,0.002422717,0.000946125,-0.001688934,,novatel_oem7_msgs.msg.SolutionStatus(status=0),novatel_oem7_msgs.msg.PositionOrVelocityType(type=53)
1786043777612465053,1786043777.610561711,/novatel/oem7/bestvel,/novatel/oem7/bestpos,/novatel/oem7/bestvel,39.663,-75.756,33.180355995,0.002514833,-0.001702189,,,,61.461743388,novatel_oem7_msgs.msg.SolutionStatus(status=0),novatel_oem7_msgs.msg.PositionOrVelocityType(type=53)
1786043777615608192,1786043777.614927614,/novatel/oem7/odom,/novatel/oem7/bestpos,/novatel/oem7/odom,39.663,-75.756,33.180355995,0.002600906,-0.001688934,0.002422717,0.000946125,-0.001688934,,,
1786043777625354796,1786043777.624873468,/novatel/oem7/inspva,/novatel/oem7/inspva,/novatel/oem7/inspva,39.663,-75.756,-1.802036288,0.002873127,-0.001462397,0.001392448,0.002513154,-0.001462397,,novatel_oem7_msgs.msg.InertialSolutionStatus(status=3),
1786043777626771304,1786043777.625030393,/novatel/oem7/fix,/novatel/oem7/fix,/novatel/oem7/inspva,39.663,-75.756,-1.802036288,0.002873127,-0.001462397,0.001392448,0.002513154,-0.001462397,,0,
1786043777627878615,1786043777.625407220,/novatel/oem7/odom,/novatel/oem7/fix,/novatel/oem7/odom,39.663,-75.756,-1.802036288,0.002879810,-0.001449192,0.002583836,0.001271651,-0.001449192,,,
1786043777635137001,1786043777.634531569,/novatel/oem7/odom,/novatel/oem7/fix,/novatel/oem7/odom,39.663,-75.756,-1.802036288,0.002879810,-0.001449192,0.002583836,0.001271651,-0.001449192,,,
1786043777645894979,1786043777.645353494,/novatel/oem7/inspva,/novatel/oem7/inspva,/novatel/oem7/inspva,39.663,-75.756,-1.802048474,0.002679291,-0.002286721,0.001086359,0.002449168,-0.002286721,,novatel_oem7_msgs.msg.InertialSolutionStatus(status=3),
1786043777647220093,1786043777.645555273,/novatel/oem7/fix,/novatel/oem7/fix,/novatel/oem7/inspva,39.663,-75.756,-1.802048474,0.002679291,-0.002286721,0.001086359,0.002449168,-0.002286721,,0,
1786043777648368444,1786043777.645966135,/novatel/oem7/odom,/novatel/oem7/fix,/novatel/oem7/odom,39.663,-75.756,-1.802048474,0.002689564,-0.002274629,0.002508115,0.000971142,-0.002274629,,,
1786043777657151179,1786043777.656511463,/novatel/oem7/odom,/novatel/oem7/fix,/novatel/oem7/odom,39.663,-75.756,-1.802048474,0.002689564,-0.002274629,0.002508115,0.000971142,-0.002274629,,,
1786043777666524180,1786043777.666021105,/novatel/oem7/inspva,/novatel/oem7/inspva,/novatel/oem7/inspva,39.663,-75.756,-1.802046729,0.003023156,-0.002203993,0.001329079,0.002715331,-0.002203993,,novatel_oem7_msgs.msg.InertialSolutionStatus(status=3),
1786043777667889893,1786043777.666183596,/novatel/oem7/fix,/novatel/oem7/fix,/novatel/oem7/inspva,39.663,-75.756,-1.802046729,0.003023156,-0.002203993,0.001329079,0.002715331,-0.002203993,,0,
1786043777668985301,1786043777.666588399,/novatel/oem7/odom,/novatel/oem7/fix,/novatel/oem7/odom,39.663,-75.756,-1.802046729,0.003033133,-0.002190242,0.002785501,0.001200366,-0.002190242,,,
1786043777675176217,1786043777.674559950,/novatel/oem7/odom,/novatel/oem7/fix,/novatel/oem7/odom,39.663,-75.756,-1.802046729,0.003033133,-0.002190242,0.002785501,0.001200366,-0.002190242,,,
1786043777685699549,1786043777.685184664,/novatel/oem7/inspva,/novatel/oem7/inspva,/novatel/oem7/inspva,39.663,-75.756,-1.802053239,0.002716978,-0.001695663,0.000958240,0.002542390,-0.001695663,,novatel_oem7_msgs.msg.InertialSolutionStatus(status=3),
1786043777687080543,1786043777.685353009,/novatel/oem7/fix,/novatel/oem7/fix,/novatel/oem7/inspva,39.663,-75.756,-1.802053239,0.002716978,-0.001695663,0.000958240,0.002542390,-0.001695663,,0,
1786043777688183221,1786043777.685668921,/novatel/oem7/odom,/novatel/oem7/fix,/novatel/oem7/odom,39.663,-75.756,-1.802053239,0.002724504,-0.001683544,0.002592698,0.000837162,-0.001683544,,,
1786043777696150984,1786043777.695493328,/novatel/oem7/odom,/novatel/oem7/fix,/novatel/oem7/odom,39.663,-75.756,-1.802053239,0.002724504,-0.001683544,0.002592698,0.000837162,-0.001683544,,,
1786043777706222809,1786043777.705749181,/novatel/oem7/inspva,/novatel/oem7/inspva,/novatel/oem7/inspva,39.663,-75.756,-1.802056263,0.002993065,-0.001870839,0.001099509,0.002783796,-0.001870839,,novatel_oem7_msgs.msg.InertialSolutionStatus(status=3),
1786043777707578869,1786043777.705904665,/novatel/oem7/fix,/novatel/oem7/fix,/novatel/oem7/inspva,39.663,-75.756,-1.802056263,0.002993065,-0.001870839,0.001099509,0.002783796,-0.001870839,,0,
1786043777708647307,1786043777.706324306,/novatel/oem7/odom,/novatel/oem7/fix,/novatel/oem7/odom,39.663,-75.756,-1.802056263,0.003001390,-0.001857454,0.002841392,0.000966867,-0.001857454,,,
1786043777710096017,1786043777.709520212,/novatel/oem7/bestpos,/novatel/oem7/bestpos,/novatel/oem7/odom,39.663,-75.756,33.180344761,0.003001390,-0.001857454,0.002841392,0.000966867,-0.001857454,,novatel_oem7_msgs.msg.SolutionStatus(status=0),novatel_oem7_msgs.msg.PositionOrVelocityType(type=53)
1786043777711917210,1786043777.711306370,/novatel/oem7/bestvel,/novatel/oem7/bestpos,/novatel/oem7/bestvel,39.663,-75.756,33.180344761,0.003083858,-0.001906588,,,,69.848405541,novatel_oem7_msgs.msg.SolutionStatus(status=0),novatel_oem7_msgs.msg.PositionOrVelocityType(type=53)
1786043777714984680,1786043777.714367864,/novatel/oem7/odom,/novatel/oem7/bestpos,/novatel/oem7/odom,39.663,-75.756,33.180344761,0.003001390,-0.001857454,0.002841392,0.000966867,-0.001857454,,,
1786043777726097355,1786043777.725597350,/novatel/oem7/inspva,/novatel/oem7/inspva,/novatel/oem7/inspva,39.663,-75.756,-1.802069067,0.002884882,-0.002134637,0.000968339,0.002717511,-0.002134637,,novatel_oem7_msgs.msg.InertialSolutionStatus(status=3),
1786043777727490069,1786043777.725734865,/novatel/oem7/fix,/novatel/oem7/fix,/novatel/oem7/inspva,39.663,-75.756,-1.802069067,0.002884882,-0.002134637,0.000968339,0.002717511,-0.002134637,,0,
1786043777728601720,1786043777.726437199,/novatel/oem7/odom,/novatel/oem7/fix,/novatel/oem7/odom,39.663,-75.756,-1.802069067,0.002894303,-0.002121846,0.002769804,0.000839748,-0.002121846,,,
1786043777735362588,1786043777.734703175,/novatel/oem7/odom,/novatel/oem7/fix,/novatel/oem7/odom,39.663,-75.756,-1.802069067,0.002894303,-0.002121846,0.002769804,0.000839748,-0.002121846,,,
1786043777745714415,1786043777.745081561,/novatel/oem7/inspva,/novatel/oem7/inspva,/novatel/oem7/inspva,39.663,-75.756,-1.802070992,0.002922341,-0.002058387,0.000942048,0.002766337,-0.002058387,,novatel_oem7_msgs.msg.InertialSolutionStatus(status=3),
1786043777747047143,1786043777.745157901,/novatel/oem7/fix,/novatel/oem7/fix,/novatel/oem7/inspva,39.663,-75.756,-1.802070992,0.002922341,-0.002058387,0.000942048,0.002766337,-0.002058387,,0,
1786043777748107896,1786043777.745741949,/novatel/oem7/odom,/novatel/oem7/fix,/novatel/oem7/odom,39.663,-75.756,-1.802070992,0.002931379,-0.002045496,0.002816986,0.000810907,-0.002045496,,,
1786043777756677716,1786043777.755990829,/novatel/oem7/odom,/novatel/oem7/fix,/novatel/oem7/odom,39.663,-75.756,-1.802070992,0.002931379,-0.002045496,0.002816986,0.000810907,-0.002045496,,,
1786043777765896095,1786043777.765382990,/novatel/oem7/inspva,/novatel/oem7/inspva,/novatel/oem7/inspva,39.663,-75.756,-1.802084669,0.003085076,-0.002215257,0.000910774,0.002947572,-0.002215257,,novatel_oem7_msgs.msg.InertialSolutionStatus(status=3),
1786043777767303999,1786043777.765581002,/novatel/oem7/fix,/novatel/oem7/fix,/novatel/oem7/inspva,39.663,-75.756,-1.802084669,0.003085076,-0.002215257,0.000910774,0.002947572,-0.002215257,,0,
1786043777768395173,1786043777.766288654,/novatel/oem7/odom,/novatel/oem7/fix,/novatel/oem7/odom,39.663,-75.756,-1.802084669,0.003094709,-0.002201779,0.002997083,0.000771180,-0.002201779,,,
1786043777775620943,1786043777.774953633,/novatel/oem7/odom,/novatel/oem7/fix,/novatel/oem7/odom,39.663,-75.756,-1.802084669,0.003094709,-0.002201779,0.002997083,0.000771180,-0.002201779,,,
1786043777786824629,1786043777.786249530,/novatel/oem7/inspva,/novatel/oem7/inspva,/novatel/oem7/inspva,39.663,-75.756,-1.802090771,0.003115117,-0.002171225,0.001081966,0.002921182,-0.002171225,,novatel_oem7_msgs.msg.InertialSolutionStatus(status=3),
1786043777788148266,1786043777.786448629,/novatel/oem7/fix,/novatel/oem7/fix,/novatel/oem7/inspva,39.663,-75.756,-1.802090771,0.003115117,-0.002171225,0.001081966,0.002921182,-0.002171225,,0,
1786043777789187106,1786043777.786827769,/novatel/oem7/odom,/novatel/oem7/fix,/novatel/oem7/odom,39.663,-75.756,-1.802090771,0.003124701,-0.002157409,0.002978902,0.000943345,-0.002157409,,,
1786043777795162696,1786043777.794501873,/novatel/oem7/odom,/novatel/oem7/fix,/novatel/oem7/odom,39.663,-75.756,-1.802090771,0.003124701,-0.002157409,0.002978902,0.000943345,-0.002157409,,,
1786043777807155813,1786043777.806670952,/novatel/oem7/inspva,/novatel/oem7/inspva,/novatel/oem7/inspva,39.663,-75.756,-1.802109199,0.002947722,-0.002318514,0.001094929,0.002736823,-0.002318514,,novatel_oem7_msgs.msg.InertialSolutionStatus(status=3),
1786043777808646622,1786043777.806842187,/novatel/oem7/fix,/novatel/oem7/fix,/novatel/oem7/inspva,39.663,-75.756,-1.802109199,0.002947722,-0.002318514,0.001094929,0.002736823,-0.002318514,,0,
1786043777810019169,1786043777.807166880,/novatel/oem7/odom,/novatel/oem7/fix,/novatel/oem7/odom,39.663,-75.756,-1.802109199,0.002958055,-0.002305317,0.002796007,0.000965625,-0.002305317,,,
1786043777811476326,1786043777.810178850,/novatel/oem7/bestpos,/novatel/oem7/bestpos,/novatel/oem7/odom,39.663,-75.756,33.180295428,0.002958055,-0.002305317,0.002796007,0.000965625,-0.002305317,,novatel_oem7_msgs.msg.SolutionStatus(status=0),novatel_oem7_msgs.msg.PositionOrVelocityType(type=53)
1786043777812414793,1786043777.810768143,/novatel/oem7/bestvel,/novatel/oem7/bestpos,/novatel/oem7/bestvel,39.663,-75.756,33.180295428,0.002845213,-0.002290094,,,,65.605758184,novatel_oem7_msgs.msg.SolutionStatus(status=0),novatel_oem7_msgs.msg.PositionOrVelocityType(type=53)
1786043777816096690,1786043777.815436943,/novatel/oem7/odom,/novatel/oem7/bestpos,/novatel/oem7/odom,39.663,-75.756,33.180295428,0.002958055,-0.002305317,0.002796007,0.000965625,-0.002305317,,,
1786043777825628445,1786043777.825107283,/novatel/oem7/inspva,/novatel/oem7/inspva,/novatel/oem7/inspva,39.663,-75.756,-1.802118062,0.003054674,-0.001999313,0.001007106,0.002883881,-0.001999313,,novatel_oem7_msgs.msg.InertialSolutionStatus(status=3),
1786043777826995142,1786043777.825275682,/novatel/oem7/fix,/novatel/oem7/fix,/novatel/oem7/inspva,39.663,-75.756,-1.802118062,0.003054674,-0.001999313,0.001007106,0.002883881,-0.001999313,,0,
1786043777828136561,1786043777.825657544,/novatel/oem7/odom,/novatel/oem7/fix,/novatel/oem7/odom,39.663,-75.756,-1.802118062,0.003063446,-0.001985846,0.002937327,0.000869949,-0.001985846,,,
1786043777835177911,1786043777.834516682,/novatel/oem7/odom,/novatel/oem7/fix,/novatel/oem7/odom,39.663,-75.756,-1.802118062,0.003063446,-0.001985846,0.002937327,0.000869949,-0.001985846,,,
1786043777847162142,1786043777.846635257,/novatel/oem7/inspva,/novatel/oem7/inspva,/novatel/oem7/inspva,39.663,-75.756,-1.802141905,0.003343553,-0.002486846,0.000984655,0.003195278,-0.002486846,,novatel_oem7_msgs.msg.InertialSolutionStatus(status=3),
1786043777848556196,1786043777.846812471,/novatel/oem7/fix,/novatel/oem7/fix,/novatel/oem7/inspva,39.663,-75.756,-1.802141905,0.003343553,-0.002486846,0.000984655,0.003195278,-0.002486846,,0,
1786043777849620960,1786043777.847241970,/novatel/oem7/odom,/novatel/oem7/fix,/novatel/oem7/odom,39.663,-75.756,-1.802141905,0.003354362,-0.002472248,0.003249170,0.000833448,-0.002472248,,,
1786043777857239383,1786043777.856589067,/novatel/oem7/odom,/novatel/oem7/fix,/novatel/oem7/odom,39.663,-75.756,-1.802141905,0.003354362,-0.002472248,0.003249170,0.000833448,-0.002472248,,,
1786043777865476326,1786043777.864983284,/novatel/oem7/inspva,/novatel/oem7/inspva,/novatel/oem7/inspva,39.663,-75.756,-1.802154937,0.003179473,-0.002533653,0.001075994,0.002991870,-0.002533653,,novatel_oem7_msgs.msg.InertialSolutionStatus(status=3),
1786043777866820136,1786043777.865155776,/novatel/oem7/fix,/novatel/oem7/fix,/novatel/oem7/inspva,39.663,-75.756,-1.802154937,0.003179473,-0.002533653,0.001075994,0.002991870,-0.002533653,,0,
1786043777867906730,1786043777.865623381,/novatel/oem7/odom,/novatel/oem7/fix,/novatel/oem7/odom,39.663,-75.756,-1.802154937,0.003190634,-0.002519584,0.003050638,0.000934745,-0.002519584,,,
1786043777876293128,1786043777.875655691,/novatel/oem7/odom,/novatel/oem7/fix,/novatel/oem7/odom,39.663,-75.756,-1.802154937,0.003190634,-0.002519584,0.003050638,0.000934745,-0.002519584,,,
1786043777885894221,1786043777.885379823,/novatel/oem7/inspva,/novatel/oem7/inspva,/novatel/oem7/inspva,39.663,-75.756,-1.802173687,0.003083677,-0.002077952,0.000863598,0.002960281,-0.002077952,,novatel_oem7_msgs.msg.InertialSolutionStatus(status=3),
1786043777887271995,1786043777.885565145,/novatel/oem7/fix,/novatel/oem7/fix,/novatel/oem7/inspva,39.663,-75.756,-1.802173687,0.003083677,-0.002077952,0.000863598,0.002960281,-0.002077952,,0,
1786043777888398316,1786043777.886235393,/novatel/oem7/odom,/novatel/oem7/fix,/novatel/oem7/odom,39.663,-75.756,-1.802173687,0.003092659,-0.002064560,0.003006955,0.000723024,-0.002064560,,,
1786043777895191908,1786043777.894528571,/novatel/oem7/odom,/novatel/oem7/fix,/novatel/oem7/odom,39.663,-75.756,-1.802173687,0.003092659,-0.002064560,0.003006955,0.000723024,-0.002064560,,,
1786043777907508905,1786043777.905999663,/novatel/oem7/inspva,/novatel/oem7/inspva,/novatel/oem7/inspva,39.663,-75.756,-1.802190959,0.002999395,-0.002161495,0.000825504,0.002883559,-0.002161495,,novatel_oem7_msgs.msg.InertialSolutionStatus(status=3),
1786043777908862592,1786043777.906249659,/novatel/oem7/fix,/novatel/oem7/fix,/novatel/oem7/inspva,39.663,-75.756,-1.802190959,0.002999395,-0.002161495,0.000825504,0.002883559,-0.002161495,,0,
1786043777910039184,1786043777.906956172,/novatel/oem7/odom,/novatel/oem7/fix,/novatel/oem7/odom,39.663,-75.756,-1.802190959,0.003092655,-0.002064567,0.003006950,0.000723026,-0.002064567,,,
1786043777911597599,1786043777.909519265,/novatel/oem7/bestpos,/novatel/oem7/bestpos,/novatel/oem7/odom,39.663,-75.756,33.180218410,0.003092655,-0.002064567,0.003006950,0.000723026,-0.002064567,,novatel_oem7_msgs.msg.SolutionStatus(status=0),novatel_oem7_msgs.msg.PositionOrVelocityType(type=53)
1786043777912503069,1786043777.910225296,/novatel/oem7/bestvel,/novatel/oem7/bestpos,/novatel/oem7/bestvel,39.663,-75.756,33.180218410,0.003057370,-0.001990773,,,,82.470687786,novatel_oem7_msgs.msg.SolutionStatus(status=0),novatel_oem7_msgs.msg.PositionOrVelocityType(type=53)
1786043777915174525,1786043777.914541372,/novatel/oem7/odom,/novatel/oem7/bestpos,/novatel/oem7/odom,39.663,-75.756,33.180218410,0.003008718,-0.002148498,0.002928780,0.000688938,-0.002148498,,,
1786043777925930797,1786043777.925241080,/novatel/oem7/inspva,/novatel/oem7/inspva,/novatel/oem7/inspva,39.663,-75.756,-1.802218326,0.003369083,-0.002509777,0.001086021,0.003189244,-0.002509777,,novatel_oem7_msgs.msg.InertialSolutionStatus(status=3),
1786043777927286127,1786043777.925443959,/novatel/oem7/fix,/novatel/oem7/fix,/novatel/oem7/inspva,39.663,-75.756,-1.802218326,0.003369083,-0.002509777,0.001086021,0.003189244,-0.002509777,,0,
1786043777928290214,1786043777.925825139,/novatel/oem7/odom,/novatel/oem7/fix,/novatel/oem7/odom,39.663,-75.756,-1.802218326,0.003380092,-0.002494931,0.003248191,0.000935030,-0.002494931,,,
1786043777936125766,1786043777.935491629,/novatel/oem7/odom,/novatel/oem7/fix,/novatel/oem7/odom,39.663,-75.756,-1.802218326,0.003380092,-0.002494931,0.003248191,0.000935030,-0.002494931,,,
1786043777945734229,1786043777.945017702,/novatel/oem7/inspva,/novatel/oem7/inspva,/novatel/oem7/inspva,39.663,-75.756,-1.802235440,0.003360173,-0.002274470,0.000940311,0.003225923,-0.002274470,,novatel_oem7_msgs.msg.InertialSolutionStatus(status=3),
1786043777947014715,1786043777.945213174,/novatel/oem7/fix,/novatel/oem7/fix,/novatel/oem7/inspva,39.663,-75.756,-1.802235440,0.003360173,-0.002274470,0.000940311,0.003225923,-0.002274470,,0,
1786043777948022919,1786043777.945709049,/novatel/oem7/odom,/novatel/oem7/fix,/novatel/oem7/odom,39.663,-75.756,-1.802235440,0.003369988,-0.002259902,0.003276770,0.000787147,-0.002259902,,,
1786043777956249378,1786043777.955648056,/novatel/oem7/odom,/novatel/oem7/fix,/novatel/oem7/odom,39.663,-75.756,-1.802235440,0.003369988,-0.002259902,0.003276770,0.000787147,-0.002259902,,,
1786043777967290036,1786043777.966700490,/novatel/oem7/inspva,/novatel/oem7/inspva,/novatel/oem7/inspva,39.663,-75.756,-1.802263226,0.003592064,-0.002319888,0.000892484,0.003479425,-0.002319888,,novatel_oem7_msgs.msg.InertialSolutionStatus(status=3),
1786043777968724383,1786043777.966894392,/novatel/oem7/fix,/novatel/oem7/fix,/novatel/oem7/inspva,39.663,-75.756,-1.802263226,0.003592064,-0.002319888,0.000892484,0.003479425,-0.002319888,,0,
1786043777969741094,1786043777.967552725,/novatel/oem7/odom,/novatel/oem7/fix,/novatel/oem7/odom,39.663,-75.756,-1.802263226,0.003601950,-0.002304509,0.003527805,0.000727072,-0.002304509,,,
1786043777975319110,1786043777.974626336,/novatel/oem7/odom,/novatel/oem7/fix,/novatel/oem7/odom,39.663,-75.756,-1.802263226,0.003601950,-0.002304509,0.003527805,0.000727072,-0.002304509,,,
1786043777985721297,1786043777.985045544,/novatel/oem7/inspva,/novatel/oem7/inspva,/novatel/oem7/inspva,39.663,-75.756,-1.802280806,0.003598209,-0.002203821,0.000955474,0.003469031,-0.002203821,,novatel_oem7_msgs.msg.InertialSolutionStatus(status=3),
1786043777986980484,1786043777.985244743,/novatel/oem7/fix,/novatel/oem7/fix,/novatel/oem7/inspva,39.663,-75.756,-1.802280806,0.003598209,-0.002203821,0.000955474,0.003469031,-0.002203821,,0,
1786043777987980170,1786043777.985601990,/novatel/oem7/odom,/novatel/oem7/fix,/novatel/oem7/odom,39.663,-75.756,-1.802280806,0.003607667,-0.002188304,0.003520064,0.000790198,-0.002188304,,,
1786043777996112769,1786043777.995405122,/novatel/oem7/odom,/novatel/oem7/fix,/novatel/oem7/odom,39.663,-75.756,-1.802280806,0.003607667,-0.002188304,0.003520064,0.000790198,-0.002188304,,,
1786043778009112306,1786043778.008570384,/novatel/oem7/inspva,/novatel/oem7/inspva,/novatel/oem7/inspva,39.663,-75.756,-1.802309141,0.003284208,-0.002177537,0.000950838,0.003143554,-0.002177537,,novatel_oem7_msgs.msg.InertialSolutionStatus(status=3),
1786043778010519594,1786043778.008745799,/novatel/oem7/fix,/novatel/oem7/fix,/novatel/oem7/inspva,39.663,-75.756,-1.802309141,0.003284208,-0.002177537,0.000950838,0.003143554,-0.002177537,,0,
1786043778012944225,1786043778.012337220,/novatel/oem7/odom,/novatel/oem7/fix,/novatel/oem7/odom,39.663,-75.756,-1.802309141,0.003293681,-0.002163182,0.003194688,0.000801436,-0.002163182,,,
1786043778016874457,1786043778.016219841,/novatel/oem7/odom,/novatel/oem7/fix,/novatel/oem7/odom,39.663,-75.756,-1.802309141,0.003293681,-0.002163182,0.003194688,0.000801436,-0.002163182,,,
1786043778027647366,1786043778.027019206,/novatel/oem7/bestpos,/novatel/oem7/bestpos,/novatel/oem7/odom,39.663,-75.756,33.180091336,0.003293681,-0.002163182,0.003194688,0.000801436,-0.002163182,,novatel_oem7_msgs.msg.SolutionStatus(status=0),novatel_oem7_msgs.msg.PositionOrVelocityType(type=53)
1786043778029025136,1786043778.027830444,/novatel/oem7/bestvel,/novatel/oem7/bestpos,/novatel/oem7/bestvel,39.663,-75.756,33.180091336,0.003903958,-0.002558363,,,,74.192616926,novatel_oem7_msgs.msg.SolutionStatus(status=0),novatel_oem7_msgs.msg.PositionOrVelocityType(type=53)
1786043778029896381,1786043778.028260595,/novatel/oem7/inspva,/novatel/oem7/inspva,/novatel/oem7/inspva,39.663,-75.756,-1.802329859,0.003758997,-0.002306311,0.000502447,0.003725266,-0.002306311,,novatel_oem7_msgs.msg.InertialSolutionStatus(status=3),
1786043778030677099,1786043778.028416017,/novatel/oem7/fix,/novatel/oem7/fix,/novatel/oem7/inspva,39.663,-75.756,-1.802329859,0.003758997,-0.002306311,0.000502447,0.003725266,-0.002306311,,0,
1786043778032104014,1786043778.028776267,/novatel/oem7/odom,/novatel/oem7/fix,/novatel/oem7/odom,39.663,-75.756,-1.802329859,0.003768338,-0.002291017,0.003754260,0.000325429,-0.002291017,,,
1786043778035331813,1786043778.034711184,/novatel/oem7/odom,/novatel/oem7/fix,/novatel/oem7/odom,39.663,-75.756,-1.802329859,0.003768338,-0.002291017,0.003754260,0.000325429,-0.002291017,,,
1786043778045935486,1786043778.045417701,/novatel/oem7/inspva,/novatel/oem7/inspva,/novatel/oem7/inspva,39.663,-75.756,-1.802317712,0.003362416,-0.001933313,0.001064428,0.003189489,-0.001933313,,novatel_oem7_msgs.msg.InertialSolutionStatus(status=3),
1786043778047198865,1786043778.045598779,/novatel/oem7/fix,/novatel/oem7/fix,/novatel/oem7/inspva,39.663,-75.756,-1.802317712,0.003362416,-0.001933313,0.001064428,0.003189489,-0.001933313,,0,
1786043778048203922,1786043778.046255793,/novatel/oem7/odom,/novatel/oem7/fix,/novatel/oem7/odom,39.663,-75.756,-1.802317712,0.003370883,-0.001918514,0.003245159,0.000912028,-0.001918514,,,
1786043778057938340,1786043778.057281454,/novatel/oem7/odom,/novatel/oem7/fix,/novatel/oem7/odom,39.663,-75.756,-1.802317712,0.003370883,-0.001918514,0.003245159,0.000912028,-0.001918514,,,
1786043778065567324,1786043778.065071489,/novatel/oem7/inspva,/novatel/oem7/inspva,/novatel/oem7/inspva,39.663,-75.756,-1.802307467,0.003492946,-0.002351777,0.000829041,0.003393135,-0.002351777,,novatel_oem7_msgs.msg.InertialSolutionStatus(status=3),
1786043778066812346,1786043778.065235107,/novatel/oem7/fix,/novatel/oem7/fix,/novatel/oem7/inspva,39.663,-75.756,-1.802307467,0.003492946,-0.002351777,0.000829041,0.003393135,-0.002351777,,0,
1786043778067797709,1786043778.065636011,/novatel/oem7/odom,/novatel/oem7/fix,/novatel/oem7/odom,39.663,-75.756,-1.802307467,0.003502916,-0.002336902,0.003438628,0.000668023,-0.002336902,,,
1786043778075144710,1786043778.074531599,/novatel/oem7/odom,/novatel/oem7/fix,/novatel/oem7/odom,39.663,-75.756,-1.802307467,0.003502916,-0.002336902,0.003438628,0.000668023,-0.002336902,,,
1786043778087136924,1786043778.086631649,/novatel/oem7/inspva,/novatel/oem7/inspva,/novatel/oem7/inspva,39.663,-75.756,-1.802299012,0.003198614,-0.002047323,0.000704127,0.003120150,-0.002047323,,novatel_oem7_msgs.msg.InertialSolutionStatus(status=3),
1786043778088406290,1786043778.086805433,/novatel/oem7/fix,/novatel/oem7/fix,/novatel/oem7/inspva,39.663,-75.756,-1.802299012,0.003198614,-0.002047323,0.000704127,0.003120150,-0.002047323,,0,
1786043778089399689,1786043778.087681242,/novatel/oem7/odom,/novatel/oem7/fix,/novatel/oem7/odom,39.663,-75.756,-1.802299012,0.003207234,-0.002033793,0.003158703,0.000555829,-0.002033793,,,
1786043778095849824,1786043778.095221062,/novatel/oem7/odom,/novatel/oem7/fix,/novatel/oem7/odom,39.663,-75.756,-1.802299012,0.003207234,-0.002033793,0.003158703,0.000555829,-0.002033793,,,
1786043778106325136,1786043778.105820144,/novatel/oem7/inspva,/novatel/oem7/inspva,/novatel/oem7/inspva,39.663,-75.756,-1.802287304,0.003206746,-0.002012855,0.000743307,0.003119409,-0.002012855,,novatel_oem7_msgs.msg.InertialSolutionStatus(status=3),
1786043778107612916,1786043778.105985066,/novatel/oem7/fix,/novatel/oem7/fix,/novatel/oem7/inspva,39.663,-75.756,-1.802287304,0.003206746,-0.002012855,0.000743307,0.003119409,-0.002012855,,0,
1786043778108621540,1786043778.106470828,/novatel/oem7/odom,/novatel/oem7/fix,/novatel/oem7/odom,39.663,-75.756,-1.802287304,0.003215266,-0.001999218,0.003159746,0.000594929,-0.001999218,,,
1786043778110365320,1786043778.109558286,/novatel/oem7/bestpos,/novatel/oem7/bestpos,/novatel/oem7/odom,39.663,-75.756,33.180175078,0.003215266,-0.001999218,0.003159746,0.000594929,-0.001999218,,novatel_oem7_msgs.msg.SolutionStatus(status=0),novatel_oem7_msgs.msg.PositionOrVelocityType(type=53)
1786043778111713131,1786043778.110341207,/novatel/oem7/bestvel,/novatel/oem7/bestpos,/novatel/oem7/bestvel,39.663,-75.756,33.180175078,0.003329615,-0.002041680,,,,78.456410878,novatel_oem7_msgs.msg.SolutionStatus(status=0),novatel_oem7_msgs.msg.PositionOrVelocityType(type=53)
1786043778116129172,1786043778.115526616,/novatel/oem7/odom,/novatel/oem7/bestpos,/novatel/oem7/odom,39.663,-75.756,33.180175078,0.003215266,-0.001999218,0.003159746,0.000594929,-0.001999218,,,
1786043778125813775,1786043778.125330041,/novatel/oem7/inspva,/novatel/oem7/inspva,/novatel/oem7/inspva,39.663,-75.756,-1.802286533,0.003147189,-0.002360879,0.000657599,0.003077720,-0.002360879,,novatel_oem7_msgs.msg.InertialSolutionStatus(status=3),
1786043778127064455,1786043778.125504462,/novatel/oem7/fix,/novatel/oem7/fix,/novatel/oem7/inspva,39.663,-75.756,-1.802286533,0.003147189,-0.002360879,0.000657599,0.003077720,-0.002360879,,0,
1786043778128061845,1786043778.126160726,/novatel/oem7/odom,/novatel/oem7/fix,/novatel/oem7/odom,39.663,-75.756,-1.802286533,0.003157101,-0.002347607,0.003115271,0.000512223,-0.002347607,,,
1786043778135491926,1786043778.134860023,/novatel/oem7/odom,/novatel/oem7/fix,/novatel/oem7/odom,39.663,-75.756,-1.802286533,0.003157101,-0.002347607,0.003115271,0.000512223,-0.002347607,,,
1786043778146567754,1786043778.146073139,/novatel/oem7/inspva,/novatel/oem7/inspva,/novatel/oem7/inspva,39.663,-75.756,-1.802272332,0.003399085,-0.002339213,0.000798169,0.003304044,-0.002339213,,novatel_oem7_msgs.msg.InertialSolutionStatus(status=3),
1786043778147807863,1786043778.146262015,/novatel/oem7/fix,/novatel/oem7/fix,/novatel/oem7/inspva,39.663,-75.756,-1.802272332,0.003399085,-0.002339213,0.000798169,0.003304044,-0.002339213,,0,
1786043778148794083,1786043778.146739496,/novatel/oem7/odom,/novatel/oem7/fix,/novatel/oem7/odom,39.663,-75.756,-1.802272332,0.003409010,-0.002324725,0.003348111,0.000641486,-0.002324725,,,
1786043778156417680,1786043778.155798697,/novatel/oem7/odom,/novatel/oem7/fix,/novatel/oem7/odom,39.663,-75.756,-1.802272332,0.003409010,-0.002324725,0.003348111,0.000641486,-0.002324725,,,
1786043778165790357,1786043778.165312046,/novatel/oem7/inspva,/novatel/oem7/inspva,/novatel/oem7/inspva,39.663,-75.756,-1.802265229,0.003033555,-0.001973931,0.000958132,0.002878270,-0.001973931,,novatel_oem7_msgs.msg.InertialSolutionStatus(status=3),
1786043778167035670,1786043778.165499874,/novatel/oem7/fix,/novatel/oem7/fix,/novatel/oem7/inspva,39.663,-75.756,-1.802265229,0.003033555,-0.001973931,0.000958132,0.002878270,-0.001973931,,0,
1786043778168046757,1786043778.166251406,/novatel/oem7/odom,/novatel/oem7/fix,/novatel/oem7/odom,39.663,-75.756,-1.802265229,0.003042177,-0.001960617,0.002929253,0.000821167,-0.001960617,,,
1786043778176160688,1786043778.175541999,/novatel/oem7/odom,/novatel/oem7/fix,/novatel/oem7/odom,39.663,-75.756,-1.802265229,0.003042177,-0.001960617,0.002929253,0.000821167,-0.001960617,,,
1786043778185749865,1786043778.185228226,/novatel/oem7/inspva,/novatel/oem7/inspva,/novatel/oem7/inspva,39.663,-75.756,-1.802253539,0.003151237,-0.002132877,0.001064000,0.002966175,-0.002132877,,novatel_oem7_msgs.msg.InertialSolutionStatus(status=3),
1786043778187014488,1786043778.185401461,/novatel/oem7/fix,/novatel/oem7/fix,/novatel/oem7/inspva,39.663,-75.756,-1.802253539,0.003151237,-0.002132877,0.001064000,0.002966175,-0.002132877,,0,
1786043778188026601,1786043778.185886866,/novatel/oem7/odom,/novatel/oem7/fix,/novatel/oem7/odom,39.663,-75.756,-1.802253539,0.003160614,-0.002118956,0.003022835,0.000923013,-0.002118956,,,
1786043778195110589,1786043778.194518726,/novatel/oem7/odom,/novatel/oem7/fix,/novatel/oem7/odom,39.663,-75.756,-1.802253539,0.003160614,-0.002118956,0.003022835,0.000923013,-0.002118956,,,
1786043778207106020,1786043778.206609378,/novatel/oem7/inspva,/novatel/oem7/inspva,/novatel/oem7/inspva,39.663,-75.756,-1.802252120,0.003220550,-0.002228876,0.000739192,0.003134572,-0.002228876,,novatel_oem7_msgs.msg.InertialSolutionStatus(status=3),
1786043778208363062,1786043778.206775506,/novatel/oem7/fix,/novatel/oem7/fix,/novatel/oem7/inspva,39.663,-75.756,-1.802252120,0.003220550,-0.002228876,0.000739192,0.003134572,-0.002228876,,0,
1786043778209359515,1786043778.207313557,/novatel/oem7/odom,/novatel/oem7/fix,/novatel/oem7/odom,39.663,-75.756,-1.802252120,0.003229992,-0.002215172,0.003175537,0.000590603,-0.002215172,,,
1786043778211122313,1786043778.210369855,/novatel/oem7/bestpos,/novatel/oem7/bestpos,/novatel/oem7/odom,39.663,-75.756,33.180203541,0.003229992,-0.002215172,0.003175537,0.000590603,-0.002215172,,novatel_oem7_msgs.msg.SolutionStatus(status=0),novatel_oem7_msgs.msg.PositionOrVelocityType(type=53)
1786043778212490574,1786043778.210799177,/novatel/oem7/bestvel,/novatel/oem7/bestpos,/novatel/oem7/bestvel,39.663,-75.756,33.180203541,0.003540428,-0.002499574,,,,74.192574325,novatel_oem7_msgs.msg.SolutionStatus(status=0),novatel_oem7_msgs.msg.PositionOrVelocityType(type=53)
1786043778215553057,1786043778.214947661,/novatel/oem7/odom,/novatel/oem7/bestpos,/novatel/oem7/odom,39.663,-75.756,33.180203541,0.003229992,-0.002215172,0.003175537,0.000590603,-0.002215172,,,
1786043778225552242,1786043778.225045113,/novatel/oem7/inspva,/novatel/oem7/inspva,/novatel/oem7/inspva,39.663,-75.756,-1.802245217,0.003407404,-0.002501039,0.000852117,0.003299136,-0.002501039,,novatel_oem7_msgs.msg.InertialSolutionStatus(status=3),
1786043778226834118,1786043778.225208788,/novatel/oem7/fix,/novatel/oem7/fix,/novatel/oem7/inspva,39.663,-75.756,-1.802245217,0.003407404,-0.002501039,0.000852117,0.003299136,-0.002501039,,0,
1786043778227846485,1786043778.225570952,/novatel/oem7/odom,/novatel/oem7/fix,/novatel/oem7/odom,39.663,-75.756,-1.802245217,0.003418065,-0.002486450,0.003346459,0.000695973,-0.002486450,,,
1786043778236249959,1786043778.235608783,/novatel/oem7/odom,/novatel/oem7/fix,/novatel/oem7/odom,39.663,-75.756,-1.802245217,0.003418065,-0.002486450,0.003346459,0.000695973,-0.002486450,,,
1786043778245932477,1786043778.245431285,/novatel/oem7/inspva,/novatel/oem7/inspva,/novatel/oem7/inspva,39.663,-75.756,-1.802246955,0.003493094,-0.002383783,0.000646577,0.003432732,-0.002383783,,novatel_oem7_msgs.msg.InertialSolutionStatus(status=3),
1786043778247206703,1786043778.245599389,/novatel/oem7/fix,/novatel/oem7/fix,/novatel/oem7/inspva,39.663,-75.756,-1.802246955,0.003493094,-0.002383783,0.000646577,0.003432732,-0.002383783,,0,
1786043778248215313,1786043778.246206556,/novatel/oem7/odom,/novatel/oem7/fix,/novatel/oem7/odom,39.663,-75.756,-1.802246955,0.003502944,-0.002369285,0.003469367,0.000483853,-0.002369285,,,
1786043778257326947,1786043778.256676755,/novatel/oem7/odom,/novatel/oem7/fix,/novatel/oem7/odom,39.663,-75.756,-1.802246955,0.003502944,-0.002369285,0.003469367,0.000483853,-0.002369285,,,
1786043778266492490,1786043778.265955051,/novatel/oem7/inspva,/novatel/oem7/inspva,/novatel/oem7/inspva,39.663,-75.756,-1.802241294,0.003267670,-0.002523137,0.000643321,0.003203717,-0.002523137,,novatel_oem7_msgs.msg.InertialSolutionStatus(status=3),
1786043778267786923,1786043778.266134416,/novatel/oem7/fix,/novatel/oem7/fix,/novatel/oem7/inspva,39.663,-75.756,-1.802241294,0.003267670,-0.002523137,0.000643321,0.003203717,-0.002523137,,0,
1786043778268831593,1786043778.266475463,/novatel/oem7/odom,/novatel/oem7/fix,/novatel/oem7/odom,39.663,-75.756,-1.802241294,0.003278151,-0.002509504,0.003241003,0.000492113,-0.002509504,,,
1786043778275360575,1786043778.274748089,/novatel/oem7/odom,/novatel/oem7/fix,/novatel/oem7/odom,39.663,-75.756,-1.802241294,0.003278151,-0.002509504,0.003241003,0.000492113,-0.002509504,,,
1786043778285910118,1786043778.285386973,/novatel/oem7/inspva,/novatel/oem7/inspva,/novatel/oem7/inspva,39.663,-75.756,-1.802244557,0.003296383,-0.002553679,0.000963714,0.003152364,-0.002553679,,novatel_oem7_msgs.msg.InertialSolutionStatus(status=3),
1786043778287199341,1786043778.285572845,/novatel/oem7/fix,/novatel/oem7/fix,/novatel/oem7/inspva,39.663,-75.756,-1.802244557,0.003296383,-0.002553679,0.000963714,0.003152364,-0.002553679,,0,
1786043778288234082,1786043778.286250485,/novatel/oem7/odom,/novatel/oem7/fix,/novatel/oem7/odom,39.663,-75.756,-1.802244557,0.003307388,-0.002539409,0.003205479,0.000814692,-0.002539409,,,
1786043778296230235,1786043778.295599303,/novatel/oem7/odom,/novatel/oem7/fix,/novatel/oem7/odom,39.663,-75.756,-1.802244557,0.003307388,-0.002539409,0.003205479,0.000814692,-0.002539409,,,
1786043778306559712,1786043778.306016224,/novatel/oem7/inspva,/novatel/oem7/inspva,/novatel/oem7/inspva,39.663,-75.756,-1.802239904,0.002924156,-0.002507133,0.000777352,0.002818938,-0.002507133,,novatel_oem7_msgs.msg.InertialSolutionStatus(status=3),
1786043778307868979,1786043778.306199756,/novatel/oem7/fix,/novatel/oem7/fix,/novatel/oem7/inspva,39.663,-75.756,-1.802239904,0.002924156,-0.002507133,0.000777352,0.002818938,-0.002507133,,0,
1786043778308909526,1786043778.306601093,/novatel/oem7/odom,/novatel/oem7/fix,/novatel/oem7/odom,39.663,-75.756,-1.802239904,0.002934843,-0.002494614,0.002863155,0.000644707,-0.002494614,,,
1786043778310723551,1786043778.310100118,/novatel/oem7/bestpos,/novatel/oem7/bestpos,/novatel/oem7/odom,39.663,-75.756,33.180237821,0.002934843,-0.002494614,0.002863155,0.000644707,-0.002494614,,novatel_oem7_msgs.msg.SolutionStatus(status=0),novatel_oem7_msgs.msg.PositionOrVelocityType(type=53)
1786043778312108785,1786043778.310686321,/novatel/oem7/bestvel,/novatel/oem7/bestpos,/novatel/oem7/bestvel,39.663,-75.756,33.180237821,0.002564640,-0.002199063,,,,78.322300944,novatel_oem7_msgs.msg.SolutionStatus(status=0),novatel_oem7_msgs.msg.PositionOrVelocityType(type=53)
1786043778315073335,1786043778.314447458,/novatel/oem7/odom,/novatel/oem7/bestpos,/novatel/oem7/odom,39.663,-75.756,33.180237821,0.002934843,-0.002494614,0.002863155,0.000644707,-0.002494614,,,
1786043778327080338,1786043778.326534890,/novatel/oem7/inspva,/novatel/oem7/inspva,/novatel/oem7/inspva,39.663,-75.756,-1.802246522,0.003343303,-0.002468678,0.001030879,0.003180404,-0.002468678,,novatel_oem7_msgs.msg.InertialSolutionStatus(status=3),
1786043778328435589,1786043778.326720622,/novatel/oem7/fix,/novatel/oem7/fix,/novatel/oem7/inspva,39.663,-75.756,-1.802246522,0.003343303,-0.002468678,0.001030879,0.003180404,-0.002468678,,0,
1786043778329499317,1786043778.327162883,/novatel/oem7/odom,/novatel/oem7/fix,/novatel/oem7/odom,39.663,-75.756,-1.802246522,0.003353984,-0.002454147,0.003236439,0.000880154,-0.002454147,,,
1786043778336209300,1786043778.335564664,/novatel/oem7/odom,/novatel/oem7/fix,/novatel/oem7/odom,39.663,-75.756,-1.802246522,0.003353984,-0.002454147,0.003236439,0.000880154,-0.002454147,,,
1786043778345755630,1786043778.345230375,/novatel/oem7/inspva,/novatel/oem7/inspva,/novatel/oem7/inspva,39.663,-75.756,-1.802247213,0.003203010,-0.002734670,0.000738350,0.003116747,-0.002734670,,novatel_oem7_msgs.msg.InertialSolutionStatus(status=3),
1786043778347065849,1786043778.345404900,/novatel/oem7/fix,/novatel/oem7/fix,/novatel/oem7/inspva,39.663,-75.756,-1.802247213,0.003203010,-0.002734670,0.000738350,0.003116747,-0.002734670,,0,
1786043778348105604,1786043778.345809171,/novatel/oem7/odom,/novatel/oem7/fix,/novatel/oem7/odom,39.663,-75.756,-1.802247213,0.003214519,-0.002721133,0.003159589,0.000591717,-0.002721133,,,
1786043778356338753,1786043778.355672682,/novatel/oem7/odom,/novatel/oem7/fix,/novatel/oem7/odom,39.663,-75.756,-1.802247213,0.003214519,-0.002721133,0.003159589,0.000591717,-0.002721133,,,
1786043778365941613,1786043778.365391930,/novatel/oem7/inspva,/novatel/oem7/inspva,/novatel/oem7/inspva,39.663,-75.756,-1.802257451,0.003167642,-0.002867670,0.001085807,0.002975731,-0.002867670,,novatel_oem7_msgs.msg.InertialSolutionStatus(status=3),
1786043778367291840,1786043778.365586592,/novatel/oem7/fix,/novatel/oem7/fix,/novatel/oem7/inspva,39.663,-75.756,-1.802257451,0.003167642,-0.002867670,0.001085807,0.002975731,-0.002867670,,0,
1786043778368361667,1786043778.366341920,/novatel/oem7/odom,/novatel/oem7/fix,/novatel/oem7/odom,39.663,-75.756,-1.802257451,0.003180181,-0.002853758,0.003036220,0.000946003,-0.002853758,,,
1786043778375655551,1786043778.374989079,/novatel/oem7/odom,/novatel/oem7/fix,/novatel/oem7/odom,39.663,-75.756,-1.802257451,0.003180181,-0.002853758,0.003036220,0.000946003,-0.002853758,,,
1786043778386693678,1786043778.386004345,/novatel/oem7/inspva,/novatel/oem7/inspva,/novatel/oem7/inspva,39.663,-75.756,-1.802256505,0.002992919,-0.002460598,0.000598811,0.002932404,-0.002460598,,novatel_oem7_msgs.msg.InertialSolutionStatus(status=3),
1786043778388022805,1786043778.386240000,/novatel/oem7/fix,/novatel/oem7/fix,/novatel/oem7/inspva,39.663,-75.756,-1.802256505,0.002992919,-0.002460598,0.000598811,0.002932404,-0.002460598,,0,
1786043778389072372,1786043778.386512786,/novatel/oem7/odom,/novatel/oem7/fix,/novatel/oem7/odom,39.663,-75.756,-1.802256505,0.003180185,-0.002853754,0.003036208,0.000946052,-0.002853754,,,
1786043778395180567,1786043778.394522516,/novatel/oem7/odom,/novatel/oem7/fix,/novatel/oem7/odom,39.663,-75.756,-1.802256505,0.003003119,-0.002448139,0.002967563,0.000460753,-0.002448139,,,
1786043778406920248,1786043778.406393539,/novatel/oem7/inspva,/novatel/oem7/inspva,/novatel/oem7/inspva,39.663,-75.756,-1.802266904,0.003128437,-0.002591988,0.001297948,0.002846480,-0.002591988,,novatel_oem7_msgs.msg.InertialSolutionStatus(status=3),
1786043778408247578,1786043778.406579081,/novatel/oem7/fix,/novatel/oem7/fix,/novatel/oem7/inspva,39.663,-75.756,-1.802266904,0.003128437,-0.002591988,0.001297948,0.002846480,-0.002591988,,0,
1786043778409293092,1786043778.407078466,/novatel/oem7/odom,/novatel/oem7/fix,/novatel/oem7/odom,39.663,-75.756,-1.802266904,0.003140003,-0.002577965,0.002916465,0.001163552,-0.002577965,,,
1786043778411129427,1786043778.410335649,/novatel/oem7/bestpos,/novatel/oem7/bestpos,/novatel/oem7/odom,39.663,-75.756,33.180201832,0.003140003,-0.002577965,0.002916465,0.001163552,-0.002577965,,novatel_oem7_msgs.msg.SolutionStatus(status=0),novatel_oem7_msgs.msg.PositionOrVelocityType(type=53)
1786043778412558361,1786043778.410788307,/novatel/oem7/bestvel,/novatel/oem7/bestpos,/novatel/oem7/bestvel,39.663,-75.756,33.180201832,0.003374548,-0.002568678,,,,74.580688241,novatel_oem7_msgs.msg.SolutionStatus(status=0),novatel_oem7_msgs.msg.PositionOrVelocityType(type=53)
1786043778416251575,1786043778.415589208,/novatel/oem7/odom,/novatel/oem7/bestpos,/novatel/oem7/odom,39.663,-75.756,33.180201832,0.003140003,-0.002577965,0.002916465,0.001163552,-0.002577965,,,
1786043778426450244,1786043778.425925932,/novatel/oem7/inspva,/novatel/oem7/inspva,/novatel/oem7/inspva,39.663,-75.756,-1.802266163,0.002818313,-0.002469136,0.000624450,0.002748264,-0.002469136,,novatel_oem7_msgs.msg.InertialSolutionStatus(status=3),
1786043778427801838,1786043778.426076517,/novatel/oem7/fix,/novatel/oem7/fix,/novatel/oem7/inspva,39.663,-75.756,-1.802266163,0.002818313,-0.002469136,0.000624450,0.002748264,-0.002469136,,0,
1786043778428875145,1786043778.426577708,/novatel/oem7/odom,/novatel/oem7/fix,/novatel/oem7/odom,39.663,-75.756,-1.802266163,0.002828666,-0.002457269,0.002784953,0.000495367,-0.002457269,,,
1786043778435029167,1786043778.434336367,/novatel/oem7/odom,/novatel/oem7/fix,/novatel/oem7/odom,39.663,-75.756,-1.802266163,0.002828666,-0.002457269,0.002784953,0.000495367,-0.002457269,,,
1786043778446687357,1786043778.446136385,/novatel/oem7/inspva,/novatel/oem7/inspva,/novatel/oem7/inspva,39.663,-75.756,-1.802275167,0.003243427,-0.002254394,0.000885821,0.003120119,-0.002254394,,novatel_oem7_msgs.msg.InertialSolutionStatus(status=3),
1786043778448024281,1786043778.446321217,/novatel/oem7/fix,/novatel/oem7/fix,/novatel/oem7/inspva,39.663,-75.756,-1.802275167,0.003243427,-0.002254394,0.000885821,0.003120119,-0.002254394,,0,
1786043778449089969,1786043778.446861602,/novatel/oem7/odom,/novatel/oem7/fix,/novatel/oem7/odom,39.663,-75.756,-1.802275167,0.003253074,-0.002240451,0.003168323,0.000737713,-0.002240451,,,
1786043778457218740,1786043778.456524799,/novatel/oem7/odom,/novatel/oem7/fix,/novatel/oem7/odom,39.663,-75.756,-1.802275167,0.003253074,-0.002240451,0.003168323,0.000737713,-0.002240451,,,
1786043778465485277,1786043778.464934611,/novatel/oem7/inspva,/novatel/oem7/inspva,/novatel/oem7/inspva,39.663,-75.756,-1.802278948,0.002952280,-0.002518396,0.000371228,0.002928847,-0.002518396,,novatel_oem7_msgs.msg.InertialSolutionStatus(status=3),
1786043778466844617,1786043778.465118303,/novatel/oem7/fix,/novatel/oem7/fix,/novatel/oem7/inspva,39.663,-75.756,-1.802278948,0.002952280,-0.002518396,0.000371228,0.002928847,-0.002518396,,0,
1786043778467934188,1786043778.465593571,/novatel/oem7/odom,/novatel/oem7/fix,/novatel/oem7/odom,39.663,-75.756,-1.802278948,0.002962353,-0.002506539,0.002953117,0.000233733,-0.002506539,,,
1786043778476102053,1786043778.475414343,/novatel/oem7/odom,/novatel/oem7/fix,/novatel/oem7/odom,39.663,-75.756,-1.802278948,0.002962353,-0.002506539,0.002953117,0.000233733,-0.002506539,,,
1786043778487000946,1786043778.486478641,/novatel/oem7/inspva,/novatel/oem7/inspva,/novatel/oem7/inspva,39.663,-75.756,-1.802292225,0.002851065,-0.002534049,0.000549361,0.002797637,-0.002534049,,novatel_oem7_msgs.msg.InertialSolutionStatus(status=3),
1786043778488316769,1786043778.486653816,/novatel/oem7/fix,/novatel/oem7/fix,/novatel/oem7/inspva,39.663,-75.756,-1.802292225,0.002851065,-0.002534049,0.000549361,0.002797637,-0.002534049,,0,
1786043778489355919,1786043778.487114751,/novatel/oem7/odom,/novatel/oem7/fix,/novatel/oem7/odom,39.663,-75.756,-1.802292225,0.002861494,-0.002522266,0.002830783,0.000418112,-0.002522266,,,
1786043778495275569,1786043778.494598949,/novatel/oem7/odom,/novatel/oem7/fix,/novatel/oem7/odom,39.663,-75.756,-1.802292225,0.002861494,-0.002522266,0.002830783,0.000418112,-0.002522266,,,
1786043778506630330,1786043778.506103765,/novatel/oem7/inspva,/novatel/oem7/inspva,/novatel/oem7/inspva,39.663,-75.756,-1.802297479,0.002442072,-0.002488124,0.000201192,0.002433770,-0.002488124,,novatel_oem7_msgs.msg.InertialSolutionStatus(status=3),
1786043778507943973,1786043778.506254256,/novatel/oem7/fix,/novatel/oem7/fix,/novatel/oem7/inspva,39.663,-75.756,-1.802297479,0.002442072,-0.002488124,0.000201192,0.002433770,-0.002488124,,0,
1786043778508998054,1786043778.506746464,/novatel/oem7/odom,/novatel/oem7/fix,/novatel/oem7/odom,39.663,-75.756,-1.802297479,0.002451751,-0.002478587,0.002450170,0.000088042,-0.002478587,,,
1786043778512936780,1786043778.512331084,/novatel/oem7/bestpos,/novatel/oem7/bestpos,/novatel/oem7/odom,39.663,-75.756,33.180171246,0.002451751,-0.002478587,0.002450170,0.000088042,-0.002478587,,novatel_oem7_msgs.msg.SolutionStatus(status=0),novatel_oem7_msgs.msg.PositionOrVelocityType(type=53)
1786043778514349951,1786043778.512737551,/novatel/oem7/bestvel,/novatel/oem7/bestpos,/novatel/oem7/bestvel,39.663,-75.756,33.180171246,0.002486652,-0.002554850,,,,83.449784849,novatel_oem7_msgs.msg.SolutionStatus(status=0),novatel_oem7_msgs.msg.PositionOrVelocityType(type=53)
1786043778516298280,1786043778.515623224,/novatel/oem7/odom,/novatel/oem7/bestpos,/novatel/oem7/odom,39.663,-75.756,33.180171246,0.002451751,-0.002478587,0.002450170,0.000088042,-0.002478587,,,
1786043778525642858,1786043778.525089196,/novatel/oem7/inspva,/novatel/oem7/inspva,/novatel/oem7/inspva,39.663,-75.756,-1.802307826,0.002653541,-0.002132301,0.000596721,0.002585576,-0.002132301,,novatel_oem7_msgs.msg.InertialSolutionStatus(status=3),
1786043778526977125,1786043778.525268854,/novatel/oem7/fix,/novatel/oem7/fix,/novatel/oem7/inspva,39.663,-75.756,-1.802307826,0.002653541,-0.002132301,0.000596721,0.002585576,-0.002132301,,0,
1786043778528039255,1786043778.525821370,/novatel/oem7/odom,/novatel/oem7/fix,/novatel/oem7/odom,39.663,-75.756,-1.802307826,0.002662458,-0.002121157,0.002619782,0.000474791,-0.002121157,,,
1786043778535542864,1786043778.534857471,/novatel/oem7/odom,/novatel/oem7/fix,/novatel/oem7/odom,39.663,-75.756,-1.802307826,0.002662458,-0.002121157,0.002619782,0.000474791,-0.002121157,,,
1786043778546527278,1786043778.545970519,/novatel/oem7/inspva,/novatel/oem7/inspva,/novatel/oem7/inspva,39.663,-75.756,-1.802314936,0.002559006,-0.002189106,0.000220047,0.002549528,-0.002189106,,novatel_oem7_msgs.msg.InertialSolutionStatus(status=3),
1786043778547867248,1786043778.546145610,/novatel/oem7/fix,/novatel/oem7/fix,/novatel/oem7/inspva,39.663,-75.756,-1.802314936,0.002559006,-0.002189106,0.000220047,0.002549528,-0.002189106,,0,
1786043778549350393,1786043778.546630372,/novatel/oem7/odom,/novatel/oem7/fix,/novatel/oem7/odom,39.663,-75.756,-1.802314936,0.002567542,-0.002179088,0.002565574,0.000100495,-0.002179088,,,
1786043778556320379,1786043778.555651290,/novatel/oem7/odom,/novatel/oem7/fix,/novatel/oem7/odom,39.663,-75.756,-1.802314936,0.002567542,-0.002179088,0.002565574,0.000100495,-0.002179088,,,
1786043778565569396,1786043778.565016437,/novatel/oem7/inspva,/novatel/oem7/inspva,/novatel/oem7/inspva,39.663,-75.756,-1.802332213,0.002877551,-0.002559704,0.000172577,0.002872372,-0.002559704,,novatel_oem7_msgs.msg.InertialSolutionStatus(status=3),
1786043778566923833,1786043778.565202269,/novatel/oem7/fix,/novatel/oem7/fix,/novatel/oem7/inspva,39.663,-75.756,-1.802332213,0.002877551,-0.002559704,0.000172577,0.002872372,-0.002559704,,0,
1786043778568012004,1786043778.565697067,/novatel/oem7/odom,/novatel/oem7/fix,/novatel/oem7/odom,39.663,-75.756,-1.802332213,0.002887344,-0.002548654,0.002887091,0.000038195,-0.002548654,,,
1786043778576046131,1786043778.575367361,/novatel/oem7/odom,/novatel/oem7/fix,/novatel/oem7/odom,39.663,-75.756,-1.802332213,0.002887344,-0.002548654,0.002887091,0.000038195,-0.002548654,,,
1786043778585483816,1786043778.584949477,/novatel/oem7/inspva,/novatel/oem7/inspva,/novatel/oem7/inspva,39.663,-75.756,-1.802337615,0.002765015,-0.002362609,0.000246900,0.002753969,-0.002362609,,novatel_oem7_msgs.msg.InertialSolutionStatus(status=3),
1786043778586801276,1786043778.585120832,/novatel/oem7/fix,/novatel/oem7/fix,/novatel/oem7/inspva,39.663,-75.756,-1.802337615,0.002765015,-0.002362609,0.000246900,0.002753969,-0.002362609,,0,
1786043778587870317,1786043778.585505660,/novatel/oem7/odom,/novatel/oem7/fix,/novatel/oem7/odom,39.663,-75.756,-1.802337615,0.002774214,-0.002351800,0.002771714,0.000117748,-0.002351800,,,
1786043778595044746,1786043778.594380169,/novatel/oem7/odom,/novatel/oem7/fix,/novatel/oem7/odom,39.663,-75.756,-1.802337615,0.002774214,-0.002351800,0.002771714,0.000117748,-0.002351800,,,
1786043778607065086,1786043778.606544964,/novatel/oem7/inspva,/novatel/oem7/inspva,/novatel/oem7/inspva,39.663,-75.756,-1.802355580,0.002860915,-0.002403365,0.000002351,0.002860914,-0.002403365,,novatel_oem7_msgs.msg.InertialSolutionStatus(status=3),
1786043778608373006,1786043778.606723213,/novatel/oem7/fix,/novatel/oem7/fix,/novatel/oem7/inspva,39.663,-75.756,-1.802355580,0.002860915,-0.002403365,0.000002351,0.002860914,-0.002403365,,0,
1786043778609407816,1786043778.607233691,/novatel/oem7/odom,/novatel/oem7/fix,/novatel/oem7/odom,39.663,-75.756,-1.802355580,0.002869716,-0.002392848,0.002866696,-0.000131620,-0.002392848,,,
1786043778610876398,1786043778.610266889,/novatel/oem7/bestpos,/novatel/oem7/bestpos,/novatel/oem7/odom,39.663,-75.756,33.180109589,0.002869716,-0.002392848,0.002866696,-0.000131620,-0.002392848,,novatel_oem7_msgs.msg.SolutionStatus(status=0),novatel_oem7_msgs.msg.PositionOrVelocityType(type=53)
1786043778612271575,1786043778.610696593,/novatel/oem7/bestvel,/novatel/oem7/bestpos,/novatel/oem7/bestvel,39.663,-75.756,33.180109589,0.002518930,-0.002360984,,,,84.464455917,novatel_oem7_msgs.msg.SolutionStatus(status=0),novatel_oem7_msgs.msg.PositionOrVelocityType(type=53)
1786043778615205144,1786043778.614561895,/novatel/oem7/odom,/novatel/oem7/bestpos,/novatel/oem7/odom,39.663,-75.756,33.180109589,0.002869716,-0.002392848,0.002866696,-0.000131620,-0.002392848,,,
1786043778625674017,1786043778.625123888,/novatel/oem7/inspva,/novatel/oem7/inspva,/novatel/oem7/inspva,39.663,-75.756,-1.802364959,0.002935832,-0.002429306,-0.000105791,0.002933925,-0.002429306,,novatel_oem7_msgs.msg.InertialSolutionStatus(status=3),
1786043778627027433,1786043778.625307326,/novatel/oem7/fix,/novatel/oem7/fix,/novatel/oem7/inspva,39.663,-75.756,-1.802364959,0.002935832,-0.002429306,-0.000105791,0.002933925,-0.002429306,,0,
1786043778628101471,1786043778.625811395,/novatel/oem7/odom,/novatel/oem7/fix,/novatel/oem7/odom,39.663,-75.756,-1.802364959,0.002944477,-0.002418819,0.002934421,-0.000243147,-0.002418819,,,
1786043778635439025,1786043778.634750951,/novatel/oem7/odom,/novatel/oem7/fix,/novatel/oem7/odom,39.663,-75.756,-1.802364959,0.002944477,-0.002418819,0.002934421,-0.000243147,-0.002418819,,,
1786043778645852926,1786043778.645317821,/novatel/oem7/inspva,/novatel/oem7/inspva,/novatel/oem7/inspva,39.663,-75.756,-1.802384484,0.002743153,-0.002506991,-0.000124101,0.002740344,-0.002506991,,novatel_oem7_msgs.msg.InertialSolutionStatus(status=3),
1786043778647203096,1786043778.645514559,/novatel/oem7/fix,/novatel/oem7/fix,/novatel/oem7/inspva,39.663,-75.756,-1.802384484,0.002743153,-0.002506991,-0.000124101,0.002740344,-0.002506991,,0,
1786043778648279041,1786043778.646082999,/novatel/oem7/odom,/novatel/oem7/fix,/novatel/oem7/odom,39.663,-75.756,-1.802384484,0.002752012,-0.002497263,0.002740469,-0.000251792,-0.002497263,,,
1786043778658389415,1786043778.656097379,/novatel/oem7/odom,/novatel/oem7/fix,/novatel/oem7/odom,39.663,-75.756,-1.802384484,0.002752012,-0.002497263,0.002740469,-0.000251792,-0.002497263,,,
1786043778666821230,1786043778.666133656,/novatel/oem7/inspva,/novatel/oem7/inspva,/novatel/oem7/inspva,39.663,-75.756,-1.802397297,0.002692518,-0.002402942,0.000006189,0.002692511,-0.002402942,,novatel_oem7_msgs.msg.InertialSolutionStatus(status=3),
1786043778668472727,1786043778.666314228,/novatel/oem7/fix,/novatel/oem7/fix,/novatel/oem7/inspva,39.663,-75.756,-1.802397297,0.002692518,-0.002402942,0.000006189,0.002692511,-0.002402942,,0,
1786043778669719942,1786043778.666742746,/novatel/oem7/odom,/novatel/oem7/fix,/novatel/oem7/odom,39.663,-75.756,-1.802397297,0.002701307,-0.002393058,0.002698660,-0.000119562,-0.002393058,,,
1786043778675287108,1786043778.674506967,/novatel/oem7/odom,/novatel/oem7/fix,/novatel/oem7/odom,39.663,-75.756,-1.802397297,0.002701307,-0.002393058,0.002698660,-0.000119562,-0.002393058,,,
1786043778685934109,1786043778.685284596,/novatel/oem7/inspva,/novatel/oem7/inspva,/novatel/oem7/inspva,39.663,-75.756,-1.802423540,0.002631082,-0.002870332,-0.000394717,0.002601306,-0.002870332,,novatel_oem7_msgs.msg.InertialSolutionStatus(status=3),
1786043778687478685,1786043778.685475228,/novatel/oem7/fix,/novatel/oem7/fix,/novatel/oem7/inspva,39.663,-75.756,-1.802423540,0.002631082,-0.002870332,-0.000394717,0.002601306,-0.002870332,,0,
1786043778688625852,1786043778.686138887,/novatel/oem7/odom,/novatel/oem7/fix,/novatel/oem7/odom,39.663,-75.756,-1.802423540,0.002640297,-0.002861858,0.002589701,-0.000514410,-0.002861858,,,
1786043778696319004,1786043778.695596352,/novatel/oem7/odom,/novatel/oem7/fix,/novatel/oem7/odom,39.663,-75.756,-1.802423540,0.002640297,-0.002861858,0.002589701,-0.000514410,-0.002861858,,,
1786043778706469962,1786043778.705813485,/novatel/oem7/inspva,/novatel/oem7/inspva,/novatel/oem7/inspva,39.663,-75.756,-1.802437593,0.002672151,-0.002597524,-0.000413175,0.002640014,-0.002597524,,novatel_oem7_msgs.msg.InertialSolutionStatus(status=3),
1786043778707950027,1786043778.705991171,/novatel/oem7/fix,/novatel/oem7/fix,/novatel/oem7/inspva,39.663,-75.756,-1.802437593,0.002672151,-0.002597524,-0.000413175,0.002640014,-0.002597524,,0,
1786043778709088542,1786043778.706400975,/novatel/oem7/odom,/novatel/oem7/fix,/novatel/oem7/odom,39.663,-75.756,-1.802437593,0.002680445,-0.002588963,0.002626417,-0.000535464,-0.002588963,,,
1786043778710732742,1786043778.709258824,/novatel/oem7/bestpos,/novatel/oem7/bestpos,/novatel/oem7/odom,39.663,-75.756,33.180035417,0.002680445,-0.002588963,0.002626417,-0.000535464,-0.002588963,,novatel_oem7_msgs.msg.SolutionStatus(status=0),novatel_oem7_msgs.msg.PositionOrVelocityType(type=53)
1786043778711778119,1786043778.709842829,/novatel/oem7/bestvel,/novatel/oem7/bestpos,/novatel/oem7/bestvel,39.663,-75.756,33.180035417,0.002289151,-0.002443396,,,,98.655879486,novatel_oem7_msgs.msg.SolutionStatus(status=0),novatel_oem7_msgs.msg.PositionOrVelocityType(type=53)
1786043778715156443,1786043778.714365148,/novatel/oem7/odom,/novatel/oem7/bestpos,/novatel/oem7/odom,39.663,-75.756,33.180035417,0.002680445,-0.002588963,0.002626417,-0.000535464,-0.002588963,,,
1786043778727326355,1786043778.726558374,/novatel/oem7/inspva,/novatel/oem7/inspva,/novatel/oem7/inspva,39.663,-75.756,-1.802464361,0.002645813,-0.002694919,-0.000720840,0.002545725,-0.002694919,,novatel_oem7_msgs.msg.InertialSolutionStatus(status=3),
1786043778728869624,1786043778.726742719,/novatel/oem7/fix,/novatel/oem7/fix,/novatel/oem7/inspva,39.663,-75.756,-1.802464361,0.002645813,-0.002694919,-0.000720840,0.002545725,-0.002694919,,0,
1786043778730039146,1786043778.727220780,/novatel/oem7/odom,/novatel/oem7/fix,/novatel/oem7/odom,39.663,-75.756,-1.802464361,0.002653369,-0.002687479,0.002517609,-0.000837862,-0.002687479,,,
1786043778735655819,1786043778.734866597,/novatel/oem7/odom,/novatel/oem7/fix,/novatel/oem7/odom,39.663,-75.756,-1.802464361,0.002653369,-0.002687479,0.002517609,-0.000837862,-0.002687479,,,
1786043778746110744,1786043778.745387107,/novatel/oem7/inspva,/novatel/oem7/inspva,/novatel/oem7/inspva,39.663,-75.756,-1.802483525,0.002523158,-0.002562357,-0.000317092,0.002503154,-0.002562357,,novatel_oem7_msgs.msg.InertialSolutionStatus(status=3),
1786043778747610062,1786043778.745576879,/novatel/oem7/fix,/novatel/oem7/fix,/novatel/oem7/inspva,39.663,-75.756,-1.802483525,0.002523158,-0.002562357,-0.000317092,0.002503154,-0.002562357,,0,
1786043778748724050,1786043778.746030906,/novatel/oem7/odom,/novatel/oem7/fix,/novatel/oem7/odom,39.663,-75.756,-1.802483525,0.002531623,-0.002553994,0.002494344,-0.000432858,-0.002553994,,,
1786043778756826342,1786043778.756059280,/novatel/oem7/odom,/novatel/oem7/fix,/novatel/oem7/odom,39.663,-75.756,-1.802483525,0.002531623,-0.002553994,0.002494344,-0.000432858,-0.002553994,,,
1786043778766029500,1786043778.765370374,/novatel/oem7/inspva,/novatel/oem7/inspva,/novatel/oem7/inspva,39.663,-75.756,-1.802516557,0.002711448,-0.003106899,-0.000930991,0.002546607,-0.003106899,,novatel_oem7_msgs.msg.InertialSolutionStatus(status=3),
1786043778767625013,1786043778.765559266,/novatel/oem7/fix,/novatel/oem7/fix,/novatel/oem7/inspva,39.663,-75.756,-1.802516557,0.002711448,-0.003106899,-0.000930991,0.002546607,-0.003106899,,0,
1786043778768740968,1786043778.766232636,/novatel/oem7/odom,/novatel/oem7/fix,/novatel/oem7/odom,39.663,-75.756,-1.802516557,0.002719288,-0.003100040,0.002509730,-0.001046796,-0.003100040,,,
1786043778775658551,1786043778.774893570,/novatel/oem7/odom,/novatel/oem7/fix,/novatel/oem7/odom,39.663,-75.756,-1.802516557,0.002719288,-0.003100040,0.002509730,-0.001046796,-0.003100040,,,
1786043778786960985,1786043778.786234907,/novatel/oem7/inspva,/novatel/oem7/inspva,/novatel/oem7/inspva,39.663,-75.756,-1.802538908,0.002546965,-0.003267567,-0.000137783,0.002543236,-0.003267567,,novatel_oem7_msgs.msg.InertialSolutionStatus(status=3),
1786043778788395325,1786043778.786411029,/novatel/oem7/fix,/novatel/oem7/fix,/novatel/oem7/inspva,39.663,-75.756,-1.802538908,0.002546965,-0.003267567,-0.000137783,0.002543236,-0.003267567,,0,
1786043778789606051,1786043778.786819779,/novatel/oem7/odom,/novatel/oem7/fix,/novatel/oem7/odom,39.663,-75.756,-1.802538908,0.002558435,-0.003258595,0.002545800,-0.000253953,-0.003258595,,,
1786043778795172043,1786043778.794410163,/novatel/oem7/odom,/novatel/oem7/fix,/novatel/oem7/odom,39.663,-75.756,-1.802538908,0.002558435,-0.003258595,0.002545800,-0.000253953,-0.003258595,,,
1786043778807040956,1786043778.806374136,/novatel/oem7/inspva,/novatel/oem7/inspva,/novatel/oem7/inspva,39.663,-75.756,-1.802570469,0.002289469,-0.002874642,-0.000705502,0.002178058,-0.002874642,,novatel_oem7_msgs.msg.InertialSolutionStatus(status=3),
1786043778808535975,1786043778.806558308,/novatel/oem7/fix,/novatel/oem7/fix,/novatel/oem7/inspva,39.663,-75.756,-1.802570469,0.002289469,-0.002874642,-0.000705502,0.002178058,-0.002874642,,0,
1786043778809674176,1786043778.807180901,/novatel/oem7/odom,/novatel/oem7/fix,/novatel/oem7/odom,39.663,-75.756,-1.802570469,0.002297129,-0.002868525,0.002151794,-0.000804105,-0.002868525,,,
1786043778811614916,1786043778.810729187,/novatel/oem7/bestpos,/novatel/oem7/bestpos,/novatel/oem7/odom,39.663,-75.756,33.179877221,0.002297129,-0.002868525,0.002151794,-0.000804105,-0.002868525,,novatel_oem7_msgs.msg.SolutionStatus(status=0),novatel_oem7_msgs.msg.PositionOrVelocityType(type=53)
1786043778813082230,1786043778.811164898,/novatel/oem7/bestvel,/novatel/oem7/bestpos,/novatel/oem7/bestvel,39.663,-75.756,33.179877221,0.001899421,-0.003071415,,,,93.510027789,novatel_oem7_msgs.msg.SolutionStatus(status=0),novatel_oem7_msgs.msg.PositionOrVelocityType(type=53)
1786043778816372140,1786043778.815560148,/novatel/oem7/odom,/novatel/oem7/bestpos,/novatel/oem7/odom,39.663,-75.756,33.179877221,0.002297129,-0.002868525,0.002151794,-0.000804105,-0.002868525,,,
1786043778825519955,1786043778.824965847,/novatel/oem7/inspva,/novatel/oem7/inspva,/novatel/oem7/inspva,39.663,-75.756,-1.802600699,0.002594697,-0.003219731,-0.000187715,0.002587898,-0.003219731,,novatel_oem7_msgs.msg.InertialSolutionStatus(status=3),
1786043778826823608,1786043778.825128878,/novatel/oem7/fix,/novatel/oem7/fix,/novatel/oem7/inspva,39.663,-75.756,-1.802600699,0.002594697,-0.003219731,-0.000187715,0.002587898,-0.003219731,,0,
1786043778827868626,1786043778.825571953,/novatel/oem7/odom,/novatel/oem7/fix,/novatel/oem7/odom,39.663,-75.756,-1.802600699,0.002605834,-0.003210725,0.002587787,-0.000306154,-0.003210725,,,
1786043778835011461,1786043778.834397674,/novatel/oem7/odom,/novatel/oem7/fix,/novatel/oem7/odom,39.663,-75.756,-1.802600699,0.002605834,-0.003210725,0.002587787,-0.000306154,-0.003210725,,,
1786043778845893467,1786043778.845395075,/novatel/oem7/inspva,/novatel/oem7/inspva,/novatel/oem7/inspva,39.663,-75.756,-1.802638979,0.002596508,-0.003331070,-0.000891624,0.002438619,-0.003331070,,novatel_oem7_msgs.msg.InertialSolutionStatus(status=3),
1786043778847293531,1786043778.845548033,/novatel/oem7/fix,/novatel/oem7/fix,/novatel/oem7/inspva,39.663,-75.756,-1.802638979,0.002596508,-0.003331070,-0.000891624,0.002438619,-0.003331070,,0,
1786043778848604140,1786043778.846211363,/novatel/oem7/odom,/novatel/oem7/fix,/novatel/oem7/odom,39.663,-75.756,-1.802638979,0.002604891,-0.003324519,0.002404629,-0.001001607,-0.003324519,,,
1786043778857025109,1786043778.856374102,/novatel/oem7/odom,/novatel/oem7/fix,/novatel/oem7/odom,39.663,-75.756,-1.802638979,0.002604891,-0.003324519,0.002404629,-0.001001607,-0.003324519,,,
1786043778865359233,1786043778.864865928,/novatel/oem7/inspva,/novatel/oem7/inspva,/novatel/oem7/inspva,39.663,-75.756,-1.802669994,0.002597247,-0.003252416,-0.000516933,0.002545284,-0.003252416,,novatel_oem7_msgs.msg.InertialSolutionStatus(status=3),
1786043778866654742,1786043778.865037239,/novatel/oem7/fix,/novatel/oem7/fix,/novatel/oem7/inspva,39.663,-75.756,-1.802669994,0.002597247,-0.003252416,-0.000516933,0.002545284,-0.003252416,,0,
1786043778867675669,1786043778.865453450,/novatel/oem7/odom,/novatel/oem7/fix,/novatel/oem7/odom,39.663,-75.756,-1.802669994,0.002607171,-0.003244466,0.002529219,-0.000632765,-0.003244466,,,
1786043778875287132,1786043778.874660251,/novatel/oem7/odom,/novatel/oem7/fix,/novatel/oem7/odom,39.663,-75.756,-1.802669994,0.002607171,-0.003244466,0.002529219,-0.000632765,-0.003244466,,,
1786043778886002253,1786043778.885498041,/novatel/oem7/inspva,/novatel/oem7/inspva,/novatel/oem7/inspva,39.663,-75.756,-1.802711945,0.002410344,-0.003433496,-0.000759126,0.002287681,-0.003433496,,novatel_oem7_msgs.msg.InertialSolutionStatus(status=3),
1786043778887365230,1786043778.885668507,/novatel/oem7/fix,/novatel/oem7/fix,/novatel/oem7/inspva,39.663,-75.756,-1.802711945,0.002410344,-0.003433496,-0.000759126,0.002287681,-0.003433496,,0,
1786043778888387247,1786043778.886465541,/novatel/oem7/odom,/novatel/oem7/fix,/novatel/oem7/odom,39.663,-75.756,-1.802711945,0.002419379,-0.003427135,0.002260760,-0.000861603,-0.003427135,,,
1786043778895261469,1786043778.894637751,/novatel/oem7/odom,/novatel/oem7/fix,/novatel/oem7/odom,39.663,-75.756,-1.802711945,0.002419379,-0.003427135,0.002260760,-0.000861603,-0.003427135,,,
1786043778906399091,1786043778.905917466,/novatel/oem7/inspva,/novatel/oem7/inspva,/novatel/oem7/inspva,39.663,-75.756,-1.802740932,0.002632472,-0.003526537,-0.000654908,0.002549707,-0.003526537,,novatel_oem7_msgs.msg.InertialSolutionStatus(status=3),
1786043778907833790,1786043778.906056662,/novatel/oem7/fix,/novatel/oem7/fix,/novatel/oem7/inspva,39.663,-75.756,-1.802740932,0.002632472,-0.003526537,-0.000654908,0.002549707,-0.003526537,,0,
1786043778908861816,1786043778.906541166,/novatel/oem7/odom,/novatel/oem7/fix,/novatel/oem7/odom,39.663,-75.756,-1.802740932,0.002642598,-0.003518955,0.002527888,-0.000770136,-0.003518955,,,
1786043778910359188,1786043778.909589213,/novatel/oem7/bestpos,/novatel/oem7/bestpos,/novatel/oem7/odom,39.663,-75.756,33.179706553,0.002642598,-0.003518955,0.002527888,-0.000770136,-0.003518955,,novatel_oem7_msgs.msg.SolutionStatus(status=0),novatel_oem7_msgs.msg.PositionOrVelocityType(type=53)
1786043778911743715,1786043778.910217613,/novatel/oem7/bestvel,/novatel/oem7/bestpos,/novatel/oem7/bestvel,39.663,-75.756,33.179706553,0.002128941,-0.003414379,,,,101.795896336,novatel_oem7_msgs.msg.SolutionStatus(status=0),novatel_oem7_msgs.msg.PositionOrVelocityType(type=53)
1786043778915238517,1786043778.914568023,/novatel/oem7/odom,/novatel/oem7/bestpos,/novatel/oem7/odom,39.663,-75.756,33.179706553,0.002642598,-0.003518955,0.002527888,-0.000770136,-0.003518955,,,
1786043778925626845,1786043778.925114026,/novatel/oem7/inspva,/novatel/oem7/inspva,/novatel/oem7/inspva,39.663,-75.756,-1.802772445,0.002480682,-0.002784992,-0.000876079,0.002320834,-0.002784992,,novatel_oem7_msgs.msg.InertialSolutionStatus(status=3),
1786043778926907444,1786043778.925249278,/novatel/oem7/fix,/novatel/oem7/fix,/novatel/oem7/inspva,39.663,-75.756,-1.802772445,0.002480682,-0.002784992,-0.000876079,0.002320834,-0.002784992,,0,
1786043778927984112,1786043778.925781030,/novatel/oem7/odom,/novatel/oem7/fix,/novatel/oem7/odom,39.663,-75.756,-1.802772445,0.002487605,-0.002778810,0.002285705,-0.000981696,-0.002778810,,,
1786043778936115297,1786043778.935479467,/novatel/oem7/odom,/novatel/oem7/fix,/novatel/oem7/odom,39.663,-75.756,-1.802772445,0.002487605,-0.002778810,0.002285705,-0.000981696,-0.002778810,,,
1786043778945463951,1786043778.944960743,/novatel/oem7/inspva,/novatel/oem7/inspva,/novatel/oem7/inspva,39.663,-75.756,-1.802802761,0.002683356,-0.002914025,-0.000882077,0.002534234,-0.002914025,,novatel_oem7_msgs.msg.InertialSolutionStatus(status=3),
1786043778947088920,1786043778.945097450,/novatel/oem7/fix,/novatel/oem7/fix,/novatel/oem7/inspva,39.663,-75.756,-1.802802761,0.002683356,-0.002914025,-0.000882077,0.002534234,-0.002914025,,0,
1786043778948449088,1786043778.945500084,/novatel/oem7/odom,/novatel/oem7/fix,/novatel/oem7/odom,39.663,-75.756,-1.802802761,0.002690885,-0.002907074,0.002499044,-0.000997819,-0.002907074,,,
1786043778956231186,1786043778.955586483,/novatel/oem7/odom,/novatel/oem7/fix,/novatel/oem7/odom,39.663,-75.756,-1.802802761,0.002690885,-0.002907074,0.002499044,-0.000997819,-0.002907074,,,
1786043778967134026,1786043778.966627920,/novatel/oem7/inspva,/novatel/oem7/inspva,/novatel/oem7/inspva,39.663,-75.756,-1.802845433,0.002711612,-0.003422403,-0.001020255,0.002512354,-0.003422403,,novatel_oem7_msgs.msg.InertialSolutionStatus(status=3),
1786043778968506216,1786043778.966780008,/novatel/oem7/fix,/novatel/oem7/fix,/novatel/oem7/inspva,39.663,-75.756,-1.802845433,0.002711612,-0.003422403,-0.001020255,0.002512354,-0.003422403,,0,
1786043778969552150,1786043778.967312390,/novatel/oem7/odom,/novatel/oem7/fix,/novatel/oem7/odom,39.663,-75.756,-1.802845433,0.002719824,-0.003415880,0.002472350,-0.001133547,-0.003415880,,,
1786043778975329221,1786043778.974658644,/novatel/oem7/odom,/novatel/oem7/fix,/novatel/oem7/odom,39.663,-75.756,-1.802845433,0.002719824,-0.003415880,0.002472350,-0.001133547,-0.003415880,,,
1786043778985548471,1786043778.985004895,/novatel/oem7/inspva,/novatel/oem7/inspva,/novatel/oem7/inspva,39.663,-75.756,-1.802872763,0.002636637,-0.003006529,-0.001135846,0.002379435,-0.003006529,,novatel_oem7_msgs.msg.InertialSolutionStatus(status=3),
1786043778986859327,1786043778.985175573,/novatel/oem7/fix,/novatel/oem7/fix,/novatel/oem7/inspva,39.663,-75.756,-1.802872763,0.002636637,-0.003006529,-0.001135846,0.002379435,-0.003006529,,0,
1786043778987937588,1786043778.985504896,/novatel/oem7/odom,/novatel/oem7/fix,/novatel/oem7/odom,39.663,-75.756,-1.802872763,0.002643175,-0.003000783,0.002332376,-0.001243541,-0.003000783,,,
1786043778996085326,1786043778.995416386,/novatel/oem7/odom,/novatel/oem7/fix,/novatel/oem7/odom,39.663,-75.756,-1.802872763,0.002643175,-0.003000783,0.002332376,-0.001243541,-0.003000783,,,
1786043779010741800,1786043779.010224252,/novatel/oem7/inspva,/novatel/oem7/inspva,/novatel/oem7/inspva,39.663,-75.756,-1.802914145,0.002646733,-0.003229889,-0.001242541,0.002336940,-0.003229889,,novatel_oem7_msgs.msg.InertialSolutionStatus(status=3),
1786043779012132374,1786043779.010391193,/novatel/oem7/fix,/novatel/oem7/fix,/novatel/oem7/inspva,39.663,-75.756,-1.802914145,0.002646733,-0.003229889,-0.001242541,0.002336940,-0.003229889,,0,
1786043779013464081,1786043779.011531908,/novatel/oem7/odom,/novatel/oem7/fix,/novatel/oem7/odom,39.663,-75.756,-1.802914145,0.002653192,-0.003224586,0.002285548,-0.001347478,-0.003224586,,,
1786043779016656820,1786043779.016023869,/novatel/oem7/odom,/novatel/oem7/fix,/novatel/oem7/odom,39.663,-75.756,-1.802914145,0.002653192,-0.003224586,0.002285548,-0.001347478,-0.003224586,,,
1786043779027058694,1786043779.026487202,/novatel/oem7/bestpos,/novatel/oem7/bestpos,/novatel/oem7/odom,39.663,-75.756,33.179530744,0.002653192,-0.003224586,0.002285548,-0.001347478,-0.003224586,,novatel_oem7_msgs.msg.SolutionStatus(status=0),novatel_oem7_msgs.msg.PositionOrVelocityType(type=53)
1786043779028465435,1786043779.026937680,/novatel/oem7/bestvel,/novatel/oem7/bestpos,/novatel/oem7/bestvel,39.663,-75.756,33.179530744,0.002697365,-0.003087567,,,,122.233725798,novatel_oem7_msgs.msg.SolutionStatus(status=0),novatel_oem7_msgs.msg.PositionOrVelocityType(type=53)
1786043779029351291,1786043779.027352017,/novatel/oem7/inspva,/novatel/oem7/inspva,/novatel/oem7/inspva,39.663,-75.756,-1.802942630,0.002533828,-0.002971921,-0.001155089,0.002255228,-0.002971921,,novatel_oem7_msgs.msg.InertialSolutionStatus(status=3),
1786043779030173382,1786043779.027508306,/novatel/oem7/fix,/novatel/oem7/fix,/novatel/oem7/inspva,39.663,-75.756,-1.802942630,0.002533828,-0.002971921,-0.001155089,0.002255228,-0.002971921,,0,
1786043779031199373,1786043779.027833128,/novatel/oem7/odom,/novatel/oem7/fix,/novatel/oem7/odom,39.663,-75.756,-1.802942630,0.002539956,-0.002966685,0.002207232,-0.001256784,-0.002966685,,,
1786043779035280107,1786043779.034643287,/novatel/oem7/odom,/novatel/oem7/fix,/novatel/oem7/odom,39.663,-75.756,-1.802942630,0.002539956,-0.002966685,0.002207232,-0.001256784,-0.002966685,,,
1786043779045786699,1786043779.045249081,/novatel/oem7/inspva,/novatel/oem7/inspva,/novatel/oem7/inspva,39.663,-75.756,-1.802925232,0.002545327,-0.002938017,-0.001337999,0.002165282,-0.002938017,,novatel_oem7_msgs.msg.InertialSolutionStatus(status=3),
1786043779047583300,1786043779.045393142,/novatel/oem7/fix,/novatel/oem7/fix,/novatel/oem7/inspva,39.663,-75.756,-1.802925232,0.002545327,-0.002938017,-0.001337999,0.002165282,-0.002938017,,0,
1786043779048630771,1786043779.046073785,/novatel/oem7/odom,/novatel/oem7/fix,/novatel/oem7/odom,39.663,-75.756,-1.802925232,0.002550405,-0.002933611,0.002108301,-0.001435141,-0.002933611,,,
1786043779057039032,1786043779.056411692,/novatel/oem7/odom,/novatel/oem7/fix,/novatel/oem7/odom,39.663,-75.756,-1.802925232,0.002550405,-0.002933611,0.002108301,-0.001435141,-0.002933611,,,
1786043779065567238,1786043779.065036700,/novatel/oem7/inspva,/novatel/oem7/inspva,/novatel/oem7/inspva,39.663,-75.756,-1.802891333,0.002544710,-0.002571964,-0.001419124,0.002112258,-0.002571964,,novatel_oem7_msgs.msg.InertialSolutionStatus(status=3),
1786043779066869384,1786043779.065200044,/novatel/oem7/fix,/novatel/oem7/fix,/novatel/oem7/inspva,39.663,-75.756,-1.802891333,0.002544710,-0.002571964,-0.001419124,0.002112258,-0.002571964,,0,
1786043779067953442,1786043779.065655296,/novatel/oem7/odom,/novatel/oem7/fix,/novatel/oem7/odom,39.663,-75.756,-1.802891333,0.002548734,-0.002567976,0.002049973,-0.001514483,-0.002567976,,,
1786043779075154158,1786043779.074461724,/novatel/oem7/odom,/novatel/oem7/fix,/novatel/oem7/odom,39.663,-75.756,-1.802891333,0.002548734,-0.002567976,0.002049973,-0.001514483,-0.002567976,,,
1786043779087526199,1786043779.086738388,/novatel/oem7/inspva,/novatel/oem7/inspva,/novatel/oem7/inspva,39.663,-75.756,-1.802874034,0.002726198,-0.002672346,-0.001356666,0.002364660,-0.002672346,,novatel_oem7_msgs.msg.InertialSolutionStatus(status=3),
1786043779088966763,1786043779.086913243,/novatel/oem7/fix,/novatel/oem7/fix,/novatel/oem7/inspva,39.663,-75.756,-1.802874034,0.002726198,-0.002672346,-0.001356666,0.002364660,-0.002672346,,0,
1786043779090100778,1786043779.087185219,/novatel/oem7/odom,/novatel/oem7/fix,/novatel/oem7/odom,39.663,-75.756,-1.802874034,0.002731170,-0.002667264,0.002305537,-0.001464169,-0.002667264,,,
1786043779096181409,1786043779.095451205,/novatel/oem7/odom,/novatel/oem7/fix,/novatel/oem7/odom,39.663,-75.756,-1.802874034,0.002731170,-0.002667264,0.002305537,-0.001464169,-0.002667264,,,
1786043779106402132,1786043779.105837340,/novatel/oem7/inspva,/novatel/oem7/inspva,/novatel/oem7/inspva,39.663,-75.756,-1.802841694,0.002630761,-0.002728962,-0.001411925,0.002219768,-0.002728962,,novatel_oem7_msgs.msg.InertialSolutionStatus(status=3),
1786043779107963127,1786043779.105979038,/novatel/oem7/fix,/novatel/oem7/fix,/novatel/oem7/inspva,39.663,-75.756,-1.802841694,0.002630761,-0.002728962,-0.001411925,0.002219768,-0.002728962,,0,
1786043779109052915,1786043779.106416794,/novatel/oem7/odom,/novatel/oem7/fix,/novatel/oem7/odom,39.663,-75.756,-1.802841694,0.002635349,-0.002724530,0.002158358,-0.001512136,-0.002724530,,,
1786043779110667945,1786043779.109523503,/novatel/oem7/bestpos,/novatel/oem7/bestpos,/novatel/oem7/odom,39.663,-75.756,33.179595600,0.002635349,-0.002724530,0.002158358,-0.001512136,-0.002724530,,novatel_oem7_msgs.msg.SolutionStatus(status=0),novatel_oem7_msgs.msg.PositionOrVelocityType(type=53)
1786043779112085179,1786043779.110292921,/novatel/oem7/bestvel,/novatel/oem7/bestpos,/novatel/oem7/bestvel,39.663,-75.756,33.179595600,0.003207219,-0.002871498,,,,120.779727236,novatel_oem7_msgs.msg.SolutionStatus(status=0),novatel_oem7_msgs.msg.PositionOrVelocityType(type=53)
1786043779116215990,1786043779.115470373,/novatel/oem7/odom,/novatel/oem7/bestpos,/novatel/oem7/odom,39.663,-75.756,33.179595600,0.002635349,-0.002724530,0.002158358,-0.001512136,-0.002724530,,,
1786043779125819634,1786043779.125206535,/novatel/oem7/inspva,/novatel/oem7/inspva,/novatel/oem7/inspva,39.663,-75.756,-1.802819156,0.002490229,-0.002358483,-0.001358214,0.002087222,-0.002358483,,novatel_oem7_msgs.msg.InertialSolutionStatus(status=3),
1786043779127203318,1786043779.125349356,/novatel/oem7/fix,/novatel/oem7/fix,/novatel/oem7/inspva,39.663,-75.756,-1.802819156,0.002490229,-0.002358483,-0.001358214,0.002087222,-0.002358483,,0,
1786043779128292379,1786043779.125969841,/novatel/oem7/odom,/novatel/oem7/fix,/novatel/oem7/odom,39.663,-75.756,-1.802819156,0.002494091,-0.002354398,0.002027187,-0.001452929,-0.002354398,,,
1786043779135583652,1786043779.134841339,/novatel/oem7/odom,/novatel/oem7/fix,/novatel/oem7/odom,39.663,-75.756,-1.802819156,0.002494091,-0.002354398,0.002027187,-0.001452929,-0.002354398,,,
1786043779146761568,1786043779.146018777,/novatel/oem7/inspva,/novatel/oem7/inspva,/novatel/oem7/inspva,39.663,-75.756,-1.802783266,0.002673976,-0.002208746,-0.001575502,0.002160542,-0.002208746,,novatel_oem7_msgs.msg.InertialSolutionStatus(status=3),
1786043779148197879,1786043779.146180849,/novatel/oem7/fix,/novatel/oem7/fix,/novatel/oem7/inspva,39.663,-75.756,-1.802783266,0.002673976,-0.002208746,-0.001575502,0.002160542,-0.002208746,,0,
1786043779149354154,1786043779.146750981,/novatel/oem7/odom,/novatel/oem7/fix,/novatel/oem7/odom,39.663,-75.756,-1.802783266,0.002677076,-0.002204987,0.002089212,-0.001673897,-0.002204987,,,
1786043779156727925,1786043779.155965354,/novatel/oem7/odom,/novatel/oem7/fix,/novatel/oem7/odom,39.663,-75.756,-1.802783266,0.002677076,-0.002204987,0.002089212,-0.001673897,-0.002204987,,,
1786043779165904400,1786043779.165160659,/novatel/oem7/inspva,/novatel/oem7/inspva,/novatel/oem7/inspva,39.663,-75.756,-1.802759765,0.002212216,-0.002160970,-0.001047946,0.001948258,-0.002160970,,novatel_oem7_msgs.msg.InertialSolutionStatus(status=3),
1786043779167391949,1786043779.165321608,/novatel/oem7/fix,/novatel/oem7/fix,/novatel/oem7/inspva,39.663,-75.756,-1.802759765,0.002212216,-0.002160970,-0.001047946,0.001948258,-0.002160970,,0,
1786043779168574724,1786043779.165806726,/novatel/oem7/odom,/novatel/oem7/fix,/novatel/oem7/odom,39.663,-75.756,-1.802759765,0.002216493,-0.002156583,0.001902825,-0.001136705,-0.002156583,,,
1786043779176310875,1786043779.175556494,/novatel/oem7/odom,/novatel/oem7/fix,/novatel/oem7/odom,39.663,-75.756,-1.802759765,0.002216493,-0.002156583,0.001902825,-0.001136705,-0.002156583,,,
1786043779189066239,1786043779.185302915,/novatel/oem7/inspva,/novatel/oem7/inspva,/novatel/oem7/inspva,39.663,-75.756,-1.802725416,0.002253578,-0.002186922,-0.001139974,0.001943984,-0.002186922,,novatel_oem7_msgs.msg.InertialSolutionStatus(status=3),
1786043779198322481,1786043779.185535747,/novatel/oem7/fix,/novatel/oem7/fix,/novatel/oem7/inspva,39.663,-75.756,-1.802725416,0.002253578,-0.002186922,-0.001139974,0.001943984,-0.002186922,,0,
1786043779201597549,1786043779.186127633,/novatel/oem7/odom,/novatel/oem7/fix,/novatel/oem7/odom,39.663,-75.756,-1.802725416,0.002257599,-0.002182771,0.001894163,-0.001228374,-0.002182771,,,
1786043779203213404,1786043779.194437904,/novatel/oem7/odom,/novatel/oem7/fix,/novatel/oem7/odom,39.663,-75.756,-1.802725416,0.002257599,-0.002182771,0.001894163,-0.001228374,-0.002182771,,,
1786043779207106300,1786043779.206738794,/novatel/oem7/inspva,/novatel/oem7/inspva,/novatel/oem7/inspva,39.663,-75.756,-1.802706063,0.002321448,-0.002282767,-0.001215263,0.001977942,-0.002282767,,novatel_oem7_msgs.msg.InertialSolutionStatus(status=3),
1786043779207789627,1786043779.206923622,/novatel/oem7/fix,/novatel/oem7/fix,/novatel/oem7/inspva,39.663,-75.756,-1.802706063,0.002321448,-0.002282767,-0.001215263,0.001977942,-0.002282767,,0,
1786043779208320709,1786043779.207362160,/novatel/oem7/odom,/novatel/oem7/fix,/novatel/oem7/odom,39.663,-75.756,-1.802706063,0.002325421,-0.002278720,0.001924726,-0.001304995,-0.002278720,,,
1786043779210952185,1786043779.210325120,/novatel/oem7/bestpos,/novatel/oem7/bestpos,/novatel/oem7/odom,39.663,-75.756,33.179737325,0.002325421,-0.002278720,0.001924726,-0.001304995,-0.002278720,,novatel_oem7_msgs.msg.SolutionStatus(status=0),novatel_oem7_msgs.msg.PositionOrVelocityType(type=53)
1786043779212136330,1786043779.210744508,/novatel/oem7/bestvel,/novatel/oem7/bestpos,/novatel/oem7/bestvel,39.663,-75.756,33.179737325,0.002122571,-0.002146858,,,,125.403415351,novatel_oem7_msgs.msg.SolutionStatus(status=0),novatel_oem7_msgs.msg.PositionOrVelocityType(type=53)
1786043779215866805,1786043779.215222623,/novatel/oem7/odom,/novatel/oem7/bestpos,/novatel/oem7/odom,39.663,-75.756,33.179737325,0.002325421,-0.002278720,0.001924726,-0.001304995,-0.002278720,,,
1786043779225681758,1786043779.225073889,/novatel/oem7/inspva,/novatel/oem7/inspva,/novatel/oem7/inspva,39.663,-75.756,-1.802671840,0.002516219,-0.002151407,-0.001233261,0.002193269,-0.002151407,,novatel_oem7_msgs.msg.InertialSolutionStatus(status=3),
1786043779226913043,1786043779.225256143,/novatel/oem7/fix,/novatel/oem7/fix,/novatel/oem7/inspva,39.663,-75.756,-1.802671840,0.002516219,-0.002151407,-0.001233261,0.002193269,-0.002151407,,0,
1786043779227799255,1786043779.225815289,/novatel/oem7/odom,/novatel/oem7/fix,/novatel/oem7/odom,39.663,-75.756,-1.802671840,0.002520287,-0.002146640,0.002138387,-0.001333847,-0.002146640,,,
1786043779236158686,1786043779.235599416,/novatel/oem7/odom,/novatel/oem7/fix,/novatel/oem7/odom,39.663,-75.756,-1.802671840,0.002520287,-0.002146640,0.002138387,-0.001333847,-0.002146640,,,
1786043779246084636,1786043779.245500160,/novatel/oem7/inspva,/novatel/oem7/inspva,/novatel/oem7/inspva,39.663,-75.756,-1.802649872,0.002024944,-0.002104647,-0.001069884,0.001719228,-0.002104647,,novatel_oem7_msgs.msg.InertialSolutionStatus(status=3),
1786043779247374874,1786043779.245680462,/novatel/oem7/fix,/novatel/oem7/fix,/novatel/oem7/inspva,39.663,-75.756,-1.802649872,0.002024944,-0.002104647,-0.001069884,0.001719228,-0.002104647,,0,
1786043779248257878,1786043779.246599165,/novatel/oem7/odom,/novatel/oem7/fix,/novatel/oem7/odom,39.663,-75.756,-1.802649872,0.002028505,-0.002101215,0.001672723,-0.001147531,-0.002101215,,,
1786043779257209230,1786043779.256584112,/novatel/oem7/odom,/novatel/oem7/fix,/novatel/oem7/odom,39.663,-75.756,-1.802649872,0.002028505,-0.002101215,0.001672723,-0.001147531,-0.002101215,,,
1786043779266865357,1786043779.266278736,/novatel/oem7/inspva,/novatel/oem7/inspva,/novatel/oem7/inspva,39.663,-75.756,-1.802613483,0.002357169,-0.001982454,-0.001224591,0.002014105,-0.001982454,,novatel_oem7_msgs.msg.InertialSolutionStatus(status=3),
1786043779268010439,1786043779.266469041,/novatel/oem7/fix,/novatel/oem7/fix,/novatel/oem7/inspva,39.663,-75.756,-1.802613483,0.002357169,-0.001982454,-0.001224591,0.002014105,-0.001982454,,0,
1786043779268862037,1786043779.266964703,/novatel/oem7/odom,/novatel/oem7/fix,/novatel/oem7/odom,39.663,-75.756,-1.802613483,0.002360620,-0.001978342,0.001959239,-0.001316780,-0.001978342,,,
1786043779275367030,1786043779.274597759,/novatel/oem7/odom,/novatel/oem7/fix,/novatel/oem7/odom,39.663,-75.756,-1.802613483,0.002360620,-0.001978342,0.001959239,-0.001316780,-0.001978342,,,
1786043779285925876,1786043779.285327997,/novatel/oem7/inspva,/novatel/oem7/inspva,/novatel/oem7/inspva,39.663,-75.756,-1.802588332,0.002311352,-0.001739030,-0.000902222,0.002127991,-0.001739030,,novatel_oem7_msgs.msg.InertialSolutionStatus(status=3),
1786043779287199459,1786043779.285515669,/novatel/oem7/fix,/novatel/oem7/fix,/novatel/oem7/inspva,39.663,-75.756,-1.802588332,0.002311352,-0.001739030,-0.000902222,0.002127991,-0.001739030,,0,
1786043779288106461,1786043779.286310154,/novatel/oem7/odom,/novatel/oem7/fix,/novatel/oem7/odom,39.663,-75.756,-1.802588332,0.002315396,-0.001733642,0.002087855,-0.001000960,-0.001733642,,,
1786043779296137934,1786043779.295600569,/novatel/oem7/odom,/novatel/oem7/fix,/novatel/oem7/odom,39.663,-75.756,-1.802588332,0.002315396,-0.001733642,0.002087855,-0.001000960,-0.001733642,,,
1786043779306571587,1786043779.305972768,/novatel/oem7/inspva,/novatel/oem7/inspva,/novatel/oem7/inspva,39.663,-75.756,-1.802550611,0.002183560,-0.001693453,-0.000925206,0.001977859,-0.001693453,,novatel_oem7_msgs.msg.InertialSolutionStatus(status=3),
1786043779307993408,1786043779.306131213,/novatel/oem7/fix,/novatel/oem7/fix,/novatel/oem7/inspva,39.663,-75.756,-1.802550611,0.002183560,-0.001693453,-0.000925206,0.001977859,-0.001693453,,0,
1786043779308870115,1786043779.306699709,/novatel/oem7/odom,/novatel/oem7/fix,/novatel/oem7/odom,39.663,-75.756,-1.802550611,0.002187257,-0.001688674,0.001936608,-0.001016682,-0.001688674,,,
1786043779310588132,1786043779.309931315,/novatel/oem7/bestpos,/novatel/oem7/bestpos,/novatel/oem7/odom,39.663,-75.756,33.179882949,0.002187257,-0.001688674,0.001936608,-0.001016682,-0.001688674,,novatel_oem7_msgs.msg.SolutionStatus(status=0),novatel_oem7_msgs.msg.PositionOrVelocityType(type=53)
1786043779311795506,1786043779.310444760,/novatel/oem7/bestvel,/novatel/oem7/bestpos,/novatel/oem7/bestvel,39.663,-75.756,33.179882949,0.002620172,-0.002044057,,,,107.414763346,novatel_oem7_msgs.msg.SolutionStatus(status=0),novatel_oem7_msgs.msg.PositionOrVelocityType(type=53)
1786043779315111740,1786043779.314512624,/novatel/oem7/odom,/novatel/oem7/bestpos,/novatel/oem7/odom,39.663,-75.756,33.179882949,0.002187257,-0.001688674,0.001936608,-0.001016682,-0.001688674,,,
1786043779327154326,1786043779.326583155,/novatel/oem7/inspva,/novatel/oem7/inspva,/novatel/oem7/inspva,39.663,-75.756,-1.802526424,0.002641690,-0.001867256,-0.001287772,0.002306549,-0.001867256,,novatel_oem7_msgs.msg.InertialSolutionStatus(status=3),
1786043779328375086,1786043779.326720287,/novatel/oem7/fix,/novatel/oem7/fix,/novatel/oem7/inspva,39.663,-75.756,-1.802526424,0.002641690,-0.001867256,-0.001287772,0.002306549,-0.001867256,,0,
1786043779329220377,1786043779.327641643,/novatel/oem7/odom,/novatel/oem7/fix,/novatel/oem7/odom,39.663,-75.756,-1.802526424,0.002645208,-0.001862269,0.002247790,-0.001394476,-0.001862269,,,
1786043779335621871,1786043779.335024957,/novatel/oem7/odom,/novatel/oem7/fix,/novatel/oem7/odom,39.663,-75.756,-1.802526424,0.002645208,-0.001862269,0.002247790,-0.001394476,-0.001862269,,,
1786043779345520120,1786043779.344890693,/novatel/oem7/inspva,/novatel/oem7/inspva,/novatel/oem7/inspva,39.663,-75.756,-1.802484164,0.002516524,-0.001652607,-0.001170773,0.002227596,-0.001652607,,novatel_oem7_msgs.msg.InertialSolutionStatus(status=3),
1786043779346641662,1786043779.345043258,/novatel/oem7/fix,/novatel/oem7/fix,/novatel/oem7/inspva,39.663,-75.756,-1.802484164,0.002516524,-0.001652607,-0.001170773,0.002227596,-0.001652607,,0,
1786043779347549161,1786043779.345492875,/novatel/oem7/odom,/novatel/oem7/fix,/novatel/oem7/odom,39.663,-75.756,-1.802484164,0.002519811,-0.001647591,0.002173855,-0.001274285,-0.001647591,,,
1786043779356219011,1786043779.355631641,/novatel/oem7/odom,/novatel/oem7/fix,/novatel/oem7/odom,39.663,-75.756,-1.802484164,0.002519811,-0.001647591,0.002173855,-0.001274285,-0.001647591,,,
1786043779365850827,1786043779.365259974,/novatel/oem7/inspva,/novatel/oem7/inspva,/novatel/oem7/inspva,39.663,-75.756,-1.802456277,0.002523756,-0.001439130,-0.001065334,0.002287883,-0.001439130,,novatel_oem7_msgs.msg.InertialSolutionStatus(status=3),
1786043779367016962,1786043779.365396952,/novatel/oem7/fix,/novatel/oem7/fix,/novatel/oem7/inspva,39.663,-75.756,-1.802456277,0.002523756,-0.001439130,-0.001065334,0.002287883,-0.001439130,,0,
1786043779367845225,1786043779.366083235,/novatel/oem7/odom,/novatel/oem7/fix,/novatel/oem7/odom,39.663,-75.756,-1.802456277,0.002526878,-0.001433642,0.002238414,-0.001172439,-0.001433642,,,
1786043779375240892,1786043779.374648008,/novatel/oem7/odom,/novatel/oem7/fix,/novatel/oem7/odom,39.663,-75.756,-1.802456277,0.002526878,-0.001433642,0.002238414,-0.001172439,-0.001433642,,,
1786043779386500122,1786043779.385975996,/novatel/oem7/inspva,/novatel/oem7/inspva,/novatel/oem7/inspva,39.663,-75.756,-1.802415756,0.002428255,-0.001757728,-0.001024458,0.002201570,-0.001757728,,novatel_oem7_msgs.msg.InertialSolutionStatus(status=3),
1786043779387692837,1786043779.386114557,/novatel/oem7/fix,/novatel/oem7/fix,/novatel/oem7/inspva,39.663,-75.756,-1.802415756,0.002428255,-0.001757728,-0.001024458,0.002201570,-0.001757728,,0,
1786043779388593346,1786043779.386671767,/novatel/oem7/odom,/novatel/oem7/fix,/novatel/oem7/odom,39.663,-75.756,-1.802415756,0.002432072,-0.001752443,0.002155388,-0.001126621,-0.001752443,,,
1786043779395325074,1786043779.394736720,/novatel/oem7/odom,/novatel/oem7/fix,/novatel/oem7/odom,39.663,-75.756,-1.802415756,0.002432072,-0.001752443,0.002155388,-0.001126621,-0.001752443,,,
1786043779406966516,1786043779.406489495,/novatel/oem7/inspva,/novatel/oem7/inspva,/novatel/oem7/inspva,39.663,-75.756,-1.802381937,0.002229903,-0.001129950,-0.000790295,0.002085162,-0.001129950,,novatel_oem7_msgs.msg.InertialSolutionStatus(status=3),
1786043779408180773,1786043779.406643284,/novatel/oem7/fix,/novatel/oem7/fix,/novatel/oem7/inspva,39.663,-75.756,-1.802381937,0.002229903,-0.001129950,-0.000790295,0.002085162,-0.001129950,,0,
1786043779409071317,1786043779.407182970,/novatel/oem7/odom,/novatel/oem7/fix,/novatel/oem7/odom,39.663,-75.756,-1.802381937,0.002232672,-0.001124469,0.002048212,-0.000888622,-0.001124469,,,
1786043779410779607,1786043779.410218010,/novatel/oem7/bestpos,/novatel/oem7/bestpos,/novatel/oem7/odom,39.663,-75.756,33.180064783,0.002232672,-0.001124469,0.002048212,-0.000888622,-0.001124469,,novatel_oem7_msgs.msg.SolutionStatus(status=0),novatel_oem7_msgs.msg.PositionOrVelocityType(type=53)
1786043779411992994,1786043779.410558003,/novatel/oem7/bestvel,/novatel/oem7/bestpos,/novatel/oem7/bestvel,39.663,-75.756,33.180064783,0.002145166,-0.001059488,,,,112.483030104,novatel_oem7_msgs.msg.SolutionStatus(status=0),novatel_oem7_msgs.msg.PositionOrVelocityType(type=53)
1786043779416121655,1786043779.415492609,/novatel/oem7/odom,/novatel/oem7/bestpos,/novatel/oem7/odom,39.663,-75.756,33.180064783,0.002232672,-0.001124469,0.002048212,-0.000888622,-0.001124469,,,
1786043779425673221,1786043779.425121593,/novatel/oem7/inspva,/novatel/oem7/inspva,/novatel/oem7/inspva,39.663,-75.756,-1.802342765,0.002161729,-0.001444775,-0.000708774,0.002042232,-0.001444775,,novatel_oem7_msgs.msg.InertialSolutionStatus(status=3),
1786043779426870336,1786043779.425281744,/novatel/oem7/fix,/novatel/oem7/fix,/novatel/oem7/inspva,39.663,-75.756,-1.802342765,0.002161729,-0.001444775,-0.000708774,0.002042232,-0.001444775,,0,
1786043779427766052,1786043779.425807400,/novatel/oem7/odom,/novatel/oem7/fix,/novatel/oem7/odom,39.663,-75.756,-1.802342765,0.002165427,-0.001439227,0.002010511,-0.000804314,-0.001439227,,,
1786043779434944604,1786043779.434360935,/novatel/oem7/odom,/novatel/oem7/fix,/novatel/oem7/odom,39.663,-75.756,-1.802342765,0.002165427,-0.001439227,0.002010511,-0.000804314,-0.001439227,,,
1786043779447004133,1786043779.446315763,/novatel/oem7/inspva,/novatel/oem7/inspva,/novatel/oem7/inspva,39.663,-75.756,-1.802313090,0.002529080,-0.001325854,-0.000604170,0.002455856,-0.001325854,,novatel_oem7_msgs.msg.InertialSolutionStatus(status=3),
1786043779448587655,1786043779.446505438,/novatel/oem7/fix,/novatel/oem7/fix,/novatel/oem7/inspva,39.663,-75.756,-1.802313090,0.002529080,-0.001325854,-0.000604170,0.002455856,-0.001325854,,0,
1786043779449761330,1786043779.447014936,/novatel/oem7/odom,/novatel/oem7/fix,/novatel/oem7/odom,39.663,-75.756,-1.802313090,0.002532900,-0.001318543,0.002428301,-0.000720372,-0.001318543,,,
1786043779457128964,1786043779.456402937,/novatel/oem7/odom,/novatel/oem7/fix,/novatel/oem7/odom,39.663,-75.756,-1.802313090,0.002532900,-0.001318543,0.002428301,-0.000720372,-0.001318543,,,
1786043779465460561,1786043779.464860714,/novatel/oem7/inspva,/novatel/oem7/inspva,/novatel/oem7/inspva,39.663,-75.756,-1.802271176,0.002195105,-0.001379182,-0.000532497,0.002129539,-0.001379182,,novatel_oem7_msgs.msg.InertialSolutionStatus(status=3),
1786043779466909786,1786043779.464952844,/novatel/oem7/fix,/novatel/oem7/fix,/novatel/oem7/inspva,39.663,-75.756,-1.802271176,0.002195105,-0.001379182,-0.000532497,0.002129539,-0.001379182,,0,
1786043779467973467,1786043779.465374544,/novatel/oem7/odom,/novatel/oem7/fix,/novatel/oem7/odom,39.663,-75.756,-1.802271176,0.002199066,-0.001372858,0.002106089,-0.000632676,-0.001372858,,,
1786043779476063378,1786043779.475361678,/novatel/oem7/odom,/novatel/oem7/fix,/novatel/oem7/odom,39.663,-75.756,-1.802271176,0.002199066,-0.001372858,0.002106089,-0.000632676,-0.001372858,,,
1786043779487315308,1786043779.486523923,/novatel/oem7/inspva,/novatel/oem7/inspva,/novatel/oem7/inspva,39.663,-75.756,-1.802240419,0.002036682,-0.001068553,-0.000417316,0.001993470,-0.001068553,,novatel_oem7_msgs.msg.InertialSolutionStatus(status=3),
1786043779488795350,1786043779.486717552,/novatel/oem7/fix,/novatel/oem7/fix,/novatel/oem7/inspva,39.663,-75.756,-1.802240419,0.002036682,-0.001068553,-0.000417316,0.001993470,-0.001068553,,0,
1786043779489942754,1786043779.487007298,/novatel/oem7/odom,/novatel/oem7/fix,/novatel/oem7/odom,39.663,-75.756,-1.802240419,0.002039897,-0.001062404,0.001974658,-0.000511765,-0.001062404,,,
1786043779495714599,1786043779.495000388,/novatel/oem7/odom,/novatel/oem7/fix,/novatel/oem7/odom,39.663,-75.756,-1.802240419,0.002039897,-0.001062404,0.001974658,-0.000511765,-0.001062404,,,
1786043779506612709,1786043779.505952768,/novatel/oem7/inspva,/novatel/oem7/inspva,/novatel/oem7/inspva,39.663,-75.756,-1.802198903,0.002091037,-0.001319472,-0.000394810,0.002053427,-0.001319472,,novatel_oem7_msgs.msg.InertialSolutionStatus(status=3),
1786043779508143080,1786043779.506141987,/novatel/oem7/fix,/novatel/oem7/fix,/novatel/oem7/inspva,39.663,-75.756,-1.802198903,0.002091037,-0.001319472,-0.000394810,0.002053427,-0.001319472,,0,
1786043779509239891,1786043779.506547081,/novatel/oem7/odom,/novatel/oem7/fix,/novatel/oem7/odom,39.663,-75.756,-1.802198903,0.002095074,-0.001313053,0.002036589,-0.000491571,-0.001313053,,,
1786043779512115704,1786043779.511439397,/novatel/oem7/bestpos,/novatel/oem7/bestpos,/novatel/oem7/odom,39.663,-75.756,33.180246704,0.002095074,-0.001313053,0.002036589,-0.000491571,-0.001313053,,novatel_oem7_msgs.msg.SolutionStatus(status=0),novatel_oem7_msgs.msg.PositionOrVelocityType(type=53)
1786043779513678553,1786043779.511957566,/novatel/oem7/bestvel,/novatel/oem7/bestpos,/novatel/oem7/bestvel,39.663,-75.756,33.180246704,0.002161950,-0.001148419,,,,108.513817918,novatel_oem7_msgs.msg.SolutionStatus(status=0),novatel_oem7_msgs.msg.PositionOrVelocityType(type=53)
1786043779516060124,1786043779.515309719,/novatel/oem7/odom,/novatel/oem7/bestpos,/novatel/oem7/odom,39.663,-75.756,33.180246704,0.002095074,-0.001313053,0.002036589,-0.000491571,-0.001313053,,,
1786043779525931316,1786043779.525192727,/novatel/oem7/inspva,/novatel/oem7/inspva,/novatel/oem7/inspva,39.663,-75.756,-1.802166421,0.001926289,-0.001049257,-0.000127394,0.001922072,-0.001049257,,novatel_oem7_msgs.msg.InertialSolutionStatus(status=3),
1786043779527298600,1786043779.525281833,/novatel/oem7/fix,/novatel/oem7/fix,/novatel/oem7/inspva,39.663,-75.756,-1.802166421,0.001926289,-0.001049257,-0.000127394,0.001922072,-0.001049257,,0,
1786043779528369908,1786043779.525724237,/novatel/oem7/odom,/novatel/oem7/fix,/novatel/oem7/odom,39.663,-75.756,-1.802166421,0.001929895,-0.001042611,0.001917458,-0.000218742,-0.001042611,,,
1786043779536094871,1786043779.535356581,/novatel/oem7/odom,/novatel/oem7/fix,/novatel/oem7/odom,39.663,-75.756,-1.802166421,0.001929895,-0.001042611,0.001917458,-0.000218742,-0.001042611,,,
1786043779546653657,1786043779.545961841,/novatel/oem7/inspva,/novatel/oem7/inspva,/novatel/oem7/inspva,39.663,-75.756,-1.802119975,0.002032839,-0.000909105,-0.000219286,0.002020977,-0.000909105,,novatel_oem7_msgs.msg.InertialSolutionStatus(status=3),
1786043779548152826,1786043779.546159429,/novatel/oem7/fix,/novatel/oem7/fix,/novatel/oem7/inspva,39.663,-75.756,-1.802119975,0.002032839,-0.000909105,-0.000219286,0.002020977,-0.000909105,,0,
1786043779549311524,1786043779.546635491,/novatel/oem7/odom,/novatel/oem7/fix,/novatel/oem7/odom,39.663,-75.756,-1.802119975,0.002035854,-0.000902333,0.002011228,-0.000315694,-0.000902333,,,
1786043779556386179,1786043779.555673232,/novatel/oem7/odom,/novatel/oem7/fix,/novatel/oem7/odom,39.663,-75.756,-1.802119975,0.002035854,-0.000902333,0.002011228,-0.000315694,-0.000902333,,,
1786043779566669822,1786043779.566050681,/novatel/oem7/inspva,/novatel/oem7/inspva,/novatel/oem7/inspva,39.663,-75.756,-1.802087084,0.002588063,-0.000781603,-0.000623324,0.002511879,-0.000781603,,novatel_oem7_msgs.msg.InertialSolutionStatus(status=3),
1786043779568115553,1786043779.566128858,/novatel/oem7/fix,/novatel/oem7/fix,/novatel/oem7/inspva,39.663,-75.756,-1.802087084,0.002588063,-0.000781603,-0.000623324,0.002511879,-0.000781603,,0,
1786043779569235698,1786043779.566870528,/novatel/oem7/odom,/novatel/oem7/fix,/novatel/oem7/odom,39.663,-75.756,-1.802087084,0.002590314,-0.000774111,0.002481290,-0.000743589,-0.000774111,,,
1786043779575581442,1786043779.574827191,/novatel/oem7/odom,/novatel/oem7/fix,/novatel/oem7/odom,39.663,-75.756,-1.802087084,0.002590314,-0.000774111,0.002481290,-0.000743589,-0.000774111,,,
1786043779585648770,1786043779.584899259,/novatel/oem7/inspva,/novatel/oem7/inspva,/novatel/oem7/inspva,39.663,-75.756,-1.802040297,0.002472396,-0.000789631,-0.000674608,0.002378581,-0.000789631,,novatel_oem7_msgs.msg.InertialSolutionStatus(status=3),
1786043779587046244,1786043779.585073551,/novatel/oem7/fix,/novatel/oem7/fix,/novatel/oem7/inspva,39.663,-75.756,-1.802040297,0.002472396,-0.000789631,-0.000674608,0.002378581,-0.000789631,,0,
1786043779588115924,1786043779.585513748,/novatel/oem7/odom,/novatel/oem7/fix,/novatel/oem7/odom,39.663,-75.756,-1.802040297,0.002474574,-0.000782779,0.002345660,-0.000788288,-0.000782779,,,
1786043779596081468,1786043779.595348447,/novatel/oem7/odom,/novatel/oem7/fix,/novatel/oem7/odom,39.663,-75.756,-1.802040297,0.002474574,-0.000782779,0.002345660,-0.000788288,-0.000782779,,,
1786043779607317784,1786043779.606619574,/novatel/oem7/inspva,/novatel/oem7/inspva,/novatel/oem7/inspva,39.663,-75.756,-1.802004262,0.002596436,-0.000571201,-0.000808812,0.002467246,-0.000571201,,novatel_oem7_msgs.msg.InertialSolutionStatus(status=3),
1786043779608770619,1786043779.606763806,/novatel/oem7/fix,/novatel/oem7/fix,/novatel/oem7/inspva,39.663,-75.756,-1.802004262,0.002596436,-0.000571201,-0.000808812,0.002467246,-0.000571201,,0,
1786043779609890707,1786043779.607222370,/novatel/oem7/odom,/novatel/oem7/fix,/novatel/oem7/odom,39.663,-75.756,-1.802004262,0.002597916,-0.000564430,0.002426822,-0.000927202,-0.000564430,,,
1786043779611402178,1786043779.610163720,/novatel/oem7/bestpos,/novatel/oem7/bestpos,/novatel/oem7/odom,39.663,-75.756,33.180435350,0.002597916,-0.000564430,0.002426822,-0.000927202,-0.000564430,,novatel_oem7_msgs.msg.SolutionStatus(status=0),novatel_oem7_msgs.msg.PositionOrVelocityType(type=53)
1786043779612444303,1786043779.610579377,/novatel/oem7/bestvel,/novatel/oem7/bestpos,/novatel/oem7/bestvel,39.663,-75.756,33.180435350,0.002242665,-0.000509813,,,,106.429368372,novatel_oem7_msgs.msg.SolutionStatus(status=0),novatel_oem7_msgs.msg.PositionOrVelocityType(type=53)
1786043779615251171,1786043779.614522017,/novatel/oem7/odom,/novatel/oem7/bestpos,/novatel/oem7/odom,39.663,-75.756,33.180435350,0.002597916,-0.000564430,0.002426822,-0.000927202,-0.000564430,,,
1786043779626806557,1786043779.626060143,/novatel/oem7/inspva,/novatel/oem7/inspva,/novatel/oem7/inspva,39.663,-75.756,-1.801953860,0.002225082,-0.000371305,-0.000693567,0.002114227,-0.000371305,,novatel_oem7_msgs.msg.InertialSolutionStatus(status=3),
1786043779628369373,1786043779.626215027,/novatel/oem7/fix,/novatel/oem7/fix,/novatel/oem7/inspva,39.663,-75.756,-1.801953860,0.002225082,-0.000371305,-0.000693567,0.002114227,-0.000371305,,0,
1786043779629749520,1786043779.626601941,/novatel/oem7/odom,/novatel/oem7/fix,/novatel/oem7/odom,39.663,-75.756,-1.801953860,0.002226045,-0.000365490,0.002079123,-0.000795313,-0.000365490,,,
1786043779635516025,1786043779.634739517,/novatel/oem7/odom,/novatel/oem7/fix,/novatel/oem7/odom,39.663,-75.756,-1.801953860,0.002226045,-0.000365490,0.002079123,-0.000795313,-0.000365490,,,
1786043779646050934,1786043779.645339516,/novatel/oem7/inspva,/novatel/oem7/inspva,/novatel/oem7/inspva,39.663,-75.756,-1.801922007,0.002319145,-0.000816263,-0.000588072,0.002243347,-0.000816263,,novatel_oem7_msgs.msg.InertialSolutionStatus(status=3),
1786043779647606662,1786043779.645509678,/novatel/oem7/fix,/novatel/oem7/fix,/novatel/oem7/inspva,39.663,-75.756,-1.801922007,0.002319145,-0.000816263,-0.000588072,0.002243347,-0.000816263,,0,
1786043779648822058,1786043779.646105794,/novatel/oem7/odom,/novatel/oem7/fix,/novatel/oem7/odom,39.663,-75.756,-1.801922007,0.002321446,-0.000809696,0.002214929,-0.000695129,-0.000809696,,,
1786043779657166675,1786043779.656405408,/novatel/oem7/odom,/novatel/oem7/fix,/novatel/oem7/odom,39.663,-75.756,-1.801922007,0.002321446,-0.000809696,0.002214929,-0.000695129,-0.000809696,,,
1786043779666048415,1786043779.665337057,/novatel/oem7/inspva,/novatel/oem7/inspva,/novatel/oem7/inspva,39.663,-75.756,-1.801867663,0.001877326,-0.000299747,-0.000645991,0.001762682,-0.000299747,,novatel_oem7_msgs.msg.InertialSolutionStatus(status=3),
1786043779667509079,1786043779.665509049,/novatel/oem7/fix,/novatel/oem7/fix,/novatel/oem7/inspva,39.663,-75.756,-1.801867663,0.001877326,-0.000299747,-0.000645991,0.001762682,-0.000299747,,0,
1786043779668674714,1786043779.665952254,/novatel/oem7/odom,/novatel/oem7/fix,/novatel/oem7/odom,39.663,-75.756,-1.801867663,0.001878065,-0.000295078,0.001730072,-0.000730740,-0.000295078,,,
1786043779675303784,1786043779.674518607,/novatel/oem7/odom,/novatel/oem7/fix,/novatel/oem7/odom,39.663,-75.756,-1.801867663,0.001878065,-0.000295078,0.001730072,-0.000730740,-0.000295078,,,
1786043779685780833,1786043779.685084406,/novatel/oem7/inspva,/novatel/oem7/inspva,/novatel/oem7/inspva,39.663,-75.756,-1.801829237,0.002266676,-0.000106812,-0.000963264,0.002051814,-0.000106812,,novatel_oem7_msgs.msg.InertialSolutionStatus(status=3),
1786043779687315925,1786043779.685233174,/novatel/oem7/fix,/novatel/oem7/fix,/novatel/oem7/inspva,39.663,-75.756,-1.801829237,0.002266676,-0.000106812,-0.000963264,0.002051814,-0.000106812,,0,
1786043779688571108,1786043779.685613928,/novatel/oem7/odom,/novatel/oem7/fix,/novatel/oem7/odom,39.663,-75.756,-1.801829237,0.002266900,-0.000101962,0.002002597,-0.001062280,-0.000101962,,,
1786043779696321409,1786043779.695588255,/novatel/oem7/odom,/novatel/oem7/fix,/novatel/oem7/odom,39.663,-75.756,-1.801829237,0.002266900,-0.000101962,0.002002597,-0.001062280,-0.000101962,,,
1786043779706714860,1786043779.706037837,/novatel/oem7/inspva,/novatel/oem7/inspva,/novatel/oem7/inspva,39.663,-75.756,-1.801775817,0.002193221,0.000109034,-0.000881440,0.002008303,0.000109034,,novatel_oem7_msgs.msg.InertialSolutionStatus(status=3),
1786043779708224719,1786043779.706184908,/novatel/oem7/fix,/novatel/oem7/fix,/novatel/oem7/inspva,39.663,-75.756,-1.801775817,0.002193221,0.000109034,-0.000881440,0.002008303,0.000109034,,0,
1786043779709417081,1786043779.706593169,/novatel/oem7/odom,/novatel/oem7/fix,/novatel/oem7/odom,39.663,-75.756,-1.801775817,0.002192970,0.000113979,0.001962334,-0.000978960,0.000113979,,,
1786043779712028757,1786043779.709827402,/novatel/oem7/bestpos,/novatel/oem7/bestpos,/novatel/oem7/odom,39.663,-75.756,33.180645357,0.002192970,0.000113979,0.001962334,-0.000978960,0.000113979,,novatel_oem7_msgs.msg.SolutionStatus(status=0),novatel_oem7_msgs.msg.PositionOrVelocityType(type=53)
1786043779713099701,1786043779.710440948,/novatel/oem7/bestvel,/novatel/oem7/bestpos,/novatel/oem7/bestvel,39.663,-75.756,33.180645357,0.002689930,-0.000152129,,,,109.519739344,novatel_oem7_msgs.msg.SolutionStatus(status=0),novatel_oem7_msgs.msg.PositionOrVelocityType(type=53)
1786043779715250989,1786043779.714516715,/novatel/oem7/odom,/novatel/oem7/bestpos,/novatel/oem7/odom,39.663,-75.756,33.180645357,0.002192970,0.000113979,0.001962334,-0.000978960,0.000113979,,,
1786043779727175856,1786043779.726617747,/novatel/oem7/inspva,/novatel/oem7/inspva,/novatel/oem7/inspva,39.663,-75.756,-1.801738127,0.002168563,-0.000266841,-0.000928898,0.001959544,-0.000266841,,novatel_oem7_msgs.msg.InertialSolutionStatus(status=3),
1786043779728600883,1786043779.726774775,/novatel/oem7/fix,/novatel/oem7/fix,/novatel/oem7/inspva,39.663,-75.756,-1.801738127,0.002168563,-0.000266841,-0.000928898,0.001959544,-0.000266841,,0,
1786043779729750008,1786043779.727581640,/novatel/oem7/odom,/novatel/oem7/fix,/novatel/oem7/odom,39.663,-75.756,-1.801738127,0.002169126,-0.000262220,0.001912723,-0.001023035,-0.000262220,,,
1786043779735470076,1786043779.734758745,/novatel/oem7/odom,/novatel/oem7/fix,/novatel/oem7/odom,39.663,-75.756,-1.801738127,0.002169126,-0.000262220,0.001912723,-0.001023035,-0.000262220,,,
1786043779745649095,1786043779.745065726,/novatel/oem7/inspva,/novatel/oem7/inspva,/novatel/oem7/inspva,39.663,-75.756,-1.801679987,0.002048677,0.000030015,-0.000949143,0.001815546,0.000030015,,novatel_oem7_msgs.msg.InertialSolutionStatus(status=3),
1786043779747080016,1786043779.745232484,/novatel/oem7/fix,/novatel/oem7/fix,/novatel/oem7/inspva,39.663,-75.756,-1.801679987,0.002048677,0.000030015,-0.000949143,0.001815546,0.000030015,,0,
1786043779748247448,1786043779.745577951,/novatel/oem7/odom,/novatel/oem7/fix,/novatel/oem7/odom,39.663,-75.756,-1.801679987,0.002048614,0.000034066,0.001766789,-0.001036955,0.000034066,,,
1786043779756656646,1786043779.755922235,/novatel/oem7/odom,/novatel/oem7/fix,/novatel/oem7/odom,39.663,-75.756,-1.801679987,0.002048614,0.000034066,0.001766789,-0.001036955,0.000034066,,,
1786043779765809364,1786043779.765282325,/novatel/oem7/inspva,/novatel/oem7/inspva,/novatel/oem7/inspva,39.663,-75.756,-1.801636633,0.001713560,0.000183598,-0.000773056,0.001529272,0.000183598,,novatel_oem7_msgs.msg.InertialSolutionStatus(status=3),
1786043779767206605,1786043779.765450571,/novatel/oem7/fix,/novatel/oem7/fix,/novatel/oem7/inspva,39.663,-75.756,-1.801636633,0.001713560,0.000183598,-0.000773056,0.001529272,0.000183598,,0,
1786043779768331360,1786043779.765952812,/novatel/oem7/odom,/novatel/oem7/fix,/novatel/oem7/odom,39.663,-75.756,-1.801636633,0.001713186,0.000187055,0.001488898,-0.000847460,0.000187055,,,
1786043779775596016,1786043779.774875955,/novatel/oem7/odom,/novatel/oem7/fix,/novatel/oem7/odom,39.663,-75.756,-1.801636633,0.001713186,0.000187055,0.001488898,-0.000847460,0.000187055,,,
1786043779785739791,1786043779.785200742,/novatel/oem7/inspva,/novatel/oem7/inspva,/novatel/oem7/inspva,39.663,-75.756,-1.801579486,0.001747734,0.000361048,-0.000797190,0.001555333,0.000361048,,novatel_oem7_msgs.msg.InertialSolutionStatus(status=3),
1786043779787174142,1786043779.785341584,/novatel/oem7/fix,/novatel/oem7/fix,/novatel/oem7/inspva,39.663,-75.756,-1.801579486,0.001747734,0.000361048,-0.000797190,0.001555333,0.000361048,,0,
1786043779788338751,1786043779.785739345,/novatel/oem7/odom,/novatel/oem7/fix,/novatel/oem7/odom,39.663,-75.756,-1.801579486,0.001747011,0.000364529,0.001513082,-0.000873287,0.000364529,,,
1786043779795084242,1786043779.794393608,/novatel/oem7/odom,/novatel/oem7/fix,/novatel/oem7/odom,39.663,-75.756,-1.801579486,0.001747011,0.000364529,0.001513082,-0.000873287,0.000364529,,,
1786043779807118723,1786043779.806458536,/novatel/oem7/inspva,/novatel/oem7/inspva,/novatel/oem7/inspva,39.663,-75.756,-1.801538981,0.001836653,0.000013012,-0.000888746,0.001607304,0.000013012,,novatel_oem7_msgs.msg.InertialSolutionStatus(status=3),
1786043779808606795,1786043779.806603514,/novatel/oem7/fix,/novatel/oem7/fix,/novatel/oem7/inspva,39.663,-75.756,-1.801538981,0.001836653,0.000013012,-0.000888746,0.001607304,0.000013012,,0,
1786043779809682992,1786043779.807145873,/novatel/oem7/odom,/novatel/oem7/fix,/novatel/oem7/odom,39.663,-75.756,-1.801538981,0.001836625,0.000016445,0.001561823,-0.000966385,0.000016445,,,
1786043779811201684,1786043779.810104873,/novatel/oem7/bestpos,/novatel/oem7/bestpos,/novatel/oem7/odom,39.663,-75.756,33.180882454,0.001836625,0.000016445,0.001561823,-0.000966385,0.000016445,,novatel_oem7_msgs.msg.SolutionStatus(status=0),novatel_oem7_msgs.msg.PositionOrVelocityType(type=53)
1786043779812188097,1786043779.810511347,/novatel/oem7/bestvel,/novatel/oem7/bestpos,/novatel/oem7/bestvel,39.663,-75.756,33.180882454,0.001989466,-0.000035419,,,,118.081361939,novatel_oem7_msgs.msg.SolutionStatus(status=0),novatel_oem7_msgs.msg.PositionOrVelocityType(type=53)
1786043779816126333,1786043779.815380519,/novatel/oem7/odom,/novatel/oem7/bestpos,/novatel/oem7/odom,39.663,-75.756,33.180882454,0.001836625,0.000016445,0.001561823,-0.000966385,0.000016445,,,
1786043779825482390,1786043779.824897085,/novatel/oem7/inspva,/novatel/oem7/inspva,/novatel/oem7/inspva,39.663,-75.756,-1.801481399,0.001813034,0.000508509,-0.000824772,0.001614572,0.000508509,,novatel_oem7_msgs.msg.InertialSolutionStatus(status=3),
1786043779827245815,1786043779.825054846,/novatel/oem7/fix,/novatel/oem7/fix,/novatel/oem7/inspva,39.663,-75.756,-1.801481399,0.001813034,0.000508509,-0.000824772,0.001614572,0.000508509,,0,
1786043779828775844,1786043779.825507291,/novatel/oem7/odom,/novatel/oem7/fix,/novatel/oem7/odom,39.663,-75.756,-1.801481399,0.001812018,0.000512118,0.001570350,-0.000904108,0.000512118,,,
1786043779835019353,1786043779.834367017,/novatel/oem7/odom,/novatel/oem7/fix,/novatel/oem7/odom,39.663,-75.756,-1.801481399,0.001812018,0.000512118,0.001570350,-0.000904108,0.000512118,,,
1786043779846984610,1786043779.846489382,/novatel/oem7/inspva,/novatel/oem7/inspva,/novatel/oem7/inspva,39.663,-75.756,-1.801445037,0.001583741,-0.000256975,-0.001033422,0.001200114,-0.000256975,,novatel_oem7_msgs.msg.InertialSolutionStatus(status=3),
1786043779848281606,1786043779.846645023,/novatel/oem7/fix,/novatel/oem7/fix,/novatel/oem7/inspva,39.663,-75.756,-1.801445037,0.001583741,-0.000256975,-0.001033422,0.001200114,-0.000256975,,0,
1786043779849314960,1786043779.846938286,/novatel/oem7/odom,/novatel/oem7/fix,/novatel/oem7/odom,39.663,-75.756,-1.801445037,0.001583989,-0.000255436,0.001149063,-0.001090264,-0.000255436,,,
1786043779857156736,1786043779.856512426,/novatel/oem7/odom,/novatel/oem7/fix,/novatel/oem7/odom,39.663,-75.756,-1.801445037,0.001583989,-0.000255436,0.001149063,-0.001090264,-0.000255436,,,
1786043779865534530,1786043779.864998358,/novatel/oem7/inspva,/novatel/oem7/inspva,/novatel/oem7/inspva,39.663,-75.756,-1.801385406,0.001590795,0.000273395,-0.000842191,0.001349571,0.000273395,,novatel_oem7_msgs.msg.InertialSolutionStatus(status=3),
1786043779866835623,1786043779.865167043,/novatel/oem7/fix,/novatel/oem7/fix,/novatel/oem7/inspva,39.663,-75.756,-1.801385406,0.001590795,0.000273395,-0.000842191,0.001349571,0.000273395,,0,
1786043779867892911,1786043779.865504270,/novatel/oem7/odom,/novatel/oem7/fix,/novatel/oem7/odom,39.663,-75.756,-1.801385406,0.001590346,0.000275995,0.001305702,-0.000907933,0.000275995,,,
1786043779875342749,1786043779.874716112,/novatel/oem7/odom,/novatel/oem7/fix,/novatel/oem7/odom,39.663,-75.756,-1.801385406,0.001590346,0.000275995,0.001305702,-0.000907933,0.000275995,,,
1786043779885647089,1786043779.885142114,/novatel/oem7/inspva,/novatel/oem7/inspva,/novatel/oem7/inspva,39.663,-75.756,-1.801338659,0.001510148,0.000673568,-0.000913059,0.001202860,0.000673568,,novatel_oem7_msgs.msg.InertialSolutionStatus(status=3),
1786043779886919165,1786043779.885291279,/novatel/oem7/fix,/novatel/oem7/fix,/novatel/oem7/inspva,39.663,-75.756,-1.801338659,0.001510148,0.000673568,-0.000913059,0.001202860,0.000673568,,0,
1786043779887930975,1786043779.885863924,/novatel/oem7/odom,/novatel/oem7/fix,/novatel/oem7/odom,39.663,-75.756,-1.801338659,0.001509315,0.000675434,0.001154203,-0.000972547,0.000675434,,,
1786043779895469818,1786043779.894789353,/novatel/oem7/odom,/novatel/oem7/fix,/novatel/oem7/odom,39.663,-75.756,-1.801338659,0.001509315,0.000675434,0.001154203,-0.000972547,0.000675434,,,
1786043779906625663,1786043779.905914499,/novatel/oem7/inspva,/novatel/oem7/inspva,/novatel/oem7/inspva,39.663,-75.756,-1.801277230,0.001519595,0.000959617,-0.001081371,0.001067618,0.000959617,,novatel_oem7_msgs.msg.InertialSolutionStatus(status=3),
1786043779907940103,1786043779.906119205,/novatel/oem7/fix,/novatel/oem7/fix,/novatel/oem7/inspva,39.663,-75.756,-1.801277230,0.001519595,0.000959617,-0.001081371,0.001067618,0.000959617,,0,
1786043779909149939,1786043779.906528836,/novatel/oem7/odom,/novatel/oem7/fix,/novatel/oem7/odom,39.663,-75.756,-1.801277230,0.001519018,0.000960531,0.001009810,-0.001134769,0.000960531,,,
1786043779910810065,1786043779.909488882,/novatel/oem7/bestpos,/novatel/oem7/bestpos,/novatel/oem7/odom,39.663,-75.756,33.181152772,0.001519018,0.000960531,0.001009810,-0.001134769,0.000960531,,novatel_oem7_msgs.msg.SolutionStatus(status=0),novatel_oem7_msgs.msg.PositionOrVelocityType(type=53)
1786043779912241810,1786043779.910195612,/novatel/oem7/bestvel,/novatel/oem7/bestpos,/novatel/oem7/bestvel,39.663,-75.756,33.181152772,0.001416382,0.001023811,,,,139.009464474,novatel_oem7_msgs.msg.SolutionStatus(status=0),novatel_oem7_msgs.msg.PositionOrVelocityType(type=53)
1786043779914920240,1786043779.914299630,/novatel/oem7/odom,/novatel/oem7/bestpos,/novatel/oem7/odom,39.663,-75.756,33.181152772,0.001519018,0.000960531,0.001009810,-0.001134769,0.000960531,,,
1786043779925879384,1786043779.925147849,/novatel/oem7/inspva,/novatel/oem7/inspva,/novatel/oem7/inspva,39.663,-75.756,-1.801229834,0.001538766,0.000788252,-0.001000844,0.001168808,0.000788252,,novatel_oem7_msgs.msg.InertialSolutionStatus(status=3),
1786043779927301524,1786043779.925349784,/novatel/oem7/fix,/novatel/oem7/fix,/novatel/oem7/inspva,39.663,-75.756,-1.801229834,0.001538766,0.000788252,-0.001000844,0.001168808,0.000788252,,0,
1786043779928358632,1786043779.926668526,/novatel/oem7/odom,/novatel/oem7/fix,/novatel/oem7/odom,39.663,-75.756,-1.801229834,0.001538005,0.000789735,0.001115469,-0.001058863,0.000789735,,,
1786043779936137187,1786043779.935474973,/novatel/oem7/odom,/novatel/oem7/fix,/novatel/oem7/odom,39.663,-75.756,-1.801229834,0.001538005,0.000789735,0.001115469,-0.001058863,0.000789735,,,
1786043779945793084,1786043779.945068180,/novatel/oem7/inspva,/novatel/oem7/inspva,/novatel/oem7/inspva,39.663,-75.756,-1.801166547,0.001537476,0.000841934,-0.001024833,0.001146103,0.000841934,,novatel_oem7_msgs.msg.InertialSolutionStatus(status=3),
1786043779947107030,1786043779.945270605,/novatel/oem7/fix,/novatel/oem7/fix,/novatel/oem7/inspva,39.663,-75.756,-1.801166547,0.001537476,0.000841934,-0.001024833,0.001146103,0.000841934,,0,
1786043779948143900,1786043779.945722953,/novatel/oem7/odom,/novatel/oem7/fix,/novatel/oem7/odom,39.663,-75.756,-1.801166547,0.001536747,0.000843265,0.001091415,-0.001081852,0.000843265,,,
1786043779956225579,1786043779.955588255,/novatel/oem7/odom,/novatel/oem7/fix,/novatel/oem7/odom,39.663,-75.756,-1.801166547,0.001536747,0.000843265,0.001091415,-0.001081852,0.000843265,,,
1786043779967042820,1786043779.966538452,/novatel/oem7/inspva,/novatel/oem7/inspva,/novatel/oem7/inspva,39.663,-75.756,-1.801113848,0.001850071,0.001086070,-0.001369670,0.001243691,0.001086070,,novatel_oem7_msgs.msg.InertialSolutionStatus(status=3),
1786043779968341590,1786043779.966692914,/novatel/oem7/fix,/novatel/oem7/fix,/novatel/oem7/inspva,39.663,-75.756,-1.801113848,0.001850071,0.001086070,-0.001369670,0.001243691,0.001086070,,0,
1786043779969373274,1786043779.967050956,/novatel/oem7/odom,/novatel/oem7/fix,/novatel/oem7/odom,39.663,-75.756,-1.801113848,0.001849638,0.001086807,0.001171107,-0.001431667,0.001086807,,,
1786043779975688234,1786043779.975037168,/novatel/oem7/odom,/novatel/oem7/fix,/novatel/oem7/odom,39.663,-75.756,-1.801113848,0.001849638,0.001086807,0.001171107,-0.001431667,0.001086807,,,
1786043779985521626,1786043779.985020068,/novatel/oem7/inspva,/novatel/oem7/inspva,/novatel/oem7/inspva,39.663,-75.756,-1.801049915,0.001736579,0.001157806,-0.001167443,0.001285607,0.001157806,,novatel_oem7_msgs.msg.InertialSolutionStatus(status=3),
1786043779986823406,1786043779.985167103,/novatel/oem7/fix,/novatel/oem7/fix,/novatel/oem7/inspva,39.663,-75.756,-1.801049915,0.001736579,0.001157806,-0.001167443,0.001285607,0.001157806,,0,
1786043779987849493,1786043779.985488131,/novatel/oem7/odom,/novatel/oem7/fix,/novatel/oem7/odom,39.663,-75.756,-1.801049915,0.001735617,0.001159248,0.001222601,-0.001231915,0.001159248,,,
1786043779995210677,1786043779.994555204,/novatel/oem7/odom,/novatel/oem7/fix,/novatel/oem7/odom,39.663,-75.756,-1.801049915,0.001735617,0.001159248,0.001222601,-0.001231915,0.001159248,,,
1786043780008743083,1786043780.008252778,/novatel/oem7/inspva,/novatel/oem7/inspva,/novatel/oem7/inspva,39.663,-75.756,-1.801001227,0.001479442,0.000960818,-0.001123760,0.000962244,0.000960818,,novatel_oem7_msgs.msg.InertialSolutionStatus(status=3),
1786043780010059816,1786043780.008396549,/novatel/oem7/fix,/novatel/oem7/fix,/novatel/oem7/inspva,39.663,-75.756,-1.801001227,0.001479442,0.000960818,-0.001123760,0.000962244,0.000960818,,0,
1786043780011096136,1786043780.009647896,/novatel/oem7/odom,/novatel/oem7/fix,/novatel/oem7/odom,39.663,-75.756,-1.801001227,0.001479193,0.000961202,0.000902500,-0.001171966,0.000961202,,,
1786043780016350803,1786043780.015718940,/novatel/oem7/odom,/novatel/oem7/fix,/novatel/oem7/odom,39.663,-75.756,-1.801001227,0.001479193,0.000961202,0.000902500,-0.001171966,0.000961202,,,
1786043780026776311,1786043780.026205292,/novatel/oem7/bestpos,/novatel/oem7/bestpos,/novatel/oem7/odom,39.663,-75.756,33.181422519,0.001479193,0.000961202,0.000902500,-0.001171966,0.000961202,,novatel_oem7_msgs.msg.SolutionStatus(status=0),novatel_oem7_msgs.msg.PositionOrVelocityType(type=53)
1786043780028176452,1786043780.026664887,/novatel/oem7/bestvel,/novatel/oem7/bestpos,/novatel/oem7/bestvel,39.663,-75.756,33.181422519,0.001622711,0.000548614,,,,119.868589194,novatel_oem7_msgs.msg.SolutionStatus(status=0),novatel_oem7_msgs.msg.PositionOrVelocityType(type=53)
1786043780029074257,1786043780.027122908,/novatel/oem7/inspva,/novatel/oem7/inspva,/novatel/oem7/inspva,39.663,-75.756,-1.800936335,0.001553577,0.001017220,-0.000987761,0.001199137,0.001017220,,novatel_oem7_msgs.msg.InertialSolutionStatus(status=3),
1786043780029904105,1786043780.027275329,/novatel/oem7/fix,/novatel/oem7/fix,/novatel/oem7/inspva,39.663,-75.756,-1.800936335,0.001553577,0.001017220,-0.000987761,0.001199137,0.001017220,,0,
1786043780030902726,1786043780.027562932,/novatel/oem7/odom,/novatel/oem7/fix,/novatel/oem7/odom,39.663,-75.756,-1.800936335,0.001552536,0.001018807,0.001145572,-0.001047871,0.001018807,,,
1786043780035061777,1786043780.034407421,/novatel/oem7/odom,/novatel/oem7/fix,/novatel/oem7/odom,39.663,-75.756,-1.800936335,0.001552536,0.001018807,0.001145572,-0.001047871,0.001018807,,,
1786043780045878820,1786043780.045219583,/novatel/oem7/inspva,/novatel/oem7/inspva,/novatel/oem7/inspva,39.663,-75.756,-1.800919213,0.001300628,0.001399133,-0.000858986,0.000976616,0.001399133,,novatel_oem7_msgs.msg.InertialSolutionStatus(status=3),
1786043780047357068,1786043780.045360161,/novatel/oem7/fix,/novatel/oem7/fix,/novatel/oem7/inspva,39.663,-75.756,-1.800919213,0.001300628,0.001399133,-0.000858986,0.000976616,0.001399133,,0,
1786043780048375088,1786043780.046030171,/novatel/oem7/odom,/novatel/oem7/fix,/novatel/oem7/odom,39.663,-75.756,-1.800919213,0.001299381,0.001400291,0.000928170,-0.000909336,0.001400291,,,
1786043780057608941,1786043780.056482577,/novatel/oem7/odom,/novatel/oem7/fix,/novatel/oem7/odom,39.663,-75.756,-1.800919213,0.001299381,0.001400291,0.000928170,-0.000909336,0.001400291,,,
1786043780065587678,1786043780.065050633,/novatel/oem7/inspva,/novatel/oem7/inspva,/novatel/oem7/inspva,39.663,-75.756,-1.800923190,0.001255870,0.001000511,-0.000736393,0.001017317,0.001000511,,novatel_oem7_msgs.msg.InertialSolutionStatus(status=3),
1786043780066899601,1786043780.065221591,/novatel/oem7/fix,/novatel/oem7/fix,/novatel/oem7/inspva,39.663,-75.756,-1.800923190,0.001255870,0.001000511,-0.000736393,0.001017317,0.001000511,,0,
1786043780067936265,1786043780.065697549,/novatel/oem7/odom,/novatel/oem7/fix,/novatel/oem7/odom,39.663,-75.756,-1.800923190,0.001254564,0.001002149,0.000976329,-0.000787852,0.001002149,,,
1786043780075115840,1786043780.074458137,/novatel/oem7/odom,/novatel/oem7/fix,/novatel/oem7/odom,39.663,-75.756,-1.800923190,0.001254564,0.001002149,0.000976329,-0.000787852,0.001002149,,,
1786043780087075807,1786043780.086568932,/novatel/oem7/inspva,/novatel/oem7/inspva,/novatel/oem7/inspva,39.663,-75.756,-1.800919190,0.001382192,0.001280339,-0.001068413,0.000876898,0.001280339,,novatel_oem7_msgs.msg.InertialSolutionStatus(status=3),
1786043780088364503,1786043780.086717797,/novatel/oem7/fix,/novatel/oem7/fix,/novatel/oem7/inspva,39.663,-75.756,-1.800919190,0.001382192,0.001280339,-0.001068413,0.000876898,0.001280339,,0,
1786043780089401994,1786043780.087116758,/novatel/oem7/odom,/novatel/oem7/fix,/novatel/oem7/odom,39.663,-75.756,-1.800919190,0.001381986,0.001280562,0.000818784,-0.001113319,0.001280562,,,
1786043780095441078,1786043780.094748844,/novatel/oem7/odom,/novatel/oem7/fix,/novatel/oem7/odom,39.663,-75.756,-1.800919190,0.001381986,0.001280562,0.000818784,-0.001113319,0.001280562,,,
1786043780106356791,1786043780.105864973,/novatel/oem7/inspva,/novatel/oem7/inspva,/novatel/oem7/inspva,39.663,-75.756,-1.800919805,0.001117488,0.001281282,-0.000803367,0.000776776,0.001281282,,novatel_oem7_msgs.msg.InertialSolutionStatus(status=3),
1786043780107675827,1786043780.106012018,/novatel/oem7/fix,/novatel/oem7/fix,/novatel/oem7/inspva,39.663,-75.756,-1.800919805,0.001117488,0.001281282,-0.000803367,0.000776776,0.001281282,,0,
1786043780108739485,1786043780.106526790,/novatel/oem7/odom,/novatel/oem7/fix,/novatel/oem7/odom,39.663,-75.756,-1.800919805,0.001116810,0.001281872,0.000731754,-0.000843683,0.001281872,,,
1786043780110224670,1786043780.109540943,/novatel/oem7/bestpos,/novatel/oem7/bestpos,/novatel/oem7/odom,39.663,-75.756,33.181509605,0.001116810,0.001281872,0.000731754,-0.000843683,0.001281872,,novatel_oem7_msgs.msg.SolutionStatus(status=0),novatel_oem7_msgs.msg.PositionOrVelocityType(type=53)
1786043780111643247,1786043780.110216653,/novatel/oem7/bestvel,/novatel/oem7/bestpos,/novatel/oem7/bestvel,39.663,-75.756,33.181509605,0.001215983,0.001550153,,,,152.389140422,novatel_oem7_msgs.msg.SolutionStatus(status=0),novatel_oem7_msgs.msg.PositionOrVelocityType(type=53)
1786043780116045452,1786043780.115432378,/novatel/oem7/odom,/novatel/oem7/bestpos,/novatel/oem7/odom,39.663,-75.756,33.181509605,0.001116810,0.001281872,0.000731754,-0.000843683,0.001281872,,,
1786043780125936788,1786043780.125370239,/novatel/oem7/inspva,/novatel/oem7/inspva,/novatel/oem7/inspva,39.663,-75.756,-1.800922455,0.000914689,0.000816420,-0.000636361,0.000657040,0.000816420,,novatel_oem7_msgs.msg.InertialSolutionStatus(status=3),
1786043780127261428,1786043780.125575151,/novatel/oem7/fix,/novatel/oem7/fix,/novatel/oem7/inspva,39.663,-75.756,-1.800922455,0.000914689,0.000816420,-0.000636361,0.000657040,0.000816420,,0,
1786043780128308562,1786043780.126250911,/novatel/oem7/odom,/novatel/oem7/fix,/novatel/oem7/odom,39.663,-75.756,-1.800922455,0.000914143,0.000817032,0.000622064,-0.000669845,0.000817032,,,
1786043780135530374,1786043780.134895621,/novatel/oem7/odom,/novatel/oem7/fix,/novatel/oem7/odom,39.663,-75.756,-1.800922455,0.000914143,0.000817032,0.000622064,-0.000669845,0.000817032,,,
1786043780146688870,1786043780.146172555,/novatel/oem7/inspva,/novatel/oem7/inspva,/novatel/oem7/inspva,39.663,-75.756,-1.800920907,0.000623950,0.000899287,-0.000328824,0.000530272,0.000899287,,novatel_oem7_msgs.msg.InertialSolutionStatus(status=3),
1786043780147979533,1786043780.146331393,/novatel/oem7/fix,/novatel/oem7/fix,/novatel/oem7/inspva,39.663,-75.756,-1.800920907,0.000623950,0.000899287,-0.000328824,0.000530272,0.000899287,,0,
1786043780148997690,1786043780.146836258,/novatel/oem7/odom,/novatel/oem7/fix,/novatel/oem7/odom,39.663,-75.756,-1.800920907,0.000622510,0.000900284,0.000510196,-0.000356678,0.000900284,,,
1786043780157684550,1786043780.156017100,/novatel/oem7/odom,/novatel/oem7/fix,/novatel/oem7/odom,39.663,-75.756,-1.800920907,0.000622510,0.000900284,0.000510196,-0.000356678,0.000900284,,,
1786043780165611141,1786043780.165295141,/novatel/oem7/inspva,/novatel/oem7/inspva,/novatel/oem7/inspva,39.663,-75.756,-1.800913772,0.000732528,0.001436993,-0.000214306,0.000700478,0.001436993,,novatel_oem7_msgs.msg.InertialSolutionStatus(status=3),
1786043780166253276,1786043780.165478012,/novatel/oem7/fix,/novatel/oem7/fix,/novatel/oem7/inspva,39.663,-75.756,-1.800913772,0.000732528,0.001436993,-0.000214306,0.000700478,0.001436993,,0,
1786043780166953963,1786043780.166250986,/novatel/oem7/odom,/novatel/oem7/fix,/novatel/oem7/odom,39.663,-75.756,-1.800913772,0.000728772,0.001438901,0.000683806,-0.000252026,0.001438901,,,
1786043780176016567,1786043780.175682188,/novatel/oem7/odom,/novatel/oem7/fix,/novatel/oem7/odom,39.663,-75.756,-1.800913772,0.000728772,0.001438901,0.000683806,-0.000252026,0.001438901,,,
1786043780185378909,1786043780.185125340,/novatel/oem7/inspva,/novatel/oem7/inspva,/novatel/oem7/inspva,39.663,-75.756,-1.800914234,0.000638664,0.001373928,-0.000252607,0.000586585,0.001373928,,novatel_oem7_msgs.msg.InertialSolutionStatus(status=3),
1786043780185954596,1786043780.185263514,/novatel/oem7/fix,/novatel/oem7/fix,/novatel/oem7/inspva,39.663,-75.756,-1.800914234,0.000638664,0.001373928,-0.000252607,0.000586585,0.001373928,,0,
1786043780186399020,1786043780.185708169,/novatel/oem7/odom,/novatel/oem7/fix,/novatel/oem7/odom,39.663,-75.756,-1.800914234,0.000635653,0.001375324,0.000568412,-0.000284539,0.001375324,,,
1786043780195273108,1786043780.194543428,/novatel/oem7/odom,/novatel/oem7/fix,/novatel/oem7/odom,39.663,-75.756,-1.800914234,0.000635653,0.001375324,0.000568412,-0.000284539,0.001375324,,,
1786043780207023433,1786043780.206494665,/novatel/oem7/inspva,/novatel/oem7/inspva,/novatel/oem7/inspva,39.663,-75.756,-1.800913204,0.001046881,0.001029804,-0.000493653,0.000923183,0.001029804,,novatel_oem7_msgs.msg.InertialSolutionStatus(status=3),
1786043780208334816,1786043780.206647559,/novatel/oem7/fix,/novatel/oem7/fix,/novatel/oem7/inspva,39.663,-75.756,-1.800913204,0.001046881,0.001029804,-0.000493653,0.000923183,0.001029804,,0,
1786043780209362144,1786043780.207147028,/novatel/oem7/odom,/novatel/oem7/fix,/novatel/oem7/odom,39.663,-75.756,-1.800913204,0.001044964,0.001031749,0.000894074,-0.000540907,0.001031749,,,
1786043780210825485,1786043780.210232386,/novatel/oem7/bestpos,/novatel/oem7/bestpos,/novatel/oem7/odom,39.663,-75.756,33.181506302,0.001044964,0.001031749,0.000894074,-0.000540907,0.001031749,,novatel_oem7_msgs.msg.SolutionStatus(status=0),novatel_oem7_msgs.msg.PositionOrVelocityType(type=53)
1786043780212195585,1786043780.210706533,/novatel/oem7/bestvel,/novatel/oem7/bestpos,/novatel/oem7/bestvel,39.663,-75.756,33.181506302,0.001125167,0.000708071,,,,95.786364994,novatel_oem7_msgs.msg.SolutionStatus(status=0),novatel_oem7_msgs.msg.PositionOrVelocityType(type=53)
1786043780215748321,1786043780.214910709,/novatel/oem7/odom,/novatel/oem7/bestpos,/novatel/oem7/odom,39.663,-75.756,33.181506302,0.001044964,0.001031749,0.000894074,-0.000540907,0.001031749,,,
1786043780225666274,1786043780.225123868,/novatel/oem7/inspva,/novatel/oem7/inspva,/novatel/oem7/inspva,39.663,-75.756,-1.800909488,0.000661616,0.001057366,-0.000397139,0.000529166,0.001057366,,novatel_oem7_msgs.msg.InertialSolutionStatus(status=3),
1786043780227015397,1786043780.225268993,/novatel/oem7/fix,/novatel/oem7/fix,/novatel/oem7/inspva,39.663,-75.756,-1.800909488,0.000661616,0.001057366,-0.000397139,0.000529166,0.001057366,,0,
1786043780228051992,1786043780.225745001,/novatel/oem7/odom,/novatel/oem7/fix,/novatel/oem7/odom,39.663,-75.756,-1.800909488,0.000660350,0.001058157,0.000505170,-0.000425282,0.001058157,,,
1786043780236317238,1786043780.235662984,/novatel/oem7/odom,/novatel/oem7/fix,/novatel/oem7/odom,39.663,-75.756,-1.800909488,0.000660350,0.001058157,0.000505170,-0.000425282,0.001058157,,,
1786043780245934018,1786043780.245392509,/novatel/oem7/inspva,/novatel/oem7/inspva,/novatel/oem7/inspva,39.663,-75.756,-1.800904980,0.000545904,0.001210217,-0.000239137,0.000490739,0.001210217,,novatel_oem7_msgs.msg.InertialSolutionStatus(status=3),
1786043780247274541,1786043780.245573544,/novatel/oem7/fix,/novatel/oem7/fix,/novatel/oem7/inspva,39.663,-75.756,-1.800904980,0.000545904,0.001210217,-0.000239137,0.000490739,0.001210217,,0,
1786043780248332482,1786043780.246209854,/novatel/oem7/odom,/novatel/oem7/fix,/novatel/oem7/odom,39.663,-75.756,-1.800904980,0.000543490,0.001211303,0.000473954,-0.000265987,0.001211303,,,
1786043780257304872,1786043780.256466097,/novatel/oem7/odom,/novatel/oem7/fix,/novatel/oem7/odom,39.663,-75.756,-1.800904980,0.000543490,0.001211303,0.000473954,-0.000265987,0.001211303,,,
1786043780266758824,1786043780.266116824,/novatel/oem7/inspva,/novatel/oem7/inspva,/novatel/oem7/inspva,39.663,-75.756,-1.800902789,0.000591343,0.000999617,-0.000355969,0.000472200,0.000999617,,novatel_oem7_msgs.msg.InertialSolutionStatus(status=3),
1786043780268177811,1786043780.266268569,/novatel/oem7/fix,/novatel/oem7/fix,/novatel/oem7/inspva,39.663,-75.756,-1.800902789,0.000591343,0.000999617,-0.000355969,0.000472200,0.000999617,,0,
1786043780269282376,1786043780.266690486,/novatel/oem7/odom,/novatel/oem7/fix,/novatel/oem7/odom,39.663,-75.756,-1.800902789,0.000590153,0.001000321,0.000450499,-0.000381223,0.001000321,,,
1786043780275223192,1786043780.274502092,/novatel/oem7/odom,/novatel/oem7/fix,/novatel/oem7/odom,39.663,-75.756,-1.800902789,0.000590153,0.001000321,0.000450499,-0.000381223,0.001000321,,,
1786043780285957387,1786043780.285357881,/novatel/oem7/inspva,/novatel/oem7/inspva,/novatel/oem7/inspva,39.663,-75.756,-1.800894124,0.000227573,0.001389966,-0.000150125,0.000171032,0.001389966,,novatel_oem7_msgs.msg.InertialSolutionStatus(status=3),
1786043780287473642,1786043780.285527509,/novatel/oem7/fix,/novatel/oem7/fix,/novatel/oem7/inspva,39.663,-75.756,-1.800894124,0.000227573,0.001389966,-0.000150125,0.000171032,0.001389966,,0,
1786043780288544356,1786043780.286444862,/novatel/oem7/odom,/novatel/oem7/fix,/novatel/oem7/odom,39.663,-75.756,-1.800894124,0.000226437,0.001390151,0.000158322,-0.000161888,0.001390151,,,
1786043780296182383,1786043780.295516773,/novatel/oem7/odom,/novatel/oem7/fix,/novatel/oem7/odom,39.663,-75.756,-1.800894124,0.000226437,0.001390151,0.000158322,-0.000161888,0.001390151,,,
1786043780306532234,1786043780.305971001,/novatel/oem7/inspva,/novatel/oem7/inspva,/novatel/oem7/inspva,39.663,-75.756,-1.800889655,0.000616220,0.001452957,-0.000517477,0.000334580,0.001452957,,novatel_oem7_msgs.msg.InertialSolutionStatus(status=3),
1786043780307868397,1786043780.306169840,/novatel/oem7/fix,/novatel/oem7/fix,/novatel/oem7/inspva,39.663,-75.756,-1.800889655,0.000616220,0.001452957,-0.000517477,0.000334580,0.001452957,,0,
1786043780308913741,1786043780.306546464,/novatel/oem7/odom,/novatel/oem7/fix,/novatel/oem7/odom,39.663,-75.756,-1.800889655,0.000616792,0.001452714,0.000303450,-0.000536982,0.001452714,,,
1786043780310385429,1786043780.309494247,/novatel/oem7/bestpos,/novatel/oem7/bestpos,/novatel/oem7/odom,39.663,-75.756,33.181528550,0.000616792,0.001452714,0.000303450,-0.000536982,0.001452714,,novatel_oem7_msgs.msg.SolutionStatus(status=0),novatel_oem7_msgs.msg.PositionOrVelocityType(type=53)
1786043780311831140,1786043780.310290011,/novatel/oem7/bestvel,/novatel/oem7/bestpos,/novatel/oem7/bestvel,39.663,-75.756,33.181528550,0.000451739,0.001258189,,,,120.612963305,novatel_oem7_msgs.msg.SolutionStatus(status=0),novatel_oem7_msgs.msg.PositionOrVelocityType(type=53)
1786043780315102283,1786043780.314403816,/novatel/oem7/odom,/novatel/oem7/bestpos,/novatel/oem7/odom,39.663,-75.756,33.181528550,0.000616792,0.001452714,0.000303450,-0.000536982,0.001452714,,,
1786043780327058540,1786043780.326509482,/novatel/oem7/inspva,/novatel/oem7/inspva,/novatel/oem7/inspva,39.663,-75.756,-1.800886703,0.000828459,0.000968779,-0.000484591,0.000671949,0.000968779,,novatel_oem7_msgs.msg.InertialSolutionStatus(status=3),
1786043780328448791,1786043780.326699050,/novatel/oem7/fix,/novatel/oem7/fix,/novatel/oem7/inspva,39.663,-75.756,-1.800886703,0.000828459,0.000968779,-0.000484591,0.000671949,0.000968779,,0,
1786043780329518015,1786043780.327060727,/novatel/oem7/odom,/novatel/oem7/fix,/novatel/oem7/odom,39.663,-75.756,-1.800886703,0.000827203,0.000969851,0.000643821,-0.000519385,0.000969851,,,
1786043780335807348,1786043780.335117624,/novatel/oem7/odom,/novatel/oem7/fix,/novatel/oem7/odom,39.663,-75.756,-1.800886703,0.000827203,0.000969851,0.000643821,-0.000519385,0.000969851,,,
1786043780345524539,1786043780.344942517,/novatel/oem7/inspva,/novatel/oem7/inspva,/novatel/oem7/inspva,39.663,-75.756,-1.800879232,0.000831665,0.001132226,-0.000785794,0.000272388,0.001132226,,novatel_oem7_msgs.msg.InertialSolutionStatus(status=3),
1786043780346918390,1786043780.345166355,/novatel/oem7/fix,/novatel/oem7/fix,/novatel/oem7/inspva,39.663,-75.756,-1.800879232,0.000831665,0.001132226,-0.000785794,0.000272388,0.001132226,,0,
1786043780347988177,1786043780.345493222,/novatel/oem7/odom,/novatel/oem7/fix,/novatel/oem7/odom,39.663,-75.756,-1.800879232,0.000833285,0.001131035,0.000229394,-0.000801088,0.001131035,,,
1786043780356323597,1786043780.355617690,/novatel/oem7/odom,/novatel/oem7/fix,/novatel/oem7/odom,39.663,-75.756,-1.800879232,0.000833285,0.001131035,0.000229394,-0.000801088,0.001131035,,,
1786043780365964951,1786043780.365345335,/novatel/oem7/inspva,/novatel/oem7/inspva,/novatel/oem7/inspva,39.663,-75.756,-1.800869941,0.000676209,0.001206923,-0.000616277,0.000278318,0.001206923,,novatel_oem7_msgs.msg.InertialSolutionStatus(status=3),
1786043780367502127,1786043780.365570077,/novatel/oem7/fix,/novatel/oem7/fix,/novatel/oem7/inspva,39.663,-75.756,-1.800869941,0.000676209,0.001206923,-0.000616277,0.000278318,0.001206923,,0,
1786043780368634195,1786043780.366353738,/novatel/oem7/odom,/novatel/oem7/fix,/novatel/oem7/odom,39.663,-75.756,-1.800869941,0.000677471,0.001206215,0.000243350,-0.000632256,0.001206215,,,
1786043780375531324,1786043780.374855101,/novatel/oem7/odom,/novatel/oem7/fix,/novatel/oem7/odom,39.663,-75.756,-1.800869941,0.000677471,0.001206215,0.000243350,-0.000632256,0.001206215,,,
1786043780386598969,1786043780.386039020,/novatel/oem7/inspva,/novatel/oem7/inspva,/novatel/oem7/inspva,39.663,-75.756,-1.800860926,0.000895283,0.001449707,-0.000882186,0.000152575,0.001449707,,novatel_oem7_msgs.msg.InertialSolutionStatus(status=3),
1786043780387999343,1786043780.386228678,/novatel/oem7/fix,/novatel/oem7/fix,/novatel/oem7/inspva,39.663,-75.756,-1.800860926,0.000895283,0.001449707,-0.000882186,0.000152575,0.001449707,,0,
1786043780389052143,1786043780.386586579,/novatel/oem7/odom,/novatel/oem7/fix,/novatel/oem7/odom,39.663,-75.756,-1.800860926,0.000898341,0.001447814,0.000103820,-0.000892322,0.001447814,,,
1786043780395368184,1786043780.394689517,/novatel/oem7/odom,/novatel/oem7/fix,/novatel/oem7/odom,39.663,-75.756,-1.800860926,0.000898341,0.001447814,0.000103820,-0.000892322,0.001447814,,,
1786043780406950140,1786043780.406445025,/novatel/oem7/inspva,/novatel/oem7/inspva,/novatel/oem7/inspva,39.663,-75.756,-1.800854947,0.000668233,0.001065674,-0.000455786,0.000488666,0.001065674,,novatel_oem7_msgs.msg.InertialSolutionStatus(status=3),
1786043780408337224,1786043780.406618447,/novatel/oem7/fix,/novatel/oem7/fix,/novatel/oem7/inspva,39.663,-75.756,-1.800854947,0.000668233,0.001065674,-0.000455786,0.000488666,0.001065674,,0,
1786043780409391145,1786043780.407228503,/novatel/oem7/odom,/novatel/oem7/fix,/novatel/oem7/odom,39.663,-75.756,-1.800854947,0.000667451,0.001066164,0.000461812,-0.000481892,0.001066164,,,
1786043780411141439,1786043780.410212049,/novatel/oem7/bestpos,/novatel/oem7/bestpos,/novatel/oem7/odom,39.663,-75.756,33.181568802,0.000667451,0.001066164,0.000461812,-0.000481892,0.001066164,,novatel_oem7_msgs.msg.SolutionStatus(status=0),novatel_oem7_msgs.msg.PositionOrVelocityType(type=53)
1786043780412683794,1786043780.410653697,/novatel/oem7/bestvel,/novatel/oem7/bestpos,/novatel/oem7/bestvel,39.663,-75.756,33.181568802,0.000797231,0.001118980,,,,137.721109391,novatel_oem7_msgs.msg.SolutionStatus(status=0),novatel_oem7_msgs.msg.PositionOrVelocityType(type=53)
1786043780416137689,1786043780.415488029,/novatel/oem7/odom,/novatel/oem7/bestpos,/novatel/oem7/odom,39.663,-75.756,33.181568802,0.000667451,0.001066164,0.000461812,-0.000481892,0.001066164,,,
1786043780425567730,1786043780.425023495,/novatel/oem7/inspva,/novatel/oem7/inspva,/novatel/oem7/inspva,39.663,-75.756,-1.800843509,0.000781718,0.001387323,-0.000771492,0.000126026,0.001387323,,novatel_oem7_msgs.msg.InertialSolutionStatus(status=3),
1786043780426920341,1786043780.425176627,/novatel/oem7/fix,/novatel/oem7/fix,/novatel/oem7/inspva,39.663,-75.756,-1.800843509,0.000781718,0.001387323,-0.000771492,0.000126026,0.001387323,,0,
1786043780428059612,1786043780.425587374,/novatel/oem7/odom,/novatel/oem7/fix,/novatel/oem7/odom,39.663,-75.756,-1.800843509,0.000784698,0.001385639,0.000082954,-0.000780301,0.001385639,,,
1786043780435077136,1786043780.434335616,/novatel/oem7/odom,/novatel/oem7/fix,/novatel/oem7/odom,39.663,-75.756,-1.800843509,0.000784698,0.001385639,0.000082954,-0.000780301,0.001385639,,,
1786043780447353573,1786043780.446546355,/novatel/oem7/inspva,/novatel/oem7/inspva,/novatel/oem7/inspva,39.663,-75.756,-1.800833825,0.000891022,0.001246494,-0.000708631,0.000540150,0.001246494,,novatel_oem7_msgs.msg.InertialSolutionStatus(status=3),
1786043780449206761,1786043780.446712106,/novatel/oem7/fix,/novatel/oem7/fix,/novatel/oem7/inspva,39.663,-75.756,-1.800833825,0.000891022,0.001246494,-0.000708631,0.000540150,0.001246494,,0,
1786043780450379633,1786043780.448559072,/novatel/oem7/odom,/novatel/oem7/fix,/novatel/oem7/odom,39.663,-75.756,-1.800833825,0.000891053,0.001246471,0.000500186,-0.000737421,0.001246471,,,
1786043780457578602,1786043780.456825258,/novatel/oem7/odom,/novatel/oem7/fix,/novatel/oem7/odom,39.663,-75.756,-1.800833825,0.000891053,0.001246471,0.000500186,-0.000737421,0.001246471,,,
1786043780465524032,1786043780.464931796,/novatel/oem7/inspva,/novatel/oem7/inspva,/novatel/oem7/inspva,39.663,-75.756,-1.800823476,0.000831515,0.001316172,-0.000805964,0.000204546,0.001316172,,novatel_oem7_msgs.msg.InertialSolutionStatus(status=3),
1786043780467033157,1786043780.465102555,/novatel/oem7/fix,/novatel/oem7/fix,/novatel/oem7/inspva,39.663,-75.756,-1.800823476,0.000831515,0.001316172,-0.000805964,0.000204546,0.001316172,,0,
1786043780468208046,1786043780.465594376,/novatel/oem7/odom,/novatel/oem7/fix,/novatel/oem7/odom,39.663,-75.756,-1.800823476,0.000833877,0.001314677,0.000159945,-0.000818394,0.001314677,,,
1786043780476084525,1786043780.475363101,/novatel/oem7/odom,/novatel/oem7/fix,/novatel/oem7/odom,39.663,-75.756,-1.800823476,0.000833877,0.001314677,0.000159945,-0.000818394,0.001314677,,,
1786043780485821676,1786043780.485265384,/novatel/oem7/inspva,/novatel/oem7/inspva,/novatel/oem7/inspva,39.663,-75.756,-1.800811982,0.000734691,0.001223667,-0.000693236,0.000243298,0.001223667,,novatel_oem7_msgs.msg.InertialSolutionStatus(status=3),
1786043780487188200,1786043780.485482466,/novatel/oem7/fix,/novatel/oem7/fix,/novatel/oem7/inspva,39.663,-75.756,-1.800811982,0.000734691,0.001223667,-0.000693236,0.000243298,0.001223667,,0,
1786043780488278604,1786043780.486054759,/novatel/oem7/odom,/novatel/oem7/fix,/novatel/oem7/odom,39.663,-75.756,-1.800811982,0.000736437,0.001222617,0.000204531,-0.000707464,0.001222617,,,
1786043780495531374,1786043780.494851624,/novatel/oem7/odom,/novatel/oem7/fix,/novatel/oem7/odom,39.663,-75.756,-1.800811982,0.000736437,0.001222617,0.000204531,-0.000707464,0.001222617,,,
1786043780506568032,1786043780.506023163,/novatel/oem7/inspva,/novatel/oem7/inspva,/novatel/oem7/inspva,39.663,-75.756,-1.800801531,0.000830624,0.001338331,-0.000827762,-0.000068885,0.001338331,,novatel_oem7_msgs.msg.InertialSolutionStatus(status=3),
1786043780507943699,1786043780.506200608,/novatel/oem7/fix,/novatel/oem7/fix,/novatel/oem7/inspva,39.663,-75.756,-1.800801531,0.000830624,0.001338331,-0.000827762,-0.000068885,0.001338331,,0,
1786043780509121427,1786043780.506717700,/novatel/oem7/odom,/novatel/oem7/fix,/novatel/oem7/odom,39.663,-75.756,-1.800801531,0.000834724,0.001335777,-0.000114314,-0.000826859,0.001335777,,,
1786043780512307653,1786043780.511639246,/novatel/oem7/bestpos,/novatel/oem7/bestpos,/novatel/oem7/odom,39.663,-75.756,33.181606326,0.000834724,0.001335777,-0.000114314,-0.000826859,0.001335777,,novatel_oem7_msgs.msg.SolutionStatus(status=0),novatel_oem7_msgs.msg.PositionOrVelocityType(type=53)
1786043780513767634,1786043780.512238862,/novatel/oem7/bestvel,/novatel/oem7/bestpos,/novatel/oem7/bestvel,39.663,-75.756,33.181606326,0.000659485,0.001213441,,,,181.414358234,novatel_oem7_msgs.msg.SolutionStatus(status=0),novatel_oem7_msgs.msg.PositionOrVelocityType(type=53)
1786043780515402761,1786043780.514461441,/novatel/oem7/odom,/novatel/oem7/bestpos,/novatel/oem7/odom,39.663,-75.756,33.181606326,0.000834724,0.001335777,-0.000114314,-0.000826859,0.001335777,,,
1786043780525689167,1786043780.525118782,/novatel/oem7/inspva,/novatel/oem7/inspva,/novatel/oem7/inspva,39.663,-75.756,-1.800792451,0.000642597,0.001254123,-0.000553741,0.000326040,0.001254123,,novatel_oem7_msgs.msg.InertialSolutionStatus(status=3),
1786043780527043901,1786043780.525310703,/novatel/oem7/fix,/novatel/oem7/fix,/novatel/oem7/inspva,39.663,-75.756,-1.800792451,0.000642597,0.001254123,-0.000553741,0.000326040,0.001254123,,0,
1786043780528190659,1786043780.525705141,/novatel/oem7/odom,/novatel/oem7/fix,/novatel/oem7/odom,39.663,-75.756,-1.800792451,0.000643322,0.001253752,0.000293853,-0.000572288,0.001253752,,,
1786043780536110945,1786043780.535453825,/novatel/oem7/odom,/novatel/oem7/fix,/novatel/oem7/odom,39.663,-75.756,-1.800792451,0.000643322,0.001253752,0.000293853,-0.000572288,0.001253752,,,
1786043780546490703,1786043780.545097382,/novatel/oem7/inspva,/novatel/oem7/inspva,/novatel/oem7/inspva,39.663,-75.756,-1.800782816,0.000851802,0.001224316,-0.000816949,0.000241166,0.001224316,,novatel_oem7_msgs.msg.InertialSolutionStatus(status=3),
1786043780547566024,1786043780.545327422,/novatel/oem7/fix,/novatel/oem7/fix,/novatel/oem7/inspva,39.663,-75.756,-1.800782816,0.000851802,0.001224316,-0.000816949,0.000241166,0.001224316,,0,
1786043780549267471,1786043780.545906941,/novatel/oem7/odom,/novatel/oem7/fix,/novatel/oem7/odom,39.663,-75.756,-1.800782816,0.000853817,0.001222912,0.000196307,-0.000830943,0.001222912,,,
1786043780556508740,1786043780.555733256,/novatel/oem7/odom,/novatel/oem7/fix,/novatel/oem7/odom,39.663,-75.756,-1.800782816,0.000853817,0.001222912,0.000196307,-0.000830943,0.001222912,,,
1786043780567157691,1786043780.566562061,/novatel/oem7/inspva,/novatel/oem7/inspva,/novatel/oem7/inspva,39.663,-75.756,-1.800767994,0.001095134,0.001539066,-0.001012517,0.000417286,0.001539066,,novatel_oem7_msgs.msg.InertialSolutionStatus(status=3),
1786043780568770490,1786043780.566721160,/novatel/oem7/fix,/novatel/oem7/fix,/novatel/oem7/inspva,39.663,-75.756,-1.800767994,0.001095134,0.001539066,-0.001012517,0.000417286,0.001539066,,0,
1786043780570019320,1786043780.567145897,/novatel/oem7/odom,/novatel/oem7/fix,/novatel/oem7/odom,39.663,-75.756,-1.800767994,0.001096985,0.001537747,0.000361476,-0.001035717,0.001537747,,,
1786043780576227325,1786043780.575519358,/novatel/oem7/odom,/novatel/oem7/fix,/novatel/oem7/odom,39.663,-75.756,-1.800767994,0.001096985,0.001537747,0.000361476,-0.001035717,0.001537747,,,
1786043780585639993,1786043780.585001203,/novatel/oem7/inspva,/novatel/oem7/inspva,/novatel/oem7/inspva,39.663,-75.756,-1.800758641,0.001101548,0.001385648,-0.001079767,0.000217968,0.001385648,,novatel_oem7_msgs.msg.InertialSolutionStatus(status=3),
1786043780587098161,1786043780.585149932,/novatel/oem7/fix,/novatel/oem7/fix,/novatel/oem7/inspva,39.663,-75.756,-1.800758641,0.001101548,0.001385648,-0.001079767,0.000217968,0.001385648,,0,
1786043780588540396,1786043780.585700057,/novatel/oem7/odom,/novatel/oem7/fix,/novatel/oem7/odom,39.663,-75.756,-1.800758641,0.001104341,0.001383423,0.000159682,-0.001092735,0.001383423,,,
1786043780596348094,1786043780.595616877,/novatel/oem7/odom,/novatel/oem7/fix,/novatel/oem7/odom,39.663,-75.756,-1.800758641,0.001104341,0.001383423,0.000159682,-0.001092735,0.001383423,,,
1786043780607086946,1786043780.606504547,/novatel/oem7/inspva,/novatel/oem7/inspva,/novatel/oem7/inspva,39.663,-75.756,-1.800745358,0.001081511,0.001339902,-0.001064167,0.000192909,0.001339902,,novatel_oem7_msgs.msg.InertialSolutionStatus(status=3),
1786043780608620794,1786043780.606647048,/novatel/oem7/fix,/novatel/oem7/fix,/novatel/oem7/inspva,39.663,-75.756,-1.800745358,0.001081511,0.001339902,-0.001064167,0.000192909,0.001339902,,0,
1786043780609820983,1786043780.607348761,/novatel/oem7/odom,/novatel/oem7/fix,/novatel/oem7/odom,39.663,-75.756,-1.800745358,0.001084318,0.001337632,0.000135599,-0.001075806,0.001337632,,,
1786043780611395342,1786043780.610523793,/novatel/oem7/bestpos,/novatel/oem7/bestpos,/novatel/oem7/odom,39.663,-75.756,33.181663800,0.001084318,0.001337632,0.000135599,-0.001075806,0.001337632,,novatel_oem7_msgs.msg.SolutionStatus(status=0),novatel_oem7_msgs.msg.PositionOrVelocityType(type=53)
1786043780613050282,1786043780.610932774,/novatel/oem7/bestvel,/novatel/oem7/bestpos,/novatel/oem7/bestvel,39.663,-75.756,33.181663800,0.001142389,0.001504727,,,,182.001384475,novatel_oem7_msgs.msg.SolutionStatus(status=0),novatel_oem7_msgs.msg.PositionOrVelocityType(type=53)
1786043780615583928,1786043780.614684395,/novatel/oem7/odom,/novatel/oem7/bestpos,/novatel/oem7/odom,39.663,-75.756,33.181663800,0.001084318,0.001337632,0.000135599,-0.001075806,0.001337632,,,
1786043780626660379,1786043780.626015853,/novatel/oem7/inspva,/novatel/oem7/inspva,/novatel/oem7/inspva,39.663,-75.756,-1.800736601,0.001010135,0.001127272,-0.001004949,-0.000102221,0.001127272,,novatel_oem7_msgs.msg.InertialSolutionStatus(status=3),
1786043780628207621,1786043780.626167071,/novatel/oem7/fix,/novatel/oem7/fix,/novatel/oem7/inspva,39.663,-75.756,-1.800736601,0.001010135,0.001127272,-0.001004949,-0.000102221,0.001127272,,0,
1786043780629439263,1786043780.626651945,/novatel/oem7/odom,/novatel/oem7/fix,/novatel/oem7/odom,39.663,-75.756,-1.800736601,0.001013664,0.001124099,-0.000155477,-0.001001670,0.001124099,,,
1786043780636281696,1786043780.635537485,/novatel/oem7/odom,/novatel/oem7/fix,/novatel/oem7/odom,39.663,-75.756,-1.800736601,0.001013664,0.001124099,-0.000155477,-0.001001670,0.001124099,,,
1786043780645982290,1786043780.645376674,/novatel/oem7/inspva,/novatel/oem7/inspva,/novatel/oem7/inspva,39.663,-75.756,-1.800723073,0.000879107,0.001310687,-0.000857955,-0.000191680,0.001310687,,novatel_oem7_msgs.msg.InertialSolutionStatus(status=3),
1786043780647504329,1786043780.645526662,/novatel/oem7/fix,/novatel/oem7/fix,/novatel/oem7/inspva,39.663,-75.756,-1.800723073,0.000879107,0.001310687,-0.000857955,-0.000191680,0.001310687,,0,
1786043780648775585,1786043780.646240989,/novatel/oem7/odom,/novatel/oem7/fix,/novatel/oem7/odom,39.663,-75.756,-1.800723073,0.000883687,0.001307603,-0.000238309,-0.000850948,0.001307603,,,
1786043780657259677,1786043780.656511422,/novatel/oem7/odom,/novatel/oem7/fix,/novatel/oem7/odom,39.663,-75.756,-1.800723073,0.000883687,0.001307603,-0.000238309,-0.000850948,0.001307603,,,
1786043780666563180,1786043780.665924197,/novatel/oem7/inspva,/novatel/oem7/inspva,/novatel/oem7/inspva,39.663,-75.756,-1.800715433,0.000702835,0.001347922,-0.000511335,-0.000482196,0.001347922,,novatel_oem7_msgs.msg.InertialSolutionStatus(status=3),
1786043780668068852,1786043780.666076622,/novatel/oem7/fix,/novatel/oem7/fix,/novatel/oem7/inspva,39.663,-75.756,-1.800715433,0.000702835,0.001347922,-0.000511335,-0.000482196,0.001347922,,0,
1786043780669272191,1786043780.666532006,/novatel/oem7/odom,/novatel/oem7/fix,/novatel/oem7/odom,39.663,-75.756,-1.800715433,0.000708891,0.001344747,-0.000511683,-0.000490619,0.001344747,,,
1786043780675234404,1786043780.674494213,/novatel/oem7/odom,/novatel/oem7/fix,/novatel/oem7/odom,39.663,-75.756,-1.800715433,0.000708891,0.001344747,-0.000511683,-0.000490619,0.001344747,,,
1786043780687298912,1786043780.686738220,/novatel/oem7/inspva,/novatel/oem7/inspva,/novatel/oem7/inspva,39.663,-75.756,-1.800707794,0.001073421,0.000840392,-0.000999155,-0.000392327,0.000840392,,novatel_oem7_msgs.msg.InertialSolutionStatus(status=3),
1786043780688704459,1786043780.686890078,/novatel/oem7/fix,/novatel/oem7/fix,/novatel/oem7/inspva,39.663,-75.756,-1.800707794,0.001073421,0.000840392,-0.000999155,-0.000392327,0.000840392,,0,
1786043780689854485,1786043780.687259762,/novatel/oem7/odom,/novatel/oem7/fix,/novatel/oem7/odom,39.663,-75.756,-1.800707794,0.001076690,0.000836200,-0.000443882,-0.000980933,0.000836200,,,
1786043780696238192,1786043780.695554578,/novatel/oem7/odom,/novatel/oem7/fix,/novatel/oem7/odom,39.663,-75.756,-1.800707794,0.001076690,0.000836200,-0.000443882,-0.000980933,0.000836200,,,
1786043780706454758,1786043780.705901882,/novatel/oem7/inspva,/novatel/oem7/inspva,/novatel/oem7/inspva,39.663,-75.756,-1.800697458,0.000625527,0.000958348,-0.000543767,-0.000309195,0.000958348,,novatel_oem7_msgs.msg.InertialSolutionStatus(status=3),
1786043780707854429,1786043780.706032920,/novatel/oem7/fix,/novatel/oem7/fix,/novatel/oem7/inspva,39.663,-75.756,-1.800697458,0.000625527,0.000958348,-0.000543767,-0.000309195,0.000958348,,0,
1786043780709006183,1786043780.706505762,/novatel/oem7/odom,/novatel/oem7/fix,/novatel/oem7/odom,39.663,-75.756,-1.800697458,0.000629541,0.000955716,-0.000339014,-0.000530464,0.000955716,,,
1786043780710549299,1786043780.709626000,/novatel/oem7/bestpos,/novatel/oem7/bestpos,/novatel/oem7/odom,39.663,-75.756,33.181714118,0.000629541,0.000955716,-0.000339014,-0.000530464,0.000955716,,novatel_oem7_msgs.msg.SolutionStatus(status=0),novatel_oem7_msgs.msg.PositionOrVelocityType(type=53)
1786043780712491565,1786043780.710389714,/novatel/oem7/bestvel,/novatel/oem7/bestpos,/novatel/oem7/bestvel,39.663,-75.756,33.181714118,0.000951422,0.001201793,,,,234.884225971,novatel_oem7_msgs.msg.SolutionStatus(status=0),novatel_oem7_msgs.msg.PositionOrVelocityType(type=53)
1786043780716169795,1786043780.715460942,/novatel/oem7/odom,/novatel/oem7/bestpos,/novatel/oem7/odom,39.663,-75.756,33.181714118,0.000629541,0.000955716,-0.000339014,-0.000530464,0.000955716,,,
1786043780726132336,1786043780.725545173,/novatel/oem7/inspva,/novatel/oem7/inspva,/novatel/oem7/inspva,39.663,-75.756,-1.800684855,0.001245494,0.001248805,-0.001206750,-0.000308238,0.001248805,,novatel_oem7_msgs.msg.InertialSolutionStatus(status=3),
1786043780727639228,1786043780.725694085,/novatel/oem7/fix,/novatel/oem7/fix,/novatel/oem7/inspva,39.663,-75.756,-1.800684855,0.001245494,0.001248805,-0.001206750,-0.000308238,0.001248805,,0,
1786043780728808846,1786043780.726209810,/novatel/oem7/odom,/novatel/oem7/fix,/novatel/oem7/odom,39.663,-75.756,-1.800684855,0.001249960,0.001244335,-0.000371575,-0.001193454,0.001244335,,,
1786043780736016989,1786043780.735292805,/novatel/oem7/odom,/novatel/oem7/fix,/novatel/oem7/odom,39.663,-75.756,-1.800684855,0.001249960,0.001244335,-0.000371575,-0.001193454,0.001244335,,,
1786043780746629529,1786043780.746102226,/novatel/oem7/inspva,/novatel/oem7/inspva,/novatel/oem7/inspva,39.663,-75.756,-1.800678878,0.000595618,0.000888105,-0.000544310,-0.000241842,0.000888105,,novatel_oem7_msgs.msg.InertialSolutionStatus(status=3),
1786043780747553051,1786043780.746366466,/novatel/oem7/fix,/novatel/oem7/fix,/novatel/oem7/inspva,39.663,-75.756,-1.800678878,0.000595618,0.000888105,-0.000544310,-0.000241842,0.000888105,,0,
1786043780748325343,1786043780.747578405,/novatel/oem7/odom,/novatel/oem7/fix,/novatel/oem7/odom,39.663,-75.756,-1.800678878,0.001249947,0.001244348,-0.000371582,-0.001193438,0.001244348,,,
1786043780756461959,1786043780.755907625,/novatel/oem7/odom,/novatel/oem7/fix,/novatel/oem7/odom,39.663,-75.756,-1.800678878,0.000599158,0.000885720,-0.000271504,-0.000534113,0.000885720,,,
1786043780765903332,1786043780.765329447,/novatel/oem7/inspva,/novatel/oem7/inspva,/novatel/oem7/inspva,39.663,-75.756,-1.800667230,0.000933966,0.000941039,-0.000848570,-0.000390157,0.000941039,,novatel_oem7_msgs.msg.InertialSolutionStatus(status=3),
1786043780767314306,1786043780.765513228,/novatel/oem7/fix,/novatel/oem7/fix,/novatel/oem7/inspva,39.663,-75.756,-1.800667230,0.000933966,0.000941039,-0.000848570,-0.000390157,0.000941039,,0,
1786043780768451271,1786043780.766038721,/novatel/oem7/odom,/novatel/oem7/fix,/novatel/oem7/odom,39.663,-75.756,-1.800667230,0.000937742,0.000937276,-0.000434726,-0.000830888,0.000937276,,,
1786043780776041197,1786043780.775390028,/novatel/oem7/odom,/novatel/oem7/fix,/novatel/oem7/odom,39.663,-75.756,-1.800667230,0.000937742,0.000937276,-0.000434726,-0.000830888,0.000937276,,,
1786043780786728845,1786043780.786009771,/novatel/oem7/inspva,/novatel/oem7/inspva,/novatel/oem7/inspva,39.663,-75.756,-1.800661106,0.000532253,0.000955852,-0.000325513,-0.000421111,0.000955852,,novatel_oem7_msgs.msg.InertialSolutionStatus(status=3),
1786043780788039498,1786043780.786208193,/novatel/oem7/fix,/novatel/oem7/fix,/novatel/oem7/inspva,39.663,-75.756,-1.800661106,0.000532253,0.000955852,-0.000325513,-0.000421111,0.000955852,,0,
1786043780789072412,1786043780.786718669,/novatel/oem7/odom,/novatel/oem7/fix,/novatel/oem7/odom,39.663,-75.756,-1.800661106,0.000536560,0.000953441,-0.000440078,-0.000306965,0.000953441,,,
1786043780795167503,1786043780.794495673,/novatel/oem7/odom,/novatel/oem7/fix,/novatel/oem7/odom,39.663,-75.756,-1.800661106,0.000536560,0.000953441,-0.000440078,-0.000306965,0.000953441,,,
1786043780806653452,1786043780.806009779,/novatel/oem7/inspva,/novatel/oem7/inspva,/novatel/oem7/inspva,39.663,-75.756,-1.800656147,0.001056933,0.000536746,-0.001034219,-0.000217940,0.000536746,,novatel_oem7_msgs.msg.InertialSolutionStatus(status=3),
1786043780808115067,1786043780.806215691,/novatel/oem7/fix,/novatel/oem7/fix,/novatel/oem7/inspva,39.663,-75.756,-1.800656147,0.001056933,0.000536746,-0.001034219,-0.000217940,0.000536746,,0,
1786043780809155954,1786043780.807000296,/novatel/oem7/odom,/novatel/oem7/fix,/novatel/oem7/odom,39.663,-75.756,-1.800656147,0.001058771,0.000533111,-0.000270276,-0.001023693,0.000533111,,,
1786043780811409593,1786043780.810640025,/novatel/oem7/bestpos,/novatel/oem7/bestpos,/novatel/oem7/odom,39.663,-75.756,33.181775725,0.001058771,0.000533111,-0.000270276,-0.001023693,0.000533111,,novatel_oem7_msgs.msg.SolutionStatus(status=0),novatel_oem7_msgs.msg.PositionOrVelocityType(type=53)
1786043780812814577,1786043780.811022743,/novatel/oem7/bestvel,/novatel/oem7/bestpos,/novatel/oem7/bestvel,39.663,-75.756,33.181775725,0.000990017,0.000579065,,,,210.931124656,novatel_oem7_msgs.msg.SolutionStatus(status=0),novatel_oem7_msgs.msg.PositionOrVelocityType(type=53)
1786043780816196945,1786043780.815534901,/novatel/oem7/odom,/novatel/oem7/bestpos,/novatel/oem7/odom,39.663,-75.756,33.181775725,0.001058771,0.000533111,-0.000270276,-0.001023693,0.000533111,,,
1786043780825373243,1786043780.824870937,/novatel/oem7/inspva,/novatel/oem7/inspva,/novatel/oem7/inspva,39.663,-75.756,-1.800648330,0.000536152,0.000743318,-0.000536152,0.000000204,0.000743318,,novatel_oem7_msgs.msg.InertialSolutionStatus(status=3),
1786043780826708054,1786043780.824970744,/novatel/oem7/fix,/novatel/oem7/fix,/novatel/oem7/inspva,39.663,-75.756,-1.800648330,0.000536152,0.000743318,-0.000536152,0.000000204,0.000743318,,0,
1786043780827776868,1786043780.825560685,/novatel/oem7/odom,/novatel/oem7/fix,/novatel/oem7/odom,39.663,-75.756,-1.800648330,0.000538203,0.000741835,-0.000028779,-0.000537433,0.000741835,,,
1786043780835078785,1786043780.834384851,/novatel/oem7/odom,/novatel/oem7/fix,/novatel/oem7/odom,39.663,-75.756,-1.800648330,0.000538203,0.000741835,-0.000028779,-0.000537433,0.000741835,,,
1786043780847056948,1786043780.846499180,/novatel/oem7/inspva,/novatel/oem7/inspva,/novatel/oem7/inspva,39.663,-75.756,-1.800639479,0.001158558,0.000783012,-0.001035074,-0.000520460,0.000783012,,novatel_oem7_msgs.msg.InertialSolutionStatus(status=3),
1786043780848839146,1786043780.846691088,/novatel/oem7/fix,/novatel/oem7/fix,/novatel/oem7/inspva,39.663,-75.756,-1.800639479,0.001158558,0.000783012,-0.001035074,-0.000520460,0.000783012,,0,
1786043780849967561,1786043780.847112389,/novatel/oem7/odom,/novatel/oem7/fix,/novatel/oem7/odom,39.663,-75.756,-1.800639479,0.001161739,0.000778284,-0.000573389,-0.001010378,0.000778284,,,
1786043780857069969,1786043780.856375295,/novatel/oem7/odom,/novatel/oem7/fix,/novatel/oem7/odom,39.663,-75.756,-1.800639479,0.001161739,0.000778284,-0.000573389,-0.001010378,0.000778284,,,
1786043780865595742,1786043780.865037126,/novatel/oem7/inspva,/novatel/oem7/inspva,/novatel/oem7/inspva,39.663,-75.756,-1.800629936,0.000715419,0.000897976,-0.000701839,-0.000138728,0.000897976,,novatel_oem7_msgs.msg.InertialSolutionStatus(status=3),
1786043780866939815,1786043780.865236004,/novatel/oem7/fix,/novatel/oem7/fix,/novatel/oem7/inspva,39.663,-75.756,-1.800629936,0.000715419,0.000897976,-0.000701839,-0.000138728,0.000897976,,0,
1786043780868008346,1786043780.865776876,/novatel/oem7/odom,/novatel/oem7/fix,/novatel/oem7/odom,39.663,-75.756,-1.800629936,0.000718480,0.000895529,-0.000176226,-0.000696533,0.000895529,,,
1786043780875476737,1786043780.874779567,/novatel/oem7/odom,/novatel/oem7/fix,/novatel/oem7/odom,39.663,-75.756,-1.800629936,0.000718480,0.000895529,-0.000176226,-0.000696533,0.000895529,,,
1786043780885812398,1786043780.885264726,/novatel/oem7/inspva,/novatel/oem7/inspva,/novatel/oem7/inspva,39.663,-75.756,-1.800620089,0.000969206,0.000672135,-0.000733409,-0.000633618,0.000672135,,novatel_oem7_msgs.msg.InertialSolutionStatus(status=3),
1786043780887130884,1786043780.885481728,/novatel/oem7/fix,/novatel/oem7/fix,/novatel/oem7/inspva,39.663,-75.756,-1.800620089,0.000969206,0.000672135,-0.000733409,-0.000633618,0.000672135,,0,
1786043780888186219,1786043780.885970596,/novatel/oem7/odom,/novatel/oem7/fix,/novatel/oem7/odom,39.663,-75.756,-1.800620089,0.000972176,0.000667831,-0.000671239,-0.000703253,0.000667831,,,
1786043780895479278,1786043780.894819839,/novatel/oem7/odom,/novatel/oem7/fix,/novatel/oem7/odom,39.663,-75.756,-1.800620089,0.000972176,0.000667831,-0.000671239,-0.000703253,0.000667831,,,
1786043780906501876,1786043780.905978714,/novatel/oem7/inspva,/novatel/oem7/inspva,/novatel/oem7/inspva,39.663,-75.756,-1.800607926,0.000826076,0.000761259,-0.000652708,-0.000506333,0.000761259,,novatel_oem7_msgs.msg.InertialSolutionStatus(status=3),
1786043780907821849,1786043780.906173233,/novatel/oem7/fix,/novatel/oem7/fix,/novatel/oem7/inspva,39.663,-75.756,-1.800607926,0.000826076,0.000761259,-0.000652708,-0.000506333,0.000761259,,0,
1786043780908852557,1786043780.906667291,/novatel/oem7/odom,/novatel/oem7/fix,/novatel/oem7/odom,39.663,-75.756,-1.800607926,0.000829407,0.000757629,-0.000540484,-0.000629120,0.000757629,,,
1786043780910402412,1786043780.909440980,/novatel/oem7/bestpos,/novatel/oem7/bestpos,/novatel/oem7/odom,39.663,-75.756,33.181817023,0.000829407,0.000757629,-0.000540484,-0.000629120,0.000757629,,novatel_oem7_msgs.msg.SolutionStatus(status=0),novatel_oem7_msgs.msg.PositionOrVelocityType(type=53)
1786043780911800222,1786043780.909985470,/novatel/oem7/bestvel,/novatel/oem7/bestpos,/novatel/oem7/bestvel,39.663,-75.756,33.181817023,0.000781067,0.000698004,,,,239.569133688,novatel_oem7_msgs.msg.SolutionStatus(status=0),novatel_oem7_msgs.msg.PositionOrVelocityType(type=53)
1786043780915017822,1786043780.914319591,/novatel/oem7/odom,/novatel/oem7/bestpos,/novatel/oem7/odom,39.663,-75.756,33.181817023,0.000829407,0.000757629,-0.000540484,-0.000629120,0.000757629,,,
1786043780925521447,1786043780.925022212,/novatel/oem7/inspva,/novatel/oem7/inspva,/novatel/oem7/inspva,39.663,-75.756,-1.800593152,0.001177188,0.001023073,-0.001105665,-0.000404076,0.001023073,,novatel_oem7_msgs.msg.InertialSolutionStatus(status=3),
1786043780926817917,1786043780.925104414,/novatel/oem7/fix,/novatel/oem7/fix,/novatel/oem7/inspva,39.663,-75.756,-1.800593152,0.001177188,0.001023073,-0.001105665,-0.000404076,0.001023073,,0,
1786043780927890678,1786043780.925617565,/novatel/oem7/odom,/novatel/oem7/fix,/novatel/oem7/odom,39.663,-75.756,-1.800593152,0.001181122,0.001018528,-0.000461506,-0.001087226,0.001018528,,,
1786043780936071136,1786043780.935405903,/novatel/oem7/odom,/novatel/oem7/fix,/novatel/oem7/odom,39.663,-75.756,-1.800593152,0.001181122,0.001018528,-0.000461506,-0.001087226,0.001018528,,,
1786043780945486551,1786043780.944939783,/novatel/oem7/inspva,/novatel/oem7/inspva,/novatel/oem7/inspva,39.663,-75.756,-1.800582864,0.000964870,0.001033524,-0.000903005,-0.000339937,0.001033524,,novatel_oem7_msgs.msg.InertialSolutionStatus(status=3),
1786043780946818071,1786043780.945105457,/novatel/oem7/fix,/novatel/oem7/fix,/novatel/oem7/inspva,39.663,-75.756,-1.800582864,0.000964870,0.001033524,-0.000903005,-0.000339937,0.001033524,,0,
1786043780947885719,1786043780.945568476,/novatel/oem7/odom,/novatel/oem7/fix,/novatel/oem7/odom,39.663,-75.756,-1.800582864,0.000968882,0.001029765,-0.000387574,-0.000887986,0.001029765,,,
1786043780956247779,1786043780.955597767,/novatel/oem7/odom,/novatel/oem7/fix,/novatel/oem7/odom,39.663,-75.756,-1.800582864,0.000968882,0.001029765,-0.000387574,-0.000887986,0.001029765,,,
1786043780966884625,1786043780.966552977,/novatel/oem7/inspva,/novatel/oem7/inspva,/novatel/oem7/inspva,39.663,-75.756,-1.800573423,0.000883037,0.000436061,-0.000812280,-0.000346347,0.000436061,,novatel_oem7_msgs.msg.InertialSolutionStatus(status=3),
1786043780967543005,1786043780.966715851,/novatel/oem7/fix,/novatel/oem7/fix,/novatel/oem7/inspva,39.663,-75.756,-1.800573423,0.000883037,0.000436061,-0.000812280,-0.000346347,0.000436061,,0,
1786043780968067171,1786043780.967104672,/novatel/oem7/odom,/novatel/oem7/fix,/novatel/oem7/odom,39.663,-75.756,-1.800573423,0.000884763,0.000432547,-0.000387306,-0.000795488,0.000432547,,,
1786043780974975111,1786043780.974617281,/novatel/oem7/odom,/novatel/oem7/fix,/novatel/oem7/odom,39.663,-75.756,-1.800573423,0.000884763,0.000432547,-0.000387306,-0.000795488,0.000432547,,,
1786043780985588928,1786043780.985032832,/novatel/oem7/inspva,/novatel/oem7/inspva,/novatel/oem7/inspva,39.663,-75.756,-1.800562233,0.000966341,0.000693645,-0.000752887,-0.000605786,0.000693645,,novatel_oem7_msgs.msg.InertialSolutionStatus(status=3),
1786043780986927222,1786043780.985202404,/novatel/oem7/fix,/novatel/oem7/fix,/novatel/oem7/inspva,39.663,-75.756,-1.800562233,0.000966341,0.000693645,-0.000752887,-0.000605786,0.000693645,,0,
1786043780987992878,1786043780.985576114,/novatel/oem7/odom,/novatel/oem7/fix,/novatel/oem7/odom,39.663,-75.756,-1.800562233,0.000969407,0.000689354,-0.000644488,-0.000724144,0.000689354,,,
1786043780995263512,1786043780.994598872,/novatel/oem7/odom,/novatel/oem7/fix,/novatel/oem7/odom,39.663,-75.756,-1.800562233,0.000969407,0.000689354,-0.000644488,-0.000724144,0.000689354,,,
1786043781010911736,1786043781.010365483,/novatel/oem7/inspva,/novatel/oem7/inspva,/novatel/oem7/inspva,39.663,-75.756,-1.800551602,0.000819987,0.000592195,-0.000379223,-0.000727027,0.000592195,,novatel_oem7_msgs.msg.InertialSolutionStatus(status=3),
1786043781012220886,1786043781.010465653,/novatel/oem7/fix,/novatel/oem7/fix,/novatel/oem7/inspva,39.663,-75.756,-1.800551602,0.000819987,0.000592195,-0.000379223,-0.000727027,0.000592195,,0,
1786043781013269729,1786043781.011659073,/novatel/oem7/odom,/novatel/oem7/fix,/novatel/oem7/odom,39.663,-75.756,-1.800551602,0.000822634,0.000588512,-0.000746916,-0.000344736,0.000588512,,,
1786043781016079395,1786043781.015412748,/novatel/oem7/odom,/novatel/oem7/fix,/novatel/oem7/odom,39.663,-75.756,-1.800551602,0.000822634,0.000588512,-0.000746916,-0.000344736,0.000588512,,,
1786043781025973160,1786043781.025437804,/novatel/oem7/bestpos,/novatel/oem7/bestpos,/novatel/oem7/odom,39.663,-75.756,33.181856926,0.000822634,0.000588512,-0.000746916,-0.000344736,0.000588512,,novatel_oem7_msgs.msg.SolutionStatus(status=0),novatel_oem7_msgs.msg.PositionOrVelocityType(type=53)
1786043781027379701,1786043781.026831453,/novatel/oem7/bestvel,/novatel/oem7/bestpos,/novatel/oem7/bestvel,39.663,-75.756,33.181856926,0.000799824,0.000614687,,,,215.275784645,novatel_oem7_msgs.msg.SolutionStatus(status=0),novatel_oem7_msgs.msg.PositionOrVelocityType(type=53)
1786043781028775749,1786043781.027288132,/novatel/oem7/inspva,/novatel/oem7/inspva,/novatel/oem7/inspva,39.663,-75.756,-1.800541443,0.001021249,0.000771624,-0.000464634,-0.000909431,0.000771624,,novatel_oem7_msgs.msg.InertialSolutionStatus(status=3),
1786043781029619217,1786043781.027363919,/novatel/oem7/fix,/novatel/oem7/fix,/novatel/oem7/inspva,39.663,-75.756,-1.800541443,0.001021249,0.000771624,-0.000464634,-0.000909431,0.000771624,,0,
1786043781030641901,1786043781.027790582,/novatel/oem7/odom,/novatel/oem7/fix,/novatel/oem7/odom,39.663,-75.756,-1.800541443,0.001024695,0.000767042,-0.000933953,-0.000421584,0.000767042,,,
1786043781035048805,1786043781.034402259,/novatel/oem7/odom,/novatel/oem7/fix,/novatel/oem7/odom,39.663,-75.756,-1.800541443,0.001024695,0.000767042,-0.000933953,-0.000421584,0.000767042,,,
1786043781045727103,1786043781.045224490,/novatel/oem7/inspva,/novatel/oem7/inspva,/novatel/oem7/inspva,39.663,-75.756,-1.800546540,0.000950357,0.000820576,-0.000781115,-0.000541329,0.000820576,,novatel_oem7_msgs.msg.InertialSolutionStatus(status=3),
1786043781047036146,1786043781.045303553,/novatel/oem7/fix,/novatel/oem7/fix,/novatel/oem7/inspva,39.663,-75.756,-1.800546540,0.000950357,0.000820576,-0.000781115,-0.000541329,0.000820576,,0,
1786043781048073516,1786043781.045960741,/novatel/oem7/odom,/novatel/oem7/fix,/novatel/oem7/odom,39.663,-75.756,-1.800546540,0.000953917,0.000816434,-0.000581960,-0.000755831,0.000816434,,,
1786043781057064213,1786043781.056416376,/novatel/oem7/odom,/novatel/oem7/fix,/novatel/oem7/odom,39.663,-75.756,-1.800546540,0.000953917,0.000816434,-0.000581960,-0.000755831,0.000816434,,,
1786043781065406364,1786043781.064929027,/novatel/oem7/inspva,/novatel/oem7/inspva,/novatel/oem7/inspva,39.663,-75.756,-1.800556768,0.000986694,0.000868835,-0.000651998,-0.000740583,0.000868835,,novatel_oem7_msgs.msg.InertialSolutionStatus(status=3),
1786043781066723744,1786043781.065004067,/novatel/oem7/fix,/novatel/oem7/fix,/novatel/oem7/inspva,39.663,-75.756,-1.800556768,0.000986694,0.000868835,-0.000651998,-0.000740583,0.000868835,,0,
1786043781067745874,1786043781.065514918,/novatel/oem7/odom,/novatel/oem7/fix,/novatel/oem7/odom,39.663,-75.756,-1.800556768,0.000990638,0.000864336,-0.000774837,-0.000617245,0.000864336,,,
1786043781075273900,1786043781.074427928,/novatel/oem7/odom,/novatel/oem7/fix,/novatel/oem7/odom,39.663,-75.756,-1.800556768,0.000990638,0.000864336,-0.000774837,-0.000617245,0.000864336,,,
1786043781087096892,1786043781.086627257,/novatel/oem7/inspva,/novatel/oem7/inspva,/novatel/oem7/inspva,39.663,-75.756,-1.800561627,0.001063132,0.000821787,-0.000465442,-0.000955832,0.000821787,,novatel_oem7_msgs.msg.InertialSolutionStatus(status=3),
1786043781088385272,1786043781.086700467,/novatel/oem7/fix,/novatel/oem7/fix,/novatel/oem7/inspva,39.663,-75.756,-1.800561627,0.001063132,0.000821787,-0.000465442,-0.000955832,0.000821787,,0,
1786043781089413565,1786043781.087568900,/novatel/oem7/odom,/novatel/oem7/fix,/novatel/oem7/odom,39.663,-75.756,-1.800561627,0.001066785,0.000817040,-0.000980523,-0.000420242,0.000817040,,,
1786043781095323445,1786043781.094677675,/novatel/oem7/odom,/novatel/oem7/fix,/novatel/oem7/odom,39.663,-75.756,-1.800561627,0.001066785,0.000817040,-0.000980523,-0.000420242,0.000817040,,,
1786043781106534737,1786043781.106003715,/novatel/oem7/inspva,/novatel/oem7/inspva,/novatel/oem7/inspva,39.663,-75.756,-1.800569019,0.001000728,0.000702082,-0.000669744,-0.000743572,0.000702082,,novatel_oem7_msgs.msg.InertialSolutionStatus(status=3),
1786043781107809927,1786043781.106149839,/novatel/oem7/fix,/novatel/oem7/fix,/novatel/oem7/inspva,39.663,-75.756,-1.800569019,0.001000728,0.000702082,-0.000669744,-0.000743572,0.000702082,,0,
1786043781108821320,1786043781.106466030,/novatel/oem7/odom,/novatel/oem7/fix,/novatel/oem7/odom,39.663,-75.756,-1.800569019,0.001003912,0.000697522,-0.000778074,-0.000634381,0.000697522,,,
1786043781110788113,1786043781.110252059,/novatel/oem7/bestpos,/novatel/oem7/bestpos,/novatel/oem7/odom,39.663,-75.756,33.181827726,0.001003912,0.000697522,-0.000778074,-0.000634381,0.000697522,,novatel_oem7_msgs.msg.SolutionStatus(status=0),novatel_oem7_msgs.msg.PositionOrVelocityType(type=53)
1786043781112137467,1786043781.110747267,/novatel/oem7/bestvel,/novatel/oem7/bestpos,/novatel/oem7/bestvel,39.663,-75.756,33.181827726,0.000789331,0.000447249,,,,254.019103342,novatel_oem7_msgs.msg.SolutionStatus(status=0),novatel_oem7_msgs.msg.PositionOrVelocityType(type=53)
1786043781115327109,1786043781.114695139,/novatel/oem7/odom,/novatel/oem7/bestpos,/novatel/oem7/odom,39.663,-75.756,33.181827726,0.001003912,0.000697522,-0.000778074,-0.000634381,0.000697522,,,
1786043781125876075,1786043781.125351237,/novatel/oem7/inspva,/novatel/oem7/inspva,/novatel/oem7/inspva,39.663,-75.756,-1.800567078,0.001070777,0.001296073,-0.000404618,-0.000991386,0.001296073,,novatel_oem7_msgs.msg.InertialSolutionStatus(status=3),
1786043781127199932,1786043781.125525586,/novatel/oem7/fix,/novatel/oem7/fix,/novatel/oem7/inspva,39.663,-75.756,-1.800567078,0.001070777,0.001296073,-0.000404618,-0.000991386,0.001296073,,0,
1786043781128231556,1786043781.126088021,/novatel/oem7/odom,/novatel/oem7/fix,/novatel/oem7/odom,39.663,-75.756,-1.800567078,0.001076461,0.001291356,-0.001014834,-0.000358998,0.001291356,,,
1786043781135829722,1786043781.135164858,/novatel/oem7/odom,/novatel/oem7/fix,/novatel/oem7/odom,39.663,-75.756,-1.800567078,0.001076461,0.001291356,-0.001014834,-0.000358998,0.001291356,,,
1786043781146543800,1786043781.146016964,/novatel/oem7/inspva,/novatel/oem7/inspva,/novatel/oem7/inspva,39.663,-75.756,-1.800575797,0.000985656,0.001092347,-0.000431488,-0.000886192,0.001092347,,novatel_oem7_msgs.msg.InertialSolutionStatus(status=3),
1786043781147840193,1786043781.146166309,/novatel/oem7/fix,/novatel/oem7/fix,/novatel/oem7/inspva,39.663,-75.756,-1.800575797,0.000985656,0.001092347,-0.000431488,-0.000886192,0.001092347,,0,
1786043781148861420,1786043781.146636294,/novatel/oem7/odom,/novatel/oem7/fix,/novatel/oem7/odom,39.663,-75.756,-1.800575797,0.000990528,0.001087931,-0.000910320,-0.000390467,0.001087931,,,
1786043781156301308,1786043781.155670455,/novatel/oem7/odom,/novatel/oem7/fix,/novatel/oem7/odom,39.663,-75.756,-1.800575797,0.000990528,0.001087931,-0.000910320,-0.000390467,0.001087931,,,
1786043781165795796,1786043781.165311275,/novatel/oem7/inspva,/novatel/oem7/inspva,/novatel/oem7/inspva,39.663,-75.756,-1.800578204,0.001073717,0.001018358,-0.000457811,-0.000971225,0.001018358,,novatel_oem7_msgs.msg.InertialSolutionStatus(status=3),
1786043781167084929,1786043781.165416166,/novatel/oem7/fix,/novatel/oem7/fix,/novatel/oem7/inspva,39.663,-75.756,-1.800578204,0.001073717,0.001018358,-0.000457811,-0.000971225,0.001018358,,0,
1786043781168116987,1786043781.166197184,/novatel/oem7/odom,/novatel/oem7/fix,/novatel/oem7/odom,39.663,-75.756,-1.800578204,0.001078252,0.001013555,-0.000996268,-0.000412403,0.001013555,,,
1786043781176807997,1786043781.176065503,/novatel/oem7/odom,/novatel/oem7/fix,/novatel/oem7/odom,39.663,-75.756,-1.800578204,0.001078252,0.001013555,-0.000996268,-0.000412403,0.001013555,,,
1786043781185597202,1786043781.185109716,/novatel/oem7/inspva,/novatel/oem7/inspva,/novatel/oem7/inspva,39.663,-75.756,-1.800587580,0.000824757,0.000721954,-0.000544369,-0.000619586,0.000721954,,novatel_oem7_msgs.msg.InertialSolutionStatus(status=3),
1786043781186913819,1786043781.185189071,/novatel/oem7/fix,/novatel/oem7/fix,/novatel/oem7/inspva,39.663,-75.756,-1.800587580,0.000824757,0.000721954,-0.000544369,-0.000619586,0.000721954,,0,
1786043781187964133,1786043781.185662200,/novatel/oem7/odom,/novatel/oem7/fix,/novatel/oem7/odom,39.663,-75.756,-1.800587580,0.000828041,0.000718185,-0.000648175,-0.000515286,0.000718185,,,
1786043781195156389,1786043781.194508959,/novatel/oem7/odom,/novatel/oem7/fix,/novatel/oem7/odom,39.663,-75.756,-1.800587580,0.000828041,0.000718185,-0.000648175,-0.000515286,0.000718185,,,
1786043781207177603,1786043781.206707060,/novatel/oem7/inspva,/novatel/oem7/inspva,/novatel/oem7/inspva,39.663,-75.756,-1.800588368,0.001030117,0.001006692,-0.000613716,-0.000827341,0.001006692,,novatel_oem7_msgs.msg.InertialSolutionStatus(status=3),
1786043781208762928,1786043781.206782442,/novatel/oem7/fix,/novatel/oem7/fix,/novatel/oem7/inspva,39.663,-75.756,-1.800588368,0.001030117,0.001006692,-0.000613716,-0.000827341,0.001006692,,0,
1786043781209973857,1786043781.207339204,/novatel/oem7/odom,/novatel/oem7/fix,/novatel/oem7/odom,39.663,-75.756,-1.800588368,0.001034700,0.001001982,-0.000860137,-0.000575125,0.001001982,,,
1786043781211390919,1786043781.210202750,/novatel/oem7/bestpos,/novatel/oem7/bestpos,/novatel/oem7/odom,39.663,-75.756,33.181807854,0.001034700,0.001001982,-0.000860137,-0.000575125,0.001001982,,novatel_oem7_msgs.msg.SolutionStatus(status=0),novatel_oem7_msgs.msg.PositionOrVelocityType(type=53)
1786043781212308871,1786043781.210587077,/novatel/oem7/bestvel,/novatel/oem7/bestpos,/novatel/oem7/bestvel,39.663,-75.756,33.181807854,0.001082188,0.001063161,,,,224.415339059,novatel_oem7_msgs.msg.SolutionStatus(status=0),novatel_oem7_msgs.msg.PositionOrVelocityType(type=53)
1786043781215543084,1786043781.214886964,/novatel/oem7/odom,/novatel/oem7/bestpos,/novatel/oem7/odom,39.663,-75.756,33.181807854,0.001034700,0.001001982,-0.000860137,-0.000575125,0.001001982,,,
1786043781225641165,1786043781.225130790,/novatel/oem7/inspva,/novatel/oem7/inspva,/novatel/oem7/inspva,39.663,-75.756,-1.800598311,0.000999485,0.000826252,-0.000515778,-0.000856121,0.000826252,,novatel_oem7_msgs.msg.InertialSolutionStatus(status=3),
1786043781226967932,1786043781.225314599,/novatel/oem7/fix,/novatel/oem7/fix,/novatel/oem7/inspva,39.663,-75.756,-1.800598311,0.000999485,0.000826252,-0.000515778,-0.000856121,0.000826252,,0,
1786043781228017582,1786043781.225857720,/novatel/oem7/odom,/novatel/oem7/fix,/novatel/oem7/odom,39.663,-75.756,-1.800598311,0.001003223,0.000821709,-0.000883415,-0.000475430,0.000821709,,,
1786043781235483131,1786043781.234837088,/novatel/oem7/odom,/novatel/oem7/fix,/novatel/oem7/odom,39.663,-75.756,-1.800598311,0.001003223,0.000821709,-0.000883415,-0.000475430,0.000821709,,,
1786043781245831511,1786043781.245252602,/novatel/oem7/inspva,/novatel/oem7/inspva,/novatel/oem7/inspva,39.663,-75.756,-1.800600315,0.000964671,0.000931154,-0.000449862,-0.000853355,0.000931154,,novatel_oem7_msgs.msg.InertialSolutionStatus(status=3),
1786043781247151458,1786043781.245453451,/novatel/oem7/fix,/novatel/oem7/fix,/novatel/oem7/inspva,39.663,-75.756,-1.800600315,0.000964671,0.000931154,-0.000449862,-0.000853355,0.000931154,,0,
1786043781248192015,1786043781.245976316,/novatel/oem7/odom,/novatel/oem7/fix,/novatel/oem7/odom,39.663,-75.756,-1.800600315,0.000968858,0.000926796,-0.000877823,-0.000410016,0.000926796,,,
1786043781257078594,1786043781.256436525,/novatel/oem7/odom,/novatel/oem7/fix,/novatel/oem7/odom,39.663,-75.756,-1.800600315,0.000968858,0.000926796,-0.000877823,-0.000410016,0.000926796,,,
1786043781266608950,1786043781.266101349,/novatel/oem7/inspva,/novatel/oem7/inspva,/novatel/oem7/inspva,39.663,-75.756,-1.800610212,0.000915007,0.000724639,-0.000423612,-0.000811042,0.000724639,,novatel_oem7_msgs.msg.InertialSolutionStatus(status=3),
1786043781267884697,1786043781.266253817,/novatel/oem7/fix,/novatel/oem7/fix,/novatel/oem7/inspva,39.663,-75.756,-1.800610212,0.000915007,0.000724639,-0.000423612,-0.000811042,0.000724639,,0,
1786043781268919730,1786043781.266623817,/novatel/oem7/odom,/novatel/oem7/fix,/novatel/oem7/odom,39.663,-75.756,-1.800610212,0.000918257,0.000720516,-0.000833502,-0.000385318,0.000720516,,,
1786043781275345252,1786043781.274604071,/novatel/oem7/odom,/novatel/oem7/fix,/novatel/oem7/odom,39.663,-75.756,-1.800610212,0.000918257,0.000720516,-0.000833502,-0.000385318,0.000720516,,,
1786043781285862224,1786043781.285246538,/novatel/oem7/inspva,/novatel/oem7/inspva,/novatel/oem7/inspva,39.663,-75.756,-1.800613198,0.000888670,0.000899110,-0.000285278,-0.000841636,0.000899110,,novatel_oem7_msgs.msg.InertialSolutionStatus(status=3),
1786043781287206614,1786043781.285447243,/novatel/oem7/fix,/novatel/oem7/fix,/novatel/oem7/inspva,39.663,-75.756,-1.800613198,0.000888670,0.000899110,-0.000285278,-0.000841636,0.000899110,,0,
1786043781288241105,1786043781.285986255,/novatel/oem7/odom,/novatel/oem7/fix,/novatel/oem7/odom,39.663,-75.756,-1.800613198,0.000892545,0.000895263,-0.000857943,-0.000246110,0.000895263,,,
1786043781296190615,1786043781.295514188,/novatel/oem7/odom,/novatel/oem7/fix,/novatel/oem7/odom,39.663,-75.756,-1.800613198,0.000892545,0.000895263,-0.000857943,-0.000246110,0.000895263,,,
1786043781307304083,1786043781.306173858,/novatel/oem7/inspva,/novatel/oem7/inspva,/novatel/oem7/inspva,39.663,-75.756,-1.800622796,0.000952290,0.000678638,-0.000359291,-0.000881911,0.000678638,,novatel_oem7_msgs.msg.InertialSolutionStatus(status=3),
1786043781308139275,1786043781.306462258,/novatel/oem7/fix,/novatel/oem7/fix,/novatel/oem7/inspva,39.663,-75.756,-1.800622796,0.000952290,0.000678638,-0.000359291,-0.000881911,0.000678638,,0,
1786043781309621543,1786043781.306799764,/novatel/oem7/odom,/novatel/oem7/fix,/novatel/oem7/odom,39.663,-75.756,-1.800622796,0.000955262,0.000674447,-0.000900960,-0.000317486,0.000674447,,,
1786043781311138222,1786043781.309619386,/novatel/oem7/bestpos,/novatel/oem7/bestpos,/novatel/oem7/odom,39.663,-75.756,33.181770644,0.000955262,0.000674447,-0.000900960,-0.000317486,0.000674447,,novatel_oem7_msgs.msg.SolutionStatus(status=0),novatel_oem7_msgs.msg.PositionOrVelocityType(type=53)
1786043781312062334,1786043781.310289049,/novatel/oem7/bestvel,/novatel/oem7/bestpos,/novatel/oem7/bestvel,39.663,-75.756,33.181770644,0.000913849,0.000654043,,,,247.439068266,novatel_oem7_msgs.msg.SolutionStatus(status=0),novatel_oem7_msgs.msg.PositionOrVelocityType(type=53)
1786043781315070274,1786043781.314361950,/novatel/oem7/odom,/novatel/oem7/bestpos,/novatel/oem7/odom,39.663,-75.756,33.181770644,0.000955262,0.000674447,-0.000900960,-0.000317486,0.000674447,,,
1786043781327217673,1786043781.326629864,/novatel/oem7/inspva,/novatel/oem7/inspva,/novatel/oem7/inspva,39.663,-75.756,-1.800622170,0.001076750,0.001070365,-0.000551780,-0.000924624,0.001070365,,novatel_oem7_msgs.msg.InertialSolutionStatus(status=3),
1786043781328558870,1786043781.326801719,/novatel/oem7/fix,/novatel/oem7/fix,/novatel/oem7/inspva,39.663,-75.756,-1.800622170,0.001076750,0.001070365,-0.000551780,-0.000924624,0.001070365,,0,
1786043781329580863,1786043781.327282547,/novatel/oem7/odom,/novatel/oem7/fix,/novatel/oem7/odom,39.663,-75.756,-1.800622170,0.001081587,0.001065477,-0.000954494,-0.000508695,0.001065477,,,
1786043781335349765,1786043781.334657378,/novatel/oem7/odom,/novatel/oem7/fix,/novatel/oem7/odom,39.663,-75.756,-1.800622170,0.001081587,0.001065477,-0.000954494,-0.000508695,0.001065477,,,
1786043781345499717,1786043781.344906967,/novatel/oem7/inspva,/novatel/oem7/inspva,/novatel/oem7/inspva,39.663,-75.756,-1.800629568,0.001103518,0.001023148,-0.000615389,-0.000915995,0.001023148,,novatel_oem7_msgs.msg.InertialSolutionStatus(status=3),
1786043781346833037,1786043781.345053689,/novatel/oem7/fix,/novatel/oem7/fix,/novatel/oem7/inspva,39.663,-75.756,-1.800629568,0.001103518,0.001023148,-0.000615389,-0.000915995,0.001023148,,0,
1786043781347868537,1786043781.345507427,/novatel/oem7/odom,/novatel/oem7/fix,/novatel/oem7/odom,39.663,-75.756,-1.800629568,0.001108162,0.001018115,-0.000948813,-0.000572518,0.001018115,,,
1786043781356521054,1786043781.355789624,/novatel/oem7/odom,/novatel/oem7/fix,/novatel/oem7/odom,39.663,-75.756,-1.800629568,0.001108162,0.001018115,-0.000948813,-0.000572518,0.001018115,,,
1786043781365774847,1786043781.365189345,/novatel/oem7/inspva,/novatel/oem7/inspva,/novatel/oem7/inspva,39.663,-75.756,-1.800635213,0.000967259,0.000600649,-0.000161176,-0.000953735,0.000600649,,novatel_oem7_msgs.msg.InertialSolutionStatus(status=3),
1786043781367098868,1786043781.365363670,/novatel/oem7/fix,/novatel/oem7/fix,/novatel/oem7/inspva,39.663,-75.756,-1.800635213,0.000967259,0.000600649,-0.000161176,-0.000953735,0.000600649,,0,
1786043781368116165,1786043781.366052584,/novatel/oem7/odom,/novatel/oem7/fix,/novatel/oem7/odom,39.663,-75.756,-1.800635213,0.000969663,0.000596760,-0.000962712,-0.000115897,0.000596760,,,
1786043781375614313,1786043781.374808975,/novatel/oem7/odom,/novatel/oem7/fix,/novatel/oem7/odom,39.663,-75.756,-1.800635213,0.000969663,0.000596760,-0.000962712,-0.000115897,0.000596760,,,
1786043781386665051,1786043781.386042015,/novatel/oem7/inspva,/novatel/oem7/inspva,/novatel/oem7/inspva,39.663,-75.756,-1.800640682,0.000775316,0.000630299,-0.000335932,-0.000698759,0.000630299,,novatel_oem7_msgs.msg.InertialSolutionStatus(status=3),
1786043781388019468,1786043781.386222590,/novatel/oem7/fix,/novatel/oem7/fix,/novatel/oem7/inspva,39.663,-75.756,-1.800640682,0.000775316,0.000630299,-0.000335932,-0.000698759,0.000630299,,0,
1786043781389093856,1786043781.386604151,/novatel/oem7/odom,/novatel/oem7/fix,/novatel/oem7/odom,39.663,-75.756,-1.800640682,0.000778114,0.000626842,-0.000716695,-0.000303000,0.000626842,,,
1786043781395050445,1786043781.394364625,/novatel/oem7/odom,/novatel/oem7/fix,/novatel/oem7/odom,39.663,-75.756,-1.800640682,0.000778114,0.000626842,-0.000716695,-0.000303000,0.000626842,,,
1786043781406895221,1786043781.406297119,/novatel/oem7/inspva,/novatel/oem7/inspva,/novatel/oem7/inspva,39.663,-75.756,-1.800639363,0.000763319,0.000981807,-0.000213736,-0.000732785,0.000981807,,novatel_oem7_msgs.msg.InertialSolutionStatus(status=3),
1786043781408590455,1786043781.406489264,/novatel/oem7/fix,/novatel/oem7/fix,/novatel/oem7/inspva,39.663,-75.756,-1.800639363,0.000763319,0.000981807,-0.000213736,-0.000732785,0.000981807,,0,
1786043781409654372,1786043781.406940865,/novatel/oem7/odom,/novatel/oem7/fix,/novatel/oem7/odom,39.663,-75.756,-1.800639363,0.000767466,0.000978569,-0.000746011,-0.000180197,0.000978569,,,
1786043781411149497,1786043781.410214458,/novatel/oem7/bestpos,/novatel/oem7/bestpos,/novatel/oem7/odom,39.663,-75.756,33.181762256,0.000767466,0.000978569,-0.000746011,-0.000180197,0.000978569,,novatel_oem7_msgs.msg.SolutionStatus(status=0),novatel_oem7_msgs.msg.PositionOrVelocityType(type=53)
1786043781412058233,1786043781.410547301,/novatel/oem7/bestvel,/novatel/oem7/bestpos,/novatel/oem7/bestvel,39.663,-75.756,33.181762256,0.000925261,0.001193235,,,,228.477897706,novatel_oem7_msgs.msg.SolutionStatus(status=0),novatel_oem7_msgs.msg.PositionOrVelocityType(type=53)
1786043781416162778,1786043781.415509129,/novatel/oem7/odom,/novatel/oem7/bestpos,/novatel/oem7/odom,39.663,-75.756,33.181762256,0.000767466,0.000978569,-0.000746011,-0.000180197,0.000978569,,,
1786043781425701644,1786043781.425060540,/novatel/oem7/inspva,/novatel/oem7/inspva,/novatel/oem7/inspva,39.663,-75.756,-1.800645031,0.000935137,0.001012498,-0.000522993,-0.000775217,0.001012498,,novatel_oem7_msgs.msg.InertialSolutionStatus(status=3),
1786043781427027113,1786043781.425243862,/novatel/oem7/fix,/novatel/oem7/fix,/novatel/oem7/inspva,39.663,-75.756,-1.800645031,0.000935137,0.001012498,-0.000522993,-0.000775217,0.001012498,,0,
1786043781428050957,1786043781.425576362,/novatel/oem7/odom,/novatel/oem7/fix,/novatel/oem7/odom,39.663,-75.756,-1.800645031,0.000939737,0.001008230,-0.000803641,-0.000487099,0.001008230,,,
1786043781435050204,1786043781.434363181,/novatel/oem7/odom,/novatel/oem7/fix,/novatel/oem7/odom,39.663,-75.756,-1.800645031,0.000939737,0.001008230,-0.000803641,-0.000487099,0.001008230,,,
1786043781447881113,1786043781.447277614,/novatel/oem7/inspva,/novatel/oem7/inspva,/novatel/oem7/inspva,39.663,-75.756,-1.800649814,0.000610281,0.000493988,-0.000331237,-0.000512567,0.000493988,,novatel_oem7_msgs.msg.InertialSolutionStatus(status=3),
1786043781449217163,1786043781.447467283,/novatel/oem7/fix,/novatel/oem7/fix,/novatel/oem7/inspva,39.663,-75.756,-1.800649814,0.000610281,0.000493988,-0.000331237,-0.000512567,0.000493988,,0,
1786043781450238877,1786043781.447792859,/novatel/oem7/odom,/novatel/oem7/fix,/novatel/oem7/odom,39.663,-75.756,-1.800649814,0.000612516,0.000491214,-0.000529991,-0.000307061,0.000491214,,,
1786043781457500964,1786043781.456824614,/novatel/oem7/odom,/novatel/oem7/fix,/novatel/oem7/odom,39.663,-75.756,-1.800649814,0.000612516,0.000491214,-0.000529991,-0.000307061,0.000491214,,,
1786043781465512137,1786043781.464903544,/novatel/oem7/inspva,/novatel/oem7/inspva,/novatel/oem7/inspva,39.663,-75.756,-1.800653626,0.000970116,0.000904790,-0.000670489,-0.000701121,0.000904790,,novatel_oem7_msgs.msg.InertialSolutionStatus(status=3),
1786043781466836250,1786043781.465083526,/novatel/oem7/fix,/novatel/oem7/fix,/novatel/oem7/inspva,39.663,-75.756,-1.800653626,0.000970116,0.000904790,-0.000670489,-0.000701121,0.000904790,,0,
1786043781467850378,1786043781.465417886,/novatel/oem7/odom,/novatel/oem7/fix,/novatel/oem7/odom,39.663,-75.756,-1.800653626,0.000974222,0.000900367,-0.000736452,-0.000637767,0.000900367,,,
1786043781477278745,1786043781.476619547,/novatel/oem7/odom,/novatel/oem7/fix,/novatel/oem7/odom,39.663,-75.756,-1.800653626,0.000974222,0.000900367,-0.000736452,-0.000637767,0.000900367,,,
1786043781486070074,1786043781.485498761,/novatel/oem7/inspva,/novatel/oem7/inspva,/novatel/oem7/inspva,39.663,-75.756,-1.800657707,0.000469729,0.000510934,-0.000174538,-0.000436098,0.000510934,,novatel_oem7_msgs.msg.InertialSolutionStatus(status=3),
1786043781487414778,1786043781.485649887,/novatel/oem7/fix,/novatel/oem7/fix,/novatel/oem7/inspva,39.663,-75.756,-1.800657707,0.000469729,0.000510934,-0.000174538,-0.000436098,0.000510934,,0,
1786043781488477105,1786043781.486486521,/novatel/oem7/odom,/novatel/oem7/fix,/novatel/oem7/odom,39.663,-75.756,-1.800657707,0.000471960,0.000508873,-0.000446009,-0.000154344,0.000508873,,,
1786043781495329400,1786043781.494663462,/novatel/oem7/odom,/novatel/oem7/fix,/novatel/oem7/odom,39.663,-75.756,-1.800657707,0.000471960,0.000508873,-0.000446009,-0.000154344,0.000508873,,,
1786043781506706225,1786043781.506089365,/novatel/oem7/inspva,/novatel/oem7/inspva,/novatel/oem7/inspva,39.663,-75.756,-1.800662509,0.000873821,0.000669765,-0.000469305,-0.000737099,0.000669765,,novatel_oem7_msgs.msg.InertialSolutionStatus(status=3),
1786043781508299347,1786043781.506237657,/novatel/oem7/fix,/novatel/oem7/fix,/novatel/oem7/inspva,39.663,-75.756,-1.800662509,0.000873821,0.000669765,-0.000469305,-0.000737099,0.000669765,,0,
1786043781509489726,1786043781.506681878,/novatel/oem7/odom,/novatel/oem7/fix,/novatel/oem7/odom,39.663,-75.756,-1.800662509,0.000876856,0.000665786,-0.000761667,-0.000434443,0.000665786,,,
1786043781512045342,1786043781.511366165,/novatel/oem7/bestpos,/novatel/oem7/bestpos,/novatel/oem7/odom,39.663,-75.756,33.181728888,0.000876856,0.000665786,-0.000761667,-0.000434443,0.000665786,,novatel_oem7_msgs.msg.SolutionStatus(status=0),novatel_oem7_msgs.msg.PositionOrVelocityType(type=53)
1786043781513516230,1786043781.511857020,/novatel/oem7/bestvel,/novatel/oem7/bestpos,/novatel/oem7/bestvel,39.663,-75.756,33.181728888,0.000517123,0.000411500,,,,232.762088625,novatel_oem7_msgs.msg.SolutionStatus(status=0),novatel_oem7_msgs.msg.PositionOrVelocityType(type=53)
1786043781515123383,1786043781.514409376,/novatel/oem7/odom,/novatel/oem7/bestpos,/novatel/oem7/odom,39.663,-75.756,33.181728888,0.000876856,0.000665786,-0.000761667,-0.000434443,0.000665786,,,
1786043781525861514,1786043781.525274525,/novatel/oem7/inspva,/novatel/oem7/inspva,/novatel/oem7/inspva,39.663,-75.756,-1.800661459,0.000400433,0.000884892,-0.000227371,-0.000329620,0.000884892,,novatel_oem7_msgs.msg.InertialSolutionStatus(status=3),
1786043781527247741,1786043781.525448933,/novatel/oem7/fix,/novatel/oem7/fix,/novatel/oem7/inspva,39.663,-75.756,-1.800661459,0.000400433,0.000884892,-0.000227371,-0.000329620,0.000884892,,0,
1786043781528281878,1786043781.526031055,/novatel/oem7/odom,/novatel/oem7/fix,/novatel/oem7/odom,39.663,-75.756,-1.800661459,0.000404460,0.000883058,-0.000343628,-0.000213325,0.000883058,,,
1786043781536254209,1786043781.535578282,/novatel/oem7/odom,/novatel/oem7/fix,/novatel/oem7/odom,39.663,-75.756,-1.800661459,0.000404460,0.000883058,-0.000343628,-0.000213325,0.000883058,,,
1786043781545815005,1786043781.545176758,/novatel/oem7/inspva,/novatel/oem7/inspva,/novatel/oem7/inspva,39.663,-75.756,-1.800665166,0.001059820,0.001096205,-0.000689739,-0.000804661,0.001096205,,novatel_oem7_msgs.msg.InertialSolutionStatus(status=3),
1786043781547160738,1786043781.545318603,/novatel/oem7/fix,/novatel/oem7/fix,/novatel/oem7/inspva,39.663,-75.756,-1.800665166,0.001059820,0.001096205,-0.000689739,-0.000804661,0.001096205,,0,
1786043781548238602,1786043781.545718237,/novatel/oem7/odom,/novatel/oem7/fix,/novatel/oem7/odom,39.663,-75.756,-1.800665166,0.001064831,0.001091339,-0.000841533,-0.000652447,0.001091339,,,
1786043781556280543,1786043781.555587643,/novatel/oem7/odom,/novatel/oem7/fix,/novatel/oem7/odom,39.663,-75.756,-1.800665166,0.001064831,0.001091339,-0.000841533,-0.000652447,0.001091339,,,
1786043781567200540,1786043781.566616911,/novatel/oem7/inspva,/novatel/oem7/inspva,/novatel/oem7/inspva,39.663,-75.756,-1.800667137,0.000515555,0.000660041,-0.000510271,0.000073618,0.000660041,,novatel_oem7_msgs.msg.InertialSolutionStatus(status=3),
1786043781568605544,1786043781.566765145,/novatel/oem7/fix,/novatel/oem7/fix,/novatel/oem7/inspva,39.663,-75.756,-1.800667137,0.000515555,0.000660041,-0.000510271,0.000073618,0.000660041,,0,
1786043781569666468,1786043781.567457399,/novatel/oem7/odom,/novatel/oem7/fix,/novatel/oem7/odom,39.663,-75.756,-1.800667137,0.000517078,0.000658848,0.000046102,-0.000515019,0.000658848,,,
1786043781575302808,1786043781.574592001,/novatel/oem7/odom,/novatel/oem7/fix,/novatel/oem7/odom,39.663,-75.756,-1.800667137,0.000517078,0.000658848,0.000046102,-0.000515019,0.000658848,,,
1786043781585697293,1786043781.585085970,/novatel/oem7/inspva,/novatel/oem7/inspva,/novatel/oem7/inspva,39.663,-75.756,-1.800669489,0.000924845,0.000846584,-0.000632230,-0.000674999,0.000846584,,novatel_oem7_msgs.msg.InertialSolutionStatus(status=3),
1786043781587025712,1786043781.585224588,/novatel/oem7/fix,/novatel/oem7/fix,/novatel/oem7/inspva,39.663,-75.756,-1.800669489,0.000924845,0.000846584,-0.000632230,-0.000674999,0.000846584,,0,
1786043781588040606,1786043781.585603698,/novatel/oem7/odom,/novatel/oem7/fix,/novatel/oem7/odom,39.663,-75.756,-1.800669489,0.000928699,0.000842355,-0.000708285,-0.000600678,0.000842355,,,
1786043781596261745,1786043781.595562952,/novatel/oem7/odom,/novatel/oem7/fix,/novatel/oem7/odom,39.663,-75.756,-1.800669489,0.000928699,0.000842355,-0.000708285,-0.000600678,0.000842355,,,
1786043781607167635,1786043781.606545008,/novatel/oem7/inspva,/novatel/oem7/inspva,/novatel/oem7/inspva,39.663,-75.756,-1.800667479,0.000778572,0.000846351,-0.000564889,-0.000535793,0.000846351,,novatel_oem7_msgs.msg.InertialSolutionStatus(status=3),
1786043781608604579,1786043781.606699974,/novatel/oem7/fix,/novatel/oem7/fix,/novatel/oem7/inspva,39.663,-75.756,-1.800667479,0.000778572,0.000846351,-0.000564889,-0.000535793,0.000846351,,0,
1786043781609703957,1786043781.607146975,/novatel/oem7/odom,/novatel/oem7/fix,/novatel/oem7/odom,39.663,-75.756,-1.800667479,0.000782395,0.000842818,-0.000565935,-0.000540241,0.000842818,,,
1786043781611297166,1786043781.610394321,/novatel/oem7/bestpos,/novatel/oem7/bestpos,/novatel/oem7/odom,39.663,-75.756,33.181722521,0.000782395,0.000842818,-0.000565935,-0.000540241,0.000842818,,novatel_oem7_msgs.msg.SolutionStatus(status=0),novatel_oem7_msgs.msg.PositionOrVelocityType(type=53)
1786043781612686444,1786043781.610889916,/novatel/oem7/bestvel,/novatel/oem7/bestpos,/novatel/oem7/bestvel,39.663,-75.756,33.181722521,0.000978847,0.000969538,,,,238.385602918,novatel_oem7_msgs.msg.SolutionStatus(status=0),novatel_oem7_msgs.msg.PositionOrVelocityType(type=53)
1786043781615406208,1786043781.614681224,/novatel/oem7/odom,/novatel/oem7/bestpos,/novatel/oem7/odom,39.663,-75.756,33.181722521,0.000782395,0.000842818,-0.000565935,-0.000540241,0.000842818,,,
1786043781626860090,1786043781.626228420,/novatel/oem7/inspva,/novatel/oem7/inspva,/novatel/oem7/inspva,39.663,-75.756,-1.800668500,0.000964367,0.001119839,-0.000729384,-0.000630874,0.001119839,,novatel_oem7_msgs.msg.InertialSolutionStatus(status=3),
1786043781628280024,1786043781.626396158,/novatel/oem7/fix,/novatel/oem7/fix,/novatel/oem7/inspva,39.663,-75.756,-1.800668500,0.000964367,0.001119839,-0.000729384,-0.000630874,0.001119839,,0,
1786043781629310477,1786043781.626906403,/novatel/oem7/odom,/novatel/oem7/fix,/novatel/oem7/odom,39.663,-75.756,-1.800668500,0.000969399,0.001115485,-0.000669988,-0.000700608,0.001115485,,,
1786043781635456723,1786043781.634734559,/novatel/oem7/odom,/novatel/oem7/fix,/novatel/oem7/odom,39.663,-75.756,-1.800668500,0.000969399,0.001115485,-0.000669988,-0.000700608,0.001115485,,,
1786043781645650259,1786043781.645067593,/novatel/oem7/inspva,/novatel/oem7/inspva,/novatel/oem7/inspva,39.663,-75.756,-1.800663278,0.000614416,0.001151263,-0.000419565,-0.000448857,0.001151263,,novatel_oem7_msgs.msg.InertialSolutionStatus(status=3),
1786043781647101360,1786043781.645155499,/novatel/oem7/fix,/novatel/oem7/fix,/novatel/oem7/inspva,39.663,-75.756,-1.800663278,0.000614416,0.001151263,-0.000419565,-0.000448857,0.001151263,,0,
1786043781648147764,1786043781.645829440,/novatel/oem7/odom,/novatel/oem7/fix,/novatel/oem7/odom,39.663,-75.756,-1.800663278,0.000619663,0.001148448,-0.000473138,-0.000400153,0.001148448,,,
1786043781657009233,1786043781.656298433,/novatel/oem7/odom,/novatel/oem7/fix,/novatel/oem7/odom,39.663,-75.756,-1.800663278,0.000619663,0.001148448,-0.000473138,-0.000400153,0.001148448,,,
1786043781665613893,1786043781.665028880,/novatel/oem7/inspva,/novatel/oem7/inspva,/novatel/oem7/inspva,39.663,-75.756,-1.800663976,0.000798763,0.000940867,-0.000482660,-0.000636444,0.000940867,,novatel_oem7_msgs.msg.InertialSolutionStatus(status=3),
1786043781667052501,1786043781.665112771,/novatel/oem7/fix,/novatel/oem7/fix,/novatel/oem7/inspva,39.663,-75.756,-1.800663976,0.000798763,0.000940867,-0.000482660,-0.000636444,0.000940867,,0,
1786043781668085257,1786043781.665551826,/novatel/oem7/odom,/novatel/oem7/fix,/novatel/oem7/odom,39.663,-75.756,-1.800663976,0.000803061,0.000937201,-0.000662801,-0.000453434,0.000937201,,,
1786043781675104295,1786043781.674398878,/novatel/oem7/odom,/novatel/oem7/fix,/novatel/oem7/odom,39.663,-75.756,-1.800663976,0.000803061,0.000937201,-0.000662801,-0.000453434,0.000937201,,,
1786043781686838473,1786043781.686278910,/novatel/oem7/inspva,/novatel/oem7/inspva,/novatel/oem7/inspva,39.663,-75.756,-1.800656741,0.000637783,0.001260267,-0.000462144,-0.000439534,0.001260267,,novatel_oem7_msgs.msg.InertialSolutionStatus(status=3),
1786043781688239134,1786043781.686364455,/novatel/oem7/fix,/novatel/oem7/fix,/novatel/oem7/inspva,39.663,-75.756,-1.800656741,0.000637783,0.001260267,-0.000462144,-0.000439534,0.001260267,,0,
1786043781689276654,1786043781.687057348,/novatel/oem7/odom,/novatel/oem7/fix,/novatel/oem7/odom,39.663,-75.756,-1.800656741,0.000643491,0.001257362,-0.000466322,-0.000443423,0.001257362,,,
1786043781695565457,1786043781.694793640,/novatel/oem7/odom,/novatel/oem7/fix,/novatel/oem7/odom,39.663,-75.756,-1.800656741,0.000643491,0.001257362,-0.000466322,-0.000443423,0.001257362,,,
1786043781706501777,1786043781.705874531,/novatel/oem7/inspva,/novatel/oem7/inspva,/novatel/oem7/inspva,39.663,-75.756,-1.800657758,0.000551189,0.001083175,-0.000269260,-0.000480945,0.001083175,,novatel_oem7_msgs.msg.InertialSolutionStatus(status=3),
1786043781707885071,1786043781.706046373,/novatel/oem7/fix,/novatel/oem7/fix,/novatel/oem7/inspva,39.663,-75.756,-1.800657758,0.000551189,0.001083175,-0.000269260,-0.000480945,0.001083175,,0,
1786043781708962308,1786043781.706454930,/novatel/oem7/odom,/novatel/oem7/fix,/novatel/oem7/odom,39.663,-75.756,-1.800657758,0.000556085,0.001080670,-0.000497581,-0.000248280,0.001080670,,,
1786043781710533661,1786043781.709444350,/novatel/oem7/bestpos,/novatel/oem7/bestpos,/novatel/oem7/odom,39.663,-75.756,33.181726306,0.000556085,0.001080670,-0.000497581,-0.000248280,0.001080670,,novatel_oem7_msgs.msg.SolutionStatus(status=0),novatel_oem7_msgs.msg.PositionOrVelocityType(type=53)
1786043781711957145,1786043781.710051939,/novatel/oem7/bestvel,/novatel/oem7/bestpos,/novatel/oem7/bestvel,39.663,-75.756,33.181726306,0.000534371,0.001049976,,,,248.171604771,novatel_oem7_msgs.msg.SolutionStatus(status=0),novatel_oem7_msgs.msg.PositionOrVelocityType(type=53)
1786043781716148168,1786043781.715398503,/novatel/oem7/odom,/novatel/oem7/bestpos,/novatel/oem7/odom,39.663,-75.756,33.181726306,0.000556085,0.001080670,-0.000497581,-0.000248280,0.001080670,,,
1786043781726146065,1786043781.725382710,/novatel/oem7/inspva,/novatel/oem7/inspva,/novatel/oem7/inspva,39.663,-75.756,-1.800651114,0.000765710,0.001036172,-0.000205736,-0.000737554,0.001036172,,novatel_oem7_msgs.msg.InertialSolutionStatus(status=3),
1786043781728131595,1786043781.725583199,/novatel/oem7/fix,/novatel/oem7/fix,/novatel/oem7/inspva,39.663,-75.756,-1.800651114,0.000765710,0.001036172,-0.000205736,-0.000737554,0.001036172,,0,
1786043781729300327,1786043781.726269422,/novatel/oem7/odom,/novatel/oem7/fix,/novatel/oem7/odom,39.663,-75.756,-1.800651114,0.000770074,0.001032934,-0.000750586,-0.000172148,0.001032934,,,
1786043781735666921,1786043781.734863123,/novatel/oem7/odom,/novatel/oem7/fix,/novatel/oem7/odom,39.663,-75.756,-1.800651114,0.000770074,0.001032934,-0.000750586,-0.000172148,0.001032934,,,
1786043781746709942,1786043781.745970191,/novatel/oem7/inspva,/novatel/oem7/inspva,/novatel/oem7/inspva,39.663,-75.756,-1.800645616,0.000536005,0.001227722,-0.000062010,-0.000532405,0.001227722,,novatel_oem7_msgs.msg.InertialSolutionStatus(status=3),
1786043781748212197,1786043781.746124579,/novatel/oem7/fix,/novatel/oem7/fix,/novatel/oem7/inspva,39.663,-75.756,-1.800645616,0.000536005,0.001227722,-0.000062010,-0.000532405,0.001227722,,0,
1786043781749338711,1786043781.746537630,/novatel/oem7/odom,/novatel/oem7/fix,/novatel/oem7/odom,39.663,-75.756,-1.800645616,0.000540789,0.001225622,-0.000539369,-0.000039170,0.001225622,,,
1786043781756604951,1786043781.755828507,/novatel/oem7/odom,/novatel/oem7/fix,/novatel/oem7/odom,39.663,-75.756,-1.800645616,0.000540789,0.001225622,-0.000539369,-0.000039170,0.001225622,,,
1786043781765852450,1786043781.765144123,/novatel/oem7/inspva,/novatel/oem7/inspva,/novatel/oem7/inspva,39.663,-75.756,-1.800635890,0.000665715,0.001338214,0.000158560,-0.000646556,0.001338214,,novatel_oem7_msgs.msg.InertialSolutionStatus(status=3),
1786043781767322752,1786043781.765304905,/novatel/oem7/fix,/novatel/oem7/fix,/novatel/oem7/inspva,39.663,-75.756,-1.800635890,0.000665715,0.001338214,0.000158560,-0.000646556,0.001338214,,0,
1786043781768510777,1786043781.765808840,/novatel/oem7/odom,/novatel/oem7/fix,/novatel/oem7/odom,39.663,-75.756,-1.800635890,0.000669489,0.001336330,-0.000643009,0.000186426,0.001336330,,,
1786043781776192961,1786043781.775410657,/novatel/oem7/odom,/novatel/oem7/fix,/novatel/oem7/odom,39.663,-75.756,-1.800635890,0.000669489,0.001336330,-0.000643009,0.000186426,0.001336330,,,
1786043781785879932,1786043781.785182259,/novatel/oem7/inspva,/novatel/oem7/inspva,/novatel/oem7/inspva,39.663,-75.756,-1.800630281,0.000535594,0.001320834,0.000294222,-0.000447542,0.001320834,,novatel_oem7_msgs.msg.InertialSolutionStatus(status=3),
1786043781787294830,1786043781.785319043,/novatel/oem7/fix,/novatel/oem7/fix,/novatel/oem7/inspva,39.663,-75.756,-1.800630281,0.000535594,0.001320834,0.000294222,-0.000447542,0.001320834,,0,
1786043781788383737,1786043781.785633806,/novatel/oem7/odom,/novatel/oem7/fix,/novatel/oem7/odom,39.663,-75.756,-1.800630281,0.000537510,0.001320055,-0.000437527,0.000312230,0.001320055,,,
1786043781795116875,1786043781.794412045,/novatel/oem7/odom,/novatel/oem7/fix,/novatel/oem7/odom,39.663,-75.756,-1.800630281,0.000537510,0.001320055,-0.000437527,0.000312230,0.001320055,,,
1786043781806666728,1786043781.806098032,/novatel/oem7/inspva,/novatel/oem7/inspva,/novatel/oem7/inspva,39.663,-75.756,-1.800615902,0.000550638,0.001424351,-0.000359312,-0.000417250,0.001424351,,novatel_oem7_msgs.msg.InertialSolutionStatus(status=3),
1786043781808135503,1786043781.806263231,/novatel/oem7/fix,/novatel/oem7/fix,/novatel/oem7/inspva,39.663,-75.756,-1.800615902,0.000550638,0.001424351,-0.000359312,-0.000417250,0.001424351,,0,
1786043781809272901,1786043781.806783482,/novatel/oem7/odom,/novatel/oem7/fix,/novatel/oem7/odom,39.663,-75.756,-1.800615902,0.000557164,0.001421811,-0.000439628,-0.000342284,0.001421811,,,
1786043781811274054,1786043781.810328538,/novatel/oem7/bestpos,/novatel/oem7/bestpos,/novatel/oem7/odom,39.663,-75.756,33.181764492,0.000557164,0.001421811,-0.000439628,-0.000342284,0.001421811,,novatel_oem7_msgs.msg.SolutionStatus(status=0),novatel_oem7_msgs.msg.PositionOrVelocityType(type=53)
1786043781812734569,1786043781.810857367,/novatel/oem7/bestvel,/novatel/oem7/bestpos,/novatel/oem7/bestvel,39.663,-75.756,33.181764492,0.000856905,0.001601991,,,,246.868274834,novatel_oem7_msgs.msg.SolutionStatus(status=0),novatel_oem7_msgs.msg.PositionOrVelocityType(type=53)
1786043781815976571,1786043781.815220611,/novatel/oem7/odom,/novatel/oem7/bestpos,/novatel/oem7/odom,39.663,-75.756,33.181764492,0.000557164,0.001421811,-0.000439628,-0.000342284,0.001421811,,,
1786043781826873244,1786043781.826161757,/novatel/oem7/inspva,/novatel/oem7/inspva,/novatel/oem7/inspva,39.663,-75.756,-1.800607832,0.000298897,0.001388829,0.000083680,-0.000286944,0.001388829,,novatel_oem7_msgs.msg.InertialSolutionStatus(status=3),
1786043781828284725,1786043781.826327525,/novatel/oem7/fix,/novatel/oem7/fix,/novatel/oem7/inspva,39.663,-75.756,-1.800607832,0.000298897,0.001388829,0.000083680,-0.000286944,0.001388829,,0,
1786043781829478654,1786043781.826679742,/novatel/oem7/odom,/novatel/oem7/fix,/novatel/oem7/odom,39.663,-75.756,-1.800607832,0.000302603,0.001388026,-0.000287671,0.000093883,0.001388026,,,
1786043781836136631,1786043781.835411470,/novatel/oem7/odom,/novatel/oem7/fix,/novatel/oem7/odom,39.663,-75.756,-1.800607832,0.000302603,0.001388026,-0.000287671,0.000093883,0.001388026,,,
1786043781847259466,1786043781.846536956,/novatel/oem7/inspva,/novatel/oem7/inspva,/novatel/oem7/inspva,39.663,-75.756,-1.800596912,0.000548393,0.001126580,-0.000540423,-0.000093151,0.001126580,,novatel_oem7_msgs.msg.InertialSolutionStatus(status=3),
1786043781848725731,1786043781.846731678,/novatel/oem7/fix,/novatel/oem7/fix,/novatel/oem7/inspva,39.663,-75.756,-1.800596912,0.000548393,0.001126580,-0.000540423,-0.000093151,0.001126580,,0,
1786043781849895613,1786043781.847169235,/novatel/oem7/odom,/novatel/oem7/fix,/novatel/oem7/odom,39.663,-75.756,-1.800596912,0.000552289,0.001124675,-0.000123690,-0.000538260,0.001124675,,,
1786043781857265080,1786043781.856540929,/novatel/oem7/odom,/novatel/oem7/fix,/novatel/oem7/odom,39.663,-75.756,-1.800596912,0.000552289,0.001124675,-0.000123690,-0.000538260,0.001124675,,,
1786043781866712262,1786043781.866024885,/novatel/oem7/inspva,/novatel/oem7/inspva,/novatel/oem7/inspva,39.663,-75.756,-1.800588506,0.000311661,0.001045958,0.000200141,-0.000238907,0.001045958,,novatel_oem7_msgs.msg.InertialSolutionStatus(status=3),
1786043781868208837,1786043781.866238137,/novatel/oem7/fix,/novatel/oem7/fix,/novatel/oem7/inspva,39.663,-75.756,-1.800588506,0.000311661,0.001045958,0.000200141,-0.000238907,0.001045958,,0,
1786043781869403069,1786043781.866829300,/novatel/oem7/odom,/novatel/oem7/fix,/novatel/oem7/odom,39.663,-75.756,-1.800588506,0.000312641,0.001045666,-0.000232724,0.000208767,0.001045666,,,
1786043781875342165,1786043781.874580744,/novatel/oem7/odom,/novatel/oem7/fix,/novatel/oem7/odom,39.663,-75.756,-1.800588506,0.000312641,0.001045666,-0.000232724,0.000208767,0.001045666,,,
1786043781885764640,1786043781.885084463,/novatel/oem7/inspva,/novatel/oem7/inspva,/novatel/oem7/inspva,39.663,-75.756,-1.800573860,0.000463660,0.001387475,-0.000347455,-0.000307010,0.001387475,,novatel_oem7_msgs.msg.InertialSolutionStatus(status=3),
1786043781887215451,1786043781.885311362,/novatel/oem7/fix,/novatel/oem7/fix,/novatel/oem7/inspva,39.663,-75.756,-1.800573860,0.000463660,0.001387475,-0.000347455,-0.000307010,0.001387475,,0,
1786043781888377416,1786043781.885833837,/novatel/oem7/odom,/novatel/oem7/fix,/novatel/oem7/odom,39.663,-75.756,-1.800573860,0.000469967,0.001385351,-0.000328826,-0.000335772,0.001385351,,,
1786043781896246579,1786043781.895517754,/novatel/oem7/odom,/novatel/oem7/fix,/novatel/oem7/odom,39.663,-75.756,-1.800573860,0.000469967,0.001385351,-0.000328826,-0.000335772,0.001385351,,,
1786043781906412048,1786043781.905815022,/novatel/oem7/inspva,/novatel/oem7/inspva,/novatel/oem7/inspva,39.663,-75.756,-1.800567339,0.000172389,0.001346832,0.000148217,-0.000088032,0.001346832,,novatel_oem7_msgs.msg.InertialSolutionStatus(status=3),
1786043781907948459,1786043781.906005170,/novatel/oem7/fix,/novatel/oem7/fix,/novatel/oem7/inspva,39.663,-75.756,-1.800567339,0.000172389,0.001346832,0.000148217,-0.000088032,0.001346832,,0,
1786043781909135175,1786043781.906491758,/novatel/oem7/odom,/novatel/oem7/fix,/novatel/oem7/odom,39.663,-75.756,-1.800567339,0.000171641,0.001346928,-0.000085710,0.000148709,0.001346928,,,
1786043781910840428,1786043781.909688464,/novatel/oem7/bestpos,/novatel/oem7/bestpos,/novatel/oem7/odom,39.663,-75.756,33.181798694,0.000171641,0.001346928,-0.000085710,0.000148709,0.001346928,,novatel_oem7_msgs.msg.SolutionStatus(status=0),novatel_oem7_msgs.msg.PositionOrVelocityType(type=53)
1786043781912365917,1786043781.910405481,/novatel/oem7/bestvel,/novatel/oem7/bestpos,/novatel/oem7/bestvel,39.663,-75.756,33.181798694,0.000466733,0.001168526,,,,94.327714193,novatel_oem7_msgs.msg.SolutionStatus(status=0),novatel_oem7_msgs.msg.PositionOrVelocityType(type=53)
1786043781915075005,1786043781.914369741,/novatel/oem7/odom,/novatel/oem7/bestpos,/novatel/oem7/odom,39.663,-75.756,33.181798694,0.000171641,0.001346928,-0.000085710,0.000148709,0.001346928,,,
1786043781927278814,1786043781.926715388,/novatel/oem7/inspva,/novatel/oem7/inspva,/novatel/oem7/inspva,39.663,-75.756,-1.800555964,0.000359891,0.000985958,-0.000344482,-0.000104181,0.000985958,,novatel_oem7_msgs.msg.InertialSolutionStatus(status=3),
1786043781928793973,1786043781.926900704,/novatel/oem7/fix,/novatel/oem7/fix,/novatel/oem7/inspva,39.663,-75.756,-1.800555964,0.000359891,0.000985958,-0.000344482,-0.000104181,0.000985958,,0,
1786043781929934790,1786043781.927441519,/novatel/oem7/odom,/novatel/oem7/fix,/novatel/oem7/odom,39.663,-75.756,-1.800555964,0.000363639,0.000984582,-0.000124593,-0.000341628,0.000984582,,,
1786043781936311265,1786043781.935623481,/novatel/oem7/odom,/novatel/oem7/fix,/novatel/oem7/odom,39.663,-75.756,-1.800555964,0.000363639,0.000984582,-0.000124593,-0.000341628,0.000984582,,,
1786043781945767330,1786043781.945179524,/novatel/oem7/inspva,/novatel/oem7/inspva,/novatel/oem7/inspva,39.663,-75.756,-1.800545549,0.000042511,0.001126624,-0.000032093,0.000027880,0.001126624,,novatel_oem7_msgs.msg.InertialSolutionStatus(status=3),
1786043781947183994,1786043781.945364279,/novatel/oem7/fix,/novatel/oem7/fix,/novatel/oem7/inspva,39.663,-75.756,-1.800545549,0.000042511,0.001126624,-0.000032093,0.000027880,0.001126624,,0,
1786043781948279355,1786043781.945753936,/novatel/oem7/odom,/novatel/oem7/fix,/novatel/oem7/odom,39.663,-75.756,-1.800545549,0.000042612,0.001126620,0.000022068,-0.000036453,0.001126620,,,
1786043781956306019,1786043781.955633883,/novatel/oem7/odom,/novatel/oem7/fix,/novatel/oem7/odom,39.663,-75.756,-1.800545549,0.000042612,0.001126620,0.000022068,-0.000036453,0.001126620,,,
1786043781966119768,1786043781.965516965,/novatel/oem7/inspva,/novatel/oem7/inspva,/novatel/oem7/inspva,39.663,-75.756,-1.800532386,0.000475270,0.001068159,-0.000267231,-0.000393025,0.001068159,,novatel_oem7_msgs.msg.InertialSolutionStatus(status=3),
1786043781967589539,1786043781.965705850,/novatel/oem7/fix,/novatel/oem7/fix,/novatel/oem7/inspva,39.663,-75.756,-1.800532386,0.000475270,0.001068159,-0.000267231,-0.000393025,0.001068159,,0,
1786043781968729741,1786043781.966589196,/novatel/oem7/odom,/novatel/oem7/fix,/novatel/oem7/odom,39.663,-75.756,-1.800532386,0.000480185,0.001065958,-0.000409635,-0.000250553,0.001065958,,,
1786043781975447518,1786043781.974718395,/novatel/oem7/odom,/novatel/oem7/fix,/novatel/oem7/odom,39.663,-75.756,-1.800532386,0.000480185,0.001065958,-0.000409635,-0.000250553,0.001065958,,,
1786043781985982564,1786043781.985405125,/novatel/oem7/inspva,/novatel/oem7/inspva,/novatel/oem7/inspva,39.663,-75.756,-1.800522666,0.000185786,0.001216065,0.000107650,-0.000151420,0.001216065,,novatel_oem7_msgs.msg.InertialSolutionStatus(status=3),
1786043781987376012,1786043781.985576224,/novatel/oem7/fix,/novatel/oem7/fix,/novatel/oem7/inspva,39.663,-75.756,-1.800522666,0.000185786,0.001216065,0.000107650,-0.000151420,0.001216065,,0,
1786043781988500096,1786043781.986163626,/novatel/oem7/odom,/novatel/oem7/fix,/novatel/oem7/odom,39.663,-75.756,-1.800522666,0.000187412,0.001215815,-0.000150521,0.000111654,0.001215815,,,
1786043781995323685,1786043781.994598868,/novatel/oem7/odom,/novatel/oem7/fix,/novatel/oem7/odom,39.663,-75.756,-1.800522666,0.000187412,0.001215815,-0.000150521,0.000111654,0.001215815,,,
1786043782009127087,1786043782.008528181,/novatel/oem7/inspva,/novatel/oem7/inspva,/novatel/oem7/inspva,39.663,-75.756,-1.800511612,0.000457963,0.000800816,0.000141379,-0.000435594,0.000800816,,novatel_oem7_msgs.msg.InertialSolutionStatus(status=3),
1786043782010583508,1786043782.008738567,/novatel/oem7/fix,/novatel/oem7/fix,/novatel/oem7/inspva,39.663,-75.756,-1.800511612,0.000457963,0.000800816,0.000141379,-0.000435594,0.000800816,,0,
1786043782011717013,1786043782.010003983,/novatel/oem7/odom,/novatel/oem7/fix,/novatel/oem7/odom,39.663,-75.756,-1.800511612,0.000460000,0.000799648,-0.000431136,0.000160379,0.000799648,,,
1786043782016351276,1786043782.015677763,/novatel/oem7/odom,/novatel/oem7/fix,/novatel/oem7/odom,39.663,-75.756,-1.800511612,0.000460000,0.000799648,-0.000431136,0.000160379,0.000799648,,,
1786043782028082957,1786043782.027506299,/novatel/oem7/bestpos,/novatel/oem7/bestpos,/novatel/oem7/odom,39.663,-75.756,33.181861842,0.000460000,0.000799648,-0.000431136,0.000160379,0.000799648,,novatel_oem7_msgs.msg.SolutionStatus(status=0),novatel_oem7_msgs.msg.PositionOrVelocityType(type=53)
1786043782029646293,1786043782.028098474,/novatel/oem7/bestvel,/novatel/oem7/bestpos,/novatel/oem7/bestvel,39.663,-75.756,33.181861842,0.001114172,0.000955971,,,,291.440123933,novatel_oem7_msgs.msg.SolutionStatus(status=0),novatel_oem7_msgs.msg.PositionOrVelocityType(type=53)
1786043782030578216,1786043782.028554986,/novatel/oem7/inspva,/novatel/oem7/inspva,/novatel/oem7/inspva,39.663,-75.756,-1.800497933,0.000170394,0.001278282,-0.000101261,-0.000137041,0.001278282,,novatel_oem7_msgs.msg.InertialSolutionStatus(status=3),
1786043782031400421,1786043782.028751461,/novatel/oem7/fix,/novatel/oem7/fix,/novatel/oem7/inspva,39.663,-75.756,-1.800497933,0.000170394,0.001278282,-0.000101261,-0.000137041,0.001278282,,0,
1786043782032974664,1786043782.029410201,/novatel/oem7/odom,/novatel/oem7/fix,/novatel/oem7/odom,39.663,-75.756,-1.800497933,0.000176281,0.001277484,-0.000146609,-0.000097881,0.001277484,,,
1786043782035096808,1786043782.034445182,/novatel/oem7/odom,/novatel/oem7/fix,/novatel/oem7/odom,39.663,-75.756,-1.800497933,0.000176281,0.001277484,-0.000146609,-0.000097881,0.001277484,,,
1786043782045766539,1786043782.045211184,/novatel/oem7/inspva,/novatel/oem7/inspva,/novatel/oem7/inspva,39.663,-75.756,-1.800504743,0.000224653,0.001023999,-0.000214209,-0.000067700,0.001023999,,novatel_oem7_msgs.msg.InertialSolutionStatus(status=3),
1786043782047146143,1786043782.045416539,/novatel/oem7/fix,/novatel/oem7/fix,/novatel/oem7/inspva,39.663,-75.756,-1.800504743,0.000224653,0.001023999,-0.000214209,-0.000067700,0.001023999,,0,
1786043782048258474,1786043782.045867533,/novatel/oem7/odom,/novatel/oem7/fix,/novatel/oem7/odom,39.663,-75.756,-1.800504743,0.000228580,0.001023129,-0.000081926,-0.000213394,0.001023129,,,
1786043782057797313,1786043782.056920011,/novatel/oem7/odom,/novatel/oem7/fix,/novatel/oem7/odom,39.663,-75.756,-1.800504743,0.000228580,0.001023129,-0.000081926,-0.000213394,0.001023129,,,
1786043782066083563,1786043782.065471110,/novatel/oem7/inspva,/novatel/oem7/inspva,/novatel/oem7/inspva,39.663,-75.756,-1.800509875,0.000343087,0.001085203,-0.000322830,-0.000116145,0.001085203,,novatel_oem7_msgs.msg.InertialSolutionStatus(status=3),
1786043782067498564,1786043782.065635532,/novatel/oem7/fix,/novatel/oem7/fix,/novatel/oem7/inspva,39.663,-75.756,-1.800509875,0.000343087,0.001085203,-0.000322830,-0.000116145,0.001085203,,0,
1786043782068706956,1786043782.066089233,/novatel/oem7/odom,/novatel/oem7/fix,/novatel/oem7/odom,39.663,-75.756,-1.800509875,0.000347350,0.001083846,-0.000135846,-0.000319684,0.001083846,,,
1786043782075114707,1786043782.074415360,/novatel/oem7/odom,/novatel/oem7/fix,/novatel/oem7/odom,39.663,-75.756,-1.800509875,0.000347350,0.001083846,-0.000135846,-0.000319684,0.001083846,,,
1786043782087301230,1786043782.086708791,/novatel/oem7/inspva,/novatel/oem7/inspva,/novatel/oem7/inspva,39.663,-75.756,-1.800509048,0.000458899,0.001324493,-0.000267512,-0.000372862,0.001324493,,novatel_oem7_msgs.msg.InertialSolutionStatus(status=3),
1786043782088692937,1786043782.086857496,/novatel/oem7/fix,/novatel/oem7/fix,/novatel/oem7/inspva,39.663,-75.756,-1.800509048,0.000458899,0.001324493,-0.000267512,-0.000372862,0.001324493,,0,
1786043782090142495,1786043782.087333683,/novatel/oem7/odom,/novatel/oem7/fix,/novatel/oem7/odom,39.663,-75.756,-1.800509048,0.000464981,0.001322371,-0.000390444,-0.000252509,0.001322371,,,
1786043782095538306,1786043782.094829296,/novatel/oem7/odom,/novatel/oem7/fix,/novatel/oem7/odom,39.663,-75.756,-1.800509048,0.000464981,0.001322371,-0.000390444,-0.000252509,0.001322371,,,
1786043782106529583,1786043782.105935124,/novatel/oem7/inspva,/novatel/oem7/inspva,/novatel/oem7/inspva,39.663,-75.756,-1.800512323,0.000402230,0.001516514,-0.000350048,-0.000198130,0.001516514,,novatel_oem7_msgs.msg.InertialSolutionStatus(status=3),
1786043782107959175,1786043782.106164100,/novatel/oem7/fix,/novatel/oem7/fix,/novatel/oem7/inspva,39.663,-75.756,-1.800512323,0.000402230,0.001516514,-0.000350048,-0.000198130,0.001516514,,0,
1786043782109172290,1786043782.106581554,/novatel/oem7/odom,/novatel/oem7/fix,/novatel/oem7/odom,39.663,-75.756,-1.800512323,0.000408725,0.001514776,-0.000220687,-0.000344025,0.001514776,,,
1786043782110775886,1786043782.109941445,/novatel/oem7/bestpos,/novatel/oem7/bestpos,/novatel/oem7/odom,39.663,-75.756,33.181863115,0.000408725,0.001514776,-0.000220687,-0.000344025,0.001514776,,novatel_oem7_msgs.msg.SolutionStatus(status=0),novatel_oem7_msgs.msg.PositionOrVelocityType(type=53)
1786043782112279388,1786043782.110467916,/novatel/oem7/bestvel,/novatel/oem7/bestpos,/novatel/oem7/bestvel,39.663,-75.756,33.181863115,0.000243953,0.001278620,,,,152.391097615,novatel_oem7_msgs.msg.SolutionStatus(status=0),novatel_oem7_msgs.msg.PositionOrVelocityType(type=53)
1786043782116183227,1786043782.115505380,/novatel/oem7/odom,/novatel/oem7/bestpos,/novatel/oem7/odom,39.663,-75.756,33.181863115,0.000408725,0.001514776,-0.000220687,-0.000344025,0.001514776,,,
1786043782125983439,1786043782.125368173,/novatel/oem7/inspva,/novatel/oem7/inspva,/novatel/oem7/inspva,39.663,-75.756,-1.800514450,0.000275548,0.001008446,0.000037947,-0.000272922,0.001008446,,novatel_oem7_msgs.msg.InertialSolutionStatus(status=3),
1786043782127469277,1786043782.125559298,/novatel/oem7/fix,/novatel/oem7/fix,/novatel/oem7/inspva,39.663,-75.756,-1.800514450,0.000275548,0.001008446,0.000037947,-0.000272922,0.001008446,,0,
1786043782128642049,1786043782.126182464,/novatel/oem7/odom,/novatel/oem7/fix,/novatel/oem7/odom,39.663,-75.756,-1.800514450,0.000278752,0.001007565,-0.000274492,0.000048545,0.001007565,,,
1786043782135802278,1786043782.135088974,/novatel/oem7/odom,/novatel/oem7/fix,/novatel/oem7/odom,39.663,-75.756,-1.800514450,0.000278752,0.001007565,-0.000274492,0.000048545,0.001007565,,,
1786043782146693484,1786043782.146101118,/novatel/oem7/inspva,/novatel/oem7/inspva,/novatel/oem7/inspva,39.663,-75.756,-1.800515940,0.000278177,0.001215108,-0.000164362,-0.000224427,0.001215108,,novatel_oem7_msgs.msg.InertialSolutionStatus(status=3),
1786043782148093934,1786043782.146264126,/novatel/oem7/fix,/novatel/oem7/fix,/novatel/oem7/inspva,39.663,-75.756,-1.800515940,0.000278177,0.001215108,-0.000164362,-0.000224427,0.001215108,,0,
1786043782149202166,1786043782.146879356,/novatel/oem7/odom,/novatel/oem7/fix,/novatel/oem7/odom,39.663,-75.756,-1.800515940,0.000283759,0.001213817,-0.000236729,-0.000156455,0.001213817,,,
1786043782156059021,1786043782.155385365,/novatel/oem7/odom,/novatel/oem7/fix,/novatel/oem7/odom,39.663,-75.756,-1.800515940,0.000283759,0.001213817,-0.000236729,-0.000156455,0.001213817,,,
1786043782165824907,1786043782.165217151,/novatel/oem7/inspva,/novatel/oem7/inspva,/novatel/oem7/inspva,39.663,-75.756,-1.800509829,0.000203443,0.001855527,-0.000168761,-0.000113617,0.001855527,,novatel_oem7_msgs.msg.InertialSolutionStatus(status=3),
1786043782167262631,1786043782.165408146,/novatel/oem7/fix,/novatel/oem7/fix,/novatel/oem7/inspva,39.663,-75.756,-1.800509829,0.000203443,0.001855527,-0.000168761,-0.000113617,0.001855527,,0,
1786043782168412076,1786043782.166165276,/novatel/oem7/odom,/novatel/oem7/fix,/novatel/oem7/odom,39.663,-75.756,-1.800509829,0.000211623,0.001854612,-0.000128685,-0.000168002,0.001854612,,,
1786043782176174031,1786043782.175495637,/novatel/oem7/odom,/novatel/oem7/fix,/novatel/oem7/odom,39.663,-75.756,-1.800509829,0.000211623,0.001854612,-0.000128685,-0.000168002,0.001854612,,,
1786043782185482104,1786043782.184934731,/novatel/oem7/inspva,/novatel/oem7/inspva,/novatel/oem7/inspva,39.663,-75.756,-1.800515397,0.000369725,0.001436924,-0.000367310,0.000042189,0.001436924,,novatel_oem7_msgs.msg.InertialSolutionStatus(status=3),
1786043782186877948,1786043782.185014730,/novatel/oem7/fix,/novatel/oem7/fix,/novatel/oem7/inspva,39.663,-75.756,-1.800515397,0.000369725,0.001436924,-0.000367310,0.000042189,0.001436924,,0,
1786043782188095007,1786043782.185502618,/novatel/oem7/odom,/novatel/oem7/fix,/novatel/oem7/odom,39.663,-75.756,-1.800515397,0.000373276,0.001436005,0.000018804,-0.000372803,0.001436005,,,
1786043782195042917,1786043782.194342347,/novatel/oem7/odom,/novatel/oem7/fix,/novatel/oem7/odom,39.663,-75.756,-1.800515397,0.000373276,0.001436005,0.000018804,-0.000372803,0.001436005,,,
1786043782207002287,1786043782.206480956,/novatel/oem7/inspva,/novatel/oem7/inspva,/novatel/oem7/inspva,39.663,-75.756,-1.800513736,0.000517945,0.001315119,0.000068029,-0.000513458,0.001315119,,novatel_oem7_msgs.msg.InertialSolutionStatus(status=3),
1786043782208399741,1786043782.206556321,/novatel/oem7/fix,/novatel/oem7/fix,/novatel/oem7/inspva,39.663,-75.756,-1.800513736,0.000517945,0.001315119,0.000068029,-0.000513458,0.001315119,,0,
1786043782209521549,1786043782.206979387,/novatel/oem7/odom,/novatel/oem7/fix,/novatel/oem7/odom,39.663,-75.756,-1.800513736,0.000522161,0.001313451,-0.000514426,0.000089542,0.001313451,,,
1786043782211085652,1786043782.210124536,/novatel/oem7/bestpos,/novatel/oem7/bestpos,/novatel/oem7/odom,39.663,-75.756,33.181864885,0.000522161,0.001313451,-0.000514426,0.000089542,0.001313451,,novatel_oem7_msgs.msg.SolutionStatus(status=0),novatel_oem7_msgs.msg.PositionOrVelocityType(type=53)
1786043782212565073,1786043782.210521506,/novatel/oem7/bestvel,/novatel/oem7/bestpos,/novatel/oem7/bestvel,39.663,-75.756,33.181864885,0.000368443,0.001294960,,,,265.854244283,novatel_oem7_msgs.msg.SolutionStatus(status=0),novatel_oem7_msgs.msg.PositionOrVelocityType(type=53)
1786043782215440452,1786043782.214683034,/novatel/oem7/odom,/novatel/oem7/bestpos,/novatel/oem7/odom,39.663,-75.756,33.181864885,0.000522161,0.001313451,-0.000514426,0.000089542,0.001313451,,,
1786043782225753839,1786043782.225024215,/novatel/oem7/inspva,/novatel/oem7/inspva,/novatel/oem7/inspva,39.663,-75.756,-1.800516763,0.000179751,0.001244104,-0.000179552,-0.000008448,0.001244104,,novatel_oem7_msgs.msg.InertialSolutionStatus(status=3),
1786043782227147570,1786043782.225235710,/novatel/oem7/fix,/novatel/oem7/fix,/novatel/oem7/inspva,39.663,-75.756,-1.800516763,0.000179751,0.001244104,-0.000179552,-0.000008448,0.001244104,,0,
1786043782228294698,1786043782.225754772,/novatel/oem7/odom,/novatel/oem7/fix,/novatel/oem7/odom,39.663,-75.756,-1.800516763,0.000183567,0.001243547,-0.000021866,-0.000182260,0.001243547,,,
1786043782235299685,1786043782.234615908,/novatel/oem7/odom,/novatel/oem7/fix,/novatel/oem7/odom,39.663,-75.756,-1.800516763,0.000183567,0.001243547,-0.000021866,-0.000182260,0.001243547,,,
1786043782245757460,1786043782.245108694,/novatel/oem7/inspva,/novatel/oem7/inspva,/novatel/oem7/inspva,39.663,-75.756,-1.800511389,0.000712355,0.001640843,0.000442325,-0.000558388,0.001640843,,novatel_oem7_msgs.msg.InertialSolutionStatus(status=3),
1786043782247339176,1786043782.245322219,/novatel/oem7/fix,/novatel/oem7/fix,/novatel/oem7/inspva,39.663,-75.756,-1.800511389,0.000712355,0.001640843,0.000442325,-0.000558388,0.001640843,,0,
1786043782248494598,1786043782.245976629,/novatel/oem7/odom,/novatel/oem7/fix,/novatel/oem7/odom,39.663,-75.756,-1.800511389,0.000714093,0.001640087,-0.000542188,0.000464715,0.001640087,,,
1786043782257694650,1786043782.256379254,/novatel/oem7/odom,/novatel/oem7/fix,/novatel/oem7/odom,39.663,-75.756,-1.800511389,0.000714093,0.001640087,-0.000542188,0.000464715,0.001640087,,,
1786043782266985135,1786043782.266178536,/novatel/oem7/inspva,/novatel/oem7/inspva,/novatel/oem7/inspva,39.663,-75.756,-1.800516189,0.000270667,0.001201802,0.000040582,-0.000267607,0.001201802,,novatel_oem7_msgs.msg.InertialSolutionStatus(status=3),
1786043782268550724,1786043782.266354931,/novatel/oem7/fix,/novatel/oem7/fix,/novatel/oem7/inspva,39.663,-75.756,-1.800516189,0.000270667,0.001201802,0.000040582,-0.000267607,0.001201802,,0,
1786043782269688115,1786043782.266848413,/novatel/oem7/odom,/novatel/oem7/fix,/novatel/oem7/odom,39.663,-75.756,-1.800516189,0.000274450,0.001200943,-0.000269780,0.000050416,0.001200943,,,
1786043782275188397,1786043782.274499360,/novatel/oem7/odom,/novatel/oem7/fix,/novatel/oem7/odom,39.663,-75.756,-1.800516189,0.000274450,0.001200943,-0.000269780,0.000050416,0.001200943,,,
1786043782286213501,1786043782.285189590,/novatel/oem7/inspva,/novatel/oem7/inspva,/novatel/oem7/inspva,39.663,-75.756,-1.800505911,0.000236760,0.002027056,0.000089312,-0.000219269,0.002027056,,novatel_oem7_msgs.msg.InertialSolutionStatus(status=3),
1786043782288097558,1786043782.285337332,/novatel/oem7/fix,/novatel/oem7/fix,/novatel/oem7/inspva,39.663,-75.756,-1.800505911,0.000236760,0.002027056,0.000089312,-0.000219269,0.002027056,,0,
1786043782289242774,1786043782.285846940,/novatel/oem7/odom,/novatel/oem7/fix,/novatel/oem7/odom,39.663,-75.756,-1.800505911,0.000241484,0.002026499,-0.000222213,0.000094530,0.002026499,,,
1786043782295979093,1786043782.295455760,/novatel/oem7/odom,/novatel/oem7/fix,/novatel/oem7/odom,39.663,-75.756,-1.800505911,0.000241484,0.002026499,-0.000222213,0.000094530,0.002026499,,,
1786043782306514065,1786043782.305865685,/novatel/oem7/inspva,/novatel/oem7/inspva,/novatel/oem7/inspva,39.663,-75.756,-1.800511684,0.000122343,0.001565684,-0.000006630,0.000122163,0.001565684,,novatel_oem7_msgs.msg.InertialSolutionStatus(status=3),
1786043782307955092,1786043782.306036083,/novatel/oem7/fix,/novatel/oem7/fix,/novatel/oem7/inspva,39.663,-75.756,-1.800511684,0.000122343,0.001565684,-0.000006630,0.000122163,0.001565684,,0,
1786043782309125344,1786043782.306536398,/novatel/oem7/odom,/novatel/oem7/fix,/novatel/oem7/odom,39.663,-75.756,-1.800511684,0.000117059,0.001566088,0.000115850,-0.000016775,0.001566088,,,
1786043782310729837,1786043782.309584609,/novatel/oem7/bestpos,/novatel/oem7/bestpos,/novatel/oem7/odom,39.663,-75.756,33.181879969,0.000117059,0.001566088,0.000115850,-0.000016775,0.001566088,,novatel_oem7_msgs.msg.SolutionStatus(status=0),novatel_oem7_msgs.msg.PositionOrVelocityType(type=53)
1786043782312198832,1786043782.310237882,/novatel/oem7/bestvel,/novatel/oem7/bestpos,/novatel/oem7/bestvel,39.663,-75.756,33.181879969,0.000277765,0.001517613,,,,101.755802176,novatel_oem7_msgs.msg.SolutionStatus(status=0),novatel_oem7_msgs.msg.PositionOrVelocityType(type=53)
1786043782315204025,1786043782.314353797,/novatel/oem7/odom,/novatel/oem7/bestpos,/novatel/oem7/odom,39.663,-75.756,33.181879969,0.000117059,0.001566088,0.000115850,-0.000016775,0.001566088,,,
1786043782326080848,1786043782.325537363,/novatel/oem7/inspva,/novatel/oem7/inspva,/novatel/oem7/inspva,39.663,-75.756,-1.800508390,0.000455984,0.001310900,0.000263465,-0.000372166,0.001310900,,novatel_oem7_msgs.msg.InertialSolutionStatus(status=3),
1786043782327482476,1786043782.325683617,/novatel/oem7/fix,/novatel/oem7/fix,/novatel/oem7/inspva,39.663,-75.756,-1.800508390,0.000455984,0.001310900,0.000263465,-0.000372166,0.001310900,,0,
1786043782328576727,1786043782.326468472,/novatel/oem7/odom,/novatel/oem7/fix,/novatel/oem7/odom,39.663,-75.756,-1.800508390,0.000457706,0.001310299,-0.000363710,0.000277867,0.001310299,,,
1786043782335158003,1786043782.334499056,/novatel/oem7/odom,/novatel/oem7/fix,/novatel/oem7/odom,39.663,-75.756,-1.800508390,0.000457706,0.001310299,-0.000363710,0.000277867,0.001310299,,,
1786043782345825790,1786043782.344997419,/novatel/oem7/inspva,/novatel/oem7/inspva,/novatel/oem7/inspva,39.663,-75.756,-1.800507307,0.000380981,0.001371631,0.000196520,-0.000326384,0.001371631,,novatel_oem7_msgs.msg.InertialSolutionStatus(status=3),
1786043782347600218,1786043782.345142110,/novatel/oem7/fix,/novatel/oem7/fix,/novatel/oem7/inspva,39.663,-75.756,-1.800507307,0.000380981,0.001371631,0.000196520,-0.000326384,0.001371631,,0,
1786043782348852870,1786043782.345644011,/novatel/oem7/odom,/novatel/oem7/fix,/novatel/oem7/odom,39.663,-75.756,-1.800507307,0.000383224,0.001371006,-0.000321484,0.000208588,0.001371006,,,
1786043782356973572,1786043782.356032660,/novatel/oem7/odom,/novatel/oem7/fix,/novatel/oem7/odom,39.663,-75.756,-1.800507307,0.000383224,0.001371006,-0.000321484,0.000208588,0.001371006,,,
1786043782365988623,1786043782.365200435,/novatel/oem7/inspva,/novatel/oem7/inspva,/novatel/oem7/inspva,39.663,-75.756,-1.800501479,0.000737182,0.001469136,0.000635726,-0.000373215,0.001469136,,novatel_oem7_msgs.msg.InertialSolutionStatus(status=3),
1786043782367797561,1786043782.365370597,/novatel/oem7/fix,/novatel/oem7/fix,/novatel/oem7/inspva,39.663,-75.756,-1.800501479,0.000737182,0.001469136,0.000635726,-0.000373215,0.001469136,,0,
1786043782369279333,1786043782.366098427,/novatel/oem7/odom,/novatel/oem7/fix,/novatel/oem7/odom,39.663,-75.756,-1.800501479,0.000736249,0.001469604,-0.000347129,0.000649279,0.001469604,,,
1786043782375705271,1786043782.374984496,/novatel/oem7/odom,/novatel/oem7/fix,/novatel/oem7/odom,39.663,-75.756,-1.800501479,0.000736249,0.001469604,-0.000347129,0.000649279,0.001469604,,,
1786043782387076795,1786043782.386217423,/novatel/oem7/inspva,/novatel/oem7/inspva,/novatel/oem7/inspva,39.663,-75.756,-1.800503426,0.000699723,0.001456712,0.000557918,-0.000422303,0.001456712,,novatel_oem7_msgs.msg.InertialSolutionStatus(status=3),
1786043782388807839,1786043782.386363208,/novatel/oem7/fix,/novatel/oem7/fix,/novatel/oem7/inspva,39.663,-75.756,-1.800503426,0.000699723,0.001456712,0.000557918,-0.000422303,0.001456712,,0,
1786043782390000277,1786043782.386826166,/novatel/oem7/odom,/novatel/oem7/fix,/novatel/oem7/odom,39.663,-75.756,-1.800503426,0.000699595,0.001456774,-0.000399940,0.000574005,0.001456774,,,
1786043782395109329,1786043782.394400979,/novatel/oem7/odom,/novatel/oem7/fix,/novatel/oem7/odom,39.663,-75.756,-1.800503426,0.000699595,0.001456774,-0.000399940,0.000574005,0.001456774,,,
1786043782406967412,1786043782.406395662,/novatel/oem7/inspva,/novatel/oem7/inspva,/novatel/oem7/inspva,39.663,-75.756,-1.800499778,0.000547739,0.001462424,0.000484431,-0.000255627,0.001462424,,novatel_oem7_msgs.msg.InertialSolutionStatus(status=3),
1786043782408404699,1786043782.406553691,/novatel/oem7/fix,/novatel/oem7/fix,/novatel/oem7/inspva,39.663,-75.756,-1.800499778,0.000547739,0.001462424,0.000484431,-0.000255627,0.001462424,,0,
1786043782409632049,1786043782.407105356,/novatel/oem7/odom,/novatel/oem7/fix,/novatel/oem7/odom,39.663,-75.756,-1.800499778,0.000546529,0.001462877,-0.000237080,0.000492430,0.001462877,,,
1786043782411305339,1786043782.410250585,/novatel/oem7/bestpos,/novatel/oem7/bestpos,/novatel/oem7/odom,39.663,-75.756,33.181877597,0.000546529,0.001462877,-0.000237080,0.000492430,0.001462877,,novatel_oem7_msgs.msg.SolutionStatus(status=0),novatel_oem7_msgs.msg.PositionOrVelocityType(type=53)
1786043782412976429,1786043782.410769490,/novatel/oem7/bestvel,/novatel/oem7/bestpos,/novatel/oem7/bestvel,39.663,-75.756,33.181877597,0.000620229,0.001248944,,,,0.553235951,novatel_oem7_msgs.msg.SolutionStatus(status=0),novatel_oem7_msgs.msg.PositionOrVelocityType(type=53)
1786043782416527928,1786043782.415693186,/novatel/oem7/odom,/novatel/oem7/bestpos,/novatel/oem7/odom,39.663,-75.756,33.181877597,0.000546529,0.001462877,-0.000237080,0.000492430,0.001462877,,,
1786043782425672226,1786043782.425093874,/novatel/oem7/inspva,/novatel/oem7/inspva,/novatel/oem7/inspva,39.663,-75.756,-1.800500543,0.000827447,0.001300831,0.000787946,-0.000252605,0.001300831,,novatel_oem7_msgs.msg.InertialSolutionStatus(status=3),
1786043782427054744,1786043782.425241699,/novatel/oem7/fix,/novatel/oem7/fix,/novatel/oem7/inspva,39.663,-75.756,-1.800500543,0.000827447,0.001300831,0.000787946,-0.000252605,0.001300831,,0,
1786043782428135985,1786043782.425747917,/novatel/oem7/odom,/novatel/oem7/fix,/novatel/oem7/odom,39.663,-75.756,-1.800500543,0.000825344,0.001302166,-0.000218610,0.000795866,0.001302166,,,
1786043782435168595,1786043782.434509129,/novatel/oem7/odom,/novatel/oem7/fix,/novatel/oem7/odom,39.663,-75.756,-1.800500543,0.000825344,0.001302166,-0.000218610,0.000795866,0.001302166,,,
1786043782447455852,1786043782.446558113,/novatel/oem7/inspva,/novatel/oem7/inspva,/novatel/oem7/inspva,39.663,-75.756,-1.800495901,0.000834434,0.001258123,0.000785333,-0.000282014,0.001258123,,novatel_oem7_msgs.msg.InertialSolutionStatus(status=3),
1786043782449811373,1786043782.446705215,/novatel/oem7/fix,/novatel/oem7/fix,/novatel/oem7/inspva,39.663,-75.756,-1.800495901,0.000834434,0.001258123,0.000785333,-0.000282014,0.001258123,,0,
1786043782451157949,1786043782.447102839,/novatel/oem7/odom,/novatel/oem7/fix,/novatel/oem7/odom,39.663,-75.756,-1.800495901,0.000832578,0.001259351,-0.000247948,0.000794801,0.001259351,,,
1786043782457304511,1786043782.456519160,/novatel/oem7/odom,/novatel/oem7/fix,/novatel/oem7/odom,39.663,-75.756,-1.800495901,0.000832578,0.001259351,-0.000247948,0.000794801,0.001259351,,,
1786043782465570178,1786043782.464866827,/novatel/oem7/inspva,/novatel/oem7/inspva,/novatel/oem7/inspva,39.663,-75.756,-1.800493792,0.000897337,0.001436866,0.000812059,-0.000381803,0.001436866,,novatel_oem7_msgs.msg.InertialSolutionStatus(status=3),
1786043782467454823,1786043782.465023222,/novatel/oem7/fix,/novatel/oem7/fix,/novatel/oem7/inspva,39.663,-75.756,-1.800493792,0.000897337,0.001436866,0.000812059,-0.000381803,0.001436866,,0,
1786043782468895015,1786043782.465516054,/novatel/oem7/odom,/novatel/oem7/fix,/novatel/oem7/odom,39.663,-75.756,-1.800493792,0.000895825,0.001437810,-0.000346996,0.000825890,0.001437810,,,
1786043782476392873,1786043782.475669436,/novatel/oem7/odom,/novatel/oem7/fix,/novatel/oem7/odom,39.663,-75.756,-1.800493792,0.000895825,0.001437810,-0.000346996,0.000825890,0.001437810,,,
1786043782486176835,1786043782.485389491,/novatel/oem7/inspva,/novatel/oem7/inspva,/novatel/oem7/inspva,39.663,-75.756,-1.800487543,0.000985134,0.001302933,0.000935256,-0.000309493,0.001302933,,novatel_oem7_msgs.msg.InertialSolutionStatus(status=3),
1786043782487837641,1786043782.485546455,/novatel/oem7/fix,/novatel/oem7/fix,/novatel/oem7/inspva,39.663,-75.756,-1.800487543,0.000985134,0.001302933,0.000935256,-0.000309493,0.001302933,,0,
1786043782489010897,1786043782.486283323,/novatel/oem7/odom,/novatel/oem7/fix,/novatel/oem7/odom,39.663,-75.756,-1.800487543,0.000983059,0.001304500,-0.000268243,0.000945754,0.001304500,,,
1786043782495443202,1786043782.494740008,/novatel/oem7/odom,/novatel/oem7/fix,/novatel/oem7/odom,39.663,-75.756,-1.800487543,0.000983059,0.001304500,-0.000268243,0.000945754,0.001304500,,,
1786043782506877943,1786043782.506239200,/novatel/oem7/inspva,/novatel/oem7/inspva,/novatel/oem7/inspva,39.663,-75.756,-1.800483582,0.000887593,0.001347094,0.000866166,-0.000193850,0.001347094,,novatel_oem7_msgs.msg.InertialSolutionStatus(status=3),
1786043782508503376,1786043782.506409248,/novatel/oem7/fix,/novatel/oem7/fix,/novatel/oem7/inspva,39.663,-75.756,-1.800483582,0.000887593,0.001347094,0.000866166,-0.000193850,0.001347094,,0,
1786043782509793166,1786043782.506819119,/novatel/oem7/odom,/novatel/oem7/fix,/novatel/oem7/odom,39.663,-75.756,-1.800483582,0.000884883,0.001348875,-0.000156291,0.000870971,0.001348875,,,
1786043782512389188,1786043782.511546517,/novatel/oem7/bestpos,/novatel/oem7/bestpos,/novatel/oem7/odom,39.663,-75.756,33.181881813,0.000884883,0.001348875,-0.000156291,0.000870971,0.001348875,,novatel_oem7_msgs.msg.SolutionStatus(status=0),novatel_oem7_msgs.msg.PositionOrVelocityType(type=53)
1786043782513863443,1786043782.512123383,/novatel/oem7/bestvel,/novatel/oem7/bestpos,/novatel/oem7/bestvel,39.663,-75.756,33.181881813,0.000974047,0.001333992,,,,344.973668191,novatel_oem7_msgs.msg.SolutionStatus(status=0),novatel_oem7_msgs.msg.PositionOrVelocityType(type=53)
1786043782515416789,1786043782.514407459,/novatel/oem7/odom,/novatel/oem7/bestpos,/novatel/oem7/odom,39.663,-75.756,33.181881813,0.000884883,0.001348875,-0.000156291,0.000870971,0.001348875,,,
1786043782525818100,1786043782.525231181,/novatel/oem7/inspva,/novatel/oem7/inspva,/novatel/oem7/inspva,39.663,-75.756,-1.800476138,0.001288392,0.001371863,0.001270566,-0.000213581,0.001371863,,novatel_oem7_msgs.msg.InertialSolutionStatus(status=3),
1786043782527247372,1786043782.525374656,/novatel/oem7/fix,/novatel/oem7/fix,/novatel/oem7/inspva,39.663,-75.756,-1.800476138,0.001288392,0.001371863,0.001270566,-0.000213581,0.001371863,,0,
1786043782528322149,1786043782.526007892,/novatel/oem7/odom,/novatel/oem7/fix,/novatel/oem7/odom,39.663,-75.756,-1.800476138,0.001285330,0.001374732,-0.000156324,0.001275789,0.001374732,,,
1786043782536376970,1786043782.535702727,/novatel/oem7/odom,/novatel/oem7/fix,/novatel/oem7/odom,39.663,-75.756,-1.800476138,0.001285330,0.001374732,-0.000156324,0.001275789,0.001374732,,,
1786043782545984146,1786043782.545047141,/novatel/oem7/inspva,/novatel/oem7/inspva,/novatel/oem7/inspva,39.663,-75.756,-1.800475702,0.000846335,0.001011720,0.000846333,-0.000001408,0.001011720,,novatel_oem7_msgs.msg.InertialSolutionStatus(status=3),
1786043782548197265,1786043782.545185828,/novatel/oem7/fix,/novatel/oem7/fix,/novatel/oem7/inspva,39.663,-75.756,-1.800475702,0.000846335,0.001011720,0.000846333,-0.000001408,0.001011720,,0,
1786043782549622237,1786043782.545679353,/novatel/oem7/odom,/novatel/oem7/fix,/novatel/oem7/odom,39.663,-75.756,-1.800475702,0.000843425,0.001014147,0.000036186,0.000842648,0.001014147,,,
1786043782556492502,1786043782.555676621,/novatel/oem7/odom,/novatel/oem7/fix,/novatel/oem7/odom,39.663,-75.756,-1.800475702,0.000843425,0.001014147,0.000036186,0.000842648,0.001014147,,,
1786043782567145859,1786043782.566521706,/novatel/oem7/inspva,/novatel/oem7/inspva,/novatel/oem7/inspva,39.663,-75.756,-1.800464705,0.001041039,0.001343023,0.001037990,0.000079611,0.001343023,,novatel_oem7_msgs.msg.InertialSolutionStatus(status=3),
1786043782568868606,1786043782.566669581,/novatel/oem7/fix,/novatel/oem7/fix,/novatel/oem7/inspva,39.663,-75.756,-1.800464705,0.001041039,0.001343023,0.001037990,0.000079611,0.001343023,,0,
1786043782570189987,1786043782.567104822,/novatel/oem7/odom,/novatel/oem7/fix,/novatel/oem7/odom,39.663,-75.756,-1.800464705,0.001036801,0.001346297,0.000125264,0.001029206,0.001346297,,,
1786043782575499290,1786043782.574681942,/novatel/oem7/odom,/novatel/oem7/fix,/novatel/oem7/odom,39.663,-75.756,-1.800464705,0.001036801,0.001346297,0.000125264,0.001029206,0.001346297,,,
1786043782585618502,1786043782.584905355,/novatel/oem7/inspva,/novatel/oem7/inspva,/novatel/oem7/inspva,39.663,-75.756,-1.800463546,0.000966911,0.001370904,0.000961310,-0.000103922,0.001370904,,novatel_oem7_msgs.msg.InertialSolutionStatus(status=3),
1786043782587138210,1786043782.585084986,/novatel/oem7/fix,/novatel/oem7/fix,/novatel/oem7/inspva,39.663,-75.756,-1.800463546,0.000966911,0.001370904,0.000961310,-0.000103922,0.001370904,,0,
1786043782588300616,1786043782.585567304,/novatel/oem7/odom,/novatel/oem7/fix,/novatel/oem7/odom,39.663,-75.756,-1.800463546,0.000963523,0.001373288,-0.000061916,0.000961531,0.001373288,,,
1786043782596106357,1786043782.595406847,/novatel/oem7/odom,/novatel/oem7/fix,/novatel/oem7/odom,39.663,-75.756,-1.800463546,0.000963523,0.001373288,-0.000061916,0.000961531,0.001373288,,,
1786043782607310113,1786043782.606763648,/novatel/oem7/inspva,/novatel/oem7/inspva,/novatel/oem7/inspva,39.663,-75.756,-1.800461384,0.001504935,0.000757365,0.001483719,0.000251805,0.000757365,,novatel_oem7_msgs.msg.InertialSolutionStatus(status=3),
1786043782608753938,1786043782.606946266,/novatel/oem7/fix,/novatel/oem7/fix,/novatel/oem7/inspva,39.663,-75.756,-1.800461384,0.001504935,0.000757365,0.001483719,0.000251805,0.000757365,,0,
1786043782609903466,1786043782.607442548,/novatel/oem7/odom,/novatel/oem7/fix,/novatel/oem7/odom,39.663,-75.756,-1.800461384,0.001502311,0.000762556,0.000321251,0.001467562,0.000762556,,,
1786043782611532442,1786043782.610314917,/novatel/oem7/bestpos,/novatel/oem7/bestpos,/novatel/oem7/odom,39.663,-75.756,33.181898504,0.001502311,0.000762556,0.000321251,0.001467562,0.000762556,,novatel_oem7_msgs.msg.SolutionStatus(status=0),novatel_oem7_msgs.msg.PositionOrVelocityType(type=53)
1786043782612602336,1786043782.610737061,/novatel/oem7/bestvel,/novatel/oem7/bestpos,/novatel/oem7/bestvel,39.663,-75.756,33.181898504,0.001668720,0.000694681,,,,6.029373900,novatel_oem7_msgs.msg.SolutionStatus(status=0),novatel_oem7_msgs.msg.PositionOrVelocityType(type=53)
1786043782617088178,1786043782.614964870,/novatel/oem7/odom,/novatel/oem7/bestpos,/novatel/oem7/odom,39.663,-75.756,33.181898504,0.001502311,0.000762556,0.000321251,0.001467562,0.000762556,,,
1786043782626747978,1786043782.625992415,/novatel/oem7/inspva,/novatel/oem7/inspva,/novatel/oem7/inspva,39.663,-75.756,-1.800457189,0.001172070,0.001080420,0.001170676,-0.000057139,0.001080420,,novatel_oem7_msgs.msg.InertialSolutionStatus(status=3),
1786043782628482290,1786043782.626177500,/novatel/oem7/fix,/novatel/oem7/fix,/novatel/oem7/inspva,39.663,-75.756,-1.800457189,0.001172070,0.001080420,0.001170676,-0.000057139,0.001080420,,0,
1786043782629956844,1786043782.626653594,/novatel/oem7/odom,/novatel/oem7/fix,/novatel/oem7/odom,39.663,-75.756,-1.800457189,0.001169150,0.001083579,-0.000003867,0.001169144,0.001083579,,,
1786043782635205107,1786043782.634401539,/novatel/oem7/odom,/novatel/oem7/fix,/novatel/oem7/odom,39.663,-75.756,-1.800457189,0.001169150,0.001083579,-0.000003867,0.001169144,0.001083579,,,
1786043782646147070,1786043782.645237131,/novatel/oem7/inspva,/novatel/oem7/inspva,/novatel/oem7/inspva,39.663,-75.756,-1.800451164,0.001450105,0.001029354,0.001364929,0.000489665,0.001029354,,novatel_oem7_msgs.msg.InertialSolutionStatus(status=3),
1786043782648119863,1786043782.645437516,/novatel/oem7/fix,/novatel/oem7/fix,/novatel/oem7/inspva,39.663,-75.756,-1.800451164,0.001450105,0.001029354,0.001364929,0.000489665,0.001029354,,0,
1786043782649487101,1786043782.645954455,/novatel/oem7/odom,/novatel/oem7/fix,/novatel/oem7/odom,39.663,-75.756,-1.800451164,0.001446048,0.001035044,0.000551979,0.001336553,0.001035044,,,
1786043782657208102,1786043782.656334893,/novatel/oem7/odom,/novatel/oem7/fix,/novatel/oem7/odom,39.663,-75.756,-1.800451164,0.001446048,0.001035044,0.000551979,0.001336553,0.001035044,,,
1786043782665777215,1786043782.665047784,/novatel/oem7/inspva,/novatel/oem7/inspva,/novatel/oem7/inspva,39.663,-75.756,-1.800448102,0.001276585,0.001181720,0.001274024,0.000080823,0.001181720,,novatel_oem7_msgs.msg.InertialSolutionStatus(status=3),
1786043782667322857,1786043782.665239986,/novatel/oem7/fix,/novatel/oem7/fix,/novatel/oem7/inspva,39.663,-75.756,-1.800448102,0.001276585,0.001181720,0.001274024,0.000080823,0.001181720,,0,
1786043782668706424,1786043782.665699147,/novatel/oem7/odom,/novatel/oem7/fix,/novatel/oem7/odom,39.663,-75.756,-1.800448102,0.001272918,0.001185669,0.000138609,0.001265349,0.001185669,,,
1786043782675194206,1786043782.674382114,/novatel/oem7/odom,/novatel/oem7/fix,/novatel/oem7/odom,39.663,-75.756,-1.800448102,0.001272918,0.001185669,0.000138609,0.001265349,0.001185669,,,
1786043782686344695,1786043782.685302667,/novatel/oem7/inspva,/novatel/oem7/inspva,/novatel/oem7/inspva,39.663,-75.756,-1.800445252,0.001683598,0.000720448,0.001503028,0.000758557,0.000720448,,novatel_oem7_msgs.msg.InertialSolutionStatus(status=3),
1786043782688037619,1786043782.685511343,/novatel/oem7/fix,/novatel/oem7/fix,/novatel/oem7/inspva,39.663,-75.756,-1.800445252,0.001683598,0.000720448,0.001503028,0.000758557,0.000720448,,0,
1786043782689175050,1786043782.685974294,/novatel/oem7/odom,/novatel/oem7/fix,/novatel/oem7/odom,39.663,-75.756,-1.800445252,0.001680561,0.000727503,0.000828460,0.001462169,0.000727503,,,
1786043782695674426,1786043782.695007675,/novatel/oem7/odom,/novatel/oem7/fix,/novatel/oem7/odom,39.663,-75.756,-1.800445252,0.001680561,0.000727503,0.000828460,0.001462169,0.000727503,,,
1786043782706392866,1786043782.705785023,/novatel/oem7/inspva,/novatel/oem7/inspva,/novatel/oem7/inspva,39.663,-75.756,-1.800441658,0.001327271,0.001067368,0.001309049,0.000219177,0.001067368,,novatel_oem7_msgs.msg.InertialSolutionStatus(status=3),
1786043782707902785,1786043782.705967482,/novatel/oem7/fix,/novatel/oem7/fix,/novatel/oem7/inspva,39.663,-75.756,-1.800441658,0.001327271,0.001067368,0.001309049,0.000219177,0.001067368,,0,
1786043782709073710,1786043782.706388200,/novatel/oem7/odom,/novatel/oem7/fix,/novatel/oem7/odom,39.663,-75.756,-1.800441658,0.001323593,0.001071926,0.000278943,0.001293866,0.001071926,,,
1786043782710711977,1786043782.709469677,/novatel/oem7/bestpos,/novatel/oem7/bestpos,/novatel/oem7/odom,39.663,-75.756,33.181921304,0.001323593,0.001071926,0.000278943,0.001293866,0.001071926,,novatel_oem7_msgs.msg.SolutionStatus(status=0),novatel_oem7_msgs.msg.PositionOrVelocityType(type=53)
1786043782712557295,1786043782.710096771,/novatel/oem7/bestvel,/novatel/oem7/bestpos,/novatel/oem7/bestvel,39.663,-75.756,33.181921304,0.001572506,0.001004647,,,,1.621896702,novatel_oem7_msgs.msg.SolutionStatus(status=0),novatel_oem7_msgs.msg.PositionOrVelocityType(type=53)
1786043782716352657,1786043782.715532985,/novatel/oem7/odom,/novatel/oem7/bestpos,/novatel/oem7/odom,39.663,-75.756,33.181921304,0.001323593,0.001071926,0.000278943,0.001293866,0.001071926,,,
1786043782725979613,1786043782.725327284,/novatel/oem7/inspva,/novatel/oem7/inspva,/novatel/oem7/inspva,39.663,-75.756,-1.800436327,0.001807345,0.001078709,0.001737227,0.000498534,0.001078709,,novatel_oem7_msgs.msg.InertialSolutionStatus(status=3),
1786043782727711698,1786043782.725551392,/novatel/oem7/fix,/novatel/oem7/fix,/novatel/oem7/inspva,39.663,-75.756,-1.800436327,0.001807345,0.001078709,0.001737227,0.000498534,0.001078709,,0,
1786043782728991021,1786043782.726103458,/novatel/oem7/odom,/novatel/oem7/fix,/novatel/oem7/odom,39.663,-75.756,-1.800436327,0.001803264,0.001085517,0.000578877,0.001707824,0.001085517,,,
1786043782735557730,1786043782.734889933,/novatel/oem7/odom,/novatel/oem7/fix,/novatel/oem7/odom,39.663,-75.756,-1.800436327,0.001803264,0.001085517,0.000578877,0.001707824,0.001085517,,,
1786043782747963111,1786043782.746927397,/novatel/oem7/inspva,/novatel/oem7/inspva,/novatel/oem7/inspva,39.663,-75.756,-1.800435198,0.001529041,0.000962751,0.001521547,0.000151197,0.000962751,,novatel_oem7_msgs.msg.InertialSolutionStatus(status=3),
1786043782750114606,1786043782.747112433,/novatel/oem7/fix,/novatel/oem7/fix,/novatel/oem7/inspva,39.663,-75.756,-1.800435198,0.001529041,0.000962751,0.001521547,0.000151197,0.000962751,,0,
1786043782751564654,1786043782.747466626,/novatel/oem7/odom,/novatel/oem7/fix,/novatel/oem7/odom,39.663,-75.756,-1.800435198,0.001525923,0.000967686,0.000221826,0.001509713,0.000967686,,,
1786043782756698252,1786043782.755866321,/novatel/oem7/odom,/novatel/oem7/fix,/novatel/oem7/odom,39.663,-75.756,-1.800435198,0.001525923,0.000967686,0.000221826,0.001509713,0.000967686,,,
1786043782765819684,1786043782.765104090,/novatel/oem7/inspva,/novatel/oem7/inspva,/novatel/oem7/inspva,39.663,-75.756,-1.800426515,0.001566916,0.001227887,0.001541240,0.000282501,0.001227887,,novatel_oem7_msgs.msg.InertialSolutionStatus(status=3),
1786043782767412493,1786043782.765258762,/novatel/oem7/fix,/novatel/oem7/fix,/novatel/oem7/inspva,39.663,-75.756,-1.800426515,0.001566916,0.001227887,0.001541240,0.000282501,0.001227887,,0,
1786043782768778374,1786043782.765834807,/novatel/oem7/odom,/novatel/oem7/fix,/novatel/oem7/odom,39.663,-75.756,-1.800426515,0.001562616,0.001233355,0.000352952,0.001522233,0.001233355,,,
1786043782776248729,1786043782.775453254,/novatel/oem7/odom,/novatel/oem7/fix,/novatel/oem7/odom,39.663,-75.756,-1.800426515,0.001562616,0.001233355,0.000352952,0.001522233,0.001233355,,,
1786043782786128105,1786043782.785192962,/novatel/oem7/inspva,/novatel/oem7/inspva,/novatel/oem7/inspva,39.663,-75.756,-1.800423958,0.001442769,0.001316648,0.001413175,0.000290719,0.001316648,,novatel_oem7_msgs.msg.InertialSolutionStatus(status=3),
1786043782788161766,1786043782.785368851,/novatel/oem7/fix,/novatel/oem7/fix,/novatel/oem7/inspva,39.663,-75.756,-1.800423958,0.001442769,0.001316648,0.001413175,0.000290719,0.001316648,,0,
1786043782789601096,1786043782.785705317,/novatel/oem7/odom,/novatel/oem7/fix,/novatel/oem7/odom,39.663,-75.756,-1.800423958,0.001438083,0.001321765,0.000354543,0.001393693,0.001321765,,,
1786043782795209933,1786043782.794446539,/novatel/oem7/odom,/novatel/oem7/fix,/novatel/oem7/odom,39.663,-75.756,-1.800423958,0.001438083,0.001321765,0.000354543,0.001393693,0.001321765,,,
1786043782807090672,1786043782.806525664,/novatel/oem7/inspva,/novatel/oem7/inspva,/novatel/oem7/inspva,39.663,-75.756,-1.800419190,0.001598214,0.001055715,0.001556831,0.000361339,0.001055715,,novatel_oem7_msgs.msg.InertialSolutionStatus(status=3),
1786043782808581451,1786043782.806678522,/novatel/oem7/fix,/novatel/oem7/fix,/novatel/oem7/inspva,39.663,-75.756,-1.800419190,0.001598214,0.001055715,0.001556831,0.000361339,0.001055715,,0,
1786043782809761809,1786043782.807339885,/novatel/oem7/odom,/novatel/oem7/fix,/novatel/oem7/odom,39.663,-75.756,-1.800419190,0.001594385,0.001061488,0.000433081,0.001534440,0.001061488,,,
1786043782811388262,1786043782.810568291,/novatel/oem7/bestpos,/novatel/oem7/bestpos,/novatel/oem7/odom,39.663,-75.756,33.181945059,0.001594385,0.001061488,0.000433081,0.001534440,0.001061488,,novatel_oem7_msgs.msg.SolutionStatus(status=0),novatel_oem7_msgs.msg.PositionOrVelocityType(type=53)
1786043782812974868,1786043782.811029282,/novatel/oem7/bestvel,/novatel/oem7/bestpos,/novatel/oem7/bestvel,39.663,-75.756,33.181945059,0.001262930,0.001217124,,,,22.918033233,novatel_oem7_msgs.msg.SolutionStatus(status=0),novatel_oem7_msgs.msg.PositionOrVelocityType(type=53)
1786043782816589555,1786043782.815735926,/novatel/oem7/odom,/novatel/oem7/bestpos,/novatel/oem7/odom,39.663,-75.756,33.181945059,0.001594385,0.001061488,0.000433081,0.001534440,0.001061488,,,
1786043782825924095,1786043782.825182588,/novatel/oem7/inspva,/novatel/oem7/inspva,/novatel/oem7/inspva,39.663,-75.756,-1.800417304,0.001595779,0.000971442,0.001533561,0.000441253,0.000971442,,novatel_oem7_msgs.msg.InertialSolutionStatus(status=3),
1786043782827625833,1786043782.825337040,/novatel/oem7/fix,/novatel/oem7/fix,/novatel/oem7/inspva,39.663,-75.756,-1.800417304,0.001595779,0.000971442,0.001533561,0.000441253,0.000971442,,0,
1786043782828883808,1786043782.825667516,/novatel/oem7/odom,/novatel/oem7/fix,/novatel/oem7/odom,39.663,-75.756,-1.800417304,0.001592112,0.000977441,0.000512091,0.001507510,0.000977441,,,
1786043782836269036,1786043782.835551044,/novatel/oem7/odom,/novatel/oem7/fix,/novatel/oem7/odom,39.663,-75.756,-1.800417304,0.001592112,0.000977441,0.000512091,0.001507510,0.000977441,,,
1786043782846399035,1786043782.845474132,/novatel/oem7/inspva,/novatel/oem7/inspva,/novatel/oem7/inspva,39.663,-75.756,-1.800410424,0.001710111,0.001060768,0.001697427,0.000207897,0.001060768,,novatel_oem7_msgs.msg.InertialSolutionStatus(status=3),
1786043782848665870,1786043782.845624347,/novatel/oem7/fix,/novatel/oem7/fix,/novatel/oem7/inspva,39.663,-75.756,-1.800410424,0.001710111,0.001060768,0.001697427,0.000207897,0.001060768,,0,
1786043782850043824,1786043782.846236206,/novatel/oem7/odom,/novatel/oem7/fix,/novatel/oem7/odom,39.663,-75.756,-1.800410424,0.001706594,0.001066418,0.000286688,0.001682341,0.001066418,,,
1786043782857333588,1786043782.856445409,/novatel/oem7/odom,/novatel/oem7/fix,/novatel/oem7/odom,39.663,-75.756,-1.800410424,0.001706594,0.001066418,0.000286688,0.001682341,0.001066418,,,
1786043782866963231,1786043782.866182994,/novatel/oem7/inspva,/novatel/oem7/inspva,/novatel/oem7/inspva,39.663,-75.756,-1.800410056,0.001976055,0.001107161,0.001901969,0.000536010,0.001107161,,novatel_oem7_msgs.msg.InertialSolutionStatus(status=3),
1786043782868674302,1786043782.866361835,/novatel/oem7/fix,/novatel/oem7/fix,/novatel/oem7/inspva,39.663,-75.756,-1.800410056,0.001976055,0.001107161,0.001901969,0.000536010,0.001107161,,0,
1786043782869997992,1786043782.866795023,/novatel/oem7/odom,/novatel/oem7/fix,/novatel/oem7/odom,39.663,-75.756,-1.800410056,0.001971875,0.001114588,0.000624247,0.001870456,0.001114588,,,
1786043782875679246,1786043782.874813851,/novatel/oem7/odom,/novatel/oem7/fix,/novatel/oem7/odom,39.663,-75.756,-1.800410056,0.001971875,0.001114588,0.000624247,0.001870456,0.001114588,,,
1786043782886111964,1786043782.885380623,/novatel/oem7/inspva,/novatel/oem7/inspva,/novatel/oem7/inspva,39.663,-75.756,-1.800404407,0.001920881,0.000943543,0.001812695,0.000635547,0.000943543,,novatel_oem7_msgs.msg.InertialSolutionStatus(status=3),
1786043782887647576,1786043782.885568950,/novatel/oem7/fix,/novatel/oem7/fix,/novatel/oem7/inspva,39.663,-75.756,-1.800404407,0.001920881,0.000943543,0.001812695,0.000635547,0.000943543,,0,
1786043782888762181,1786043782.886138391,/novatel/oem7/odom,/novatel/oem7/fix,/novatel/oem7/odom,39.663,-75.756,-1.800404407,0.001917154,0.000951093,0.000719898,0.001776859,0.000951093,,,
1786043782896043607,1786043782.895392070,/novatel/oem7/odom,/novatel/oem7/fix,/novatel/oem7/odom,39.663,-75.756,-1.800404407,0.001917154,0.000951093,0.000719898,0.001776859,0.000951093,,,
1786043782907212629,1786043782.905884973,/novatel/oem7/inspva,/novatel/oem7/inspva,/novatel/oem7/inspva,39.663,-75.756,-1.800402377,0.002169210,0.001050929,0.002105300,0.000522670,0.001050929,,novatel_oem7_msgs.msg.InertialSolutionStatus(status=3),
1786043782908326757,1786043782.906144095,/novatel/oem7/fix,/novatel/oem7/fix,/novatel/oem7/inspva,39.663,-75.756,-1.800402377,0.002169210,0.001050929,0.002105300,0.000522670,0.001050929,,0,
1786043782910298710,1786043782.906783295,/novatel/oem7/odom,/novatel/oem7/fix,/novatel/oem7/odom,39.663,-75.756,-1.800402377,0.001917169,0.000951063,0.000719905,0.001776872,0.000951063,,,
1786043782912223183,1786043782.909538626,/novatel/oem7/bestpos,/novatel/oem7/bestpos,/novatel/oem7/odom,39.663,-75.756,33.181956072,0.001917169,0.000951063,0.000719905,0.001776872,0.000951063,,novatel_oem7_msgs.msg.SolutionStatus(status=0),novatel_oem7_msgs.msg.PositionOrVelocityType(type=53)
1786043782913518416,1786043782.910391768,/novatel/oem7/bestvel,/novatel/oem7/bestpos,/novatel/oem7/bestvel,39.663,-75.756,33.181956072,0.002013391,0.001218574,,,,9.482410902,novatel_oem7_msgs.msg.SolutionStatus(status=0),novatel_oem7_msgs.msg.PositionOrVelocityType(type=53)
1786043782915328855,1786043782.914443872,/novatel/oem7/odom,/novatel/oem7/bestpos,/novatel/oem7/odom,39.663,-75.756,33.181956072,0.002165339,0.001058882,0.000621074,0.002074357,0.001058882,,,
1786043782927225691,1786043782.926601928,/novatel/oem7/inspva,/novatel/oem7/inspva,/novatel/oem7/inspva,39.663,-75.756,-1.800396417,0.001818002,0.001051092,0.001558249,0.000936480,0.001051092,,novatel_oem7_msgs.msg.InertialSolutionStatus(status=3),
1786043782928804683,1786043782.926814236,/novatel/oem7/fix,/novatel/oem7/fix,/novatel/oem7/inspva,39.663,-75.756,-1.800396417,0.001818002,0.001051092,0.001558249,0.000936480,0.001051092,,0,
1786043782929919531,1786043782.927219064,/novatel/oem7/odom,/novatel/oem7/fix,/novatel/oem7/odom,39.663,-75.756,-1.800396417,0.001813420,0.001058978,0.001007624,0.001507709,0.001058978,,,
1786043782935777903,1786043782.935104477,/novatel/oem7/odom,/novatel/oem7/fix,/novatel/oem7/odom,39.663,-75.756,-1.800396417,0.001813420,0.001058978,0.001007624,0.001507709,0.001058978,,,
1786043782946294219,1786043782.945197931,/novatel/oem7/inspva,/novatel/oem7/inspva,/novatel/oem7/inspva,39.663,-75.756,-1.800393662,0.002257776,0.000942756,0.002149244,0.000691592,0.000942756,,novatel_oem7_msgs.msg.InertialSolutionStatus(status=3),
1786043782948635693,1786043782.945390713,/novatel/oem7/fix,/novatel/oem7/fix,/novatel/oem7/inspva,39.663,-75.756,-1.800393662,0.002257776,0.000942756,0.002149244,0.000691592,0.000942756,,0,
1786043782950230586,1786043782.945760167,/novatel/oem7/odom,/novatel/oem7/fix,/novatel/oem7/odom,39.663,-75.756,-1.800393662,0.002254127,0.000951447,0.000792339,0.002110281,0.000951447,,,
1786043782956532799,1786043782.955612076,/novatel/oem7/odom,/novatel/oem7/fix,/novatel/oem7/odom,39.663,-75.756,-1.800393662,0.002254127,0.000951447,0.000792339,0.002110281,0.000951447,,,
1786043782966076348,1786043782.965509806,/novatel/oem7/inspva,/novatel/oem7/inspva,/novatel/oem7/inspva,39.663,-75.756,-1.800386042,0.002021662,0.000930766,0.001975279,0.000430573,0.000930766,,novatel_oem7_msgs.msg.InertialSolutionStatus(status=3),
1786043782967418132,1786043782.965676604,/novatel/oem7/fix,/novatel/oem7/fix,/novatel/oem7/inspva,39.663,-75.756,-1.800386042,0.002021662,0.000930766,0.001975279,0.000430573,0.000930766,,0,
1786043782968489739,1786043782.966366521,/novatel/oem7/odom,/novatel/oem7/fix,/novatel/oem7/odom,39.663,-75.756,-1.800386042,0.002018314,0.000938004,0.000523186,0.001949325,0.000938004,,,
1786043782975900794,1786043782.974771366,/novatel/oem7/odom,/novatel/oem7/fix,/novatel/oem7/odom,39.663,-75.756,-1.800386042,0.002018314,0.000938004,0.000523186,0.001949325,0.000938004,,,
1786043782987124943,1786043782.986357252,/novatel/oem7/inspva,/novatel/oem7/inspva,/novatel/oem7/inspva,39.663,-75.756,-1.800383029,0.002497363,0.000915902,0.002390821,0.000721663,0.000915902,,novatel_oem7_msgs.msg.InertialSolutionStatus(status=3),
1786043782988832430,1786043782.986551364,/novatel/oem7/fix,/novatel/oem7/fix,/novatel/oem7/inspva,39.663,-75.756,-1.800383029,0.002497363,0.000915902,0.002390821,0.000721663,0.000915902,,0,
1786043782990191648,1786043782.986945218,/novatel/oem7/odom,/novatel/oem7/fix,/novatel/oem7/odom,39.663,-75.756,-1.800383029,0.002493856,0.000925407,0.000834307,0.002350160,0.000925407,,,
1786043782995611895,1786043782.994851288,/novatel/oem7/odom,/novatel/oem7/fix,/novatel/oem7/odom,39.663,-75.756,-1.800383029,0.002493856,0.000925407,0.000834307,0.002350160,0.000925407,,,
1786043783009478925,1786043783.008460084,/novatel/oem7/inspva,/novatel/oem7/inspva,/novatel/oem7/inspva,39.663,-75.756,-1.800375289,0.002115500,0.000939671,0.002026577,0.000606898,0.000939671,,novatel_oem7_msgs.msg.InertialSolutionStatus(status=3),
1786043783011563613,1786043783.008657686,/novatel/oem7/fix,/novatel/oem7/fix,/novatel/oem7/inspva,39.663,-75.756,-1.800375289,0.002115500,0.000939671,0.002026577,0.000606898,0.000939671,,0,
1786043783013436821,1786043783.011221689,/novatel/oem7/odom,/novatel/oem7/fix,/novatel/oem7/odom,39.663,-75.756,-1.800375289,0.002111915,0.000947700,0.000701741,0.001991920,0.000947700,,,
1786043783017504215,1786043783.016732418,/novatel/oem7/odom,/novatel/oem7/fix,/novatel/oem7/odom,39.663,-75.756,-1.800375289,0.002111915,0.000947700,0.000701741,0.001991920,0.000947700,,,
1786043783027139215,1786043783.026390568,/novatel/oem7/bestpos,/novatel/oem7/bestpos,/novatel/oem7/odom,39.663,-75.756,33.181980372,0.002111915,0.000947700,0.000701741,0.001991920,0.000947700,,novatel_oem7_msgs.msg.SolutionStatus(status=0),novatel_oem7_msgs.msg.PositionOrVelocityType(type=53)
1786043783028920997,1786043783.026858486,/novatel/oem7/bestvel,/novatel/oem7/bestpos,/novatel/oem7/bestvel,39.663,-75.756,33.181980372,0.002163087,0.000798598,,,,27.785123401,novatel_oem7_msgs.msg.SolutionStatus(status=0),novatel_oem7_msgs.msg.PositionOrVelocityType(type=53)
1786043783029851383,1786043783.027270184,/novatel/oem7/inspva,/novatel/oem7/inspva,/novatel/oem7/inspva,39.663,-75.756,-1.800374684,0.002746230,0.000643501,0.002584162,0.000929455,0.000643501,,novatel_oem7_msgs.msg.InertialSolutionStatus(status=3),
1786043783030716705,1786043783.027438792,/novatel/oem7/fix,/novatel/oem7/fix,/novatel/oem7/inspva,39.663,-75.756,-1.800374684,0.002746230,0.000643501,0.002584162,0.000929455,0.000643501,,0,
1786043783031747549,1786043783.027831212,/novatel/oem7/odom,/novatel/oem7/fix,/novatel/oem7/odom,39.663,-75.756,-1.800374684,0.002743678,0.000654296,0.001052309,0.002533854,0.000654296,,,
1786043783035318058,1786043783.034670825,/novatel/oem7/odom,/novatel/oem7/fix,/novatel/oem7/odom,39.663,-75.756,-1.800374684,0.002743678,0.000654296,0.001052309,0.002533854,0.000654296,,,
1786043783047854998,1786043783.046757213,/novatel/oem7/inspva,/novatel/oem7/inspva,/novatel/oem7/inspva,39.663,-75.756,-1.800385615,0.002053282,0.000838295,0.001869123,0.000849911,0.000838295,,novatel_oem7_msgs.msg.InertialSolutionStatus(status=3),
1786043783049996585,1786043783.046936878,/novatel/oem7/fix,/novatel/oem7/fix,/novatel/oem7/inspva,39.663,-75.756,-1.800385615,0.002053282,0.000838295,0.001869123,0.000849911,0.000838295,,0,
1786043783051389093,1786043783.047655796,/novatel/oem7/odom,/novatel/oem7/fix,/novatel/oem7/odom,39.663,-75.756,-1.800385615,0.002049816,0.000846736,0.000937149,0.001823046,0.000846736,,,
1786043783057102061,1786043783.056343093,/novatel/oem7/odom,/novatel/oem7/fix,/novatel/oem7/odom,39.663,-75.756,-1.800385615,0.002049816,0.000846736,0.000937149,0.001823046,0.000846736,,,
1786043783065500205,1786043783.064961530,/novatel/oem7/inspva,/novatel/oem7/inspva,/novatel/oem7/inspva,39.663,-75.756,-1.800402277,0.002447672,0.000733856,0.002242843,0.000980182,0.000733856,,novatel_oem7_msgs.msg.InertialSolutionStatus(status=3),
1786043783066801671,1786043783.065123651,/novatel/oem7/fix,/novatel/oem7/fix,/novatel/oem7/inspva,39.663,-75.756,-1.800402277,0.002447672,0.000733856,0.002242843,0.000980182,0.000733856,,0,
1786043783067834412,1786043783.065594989,/novatel/oem7/odom,/novatel/oem7/fix,/novatel/oem7/odom,39.663,-75.756,-1.800402277,0.002444653,0.000743851,0.001085937,0.002190222,0.000743851,,,
1786043783076775212,1786043783.075572513,/novatel/oem7/odom,/novatel/oem7/fix,/novatel/oem7/odom,39.663,-75.756,-1.800402277,0.002444653,0.000743851,0.001085937,0.002190222,0.000743851,,,
1786043783086561067,1786043783.085857633,/novatel/oem7/inspva,/novatel/oem7/inspva,/novatel/oem7/inspva,39.663,-75.756,-1.800411572,0.002276702,0.000704348,0.002238027,0.000417857,0.000704348,,novatel_oem7_msgs.msg.InertialSolutionStatus(status=3),
1786043783088125486,1786043783.086018735,/novatel/oem7/fix,/novatel/oem7/fix,/novatel/oem7/inspva,39.663,-75.756,-1.800411572,0.002276702,0.000704348,0.002238027,0.000417857,0.000704348,,0,
1786043783089448132,1786043783.086597267,/novatel/oem7/odom,/novatel/oem7/fix,/novatel/oem7/odom,39.663,-75.756,-1.800411572,0.002274230,0.000712290,0.000524169,0.002213000,0.000712290,,,
1786043783095492187,1786043783.094746876,/novatel/oem7/odom,/novatel/oem7/fix,/novatel/oem7/odom,39.663,-75.756,-1.800411572,0.002274230,0.000712290,0.000524169,0.002213000,0.000712290,,,
1786043783106411233,1786043783.105832574,/novatel/oem7/inspva,/novatel/oem7/inspva,/novatel/oem7/inspva,39.663,-75.756,-1.800426420,0.002562028,0.000656297,0.002434376,0.000798625,0.000656297,,novatel_oem7_msgs.msg.InertialSolutionStatus(status=3),
1786043783107842144,1786043783.105999322,/novatel/oem7/fix,/novatel/oem7/fix,/novatel/oem7/inspva,39.663,-75.756,-1.800426420,0.002562028,0.000656297,0.002434376,0.000798625,0.000656297,,0,
1786043783108984962,1786043783.106518194,/novatel/oem7/odom,/novatel/oem7/fix,/novatel/oem7/odom,39.663,-75.756,-1.800426420,0.002559477,0.000666175,0.000914253,0.002390621,0.000666175,,,
1786043783110533281,1786043783.109499168,/novatel/oem7/bestpos,/novatel/oem7/bestpos,/novatel/oem7/odom,39.663,-75.756,33.181972601,0.002559477,0.000666175,0.000914253,0.002390621,0.000666175,,novatel_oem7_msgs.msg.SolutionStatus(status=0),novatel_oem7_msgs.msg.PositionOrVelocityType(type=53)
1786043783111927435,1786043783.110149231,/novatel/oem7/bestvel,/novatel/oem7/bestpos,/novatel/oem7/bestvel,39.663,-75.756,33.181972601,0.002649325,0.000741179,,,,9.364156688,novatel_oem7_msgs.msg.SolutionStatus(status=0),novatel_oem7_msgs.msg.PositionOrVelocityType(type=53)
1786043783115150941,1786043783.114501074,/novatel/oem7/odom,/novatel/oem7/bestpos,/novatel/oem7/odom,39.663,-75.756,33.181972601,0.002559477,0.000666175,0.000914253,0.002390621,0.000666175,,,
1786043783125847942,1786043783.125298393,/novatel/oem7/inspva,/novatel/oem7/inspva,/novatel/oem7/inspva,39.663,-75.756,-1.800433589,0.002307704,0.000868830,0.002267631,0.000428192,0.000868830,,novatel_oem7_msgs.msg.InertialSolutionStatus(status=3),
1786043783127186719,1786043783.125483925,/novatel/oem7/fix,/novatel/oem7/fix,/novatel/oem7/inspva,39.663,-75.756,-1.800433589,0.002307704,0.000868830,0.002267631,0.000428192,0.000868830,,0,
1786043783128242036,1786043783.126116418,/novatel/oem7/odom,/novatel/oem7/fix,/novatel/oem7/odom,39.663,-75.756,-1.800433589,0.002304661,0.000876870,0.000535317,0.002241629,0.000876870,,,
1786043783135511182,1786043783.134775135,/novatel/oem7/odom,/novatel/oem7/fix,/novatel/oem7/odom,39.663,-75.756,-1.800433589,0.002304661,0.000876870,0.000535317,0.002241629,0.000876870,,,
1786043783146742685,1786043783.145916320,/novatel/oem7/inspva,/novatel/oem7/inspva,/novatel/oem7/inspva,39.663,-75.756,-1.800445940,0.002716937,0.001008364,0.002540402,0.000963380,0.001008364,,novatel_oem7_msgs.msg.InertialSolutionStatus(status=3),
1786043783148366282,1786043783.146085986,/novatel/oem7/fix,/novatel/oem7/fix,/novatel/oem7/inspva,39.663,-75.756,-1.800445940,0.002716937,0.001008364,0.002540402,0.000963380,0.001008364,,0,
1786043783149576731,1786043783.146502878,/novatel/oem7/odom,/novatel/oem7/fix,/novatel/oem7/odom,39.663,-75.756,-1.800445940,0.002712913,0.001019139,0.001082656,0.002487520,0.001019139,,,
1786043783156298488,1786043783.155666262,/novatel/oem7/odom,/novatel/oem7/fix,/novatel/oem7/odom,39.663,-75.756,-1.800445940,0.002712913,0.001019139,0.001082656,0.002487520,0.001019139,,,
1786043783165484957,1786043783.164952152,/novatel/oem7/inspva,/novatel/oem7/inspva,/novatel/oem7/inspva,39.663,-75.756,-1.800456146,0.002642617,0.000519257,0.002529066,0.000766323,0.000519257,,novatel_oem7_msgs.msg.InertialSolutionStatus(status=3),
1786043783166823244,1786043783.165120670,/novatel/oem7/fix,/novatel/oem7/fix,/novatel/oem7/inspva,39.663,-75.756,-1.800456146,0.002642617,0.000519257,0.002529066,0.000766323,0.000519257,,0,
1786043783167884961,1786043783.165428969,/novatel/oem7/odom,/novatel/oem7/fix,/novatel/oem7/odom,39.663,-75.756,-1.800456146,0.002640630,0.000529272,0.000887133,0.002487151,0.000529272,,,
1786043783176184835,1786043783.175325806,/novatel/oem7/odom,/novatel/oem7/fix,/novatel/oem7/odom,39.663,-75.756,-1.800456146,0.002640630,0.000529272,0.000887133,0.002487151,0.000529272,,,
1786043783186229183,1786043783.185257506,/novatel/oem7/inspva,/novatel/oem7/inspva,/novatel/oem7/inspva,39.663,-75.756,-1.800466684,0.002441407,0.000533925,0.002278476,0.000876936,0.000533925,,novatel_oem7_msgs.msg.InertialSolutionStatus(status=3),
1786043783188284423,1786043783.185452875,/novatel/oem7/fix,/novatel/oem7/fix,/novatel/oem7/inspva,39.663,-75.756,-1.800466684,0.002441407,0.000533925,0.002278476,0.000876936,0.000533925,,0,
1786043783189673334,1786043783.185984277,/novatel/oem7/odom,/novatel/oem7/fix,/novatel/oem7/odom,39.663,-75.756,-1.800466684,0.002439268,0.000543615,0.000985306,0.002231412,0.000543615,,,
1786043783195163323,1786043783.194409452,/novatel/oem7/odom,/novatel/oem7/fix,/novatel/oem7/odom,39.663,-75.756,-1.800466684,0.002439268,0.000543615,0.000985306,0.002231412,0.000543615,,,
1786043783207203887,1786043783.206811700,/novatel/oem7/inspva,/novatel/oem7/inspva,/novatel/oem7/inspva,39.663,-75.756,-1.800470393,0.002473441,0.000972284,0.002428059,0.000471636,0.000972284,,novatel_oem7_msgs.msg.InertialSolutionStatus(status=3),
1786043783207992528,1786043783.207002588,/novatel/oem7/fix,/novatel/oem7/fix,/novatel/oem7/inspva,39.663,-75.756,-1.800470393,0.002473441,0.000972284,0.002428059,0.000471636,0.000972284,,0,
1786043783208627249,1786043783.207389389,/novatel/oem7/odom,/novatel/oem7/fix,/novatel/oem7/odom,39.663,-75.756,-1.800470393,0.002470021,0.000980941,0.000586114,0.002399474,0.000980941,,,
1786043783210830931,1786043783.210339778,/novatel/oem7/bestpos,/novatel/oem7/bestpos,/novatel/oem7/odom,39.663,-75.756,33.181918605,0.002470021,0.000980941,0.000586114,0.002399474,0.000980941,,novatel_oem7_msgs.msg.SolutionStatus(status=0),novatel_oem7_msgs.msg.PositionOrVelocityType(type=53)
1786043783211714546,1786043783.210858610,/novatel/oem7/bestvel,/novatel/oem7/bestpos,/novatel/oem7/bestvel,39.663,-75.756,33.181918605,0.002656008,0.000620314,,,,28.128425155,novatel_oem7_msgs.msg.SolutionStatus(status=0),novatel_oem7_msgs.msg.PositionOrVelocityType(type=53)
1786043783215458505,1786043783.214900578,/novatel/oem7/odom,/novatel/oem7/bestpos,/novatel/oem7/odom,39.663,-75.756,33.181918605,0.002470021,0.000980941,0.000586114,0.002399474,0.000980941,,,
1786043783225804124,1786043783.225029216,/novatel/oem7/inspva,/novatel/oem7/inspva,/novatel/oem7/inspva,39.663,-75.756,-1.800484917,0.002453774,0.000813145,0.002412383,0.000448790,0.000813145,,novatel_oem7_msgs.msg.InertialSolutionStatus(status=3),
1786043783227558218,1786043783.225200692,/novatel/oem7/fix,/novatel/oem7/fix,/novatel/oem7/inspva,39.663,-75.756,-1.800484917,0.002453774,0.000813145,0.002412383,0.000448790,0.000813145,,0,
1786043783228937659,1786043783.225598736,/novatel/oem7/odom,/novatel/oem7/fix,/novatel/oem7/odom,39.663,-75.756,-1.800484917,0.002450931,0.000821674,0.000563143,0.002385358,0.000821674,,,
1786043783235225482,1786043783.234497985,/novatel/oem7/odom,/novatel/oem7/fix,/novatel/oem7/odom,39.663,-75.756,-1.800484917,0.002450931,0.000821674,0.000563143,0.002385358,0.000821674,,,
1786043783246227113,1786043783.245348110,/novatel/oem7/inspva,/novatel/oem7/inspva,/novatel/oem7/inspva,39.663,-75.756,-1.800493282,0.002722901,0.000610230,0.002661821,0.000573498,0.000610230,,novatel_oem7_msgs.msg.InertialSolutionStatus(status=3),
1786043783248160959,1786043783.245529899,/novatel/oem7/fix,/novatel/oem7/fix,/novatel/oem7/inspva,39.663,-75.756,-1.800493282,0.002722901,0.000610230,0.002661821,0.000573498,0.000610230,,0,
1786043783249462285,1786043783.246097862,/novatel/oem7/odom,/novatel/oem7/fix,/novatel/oem7/odom,39.663,-75.756,-1.800493282,0.002720707,0.000619938,0.000700654,0.002628941,0.000619938,,,
1786043783257264247,1786043783.256370858,/novatel/oem7/odom,/novatel/oem7/fix,/novatel/oem7/odom,39.663,-75.756,-1.800493282,0.002720707,0.000619938,0.000700654,0.002628941,0.000619938,,,
1786043783266648068,1786043783.265950321,/novatel/oem7/inspva,/novatel/oem7/inspva,/novatel/oem7/inspva,39.663,-75.756,-1.800503084,0.002522290,0.000869276,0.002471990,0.000501210,0.000869276,,novatel_oem7_msgs.msg.InertialSolutionStatus(status=3),
1786043783268350125,1786043783.266119966,/novatel/oem7/fix,/novatel/oem7/fix,/novatel/oem7/inspva,39.663,-75.756,-1.800503084,0.002522290,0.000869276,0.002471990,0.000501210,0.000869276,,0,
1786043783269777373,1786043783.266596944,/novatel/oem7/odom,/novatel/oem7/fix,/novatel/oem7/odom,39.663,-75.756,-1.800503084,0.002519214,0.000878151,0.000618189,0.002442188,0.000878151,,,
1786043783275024423,1786043783.274336296,/novatel/oem7/odom,/novatel/oem7/fix,/novatel/oem7/odom,39.663,-75.756,-1.800503084,0.002519214,0.000878151,0.000618189,0.002442188,0.000878151,,,
1786043783286061684,1786043783.285068357,/novatel/oem7/inspva,/novatel/oem7/inspva,/novatel/oem7/inspva,39.663,-75.756,-1.800511559,0.002705212,0.000679757,0.002594975,0.000764382,0.000679757,,novatel_oem7_msgs.msg.InertialSolutionStatus(status=3),
1786043783288039480,1786043783.285228952,/novatel/oem7/fix,/novatel/oem7/fix,/novatel/oem7/inspva,39.663,-75.756,-1.800511559,0.002705212,0.000679757,0.002594975,0.000764382,0.000679757,,0,
1786043783289531059,1786043783.285692476,/novatel/oem7/odom,/novatel/oem7/fix,/novatel/oem7/odom,39.663,-75.756,-1.800511559,0.002702628,0.000689960,0.000887766,0.002552659,0.000689960,,,
1786043783296255942,1786043783.295525149,/novatel/oem7/odom,/novatel/oem7/fix,/novatel/oem7/odom,39.663,-75.756,-1.800511559,0.002702628,0.000689960,0.000887766,0.002552659,0.000689960,,,
1786043783306149084,1786043783.305832656,/novatel/oem7/inspva,/novatel/oem7/inspva,/novatel/oem7/inspva,39.663,-75.756,-1.800520317,0.002293398,0.000726304,0.002165572,0.000754965,0.000726304,,novatel_oem7_msgs.msg.InertialSolutionStatus(status=3),
1786043783306796715,1786043783.305997724,/novatel/oem7/fix,/novatel/oem7/fix,/novatel/oem7/inspva,39.663,-75.756,-1.800520317,0.002293398,0.000726304,0.002165572,0.000754965,0.000726304,,0,
1786043783307272080,1786043783.306454939,/novatel/oem7/odom,/novatel/oem7/fix,/novatel/oem7/odom,39.663,-75.756,-1.800520317,0.002290548,0.000735241,0.000857180,0.002124113,0.000735241,,,
1786043783309880047,1786043783.309391738,/novatel/oem7/bestpos,/novatel/oem7/bestpos,/novatel/oem7/odom,39.663,-75.756,33.181868304,0.002290548,0.000735241,0.000857180,0.002124113,0.000735241,,novatel_oem7_msgs.msg.SolutionStatus(status=0),novatel_oem7_msgs.msg.PositionOrVelocityType(type=53)
1786043783310656554,1786043783.310139916,/novatel/oem7/bestvel,/novatel/oem7/bestpos,/novatel/oem7/bestvel,39.663,-75.756,33.181868304,0.002271082,0.000643584,,,,30.366727022,novatel_oem7_msgs.msg.SolutionStatus(status=0),novatel_oem7_msgs.msg.PositionOrVelocityType(type=53)
1786043783316200762,1786043783.315525450,/novatel/oem7/odom,/novatel/oem7/bestpos,/novatel/oem7/odom,39.663,-75.756,33.181868304,0.002290548,0.000735241,0.000857180,0.002124113,0.000735241,,,
1786043783327262001,1786043783.326577181,/novatel/oem7/inspva,/novatel/oem7/inspva,/novatel/oem7/inspva,39.663,-75.756,-1.800521276,0.002403424,0.001218793,0.002387327,0.000277698,0.001218793,,novatel_oem7_msgs.msg.InertialSolutionStatus(status=3),
1786043783328926235,1786043783.326764039,/novatel/oem7/fix,/novatel/oem7/fix,/novatel/oem7/inspva,39.663,-75.756,-1.800521276,0.002403424,0.001218793,0.002387327,0.000277698,0.001218793,,0,
1786043783330206144,1786043783.327251131,/novatel/oem7/odom,/novatel/oem7/fix,/novatel/oem7/odom,39.663,-75.756,-1.800521276,0.002399441,0.001226616,0.000389487,0.002367618,0.001226616,,,
1786043783335469094,1786043783.334699270,/novatel/oem7/odom,/novatel/oem7/fix,/novatel/oem7/odom,39.663,-75.756,-1.800521276,0.002399441,0.001226616,0.000389487,0.002367618,0.001226616,,,
1786043783346083521,1786043783.345243569,/novatel/oem7/inspva,/novatel/oem7/inspva,/novatel/oem7/inspva,39.663,-75.756,-1.800533182,0.002151427,0.001093069,0.002121142,0.000359719,0.001093069,,novatel_oem7_msgs.msg.InertialSolutionStatus(status=3),
1786043783348090251,1786043783.345410707,/novatel/oem7/fix,/novatel/oem7/fix,/novatel/oem7/inspva,39.663,-75.756,-1.800533182,0.002151427,0.001093069,0.002121142,0.000359719,0.001093069,,0,
1786043783349739614,1786043783.345829828,/novatel/oem7/odom,/novatel/oem7/fix,/novatel/oem7/odom,39.663,-75.756,-1.800533182,0.002147675,0.001100424,0.000458851,0.002098086,0.001100424,,,
1786043783356685027,1786043783.355876496,/novatel/oem7/odom,/novatel/oem7/fix,/novatel/oem7/odom,39.663,-75.756,-1.800533182,0.002147675,0.001100424,0.000458851,0.002098086,0.001100424,,,
1786043783366020301,1786043783.365349978,/novatel/oem7/inspva,/novatel/oem7/inspva,/novatel/oem7/inspva,39.663,-75.756,-1.800541650,0.002508358,0.000643720,0.002467377,0.000451565,0.000643720,,novatel_oem7_msgs.msg.InertialSolutionStatus(status=3),
1786043783367776499,1786043783.365542829,/novatel/oem7/fix,/novatel/oem7/fix,/novatel/oem7/inspva,39.663,-75.756,-1.800541650,0.002508358,0.000643720,0.002467377,0.000451565,0.000643720,,0,
1786043783369116432,1786043783.366191166,/novatel/oem7/odom,/novatel/oem7/fix,/novatel/oem7/odom,39.663,-75.756,-1.800541650,0.002506112,0.000652409,0.000569210,0.002440614,0.000652409,,,
1786043783375573510,1786043783.374849036,/novatel/oem7/odom,/novatel/oem7/fix,/novatel/oem7/odom,39.663,-75.756,-1.800541650,0.002506112,0.000652409,0.000569210,0.002440614,0.000652409,,,
1786043783386344283,1786043783.385337749,/novatel/oem7/inspva,/novatel/oem7/inspva,/novatel/oem7/inspva,39.663,-75.756,-1.800550257,0.002276014,0.000826191,0.002246783,0.000363600,0.000826191,,novatel_oem7_msgs.msg.InertialSolutionStatus(status=3),
1786043783388354713,1786043783.385527304,/novatel/oem7/fix,/novatel/oem7/fix,/novatel/oem7/inspva,39.663,-75.756,-1.800550257,0.002276014,0.000826191,0.002246783,0.000363600,0.000826191,,0,
1786043783389738573,1786043783.385990049,/novatel/oem7/odom,/novatel/oem7/fix,/novatel/oem7/odom,39.663,-75.756,-1.800550257,0.002273191,0.000833928,0.000469865,0.002224101,0.000833928,,,
1786043783395102344,1786043783.394345685,/novatel/oem7/odom,/novatel/oem7/fix,/novatel/oem7/odom,39.663,-75.756,-1.800550257,0.002273191,0.000833928,0.000469865,0.002224101,0.000833928,,,
1786043783406840799,1786043783.406324333,/novatel/oem7/inspva,/novatel/oem7/inspva,/novatel/oem7/inspva,39.663,-75.756,-1.800552640,0.002006662,0.001241418,0.001962129,0.000420410,0.001241418,,novatel_oem7_msgs.msg.InertialSolutionStatus(status=3),
1786043783408165402,1786043783.406518462,/novatel/oem7/fix,/novatel/oem7/fix,/novatel/oem7/inspva,39.663,-75.756,-1.800552640,0.002006662,0.001241418,0.001962129,0.000420410,0.001241418,,0,
1786043783409247483,1786043783.407038564,/novatel/oem7/odom,/novatel/oem7/fix,/novatel/oem7/odom,39.663,-75.756,-1.800552640,0.002002240,0.001248538,0.000511098,0.001935909,0.001248538,,,
1786043783410863045,1786043783.410150575,/novatel/oem7/bestpos,/novatel/oem7/bestpos,/novatel/oem7/odom,39.663,-75.756,33.181833900,0.002002240,0.001248538,0.000511098,0.001935909,0.001248538,,novatel_oem7_msgs.msg.SolutionStatus(status=0),novatel_oem7_msgs.msg.PositionOrVelocityType(type=53)
1786043783412340054,1786043783.410537759,/novatel/oem7/bestvel,/novatel/oem7/bestpos,/novatel/oem7/bestvel,39.663,-75.756,33.181833900,0.001842576,0.001243501,,,,22.772944922,novatel_oem7_msgs.msg.SolutionStatus(status=0),novatel_oem7_msgs.msg.PositionOrVelocityType(type=53)
1786043783416314087,1786043783.415384458,/novatel/oem7/odom,/novatel/oem7/bestpos,/novatel/oem7/odom,39.663,-75.756,33.181833900,0.002002240,0.001248538,0.000511098,0.001935909,0.001248538,,,
1786043783425493919,1786043783.424874366,/novatel/oem7/inspva,/novatel/oem7/inspva,/novatel/oem7/inspva,39.663,-75.756,-1.800565613,0.001818401,0.000957793,0.001693244,0.000662952,0.000957793,,novatel_oem7_msgs.msg.InertialSolutionStatus(status=3),
1786043783427036562,1786043783.425047208,/novatel/oem7/fix,/novatel/oem7/fix,/novatel/oem7/inspva,39.663,-75.756,-1.800565613,0.001818401,0.000957793,0.001693244,0.000662952,0.000957793,,0,
1786043783428192773,1786043783.425394443,/novatel/oem7/odom,/novatel/oem7/fix,/novatel/oem7/odom,39.663,-75.756,-1.800565613,0.001814575,0.000965021,0.000741289,0.001656253,0.000965021,,,
1786043783435057929,1786043783.434360042,/novatel/oem7/odom,/novatel/oem7/fix,/novatel/oem7/odom,39.663,-75.756,-1.800565613,0.001814575,0.000965021,0.000741289,0.001656253,0.000965021,,,
1786043783447349002,1786043783.446537074,/novatel/oem7/inspva,/novatel/oem7/inspva,/novatel/oem7/inspva,39.663,-75.756,-1.800570142,0.001826521,0.000972308,0.001750598,0.000521141,0.000972308,,novatel_oem7_msgs.msg.InertialSolutionStatus(status=3),
1786043783449029523,1786043783.446701600,/novatel/oem7/fix,/novatel/oem7/fix,/novatel/oem7/inspva,39.663,-75.756,-1.800570142,0.001826521,0.000972308,0.001750598,0.000521141,0.000972308,,0,
1786043783450163251,1786043783.447016024,/novatel/oem7/odom,/novatel/oem7/fix,/novatel/oem7/odom,39.663,-75.756,-1.800570142,0.001822855,0.000979164,0.000602394,0.001720442,0.000979164,,,
1786043783457118144,1786043783.456374480,/novatel/oem7/odom,/novatel/oem7/fix,/novatel/oem7/odom,39.663,-75.756,-1.800570142,0.001822855,0.000979164,0.000602394,0.001720442,0.000979164,,,
1786043783465722861,1786043783.464978150,/novatel/oem7/inspva,/novatel/oem7/inspva,/novatel/oem7/inspva,39.663,-75.756,-1.800580488,0.001973353,0.000952177,0.001923539,0.000440589,0.000952177,,novatel_oem7_msgs.msg.InertialSolutionStatus(status=3),
1786043783467331097,1786043783.465150625,/novatel/oem7/fix,/novatel/oem7/fix,/novatel/oem7/inspva,39.663,-75.756,-1.800580488,0.001973353,0.000952177,0.001923539,0.000440589,0.000952177,,0,
1786043783468661197,1786043783.465505934,/novatel/oem7/odom,/novatel/oem7/fix,/novatel/oem7/odom,39.663,-75.756,-1.800580488,0.001969929,0.000959240,0.000530477,0.001897160,0.000959240,,,
1786043783475447399,1786043783.474677474,/novatel/oem7/odom,/novatel/oem7/fix,/novatel/oem7/odom,39.663,-75.756,-1.800580488,0.001969929,0.000959240,0.000530477,0.001897160,0.000959240,,,
1786043783486043205,1786043783.485341788,/novatel/oem7/inspva,/novatel/oem7/inspva,/novatel/oem7/inspva,39.663,-75.756,-1.800586984,0.002195710,0.000731819,0.002148321,0.000453718,0.000731819,,novatel_oem7_msgs.msg.InertialSolutionStatus(status=3),
1786043783487697015,1786043783.485534707,/novatel/oem7/fix,/novatel/oem7/fix,/novatel/oem7/inspva,39.663,-75.756,-1.800586984,0.002195710,0.000731819,0.002148321,0.000453718,0.000731819,,0,
1786043783488855284,1786043783.486213500,/novatel/oem7/odom,/novatel/oem7/fix,/novatel/oem7/odom,39.663,-75.756,-1.800586984,0.002193114,0.000739561,0.000555422,0.002121617,0.000739561,,,
1786043783496017412,1786043783.495137520,/novatel/oem7/odom,/novatel/oem7/fix,/novatel/oem7/odom,39.663,-75.756,-1.800586984,0.002193114,0.000739561,0.000555422,0.002121617,0.000739561,,,
1786043783506975989,1786043783.506310192,/novatel/oem7/inspva,/novatel/oem7/inspva,/novatel/oem7/inspva,39.663,-75.756,-1.800597486,0.002326866,0.000731875,0.002315609,0.000228611,0.000731875,,novatel_oem7_msgs.msg.InertialSolutionStatus(status=3),
1786043783508618739,1786043783.506527484,/novatel/oem7/fix,/novatel/oem7/fix,/novatel/oem7/inspva,39.663,-75.756,-1.800597486,0.002326866,0.000731875,0.002315609,0.000228611,0.000731875,,0,
1786043783509869768,1786043783.506943992,/novatel/oem7/odom,/novatel/oem7/fix,/novatel/oem7/odom,39.663,-75.756,-1.800597486,0.002324528,0.000739269,0.000338761,0.002299711,0.000739269,,,
1786043783513237652,1786043783.512527568,/novatel/oem7/bestpos,/novatel/oem7/bestpos,/novatel/oem7/odom,39.663,-75.756,33.181797785,0.002324528,0.000739269,0.000338761,0.002299711,0.000739269,,novatel_oem7_msgs.msg.SolutionStatus(status=0),novatel_oem7_msgs.msg.PositionOrVelocityType(type=53)
1786043783514699510,1786043783.513137441,/novatel/oem7/bestvel,/novatel/oem7/bestpos,/novatel/oem7/bestvel,39.663,-75.756,33.181797785,0.002302441,0.000657754,,,,10.865753515,novatel_oem7_msgs.msg.SolutionStatus(status=0),novatel_oem7_msgs.msg.PositionOrVelocityType(type=53)
1786043783516285453,1786043783.514448004,/novatel/oem7/odom,/novatel/oem7/bestpos,/novatel/oem7/odom,39.663,-75.756,33.181797785,0.002324528,0.000739269,0.000338761,0.002299711,0.000739269,,,
1786043783526344407,1786043783.525355901,/novatel/oem7/inspva,/novatel/oem7/inspva,/novatel/oem7/inspva,39.663,-75.756,-1.800601411,0.001708273,0.000965540,0.001591477,0.000620805,0.000965540,,novatel_oem7_msgs.msg.InertialSolutionStatus(status=3),
1786043783528255260,1786043783.525541863,/novatel/oem7/fix,/novatel/oem7/fix,/novatel/oem7/inspva,39.663,-75.756,-1.800601411,0.001708273,0.000965540,0.001591477,0.000620805,0.000965540,,0,
1786043783529614140,1786043783.526177919,/novatel/oem7/odom,/novatel/oem7/fix,/novatel/oem7/odom,39.663,-75.756,-1.800601411,0.001704420,0.000972326,0.000694201,0.001556641,0.000972326,,,
1786043783536239913,1786043783.535570452,/novatel/oem7/odom,/novatel/oem7/fix,/novatel/oem7/odom,39.663,-75.756,-1.800601411,0.001704420,0.000972326,0.000694201,0.001556641,0.000972326,,,
1786043783545765649,1786043783.545202674,/novatel/oem7/inspva,/novatel/oem7/inspva,/novatel/oem7/inspva,39.663,-75.756,-1.800613757,0.001836349,0.000810579,0.001773330,0.000476944,0.000810579,,novatel_oem7_msgs.msg.InertialSolutionStatus(status=3),
1786043783547086786,1786043783.545360275,/novatel/oem7/fix,/novatel/oem7/fix,/novatel/oem7/inspva,39.663,-75.756,-1.800613757,0.001836349,0.000810579,0.001773330,0.000476944,0.000810579,,0,
1786043783548181813,1786043783.545687212,/novatel/oem7/odom,/novatel/oem7/fix,/novatel/oem7/odom,39.663,-75.756,-1.800613757,0.001833336,0.000817369,0.000559998,0.001745716,0.000817369,,,
1786043783556572741,1786043783.555628861,/novatel/oem7/odom,/novatel/oem7/fix,/novatel/oem7/odom,39.663,-75.756,-1.800613757,0.001833336,0.000817369,0.000559998,0.001745716,0.000817369,,,
1786043783567411154,1786043783.566598519,/novatel/oem7/inspva,/novatel/oem7/inspva,/novatel/oem7/inspva,39.663,-75.756,-1.800624517,0.001889357,0.000286406,0.001770416,0.000659772,0.000286406,,novatel_oem7_msgs.msg.InertialSolutionStatus(status=3),
1786043783569199288,1786043783.566756550,/novatel/oem7/fix,/novatel/oem7/fix,/novatel/oem7/inspva,39.663,-75.756,-1.800624517,0.001889357,0.000286406,0.001770416,0.000659772,0.000286406,,0,
1786043783570590352,1786043783.567135314,/novatel/oem7/odom,/novatel/oem7/fix,/novatel/oem7/odom,39.663,-75.756,-1.800624517,0.001888215,0.000293841,0.000744416,0.001735282,0.000293841,,,
1786043783575509795,1786043783.574707057,/novatel/oem7/odom,/novatel/oem7/fix,/novatel/oem7/odom,39.663,-75.756,-1.800624517,0.001888215,0.000293841,0.000744416,0.001735282,0.000293841,,,
1786043783585573407,1786043783.584872496,/novatel/oem7/inspva,/novatel/oem7/inspva,/novatel/oem7/inspva,39.663,-75.756,-1.800636030,0.001799767,0.000383295,0.001731598,0.000490642,0.000383295,,novatel_oem7_msgs.msg.InertialSolutionStatus(status=3),
1786043783587211106,1786043783.585020741,/novatel/oem7/fix,/novatel/oem7/fix,/novatel/oem7/inspva,39.663,-75.756,-1.800636030,0.001799767,0.000383295,0.001731598,0.000490642,0.000383295,,0,
1786043783588449012,1786043783.585400155,/novatel/oem7/odom,/novatel/oem7/fix,/novatel/oem7/odom,39.663,-75.756,-1.800636030,0.001798323,0.000390015,0.000573228,0.001704516,0.000390015,,,
1786043783596238270,1786043783.595456546,/novatel/oem7/odom,/novatel/oem7/fix,/novatel/oem7/odom,39.663,-75.756,-1.800636030,0.001798323,0.000390015,0.000573228,0.001704516,0.000390015,,,
1786043783607183834,1786043783.606506063,/novatel/oem7/inspva,/novatel/oem7/inspva,/novatel/oem7/inspva,39.663,-75.756,-1.800641024,0.001882904,0.000714180,0.001739464,0.000720829,0.000714180,,novatel_oem7_msgs.msg.InertialSolutionStatus(status=3),
1786043783608773103,1786043783.606674795,/novatel/oem7/fix,/novatel/oem7/fix,/novatel/oem7/inspva,39.663,-75.756,-1.800641024,0.001882904,0.000714180,0.001739464,0.000720829,0.000714180,,0,
1786043783609998708,1786043783.607155797,/novatel/oem7/odom,/novatel/oem7/fix,/novatel/oem7/odom,39.663,-75.756,-1.800641024,0.001880013,0.000721757,0.000802281,0.001700233,0.000721757,,,
1786043783611799327,1786043783.610193814,/novatel/oem7/bestpos,/novatel/oem7/bestpos,/novatel/oem7/odom,39.663,-75.756,33.181744458,0.001880013,0.000721757,0.000802281,0.001700233,0.000721757,,novatel_oem7_msgs.msg.SolutionStatus(status=0),novatel_oem7_msgs.msg.PositionOrVelocityType(type=53)
1786043783612727940,1786043783.610722266,/novatel/oem7/bestvel,/novatel/oem7/bestpos,/novatel/oem7/bestvel,39.663,-75.756,33.181744458,0.002101186,0.000595102,,,,18.496302991,novatel_oem7_msgs.msg.SolutionStatus(status=0),novatel_oem7_msgs.msg.PositionOrVelocityType(type=53)
1786043783615562448,1786043783.614834277,/novatel/oem7/odom,/novatel/oem7/bestpos,/novatel/oem7/odom,39.663,-75.756,33.181744458,0.001880013,0.000721757,0.000802281,0.001700233,0.000721757,,,
1786043783627092517,1786043783.626090687,/novatel/oem7/inspva,/novatel/oem7/inspva,/novatel/oem7/inspva,39.663,-75.756,-1.800654144,0.002031361,0.000707060,0.001910652,0.000689808,0.000707060,,novatel_oem7_msgs.msg.InertialSolutionStatus(status=3),
1786043783629050674,1786043783.626269662,/novatel/oem7/fix,/novatel/oem7/fix,/novatel/oem7/inspva,39.663,-75.756,-1.800654144,0.002031361,0.000707060,0.001910652,0.000689808,0.000707060,,0,
1786043783630474038,1786043783.626693203,/novatel/oem7/odom,/novatel/oem7/fix,/novatel/oem7/odom,39.663,-75.756,-1.800654144,0.002028572,0.000715023,0.000779683,0.001872752,0.000715023,,,
1786043783635115988,1786043783.634361127,/novatel/oem7/odom,/novatel/oem7/fix,/novatel/oem7/odom,39.663,-75.756,-1.800654144,0.002028572,0.000715023,0.000779683,0.001872752,0.000715023,,,
1786043783645793509,1786043783.645257480,/novatel/oem7/inspva,/novatel/oem7/inspva,/novatel/oem7/inspva,39.663,-75.756,-1.800663699,0.001914358,0.000339686,0.001761250,0.000750177,0.000339686,,novatel_oem7_msgs.msg.InertialSolutionStatus(status=3),
1786043783647153412,1786043783.645415582,/novatel/oem7/fix,/novatel/oem7/fix,/novatel/oem7/inspva,39.663,-75.756,-1.800663699,0.001914358,0.000339686,0.001761250,0.000750177,0.000339686,,0,
1786043783648261637,1786043783.645978985,/novatel/oem7/odom,/novatel/oem7/fix,/novatel/oem7/odom,39.663,-75.756,-1.800663699,0.001912966,0.000347443,0.000834031,0.001721578,0.000347443,,,
1786043783658019918,1786043783.656930914,/novatel/oem7/odom,/novatel/oem7/fix,/novatel/oem7/odom,39.663,-75.756,-1.800663699,0.001912966,0.000347443,0.000834031,0.001721578,0.000347443,,,
1786043783665770389,1786043783.665121327,/novatel/oem7/inspva,/novatel/oem7/inspva,/novatel/oem7/inspva,39.663,-75.756,-1.800676590,0.002005022,0.000386087,0.001915981,0.000590874,0.000386087,,novatel_oem7_msgs.msg.InertialSolutionStatus(status=3),
1786043783667141333,1786043783.665361125,/novatel/oem7/fix,/novatel/oem7/fix,/novatel/oem7/inspva,39.663,-75.756,-1.800676590,0.002005022,0.000386087,0.001915981,0.000590874,0.000386087,,0,
1786043783668197108,1786043783.665950891,/novatel/oem7/odom,/novatel/oem7/fix,/novatel/oem7/odom,39.663,-75.756,-1.800676590,0.002003544,0.000393688,0.000682300,0.001883787,0.000393688,,,
1786043783675182228,1786043783.674545925,/novatel/oem7/odom,/novatel/oem7/fix,/novatel/oem7/odom,39.663,-75.756,-1.800676590,0.002003544,0.000393688,0.000682300,0.001883787,0.000393688,,,
1786043783687293306,1786043783.686710117,/novatel/oem7/inspva,/novatel/oem7/inspva,/novatel/oem7/inspva,39.663,-75.756,-1.800682832,0.001809608,0.000433293,0.001700898,0.000617760,0.000433293,,novatel_oem7_msgs.msg.InertialSolutionStatus(status=3),
1786043783688608829,1786043783.686996897,/novatel/oem7/fix,/novatel/oem7/fix,/novatel/oem7/inspva,39.663,-75.756,-1.800682832,0.001809608,0.000433293,0.001700898,0.000617760,0.000433293,,0,
1786043783689971097,1786043783.687467545,/novatel/oem7/odom,/novatel/oem7/fix,/novatel/oem7/odom,39.663,-75.756,-1.800682832,0.001807906,0.000440339,0.000698475,0.001667530,0.000440339,,,
1786043783696324647,1786043783.695649857,/novatel/oem7/odom,/novatel/oem7/fix,/novatel/oem7/odom,39.663,-75.756,-1.800682832,0.001807906,0.000440339,0.000698475,0.001667530,0.000440339,,,
1786043783707037111,1786043783.706154757,/novatel/oem7/inspva,/novatel/oem7/inspva,/novatel/oem7/inspva,39.663,-75.756,-1.800697001,0.001984428,0.000380002,0.001925376,0.000480501,0.000380002,,novatel_oem7_msgs.msg.InertialSolutionStatus(status=3),
1786043783708364305,1786043783.707344314,/novatel/oem7/fix,/novatel/oem7/fix,/novatel/oem7/inspva,39.663,-75.756,-1.800697001,0.001984428,0.000380002,0.001925376,0.000480501,0.000380002,,0,
1786043783709875530,1786043783.708670538,/novatel/oem7/odom,/novatel/oem7/fix,/novatel/oem7/odom,39.663,-75.756,-1.800697001,0.001983040,0.000387180,0.000572533,0.001898593,0.000387180,,,
1786043783711376378,1786043783.710063365,/novatel/oem7/bestpos,/novatel/oem7/bestpos,/novatel/oem7/odom,39.663,-75.756,33.181702113,0.001983040,0.000387180,0.000572533,0.001898593,0.000387180,,novatel_oem7_msgs.msg.SolutionStatus(status=0),novatel_oem7_msgs.msg.PositionOrVelocityType(type=53)
1786043783712779822,1786043783.710858778,/novatel/oem7/bestvel,/novatel/oem7/bestpos,/novatel/oem7/bestvel,39.663,-75.756,33.181702113,0.001666808,0.000610600,,,,12.874956292,novatel_oem7_msgs.msg.SolutionStatus(status=0),novatel_oem7_msgs.msg.PositionOrVelocityType(type=53)
1786043783716239364,1786043783.715592944,/novatel/oem7/odom,/novatel/oem7/bestpos,/novatel/oem7/odom,39.663,-75.756,33.181702113,0.001983040,0.000387180,0.000572533,0.001898593,0.000387180,,,
1786043783727685616,1786043783.726552656,/novatel/oem7/inspva,/novatel/oem7/inspva,/novatel/oem7/inspva,39.663,-75.756,-1.800706038,0.002009052,0.000174294,0.001898426,0.000657469,0.000174294,,novatel_oem7_msgs.msg.InertialSolutionStatus(status=3),
1786043783728999532,1786043783.728098299,/novatel/oem7/fix,/novatel/oem7/fix,/novatel/oem7/inspva,39.663,-75.756,-1.800706038,0.002009052,0.000174294,0.001898426,0.000657469,0.000174294,,0,
1786043783730538795,1786043783.729522618,/novatel/oem7/odom,/novatel/oem7/fix,/novatel/oem7/odom,39.663,-75.756,-1.800706038,0.002008365,0.000182036,0.000748749,0.001863573,0.000182036,,,
1786043783736267429,1786043783.735594632,/novatel/oem7/odom,/novatel/oem7/fix,/novatel/oem7/odom,39.663,-75.756,-1.800706038,0.002008365,0.000182036,0.000748749,0.001863573,0.000182036,,,
1786043783746597466,1786043783.746082517,/novatel/oem7/inspva,/novatel/oem7/inspva,/novatel/oem7/inspva,39.663,-75.756,-1.800718752,0.002318066,0.000322591,0.002212165,0.000692642,0.000322591,,novatel_oem7_msgs.msg.InertialSolutionStatus(status=3),
1786043783747910833,1786043783.746192968,/novatel/oem7/fix,/novatel/oem7/fix,/novatel/oem7/inspva,39.663,-75.756,-1.800718752,0.002318066,0.000322591,0.002212165,0.000692642,0.000322591,,0,
1786043783748927996,1786043783.746742691,/novatel/oem7/odom,/novatel/oem7/fix,/novatel/oem7/odom,39.663,-75.756,-1.800718752,0.002316834,0.000331324,0.000798646,0.002174829,0.000331324,,,
1786043783757665134,1786043783.755923728,/novatel/oem7/odom,/novatel/oem7/fix,/novatel/oem7/odom,39.663,-75.756,-1.800718752,0.002316834,0.000331324,0.000798646,0.002174829,0.000331324,,,
1786043783765850900,1786043783.765252658,/novatel/oem7/inspva,/novatel/oem7/inspva,/novatel/oem7/inspva,39.663,-75.756,-1.800730356,0.002063534,0.000143228,0.001920482,0.000754932,0.000143228,,novatel_oem7_msgs.msg.InertialSolutionStatus(status=3),
1786043783767165616,1786043783.765516153,/novatel/oem7/fix,/novatel/oem7/fix,/novatel/oem7/inspva,39.663,-75.756,-1.800730356,0.002063534,0.000143228,0.001920482,0.000754932,0.000143228,,0,
1786043783768212447,1786043783.766178691,/novatel/oem7/odom,/novatel/oem7/fix,/novatel/oem7/odom,39.663,-75.756,-1.800730356,0.002062951,0.000151391,0.000847294,0.001880920,0.000151391,,,
1786043783776382412,1786043783.775699289,/novatel/oem7/odom,/novatel/oem7/fix,/novatel/oem7/odom,39.663,-75.756,-1.800730356,0.002062951,0.000151391,0.000847294,0.001880920,0.000151391,,,
1786043783785755510,1786043783.785210027,/novatel/oem7/inspva,/novatel/oem7/inspva,/novatel/oem7/inspva,39.663,-75.756,-1.800744960,0.001919138,-0.000015082,0.001827158,0.000587016,-0.000015082,,novatel_oem7_msgs.msg.InertialSolutionStatus(status=3),
1786043783787079520,1786043783.785430578,/novatel/oem7/fix,/novatel/oem7/fix,/novatel/oem7/inspva,39.663,-75.756,-1.800744960,0.001919138,-0.000015082,0.001827158,0.000587016,-0.000015082,,0,
1786043783788110100,1786043783.786037413,/novatel/oem7/odom,/novatel/oem7/fix,/novatel/oem7/odom,39.663,-75.756,-1.800744960,0.001919182,-0.000007810,0.000675613,0.001796331,-0.000007810,,,
1786043783795046827,1786043783.794408043,/novatel/oem7/odom,/novatel/oem7/fix,/novatel/oem7/odom,39.663,-75.756,-1.800744960,0.001919182,-0.000007810,0.000675613,0.001796331,-0.000007810,,,
1786043783807175422,1786043783.806609470,/novatel/oem7/inspva,/novatel/oem7/inspva,/novatel/oem7/inspva,39.663,-75.756,-1.800751933,0.002032751,0.000333764,0.001879586,0.000774100,0.000333764,,novatel_oem7_msgs.msg.InertialSolutionStatus(status=3),
1786043783808514875,1786043783.806781952,/novatel/oem7/fix,/novatel/oem7/fix,/novatel/oem7/inspva,39.663,-75.756,-1.800751933,0.002032751,0.000333764,0.001879586,0.000774100,0.000333764,,0,
1786043783809550673,1786043783.807249766,/novatel/oem7/odom,/novatel/oem7/fix,/novatel/oem7/odom,39.663,-75.756,-1.800751933,0.002031402,0.000341878,0.000863738,0.001838627,0.000341878,,,
1786043783811351518,1786043783.810516372,/novatel/oem7/bestpos,/novatel/oem7/bestpos,/novatel/oem7/odom,39.663,-75.756,33.181643987,0.002031402,0.000341878,0.000863738,0.001838627,0.000341878,,novatel_oem7_msgs.msg.SolutionStatus(status=0),novatel_oem7_msgs.msg.PositionOrVelocityType(type=53)
1786043783812760638,1786043783.810966296,/novatel/oem7/bestvel,/novatel/oem7/bestpos,/novatel/oem7/bestvel,39.663,-75.756,33.181643987,0.002276348,0.000251024,,,,14.469023646,novatel_oem7_msgs.msg.SolutionStatus(status=0),novatel_oem7_msgs.msg.PositionOrVelocityType(type=53)
1786043783815350088,1786043783.814717433,/novatel/oem7/odom,/novatel/oem7/bestpos,/novatel/oem7/odom,39.663,-75.756,33.181643987,0.002031402,0.000341878,0.000863738,0.001838627,0.000341878,,,
1786043783825769826,1786043783.825211763,/novatel/oem7/inspva,/novatel/oem7/inspva,/novatel/oem7/inspva,39.663,-75.756,-1.800763833,0.002025581,0.000402130,0.001999318,0.000325128,0.000402130,,novatel_oem7_msgs.msg.InertialSolutionStatus(status=3),
1786043783827126023,1786043783.825375120,/novatel/oem7/fix,/novatel/oem7/fix,/novatel/oem7/inspva,39.663,-75.756,-1.800763833,0.002025581,0.000402130,0.001999318,0.000325128,0.000402130,,0,
1786043783828190580,1786043783.826066782,/novatel/oem7/odom,/novatel/oem7/fix,/novatel/oem7/odom,39.663,-75.756,-1.800763833,0.002024223,0.000408911,0.000420877,0.001979985,0.000408911,,,
1786043783836207178,1786043783.835526161,/novatel/oem7/odom,/novatel/oem7/fix,/novatel/oem7/odom,39.663,-75.756,-1.800763833,0.002024223,0.000408911,0.000420877,0.001979985,0.000408911,,,
1786043783846015959,1786043783.845508408,/novatel/oem7/inspva,/novatel/oem7/inspva,/novatel/oem7/inspva,39.663,-75.756,-1.800774234,0.001902086,0.000057983,0.001805935,0.000597100,0.000057983,,novatel_oem7_msgs.msg.InertialSolutionStatus(status=3),
1786043783847319593,1786043783.845665453,/novatel/oem7/fix,/novatel/oem7/fix,/novatel/oem7/inspva,39.663,-75.756,-1.800774234,0.001902086,0.000057983,0.001805935,0.000597100,0.000057983,,0,
1786043783848363200,1786043783.846284449,/novatel/oem7/odom,/novatel/oem7/fix,/novatel/oem7/odom,39.663,-75.756,-1.800774234,0.001901851,0.000065231,0.000684378,0.001774448,0.000065231,,,
1786043783857637163,1786043783.856562652,/novatel/oem7/odom,/novatel/oem7/fix,/novatel/oem7/odom,39.663,-75.756,-1.800774234,0.001901851,0.000065231,0.000684378,0.001774448,0.000065231,,,
1786043783866612073,1786043783.866072632,/novatel/oem7/inspva,/novatel/oem7/inspva,/novatel/oem7/inspva,39.663,-75.756,-1.800783364,0.001886898,0.000340562,0.001745992,0.000715468,0.000340562,,novatel_oem7_msgs.msg.InertialSolutionStatus(status=3),
1786043783867958407,1786043783.866248476,/novatel/oem7/fix,/novatel/oem7/fix,/novatel/oem7/inspva,39.663,-75.756,-1.800783364,0.001886898,0.000340562,0.001745992,0.000715468,0.000340562,,0,
1786043783869018701,1786043783.866856136,/novatel/oem7/odom,/novatel/oem7/fix,/novatel/oem7/odom,39.663,-75.756,-1.800783364,0.001885533,0.000348037,0.000798621,0.001708052,0.000348037,,,
1786043783875280697,1786043783.874565493,/novatel/oem7/odom,/novatel/oem7/fix,/novatel/oem7/odom,39.663,-75.756,-1.800783364,0.001885533,0.000348037,0.000798621,0.001708052,0.000348037,,,
1786043783885766469,1786043783.885219417,/novatel/oem7/inspva,/novatel/oem7/inspva,/novatel/oem7/inspva,39.663,-75.756,-1.800790667,0.001619517,0.000358790,0.001397928,0.000817698,0.000358790,,novatel_oem7_msgs.msg.InertialSolutionStatus(status=3),
1786043783887208394,1786043783.885388645,/novatel/oem7/fix,/novatel/oem7/fix,/novatel/oem7/inspva,39.663,-75.756,-1.800790667,0.001619517,0.000358790,0.001397928,0.000817698,0.000358790,,0,
1786043783888541000,1786043783.886001139,/novatel/oem7/odom,/novatel/oem7/fix,/novatel/oem7/odom,39.663,-75.756,-1.800790667,0.001617978,0.000365666,0.000883655,0.001355363,0.000365666,,,
1786043783896167467,1786043783.895485037,/novatel/oem7/odom,/novatel/oem7/fix,/novatel/oem7/odom,39.663,-75.756,-1.800790667,0.001617978,0.000365666,0.000883655,0.001355363,0.000365666,,,
1786043783906550882,1786043783.906031029,/novatel/oem7/inspva,/novatel/oem7/inspva,/novatel/oem7/inspva,39.663,-75.756,-1.800802051,0.001816305,0.000242130,0.001575245,0.000904194,0.000242130,,novatel_oem7_msgs.msg.InertialSolutionStatus(status=3),
1786043783907862145,1786043783.906164319,/novatel/oem7/fix,/novatel/oem7/fix,/novatel/oem7/inspva,39.663,-75.756,-1.800802051,0.001816305,0.000242130,0.001575245,0.000904194,0.000242130,,0,
1786043783908902032,1786043783.906668236,/novatel/oem7/odom,/novatel/oem7/fix,/novatel/oem7/odom,39.663,-75.756,-1.800802051,0.001815265,0.000249805,0.000979143,0.001528551,0.000249805,,,
1786043783910743094,1786043783.910025959,/novatel/oem7/bestpos,/novatel/oem7/bestpos,/novatel/oem7/odom,39.663,-75.756,33.181604098,0.001815265,0.000249805,0.000979143,0.001528551,0.000249805,,novatel_oem7_msgs.msg.SolutionStatus(status=0),novatel_oem7_msgs.msg.PositionOrVelocityType(type=53)
1786043783912130094,1786043783.910470455,/novatel/oem7/bestvel,/novatel/oem7/bestpos,/novatel/oem7/bestvel,39.663,-75.756,33.181604098,0.001633986,0.000364890,,,,34.143850422,novatel_oem7_msgs.msg.SolutionStatus(status=0),novatel_oem7_msgs.msg.PositionOrVelocityType(type=53)
1786043783914998950,1786043783.914318580,/novatel/oem7/odom,/novatel/oem7/bestpos,/novatel/oem7/odom,39.663,-75.756,33.181604098,0.001815265,0.000249805,0.000979143,0.001528551,0.000249805,,,
1786043783927208013,1786043783.926641954,/novatel/oem7/inspva,/novatel/oem7/inspva,/novatel/oem7/inspva,39.663,-75.756,-1.800811791,0.001522886,0.000060160,0.001457469,0.000441549,0.000060160,,novatel_oem7_msgs.msg.InertialSolutionStatus(status=3),
1786043783928545223,1786043783.926826274,/novatel/oem7/fix,/novatel/oem7/fix,/novatel/oem7/inspva,39.663,-75.756,-1.800811791,0.001522886,0.000060160,0.001457469,0.000441549,0.000060160,,0,
1786043783929619244,1786043783.927342084,/novatel/oem7/odom,/novatel/oem7/fix,/novatel/oem7/odom,39.663,-75.756,-1.800811791,0.001522651,0.000065831,0.000511987,0.001433993,0.000065831,,,
1786043783935816520,1786043783.935106029,/novatel/oem7/odom,/novatel/oem7/fix,/novatel/oem7/odom,39.663,-75.756,-1.800811791,0.001522651,0.000065831,0.000511987,0.001433993,0.000065831,,,
1786043783945676292,1786043783.945172149,/novatel/oem7/inspva,/novatel/oem7/inspva,/novatel/oem7/inspva,39.663,-75.756,-1.800823756,0.001475812,0.000232631,0.001215086,0.000837608,0.000232631,,novatel_oem7_msgs.msg.InertialSolutionStatus(status=3),
1786043783946986092,1786043783.945306859,/novatel/oem7/fix,/novatel/oem7/fix,/novatel/oem7/inspva,39.663,-75.756,-1.800823756,0.001475812,0.000232631,0.001215086,0.000837608,0.000232631,,0,
1786043783948013865,1786043783.945792823,/novatel/oem7/odom,/novatel/oem7/fix,/novatel/oem7/odom,39.663,-75.756,-1.800823756,0.001474785,0.000239058,0.000895080,0.001172102,0.000239058,,,
1786043783956613719,1786043783.955834064,/novatel/oem7/odom,/novatel/oem7/fix,/novatel/oem7/odom,39.663,-75.756,-1.800823756,0.001474785,0.000239058,0.000895080,0.001172102,0.000239058,,,
1786043783966349910,1786043783.965862364,/novatel/oem7/inspva,/novatel/oem7/inspva,/novatel/oem7/inspva,39.663,-75.756,-1.800832819,0.001411784,0.000158138,0.001172646,0.000786151,0.000158138,,novatel_oem7_msgs.msg.InertialSolutionStatus(status=3),
1786043783967687856,1786043783.966077794,/novatel/oem7/fix,/novatel/oem7/fix,/novatel/oem7/inspva,39.663,-75.756,-1.800832819,0.001411784,0.000158138,0.001172646,0.000786151,0.000158138,,0,
1786043783968729134,1786043783.966802084,/novatel/oem7/odom,/novatel/oem7/fix,/novatel/oem7/odom,39.663,-75.756,-1.800832819,0.001411084,0.000164268,0.000841887,0.001132423,0.000164268,,,
1786043783975398021,1786043783.974735467,/novatel/oem7/odom,/novatel/oem7/fix,/novatel/oem7/odom,39.663,-75.756,-1.800832819,0.001411084,0.000164268,0.000841887,0.001132423,0.000164268,,,
1786043783986907164,1786043783.986372718,/novatel/oem7/inspva,/novatel/oem7/inspva,/novatel/oem7/inspva,39.663,-75.756,-1.800848918,0.001483829,0.000135711,0.001297303,0.000720246,0.000135711,,novatel_oem7_msgs.msg.InertialSolutionStatus(status=3),
1786043783988215520,1786043783.986540160,/novatel/oem7/fix,/novatel/oem7/fix,/novatel/oem7/inspva,39.663,-75.756,-1.800848918,0.001483829,0.000135711,0.001297303,0.000720246,0.000135711,,0,
1786043783989249363,1786043783.987078511,/novatel/oem7/odom,/novatel/oem7/fix,/novatel/oem7/odom,39.663,-75.756,-1.800848918,0.001483244,0.000141965,0.000782243,0.001260202,0.000141965,,,
1786043783995456593,1786043783.994794989,/novatel/oem7/odom,/novatel/oem7/fix,/novatel/oem7/odom,39.663,-75.756,-1.800848918,0.001483244,0.000141965,0.000782243,0.001260202,0.000141965,,,
1786043784008868478,1786043784.008404800,/novatel/oem7/inspva,/novatel/oem7/inspva,/novatel/oem7/inspva,39.663,-75.756,-1.800857914,0.001059168,0.000159102,0.000964399,0.000437919,0.000159102,,novatel_oem7_msgs.msg.InertialSolutionStatus(status=3),
1786043784010154144,1786043784.008490243,/novatel/oem7/fix,/novatel/oem7/fix,/novatel/oem7/inspva,39.663,-75.756,-1.800857914,0.001059168,0.000159102,0.000964399,0.000437919,0.000159102,,0,
1786043784012026049,1786043784.011251625,/novatel/oem7/odom,/novatel/oem7/fix,/novatel/oem7/odom,39.663,-75.756,-1.800857914,0.001058516,0.000163386,0.000483906,0.000941430,0.000163386,,,
1786043784017825345,1786043784.017138971,/novatel/oem7/odom,/novatel/oem7/fix,/novatel/oem7/odom,39.663,-75.756,-1.800857914,0.001058516,0.000163386,0.000483906,0.000941430,0.000163386,,,
1786043784027388311,1786043784.026827445,/novatel/oem7/bestpos,/novatel/oem7/bestpos,/novatel/oem7/odom,39.663,-75.756,33.181542191,0.001058516,0.000163386,0.000483906,0.000941430,0.000163386,,novatel_oem7_msgs.msg.SolutionStatus(status=0),novatel_oem7_msgs.msg.PositionOrVelocityType(type=53)
1786043784028795235,1786043784.027255543,/novatel/oem7/bestvel,/novatel/oem7/bestpos,/novatel/oem7/bestvel,39.663,-75.756,33.181542191,0.000965085,0.000287823,,,,12.824641963,novatel_oem7_msgs.msg.SolutionStatus(status=0),novatel_oem7_msgs.msg.PositionOrVelocityType(type=53)
1786043784029697354,1786043784.027600147,/novatel/oem7/inspva,/novatel/oem7/inspva,/novatel/oem7/inspva,39.663,-75.756,-1.800872969,0.001170021,0.000252706,0.001009335,0.000591770,0.000252706,,novatel_oem7_msgs.msg.InertialSolutionStatus(status=3),
1786043784030527269,1786043784.027710123,/novatel/oem7/fix,/novatel/oem7/fix,/novatel/oem7/inspva,39.663,-75.756,-1.800872969,0.001170021,0.000252706,0.001009335,0.000591770,0.000252706,,0,
1786043784031543769,1786043784.028151798,/novatel/oem7/odom,/novatel/oem7/fix,/novatel/oem7/odom,39.663,-75.756,-1.800872969,0.001168938,0.000257668,0.000639410,0.000978556,0.000257668,,,
1786043784035467175,1786043784.034812399,/novatel/oem7/odom,/novatel/oem7/fix,/novatel/oem7/odom,39.663,-75.756,-1.800872969,0.001168938,0.000257668,0.000639410,0.000978556,0.000257668,,,
1786043784047399992,1786043784.046883424,/novatel/oem7/inspva,/novatel/oem7/inspva,/novatel/oem7/inspva,39.663,-75.756,-1.800884991,0.001111655,-0.000168359,0.000931125,0.000607276,-0.000168359,,novatel_oem7_msgs.msg.InertialSolutionStatus(status=3),
1786043784048710978,1786043784.047020962,/novatel/oem7/fix,/novatel/oem7/fix,/novatel/oem7/inspva,39.663,-75.756,-1.800884991,0.001111655,-0.000168359,0.000931125,0.000607276,-0.000168359,,0,
1786043784049755142,1786043784.047478996,/novatel/oem7/odom,/novatel/oem7/fix,/novatel/oem7/odom,39.663,-75.756,-1.800884991,0.001112374,-0.000163544,0.000652664,0.000900781,-0.000163544,,,
1786043784056830267,1786043784.056114040,/novatel/oem7/odom,/novatel/oem7/fix,/novatel/oem7/odom,39.663,-75.756,-1.800884991,0.001112374,-0.000163544,0.000652664,0.000900781,-0.000163544,,,
1786043784065733653,1786043784.065239164,/novatel/oem7/inspva,/novatel/oem7/inspva,/novatel/oem7/inspva,39.663,-75.756,-1.800890405,0.001009756,0.000091290,0.000920154,0.000415840,0.000091290,,novatel_oem7_msgs.msg.InertialSolutionStatus(status=3),
1786043784067048216,1786043784.065376386,/novatel/oem7/fix,/novatel/oem7/fix,/novatel/oem7/inspva,39.663,-75.756,-1.800890405,0.001009756,0.000091290,0.000920154,0.000415840,0.000091290,,0,
1786043784068120844,1786043784.065997385,/novatel/oem7/odom,/novatel/oem7/fix,/novatel/oem7/odom,39.663,-75.756,-1.800890405,0.001009378,0.000095376,0.000459940,0.000898498,0.000095376,,,
1786043784076150591,1786043784.075516281,/novatel/oem7/odom,/novatel/oem7/fix,/novatel/oem7/odom,39.663,-75.756,-1.800890405,0.001009378,0.000095376,0.000459940,0.000898498,0.000095376,,,
1786043784086893456,1786043784.086028947,/novatel/oem7/inspva,/novatel/oem7/inspva,/novatel/oem7/inspva,39.663,-75.756,-1.800894576,0.001011514,0.000134072,0.001009705,0.000060468,0.000134072,,novatel_oem7_msgs.msg.InertialSolutionStatus(status=3),
1786043784088333587,1786043784.086407284,/novatel/oem7/fix,/novatel/oem7/fix,/novatel/oem7/inspva,39.663,-75.756,-1.800894576,0.001011514,0.000134072,0.001009705,0.000060468,0.000134072,,0,
1786043784089616833,1786043784.086962933,/novatel/oem7/odom,/novatel/oem7/fix,/novatel/oem7/odom,39.663,-75.756,-1.800894576,0.001011106,0.000137116,0.000109204,0.001005192,0.000137116,,,
1786043784096125519,1786043784.095364008,/novatel/oem7/odom,/novatel/oem7/fix,/novatel/oem7/odom,39.663,-75.756,-1.800894576,0.001011106,0.000137116,0.000109204,0.001005192,0.000137116,,,
1786043784106598128,1786043784.106027551,/novatel/oem7/inspva,/novatel/oem7/inspva,/novatel/oem7/inspva,39.663,-75.756,-1.800901130,0.000954291,0.000168225,0.000897144,0.000325277,0.000168225,,novatel_oem7_msgs.msg.InertialSolutionStatus(status=3),
1786043784108079289,1786043784.106127535,/novatel/oem7/fix,/novatel/oem7/fix,/novatel/oem7/inspva,39.663,-75.756,-1.800901130,0.000954291,0.000168225,0.000897144,0.000325277,0.000168225,,0,
1786043784109113736,1786043784.106737112,/novatel/oem7/odom,/novatel/oem7/fix,/novatel/oem7/odom,39.663,-75.756,-1.800901130,0.000953634,0.000171911,0.000368065,0.000879742,0.000171911,,,
1786043784110587038,1786043784.109113724,/novatel/oem7/bestpos,/novatel/oem7/bestpos,/novatel/oem7/odom,39.663,-75.756,33.181505403,0.000953634,0.000171911,0.000368065,0.000879742,0.000171911,,novatel_oem7_msgs.msg.SolutionStatus(status=0),novatel_oem7_msgs.msg.PositionOrVelocityType(type=53)
1786043784111533950,1786043784.109571366,/novatel/oem7/bestvel,/novatel/oem7/bestpos,/novatel/oem7/bestvel,39.663,-75.756,33.181505403,0.000955425,0.000130235,,,,30.002356001,novatel_oem7_msgs.msg.SolutionStatus(status=0),novatel_oem7_msgs.msg.PositionOrVelocityType(type=53)
1786043784115264341,1786043784.114627475,/novatel/oem7/odom,/novatel/oem7/bestpos,/novatel/oem7/odom,39.663,-75.756,33.181505403,0.000953634,0.000171911,0.000368065,0.000879742,0.000171911,,,
1786043784126095507,1786043784.125260852,/novatel/oem7/inspva,/novatel/oem7/inspva,/novatel/oem7/inspva,39.663,-75.756,-1.800906341,0.000871587,-0.000053975,0.000820079,0.000295186,-0.000053975,,novatel_oem7_msgs.msg.InertialSolutionStatus(status=3),
1786043784127784814,1786043784.125426176,/novatel/oem7/fix,/novatel/oem7/fix,/novatel/oem7/inspva,39.663,-75.756,-1.800906341,0.000871587,-0.000053975,0.000820079,0.000295186,-0.000053975,,0,
1786043784129095774,1786043784.125747083,/novatel/oem7/odom,/novatel/oem7/fix,/novatel/oem7/odom,39.663,-75.756,-1.800906341,0.000871789,-0.000050602,0.000335086,0.000804819,-0.000050602,,,
1786043784136019354,1786043784.135366146,/novatel/oem7/odom,/novatel/oem7/fix,/novatel/oem7/odom,39.663,-75.756,-1.800906341,0.000871789,-0.000050602,0.000335086,0.000804819,-0.000050602,,,
1786043784146438025,1786043784.145916523,/novatel/oem7/inspva,/novatel/oem7/inspva,/novatel/oem7/inspva,39.663,-75.756,-1.800910813,0.000851988,0.000094158,0.000790628,0.000317474,0.000094158,,novatel_oem7_msgs.msg.InertialSolutionStatus(status=3),
1786043784147751022,1786043784.146043587,/novatel/oem7/fix,/novatel/oem7/fix,/novatel/oem7/inspva,39.663,-75.756,-1.800910813,0.000851988,0.000094158,0.000790628,0.000317474,0.000094158,,0,
1786043784148783282,1786043784.146541703,/novatel/oem7/odom,/novatel/oem7/fix,/novatel/oem7/odom,39.663,-75.756,-1.800910813,0.000851608,0.000097532,0.000355350,0.000773927,0.000097532,,,
1786043784156396745,1786043784.155708261,/novatel/oem7/odom,/novatel/oem7/fix,/novatel/oem7/odom,39.663,-75.756,-1.800910813,0.000851608,0.000097532,0.000355350,0.000773927,0.000097532,,,
1786043784166744906,1786043784.166187427,/novatel/oem7/inspva,/novatel/oem7/inspva,/novatel/oem7/inspva,39.663,-75.756,-1.800913893,0.000764366,0.000141228,0.000630656,0.000431889,0.000141228,,novatel_oem7_msgs.msg.InertialSolutionStatus(status=3),
1786043784168082293,1786043784.166343387,/novatel/oem7/fix,/novatel/oem7/fix,/novatel/oem7/inspva,39.663,-75.756,-1.800913893,0.000764366,0.000141228,0.000630656,0.000431889,0.000141228,,0,
1786043784169155547,1786043784.167032666,/novatel/oem7/odom,/novatel/oem7/fix,/novatel/oem7/odom,39.663,-75.756,-1.800913893,0.000763743,0.000144559,0.000461641,0.000608433,0.000144559,,,
1786043784175698526,1786043784.174999992,/novatel/oem7/odom,/novatel/oem7/fix,/novatel/oem7/odom,39.663,-75.756,-1.800913893,0.000763743,0.000144559,0.000461641,0.000608433,0.000144559,,,
1786043784185658943,1786043784.185020019,/novatel/oem7/inspva,/novatel/oem7/inspva,/novatel/oem7/inspva,39.663,-75.756,-1.800919007,0.000813029,0.000059545,0.000679936,0.000445763,0.000059545,,novatel_oem7_msgs.msg.InertialSolutionStatus(status=3),
1786043784187027560,1786043784.185225255,/novatel/oem7/fix,/novatel/oem7/fix,/novatel/oem7/inspva,39.663,-75.756,-1.800919007,0.000813029,0.000059545,0.000679936,0.000445763,0.000059545,,0,
1786043784188064130,1786043784.185972966,/novatel/oem7/odom,/novatel/oem7/fix,/novatel/oem7/odom,39.663,-75.756,-1.800919007,0.000812764,0.000063068,0.000478214,0.000657189,0.000063068,,,
1786043784196050841,1786043784.195392941,/novatel/oem7/odom,/novatel/oem7/fix,/novatel/oem7/odom,39.663,-75.756,-1.800919007,0.000812764,0.000063068,0.000478214,0.000657189,0.000063068,,,
1786043784207333527,1786043784.206818357,/novatel/oem7/inspva,/novatel/oem7/inspva,/novatel/oem7/inspva,39.663,-75.756,-1.800921582,0.001014760,0.000017268,0.001011900,-0.000076140,0.000017268,,novatel_oem7_msgs.msg.InertialSolutionStatus(status=3),
1786043784208865276,1786043784.206909419,/novatel/oem7/fix,/novatel/oem7/fix,/novatel/oem7/inspva,39.663,-75.756,-1.800921582,0.001014760,0.000017268,0.001011900,-0.000076140,0.000017268,,0,
1786043784209916580,1786043784.207823999,/novatel/oem7/odom,/novatel/oem7/fix,/novatel/oem7/odom,39.663,-75.756,-1.800921582,0.001014713,0.000019827,-0.000026697,0.001014362,0.000019827,,,
1786043784211790499,1786043784.210694919,/novatel/oem7/bestpos,/novatel/oem7/bestpos,/novatel/oem7/odom,39.663,-75.756,33.181480674,0.001014713,0.000019827,-0.000026697,0.001014362,0.000019827,,novatel_oem7_msgs.msg.SolutionStatus(status=0),novatel_oem7_msgs.msg.PositionOrVelocityType(type=53)
1786043784213190033,1786043784.211408792,/novatel/oem7/bestvel,/novatel/oem7/bestpos,/novatel/oem7/bestvel,39.663,-75.756,33.181480674,0.001014014,-0.000179016,,,,22.713115647,novatel_oem7_msgs.msg.SolutionStatus(status=0),novatel_oem7_msgs.msg.PositionOrVelocityType(type=53)
1786043784215223841,1786043784.214563127,/novatel/oem7/odom,/novatel/oem7/bestpos,/novatel/oem7/odom,39.663,-75.756,33.181480674,0.001014713,0.000019827,-0.000026697,0.001014362,0.000019827,,,
1786043784226603341,1786043784.226080686,/novatel/oem7/inspva,/novatel/oem7/inspva,/novatel/oem7/inspva,39.663,-75.756,-1.800927431,0.001094326,-0.000008576,0.000987552,0.000471477,-0.000008576,,novatel_oem7_msgs.msg.InertialSolutionStatus(status=3),
1786043784227912648,1786043784.226211680,/novatel/oem7/fix,/novatel/oem7/fix,/novatel/oem7/inspva,39.663,-75.756,-1.800927431,0.001094326,-0.000008576,0.000987552,0.000471477,-0.000008576,,0,
1786043784228970745,1786043784.226820373,/novatel/oem7/odom,/novatel/oem7/fix,/novatel/oem7/odom,39.663,-75.756,-1.800927431,0.001094352,-0.000004083,0.000519172,0.000963362,-0.000004083,,,
1786043784235471607,1786043784.234815611,/novatel/oem7/odom,/novatel/oem7/fix,/novatel/oem7/odom,39.663,-75.756,-1.800927431,0.001094352,-0.000004083,0.000519172,0.000963362,-0.000004083,,,
1786043784245979590,1786043784.245398209,/novatel/oem7/inspva,/novatel/oem7/inspva,/novatel/oem7/inspva,39.663,-75.756,-1.800928903,0.001143653,0.000235415,0.001114623,0.000256039,0.000235415,,novatel_oem7_msgs.msg.InertialSolutionStatus(status=3),
1786043784247303816,1786043784.245686233,/novatel/oem7/fix,/novatel/oem7/fix,/novatel/oem7/inspva,39.663,-75.756,-1.800928903,0.001143653,0.000235415,0.001114623,0.000256039,0.000235415,,0,
1786043784248363144,1786043784.246340004,/novatel/oem7/odom,/novatel/oem7/fix,/novatel/oem7/odom,39.663,-75.756,-1.800928903,0.001142808,0.000239481,0.000309280,0.001100162,0.000239481,,,
1786043784258181259,1786043784.257416245,/novatel/oem7/odom,/novatel/oem7/fix,/novatel/oem7/odom,39.663,-75.756,-1.800928903,0.001142808,0.000239481,0.000309280,0.001100162,0.000239481,,,
1786043784267276407,1786043784.266480788,/novatel/oem7/inspva,/novatel/oem7/inspva,/novatel/oem7/inspva,39.663,-75.756,-1.800933640,0.001238629,0.000121247,0.000995020,0.000737657,0.000121247,,novatel_oem7_msgs.msg.InertialSolutionStatus(status=3),
1786043784268643014,1786043784.267496729,/novatel/oem7/fix,/novatel/oem7/fix,/novatel/oem7/inspva,39.663,-75.756,-1.800933640,0.001238629,0.000121247,0.000995020,0.000737657,0.000121247,,0,
1786043784270194650,1786043784.268442732,/novatel/oem7/odom,/novatel/oem7/fix,/novatel/oem7/odom,39.663,-75.756,-1.800933640,0.001238083,0.000126704,0.000784913,0.000957476,0.000126704,,,
1786043784275656782,1786043784.274964175,/novatel/oem7/odom,/novatel/oem7/fix,/novatel/oem7/odom,39.663,-75.756,-1.800933640,0.001238083,0.000126704,0.000784913,0.000957476,0.000126704,,,
1786043784286741503,1786043784.285792168,/novatel/oem7/inspva,/novatel/oem7/inspva,/novatel/oem7/inspva,39.663,-75.756,-1.800933061,0.001123844,0.000332556,0.000938110,0.000618850,0.000332556,,novatel_oem7_msgs.msg.InertialSolutionStatus(status=3),
1786043784288104980,1786043784.286922072,/novatel/oem7/fix,/novatel/oem7/fix,/novatel/oem7/inspva,39.663,-75.756,-1.800933061,0.001123844,0.000332556,0.000938110,0.000618850,0.000332556,,0,
1786043784289162998,1786043784.287538325,/novatel/oem7/odom,/novatel/oem7/fix,/novatel/oem7/odom,39.663,-75.756,-1.800933061,0.001122393,0.000337421,0.000662672,0.000905887,0.000337421,,,
1786043784295805867,1786043784.295140498,/novatel/oem7/odom,/novatel/oem7/fix,/novatel/oem7/odom,39.663,-75.756,-1.800933061,0.001122393,0.000337421,0.000662672,0.000905887,0.000337421,,,
1786043784306565826,1786043784.306024843,/novatel/oem7/inspva,/novatel/oem7/inspva,/novatel/oem7/inspva,39.663,-75.756,-1.800936047,0.001170440,0.000084895,0.000974587,0.000648159,0.000084895,,novatel_oem7_msgs.msg.InertialSolutionStatus(status=3),
1786043784308071608,1786043784.306166277,/novatel/oem7/fix,/novatel/oem7/fix,/novatel/oem7/inspva,39.663,-75.756,-1.800936047,0.001170440,0.000084895,0.000974587,0.000648159,0.000084895,,0,
1786043784309160959,1786043784.306516060,/novatel/oem7/odom,/novatel/oem7/fix,/novatel/oem7/odom,39.663,-75.756,-1.800936047,0.001170061,0.000089963,0.000694656,0.000941539,0.000089963,,,
1786043784311056681,1786043784.310232041,/novatel/oem7/bestpos,/novatel/oem7/bestpos,/novatel/oem7/odom,39.663,-75.756,33.181474932,0.001170061,0.000089963,0.000694656,0.000941539,0.000089963,,novatel_oem7_msgs.msg.SolutionStatus(status=0),novatel_oem7_msgs.msg.PositionOrVelocityType(type=53)
1786043784312499045,1786043784.310605143,/novatel/oem7/bestvel,/novatel/oem7/bestpos,/novatel/oem7/bestvel,39.663,-75.756,33.181474932,0.000960443,0.000282365,,,,21.945632659,novatel_oem7_msgs.msg.SolutionStatus(status=0),novatel_oem7_msgs.msg.PositionOrVelocityType(type=53)
1786043784315035188,1786043784.314384146,/novatel/oem7/odom,/novatel/oem7/bestpos,/novatel/oem7/odom,39.663,-75.756,33.181474932,0.001170061,0.000089963,0.000694656,0.000941539,0.000089963,,,
1786043784327096956,1786043784.326567641,/novatel/oem7/inspva,/novatel/oem7/inspva,/novatel/oem7/inspva,39.663,-75.756,-1.800934322,0.001384669,0.000290883,0.001259857,0.000574516,0.000290883,,novatel_oem7_msgs.msg.InertialSolutionStatus(status=3),
1786043784328471673,1786043784.326752539,/novatel/oem7/fix,/novatel/oem7/fix,/novatel/oem7/inspva,39.663,-75.756,-1.800934322,0.001384669,0.000290883,0.001259857,0.000574516,0.000290883,,0,
1786043784329658788,1786043784.327183560,/novatel/oem7/odom,/novatel/oem7/fix,/novatel/oem7/odom,39.663,-75.756,-1.800934322,0.001383482,0.000296474,0.000634268,0.001229523,0.000296474,,,
1786043784335706789,1786043784.334985598,/novatel/oem7/odom,/novatel/oem7/fix,/novatel/oem7/odom,39.663,-75.756,-1.800934322,0.001383482,0.000296474,0.000634268,0.001229523,0.000296474,,,
1786043784347127121,1786043784.345034217,/novatel/oem7/inspva,/novatel/oem7/inspva,/novatel/oem7/inspva,39.663,-75.756,-1.800937072,0.001094014,0.000039592,0.001038648,0.000343623,0.000039592,,novatel_oem7_msgs.msg.InertialSolutionStatus(status=3),
1786043784348525935,1786043784.345387723,/novatel/oem7/fix,/novatel/oem7/fix,/novatel/oem7/inspva,39.663,-75.756,-1.800937072,0.001094014,0.000039592,0.001038648,0.000343623,0.000039592,,0,
1786043784350970686,1786043784.346514528,/novatel/oem7/odom,/novatel/oem7/fix,/novatel/oem7/odom,39.663,-75.756,-1.800937072,0.001383481,0.000296478,0.000634252,0.001229531,0.000296478,,,
1786043784357269176,1786043784.356293063,/novatel/oem7/odom,/novatel/oem7/fix,/novatel/oem7/odom,39.663,-75.756,-1.800937072,0.001093856,0.000043738,0.000393775,0.001020521,0.000043738,,,
1786043784366352904,1786043784.365406781,/novatel/oem7/inspva,/novatel/oem7/inspva,/novatel/oem7/inspva,39.663,-75.756,-1.800931874,0.001414844,0.000720023,0.001038270,0.000961134,0.000720023,,novatel_oem7_msgs.msg.InertialSolutionStatus(status=3),
1786043784368348037,1786043784.365740725,/novatel/oem7/fix,/novatel/oem7/fix,/novatel/oem7/inspva,39.663,-75.756,-1.800931874,0.001414844,0.000720023,0.001038270,0.000961134,0.000720023,,0,
1786043784369916300,1786043784.366315527,/novatel/oem7/odom,/novatel/oem7/fix,/novatel/oem7/odom,39.663,-75.756,-1.800931874,0.001411584,0.000726394,0.001007990,0.000988193,0.000726394,,,
1786043784376126129,1786043784.375194130,/novatel/oem7/odom,/novatel/oem7/fix,/novatel/oem7/odom,39.663,-75.756,-1.800931874,0.001411584,0.000726394,0.001007990,0.000988193,0.000726394,,,
1786043784387010205,1786043784.386119836,/novatel/oem7/inspva,/novatel/oem7/inspva,/novatel/oem7/inspva,39.663,-75.756,-1.800935126,0.001165945,0.000520509,0.001012111,0.000578842,0.000520509,,novatel_oem7_msgs.msg.InertialSolutionStatus(status=3),
1786043784388664492,1786043784.386364822,/novatel/oem7/fix,/novatel/oem7/fix,/novatel/oem7/inspva,39.663,-75.756,-1.800935126,0.001165945,0.000520509,0.001012111,0.000578842,0.000520509,,0,
1786043784389878998,1786043784.386868550,/novatel/oem7/odom,/novatel/oem7/fix,/novatel/oem7/odom,39.663,-75.756,-1.800935126,0.001163738,0.000525425,0.000625625,0.000981264,0.000525425,,,
1786043784395175897,1786043784.394410299,/novatel/oem7/odom,/novatel/oem7/fix,/novatel/oem7/odom,39.663,-75.756,-1.800935126,0.001163738,0.000525425,0.000625625,0.000981264,0.000525425,,,
1786043784407568962,1786043784.406614792,/novatel/oem7/inspva,/novatel/oem7/inspva,/novatel/oem7/inspva,39.663,-75.756,-1.800936790,0.001478527,0.000047167,0.001154760,0.000923348,0.000047167,,novatel_oem7_msgs.msg.InertialSolutionStatus(status=3),
1786043784409491711,1786043784.406910892,/novatel/oem7/fix,/novatel/oem7/fix,/novatel/oem7/inspva,39.663,-75.756,-1.800936790,0.001478527,0.000047167,0.001154760,0.000923348,0.000047167,,0,
1786043784410598729,1786043784.407567609,/novatel/oem7/odom,/novatel/oem7/fix,/novatel/oem7/odom,39.663,-75.756,-1.800936790,0.001478304,0.000053718,0.000978453,0.001108157,0.000053718,,,
1786043784412228456,1786043784.410674801,/novatel/oem7/bestpos,/novatel/oem7/bestpos,/novatel/oem7/odom,39.663,-75.756,33.181479787,0.001478304,0.000053718,0.000978453,0.001108157,0.000053718,,novatel_oem7_msgs.msg.SolutionStatus(status=0),novatel_oem7_msgs.msg.PositionOrVelocityType(type=53)
1786043784413184568,1786043784.411095436,/novatel/oem7/bestvel,/novatel/oem7/bestpos,/novatel/oem7/bestvel,39.663,-75.756,33.181479787,0.001375342,0.000127313,,,,38.446514302,novatel_oem7_msgs.msg.SolutionStatus(status=0),novatel_oem7_msgs.msg.PositionOrVelocityType(type=53)
1786043784416255679,1786043784.415437871,/novatel/oem7/odom,/novatel/oem7/bestpos,/novatel/oem7/odom,39.663,-75.756,33.181479787,0.001478304,0.000053718,0.000978453,0.001108157,0.000053718,,,
1786043784425865580,1786043784.425269697,/novatel/oem7/inspva,/novatel/oem7/inspva,/novatel/oem7/inspva,39.663,-75.756,-1.800936102,0.001085520,0.000062075,0.000980656,0.000465474,0.000062075,,novatel_oem7_msgs.msg.InertialSolutionStatus(status=3),
1786043784427263620,1786043784.425377615,/novatel/oem7/fix,/novatel/oem7/fix,/novatel/oem7/inspva,39.663,-75.756,-1.800936102,0.001085520,0.000062075,0.000980656,0.000465474,0.000062075,,0,
1786043784428322524,1786043784.425773972,/novatel/oem7/odom,/novatel/oem7/fix,/novatel/oem7/odom,39.663,-75.756,-1.800936102,0.001085258,0.000066485,0.000512565,0.000956589,0.000066485,,,
1786043784435069105,1786043784.434363571,/novatel/oem7/odom,/novatel/oem7/fix,/novatel/oem7/odom,39.663,-75.756,-1.800936102,0.001085258,0.000066485,0.000512565,0.000956589,0.000066485,,,
1786043784447811147,1786043784.446786330,/novatel/oem7/inspva,/novatel/oem7/inspva,/novatel/oem7/inspva,39.663,-75.756,-1.800932258,0.001212119,0.000511168,0.001113680,0.000478486,0.000511168,,novatel_oem7_msgs.msg.InertialSolutionStatus(status=3),
1786043784449985092,1786043784.446987747,/novatel/oem7/fix,/novatel/oem7/fix,/novatel/oem7/inspva,39.663,-75.756,-1.800932258,0.001212119,0.000511168,0.001113680,0.000478486,0.000511168,,0,
1786043784451490594,1786043784.447495230,/novatel/oem7/odom,/novatel/oem7/fix,/novatel/oem7/odom,39.663,-75.756,-1.800932258,0.001210070,0.000516000,0.000530381,0.001087642,0.000516000,,,
1786043784457353733,1786043784.456398640,/novatel/oem7/odom,/novatel/oem7/fix,/novatel/oem7/odom,39.663,-75.756,-1.800932258,0.001210070,0.000516000,0.000530381,0.001087642,0.000516000,,,
1786043784465794478,1786043784.465031031,/novatel/oem7/inspva,/novatel/oem7/inspva,/novatel/oem7/inspva,39.663,-75.756,-1.800931978,0.000929438,0.000376365,0.000824732,0.000428571,0.000376365,,novatel_oem7_msgs.msg.InertialSolutionStatus(status=3),
1786043784467631396,1786043784.465182200,/novatel/oem7/fix,/novatel/oem7/fix,/novatel/oem7/inspva,39.663,-75.756,-1.800931978,0.000929438,0.000376365,0.000824732,0.000428571,0.000376365,,0,
1786043784468970056,1786043784.465790884,/novatel/oem7/odom,/novatel/oem7/fix,/novatel/oem7/odom,39.663,-75.756,-1.800931978,0.000927880,0.000380191,0.000466925,0.000801836,0.000380191,,,
1786043784475808405,1786043784.474810772,/novatel/oem7/odom,/novatel/oem7/fix,/novatel/oem7/odom,39.663,-75.756,-1.800931978,0.000927880,0.000380191,0.000466925,0.000801836,0.000380191,,,
1786043784486164099,1786043784.485311586,/novatel/oem7/inspva,/novatel/oem7/inspva,/novatel/oem7/inspva,39.663,-75.756,-1.800925230,0.001528842,0.000648151,0.001343595,0.000729459,0.000648151,,novatel_oem7_msgs.msg.InertialSolutionStatus(status=3),
1786043784487749105,1786043784.485496826,/novatel/oem7/fix,/novatel/oem7/fix,/novatel/oem7/inspva,39.663,-75.756,-1.800925230,0.001528842,0.000648151,0.001343595,0.000729459,0.000648151,,0,
1786043784488888287,1786043784.485963337,/novatel/oem7/odom,/novatel/oem7/fix,/novatel/oem7/odom,39.663,-75.756,-1.800925230,0.001526134,0.000654502,0.000791775,0.001304675,0.000654502,,,
1786043784495487343,1786043784.494757406,/novatel/oem7/odom,/novatel/oem7/fix,/novatel/oem7/odom,39.663,-75.756,-1.800925230,0.001526134,0.000654502,0.000791775,0.001304675,0.000654502,,,
1786043784506977522,1786043784.506072982,/novatel/oem7/inspva,/novatel/oem7/inspva,/novatel/oem7/inspva,39.663,-75.756,-1.800922355,0.001019537,0.000806512,0.000933421,0.000410099,0.000806512,,novatel_oem7_msgs.msg.InertialSolutionStatus(status=3),
1786043784508697653,1786043784.506258495,/novatel/oem7/fix,/novatel/oem7/fix,/novatel/oem7/inspva,39.663,-75.756,-1.800922355,0.001019537,0.000806512,0.000933421,0.000410099,0.000806512,,0,
1786043784509789200,1786043784.506898828,/novatel/oem7/odom,/novatel/oem7/fix,/novatel/oem7/odom,39.663,-75.756,-1.800922355,0.001016314,0.000810570,0.000452175,0.000910182,0.000810570,,,
1786043784512867038,1786043784.512057708,/novatel/oem7/bestpos,/novatel/oem7/bestpos,/novatel/oem7/odom,39.663,-75.756,33.181502264,0.001016314,0.000810570,0.000452175,0.000910182,0.000810570,,novatel_oem7_msgs.msg.SolutionStatus(status=0),novatel_oem7_msgs.msg.PositionOrVelocityType(type=53)
1786043784514320856,1786043784.512443488,/novatel/oem7/bestvel,/novatel/oem7/bestpos,/novatel/oem7/bestvel,39.663,-75.756,33.181502264,0.000971807,0.000818008,,,,52.009851051,novatel_oem7_msgs.msg.SolutionStatus(status=0),novatel_oem7_msgs.msg.PositionOrVelocityType(type=53)
1786043784516003890,1786043784.514370606,/novatel/oem7/odom,/novatel/oem7/bestpos,/novatel/oem7/odom,39.663,-75.756,33.181502264,0.001016314,0.000810570,0.000452175,0.000910182,0.000810570,,,
1786043784525830062,1786043784.525170285,/novatel/oem7/inspva,/novatel/oem7/inspva,/novatel/oem7/inspva,39.663,-75.756,-1.800920491,0.001298159,0.000213662,0.000985476,0.000845017,0.000213662,,novatel_oem7_msgs.msg.InertialSolutionStatus(status=3),
1786043784527248283,1786043784.525368637,/novatel/oem7/fix,/novatel/oem7/fix,/novatel/oem7/inspva,39.663,-75.756,-1.800920491,0.001298159,0.000213662,0.000985476,0.000845017,0.000213662,,0,
1786043784528304323,1786043784.525732951,/novatel/oem7/odom,/novatel/oem7/fix,/novatel/oem7/odom,39.663,-75.756,-1.800920491,0.001297197,0.000219428,0.000891331,0.000942469,0.000219428,,,
1786043784536041801,1786043784.535327657,/novatel/oem7/odom,/novatel/oem7/fix,/novatel/oem7/odom,39.663,-75.756,-1.800920491,0.001297197,0.000219428,0.000891331,0.000942469,0.000219428,,,
1786043784545819653,1786043784.544953264,/novatel/oem7/inspva,/novatel/oem7/inspva,/novatel/oem7/inspva,39.663,-75.756,-1.800913651,0.000612395,0.000526268,0.000490597,0.000366527,0.000526268,,novatel_oem7_msgs.msg.InertialSolutionStatus(status=3),
1786043784547514454,1786043784.545165166,/novatel/oem7/fix,/novatel/oem7/fix,/novatel/oem7/inspva,39.663,-75.756,-1.800913651,0.000612395,0.000526268,0.000490597,0.000366527,0.000526268,,0,
1786043784548849233,1786043784.545481884,/novatel/oem7/odom,/novatel/oem7/fix,/novatel/oem7/odom,39.663,-75.756,-1.800913651,0.000610087,0.000528943,0.000388085,0.000470740,0.000528943,,,
1786043784556633121,1786043784.555705376,/novatel/oem7/odom,/novatel/oem7/fix,/novatel/oem7/odom,39.663,-75.756,-1.800913651,0.000610087,0.000528943,0.000388085,0.000470740,0.000528943,,,
1786043784567399690,1786043784.566531128,/novatel/oem7/inspva,/novatel/oem7/inspva,/novatel/oem7/inspva,39.663,-75.756,-1.800904475,0.000965210,0.000786410,0.000898934,0.000351494,0.000786410,,novatel_oem7_msgs.msg.InertialSolutionStatus(status=3),
1786043784569177041,1786043784.566770510,/novatel/oem7/fix,/novatel/oem7/fix,/novatel/oem7/inspva,39.663,-75.756,-1.800904475,0.000965210,0.000786410,0.000898934,0.000351494,0.000786410,,0,
1786043784570266232,1786043784.567450320,/novatel/oem7/odom,/novatel/oem7/fix,/novatel/oem7/odom,39.663,-75.756,-1.800904475,0.000962132,0.000790173,0.000392043,0.000878635,0.000790173,,,
1786043784575654163,1786043784.574673680,/novatel/oem7/odom,/novatel/oem7/fix,/novatel/oem7/odom,39.663,-75.756,-1.800904475,0.000962132,0.000790173,0.000392043,0.000878635,0.000790173,,,
1786043784585751699,1786043784.585034771,/novatel/oem7/inspva,/novatel/oem7/inspva,/novatel/oem7/inspva,39.663,-75.756,-1.800899157,0.000431308,0.001000463,0.000423117,0.000083655,0.001000463,,novatel_oem7_msgs.msg.InertialSolutionStatus(status=3),
1786043784587176286,1786043784.585198086,/novatel/oem7/fix,/novatel/oem7/fix,/novatel/oem7/inspva,39.663,-75.756,-1.800899157,0.000431308,0.001000463,0.000423117,0.000083655,0.001000463,,0,
1786043784588182076,1786043784.585555116,/novatel/oem7/odom,/novatel/oem7/fix,/novatel/oem7/odom,39.663,-75.756,-1.800899157,0.000427876,0.001001935,0.000100488,0.000415909,0.001001935,,,
1786043784595131106,1786043784.594493082,/novatel/oem7/odom,/novatel/oem7/fix,/novatel/oem7/odom,39.663,-75.756,-1.800899157,0.000427876,0.001001935,0.000100488,0.000415909,0.001001935,,,
1786043784607057239,1786043784.606490572,/novatel/oem7/inspva,/novatel/oem7/inspva,/novatel/oem7/inspva,39.663,-75.756,-1.800897015,0.001094858,0.000214200,0.000720905,0.000824020,0.000214200,,novatel_oem7_msgs.msg.InertialSolutionStatus(status=3),
1786043784608398727,1786043784.606608282,/novatel/oem7/fix,/novatel/oem7/fix,/novatel/oem7/inspva,39.663,-75.756,-1.800897015,0.001094858,0.000214200,0.000720905,0.000824020,0.000214200,,0,
1786043784609590507,1786043784.607090426,/novatel/oem7/odom,/novatel/oem7/fix,/novatel/oem7/odom,39.663,-75.756,-1.800897015,0.001093876,0.000219157,0.000857438,0.000679238,0.000219157,,,
1786043784611468616,1786043784.610362722,/novatel/oem7/bestpos,/novatel/oem7/bestpos,/novatel/oem7/odom,39.663,-75.756,33.181527618,0.001093876,0.000219157,0.000857438,0.000679238,0.000219157,,novatel_oem7_msgs.msg.SolutionStatus(status=0),novatel_oem7_msgs.msg.PositionOrVelocityType(type=53)
1786043784612831134,1786043784.610807967,/novatel/oem7/bestvel,/novatel/oem7/bestpos,/novatel/oem7/bestvel,39.663,-75.756,33.181527618,0.000937368,0.000339864,,,,31.907859901,novatel_oem7_msgs.msg.SolutionStatus(status=0),novatel_oem7_msgs.msg.PositionOrVelocityType(type=53)
1786043784616359800,1786043784.615322412,/novatel/oem7/odom,/novatel/oem7/bestpos,/novatel/oem7/odom,39.663,-75.756,33.181527618,0.001093876,0.000219157,0.000857438,0.000679238,0.000219157,,,
1786043784625940939,1786043784.625214518,/novatel/oem7/inspva,/novatel/oem7/inspva,/novatel/oem7/inspva,39.663,-75.756,-1.800887320,0.000556712,0.000753017,0.000498180,0.000248486,0.000753017,,novatel_oem7_msgs.msg.InertialSolutionStatus(status=3),
1786043784627615481,1786043784.625498758,/novatel/oem7/fix,/novatel/oem7/fix,/novatel/oem7/inspva,39.663,-75.756,-1.800887320,0.000556712,0.000753017,0.000498180,0.000248486,0.000753017,,0,
1786043784629014575,1786043784.625897328,/novatel/oem7/odom,/novatel/oem7/fix,/novatel/oem7/odom,39.663,-75.756,-1.800887320,0.000553630,0.000755286,0.000269718,0.000483485,0.000755286,,,
1786043784635116269,1786043784.634346567,/novatel/oem7/odom,/novatel/oem7/fix,/novatel/oem7/odom,39.663,-75.756,-1.800887320,0.000553630,0.000755286,0.000269718,0.000483485,0.000755286,,,
1786043784645728745,1786043784.645096992,/novatel/oem7/inspva,/novatel/oem7/inspva,/novatel/oem7/inspva,39.663,-75.756,-1.800882862,0.000696340,0.000491950,0.000193370,0.000668953,0.000491950,,novatel_oem7_msgs.msg.InertialSolutionStatus(status=3),
1786043784647146962,1786043784.645281243,/novatel/oem7/fix,/novatel/oem7/fix,/novatel/oem7/inspva,39.663,-75.756,-1.800882862,0.000696340,0.000491950,0.000193370,0.000668953,0.000491950,,0,
1786043784648253948,1786043784.645761745,/novatel/oem7/odom,/novatel/oem7/fix,/novatel/oem7/odom,39.663,-75.756,-1.800882862,0.000694265,0.000494874,0.000675768,0.000159188,0.000494874,,,
1786043784657914213,1786043784.656668605,/novatel/oem7/odom,/novatel/oem7/fix,/novatel/oem7/odom,39.663,-75.756,-1.800882862,0.000694265,0.000494874,0.000675768,0.000159188,0.000494874,,,
1786043784665757077,1786043784.664952361,/novatel/oem7/inspva,/novatel/oem7/inspva,/novatel/oem7/inspva,39.663,-75.756,-1.800876956,0.000598074,0.000648329,0.000223130,0.000554892,0.000648329,,novatel_oem7_msgs.msg.InertialSolutionStatus(status=3),
1786043784667515850,1786043784.665232894,/novatel/oem7/fix,/novatel/oem7/fix,/novatel/oem7/inspva,39.663,-75.756,-1.800876956,0.000598074,0.000648329,0.000223130,0.000554892,0.000648329,,0,
1786043784668902214,1786043784.665541511,/novatel/oem7/odom,/novatel/oem7/fix,/novatel/oem7/odom,39.663,-75.756,-1.800876956,0.000595236,0.000650935,0.000562711,0.000194068,0.000650935,,,
1786043784675450072,1786043784.674591822,/novatel/oem7/odom,/novatel/oem7/fix,/novatel/oem7/odom,39.663,-75.756,-1.800876956,0.000595236,0.000650935,0.000562711,0.000194068,0.000650935,,,
1786043784687214155,1786043784.686040073,/novatel/oem7/inspva,/novatel/oem7/inspva,/novatel/oem7/inspva,39.663,-75.756,-1.800870886,0.000729193,0.000536206,0.000480242,0.000548717,0.000536206,,novatel_oem7_msgs.msg.InertialSolutionStatus(status=3),
1786043784688876662,1786043784.686359143,/novatel/oem7/fix,/novatel/oem7/fix,/novatel/oem7/inspva,39.663,-75.756,-1.800870886,0.000729193,0.000536206,0.000480242,0.000548717,0.000536206,,0,
1786043784689970565,1786043784.686877191,/novatel/oem7/odom,/novatel/oem7/fix,/novatel/oem7/odom,39.663,-75.756,-1.800870886,0.000726752,0.000539510,0.000569514,0.000451466,0.000539510,,,
1786043784695264954,1786043784.694641447,/novatel/oem7/odom,/novatel/oem7/fix,/novatel/oem7/odom,39.663,-75.756,-1.800870886,0.000726752,0.000539510,0.000569514,0.000451466,0.000539510,,,
1786043784706440971,1786043784.705837870,/novatel/oem7/inspva,/novatel/oem7/inspva,/novatel/oem7/inspva,39.663,-75.756,-1.800862558,0.000497123,0.000777688,0.000360344,0.000342466,0.000777688,,novatel_oem7_msgs.msg.InertialSolutionStatus(status=3),
1786043784708018945,1786043784.706072189,/novatel/oem7/fix,/novatel/oem7/fix,/novatel/oem7/inspva,39.663,-75.756,-1.800862558,0.000497123,0.000777688,0.000360344,0.000342466,0.000777688,,0,
1786043784709276572,1786043784.706557530,/novatel/oem7/odom,/novatel/oem7/fix,/novatel/oem7/odom,39.663,-75.756,-1.800862558,0.000493617,0.000779918,0.000356755,0.000341150,0.000779918,,,
1786043784710802463,1786043784.709495373,/novatel/oem7/bestpos,/novatel/oem7/bestpos,/novatel/oem7/odom,39.663,-75.756,33.181552097,0.000493617,0.000779918,0.000356755,0.000341150,0.000779918,,novatel_oem7_msgs.msg.SolutionStatus(status=0),novatel_oem7_msgs.msg.PositionOrVelocityType(type=53)
1786043784712675339,1786043784.710275714,/novatel/oem7/bestvel,/novatel/oem7/bestpos,/novatel/oem7/bestvel,39.663,-75.756,33.181552097,0.000985663,0.000398435,,,,41.595978591,novatel_oem7_msgs.msg.SolutionStatus(status=0),novatel_oem7_msgs.msg.PositionOrVelocityType(type=53)
1786043784715505115,1786043784.714733148,/novatel/oem7/odom,/novatel/oem7/bestpos,/novatel/oem7/odom,39.663,-75.756,33.181552097,0.000493617,0.000779918,0.000356755,0.000341150,0.000779918,,,
1786043784726072544,1786043784.725409983,/novatel/oem7/inspva,/novatel/oem7/inspva,/novatel/oem7/inspva,39.663,-75.756,-1.800854230,0.000605472,0.000656163,0.000406130,0.000449060,0.000656163,,novatel_oem7_msgs.msg.InertialSolutionStatus(status=3),
1786043784727632444,1786043784.725709616,/novatel/oem7/fix,/novatel/oem7/fix,/novatel/oem7/inspva,39.663,-75.756,-1.800854230,0.000605472,0.000656163,0.000406130,0.000449060,0.000656163,,0,
1786043784729049571,1786043784.726200234,/novatel/oem7/odom,/novatel/oem7/fix,/novatel/oem7/odom,39.663,-75.756,-1.800854230,0.000602484,0.000658908,0.000465907,0.000381991,0.000658908,,,
1786043784735969913,1786043784.734993313,/novatel/oem7/odom,/novatel/oem7/fix,/novatel/oem7/odom,39.663,-75.756,-1.800854230,0.000602484,0.000658908,0.000465907,0.000381991,0.000658908,,,
1786043784747219709,1786043784.746280063,/novatel/oem7/inspva,/novatel/oem7/inspva,/novatel/oem7/inspva,39.663,-75.756,-1.800847157,0.000618449,0.000479218,0.000475301,0.000395687,0.000479218,,novatel_oem7_msgs.msg.InertialSolutionStatus(status=3),
1786043784749209794,1786043784.746588109,/novatel/oem7/fix,/novatel/oem7/fix,/novatel/oem7/inspva,39.663,-75.756,-1.800847157,0.000618449,0.000479218,0.000475301,0.000395687,0.000479218,,0,
1786043784750658354,1786043784.747048504,/novatel/oem7/odom,/novatel/oem7/fix,/novatel/oem7/odom,39.663,-75.756,-1.800847157,0.000616310,0.000481965,0.000416634,0.000454153,0.000481965,,,
1786043784756619211,1786043784.755816908,/novatel/oem7/odom,/novatel/oem7/fix,/novatel/oem7/odom,39.663,-75.756,-1.800847157,0.000616310,0.000481965,0.000416634,0.000454153,0.000481965,,,
1786043784765965617,1786043784.765299301,/novatel/oem7/inspva,/novatel/oem7/inspva,/novatel/oem7/inspva,39.663,-75.756,-1.800833098,0.000389147,0.001062723,0.000076635,0.000381526,0.001062723,,novatel_oem7_msgs.msg.InertialSolutionStatus(status=3),
1786043784767516726,1786043784.765602571,/novatel/oem7/fix,/novatel/oem7/fix,/novatel/oem7/inspva,39.663,-75.756,-1.800833098,0.000389147,0.001062723,0.000076635,0.000381526,0.001062723,,0,
1786043784769069894,1786043784.766139289,/novatel/oem7/odom,/novatel/oem7/fix,/novatel/oem7/odom,39.663,-75.756,-1.800833098,0.000384829,0.001064294,0.000380862,0.000055113,0.001064294,,,
1786043784776033046,1786043784.775399406,/novatel/oem7/odom,/novatel/oem7/fix,/novatel/oem7/odom,39.663,-75.756,-1.800833098,0.000384829,0.001064294,0.000380862,0.000055113,0.001064294,,,
1786043784785991934,1786043784.785089870,/novatel/oem7/inspva,/novatel/oem7/inspva,/novatel/oem7/inspva,39.663,-75.756,-1.800826942,0.000647503,0.000795285,0.000198643,0.000616280,0.000795285,,novatel_oem7_msgs.msg.InertialSolutionStatus(status=3),
1786043784788126208,1786043784.785373416,/novatel/oem7/fix,/novatel/oem7/fix,/novatel/oem7/inspva,39.663,-75.756,-1.800826942,0.000647503,0.000795285,0.000198643,0.000616280,0.000795285,,0,
1786043784789662153,1786043784.785863728,/novatel/oem7/odom,/novatel/oem7/fix,/novatel/oem7/odom,39.663,-75.756,-1.800826942,0.000644093,0.000798049,0.000622279,0.000166204,0.000798049,,,
1786043784795221412,1786043784.794402039,/novatel/oem7/odom,/novatel/oem7/fix,/novatel/oem7/odom,39.663,-75.756,-1.800826942,0.000644093,0.000798049,0.000622279,0.000166204,0.000798049,,,
1786043784806975813,1786043784.806476622,/novatel/oem7/inspva,/novatel/oem7/inspva,/novatel/oem7/inspva,39.663,-75.756,-1.800817470,0.000446181,0.000554767,0.000259050,0.000363278,0.000554767,,novatel_oem7_msgs.msg.InertialSolutionStatus(status=3),
1786043784808230155,1786043784.806672054,/novatel/oem7/fix,/novatel/oem7/fix,/novatel/oem7/inspva,39.663,-75.756,-1.800817470,0.000446181,0.000554767,0.000259050,0.000363278,0.000554767,,0,
1786043784809389941,1786043784.807096371,/novatel/oem7/odom,/novatel/oem7/fix,/novatel/oem7/odom,39.663,-75.756,-1.800817470,0.000443643,0.000556798,0.000373420,0.000239535,0.000556798,,,
1786043784811197243,1786043784.810275253,/novatel/oem7/bestpos,/novatel/oem7/bestpos,/novatel/oem7/odom,39.663,-75.756,33.181583561,0.000443643,0.000556798,0.000373420,0.000239535,0.000556798,,novatel_oem7_msgs.msg.SolutionStatus(status=0),novatel_oem7_msgs.msg.PositionOrVelocityType(type=53)
1786043784812859499,1786043784.810666541,/novatel/oem7/bestvel,/novatel/oem7/bestpos,/novatel/oem7/bestvel,39.663,-75.756,33.181583561,0.000791739,0.000391240,,,,76.928936959,novatel_oem7_msgs.msg.SolutionStatus(status=0),novatel_oem7_msgs.msg.PositionOrVelocityType(type=53)
1786043784815532776,1786043784.814694248,/novatel/oem7/odom,/novatel/oem7/bestpos,/novatel/oem7/odom,39.663,-75.756,33.181583561,0.000443643,0.000556798,0.000373420,0.000239535,0.000556798,,,
1786043784826274998,1786043784.825152173,/novatel/oem7/inspva,/novatel/oem7/inspva,/novatel/oem7/inspva,39.663,-75.756,-1.800806849,0.000707290,0.000705070,0.000342891,0.000618615,0.000705070,,novatel_oem7_msgs.msg.InertialSolutionStatus(status=3),
1786043784828625662,1786043784.825488286,/novatel/oem7/fix,/novatel/oem7/fix,/novatel/oem7/inspva,39.663,-75.756,-1.800806849,0.000707290,0.000705070,0.000342891,0.000618615,0.000705070,,0,
1786043784830474080,1786043784.826034069,/novatel/oem7/odom,/novatel/oem7/fix,/novatel/oem7/odom,39.663,-75.756,-1.800806849,0.000704104,0.000708252,0.000631990,0.000310405,0.000708252,,,
1786043784836786127,1786043784.835820157,/novatel/oem7/odom,/novatel/oem7/fix,/novatel/oem7/odom,39.663,-75.756,-1.800806849,0.000704104,0.000708252,0.000631990,0.000310405,0.000708252,,,
1786043784846064513,1786043784.845379590,/novatel/oem7/inspva,/novatel/oem7/inspva,/novatel/oem7/inspva,39.663,-75.756,-1.800792120,0.000300064,0.001059153,0.000051669,0.000295582,0.001059153,,novatel_oem7_msgs.msg.InertialSolutionStatus(status=3),
1786043784847755064,1786043784.845576048,/novatel/oem7/fix,/novatel/oem7/fix,/novatel/oem7/inspva,39.663,-75.756,-1.800792120,0.000300064,0.001059153,0.000051669,0.000295582,0.001059153,,0,
1786043784849025160,1786043784.846209139,/novatel/oem7/odom,/novatel/oem7/fix,/novatel/oem7/odom,39.663,-75.756,-1.800792120,0.000295794,0.001060353,0.000293790,0.000034371,0.001060353,,,
1786043784857604609,1786043784.856469112,/novatel/oem7/odom,/novatel/oem7/fix,/novatel/oem7/odom,39.663,-75.756,-1.800792120,0.000295794,0.001060353,0.000293790,0.000034371,0.001060353,,,
1786043784867347117,1786043784.866470419,/novatel/oem7/inspva,/novatel/oem7/inspva,/novatel/oem7/inspva,39.663,-75.756,-1.800783966,0.000640034,0.000692200,0.000539267,0.000344725,0.000692200,,novatel_oem7_msgs.msg.InertialSolutionStatus(status=3),
1786043784869480396,1786043784.866726655,/novatel/oem7/fix,/novatel/oem7/fix,/novatel/oem7/inspva,39.663,-75.756,-1.800783966,0.000640034,0.000692200,0.000539267,0.000344725,0.000692200,,0,
1786043784871241053,1786043784.867218693,/novatel/oem7/odom,/novatel/oem7/fix,/novatel/oem7/odom,39.663,-75.756,-1.800783966,0.000637044,0.000694953,0.000368056,0.000519962,0.000694953,,,
1786043784875726759,1786043784.874691955,/novatel/oem7/odom,/novatel/oem7/fix,/novatel/oem7/odom,39.663,-75.756,-1.800783966,0.000637044,0.000694953,0.000368056,0.000519962,0.000694953,,,
1786043784886725356,1786043784.885385636,/novatel/oem7/inspva,/novatel/oem7/inspva,/novatel/oem7/inspva,39.663,-75.756,-1.800771310,0.000622075,0.000960313,-0.000259161,0.000565520,0.000960313,,novatel_oem7_msgs.msg.InertialSolutionStatus(status=3),
1786043784888906061,1786043784.885860761,/novatel/oem7/fix,/novatel/oem7/fix,/novatel/oem7/inspva,39.663,-75.756,-1.800771310,0.000622075,0.000960313,-0.000259161,0.000565520,0.000960313,,0,
1786043784890139671,1786043784.886256939,/novatel/oem7/odom,/novatel/oem7/fix,/novatel/oem7/odom,39.663,-75.756,-1.800771310,0.000620051,0.000961621,0.000548580,-0.000289004,0.000961621,,,
1786043784896264738,1786043784.895577198,/novatel/oem7/odom,/novatel/oem7/fix,/novatel/oem7/odom,39.663,-75.756,-1.800771310,0.000620051,0.000961621,0.000548580,-0.000289004,0.000961621,,,
1786043784906584589,1786043784.905837815,/novatel/oem7/inspva,/novatel/oem7/inspva,/novatel/oem7/inspva,39.663,-75.756,-1.800762977,0.000782685,0.000576106,0.000011044,0.000782607,0.000576106,,novatel_oem7_msgs.msg.InertialSolutionStatus(status=3),
1786043784908635457,1786043784.906058941,/novatel/oem7/fix,/novatel/oem7/fix,/novatel/oem7/inspva,39.663,-75.756,-1.800762977,0.000782685,0.000576106,0.000011044,0.000782607,0.000576106,,0,
1786043784910292220,1786043784.906608899,/novatel/oem7/odom,/novatel/oem7/fix,/novatel/oem7/odom,39.663,-75.756,-1.800762977,0.000780579,0.000578957,0.000780051,-0.000028707,0.000578957,,,
1786043784912599420,1786043784.909642031,/novatel/oem7/bestpos,/novatel/oem7/bestpos,/novatel/oem7/odom,39.663,-75.756,33.181633477,0.000780579,0.000578957,0.000780051,-0.000028707,0.000578957,,novatel_oem7_msgs.msg.SolutionStatus(status=0),novatel_oem7_msgs.msg.PositionOrVelocityType(type=53)
1786043784914147582,1786043784.910327836,/novatel/oem7/bestvel,/novatel/oem7/bestpos,/novatel/oem7/bestvel,39.663,-75.756,33.181633477,0.000725320,0.000552006,,,,81.204522273,novatel_oem7_msgs.msg.SolutionStatus(status=0),novatel_oem7_msgs.msg.PositionOrVelocityType(type=53)
1786043784916494332,1786043784.914554535,/novatel/oem7/odom,/novatel/oem7/bestpos,/novatel/oem7/odom,39.663,-75.756,33.181633477,0.000780579,0.000578957,0.000780051,-0.000028707,0.000578957,,,
1786043784927213697,1786043784.926576030,/novatel/oem7/inspva,/novatel/oem7/inspva,/novatel/oem7/inspva,39.663,-75.756,-1.800748535,0.000199281,0.000917349,-0.000123285,0.000156569,0.000917349,,novatel_oem7_msgs.msg.InertialSolutionStatus(status=3),
1786043784928740665,1786043784.926681292,/novatel/oem7/fix,/novatel/oem7/fix,/novatel/oem7/inspva,39.663,-75.756,-1.800748535,0.000199281,0.000917349,-0.000123285,0.000156569,0.000917349,,0,
1786043784929979918,1786043784.927130436,/novatel/oem7/odom,/novatel/oem7/fix,/novatel/oem7/odom,39.663,-75.756,-1.800748535,0.000198323,0.000917556,0.000146924,-0.000133212,0.000917556,,,
1786043784935936874,1786043784.934996658,/novatel/oem7/odom,/novatel/oem7/fix,/novatel/oem7/odom,39.663,-75.756,-1.800748535,0.000198323,0.000917556,0.000146924,-0.000133212,0.000917556,,,
1786043784946180424,1786043784.945117189,/novatel/oem7/inspva,/novatel/oem7/inspva,/novatel/oem7/inspva,39.663,-75.756,-1.800739709,0.000457123,0.000651063,0.000139640,0.000435273,0.000651063,,novatel_oem7_msgs.msg.InertialSolutionStatus(status=3),
1786043784948346842,1786043784.945340202,/novatel/oem7/fix,/novatel/oem7/fix,/novatel/oem7/inspva,39.663,-75.756,-1.800739709,0.000457123,0.000651063,0.000139640,0.000435273,0.000651063,,0,
1786043784950166067,1786043784.945995406,/novatel/oem7/odom,/novatel/oem7/fix,/novatel/oem7/odom,39.663,-75.756,-1.800739709,0.000454328,0.000653017,0.000439139,0.000116495,0.000653017,,,
1786043784956409660,1786043784.955558505,/novatel/oem7/odom,/novatel/oem7/fix,/novatel/oem7/odom,39.663,-75.756,-1.800739709,0.000454328,0.000653017,0.000439139,0.000116495,0.000653017,,,
1786043784965745867,1786043784.965176704,/novatel/oem7/inspva,/novatel/oem7/inspva,/novatel/oem7/inspva,39.663,-75.756,-1.800723415,0.000566296,0.001046024,-0.000436417,0.000360876,0.001046024,,novatel_oem7_msgs.msg.InertialSolutionStatus(status=3),
1786043784967241666,1786043784.965274438,/novatel/oem7/fix,/novatel/oem7/fix,/novatel/oem7/inspva,39.663,-75.756,-1.800723415,0.000566296,0.001046024,-0.000436417,0.000360876,0.001046024,,0,
1786043784968495872,1786043784.966007754,/novatel/oem7/odom,/novatel/oem7/fix,/novatel/oem7/odom,39.663,-75.756,-1.800723415,0.000566190,0.001046081,0.000335215,-0.000456291,0.001046081,,,
1786043784976529340,1786043784.975184422,/novatel/oem7/odom,/novatel/oem7/fix,/novatel/oem7/odom,39.663,-75.756,-1.800723415,0.000566190,0.001046081,0.000335215,-0.000456291,0.001046081,,,
1786043784986942467,1786043784.986146866,/novatel/oem7/inspva,/novatel/oem7/inspva,/novatel/oem7/inspva,39.663,-75.756,-1.800711649,0.000712068,0.000984307,-0.000213323,0.000679363,0.000984307,,novatel_oem7_msgs.msg.InertialSolutionStatus(status=3),
1786043784988962398,1786043784.986455619,/novatel/oem7/fix,/novatel/oem7/fix,/novatel/oem7/inspva,39.663,-75.756,-1.800711649,0.000712068,0.000984307,-0.000213323,0.000679363,0.000984307,,0,
1786043784990720462,1786043784.986967695,/novatel/oem7/odom,/novatel/oem7/fix,/novatel/oem7/odom,39.663,-75.756,-1.800711649,0.000709515,0.000986149,0.000664441,-0.000248857,0.000986149,,,
1786043784995534014,1786043784.994618752,/novatel/oem7/odom,/novatel/oem7/fix,/novatel/oem7/odom,39.663,-75.756,-1.800711649,0.000709515,0.000986149,0.000664441,-0.000248857,0.000986149,,,
1786043785012211972,1786043785.010666083,/novatel/oem7/inspva,/novatel/oem7/inspva,/novatel/oem7/inspva,39.663,-75.756,-1.800696891,0.000609643,0.000882714,-0.000400290,0.000459818,0.000882714,,novatel_oem7_msgs.msg.InertialSolutionStatus(status=3),
1786043785014201662,1786043785.012274629,/novatel/oem7/fix,/novatel/oem7/fix,/novatel/oem7/inspva,39.663,-75.756,-1.800696891,0.000609643,0.000882714,-0.000400290,0.000459818,0.000882714,,0,
1786043785016106801,1786043785.014380830,/novatel/oem7/odom,/novatel/oem7/fix,/novatel/oem7/odom,39.663,-75.756,-1.800696891,0.000608892,0.000883232,0.000436402,-0.000424621,0.000883232,,,
1786043785018413214,1786043785.017257396,/novatel/oem7/odom,/novatel/oem7/fix,/novatel/oem7/odom,39.663,-75.756,-1.800696891,0.000608892,0.000883232,0.000436402,-0.000424621,0.000883232,,,
1786043785026817022,1786043785.025825748,/novatel/oem7/bestpos,/novatel/oem7/bestpos,/novatel/oem7/odom,39.663,-75.756,33.181683286,0.000608892,0.000883232,0.000436402,-0.000424621,0.000883232,,novatel_oem7_msgs.msg.SolutionStatus(status=0),novatel_oem7_msgs.msg.PositionOrVelocityType(type=53)
1786043785028831022,1786043785.026565066,/novatel/oem7/bestvel,/novatel/oem7/bestpos,/novatel/oem7/bestvel,39.663,-75.756,33.181683286,0.000932248,0.000252853,,,,70.313857804,novatel_oem7_msgs.msg.SolutionStatus(status=0),novatel_oem7_msgs.msg.PositionOrVelocityType(type=53)
1786043785029824592,1786043785.027095391,/novatel/oem7/inspva,/novatel/oem7/inspva,/novatel/oem7/inspva,39.663,-75.756,-1.800682457,0.000877910,0.000828091,-0.000447570,0.000755253,0.000828091,,novatel_oem7_msgs.msg.InertialSolutionStatus(status=3),
1786043785030752111,1786043785.027339478,/novatel/oem7/fix,/novatel/oem7/fix,/novatel/oem7/inspva,39.663,-75.756,-1.800682457,0.000877910,0.000828091,-0.000447570,0.000755253,0.000828091,,0,
1786043785031892697,1786043785.027741248,/novatel/oem7/odom,/novatel/oem7/fix,/novatel/oem7/odom,39.663,-75.756,-1.800682457,0.000876538,0.000829544,0.000729379,-0.000486133,0.000829544,,,
1786043785035521496,1786043785.034667125,/novatel/oem7/odom,/novatel/oem7/fix,/novatel/oem7/odom,39.663,-75.756,-1.800682457,0.000876538,0.000829544,0.000729379,-0.000486133,0.000829544,,,
1786043785048462060,1786043785.047113420,/novatel/oem7/inspva,/novatel/oem7/inspva,/novatel/oem7/inspva,39.663,-75.756,-1.800680519,0.000603168,0.000972733,-0.000575739,0.000179821,0.000972733,,novatel_oem7_msgs.msg.InertialSolutionStatus(status=3),
1786043785050573011,1786043785.048572820,/novatel/oem7/fix,/novatel/oem7/fix,/novatel/oem7/inspva,39.663,-75.756,-1.800680519,0.000603168,0.000972733,-0.000575739,0.000179821,0.000972733,,0,
1786043785053089860,1786043785.050017229,/novatel/oem7/odom,/novatel/oem7/fix,/novatel/oem7/odom,39.663,-75.756,-1.800680519,0.000604769,0.000971738,0.000147833,-0.000586422,0.000971738,,,
1786043785058007963,1786043785.057049710,/novatel/oem7/odom,/novatel/oem7/fix,/novatel/oem7/odom,39.663,-75.756,-1.800680519,0.000604769,0.000971738,0.000147833,-0.000586422,0.000971738,,,
1786043785065761211,1786043785.065037940,/novatel/oem7/inspva,/novatel/oem7/inspva,/novatel/oem7/inspva,39.663,-75.756,-1.800684227,0.000639005,0.001015553,-0.000507950,0.000387703,0.001015553,,novatel_oem7_msgs.msg.InertialSolutionStatus(status=3),
1786043785067310249,1786043785.065139462,/novatel/oem7/fix,/novatel/oem7/fix,/novatel/oem7/inspva,39.663,-75.756,-1.800684227,0.000639005,0.001015553,-0.000507950,0.000387703,0.001015553,,0,
1786043785068416187,1786043785.065706917,/novatel/oem7/odom,/novatel/oem7/fix,/novatel/oem7/odom,39.663,-75.756,-1.800684227,0.000639088,0.001015501,0.000358619,-0.000528985,0.001015501,,,
1786043785077406011,1786043785.076392181,/novatel/oem7/odom,/novatel/oem7/fix,/novatel/oem7/odom,39.663,-75.756,-1.800684227,0.000639088,0.001015501,0.000358619,-0.000528985,0.001015501,,,
1786043785086840960,1786043785.085706631,/novatel/oem7/inspva,/novatel/oem7/inspva,/novatel/oem7/inspva,39.663,-75.756,-1.800689260,0.000537904,0.000505227,-0.000522207,0.000128997,0.000505227,,novatel_oem7_msgs.msg.InertialSolutionStatus(status=3),
1786043785088944321,1786043785.086887886,/novatel/oem7/fix,/novatel/oem7/fix,/novatel/oem7/inspva,39.663,-75.756,-1.800689260,0.000537904,0.000505227,-0.000522207,0.000128997,0.000505227,,0,
1786043785090329391,1786043785.088113975,/novatel/oem7/odom,/novatel/oem7/fix,/novatel/oem7/odom,39.663,-75.756,-1.800689260,0.000538858,0.000504209,0.000101437,-0.000529225,0.000504209,,,
1786043785095527240,1786043785.094784176,/novatel/oem7/odom,/novatel/oem7/fix,/novatel/oem7/odom,39.663,-75.756,-1.800689260,0.000538858,0.000504209,0.000101437,-0.000529225,0.000504209,,,
1786043785106705029,1786043785.105843727,/novatel/oem7/inspva,/novatel/oem7/inspva,/novatel/oem7/inspva,39.663,-75.756,-1.800690696,0.000455324,0.000913491,-0.000385914,0.000241640,0.000913491,,novatel_oem7_msgs.msg.InertialSolutionStatus(status=3),
1786043785108243025,1786043785.105971008,/novatel/oem7/fix,/novatel/oem7/fix,/novatel/oem7/inspva,39.663,-75.756,-1.800690696,0.000455324,0.000913491,-0.000385914,0.000241640,0.000913491,,0,
1786043785109314802,1786043785.106555821,/novatel/oem7/odom,/novatel/oem7/fix,/novatel/oem7/odom,39.663,-75.756,-1.800690696,0.000455794,0.000913256,0.000219077,-0.000399692,0.000913256,,,
1786043785110847757,1786043785.109366062,/novatel/oem7/bestpos,/novatel/oem7/bestpos,/novatel/oem7/odom,39.663,-75.756,33.181686793,0.000455794,0.000913256,0.000219077,-0.000399692,0.000913256,,novatel_oem7_msgs.msg.SolutionStatus(status=0),novatel_oem7_msgs.msg.PositionOrVelocityType(type=53)
1786043785111763553,1786043785.110047056,/novatel/oem7/bestvel,/novatel/oem7/bestpos,/novatel/oem7/bestvel,39.663,-75.756,33.181686793,0.000474450,0.000673727,,,,109.193257812,novatel_oem7_msgs.msg.SolutionStatus(status=0),novatel_oem7_msgs.msg.PositionOrVelocityType(type=53)
1786043785115247315,1786043785.114462451,/novatel/oem7/odom,/novatel/oem7/bestpos,/novatel/oem7/odom,39.663,-75.756,33.181686793,0.000455794,0.000913256,0.000219077,-0.000399692,0.000913256,,,
1786043785126008310,1786043785.125325067,/novatel/oem7/inspva,/novatel/oem7/inspva,/novatel/oem7/inspva,39.663,-75.756,-1.800693105,0.000504173,0.000747935,-0.000429940,0.000263329,0.000747935,,novatel_oem7_msgs.msg.InertialSolutionStatus(status=3),
1786043785127390691,1786043785.125434727,/novatel/oem7/fix,/novatel/oem7/fix,/novatel/oem7/inspva,39.663,-75.756,-1.800693105,0.000504173,0.000747935,-0.000429940,0.000263329,0.000747935,,0,
1786043785128409808,1786043785.126173745,/novatel/oem7/odom,/novatel/oem7/fix,/novatel/oem7/odom,39.663,-75.756,-1.800693105,0.000504581,0.000747659,0.000239196,-0.000444283,0.000747659,,,
1786043785136772548,1786043785.135611130,/novatel/oem7/odom,/novatel/oem7/fix,/novatel/oem7/odom,39.663,-75.756,-1.800693105,0.000504581,0.000747659,0.000239196,-0.000444283,0.000747659,,,
1786043785146842030,1786043785.145663471,/novatel/oem7/inspva,/novatel/oem7/inspva,/novatel/oem7/inspva,39.663,-75.756,-1.800695799,0.000717804,0.000862435,-0.000585490,0.000415264,0.000862435,,novatel_oem7_msgs.msg.InertialSolutionStatus(status=3),
1786043785148814429,1786043785.146753599,/novatel/oem7/fix,/novatel/oem7/fix,/novatel/oem7/inspva,39.663,-75.756,-1.800695799,0.000717804,0.000862435,-0.000585490,0.000415264,0.000862435,,0,
1786043785150237524,1786043785.147831970,/novatel/oem7/odom,/novatel/oem7/fix,/novatel/oem7/odom,39.663,-75.756,-1.800695799,0.000718011,0.000862263,0.000382931,-0.000607374,0.000862263,,,
1786043785157037302,1786043785.156146667,/novatel/oem7/odom,/novatel/oem7/fix,/novatel/oem7/odom,39.663,-75.756,-1.800695799,0.000718011,0.000862263,0.000382931,-0.000607374,0.000862263,,,
1786043785167415573,1786043785.166715936,/novatel/oem7/inspva,/novatel/oem7/inspva,/novatel/oem7/inspva,39.663,-75.756,-1.800700252,0.000539206,0.000449501,-0.000415484,0.000343682,0.000449501,,novatel_oem7_msgs.msg.InertialSolutionStatus(status=3),
1786043785169022773,1786043785.166848726,/novatel/oem7/fix,/novatel/oem7/fix,/novatel/oem7/inspva,39.663,-75.756,-1.800700252,0.000539206,0.000449501,-0.000415484,0.000343682,0.000449501,,0,
1786043785170108767,1786043785.167298869,/novatel/oem7/odom,/novatel/oem7/fix,/novatel/oem7/odom,39.663,-75.756,-1.800700252,0.000539158,0.000449560,0.000321292,-0.000432969,0.000449560,,,
1786043785175696154,1786043785.174962836,/novatel/oem7/odom,/novatel/oem7/fix,/novatel/oem7/odom,39.663,-75.756,-1.800700252,0.000539158,0.000449560,0.000321292,-0.000432969,0.000449560,,,
1786043785185677427,1786043785.184979832,/novatel/oem7/inspva,/novatel/oem7/inspva,/novatel/oem7/inspva,39.663,-75.756,-1.800704267,0.000457451,0.000661995,-0.000428979,0.000158864,0.000661995,,novatel_oem7_msgs.msg.InertialSolutionStatus(status=3),
1786043785187221563,1786043785.185114543,/novatel/oem7/fix,/novatel/oem7/fix,/novatel/oem7/inspva,39.663,-75.756,-1.800704267,0.000457451,0.000661995,-0.000428979,0.000158864,0.000661995,,0,
1786043785188379781,1786043785.185614963,/novatel/oem7/odom,/novatel/oem7/fix,/novatel/oem7/odom,39.663,-75.756,-1.800704267,0.000458400,0.000661337,0.000135242,-0.000437996,0.000661337,,,
1786043785196745619,1786043785.195643671,/novatel/oem7/odom,/novatel/oem7/fix,/novatel/oem7/odom,39.663,-75.756,-1.800704267,0.000458400,0.000661337,0.000135242,-0.000437996,0.000661337,,,
1786043785207725612,1786043785.206805702,/novatel/oem7/inspva,/novatel/oem7/inspva,/novatel/oem7/inspva,39.663,-75.756,-1.800708103,0.000325720,0.000775206,-0.000053695,0.000321264,0.000775206,,novatel_oem7_msgs.msg.InertialSolutionStatus(status=3),
1786043785209415263,1786043785.207660065,/novatel/oem7/fix,/novatel/oem7/fix,/novatel/oem7/inspva,39.663,-75.756,-1.800708103,0.000325720,0.000775206,-0.000053695,0.000321264,0.000775206,,0,
1786043785210795760,1786043785.208725462,/novatel/oem7/odom,/novatel/oem7/fix,/novatel/oem7/odom,39.663,-75.756,-1.800708103,0.000323323,0.000776209,0.000315343,-0.000071392,0.000776209,,,
1786043785212749183,1786043785.210179391,/novatel/oem7/bestpos,/novatel/oem7/bestpos,/novatel/oem7/odom,39.663,-75.756,33.181662104,0.000323323,0.000776209,0.000315343,-0.000071392,0.000776209,,novatel_oem7_msgs.msg.SolutionStatus(status=0),novatel_oem7_msgs.msg.PositionOrVelocityType(type=53)
1786043785213985552,1786043785.211004689,/novatel/oem7/bestvel,/novatel/oem7/bestpos,/novatel/oem7/bestvel,39.663,-75.756,33.181662104,0.000677308,0.000674639,,,,105.026801257,novatel_oem7_msgs.msg.SolutionStatus(status=0),novatel_oem7_msgs.msg.PositionOrVelocityType(type=53)
1786043785216274562,1786043785.215278448,/novatel/oem7/odom,/novatel/oem7/bestpos,/novatel/oem7/odom,39.663,-75.756,33.181662104,0.000323323,0.000776209,0.000315343,-0.000071392,0.000776209,,,
1786043785227026343,1786043785.225963552,/novatel/oem7/inspva,/novatel/oem7/inspva,/novatel/oem7/inspva,39.663,-75.756,-1.800715858,0.000461382,0.000580561,-0.000438154,0.000144551,0.000580561,,novatel_oem7_msgs.msg.InertialSolutionStatus(status=3),
1786043785229052671,1786043785.226152068,/novatel/oem7/fix,/novatel/oem7/fix,/novatel/oem7/inspva,39.663,-75.756,-1.800715858,0.000461382,0.000580561,-0.000438154,0.000144551,0.000580561,,0,
1786043785230456501,1786043785.226769011,/novatel/oem7/odom,/novatel/oem7/fix,/novatel/oem7/odom,39.663,-75.756,-1.800715858,0.000462304,0.000579828,0.000120798,-0.000446243,0.000579828,,,
1786043785235692870,1786043785.234845632,/novatel/oem7/odom,/novatel/oem7/fix,/novatel/oem7/odom,39.663,-75.756,-1.800715858,0.000462304,0.000579828,0.000120798,-0.000446243,0.000579828,,,
1786043785246180486,1786043785.245348878,/novatel/oem7/inspva,/novatel/oem7/inspva,/novatel/oem7/inspva,39.663,-75.756,-1.800717495,0.000434432,0.000831351,-0.000181403,0.000394745,0.000831351,,novatel_oem7_msgs.msg.InertialSolutionStatus(status=3),
1786043785247846556,1786043785.246141286,/novatel/oem7/fix,/novatel/oem7/fix,/novatel/oem7/inspva,39.663,-75.756,-1.800717495,0.000434432,0.000831351,-0.000181403,0.000394745,0.000831351,,0,
1786043785249198536,1786043785.247123952,/novatel/oem7/odom,/novatel/oem7/fix,/novatel/oem7/odom,39.663,-75.756,-1.800717495,0.000432707,0.000832250,0.000382296,-0.000202695,0.000832250,,,
1786043785257485503,1786043785.256270121,/novatel/oem7/odom,/novatel/oem7/fix,/novatel/oem7/odom,39.663,-75.756,-1.800717495,0.000432707,0.000832250,0.000382296,-0.000202695,0.000832250,,,
1786043785266137314,1786043785.265277838,/novatel/oem7/inspva,/novatel/oem7/inspva,/novatel/oem7/inspva,39.663,-75.756,-1.800722525,0.000941842,0.000869403,-0.000606934,0.000720206,0.000869403,,novatel_oem7_msgs.msg.InertialSolutionStatus(status=3),
1786043785268041506,1786043785.265589598,/novatel/oem7/fix,/novatel/oem7/fix,/novatel/oem7/inspva,39.663,-75.756,-1.800722525,0.000941842,0.000869403,-0.000606934,0.000720206,0.000869403,,0,
1786043785269514308,1786043785.266212038,/novatel/oem7/odom,/novatel/oem7/fix,/novatel/oem7/odom,39.663,-75.756,-1.800722525,0.000941046,0.000870264,0.000686448,-0.000643706,0.000870264,,,
1786043785275417800,1786043785.274593149,/novatel/oem7/odom,/novatel/oem7/fix,/novatel/oem7/odom,39.663,-75.756,-1.800722525,0.000941046,0.000870264,0.000686448,-0.000643706,0.000870264,,,
1786043785286917379,1786043785.286375964,/novatel/oem7/inspva,/novatel/oem7/inspva,/novatel/oem7/inspva,39.663,-75.756,-1.800724899,0.000550053,0.000645177,-0.000082142,0.000543886,0.000645177,,novatel_oem7_msgs.msg.InertialSolutionStatus(status=3),
1786043785289076151,1786043785.286549032,/novatel/oem7/fix,/novatel/oem7/fix,/novatel/oem7/inspva,39.663,-75.756,-1.800724899,0.000550053,0.000645177,-0.000082142,0.000543886,0.000645177,,0,
1786043785290982184,1786043785.287031740,/novatel/oem7/odom,/novatel/oem7/fix,/novatel/oem7/odom,39.663,-75.756,-1.800724899,0.000548023,0.000646903,0.000536803,-0.000110328,0.000646903,,,
1786043785296799835,1786043785.295679971,/novatel/oem7/odom,/novatel/oem7/fix,/novatel/oem7/odom,39.663,-75.756,-1.800724899,0.000548023,0.000646903,0.000536803,-0.000110328,0.000646903,,,
1786043785306713638,1786043785.305867737,/novatel/oem7/inspva,/novatel/oem7/inspva,/novatel/oem7/inspva,39.663,-75.756,-1.800727605,0.000665345,0.000706594,-0.000441581,0.000497685,0.000706594,,novatel_oem7_msgs.msg.InertialSolutionStatus(status=3),
1786043785308500753,1786043785.306132759,/novatel/oem7/fix,/novatel/oem7/fix,/novatel/oem7/inspva,39.663,-75.756,-1.800727605,0.000665345,0.000706594,-0.000441581,0.000497685,0.000706594,,0,
1786043785309846130,1786043785.306547192,/novatel/oem7/odom,/novatel/oem7/fix,/novatel/oem7/odom,39.663,-75.756,-1.800727605,0.000664782,0.000707123,0.000472882,-0.000467245,0.000707123,,,
1786043785311841724,1786043785.309411282,/novatel/oem7/bestpos,/novatel/oem7/bestpos,/novatel/oem7/odom,39.663,-75.756,33.181644368,0.000664782,0.000707123,0.000472882,-0.000467245,0.000707123,,novatel_oem7_msgs.msg.SolutionStatus(status=0),novatel_oem7_msgs.msg.PositionOrVelocityType(type=53)
1786043785313047676,1786043785.310024218,/novatel/oem7/bestvel,/novatel/oem7/bestpos,/novatel/oem7/bestvel,39.663,-75.756,33.181644368,0.000758923,0.000732518,,,,134.101955463,novatel_oem7_msgs.msg.SolutionStatus(status=0),novatel_oem7_msgs.msg.PositionOrVelocityType(type=53)
1786043785316156357,1786043785.315415477,/novatel/oem7/odom,/novatel/oem7/bestpos,/novatel/oem7/odom,39.663,-75.756,33.181644368,0.000664782,0.000707123,0.000472882,-0.000467245,0.000707123,,,
1786043785326434564,1786043785.325574532,/novatel/oem7/inspva,/novatel/oem7/inspva,/novatel/oem7/inspva,39.663,-75.756,-1.800726740,0.000498923,0.001089981,0.000041662,0.000497180,0.001089981,,novatel_oem7_msgs.msg.InertialSolutionStatus(status=3),
1786043785328279719,1786043785.325799024,/novatel/oem7/fix,/novatel/oem7/fix,/novatel/oem7/inspva,39.663,-75.756,-1.800726740,0.000498923,0.001089981,0.000041662,0.000497180,0.001089981,,0,
1786043785329633983,1786043785.326430120,/novatel/oem7/odom,/novatel/oem7/fix,/novatel/oem7/odom,39.663,-75.756,-1.800726740,0.000494730,0.001091891,0.000494520,0.000014420,0.001091891,,,
1786043785335738210,1786043785.334933499,/novatel/oem7/odom,/novatel/oem7/fix,/novatel/oem7/odom,39.663,-75.756,-1.800726740,0.000494730,0.001091891,0.000494520,0.000014420,0.001091891,,,
1786043785347057371,1786043785.346370387,/novatel/oem7/inspva,/novatel/oem7/inspva,/novatel/oem7/inspva,39.663,-75.756,-1.800734407,0.000654399,0.000643911,-0.000118357,0.000643607,0.000643911,,novatel_oem7_msgs.msg.InertialSolutionStatus(status=3),
1786043785348751938,1786043785.346500952,/novatel/oem7/fix,/novatel/oem7/fix,/novatel/oem7/inspva,39.663,-75.756,-1.800734407,0.000654399,0.000643911,-0.000118357,0.000643607,0.000643911,,0,
1786043785350089425,1786043785.347119465,/novatel/oem7/odom,/novatel/oem7/fix,/novatel/oem7/odom,39.663,-75.756,-1.800734407,0.000652439,0.000645897,0.000634638,-0.000151367,0.000645897,,,
1786043785356942474,1786043785.355976684,/novatel/oem7/odom,/novatel/oem7/fix,/novatel/oem7/odom,39.663,-75.756,-1.800734407,0.000652439,0.000645897,0.000634638,-0.000151367,0.000645897,,,
1786043785366321318,1786043785.365438380,/novatel/oem7/inspva,/novatel/oem7/inspva,/novatel/oem7/inspva,39.663,-75.756,-1.800733755,0.000873566,0.000891735,-0.000106648,0.000867031,0.000891735,,novatel_oem7_msgs.msg.InertialSolutionStatus(status=3),
1786043785368228884,1786043785.365621602,/novatel/oem7/fix,/novatel/oem7/fix,/novatel/oem7/inspva,39.663,-75.756,-1.800733755,0.000873566,0.000891735,-0.000106648,0.000867031,0.000891735,,0,
1786043785369769206,1786043785.366317565,/novatel/oem7/odom,/novatel/oem7/fix,/novatel/oem7/odom,39.663,-75.756,-1.800733755,0.000870666,0.000894566,0.000857431,-0.000151234,0.000894566,,,
1786043785376376479,1786043785.375577181,/novatel/oem7/odom,/novatel/oem7/fix,/novatel/oem7/odom,39.663,-75.756,-1.800733755,0.000870666,0.000894566,0.000857431,-0.000151234,0.000894566,,,
1786043785385860271,1786043785.385292626,/novatel/oem7/inspva,/novatel/oem7/inspva,/novatel/oem7/inspva,39.663,-75.756,-1.800739510,0.000925773,0.000717778,-0.000136995,0.000915581,0.000717778,,novatel_oem7_msgs.msg.InertialSolutionStatus(status=3),
1786043785387216842,1786043785.385371938,/novatel/oem7/fix,/novatel/oem7/fix,/novatel/oem7/inspva,39.663,-75.756,-1.800739510,0.000925773,0.000717778,-0.000136995,0.000915581,0.000717778,,0,
1786043785388301899,1786043785.385917512,/novatel/oem7/odom,/novatel/oem7/fix,/novatel/oem7/odom,39.663,-75.756,-1.800739510,0.000923506,0.000720693,0.000905099,-0.000183463,0.000720693,,,
1786043785395368200,1786043785.394535493,/novatel/oem7/odom,/novatel/oem7/fix,/novatel/oem7/odom,39.663,-75.756,-1.800739510,0.000923506,0.000720693,0.000905099,-0.000183463,0.000720693,,,
1786043785407185773,1786043785.406158489,/novatel/oem7/inspva,/novatel/oem7/inspva,/novatel/oem7/inspva,39.663,-75.756,-1.800738703,0.001093444,0.000923328,0.000061064,0.001091737,0.000923328,,novatel_oem7_msgs.msg.InertialSolutionStatus(status=3),
1786043785408928094,1786043785.406487692,/novatel/oem7/fix,/novatel/oem7/fix,/novatel/oem7/inspva,39.663,-75.756,-1.800738703,0.001093444,0.000923328,0.000061064,0.001091737,0.000923328,,0,
1786043785410493462,1786043785.407116335,/novatel/oem7/odom,/novatel/oem7/fix,/novatel/oem7/odom,39.663,-75.756,-1.800738703,0.001089965,0.000927433,0.001089952,0.000005223,0.000927433,,,
1786043785412498730,1786043785.410697528,/novatel/oem7/bestpos,/novatel/oem7/bestpos,/novatel/oem7/odom,39.663,-75.756,33.181643483,0.001089965,0.000927433,0.001089952,0.000005223,0.000927433,,novatel_oem7_msgs.msg.SolutionStatus(status=0),novatel_oem7_msgs.msg.PositionOrVelocityType(type=53)
1786043785413677515,1786043785.411195436,/novatel/oem7/bestvel,/novatel/oem7/bestpos,/novatel/oem7/bestvel,39.663,-75.756,33.181643483,0.000913985,0.001298387,,,,113.285883662,novatel_oem7_msgs.msg.SolutionStatus(status=0),novatel_oem7_msgs.msg.PositionOrVelocityType(type=53)
1786043785416271847,1786043785.415647604,/novatel/oem7/odom,/novatel/oem7/bestpos,/novatel/oem7/odom,39.663,-75.756,33.181643483,0.001089965,0.000927433,0.001089952,0.000005223,0.000927433,,,
1786043785425914641,1786043785.424957488,/novatel/oem7/inspva,/novatel/oem7/inspva,/novatel/oem7/inspva,39.663,-75.756,-1.800744866,0.000998790,0.000732907,0.000131580,0.000990085,0.000732907,,novatel_oem7_msgs.msg.InertialSolutionStatus(status=3),
1786043785427537218,1786043785.425218081,/novatel/oem7/fix,/novatel/oem7/fix,/novatel/oem7/inspva,39.663,-75.756,-1.800744866,0.000998790,0.000732907,0.000131580,0.000990085,0.000732907,,0,
1786043785428629035,1786043785.425769460,/novatel/oem7/odom,/novatel/oem7/fix,/novatel/oem7/odom,39.663,-75.756,-1.800744866,0.000995885,0.000736850,0.000992575,0.000081119,0.000736850,,,
1786043785436488768,1786043785.435642402,/novatel/oem7/odom,/novatel/oem7/fix,/novatel/oem7/odom,39.663,-75.756,-1.800744866,0.000995885,0.000736850,0.000992575,0.000081119,0.000736850,,,
1786043785447521225,1786043785.446592086,/novatel/oem7/inspva,/novatel/oem7/inspva,/novatel/oem7/inspva,39.663,-75.756,-1.800744250,0.001055080,0.000914833,0.000229562,0.001029804,0.000914833,,novatel_oem7_msgs.msg.InertialSolutionStatus(status=3),
1786043785449105048,1786043785.446876558,/novatel/oem7/fix,/novatel/oem7/fix,/novatel/oem7/inspva,39.663,-75.756,-1.800744250,0.001055080,0.000914833,0.000229562,0.001029804,0.000914833,,0,
1786043785450171928,1786043785.447255165,/novatel/oem7/odom,/novatel/oem7/fix,/novatel/oem7/odom,39.663,-75.756,-1.800744250,0.001051286,0.000919190,0.001036354,0.000176557,0.000919190,,,
1786043785457549583,1786043785.456634344,/novatel/oem7/odom,/novatel/oem7/fix,/novatel/oem7/odom,39.663,-75.756,-1.800744250,0.001051286,0.000919190,0.001036354,0.000176557,0.000919190,,,
1786043785466049682,1786043785.465007255,/novatel/oem7/inspva,/novatel/oem7/inspva,/novatel/oem7/inspva,39.663,-75.756,-1.800746886,0.001065895,0.000811734,0.000357404,0.001004188,0.000811734,,novatel_oem7_msgs.msg.InertialSolutionStatus(status=3),
1786043785467933204,1786043785.465340151,/novatel/oem7/fix,/novatel/oem7/fix,/novatel/oem7/inspva,39.663,-75.756,-1.800746886,0.001065895,0.000811734,0.000357404,0.001004188,0.000811734,,0,
1786043785469413815,1786043785.466013211,/novatel/oem7/odom,/novatel/oem7/fix,/novatel/oem7/odom,39.663,-75.756,-1.800746886,0.001062352,0.000816365,0.001017395,0.000305777,0.000816365,,,
1786043785475508303,1786043785.474593804,/novatel/oem7/odom,/novatel/oem7/fix,/novatel/oem7/odom,39.663,-75.756,-1.800746886,0.001062352,0.000816365,0.001017395,0.000305777,0.000816365,,,
1786043785485904811,1786043785.485138140,/novatel/oem7/inspva,/novatel/oem7/inspva,/novatel/oem7/inspva,39.663,-75.756,-1.800743845,0.001419458,0.001009653,-0.000010941,0.001419416,0.001009653,,novatel_oem7_msgs.msg.InertialSolutionStatus(status=3),
1786043785487391640,1786043785.485367553,/novatel/oem7/fix,/novatel/oem7/fix,/novatel/oem7/inspva,39.663,-75.756,-1.800743845,0.001419458,0.001009653,-0.000010941,0.001419416,0.001009653,,0,
1786043785488506064,1786043785.485915865,/novatel/oem7/odom,/novatel/oem7/fix,/novatel/oem7/odom,39.663,-75.756,-1.800743845,0.001415833,0.001014730,0.001413402,-0.000082938,0.001014730,,,
1786043785495974919,1786043785.494886945,/novatel/oem7/odom,/novatel/oem7/fix,/novatel/oem7/odom,39.663,-75.756,-1.800743845,0.001415833,0.001014730,0.001413402,-0.000082938,0.001014730,,,
1786043785507231543,1786043785.506173625,/novatel/oem7/inspva,/novatel/oem7/inspva,/novatel/oem7/inspva,39.663,-75.756,-1.800745720,0.001456604,0.000943508,0.000318282,0.001421405,0.000943508,,novatel_oem7_msgs.msg.InertialSolutionStatus(status=3),
1786043785508920320,1786043785.506456015,/novatel/oem7/fix,/novatel/oem7/fix,/novatel/oem7/inspva,39.663,-75.756,-1.800745720,0.001456604,0.000943508,0.000318282,0.001421405,0.000943508,,0,
1786043785510314954,1786043785.506927827,/novatel/oem7/odom,/novatel/oem7/fix,/novatel/oem7/odom,39.663,-75.756,-1.800745720,0.001452691,0.000949522,0.001431714,0.000245981,0.000949522,,,
1786043785513344767,1786043785.511790922,/novatel/oem7/bestpos,/novatel/oem7/bestpos,/novatel/oem7/odom,39.663,-75.756,33.181639165,0.001452691,0.000949522,0.001431714,0.000245981,0.000949522,,novatel_oem7_msgs.msg.SolutionStatus(status=0),novatel_oem7_msgs.msg.PositionOrVelocityType(type=53)
1786043785515270124,1786043785.512717098,/novatel/oem7/bestvel,/novatel/oem7/bestpos,/novatel/oem7/bestvel,39.663,-75.756,33.181639165,0.001272375,0.001170096,,,,87.231447812,novatel_oem7_msgs.msg.SolutionStatus(status=0),novatel_oem7_msgs.msg.PositionOrVelocityType(type=53)
1786043785516813082,1786043785.514636187,/novatel/oem7/odom,/novatel/oem7/bestpos,/novatel/oem7/odom,39.663,-75.756,33.181639165,0.001452691,0.000949522,0.001431714,0.000245981,0.000949522,,,
1786043785526105353,1786043785.525008745,/novatel/oem7/inspva,/novatel/oem7/inspva,/novatel/oem7/inspva,39.663,-75.756,-1.800741749,0.001463152,0.001045997,-0.000129870,0.001457377,0.001045997,,novatel_oem7_msgs.msg.InertialSolutionStatus(status=3),
1786043785527966091,1786043785.525291388,/novatel/oem7/fix,/novatel/oem7/fix,/novatel/oem7/inspva,39.663,-75.756,-1.800741749,0.001463152,0.001045997,-0.000129870,0.001457377,0.001045997,,0,
1786043785529392419,1786043785.525755929,/novatel/oem7/odom,/novatel/oem7/fix,/novatel/oem7/odom,39.663,-75.756,-1.800741749,0.001459665,0.001050858,0.001445385,-0.000203675,0.001050858,,,
1786043785535977355,1786043785.535106143,/novatel/oem7/odom,/novatel/oem7/fix,/novatel/oem7/odom,39.663,-75.756,-1.800741749,0.001459665,0.001050858,0.001445385,-0.000203675,0.001050858,,,
1786043785545691917,1786043785.544958692,/novatel/oem7/inspva,/novatel/oem7/inspva,/novatel/oem7/inspva,39.663,-75.756,-1.800743422,0.001667263,0.000824716,0.000333592,0.001633549,0.000824716,,novatel_oem7_msgs.msg.InertialSolutionStatus(status=3),
1786043785547549402,1786043785.545070206,/novatel/oem7/fix,/novatel/oem7/fix,/novatel/oem7/inspva,39.663,-75.756,-1.800743422,0.001667263,0.000824716,0.000333592,0.001633549,0.000824716,,0,
1786043785548640332,1786043785.545578575,/novatel/oem7/odom,/novatel/oem7/fix,/novatel/oem7/odom,39.663,-75.756,-1.800743422,0.001663880,0.000831519,0.001644804,0.000251233,0.000831519,,,
1786043785556692844,1786043785.555676330,/novatel/oem7/odom,/novatel/oem7/fix,/novatel/oem7/odom,39.663,-75.756,-1.800743422,0.001663880,0.000831519,0.001644804,0.000251233,0.000831519,,,
1786043785567744702,1786043785.566587543,/novatel/oem7/inspva,/novatel/oem7/inspva,/novatel/oem7/inspva,39.663,-75.756,-1.800739001,0.001418079,0.000910284,0.000287072,0.001388718,0.000910284,,novatel_oem7_msgs.msg.InertialSolutionStatus(status=3),
1786043785569684748,1786043785.566908710,/novatel/oem7/fix,/novatel/oem7/fix,/novatel/oem7/inspva,39.663,-75.756,-1.800739001,0.001418079,0.000910284,0.000287072,0.001388718,0.000910284,,0,
1786043785571125619,1786043785.567788759,/novatel/oem7/odom,/novatel/oem7/fix,/novatel/oem7/odom,39.663,-75.756,-1.800739001,0.001414353,0.000916063,0.001397687,0.000216484,0.000916063,,,
1786043785575763152,1786043785.574755515,/novatel/oem7/odom,/novatel/oem7/fix,/novatel/oem7/odom,39.663,-75.756,-1.800739001,0.001414353,0.000916063,0.001397687,0.000216484,0.000916063,,,
1786043785585950878,1786043785.585185980,/novatel/oem7/inspva,/novatel/oem7/inspva,/novatel/oem7/inspva,39.663,-75.756,-1.800738783,0.001603372,0.000800605,0.000586448,0.001492274,0.000800605,,novatel_oem7_msgs.msg.InertialSolutionStatus(status=3),
1786043785587882227,1786043785.585416179,/novatel/oem7/fix,/novatel/oem7/fix,/novatel/oem7/inspva,39.663,-75.756,-1.800738783,0.001603372,0.000800605,0.000586448,0.001492274,0.000800605,,0,
1786043785588988112,1786043785.585860671,/novatel/oem7/odom,/novatel/oem7/fix,/novatel/oem7/odom,39.663,-75.756,-1.800738783,0.001599851,0.000807619,0.001516131,0.000510752,0.000807619,,,
1786043785596796034,1786043785.595334136,/novatel/oem7/odom,/novatel/oem7/fix,/novatel/oem7/odom,39.663,-75.756,-1.800738783,0.001599851,0.000807619,0.001516131,0.000510752,0.000807619,,,
1786043785607605426,1786043785.606609526,/novatel/oem7/inspva,/novatel/oem7/inspva,/novatel/oem7/inspva,39.663,-75.756,-1.800732572,0.001516953,0.001047586,0.000168890,0.001507522,0.001047586,,novatel_oem7_msgs.msg.InertialSolutionStatus(status=3),
1786043785609444891,1786043785.606929796,/novatel/oem7/fix,/novatel/oem7/fix,/novatel/oem7/inspva,39.663,-75.756,-1.800732572,0.001516953,0.001047586,0.000168890,0.001507522,0.001047586,,0,
1786043785611205759,1786043785.607393084,/novatel/oem7/odom,/novatel/oem7/fix,/novatel/oem7/odom,39.663,-75.756,-1.800732572,0.001512877,0.001053463,0.001510061,0.000092273,0.001053463,,,
1786043785613141472,1786043785.610484122,/novatel/oem7/bestpos,/novatel/oem7/bestpos,/novatel/oem7/odom,39.663,-75.756,33.181649017,0.001512877,0.001053463,0.001510061,0.000092273,0.001053463,,novatel_oem7_msgs.msg.SolutionStatus(status=0),novatel_oem7_msgs.msg.PositionOrVelocityType(type=53)
1786043785614377434,1786043785.610873222,/novatel/oem7/bestvel,/novatel/oem7/bestpos,/novatel/oem7/bestvel,39.663,-75.756,33.181649017,0.001442877,0.000955271,,,,71.887003871,novatel_oem7_msgs.msg.SolutionStatus(status=0),novatel_oem7_msgs.msg.PositionOrVelocityType(type=53)
1786043785616033121,1786043785.615219186,/novatel/oem7/odom,/novatel/oem7/bestpos,/novatel/oem7/odom,39.663,-75.756,33.181649017,0.001512877,0.001053463,0.001510061,0.000092273,0.001053463,,,
1786043785627080115,1786043785.626116156,/novatel/oem7/inspva,/novatel/oem7/inspva,/novatel/oem7/inspva,39.663,-75.756,-1.800732402,0.001743040,0.001016590,0.000521259,0.001663274,0.001016590,,novatel_oem7_msgs.msg.InertialSolutionStatus(status=3),
1786043785629076842,1786043785.626384028,/novatel/oem7/fix,/novatel/oem7/fix,/novatel/oem7/inspva,39.663,-75.756,-1.800732402,0.001743040,0.001016590,0.000521259,0.001663274,0.001016590,,0,
1786043785630702475,1786043785.626982781,/novatel/oem7/odom,/novatel/oem7/fix,/novatel/oem7/odom,39.663,-75.756,-1.800732402,0.001738678,0.001024034,0.001682940,0.000436705,0.001024034,,,
1786043785635495646,1786043785.634660115,/novatel/oem7/odom,/novatel/oem7/fix,/novatel/oem7/odom,39.663,-75.756,-1.800732402,0.001738678,0.001024034,0.001682940,0.000436705,0.001024034,,,
1786043785646162294,1786043785.645325805,/novatel/oem7/inspva,/novatel/oem7/inspva,/novatel/oem7/inspva,39.663,-75.756,-1.800733373,0.001627273,0.000305588,0.000166306,0.001618752,0.000305588,,novatel_oem7_msgs.msg.InertialSolutionStatus(status=3),
1786043785647788457,1786043785.645609218,/novatel/oem7/fix,/novatel/oem7/fix,/novatel/oem7/inspva,39.663,-75.756,-1.800733373,0.001627273,0.000305588,0.000166306,0.001618752,0.000305588,,0,
1786043785648842301,1786043785.646266262,/novatel/oem7/odom,/novatel/oem7/fix,/novatel/oem7/odom,39.663,-75.756,-1.800733373,0.001626081,0.000311868,0.001623791,0.000086262,0.000311868,,,
1786043785657561399,1786043785.656611223,/novatel/oem7/odom,/novatel/oem7/fix,/novatel/oem7/odom,39.663,-75.756,-1.800733373,0.001626081,0.000311868,0.001623791,0.000086262,0.000311868,,,
1786043785665863916,1786043785.664889278,/novatel/oem7/inspva,/novatel/oem7/inspva,/novatel/oem7/inspva,39.663,-75.756,-1.800730791,0.001714428,0.000581321,0.000412271,0.001664121,0.000581321,,novatel_oem7_msgs.msg.InertialSolutionStatus(status=3),
1786043785668011187,1786043785.665054580,/novatel/oem7/fix,/novatel/oem7/fix,/novatel/oem7/inspva,39.663,-75.756,-1.800730791,0.001714428,0.000581321,0.000412271,0.001664121,0.000581321,,0,
1786043785669663287,1786043785.665670717,/novatel/oem7/odom,/novatel/oem7/fix,/novatel/oem7/odom,39.663,-75.756,-1.800730791,0.001711990,0.000588463,0.001680085,0.000328974,0.000588463,,,
1786043785675288914,1786043785.674353517,/novatel/oem7/odom,/novatel/oem7/fix,/novatel/oem7/odom,39.663,-75.756,-1.800730791,0.001711990,0.000588463,0.001680085,0.000328974,0.000588463,,,
1786043785685934494,1786043785.685306308,/novatel/oem7/inspva,/novatel/oem7/inspva,/novatel/oem7/inspva,39.663,-75.756,-1.800729244,0.001491237,0.000556608,0.000506251,0.001402675,0.000556608,,novatel_oem7_msgs.msg.InertialSolutionStatus(status=3),
1786043785687555650,1786043785.685417985,/novatel/oem7/fix,/novatel/oem7/fix,/novatel/oem7/inspva,39.663,-75.756,-1.800729244,0.001491237,0.000556608,0.000506251,0.001402675,0.000556608,,0,
1786043785688735856,1786043785.686023479,/novatel/oem7/odom,/novatel/oem7/fix,/novatel/oem7/odom,39.663,-75.756,-1.800729244,0.001488806,0.000563076,0.001423635,0.000435668,0.000563076,,,
1786043785695873501,1786043785.694840764,/novatel/oem7/odom,/novatel/oem7/fix,/novatel/oem7/odom,39.663,-75.756,-1.800729244,0.001488806,0.000563076,0.001423635,0.000435668,0.000563076,,,
1786043785706669226,1786043785.705870658,/novatel/oem7/inspva,/novatel/oem7/inspva,/novatel/oem7/inspva,39.663,-75.756,-1.800729711,0.001649801,0.000550756,0.000643041,0.001519322,0.000550756,,novatel_oem7_msgs.msg.InertialSolutionStatus(status=3),
1786043785708652299,1786043785.706158451,/novatel/oem7/fix,/novatel/oem7/fix,/novatel/oem7/inspva,39.663,-75.756,-1.800729711,0.001649801,0.000550756,0.000643041,0.001519322,0.000550756,,0,
1786043785710250016,1786043785.706630279,/novatel/oem7/odom,/novatel/oem7/fix,/novatel/oem7/odom,39.663,-75.756,-1.800729711,0.001647351,0.000558041,0.001546837,0.000566623,0.000558041,,,
1786043785712449338,1786043785.709489375,/novatel/oem7/bestpos,/novatel/oem7/bestpos,/novatel/oem7/odom,39.663,-75.756,33.181650913,0.001647351,0.000558041,0.001546837,0.000566623,0.000558041,,novatel_oem7_msgs.msg.SolutionStatus(status=0),novatel_oem7_msgs.msg.PositionOrVelocityType(type=53)
1786043785713779408,1786043785.710183475,/novatel/oem7/bestvel,/novatel/oem7/bestpos,/novatel/oem7/bestvel,39.663,-75.756,33.181650913,0.001504076,0.000731445,,,,74.921785630,novatel_oem7_msgs.msg.SolutionStatus(status=0),novatel_oem7_msgs.msg.PositionOrVelocityType(type=53)
1786043785716109818,1786043785.715462978,/novatel/oem7/odom,/novatel/oem7/bestpos,/novatel/oem7/odom,39.663,-75.756,33.181650913,0.001647351,0.000558041,0.001546837,0.000566623,0.000558041,,,
1786043785726305680,1786043785.725133973,/novatel/oem7/inspva,/novatel/oem7/inspva,/novatel/oem7/inspva,39.663,-75.756,-1.800728813,0.001684056,0.000447041,0.000352698,0.001646708,0.000447041,,novatel_oem7_msgs.msg.InertialSolutionStatus(status=3),
1786043785728122118,1786043785.725355672,/novatel/oem7/fix,/novatel/oem7/fix,/novatel/oem7/inspva,39.663,-75.756,-1.800728813,0.001684056,0.000447041,0.000352698,0.001646708,0.000447041,,0,
1786043785729606993,1786043785.726051781,/novatel/oem7/odom,/novatel/oem7/fix,/novatel/oem7/odom,39.663,-75.756,-1.800728813,0.001682204,0.000453959,0.001660284,0.000270683,0.000453959,,,
1786043785735677934,1786043785.734744820,/novatel/oem7/odom,/novatel/oem7/fix,/novatel/oem7/odom,39.663,-75.756,-1.800728813,0.001682204,0.000453959,0.001660284,0.000270683,0.000453959,,,
1786043785746844221,1786043785.746088459,/novatel/oem7/inspva,/novatel/oem7/inspva,/novatel/oem7/inspva,39.663,-75.756,-1.800728915,0.001454361,0.000694088,0.000432195,0.001388659,0.000694088,,novatel_oem7_msgs.msg.InertialSolutionStatus(status=3),
1786043785748302651,1786043785.746300688,/novatel/oem7/fix,/novatel/oem7/fix,/novatel/oem7/inspva,39.663,-75.756,-1.800728915,0.001454361,0.000694088,0.000432195,0.001388659,0.000694088,,0,
1786043785749515071,1786043785.746816277,/novatel/oem7/odom,/novatel/oem7/fix,/novatel/oem7/odom,39.663,-75.756,-1.800728915,0.001451382,0.000700295,0.001405505,0.000362030,0.000700295,,,
1786043785756590365,1786043785.755743956,/novatel/oem7/odom,/novatel/oem7/fix,/novatel/oem7/odom,39.663,-75.756,-1.800728915,0.001451382,0.000700295,0.001405505,0.000362030,0.000700295,,,
1786043785766269569,1786043785.765243322,/novatel/oem7/inspva,/novatel/oem7/inspva,/novatel/oem7/inspva,39.663,-75.756,-1.800737695,0.001627420,-0.000322882,0.000241645,0.001609380,-0.000322882,,novatel_oem7_msgs.msg.InertialSolutionStatus(status=3),
1786043785768481635,1786043785.765640690,/novatel/oem7/fix,/novatel/oem7/fix,/novatel/oem7/inspva,39.663,-75.756,-1.800737695,0.001627420,-0.000322882,0.000241645,0.001609380,-0.000322882,,0,
1786043785770252822,1786043785.766198995,/novatel/oem7/odom,/novatel/oem7/fix,/novatel/oem7/odom,39.663,-75.756,-1.800737695,0.001628687,-0.000316429,0.001620442,0.000163670,-0.000316429,,,
1786043785776609000,1786043785.775681150,/novatel/oem7/odom,/novatel/oem7/fix,/novatel/oem7/odom,39.663,-75.756,-1.800737695,0.001628687,-0.000316429,0.001620442,0.000163670,-0.000316429,,,
1786043785785766285,1786043785.785129146,/novatel/oem7/inspva,/novatel/oem7/inspva,/novatel/oem7/inspva,39.663,-75.756,-1.800739835,0.001371133,-0.000066234,0.000371495,0.001319847,-0.000066234,,novatel_oem7_msgs.msg.InertialSolutionStatus(status=3),
1786043785787408075,1786043785.785323488,/novatel/oem7/fix,/novatel/oem7/fix,/novatel/oem7/inspva,39.663,-75.756,-1.800739835,0.001371133,-0.000066234,0.000371495,0.001319847,-0.000066234,,0,
1786043785788638921,1786043785.786034621,/novatel/oem7/odom,/novatel/oem7/fix,/novatel/oem7/odom,39.663,-75.756,-1.800739835,0.001371400,-0.000060444,0.001336641,0.000306805,-0.000060444,,,
1786043785795274158,1786043785.794536254,/novatel/oem7/odom,/novatel/oem7/fix,/novatel/oem7/odom,39.663,-75.756,-1.800739835,0.001371400,-0.000060444,0.001336641,0.000306805,-0.000060444,,,
1786043785806985776,1786043785.806602808,/novatel/oem7/inspva,/novatel/oem7/inspva,/novatel/oem7/inspva,39.663,-75.756,-1.800741936,0.001405875,0.000390868,0.000546732,0.001295210,0.000390868,,novatel_oem7_msgs.msg.InertialSolutionStatus(status=3),
1786043785807592513,1786043785.806813400,/novatel/oem7/fix,/novatel/oem7/fix,/novatel/oem7/inspva,39.663,-75.756,-1.800741936,0.001405875,0.000390868,0.000546732,0.001295210,0.000390868,,0,
1786043785808227700,1786043785.807326295,/novatel/oem7/odom,/novatel/oem7/fix,/novatel/oem7/odom,39.663,-75.756,-1.800741936,0.001404133,0.000397080,0.001318882,0.000481811,0.000397080,,,
1786043785810545851,1786043785.810150551,/novatel/oem7/bestpos,/novatel/oem7/bestpos,/novatel/oem7/odom,39.663,-75.756,33.181634934,0.001404133,0.000397080,0.001318882,0.000481811,0.000397080,,novatel_oem7_msgs.msg.SolutionStatus(status=0),novatel_oem7_msgs.msg.PositionOrVelocityType(type=53)
1786043785811170235,1786043785.810582475,/novatel/oem7/bestvel,/novatel/oem7/bestpos,/novatel/oem7/bestvel,39.663,-75.756,33.181634934,0.001431090,0.000373610,,,,67.161387228,novatel_oem7_msgs.msg.SolutionStatus(status=0),novatel_oem7_msgs.msg.PositionOrVelocityType(type=53)
1786043785815682599,1786043785.815146728,/novatel/oem7/odom,/novatel/oem7/bestpos,/novatel/oem7/odom,39.663,-75.756,33.181634934,0.001404133,0.000397080,0.001318882,0.000481811,0.000397080,,,
1786043785825723002,1786043785.825214232,/novatel/oem7/inspva,/novatel/oem7/inspva,/novatel/oem7/inspva,39.663,-75.756,-1.800751881,0.001230611,0.000203149,0.000286746,0.001196738,0.000203149,,novatel_oem7_msgs.msg.InertialSolutionStatus(status=3),
1786043785826523407,1786043785.825512178,/novatel/oem7/fix,/novatel/oem7/fix,/novatel/oem7/inspva,39.663,-75.756,-1.800751881,0.001230611,0.000203149,0.000286746,0.001196738,0.000203149,,0,
1786043785827116576,1786043785.826007757,/novatel/oem7/odom,/novatel/oem7/fix,/novatel/oem7/odom,39.663,-75.756,-1.800751881,0.001229758,0.000208254,0.001208541,0.000227448,0.000208254,,,
1786043785835144747,1786043785.834730438,/novatel/oem7/odom,/novatel/oem7/fix,/novatel/oem7/odom,39.663,-75.756,-1.800751881,0.001229758,0.000208254,0.001208541,0.000227448,0.000208254,,,
1786043785845757572,1786043785.845321145,/novatel/oem7/inspva,/novatel/oem7/inspva,/novatel/oem7/inspva,39.663,-75.756,-1.800759541,0.001414913,-0.000086018,0.000428542,0.001348455,-0.000086018,,novatel_oem7_msgs.msg.InertialSolutionStatus(status=3),
1786043785846549431,1786043785.845570980,/novatel/oem7/fix,/novatel/oem7/fix,/novatel/oem7/inspva,39.663,-75.756,-1.800759541,0.001414913,-0.000086018,0.000428542,0.001348455,-0.000086018,,0,
1786043785847069940,1786043785.846151363,/novatel/oem7/odom,/novatel/oem7/fix,/novatel/oem7/odom,39.663,-75.756,-1.800759541,0.001415267,-0.000079976,0.001368068,0.000362453,-0.000079976,,,
1786043785857188732,1786043785.856517890,/novatel/oem7/odom,/novatel/oem7/fix,/novatel/oem7/odom,39.663,-75.756,-1.800759541,0.001415267,-0.000079976,0.001368068,0.000362453,-0.000079976,,,
1786043785866731858,1786043785.866094171,/novatel/oem7/inspva,/novatel/oem7/inspva,/novatel/oem7/inspva,39.663,-75.756,-1.800767151,0.001386584,0.000055741,0.000051471,0.001385628,0.000055741,,novatel_oem7_msgs.msg.InertialSolutionStatus(status=3),
1786043785867667556,1786043785.866461294,/novatel/oem7/fix,/novatel/oem7/fix,/novatel/oem7/inspva,39.663,-75.756,-1.800767151,0.001386584,0.000055741,0.000051471,0.001385628,0.000055741,,0,
1786043785868355891,1786043785.866986426,/novatel/oem7/odom,/novatel/oem7/fix,/novatel/oem7/odom,39.663,-75.756,-1.800767151,0.001386370,0.000060822,0.001386274,-0.000016357,0.000060822,,,
1786043785875152325,1786043785.874697440,/novatel/oem7/odom,/novatel/oem7/fix,/novatel/oem7/odom,39.663,-75.756,-1.800767151,0.001386370,0.000060822,0.001386274,-0.000016357,0.000060822,,,
1786043785885519258,1786043785.885127638,/novatel/oem7/inspva,/novatel/oem7/inspva,/novatel/oem7/inspva,39.663,-75.756,-1.800772759,0.001416652,0.000121312,0.000301553,0.001384185,0.000121312,,novatel_oem7_msgs.msg.InertialSolutionStatus(status=3),
1786043785886194142,1786043785.885299854,/novatel/oem7/fix,/novatel/oem7/fix,/novatel/oem7/inspva,39.663,-75.756,-1.800772759,0.001416652,0.000121312,0.000301553,0.001384185,0.000121312,,0,
1786043785886701942,1786043785.885713844,/novatel/oem7/odom,/novatel/oem7/fix,/novatel/oem7/odom,39.663,-75.756,-1.800772759,0.001416144,0.000127097,0.001396793,0.000233309,0.000127097,,,
1786043785896258317,1786043785.894979964,/novatel/oem7/odom,/novatel/oem7/fix,/novatel/oem7/odom,39.663,-75.756,-1.800772759,0.001416144,0.000127097,0.001396793,0.000233309,0.000127097,,,
1786043785906668639,1786043785.905846560,/novatel/oem7/inspva,/novatel/oem7/inspva,/novatel/oem7/inspva,39.663,-75.756,-1.800784824,0.001325645,-0.000127033,0.000261545,0.001299588,-0.000127033,,novatel_oem7_msgs.msg.InertialSolutionStatus(status=3),
1786043785908551384,1786043785.906091276,/novatel/oem7/fix,/novatel/oem7/fix,/novatel/oem7/inspva,39.663,-75.756,-1.800784824,0.001325645,-0.000127033,0.000261545,0.001299588,-0.000127033,,0,
1786043785910134347,1786043785.906729416,/novatel/oem7/odom,/novatel/oem7/fix,/novatel/oem7/odom,39.663,-75.756,-1.800784824,0.001326150,-0.000121654,0.001311262,0.000198156,-0.000121654,,,
1786043785912300982,1786043785.909928388,/novatel/oem7/bestpos,/novatel/oem7/bestpos,/novatel/oem7/odom,39.663,-75.756,33.181601836,0.001326150,-0.000121654,0.001311262,0.000198156,-0.000121654,,novatel_oem7_msgs.msg.SolutionStatus(status=0),novatel_oem7_msgs.msg.PositionOrVelocityType(type=53)
1786043785914253941,1786043785.910524994,/novatel/oem7/bestvel,/novatel/oem7/bestpos,/novatel/oem7/bestvel,39.663,-75.756,33.181601836,0.001108829,-0.000000217,,,,77.793026179,novatel_oem7_msgs.msg.SolutionStatus(status=0),novatel_oem7_msgs.msg.PositionOrVelocityType(type=53)
1786043785916967199,1786043785.914460510,/novatel/oem7/odom,/novatel/oem7/bestpos,/novatel/oem7/odom,39.663,-75.756,33.181601836,0.001326150,-0.000121654,0.001311262,0.000198156,-0.000121654,,,
1786043785927456596,1786043785.926492464,/novatel/oem7/inspva,/novatel/oem7/inspva,/novatel/oem7/inspva,39.663,-75.756,-1.800791180,0.001011375,0.000079525,0.000593497,0.000818927,0.000079525,,novatel_oem7_msgs.msg.InertialSolutionStatus(status=3),
1786043785929263337,1786043785.926755847,/novatel/oem7/fix,/novatel/oem7/fix,/novatel/oem7/inspva,39.663,-75.756,-1.800791180,0.001011375,0.000079525,0.000593497,0.000818927,0.000079525,,0,
1786043785930780955,1786043785.927230082,/novatel/oem7/odom,/novatel/oem7/fix,/novatel/oem7/odom,39.663,-75.756,-1.800791180,0.001011002,0.000084143,0.000846612,0.000552606,0.000084143,,,
1786043785935951436,1786043785.935083715,/novatel/oem7/odom,/novatel/oem7/fix,/novatel/oem7/odom,39.663,-75.756,-1.800791180,0.001011002,0.000084143,0.000846612,0.000552606,0.000084143,,,
1786043785945594844,1786043785.944922967,/novatel/oem7/inspva,/novatel/oem7/inspva,/novatel/oem7/inspva,39.663,-75.756,-1.800804314,0.001318933,0.000054652,0.000297648,0.001284909,0.000054652,,novatel_oem7_msgs.msg.InertialSolutionStatus(status=3),
1786043785947557510,1786043785.945180242,/novatel/oem7/fix,/novatel/oem7/fix,/novatel/oem7/inspva,39.663,-75.756,-1.800804314,0.001318933,0.000054652,0.000297648,0.001284909,0.000054652,,0,
1786043785949596824,1786043785.945823493,/novatel/oem7/odom,/novatel/oem7/fix,/novatel/oem7/odom,39.663,-75.756,-1.800804314,0.001318697,0.000060081,0.001297690,0.000234440,0.000060081,,,
1786043785956835128,1786043785.955935904,/novatel/oem7/odom,/novatel/oem7/fix,/novatel/oem7/odom,39.663,-75.756,-1.800804314,0.001318697,0.000060081,0.001297690,0.000234440,0.000060081,,,
1786043785966392413,1786043785.965299622,/novatel/oem7/inspva,/novatel/oem7/inspva,/novatel/oem7/inspva,39.663,-75.756,-1.800815010,0.001193858,-0.000138481,0.000490566,0.001088413,-0.000138481,,novatel_oem7_msgs.msg.InertialSolutionStatus(status=3),
1786043785968595604,1786043785.965661375,/novatel/oem7/fix,/novatel/oem7/fix,/novatel/oem7/inspva,39.663,-75.756,-1.800815010,0.001193858,-0.000138481,0.000490566,0.001088413,-0.000138481,,0,
1786043785970113751,1786043785.966556061,/novatel/oem7/odom,/novatel/oem7/fix,/novatel/oem7/odom,39.663,-75.756,-1.800815010,0.001194461,-0.000133181,0.001111554,0.000437247,-0.000133181,,,
1786043785975824720,1786043785.974940622,/novatel/oem7/odom,/novatel/oem7/fix,/novatel/oem7/odom,39.663,-75.756,-1.800815010,0.001194461,-0.000133181,0.001111554,0.000437247,-0.000133181,,,
1786043785986819208,1786043785.986003913,/novatel/oem7/inspva,/novatel/oem7/inspva,/novatel/oem7/inspva,39.663,-75.756,-1.800828480,0.001279601,-0.000258249,0.000484013,0.001184529,-0.000258249,,novatel_oem7_msgs.msg.InertialSolutionStatus(status=3),
1786043785988822690,1786043785.986187615,/novatel/oem7/fix,/novatel/oem7/fix,/novatel/oem7/inspva,39.663,-75.756,-1.800828480,0.001279601,-0.000258249,0.000484013,0.001184529,-0.000258249,,0,
1786043785990346917,1786043785.986608956,/novatel/oem7/odom,/novatel/oem7/fix,/novatel/oem7/odom,39.663,-75.756,-1.800828480,0.001280718,-0.000252649,0.001207673,0.000426338,-0.000252649,,,
1786043785995195957,1786043785.994499422,/novatel/oem7/odom,/novatel/oem7/fix,/novatel/oem7/odom,39.663,-75.756,-1.800828480,0.001280718,-0.000252649,0.001207673,0.000426338,-0.000252649,,,
1786043786009271536,1786043786.008530240,/novatel/oem7/inspva,/novatel/oem7/inspva,/novatel/oem7/inspva,39.663,-75.756,-1.800836756,0.001144174,0.000048752,0.000341888,0.001091901,0.000048752,,novatel_oem7_msgs.msg.InertialSolutionStatus(status=3),
1786043786011181243,1786043786.008836680,/novatel/oem7/fix,/novatel/oem7/fix,/novatel/oem7/inspva,39.663,-75.756,-1.800836756,0.001144174,0.000048752,0.000341888,0.001091901,0.000048752,,0,
1786043786013278605,1786043786.011330365,/novatel/oem7/odom,/novatel/oem7/fix,/novatel/oem7/odom,39.663,-75.756,-1.800836756,0.001143957,0.000053609,0.001107092,0.000288069,0.000053609,,,
1786043786017867448,1786043786.016819490,/novatel/oem7/odom,/novatel/oem7/fix,/novatel/oem7/odom,39.663,-75.756,-1.800836756,0.001143957,0.000053609,0.001107092,0.000288069,0.000053609,,,
1786043786027363046,1786043786.026433474,/novatel/oem7/bestpos,/novatel/oem7/bestpos,/novatel/oem7/odom,39.663,-75.756,33.181554950,0.001143957,0.000053609,0.001107092,0.000288069,0.000053609,,novatel_oem7_msgs.msg.SolutionStatus(status=0),novatel_oem7_msgs.msg.PositionOrVelocityType(type=53)
1786043786029187882,1786043786.026935699,/novatel/oem7/bestvel,/novatel/oem7/bestpos,/novatel/oem7/bestvel,39.663,-75.756,33.181554950,0.000885591,0.000236503,,,,75.092070248,novatel_oem7_msgs.msg.SolutionStatus(status=0),novatel_oem7_msgs.msg.PositionOrVelocityType(type=53)
1786043786030233895,1786043786.027307729,/novatel/oem7/inspva,/novatel/oem7/inspva,/novatel/oem7/inspva,39.663,-75.756,-1.800851695,0.001388455,0.000078377,0.000516145,0.001288953,0.000078377,,novatel_oem7_msgs.msg.InertialSolutionStatus(status=3),
1786043786031120381,1786043786.027512655,/novatel/oem7/fix,/novatel/oem7/fix,/novatel/oem7/inspva,39.663,-75.756,-1.800851695,0.001388455,0.000078377,0.000516145,0.001288953,0.000078377,,0,
1786043786032271566,1786043786.027879642,/novatel/oem7/odom,/novatel/oem7/fix,/novatel/oem7/odom,39.663,-75.756,-1.800851695,0.001388100,0.000084422,0.001312302,0.000452421,0.000084422,,,
1786043786035204345,1786043786.034555509,/novatel/oem7/odom,/novatel/oem7/fix,/novatel/oem7/odom,39.663,-75.756,-1.800851695,0.001388100,0.000084422,0.001312302,0.000452421,0.000084422,,,
1786043786047324790,1786043786.046786155,/novatel/oem7/inspva,/novatel/oem7/inspva,/novatel/oem7/inspva,39.663,-75.756,-1.800862564,0.001093742,-0.000316500,0.000831703,0.000710311,-0.000316500,,novatel_oem7_msgs.msg.InertialSolutionStatus(status=3),
1786043786049089815,1786043786.046956750,/novatel/oem7/fix,/novatel/oem7/fix,/novatel/oem7/inspva,39.663,-75.756,-1.800862564,0.001093742,-0.000316500,0.000831703,0.000710311,-0.000316500,,0,
1786043786050830709,1786043786.047368038,/novatel/oem7/odom,/novatel/oem7/fix,/novatel/oem7/odom,39.663,-75.756,-1.800862564,0.001095151,-0.000311591,0.000751196,0.000796906,-0.000311591,,,
1786043786057535383,1786043786.056571577,/novatel/oem7/odom,/novatel/oem7/fix,/novatel/oem7/odom,39.663,-75.756,-1.800862564,0.001095151,-0.000311591,0.000751196,0.000796906,-0.000311591,,,
1786043786066089736,1786043786.065165517,/novatel/oem7/inspva,/novatel/oem7/inspva,/novatel/oem7/inspva,39.663,-75.756,-1.800870263,0.001291434,-0.000145591,0.000865244,0.000958726,-0.000145591,,novatel_oem7_msgs.msg.InertialSolutionStatus(status=3),
1786043786068410333,1786043786.065398579,/novatel/oem7/fix,/novatel/oem7/fix,/novatel/oem7/inspva,39.663,-75.756,-1.800870263,0.001291434,-0.000145591,0.000865244,0.000958726,-0.000145591,,0,
1786043786070179267,1786043786.065984765,/novatel/oem7/odom,/novatel/oem7/fix,/novatel/oem7/odom,39.663,-75.756,-1.800870263,0.001292084,-0.000139705,0.001000312,0.000817837,-0.000139705,,,
1786043786076909255,1786043786.075994166,/novatel/oem7/odom,/novatel/oem7/fix,/novatel/oem7/odom,39.663,-75.756,-1.800870263,0.001292084,-0.000139705,0.001000312,0.000817837,-0.000139705,,,
1786043786086180345,1786043786.085435158,/novatel/oem7/inspva,/novatel/oem7/inspva,/novatel/oem7/inspva,39.663,-75.756,-1.800876320,0.001104216,0.000051270,0.000687251,0.000864280,0.000051270,,novatel_oem7_msgs.msg.InertialSolutionStatus(status=3),
1786043786088285269,1786043786.085632830,/novatel/oem7/fix,/novatel/oem7/fix,/novatel/oem7/inspva,39.663,-75.756,-1.800876320,0.001104216,0.000051270,0.000687251,0.000864280,0.000051270,,0,
1786043786090102391,1786043786.086251966,/novatel/oem7/odom,/novatel/oem7/fix,/novatel/oem7/odom,39.663,-75.756,-1.800876320,0.001103970,0.000056309,0.000896580,0.000644124,0.000056309,,,
1786043786095658904,1786043786.094832132,/novatel/oem7/odom,/novatel/oem7/fix,/novatel/oem7/odom,39.663,-75.756,-1.800876320,0.001103970,0.000056309,0.000896580,0.000644124,0.000056309,,,
1786043786106769462,1786043786.105848659,/novatel/oem7/inspva,/novatel/oem7/inspva,/novatel/oem7/inspva,39.663,-75.756,-1.800886745,0.001260722,-0.000141177,0.000853951,0.000927464,-0.000141177,,novatel_oem7_msgs.msg.InertialSolutionStatus(status=3),
1786043786108733972,1786043786.106162679,/novatel/oem7/fix,/novatel/oem7/fix,/novatel/oem7/inspva,39.663,-75.756,-1.800886745,0.001260722,-0.000141177,0.000853951,0.000927464,-0.000141177,,0,
1786043786110458956,1786043786.106872620,/novatel/oem7/odom,/novatel/oem7/fix,/novatel/oem7/odom,39.663,-75.756,-1.800886745,0.001261352,-0.000135436,0.000968523,0.000808066,-0.000135436,,,
1786043786112707732,1786043786.109414445,/novatel/oem7/bestpos,/novatel/oem7/bestpos,/novatel/oem7/odom,39.663,-75.756,33.181527067,0.001261352,-0.000135436,0.000968523,0.000808066,-0.000135436,,novatel_oem7_msgs.msg.SolutionStatus(status=0),novatel_oem7_msgs.msg.PositionOrVelocityType(type=53)
1786043786114059929,1786043786.110070092,/novatel/oem7/bestvel,/novatel/oem7/bestpos,/novatel/oem7/bestvel,39.663,-75.756,33.181527067,0.001288909,-0.000073100,,,,66.730599638,novatel_oem7_msgs.msg.SolutionStatus(status=0),novatel_oem7_msgs.msg.PositionOrVelocityType(type=53)
1786043786116355969,1786043786.114705255,/novatel/oem7/odom,/novatel/oem7/bestpos,/novatel/oem7/odom,39.663,-75.756,33.181527067,0.001261352,-0.000135436,0.000968523,0.000808066,-0.000135436,,,
1786043786126119043,1786043786.125348282,/novatel/oem7/inspva,/novatel/oem7/inspva,/novatel/oem7/inspva,39.663,-75.756,-1.800896292,0.000889233,-0.000293377,0.000736838,0.000497800,-0.000293377,,novatel_oem7_msgs.msg.InertialSolutionStatus(status=3),
1786043786127776134,1786043786.125589735,/novatel/oem7/fix,/novatel/oem7/fix,/novatel/oem7/inspva,39.663,-75.756,-1.800896292,0.000889233,-0.000293377,0.000736838,0.000497800,-0.000293377,,0,
1786043786129018692,1786043786.126183854,/novatel/oem7/odom,/novatel/oem7/fix,/novatel/oem7/odom,39.663,-75.756,-1.800896292,0.000890503,-0.000289499,0.000534216,0.000712468,-0.000289499,,,
1786043786136939539,1786043786.135805111,/novatel/oem7/odom,/novatel/oem7/fix,/novatel/oem7/odom,39.663,-75.756,-1.800896292,0.000890503,-0.000289499,0.000534216,0.000712468,-0.000289499,,,
1786043786146149375,1786043786.145336454,/novatel/oem7/inspva,/novatel/oem7/inspva,/novatel/oem7/inspva,39.663,-75.756,-1.800907861,0.001222555,-0.000366880,0.000819067,0.000907617,-0.000366880,,novatel_oem7_msgs.msg.InertialSolutionStatus(status=3),
1786043786148034861,1786043786.145631167,/novatel/oem7/fix,/novatel/oem7/fix,/novatel/oem7/inspva,39.663,-75.756,-1.800907861,0.001222555,-0.000366880,0.000819067,0.000907617,-0.000366880,,0,
1786043786149599806,1786043786.145979357,/novatel/oem7/odom,/novatel/oem7/fix,/novatel/oem7/odom,39.663,-75.756,-1.800907861,0.001224213,-0.000361307,0.000947827,0.000774805,-0.000361307,,,
1786043786156732588,1786043786.155657401,/novatel/oem7/odom,/novatel/oem7/fix,/novatel/oem7/odom,39.663,-75.756,-1.800907861,0.001224213,-0.000361307,0.000947827,0.000774805,-0.000361307,,,
1786043786167802407,1786043786.166599991,/novatel/oem7/inspva,/novatel/oem7/inspva,/novatel/oem7/inspva,39.663,-75.756,-1.800915997,0.001211297,-0.000185039,0.001201094,0.000156887,-0.000185039,,novatel_oem7_msgs.msg.InertialSolutionStatus(status=3),
1786043786169655958,1786043786.166935114,/novatel/oem7/fix,/novatel/oem7/fix,/novatel/oem7/inspva,39.663,-75.756,-1.800915997,0.001211297,-0.000185039,0.001201094,0.000156887,-0.000185039,,0,
1786043786171019052,1786043786.167348485,/novatel/oem7/odom,/novatel/oem7/fix,/novatel/oem7/odom,39.663,-75.756,-1.800915997,0.001211901,-0.000181045,0.000215959,0.001192504,-0.000181045,,,
1786043786175998952,1786043786.175078856,/novatel/oem7/odom,/novatel/oem7/fix,/novatel/oem7/odom,39.663,-75.756,-1.800915997,0.001211901,-0.000181045,0.000215959,0.001192504,-0.000181045,,,
1786043786185958766,1786043786.184986973,/novatel/oem7/inspva,/novatel/oem7/inspva,/novatel/oem7/inspva,39.663,-75.756,-1.800929779,0.001211118,-0.000497883,0.001175098,0.000293175,-0.000497883,,novatel_oem7_msgs.msg.InertialSolutionStatus(status=3),
1786043786187739813,1786043786.185267352,/novatel/oem7/fix,/novatel/oem7/fix,/novatel/oem7/inspva,39.663,-75.756,-1.800929779,0.001211118,-0.000497883,0.001175098,0.000293175,-0.000497883,,0,
1786043786189198678,1786043786.185695577,/novatel/oem7/odom,/novatel/oem7/fix,/novatel/oem7/odom,39.663,-75.756,-1.800929779,0.001212923,-0.000493469,0.000351972,0.001160732,-0.000493469,,,
1786043786196561816,1786043786.195544812,/novatel/oem7/odom,/novatel/oem7/fix,/novatel/oem7/odom,39.663,-75.756,-1.800929779,0.001212923,-0.000493469,0.000351972,0.001160732,-0.000493469,,,
1786043786207151009,1786043786.206417051,/novatel/oem7/inspva,/novatel/oem7/inspva,/novatel/oem7/inspva,39.663,-75.756,-1.800938308,0.001300351,-0.000333994,0.001259624,0.000322895,-0.000333994,,novatel_oem7_msgs.msg.InertialSolutionStatus(status=3),
1786043786208580127,1786043786.206654634,/novatel/oem7/fix,/novatel/oem7/fix,/novatel/oem7/inspva,39.663,-75.756,-1.800938308,0.001300351,-0.000333994,0.001259624,0.000322895,-0.000333994,,0,
1786043786209684141,1786043786.207208973,/novatel/oem7/odom,/novatel/oem7/fix,/novatel/oem7/odom,39.663,-75.756,-1.800938308,0.001301564,-0.000329238,0.000385176,0.001243265,-0.000329238,,,
1786043786211308201,1786043786.210267480,/novatel/oem7/bestpos,/novatel/oem7/bestpos,/novatel/oem7/odom,39.663,-75.756,33.181470945,0.001301564,-0.000329238,0.000385176,0.001243265,-0.000329238,,novatel_oem7_msgs.msg.SolutionStatus(status=0),novatel_oem7_msgs.msg.PositionOrVelocityType(type=53)
1786043786212719092,1786043786.210681818,/novatel/oem7/bestvel,/novatel/oem7/bestpos,/novatel/oem7/bestvel,39.663,-75.756,33.181470945,0.001298305,-0.000386770,,,,22.182950827,novatel_oem7_msgs.msg.SolutionStatus(status=0),novatel_oem7_msgs.msg.PositionOrVelocityType(type=53)
1786043786215583717,1786043786.214855730,/novatel/oem7/odom,/novatel/oem7/bestpos,/novatel/oem7/odom,39.663,-75.756,33.181470945,0.001301564,-0.000329238,0.000385176,0.001243265,-0.000329238,,,
1786043786227364772,1786043786.226300725,/novatel/oem7/inspva,/novatel/oem7/inspva,/novatel/oem7/inspva,39.663,-75.756,-1.800952493,0.001395567,-0.000358787,0.001380797,0.000202500,-0.000358787,,novatel_oem7_msgs.msg.InertialSolutionStatus(status=3),
1786043786228892221,1786043786.226614855,/novatel/oem7/fix,/novatel/oem7/fix,/novatel/oem7/inspva,39.663,-75.756,-1.800952493,0.001395567,-0.000358787,0.001380797,0.000202500,-0.000358787,,0,
1786043786229958045,1786043786.227392816,/novatel/oem7/odom,/novatel/oem7/fix,/novatel/oem7/odom,39.663,-75.756,-1.800952493,0.001396761,-0.000354108,0.000270916,0.001370236,-0.000354108,,,
1786043786235329006,1786043786.234624495,/novatel/oem7/odom,/novatel/oem7/fix,/novatel/oem7/odom,39.663,-75.756,-1.800952493,0.001396761,-0.000354108,0.000270916,0.001370236,-0.000354108,,,
1786043786245855115,1786043786.245268156,/novatel/oem7/inspva,/novatel/oem7/inspva,/novatel/oem7/inspva,39.663,-75.756,-1.800967799,0.001486551,-0.000733580,0.001458940,0.000285183,-0.000733580,,novatel_oem7_msgs.msg.InertialSolutionStatus(status=3),
1786043786247255076,1786043786.245431958,/novatel/oem7/fix,/novatel/oem7/fix,/novatel/oem7/inspva,39.663,-75.756,-1.800967799,0.001486551,-0.000733580,0.001458940,0.000285183,-0.000733580,,0,
1786043786248289267,1786043786.246094178,/novatel/oem7/odom,/novatel/oem7/fix,/novatel/oem7/odom,39.663,-75.756,-1.800967799,0.001489113,-0.000728366,0.000358693,0.001445267,-0.000728366,,,
1786043786257279440,1786043786.256456382,/novatel/oem7/odom,/novatel/oem7/fix,/novatel/oem7/odom,39.663,-75.756,-1.800967799,0.001489113,-0.000728366,0.000358693,0.001445267,-0.000728366,,,
1786043786266808773,1786043786.265933787,/novatel/oem7/inspva,/novatel/oem7/inspva,/novatel/oem7/inspva,39.663,-75.756,-1.800980762,0.001495787,-0.000548904,0.001470903,0.000271704,-0.000548904,,novatel_oem7_msgs.msg.InertialSolutionStatus(status=3),
1786043786268550384,1786043786.266221410,/novatel/oem7/fix,/novatel/oem7/fix,/novatel/oem7/inspva,39.663,-75.756,-1.800980762,0.001495787,-0.000548904,0.001470903,0.000271704,-0.000548904,,0,
1786043786270144187,1786043786.266691472,/novatel/oem7/odom,/novatel/oem7/fix,/novatel/oem7/odom,39.663,-75.756,-1.800980762,0.001497680,-0.000543717,0.000345133,0.001457371,-0.000543717,,,
1786043786275467633,1786043786.274657235,/novatel/oem7/odom,/novatel/oem7/fix,/novatel/oem7/odom,39.663,-75.756,-1.800980762,0.001497680,-0.000543717,0.000345133,0.001457371,-0.000543717,,,
1786043786287401426,1786043786.286748254,/novatel/oem7/inspva,/novatel/oem7/inspva,/novatel/oem7/inspva,39.663,-75.756,-1.800992847,0.001707797,-0.000550494,0.001679502,0.000309589,-0.000550494,,novatel_oem7_msgs.msg.InertialSolutionStatus(status=3),
1786043786289247359,1786043786.286995069,/novatel/oem7/fix,/novatel/oem7/fix,/novatel/oem7/inspva,39.663,-75.756,-1.800992847,0.001707797,-0.000550494,0.001679502,0.000309589,-0.000550494,,0,
1786043786290401067,1786043786.287767920,/novatel/oem7/odom,/novatel/oem7/fix,/novatel/oem7/odom,39.663,-75.756,-1.800992847,0.001709689,-0.000544592,0.000393126,0.001663877,-0.000544592,,,
1786043786296000090,1786043786.295048561,/novatel/oem7/odom,/novatel/oem7/fix,/novatel/oem7/odom,39.663,-75.756,-1.800992847,0.001709689,-0.000544592,0.000393126,0.001663877,-0.000544592,,,
1786043786306576786,1786043786.305901519,/novatel/oem7/inspva,/novatel/oem7/inspva,/novatel/oem7/inspva,39.663,-75.756,-1.801006432,0.001552718,-0.000557809,0.001542066,0.000181561,-0.000557809,,novatel_oem7_msgs.msg.InertialSolutionStatus(status=3),
1786043786308004201,1786043786.306115998,/novatel/oem7/fix,/novatel/oem7/fix,/novatel/oem7/inspva,39.663,-75.756,-1.801006432,0.001552718,-0.000557809,0.001542066,0.000181561,-0.000557809,,0,
1786043786309126092,1786043786.306481458,/novatel/oem7/odom,/novatel/oem7/fix,/novatel/oem7/odom,39.663,-75.756,-1.801006432,0.001554531,-0.000552735,0.000258582,0.001532874,-0.000552735,,,
1786043786310841112,1786043786.309595957,/novatel/oem7/bestpos,/novatel/oem7/bestpos,/novatel/oem7/odom,39.663,-75.756,33.181401478,0.001554531,-0.000552735,0.000258582,0.001532874,-0.000552735,,novatel_oem7_msgs.msg.SolutionStatus(status=0),novatel_oem7_msgs.msg.PositionOrVelocityType(type=53)
1786043786312371121,1786043786.310351294,/novatel/oem7/bestvel,/novatel/oem7/bestpos,/novatel/oem7/bestvel,39.663,-75.756,33.181401478,0.001686074,-0.000668678,,,,8.757504601,novatel_oem7_msgs.msg.SolutionStatus(status=0),novatel_oem7_msgs.msg.PositionOrVelocityType(type=53)
1786043786316110209,1786043786.315348491,/novatel/oem7/odom,/novatel/oem7/bestpos,/novatel/oem7/odom,39.663,-75.756,33.181401478,0.001554531,-0.000552735,0.000258582,0.001532874,-0.000552735,,,
1786043786326285388,1786043786.325318285,/novatel/oem7/inspva,/novatel/oem7/inspva,/novatel/oem7/inspva,39.663,-75.756,-1.801019230,0.001997668,-0.000621963,0.001876821,0.000684267,-0.000621963,,novatel_oem7_msgs.msg.InertialSolutionStatus(status=3),
1786043786328149773,1786043786.325655295,/novatel/oem7/fix,/novatel/oem7/fix,/novatel/oem7/inspva,39.663,-75.756,-1.801019230,0.001997668,-0.000621963,0.001876821,0.000684267,-0.000621963,,0,
1786043786329369076,1786043786.326238211,/novatel/oem7/odom,/novatel/oem7/fix,/novatel/oem7/odom,39.663,-75.756,-1.801019230,0.002000082,-0.000614158,0.000777230,0.001842889,-0.000614158,,,
1786043786335603608,1786043786.334880396,/novatel/oem7/odom,/novatel/oem7/fix,/novatel/oem7/odom,39.663,-75.756,-1.801019230,0.002000082,-0.000614158,0.000777230,0.001842889,-0.000614158,,,
1786043786346584776,1786043786.346003416,/novatel/oem7/inspva,/novatel/oem7/inspva,/novatel/oem7/inspva,39.663,-75.756,-1.801032714,0.001497091,-0.000500886,0.001468614,0.000290612,-0.000500886,,novatel_oem7_msgs.msg.InertialSolutionStatus(status=3),
1786043786348009313,1786043786.346186228,/novatel/oem7/fix,/novatel/oem7/fix,/novatel/oem7/inspva,39.663,-75.756,-1.801032714,0.001497091,-0.000500886,0.001468614,0.000290612,-0.000500886,,0,
1786043786349157182,1786043786.346622122,/novatel/oem7/odom,/novatel/oem7/fix,/novatel/oem7/odom,39.663,-75.756,-1.801032714,0.001498842,-0.000495624,0.000363704,0.001454045,-0.000495624,,,
1786043786356764624,1786043786.355835812,/novatel/oem7/odom,/novatel/oem7/fix,/novatel/oem7/odom,39.663,-75.756,-1.801032714,0.001498842,-0.000495624,0.000363704,0.001454045,-0.000495624,,,
1786043786366438726,1786043786.365328677,/novatel/oem7/inspva,/novatel/oem7/inspva,/novatel/oem7/inspva,39.663,-75.756,-1.801048951,0.002090938,-0.000694617,0.001913973,0.000841861,-0.000694617,,novatel_oem7_msgs.msg.InertialSolutionStatus(status=3),
1786043786368605457,1786043786.365628010,/novatel/oem7/fix,/novatel/oem7/fix,/novatel/oem7/inspva,39.663,-75.756,-1.801048951,0.002090938,-0.000694617,0.001913973,0.000841861,-0.000694617,,0,
1786043786370289401,1786043786.366053545,/novatel/oem7/odom,/novatel/oem7/fix,/novatel/oem7/odom,39.663,-75.756,-1.801048951,0.002093747,-0.000686102,0.000936690,0.001872535,-0.000686102,,,
1786043786377050315,1786043786.375781593,/novatel/oem7/odom,/novatel/oem7/fix,/novatel/oem7/odom,39.663,-75.756,-1.801048951,0.002093747,-0.000686102,0.000936690,0.001872535,-0.000686102,,,
1786043786385773193,1786043786.385154647,/novatel/oem7/inspva,/novatel/oem7/inspva,/novatel/oem7/inspva,39.663,-75.756,-1.801065308,0.001517319,-0.000621254,0.001459705,0.000414150,-0.000621254,,novatel_oem7_msgs.msg.InertialSolutionStatus(status=3),
1786043786387260025,1786043786.385309215,/novatel/oem7/fix,/novatel/oem7/fix,/novatel/oem7/inspva,39.663,-75.756,-1.801065308,0.001517319,-0.000621254,0.001459705,0.000414150,-0.000621254,,0,
1786043786388489564,1786043786.385840691,/novatel/oem7/odom,/novatel/oem7/fix,/novatel/oem7/odom,39.663,-75.756,-1.801065308,0.001519636,-0.000615566,0.000487084,0.001439459,-0.000615566,,,
1786043786396139414,1786043786.394514358,/novatel/oem7/odom,/novatel/oem7/fix,/novatel/oem7/odom,39.663,-75.756,-1.801065308,0.001519636,-0.000615566,0.000487084,0.001439459,-0.000615566,,,
1786043786406528535,1786043786.405832098,/novatel/oem7/inspva,/novatel/oem7/inspva,/novatel/oem7/inspva,39.663,-75.756,-1.801079713,0.002092245,-0.000631180,0.002062631,0.000350778,-0.000631180,,novatel_oem7_msgs.msg.InertialSolutionStatus(status=3),
1786043786408020694,1786043786.406041157,/novatel/oem7/fix,/novatel/oem7/fix,/novatel/oem7/inspva,39.663,-75.756,-1.801079713,0.002092245,-0.000631180,0.002062631,0.000350778,-0.000631180,,0,
1786043786409155365,1786043786.406703401,/novatel/oem7/odom,/novatel/oem7/fix,/novatel/oem7/odom,39.663,-75.756,-1.801079713,0.002094403,-0.000623983,0.000453210,0.002044779,-0.000623983,,,
1786043786411273943,1786043786.410171222,/novatel/oem7/bestpos,/novatel/oem7/bestpos,/novatel/oem7/odom,39.663,-75.756,33.181321312,0.002094403,-0.000623983,0.000453210,0.002044779,-0.000623983,,novatel_oem7_msgs.msg.SolutionStatus(status=0),novatel_oem7_msgs.msg.PositionOrVelocityType(type=53)
1786043786412808898,1786043786.410617656,/novatel/oem7/bestvel,/novatel/oem7/bestpos,/novatel/oem7/bestvel,39.663,-75.756,33.181321312,0.001884431,-0.000365207,,,,1.076853311,novatel_oem7_msgs.msg.SolutionStatus(status=0),novatel_oem7_msgs.msg.PositionOrVelocityType(type=53)
1786043786415925467,1786043786.415144109,/novatel/oem7/odom,/novatel/oem7/bestpos,/novatel/oem7/odom,39.663,-75.756,33.181321312,0.002094403,-0.000623983,0.000453210,0.002044779,-0.000623983,,,
1786043786426030605,1786043786.425004221,/novatel/oem7/inspva,/novatel/oem7/inspva,/novatel/oem7/inspva,39.663,-75.756,-1.801096386,0.001509859,-0.000458691,0.001488309,0.000254190,-0.000458691,,novatel_oem7_msgs.msg.InertialSolutionStatus(status=3),
1786043786427731012,1786043786.425373912,/novatel/oem7/fix,/novatel/oem7/fix,/novatel/oem7/inspva,39.663,-75.756,-1.801096386,0.001509859,-0.000458691,0.001488309,0.000254190,-0.000458691,,0,
1786043786428914761,1786043786.426123912,/novatel/oem7/odom,/novatel/oem7/fix,/novatel/oem7/odom,39.663,-75.756,-1.801096386,0.001511431,-0.000453484,0.000328123,0.001475385,-0.000453484,,,
1786043786436088230,1786043786.435372879,/novatel/oem7/odom,/novatel/oem7/fix,/novatel/oem7/odom,39.663,-75.756,-1.801096386,0.001511431,-0.000453484,0.000328123,0.001475385,-0.000453484,,,
1786043786447113967,1786043786.446527518,/novatel/oem7/inspva,/novatel/oem7/inspva,/novatel/oem7/inspva,39.663,-75.756,-1.801112470,0.001910102,-0.000500439,0.001836266,0.000525946,-0.000500439,,novatel_oem7_msgs.msg.InertialSolutionStatus(status=3),
1786043786448642559,1786043786.446717173,/novatel/oem7/fix,/novatel/oem7/fix,/novatel/oem7/inspva,39.663,-75.756,-1.801112470,0.001910102,-0.000500439,0.001836266,0.000525946,-0.000500439,,0,
1786043786449792567,1786043786.447466724,/novatel/oem7/odom,/novatel/oem7/fix,/novatel/oem7/odom,39.663,-75.756,-1.801112470,0.001911970,-0.000493256,0.000616655,0.001809797,-0.000493256,,,
1786043786457460548,1786043786.456495018,/novatel/oem7/odom,/novatel/oem7/fix,/novatel/oem7/odom,39.663,-75.756,-1.801112470,0.001911970,-0.000493256,0.000616655,0.001809797,-0.000493256,,,
1786043786466789379,1786043786.466044908,/novatel/oem7/inspva,/novatel/oem7/inspva,/novatel/oem7/inspva,39.663,-75.756,-1.801129166,0.001522342,-0.000405909,0.001455039,0.000447646,-0.000405909,,novatel_oem7_msgs.msg.InertialSolutionStatus(status=3),
1786043786468300704,1786043786.466270940,/novatel/oem7/fix,/novatel/oem7/fix,/novatel/oem7/inspva,39.663,-75.756,-1.801129166,0.001522342,-0.000405909,0.001455039,0.000447646,-0.000405909,,0,
1786043786469523956,1786043786.466623404,/novatel/oem7/odom,/novatel/oem7/fix,/novatel/oem7/odom,39.663,-75.756,-1.801129166,0.001523876,-0.000400111,0.000519535,0.001432579,-0.000400111,,,
1786043786475490143,1786043786.474719571,/novatel/oem7/odom,/novatel/oem7/fix,/novatel/oem7/odom,39.663,-75.756,-1.801129166,0.001523876,-0.000400111,0.000519535,0.001432579,-0.000400111,,,
1786043786485929031,1786043786.485317512,/novatel/oem7/inspva,/novatel/oem7/inspva,/novatel/oem7/inspva,39.663,-75.756,-1.801142558,0.001491857,-0.000292550,0.001416110,0.000469327,-0.000292550,,novatel_oem7_msgs.msg.InertialSolutionStatus(status=3),
1786043786487404036,1786043786.485519777,/novatel/oem7/fix,/novatel/oem7/fix,/novatel/oem7/inspva,39.663,-75.756,-1.801142558,0.001491857,-0.000292550,0.001416110,0.000469327,-0.000292550,,0,
1786043786488575578,1786043786.486048169,/novatel/oem7/odom,/novatel/oem7/fix,/novatel/oem7/odom,39.663,-75.756,-1.801142558,0.001492974,-0.000286792,0.000538859,0.001392337,-0.000286792,,,
1786043786496286325,1786043786.495565865,/novatel/oem7/odom,/novatel/oem7/fix,/novatel/oem7/odom,39.663,-75.756,-1.801142558,0.001492974,-0.000286792,0.000538859,0.001392337,-0.000286792,,,
1786043786506708110,1786043786.506088747,/novatel/oem7/inspva,/novatel/oem7/inspva,/novatel/oem7/inspva,39.663,-75.756,-1.801160659,0.001508968,-0.000384556,0.001432384,0.000474614,-0.000384556,,novatel_oem7_msgs.msg.InertialSolutionStatus(status=3),
1786043786508120938,1786043786.506274063,/novatel/oem7/fix,/novatel/oem7/fix,/novatel/oem7/inspva,39.663,-75.756,-1.801160659,0.001508968,-0.000384556,0.001432384,0.000474614,-0.000384556,,0,
1786043786509267203,1786043786.506642937,/novatel/oem7/odom,/novatel/oem7/fix,/novatel/oem7/odom,39.663,-75.756,-1.801160659,0.001510440,-0.000378732,0.000545266,0.001408586,-0.000378732,,,
1786043786512762261,1786043786.511991323,/novatel/oem7/bestpos,/novatel/oem7/bestpos,/novatel/oem7/odom,39.663,-75.756,33.181231628,0.001510440,-0.000378732,0.000545266,0.001408586,-0.000378732,,novatel_oem7_msgs.msg.SolutionStatus(status=0),novatel_oem7_msgs.msg.PositionOrVelocityType(type=53)
1786043786514334710,1786043786.512362500,/novatel/oem7/bestvel,/novatel/oem7/bestpos,/novatel/oem7/bestvel,39.663,-75.756,33.181231628,0.001243990,-0.000249632,,,,28.694731771,novatel_oem7_msgs.msg.SolutionStatus(status=0),novatel_oem7_msgs.msg.PositionOrVelocityType(type=53)
1786043786516033874,1786043786.514391873,/novatel/oem7/odom,/novatel/oem7/bestpos,/novatel/oem7/odom,39.663,-75.756,33.181231628,0.001510440,-0.000378732,0.000545266,0.001408586,-0.000378732,,,
1786043786527284881,1786043786.526691538,/novatel/oem7/inspva,/novatel/oem7/inspva,/novatel/oem7/inspva,39.663,-75.756,-1.801175328,0.001452994,-0.000558202,0.001390790,0.000420589,-0.000558202,,novatel_oem7_msgs.msg.InertialSolutionStatus(status=3),
1786043786528714072,1786043786.526861883,/novatel/oem7/fix,/novatel/oem7/fix,/novatel/oem7/inspva,39.663,-75.756,-1.801175328,0.001452994,-0.000558202,0.001390790,0.000420589,-0.000558202,,0,
1786043786529845083,1786043786.527197167,/novatel/oem7/odom,/novatel/oem7/fix,/novatel/oem7/odom,39.663,-75.756,-1.801175328,0.001455101,-0.000552688,0.000489929,0.001370141,-0.000552688,,,
1786043786536298481,1786043786.535565148,/novatel/oem7/odom,/novatel/oem7/fix,/novatel/oem7/odom,39.663,-75.756,-1.801175328,0.001455101,-0.000552688,0.000489929,0.001370141,-0.000552688,,,
1786043786545803357,1786043786.545138844,/novatel/oem7/inspva,/novatel/oem7/inspva,/novatel/oem7/inspva,39.663,-75.756,-1.801189519,0.001524227,-0.000382659,0.001493727,0.000303394,-0.000382659,,novatel_oem7_msgs.msg.InertialSolutionStatus(status=3),
1786043786547229955,1786043786.545297172,/novatel/oem7/fix,/novatel/oem7/fix,/novatel/oem7/inspva,39.663,-75.756,-1.801189519,0.001524227,-0.000382659,0.001493727,0.000303394,-0.000382659,,0,
1786043786548382127,1786043786.545634146,/novatel/oem7/odom,/novatel/oem7/fix,/novatel/oem7/odom,39.663,-75.756,-1.801189519,0.001525570,-0.000377270,0.000377231,0.001478195,-0.000377270,,,
1786043786556481364,1786043786.555708427,/novatel/oem7/odom,/novatel/oem7/fix,/novatel/oem7/odom,39.663,-75.756,-1.801189519,0.001525570,-0.000377270,0.000377231,0.001478195,-0.000377270,,,
1786043786567206926,1786043786.566549599,/novatel/oem7/inspva,/novatel/oem7/inspva,/novatel/oem7/inspva,39.663,-75.756,-1.801201954,0.001538919,-0.000143158,0.001233365,0.000920370,-0.000143158,,novatel_oem7_msgs.msg.InertialSolutionStatus(status=3),
1786043786568661304,1786043786.566762952,/novatel/oem7/fix,/novatel/oem7/fix,/novatel/oem7/inspva,39.663,-75.756,-1.801201954,0.001538919,-0.000143158,0.001233365,0.000920370,-0.000143158,,0,
1786043786569764332,1786043786.567644600,/novatel/oem7/odom,/novatel/oem7/fix,/novatel/oem7/odom,39.663,-75.756,-1.801201954,0.001539541,-0.000136312,0.000979892,0.001187433,-0.000136312,,,
1786043786575743162,1786043786.575028231,/novatel/oem7/odom,/novatel/oem7/fix,/novatel/oem7/odom,39.663,-75.756,-1.801201954,0.001539541,-0.000136312,0.000979892,0.001187433,-0.000136312,,,
1786043786586525740,1786043786.585929741,/novatel/oem7/inspva,/novatel/oem7/inspva,/novatel/oem7/inspva,39.663,-75.756,-1.801218648,0.001681577,-0.000343061,0.001515576,0.000728514,-0.000343061,,novatel_oem7_msgs.msg.InertialSolutionStatus(status=3),
1786043786587879620,1786043786.586133737,/novatel/oem7/fix,/novatel/oem7/fix,/novatel/oem7/inspva,39.663,-75.756,-1.801218648,0.001681577,-0.000343061,0.001515576,0.000728514,-0.000343061,,0,
1786043786588958085,1786043786.586389697,/novatel/oem7/odom,/novatel/oem7/fix,/novatel/oem7/odom,39.663,-75.756,-1.801218648,0.001682986,-0.000336082,0.000802770,0.001479190,-0.000336082,,,
1786043786595172931,1786043786.594512747,/novatel/oem7/odom,/novatel/oem7/fix,/novatel/oem7/odom,39.663,-75.756,-1.801218648,0.001682986,-0.000336082,0.000802770,0.001479190,-0.000336082,,,
1786043786606889328,1786043786.606316380,/novatel/oem7/inspva,/novatel/oem7/inspva,/novatel/oem7/inspva,39.663,-75.756,-1.801231910,0.001319916,-0.000410896,0.000985125,0.000878468,-0.000410896,,novatel_oem7_msgs.msg.InertialSolutionStatus(status=3),
1786043786608194105,1786043786.606517845,/novatel/oem7/fix,/novatel/oem7/fix,/novatel/oem7/inspva,39.663,-75.756,-1.801231910,0.001319916,-0.000410896,0.000985125,0.000878468,-0.000410896,,0,
1786043786609233585,1786043786.606921148,/novatel/oem7/odom,/novatel/oem7/fix,/novatel/oem7/odom,39.663,-75.756,-1.801231910,0.001321766,-0.000404906,0.000926947,0.000942250,-0.000404906,,,
1786043786611069104,1786043786.610192795,/novatel/oem7/bestpos,/novatel/oem7/bestpos,/novatel/oem7/odom,39.663,-75.756,33.181152065,0.001321766,-0.000404906,0.000926947,0.000942250,-0.000404906,,novatel_oem7_msgs.msg.SolutionStatus(status=0),novatel_oem7_msgs.msg.PositionOrVelocityType(type=53)
1786043786612485142,1786043786.610619689,/novatel/oem7/bestvel,/novatel/oem7/bestpos,/novatel/oem7/bestvel,39.663,-75.756,33.181152065,0.001574843,-0.000545272,,,,23.018862831,novatel_oem7_msgs.msg.SolutionStatus(status=0),novatel_oem7_msgs.msg.PositionOrVelocityType(type=53)
1786043786615548089,1786043786.614886326,/novatel/oem7/odom,/novatel/oem7/bestpos,/novatel/oem7/odom,39.663,-75.756,33.181152065,0.001321766,-0.000404906,0.000926947,0.000942250,-0.000404906,,,
1786043786627640037,1786043786.627029438,/novatel/oem7/inspva,/novatel/oem7/inspva,/novatel/oem7/inspva,39.663,-75.756,-1.801247669,0.001606738,-0.000495639,0.001295328,0.000950649,-0.000495639,,novatel_oem7_msgs.msg.InertialSolutionStatus(status=3),
1786043786628948984,1786043786.627219100,/novatel/oem7/fix,/novatel/oem7/fix,/novatel/oem7/inspva,39.663,-75.756,-1.801247669,0.001606738,-0.000495639,0.001295328,0.000950649,-0.000495639,,0,
1786043786629989038,1786043786.627572617,/novatel/oem7/odom,/novatel/oem7/fix,/novatel/oem7/odom,39.663,-75.756,-1.801247669,0.001608924,-0.000488498,0.001014489,0.001248779,-0.000488498,,,
1786043786635038745,1786043786.634354735,/novatel/oem7/odom,/novatel/oem7/fix,/novatel/oem7/odom,39.663,-75.756,-1.801247669,0.001608924,-0.000488498,0.001014489,0.001248779,-0.000488498,,,
1786043786645512814,1786043786.644945185,/novatel/oem7/inspva,/novatel/oem7/inspva,/novatel/oem7/inspva,39.663,-75.756,-1.801257864,0.001377116,-0.000208490,0.001055226,0.000884842,-0.000208490,,novatel_oem7_msgs.msg.InertialSolutionStatus(status=3),
1786043786646814493,1786043786.645116636,/novatel/oem7/fix,/novatel/oem7/fix,/novatel/oem7/inspva,39.663,-75.756,-1.801257864,0.001377116,-0.000208490,0.001055226,0.000884842,-0.000208490,,0,
1786043786647870298,1786043786.645433533,/novatel/oem7/odom,/novatel/oem7/fix,/novatel/oem7/odom,39.663,-75.756,-1.801257864,0.001378042,-0.000202277,0.000935987,0.001011399,-0.000202277,,,
1786043786656818638,1786043786.656158041,/novatel/oem7/odom,/novatel/oem7/fix,/novatel/oem7/odom,39.663,-75.756,-1.801257864,0.001378042,-0.000202277,0.000935987,0.001011399,-0.000202277,,,
1786043786665492141,1786043786.664930586,/novatel/oem7/inspva,/novatel/oem7/inspva,/novatel/oem7/inspva,39.663,-75.756,-1.801275091,0.001734184,-0.000507505,0.001581376,0.000711790,-0.000507505,,novatel_oem7_msgs.msg.InertialSolutionStatus(status=3),
1786043786666800031,1786043786.665096371,/novatel/oem7/fix,/novatel/oem7/fix,/novatel/oem7/inspva,39.663,-75.756,-1.801275091,0.001734184,-0.000507505,0.001581376,0.000711790,-0.000507505,,0,
1786043786667849319,1786043786.665506031,/novatel/oem7/odom,/novatel/oem7/fix,/novatel/oem7/odom,39.663,-75.756,-1.801275091,0.001736248,-0.000500398,0.000789883,0.001546170,-0.000500398,,,
1786043786675113688,1786043786.674469785,/novatel/oem7/odom,/novatel/oem7/fix,/novatel/oem7/odom,39.663,-75.756,-1.801275091,0.001736248,-0.000500398,0.000789883,0.001546170,-0.000500398,,,
1786043786686968084,1786043786.686417706,/novatel/oem7/inspva,/novatel/oem7/inspva,/novatel/oem7/inspva,39.663,-75.756,-1.801285761,0.001295414,-0.000236245,0.001011349,0.000809488,-0.000236245,,novatel_oem7_msgs.msg.InertialSolutionStatus(status=3),
1786043786688298485,1786043786.686589661,/novatel/oem7/fix,/novatel/oem7/fix,/novatel/oem7/inspva,39.663,-75.756,-1.801285761,0.001295414,-0.000236245,0.001011349,0.000809488,-0.000236245,,0,
1786043786689341621,1786043786.686951175,/novatel/oem7/odom,/novatel/oem7/fix,/novatel/oem7/odom,39.663,-75.756,-1.801285761,0.001296461,-0.000230427,0.000858678,0.000971331,-0.000230427,,,
1786043786695412256,1786043786.694738616,/novatel/oem7/odom,/novatel/oem7/fix,/novatel/oem7/odom,39.663,-75.756,-1.801285761,0.001296461,-0.000230427,0.000858678,0.000971331,-0.000230427,,,
1786043786706450047,1786043786.705877095,/novatel/oem7/inspva,/novatel/oem7/inspva,/novatel/oem7/inspva,39.663,-75.756,-1.801300632,0.001970240,-0.000366545,0.001448380,0.001335680,-0.000366545,,novatel_oem7_msgs.msg.InertialSolutionStatus(status=3),
1786043786707769394,1786043786.706039146,/novatel/oem7/fix,/novatel/oem7/fix,/novatel/oem7/inspva,39.663,-75.756,-1.801300632,0.001970240,-0.000366545,0.001448380,0.001335680,-0.000366545,,0,
1786043786708822077,1786043786.706494245,/novatel/oem7/odom,/novatel/oem7/fix,/novatel/oem7/odom,39.663,-75.756,-1.801300632,0.001971886,-0.000357583,0.001406027,0.001382542,-0.000357583,,,
1786043786710696533,1786043786.709892785,/novatel/oem7/bestpos,/novatel/oem7/bestpos,/novatel/oem7/odom,39.663,-75.756,33.181081543,0.001971886,-0.000357583,0.001406027,0.001382542,-0.000357583,,novatel_oem7_msgs.msg.SolutionStatus(status=0),novatel_oem7_msgs.msg.PositionOrVelocityType(type=53)
1786043786712102797,1786043786.710415313,/novatel/oem7/bestvel,/novatel/oem7/bestpos,/novatel/oem7/bestvel,39.663,-75.756,33.181081543,0.002051472,-0.000399463,,,,30.343693492,novatel_oem7_msgs.msg.SolutionStatus(status=0),novatel_oem7_msgs.msg.PositionOrVelocityType(type=53)
1786043786715365723,1786043786.714663682,/novatel/oem7/odom,/novatel/oem7/bestpos,/novatel/oem7/odom,39.663,-75.756,33.181081543,0.001971886,-0.000357583,0.001406027,0.001382542,-0.000357583,,,
1786043786725913963,1786043786.725335667,/novatel/oem7/inspva,/novatel/oem7/inspva,/novatel/oem7/inspva,39.663,-75.756,-1.801313364,0.001174101,-0.000539727,0.000699761,0.000942787,-0.000539727,,novatel_oem7_msgs.msg.InertialSolutionStatus(status=3),
1786043786727346501,1786043786.725509902,/novatel/oem7/fix,/novatel/oem7/fix,/novatel/oem7/inspva,39.663,-75.756,-1.801313364,0.001174101,-0.000539727,0.000699761,0.000942787,-0.000539727,,0,
1786043786728478169,1786043786.726101585,/novatel/oem7/odom,/novatel/oem7/fix,/novatel/oem7/odom,39.663,-75.756,-1.801313364,0.001176567,-0.000534331,0.000977766,0.000654434,-0.000534331,,,
1786043786735746028,1786043786.735031254,/novatel/oem7/odom,/novatel/oem7/fix,/novatel/oem7/odom,39.663,-75.756,-1.801313364,0.001176567,-0.000534331,0.000977766,0.000654434,-0.000534331,,,
1786043786746808647,1786043786.746176560,/novatel/oem7/inspva,/novatel/oem7/inspva,/novatel/oem7/inspva,39.663,-75.756,-1.801326591,0.001904744,-0.000525575,0.001317952,0.001375156,-0.000525575,,novatel_oem7_msgs.msg.InertialSolutionStatus(status=3),
1786043786748319712,1786043786.746327799,/novatel/oem7/fix,/novatel/oem7/fix,/novatel/oem7/inspva,39.663,-75.756,-1.801326591,0.001904744,-0.000525575,0.001317952,0.001375156,-0.000525575,,0,
1786043786749543554,1786043786.746812650,/novatel/oem7/odom,/novatel/oem7/fix,/novatel/oem7/odom,39.663,-75.756,-1.801326591,0.001907131,-0.000516845,0.001439674,0.001250796,-0.000516845,,,
1786043786756332432,1786043786.755630129,/novatel/oem7/odom,/novatel/oem7/fix,/novatel/oem7/odom,39.663,-75.756,-1.801326591,0.001907131,-0.000516845,0.001439674,0.001250796,-0.000516845,,,
1786043786765759610,1786043786.765170231,/novatel/oem7/inspva,/novatel/oem7/inspva,/novatel/oem7/inspva,39.663,-75.756,-1.801337427,0.001247715,-0.000419895,0.000958116,0.000799253,-0.000419895,,novatel_oem7_msgs.msg.InertialSolutionStatus(status=3),
1786043786767576749,1786043786.765319663,/novatel/oem7/fix,/novatel/oem7/fix,/novatel/oem7/inspva,39.663,-75.756,-1.801337427,0.001247715,-0.000419895,0.000958116,0.000799253,-0.000419895,,0,
1786043786769010960,1786043786.765687490,/novatel/oem7/odom,/novatel/oem7/fix,/novatel/oem7/odom,39.663,-75.756,-1.801337427,0.001249597,-0.000414259,0.000846535,0.000919169,-0.000414259,,,
1786043786776160859,1786043786.775395427,/novatel/oem7/odom,/novatel/oem7/fix,/novatel/oem7/odom,39.663,-75.756,-1.801337427,0.001249597,-0.000414259,0.000846535,0.000919169,-0.000414259,,,
1786043786785664028,1786043786.784930837,/novatel/oem7/inspva,/novatel/oem7/inspva,/novatel/oem7/inspva,39.663,-75.756,-1.801350909,0.001756694,-0.000388219,0.001378555,0.001088834,-0.000388219,,novatel_oem7_msgs.msg.InertialSolutionStatus(status=3),
1786043786787184170,1786043786.785089775,/novatel/oem7/fix,/novatel/oem7/fix,/novatel/oem7/inspva,39.663,-75.756,-1.801350909,0.001756694,-0.000388219,0.001378555,0.001088834,-0.000388219,,0,
1786043786788347675,1786043786.785496579,/novatel/oem7/odom,/novatel/oem7/fix,/novatel/oem7/odom,39.663,-75.756,-1.801350909,0.001758416,-0.000380344,0.001156128,0.001324913,-0.000380344,,,
1786043786795054165,1786043786.794335432,/novatel/oem7/odom,/novatel/oem7/fix,/novatel/oem7/odom,39.663,-75.756,-1.801350909,0.001758416,-0.000380344,0.001156128,0.001324913,-0.000380344,,,
1786043786807047123,1786043786.806496554,/novatel/oem7/inspva,/novatel/oem7/inspva,/novatel/oem7/inspva,39.663,-75.756,-1.801365967,0.001414518,-0.000790516,0.001065749,0.000930075,-0.000790516,,novatel_oem7_msgs.msg.InertialSolutionStatus(status=3),
1786043786808551831,1786043786.806641666,/novatel/oem7/fix,/novatel/oem7/fix,/novatel/oem7/inspva,39.663,-75.756,-1.801365967,0.001414518,-0.000790516,0.001065749,0.000930075,-0.000790516,,0,
1786043786809645032,1786043786.807079106,/novatel/oem7/odom,/novatel/oem7/fix,/novatel/oem7/odom,39.663,-75.756,-1.801365967,0.001418083,-0.000784102,0.000983808,0.001021314,-0.000784102,,,
1786043786811275142,1786043786.810341909,/novatel/oem7/bestpos,/novatel/oem7/bestpos,/novatel/oem7/odom,39.663,-75.756,33.181013423,0.001418083,-0.000784102,0.000983808,0.001021314,-0.000784102,,novatel_oem7_msgs.msg.SolutionStatus(status=0),novatel_oem7_msgs.msg.PositionOrVelocityType(type=53)
1786043786812780844,1786043786.810770870,/novatel/oem7/bestvel,/novatel/oem7/bestpos,/novatel/oem7/bestvel,39.663,-75.756,33.181013423,0.001527017,-0.000877100,,,,39.534446400,novatel_oem7_msgs.msg.SolutionStatus(status=0),novatel_oem7_msgs.msg.PositionOrVelocityType(type=53)
1786043786815660623,1786043786.814973653,/novatel/oem7/odom,/novatel/oem7/bestpos,/novatel/oem7/odom,39.663,-75.756,33.181013423,0.001418083,-0.000784102,0.000983808,0.001021314,-0.000784102,,,
1786043786825539289,1786043786.824956926,/novatel/oem7/inspva,/novatel/oem7/inspva,/novatel/oem7/inspva,39.663,-75.756,-1.801375418,0.001877779,-0.000435373,0.001336633,0.001318888,-0.000435373,,novatel_oem7_msgs.msg.InertialSolutionStatus(status=3),
1786043786826905800,1786043786.825102734,/novatel/oem7/fix,/novatel/oem7/fix,/novatel/oem7/inspva,39.663,-75.756,-1.801375418,0.001877779,-0.000435373,0.001336633,0.001318888,-0.000435373,,0,
1786043786828053521,1786043786.825387912,/novatel/oem7/odom,/novatel/oem7/fix,/novatel/oem7/odom,39.663,-75.756,-1.801375418,0.001879746,-0.000426798,0.001384024,0.001271976,-0.000426798,,,
1786043786836102115,1786043786.835375458,/novatel/oem7/odom,/novatel/oem7/fix,/novatel/oem7/odom,39.663,-75.756,-1.801375418,0.001879746,-0.000426798,0.001384024,0.001271976,-0.000426798,,,
1786043786845674885,1786043786.845077535,/novatel/oem7/inspva,/novatel/oem7/inspva,/novatel/oem7/inspva,39.663,-75.756,-1.801384514,0.001483870,-0.000343127,0.000903246,0.001177293,-0.000343127,,novatel_oem7_msgs.msg.InertialSolutionStatus(status=3),
1786043786847026215,1786043786.845286868,/novatel/oem7/fix,/novatel/oem7/fix,/novatel/oem7/inspva,39.663,-75.756,-1.801384514,0.001483870,-0.000343127,0.000903246,0.001177293,-0.000343127,,0,
1786043786848058226,1786043786.845780548,/novatel/oem7/odom,/novatel/oem7/fix,/novatel/oem7/odom,39.663,-75.756,-1.801384514,0.001485433,-0.000336298,0.001221148,0.000845759,-0.000336298,,,
1786043786857153480,1786043786.856500271,/novatel/oem7/odom,/novatel/oem7/fix,/novatel/oem7/odom,39.663,-75.756,-1.801384514,0.001485433,-0.000336298,0.001221148,0.000845759,-0.000336298,,,
1786043786866797021,1786043786.866088370,/novatel/oem7/inspva,/novatel/oem7/inspva,/novatel/oem7/inspva,39.663,-75.756,-1.801393655,0.001657533,-0.000240669,0.001164225,0.001179828,-0.000240669,,novatel_oem7_msgs.msg.InertialSolutionStatus(status=3),
1786043786868091780,1786043786.866355710,/novatel/oem7/fix,/novatel/oem7/fix,/novatel/oem7/inspva,39.663,-75.756,-1.801393655,0.001657533,-0.000240669,0.001164225,0.001179828,-0.000240669,,0,
1786043786869119184,1786043786.866846781,/novatel/oem7/odom,/novatel/oem7/fix,/novatel/oem7/odom,39.663,-75.756,-1.801393655,0.001658617,-0.000233080,0.001235999,0.001106036,-0.000233080,,,
1786043786875000497,1786043786.874346387,/novatel/oem7/odom,/novatel/oem7/fix,/novatel/oem7/odom,39.663,-75.756,-1.801393655,0.001658617,-0.000233080,0.001235999,0.001106036,-0.000233080,,,
1786043786885711384,1786043786.885212603,/novatel/oem7/inspva,/novatel/oem7/inspva,/novatel/oem7/inspva,39.663,-75.756,-1.801403563,0.001780314,-0.000605527,0.001264096,0.001253627,-0.000605527,,novatel_oem7_msgs.msg.InertialSolutionStatus(status=3),
1786043786886995047,1786043786.885381204,/novatel/oem7/fix,/novatel/oem7/fix,/novatel/oem7/inspva,39.663,-75.756,-1.801403563,0.001780314,-0.000605527,0.001264096,0.001253627,-0.000605527,,0,
1786043786888032951,1786043786.886121625,/novatel/oem7/odom,/novatel/oem7/fix,/novatel/oem7/odom,39.663,-75.756,-1.801403563,0.001783065,-0.000597380,0.001315931,0.001203181,-0.000597380,,,
1786043786895708128,1786043786.895029871,/novatel/oem7/odom,/novatel/oem7/fix,/novatel/oem7/odom,39.663,-75.756,-1.801403563,0.001783065,-0.000597380,0.001315931,0.001203181,-0.000597380,,,
1786043786906279901,1786043786.905793653,/novatel/oem7/inspva,/novatel/oem7/inspva,/novatel/oem7/inspva,39.663,-75.756,-1.801410548,0.001783023,-0.000335656,0.001106279,0.001398327,-0.000335656,,novatel_oem7_msgs.msg.InertialSolutionStatus(status=3),
1786043786907576918,1786043786.905945381,/novatel/oem7/fix,/novatel/oem7/fix,/novatel/oem7/inspva,39.663,-75.756,-1.801410548,0.001783023,-0.000335656,0.001106279,0.001398327,-0.000335656,,0,
1786043786908592295,1786043786.906363635,/novatel/oem7/odom,/novatel/oem7/fix,/novatel/oem7/odom,39.663,-75.756,-1.801410548,0.001784547,-0.000327460,0.001451770,0.001037772,-0.000327460,,,
1786043786909976115,1786043786.909344842,/novatel/oem7/bestpos,/novatel/oem7/bestpos,/novatel/oem7/odom,39.663,-75.756,33.180964989,0.001784547,-0.000327460,0.001451770,0.001037772,-0.000327460,,novatel_oem7_msgs.msg.SolutionStatus(status=0),novatel_oem7_msgs.msg.PositionOrVelocityType(type=53)
1786043786911330919,1786043786.909957655,/novatel/oem7/bestvel,/novatel/oem7/bestpos,/novatel/oem7/bestvel,39.663,-75.756,33.180964989,0.001681821,-0.000271990,,,,47.299691949,novatel_oem7_msgs.msg.SolutionStatus(status=0),novatel_oem7_msgs.msg.PositionOrVelocityType(type=53)
1786043786914968719,1786043786.914329199,/novatel/oem7/odom,/novatel/oem7/bestpos,/novatel/oem7/odom,39.663,-75.756,33.180964989,0.001784547,-0.000327460,0.001451770,0.001037772,-0.000327460,,,
1786043786927188649,1786043786.926693907,/novatel/oem7/inspva,/novatel/oem7/inspva,/novatel/oem7/inspva,39.663,-75.756,-1.801420384,0.001778362,-0.000506772,0.001290654,0.001223430,-0.000506772,,novatel_oem7_msgs.msg.InertialSolutionStatus(status=3),
1786043786928534665,1786043786.926834475,/novatel/oem7/fix,/novatel/oem7/fix,/novatel/oem7/inspva,39.663,-75.756,-1.801420384,0.001778362,-0.000506772,0.001290654,0.001223430,-0.000506772,,0,
1786043786929568003,1786043786.927318046,/novatel/oem7/odom,/novatel/oem7/fix,/novatel/oem7/odom,39.663,-75.756,-1.801420384,0.001780661,-0.000498633,0.001286688,0.001230929,-0.000498633,,,
1786043786935367684,1786043786.934700081,/novatel/oem7/odom,/novatel/oem7/fix,/novatel/oem7/odom,39.663,-75.756,-1.801420384,0.001780661,-0.000498633,0.001286688,0.001230929,-0.000498633,,,
1786043786945833603,1786043786.945323758,/novatel/oem7/inspva,/novatel/oem7/inspva,/novatel/oem7/inspva,39.663,-75.756,-1.801431319,0.001779585,-0.000629237,0.001196907,0.001316942,-0.000629237,,novatel_oem7_msgs.msg.InertialSolutionStatus(status=3),
1786043786947151443,1786043786.945505116,/novatel/oem7/fix,/novatel/oem7/fix,/novatel/oem7/inspva,39.663,-75.756,-1.801431319,0.001779585,-0.000629237,0.001196907,0.001316942,-0.000629237,,0,
1786043786948215053,1786043786.945933327,/novatel/oem7/odom,/novatel/oem7/fix,/novatel/oem7/odom,39.663,-75.756,-1.801431319,0.001782455,-0.000621062,0.001375973,0.001133068,-0.000621062,,,
1786043786956726922,1786043786.956034389,/novatel/oem7/odom,/novatel/oem7/fix,/novatel/oem7/odom,39.663,-75.756,-1.801431319,0.001782455,-0.000621062,0.001375973,0.001133068,-0.000621062,,,
1786043786965813194,1786043786.965305612,/novatel/oem7/inspva,/novatel/oem7/inspva,/novatel/oem7/inspva,39.663,-75.756,-1.801436402,0.001667014,-0.000034398,0.001222163,0.001133690,-0.000034398,,novatel_oem7_msgs.msg.InertialSolutionStatus(status=3),
1786043786967602112,1786043786.965458810,/novatel/oem7/fix,/novatel/oem7/fix,/novatel/oem7/inspva,39.663,-75.756,-1.801436402,0.001667014,-0.000034398,0.001222163,0.001133690,-0.000034398,,0,
1786043786968762767,1786043786.966088020,/novatel/oem7/odom,/novatel/oem7/fix,/novatel/oem7/odom,39.663,-75.756,-1.801436402,0.001667153,-0.000026814,0.001191979,0.001165583,-0.000026814,,,
1786043786975599749,1786043786.974936109,/novatel/oem7/odom,/novatel/oem7/fix,/novatel/oem7/odom,39.663,-75.756,-1.801436402,0.001667153,-0.000026814,0.001191979,0.001165583,-0.000026814,,,
1786043786986755041,1786043786.986243853,/novatel/oem7/inspva,/novatel/oem7/inspva,/novatel/oem7/inspva,39.663,-75.756,-1.801448847,0.001430231,-0.000125782,0.000835900,0.001160531,-0.000125782,,novatel_oem7_msgs.msg.InertialSolutionStatus(status=3),
1786043786988071935,1786043786.986437605,/novatel/oem7/fix,/novatel/oem7/fix,/novatel/oem7/inspva,39.663,-75.756,-1.801448847,0.001430231,-0.000125782,0.000835900,0.001160531,-0.000125782,,0,
1786043786989117138,1786043786.986899321,/novatel/oem7/odom,/novatel/oem7/fix,/novatel/oem7/odom,39.663,-75.756,-1.801448847,0.001430793,-0.000119216,0.001200318,0.000778720,-0.000119216,,,
1786043786995162903,1786043786.994517459,/novatel/oem7/odom,/novatel/oem7/fix,/novatel/oem7/odom,39.663,-75.756,-1.801448847,0.001430793,-0.000119216,0.001200318,0.000778720,-0.000119216,,,
1786043787008829654,1786043787.008318605,/novatel/oem7/inspva,/novatel/oem7/inspva,/novatel/oem7/inspva,39.663,-75.756,-1.801461072,0.001745846,-0.000635094,0.001297822,0.001167748,-0.000635094,,novatel_oem7_msgs.msg.InertialSolutionStatus(status=3),
1786043787010122426,1786043787.008484530,/novatel/oem7/fix,/novatel/oem7/fix,/novatel/oem7/inspva,39.663,-75.756,-1.801461072,0.001745846,-0.000635094,0.001297822,0.001167748,-0.000635094,,0,
1786043787011148614,1786043787.009549358,/novatel/oem7/odom,/novatel/oem7/fix,/novatel/oem7/odom,39.663,-75.756,-1.801461072,0.001748718,-0.000627141,0.001231895,0.001241149,-0.000627141,,,
1786043787017613459,1786043787.016953868,/novatel/oem7/odom,/novatel/oem7/fix,/novatel/oem7/odom,39.663,-75.756,-1.801461072,0.001748718,-0.000627141,0.001231895,0.001241149,-0.000627141,,,
1786043787026041164,1786043787.025475164,/novatel/oem7/bestpos,/novatel/oem7/bestpos,/novatel/oem7/odom,39.663,-75.756,33.180907608,0.001748718,-0.000627141,0.001231895,0.001241149,-0.000627141,,novatel_oem7_msgs.msg.SolutionStatus(status=0),novatel_oem7_msgs.msg.PositionOrVelocityType(type=53)
1786043787027412117,1786043787.026467531,/novatel/oem7/bestvel,/novatel/oem7/bestpos,/novatel/oem7/bestvel,39.663,-75.756,33.180907608,0.001927830,-0.000775382,,,,39.506944517,novatel_oem7_msgs.msg.SolutionStatus(status=0),novatel_oem7_msgs.msg.PositionOrVelocityType(type=53)
1786043787028802378,1786043787.026977466,/novatel/oem7/inspva,/novatel/oem7/inspva,/novatel/oem7/inspva,39.663,-75.756,-1.801468124,0.001629711,-0.000283765,0.001163208,0.001141449,-0.000283765,,novatel_oem7_msgs.msg.InertialSolutionStatus(status=3),
1786043787029625080,1786043787.027138105,/novatel/oem7/fix,/novatel/oem7/fix,/novatel/oem7/inspva,39.663,-75.756,-1.801468124,0.001629711,-0.000283765,0.001163208,0.001141449,-0.000283765,,0,
1786043787030625246,1786043787.027425084,/novatel/oem7/odom,/novatel/oem7/fix,/novatel/oem7/odom,39.663,-75.756,-1.801468124,0.001630993,-0.000276304,0.001197785,0.001107000,-0.000276304,,,
1786043787035215619,1786043787.034569276,/novatel/oem7/odom,/novatel/oem7/fix,/novatel/oem7/odom,39.663,-75.756,-1.801468124,0.001630993,-0.000276304,0.001197785,0.001107000,-0.000276304,,,
1786043787047219690,1786043787.046737965,/novatel/oem7/inspva,/novatel/oem7/inspva,/novatel/oem7/inspva,39.663,-75.756,-1.801460212,0.001718646,0.000193273,0.001469634,0.000891022,0.000193273,,novatel_oem7_msgs.msg.InertialSolutionStatus(status=3),
1786043787048534206,1786043787.046885600,/novatel/oem7/fix,/novatel/oem7/fix,/novatel/oem7/inspva,39.663,-75.756,-1.801460212,0.001718646,0.000193273,0.001469634,0.000891022,0.000193273,,0,
1786043787049568060,1786043787.047261425,/novatel/oem7/odom,/novatel/oem7/fix,/novatel/oem7/odom,39.663,-75.756,-1.801460212,0.001717791,0.000200731,0.000960831,0.001423941,0.000200731,,,
1786043787057125067,1786043787.056491900,/novatel/oem7/odom,/novatel/oem7/fix,/novatel/oem7/odom,39.663,-75.756,-1.801460212,0.001717791,0.000200731,0.000960831,0.001423941,0.000200731,,,
1786043787066314889,1786043787.065056316,/novatel/oem7/inspva,/novatel/oem7/inspva,/novatel/oem7/inspva,39.663,-75.756,-1.801447949,0.001600366,0.000206761,0.001102062,0.001160444,0.000206761,,novatel_oem7_msgs.msg.InertialSolutionStatus(status=3),
1786043787067196661,1786043787.065289099,/novatel/oem7/fix,/novatel/oem7/fix,/novatel/oem7/inspva,39.663,-75.756,-1.801447949,0.001600366,0.000206761,0.001102062,0.001160444,0.000206761,,0,
1786043787068719466,1786043787.065884907,/novatel/oem7/odom,/novatel/oem7/fix,/novatel/oem7/odom,39.663,-75.756,-1.801447949,0.001717787,0.000200761,0.000960830,0.001423938,0.000200761,,,
1786043787076256179,1786043787.075606122,/novatel/oem7/odom,/novatel/oem7/fix,/novatel/oem7/odom,39.663,-75.756,-1.801447949,0.001599397,0.000214125,0.001211976,0.001043641,0.000214125,,,
1786043787085924933,1786043787.085398614,/novatel/oem7/inspva,/novatel/oem7/inspva,/novatel/oem7/inspva,39.663,-75.756,-1.801437719,0.001683977,0.000109275,0.001140577,0.001238896,0.000109275,,novatel_oem7_msgs.msg.InertialSolutionStatus(status=3),
1786043787087229626,1786043787.085596986,/novatel/oem7/fix,/novatel/oem7/fix,/novatel/oem7/inspva,39.663,-75.756,-1.801437719,0.001683977,0.000109275,0.001140577,0.001238896,0.000109275,,0,
1786043787088251470,1786043787.086047801,/novatel/oem7/odom,/novatel/oem7/fix,/novatel/oem7/odom,39.663,-75.756,-1.801437719,0.001683457,0.000117025,0.001292566,0.001078563,0.000117025,,,
1786043787095847899,1786043787.095202640,/novatel/oem7/odom,/novatel/oem7/fix,/novatel/oem7/odom,39.663,-75.756,-1.801437719,0.001683457,0.000117025,0.001292566,0.001078563,0.000117025,,,
1786043787106441386,1786043787.105901037,/novatel/oem7/inspva,/novatel/oem7/inspva,/novatel/oem7/inspva,39.663,-75.756,-1.801424401,0.001672554,0.000010901,0.001123526,0.001239003,0.000010901,,novatel_oem7_msgs.msg.InertialSolutionStatus(status=3),
1786043787107731012,1786043787.106072389,/novatel/oem7/fix,/novatel/oem7/fix,/novatel/oem7/inspva,39.663,-75.756,-1.801424401,0.001672554,0.000010901,0.001123526,0.001239003,0.000010901,,0,
1786043787108779473,1786043787.106377265,/novatel/oem7/odom,/novatel/oem7/fix,/novatel/oem7/odom,39.663,-75.756,-1.801424401,0.001672486,0.000018603,0.001292209,0.001061794,0.000018603,,,
1786043787110215024,1786043787.109328442,/novatel/oem7/bestpos,/novatel/oem7/bestpos,/novatel/oem7/odom,39.663,-75.756,33.180959841,0.001672486,0.000018603,0.001292209,0.001061794,0.000018603,,novatel_oem7_msgs.msg.SolutionStatus(status=0),novatel_oem7_msgs.msg.PositionOrVelocityType(type=53)
1786043787111596888,1786043787.110082366,/novatel/oem7/bestvel,/novatel/oem7/bestpos,/novatel/oem7/bestvel,39.663,-75.756,33.180959841,0.001858794,-0.000138990,,,,44.796024443,novatel_oem7_msgs.msg.SolutionStatus(status=0),novatel_oem7_msgs.msg.PositionOrVelocityType(type=53)
1786043787114901551,1786043787.114296356,/novatel/oem7/odom,/novatel/oem7/bestpos,/novatel/oem7/odom,39.663,-75.756,33.180959841,0.001672486,0.000018603,0.001292209,0.001061794,0.000018603,,,
1786043787125814094,1786043787.125286996,/novatel/oem7/inspva,/novatel/oem7/inspva,/novatel/oem7/inspva,39.663,-75.756,-1.801413291,0.001806531,0.000100831,0.001341469,0.001209965,0.000100831,,novatel_oem7_msgs.msg.InertialSolutionStatus(status=3),
1786043787127312543,1786043787.125487408,/novatel/oem7/fix,/novatel/oem7/fix,/novatel/oem7/inspva,39.663,-75.756,-1.801413291,0.001806531,0.000100831,0.001341469,0.001209965,0.000100831,,0,
1786043787128360850,1786043787.126083497,/novatel/oem7/odom,/novatel/oem7/fix,/novatel/oem7/odom,39.663,-75.756,-1.801413291,0.001806053,0.000109053,0.001273490,0.001280646,0.000109053,,,
1786043787136179415,1786043787.135560436,/novatel/oem7/odom,/novatel/oem7/fix,/novatel/oem7/odom,39.663,-75.756,-1.801413291,0.001806053,0.000109053,0.001273490,0.001280646,0.000109053,,,
1786043787145623853,1786043787.145072198,/novatel/oem7/inspva,/novatel/oem7/inspva,/novatel/oem7/inspva,39.663,-75.756,-1.801401633,0.001741236,-0.000118607,0.001280676,0.001179733,-0.000118607,,novatel_oem7_msgs.msg.InertialSolutionStatus(status=3),
1786043787146909273,1786043787.145240586,/novatel/oem7/fix,/novatel/oem7/fix,/novatel/oem7/inspva,39.663,-75.756,-1.801401633,0.001741236,-0.000118607,0.001280676,0.001179733,-0.000118607,,0,
1786043787147939521,1786043787.145667971,/novatel/oem7/odom,/novatel/oem7/fix,/novatel/oem7/odom,39.663,-75.756,-1.801401633,0.001741760,-0.000110653,0.001241141,0.001222005,-0.000110653,,,
1786043787156295351,1786043787.155617518,/novatel/oem7/odom,/novatel/oem7/fix,/novatel/oem7/odom,39.663,-75.756,-1.801401633,0.001741760,-0.000110653,0.001241141,0.001222005,-0.000110653,,,
1786043787167303078,1786043787.166725540,/novatel/oem7/inspva,/novatel/oem7/inspva,/novatel/oem7/inspva,39.663,-75.756,-1.801389055,0.001644138,0.000309617,0.001311423,0.000991645,0.000309617,,novatel_oem7_msgs.msg.InertialSolutionStatus(status=3),
1786043787168673409,1786043787.166905345,/novatel/oem7/fix,/novatel/oem7/fix,/novatel/oem7/inspva,39.663,-75.756,-1.801389055,0.001644138,0.000309617,0.001311423,0.000991645,0.000309617,,0,
1786043787169709750,1786043787.167433317,/novatel/oem7/odom,/novatel/oem7/fix,/novatel/oem7/odom,39.663,-75.756,-1.801389055,0.001642730,0.000317004,0.001053194,0.001260692,0.000317004,,,
1786043787175398693,1786043787.174691853,/novatel/oem7/odom,/novatel/oem7/fix,/novatel/oem7/odom,39.663,-75.756,-1.801389055,0.001642730,0.000317004,0.001053194,0.001260692,0.000317004,,,
1786043787185540225,1786043787.185004844,/novatel/oem7/inspva,/novatel/oem7/inspva,/novatel/oem7/inspva,39.663,-75.756,-1.801379737,0.001826149,0.000097240,0.001425720,0.001141114,0.000097240,,novatel_oem7_msgs.msg.InertialSolutionStatus(status=3),
1786043787186948139,1786043787.185162745,/novatel/oem7/fix,/novatel/oem7/fix,/novatel/oem7/inspva,39.663,-75.756,-1.801379737,0.001826149,0.000097240,0.001425720,0.001141114,0.000097240,,0,
1786043787188140475,1786043787.185555302,/novatel/oem7/odom,/novatel/oem7/fix,/novatel/oem7/odom,39.663,-75.756,-1.801379737,0.001825691,0.000105481,0.001208822,0.001368173,0.000105481,,,
1786043787196128349,1786043787.195462409,/novatel/oem7/odom,/novatel/oem7/fix,/novatel/oem7/odom,39.663,-75.756,-1.801379737,0.001825691,0.000105481,0.001208822,0.001368173,0.000105481,,,
1786043787207037408,1786043787.206530823,/novatel/oem7/inspva,/novatel/oem7/inspva,/novatel/oem7/inspva,39.663,-75.756,-1.801373555,0.001752727,-0.000063653,0.001360790,0.001104672,-0.000063653,,novatel_oem7_msgs.msg.InertialSolutionStatus(status=3),
1786043787208454043,1786043787.206703465,/novatel/oem7/fix,/novatel/oem7/fix,/novatel/oem7/inspva,39.663,-75.756,-1.801373555,0.001752727,-0.000063653,0.001360790,0.001104672,-0.000063653,,0,
1786043787209573374,1786043787.207150056,/novatel/oem7/odom,/novatel/oem7/fix,/novatel/oem7/odom,39.663,-75.756,-1.801373555,0.001752997,-0.000055731,0.001169869,0.001305528,-0.000055731,,,
1786043787211116626,1786043787.210164130,/novatel/oem7/bestpos,/novatel/oem7/bestpos,/novatel/oem7/odom,39.663,-75.756,33.181008584,0.001752997,-0.000055731,0.001169869,0.001305528,-0.000055731,,novatel_oem7_msgs.msg.SolutionStatus(status=0),novatel_oem7_msgs.msg.PositionOrVelocityType(type=53)
1786043787212122160,1786043787.210541874,/novatel/oem7/bestvel,/novatel/oem7/bestpos,/novatel/oem7/bestvel,39.663,-75.756,33.181008584,0.001936102,-0.000199512,,,,35.751534807,novatel_oem7_msgs.msg.SolutionStatus(status=0),novatel_oem7_msgs.msg.PositionOrVelocityType(type=53)
1786043787215633555,1786043787.214948335,/novatel/oem7/odom,/novatel/oem7/bestpos,/novatel/oem7/odom,39.663,-75.756,33.181008584,0.001752997,-0.000055731,0.001169869,0.001305528,-0.000055731,,,
1786043787226578478,1786043787.226041937,/novatel/oem7/inspva,/novatel/oem7/inspva,/novatel/oem7/inspva,39.663,-75.756,-1.801364404,0.002013009,-0.000306747,0.001636875,0.001171685,-0.000306747,,novatel_oem7_msgs.msg.InertialSolutionStatus(status=3),
1786043787227913695,1786043787.226203935,/novatel/oem7/fix,/novatel/oem7/fix,/novatel/oem7/inspva,39.663,-75.756,-1.801364404,0.002013009,-0.000306747,0.001636875,0.001171685,-0.000306747,,0,
1786043787229128694,1786043787.226686376,/novatel/oem7/odom,/novatel/oem7/fix,/novatel/oem7/odom,39.663,-75.756,-1.801364404,0.002014356,-0.000297775,0.001251130,0.001578704,-0.000297775,,,
1786043787235049457,1786043787.234397791,/novatel/oem7/odom,/novatel/oem7/fix,/novatel/oem7/odom,39.663,-75.756,-1.801364404,0.002014356,-0.000297775,0.001251130,0.001578704,-0.000297775,,,
1786043787245763081,1786043787.245221886,/novatel/oem7/inspva,/novatel/oem7/inspva,/novatel/oem7/inspva,39.663,-75.756,-1.801353195,0.001641495,0.000140431,0.001424206,0.000816175,0.000140431,,novatel_oem7_msgs.msg.InertialSolutionStatus(status=3),
1786043787247163285,1786043787.245397535,/novatel/oem7/fix,/novatel/oem7/fix,/novatel/oem7/inspva,39.663,-75.756,-1.801353195,0.001641495,0.000140431,0.001424206,0.000816175,0.000140431,,0,
1786043787248257650,1786043787.245676296,/novatel/oem7/odom,/novatel/oem7/fix,/novatel/oem7/odom,39.663,-75.756,-1.801353195,0.001640874,0.000147509,0.000884036,0.001382370,0.000147509,,,
1786043787257250464,1786043787.256601894,/novatel/oem7/odom,/novatel/oem7/fix,/novatel/oem7/odom,39.663,-75.756,-1.801353195,0.001640874,0.000147509,0.000884036,0.001382370,0.000147509,,,
1786043787265529997,1786043787.264996589,/novatel/oem7/inspva,/novatel/oem7/inspva,/novatel/oem7/inspva,39.663,-75.756,-1.801343199,0.001962729,0.000021334,0.001712506,0.000958973,0.000021334,,novatel_oem7_msgs.msg.InertialSolutionStatus(status=3),
1786043787266909518,1786043787.265173030,/novatel/oem7/fix,/novatel/oem7/fix,/novatel/oem7/inspva,39.663,-75.756,-1.801343199,0.001962729,0.000021334,0.001712506,0.000958973,0.000021334,,0,
1786043787268045023,1786043787.265611711,/novatel/oem7/odom,/novatel/oem7/fix,/novatel/oem7/odom,39.663,-75.756,-1.801343199,0.001962619,0.000029767,0.001041142,0.001663700,0.000029767,,,
1786043787275040040,1786043787.274377616,/novatel/oem7/odom,/novatel/oem7/fix,/novatel/oem7/odom,39.663,-75.756,-1.801343199,0.001962619,0.000029767,0.001041142,0.001663700,0.000029767,,,
1786043787287006576,1786043787.286494401,/novatel/oem7/inspva,/novatel/oem7/inspva,/novatel/oem7/inspva,39.663,-75.756,-1.801336353,0.002022792,-0.000110946,0.001872512,0.000765106,-0.000110946,,novatel_oem7_msgs.msg.InertialSolutionStatus(status=3),
1786043787288318867,1786043787.286660263,/novatel/oem7/fix,/novatel/oem7/fix,/novatel/oem7/inspva,39.663,-75.756,-1.801336353,0.002022792,-0.000110946,0.001872512,0.000765106,-0.000110946,,0,
1786043787289383810,1786043787.287083441,/novatel/oem7/odom,/novatel/oem7/fix,/novatel/oem7/odom,39.663,-75.756,-1.801336353,0.002023228,-0.000102698,0.000855778,0.001833329,-0.000102698,,,
1786043787295598503,1786043787.294697874,/novatel/oem7/odom,/novatel/oem7/fix,/novatel/oem7/odom,39.663,-75.756,-1.801336353,0.002023228,-0.000102698,0.000855778,0.001833329,-0.000102698,,,
1786043787306322811,1786043787.305804176,/novatel/oem7/inspva,/novatel/oem7/inspva,/novatel/oem7/inspva,39.663,-75.756,-1.801324501,0.002184521,-0.000103477,0.001970414,0.000943185,-0.000103477,,novatel_oem7_msgs.msg.InertialSolutionStatus(status=3),
1786043787307730109,1786043787.305972981,/novatel/oem7/fix,/novatel/oem7/fix,/novatel/oem7/inspva,39.663,-75.756,-1.801324501,0.002184521,-0.000103477,0.001970414,0.000943185,-0.000103477,,0,
1786043787308860506,1786043787.306387819,/novatel/oem7/odom,/novatel/oem7/fix,/novatel/oem7/odom,39.663,-75.756,-1.801324501,0.002184935,-0.000094324,0.001038390,0.001922417,-0.000094324,,,
1786043787310344605,1786043787.309537580,/novatel/oem7/bestpos,/novatel/oem7/bestpos,/novatel/oem7/odom,39.663,-75.756,33.181054862,0.002184935,-0.000094324,0.001038390,0.001922417,-0.000094324,,novatel_oem7_msgs.msg.SolutionStatus(status=0),novatel_oem7_msgs.msg.PositionOrVelocityType(type=53)
1786043787311850570,1786043787.310300595,/novatel/oem7/bestvel,/novatel/oem7/bestpos,/novatel/oem7/bestvel,39.663,-75.756,33.181054862,0.002296307,-0.000153628,,,,22.069801433,novatel_oem7_msgs.msg.SolutionStatus(status=0),novatel_oem7_msgs.msg.PositionOrVelocityType(type=53)
1786043787316033426,1786043787.315380526,/novatel/oem7/odom,/novatel/oem7/bestpos,/novatel/oem7/odom,39.663,-75.756,33.181054862,0.002184935,-0.000094324,0.001038390,0.001922417,-0.000094324,,,
1786043787325926075,1786043787.325399153,/novatel/oem7/inspva,/novatel/oem7/inspva,/novatel/oem7/inspva,39.663,-75.756,-1.801314955,0.002372624,0.000027875,0.002144852,0.001014373,0.000027875,,novatel_oem7_msgs.msg.InertialSolutionStatus(status=3),
1786043787327236631,1786043787.325582162,/novatel/oem7/fix,/novatel/oem7/fix,/novatel/oem7/inspva,39.663,-75.756,-1.801314955,0.002372624,0.000027875,0.002144852,0.001014373,0.000027875,,0,
1786043787328644626,1786043787.326203241,/novatel/oem7/odom,/novatel/oem7/fix,/novatel/oem7/odom,39.663,-75.756,-1.801314955,0.002372487,0.000037783,0.001117507,0.002092814,0.000037783,,,
1786043787335478518,1786043787.334825384,/novatel/oem7/odom,/novatel/oem7/fix,/novatel/oem7/odom,39.663,-75.756,-1.801314955,0.002372487,0.000037783,0.001117507,0.002092814,0.000037783,,,
1786043787346515672,1786043787.346001834,/novatel/oem7/inspva,/novatel/oem7/inspva,/novatel/oem7/inspva,39.663,-75.756,-1.801304009,0.002431840,-0.000110828,0.002238633,0.000949929,-0.000110828,,novatel_oem7_msgs.msg.InertialSolutionStatus(status=3),
1786043787347909083,1786043787.346167722,/novatel/oem7/fix,/novatel/oem7/fix,/novatel/oem7/inspva,39.663,-75.756,-1.801304009,0.002431840,-0.000110828,0.002238633,0.000949929,-0.000110828,,0,
1786043787349004974,1786043787.346625273,/novatel/oem7/odom,/novatel/oem7/fix,/novatel/oem7/odom,39.663,-75.756,-1.801304009,0.002432274,-0.000100850,0.001058199,0.002190016,-0.000100850,,,
1786043787356487703,1786043787.355843333,/novatel/oem7/odom,/novatel/oem7/fix,/novatel/oem7/odom,39.663,-75.756,-1.801304009,0.002432274,-0.000100850,0.001058199,0.002190016,-0.000100850,,,
1786043787365728729,1786043787.365200027,/novatel/oem7/inspva,/novatel/oem7/inspva,/novatel/oem7/inspva,39.663,-75.756,-1.801298660,0.002529969,-0.000456915,0.002275927,0.001104945,-0.000456915,,novatel_oem7_msgs.msg.InertialSolutionStatus(status=3),
1786043787367111770,1786043787.365372589,/novatel/oem7/fix,/novatel/oem7/fix,/novatel/oem7/inspva,39.663,-75.756,-1.801298660,0.002529969,-0.000456915,0.002275927,0.001104945,-0.000456915,,0,
1786043787368222274,1786043787.365910204,/novatel/oem7/odom,/novatel/oem7/fix,/novatel/oem7/odom,39.663,-75.756,-1.801298660,0.002531862,-0.000446310,0.001216112,0.002220675,-0.000446310,,,
1786043787376252912,1786043787.375592685,/novatel/oem7/odom,/novatel/oem7/fix,/novatel/oem7/odom,39.663,-75.756,-1.801298660,0.002531862,-0.000446310,0.001216112,0.002220675,-0.000446310,,,
1786043787385875765,1786043787.385356803,/novatel/oem7/inspva,/novatel/oem7/inspva,/novatel/oem7/inspva,39.663,-75.756,-1.801287744,0.002387868,-0.000124170,0.002229783,0.000854389,-0.000124170,,novatel_oem7_msgs.msg.InertialSolutionStatus(status=3),
1786043787387211082,1786043787.385530625,/novatel/oem7/fix,/novatel/oem7/fix,/novatel/oem7/inspva,39.663,-75.756,-1.801287744,0.002387868,-0.000124170,0.002229783,0.000854389,-0.000124170,,0,
1786043787388288870,1786043787.385980430,/novatel/oem7/odom,/novatel/oem7/fix,/novatel/oem7/odom,39.663,-75.756,-1.801287744,0.002388347,-0.000114580,0.000962386,0.002185867,-0.000114580,,,
1786043787395187929,1786043787.394474878,/novatel/oem7/odom,/novatel/oem7/fix,/novatel/oem7/odom,39.663,-75.756,-1.801287744,0.002388347,-0.000114580,0.000962386,0.002185867,-0.000114580,,,
1786043787407033918,1786043787.406514189,/novatel/oem7/inspva,/novatel/oem7/inspva,/novatel/oem7/inspva,39.663,-75.756,-1.801284445,0.002894078,-0.000409926,0.002613413,0.001243285,-0.000409926,,novatel_oem7_msgs.msg.InertialSolutionStatus(status=3),
1786043787408405052,1786043787.406679345,/novatel/oem7/fix,/novatel/oem7/fix,/novatel/oem7/inspva,39.663,-75.756,-1.801284445,0.002894078,-0.000409926,0.002613413,0.001243285,-0.000409926,,0,
1786043787409502696,1786043787.407097355,/novatel/oem7/odom,/novatel/oem7/fix,/novatel/oem7/odom,39.663,-75.756,-1.801284445,0.002895763,-0.000397847,0.001370553,0.002550888,-0.000397847,,,
1786043787411047692,1786043787.410457409,/novatel/oem7/bestpos,/novatel/oem7/bestpos,/novatel/oem7/odom,39.663,-75.756,33.181102842,0.002895763,-0.000397847,0.001370553,0.002550888,-0.000397847,,novatel_oem7_msgs.msg.SolutionStatus(status=0),novatel_oem7_msgs.msg.PositionOrVelocityType(type=53)
1786043787412517067,1786043787.410974984,/novatel/oem7/bestvel,/novatel/oem7/bestpos,/novatel/oem7/bestvel,39.663,-75.756,33.181102842,0.002866661,-0.000303639,,,,18.793444521,novatel_oem7_msgs.msg.SolutionStatus(status=0),novatel_oem7_msgs.msg.PositionOrVelocityType(type=53)
1786043787415825960,1786043787.415191431,/novatel/oem7/odom,/novatel/oem7/bestpos,/novatel/oem7/odom,39.663,-75.756,33.181102842,0.002895763,-0.000397847,0.001370553,0.002550888,-0.000397847,,,
1786043787425623259,1786043787.425093733,/novatel/oem7/inspva,/novatel/oem7/inspva,/novatel/oem7/inspva,39.663,-75.756,-1.801272791,0.002445890,-0.000252578,0.002320297,0.000773694,-0.000252578,,novatel_oem7_msgs.msg.InertialSolutionStatus(status=3),
1786043787427193088,1786043787.425250828,/novatel/oem7/fix,/novatel/oem7/fix,/novatel/oem7/inspva,39.663,-75.756,-1.801272791,0.002445890,-0.000252578,0.002320297,0.000773694,-0.000252578,,0,
1786043787428408617,1786043787.425602700,/novatel/oem7/odom,/novatel/oem7/fix,/novatel/oem7/odom,39.663,-75.756,-1.801272791,0.002446858,-0.000243025,0.000886672,0.002280554,-0.000243025,,,
1786043787436254809,1786043787.435590822,/novatel/oem7/odom,/novatel/oem7/fix,/novatel/oem7/odom,39.663,-75.756,-1.801272791,0.002446858,-0.000243025,0.000886672,0.002280554,-0.000243025,,,
1786043787445927620,1786043787.445409441,/novatel/oem7/inspva,/novatel/oem7/inspva,/novatel/oem7/inspva,39.663,-75.756,-1.801265839,0.002722243,-0.000171853,0.002492083,0.001095502,-0.000171853,,novatel_oem7_msgs.msg.InertialSolutionStatus(status=3),
1786043787447289167,1786043787.445595547,/novatel/oem7/fix,/novatel/oem7/fix,/novatel/oem7/inspva,39.663,-75.756,-1.801265839,0.002722243,-0.000171853,0.002492083,0.001095502,-0.000171853,,0,
1786043787448438925,1786043787.446345500,/novatel/oem7/odom,/novatel/oem7/fix,/novatel/oem7/odom,39.663,-75.756,-1.801265839,0.002722926,-0.000160656,0.001216174,0.002436237,-0.000160656,,,
1786043787457006911,1786043787.456339031,/novatel/oem7/odom,/novatel/oem7/fix,/novatel/oem7/odom,39.663,-75.756,-1.801265839,0.002722926,-0.000160656,0.001216174,0.002436237,-0.000160656,,,
1786043787466509837,1786043787.465977908,/novatel/oem7/inspva,/novatel/oem7/inspva,/novatel/oem7/inspva,39.663,-75.756,-1.801255130,0.002345925,-0.000109295,0.002237761,0.000704122,-0.000109295,,novatel_oem7_msgs.msg.InertialSolutionStatus(status=3),
1786043787467909574,1786043787.466147523,/novatel/oem7/fix,/novatel/oem7/fix,/novatel/oem7/inspva,39.663,-75.756,-1.801255130,0.002345925,-0.000109295,0.002237761,0.000704122,-0.000109295,,0,
1786043787469021009,1786043787.466528500,/novatel/oem7/odom,/novatel/oem7/fix,/novatel/oem7/odom,39.663,-75.756,-1.801255130,0.002346329,-0.000100226,0.000812640,0.002201108,-0.000100226,,,
1786043787475461043,1786043787.474766326,/novatel/oem7/odom,/novatel/oem7/fix,/novatel/oem7/odom,39.663,-75.756,-1.801255130,0.002346329,-0.000100226,0.000812640,0.002201108,-0.000100226,,,
1786043787485623559,1786043787.485085820,/novatel/oem7/inspva,/novatel/oem7/inspva,/novatel/oem7/inspva,39.663,-75.756,-1.801250612,0.002665683,-0.000363967,0.002394237,0.001171962,-0.000363967,,novatel_oem7_msgs.msg.InertialSolutionStatus(status=3),
1786043787486983333,1786043787.485251519,/novatel/oem7/fix,/novatel/oem7/fix,/novatel/oem7/inspva,39.663,-75.756,-1.801250612,0.002665683,-0.000363967,0.002394237,0.001171962,-0.000363967,,0,
1786043787488083000,1786043787.485687789,/novatel/oem7/odom,/novatel/oem7/fix,/novatel/oem7/odom,39.663,-75.756,-1.801250612,0.002667188,-0.000352770,0.001288458,0.002335330,-0.000352770,,,
1786043787496206562,1786043787.495473848,/novatel/oem7/odom,/novatel/oem7/fix,/novatel/oem7/odom,39.663,-75.756,-1.801250612,0.002667188,-0.000352770,0.001288458,0.002335330,-0.000352770,,,
1786043787506617817,1786043787.506042518,/novatel/oem7/inspva,/novatel/oem7/inspva,/novatel/oem7/inspva,39.663,-75.756,-1.801240467,0.002141743,-0.000245923,0.002010418,0.000738432,-0.000245923,,novatel_oem7_msgs.msg.InertialSolutionStatus(status=3),
1786043787508029198,1786043787.506222273,/novatel/oem7/fix,/novatel/oem7/fix,/novatel/oem7/inspva,39.663,-75.756,-1.801240467,0.002141743,-0.000245923,0.002010418,0.000738432,-0.000245923,,0,
1786043787509138619,1786043787.506555706,/novatel/oem7/odom,/novatel/oem7/fix,/novatel/oem7/odom,39.663,-75.756,-1.801240467,0.002142707,-0.000237376,0.000836307,0.001972760,-0.000237376,,,
1786043787512849980,1786043787.512215153,/novatel/oem7/bestpos,/novatel/oem7/bestpos,/novatel/oem7/odom,39.663,-75.756,33.181140696,0.002142707,-0.000237376,0.000836307,0.001972760,-0.000237376,,novatel_oem7_msgs.msg.SolutionStatus(status=0),novatel_oem7_msgs.msg.PositionOrVelocityType(type=53)
1786043787514316894,1786043787.512560000,/novatel/oem7/bestvel,/novatel/oem7/bestpos,/novatel/oem7/bestvel,39.663,-75.756,33.181140696,0.002217549,-0.000257153,,,,16.491543448,novatel_oem7_msgs.msg.SolutionStatus(status=0),novatel_oem7_msgs.msg.PositionOrVelocityType(type=53)
1786043787515915424,1786043787.514446146,/novatel/oem7/odom,/novatel/oem7/bestpos,/novatel/oem7/odom,39.663,-75.756,33.181140696,0.002142707,-0.000237376,0.000836307,0.001972760,-0.000237376,,,
1786043787527283072,1786043787.526515581,/novatel/oem7/inspva,/novatel/oem7/inspva,/novatel/oem7/inspva,39.663,-75.756,-1.801233535,0.002812591,-0.000091790,0.002605188,0.001060031,-0.000091790,,novatel_oem7_msgs.msg.InertialSolutionStatus(status=3),
1786043787528939935,1786043787.526743973,/novatel/oem7/fix,/novatel/oem7/fix,/novatel/oem7/inspva,39.663,-75.756,-1.801233535,0.002812591,-0.000091790,0.002605188,0.001060031,-0.000091790,,0,
1786043787530142394,1786043787.527182954,/novatel/oem7/odom,/novatel/oem7/fix,/novatel/oem7/odom,39.663,-75.756,-1.801233535,0.002812941,-0.000080368,0.001185917,0.002550732,-0.000080368,,,
1786043787535557005,1786043787.534882395,/novatel/oem7/odom,/novatel/oem7/fix,/novatel/oem7/odom,39.663,-75.756,-1.801233535,0.002812941,-0.000080368,0.001185917,0.002550732,-0.000080368,,,
1786043787545381154,1786043787.544886826,/novatel/oem7/inspva,/novatel/oem7/inspva,/novatel/oem7/inspva,39.663,-75.756,-1.801224760,0.002406412,-0.000027825,0.002281765,0.000764439,-0.000027825,,novatel_oem7_msgs.msg.InertialSolutionStatus(status=3),
1786043787546784165,1786043787.545051348,/novatel/oem7/fix,/novatel/oem7/fix,/novatel/oem7/inspva,39.663,-75.756,-1.801224760,0.002406412,-0.000027825,0.002281765,0.000764439,-0.000027825,,0,
1786043787547849122,1786043787.545403209,/novatel/oem7/odom,/novatel/oem7/fix,/novatel/oem7/odom,39.663,-75.756,-1.801224760,0.002406503,-0.000018371,0.000874714,0.002241904,-0.000018371,,,
1786043787556921353,1786043787.555625470,/novatel/oem7/odom,/novatel/oem7/fix,/novatel/oem7/odom,39.663,-75.756,-1.801224760,0.002406503,-0.000018371,0.000874714,0.002241904,-0.000018371,,,
1786043787565869363,1786043787.565247171,/novatel/oem7/inspva,/novatel/oem7/inspva,/novatel/oem7/inspva,39.663,-75.756,-1.801221558,0.002617923,-0.000315406,0.002348199,0.001157360,-0.000315406,,novatel_oem7_msgs.msg.InertialSolutionStatus(status=3),
1786043787567320825,1786043787.565450223,/novatel/oem7/fix,/novatel/oem7/fix,/novatel/oem7/inspva,39.663,-75.756,-1.801221558,0.002617923,-0.000315406,0.002348199,0.001157360,-0.000315406,,0,
1786043787568513257,1786043787.565958099,/novatel/oem7/odom,/novatel/oem7/fix,/novatel/oem7/odom,39.663,-75.756,-1.801221558,0.002619225,-0.000304410,0.001271443,0.002289928,-0.000304410,,,
1786043787575332565,1786043787.574657825,/novatel/oem7/odom,/novatel/oem7/fix,/novatel/oem7/odom,39.663,-75.756,-1.801221558,0.002619225,-0.000304410,0.001271443,0.002289928,-0.000304410,,,
1786043787587158598,1786043787.586236888,/novatel/oem7/inspva,/novatel/oem7/inspva,/novatel/oem7/inspva,39.663,-75.756,-1.801211060,0.002507634,-0.000099863,0.002351236,0.000871734,-0.000099863,,novatel_oem7_msgs.msg.InertialSolutionStatus(status=3),
1786043787589383464,1786043787.586327184,/novatel/oem7/fix,/novatel/oem7/fix,/novatel/oem7/inspva,39.663,-75.756,-1.801211060,0.002507634,-0.000099863,0.002351236,0.000871734,-0.000099863,,0,
1786043787591035677,1786043787.586880639,/novatel/oem7/odom,/novatel/oem7/fix,/novatel/oem7/odom,39.663,-75.756,-1.801211060,0.002508013,-0.000089842,0.000985511,0.002306274,-0.000089842,,,
1786043787595453181,1786043787.594774338,/novatel/oem7/odom,/novatel/oem7/fix,/novatel/oem7/odom,39.663,-75.756,-1.801211060,0.002508013,-0.000089842,0.000985511,0.002306274,-0.000089842,,,
1786043787607130556,1786043787.606465489,/novatel/oem7/inspva,/novatel/oem7/inspva,/novatel/oem7/inspva,39.663,-75.756,-1.801205889,0.002425340,-0.000063122,0.002134049,0.001152436,-0.000063122,,novatel_oem7_msgs.msg.InertialSolutionStatus(status=3),
1786043787608665711,1786043787.606718131,/novatel/oem7/fix,/novatel/oem7/fix,/novatel/oem7/inspva,39.663,-75.756,-1.801205889,0.002425340,-0.000063122,0.002134049,0.001152436,-0.000063122,,0,
1786043787609853550,1786043787.607246340,/novatel/oem7/odom,/novatel/oem7/fix,/novatel/oem7/odom,39.663,-75.756,-1.801205889,0.002425587,-0.000052783,0.001255193,0.002075563,-0.000052783,,,
1786043787611694451,1786043787.610384955,/novatel/oem7/bestpos,/novatel/oem7/bestpos,/novatel/oem7/odom,39.663,-75.756,33.181179377,0.002425587,-0.000052783,0.001255193,0.002075563,-0.000052783,,novatel_oem7_msgs.msg.SolutionStatus(status=0),novatel_oem7_msgs.msg.PositionOrVelocityType(type=53)
1786043787612724952,1786043787.610795235,/novatel/oem7/bestvel,/novatel/oem7/bestpos,/novatel/oem7/bestvel,39.663,-75.756,33.181179377,0.002157884,0.000134919,,,,28.986083703,novatel_oem7_msgs.msg.SolutionStatus(status=0),novatel_oem7_msgs.msg.PositionOrVelocityType(type=53)
1786043787616219747,1786043787.615551577,/novatel/oem7/odom,/novatel/oem7/bestpos,/novatel/oem7/odom,39.663,-75.756,33.181179377,0.002425587,-0.000052783,0.001255193,0.002075563,-0.000052783,,,
1786043787627582284,1786043787.625475720,/novatel/oem7/inspva,/novatel/oem7/inspva,/novatel/oem7/inspva,39.663,-75.756,-1.801196536,0.002456533,-0.000036395,0.002166105,0.001158683,-0.000036395,,novatel_oem7_msgs.msg.InertialSolutionStatus(status=3),
1786043787628936992,1786043787.625802687,/novatel/oem7/fix,/novatel/oem7/fix,/novatel/oem7/inspva,39.663,-75.756,-1.801196536,0.002456533,-0.000036395,0.002166105,0.001158683,-0.000036395,,0,
1786043787631306462,1786043787.626785396,/novatel/oem7/odom,/novatel/oem7/fix,/novatel/oem7/odom,39.663,-75.756,-1.801196536,0.002456666,-0.000025933,0.001262884,0.002107209,-0.000025933,,,
1786043787635369957,1786043787.634527598,/novatel/oem7/odom,/novatel/oem7/fix,/novatel/oem7/odom,39.663,-75.756,-1.801196536,0.002456666,-0.000025933,0.001262884,0.002107209,-0.000025933,,,
1786043787646868306,1786043787.646192466,/novatel/oem7/inspva,/novatel/oem7/inspva,/novatel/oem7/inspva,39.663,-75.756,-1.801188613,0.002341017,-0.000023133,0.002149508,0.000927349,-0.000023133,,novatel_oem7_msgs.msg.InertialSolutionStatus(status=3),
1786043787648707574,1786043787.646385264,/novatel/oem7/fix,/novatel/oem7/fix,/novatel/oem7/inspva,39.663,-75.756,-1.801188613,0.002341017,-0.000023133,0.002149508,0.000927349,-0.000023133,,0,
1786043787649824205,1786043787.647084735,/novatel/oem7/odom,/novatel/oem7/fix,/novatel/oem7/odom,39.663,-75.756,-1.801188613,0.002341092,-0.000013526,0.001030970,0.002101859,-0.000013526,,,
1786043787658115632,1786043787.656411181,/novatel/oem7/odom,/novatel/oem7/fix,/novatel/oem7/odom,39.663,-75.756,-1.801188613,0.002341092,-0.000013526,0.001030970,0.002101859,-0.000013526,,,
1786043787665750825,1786043787.664916844,/novatel/oem7/inspva,/novatel/oem7/inspva,/novatel/oem7/inspva,39.663,-75.756,-1.801176787,0.002401224,0.000280409,0.002219176,0.000917134,0.000280409,,novatel_oem7_msgs.msg.InertialSolutionStatus(status=3),
1786043787667795749,1786043787.665171026,/novatel/oem7/fix,/novatel/oem7/fix,/novatel/oem7/inspva,39.663,-75.756,-1.801176787,0.002401224,0.000280409,0.002219176,0.000917134,0.000280409,,0,
1786043787669401855,1786043787.665769499,/novatel/oem7/odom,/novatel/oem7/fix,/novatel/oem7/odom,39.663,-75.756,-1.801176787,0.002400061,0.000290195,0.001023055,0.002171094,0.000290195,,,
1786043787676333049,1786043787.675469446,/novatel/oem7/odom,/novatel/oem7/fix,/novatel/oem7/odom,39.663,-75.756,-1.801176787,0.002400061,0.000290195,0.001023055,0.002171094,0.000290195,,,
1786043787687093637,1786043787.686449154,/novatel/oem7/inspva,/novatel/oem7/inspva,/novatel/oem7/inspva,39.663,-75.756,-1.801171933,0.002111657,-0.000020651,0.001727307,0.001214705,-0.000020651,,novatel_oem7_msgs.msg.InertialSolutionStatus(status=3),
1786043787688616726,1786043787.686607602,/novatel/oem7/fix,/novatel/oem7/fix,/novatel/oem7/inspva,39.663,-75.756,-1.801171933,0.002111657,-0.000020651,0.001727307,0.001214705,-0.000020651,,0,
1786043787689762277,1786043787.687070840,/novatel/oem7/odom,/novatel/oem7/fix,/novatel/oem7/odom,39.663,-75.756,-1.801171933,0.002111728,-0.000011278,0.001297426,0.001666158,-0.000011278,,,
1786043787695926689,1786043787.694958156,/novatel/oem7/odom,/novatel/oem7/fix,/novatel/oem7/odom,39.663,-75.756,-1.801171933,0.002111728,-0.000011278,0.001297426,0.001666158,-0.000011278,,,
1786043787706682971,1786043787.705888783,/novatel/oem7/inspva,/novatel/oem7/inspva,/novatel/oem7/inspva,39.663,-75.756,-1.801162440,0.002317424,-0.000159065,0.002044187,0.001091674,-0.000159065,,novatel_oem7_msgs.msg.InertialSolutionStatus(status=3),
1786043787708384438,1786043787.706125565,/novatel/oem7/fix,/novatel/oem7/fix,/novatel/oem7/inspva,39.663,-75.756,-1.801162440,0.002317424,-0.000159065,0.002044187,0.001091674,-0.000159065,,0,
1786043787709788232,1786043787.706547013,/novatel/oem7/odom,/novatel/oem7/fix,/novatel/oem7/odom,39.663,-75.756,-1.801162440,0.002318081,-0.000149171,0.001190467,0.001989043,-0.000149171,,,
1786043787711676981,1786043787.709526749,/novatel/oem7/bestpos,/novatel/oem7/bestpos,/novatel/oem7/odom,39.663,-75.756,33.181214228,0.002318081,-0.000149171,0.001190467,0.001989043,-0.000149171,,novatel_oem7_msgs.msg.SolutionStatus(status=0),novatel_oem7_msgs.msg.PositionOrVelocityType(type=53)
1786043787712918193,1786043787.710334241,/novatel/oem7/bestvel,/novatel/oem7/bestpos,/novatel/oem7/bestvel,39.663,-75.756,33.181214228,0.002510796,-0.000293921,,,,26.769029023,novatel_oem7_msgs.msg.SolutionStatus(status=0),novatel_oem7_msgs.msg.PositionOrVelocityType(type=53)
1786043787715274934,1786043787.714567984,/novatel/oem7/odom,/novatel/oem7/bestpos,/novatel/oem7/odom,39.663,-75.756,33.181214228,0.002318081,-0.000149171,0.001190467,0.001989043,-0.000149171,,,
1786043787726498124,1786043787.725369349,/novatel/oem7/inspva,/novatel/oem7/inspva,/novatel/oem7/inspva,39.663,-75.756,-1.801153793,0.001975028,0.000266969,0.001745765,0.000923602,0.000266969,,novatel_oem7_msgs.msg.InertialSolutionStatus(status=3),
1786043787728303235,1786043787.725679212,/novatel/oem7/fix,/novatel/oem7/fix,/novatel/oem7/inspva,39.663,-75.756,-1.801153793,0.001975028,0.000266969,0.001745765,0.000923602,0.000266969,,0,
1786043787729836157,1786043787.727149813,/novatel/oem7/odom,/novatel/oem7/fix,/novatel/oem7/odom,39.663,-75.756,-1.801153793,0.001973870,0.000275397,0.001006521,0.001697964,0.000275397,,,
1786043787736263412,1786043787.735406620,/novatel/oem7/odom,/novatel/oem7/fix,/novatel/oem7/odom,39.663,-75.756,-1.801153793,0.001973870,0.000275397,0.001006521,0.001697964,0.000275397,,,
1786043787745953266,1786043787.745221478,/novatel/oem7/inspva,/novatel/oem7/inspva,/novatel/oem7/inspva,39.663,-75.756,-1.801147060,0.002469921,-0.000024856,0.002255891,0.001005717,-0.000024856,,novatel_oem7_msgs.msg.InertialSolutionStatus(status=3),
1786043787747653483,1786043787.745406254,/novatel/oem7/fix,/novatel/oem7/fix,/novatel/oem7/inspva,39.663,-75.756,-1.801147060,0.002469921,-0.000024856,0.002255891,0.001005717,-0.000024856,,0,
1786043787748728011,1786043787.745893992,/novatel/oem7/odom,/novatel/oem7/fix,/novatel/oem7/odom,39.663,-75.756,-1.801147060,0.002470003,-0.000014646,0.001114436,0.002204301,-0.000014646,,,
1786043787756801055,1786043787.755876753,/novatel/oem7/odom,/novatel/oem7/fix,/novatel/oem7/odom,39.663,-75.756,-1.801147060,0.002470003,-0.000014646,0.001114436,0.002204301,-0.000014646,,,
1786043787766102076,1786043787.765096216,/novatel/oem7/inspva,/novatel/oem7/inspva,/novatel/oem7/inspva,39.663,-75.756,-1.801141473,0.002001422,-0.000133214,0.001853843,0.000754291,-0.000133214,,novatel_oem7_msgs.msg.InertialSolutionStatus(status=3),
1786043787768181873,1786043787.765404025,/novatel/oem7/fix,/novatel/oem7/fix,/novatel/oem7/inspva,39.663,-75.756,-1.801141473,0.002001422,-0.000133214,0.001853843,0.000754291,-0.000133214,,0,
1786043787769805466,1786043787.766004368,/novatel/oem7/odom,/novatel/oem7/fix,/novatel/oem7/odom,39.663,-75.756,-1.801141473,0.002001949,-0.000125053,0.000844130,0.001815280,-0.000125053,,,
1786043787776037659,1786043787.775132603,/novatel/oem7/odom,/novatel/oem7/fix,/novatel/oem7/odom,39.663,-75.756,-1.801141473,0.002001949,-0.000125053,0.000844130,0.001815280,-0.000125053,,,
1786043787785514741,1786043787.784935668,/novatel/oem7/inspva,/novatel/oem7/inspva,/novatel/oem7/inspva,39.663,-75.756,-1.801131678,0.002544741,-0.000059253,0.002379282,0.000902622,-0.000059253,,novatel_oem7_msgs.msg.InertialSolutionStatus(status=3),
1786043787786888758,1786043787.785130030,/novatel/oem7/fix,/novatel/oem7/fix,/novatel/oem7/inspva,39.663,-75.756,-1.801131678,0.002544741,-0.000059253,0.002379282,0.000902622,-0.000059253,,0,
1786043787787970962,1786043787.785543218,/novatel/oem7/odom,/novatel/oem7/fix,/novatel/oem7/odom,39.663,-75.756,-1.801131678,0.002544959,-0.000049008,0.001017577,0.002332671,-0.000049008,,,
1786043787795175798,1786043787.794403040,/novatel/oem7/odom,/novatel/oem7/fix,/novatel/oem7/odom,39.663,-75.756,-1.801131678,0.002544959,-0.000049008,0.001017577,0.002332671,-0.000049008,,,
1786043787807535823,1786043787.806622357,/novatel/oem7/inspva,/novatel/oem7/inspva,/novatel/oem7/inspva,39.663,-75.756,-1.801123562,0.002160564,0.000159083,0.001948535,0.000933406,0.000159083,,novatel_oem7_msgs.msg.InertialSolutionStatus(status=3),
1786043787809659344,1786043787.806869826,/novatel/oem7/fix,/novatel/oem7/fix,/novatel/oem7/inspva,39.663,-75.756,-1.801123562,0.002160564,0.000159083,0.001948535,0.000933406,0.000159083,,0,
1786043787811316238,1786043787.807268063,/novatel/oem7/odom,/novatel/oem7/fix,/novatel/oem7/odom,39.663,-75.756,-1.801123562,0.002159878,0.000168134,0.001026573,0.001900321,0.000168134,,,
1786043787813659781,1786043787.810164509,/novatel/oem7/bestpos,/novatel/oem7/bestpos,/novatel/oem7/odom,39.663,-75.756,33.181248662,0.002159878,0.000168134,0.001026573,0.001900321,0.000168134,,novatel_oem7_msgs.msg.SolutionStatus(status=0),novatel_oem7_msgs.msg.PositionOrVelocityType(type=53)
1786043787815093299,1786043787.810558000,/novatel/oem7/bestvel,/novatel/oem7/bestpos,/novatel/oem7/bestvel,39.663,-75.756,33.181248662,0.002202144,0.000111066,,,,27.820088695,novatel_oem7_msgs.msg.SolutionStatus(status=0),novatel_oem7_msgs.msg.PositionOrVelocityType(type=53)
1786043787817636184,1786043787.814958889,/novatel/oem7/odom,/novatel/oem7/bestpos,/novatel/oem7/odom,39.663,-75.756,33.181248662,0.002159878,0.000168134,0.001026573,0.001900321,0.000168134,,,
1786043787826740097,1786043787.825025163,/novatel/oem7/inspva,/novatel/oem7/inspva,/novatel/oem7/inspva,39.663,-75.756,-1.801116468,0.002530532,-0.000074785,0.002322878,0.001003906,-0.000074785,,novatel_oem7_msgs.msg.InertialSolutionStatus(status=3),
1786043787833525962,1786043787.825245198,/novatel/oem7/fix,/novatel/oem7/fix,/novatel/oem7/inspva,39.663,-75.756,-1.801116468,0.002530532,-0.000074785,0.002322878,0.001003906,-0.000074785,,0,
1786043787840395935,1786043787.826014654,/novatel/oem7/odom,/novatel/oem7/fix,/novatel/oem7/odom,39.663,-75.756,-1.801116468,0.002159880,0.000168109,0.001026574,0.001900323,0.000168109,,,
1786043787847264523,1786043787.845500762,/novatel/oem7/inspva,/novatel/oem7/inspva,/novatel/oem7/inspva,39.663,-75.756,-1.801108812,0.001998902,-0.000159683,0.001845860,0.000767080,-0.000159683,,novatel_oem7_msgs.msg.InertialSolutionStatus(status=3),
1786043787847870182,1786043787.845794178,/novatel/oem7/fix,/novatel/oem7/fix,/novatel/oem7/inspva,39.663,-75.756,-1.801108812,0.001998902,-0.000159683,0.001845860,0.000767080,-0.000159683,,0,
1786043787848390188,1786043787.835735736,/novatel/oem7/odom,/novatel/oem7/fix,/novatel/oem7/odom,39.663,-75.756,-1.801108812,0.002530817,-0.000064403,0.001116066,0.002271438,-0.000064403,,,
1786043787849069533,1786043787.846401507,/novatel/oem7/odom,/novatel/oem7/fix,/novatel/oem7/odom,39.663,-75.756,-1.801108812,0.001999537,-0.000151522,0.000856609,0.001806757,-0.000151522,,,
1786043787857186870,1786043787.856572237,/novatel/oem7/odom,/novatel/oem7/fix,/novatel/oem7/odom,39.663,-75.756,-1.801108812,0.001999537,-0.000151522,0.000856609,0.001806757,-0.000151522,,,
1786043787870797779,1786043787.866147676,/novatel/oem7/inspva,/novatel/oem7/inspva,/novatel/oem7/inspva,39.663,-75.756,-1.801096148,0.002483354,0.000017757,0.002293614,0.000952043,0.000017757,,novatel_oem7_msgs.msg.InertialSolutionStatus(status=3),
1786043787881127659,1786043787.866504399,/novatel/oem7/fix,/novatel/oem7/fix,/novatel/oem7/inspva,39.663,-75.756,-1.801096148,0.002483354,0.000017757,0.002293614,0.000952043,0.000017757,,0,
1786043787885449425,1786043787.867029124,/novatel/oem7/odom,/novatel/oem7/fix,/novatel/oem7/odom,39.663,-75.756,-1.801096148,0.002483261,0.000027876,0.001062505,0.002244475,0.000027876,,,
1786043787886898742,1786043787.885116377,/novatel/oem7/inspva,/novatel/oem7/inspva,/novatel/oem7/inspva,39.663,-75.756,-1.801091331,0.002290227,-0.000429328,0.002263358,0.000349786,-0.000429328,,novatel_oem7_msgs.msg.InertialSolutionStatus(status=3),
1786043787887278265,1786043787.885354359,/novatel/oem7/fix,/novatel/oem7/fix,/novatel/oem7/inspva,39.663,-75.756,-1.801091331,0.002290227,-0.000429328,0.002263358,0.000349786,-0.000429328,,0,
1786043787887740259,1786043787.874577966,/novatel/oem7/odom,/novatel/oem7/fix,/novatel/oem7/odom,39.663,-75.756,-1.801091331,0.002483261,0.000027876,0.001062505,0.002244475,0.000027876,,,
1786043787888450363,1786043787.885630405,/novatel/oem7/odom,/novatel/oem7/fix,/novatel/oem7/odom,39.663,-75.756,-1.801091331,0.002291698,-0.000421405,0.000461140,0.002244822,-0.000421405,,,
1786043787896734467,1786043787.895376390,/novatel/oem7/odom,/novatel/oem7/fix,/novatel/oem7/odom,39.663,-75.756,-1.801091331,0.002291698,-0.000421405,0.000461140,0.002244822,-0.000421405,,,
1786043787909027747,1786043787.905817629,/novatel/oem7/inspva,/novatel/oem7/inspva,/novatel/oem7/inspva,39.663,-75.756,-1.801078051,0.002538586,-0.000200954,0.002469349,0.000588842,-0.000200954,,novatel_oem7_msgs.msg.InertialSolutionStatus(status=3),
1786043787917002230,1786043787.909302717,/novatel/oem7/bestpos,/novatel/oem7/bestpos,/novatel/oem7/inspva,39.663,-75.756,33.181294653,0.002538586,-0.000200954,0.002469349,0.000588842,-0.000200954,,novatel_oem7_msgs.msg.SolutionStatus(status=0),novatel_oem7_msgs.msg.PositionOrVelocityType(type=53)
1786043787917417745,1786043787.909884590,/novatel/oem7/bestvel,/novatel/oem7/bestpos,/novatel/oem7/bestvel,39.663,-75.756,33.181294653,0.002727622,-0.000429076,,,,19.749226871,novatel_oem7_msgs.msg.SolutionStatus(status=0),novatel_oem7_msgs.msg.PositionOrVelocityType(type=53)
1786043787917809841,1786043787.906057804,/novatel/oem7/fix,/novatel/oem7/fix,/novatel/oem7/bestvel,39.663,-75.756,-1.801078051,0.002727622,-0.000429076,,,,19.749226871,0,
1786043787918350305,1786043787.906389884,/novatel/oem7/odom,/novatel/oem7/fix,/novatel/oem7/odom,39.663,-75.756,-1.801078051,0.002539310,-0.000191578,0.000709076,0.002438300,-0.000191578,,,
1786043787920006194,1786043787.914434948,/novatel/oem7/odom,/novatel/oem7/fix,/novatel/oem7/odom,39.663,-75.756,-1.801078051,0.002539310,-0.000191578,0.000709076,0.002438300,-0.000191578,,,
1786043787927506796,1786043787.926621078,/novatel/oem7/inspva,/novatel/oem7/inspva,/novatel/oem7/inspva,39.663,-75.756,-1.801070753,0.002326756,-0.000061625,0.002278719,0.000470352,-0.000061625,,novatel_oem7_msgs.msg.InertialSolutionStatus(status=3),
1786043787928488546,1786043787.926945704,/novatel/oem7/fix,/novatel/oem7/fix,/novatel/oem7/inspva,39.663,-75.756,-1.801070753,0.002326756,-0.000061625,0.002278719,0.000470352,-0.000061625,,0,
1786043787929120429,1786043787.927477207,/novatel/oem7/odom,/novatel/oem7/fix,/novatel/oem7/odom,39.663,-75.756,-1.801070753,0.002326962,-0.000053243,0.000580921,0.002253283,-0.000053243,,,
1786043787935544494,1786043787.935003533,/novatel/oem7/odom,/novatel/oem7/fix,/novatel/oem7/odom,39.663,-75.756,-1.801070753,0.002326962,-0.000053243,0.000580921,0.002253283,-0.000053243,,,
1786043787945608633,1786043787.945090450,/novatel/oem7/inspva,/novatel/oem7/inspva,/novatel/oem7/inspva,39.663,-75.756,-1.801061497,0.002587158,-0.000090878,0.002523244,0.000571512,-0.000090878,,novatel_oem7_msgs.msg.InertialSolutionStatus(status=3),
1786043787946475899,1786043787.945381920,/novatel/oem7/fix,/novatel/oem7/fix,/novatel/oem7/inspva,39.663,-75.756,-1.801061497,0.002587158,-0.000090878,0.002523244,0.000571512,-0.000090878,,0,
1786043787947210289,1786043787.945808467,/novatel/oem7/odom,/novatel/oem7/fix,/novatel/oem7/odom,39.663,-75.756,-1.801061497,0.002587473,-0.000081407,0.000693979,0.002492671,-0.000081407,,,
1786043787956653042,1786043787.956025137,/novatel/oem7/odom,/novatel/oem7/fix,/novatel/oem7/odom,39.663,-75.756,-1.801061497,0.002587473,-0.000081407,0.000693979,0.002492671,-0.000081407,,,
1786043787966351564,1786043787.965437805,/novatel/oem7/inspva,/novatel/oem7/inspva,/novatel/oem7/inspva,39.663,-75.756,-1.801057221,0.002509892,-0.000400134,0.002463552,0.000480073,-0.000400134,,novatel_oem7_msgs.msg.InertialSolutionStatus(status=3),
1786043787967739484,1786043787.965741878,/novatel/oem7/fix,/novatel/oem7/fix,/novatel/oem7/inspva,39.663,-75.756,-1.801057221,0.002509892,-0.000400134,0.002463552,0.000480073,-0.000400134,,0,
1786043787968744995,1786043787.966461022,/novatel/oem7/odom,/novatel/oem7/fix,/novatel/oem7/odom,39.663,-75.756,-1.801057221,0.002511306,-0.000391160,0.000600841,0.002438370,-0.000391160,,,
1786043787975274364,1786043787.974692898,/novatel/oem7/odom,/novatel/oem7/fix,/novatel/oem7/odom,39.663,-75.756,-1.801057221,0.002511306,-0.000391160,0.000600841,0.002438370,-0.000391160,,,
1786043787986456393,1786043787.985996229,/novatel/oem7/inspva,/novatel/oem7/inspva,/novatel/oem7/inspva,39.663,-75.756,-1.801044391,0.002459502,-0.000164162,0.002408024,0.000500572,-0.000164162,,novatel_oem7_msgs.msg.InertialSolutionStatus(status=3),
1786043787987222571,1786043787.986232611,/novatel/oem7/fix,/novatel/oem7/fix,/novatel/oem7/inspva,39.663,-75.756,-1.801044391,0.002459502,-0.000164162,0.002408024,0.000500572,-0.000164162,,0,
1786043787987752656,1786043787.986750480,/novatel/oem7/odom,/novatel/oem7/fix,/novatel/oem7/odom,39.663,-75.756,-1.801044391,0.002460079,-0.000155284,0.000617744,0.002381256,-0.000155284,,,
1786043787995195892,1786043787.994450964,/novatel/oem7/odom,/novatel/oem7/fix,/novatel/oem7/odom,39.663,-75.756,-1.801044391,0.002460079,-0.000155284,0.000617744,0.002381256,-0.000155284,,,
1786043788010992097,1786043788.010417918,/novatel/oem7/inspva,/novatel/oem7/inspva,/novatel/oem7/inspva,39.663,-75.756,-1.801036471,0.002716313,-0.000025895,0.002709877,0.000186884,-0.000025895,,novatel_oem7_msgs.msg.InertialSolutionStatus(status=3),
1786043788012114966,1786043788.010658317,/novatel/oem7/fix,/novatel/oem7/fix,/novatel/oem7/inspva,39.663,-75.756,-1.801036471,0.002716313,-0.000025895,0.002709877,0.000186884,-0.000025895,,0,
1786043788013723445,1786043788.011840262,/novatel/oem7/odom,/novatel/oem7/fix,/novatel/oem7/odom,39.663,-75.756,-1.801036471,0.002716382,-0.000017223,0.000318606,0.002697633,-0.000017223,,,
1786043788016905492,1786043788.016323524,/novatel/oem7/odom,/novatel/oem7/fix,/novatel/oem7/odom,39.663,-75.756,-1.801036471,0.002716382,-0.000017223,0.000318606,0.002697633,-0.000017223,,,
1786043788027691545,1786043788.026751712,/novatel/oem7/bestpos,/novatel/oem7/bestpos,/novatel/oem7/odom,39.663,-75.756,33.181336215,0.002716382,-0.000017223,0.000318606,0.002697633,-0.000017223,,novatel_oem7_msgs.msg.SolutionStatus(status=0),novatel_oem7_msgs.msg.PositionOrVelocityType(type=53)
1786043788029108808,1786043788.027142270,/novatel/oem7/bestvel,/novatel/oem7/bestpos,/novatel/oem7/bestvel,39.663,-75.756,33.181336215,0.002641604,0.000064652,,,,1.946087508,novatel_oem7_msgs.msg.SolutionStatus(status=0),novatel_oem7_msgs.msg.PositionOrVelocityType(type=53)
1786043788029829824,1786043788.027508007,/novatel/oem7/inspva,/novatel/oem7/inspva,/novatel/oem7/inspva,39.663,-75.756,-1.801022362,0.002572165,0.000128047,0.002572073,-0.000021771,0.000128047,,novatel_oem7_msgs.msg.InertialSolutionStatus(status=3),
1786043788030471282,1786043788.027670215,/novatel/oem7/fix,/novatel/oem7/fix,/novatel/oem7/inspva,39.663,-75.756,-1.801022362,0.002572165,0.000128047,0.002572073,-0.000021771,0.000128047,,0,
1786043788031256739,1786043788.028120346,/novatel/oem7/odom,/novatel/oem7/fix,/novatel/oem7/odom,39.663,-75.756,-1.801022362,0.002571779,0.000135588,0.000102945,0.002569717,0.000135588,,,
1786043788035332338,1786043788.034774783,/novatel/oem7/odom,/novatel/oem7/fix,/novatel/oem7/odom,39.663,-75.756,-1.801022362,0.002571779,0.000135588,0.000102945,0.002569717,0.000135588,,,
1786043788047171761,1786043788.046665703,/novatel/oem7/inspva,/novatel/oem7/inspva,/novatel/oem7/inspva,39.663,-75.756,-1.801012917,0.002954316,0.000420580,0.002952981,0.000088803,0.000420580,,novatel_oem7_msgs.msg.InertialSolutionStatus(status=3),
1786043788048233205,1786043788.046812201,/novatel/oem7/fix,/novatel/oem7/fix,/novatel/oem7/inspva,39.663,-75.756,-1.801012917,0.002954316,0.000420580,0.002952981,0.000088803,0.000420580,,0,
1786043788048998524,1786043788.047532088,/novatel/oem7/odom,/novatel/oem7/fix,/novatel/oem7/odom,39.663,-75.756,-1.801012917,0.002953011,0.000429648,0.000230850,0.002943974,0.000429648,,,
1786043788057533323,1786043788.056558526,/novatel/oem7/odom,/novatel/oem7/fix,/novatel/oem7/odom,39.663,-75.756,-1.801012917,0.002953011,0.000429648,0.000230850,0.002943974,0.000429648,,,
1786043788066449691,1786043788.065528022,/novatel/oem7/inspva,/novatel/oem7/inspva,/novatel/oem7/inspva,39.663,-75.756,-1.801009922,0.002470344,0.000199726,0.002470092,-0.000035251,0.000199726,,novatel_oem7_msgs.msg.InertialSolutionStatus(status=3),
1786043788068266278,1786043788.065770399,/novatel/oem7/fix,/novatel/oem7/fix,/novatel/oem7/inspva,39.663,-75.756,-1.801009922,0.002470344,0.000199726,0.002470092,-0.000035251,0.000199726,,0,
1786043788069497048,1786043788.066386561,/novatel/oem7/odom,/novatel/oem7/fix,/novatel/oem7/odom,39.663,-75.756,-1.801009922,0.002469753,0.000206906,0.000084272,0.002468315,0.000206906,,,
1786043788076610780,1786043788.075762822,/novatel/oem7/odom,/novatel/oem7/fix,/novatel/oem7/odom,39.663,-75.756,-1.801009922,0.002469753,0.000206906,0.000084272,0.002468315,0.000206906,,,
1786043788085878375,1786043788.085355216,/novatel/oem7/inspva,/novatel/oem7/inspva,/novatel/oem7/inspva,39.663,-75.756,-1.801003305,0.002737902,0.000360096,0.002737902,0.000000770,0.000360096,,novatel_oem7_msgs.msg.InertialSolutionStatus(status=3),
1786043788086980709,1786043788.085516658,/novatel/oem7/fix,/novatel/oem7/fix,/novatel/oem7/inspva,39.663,-75.756,-1.801003305,0.002737902,0.000360096,0.002737902,0.000000770,0.000360096,,0,
1786043788087811079,1786043788.086201208,/novatel/oem7/odom,/novatel/oem7/fix,/novatel/oem7/odom,39.663,-75.756,-1.801003305,0.002736824,0.000368199,0.000132682,0.002733606,0.000368199,,,
1786043788096456108,1786043788.095336203,/novatel/oem7/odom,/novatel/oem7/fix,/novatel/oem7/odom,39.663,-75.756,-1.801003305,0.002736824,0.000368199,0.000132682,0.002733606,0.000368199,,,
1786043788106704657,1786043788.106030869,/novatel/oem7/inspva,/novatel/oem7/inspva,/novatel/oem7/inspva,39.663,-75.756,-1.800999115,0.002571569,0.000319249,0.002569926,-0.000091891,0.000319249,,novatel_oem7_msgs.msg.InertialSolutionStatus(status=3),
1786043788108270876,1786043788.106252325,/novatel/oem7/fix,/novatel/oem7/fix,/novatel/oem7/inspva,39.663,-75.756,-1.800999115,0.002571569,0.000319249,0.002569926,-0.000091891,0.000319249,,0,
1786043788109536309,1786043788.106847062,/novatel/oem7/odom,/novatel/oem7/fix,/novatel/oem7/odom,39.663,-75.756,-1.800999115,0.002570655,0.000326522,0.000032102,0.002570455,0.000326522,,,
1786043788111243151,1786043788.110364913,/novatel/oem7/bestpos,/novatel/oem7/bestpos,/novatel/oem7/odom,39.663,-75.756,33.181405605,0.002570655,0.000326522,0.000032102,0.002570455,0.000326522,,novatel_oem7_msgs.msg.SolutionStatus(status=0),novatel_oem7_msgs.msg.PositionOrVelocityType(type=53)
1786043788112877914,1786043788.110852318,/novatel/oem7/bestvel,/novatel/oem7/bestpos,/novatel/oem7/bestvel,39.663,-75.756,33.181405605,0.002291296,0.000521076,,,,355.916183772,novatel_oem7_msgs.msg.SolutionStatus(status=0),novatel_oem7_msgs.msg.PositionOrVelocityType(type=53)
1786043788115295132,1786043788.114518496,/novatel/oem7/odom,/novatel/oem7/bestpos,/novatel/oem7/odom,39.663,-75.756,33.181405605,0.002570655,0.000326522,0.000032102,0.002570455,0.000326522,,,
1786043788126134104,1786043788.125336171,/novatel/oem7/inspva,/novatel/oem7/inspva,/novatel/oem7/inspva,39.663,-75.756,-1.800996330,0.002990316,0.000123540,0.002978771,-0.000262516,0.000123540,,novatel_oem7_msgs.msg.InertialSolutionStatus(status=3),
1786043788127637065,1786043788.125653418,/novatel/oem7/fix,/novatel/oem7/fix,/novatel/oem7/inspva,39.663,-75.756,-1.800996330,0.002990316,0.000123540,0.002978771,-0.000262516,0.000123540,,0,
1786043788128635901,1786043788.126255064,/novatel/oem7/odom,/novatel/oem7/fix,/novatel/oem7/odom,39.663,-75.756,-1.800996330,0.002989980,0.000131416,-0.000117725,0.002987662,0.000131416,,,
1786043788136032470,1786043788.135447633,/novatel/oem7/odom,/novatel/oem7/fix,/novatel/oem7/odom,39.663,-75.756,-1.800996330,0.002989980,0.000131416,-0.000117725,0.002987662,0.000131416,,,
1786043788145595560,1786043788.145085527,/novatel/oem7/inspva,/novatel/oem7/inspva,/novatel/oem7/inspva,39.663,-75.756,-1.800992927,0.002908521,0.000297444,0.002891662,-0.000312710,0.000297444,,novatel_oem7_msgs.msg.InertialSolutionStatus(status=3),
1786043788146783078,1786043788.145221817,/novatel/oem7/fix,/novatel/oem7/fix,/novatel/oem7/inspva,39.663,-75.756,-1.800992927,0.002908521,0.000297444,0.002891662,-0.000312710,0.000297444,,0,
1786043788147734982,1786043788.145671956,/novatel/oem7/odom,/novatel/oem7/fix,/novatel/oem7/odom,39.663,-75.756,-1.800992927,0.002907752,0.000304877,-0.000172679,0.002902620,0.000304877,,,
1786043788156505613,1786043788.155724890,/novatel/oem7/odom,/novatel/oem7/fix,/novatel/oem7/odom,39.663,-75.756,-1.800992927,0.002907752,0.000304877,-0.000172679,0.002902620,0.000304877,,,
1786043788167134863,1786043788.166605340,/novatel/oem7/inspva,/novatel/oem7/inspva,/novatel/oem7/inspva,39.663,-75.756,-1.800990866,0.003053499,0.000336894,0.003025347,-0.000413682,0.000336894,,novatel_oem7_msgs.msg.InertialSolutionStatus(status=3),
1786043788168391978,1786043788.166802200,/novatel/oem7/fix,/novatel/oem7/fix,/novatel/oem7/inspva,39.663,-75.756,-1.800990866,0.003053499,0.000336894,0.003025347,-0.000413682,0.000336894,,0,
1786043788169359711,1786043788.167196850,/novatel/oem7/odom,/novatel/oem7/fix,/novatel/oem7/odom,39.663,-75.756,-1.800990866,0.003052671,0.000344315,-0.000267175,0.003040957,0.000344315,,,
1786043788175307756,1786043788.174598924,/novatel/oem7/odom,/novatel/oem7/fix,/novatel/oem7/odom,39.663,-75.756,-1.800990866,0.003052671,0.000344315,-0.000267175,0.003040957,0.000344315,,,
1786043788186157839,1786043788.185164581,/novatel/oem7/inspva,/novatel/oem7/inspva,/novatel/oem7/inspva,39.663,-75.756,-1.800989766,0.002715149,0.000051163,0.002700938,-0.000277427,0.000051163,,novatel_oem7_msgs.msg.InertialSolutionStatus(status=3),
1786043788188011771,1786043788.185455774,/novatel/oem7/fix,/novatel/oem7/fix,/novatel/oem7/inspva,39.663,-75.756,-1.800989766,0.002715149,0.000051163,0.002700938,-0.000277427,0.000051163,,0,
1786043788189590104,1786043788.186298745,/novatel/oem7/odom,/novatel/oem7/fix,/novatel/oem7/odom,39.663,-75.756,-1.800989766,0.002715009,0.000058117,-0.000145818,0.002711090,0.000058117,,,
1786043788196253866,1786043788.195395630,/novatel/oem7/odom,/novatel/oem7/fix,/novatel/oem7/odom,39.663,-75.756,-1.800989766,0.002715009,0.000058117,-0.000145818,0.002711090,0.000058117,,,
1786043788207672163,1786043788.206214380,/novatel/oem7/inspva,/novatel/oem7/inspva,/novatel/oem7/inspva,39.663,-75.756,-1.800981377,0.002660131,0.000728122,0.002646189,-0.000271995,0.000728122,,novatel_oem7_msgs.msg.InertialSolutionStatus(status=3),
1786043788209457297,1786043788.206399371,/novatel/oem7/fix,/novatel/oem7/fix,/novatel/oem7/inspva,39.663,-75.756,-1.800981377,0.002660131,0.000728122,0.002646189,-0.000271995,0.000728122,,0,
1786043788210653568,1786043788.207022737,/novatel/oem7/odom,/novatel/oem7/fix,/novatel/oem7/odom,39.663,-75.756,-1.800981377,0.002658264,0.000734912,-0.000145546,0.002654276,0.000734912,,,
1786043788212230559,1786043788.210243299,/novatel/oem7/bestpos,/novatel/oem7/bestpos,/novatel/oem7/odom,39.663,-75.756,33.181427417,0.002658264,0.000734912,-0.000145546,0.002654276,0.000734912,,novatel_oem7_msgs.msg.SolutionStatus(status=0),novatel_oem7_msgs.msg.PositionOrVelocityType(type=53)
1786043788213118663,1786043788.210637503,/novatel/oem7/bestvel,/novatel/oem7/bestpos,/novatel/oem7/bestvel,39.663,-75.756,33.181427417,0.002469462,0.000563215,,,,6.128507387,novatel_oem7_msgs.msg.SolutionStatus(status=0),novatel_oem7_msgs.msg.PositionOrVelocityType(type=53)
1786043788215438204,1786043788.214801769,/novatel/oem7/odom,/novatel/oem7/bestpos,/novatel/oem7/odom,39.663,-75.756,33.181427417,0.002658264,0.000734912,-0.000145546,0.002654276,0.000734912,,,
1786043788227314984,1786043788.226080733,/novatel/oem7/inspva,/novatel/oem7/inspva,/novatel/oem7/inspva,39.663,-75.756,-1.800977786,0.002582458,0.000634799,0.002572521,-0.000226328,0.000634799,,novatel_oem7_msgs.msg.InertialSolutionStatus(status=3),
1786043788229290109,1786043788.226525697,/novatel/oem7/fix,/novatel/oem7/fix,/novatel/oem7/inspva,39.663,-75.756,-1.800977786,0.002582458,0.000634799,0.002572521,-0.000226328,0.000634799,,0,
1786043788230776511,1786043788.227153383,/novatel/oem7/odom,/novatel/oem7/fix,/novatel/oem7/odom,39.663,-75.756,-1.800977786,0.002580788,0.000641553,-0.000103174,0.002578725,0.000641553,,,
1786043788235196453,1786043788.234414576,/novatel/oem7/odom,/novatel/oem7/fix,/novatel/oem7/odom,39.663,-75.756,-1.800977786,0.002580788,0.000641553,-0.000103174,0.002578725,0.000641553,,,
1786043788245971939,1786043788.245245869,/novatel/oem7/inspva,/novatel/oem7/inspva,/novatel/oem7/inspva,39.663,-75.756,-1.800970690,0.002850393,0.000542126,0.002841356,-0.000226804,0.000542126,,novatel_oem7_msgs.msg.InertialSolutionStatus(status=3),
1786043788247241354,1786043788.245538612,/novatel/oem7/fix,/novatel/oem7/fix,/novatel/oem7/inspva,39.663,-75.756,-1.800970690,0.002850393,0.000542126,0.002841356,-0.000226804,0.000542126,,0,
1786043788248243949,1786043788.245901228,/novatel/oem7/odom,/novatel/oem7/fix,/novatel/oem7/odom,39.663,-75.756,-1.800970690,0.002848946,0.000549683,-0.000090251,0.002847516,0.000549683,,,
1786043788257259445,1786043788.256394604,/novatel/oem7/odom,/novatel/oem7/fix,/novatel/oem7/odom,39.663,-75.756,-1.800970690,0.002848946,0.000549683,-0.000090251,0.002847516,0.000549683,,,
1786043788266020638,1786043788.265034407,/novatel/oem7/inspva,/novatel/oem7/inspva,/novatel/oem7/inspva,39.663,-75.756,-1.800966190,0.002910213,0.000235366,0.002882698,-0.000399244,0.000235366,,novatel_oem7_msgs.msg.InertialSolutionStatus(status=3),
1786043788268308684,1786043788.265224019,/novatel/oem7/fix,/novatel/oem7/fix,/novatel/oem7/inspva,39.663,-75.756,-1.800966190,0.002910213,0.000235366,0.002882698,-0.000399244,0.000235366,,0,
1786043788269958808,1786043788.265887586,/novatel/oem7/odom,/novatel/oem7/fix,/novatel/oem7/odom,39.663,-75.756,-1.800966190,0.002909631,0.000242461,-0.000259319,0.002898052,0.000242461,,,
1786043788275473814,1786043788.274495693,/novatel/oem7/odom,/novatel/oem7/fix,/novatel/oem7/odom,39.663,-75.756,-1.800966190,0.002909631,0.000242461,-0.000259319,0.002898052,0.000242461,,,
1786043788287098371,1786043788.286587887,/novatel/oem7/inspva,/novatel/oem7/inspva,/novatel/oem7/inspva,39.663,-75.756,-1.800957457,0.002976035,0.000749995,0.002973154,-0.000130907,0.000749995,,novatel_oem7_msgs.msg.InertialSolutionStatus(status=3),
1786043788288311875,1786043788.286727514,/novatel/oem7/fix,/novatel/oem7/fix,/novatel/oem7/inspva,39.663,-75.756,-1.800957457,0.002976035,0.000749995,0.002973154,-0.000130907,0.000749995,,0,
1786043788289321310,1786043788.287289999,/novatel/oem7/odom,/novatel/oem7/fix,/novatel/oem7/odom,39.663,-75.756,-1.800957457,0.002973926,0.000758316,0.000011199,0.002973905,0.000758316,,,
1786043788296543386,1786043788.295108251,/novatel/oem7/odom,/novatel/oem7/fix,/novatel/oem7/odom,39.663,-75.756,-1.800957457,0.002973926,0.000758316,0.000011199,0.002973905,0.000758316,,,
1786043788306749691,1786043788.305894939,/novatel/oem7/inspva,/novatel/oem7/inspva,/novatel/oem7/inspva,39.663,-75.756,-1.800955243,0.002954072,0.000463928,0.002951709,-0.000118136,0.000463928,,novatel_oem7_msgs.msg.InertialSolutionStatus(status=3),
1786043788308228913,1786043788.306171962,/novatel/oem7/fix,/novatel/oem7/fix,/novatel/oem7/inspva,39.663,-75.756,-1.800955243,0.002954072,0.000463928,0.002951709,-0.000118136,0.000463928,,0,
1786043788309595119,1786043788.306605076,/novatel/oem7/odom,/novatel/oem7/fix,/novatel/oem7/odom,39.663,-75.756,-1.800955243,0.002952763,0.000472192,0.000023949,0.002952666,0.000472192,,,
1786043788311473802,1786043788.309572463,/novatel/oem7/bestpos,/novatel/oem7/bestpos,/novatel/oem7/odom,39.663,-75.756,33.181446013,0.002952763,0.000472192,0.000023949,0.002952666,0.000472192,,novatel_oem7_msgs.msg.SolutionStatus(status=0),novatel_oem7_msgs.msg.PositionOrVelocityType(type=53)
1786043788312560663,1786043788.310167142,/novatel/oem7/bestvel,/novatel/oem7/bestpos,/novatel/oem7/bestvel,39.663,-75.756,33.181446013,0.002802136,0.000328628,,,,6.892347467,novatel_oem7_msgs.msg.SolutionStatus(status=0),novatel_oem7_msgs.msg.PositionOrVelocityType(type=53)
1786043788316645917,1786043788.315738985,/novatel/oem7/odom,/novatel/oem7/bestpos,/novatel/oem7/odom,39.663,-75.756,33.181446013,0.002952763,0.000472192,0.000023949,0.002952666,0.000472192,,,
1786043788326518350,1786043788.325486503,/novatel/oem7/inspva,/novatel/oem7/inspva,/novatel/oem7/inspva,39.663,-75.756,-1.800949361,0.002574242,0.000444297,0.002555566,0.000309520,0.000444297,,novatel_oem7_msgs.msg.InertialSolutionStatus(status=3),
1786043788328284141,1786043788.325794043,/novatel/oem7/fix,/novatel/oem7/fix,/novatel/oem7/inspva,39.663,-75.756,-1.800949361,0.002574242,0.000444297,0.002555566,0.000309520,0.000444297,,0,
1786043788329516060,1786043788.326466453,/novatel/oem7/odom,/novatel/oem7/fix,/novatel/oem7/odom,39.663,-75.756,-1.800949361,0.002572743,0.000452899,0.000431869,0.002536236,0.000452899,,,
1786043788335661376,1786043788.334898461,/novatel/oem7/odom,/novatel/oem7/fix,/novatel/oem7/odom,39.663,-75.756,-1.800949361,0.002572743,0.000452899,0.000431869,0.002536236,0.000452899,,,
1786043788347025513,1786043788.346251882,/novatel/oem7/inspva,/novatel/oem7/inspva,/novatel/oem7/inspva,39.663,-75.756,-1.800946611,0.002784776,0.000270580,0.002774971,0.000233477,0.000270580,,novatel_oem7_msgs.msg.InertialSolutionStatus(status=3),
1786043788348480341,1786043788.346487098,/novatel/oem7/fix,/novatel/oem7/fix,/novatel/oem7/inspva,39.663,-75.756,-1.800946611,0.002784776,0.000270580,0.002774971,0.000233477,0.000270580,,0,
1786043788349639386,1786043788.347013153,/novatel/oem7/odom,/novatel/oem7/fix,/novatel/oem7/odom,39.663,-75.756,-1.800946611,0.002783888,0.000279570,0.000367222,0.002759561,0.000279570,,,
1786043788356924040,1786043788.355900006,/novatel/oem7/odom,/novatel/oem7/fix,/novatel/oem7/odom,39.663,-75.756,-1.800946611,0.002783888,0.000279570,0.000367222,0.002759561,0.000279570,,,
1786043788366626941,1786043788.365259974,/novatel/oem7/inspva,/novatel/oem7/inspva,/novatel/oem7/inspva,39.663,-75.756,-1.800942294,0.002992772,0.000368490,0.002991956,0.000069918,0.000368490,,novatel_oem7_msgs.msg.InertialSolutionStatus(status=3),
1786043788369017878,1786043788.365768445,/novatel/oem7/fix,/novatel/oem7/fix,/novatel/oem7/inspva,39.663,-75.756,-1.800942294,0.002992772,0.000368490,0.002991956,0.000069918,0.000368490,,0,
1786043788370821470,1786043788.366363168,/novatel/oem7/odom,/novatel/oem7/fix,/novatel/oem7/odom,39.663,-75.756,-1.800942294,0.002991647,0.000377521,0.000214050,0.002983979,0.000377521,,,
1786043788376576551,1786043788.375566921,/novatel/oem7/odom,/novatel/oem7/fix,/novatel/oem7/odom,39.663,-75.756,-1.800942294,0.002991647,0.000377521,0.000214050,0.002983979,0.000377521,,,
1786043788385814937,1786043788.384985375,/novatel/oem7/inspva,/novatel/oem7/inspva,/novatel/oem7/inspva,39.663,-75.756,-1.800939906,0.003022815,0.000109261,0.003017727,0.000175302,0.000109261,,novatel_oem7_msgs.msg.InertialSolutionStatus(status=3),
1786043788387412117,1786043788.385239741,/novatel/oem7/fix,/novatel/oem7/fix,/novatel/oem7/inspva,39.663,-75.756,-1.800939906,0.003022815,0.000109261,0.003017727,0.000175302,0.000109261,,0,
1786043788388647579,1786043788.385647115,/novatel/oem7/odom,/novatel/oem7/fix,/novatel/oem7/odom,39.663,-75.756,-1.800939906,0.003022456,0.000118764,0.000321519,0.003005307,0.000118764,,,
1786043788395135011,1786043788.394410300,/novatel/oem7/odom,/novatel/oem7/fix,/novatel/oem7/odom,39.663,-75.756,-1.800939906,0.003022456,0.000118764,0.000321519,0.003005307,0.000118764,,,
1786043788407216762,1786043788.406449808,/novatel/oem7/inspva,/novatel/oem7/inspva,/novatel/oem7/inspva,39.663,-75.756,-1.800933275,0.002955970,0.000389164,0.002951411,0.000164095,0.000389164,,novatel_oem7_msgs.msg.InertialSolutionStatus(status=3),
1786043788408754708,1786043788.406687461,/novatel/oem7/fix,/novatel/oem7/fix,/novatel/oem7/inspva,39.663,-75.756,-1.800933275,0.002955970,0.000389164,0.002951411,0.000164095,0.000389164,,0,
1786043788410077758,1786043788.407136211,/novatel/oem7/odom,/novatel/oem7/fix,/novatel/oem7/odom,39.663,-75.756,-1.800933275,0.002954735,0.000398431,0.000306079,0.002938839,0.000398431,,,
1786043788411941544,1786043788.410250866,/novatel/oem7/bestpos,/novatel/oem7/bestpos,/novatel/oem7/odom,39.663,-75.756,33.181468453,0.002954735,0.000398431,0.000306079,0.002938839,0.000398431,,novatel_oem7_msgs.msg.SolutionStatus(status=0),novatel_oem7_msgs.msg.PositionOrVelocityType(type=53)
1786043788413021214,1786043788.410591230,/novatel/oem7/bestvel,/novatel/oem7/bestpos,/novatel/oem7/bestvel,39.663,-75.756,33.181468453,0.003175771,0.000631617,,,,350.704760935,novatel_oem7_msgs.msg.SolutionStatus(status=0),novatel_oem7_msgs.msg.PositionOrVelocityType(type=53)
1786043788416343238,1786043788.415233863,/novatel/oem7/odom,/novatel/oem7/bestpos,/novatel/oem7/odom,39.663,-75.756,33.181468453,0.002954735,0.000398431,0.000306079,0.002938839,0.000398431,,,
1786043788425686245,1786043788.424938434,/novatel/oem7/inspva,/novatel/oem7/inspva,/novatel/oem7/inspva,39.663,-75.756,-1.800929881,0.002986815,0.000428202,0.002963792,0.000370136,0.000428202,,novatel_oem7_msgs.msg.InertialSolutionStatus(status=3),
1786043788427160090,1786043788.425147320,/novatel/oem7/fix,/novatel/oem7/fix,/novatel/oem7/inspva,39.663,-75.756,-1.800929881,0.002986815,0.000428202,0.002963792,0.000370136,0.000428202,,0,
1786043788428292768,1786043788.425477432,/novatel/oem7/odom,/novatel/oem7/fix,/novatel/oem7/odom,39.663,-75.756,-1.800929881,0.002985363,0.000438214,0.000512329,0.002941073,0.000438214,,,
1786043788436200671,1786043788.435458680,/novatel/oem7/odom,/novatel/oem7/fix,/novatel/oem7/odom,39.663,-75.756,-1.800929881,0.002985363,0.000438214,0.000512329,0.002941073,0.000438214,,,
1786043788445950632,1786043788.445235935,/novatel/oem7/inspva,/novatel/oem7/inspva,/novatel/oem7/inspva,39.663,-75.756,-1.800929244,0.002916116,-0.000123957,0.002842940,0.000649172,-0.000123957,,novatel_oem7_msgs.msg.InertialSolutionStatus(status=3),
1786043788447587559,1786043788.445461817,/novatel/oem7/fix,/novatel/oem7/fix,/novatel/oem7/inspva,39.663,-75.756,-1.800929244,0.002916116,-0.000123957,0.002842940,0.000649172,-0.000123957,,0,
1786043788448778291,1786043788.446064369,/novatel/oem7/odom,/novatel/oem7/fix,/novatel/oem7/odom,39.663,-75.756,-1.800929244,0.002916549,-0.000113316,0.000787165,0.002808314,-0.000113316,,,
1786043788457776441,1786043788.456580079,/novatel/oem7/odom,/novatel/oem7/fix,/novatel/oem7/odom,39.663,-75.756,-1.800929244,0.002916549,-0.000113316,0.000787165,0.002808314,-0.000113316,,,
1786043788467283021,1786043788.466119965,/novatel/oem7/inspva,/novatel/oem7/inspva,/novatel/oem7/inspva,39.663,-75.756,-1.800921605,0.003024670,0.000156967,0.003002198,0.000368012,0.000156967,,novatel_oem7_msgs.msg.InertialSolutionStatus(status=3),
1786043788469539076,1786043788.466515246,/novatel/oem7/fix,/novatel/oem7/fix,/novatel/oem7/inspva,39.663,-75.756,-1.800921605,0.003024670,0.000156967,0.003002198,0.000368012,0.000156967,,0,
1786043788471281067,1786043788.467050166,/novatel/oem7/odom,/novatel/oem7/fix,/novatel/oem7/odom,39.663,-75.756,-1.800921605,0.003024129,0.000167068,0.000513049,0.002980291,0.000167068,,,
1786043788475690078,1786043788.474763166,/novatel/oem7/odom,/novatel/oem7/fix,/novatel/oem7/odom,39.663,-75.756,-1.800921605,0.003024129,0.000167068,0.000513049,0.002980291,0.000167068,,,
1786043788487080370,1786043788.485302612,/novatel/oem7/inspva,/novatel/oem7/inspva,/novatel/oem7/inspva,39.663,-75.756,-1.800917163,0.003276193,0.000118179,0.003221414,0.000596598,0.000118179,,novatel_oem7_msgs.msg.InertialSolutionStatus(status=3),
1786043788489126304,1786043788.485805110,/novatel/oem7/fix,/novatel/oem7/fix,/novatel/oem7/inspva,39.663,-75.756,-1.800917163,0.003276193,0.000118179,0.003221414,0.000596598,0.000118179,,0,
1786043788490534281,1786043788.486486530,/novatel/oem7/odom,/novatel/oem7/fix,/novatel/oem7/odom,39.663,-75.756,-1.800917163,0.003275756,0.000129708,0.000752190,0.003188227,0.000129708,,,
1786043788496372497,1786043788.495523998,/novatel/oem7/odom,/novatel/oem7/fix,/novatel/oem7/odom,39.663,-75.756,-1.800917163,0.003275756,0.000129708,0.000752190,0.003188227,0.000129708,,,
1786043788506837085,1786043788.505984100,/novatel/oem7/inspva,/novatel/oem7/inspva,/novatel/oem7/inspva,39.663,-75.756,-1.800911651,0.003142821,0.000202476,0.003121994,0.000361220,0.000202476,,novatel_oem7_msgs.msg.InertialSolutionStatus(status=3),
1786043788508350574,1786043788.506246623,/novatel/oem7/fix,/novatel/oem7/fix,/novatel/oem7/inspva,39.663,-75.756,-1.800911651,0.003142821,0.000202476,0.003121994,0.000361220,0.000202476,,0,
1786043788509563472,1786043788.506659247,/novatel/oem7/odom,/novatel/oem7/fix,/novatel/oem7/odom,39.663,-75.756,-1.800911651,0.003142135,0.000212866,0.000511896,0.003100157,0.000212866,,,
1786043788512240133,1786043788.511326407,/novatel/oem7/bestpos,/novatel/oem7/bestpos,/novatel/oem7/odom,39.663,-75.756,33.181497360,0.003142135,0.000212866,0.000511896,0.003100157,0.000212866,,novatel_oem7_msgs.msg.SolutionStatus(status=0),novatel_oem7_msgs.msg.PositionOrVelocityType(type=53)
1786043788513957554,1786043788.511674598,/novatel/oem7/bestvel,/novatel/oem7/bestpos,/novatel/oem7/bestvel,39.663,-75.756,33.181497360,0.002693663,0.000465943,,,,7.673002073,novatel_oem7_msgs.msg.SolutionStatus(status=0),novatel_oem7_msgs.msg.PositionOrVelocityType(type=53)
1786043788516315447,1786043788.514583460,/novatel/oem7/odom,/novatel/oem7/bestpos,/novatel/oem7/odom,39.663,-75.756,33.181497360,0.003142135,0.000212866,0.000511896,0.003100157,0.000212866,,,
1786043788527781136,1786043788.526743226,/novatel/oem7/inspva,/novatel/oem7/inspva,/novatel/oem7/inspva,39.663,-75.756,-1.800906944,0.003330945,0.000177269,0.003303710,0.000425081,0.000177269,,novatel_oem7_msgs.msg.InertialSolutionStatus(status=3),
1786043788529571918,1786043788.527046385,/novatel/oem7/fix,/novatel/oem7/fix,/novatel/oem7/inspva,39.663,-75.756,-1.800906944,0.003330945,0.000177269,0.003303710,0.000425081,0.000177269,,0,
1786043788530855164,1786043788.527520467,/novatel/oem7/odom,/novatel/oem7/fix,/novatel/oem7/odom,39.663,-75.756,-1.800906944,0.003330331,0.000188455,0.000584586,0.003278622,0.000188455,,,
1786043788536108100,1786043788.535260121,/novatel/oem7/odom,/novatel/oem7/fix,/novatel/oem7/odom,39.663,-75.756,-1.800906944,0.003330331,0.000188455,0.000584586,0.003278622,0.000188455,,,
1786043788546015679,1786043788.545172335,/novatel/oem7/inspva,/novatel/oem7/inspva,/novatel/oem7/inspva,39.663,-75.756,-1.800899065,0.003054206,0.000328330,0.003037462,0.000319373,0.000328330,,novatel_oem7_msgs.msg.InertialSolutionStatus(status=3),
1786043788547544475,1786043788.545451267,/novatel/oem7/fix,/novatel/oem7/fix,/novatel/oem7/inspva,39.663,-75.756,-1.800899065,0.003054206,0.000328330,0.003037462,0.000319373,0.000328330,,0,
1786043788548848158,1786043788.545861942,/novatel/oem7/odom,/novatel/oem7/fix,/novatel/oem7/odom,39.663,-75.756,-1.800899065,0.003053116,0.000338319,0.000465511,0.003017419,0.000338319,,,
1786043788556925023,1786043788.555797029,/novatel/oem7/odom,/novatel/oem7/fix,/novatel/oem7/odom,39.663,-75.756,-1.800899065,0.003053116,0.000338319,0.000465511,0.003017419,0.000338319,,,
1786043788566383885,1786043788.565505713,/novatel/oem7/inspva,/novatel/oem7/inspva,/novatel/oem7/inspva,39.663,-75.756,-1.800891060,0.003176198,0.000457303,0.003070452,0.000812746,0.000457303,,novatel_oem7_msgs.msg.InertialSolutionStatus(status=3),
1786043788568719058,1786043788.565779375,/novatel/oem7/fix,/novatel/oem7/fix,/novatel/oem7/inspva,39.663,-75.756,-1.800891060,0.003176198,0.000457303,0.003070452,0.000812746,0.000457303,,0,
1786043788570504480,1786043788.566607917,/novatel/oem7/odom,/novatel/oem7/fix,/novatel/oem7/odom,39.663,-75.756,-1.800891060,0.003174473,0.000469125,0.000959429,0.003026017,0.000469125,,,
1786043788575594307,1786043788.574621747,/novatel/oem7/odom,/novatel/oem7/fix,/novatel/oem7/odom,39.663,-75.756,-1.800891060,0.003174473,0.000469125,0.000959429,0.003026017,0.000469125,,,
1786043788587622662,1786043788.586356529,/novatel/oem7/inspva,/novatel/oem7/inspva,/novatel/oem7/inspva,39.663,-75.756,-1.800884109,0.002888084,0.000257153,0.002880007,0.000215840,0.000257153,,novatel_oem7_msgs.msg.InertialSolutionStatus(status=3),
1786043788589556622,1786043788.586737093,/novatel/oem7/fix,/novatel/oem7/fix,/novatel/oem7/inspva,39.663,-75.756,-1.800884109,0.002888084,0.000257153,0.002880007,0.000215840,0.000257153,,0,
1786043788590854248,1786043788.587486111,/novatel/oem7/odom,/novatel/oem7/fix,/novatel/oem7/odom,39.663,-75.756,-1.800884109,0.002887255,0.000266298,0.000354728,0.002865381,0.000266298,,,
1786043788595399910,1786043788.594586098,/novatel/oem7/odom,/novatel/oem7/fix,/novatel/oem7/odom,39.663,-75.756,-1.800884109,0.002887255,0.000266298,0.000354728,0.002865381,0.000266298,,,
1786043788607134465,1786043788.606479228,/novatel/oem7/inspva,/novatel/oem7/inspva,/novatel/oem7/inspva,39.663,-75.756,-1.800873000,0.002943717,0.000589432,0.002909370,0.000448372,0.000589432,,novatel_oem7_msgs.msg.InertialSolutionStatus(status=3),
1786043788608642247,1786043788.606683934,/novatel/oem7/fix,/novatel/oem7/fix,/novatel/oem7/inspva,39.663,-75.756,-1.800873000,0.002943717,0.000589432,0.002909370,0.000448372,0.000589432,,0,
1786043788609890172,1786043788.607175039,/novatel/oem7/odom,/novatel/oem7/fix,/novatel/oem7/odom,39.663,-75.756,-1.800873000,0.002941690,0.000599467,0.000587182,0.002882491,0.000599467,,,
1786043788611616997,1786043788.610724685,/novatel/oem7/bestpos,/novatel/oem7/bestpos,/novatel/oem7/odom,39.663,-75.756,33.181537206,0.002941690,0.000599467,0.000587182,0.002882491,0.000599467,,novatel_oem7_msgs.msg.SolutionStatus(status=0),novatel_oem7_msgs.msg.PositionOrVelocityType(type=53)
1786043788613225866,1786043788.611260110,/novatel/oem7/bestvel,/novatel/oem7/bestpos,/novatel/oem7/bestvel,39.663,-75.756,33.181537206,0.002718177,0.000699781,,,,10.652276164,novatel_oem7_msgs.msg.SolutionStatus(status=0),novatel_oem7_msgs.msg.PositionOrVelocityType(type=53)
1786043788616276274,1786043788.615509553,/novatel/oem7/odom,/novatel/oem7/bestpos,/novatel/oem7/odom,39.663,-75.756,33.181537206,0.002941690,0.000599467,0.000587182,0.002882491,0.000599467,,,
1786043788626016312,1786043788.625107706,/novatel/oem7/inspva,/novatel/oem7/inspva,/novatel/oem7/inspva,39.663,-75.756,-1.800865253,0.002739834,0.000526320,0.002716195,0.000359134,0.000526320,,novatel_oem7_msgs.msg.InertialSolutionStatus(status=3),
1786043788627988805,1786043788.625346358,/novatel/oem7/fix,/novatel/oem7/fix,/novatel/oem7/inspva,39.663,-75.756,-1.800865253,0.002739834,0.000526320,0.002716195,0.000359134,0.000526320,,0,
1786043788629795337,1786043788.625848533,/novatel/oem7/odom,/novatel/oem7/fix,/novatel/oem7/odom,39.663,-75.756,-1.800865253,0.002738062,0.000535463,0.000488870,0.002694066,0.000535463,,,
1786043788635468677,1786043788.634490204,/novatel/oem7/odom,/novatel/oem7/fix,/novatel/oem7/odom,39.663,-75.756,-1.800865253,0.002738062,0.000535463,0.000488870,0.002694066,0.000535463,,,
1786043788647457434,1786043788.646497978,/novatel/oem7/inspva,/novatel/oem7/inspva,/novatel/oem7/inspva,39.663,-75.756,-1.800857910,0.003296514,0.000509086,0.003270200,0.000415690,0.000509086,,novatel_oem7_msgs.msg.InertialSolutionStatus(status=3),
1786043788649280339,1786043788.646778021,/novatel/oem7/fix,/novatel/oem7/fix,/novatel/oem7/inspva,39.663,-75.756,-1.800857910,0.003296514,0.000509086,0.003270200,0.000415690,0.000509086,,0,
1786043788650609346,1786043788.647594292,/novatel/oem7/odom,/novatel/oem7/fix,/novatel/oem7/odom,39.663,-75.756,-1.800857910,0.003294802,0.000520052,0.000572358,0.003244707,0.000520052,,,
1786043788657865475,1786043788.656531519,/novatel/oem7/odom,/novatel/oem7/fix,/novatel/oem7/odom,39.663,-75.756,-1.800857910,0.003294802,0.000520052,0.000572358,0.003244707,0.000520052,,,
1786043788666201843,1786043788.664927180,/novatel/oem7/inspva,/novatel/oem7/inspva,/novatel/oem7/inspva,39.663,-75.756,-1.800851580,0.002963079,0.000411915,0.002946345,0.000314458,0.000411915,,novatel_oem7_msgs.msg.InertialSolutionStatus(status=3),
1786043788668578433,1786043788.665212056,/novatel/oem7/fix,/novatel/oem7/fix,/novatel/oem7/inspva,39.663,-75.756,-1.800851580,0.002963079,0.000411915,0.002946345,0.000314458,0.000411915,,0,
1786043788670311531,1786043788.665906043,/novatel/oem7/odom,/novatel/oem7/fix,/novatel/oem7/odom,39.663,-75.756,-1.800851580,0.002961721,0.000421564,0.000455853,0.002926430,0.000421564,,,
1786043788676641758,1786043788.675454653,/novatel/oem7/odom,/novatel/oem7/fix,/novatel/oem7/odom,39.663,-75.756,-1.800851580,0.002961721,0.000421564,0.000455853,0.002926430,0.000421564,,,
1786043788685926218,1786043788.685274171,/novatel/oem7/inspva,/novatel/oem7/inspva,/novatel/oem7/inspva,39.663,-75.756,-1.800844298,0.002773617,0.000478828,0.002747889,0.000376906,0.000478828,,novatel_oem7_msgs.msg.InertialSolutionStatus(status=3),
1786043788687413507,1786043788.685452700,/novatel/oem7/fix,/novatel/oem7/fix,/novatel/oem7/inspva,39.663,-75.756,-1.800844298,0.002773617,0.000478828,0.002747889,0.000376906,0.000478828,,0,
1786043788688649052,1786043788.686105913,/novatel/oem7/odom,/novatel/oem7/fix,/novatel/oem7/odom,39.663,-75.756,-1.800844298,0.002772000,0.000488099,0.000508323,0.002724994,0.000488099,,,
1786043788696261432,1786043788.694877548,/novatel/oem7/odom,/novatel/oem7/fix,/novatel/oem7/odom,39.663,-75.756,-1.800844298,0.002772000,0.000488099,0.000508323,0.002724994,0.000488099,,,
1786043788707292413,1786043788.706252299,/novatel/oem7/inspva,/novatel/oem7/inspva,/novatel/oem7/inspva,39.663,-75.756,-1.800838483,0.002785561,0.000500464,0.002769188,0.000301578,0.000500464,,novatel_oem7_msgs.msg.InertialSolutionStatus(status=3),
1786043788709310357,1786043788.706572993,/novatel/oem7/fix,/novatel/oem7/fix,/novatel/oem7/inspva,39.663,-75.756,-1.800838483,0.002785561,0.000500464,0.002769188,0.000301578,0.000500464,,0,
1786043788710952877,1786043788.707199276,/novatel/oem7/odom,/novatel/oem7/fix,/novatel/oem7/odom,39.663,-75.756,-1.800838483,0.002783917,0.000509529,0.000434043,0.002749873,0.000509529,,,
1786043788713249470,1786043788.709312930,/novatel/oem7/bestpos,/novatel/oem7/bestpos,/novatel/oem7/odom,39.663,-75.756,33.181572584,0.002783917,0.000509529,0.000434043,0.002749873,0.000509529,,novatel_oem7_msgs.msg.SolutionStatus(status=0),novatel_oem7_msgs.msg.PositionOrVelocityType(type=53)
1786043788714683424,1786043788.710035904,/novatel/oem7/bestvel,/novatel/oem7/bestpos,/novatel/oem7/bestvel,39.663,-75.756,33.181572584,0.002507373,0.000854482,,,,357.962911613,novatel_oem7_msgs.msg.SolutionStatus(status=0),novatel_oem7_msgs.msg.PositionOrVelocityType(type=53)
1786043788717026568,1786043788.714752952,/novatel/oem7/odom,/novatel/oem7/bestpos,/novatel/oem7/odom,39.663,-75.756,33.181572584,0.002783917,0.000509529,0.000434043,0.002749873,0.000509529,,,
1786043788726482493,1786043788.725234507,/novatel/oem7/inspva,/novatel/oem7/inspva,/novatel/oem7/inspva,39.663,-75.756,-1.800834613,0.002591758,0.000310083,0.002578771,0.000259130,0.000310083,,novatel_oem7_msgs.msg.InertialSolutionStatus(status=3),
1786043788728929321,1786043788.725523680,/novatel/oem7/fix,/novatel/oem7/fix,/novatel/oem7/inspva,39.663,-75.756,-1.800834613,0.002591758,0.000310083,0.002578771,0.000259130,0.000310083,,0,
1786043788730232058,1786043788.725996850,/novatel/oem7/odom,/novatel/oem7/fix,/novatel/oem7/odom,39.663,-75.756,-1.800834613,0.002590738,0.000318490,0.000383059,0.002562263,0.000318490,,,
1786043788736245474,1786043788.735443170,/novatel/oem7/odom,/novatel/oem7/fix,/novatel/oem7/odom,39.663,-75.756,-1.800834613,0.002590738,0.000318490,0.000383059,0.002562263,0.000318490,,,
1786043788746709590,1786043788.745965149,/novatel/oem7/inspva,/novatel/oem7/inspva,/novatel/oem7/inspva,39.663,-75.756,-1.800826560,0.002627664,0.000562833,0.002616112,0.000246121,0.000562833,,novatel_oem7_msgs.msg.InertialSolutionStatus(status=3),
1786043788748307956,1786043788.746204982,/novatel/oem7/fix,/novatel/oem7/fix,/novatel/oem7/inspva,39.663,-75.756,-1.800826560,0.002627664,0.000562833,0.002616112,0.000246121,0.000562833,,0,
1786043788749559288,1786043788.746490016,/novatel/oem7/odom,/novatel/oem7/fix,/novatel/oem7/odom,39.663,-75.756,-1.800826560,0.002625835,0.000571304,0.000370976,0.002599497,0.000571304,,,
1786043788756658904,1786043788.755675097,/novatel/oem7/odom,/novatel/oem7/fix,/novatel/oem7/odom,39.663,-75.756,-1.800826560,0.002625835,0.000571304,0.000370976,0.002599497,0.000571304,,,
1786043788767353981,1786043788.766244080,/novatel/oem7/inspva,/novatel/oem7/inspva,/novatel/oem7/inspva,39.663,-75.756,-1.800818208,0.002391163,0.000617297,0.002380017,0.000230612,0.000617297,,novatel_oem7_msgs.msg.InertialSolutionStatus(status=3),
1786043788769449859,1786043788.766528616,/novatel/oem7/fix,/novatel/oem7/fix,/novatel/oem7/inspva,39.663,-75.756,-1.800818208,0.002391163,0.000617297,0.002380017,0.000230612,0.000617297,,0,
1786043788771113979,1786043788.767024771,/novatel/oem7/odom,/novatel/oem7/fix,/novatel/oem7/odom,39.663,-75.756,-1.800818208,0.002389161,0.000625000,0.000343819,0.002364293,0.000625000,,,
1786043788776941391,1786043788.775712309,/novatel/oem7/odom,/novatel/oem7/fix,/novatel/oem7/odom,39.663,-75.756,-1.800818208,0.002389161,0.000625000,0.000343819,0.002364293,0.000625000,,,
1786043788786381439,1786043788.785221264,/novatel/oem7/inspva,/novatel/oem7/inspva,/novatel/oem7/inspva,39.663,-75.756,-1.800807753,0.002572093,0.000716942,0.002521077,0.000509735,0.000716942,,novatel_oem7_msgs.msg.InertialSolutionStatus(status=3),
1786043788788309469,1786043788.785508940,/novatel/oem7/fix,/novatel/oem7/fix,/novatel/oem7/inspva,39.663,-75.756,-1.800807753,0.002572093,0.000716942,0.002521077,0.000509735,0.000716942,,0,
1786043788789652222,1786043788.786023052,/novatel/oem7/odom,/novatel/oem7/fix,/novatel/oem7/odom,39.663,-75.756,-1.800807753,0.002569545,0.000726019,0.000629132,0.002491336,0.000726019,,,
1786043788797893152,1786043788.796819514,/novatel/oem7/odom,/novatel/oem7/fix,/novatel/oem7/odom,39.663,-75.756,-1.800807753,0.002569545,0.000726019,0.000629132,0.002491336,0.000726019,,,
1786043788808387158,1786043788.807150563,/novatel/oem7/inspva,/novatel/oem7/inspva,/novatel/oem7/inspva,39.663,-75.756,-1.800796154,0.002134975,0.000695991,0.002083585,0.000465610,0.000695991,,novatel_oem7_msgs.msg.InertialSolutionStatus(status=3),
1786043788810132582,1786043788.808528291,/novatel/oem7/fix,/novatel/oem7/fix,/novatel/oem7/inspva,39.663,-75.756,-1.800796154,0.002134975,0.000695991,0.002083585,0.000465610,0.000695991,,0,
1786043788811409265,1786043788.809507822,/novatel/oem7/odom,/novatel/oem7/fix,/novatel/oem7/odom,39.663,-75.756,-1.800796154,0.002132463,0.000703649,0.000563844,0.002056570,0.000703649,,,
1786043788813206743,1786043788.811301795,/novatel/oem7/bestpos,/novatel/oem7/bestpos,/novatel/oem7/odom,39.663,-75.756,33.181608917,0.002132463,0.000703649,0.000563844,0.002056570,0.000703649,,novatel_oem7_msgs.msg.SolutionStatus(status=0),novatel_oem7_msgs.msg.PositionOrVelocityType(type=53)
1786043788814379071,1786043788.812099641,/novatel/oem7/bestvel,/novatel/oem7/bestpos,/novatel/oem7/bestvel,39.663,-75.756,33.181608917,0.002171199,0.000644404,,,,14.553550192,novatel_oem7_msgs.msg.SolutionStatus(status=0),novatel_oem7_msgs.msg.PositionOrVelocityType(type=53)
1786043788816197589,1786043788.815088123,/novatel/oem7/odom,/novatel/oem7/bestpos,/novatel/oem7/odom,39.663,-75.756,33.181608917,0.002132463,0.000703649,0.000563844,0.002056570,0.000703649,,,
1786043788827417326,1786043788.826177858,/novatel/oem7/inspva,/novatel/oem7/inspva,/novatel/oem7/inspva,39.663,-75.756,-1.800783975,0.002306345,0.000703361,0.002263165,0.000444200,0.000703361,,novatel_oem7_msgs.msg.InertialSolutionStatus(status=3),
1786043788830287535,1786043788.826449072,/novatel/oem7/fix,/novatel/oem7/fix,/novatel/oem7/inspva,39.663,-75.756,-1.800783975,0.002306345,0.000703361,0.002263165,0.000444200,0.000703361,,0,
1786043788831570461,1786043788.826874141,/novatel/oem7/odom,/novatel/oem7/fix,/novatel/oem7/odom,39.663,-75.756,-1.800783975,0.002303858,0.000711465,0.000551157,0.002236960,0.000711465,,,
1786043788835917342,1786043788.834975537,/novatel/oem7/odom,/novatel/oem7/fix,/novatel/oem7/odom,39.663,-75.756,-1.800783975,0.002303858,0.000711465,0.000551157,0.002236960,0.000711465,,,
1786043788846580095,1786043788.845666296,/novatel/oem7/inspva,/novatel/oem7/inspva,/novatel/oem7/inspva,39.663,-75.756,-1.800769376,0.002198830,0.000988934,0.002128296,0.000552456,0.000988934,,novatel_oem7_msgs.msg.InertialSolutionStatus(status=3),
1786043788848177795,1786043788.846720553,/novatel/oem7/fix,/novatel/oem7/fix,/novatel/oem7/inspva,39.663,-75.756,-1.800769376,0.002198830,0.000988934,0.002128296,0.000552456,0.000988934,,0,
1786043788850074954,1786043788.847790567,/novatel/oem7/odom,/novatel/oem7/fix,/novatel/oem7/odom,39.663,-75.756,-1.800769376,0.002195162,0.000997048,0.000651660,0.002096206,0.000997048,,,
1786043788857589216,1786043788.856480435,/novatel/oem7/odom,/novatel/oem7/fix,/novatel/oem7/odom,39.663,-75.756,-1.800769376,0.002195162,0.000997048,0.000651660,0.002096206,0.000997048,,,
1786043788867178099,1786043788.866187496,/novatel/oem7/inspva,/novatel/oem7/inspva,/novatel/oem7/inspva,39.663,-75.756,-1.800757856,0.002421531,0.000716159,0.002344277,0.000606775,0.000716159,,novatel_oem7_msgs.msg.InertialSolutionStatus(status=3),
1786043788868985438,1786043788.866520240,/novatel/oem7/fix,/novatel/oem7/fix,/novatel/oem7/inspva,39.663,-75.756,-1.800757856,0.002421531,0.000716159,0.002344277,0.000606775,0.000716159,,0,
1786043788870412322,1786043788.867166656,/novatel/oem7/odom,/novatel/oem7/fix,/novatel/oem7/odom,39.663,-75.756,-1.800757856,0.002418871,0.000725094,0.000717450,0.002310022,0.000725094,,,
1786043788875291891,1786043788.874438059,/novatel/oem7/odom,/novatel/oem7/fix,/novatel/oem7/odom,39.663,-75.756,-1.800757856,0.002418871,0.000725094,0.000717450,0.002310022,0.000725094,,,
1786043788886909281,1786043788.886223688,/novatel/oem7/inspva,/novatel/oem7/inspva,/novatel/oem7/inspva,39.663,-75.756,-1.800743007,0.002320031,0.000673292,0.002317938,0.000098539,0.000673292,,novatel_oem7_msgs.msg.InertialSolutionStatus(status=3),
1786043788888597022,1786043788.886442783,/novatel/oem7/fix,/novatel/oem7/fix,/novatel/oem7/inspva,39.663,-75.756,-1.800743007,0.002320031,0.000673292,0.002317938,0.000098539,0.000673292,,0,
1786043788889906831,1786043788.887123823,/novatel/oem7/odom,/novatel/oem7/fix,/novatel/oem7/odom,39.663,-75.756,-1.800743007,0.002317966,0.000680369,0.000208688,0.002308552,0.000680369,,,
1786043788896170361,1786043788.895233045,/novatel/oem7/odom,/novatel/oem7/fix,/novatel/oem7/odom,39.663,-75.756,-1.800743007,0.002317966,0.000680369,0.000208688,0.002308552,0.000680369,,,
1786043788906686150,1786043788.905884786,/novatel/oem7/inspva,/novatel/oem7/inspva,/novatel/oem7/inspva,39.663,-75.756,-1.800727496,0.002442106,0.000841691,0.002392610,0.000489185,0.000841691,,novatel_oem7_msgs.msg.InertialSolutionStatus(status=3),
1786043788908481382,1786043788.906116405,/novatel/oem7/fix,/novatel/oem7/fix,/novatel/oem7/inspva,39.663,-75.756,-1.800727496,0.002442106,0.000841691,0.002392610,0.000489185,0.000841691,,0,
1786043788909867716,1786043788.906701180,/novatel/oem7/odom,/novatel/oem7/fix,/novatel/oem7/odom,39.663,-75.756,-1.800727496,0.002439109,0.000850339,0.000601880,0.002363682,0.000850339,,,
1786043788911690241,1786043788.909463292,/novatel/oem7/bestpos,/novatel/oem7/bestpos,/novatel/oem7/odom,39.663,-75.756,33.181667401,0.002439109,0.000850339,0.000601880,0.002363682,0.000850339,,novatel_oem7_msgs.msg.SolutionStatus(status=0),novatel_oem7_msgs.msg.PositionOrVelocityType(type=53)
1786043788912865586,1786043788.910225670,/novatel/oem7/bestvel,/novatel/oem7/bestpos,/novatel/oem7/bestvel,39.663,-75.756,33.181667401,0.002463810,0.000787082,,,,14.048819598,novatel_oem7_msgs.msg.SolutionStatus(status=0),novatel_oem7_msgs.msg.PositionOrVelocityType(type=53)
1786043788916374031,1786043788.915616690,/novatel/oem7/odom,/novatel/oem7/bestpos,/novatel/oem7/odom,39.663,-75.756,33.181667401,0.002439109,0.000850339,0.000601880,0.002363682,0.000850339,,,
1786043788926212071,1786043788.925389605,/novatel/oem7/inspva,/novatel/oem7/inspva,/novatel/oem7/inspva,39.663,-75.756,-1.800715663,0.002087619,0.000559758,0.002021833,0.000519950,0.000559758,,novatel_oem7_msgs.msg.InertialSolutionStatus(status=3),
1786043788927969731,1786043788.925617991,/novatel/oem7/fix,/novatel/oem7/fix,/novatel/oem7/inspva,39.663,-75.756,-1.800715663,0.002087619,0.000559758,0.002021833,0.000519950,0.000559758,,0,
1786043788929376669,1786043788.926203087,/novatel/oem7/odom,/novatel/oem7/fix,/novatel/oem7/odom,39.663,-75.756,-1.800715663,0.002085544,0.000567442,0.000615610,0.001992616,0.000567442,,,
1786043788935273102,1786043788.934612035,/novatel/oem7/odom,/novatel/oem7/fix,/novatel/oem7/odom,39.663,-75.756,-1.800715663,0.002085544,0.000567442,0.000615610,0.001992616,0.000567442,,,
1786043788945800498,1786043788.944992686,/novatel/oem7/inspva,/novatel/oem7/inspva,/novatel/oem7/inspva,39.663,-75.756,-1.800698230,0.002376932,0.000687424,0.002204507,0.000888792,0.000687424,,novatel_oem7_msgs.msg.InertialSolutionStatus(status=3),
1786043788947589982,1786043788.945183492,/novatel/oem7/fix,/novatel/oem7/fix,/novatel/oem7/inspva,39.663,-75.756,-1.800698230,0.002376932,0.000687424,0.002204507,0.000888792,0.000687424,,0,
1786043788948675060,1786043788.945580509,/novatel/oem7/odom,/novatel/oem7/fix,/novatel/oem7/odom,39.663,-75.756,-1.800698230,0.002374161,0.000696932,0.000992424,0.002156789,0.000696932,,,
1786043788957033441,1786043788.956115575,/novatel/oem7/odom,/novatel/oem7/fix,/novatel/oem7/odom,39.663,-75.756,-1.800698230,0.002374161,0.000696932,0.000992424,0.002156789,0.000696932,,,
1786043788965895070,1786043788.965229897,/novatel/oem7/inspva,/novatel/oem7/inspva,/novatel/oem7/inspva,39.663,-75.756,-1.800679839,0.002229345,0.001006535,0.002207503,0.000311299,0.001006535,,novatel_oem7_msgs.msg.InertialSolutionStatus(status=3),
1786043788967608387,1786043788.965449439,/novatel/oem7/fix,/novatel/oem7/fix,/novatel/oem7/inspva,39.663,-75.756,-1.800679839,0.002229345,0.001006535,0.002207503,0.000311299,0.001006535,,0,
1786043788968977104,1786043788.965977504,/novatel/oem7/odom,/novatel/oem7/fix,/novatel/oem7/odom,39.663,-75.756,-1.800679839,0.002225969,0.001013979,0.000414573,0.002187023,0.001013979,,,
1786043788976185980,1786043788.975273404,/novatel/oem7/odom,/novatel/oem7/fix,/novatel/oem7/odom,39.663,-75.756,-1.800679839,0.002225969,0.001013979,0.000414573,0.002187023,0.001013979,,,
1786043788986897842,1786043788.986038956,/novatel/oem7/inspva,/novatel/oem7/inspva,/novatel/oem7/inspva,39.663,-75.756,-1.800665185,0.002484032,0.000632366,0.002380209,0.000710646,0.000632366,,novatel_oem7_msgs.msg.InertialSolutionStatus(status=3),
1786043788988628739,1786043788.986304139,/novatel/oem7/fix,/novatel/oem7/fix,/novatel/oem7/inspva,39.663,-75.756,-1.800665185,0.002484032,0.000632366,0.002380209,0.000710646,0.000632366,,0,
1786043788989925995,1786043788.986989156,/novatel/oem7/odom,/novatel/oem7/fix,/novatel/oem7/odom,39.663,-75.756,-1.800665185,0.002481628,0.000641732,0.000823234,0.002341104,0.000641732,,,
1786043788995473931,1786043788.994627592,/novatel/oem7/odom,/novatel/oem7/fix,/novatel/oem7/odom,39.663,-75.756,-1.800665185,0.002481628,0.000641732,0.000823234,0.002341104,0.000641732,,,
1786043789009289867,1786043789.008462389,/novatel/oem7/inspva,/novatel/oem7/inspva,/novatel/oem7/inspva,39.663,-75.756,-1.800644711,0.002690458,0.000841375,0.002678218,0.000256338,0.000841375,,novatel_oem7_msgs.msg.InertialSolutionStatus(status=3),
1786043789010929447,1786043789.008688971,/novatel/oem7/fix,/novatel/oem7/fix,/novatel/oem7/inspva,39.663,-75.756,-1.800644711,0.002690458,0.000841375,0.002678218,0.000256338,0.000841375,,0,
1786043789012175646,1786043789.009969507,/novatel/oem7/odom,/novatel/oem7/fix,/novatel/oem7/odom,39.663,-75.756,-1.800644711,0.002687760,0.000849953,0.000383188,0.002660305,0.000849953,,,
1786043789017503476,1786043789.016742649,/novatel/oem7/odom,/novatel/oem7/fix,/novatel/oem7/odom,39.663,-75.756,-1.800644711,0.002687760,0.000849953,0.000383188,0.002660305,0.000849953,,,
1786043789028239778,1786043789.027362722,/novatel/oem7/bestpos,/novatel/oem7/bestpos,/novatel/oem7/odom,39.663,-75.756,33.181759899,0.002687760,0.000849953,0.000383188,0.002660305,0.000849953,,novatel_oem7_msgs.msg.SolutionStatus(status=0),novatel_oem7_msgs.msg.PositionOrVelocityType(type=53)
1786043789029986978,1786043789.027783373,/novatel/oem7/bestvel,/novatel/oem7/bestpos,/novatel/oem7/bestvel,39.663,-75.756,33.181759899,0.002383423,0.001108647,,,,1.701249618,novatel_oem7_msgs.msg.SolutionStatus(status=0),novatel_oem7_msgs.msg.PositionOrVelocityType(type=53)
1786043789031217831,1786043789.028272041,/novatel/oem7/inspva,/novatel/oem7/inspva,/novatel/oem7/inspva,39.663,-75.756,-1.800626293,0.002568230,0.000893304,0.002532007,0.000429820,0.000893304,,novatel_oem7_msgs.msg.InertialSolutionStatus(status=3),
1786043789032299182,1786043789.028484516,/novatel/oem7/fix,/novatel/oem7/fix,/novatel/oem7/inspva,39.663,-75.756,-1.800626293,0.002568230,0.000893304,0.002532007,0.000429820,0.000893304,,0,
1786043789033603195,1786043789.028904241,/novatel/oem7/odom,/novatel/oem7/fix,/novatel/oem7/odom,39.663,-75.756,-1.800626293,0.002565145,0.000902123,0.000549160,0.002505673,0.000902123,,,
1786043789035842614,1786043789.035188161,/novatel/oem7/odom,/novatel/oem7/fix,/novatel/oem7/odom,39.663,-75.756,-1.800626293,0.002565145,0.000902123,0.000549160,0.002505673,0.000902123,,,
1786043789047925862,1786043789.046804928,/novatel/oem7/inspva,/novatel/oem7/inspva,/novatel/oem7/inspva,39.663,-75.756,-1.800622688,0.002730897,0.000940058,0.002690562,0.000467625,0.000940058,,novatel_oem7_msgs.msg.InertialSolutionStatus(status=3),
1786043789049783488,1786043789.047066030,/novatel/oem7/fix,/novatel/oem7/fix,/novatel/oem7/inspva,39.663,-75.756,-1.800622688,0.002730897,0.000940058,0.002690562,0.000467625,0.000940058,,0,
1786043789051285820,1786043789.047452604,/novatel/oem7/odom,/novatel/oem7/fix,/novatel/oem7/odom,39.663,-75.756,-1.800622688,0.002727640,0.000949467,0.000594469,0.002662072,0.000949467,,,
1786043789057882952,1786043789.056681220,/novatel/oem7/odom,/novatel/oem7/fix,/novatel/oem7/odom,39.663,-75.756,-1.800622688,0.002727640,0.000949467,0.000594469,0.002662072,0.000949467,,,
1786043789066544270,1786043789.065542076,/novatel/oem7/inspva,/novatel/oem7/inspva,/novatel/oem7/inspva,39.663,-75.756,-1.800626149,0.002706669,0.000871202,0.002682277,0.000362556,0.000871202,,novatel_oem7_msgs.msg.InertialSolutionStatus(status=3),
1786043789068518113,1786043789.065677056,/novatel/oem7/fix,/novatel/oem7/fix,/novatel/oem7/inspva,39.663,-75.756,-1.800626149,0.002706669,0.000871202,0.002682277,0.000362556,0.000871202,,0,
1786043789069940148,1786043789.066364952,/novatel/oem7/odom,/novatel/oem7/fix,/novatel/oem7/odom,39.663,-75.756,-1.800626149,0.002703748,0.000880225,0.000489350,0.002659096,0.000880225,,,
1786043789075792650,1786043789.074806470,/novatel/oem7/odom,/novatel/oem7/fix,/novatel/oem7/odom,39.663,-75.756,-1.800626149,0.002703748,0.000880225,0.000489350,0.002659096,0.000880225,,,
1786043789086719867,1786043789.085475985,/novatel/oem7/inspva,/novatel/oem7/inspva,/novatel/oem7/inspva,39.663,-75.756,-1.800625798,0.002835632,0.000678741,0.002808171,0.000393680,0.000678741,,novatel_oem7_msgs.msg.InertialSolutionStatus(status=3),
1786043789088627379,1786043789.085668172,/novatel/oem7/fix,/novatel/oem7/fix,/novatel/oem7/inspva,39.663,-75.756,-1.800625798,0.002835632,0.000678741,0.002808171,0.000393680,0.000678741,,0,
1786043789090061603,1786043789.086310189,/novatel/oem7/odom,/novatel/oem7/fix,/novatel/oem7/odom,39.663,-75.756,-1.800625798,0.002833343,0.000688230,0.000527274,0.002783849,0.000688230,,,
1786043789096159718,1786043789.095120287,/novatel/oem7/odom,/novatel/oem7/fix,/novatel/oem7/odom,39.663,-75.756,-1.800625798,0.002833343,0.000688230,0.000527274,0.002783849,0.000688230,,,
1786043789106984997,1786043789.106050227,/novatel/oem7/inspva,/novatel/oem7/inspva,/novatel/oem7/inspva,39.663,-75.756,-1.800627589,0.002577587,0.000697998,0.002557046,0.000324765,0.000697998,,novatel_oem7_msgs.msg.InertialSolutionStatus(status=3),
1786043789108679611,1786043789.106340694,/novatel/oem7/fix,/novatel/oem7/fix,/novatel/oem7/inspva,39.663,-75.756,-1.800627589,0.002577587,0.000697998,0.002557046,0.000324765,0.000697998,,0,
1786043789109940217,1786043789.106878956,/novatel/oem7/odom,/novatel/oem7/fix,/novatel/oem7/odom,39.663,-75.756,-1.800627589,0.002575258,0.000706542,0.000446144,0.002536318,0.000706542,,,
1786043789111515832,1786043789.109483788,/novatel/oem7/bestpos,/novatel/oem7/bestpos,/novatel/oem7/odom,39.663,-75.756,33.181807318,0.002575258,0.000706542,0.000446144,0.002536318,0.000706542,,novatel_oem7_msgs.msg.SolutionStatus(status=0),novatel_oem7_msgs.msg.PositionOrVelocityType(type=53)
1786043789112517346,1786043789.110209855,/novatel/oem7/bestvel,/novatel/oem7/bestpos,/novatel/oem7/bestvel,39.663,-75.756,33.181807318,0.002905147,0.000379448,,,,12.499416882,novatel_oem7_msgs.msg.SolutionStatus(status=0),novatel_oem7_msgs.msg.PositionOrVelocityType(type=53)
1786043789115663168,1786043789.114647501,/novatel/oem7/odom,/novatel/oem7/bestpos,/novatel/oem7/odom,39.663,-75.756,33.181807318,0.002575258,0.000706542,0.000446144,0.002536318,0.000706542,,,
1786043789126206107,1786043789.125254979,/novatel/oem7/inspva,/novatel/oem7/inspva,/novatel/oem7/inspva,39.663,-75.756,-1.800626609,0.003153375,0.000805359,0.003138523,0.000305686,0.000805359,,novatel_oem7_msgs.msg.InertialSolutionStatus(status=3),
1786043789127983695,1786043789.125386456,/novatel/oem7/fix,/novatel/oem7/fix,/novatel/oem7/inspva,39.663,-75.756,-1.800626609,0.003153375,0.000805359,0.003138523,0.000305686,0.000805359,,0,
1786043789129271055,1786043789.125922007,/novatel/oem7/odom,/novatel/oem7/fix,/novatel/oem7/odom,39.663,-75.756,-1.800626609,0.003150771,0.000815483,0.000454973,0.003117749,0.000815483,,,
1786043789136284126,1786043789.135460067,/novatel/oem7/odom,/novatel/oem7/fix,/novatel/oem7/odom,39.663,-75.756,-1.800626609,0.003150771,0.000815483,0.000454973,0.003117749,0.000815483,,,
1786043789145892669,1786043789.144896868,/novatel/oem7/inspva,/novatel/oem7/inspva,/novatel/oem7/inspva,39.663,-75.756,-1.800631814,0.002632615,0.000635725,0.002631104,0.000089182,0.000635725,,novatel_oem7_msgs.msg.InertialSolutionStatus(status=3),
1786043789147525795,1786043789.145040395,/novatel/oem7/fix,/novatel/oem7/fix,/novatel/oem7/inspva,39.663,-75.756,-1.800631814,0.002632615,0.000635725,0.002631104,0.000089182,0.000635725,,0,
1786043789148606883,1786043789.145527022,/novatel/oem7/odom,/novatel/oem7/fix,/novatel/oem7/odom,39.663,-75.756,-1.800631814,0.002630705,0.000643584,0.000214648,0.002621933,0.000643584,,,
1786043789156908563,1786043789.155764322,/novatel/oem7/odom,/novatel/oem7/fix,/novatel/oem7/odom,39.663,-75.756,-1.800631814,0.002630705,0.000643584,0.000214648,0.002621933,0.000643584,,,
1786043789167584457,1786043789.166497854,/novatel/oem7/inspva,/novatel/oem7/inspva,/novatel/oem7/inspva,39.663,-75.756,-1.800627857,0.002985580,0.001163471,0.002909864,0.000668119,0.001163471,,novatel_oem7_msgs.msg.InertialSolutionStatus(status=3),
1786043789169406699,1786043789.166619667,/novatel/oem7/fix,/novatel/oem7/fix,/novatel/oem7/inspva,39.663,-75.756,-1.800627857,0.002985580,0.001163471,0.002909864,0.000668119,0.001163471,,0,
1786043789170701965,1786043789.167047281,/novatel/oem7/odom,/novatel/oem7/fix,/novatel/oem7/odom,39.663,-75.756,-1.800627857,0.002981373,0.001174209,0.000804502,0.002870777,0.001174209,,,
1786043789175487640,1786043789.174646415,/novatel/oem7/odom,/novatel/oem7/fix,/novatel/oem7/odom,39.663,-75.756,-1.800627857,0.002981373,0.001174209,0.000804502,0.002870777,0.001174209,,,
1786043789186332219,1786043789.185256471,/novatel/oem7/inspva,/novatel/oem7/inspva,/novatel/oem7/inspva,39.663,-75.756,-1.800631408,0.002464037,0.001007483,0.002434017,0.000383458,0.001007483,,novatel_oem7_msgs.msg.InertialSolutionStatus(status=3),
1786043789188370390,1786043789.185447159,/novatel/oem7/fix,/novatel/oem7/fix,/novatel/oem7/inspva,39.663,-75.756,-1.800631408,0.002464037,0.001007483,0.002434017,0.000383458,0.001007483,,0,
1786043789189958009,1786043789.185982556,/novatel/oem7/odom,/novatel/oem7/fix,/novatel/oem7/odom,39.663,-75.756,-1.800631408,0.002460612,0.001015820,0.000497606,0.002409772,0.001015820,,,
1786043789195530655,1786043789.194513498,/novatel/oem7/odom,/novatel/oem7/fix,/novatel/oem7/odom,39.663,-75.756,-1.800631408,0.002460612,0.001015820,0.000497606,0.002409772,0.001015820,,,
1786043789207044534,1786043789.206345206,/novatel/oem7/inspva,/novatel/oem7/inspva,/novatel/oem7/inspva,39.663,-75.756,-1.800630353,0.002957273,0.000731086,0.002923123,0.000448123,0.000731086,,novatel_oem7_msgs.msg.InertialSolutionStatus(status=3),
1786043789208678738,1786043789.206516236,/novatel/oem7/fix,/novatel/oem7/fix,/novatel/oem7/inspva,39.663,-75.756,-1.800630353,0.002957273,0.000731086,0.002923123,0.000448123,0.000731086,,0,
1786043789209891660,1786043789.206996184,/novatel/oem7/odom,/novatel/oem7/fix,/novatel/oem7/odom,39.663,-75.756,-1.800630353,0.002954786,0.000741073,0.000586993,0.002895893,0.000741073,,,
1786043789211379855,1786043789.210339010,/novatel/oem7/bestpos,/novatel/oem7/bestpos,/novatel/oem7/odom,39.663,-75.756,33.181806413,0.002954786,0.000741073,0.000586993,0.002895893,0.000741073,,novatel_oem7_msgs.msg.SolutionStatus(status=0),novatel_oem7_msgs.msg.PositionOrVelocityType(type=53)
1786043789212369148,1786043789.210773499,/novatel/oem7/bestvel,/novatel/oem7/bestpos,/novatel/oem7/bestvel,39.663,-75.756,33.181806413,0.002942518,0.000668890,,,,12.205130213,novatel_oem7_msgs.msg.SolutionStatus(status=0),novatel_oem7_msgs.msg.PositionOrVelocityType(type=53)
1786043789215699151,1786043789.214793226,/novatel/oem7/odom,/novatel/oem7/bestpos,/novatel/oem7/odom,39.663,-75.756,33.181806413,0.002954786,0.000741073,0.000586993,0.002895893,0.000741073,,,
1786043789227094240,1786043789.226250970,/novatel/oem7/inspva,/novatel/oem7/inspva,/novatel/oem7/inspva,39.663,-75.756,-1.800631132,0.002406501,0.000957119,0.002405172,0.000079972,0.000957119,,novatel_oem7_msgs.msg.InertialSolutionStatus(status=3),
1786043789228969695,1786043789.226373741,/novatel/oem7/fix,/novatel/oem7/fix,/novatel/oem7/inspva,39.663,-75.756,-1.800631132,0.002406501,0.000957119,0.002405172,0.000079972,0.000957119,,0,
1786043789230564535,1786043789.226960465,/novatel/oem7/odom,/novatel/oem7/fix,/novatel/oem7/odom,39.663,-75.756,-1.800631132,0.002403640,0.000964281,0.000193268,0.002395857,0.000964281,,,
1786043789235288832,1786043789.234573601,/novatel/oem7/odom,/novatel/oem7/fix,/novatel/oem7/odom,39.663,-75.756,-1.800631132,0.002403640,0.000964281,0.000193268,0.002395857,0.000964281,,,
1786043789246091774,1786043789.245319702,/novatel/oem7/inspva,/novatel/oem7/inspva,/novatel/oem7/inspva,39.663,-75.756,-1.800628370,0.003065033,0.001063398,0.003058037,0.000206963,0.001063398,,novatel_oem7_msgs.msg.InertialSolutionStatus(status=3),
1786043789247765791,1786043789.245502581,/novatel/oem7/fix,/novatel/oem7/fix,/novatel/oem7/inspva,39.663,-75.756,-1.800628370,0.003065033,0.001063398,0.003058037,0.000206963,0.001063398,,0,
1786043789248927250,1786043789.246057797,/novatel/oem7/odom,/novatel/oem7/fix,/novatel/oem7/odom,39.663,-75.756,-1.800628370,0.003061723,0.001072890,0.000351434,0.003041487,0.001072890,,,
1786043789257877986,1786043789.256636273,/novatel/oem7/odom,/novatel/oem7/fix,/novatel/oem7/odom,39.663,-75.756,-1.800628370,0.003061723,0.001072890,0.000351434,0.003041487,0.001072890,,,
1786043789265948431,1786043789.265126749,/novatel/oem7/inspva,/novatel/oem7/inspva,/novatel/oem7/inspva,39.663,-75.756,-1.800630312,0.002532122,0.001154021,0.002529297,0.000119573,0.001154021,,novatel_oem7_msgs.msg.InertialSolutionStatus(status=3),
1786043789267914097,1786043789.265283378,/novatel/oem7/fix,/novatel/oem7/fix,/novatel/oem7/inspva,39.663,-75.756,-1.800630312,0.002532122,0.001154021,0.002529297,0.000119573,0.001154021,,0,
1786043789269309515,1786043789.265826373,/novatel/oem7/odom,/novatel/oem7/fix,/novatel/oem7/odom,39.663,-75.756,-1.800630312,0.002528616,0.001161682,0.000238124,0.002517379,0.001161682,,,
1786043789275535911,1786043789.274541684,/novatel/oem7/odom,/novatel/oem7/fix,/novatel/oem7/odom,39.663,-75.756,-1.800630312,0.002528616,0.001161682,0.000238124,0.002517379,0.001161682,,,
1786043789287874712,1786043789.286693759,/novatel/oem7/inspva,/novatel/oem7/inspva,/novatel/oem7/inspva,39.663,-75.756,-1.800629985,0.002680962,0.000904514,0.002657039,0.000357352,0.000904514,,novatel_oem7_msgs.msg.InertialSolutionStatus(status=3),
1786043789289933679,1786043789.286874720,/novatel/oem7/fix,/novatel/oem7/fix,/novatel/oem7/inspva,39.663,-75.756,-1.800629985,0.002680962,0.000904514,0.002657039,0.000357352,0.000904514,,0,
1786043789291361560,1786043789.287580992,/novatel/oem7/odom,/novatel/oem7/fix,/novatel/oem7/odom,39.663,-75.756,-1.800629985,0.002677949,0.000913398,0.000482741,0.002634079,0.000913398,,,
1786043789296163888,1786043789.295104341,/novatel/oem7/odom,/novatel/oem7/fix,/novatel/oem7/odom,39.663,-75.756,-1.800629985,0.002677949,0.000913398,0.000482741,0.002634079,0.000913398,,,
1786043789306508153,1786043789.305822044,/novatel/oem7/inspva,/novatel/oem7/inspva,/novatel/oem7/inspva,39.663,-75.756,-1.800631785,0.002434235,0.001142862,0.002400358,0.000404699,0.001142862,,novatel_oem7_msgs.msg.InertialSolutionStatus(status=3),
1786043789308074308,1786043789.306006324,/novatel/oem7/fix,/novatel/oem7/fix,/novatel/oem7/inspva,39.663,-75.756,-1.800631785,0.002434235,0.001142862,0.002400358,0.000404699,0.001142862,,0,
1786043789309188086,1786043789.306440805,/novatel/oem7/odom,/novatel/oem7/fix,/novatel/oem7/odom,39.663,-75.756,-1.800631785,0.002430321,0.001151161,0.000516684,0.002374763,0.001151161,,,
1786043789310742515,1786043789.309265716,/novatel/oem7/bestpos,/novatel/oem7/bestpos,/novatel/oem7/odom,39.663,-75.756,33.181802666,0.002430321,0.001151161,0.000516684,0.002374763,0.001151161,,novatel_oem7_msgs.msg.SolutionStatus(status=0),novatel_oem7_msgs.msg.PositionOrVelocityType(type=53)
1786043789311664348,1786043789.309911632,/novatel/oem7/bestvel,/novatel/oem7/bestpos,/novatel/oem7/bestvel,39.663,-75.756,33.181802666,0.002355164,0.001237224,,,,7.145682519,novatel_oem7_msgs.msg.SolutionStatus(status=0),novatel_oem7_msgs.msg.PositionOrVelocityType(type=53)
1786043789316584671,1786043789.315465356,/novatel/oem7/odom,/novatel/oem7/bestpos,/novatel/oem7/odom,39.663,-75.756,33.181802666,0.002430321,0.001151161,0.000516684,0.002374763,0.001151161,,,
1786043789325920981,1786043789.325149951,/novatel/oem7/inspva,/novatel/oem7/inspva,/novatel/oem7/inspva,39.663,-75.756,-1.800635258,0.002378921,0.000672738,0.002349924,0.000370300,0.000672738,,novatel_oem7_msgs.msg.InertialSolutionStatus(status=3),
1786043789327715386,1786043789.325293135,/novatel/oem7/fix,/novatel/oem7/fix,/novatel/oem7/inspva,39.663,-75.756,-1.800635258,0.002378921,0.000672738,0.002349924,0.000370300,0.000672738,,0,
1786043789329028269,1786043789.325922178,/novatel/oem7/odom,/novatel/oem7/fix,/novatel/oem7/odom,39.663,-75.756,-1.800635258,0.002376638,0.000680760,0.000481618,0.002327327,0.000680760,,,
1786043789335766540,1786043789.334890658,/novatel/oem7/odom,/novatel/oem7/fix,/novatel/oem7/odom,39.663,-75.756,-1.800635258,0.002376638,0.000680760,0.000481618,0.002327327,0.000680760,,,
1786043789346967290,1786043789.346011475,/novatel/oem7/inspva,/novatel/oem7/inspva,/novatel/oem7/inspva,39.663,-75.756,-1.800635554,0.002234457,0.000895170,0.002222983,0.000226148,0.000895170,,novatel_oem7_msgs.msg.InertialSolutionStatus(status=3),
1786043789348693350,1786043789.346161977,/novatel/oem7/fix,/novatel/oem7/fix,/novatel/oem7/inspva,39.663,-75.756,-1.800635554,0.002234457,0.000895170,0.002222983,0.000226148,0.000895170,,0,
1786043789349837376,1786043789.346797155,/novatel/oem7/odom,/novatel/oem7/fix,/novatel/oem7/odom,39.663,-75.756,-1.800635554,0.002231571,0.000902341,0.000330635,0.002206941,0.000902341,,,
1786043789356903487,1786043789.355745618,/novatel/oem7/odom,/novatel/oem7/fix,/novatel/oem7/odom,39.663,-75.756,-1.800635554,0.002231571,0.000902341,0.000330635,0.002206941,0.000902341,,,
1786043789366260317,1786043789.365218170,/novatel/oem7/inspva,/novatel/oem7/inspva,/novatel/oem7/inspva,39.663,-75.756,-1.800635323,0.002071493,0.000862250,0.002058739,0.000229522,0.000862250,,novatel_oem7_msgs.msg.InertialSolutionStatus(status=3),
1786043789368140713,1786043789.365355031,/novatel/oem7/fix,/novatel/oem7/fix,/novatel/oem7/inspva,39.663,-75.756,-1.800635323,0.002071493,0.000862250,0.002058739,0.000229522,0.000862250,,0,
1786043789369607148,1786043789.366036872,/novatel/oem7/odom,/novatel/oem7/fix,/novatel/oem7/odom,39.663,-75.756,-1.800635323,0.002068691,0.000868953,0.000326130,0.002042822,0.000868953,,,
1786043789376526557,1786043789.375516327,/novatel/oem7/odom,/novatel/oem7/fix,/novatel/oem7/odom,39.663,-75.756,-1.800635323,0.002068691,0.000868953,0.000326130,0.002042822,0.000868953,,,
1786043789385653102,1786043789.384921910,/novatel/oem7/inspva,/novatel/oem7/inspva,/novatel/oem7/inspva,39.663,-75.756,-1.800636630,0.001893219,0.000942479,0.001890398,0.000103323,0.000942479,,novatel_oem7_msgs.msg.InertialSolutionStatus(status=3),
1786043789387042857,1786043789.385024704,/novatel/oem7/fix,/novatel/oem7/fix,/novatel/oem7/inspva,39.663,-75.756,-1.800636630,0.001893219,0.000942479,0.001890398,0.000103323,0.000942479,,0,
1786043789388126757,1786043789.385461731,/novatel/oem7/odom,/novatel/oem7/fix,/novatel/oem7/odom,39.663,-75.756,-1.800636630,0.001890334,0.000948252,0.000191600,0.001880599,0.000948252,,,
1786043789395205899,1786043789.394347299,/novatel/oem7/odom,/novatel/oem7/fix,/novatel/oem7/odom,39.663,-75.756,-1.800636630,0.001890334,0.000948252,0.000191600,0.001880599,0.000948252,,,
1786043789406822792,1786043789.406199561,/novatel/oem7/inspva,/novatel/oem7/inspva,/novatel/oem7/inspva,39.663,-75.756,-1.800634708,0.001880595,0.001060687,0.001837702,0.000399361,0.001060687,,novatel_oem7_msgs.msg.InertialSolutionStatus(status=3),
1786043789408285587,1786043789.406303683,/novatel/oem7/fix,/novatel/oem7/fix,/novatel/oem7/inspva,39.663,-75.756,-1.800634708,0.001880595,0.001060687,0.001837702,0.000399361,0.001060687,,0,
1786043789409393502,1786043789.406942594,/novatel/oem7/odom,/novatel/oem7/fix,/novatel/oem7/odom,39.663,-75.756,-1.800634708,0.001876822,0.001067350,0.000484297,0.001813261,0.001067350,,,
1786043789411302998,1786043789.409960247,/novatel/oem7/bestpos,/novatel/oem7/bestpos,/novatel/oem7/odom,39.663,-75.756,33.181798054,0.001876822,0.001067350,0.000484297,0.001813261,0.001067350,,novatel_oem7_msgs.msg.SolutionStatus(status=0),novatel_oem7_msgs.msg.PositionOrVelocityType(type=53)
1786043789412743215,1786043789.410320900,/novatel/oem7/bestvel,/novatel/oem7/bestpos,/novatel/oem7/bestvel,39.663,-75.756,33.181798054,0.001850185,0.001093524,,,,11.275492039,novatel_oem7_msgs.msg.SolutionStatus(status=0),novatel_oem7_msgs.msg.PositionOrVelocityType(type=53)
1786043789415680712,1786043789.414955294,/novatel/oem7/odom,/novatel/oem7/bestpos,/novatel/oem7/odom,39.663,-75.756,33.181798054,0.001876822,0.001067350,0.000484297,0.001813261,0.001067350,,,
1786043789425773710,1786043789.425092830,/novatel/oem7/inspva,/novatel/oem7/inspva,/novatel/oem7/inspva,39.663,-75.756,-1.800635382,0.001681368,0.001005704,0.001678586,0.000096688,0.001005704,,novatel_oem7_msgs.msg.InertialSolutionStatus(status=3),
1786043789427496028,1786043789.425242211,/novatel/oem7/fix,/novatel/oem7/fix,/novatel/oem7/inspva,39.663,-75.756,-1.800635382,0.001681368,0.001005704,0.001678586,0.000096688,0.001005704,,0,
1786043789428835027,1786043789.425786670,/novatel/oem7/odom,/novatel/oem7/fix,/novatel/oem7/odom,39.663,-75.756,-1.800635382,0.001678287,0.001010837,0.000174449,0.001669196,0.001010837,,,
1786043789436318609,1786043789.435642696,/novatel/oem7/odom,/novatel/oem7/fix,/novatel/oem7/odom,39.663,-75.756,-1.800635382,0.001678287,0.001010837,0.000174449,0.001669196,0.001010837,,,
1786043789446256183,1786043789.445337548,/novatel/oem7/inspva,/novatel/oem7/inspva,/novatel/oem7/inspva,39.663,-75.756,-1.800630266,0.001467739,0.001067526,0.001365949,0.000537067,0.001067526,,novatel_oem7_msgs.msg.InertialSolutionStatus(status=3),
1786043789448570673,1786043789.445574706,/novatel/oem7/fix,/novatel/oem7/fix,/novatel/oem7/inspva,39.663,-75.756,-1.800630266,0.001467739,0.001067526,0.001365949,0.000537067,0.001067526,,0,
1786043789449775642,1786043789.446106271,/novatel/oem7/odom,/novatel/oem7/fix,/novatel/oem7/odom,39.663,-75.756,-1.800630266,0.001463502,0.001073327,0.000598894,0.001335352,0.001073327,,,
1786043789457887974,1786043789.457007665,/novatel/oem7/odom,/novatel/oem7/fix,/novatel/oem7/odom,39.663,-75.756,-1.800630266,0.001463502,0.001073327,0.000598894,0.001335352,0.001073327,,,
1786043789467614315,1786043789.466604475,/novatel/oem7/inspva,/novatel/oem7/inspva,/novatel/oem7/inspva,39.663,-75.756,-1.800628142,0.001454143,0.001093883,0.001438424,0.000213228,0.001093883,,novatel_oem7_msgs.msg.InertialSolutionStatus(status=3),
1786043789469302538,1786043789.468262237,/novatel/oem7/fix,/novatel/oem7/fix,/novatel/oem7/inspva,39.663,-75.756,-1.800628142,0.001454143,0.001093883,0.001438424,0.000213228,0.001093883,,0,
1786043789471298439,1786043789.469413100,/novatel/oem7/odom,/novatel/oem7/fix,/novatel/oem7/odom,39.663,-75.756,-1.800628142,0.001450472,0.001098746,0.000278860,0.001423414,0.001098746,,,
1786043789475240895,1786043789.474493607,/novatel/oem7/odom,/novatel/oem7/fix,/novatel/oem7/odom,39.663,-75.756,-1.800628142,0.001450472,0.001098746,0.000278860,0.001423414,0.001098746,,,
1786043789487499705,1786043789.486016687,/novatel/oem7/inspva,/novatel/oem7/inspva,/novatel/oem7/inspva,39.663,-75.756,-1.800624082,0.001569360,0.000892310,0.001563392,0.000136728,0.000892310,,novatel_oem7_msgs.msg.InertialSolutionStatus(status=3),
1786043789489572756,1786043789.487757559,/novatel/oem7/fix,/novatel/oem7/fix,/novatel/oem7/inspva,39.663,-75.756,-1.800624082,0.001569360,0.000892310,0.001563392,0.000136728,0.000892310,,0,
1786043789491603609,1786043789.488968710,/novatel/oem7/odom,/novatel/oem7/fix,/novatel/oem7/odom,39.663,-75.756,-1.800624082,0.001566540,0.000897251,0.000209260,0.001552500,0.000897251,,,
1786043789496712327,1786043789.495870032,/novatel/oem7/odom,/novatel/oem7/fix,/novatel/oem7/odom,39.663,-75.756,-1.800624082,0.001566540,0.000897251,0.000209260,0.001552500,0.000897251,,,
1786043789506576887,1786043789.505975798,/novatel/oem7/inspva,/novatel/oem7/inspva,/novatel/oem7/inspva,39.663,-75.756,-1.800623407,0.001602284,0.000836769,0.001600349,-0.000078719,0.000836769,,novatel_oem7_msgs.msg.InertialSolutionStatus(status=3),
1786043789508066259,1786043789.506083695,/novatel/oem7/fix,/novatel/oem7/fix,/novatel/oem7/inspva,39.663,-75.756,-1.800623407,0.001602284,0.000836769,0.001600349,-0.000078719,0.000836769,,0,
1786043789509134073,1786043789.506547920,/novatel/oem7/odom,/novatel/oem7/fix,/novatel/oem7/odom,39.663,-75.756,-1.800623407,0.001600041,0.000841049,-0.000003913,0.001600037,0.000841049,,,
1786043789512407492,1786043789.511458620,/novatel/oem7/bestpos,/novatel/oem7/bestpos,/novatel/oem7/odom,39.663,-75.756,33.181809377,0.001600041,0.000841049,-0.000003913,0.001600037,0.000841049,,novatel_oem7_msgs.msg.SolutionStatus(status=0),novatel_oem7_msgs.msg.PositionOrVelocityType(type=53)
1786043789514508850,1786043789.512408584,/novatel/oem7/bestvel,/novatel/oem7/bestpos,/novatel/oem7/bestvel,39.663,-75.756,33.181809377,0.001860469,0.000803739,,,,351.238738363,novatel_oem7_msgs.msg.SolutionStatus(status=0),novatel_oem7_msgs.msg.PositionOrVelocityType(type=53)
1786043789516678985,1786043789.514368695,/novatel/oem7/odom,/novatel/oem7/bestpos,/novatel/oem7/odom,39.663,-75.756,33.181809377,0.001600041,0.000841049,-0.000003913,0.001600037,0.000841049,,,
1786043789527136627,1786043789.526525885,/novatel/oem7/inspva,/novatel/oem7/inspva,/novatel/oem7/inspva,39.663,-75.756,-1.800617754,0.001356350,0.001058715,0.001334039,0.000244998,0.001058715,,novatel_oem7_msgs.msg.InertialSolutionStatus(status=3),
1786043789528749813,1786043789.526666819,/novatel/oem7/fix,/novatel/oem7/fix,/novatel/oem7/inspva,39.663,-75.756,-1.800617754,0.001356350,0.001058715,0.001334039,0.000244998,0.001058715,,0,
1786043789530098597,1786043789.527072680,/novatel/oem7/odom,/novatel/oem7/fix,/novatel/oem7/odom,39.663,-75.756,-1.800617754,0.001352700,0.001063375,0.000305654,0.001317715,0.001063375,,,
1786043789535762894,1786043789.534910899,/novatel/oem7/odom,/novatel/oem7/fix,/novatel/oem7/odom,39.663,-75.756,-1.800617754,0.001352700,0.001063375,0.000305654,0.001317715,0.001063375,,,
1786043789545637580,1786043789.544868914,/novatel/oem7/inspva,/novatel/oem7/inspva,/novatel/oem7/inspva,39.663,-75.756,-1.800618277,0.001623932,0.000894880,0.001590706,0.000326817,0.000894880,,novatel_oem7_msgs.msg.InertialSolutionStatus(status=3),
1786043789547310747,1786043789.545052927,/novatel/oem7/fix,/novatel/oem7/fix,/novatel/oem7/inspva,39.663,-75.756,-1.800618277,0.001623932,0.000894880,0.001590706,0.000326817,0.000894880,,0,
1786043789548791082,1786043789.545543429,/novatel/oem7/odom,/novatel/oem7/fix,/novatel/oem7/odom,39.663,-75.756,-1.800618277,0.001620788,0.000900562,0.000400436,0.001570542,0.000900562,,,
1786043789556523587,1786043789.555676571,/novatel/oem7/odom,/novatel/oem7/fix,/novatel/oem7/odom,39.663,-75.756,-1.800618277,0.001620788,0.000900562,0.000400436,0.001570542,0.000900562,,,
1786043789566049472,1786043789.565394951,/novatel/oem7/inspva,/novatel/oem7/inspva,/novatel/oem7/inspva,39.663,-75.756,-1.800612855,0.001013739,0.000828196,0.001012917,-0.000040836,0.000828196,,novatel_oem7_msgs.msg.InertialSolutionStatus(status=3),
1786043789567880114,1786043789.565534076,/novatel/oem7/fix,/novatel/oem7/fix,/novatel/oem7/inspva,39.663,-75.756,-1.800612855,0.001013739,0.000828196,0.001012917,-0.000040836,0.000828196,,0,
1786043789569255191,1786043789.566297635,/novatel/oem7/odom,/novatel/oem7/fix,/novatel/oem7/odom,39.663,-75.756,-1.800612855,0.001011503,0.000830926,0.000005391,0.001011488,0.000830926,,,
1786043789575777734,1786043789.574894282,/novatel/oem7/odom,/novatel/oem7/fix,/novatel/oem7/odom,39.663,-75.756,-1.800612855,0.001011503,0.000830926,0.000005391,0.001011488,0.000830926,,,
1786043789587084037,1786043789.586210809,/novatel/oem7/inspva,/novatel/oem7/inspva,/novatel/oem7/inspva,39.663,-75.756,-1.800612760,0.001395855,0.000754318,0.001298879,0.000511200,0.000754318,,novatel_oem7_msgs.msg.InertialSolutionStatus(status=3),
1786043789588956389,1786043789.586504985,/novatel/oem7/fix,/novatel/oem7/fix,/novatel/oem7/inspva,39.663,-75.756,-1.800612760,0.001395855,0.000754318,0.001298879,0.000511200,0.000754318,,0,
1786043789590507185,1786043789.587208589,/novatel/oem7/odom,/novatel/oem7/fix,/novatel/oem7/odom,39.663,-75.756,-1.800612760,0.001392864,0.000759827,0.000570930,0.001270476,0.000759827,,,
1786043789595259253,1786043789.594464509,/novatel/oem7/odom,/novatel/oem7/fix,/novatel/oem7/odom,39.663,-75.756,-1.800612760,0.001392864,0.000759827,0.000570930,0.001270476,0.000759827,,,
1786043789607272274,1786043789.606411159,/novatel/oem7/inspva,/novatel/oem7/inspva,/novatel/oem7/inspva,39.663,-75.756,-1.800607698,0.001074195,0.000900481,0.001049328,0.000229792,0.000900481,,novatel_oem7_msgs.msg.InertialSolutionStatus(status=3),
1786043789608916127,1786043789.606643357,/novatel/oem7/fix,/novatel/oem7/fix,/novatel/oem7/inspva,39.663,-75.756,-1.800607698,0.001074195,0.000900481,0.001049328,0.000229792,0.000900481,,0,
1786043789610018835,1786043789.607279434,/novatel/oem7/odom,/novatel/oem7/fix,/novatel/oem7/odom,39.663,-75.756,-1.800607698,0.001071004,0.000904273,0.000277191,0.001034512,0.000904273,,,
1786043789611833960,1786043789.610348152,/novatel/oem7/bestpos,/novatel/oem7/bestpos,/novatel/oem7/odom,39.663,-75.756,33.181816933,0.001071004,0.000904273,0.000277191,0.001034512,0.000904273,,novatel_oem7_msgs.msg.SolutionStatus(status=0),novatel_oem7_msgs.msg.PositionOrVelocityType(type=53)
1786043789612750929,1786043789.610815863,/novatel/oem7/bestvel,/novatel/oem7/bestpos,/novatel/oem7/bestvel,39.663,-75.756,33.181816933,0.001221932,0.000754574,,,,18.666625577,novatel_oem7_msgs.msg.SolutionStatus(status=0),novatel_oem7_msgs.msg.PositionOrVelocityType(type=53)
1786043789616494734,1786043789.615539577,/novatel/oem7/odom,/novatel/oem7/bestpos,/novatel/oem7/odom,39.663,-75.756,33.181816933,0.001071004,0.000904273,0.000277191,0.001034512,0.000904273,,,
1786043789625837851,1786043789.625049540,/novatel/oem7/inspva,/novatel/oem7/inspva,/novatel/oem7/inspva,39.663,-75.756,-1.800608596,0.001450297,0.000564216,0.001354357,0.000518728,0.000564216,,novatel_oem7_msgs.msg.InertialSolutionStatus(status=3),
1786043789627604482,1786043789.625272392,/novatel/oem7/fix,/novatel/oem7/fix,/novatel/oem7/inspva,39.663,-75.756,-1.800608596,0.001450297,0.000564216,0.001354357,0.000518728,0.000564216,,0,
1786043789628871205,1786043789.625915925,/novatel/oem7/odom,/novatel/oem7/fix,/novatel/oem7/odom,39.663,-75.756,-1.800608596,0.001448077,0.000569891,0.000581851,0.001326037,0.000569891,,,
1786043789635352480,1786043789.634530328,/novatel/oem7/odom,/novatel/oem7/fix,/novatel/oem7/odom,39.663,-75.756,-1.800608596,0.001448077,0.000569891,0.000581851,0.001326037,0.000569891,,,
1786043789647606234,1786043789.646585440,/novatel/oem7/inspva,/novatel/oem7/inspva,/novatel/oem7/inspva,39.663,-75.756,-1.800599825,0.000930274,0.000978465,0.000874769,0.000316527,0.000978465,,novatel_oem7_msgs.msg.InertialSolutionStatus(status=3),
1786043789649513886,1786043789.646797102,/novatel/oem7/fix,/novatel/oem7/fix,/novatel/oem7/inspva,39.663,-75.756,-1.800599825,0.000930274,0.000978465,0.000874769,0.000316527,0.000978465,,0,
1786043789650816256,1786043789.647529763,/novatel/oem7/odom,/novatel/oem7/fix,/novatel/oem7/odom,39.663,-75.756,-1.800599825,0.000926490,0.000982049,0.000355073,0.000855750,0.000982049,,,
1786043789657541734,1786043789.656662285,/novatel/oem7/odom,/novatel/oem7/fix,/novatel/oem7/odom,39.663,-75.756,-1.800599825,0.000926490,0.000982049,0.000355073,0.000855750,0.000982049,,,
1786043789665715142,1786043789.664958911,/novatel/oem7/inspva,/novatel/oem7/inspva,/novatel/oem7/inspva,39.663,-75.756,-1.800598747,0.001359625,0.000931102,0.001264223,0.000500318,0.000931102,,novatel_oem7_msgs.msg.InertialSolutionStatus(status=3),
1786043789667459650,1786043789.665222091,/novatel/oem7/fix,/novatel/oem7/fix,/novatel/oem7/inspva,39.663,-75.756,-1.800598747,0.001359625,0.000931102,0.001264223,0.000500318,0.000931102,,0,
1786043789668812083,1786043789.665659872,/novatel/oem7/odom,/novatel/oem7/fix,/novatel/oem7/odom,39.663,-75.756,-1.800598747,0.001355945,0.000936453,0.000557721,0.001235934,0.000936453,,,
1786043789676376780,1786043789.675493924,/novatel/oem7/odom,/novatel/oem7/fix,/novatel/oem7/odom,39.663,-75.756,-1.800598747,0.001355945,0.000936453,0.000557721,0.001235934,0.000936453,,,
1786043789686374220,1786043789.685451331,/novatel/oem7/inspva,/novatel/oem7/inspva,/novatel/oem7/inspva,39.663,-75.756,-1.800593929,0.000759311,0.000684504,0.000604698,0.000459232,0.000684504,,novatel_oem7_msgs.msg.InertialSolutionStatus(status=3),
1786043789688300703,1786043789.685752674,/novatel/oem7/fix,/novatel/oem7/fix,/novatel/oem7/inspva,39.663,-75.756,-1.800593929,0.000759311,0.000684504,0.000604698,0.000459232,0.000684504,,0,
1786043789689660023,1786043789.686255616,/novatel/oem7/odom,/novatel/oem7/fix,/novatel/oem7/odom,39.663,-75.756,-1.800593929,0.000756288,0.000687842,0.000485546,0.000579842,0.000687842,,,
1786043789695928346,1786043789.695072908,/novatel/oem7/odom,/novatel/oem7/fix,/novatel/oem7/odom,39.663,-75.756,-1.800593929,0.000756288,0.000687842,0.000485546,0.000579842,0.000687842,,,
1786043789706725439,1786043789.705957084,/novatel/oem7/inspva,/novatel/oem7/inspva,/novatel/oem7/inspva,39.663,-75.756,-1.800589458,0.001060483,0.000720201,0.000983750,0.000396055,0.000720201,,novatel_oem7_msgs.msg.InertialSolutionStatus(status=3),
1786043789708321708,1786043789.706181733,/novatel/oem7/fix,/novatel/oem7/fix,/novatel/oem7/inspva,39.663,-75.756,-1.800589458,0.001060483,0.000720201,0.000983750,0.000396055,0.000720201,,0,
1786043789709502133,1786043789.706722175,/novatel/oem7/odom,/novatel/oem7/fix,/novatel/oem7/odom,39.663,-75.756,-1.800589458,0.001057633,0.000724380,0.000440736,0.000961425,0.000724380,,,
1786043789711010005,1786043789.709100979,/novatel/oem7/bestpos,/novatel/oem7/bestpos,/novatel/oem7/odom,39.663,-75.756,33.181840972,0.001057633,0.000724380,0.000440736,0.000961425,0.000724380,,novatel_oem7_msgs.msg.SolutionStatus(status=0),novatel_oem7_msgs.msg.PositionOrVelocityType(type=53)
1786043789712085553,1786043789.709502697,/novatel/oem7/bestvel,/novatel/oem7/bestpos,/novatel/oem7/bestvel,39.663,-75.756,33.181840972,0.000735083,0.000973159,,,,17.799492369,novatel_oem7_msgs.msg.SolutionStatus(status=0),novatel_oem7_msgs.msg.PositionOrVelocityType(type=53)
1786043789715151710,1786043789.714474727,/novatel/oem7/odom,/novatel/oem7/bestpos,/novatel/oem7/odom,39.663,-75.756,33.181840972,0.001057633,0.000724380,0.000440736,0.000961425,0.000724380,,,
1786043789725877468,1786043789.725311962,/novatel/oem7/inspva,/novatel/oem7/inspva,/novatel/oem7/inspva,39.663,-75.756,-1.800582216,0.000829019,0.000789290,0.000795331,0.000233926,0.000789290,,novatel_oem7_msgs.msg.InertialSolutionStatus(status=3),
1786043789727187588,1786043789.725524954,/novatel/oem7/fix,/novatel/oem7/fix,/novatel/oem7/inspva,39.663,-75.756,-1.800582216,0.000829019,0.000789290,0.000795331,0.000233926,0.000789290,,0,
1786043789728221872,1786043789.726111760,/novatel/oem7/odom,/novatel/oem7/fix,/novatel/oem7/odom,39.663,-75.756,-1.800582216,0.000826076,0.000792369,0.000269381,0.000780920,0.000792369,,,
1786043789736174045,1786043789.735540362,/novatel/oem7/odom,/novatel/oem7/fix,/novatel/oem7/odom,39.663,-75.756,-1.800582216,0.000826076,0.000792369,0.000269381,0.000780920,0.000792369,,,
1786043789745796148,1786043789.745251587,/novatel/oem7/inspva,/novatel/oem7/inspva,/novatel/oem7/inspva,39.663,-75.756,-1.800579189,0.001050016,0.000634652,0.000874691,0.000580903,0.000634652,,novatel_oem7_msgs.msg.InertialSolutionStatus(status=3),
1786043789747099588,1786043789.745435012,/novatel/oem7/fix,/novatel/oem7/fix,/novatel/oem7/inspva,39.663,-75.756,-1.800579189,0.001050016,0.000634652,0.000874691,0.000580903,0.000634652,,0,
1786043789748105552,1786043789.745840026,/novatel/oem7/odom,/novatel/oem7/fix,/novatel/oem7/odom,39.663,-75.756,-1.800579189,0.001047257,0.000639195,0.000620376,0.000843730,0.000639195,,,
1786043789756315668,1786043789.755669198,/novatel/oem7/odom,/novatel/oem7/fix,/novatel/oem7/odom,39.663,-75.756,-1.800579189,0.001047257,0.000639195,0.000620376,0.000843730,0.000639195,,,
1786043789767396083,1786043789.766664216,/novatel/oem7/inspva,/novatel/oem7/inspva,/novatel/oem7/inspva,39.663,-75.756,-1.800570766,0.000958850,0.000801446,0.000957796,-0.000044947,0.000801446,,novatel_oem7_msgs.msg.InertialSolutionStatus(status=3),
1786043789768845924,1786043789.766853467,/novatel/oem7/fix,/novatel/oem7/fix,/novatel/oem7/inspva,39.663,-75.756,-1.800570766,0.000958850,0.000801446,0.000957796,-0.000044947,0.000801446,,0,
1786043789770180628,1786043789.767170014,/novatel/oem7/odom,/novatel/oem7/fix,/novatel/oem7/odom,39.663,-75.756,-1.800570766,0.000956711,0.000803998,-0.000001310,0.000956710,0.000803998,,,
1786043789775736124,1786043789.775031940,/novatel/oem7/odom,/novatel/oem7/fix,/novatel/oem7/odom,39.663,-75.756,-1.800570766,0.000956711,0.000803998,-0.000001310,0.000956710,0.000803998,,,
1786043789785712274,1786043789.785142285,/novatel/oem7/inspva,/novatel/oem7/inspva,/novatel/oem7/inspva,39.663,-75.756,-1.800568180,0.000800406,0.000905801,0.000721479,0.000346581,0.000905801,,novatel_oem7_msgs.msg.InertialSolutionStatus(status=3),
1786043789787136218,1786043789.785309256,/novatel/oem7/fix,/novatel/oem7/fix,/novatel/oem7/inspva,39.663,-75.756,-1.800568180,0.000800406,0.000905801,0.000721479,0.000346581,0.000905801,,0,
1786043789788271530,1786043789.785635997,/novatel/oem7/odom,/novatel/oem7/fix,/novatel/oem7/odom,39.663,-75.756,-1.800568180,0.000796690,0.000909072,0.000377875,0.000701373,0.000909072,,,
1786043789796298964,1786043789.795567640,/novatel/oem7/odom,/novatel/oem7/fix,/novatel/oem7/odom,39.663,-75.756,-1.800568180,0.000796690,0.000909072,0.000377875,0.000701373,0.000909072,,,
1786043789807175290,1786043789.806502823,/novatel/oem7/inspva,/novatel/oem7/inspva,/novatel/oem7/inspva,39.663,-75.756,-1.800562316,0.000619051,0.000783899,0.000578468,0.000220452,0.000783899,,novatel_oem7_msgs.msg.InertialSolutionStatus(status=3),
1786043789808645708,1786043789.806668028,/novatel/oem7/fix,/novatel/oem7/fix,/novatel/oem7/inspva,39.663,-75.756,-1.800562316,0.000619051,0.000783899,0.000578468,0.000220452,0.000783899,,0,
1786043789809781847,1786043789.807094409,/novatel/oem7/odom,/novatel/oem7/fix,/novatel/oem7/odom,39.663,-75.756,-1.800562316,0.000615977,0.000786317,0.000245399,0.000564984,0.000786317,,,
1786043789811325942,1786043789.810265975,/novatel/oem7/bestpos,/novatel/oem7/bestpos,/novatel/oem7/odom,39.663,-75.756,33.181855042,0.000615977,0.000786317,0.000245399,0.000564984,0.000786317,,novatel_oem7_msgs.msg.SolutionStatus(status=0),novatel_oem7_msgs.msg.PositionOrVelocityType(type=53)
1786043789812341558,1786043789.810601118,/novatel/oem7/bestvel,/novatel/oem7/bestpos,/novatel/oem7/bestvel,39.663,-75.756,33.181855042,0.000614009,0.000808552,,,,14.609922346,novatel_oem7_msgs.msg.SolutionStatus(status=0),novatel_oem7_msgs.msg.PositionOrVelocityType(type=53)
1786043789815444260,1786043789.814719339,/novatel/oem7/odom,/novatel/oem7/bestpos,/novatel/oem7/odom,39.663,-75.756,33.181855042,0.000615977,0.000786317,0.000245399,0.000564984,0.000786317,,,
1786043789826631232,1786043789.825933185,/novatel/oem7/inspva,/novatel/oem7/inspva,/novatel/oem7/inspva,39.663,-75.756,-1.800560423,0.000690897,0.000674303,0.000558170,0.000407167,0.000674303,,novatel_oem7_msgs.msg.InertialSolutionStatus(status=3),
1786043789828003983,1786043789.826074030,/novatel/oem7/fix,/novatel/oem7/fix,/novatel/oem7/inspva,39.663,-75.756,-1.800560423,0.000690897,0.000674303,0.000558170,0.000407167,0.000674303,,0,
1786043789829081377,1786043789.826465308,/novatel/oem7/odom,/novatel/oem7/fix,/novatel/oem7/odom,39.663,-75.756,-1.800560423,0.000687931,0.000677329,0.000431313,0.000535927,0.000677329,,,
1786043789835435691,1786043789.834689077,/novatel/oem7/odom,/novatel/oem7/fix,/novatel/oem7/odom,39.663,-75.756,-1.800560423,0.000687931,0.000677329,0.000431313,0.000535927,0.000677329,,,
1786043789845813115,1786043789.845241927,/novatel/oem7/inspva,/novatel/oem7/inspva,/novatel/oem7/inspva,39.663,-75.756,-1.800552751,0.000663152,0.000756761,0.000647627,0.000142655,0.000756761,,novatel_oem7_msgs.msg.InertialSolutionStatus(status=3),
1786043789847207353,1786043789.845441522,/novatel/oem7/fix,/novatel/oem7/fix,/novatel/oem7/inspva,39.663,-75.756,-1.800552751,0.000663152,0.000756761,0.000647627,0.000142655,0.000756761,,0,
1786043789848363725,1786043789.845753535,/novatel/oem7/odom,/novatel/oem7/fix,/novatel/oem7/odom,39.663,-75.756,-1.800552751,0.000660473,0.000759101,0.000171156,0.000637911,0.000759101,,,
1786043789857039649,1786043789.856355712,/novatel/oem7/odom,/novatel/oem7/fix,/novatel/oem7/odom,39.663,-75.756,-1.800552751,0.000660473,0.000759101,0.000171156,0.000637911,0.000759101,,,
1786043789865730736,1786043789.865087263,/novatel/oem7/inspva,/novatel/oem7/inspva,/novatel/oem7/inspva,39.663,-75.756,-1.800547268,0.000434044,0.001018202,0.000336675,0.000273942,0.001018202,,novatel_oem7_msgs.msg.InertialSolutionStatus(status=3),
1786043789867106690,1786043789.865297279,/novatel/oem7/fix,/novatel/oem7/fix,/novatel/oem7/inspva,39.663,-75.756,-1.800547268,0.000434044,0.001018202,0.000336675,0.000273942,0.001018202,,0,
1786043789868255601,1786043789.865750643,/novatel/oem7/odom,/novatel/oem7/fix,/novatel/oem7/odom,39.663,-75.756,-1.800547268,0.000429514,0.001020121,0.000286216,0.000320255,0.001020121,,,
1786043789875165771,1786043789.874504301,/novatel/oem7/odom,/novatel/oem7/fix,/novatel/oem7/odom,39.663,-75.756,-1.800547268,0.000429514,0.001020121,0.000286216,0.000320255,0.001020121,,,
1786043789887102221,1786043789.886584476,/novatel/oem7/inspva,/novatel/oem7/inspva,/novatel/oem7/inspva,39.663,-75.756,-1.800537213,0.000586220,0.000999058,0.000471684,0.000348092,0.000999058,,novatel_oem7_msgs.msg.InertialSolutionStatus(status=3),
1786043789888483112,1786043789.886744744,/novatel/oem7/fix,/novatel/oem7/fix,/novatel/oem7/inspva,39.663,-75.756,-1.800537213,0.000586220,0.000999058,0.000471684,0.000348092,0.000999058,,0,
1786043789889550086,1786043789.887170746,/novatel/oem7/odom,/novatel/oem7/fix,/novatel/oem7/odom,39.663,-75.756,-1.800537213,0.000581826,0.001001623,0.000366904,0.000451557,0.001001623,,,
1786043789896194973,1786043789.895542836,/novatel/oem7/odom,/novatel/oem7/fix,/novatel/oem7/odom,39.663,-75.756,-1.800537213,0.000581826,0.001001623,0.000366904,0.000451557,0.001001623,,,
1786043789906393522,1786043789.905837614,/novatel/oem7/inspva,/novatel/oem7/inspva,/novatel/oem7/inspva,39.663,-75.756,-1.800530450,0.000420088,0.001233053,0.000319234,0.000273063,0.001233053,,novatel_oem7_msgs.msg.InertialSolutionStatus(status=3),
1786043789907815940,1786043789.906005018,/novatel/oem7/fix,/novatel/oem7/fix,/novatel/oem7/inspva,39.663,-75.756,-1.800530450,0.000420088,0.001233053,0.000319234,0.000273063,0.001233053,,0,
1786043789908944755,1786043789.906443040,/novatel/oem7/odom,/novatel/oem7/fix,/novatel/oem7/odom,39.663,-75.756,-1.800530450,0.000414573,0.001234918,0.000283681,0.000302318,0.001234918,,,
1786043789910503381,1786043789.909548884,/novatel/oem7/bestpos,/novatel/oem7/bestpos,/novatel/oem7/odom,39.663,-75.756,33.181881269,0.000414573,0.001234918,0.000283681,0.000302318,0.001234918,,novatel_oem7_msgs.msg.SolutionStatus(status=0),novatel_oem7_msgs.msg.PositionOrVelocityType(type=53)
1786043789912018849,1786043789.910375185,/novatel/oem7/bestvel,/novatel/oem7/bestpos,/novatel/oem7/bestvel,39.663,-75.756,33.181881269,0.000843611,0.001019033,,,,75.993863972,novatel_oem7_msgs.msg.SolutionStatus(status=0),novatel_oem7_msgs.msg.PositionOrVelocityType(type=53)
1786043789916246152,1786043789.915570558,/novatel/oem7/odom,/novatel/oem7/bestpos,/novatel/oem7/odom,39.663,-75.756,33.181881269,0.000414573,0.001234918,0.000283681,0.000302318,0.001234918,,,
1786043789926335253,1786043789.925818945,/novatel/oem7/inspva,/novatel/oem7/inspva,/novatel/oem7/inspva,39.663,-75.756,-1.800523610,0.000485877,0.000763117,0.000016956,0.000485581,0.000763117,,novatel_oem7_msgs.msg.InertialSolutionStatus(status=3),
1786043789927709877,1786043789.925982793,/novatel/oem7/fix,/novatel/oem7/fix,/novatel/oem7/inspva,39.663,-75.756,-1.800523610,0.000485877,0.000763117,0.000016956,0.000485581,0.000763117,,0,
1786043789928764734,1786043789.926504455,/novatel/oem7/odom,/novatel/oem7/fix,/novatel/oem7/odom,39.663,-75.756,-1.800523610,0.000483081,0.000764889,0.000483003,-0.000008687,0.000764889,,,
1786043789935393201,1786043789.934709771,/novatel/oem7/odom,/novatel/oem7/fix,/novatel/oem7/odom,39.663,-75.756,-1.800523610,0.000483081,0.000764889,0.000483003,-0.000008687,0.000764889,,,
1786043789946661005,1786043789.946095772,/novatel/oem7/inspva,/novatel/oem7/inspva,/novatel/oem7/inspva,39.663,-75.756,-1.800514243,0.000445584,0.000977939,-0.000002638,0.000445576,0.000977939,,novatel_oem7_msgs.msg.InertialSolutionStatus(status=3),
1786043789948069145,1786043789.946259127,/novatel/oem7/fix,/novatel/oem7/fix,/novatel/oem7/inspva,39.663,-75.756,-1.800514243,0.000445584,0.000977939,-0.000002638,0.000445576,0.000977939,,0,
1786043789949215537,1786043789.946846243,/novatel/oem7/odom,/novatel/oem7/fix,/novatel/oem7/odom,39.663,-75.756,-1.800514243,0.000442114,0.000979512,0.000441296,-0.000026884,0.000979512,,,
1786043789956558417,1786043789.955876941,/novatel/oem7/odom,/novatel/oem7/fix,/novatel/oem7/odom,39.663,-75.756,-1.800514243,0.000442114,0.000979512,0.000441296,-0.000026884,0.000979512,,,
1786043789966966662,1786043789.966214048,/novatel/oem7/inspva,/novatel/oem7/inspva,/novatel/oem7/inspva,39.663,-75.756,-1.800504812,0.000184715,0.000877909,0.000162027,0.000088696,0.000877909,,novatel_oem7_msgs.msg.InertialSolutionStatus(status=3),
1786043789968398430,1786043789.966388276,/novatel/oem7/fix,/novatel/oem7/fix,/novatel/oem7/inspva,39.663,-75.756,-1.800504812,0.000184715,0.000877909,0.000162027,0.000088696,0.000877909,,0,
1786043789969456614,1786043789.966911042,/novatel/oem7/odom,/novatel/oem7/fix,/novatel/oem7/odom,39.663,-75.756,-1.800504812,0.000181039,0.000878675,0.000093211,0.000155199,0.000878675,,,
1786043789976071507,1786043789.975385430,/novatel/oem7/odom,/novatel/oem7/fix,/novatel/oem7/odom,39.663,-75.756,-1.800504812,0.000181039,0.000878675,0.000093211,0.000155199,0.000878675,,,
1786043789986864533,1786043789.986207793,/novatel/oem7/inspva,/novatel/oem7/inspva,/novatel/oem7/inspva,39.663,-75.756,-1.800496233,0.000005689,0.000879850,0.000004403,0.000003603,0.000879850,,novatel_oem7_msgs.msg.InertialSolutionStatus(status=3),
1786043789988291367,1786043789.986376218,/novatel/oem7/fix,/novatel/oem7/fix,/novatel/oem7/inspva,39.663,-75.756,-1.800496233,0.000005689,0.000879850,0.000004403,0.000003603,0.000879850,,0,
1786043789989445545,1786043789.986735171,/novatel/oem7/odom,/novatel/oem7/fix,/novatel/oem7/odom,39.663,-75.756,-1.800496233,0.000001979,0.000879866,0.000000552,0.000001900,0.000879866,,,
1786043789995009678,1786043789.994304157,/novatel/oem7/odom,/novatel/oem7/fix,/novatel/oem7/odom,39.663,-75.756,-1.800496233,0.000001979,0.000879866,0.000000552,0.000001900,0.000879866,,,
1786043790009080136,1786043790.008415456,/novatel/oem7/inspva,/novatel/oem7/inspva,/novatel/oem7/inspva,39.663,-75.756,-1.800480470,0.000198283,0.001446449,0.000192178,-0.000048824,0.001446449,,novatel_oem7_msgs.msg.InertialSolutionStatus(status=3),
1786043790010502177,1786043790.008627492,/novatel/oem7/fix,/novatel/oem7/fix,/novatel/oem7/inspva,39.663,-75.756,-1.800480470,0.000198283,0.001446449,0.000192178,-0.000048824,0.001446449,,0,
1786043790011534551,1786043790.009903584,/novatel/oem7/odom,/novatel/oem7/fix,/novatel/oem7/odom,39.663,-75.756,-1.800480470,0.000195694,0.001446802,-0.000044786,0.000190500,0.001446802,,,
1786043790017600449,1786043790.016911808,/novatel/oem7/odom,/novatel/oem7/fix,/novatel/oem7/odom,39.663,-75.756,-1.800480470,0.000195694,0.001446802,-0.000044786,0.000190500,0.001446802,,,
1786043790027540325,1786043790.026894113,/novatel/oem7/bestpos,/novatel/oem7/bestpos,/novatel/oem7/odom,39.663,-75.756,33.181928833,0.000195694,0.001446802,-0.000044786,0.000190500,0.001446802,,novatel_oem7_msgs.msg.SolutionStatus(status=0),novatel_oem7_msgs.msg.PositionOrVelocityType(type=53)
1786043790029104085,1786043790.027266963,/novatel/oem7/bestvel,/novatel/oem7/bestpos,/novatel/oem7/bestvel,39.663,-75.756,33.181928833,0.000385330,0.001341941,,,,351.259771469,novatel_oem7_msgs.msg.SolutionStatus(status=0),novatel_oem7_msgs.msg.PositionOrVelocityType(type=53)
1786043790029989067,1786043790.027852095,/novatel/oem7/inspva,/novatel/oem7/inspva,/novatel/oem7/inspva,39.663,-75.756,-1.800473590,0.000211836,0.001158226,-0.000147891,0.000151666,0.001158226,,novatel_oem7_msgs.msg.InertialSolutionStatus(status=3),
1786043790030779975,1786043790.028010977,/novatel/oem7/fix,/novatel/oem7/fix,/novatel/oem7/inspva,39.663,-75.756,-1.800473590,0.000211836,0.001158226,-0.000147891,0.000151666,0.001158226,,0,
1786043790031930933,1786043790.028324133,/novatel/oem7/odom,/novatel/oem7/fix,/novatel/oem7/odom,39.663,-75.756,-1.800473590,0.000211214,0.001158339,0.000139996,-0.000158153,0.001158339,,,
1786043790036094355,1786043790.035408421,/novatel/oem7/odom,/novatel/oem7/fix,/novatel/oem7/odom,39.663,-75.756,-1.800473590,0.000211214,0.001158339,0.000139996,-0.000158153,0.001158339,,,
1786043790046098709,1786043790.045494276,/novatel/oem7/inspva,/novatel/oem7/inspva,/novatel/oem7/inspva,39.663,-75.756,-1.800480912,0.000095648,0.000934996,-0.000095572,0.000003819,0.000934996,,novatel_oem7_msgs.msg.InertialSolutionStatus(status=3),
1786043790047508170,1786043790.045676892,/novatel/oem7/fix,/novatel/oem7/fix,/novatel/oem7/inspva,39.663,-75.756,-1.800480912,0.000095648,0.000934996,-0.000095572,0.000003819,0.000934996,,0,
1786043790048534380,1786043790.046211750,/novatel/oem7/odom,/novatel/oem7/fix,/novatel/oem7/odom,39.663,-75.756,-1.800480912,0.000098206,0.000934731,-0.000004292,-0.000098112,0.000934731,,,
1786043790057291462,1786043790.056623042,/novatel/oem7/odom,/novatel/oem7/fix,/novatel/oem7/odom,39.663,-75.756,-1.800480912,0.000098206,0.000934731,-0.000004292,-0.000098112,0.000934731,,,
1786043790066924252,1786043790.066328573,/novatel/oem7/inspva,/novatel/oem7/inspva,/novatel/oem7/inspva,39.663,-75.756,-1.800489846,0.000316779,0.001046072,-0.000304966,0.000085698,0.001046072,,novatel_oem7_msgs.msg.InertialSolutionStatus(status=3),
1786043790068299096,1786043790.066527725,/novatel/oem7/fix,/novatel/oem7/fix,/novatel/oem7/inspva,39.663,-75.756,-1.800489846,0.000316779,0.001046072,-0.000304966,0.000085698,0.001046072,,0,
1786043790069317216,1786043790.066937159,/novatel/oem7/odom,/novatel/oem7/fix,/novatel/oem7/odom,39.663,-75.756,-1.800489846,0.000318640,0.001045507,0.000066896,-0.000311539,0.001045507,,,
1786043790076311586,1786043790.075629646,/novatel/oem7/odom,/novatel/oem7/fix,/novatel/oem7/odom,39.663,-75.756,-1.800489846,0.000318640,0.001045507,0.000066896,-0.000311539,0.001045507,,,
1786043790085904170,1786043790.085343957,/novatel/oem7/inspva,/novatel/oem7/inspva,/novatel/oem7/inspva,39.663,-75.756,-1.800495138,0.000493207,0.001161541,0.000134053,-0.000474639,0.001161541,,novatel_oem7_msgs.msg.InertialSolutionStatus(status=3),
1786043790087305231,1786043790.085538693,/novatel/oem7/fix,/novatel/oem7/fix,/novatel/oem7/inspva,39.663,-75.756,-1.800495138,0.000493207,0.001161541,0.000134053,-0.000474639,0.001161541,,0,
1786043790088327331,1786043790.086102259,/novatel/oem7/odom,/novatel/oem7/fix,/novatel/oem7/odom,39.663,-75.756,-1.800495138,0.000496322,0.001160213,-0.000471863,0.000153889,0.001160213,,,
1786043790095744912,1786043790.095058872,/novatel/oem7/odom,/novatel/oem7/fix,/novatel/oem7/odom,39.663,-75.756,-1.800495138,0.000496322,0.001160213,-0.000471863,0.000153889,0.001160213,,,
1786043790106525310,1786043790.105847421,/novatel/oem7/inspva,/novatel/oem7/inspva,/novatel/oem7/inspva,39.663,-75.756,-1.800510435,0.000178899,0.000698506,-0.000027863,-0.000176716,0.000698506,,novatel_oem7_msgs.msg.InertialSolutionStatus(status=3),
1786043790107929528,1786043790.106030669,/novatel/oem7/fix,/novatel/oem7/fix,/novatel/oem7/inspva,39.663,-75.756,-1.800510435,0.000178899,0.000698506,-0.000027863,-0.000176716,0.000698506,,0,
1786043790108971729,1786043790.106628548,/novatel/oem7/odom,/novatel/oem7/fix,/novatel/oem7/odom,39.663,-75.756,-1.800510435,0.000181671,0.000697790,-0.000180443,-0.000021088,0.000697790,,,
1786043790110456914,1786043790.109492890,/novatel/oem7/bestpos,/novatel/oem7/bestpos,/novatel/oem7/odom,39.663,-75.756,33.181898811,0.000181671,0.000697790,-0.000180443,-0.000021088,0.000697790,,novatel_oem7_msgs.msg.SolutionStatus(status=0),novatel_oem7_msgs.msg.PositionOrVelocityType(type=53)
1786043790111834491,1786043790.110328919,/novatel/oem7/bestvel,/novatel/oem7/bestpos,/novatel/oem7/bestvel,39.663,-75.756,33.181898811,0.000314128,0.000831233,,,,231.756890724,novatel_oem7_msgs.msg.SolutionStatus(status=0),novatel_oem7_msgs.msg.PositionOrVelocityType(type=53)
1786043790115014070,1786043790.114297863,/novatel/oem7/odom,/novatel/oem7/bestpos,/novatel/oem7/odom,39.663,-75.756,33.181898811,0.000181671,0.000697790,-0.000180443,-0.000021088,0.000697790,,,
1786043790125591096,1786043790.124951363,/novatel/oem7/inspva,/novatel/oem7/inspva,/novatel/oem7/inspva,39.663,-75.756,-1.800517430,0.000802688,0.001017237,0.000666625,-0.000447123,0.001017237,,novatel_oem7_msgs.msg.InertialSolutionStatus(status=3),
1786043790126999177,1786043790.125121005,/novatel/oem7/fix,/novatel/oem7/fix,/novatel/oem7/inspva,39.663,-75.756,-1.800517430,0.000802688,0.001017237,0.000666625,-0.000447123,0.001017237,,0,
1786043790128045707,1786043790.125734241,/novatel/oem7/odom,/novatel/oem7/fix,/novatel/oem7/odom,39.663,-75.756,-1.800517430,0.000802349,0.001017504,-0.000417987,0.000684873,0.001017504,,,
1786043790136143726,1786043790.135401265,/novatel/oem7/odom,/novatel/oem7/fix,/novatel/oem7/odom,39.663,-75.756,-1.800517430,0.000802349,0.001017504,-0.000417987,0.000684873,0.001017504,,,
1786043790145549083,1786043790.144876181,/novatel/oem7/inspva,/novatel/oem7/inspva,/novatel/oem7/inspva,39.663,-75.756,-1.800534346,0.000640502,0.000813557,0.000590405,-0.000248325,0.000813557,,novatel_oem7_msgs.msg.InertialSolutionStatus(status=3),
1786043790146924901,1786043790.145051678,/novatel/oem7/fix,/novatel/oem7/fix,/novatel/oem7/inspva,39.663,-75.756,-1.800534346,0.000640502,0.000813557,0.000590405,-0.000248325,0.000813557,,0,
1786043790147993112,1786043790.145536320,/novatel/oem7/odom,/novatel/oem7/fix,/novatel/oem7/odom,39.663,-75.756,-1.800534346,0.000639522,0.000814328,-0.000222360,0.000599620,0.000814328,,,
1786043790156308492,1786043790.155600012,/novatel/oem7/odom,/novatel/oem7/fix,/novatel/oem7/odom,39.663,-75.756,-1.800534346,0.000639522,0.000814328,-0.000222360,0.000599620,0.000814328,,,
1786043790167113064,1786043790.166474934,/novatel/oem7/inspva,/novatel/oem7/inspva,/novatel/oem7/inspva,39.663,-75.756,-1.800545078,0.000439407,0.000664657,0.000403473,-0.000174032,0.000664657,,novatel_oem7_msgs.msg.InertialSolutionStatus(status=3),
1786043790168537242,1786043790.166650953,/novatel/oem7/fix,/novatel/oem7/fix,/novatel/oem7/inspva,39.663,-75.756,-1.800545078,0.000439407,0.000664657,0.000403473,-0.000174032,0.000664657,,0,
1786043790169573992,1786043790.167227009,/novatel/oem7/odom,/novatel/oem7/fix,/novatel/oem7/odom,39.663,-75.756,-1.800545078,0.000438635,0.000665167,-0.000156682,0.000409696,0.000665167,,,
1786043790175365901,1786043790.174663573,/novatel/oem7/odom,/novatel/oem7/fix,/novatel/oem7/odom,39.663,-75.756,-1.800545078,0.000438635,0.000665167,-0.000156682,0.000409696,0.000665167,,,
1786043790185899604,1786043790.185225260,/novatel/oem7/inspva,/novatel/oem7/inspva,/novatel/oem7/inspva,39.663,-75.756,-1.800559666,0.000456019,0.000724033,0.000436341,-0.000132515,0.000724033,,novatel_oem7_msgs.msg.InertialSolutionStatus(status=3),
1786043790187225860,1786043790.185392178,/novatel/oem7/fix,/novatel/oem7/fix,/novatel/oem7/inspva,39.663,-75.756,-1.800559666,0.000456019,0.000724033,0.000436341,-0.000132515,0.000724033,,0,
1786043790188247950,1786043790.185731828,/novatel/oem7/odom,/novatel/oem7/fix,/novatel/oem7/odom,39.663,-75.756,-1.800559666,0.000454827,0.000724782,-0.000113836,0.000440351,0.000724782,,,
1786043790196280528,1786043790.195575084,/novatel/oem7/odom,/novatel/oem7/fix,/novatel/oem7/odom,39.663,-75.756,-1.800559666,0.000454827,0.000724782,-0.000113836,0.000440351,0.000724782,,,
1786043790207104880,1786043790.206441000,/novatel/oem7/inspva,/novatel/oem7/inspva,/novatel/oem7/inspva,39.663,-75.756,-1.800566020,0.000468242,0.001087389,0.000455769,0.000107357,0.001087389,,novatel_oem7_msgs.msg.InertialSolutionStatus(status=3),
1786043790208493771,1786043790.206646963,/novatel/oem7/fix,/novatel/oem7/fix,/novatel/oem7/inspva,39.663,-75.756,-1.800566020,0.000468242,0.001087389,0.000455769,0.000107357,0.001087389,,0,
1786043790209523621,1786043790.207108413,/novatel/oem7/odom,/novatel/oem7/fix,/novatel/oem7/odom,39.663,-75.756,-1.800566020,0.000464358,0.001089053,0.000125348,0.000447120,0.001089053,,,
1786043790210971792,1786043790.210294279,/novatel/oem7/bestpos,/novatel/oem7/bestpos,/novatel/oem7/odom,39.663,-75.756,33.181833223,0.000464358,0.001089053,0.000125348,0.000447120,0.001089053,,novatel_oem7_msgs.msg.SolutionStatus(status=0),novatel_oem7_msgs.msg.PositionOrVelocityType(type=53)
1786043790212345146,1786043790.210693993,/novatel/oem7/bestvel,/novatel/oem7/bestpos,/novatel/oem7/bestvel,39.663,-75.756,33.181833223,0.000745725,0.000946420,,,,4.359356124,novatel_oem7_msgs.msg.SolutionStatus(status=0),novatel_oem7_msgs.msg.PositionOrVelocityType(type=53)
1786043790215834901,1786043790.215151251,/novatel/oem7/odom,/novatel/oem7/bestpos,/novatel/oem7/odom,39.663,-75.756,33.181833223,0.000464358,0.001089053,0.000125348,0.000447120,0.001089053,,,
1786043790226070918,1786043790.225412945,/novatel/oem7/inspva,/novatel/oem7/inspva,/novatel/oem7/inspva,39.663,-75.756,-1.800583337,0.000639922,0.000682262,0.000605724,-0.000206395,0.000682262,,novatel_oem7_msgs.msg.InertialSolutionStatus(status=3),
1786043790227451018,1786043790.225623910,/novatel/oem7/fix,/novatel/oem7/fix,/novatel/oem7/inspva,39.663,-75.756,-1.800583337,0.000639922,0.000682262,0.000605724,-0.000206395,0.000682262,,0,
1786043790228479962,1786043790.225987660,/novatel/oem7/odom,/novatel/oem7/fix,/novatel/oem7/odom,39.663,-75.756,-1.800583337,0.000638887,0.000683232,-0.000179249,0.000613226,0.000683232,,,
1786043790235215750,1786043790.234533420,/novatel/oem7/odom,/novatel/oem7/fix,/novatel/oem7/odom,39.663,-75.756,-1.800583337,0.000638887,0.000683232,-0.000179249,0.000613226,0.000683232,,,
1786043790245905971,1786043790.245253611,/novatel/oem7/inspva,/novatel/oem7/inspva,/novatel/oem7/inspva,39.663,-75.756,-1.800591969,0.000935477,0.000697658,0.000929417,-0.000106306,0.000697658,,novatel_oem7_msgs.msg.InertialSolutionStatus(status=3),
1786043790247288108,1786043790.245442503,/novatel/oem7/fix,/novatel/oem7/fix,/novatel/oem7/inspva,39.663,-75.756,-1.800591969,0.000935477,0.000697658,0.000929417,-0.000106306,0.000697658,,0,
1786043790248356989,1786043790.246247188,/novatel/oem7/odom,/novatel/oem7/fix,/novatel/oem7/odom,39.663,-75.756,-1.800591969,0.000933797,0.000699904,-0.000063602,0.000931629,0.000699904,,,
1786043790256921092,1786043790.256227478,/novatel/oem7/odom,/novatel/oem7/fix,/novatel/oem7/odom,39.663,-75.756,-1.800591969,0.000933797,0.000699904,-0.000063602,0.000931629,0.000699904,,,
1786043790265502695,1786043790.264891312,/novatel/oem7/inspva,/novatel/oem7/inspva,/novatel/oem7/inspva,39.663,-75.756,-1.800607708,0.000946359,0.000607898,0.000876514,-0.000356817,0.000607898,,novatel_oem7_msgs.msg.InertialSolutionStatus(status=3),
1786043790266885619,1786043790.265061354,/novatel/oem7/fix,/novatel/oem7/fix,/novatel/oem7/inspva,39.663,-75.756,-1.800607708,0.000946359,0.000607898,0.000876514,-0.000356817,0.000607898,,0,
1786043790267957786,1786043790.265471215,/novatel/oem7/odom,/novatel/oem7/fix,/novatel/oem7/odom,39.663,-75.756,-1.800607708,0.000945595,0.000609086,-0.000316054,0.000891213,0.000609086,,,
1786043790275052465,1786043790.274354781,/novatel/oem7/odom,/novatel/oem7/fix,/novatel/oem7/odom,39.663,-75.756,-1.800607708,0.000945595,0.000609086,-0.000316054,0.000891213,0.000609086,,,
1786043790287056678,1786043790.286500280,/novatel/oem7/inspva,/novatel/oem7/inspva,/novatel/oem7/inspva,39.663,-75.756,-1.800617434,0.000707159,0.000741174,0.000704954,0.000055804,0.000741174,,novatel_oem7_msgs.msg.InertialSolutionStatus(status=3),
1786043790288549667,1786043790.286665748,/novatel/oem7/fix,/novatel/oem7/fix,/novatel/oem7/inspva,39.663,-75.756,-1.800617434,0.000707159,0.000741174,0.000704954,0.000055804,0.000741174,,0,
1786043790289686349,1786043790.286988392,/novatel/oem7/odom,/novatel/oem7/fix,/novatel/oem7/odom,39.663,-75.756,-1.800617434,0.000704866,0.000743355,0.000087247,0.000699446,0.000743355,,,
1786043790295880154,1786043790.295124857,/novatel/oem7/odom,/novatel/oem7/fix,/novatel/oem7/odom,39.663,-75.756,-1.800617434,0.000704866,0.000743355,0.000087247,0.000699446,0.000743355,,,
1786043790306530641,1786043790.305874698,/novatel/oem7/inspva,/novatel/oem7/inspva,/novatel/oem7/inspva,39.663,-75.756,-1.800633696,0.000775704,0.000530184,0.000754397,0.000180558,0.000530184,,novatel_oem7_msgs.msg.InertialSolutionStatus(status=3),
1786043790307915585,1786043790.306048063,/novatel/oem7/fix,/novatel/oem7/fix,/novatel/oem7/inspva,39.663,-75.756,-1.800633696,0.000775704,0.000530184,0.000754397,0.000180558,0.000530184,,0,
1786043790308987749,1786043790.306556535,/novatel/oem7/odom,/novatel/oem7/fix,/novatel/oem7/odom,39.663,-75.756,-1.800633696,0.000773801,0.000532956,0.000215036,0.000743322,0.000532956,,,
1786043790310477304,1786043790.309485428,/novatel/oem7/bestpos,/novatel/oem7/bestpos,/novatel/oem7/odom,39.663,-75.756,33.181767645,0.000773801,0.000532956,0.000215036,0.000743322,0.000532956,,novatel_oem7_msgs.msg.SolutionStatus(status=0),novatel_oem7_msgs.msg.PositionOrVelocityType(type=53)
1786043790311884678,1786043790.310247262,/novatel/oem7/bestvel,/novatel/oem7/bestpos,/novatel/oem7/bestvel,39.663,-75.756,33.181767645,0.000699965,0.000593796,,,,10.926197076,novatel_oem7_msgs.msg.SolutionStatus(status=0),novatel_oem7_msgs.msg.PositionOrVelocityType(type=53)
1786043790316104075,1786043790.315363210,/novatel/oem7/odom,/novatel/oem7/bestpos,/novatel/oem7/odom,39.663,-75.756,33.181767645,0.000773801,0.000532956,0.000215036,0.000743322,0.000532956,,,
1786043790326099105,1786043790.325373918,/novatel/oem7/inspva,/novatel/oem7/inspva,/novatel/oem7/inspva,39.663,-75.756,-1.800646521,0.000563262,0.000328348,0.000553671,0.000103499,0.000328348,,novatel_oem7_msgs.msg.InertialSolutionStatus(status=3),
1786043790327561840,1786043790.325565543,/novatel/oem7/fix,/novatel/oem7/fix,/novatel/oem7/inspva,39.663,-75.756,-1.800646521,0.000563262,0.000328348,0.000553671,0.000103499,0.000328348,,0,
1786043790328636527,1786043790.326226100,/novatel/oem7/odom,/novatel/oem7/fix,/novatel/oem7/odom,39.663,-75.756,-1.800646521,0.000562129,0.000330284,0.000129063,0.000547112,0.000330284,,,
1786043790335729786,1786043790.334968575,/novatel/oem7/odom,/novatel/oem7/fix,/novatel/oem7/odom,39.663,-75.756,-1.800646521,0.000562129,0.000330284,0.000129063,0.000547112,0.000330284,,,
1786043790346781880,1786043790.346132363,/novatel/oem7/inspva,/novatel/oem7/inspva,/novatel/oem7/inspva,39.663,-75.756,-1.800662084,0.000724589,0.000517344,0.000680195,0.000249728,0.000517344,,novatel_oem7_msgs.msg.InertialSolutionStatus(status=3),
1786043790348224321,1786043790.346301735,/novatel/oem7/fix,/novatel/oem7/fix,/novatel/oem7/inspva,39.663,-75.756,-1.800662084,0.000724589,0.000517344,0.000680195,0.000249728,0.000517344,,0,
1786043790349303229,1786043790.346903128,/novatel/oem7/odom,/novatel/oem7/fix,/novatel/oem7/odom,39.663,-75.756,-1.800662084,0.000722565,0.000520167,0.000280558,0.000665874,0.000520167,,,
1786043790356549662,1786043790.355778990,/novatel/oem7/odom,/novatel/oem7/fix,/novatel/oem7/odom,39.663,-75.756,-1.800662084,0.000722565,0.000520167,0.000280558,0.000665874,0.000520167,,,
1786043790366033647,1786043790.365307703,/novatel/oem7/inspva,/novatel/oem7/inspva,/novatel/oem7/inspva,39.663,-75.756,-1.800673547,0.000960229,0.000532797,0.000901189,0.000331509,0.000532797,,novatel_oem7_msgs.msg.InertialSolutionStatus(status=3),
1786043790367478072,1786043790.365528812,/novatel/oem7/fix,/novatel/oem7/fix,/novatel/oem7/inspva,39.663,-75.756,-1.800673547,0.000960229,0.000532797,0.000901189,0.000331509,0.000532797,,0,
1786043790368535949,1786043790.366189282,/novatel/oem7/odom,/novatel/oem7/fix,/novatel/oem7/odom,39.663,-75.756,-1.800673547,0.000958152,0.000536525,0.000372930,0.000882597,0.000536525,,,
1786043790376028924,1786043790.375257673,/novatel/oem7/odom,/novatel/oem7/fix,/novatel/oem7/odom,39.663,-75.756,-1.800673547,0.000958152,0.000536525,0.000372930,0.000882597,0.000536525,,,
1786043790385853103,1786043790.385170210,/novatel/oem7/inspva,/novatel/oem7/inspva,/novatel/oem7/inspva,39.663,-75.756,-1.800687980,0.000760224,0.000598260,0.000740871,0.000170442,0.000598260,,novatel_oem7_msgs.msg.InertialSolutionStatus(status=3),
1786043790387204987,1786043790.385366378,/novatel/oem7/fix,/novatel/oem7/fix,/novatel/oem7/inspva,39.663,-75.756,-1.800687980,0.000760224,0.000598260,0.000740871,0.000170442,0.000598260,,0,
1786043790388279835,1786043790.385715026,/novatel/oem7/odom,/novatel/oem7/fix,/novatel/oem7/odom,39.663,-75.756,-1.800687980,0.000758096,0.000600954,0.000204013,0.000730129,0.000600954,,,
1786043790395152864,1786043790.394391393,/novatel/oem7/odom,/novatel/oem7/fix,/novatel/oem7/odom,39.663,-75.756,-1.800687980,0.000758096,0.000600954,0.000204013,0.000730129,0.000600954,,,
1786043790407237449,1786043790.406591869,/novatel/oem7/inspva,/novatel/oem7/inspva,/novatel/oem7/inspva,39.663,-75.756,-1.800699290,0.000842137,0.000508333,0.000555555,0.000632892,0.000508333,,novatel_oem7_msgs.msg.InertialSolutionStatus(status=3),
1786043790408650543,1786043790.406764494,/novatel/oem7/fix,/novatel/oem7/fix,/novatel/oem7/inspva,39.663,-75.756,-1.800699290,0.000842137,0.000508333,0.000555555,0.000632892,0.000508333,,0,
1786043790409734571,1786043790.407282066,/novatel/oem7/odom,/novatel/oem7/fix,/novatel/oem7/odom,39.663,-75.756,-1.800699290,0.000839803,0.000512178,0.000657243,0.000522782,0.000512178,,,
1786043790411241119,1786043790.410480228,/novatel/oem7/bestpos,/novatel/oem7/bestpos,/novatel/oem7/odom,39.663,-75.756,33.181691750,0.000839803,0.000512178,0.000657243,0.000522782,0.000512178,,novatel_oem7_msgs.msg.SolutionStatus(status=0),novatel_oem7_msgs.msg.PositionOrVelocityType(type=53)
1786043790412667300,1786043790.410881772,/novatel/oem7/bestvel,/novatel/oem7/bestpos,/novatel/oem7/bestvel,39.663,-75.756,33.181691750,0.001186703,0.000245296,,,,33.381169449,novatel_oem7_msgs.msg.SolutionStatus(status=0),novatel_oem7_msgs.msg.PositionOrVelocityType(type=53)
1786043790415844735,1786043790.415105495,/novatel/oem7/odom,/novatel/oem7/bestpos,/novatel/oem7/odom,39.663,-75.756,33.181691750,0.000839803,0.000512178,0.000657243,0.000522782,0.000512178,,,
1786043790425723405,1786043790.425044042,/novatel/oem7/inspva,/novatel/oem7/inspva,/novatel/oem7/inspva,39.663,-75.756,-1.800714052,0.000679832,0.000756893,0.000534688,0.000419857,0.000756893,,novatel_oem7_msgs.msg.InertialSolutionStatus(status=3),
1786043790427078169,1786043790.425226734,/novatel/oem7/fix,/novatel/oem7/fix,/novatel/oem7/inspva,39.663,-75.756,-1.800714052,0.000679832,0.000756893,0.000534688,0.000419857,0.000756893,,0,
1786043790428144686,1786043790.425586197,/novatel/oem7/odom,/novatel/oem7/fix,/novatel/oem7/odom,39.663,-75.756,-1.800714052,0.000676456,0.000759911,0.000442518,0.000511635,0.000759911,,,
1786043790436147490,1786043790.435398799,/novatel/oem7/odom,/novatel/oem7/fix,/novatel/oem7/odom,39.663,-75.756,-1.800714052,0.000676456,0.000759911,0.000442518,0.000511635,0.000759911,,,
1786043790445928722,1786043790.445295949,/novatel/oem7/inspva,/novatel/oem7/inspva,/novatel/oem7/inspva,39.663,-75.756,-1.800730827,0.000737580,-0.000012766,0.000541527,0.000500772,-0.000012766,,novatel_oem7_msgs.msg.InertialSolutionStatus(status=3),
1786043790447346743,1786043790.445500241,/novatel/oem7/fix,/novatel/oem7/fix,/novatel/oem7/inspva,39.663,-75.756,-1.800730827,0.000737580,-0.000012766,0.000541527,0.000500772,-0.000012766,,0,
1786043790448415617,1786043790.446016509,/novatel/oem7/odom,/novatel/oem7/fix,/novatel/oem7/odom,39.663,-75.756,-1.800730827,0.000737630,-0.000009437,0.000526540,0.000516579,-0.000009437,,,
1786043790457323800,1786043790.456416728,/novatel/oem7/odom,/novatel/oem7/fix,/novatel/oem7/odom,39.663,-75.756,-1.800730827,0.000737630,-0.000009437,0.000526540,0.000516579,-0.000009437,,,
1786043790466799672,1786043790.466045698,/novatel/oem7/inspva,/novatel/oem7/inspva,/novatel/oem7/inspva,39.663,-75.756,-1.800743851,0.000554168,0.000386552,0.000499656,0.000239680,0.000386552,,novatel_oem7_msgs.msg.InertialSolutionStatus(status=3),
1786043790468458729,1786043790.466251457,/novatel/oem7/fix,/novatel/oem7/fix,/novatel/oem7/inspva,39.663,-75.756,-1.800743851,0.000554168,0.000386552,0.000499656,0.000239680,0.000386552,,0,
1786043790469700221,1786043790.466589336,/novatel/oem7/odom,/novatel/oem7/fix,/novatel/oem7/odom,39.663,-75.756,-1.800743851,0.000552576,0.000388825,0.000262247,0.000486382,0.000388825,,,
1786043790475485200,1786043790.474664781,/novatel/oem7/odom,/novatel/oem7/fix,/novatel/oem7/odom,39.663,-75.756,-1.800743851,0.000552576,0.000388825,0.000262247,0.000486382,0.000388825,,,
1786043790485858767,1786043790.485131777,/novatel/oem7/inspva,/novatel/oem7/inspva,/novatel/oem7/inspva,39.663,-75.756,-1.800758762,0.000683213,0.000315556,0.000571374,0.000374582,0.000315556,,novatel_oem7_msgs.msg.InertialSolutionStatus(status=3),
1786043790487567244,1786043790.485309915,/novatel/oem7/fix,/novatel/oem7/fix,/novatel/oem7/inspva,39.663,-75.756,-1.800758762,0.000683213,0.000315556,0.000571374,0.000374582,0.000315556,,0,
1786043790488787824,1786043790.485685432,/novatel/oem7/odom,/novatel/oem7/fix,/novatel/oem7/odom,39.663,-75.756,-1.800758762,0.000681836,0.000318520,0.000400733,0.000551646,0.000318520,,,
1786043790496264692,1786043790.495499581,/novatel/oem7/odom,/novatel/oem7/fix,/novatel/oem7/odom,39.663,-75.756,-1.800758762,0.000681836,0.000318520,0.000400733,0.000551646,0.000318520,,,
1786043790506822168,1786043790.506078778,/novatel/oem7/inspva,/novatel/oem7/inspva,/novatel/oem7/inspva,39.663,-75.756,-1.800777613,0.000767114,0.000221681,0.000760925,0.000097247,0.000221681,,novatel_oem7_msgs.msg.InertialSolutionStatus(status=3),
1786043790508297766,1786043790.506257053,/novatel/oem7/fix,/novatel/oem7/fix,/novatel/oem7/inspva,39.663,-75.756,-1.800777613,0.000767114,0.000221681,0.000760925,0.000097247,0.000221681,,0,
1786043790509534409,1786043790.506619169,/novatel/oem7/odom,/novatel/oem7/fix,/novatel/oem7/odom,39.663,-75.756,-1.800777613,0.000766383,0.000224197,0.000133289,0.000754703,0.000224197,,,
1786043790512834659,1786043790.512106058,/novatel/oem7/bestpos,/novatel/oem7/bestpos,/novatel/oem7/odom,39.663,-75.756,33.181609230,0.000766383,0.000224197,0.000133289,0.000754703,0.000224197,,novatel_oem7_msgs.msg.SolutionStatus(status=0),novatel_oem7_msgs.msg.PositionOrVelocityType(type=53)
1786043790514391358,1786043790.512572473,/novatel/oem7/bestvel,/novatel/oem7/bestpos,/novatel/oem7/bestvel,39.663,-75.756,33.181609230,0.000989258,0.000158194,,,,357.906217330,novatel_oem7_msgs.msg.SolutionStatus(status=0),novatel_oem7_msgs.msg.PositionOrVelocityType(type=53)
1786043790516383155,1786043790.514363744,/novatel/oem7/odom,/novatel/oem7/bestpos,/novatel/oem7/odom,39.663,-75.756,33.181609230,0.000766383,0.000224197,0.000133289,0.000754703,0.000224197,,,
1786043790527341738,1786043790.526579254,/novatel/oem7/inspva,/novatel/oem7/inspva,/novatel/oem7/inspva,39.663,-75.756,-1.800793517,0.000673944,0.000135483,0.000498008,0.000454079,0.000135483,,novatel_oem7_msgs.msg.InertialSolutionStatus(status=3),
1786043790528886807,1786043790.526739756,/novatel/oem7/fix,/novatel/oem7/fix,/novatel/oem7/inspva,39.663,-75.756,-1.800793517,0.000673944,0.000135483,0.000498008,0.000454079,0.000135483,,0,
1786043790530071586,1786043790.527203874,/novatel/oem7/odom,/novatel/oem7/fix,/novatel/oem7/odom,39.663,-75.756,-1.800793517,0.000673323,0.000138534,0.000477242,0.000474979,0.000138534,,,
1786043790535788853,1786043790.534961992,/novatel/oem7/odom,/novatel/oem7/fix,/novatel/oem7/odom,39.663,-75.756,-1.800793517,0.000673323,0.000138534,0.000477242,0.000474979,0.000138534,,,
1786043790545639409,1786043790.544869065,/novatel/oem7/inspva,/novatel/oem7/inspva,/novatel/oem7/inspva,39.663,-75.756,-1.800813620,0.000661447,0.000234217,0.000552983,0.000362936,0.000234217,,novatel_oem7_msgs.msg.InertialSolutionStatus(status=3),
1786043790547153951,1786043790.545037433,/novatel/oem7/fix,/novatel/oem7/fix,/novatel/oem7/inspva,39.663,-75.756,-1.800813620,0.000661447,0.000234217,0.000552983,0.000362936,0.000234217,,0,
1786043790548293586,1786043790.545471548,/novatel/oem7/odom,/novatel/oem7/fix,/novatel/oem7/odom,39.663,-75.756,-1.800813620,0.000660421,0.000237095,0.000388514,0.000534053,0.000237095,,,
1786043790556689557,1786043790.555859689,/novatel/oem7/odom,/novatel/oem7/fix,/novatel/oem7/odom,39.663,-75.756,-1.800813620,0.000660421,0.000237095,0.000388514,0.000534053,0.000237095,,,
1786043790566012957,1786043790.565294334,/novatel/oem7/inspva,/novatel/oem7/inspva,/novatel/oem7/inspva,39.663,-75.756,-1.800833372,0.000580554,-0.000202712,0.000523943,0.000250053,-0.000202712,,novatel_oem7_msgs.msg.InertialSolutionStatus(status=3),
1786043790567611290,1786043790.565519779,/novatel/oem7/fix,/novatel/oem7/fix,/novatel/oem7/inspva,39.663,-75.756,-1.800833372,0.000580554,-0.000202712,0.000523943,0.000250053,-0.000202712,,0,
1786043790568817286,1786043790.565951347,/novatel/oem7/odom,/novatel/oem7/fix,/novatel/oem7/odom,39.663,-75.756,-1.800833372,0.000581386,-0.000200314,0.000275981,0.000511707,-0.000200314,,,
1786043790576057099,1786043790.575306411,/novatel/oem7/odom,/novatel/oem7/fix,/novatel/oem7/odom,39.663,-75.756,-1.800833372,0.000581386,-0.000200314,0.000275981,0.000511707,-0.000200314,,,
1786043790586723640,1786043790.586044633,/novatel/oem7/inspva,/novatel/oem7/inspva,/novatel/oem7/inspva,39.663,-75.756,-1.800853751,0.000555268,-0.000145907,0.000484003,0.000272147,-0.000145907,,novatel_oem7_msgs.msg.InertialSolutionStatus(status=3),
1786043790588469574,1786043790.586217041,/novatel/oem7/fix,/novatel/oem7/fix,/novatel/oem7/inspva,39.663,-75.756,-1.800853751,0.000555268,-0.000145907,0.000484003,0.000272147,-0.000145907,,0,
1786043790589576495,1786043790.586608322,/novatel/oem7/odom,/novatel/oem7/fix,/novatel/oem7/odom,39.663,-75.756,-1.800853751,0.000555881,-0.000143552,0.000295896,0.000470585,-0.000143552,,,
1786043790595105340,1786043790.594317892,/novatel/oem7/odom,/novatel/oem7/fix,/novatel/oem7/odom,39.663,-75.756,-1.800853751,0.000555881,-0.000143552,0.000295896,0.000470585,-0.000143552,,,
1786043790606890159,1786043790.606234396,/novatel/oem7/inspva,/novatel/oem7/inspva,/novatel/oem7/inspva,39.663,-75.756,-1.800868557,0.000403080,0.000093722,0.000384476,0.000121043,0.000093722,,novatel_oem7_msgs.msg.InertialSolutionStatus(status=3),
1786043790608382238,1786043790.606406184,/novatel/oem7/fix,/novatel/oem7/fix,/novatel/oem7/inspva,39.663,-75.756,-1.800868557,0.000403080,0.000093722,0.000384476,0.000121043,0.000093722,,0,
1786043790609545510,1786043790.606950204,/novatel/oem7/odom,/novatel/oem7/fix,/novatel/oem7/odom,39.663,-75.756,-1.800868557,0.000402721,0.000095252,0.000139240,0.000377885,0.000095252,,,
1786043790611199479,1786043790.610231386,/novatel/oem7/bestpos,/novatel/oem7/bestpos,/novatel/oem7/odom,39.663,-75.756,33.181519816,0.000402721,0.000095252,0.000139240,0.000377885,0.000095252,,novatel_oem7_msgs.msg.SolutionStatus(status=0),novatel_oem7_msgs.msg.PositionOrVelocityType(type=53)
1786043790612223330,1786043790.610584850,/novatel/oem7/bestvel,/novatel/oem7/bestpos,/novatel/oem7/bestvel,39.663,-75.756,33.181519816,0.000345951,0.000143308,,,,13.079140166,novatel_oem7_msgs.msg.SolutionStatus(status=0),novatel_oem7_msgs.msg.PositionOrVelocityType(type=53)
1786043790616294048,1786043790.615508983,/novatel/oem7/odom,/novatel/oem7/bestpos,/novatel/oem7/odom,39.663,-75.756,33.181519816,0.000402721,0.000095252,0.000139240,0.000377885,0.000095252,,,
1786043790625837130,1786043790.625028932,/novatel/oem7/inspva,/novatel/oem7/inspva,/novatel/oem7/inspva,39.663,-75.756,-1.800891023,0.000612984,-0.000011973,0.000581395,0.000194241,-0.000011973,,novatel_oem7_msgs.msg.InertialSolutionStatus(status=3),
1786043790627340285,1786043790.625204057,/novatel/oem7/fix,/novatel/oem7/fix,/novatel/oem7/inspva,39.663,-75.756,-1.800891023,0.000612984,-0.000011973,0.000581395,0.000194241,-0.000011973,,0,
1786043790628550144,1786043790.625687578,/novatel/oem7/odom,/novatel/oem7/fix,/novatel/oem7/odom,39.663,-75.756,-1.800891023,0.000613026,-0.000009619,0.000222315,0.000571294,-0.000009619,,,
1786043790635402456,1786043790.634608025,/novatel/oem7/odom,/novatel/oem7/fix,/novatel/oem7/odom,39.663,-75.756,-1.800891023,0.000613026,-0.000009619,0.000222315,0.000571294,-0.000009619,,,
1786043790647401044,1786043790.646718530,/novatel/oem7/inspva,/novatel/oem7/inspva,/novatel/oem7/inspva,39.663,-75.756,-1.800909413,0.000550432,-0.000128865,0.000434677,0.000337686,-0.000128865,,novatel_oem7_msgs.msg.InertialSolutionStatus(status=3),
1786043790648997850,1786043790.646895892,/novatel/oem7/fix,/novatel/oem7/fix,/novatel/oem7/inspva,39.663,-75.756,-1.800909413,0.000550432,-0.000128865,0.000434677,0.000337686,-0.000128865,,0,
1786043790650231802,1786043790.647681690,/novatel/oem7/odom,/novatel/oem7/fix,/novatel/oem7/odom,39.663,-75.756,-1.800909413,0.000550999,-0.000126416,0.000358890,0.000418089,-0.000126416,,,
1786043790657052201,1786043790.656245366,/novatel/oem7/odom,/novatel/oem7/fix,/novatel/oem7/odom,39.663,-75.756,-1.800909413,0.000550999,-0.000126416,0.000358890,0.000418089,-0.000126416,,,
1786043790665902833,1786043790.665111195,/novatel/oem7/inspva,/novatel/oem7/inspva,/novatel/oem7/inspva,39.663,-75.756,-1.800931674,0.000712611,-0.000140659,0.000510446,0.000497251,-0.000140659,,novatel_oem7_msgs.msg.InertialSolutionStatus(status=3),
1786043790667499246,1786043790.665272051,/novatel/oem7/fix,/novatel/oem7/fix,/novatel/oem7/inspva,39.663,-75.756,-1.800931674,0.000712611,-0.000140659,0.000510446,0.000497251,-0.000140659,,0,
1786043790668719289,1786043790.665650075,/novatel/oem7/odom,/novatel/oem7/fix,/novatel/oem7/odom,39.663,-75.756,-1.800931674,0.000713242,-0.000137422,0.000521996,0.000486039,-0.000137422,,,
1786043790676526894,1786043790.675699022,/novatel/oem7/odom,/novatel/oem7/fix,/novatel/oem7/odom,39.663,-75.756,-1.800931674,0.000713242,-0.000137422,0.000521996,0.000486039,-0.000137422,,,
1786043790685979599,1786043790.685353649,/novatel/oem7/inspva,/novatel/oem7/inspva,/novatel/oem7/inspva,39.663,-75.756,-1.800950368,0.000249858,-0.000235331,0.000093537,0.000231689,-0.000235331,,novatel_oem7_msgs.msg.InertialSolutionStatus(status=3),
1786043790687618152,1786043790.685510351,/novatel/oem7/fix,/novatel/oem7/fix,/novatel/oem7/inspva,39.663,-75.756,-1.800950368,0.000249858,-0.000235331,0.000093537,0.000231689,-0.000235331,,0,
1786043790688775314,1786043790.686127471,/novatel/oem7/odom,/novatel/oem7/fix,/novatel/oem7/odom,39.663,-75.756,-1.800950368,0.000250887,-0.000234234,0.000236835,0.000082785,-0.000234234,,,
1786043790695465735,1786043790.694669860,/novatel/oem7/odom,/novatel/oem7/fix,/novatel/oem7/odom,39.663,-75.756,-1.800950368,0.000250887,-0.000234234,0.000236835,0.000082785,-0.000234234,,,
1786043790706568170,1786043790.705882633,/novatel/oem7/inspva,/novatel/oem7/inspva,/novatel/oem7/inspva,39.663,-75.756,-1.800974357,0.000530050,-0.000299287,0.000517803,0.000113281,-0.000299287,,novatel_oem7_msgs.msg.InertialSolutionStatus(status=3),
1786043790708155186,1786043790.706052285,/novatel/oem7/fix,/novatel/oem7/fix,/novatel/oem7/inspva,39.663,-75.756,-1.800974357,0.000530050,-0.000299287,0.000517803,0.000113281,-0.000299287,,0,
1786043790709503026,1786043790.706438535,/novatel/oem7/odom,/novatel/oem7/fix,/novatel/oem7/odom,39.663,-75.756,-1.800974357,0.000531110,-0.000297401,0.000139431,0.000512482,-0.000297401,,,
1786043790711240924,1786043790.709186416,/novatel/oem7/bestpos,/novatel/oem7/bestpos,/novatel/oem7/odom,39.663,-75.756,33.181413675,0.000531110,-0.000297401,0.000139431,0.000512482,-0.000297401,,novatel_oem7_msgs.msg.SolutionStatus(status=0),novatel_oem7_msgs.msg.PositionOrVelocityType(type=53)
1786043790712315778,1786043790.709597323,/novatel/oem7/bestvel,/novatel/oem7/bestpos,/novatel/oem7/bestvel,39.663,-75.756,33.181413675,0.000893319,-0.000517658,,,,7.962172099,novatel_oem7_msgs.msg.SolutionStatus(status=0),novatel_oem7_msgs.msg.PositionOrVelocityType(type=53)
1786043790715197167,1786043790.714378228,/novatel/oem7/odom,/novatel/oem7/bestpos,/novatel/oem7/odom,39.663,-75.756,33.181413675,0.000531110,-0.000297401,0.000139431,0.000512482,-0.000297401,,,
1786043790725834697,1786043790.725159300,/novatel/oem7/inspva,/novatel/oem7/inspva,/novatel/oem7/inspva,39.663,-75.756,-1.800992551,0.000428832,-0.000169310,0.000417938,-0.000096044,-0.000169310,,novatel_oem7_msgs.msg.InertialSolutionStatus(status=3),
1786043790727414973,1786043790.725324939,/novatel/oem7/fix,/novatel/oem7/fix,/novatel/oem7/inspva,39.663,-75.756,-1.800992551,0.000428832,-0.000169310,0.000417938,-0.000096044,-0.000169310,,0,
1786043790728628885,1786043790.725805360,/novatel/oem7/odom,/novatel/oem7/fix,/novatel/oem7/odom,39.663,-75.756,-1.800992551,0.000429164,-0.000168465,-0.000074984,0.000422563,-0.000168465,,,
1786043790736212008,1786043790.735471698,/novatel/oem7/odom,/novatel/oem7/fix,/novatel/oem7/odom,39.663,-75.756,-1.800992551,0.000429164,-0.000168465,-0.000074984,0.000422563,-0.000168465,,,
1786043790745776488,1786043790.745037150,/novatel/oem7/inspva,/novatel/oem7/inspva,/novatel/oem7/inspva,39.663,-75.756,-1.801018634,0.000749257,-0.000360322,0.000749024,-0.000018710,-0.000360322,,novatel_oem7_msgs.msg.InertialSolutionStatus(status=3),
1786043790747295643,1786043790.745202622,/novatel/oem7/fix,/novatel/oem7/fix,/novatel/oem7/inspva,39.663,-75.756,-1.801018634,0.000749257,-0.000360322,0.000749024,-0.000018710,-0.000360322,,0,
1786043790748485065,1786043790.745611286,/novatel/oem7/odom,/novatel/oem7/fix,/novatel/oem7/odom,39.663,-75.756,-1.801018634,0.000750249,-0.000358252,0.000019062,0.000750007,-0.000358252,,,
1786043790756456432,1786043790.755634181,/novatel/oem7/odom,/novatel/oem7/fix,/novatel/oem7/odom,39.663,-75.756,-1.801018634,0.000750249,-0.000358252,0.000019062,0.000750007,-0.000358252,,,
1786043790767357832,1786043790.766620834,/novatel/oem7/inspva,/novatel/oem7/inspva,/novatel/oem7/inspva,39.663,-75.756,-1.801038842,0.000483901,-0.000239532,0.000483163,0.000026712,-0.000239532,,novatel_oem7_msgs.msg.InertialSolutionStatus(status=3),
1786043790769020982,1786043790.766796839,/novatel/oem7/fix,/novatel/oem7/fix,/novatel/oem7/inspva,39.663,-75.756,-1.801038842,0.000483901,-0.000239532,0.000483163,0.000026712,-0.000239532,,0,
1786043790770312095,1786043790.767221054,/novatel/oem7/odom,/novatel/oem7/fix,/novatel/oem7/odom,39.663,-75.756,-1.801038842,0.000484627,-0.000238058,0.000051056,0.000481931,-0.000238058,,,
1786043790776064266,1786043790.775238704,/novatel/oem7/odom,/novatel/oem7/fix,/novatel/oem7/odom,39.663,-75.756,-1.801038842,0.000484627,-0.000238058,0.000051056,0.000481931,-0.000238058,,,
1786043790785843198,1786043790.785137814,/novatel/oem7/inspva,/novatel/oem7/inspva,/novatel/oem7/inspva,39.663,-75.756,-1.801064384,0.000683062,-0.000384765,0.000656325,0.000189238,-0.000384765,,novatel_oem7_msgs.msg.InertialSolutionStatus(status=3),
1786043790787788521,1786043790.785299829,/novatel/oem7/fix,/novatel/oem7/fix,/novatel/oem7/inspva,39.663,-75.756,-1.801064384,0.000683062,-0.000384765,0.000656325,0.000189238,-0.000384765,,0,
1786043790788985380,1786043790.785670436,/novatel/oem7/odom,/novatel/oem7/fix,/novatel/oem7/odom,39.663,-75.756,-1.801064384,0.000684492,-0.000382216,0.000222340,0.000647375,-0.000382216,,,
1786043790796446372,1786043790.795654327,/novatel/oem7/odom,/novatel/oem7/fix,/novatel/oem7/odom,39.663,-75.756,-1.801064384,0.000684492,-0.000382216,0.000222340,0.000647375,-0.000382216,,,
1786043790807093175,1786043790.806394645,/novatel/oem7/inspva,/novatel/oem7/inspva,/novatel/oem7/inspva,39.663,-75.756,-1.801081926,0.000207636,-0.000228127,0.000123453,-0.000166949,-0.000228127,,novatel_oem7_msgs.msg.InertialSolutionStatus(status=3),
1786043790808776712,1786043790.806592210,/novatel/oem7/fix,/novatel/oem7/fix,/novatel/oem7/inspva,39.663,-75.756,-1.801081926,0.000207636,-0.000228127,0.000123453,-0.000166949,-0.000228127,,0,
1786043790809941234,1786043790.807148019,/novatel/oem7/odom,/novatel/oem7/fix,/novatel/oem7/odom,39.663,-75.756,-1.801081926,0.000207363,-0.000228375,-0.000159897,0.000132033,-0.000228375,,,
1786043790811635731,1786043790.810373162,/novatel/oem7/bestpos,/novatel/oem7/bestpos,/novatel/oem7/odom,39.663,-75.756,33.181301231,0.000207363,-0.000228375,-0.000159897,0.000132033,-0.000228375,,novatel_oem7_msgs.msg.SolutionStatus(status=0),novatel_oem7_msgs.msg.PositionOrVelocityType(type=53)
1786043790812694135,1786043790.810738326,/novatel/oem7/bestvel,/novatel/oem7/bestpos,/novatel/oem7/bestvel,39.663,-75.756,33.181301231,0.000510723,-0.000370115,,,,330.369119975,novatel_oem7_msgs.msg.SolutionStatus(status=0),novatel_oem7_msgs.msg.PositionOrVelocityType(type=53)
1786043790815475290,1786043790.814670585,/novatel/oem7/odom,/novatel/oem7/bestpos,/novatel/oem7/odom,39.663,-75.756,33.181301231,0.000207363,-0.000228375,-0.000159897,0.000132033,-0.000228375,,,
1786043790827075523,1786043790.826283655,/novatel/oem7/inspva,/novatel/oem7/inspva,/novatel/oem7/inspva,39.663,-75.756,-1.801105046,0.000391371,-0.000299278,0.000370993,0.000124643,-0.000299278,,novatel_oem7_msgs.msg.InertialSolutionStatus(status=3),
1786043790828610699,1786043790.826496287,/novatel/oem7/fix,/novatel/oem7/fix,/novatel/oem7/inspva,39.663,-75.756,-1.801105046,0.000391371,-0.000299278,0.000370993,0.000124643,-0.000299278,,0,
1786043790829845218,1786043790.826881554,/novatel/oem7/odom,/novatel/oem7/fix,/novatel/oem7/odom,39.663,-75.756,-1.801105046,0.000392520,-0.000297770,0.000143639,0.000365294,-0.000297770,,,
1786043790835317546,1786043790.834498241,/novatel/oem7/odom,/novatel/oem7/fix,/novatel/oem7/odom,39.663,-75.756,-1.801105046,0.000392520,-0.000297770,0.000143639,0.000365294,-0.000297770,,,
1786043790846035211,1786043790.845322167,/novatel/oem7/inspva,/novatel/oem7/inspva,/novatel/oem7/inspva,39.663,-75.756,-1.801122304,0.000726382,-0.000126390,0.000706864,-0.000167256,-0.000126390,,novatel_oem7_msgs.msg.InertialSolutionStatus(status=3),
1786043790847570130,1786043790.845500792,/novatel/oem7/fix,/novatel/oem7/fix,/novatel/oem7/inspva,39.663,-75.756,-1.801122304,0.000726382,-0.000126390,0.000706864,-0.000167256,-0.000126390,,0,
1786043790848736581,1786043790.846088692,/novatel/oem7/odom,/novatel/oem7/fix,/novatel/oem7/odom,39.663,-75.756,-1.801122304,0.000726626,-0.000124978,-0.000132235,0.000714493,-0.000124978,,,
1786043790857179056,1786043790.856358775,/novatel/oem7/odom,/novatel/oem7/fix,/novatel/oem7/odom,39.663,-75.756,-1.801122304,0.000726626,-0.000124978,-0.000132235,0.000714493,-0.000124978,,,
1786043790865787593,1786043790.865075306,/novatel/oem7/inspva,/novatel/oem7/inspva,/novatel/oem7/inspva,39.663,-75.756,-1.801144613,0.000563277,-0.000257524,0.000545906,0.000138808,-0.000257524,,novatel_oem7_msgs.msg.InertialSolutionStatus(status=3),
1786043790867345202,1786043790.865241364,/novatel/oem7/fix,/novatel/oem7/fix,/novatel/oem7/inspva,39.663,-75.756,-1.801144613,0.000563277,-0.000257524,0.000545906,0.000138808,-0.000257524,,0,
1786043790868574541,1786043790.865667395,/novatel/oem7/odom,/novatel/oem7/fix,/novatel/oem7/odom,39.663,-75.756,-1.801144613,0.000564210,-0.000255474,0.000166126,0.000539198,-0.000255474,,,
1786043790875159787,1786043790.874388330,/novatel/oem7/odom,/novatel/oem7/fix,/novatel/oem7/odom,39.663,-75.756,-1.801144613,0.000564210,-0.000255474,0.000166126,0.000539198,-0.000255474,,,
1786043790887840882,1786043790.887110595,/novatel/oem7/inspva,/novatel/oem7/inspva,/novatel/oem7/inspva,39.663,-75.756,-1.801157947,0.000577313,-0.000071580,0.000575733,0.000042681,-0.000071580,,novatel_oem7_msgs.msg.InertialSolutionStatus(status=3),
1786043790889357020,1786043790.887286810,/novatel/oem7/fix,/novatel/oem7/fix,/novatel/oem7/inspva,39.663,-75.756,-1.801157947,0.000577313,-0.000071580,0.000575733,0.000042681,-0.000071580,,0,
1786043790890582160,1786043790.887716781,/novatel/oem7/odom,/novatel/oem7/fix,/novatel/oem7/odom,39.663,-75.756,-1.801157947,0.000577533,-0.000069784,0.000070871,0.000573168,-0.000069784,,,
1786043790895817812,1786043790.895022664,/novatel/oem7/odom,/novatel/oem7/fix,/novatel/oem7/odom,39.663,-75.756,-1.801157947,0.000577533,-0.000069784,0.000070871,0.000573168,-0.000069784,,,
1786043790906253767,1786043790.905657618,/novatel/oem7/inspva,/novatel/oem7/inspva,/novatel/oem7/inspva,39.663,-75.756,-1.801179334,0.000691024,-0.000180253,0.000595225,0.000351030,-0.000180253,,novatel_oem7_msgs.msg.InertialSolutionStatus(status=3),
1786043790907872804,1786043790.905833136,/novatel/oem7/fix,/novatel/oem7/fix,/novatel/oem7/inspva,39.663,-75.756,-1.801179334,0.000691024,-0.000180253,0.000595225,0.000351030,-0.000180253,,0,
1786043790908999385,1786043790.906308438,/novatel/oem7/odom,/novatel/oem7/fix,/novatel/oem7/odom,39.663,-75.756,-1.801179334,0.000691790,-0.000177292,0.000380205,0.000577942,-0.000177292,,,
1786043790910643292,1786043790.909006588,/novatel/oem7/bestpos,/novatel/oem7/bestpos,/novatel/oem7/odom,39.663,-75.756,33.181204902,0.000691790,-0.000177292,0.000380205,0.000577942,-0.000177292,,novatel_oem7_msgs.msg.SolutionStatus(status=0),novatel_oem7_msgs.msg.PositionOrVelocityType(type=53)
1786043790911644652,1786043790.909538390,/novatel/oem7/bestvel,/novatel/oem7/bestpos,/novatel/oem7/bestvel,39.663,-75.756,33.181204902,0.000845135,-0.000307826,,,,37.176541605,novatel_oem7_msgs.msg.SolutionStatus(status=0),novatel_oem7_msgs.msg.PositionOrVelocityType(type=53)
1786043790916249721,1786043790.915436836,/novatel/oem7/odom,/novatel/oem7/bestpos,/novatel/oem7/odom,39.663,-75.756,33.181204902,0.000691790,-0.000177292,0.000380205,0.000577942,-0.000177292,,,
1786043790926023047,1786043790.925301679,/novatel/oem7/inspva,/novatel/oem7/inspva,/novatel/oem7/inspva,39.663,-75.756,-1.801196533,0.000663931,-0.000420135,0.000658501,-0.000084733,-0.000420135,,novatel_oem7_msgs.msg.InertialSolutionStatus(status=3),
1786043790928125768,1786043790.925539722,/novatel/oem7/fix,/novatel/oem7/fix,/novatel/oem7/inspva,39.663,-75.756,-1.801196533,0.000663931,-0.000420135,0.000658501,-0.000084733,-0.000420135,,0,
1786043790929601776,1786043790.926038610,/novatel/oem7/odom,/novatel/oem7/fix,/novatel/oem7/odom,39.663,-75.756,-1.801196533,0.000664920,-0.000418567,-0.000051067,0.000662956,-0.000418567,,,
1786043790935863149,1786043790.934966070,/novatel/oem7/odom,/novatel/oem7/fix,/novatel/oem7/odom,39.663,-75.756,-1.801196533,0.000664920,-0.000418567,-0.000051067,0.000662956,-0.000418567,,,
1786043790947088099,1786043790.946093259,/novatel/oem7/inspva,/novatel/oem7/inspva,/novatel/oem7/inspva,39.663,-75.756,-1.801217127,0.000362130,-0.000302276,0.000355042,0.000071301,-0.000302276,,novatel_oem7_msgs.msg.InertialSolutionStatus(status=3),
1786043790949024324,1786043790.946337757,/novatel/oem7/fix,/novatel/oem7/fix,/novatel/oem7/inspva,39.663,-75.756,-1.801217127,0.000362130,-0.000302276,0.000355042,0.000071301,-0.000302276,,0,
1786043790950603127,1786043790.946768145,/novatel/oem7/odom,/novatel/oem7/fix,/novatel/oem7/odom,39.663,-75.756,-1.801217127,0.000363187,-0.000301006,0.000089598,0.000351961,-0.000301006,,,
1786043790956945701,1786043790.955899284,/novatel/oem7/odom,/novatel/oem7/fix,/novatel/oem7/odom,39.663,-75.756,-1.801217127,0.000363187,-0.000301006,0.000089598,0.000351961,-0.000301006,,,
1786043790965922371,1786043790.965138667,/novatel/oem7/inspva,/novatel/oem7/inspva,/novatel/oem7/inspva,39.663,-75.756,-1.801234656,0.000841808,-0.000340829,0.000832308,0.000126108,-0.000340829,,novatel_oem7_msgs.msg.InertialSolutionStatus(status=3),
1786043790968152744,1786043790.965387769,/novatel/oem7/fix,/novatel/oem7/fix,/novatel/oem7/inspva,39.663,-75.756,-1.801234656,0.000841808,-0.000340829,0.000832308,0.000126108,-0.000340829,,0,
1786043790969930235,1786043790.965740381,/novatel/oem7/odom,/novatel/oem7/fix,/novatel/oem7/odom,39.663,-75.756,-1.801234656,0.000842946,-0.000338004,0.000167674,0.000826101,-0.000338004,,,
1786043790976522948,1786043790.975532791,/novatel/oem7/odom,/novatel/oem7/fix,/novatel/oem7/odom,39.663,-75.756,-1.801234656,0.000842946,-0.000338004,0.000167674,0.000826101,-0.000338004,,,
1786043790986278663,1786043790.985120935,/novatel/oem7/inspva,/novatel/oem7/inspva,/novatel/oem7/inspva,39.663,-75.756,-1.801256499,0.000815187,-0.000311256,0.000794249,0.000183569,-0.000311256,,novatel_oem7_msgs.msg.InertialSolutionStatus(status=3),
1786043790988568319,1786043790.985384764,/novatel/oem7/fix,/novatel/oem7/fix,/novatel/oem7/inspva,39.663,-75.756,-1.801256499,0.000815187,-0.000311256,0.000794249,0.000183569,-0.000311256,,0,
1786043790990142692,1786043790.986051531,/novatel/oem7/odom,/novatel/oem7/fix,/novatel/oem7/odom,39.663,-75.756,-1.801256499,0.000816296,-0.000308335,0.000223109,0.000785214,-0.000308335,,,
1786043790995317680,1786043790.994351808,/novatel/oem7/odom,/novatel/oem7/fix,/novatel/oem7/odom,39.663,-75.756,-1.801256499,0.000816296,-0.000308335,0.000223109,0.000785214,-0.000308335,,,
1786043791009150340,1786043791.008338892,/novatel/oem7/inspva,/novatel/oem7/inspva,/novatel/oem7/inspva,39.663,-75.756,-1.801276217,0.000708568,-0.000662131,0.000671434,0.000226375,-0.000662131,,novatel_oem7_msgs.msg.InertialSolutionStatus(status=3),
1786043791010903734,1786043791.008576834,/novatel/oem7/fix,/novatel/oem7/fix,/novatel/oem7/inspva,39.663,-75.756,-1.801276217,0.000708568,-0.000662131,0.000671434,0.000226375,-0.000662131,,0,
1786043791012658029,1786043791.011417790,/novatel/oem7/odom,/novatel/oem7/fix,/novatel/oem7/odom,39.663,-75.756,-1.801276217,0.000711113,-0.000659397,0.000261203,0.000661404,-0.000659397,,,
1786043791017119394,1786043791.016158517,/novatel/oem7/odom,/novatel/oem7/fix,/novatel/oem7/odom,39.663,-75.756,-1.801276217,0.000711113,-0.000659397,0.000261203,0.000661404,-0.000659397,,,
1786043791027464558,1786043791.026305103,/novatel/oem7/bestpos,/novatel/oem7/bestpos,/novatel/oem7/odom,39.663,-75.756,33.181107773,0.000711113,-0.000659397,0.000261203,0.000661404,-0.000659397,,novatel_oem7_msgs.msg.SolutionStatus(status=0),novatel_oem7_msgs.msg.PositionOrVelocityType(type=53)
1786043791029603696,1786043791.026798248,/novatel/oem7/bestvel,/novatel/oem7/bestpos,/novatel/oem7/bestvel,39.663,-75.756,33.181107773,0.000908865,-0.000850651,,,,51.407190360,novatel_oem7_msgs.msg.SolutionStatus(status=0),novatel_oem7_msgs.msg.PositionOrVelocityType(type=53)
1786043791031023857,1786043791.027276909,/novatel/oem7/inspva,/novatel/oem7/inspva,/novatel/oem7/inspva,39.663,-75.756,-1.801294519,0.000511960,-0.000111742,0.000464690,0.000214862,-0.000111742,,novatel_oem7_msgs.msg.InertialSolutionStatus(status=3),
1786043791032359994,1786043791.027620586,/novatel/oem7/fix,/novatel/oem7/fix,/novatel/oem7/inspva,39.663,-75.756,-1.801294519,0.000511960,-0.000111742,0.000464690,0.000214862,-0.000111742,,0,
1786043791033906349,1786043791.028079197,/novatel/oem7/odom,/novatel/oem7/fix,/novatel/oem7/odom,39.663,-75.756,-1.801294519,0.000512414,-0.000109639,0.000237605,0.000453996,-0.000109639,,,
1786043791036458459,1786043791.035498602,/novatel/oem7/odom,/novatel/oem7/fix,/novatel/oem7/odom,39.663,-75.756,-1.801294519,0.000512414,-0.000109639,0.000237605,0.000453996,-0.000109639,,,
1786043791046625671,1786043791.045539043,/novatel/oem7/inspva,/novatel/oem7/inspva,/novatel/oem7/inspva,39.663,-75.756,-1.801298414,0.000762651,-0.000457884,0.000453910,0.000612865,-0.000457884,,novatel_oem7_msgs.msg.InertialSolutionStatus(status=3),
1786043791048733005,1786043791.045768679,/novatel/oem7/fix,/novatel/oem7/fix,/novatel/oem7/inspva,39.663,-75.756,-1.801298414,0.000762651,-0.000457884,0.000453910,0.000612865,-0.000457884,,0,
1786043791050047519,1786043791.046459262,/novatel/oem7/odom,/novatel/oem7/fix,/novatel/oem7/odom,39.663,-75.756,-1.801298414,0.000764747,-0.000454375,0.000635904,0.000424811,-0.000454375,,,
1786043791057962775,1786043791.056646605,/novatel/oem7/odom,/novatel/oem7/fix,/novatel/oem7/odom,39.663,-75.756,-1.801298414,0.000764747,-0.000454375,0.000635904,0.000424811,-0.000454375,,,
1786043791067463587,1786043791.066381636,/novatel/oem7/inspva,/novatel/oem7/inspva,/novatel/oem7/inspva,39.663,-75.756,-1.801288545,0.000522973,-0.000325931,0.000168518,0.000495078,-0.000325931,,novatel_oem7_msgs.msg.InertialSolutionStatus(status=3),
1786043791069629999,1786043791.066661323,/novatel/oem7/fix,/novatel/oem7/fix,/novatel/oem7/inspva,39.663,-75.756,-1.801288545,0.000522973,-0.000325931,0.000168518,0.000495078,-0.000325931,,0,
1786043791071097057,1786043791.067147658,/novatel/oem7/odom,/novatel/oem7/fix,/novatel/oem7/odom,39.663,-75.756,-1.801288545,0.000524379,-0.000323663,0.000503897,0.000145125,-0.000323663,,,
1786043791076677260,1786043791.075692864,/novatel/oem7/odom,/novatel/oem7/fix,/novatel/oem7/odom,39.663,-75.756,-1.801288545,0.000524379,-0.000323663,0.000503897,0.000145125,-0.000323663,,,
1786043791086746121,1786043791.085448975,/novatel/oem7/inspva,/novatel/oem7/inspva,/novatel/oem7/inspva,39.663,-75.756,-1.801281968,0.000791942,-0.000234975,0.000558277,0.000561694,-0.000234975,,novatel_oem7_msgs.msg.InertialSolutionStatus(status=3),
1786043791088960594,1786043791.085708101,/novatel/oem7/fix,/novatel/oem7/fix,/novatel/oem7/inspva,39.663,-75.756,-1.801281968,0.000791942,-0.000234975,0.000558277,0.000561694,-0.000234975,,0,
1786043791090649821,1786043791.086247355,/novatel/oem7/odom,/novatel/oem7/fix,/novatel/oem7/odom,39.663,-75.756,-1.801281968,0.000793005,-0.000231363,0.000589030,0.000530944,-0.000231363,,,
1786043791097115356,1786043791.095919024,/novatel/oem7/odom,/novatel/oem7/fix,/novatel/oem7/odom,39.663,-75.756,-1.801281968,0.000793005,-0.000231363,0.000589030,0.000530944,-0.000231363,,,
1786043791106684279,1786043791.105848038,/novatel/oem7/inspva,/novatel/oem7/inspva,/novatel/oem7/inspva,39.663,-75.756,-1.801274640,0.000635874,-0.000390861,0.000373832,0.000514379,-0.000390861,,novatel_oem7_msgs.msg.InertialSolutionStatus(status=3),
1786043791108393459,1786043791.106044626,/novatel/oem7/fix,/novatel/oem7/fix,/novatel/oem7/inspva,39.663,-75.756,-1.801274640,0.000635874,-0.000390861,0.000373832,0.000514379,-0.000390861,,0,
1786043791109597318,1786043791.106471434,/novatel/oem7/odom,/novatel/oem7/fix,/novatel/oem7/odom,39.663,-75.756,-1.801274640,0.000637660,-0.000387939,0.000533394,0.000349430,-0.000387939,,,
1786043791111279145,1786043791.109562495,/novatel/oem7/bestpos,/novatel/oem7/bestpos,/novatel/oem7/odom,39.663,-75.756,33.181127060,0.000637660,-0.000387939,0.000533394,0.000349430,-0.000387939,,novatel_oem7_msgs.msg.SolutionStatus(status=0),novatel_oem7_msgs.msg.PositionOrVelocityType(type=53)
1786043791112460124,1786043791.110259828,/novatel/oem7/bestvel,/novatel/oem7/bestpos,/novatel/oem7/bestvel,39.663,-75.756,33.181127060,0.000728553,-0.000427567,,,,65.037525566,novatel_oem7_msgs.msg.SolutionStatus(status=0),novatel_oem7_msgs.msg.PositionOrVelocityType(type=53)
1786043791115414044,1786043791.114386530,/novatel/oem7/odom,/novatel/oem7/bestpos,/novatel/oem7/odom,39.663,-75.756,33.181127060,0.000637660,-0.000387939,0.000533394,0.000349430,-0.000387939,,,
1786043791127037704,1786043791.126205856,/novatel/oem7/inspva,/novatel/oem7/inspva,/novatel/oem7/inspva,39.663,-75.756,-1.801266527,0.000937036,-0.000025975,0.000688063,0.000636086,-0.000025975,,novatel_oem7_msgs.msg.InertialSolutionStatus(status=3),
1786043791129067214,1786043791.126430418,/novatel/oem7/fix,/novatel/oem7/fix,/novatel/oem7/inspva,39.663,-75.756,-1.801266527,0.000937036,-0.000025975,0.000688063,0.000636086,-0.000025975,,0,
1786043791130713461,1786043791.127012314,/novatel/oem7/odom,/novatel/oem7/fix,/novatel/oem7/odom,39.663,-75.756,-1.801266527,0.000937144,-0.000021729,0.000668861,0.000656402,-0.000021729,,,
1786043791136144449,1786043791.135364241,/novatel/oem7/odom,/novatel/oem7/fix,/novatel/oem7/odom,39.663,-75.756,-1.801266527,0.000937144,-0.000021729,0.000668861,0.000656402,-0.000021729,,,
1786043791145754013,1786043791.144912447,/novatel/oem7/inspva,/novatel/oem7/inspva,/novatel/oem7/inspva,39.663,-75.756,-1.801260491,0.000581406,-0.000270968,0.000324565,0.000482380,-0.000270968,,novatel_oem7_msgs.msg.InertialSolutionStatus(status=3),
1786043791147929241,1786043791.145146990,/novatel/oem7/fix,/novatel/oem7/fix,/novatel/oem7/inspva,39.663,-75.756,-1.801260491,0.000581406,-0.000270968,0.000324565,0.000482380,-0.000270968,,0,
1786043791149298641,1786043791.145720309,/novatel/oem7/odom,/novatel/oem7/fix,/novatel/oem7/odom,39.663,-75.756,-1.801260491,0.000582641,-0.000268303,0.000498592,0.000301458,-0.000268303,,,
1786043791156830477,1786043791.155751486,/novatel/oem7/odom,/novatel/oem7/fix,/novatel/oem7/odom,39.663,-75.756,-1.801260491,0.000582641,-0.000268303,0.000498592,0.000301458,-0.000268303,,,
1786043791166498968,1786043791.165479101,/novatel/oem7/inspva,/novatel/oem7/inspva,/novatel/oem7/inspva,39.663,-75.756,-1.801254896,0.000855092,-0.000102991,0.000437233,0.000734853,-0.000102991,,novatel_oem7_msgs.msg.InertialSolutionStatus(status=3),
1786043791168696093,1786043791.165739297,/novatel/oem7/fix,/novatel/oem7/fix,/novatel/oem7/inspva,39.663,-75.756,-1.801254896,0.000855092,-0.000102991,0.000437233,0.000734853,-0.000102991,,0,
1786043791170269609,1786043791.166337763,/novatel/oem7/odom,/novatel/oem7/fix,/novatel/oem7/odom,39.663,-75.756,-1.801254896,0.000855552,-0.000099098,0.000755609,0.000401279,-0.000099098,,,
1786043791175812932,1786043791.174733974,/novatel/oem7/odom,/novatel/oem7/fix,/novatel/oem7/odom,39.663,-75.756,-1.801254896,0.000855552,-0.000099098,0.000755609,0.000401279,-0.000099098,,,
1786043791186667995,1786043791.186062028,/novatel/oem7/inspva,/novatel/oem7/inspva,/novatel/oem7/inspva,39.663,-75.756,-1.801251916,0.000801221,-0.000593780,0.000425178,0.000679102,-0.000593780,,novatel_oem7_msgs.msg.InertialSolutionStatus(status=3),
1786043791188086526,1786043791.186255190,/novatel/oem7/fix,/novatel/oem7/fix,/novatel/oem7/inspva,39.663,-75.756,-1.801251916,0.000801221,-0.000593780,0.000425178,0.000679102,-0.000593780,,0,
1786043791189201760,1786043791.186805549,/novatel/oem7/odom,/novatel/oem7/fix,/novatel/oem7/odom,39.663,-75.756,-1.801251916,0.000803933,-0.000590102,0.000701180,0.000393262,-0.000590102,,,
1786043791195389119,1786043791.194653232,/novatel/oem7/odom,/novatel/oem7/fix,/novatel/oem7/odom,39.663,-75.756,-1.801251916,0.000803933,-0.000590102,0.000701180,0.000393262,-0.000590102,,,
1786043791206961266,1786043791.206240499,/novatel/oem7/inspva,/novatel/oem7/inspva,/novatel/oem7/inspva,39.663,-75.756,-1.801243469,0.001064402,-0.000181792,0.000763882,0.000741240,-0.000181792,,novatel_oem7_msgs.msg.InertialSolutionStatus(status=3),
1786043791208574415,1786043791.206474404,/novatel/oem7/fix,/novatel/oem7/fix,/novatel/oem7/inspva,39.663,-75.756,-1.801243469,0.001064402,-0.000181792,0.000763882,0.000741240,-0.000181792,,0,
1786043791209801187,1786043791.207110207,/novatel/oem7/odom,/novatel/oem7/fix,/novatel/oem7/odom,39.663,-75.756,-1.801243469,0.001065220,-0.000176939,0.000778158,0.000727437,-0.000176939,,,
1786043791212359646,1786043791.210372480,/novatel/oem7/bestpos,/novatel/oem7/bestpos,/novatel/oem7/odom,39.663,-75.756,33.181153677,0.001065220,-0.000176939,0.000778158,0.000727437,-0.000176939,,novatel_oem7_msgs.msg.SolutionStatus(status=0),novatel_oem7_msgs.msg.PositionOrVelocityType(type=53)
1786043791213512658,1786043791.210807545,/novatel/oem7/bestvel,/novatel/oem7/bestpos,/novatel/oem7/bestvel,39.663,-75.756,33.181153677,0.000903724,-0.000057454,,,,43.732040947,novatel_oem7_msgs.msg.SolutionStatus(status=0),novatel_oem7_msgs.msg.PositionOrVelocityType(type=53)
1786043791216862482,1786043791.215738687,/novatel/oem7/odom,/novatel/oem7/bestpos,/novatel/oem7/odom,39.663,-75.756,33.181153677,0.001065220,-0.000176939,0.000778158,0.000727437,-0.000176939,,,
1786043791226172649,1786043791.225341997,/novatel/oem7/inspva,/novatel/oem7/inspva,/novatel/oem7/inspva,39.663,-75.756,-1.801240042,0.000982920,-0.000328203,0.000758606,0.000625019,-0.000328203,,novatel_oem7_msgs.msg.InertialSolutionStatus(status=3),
1786043791228200603,1786043791.225604440,/novatel/oem7/fix,/novatel/oem7/fix,/novatel/oem7/inspva,39.663,-75.756,-1.801240042,0.000982920,-0.000328203,0.000758606,0.000625019,-0.000328203,,0,
1786043791229782826,1786043791.226054281,/novatel/oem7/odom,/novatel/oem7/fix,/novatel/oem7/odom,39.663,-75.756,-1.801240042,0.000984387,-0.000323777,0.000662363,0.000728213,-0.000323777,,,
1786043791235285504,1786043791.234520093,/novatel/oem7/odom,/novatel/oem7/fix,/novatel/oem7/odom,39.663,-75.756,-1.801240042,0.000984387,-0.000323777,0.000662363,0.000728213,-0.000323777,,,
1786043791245839114,1786043791.245192847,/novatel/oem7/inspva,/novatel/oem7/inspva,/novatel/oem7/inspva,39.663,-75.756,-1.801236621,0.001006170,-0.000295701,0.000797084,0.000614031,-0.000295701,,novatel_oem7_msgs.msg.InertialSolutionStatus(status=3),
1786043791247369206,1786043791.245382039,/novatel/oem7/fix,/novatel/oem7/fix,/novatel/oem7/inspva,39.663,-75.756,-1.801236621,0.001006170,-0.000295701,0.000797084,0.000614031,-0.000295701,,0,
1786043791248601265,1786043791.245825717,/novatel/oem7/odom,/novatel/oem7/fix,/novatel/oem7/odom,39.663,-75.756,-1.801236621,0.001007484,-0.000291193,0.000653138,0.000767094,-0.000291193,,,
1786043791257239688,1786043791.256546396,/novatel/oem7/odom,/novatel/oem7/fix,/novatel/oem7/odom,39.663,-75.756,-1.801236621,0.001007484,-0.000291193,0.000653138,0.000767094,-0.000291193,,,
1786043791265747294,1786043791.265041351,/novatel/oem7/inspva,/novatel/oem7/inspva,/novatel/oem7/inspva,39.663,-75.756,-1.801231751,0.001177832,-0.000188685,0.000923158,0.000731484,-0.000188685,,novatel_oem7_msgs.msg.InertialSolutionStatus(status=3),
1786043791267387658,1786043791.265264239,/novatel/oem7/fix,/novatel/oem7/fix,/novatel/oem7/inspva,39.663,-75.756,-1.801231751,0.001177832,-0.000188685,0.000923158,0.000731484,-0.000188685,,0,
1786043791268690278,1786043791.265702394,/novatel/oem7/odom,/novatel/oem7/fix,/novatel/oem7/odom,39.663,-75.756,-1.801231751,0.001178669,-0.000183387,0.000776163,0.000887035,-0.000183387,,,
1786043791275882390,1786043791.274658258,/novatel/oem7/odom,/novatel/oem7/fix,/novatel/oem7/odom,39.663,-75.756,-1.801231751,0.001178669,-0.000183387,0.000776163,0.000887035,-0.000183387,,,
1786043791287649138,1786043791.286696519,/novatel/oem7/inspva,/novatel/oem7/inspva,/novatel/oem7/inspva,39.663,-75.756,-1.801230577,0.001138840,-0.000447540,0.000639155,0.000942569,-0.000447540,,novatel_oem7_msgs.msg.InertialSolutionStatus(status=3),
1786043791289707692,1786043791.286986198,/novatel/oem7/fix,/novatel/oem7/fix,/novatel/oem7/inspva,39.663,-75.756,-1.801230577,0.001138840,-0.000447540,0.000639155,0.000942569,-0.000447540,,0,
1786043791291337762,1786043791.287525493,/novatel/oem7/odom,/novatel/oem7/fix,/novatel/oem7/odom,39.663,-75.756,-1.801230577,0.001140883,-0.000442306,0.000974171,0.000593805,-0.000442306,,,
1786043791295834514,1786043791.295066669,/novatel/oem7/odom,/novatel/oem7/fix,/novatel/oem7/odom,39.663,-75.756,-1.801230577,0.001140883,-0.000442306,0.000974171,0.000593805,-0.000442306,,,
1786043791307141571,1786043791.306181681,/novatel/oem7/inspva,/novatel/oem7/inspva,/novatel/oem7/inspva,39.663,-75.756,-1.801224206,0.001226047,-0.000459933,0.000968434,0.000751881,-0.000459933,,novatel_oem7_msgs.msg.InertialSolutionStatus(status=3),
1786043791309545535,1786043791.306447864,/novatel/oem7/fix,/novatel/oem7/fix,/novatel/oem7/inspva,39.663,-75.756,-1.801224206,0.001226047,-0.000459933,0.000968434,0.000751881,-0.000459933,,0,
1786043791311157191,1786043791.307049497,/novatel/oem7/odom,/novatel/oem7/fix,/novatel/oem7/odom,39.663,-75.756,-1.801224206,0.001228092,-0.000454442,0.000799750,0.000931993,-0.000454442,,,
1786043791313408431,1786043791.309436384,/novatel/oem7/bestpos,/novatel/oem7/bestpos,/novatel/oem7/odom,39.663,-75.756,33.181164562,0.001228092,-0.000454442,0.000799750,0.000931993,-0.000454442,,novatel_oem7_msgs.msg.SolutionStatus(status=0),novatel_oem7_msgs.msg.PositionOrVelocityType(type=53)
1786043791314842449,1786043791.310278823,/novatel/oem7/bestvel,/novatel/oem7/bestpos,/novatel/oem7/bestvel,39.663,-75.756,33.181164562,0.001178962,-0.000387638,,,,25.045635354,novatel_oem7_msgs.msg.SolutionStatus(status=0),novatel_oem7_msgs.msg.PositionOrVelocityType(type=53)
1786043791317091211,1786043791.314865013,/novatel/oem7/odom,/novatel/oem7/bestpos,/novatel/oem7/odom,39.663,-75.756,33.181164562,0.001228092,-0.000454442,0.000799750,0.000931993,-0.000454442,,,
1786043791326243373,1786043791.325380905,/novatel/oem7/inspva,/novatel/oem7/inspva,/novatel/oem7/inspva,39.663,-75.756,-1.801218690,0.001141137,-0.000180722,0.000840242,0.000772132,-0.000180722,,novatel_oem7_msgs.msg.InertialSolutionStatus(status=3),
1786043791327918024,1786043791.325597181,/novatel/oem7/fix,/novatel/oem7/fix,/novatel/oem7/inspva,39.663,-75.756,-1.801218690,0.001141137,-0.000180722,0.000840242,0.000772132,-0.000180722,,0,
1786043791329072392,1786043791.326087821,/novatel/oem7/odom,/novatel/oem7/fix,/novatel/oem7/odom,39.663,-75.756,-1.801218690,0.001141949,-0.000175518,0.000812705,0.000802221,-0.000175518,,,
1786043791335997278,1786043791.334916811,/novatel/oem7/odom,/novatel/oem7/fix,/novatel/oem7/odom,39.663,-75.756,-1.801218690,0.001141949,-0.000175518,0.000812705,0.000802221,-0.000175518,,,
1786043791347055000,1786043791.346017153,/novatel/oem7/inspva,/novatel/oem7/inspva,/novatel/oem7/inspva,39.663,-75.756,-1.801215251,0.001516597,-0.000347096,0.001261177,0.000842318,-0.000347096,,novatel_oem7_msgs.msg.InertialSolutionStatus(status=3),
1786043791349061110,1786043791.346251945,/novatel/oem7/fix,/novatel/oem7/fix,/novatel/oem7/inspva,39.663,-75.756,-1.801215251,0.001516597,-0.000347096,0.001261177,0.000842318,-0.000347096,,0,
1786043791350691627,1786043791.346607987,/novatel/oem7/odom,/novatel/oem7/fix,/novatel/oem7/odom,39.663,-75.756,-1.801215251,0.001518103,-0.000340447,0.000903870,0.001219696,-0.000340447,,,
1786043791356923236,1786043791.355858825,/novatel/oem7/odom,/novatel/oem7/fix,/novatel/oem7/odom,39.663,-75.756,-1.801215251,0.001518103,-0.000340447,0.000903870,0.001219696,-0.000340447,,,
1786043791365637980,1786043791.365071628,/novatel/oem7/inspva,/novatel/oem7/inspva,/novatel/oem7/inspva,39.663,-75.756,-1.801212342,0.001332350,-0.000297577,0.000759734,0.001094514,-0.000297577,,novatel_oem7_msgs.msg.InertialSolutionStatus(status=3),
1786043791367062474,1786043791.365262806,/novatel/oem7/fix,/novatel/oem7/fix,/novatel/oem7/inspva,39.663,-75.756,-1.801212342,0.001332350,-0.000297577,0.000759734,0.001094514,-0.000297577,,0,
1786043791368224576,1786043791.365578440,/novatel/oem7/odom,/novatel/oem7/fix,/novatel/oem7/odom,39.663,-75.756,-1.801212342,0.001333704,-0.000291449,0.001131228,0.000706463,-0.000291449,,,
1786043791375905484,1786043791.375131796,/novatel/oem7/odom,/novatel/oem7/fix,/novatel/oem7/odom,39.663,-75.756,-1.801212342,0.001333704,-0.000291449,0.001131228,0.000706463,-0.000291449,,,
1786043791385469784,1786043791.384892638,/novatel/oem7/inspva,/novatel/oem7/inspva,/novatel/oem7/inspva,39.663,-75.756,-1.801207777,0.001414752,-0.000180936,0.001208456,0.000735634,-0.000180936,,novatel_oem7_msgs.msg.InertialSolutionStatus(status=3),
1786043791386978199,1786043791.385092996,/novatel/oem7/fix,/novatel/oem7/fix,/novatel/oem7/inspva,39.663,-75.756,-1.801207777,0.001414752,-0.000180936,0.001208456,0.000735634,-0.000180936,,0,
1786043791388194984,1786043791.385491778,/novatel/oem7/odom,/novatel/oem7/fix,/novatel/oem7/odom,39.663,-75.756,-1.801207777,0.001415519,-0.000174831,0.000794133,0.001171771,-0.000174831,,,
1786043791395141147,1786043791.394355449,/novatel/oem7/odom,/novatel/oem7/fix,/novatel/oem7/odom,39.663,-75.756,-1.801207777,0.001415519,-0.000174831,0.000794133,0.001171771,-0.000174831,,,
1786043791406850242,1786043791.406288893,/novatel/oem7/inspva,/novatel/oem7/inspva,/novatel/oem7/inspva,39.663,-75.756,-1.801209514,0.001375070,-0.000659016,0.000887877,0.001049996,-0.000659016,,novatel_oem7_msgs.msg.InertialSolutionStatus(status=3),
1786043791408303614,1786043791.406478238,/novatel/oem7/fix,/novatel/oem7/fix,/novatel/oem7/inspva,39.663,-75.756,-1.801209514,0.001375070,-0.000659016,0.000887877,0.001049996,-0.000659016,,0,
1786043791409464148,1786043791.407024798,/novatel/oem7/odom,/novatel/oem7/fix,/novatel/oem7/odom,39.663,-75.756,-1.801209514,0.001378084,-0.000652689,0.001094333,0.000837587,-0.000652689,,,
1786043791411088532,1786043791.410162709,/novatel/oem7/bestpos,/novatel/oem7/bestpos,/novatel/oem7/odom,39.663,-75.756,33.181180811,0.001378084,-0.000652689,0.001094333,0.000837587,-0.000652689,,novatel_oem7_msgs.msg.SolutionStatus(status=0),novatel_oem7_msgs.msg.PositionOrVelocityType(type=53)
1786043791412664171,1786043791.410512976,/novatel/oem7/bestvel,/novatel/oem7/bestpos,/novatel/oem7/bestvel,39.663,-75.756,33.181180811,0.001475578,-0.000747182,,,,39.497421513,novatel_oem7_msgs.msg.SolutionStatus(status=0),novatel_oem7_msgs.msg.PositionOrVelocityType(type=53)
1786043791415694058,1786043791.414982824,/novatel/oem7/odom,/novatel/oem7/bestpos,/novatel/oem7/odom,39.663,-75.756,33.181180811,0.001378084,-0.000652689,0.001094333,0.000837587,-0.000652689,,,
1786043791425547904,1786043791.424986535,/novatel/oem7/inspva,/novatel/oem7/inspva,/novatel/oem7/inspva,39.663,-75.756,-1.801203262,0.001407430,-0.000515559,0.000884561,0.001094719,-0.000515559,,novatel_oem7_msgs.msg.InertialSolutionStatus(status=3),
1786043791427000302,1786043791.425136683,/novatel/oem7/fix,/novatel/oem7/fix,/novatel/oem7/inspva,39.663,-75.756,-1.801203262,0.001407430,-0.000515559,0.000884561,0.001094719,-0.000515559,,0,
1786043791428135496,1786043791.425467333,/novatel/oem7/odom,/novatel/oem7/fix,/novatel/oem7/odom,39.663,-75.756,-1.801203262,0.001409783,-0.000509091,0.001138292,0.000831732,-0.000509091,,,
1786043791435467863,1786043791.434543747,/novatel/oem7/odom,/novatel/oem7/fix,/novatel/oem7/odom,39.663,-75.756,-1.801203262,0.001409783,-0.000509091,0.001138292,0.000831732,-0.000509091,,,
1786043791445755677,1786043791.445180665,/novatel/oem7/inspva,/novatel/oem7/inspva,/novatel/oem7/inspva,39.663,-75.756,-1.801197477,0.001203993,-0.000050388,0.000788107,0.000910213,-0.000050388,,novatel_oem7_msgs.msg.InertialSolutionStatus(status=3),
1786043791447276879,1786043791.445345037,/novatel/oem7/fix,/novatel/oem7/fix,/novatel/oem7/inspva,39.663,-75.756,-1.801197477,0.001203993,-0.000050388,0.000788107,0.000910213,-0.000050388,,0,
1786043791448514892,1786043791.445731804,/novatel/oem7/odom,/novatel/oem7/fix,/novatel/oem7/odom,39.663,-75.756,-1.801197477,0.001204211,-0.000044864,0.000947595,0.000743095,-0.000044864,,,
1786043791457199316,1786043791.456494916,/novatel/oem7/odom,/novatel/oem7/fix,/novatel/oem7/odom,39.663,-75.756,-1.801197477,0.001204211,-0.000044864,0.000947595,0.000743095,-0.000044864,,,
1786043791466546173,1786043791.465966564,/novatel/oem7/inspva,/novatel/oem7/inspva,/novatel/oem7/inspva,39.663,-75.756,-1.801193769,0.001383509,-0.000133263,0.000965555,0.000990859,-0.000133263,,novatel_oem7_msgs.msg.InertialSolutionStatus(status=3),
1786043791467975151,1786043791.466106562,/novatel/oem7/fix,/novatel/oem7/fix,/novatel/oem7/inspva,39.663,-75.756,-1.801193769,0.001383509,-0.000133263,0.000965555,0.000990859,-0.000133263,,0,
1786043791469398315,1786043791.466499520,/novatel/oem7/odom,/novatel/oem7/fix,/novatel/oem7/odom,39.663,-75.756,-1.801193769,0.001384106,-0.000126921,0.001037065,0.000916649,-0.000126921,,,
1786043791475016902,1786043791.474307320,/novatel/oem7/odom,/novatel/oem7/fix,/novatel/oem7/odom,39.663,-75.756,-1.801193769,0.001384106,-0.000126921,0.001037065,0.000916649,-0.000126921,,,
1786043791485751207,1786043791.485190531,/novatel/oem7/inspva,/novatel/oem7/inspva,/novatel/oem7/inspva,39.663,-75.756,-1.801192119,0.001433309,-0.000509777,0.001049966,0.000975678,-0.000509777,,novatel_oem7_msgs.msg.InertialSolutionStatus(status=3),
1786043791487287255,1786043791.485336869,/novatel/oem7/fix,/novatel/oem7/fix,/novatel/oem7/inspva,39.663,-75.756,-1.801192119,0.001433309,-0.000509777,0.001049966,0.000975678,-0.000509777,,0,
1786043791488468091,1786043791.485828984,/novatel/oem7/odom,/novatel/oem7/fix,/novatel/oem7/odom,39.663,-75.756,-1.801192119,0.001435613,-0.000503251,0.001027402,0.001002712,-0.000503251,,,
1786043791496023883,1786043791.495353027,/novatel/oem7/odom,/novatel/oem7/fix,/novatel/oem7/odom,39.663,-75.756,-1.801192119,0.001435613,-0.000503251,0.001027402,0.001002712,-0.000503251,,,
1786043791506457658,1786043791.505888423,/novatel/oem7/inspva,/novatel/oem7/inspva,/novatel/oem7/inspva,39.663,-75.756,-1.801182260,0.001661987,0.000023698,0.001198457,0.001151479,0.000023698,,novatel_oem7_msgs.msg.InertialSolutionStatus(status=3),
1786043791507978494,1786043791.506033301,/novatel/oem7/fix,/novatel/oem7/fix,/novatel/oem7/inspva,39.663,-75.756,-1.801182260,0.001661987,0.000023698,0.001198457,0.001151479,0.000023698,,0,
1786043791509170566,1786043791.506449252,/novatel/oem7/odom,/novatel/oem7/fix,/novatel/oem7/odom,39.663,-75.756,-1.801182260,0.001661862,0.000031268,0.001208221,0.001141046,0.000031268,,,
1786043791511874107,1786043791.511234160,/novatel/oem7/bestpos,/novatel/oem7/bestpos,/novatel/oem7/odom,39.663,-75.756,33.181207649,0.001661862,0.000031268,0.001208221,0.001141046,0.000031268,,novatel_oem7_msgs.msg.SolutionStatus(status=0),novatel_oem7_msgs.msg.PositionOrVelocityType(type=53)
1786043791513449592,1786043791.511889587,/novatel/oem7/bestvel,/novatel/oem7/bestpos,/novatel/oem7/bestvel,39.663,-75.756,33.181207649,0.001380220,0.000275740,,,,27.001297099,novatel_oem7_msgs.msg.SolutionStatus(status=0),novatel_oem7_msgs.msg.PositionOrVelocityType(type=53)
1786043791515160060,1786043791.514442646,/novatel/oem7/odom,/novatel/oem7/bestpos,/novatel/oem7/odom,39.663,-75.756,33.181207649,0.001661862,0.000031268,0.001208221,0.001141046,0.000031268,,,
1786043791526043329,1786043791.525350806,/novatel/oem7/inspva,/novatel/oem7/inspva,/novatel/oem7/inspva,39.663,-75.756,-1.801179578,0.001067255,-0.000323127,0.000534057,0.000924021,-0.000323127,,novatel_oem7_msgs.msg.InertialSolutionStatus(status=3),
1786043791527490134,1786043791.525516587,/novatel/oem7/fix,/novatel/oem7/fix,/novatel/oem7/inspva,39.663,-75.756,-1.801179578,0.001067255,-0.000323127,0.000534057,0.000924021,-0.000323127,,0,
1786043791528528631,1786043791.526168161,/novatel/oem7/odom,/novatel/oem7/fix,/novatel/oem7/odom,39.663,-75.756,-1.801179578,0.001068709,-0.000318285,0.000950058,0.000489416,-0.000318285,,,
1786043791535294583,1786043791.534558111,/novatel/oem7/odom,/novatel/oem7/fix,/novatel/oem7/odom,39.663,-75.756,-1.801179578,0.001068709,-0.000318285,0.000950058,0.000489416,-0.000318285,,,
1786043791545743468,1786043791.544991620,/novatel/oem7/inspva,/novatel/oem7/inspva,/novatel/oem7/inspva,39.663,-75.756,-1.801173783,0.001173414,-0.000416266,0.000889478,0.000765329,-0.000416266,,novatel_oem7_msgs.msg.InertialSolutionStatus(status=3),
1786043791547056464,1786043791.545150868,/novatel/oem7/fix,/novatel/oem7/fix,/novatel/oem7/inspva,39.663,-75.756,-1.801173783,0.001173414,-0.000416266,0.000889478,0.000765329,-0.000416266,,0,
1786043791548094125,1786043791.545439261,/novatel/oem7/odom,/novatel/oem7/fix,/novatel/oem7/odom,39.663,-75.756,-1.801173783,0.001175277,-0.000410977,0.000809156,0.000852375,-0.000410977,,,
1786043791556795869,1786043791.556025078,/novatel/oem7/odom,/novatel/oem7/fix,/novatel/oem7/odom,39.663,-75.756,-1.801173783,0.001175277,-0.000410977,0.000809156,0.000852375,-0.000410977,,,
1786043791566044402,1786043791.565380589,/novatel/oem7/inspva,/novatel/oem7/inspva,/novatel/oem7/inspva,39.663,-75.756,-1.801170645,0.001005506,-0.000340889,0.000805520,0.000601815,-0.000340889,,novatel_oem7_msgs.msg.InertialSolutionStatus(status=3),
1786043791567415669,1786043791.565552664,/novatel/oem7/fix,/novatel/oem7/fix,/novatel/oem7/inspva,39.663,-75.756,-1.801170645,0.001005506,-0.000340889,0.000805520,0.000601815,-0.000340889,,0,
1786043791568475640,1786043791.566209864,/novatel/oem7/odom,/novatel/oem7/fix,/novatel/oem7/odom,39.663,-75.756,-1.801170645,0.001007012,-0.000336415,0.000641478,0.000776260,-0.000336415,,,
1786043791575485467,1786043791.574731356,/novatel/oem7/odom,/novatel/oem7/fix,/novatel/oem7/odom,39.663,-75.756,-1.801170645,0.001007012,-0.000336415,0.000641478,0.000776260,-0.000336415,,,
1786043791586745347,1786043791.586028863,/novatel/oem7/inspva,/novatel/oem7/inspva,/novatel/oem7/inspva,39.663,-75.756,-1.801164410,0.001113048,-0.000205306,0.000937236,0.000600388,-0.000205306,,novatel_oem7_msgs.msg.InertialSolutionStatus(status=3),
1786043791588067510,1786043791.586186958,/novatel/oem7/fix,/novatel/oem7/fix,/novatel/oem7/inspva,39.663,-75.756,-1.801164410,0.001113048,-0.000205306,0.000937236,0.000600388,-0.000205306,,0,
1786043791589088188,1786043791.586538412,/novatel/oem7/odom,/novatel/oem7/fix,/novatel/oem7/odom,39.663,-75.756,-1.801164410,0.001113931,-0.000200463,0.000645932,0.000907531,-0.000200463,,,
1786043791595020557,1786043791.594288470,/novatel/oem7/odom,/novatel/oem7/fix,/novatel/oem7/odom,39.663,-75.756,-1.801164410,0.001113931,-0.000200463,0.000645932,0.000907531,-0.000200463,,,
1786043791606986441,1786043791.606323824,/novatel/oem7/inspva,/novatel/oem7/inspva,/novatel/oem7/inspva,39.663,-75.756,-1.801166149,0.001024345,-0.000694965,0.000788939,0.000653344,-0.000694965,,novatel_oem7_msgs.msg.InertialSolutionStatus(status=3),
1786043791608341731,1786043791.606501450,/novatel/oem7/fix,/novatel/oem7/fix,/novatel/oem7/inspva,39.663,-75.756,-1.801166149,0.001024345,-0.000694965,0.000788939,0.000653344,-0.000694965,,0,
1786043791609368929,1786043791.606974808,/novatel/oem7/odom,/novatel/oem7/fix,/novatel/oem7/odom,39.663,-75.756,-1.801166149,0.001027468,-0.000690340,0.000693450,0.000758167,-0.000690340,,,
1786043791610935464,1786043791.610231903,/novatel/oem7/bestpos,/novatel/oem7/bestpos,/novatel/oem7/odom,39.663,-75.756,33.181216238,0.001027468,-0.000690340,0.000693450,0.000758167,-0.000690340,,novatel_oem7_msgs.msg.SolutionStatus(status=0),novatel_oem7_msgs.msg.PositionOrVelocityType(type=53)
1786043791612329072,1786043791.610701065,/novatel/oem7/bestvel,/novatel/oem7/bestpos,/novatel/oem7/bestvel,39.663,-75.756,33.181216238,0.001466382,-0.001038291,,,,40.772731918,novatel_oem7_msgs.msg.SolutionStatus(status=0),novatel_oem7_msgs.msg.PositionOrVelocityType(type=53)
1786043791616088236,1786043791.615394855,/novatel/oem7/odom,/novatel/oem7/bestpos,/novatel/oem7/odom,39.663,-75.756,33.181216238,0.001027468,-0.000690340,0.000693450,0.000758167,-0.000690340,,,
1786043791625683783,1786043791.625002859,/novatel/oem7/inspva,/novatel/oem7/inspva,/novatel/oem7/inspva,39.663,-75.756,-1.801157953,0.001111124,-0.000318994,0.000987056,0.000510212,-0.000318994,,novatel_oem7_msgs.msg.InertialSolutionStatus(status=3),
1786043791627041833,1786043791.625171538,/novatel/oem7/fix,/novatel/oem7/fix,/novatel/oem7/inspva,39.663,-75.756,-1.801157953,0.001111124,-0.000318994,0.000987056,0.000510212,-0.000318994,,0,
1786043791628052217,1786043791.625627335,/novatel/oem7/odom,/novatel/oem7/fix,/novatel/oem7/odom,39.663,-75.756,-1.801157953,0.001112455,-0.000314320,0.000558705,0.000961980,-0.000314320,,,
1786043791635208019,1786043791.634472688,/novatel/oem7/odom,/novatel/oem7/fix,/novatel/oem7/odom,39.663,-75.756,-1.801157953,0.001112455,-0.000314320,0.000558705,0.000961980,-0.000314320,,,
1786043791647282347,1786043791.646630340,/novatel/oem7/inspva,/novatel/oem7/inspva,/novatel/oem7/inspva,39.663,-75.756,-1.801154637,0.000994598,-0.000138493,0.000537143,0.000837080,-0.000138493,,novatel_oem7_msgs.msg.InertialSolutionStatus(status=3),
1786043791648656324,1786043791.646798299,/novatel/oem7/fix,/novatel/oem7/fix,/novatel/oem7/inspva,39.663,-75.756,-1.801154637,0.000994598,-0.000138493,0.000537143,0.000837080,-0.000138493,,0,
1786043791649676868,1786043791.647231936,/novatel/oem7/odom,/novatel/oem7/fix,/novatel/oem7/odom,39.663,-75.756,-1.801154637,0.000995221,-0.000133945,0.000862673,0.000496245,-0.000133945,,,
1786043791656969464,1786043791.656210517,/novatel/oem7/odom,/novatel/oem7/fix,/novatel/oem7/odom,39.663,-75.756,-1.801154637,0.000995221,-0.000133945,0.000862673,0.000496245,-0.000133945,,,
1786043791665818523,1786043791.665109116,/novatel/oem7/inspva,/novatel/oem7/inspva,/novatel/oem7/inspva,39.663,-75.756,-1.801148541,0.001084986,-0.000134126,0.000521391,0.000951496,-0.000134126,,novatel_oem7_msgs.msg.InertialSolutionStatus(status=3),
1786043791667113550,1786043791.665263765,/novatel/oem7/fix,/novatel/oem7/fix,/novatel/oem7/inspva,39.663,-75.756,-1.801148541,0.001084986,-0.000134126,0.000521391,0.000951496,-0.000134126,,0,
1786043791668149117,1786043791.665593495,/novatel/oem7/odom,/novatel/oem7/fix,/novatel/oem7/odom,39.663,-75.756,-1.801148541,0.001085582,-0.000129213,0.000976170,0.000474954,-0.000129213,,,
1786043791675629656,1786043791.674814463,/novatel/oem7/odom,/novatel/oem7/fix,/novatel/oem7/odom,39.663,-75.756,-1.801148541,0.001085582,-0.000129213,0.000976170,0.000474954,-0.000129213,,,
1786043791685983903,1786043791.685333640,/novatel/oem7/inspva,/novatel/oem7/inspva,/novatel/oem7/inspva,39.663,-75.756,-1.801145019,0.000976834,-0.000298573,0.000858337,0.000466329,-0.000298573,,novatel_oem7_msgs.msg.InertialSolutionStatus(status=3),
1786043791687350804,1786043791.685507819,/novatel/oem7/fix,/novatel/oem7/fix,/novatel/oem7/inspva,39.663,-75.756,-1.801145019,0.000976834,-0.000298573,0.000858337,0.000466329,-0.000298573,,0,
1786043791688369137,1786043791.686027507,/novatel/oem7/odom,/novatel/oem7/fix,/novatel/oem7/odom,39.663,-75.756,-1.801145019,0.000978094,-0.000294419,0.000508539,0.000835497,-0.000294419,,,
1786043791695771315,1786043791.695068103,/novatel/oem7/odom,/novatel/oem7/fix,/novatel/oem7/odom,39.663,-75.756,-1.801145019,0.000978094,-0.000294419,0.000508539,0.000835497,-0.000294419,,,
1786043791706605818,1786043791.705938544,/novatel/oem7/inspva,/novatel/oem7/inspva,/novatel/oem7/inspva,39.663,-75.756,-1.801139991,0.000913500,-0.000258320,0.000736266,0.000540734,-0.000258320,,novatel_oem7_msgs.msg.InertialSolutionStatus(status=3),
1786043791707969808,1786043791.706111476,/novatel/oem7/fix,/novatel/oem7/fix,/novatel/oem7/inspva,39.663,-75.756,-1.801139991,0.000913500,-0.000258320,0.000736266,0.000540734,-0.000258320,,0,
1786043791708985112,1786043791.706550444,/novatel/oem7/odom,/novatel/oem7/fix,/novatel/oem7/odom,39.663,-75.756,-1.801139991,0.000914639,-0.000254255,0.000576786,0.000709847,-0.000254255,,,
1786043791710574094,1786043791.709271148,/novatel/oem7/bestpos,/novatel/oem7/bestpos,/novatel/oem7/odom,39.663,-75.756,33.181240473,0.000914639,-0.000254255,0.000576786,0.000709847,-0.000254255,,novatel_oem7_msgs.msg.SolutionStatus(status=0),novatel_oem7_msgs.msg.PositionOrVelocityType(type=53)
1786043791711469553,1786043791.709754066,/novatel/oem7/bestvel,/novatel/oem7/bestpos,/novatel/oem7/bestvel,39.663,-75.756,33.181240473,0.000913012,-0.000241382,,,,28.075935732,novatel_oem7_msgs.msg.SolutionStatus(status=0),novatel_oem7_msgs.msg.PositionOrVelocityType(type=53)
1786043791715107550,1786043791.714407653,/novatel/oem7/odom,/novatel/oem7/bestpos,/novatel/oem7/odom,39.663,-75.756,33.181240473,0.000914639,-0.000254255,0.000576786,0.000709847,-0.000254255,,,
1786043791725977266,1786043791.725297672,/novatel/oem7/inspva,/novatel/oem7/inspva,/novatel/oem7/inspva,39.663,-75.756,-1.801137065,0.001217424,-0.000150824,0.001156088,0.000381550,-0.000150824,,novatel_oem7_msgs.msg.InertialSolutionStatus(status=3),
1786043791727325196,1786043791.725474984,/novatel/oem7/fix,/novatel/oem7/fix,/novatel/oem7/inspva,39.663,-75.756,-1.801137065,0.001217424,-0.000150824,0.001156088,0.000381550,-0.000150824,,0,
1786043791728339157,1786043791.726052004,/novatel/oem7/odom,/novatel/oem7/fix,/novatel/oem7/odom,39.663,-75.756,-1.801137065,0.001217996,-0.000146130,0.000437745,0.001136615,-0.000146130,,,
1786043791737272000,1786043791.736528312,/novatel/oem7/odom,/novatel/oem7/fix,/novatel/oem7/odom,39.663,-75.756,-1.801137065,0.001217996,-0.000146130,0.000437745,0.001136615,-0.000146130,,,
1786043791745860906,1786043791.745127902,/novatel/oem7/inspva,/novatel/oem7/inspva,/novatel/oem7/inspva,39.663,-75.756,-1.801134729,0.001152628,-0.000197387,0.001002388,0.000569008,-0.000197387,,novatel_oem7_msgs.msg.InertialSolutionStatus(status=3),
1786043791747153292,1786043791.745306994,/novatel/oem7/fix,/novatel/oem7/fix,/novatel/oem7/inspva,39.663,-75.756,-1.801134729,0.001152628,-0.000197387,0.001002388,0.000569008,-0.000197387,,0,
1786043791748179473,1786043791.745657259,/novatel/oem7/odom,/novatel/oem7/fix,/novatel/oem7/odom,39.663,-75.756,-1.801134729,0.001153462,-0.000192454,0.000617701,0.000974126,-0.000192454,,,
1786043791756359125,1786043791.755628118,/novatel/oem7/odom,/novatel/oem7/fix,/novatel/oem7/odom,39.663,-75.756,-1.801134729,0.001153462,-0.000192454,0.000617701,0.000974126,-0.000192454,,,
1786043791767344263,1786043791.766676623,/novatel/oem7/inspva,/novatel/oem7/inspva,/novatel/oem7/inspva,39.663,-75.756,-1.801131694,0.001130136,-0.000100807,0.000896249,0.000688437,-0.000100807,,novatel_oem7_msgs.msg.InertialSolutionStatus(status=3),
1786043791768872678,1786043791.766849631,/novatel/oem7/fix,/novatel/oem7/fix,/novatel/oem7/inspva,39.663,-75.756,-1.801131694,0.001130136,-0.000100807,0.000896249,0.000688437,-0.000100807,,0,
1786043791770172448,1786043791.767216035,/novatel/oem7/odom,/novatel/oem7/fix,/novatel/oem7/odom,39.663,-75.756,-1.801131694,0.001130575,-0.000095757,0.000731475,0.000862059,-0.000095757,,,
1786043791775381754,1786043791.774651446,/novatel/oem7/odom,/novatel/oem7/fix,/novatel/oem7/odom,39.663,-75.756,-1.801131694,0.001130575,-0.000095757,0.000731475,0.000862059,-0.000095757,,,
1786043791785565746,1786043791.784883102,/novatel/oem7/inspva,/novatel/oem7/inspva,/novatel/oem7/inspva,39.663,-75.756,-1.801129663,0.001287331,-0.000068682,0.000929742,0.000890394,-0.000068682,,novatel_oem7_msgs.msg.InertialSolutionStatus(status=3),
1786043791786931943,1786043791.785057628,/novatel/oem7/fix,/novatel/oem7/fix,/novatel/oem7/inspva,39.663,-75.756,-1.801129663,0.001287331,-0.000068682,0.000929742,0.000890394,-0.000068682,,0,
1786043791787953873,1786043791.785498020,/novatel/oem7/odom,/novatel/oem7/fix,/novatel/oem7/odom,39.663,-75.756,-1.801129663,0.001287631,-0.000062816,0.000934698,0.000885626,-0.000062816,,,
1786043791796145156,1786043791.795405268,/novatel/oem7/odom,/novatel/oem7/fix,/novatel/oem7/odom,39.663,-75.756,-1.801129663,0.001287631,-0.000062816,0.000934698,0.000885626,-0.000062816,,,
1786043791807165057,1786043791.806480684,/novatel/oem7/inspva,/novatel/oem7/inspva,/novatel/oem7/inspva,39.663,-75.756,-1.801131267,0.001206830,-0.000454406,0.001084537,0.000529357,-0.000454406,,novatel_oem7_msgs.msg.InertialSolutionStatus(status=3),
1786043791808526191,1786043791.806666896,/novatel/oem7/fix,/novatel/oem7/fix,/novatel/oem7/inspva,39.663,-75.756,-1.801131267,0.001206830,-0.000454406,0.001084537,0.000529357,-0.000454406,,0,
1786043791809576448,1786043791.807011882,/novatel/oem7/odom,/novatel/oem7/fix,/novatel/oem7/odom,39.663,-75.756,-1.801131267,0.001208712,-0.000449377,0.000583032,0.001058801,-0.000449377,,,
1786043791811169721,1786043791.810327446,/novatel/oem7/bestpos,/novatel/oem7/bestpos,/novatel/oem7/odom,39.663,-75.756,33.181246768,0.001208712,-0.000449377,0.000583032,0.001058801,-0.000449377,,novatel_oem7_msgs.msg.SolutionStatus(status=0),novatel_oem7_msgs.msg.PositionOrVelocityType(type=53)
1786043791812549945,1786043791.810727650,/novatel/oem7/bestvel,/novatel/oem7/bestpos,/novatel/oem7/bestvel,39.663,-75.756,33.181246768,0.001525119,-0.000731448,,,,46.418612506,novatel_oem7_msgs.msg.SolutionStatus(status=0),novatel_oem7_msgs.msg.PositionOrVelocityType(type=53)
1786043791815376056,1786043791.814653689,/novatel/oem7/odom,/novatel/oem7/bestpos,/novatel/oem7/odom,39.663,-75.756,33.181246768,0.001208712,-0.000449377,0.000583032,0.001058801,-0.000449377,,,
1786043791826710828,1786043791.826017554,/novatel/oem7/inspva,/novatel/oem7/inspva,/novatel/oem7/inspva,39.663,-75.756,-1.801125521,0.001415042,-0.000207883,0.001151215,0.000822829,-0.000207883,,novatel_oem7_msgs.msg.InertialSolutionStatus(status=3),
1786043791828044657,1786043791.826189065,/novatel/oem7/fix,/novatel/oem7/fix,/novatel/oem7/inspva,39.663,-75.756,-1.801125521,0.001415042,-0.000207883,0.001151215,0.000822829,-0.000207883,,0,
1786043791829057484,1786043791.826587123,/novatel/oem7/odom,/novatel/oem7/fix,/novatel/oem7/odom,39.663,-75.756,-1.801125521,0.001415947,-0.000201626,0.000878467,0.001110496,-0.000201626,,,
1786043791835036108,1786043791.834300220,/novatel/oem7/odom,/novatel/oem7/fix,/novatel/oem7/odom,39.663,-75.756,-1.801125521,0.001415947,-0.000201626,0.000878467,0.001110496,-0.000201626,,,
1786043791845887424,1786043791.845136416,/novatel/oem7/inspva,/novatel/oem7/inspva,/novatel/oem7/inspva,39.663,-75.756,-1.801119934,0.001301130,0.000094805,0.001123813,0.000655732,0.000094805,,novatel_oem7_msgs.msg.InertialSolutionStatus(status=3),
1786043791847169790,1786043791.845312205,/novatel/oem7/fix,/novatel/oem7/fix,/novatel/oem7/inspva,39.663,-75.756,-1.801119934,0.001301130,0.000094805,0.001123813,0.000655732,0.000094805,,0,
1786043791848198550,1786043791.845616440,/novatel/oem7/odom,/novatel/oem7/fix,/novatel/oem7/odom,39.663,-75.756,-1.801119934,0.001300712,0.000100379,0.000709105,0.001090423,0.000100379,,,
1786043791857037876,1786043791.856298442,/novatel/oem7/odom,/novatel/oem7/fix,/novatel/oem7/odom,39.663,-75.756,-1.801119934,0.001300712,0.000100379,0.000709105,0.001090423,0.000100379,,,
1786043791865730430,1786043791.865006619,/novatel/oem7/inspva,/novatel/oem7/inspva,/novatel/oem7/inspva,39.663,-75.756,-1.801113912,0.001742136,-0.000023202,0.001471686,0.000932297,-0.000023202,,novatel_oem7_msgs.msg.InertialSolutionStatus(status=3),
1786043791867075877,1786043791.865226482,/novatel/oem7/fix,/novatel/oem7/fix,/novatel/oem7/inspva,39.663,-75.756,-1.801113912,0.001742136,-0.000023202,0.001471686,0.000932297,-0.000023202,,0,
1786043791868099698,1786043791.865677820,/novatel/oem7/odom,/novatel/oem7/fix,/novatel/oem7/odom,39.663,-75.756,-1.801113912,0.001742221,-0.000015629,0.001002654,0.001424787,-0.000015629,,,
1786043791875145398,1786043791.874407181,/novatel/oem7/odom,/novatel/oem7/fix,/novatel/oem7/odom,39.663,-75.756,-1.801113912,0.001742221,-0.000015629,0.001002654,0.001424787,-0.000015629,,,
1786043791887190380,1786043791.886590941,/novatel/oem7/inspva,/novatel/oem7/inspva,/novatel/oem7/inspva,39.663,-75.756,-1.801107490,0.001434383,0.000186620,0.001306780,0.000591421,0.000186620,,novatel_oem7_msgs.msg.InertialSolutionStatus(status=3),
1786043791888714372,1786043791.886747248,/novatel/oem7/fix,/novatel/oem7/fix,/novatel/oem7/inspva,39.663,-75.756,-1.801107490,0.001434383,0.000186620,0.001306780,0.000591421,0.000186620,,0,
1786043791889845197,1786043791.887155213,/novatel/oem7/odom,/novatel/oem7/fix,/novatel/oem7/odom,39.663,-75.756,-1.801107490,0.001433607,0.000192490,0.000653400,0.001276047,0.000192490,,,
1786043791895781083,1786043791.895030852,/novatel/oem7/odom,/novatel/oem7/fix,/novatel/oem7/odom,39.663,-75.756,-1.801107490,0.001433607,0.000192490,0.000653400,0.001276047,0.000192490,,,
1786043791906387310,1786043791.905786244,/novatel/oem7/inspva,/novatel/oem7/inspva,/novatel/oem7/inspva,39.663,-75.756,-1.801100964,0.001599019,-0.000022940,0.001312769,0.000912962,-0.000022940,,novatel_oem7_msgs.msg.InertialSolutionStatus(status=3),
1786043791907877475,1786043791.905932298,/novatel/oem7/fix,/novatel/oem7/fix,/novatel/oem7/inspva,39.663,-75.756,-1.801100964,0.001599019,-0.000022940,0.001312769,0.000912962,-0.000022940,,0,
1786043791909073700,1786043791.906416890,/novatel/oem7/odom,/novatel/oem7/fix,/novatel/oem7/odom,39.663,-75.756,-1.801100964,0.001599105,-0.000015887,0.000975626,0.001267000,-0.000015887,,,
1786043791910769897,1786043791.909312983,/novatel/oem7/bestpos,/novatel/oem7/bestpos,/novatel/oem7/odom,39.663,-75.756,33.181277839,0.001599105,-0.000015887,0.000975626,0.001267000,-0.000015887,,novatel_oem7_msgs.msg.SolutionStatus(status=0),novatel_oem7_msgs.msg.PositionOrVelocityType(type=53)
1786043791911797671,1786043791.909898672,/novatel/oem7/bestvel,/novatel/oem7/bestpos,/novatel/oem7/bestvel,39.663,-75.756,33.181277839,0.001857858,-0.000213491,,,,32.284119313,novatel_oem7_msgs.msg.SolutionStatus(status=0),novatel_oem7_msgs.msg.PositionOrVelocityType(type=53)
1786043791916193839,1786043791.915491525,/novatel/oem7/odom,/novatel/oem7/bestpos,/novatel/oem7/odom,39.663,-75.756,33.181277839,0.001599105,-0.000015887,0.000975626,0.001267000,-0.000015887,,,
1786043791925764755,1786043791.925180742,/novatel/oem7/inspva,/novatel/oem7/inspva,/novatel/oem7/inspva,39.663,-75.756,-1.801092518,0.001523799,0.000238638,0.001368521,0.000670159,0.000238638,,novatel_oem7_msgs.msg.InertialSolutionStatus(status=3),
1786043791927186303,1786043791.925318107,/novatel/oem7/fix,/novatel/oem7/fix,/novatel/oem7/inspva,39.663,-75.756,-1.801092518,0.001523799,0.000238638,0.001368521,0.000670159,0.000238638,,0,
1786043791928686955,1786043791.925918487,/novatel/oem7/odom,/novatel/oem7/fix,/novatel/oem7/odom,39.663,-75.756,-1.801092518,0.001522794,0.000244972,0.000734838,0.001333759,0.000244972,,,
1786043791935686671,1786043791.934928697,/novatel/oem7/odom,/novatel/oem7/fix,/novatel/oem7/odom,39.663,-75.756,-1.801092518,0.001522794,0.000244972,0.000734838,0.001333759,0.000244972,,,
1786043791946622311,1786043791.946015212,/novatel/oem7/inspva,/novatel/oem7/inspva,/novatel/oem7/inspva,39.663,-75.756,-1.801083893,0.001651798,0.000166948,0.001523027,0.000639395,0.000166948,,novatel_oem7_msgs.msg.InertialSolutionStatus(status=3),
1786043791948085416,1786043791.946156817,/novatel/oem7/fix,/novatel/oem7/fix,/novatel/oem7/inspva,39.663,-75.756,-1.801083893,0.001651798,0.000166948,0.001523027,0.000639395,0.000166948,,0,
1786043791949270562,1786043791.946591078,/novatel/oem7/odom,/novatel/oem7/fix,/novatel/oem7/odom,39.663,-75.756,-1.801083893,0.001651111,0.000173611,0.000711878,0.001489764,0.000173611,,,
1786043791956468961,1786043791.955777424,/novatel/oem7/odom,/novatel/oem7/fix,/novatel/oem7/odom,39.663,-75.756,-1.801083893,0.001651111,0.000173611,0.000711878,0.001489764,0.000173611,,,
1786043791965904506,1786043791.965276119,/novatel/oem7/inspva,/novatel/oem7/inspva,/novatel/oem7/inspva,39.663,-75.756,-1.801074978,0.001733188,0.000215079,0.001541955,0.000791401,0.000215079,,novatel_oem7_msgs.msg.InertialSolutionStatus(status=3),
1786043791967376694,1786043791.965430045,/novatel/oem7/fix,/novatel/oem7/fix,/novatel/oem7/inspva,39.663,-75.756,-1.801074978,0.001733188,0.000215079,0.001541955,0.000791401,0.000215079,,0,
1786043791968595270,1786043791.966054687,/novatel/oem7/odom,/novatel/oem7/fix,/novatel/oem7/odom,39.663,-75.756,-1.801074978,0.001732272,0.000222342,0.000864443,0.001501167,0.000222342,,,
1786043791976159193,1786043791.975460926,/novatel/oem7/odom,/novatel/oem7/fix,/novatel/oem7/odom,39.663,-75.756,-1.801074978,0.001732272,0.000222342,0.000864443,0.001501167,0.000222342,,,
1786043791985684109,1786043791.985093666,/novatel/oem7/inspva,/novatel/oem7/inspva,/novatel/oem7/inspva,39.663,-75.756,-1.801064460,0.001661468,0.000288427,0.001528822,0.000650523,0.000288427,,novatel_oem7_msgs.msg.InertialSolutionStatus(status=3),
1786043791987119783,1786043791.985232724,/novatel/oem7/fix,/novatel/oem7/fix,/novatel/oem7/inspva,39.663,-75.756,-1.801064460,0.001661468,0.000288427,0.001528822,0.000650523,0.000288427,,0,
1786043791988238707,1786043791.985655781,/novatel/oem7/odom,/novatel/oem7/fix,/novatel/oem7/odom,39.663,-75.756,-1.801064460,0.001660286,0.000295160,0.000722820,0.001494684,0.000295160,,,
1786043791995075559,1786043791.994314636,/novatel/oem7/odom,/novatel/oem7/fix,/novatel/oem7/odom,39.663,-75.756,-1.801064460,0.001660286,0.000295160,0.000722820,0.001494684,0.000295160,,,
1786043792008787804,1786043792.008206762,/novatel/oem7/inspva,/novatel/oem7/inspva,/novatel/oem7/inspva,39.663,-75.756,-1.801056034,0.001774137,0.000434406,0.001490302,0.000962582,0.000434406,,novatel_oem7_msgs.msg.InertialSolutionStatus(status=3),
1786043792010294976,1786043792.008348240,/novatel/oem7/fix,/novatel/oem7/fix,/novatel/oem7/inspva,39.663,-75.756,-1.801056034,0.001774137,0.000434406,0.001490302,0.000962582,0.000434406,,0,
1786043792011450771,1786043792.009482805,/novatel/oem7/odom,/novatel/oem7/fix,/novatel/oem7/odom,39.663,-75.756,-1.801056034,0.001772226,0.000442140,0.001032098,0.001440680,0.000442140,,,
1786043792016364694,1786043792.015658837,/novatel/oem7/odom,/novatel/oem7/fix,/novatel/oem7/odom,39.663,-75.756,-1.801056034,0.001772226,0.000442140,0.001032098,0.001440680,0.000442140,,,
1786043792026106516,1786043792.025493373,/novatel/oem7/bestpos,/novatel/oem7/bestpos,/novatel/oem7/odom,39.663,-75.756,33.181321553,0.001772226,0.000442140,0.001032098,0.001440680,0.000442140,,novatel_oem7_msgs.msg.SolutionStatus(status=0),novatel_oem7_msgs.msg.PositionOrVelocityType(type=53)
1786043792027768579,1786043792.026537176,/novatel/oem7/bestvel,/novatel/oem7/bestpos,/novatel/oem7/bestvel,39.663,-75.756,33.181321553,0.001896843,0.000330629,,,,35.853314450,novatel_oem7_msgs.msg.SolutionStatus(status=0),novatel_oem7_msgs.msg.PositionOrVelocityType(type=53)
1786043792029341475,1786043792.027293714,/novatel/oem7/inspva,/novatel/oem7/inspva,/novatel/oem7/inspva,39.663,-75.756,-1.801046468,0.001730822,0.000172092,0.001288318,0.001155847,0.000172092,,novatel_oem7_msgs.msg.InertialSolutionStatus(status=3),
1786043792030279494,1786043792.027448906,/novatel/oem7/fix,/novatel/oem7/fix,/novatel/oem7/inspva,39.663,-75.756,-1.801046468,0.001730822,0.000172092,0.001288318,0.001155847,0.000172092,,0,
1786043792031385915,1786043792.027900317,/novatel/oem7/odom,/novatel/oem7/fix,/novatel/oem7/odom,39.663,-75.756,-1.801046468,0.001730026,0.000179917,0.001216320,0.001230267,0.000179917,,,
1786043792036306855,1786043792.035577374,/novatel/oem7/odom,/novatel/oem7/fix,/novatel/oem7/odom,39.663,-75.756,-1.801046468,0.001730026,0.000179917,0.001216320,0.001230267,0.000179917,,,
1786043792046040660,1786043792.045493317,/novatel/oem7/inspva,/novatel/oem7/inspva,/novatel/oem7/inspva,39.663,-75.756,-1.801044589,0.001720062,0.000378112,0.001455917,0.000915924,0.000378112,,novatel_oem7_msgs.msg.InertialSolutionStatus(status=3),
1786043792047512895,1786043792.045631935,/novatel/oem7/fix,/novatel/oem7/fix,/novatel/oem7/inspva,39.663,-75.756,-1.801044589,0.001720062,0.000378112,0.001455917,0.000915924,0.000378112,,0,
1786043792048628756,1786043792.046333536,/novatel/oem7/odom,/novatel/oem7/fix,/novatel/oem7/odom,39.663,-75.756,-1.801044589,0.001718410,0.000385549,0.000984046,0.001408754,0.000385549,,,
1786043792057317186,1786043792.056597159,/novatel/oem7/odom,/novatel/oem7/fix,/novatel/oem7/odom,39.663,-75.756,-1.801044589,0.001718410,0.000385549,0.000984046,0.001408754,0.000385549,,,
1786043792067002308,1786043792.066357644,/novatel/oem7/inspva,/novatel/oem7/inspva,/novatel/oem7/inspva,39.663,-75.756,-1.801047423,0.001560595,0.000346661,0.001237194,0.000951214,0.000346661,,novatel_oem7_msgs.msg.InertialSolutionStatus(status=3),
1786043792068460976,1786043792.066543606,/novatel/oem7/fix,/novatel/oem7/fix,/novatel/oem7/inspva,39.663,-75.756,-1.801047423,0.001560595,0.000346661,0.001237194,0.000951214,0.000346661,,0,
1786043792069670871,1786043792.066935852,/novatel/oem7/odom,/novatel/oem7/fix,/novatel/oem7/odom,39.663,-75.756,-1.801047423,0.001559037,0.000353604,0.001008805,0.001188659,0.000353604,,,
1786043792075521620,1786043792.074765082,/novatel/oem7/odom,/novatel/oem7/fix,/novatel/oem7/odom,39.663,-75.756,-1.801047423,0.001559037,0.000353604,0.001008805,0.001188659,0.000353604,,,
1786043792086033419,1786043792.085454027,/novatel/oem7/inspva,/novatel/oem7/inspva,/novatel/oem7/inspva,39.663,-75.756,-1.801050718,0.002204706,0.000090933,0.001849996,0.001199268,0.000090933,,novatel_oem7_msgs.msg.InertialSolutionStatus(status=3),
1786043792087596198,1786043792.085611328,/novatel/oem7/fix,/novatel/oem7/fix,/novatel/oem7/inspva,39.663,-75.756,-1.801050718,0.002204706,0.000090933,0.001849996,0.001199268,0.000090933,,0,
1786043792088963555,1786043792.086151449,/novatel/oem7/odom,/novatel/oem7/fix,/novatel/oem7/odom,39.663,-75.756,-1.801050718,0.002204290,0.000100516,0.001287226,0.001789397,0.000100516,,,
1786043792096320266,1786043792.095593159,/novatel/oem7/odom,/novatel/oem7/fix,/novatel/oem7/odom,39.663,-75.756,-1.801050718,0.002204290,0.000100516,0.001287226,0.001789397,0.000100516,,,
1786043792106365500,1786043792.105797408,/novatel/oem7/inspva,/novatel/oem7/inspva,/novatel/oem7/inspva,39.663,-75.756,-1.801052091,0.001692108,0.000257429,0.001497883,0.000787131,0.000257429,,novatel_oem7_msgs.msg.InertialSolutionStatus(status=3),
1786043792107895103,1786043792.105953426,/novatel/oem7/fix,/novatel/oem7/fix,/novatel/oem7/inspva,39.663,-75.756,-1.801052091,0.001692108,0.000257429,0.001497883,0.000787131,0.000257429,,0,
1786043792109039747,1786043792.106381736,/novatel/oem7/odom,/novatel/oem7/fix,/novatel/oem7/odom,39.663,-75.756,-1.801052091,0.001691012,0.000264534,0.000857890,0.001457239,0.000264534,,,
1786043792110702718,1786043792.109224569,/novatel/oem7/bestpos,/novatel/oem7/bestpos,/novatel/oem7/odom,39.663,-75.756,33.181343835,0.001691012,0.000264534,0.000857890,0.001457239,0.000264534,,novatel_oem7_msgs.msg.SolutionStatus(status=0),novatel_oem7_msgs.msg.PositionOrVelocityType(type=53)
1786043792111686871,1786043792.109864646,/novatel/oem7/bestvel,/novatel/oem7/bestpos,/novatel/oem7/bestvel,39.663,-75.756,33.181343835,0.001894351,0.000102220,,,,28.195213769,novatel_oem7_msgs.msg.SolutionStatus(status=0),novatel_oem7_msgs.msg.PositionOrVelocityType(type=53)
1786043792115098968,1786043792.114368821,/novatel/oem7/odom,/novatel/oem7/bestpos,/novatel/oem7/odom,39.663,-75.756,33.181343835,0.001691012,0.000264534,0.000857890,0.001457239,0.000264534,,,
1786043792127101216,1786043792.126505127,/novatel/oem7/inspva,/novatel/oem7/inspva,/novatel/oem7/inspva,39.663,-75.756,-1.801054656,0.002126276,0.000201373,0.001711800,0.001261265,0.000201373,,novatel_oem7_msgs.msg.InertialSolutionStatus(status=3),
1786043792128607735,1786043792.126664319,/novatel/oem7/fix,/novatel/oem7/fix,/novatel/oem7/inspva,39.663,-75.756,-1.801054656,0.002126276,0.000201373,0.001711800,0.001261265,0.000201373,,0,
1786043792129771486,1786043792.127036069,/novatel/oem7/odom,/novatel/oem7/fix,/novatel/oem7/odom,39.663,-75.756,-1.801054656,0.002125364,0.000210779,0.001342057,0.001648046,0.000210779,,,
1786043792136175861,1786043792.135486921,/novatel/oem7/odom,/novatel/oem7/fix,/novatel/oem7/odom,39.663,-75.756,-1.801054656,0.002125364,0.000210779,0.001342057,0.001648046,0.000210779,,,
1786043792145496945,1786043792.144913002,/novatel/oem7/inspva,/novatel/oem7/inspva,/novatel/oem7/inspva,39.663,-75.756,-1.801059821,0.001734192,0.000089313,0.001531787,0.000813051,0.000089313,,novatel_oem7_msgs.msg.InertialSolutionStatus(status=3),
1786043792146922716,1786043792.145061894,/novatel/oem7/fix,/novatel/oem7/fix,/novatel/oem7/inspva,39.663,-75.756,-1.801059821,0.001734192,0.000089313,0.001531787,0.000813051,0.000089313,,0,
1786043792148030190,1786043792.145464548,/novatel/oem7/odom,/novatel/oem7/fix,/novatel/oem7/odom,39.663,-75.756,-1.801059821,0.001733801,0.000096605,0.000886053,0.001490294,0.000096605,,,
1786043792156226579,1786043792.155536502,/novatel/oem7/odom,/novatel/oem7/fix,/novatel/oem7/odom,39.663,-75.756,-1.801059821,0.001733801,0.000096605,0.000886053,0.001490294,0.000096605,,,
1786043792165950354,1786043792.165247144,/novatel/oem7/inspva,/novatel/oem7/inspva,/novatel/oem7/inspva,39.663,-75.756,-1.801062932,0.002320402,0.000025769,0.001715514,0.001562458,0.000025769,,novatel_oem7_msgs.msg.InertialSolutionStatus(status=3),
1786043792167490640,1786043792.165408379,/novatel/oem7/fix,/novatel/oem7/fix,/novatel/oem7/inspva,39.663,-75.756,-1.801062932,0.002320402,0.000025769,0.001715514,0.001562458,0.000025769,,0,
1786043792168631134,1786043792.166066642,/novatel/oem7/odom,/novatel/oem7/fix,/novatel/oem7/odom,39.663,-75.756,-1.801062932,0.002320262,0.000036241,0.001643708,0.001637632,0.000036241,,,
1786043792175487447,1786043792.174743149,/novatel/oem7/odom,/novatel/oem7/fix,/novatel/oem7/odom,39.663,-75.756,-1.801062932,0.002320262,0.000036241,0.001643708,0.001637632,0.000036241,,,
1786043792186826691,1786043792.186226082,/novatel/oem7/inspva,/novatel/oem7/inspva,/novatel/oem7/inspva,39.663,-75.756,-1.801063490,0.001519297,0.000327813,0.001262734,0.000844847,0.000327813,,novatel_oem7_msgs.msg.InertialSolutionStatus(status=3),
1786043792188262192,1786043792.186380413,/novatel/oem7/fix,/novatel/oem7/fix,/novatel/oem7/inspva,39.663,-75.756,-1.801063490,0.001519297,0.000327813,0.001262734,0.000844847,0.000327813,,0,
1786043792189362980,1786043792.186808087,/novatel/oem7/odom,/novatel/oem7/fix,/novatel/oem7/odom,39.663,-75.756,-1.801063490,0.001517852,0.000334440,0.000903873,0.001219380,0.000334440,,,
1786043792195561809,1786043792.194796481,/novatel/oem7/odom,/novatel/oem7/fix,/novatel/oem7/odom,39.663,-75.756,-1.801063490,0.001517852,0.000334440,0.000903873,0.001219380,0.000334440,,,
1786043792206935943,1786043792.206339564,/novatel/oem7/inspva,/novatel/oem7/inspva,/novatel/oem7/inspva,39.663,-75.756,-1.801067006,0.002259886,0.000203423,0.001823821,0.001334452,0.000203423,,novatel_oem7_msgs.msg.InertialSolutionStatus(status=3),
1786043792208356211,1786043792.206515696,/novatel/oem7/fix,/novatel/oem7/fix,/novatel/oem7/inspva,39.663,-75.756,-1.801067006,0.002259886,0.000203423,0.001823821,0.001334452,0.000203423,,0,
1786043792209525359,1786043792.207259999,/novatel/oem7/odom,/novatel/oem7/fix,/novatel/oem7/odom,39.663,-75.756,-1.801067006,0.002258967,0.000213380,0.001420562,0.001756399,0.000213380,,,
1786043792211108282,1786043792.210263431,/novatel/oem7/bestpos,/novatel/oem7/bestpos,/novatel/oem7/odom,39.663,-75.756,33.181339225,0.002258967,0.000213380,0.001420562,0.001756399,0.000213380,,novatel_oem7_msgs.msg.SolutionStatus(status=0),novatel_oem7_msgs.msg.PositionOrVelocityType(type=53)
1786043792212633205,1786043792.210671751,/novatel/oem7/bestvel,/novatel/oem7/bestpos,/novatel/oem7/bestvel,39.663,-75.756,33.181339225,0.001808923,0.000546537,,,,39.450760110,novatel_oem7_msgs.msg.SolutionStatus(status=0),novatel_oem7_msgs.msg.PositionOrVelocityType(type=53)
1786043792216197030,1786043792.215510889,/novatel/oem7/odom,/novatel/oem7/bestpos,/novatel/oem7/odom,39.663,-75.756,33.181339225,0.002258967,0.000213380,0.001420562,0.001756399,0.000213380,,,
1786043792226063496,1786043792.225470500,/novatel/oem7/inspva,/novatel/oem7/inspva,/novatel/oem7/inspva,39.663,-75.756,-1.801069645,0.001733019,0.000227763,0.001441444,0.000962076,0.000227763,,novatel_oem7_msgs.msg.InertialSolutionStatus(status=3),
1786043792227599378,1786043792.225636159,/novatel/oem7/fix,/novatel/oem7/fix,/novatel/oem7/inspva,39.663,-75.756,-1.801069645,0.001733019,0.000227763,0.001441444,0.000962076,0.000227763,,0,
1786043792228797234,1786043792.226113017,/novatel/oem7/odom,/novatel/oem7/fix,/novatel/oem7/odom,39.663,-75.756,-1.801069645,0.001732009,0.000235319,0.001029994,0.001392468,0.000235319,,,
1786043792235250605,1786043792.234479238,/novatel/oem7/odom,/novatel/oem7/fix,/novatel/oem7/odom,39.663,-75.756,-1.801069645,0.001732009,0.000235319,0.001029994,0.001392468,0.000235319,,,
1786043792246950176,1786043792.246370021,/novatel/oem7/inspva,/novatel/oem7/inspva,/novatel/oem7/inspva,39.663,-75.756,-1.801070924,0.002090252,0.000315974,0.001669329,0.001257972,0.000315974,,novatel_oem7_msgs.msg.InertialSolutionStatus(status=3),
1786043792248440442,1786043792.246539242,/novatel/oem7/fix,/novatel/oem7/fix,/novatel/oem7/inspva,39.663,-75.756,-1.801070924,0.002090252,0.000315974,0.001669329,0.001257972,0.000315974,,0,
1786043792249822135,1786043792.247145458,/novatel/oem7/odom,/novatel/oem7/fix,/novatel/oem7/odom,39.663,-75.756,-1.801070924,0.002088832,0.000325227,0.001336252,0.001605506,0.000325227,,,
1786043792256821090,1786043792.256107202,/novatel/oem7/odom,/novatel/oem7/fix,/novatel/oem7/odom,39.663,-75.756,-1.801070924,0.002088832,0.000325227,0.001336252,0.001605506,0.000325227,,,
1786043792265609514,1786043792.264994278,/novatel/oem7/inspva,/novatel/oem7/inspva,/novatel/oem7/inspva,39.663,-75.756,-1.801072385,0.001698208,0.000389648,0.001186126,0.001215326,0.000389648,,novatel_oem7_msgs.msg.InertialSolutionStatus(status=3),
1786043792267132533,1786043792.265151547,/novatel/oem7/fix,/novatel/oem7/fix,/novatel/oem7/inspva,39.663,-75.756,-1.801072385,0.001698208,0.000389648,0.001186126,0.001215326,0.000389648,,0,
1786043792268282868,1786043792.265640975,/novatel/oem7/odom,/novatel/oem7/fix,/novatel/oem7/odom,39.663,-75.756,-1.801072385,0.001696415,0.000397381,0.001269966,0.001124727,0.000397381,,,
1786043792276174211,1786043792.275483220,/novatel/oem7/odom,/novatel/oem7/fix,/novatel/oem7/odom,39.663,-75.756,-1.801072385,0.001696415,0.000397381,0.001269966,0.001124727,0.000397381,,,
1786043792286115968,1786043792.285523652,/novatel/oem7/inspva,/novatel/oem7/inspva,/novatel/oem7/inspva,39.663,-75.756,-1.801070549,0.001994138,0.000568470,0.001333431,0.001482751,0.000568470,,novatel_oem7_msgs.msg.InertialSolutionStatus(status=3),
1786043792287604893,1786043792.285682587,/novatel/oem7/fix,/novatel/oem7/fix,/novatel/oem7/inspva,39.663,-75.756,-1.801070549,0.001994138,0.000568470,0.001333431,0.001482751,0.000568470,,0,
1786043792288735891,1786043792.286559882,/novatel/oem7/odom,/novatel/oem7/fix,/novatel/oem7/odom,39.663,-75.756,-1.801070549,0.001991522,0.000577567,0.001543549,0.001258419,0.000577567,,,
1786043792296026251,1786043792.295289760,/novatel/oem7/odom,/novatel/oem7/fix,/novatel/oem7/odom,39.663,-75.756,-1.801070549,0.001991522,0.000577567,0.001543549,0.001258419,0.000577567,,,
1786043792306561974,1786043792.305926041,/novatel/oem7/inspva,/novatel/oem7/inspva,/novatel/oem7/inspva,39.663,-75.756,-1.801069306,0.001626130,0.000535570,0.001069624,0.001224827,0.000535570,,novatel_oem7_msgs.msg.InertialSolutionStatus(status=3),
1786043792308021705,1786043792.306083266,/novatel/oem7/fix,/novatel/oem7/fix,/novatel/oem7/inspva,39.663,-75.756,-1.801069306,0.001626130,0.000535570,0.001069624,0.001224827,0.000535570,,0,
1786043792309187163,1786043792.306391272,/novatel/oem7/odom,/novatel/oem7/fix,/novatel/oem7/odom,39.663,-75.756,-1.801069306,0.001623666,0.000542994,0.001273265,0.001007515,0.000542994,,,
1786043792310847920,1786043792.309273941,/novatel/oem7/bestpos,/novatel/oem7/bestpos,/novatel/oem7/odom,39.663,-75.756,33.181331519,0.001623666,0.000542994,0.001273265,0.001007515,0.000542994,,novatel_oem7_msgs.msg.SolutionStatus(status=0),novatel_oem7_msgs.msg.PositionOrVelocityType(type=53)
1786043792311898351,1786043792.309610481,/novatel/oem7/bestvel,/novatel/oem7/bestpos,/novatel/oem7/bestvel,39.663,-75.756,33.181331519,0.001482336,0.000650176,,,,50.281844256,novatel_oem7_msgs.msg.SolutionStatus(status=0),novatel_oem7_msgs.msg.PositionOrVelocityType(type=53)
1786043792316785660,1786043792.315902915,/novatel/oem7/odom,/novatel/oem7/bestpos,/novatel/oem7/odom,39.663,-75.756,33.181331519,0.001623666,0.000542994,0.001273265,0.001007515,0.000542994,,,
1786043792325965799,1786043792.325343786,/novatel/oem7/inspva,/novatel/oem7/inspva,/novatel/oem7/inspva,39.663,-75.756,-1.801062744,0.001797204,0.000808626,0.001206879,0.001331685,0.000808626,,novatel_oem7_msgs.msg.InertialSolutionStatus(status=3),
1786043792327404614,1786043792.325544658,/novatel/oem7/fix,/novatel/oem7/fix,/novatel/oem7/inspva,39.663,-75.756,-1.801062744,0.001797204,0.000808626,0.001206879,0.001331685,0.000808626,,0,
1786043792328518312,1786043792.326139118,/novatel/oem7/odom,/novatel/oem7/fix,/novatel/oem7/odom,39.663,-75.756,-1.801062744,0.001793495,0.000816819,0.001385635,0.001138701,0.000816819,,,
1786043792336145089,1786043792.335372674,/novatel/oem7/odom,/novatel/oem7/fix,/novatel/oem7/odom,39.663,-75.756,-1.801062744,0.001793495,0.000816819,0.001385635,0.001138701,0.000816819,,,
1786043792346571287,1786043792.345903877,/novatel/oem7/inspva,/novatel/oem7/inspva,/novatel/oem7/inspva,39.663,-75.756,-1.801060400,0.001815391,0.000647739,0.001246122,0.001320161,0.000647739,,novatel_oem7_msgs.msg.InertialSolutionStatus(status=3),
1786043792347947398,1786043792.346077205,/novatel/oem7/fix,/novatel/oem7/fix,/novatel/oem7/inspva,39.663,-75.756,-1.801060400,0.001815391,0.000647739,0.001246122,0.001320161,0.000647739,,0,
1786043792348994028,1786043792.346493479,/novatel/oem7/odom,/novatel/oem7/fix,/novatel/oem7/odom,39.663,-75.756,-1.801060400,0.001812419,0.000656009,0.001376630,0.001178878,0.000656009,,,
1786043792356396893,1786043792.355659762,/novatel/oem7/odom,/novatel/oem7/fix,/novatel/oem7/odom,39.663,-75.756,-1.801060400,0.001812419,0.000656009,0.001376630,0.001178878,0.000656009,,,
1786043792366879175,1786043792.366221012,/novatel/oem7/inspva,/novatel/oem7/inspva,/novatel/oem7/inspva,39.663,-75.756,-1.801057257,0.001841007,0.000459204,0.001275883,0.001327189,0.000459204,,novatel_oem7_msgs.msg.InertialSolutionStatus(status=3),
1786043792368278619,1786043792.366432540,/novatel/oem7/fix,/novatel/oem7/fix,/novatel/oem7/inspva,39.663,-75.756,-1.801057257,0.001841007,0.000459204,0.001275883,0.001327189,0.000459204,,0,
1786043792369325633,1786043792.366952659,/novatel/oem7/odom,/novatel/oem7/fix,/novatel/oem7/odom,39.663,-75.756,-1.801057257,0.001838899,0.000467574,0.001385792,0.001208772,0.000467574,,,
1786043792376118995,1786043792.375373810,/novatel/oem7/odom,/novatel/oem7/fix,/novatel/oem7/odom,39.663,-75.756,-1.801057257,0.001838899,0.000467574,0.001385792,0.001208772,0.000467574,,,
1786043792385579010,1786043792.384926283,/novatel/oem7/inspva,/novatel/oem7/inspva,/novatel/oem7/inspva,39.663,-75.756,-1.801055249,0.002079114,0.000453686,0.001385767,0.001549956,0.000453686,,novatel_oem7_msgs.msg.InertialSolutionStatus(status=3),
1786043792387026814,1786043792.385108995,/novatel/oem7/fix,/novatel/oem7/fix,/novatel/oem7/inspva,39.663,-75.756,-1.801055249,0.002079114,0.000453686,0.001385767,0.001549956,0.000453686,,0,
1786043792388096365,1786043792.385619320,/novatel/oem7/odom,/novatel/oem7/fix,/novatel/oem7/odom,39.663,-75.756,-1.801055249,0.002077021,0.000463171,0.001613637,0.001307743,0.000463171,,,
1786043792396131643,1786043792.395368105,/novatel/oem7/odom,/novatel/oem7/fix,/novatel/oem7/odom,39.663,-75.756,-1.801055249,0.002077021,0.000463171,0.001613637,0.001307743,0.000463171,,,
1786043792407242221,1786043792.406599821,/novatel/oem7/inspva,/novatel/oem7/inspva,/novatel/oem7/inspva,39.663,-75.756,-1.801054173,0.001873072,0.000530359,0.000985253,0.001593008,0.000530359,,novatel_oem7_msgs.msg.InertialSolutionStatus(status=3),
1786043792408724360,1786043792.406791560,/novatel/oem7/fix,/novatel/oem7/fix,/novatel/oem7/inspva,39.663,-75.756,-1.801054173,0.001873072,0.000530359,0.000985253,0.001593008,0.000530359,,0,
1786043792409807477,1786043792.407309252,/novatel/oem7/odom,/novatel/oem7/fix,/novatel/oem7/odom,39.663,-75.756,-1.801054173,0.001870643,0.000538863,0.001636927,0.000905414,0.000538863,,,
1786043792411340019,1786043792.410457907,/novatel/oem7/bestpos,/novatel/oem7/bestpos,/novatel/oem7/odom,39.663,-75.756,33.181345717,0.001870643,0.000538863,0.001636927,0.000905414,0.000538863,,novatel_oem7_msgs.msg.SolutionStatus(status=0),novatel_oem7_msgs.msg.PositionOrVelocityType(type=53)
1786043792412811171,1786043792.410893422,/novatel/oem7/bestvel,/novatel/oem7/bestpos,/novatel/oem7/bestvel,39.663,-75.756,33.181345717,0.001968475,0.000472485,,,,59.889535983,novatel_oem7_msgs.msg.SolutionStatus(status=0),novatel_oem7_msgs.msg.PositionOrVelocityType(type=53)
1786043792415902175,1786043792.415118180,/novatel/oem7/odom,/novatel/oem7/bestpos,/novatel/oem7/odom,39.663,-75.756,33.181345717,0.001870643,0.000538863,0.001636927,0.000905414,0.000538863,,,
1786043792425635550,1786043792.424985780,/novatel/oem7/inspva,/novatel/oem7/inspva,/novatel/oem7/inspva,39.663,-75.756,-1.801055588,0.002083509,0.000190727,0.001403089,0.001540243,0.000190727,,novatel_oem7_msgs.msg.InertialSolutionStatus(status=3),
1786043792427080688,1786043792.425178879,/novatel/oem7/fix,/novatel/oem7/fix,/novatel/oem7/inspva,39.663,-75.756,-1.801055588,0.002083509,0.000190727,0.001403089,0.001540243,0.000190727,,0,
1786043792428167669,1786043792.425637306,/novatel/oem7/odom,/novatel/oem7/fix,/novatel/oem7/odom,39.663,-75.756,-1.801055588,0.002082617,0.000200231,0.001605739,0.001326233,0.000200231,,,
1786043792436192510,1786043792.435430939,/novatel/oem7/odom,/novatel/oem7/fix,/novatel/oem7/odom,39.663,-75.756,-1.801055588,0.002082617,0.000200231,0.001605739,0.001326233,0.000200231,,,
1786043792445741433,1786043792.445116490,/novatel/oem7/inspva,/novatel/oem7/inspva,/novatel/oem7/inspva,39.663,-75.756,-1.801052749,0.001911408,0.000418103,0.001280427,0.001419150,0.000418103,,novatel_oem7_msgs.msg.InertialSolutionStatus(status=3),
1786043792447152137,1786043792.445299588,/novatel/oem7/fix,/novatel/oem7/fix,/novatel/oem7/inspva,39.663,-75.756,-1.801052749,0.001911408,0.000418103,0.001280427,0.001419150,0.000418103,,0,
1786043792448215824,1786043792.445817893,/novatel/oem7/odom,/novatel/oem7/fix,/novatel/oem7/odom,39.663,-75.756,-1.801052749,0.001909480,0.000426822,0.001478003,0.001208975,0.000426822,,,
1786043792457092187,1786043792.456346013,/novatel/oem7/odom,/novatel/oem7/fix,/novatel/oem7/odom,39.663,-75.756,-1.801052749,0.001909480,0.000426822,0.001478003,0.001208975,0.000426822,,,
1786043792465833565,1786043792.465216619,/novatel/oem7/inspva,/novatel/oem7/inspva,/novatel/oem7/inspva,39.663,-75.756,-1.801054086,0.002255649,0.000166490,0.001773714,0.001393517,0.000166490,,novatel_oem7_msgs.msg.InertialSolutionStatus(status=3),
1786043792467311320,1786043792.465393847,/novatel/oem7/fix,/novatel/oem7/fix,/novatel/oem7/inspva,39.663,-75.756,-1.801054086,0.002255649,0.000166490,0.001773714,0.001393517,0.000166490,,0,
1786043792468500758,1786043792.465881369,/novatel/oem7/odom,/novatel/oem7/fix,/novatel/oem7/odom,39.663,-75.756,-1.801054086,0.002254887,0.000176502,0.001477243,0.001703606,0.000176502,,,
1786043792475094028,1786043792.474334514,/novatel/oem7/odom,/novatel/oem7/fix,/novatel/oem7/odom,39.663,-75.756,-1.801054086,0.002254887,0.000176502,0.001477243,0.001703606,0.000176502,,,
1786043792485593714,1786043792.484964998,/novatel/oem7/inspva,/novatel/oem7/inspva,/novatel/oem7/inspva,39.663,-75.756,-1.801052558,0.001737993,0.000460455,0.001216789,0.001240985,0.000460455,,novatel_oem7_msgs.msg.InertialSolutionStatus(status=3),
1786043792487021635,1786043792.485157510,/novatel/oem7/fix,/novatel/oem7/fix,/novatel/oem7/inspva,39.663,-75.756,-1.801052558,0.001737993,0.000460455,0.001216789,0.001240985,0.000460455,,0,
1786043792488081899,1786043792.485677815,/novatel/oem7/odom,/novatel/oem7/fix,/novatel/oem7/odom,39.663,-75.756,-1.801052558,0.001735884,0.000468344,0.001296790,0.001153962,0.000468344,,,
1786043792496105113,1786043792.495356389,/novatel/oem7/odom,/novatel/oem7/fix,/novatel/oem7/odom,39.663,-75.756,-1.801052558,0.001735884,0.000468344,0.001296790,0.001153962,0.000468344,,,
1786043792506644342,1786043792.505961292,/novatel/oem7/inspva,/novatel/oem7/inspva,/novatel/oem7/inspva,39.663,-75.756,-1.801054818,0.001967108,0.000231321,0.001571949,0.001182578,0.000231321,,novatel_oem7_msgs.msg.InertialSolutionStatus(status=3),
1786043792508114867,1786043792.506137494,/novatel/oem7/fix,/novatel/oem7/fix,/novatel/oem7/inspva,39.663,-75.756,-1.801054818,0.001967108,0.000231321,0.001571949,0.001182578,0.000231321,,0,
1786043792509197915,1786043792.506791538,/novatel/oem7/odom,/novatel/oem7/fix,/novatel/oem7/odom,39.663,-75.756,-1.801054818,0.001966067,0.000240004,0.001256508,0.001512154,0.000240004,,,
1786043792512642617,1786043792.511917095,/novatel/oem7/bestpos,/novatel/oem7/bestpos,/novatel/oem7/odom,39.663,-75.756,33.181351885,0.001966067,0.000240004,0.001256508,0.001512154,0.000240004,,novatel_oem7_msgs.msg.SolutionStatus(status=0),novatel_oem7_msgs.msg.PositionOrVelocityType(type=53)
1786043792514089997,1786043792.512297706,/novatel/oem7/bestvel,/novatel/oem7/bestpos,/novatel/oem7/bestvel,39.663,-75.756,33.181351885,0.001885315,0.000289828,,,,41.842190536,novatel_oem7_msgs.msg.SolutionStatus(status=0),novatel_oem7_msgs.msg.PositionOrVelocityType(type=53)
1786043792515769698,1786043792.514526726,/novatel/oem7/odom,/novatel/oem7/bestpos,/novatel/oem7/odom,39.663,-75.756,33.181351885,0.001966067,0.000240004,0.001256508,0.001512154,0.000240004,,,
1786043792527070332,1786043792.526506679,/novatel/oem7/inspva,/novatel/oem7/inspva,/novatel/oem7/inspva,39.663,-75.756,-1.801056954,0.001751009,-0.000000293,0.001096386,0.001365273,-0.000000293,,novatel_oem7_msgs.msg.InertialSolutionStatus(status=3),
1786043792528507436,1786043792.526667808,/novatel/oem7/fix,/novatel/oem7/fix,/novatel/oem7/inspva,39.663,-75.756,-1.801056954,0.001751009,-0.000000293,0.001096386,0.001365273,-0.000000293,,0,
1786043792529606601,1786043792.527024864,/novatel/oem7/odom,/novatel/oem7/fix,/novatel/oem7/odom,39.663,-75.756,-1.801056954,0.001750992,0.000007693,0.001416791,0.001028921,0.000007693,,,
1786043792535336948,1786043792.534637831,/novatel/oem7/odom,/novatel/oem7/fix,/novatel/oem7/odom,39.663,-75.756,-1.801056954,0.001750992,0.000007693,0.001416791,0.001028921,0.000007693,,,
1786043792545645672,1786043792.545002672,/novatel/oem7/inspva,/novatel/oem7/inspva,/novatel/oem7/inspva,39.663,-75.756,-1.801056169,0.002222161,0.000238033,0.001529839,0.001611705,0.000238033,,novatel_oem7_msgs.msg.InertialSolutionStatus(status=3),
1786043792547065899,1786043792.545167014,/novatel/oem7/fix,/novatel/oem7/fix,/novatel/oem7/inspva,39.663,-75.756,-1.801056169,0.002222161,0.000238033,0.001529839,0.001611705,0.000238033,,0,
1786043792548141540,1786043792.545568751,/novatel/oem7/odom,/novatel/oem7/fix,/novatel/oem7/odom,39.663,-75.756,-1.801056169,0.002221057,0.000248126,0.001683057,0.001449280,0.000248126,,,
1786043792556816755,1786043792.556054767,/novatel/oem7/odom,/novatel/oem7/fix,/novatel/oem7/odom,39.663,-75.756,-1.801056169,0.002221057,0.000248126,0.001683057,0.001449280,0.000248126,,,
1786043792565714604,1786043792.565110671,/novatel/oem7/inspva,/novatel/oem7/inspva,/novatel/oem7/inspva,39.663,-75.756,-1.801055134,0.001432101,0.000088137,0.001094566,0.000923492,0.000088137,,novatel_oem7_msgs.msg.InertialSolutionStatus(status=3),
1786043792567113108,1786043792.565264267,/novatel/oem7/fix,/novatel/oem7/fix,/novatel/oem7/inspva,39.663,-75.756,-1.801055134,0.001432101,0.000088137,0.001094566,0.000923492,0.000088137,,0,
1786043792568203169,1786043792.565717374,/novatel/oem7/odom,/novatel/oem7/fix,/novatel/oem7/odom,39.663,-75.756,-1.801055134,0.001431692,0.000094539,0.000975108,0.001048287,0.000094539,,,
1786043792575490370,1786043792.574797215,/novatel/oem7/odom,/novatel/oem7/fix,/novatel/oem7/odom,39.663,-75.756,-1.801055134,0.001431692,0.000094539,0.000975108,0.001048287,0.000094539,,,
1786043792586527281,1786043792.585923971,/novatel/oem7/inspva,/novatel/oem7/inspva,/novatel/oem7/inspva,39.663,-75.756,-1.801052392,0.001861913,0.000196287,0.001430861,0.001191367,0.000196287,,novatel_oem7_msgs.msg.InertialSolutionStatus(status=3),
1786043792587889208,1786043792.586074049,/novatel/oem7/fix,/novatel/oem7/fix,/novatel/oem7/inspva,39.663,-75.756,-1.801052392,0.001861913,0.000196287,0.001430861,0.001191367,0.000196287,,0,
1786043792588938275,1786043792.586499327,/novatel/oem7/odom,/novatel/oem7/fix,/novatel/oem7/odom,39.663,-75.756,-1.801052392,0.001861017,0.000204609,0.001258560,0.001370917,0.000204609,,,
1786043792595051630,1786043792.594321156,/novatel/oem7/odom,/novatel/oem7/fix,/novatel/oem7/odom,39.663,-75.756,-1.801052392,0.001861017,0.000204609,0.001258560,0.001370917,0.000204609,,,
1786043792607052697,1786043792.606469982,/novatel/oem7/inspva,/novatel/oem7/inspva,/novatel/oem7/inspva,39.663,-75.756,-1.801047300,0.001692124,0.000425311,0.001281313,0.001105224,0.000425311,,novatel_oem7_msgs.msg.InertialSolutionStatus(status=3),
1786043792608415647,1786043792.606618389,/novatel/oem7/fix,/novatel/oem7/fix,/novatel/oem7/inspva,39.663,-75.756,-1.801047300,0.001692124,0.000425311,0.001281313,0.001105224,0.000425311,,0,
1786043792609474638,1786043792.607029191,/novatel/oem7/odom,/novatel/oem7/fix,/novatel/oem7/odom,39.663,-75.756,-1.801047300,0.001690201,0.000432890,0.001164417,0.001225117,0.000432890,,,
1786043792610992627,1786043792.610205542,/novatel/oem7/bestpos,/novatel/oem7/bestpos,/novatel/oem7/odom,39.663,-75.756,33.181358069,0.001690201,0.000432890,0.001164417,0.001225117,0.000432890,,novatel_oem7_msgs.msg.SolutionStatus(status=0),novatel_oem7_msgs.msg.PositionOrVelocityType(type=53)
1786043792612377524,1786043792.610525123,/novatel/oem7/bestvel,/novatel/oem7/bestpos,/novatel/oem7/bestvel,39.663,-75.756,33.181358069,0.001564642,0.000536799,,,,49.878619665,novatel_oem7_msgs.msg.SolutionStatus(status=0),novatel_oem7_msgs.msg.PositionOrVelocityType(type=53)
1786043792616092665,1786043792.615384981,/novatel/oem7/odom,/novatel/oem7/bestpos,/novatel/oem7/odom,39.663,-75.756,33.181358069,0.001690201,0.000432890,0.001164417,0.001225117,0.000432890,,,
1786043792625664668,1786043792.625061592,/novatel/oem7/inspva,/novatel/oem7/inspva,/novatel/oem7/inspva,39.663,-75.756,-1.801045377,0.001777009,0.000434054,0.001301323,0.001210091,0.000434054,,novatel_oem7_msgs.msg.InertialSolutionStatus(status=3),
1786043792627073665,1786043792.625206617,/novatel/oem7/fix,/novatel/oem7/fix,/novatel/oem7/inspva,39.663,-75.756,-1.801045377,0.001777009,0.000434054,0.001301323,0.001210091,0.000434054,,0,
1786043792628140143,1786043792.625617677,/novatel/oem7/odom,/novatel/oem7/fix,/novatel/oem7/odom,39.663,-75.756,-1.801045377,0.001775033,0.000442066,0.001270097,0.001239998,0.000442066,,,
1786043792635241388,1786043792.634534017,/novatel/oem7/odom,/novatel/oem7/fix,/novatel/oem7/odom,39.663,-75.756,-1.801045377,0.001775033,0.000442066,0.001270097,0.001239998,0.000442066,,,
1786043792647358414,1786043792.646729377,/novatel/oem7/inspva,/novatel/oem7/inspva,/novatel/oem7/inspva,39.663,-75.756,-1.801047469,0.001614766,-0.000289374,0.001217227,0.001061051,-0.000289374,,novatel_oem7_msgs.msg.InertialSolutionStatus(status=3),
1786043792648795921,1786043792.646920115,/novatel/oem7/fix,/novatel/oem7/fix,/novatel/oem7/inspva,39.663,-75.756,-1.801047469,0.001614766,-0.000289374,0.001217227,0.001061051,-0.000289374,,0,
1786043792649878642,1786043792.647304764,/novatel/oem7/odom,/novatel/oem7/fix,/novatel/oem7/odom,39.663,-75.756,-1.801047469,0.001616046,-0.000282140,0.001119858,0.001165128,-0.000282140,,,
1786043792656931523,1786043792.656197823,/novatel/oem7/odom,/novatel/oem7/fix,/novatel/oem7/odom,39.663,-75.756,-1.801047469,0.001616046,-0.000282140,0.001119858,0.001165128,-0.000282140,,,
1786043792665654504,1786043792.665035955,/novatel/oem7/inspva,/novatel/oem7/inspva,/novatel/oem7/inspva,39.663,-75.756,-1.801042176,0.001616523,0.000166830,0.001291544,0.000972142,0.000166830,,novatel_oem7_msgs.msg.InertialSolutionStatus(status=3),
1786043792667059808,1786043792.665203453,/novatel/oem7/fix,/novatel/oem7/fix,/novatel/oem7/inspva,39.663,-75.756,-1.801042176,0.001616523,0.000166830,0.001291544,0.000972142,0.000166830,,0,
1786043792668139106,1786043792.665592152,/novatel/oem7/odom,/novatel/oem7/fix,/novatel/oem7/odom,39.663,-75.756,-1.801042176,0.001615771,0.000173957,0.001032950,0.001242470,0.000173957,,,
1786043792675363879,1786043792.674639238,/novatel/oem7/odom,/novatel/oem7/fix,/novatel/oem7/odom,39.663,-75.756,-1.801042176,0.001615771,0.000173957,0.001032950,0.001242470,0.000173957,,,
1786043792686005769,1786043792.685382493,/novatel/oem7/inspva,/novatel/oem7/inspva,/novatel/oem7/inspva,39.663,-75.756,-1.801040878,0.001459082,0.000104080,0.001231617,0.000782329,0.000104080,,novatel_oem7_msgs.msg.InertialSolutionStatus(status=3),
1786043792687590522,1786043792.685565815,/novatel/oem7/fix,/novatel/oem7/fix,/novatel/oem7/inspva,39.663,-75.756,-1.801040878,0.001459082,0.000104080,0.001231617,0.000782329,0.000104080,,0,
1786043792688806314,1786043792.686168187,/novatel/oem7/odom,/novatel/oem7/fix,/novatel/oem7/odom,39.663,-75.756,-1.801040878,0.001458620,0.000110363,0.000840679,0.001191986,0.000110363,,,
1786043792695574612,1786043792.694801448,/novatel/oem7/odom,/novatel/oem7/fix,/novatel/oem7/odom,39.663,-75.756,-1.801040878,0.001458620,0.000110363,0.000840679,0.001191986,0.000110363,,,
1786043792706548830,1786043792.705996162,/novatel/oem7/inspva,/novatel/oem7/inspva,/novatel/oem7/inspva,39.663,-75.756,-1.801037908,0.001430848,0.000168800,0.001264609,0.000669395,0.000168800,,novatel_oem7_msgs.msg.InertialSolutionStatus(status=3),
1786043792707991374,1786043792.706079906,/novatel/oem7/fix,/novatel/oem7/fix,/novatel/oem7/inspva,39.663,-75.756,-1.801037908,0.001430848,0.000168800,0.001264609,0.000669395,0.000168800,,0,
1786043792709166499,1786043792.706517689,/novatel/oem7/odom,/novatel/oem7/fix,/novatel/oem7/odom,39.663,-75.756,-1.801037908,0.001430131,0.000174766,0.000729233,0.001230242,0.000174766,,,
1786043792710808406,1786043792.709978087,/novatel/oem7/bestpos,/novatel/oem7/bestpos,/novatel/oem7/odom,39.663,-75.756,33.181366597,0.001430131,0.000174766,0.000729233,0.001230242,0.000174766,,novatel_oem7_msgs.msg.SolutionStatus(status=0),novatel_oem7_msgs.msg.PositionOrVelocityType(type=53)
1786043792712817873,1786043792.710534757,/novatel/oem7/bestvel,/novatel/oem7/bestpos,/novatel/oem7/bestvel,39.663,-75.756,33.181366597,0.001219194,0.000303561,,,,37.782591430,novatel_oem7_msgs.msg.SolutionStatus(status=0),novatel_oem7_msgs.msg.PositionOrVelocityType(type=53)
1786043792715396625,1786043792.714673822,/novatel/oem7/odom,/novatel/oem7/bestpos,/novatel/oem7/odom,39.663,-75.756,33.181366597,0.001430131,0.000174766,0.000729233,0.001230242,0.000174766,,,
1786043792725906458,1786043792.725293992,/novatel/oem7/inspva,/novatel/oem7/inspva,/novatel/oem7/inspva,39.663,-75.756,-1.801039112,0.001743414,-0.000107264,0.001580196,0.000736528,-0.000107264,,novatel_oem7_msgs.msg.InertialSolutionStatus(status=3),
1786043792727578012,1786043792.725468647,/novatel/oem7/fix,/novatel/oem7/fix,/novatel/oem7/inspva,39.663,-75.756,-1.801039112,0.001743414,-0.000107264,0.001580196,0.000736528,-0.000107264,,0,
1786043792728831554,1786043792.726043102,/novatel/oem7/odom,/novatel/oem7/fix,/novatel/oem7/odom,39.663,-75.756,-1.801039112,0.001743835,-0.000100178,0.000812611,0.001542928,-0.000100178,,,
1786043792736502005,1786043792.735722027,/novatel/oem7/odom,/novatel/oem7/fix,/novatel/oem7/odom,39.663,-75.756,-1.801039112,0.001743835,-0.000100178,0.000812611,0.001542928,-0.000100178,,,
1786043792747024061,1786043792.745103741,/novatel/oem7/inspva,/novatel/oem7/inspva,/novatel/oem7/inspva,39.663,-75.756,-1.801035106,0.001612071,0.000157726,0.001404805,0.000790757,0.000157726,,novatel_oem7_msgs.msg.InertialSolutionStatus(status=3),
1786043792748545213,1786043792.745387671,/novatel/oem7/fix,/novatel/oem7/fix,/novatel/oem7/inspva,39.663,-75.756,-1.801035106,0.001612071,0.000157726,0.001404805,0.000790757,0.000157726,,0,
1786043792749812035,1786043792.746664677,/novatel/oem7/odom,/novatel/oem7/fix,/novatel/oem7/odom,39.663,-75.756,-1.801035106,0.001743836,-0.000100173,0.000812601,0.001542933,-0.000100173,,,
1786043792756494686,1786043792.755734918,/novatel/oem7/odom,/novatel/oem7/fix,/novatel/oem7/odom,39.663,-75.756,-1.801035106,0.001611392,0.000164517,0.000857281,0.001364424,0.000164517,,,
1786043792767383882,1786043792.766591528,/novatel/oem7/inspva,/novatel/oem7/inspva,/novatel/oem7/inspva,39.663,-75.756,-1.801035023,0.001551866,0.000061799,0.001406516,0.000655744,0.000061799,,novatel_oem7_msgs.msg.InertialSolutionStatus(status=3),
1786043792768995899,1786043792.766843007,/novatel/oem7/fix,/novatel/oem7/fix,/novatel/oem7/inspva,39.663,-75.756,-1.801035023,0.001551866,0.000061799,0.001406516,0.000655744,0.000061799,,0,
1786043792770231014,1786043792.767338988,/novatel/oem7/odom,/novatel/oem7/fix,/novatel/oem7/odom,39.663,-75.756,-1.801035023,0.001551602,0.000068099,0.000722861,0.001372931,0.000068099,,,
1786043792775576188,1786043792.774818077,/novatel/oem7/odom,/novatel/oem7/fix,/novatel/oem7/odom,39.663,-75.756,-1.801035023,0.001551602,0.000068099,0.000722861,0.001372931,0.000068099,,,
1786043792785631816,1786043792.784971331,/novatel/oem7/inspva,/novatel/oem7/inspva,/novatel/oem7/inspva,39.663,-75.756,-1.801033199,0.001558934,-0.000023951,0.001347969,0.000783107,-0.000023951,,novatel_oem7_msgs.msg.InertialSolutionStatus(status=3),
1786043792787196962,1786043792.785061327,/novatel/oem7/fix,/novatel/oem7/fix,/novatel/oem7/inspva,39.663,-75.756,-1.801033199,0.001558934,-0.000023951,0.001347969,0.000783107,-0.000023951,,0,
1786043792788388544,1786043792.785481955,/novatel/oem7/odom,/novatel/oem7/fix,/novatel/oem7/odom,39.663,-75.756,-1.801033199,0.001559022,-0.000017374,0.000847550,0.001308514,-0.000017374,,,
1786043792796121305,1786043792.795349087,/novatel/oem7/odom,/novatel/oem7/fix,/novatel/oem7/odom,39.663,-75.756,-1.801033199,0.001559022,-0.000017374,0.000847550,0.001308514,-0.000017374,,,
1786043792807587861,1786043792.806982653,/novatel/oem7/inspva,/novatel/oem7/inspva,/novatel/oem7/inspva,39.663,-75.756,-1.801027921,0.001695553,0.000410985,0.001636646,0.000443045,0.000410985,,novatel_oem7_msgs.msg.InertialSolutionStatus(status=3),
1786043792809009498,1786043792.807056908,/novatel/oem7/fix,/novatel/oem7/fix,/novatel/oem7/inspva,39.663,-75.756,-1.801027921,0.001695553,0.000410985,0.001636646,0.000443045,0.000410985,,0,
1786043792810122243,1786043792.807409032,/novatel/oem7/odom,/novatel/oem7/fix,/novatel/oem7/odom,39.663,-75.756,-1.801027921,0.001694049,0.000417140,0.000520241,0.001612188,0.000417140,,,
1786043792812099436,1786043792.810266337,/novatel/oem7/bestpos,/novatel/oem7/bestpos,/novatel/oem7/odom,39.663,-75.756,33.181383647,0.001694049,0.000417140,0.000520241,0.001612188,0.000417140,,novatel_oem7_msgs.msg.SolutionStatus(status=0),novatel_oem7_msgs.msg.PositionOrVelocityType(type=53)
1786043792813638038,1786043792.810701335,/novatel/oem7/bestvel,/novatel/oem7/bestpos,/novatel/oem7/bestvel,39.663,-75.756,33.181383647,0.001478183,0.000494697,,,,24.157986255,novatel_oem7_msgs.msg.SolutionStatus(status=0),novatel_oem7_msgs.msg.PositionOrVelocityType(type=53)
1786043792815894427,1786043792.814841764,/novatel/oem7/odom,/novatel/oem7/bestpos,/novatel/oem7/odom,39.663,-75.756,33.181383647,0.001694049,0.000417140,0.000520241,0.001612188,0.000417140,,,
1786043792826651380,1786043792.825981896,/novatel/oem7/inspva,/novatel/oem7/inspva,/novatel/oem7/inspva,39.663,-75.756,-1.801027966,0.001282371,0.000198289,0.001183542,0.000493665,0.000198289,,novatel_oem7_msgs.msg.InertialSolutionStatus(status=3),
1786043792828119594,1786043792.826173505,/novatel/oem7/fix,/novatel/oem7/fix,/novatel/oem7/inspva,39.663,-75.756,-1.801027966,0.001282371,0.000198289,0.001183542,0.000493665,0.000198289,,0,
1786043792829322036,1786043792.826545665,/novatel/oem7/odom,/novatel/oem7/fix,/novatel/oem7/odom,39.663,-75.756,-1.801027966,0.001281574,0.000203378,0.000549650,0.001157720,0.000203378,,,
1786043792835118711,1786043792.834339263,/novatel/oem7/odom,/novatel/oem7/fix,/novatel/oem7/odom,39.663,-75.756,-1.801027966,0.001281574,0.000203378,0.000549650,0.001157720,0.000203378,,,
1786043792845909053,1786043792.845229113,/novatel/oem7/inspva,/novatel/oem7/inspva,/novatel/oem7/inspva,39.663,-75.756,-1.801027001,0.001611462,0.000225912,0.001597437,0.000212150,0.000225912,,novatel_oem7_msgs.msg.InertialSolutionStatus(status=3),
1786043792847396075,1786043792.845407658,/novatel/oem7/fix,/novatel/oem7/fix,/novatel/oem7/inspva,39.663,-75.756,-1.801027001,0.001611462,0.000225912,0.001597437,0.000212150,0.000225912,,0,
1786043792848627667,1786043792.845996114,/novatel/oem7/odom,/novatel/oem7/fix,/novatel/oem7/odom,39.663,-75.756,-1.801027001,0.001610724,0.000231117,0.000288395,0.001584696,0.000231117,,,
1786043792857051162,1786043792.856283258,/novatel/oem7/odom,/novatel/oem7/fix,/novatel/oem7/odom,39.663,-75.756,-1.801027001,0.001610724,0.000231117,0.000288395,0.001584696,0.000231117,,,
1786043792865569298,1786043792.864953818,/novatel/oem7/inspva,/novatel/oem7/inspva,/novatel/oem7/inspva,39.663,-75.756,-1.801023888,0.001437567,0.000282999,0.001348277,0.000498746,0.000282999,,novatel_oem7_msgs.msg.InertialSolutionStatus(status=3),
1786043792867054896,1786043792.865124160,/novatel/oem7/fix,/novatel/oem7/fix,/novatel/oem7/inspva,39.663,-75.756,-1.801023888,0.001437567,0.000282999,0.001348277,0.000498746,0.000282999,,0,
1786043792868212378,1786043792.865577301,/novatel/oem7/odom,/novatel/oem7/fix,/novatel/oem7/odom,39.663,-75.756,-1.801023888,0.001436462,0.000288553,0.000562380,0.001321799,0.000288553,,,
1786043792876330916,1786043792.874447934,/novatel/oem7/odom,/novatel/oem7/fix,/novatel/oem7/odom,39.663,-75.756,-1.801023888,0.001436462,0.000288553,0.000562380,0.001321799,0.000288553,,,
1786043792887125192,1786043792.886575376,/novatel/oem7/inspva,/novatel/oem7/inspva,/novatel/oem7/inspva,39.663,-75.756,-1.801018776,0.001508880,0.000549481,0.001480639,0.000290565,0.000549481,,novatel_oem7_msgs.msg.InertialSolutionStatus(status=3),
1786043792888607200,1786043792.886770175,/novatel/oem7/fix,/novatel/oem7/fix,/novatel/oem7/inspva,39.663,-75.756,-1.801018776,0.001508880,0.000549481,0.001480639,0.000290565,0.000549481,,0,
1786043792889681858,1786043792.887158649,/novatel/oem7/odom,/novatel/oem7/fix,/novatel/oem7/odom,39.663,-75.756,-1.801018776,0.001506988,0.000554649,0.000359842,0.001463396,0.000554649,,,
1786043792895320357,1786043792.894660241,/novatel/oem7/odom,/novatel/oem7/fix,/novatel/oem7/odom,39.663,-75.756,-1.801018776,0.001506988,0.000554649,0.000359842,0.001463396,0.000554649,,,
1786043792906284408,1786043792.905785177,/novatel/oem7/inspva,/novatel/oem7/inspva,/novatel/oem7/inspva,39.663,-75.756,-1.801018427,0.001467021,0.000227382,0.001287202,0.000703748,0.000227382,,novatel_oem7_msgs.msg.InertialSolutionStatus(status=3),
1786043792907636262,1786043792.905950018,/novatel/oem7/fix,/novatel/oem7/fix,/novatel/oem7/inspva,39.663,-75.756,-1.801018427,0.001467021,0.000227382,0.001287202,0.000703748,0.000227382,,0,
1786043792908760266,1786043792.906363325,/novatel/oem7/odom,/novatel/oem7/fix,/novatel/oem7/odom,39.663,-75.756,-1.801018427,0.001466058,0.000233514,0.000764385,0.001251016,0.000233514,,,
1786043792910546865,1786043792.909573951,/novatel/oem7/bestpos,/novatel/oem7/bestpos,/novatel/oem7/odom,39.663,-75.756,33.181386932,0.001466058,0.000233514,0.000764385,0.001251016,0.000233514,,novatel_oem7_msgs.msg.SolutionStatus(status=0),novatel_oem7_msgs.msg.PositionOrVelocityType(type=53)
1786043792911965922,1786043792.910169707,/novatel/oem7/bestvel,/novatel/oem7/bestpos,/novatel/oem7/bestvel,39.663,-75.756,33.181386932,0.001769673,-0.000035826,,,,42.993818089,novatel_oem7_msgs.msg.SolutionStatus(status=0),novatel_oem7_msgs.msg.PositionOrVelocityType(type=53)
1786043792916094414,1786043792.915480473,/novatel/oem7/odom,/novatel/oem7/bestpos,/novatel/oem7/odom,39.663,-75.756,33.181386932,0.001466058,0.000233514,0.000764385,0.001251016,0.000233514,,,
1786043792925772474,1786043792.925223622,/novatel/oem7/inspva,/novatel/oem7/inspva,/novatel/oem7/inspva,39.663,-75.756,-1.801013590,0.001610099,0.000456998,0.001590479,0.000250592,0.000456998,,novatel_oem7_msgs.msg.InertialSolutionStatus(status=3),
1786043792927082304,1786043792.925395640,/novatel/oem7/fix,/novatel/oem7/fix,/novatel/oem7/inspva,39.663,-75.756,-1.801013590,0.001610099,0.000456998,0.001590479,0.000250592,0.000456998,,0,
1786043792928147475,1786043792.925992470,/novatel/oem7/odom,/novatel/oem7/fix,/novatel/oem7/odom,39.663,-75.756,-1.801013590,0.001608576,0.000462332,0.000325559,0.001575287,0.000462332,,,
1786043792935387965,1786043792.934783250,/novatel/oem7/odom,/novatel/oem7/fix,/novatel/oem7/odom,39.663,-75.756,-1.801013590,0.001608576,0.000462332,0.000325559,0.001575287,0.000462332,,,
1786043792946555753,1786043792.945979678,/novatel/oem7/inspva,/novatel/oem7/inspva,/novatel/oem7/inspva,39.663,-75.756,-1.801012427,0.001186713,0.000260518,0.001088679,0.000472300,0.000260518,,novatel_oem7_msgs.msg.InertialSolutionStatus(status=3),
1786043792947961535,1786043792.946152819,/novatel/oem7/fix,/novatel/oem7/fix,/novatel/oem7/inspva,39.663,-75.756,-1.801012427,0.001186713,0.000260518,0.001088679,0.000472300,0.000260518,,0,
1786043792949029212,1786043792.946508650,/novatel/oem7/odom,/novatel/oem7/fix,/novatel/oem7/odom,39.663,-75.756,-1.801012427,0.001185662,0.000265261,0.000523460,0.001063853,0.000265261,,,
1786043792956380616,1786043792.955771604,/novatel/oem7/odom,/novatel/oem7/fix,/novatel/oem7/odom,39.663,-75.756,-1.801012427,0.001185662,0.000265261,0.000523460,0.001063853,0.000265261,,,
1786043792965737764,1786043792.965201611,/novatel/oem7/inspva,/novatel/oem7/inspva,/novatel/oem7/inspva,39.663,-75.756,-1.801005680,0.001766811,0.000632901,0.001566101,0.000817894,0.000632901,,novatel_oem7_msgs.msg.InertialSolutionStatus(status=3),
1786043792967083344,1786043792.965363683,/novatel/oem7/fix,/novatel/oem7/fix,/novatel/oem7/inspva,39.663,-75.756,-1.801005680,0.001766811,0.000632901,0.001566101,0.000817894,0.000632901,,0,
1786043792968166031,1786043792.965713843,/novatel/oem7/odom,/novatel/oem7/fix,/novatel/oem7/odom,39.663,-75.756,-1.801005680,0.001764169,0.000640228,0.000890340,0.001523019,0.000640228,,,
1786043792976216406,1786043792.975409932,/novatel/oem7/odom,/novatel/oem7/fix,/novatel/oem7/odom,39.663,-75.756,-1.801005680,0.001764169,0.000640228,0.000890340,0.001523019,0.000640228,,,
1786043792985503850,1786043792.984978474,/novatel/oem7/inspva,/novatel/oem7/inspva,/novatel/oem7/inspva,39.663,-75.756,-1.801005453,0.001580600,0.000205778,0.001481753,0.000550184,0.000205778,,novatel_oem7_msgs.msg.InertialSolutionStatus(status=3),
1786043792986833583,1786043792.985148272,/novatel/oem7/fix,/novatel/oem7/fix,/novatel/oem7/inspva,39.663,-75.756,-1.801005453,0.001580600,0.000205778,0.001481753,0.000550184,0.000205778,,0,
1786043792987929330,1786043792.985540463,/novatel/oem7/odom,/novatel/oem7/fix,/novatel/oem7/odom,39.663,-75.756,-1.801005453,0.001579790,0.000211902,0.000620489,0.001452835,0.000211902,,,
1786043792995038962,1786043792.994352029,/novatel/oem7/odom,/novatel/oem7/fix,/novatel/oem7/odom,39.663,-75.756,-1.801005453,0.001579790,0.000211902,0.000620489,0.001452835,0.000211902,,,
1786043793008839221,1786043793.008297066,/novatel/oem7/inspva,/novatel/oem7/inspva,/novatel/oem7/inspva,39.663,-75.756,-1.801000502,0.001473252,0.000423823,0.001258700,0.000765602,0.000423823,,novatel_oem7_msgs.msg.InertialSolutionStatus(status=3),
1786043793010462317,1786043793.008473154,/novatel/oem7/fix,/novatel/oem7/fix,/novatel/oem7/inspva,39.663,-75.756,-1.801000502,0.001473252,0.000423823,0.001258700,0.000765602,0.000423823,,0,
1786043793011687866,1786043793.009598143,/novatel/oem7/odom,/novatel/oem7/fix,/novatel/oem7/odom,39.663,-75.756,-1.801000502,0.001471427,0.000430115,0.000824034,0.001219042,0.000430115,,,
1786043793016412281,1786043793.015770814,/novatel/oem7/odom,/novatel/oem7/fix,/novatel/oem7/odom,39.663,-75.756,-1.801000502,0.001471427,0.000430115,0.000824034,0.001219042,0.000430115,,,
1786043793026828669,1786043793.026183269,/novatel/oem7/bestpos,/novatel/oem7/bestpos,/novatel/oem7/odom,39.663,-75.756,33.181395042,0.001471427,0.000430115,0.000824034,0.001219042,0.000430115,,novatel_oem7_msgs.msg.SolutionStatus(status=0),novatel_oem7_msgs.msg.PositionOrVelocityType(type=53)
1786043793028277920,1786043793.026598080,/novatel/oem7/bestvel,/novatel/oem7/bestpos,/novatel/oem7/bestvel,39.663,-75.756,33.181395042,0.001685645,0.000281401,,,,27.254009140,novatel_oem7_msgs.msg.SolutionStatus(status=0),novatel_oem7_msgs.msg.PositionOrVelocityType(type=53)
1786043793029203030,1786043793.027113155,/novatel/oem7/inspva,/novatel/oem7/inspva,/novatel/oem7/inspva,39.663,-75.756,-1.801000611,0.001587276,0.000301745,0.001266440,0.000956857,0.000301745,,novatel_oem7_msgs.msg.InertialSolutionStatus(status=3),
1786043793030102519,1786043793.027302614,/novatel/oem7/fix,/novatel/oem7/fix,/novatel/oem7/inspva,39.663,-75.756,-1.801000611,0.001587276,0.000301745,0.001266440,0.000956857,0.000301745,,0,
1786043793031095432,1786043793.027609947,/novatel/oem7/odom,/novatel/oem7/fix,/novatel/oem7/odom,39.663,-75.756,-1.801000611,0.001585928,0.000308749,0.001015883,0.001217846,0.000308749,,,
1786043793036111409,1786043793.035510683,/novatel/oem7/odom,/novatel/oem7/fix,/novatel/oem7/odom,39.663,-75.756,-1.801000611,0.001585928,0.000308749,0.001015883,0.001217846,0.000308749,,,
1786043793045933678,1786043793.045437793,/novatel/oem7/inspva,/novatel/oem7/inspva,/novatel/oem7/inspva,39.663,-75.756,-1.801002967,0.001730600,0.000092069,0.001532411,0.000804173,0.000092069,,novatel_oem7_msgs.msg.InertialSolutionStatus(status=3),
1786043793047314322,1786043793.045590085,/novatel/oem7/fix,/novatel/oem7/fix,/novatel/oem7/inspva,39.663,-75.756,-1.801002967,0.001730600,0.000092069,0.001532411,0.000804173,0.000092069,,0,
1786043793048375226,1786043793.046211171,/novatel/oem7/odom,/novatel/oem7/fix,/novatel/oem7/odom,39.663,-75.756,-1.801002967,0.001730203,0.000099262,0.000877039,0.001491443,0.000099262,,,
1786043793057134671,1786043793.056484385,/novatel/oem7/odom,/novatel/oem7/fix,/novatel/oem7/odom,39.663,-75.756,-1.801002967,0.001730203,0.000099262,0.000877039,0.001491443,0.000099262,,,
1786043793066687821,1786043793.066139255,/novatel/oem7/inspva,/novatel/oem7/inspva,/novatel/oem7/inspva,39.663,-75.756,-1.801007169,0.001692052,-0.000198300,0.001461537,0.000852614,-0.000198300,,novatel_oem7_msgs.msg.InertialSolutionStatus(status=3),
1786043793068044077,1786043793.066280663,/novatel/oem7/fix,/novatel/oem7/fix,/novatel/oem7/inspva,39.663,-75.756,-1.801007169,0.001692052,-0.000198300,0.001461537,0.000852614,-0.000198300,,0,
1786043793069085832,1786043793.066719028,/novatel/oem7/odom,/novatel/oem7/fix,/novatel/oem7/odom,39.663,-75.756,-1.801007169,0.001692876,-0.000191139,0.000923080,0.001419067,-0.000191139,,,
1786043793075586333,1786043793.074778165,/novatel/oem7/odom,/novatel/oem7/fix,/novatel/oem7/odom,39.663,-75.756,-1.801007169,0.001692876,-0.000191139,0.000923080,0.001419067,-0.000191139,,,
1786043793085886077,1786043793.085364592,/novatel/oem7/inspva,/novatel/oem7/inspva,/novatel/oem7/inspva,39.663,-75.756,-1.801007953,0.001606616,0.000262310,0.001399341,0.000789340,0.000262310,,novatel_oem7_msgs.msg.InertialSolutionStatus(status=3),
1786043793087224764,1786043793.085533284,/novatel/oem7/fix,/novatel/oem7/fix,/novatel/oem7/inspva,39.663,-75.756,-1.801007953,0.001606616,0.000262310,0.001399341,0.000789340,0.000262310,,0,
1786043793088303228,1786043793.086170964,/novatel/oem7/odom,/novatel/oem7/fix,/novatel/oem7/odom,39.663,-75.756,-1.801007953,0.001605500,0.000269055,0.000855139,0.001358811,0.000269055,,,
1786043793096385733,1786043793.095786031,/novatel/oem7/odom,/novatel/oem7/fix,/novatel/oem7/odom,39.663,-75.756,-1.801007953,0.001605500,0.000269055,0.000855139,0.001358811,0.000269055,,,
1786043793106287103,1786043793.105804935,/novatel/oem7/inspva,/novatel/oem7/inspva,/novatel/oem7/inspva,39.663,-75.756,-1.801015533,0.001772371,0.000112719,0.001636270,0.000681117,0.000112719,,novatel_oem7_msgs.msg.InertialSolutionStatus(status=3),
1786043793108041327,1786043793.105948833,/novatel/oem7/fix,/novatel/oem7/fix,/novatel/oem7/inspva,39.663,-75.756,-1.801015533,0.001772371,0.000112719,0.001636270,0.000681117,0.000112719,,0,
1786043793109061897,1786043793.106346917,/novatel/oem7/odom,/novatel/oem7/fix,/novatel/oem7/odom,39.663,-75.756,-1.801015533,0.001771911,0.000119737,0.000759064,0.001601090,0.000119737,,,
1786043793110572556,1786043793.109569576,/novatel/oem7/bestpos,/novatel/oem7/bestpos,/novatel/oem7/odom,39.663,-75.756,33.181403663,0.001771911,0.000119737,0.000759064,0.001601090,0.000119737,,novatel_oem7_msgs.msg.SolutionStatus(status=0),novatel_oem7_msgs.msg.PositionOrVelocityType(type=53)
1786043793111967497,1786043793.110277687,/novatel/oem7/bestvel,/novatel/oem7/bestpos,/novatel/oem7/bestvel,39.663,-75.756,33.181403663,0.001910149,-0.000051315,,,,32.730820471,novatel_oem7_msgs.msg.SolutionStatus(status=0),novatel_oem7_msgs.msg.PositionOrVelocityType(type=53)
1786043793114985074,1786043793.114322387,/novatel/oem7/odom,/novatel/oem7/bestpos,/novatel/oem7/odom,39.663,-75.756,33.181403663,0.001771911,0.000119737,0.000759064,0.001601090,0.000119737,,,
1786043793127167043,1786043793.126696522,/novatel/oem7/inspva,/novatel/oem7/inspva,/novatel/oem7/inspva,39.663,-75.756,-1.801022797,0.001344136,-0.000233579,0.001209607,0.000586133,-0.000233579,,novatel_oem7_msgs.msg.InertialSolutionStatus(status=3),
1786043793128534004,1786043793.126841710,/novatel/oem7/fix,/novatel/oem7/fix,/novatel/oem7/inspva,39.663,-75.756,-1.801022797,0.001344136,-0.000233579,0.001209607,0.000586133,-0.000233579,,0,
1786043793129618351,1786043793.127334778,/novatel/oem7/odom,/novatel/oem7/fix,/novatel/oem7/odom,39.663,-75.756,-1.801022797,0.001345077,-0.000228099,0.000644854,0.001180422,-0.000228099,,,
1786043793135416180,1786043793.134816349,/novatel/oem7/odom,/novatel/oem7/fix,/novatel/oem7/odom,39.663,-75.756,-1.801022797,0.001345077,-0.000228099,0.000644854,0.001180422,-0.000228099,,,
1786043793145682110,1786043793.145164324,/novatel/oem7/inspva,/novatel/oem7/inspva,/novatel/oem7/inspva,39.663,-75.756,-1.801027348,0.001543694,-0.000045880,0.001426220,0.000590667,-0.000045880,,novatel_oem7_msgs.msg.InertialSolutionStatus(status=3),
1786043793147018237,1786043793.145303626,/novatel/oem7/fix,/novatel/oem7/fix,/novatel/oem7/inspva,39.663,-75.756,-1.801027348,0.001543694,-0.000045880,0.001426220,0.000590667,-0.000045880,,0,
1786043793148063207,1786043793.145647389,/novatel/oem7/odom,/novatel/oem7/fix,/novatel/oem7/odom,39.663,-75.756,-1.801027348,0.001543863,-0.000039764,0.000659169,0.001396069,-0.000039764,,,
1786043793156723531,1786043793.155792171,/novatel/oem7/odom,/novatel/oem7/fix,/novatel/oem7/odom,39.663,-75.756,-1.801027348,0.001543863,-0.000039764,0.000659169,0.001396069,-0.000039764,,,
1786043793166042358,1786043793.165562434,/novatel/oem7/inspva,/novatel/oem7/inspva,/novatel/oem7/inspva,39.663,-75.756,-1.801033546,0.001535179,-0.000179405,0.001436706,0.000540972,-0.000179405,,novatel_oem7_msgs.msg.InertialSolutionStatus(status=3),
1786043793167380225,1786043793.165708808,/novatel/oem7/fix,/novatel/oem7/fix,/novatel/oem7/inspva,39.663,-75.756,-1.801033546,0.001535179,-0.000179405,0.001436706,0.000540972,-0.000179405,,0,
1786043793168447993,1786043793.166492529,/novatel/oem7/odom,/novatel/oem7/fix,/novatel/oem7/odom,39.663,-75.756,-1.801033546,0.001535864,-0.000173442,0.000610543,0.001409297,-0.000173442,,,
1786043793175226654,1786043793.174613401,/novatel/oem7/odom,/novatel/oem7/fix,/novatel/oem7/odom,39.663,-75.756,-1.801033546,0.001535864,-0.000173442,0.000610543,0.001409297,-0.000173442,,,
1786043793186726207,1786043793.186219452,/novatel/oem7/inspva,/novatel/oem7/inspva,/novatel/oem7/inspva,39.663,-75.756,-1.801036939,0.001602375,-0.000142386,0.001497315,0.000570661,-0.000142386,,novatel_oem7_msgs.msg.InertialSolutionStatus(status=3),
1786043793188064120,1786043793.186363853,/novatel/oem7/fix,/novatel/oem7/fix,/novatel/oem7/inspva,39.663,-75.756,-1.801036939,0.001602375,-0.000142386,0.001497315,0.000570661,-0.000142386,,0,
1786043793189079230,1786043793.186837441,/novatel/oem7/odom,/novatel/oem7/fix,/novatel/oem7/odom,39.663,-75.756,-1.801036939,0.001602918,-0.000136139,0.000642982,0.001468305,-0.000136139,,,
1786043793195353267,1786043793.194727251,/novatel/oem7/odom,/novatel/oem7/fix,/novatel/oem7/odom,39.663,-75.756,-1.801036939,0.001602918,-0.000136139,0.000642982,0.001468305,-0.000136139,,,
1786043793207262990,1786043793.206620670,/novatel/oem7/inspva,/novatel/oem7/inspva,/novatel/oem7/inspva,39.663,-75.756,-1.801041268,0.001432465,-0.000277443,0.001194914,0.000790023,-0.000277443,,novatel_oem7_msgs.msg.InertialSolutionStatus(status=3),
1786043793208630704,1786043793.206781799,/novatel/oem7/fix,/novatel/oem7/fix,/novatel/oem7/inspva,39.663,-75.756,-1.801041268,0.001432465,-0.000277443,0.001194914,0.000790023,-0.000277443,,0,
1786043793209670971,1786043793.207517206,/novatel/oem7/odom,/novatel/oem7/fix,/novatel/oem7/odom,39.663,-75.756,-1.801041268,0.001433652,-0.000271243,0.000847970,0.001155986,-0.000271243,,,
1786043793211121606,1786043793.210283510,/novatel/oem7/bestpos,/novatel/oem7/bestpos,/novatel/oem7/odom,39.663,-75.756,33.181372819,0.001433652,-0.000271243,0.000847970,0.001155986,-0.000271243,,novatel_oem7_msgs.msg.SolutionStatus(status=0),novatel_oem7_msgs.msg.PositionOrVelocityType(type=53)
1786043793212583954,1786043793.210680524,/novatel/oem7/bestvel,/novatel/oem7/bestpos,/novatel/oem7/bestvel,39.663,-75.756,33.181372819,0.001383351,-0.000186207,,,,21.658688983,novatel_oem7_msgs.msg.SolutionStatus(status=0),novatel_oem7_msgs.msg.PositionOrVelocityType(type=53)
1786043793216215720,1786043793.215595618,/novatel/oem7/odom,/novatel/oem7/bestpos,/novatel/oem7/odom,39.663,-75.756,33.181372819,0.001433652,-0.000271243,0.000847970,0.001155986,-0.000271243,,,
1786043793225700902,1786043793.225193341,/novatel/oem7/inspva,/novatel/oem7/inspva,/novatel/oem7/inspva,39.663,-75.756,-1.801043401,0.001543246,-0.000009672,0.001363341,0.000723125,-0.000009672,,novatel_oem7_msgs.msg.InertialSolutionStatus(status=3),
1786043793227056473,1786043793.225367356,/novatel/oem7/fix,/novatel/oem7/fix,/novatel/oem7/inspva,39.663,-75.756,-1.801043401,0.001543246,-0.000009672,0.001363341,0.000723125,-0.000009672,,0,
1786043793228105900,1786043793.225773610,/novatel/oem7/odom,/novatel/oem7/fix,/novatel/oem7/odom,39.663,-75.756,-1.801043401,0.001543273,-0.000003248,0.000788284,0.001326763,-0.000003248,,,
1786043793235196455,1786043793.234531162,/novatel/oem7/odom,/novatel/oem7/fix,/novatel/oem7/odom,39.663,-75.756,-1.801043401,0.001543273,-0.000003248,0.000788284,0.001326763,-0.000003248,,,
1786043793247130238,1786043793.246640380,/novatel/oem7/inspva,/novatel/oem7/inspva,/novatel/oem7/inspva,39.663,-75.756,-1.801052713,0.001518341,-0.000454706,0.001007041,0.001136323,-0.000454706,,novatel_oem7_msgs.msg.InertialSolutionStatus(status=3),
1786043793248491989,1786043793.246791395,/novatel/oem7/fix,/novatel/oem7/fix,/novatel/oem7/inspva,39.663,-75.756,-1.801052713,0.001518341,-0.000454706,0.001007041,0.001136323,-0.000454706,,0,
1786043793249529273,1786043793.247678541,/novatel/oem7/odom,/novatel/oem7/fix,/novatel/oem7/odom,39.663,-75.756,-1.801052713,0.001520399,-0.000447778,0.001185425,0.000952040,-0.000447778,,,
1786043793257042848,1786043793.256415849,/novatel/oem7/odom,/novatel/oem7/fix,/novatel/oem7/odom,39.663,-75.756,-1.801052713,0.001520399,-0.000447778,0.001185425,0.000952040,-0.000447778,,,
1786043793265666982,1786043793.265149340,/novatel/oem7/inspva,/novatel/oem7/inspva,/novatel/oem7/inspva,39.663,-75.756,-1.801058745,0.001546886,-0.000495397,0.001210222,0.000963442,-0.000495397,,novatel_oem7_msgs.msg.InertialSolutionStatus(status=3),
1786043793266990005,1786043793.265313198,/novatel/oem7/fix,/novatel/oem7/fix,/novatel/oem7/inspva,39.663,-75.756,-1.801058745,0.001546886,-0.000495397,0.001210222,0.000963442,-0.000495397,,0,
1786043793268044692,1786043793.265642732,/novatel/oem7/odom,/novatel/oem7/fix,/novatel/oem7/odom,39.663,-75.756,-1.801058745,0.001549069,-0.000488531,0.001022736,0.001163454,-0.000488531,,,
1786043793276066723,1786043793.275413276,/novatel/oem7/odom,/novatel/oem7/fix,/novatel/oem7/odom,39.663,-75.756,-1.801058745,0.001549069,-0.000488531,0.001022736,0.001163454,-0.000488531,,,
1786043793285754541,1786043793.285222652,/novatel/oem7/inspva,/novatel/oem7/inspva,/novatel/oem7/inspva,39.663,-75.756,-1.801066431,0.001471515,-0.000455679,0.001195637,0.000857793,-0.000455679,,novatel_oem7_msgs.msg.InertialSolutionStatus(status=3),
1786043793287053534,1786043793.285387351,/novatel/oem7/fix,/novatel/oem7/fix,/novatel/oem7/inspva,39.663,-75.756,-1.801066431,0.001471515,-0.000455679,0.001195637,0.000857793,-0.000455679,,0,
1786043793288141642,1786043793.285985253,/novatel/oem7/odom,/novatel/oem7/fix,/novatel/oem7/odom,39.663,-75.756,-1.801066431,0.001473494,-0.000449240,0.000916355,0.001153896,-0.000449240,,,
1786043793295337800,1786043793.295025321,/novatel/oem7/odom,/novatel/oem7/fix,/novatel/oem7/odom,39.663,-75.756,-1.801066431,0.001473494,-0.000449240,0.000916355,0.001153896,-0.000449240,,,
1786043793306402720,1786043793.305957114,/novatel/oem7/inspva,/novatel/oem7/inspva,/novatel/oem7/inspva,39.663,-75.756,-1.801075216,0.001368156,-0.000468476,0.001106520,0.000804652,-0.000468476,,novatel_oem7_msgs.msg.InertialSolutionStatus(status=3),
1786043793307113441,1786043793.306105556,/novatel/oem7/fix,/novatel/oem7/fix,/novatel/oem7/inspva,39.663,-75.756,-1.801075216,0.001368156,-0.000468476,0.001106520,0.000804652,-0.000468476,,0,
1786043793307736235,1786043793.306533414,/novatel/oem7/odom,/novatel/oem7/fix,/novatel/oem7/odom,39.663,-75.756,-1.801075216,0.001370193,-0.000462483,0.000859012,0.001067487,-0.000462483,,,
1786043793309436499,1786043793.309127156,/novatel/oem7/bestpos,/novatel/oem7/bestpos,/novatel/oem7/odom,39.663,-75.756,33.181344085,0.001370193,-0.000462483,0.000859012,0.001067487,-0.000462483,,novatel_oem7_msgs.msg.SolutionStatus(status=0),novatel_oem7_msgs.msg.PositionOrVelocityType(type=53)
1786043793310059082,1786043793.309518867,/novatel/oem7/bestvel,/novatel/oem7/bestpos,/novatel/oem7/bestvel,39.663,-75.756,33.181344085,0.001122176,-0.000236401,,,,22.830390168,novatel_oem7_msgs.msg.SolutionStatus(status=0),novatel_oem7_msgs.msg.PositionOrVelocityType(type=53)
1786043793314872631,1786043793.314567525,/novatel/oem7/odom,/novatel/oem7/bestpos,/novatel/oem7/odom,39.663,-75.756,33.181344085,0.001370193,-0.000462483,0.000859012,0.001067487,-0.000462483,,,
1786043793325382616,1786043793.325133494,/novatel/oem7/inspva,/novatel/oem7/inspva,/novatel/oem7/inspva,39.663,-75.756,-1.801085520,0.001494477,-0.000508746,0.001278774,0.000773433,-0.000508746,,novatel_oem7_msgs.msg.InertialSolutionStatus(status=3),
1786043793325962487,1786043793.325279213,/novatel/oem7/fix,/novatel/oem7/fix,/novatel/oem7/inspva,39.663,-75.756,-1.801085520,0.001494477,-0.000508746,0.001278774,0.000773433,-0.000508746,,0,
1786043793326641711,1786043793.325749774,/novatel/oem7/odom,/novatel/oem7/fix,/novatel/oem7/odom,39.663,-75.756,-1.801085520,0.001496632,-0.000502370,0.000836320,0.001241160,-0.000502370,,,
1786043793335831408,1786043793.335509509,/novatel/oem7/odom,/novatel/oem7/fix,/novatel/oem7/odom,39.663,-75.756,-1.801085520,0.001496632,-0.000502370,0.000836320,0.001241160,-0.000502370,,,
1786043793345324775,1786043793.345052628,/novatel/oem7/inspva,/novatel/oem7/inspva,/novatel/oem7/inspva,39.663,-75.756,-1.801098423,0.001268651,-0.000656316,0.001038931,0.000728079,-0.000656316,,novatel_oem7_msgs.msg.InertialSolutionStatus(status=3),
1786043793345925569,1786043793.345208360,/novatel/oem7/fix,/novatel/oem7/fix,/novatel/oem7/inspva,39.663,-75.756,-1.801098423,0.001268651,-0.000656316,0.001038931,0.000728079,-0.000656316,,0,
1786043793346377643,1786043793.345672824,/novatel/oem7/odom,/novatel/oem7/fix,/novatel/oem7/odom,39.663,-75.756,-1.801098423,0.001271493,-0.000650794,0.000779967,0.001004164,-0.000650794,,,
1786043793355908375,1786043793.355581831,/novatel/oem7/odom,/novatel/oem7/fix,/novatel/oem7/odom,39.663,-75.756,-1.801098423,0.001271493,-0.000650794,0.000779967,0.001004164,-0.000650794,,,
1786043793366958039,1786043793.366580305,/novatel/oem7/inspva,/novatel/oem7/inspva,/novatel/oem7/inspva,39.663,-75.756,-1.801109057,0.001418776,-0.000362168,0.001130292,0.000857535,-0.000362168,,novatel_oem7_msgs.msg.InertialSolutionStatus(status=3),
1786043793367535008,1786043793.366741490,/novatel/oem7/fix,/novatel/oem7/fix,/novatel/oem7/inspva,39.663,-75.756,-1.801109057,0.001418776,-0.000362168,0.001130292,0.000857535,-0.000362168,,0,
1786043793367977929,1786043793.367152191,/novatel/oem7/odom,/novatel/oem7/fix,/novatel/oem7/odom,39.663,-75.756,-1.801109057,0.001420355,-0.000355924,0.000912596,0.001088383,-0.000355924,,,
1786043793375528200,1786043793.375148065,/novatel/oem7/odom,/novatel/oem7/fix,/novatel/oem7/odom,39.663,-75.756,-1.801109057,0.001420355,-0.000355924,0.000912596,0.001088383,-0.000355924,,,
1786043793385252627,1786043793.384906030,/novatel/oem7/inspva,/novatel/oem7/inspva,/novatel/oem7/inspva,39.663,-75.756,-1.801122637,0.001335255,-0.000466998,0.000878350,0.001005688,-0.000466998,,novatel_oem7_msgs.msg.InertialSolutionStatus(status=3),
1786043793386093988,1786043793.385117282,/novatel/oem7/fix,/novatel/oem7/fix,/novatel/oem7/inspva,39.663,-75.756,-1.801122637,0.001335255,-0.000466998,0.000878350,0.001005688,-0.000466998,,0,
1786043793386837119,1786043793.385607383,/novatel/oem7/odom,/novatel/oem7/fix,/novatel/oem7/odom,39.663,-75.756,-1.801122637,0.001337371,-0.000460902,0.001048774,0.000829840,-0.000460902,,,
1786043793395925167,1786043793.395462066,/novatel/oem7/odom,/novatel/oem7/fix,/novatel/oem7/odom,39.663,-75.756,-1.801122637,0.001337371,-0.000460902,0.001048774,0.000829840,-0.000460902,,,
1786043793406987313,1786043793.406450040,/novatel/oem7/inspva,/novatel/oem7/inspva,/novatel/oem7/inspva,39.663,-75.756,-1.801137929,0.001184858,-0.000936792,0.000799391,0.000874564,-0.000936792,,novatel_oem7_msgs.msg.InertialSolutionStatus(status=3),
1786043793407882332,1786043793.406679346,/novatel/oem7/fix,/novatel/oem7/fix,/novatel/oem7/inspva,39.663,-75.756,-1.801137929,0.001184858,-0.000936792,0.000799391,0.000874564,-0.000936792,,0,
1786043793408383472,1786043793.407067853,/novatel/oem7/odom,/novatel/oem7/fix,/novatel/oem7/odom,39.663,-75.756,-1.801137929,0.001189108,-0.000931392,0.000915754,0.000758533,-0.000931392,,,
1786043793410509087,1786043793.410150716,/novatel/oem7/bestpos,/novatel/oem7/bestpos,/novatel/oem7/odom,39.663,-75.756,33.181280996,0.001189108,-0.000931392,0.000915754,0.000758533,-0.000931392,,novatel_oem7_msgs.msg.SolutionStatus(status=0),novatel_oem7_msgs.msg.PositionOrVelocityType(type=53)
1786043793411127549,1786043793.410574176,/novatel/oem7/bestvel,/novatel/oem7/bestpos,/novatel/oem7/bestvel,39.663,-75.756,33.181280996,0.000884244,-0.000690265,,,,54.855546653,novatel_oem7_msgs.msg.SolutionStatus(status=0),novatel_oem7_msgs.msg.PositionOrVelocityType(type=53)
1786043793415168731,1786043793.414858191,/novatel/oem7/odom,/novatel/oem7/bestpos,/novatel/oem7/odom,39.663,-75.756,33.181280996,0.001189108,-0.000931392,0.000915754,0.000758533,-0.000931392,,,
1786043793426268045,1786043793.425941417,/novatel/oem7/inspva,/novatel/oem7/inspva,/novatel/oem7/inspva,39.663,-75.756,-1.801149623,0.001029111,-0.000551881,0.000665128,0.000785286,-0.000551881,,novatel_oem7_msgs.msg.InertialSolutionStatus(status=3),
1786043793427159911,1786043793.426056725,/novatel/oem7/fix,/novatel/oem7/fix,/novatel/oem7/inspva,39.663,-75.756,-1.801149623,0.001029111,-0.000551881,0.000665128,0.000785286,-0.000551881,,0,
1786043793427875830,1786043793.426468928,/novatel/oem7/odom,/novatel/oem7/fix,/novatel/oem7/odom,39.663,-75.756,-1.801149623,0.001031615,-0.000547186,0.000818628,0.000627755,-0.000547186,,,
1786043793435141966,1786043793.434612484,/novatel/oem7/odom,/novatel/oem7/fix,/novatel/oem7/odom,39.663,-75.756,-1.801149623,0.001031615,-0.000547186,0.000818628,0.000627755,-0.000547186,,,
1786043793445583868,1786043793.445104150,/novatel/oem7/inspva,/novatel/oem7/inspva,/novatel/oem7/inspva,39.663,-75.756,-1.801163824,0.001099498,-0.000486139,0.000845965,0.000702309,-0.000486139,,novatel_oem7_msgs.msg.InertialSolutionStatus(status=3),
1786043793446507841,1786043793.445406599,/novatel/oem7/fix,/novatel/oem7/fix,/novatel/oem7/inspva,39.663,-75.756,-1.801163824,0.001099498,-0.000486139,0.000845965,0.000702309,-0.000486139,,0,
1786043793447132924,1786043793.445905308,/novatel/oem7/odom,/novatel/oem7/fix,/novatel/oem7/odom,39.663,-75.756,-1.801163824,0.001101653,-0.000481234,0.000744273,0.000812217,-0.000481234,,,
1786043793457098664,1786043793.456391150,/novatel/oem7/odom,/novatel/oem7/fix,/novatel/oem7/odom,39.663,-75.756,-1.801163824,0.001101653,-0.000481234,0.000744273,0.000812217,-0.000481234,,,
1786043793467101918,1786043793.465918436,/novatel/oem7/inspva,/novatel/oem7/inspva,/novatel/oem7/inspva,39.663,-75.756,-1.801179370,0.001307327,-0.000647782,0.000795537,0.001037413,-0.000647782,,novatel_oem7_msgs.msg.InertialSolutionStatus(status=3),
1786043793469126005,1786043793.466239446,/novatel/oem7/fix,/novatel/oem7/fix,/novatel/oem7/inspva,39.663,-75.756,-1.801179370,0.001307327,-0.000647782,0.000795537,0.001037413,-0.000647782,,0,
1786043793470627797,1786043793.466818585,/novatel/oem7/odom,/novatel/oem7/fix,/novatel/oem7/odom,39.663,-75.756,-1.801179370,0.001310275,-0.000641800,0.001077149,0.000746036,-0.000641800,,,
1786043793475472936,1786043793.474551196,/novatel/oem7/odom,/novatel/oem7/fix,/novatel/oem7/odom,39.663,-75.756,-1.801179370,0.001310275,-0.000641800,0.001077149,0.000746036,-0.000641800,,,
1786043793486816950,1786043793.486187024,/novatel/oem7/inspva,/novatel/oem7/inspva,/novatel/oem7/inspva,39.663,-75.756,-1.801194619,0.001356128,-0.000731363,0.000579142,0.001226245,-0.000731363,,novatel_oem7_msgs.msg.InertialSolutionStatus(status=3),
1786043793488222030,1786043793.486371765,/novatel/oem7/fix,/novatel/oem7/fix,/novatel/oem7/inspva,39.663,-75.756,-1.801194619,0.001356128,-0.000731363,0.000579142,0.001226245,-0.000731363,,0,
1786043793489338369,1786043793.486913371,/novatel/oem7/odom,/novatel/oem7/fix,/novatel/oem7/odom,39.663,-75.756,-1.801194619,0.001359392,-0.000725278,0.001255601,0.000520974,-0.000725278,,,
1786043793496238918,1786043793.495448013,/novatel/oem7/odom,/novatel/oem7/fix,/novatel/oem7/odom,39.663,-75.756,-1.801194619,0.001359392,-0.000725278,0.001255601,0.000520974,-0.000725278,,,
1786043793506940103,1786043793.505950863,/novatel/oem7/inspva,/novatel/oem7/inspva,/novatel/oem7/inspva,39.663,-75.756,-1.801209381,0.001250907,-0.000427038,0.000556319,0.001120392,-0.000427038,,novatel_oem7_msgs.msg.InertialSolutionStatus(status=3),
1786043793509053300,1786043793.506214319,/novatel/oem7/fix,/novatel/oem7/fix,/novatel/oem7/inspva,39.663,-75.756,-1.801209381,0.001250907,-0.000427038,0.000556319,0.001120392,-0.000427038,,0,
1786043793510768064,1786043793.506661316,/novatel/oem7/odom,/novatel/oem7/fix,/novatel/oem7/odom,39.663,-75.756,-1.801209381,0.001252813,-0.000421413,0.001147613,0.000502519,-0.000421413,,,
1786043793513073868,1786043793.511553185,/novatel/oem7/bestpos,/novatel/oem7/bestpos,/novatel/oem7/odom,39.663,-75.756,33.181207331,0.001252813,-0.000421413,0.001147613,0.000502519,-0.000421413,,novatel_oem7_msgs.msg.SolutionStatus(status=0),novatel_oem7_msgs.msg.PositionOrVelocityType(type=53)
1786043793515291320,1786043793.512620323,/novatel/oem7/bestvel,/novatel/oem7/bestpos,/novatel/oem7/bestvel,39.663,-75.756,33.181207331,0.000804413,-0.000150401,,,,44.712568450,novatel_oem7_msgs.msg.SolutionStatus(status=0),novatel_oem7_msgs.msg.PositionOrVelocityType(type=53)
1786043793517323491,1786043793.515405951,/novatel/oem7/odom,/novatel/oem7/bestpos,/novatel/oem7/odom,39.663,-75.756,33.181207331,0.001252813,-0.000421413,0.001147613,0.000502519,-0.000421413,,,
1786043793527644598,1786043793.526407399,/novatel/oem7/inspva,/novatel/oem7/inspva,/novatel/oem7/inspva,39.663,-75.756,-1.801226012,0.001198789,-0.000694178,0.000368874,0.001140626,-0.000694178,,novatel_oem7_msgs.msg.InertialSolutionStatus(status=3),
1786043793530011825,1786043793.526686495,/novatel/oem7/fix,/novatel/oem7/fix,/novatel/oem7/inspva,39.663,-75.756,-1.801226012,0.001198789,-0.000694178,0.000368874,0.001140626,-0.000694178,,0,
1786043793531689765,1786043793.527154486,/novatel/oem7/odom,/novatel/oem7/fix,/novatel/oem7/odom,39.663,-75.756,-1.801226012,0.001201780,-0.000688988,0.001159759,0.000315014,-0.000688988,,,
1786043793536125057,1786043793.535043046,/novatel/oem7/odom,/novatel/oem7/fix,/novatel/oem7/odom,39.663,-75.756,-1.801226012,0.001201780,-0.000688988,0.001159759,0.000315014,-0.000688988,,,
1786043793546722567,1786043793.545910375,/novatel/oem7/inspva,/novatel/oem7/inspva,/novatel/oem7/inspva,39.663,-75.756,-1.801237071,0.001206260,-0.000374514,0.000271968,0.001175200,-0.000374514,,novatel_oem7_msgs.msg.InertialSolutionStatus(status=3),
1786043793548147211,1786043793.546137261,/novatel/oem7/fix,/novatel/oem7/fix,/novatel/oem7/inspva,39.663,-75.756,-1.801237071,0.001206260,-0.000374514,0.000271968,0.001175200,-0.000374514,,0,
1786043793549377833,1786043793.546689056,/novatel/oem7/odom,/novatel/oem7/fix,/novatel/oem7/odom,39.663,-75.756,-1.801237071,0.001207815,-0.000369468,0.001188394,0.000215723,-0.000369468,,,
1786043793556942343,1786043793.556013943,/novatel/oem7/odom,/novatel/oem7/fix,/novatel/oem7/odom,39.663,-75.756,-1.801237071,0.001207815,-0.000369468,0.001188394,0.000215723,-0.000369468,,,
1786043793566335171,1786043793.565331507,/novatel/oem7/inspva,/novatel/oem7/inspva,/novatel/oem7/inspva,39.663,-75.756,-1.801249820,0.001029774,-0.000358288,0.000445314,0.000928509,-0.000358288,,novatel_oem7_msgs.msg.InertialSolutionStatus(status=3),
1786043793568743265,1786043793.565631490,/novatel/oem7/fix,/novatel/oem7/fix,/novatel/oem7/inspva,39.663,-75.756,-1.801249820,0.001029774,-0.000358288,0.000445314,0.000928509,-0.000358288,,0,
1786043793570517403,1786043793.566237900,/novatel/oem7/odom,/novatel/oem7/fix,/novatel/oem7/odom,39.663,-75.756,-1.801249820,0.001031371,-0.000353664,0.000950321,0.000400770,-0.000353664,,,
1786043793576133710,1786043793.575152116,/novatel/oem7/odom,/novatel/oem7/fix,/novatel/oem7/odom,39.663,-75.756,-1.801249820,0.001031371,-0.000353664,0.000950321,0.000400770,-0.000353664,,,
1786043793586964479,1786043793.586154257,/novatel/oem7/inspva,/novatel/oem7/inspva,/novatel/oem7/inspva,39.663,-75.756,-1.801264900,0.001202570,-0.000501667,0.000272317,0.001171332,-0.000501667,,novatel_oem7_msgs.msg.InertialSolutionStatus(status=3),
1786043793588657156,1786043793.586332823,/novatel/oem7/fix,/novatel/oem7/fix,/novatel/oem7/inspva,39.663,-75.756,-1.801264900,0.001202570,-0.000501667,0.000272317,0.001171332,-0.000501667,,0,
1786043793589837671,1786043793.586873224,/novatel/oem7/odom,/novatel/oem7/fix,/novatel/oem7/odom,39.663,-75.756,-1.801264900,0.001204664,-0.000496618,0.001185035,0.000216581,-0.000496618,,,
1786043793595669940,1786043793.594549969,/novatel/oem7/odom,/novatel/oem7/fix,/novatel/oem7/odom,39.663,-75.756,-1.801264900,0.001204664,-0.000496618,0.001185035,0.000216581,-0.000496618,,,
1786043793606753318,1786043793.605816279,/novatel/oem7/inspva,/novatel/oem7/inspva,/novatel/oem7/inspva,39.663,-75.756,-1.801277537,0.001041226,-0.000496556,0.000180040,0.001025543,-0.000496556,,novatel_oem7_msgs.msg.InertialSolutionStatus(status=3),
1786043793608819462,1786043793.606051001,/novatel/oem7/fix,/novatel/oem7/fix,/novatel/oem7/inspva,39.663,-75.756,-1.801277537,0.001041226,-0.000496556,0.000180040,0.001025543,-0.000496556,,0,
1786043793610453032,1786043793.606866259,/novatel/oem7/odom,/novatel/oem7/fix,/novatel/oem7/odom,39.663,-75.756,-1.801277537,0.001043250,-0.000492290,0.001034934,0.000131462,-0.000492290,,,
1786043793612651861,1786043793.610308840,/novatel/oem7/bestpos,/novatel/oem7/bestpos,/novatel/oem7/odom,39.663,-75.756,33.181131590,0.001043250,-0.000492290,0.001034934,0.000131462,-0.000492290,,novatel_oem7_msgs.msg.SolutionStatus(status=0),novatel_oem7_msgs.msg.PositionOrVelocityType(type=53)
1786043793614000934,1786043793.610703974,/novatel/oem7/bestvel,/novatel/oem7/bestpos,/novatel/oem7/bestvel,39.663,-75.756,33.181131590,0.001516464,-0.000644290,,,,90.040691386,novatel_oem7_msgs.msg.SolutionStatus(status=0),novatel_oem7_msgs.msg.PositionOrVelocityType(type=53)
1786043793616374551,1786043793.615614891,/novatel/oem7/odom,/novatel/oem7/bestpos,/novatel/oem7/odom,39.663,-75.756,33.181131590,0.001043250,-0.000492290,0.001034934,0.000131462,-0.000492290,,,
1786043793625898227,1786043793.625002045,/novatel/oem7/inspva,/novatel/oem7/inspva,/novatel/oem7/inspva,39.663,-75.756,-1.801293092,0.001243208,-0.000432930,0.000117057,0.001237685,-0.000432930,,novatel_oem7_msgs.msg.InertialSolutionStatus(status=3),
1786043793628167474,1786043793.625222397,/novatel/oem7/fix,/novatel/oem7/fix,/novatel/oem7/inspva,39.663,-75.756,-1.801293092,0.001243208,-0.000432930,0.000117057,0.001237685,-0.000432930,,0,
1786043793629789933,1786043793.625825737,/novatel/oem7/odom,/novatel/oem7/fix,/novatel/oem7/odom,39.663,-75.756,-1.801293092,0.001244892,-0.000428065,0.001243535,0.000058113,-0.000428065,,,
1786043793635647182,1786043793.634623475,/novatel/oem7/odom,/novatel/oem7/fix,/novatel/oem7/odom,39.663,-75.756,-1.801293092,0.001244892,-0.000428065,0.001243535,0.000058113,-0.000428065,,,
1786043793647393968,1786043793.646743221,/novatel/oem7/inspva,/novatel/oem7/inspva,/novatel/oem7/inspva,39.663,-75.756,-1.801308976,0.000892197,-0.000523945,0.000127107,0.000883097,-0.000523945,,novatel_oem7_msgs.msg.InertialSolutionStatus(status=3),
1786043793649017640,1786043793.646964506,/novatel/oem7/fix,/novatel/oem7/fix,/novatel/oem7/inspva,39.663,-75.756,-1.801308976,0.000892197,-0.000523945,0.000127107,0.000883097,-0.000523945,,0,
1786043793650201059,1786043793.647538529,/novatel/oem7/odom,/novatel/oem7/fix,/novatel/oem7/odom,39.663,-75.756,-1.801308976,0.000894303,-0.000520342,0.000890202,0.000085550,-0.000520342,,,
1786043793657416905,1786043793.656540890,/novatel/oem7/odom,/novatel/oem7/fix,/novatel/oem7/odom,39.663,-75.756,-1.801308976,0.000894303,-0.000520342,0.000890202,0.000085550,-0.000520342,,,
1786043793666114026,1786043793.665068376,/novatel/oem7/inspva,/novatel/oem7/inspva,/novatel/oem7/inspva,39.663,-75.756,-1.801327722,0.001396391,-0.000791966,0.000282116,0.001367595,-0.000791966,,novatel_oem7_msgs.msg.InertialSolutionStatus(status=3),
1786043793668398505,1786043793.665345375,/novatel/oem7/fix,/novatel/oem7/fix,/novatel/oem7/inspva,39.663,-75.756,-1.801327722,0.001396391,-0.000791966,0.000282116,0.001367595,-0.000791966,,0,
1786043793670100420,1786043793.666077319,/novatel/oem7/odom,/novatel/oem7/fix,/novatel/oem7/odom,39.663,-75.756,-1.801327722,0.001399669,-0.000786157,0.001382649,0.000217615,-0.000786157,,,
1786043793675914561,1786043793.674829877,/novatel/oem7/odom,/novatel/oem7/fix,/novatel/oem7/odom,39.663,-75.756,-1.801327722,0.001399669,-0.000786157,0.001382649,0.000217615,-0.000786157,,,
1786043793686090271,1786043793.685345510,/novatel/oem7/inspva,/novatel/oem7/inspva,/novatel/oem7/inspva,39.663,-75.756,-1.801342013,0.001027467,-0.000657746,0.000531025,0.000879602,-0.000657746,,novatel_oem7_msgs.msg.InertialSolutionStatus(status=3),
1786043793687813731,1786043793.685577169,/novatel/oem7/fix,/novatel/oem7/fix,/novatel/oem7/inspva,39.663,-75.756,-1.801342013,0.001027467,-0.000657746,0.000531025,0.000879602,-0.000657746,,0,
1786043793688988390,1786043793.686121474,/novatel/oem7/odom,/novatel/oem7/fix,/novatel/oem7/odom,39.663,-75.756,-1.801342013,0.001030459,-0.000653047,0.000906764,0.000489516,-0.000653047,,,
1786043793696450735,1786043793.695282093,/novatel/oem7/odom,/novatel/oem7/fix,/novatel/oem7/odom,39.663,-75.756,-1.801342013,0.001030459,-0.000653047,0.000906764,0.000489516,-0.000653047,,,
1786043793707093762,1786043793.706134019,/novatel/oem7/inspva,/novatel/oem7/inspva,/novatel/oem7/inspva,39.663,-75.756,-1.801359955,0.001379438,-0.000836678,0.000299528,0.001346526,-0.000836678,,novatel_oem7_msgs.msg.InertialSolutionStatus(status=3),
1786043793709163283,1786043793.706411452,/novatel/oem7/fix,/novatel/oem7/fix,/novatel/oem7/inspva,39.663,-75.756,-1.801359955,0.001379438,-0.000836678,0.000299528,0.001346526,-0.000836678,,0,
1786043793710876334,1786043793.707100949,/novatel/oem7/odom,/novatel/oem7/fix,/novatel/oem7/odom,39.663,-75.756,-1.801359955,0.001382922,-0.000830906,0.001362613,0.000236133,-0.000830906,,,
1786043793713011435,1786043793.709561610,/novatel/oem7/bestpos,/novatel/oem7/bestpos,/novatel/oem7/odom,39.663,-75.756,33.181048897,0.001382922,-0.000830906,0.001362613,0.000236133,-0.000830906,,novatel_oem7_msgs.msg.SolutionStatus(status=0),novatel_oem7_msgs.msg.PositionOrVelocityType(type=53)
1786043793714153890,1786043793.710389892,/novatel/oem7/bestvel,/novatel/oem7/bestpos,/novatel/oem7/bestvel,39.663,-75.756,33.181048897,0.001223806,-0.000852619,,,,63.123011566,novatel_oem7_msgs.msg.SolutionStatus(status=0),novatel_oem7_msgs.msg.PositionOrVelocityType(type=53)
1786043793715925881,1786043793.714434709,/novatel/oem7/odom,/novatel/oem7/bestpos,/novatel/oem7/odom,39.663,-75.756,33.181048897,0.001382922,-0.000830906,0.001362613,0.000236133,-0.000830906,,,
1786043793726020823,1786043793.725124681,/novatel/oem7/inspva,/novatel/oem7/inspva,/novatel/oem7/inspva,39.663,-75.756,-1.801373895,0.001282386,-0.000596383,0.000325709,0.001240333,-0.000596383,,novatel_oem7_msgs.msg.InertialSolutionStatus(status=3),
1786043793728447247,1786043793.725362789,/novatel/oem7/fix,/novatel/oem7/fix,/novatel/oem7/inspva,39.663,-75.756,-1.801373895,0.001282386,-0.000596383,0.000325709,0.001240333,-0.000596383,,0,
1786043793730239185,1786043793.725869321,/novatel/oem7/odom,/novatel/oem7/fix,/novatel/oem7/odom,39.663,-75.756,-1.801373895,0.001284909,-0.000590926,0.001256904,0.000266804,-0.000590926,,,
1786043793736680560,1786043793.735683250,/novatel/oem7/odom,/novatel/oem7/fix,/novatel/oem7/odom,39.663,-75.756,-1.801373895,0.001284909,-0.000590926,0.001256904,0.000266804,-0.000590926,,,
1786043793745818572,1786043793.744897693,/novatel/oem7/inspva,/novatel/oem7/inspva,/novatel/oem7/inspva,39.663,-75.756,-1.801393517,0.001316202,-0.000734176,0.000461403,0.001232678,-0.000734176,,novatel_oem7_msgs.msg.InertialSolutionStatus(status=3),
1786043793747341375,1786043793.745175909,/novatel/oem7/fix,/novatel/oem7/fix,/novatel/oem7/inspva,39.663,-75.756,-1.801393517,0.001316202,-0.000734176,0.000461403,0.001232678,-0.000734176,,0,
1786043793748584797,1786043793.745644591,/novatel/oem7/odom,/novatel/oem7/fix,/novatel/oem7/odom,39.663,-75.756,-1.801393517,0.001319426,-0.000728367,0.001256350,0.000403074,-0.000728367,,,
1786043793756717352,1786043793.755776526,/novatel/oem7/odom,/novatel/oem7/fix,/novatel/oem7/odom,39.663,-75.756,-1.801393517,0.001319426,-0.000728367,0.001256350,0.000403074,-0.000728367,,,
1786043793766716820,1786043793.765558314,/novatel/oem7/inspva,/novatel/oem7/inspva,/novatel/oem7/inspva,39.663,-75.756,-1.801414984,0.001214845,-0.001196884,0.000321307,0.001171584,-0.001196884,,novatel_oem7_msgs.msg.InertialSolutionStatus(status=3),
1786043793768783127,1786043793.765879375,/novatel/oem7/fix,/novatel/oem7/fix,/novatel/oem7/inspva,39.663,-75.756,-1.801414984,0.001214845,-0.001196884,0.000321307,0.001171584,-0.001196884,,0,
1786043793770195448,1786043793.766641629,/novatel/oem7/odom,/novatel/oem7/fix,/novatel/oem7/odom,39.663,-75.756,-1.801414984,0.001219941,-0.001191689,0.001190300,0.000267287,-0.001191689,,,
1786043793775929966,1786043793.775005313,/novatel/oem7/odom,/novatel/oem7/fix,/novatel/oem7/odom,39.663,-75.756,-1.801414984,0.001219941,-0.001191689,0.001190300,0.000267287,-0.001191689,,,
1786043793785916889,1786043793.785058371,/novatel/oem7/inspva,/novatel/oem7/inspva,/novatel/oem7/inspva,39.663,-75.756,-1.801432551,0.001429886,-0.001052180,0.000465008,0.001352162,-0.001052180,,novatel_oem7_msgs.msg.InertialSolutionStatus(status=3),
1786043793787504879,1786043793.785292847,/novatel/oem7/fix,/novatel/oem7/fix,/novatel/oem7/inspva,39.663,-75.756,-1.801432551,0.001429886,-0.001052180,0.000465008,0.001352162,-0.001052180,,0,
1786043793788601397,1786043793.785822179,/novatel/oem7/odom,/novatel/oem7/fix,/novatel/oem7/odom,39.663,-75.756,-1.801432551,0.001434466,-0.001045928,0.001377069,0.000401716,-0.001045928,,,
1786043793795707808,1786043793.794619394,/novatel/oem7/odom,/novatel/oem7/fix,/novatel/oem7/odom,39.663,-75.756,-1.801432551,0.001434466,-0.001045928,0.001377069,0.000401716,-0.001045928,,,
1786043793807489337,1786043793.806498647,/novatel/oem7/inspva,/novatel/oem7/inspva,/novatel/oem7/inspva,39.663,-75.756,-1.801453413,0.001257057,-0.001142836,0.000752971,0.001006592,-0.001142836,,novatel_oem7_msgs.msg.InertialSolutionStatus(status=3),
1786043793809311392,1786043793.806797567,/novatel/oem7/fix,/novatel/oem7/fix,/novatel/oem7/inspva,39.663,-75.756,-1.801453413,0.001257057,-0.001142836,0.000752971,0.001006592,-0.001142836,,0,
1786043793811071130,1786043793.807275168,/novatel/oem7/odom,/novatel/oem7/fix,/novatel/oem7/odom,39.663,-75.756,-1.801453413,0.001262283,-0.001137061,0.001046194,0.000706284,-0.001137061,,,
1786043793812993529,1786043793.810331449,/novatel/oem7/bestpos,/novatel/oem7/bestpos,/novatel/oem7/odom,39.663,-75.756,33.180953419,0.001262283,-0.001137061,0.001046194,0.000706284,-0.001137061,,novatel_oem7_msgs.msg.SolutionStatus(status=0),novatel_oem7_msgs.msg.PositionOrVelocityType(type=53)
1786043793813933892,1786043793.810724413,/novatel/oem7/bestvel,/novatel/oem7/bestpos,/novatel/oem7/bestvel,39.663,-75.756,33.180953419,0.001216493,-0.001118884,,,,50.902631438,novatel_oem7_msgs.msg.SolutionStatus(status=0),novatel_oem7_msgs.msg.PositionOrVelocityType(type=53)
1786043793815969439,1786043793.814945479,/novatel/oem7/odom,/novatel/oem7/bestpos,/novatel/oem7/odom,39.663,-75.756,33.180953419,0.001262283,-0.001137061,0.001046194,0.000706284,-0.001137061,,,
1786043793827027097,1786043793.826055914,/novatel/oem7/inspva,/novatel/oem7/inspva,/novatel/oem7/inspva,39.663,-75.756,-1.801471809,0.001271412,-0.001052098,0.000611862,0.001114501,-0.001052098,,novatel_oem7_msgs.msg.InertialSolutionStatus(status=3),
1786043793829053604,1786043793.826343144,/novatel/oem7/fix,/novatel/oem7/fix,/novatel/oem7/inspva,39.663,-75.756,-1.801471809,0.001271412,-0.001052098,0.000611862,0.001114501,-0.001052098,,0,
1786043793830493825,1786043793.827258620,/novatel/oem7/odom,/novatel/oem7/fix,/novatel/oem7/odom,39.663,-75.756,-1.801471809,0.001276174,-0.001046316,0.001146795,0.000559893,-0.001046316,,,
1786043793835300371,1786043793.834492739,/novatel/oem7/odom,/novatel/oem7/fix,/novatel/oem7/odom,39.663,-75.756,-1.801471809,0.001276174,-0.001046316,0.001146795,0.000559893,-0.001046316,,,
1786043793845840483,1786043793.845269507,/novatel/oem7/inspva,/novatel/oem7/inspva,/novatel/oem7/inspva,39.663,-75.756,-1.801485557,0.001806463,-0.000425470,0.000839816,0.001599380,-0.000425470,,novatel_oem7_msgs.msg.InertialSolutionStatus(status=3),
1786043793847181350,1786043793.845518670,/novatel/oem7/fix,/novatel/oem7/fix,/novatel/oem7/inspva,39.663,-75.756,-1.801485557,0.001806463,-0.000425470,0.000839816,0.001599380,-0.000425470,,0,
1786043793848328402,1786043793.846080646,/novatel/oem7/odom,/novatel/oem7/fix,/novatel/oem7/odom,39.663,-75.756,-1.801485557,0.001808370,-0.000417289,0.001639758,0.000762495,-0.000417289,,,
1786043793857067356,1786043793.856118880,/novatel/oem7/odom,/novatel/oem7/fix,/novatel/oem7/odom,39.663,-75.756,-1.801485557,0.001808370,-0.000417289,0.001639758,0.000762495,-0.000417289,,,
1786043793865870842,1786043793.865063081,/novatel/oem7/inspva,/novatel/oem7/inspva,/novatel/oem7/inspva,39.663,-75.756,-1.801504860,0.001490350,-0.000631869,0.000500478,0.001403804,-0.000631869,,novatel_oem7_msgs.msg.InertialSolutionStatus(status=3),
1786043793867740834,1786043793.865313609,/novatel/oem7/fix,/novatel/oem7/fix,/novatel/oem7/inspva,39.663,-75.756,-1.801504860,0.001490350,-0.000631869,0.000500478,0.001403804,-0.000631869,,0,
1786043793869230043,1786043793.865678956,/novatel/oem7/odom,/novatel/oem7/fix,/novatel/oem7/odom,39.663,-75.756,-1.801504860,0.001493105,-0.000625330,0.001428772,0.000433561,-0.000625330,,,
1786043793875527312,1786043793.874534032,/novatel/oem7/odom,/novatel/oem7/fix,/novatel/oem7/odom,39.663,-75.756,-1.801504860,0.001493105,-0.000625330,0.001428772,0.000433561,-0.000625330,,,
1786043793887971995,1786043793.887150296,/novatel/oem7/inspva,/novatel/oem7/inspva,/novatel/oem7/inspva,39.663,-75.756,-1.801521620,0.001643023,-0.000895716,0.000720495,0.001476622,-0.000895716,,novatel_oem7_msgs.msg.InertialSolutionStatus(status=3),
1786043793889611604,1786043793.887365108,/novatel/oem7/fix,/novatel/oem7/fix,/novatel/oem7/inspva,39.663,-75.756,-1.801521620,0.001643023,-0.000895716,0.000720495,0.001476622,-0.000895716,,0,
1786043793890782943,1786043793.887721911,/novatel/oem7/odom,/novatel/oem7/fix,/novatel/oem7/odom,39.663,-75.756,-1.801521620,0.001647044,-0.000888300,0.001513151,0.000650485,-0.000888300,,,
1786043793895656002,1786043793.894690252,/novatel/oem7/odom,/novatel/oem7/fix,/novatel/oem7/odom,39.663,-75.756,-1.801521620,0.001647044,-0.000888300,0.001513151,0.000650485,-0.000888300,,,
1786043793906568102,1786043793.905833147,/novatel/oem7/inspva,/novatel/oem7/inspva,/novatel/oem7/inspva,39.663,-75.756,-1.801536307,0.001486093,-0.000863873,0.000505922,0.001397324,-0.000863873,,novatel_oem7_msgs.msg.InertialSolutionStatus(status=3),
1786043793908294186,1786043793.906047637,/novatel/oem7/fix,/novatel/oem7/fix,/novatel/oem7/inspva,39.663,-75.756,-1.801536307,0.001486093,-0.000863873,0.000505922,0.001397324,-0.000863873,,0,
1786043793909728851,1786043793.906548812,/novatel/oem7/odom,/novatel/oem7/fix,/novatel/oem7/odom,39.663,-75.756,-1.801536307,0.001489872,-0.000857338,0.001423445,0.000439912,-0.000857338,,,
1786043793911542462,1786043793.909496798,/novatel/oem7/bestpos,/novatel/oem7/bestpos,/novatel/oem7/odom,39.663,-75.756,33.180867041,0.001489872,-0.000857338,0.001423445,0.000439912,-0.000857338,,novatel_oem7_msgs.msg.SolutionStatus(status=0),novatel_oem7_msgs.msg.PositionOrVelocityType(type=53)
1786043793912514955,1786043793.910198288,/novatel/oem7/bestvel,/novatel/oem7/bestpos,/novatel/oem7/bestvel,39.663,-75.756,33.180867041,0.001543176,-0.000800643,,,,79.081597646,novatel_oem7_msgs.msg.SolutionStatus(status=0),novatel_oem7_msgs.msg.PositionOrVelocityType(type=53)
1786043793915633663,1786043793.914889466,/novatel/oem7/odom,/novatel/oem7/bestpos,/novatel/oem7/odom,39.663,-75.756,33.180867041,0.001489872,-0.000857338,0.001423445,0.000439912,-0.000857338,,,
1786043793926414105,1786043793.925360358,/novatel/oem7/inspva,/novatel/oem7/inspva,/novatel/oem7/inspva,39.663,-75.756,-1.801547995,0.001815305,-0.000426887,0.001126781,0.001423269,-0.000426887,,novatel_oem7_msgs.msg.InertialSolutionStatus(status=3),
1786043793928684818,1786043793.925667957,/novatel/oem7/fix,/novatel/oem7/fix,/novatel/oem7/inspva,39.663,-75.756,-1.801547995,0.001815305,-0.000426887,0.001126781,0.001423269,-0.000426887,,0,
1786043793930204533,1786043793.926248063,/novatel/oem7/odom,/novatel/oem7/fix,/novatel/oem7/odom,39.663,-75.756,-1.801547995,0.001817245,-0.000418548,0.001477731,0.001057682,-0.000418548,,,
1786043793935867990,1786043793.934876605,/novatel/oem7/odom,/novatel/oem7/fix,/novatel/oem7/odom,39.663,-75.756,-1.801547995,0.001817245,-0.000418548,0.001477731,0.001057682,-0.000418548,,,
1786043793946792840,1786043793.946148434,/novatel/oem7/inspva,/novatel/oem7/inspva,/novatel/oem7/inspva,39.663,-75.756,-1.801565113,0.001439261,-0.000644473,0.000709384,0.001252297,-0.000644473,,novatel_oem7_msgs.msg.InertialSolutionStatus(status=3),
1786043793948141384,1786043793.946399830,/novatel/oem7/fix,/novatel/oem7/fix,/novatel/oem7/inspva,39.663,-75.756,-1.801565113,0.001439261,-0.000644473,0.000709384,0.001252297,-0.000644473,,0,
1786043793949252022,1786043793.946909978,/novatel/oem7/odom,/novatel/oem7/fix,/novatel/oem7/odom,39.663,-75.756,-1.801565113,0.001442182,-0.000637912,0.001287596,0.000649602,-0.000637912,,,
1786043793957329626,1786043793.956161081,/novatel/oem7/odom,/novatel/oem7/fix,/novatel/oem7/odom,39.663,-75.756,-1.801565113,0.001442182,-0.000637912,0.001287596,0.000649602,-0.000637912,,,
1786043793966077064,1786043793.965318677,/novatel/oem7/inspva,/novatel/oem7/inspva,/novatel/oem7/inspva,39.663,-75.756,-1.801577484,0.001946792,-0.000487565,0.001141295,0.001577164,-0.000487565,,novatel_oem7_msgs.msg.InertialSolutionStatus(status=3),
1786043793968042551,1786043793.965646354,/novatel/oem7/fix,/novatel/oem7/fix,/novatel/oem7/inspva,39.663,-75.756,-1.801577484,0.001946792,-0.000487565,0.001141295,0.001577164,-0.000487565,,0,
1786043793969541079,1786043793.966187772,/novatel/oem7/odom,/novatel/oem7/fix,/novatel/oem7/odom,39.663,-75.756,-1.801577484,0.001949006,-0.000478640,0.001632374,0.001064884,-0.000478640,,,
1786043793976083522,1786043793.975447879,/novatel/oem7/odom,/novatel/oem7/fix,/novatel/oem7/odom,39.663,-75.756,-1.801577484,0.001949006,-0.000478640,0.001632374,0.001064884,-0.000478640,,,
1786043793986020175,1786043793.985053933,/novatel/oem7/inspva,/novatel/oem7/inspva,/novatel/oem7/inspva,39.663,-75.756,-1.801594650,0.001561414,-0.000499563,0.000995404,0.001202990,-0.000499563,,novatel_oem7_msgs.msg.InertialSolutionStatus(status=3),
1786043793988093193,1786043793.985274835,/novatel/oem7/fix,/novatel/oem7/fix,/novatel/oem7/inspva,39.663,-75.756,-1.801594650,0.001561414,-0.000499563,0.000995404,0.001202990,-0.000499563,,0,
1786043793989641812,1786043793.986110033,/novatel/oem7/odom,/novatel/oem7/fix,/novatel/oem7/odom,39.663,-75.756,-1.801594650,0.001563686,-0.000492405,0.001251635,0.000937297,-0.000492405,,,
1786043793995299333,1786043793.994473360,/novatel/oem7/odom,/novatel/oem7/fix,/novatel/oem7/odom,39.663,-75.756,-1.801594650,0.001563686,-0.000492405,0.001251635,0.000937297,-0.000492405,,,
1786043794009179286,1786043794.008333474,/novatel/oem7/inspva,/novatel/oem7/inspva,/novatel/oem7/inspva,39.663,-75.756,-1.801612638,0.002103452,-0.000935718,0.001184955,0.001737927,-0.000935718,,novatel_oem7_msgs.msg.InertialSolutionStatus(status=3),
1786043794010709438,1786043794.008530242,/novatel/oem7/fix,/novatel/oem7/fix,/novatel/oem7/inspva,39.663,-75.756,-1.801612638,0.002103452,-0.000935718,0.001184955,0.001737927,-0.000935718,,0,
1786043794012439325,1786043794.011498779,/novatel/oem7/odom,/novatel/oem7/fix,/novatel/oem7/odom,39.663,-75.756,-1.801612638,0.002107718,-0.000926068,0.001796777,0.001101847,-0.000926068,,,
1786043794016876826,1786043794.015995394,/novatel/oem7/odom,/novatel/oem7/fix,/novatel/oem7/odom,39.663,-75.756,-1.801612638,0.002107718,-0.000926068,0.001796777,0.001101847,-0.000926068,,,
1786043794027919171,1786043794.026783440,/novatel/oem7/bestpos,/novatel/oem7/bestpos,/novatel/oem7/odom,39.663,-75.756,33.180788017,0.002107718,-0.000926068,0.001796777,0.001101847,-0.000926068,,novatel_oem7_msgs.msg.SolutionStatus(status=0),novatel_oem7_msgs.msg.PositionOrVelocityType(type=53)
1786043794030049139,1786043794.027200220,/novatel/oem7/bestvel,/novatel/oem7/bestpos,/novatel/oem7/bestvel,39.663,-75.756,33.180788017,0.002034574,-0.000898268,,,,53.385809452,novatel_oem7_msgs.msg.SolutionStatus(status=0),novatel_oem7_msgs.msg.PositionOrVelocityType(type=53)
1786043794031378199,1786043794.027676472,/novatel/oem7/inspva,/novatel/oem7/inspva,/novatel/oem7/inspva,39.663,-75.756,-1.801628231,0.001664143,-0.000849353,0.001087423,0.001259715,-0.000849353,,novatel_oem7_msgs.msg.InertialSolutionStatus(status=3),
1786043794032484110,1786043794.027980202,/novatel/oem7/fix,/novatel/oem7/fix,/novatel/oem7/inspva,39.663,-75.756,-1.801628231,0.001664143,-0.000849353,0.001087423,0.001259715,-0.000849353,,0,
1786043794033813107,1786043794.028451547,/novatel/oem7/odom,/novatel/oem7/fix,/novatel/oem7/odom,39.663,-75.756,-1.801628231,0.001668016,-0.000841721,0.001314085,0.001027355,-0.000841721,,,
1786043794036605049,1786043794.035733910,/novatel/oem7/odom,/novatel/oem7/fix,/novatel/oem7/odom,39.663,-75.756,-1.801628231,0.001668016,-0.000841721,0.001314085,0.001027355,-0.000841721,,,
1786043794046516332,1786043794.045516945,/novatel/oem7/inspva,/novatel/oem7/inspva,/novatel/oem7/inspva,39.663,-75.756,-1.801622853,0.002011580,-0.000508695,0.001317722,0.001519889,-0.000508695,,novatel_oem7_msgs.msg.InertialSolutionStatus(status=3),
1786043794048201756,1786043794.045810888,/novatel/oem7/fix,/novatel/oem7/fix,/novatel/oem7/inspva,39.663,-75.756,-1.801622853,0.002011580,-0.000508695,0.001317722,0.001519889,-0.000508695,,0,
1786043794049583610,1786043794.046319953,/novatel/oem7/odom,/novatel/oem7/fix,/novatel/oem7/odom,39.663,-75.756,-1.801622853,0.002013892,-0.000499464,0.001583787,0.001243937,-0.000499464,,,
1786043794057439985,1786043794.056494439,/novatel/oem7/odom,/novatel/oem7/fix,/novatel/oem7/odom,39.663,-75.756,-1.801622853,0.002013892,-0.000499464,0.001583787,0.001243937,-0.000499464,,,
1786043794067047696,1786043794.066280421,/novatel/oem7/inspva,/novatel/oem7/inspva,/novatel/oem7/inspva,39.663,-75.756,-1.801611505,0.001743945,-0.000416717,0.000919471,0.001481863,-0.000416717,,novatel_oem7_msgs.msg.InertialSolutionStatus(status=3),
1786043794069003551,1786043794.066566897,/novatel/oem7/fix,/novatel/oem7/fix,/novatel/oem7/inspva,39.663,-75.756,-1.801611505,0.001743945,-0.000416717,0.000919471,0.001481863,-0.000416717,,0,
1786043794070399826,1786043794.066965721,/novatel/oem7/odom,/novatel/oem7/fix,/novatel/oem7/odom,39.663,-75.756,-1.801611505,0.001745832,-0.000408738,0.001526188,0.000847749,-0.000408738,,,
1786043794075286749,1786043794.074521371,/novatel/oem7/odom,/novatel/oem7/fix,/novatel/oem7/odom,39.663,-75.756,-1.801611505,0.001745832,-0.000408738,0.001526188,0.000847749,-0.000408738,,,
1786043794086838595,1786043794.085464301,/novatel/oem7/inspva,/novatel/oem7/inspva,/novatel/oem7/inspva,39.663,-75.756,-1.801607105,0.002221357,-0.000847716,0.001090482,0.001935272,-0.000847716,,novatel_oem7_msgs.msg.InertialSolutionStatus(status=3),
1786043794089262766,1786043794.085763417,/novatel/oem7/fix,/novatel/oem7/fix,/novatel/oem7/inspva,39.663,-75.756,-1.801607105,0.002221357,-0.000847716,0.001090482,0.001935272,-0.000847716,,0,
1786043794090915612,1786043794.086345740,/novatel/oem7/odom,/novatel/oem7/fix,/novatel/oem7/odom,39.663,-75.756,-1.801607105,0.002225189,-0.000837607,0.001988974,0.000997721,-0.000837607,,,
1786043794096650374,1786043794.095699514,/novatel/oem7/odom,/novatel/oem7/fix,/novatel/oem7/odom,39.663,-75.756,-1.801607105,0.002225189,-0.000837607,0.001988974,0.000997721,-0.000837607,,,
1786043794106472116,1786043794.105774682,/novatel/oem7/inspva,/novatel/oem7/inspva,/novatel/oem7/inspva,39.663,-75.756,-1.801594263,0.001687005,-0.000560028,0.001088574,0.001288795,-0.000560028,,novatel_oem7_msgs.msg.InertialSolutionStatus(status=3),
1786043794107976511,1786043794.105966181,/novatel/oem7/fix,/novatel/oem7/fix,/novatel/oem7/inspva,39.663,-75.756,-1.801594263,0.001687005,-0.000560028,0.001088574,0.001288795,-0.000560028,,0,
1786043794109085222,1786043794.106440712,/novatel/oem7/odom,/novatel/oem7/fix,/novatel/oem7/odom,39.663,-75.756,-1.801594263,0.001689549,-0.000552305,0.001342082,0.001026348,-0.000552305,,,
1786043794111043045,1786043794.110026032,/novatel/oem7/bestpos,/novatel/oem7/bestpos,/novatel/oem7/odom,39.663,-75.756,33.180843587,0.001689549,-0.000552305,0.001342082,0.001026348,-0.000552305,,novatel_oem7_msgs.msg.SolutionStatus(status=0),novatel_oem7_msgs.msg.PositionOrVelocityType(type=53)
1786043794112556377,1786043794.110517893,/novatel/oem7/bestvel,/novatel/oem7/bestpos,/novatel/oem7/bestvel,39.663,-75.756,33.180843587,0.001651507,-0.000539680,,,,47.259103035,novatel_oem7_msgs.msg.SolutionStatus(status=0),novatel_oem7_msgs.msg.PositionOrVelocityType(type=53)
1786043794115308375,1786043794.114496317,/novatel/oem7/odom,/novatel/oem7/bestpos,/novatel/oem7/odom,39.663,-75.756,33.180843587,0.001689549,-0.000552305,0.001342082,0.001026348,-0.000552305,,,
1786043794127801824,1786043794.126775824,/novatel/oem7/inspva,/novatel/oem7/inspva,/novatel/oem7/inspva,39.663,-75.756,-1.801587381,0.002026706,-0.000509897,0.000718041,0.001895245,-0.000509897,,novatel_oem7_msgs.msg.InertialSolutionStatus(status=3),
1786043794130014380,1786043794.127072417,/novatel/oem7/fix,/novatel/oem7/fix,/novatel/oem7/inspva,39.663,-75.756,-1.801587381,0.002026706,-0.000509897,0.000718041,0.001895245,-0.000509897,,0,
1786043794131850635,1786043794.127968936,/novatel/oem7/odom,/novatel/oem7/fix,/novatel/oem7/odom,39.663,-75.756,-1.801587381,0.002028932,-0.000500965,0.001929696,0.000626770,-0.000500965,,,
1786043794135835235,1786043794.134750418,/novatel/oem7/odom,/novatel/oem7/fix,/novatel/oem7/odom,39.663,-75.756,-1.801587381,0.002028932,-0.000500965,0.001929696,0.000626770,-0.000500965,,,
1786043794146016647,1786043794.145035724,/novatel/oem7/inspva,/novatel/oem7/inspva,/novatel/oem7/inspva,39.663,-75.756,-1.801576697,0.001814894,-0.000484706,0.000654005,0.001692961,-0.000484706,,novatel_oem7_msgs.msg.InertialSolutionStatus(status=3),
1786043794147681378,1786043794.145270607,/novatel/oem7/fix,/novatel/oem7/fix,/novatel/oem7/inspva,39.663,-75.756,-1.801576697,0.001814894,-0.000484706,0.000654005,0.001692961,-0.000484706,,0,
1786043794149079832,1786043794.145755362,/novatel/oem7/odom,/novatel/oem7/fix,/novatel/oem7/odom,39.663,-75.756,-1.801576697,0.001817018,-0.000476681,0.001724458,0.000572538,-0.000476681,,,
1786043794156819433,1786043794.155798706,/novatel/oem7/odom,/novatel/oem7/fix,/novatel/oem7/odom,39.663,-75.756,-1.801576697,0.001817018,-0.000476681,0.001724458,0.000572538,-0.000476681,,,
1786043794166137877,1786043794.165301432,/novatel/oem7/inspva,/novatel/oem7/inspva,/novatel/oem7/inspva,39.663,-75.756,-1.801571140,0.001641097,-0.000660322,0.000713844,0.001477710,-0.000660322,,novatel_oem7_msgs.msg.InertialSolutionStatus(status=3),
1786043794168151924,1786043794.165563891,/novatel/oem7/fix,/novatel/oem7/fix,/novatel/oem7/inspva,39.663,-75.756,-1.801571140,0.001641097,-0.000660322,0.000713844,0.001477710,-0.000660322,,0,
1786043794169790451,1786043794.166399943,/novatel/oem7/odom,/novatel/oem7/fix,/novatel/oem7/odom,39.663,-75.756,-1.801571140,0.001644053,-0.000652926,0.001513019,0.000643183,-0.000652926,,,
1786043794175661500,1786043794.174692926,/novatel/oem7/odom,/novatel/oem7/fix,/novatel/oem7/odom,39.663,-75.756,-1.801571140,0.001644053,-0.000652926,0.001513019,0.000643183,-0.000652926,,,
1786043794186883429,1786043794.186162489,/novatel/oem7/inspva,/novatel/oem7/inspva,/novatel/oem7/inspva,39.663,-75.756,-1.801557705,0.001734315,-0.000439917,0.000693838,0.001589477,-0.000439917,,novatel_oem7_msgs.msg.InertialSolutionStatus(status=3),
1786043794188351454,1786043794.186345178,/novatel/oem7/fix,/novatel/oem7/fix,/novatel/oem7/inspva,39.663,-75.756,-1.801557705,0.001734315,-0.000439917,0.000693838,0.001589477,-0.000439917,,0,
1786043794189437982,1786043794.186969810,/novatel/oem7/odom,/novatel/oem7/fix,/novatel/oem7/odom,39.663,-75.756,-1.801557705,0.001736263,-0.000432166,0.001622848,0.000617230,-0.000432166,,,
1786043794195162053,1786043794.194418205,/novatel/oem7/odom,/novatel/oem7/fix,/novatel/oem7/odom,39.663,-75.756,-1.801557705,0.001736263,-0.000432166,0.001622848,0.000617230,-0.000432166,,,
1786043794207336225,1786043794.206526397,/novatel/oem7/inspva,/novatel/oem7/inspva,/novatel/oem7/inspva,39.663,-75.756,-1.801552020,0.001635381,-0.000553038,0.000758146,0.001449029,-0.000553038,,novatel_oem7_msgs.msg.InertialSolutionStatus(status=3),
1786043794208911411,1786043794.206726253,/novatel/oem7/fix,/novatel/oem7/fix,/novatel/oem7/inspva,39.663,-75.756,-1.801552020,0.001635381,-0.000553038,0.000758146,0.001449029,-0.000553038,,0,
1786043794210045179,1786043794.207348066,/novatel/oem7/odom,/novatel/oem7/fix,/novatel/oem7/odom,39.663,-75.756,-1.801552020,0.001637869,-0.000545625,0.001486105,0.000688552,-0.000545625,,,
1786043794211589485,1786043794.210508074,/novatel/oem7/bestpos,/novatel/oem7/bestpos,/novatel/oem7/odom,39.663,-75.756,33.180880341,0.001637869,-0.000545625,0.001486105,0.000688552,-0.000545625,,novatel_oem7_msgs.msg.SolutionStatus(status=0),novatel_oem7_msgs.msg.PositionOrVelocityType(type=53)
1786043794213059323,1786043794.211106047,/novatel/oem7/bestvel,/novatel/oem7/bestpos,/novatel/oem7/bestvel,39.663,-75.756,33.180880341,0.001806927,-0.000651865,,,,65.152555608,novatel_oem7_msgs.msg.SolutionStatus(status=0),novatel_oem7_msgs.msg.PositionOrVelocityType(type=53)
1786043794216853228,1786043794.215713243,/novatel/oem7/odom,/novatel/oem7/bestpos,/novatel/oem7/odom,39.663,-75.756,33.180880341,0.001637869,-0.000545625,0.001486105,0.000688552,-0.000545625,,,
1786043794226232179,1786043794.225252103,/novatel/oem7/inspva,/novatel/oem7/inspva,/novatel/oem7/inspva,39.663,-75.756,-1.801542783,0.001745744,-0.000640539,0.000883549,0.001505643,-0.000640539,,novatel_oem7_msgs.msg.InertialSolutionStatus(status=3),
1786043794228156835,1786043794.225561969,/novatel/oem7/fix,/novatel/oem7/fix,/novatel/oem7/inspva,39.663,-75.756,-1.801542783,0.001745744,-0.000640539,0.000883549,0.001505643,-0.000640539,,0,
1786043794229689407,1786043794.226311710,/novatel/oem7/odom,/novatel/oem7/fix,/novatel/oem7/odom,39.663,-75.756,-1.801542783,0.001748646,-0.000632573,0.001549052,0.000811295,-0.000632573,,,
1786043794235634881,1786043794.234720375,/novatel/oem7/odom,/novatel/oem7/fix,/novatel/oem7/odom,39.663,-75.756,-1.801542783,0.001748646,-0.000632573,0.001549052,0.000811295,-0.000632573,,,
1786043794247969282,1786043794.246693972,/novatel/oem7/inspva,/novatel/oem7/inspva,/novatel/oem7/inspva,39.663,-75.756,-1.801537220,0.001601555,-0.000614159,0.000329591,0.001567275,-0.000614159,,novatel_oem7_msgs.msg.InertialSolutionStatus(status=3),
1786043794249503840,1786043794.247077046,/novatel/oem7/fix,/novatel/oem7/fix,/novatel/oem7/inspva,39.663,-75.756,-1.801537220,0.001601555,-0.000614159,0.000329591,0.001567275,-0.000614159,,0,
1786043794250569155,1786043794.247518260,/novatel/oem7/odom,/novatel/oem7/fix,/novatel/oem7/odom,39.663,-75.756,-1.801537220,0.001604096,-0.000607492,0.001583708,0.000254936,-0.000607492,,,
1786043794257674399,1786043794.256892975,/novatel/oem7/odom,/novatel/oem7/fix,/novatel/oem7/odom,39.663,-75.756,-1.801537220,0.001604096,-0.000607492,0.001583708,0.000254936,-0.000607492,,,
1786043794265590582,1786043794.264890769,/novatel/oem7/inspva,/novatel/oem7/inspva,/novatel/oem7/inspva,39.663,-75.756,-1.801527358,0.001928473,-0.000587850,0.000585198,0.001837539,-0.000587850,,novatel_oem7_msgs.msg.InertialSolutionStatus(status=3),
1786043794266856075,1786043794.265085017,/novatel/oem7/fix,/novatel/oem7/fix,/novatel/oem7/inspva,39.663,-75.756,-1.801527358,0.001928473,-0.000587850,0.000585198,0.001837539,-0.000587850,,0,
1786043794267851485,1786043794.265514018,/novatel/oem7/odom,/novatel/oem7/fix,/novatel/oem7/odom,39.663,-75.756,-1.801527358,0.001931003,-0.000579486,0.001865921,0.000497102,-0.000579486,,,
1786043794276868400,1786043794.275595843,/novatel/oem7/odom,/novatel/oem7/fix,/novatel/oem7/odom,39.663,-75.756,-1.801527358,0.001931003,-0.000579486,0.001865921,0.000497102,-0.000579486,,,
1786043794285936744,1786043794.285238830,/novatel/oem7/inspva,/novatel/oem7/inspva,/novatel/oem7/inspva,39.663,-75.756,-1.801522221,0.001628273,-0.000670690,0.000602428,0.001512731,-0.000670690,,novatel_oem7_msgs.msg.InertialSolutionStatus(status=3),
1786043794287358512,1786043794.285488023,/novatel/oem7/fix,/novatel/oem7/fix,/novatel/oem7/inspva,39.663,-75.756,-1.801522221,0.001628273,-0.000670690,0.000602428,0.001512731,-0.000670690,,0,
1786043794288371132,1786043794.286040178,/novatel/oem7/odom,/novatel/oem7/fix,/novatel/oem7/odom,39.663,-75.756,-1.801522221,0.001631232,-0.000663462,0.001542650,0.000530234,-0.000663462,,,
1786043794295195916,1786043794.294887011,/novatel/oem7/odom,/novatel/oem7/fix,/novatel/oem7/odom,39.663,-75.756,-1.801522221,0.001631232,-0.000663462,0.001542650,0.000530234,-0.000663462,,,
1786043794306442733,1786043794.305969302,/novatel/oem7/inspva,/novatel/oem7/inspva,/novatel/oem7/inspva,39.663,-75.756,-1.801508899,0.001927734,-0.000623324,0.000619214,0.001825577,-0.000623324,,novatel_oem7_msgs.msg.InertialSolutionStatus(status=3),
1786043794307237973,1786043794.306110072,/novatel/oem7/fix,/novatel/oem7/fix,/novatel/oem7/inspva,39.663,-75.756,-1.801508899,0.001927734,-0.000623324,0.000619214,0.001825577,-0.000623324,,0,
1786043794307755060,1786043794.306589389,/novatel/oem7/odom,/novatel/oem7/fix,/novatel/oem7/odom,39.663,-75.756,-1.801508899,0.001930434,-0.000614913,0.001855753,0.000531745,-0.000614913,,,
1786043794309604066,1786043794.309063874,/novatel/oem7/bestpos,/novatel/oem7/bestpos,/novatel/oem7/odom,39.663,-75.756,33.180921045,0.001930434,-0.000614913,0.001855753,0.000531745,-0.000614913,,novatel_oem7_msgs.msg.SolutionStatus(status=0),novatel_oem7_msgs.msg.PositionOrVelocityType(type=53)
1786043794310519905,1786043794.309364127,/novatel/oem7/bestvel,/novatel/oem7/bestpos,/novatel/oem7/bestvel,39.663,-75.756,33.180921045,0.001944492,-0.000686742,,,,66.979486391,novatel_oem7_msgs.msg.SolutionStatus(status=0),novatel_oem7_msgs.msg.PositionOrVelocityType(type=53)
1786043794314766980,1786043794.314462328,/novatel/oem7/odom,/novatel/oem7/bestpos,/novatel/oem7/odom,39.663,-75.756,33.180921045,0.001930434,-0.000614913,0.001855753,0.000531745,-0.000614913,,,
1786043794325645000,1786043794.325231080,/novatel/oem7/inspva,/novatel/oem7/inspva,/novatel/oem7/inspva,39.663,-75.756,-1.801499800,0.002027475,-0.000426219,0.000459912,0.001974623,-0.000426219,,novatel_oem7_msgs.msg.InertialSolutionStatus(status=3),
1786043794326157731,1786043794.325378498,/novatel/oem7/fix,/novatel/oem7/fix,/novatel/oem7/inspva,39.663,-75.756,-1.801499800,0.002027475,-0.000426219,0.000459912,0.001974623,-0.000426219,,0,
1786043794326575253,1786043794.325870293,/novatel/oem7/odom,/novatel/oem7/fix,/novatel/oem7/odom,39.663,-75.756,-1.801499800,0.002029252,-0.000417677,0.001996171,0.000364921,-0.000417677,,,
1786043794335731215,1786043794.335410666,/novatel/oem7/odom,/novatel/oem7/fix,/novatel/oem7/odom,39.663,-75.756,-1.801499800,0.002029252,-0.000417677,0.001996171,0.000364921,-0.000417677,,,
1786043794345662809,1786043794.345073953,/novatel/oem7/inspva,/novatel/oem7/inspva,/novatel/oem7/inspva,39.663,-75.756,-1.801487798,0.002275207,-0.000461171,0.001046884,0.002020050,-0.000461171,,novatel_oem7_msgs.msg.InertialSolutionStatus(status=3),
1786043794346388639,1786043794.345249602,/novatel/oem7/fix,/novatel/oem7/fix,/novatel/oem7/inspva,39.663,-75.756,-1.801487798,0.002275207,-0.000461171,0.001046884,0.002020050,-0.000461171,,0,
1786043794346876608,1786043794.345774084,/novatel/oem7/odom,/novatel/oem7/fix,/novatel/oem7/odom,39.663,-75.756,-1.801487798,0.002277269,-0.000450878,0.002070077,0.000949071,-0.000450878,,,
1786043794355947315,1786043794.355646310,/novatel/oem7/odom,/novatel/oem7/fix,/novatel/oem7/odom,39.663,-75.756,-1.801487798,0.002277269,-0.000450878,0.002070077,0.000949071,-0.000450878,,,
1786043794367512416,1786043794.366646587,/novatel/oem7/inspva,/novatel/oem7/inspva,/novatel/oem7/inspva,39.663,-75.756,-1.801479843,0.002035493,-0.000545514,0.000349668,0.002005234,-0.000545514,,novatel_oem7_msgs.msg.InertialSolutionStatus(status=3),
1786043794369391932,1786043794.366904573,/novatel/oem7/fix,/novatel/oem7/fix,/novatel/oem7/inspva,39.663,-75.756,-1.801479843,0.002035493,-0.000545514,0.000349668,0.002005234,-0.000545514,,0,
1786043794370623417,1786043794.367807952,/novatel/oem7/odom,/novatel/oem7/fix,/novatel/oem7/odom,39.663,-75.756,-1.801479843,0.002277274,-0.000450853,0.002070083,0.000949069,-0.000450853,,,
1786043794375815923,1786043794.375090719,/novatel/oem7/odom,/novatel/oem7/fix,/novatel/oem7/odom,39.663,-75.756,-1.801479843,0.002037713,-0.000537161,0.002021870,0.000253606,-0.000537161,,,
1786043794385497051,1786043794.384933449,/novatel/oem7/inspva,/novatel/oem7/inspva,/novatel/oem7/inspva,39.663,-75.756,-1.801468199,0.002354514,-0.000714648,0.000629023,0.002268935,-0.000714648,,novatel_oem7_msgs.msg.InertialSolutionStatus(status=3),
1786043794386785773,1786043794.385095373,/novatel/oem7/fix,/novatel/oem7/fix,/novatel/oem7/inspva,39.663,-75.756,-1.801468199,0.002354514,-0.000714648,0.000629023,0.002268935,-0.000714648,,0,
1786043794387786517,1786043794.385590415,/novatel/oem7/odom,/novatel/oem7/fix,/novatel/oem7/odom,39.663,-75.756,-1.801468199,0.002357545,-0.000704587,0.002299411,0.000520314,-0.000704587,,,
1786043794396000486,1786043794.395359627,/novatel/oem7/odom,/novatel/oem7/fix,/novatel/oem7/odom,39.663,-75.756,-1.801468199,0.002357545,-0.000704587,0.002299411,0.000520314,-0.000704587,,,
1786043794407505852,1786043794.406536452,/novatel/oem7/inspva,/novatel/oem7/inspva,/novatel/oem7/inspva,39.663,-75.756,-1.801459458,0.002074943,-0.000429041,0.000437050,0.002028393,-0.000429041,,novatel_oem7_msgs.msg.InertialSolutionStatus(status=3),
1786043794409113185,1786043794.406791299,/novatel/oem7/fix,/novatel/oem7/fix,/novatel/oem7/inspva,39.663,-75.756,-1.801459458,0.002074943,-0.000429041,0.000437050,0.002028393,-0.000429041,,0,
1786043794410289220,1786043794.407350724,/novatel/oem7/odom,/novatel/oem7/fix,/novatel/oem7/odom,39.663,-75.756,-1.801459458,0.002076719,-0.000420364,0.002048786,0.000339464,-0.000420364,,,
1786043794411889570,1786043794.410287290,/novatel/oem7/bestpos,/novatel/oem7/bestpos,/novatel/oem7/odom,39.663,-75.756,33.180959984,0.002076719,-0.000420364,0.002048786,0.000339464,-0.000420364,,novatel_oem7_msgs.msg.SolutionStatus(status=0),novatel_oem7_msgs.msg.PositionOrVelocityType(type=53)
1786043794412788519,1786043794.410700898,/novatel/oem7/bestvel,/novatel/oem7/bestpos,/novatel/oem7/bestvel,39.663,-75.756,33.180959984,0.002298847,-0.000582597,,,,77.102376936,novatel_oem7_msgs.msg.SolutionStatus(status=0),novatel_oem7_msgs.msg.PositionOrVelocityType(type=53)
1786043794415401789,1786043794.414660844,/novatel/oem7/odom,/novatel/oem7/bestpos,/novatel/oem7/odom,39.663,-75.756,33.180959984,0.002076719,-0.000420364,0.002048786,0.000339464,-0.000420364,,,
1786043794426691159,1786043794.426003776,/novatel/oem7/inspva,/novatel/oem7/inspva,/novatel/oem7/inspva,39.663,-75.756,-1.801449402,0.002265373,-0.000741463,0.000813228,0.002114374,-0.000741463,,novatel_oem7_msgs.msg.InertialSolutionStatus(status=3),
1786043794427960738,1786043794.426199908,/novatel/oem7/fix,/novatel/oem7/fix,/novatel/oem7/inspva,39.663,-75.756,-1.801449402,0.002265373,-0.000741463,0.000813228,0.002114374,-0.000741463,,0,
1786043794428954285,1786043794.426699383,/novatel/oem7/odom,/novatel/oem7/fix,/novatel/oem7/odom,39.663,-75.756,-1.801449402,0.002268620,-0.000731468,0.002154050,0.000711834,-0.000731468,,,
1786043794435649940,1786043794.434631872,/novatel/oem7/odom,/novatel/oem7/fix,/novatel/oem7/odom,39.663,-75.756,-1.801449402,0.002268620,-0.000731468,0.002154050,0.000711834,-0.000731468,,,
1786043794445941759,1786043794.445138831,/novatel/oem7/inspva,/novatel/oem7/inspva,/novatel/oem7/inspva,39.663,-75.756,-1.801435602,0.002224226,-0.000164684,0.000618752,0.002136429,-0.000164684,,novatel_oem7_msgs.msg.InertialSolutionStatus(status=3),
1786043794447395271,1786043794.445369761,/novatel/oem7/fix,/novatel/oem7/fix,/novatel/oem7/inspva,39.663,-75.756,-1.801435602,0.002224226,-0.000164684,0.000618752,0.002136429,-0.000164684,,0,
1786043794448455485,1786043794.445905383,/novatel/oem7/odom,/novatel/oem7/fix,/novatel/oem7/odom,39.663,-75.756,-1.801435602,0.002224911,-0.000155164,0.002164468,0.000515079,-0.000155164,,,
1786043794456709818,1786043794.456042261,/novatel/oem7/odom,/novatel/oem7/fix,/novatel/oem7/odom,39.663,-75.756,-1.801435602,0.002224911,-0.000155164,0.002164468,0.000515079,-0.000155164,,,
1786043794465869580,1786043794.465133563,/novatel/oem7/inspva,/novatel/oem7/inspva,/novatel/oem7/inspva,39.663,-75.756,-1.801422940,0.002449528,-0.000249291,0.000890449,0.002281948,-0.000249291,,novatel_oem7_msgs.msg.InertialSolutionStatus(status=3),
1786043794467243711,1786043794.465339489,/novatel/oem7/fix,/novatel/oem7/fix,/novatel/oem7/inspva,39.663,-75.756,-1.801422940,0.002449528,-0.000249291,0.000890449,0.002281948,-0.000249291,,0,
1786043794468617592,1786043794.465741183,/novatel/oem7/odom,/novatel/oem7/fix,/novatel/oem7/odom,39.663,-75.756,-1.801422940,0.002450603,-0.000238490,0.002323284,0.000779620,-0.000238490,,,
1786043794475934609,1786043794.474746790,/novatel/oem7/odom,/novatel/oem7/fix,/novatel/oem7/odom,39.663,-75.756,-1.801422940,0.002450603,-0.000238490,0.002323284,0.000779620,-0.000238490,,,
1786043794488007113,1786043794.486777838,/novatel/oem7/inspva,/novatel/oem7/inspva,/novatel/oem7/inspva,39.663,-75.756,-1.801412257,0.002031450,-0.000258797,0.000260774,0.002014643,-0.000258797,,novatel_oem7_msgs.msg.InertialSolutionStatus(status=3),
1786043794489820635,1786043794.487140521,/novatel/oem7/fix,/novatel/oem7/fix,/novatel/oem7/inspva,39.663,-75.756,-1.801412257,0.002031450,-0.000258797,0.000260774,0.002014643,-0.000258797,,0,
1786043794491289287,1786043794.487886839,/novatel/oem7/odom,/novatel/oem7/fix,/novatel/oem7/odom,39.663,-75.756,-1.801412257,0.002032469,-0.000250675,0.002025871,0.000163637,-0.000250675,,,
1786043794496239180,1786043794.495581247,/novatel/oem7/odom,/novatel/oem7/fix,/novatel/oem7/odom,39.663,-75.756,-1.801412257,0.002032469,-0.000250675,0.002025871,0.000163637,-0.000250675,,,
1786043794506844800,1786043794.506011805,/novatel/oem7/inspva,/novatel/oem7/inspva,/novatel/oem7/inspva,39.663,-75.756,-1.801398458,0.002262085,-0.000349789,0.000733032,0.002140022,-0.000349789,,novatel_oem7_msgs.msg.InertialSolutionStatus(status=3),
1786043794508283158,1786043794.506244527,/novatel/oem7/fix,/novatel/oem7/fix,/novatel/oem7/inspva,39.663,-75.756,-1.801398458,0.002262085,-0.000349789,0.000733032,0.002140022,-0.000349789,,0,
1786043794509336302,1786043794.506752672,/novatel/oem7/odom,/novatel/oem7/fix,/novatel/oem7/odom,39.663,-75.756,-1.801398458,0.002263587,-0.000339935,0.002174297,0.000629493,-0.000339935,,,
1786043794512045606,1786043794.511334832,/novatel/oem7/bestpos,/novatel/oem7/bestpos,/novatel/oem7/odom,39.663,-75.756,33.181026576,0.002263587,-0.000339935,0.002174297,0.000629493,-0.000339935,,novatel_oem7_msgs.msg.SolutionStatus(status=0),novatel_oem7_msgs.msg.PositionOrVelocityType(type=53)
1786043794513518474,1786043794.512267858,/novatel/oem7/bestvel,/novatel/oem7/bestpos,/novatel/oem7/bestvel,39.663,-75.756,33.181026576,0.002233888,-0.000406499,,,,65.518929157,novatel_oem7_msgs.msg.SolutionStatus(status=0),novatel_oem7_msgs.msg.PositionOrVelocityType(type=53)
1786043794516110330,1786043794.515486900,/novatel/oem7/odom,/novatel/oem7/bestpos,/novatel/oem7/odom,39.663,-75.756,33.181026576,0.002263587,-0.000339935,0.002174297,0.000629493,-0.000339935,,,
1786043794526070811,1786043794.525468518,/novatel/oem7/inspva,/novatel/oem7/inspva,/novatel/oem7/inspva,39.663,-75.756,-1.801386180,0.001895397,-0.000253636,0.000722903,0.001752124,-0.000253636,,novatel_oem7_msgs.msg.InertialSolutionStatus(status=3),
1786043794527516968,1786043794.525665057,/novatel/oem7/fix,/novatel/oem7/fix,/novatel/oem7/inspva,39.663,-75.756,-1.801386180,0.001895397,-0.000253636,0.000722903,0.001752124,-0.000253636,,0,
1786043794528610526,1786043794.526407100,/novatel/oem7/odom,/novatel/oem7/fix,/novatel/oem7/odom,39.663,-75.756,-1.801386180,0.001896500,-0.000245251,0.001785998,0.000637905,-0.000245251,,,
1786043794535493222,1786043794.534743348,/novatel/oem7/odom,/novatel/oem7/fix,/novatel/oem7/odom,39.663,-75.756,-1.801386180,0.001896500,-0.000245251,0.001785998,0.000637905,-0.000245251,,,
1786043794547066222,1786043794.546272090,/novatel/oem7/inspva,/novatel/oem7/inspva,/novatel/oem7/inspva,39.663,-75.756,-1.801369127,0.002058563,-0.000105229,0.000859253,0.001870659,-0.000105229,,novatel_oem7_msgs.msg.InertialSolutionStatus(status=3),
1786043794548456129,1786043794.546518543,/novatel/oem7/fix,/novatel/oem7/fix,/novatel/oem7/inspva,39.663,-75.756,-1.801369127,0.002058563,-0.000105229,0.000859253,0.001870659,-0.000105229,,0,
1786043794549488677,1786043794.547056025,/novatel/oem7/odom,/novatel/oem7/fix,/novatel/oem7/odom,39.663,-75.756,-1.801369127,0.002059013,-0.000096024,0.001910427,0.000767985,-0.000096024,,,
1786043794556547104,1786043794.555900454,/novatel/oem7/odom,/novatel/oem7/fix,/novatel/oem7/odom,39.663,-75.756,-1.801369127,0.002059013,-0.000096024,0.001910427,0.000767985,-0.000096024,,,
1786043794565944539,1786043794.565155758,/novatel/oem7/inspva,/novatel/oem7/inspva,/novatel/oem7/inspva,39.663,-75.756,-1.801354911,0.002092367,-0.000031312,0.000768980,0.001945937,-0.000031312,,novatel_oem7_msgs.msg.InertialSolutionStatus(status=3),
1786043794567542312,1786043794.565402917,/novatel/oem7/fix,/novatel/oem7/fix,/novatel/oem7/inspva,39.663,-75.756,-1.801354911,0.002092367,-0.000031312,0.000768980,0.001945937,-0.000031312,,0,
1786043794568041183,1786043794.565990269,/novatel/oem7/odom,/novatel/oem7/fix,/novatel/oem7/odom,39.663,-75.756,-1.801354911,0.002092485,-0.000022090,0.001980964,0.000673998,-0.000022090,,,
1786043794575938379,1786043794.575547045,/novatel/oem7/odom,/novatel/oem7/fix,/novatel/oem7/odom,39.663,-75.756,-1.801354911,0.002092485,-0.000022090,0.001980964,0.000673998,-0.000022090,,,
1786043794585761587,1786043794.585450305,/novatel/oem7/inspva,/novatel/oem7/inspva,/novatel/oem7/inspva,39.663,-75.756,-1.801335514,0.001998846,0.000074942,0.000830327,0.001818225,0.000074942,,novatel_oem7_msgs.msg.InertialSolutionStatus(status=3),
1786043794586292597,1786043794.585612854,/novatel/oem7/fix,/novatel/oem7/fix,/novatel/oem7/inspva,39.663,-75.756,-1.801335514,0.001998846,0.000074942,0.000830327,0.001818225,0.000074942,,0,
1786043794586914671,1786043794.586138042,/novatel/oem7/odom,/novatel/oem7/fix,/novatel/oem7/odom,39.663,-75.756,-1.801335514,0.001998492,0.000083863,0.001855974,0.000741168,0.000083863,,,
1786043794595265331,1786043794.594452136,/novatel/oem7/odom,/novatel/oem7/fix,/novatel/oem7/odom,39.663,-75.756,-1.801335514,0.001998492,0.000083863,0.001855974,0.000741168,0.000083863,,,
1786043794606912848,1786043794.606430950,/novatel/oem7/inspva,/novatel/oem7/inspva,/novatel/oem7/inspva,39.663,-75.756,-1.801320472,0.002076425,0.000076163,0.000660544,0.001968559,0.000076163,,novatel_oem7_msgs.msg.InertialSolutionStatus(status=3),
1786043794608156774,1786043794.606592505,/novatel/oem7/fix,/novatel/oem7/fix,/novatel/oem7/inspva,39.663,-75.756,-1.801320472,0.002076425,0.000076163,0.000660544,0.001968559,0.000076163,,0,
1786043794609143724,1786043794.607109153,/novatel/oem7/odom,/novatel/oem7/fix,/novatel/oem7/odom,39.663,-75.756,-1.801320472,0.002076075,0.000085168,0.001997909,0.000564313,0.000085168,,,
1786043794610924942,1786043794.610242815,/novatel/oem7/bestpos,/novatel/oem7/bestpos,/novatel/oem7/odom,39.663,-75.756,33.181106716,0.002076075,0.000085168,0.001997909,0.000564313,0.000085168,,novatel_oem7_msgs.msg.SolutionStatus(status=0),novatel_oem7_msgs.msg.PositionOrVelocityType(type=53)
1786043794612264255,1786043794.610714717,/novatel/oem7/bestvel,/novatel/oem7/bestpos,/novatel/oem7/bestvel,39.663,-75.756,33.181106716,0.002213402,-0.000028382,,,,70.610129312,novatel_oem7_msgs.msg.SolutionStatus(status=0),novatel_oem7_msgs.msg.PositionOrVelocityType(type=53)
1786043794616177305,1786043794.615570909,/novatel/oem7/odom,/novatel/oem7/bestpos,/novatel/oem7/odom,39.663,-75.756,33.181106716,0.002076075,0.000085168,0.001997909,0.000564313,0.000085168,,,
1786043794625452718,1786043794.624971400,/novatel/oem7/inspva,/novatel/oem7/inspva,/novatel/oem7/inspva,39.663,-75.756,-1.801296615,0.002201783,0.000323438,0.000839321,0.002035532,0.000323438,,novatel_oem7_msgs.msg.InertialSolutionStatus(status=3),
1786043794626693358,1786043794.625104535,/novatel/oem7/fix,/novatel/oem7/fix,/novatel/oem7/inspva,39.663,-75.756,-1.801296615,0.002201783,0.000323438,0.000839321,0.002035532,0.000323438,,0,
1786043794627678764,1786043794.625585590,/novatel/oem7/odom,/novatel/oem7/fix,/novatel/oem7/odom,39.663,-75.756,-1.801296615,0.002200332,0.000333169,0.002072524,0.000738988,0.000333169,,,
1786043794636170593,1786043794.635537580,/novatel/oem7/odom,/novatel/oem7/fix,/novatel/oem7/odom,39.663,-75.756,-1.801296615,0.002200332,0.000333169,0.002072524,0.000738988,0.000333169,,,
1786043794645806123,1786043794.645317368,/novatel/oem7/inspva,/novatel/oem7/inspva,/novatel/oem7/inspva,39.663,-75.756,-1.801280622,0.002138618,-0.000152617,0.000825472,0.001972887,-0.000152617,,novatel_oem7_msgs.msg.InertialSolutionStatus(status=3),
1786043794647073720,1786043794.645502540,/novatel/oem7/fix,/novatel/oem7/fix,/novatel/oem7/inspva,39.663,-75.756,-1.801280622,0.002138618,-0.000152617,0.000825472,0.001972887,-0.000152617,,0,
1786043794648072756,1786043794.646124197,/novatel/oem7/odom,/novatel/oem7/fix,/novatel/oem7/odom,39.663,-75.756,-1.801280622,0.002139272,-0.000143156,0.002011082,0.000729406,-0.000143156,,,
1786043794656893949,1786043794.656268249,/novatel/oem7/odom,/novatel/oem7/fix,/novatel/oem7/odom,39.663,-75.756,-1.801280622,0.002139272,-0.000143156,0.002011082,0.000729406,-0.000143156,,,
1786043794666385587,1786043794.665874152,/novatel/oem7/inspva,/novatel/oem7/inspva,/novatel/oem7/inspva,39.663,-75.756,-1.801253609,0.001954056,0.000303662,0.000748817,0.001804885,0.000303662,,novatel_oem7_msgs.msg.InertialSolutionStatus(status=3),
1786043794667681894,1786043794.666052577,/novatel/oem7/fix,/novatel/oem7/fix,/novatel/oem7/inspva,39.663,-75.756,-1.801253609,0.001954056,0.000303662,0.000748817,0.001804885,0.000303662,,0,
1786043794668686718,1786043794.666448825,/novatel/oem7/odom,/novatel/oem7/fix,/novatel/oem7/odom,39.663,-75.756,-1.801253609,0.001952695,0.000312294,0.001837852,0.000659787,0.000312294,,,
1786043794675112366,1786043794.674494136,/novatel/oem7/odom,/novatel/oem7/fix,/novatel/oem7/odom,39.663,-75.756,-1.801253609,0.001952695,0.000312294,0.001837852,0.000659787,0.000312294,,,
1786043794685574644,1786043794.685067796,/novatel/oem7/inspva,/novatel/oem7/inspva,/novatel/oem7/inspva,39.663,-75.756,-1.801233808,0.002230454,0.000468924,0.000994729,0.001996357,0.000468924,,novatel_oem7_msgs.msg.InertialSolutionStatus(status=3),
1786043794686858437,1786043794.685233564,/novatel/oem7/fix,/novatel/oem7/fix,/novatel/oem7/inspva,39.663,-75.756,-1.801233808,0.002230454,0.000468924,0.000994729,0.001996357,0.000468924,,0,
1786043794687861251,1786043794.685831480,/novatel/oem7/odom,/novatel/oem7/fix,/novatel/oem7/odom,39.663,-75.756,-1.801233808,0.002228318,0.000478972,0.002040361,0.000895728,0.000478972,,,
1786043794695999799,1786043794.695368916,/novatel/oem7/odom,/novatel/oem7/fix,/novatel/oem7/odom,39.663,-75.756,-1.801233808,0.002228318,0.000478972,0.002040361,0.000895728,0.000478972,,,
1786043794706275993,1786043794.705771641,/novatel/oem7/inspva,/novatel/oem7/inspva,/novatel/oem7/inspva,39.663,-75.756,-1.801207187,0.002289303,0.000466541,0.000776694,0.002153521,0.000466541,,novatel_oem7_msgs.msg.InertialSolutionStatus(status=3),
1786043794707580593,1786043794.705941323,/novatel/oem7/fix,/novatel/oem7/fix,/novatel/oem7/inspva,39.663,-75.756,-1.801207187,0.002289303,0.000466541,0.000776694,0.002153521,0.000466541,,0,
1786043794708595010,1786043794.706488832,/novatel/oem7/odom,/novatel/oem7/fix,/novatel/oem7/odom,39.663,-75.756,-1.801207187,0.002287237,0.000476563,0.002186806,0.000670323,0.000476563,,,
1786043794709980457,1786043794.709036820,/novatel/oem7/bestpos,/novatel/oem7/bestpos,/novatel/oem7/odom,39.663,-75.756,33.181205976,0.002287237,0.000476563,0.002186806,0.000670323,0.000476563,,novatel_oem7_msgs.msg.SolutionStatus(status=0),novatel_oem7_msgs.msg.PositionOrVelocityType(type=53)
1786043794711323674,1786043794.709520722,/novatel/oem7/bestvel,/novatel/oem7/bestpos,/novatel/oem7/bestvel,39.663,-75.756,33.181205976,0.002804687,0.000155882,,,,72.321679240,novatel_oem7_msgs.msg.SolutionStatus(status=0),novatel_oem7_msgs.msg.PositionOrVelocityType(type=53)
1786043794714954954,1786043794.714312604,/novatel/oem7/odom,/novatel/oem7/bestpos,/novatel/oem7/odom,39.663,-75.756,33.181205976,0.002287237,0.000476563,0.002186806,0.000670323,0.000476563,,,
1786043794725496316,1786043794.724964915,/novatel/oem7/inspva,/novatel/oem7/inspva,/novatel/oem7/inspva,39.663,-75.756,-1.801185109,0.002183905,0.000514367,0.000693625,0.002070827,0.000514367,,novatel_oem7_msgs.msg.InertialSolutionStatus(status=3),
1786043794726766453,1786043794.725112372,/novatel/oem7/fix,/novatel/oem7/fix,/novatel/oem7/inspva,39.663,-75.756,-1.801185109,0.002183905,0.000514367,0.000693625,0.002070827,0.000514367,,0,
1786043794728094356,1786043794.725502706,/novatel/oem7/odom,/novatel/oem7/fix,/novatel/oem7/odom,39.663,-75.756,-1.801185109,0.002181658,0.000523816,0.002100015,0.000591245,0.000523816,,,
1786043794735713863,1786043794.735034142,/novatel/oem7/odom,/novatel/oem7/fix,/novatel/oem7/odom,39.663,-75.756,-1.801185109,0.002181658,0.000523816,0.002100015,0.000591245,0.000523816,,,
1786043794745656659,1786043794.744909606,/novatel/oem7/inspva,/novatel/oem7/inspva,/novatel/oem7/inspva,39.663,-75.756,-1.801157917,0.002510548,0.000587965,0.000490834,0.002462100,0.000587965,,novatel_oem7_msgs.msg.InertialSolutionStatus(status=3),
1786043794746976433,1786043794.745110871,/novatel/oem7/fix,/novatel/oem7/fix,/novatel/oem7/inspva,39.663,-75.756,-1.801157917,0.002510548,0.000587965,0.000490834,0.002462100,0.000587965,,0,
1786043794748017307,1786043794.745536945,/novatel/oem7/odom,/novatel/oem7/fix,/novatel/oem7/odom,39.663,-75.756,-1.801157917,0.002508103,0.000598310,0.002480727,0.000369561,0.000598310,,,
1786043794756310587,1786043794.755658864,/novatel/oem7/odom,/novatel/oem7/fix,/novatel/oem7/odom,39.663,-75.756,-1.801157917,0.002508103,0.000598310,0.002480727,0.000369561,0.000598310,,,
1786043794767246407,1786043794.766491919,/novatel/oem7/inspva,/novatel/oem7/inspva,/novatel/oem7/inspva,39.663,-75.756,-1.801137162,0.002053564,0.000417458,0.000709209,0.001927212,0.000417458,,novatel_oem7_msgs.msg.InertialSolutionStatus(status=3),
1786043794768696232,1786043794.766702181,/novatel/oem7/fix,/novatel/oem7/fix,/novatel/oem7/inspva,39.663,-75.756,-1.801137162,0.002053564,0.000417458,0.000709209,0.001927212,0.000417458,,0,
1786043794769756282,1786043794.767130563,/novatel/oem7/odom,/novatel/oem7/fix,/novatel/oem7/odom,39.663,-75.756,-1.801137162,0.002051713,0.000426464,0.001957681,0.000614011,0.000426464,,,
1786043794775398879,1786043794.774656589,/novatel/oem7/odom,/novatel/oem7/fix,/novatel/oem7/odom,39.663,-75.756,-1.801137162,0.002051713,0.000426464,0.001957681,0.000614011,0.000426464,,,
1786043794785749333,1786043794.784981079,/novatel/oem7/inspva,/novatel/oem7/inspva,/novatel/oem7/inspva,39.663,-75.756,-1.801111178,0.002232445,0.000351704,0.000673380,0.002128467,0.000351704,,novatel_oem7_msgs.msg.InertialSolutionStatus(status=3),
1786043794787088971,1786043794.785190002,/novatel/oem7/fix,/novatel/oem7/fix,/novatel/oem7/inspva,39.663,-75.756,-1.801111178,0.002232445,0.000351704,0.000673380,0.002128467,0.000351704,,0,
1786043794788147951,1786043794.785627952,/novatel/oem7/odom,/novatel/oem7/fix,/novatel/oem7/odom,39.663,-75.756,-1.801111178,0.002230908,0.000361326,0.002157222,0.000568635,0.000361326,,,
1786043794795198922,1786043794.794526629,/novatel/oem7/odom,/novatel/oem7/fix,/novatel/oem7/odom,39.663,-75.756,-1.801111178,0.002230908,0.000361326,0.002157222,0.000568635,0.000361326,,,
1786043794806858062,1786043794.806349838,/novatel/oem7/inspva,/novatel/oem7/inspva,/novatel/oem7/inspva,39.663,-75.756,-1.801089047,0.002386071,0.000762685,0.001011941,0.002160859,0.000762685,,novatel_oem7_msgs.msg.InertialSolutionStatus(status=3),
1786043794807871561,1786043794.806648678,/novatel/oem7/fix,/novatel/oem7/fix,/novatel/oem7/inspva,39.663,-75.756,-1.801089047,0.002386071,0.000762685,0.001011941,0.002160859,0.000762685,,0,
1786043794808386395,1786043794.807101719,/novatel/oem7/odom,/novatel/oem7/fix,/novatel/oem7/odom,39.663,-75.756,-1.801089047,0.002382625,0.000773383,0.002204394,0.000904185,0.000773383,,,
1786043794810493541,1786043794.810072508,/novatel/oem7/bestpos,/novatel/oem7/bestpos,/novatel/oem7/odom,39.663,-75.756,33.181323058,0.002382625,0.000773383,0.002204394,0.000904185,0.000773383,,novatel_oem7_msgs.msg.SolutionStatus(status=0),novatel_oem7_msgs.msg.PositionOrVelocityType(type=53)
1786043794811198441,1786043794.810432422,/novatel/oem7/bestvel,/novatel/oem7/bestpos,/novatel/oem7/bestvel,39.663,-75.756,33.181323058,0.002994488,0.000344285,,,,65.828388278,novatel_oem7_msgs.msg.SolutionStatus(status=0),novatel_oem7_msgs.msg.PositionOrVelocityType(type=53)
1786043794815259556,1786043794.814856450,/novatel/oem7/odom,/novatel/oem7/bestpos,/novatel/oem7/odom,39.663,-75.756,33.181323058,0.002382625,0.000773383,0.002204394,0.000904185,0.000773383,,,
1786043794826465401,1786043794.826009143,/novatel/oem7/inspva,/novatel/oem7/inspva,/novatel/oem7/inspva,39.663,-75.756,-1.801068409,0.002330101,0.000442553,0.000791475,0.002191561,0.000442553,,novatel_oem7_msgs.msg.InertialSolutionStatus(status=3),
1786043794827177343,1786043794.826264062,/novatel/oem7/fix,/novatel/oem7/fix,/novatel/oem7/inspva,39.663,-75.756,-1.801068409,0.002330101,0.000442553,0.000791475,0.002191561,0.000442553,,0,
1786043794827689181,1786043794.826640095,/novatel/oem7/odom,/novatel/oem7/fix,/novatel/oem7/odom,39.663,-75.756,-1.801068409,0.002328141,0.000452751,0.002225609,0.000683305,0.000452751,,,
1786043794834830587,1786043794.834339077,/novatel/oem7/odom,/novatel/oem7/fix,/novatel/oem7/odom,39.663,-75.756,-1.801068409,0.002328141,0.000452751,0.002225609,0.000683305,0.000452751,,,
1786043794845377373,1786043794.844965177,/novatel/oem7/inspva,/novatel/oem7/inspva,/novatel/oem7/inspva,39.663,-75.756,-1.801051408,0.002477331,0.000171327,0.000987331,0.002272080,0.000171327,,novatel_oem7_msgs.msg.InertialSolutionStatus(status=3),
1786043794846069505,1786043794.845135302,/novatel/oem7/fix,/novatel/oem7/fix,/novatel/oem7/inspva,39.663,-75.756,-1.801051408,0.002477331,0.000171327,0.000987331,0.002272080,0.000171327,,0,
1786043794846589771,1786043794.845599420,/novatel/oem7/odom,/novatel/oem7/fix,/novatel/oem7/odom,39.663,-75.756,-1.801051408,0.002476546,0.000182328,0.002316549,0.000875717,0.000182328,,,
1786043794856791847,1786043794.856350079,/novatel/oem7/odom,/novatel/oem7/fix,/novatel/oem7/odom,39.663,-75.756,-1.801051408,0.002476546,0.000182328,0.002316549,0.000875717,0.000182328,,,
1786043794865331026,1786043794.864944875,/novatel/oem7/inspva,/novatel/oem7/inspva,/novatel/oem7/inspva,39.663,-75.756,-1.801028420,0.002378431,0.000444706,0.000866940,0.002214802,0.000444706,,novatel_oem7_msgs.msg.InertialSolutionStatus(status=3),
1786043794866007665,1786043794.865101857,/novatel/oem7/fix,/novatel/oem7/fix,/novatel/oem7/inspva,39.663,-75.756,-1.801028420,0.002378431,0.000444706,0.000866940,0.002214802,0.000444706,,0,
1786043794866513928,1786043794.865575691,/novatel/oem7/odom,/novatel/oem7/fix,/novatel/oem7/odom,39.663,-75.756,-1.801028420,0.002376447,0.000455190,0.002252475,0.000757533,0.000455190,,,
1786043794874867166,1786043794.874414774,/novatel/oem7/odom,/novatel/oem7/fix,/novatel/oem7/odom,39.663,-75.756,-1.801028420,0.002376447,0.000455190,0.002252475,0.000757533,0.000455190,,,
1786043794887002967,1786043794.886475975,/novatel/oem7/inspva,/novatel/oem7/inspva,/novatel/oem7/inspva,39.663,-75.756,-1.801011483,0.002625595,0.000430909,0.000719565,0.002525070,0.000430909,,novatel_oem7_msgs.msg.InertialSolutionStatus(status=3),
1786043794887721657,1786043794.886625040,/novatel/oem7/fix,/novatel/oem7/fix,/novatel/oem7/inspva,39.663,-75.756,-1.801011483,0.002625595,0.000430909,0.000719565,0.002525070,0.000430909,,0,
1786043794888221136,1786043794.887075108,/novatel/oem7/odom,/novatel/oem7/fix,/novatel/oem7/odom,39.663,-75.756,-1.801011483,0.002623728,0.000442136,0.002555295,0.000595329,0.000442136,,,
1786043794895380881,1786043794.894978008,/novatel/oem7/odom,/novatel/oem7/fix,/novatel/oem7/odom,39.663,-75.756,-1.801011483,0.002623728,0.000442136,0.002555295,0.000595329,0.000442136,,,
1786043794906311715,1786043794.905625481,/novatel/oem7/inspva,/novatel/oem7/inspva,/novatel/oem7/inspva,39.663,-75.756,-1.800991724,0.002423668,0.000251296,0.000772406,0.002297293,0.000251296,,novatel_oem7_msgs.msg.InertialSolutionStatus(status=3),
1786043794907630361,1786043794.905775810,/novatel/oem7/fix,/novatel/oem7/fix,/novatel/oem7/inspva,39.663,-75.756,-1.800991724,0.002423668,0.000251296,0.000772406,0.002297293,0.000251296,,0,
1786043794908118046,1786043794.906272798,/novatel/oem7/odom,/novatel/oem7/fix,/novatel/oem7/odom,39.663,-75.756,-1.800991724,0.002422552,0.000261839,0.002331027,0.000659599,0.000261839,,,
1786043794909391440,1786043794.909034402,/novatel/oem7/bestpos,/novatel/oem7/bestpos,/novatel/oem7/odom,39.663,-75.756,33.181421275,0.002422552,0.000261839,0.002331027,0.000659599,0.000261839,,novatel_oem7_msgs.msg.SolutionStatus(status=0),novatel_oem7_msgs.msg.PositionOrVelocityType(type=53)
1786043794910117604,1786043794.909552664,/novatel/oem7/bestvel,/novatel/oem7/bestpos,/novatel/oem7/bestvel,39.663,-75.756,33.181421275,0.002806793,0.000180387,,,,80.174975084,novatel_oem7_msgs.msg.SolutionStatus(status=0),novatel_oem7_msgs.msg.PositionOrVelocityType(type=53)
1786043794915796421,1786043794.915392253,/novatel/oem7/odom,/novatel/oem7/bestpos,/novatel/oem7/odom,39.663,-75.756,33.181421275,0.002422552,0.000261839,0.002331027,0.000659599,0.000261839,,,
1786043794925797347,1786043794.925376077,/novatel/oem7/inspva,/novatel/oem7/inspva,/novatel/oem7/inspva,39.663,-75.756,-1.800974255,0.002792829,0.000395061,0.000803794,0.002674660,0.000395061,,novatel_oem7_msgs.msg.InertialSolutionStatus(status=3),
1786043794926485474,1786043794.925553532,/novatel/oem7/fix,/novatel/oem7/fix,/novatel/oem7/inspva,39.663,-75.756,-1.800974255,0.002792829,0.000395061,0.000803794,0.002674660,0.000395061,,0,
1786043794926996718,1786043794.926120088,/novatel/oem7/odom,/novatel/oem7/fix,/novatel/oem7/odom,39.663,-75.756,-1.800974255,0.002791108,0.000407040,0.002708926,0.000672312,0.000407040,,,
1786043794935490317,1786043794.935076642,/novatel/oem7/odom,/novatel/oem7/fix,/novatel/oem7/odom,39.663,-75.756,-1.800974255,0.002791108,0.000407040,0.002708926,0.000672312,0.000407040,,,
1786043794946496689,1786043794.946107609,/novatel/oem7/inspva,/novatel/oem7/inspva,/novatel/oem7/inspva,39.663,-75.756,-1.800954332,0.002925928,0.000413269,0.001019863,0.002742432,0.000413269,,novatel_oem7_msgs.msg.InertialSolutionStatus(status=3),
1786043794947230817,1786043794.946252111,/novatel/oem7/fix,/novatel/oem7/fix,/novatel/oem7/inspva,39.663,-75.756,-1.800954332,0.002925928,0.000413269,0.001019863,0.002742432,0.000413269,,0,
1786043794947750011,1786043794.946832570,/novatel/oem7/odom,/novatel/oem7/fix,/novatel/oem7/odom,39.663,-75.756,-1.800954332,0.002924084,0.000426123,0.002787014,0.000884771,0.000426123,,,
1786043794956177676,1786043794.955700926,/novatel/oem7/odom,/novatel/oem7/fix,/novatel/oem7/odom,39.663,-75.756,-1.800954332,0.002924084,0.000426123,0.002787014,0.000884771,0.000426123,,,
1786043794965741226,1786043794.965352130,/novatel/oem7/inspva,/novatel/oem7/inspva,/novatel/oem7/inspva,39.663,-75.756,-1.800937103,0.002867472,0.000435661,0.000758103,0.002765443,0.000435661,,novatel_oem7_msgs.msg.InertialSolutionStatus(status=3),
1786043794966369903,1786043794.965513848,/novatel/oem7/fix,/novatel/oem7/fix,/novatel/oem7/inspva,39.663,-75.756,-1.800937103,0.002867472,0.000435661,0.000758103,0.002765443,0.000435661,,0,
1786043794967143497,1786043794.966229532,/novatel/oem7/odom,/novatel/oem7/fix,/novatel/oem7/odom,39.663,-75.756,-1.800937103,0.002865590,0.000447874,0.002797234,0.000622162,0.000447874,,,
1786043794975550655,1786043794.975133915,/novatel/oem7/odom,/novatel/oem7/fix,/novatel/oem7/odom,39.663,-75.756,-1.800937103,0.002865590,0.000447874,0.002797234,0.000622162,0.000447874,,,
1786043794985630705,1786043794.985108406,/novatel/oem7/inspva,/novatel/oem7/inspva,/novatel/oem7/inspva,39.663,-75.756,-1.800915992,0.003023284,0.000404232,0.000713627,0.002937853,0.000404232,,novatel_oem7_msgs.msg.InertialSolutionStatus(status=3),
1786043794986283039,1786043794.985251430,/novatel/oem7/fix,/novatel/oem7/fix,/novatel/oem7/inspva,39.663,-75.756,-1.800915992,0.003023284,0.000404232,0.000713627,0.002937853,0.000404232,,0,
1786043794986781850,1786043794.985650191,/novatel/oem7/odom,/novatel/oem7/fix,/novatel/oem7/odom,39.663,-75.756,-1.800915992,0.003021558,0.000416938,0.002967410,0.000569461,0.000416938,,,
1786043794994866160,1786043794.994398900,/novatel/oem7/odom,/novatel/oem7/fix,/novatel/oem7/odom,39.663,-75.756,-1.800915992,0.003021558,0.000416938,0.002967410,0.000569461,0.000416938,,,
1786043795008826811,1786043795.008416581,/novatel/oem7/inspva,/novatel/oem7/inspva,/novatel/oem7/inspva,39.663,-75.756,-1.800896578,0.003065191,0.000725161,0.000640429,0.002997540,0.000725161,,novatel_oem7_msgs.msg.InertialSolutionStatus(status=3),
1786043795009434103,1786043795.008616696,/novatel/oem7/fix,/novatel/oem7/fix,/novatel/oem7/inspva,39.663,-75.756,-1.800896578,0.003065191,0.000725161,0.000640429,0.002997540,0.000725161,,0,
1786043795010381527,1786043795.009859811,/novatel/oem7/odom,/novatel/oem7/fix,/novatel/oem7/odom,39.663,-75.756,-1.800896578,0.003062156,0.000737873,0.003022267,0.000492646,0.000737873,,,
1786043795016514892,1786043795.016108538,/novatel/oem7/odom,/novatel/oem7/fix,/novatel/oem7/odom,39.663,-75.756,-1.800896578,0.003062156,0.000737873,0.003022267,0.000492646,0.000737873,,,
1786043795025996984,1786043795.025636151,/novatel/oem7/bestpos,/novatel/oem7/bestpos,/novatel/oem7/odom,39.663,-75.756,33.181523575,0.003062156,0.000737873,0.003022267,0.000492646,0.000737873,,novatel_oem7_msgs.msg.SolutionStatus(status=0),novatel_oem7_msgs.msg.PositionOrVelocityType(type=53)
1786043795026654842,1786043795.026241137,/novatel/oem7/bestvel,/novatel/oem7/bestpos,/novatel/oem7/bestvel,39.663,-75.756,33.181523575,0.002961021,0.000885766,,,,81.786647602,novatel_oem7_msgs.msg.SolutionStatus(status=0),novatel_oem7_msgs.msg.PositionOrVelocityType(type=53)
1786043795027562366,1786043795.027213506,/novatel/oem7/inspva,/novatel/oem7/inspva,/novatel/oem7/inspva,39.663,-75.756,-1.800876075,0.003077290,0.000457496,0.000917032,0.002937476,0.000457496,,novatel_oem7_msgs.msg.InertialSolutionStatus(status=3),
1786043795028186201,1786043795.027404962,/novatel/oem7/fix,/novatel/oem7/fix,/novatel/oem7/inspva,39.663,-75.756,-1.800876075,0.003077290,0.000457496,0.000917032,0.002937476,0.000457496,,0,
1786043795028648890,1786043795.027802562,/novatel/oem7/odom,/novatel/oem7/fix,/novatel/oem7/odom,39.663,-75.756,-1.800876075,0.003075293,0.000470731,0.002976681,0.000772528,0.000470731,,,
1786043795035878682,1786043795.035507104,/novatel/oem7/odom,/novatel/oem7/fix,/novatel/oem7/odom,39.663,-75.756,-1.800876075,0.003075293,0.000470731,0.002976681,0.000772528,0.000470731,,,
1786043795045709469,1786043795.045340826,/novatel/oem7/inspva,/novatel/oem7/inspva,/novatel/oem7/inspva,39.663,-75.756,-1.800872879,0.002922795,0.000611517,0.000954586,0.002762516,0.000611517,,novatel_oem7_msgs.msg.InertialSolutionStatus(status=3),
1786043795046276497,1786043795.045530608,/novatel/oem7/fix,/novatel/oem7/fix,/novatel/oem7/inspva,39.663,-75.756,-1.800872879,0.002922795,0.000611517,0.000954586,0.002762516,0.000611517,,0,
1786043795046962115,1786043795.046181018,/novatel/oem7/odom,/novatel/oem7/fix,/novatel/oem7/odom,39.663,-75.756,-1.800872879,0.002920119,0.000624172,0.002803173,0.000818116,0.000624172,,,
1786043795057238864,1786043795.056761464,/novatel/oem7/odom,/novatel/oem7/fix,/novatel/oem7/odom,39.663,-75.756,-1.800872879,0.002920119,0.000624172,0.002803173,0.000818116,0.000624172,,,
1786043795066727581,1786043795.066340254,/novatel/oem7/inspva,/novatel/oem7/inspva,/novatel/oem7/inspva,39.663,-75.756,-1.800877612,0.003061410,0.000624529,0.001148436,0.002837839,0.000624529,,novatel_oem7_msgs.msg.InertialSolutionStatus(status=3),
1786043795067388900,1786043795.066507496,/novatel/oem7/fix,/novatel/oem7/fix,/novatel/oem7/inspva,39.663,-75.756,-1.800877612,0.003061410,0.000624529,0.001148436,0.002837839,0.000624529,,0,
1786043795067870859,1786043795.066931327,/novatel/oem7/odom,/novatel/oem7/fix,/novatel/oem7/odom,39.663,-75.756,-1.800877612,0.003058628,0.000638016,0.002887730,0.001008079,0.000638016,,,
1786043795075214790,1786043795.074527110,/novatel/oem7/odom,/novatel/oem7/fix,/novatel/oem7/odom,39.663,-75.756,-1.800877612,0.003058628,0.000638016,0.002887730,0.001008079,0.000638016,,,
1786043795085719317,1786043795.085342526,/novatel/oem7/inspva,/novatel/oem7/inspva,/novatel/oem7/inspva,39.663,-75.756,-1.800880193,0.002888933,0.000646294,0.000576329,0.002830862,0.000646294,,novatel_oem7_msgs.msg.InertialSolutionStatus(status=3),
1786043795086322153,1786043795.085537644,/novatel/oem7/fix,/novatel/oem7/fix,/novatel/oem7/inspva,39.663,-75.756,-1.800880193,0.002888933,0.000646294,0.000576329,0.002830862,0.000646294,,0,
1786043795087205136,1786043795.086110274,/novatel/oem7/odom,/novatel/oem7/fix,/novatel/oem7/odom,39.663,-75.756,-1.800880193,0.002886241,0.000658212,0.002852981,0.000436911,0.000658212,,,
1786043795095653571,1786043795.095269286,/novatel/oem7/odom,/novatel/oem7/fix,/novatel/oem7/odom,39.663,-75.756,-1.800880193,0.002886241,0.000658212,0.002852981,0.000436911,0.000658212,,,
1786043795106100250,1786043795.105682067,/novatel/oem7/inspva,/novatel/oem7/inspva,/novatel/oem7/inspva,39.663,-75.756,-1.800886565,0.003058683,0.000593685,0.001109790,0.002850247,0.000593685,,novatel_oem7_msgs.msg.InertialSolutionStatus(status=3),
1786043795106711409,1786043795.105844199,/novatel/oem7/fix,/novatel/oem7/fix,/novatel/oem7/inspva,39.663,-75.756,-1.800886565,0.003058683,0.000593685,0.001109790,0.002850247,0.000593685,,0,
1786043795107199765,1786043795.106298133,/novatel/oem7/odom,/novatel/oem7/fix,/novatel/oem7/odom,39.663,-75.756,-1.800886565,0.003056041,0.000607137,0.002898365,0.000968953,0.000607137,,,
1786043795109439596,1786043795.109076635,/novatel/oem7/bestpos,/novatel/oem7/bestpos,/novatel/oem7/odom,39.663,-75.756,33.181558301,0.003056041,0.000607137,0.002898365,0.000968953,0.000607137,,novatel_oem7_msgs.msg.SolutionStatus(status=0),novatel_oem7_msgs.msg.PositionOrVelocityType(type=53)
1786043795110098863,1786043795.109631471,/novatel/oem7/bestvel,/novatel/oem7/bestpos,/novatel/oem7/bestvel,39.663,-75.756,33.181558301,0.003208943,0.000476366,,,,68.031957316,novatel_oem7_msgs.msg.SolutionStatus(status=0),novatel_oem7_msgs.msg.PositionOrVelocityType(type=53)
1786043795115019584,1786043795.114534406,/novatel/oem7/odom,/novatel/oem7/bestpos,/novatel/oem7/odom,39.663,-75.756,33.181558301,0.003056041,0.000607137,0.002898365,0.000968953,0.000607137,,,
1786043795127201765,1786043795.126689826,/novatel/oem7/inspva,/novatel/oem7/inspva,/novatel/oem7/inspva,39.663,-75.756,-1.800895139,0.002651123,0.000122788,0.000555180,0.002592340,0.000122788,,novatel_oem7_msgs.msg.InertialSolutionStatus(status=3),
1786043795127801909,1786043795.126832524,/novatel/oem7/fix,/novatel/oem7/fix,/novatel/oem7/inspva,39.663,-75.756,-1.800895139,0.002651123,0.000122788,0.000555180,0.002592340,0.000122788,,0,
1786043795128243111,1786043795.127272569,/novatel/oem7/odom,/novatel/oem7/fix,/novatel/oem7/odom,39.663,-75.756,-1.800895139,0.002650591,0.000133785,0.002615696,0.000428678,0.000133785,,,
1786043795135497814,1786043795.135125061,/novatel/oem7/odom,/novatel/oem7/fix,/novatel/oem7/odom,39.663,-75.756,-1.800895139,0.002650591,0.000133785,0.002615696,0.000428678,0.000133785,,,
1786043795145461124,1786043795.145091844,/novatel/oem7/inspva,/novatel/oem7/inspva,/novatel/oem7/inspva,39.663,-75.756,-1.800899372,0.002855002,0.000444399,0.000857073,0.002723318,0.000444399,,novatel_oem7_msgs.msg.InertialSolutionStatus(status=3),
1786043795146074543,1786043795.145227439,/novatel/oem7/fix,/novatel/oem7/fix,/novatel/oem7/inspva,39.663,-75.756,-1.800899372,0.002855002,0.000444399,0.000857073,0.002723318,0.000444399,,0,
1786043795146534171,1786043795.145661527,/novatel/oem7/odom,/novatel/oem7/fix,/novatel/oem7/odom,39.663,-75.756,-1.800899372,0.002853059,0.000456706,0.002759913,0.000723065,0.000456706,,,
1786043795156533042,1786043795.156060215,/novatel/oem7/odom,/novatel/oem7/fix,/novatel/oem7/odom,39.663,-75.756,-1.800899372,0.002853059,0.000456706,0.002759913,0.000723065,0.000456706,,,
1786043795165550325,1786043795.165174060,/novatel/oem7/inspva,/novatel/oem7/inspva,/novatel/oem7/inspva,39.663,-75.756,-1.800905918,0.002692162,0.000238101,0.000511368,0.002643149,0.000238101,,novatel_oem7_msgs.msg.InertialSolutionStatus(status=3),
1786043795166143763,1786043795.165324112,/novatel/oem7/fix,/novatel/oem7/fix,/novatel/oem7/inspva,39.663,-75.756,-1.800905918,0.002692162,0.000238101,0.000511368,0.002643149,0.000238101,,0,
1786043795166832321,1786043795.165991722,/novatel/oem7/odom,/novatel/oem7/fix,/novatel/oem7/odom,39.663,-75.756,-1.800905918,0.002691156,0.000249209,0.002663884,0.000382157,0.000249209,,,
1786043795175260423,1786043795.174890321,/novatel/oem7/odom,/novatel/oem7/fix,/novatel/oem7/odom,39.663,-75.756,-1.800905918,0.002691156,0.000249209,0.002663884,0.000382157,0.000249209,,,
1786043795186587311,1786043795.186057711,/novatel/oem7/inspva,/novatel/oem7/inspva,/novatel/oem7/inspva,39.663,-75.756,-1.800913158,0.002809654,0.000347105,0.000983476,0.002631907,0.000347105,,novatel_oem7_msgs.msg.InertialSolutionStatus(status=3),
1786043795187265836,1786043795.186211289,/novatel/oem7/fix,/novatel/oem7/fix,/novatel/oem7/inspva,39.663,-75.756,-1.800913158,0.002809654,0.000347105,0.000983476,0.002631907,0.000347105,,0,
1786043795187758663,1786043795.186657893,/novatel/oem7/odom,/novatel/oem7/fix,/novatel/oem7/odom,39.663,-75.756,-1.800913158,0.002808105,0.000359420,0.002675105,0.000853973,0.000359420,,,
1786043795194773836,1786043795.194347621,/novatel/oem7/odom,/novatel/oem7/fix,/novatel/oem7/odom,39.663,-75.756,-1.800913158,0.002808105,0.000359420,0.002675105,0.000853973,0.000359420,,,
1786043795206741272,1786043795.206377896,/novatel/oem7/inspva,/novatel/oem7/inspva,/novatel/oem7/inspva,39.663,-75.756,-1.800920363,0.002789798,0.000218769,0.000494297,0.002745659,0.000218769,,novatel_oem7_msgs.msg.InertialSolutionStatus(status=3),
1786043795207315471,1786043795.206545757,/novatel/oem7/fix,/novatel/oem7/fix,/novatel/oem7/inspva,39.663,-75.756,-1.800920363,0.002789798,0.000218769,0.000494297,0.002745659,0.000218769,,0,
1786043795207976783,1786043795.207292681,/novatel/oem7/odom,/novatel/oem7/fix,/novatel/oem7/odom,39.663,-75.756,-1.800920363,0.002788880,0.000230170,0.002765524,0.000360183,0.000230170,,,
1786043795210556493,1786043795.210143830,/novatel/oem7/bestpos,/novatel/oem7/bestpos,/novatel/oem7/odom,39.663,-75.756,33.181517197,0.002788880,0.000230170,0.002765524,0.000360183,0.000230170,,novatel_oem7_msgs.msg.SolutionStatus(status=0),novatel_oem7_msgs.msg.PositionOrVelocityType(type=53)
1786043795211142216,1786043795.210511900,/novatel/oem7/bestvel,/novatel/oem7/bestpos,/novatel/oem7/bestvel,39.663,-75.756,33.181517197,0.002538139,0.000206890,,,,71.159818713,novatel_oem7_msgs.msg.SolutionStatus(status=0),novatel_oem7_msgs.msg.PositionOrVelocityType(type=53)
1786043795216205601,1786043795.215854707,/novatel/oem7/odom,/novatel/oem7/bestpos,/novatel/oem7/odom,39.663,-75.756,33.181517197,0.002788880,0.000230170,0.002765524,0.000360183,0.000230170,,,
1786043795225471750,1786043795.224947576,/novatel/oem7/inspva,/novatel/oem7/inspva,/novatel/oem7/inspva,39.663,-75.756,-1.800926947,0.002871402,0.000462230,0.000784066,0.002762280,0.000462230,,novatel_oem7_msgs.msg.InertialSolutionStatus(status=3),
1786043795226045814,1786043795.225100924,/novatel/oem7/fix,/novatel/oem7/fix,/novatel/oem7/inspva,39.663,-75.756,-1.800926947,0.002871402,0.000462230,0.000784066,0.002762280,0.000462230,,0,
1786043795226487535,1786043795.225535389,/novatel/oem7/odom,/novatel/oem7/fix,/novatel/oem7/odom,39.663,-75.756,-1.800926947,0.002869400,0.000474497,0.002795233,0.000648176,0.000474497,,,
1786043795234764477,1786043795.234360861,/novatel/oem7/odom,/novatel/oem7/fix,/novatel/oem7/odom,39.663,-75.756,-1.800926947,0.002869400,0.000474497,0.002795233,0.000648176,0.000474497,,,
1786043795247018586,1786043795.246531933,/novatel/oem7/inspva,/novatel/oem7/inspva,/novatel/oem7/inspva,39.663,-75.756,-1.800935890,0.002916864,-0.000114803,0.000358684,0.002894727,-0.000114803,,novatel_oem7_msgs.msg.InertialSolutionStatus(status=3),
1786043795247585236,1786043795.246667572,/novatel/oem7/fix,/novatel/oem7/fix,/novatel/oem7/inspva,39.663,-75.756,-1.800935890,0.002916864,-0.000114803,0.000358684,0.002894727,-0.000114803,,0,
1786043795248258391,1786043795.247433826,/novatel/oem7/odom,/novatel/oem7/fix,/novatel/oem7/odom,39.663,-75.756,-1.800935890,0.002917299,-0.000103176,0.002909115,0.000218363,-0.000103176,,,
1786043795256707312,1786043795.256332635,/novatel/oem7/odom,/novatel/oem7/fix,/novatel/oem7/odom,39.663,-75.756,-1.800935890,0.002917299,-0.000103176,0.002909115,0.000218363,-0.000103176,,,
1786043795265432890,1786043795.264895062,/novatel/oem7/inspva,/novatel/oem7/inspva,/novatel/oem7/inspva,39.663,-75.756,-1.800939115,0.002770324,0.000232095,0.000425352,0.002737475,0.000232095,,novatel_oem7_msgs.msg.InertialSolutionStatus(status=3),
1786043795265995564,1786043795.265036653,/novatel/oem7/fix,/novatel/oem7/fix,/novatel/oem7/inspva,39.663,-75.756,-1.800939115,0.002770324,0.000232095,0.000425352,0.002737475,0.000232095,,0,
1786043795266416906,1786043795.265527048,/novatel/oem7/odom,/novatel/oem7/fix,/novatel/oem7/odom,39.663,-75.756,-1.800939115,0.002769364,0.000243278,0.002753959,0.000291694,0.000243278,,,
1786043795275903934,1786043795.275444192,/novatel/oem7/odom,/novatel/oem7/fix,/novatel/oem7/odom,39.663,-75.756,-1.800939115,0.002769364,0.000243278,0.002753959,0.000291694,0.000243278,,,
1786043795285717733,1786043795.285254861,/novatel/oem7/inspva,/novatel/oem7/inspva,/novatel/oem7/inspva,39.663,-75.756,-1.800941881,0.002539862,0.000313611,0.000417617,0.002505293,0.000313611,,novatel_oem7_msgs.msg.InertialSolutionStatus(status=3),
1786043795286252165,1786043795.285395098,/novatel/oem7/fix,/novatel/oem7/fix,/novatel/oem7/inspva,39.663,-75.756,-1.800941881,0.002539862,0.000313611,0.000417617,0.002505293,0.000313611,,0,
1786043795286891963,1786043795.286153136,/novatel/oem7/odom,/novatel/oem7/fix,/novatel/oem7/odom,39.663,-75.756,-1.800941881,0.002538568,0.000323914,0.002521372,0.000294979,0.000323914,,,
1786043795295228232,1786043795.294877434,/novatel/oem7/odom,/novatel/oem7/fix,/novatel/oem7/odom,39.663,-75.756,-1.800941881,0.002538568,0.000323914,0.002521372,0.000294979,0.000323914,,,
1786043795306509669,1786043795.306055173,/novatel/oem7/inspva,/novatel/oem7/inspva,/novatel/oem7/inspva,39.663,-75.756,-1.800948127,0.002505544,0.000399505,0.000566697,0.002440616,0.000399505,,novatel_oem7_msgs.msg.InertialSolutionStatus(status=3),
1786043795307060653,1786043795.306187175,/novatel/oem7/fix,/novatel/oem7/fix,/novatel/oem7/inspva,39.663,-75.756,-1.800948127,0.002505544,0.000399505,0.000566697,0.002440616,0.000399505,,0,
1786043795307508890,1786043795.306636572,/novatel/oem7/odom,/novatel/oem7/fix,/novatel/oem7/odom,39.663,-75.756,-1.800948127,0.002503853,0.000409972,0.002463660,0.000446830,0.000409972,,,
1786043795309503682,1786043795.309190698,/novatel/oem7/bestpos,/novatel/oem7/bestpos,/novatel/oem7/odom,39.663,-75.756,33.181492861,0.002503853,0.000409972,0.002463660,0.000446830,0.000409972,,novatel_oem7_msgs.msg.SolutionStatus(status=0),novatel_oem7_msgs.msg.PositionOrVelocityType(type=53)
1786043795310106841,1786043795.309550822,/novatel/oem7/bestvel,/novatel/oem7/bestpos,/novatel/oem7/bestvel,39.663,-75.756,33.181492861,0.002257377,0.000585209,,,,78.517827825,novatel_oem7_msgs.msg.SolutionStatus(status=0),novatel_oem7_msgs.msg.PositionOrVelocityType(type=53)
1786043795314855378,1786043795.314445641,/novatel/oem7/odom,/novatel/oem7/bestpos,/novatel/oem7/odom,39.663,-75.756,33.181492861,0.002503853,0.000409972,0.002463660,0.000446830,0.000409972,,,
1786043795325513684,1786043795.325180796,/novatel/oem7/inspva,/novatel/oem7/inspva,/novatel/oem7/inspva,39.663,-75.756,-1.800957156,0.002495539,-0.000126772,0.000457610,0.002453224,-0.000126772,,novatel_oem7_msgs.msg.InertialSolutionStatus(status=3),
1786043795326033775,1786043795.325330064,/novatel/oem7/fix,/novatel/oem7/fix,/novatel/oem7/inspva,39.663,-75.756,-1.800957156,0.002495539,-0.000126772,0.000457610,0.002453224,-0.000126772,,0,
1786043795326672562,1786043795.326088055,/novatel/oem7/odom,/novatel/oem7/fix,/novatel/oem7/odom,39.663,-75.756,-1.800957156,0.002496037,-0.000116546,0.002472970,0.000338557,-0.000116546,,,
1786043795335793500,1786043795.335440289,/novatel/oem7/odom,/novatel/oem7/fix,/novatel/oem7/odom,39.663,-75.756,-1.800957156,0.002496037,-0.000116546,0.002472970,0.000338557,-0.000116546,,,
1786043795345593921,1786043795.345052133,/novatel/oem7/inspva,/novatel/oem7/inspva,/novatel/oem7/inspva,39.663,-75.756,-1.800963500,0.002346706,0.000125710,0.000423236,0.002308224,0.000125710,,novatel_oem7_msgs.msg.InertialSolutionStatus(status=3),
1786043795346133733,1786043795.345193448,/novatel/oem7/fix,/novatel/oem7/fix,/novatel/oem7/inspva,39.663,-75.756,-1.800963500,0.002346706,0.000125710,0.000423236,0.002308224,0.000125710,,0,
1786043795346624724,1786043795.345622465,/novatel/oem7/odom,/novatel/oem7/fix,/novatel/oem7/odom,39.663,-75.756,-1.800963500,0.002346172,0.000135314,0.002325519,0.000310621,0.000135314,,,
1786043795356028290,1786043795.355660613,/novatel/oem7/odom,/novatel/oem7/fix,/novatel/oem7/odom,39.663,-75.756,-1.800963500,0.002346172,0.000135314,0.002325519,0.000310621,0.000135314,,,
1786043795367017573,1786043795.366684797,/novatel/oem7/inspva,/novatel/oem7/inspva,/novatel/oem7/inspva,39.663,-75.756,-1.800973156,0.002174812,-0.000122936,0.000306484,0.002153108,-0.000122936,,novatel_oem7_msgs.msg.InertialSolutionStatus(status=3),
1786043795367622597,1786043795.366824942,/novatel/oem7/fix,/novatel/oem7/fix,/novatel/oem7/inspva,39.663,-75.756,-1.800973156,0.002174812,-0.000122936,0.000306484,0.002153108,-0.000122936,,0,
1786043795368046796,1786043795.367275807,/novatel/oem7/odom,/novatel/oem7/fix,/novatel/oem7/odom,39.663,-75.756,-1.800973156,0.002175287,-0.000114222,0.002165872,0.000202163,-0.000114222,,,
1786043795374893904,1786043795.374483096,/novatel/oem7/odom,/novatel/oem7/fix,/novatel/oem7/odom,39.663,-75.756,-1.800973156,0.002175287,-0.000114222,0.002165872,0.000202163,-0.000114222,,,
1786043795385506375,1786043795.385160887,/novatel/oem7/inspva,/novatel/oem7/inspva,/novatel/oem7/inspva,39.663,-75.756,-1.800982732,0.002145566,0.000007112,0.000207669,0.002135492,0.000007112,,novatel_oem7_msgs.msg.InertialSolutionStatus(status=3),
1786043795386068104,1786043795.385296575,/novatel/oem7/fix,/novatel/oem7/fix,/novatel/oem7/inspva,39.663,-75.756,-1.800982732,0.002145566,0.000007112,0.000207669,0.002135492,0.000007112,,0,
1786043795386486384,1786043795.385651745,/novatel/oem7/odom,/novatel/oem7/fix,/novatel/oem7/odom,39.663,-75.756,-1.800982732,0.002145522,0.000015471,0.002143001,0.000103967,0.000015471,,,
1786043795395964290,1786043795.395569782,/novatel/oem7/odom,/novatel/oem7/fix,/novatel/oem7/odom,39.663,-75.756,-1.800982732,0.002145522,0.000015471,0.002143001,0.000103967,0.000015471,,,
1786043795407019135,1786043795.406495709,/novatel/oem7/inspva,/novatel/oem7/inspva,/novatel/oem7/inspva,39.663,-75.756,-1.800992654,0.001794879,-0.000152053,0.000603429,0.001690403,-0.000152053,,novatel_oem7_msgs.msg.InertialSolutionStatus(status=3),
1786043795407616205,1786043795.406628184,/novatel/oem7/fix,/novatel/oem7/fix,/novatel/oem7/inspva,39.663,-75.756,-1.800992654,0.001794879,-0.000152053,0.000603429,0.001690403,-0.000152053,,0,
1786043795408027434,1786043795.407330817,/novatel/oem7/odom,/novatel/oem7/fix,/novatel/oem7/odom,39.663,-75.756,-1.800992654,0.001795524,-0.000144237,0.001718200,0.000521243,-0.000144237,,,
1786043795410868314,1786043795.410445658,/novatel/oem7/bestpos,/novatel/oem7/bestpos,/novatel/oem7/odom,39.663,-75.756,33.181449811,0.001795524,-0.000144237,0.001718200,0.000521243,-0.000144237,,novatel_oem7_msgs.msg.SolutionStatus(status=0),novatel_oem7_msgs.msg.PositionOrVelocityType(type=53)
1786043795411461466,1786043795.410984724,/novatel/oem7/bestvel,/novatel/oem7/bestpos,/novatel/oem7/bestvel,39.663,-75.756,33.181449811,0.002042029,-0.000218004,,,,77.284532644,novatel_oem7_msgs.msg.SolutionStatus(status=0),novatel_oem7_msgs.msg.PositionOrVelocityType(type=53)
1786043795415101380,1786043795.414748519,/novatel/oem7/odom,/novatel/oem7/bestpos,/novatel/oem7/odom,39.663,-75.756,33.181449811,0.001795524,-0.000144237,0.001718200,0.000521243,-0.000144237,,,
1786043795426797014,1786043795.426283315,/novatel/oem7/inspva,/novatel/oem7/inspva,/novatel/oem7/inspva,39.663,-75.756,-1.801002726,0.001789758,0.000212240,0.000328623,0.001759329,0.000212240,,novatel_oem7_msgs.msg.InertialSolutionStatus(status=3),
1786043795427382465,1786043795.426438223,/novatel/oem7/fix,/novatel/oem7/fix,/novatel/oem7/inspva,39.663,-75.756,-1.801002726,0.001789758,0.000212240,0.000328623,0.001759329,0.000212240,,0,
1786043795427816477,1786043795.426918398,/novatel/oem7/odom,/novatel/oem7/fix,/novatel/oem7/odom,39.663,-75.756,-1.801002726,0.001788875,0.000219555,0.001772360,0.000242519,0.000219555,,,
1786043795434943312,1786043795.434599976,/novatel/oem7/odom,/novatel/oem7/fix,/novatel/oem7/odom,39.663,-75.756,-1.801002726,0.001788875,0.000219555,0.001772360,0.000242519,0.000219555,,,
1786043795446513342,1786043795.446143368,/novatel/oem7/inspva,/novatel/oem7/inspva,/novatel/oem7/inspva,39.663,-75.756,-1.801015737,0.001962110,-0.000153901,0.000564451,0.001879167,-0.000153901,,novatel_oem7_msgs.msg.InertialSolutionStatus(status=3),
1786043795447068580,1786043795.446283713,/novatel/oem7/fix,/novatel/oem7/fix,/novatel/oem7/inspva,39.663,-75.756,-1.801015737,0.001962110,-0.000153901,0.000564451,0.001879167,-0.000153901,,0,
1786043795447523391,1786043795.446729584,/novatel/oem7/odom,/novatel/oem7/fix,/novatel/oem7/odom,39.663,-75.756,-1.801015737,0.001962751,-0.000145488,0.001904860,0.000473184,-0.000145488,,,
1786043795456784541,1786043795.456360125,/novatel/oem7/odom,/novatel/oem7/fix,/novatel/oem7/odom,39.663,-75.756,-1.801015737,0.001962751,-0.000145488,0.001904860,0.000473184,-0.000145488,,,
1786043795465328986,1786043795.464998912,/novatel/oem7/inspva,/novatel/oem7/inspva,/novatel/oem7/inspva,39.663,-75.756,-1.801025929,0.001968871,-0.000102683,0.000328667,0.001941245,-0.000102683,,novatel_oem7_msgs.msg.InertialSolutionStatus(status=3),
1786043795465906273,1786043795.465163930,/novatel/oem7/fix,/novatel/oem7/fix,/novatel/oem7/inspva,39.663,-75.756,-1.801025929,0.001968871,-0.000102683,0.000328667,0.001941245,-0.000102683,,0,
1786043795466325394,1786043795.465634455,/novatel/oem7/odom,/novatel/oem7/fix,/novatel/oem7/odom,39.663,-75.756,-1.801025929,0.001969271,-0.000094693,0.001955254,0.000234544,-0.000094693,,,
1786043795475207451,1786043795.474522914,/novatel/oem7/odom,/novatel/oem7/fix,/novatel/oem7/odom,39.663,-75.756,-1.801025929,0.001969271,-0.000094693,0.001955254,0.000234544,-0.000094693,,,
1786043795487195402,1786043795.486694184,/novatel/oem7/inspva,/novatel/oem7/inspva,/novatel/oem7/inspva,39.663,-75.756,-1.801032506,0.001913798,0.000266072,0.000029906,0.001913564,0.000266072,,novatel_oem7_msgs.msg.InertialSolutionStatus(status=3),
1786043795488491025,1786043795.486842425,/novatel/oem7/fix,/novatel/oem7/fix,/novatel/oem7/inspva,39.663,-75.756,-1.801032506,0.001913798,0.000266072,0.000029906,0.001913564,0.000266072,,0,
1786043795489505445,1786043795.487721497,/novatel/oem7/odom,/novatel/oem7/fix,/novatel/oem7/odom,39.663,-75.756,-1.801032506,0.001912802,0.000273138,0.001911749,-0.000063456,0.000273138,,,
1786043795495442742,1786043795.494799928,/novatel/oem7/odom,/novatel/oem7/fix,/novatel/oem7/odom,39.663,-75.756,-1.801032506,0.001912802,0.000273138,0.001911749,-0.000063456,0.000273138,,,
1786043795506509710,1786043795.506011501,/novatel/oem7/inspva,/novatel/oem7/inspva,/novatel/oem7/inspva,39.663,-75.756,-1.801046358,0.002145893,-0.000036270,-0.000088214,0.002144079,-0.000036270,,novatel_oem7_msgs.msg.InertialSolutionStatus(status=3),
1786043795507774786,1786043795.506151630,/novatel/oem7/fix,/novatel/oem7/fix,/novatel/oem7/inspva,39.663,-75.756,-1.801046358,0.002145893,-0.000036270,-0.000088214,0.002144079,-0.000036270,,0,
1786043795508783676,1786043795.506506293,/novatel/oem7/odom,/novatel/oem7/fix,/novatel/oem7/odom,39.663,-75.756,-1.801046358,0.002146008,-0.000028674,0.002137417,-0.000191830,-0.000028674,,,
1786043795512448686,1786043795.511881887,/novatel/oem7/bestpos,/novatel/oem7/bestpos,/novatel/oem7/odom,39.663,-75.756,33.181401548,0.002146008,-0.000028674,0.002137417,-0.000191830,-0.000028674,,novatel_oem7_msgs.msg.SolutionStatus(status=0),novatel_oem7_msgs.msg.PositionOrVelocityType(type=53)
1786043795513807144,1786043795.512203604,/novatel/oem7/bestvel,/novatel/oem7/bestpos,/novatel/oem7/bestvel,39.663,-75.756,33.181401548,0.002057492,0.000195275,,,,100.619676447,novatel_oem7_msgs.msg.SolutionStatus(status=0),novatel_oem7_msgs.msg.PositionOrVelocityType(type=53)
1786043795516289459,1786043795.515663372,/novatel/oem7/odom,/novatel/oem7/bestpos,/novatel/oem7/odom,39.663,-75.756,33.181401548,0.002146008,-0.000028674,0.002137417,-0.000191830,-0.000028674,,,
1786043795525890059,1786043795.525403614,/novatel/oem7/inspva,/novatel/oem7/inspva,/novatel/oem7/inspva,39.663,-75.756,-1.801054048,0.001821415,0.000177512,0.000420078,0.001772311,0.000177512,,novatel_oem7_msgs.msg.InertialSolutionStatus(status=3),
1786043795527158778,1786043795.525554708,/novatel/oem7/fix,/novatel/oem7/fix,/novatel/oem7/inspva,39.663,-75.756,-1.801054048,0.001821415,0.000177512,0.000420078,0.001772311,0.000177512,,0,
1786043795528174665,1786043795.526215569,/novatel/oem7/odom,/novatel/oem7/fix,/novatel/oem7/odom,39.663,-75.756,-1.801054048,0.001820653,0.000185163,0.001789882,0.000333319,0.000185163,,,
1786043795535701614,1786043795.535069514,/novatel/oem7/odom,/novatel/oem7/fix,/novatel/oem7/odom,39.663,-75.756,-1.801054048,0.001820653,0.000185163,0.001789882,0.000333319,0.000185163,,,
1786043795546722912,1786043795.546206180,/novatel/oem7/inspva,/novatel/oem7/inspva,/novatel/oem7/inspva,39.663,-75.756,-1.801069173,0.002119532,-0.000209677,0.000150968,0.002114148,-0.000209677,,novatel_oem7_msgs.msg.InertialSolutionStatus(status=3),
1786043795548007582,1786043795.546349352,/novatel/oem7/fix,/novatel/oem7/fix,/novatel/oem7/inspva,39.663,-75.756,-1.801069173,0.002119532,-0.000209677,0.000150968,0.002114148,-0.000209677,,0,
1786043795549016452,1786043795.546941238,/novatel/oem7/odom,/novatel/oem7/fix,/novatel/oem7/odom,39.663,-75.756,-1.801069173,0.002120323,-0.000201512,0.002119758,0.000048962,-0.000201512,,,
1786043795556457564,1786043795.555817270,/novatel/oem7/odom,/novatel/oem7/fix,/novatel/oem7/odom,39.663,-75.756,-1.801069173,0.002120323,-0.000201512,0.002119758,0.000048962,-0.000201512,,,
1786043795565775317,1786043795.565289433,/novatel/oem7/inspva,/novatel/oem7/inspva,/novatel/oem7/inspva,39.663,-75.756,-1.801076827,0.001611589,0.000230346,0.000427102,0.001553963,0.000230346,,novatel_oem7_msgs.msg.InertialSolutionStatus(status=3),
1786043795567058713,1786043795.565431744,/novatel/oem7/fix,/novatel/oem7/fix,/novatel/oem7/inspva,39.663,-75.756,-1.801076827,0.001611589,0.000230346,0.000427102,0.001553963,0.000230346,,0,
1786043795568068614,1786043795.566019756,/novatel/oem7/odom,/novatel/oem7/fix,/novatel/oem7/odom,39.663,-75.756,-1.801076827,0.001610596,0.000237183,0.001571932,0.000350785,0.000237183,,,
1786043795576141252,1786043795.575485958,/novatel/oem7/odom,/novatel/oem7/fix,/novatel/oem7/odom,39.663,-75.756,-1.801076827,0.001610596,0.000237183,0.001571932,0.000350785,0.000237183,,,
1786043795585630661,1786043795.585124175,/novatel/oem7/inspva,/novatel/oem7/inspva,/novatel/oem7/inspva,39.663,-75.756,-1.801092491,0.001856010,-0.000141259,0.000209761,0.001844119,-0.000141259,,novatel_oem7_msgs.msg.InertialSolutionStatus(status=3),
1786043795586891176,1786043795.585257570,/novatel/oem7/fix,/novatel/oem7/fix,/novatel/oem7/inspva,39.663,-75.756,-1.801092491,0.001856010,-0.000141259,0.000209761,0.001844119,-0.000141259,,0,
1786043795588294071,1786043795.585752665,/novatel/oem7/odom,/novatel/oem7/fix,/novatel/oem7/odom,39.663,-75.756,-1.801092491,0.001856552,-0.000133945,0.001852631,0.000120596,-0.000133945,,,
1786043795594941678,1786043795.594310308,/novatel/oem7/odom,/novatel/oem7/fix,/novatel/oem7/odom,39.663,-75.756,-1.801092491,0.001856552,-0.000133945,0.001852631,0.000120596,-0.000133945,,,
1786043795606233768,1786043795.605763520,/novatel/oem7/inspva,/novatel/oem7/inspva,/novatel/oem7/inspva,39.663,-75.756,-1.801100697,0.001565660,0.000188419,0.000012828,0.001565608,0.000188419,,novatel_oem7_msgs.msg.InertialSolutionStatus(status=3),
1786043795607526661,1786043795.605892148,/novatel/oem7/fix,/novatel/oem7/fix,/novatel/oem7/inspva,39.663,-75.756,-1.801100697,0.001565660,0.000188419,0.000012828,0.001565608,0.000188419,,0,
1786043795608546092,1786043795.606696570,/novatel/oem7/odom,/novatel/oem7/fix,/novatel/oem7/odom,39.663,-75.756,-1.801100697,0.001564953,0.000194204,0.001563667,-0.000063454,0.000194204,,,
1786043795610833628,1786043795.610282659,/novatel/oem7/bestpos,/novatel/oem7/bestpos,/novatel/oem7/odom,39.663,-75.756,33.181330477,0.001564953,0.000194204,0.001563667,-0.000063454,0.000194204,,novatel_oem7_msgs.msg.SolutionStatus(status=0),novatel_oem7_msgs.msg.PositionOrVelocityType(type=53)
1786043795612168051,1786043795.610805387,/novatel/oem7/bestvel,/novatel/oem7/bestpos,/novatel/oem7/bestvel,39.663,-75.756,33.181330477,0.002246694,-0.000204735,,,,87.769579492,novatel_oem7_msgs.msg.SolutionStatus(status=0),novatel_oem7_msgs.msg.PositionOrVelocityType(type=53)
1786043795616122208,1786043795.615502832,/novatel/oem7/odom,/novatel/oem7/bestpos,/novatel/oem7/odom,39.663,-75.756,33.181330477,0.001564953,0.000194204,0.001563667,-0.000063454,0.000194204,,,
1786043795625462669,1786043795.624979424,/novatel/oem7/inspva,/novatel/oem7/inspva,/novatel/oem7/inspva,39.663,-75.756,-1.801116795,0.002091134,-0.000205736,-0.000089524,0.002089217,-0.000205736,,novatel_oem7_msgs.msg.InertialSolutionStatus(status=3),
1786043795626720252,1786043795.625108912,/novatel/oem7/fix,/novatel/oem7/fix,/novatel/oem7/inspva,39.663,-75.756,-1.801116795,0.002091134,-0.000205736,-0.000089524,0.002089217,-0.000205736,,0,
1786043795627724158,1786043795.625556653,/novatel/oem7/odom,/novatel/oem7/fix,/novatel/oem7/odom,39.663,-75.756,-1.801116795,0.002091850,-0.000198317,0.002083200,-0.000190040,-0.000198317,,,
1786043795636044969,1786043795.635390639,/novatel/oem7/odom,/novatel/oem7/fix,/novatel/oem7/odom,39.663,-75.756,-1.801116795,0.002091850,-0.000198317,0.002083200,-0.000190040,-0.000198317,,,
1786043795645930471,1786043795.645448730,/novatel/oem7/inspva,/novatel/oem7/inspva,/novatel/oem7/inspva,39.663,-75.756,-1.801125417,0.001508623,0.000131472,0.000301830,0.001478121,0.000131472,,novatel_oem7_msgs.msg.InertialSolutionStatus(status=3),
1786043795647196398,1786043795.645671369,/novatel/oem7/fix,/novatel/oem7/fix,/novatel/oem7/inspva,39.663,-75.756,-1.801125417,0.001508623,0.000131472,0.000301830,0.001478121,0.000131472,,0,
1786043795648219995,1786043795.646447904,/novatel/oem7/odom,/novatel/oem7/fix,/novatel/oem7/odom,39.663,-75.756,-1.801125417,0.001508065,0.000137726,0.001490485,0.000229595,0.000137726,,,
1786043795656720037,1786043795.656069604,/novatel/oem7/odom,/novatel/oem7/fix,/novatel/oem7/odom,39.663,-75.756,-1.801125417,0.001508065,0.000137726,0.001490485,0.000229595,0.000137726,,,
1786043795666802362,1786043795.666271316,/novatel/oem7/inspva,/novatel/oem7/inspva,/novatel/oem7/inspva,39.663,-75.756,-1.801140738,0.001669447,-0.000155260,0.000303743,0.001641583,-0.000155260,,novatel_oem7_msgs.msg.InertialSolutionStatus(status=3),
1786043795668066888,1786043795.666468538,/novatel/oem7/fix,/novatel/oem7/fix,/novatel/oem7/inspva,39.663,-75.756,-1.801140738,0.001669447,-0.000155260,0.000303743,0.001641583,-0.000155260,,0,
1786043795669069368,1786043795.666941947,/novatel/oem7/odom,/novatel/oem7/fix,/novatel/oem7/odom,39.663,-75.756,-1.801140738,0.001670071,-0.000148394,0.001654939,0.000224314,-0.000148394,,,
1786043795676096942,1786043795.675464636,/novatel/oem7/odom,/novatel/oem7/fix,/novatel/oem7/odom,39.663,-75.756,-1.801140738,0.001670071,-0.000148394,0.001654939,0.000224314,-0.000148394,,,
1786043795685757870,1786043795.685271205,/novatel/oem7/inspva,/novatel/oem7/inspva,/novatel/oem7/inspva,39.663,-75.756,-1.801149017,0.001784030,0.000007462,0.000236491,0.001768286,0.000007462,,novatel_oem7_msgs.msg.InertialSolutionStatus(status=3),
1786043795687029699,1786043795.685441707,/novatel/oem7/fix,/novatel/oem7/fix,/novatel/oem7/inspva,39.663,-75.756,-1.801149017,0.001784030,0.000007462,0.000236491,0.001768286,0.000007462,,0,
1786043795688051283,1786043795.686148801,/novatel/oem7/odom,/novatel/oem7/fix,/novatel/oem7/odom,39.663,-75.756,-1.801149017,0.001783986,0.000014599,0.001777618,0.000150598,0.000014599,,,
1786043795696146341,1786043795.695504835,/novatel/oem7/odom,/novatel/oem7/fix,/novatel/oem7/odom,39.663,-75.756,-1.801149017,0.001783986,0.000014599,0.001777618,0.000150598,0.000014599,,,
1786043795706382694,1786043795.705901740,/novatel/oem7/inspva,/novatel/oem7/inspva,/novatel/oem7/inspva,39.663,-75.756,-1.801160649,0.001814911,0.000087694,0.000467751,0.001753599,0.000087694,,novatel_oem7_msgs.msg.InertialSolutionStatus(status=3),
1786043795707676251,1786043795.706058381,/novatel/oem7/fix,/novatel/oem7/fix,/novatel/oem7/inspva,39.663,-75.756,-1.801160649,0.001814911,0.000087694,0.000467751,0.001753599,0.000087694,,0,
1786043795708680221,1786043795.706557096,/novatel/oem7/odom,/novatel/oem7/fix,/novatel/oem7/odom,39.663,-75.756,-1.801160649,0.001814521,0.000095413,0.001773832,0.000382106,0.000095413,,,
1786043795710494639,1786043795.709937223,/novatel/oem7/bestpos,/novatel/oem7/bestpos,/novatel/oem7/odom,39.663,-75.756,33.181259005,0.001814521,0.000095413,0.001773832,0.000382106,0.000095413,,novatel_oem7_msgs.msg.SolutionStatus(status=0),novatel_oem7_msgs.msg.PositionOrVelocityType(type=53)
1786043795711838546,1786043795.710558490,/novatel/oem7/bestvel,/novatel/oem7/bestpos,/novatel/oem7/bestvel,39.663,-75.756,33.181259005,0.001994171,0.000026324,,,,78.573352841,novatel_oem7_msgs.msg.SolutionStatus(status=0),novatel_oem7_msgs.msg.PositionOrVelocityType(type=53)
1786043795714964677,1786043795.714336731,/novatel/oem7/odom,/novatel/oem7/bestpos,/novatel/oem7/odom,39.663,-75.756,33.181259005,0.001814521,0.000095413,0.001773832,0.000382106,0.000095413,,,
1786043795726848197,1786043795.726215164,/novatel/oem7/inspva,/novatel/oem7/inspva,/novatel/oem7/inspva,39.663,-75.756,-1.801171028,0.001658805,-0.000068928,0.000242337,0.001641008,-0.000068928,,novatel_oem7_msgs.msg.InertialSolutionStatus(status=3),
1786043795728373049,1786043795.726375349,/novatel/oem7/fix,/novatel/oem7/fix,/novatel/oem7/inspva,39.663,-75.756,-1.801171028,0.001658805,-0.000068928,0.000242337,0.001641008,-0.000068928,,0,
1786043795729372236,1786043795.727016919,/novatel/oem7/odom,/novatel/oem7/fix,/novatel/oem7/odom,39.663,-75.756,-1.801171028,0.001659069,-0.000062241,0.001651062,0.000162805,-0.000062241,,,
1786043795735945975,1786043795.735342979,/novatel/oem7/odom,/novatel/oem7/fix,/novatel/oem7/odom,39.663,-75.756,-1.801171028,0.001659069,-0.000062241,0.001651062,0.000162805,-0.000062241,,,
1786043795745369507,1786043795.744890762,/novatel/oem7/inspva,/novatel/oem7/inspva,/novatel/oem7/inspva,39.663,-75.756,-1.801182560,0.001619040,-0.000117256,0.000383575,0.001572946,-0.000117256,,novatel_oem7_msgs.msg.InertialSolutionStatus(status=3),
1786043795746648366,1786043795.745076544,/novatel/oem7/fix,/novatel/oem7/fix,/novatel/oem7/inspva,39.663,-75.756,-1.801182560,0.001619040,-0.000117256,0.000383575,0.001572946,-0.000117256,,0,
1786043795747656020,1786043795.745625670,/novatel/oem7/odom,/novatel/oem7/fix,/novatel/oem7/odom,39.663,-75.756,-1.801182560,0.001619519,-0.000110442,0.001590101,0.000307279,-0.000110442,,,
1786043795756283400,1786043795.755632197,/novatel/oem7/odom,/novatel/oem7/fix,/novatel/oem7/odom,39.663,-75.756,-1.801182560,0.001619519,-0.000110442,0.001590101,0.000307279,-0.000110442,,,
1786043795766937225,1786043795.766440790,/novatel/oem7/inspva,/novatel/oem7/inspva,/novatel/oem7/inspva,39.663,-75.756,-1.801190826,0.001820593,-0.000110522,0.000629704,0.001708225,-0.000110522,,novatel_oem7_msgs.msg.InertialSolutionStatus(status=3),
1786043795768215581,1786043795.766626365,/novatel/oem7/fix,/novatel/oem7/fix,/novatel/oem7/inspva,39.663,-75.756,-1.801190826,0.001820593,-0.000110522,0.000629704,0.001708225,-0.000110522,,0,
1786043795769241538,1786043795.767105416,/novatel/oem7/odom,/novatel/oem7/fix,/novatel/oem7/odom,39.663,-75.756,-1.801190826,0.001821059,-0.000102554,0.001737103,0.000546563,-0.000102554,,,
1786043795775226604,1786043795.774600295,/novatel/oem7/odom,/novatel/oem7/fix,/novatel/oem7/odom,39.663,-75.756,-1.801190826,0.001821059,-0.000102554,0.001737103,0.000546563,-0.000102554,,,
1786043795786377984,1786043795.785905386,/novatel/oem7/inspva,/novatel/oem7/inspva,/novatel/oem7/inspva,39.663,-75.756,-1.801200022,0.001565173,-0.000050918,0.000560157,0.001461503,-0.000050918,,novatel_oem7_msgs.msg.InertialSolutionStatus(status=3),
1786043795787651253,1786043795.786088591,/novatel/oem7/fix,/novatel/oem7/fix,/novatel/oem7/inspva,39.663,-75.756,-1.801200022,0.001565173,-0.000050918,0.000560157,0.001461503,-0.000050918,,0,
1786043795788663814,1786043795.786527142,/novatel/oem7/odom,/novatel/oem7/fix,/novatel/oem7/odom,39.663,-75.756,-1.801200022,0.001565382,-0.000044036,0.001487078,0.000488896,-0.000044036,,,
1786043795795380258,1786043795.794733801,/novatel/oem7/odom,/novatel/oem7/fix,/novatel/oem7/odom,39.663,-75.756,-1.801200022,0.001565382,-0.000044036,0.001487078,0.000488896,-0.000044036,,,
1786043795806963564,1786043795.806481399,/novatel/oem7/inspva,/novatel/oem7/inspva,/novatel/oem7/inspva,39.663,-75.756,-1.801207968,0.001861309,-0.000134475,0.000664554,0.001738631,-0.000134475,,novatel_oem7_msgs.msg.InertialSolutionStatus(status=3),
1786043795808251891,1786043795.806659485,/novatel/oem7/fix,/novatel/oem7/fix,/novatel/oem7/inspva,39.663,-75.756,-1.801207968,0.001861309,-0.000134475,0.000664554,0.001738631,-0.000134475,,0,
1786043795809253831,1786043795.807130836,/novatel/oem7/odom,/novatel/oem7/fix,/novatel/oem7/odom,39.663,-75.756,-1.801207968,0.001861881,-0.000126302,0.001769250,0.000579962,-0.000126302,,,
1786043795811027059,1786043795.810221591,/novatel/oem7/bestpos,/novatel/oem7/bestpos,/novatel/oem7/odom,39.663,-75.756,33.181208642,0.001861881,-0.000126302,0.001769250,0.000579962,-0.000126302,,novatel_oem7_msgs.msg.SolutionStatus(status=0),novatel_oem7_msgs.msg.PositionOrVelocityType(type=53)
1786043795812365212,1786043795.810612771,/novatel/oem7/bestvel,/novatel/oem7/bestpos,/novatel/oem7/bestvel,39.663,-75.756,33.181208642,0.001796034,-0.000232862,,,,49.728363741,novatel_oem7_msgs.msg.SolutionStatus(status=0),novatel_oem7_msgs.msg.PositionOrVelocityType(type=53)
1786043795815986472,1786043795.815345049,/novatel/oem7/odom,/novatel/oem7/bestpos,/novatel/oem7/odom,39.663,-75.756,33.181208642,0.001861881,-0.000126302,0.001769250,0.000579962,-0.000126302,,,
1786043795825843715,1786043795.825343033,/novatel/oem7/inspva,/novatel/oem7/inspva,/novatel/oem7/inspva,39.663,-75.756,-1.801218158,0.001602707,-0.000303273,0.000445110,0.001539658,-0.000303273,,novatel_oem7_msgs.msg.InertialSolutionStatus(status=3),
1786043795827114297,1786043795.825537421,/novatel/oem7/fix,/novatel/oem7/fix,/novatel/oem7/inspva,39.663,-75.756,-1.801218158,0.001602707,-0.000303273,0.000445110,0.001539658,-0.000303273,,0,
1786043795828118647,1786043795.826001520,/novatel/oem7/odom,/novatel/oem7/fix,/novatel/oem7/odom,39.663,-75.756,-1.801218158,0.001603989,-0.000296416,0.001560531,0.000370841,-0.000296416,,,
1786043795835138705,1786043795.834502162,/novatel/oem7/odom,/novatel/oem7/fix,/novatel/oem7/odom,39.663,-75.756,-1.801218158,0.001603989,-0.000296416,0.001560531,0.000370841,-0.000296416,,,
1786043795847152336,1786043795.846682481,/novatel/oem7/inspva,/novatel/oem7/inspva,/novatel/oem7/inspva,39.663,-75.756,-1.801224470,0.001887634,0.000013350,0.000708789,0.001749508,0.000013350,,novatel_oem7_msgs.msg.InertialSolutionStatus(status=3),
1786043795848403156,1786043795.846840576,/novatel/oem7/fix,/novatel/oem7/fix,/novatel/oem7/inspva,39.663,-75.756,-1.801224470,0.001887634,0.000013350,0.000708789,0.001749508,0.000013350,,0,
1786043795849410912,1786043795.847272890,/novatel/oem7/odom,/novatel/oem7/fix,/novatel/oem7/odom,39.663,-75.756,-1.801224470,0.001887557,0.000021677,0.001781697,0.000623237,0.000021677,,,
1786043795857306528,1786043795.856392482,/novatel/oem7/odom,/novatel/oem7/fix,/novatel/oem7/odom,39.663,-75.756,-1.801224470,0.001887557,0.000021677,0.001781697,0.000623237,0.000021677,,,
1786043795865457607,1786043795.864967616,/novatel/oem7/inspva,/novatel/oem7/inspva,/novatel/oem7/inspva,39.663,-75.756,-1.801237307,0.001588421,-0.000287879,0.000371086,0.001544467,-0.000287879,,novatel_oem7_msgs.msg.InertialSolutionStatus(status=3),
1786043795866726547,1786043795.865113030,/novatel/oem7/fix,/novatel/oem7/fix,/novatel/oem7/inspva,39.663,-75.756,-1.801237307,0.001588421,-0.000287879,0.000371086,0.001544467,-0.000287879,,0,
1786043795867743027,1786043795.865618989,/novatel/oem7/odom,/novatel/oem7/fix,/novatel/oem7/odom,39.663,-75.756,-1.801237307,0.001589617,-0.000281201,0.001561693,0.000296641,-0.000281201,,,
1786043795875258629,1786043795.874580569,/novatel/oem7/odom,/novatel/oem7/fix,/novatel/oem7/odom,39.663,-75.756,-1.801237307,0.001589617,-0.000281201,0.001561693,0.000296641,-0.000281201,,,
1786043795886973863,1786043795.886641567,/novatel/oem7/inspva,/novatel/oem7/inspva,/novatel/oem7/inspva,39.663,-75.756,-1.801245169,0.002001926,-0.000389166,0.000851567,0.001811778,-0.000389166,,novatel_oem7_msgs.msg.InertialSolutionStatus(status=3),
1786043795888111879,1786043795.886776562,/novatel/oem7/fix,/novatel/oem7/fix,/novatel/oem7/inspva,39.663,-75.756,-1.801245169,0.002001926,-0.000389166,0.000851567,0.001811778,-0.000389166,,0,
1786043795889317148,1786043795.887267144,/novatel/oem7/odom,/novatel/oem7/fix,/novatel/oem7/odom,39.663,-75.756,-1.801245169,0.002003643,-0.000380223,0.001852315,0.000763883,-0.000380223,,,
1786043795894929779,1786043795.894556071,/novatel/oem7/odom,/novatel/oem7/fix,/novatel/oem7/odom,39.663,-75.756,-1.801245169,0.002003643,-0.000380223,0.001852315,0.000763883,-0.000380223,,,
1786043795906040137,1786043795.905749447,/novatel/oem7/inspva,/novatel/oem7/inspva,/novatel/oem7/inspva,39.663,-75.756,-1.801251737,0.001211330,-0.000103594,0.000309029,0.001171248,-0.000103594,,novatel_oem7_msgs.msg.InertialSolutionStatus(status=3),
1786043795906550382,1786043795.905883171,/novatel/oem7/fix,/novatel/oem7/fix,/novatel/oem7/inspva,39.663,-75.756,-1.801251737,0.001211330,-0.000103594,0.000309029,0.001171248,-0.000103594,,0,
1786043795907188635,1786043795.906447187,/novatel/oem7/odom,/novatel/oem7/fix,/novatel/oem7/odom,39.663,-75.756,-1.801251737,0.001211757,-0.000098477,0.001185212,0.000252246,-0.000098477,,,
1786043795909640731,1786043795.909311946,/novatel/oem7/bestpos,/novatel/oem7/bestpos,/novatel/oem7/odom,39.663,-75.756,33.181161245,0.001211757,-0.000098477,0.001185212,0.000252246,-0.000098477,,novatel_oem7_msgs.msg.SolutionStatus(status=0),novatel_oem7_msgs.msg.PositionOrVelocityType(type=53)
1786043795910347030,1786043795.910091587,/novatel/oem7/bestvel,/novatel/oem7/bestpos,/novatel/oem7/bestvel,39.663,-75.756,33.181161245,0.000686369,0.000237489,,,,75.598889478,novatel_oem7_msgs.msg.SolutionStatus(status=0),novatel_oem7_msgs.msg.PositionOrVelocityType(type=53)
1786043795915716003,1786043795.915367497,/novatel/oem7/odom,/novatel/oem7/bestpos,/novatel/oem7/odom,39.663,-75.756,33.181161245,0.001211757,-0.000098477,0.001185212,0.000252246,-0.000098477,,,
1786043795925830899,1786043795.925323757,/novatel/oem7/inspva,/novatel/oem7/inspva,/novatel/oem7/inspva,39.663,-75.756,-1.801256934,0.001942026,-0.000083000,0.000760613,0.001786878,-0.000083000,,novatel_oem7_msgs.msg.InertialSolutionStatus(status=3),
1786043795926376643,1786043795.925473522,/novatel/oem7/fix,/novatel/oem7/fix,/novatel/oem7/inspva,39.663,-75.756,-1.801256934,0.001942026,-0.000083000,0.000760613,0.001786878,-0.000083000,,0,
1786043795926794090,1786043795.926042304,/novatel/oem7/odom,/novatel/oem7/fix,/novatel/oem7/odom,39.663,-75.756,-1.801256934,0.001942375,-0.000074382,0.001821891,0.000673449,-0.000074382,,,
1786043795935415768,1786043795.935082369,/novatel/oem7/odom,/novatel/oem7/fix,/novatel/oem7/odom,39.663,-75.756,-1.801256934,0.001942375,-0.000074382,0.001821891,0.000673449,-0.000074382,,,
1786043795945801717,1786043795.945478250,/novatel/oem7/inspva,/novatel/oem7/inspva,/novatel/oem7/inspva,39.663,-75.756,-1.801262826,0.001124130,0.000061092,0.000532912,0.000989784,0.000061092,,novatel_oem7_msgs.msg.InertialSolutionStatus(status=3),
1786043795946341203,1786043795.945618952,/novatel/oem7/fix,/novatel/oem7/fix,/novatel/oem7/inspva,39.663,-75.756,-1.801262826,0.001124130,0.000061092,0.000532912,0.000989784,0.000061092,,0,
1786043795946749638,1786043795.946014252,/novatel/oem7/odom,/novatel/oem7/fix,/novatel/oem7/odom,39.663,-75.756,-1.801262826,0.001123842,0.000066175,0.001014175,0.000484221,0.000066175,,,
1786043795957010940,1786043795.956223818,/novatel/oem7/odom,/novatel/oem7/fix,/novatel/oem7/odom,39.663,-75.756,-1.801262826,0.001123842,0.000066175,0.001014175,0.000484221,0.000066175,,,
1786043795965587647,1786043795.965080961,/novatel/oem7/inspva,/novatel/oem7/inspva,/novatel/oem7/inspva,39.663,-75.756,-1.801269756,0.001647029,-0.000168894,0.000422127,0.001592016,-0.000168894,,novatel_oem7_msgs.msg.InertialSolutionStatus(status=3),
1786043795966869233,1786043795.965227623,/novatel/oem7/fix,/novatel/oem7/fix,/novatel/oem7/inspva,39.663,-75.756,-1.801269756,0.001647029,-0.000168894,0.000422127,0.001592016,-0.000168894,,0,
1786043795967923263,1786043795.965577867,/novatel/oem7/odom,/novatel/oem7/fix,/novatel/oem7/odom,39.663,-75.756,-1.801269756,0.001647729,-0.000161925,0.001611206,0.000345000,-0.000161925,,,
1786043795976281567,1786043795.975632404,/novatel/oem7/odom,/novatel/oem7/fix,/novatel/oem7/odom,39.663,-75.756,-1.801269756,0.001647729,-0.000161925,0.001611206,0.000345000,-0.000161925,,,
1786043795985579561,1786043795.985088303,/novatel/oem7/inspva,/novatel/oem7/inspva,/novatel/oem7/inspva,39.663,-75.756,-1.801277190,0.001173702,0.000011628,0.000310231,0.001131960,0.000011628,,novatel_oem7_msgs.msg.InertialSolutionStatus(status=3),
1786043795986855497,1786043795.985248991,/novatel/oem7/fix,/novatel/oem7/fix,/novatel/oem7/inspva,39.663,-75.756,-1.801277190,0.001173702,0.000011628,0.000310231,0.001131960,0.000011628,,0,
1786043795988289712,1786043795.985685669,/novatel/oem7/odom,/novatel/oem7/fix,/novatel/oem7/odom,39.663,-75.756,-1.801277190,0.001173643,0.000016602,0.001145594,0.000255052,0.000016602,,,
1786043795995124657,1786043795.994465724,/novatel/oem7/odom,/novatel/oem7/fix,/novatel/oem7/odom,39.663,-75.756,-1.801277190,0.001173643,0.000016602,0.001145594,0.000255052,0.000016602,,,
1786043796008930080,1786043796.008452925,/novatel/oem7/inspva,/novatel/oem7/inspva,/novatel/oem7/inspva,39.663,-75.756,-1.801288888,0.001318389,-0.000510522,0.000611996,0.001167737,-0.000510522,,novatel_oem7_msgs.msg.InertialSolutionStatus(status=3),
1786043796010243890,1786043796.008619567,/novatel/oem7/fix,/novatel/oem7/fix,/novatel/oem7/inspva,39.663,-75.756,-1.801288888,0.001318389,-0.000510522,0.000611996,0.001167737,-0.000510522,,0,
1786043796011710678,1786043796.010001967,/novatel/oem7/odom,/novatel/oem7/fix,/novatel/oem7/odom,39.663,-75.756,-1.801288888,0.001320668,-0.000504598,0.001197892,0.000556074,-0.000504598,,,
1786043796015507536,1786043796.014862463,/novatel/oem7/odom,/novatel/oem7/fix,/novatel/oem7/odom,39.663,-75.756,-1.801288888,0.001320668,-0.000504598,0.001197892,0.000556074,-0.000504598,,,
1786043796026063172,1786043796.025509124,/novatel/oem7/bestpos,/novatel/oem7/bestpos,/novatel/oem7/odom,39.663,-75.756,33.181130270,0.001320668,-0.000504598,0.001197892,0.000556074,-0.000504598,,novatel_oem7_msgs.msg.SolutionStatus(status=0),novatel_oem7_msgs.msg.PositionOrVelocityType(type=53)
1786043796027483074,1786043796.026461350,/novatel/oem7/bestvel,/novatel/oem7/bestpos,/novatel/oem7/bestvel,39.663,-75.756,33.181130270,0.000861440,-0.000186968,,,,60.320468917,novatel_oem7_msgs.msg.SolutionStatus(status=0),novatel_oem7_msgs.msg.PositionOrVelocityType(type=53)
1786043796028827310,1786043796.027295908,/novatel/oem7/inspva,/novatel/oem7/inspva,/novatel/oem7/inspva,39.663,-75.756,-1.801298291,0.000794538,-0.000286257,0.000427175,0.000669934,-0.000286257,,novatel_oem7_msgs.msg.InertialSolutionStatus(status=3),
1786043796029649402,1786043796.027510657,/novatel/oem7/fix,/novatel/oem7/fix,/novatel/oem7/inspva,39.663,-75.756,-1.801298291,0.000794538,-0.000286257,0.000427175,0.000669934,-0.000286257,,0,
1786043796030690423,1786043796.027911521,/novatel/oem7/odom,/novatel/oem7/fix,/novatel/oem7/odom,39.663,-75.756,-1.801298291,0.000795830,-0.000282645,0.000690891,0.000394987,-0.000282645,,,
1786043796035266455,1786043796.034637636,/novatel/oem7/odom,/novatel/oem7/fix,/novatel/oem7/odom,39.663,-75.756,-1.801298291,0.000795830,-0.000282645,0.000690891,0.000394987,-0.000282645,,,
1786043796045827842,1786043796.045340993,/novatel/oem7/inspva,/novatel/oem7/inspva,/novatel/oem7/inspva,39.663,-75.756,-1.801293348,0.001054266,0.000250028,0.000567633,0.000888408,0.000250028,,novatel_oem7_msgs.msg.InertialSolutionStatus(status=3),
1786043796047084548,1786043796.045496538,/novatel/oem7/fix,/novatel/oem7/fix,/novatel/oem7/inspva,39.663,-75.756,-1.801293348,0.001054266,0.000250028,0.000567633,0.000888408,0.000250028,,0,
1786043796048124755,1786043796.046122001,/novatel/oem7/odom,/novatel/oem7/fix,/novatel/oem7/odom,39.663,-75.756,-1.801293348,0.001053120,0.000254811,0.000913893,0.000523317,0.000254811,,,
1786043796057052888,1786043796.056394245,/novatel/oem7/odom,/novatel/oem7/fix,/novatel/oem7/odom,39.663,-75.756,-1.801293348,0.001053120,0.000254811,0.000913893,0.000523317,0.000254811,,,
1786043796066564187,1786043796.066066186,/novatel/oem7/inspva,/novatel/oem7/inspva,/novatel/oem7/inspva,39.663,-75.756,-1.801285904,0.000880671,0.000178169,0.000643125,0.000601640,0.000178169,,novatel_oem7_msgs.msg.InertialSolutionStatus(status=3),
1786043796067881351,1786043796.066208331,/novatel/oem7/fix,/novatel/oem7/fix,/novatel/oem7/inspva,39.663,-75.756,-1.801285904,0.000880671,0.000178169,0.000643125,0.000601640,0.000178169,,0,
1786043796068903604,1786043796.066693349,/novatel/oem7/odom,/novatel/oem7/fix,/novatel/oem7/odom,39.663,-75.756,-1.801285904,0.000879860,0.000182130,0.000631384,0.000612787,0.000182130,,,
1786043796075211711,1786043796.074560305,/novatel/oem7/odom,/novatel/oem7/fix,/novatel/oem7/odom,39.663,-75.756,-1.801285904,0.000879860,0.000182130,0.000631384,0.000612787,0.000182130,,,
1786043796085775858,1786043796.085296546,/novatel/oem7/inspva,/novatel/oem7/inspva,/novatel/oem7/inspva,39.663,-75.756,-1.801280152,0.000763700,-0.000067069,0.000421493,0.000636853,-0.000067069,,novatel_oem7_msgs.msg.InertialSolutionStatus(status=3),
1786043796087036790,1786043796.085444581,/novatel/oem7/fix,/novatel/oem7/fix,/novatel/oem7/inspva,39.663,-75.756,-1.801280152,0.000763700,-0.000067069,0.000421493,0.000636853,-0.000067069,,0,
1786043796088366724,1786043796.086091667,/novatel/oem7/odom,/novatel/oem7/fix,/novatel/oem7/odom,39.663,-75.756,-1.801280152,0.000763998,-0.000063596,0.000656751,0.000390347,-0.000063596,,,
1786043796096040028,1786043796.095396625,/novatel/oem7/odom,/novatel/oem7/fix,/novatel/oem7/odom,39.663,-75.756,-1.801280152,0.000763998,-0.000063596,0.000656751,0.000390347,-0.000063596,,,
1786043796106198984,1786043796.105723989,/novatel/oem7/inspva,/novatel/oem7/inspva,/novatel/oem7/inspva,39.663,-75.756,-1.801270115,0.000599480,-0.000076525,0.000359492,0.000479731,-0.000076525,,novatel_oem7_msgs.msg.InertialSolutionStatus(status=3),
1786043796107542280,1786043796.105859586,/novatel/oem7/fix,/novatel/oem7/fix,/novatel/oem7/inspva,39.663,-75.756,-1.801270115,0.000599480,-0.000076525,0.000359492,0.000479731,-0.000076525,,0,
1786043796108565068,1786043796.106316321,/novatel/oem7/odom,/novatel/oem7/fix,/novatel/oem7/odom,39.663,-75.756,-1.801270115,0.000599823,-0.000073790,0.000496852,0.000336045,-0.000073790,,,
1786043796110383652,1786043796.109563394,/novatel/oem7/bestpos,/novatel/oem7/bestpos,/novatel/oem7/odom,39.663,-75.756,33.181152056,0.000599823,-0.000073790,0.000496852,0.000336045,-0.000073790,,novatel_oem7_msgs.msg.SolutionStatus(status=0),novatel_oem7_msgs.msg.PositionOrVelocityType(type=53)
1786043796111734386,1786043796.110190550,/novatel/oem7/bestvel,/novatel/oem7/bestpos,/novatel/oem7/bestvel,39.663,-75.756,33.181152056,0.000633485,-0.000086962,,,,60.085346832,novatel_oem7_msgs.msg.SolutionStatus(status=0),novatel_oem7_msgs.msg.PositionOrVelocityType(type=53)
1786043796115127334,1786043796.114403526,/novatel/oem7/odom,/novatel/oem7/bestpos,/novatel/oem7/odom,39.663,-75.756,33.181152056,0.000599823,-0.000073790,0.000496852,0.000336045,-0.000073790,,,
1786043796127003620,1786043796.126523319,/novatel/oem7/inspva,/novatel/oem7/inspva,/novatel/oem7/inspva,39.663,-75.756,-1.801260010,0.000381378,0.000261179,0.000152021,0.000349770,0.000261179,,novatel_oem7_msgs.msg.InertialSolutionStatus(status=3),
1786043796128297920,1786043796.126661580,/novatel/oem7/fix,/novatel/oem7/fix,/novatel/oem7/inspva,39.663,-75.756,-1.801260010,0.000381378,0.000261179,0.000152021,0.000349770,0.000261179,,0,
1786043796129313203,1786043796.127132601,/novatel/oem7/odom,/novatel/oem7/fix,/novatel/oem7/odom,39.663,-75.756,-1.801260010,0.000380216,0.000262868,0.000355732,0.000134236,0.000262868,,,
1786043796135208112,1786043796.134535522,/novatel/oem7/odom,/novatel/oem7/fix,/novatel/oem7/odom,39.663,-75.756,-1.801260010,0.000380216,0.000262868,0.000355732,0.000134236,0.000262868,,,
1786043796145574577,1786043796.145072462,/novatel/oem7/inspva,/novatel/oem7/inspva,/novatel/oem7/inspva,39.663,-75.756,-1.801251742,0.000696765,0.000009249,0.000595551,0.000361663,0.000009249,,novatel_oem7_msgs.msg.InertialSolutionStatus(status=3),
1786043796146830303,1786043796.145205407,/novatel/oem7/fix,/novatel/oem7/fix,/novatel/oem7/inspva,39.663,-75.756,-1.801251742,0.000696765,0.000009249,0.000595551,0.000361663,0.000009249,,0,
1786043796147860894,1786043796.145647531,/novatel/oem7/odom,/novatel/oem7/fix,/novatel/oem7/odom,39.663,-75.756,-1.801251742,0.000696720,0.000012206,0.000390030,0.000577317,0.000012206,,,
1786043796156786993,1786043796.156119787,/novatel/oem7/odom,/novatel/oem7/fix,/novatel/oem7/odom,39.663,-75.756,-1.801251742,0.000696720,0.000012206,0.000390030,0.000577317,0.000012206,,,
1786043796165694496,1786043796.165201531,/novatel/oem7/inspva,/novatel/oem7/inspva,/novatel/oem7/inspva,39.663,-75.756,-1.801240268,0.000291828,0.000329128,0.000287241,-0.000051539,0.000329128,,novatel_oem7_msgs.msg.InertialSolutionStatus(status=3),
1786043796166961732,1786043796.165339150,/novatel/oem7/fix,/novatel/oem7/fix,/novatel/oem7/inspva,39.663,-75.756,-1.801240268,0.000291828,0.000329128,0.000287241,-0.000051539,0.000329128,,0,
1786043796167968536,1786043796.166004396,/novatel/oem7/odom,/novatel/oem7/fix,/novatel/oem7/odom,39.663,-75.756,-1.801240268,0.000291149,0.000329729,-0.000038812,0.000288550,0.000329729,,,
1786043796175444378,1786043796.174801368,/novatel/oem7/odom,/novatel/oem7/fix,/novatel/oem7/odom,39.663,-75.756,-1.801240268,0.000291149,0.000329729,-0.000038812,0.000288550,0.000329729,,,
1786043796186479116,1786043796.185961634,/novatel/oem7/inspva,/novatel/oem7/inspva,/novatel/oem7/inspva,39.663,-75.756,-1.801233152,0.000614945,0.000148365,0.000550797,0.000273458,0.000148365,,novatel_oem7_msgs.msg.InertialSolutionStatus(status=3),
1786043796187753926,1786043796.186094325,/novatel/oem7/fix,/novatel/oem7/fix,/novatel/oem7/inspva,39.663,-75.756,-1.801233152,0.000614945,0.000148365,0.000550797,0.000273458,0.000148365,,0,
1786043796188754439,1786043796.186503543,/novatel/oem7/odom,/novatel/oem7/fix,/novatel/oem7/odom,39.663,-75.756,-1.801233152,0.000614334,0.000150873,0.000299237,0.000536529,0.000150873,,,
1786043796194886444,1786043796.194291548,/novatel/oem7/odom,/novatel/oem7/fix,/novatel/oem7/odom,39.663,-75.756,-1.801233152,0.000614334,0.000150873,0.000299237,0.000536529,0.000150873,,,
1786043796206819274,1786043796.206336669,/novatel/oem7/inspva,/novatel/oem7/inspva,/novatel/oem7/inspva,39.663,-75.756,-1.801227160,0.000219276,-0.000161922,-0.000019854,0.000218375,-0.000161922,,novatel_oem7_msgs.msg.InertialSolutionStatus(status=3),
1786043796208074704,1786043796.206477308,/novatel/oem7/fix,/novatel/oem7/fix,/novatel/oem7/inspva,39.663,-75.756,-1.801227160,0.000219276,-0.000161922,-0.000019854,0.000218375,-0.000161922,,0,
1786043796209070060,1786043796.206986800,/novatel/oem7/odom,/novatel/oem7/fix,/novatel/oem7/odom,39.663,-75.756,-1.801227160,0.000219820,-0.000161182,0.000217765,-0.000029985,-0.000161182,,,
1786043796210842345,1786043796.210282959,/novatel/oem7/bestpos,/novatel/oem7/bestpos,/novatel/oem7/odom,39.663,-75.756,33.181193746,0.000219820,-0.000161182,0.000217765,-0.000029985,-0.000161182,,novatel_oem7_msgs.msg.SolutionStatus(status=0),novatel_oem7_msgs.msg.PositionOrVelocityType(type=53)
1786043796212376304,1786043796.210757161,/novatel/oem7/bestvel,/novatel/oem7/bestpos,/novatel/oem7/bestvel,39.663,-75.756,33.181193746,0.000322506,-0.000299821,,,,24.252978053,novatel_oem7_msgs.msg.SolutionStatus(status=0),novatel_oem7_msgs.msg.PositionOrVelocityType(type=53)
1786043796215765824,1786043796.215112561,/novatel/oem7/odom,/novatel/oem7/bestpos,/novatel/oem7/odom,39.663,-75.756,33.181193746,0.000219820,-0.000161182,0.000217765,-0.000029985,-0.000161182,,,
1786043796225417212,1786043796.224932937,/novatel/oem7/inspva,/novatel/oem7/inspva,/novatel/oem7/inspva,39.663,-75.756,-1.801217911,0.000518222,-0.000101735,0.000484715,0.000183318,-0.000101735,,novatel_oem7_msgs.msg.InertialSolutionStatus(status=3),
1786043796226696961,1786043796.225069212,/novatel/oem7/fix,/novatel/oem7/fix,/novatel/oem7/inspva,39.663,-75.756,-1.801217911,0.000518222,-0.000101735,0.000484715,0.000183318,-0.000101735,,0,
1786043796227776499,1786043796.225504052,/novatel/oem7/odom,/novatel/oem7/fix,/novatel/oem7/odom,39.663,-75.756,-1.801217911,0.000518611,-0.000099729,0.000206948,0.000475532,-0.000099729,,,
1786043796235060959,1786043796.234342828,/novatel/oem7/odom,/novatel/oem7/fix,/novatel/oem7/odom,39.663,-75.756,-1.801217911,0.000518611,-0.000099729,0.000206948,0.000475532,-0.000099729,,,
1786043796246930992,1786043796.246453133,/novatel/oem7/inspva,/novatel/oem7/inspva,/novatel/oem7/inspva,39.663,-75.756,-1.801208721,0.000344024,0.000176108,-0.000056953,-0.000339277,0.000176108,,novatel_oem7_msgs.msg.InertialSolutionStatus(status=3),
1786043796248257189,1786043796.246583362,/novatel/oem7/fix,/novatel/oem7/fix,/novatel/oem7/inspva,39.663,-75.756,-1.801208721,0.000344024,0.000176108,-0.000056953,-0.000339277,0.000176108,,0,
1786043796249260902,1786043796.247079367,/novatel/oem7/odom,/novatel/oem7/fix,/novatel/oem7/odom,39.663,-75.756,-1.801208721,0.000344735,0.000174711,-0.000342299,-0.000040913,0.000174711,,,
1786043796256939173,1786043796.256267186,/novatel/oem7/odom,/novatel/oem7/fix,/novatel/oem7/odom,39.663,-75.756,-1.801208721,0.000344735,0.000174711,-0.000342299,-0.000040913,0.000174711,,,
1786043796265738415,1786043796.265247967,/novatel/oem7/inspva,/novatel/oem7/inspva,/novatel/oem7/inspva,39.663,-75.756,-1.801200808,0.000544996,0.000024985,0.000542660,0.000050404,0.000024985,,novatel_oem7_msgs.msg.InertialSolutionStatus(status=3),
1786043796267017465,1786043796.265383878,/novatel/oem7/fix,/novatel/oem7/fix,/novatel/oem7/inspva,39.663,-75.756,-1.801200808,0.000544996,0.000024985,0.000542660,0.000050404,0.000024985,,0,
1786043796268096509,1786043796.265720228,/novatel/oem7/odom,/novatel/oem7/fix,/novatel/oem7/odom,39.663,-75.756,-1.801200808,0.000544916,0.000026667,0.000076516,0.000539517,0.000026667,,,
1786043796276213164,1786043796.275581717,/novatel/oem7/odom,/novatel/oem7/fix,/novatel/oem7/odom,39.663,-75.756,-1.801200808,0.000544916,0.000026667,0.000076516,0.000539517,0.000026667,,,
1786043796285863821,1786043796.285372463,/novatel/oem7/inspva,/novatel/oem7/inspva,/novatel/oem7/inspva,39.663,-75.756,-1.801195230,0.000296229,-0.000256067,0.000264851,-0.000132687,-0.000256067,,novatel_oem7_msgs.msg.InertialSolutionStatus(status=3),
1786043796287145991,1786043796.285516577,/novatel/oem7/fix,/novatel/oem7/fix,/novatel/oem7/inspva,39.663,-75.756,-1.801195230,0.000296229,-0.000256067,0.000264851,-0.000132687,-0.000256067,,0,
1786043796288220005,1786043796.286213204,/novatel/oem7/odom,/novatel/oem7/fix,/novatel/oem7/odom,39.663,-75.756,-1.801195230,0.000296446,-0.000255815,-0.000118746,0.000271625,-0.000255815,,,
1786043796295790305,1786043796.295131544,/novatel/oem7/odom,/novatel/oem7/fix,/novatel/oem7/odom,39.663,-75.756,-1.801195230,0.000296446,-0.000255815,-0.000118746,0.000271625,-0.000255815,,,
1786043796306598644,1786043796.306097605,/novatel/oem7/inspva,/novatel/oem7/inspva,/novatel/oem7/inspva,39.663,-75.756,-1.801187254,0.000759844,-0.000342774,0.000742027,-0.000163580,-0.000342774,,novatel_oem7_msgs.msg.InertialSolutionStatus(status=3),
1786043796307923510,1786043796.306255686,/novatel/oem7/fix,/novatel/oem7/fix,/novatel/oem7/inspva,39.663,-75.756,-1.801187254,0.000759844,-0.000342774,0.000742027,-0.000163580,-0.000342774,,0,
1786043796308926677,1786043796.306710228,/novatel/oem7/odom,/novatel/oem7/fix,/novatel/oem7/odom,39.663,-75.756,-1.801187254,0.000760497,-0.000341322,-0.000126176,0.000749957,-0.000341322,,,
1786043796310390475,1786043796.309235760,/novatel/oem7/bestpos,/novatel/oem7/bestpos,/novatel/oem7/odom,39.663,-75.756,33.181227095,0.000760497,-0.000341322,-0.000126176,0.000749957,-0.000341322,,novatel_oem7_msgs.msg.SolutionStatus(status=0),novatel_oem7_msgs.msg.PositionOrVelocityType(type=53)
1786043796311746839,1786043796.309993504,/novatel/oem7/bestvel,/novatel/oem7/bestpos,/novatel/oem7/bestvel,39.663,-75.756,33.181227095,0.000824266,-0.000499873,,,,3.516740016,novatel_oem7_msgs.msg.SolutionStatus(status=0),novatel_oem7_msgs.msg.PositionOrVelocityType(type=53)
1786043796315176420,1786043796.314486893,/novatel/oem7/odom,/novatel/oem7/bestpos,/novatel/oem7/odom,39.663,-75.756,33.181227095,0.000760497,-0.000341322,-0.000126176,0.000749957,-0.000341322,,,
1786043796325793550,1786043796.325298768,/novatel/oem7/inspva,/novatel/oem7/inspva,/novatel/oem7/inspva,39.663,-75.756,-1.801178776,0.000384970,0.000068542,0.000379923,0.000062130,0.000068542,,novatel_oem7_msgs.msg.InertialSolutionStatus(status=3),
1786043796327061793,1786043796.325475067,/novatel/oem7/fix,/novatel/oem7/fix,/novatel/oem7/inspva,39.663,-75.756,-1.801178776,0.000384970,0.000068542,0.000379923,0.000062130,0.000068542,,0,
1786043796328115484,1786043796.326158327,/novatel/oem7/odom,/novatel/oem7/fix,/novatel/oem7/odom,39.663,-75.756,-1.801178776,0.000384742,0.000069810,0.000080187,0.000376293,0.000069810,,,
1786043796336291976,1786043796.335656759,/novatel/oem7/odom,/novatel/oem7/fix,/novatel/oem7/odom,39.663,-75.756,-1.801178776,0.000384742,0.000069810,0.000080187,0.000376293,0.000069810,,,
1786043796345621437,1786043796.345124308,/novatel/oem7/inspva,/novatel/oem7/inspva,/novatel/oem7/inspva,39.663,-75.756,-1.801172500,0.000443957,-0.000123852,0.000437237,-0.000076952,-0.000123852,,novatel_oem7_msgs.msg.InertialSolutionStatus(status=3),
1786043796347242049,1786043796.345280117,/novatel/oem7/fix,/novatel/oem7/fix,/novatel/oem7/inspva,39.663,-75.756,-1.801172500,0.000443957,-0.000123852,0.000437237,-0.000076952,-0.000123852,,0,
1786043796348548269,1786043796.345736868,/novatel/oem7/odom,/novatel/oem7/fix,/novatel/oem7/odom,39.663,-75.756,-1.801172500,0.000444213,-0.000122927,-0.000055235,0.000440766,-0.000122927,,,
1786043796356255497,1786043796.355632394,/novatel/oem7/odom,/novatel/oem7/fix,/novatel/oem7/odom,39.663,-75.756,-1.801172500,0.000444213,-0.000122927,-0.000055235,0.000440766,-0.000122927,,,
1786043796367591161,1786043796.367032319,/novatel/oem7/inspva,/novatel/oem7/inspva,/novatel/oem7/inspva,39.663,-75.756,-1.801167425,0.000264066,-0.000288368,0.000232413,0.000125359,-0.000288368,,novatel_oem7_msgs.msg.InertialSolutionStatus(status=3),
1786043796368863927,1786043796.367195644,/novatel/oem7/fix,/novatel/oem7/fix,/novatel/oem7/inspva,39.663,-75.756,-1.801167425,0.000264066,-0.000288368,0.000232413,0.000125359,-0.000288368,,0,
1786043796369976252,1786043796.367586988,/novatel/oem7/odom,/novatel/oem7/fix,/novatel/oem7/odom,39.663,-75.756,-1.801167425,0.000265262,-0.000287269,0.000137548,0.000226814,-0.000287269,,,
1786043796375479938,1786043796.374671596,/novatel/oem7/odom,/novatel/oem7/fix,/novatel/oem7/odom,39.663,-75.756,-1.801167425,0.000265262,-0.000287269,0.000137548,0.000226814,-0.000287269,,,
1786043796385623036,1786043796.385118651,/novatel/oem7/inspva,/novatel/oem7/inspva,/novatel/oem7/inspva,39.663,-75.756,-1.801156341,0.000324862,0.000071714,0.000324003,-0.000023602,0.000071714,,novatel_oem7_msgs.msg.InertialSolutionStatus(status=3),
1786043796386896589,1786043796.385284137,/novatel/oem7/fix,/novatel/oem7/fix,/novatel/oem7/inspva,39.663,-75.756,-1.801156341,0.000324862,0.000071714,0.000324003,-0.000023602,0.000071714,,0,
1786043796387971550,1786043796.385655250,/novatel/oem7/odom,/novatel/oem7/fix,/novatel/oem7/odom,39.663,-75.756,-1.801156341,0.000324682,0.000072521,-0.000008164,0.000324580,0.000072521,,,
1786043796396145872,1786043796.395519440,/novatel/oem7/odom,/novatel/oem7/fix,/novatel/oem7/odom,39.663,-75.756,-1.801156341,0.000324682,0.000072521,-0.000008164,0.000324580,0.000072521,,,
1786043796406944568,1786043796.406457690,/novatel/oem7/inspva,/novatel/oem7/inspva,/novatel/oem7/inspva,39.663,-75.756,-1.801147872,0.000637041,-0.000122787,0.000605939,-0.000196618,-0.000122787,,novatel_oem7_msgs.msg.InertialSolutionStatus(status=3),
1786043796408349885,1786043796.406612442,/novatel/oem7/fix,/novatel/oem7/fix,/novatel/oem7/inspva,39.663,-75.756,-1.801147872,0.000637041,-0.000122787,0.000605939,-0.000196618,-0.000122787,,0,
1786043796409359452,1786043796.407382692,/novatel/oem7/odom,/novatel/oem7/fix,/novatel/oem7/odom,39.663,-75.756,-1.801147872,0.000637223,-0.000121838,-0.000166590,0.000615062,-0.000121838,,,
1786043796410834937,1786043796.410048416,/novatel/oem7/bestpos,/novatel/oem7/bestpos,/novatel/oem7/odom,39.663,-75.756,33.181266657,0.000637223,-0.000121838,-0.000166590,0.000615062,-0.000121838,,novatel_oem7_msgs.msg.SolutionStatus(status=0),novatel_oem7_msgs.msg.PositionOrVelocityType(type=53)
1786043796412207488,1786043796.410447640,/novatel/oem7/bestvel,/novatel/oem7/bestpos,/novatel/oem7/bestvel,39.663,-75.756,33.181266657,0.000603469,-0.000029524,,,,331.193188497,novatel_oem7_msgs.msg.SolutionStatus(status=0),novatel_oem7_msgs.msg.PositionOrVelocityType(type=53)
1786043796415269715,1786043796.414601102,/novatel/oem7/odom,/novatel/oem7/bestpos,/novatel/oem7/odom,39.663,-75.756,33.181266657,0.000637223,-0.000121838,-0.000166590,0.000615062,-0.000121838,,,
1786043796425898719,1786043796.425412864,/novatel/oem7/inspva,/novatel/oem7/inspva,/novatel/oem7/inspva,39.663,-75.756,-1.801134057,0.000541468,0.000005988,0.000529578,-0.000112852,0.000005988,,novatel_oem7_msgs.msg.InertialSolutionStatus(status=3),
1786043796427220149,1786043796.425585279,/novatel/oem7/fix,/novatel/oem7/fix,/novatel/oem7/inspva,39.663,-75.756,-1.801134057,0.000541468,0.000005988,0.000529578,-0.000112852,0.000005988,,0,
1786043796428252606,1786043796.426071814,/novatel/oem7/odom,/novatel/oem7/fix,/novatel/oem7/odom,39.663,-75.756,-1.801134057,0.000541456,0.000007035,-0.000087109,0.000534403,0.000007035,,,
1786043796435205203,1786043796.434535419,/novatel/oem7/odom,/novatel/oem7/fix,/novatel/oem7/odom,39.663,-75.756,-1.801134057,0.000541456,0.000007035,-0.000087109,0.000534403,0.000007035,,,
1786043796445703259,1786043796.445190780,/novatel/oem7/inspva,/novatel/oem7/inspva,/novatel/oem7/inspva,39.663,-75.756,-1.801121173,0.000664438,0.000276862,0.000659491,-0.000080924,0.000276862,,novatel_oem7_msgs.msg.InertialSolutionStatus(status=3),
1786043796446975632,1786043796.445360892,/novatel/oem7/fix,/novatel/oem7/fix,/novatel/oem7/inspva,39.663,-75.756,-1.801121173,0.000664438,0.000276862,0.000659491,-0.000080924,0.000276862,,0,
1786043796448063506,1786043796.445867663,/novatel/oem7/odom,/novatel/oem7/fix,/novatel/oem7/odom,39.663,-75.756,-1.801121173,0.000663806,0.000278374,-0.000049958,0.000661923,0.000278374,,,
1786043796456959049,1786043796.456296922,/novatel/oem7/odom,/novatel/oem7/fix,/novatel/oem7/odom,39.663,-75.756,-1.801121173,0.000663806,0.000278374,-0.000049958,0.000661923,0.000278374,,,
1786043796465543269,1786043796.465051754,/novatel/oem7/inspva,/novatel/oem7/inspva,/novatel/oem7/inspva,39.663,-75.756,-1.801107735,0.000341773,0.000305021,0.000341027,0.000022559,0.000305021,,novatel_oem7_msgs.msg.InertialSolutionStatus(status=3),
1786043796466808095,1786043796.465209182,/novatel/oem7/fix,/novatel/oem7/fix,/novatel/oem7/inspva,39.663,-75.756,-1.801107735,0.000341773,0.000305021,0.000341027,0.000022559,0.000305021,,0,
1786043796467888155,1786043796.465631740,/novatel/oem7/odom,/novatel/oem7/fix,/novatel/oem7/odom,39.663,-75.756,-1.801107735,0.000340859,0.000306042,0.000037883,0.000338747,0.000306042,,,
1786043796475055001,1786043796.474336677,/novatel/oem7/odom,/novatel/oem7/fix,/novatel/oem7/odom,39.663,-75.756,-1.801107735,0.000340859,0.000306042,0.000037883,0.000338747,0.000306042,,,
1786043796486971022,1786043796.486493060,/novatel/oem7/inspva,/novatel/oem7/inspva,/novatel/oem7/inspva,39.663,-75.756,-1.801096769,0.000758646,0.000011580,0.000750350,-0.000111883,0.000011580,,novatel_oem7_msgs.msg.InertialSolutionStatus(status=3),
1786043796488295965,1786043796.486656241,/novatel/oem7/fix,/novatel/oem7/fix,/novatel/oem7/inspva,39.663,-75.756,-1.801096769,0.000758646,0.000011580,0.000750350,-0.000111883,0.000011580,,0,
1786043796489302468,1786043796.487116376,/novatel/oem7/odom,/novatel/oem7/fix,/novatel/oem7/odom,39.663,-75.756,-1.801096769,0.000758619,0.000013233,-0.000075473,0.000754855,0.000013233,,,
1786043796495206721,1786043796.494514924,/novatel/oem7/odom,/novatel/oem7/fix,/novatel/oem7/odom,39.663,-75.756,-1.801096769,0.000758619,0.000013233,-0.000075473,0.000754855,0.000013233,,,
1786043796506409237,1786043796.505916106,/novatel/oem7/inspva,/novatel/oem7/inspva,/novatel/oem7/inspva,39.663,-75.756,-1.801083759,0.000496781,-0.000199043,0.000465426,-0.000173695,-0.000199043,,novatel_oem7_msgs.msg.InertialSolutionStatus(status=3),
1786043796507774961,1786043796.506083610,/novatel/oem7/fix,/novatel/oem7/fix,/novatel/oem7/inspva,39.663,-75.756,-1.801083759,0.000496781,-0.000199043,0.000465426,-0.000173695,-0.000199043,,0,
1786043796508786181,1786043796.506529475,/novatel/oem7/odom,/novatel/oem7/fix,/novatel/oem7/odom,39.663,-75.756,-1.801083759,0.000497040,-0.000198396,-0.000150207,0.000473800,-0.000198396,,,
1786043796511855172,1786043796.511311033,/novatel/oem7/bestpos,/novatel/oem7/bestpos,/novatel/oem7/odom,39.663,-75.756,33.181324405,0.000497040,-0.000198396,-0.000150207,0.000473800,-0.000198396,,novatel_oem7_msgs.msg.SolutionStatus(status=0),novatel_oem7_msgs.msg.PositionOrVelocityType(type=53)
1786043796513288683,1786043796.512201616,/novatel/oem7/bestvel,/novatel/oem7/bestpos,/novatel/oem7/bestvel,39.663,-75.756,33.181324405,0.000420985,-0.000062534,,,,319.351506323,novatel_oem7_msgs.msg.SolutionStatus(status=0),novatel_oem7_msgs.msg.PositionOrVelocityType(type=53)
1786043796516102601,1786043796.515474669,/novatel/oem7/odom,/novatel/oem7/bestpos,/novatel/oem7/odom,39.663,-75.756,33.181324405,0.000497040,-0.000198396,-0.000150207,0.000473800,-0.000198396,,,
1786043796525703915,1786043796.525213313,/novatel/oem7/inspva,/novatel/oem7/inspva,/novatel/oem7/inspva,39.663,-75.756,-1.801069402,0.001160896,0.000333972,0.001141572,-0.000210936,0.000333972,,novatel_oem7_msgs.msg.InertialSolutionStatus(status=3),
1786043796526966841,1786043796.525378259,/novatel/oem7/fix,/novatel/oem7/fix,/novatel/oem7/inspva,39.663,-75.756,-1.801069402,0.001160896,0.000333972,0.001141572,-0.000210936,0.000333972,,0,
1786043796528037742,1786043796.526077392,/novatel/oem7/odom,/novatel/oem7/fix,/novatel/oem7/odom,39.663,-75.756,-1.801069402,0.001160214,0.000336333,-0.000156693,0.001149585,0.000336333,,,
1786043796535468553,1786043796.534823907,/novatel/oem7/odom,/novatel/oem7/fix,/novatel/oem7/odom,39.663,-75.756,-1.801069402,0.001160214,0.000336333,-0.000156693,0.001149585,0.000336333,,,
1786043796546579368,1786043796.546058187,/novatel/oem7/inspva,/novatel/oem7/inspva,/novatel/oem7/inspva,39.663,-75.756,-1.801056943,0.000587086,0.000465449,0.000579128,-0.000096339,0.000465449,,novatel_oem7_msgs.msg.InertialSolutionStatus(status=3),
1786043796547926509,1786043796.546224159,/novatel/oem7/fix,/novatel/oem7/fix,/novatel/oem7/inspva,39.663,-75.756,-1.801056943,0.000587086,0.000465449,0.000579128,-0.000096339,0.000465449,,0,
1786043796548935709,1786043796.546643429,/novatel/oem7/odom,/novatel/oem7/fix,/novatel/oem7/odom,39.663,-75.756,-1.801056943,0.000586106,0.000466682,-0.000069954,0.000581917,0.000466682,,,
1786043796556448922,1786043796.555811525,/novatel/oem7/odom,/novatel/oem7/fix,/novatel/oem7/odom,39.663,-75.756,-1.801056943,0.000586106,0.000466682,-0.000069954,0.000581917,0.000466682,,,
1786043796565582454,1786043796.565091932,/novatel/oem7/inspva,/novatel/oem7/inspva,/novatel/oem7/inspva,39.663,-75.756,-1.801046817,0.000946613,0.000173845,0.000899983,0.000293438,0.000173845,,novatel_oem7_msgs.msg.InertialSolutionStatus(status=3),
1786043796566843976,1786043796.565249730,/novatel/oem7/fix,/novatel/oem7/fix,/novatel/oem7/inspva,39.663,-75.756,-1.801046817,0.000946613,0.000173845,0.000899983,0.000293438,0.000173845,,0,
1786043796567915997,1786043796.565761662,/novatel/oem7/odom,/novatel/oem7/fix,/novatel/oem7/odom,39.663,-75.756,-1.801046817,0.000945953,0.000177399,0.000336014,0.000884263,0.000177399,,,
1786043796576083360,1786043796.575449976,/novatel/oem7/odom,/novatel/oem7/fix,/novatel/oem7/odom,39.663,-75.756,-1.801046817,0.000945953,0.000177399,0.000336014,0.000884263,0.000177399,,,
1786043796585488304,1786043796.584995156,/novatel/oem7/inspva,/novatel/oem7/inspva,/novatel/oem7/inspva,39.663,-75.756,-1.801030498,0.000628261,0.000420919,0.000627986,-0.000018568,0.000420919,,novatel_oem7_msgs.msg.InertialSolutionStatus(status=3),
1786043796586761230,1786043796.585154814,/novatel/oem7/fix,/novatel/oem7/fix,/novatel/oem7/inspva,39.663,-75.756,-1.801030498,0.000628261,0.000420919,0.000627986,-0.000018568,0.000420919,,0,
1786043796587837334,1786043796.585603916,/novatel/oem7/odom,/novatel/oem7/fix,/novatel/oem7/odom,39.663,-75.756,-1.801030498,0.000627149,0.000422573,0.000010273,0.000627065,0.000422573,,,
1786043796595063741,1786043796.594358504,/novatel/oem7/odom,/novatel/oem7/fix,/novatel/oem7/odom,39.663,-75.756,-1.801030498,0.000627149,0.000422573,0.000010273,0.000627065,0.000422573,,,
1786043796606264450,1786043796.605769082,/novatel/oem7/inspva,/novatel/oem7/inspva,/novatel/oem7/inspva,39.663,-75.756,-1.801020565,0.000897557,0.000240580,0.000884782,0.000150895,0.000240580,,novatel_oem7_msgs.msg.InertialSolutionStatus(status=3),
1786043796607618248,1786043796.605931680,/novatel/oem7/fix,/novatel/oem7/fix,/novatel/oem7/inspva,39.663,-75.756,-1.801020565,0.000897557,0.000240580,0.000884782,0.000150895,0.000240580,,0,
1786043796608623828,1786043796.606744555,/novatel/oem7/odom,/novatel/oem7/fix,/novatel/oem7/odom,39.663,-75.756,-1.801020565,0.000896751,0.000243568,0.000192648,0.000875813,0.000243568,,,
1786043796610771092,1786043796.610223454,/novatel/oem7/bestpos,/novatel/oem7/bestpos,/novatel/oem7/odom,39.663,-75.756,33.181385909,0.000896751,0.000243568,0.000192648,0.000875813,0.000243568,,novatel_oem7_msgs.msg.SolutionStatus(status=0),novatel_oem7_msgs.msg.PositionOrVelocityType(type=53)
1786043796612109549,1786043796.610731195,/novatel/oem7/bestvel,/novatel/oem7/bestpos,/novatel/oem7/bestvel,39.663,-75.756,33.181385909,0.000843981,0.000210907,,,,23.044432952,novatel_oem7_msgs.msg.SolutionStatus(status=0),novatel_oem7_msgs.msg.PositionOrVelocityType(type=53)
1786043796615245188,1786043796.614563171,/novatel/oem7/odom,/novatel/oem7/bestpos,/novatel/oem7/odom,39.663,-75.756,33.181385909,0.000896751,0.000243568,0.000192648,0.000875813,0.000243568,,,
1786043796625338639,1786043796.624864961,/novatel/oem7/inspva,/novatel/oem7/inspva,/novatel/oem7/inspva,39.663,-75.756,-1.801004427,0.000668510,0.000256946,0.000667978,-0.000026657,0.000256946,,novatel_oem7_msgs.msg.InertialSolutionStatus(status=3),
1786043796626629989,1786043796.625022953,/novatel/oem7/fix,/novatel/oem7/fix,/novatel/oem7/inspva,39.663,-75.756,-1.801004427,0.000668510,0.000256946,0.000667978,-0.000026657,0.000256946,,0,
1786043796627687723,1786043796.625486184,/novatel/oem7/odom,/novatel/oem7/fix,/novatel/oem7/odom,39.663,-75.756,-1.801004427,0.000667842,0.000258677,0.000004750,0.000667825,0.000258677,,,
1786043796637623900,1786043796.636813848,/novatel/oem7/odom,/novatel/oem7/fix,/novatel/oem7/odom,39.663,-75.756,-1.801004427,0.000667842,0.000258677,0.000004750,0.000667825,0.000258677,,,
1786043796645853229,1786043796.645355224,/novatel/oem7/inspva,/novatel/oem7/inspva,/novatel/oem7/inspva,39.663,-75.756,-1.800984014,0.001136843,0.001034692,0.001134832,-0.000067584,0.001034692,,novatel_oem7_msgs.msg.InertialSolutionStatus(status=3),
1786043796647124199,1786043796.645514199,/novatel/oem7/fix,/novatel/oem7/fix,/novatel/oem7/inspva,39.663,-75.756,-1.800984014,0.001136843,0.001034692,0.001134832,-0.000067584,0.001034692,,0,
1786043796648123982,1786043796.646003361,/novatel/oem7/odom,/novatel/oem7/fix,/novatel/oem7/odom,39.663,-75.756,-1.800984014,0.001134235,0.001037551,-0.000016463,0.001134115,0.001037551,,,
1786043796657124133,1786043796.656494433,/novatel/oem7/odom,/novatel/oem7/fix,/novatel/oem7/odom,39.663,-75.756,-1.800984014,0.001134235,0.001037551,-0.000016463,0.001134115,0.001037551,,,
1786043796666784590,1786043796.666290149,/novatel/oem7/inspva,/novatel/oem7/inspva,/novatel/oem7/inspva,39.663,-75.756,-1.800968267,0.000806593,0.000847852,0.000806412,-0.000017066,0.000847852,,novatel_oem7_msgs.msg.InertialSolutionStatus(status=3),
1786043796668061790,1786043796.666474697,/novatel/oem7/fix,/novatel/oem7/fix,/novatel/oem7/inspva,39.663,-75.756,-1.800968267,0.000806593,0.000847852,0.000806412,-0.000017066,0.000847852,,0,
1786043796669063073,1786043796.666886258,/novatel/oem7/odom,/novatel/oem7/fix,/novatel/oem7/odom,39.663,-75.756,-1.800968267,0.000804333,0.000849996,0.000018808,0.000804113,0.000849996,,,
1786043796675093288,1786043796.674464417,/novatel/oem7/odom,/novatel/oem7/fix,/novatel/oem7/odom,39.663,-75.756,-1.800968267,0.000804333,0.000849996,0.000018808,0.000804113,0.000849996,,,
1786043796685578286,1786043796.685086105,/novatel/oem7/inspva,/novatel/oem7/inspva,/novatel/oem7/inspva,39.663,-75.756,-1.800952126,0.001205904,0.000783186,0.001196068,0.000153705,0.000783186,,novatel_oem7_msgs.msg.InertialSolutionStatus(status=3),
1786043796686838736,1786043796.685218586,/novatel/oem7/fix,/novatel/oem7/fix,/novatel/oem7/inspva,39.663,-75.756,-1.800952126,0.001205904,0.000783186,0.001196068,0.000153705,0.000783186,,0,
1786043796687836996,1786043796.685749405,/novatel/oem7/odom,/novatel/oem7/fix,/novatel/oem7/odom,39.663,-75.756,-1.800952126,0.001203404,0.000787022,0.000208487,0.001185206,0.000787022,,,
1786043796696074142,1786043796.695451833,/novatel/oem7/odom,/novatel/oem7/fix,/novatel/oem7/odom,39.663,-75.756,-1.800952126,0.001203404,0.000787022,0.000208487,0.001185206,0.000787022,,,
1786043796706282312,1786043796.705803357,/novatel/oem7/inspva,/novatel/oem7/inspva,/novatel/oem7/inspva,39.663,-75.756,-1.800935337,0.001040859,0.000600209,0.001034317,0.000116508,0.000600209,,novatel_oem7_msgs.msg.InertialSolutionStatus(status=3),
1786043796707565545,1786043796.705935595,/novatel/oem7/fix,/novatel/oem7/fix,/novatel/oem7/inspva,39.663,-75.756,-1.800935337,0.001040859,0.000600209,0.001034317,0.000116508,0.000600209,,0,
1786043796708573778,1786043796.706393839,/novatel/oem7/odom,/novatel/oem7/fix,/novatel/oem7/odom,39.663,-75.756,-1.800935337,0.001038967,0.000603478,0.000164195,0.001025910,0.000603478,,,
1786043796709947545,1786043796.709307922,/novatel/oem7/bestpos,/novatel/oem7/bestpos,/novatel/oem7/odom,39.663,-75.756,33.181473155,0.001038967,0.000603478,0.000164195,0.001025910,0.000603478,,novatel_oem7_msgs.msg.SolutionStatus(status=0),novatel_oem7_msgs.msg.PositionOrVelocityType(type=53)
1786043796711279615,1786043796.710035960,/novatel/oem7/bestvel,/novatel/oem7/bestpos,/novatel/oem7/bestvel,39.663,-75.756,33.181473155,0.001289898,0.000321425,,,,21.350699746,novatel_oem7_msgs.msg.SolutionStatus(status=0),novatel_oem7_msgs.msg.PositionOrVelocityType(type=53)
1786043796714931332,1786043796.714297913,/novatel/oem7/odom,/novatel/oem7/bestpos,/novatel/oem7/odom,39.663,-75.756,33.181473155,0.001038967,0.000603478,0.000164195,0.001025910,0.000603478,,,
1786043796727163365,1786043796.726692778,/novatel/oem7/inspva,/novatel/oem7/inspva,/novatel/oem7/inspva,39.663,-75.756,-1.800915522,0.001034121,0.000990399,0.001030293,0.000088897,0.000990399,,novatel_oem7_msgs.msg.InertialSolutionStatus(status=3),
1786043796728443052,1786043796.726828109,/novatel/oem7/fix,/novatel/oem7/fix,/novatel/oem7/inspva,39.663,-75.756,-1.800915522,0.001034121,0.000990399,0.001030293,0.000088897,0.000990399,,0,
1786043796729445575,1786043796.727375305,/novatel/oem7/odom,/novatel/oem7/fix,/novatel/oem7/odom,39.663,-75.756,-1.800915522,0.001031095,0.000993549,0.000134954,0.001022225,0.000993549,,,
1786043796735793769,1786043796.735145259,/novatel/oem7/odom,/novatel/oem7/fix,/novatel/oem7/odom,39.663,-75.756,-1.800915522,0.001031095,0.000993549,0.000134954,0.001022225,0.000993549,,,
1786043796745654845,1786043796.745153317,/novatel/oem7/inspva,/novatel/oem7/inspva,/novatel/oem7/inspva,39.663,-75.756,-1.800899215,0.000856601,0.000812058,0.000848858,0.000114912,0.000812058,,novatel_oem7_msgs.msg.InertialSolutionStatus(status=3),
1786043796746918545,1786043796.745351396,/novatel/oem7/fix,/novatel/oem7/fix,/novatel/oem7/inspva,39.663,-75.756,-1.800899215,0.000856601,0.000812058,0.000848858,0.000114912,0.000812058,,0,
1786043796747922655,1786043796.745715459,/novatel/oem7/odom,/novatel/oem7/fix,/novatel/oem7/odom,39.663,-75.756,-1.800899215,0.000853979,0.000814815,0.000152812,0.000840196,0.000814815,,,
1786043796756256432,1786043796.755618875,/novatel/oem7/odom,/novatel/oem7/fix,/novatel/oem7/odom,39.663,-75.756,-1.800899215,0.000853979,0.000814815,0.000152812,0.000840196,0.000814815,,,
1786043796765944036,1786043796.765463715,/novatel/oem7/inspva,/novatel/oem7/inspva,/novatel/oem7/inspva,39.663,-75.756,-1.800881828,0.001067875,0.000753401,0.001065616,-0.000069434,0.000753401,,novatel_oem7_msgs.msg.InertialSolutionStatus(status=3),
1786043796767198962,1786043796.765627586,/novatel/oem7/fix,/novatel/oem7/fix,/novatel/oem7/inspva,39.663,-75.756,-1.800881828,0.001067875,0.000753401,0.001065616,-0.000069434,0.000753401,,0,
1786043796768204529,1786043796.766517099,/novatel/oem7/odom,/novatel/oem7/fix,/novatel/oem7/odom,39.663,-75.756,-1.800881828,0.001065982,0.000756077,-0.000020595,0.001065783,0.000756077,,,
1786043796775288237,1786043796.774637574,/novatel/oem7/odom,/novatel/oem7/fix,/novatel/oem7/odom,39.663,-75.756,-1.800881828,0.001065982,0.000756077,-0.000020595,0.001065783,0.000756077,,,
1786043796786761213,1786043796.786261121,/novatel/oem7/inspva,/novatel/oem7/inspva,/novatel/oem7/inspva,39.663,-75.756,-1.800862293,0.001008269,0.000943721,0.001005147,0.000079283,0.000943721,,novatel_oem7_msgs.msg.InertialSolutionStatus(status=3),
1786043796788023356,1786043796.786448583,/novatel/oem7/fix,/novatel/oem7/fix,/novatel/oem7/inspva,39.663,-75.756,-1.800862293,0.001008269,0.000943721,0.001005147,0.000079283,0.000943721,,0,
1786043796789028612,1786043796.786937731,/novatel/oem7/odom,/novatel/oem7/fix,/novatel/oem7/odom,39.663,-75.756,-1.800862293,0.001005405,0.000946772,0.000124300,0.000997691,0.000946772,,,
1786043796795204238,1786043796.794570275,/novatel/oem7/odom,/novatel/oem7/fix,/novatel/oem7/odom,39.663,-75.756,-1.800862293,0.001005405,0.000946772,0.000124300,0.000997691,0.000946772,,,
1786043796806660937,1786043796.806164155,/novatel/oem7/inspva,/novatel/oem7/inspva,/novatel/oem7/inspva,39.663,-75.756,-1.800845720,0.000906534,0.000768554,0.000756474,0.000499550,0.000768554,,novatel_oem7_msgs.msg.InertialSolutionStatus(status=3),
1786043796807920726,1786043796.806335534,/novatel/oem7/fix,/novatel/oem7/fix,/novatel/oem7/inspva,39.663,-75.756,-1.800845720,0.000906534,0.000768554,0.000756474,0.000499550,0.000768554,,0,
1786043796808926696,1786043796.806928306,/novatel/oem7/odom,/novatel/oem7/fix,/novatel/oem7/odom,39.663,-75.756,-1.800845720,0.000903216,0.000772450,0.000532691,0.000729410,0.000772450,,,
1786043796810719735,1786043796.809943120,/novatel/oem7/bestpos,/novatel/oem7/bestpos,/novatel/oem7/odom,39.663,-75.756,33.181564820,0.000903216,0.000772450,0.000532691,0.000729410,0.000772450,,novatel_oem7_msgs.msg.SolutionStatus(status=0),novatel_oem7_msgs.msg.PositionOrVelocityType(type=53)
1786043796812056601,1786043796.810291493,/novatel/oem7/bestvel,/novatel/oem7/bestpos,/novatel/oem7/bestvel,39.663,-75.756,33.181564820,0.000773203,0.000870556,,,,33.711931719,novatel_oem7_msgs.msg.SolutionStatus(status=0),novatel_oem7_msgs.msg.PositionOrVelocityType(type=53)
1786043796816045111,1786043796.815451526,/novatel/oem7/odom,/novatel/oem7/bestpos,/novatel/oem7/odom,39.663,-75.756,33.181564820,0.000903216,0.000772450,0.000532691,0.000729410,0.000772450,,,
1786043796825847233,1786043796.825360618,/novatel/oem7/inspva,/novatel/oem7/inspva,/novatel/oem7/inspva,39.663,-75.756,-1.800822170,0.000966283,0.001073851,0.000963221,0.000076860,0.001073851,,novatel_oem7_msgs.msg.InertialSolutionStatus(status=3),
1786043796827559887,1786043796.825539530,/novatel/oem7/fix,/novatel/oem7/fix,/novatel/oem7/inspva,39.663,-75.756,-1.800822170,0.000966283,0.001073851,0.000963221,0.000076860,0.001073851,,0,
1786043796828560817,1786043796.825888734,/novatel/oem7/odom,/novatel/oem7/fix,/novatel/oem7/odom,39.663,-75.756,-1.800822170,0.000963038,0.001076762,0.000119382,0.000955610,0.001076762,,,
1786043796835118540,1786043796.834478096,/novatel/oem7/odom,/novatel/oem7/fix,/novatel/oem7/odom,39.663,-75.756,-1.800822170,0.000963038,0.001076762,0.000119382,0.000955610,0.001076762,,,
1786043796847278243,1786043796.846715504,/novatel/oem7/inspva,/novatel/oem7/inspva,/novatel/oem7/inspva,39.663,-75.756,-1.800799916,0.000604620,0.000990563,0.000533665,0.000284196,0.000990563,,novatel_oem7_msgs.msg.InertialSolutionStatus(status=3),
1786043796848624967,1786043796.846861925,/novatel/oem7/fix,/novatel/oem7/fix,/novatel/oem7/inspva,39.663,-75.756,-1.800799916,0.000604620,0.000990563,0.000533665,0.000284196,0.000990563,,0,
1786043796849626417,1786043796.847204865,/novatel/oem7/odom,/novatel/oem7/fix,/novatel/oem7/odom,39.663,-75.756,-1.800799916,0.000600525,0.000993051,0.000305982,0.000516726,0.000993051,,,
1786043796858299677,1786043796.856287214,/novatel/oem7/odom,/novatel/oem7/fix,/novatel/oem7/odom,39.663,-75.756,-1.800799916,0.000600525,0.000993051,0.000305982,0.000516726,0.000993051,,,
1786043796865840123,1786043796.865211874,/novatel/oem7/inspva,/novatel/oem7/inspva,/novatel/oem7/inspva,39.663,-75.756,-1.800773101,0.000893594,0.001232132,0.000879460,0.000158304,0.001232132,,novatel_oem7_msgs.msg.InertialSolutionStatus(status=3),
1786043796867119149,1786043796.865392396,/novatel/oem7/fix,/novatel/oem7/fix,/novatel/oem7/inspva,39.663,-75.756,-1.800773101,0.000893594,0.001232132,0.000879460,0.000158304,0.001232132,,0,
1786043796868140600,1786043796.865637287,/novatel/oem7/odom,/novatel/oem7/fix,/novatel/oem7/odom,39.663,-75.756,-1.800773101,0.000889462,0.001235119,0.000196070,0.000867582,0.001235119,,,
1786043796876198425,1786043796.875527871,/novatel/oem7/odom,/novatel/oem7/fix,/novatel/oem7/odom,39.663,-75.756,-1.800773101,0.000889462,0.001235119,0.000196070,0.000867582,0.001235119,,,
1786043796886071337,1786043796.885517301,/novatel/oem7/inspva,/novatel/oem7/inspva,/novatel/oem7/inspva,39.663,-75.756,-1.800750269,0.000896656,0.000993891,0.000875269,0.000194671,0.000993891,,novatel_oem7_msgs.msg.InertialSolutionStatus(status=3),
1786043796887525639,1786043796.885664493,/novatel/oem7/fix,/novatel/oem7/fix,/novatel/oem7/inspva,39.663,-75.756,-1.800750269,0.000896656,0.000993891,0.000875269,0.000194671,0.000993891,,0,
1786043796888606806,1786043796.886445181,/novatel/oem7/odom,/novatel/oem7/fix,/novatel/oem7/odom,39.663,-75.756,-1.800750269,0.000893197,0.000997001,0.000233078,0.000862250,0.000997001,,,
1786043796895336364,1786043796.894693697,/novatel/oem7/odom,/novatel/oem7/fix,/novatel/oem7/odom,39.663,-75.756,-1.800750269,0.000893197,0.000997001,0.000233078,0.000862250,0.000997001,,,
1786043796906407102,1786043796.905825576,/novatel/oem7/inspva,/novatel/oem7/inspva,/novatel/oem7/inspva,39.663,-75.756,-1.800724754,0.001161022,0.000982774,0.001159282,-0.000063537,0.000982774,,novatel_oem7_msgs.msg.InertialSolutionStatus(status=3),
1786043796907752879,1786043796.906012178,/novatel/oem7/fix,/novatel/oem7/fix,/novatel/oem7/inspva,39.663,-75.756,-1.800724754,0.001161022,0.000982774,0.001159282,-0.000063537,0.000982774,,0,
1786043796908796209,1786043796.906412075,/novatel/oem7/odom,/novatel/oem7/fix,/novatel/oem7/odom,39.663,-75.756,-1.800724754,0.001158523,0.000985718,-0.000011042,0.001158470,0.000985718,,,
1786043796910295288,1786043796.909040469,/novatel/oem7/bestpos,/novatel/oem7/bestpos,/novatel/oem7/odom,39.663,-75.756,33.181685768,0.001158523,0.000985718,-0.000011042,0.001158470,0.000985718,,novatel_oem7_msgs.msg.SolutionStatus(status=0),novatel_oem7_msgs.msg.PositionOrVelocityType(type=53)
1786043796911206627,1786043796.909365322,/novatel/oem7/bestvel,/novatel/oem7/bestpos,/novatel/oem7/bestvel,39.663,-75.756,33.181685768,0.001067820,0.000873367,,,,16.352848434,novatel_oem7_msgs.msg.SolutionStatus(status=0),novatel_oem7_msgs.msg.PositionOrVelocityType(type=53)
1786043796915182614,1786043796.914494541,/novatel/oem7/odom,/novatel/oem7/bestpos,/novatel/oem7/odom,39.663,-75.756,33.181685768,0.001158523,0.000985718,-0.000011042,0.001158470,0.000985718,,,
1786043796925887705,1786043796.925276425,/novatel/oem7/inspva,/novatel/oem7/inspva,/novatel/oem7/inspva,39.663,-75.756,-1.800699444,0.000799267,0.001130510,0.000764869,0.000231955,0.001130510,,novatel_oem7_msgs.msg.InertialSolutionStatus(status=3),
1786043796927239052,1786043796.925473867,/novatel/oem7/fix,/novatel/oem7/fix,/novatel/oem7/inspva,39.663,-75.756,-1.800699444,0.000799267,0.001130510,0.000764869,0.000231955,0.001130510,,0,
1786043796928296966,1786043796.925923799,/novatel/oem7/odom,/novatel/oem7/fix,/novatel/oem7/odom,39.663,-75.756,-1.800699444,0.000795104,0.001133442,0.000264456,0.000749836,0.001133442,,,
1786043796936053161,1786043796.935353354,/novatel/oem7/odom,/novatel/oem7/fix,/novatel/oem7/odom,39.663,-75.756,-1.800699444,0.000795104,0.001133442,0.000264456,0.000749836,0.001133442,,,
1786043796946561880,1786043796.945948058,/novatel/oem7/inspva,/novatel/oem7/inspva,/novatel/oem7/inspva,39.663,-75.756,-1.800674425,0.001207208,0.001035348,0.001171304,0.000292233,0.001035348,,novatel_oem7_msgs.msg.InertialSolutionStatus(status=3),
1786043796947928487,1786043796.946122819,/novatel/oem7/fix,/novatel/oem7/fix,/novatel/oem7/inspva,39.663,-75.756,-1.800674425,0.001207208,0.001035348,0.001171304,0.000292233,0.001035348,,0,
1786043796949005638,1786043796.946547127,/novatel/oem7/odom,/novatel/oem7/fix,/novatel/oem7/odom,39.663,-75.756,-1.800674425,0.001203536,0.001039614,0.000344710,0.001153115,0.001039614,,,
1786043796956352832,1786043796.955631828,/novatel/oem7/odom,/novatel/oem7/fix,/novatel/oem7/odom,39.663,-75.756,-1.800674425,0.001203536,0.001039614,0.000344710,0.001153115,0.001039614,,,
1786043796966880522,1786043796.966267305,/novatel/oem7/inspva,/novatel/oem7/inspva,/novatel/oem7/inspva,39.663,-75.756,-1.800650276,0.000604075,0.001013320,0.000569199,0.000202283,0.001013320,,novatel_oem7_msgs.msg.InertialSolutionStatus(status=3),
1786043796968243305,1786043796.966448994,/novatel/oem7/fix,/novatel/oem7/fix,/novatel/oem7/inspva,39.663,-75.756,-1.800650276,0.000604075,0.001013320,0.000569199,0.000202283,0.001013320,,0,
1786043796969310956,1786043796.967148707,/novatel/oem7/odom,/novatel/oem7/fix,/novatel/oem7/odom,39.663,-75.756,-1.800650276,0.000600218,0.001015609,0.000225780,0.000556134,0.001015609,,,
1786043796975810605,1786043796.975095891,/novatel/oem7/odom,/novatel/oem7/fix,/novatel/oem7/odom,39.663,-75.756,-1.800650276,0.000600218,0.001015609,0.000225780,0.000556134,0.001015609,,,
1786043796985547130,1786043796.984928917,/novatel/oem7/inspva,/novatel/oem7/inspva,/novatel/oem7/inspva,39.663,-75.756,-1.800623916,0.000942639,0.000912778,0.000856783,0.000393054,0.000912778,,novatel_oem7_msgs.msg.InertialSolutionStatus(status=3),
1786043796986938034,1786043796.985098998,/novatel/oem7/fix,/novatel/oem7/fix,/novatel/oem7/inspva,39.663,-75.756,-1.800623916,0.000942639,0.000912778,0.000856783,0.000393054,0.000912778,,0,
1786043796987997061,1786043796.985480612,/novatel/oem7/odom,/novatel/oem7/fix,/novatel/oem7/odom,39.663,-75.756,-1.800623916,0.000938975,0.000916546,0.000430637,0.000834402,0.000916546,,,
1786043796996060266,1786043796.995367022,/novatel/oem7/odom,/novatel/oem7/fix,/novatel/oem7/odom,39.663,-75.756,-1.800623916,0.000938975,0.000916546,0.000430637,0.000834402,0.000916546,,,
1786043797008892835,1786043797.008311126,/novatel/oem7/inspva,/novatel/oem7/inspva,/novatel/oem7/inspva,39.663,-75.756,-1.800596748,0.001151290,0.001186338,0.001149744,0.000059642,0.001186338,,novatel_oem7_msgs.msg.InertialSolutionStatus(status=3),
1786043797010191511,1786043797.008474658,/novatel/oem7/fix,/novatel/oem7/fix,/novatel/oem7/inspva,39.663,-75.756,-1.800596748,0.001151290,0.001186338,0.001149744,0.000059642,0.001186338,,0,
1786043797012265116,1786043797.011599119,/novatel/oem7/odom,/novatel/oem7/fix,/novatel/oem7/odom,39.663,-75.756,-1.800596748,0.001147823,0.001189693,0.000110765,0.001142466,0.001189693,,,
1786043797015551679,1786043797.014874308,/novatel/oem7/odom,/novatel/oem7/fix,/novatel/oem7/odom,39.663,-75.756,-1.800596748,0.001147823,0.001189693,0.000110765,0.001142466,0.001189693,,,
1786043797027801689,1786043797.027084025,/novatel/oem7/bestpos,/novatel/oem7/bestpos,/novatel/oem7/odom,39.663,-75.756,33.181819347,0.001147823,0.001189693,0.000110765,0.001142466,0.001189693,,novatel_oem7_msgs.msg.SolutionStatus(status=0),novatel_oem7_msgs.msg.PositionOrVelocityType(type=53)
1786043797029565260,1786043797.027842683,/novatel/oem7/bestvel,/novatel/oem7/bestpos,/novatel/oem7/bestvel,39.663,-75.756,33.181819347,0.001184601,0.001172457,,,,2.343391320,novatel_oem7_msgs.msg.SolutionStatus(status=0),novatel_oem7_msgs.msg.PositionOrVelocityType(type=53)
1786043797030462356,1786043797.028310284,/novatel/oem7/inspva,/novatel/oem7/inspva,/novatel/oem7/inspva,39.663,-75.756,-1.800572963,0.001393109,0.000912995,0.001384542,0.000154255,0.000912995,,novatel_oem7_msgs.msg.InertialSolutionStatus(status=3),
1786043797031255987,1786043797.028459355,/novatel/oem7/fix,/novatel/oem7/fix,/novatel/oem7/inspva,39.663,-75.756,-1.800572963,0.001393109,0.000912995,0.001384542,0.000154255,0.000912995,,0,
1786043797032273994,1786043797.028948447,/novatel/oem7/odom,/novatel/oem7/fix,/novatel/oem7/odom,39.663,-75.756,-1.800572963,0.001390251,0.000917340,0.000217673,0.001373104,0.000917340,,,
1786043797036050482,1786043797.035293811,/novatel/oem7/odom,/novatel/oem7/fix,/novatel/oem7/odom,39.663,-75.756,-1.800572963,0.001390251,0.000917340,0.000217673,0.001373104,0.000917340,,,
1786043797045989342,1786043797.045332129,/novatel/oem7/inspva,/novatel/oem7/inspva,/novatel/oem7/inspva,39.663,-75.756,-1.800569974,0.001056723,0.001167845,0.001051883,0.000101023,0.001167845,,novatel_oem7_msgs.msg.InertialSolutionStatus(status=3),
1786043797047365853,1786043797.045486741,/novatel/oem7/fix,/novatel/oem7/fix,/novatel/oem7/inspva,39.663,-75.756,-1.800569974,0.001056723,0.001167845,0.001051883,0.000101023,0.001167845,,0,
1786043797048387923,1786043797.046084330,/novatel/oem7/odom,/novatel/oem7/fix,/novatel/oem7/odom,39.663,-75.756,-1.800569974,0.001053136,0.001171080,0.000147447,0.001042764,0.001171080,,,
1786043797057625593,1786043797.056697817,/novatel/oem7/odom,/novatel/oem7/fix,/novatel/oem7/odom,39.663,-75.756,-1.800569974,0.001053136,0.001171080,0.000147447,0.001042764,0.001171080,,,
1786043797066644034,1786043797.066054828,/novatel/oem7/inspva,/novatel/oem7/inspva,/novatel/oem7/inspva,39.663,-75.756,-1.800577875,0.001195450,0.001073081,0.001177555,0.000206072,0.001073081,,novatel_oem7_msgs.msg.InertialSolutionStatus(status=3),
1786043797068040638,1786043797.066252783,/novatel/oem7/fix,/novatel/oem7/fix,/novatel/oem7/inspva,39.663,-75.756,-1.800577875,0.001195450,0.001073081,0.001177555,0.000206072,0.001073081,,0,
1786043797069096389,1786043797.066777795,/novatel/oem7/odom,/novatel/oem7/fix,/novatel/oem7/odom,39.663,-75.756,-1.800577875,0.001191880,0.001077045,0.000258816,0.001163439,0.001077045,,,
1786043797075224391,1786043797.074558780,/novatel/oem7/odom,/novatel/oem7/fix,/novatel/oem7/odom,39.663,-75.756,-1.800577875,0.001191880,0.001077045,0.000258816,0.001163439,0.001077045,,,
1786043797085490540,1786043797.084998242,/novatel/oem7/inspva,/novatel/oem7/inspva,/novatel/oem7/inspva,39.663,-75.756,-1.800579303,0.000958444,0.001121520,0.000897090,0.000337411,0.001121520,,novatel_oem7_msgs.msg.InertialSolutionStatus(status=3),
1786043797086809164,1786043797.085083100,/novatel/oem7/fix,/novatel/oem7/fix,/novatel/oem7/inspva,39.663,-75.756,-1.800579303,0.000958444,0.001121520,0.000897090,0.000337411,0.001121520,,0,
1786043797087876231,1786043797.085456387,/novatel/oem7/odom,/novatel/oem7/fix,/novatel/oem7/odom,39.663,-75.756,-1.800579303,0.000954125,0.001125197,0.000376216,0.000876821,0.001125197,,,
1786043797096266656,1786043797.095607389,/novatel/oem7/odom,/novatel/oem7/fix,/novatel/oem7/odom,39.663,-75.756,-1.800579303,0.000954125,0.001125197,0.000376216,0.000876821,0.001125197,,,
1786043797106353241,1786043797.105827375,/novatel/oem7/inspva,/novatel/oem7/inspva,/novatel/oem7/inspva,39.663,-75.756,-1.800584401,0.001194777,0.001181008,0.001164599,0.000266836,0.001181008,,novatel_oem7_msgs.msg.InertialSolutionStatus(status=3),
1786043797107716144,1786043797.105992064,/novatel/oem7/fix,/novatel/oem7/fix,/novatel/oem7/inspva,39.663,-75.756,-1.800584401,0.001194777,0.001181008,0.001164599,0.000266836,0.001181008,,0,
1786043797108783649,1786043797.106368559,/novatel/oem7/odom,/novatel/oem7/fix,/novatel/oem7/odom,39.663,-75.756,-1.800584401,0.001190654,0.001185165,0.000318436,0.001147282,0.001185165,,,
1786043797110345375,1786043797.109409011,/novatel/oem7/bestpos,/novatel/oem7/bestpos,/novatel/oem7/odom,39.663,-75.756,33.181837725,0.001190654,0.001185165,0.000318436,0.001147282,0.001185165,,novatel_oem7_msgs.msg.SolutionStatus(status=0),novatel_oem7_msgs.msg.PositionOrVelocityType(type=53)
1786043797111810506,1786043797.110076032,/novatel/oem7/bestvel,/novatel/oem7/bestpos,/novatel/oem7/bestvel,39.663,-75.756,33.181837725,0.001411527,0.000925774,,,,28.914798044,novatel_oem7_msgs.msg.SolutionStatus(status=0),novatel_oem7_msgs.msg.PositionOrVelocityType(type=53)
1786043797115085909,1786043797.114431876,/novatel/oem7/odom,/novatel/oem7/bestpos,/novatel/oem7/odom,39.663,-75.756,33.181837725,0.001190654,0.001185165,0.000318436,0.001147282,0.001185165,,,
1786043797126986639,1786043797.126463347,/novatel/oem7/inspva,/novatel/oem7/inspva,/novatel/oem7/inspva,39.663,-75.756,-1.800587021,0.000989807,0.000911928,0.000989777,-0.000007661,0.000911928,,novatel_oem7_msgs.msg.InertialSolutionStatus(status=3),
1786043797128321849,1786043797.126619435,/novatel/oem7/fix,/novatel/oem7/fix,/novatel/oem7/inspva,39.663,-75.756,-1.800587021,0.000989807,0.000911928,0.000989777,-0.000007661,0.000911928,,0,
1786043797129389110,1786043797.126968350,/novatel/oem7/odom,/novatel/oem7/fix,/novatel/oem7/odom,39.663,-75.756,-1.800587021,0.000987337,0.000914602,0.000036819,0.000986650,0.000914602,,,
1786043797135733731,1786043797.135073760,/novatel/oem7/odom,/novatel/oem7/fix,/novatel/oem7/odom,39.663,-75.756,-1.800587021,0.000987337,0.000914602,0.000036819,0.000986650,0.000914602,,,
1786043797145504592,1786043797.144973907,/novatel/oem7/inspva,/novatel/oem7/inspva,/novatel/oem7/inspva,39.663,-75.756,-1.800589339,0.001071449,0.001120471,0.001066262,0.000105295,0.001120471,,novatel_oem7_msgs.msg.InertialSolutionStatus(status=3),
1786043797146852819,1786043797.145122678,/novatel/oem7/fix,/novatel/oem7/fix,/novatel/oem7/inspva,39.663,-75.756,-1.800589339,0.001071449,0.001120471,0.001066262,0.000105295,0.001120471,,0,
1786043797147941164,1786043797.145413312,/novatel/oem7/odom,/novatel/oem7/fix,/novatel/oem7/odom,39.663,-75.756,-1.800589339,0.001067991,0.001123767,0.000152566,0.001057037,0.001123767,,,
1786043797157474870,1786043797.156712837,/novatel/oem7/odom,/novatel/oem7/fix,/novatel/oem7/odom,39.663,-75.756,-1.800589339,0.001067991,0.001123767,0.000152566,0.001057037,0.001123767,,,
1786043797165782143,1786043797.165241451,/novatel/oem7/inspva,/novatel/oem7/inspva,/novatel/oem7/inspva,39.663,-75.756,-1.800589468,0.000959944,0.001297715,0.000944062,0.000173894,0.001297715,,novatel_oem7_msgs.msg.InertialSolutionStatus(status=3),
1786043797167114570,1786043797.165490827,/novatel/oem7/fix,/novatel/oem7/fix,/novatel/oem7/inspva,39.663,-75.756,-1.800589468,0.000959944,0.001297715,0.000944062,0.000173894,0.001297715,,0,
1786043797168183714,1786043797.165932487,/novatel/oem7/odom,/novatel/oem7/fix,/novatel/oem7/odom,39.663,-75.756,-1.800589468,0.000955559,0.001300947,0.000214475,0.000931179,0.001300947,,,
1786043797175607122,1786043797.174918405,/novatel/oem7/odom,/novatel/oem7/fix,/novatel/oem7/odom,39.663,-75.756,-1.800589468,0.000955559,0.001300947,0.000214475,0.000931179,0.001300947,,,
1786043797185966337,1786043797.185464248,/novatel/oem7/inspva,/novatel/oem7/inspva,/novatel/oem7/inspva,39.663,-75.756,-1.800593729,0.000839632,0.001070503,0.000839539,0.000012494,0.001070503,,novatel_oem7_msgs.msg.InertialSolutionStatus(status=3),
1786043797187286730,1786043797.185622317,/novatel/oem7/fix,/novatel/oem7/fix,/novatel/oem7/inspva,39.663,-75.756,-1.800593729,0.000839632,0.001070503,0.000839539,0.000012494,0.001070503,,0,
1786043797188325784,1786043797.186065518,/novatel/oem7/odom,/novatel/oem7/fix,/novatel/oem7/odom,39.663,-75.756,-1.800593729,0.000836640,0.001072843,0.000049075,0.000835200,0.001072843,,,
1786043797195237980,1786043797.194528209,/novatel/oem7/odom,/novatel/oem7/fix,/novatel/oem7/odom,39.663,-75.756,-1.800593729,0.000836640,0.001072843,0.000049075,0.000835200,0.001072843,,,
1786043797206298578,1786043797.205788037,/novatel/oem7/inspva,/novatel/oem7/inspva,/novatel/oem7/inspva,39.663,-75.756,-1.800589771,0.000783507,0.001416089,0.000771453,-0.000136903,0.001416089,,novatel_oem7_msgs.msg.InertialSolutionStatus(status=3),
1786043797207643345,1786043797.205993425,/novatel/oem7/fix,/novatel/oem7/fix,/novatel/oem7/inspva,39.663,-75.756,-1.800589771,0.000783507,0.001416089,0.000771453,-0.000136903,0.001416089,,0,
1786043797208715246,1786043797.206776290,/novatel/oem7/odom,/novatel/oem7/fix,/novatel/oem7/odom,39.663,-75.756,-1.800589771,0.000780597,0.001417695,-0.000104743,0.000773538,0.001417695,,,
1786043797210862078,1786043797.210213961,/novatel/oem7/bestpos,/novatel/oem7/bestpos,/novatel/oem7/odom,39.663,-75.756,33.181829561,0.000780597,0.001417695,-0.000104743,0.000773538,0.001417695,,novatel_oem7_msgs.msg.SolutionStatus(status=0),novatel_oem7_msgs.msg.PositionOrVelocityType(type=53)
1786043797212285769,1786043797.210700052,/novatel/oem7/bestvel,/novatel/oem7/bestpos,/novatel/oem7/bestvel,39.663,-75.756,33.181829561,0.000877917,0.001462471,,,,340.642353736,novatel_oem7_msgs.msg.SolutionStatus(status=0),novatel_oem7_msgs.msg.PositionOrVelocityType(type=53)
1786043797216015060,1786043797.215326609,/novatel/oem7/odom,/novatel/oem7/bestpos,/novatel/oem7/odom,39.663,-75.756,33.181829561,0.000780597,0.001417695,-0.000104743,0.000773538,0.001417695,,,
1786043797225590650,1786043797.225063147,/novatel/oem7/inspva,/novatel/oem7/inspva,/novatel/oem7/inspva,39.663,-75.756,-1.800593671,0.000855656,0.001514652,0.000855566,0.000012388,0.001514652,,novatel_oem7_msgs.msg.InertialSolutionStatus(status=3),
1786043797226941653,1786043797.225253406,/novatel/oem7/fix,/novatel/oem7/fix,/novatel/oem7/inspva,39.663,-75.756,-1.800593671,0.000855656,0.001514652,0.000855566,0.000012388,0.001514652,,0,
1786043797228007837,1786043797.225620049,/novatel/oem7/odom,/novatel/oem7/fix,/novatel/oem7/odom,39.663,-75.756,-1.800593671,0.000851414,0.001517040,0.000048072,0.000850056,0.001517040,,,
1786043797235136133,1786043797.234506330,/novatel/oem7/odom,/novatel/oem7/fix,/novatel/oem7/odom,39.663,-75.756,-1.800593671,0.000851414,0.001517040,0.000048072,0.000850056,0.001517040,,,
1786043797247026636,1786043797.246512494,/novatel/oem7/inspva,/novatel/oem7/inspva,/novatel/oem7/inspva,39.663,-75.756,-1.800596152,0.000942931,0.000872871,0.000898060,-0.000287414,0.000872871,,novatel_oem7_msgs.msg.InertialSolutionStatus(status=3),
1786043797248364166,1786043797.246713856,/novatel/oem7/fix,/novatel/oem7/fix,/novatel/oem7/inspva,39.663,-75.756,-1.800596152,0.000942931,0.000872871,0.000898060,-0.000287414,0.000872871,,0,
1786043797249408110,1786043797.247254445,/novatel/oem7/odom,/novatel/oem7/fix,/novatel/oem7/odom,39.663,-75.756,-1.800596152,0.000941615,0.000874291,-0.000246889,0.000908672,0.000874291,,,
1786043797257079614,1786043797.256387400,/novatel/oem7/odom,/novatel/oem7/fix,/novatel/oem7/odom,39.663,-75.756,-1.800596152,0.000941615,0.000874291,-0.000246889,0.000908672,0.000874291,,,
1786043797265556686,1786043797.265042570,/novatel/oem7/inspva,/novatel/oem7/inspva,/novatel/oem7/inspva,39.663,-75.756,-1.800596629,0.000579744,0.001165887,0.000558881,-0.000154125,0.001165887,,novatel_oem7_msgs.msg.InertialSolutionStatus(status=3),
1786043797266898033,1786043797.265233162,/novatel/oem7/fix,/novatel/oem7/fix,/novatel/oem7/inspva,39.663,-75.756,-1.800596629,0.000579744,0.001165887,0.000558881,-0.000154125,0.001165887,,0,
1786043797267967287,1786043797.265493209,/novatel/oem7/odom,/novatel/oem7/fix,/novatel/oem7/odom,39.663,-75.756,-1.800596629,0.000577782,0.001166860,-0.000131279,0.000562670,0.001166860,,,
1786043797275305934,1786043797.274653341,/novatel/oem7/odom,/novatel/oem7/fix,/novatel/oem7/odom,39.663,-75.756,-1.800596629,0.000577782,0.001166860,-0.000131279,0.000562670,0.001166860,,,
1786043797285842787,1786043797.285331055,/novatel/oem7/inspva,/novatel/oem7/inspva,/novatel/oem7/inspva,39.663,-75.756,-1.800592755,0.001036436,0.001504119,0.001006850,-0.000245870,0.001504119,,novatel_oem7_msgs.msg.InertialSolutionStatus(status=3),
1786043797287166147,1786043797.285529061,/novatel/oem7/fix,/novatel/oem7/fix,/novatel/oem7/inspva,39.663,-75.756,-1.800592755,0.001036436,0.001504119,0.001006850,-0.000245870,0.001504119,,0,
1786043797288597268,1786043797.286029666,/novatel/oem7/odom,/novatel/oem7/fix,/novatel/oem7/odom,39.663,-75.756,-1.800592755,0.001033718,0.001505989,-0.000202536,0.001013682,0.001505989,,,
1786043797295813300,1786043797.295181429,/novatel/oem7/odom,/novatel/oem7/fix,/novatel/oem7/odom,39.663,-75.756,-1.800592755,0.001033718,0.001505989,-0.000202536,0.001013682,0.001505989,,,
1786043797306588629,1786043797.306067978,/novatel/oem7/inspva,/novatel/oem7/inspva,/novatel/oem7/inspva,39.663,-75.756,-1.800599094,0.001024275,0.001301041,0.001023067,-0.000049727,0.001301041,,novatel_oem7_msgs.msg.InertialSolutionStatus(status=3),
1786043797307885706,1786043797.306259576,/novatel/oem7/fix,/novatel/oem7/fix,/novatel/oem7/inspva,39.663,-75.756,-1.800599094,0.001024275,0.001301041,0.001023067,-0.000049727,0.001301041,,0,
1786043797308920023,1786043797.306718127,/novatel/oem7/odom,/novatel/oem7/fix,/novatel/oem7/odom,39.663,-75.756,-1.800599094,0.001020917,0.001303678,-0.000005062,0.001020904,0.001303678,,,
1786043797310398154,1786043797.309588343,/novatel/oem7/bestpos,/novatel/oem7/bestpos,/novatel/oem7/odom,39.663,-75.756,33.181807872,0.001020917,0.001303678,-0.000005062,0.001020904,0.001303678,,novatel_oem7_msgs.msg.SolutionStatus(status=0),novatel_oem7_msgs.msg.PositionOrVelocityType(type=53)
1786043797311814926,1786043797.310264960,/novatel/oem7/bestvel,/novatel/oem7/bestpos,/novatel/oem7/bestvel,39.663,-75.756,33.181807872,0.001460978,0.000972472,,,,3.870544643,novatel_oem7_msgs.msg.SolutionStatus(status=0),novatel_oem7_msgs.msg.PositionOrVelocityType(type=53)
1786043797315327034,1786043797.314659470,/novatel/oem7/odom,/novatel/oem7/bestpos,/novatel/oem7/odom,39.663,-75.756,33.181807872,0.001020917,0.001303678,-0.000005062,0.001020904,0.001303678,,,
1786043797325930528,1786043797.325397319,/novatel/oem7/inspva,/novatel/oem7/inspva,/novatel/oem7/inspva,39.663,-75.756,-1.800600590,0.000980579,0.000908904,0.000885991,-0.000420183,0.000908904,,novatel_oem7_msgs.msg.InertialSolutionStatus(status=3),
1786043797327238257,1786043797.325606058,/novatel/oem7/fix,/novatel/oem7/fix,/novatel/oem7/inspva,39.663,-75.756,-1.800600590,0.000980579,0.000908904,0.000885991,-0.000420183,0.000908904,,0,
1786043797328281545,1786043797.326278984,/novatel/oem7/odom,/novatel/oem7/fix,/novatel/oem7/odom,39.663,-75.756,-1.800600590,0.000979737,0.000909811,-0.000380232,0.000902944,0.000909811,,,
1786043797336269032,1786043797.335651788,/novatel/oem7/odom,/novatel/oem7/fix,/novatel/oem7/odom,39.663,-75.756,-1.800600590,0.000979737,0.000909811,-0.000380232,0.000902944,0.000909811,,,
1786043797345609372,1786043797.345091721,/novatel/oem7/inspva,/novatel/oem7/inspva,/novatel/oem7/inspva,39.663,-75.756,-1.800600740,0.000745622,0.001344921,0.000725673,-0.000171320,0.001344921,,novatel_oem7_msgs.msg.InertialSolutionStatus(status=3),
1786043797346952890,1786043797.345272516,/novatel/oem7/fix,/novatel/oem7/fix,/novatel/oem7/inspva,39.663,-75.756,-1.800600740,0.000745622,0.001344921,0.000725673,-0.000171320,0.001344921,,0,
1786043797347998423,1786043797.345623470,/novatel/oem7/odom,/novatel/oem7/fix,/novatel/oem7/odom,39.663,-75.756,-1.800600740,0.000743148,0.001346289,-0.000141065,0.000729637,0.001346289,,,
1786043797356228813,1786043797.355584034,/novatel/oem7/odom,/novatel/oem7/fix,/novatel/oem7/odom,39.663,-75.756,-1.800600740,0.000743148,0.001346289,-0.000141065,0.000729637,0.001346289,,,
1786043797367088269,1786043797.366583301,/novatel/oem7/inspva,/novatel/oem7/inspva,/novatel/oem7/inspva,39.663,-75.756,-1.800603154,0.000694805,0.000919570,0.000592047,-0.000363641,0.000919570,,novatel_oem7_msgs.msg.InertialSolutionStatus(status=3),
1786043797368435396,1786043797.366768683,/novatel/oem7/fix,/novatel/oem7/fix,/novatel/oem7/inspva,39.663,-75.756,-1.800603154,0.000694805,0.000919570,0.000592047,-0.000363641,0.000919570,,0,
1786043797369496303,1786043797.367540001,/novatel/oem7/odom,/novatel/oem7/fix,/novatel/oem7/odom,39.663,-75.756,-1.800603154,0.000694412,0.000919867,-0.000338034,0.000606582,0.000919867,,,
1786043797375786767,1786043797.375136400,/novatel/oem7/odom,/novatel/oem7/fix,/novatel/oem7/odom,39.663,-75.756,-1.800603154,0.000694412,0.000919867,-0.000338034,0.000606582,0.000919867,,,
1786043797385607529,1786043797.385075430,/novatel/oem7/inspva,/novatel/oem7/inspva,/novatel/oem7/inspva,39.663,-75.756,-1.800605418,0.000680363,0.000834393,0.000621051,-0.000277832,0.000834393,,novatel_oem7_msgs.msg.InertialSolutionStatus(status=3),
1786043797386908159,1786043797.385253866,/novatel/oem7/fix,/novatel/oem7/fix,/novatel/oem7/inspva,39.663,-75.756,-1.800605418,0.000680363,0.000834393,0.000621051,-0.000277832,0.000834393,,0,
1786043797387946003,1786043797.385514472,/novatel/oem7/odom,/novatel/oem7/fix,/novatel/oem7/odom,39.663,-75.756,-1.800605418,0.000679513,0.000835086,-0.000250587,0.000631620,0.000835086,,,
1786043797395236566,1786043797.394622147,/novatel/oem7/odom,/novatel/oem7/fix,/novatel/oem7/odom,39.663,-75.756,-1.800605418,0.000679513,0.000835086,-0.000250587,0.000631620,0.000835086,,,
1786043797406734142,1786043797.406212923,/novatel/oem7/inspva,/novatel/oem7/inspva,/novatel/oem7/inspva,39.663,-75.756,-1.800599463,0.000844067,0.001430923,0.000668842,-0.000514879,0.001430923,,novatel_oem7_msgs.msg.InertialSolutionStatus(status=3),
1786043797408045102,1786043797.406390955,/novatel/oem7/fix,/novatel/oem7/fix,/novatel/oem7/inspva,39.663,-75.756,-1.800599463,0.000844067,0.001430923,0.000668842,-0.000514879,0.001430923,,0,
1786043797409079849,1786043797.406913754,/novatel/oem7/odom,/novatel/oem7/fix,/novatel/oem7/odom,39.663,-75.756,-1.800599463,0.000844148,0.001430875,-0.000487317,0.000689281,0.001430875,,,
1786043797411008409,1786043797.410147210,/novatel/oem7/bestpos,/novatel/oem7/bestpos,/novatel/oem7/odom,39.663,-75.756,33.181803088,0.000844148,0.001430875,-0.000487317,0.000689281,0.001430875,,novatel_oem7_msgs.msg.SolutionStatus(status=0),novatel_oem7_msgs.msg.PositionOrVelocityType(type=53)
1786043797412408860,1786043797.410570121,/novatel/oem7/bestvel,/novatel/oem7/bestpos,/novatel/oem7/bestvel,39.663,-75.756,33.181803088,0.001037929,0.000947772,,,,0.410689854,novatel_oem7_msgs.msg.SolutionStatus(status=0),novatel_oem7_msgs.msg.PositionOrVelocityType(type=53)
1786043797415405476,1786043797.414784122,/novatel/oem7/odom,/novatel/oem7/bestpos,/novatel/oem7/odom,39.663,-75.756,33.181803088,0.000844148,0.001430875,-0.000487317,0.000689281,0.001430875,,,
1786043797426532952,1786043797.425979939,/novatel/oem7/inspva,/novatel/oem7/inspva,/novatel/oem7/inspva,39.663,-75.756,-1.800605688,0.000803621,0.001099998,0.000720559,-0.000355811,0.001099998,,novatel_oem7_msgs.msg.InertialSolutionStatus(status=3),
1786043797427867108,1786043797.426162778,/novatel/oem7/fix,/novatel/oem7/fix,/novatel/oem7/inspva,39.663,-75.756,-1.800605688,0.000803621,0.001099998,0.000720559,-0.000355811,0.001099998,,0,
1786043797428923419,1786043797.426504818,/novatel/oem7/odom,/novatel/oem7/fix,/novatel/oem7/odom,39.663,-75.756,-1.800605688,0.000802689,0.001100678,-0.000324670,0.000734098,0.001100678,,,
1786043797435009270,1786043797.434322894,/novatel/oem7/odom,/novatel/oem7/fix,/novatel/oem7/odom,39.663,-75.756,-1.800605688,0.000802689,0.001100678,-0.000324670,0.000734098,0.001100678,,,
1786043797445786659,1786043797.445234187,/novatel/oem7/inspva,/novatel/oem7/inspva,/novatel/oem7/inspva,39.663,-75.756,-1.800608756,0.000738744,0.000604772,0.000708744,-0.000208386,0.000604772,,novatel_oem7_msgs.msg.InertialSolutionStatus(status=3),
1786043797447147426,1786043797.445448319,/novatel/oem7/fix,/novatel/oem7/fix,/novatel/oem7/inspva,39.663,-75.756,-1.800608756,0.000738744,0.000604772,0.000708744,-0.000208386,0.000604772,,0,
1786043797448238891,1786043797.445724205,/novatel/oem7/odom,/novatel/oem7/fix,/novatel/oem7/odom,39.663,-75.756,-1.800608756,0.000737769,0.000605961,-0.000176112,0.000716440,0.000605961,,,
1786043797456989655,1786043797.456304935,/novatel/oem7/odom,/novatel/oem7/fix,/novatel/oem7/odom,39.663,-75.756,-1.800608756,0.000737769,0.000605961,-0.000176112,0.000716440,0.000605961,,,
1786043797465620746,1786043797.464970292,/novatel/oem7/inspva,/novatel/oem7/inspva,/novatel/oem7/inspva,39.663,-75.756,-1.800610687,0.000871409,0.000703461,0.000852479,-0.000180651,0.000703461,,novatel_oem7_msgs.msg.InertialSolutionStatus(status=3),
1786043797466997230,1786043797.465167511,/novatel/oem7/fix,/novatel/oem7/fix,/novatel/oem7/inspva,39.663,-75.756,-1.800610687,0.000871409,0.000703461,0.000852479,-0.000180651,0.000703461,,0,
1786043797468033753,1786043797.465891389,/novatel/oem7/odom,/novatel/oem7/fix,/novatel/oem7/odom,39.663,-75.756,-1.800610687,0.000870039,0.000705155,-0.000141818,0.000858403,0.000705155,,,
1786043797475067167,1786043797.474369664,/novatel/oem7/odom,/novatel/oem7/fix,/novatel/oem7/odom,39.663,-75.756,-1.800610687,0.000870039,0.000705155,-0.000141818,0.000858403,0.000705155,,,
1786043797486990458,1786043797.486485163,/novatel/oem7/inspva,/novatel/oem7/inspva,/novatel/oem7/inspva,39.663,-75.756,-1.800608715,0.001045938,0.001044479,0.000896289,-0.000539121,0.001044479,,novatel_oem7_msgs.msg.InertialSolutionStatus(status=3),
1786043797488288128,1786043797.486643928,/novatel/oem7/fix,/novatel/oem7/fix,/novatel/oem7/inspva,39.663,-75.756,-1.800608715,0.001045938,0.001044479,0.000896289,-0.000539121,0.001044479,,0,
1786043797489328665,1786043797.487000236,/novatel/oem7/odom,/novatel/oem7/fix,/novatel/oem7/odom,39.663,-75.756,-1.800608715,0.001045435,0.001044983,-0.000499040,0.000918636,0.001044983,,,
1786043797495193514,1786043797.494519544,/novatel/oem7/odom,/novatel/oem7/fix,/novatel/oem7/odom,39.663,-75.756,-1.800608715,0.001045435,0.001044983,-0.000499040,0.000918636,0.001044983,,,
1786043797507000176,1786043797.505894075,/novatel/oem7/inspva,/novatel/oem7/inspva,/novatel/oem7/inspva,39.663,-75.756,-1.800614451,0.000874384,0.000708756,0.000768438,-0.000417194,0.000708756,,novatel_oem7_msgs.msg.InertialSolutionStatus(status=3),
1786043797508824618,1786043797.506125267,/novatel/oem7/fix,/novatel/oem7/fix,/novatel/oem7/inspva,39.663,-75.756,-1.800614451,0.000874384,0.000708756,0.000768438,-0.000417194,0.000708756,,0,
1786043797510299813,1786043797.506523402,/novatel/oem7/odom,/novatel/oem7/fix,/novatel/oem7/odom,39.663,-75.756,-1.800614451,0.000873904,0.000709348,-0.000382170,0.000785910,0.000709348,,,
1786043797512842718,1786043797.511638580,/novatel/oem7/bestpos,/novatel/oem7/bestpos,/novatel/oem7/odom,39.663,-75.756,33.181802574,0.000873904,0.000709348,-0.000382170,0.000785910,0.000709348,,novatel_oem7_msgs.msg.SolutionStatus(status=0),novatel_oem7_msgs.msg.PositionOrVelocityType(type=53)
1786043797514743661,1786043797.512727341,/novatel/oem7/bestvel,/novatel/oem7/bestpos,/novatel/oem7/bestvel,39.663,-75.756,33.181802574,0.000947236,0.000768691,,,,325.053454264,novatel_oem7_msgs.msg.SolutionStatus(status=0),novatel_oem7_msgs.msg.PositionOrVelocityType(type=53)
1786043797516937199,1786043797.515476099,/novatel/oem7/odom,/novatel/oem7/bestpos,/novatel/oem7/odom,39.663,-75.756,33.181802574,0.000873904,0.000709348,-0.000382170,0.000785910,0.000709348,,,
1786043797526057915,1786043797.525190903,/novatel/oem7/inspva,/novatel/oem7/inspva,/novatel/oem7/inspva,39.663,-75.756,-1.800609187,0.001522553,0.001164824,0.001424129,-0.000538538,0.001164824,,novatel_oem7_msgs.msg.InertialSolutionStatus(status=3),
1786043797527564650,1786043797.525399485,/novatel/oem7/fix,/novatel/oem7/fix,/novatel/oem7/inspva,39.663,-75.756,-1.800609187,0.001522553,0.001164824,0.001424129,-0.000538538,0.001164824,,0,
1786043797528686665,1786043797.525970964,/novatel/oem7/odom,/novatel/oem7/fix,/novatel/oem7/odom,39.663,-75.756,-1.800609187,0.001521059,0.001166773,-0.000473342,0.001445534,0.001166773,,,
1786043797536031669,1786043797.534990062,/novatel/oem7/odom,/novatel/oem7/fix,/novatel/oem7/odom,39.663,-75.756,-1.800609187,0.001521059,0.001166773,-0.000473342,0.001445534,0.001166773,,,
1786043797547329066,1786043797.546135191,/novatel/oem7/inspva,/novatel/oem7/inspva,/novatel/oem7/inspva,39.663,-75.756,-1.800613048,0.001199519,0.000936383,0.001128357,-0.000407009,0.000936383,,novatel_oem7_msgs.msg.InertialSolutionStatus(status=3),
1786043797549244399,1786043797.546548022,/novatel/oem7/fix,/novatel/oem7/fix,/novatel/oem7/inspva,39.663,-75.756,-1.800613048,0.001199519,0.000936383,0.001128357,-0.000407009,0.000936383,,0,
1786043797550757000,1786043797.546947323,/novatel/oem7/odom,/novatel/oem7/fix,/novatel/oem7/odom,39.663,-75.756,-1.800613048,0.001198250,0.000938006,-0.000355431,0.001144321,0.000938006,,,
1786043797556851586,1786043797.555848303,/novatel/oem7/odom,/novatel/oem7/fix,/novatel/oem7/odom,39.663,-75.756,-1.800613048,0.001198250,0.000938006,-0.000355431,0.001144321,0.000938006,,,
1786043797566008244,1786043797.565270660,/novatel/oem7/inspva,/novatel/oem7/inspva,/novatel/oem7/inspva,39.663,-75.756,-1.800609639,0.001172821,0.000935941,0.001156568,-0.000194570,0.000935941,,novatel_oem7_msgs.msg.InertialSolutionStatus(status=3),
1786043797567506539,1786043797.565611007,/novatel/oem7/fix,/novatel/oem7/fix,/novatel/oem7/inspva,39.663,-75.756,-1.800609639,0.001172821,0.000935941,0.001156568,-0.000194570,0.000935941,,0,
1786043797568737852,1786043797.566156513,/novatel/oem7/odom,/novatel/oem7/fix,/novatel/oem7/odom,39.663,-75.756,-1.800609639,0.001170844,0.000938412,-0.000141875,0.001162217,0.000938412,,,
1786043797576480280,1786043797.575562348,/novatel/oem7/odom,/novatel/oem7/fix,/novatel/oem7/odom,39.663,-75.756,-1.800609639,0.001170844,0.000938412,-0.000141875,0.001162217,0.000938412,,,
1786043797585866888,1786043797.585107294,/novatel/oem7/inspva,/novatel/oem7/inspva,/novatel/oem7/inspva,39.663,-75.756,-1.800610548,0.001076528,0.000846115,0.001032113,-0.000306031,0.000846115,,novatel_oem7_msgs.msg.InertialSolutionStatus(status=3),
1786043797587648379,1786043797.585404613,/novatel/oem7/fix,/novatel/oem7/fix,/novatel/oem7/inspva,39.663,-75.756,-1.800610548,0.001076528,0.000846115,0.001032113,-0.000306031,0.000846115,,0,
1786043797589008573,1786043797.585717402,/novatel/oem7/odom,/novatel/oem7/fix,/novatel/oem7/odom,39.663,-75.756,-1.800610548,0.001075175,0.000847834,-0.000258891,0.001043540,0.000847834,,,
1786043797595135168,1786043797.594365213,/novatel/oem7/odom,/novatel/oem7/fix,/novatel/oem7/odom,39.663,-75.756,-1.800610548,0.001075175,0.000847834,-0.000258891,0.001043540,0.000847834,,,
1786043797607355298,1786043797.606479976,/novatel/oem7/inspva,/novatel/oem7/inspva,/novatel/oem7/inspva,39.663,-75.756,-1.800605303,0.001322396,0.001080801,0.001203905,-0.000547122,0.001080801,,novatel_oem7_msgs.msg.InertialSolutionStatus(status=3),
1786043797609064688,1786043797.606770292,/novatel/oem7/fix,/novatel/oem7/fix,/novatel/oem7/inspva,39.663,-75.756,-1.800605303,0.001322396,0.001080801,0.001203905,-0.000547122,0.001080801,,0,
1786043797610222504,1786043797.607212675,/novatel/oem7/odom,/novatel/oem7/fix,/novatel/oem7/odom,39.663,-75.756,-1.800605303,0.001321318,0.001082119,-0.000492276,0.001226191,0.001082119,,,
1786043797611779982,1786043797.610093835,/novatel/oem7/bestpos,/novatel/oem7/bestpos,/novatel/oem7/odom,39.663,-75.756,33.181811457,0.001321318,0.001082119,-0.000492276,0.001226191,0.001082119,,novatel_oem7_msgs.msg.SolutionStatus(status=0),novatel_oem7_msgs.msg.PositionOrVelocityType(type=53)
1786043797612746629,1786043797.610561200,/novatel/oem7/bestvel,/novatel/oem7/bestpos,/novatel/oem7/bestvel,39.663,-75.756,33.181811457,0.001252659,0.000934161,,,,347.024402590,novatel_oem7_msgs.msg.SolutionStatus(status=0),novatel_oem7_msgs.msg.PositionOrVelocityType(type=53)
1786043797615346258,1786043797.614647034,/novatel/oem7/odom,/novatel/oem7/bestpos,/novatel/oem7/odom,39.663,-75.756,33.181811457,0.001321318,0.001082119,-0.000492276,0.001226191,0.001082119,,,
1786043797625659792,1786043797.625089727,/novatel/oem7/inspva,/novatel/oem7/inspva,/novatel/oem7/inspva,39.663,-75.756,-1.800607386,0.001037765,0.000877853,0.000955066,-0.000405963,0.000877853,,novatel_oem7_msgs.msg.InertialSolutionStatus(status=3),
1786043797627028426,1786043797.625313309,/novatel/oem7/fix,/novatel/oem7/fix,/novatel/oem7/inspva,39.663,-75.756,-1.800607386,0.001037765,0.000877853,0.000955066,-0.000405963,0.000877853,,0,
1786043797628092287,1786043797.625595935,/novatel/oem7/odom,/novatel/oem7/fix,/novatel/oem7/odom,39.663,-75.756,-1.800607386,0.001036794,0.000878999,-0.000362571,0.000971332,0.000878999,,,
1786043797636763414,1786043797.635693019,/novatel/oem7/odom,/novatel/oem7/fix,/novatel/oem7/odom,39.663,-75.756,-1.800607386,0.001036794,0.000878999,-0.000362571,0.000971332,0.000878999,,,
1786043797646158602,1786043797.645440719,/novatel/oem7/inspva,/novatel/oem7/inspva,/novatel/oem7/inspva,39.663,-75.756,-1.800603213,0.001630919,0.001017710,0.001559975,-0.000475789,0.001017710,,novatel_oem7_msgs.msg.InertialSolutionStatus(status=3),
1786043797647988231,1786043797.645705971,/novatel/oem7/fix,/novatel/oem7/fix,/novatel/oem7/inspva,39.663,-75.756,-1.800603213,0.001630919,0.001017710,0.001559975,-0.000475789,0.001017710,,0,
1786043797649473126,1786043797.646294697,/novatel/oem7/odom,/novatel/oem7/fix,/novatel/oem7/odom,39.663,-75.756,-1.800603213,0.001629313,0.001020278,-0.000403548,0.001578547,0.001020278,,,
1786043797657320048,1786043797.656479256,/novatel/oem7/odom,/novatel/oem7/fix,/novatel/oem7/odom,39.663,-75.756,-1.800603213,0.001629313,0.001020278,-0.000403548,0.001578547,0.001020278,,,
1786043797667127863,1786043797.666326982,/novatel/oem7/inspva,/novatel/oem7/inspva,/novatel/oem7/inspva,39.663,-75.756,-1.800607515,0.001292617,0.000650374,0.001115338,-0.000653360,0.000650374,,novatel_oem7_msgs.msg.InertialSolutionStatus(status=3),
1786043797668909321,1786043797.666552385,/novatel/oem7/fix,/novatel/oem7/fix,/novatel/oem7/inspva,39.663,-75.756,-1.800607515,0.001292617,0.000650374,0.001115338,-0.000653360,0.000650374,,0,
1786043797670156711,1786043797.667007167,/novatel/oem7/odom,/novatel/oem7/fix,/novatel/oem7/odom,39.663,-75.756,-1.800607515,0.001292270,0.000651063,-0.000601052,0.001143983,0.000651063,,,
1786043797675712130,1786043797.674850475,/novatel/oem7/odom,/novatel/oem7/fix,/novatel/oem7/odom,39.663,-75.756,-1.800607515,0.001292270,0.000651063,-0.000601052,0.001143983,0.000651063,,,
1786043797686115782,1786043797.685385807,/novatel/oem7/inspva,/novatel/oem7/inspva,/novatel/oem7/inspva,39.663,-75.756,-1.800603863,0.001300136,0.000909301,0.001281488,-0.000219412,0.000909301,,novatel_oem7_msgs.msg.InertialSolutionStatus(status=3),
1786043797687848326,1786043797.685673284,/novatel/oem7/fix,/novatel/oem7/fix,/novatel/oem7/inspva,39.663,-75.756,-1.800603863,0.001300136,0.000909301,0.001281488,-0.000219412,0.000909301,,0,
1786043797689213713,1786043797.686234857,/novatel/oem7/odom,/novatel/oem7/fix,/novatel/oem7/odom,39.663,-75.756,-1.800603863,0.001298222,0.000912032,-0.000160533,0.001288258,0.000912032,,,
1786043797696385868,1786043797.695686525,/novatel/oem7/odom,/novatel/oem7/fix,/novatel/oem7/odom,39.663,-75.756,-1.800603863,0.001298222,0.000912032,-0.000160533,0.001288258,0.000912032,,,
1786043797706685209,1786043797.705834560,/novatel/oem7/inspva,/novatel/oem7/inspva,/novatel/oem7/inspva,39.663,-75.756,-1.800607099,0.001100100,0.000996329,0.000978595,-0.000502564,0.000996329,,novatel_oem7_msgs.msg.InertialSolutionStatus(status=3),
1786043797708276378,1786043797.706071973,/novatel/oem7/fix,/novatel/oem7/fix,/novatel/oem7/inspva,39.663,-75.756,-1.800607099,0.001100100,0.000996329,0.000978595,-0.000502564,0.000996329,,0,
1786043797709398827,1786043797.706448990,/novatel/oem7/odom,/novatel/oem7/fix,/novatel/oem7/odom,39.663,-75.756,-1.800607099,0.001099342,0.000997165,-0.000458371,0.000999224,0.000997165,,,
1786043797710929375,1786043797.709519971,/novatel/oem7/bestpos,/novatel/oem7/bestpos,/novatel/oem7/odom,39.663,-75.756,33.181816065,0.001099342,0.000997165,-0.000458371,0.000999224,0.000997165,,novatel_oem7_msgs.msg.SolutionStatus(status=0),novatel_oem7_msgs.msg.PositionOrVelocityType(type=53)
1786043797711890372,1786043797.710100794,/novatel/oem7/bestvel,/novatel/oem7/bestpos,/novatel/oem7/bestvel,39.663,-75.756,33.181816065,0.000205153,0.001199825,,,,353.114205162,novatel_oem7_msgs.msg.SolutionStatus(status=0),novatel_oem7_msgs.msg.PositionOrVelocityType(type=53)
1786043797715157995,1786043797.714409810,/novatel/oem7/odom,/novatel/oem7/bestpos,/novatel/oem7/odom,39.663,-75.756,33.181816065,0.001099342,0.000997165,-0.000458371,0.000999224,0.000997165,,,
1786043797727219386,1786043797.726626913,/novatel/oem7/inspva,/novatel/oem7/inspva,/novatel/oem7/inspva,39.663,-75.756,-1.800606312,0.001320044,0.000752538,0.001315948,-0.000103912,0.000752538,,novatel_oem7_msgs.msg.InertialSolutionStatus(status=3),
1786043797728598710,1786043797.726867566,/novatel/oem7/fix,/novatel/oem7/fix,/novatel/oem7/inspva,39.663,-75.756,-1.800606312,0.001320044,0.000752538,0.001315948,-0.000103912,0.000752538,,0,
1786043797729681118,1786043797.727272457,/novatel/oem7/odom,/novatel/oem7/fix,/novatel/oem7/odom,39.663,-75.756,-1.800606312,0.001318200,0.000755764,-0.000042947,0.001317500,0.000755764,,,
1786043797735340525,1786043797.734615394,/novatel/oem7/odom,/novatel/oem7/fix,/novatel/oem7/odom,39.663,-75.756,-1.800606312,0.001318200,0.000755764,-0.000042947,0.001317500,0.000755764,,,
1786043797745731396,1786043797.744964938,/novatel/oem7/inspva,/novatel/oem7/inspva,/novatel/oem7/inspva,39.663,-75.756,-1.800603834,0.001177032,0.001003262,0.001024956,-0.000578679,0.001003262,,novatel_oem7_msgs.msg.InertialSolutionStatus(status=3),
1786043797747573838,1786043797.745207760,/novatel/oem7/fix,/novatel/oem7/fix,/novatel/oem7/inspva,39.663,-75.756,-1.800603834,0.001177032,0.001003262,0.001024956,-0.000578679,0.001003262,,0,
1786043797749036283,1786043797.745602394,/novatel/oem7/odom,/novatel/oem7/fix,/novatel/oem7/odom,39.663,-75.756,-1.800603834,0.001176448,0.001003947,-0.000532178,0.001049198,0.001003947,,,
1786043797756625473,1786043797.755789350,/novatel/oem7/odom,/novatel/oem7/fix,/novatel/oem7/odom,39.663,-75.756,-1.800603834,0.001176448,0.001003947,-0.000532178,0.001049198,0.001003947,,,
1786043797766111318,1786043797.765273433,/novatel/oem7/inspva,/novatel/oem7/inspva,/novatel/oem7/inspva,39.663,-75.756,-1.800598040,0.001495252,0.001119676,0.001458541,-0.000329298,0.001119676,,novatel_oem7_msgs.msg.InertialSolutionStatus(status=3),
1786043797767930316,1786043797.765578486,/novatel/oem7/fix,/novatel/oem7/fix,/novatel/oem7/inspva,39.663,-75.756,-1.800598040,0.001495252,0.001119676,0.001458541,-0.000329298,0.001119676,,0,
1786043797769519289,1786043797.766049364,/novatel/oem7/odom,/novatel/oem7/fix,/novatel/oem7/odom,39.663,-75.756,-1.800598040,0.001493173,0.001122446,-0.000262542,0.001469911,0.001122446,,,
1786043797775289428,1786043797.774631317,/novatel/oem7/odom,/novatel/oem7/fix,/novatel/oem7/odom,39.663,-75.756,-1.800598040,0.001493173,0.001122446,-0.000262542,0.001469911,0.001122446,,,
1786043797786713266,1786043797.785999899,/novatel/oem7/inspva,/novatel/oem7/inspva,/novatel/oem7/inspva,39.663,-75.756,-1.800597832,0.001124062,0.001129191,0.001064183,-0.000361983,0.001129191,,novatel_oem7_msgs.msg.InertialSolutionStatus(status=3),
1786043797788172581,1786043797.786217781,/novatel/oem7/fix,/novatel/oem7/fix,/novatel/oem7/inspva,39.663,-75.756,-1.800597832,0.001124062,0.001129191,0.001064183,-0.000361983,0.001129191,,0,
1786043797789287259,1786043797.786540442,/novatel/oem7/odom,/novatel/oem7/fix,/novatel/oem7/odom,39.663,-75.756,-1.800597832,0.001122477,0.001130767,-0.000314313,0.001077572,0.001130767,,,
1786043797795490257,1786043797.794661435,/novatel/oem7/odom,/novatel/oem7/fix,/novatel/oem7/odom,39.663,-75.756,-1.800597832,0.001122477,0.001130767,-0.000314313,0.001077572,0.001130767,,,
1786043797807463355,1786043797.806320740,/novatel/oem7/inspva,/novatel/oem7/inspva,/novatel/oem7/inspva,39.663,-75.756,-1.800593170,0.000899381,0.000986893,0.000899381,-0.000000255,0.000986893,,novatel_oem7_msgs.msg.InertialSolutionStatus(status=3),
1786043797809850202,1786043797.806613940,/novatel/oem7/fix,/novatel/oem7/fix,/novatel/oem7/inspva,39.663,-75.756,-1.800593170,0.000899381,0.000986893,0.000899381,-0.000000255,0.000986893,,0,
1786043797811504569,1786043797.806932834,/novatel/oem7/odom,/novatel/oem7/fix,/novatel/oem7/odom,39.663,-75.756,-1.800593170,0.000896690,0.000989339,0.000039561,0.000895817,0.000989339,,,
1786043797813820032,1786043797.810217790,/novatel/oem7/bestpos,/novatel/oem7/bestpos,/novatel/oem7/odom,39.663,-75.756,33.181828279,0.000896690,0.000989339,0.000039561,0.000895817,0.000989339,,novatel_oem7_msgs.msg.SolutionStatus(status=0),novatel_oem7_msgs.msg.PositionOrVelocityType(type=53)
1786043797815345248,1786043797.810565976,/novatel/oem7/bestvel,/novatel/oem7/bestpos,/novatel/oem7/bestvel,39.663,-75.756,33.181828279,0.001110056,0.000973099,,,,350.040280604,novatel_oem7_msgs.msg.SolutionStatus(status=0),novatel_oem7_msgs.msg.PositionOrVelocityType(type=53)
1786043797817795909,1786043797.815610334,/novatel/oem7/odom,/novatel/oem7/bestpos,/novatel/oem7/odom,39.663,-75.756,33.181828279,0.000896690,0.000989339,0.000039561,0.000895817,0.000989339,,,
1786043797825831537,1786043797.825212887,/novatel/oem7/inspva,/novatel/oem7/inspva,/novatel/oem7/inspva,39.663,-75.756,-1.800590416,0.000672169,0.001261731,0.000644858,-0.000189656,0.001261731,,novatel_oem7_msgs.msg.InertialSolutionStatus(status=3),
1786043797827364659,1786043797.825392299,/novatel/oem7/fix,/novatel/oem7/fix,/novatel/oem7/inspva,39.663,-75.756,-1.800590416,0.000672169,0.001261731,0.000644858,-0.000189656,0.001261731,,0,
1786043797828672526,1786043797.825742070,/novatel/oem7/odom,/novatel/oem7/fix,/novatel/oem7/odom,39.663,-75.756,-1.800590416,0.000670205,0.001262775,-0.000162989,0.000650084,0.001262775,,,
1786043797835513735,1786043797.834656313,/novatel/oem7/odom,/novatel/oem7/fix,/novatel/oem7/odom,39.663,-75.756,-1.800590416,0.000670205,0.001262775,-0.000162989,0.000650084,0.001262775,,,
1786043797847860932,1786043797.846662830,/novatel/oem7/inspva,/novatel/oem7/inspva,/novatel/oem7/inspva,39.663,-75.756,-1.800587405,0.000983633,0.000841437,0.000958061,-0.000222830,0.000841437,,novatel_oem7_msgs.msg.InertialSolutionStatus(status=3),
1786043797849885383,1786043797.846955996,/novatel/oem7/fix,/novatel/oem7/fix,/novatel/oem7/inspva,39.663,-75.756,-1.800587405,0.000983633,0.000841437,0.000958061,-0.000222830,0.000841437,,0,
1786043797851337287,1786043797.847656610,/novatel/oem7/odom,/novatel/oem7/fix,/novatel/oem7/odom,39.663,-75.756,-1.800587405,0.000982104,0.000843220,-0.000179365,0.000965586,0.000843220,,,
1786043797857876186,1786043797.856950342,/novatel/oem7/odom,/novatel/oem7/fix,/novatel/oem7/odom,39.663,-75.756,-1.800587405,0.000982104,0.000843220,-0.000179365,0.000965586,0.000843220,,,
1786043797865801493,1786043797.865016785,/novatel/oem7/inspva,/novatel/oem7/inspva,/novatel/oem7/inspva,39.663,-75.756,-1.800584733,0.001042996,0.001006020,0.000976695,-0.000365932,0.001006020,,novatel_oem7_msgs.msg.InertialSolutionStatus(status=3),
1786043797867181850,1786043797.865209467,/novatel/oem7/fix,/novatel/oem7/fix,/novatel/oem7/inspva,39.663,-75.756,-1.800584733,0.001042996,0.001006020,0.000976695,-0.000365932,0.001006020,,0,
1786043797868249165,1786043797.865688025,/novatel/oem7/odom,/novatel/oem7/fix,/novatel/oem7/odom,39.663,-75.756,-1.800584733,0.001041732,0.001007329,-0.000322024,0.000990709,0.001007329,,,
1786043797877919928,1786043797.875686650,/novatel/oem7/odom,/novatel/oem7/fix,/novatel/oem7/odom,39.663,-75.756,-1.800584733,0.001041732,0.001007329,-0.000322024,0.000990709,0.001007329,,,
1786043797886639600,1786043797.885620183,/novatel/oem7/inspva,/novatel/oem7/inspva,/novatel/oem7/inspva,39.663,-75.756,-1.800579269,0.000733374,0.000897111,0.000678834,-0.000277529,0.000897111,,novatel_oem7_msgs.msg.InertialSolutionStatus(status=3),
1786043797888382218,1786043797.885847625,/novatel/oem7/fix,/novatel/oem7/fix,/novatel/oem7/inspva,39.663,-75.756,-1.800579269,0.000733374,0.000897111,0.000678834,-0.000277529,0.000897111,,0,
1786043797889779085,1786043797.886523230,/novatel/oem7/odom,/novatel/oem7/fix,/novatel/oem7/odom,39.663,-75.756,-1.800579269,0.000732374,0.000897928,-0.000247722,0.000689206,0.000897928,,,
1786043797895600660,1786043797.894731102,/novatel/oem7/odom,/novatel/oem7/fix,/novatel/oem7/odom,39.663,-75.756,-1.800579269,0.000732374,0.000897928,-0.000247722,0.000689206,0.000897928,,,
1786043797907284284,1786043797.905918391,/novatel/oem7/inspva,/novatel/oem7/inspva,/novatel/oem7/inspva,39.663,-75.756,-1.800577408,0.000892917,0.001090379,0.000803541,-0.000389389,0.001090379,,novatel_oem7_msgs.msg.InertialSolutionStatus(status=3),
1786043797908996145,1786043797.906217150,/novatel/oem7/fix,/novatel/oem7/fix,/novatel/oem7/inspva,39.663,-75.756,-1.800577408,0.000892917,0.001090379,0.000803541,-0.000389389,0.001090379,,0,
1786043797910197674,1786043797.906783619,/novatel/oem7/odom,/novatel/oem7/fix,/novatel/oem7/odom,39.663,-75.756,-1.800577408,0.000891994,0.001091135,-0.000354138,0.000818682,0.001091135,,,
1786043797911724673,1786043797.909137103,/novatel/oem7/bestpos,/novatel/oem7/bestpos,/novatel/oem7/odom,39.663,-75.756,33.181850373,0.000891994,0.001091135,-0.000354138,0.000818682,0.001091135,,novatel_oem7_msgs.msg.SolutionStatus(status=0),novatel_oem7_msgs.msg.PositionOrVelocityType(type=53)
1786043797912678212,1786043797.909469680,/novatel/oem7/bestvel,/novatel/oem7/bestpos,/novatel/oem7/bestvel,39.663,-75.756,33.181850373,0.001415927,0.000985252,,,,331.320752242,novatel_oem7_msgs.msg.SolutionStatus(status=0),novatel_oem7_msgs.msg.PositionOrVelocityType(type=53)
1786043797915248805,1786043797.914484866,/novatel/oem7/odom,/novatel/oem7/bestpos,/novatel/oem7/odom,39.663,-75.756,33.181850373,0.000891994,0.001091135,-0.000354138,0.000818682,0.001091135,,,
1786043797926009763,1786043797.925301970,/novatel/oem7/inspva,/novatel/oem7/inspva,/novatel/oem7/inspva,39.663,-75.756,-1.800577213,0.000293684,0.000585662,0.000272269,-0.000110091,0.000585662,,novatel_oem7_msgs.msg.InertialSolutionStatus(status=3),
1786043797927566286,1786043797.925492758,/novatel/oem7/fix,/novatel/oem7/fix,/novatel/oem7/inspva,39.663,-75.756,-1.800577213,0.000293684,0.000585662,0.000272269,-0.000110091,0.000585662,,0,
1786043797928689150,1786043797.926029836,/novatel/oem7/odom,/novatel/oem7/fix,/novatel/oem7/odom,39.663,-75.756,-1.800577213,0.000293021,0.000585995,-0.000098991,0.000275794,0.000585995,,,
1786043797937329607,1786043797.935818289,/novatel/oem7/odom,/novatel/oem7/fix,/novatel/oem7/odom,39.663,-75.756,-1.800577213,0.000293021,0.000585995,-0.000098991,0.000275794,0.000585995,,,
1786043797945905891,1786043797.945191980,/novatel/oem7/inspva,/novatel/oem7/inspva,/novatel/oem7/inspva,39.663,-75.756,-1.800573665,0.000724538,0.000749423,0.000705852,-0.000163490,0.000749423,,novatel_oem7_msgs.msg.InertialSolutionStatus(status=3),
1786043797948123246,1786043797.945408156,/novatel/oem7/fix,/novatel/oem7/fix,/novatel/oem7/inspva,39.663,-75.756,-1.800573665,0.000724538,0.000749423,0.000705852,-0.000163490,0.000749423,,0,
1786043797949963211,1786043797.945740473,/novatel/oem7/odom,/novatel/oem7/fix,/novatel/oem7/odom,39.663,-75.756,-1.800573665,0.000723181,0.000750733,-0.000131948,0.000711042,0.000750733,,,
1786043797956384163,1786043797.955631083,/novatel/oem7/odom,/novatel/oem7/fix,/novatel/oem7/odom,39.663,-75.756,-1.800573665,0.000723181,0.000750733,-0.000131948,0.000711042,0.000750733,,,
1786043797967698803,1786043797.966543052,/novatel/oem7/inspva,/novatel/oem7/inspva,/novatel/oem7/inspva,39.663,-75.756,-1.800566013,0.000213390,0.000915758,0.000211477,-0.000028507,0.000915758,,novatel_oem7_msgs.msg.InertialSolutionStatus(status=3),
1786043797969753101,1786043797.966761944,/novatel/oem7/fix,/novatel/oem7/fix,/novatel/oem7/inspva,39.663,-75.756,-1.800566013,0.000213390,0.000915758,0.000211477,-0.000028507,0.000915758,,0,
1786043797971447581,1786043797.967119944,/novatel/oem7/odom,/novatel/oem7/fix,/novatel/oem7/odom,39.663,-75.756,-1.800566013,0.000211410,0.000916217,-0.000021677,0.000210296,0.000916217,,,
1786043797976050334,1786043797.975057414,/novatel/oem7/odom,/novatel/oem7/fix,/novatel/oem7/odom,39.663,-75.756,-1.800566013,0.000211410,0.000916217,-0.000021677,0.000210296,0.000916217,,,
1786043797985751472,1786043797.984924153,/novatel/oem7/inspva,/novatel/oem7/inspva,/novatel/oem7/inspva,39.663,-75.756,-1.800562404,0.000562616,0.000809820,0.000557199,0.000077888,0.000809820,,novatel_oem7_msgs.msg.InertialSolutionStatus(status=3),
1786043797987517503,1786043797.985073736,/novatel/oem7/fix,/novatel/oem7/fix,/novatel/oem7/inspva,39.663,-75.756,-1.800562404,0.000562616,0.000809820,0.000557199,0.000077888,0.000809820,,0,
1786043797988860724,1786043797.985501157,/novatel/oem7/odom,/novatel/oem7/fix,/novatel/oem7/odom,39.663,-75.756,-1.800562404,0.000560043,0.000811601,0.000101728,0.000550727,0.000811601,,,
1786043797996865274,1786043797.995535998,/novatel/oem7/odom,/novatel/oem7/fix,/novatel/oem7/odom,39.663,-75.756,-1.800562404,0.000560043,0.000811601,0.000101728,0.000550727,0.000811601,,,
1786043798009132708,1786043798.008440733,/novatel/oem7/inspva,/novatel/oem7/inspva,/novatel/oem7/inspva,39.663,-75.756,-1.800552178,0.000305046,0.000890666,0.000304997,0.000005475,0.000890666,,novatel_oem7_msgs.msg.InertialSolutionStatus(status=3),
1786043798010660680,1786043798.008573575,/novatel/oem7/fix,/novatel/oem7/fix,/novatel/oem7/inspva,39.663,-75.756,-1.800552178,0.000305046,0.000890666,0.000304997,0.000005475,0.000890666,,0,
1786043798011746557,1786043798.010061507,/novatel/oem7/odom,/novatel/oem7/fix,/novatel/oem7/odom,39.663,-75.756,-1.800552178,0.000302600,0.000891500,0.000016878,0.000302129,0.000891500,,,
1786043798016622020,1786043798.015907859,/novatel/oem7/odom,/novatel/oem7/fix,/novatel/oem7/odom,39.663,-75.756,-1.800552178,0.000302600,0.000891500,0.000016878,0.000302129,0.000891500,,,
1786043798026769409,1786043798.025955166,/novatel/oem7/bestpos,/novatel/oem7/bestpos,/novatel/oem7/odom,39.663,-75.756,33.181881272,0.000302600,0.000891500,0.000016878,0.000302129,0.000891500,,novatel_oem7_msgs.msg.SolutionStatus(status=0),novatel_oem7_msgs.msg.PositionOrVelocityType(type=53)
1786043798028602401,1786043798.026504898,/novatel/oem7/bestvel,/novatel/oem7/bestpos,/novatel/oem7/bestvel,39.663,-75.756,33.181881272,0.000259953,0.000920084,,,,359.802401480,novatel_oem7_msgs.msg.SolutionStatus(status=0),novatel_oem7_msgs.msg.PositionOrVelocityType(type=53)
1786043798029973295,1786043798.027516066,/novatel/oem7/inspva,/novatel/oem7/inspva,/novatel/oem7/inspva,39.663,-75.756,-1.800549465,0.000748428,0.000702013,0.000748402,0.000006142,0.000702013,,novatel_oem7_msgs.msg.InertialSolutionStatus(status=3),
1786043798031184147,1786043798.027624645,/novatel/oem7/fix,/novatel/oem7/fix,/novatel/oem7/inspva,39.663,-75.756,-1.800549465,0.000748428,0.000702013,0.000748402,0.000006142,0.000702013,,0,
1786043798032790690,1786043798.028153467,/novatel/oem7/odom,/novatel/oem7/fix,/novatel/oem7/odom,39.663,-75.756,-1.800549465,0.000746516,0.000704045,0.000039735,0.000745458,0.000704045,,,
1786043798036210801,1786043798.035510694,/novatel/oem7/odom,/novatel/oem7/fix,/novatel/oem7/odom,39.663,-75.756,-1.800549465,0.000746516,0.000704045,0.000039735,0.000745458,0.000704045,,,
1786043798046679917,1786043798.046058243,/novatel/oem7/inspva,/novatel/oem7/inspva,/novatel/oem7/inspva,39.663,-75.756,-1.800555078,0.000345764,0.000871607,0.000157080,0.000308024,0.000871607,,novatel_oem7_msgs.msg.InertialSolutionStatus(status=3),
1786043798048125451,1786043798.046218975,/novatel/oem7/fix,/novatel/oem7/fix,/novatel/oem7/inspva,39.663,-75.756,-1.800555078,0.000345764,0.000871607,0.000157080,0.000308024,0.000871607,,0,
1786043798049215759,1786043798.046828965,/novatel/oem7/odom,/novatel/oem7/fix,/novatel/oem7/odom,39.663,-75.756,-1.800555078,0.000341867,0.000873143,0.000311987,0.000139775,0.000873143,,,
1786043798057361461,1786043798.056462345,/novatel/oem7/odom,/novatel/oem7/fix,/novatel/oem7/odom,39.663,-75.756,-1.800555078,0.000341867,0.000873143,0.000311987,0.000139775,0.000873143,,,
1786043798067074199,1786043798.065243074,/novatel/oem7/inspva,/novatel/oem7/inspva,/novatel/oem7/inspva,39.663,-75.756,-1.800569292,0.000797247,0.000399995,0.000669681,0.000432585,0.000399995,,novatel_oem7_msgs.msg.InertialSolutionStatus(status=3),
1786043798068143443,1786043798.065590717,/novatel/oem7/fix,/novatel/oem7/fix,/novatel/oem7/inspva,39.663,-75.756,-1.800569292,0.000797247,0.000399995,0.000669681,0.000432585,0.000399995,,0,
1786043798070140203,1786043798.066532731,/novatel/oem7/odom,/novatel/oem7/fix,/novatel/oem7/odom,39.663,-75.756,-1.800569292,0.000341865,0.000873144,0.000311983,0.000139778,0.000873144,,,
1786043798075551318,1786043798.074539489,/novatel/oem7/odom,/novatel/oem7/fix,/novatel/oem7/odom,39.663,-75.756,-1.800569292,0.000795542,0.000403375,0.000462995,0.000646934,0.000403375,,,
1786043798087536238,1786043798.086734203,/novatel/oem7/inspva,/novatel/oem7/inspva,/novatel/oem7/inspva,39.663,-75.756,-1.800573723,0.000282913,0.000725377,0.000065848,0.000275143,0.000725377,,novatel_oem7_msgs.msg.InertialSolutionStatus(status=3),
1786043798089382127,1786043798.086956509,/novatel/oem7/fix,/novatel/oem7/fix,/novatel/oem7/inspva,39.663,-75.756,-1.800573723,0.000282913,0.000725377,0.000065848,0.000275143,0.000725377,,0,
1786043798090581316,1786043798.087460851,/novatel/oem7/odom,/novatel/oem7/fix,/novatel/oem7/odom,39.663,-75.756,-1.800573723,0.000279890,0.000726549,0.000275276,0.000050614,0.000726549,,,
1786043798096861819,1786043798.095795209,/novatel/oem7/odom,/novatel/oem7/fix,/novatel/oem7/odom,39.663,-75.756,-1.800573723,0.000279890,0.000726549,0.000275276,0.000050614,0.000726549,,,
1786043798106330951,1786043798.105698055,/novatel/oem7/inspva,/novatel/oem7/inspva,/novatel/oem7/inspva,39.663,-75.756,-1.800588211,0.000815652,0.000523332,0.000448966,0.000680968,0.000523332,,novatel_oem7_msgs.msg.InertialSolutionStatus(status=3),
1786043798107764035,1786043798.105917441,/novatel/oem7/fix,/novatel/oem7/fix,/novatel/oem7/inspva,39.663,-75.756,-1.800588211,0.000815652,0.000523332,0.000448966,0.000680968,0.000523332,,0,
1786043798108850423,1786043798.106360188,/novatel/oem7/odom,/novatel/oem7/fix,/novatel/oem7/odom,39.663,-75.756,-1.800588211,0.000813277,0.000527016,0.000699937,0.000414136,0.000527016,,,
1786043798110386996,1786043798.108738439,/novatel/oem7/bestpos,/novatel/oem7/bestpos,/novatel/oem7/odom,39.663,-75.756,33.181854499,0.000813277,0.000527016,0.000699937,0.000414136,0.000527016,,novatel_oem7_msgs.msg.SolutionStatus(status=0),novatel_oem7_msgs.msg.PositionOrVelocityType(type=53)
1786043798111356795,1786043798.109326638,/novatel/oem7/bestvel,/novatel/oem7/bestpos,/novatel/oem7/bestvel,39.663,-75.756,33.181854499,0.000529777,0.000725996,,,,47.894418496,novatel_oem7_msgs.msg.SolutionStatus(status=0),novatel_oem7_msgs.msg.PositionOrVelocityType(type=53)
1786043798116041706,1786043798.115363012,/novatel/oem7/odom,/novatel/oem7/bestpos,/novatel/oem7/odom,39.663,-75.756,33.181854499,0.000813277,0.000527016,0.000699937,0.000414136,0.000527016,,,
1786043798126231102,1786043798.125647893,/novatel/oem7/inspva,/novatel/oem7/inspva,/novatel/oem7/inspva,39.663,-75.756,-1.800596029,0.000378687,0.000542084,0.000266506,0.000269032,0.000542084,,novatel_oem7_msgs.msg.InertialSolutionStatus(status=3),
1786043798127670600,1786043798.125807844,/novatel/oem7/fix,/novatel/oem7/fix,/novatel/oem7/inspva,39.663,-75.756,-1.800596029,0.000378687,0.000542084,0.000266506,0.000269032,0.000542084,,0,
1786043798128805128,1786043798.126623879,/novatel/oem7/odom,/novatel/oem7/fix,/novatel/oem7/odom,39.663,-75.756,-1.800596029,0.000376249,0.000543779,0.000279574,0.000251797,0.000543779,,,
1786043798135312937,1786043798.134779639,/novatel/oem7/odom,/novatel/oem7/fix,/novatel/oem7/odom,39.663,-75.756,-1.800596029,0.000376249,0.000543779,0.000279574,0.000251797,0.000543779,,,
1786043798146571849,1786043798.146148049,/novatel/oem7/inspva,/novatel/oem7/inspva,/novatel/oem7/inspva,39.663,-75.756,-1.800609892,0.000751362,0.000438080,0.000621125,0.000422788,0.000438080,,novatel_oem7_msgs.msg.InertialSolutionStatus(status=3),
1786043798147400014,1786043798.146344721,/novatel/oem7/fix,/novatel/oem7/fix,/novatel/oem7/inspva,39.663,-75.756,-1.800609892,0.000751362,0.000438080,0.000621125,0.000422788,0.000438080,,0,
1786043798148055459,1786043798.146792606,/novatel/oem7/odom,/novatel/oem7/fix,/novatel/oem7/odom,39.663,-75.756,-1.800609892,0.000749483,0.000441287,0.000450717,0.000598815,0.000441287,,,
1786043798156515846,1786043798.156091319,/novatel/oem7/odom,/novatel/oem7/fix,/novatel/oem7/odom,39.663,-75.756,-1.800609892,0.000749483,0.000441287,0.000450717,0.000598815,0.000441287,,,
1786043798165812526,1786043798.165282345,/novatel/oem7/inspva,/novatel/oem7/inspva,/novatel/oem7/inspva,39.663,-75.756,-1.800617764,0.000373572,0.000578152,0.000132424,0.000349313,0.000578152,,novatel_oem7_msgs.msg.InertialSolutionStatus(status=3),
1786043798167629203,1786043798.165484821,/novatel/oem7/fix,/novatel/oem7/fix,/novatel/oem7/inspva,39.663,-75.756,-1.800617764,0.000373572,0.000578152,0.000132424,0.000349313,0.000578152,,0,
1786043798168853461,1786043798.166099794,/novatel/oem7/odom,/novatel/oem7/fix,/novatel/oem7/odom,39.663,-75.756,-1.800617764,0.000371043,0.000579778,0.000353130,0.000113894,0.000579778,,,
1786043798176348977,1786043798.175668042,/novatel/oem7/odom,/novatel/oem7/fix,/novatel/oem7/odom,39.663,-75.756,-1.800617764,0.000371043,0.000579778,0.000353130,0.000113894,0.000579778,,,
1786043798186997562,1786043798.186077435,/novatel/oem7/inspva,/novatel/oem7/inspva,/novatel/oem7/inspva,39.663,-75.756,-1.800633651,0.000583627,0.000351808,0.000378351,0.000444378,0.000351808,,novatel_oem7_msgs.msg.InertialSolutionStatus(status=3),
1786043798189240256,1786043798.186349981,/novatel/oem7/fix,/novatel/oem7/fix,/novatel/oem7/inspva,39.663,-75.756,-1.800633651,0.000583627,0.000351808,0.000378351,0.000444378,0.000351808,,0,
1786043798190809051,1786043798.186855310,/novatel/oem7/odom,/novatel/oem7/fix,/novatel/oem7/odom,39.663,-75.756,-1.800633651,0.000582030,0.000354446,0.000460848,0.000355496,0.000354446,,,
1786043798195615428,1786043798.194457327,/novatel/oem7/odom,/novatel/oem7/fix,/novatel/oem7/odom,39.663,-75.756,-1.800633651,0.000582030,0.000354446,0.000460848,0.000355496,0.000354446,,,
1786043798206848671,1786043798.205884395,/novatel/oem7/inspva,/novatel/oem7/inspva,/novatel/oem7/inspva,39.663,-75.756,-1.800644217,0.000084639,0.000398850,0.000043930,0.000072346,0.000398850,,novatel_oem7_msgs.msg.InertialSolutionStatus(status=3),
1786043798208492938,1786043798.206172118,/novatel/oem7/fix,/novatel/oem7/fix,/novatel/oem7/inspva,39.663,-75.756,-1.800644217,0.000084639,0.000398850,0.000043930,0.000072346,0.000398850,,0,
1786043798209621566,1786043798.206954555,/novatel/oem7/odom,/novatel/oem7/fix,/novatel/oem7/odom,39.663,-75.756,-1.800644217,0.000082838,0.000399228,0.000072884,0.000039372,0.000399228,,,
1786043798211396087,1786043798.210304853,/novatel/oem7/bestpos,/novatel/oem7/bestpos,/novatel/oem7/odom,39.663,-75.756,33.181796592,0.000082838,0.000399228,0.000072884,0.000039372,0.000399228,,novatel_oem7_msgs.msg.SolutionStatus(status=0),novatel_oem7_msgs.msg.PositionOrVelocityType(type=53)
1786043798212924859,1786043798.210755391,/novatel/oem7/bestvel,/novatel/oem7/bestpos,/novatel/oem7/bestvel,39.663,-75.756,33.181796592,0.000179500,0.000494463,,,,297.939502970,novatel_oem7_msgs.msg.SolutionStatus(status=0),novatel_oem7_msgs.msg.PositionOrVelocityType(type=53)
1786043798216052061,1786043798.215309331,/novatel/oem7/odom,/novatel/oem7/bestpos,/novatel/oem7/odom,39.663,-75.756,33.181796592,0.000082838,0.000399228,0.000072884,0.000039372,0.000399228,,,
1786043798225532087,1786043798.224910523,/novatel/oem7/inspva,/novatel/oem7/inspva,/novatel/oem7/inspva,39.663,-75.756,-1.800658133,0.000310553,0.000531331,-0.000058395,0.000305014,0.000531331,,novatel_oem7_msgs.msg.InertialSolutionStatus(status=3),
1786043798226893616,1786043798.225112932,/novatel/oem7/fix,/novatel/oem7/fix,/novatel/oem7/inspva,39.663,-75.756,-1.800658133,0.000310553,0.000531331,-0.000058395,0.000305014,0.000531331,,0,
1786043798227954371,1786043798.225608047,/novatel/oem7/odom,/novatel/oem7/fix,/novatel/oem7/odom,39.663,-75.756,-1.800658133,0.000308933,0.000532275,0.000299831,-0.000074439,0.000532275,,,
1786043798235113809,1786043798.234402788,/novatel/oem7/odom,/novatel/oem7/fix,/novatel/oem7/odom,39.663,-75.756,-1.800658133,0.000308933,0.000532275,0.000299831,-0.000074439,0.000532275,,,
1786043798246272866,1786043798.245360680,/novatel/oem7/inspva,/novatel/oem7/inspva,/novatel/oem7/inspva,39.663,-75.756,-1.800667797,0.000329092,0.000404672,0.000191030,0.000267973,0.000404672,,novatel_oem7_msgs.msg.InertialSolutionStatus(status=3),
1786043798247999883,1786043798.245629362,/novatel/oem7/fix,/novatel/oem7/fix,/novatel/oem7/inspva,39.663,-75.756,-1.800667797,0.000329092,0.000404672,0.000191030,0.000267973,0.000404672,,0,
1786043798249391360,1786043798.246239642,/novatel/oem7/odom,/novatel/oem7/fix,/novatel/oem7/odom,39.663,-75.756,-1.800667797,0.000327259,0.000406156,0.000275387,0.000176806,0.000406156,,,
1786043798257012634,1786043798.256314832,/novatel/oem7/odom,/novatel/oem7/fix,/novatel/oem7/odom,39.663,-75.756,-1.800667797,0.000327259,0.000406156,0.000275387,0.000176806,0.000406156,,,
1786043798265779412,1786043798.265006898,/novatel/oem7/inspva,/novatel/oem7/inspva,/novatel/oem7/inspva,39.663,-75.756,-1.800679189,0.000215829,0.000577215,0.000215141,0.000017219,0.000577215,,novatel_oem7_msgs.msg.InertialSolutionStatus(status=3),
1786043798267223363,1786043798.265263393,/novatel/oem7/fix,/novatel/oem7/fix,/novatel/oem7/inspva,39.663,-75.756,-1.800679189,0.000215829,0.000577215,0.000215141,0.000017219,0.000577215,,0,
1786043798268726635,1786043798.265610751,/novatel/oem7/odom,/novatel/oem7/fix,/novatel/oem7/odom,39.663,-75.756,-1.800679189,0.000214120,0.000577851,0.000025451,0.000212602,0.000577851,,,
1786043798275948398,1786043798.274923520,/novatel/oem7/odom,/novatel/oem7/fix,/novatel/oem7/odom,39.663,-75.756,-1.800679189,0.000214120,0.000577851,0.000025451,0.000212602,0.000577851,,,
1786043798286110774,1786043798.285249562,/novatel/oem7/inspva,/novatel/oem7/inspva,/novatel/oem7/inspva,39.663,-75.756,-1.800688614,0.000160317,0.000334925,-0.000043864,0.000154200,0.000334925,,novatel_oem7_msgs.msg.InertialSolutionStatus(status=3),
1786043798288094084,1786043798.285470484,/novatel/oem7/fix,/novatel/oem7/fix,/novatel/oem7/inspva,39.663,-75.756,-1.800688614,0.000160317,0.000334925,-0.000043864,0.000154200,0.000334925,,0,
1786043798289172818,1786043798.286306799,/novatel/oem7/odom,/novatel/oem7/fix,/novatel/oem7/odom,39.663,-75.756,-1.800688614,0.000159400,0.000335362,0.000150636,-0.000052125,0.000335362,,,
1786043798296501638,1786043798.295182222,/novatel/oem7/odom,/novatel/oem7/fix,/novatel/oem7/odom,39.663,-75.756,-1.800688614,0.000159400,0.000335362,0.000150636,-0.000052125,0.000335362,,,
1786043798307145522,1786043798.306397138,/novatel/oem7/inspva,/novatel/oem7/inspva,/novatel/oem7/inspva,39.663,-75.756,-1.800698734,0.000141261,0.000652662,-0.000080202,0.000116286,0.000652662,,novatel_oem7_msgs.msg.InertialSolutionStatus(status=3),
1786043798308661328,1786043798.306627707,/novatel/oem7/fix,/novatel/oem7/fix,/novatel/oem7/inspva,39.663,-75.756,-1.800698734,0.000141261,0.000652662,-0.000080202,0.000116286,0.000652662,,0,
1786043798309813366,1786043798.307054615,/novatel/oem7/odom,/novatel/oem7/fix,/novatel/oem7/odom,39.663,-75.756,-1.800698734,0.000140336,0.000652861,0.000109815,-0.000087378,0.000652861,,,
1786043798311380098,1786043798.309206236,/novatel/oem7/bestpos,/novatel/oem7/bestpos,/novatel/oem7/odom,39.663,-75.756,33.181749287,0.000140336,0.000652861,0.000109815,-0.000087378,0.000652861,,novatel_oem7_msgs.msg.SolutionStatus(status=0),novatel_oem7_msgs.msg.PositionOrVelocityType(type=53)
1786043798312359438,1786043798.310187250,/novatel/oem7/bestvel,/novatel/oem7/bestpos,/novatel/oem7/bestvel,39.663,-75.756,33.181749287,0.000397762,0.000880058,,,,175.513745766,novatel_oem7_msgs.msg.SolutionStatus(status=0),novatel_oem7_msgs.msg.PositionOrVelocityType(type=53)
1786043798315239711,1786043798.314461863,/novatel/oem7/odom,/novatel/oem7/bestpos,/novatel/oem7/odom,39.663,-75.756,33.181749287,0.000140336,0.000652861,0.000109815,-0.000087378,0.000652861,,,
1786043798326508641,1786043798.325193048,/novatel/oem7/inspva,/novatel/oem7/inspva,/novatel/oem7/inspva,39.663,-75.756,-1.800708335,0.000387047,0.000448344,-0.000293547,0.000252260,0.000448344,,novatel_oem7_msgs.msg.InertialSolutionStatus(status=3),
1786043798328291776,1786043798.325488784,/novatel/oem7/fix,/novatel/oem7/fix,/novatel/oem7/inspva,39.663,-75.756,-1.800708335,0.000387047,0.000448344,-0.000293547,0.000252260,0.000448344,,0,
1786043798329461027,1786043798.326335503,/novatel/oem7/odom,/novatel/oem7/fix,/novatel/oem7/odom,39.663,-75.756,-1.800708335,0.000386900,0.000448470,0.000236062,-0.000306540,0.000448470,,,
1786043798336544939,1786043798.335752844,/novatel/oem7/odom,/novatel/oem7/fix,/novatel/oem7/odom,39.663,-75.756,-1.800708335,0.000386900,0.000448470,0.000236062,-0.000306540,0.000448470,,,
1786043798345946621,1786043798.345225530,/novatel/oem7/inspva,/novatel/oem7/inspva,/novatel/oem7/inspva,39.663,-75.756,-1.800719482,0.000552850,0.000515845,-0.000360255,0.000419356,0.000515845,,novatel_oem7_msgs.msg.InertialSolutionStatus(status=3),
1786043798347349211,1786043798.345373991,/novatel/oem7/fix,/novatel/oem7/fix,/novatel/oem7/inspva,39.663,-75.756,-1.800719482,0.000552850,0.000515845,-0.000360255,0.000419356,0.000515845,,0,
1786043798348454059,1786043798.345879000,/novatel/oem7/odom,/novatel/oem7/fix,/novatel/oem7/odom,39.663,-75.756,-1.800719482,0.000552335,0.000516396,0.000399480,-0.000381432,0.000516396,,,
1786043798356769893,1786043798.355734679,/novatel/oem7/odom,/novatel/oem7/fix,/novatel/oem7/odom,39.663,-75.756,-1.800719482,0.000552335,0.000516396,0.000399480,-0.000381432,0.000516396,,,
1786043798368003516,1786043798.366599982,/novatel/oem7/inspva,/novatel/oem7/inspva,/novatel/oem7/inspva,39.663,-75.756,-1.800731019,0.000238334,0.000187628,0.000072702,-0.000226975,0.000187628,,novatel_oem7_msgs.msg.InertialSolutionStatus(status=3),
1786043798370112280,1786043798.366891775,/novatel/oem7/fix,/novatel/oem7/fix,/novatel/oem7/inspva,39.663,-75.756,-1.800731019,0.000238334,0.000187628,0.000072702,-0.000226975,0.000187628,,0,
1786043798371625289,1786043798.367666633,/novatel/oem7/odom,/novatel/oem7/fix,/novatel/oem7/odom,39.663,-75.756,-1.800731019,0.000238832,0.000186995,-0.000223894,0.000083138,0.000186995,,,
1786043798375820605,1786043798.374697054,/novatel/oem7/odom,/novatel/oem7/fix,/novatel/oem7/odom,39.663,-75.756,-1.800731019,0.000238832,0.000186995,-0.000223894,0.000083138,0.000186995,,,
1786043798386006284,1786043798.385059958,/novatel/oem7/inspva,/novatel/oem7/inspva,/novatel/oem7/inspva,39.663,-75.756,-1.800744032,0.000047957,0.000328887,-0.000044187,-0.000018637,0.000328887,,novatel_oem7_msgs.msg.InertialSolutionStatus(status=3),
1786043798387383601,1786043798.385258790,/novatel/oem7/fix,/novatel/oem7/fix,/novatel/oem7/inspva,39.663,-75.756,-1.800744032,0.000047957,0.000328887,-0.000044187,-0.000018637,0.000328887,,0,
1786043798388499293,1786043798.385737828,/novatel/oem7/odom,/novatel/oem7/fix,/novatel/oem7/odom,39.663,-75.756,-1.800744032,0.000049238,0.000328698,-0.000021990,-0.000044055,0.000328698,,,
1786043798396702149,1786043798.395393165,/novatel/oem7/odom,/novatel/oem7/fix,/novatel/oem7/odom,39.663,-75.756,-1.800744032,0.000049238,0.000328698,-0.000021990,-0.000044055,0.000328698,,,
1786043798407006466,1786043798.406209791,/novatel/oem7/inspva,/novatel/oem7/inspva,/novatel/oem7/inspva,39.663,-75.756,-1.800753490,0.000129959,0.000478447,-0.000043533,-0.000122450,0.000478447,,novatel_oem7_msgs.msg.InertialSolutionStatus(status=3),
1786043798408395956,1786043798.406403983,/novatel/oem7/fix,/novatel/oem7/fix,/novatel/oem7/inspva,39.663,-75.756,-1.800753490,0.000129959,0.000478447,-0.000043533,-0.000122450,0.000478447,,0,
1786043798409508821,1786043798.406825367,/novatel/oem7/odom,/novatel/oem7/fix,/novatel/oem7/odom,39.663,-75.756,-1.800753490,0.000132021,0.000477882,-0.000126209,-0.000038742,0.000477882,,,
1786043798411518772,1786043798.410749367,/novatel/oem7/bestpos,/novatel/oem7/bestpos,/novatel/oem7/odom,39.663,-75.756,33.181706899,0.000132021,0.000477882,-0.000126209,-0.000038742,0.000477882,,novatel_oem7_msgs.msg.SolutionStatus(status=0),novatel_oem7_msgs.msg.PositionOrVelocityType(type=53)
1786043798412966042,1786043798.411169138,/novatel/oem7/bestvel,/novatel/oem7/bestpos,/novatel/oem7/bestvel,39.663,-75.756,33.181706899,0.000483410,0.000737339,,,,199.397390976,novatel_oem7_msgs.msg.SolutionStatus(status=0),novatel_oem7_msgs.msg.PositionOrVelocityType(type=53)
1786043798415548092,1786043798.414800058,/novatel/oem7/odom,/novatel/oem7/bestpos,/novatel/oem7/odom,39.663,-75.756,33.181706899,0.000132021,0.000477882,-0.000126209,-0.000038742,0.000477882,,,
1786043798426888403,1786043798.425976417,/novatel/oem7/inspva,/novatel/oem7/inspva,/novatel/oem7/inspva,39.663,-75.756,-1.800768748,0.000303565,0.000501450,-0.000294342,0.000074259,0.000501450,,novatel_oem7_msgs.msg.InertialSolutionStatus(status=3),
1786043798428459742,1786043798.426166622,/novatel/oem7/fix,/novatel/oem7/fix,/novatel/oem7/inspva,39.663,-75.756,-1.800768748,0.000303565,0.000501450,-0.000294342,0.000074259,0.000501450,,0,
1786043798429588740,1786043798.426648127,/novatel/oem7/odom,/novatel/oem7/fix,/novatel/oem7/odom,39.663,-75.756,-1.800768748,0.000304425,0.000500929,0.000058035,-0.000298842,0.000500929,,,
1786043798435078265,1786043798.434325855,/novatel/oem7/odom,/novatel/oem7/fix,/novatel/oem7/odom,39.663,-75.756,-1.800768748,0.000304425,0.000500929,0.000058035,-0.000298842,0.000500929,,,
1786043798445762917,1786043798.445082000,/novatel/oem7/inspva,/novatel/oem7/inspva,/novatel/oem7/inspva,39.663,-75.756,-1.800776733,0.000408992,0.000535264,-0.000315314,0.000260483,0.000535264,,novatel_oem7_msgs.msg.InertialSolutionStatus(status=3),
1786043798447195081,1786043798.445233912,/novatel/oem7/fix,/novatel/oem7/fix,/novatel/oem7/inspva,39.663,-75.756,-1.800776733,0.000408992,0.000535264,-0.000315314,0.000260483,0.000535264,,0,
1786043798448263772,1786043798.445667606,/novatel/oem7/odom,/novatel/oem7/fix,/novatel/oem7/odom,39.663,-75.756,-1.800776733,0.000408858,0.000535366,0.000242896,-0.000328887,0.000535366,,,
1786043798457098051,1786043798.456323313,/novatel/oem7/odom,/novatel/oem7/fix,/novatel/oem7/odom,39.663,-75.756,-1.800776733,0.000408858,0.000535366,0.000242896,-0.000328887,0.000535366,,,
1786043798465972877,1786043798.464962404,/novatel/oem7/inspva,/novatel/oem7/inspva,/novatel/oem7/inspva,39.663,-75.756,-1.800791131,0.000393774,0.000502731,-0.000327595,0.000218493,0.000502731,,novatel_oem7_msgs.msg.InertialSolutionStatus(status=3),
1786043798467965097,1786043798.465226609,/novatel/oem7/fix,/novatel/oem7/fix,/novatel/oem7/inspva,39.663,-75.756,-1.800791131,0.000393774,0.000502731,-0.000327595,0.000218493,0.000502731,,0,
1786043798469459989,1786043798.465737785,/novatel/oem7/odom,/novatel/oem7/fix,/novatel/oem7/odom,39.663,-75.756,-1.800791131,0.000393884,0.000502645,0.000200488,-0.000339041,0.000502645,,,
1786043798475477886,1786043798.474460676,/novatel/oem7/odom,/novatel/oem7/fix,/novatel/oem7/odom,39.663,-75.756,-1.800791131,0.000393884,0.000502645,0.000200488,-0.000339041,0.000502645,,,
1786043798487348819,1786043798.486532054,/novatel/oem7/inspva,/novatel/oem7/inspva,/novatel/oem7/inspva,39.663,-75.756,-1.800802946,0.000133298,0.000084560,-0.000100098,-0.000088027,0.000084560,,novatel_oem7_msgs.msg.InertialSolutionStatus(status=3),
1786043798489096510,1786043798.486716426,/novatel/oem7/fix,/novatel/oem7/fix,/novatel/oem7/inspva,39.663,-75.756,-1.800802946,0.000133298,0.000084560,-0.000100098,-0.000088027,0.000084560,,0,
1786043798490339179,1786043798.487150347,/novatel/oem7/odom,/novatel/oem7/fix,/novatel/oem7/odom,39.663,-75.756,-1.800802946,0.000133669,0.000083973,-0.000093086,-0.000095929,0.000083973,,,
1786043798495863515,1786043798.495098231,/novatel/oem7/odom,/novatel/oem7/fix,/novatel/oem7/odom,39.663,-75.756,-1.800802946,0.000133669,0.000083973,-0.000093086,-0.000095929,0.000083973,,,
1786043798506742485,1786043798.505906386,/novatel/oem7/inspva,/novatel/oem7/inspva,/novatel/oem7/inspva,39.663,-75.756,-1.800813894,0.000142086,0.000252848,-0.000132876,-0.000050322,0.000252848,,novatel_oem7_msgs.msg.InertialSolutionStatus(status=3),
1786043798508345248,1786043798.506117058,/novatel/oem7/fix,/novatel/oem7/fix,/novatel/oem7/inspva,39.663,-75.756,-1.800813894,0.000142086,0.000252848,-0.000132876,-0.000050322,0.000252848,,0,
1786043798509507140,1786043798.506612127,/novatel/oem7/odom,/novatel/oem7/fix,/novatel/oem7/odom,39.663,-75.756,-1.800813894,0.000143041,0.000252308,-0.000057642,-0.000130913,0.000252308,,,
1786043798511952477,1786043798.511196027,/novatel/oem7/bestpos,/novatel/oem7/bestpos,/novatel/oem7/odom,39.663,-75.756,33.181645318,0.000143041,0.000252308,-0.000057642,-0.000130913,0.000252308,,novatel_oem7_msgs.msg.SolutionStatus(status=0),novatel_oem7_msgs.msg.PositionOrVelocityType(type=53)
1786043798513459796,1786043798.511697225,/novatel/oem7/bestvel,/novatel/oem7/bestpos,/novatel/oem7/bestvel,39.663,-75.756,33.181645318,0.000224833,0.000245211,,,,278.446372773,novatel_oem7_msgs.msg.SolutionStatus(status=0),novatel_oem7_msgs.msg.PositionOrVelocityType(type=53)
1786043798515555941,1786043798.514665938,/novatel/oem7/odom,/novatel/oem7/bestpos,/novatel/oem7/odom,39.663,-75.756,33.181645318,0.000143041,0.000252308,-0.000057642,-0.000130913,0.000252308,,,
1786043798526060673,1786043798.525284972,/novatel/oem7/inspva,/novatel/oem7/inspva,/novatel/oem7/inspva,39.663,-75.756,-1.800819445,0.000060496,0.000755971,0.000038775,-0.000046436,0.000755971,,novatel_oem7_msgs.msg.InertialSolutionStatus(status=3),
1786043798527537138,1786043798.525464737,/novatel/oem7/fix,/novatel/oem7/fix,/novatel/oem7/inspva,39.663,-75.756,-1.800819445,0.000060496,0.000755971,0.000038775,-0.000046436,0.000755971,,0,
1786043798528619965,1786043798.526042586,/novatel/oem7/odom,/novatel/oem7/fix,/novatel/oem7/odom,39.663,-75.756,-1.800819445,0.000061394,0.000755899,-0.000047342,0.000039090,0.000755899,,,
1786043798535649079,1786043798.534886102,/novatel/oem7/odom,/novatel/oem7/fix,/novatel/oem7/odom,39.663,-75.756,-1.800819445,0.000061394,0.000755899,-0.000047342,0.000039090,0.000755899,,,
1786043798546900506,1786043798.546008868,/novatel/oem7/inspva,/novatel/oem7/inspva,/novatel/oem7/inspva,39.663,-75.756,-1.800835277,0.000182991,0.000253134,-0.000176023,0.000050016,0.000253134,,novatel_oem7_msgs.msg.InertialSolutionStatus(status=3),
1786043798548417198,1786043798.546189316,/novatel/oem7/fix,/novatel/oem7/fix,/novatel/oem7/inspva,39.663,-75.756,-1.800835277,0.000182991,0.000253134,-0.000176023,0.000050016,0.000253134,,0,
1786043798549570027,1786043798.546687081,/novatel/oem7/odom,/novatel/oem7/fix,/novatel/oem7/odom,39.663,-75.756,-1.800835277,0.000183395,0.000252842,0.000040486,-0.000178870,0.000252842,,,
1786043798556779719,1786043798.555955798,/novatel/oem7/odom,/novatel/oem7/fix,/novatel/oem7/odom,39.663,-75.756,-1.800835277,0.000183395,0.000252842,0.000040486,-0.000178870,0.000252842,,,
1786043798566188441,1786043798.565180087,/novatel/oem7/inspva,/novatel/oem7/inspva,/novatel/oem7/inspva,39.663,-75.756,-1.800840150,0.000237263,0.000495922,-0.000224966,0.000075394,0.000495922,,novatel_oem7_msgs.msg.InertialSolutionStatus(status=3),
1786043798568094936,1786043798.565479607,/novatel/oem7/fix,/novatel/oem7/fix,/novatel/oem7/inspva,39.663,-75.756,-1.800840150,0.000237263,0.000495922,-0.000224966,0.000075394,0.000495922,,0,
1786043798569614839,1786043798.566019339,/novatel/oem7/odom,/novatel/oem7/fix,/novatel/oem7/odom,39.663,-75.756,-1.800840150,0.000237960,0.000495588,0.000062554,-0.000229591,0.000495588,,,
1786043798576770444,1786043798.575722623,/novatel/oem7/odom,/novatel/oem7/fix,/novatel/oem7/odom,39.663,-75.756,-1.800840150,0.000237960,0.000495588,0.000062554,-0.000229591,0.000495588,,,
1786043798586202126,1786043798.585083678,/novatel/oem7/inspva,/novatel/oem7/inspva,/novatel/oem7/inspva,39.663,-75.756,-1.800853228,0.000370636,0.000269922,-0.000367167,0.000050591,0.000269922,,novatel_oem7_msgs.msg.InertialSolutionStatus(status=3),
1786043798588197609,1786043798.585325370,/novatel/oem7/fix,/novatel/oem7/fix,/novatel/oem7/inspva,39.663,-75.756,-1.800853228,0.000370636,0.000269922,-0.000367167,0.000050591,0.000269922,,0,
1786043798589810402,1786043798.585823279,/novatel/oem7/odom,/novatel/oem7/fix,/novatel/oem7/odom,39.663,-75.756,-1.800853228,0.000371219,0.000269119,0.000031741,-0.000369860,0.000269119,,,
1786043798595259530,1786043798.594517630,/novatel/oem7/odom,/novatel/oem7/fix,/novatel/oem7/odom,39.663,-75.756,-1.800853228,0.000371219,0.000269119,0.000031741,-0.000369860,0.000269119,,,
1786043798607025106,1786043798.606435930,/novatel/oem7/inspva,/novatel/oem7/inspva,/novatel/oem7/inspva,39.663,-75.756,-1.800857405,0.000233186,0.000463887,-0.000103145,0.000209133,0.000463887,,novatel_oem7_msgs.msg.InertialSolutionStatus(status=3),
1786043798608507721,1786043798.606593678,/novatel/oem7/fix,/novatel/oem7/fix,/novatel/oem7/inspva,39.663,-75.756,-1.800857405,0.000233186,0.000463887,-0.000103145,0.000209133,0.000463887,,0,
1786043798609642942,1786043798.607018903,/novatel/oem7/odom,/novatel/oem7/fix,/novatel/oem7/odom,39.663,-75.756,-1.800857405,0.000232231,0.000464366,0.000202149,-0.000114310,0.000464366,,,
1786043798611342346,1786043798.610344166,/novatel/oem7/bestpos,/novatel/oem7/bestpos,/novatel/oem7/odom,39.663,-75.756,33.181594797,0.000232231,0.000464366,0.000202149,-0.000114310,0.000464366,,novatel_oem7_msgs.msg.SolutionStatus(status=0),novatel_oem7_msgs.msg.PositionOrVelocityType(type=53)
1786043798612830104,1786043798.610760237,/novatel/oem7/bestvel,/novatel/oem7/bestpos,/novatel/oem7/bestvel,39.663,-75.756,33.181594797,0.000306906,0.000411168,,,,106.603936928,novatel_oem7_msgs.msg.SolutionStatus(status=0),novatel_oem7_msgs.msg.PositionOrVelocityType(type=53)
1786043798615643140,1786043798.614722720,/novatel/oem7/odom,/novatel/oem7/bestpos,/novatel/oem7/odom,39.663,-75.756,33.181594797,0.000232231,0.000464366,0.000202149,-0.000114310,0.000464366,,,
1786043798625901026,1786043798.625138222,/novatel/oem7/inspva,/novatel/oem7/inspva,/novatel/oem7/inspva,39.663,-75.756,-1.800869455,0.000154819,0.000204145,-0.000151034,0.000034025,0.000204145,,novatel_oem7_msgs.msg.InertialSolutionStatus(status=3),
1786043798627300593,1786043798.625329077,/novatel/oem7/fix,/novatel/oem7/fix,/novatel/oem7/inspva,39.663,-75.756,-1.800869455,0.000154819,0.000204145,-0.000151034,0.000034025,0.000204145,,0,
1786043798628359654,1786043798.625775435,/novatel/oem7/odom,/novatel/oem7/fix,/novatel/oem7/odom,39.663,-75.756,-1.800869455,0.000155192,0.000203861,0.000025905,-0.000153015,0.000203861,,,
1786043798635588754,1786043798.634840219,/novatel/oem7/odom,/novatel/oem7/fix,/novatel/oem7/odom,39.663,-75.756,-1.800869455,0.000155192,0.000203861,0.000025905,-0.000153015,0.000203861,,,
1786043798646041176,1786043798.645299709,/novatel/oem7/inspva,/novatel/oem7/inspva,/novatel/oem7/inspva,39.663,-75.756,-1.800871248,0.000242509,0.000767971,-0.000181631,0.000160689,0.000767971,,novatel_oem7_msgs.msg.InertialSolutionStatus(status=3),
1786043798647530987,1786043798.645457650,/novatel/oem7/fix,/novatel/oem7/fix,/novatel/oem7/inspva,39.663,-75.756,-1.800871248,0.000242509,0.000767971,-0.000181631,0.000160689,0.000767971,,0,
1786043798648651236,1786043798.646009652,/novatel/oem7/odom,/novatel/oem7/fix,/novatel/oem7/odom,39.663,-75.756,-1.800871248,0.000242232,0.000768059,0.000148815,-0.000191130,0.000768059,,,
1786043798657413094,1786043798.656277916,/novatel/oem7/odom,/novatel/oem7/fix,/novatel/oem7/odom,39.663,-75.756,-1.800871248,0.000242232,0.000768059,0.000148815,-0.000191130,0.000768059,,,
1786043798667232136,1786043798.666043301,/novatel/oem7/inspva,/novatel/oem7/inspva,/novatel/oem7/inspva,39.663,-75.756,-1.800884913,0.000264561,0.000495753,-0.000182665,0.000191379,0.000495753,,novatel_oem7_msgs.msg.InertialSolutionStatus(status=3),
1786043798669071758,1786043798.666262516,/novatel/oem7/fix,/novatel/oem7/fix,/novatel/oem7/inspva,39.663,-75.756,-1.800884913,0.000264561,0.000495753,-0.000182665,0.000191379,0.000495753,,0,
1786043798670499356,1786043798.666762095,/novatel/oem7/odom,/novatel/oem7/fix,/novatel/oem7/odom,39.663,-75.756,-1.800884913,0.000264184,0.000495954,0.000180443,-0.000192960,0.000495954,,,
1786043798675805066,1786043798.674696911,/novatel/oem7/odom,/novatel/oem7/fix,/novatel/oem7/odom,39.663,-75.756,-1.800884913,0.000264184,0.000495954,0.000180443,-0.000192960,0.000495954,,,
1786043798685874508,1786043798.685221154,/novatel/oem7/inspva,/novatel/oem7/inspva,/novatel/oem7/inspva,39.663,-75.756,-1.800890454,0.000396299,0.000319078,-0.000287459,0.000272800,0.000319078,,novatel_oem7_msgs.msg.InertialSolutionStatus(status=3),
1786043798687378853,1786043798.685376893,/novatel/oem7/fix,/novatel/oem7/fix,/novatel/oem7/inspva,39.663,-75.756,-1.800890454,0.000396299,0.000319078,-0.000287459,0.000272800,0.000319078,,0,
1786043798688634432,1786043798.685855514,/novatel/oem7/odom,/novatel/oem7/fix,/novatel/oem7/odom,39.663,-75.756,-1.800890454,0.000396121,0.000319299,0.000257358,-0.000301129,0.000319299,,,
1786043798696171301,1786043798.695485004,/novatel/oem7/odom,/novatel/oem7/fix,/novatel/oem7/odom,39.663,-75.756,-1.800890454,0.000396121,0.000319299,0.000257358,-0.000301129,0.000319299,,,
1786043798706546159,1786043798.705944206,/novatel/oem7/inspva,/novatel/oem7/inspva,/novatel/oem7/inspva,39.663,-75.756,-1.800898868,0.000112910,0.000239609,-0.000110965,0.000020866,0.000239609,,novatel_oem7_msgs.msg.InertialSolutionStatus(status=3),
1786043798707896346,1786043798.706124665,/novatel/oem7/fix,/novatel/oem7/fix,/novatel/oem7/inspva,39.663,-75.756,-1.800898868,0.000112910,0.000239609,-0.000110965,0.000020866,0.000239609,,0,
1786043798709009224,1786043798.706587087,/novatel/oem7/odom,/novatel/oem7/fix,/novatel/oem7/odom,39.663,-75.756,-1.800898868,0.000113383,0.000239385,0.000014566,-0.000112444,0.000239385,,,
1786043798710682111,1786043798.709363251,/novatel/oem7/bestpos,/novatel/oem7/bestpos,/novatel/oem7/odom,39.663,-75.756,33.181547443,0.000113383,0.000239385,0.000014566,-0.000112444,0.000239385,,novatel_oem7_msgs.msg.SolutionStatus(status=0),novatel_oem7_msgs.msg.PositionOrVelocityType(type=53)
1786043798712196239,1786043798.710121835,/novatel/oem7/bestvel,/novatel/oem7/bestpos,/novatel/oem7/bestvel,39.663,-75.756,33.181547443,0.000408620,0.000399388,,,,173.910572334,novatel_oem7_msgs.msg.SolutionStatus(status=0),novatel_oem7_msgs.msg.PositionOrVelocityType(type=53)
1786043798715463852,1786043798.714433459,/novatel/oem7/odom,/novatel/oem7/bestpos,/novatel/oem7/odom,39.663,-75.756,33.181547443,0.000113383,0.000239385,0.000014566,-0.000112444,0.000239385,,,
1786043798727491404,1786043798.726692275,/novatel/oem7/inspva,/novatel/oem7/inspva,/novatel/oem7/inspva,39.663,-75.756,-1.800900511,0.000330082,0.000672071,-0.000228030,0.000238656,0.000672071,,novatel_oem7_msgs.msg.InertialSolutionStatus(status=3),
1786043798729093440,1786043798.726907181,/novatel/oem7/fix,/novatel/oem7/fix,/novatel/oem7/inspva,39.663,-75.756,-1.800900511,0.000330082,0.000672071,-0.000228030,0.000238656,0.000672071,,0,
1786043798730276282,1786043798.727490244,/novatel/oem7/odom,/novatel/oem7/fix,/novatel/oem7/odom,39.663,-75.756,-1.800900511,0.000329571,0.000672322,0.000224800,-0.000241002,0.000672322,,,
1786043798735782877,1786043798.735048867,/novatel/oem7/odom,/novatel/oem7/fix,/novatel/oem7/odom,39.663,-75.756,-1.800900511,0.000329571,0.000672322,0.000224800,-0.000241002,0.000672322,,,
1786043798745687687,1786043798.745112471,/novatel/oem7/inspva,/novatel/oem7/inspva,/novatel/oem7/inspva,39.663,-75.756,-1.800909495,0.000208790,0.000526827,-0.000196803,0.000069726,0.000526827,,novatel_oem7_msgs.msg.InertialSolutionStatus(status=3),
1786043798747138302,1786043798.745268196,/novatel/oem7/fix,/novatel/oem7/fix,/novatel/oem7/inspva,39.663,-75.756,-1.800909495,0.000208790,0.000526827,-0.000196803,0.000069726,0.000526827,,0,
1786043798748295020,1786043798.745751634,/novatel/oem7/odom,/novatel/oem7/fix,/novatel/oem7/odom,39.663,-75.756,-1.800909495,0.000209487,0.000526551,0.000058129,-0.000201260,0.000526551,,,
1786043798757005338,1786043798.756005515,/novatel/oem7/odom,/novatel/oem7/fix,/novatel/oem7/odom,39.663,-75.756,-1.800909495,0.000209487,0.000526551,0.000058129,-0.000201260,0.000526551,,,
1786043798766210921,1786043798.765436206,/novatel/oem7/inspva,/novatel/oem7/inspva,/novatel/oem7/inspva,39.663,-75.756,-1.800912557,0.000179106,0.000464423,-0.000015228,0.000178458,0.000464423,,novatel_oem7_msgs.msg.InertialSolutionStatus(status=3),
1786043798768074130,1786043798.765615355,/novatel/oem7/fix,/novatel/oem7/fix,/novatel/oem7/inspva,39.663,-75.756,-1.800912557,0.000179106,0.000464423,-0.000015228,0.000178458,0.000464423,,0,
1786043798769399083,1786043798.766455266,/novatel/oem7/odom,/novatel/oem7/fix,/novatel/oem7/odom,39.663,-75.756,-1.800912557,0.000177527,0.000465029,0.000175757,-0.000025005,0.000465029,,,
1786043798775728184,1786043798.774948212,/novatel/oem7/odom,/novatel/oem7/fix,/novatel/oem7/odom,39.663,-75.756,-1.800912557,0.000177527,0.000465029,0.000175757,-0.000025005,0.000465029,,,
1786043798787484948,1786043798.786396627,/novatel/oem7/inspva,/novatel/oem7/inspva,/novatel/oem7/inspva,39.663,-75.756,-1.800918143,0.000068472,0.000583841,-0.000067873,0.000009038,0.000583841,,novatel_oem7_msgs.msg.InertialSolutionStatus(status=3),
1786043798789616074,1786043798.786651484,/novatel/oem7/fix,/novatel/oem7/fix,/novatel/oem7/inspva,39.663,-75.756,-1.800918143,0.000068472,0.000583841,-0.000067873,0.000009038,0.000583841,,0,
1786043798791096409,1786043798.787307463,/novatel/oem7/odom,/novatel/oem7/fix,/novatel/oem7/odom,39.663,-75.756,-1.800918143,0.000069769,0.000583687,0.000003535,-0.000069680,0.000583687,,,
1786043798795609334,1786043798.794762102,/novatel/oem7/odom,/novatel/oem7/fix,/novatel/oem7/odom,39.663,-75.756,-1.800918143,0.000069769,0.000583687,0.000003535,-0.000069680,0.000583687,,,
1786043798807826267,1786043798.807193837,/novatel/oem7/inspva,/novatel/oem7/inspva,/novatel/oem7/inspva,39.663,-75.756,-1.800919884,0.000790337,0.000543847,-0.000284825,0.000737229,0.000543847,,novatel_oem7_msgs.msg.InertialSolutionStatus(status=3),
1786043798809267432,1786043798.807342812,/novatel/oem7/fix,/novatel/oem7/fix,/novatel/oem7/inspva,39.663,-75.756,-1.800919884,0.000790337,0.000543847,-0.000284825,0.000737229,0.000543847,,0,
1786043798810512437,1786043798.807737893,/novatel/oem7/odom,/novatel/oem7/fix,/novatel/oem7/odom,39.663,-75.756,-1.800919884,0.000789004,0.000545778,0.000720513,-0.000321542,0.000545778,,,
1786043798812116817,1786043798.810270555,/novatel/oem7/bestpos,/novatel/oem7/bestpos,/novatel/oem7/odom,39.663,-75.756,33.181529035,0.000789004,0.000545778,0.000720513,-0.000321542,0.000545778,,novatel_oem7_msgs.msg.SolutionStatus(status=0),novatel_oem7_msgs.msg.PositionOrVelocityType(type=53)
1786043798813115387,1786043798.810640516,/novatel/oem7/bestvel,/novatel/oem7/bestpos,/novatel/oem7/bestvel,39.663,-75.756,33.181529035,0.000856045,0.000524799,,,,111.011255955,novatel_oem7_msgs.msg.SolutionStatus(status=0),novatel_oem7_msgs.msg.PositionOrVelocityType(type=53)
1786043798816330889,1786043798.815556088,/novatel/oem7/odom,/novatel/oem7/bestpos,/novatel/oem7/odom,39.663,-75.756,33.181529035,0.000789004,0.000545778,0.000720513,-0.000321542,0.000545778,,,
1786043798825875492,1786043798.825010277,/novatel/oem7/inspva,/novatel/oem7/inspva,/novatel/oem7/inspva,39.663,-75.756,-1.800924531,0.000303368,0.000437129,-0.000266922,0.000144170,0.000437129,,novatel_oem7_msgs.msg.InertialSolutionStatus(status=3),
1786043798827565569,1786043798.825224666,/novatel/oem7/fix,/novatel/oem7/fix,/novatel/oem7/inspva,39.663,-75.756,-1.800924531,0.000303368,0.000437129,-0.000266922,0.000144170,0.000437129,,0,
1786043798828874276,1786043798.825874859,/novatel/oem7/odom,/novatel/oem7/fix,/novatel/oem7/odom,39.663,-75.756,-1.800924531,0.000303635,0.000436944,0.000129421,-0.000274671,0.000436944,,,
1786043798835288807,1786043798.834492579,/novatel/oem7/odom,/novatel/oem7/fix,/novatel/oem7/odom,39.663,-75.756,-1.800924531,0.000303635,0.000436944,0.000129421,-0.000274671,0.000436944,,,
1786043798847395366,1786043798.846588511,/novatel/oem7/inspva,/novatel/oem7/inspva,/novatel/oem7/inspva,39.663,-75.756,-1.800922275,0.000677448,0.000765066,-0.000274773,0.000619222,0.000765066,,novatel_oem7_msgs.msg.InertialSolutionStatus(status=3),
1786043798849081873,1786043798.846795106,/novatel/oem7/fix,/novatel/oem7/fix,/novatel/oem7/inspva,39.663,-75.756,-1.800922275,0.000677448,0.000765066,-0.000274773,0.000619222,0.000765066,,0,
1786043798850257271,1786043798.847341676,/novatel/oem7/odom,/novatel/oem7/fix,/novatel/oem7/odom,39.663,-75.756,-1.800922275,0.000675733,0.000766581,0.000602303,-0.000306343,0.000766581,,,
1786043798858038950,1786043798.857101120,/novatel/oem7/odom,/novatel/oem7/fix,/novatel/oem7/odom,39.663,-75.756,-1.800922275,0.000675733,0.000766581,0.000602303,-0.000306343,0.000766581,,,
1786043798865845545,1786043798.865019074,/novatel/oem7/inspva,/novatel/oem7/inspva,/novatel/oem7/inspva,39.663,-75.756,-1.800925713,0.000675622,0.000777116,-0.000555226,0.000384954,0.000777116,,novatel_oem7_msgs.msg.InertialSolutionStatus(status=3),
1786043798867807792,1786043798.865284066,/novatel/oem7/fix,/novatel/oem7/fix,/novatel/oem7/inspva,39.663,-75.756,-1.800925713,0.000675622,0.000777116,-0.000555226,0.000384954,0.000777116,,0,
1786043798869244293,1786043798.865644140,/novatel/oem7/odom,/novatel/oem7/fix,/novatel/oem7/odom,39.663,-75.756,-1.800925713,0.000675715,0.000777036,0.000354677,-0.000575148,0.000777036,,,
1786043798876204620,1786043798.875452182,/novatel/oem7/odom,/novatel/oem7/fix,/novatel/oem7/odom,39.663,-75.756,-1.800925713,0.000675715,0.000777036,0.000354677,-0.000575148,0.000777036,,,
1786043798885992605,1786043798.885230998,/novatel/oem7/inspva,/novatel/oem7/inspva,/novatel/oem7/inspva,39.663,-75.756,-1.800926153,0.000937128,0.000419300,-0.000398392,0.000848230,0.000419300,,novatel_oem7_msgs.msg.InertialSolutionStatus(status=3),
1786043798887549127,1786043798.885486926,/novatel/oem7/fix,/novatel/oem7/fix,/novatel/oem7/inspva,39.663,-75.756,-1.800926153,0.000937128,0.000419300,-0.000398392,0.000848230,0.000419300,,0,
1786043798888629425,1786043798.886004932,/novatel/oem7/odom,/novatel/oem7/fix,/novatel/oem7/odom,39.663,-75.756,-1.800926153,0.000936217,0.000421330,0.000826358,-0.000440040,0.000421330,,,
1786043798895578225,1786043798.894895365,/novatel/oem7/odom,/novatel/oem7/fix,/novatel/oem7/odom,39.663,-75.756,-1.800926153,0.000936217,0.000421330,0.000826358,-0.000440040,0.000421330,,,
1786043798906293440,1786043798.905748014,/novatel/oem7/inspva,/novatel/oem7/inspva,/novatel/oem7/inspva,39.663,-75.756,-1.800926906,0.000786224,0.000624071,-0.000455303,0.000640973,0.000624071,,novatel_oem7_msgs.msg.InertialSolutionStatus(status=3),
1786043798907637094,1786043798.905928323,/novatel/oem7/fix,/novatel/oem7/fix,/novatel/oem7/inspva,39.663,-75.756,-1.800926906,0.000786224,0.000624071,-0.000455303,0.000640973,0.000624071,,0,
1786043798908682277,1786043798.906386917,/novatel/oem7/odom,/novatel/oem7/fix,/novatel/oem7/odom,39.663,-75.756,-1.800926906,0.000785335,0.000625190,0.000615818,-0.000487358,0.000625190,,,
1786043798910217816,1786043798.909477695,/novatel/oem7/bestpos,/novatel/oem7/bestpos,/novatel/oem7/odom,39.663,-75.756,33.181523556,0.000785335,0.000625190,0.000615818,-0.000487358,0.000625190,,novatel_oem7_msgs.msg.SolutionStatus(status=0),novatel_oem7_msgs.msg.PositionOrVelocityType(type=53)
1786043798911698071,1786043798.910178945,/novatel/oem7/bestvel,/novatel/oem7/bestpos,/novatel/oem7/bestvel,39.663,-75.756,33.181523556,0.000631885,0.000858850,,,,151.742128759,novatel_oem7_msgs.msg.SolutionStatus(status=0),novatel_oem7_msgs.msg.PositionOrVelocityType(type=53)
1786043798915225186,1786043798.914506913,/novatel/oem7/odom,/novatel/oem7/bestpos,/novatel/oem7/odom,39.663,-75.756,33.181523556,0.000785335,0.000625190,0.000615818,-0.000487358,0.000625190,,,
1786043798926063399,1786043798.925308975,/novatel/oem7/inspva,/novatel/oem7/inspva,/novatel/oem7/inspva,39.663,-75.756,-1.800924729,0.001464484,0.000677155,-0.000973809,0.001093805,0.000677155,,novatel_oem7_msgs.msg.InertialSolutionStatus(status=3),
1786043798927835517,1786043798.925571431,/novatel/oem7/fix,/novatel/oem7/fix,/novatel/oem7/inspva,39.663,-75.756,-1.800924729,0.001464484,0.000677155,-0.000973809,0.001093805,0.000677155,,0,
1786043798929180841,1786043798.926043622,/novatel/oem7/odom,/novatel/oem7/fix,/novatel/oem7/odom,39.663,-75.756,-1.800924729,0.001463853,0.000678519,0.001042809,-0.001027333,0.000678519,,,
1786043798936344243,1786043798.935512838,/novatel/oem7/odom,/novatel/oem7/fix,/novatel/oem7/odom,39.663,-75.756,-1.800924729,0.001463853,0.000678519,0.001042809,-0.001027333,0.000678519,,,
1786043798946008413,1786043798.945186962,/novatel/oem7/inspva,/novatel/oem7/inspva,/novatel/oem7/inspva,39.663,-75.756,-1.800924964,0.001230386,0.000815616,-0.000857666,0.000882190,0.000815616,,novatel_oem7_msgs.msg.InertialSolutionStatus(status=3),
1786043798947613850,1786043798.945534472,/novatel/oem7/fix,/novatel/oem7/fix,/novatel/oem7/inspva,39.663,-75.756,-1.800924964,0.001230386,0.000815616,-0.000857666,0.000882190,0.000815616,,0,
1786043798948748564,1786043798.945889862,/novatel/oem7/odom,/novatel/oem7/fix,/novatel/oem7/odom,39.663,-75.756,-1.800924964,0.001229781,0.000816529,0.000836550,-0.000901412,0.000816529,,,
1786043798956895283,1786043798.955789128,/novatel/oem7/odom,/novatel/oem7/fix,/novatel/oem7/odom,39.663,-75.756,-1.800924964,0.001229781,0.000816529,0.000836550,-0.000901412,0.000816529,,,
1786043798967888331,1786043798.967104636,/novatel/oem7/inspva,/novatel/oem7/inspva,/novatel/oem7/inspva,39.663,-75.756,-1.800923440,0.001321928,0.000445520,-0.000892638,0.000975033,0.000445520,,novatel_oem7_msgs.msg.InertialSolutionStatus(status=3),
1786043798969642755,1786043798.967365062,/novatel/oem7/fix,/novatel/oem7/fix,/novatel/oem7/inspva,39.663,-75.756,-1.800923440,0.001321928,0.000445520,-0.000892638,0.000975033,0.000445520,,0,
1786043798971025479,1786043798.967814290,/novatel/oem7/odom,/novatel/oem7/fix,/novatel/oem7/odom,39.663,-75.756,-1.800923440,0.001321539,0.000446673,0.000928995,-0.000939911,0.000446673,,,
1786043798975498008,1786043798.974672163,/novatel/oem7/odom,/novatel/oem7/fix,/novatel/oem7/odom,39.663,-75.756,-1.800923440,0.001321539,0.000446673,0.000928995,-0.000939911,0.000446673,,,
1786043798985651816,1786043798.984876475,/novatel/oem7/inspva,/novatel/oem7/inspva,/novatel/oem7/inspva,39.663,-75.756,-1.800918732,0.001201893,0.000794278,-0.000879080,0.000819612,0.000794278,,novatel_oem7_msgs.msg.InertialSolutionStatus(status=3),
1786043798987275053,1786043798.985062844,/novatel/oem7/fix,/novatel/oem7/fix,/novatel/oem7/inspva,39.663,-75.756,-1.800918732,0.001201893,0.000794278,-0.000879080,0.000819612,0.000794278,,0,
1786043798988621256,1786043798.985404044,/novatel/oem7/odom,/novatel/oem7/fix,/novatel/oem7/odom,39.663,-75.756,-1.800918732,0.001201480,0.000794904,0.000773084,-0.000919725,0.000794904,,,
1786043798996619951,1786043798.995639054,/novatel/oem7/odom,/novatel/oem7/fix,/novatel/oem7/odom,39.663,-75.756,-1.800918732,0.001201480,0.000794904,0.000773084,-0.000919725,0.000794904,,,
1786043799011145870,1786043799.010501367,/novatel/oem7/inspva,/novatel/oem7/inspva,/novatel/oem7/inspva,39.663,-75.756,-1.800912074,0.001186292,0.000758216,-0.000887230,0.000787472,0.000758216,,novatel_oem7_msgs.msg.InertialSolutionStatus(status=3),
1786043799012676056,1786043799.010690746,/novatel/oem7/fix,/novatel/oem7/fix,/novatel/oem7/inspva,39.663,-75.756,-1.800912074,0.001186292,0.000758216,-0.000887230,0.000787472,0.000758216,,0,
1786043799014784234,1786043799.012119587,/novatel/oem7/odom,/novatel/oem7/fix,/novatel/oem7/odom,39.663,-75.756,-1.800912074,0.001185973,0.000758715,0.000740727,-0.000926205,0.000758715,,,
1786043799016410493,1786043799.014706579,/novatel/oem7/odom,/novatel/oem7/fix,/novatel/oem7/odom,39.663,-75.756,-1.800912074,0.001185973,0.000758715,0.000740727,-0.000926205,0.000758715,,,
1786043799027388101,1786043799.026686340,/novatel/oem7/bestpos,/novatel/oem7/bestpos,/novatel/oem7/odom,39.663,-75.756,33.181536103,0.001185973,0.000758715,0.000740727,-0.000926205,0.000758715,,novatel_oem7_msgs.msg.SolutionStatus(status=0),novatel_oem7_msgs.msg.PositionOrVelocityType(type=53)
1786043799028928140,1786043799.027189682,/novatel/oem7/bestvel,/novatel/oem7/bestpos,/novatel/oem7/bestvel,39.663,-75.756,33.181536103,0.001380558,0.000866554,,,,143.313460336,novatel_oem7_msgs.msg.SolutionStatus(status=0),novatel_oem7_msgs.msg.PositionOrVelocityType(type=53)
1786043799029845822,1786043799.027537866,/novatel/oem7/inspva,/novatel/oem7/inspva,/novatel/oem7/inspva,39.663,-75.756,-1.800908753,0.001134867,0.000848641,-0.000866542,0.000732822,0.000848641,,novatel_oem7_msgs.msg.InertialSolutionStatus(status=3),
1786043799030670440,1786043799.027694257,/novatel/oem7/fix,/novatel/oem7/fix,/novatel/oem7/inspva,39.663,-75.756,-1.800908753,0.001134867,0.000848641,-0.000866542,0.000732822,0.000848641,,0,
1786043799031711064,1786043799.028177295,/novatel/oem7/odom,/novatel/oem7/fix,/novatel/oem7/odom,39.663,-75.756,-1.800908753,0.001134607,0.000848988,0.000686797,-0.000903130,0.000848988,,,
1786043799035716325,1786043799.034972040,/novatel/oem7/odom,/novatel/oem7/fix,/novatel/oem7/odom,39.663,-75.756,-1.800908753,0.001134607,0.000848988,0.000686797,-0.000903130,0.000848988,,,
1786043799045969841,1786043799.045376565,/novatel/oem7/inspva,/novatel/oem7/inspva,/novatel/oem7/inspva,39.663,-75.756,-1.800914093,0.001674907,0.000512509,-0.001326865,0.001022126,0.000512509,,novatel_oem7_msgs.msg.InertialSolutionStatus(status=3),
1786043799047360072,1786043799.045578917,/novatel/oem7/fix,/novatel/oem7/fix,/novatel/oem7/inspva,39.663,-75.756,-1.800914093,0.001674907,0.000512509,-0.001326865,0.001022126,0.000512509,,0,
1786043799048418146,1786043799.046137766,/novatel/oem7/odom,/novatel/oem7/fix,/novatel/oem7/odom,39.663,-75.756,-1.800914093,0.001674853,0.000512685,0.000954740,-0.001376083,0.000512685,,,
1786043799057822564,1786043799.056723700,/novatel/oem7/odom,/novatel/oem7/fix,/novatel/oem7/odom,39.663,-75.756,-1.800914093,0.001674853,0.000512685,0.000954740,-0.001376083,0.000512685,,,
1786043799066023480,1786043799.065174472,/novatel/oem7/inspva,/novatel/oem7/inspva,/novatel/oem7/inspva,39.663,-75.756,-1.800913203,0.001698229,0.000855364,-0.001277720,0.001118666,0.000855364,,novatel_oem7_msgs.msg.InertialSolutionStatus(status=3),
1786043799067860652,1786043799.065465835,/novatel/oem7/fix,/novatel/oem7/fix,/novatel/oem7/inspva,39.663,-75.756,-1.800913203,0.001698229,0.000855364,-0.001277720,0.001118666,0.000855364,,0,
1786043799069294110,1786043799.065857895,/novatel/oem7/odom,/novatel/oem7/fix,/novatel/oem7/odom,39.663,-75.756,-1.800913203,0.001697891,0.000856035,0.001052238,-0.001332528,0.000856035,,,
1786043799075410741,1786043799.074652531,/novatel/oem7/odom,/novatel/oem7/fix,/novatel/oem7/odom,39.663,-75.756,-1.800913203,0.001697891,0.000856035,0.001052238,-0.001332528,0.000856035,,,
1786043799087830480,1786043799.086898694,/novatel/oem7/inspva,/novatel/oem7/inspva,/novatel/oem7/inspva,39.663,-75.756,-1.800914112,0.001574696,0.000615880,-0.001251581,0.000955622,0.000615880,,novatel_oem7_msgs.msg.InertialSolutionStatus(status=3),
1786043799089522014,1786043799.087191114,/novatel/oem7/fix,/novatel/oem7/fix,/novatel/oem7/inspva,39.663,-75.756,-1.800914112,0.001574696,0.000615880,-0.001251581,0.000955622,0.000615880,,0,
1786043799090661955,1786043799.087780003,/novatel/oem7/odom,/novatel/oem7/fix,/novatel/oem7/odom,39.663,-75.756,-1.800914112,0.001574643,0.000616016,0.000891573,-0.001297920,0.000616016,,,
1786043799095981553,1786043799.095295096,/novatel/oem7/odom,/novatel/oem7/fix,/novatel/oem7/odom,39.663,-75.756,-1.800914112,0.001574643,0.000616016,0.000891573,-0.001297920,0.000616016,,,
1786043799106358003,1786043799.105792538,/novatel/oem7/inspva,/novatel/oem7/inspva,/novatel/oem7/inspva,39.663,-75.756,-1.800912432,0.001492712,0.000656676,-0.001192896,0.000897322,0.000656676,,novatel_oem7_msgs.msg.InertialSolutionStatus(status=3),
1786043799107768121,1786043799.105963123,/novatel/oem7/fix,/novatel/oem7/fix,/novatel/oem7/inspva,39.663,-75.756,-1.800912432,0.001492712,0.000656676,-0.001192896,0.000897322,0.000656676,,0,
1786043799108848459,1786043799.106443221,/novatel/oem7/odom,/novatel/oem7/fix,/novatel/oem7/odom,39.663,-75.756,-1.800912432,0.001492676,0.000656757,0.000836032,-0.001236581,0.000656757,,,
1786043799110482275,1786043799.109754888,/novatel/oem7/bestpos,/novatel/oem7/bestpos,/novatel/oem7/odom,39.663,-75.756,33.181541773,0.001492676,0.000656757,0.000836032,-0.001236581,0.000656757,,novatel_oem7_msgs.msg.SolutionStatus(status=0),novatel_oem7_msgs.msg.PositionOrVelocityType(type=53)
1786043799111986677,1786043799.110514412,/novatel/oem7/bestvel,/novatel/oem7/bestpos,/novatel/oem7/bestvel,39.663,-75.756,33.181541773,0.001334205,0.000912206,,,,159.569166522,novatel_oem7_msgs.msg.SolutionStatus(status=0),novatel_oem7_msgs.msg.PositionOrVelocityType(type=53)
1786043799116565136,1786043799.115698154,/novatel/oem7/odom,/novatel/oem7/bestpos,/novatel/oem7/odom,39.663,-75.756,33.181541773,0.001492676,0.000656757,0.000836032,-0.001236581,0.000656757,,,
1786043799127112366,1786043799.126034872,/novatel/oem7/inspva,/novatel/oem7/inspva,/novatel/oem7/inspva,39.663,-75.756,-1.800904720,0.001485517,0.001198355,-0.001322774,0.000676039,0.001198355,,novatel_oem7_msgs.msg.InertialSolutionStatus(status=3),
1786043799129162987,1786043799.126371632,/novatel/oem7/fix,/novatel/oem7/fix,/novatel/oem7/inspva,39.663,-75.756,-1.800904720,0.001485517,0.001198355,-0.001322774,0.000676039,0.001198355,,0,
1786043799130749316,1786043799.127056369,/novatel/oem7/odom,/novatel/oem7/fix,/novatel/oem7/odom,39.663,-75.756,-1.800904720,0.001486375,0.001197291,0.000606685,-0.001356925,0.001197291,,,
1786043799135663266,1786043799.134745273,/novatel/oem7/odom,/novatel/oem7/fix,/novatel/oem7/odom,39.663,-75.756,-1.800904720,0.001486375,0.001197291,0.000606685,-0.001356925,0.001197291,,,
1786043799146830828,1786043799.146223919,/novatel/oem7/inspva,/novatel/oem7/inspva,/novatel/oem7/inspva,39.663,-75.756,-1.800904438,0.001346090,0.000945138,-0.001063261,0.000825491,0.000945138,,novatel_oem7_msgs.msg.InertialSolutionStatus(status=3),
1786043799148226782,1786043799.146406047,/novatel/oem7/fix,/novatel/oem7/fix,/novatel/oem7/inspva,39.663,-75.756,-1.800904438,0.001346090,0.000945138,-0.001063261,0.000825491,0.000945138,,0,
1786043799149306403,1786043799.146937229,/novatel/oem7/odom,/novatel/oem7/fix,/novatel/oem7/odom,39.663,-75.756,-1.800904438,0.001345978,0.000945298,0.000769483,-0.001104334,0.000945298,,,
1786043799157210713,1786043799.156098775,/novatel/oem7/odom,/novatel/oem7/fix,/novatel/oem7/odom,39.663,-75.756,-1.800904438,0.001345978,0.000945298,0.000769483,-0.001104334,0.000945298,,,
1786043799166698102,1786043799.165467393,/novatel/oem7/inspva,/novatel/oem7/inspva,/novatel/oem7/inspva,39.663,-75.756,-1.800901088,0.001779193,0.000826965,-0.001450871,0.001029806,0.000826965,,novatel_oem7_msgs.msg.InertialSolutionStatus(status=3),
1786043799168934644,1786043799.165850013,/novatel/oem7/fix,/novatel/oem7/fix,/novatel/oem7/inspva,39.663,-75.756,-1.800901088,0.001779193,0.000826965,-0.001450871,0.001029806,0.000826965,,0,
1786043799170533591,1786043799.166233831,/novatel/oem7/odom,/novatel/oem7/fix,/novatel/oem7/odom,39.663,-75.756,-1.800901088,0.001779243,0.000826856,0.000955232,-0.001501079,0.000826856,,,
1786043799176670446,1786043799.175740317,/novatel/oem7/odom,/novatel/oem7/fix,/novatel/oem7/odom,39.663,-75.756,-1.800901088,0.001779243,0.000826856,0.000955232,-0.001501079,0.000826856,,,
1786043799185885039,1786043799.185297116,/novatel/oem7/inspva,/novatel/oem7/inspva,/novatel/oem7/inspva,39.663,-75.756,-1.800898983,0.001436664,0.000643858,-0.001015003,0.001016746,0.000643858,,novatel_oem7_msgs.msg.InertialSolutionStatus(status=3),
1786043799187250923,1786043799.185475205,/novatel/oem7/fix,/novatel/oem7/fix,/novatel/oem7/inspva,39.663,-75.756,-1.800898983,0.001436664,0.000643858,-0.001015003,0.001016746,0.000643858,,0,
1786043799188325407,1786043799.185914033,/novatel/oem7/odom,/novatel/oem7/fix,/novatel/oem7/odom,39.663,-75.756,-1.800898983,0.001436223,0.000644841,0.000963987,-0.001064644,0.000644841,,,
1786043799196760559,1786043799.194719174,/novatel/oem7/odom,/novatel/oem7/fix,/novatel/oem7/odom,39.663,-75.756,-1.800898983,0.001436223,0.000644841,0.000963987,-0.001064644,0.000644841,,,
1786043799206775463,1786043799.205777393,/novatel/oem7/inspva,/novatel/oem7/inspva,/novatel/oem7/inspva,39.663,-75.756,-1.800892655,0.001336563,0.001005256,-0.001145654,0.000688388,0.001005256,,novatel_oem7_msgs.msg.InertialSolutionStatus(status=3),
1786043799208808790,1786043799.206024312,/novatel/oem7/fix,/novatel/oem7/fix,/novatel/oem7/inspva,39.663,-75.756,-1.800892655,0.001336563,0.001005256,-0.001145654,0.000688388,0.001005256,,0,
1786043799210292552,1786043799.206833177,/novatel/oem7/odom,/novatel/oem7/fix,/novatel/oem7/odom,39.663,-75.756,-1.800892655,0.001336983,0.001004698,0.000628331,-0.001180137,0.001004698,,,
1786043799212256861,1786043799.210390412,/novatel/oem7/bestpos,/novatel/oem7/bestpos,/novatel/oem7/odom,39.663,-75.756,33.181562558,0.001336983,0.001004698,0.000628331,-0.001180137,0.001004698,,novatel_oem7_msgs.msg.SolutionStatus(status=0),novatel_oem7_msgs.msg.PositionOrVelocityType(type=53)
1786043799213575418,1786043799.210922652,/novatel/oem7/bestvel,/novatel/oem7/bestpos,/novatel/oem7/bestvel,39.663,-75.756,33.181562558,0.001347991,0.000774866,,,,135.967998586,novatel_oem7_msgs.msg.SolutionStatus(status=0),novatel_oem7_msgs.msg.PositionOrVelocityType(type=53)
1786043799216681463,1786043799.215732850,/novatel/oem7/odom,/novatel/oem7/bestpos,/novatel/oem7/odom,39.663,-75.756,33.181562558,0.001336983,0.001004698,0.000628331,-0.001180137,0.001004698,,,
1786043799225943506,1786043799.225219619,/novatel/oem7/inspva,/novatel/oem7/inspva,/novatel/oem7/inspva,39.663,-75.756,-1.800889922,0.001391734,0.000777211,-0.000913854,0.001049665,0.000777211,,novatel_oem7_msgs.msg.InertialSolutionStatus(status=3),
1786043799227322733,1786043799.225540435,/novatel/oem7/fix,/novatel/oem7/fix,/novatel/oem7/inspva,39.663,-75.756,-1.800889922,0.001391734,0.000777211,-0.000913854,0.001049665,0.000777211,,0,
1786043799228384088,1786043799.225978550,/novatel/oem7/odom,/novatel/oem7/fix,/novatel/oem7/odom,39.663,-75.756,-1.800889922,0.001390966,0.000778585,0.001001268,-0.000965531,0.000778585,,,
1786043799236165519,1786043799.235503802,/novatel/oem7/odom,/novatel/oem7/fix,/novatel/oem7/odom,39.663,-75.756,-1.800889922,0.001390966,0.000778585,0.001001268,-0.000965531,0.000778585,,,
1786043799246297875,1786043799.245505940,/novatel/oem7/inspva,/novatel/oem7/inspva,/novatel/oem7/inspva,39.663,-75.756,-1.800877315,0.001119358,0.001247639,-0.000816990,0.000765173,0.001247639,,novatel_oem7_msgs.msg.InertialSolutionStatus(status=3),
1786043799248009795,1786043799.245732686,/novatel/oem7/fix,/novatel/oem7/fix,/novatel/oem7/inspva,39.663,-75.756,-1.800877315,0.001119358,0.001247639,-0.000816990,0.000765173,0.001247639,,0,
1786043799249159030,1786043799.246378265,/novatel/oem7/odom,/novatel/oem7/fix,/novatel/oem7/odom,39.663,-75.756,-1.800877315,0.001118703,0.001248226,0.000720041,-0.000856176,0.001248226,,,
1786043799257523874,1786043799.256478881,/novatel/oem7/odom,/novatel/oem7/fix,/novatel/oem7/odom,39.663,-75.756,-1.800877315,0.001118703,0.001248226,0.000720041,-0.000856176,0.001248226,,,
1786043799266800545,1786043799.265961726,/novatel/oem7/inspva,/novatel/oem7/inspva,/novatel/oem7/inspva,39.663,-75.756,-1.800869620,0.001213406,0.001163225,-0.000656471,0.001020490,0.001163225,,novatel_oem7_msgs.msg.InertialSolutionStatus(status=3),
1786043799268662684,1786043799.266220342,/novatel/oem7/fix,/novatel/oem7/fix,/novatel/oem7/inspva,39.663,-75.756,-1.800869620,0.001213406,0.001163225,-0.000656471,0.001020490,0.001163225,,0,
1786043799270137112,1786043799.266781721,/novatel/oem7/odom,/novatel/oem7/fix,/novatel/oem7/odom,39.663,-75.756,-1.800869620,0.001211537,0.001165171,0.000983143,-0.000707991,0.001165171,,,
1786043799275473009,1786043799.274652547,/novatel/oem7/odom,/novatel/oem7/fix,/novatel/oem7/odom,39.663,-75.756,-1.800869620,0.001211537,0.001165171,0.000983143,-0.000707991,0.001165171,,,
1786043799286330802,1786043799.285347368,/novatel/oem7/inspva,/novatel/oem7/inspva,/novatel/oem7/inspva,39.663,-75.756,-1.800857167,0.001373055,0.001245884,-0.000950685,0.000990696,0.001245884,,novatel_oem7_msgs.msg.InertialSolutionStatus(status=3),
1786043799288492754,1786043799.285617588,/novatel/oem7/fix,/novatel/oem7/fix,/novatel/oem7/inspva,39.663,-75.756,-1.800857167,0.001373055,0.001245884,-0.000950685,0.000990696,0.001245884,,0,
1786043799289778463,1786043799.286047855,/novatel/oem7/odom,/novatel/oem7/fix,/novatel/oem7/odom,39.663,-75.756,-1.800857167,0.001372098,0.001246938,0.000938823,-0.001000633,0.001246938,,,
1786043799296317526,1786043799.295418200,/novatel/oem7/odom,/novatel/oem7/fix,/novatel/oem7/odom,39.663,-75.756,-1.800857167,0.001372098,0.001246938,0.000938823,-0.001000633,0.001246938,,,
1786043799306966723,1786043799.306116078,/novatel/oem7/inspva,/novatel/oem7/inspva,/novatel/oem7/inspva,39.663,-75.756,-1.800847604,0.001281168,0.001100959,-0.000778494,0.001017516,0.001100959,,novatel_oem7_msgs.msg.InertialSolutionStatus(status=3),
1786043799309010371,1786043799.306352287,/novatel/oem7/fix,/novatel/oem7/fix,/novatel/oem7/inspva,39.663,-75.756,-1.800847604,0.001281168,0.001100959,-0.000778494,0.001017516,0.001100959,,0,
1786043799310208393,1786043799.306873862,/novatel/oem7/odom,/novatel/oem7/fix,/novatel/oem7/odom,39.663,-75.756,-1.800847604,0.001279784,0.001102568,0.000974501,-0.000829575,0.001102568,,,
1786043799311881230,1786043799.309741914,/novatel/oem7/bestpos,/novatel/oem7/bestpos,/novatel/oem7/odom,39.663,-75.756,33.181611367,0.001279784,0.001102568,0.000974501,-0.000829575,0.001102568,,novatel_oem7_msgs.msg.SolutionStatus(status=0),novatel_oem7_msgs.msg.PositionOrVelocityType(type=53)
1786043799312863943,1786043799.310417291,/novatel/oem7/bestvel,/novatel/oem7/bestpos,/novatel/oem7/bestvel,39.663,-75.756,33.181611367,0.001544183,0.001012294,,,,123.868566377,novatel_oem7_msgs.msg.SolutionStatus(status=0),novatel_oem7_msgs.msg.PositionOrVelocityType(type=53)
1786043799315448949,1786043799.314485602,/novatel/oem7/odom,/novatel/oem7/bestpos,/novatel/oem7/odom,39.663,-75.756,33.181611367,0.001279784,0.001102568,0.000974501,-0.000829575,0.001102568,,,
1786043799327083966,1786043799.326237141,/novatel/oem7/inspva,/novatel/oem7/inspva,/novatel/oem7/inspva,39.663,-75.756,-1.800835724,0.001224730,0.001026552,-0.000969852,0.000747898,0.001026552,,novatel_oem7_msgs.msg.InertialSolutionStatus(status=3),
1786043799328756433,1786043799.326475020,/novatel/oem7/fix,/novatel/oem7/fix,/novatel/oem7/inspva,39.663,-75.756,-1.800835724,0.001224730,0.001026552,-0.000969852,0.000747898,0.001026552,,0,
1786043799329880124,1786043799.326983718,/novatel/oem7/odom,/novatel/oem7/fix,/novatel/oem7/odom,39.663,-75.756,-1.800835724,0.001224637,0.001026664,0.000696211,-0.001007485,0.001026664,,,
1786043799336091204,1786043799.335350659,/novatel/oem7/odom,/novatel/oem7/fix,/novatel/oem7/odom,39.663,-75.756,-1.800835724,0.001224637,0.001026664,0.000696211,-0.001007485,0.001026664,,,
1786043799345600803,1786043799.344912096,/novatel/oem7/inspva,/novatel/oem7/inspva,/novatel/oem7/inspva,39.663,-75.756,-1.800823020,0.001035894,0.001221911,-0.000768824,0.000694253,0.001221911,,novatel_oem7_msgs.msg.InertialSolutionStatus(status=3),
1786043799347020894,1786043799.345078907,/novatel/oem7/fix,/novatel/oem7/fix,/novatel/oem7/inspva,39.663,-75.756,-1.800823020,0.001035894,0.001221911,-0.000768824,0.000694253,0.001221911,,0,
1786043799348136658,1786043799.345534622,/novatel/oem7/odom,/novatel/oem7/fix,/novatel/oem7/odom,39.663,-75.756,-1.800823020,0.001035349,0.001222373,0.000651625,-0.000804570,0.001222373,,,
1786043799356878240,1786043799.355792295,/novatel/oem7/odom,/novatel/oem7/fix,/novatel/oem7/odom,39.663,-75.756,-1.800823020,0.001035349,0.001222373,0.000651625,-0.000804570,0.001222373,,,
1786043799367651795,1786043799.366609725,/novatel/oem7/inspva,/novatel/oem7/inspva,/novatel/oem7/inspva,39.663,-75.756,-1.800812727,0.000920737,0.000952898,-0.000710120,0.000586077,0.000952898,,novatel_oem7_msgs.msg.InertialSolutionStatus(status=3),
1786043799369582771,1786043799.366932825,/novatel/oem7/fix,/novatel/oem7/fix,/novatel/oem7/inspva,39.663,-75.756,-1.800812727,0.000920737,0.000952898,-0.000710120,0.000586077,0.000952898,,0,
1786043799371060112,1786043799.367370522,/novatel/oem7/odom,/novatel/oem7/fix,/novatel/oem7/odom,39.663,-75.756,-1.800812727,0.000920504,0.000953123,0.000547424,-0.000740037,0.000953123,,,
1786043799375791950,1786043799.375078373,/novatel/oem7/odom,/novatel/oem7/fix,/novatel/oem7/odom,39.663,-75.756,-1.800812727,0.000920504,0.000953123,0.000547424,-0.000740037,0.000953123,,,
1786043799385918259,1786043799.384994597,/novatel/oem7/inspva,/novatel/oem7/inspva,/novatel/oem7/inspva,39.663,-75.756,-1.800797678,0.000868790,0.001163640,-0.000691459,0.000526005,0.001163640,,novatel_oem7_msgs.msg.InertialSolutionStatus(status=3),
1786043799387634673,1786043799.385239039,/novatel/oem7/fix,/novatel/oem7/fix,/novatel/oem7/inspva,39.663,-75.756,-1.800797678,0.000868790,0.001163640,-0.000691459,0.000526005,0.001163640,,0,
1786043799388773785,1786043799.385790821,/novatel/oem7/odom,/novatel/oem7/fix,/novatel/oem7/odom,39.663,-75.756,-1.800797678,0.000868726,0.001163688,0.000487541,-0.000719020,0.001163688,,,
1786043799395274730,1786043799.394596104,/novatel/oem7/odom,/novatel/oem7/fix,/novatel/oem7/odom,39.663,-75.756,-1.800797678,0.000868726,0.001163688,0.000487541,-0.000719020,0.001163688,,,
1786043799407148840,1786043799.406390616,/novatel/oem7/inspva,/novatel/oem7/inspva,/novatel/oem7/inspva,39.663,-75.756,-1.800780216,0.001340115,0.001538479,-0.000766014,0.001099605,0.001538479,,novatel_oem7_msgs.msg.InertialSolutionStatus(status=3),
1786043799408765590,1786043799.406658665,/novatel/oem7/fix,/novatel/oem7/fix,/novatel/oem7/inspva,39.663,-75.756,-1.800780216,0.001340115,0.001538479,-0.000766014,0.001099605,0.001538479,,0,
1786043799409912561,1786043799.407044402,/novatel/oem7/odom,/novatel/oem7/fix,/novatel/oem7/odom,39.663,-75.756,-1.800780216,0.001337907,0.001540400,0.001055461,-0.000822190,0.001540400,,,
1786043799411557671,1786043799.410243648,/novatel/oem7/bestpos,/novatel/oem7/bestpos,/novatel/oem7/odom,39.663,-75.756,33.181675640,0.001337907,0.001540400,0.001055461,-0.000822190,0.001540400,,novatel_oem7_msgs.msg.SolutionStatus(status=0),novatel_oem7_msgs.msg.PositionOrVelocityType(type=53)
1786043799412564965,1786043799.410709686,/novatel/oem7/bestvel,/novatel/oem7/bestpos,/novatel/oem7/bestvel,39.663,-75.756,33.181675640,0.001216004,0.001588509,,,,127.227020637,novatel_oem7_msgs.msg.SolutionStatus(status=0),novatel_oem7_msgs.msg.PositionOrVelocityType(type=53)
1786043799415929129,1786043799.414853041,/novatel/oem7/odom,/novatel/oem7/bestpos,/novatel/oem7/odom,39.663,-75.756,33.181675640,0.001337907,0.001540400,0.001055461,-0.000822190,0.001540400,,,
1786043799426849309,1786043799.426054471,/novatel/oem7/inspva,/novatel/oem7/inspva,/novatel/oem7/inspva,39.663,-75.756,-1.800766109,0.001304382,0.001474160,-0.001008942,0.000826708,0.001474160,,novatel_oem7_msgs.msg.InertialSolutionStatus(status=3),
1786043799428607980,1786043799.426310017,/novatel/oem7/fix,/novatel/oem7/fix,/novatel/oem7/inspva,39.663,-75.756,-1.800766109,0.001304382,0.001474160,-0.001008942,0.000826708,0.001474160,,0,
1786043799430012801,1786043799.426703944,/novatel/oem7/odom,/novatel/oem7/fix,/novatel/oem7/odom,39.663,-75.756,-1.800766109,0.001304055,0.001474448,0.000771368,-0.001051452,0.001474448,,,
1786043799435341288,1786043799.434408525,/novatel/oem7/odom,/novatel/oem7/fix,/novatel/oem7/odom,39.663,-75.756,-1.800766109,0.001304055,0.001474448,0.000771368,-0.001051452,0.001474448,,,
1786043799445591568,1786043799.444993305,/novatel/oem7/inspva,/novatel/oem7/inspva,/novatel/oem7/inspva,39.663,-75.756,-1.800748491,0.001063773,0.001190964,-0.000702547,0.000798774,0.001190964,,novatel_oem7_msgs.msg.InertialSolutionStatus(status=3),
1786043799447015522,1786043799.445192470,/novatel/oem7/fix,/novatel/oem7/fix,/novatel/oem7/inspva,39.663,-75.756,-1.800748491,0.001063773,0.001190964,-0.000702547,0.000798774,0.001190964,,0,
1786043799448153714,1786043799.445582288,/novatel/oem7/odom,/novatel/oem7/fix,/novatel/oem7/odom,39.663,-75.756,-1.800748491,0.001062658,0.001191959,0.000759371,-0.000743368,0.001191959,,,
1786043799457868138,1786043799.456639862,/novatel/oem7/odom,/novatel/oem7/fix,/novatel/oem7/odom,39.663,-75.756,-1.800748491,0.001062658,0.001191959,0.000759371,-0.000743368,0.001191959,,,
1786043799465747417,1786043799.464941849,/novatel/oem7/inspva,/novatel/oem7/inspva,/novatel/oem7/inspva,39.663,-75.756,-1.800725435,0.001496135,0.001720983,-0.001180170,0.000919575,0.001720983,,novatel_oem7_msgs.msg.InertialSolutionStatus(status=3),
1786043799467477082,1786043799.465184005,/novatel/oem7/fix,/novatel/oem7/fix,/novatel/oem7/inspva,39.663,-75.756,-1.800725435,0.001496135,0.001720983,-0.001180170,0.000919575,0.001720983,,0,
1786043799468833102,1786043799.465678247,/novatel/oem7/odom,/novatel/oem7/fix,/novatel/oem7/odom,39.663,-75.756,-1.800725435,0.001495956,0.001721139,0.000854884,-0.001227622,0.001721139,,,
1786043799475448965,1786043799.474596880,/novatel/oem7/odom,/novatel/oem7/fix,/novatel/oem7/odom,39.663,-75.756,-1.800725435,0.001495956,0.001721139,0.000854884,-0.001227622,0.001721139,,,
1786043799487259718,1786043799.486557334,/novatel/oem7/inspva,/novatel/oem7/inspva,/novatel/oem7/inspva,39.663,-75.756,-1.800704933,0.001184011,0.001551890,-0.000829972,0.000844410,0.001551890,,novatel_oem7_msgs.msg.InertialSolutionStatus(status=3),
1786043799488927261,1786043799.486756566,/novatel/oem7/fix,/novatel/oem7/fix,/novatel/oem7/inspva,39.663,-75.756,-1.800704933,0.001184011,0.001551890,-0.000829972,0.000844410,0.001551890,,0,
1786043799490137547,1786043799.487330289,/novatel/oem7/odom,/novatel/oem7/fix,/novatel/oem7/odom,39.663,-75.756,-1.800704933,0.001182914,0.001552727,0.000797397,-0.000873752,0.001552727,,,
1786043799495940499,1786043799.494900088,/novatel/oem7/odom,/novatel/oem7/fix,/novatel/oem7/odom,39.663,-75.756,-1.800704933,0.001182914,0.001552727,0.000797397,-0.000873752,0.001552727,,,
1786043799506741344,1786043799.506000190,/novatel/oem7/inspva,/novatel/oem7/inspva,/novatel/oem7/inspva,39.663,-75.756,-1.800680357,0.001391664,0.001706339,-0.001183759,0.000731740,0.001706339,,novatel_oem7_msgs.msg.InertialSolutionStatus(status=3),
1786043799508487008,1786043799.506215989,/novatel/oem7/fix,/novatel/oem7/fix,/novatel/oem7/inspva,39.663,-75.756,-1.800680357,0.001391664,0.001706339,-0.001183759,0.000731740,0.001706339,,0,
1786043799509869426,1786043799.506787371,/novatel/oem7/odom,/novatel/oem7/fix,/novatel/oem7/odom,39.663,-75.756,-1.800680357,0.001392318,0.001705805,0.000667155,-0.001222070,0.001705805,,,
1786043799512590736,1786043799.511797302,/novatel/oem7/bestpos,/novatel/oem7/bestpos,/novatel/oem7/odom,39.663,-75.756,33.181764236,0.001392318,0.001705805,0.000667155,-0.001222070,0.001705805,,novatel_oem7_msgs.msg.SolutionStatus(status=0),novatel_oem7_msgs.msg.PositionOrVelocityType(type=53)
1786043799514247296,1786043799.512789525,/novatel/oem7/bestvel,/novatel/oem7/bestpos,/novatel/oem7/bestvel,39.663,-75.756,33.181764236,0.001436047,0.001325637,,,,127.951585199,novatel_oem7_msgs.msg.SolutionStatus(status=0),novatel_oem7_msgs.msg.PositionOrVelocityType(type=53)
1786043799515785866,1786043799.514637390,/novatel/oem7/odom,/novatel/oem7/bestpos,/novatel/oem7/odom,39.663,-75.756,33.181764236,0.001392318,0.001705805,0.000667155,-0.001222070,0.001705805,,,
1786043799526181024,1786043799.525334025,/novatel/oem7/inspva,/novatel/oem7/inspva,/novatel/oem7/inspva,39.663,-75.756,-1.800654458,0.001168318,0.001759645,-0.000820885,0.000831332,0.001759645,,novatel_oem7_msgs.msg.InertialSolutionStatus(status=3),
1786043799528026565,1786043799.525549737,/novatel/oem7/fix,/novatel/oem7/fix,/novatel/oem7/inspva,39.663,-75.756,-1.800654458,0.001168318,0.001759645,-0.000820885,0.000831332,0.001759645,,0,
1786043799529404879,1786043799.526194631,/novatel/oem7/odom,/novatel/oem7/fix,/novatel/oem7/odom,39.663,-75.756,-1.800654458,0.001167106,0.001760449,0.000784005,-0.000864565,0.001760449,,,
1786043799536107820,1786043799.535283278,/novatel/oem7/odom,/novatel/oem7/fix,/novatel/oem7/odom,39.663,-75.756,-1.800654458,0.001167106,0.001760449,0.000784005,-0.000864565,0.001760449,,,
1786043799546716271,1786043799.546131058,/novatel/oem7/inspva,/novatel/oem7/inspva,/novatel/oem7/inspva,39.663,-75.756,-1.800628684,0.001390366,0.001842684,-0.001047094,0.000914720,0.001842684,,novatel_oem7_msgs.msg.InertialSolutionStatus(status=3),
1786043799548130558,1786043799.546290209,/novatel/oem7/fix,/novatel/oem7/fix,/novatel/oem7/inspva,39.663,-75.756,-1.800628684,0.001390366,0.001842684,-0.001047094,0.000914720,0.001842684,,0,
1786043799549260869,1786043799.546878882,/novatel/oem7/odom,/novatel/oem7/fix,/novatel/oem7/odom,39.663,-75.756,-1.800628684,0.001389714,0.001843177,0.000856026,-0.001094771,0.001843177,,,
1786043799556908943,1786043799.555852850,/novatel/oem7/odom,/novatel/oem7/fix,/novatel/oem7/odom,39.663,-75.756,-1.800628684,0.001389714,0.001843177,0.000856026,-0.001094771,0.001843177,,,
1786043799566140880,1786043799.565330078,/novatel/oem7/inspva,/novatel/oem7/inspva,/novatel/oem7/inspva,39.663,-75.756,-1.800602977,0.001101411,0.001678371,-0.000842523,0.000709408,0.001678371,,novatel_oem7_msgs.msg.InertialSolutionStatus(status=3),
1786043799568015039,1786043799.565575224,/novatel/oem7/fix,/novatel/oem7/fix,/novatel/oem7/inspva,39.663,-75.756,-1.800602977,0.001101411,0.001678371,-0.000842523,0.000709408,0.001678371,,0,
1786043799569601328,1786043799.566252324,/novatel/oem7/odom,/novatel/oem7/fix,/novatel/oem7/odom,39.663,-75.756,-1.800602977,0.001100938,0.001678681,0.000661483,-0.000880060,0.001678681,,,
1786043799576334272,1786043799.575471174,/novatel/oem7/odom,/novatel/oem7/fix,/novatel/oem7/odom,39.663,-75.756,-1.800602977,0.001100938,0.001678681,0.000661483,-0.000880060,0.001678681,,,
1786043799585785038,1786043799.584990527,/novatel/oem7/inspva,/novatel/oem7/inspva,/novatel/oem7/inspva,39.663,-75.756,-1.800574336,0.001330493,0.001832731,-0.001116793,0.000723177,0.001832731,,novatel_oem7_msgs.msg.InertialSolutionStatus(status=3),
1786043799587840752,1786043799.585184589,/novatel/oem7/fix,/novatel/oem7/fix,/novatel/oem7/inspva,39.663,-75.756,-1.800574336,0.001330493,0.001832731,-0.001116793,0.000723177,0.001832731,,0,
1786043799588966457,1786043799.585745797,/novatel/oem7/odom,/novatel/oem7/fix,/novatel/oem7/odom,39.663,-75.756,-1.800574336,0.001331021,0.001832348,0.000661399,-0.001155062,0.001832348,,,
1786043799595299234,1786043799.594459195,/novatel/oem7/odom,/novatel/oem7/fix,/novatel/oem7/odom,39.663,-75.756,-1.800574336,0.001331021,0.001832348,0.000661399,-0.001155062,0.001832348,,,
1786043799607046536,1786043799.606353182,/novatel/oem7/inspva,/novatel/oem7/inspva,/novatel/oem7/inspva,39.663,-75.756,-1.800545885,0.001044951,0.001944241,-0.000666671,0.000804657,0.001944241,,novatel_oem7_msgs.msg.InertialSolutionStatus(status=3),
1786043799608824537,1786043799.606578277,/novatel/oem7/fix,/novatel/oem7/fix,/novatel/oem7/inspva,39.663,-75.756,-1.800545885,0.001044951,0.001944241,-0.000666671,0.000804657,0.001944241,,0,
1786043799609843337,1786043799.607153513,/novatel/oem7/odom,/novatel/oem7/fix,/novatel/oem7/odom,39.663,-75.756,-1.800545885,0.001042914,0.001945335,0.000764201,-0.000709694,0.001945335,,,
1786043799611268838,1786043799.610165527,/novatel/oem7/bestpos,/novatel/oem7/bestpos,/novatel/oem7/odom,39.663,-75.756,33.181924481,0.001042914,0.001945335,0.000764201,-0.000709694,0.001945335,,novatel_oem7_msgs.msg.SolutionStatus(status=0),novatel_oem7_msgs.msg.PositionOrVelocityType(type=53)
1786043799612183928,1786043799.610587368,/novatel/oem7/bestvel,/novatel/oem7/bestpos,/novatel/oem7/bestvel,39.663,-75.756,33.181924481,0.000915140,0.002329395,,,,161.839233707,novatel_oem7_msgs.msg.SolutionStatus(status=0),novatel_oem7_msgs.msg.PositionOrVelocityType(type=53)
1786043799615484251,1786043799.614637966,/novatel/oem7/odom,/novatel/oem7/bestpos,/novatel/oem7/odom,39.663,-75.756,33.181924481,0.001042914,0.001945335,0.000764201,-0.000709694,0.001945335,,,
1786043799626284316,1786043799.625355840,/novatel/oem7/inspva,/novatel/oem7/inspva,/novatel/oem7/inspva,39.663,-75.756,-1.800521784,0.000931086,0.001699378,-0.000798939,0.000478141,0.001699378,,novatel_oem7_msgs.msg.InertialSolutionStatus(status=3),
1786043799628194345,1786043799.625516525,/novatel/oem7/fix,/novatel/oem7/fix,/novatel/oem7/inspva,39.663,-75.756,-1.800521784,0.000931086,0.001699378,-0.000798939,0.000478141,0.001699378,,0,
1786043799629663887,1786043799.626135665,/novatel/oem7/odom,/novatel/oem7/fix,/novatel/oem7/odom,39.663,-75.756,-1.800521784,0.000931861,0.001698954,0.000432543,-0.000825391,0.001698954,,,
1786043799635809199,1786043799.634906113,/novatel/oem7/odom,/novatel/oem7/fix,/novatel/oem7/odom,39.663,-75.756,-1.800521784,0.000931861,0.001698954,0.000432543,-0.000825391,0.001698954,,,
1786043799645789863,1786043799.645306339,/novatel/oem7/inspva,/novatel/oem7/inspva,/novatel/oem7/inspva,39.663,-75.756,-1.800495483,0.000935110,0.001709900,-0.000731919,0.000582000,0.001709900,,novatel_oem7_msgs.msg.InertialSolutionStatus(status=3),
1786043799647075639,1786043799.645388436,/novatel/oem7/fix,/novatel/oem7/fix,/novatel/oem7/inspva,39.663,-75.756,-1.800495483,0.000935110,0.001709900,-0.000731919,0.000582000,0.001709900,,0,
1786043799648086936,1786043799.646113693,/novatel/oem7/odom,/novatel/oem7/fix,/novatel/oem7/odom,39.663,-75.756,-1.800495483,0.000934862,0.001710035,0.000539490,-0.000763490,0.001710035,,,
1786043799657485658,1786043799.656476997,/novatel/oem7/odom,/novatel/oem7/fix,/novatel/oem7/odom,39.663,-75.756,-1.800495483,0.000934862,0.001710035,0.000539490,-0.000763490,0.001710035,,,
1786043799666950120,1786043799.666243733,/novatel/oem7/inspva,/novatel/oem7/inspva,/novatel/oem7/inspva,39.663,-75.756,-1.800471695,0.001052678,0.001596451,-0.000919263,0.000512919,0.001596451,,novatel_oem7_msgs.msg.InertialSolutionStatus(status=3),
1786043799668737964,1786043799.666480995,/novatel/oem7/fix,/novatel/oem7/fix,/novatel/oem7/inspva,39.663,-75.756,-1.800471695,0.001052678,0.001596451,-0.000919263,0.000512919,0.001596451,,0,
1786043799670152068,1786043799.667080917,/novatel/oem7/odom,/novatel/oem7/fix,/novatel/oem7/odom,39.663,-75.756,-1.800471695,0.001053629,0.001595824,0.000461849,-0.000947011,0.001595824,,,
1786043799675061518,1786043799.674391078,/novatel/oem7/odom,/novatel/oem7/fix,/novatel/oem7/odom,39.663,-75.756,-1.800471695,0.001053629,0.001595824,0.000461849,-0.000947011,0.001595824,,,
1786043799686020335,1786043799.685284788,/novatel/oem7/inspva,/novatel/oem7/inspva,/novatel/oem7/inspva,39.663,-75.756,-1.800442896,0.001080823,0.002075767,-0.000853733,0.000662810,0.002075767,,novatel_oem7_msgs.msg.InertialSolutionStatus(status=3),
1786043799687534344,1786043799.685508823,/novatel/oem7/fix,/novatel/oem7/fix,/novatel/oem7/inspva,39.663,-75.756,-1.800442896,0.001080823,0.002075767,-0.000853733,0.000662810,0.002075767,,0,
1786043799688599771,1786043799.686092566,/novatel/oem7/odom,/novatel/oem7/fix,/novatel/oem7/odom,39.663,-75.756,-1.800442896,0.001080677,0.002075843,0.000612944,-0.000890035,0.002075843,,,
1786043799696227838,1786043799.695565885,/novatel/oem7/odom,/novatel/oem7/fix,/novatel/oem7/odom,39.663,-75.756,-1.800442896,0.001080677,0.002075843,0.000612944,-0.000890035,0.002075843,,,
1786043799706361240,1786043799.705813052,/novatel/oem7/inspva,/novatel/oem7/inspva,/novatel/oem7/inspva,39.663,-75.756,-1.800422280,0.001082596,0.001630383,-0.000939585,0.000537768,0.001630383,,novatel_oem7_msgs.msg.InertialSolutionStatus(status=3),
1786043799707695937,1786043799.705976017,/novatel/oem7/fix,/novatel/oem7/fix,/novatel/oem7/inspva,39.663,-75.756,-1.800422280,0.001082596,0.001630383,-0.000939585,0.000537768,0.001630383,,0,
1786043799708766718,1786043799.706468862,/novatel/oem7/odom,/novatel/oem7/fix,/novatel/oem7/odom,39.663,-75.756,-1.800422280,0.001083496,0.001629784,0.000485552,-0.000968609,0.001629784,,,
1786043799710246083,1786043799.709255713,/novatel/oem7/bestpos,/novatel/oem7/bestpos,/novatel/oem7/odom,39.663,-75.756,33.182038373,0.001083496,0.001629784,0.000485552,-0.000968609,0.001629784,,novatel_oem7_msgs.msg.SolutionStatus(status=0),novatel_oem7_msgs.msg.PositionOrVelocityType(type=53)
1786043799711651741,1786043799.709916056,/novatel/oem7/bestvel,/novatel/oem7/bestpos,/novatel/oem7/bestvel,39.663,-75.756,33.182038373,0.001108250,0.001582241,,,,146.422089279,novatel_oem7_msgs.msg.SolutionStatus(status=0),novatel_oem7_msgs.msg.PositionOrVelocityType(type=53)
1786043799715164872,1786043799.714453764,/novatel/oem7/odom,/novatel/oem7/bestpos,/novatel/oem7/odom,39.663,-75.756,33.182038373,0.001083496,0.001629784,0.000485552,-0.000968609,0.001629784,,,
1786043799727278084,1786043799.726528547,/novatel/oem7/inspva,/novatel/oem7/inspva,/novatel/oem7/inspva,39.663,-75.756,-1.800395519,0.000972012,0.001742492,-0.000878597,0.000415783,0.001742492,,novatel_oem7_msgs.msg.InertialSolutionStatus(status=3),
1786043799729055042,1786043799.726768809,/novatel/oem7/fix,/novatel/oem7/fix,/novatel/oem7/inspva,39.663,-75.756,-1.800395519,0.000972012,0.001742492,-0.000878597,0.000415783,0.001742492,,0,
1786043799730384406,1786043799.727441083,/novatel/oem7/odom,/novatel/oem7/fix,/novatel/oem7/odom,39.663,-75.756,-1.800395519,0.000973598,0.001741606,0.000366259,-0.000902079,0.001741606,,,
1786043799735625116,1786043799.734747984,/novatel/oem7/odom,/novatel/oem7/fix,/novatel/oem7/odom,39.663,-75.756,-1.800395519,0.000973598,0.001741606,0.000366259,-0.000902079,0.001741606,,,
1786043799746207722,1786043799.745139751,/novatel/oem7/inspva,/novatel/oem7/inspva,/novatel/oem7/inspva,39.663,-75.756,-1.800374932,0.000800794,0.001454247,-0.000728796,0.000331853,0.001454247,,novatel_oem7_msgs.msg.InertialSolutionStatus(status=3),
1786043799747978967,1786043799.745464715,/novatel/oem7/fix,/novatel/oem7/fix,/novatel/oem7/inspva,39.663,-75.756,-1.800374932,0.000800794,0.001454247,-0.000728796,0.000331853,0.001454247,,0,
1786043799749580246,1786043799.746003461,/novatel/oem7/odom,/novatel/oem7/fix,/novatel/oem7/odom,39.663,-75.756,-1.800374932,0.000802177,0.001453485,0.000290748,-0.000747632,0.001453485,,,
1786043799756996421,1786043799.756101762,/novatel/oem7/odom,/novatel/oem7/fix,/novatel/oem7/odom,39.663,-75.756,-1.800374932,0.000802177,0.001453485,0.000290748,-0.000747632,0.001453485,,,
1786043799765851423,1786043799.765164043,/novatel/oem7/inspva,/novatel/oem7/inspva,/novatel/oem7/inspva,39.663,-75.756,-1.800347629,0.001015904,0.001876617,-0.000901501,0.000468357,0.001876617,,novatel_oem7_msgs.msg.InertialSolutionStatus(status=3),
1786043799767565644,1786043799.765299372,/novatel/oem7/fix,/novatel/oem7/fix,/novatel/oem7/inspva,39.663,-75.756,-1.800347629,0.001015904,0.001876617,-0.000901501,0.000468357,0.001876617,,0,
1786043799768831323,1786043799.766142370,/novatel/oem7/odom,/novatel/oem7/fix,/novatel/oem7/odom,39.663,-75.756,-1.800347629,0.001017272,0.001875876,0.000417152,-0.000927808,0.001875876,,,
1786043799775302016,1786043799.774680046,/novatel/oem7/odom,/novatel/oem7/fix,/novatel/oem7/odom,39.663,-75.756,-1.800347629,0.001017272,0.001875876,0.000417152,-0.000927808,0.001875876,,,
1786043799787051757,1786043799.786057417,/novatel/oem7/inspva,/novatel/oem7/inspva,/novatel/oem7/inspva,39.663,-75.756,-1.800331903,0.000625188,0.001317192,-0.000462069,0.000421132,0.001317192,,novatel_oem7_msgs.msg.InertialSolutionStatus(status=3),
1786043799789194703,1786043799.786371984,/novatel/oem7/fix,/novatel/oem7/fix,/novatel/oem7/inspva,39.663,-75.756,-1.800331903,0.000625188,0.001317192,-0.000462069,0.000421132,0.001317192,,0,
1786043799790606570,1786043799.787144908,/novatel/oem7/odom,/novatel/oem7/fix,/novatel/oem7/odom,39.663,-75.756,-1.800331903,0.000624635,0.001317454,0.000393357,-0.000485220,0.001317454,,,
1786043799795134942,1786043799.794363695,/novatel/oem7/odom,/novatel/oem7/fix,/novatel/oem7/odom,39.663,-75.756,-1.800331903,0.000624635,0.001317454,0.000393357,-0.000485220,0.001317454,,,
1786043799806926341,1786043799.806365916,/novatel/oem7/inspva,/novatel/oem7/inspva,/novatel/oem7/inspva,39.663,-75.756,-1.800313158,0.000889480,0.001290919,-0.000824495,0.000333742,0.001290919,,novatel_oem7_msgs.msg.InertialSolutionStatus(status=3),
1786043799808205394,1786043799.806649172,/novatel/oem7/fix,/novatel/oem7/fix,/novatel/oem7/inspva,39.663,-75.756,-1.800313158,0.000889480,0.001290919,-0.000824495,0.000333742,0.001290919,,0,
1786043799809213274,1786043799.807090026,/novatel/oem7/odom,/novatel/oem7/fix,/novatel/oem7/odom,39.663,-75.756,-1.800313158,0.000890960,0.001289898,0.000288598,-0.000842924,0.001289898,,,
1786043799811103100,1786043799.810484020,/novatel/oem7/bestpos,/novatel/oem7/bestpos,/novatel/oem7/odom,39.663,-75.756,33.182146206,0.000890960,0.001289898,0.000288598,-0.000842924,0.001289898,,novatel_oem7_msgs.msg.SolutionStatus(status=0),novatel_oem7_msgs.msg.PositionOrVelocityType(type=53)
1786043799812496167,1786043799.810987159,/novatel/oem7/bestvel,/novatel/oem7/bestpos,/novatel/oem7/bestvel,39.663,-75.756,33.182146206,0.000827640,0.001109049,,,,142.783035722,novatel_oem7_msgs.msg.SolutionStatus(status=0),novatel_oem7_msgs.msg.PositionOrVelocityType(type=53)
1786043799816665060,1786043799.815772097,/novatel/oem7/odom,/novatel/oem7/bestpos,/novatel/oem7/odom,39.663,-75.756,33.182146206,0.000890960,0.001289898,0.000288598,-0.000842924,0.001289898,,,
1786043799825719261,1786043799.825048697,/novatel/oem7/inspva,/novatel/oem7/inspva,/novatel/oem7/inspva,39.663,-75.756,-1.800299947,0.000521112,0.001092088,-0.000300977,0.000425407,0.001092088,,novatel_oem7_msgs.msg.InertialSolutionStatus(status=3),
1786043799827455624,1786043799.825324667,/novatel/oem7/fix,/novatel/oem7/fix,/novatel/oem7/inspva,39.663,-75.756,-1.800299947,0.000521112,0.001092088,-0.000300977,0.000425407,0.001092088,,0,
1786043799828770992,1786043799.825659207,/novatel/oem7/odom,/novatel/oem7/fix,/novatel/oem7/odom,39.663,-75.756,-1.800299947,0.000519616,0.001092801,0.000406267,-0.000323956,0.001092801,,,
1786043799835179529,1786043799.834447522,/novatel/oem7/odom,/novatel/oem7/fix,/novatel/oem7/odom,39.663,-75.756,-1.800299947,0.000519616,0.001092801,0.000406267,-0.000323956,0.001092801,,,
1786043799847674742,1786043799.846664088,/novatel/oem7/inspva,/novatel/oem7/inspva,/novatel/oem7/inspva,39.663,-75.756,-1.800286030,0.000609242,0.000867549,-0.000580136,0.000186059,0.000867549,,novatel_oem7_msgs.msg.InertialSolutionStatus(status=3),
1786043799849808597,1786043799.847039052,/novatel/oem7/fix,/novatel/oem7/fix,/novatel/oem7/inspva,39.663,-75.756,-1.800286030,0.000609242,0.000867549,-0.000580136,0.000186059,0.000867549,,0,
1786043799851250078,1786043799.847683662,/novatel/oem7/odom,/novatel/oem7/fix,/novatel/oem7/odom,39.663,-75.756,-1.800286030,0.000610517,0.000866653,0.000154527,-0.000590637,0.000866653,,,
1786043799857590748,1786043799.856632699,/novatel/oem7/odom,/novatel/oem7/fix,/novatel/oem7/odom,39.663,-75.756,-1.800286030,0.000610517,0.000866653,0.000154527,-0.000590637,0.000866653,,,
1786043799865627163,1786043799.864908512,/novatel/oem7/inspva,/novatel/oem7/inspva,/novatel/oem7/inspva,39.663,-75.756,-1.800272711,0.000106315,0.000863216,-0.000103120,0.000025866,0.000863216,,novatel_oem7_msgs.msg.InertialSolutionStatus(status=3),
1786043799867338460,1786043799.865198929,/novatel/oem7/fix,/novatel/oem7/fix,/novatel/oem7/inspva,39.663,-75.756,-1.800272711,0.000106315,0.000863216,-0.000103120,0.000025866,0.000863216,,0,
1786043799868387461,1786043799.866221832,/novatel/oem7/odom,/novatel/oem7/fix,/novatel/oem7/odom,39.663,-75.756,-1.800272711,0.000107864,0.000863024,0.000017642,-0.000106411,0.000863024,,,
1786043799876398395,1786043799.875555970,/novatel/oem7/odom,/novatel/oem7/fix,/novatel/oem7/odom,39.663,-75.756,-1.800272711,0.000107864,0.000863024,0.000017642,-0.000106411,0.000863024,,,
1786043799886094426,1786043799.885314722,/novatel/oem7/inspva,/novatel/oem7/inspva,/novatel/oem7/inspva,39.663,-75.756,-1.800255543,0.000539942,0.001175435,-0.000532990,0.000086362,0.001175435,,novatel_oem7_msgs.msg.InertialSolutionStatus(status=3),
1786043799887957481,1786043799.885599661,/novatel/oem7/fix,/novatel/oem7/fix,/novatel/oem7/inspva,39.663,-75.756,-1.800255543,0.000539942,0.001175435,-0.000532990,0.000086362,0.001175435,,0,
1786043799889353199,1786043799.886115771,/novatel/oem7/odom,/novatel/oem7/fix,/novatel/oem7/odom,39.663,-75.756,-1.800255543,0.000542409,0.001174299,0.000056088,-0.000539501,0.001174299,,,
1786043799895791147,1786043799.894982565,/novatel/oem7/odom,/novatel/oem7/fix,/novatel/oem7/odom,39.663,-75.756,-1.800255543,0.000542409,0.001174299,0.000056088,-0.000539501,0.001174299,,,
1786043799906791935,1786043799.905963286,/novatel/oem7/inspva,/novatel/oem7/inspva,/novatel/oem7/inspva,39.663,-75.756,-1.800244340,0.000154566,0.001206877,-0.000148396,-0.000043234,0.001206877,,novatel_oem7_msgs.msg.InertialSolutionStatus(status=3),
1786043799909110742,1786043799.906188635,/novatel/oem7/fix,/novatel/oem7/fix,/novatel/oem7/inspva,39.663,-75.756,-1.800244340,0.000154566,0.001206877,-0.000148396,-0.000043234,0.001206877,,0,
1786043799910713738,1786043799.906718864,/novatel/oem7/odom,/novatel/oem7/fix,/novatel/oem7/odom,39.663,-75.756,-1.800244340,0.000158909,0.001206313,-0.000054844,-0.000149146,0.001206313,,,
1786043799912657961,1786043799.909136712,/novatel/oem7/bestpos,/novatel/oem7/bestpos,/novatel/oem7/odom,39.663,-75.756,33.182225171,0.000158909,0.001206313,-0.000054844,-0.000149146,0.001206313,,novatel_oem7_msgs.msg.SolutionStatus(status=0),novatel_oem7_msgs.msg.PositionOrVelocityType(type=53)
1786043799913593207,1786043799.909476335,/novatel/oem7/bestvel,/novatel/oem7/bestpos,/novatel/oem7/bestvel,39.663,-75.756,33.182225171,0.000228630,0.001234747,,,,181.773454388,novatel_oem7_msgs.msg.SolutionStatus(status=0),novatel_oem7_msgs.msg.PositionOrVelocityType(type=53)
1786043799915481872,1786043799.914516849,/novatel/oem7/odom,/novatel/oem7/bestpos,/novatel/oem7/odom,39.663,-75.756,33.182225171,0.000158909,0.001206313,-0.000054844,-0.000149146,0.001206313,,,
1786043799925826853,1786043799.925267315,/novatel/oem7/inspva,/novatel/oem7/inspva,/novatel/oem7/inspva,39.663,-75.756,-1.800236299,0.000724676,0.000321440,-0.000642142,0.000335870,0.000321440,,novatel_oem7_msgs.msg.InertialSolutionStatus(status=3),
1786043799927119979,1786043799.925467773,/novatel/oem7/fix,/novatel/oem7/fix,/novatel/oem7/inspva,39.663,-75.756,-1.800236299,0.000724676,0.000321440,-0.000642142,0.000335870,0.000321440,,0,
1786043799928126677,1786043799.926087696,/novatel/oem7/odom,/novatel/oem7/fix,/novatel/oem7/odom,39.663,-75.756,-1.800236299,0.000724911,0.000320910,0.000303177,-0.000658467,0.000320910,,,
1786043799936231295,1786043799.935592985,/novatel/oem7/odom,/novatel/oem7/fix,/novatel/oem7/odom,39.663,-75.756,-1.800236299,0.000724911,0.000320910,0.000303177,-0.000658467,0.000320910,,,
1786043799947001160,1786043799.945145215,/novatel/oem7/inspva,/novatel/oem7/inspva,/novatel/oem7/inspva,39.663,-75.756,-1.800218861,0.000297061,0.000870774,-0.000221153,0.000198335,0.000870774,,novatel_oem7_msgs.msg.InertialSolutionStatus(status=3),
1786043799948124071,1786043799.945438081,/novatel/oem7/fix,/novatel/oem7/fix,/novatel/oem7/inspva,39.663,-75.756,-1.800218861,0.000297061,0.000870774,-0.000221153,0.000198335,0.000870774,,0,
1786043799950195779,1786043799.946343917,/novatel/oem7/odom,/novatel/oem7/fix,/novatel/oem7/odom,39.663,-75.756,-1.800218861,0.000296751,0.000870880,0.000184170,-0.000232685,0.000870880,,,
1786043799956707395,1786043799.955782195,/novatel/oem7/odom,/novatel/oem7/fix,/novatel/oem7/odom,39.663,-75.756,-1.800218861,0.000296751,0.000870880,0.000184170,-0.000232685,0.000870880,,,
1786043799967455353,1786043799.966765523,/novatel/oem7/inspva,/novatel/oem7/inspva,/novatel/oem7/inspva,39.663,-75.756,-1.800207435,0.000537582,0.000656163,-0.000524537,0.000117708,0.000656163,,novatel_oem7_msgs.msg.InertialSolutionStatus(status=3),
1786043799969172647,1786043799.966999579,/novatel/oem7/fix,/novatel/oem7/fix,/novatel/oem7/inspva,39.663,-75.756,-1.800207435,0.000537582,0.000656163,-0.000524537,0.000117708,0.000656163,,0,
1786043799970378706,1786043799.967472366,/novatel/oem7/odom,/novatel/oem7/fix,/novatel/oem7/odom,39.663,-75.756,-1.800207435,0.000538802,0.000655161,0.000089724,-0.000531278,0.000655161,,,
1786043799975609579,1786043799.974732240,/novatel/oem7/odom,/novatel/oem7/fix,/novatel/oem7/odom,39.663,-75.756,-1.800207435,0.000538802,0.000655161,0.000089724,-0.000531278,0.000655161,,,
1786043799985634116,1786043799.985084031,/novatel/oem7/inspva,/novatel/oem7/inspva,/novatel/oem7/inspva,39.663,-75.756,-1.800195287,0.000366435,0.000573864,-0.000363341,0.000047514,0.000573864,,novatel_oem7_msgs.msg.InertialSolutionStatus(status=3),
1786043799987003963,1786043799.985261609,/novatel/oem7/fix,/novatel/oem7/fix,/novatel/oem7/inspva,39.663,-75.756,-1.800195287,0.000366435,0.000573864,-0.000363341,0.000047514,0.000573864,,0,
1786043799988084874,1786043799.985651713,/novatel/oem7/odom,/novatel/oem7/fix,/novatel/oem7/odom,39.663,-75.756,-1.800195287,0.000367710,0.000573048,0.000027733,-0.000366662,0.000573048,,,
1786043799996320367,1786043799.995625857,/novatel/oem7/odom,/novatel/oem7/fix,/novatel/oem7/odom,39.663,-75.756,-1.800195287,0.000367710,0.000573048,0.000027733,-0.000366662,0.000573048,,,
1786043800009186571,1786043800.008348145,/novatel/oem7/inspva,/novatel/oem7/inspva,/novatel/oem7/inspva,39.663,-75.756,-1.800181264,0.000338102,0.000861394,-0.000306091,-0.000143600,0.000861394,,novatel_oem7_msgs.msg.InertialSolutionStatus(status=3),
1786043800010642435,1786043800.008660269,/novatel/oem7/fix,/novatel/oem7/fix,/novatel/oem7/inspva,39.663,-75.756,-1.800181264,0.000338102,0.000861394,-0.000306091,-0.000143600,0.000861394,,0,
1786043800012212594,1786043800.011262158,/novatel/oem7/odom,/novatel/oem7/fix,/novatel/oem7/odom,39.663,-75.756,-1.800181264,0.000341515,0.000860047,-0.000161444,-0.000300946,0.000860047,,,
1786043800016695840,1786043800.016023813,/novatel/oem7/odom,/novatel/oem7/fix,/novatel/oem7/odom,39.663,-75.756,-1.800181264,0.000341515,0.000860047,-0.000161444,-0.000300946,0.000860047,,,
1786043800025449205,1786043800.024650560,/novatel/oem7/bestpos,/novatel/oem7/bestpos,/novatel/oem7/odom,39.663,-75.756,33.182282641,0.000341515,0.000860047,-0.000161444,-0.000300946,0.000860047,,novatel_oem7_msgs.msg.SolutionStatus(status=0),novatel_oem7_msgs.msg.PositionOrVelocityType(type=53)
1786043800027141358,1786043800.025453475,/novatel/oem7/bestvel,/novatel/oem7/bestpos,/novatel/oem7/bestvel,39.663,-75.756,33.182282641,0.000377904,0.000890597,,,,238.315783804,novatel_oem7_msgs.msg.SolutionStatus(status=0),novatel_oem7_msgs.msg.PositionOrVelocityType(type=53)
1786043800028737524,1786043800.027318767,/novatel/oem7/inspva,/novatel/oem7/inspva,/novatel/oem7/inspva,39.663,-75.756,-1.800171803,0.000567551,0.000871126,-0.000567442,0.000011122,0.000871126,,novatel_oem7_msgs.msg.InertialSolutionStatus(status=3),
1786043800029661744,1786043800.027494402,/novatel/oem7/fix,/novatel/oem7/fix,/novatel/oem7/inspva,39.663,-75.756,-1.800171803,0.000567551,0.000871126,-0.000567442,0.000011122,0.000871126,,0,
1786043800030783449,1786043800.027888156,/novatel/oem7/odom,/novatel/oem7/fix,/novatel/oem7/odom,39.663,-75.756,-1.800171803,0.000569844,0.000869628,-0.000019603,-0.000569506,0.000869628,,,
1786043800035551340,1786043800.034791315,/novatel/oem7/odom,/novatel/oem7/fix,/novatel/oem7/odom,39.663,-75.756,-1.800171803,0.000569844,0.000869628,-0.000019603,-0.000569506,0.000869628,,,
1786043800046083939,1786043800.045288735,/novatel/oem7/inspva,/novatel/oem7/inspva,/novatel/oem7/inspva,39.663,-75.756,-1.800190461,0.000795119,0.000183724,-0.000772077,-0.000190028,0.000183724,,novatel_oem7_msgs.msg.InertialSolutionStatus(status=3),
1786043800047816590,1786043800.045596948,/novatel/oem7/fix,/novatel/oem7/fix,/novatel/oem7/inspva,39.663,-75.756,-1.800190461,0.000795119,0.000183724,-0.000772077,-0.000190028,0.000183724,,0,
1786043800049502540,1786043800.046034719,/novatel/oem7/odom,/novatel/oem7/fix,/novatel/oem7/odom,39.663,-75.756,-1.800190461,0.000795747,0.000180983,-0.000227889,-0.000762417,0.000180983,,,
1786043800057410213,1786043800.056525418,/novatel/oem7/odom,/novatel/oem7/fix,/novatel/oem7/odom,39.663,-75.756,-1.800190461,0.000795747,0.000180983,-0.000227889,-0.000762417,0.000180983,,,
1786043800066299063,1786043800.065492592,/novatel/oem7/inspva,/novatel/oem7/inspva,/novatel/oem7/inspva,39.663,-75.756,-1.800215759,0.000876793,0.000374121,-0.000854289,0.000197373,0.000374121,,novatel_oem7_msgs.msg.InertialSolutionStatus(status=3),
1786043800068014984,1786043800.065708324,/novatel/oem7/fix,/novatel/oem7/fix,/novatel/oem7/inspva,39.663,-75.756,-1.800215759,0.000876793,0.000374121,-0.000854289,0.000197373,0.000374121,,0,
1786043800069133052,1786043800.066177936,/novatel/oem7/odom,/novatel/oem7/fix,/novatel/oem7/odom,39.663,-75.756,-1.800215759,0.000877469,0.000372532,0.000154373,-0.000863783,0.000372532,,,
1786043800075775812,1786043800.074608607,/novatel/oem7/odom,/novatel/oem7/fix,/novatel/oem7/odom,39.663,-75.756,-1.800215759,0.000877469,0.000372532,0.000154373,-0.000863783,0.000372532,,,
1786043800087316859,1786043800.086579781,/novatel/oem7/inspva,/novatel/oem7/inspva,/novatel/oem7/inspva,39.663,-75.756,-1.800234967,0.000699157,0.000610169,-0.000643864,-0.000272505,0.000610169,,novatel_oem7_msgs.msg.InertialSolutionStatus(status=3),
1786043800088873838,1786043800.086826747,/novatel/oem7/fix,/novatel/oem7/fix,/novatel/oem7/inspva,39.663,-75.756,-1.800234967,0.000699157,0.000610169,-0.000643864,-0.000272505,0.000610169,,0,
1786043800089988379,1786043800.087208638,/novatel/oem7/odom,/novatel/oem7/fix,/novatel/oem7/odom,39.663,-75.756,-1.800234967,0.000701510,0.000607462,-0.000305643,-0.000631426,0.000607462,,,
1786043800095936712,1786043800.095167488,/novatel/oem7/odom,/novatel/oem7/fix,/novatel/oem7/odom,39.663,-75.756,-1.800234967,0.000701510,0.000607462,-0.000305643,-0.000631426,0.000607462,,,
1786043800106891672,1786043800.105942297,/novatel/oem7/inspva,/novatel/oem7/inspva,/novatel/oem7/inspva,39.663,-75.756,-1.800265727,0.000733669,0.000366138,-0.000725367,-0.000110057,0.000366138,,novatel_oem7_msgs.msg.InertialSolutionStatus(status=3),
1786043800108658747,1786043800.106285753,/novatel/oem7/fix,/novatel/oem7/fix,/novatel/oem7/inspva,39.663,-75.756,-1.800265727,0.000733669,0.000366138,-0.000725367,-0.000110057,0.000366138,,0,
1786043800109822206,1786043800.106789978,/novatel/oem7/odom,/novatel/oem7/fix,/novatel/oem7/odom,39.663,-75.756,-1.800265727,0.000734832,0.000363797,-0.000146418,-0.000720097,0.000363797,,,
1786043800111476369,1786043800.109399581,/novatel/oem7/bestpos,/novatel/oem7/bestpos,/novatel/oem7/odom,39.663,-75.756,33.182189991,0.000734832,0.000363797,-0.000146418,-0.000720097,0.000363797,,novatel_oem7_msgs.msg.SolutionStatus(status=0),novatel_oem7_msgs.msg.PositionOrVelocityType(type=53)
1786043800112493519,1786043800.109954243,/novatel/oem7/bestvel,/novatel/oem7/bestpos,/novatel/oem7/bestvel,39.663,-75.756,33.182189991,0.000969984,0.000560933,,,,194.906067682,novatel_oem7_msgs.msg.SolutionStatus(status=0),novatel_oem7_msgs.msg.PositionOrVelocityType(type=53)
1786043800116355785,1786043800.115632634,/novatel/oem7/odom,/novatel/oem7/bestpos,/novatel/oem7/odom,39.663,-75.756,33.182189991,0.000734832,0.000363797,-0.000146418,-0.000720097,0.000363797,,,
1786043800126411513,1786043800.125835657,/novatel/oem7/inspva,/novatel/oem7/inspva,/novatel/oem7/inspva,39.663,-75.756,-1.800288589,0.000339600,0.000237993,-0.000324680,-0.000099554,0.000237993,,novatel_oem7_msgs.msg.InertialSolutionStatus(status=3),
1786043800127963192,1786043800.126030389,/novatel/oem7/fix,/novatel/oem7/fix,/novatel/oem7/inspva,39.663,-75.756,-1.800288589,0.000339600,0.000237993,-0.000324680,-0.000099554,0.000237993,,0,
1786043800129044630,1786043800.126661919,/novatel/oem7/odom,/novatel/oem7/fix,/novatel/oem7/odom,39.663,-75.756,-1.800288589,0.000340458,0.000236763,-0.000116047,-0.000320070,0.000236763,,,
1786043800135541405,1786043800.134734393,/novatel/oem7/odom,/novatel/oem7/fix,/novatel/oem7/odom,39.663,-75.756,-1.800288589,0.000340458,0.000236763,-0.000116047,-0.000320070,0.000236763,,,
1786043800147412905,1786043800.146327227,/novatel/oem7/inspva,/novatel/oem7/inspva,/novatel/oem7/inspva,39.663,-75.756,-1.800315892,0.000634097,0.000426006,-0.000630145,-0.000070682,0.000426006,,novatel_oem7_msgs.msg.InertialSolutionStatus(status=3),
1786043800149570563,1786043800.146675544,/novatel/oem7/fix,/novatel/oem7/fix,/novatel/oem7/inspva,39.663,-75.756,-1.800315892,0.000634097,0.000426006,-0.000630145,-0.000070682,0.000426006,,0,
1786043800151102128,1786043800.147280183,/novatel/oem7/odom,/novatel/oem7/fix,/novatel/oem7/odom,39.663,-75.756,-1.800315892,0.000635402,0.000424057,-0.000102702,-0.000627047,0.000424057,,,
1786043800157030302,1786043800.156095719,/novatel/oem7/odom,/novatel/oem7/fix,/novatel/oem7/odom,39.663,-75.756,-1.800315892,0.000635402,0.000424057,-0.000102702,-0.000627047,0.000424057,,,
1786043800166115500,1786043800.165337009,/novatel/oem7/inspva,/novatel/oem7/inspva,/novatel/oem7/inspva,39.663,-75.756,-1.800340082,0.000785185,0.000216786,-0.000782699,-0.000062426,0.000216786,,novatel_oem7_msgs.msg.InertialSolutionStatus(status=3),
1786043800167615885,1786043800.165597915,/novatel/oem7/fix,/novatel/oem7/fix,/novatel/oem7/inspva,39.663,-75.756,-1.800340082,0.000785185,0.000216786,-0.000782699,-0.000062426,0.000216786,,0,
1786043800168736366,1786043800.166268735,/novatel/oem7/odom,/novatel/oem7/fix,/novatel/oem7/odom,39.663,-75.756,-1.800340082,0.000785824,0.000214457,-0.000101072,-0.000779297,0.000214457,,,
1786043800176978543,1786043800.175702136,/novatel/oem7/odom,/novatel/oem7/fix,/novatel/oem7/odom,39.663,-75.756,-1.800340082,0.000785824,0.000214457,-0.000101072,-0.000779297,0.000214457,,,
1786043800185965470,1786043800.185296937,/novatel/oem7/inspva,/novatel/oem7/inspva,/novatel/oem7/inspva,39.663,-75.756,-1.800368981,0.000905847,0.000373335,-0.000905714,-0.000015485,0.000373335,,novatel_oem7_msgs.msg.InertialSolutionStatus(status=3),
1786043800187493199,1786043800.185470059,/novatel/oem7/fix,/novatel/oem7/fix,/novatel/oem7/inspva,39.663,-75.756,-1.800368981,0.000905847,0.000373335,-0.000905714,-0.000015485,0.000373335,,0,
1786043800188635567,1786043800.185980774,/novatel/oem7/odom,/novatel/oem7/fix,/novatel/oem7/odom,39.663,-75.756,-1.800368981,0.000906872,0.000370837,-0.000060719,-0.000904837,0.000370837,,,
1786043800195138656,1786043800.194417189,/novatel/oem7/odom,/novatel/oem7/fix,/novatel/oem7/odom,39.663,-75.756,-1.800368981,0.000906872,0.000370837,-0.000060719,-0.000904837,0.000370837,,,
1786043800207675526,1786043800.206536331,/novatel/oem7/inspva,/novatel/oem7/inspva,/novatel/oem7/inspva,39.663,-75.756,-1.800391578,0.000767912,0.000387244,-0.000764475,-0.000072571,0.000387244,,novatel_oem7_msgs.msg.InertialSolutionStatus(status=3),
1786043800209413200,1786043800.206846591,/novatel/oem7/fix,/novatel/oem7/fix,/novatel/oem7/inspva,39.663,-75.756,-1.800391578,0.000767912,0.000387244,-0.000764475,-0.000072571,0.000387244,,0,
1786043800210858475,1786043800.207350039,/novatel/oem7/odom,/novatel/oem7/fix,/novatel/oem7/odom,39.663,-75.756,-1.800391578,0.000769082,0.000384914,-0.000110944,-0.000761038,0.000384914,,,
1786043800212576508,1786043800.210261129,/novatel/oem7/bestpos,/novatel/oem7/bestpos,/novatel/oem7/odom,39.663,-75.756,33.182054211,0.000769082,0.000384914,-0.000110944,-0.000761038,0.000384914,,novatel_oem7_msgs.msg.SolutionStatus(status=0),novatel_oem7_msgs.msg.PositionOrVelocityType(type=53)
1786043800213591825,1786043800.210737240,/novatel/oem7/bestvel,/novatel/oem7/bestpos,/novatel/oem7/bestvel,39.663,-75.756,33.182054211,0.000701215,0.000201600,,,,164.464631001,novatel_oem7_msgs.msg.SolutionStatus(status=0),novatel_oem7_msgs.msg.PositionOrVelocityType(type=53)
1786043800215837555,1786043800.214895689,/novatel/oem7/odom,/novatel/oem7/bestpos,/novatel/oem7/odom,39.663,-75.756,33.182054211,0.000769082,0.000384914,-0.000110944,-0.000761038,0.000384914,,,
1786043800225444578,1786043800.224876566,/novatel/oem7/inspva,/novatel/oem7/inspva,/novatel/oem7/inspva,39.663,-75.756,-1.800424274,0.000925489,0.000165361,-0.000871253,-0.000312166,0.000165361,,novatel_oem7_msgs.msg.InertialSolutionStatus(status=3),
1786043800226826072,1786043800.224974026,/novatel/oem7/fix,/novatel/oem7/fix,/novatel/oem7/inspva,39.663,-75.756,-1.800424274,0.000925489,0.000165361,-0.000871253,-0.000312166,0.000165361,,0,
1786043800227975984,1786043800.225493725,/novatel/oem7/odom,/novatel/oem7/fix,/novatel/oem7/odom,39.663,-75.756,-1.800424274,0.000926101,0.000161899,-0.000354612,-0.000855519,0.000161899,,,
1786043800236088565,1786043800.235369842,/novatel/oem7/odom,/novatel/oem7/fix,/novatel/oem7/odom,39.663,-75.756,-1.800424274,0.000926101,0.000161899,-0.000354612,-0.000855519,0.000161899,,,
1786043800246391579,1786043800.245242986,/novatel/oem7/inspva,/novatel/oem7/inspva,/novatel/oem7/inspva,39.663,-75.756,-1.800448557,0.000664087,0.000287471,-0.000330882,-0.000575785,0.000287471,,novatel_oem7_msgs.msg.InertialSolutionStatus(status=3),
1786043800248689746,1786043800.245486118,/novatel/oem7/fix,/novatel/oem7/fix,/novatel/oem7/inspva,39.663,-75.756,-1.800448557,0.000664087,0.000287471,-0.000330882,-0.000575785,0.000287471,,0,
1786043800250227872,1786043800.246147474,/novatel/oem7/odom,/novatel/oem7/fix,/novatel/oem7/odom,39.663,-75.756,-1.800448557,0.000665356,0.000284520,-0.000592194,-0.000303323,0.000284520,,,
1786043800257206018,1786043800.256322516,/novatel/oem7/odom,/novatel/oem7/fix,/novatel/oem7/odom,39.663,-75.756,-1.800448557,0.000665356,0.000284520,-0.000592194,-0.000303323,0.000284520,,,
1786043800266558199,1786043800.266041195,/novatel/oem7/inspva,/novatel/oem7/inspva,/novatel/oem7/inspva,39.663,-75.756,-1.800482922,0.000875372,0.000128268,-0.000747136,-0.000456139,0.000128268,,novatel_oem7_msgs.msg.InertialSolutionStatus(status=3),
1786043800267922800,1786043800.266132221,/novatel/oem7/fix,/novatel/oem7/fix,/novatel/oem7/inspva,39.663,-75.756,-1.800482922,0.000875372,0.000128268,-0.000747136,-0.000456139,0.000128268,,0,
1786043800269085755,1786043800.266658944,/novatel/oem7/odom,/novatel/oem7/fix,/novatel/oem7/odom,39.663,-75.756,-1.800482922,0.000875898,0.000124618,-0.000492262,-0.000724483,0.000124618,,,
1786043800275471849,1786043800.274764329,/novatel/oem7/odom,/novatel/oem7/fix,/novatel/oem7/odom,39.663,-75.756,-1.800482922,0.000875898,0.000124618,-0.000492262,-0.000724483,0.000124618,,,
1786043800285995549,1786043800.285211436,/novatel/oem7/inspva,/novatel/oem7/inspva,/novatel/oem7/inspva,39.663,-75.756,-1.800507142,0.000828501,0.000344208,-0.000769823,-0.000306246,0.000344208,,novatel_oem7_msgs.msg.InertialSolutionStatus(status=3),
1786043800287628125,1786043800.285355836,/novatel/oem7/fix,/novatel/oem7/fix,/novatel/oem7/inspva,39.663,-75.756,-1.800507142,0.000828501,0.000344208,-0.000769823,-0.000306246,0.000344208,,0,
1786043800288772270,1786043800.285891618,/novatel/oem7/odom,/novatel/oem7/fix,/novatel/oem7/odom,39.663,-75.756,-1.800507142,0.000829813,0.000341033,-0.000344438,-0.000754952,0.000341033,,,
1786043800295863457,1786043800.295458851,/novatel/oem7/odom,/novatel/oem7/fix,/novatel/oem7/odom,39.663,-75.756,-1.800507142,0.000829813,0.000341033,-0.000344438,-0.000754952,0.000341033,,,
1786043800306764112,1786043800.306360001,/novatel/oem7/inspva,/novatel/oem7/inspva,/novatel/oem7/inspva,39.663,-75.756,-1.800540478,0.001171146,0.000299563,-0.001160816,-0.000155206,0.000299563,,novatel_oem7_msgs.msg.InertialSolutionStatus(status=3),
1786043800307478029,1786043800.306570830,/novatel/oem7/fix,/novatel/oem7/fix,/novatel/oem7/inspva,39.663,-75.756,-1.800540478,0.001171146,0.000299563,-0.001160816,-0.000155206,0.000299563,,0,
1786043800308023046,1786043800.307028488,/novatel/oem7/odom,/novatel/oem7/fix,/novatel/oem7/odom,39.663,-75.756,-1.800540478,0.001172086,0.000295864,-0.000212360,-0.001152687,0.000295864,,,
1786043800309971524,1786043800.309514385,/novatel/oem7/bestpos,/novatel/oem7/bestpos,/novatel/oem7/odom,39.663,-75.756,33.181912067,0.001172086,0.000295864,-0.000212360,-0.001152687,0.000295864,,novatel_oem7_msgs.msg.SolutionStatus(status=0),novatel_oem7_msgs.msg.PositionOrVelocityType(type=53)
1786043800310737042,1786043800.310330753,/novatel/oem7/bestvel,/novatel/oem7/bestpos,/novatel/oem7/bestvel,39.663,-75.756,33.181912067,0.001013015,0.000297444,,,,204.541866886,novatel_oem7_msgs.msg.SolutionStatus(status=0),novatel_oem7_msgs.msg.PositionOrVelocityType(type=53)
1786043800314771049,1786043800.314331588,/novatel/oem7/odom,/novatel/oem7/bestpos,/novatel/oem7/odom,39.663,-75.756,33.181912067,0.001172086,0.000295864,-0.000212360,-0.001152687,0.000295864,,,
1786043800327236508,1786043800.326442660,/novatel/oem7/inspva,/novatel/oem7/inspva,/novatel/oem7/inspva,39.663,-75.756,-1.800568400,0.000825289,0.000081160,-0.000740908,-0.000363534,0.000081160,,novatel_oem7_msgs.msg.InertialSolutionStatus(status=3),
1786043800329002316,1786043800.326576872,/novatel/oem7/fix,/novatel/oem7/fix,/novatel/oem7/inspva,39.663,-75.756,-1.800568400,0.000825289,0.000081160,-0.000740908,-0.000363534,0.000081160,,0,
1786043800330228535,1786043800.327059673,/novatel/oem7/odom,/novatel/oem7/fix,/novatel/oem7/odom,39.663,-75.756,-1.800568400,0.000825607,0.000077854,-0.000399292,-0.000722629,0.000077854,,,
1786043800336631526,1786043800.334877878,/novatel/oem7/odom,/novatel/oem7/fix,/novatel/oem7/odom,39.663,-75.756,-1.800568400,0.000825607,0.000077854,-0.000399292,-0.000722629,0.000077854,,,
1786043800347840152,1786043800.344986110,/novatel/oem7/inspva,/novatel/oem7/inspva,/novatel/oem7/inspva,39.663,-75.756,-1.800605494,0.001126727,-0.000120327,-0.001101234,-0.000238319,-0.000120327,,novatel_oem7_msgs.msg.InertialSolutionStatus(status=3),
1786043800355294141,1786043800.345214816,/novatel/oem7/fix,/novatel/oem7/fix,/novatel/oem7/inspva,39.663,-75.756,-1.800605494,0.001126727,-0.000120327,-0.001101234,-0.000238319,-0.000120327,,0,
1786043800361435653,1786043800.345749295,/novatel/oem7/odom,/novatel/oem7/fix,/novatel/oem7/odom,39.663,-75.756,-1.800605494,0.001126311,-0.000124163,-0.000290945,-0.001088084,-0.000124163,,,
1786043800366336419,1786043800.355600141,/novatel/oem7/odom,/novatel/oem7/fix,/novatel/oem7/odom,39.663,-75.756,-1.800605494,0.001126311,-0.000124163,-0.000290945,-0.001088084,-0.000124163,,,
1786043800368360851,1786043800.366556404,/novatel/oem7/inspva,/novatel/oem7/inspva,/novatel/oem7/inspva,39.663,-75.756,-1.800632596,0.000835408,0.000171501,-0.000670359,-0.000498522,0.000171501,,novatel_oem7_msgs.msg.InertialSolutionStatus(status=3),
1786043800369674146,1786043800.366678076,/novatel/oem7/fix,/novatel/oem7/fix,/novatel/oem7/inspva,39.663,-75.756,-1.800632596,0.000835408,0.000171501,-0.000670359,-0.000498522,0.000171501,,0,
1786043800371466892,1786043800.367540635,/novatel/oem7/odom,/novatel/oem7/fix,/novatel/oem7/odom,39.663,-75.756,-1.800632596,0.000836138,0.000167907,-0.000531038,-0.000645852,0.000167907,,,
1786043800376485103,1786043800.375168867,/novatel/oem7/odom,/novatel/oem7/fix,/novatel/oem7/odom,39.663,-75.756,-1.800632596,0.000836138,0.000167907,-0.000531038,-0.000645852,0.000167907,,,
1786043800386869668,1786043800.386303944,/novatel/oem7/inspva,/novatel/oem7/inspva,/novatel/oem7/inspva,39.663,-75.756,-1.800674756,0.000850988,-0.000121328,-0.000763836,-0.000375146,-0.000121328,,novatel_oem7_msgs.msg.InertialSolutionStatus(status=3),
1786043800388097743,1786043800.386525572,/novatel/oem7/fix,/novatel/oem7/fix,/novatel/oem7/inspva,39.663,-75.756,-1.800674756,0.000850988,-0.000121328,-0.000763836,-0.000375146,-0.000121328,,0,
1786043800389052290,1786043800.386986427,/novatel/oem7/odom,/novatel/oem7/fix,/novatel/oem7/odom,39.663,-75.756,-1.800674756,0.000850495,-0.000124739,-0.000411261,-0.000744450,-0.000124739,,,
1786043800395861678,1786043800.394802703,/novatel/oem7/odom,/novatel/oem7/fix,/novatel/oem7/odom,39.663,-75.756,-1.800674756,0.000850495,-0.000124739,-0.000411261,-0.000744450,-0.000124739,,,
1786043800407323794,1786043800.406176560,/novatel/oem7/inspva,/novatel/oem7/inspva,/novatel/oem7/inspva,39.663,-75.756,-1.800704258,0.000965017,0.000023747,-0.000964950,0.000011393,0.000023747,,novatel_oem7_msgs.msg.InertialSolutionStatus(status=3),
1786043800408744100,1786043800.406300783,/novatel/oem7/fix,/novatel/oem7/fix,/novatel/oem7/inspva,39.663,-75.756,-1.800704258,0.000965017,0.000023747,-0.000964950,0.000011393,0.000023747,,0,
1786043800409753050,1786043800.407012256,/novatel/oem7/odom,/novatel/oem7/fix,/novatel/oem7/odom,39.663,-75.756,-1.800704258,0.000965078,0.000021158,-0.000035448,-0.000964426,0.000021158,,,
1786043800411132021,1786043800.410246814,/novatel/oem7/bestpos,/novatel/oem7/bestpos,/novatel/oem7/odom,39.663,-75.756,33.181742703,0.000965078,0.000021158,-0.000035448,-0.000964426,0.000021158,,novatel_oem7_msgs.msg.SolutionStatus(status=0),novatel_oem7_msgs.msg.PositionOrVelocityType(type=53)
1786043800412442300,1786043800.410737918,/novatel/oem7/bestvel,/novatel/oem7/bestpos,/novatel/oem7/bestvel,39.663,-75.756,33.181742703,0.000892479,-0.000183163,,,,161.676183493,novatel_oem7_msgs.msg.SolutionStatus(status=0),novatel_oem7_msgs.msg.PositionOrVelocityType(type=53)
1786043800416204823,1786043800.415531919,/novatel/oem7/odom,/novatel/oem7/bestpos,/novatel/oem7/odom,39.663,-75.756,33.181742703,0.000965078,0.000021158,-0.000035448,-0.000964426,0.000021158,,,
1786043800425801097,1786043800.425286430,/novatel/oem7/inspva,/novatel/oem7/inspva,/novatel/oem7/inspva,39.663,-75.756,-1.800745577,0.000992474,-0.000191875,-0.000983745,-0.000131342,-0.000191875,,novatel_oem7_msgs.msg.InertialSolutionStatus(status=3),
1786043800427000775,1786043800.425433770,/novatel/oem7/fix,/novatel/oem7/fix,/novatel/oem7/inspva,39.663,-75.756,-1.800745577,0.000992474,-0.000191875,-0.000983745,-0.000131342,-0.000191875,,0,
1786043800428138075,1786043800.425889706,/novatel/oem7/odom,/novatel/oem7/fix,/novatel/oem7/odom,39.663,-75.756,-1.800745577,0.000991861,-0.000195022,-0.000178138,-0.000975733,-0.000195022,,,
1786043800435235747,1786043800.434510243,/novatel/oem7/odom,/novatel/oem7/fix,/novatel/oem7/odom,39.663,-75.756,-1.800745577,0.000991861,-0.000195022,-0.000178138,-0.000975733,-0.000195022,,,
1786043800449445444,1786043800.446638503,/novatel/oem7/inspva,/novatel/oem7/inspva,/novatel/oem7/inspva,39.663,-75.756,-1.800777130,0.000827533,-0.000171600,-0.000827388,0.000015505,-0.000171600,,novatel_oem7_msgs.msg.InertialSolutionStatus(status=3),
1786043800456830139,1786043800.446789582,/novatel/oem7/fix,/novatel/oem7/fix,/novatel/oem7/inspva,39.663,-75.756,-1.800777130,0.000827533,-0.000171600,-0.000827388,0.000015505,-0.000171600,,0,
1786043800461626976,1786043800.447382633,/novatel/oem7/odom,/novatel/oem7/fix,/novatel/oem7/odom,39.663,-75.756,-1.800777130,0.000827075,-0.000173795,-0.000023957,-0.000826728,-0.000173795,,,
1786043800464725621,1786043800.456349097,/novatel/oem7/odom,/novatel/oem7/fix,/novatel/oem7/odom,39.663,-75.756,-1.800777130,0.000827075,-0.000173795,-0.000023957,-0.000826728,-0.000173795,,,
1786043800466220399,1786043800.464891299,/novatel/oem7/inspva,/novatel/oem7/inspva,/novatel/oem7/inspva,39.663,-75.756,-1.800818044,0.000656080,-0.000340410,-0.000632103,-0.000175748,-0.000340410,,novatel_oem7_msgs.msg.InertialSolutionStatus(status=3),
1786043800467775815,1786043800.465007458,/novatel/oem7/fix,/novatel/oem7/fix,/novatel/oem7/inspva,39.663,-75.756,-1.800818044,0.000656080,-0.000340410,-0.000632103,-0.000175748,-0.000340410,,0,
1786043800469188858,1786043800.465514256,/novatel/oem7/odom,/novatel/oem7/fix,/novatel/oem7/odom,39.663,-75.756,-1.800818044,0.000654863,-0.000342746,-0.000204910,-0.000621979,-0.000342746,,,
1786043800476095707,1786043800.475399993,/novatel/oem7/odom,/novatel/oem7/fix,/novatel/oem7/odom,39.663,-75.756,-1.800818044,0.000654863,-0.000342746,-0.000204910,-0.000621979,-0.000342746,,,
1786043800487028852,1786043800.486491324,/novatel/oem7/inspva,/novatel/oem7/inspva,/novatel/oem7/inspva,39.663,-75.756,-1.800848952,0.000836706,-0.000248923,-0.000748689,-0.000373552,-0.000248923,,novatel_oem7_msgs.msg.InertialSolutionStatus(status=3),
1786043800489351158,1786043800.486680663,/novatel/oem7/fix,/novatel/oem7/fix,/novatel/oem7/inspva,39.663,-75.756,-1.800848952,0.000836706,-0.000248923,-0.000748689,-0.000373552,-0.000248923,,0,
1786043800491246700,1786043800.487128164,/novatel/oem7/odom,/novatel/oem7/fix,/novatel/oem7/odom,39.663,-75.756,-1.800848952,0.000835699,-0.000252281,-0.000408471,-0.000729071,-0.000252281,,,
1786043800496490765,1786043800.494977453,/novatel/oem7/odom,/novatel/oem7/fix,/novatel/oem7/odom,39.663,-75.756,-1.800848952,0.000835699,-0.000252281,-0.000408471,-0.000729071,-0.000252281,,,
1786043800506679244,1786043800.506037475,/novatel/oem7/inspva,/novatel/oem7/inspva,/novatel/oem7/inspva,39.663,-75.756,-1.800889304,0.000653047,-0.000332809,-0.000538557,-0.000369359,-0.000332809,,novatel_oem7_msgs.msg.InertialSolutionStatus(status=3),
1786043800507905023,1786043800.506232207,/novatel/oem7/fix,/novatel/oem7/fix,/novatel/oem7/inspva,39.663,-75.756,-1.800889304,0.000653047,-0.000332809,-0.000538557,-0.000369359,-0.000332809,,0,
1786043800508861369,1786043800.506635084,/novatel/oem7/odom,/novatel/oem7/fix,/novatel/oem7/odom,39.663,-75.756,-1.800889304,0.000651624,-0.000335586,-0.000393784,-0.000519180,-0.000335586,,,
1786043800512023941,1786043800.511399616,/novatel/oem7/bestpos,/novatel/oem7/bestpos,/novatel/oem7/odom,39.663,-75.756,33.181560492,0.000651624,-0.000335586,-0.000393784,-0.000519180,-0.000335586,,novatel_oem7_msgs.msg.SolutionStatus(status=0),novatel_oem7_msgs.msg.PositionOrVelocityType(type=53)
1786043800513314025,1786043800.512223860,/novatel/oem7/bestvel,/novatel/oem7/bestpos,/novatel/oem7/bestvel,39.663,-75.756,33.181560492,0.000597114,-0.000526971,,,,173.345214177,novatel_oem7_msgs.msg.SolutionStatus(status=0),novatel_oem7_msgs.msg.PositionOrVelocityType(type=53)
1786043800516338159,1786043800.515760172,/novatel/oem7/odom,/novatel/oem7/bestpos,/novatel/oem7/odom,39.663,-75.756,33.181560492,0.000651624,-0.000335586,-0.000393784,-0.000519180,-0.000335586,,,
1786043800525716125,1786043800.525239144,/novatel/oem7/inspva,/novatel/oem7/inspva,/novatel/oem7/inspva,39.663,-75.756,-1.800922189,0.000826269,-0.000261402,-0.000819968,-0.000101845,-0.000261402,,novatel_oem7_msgs.msg.InertialSolutionStatus(status=3),
1786043800527171651,1786043800.525331472,/novatel/oem7/fix,/novatel/oem7/fix,/novatel/oem7/inspva,39.663,-75.756,-1.800922189,0.000826269,-0.000261402,-0.000819968,-0.000101845,-0.000261402,,0,
1786043800529220983,1786043800.525857518,/novatel/oem7/odom,/novatel/oem7/fix,/novatel/oem7/odom,39.663,-75.756,-1.800922189,0.000825447,-0.000263985,-0.000140485,-0.000813405,-0.000263985,,,
1786043800536552337,1786043800.534831052,/novatel/oem7/odom,/novatel/oem7/fix,/novatel/oem7/odom,39.663,-75.756,-1.800922189,0.000825447,-0.000263985,-0.000140485,-0.000813405,-0.000263985,,,
1786043800548893246,1786043800.546009415,/novatel/oem7/inspva,/novatel/oem7/inspva,/novatel/oem7/inspva,39.663,-75.756,-1.800965735,0.000911195,-0.000677850,-0.000911163,-0.000007579,-0.000677850,,novatel_oem7_msgs.msg.InertialSolutionStatus(status=3),
1786043800556022128,1786043800.546325658,/novatel/oem7/fix,/novatel/oem7/fix,/novatel/oem7/inspva,39.663,-75.756,-1.800965735,0.000911195,-0.000677850,-0.000911163,-0.000007579,-0.000677850,,0,
1786043800562094146,1786043800.546863836,/novatel/oem7/odom,/novatel/oem7/fix,/novatel/oem7/odom,39.663,-75.756,-1.800965735,0.000909332,-0.000680347,-0.000049210,-0.000907999,-0.000680347,,,
1786043800564811322,1786043800.555686276,/novatel/oem7/odom,/novatel/oem7/fix,/novatel/oem7/odom,39.663,-75.756,-1.800965735,0.000909332,-0.000680347,-0.000049210,-0.000907999,-0.000680347,,,
1786043800566980296,1786043800.564942059,/novatel/oem7/inspva,/novatel/oem7/inspva,/novatel/oem7/inspva,39.663,-75.756,-1.800998806,0.000952705,-0.000550263,-0.000932407,-0.000195616,-0.000550263,,novatel_oem7_msgs.msg.InertialSolutionStatus(status=3),
1786043800567959897,1786043800.565134374,/novatel/oem7/fix,/novatel/oem7/fix,/novatel/oem7/inspva,39.663,-75.756,-1.800998806,0.000952705,-0.000550263,-0.000932407,-0.000195616,-0.000550263,,0,
1786043800569051982,1786043800.565514311,/novatel/oem7/odom,/novatel/oem7/fix,/novatel/oem7/odom,39.663,-75.756,-1.800998806,0.000950836,-0.000553487,-0.000238529,-0.000920431,-0.000553487,,,
1786043800576051486,1786043800.575378946,/novatel/oem7/odom,/novatel/oem7/fix,/novatel/oem7/odom,39.663,-75.756,-1.800998806,0.000950836,-0.000553487,-0.000238529,-0.000920431,-0.000553487,,,
1786043800585498822,1786043800.584923910,/novatel/oem7/inspva,/novatel/oem7/inspva,/novatel/oem7/inspva,39.663,-75.756,-1.801040750,0.000786647,-0.000595655,-0.000778475,-0.000113092,-0.000595655,,novatel_oem7_msgs.msg.InertialSolutionStatus(status=3),
1786043800586697819,1786043800.585147206,/novatel/oem7/fix,/novatel/oem7/fix,/novatel/oem7/inspva,39.663,-75.756,-1.801040750,0.000786647,-0.000595655,-0.000778475,-0.000113092,-0.000595655,,0,
1786043800587976022,1786043800.585569957,/novatel/oem7/odom,/novatel/oem7/fix,/novatel/oem7/odom,39.663,-75.756,-1.801040750,0.000784739,-0.000598165,-0.000148477,-0.000770565,-0.000598165,,,
1786043800595029238,1786043800.594434049,/novatel/oem7/odom,/novatel/oem7/fix,/novatel/oem7/odom,39.663,-75.756,-1.801040750,0.000784739,-0.000598165,-0.000148477,-0.000770565,-0.000598165,,,
1786043800607013234,1786043800.606516791,/novatel/oem7/inspva,/novatel/oem7/inspva,/novatel/oem7/inspva,39.663,-75.756,-1.801078325,0.000559149,-0.000939150,-0.000536262,-0.000158339,-0.000939150,,novatel_oem7_msgs.msg.InertialSolutionStatus(status=3),
1786043800608140767,1786043800.606698070,/novatel/oem7/fix,/novatel/oem7/fix,/novatel/oem7/inspva,39.663,-75.756,-1.801078325,0.000559149,-0.000939150,-0.000536262,-0.000158339,-0.000939150,,0,
1786043800609043519,1786043800.607151884,/novatel/oem7/odom,/novatel/oem7/fix,/novatel/oem7/odom,39.663,-75.756,-1.801078325,0.000555756,-0.000941162,-0.000180677,-0.000525567,-0.000941162,,,
1786043800610770324,1786043800.610178528,/novatel/oem7/bestpos,/novatel/oem7/bestpos,/novatel/oem7/odom,39.663,-75.756,33.181377918,0.000555756,-0.000941162,-0.000180677,-0.000525567,-0.000941162,,novatel_oem7_msgs.msg.SolutionStatus(status=0),novatel_oem7_msgs.msg.PositionOrVelocityType(type=53)
1786043800611995041,1786043800.610615436,/novatel/oem7/bestvel,/novatel/oem7/bestpos,/novatel/oem7/bestvel,39.663,-75.756,33.181377918,0.000528243,-0.000924855,,,,214.882388027,novatel_oem7_msgs.msg.SolutionStatus(status=0),novatel_oem7_msgs.msg.PositionOrVelocityType(type=53)
1786043800615352120,1786043800.614711731,/novatel/oem7/odom,/novatel/oem7/bestpos,/novatel/oem7/odom,39.663,-75.756,33.181377918,0.000555756,-0.000941162,-0.000180677,-0.000525567,-0.000941162,,,
1786043800625788173,1786043800.625067678,/novatel/oem7/inspva,/novatel/oem7/inspva,/novatel/oem7/inspva,39.663,-75.756,-1.801122168,0.000675007,-0.000950773,-0.000580192,-0.000344981,-0.000950773,,novatel_oem7_msgs.msg.InertialSolutionStatus(status=3),
1786043800627113769,1786043800.625337235,/novatel/oem7/fix,/novatel/oem7/fix,/novatel/oem7/inspva,39.663,-75.756,-1.801122168,0.000675007,-0.000950773,-0.000580192,-0.000344981,-0.000950773,,0,
1786043800628089466,1786043800.625646505,/novatel/oem7/odom,/novatel/oem7/fix,/novatel/oem7/odom,39.663,-75.756,-1.801122168,0.000671061,-0.000953562,-0.000369187,-0.000560379,-0.000953562,,,
1786043800636207151,1786043800.635603628,/novatel/oem7/odom,/novatel/oem7/fix,/novatel/oem7/odom,39.663,-75.756,-1.801122168,0.000671061,-0.000953562,-0.000369187,-0.000560379,-0.000953562,,,
1786043800645841438,1786043800.645334586,/novatel/oem7/inspva,/novatel/oem7/inspva,/novatel/oem7/inspva,39.663,-75.756,-1.801161254,0.000701620,-0.000832674,-0.000700353,0.000042151,-0.000832674,,novatel_oem7_msgs.msg.InertialSolutionStatus(status=3),
1786043800647166861,1786043800.645588439,/novatel/oem7/fix,/novatel/oem7/fix,/novatel/oem7/inspva,39.663,-75.756,-1.801161254,0.000701620,-0.000832674,-0.000700353,0.000042151,-0.000832674,,0,
1786043800648226879,1786043800.646203364,/novatel/oem7/odom,/novatel/oem7/fix,/novatel/oem7/odom,39.663,-75.756,-1.801161254,0.000699543,-0.000834420,0.000011243,-0.000699453,-0.000834420,,,
1786043800657842726,1786043800.656628700,/novatel/oem7/odom,/novatel/oem7/fix,/novatel/oem7/odom,39.663,-75.756,-1.801161254,0.000699543,-0.000834420,0.000011243,-0.000699453,-0.000834420,,,
1786043800667126872,1786043800.666277081,/novatel/oem7/inspva,/novatel/oem7/inspva,/novatel/oem7/inspva,39.663,-75.756,-1.801210699,0.000706822,-0.001111603,-0.000677455,-0.000201623,-0.001111603,,novatel_oem7_msgs.msg.InertialSolutionStatus(status=3),
1786043800669016628,1786043800.666592161,/novatel/oem7/fix,/novatel/oem7/fix,/novatel/oem7/inspva,39.663,-75.756,-1.801210699,0.000706822,-0.001111603,-0.000677455,-0.000201623,-0.001111603,,0,
1786043800670479623,1786043800.667050825,/novatel/oem7/odom,/novatel/oem7/fix,/novatel/oem7/odom,39.663,-75.756,-1.801210699,0.000702801,-0.001114150,-0.000230106,-0.000664063,-0.001114150,,,
1786043800675348789,1786043800.674518116,/novatel/oem7/odom,/novatel/oem7/fix,/novatel/oem7/odom,39.663,-75.756,-1.801210699,0.000702801,-0.001114150,-0.000230106,-0.000664063,-0.001114150,,,
1786043800685664636,1786043800.685070197,/novatel/oem7/inspva,/novatel/oem7/inspva,/novatel/oem7/inspva,39.663,-75.756,-1.801252033,0.000489578,-0.001282546,-0.000444749,-0.000204658,-0.001282546,,novatel_oem7_msgs.msg.InertialSolutionStatus(status=3),
1786043800687176088,1786043800.685272682,/novatel/oem7/fix,/novatel/oem7/fix,/novatel/oem7/inspva,39.663,-75.756,-1.801252033,0.000489578,-0.001282546,-0.000444749,-0.000204658,-0.001282546,,0,
1786043800688267452,1786043800.685613479,/novatel/oem7/odom,/novatel/oem7/fix,/novatel/oem7/odom,39.663,-75.756,-1.801252033,0.000484507,-0.001284470,-0.000221241,-0.000431045,-0.001284470,,,
1786043800696103345,1786043800.695404808,/novatel/oem7/odom,/novatel/oem7/fix,/novatel/oem7/odom,39.663,-75.756,-1.801252033,0.000484507,-0.001284470,-0.000221241,-0.000431045,-0.001284470,,,
1786043800706511573,1786043800.705799652,/novatel/oem7/inspva,/novatel/oem7/inspva,/novatel/oem7/inspva,39.663,-75.756,-1.801300244,0.000735464,-0.001097448,-0.000559378,-0.000477497,-0.001097448,,novatel_oem7_msgs.msg.InertialSolutionStatus(status=3),
1786043800708039729,1786043800.705998364,/novatel/oem7/fix,/novatel/oem7/fix,/novatel/oem7/inspva,39.663,-75.756,-1.801300244,0.000735464,-0.001097448,-0.000559378,-0.000477497,-0.001097448,,0,
1786043800709174360,1786043800.706527787,/novatel/oem7/odom,/novatel/oem7/fix,/novatel/oem7/odom,39.663,-75.756,-1.801300244,0.000730658,-0.001100653,-0.000499981,-0.000532804,-0.001100653,,,
1786043800710734472,1786043800.709541184,/novatel/oem7/bestpos,/novatel/oem7/bestpos,/novatel/oem7/odom,39.663,-75.756,33.181157071,0.000730658,-0.001100653,-0.000499981,-0.000532804,-0.001100653,,novatel_oem7_msgs.msg.SolutionStatus(status=0),novatel_oem7_msgs.msg.PositionOrVelocityType(type=53)
1786043800712189121,1786043800.710255564,/novatel/oem7/bestvel,/novatel/oem7/bestpos,/novatel/oem7/bestvel,39.663,-75.756,33.181157071,0.001169009,-0.000761078,,,,222.185695903,novatel_oem7_msgs.msg.SolutionStatus(status=0),novatel_oem7_msgs.msg.PositionOrVelocityType(type=53)
1786043800715065670,1786043800.714387146,/novatel/oem7/odom,/novatel/oem7/bestpos,/novatel/oem7/odom,39.663,-75.756,33.181157071,0.000730658,-0.001100653,-0.000499981,-0.000532804,-0.001100653,,,
1786043800727089631,1786043800.726532942,/novatel/oem7/inspva,/novatel/oem7/inspva,/novatel/oem7/inspva,39.663,-75.756,-1.801345289,0.000550182,-0.001314204,-0.000500512,-0.000228446,-0.001314204,,novatel_oem7_msgs.msg.InertialSolutionStatus(status=3),
1786043800728458621,1786043800.726739884,/novatel/oem7/fix,/novatel/oem7/fix,/novatel/oem7/inspva,39.663,-75.756,-1.801345289,0.000550182,-0.001314204,-0.000500512,-0.000228446,-0.001314204,,0,
1786043800729539195,1786043800.727255859,/novatel/oem7/odom,/novatel/oem7/fix,/novatel/oem7/odom,39.663,-75.756,-1.801345289,0.000544986,-0.001316367,-0.000247563,-0.000485513,-0.001316367,,,
1786043800735635667,1786043800.734927413,/novatel/oem7/odom,/novatel/oem7/fix,/novatel/oem7/odom,39.663,-75.756,-1.801345289,0.000544986,-0.001316367,-0.000247563,-0.000485513,-0.001316367,,,
1786043800745709689,1786043800.745005161,/novatel/oem7/inspva,/novatel/oem7/inspva,/novatel/oem7/inspva,39.663,-75.756,-1.801396119,0.000886839,-0.001317833,-0.000661541,-0.000590633,-0.001317833,,novatel_oem7_msgs.msg.InertialSolutionStatus(status=3),
1786043800747215897,1786043800.745225327,/novatel/oem7/fix,/novatel/oem7/fix,/novatel/oem7/inspva,39.663,-75.756,-1.801396119,0.000886839,-0.001317833,-0.000661541,-0.000590633,-0.001317833,,0,
1786043800748344348,1786043800.745576440,/novatel/oem7/odom,/novatel/oem7/fix,/novatel/oem7/odom,39.663,-75.756,-1.801396119,0.000881035,-0.001321720,-0.000617104,-0.000628813,-0.001321720,,,
1786043800756627652,1786043800.755901961,/novatel/oem7/odom,/novatel/oem7/fix,/novatel/oem7/odom,39.663,-75.756,-1.801396119,0.000881035,-0.001321720,-0.000617104,-0.000628813,-0.001321720,,,
1786043800765705937,1786043800.765144088,/novatel/oem7/inspva,/novatel/oem7/inspva,/novatel/oem7/inspva,39.663,-75.756,-1.801441476,0.000930937,-0.001302611,-0.000926354,-0.000092262,-0.001302611,,novatel_oem7_msgs.msg.InertialSolutionStatus(status=3),
1786043800767079470,1786043800.765341147,/novatel/oem7/fix,/novatel/oem7/fix,/novatel/oem7/inspva,39.663,-75.756,-1.801441476,0.000930937,-0.001302611,-0.000926354,-0.000092262,-0.001302611,,0,
1786043800768164378,1786043800.765673705,/novatel/oem7/odom,/novatel/oem7/fix,/novatel/oem7/odom,39.663,-75.756,-1.801441476,0.000926962,-0.001305443,-0.000132223,-0.000917483,-0.001305443,,,
1786043800775597543,1786043800.774913063,/novatel/oem7/odom,/novatel/oem7/fix,/novatel/oem7/odom,39.663,-75.756,-1.801441476,0.000926962,-0.001305443,-0.000132223,-0.000917483,-0.001305443,,,
1786043800786534007,1786043800.785982055,/novatel/oem7/inspva,/novatel/oem7/inspva,/novatel/oem7/inspva,39.663,-75.756,-1.801493834,0.001200602,-0.001299869,-0.001070193,-0.000544180,-0.001299869,,novatel_oem7_msgs.msg.InertialSolutionStatus(status=3),
1786043800787856480,1786043800.786178000,/novatel/oem7/fix,/novatel/oem7/fix,/novatel/oem7/inspva,39.663,-75.756,-1.801493834,0.001200602,-0.001299869,-0.001070193,-0.000544180,-0.001299869,,0,
1786043800788903574,1786043800.786525505,/novatel/oem7/odom,/novatel/oem7/fix,/novatel/oem7/odom,39.663,-75.756,-1.801493834,0.001195364,-0.001304688,-0.000590587,-0.001039279,-0.001304688,,,
1786043800794976199,1786043800.794316739,/novatel/oem7/odom,/novatel/oem7/fix,/novatel/oem7/odom,39.663,-75.756,-1.801493834,0.001195364,-0.001304688,-0.000590587,-0.001039279,-0.001304688,,,
1786043800806802955,1786043800.806265869,/novatel/oem7/inspva,/novatel/oem7/inspva,/novatel/oem7/inspva,39.663,-75.756,-1.801542277,0.001185427,-0.001622317,-0.001024889,-0.000595685,-0.001622317,,novatel_oem7_msgs.msg.InertialSolutionStatus(status=3),
1786043800808123724,1786043800.806467488,/novatel/oem7/fix,/novatel/oem7/fix,/novatel/oem7/inspva,39.663,-75.756,-1.801542277,0.001185427,-0.001622317,-0.001024889,-0.000595685,-0.001622317,,0,
1786043800809214042,1786043800.806942257,/novatel/oem7/odom,/novatel/oem7/fix,/novatel/oem7/odom,39.663,-75.756,-1.801542277,0.001178730,-0.001627190,-0.000638645,-0.000990726,-0.001627190,,,
1786043800811183362,1786043800.810248809,/novatel/oem7/bestpos,/novatel/oem7/bestpos,/novatel/oem7/odom,39.663,-75.756,33.180922372,0.001178730,-0.001627190,-0.000638645,-0.000990726,-0.001627190,,novatel_oem7_msgs.msg.SolutionStatus(status=0),novatel_oem7_msgs.msg.PositionOrVelocityType(type=53)
1786043800812193625,1786043800.810572323,/novatel/oem7/bestvel,/novatel/oem7/bestpos,/novatel/oem7/bestvel,39.663,-75.756,33.180922372,0.001550635,-0.001353274,,,,208.245147145,novatel_oem7_msgs.msg.SolutionStatus(status=0),novatel_oem7_msgs.msg.PositionOrVelocityType(type=53)
1786043800816107882,1786043800.815465232,/novatel/oem7/odom,/novatel/oem7/bestpos,/novatel/oem7/odom,39.663,-75.756,33.180922372,0.001178730,-0.001627190,-0.000638645,-0.000990726,-0.001627190,,,
1786043800825508133,1786043800.824942488,/novatel/oem7/inspva,/novatel/oem7/inspva,/novatel/oem7/inspva,39.663,-75.756,-1.801595375,0.001349173,-0.001605955,-0.001117290,-0.000756260,-0.001605955,,novatel_oem7_msgs.msg.InertialSolutionStatus(status=3),
1786043800826827467,1786043800.825154350,/novatel/oem7/fix,/novatel/oem7/fix,/novatel/oem7/inspva,39.663,-75.756,-1.801595375,0.001349173,-0.001605955,-0.001117290,-0.000756260,-0.001605955,,0,
1786043800827884010,1786043800.825478116,/novatel/oem7/odom,/novatel/oem7/fix,/novatel/oem7/odom,39.663,-75.756,-1.801595375,0.001342356,-0.001611656,-0.000803559,-0.001075274,-0.001611656,,,
1786043800835051083,1786043800.834383169,/novatel/oem7/odom,/novatel/oem7/fix,/novatel/oem7/odom,39.663,-75.756,-1.801595375,0.001342356,-0.001611656,-0.000803559,-0.001075274,-0.001611656,,,
1786043800847069074,1786043800.846526359,/novatel/oem7/inspva,/novatel/oem7/inspva,/novatel/oem7/inspva,39.663,-75.756,-1.801642740,0.001069792,-0.001367989,-0.000828097,-0.000677281,-0.001367989,,novatel_oem7_msgs.msg.InertialSolutionStatus(status=3),
1786043800848394357,1786043800.846705290,/novatel/oem7/fix,/novatel/oem7/fix,/novatel/oem7/inspva,39.663,-75.756,-1.801642740,0.001069792,-0.001367989,-0.000828097,-0.000677281,-0.001367989,,0,
1786043800849485048,1786043800.847029554,/novatel/oem7/odom,/novatel/oem7/fix,/novatel/oem7/odom,39.663,-75.756,-1.801642740,0.001063829,-0.001372632,-0.000711535,-0.000790854,-0.001372632,,,
1786043800857314504,1786043800.856655697,/novatel/oem7/odom,/novatel/oem7/fix,/novatel/oem7/odom,39.663,-75.756,-1.801642740,0.001063829,-0.001372632,-0.000711535,-0.000790854,-0.001372632,,,
1786043800865652804,1786043800.865067829,/novatel/oem7/inspva,/novatel/oem7/inspva,/novatel/oem7/inspva,39.663,-75.756,-1.801699724,0.001024649,-0.001455954,-0.000822304,-0.000611328,-0.001455954,,novatel_oem7_msgs.msg.InertialSolutionStatus(status=3),
1786043800867024455,1786043800.865264474,/novatel/oem7/fix,/novatel/oem7/fix,/novatel/oem7/inspva,39.663,-75.756,-1.801699724,0.001024649,-0.001455954,-0.000822304,-0.000611328,-0.001455954,,0,
1786043800868111033,1786043800.865625828,/novatel/oem7/odom,/novatel/oem7/fix,/novatel/oem7/odom,39.663,-75.756,-1.801699724,0.001018377,-0.001460348,-0.000645057,-0.000788031,-0.001460348,,,
1786043800875409477,1786043800.874770140,/novatel/oem7/odom,/novatel/oem7/fix,/novatel/oem7/odom,39.663,-75.756,-1.801699724,0.001018377,-0.001460348,-0.000645057,-0.000788031,-0.001460348,,,
1786043800885912653,1786043800.885363660,/novatel/oem7/inspva,/novatel/oem7/inspva,/novatel/oem7/inspva,39.663,-75.756,-1.801747123,0.001161081,-0.001489070,-0.000793920,-0.000847230,-0.001489070,,novatel_oem7_msgs.msg.InertialSolutionStatus(status=3),
1786043800887268216,1786043800.885561385,/novatel/oem7/fix,/novatel/oem7/fix,/novatel/oem7/inspva,39.663,-75.756,-1.801747123,0.001161081,-0.001489070,-0.000793920,-0.000847230,-0.001489070,,0,
1786043800888365150,1786043800.886215472,/novatel/oem7/odom,/novatel/oem7/fix,/novatel/oem7/odom,39.663,-75.756,-1.801747123,0.001154443,-0.001494222,-0.000879189,-0.000748176,-0.001494222,,,
1786043800895577200,1786043800.894930017,/novatel/oem7/odom,/novatel/oem7/fix,/novatel/oem7/odom,39.663,-75.756,-1.801747123,0.001154443,-0.001494222,-0.000879189,-0.000748176,-0.001494222,,,
1786043800906707279,1786043800.906142507,/novatel/oem7/inspva,/novatel/oem7/inspva,/novatel/oem7/inspva,39.663,-75.756,-1.801798908,0.001090087,-0.001334135,-0.000960973,-0.000514608,-0.001334135,,novatel_oem7_msgs.msg.InertialSolutionStatus(status=3),
1786043800908039169,1786043800.906318328,/novatel/oem7/fix,/novatel/oem7/fix,/novatel/oem7/inspva,39.663,-75.756,-1.801798908,0.001090087,-0.001334135,-0.000960973,-0.000514608,-0.001334135,,0,
1786043800909117353,1786043800.906772886,/novatel/oem7/odom,/novatel/oem7/fix,/novatel/oem7/odom,39.663,-75.756,-1.801798908,0.001084645,-0.001338563,-0.000555608,-0.000931533,-0.001338563,,,
1786043800910652518,1786043800.909380182,/novatel/oem7/bestpos,/novatel/oem7/bestpos,/novatel/oem7/odom,39.663,-75.756,33.180659608,0.001084645,-0.001338563,-0.000555608,-0.000931533,-0.001338563,,novatel_oem7_msgs.msg.SolutionStatus(status=0),novatel_oem7_msgs.msg.PositionOrVelocityType(type=53)
1786043800912050826,1786043800.910127613,/novatel/oem7/bestvel,/novatel/oem7/bestpos,/novatel/oem7/bestvel,39.663,-75.756,33.180659608,0.001244903,-0.001206000,,,,211.461827996,novatel_oem7_msgs.msg.SolutionStatus(status=0),novatel_oem7_msgs.msg.PositionOrVelocityType(type=53)
1786043800915057466,1786043800.914402790,/novatel/oem7/odom,/novatel/oem7/bestpos,/novatel/oem7/odom,39.663,-75.756,33.180659608,0.001084645,-0.001338563,-0.000555608,-0.000931533,-0.001338563,,,
1786043800925817205,1786043800.925270110,/novatel/oem7/inspva,/novatel/oem7/inspva,/novatel/oem7/inspva,39.663,-75.756,-1.801846386,0.001328608,-0.001469207,-0.001028268,-0.000841346,-0.001469207,,novatel_oem7_msgs.msg.InertialSolutionStatus(status=3),
1786043800927229952,1786043800.925471092,/novatel/oem7/fix,/novatel/oem7/fix,/novatel/oem7/inspva,39.663,-75.756,-1.801846386,0.001328608,-0.001469207,-0.001028268,-0.000841346,-0.001469207,,0,
1786043800928294786,1786043800.926049467,/novatel/oem7/odom,/novatel/oem7/fix,/novatel/oem7/odom,39.663,-75.756,-1.801846386,0.001322197,-0.001474979,-0.000884726,-0.000982580,-0.001474979,,,
1786043800936331627,1786043800.935670618,/novatel/oem7/odom,/novatel/oem7/fix,/novatel/oem7/odom,39.663,-75.756,-1.801846386,0.001322197,-0.001474979,-0.000884726,-0.000982580,-0.001474979,,,
1786043800945620195,1786043800.945064109,/novatel/oem7/inspva,/novatel/oem7/inspva,/novatel/oem7/inspva,39.663,-75.756,-1.801900917,0.001270631,-0.001389629,-0.001063333,-0.000695576,-0.001389629,,novatel_oem7_msgs.msg.InertialSolutionStatus(status=3),
1786043800946993735,1786043800.945239097,/novatel/oem7/fix,/novatel/oem7/fix,/novatel/oem7/inspva,39.663,-75.756,-1.801900917,0.001270631,-0.001389629,-0.001063333,-0.000695576,-0.001389629,,0,
1786043800948078380,1786043800.945712509,/novatel/oem7/odom,/novatel/oem7/fix,/novatel/oem7/odom,39.663,-75.756,-1.801900917,0.001264770,-0.001394966,-0.000741134,-0.001024872,-0.001394966,,,
1786043800956335819,1786043800.955691258,/novatel/oem7/odom,/novatel/oem7/fix,/novatel/oem7/odom,39.663,-75.756,-1.801900917,0.001264770,-0.001394966,-0.000741134,-0.001024872,-0.001394966,,,
1786043800967120588,1786043800.966572952,/novatel/oem7/inspva,/novatel/oem7/inspva,/novatel/oem7/inspva,39.663,-75.756,-1.801951110,0.001512687,-0.001673567,-0.001073011,-0.001066240,-0.001673567,,novatel_oem7_msgs.msg.InertialSolutionStatus(status=3),
1786043800968527129,1786043800.966757851,/novatel/oem7/fix,/novatel/oem7/fix,/novatel/oem7/inspva,39.663,-75.756,-1.801951110,0.001512687,-0.001673567,-0.001073011,-0.001066240,-0.001673567,,0,
1786043800969641397,1786043800.967064711,/novatel/oem7/odom,/novatel/oem7/fix,/novatel/oem7/odom,39.663,-75.756,-1.801951110,0.001505254,-0.001680255,-0.001110776,-0.001015858,-0.001680255,,,
1786043800975367525,1786043800.974696341,/novatel/oem7/odom,/novatel/oem7/fix,/novatel/oem7/odom,39.663,-75.756,-1.801951110,0.001505254,-0.001680255,-0.001110776,-0.001015858,-0.001680255,,,
1786043800985447893,1786043800.984885431,/novatel/oem7/inspva,/novatel/oem7/inspva,/novatel/oem7/inspva,39.663,-75.756,-1.802006958,0.001204023,-0.001603682,-0.000825036,-0.000876918,-0.001603682,,novatel_oem7_msgs.msg.InertialSolutionStatus(status=3),
1786043800986791553,1786043800.985057816,/novatel/oem7/fix,/novatel/oem7/fix,/novatel/oem7/inspva,39.663,-75.756,-1.802006958,0.001204023,-0.001603682,-0.000825036,-0.000876918,-0.001603682,,0,
1786043800987868507,1786043800.985538497,/novatel/oem7/odom,/novatel/oem7/fix,/novatel/oem7/odom,39.663,-75.756,-1.802006958,0.001196889,-0.001609013,-0.000909939,-0.000777531,-0.001609013,,,
1786043800996251475,1786043800.995442752,/novatel/oem7/odom,/novatel/oem7/fix,/novatel/oem7/odom,39.663,-75.756,-1.802006958,0.001196889,-0.001609013,-0.000909939,-0.000777531,-0.001609013,,,
1786043801010565696,1786043801.009970867,/novatel/oem7/inspva,/novatel/oem7/inspva,/novatel/oem7/inspva,39.663,-75.756,-1.802058971,0.001575075,-0.001776748,-0.001067398,-0.001158242,-0.001776748,,novatel_oem7_msgs.msg.InertialSolutionStatus(status=3),
1786043801011974300,1786043801.010154612,/novatel/oem7/fix,/novatel/oem7/fix,/novatel/oem7/inspva,39.663,-75.756,-1.802058971,0.001575075,-0.001776748,-0.001067398,-0.001158242,-0.001776748,,0,
1786043801013030531,1786043801.011500508,/novatel/oem7/odom,/novatel/oem7/fix,/novatel/oem7/odom,39.663,-75.756,-1.802058971,0.001567148,-0.001783744,-0.001202022,-0.001005533,-0.001783744,,,
1786043801016617887,1786043801.015893907,/novatel/oem7/odom,/novatel/oem7/fix,/novatel/oem7/odom,39.663,-75.756,-1.802058971,0.001567148,-0.001783744,-0.001202022,-0.001005533,-0.001783744,,,
1786043801025550367,1786043801.024907904,/novatel/oem7/bestpos,/novatel/oem7/bestpos,/novatel/oem7/odom,39.663,-75.756,33.180403929,0.001567148,-0.001783744,-0.001202022,-0.001005533,-0.001783744,,novatel_oem7_msgs.msg.SolutionStatus(status=0),novatel_oem7_msgs.msg.PositionOrVelocityType(type=53)
1786043801027035032,1786043801.026350162,/novatel/oem7/bestvel,/novatel/oem7/bestpos,/novatel/oem7/bestvel,39.663,-75.756,33.180403929,0.001426275,-0.001903417,,,,231.758628958,novatel_oem7_msgs.msg.SolutionStatus(status=0),novatel_oem7_msgs.msg.PositionOrVelocityType(type=53)
1786043801028496947,1786043801.027117357,/novatel/oem7/inspva,/novatel/oem7/inspva,/novatel/oem7/inspva,39.663,-75.756,-1.802114520,0.001374915,-0.001555072,-0.000996084,-0.000947738,-0.001555072,,novatel_oem7_msgs.msg.InertialSolutionStatus(status=3),
1786043801029342582,1786043801.027288148,/novatel/oem7/fix,/novatel/oem7/fix,/novatel/oem7/inspva,39.663,-75.756,-1.802114520,0.001374915,-0.001555072,-0.000996084,-0.000947738,-0.001555072,,0,
1786043801030402453,1786043801.027607729,/novatel/oem7/odom,/novatel/oem7/fix,/novatel/oem7/odom,39.663,-75.756,-1.802114520,0.001368046,-0.001561119,-0.000989140,-0.000945066,-0.001561119,,,
1786043801035107360,1786043801.034454067,/novatel/oem7/odom,/novatel/oem7/fix,/novatel/oem7/odom,39.663,-75.756,-1.802114520,0.001368046,-0.001561119,-0.000989140,-0.000945066,-0.001561119,,,
1786043801045823092,1786043801.045282326,/novatel/oem7/inspva,/novatel/oem7/inspva,/novatel/oem7/inspva,39.663,-75.756,-1.802117950,0.001740466,-0.001533950,-0.001373159,-0.001069419,-0.001533950,,novatel_oem7_msgs.msg.InertialSolutionStatus(status=3),
1786043801047190059,1786043801.045482658,/novatel/oem7/fix,/novatel/oem7/fix,/novatel/oem7/inspva,39.663,-75.756,-1.802117950,0.001740466,-0.001533950,-0.001373159,-0.001069419,-0.001533950,,0,
1786043801048263096,1786043801.046022854,/novatel/oem7/odom,/novatel/oem7/fix,/novatel/oem7/odom,39.663,-75.756,-1.802117950,0.001733822,-0.001541456,-0.001129023,-0.001315843,-0.001541456,,,
1786043801057253057,1786043801.056572877,/novatel/oem7/odom,/novatel/oem7/fix,/novatel/oem7/odom,39.663,-75.756,-1.802117950,0.001733822,-0.001541456,-0.001129023,-0.001315843,-0.001541456,,,
1786043801065554858,1786043801.064996469,/novatel/oem7/inspva,/novatel/oem7/inspva,/novatel/oem7/inspva,39.663,-75.756,-1.802102742,0.001361049,-0.001563740,-0.001073857,-0.000836233,-0.001563740,,novatel_oem7_msgs.msg.InertialSolutionStatus(status=3),
1786043801066946812,1786043801.065178914,/novatel/oem7/fix,/novatel/oem7/fix,/novatel/oem7/inspva,39.663,-75.756,-1.802102742,0.001361049,-0.001563740,-0.001073857,-0.000836233,-0.001563740,,0,
1786043801068033396,1786043801.065605771,/novatel/oem7/odom,/novatel/oem7/fix,/novatel/oem7/odom,39.663,-75.756,-1.802102742,0.001354278,-0.001569608,-0.000881501,-0.001028117,-0.001569608,,,
1786043801075164081,1786043801.074506731,/novatel/oem7/odom,/novatel/oem7/fix,/novatel/oem7/odom,39.663,-75.756,-1.802102742,0.001354278,-0.001569608,-0.000881501,-0.001028117,-0.001569608,,,
1786043801087233789,1786043801.086696364,/novatel/oem7/inspva,/novatel/oem7/inspva,/novatel/oem7/inspva,39.663,-75.756,-1.802094095,0.001471171,-0.001691701,-0.000915144,-0.001151892,-0.001691701,,novatel_oem7_msgs.msg.InertialSolutionStatus(status=3),
1786043801088590317,1786043801.086869136,/novatel/oem7/fix,/novatel/oem7/fix,/novatel/oem7/inspva,39.663,-75.756,-1.802094095,0.001471171,-0.001691701,-0.000915144,-0.001151892,-0.001691701,,0,
1786043801089614883,1786043801.087231076,/novatel/oem7/odom,/novatel/oem7/fix,/novatel/oem7/odom,39.663,-75.756,-1.802094095,0.001463589,-0.001698265,-0.001188627,-0.000853966,-0.001698265,,,
1786043801096035125,1786043801.095386321,/novatel/oem7/odom,/novatel/oem7/fix,/novatel/oem7/odom,39.663,-75.756,-1.802094095,0.001463589,-0.001698265,-0.001188627,-0.000853966,-0.001698265,,,
1786043801106179517,1786043801.105673452,/novatel/oem7/inspva,/novatel/oem7/inspva,/novatel/oem7/inspva,39.663,-75.756,-1.802076715,0.001294711,-0.001737947,-0.000817209,-0.001004214,-0.001737947,,novatel_oem7_msgs.msg.InertialSolutionStatus(status=3),
1786043801107522768,1786043801.105834981,/novatel/oem7/fix,/novatel/oem7/fix,/novatel/oem7/inspva,39.663,-75.756,-1.802076715,0.001294711,-0.001737947,-0.000817209,-0.001004214,-0.001737947,,0,
1786043801108607959,1786043801.106299972,/novatel/oem7/odom,/novatel/oem7/fix,/novatel/oem7/odom,39.663,-75.756,-1.802076715,0.001286917,-0.001743727,-0.001036205,-0.000763174,-0.001743727,,,
1786043801110088034,1786043801.108738426,/novatel/oem7/bestpos,/novatel/oem7/bestpos,/novatel/oem7/odom,39.663,-75.756,33.180363824,0.001286917,-0.001743727,-0.001036205,-0.000763174,-0.001743727,,novatel_oem7_msgs.msg.SolutionStatus(status=0),novatel_oem7_msgs.msg.PositionOrVelocityType(type=53)
1786043801111016756,1786043801.109352066,/novatel/oem7/bestvel,/novatel/oem7/bestpos,/novatel/oem7/bestvel,39.663,-75.756,33.180363824,0.001078397,-0.001932582,,,,239.367203376,novatel_oem7_msgs.msg.SolutionStatus(status=0),novatel_oem7_msgs.msg.PositionOrVelocityType(type=53)
1786043801116061787,1786043801.115450470,/novatel/oem7/odom,/novatel/oem7/bestpos,/novatel/oem7/odom,39.663,-75.756,33.180363824,0.001286917,-0.001743727,-0.001036205,-0.000763174,-0.001743727,,,
1786043801125792188,1786043801.125243536,/novatel/oem7/inspva,/novatel/oem7/inspva,/novatel/oem7/inspva,39.663,-75.756,-1.802061385,0.001345955,-0.001191325,-0.001001199,-0.000899552,-0.001191325,,novatel_oem7_msgs.msg.InertialSolutionStatus(status=3),
1786043801127173906,1786043801.125449069,/novatel/oem7/fix,/novatel/oem7/fix,/novatel/oem7/inspva,39.663,-75.756,-1.802061385,0.001345955,-0.001191325,-0.001001199,-0.000899552,-0.001191325,,0,
1786043801128265040,1786043801.126038658,/novatel/oem7/odom,/novatel/oem7/fix,/novatel/oem7/odom,39.663,-75.756,-1.802061385,0.001340698,-0.001197237,-0.000942592,-0.000953411,-0.001197237,,,
1786043801135485220,1786043801.134832012,/novatel/oem7/odom,/novatel/oem7/fix,/novatel/oem7/odom,39.663,-75.756,-1.802061385,0.001340698,-0.001197237,-0.000942592,-0.000953411,-0.001197237,,,
1786043801146561075,1786043801.146014319,/novatel/oem7/inspva,/novatel/oem7/inspva,/novatel/oem7/inspva,39.663,-75.756,-1.802047508,0.001043100,-0.001444061,-0.000844235,-0.000612639,-0.001444061,,novatel_oem7_msgs.msg.InertialSolutionStatus(status=3),
1786043801147903081,1786043801.146180521,/novatel/oem7/fix,/novatel/oem7/fix,/novatel/oem7/inspva,39.663,-75.756,-1.802047508,0.001043100,-0.001444061,-0.000844235,-0.000612639,-0.001444061,,0,
1786043801148970896,1786043801.146617048,/novatel/oem7/odom,/novatel/oem7/fix,/novatel/oem7/odom,39.663,-75.756,-1.802047508,0.001036891,-0.001448526,-0.000647482,-0.000809883,-0.001448526,,,
1786043801156782581,1786043801.155913909,/novatel/oem7/odom,/novatel/oem7/fix,/novatel/oem7/odom,39.663,-75.756,-1.802047508,0.001036891,-0.001448526,-0.000647482,-0.000809883,-0.001448526,,,
1786043801165767561,1786043801.165206536,/novatel/oem7/inspva,/novatel/oem7/inspva,/novatel/oem7/inspva,39.663,-75.756,-1.802039052,0.001325227,-0.001777049,-0.001047290,-0.000812041,-0.001777049,,novatel_oem7_msgs.msg.InertialSolutionStatus(status=3),
1786043801167104625,1786043801.165382034,/novatel/oem7/fix,/novatel/oem7/fix,/novatel/oem7/inspva,39.663,-75.756,-1.802039052,0.001325227,-0.001777049,-0.001047290,-0.000812041,-0.001777049,,0,
1786043801168159256,1786043801.165797072,/novatel/oem7/odom,/novatel/oem7/fix,/novatel/oem7/odom,39.663,-75.756,-1.802039052,0.001317520,-0.001782771,-0.000855269,-0.001002184,-0.001782771,,,
1786043801176399426,1786043801.175713599,/novatel/oem7/odom,/novatel/oem7/fix,/novatel/oem7/odom,39.663,-75.756,-1.802039052,0.001317520,-0.001782771,-0.000855269,-0.001002184,-0.001782771,,,
1786043801185750950,1786043801.185180551,/novatel/oem7/inspva,/novatel/oem7/inspva,/novatel/oem7/inspva,39.663,-75.756,-1.802020156,0.001054246,-0.001617151,-0.000839801,-0.000637315,-0.001617151,,novatel_oem7_msgs.msg.InertialSolutionStatus(status=3),
1786043801187302955,1786043801.185352786,/novatel/oem7/fix,/novatel/oem7/fix,/novatel/oem7/inspva,39.663,-75.756,-1.802020156,0.001054246,-0.001617151,-0.000839801,-0.000637315,-0.001617151,,0,
1786043801188403083,1786043801.185837661,/novatel/oem7/odom,/novatel/oem7/fix,/novatel/oem7/odom,39.663,-75.756,-1.802020156,0.001047243,-0.001621695,-0.000671295,-0.000803791,-0.001621695,,,
1786043801195132931,1786043801.194467655,/novatel/oem7/odom,/novatel/oem7/fix,/novatel/oem7/odom,39.663,-75.756,-1.802020156,0.001047243,-0.001621695,-0.000671295,-0.000803791,-0.001621695,,,
1786043801207263080,1786043801.206726505,/novatel/oem7/inspva,/novatel/oem7/inspva,/novatel/oem7/inspva,39.663,-75.756,-1.802011522,0.001169211,-0.001726716,-0.000587572,-0.001010848,-0.001726716,,novatel_oem7_msgs.msg.InertialSolutionStatus(status=3),
1786043801208603117,1786043801.206898770,/novatel/oem7/fix,/novatel/oem7/fix,/novatel/oem7/inspva,39.663,-75.756,-1.802011522,0.001169211,-0.001726716,-0.000587572,-0.001010848,-0.001726716,,0,
1786043801209657994,1786043801.207226816,/novatel/oem7/odom,/novatel/oem7/fix,/novatel/oem7/odom,39.663,-75.756,-1.802011522,0.001161507,-0.001731907,-0.001031742,-0.000533486,-0.001731907,,,
1786043801211142099,1786043801.210359008,/novatel/oem7/bestpos,/novatel/oem7/bestpos,/novatel/oem7/odom,39.663,-75.756,33.180420769,0.001161507,-0.001731907,-0.001031742,-0.000533486,-0.001731907,,novatel_oem7_msgs.msg.SolutionStatus(status=0),novatel_oem7_msgs.msg.PositionOrVelocityType(type=53)
1786043801212582291,1786043801.210806956,/novatel/oem7/bestvel,/novatel/oem7/bestpos,/novatel/oem7/bestvel,39.663,-75.756,33.180420769,0.000742176,-0.002026013,,,,234.071736610,novatel_oem7_msgs.msg.SolutionStatus(status=0),novatel_oem7_msgs.msg.PositionOrVelocityType(type=53)
1786043801215775623,1786043801.215122619,/novatel/oem7/odom,/novatel/oem7/bestpos,/novatel/oem7/odom,39.663,-75.756,33.180420769,0.001161507,-0.001731907,-0.001031742,-0.000533486,-0.001731907,,,
1786043801225764810,1786043801.225194621,/novatel/oem7/inspva,/novatel/oem7/inspva,/novatel/oem7/inspva,39.663,-75.756,-1.801994519,0.001066704,-0.001639883,-0.000526003,-0.000927997,-0.001639883,,novatel_oem7_msgs.msg.InertialSolutionStatus(status=3),
1786043801227089977,1786043801.225365563,/novatel/oem7/fix,/novatel/oem7/fix,/novatel/oem7/inspva,39.663,-75.756,-1.801994519,0.001066704,-0.001639883,-0.000526003,-0.000927997,-0.001639883,,0,
1786043801228126580,1786043801.225685616,/novatel/oem7/odom,/novatel/oem7/fix,/novatel/oem7/odom,39.663,-75.756,-1.801994519,0.001059419,-0.001644599,-0.000946344,-0.000476238,-0.001644599,,,
1786043801236278660,1786043801.235650344,/novatel/oem7/odom,/novatel/oem7/fix,/novatel/oem7/odom,39.663,-75.756,-1.801994519,0.001059419,-0.001644599,-0.000946344,-0.000476238,-0.001644599,,,
1786043801246298468,1786043801.245781855,/novatel/oem7/inspva,/novatel/oem7/inspva,/novatel/oem7/inspva,39.663,-75.756,-1.801984637,0.001152297,-0.001398310,-0.000416975,-0.001074207,-0.001398310,,novatel_oem7_msgs.msg.InertialSolutionStatus(status=3),
1786043801247682651,1786043801.245951710,/novatel/oem7/fix,/novatel/oem7/fix,/novatel/oem7/inspva,39.663,-75.756,-1.801984637,0.001152297,-0.001398310,-0.000416975,-0.001074207,-0.001398310,,0,
1786043801248735958,1786043801.246416619,/novatel/oem7/odom,/novatel/oem7/fix,/novatel/oem7/odom,39.663,-75.756,-1.801984637,0.001146259,-0.001403263,-0.001087970,-0.000360877,-0.001403263,,,
1786043801257097676,1786043801.256401286,/novatel/oem7/odom,/novatel/oem7/fix,/novatel/oem7/odom,39.663,-75.756,-1.801984637,0.001146259,-0.001403263,-0.001087970,-0.000360877,-0.001403263,,,
1786043801266655199,1786043801.266061327,/novatel/oem7/inspva,/novatel/oem7/inspva,/novatel/oem7/inspva,39.663,-75.756,-1.801968056,0.001071373,-0.001242001,-0.000500222,-0.000947427,-0.001242001,,novatel_oem7_msgs.msg.InertialSolutionStatus(status=3),
1786043801268017370,1786043801.266240705,/novatel/oem7/fix,/novatel/oem7/fix,/novatel/oem7/inspva,39.663,-75.756,-1.801968056,0.001071373,-0.001242001,-0.000500222,-0.000947427,-0.001242001,,0,
1786043801269083014,1786043801.266669693,/novatel/oem7/odom,/novatel/oem7/fix,/novatel/oem7/odom,39.663,-75.756,-1.801968056,0.001065862,-0.001246733,-0.000965954,-0.000450549,-0.001246733,,,
1786043801275158282,1786043801.274514407,/novatel/oem7/odom,/novatel/oem7/fix,/novatel/oem7/odom,39.663,-75.756,-1.801968056,0.001065862,-0.001246733,-0.000965954,-0.000450549,-0.001246733,,,
1786043801285810742,1786043801.285240403,/novatel/oem7/inspva,/novatel/oem7/inspva,/novatel/oem7/inspva,39.663,-75.756,-1.801961252,0.000927553,-0.001607143,-0.000154579,-0.000914582,-0.001607143,,novatel_oem7_msgs.msg.InertialSolutionStatus(status=3),
1786043801287186613,1786043801.285443572,/novatel/oem7/fix,/novatel/oem7/fix,/novatel/oem7/inspva,39.663,-75.756,-1.801961252,0.000927553,-0.001607143,-0.000154579,-0.000914582,-0.001607143,,0,
1786043801288360942,1786043801.285919130,/novatel/oem7/odom,/novatel/oem7/fix,/novatel/oem7/odom,39.663,-75.756,-1.801961252,0.000921171,-0.001610809,-0.000915055,-0.000105971,-0.001610809,,,
1786043801296184127,1786043801.295537767,/novatel/oem7/odom,/novatel/oem7/fix,/novatel/oem7/odom,39.663,-75.756,-1.801961252,0.000921171,-0.001610809,-0.000915055,-0.000105971,-0.001610809,,,
1786043801306545121,1786043801.306003253,/novatel/oem7/inspva,/novatel/oem7/inspva,/novatel/oem7/inspva,39.663,-75.756,-1.801944247,0.001183851,-0.001677666,-0.000526782,-0.001060190,-0.001677666,,novatel_oem7_msgs.msg.InertialSolutionStatus(status=3),
1786043801307890005,1786043801.306170055,/novatel/oem7/fix,/novatel/oem7/fix,/novatel/oem7/inspva,39.663,-75.756,-1.801944247,0.001183851,-0.001677666,-0.000526782,-0.001060190,-0.001677666,,0,
1786043801308996356,1786043801.306598732,/novatel/oem7/odom,/novatel/oem7/fix,/novatel/oem7/odom,39.663,-75.756,-1.801944247,0.001176442,-0.001682869,-0.001078261,-0.000470500,-0.001682869,,,
1786043801310472475,1786043801.309518791,/novatel/oem7/bestpos,/novatel/oem7/bestpos,/novatel/oem7/odom,39.663,-75.756,33.180489052,0.001176442,-0.001682869,-0.001078261,-0.000470500,-0.001682869,,novatel_oem7_msgs.msg.SolutionStatus(status=0),novatel_oem7_msgs.msg.PositionOrVelocityType(type=53)
1786043801311862879,1786043801.310364795,/novatel/oem7/bestvel,/novatel/oem7/bestpos,/novatel/oem7/bestvel,39.663,-75.756,33.180489052,0.001233024,-0.001574910,,,,225.491599321,novatel_oem7_msgs.msg.SolutionStatus(status=0),novatel_oem7_msgs.msg.PositionOrVelocityType(type=53)
1786043801315054194,1786043801.314305143,/novatel/oem7/odom,/novatel/oem7/bestpos,/novatel/oem7/odom,39.663,-75.756,33.180489052,0.001176442,-0.001682869,-0.001078261,-0.000470500,-0.001682869,,,
1786043801327258457,1786043801.326751439,/novatel/oem7/inspva,/novatel/oem7/inspva,/novatel/oem7/inspva,39.663,-75.756,-1.801932018,0.001214908,-0.001090461,-0.000148374,-0.001205813,-0.001090461,,novatel_oem7_msgs.msg.InertialSolutionStatus(status=3),
1786043801328610521,1786043801.326837571,/novatel/oem7/fix,/novatel/oem7/fix,/novatel/oem7/inspva,39.663,-75.756,-1.801932018,0.001214908,-0.001090461,-0.000148374,-0.001205813,-0.001090461,,0,
1786043801329657421,1786043801.327308875,/novatel/oem7/odom,/novatel/oem7/fix,/novatel/oem7/odom,39.663,-75.756,-1.801932018,0.001210681,-0.001095152,-0.001207553,-0.000086981,-0.001095152,,,
1786043801335395526,1786043801.334748905,/novatel/oem7/odom,/novatel/oem7/fix,/novatel/oem7/odom,39.663,-75.756,-1.801932018,0.001210681,-0.001095152,-0.001207553,-0.000086981,-0.001095152,,,
1786043801345896228,1786043801.345134264,/novatel/oem7/inspva,/novatel/oem7/inspva,/novatel/oem7/inspva,39.663,-75.756,-1.801918436,0.001200848,-0.001367289,-0.000053168,-0.001199670,-0.001367289,,novatel_oem7_msgs.msg.InertialSolutionStatus(status=3),
1786043801347231739,1786043801.345367450,/novatel/oem7/fix,/novatel/oem7/fix,/novatel/oem7/inspva,39.663,-75.756,-1.801918436,0.001200848,-0.001367289,-0.000053168,-0.001199670,-0.001367289,,0,
1786043801348300939,1786043801.345795094,/novatel/oem7/odom,/novatel/oem7/fix,/novatel/oem7/odom,39.663,-75.756,-1.801918436,0.001195811,-0.001371696,-0.001195781,0.000008516,-0.001371696,,,
1786043801356557106,1786043801.355859250,/novatel/oem7/odom,/novatel/oem7/fix,/novatel/oem7/odom,39.663,-75.756,-1.801918436,0.001195811,-0.001371696,-0.001195781,0.000008516,-0.001371696,,,
1786043801366651148,1786043801.365916444,/novatel/oem7/inspva,/novatel/oem7/inspva,/novatel/oem7/inspva,39.663,-75.756,-1.801910718,0.001002024,-0.001297839,0.000083835,-0.000998511,-0.001297839,,novatel_oem7_msgs.msg.InertialSolutionStatus(status=3),
1786043801368140126,1786043801.366126072,/novatel/oem7/fix,/novatel/oem7/fix,/novatel/oem7/inspva,39.663,-75.756,-1.801910718,0.001002024,-0.001297839,0.000083835,-0.000998511,-0.001297839,,0,
1786043801369216017,1786043801.366716665,/novatel/oem7/odom,/novatel/oem7/fix,/novatel/oem7/odom,39.663,-75.756,-1.801910718,0.000997713,-0.001301155,-0.000988479,0.000135430,-0.001301155,,,
1786043801374964490,1786043801.374631089,/novatel/oem7/odom,/novatel/oem7/fix,/novatel/oem7/odom,39.663,-75.756,-1.801910718,0.000997713,-0.001301155,-0.000988479,0.000135430,-0.001301155,,,
1786043801386774094,1786043801.386215595,/novatel/oem7/inspva,/novatel/oem7/inspva,/novatel/oem7/inspva,39.663,-75.756,-1.801895673,0.001290517,-0.001360816,-0.000163402,-0.001280130,-0.001360816,,novatel_oem7_msgs.msg.InertialSolutionStatus(status=3),
1786043801388163335,1786043801.386378783,/novatel/oem7/fix,/novatel/oem7/fix,/novatel/oem7/inspva,39.663,-75.756,-1.801895673,0.001290517,-0.001360816,-0.000163402,-0.001280130,-0.001360816,,0,
1786043801389226562,1786043801.386823481,/novatel/oem7/odom,/novatel/oem7/fix,/novatel/oem7/odom,39.663,-75.756,-1.801895673,0.001285219,-0.001365820,-0.001281500,-0.000097701,-0.001365820,,,
1786043801395538289,1786043801.394869740,/novatel/oem7/odom,/novatel/oem7/fix,/novatel/oem7/odom,39.663,-75.756,-1.801895673,0.001285219,-0.001365820,-0.001281500,-0.000097701,-0.001365820,,,
1786043801406978844,1786043801.406450266,/novatel/oem7/inspva,/novatel/oem7/inspva,/novatel/oem7/inspva,39.663,-75.756,-1.801886004,0.000790854,-0.001116250,0.000121894,-0.000781404,-0.001116250,,novatel_oem7_msgs.msg.InertialSolutionStatus(status=3),
1786043801408391269,1786043801.406592767,/novatel/oem7/fix,/novatel/oem7/fix,/novatel/oem7/inspva,39.663,-75.756,-1.801886004,0.000790854,-0.001116250,0.000121894,-0.000781404,-0.001116250,,0,
1786043801409857837,1786043801.407044365,/novatel/oem7/odom,/novatel/oem7/fix,/novatel/oem7/odom,39.663,-75.756,-1.801886004,0.000787392,-0.001118695,-0.000770447,0.000162473,-0.001118695,,,
1786043801411366049,1786043801.410226091,/novatel/oem7/bestpos,/novatel/oem7/bestpos,/novatel/oem7/odom,39.663,-75.756,33.180541654,0.000787392,-0.001118695,-0.000770447,0.000162473,-0.001118695,,novatel_oem7_msgs.msg.SolutionStatus(status=0),novatel_oem7_msgs.msg.PositionOrVelocityType(type=53)
1786043801412307402,1786043801.410518740,/novatel/oem7/bestvel,/novatel/oem7/bestpos,/novatel/oem7/bestvel,39.663,-75.756,33.180541654,0.000580495,-0.001238818,,,,283.924828028,novatel_oem7_msgs.msg.SolutionStatus(status=0),novatel_oem7_msgs.msg.PositionOrVelocityType(type=53)
1786043801416178231,1786043801.415521084,/novatel/oem7/odom,/novatel/oem7/bestpos,/novatel/oem7/odom,39.663,-75.756,33.180541654,0.000787392,-0.001118695,-0.000770447,0.000162473,-0.001118695,,,
1786043801425583019,1786043801.425021230,/novatel/oem7/inspva,/novatel/oem7/inspva,/novatel/oem7/inspva,39.663,-75.756,-1.801870223,0.001211572,-0.001218746,-0.000361382,-0.001156421,-0.001218746,,novatel_oem7_msgs.msg.InertialSolutionStatus(status=3),
1786043801426995733,1786043801.425167415,/novatel/oem7/fix,/novatel/oem7/fix,/novatel/oem7/inspva,39.663,-75.756,-1.801870223,0.001211572,-0.001218746,-0.000361382,-0.001156421,-0.001218746,,0,
1786043801428091577,1786043801.425565652,/novatel/oem7/odom,/novatel/oem7/fix,/novatel/oem7/odom,39.663,-75.756,-1.801870223,0.001206412,-0.001223854,-0.001168049,-0.000301812,-0.001223854,,,
1786043801435029007,1786043801.434315910,/novatel/oem7/odom,/novatel/oem7/fix,/novatel/oem7/odom,39.663,-75.756,-1.801870223,0.001206412,-0.001223854,-0.001168049,-0.000301812,-0.001223854,,,
1786043801446932857,1786043801.446349888,/novatel/oem7/inspva,/novatel/oem7/inspva,/novatel/oem7/inspva,39.663,-75.756,-1.801861696,0.001244758,-0.001240162,0.000013009,-0.001244690,-0.001240162,,novatel_oem7_msgs.msg.InertialSolutionStatus(status=3),
1786043801448338515,1786043801.446519807,/novatel/oem7/fix,/novatel/oem7/fix,/novatel/oem7/inspva,39.663,-75.756,-1.801861696,0.001244758,-0.001240162,0.000013009,-0.001244690,-0.001240162,,0,
1786043801449464240,1786043801.447018335,/novatel/oem7/odom,/novatel/oem7/fix,/novatel/oem7/odom,39.663,-75.756,-1.801861696,0.001240373,-0.001244548,-0.001238012,0.000076498,-0.001244548,,,
1786043801457071467,1786043801.456363533,/novatel/oem7/odom,/novatel/oem7/fix,/novatel/oem7/odom,39.663,-75.756,-1.801861696,0.001240373,-0.001244548,-0.001238012,0.000076498,-0.001244548,,,
1786043801465530912,1786043801.464935836,/novatel/oem7/inspva,/novatel/oem7/inspva,/novatel/oem7/inspva,39.663,-75.756,-1.801843833,0.001292372,-0.000820987,-0.000199281,-0.001276915,-0.000820987,,novatel_oem7_msgs.msg.InertialSolutionStatus(status=3),
1786043801466961463,1786043801.465086267,/novatel/oem7/fix,/novatel/oem7/fix,/novatel/oem7/inspva,39.663,-75.756,-1.801843833,0.001292372,-0.000820987,-0.000199281,-0.001276915,-0.000820987,,0,
1786043801468052977,1786043801.465463748,/novatel/oem7/odom,/novatel/oem7/fix,/novatel/oem7/odom,39.663,-75.756,-1.801843833,0.001289125,-0.000826077,-0.001282027,-0.000135086,-0.000826077,,,
1786043801475999554,1786043801.475334454,/novatel/oem7/odom,/novatel/oem7/fix,/novatel/oem7/odom,39.663,-75.756,-1.801843833,0.001289125,-0.000826077,-0.001282027,-0.000135086,-0.000826077,,,
1786043801485780533,1786043801.485213070,/novatel/oem7/inspva,/novatel/oem7/inspva,/novatel/oem7/inspva,39.663,-75.756,-1.801839700,0.000995154,-0.001280528,0.000197636,-0.000975332,-0.001280528,,novatel_oem7_msgs.msg.InertialSolutionStatus(status=3),
1786043801487185470,1786043801.485365059,/novatel/oem7/fix,/novatel/oem7/fix,/novatel/oem7/inspva,39.663,-75.756,-1.801839700,0.000995154,-0.001280528,0.000197636,-0.000975332,-0.001280528,,0,
1786043801488241384,1786043801.486011102,/novatel/oem7/odom,/novatel/oem7/fix,/novatel/oem7/odom,39.663,-75.756,-1.801839700,0.000991378,-0.001283454,-0.000959877,0.000247924,-0.001283454,,,
1786043801495711219,1786043801.494969919,/novatel/oem7/odom,/novatel/oem7/fix,/novatel/oem7/odom,39.663,-75.756,-1.801839700,0.000991378,-0.001283454,-0.000959877,0.000247924,-0.001283454,,,
1786043801506896952,1786043801.506329296,/novatel/oem7/inspva,/novatel/oem7/inspva,/novatel/oem7/inspva,39.663,-75.756,-1.801821177,0.001088221,-0.001019494,-0.000188029,-0.001071854,-0.001019494,,novatel_oem7_msgs.msg.InertialSolutionStatus(status=3),
1786043801508281336,1786043801.506487988,/novatel/oem7/fix,/novatel/oem7/fix,/novatel/oem7/inspva,39.663,-75.756,-1.801821177,0.001088221,-0.001019494,-0.000188029,-0.001071854,-0.001019494,,0,
1786043801509341034,1786043801.506936729,/novatel/oem7/odom,/novatel/oem7/fix,/novatel/oem7/odom,39.663,-75.756,-1.801821177,0.001084153,-0.001023819,-0.001075927,-0.000133297,-0.001023819,,,
1786043801512376824,1786043801.511761065,/novatel/oem7/bestpos,/novatel/oem7/bestpos,/novatel/oem7/odom,39.663,-75.756,33.180623352,0.001084153,-0.001023819,-0.001075927,-0.000133297,-0.001023819,,novatel_oem7_msgs.msg.SolutionStatus(status=0),novatel_oem7_msgs.msg.PositionOrVelocityType(type=53)
1786043801513888206,1786043801.512481988,/novatel/oem7/bestvel,/novatel/oem7/bestpos,/novatel/oem7/bestvel,39.663,-75.756,33.180623352,0.000972549,-0.000929589,,,,216.025690671,novatel_oem7_msgs.msg.SolutionStatus(status=0),novatel_oem7_msgs.msg.PositionOrVelocityType(type=53)
1786043801516211173,1786043801.515544729,/novatel/oem7/odom,/novatel/oem7/bestpos,/novatel/oem7/odom,39.663,-75.756,33.180623352,0.001084153,-0.001023819,-0.001075927,-0.000133297,-0.001023819,,,
1786043801525774770,1786043801.525195391,/novatel/oem7/inspva,/novatel/oem7/inspva,/novatel/oem7/inspva,39.663,-75.756,-1.801811438,0.001015942,-0.000835147,-0.000315979,-0.000965555,-0.000835147,,novatel_oem7_msgs.msg.InertialSolutionStatus(status=3),
1786043801527160490,1786043801.525382352,/novatel/oem7/fix,/novatel/oem7/fix,/novatel/oem7/inspva,39.663,-75.756,-1.801811438,0.001015942,-0.000835147,-0.000315979,-0.000965555,-0.000835147,,0,
1786043801528311898,1786043801.525930778,/novatel/oem7/odom,/novatel/oem7/fix,/novatel/oem7/odom,39.663,-75.756,-1.801811438,0.001012408,-0.000839428,-0.000976645,-0.000266711,-0.000839428,,,
1786043801536074073,1786043801.535392067,/novatel/oem7/odom,/novatel/oem7/fix,/novatel/oem7/odom,39.663,-75.756,-1.801811438,0.001012408,-0.000839428,-0.000976645,-0.000266711,-0.000839428,,,
1786043801545800008,1786043801.545185702,/novatel/oem7/inspva,/novatel/oem7/inspva,/novatel/oem7/inspva,39.663,-75.756,-1.801793961,0.000964507,-0.000643276,-0.000441012,-0.000857778,-0.000643276,,novatel_oem7_msgs.msg.InertialSolutionStatus(status=3),
1786043801547231729,1786043801.545347140,/novatel/oem7/fix,/novatel/oem7/fix,/novatel/oem7/inspva,39.663,-75.756,-1.801793961,0.000964507,-0.000643276,-0.000441012,-0.000857778,-0.000643276,,0,
1786043801548407638,1786043801.545841859,/novatel/oem7/odom,/novatel/oem7/fix,/novatel/oem7/odom,39.663,-75.756,-1.801793961,0.000961662,-0.000647523,-0.000875752,-0.000397306,-0.000647523,,,
1786043801556550133,1786043801.555657668,/novatel/oem7/odom,/novatel/oem7/fix,/novatel/oem7/odom,39.663,-75.756,-1.801793961,0.000961662,-0.000647523,-0.000875752,-0.000397306,-0.000647523,,,
1786043801566965458,1786043801.566401409,/novatel/oem7/inspva,/novatel/oem7/inspva,/novatel/oem7/inspva,39.663,-75.756,-1.801789063,0.000866143,-0.001143704,-0.000329081,-0.000801193,-0.001143704,,novatel_oem7_msgs.msg.InertialSolutionStatus(status=3),
1786043801568347362,1786043801.566611145,/novatel/oem7/fix,/novatel/oem7/fix,/novatel/oem7/inspva,39.663,-75.756,-1.801789063,0.000866143,-0.001143704,-0.000329081,-0.000801193,-0.001143704,,0,
1786043801569450847,1786043801.567000655,/novatel/oem7/odom,/novatel/oem7/fix,/novatel/oem7/odom,39.663,-75.756,-1.801789063,0.000861174,-0.001147451,-0.000811952,-0.000286976,-0.001147451,,,
1786043801576073607,1786043801.575376797,/novatel/oem7/odom,/novatel/oem7/fix,/novatel/oem7/odom,39.663,-75.756,-1.801789063,0.000861174,-0.001147451,-0.000811952,-0.000286976,-0.001147451,,,
1786043801585707514,1786043801.585097651,/novatel/oem7/inspva,/novatel/oem7/inspva,/novatel/oem7/inspva,39.663,-75.756,-1.801772078,0.001246363,-0.000812134,-0.000166197,-0.001235232,-0.000812134,,novatel_oem7_msgs.msg.InertialSolutionStatus(status=3),
1786043801587113938,1786043801.585289217,/novatel/oem7/fix,/novatel/oem7/fix,/novatel/oem7/inspva,39.663,-75.756,-1.801772078,0.001246363,-0.000812134,-0.000166197,-0.001235232,-0.000812134,,0,
1786043801588210542,1786043801.585761855,/novatel/oem7/odom,/novatel/oem7/fix,/novatel/oem7/odom,39.663,-75.756,-1.801772078,0.001243188,-0.000816986,-0.001238821,-0.000104110,-0.000816986,,,
1786043801596074439,1786043801.595401922,/novatel/oem7/odom,/novatel/oem7/fix,/novatel/oem7/odom,39.663,-75.756,-1.801772078,0.001243188,-0.000816986,-0.001238821,-0.000104110,-0.000816986,,,
1786043801607112380,1786043801.606550594,/novatel/oem7/inspva,/novatel/oem7/inspva,/novatel/oem7/inspva,39.663,-75.756,-1.801763083,0.001043207,-0.000762409,-0.000072156,-0.001040708,-0.000762409,,novatel_oem7_msgs.msg.InertialSolutionStatus(status=3),
1786043801608631322,1786043801.606710126,/novatel/oem7/fix,/novatel/oem7/fix,/novatel/oem7/inspva,39.663,-75.756,-1.801763083,0.001043207,-0.000762409,-0.000072156,-0.001040708,-0.000762409,,0,
1786043801609730849,1786043801.607220914,/novatel/oem7/odom,/novatel/oem7/fix,/novatel/oem7/odom,39.663,-75.756,-1.801763083,0.001040345,-0.000766309,-0.001040158,-0.000019733,-0.000766309,,,
1786043801611308632,1786043801.610035423,/novatel/oem7/bestpos,/novatel/oem7/bestpos,/novatel/oem7/odom,39.663,-75.756,33.180685299,0.001040345,-0.000766309,-0.001040158,-0.000019733,-0.000766309,,novatel_oem7_msgs.msg.SolutionStatus(status=0),novatel_oem7_msgs.msg.PositionOrVelocityType(type=53)
1786043801612300229,1786043801.610493641,/novatel/oem7/bestvel,/novatel/oem7/bestpos,/novatel/oem7/bestvel,39.663,-75.756,33.180685299,0.001032550,-0.000716931,,,,260.504992378,novatel_oem7_msgs.msg.SolutionStatus(status=0),novatel_oem7_msgs.msg.PositionOrVelocityType(type=53)
1786043801616566215,1786043801.615812411,/novatel/oem7/odom,/novatel/oem7/bestpos,/novatel/oem7/odom,39.663,-75.756,33.180685299,0.001040345,-0.000766309,-0.001040158,-0.000019733,-0.000766309,,,
1786043801626679907,1786043801.626077128,/novatel/oem7/inspva,/novatel/oem7/inspva,/novatel/oem7/inspva,39.663,-75.756,-1.801745499,0.001224657,-0.000678620,0.000037215,-0.001224092,-0.000678620,,novatel_oem7_msgs.msg.InertialSolutionStatus(status=3),
1786043801628116175,1786043801.626228523,/novatel/oem7/fix,/novatel/oem7/fix,/novatel/oem7/inspva,39.663,-75.756,-1.801745499,0.001224657,-0.000678620,0.000037215,-0.001224092,-0.000678620,,0,
1786043801629207993,1786043801.626665937,/novatel/oem7/odom,/novatel/oem7/fix,/novatel/oem7/odom,39.663,-75.756,-1.801745499,0.001222277,-0.000682897,-0.001218327,0.000098185,-0.000682897,,,
1786043801636195253,1786043801.635538577,/novatel/oem7/odom,/novatel/oem7/fix,/novatel/oem7/odom,39.663,-75.756,-1.801745499,0.001222277,-0.000682897,-0.001218327,0.000098185,-0.000682897,,,
1786043801645895964,1786043801.645315912,/novatel/oem7/inspva,/novatel/oem7/inspva,/novatel/oem7/inspva,39.663,-75.756,-1.801735540,0.000753545,-0.000762134,-0.000272198,-0.000702665,-0.000762134,,novatel_oem7_msgs.msg.InertialSolutionStatus(status=3),
1786043801647374416,1786043801.645471300,/novatel/oem7/fix,/novatel/oem7/fix,/novatel/oem7/inspva,39.663,-75.756,-1.801735540,0.000753545,-0.000762134,-0.000272198,-0.000702665,-0.000762134,,0,
1786043801648486330,1786043801.646048973,/novatel/oem7/odom,/novatel/oem7/fix,/novatel/oem7/odom,39.663,-75.756,-1.801735540,0.000750251,-0.000765377,-0.000712199,-0.000235899,-0.000765377,,,
1786043801657032790,1786043801.656319743,/novatel/oem7/odom,/novatel/oem7/fix,/novatel/oem7/odom,39.663,-75.756,-1.801735540,0.000750251,-0.000765377,-0.000712199,-0.000235899,-0.000765377,,,
1786043801666006621,1786043801.665449358,/novatel/oem7/inspva,/novatel/oem7/inspva,/novatel/oem7/inspva,39.663,-75.756,-1.801718059,0.000832437,-0.000739857,-0.000127071,-0.000822681,-0.000739857,,novatel_oem7_msgs.msg.InertialSolutionStatus(status=3),
1786043801667529229,1786043801.665605493,/novatel/oem7/fix,/novatel/oem7/fix,/novatel/oem7/inspva,39.663,-75.756,-1.801718059,0.000832437,-0.000739857,-0.000127071,-0.000822681,-0.000739857,,0,
1786043801668688771,1786043801.666089995,/novatel/oem7/odom,/novatel/oem7/fix,/novatel/oem7/odom,39.663,-75.756,-1.801718059,0.000829512,-0.000743135,-0.000825126,-0.000085194,-0.000743135,,,
1786043801675238337,1786043801.674558857,/novatel/oem7/odom,/novatel/oem7/fix,/novatel/oem7/odom,39.663,-75.756,-1.801718059,0.000829512,-0.000743135,-0.000825126,-0.000085194,-0.000743135,,,
1786043801685741350,1786043801.685129134,/novatel/oem7/inspva,/novatel/oem7/inspva,/novatel/oem7/inspva,39.663,-75.756,-1.801709329,0.001056425,-0.000802441,-0.000118760,-0.001049729,-0.000802441,,novatel_oem7_msgs.msg.InertialSolutionStatus(status=3),
1786043801687144820,1786043801.685279118,/novatel/oem7/fix,/novatel/oem7/fix,/novatel/oem7/inspva,39.663,-75.756,-1.801709329,0.001056425,-0.000802441,-0.000118760,-0.001049729,-0.000802441,,0,
1786043801688248245,1786043801.685633949,/novatel/oem7/odom,/novatel/oem7/fix,/novatel/oem7/odom,39.663,-75.756,-1.801709329,0.001053318,-0.000806515,-0.001051264,-0.000065742,-0.000806515,,,
1786043801695902679,1786043801.695181755,/novatel/oem7/odom,/novatel/oem7/fix,/novatel/oem7/odom,39.663,-75.756,-1.801709329,0.001053318,-0.000806515,-0.001051264,-0.000065742,-0.000806515,,,
1786043801706309611,1786043801.705778395,/novatel/oem7/inspva,/novatel/oem7/inspva,/novatel/oem7/inspva,39.663,-75.756,-1.801694174,0.000774263,-0.000920453,0.000106213,-0.000766943,-0.000920453,,novatel_oem7_msgs.msg.InertialSolutionStatus(status=3),
1786043801707828973,1786043801.705916827,/novatel/oem7/fix,/novatel/oem7/fix,/novatel/oem7/inspva,39.663,-75.756,-1.801694174,0.000774263,-0.000920453,0.000106213,-0.000766943,-0.000920453,,0,
1786043801708919504,1786043801.706411052,/novatel/oem7/odom,/novatel/oem7/fix,/novatel/oem7/odom,39.663,-75.756,-1.801694174,0.000771346,-0.000922899,-0.000757482,0.000145586,-0.000922899,,,
1786043801710445389,1786043801.709123929,/novatel/oem7/bestpos,/novatel/oem7/bestpos,/novatel/oem7/odom,39.663,-75.756,33.180745775,0.000771346,-0.000922899,-0.000757482,0.000145586,-0.000922899,,novatel_oem7_msgs.msg.SolutionStatus(status=0),novatel_oem7_msgs.msg.PositionOrVelocityType(type=53)
1786043801711358928,1786043801.709507710,/novatel/oem7/bestvel,/novatel/oem7/bestpos,/novatel/oem7/bestvel,39.663,-75.756,33.180745775,0.001063453,-0.001050222,,,,297.305202890,novatel_oem7_msgs.msg.SolutionStatus(status=0),novatel_oem7_msgs.msg.PositionOrVelocityType(type=53)
1786043801715771439,1786043801.715082689,/novatel/oem7/odom,/novatel/oem7/bestpos,/novatel/oem7/odom,39.663,-75.756,33.180745775,0.000771346,-0.000922899,-0.000757482,0.000145586,-0.000922899,,,
1786043801727045020,1786043801.726486577,/novatel/oem7/inspva,/novatel/oem7/inspva,/novatel/oem7/inspva,39.663,-75.756,-1.801684226,0.001043835,-0.000785640,-0.000155073,-0.001032252,-0.000785640,,novatel_oem7_msgs.msg.InertialSolutionStatus(status=3),
1786043801728494267,1786043801.726642445,/novatel/oem7/fix,/novatel/oem7/fix,/novatel/oem7/inspva,39.663,-75.756,-1.801684226,0.001043835,-0.000785640,-0.000155073,-0.001032252,-0.000785640,,0,
1786043801729637089,1786043801.727058150,/novatel/oem7/odom,/novatel/oem7/fix,/novatel/oem7/odom,39.663,-75.756,-1.801684226,0.001040737,-0.000789739,-0.001035639,-0.000102892,-0.000789739,,,
1786043801735777665,1786043801.735034033,/novatel/oem7/odom,/novatel/oem7/fix,/novatel/oem7/odom,39.663,-75.756,-1.801684226,0.001040737,-0.000789739,-0.001035639,-0.000102892,-0.000789739,,,
1786043801745563733,1786043801.744960610,/novatel/oem7/inspva,/novatel/oem7/inspva,/novatel/oem7/inspva,39.663,-75.756,-1.801668297,0.000791772,-0.000794512,0.000144290,-0.000778514,-0.000794512,,novatel_oem7_msgs.msg.InertialSolutionStatus(status=3),
1786043801746992324,1786043801.745109245,/novatel/oem7/fix,/novatel/oem7/fix,/novatel/oem7/inspva,39.663,-75.756,-1.801668297,0.000791772,-0.000794512,0.000144290,-0.000778514,-0.000794512,,0,
1786043801748077925,1786043801.745539556,/novatel/oem7/odom,/novatel/oem7/fix,/novatel/oem7/odom,39.663,-75.756,-1.801668297,0.000789368,-0.000796900,-0.000767659,0.000183852,-0.000796900,,,
1786043801756695562,1786043801.755993065,/novatel/oem7/odom,/novatel/oem7/fix,/novatel/oem7/odom,39.663,-75.756,-1.801668297,0.000789368,-0.000796900,-0.000767659,0.000183852,-0.000796900,,,
1786043801765701003,1786043801.765144537,/novatel/oem7/inspva,/novatel/oem7/inspva,/novatel/oem7/inspva,39.663,-75.756,-1.801661693,0.000766461,-0.000816257,-0.000174258,-0.000746389,-0.000816257,,novatel_oem7_msgs.msg.InertialSolutionStatus(status=3),
1786043801767114664,1786043801.765321009,/novatel/oem7/fix,/novatel/oem7/fix,/novatel/oem7/inspva,39.663,-75.756,-1.801661693,0.000766461,-0.000816257,-0.000174258,-0.000746389,-0.000816257,,0,
1786043801768226108,1786043801.765883015,/novatel/oem7/odom,/novatel/oem7/fix,/novatel/oem7/odom,39.663,-75.756,-1.801661693,0.000763097,-0.000819402,-0.000750913,-0.000135819,-0.000819402,,,
1786043801775737718,1786043801.775030184,/novatel/oem7/odom,/novatel/oem7/fix,/novatel/oem7/odom,39.663,-75.756,-1.801661693,0.000763097,-0.000819402,-0.000750913,-0.000135819,-0.000819402,,,
1786043801786713558,1786043801.786133436,/novatel/oem7/inspva,/novatel/oem7/inspva,/novatel/oem7/inspva,39.663,-75.756,-1.801646673,0.000566634,-0.000825903,0.000185154,-0.000535529,-0.000825903,,novatel_oem7_msgs.msg.InertialSolutionStatus(status=3),
1786043801788118506,1786043801.786309320,/novatel/oem7/fix,/novatel/oem7/fix,/novatel/oem7/inspva,39.663,-75.756,-1.801646673,0.000566634,-0.000825903,0.000185154,-0.000535529,-0.000825903,,0,
1786043801789156569,1786043801.786781132,/novatel/oem7/odom,/novatel/oem7/fix,/novatel/oem7/odom,39.663,-75.756,-1.801646673,0.000564576,-0.000827310,-0.000522863,0.000212980,-0.000827310,,,
1786043801795130359,1786043801.794496540,/novatel/oem7/odom,/novatel/oem7/fix,/novatel/oem7/odom,39.663,-75.756,-1.801646673,0.000564576,-0.000827310,-0.000522863,0.000212980,-0.000827310,,,
1786043801806390330,1786043801.805874662,/novatel/oem7/inspva,/novatel/oem7/inspva,/novatel/oem7/inspva,39.663,-75.756,-1.801636730,0.000603947,-0.000669957,-0.000094135,-0.000596566,-0.000669957,,novatel_oem7_msgs.msg.InertialSolutionStatus(status=3),
1786043801807807787,1786043801.806039410,/novatel/oem7/fix,/novatel/oem7/fix,/novatel/oem7/inspva,39.663,-75.756,-1.801636730,0.000603947,-0.000669957,-0.000094135,-0.000596566,-0.000669957,,0,
1786043801808877028,1786043801.806846548,/novatel/oem7/odom,/novatel/oem7/fix,/novatel/oem7/odom,39.663,-75.756,-1.801636730,0.000601289,-0.000672344,-0.000597936,-0.000063409,-0.000672344,,,
1786043801810800254,1786043801.810149945,/novatel/oem7/bestpos,/novatel/oem7/bestpos,/novatel/oem7/odom,39.663,-75.756,33.180801680,0.000601289,-0.000672344,-0.000597936,-0.000063409,-0.000672344,,novatel_oem7_msgs.msg.SolutionStatus(status=0),novatel_oem7_msgs.msg.PositionOrVelocityType(type=53)
1786043801812210075,1786043801.810516148,/novatel/oem7/bestvel,/novatel/oem7/bestpos,/novatel/oem7/bestvel,39.663,-75.756,33.180801680,0.001104787,-0.000677312,,,,287.157405828,novatel_oem7_msgs.msg.SolutionStatus(status=0),novatel_oem7_msgs.msg.PositionOrVelocityType(type=53)
1786043801816775975,1786043801.816040964,/novatel/oem7/odom,/novatel/oem7/bestpos,/novatel/oem7/odom,39.663,-75.756,33.180801680,0.000601289,-0.000672344,-0.000597936,-0.000063409,-0.000672344,,,
1786043801825592524,1786043801.825027208,/novatel/oem7/inspva,/novatel/oem7/inspva,/novatel/oem7/inspva,39.663,-75.756,-1.801619734,0.000694958,-0.000525325,0.000482700,-0.000499968,-0.000525325,,novatel_oem7_msgs.msg.InertialSolutionStatus(status=3),
1786043801826942170,1786043801.825181600,/novatel/oem7/fix,/novatel/oem7/fix,/novatel/oem7/inspva,39.663,-75.756,-1.801619734,0.000694958,-0.000525325,0.000482700,-0.000499968,-0.000525325,,0,
1786043801828048365,1786043801.825670418,/novatel/oem7/odom,/novatel/oem7/fix,/novatel/oem7/odom,39.663,-75.756,-1.801619734,0.000694612,-0.000525783,-0.000474061,0.000507692,-0.000525783,,,
1786043801835143900,1786043801.834488290,/novatel/oem7/odom,/novatel/oem7/fix,/novatel/oem7/odom,39.663,-75.756,-1.801619734,0.000694612,-0.000525783,-0.000474061,0.000507692,-0.000525783,,,
1786043801847412741,1786043801.846770880,/novatel/oem7/inspva,/novatel/oem7/inspva,/novatel/oem7/inspva,39.663,-75.756,-1.801611965,0.000556675,-0.000868077,-0.000076077,-0.000551452,-0.000868077,,novatel_oem7_msgs.msg.InertialSolutionStatus(status=3),
1786043801848832688,1786043801.846942039,/novatel/oem7/fix,/novatel/oem7/fix,/novatel/oem7/inspva,39.663,-75.756,-1.801611965,0.000556675,-0.000868077,-0.000076077,-0.000551452,-0.000868077,,0,
1786043801849891142,1786043801.847318620,/novatel/oem7/odom,/novatel/oem7/fix,/novatel/oem7/odom,39.663,-75.756,-1.801611965,0.000553267,-0.000870253,-0.000551263,-0.000047047,-0.000870253,,,
1786043801857024251,1786043801.856320514,/novatel/oem7/odom,/novatel/oem7/fix,/novatel/oem7/odom,39.663,-75.756,-1.801611965,0.000553267,-0.000870253,-0.000551263,-0.000047047,-0.000870253,,,
1786043801865704041,1786043801.864999174,/novatel/oem7/inspva,/novatel/oem7/inspva,/novatel/oem7/inspva,39.663,-75.756,-1.801592536,0.000810747,-0.000572210,0.000558378,-0.000587814,-0.000572210,,novatel_oem7_msgs.msg.InertialSolutionStatus(status=3),
1786043801867041512,1786043801.865210673,/novatel/oem7/fix,/novatel/oem7/fix,/novatel/oem7/inspva,39.663,-75.756,-1.801592536,0.000810747,-0.000572210,0.000558378,-0.000587814,-0.000572210,,0,
1786043801868100436,1786043801.865567570,/novatel/oem7/odom,/novatel/oem7/fix,/novatel/oem7/odom,39.663,-75.756,-1.801592536,0.000810352,-0.000572770,-0.000557957,0.000587669,-0.000572770,,,
1786043801875195701,1786043801.874561781,/novatel/oem7/odom,/novatel/oem7/fix,/novatel/oem7/odom,39.663,-75.756,-1.801592536,0.000810352,-0.000572770,-0.000557957,0.000587669,-0.000572770,,,
1786043801885781208,1786043801.885115791,/novatel/oem7/inspva,/novatel/oem7/inspva,/novatel/oem7/inspva,39.663,-75.756,-1.801582220,0.000245816,-0.000336922,-0.000237179,-0.000064588,-0.000336922,,novatel_oem7_msgs.msg.InertialSolutionStatus(status=3),
1786043801887227845,1786043801.885329989,/novatel/oem7/fix,/novatel/oem7/fix,/novatel/oem7/inspva,39.663,-75.756,-1.801582220,0.000245816,-0.000336922,-0.000237179,-0.000064588,-0.000336922,,0,
1786043801888291553,1786043801.885915909,/novatel/oem7/odom,/novatel/oem7/fix,/novatel/oem7/odom,39.663,-75.756,-1.801582220,0.000244603,-0.000337803,-0.000074745,-0.000232903,-0.000337803,,,
1786043801895486252,1786043801.894802332,/novatel/oem7/odom,/novatel/oem7/fix,/novatel/oem7/odom,39.663,-75.756,-1.801582220,0.000244603,-0.000337803,-0.000074745,-0.000232903,-0.000337803,,,
1786043801906648571,1786043801.905932937,/novatel/oem7/inspva,/novatel/oem7/inspva,/novatel/oem7/inspva,39.663,-75.756,-1.801564558,0.000535281,-0.000520204,0.000398095,-0.000357835,-0.000520204,,novatel_oem7_msgs.msg.InertialSolutionStatus(status=3),
1786043801907973111,1786043801.906148899,/novatel/oem7/fix,/novatel/oem7/fix,/novatel/oem7/inspva,39.663,-75.756,-1.801564558,0.000535281,-0.000520204,0.000398095,-0.000357835,-0.000520204,,0,
1786043801909010205,1786043801.906854080,/novatel/oem7/odom,/novatel/oem7/fix,/novatel/oem7/odom,39.663,-75.756,-1.801564558,0.000535102,-0.000520388,-0.000336205,0.000416293,-0.000520388,,,
1786043801910408582,1786043801.909293595,/novatel/oem7/bestpos,/novatel/oem7/bestpos,/novatel/oem7/odom,39.663,-75.756,33.180870918,0.000535102,-0.000520388,-0.000336205,0.000416293,-0.000520388,,novatel_oem7_msgs.msg.SolutionStatus(status=0),novatel_oem7_msgs.msg.PositionOrVelocityType(type=53)
1786043801911801553,1786043801.909943864,/novatel/oem7/bestvel,/novatel/oem7/bestpos,/novatel/oem7/bestvel,39.663,-75.756,33.180870918,0.000375706,-0.000393675,,,,295.698968513,novatel_oem7_msgs.msg.SolutionStatus(status=0),novatel_oem7_msgs.msg.PositionOrVelocityType(type=53)
1786043801914944138,1786043801.914305478,/novatel/oem7/odom,/novatel/oem7/bestpos,/novatel/oem7/odom,39.663,-75.756,33.180870918,0.000535102,-0.000520388,-0.000336205,0.000416293,-0.000520388,,,
1786043801925677400,1786043801.925163871,/novatel/oem7/inspva,/novatel/oem7/inspva,/novatel/oem7/inspva,39.663,-75.756,-1.801554547,0.000640005,-0.000597695,0.000057099,-0.000637453,-0.000597695,,novatel_oem7_msgs.msg.InertialSolutionStatus(status=3),
1786043801926990753,1786043801.925328636,/novatel/oem7/fix,/novatel/oem7/fix,/novatel/oem7/inspva,39.663,-75.756,-1.801554547,0.000640005,-0.000597695,0.000057099,-0.000637453,-0.000597695,,0,
1786043801928025690,1786043801.925714237,/novatel/oem7/odom,/novatel/oem7/fix,/novatel/oem7/odom,39.663,-75.756,-1.801554547,0.000638021,-0.000599813,-0.000631719,0.000089448,-0.000599813,,,
1786043801936085378,1786043801.935406848,/novatel/oem7/odom,/novatel/oem7/fix,/novatel/oem7/odom,39.663,-75.756,-1.801554547,0.000638021,-0.000599813,-0.000631719,0.000089448,-0.000599813,,,
1786043801945721695,1786043801.944984545,/novatel/oem7/inspva,/novatel/oem7/inspva,/novatel/oem7/inspva,39.663,-75.756,-1.801538038,0.000723261,-0.000560486,0.000398795,-0.000603381,-0.000560486,,novatel_oem7_msgs.msg.InertialSolutionStatus(status=3),
1786043801947136366,1786043801.945207233,/novatel/oem7/fix,/novatel/oem7/fix,/novatel/oem7/inspva,39.663,-75.756,-1.801538038,0.000723261,-0.000560486,0.000398795,-0.000603381,-0.000560486,,0,
1786043801948261214,1786043801.945575581,/novatel/oem7/odom,/novatel/oem7/fix,/novatel/oem7/odom,39.663,-75.756,-1.801538038,0.000722440,-0.000561544,-0.000581279,0.000428991,-0.000561544,,,
1786043801956310275,1786043801.955619028,/novatel/oem7/odom,/novatel/oem7/fix,/novatel/oem7/odom,39.663,-75.756,-1.801538038,0.000722440,-0.000561544,-0.000581279,0.000428991,-0.000561544,,,
1786043801967183542,1786043801.966516852,/novatel/oem7/inspva,/novatel/oem7/inspva,/novatel/oem7/inspva,39.663,-75.756,-1.801531282,0.000636424,-0.000646327,0.000386703,-0.000505467,-0.000646327,,novatel_oem7_msgs.msg.InertialSolutionStatus(status=3),
1786043801968546799,1786043801.966668030,/novatel/oem7/fix,/novatel/oem7/fix,/novatel/oem7/inspva,39.663,-75.756,-1.801531282,0.000636424,-0.000646327,0.000386703,-0.000505467,-0.000646327,,0,
1786043801969595546,1786043801.967032770,/novatel/oem7/odom,/novatel/oem7/fix,/novatel/oem7/odom,39.663,-75.756,-1.801531282,0.000635671,-0.000647068,-0.000483745,0.000412394,-0.000647068,,,
1786043801975331911,1786043801.974623880,/novatel/oem7/odom,/novatel/oem7/fix,/novatel/oem7/odom,39.663,-75.756,-1.801531282,0.000635671,-0.000647068,-0.000483745,0.000412394,-0.000647068,,,
1786043801985589261,1786043801.985031269,/novatel/oem7/inspva,/novatel/oem7/inspva,/novatel/oem7/inspva,39.663,-75.756,-1.801517248,0.000632363,-0.000647023,0.000370458,-0.000512488,-0.000647023,,novatel_oem7_msgs.msg.InertialSolutionStatus(status=3),
1786043801986950668,1786043801.985207530,/novatel/oem7/fix,/novatel/oem7/fix,/novatel/oem7/inspva,39.663,-75.756,-1.801517248,0.000632363,-0.000647023,0.000370458,-0.000512488,-0.000647023,,0,
1786043801988028175,1786043801.985556337,/novatel/oem7/odom,/novatel/oem7/fix,/novatel/oem7/odom,39.663,-75.756,-1.801517248,0.000631538,-0.000647828,-0.000491548,0.000396511,-0.000647828,,,
1786043801996086890,1786043801.995440010,/novatel/oem7/odom,/novatel/oem7/fix,/novatel/oem7/odom,39.663,-75.756,-1.801517248,0.000631538,-0.000647828,-0.000491548,0.000396511,-0.000647828,,,
1786043802008864612,1786043802.008283599,/novatel/oem7/inspva,/novatel/oem7/inspva,/novatel/oem7/inspva,39.663,-75.756,-1.801510219,0.000741283,-0.000425203,0.000121794,-0.000731209,-0.000425203,,novatel_oem7_msgs.msg.InertialSolutionStatus(status=3),
1786043802010241946,1786043802.008472498,/novatel/oem7/fix,/novatel/oem7/fix,/novatel/oem7/inspva,39.663,-75.756,-1.801510219,0.000741283,-0.000425203,0.000121794,-0.000731209,-0.000425203,,0,
1786043802011889126,1786043802.011147015,/novatel/oem7/odom,/novatel/oem7/fix,/novatel/oem7/odom,39.663,-75.756,-1.801510219,0.000739970,-0.000427483,-0.000722869,0.000158164,-0.000427483,,,
1786043802016091002,1786043802.015447209,/novatel/oem7/odom,/novatel/oem7/fix,/novatel/oem7/odom,39.663,-75.756,-1.801510219,0.000739970,-0.000427483,-0.000722869,0.000158164,-0.000427483,,,
1786043802027829373,1786043802.027137513,/novatel/oem7/bestpos,/novatel/oem7/bestpos,/novatel/oem7/odom,39.663,-75.756,33.180921702,0.000739970,-0.000427483,-0.000722869,0.000158164,-0.000427483,,novatel_oem7_msgs.msg.SolutionStatus(status=0),novatel_oem7_msgs.msg.PositionOrVelocityType(type=53)
1786043802029465257,1786043802.027802983,/novatel/oem7/bestvel,/novatel/oem7/bestpos,/novatel/oem7/bestvel,39.663,-75.756,33.180921702,0.000974024,-0.000414488,,,,286.818346009,novatel_oem7_msgs.msg.SolutionStatus(status=0),novatel_oem7_msgs.msg.PositionOrVelocityType(type=53)
1786043802030377462,1786043802.028297345,/novatel/oem7/inspva,/novatel/oem7/inspva,/novatel/oem7/inspva,39.663,-75.756,-1.801499286,0.000719455,-0.000474856,0.000415826,-0.000587115,-0.000474856,,novatel_oem7_msgs.msg.InertialSolutionStatus(status=3),
1786043802031234638,1786043802.028467217,/novatel/oem7/fix,/novatel/oem7/fix,/novatel/oem7/inspva,39.663,-75.756,-1.801499286,0.000719455,-0.000474856,0.000415826,-0.000587115,-0.000474856,,0,
1786043802032266725,1786043802.028884637,/novatel/oem7/odom,/novatel/oem7/fix,/novatel/oem7/odom,39.663,-75.756,-1.801499286,0.000718826,-0.000475806,-0.000564526,0.000444996,-0.000475806,,,
1786043802035269115,1786043802.034543864,/novatel/oem7/odom,/novatel/oem7/fix,/novatel/oem7/odom,39.663,-75.756,-1.801499286,0.000718826,-0.000475806,-0.000564526,0.000444996,-0.000475806,,,
1786043802046131728,1786043802.045481345,/novatel/oem7/inspva,/novatel/oem7/inspva,/novatel/oem7/inspva,39.663,-75.756,-1.801492657,0.001103487,-0.001086291,0.000126088,-0.001096260,-0.001086291,,novatel_oem7_msgs.msg.InertialSolutionStatus(status=3),
1786043802047637130,1786043802.045657156,/novatel/oem7/fix,/novatel/oem7/fix,/novatel/oem7/inspva,39.663,-75.756,-1.801492657,0.001103487,-0.001086291,0.000126088,-0.001096260,-0.001086291,,0,
1786043802048733701,1786043802.046293600,/novatel/oem7/odom,/novatel/oem7/fix,/novatel/oem7/odom,39.663,-75.756,-1.801492657,0.001099973,-0.001089849,-0.001084835,0.000181857,-0.001089849,,,
1786043802057234450,1786043802.056555190,/novatel/oem7/odom,/novatel/oem7/fix,/novatel/oem7/odom,39.663,-75.756,-1.801492657,0.001099973,-0.001089849,-0.001084835,0.000181857,-0.001089849,,,
1786043802065616828,1786043802.065014765,/novatel/oem7/inspva,/novatel/oem7/inspva,/novatel/oem7/inspva,39.663,-75.756,-1.801480739,0.000828355,-0.000703304,0.000219149,-0.000798840,-0.000703304,,novatel_oem7_msgs.msg.InertialSolutionStatus(status=3),
1786043802067028809,1786043802.065181133,/novatel/oem7/fix,/novatel/oem7/fix,/novatel/oem7/inspva,39.663,-75.756,-1.801480739,0.000828355,-0.000703304,0.000219149,-0.000798840,-0.000703304,,0,
1786043802068111017,1786043802.065635698,/novatel/oem7/odom,/novatel/oem7/fix,/novatel/oem7/odom,39.663,-75.756,-1.801480739,0.000826446,-0.000705547,-0.000784679,0.000259408,-0.000705547,,,
1786043802075345713,1786043802.074594202,/novatel/oem7/odom,/novatel/oem7/fix,/novatel/oem7/odom,39.663,-75.756,-1.801480739,0.000826446,-0.000705547,-0.000784679,0.000259408,-0.000705547,,,
1786043802087296177,1786043802.086661930,/novatel/oem7/inspva,/novatel/oem7/inspva,/novatel/oem7/inspva,39.663,-75.756,-1.801474215,0.000800732,-0.000443464,0.000173776,-0.000781648,-0.000443464,,novatel_oem7_msgs.msg.InertialSolutionStatus(status=3),
1786043802088689367,1786043802.086825619,/novatel/oem7/fix,/novatel/oem7/fix,/novatel/oem7/inspva,39.663,-75.756,-1.801474215,0.000800732,-0.000443464,0.000173776,-0.000781648,-0.000443464,,0,
1786043802089748071,1786043802.087311304,/novatel/oem7/odom,/novatel/oem7/fix,/novatel/oem7/odom,39.663,-75.756,-1.801474215,0.000799439,-0.000445791,-0.000770657,0.000212581,-0.000445791,,,
1786043802095439576,1786043802.094699511,/novatel/oem7/odom,/novatel/oem7/fix,/novatel/oem7/odom,39.663,-75.756,-1.801474215,0.000799439,-0.000445791,-0.000770657,0.000212581,-0.000445791,,,
1786043802106406763,1786043802.105744993,/novatel/oem7/inspva,/novatel/oem7/inspva,/novatel/oem7/inspva,39.663,-75.756,-1.801467770,0.000781025,-0.000512170,0.000191653,-0.000757145,-0.000512170,,novatel_oem7_msgs.msg.InertialSolutionStatus(status=3),
1786043802107837741,1786043802.105909024,/novatel/oem7/fix,/novatel/oem7/fix,/novatel/oem7/inspva,39.663,-75.756,-1.801467770,0.000781025,-0.000512170,0.000191653,-0.000757145,-0.000512170,,0,
1786043802108911948,1786043802.106386553,/novatel/oem7/odom,/novatel/oem7/fix,/novatel/oem7/odom,39.663,-75.756,-1.801467770,0.000779594,-0.000514346,-0.000745069,0.000229430,-0.000514346,,,
1786043802110413757,1786043802.109194604,/novatel/oem7/bestpos,/novatel/oem7/bestpos,/novatel/oem7/odom,39.663,-75.756,33.180954461,0.000779594,-0.000514346,-0.000745069,0.000229430,-0.000514346,,novatel_oem7_msgs.msg.SolutionStatus(status=0),novatel_oem7_msgs.msg.PositionOrVelocityType(type=53)
1786043802111399037,1786043802.109542011,/novatel/oem7/bestvel,/novatel/oem7/bestpos,/novatel/oem7/bestvel,39.663,-75.756,33.180954461,0.000880429,-0.000456068,,,,282.237533200,novatel_oem7_msgs.msg.SolutionStatus(status=0),novatel_oem7_msgs.msg.PositionOrVelocityType(type=53)
1786043802116126144,1786043802.115405487,/novatel/oem7/odom,/novatel/oem7/bestpos,/novatel/oem7/odom,39.663,-75.756,33.180954461,0.000779594,-0.000514346,-0.000745069,0.000229430,-0.000514346,,,
1786043802125912993,1786043802.125326844,/novatel/oem7/inspva,/novatel/oem7/inspva,/novatel/oem7/inspva,39.663,-75.756,-1.801465179,0.000874442,-0.000793961,0.000001995,-0.000874440,-0.000793961,,novatel_oem7_msgs.msg.InertialSolutionStatus(status=3),
1786043802127335567,1786043802.125510252,/novatel/oem7/fix,/novatel/oem7/fix,/novatel/oem7/inspva,39.663,-75.756,-1.801465179,0.000874442,-0.000793961,0.000001995,-0.000874440,-0.000793961,,0,
1786043802128402048,1786043802.126097562,/novatel/oem7/odom,/novatel/oem7/fix,/novatel/oem7/odom,39.663,-75.756,-1.801465179,0.000871603,-0.000797077,-0.000870366,0.000046412,-0.000797077,,,
1786043802135470932,1786043802.134709992,/novatel/oem7/odom,/novatel/oem7/fix,/novatel/oem7/odom,39.663,-75.756,-1.801465179,0.000871603,-0.000797077,-0.000870366,0.000046412,-0.000797077,,,
1786043802146910332,1786043802.146235751,/novatel/oem7/inspva,/novatel/oem7/inspva,/novatel/oem7/inspva,39.663,-75.756,-1.801456028,0.000672932,-0.000346644,-0.000092100,-0.000666600,-0.000346644,,novatel_oem7_msgs.msg.InertialSolutionStatus(status=3),
1786043802148352672,1786043802.146440460,/novatel/oem7/fix,/novatel/oem7/fix,/novatel/oem7/inspva,39.663,-75.756,-1.801456028,0.000672932,-0.000346644,-0.000092100,-0.000666600,-0.000346644,,0,
1786043802149465351,1786043802.146938202,/novatel/oem7/odom,/novatel/oem7/fix,/novatel/oem7/odom,39.663,-75.756,-1.801456028,0.000671562,-0.000349290,-0.000668984,-0.000058795,-0.000349290,,,
1786043802156416028,1786043802.155681080,/novatel/oem7/odom,/novatel/oem7/fix,/novatel/oem7/odom,39.663,-75.756,-1.801456028,0.000671562,-0.000349290,-0.000668984,-0.000058795,-0.000349290,,,
1786043802165934864,1786043802.165301770,/novatel/oem7/inspva,/novatel/oem7/inspva,/novatel/oem7/inspva,39.663,-75.756,-1.801455354,0.000921595,-0.000845824,-0.000148225,-0.000909597,-0.000845824,,novatel_oem7_msgs.msg.InertialSolutionStatus(status=3),
1786043802167381021,1786043802.165482329,/novatel/oem7/fix,/novatel/oem7/fix,/novatel/oem7/inspva,39.663,-75.756,-1.801455354,0.000921595,-0.000845824,-0.000148225,-0.000909597,-0.000845824,,0,
1786043802168513653,1786043802.166107508,/novatel/oem7/odom,/novatel/oem7/fix,/novatel/oem7/odom,39.663,-75.756,-1.801455354,0.000918214,-0.000849493,-0.000912555,-0.000101786,-0.000849493,,,
1786043802176318515,1786043802.175603094,/novatel/oem7/odom,/novatel/oem7/fix,/novatel/oem7/odom,39.663,-75.756,-1.801455354,0.000918214,-0.000849493,-0.000912555,-0.000101786,-0.000849493,,,
1786043802185724263,1786043802.185061370,/novatel/oem7/inspva,/novatel/oem7/inspva,/novatel/oem7/inspva,39.663,-75.756,-1.801445692,0.000846885,-0.000618709,-0.000253887,-0.000807933,-0.000618709,,novatel_oem7_msgs.msg.InertialSolutionStatus(status=3),
1786043802187103627,1786043802.185225994,/novatel/oem7/fix,/novatel/oem7/fix,/novatel/oem7/inspva,39.663,-75.756,-1.801445692,0.000846885,-0.000618709,-0.000253887,-0.000807933,-0.000618709,,0,
1786043802188155664,1786043802.185705189,/novatel/oem7/odom,/novatel/oem7/fix,/novatel/oem7/odom,39.663,-75.756,-1.801445692,0.000844243,-0.000622310,-0.000816974,-0.000212836,-0.000622310,,,
1786043802195151238,1786043802.194412897,/novatel/oem7/odom,/novatel/oem7/fix,/novatel/oem7/odom,39.663,-75.756,-1.801445692,0.000844243,-0.000622310,-0.000816974,-0.000212836,-0.000622310,,,
1786043802207064102,1786043802.206393238,/novatel/oem7/inspva,/novatel/oem7/inspva,/novatel/oem7/inspva,39.663,-75.756,-1.801440346,0.000800906,-0.000401520,-0.000099788,-0.000794665,-0.000401520,,novatel_oem7_msgs.msg.InertialSolutionStatus(status=3),
1786043802208474876,1786043802.206575540,/novatel/oem7/fix,/novatel/oem7/fix,/novatel/oem7/inspva,39.663,-75.756,-1.801440346,0.000800906,-0.000401520,-0.000099788,-0.000794665,-0.000401520,,0,
1786043802209548837,1786043802.206978261,/novatel/oem7/odom,/novatel/oem7/fix,/novatel/oem7/odom,39.663,-75.756,-1.801440346,0.000799325,-0.000404658,-0.000797061,-0.000060121,-0.000404658,,,
1786043802211478036,1786043802.210784096,/novatel/oem7/bestpos,/novatel/oem7/bestpos,/novatel/oem7/odom,39.663,-75.756,33.180967670,0.000799325,-0.000404658,-0.000797061,-0.000060121,-0.000404658,,novatel_oem7_msgs.msg.SolutionStatus(status=0),novatel_oem7_msgs.msg.PositionOrVelocityType(type=53)
1786043802212912044,1786043802.211124503,/novatel/oem7/bestvel,/novatel/oem7/bestpos,/novatel/oem7/bestvel,39.663,-75.756,33.180967670,0.000532859,-0.000805214,,,,302.760160501,novatel_oem7_msgs.msg.SolutionStatus(status=0),novatel_oem7_msgs.msg.PositionOrVelocityType(type=53)
1786043802215292598,1786043802.214572764,/novatel/oem7/odom,/novatel/oem7/bestpos,/novatel/oem7/odom,39.663,-75.756,33.180967670,0.000799325,-0.000404658,-0.000797061,-0.000060121,-0.000404658,,,
1786043802225900632,1786043802.225234825,/novatel/oem7/inspva,/novatel/oem7/inspva,/novatel/oem7/inspva,39.663,-75.756,-1.801435774,0.000693922,-0.000546906,-0.000192241,-0.000666762,-0.000546906,,novatel_oem7_msgs.msg.InertialSolutionStatus(status=3),
1786043802227308103,1786043802.225401247,/novatel/oem7/fix,/novatel/oem7/fix,/novatel/oem7/inspva,39.663,-75.756,-1.801435774,0.000693922,-0.000546906,-0.000192241,-0.000666762,-0.000546906,,0,
1786043802228400704,1786043802.225837904,/novatel/oem7/odom,/novatel/oem7/fix,/novatel/oem7/odom,39.663,-75.756,-1.801435774,0.000691601,-0.000549839,-0.000673245,-0.000158281,-0.000549839,,,
1786043802236356367,1786043802.235626593,/novatel/oem7/odom,/novatel/oem7/fix,/novatel/oem7/odom,39.663,-75.756,-1.801435774,0.000691601,-0.000549839,-0.000673245,-0.000158281,-0.000549839,,,
1786043802246048975,1786043802.245388541,/novatel/oem7/inspva,/novatel/oem7/inspva,/novatel/oem7/inspva,39.663,-75.756,-1.801435151,0.000805630,-0.000791525,-0.000000305,-0.000805629,-0.000791525,,novatel_oem7_msgs.msg.InertialSolutionStatus(status=3),
1786043802247597520,1786043802.245579733,/novatel/oem7/fix,/novatel/oem7/fix,/novatel/oem7/inspva,39.663,-75.756,-1.801435151,0.000805630,-0.000791525,-0.000000305,-0.000805629,-0.000791525,,0,
1786043802248674234,1786043802.246240964,/novatel/oem7/odom,/novatel/oem7/fix,/novatel/oem7/odom,39.663,-75.756,-1.801435151,0.000802781,-0.000794414,-0.000801744,0.000040790,-0.000794414,,,
1786043802257121250,1786043802.256403819,/novatel/oem7/odom,/novatel/oem7/fix,/novatel/oem7/odom,39.663,-75.756,-1.801435151,0.000802781,-0.000794414,-0.000801744,0.000040790,-0.000794414,,,
1786043802266805367,1786043802.266170521,/novatel/oem7/inspva,/novatel/oem7/inspva,/novatel/oem7/inspva,39.663,-75.756,-1.801429963,0.000623686,-0.000668615,-0.000158055,-0.000603326,-0.000668615,,novatel_oem7_msgs.msg.InertialSolutionStatus(status=3),
1786043802268252599,1786043802.266338100,/novatel/oem7/fix,/novatel/oem7/fix,/novatel/oem7/inspva,39.663,-75.756,-1.801429963,0.000623686,-0.000668615,-0.000158055,-0.000603326,-0.000668615,,0,
1786043802269358960,1786043802.266865225,/novatel/oem7/odom,/novatel/oem7/fix,/novatel/oem7/odom,39.663,-75.756,-1.801429963,0.000620881,-0.000671221,-0.000607776,-0.000126889,-0.000671221,,,
1786043802275294590,1786043802.274568923,/novatel/oem7/odom,/novatel/oem7/fix,/novatel/oem7/odom,39.663,-75.756,-1.801429963,0.000620881,-0.000671221,-0.000607776,-0.000126889,-0.000671221,,,
1786043802285967924,1786043802.285319454,/novatel/oem7/inspva,/novatel/oem7/inspva,/novatel/oem7/inspva,39.663,-75.756,-1.801427039,0.000802523,-0.000545618,0.000105097,-0.000795612,-0.000545618,,novatel_oem7_msgs.msg.InertialSolutionStatus(status=3),
1786043802287375552,1786043802.285498360,/novatel/oem7/fix,/novatel/oem7/fix,/novatel/oem7/inspva,39.663,-75.756,-1.801427039,0.000802523,-0.000545618,0.000105097,-0.000795612,-0.000545618,,0,
1786043802288455570,1786043802.286117439,/novatel/oem7/odom,/novatel/oem7/fix,/novatel/oem7/odom,39.663,-75.756,-1.801427039,0.000800769,-0.000548189,-0.000787543,0.000144940,-0.000548189,,,
1786043802296252528,1786043802.295519074,/novatel/oem7/odom,/novatel/oem7/fix,/novatel/oem7/odom,39.663,-75.756,-1.801427039,0.000800769,-0.000548189,-0.000787543,0.000144940,-0.000548189,,,
1786043802306502155,1786043802.305832358,/novatel/oem7/inspva,/novatel/oem7/inspva,/novatel/oem7/inspva,39.663,-75.756,-1.801424060,0.000719928,-0.000602233,-0.000170434,-0.000699464,-0.000602233,,novatel_oem7_msgs.msg.InertialSolutionStatus(status=3),
1786043802307882366,1786043802.306000810,/novatel/oem7/fix,/novatel/oem7/fix,/novatel/oem7/inspva,39.663,-75.756,-1.801424060,0.000719928,-0.000602233,-0.000170434,-0.000699464,-0.000602233,,0,
1786043802308939632,1786043802.306453411,/novatel/oem7/odom,/novatel/oem7/fix,/novatel/oem7/odom,39.663,-75.756,-1.801424060,0.000717416,-0.000605224,-0.000704644,-0.000134769,-0.000605224,,,
1786043802310416781,1786043802.309222335,/novatel/oem7/bestpos,/novatel/oem7/bestpos,/novatel/oem7/odom,39.663,-75.756,33.180983750,0.000717416,-0.000605224,-0.000704644,-0.000134769,-0.000605224,,novatel_oem7_msgs.msg.SolutionStatus(status=0),novatel_oem7_msgs.msg.PositionOrVelocityType(type=53)
1786043802311354737,1786043802.309844738,/novatel/oem7/bestvel,/novatel/oem7/bestpos,/novatel/oem7/bestvel,39.663,-75.756,33.180983750,0.000735603,-0.000751763,,,,278.736538683,novatel_oem7_msgs.msg.SolutionStatus(status=0),novatel_oem7_msgs.msg.PositionOrVelocityType(type=53)
1786043802315150375,1786043802.314476355,/novatel/oem7/odom,/novatel/oem7/bestpos,/novatel/oem7/odom,39.663,-75.756,33.180983750,0.000717416,-0.000605224,-0.000704644,-0.000134769,-0.000605224,,,
1786043802327143823,1786043802.326543374,/novatel/oem7/inspva,/novatel/oem7/inspva,/novatel/oem7/inspva,39.663,-75.756,-1.801424661,0.000746665,-0.000878495,0.000168632,-0.000727373,-0.000878495,,novatel_oem7_msgs.msg.InertialSolutionStatus(status=3),
1786043802328584411,1786043802.326717216,/novatel/oem7/fix,/novatel/oem7/fix,/novatel/oem7/inspva,39.663,-75.756,-1.801424661,0.000746665,-0.000878495,0.000168632,-0.000727373,-0.000878495,,0,
1786043802329635478,1786043802.327598261,/novatel/oem7/odom,/novatel/oem7/fix,/novatel/oem7/odom,39.663,-75.756,-1.801424661,0.000744135,-0.000880639,-0.000715064,0.000205961,-0.000880639,,,
1786043802335636072,1786043802.334937775,/novatel/oem7/odom,/novatel/oem7/fix,/novatel/oem7/odom,39.663,-75.756,-1.801424661,0.000744135,-0.000880639,-0.000715064,0.000205961,-0.000880639,,,
1786043802345595639,1786043802.345065117,/novatel/oem7/inspva,/novatel/oem7/inspva,/novatel/oem7/inspva,39.663,-75.756,-1.801421356,0.000407040,-0.000890117,-0.000038040,-0.000405258,-0.000890117,,novatel_oem7_msgs.msg.InertialSolutionStatus(status=3),
1786043802346979756,1786043802.345222782,/novatel/oem7/fix,/novatel/oem7/fix,/novatel/oem7/inspva,39.663,-75.756,-1.801421356,0.000407040,-0.000890117,-0.000038040,-0.000405258,-0.000890117,,0,
1786043802348013180,1786043802.345661263,/novatel/oem7/odom,/novatel/oem7/fix,/novatel/oem7/odom,39.663,-75.756,-1.801421356,0.000403625,-0.000891671,-0.000403306,-0.000016040,-0.000891671,,,
1786043802356287624,1786043802.355596407,/novatel/oem7/odom,/novatel/oem7/fix,/novatel/oem7/odom,39.663,-75.756,-1.801421356,0.000403625,-0.000891671,-0.000403306,-0.000016040,-0.000891671,,,
1786043802365843463,1786043802.365245410,/novatel/oem7/inspva,/novatel/oem7/inspva,/novatel/oem7/inspva,39.663,-75.756,-1.801418006,0.000754268,-0.000427372,0.000249129,-0.000711938,-0.000427372,,novatel_oem7_msgs.msg.InertialSolutionStatus(status=3),
1786043802367306768,1786043802.365415806,/novatel/oem7/fix,/novatel/oem7/fix,/novatel/oem7/inspva,39.663,-75.756,-1.801418006,0.000754268,-0.000427372,0.000249129,-0.000711938,-0.000427372,,0,
1786043802368363719,1786043802.366112829,/novatel/oem7/odom,/novatel/oem7/fix,/novatel/oem7/odom,39.663,-75.756,-1.801418006,0.000753208,-0.000429237,-0.000697432,0.000284448,-0.000429237,,,
1786043802375540831,1786043802.374846621,/novatel/oem7/odom,/novatel/oem7/fix,/novatel/oem7/odom,39.663,-75.756,-1.801418006,0.000753208,-0.000429237,-0.000697432,0.000284448,-0.000429237,,,
1786043802386614893,1786043802.386043770,/novatel/oem7/inspva,/novatel/oem7/inspva,/novatel/oem7/inspva,39.663,-75.756,-1.801417260,0.000265777,-0.000812330,0.000022014,-0.000264864,-0.000812330,,novatel_oem7_msgs.msg.InertialSolutionStatus(status=3),
1786043802388022297,1786043802.386194629,/novatel/oem7/fix,/novatel/oem7/fix,/novatel/oem7/inspva,39.663,-75.756,-1.801417260,0.000265777,-0.000812330,0.000022014,-0.000264864,-0.000812330,,0,
1786043802389210346,1786043802.386613470,/novatel/oem7/odom,/novatel/oem7/fix,/novatel/oem7/odom,39.663,-75.756,-1.801417260,0.000263058,-0.000813215,-0.000260451,0.000036940,-0.000813215,,,
1786043802395585387,1786043802.394852359,/novatel/oem7/odom,/novatel/oem7/fix,/novatel/oem7/odom,39.663,-75.756,-1.801417260,0.000263058,-0.000813215,-0.000260451,0.000036940,-0.000813215,,,
1786043802406896214,1786043802.406322272,/novatel/oem7/inspva,/novatel/oem7/inspva,/novatel/oem7/inspva,39.663,-75.756,-1.801414927,0.000500520,-0.000487997,0.000250431,-0.000433364,-0.000487997,,novatel_oem7_msgs.msg.InertialSolutionStatus(status=3),
1786043802408348092,1786043802.406506057,/novatel/oem7/fix,/novatel/oem7/fix,/novatel/oem7/inspva,39.663,-75.756,-1.801414927,0.000500520,-0.000487997,0.000250431,-0.000433364,-0.000487997,,0,
1786043802409501547,1786043802.406921991,/novatel/oem7/odom,/novatel/oem7/fix,/novatel/oem7/odom,39.663,-75.756,-1.801414927,0.000499679,-0.000488859,-0.000418893,0.000272410,-0.000488859,,,
1786043802411115730,1786043802.410249281,/novatel/oem7/bestpos,/novatel/oem7/bestpos,/novatel/oem7/odom,39.663,-75.756,33.180992616,0.000499679,-0.000488859,-0.000418893,0.000272410,-0.000488859,,novatel_oem7_msgs.msg.SolutionStatus(status=0),novatel_oem7_msgs.msg.PositionOrVelocityType(type=53)
1786043802412601968,1786043802.410653108,/novatel/oem7/bestvel,/novatel/oem7/bestpos,/novatel/oem7/bestvel,39.663,-75.756,33.180992616,0.000451885,-0.000666876,,,,328.336100745,novatel_oem7_msgs.msg.SolutionStatus(status=0),novatel_oem7_msgs.msg.PositionOrVelocityType(type=53)
1786043802416216895,1786043802.415482464,/novatel/oem7/odom,/novatel/oem7/bestpos,/novatel/oem7/odom,39.663,-75.756,33.180992616,0.000499679,-0.000488859,-0.000418893,0.000272410,-0.000488859,,,
1786043802425784401,1786043802.425031704,/novatel/oem7/inspva,/novatel/oem7/inspva,/novatel/oem7/inspva,39.663,-75.756,-1.801415241,0.000526185,-0.000694643,0.000286612,-0.000441276,-0.000694643,,novatel_oem7_msgs.msg.InertialSolutionStatus(status=3),
1786043802427142152,1786043802.425175412,/novatel/oem7/fix,/novatel/oem7/fix,/novatel/oem7/inspva,39.663,-75.756,-1.801415241,0.000526185,-0.000694643,0.000286612,-0.000441276,-0.000694643,,0,
1786043802428215939,1786043802.425630270,/novatel/oem7/odom,/novatel/oem7/fix,/novatel/oem7/odom,39.663,-75.756,-1.801415241,0.000525151,-0.000695425,-0.000424278,0.000309471,-0.000695425,,,
1786043802435102102,1786043802.434370215,/novatel/oem7/odom,/novatel/oem7/fix,/novatel/oem7/odom,39.663,-75.756,-1.801415241,0.000525151,-0.000695425,-0.000424278,0.000309471,-0.000695425,,,
1786043802447288235,1786043802.446589658,/novatel/oem7/inspva,/novatel/oem7/inspva,/novatel/oem7/inspva,39.663,-75.756,-1.801416662,0.000480895,-0.000766771,0.000405009,-0.000259283,-0.000766771,,novatel_oem7_msgs.msg.InertialSolutionStatus(status=3),
1786043802448696442,1786043802.446744839,/novatel/oem7/fix,/novatel/oem7/fix,/novatel/oem7/inspva,39.663,-75.756,-1.801416662,0.000480895,-0.000766771,0.000405009,-0.000259283,-0.000766771,,0,
1786043802449749670,1786043802.447107453,/novatel/oem7/odom,/novatel/oem7/fix,/novatel/oem7/odom,39.663,-75.756,-1.801416662,0.000481216,-0.000766570,-0.000236489,0.000419096,-0.000766570,,,
1786043802457635626,1786043802.456860172,/novatel/oem7/odom,/novatel/oem7/fix,/novatel/oem7/odom,39.663,-75.756,-1.801416662,0.000481216,-0.000766570,-0.000236489,0.000419096,-0.000766570,,,
1786043802465829382,1786043802.465085741,/novatel/oem7/inspva,/novatel/oem7/inspva,/novatel/oem7/inspva,39.663,-75.756,-1.801412947,0.000615062,-0.000829517,0.000485975,-0.000377001,-0.000829517,,novatel_oem7_msgs.msg.InertialSolutionStatus(status=3),
1786043802467180906,1786043802.465306110,/novatel/oem7/fix,/novatel/oem7/fix,/novatel/oem7/inspva,39.663,-75.756,-1.801412947,0.000615062,-0.000829517,0.000485975,-0.000377001,-0.000829517,,0,
1786043802468255307,1786043802.465726734,/novatel/oem7/odom,/novatel/oem7/fix,/novatel/oem7/odom,39.663,-75.756,-1.801412947,0.000615063,-0.000829516,-0.000349910,0.000505832,-0.000829516,,,
1786043802476206677,1786043802.475524227,/novatel/oem7/odom,/novatel/oem7/fix,/novatel/oem7/odom,39.663,-75.756,-1.801412947,0.000615063,-0.000829516,-0.000349910,0.000505832,-0.000829516,,,
1786043802485997399,1786043802.485362722,/novatel/oem7/inspva,/novatel/oem7/inspva,/novatel/oem7/inspva,39.663,-75.756,-1.801406797,0.000367419,-0.000013185,0.000199955,-0.000308245,-0.000013185,,novatel_oem7_msgs.msg.InertialSolutionStatus(status=3),
1786043802487535278,1786043802.485596721,/novatel/oem7/fix,/novatel/oem7/fix,/novatel/oem7/inspva,39.663,-75.756,-1.801406797,0.000367419,-0.000013185,0.000199955,-0.000308245,-0.000013185,,0,
1786043802488732163,1786043802.486206861,/novatel/oem7/odom,/novatel/oem7/fix,/novatel/oem7/odom,39.663,-75.756,-1.801406797,0.000367399,-0.000013743,-0.000298140,0.000214696,-0.000013743,,,
1786043802495341567,1786043802.494574569,/novatel/oem7/odom,/novatel/oem7/fix,/novatel/oem7/odom,39.663,-75.756,-1.801406797,0.000367399,-0.000013743,-0.000298140,0.000214696,-0.000013743,,,
1786043802506680234,1786043802.505973067,/novatel/oem7/inspva,/novatel/oem7/inspva,/novatel/oem7/inspva,39.663,-75.756,-1.801408612,0.000426194,-0.000546117,0.000355553,-0.000234997,-0.000546117,,novatel_oem7_msgs.msg.InertialSolutionStatus(status=3),
1786043802508061131,1786043802.506138989,/novatel/oem7/fix,/novatel/oem7/fix,/novatel/oem7/inspva,39.663,-75.756,-1.801408612,0.000426194,-0.000546117,0.000355553,-0.000234997,-0.000546117,,0,
1786043802509133586,1786043802.506587090,/novatel/oem7/odom,/novatel/oem7/fix,/novatel/oem7/odom,39.663,-75.756,-1.801408612,0.000426384,-0.000545969,-0.000215453,0.000367944,-0.000545969,,,
1786043802512189743,1786043802.511548263,/novatel/oem7/bestpos,/novatel/oem7/bestpos,/novatel/oem7/odom,39.663,-75.756,33.181007486,0.000426384,-0.000545969,-0.000215453,0.000367944,-0.000545969,,novatel_oem7_msgs.msg.SolutionStatus(status=0),novatel_oem7_msgs.msg.PositionOrVelocityType(type=53)
1786043802513656805,1786043802.512177340,/novatel/oem7/bestvel,/novatel/oem7/bestpos,/novatel/oem7/bestvel,39.663,-75.756,33.181007486,0.000389535,-0.000463098,,,,312.021010076,novatel_oem7_msgs.msg.SolutionStatus(status=0),novatel_oem7_msgs.msg.PositionOrVelocityType(type=53)
1786043802515389099,1786043802.514523380,/novatel/oem7/odom,/novatel/oem7/bestpos,/novatel/oem7/odom,39.663,-75.756,33.181007486,0.000426384,-0.000545969,-0.000215453,0.000367944,-0.000545969,,,
1786043802525774927,1786043802.525153404,/novatel/oem7/inspva,/novatel/oem7/inspva,/novatel/oem7/inspva,39.663,-75.756,-1.801408897,0.000462797,-0.000551423,0.000430774,-0.000169157,-0.000551423,,novatel_oem7_msgs.msg.InertialSolutionStatus(status=3),
1786043802527202558,1786043802.525310282,/novatel/oem7/fix,/novatel/oem7/fix,/novatel/oem7/inspva,39.663,-75.756,-1.801408897,0.000462797,-0.000551423,0.000430774,-0.000169157,-0.000551423,,0,
1786043802528288172,1786043802.525654772,/novatel/oem7/odom,/novatel/oem7/fix,/novatel/oem7/odom,39.663,-75.756,-1.801408897,0.000463506,-0.000550828,-0.000146016,0.000439906,-0.000550828,,,
1786043802536259173,1786043802.535565236,/novatel/oem7/odom,/novatel/oem7/fix,/novatel/oem7/odom,39.663,-75.756,-1.801408897,0.000463506,-0.000550828,-0.000146016,0.000439906,-0.000550828,,,
1786043802545607187,1786043802.545023988,/novatel/oem7/inspva,/novatel/oem7/inspva,/novatel/oem7/inspva,39.663,-75.756,-1.801408722,0.000361750,-0.000934630,0.000291890,-0.000213689,-0.000934630,,novatel_oem7_msgs.msg.InertialSolutionStatus(status=3),
1786043802547060861,1786043802.545178376,/novatel/oem7/fix,/novatel/oem7/fix,/novatel/oem7/inspva,39.663,-75.756,-1.801408722,0.000361750,-0.000934630,0.000291890,-0.000213689,-0.000934630,,0,
1786043802548143662,1786043802.545600890,/novatel/oem7/odom,/novatel/oem7/fix,/novatel/oem7/odom,39.663,-75.756,-1.801408722,0.000361877,-0.000934581,-0.000195796,0.000304334,-0.000934581,,,
1786043802556367225,1786043802.555658925,/novatel/oem7/odom,/novatel/oem7/fix,/novatel/oem7/odom,39.663,-75.756,-1.801408722,0.000361877,-0.000934581,-0.000195796,0.000304334,-0.000934581,,,
1786043802566952755,1786043802.566324163,/novatel/oem7/inspva,/novatel/oem7/inspva,/novatel/oem7/inspva,39.663,-75.756,-1.801407693,0.000709712,-0.000520984,0.000526653,-0.000475739,-0.000520984,,novatel_oem7_msgs.msg.InertialSolutionStatus(status=3),
1786043802568477661,1786043802.566527295,/novatel/oem7/fix,/novatel/oem7/fix,/novatel/oem7/inspva,39.663,-75.756,-1.801407693,0.000709712,-0.000520984,0.000526653,-0.000475739,-0.000520984,,0,
1786043802569581416,1786043802.567044473,/novatel/oem7/odom,/novatel/oem7/fix,/novatel/oem7/odom,39.663,-75.756,-1.801407693,0.000709532,-0.000521229,-0.000447700,0.000550455,-0.000521229,,,
1786043802575742358,1786043802.575025937,/novatel/oem7/odom,/novatel/oem7/fix,/novatel/oem7/odom,39.663,-75.756,-1.801407693,0.000709532,-0.000521229,-0.000447700,0.000550455,-0.000521229,,,
1786043802585772389,1786043802.585096798,/novatel/oem7/inspva,/novatel/oem7/inspva,/novatel/oem7/inspva,39.663,-75.756,-1.801407130,0.000434358,-0.000550526,0.000302292,-0.000311907,-0.000550526,,novatel_oem7_msgs.msg.InertialSolutionStatus(status=3),
1786043802587159473,1786043802.585246587,/novatel/oem7/fix,/novatel/oem7/fix,/novatel/oem7/inspva,39.663,-75.756,-1.801407130,0.000434358,-0.000550526,0.000302292,-0.000311907,-0.000550526,,0,
1786043802588226360,1786043802.585891063,/novatel/oem7/odom,/novatel/oem7/fix,/novatel/oem7/odom,39.663,-75.756,-1.801407130,0.000434003,-0.000550806,-0.000294828,0.000318488,-0.000550806,,,
1786043802596402309,1786043802.595667539,/novatel/oem7/odom,/novatel/oem7/fix,/novatel/oem7/odom,39.663,-75.756,-1.801407130,0.000434003,-0.000550806,-0.000294828,0.000318488,-0.000550806,,,
1786043802607216612,1786043802.606481851,/novatel/oem7/inspva,/novatel/oem7/inspva,/novatel/oem7/inspva,39.663,-75.756,-1.801409269,0.000570769,-0.000685054,0.000530792,-0.000209850,-0.000685054,,novatel_oem7_msgs.msg.InertialSolutionStatus(status=3),
1786043802608666556,1786043802.606705423,/novatel/oem7/fix,/novatel/oem7/fix,/novatel/oem7/inspva,39.663,-75.756,-1.801409269,0.000570769,-0.000685054,0.000530792,-0.000209850,-0.000685054,,0,
1786043802609977643,1786043802.607198425,/novatel/oem7/odom,/novatel/oem7/fix,/novatel/oem7/odom,39.663,-75.756,-1.801409269,0.000571637,-0.000684329,-0.000181307,0.000542122,-0.000684329,,,
1786043802611641913,1786043802.610337563,/novatel/oem7/bestpos,/novatel/oem7/bestpos,/novatel/oem7/odom,39.663,-75.756,33.181004692,0.000571637,-0.000684329,-0.000181307,0.000542122,-0.000684329,,novatel_oem7_msgs.msg.SolutionStatus(status=0),novatel_oem7_msgs.msg.PositionOrVelocityType(type=53)
1786043802612606746,1786043802.610723077,/novatel/oem7/bestvel,/novatel/oem7/bestpos,/novatel/oem7/bestvel,39.663,-75.756,33.181004692,0.000855149,-0.000594941,,,,321.113845137,novatel_oem7_msgs.msg.SolutionStatus(status=0),novatel_oem7_msgs.msg.PositionOrVelocityType(type=53)
1786043802615479515,1786043802.614747207,/novatel/oem7/odom,/novatel/oem7/bestpos,/novatel/oem7/odom,39.663,-75.756,33.181004692,0.000571637,-0.000684329,-0.000181307,0.000542122,-0.000684329,,,
1786043802626854437,1786043802.626242117,/novatel/oem7/inspva,/novatel/oem7/inspva,/novatel/oem7/inspva,39.663,-75.756,-1.801405763,0.000380710,-0.000379238,0.000329207,-0.000191214,-0.000379238,,novatel_oem7_msgs.msg.InertialSolutionStatus(status=3),
1786043802628280501,1786043802.626397355,/novatel/oem7/fix,/novatel/oem7/fix,/novatel/oem7/inspva,39.663,-75.756,-1.801405763,0.000380710,-0.000379238,0.000329207,-0.000191214,-0.000379238,,0,
1786043802629341468,1786043802.626931410,/novatel/oem7/odom,/novatel/oem7/fix,/novatel/oem7/odom,39.663,-75.756,-1.801405763,0.000380939,-0.000379008,-0.000173609,0.000339079,-0.000379008,,,
1786043802635575314,1786043802.634840760,/novatel/oem7/odom,/novatel/oem7/fix,/novatel/oem7/odom,39.663,-75.756,-1.801405763,0.000380939,-0.000379008,-0.000173609,0.000339079,-0.000379008,,,
1786043802645760660,1786043802.645109341,/novatel/oem7/inspva,/novatel/oem7/inspva,/novatel/oem7/inspva,39.663,-75.756,-1.801408049,0.000255215,-0.000695045,0.000189009,0.000171494,-0.000695045,,novatel_oem7_msgs.msg.InertialSolutionStatus(status=3),
1786043802647213915,1786043802.645257335,/novatel/oem7/fix,/novatel/oem7/fix,/novatel/oem7/inspva,39.663,-75.756,-1.801408049,0.000255215,-0.000695045,0.000189009,0.000171494,-0.000695045,,0,
1786043802648300083,1786043802.645707947,/novatel/oem7/odom,/novatel/oem7/fix,/novatel/oem7/odom,39.663,-75.756,-1.801408049,0.000258322,-0.000693896,0.000183049,0.000182272,-0.000693896,,,
1786043802657167285,1786043802.656449122,/novatel/oem7/odom,/novatel/oem7/fix,/novatel/oem7/odom,39.663,-75.756,-1.801408049,0.000258322,-0.000693896,0.000183049,0.000182272,-0.000693896,,,
1786043802666557250,1786043802.665932874,/novatel/oem7/inspva,/novatel/oem7/inspva,/novatel/oem7/inspva,39.663,-75.756,-1.801403899,0.000503654,-0.000678564,0.000359649,-0.000352591,-0.000678564,,novatel_oem7_msgs.msg.InertialSolutionStatus(status=3),
1786043802667998461,1786043802.666087109,/novatel/oem7/fix,/novatel/oem7/fix,/novatel/oem7/inspva,39.663,-75.756,-1.801403899,0.000503654,-0.000678564,0.000359649,-0.000352591,-0.000678564,,0,
1786043802669098856,1786043802.666475809,/novatel/oem7/odom,/novatel/oem7/fix,/novatel/oem7/odom,39.663,-75.756,-1.801403899,0.000503297,-0.000678829,-0.000332213,0.000378077,-0.000678829,,,
1786043802675193504,1786043802.674501830,/novatel/oem7/odom,/novatel/oem7/fix,/novatel/oem7/odom,39.663,-75.756,-1.801403899,0.000503297,-0.000678829,-0.000332213,0.000378077,-0.000678829,,,
1786043802687715684,1786043802.686911542,/novatel/oem7/inspva,/novatel/oem7/inspva,/novatel/oem7/inspva,39.663,-75.756,-1.801402894,0.000563957,-0.000600991,0.000514063,-0.000231920,-0.000600991,,novatel_oem7_msgs.msg.InertialSolutionStatus(status=3),
1786043802689062471,1786043802.687160745,/novatel/oem7/fix,/novatel/oem7/fix,/novatel/oem7/inspva,39.663,-75.756,-1.801402894,0.000563957,-0.000600991,0.000514063,-0.000231920,-0.000600991,,0,
1786043802690144222,1786043802.687600232,/novatel/oem7/odom,/novatel/oem7/fix,/novatel/oem7/odom,39.663,-75.756,-1.801402894,0.000564587,-0.000600399,-0.000204484,0.000526255,-0.000600399,,,
1786043802696241470,1786043802.695572980,/novatel/oem7/odom,/novatel/oem7/fix,/novatel/oem7/odom,39.663,-75.756,-1.801402894,0.000564587,-0.000600399,-0.000204484,0.000526255,-0.000600399,,,
1786043802706526007,1786043802.705760862,/novatel/oem7/inspva,/novatel/oem7/inspva,/novatel/oem7/inspva,39.663,-75.756,-1.801397693,0.000652615,-0.000160595,0.000325779,-0.000565486,-0.000160595,,novatel_oem7_msgs.msg.InertialSolutionStatus(status=3),
1786043802707958455,1786043802.705980022,/novatel/oem7/fix,/novatel/oem7/fix,/novatel/oem7/inspva,39.663,-75.756,-1.801397693,0.000652615,-0.000160595,0.000325779,-0.000565486,-0.000160595,,0,
1786043802709128093,1786043802.706489817,/novatel/oem7/odom,/novatel/oem7/fix,/novatel/oem7/odom,39.663,-75.756,-1.801397693,0.000652334,-0.000161729,-0.000548421,0.000353234,-0.000161729,,,
1786043802710943518,1786043802.709388522,/novatel/oem7/bestpos,/novatel/oem7/bestpos,/novatel/oem7/odom,39.663,-75.756,33.181022008,0.000652334,-0.000161729,-0.000548421,0.000353234,-0.000161729,,novatel_oem7_msgs.msg.SolutionStatus(status=0),novatel_oem7_msgs.msg.PositionOrVelocityType(type=53)
1786043802711996468,1786043802.709983122,/novatel/oem7/bestvel,/novatel/oem7/bestpos,/novatel/oem7/bestvel,39.663,-75.756,33.181022008,0.001092379,-0.000159459,,,,304.584222680,novatel_oem7_msgs.msg.SolutionStatus(status=0),novatel_oem7_msgs.msg.PositionOrVelocityType(type=53)
1786043802716277345,1786043802.715582068,/novatel/oem7/odom,/novatel/oem7/bestpos,/novatel/oem7/odom,39.663,-75.756,33.181022008,0.000652334,-0.000161729,-0.000548421,0.000353234,-0.000161729,,,
1786043802727387948,1786043802.726664590,/novatel/oem7/inspva,/novatel/oem7/inspva,/novatel/oem7/inspva,39.663,-75.756,-1.801404209,0.000331188,-0.000969101,0.000308216,0.000121195,-0.000969101,,novatel_oem7_msgs.msg.InertialSolutionStatus(status=3),
1786043802728846715,1786043802.726873482,/novatel/oem7/fix,/novatel/oem7/fix,/novatel/oem7/inspva,39.663,-75.756,-1.801404209,0.000331188,-0.000969101,0.000308216,0.000121195,-0.000969101,,0,
1786043802729916726,1786043802.727773255,/novatel/oem7/odom,/novatel/oem7/fix,/novatel/oem7/odom,39.663,-75.756,-1.801404209,0.000334958,-0.000967805,0.000139620,0.000304472,-0.000967805,,,
1786043802735521506,1786043802.734733122,/novatel/oem7/odom,/novatel/oem7/fix,/novatel/oem7/odom,39.663,-75.756,-1.801404209,0.000334958,-0.000967805,0.000139620,0.000304472,-0.000967805,,,
1786043802746694129,1786043802.745949498,/novatel/oem7/inspva,/novatel/oem7/inspva,/novatel/oem7/inspva,39.663,-75.756,-1.801396624,0.000555516,-0.000524233,0.000400011,-0.000385472,-0.000524233,,novatel_oem7_msgs.msg.InertialSolutionStatus(status=3),
1786043802748068342,1786043802.746166160,/novatel/oem7/fix,/novatel/oem7/fix,/novatel/oem7/inspva,39.663,-75.756,-1.801396624,0.000555516,-0.000524233,0.000400011,-0.000385472,-0.000524233,,0,
1786043802749152580,1786043802.746537214,/novatel/oem7/odom,/novatel/oem7/fix,/novatel/oem7/odom,39.663,-75.756,-1.801396624,0.000555256,-0.000524509,-0.000363663,0.000419593,-0.000524509,,,
1786043802756487351,1786043802.755795200,/novatel/oem7/odom,/novatel/oem7/fix,/novatel/oem7/odom,39.663,-75.756,-1.801396624,0.000555256,-0.000524509,-0.000363663,0.000419593,-0.000524509,,,
1786043802765824732,1786043802.765147139,/novatel/oem7/inspva,/novatel/oem7/inspva,/novatel/oem7/inspva,39.663,-75.756,-1.801397715,0.000371368,-0.000519184,0.000142574,0.000342909,-0.000519184,,novatel_oem7_msgs.msg.InertialSolutionStatus(status=3),
1786043802767346691,1786043802.765321627,/novatel/oem7/fix,/novatel/oem7/fix,/novatel/oem7/inspva,39.663,-75.756,-1.801397715,0.000371368,-0.000519184,0.000142574,0.000342909,-0.000519184,,0,
1786043802768575366,1786043802.765754695,/novatel/oem7/odom,/novatel/oem7/fix,/novatel/oem7/odom,39.663,-75.756,-1.801397715,0.000373635,-0.000517554,0.000351350,0.000127108,-0.000517554,,,
1786043802776046401,1786043802.775339924,/novatel/oem7/odom,/novatel/oem7/fix,/novatel/oem7/odom,39.663,-75.756,-1.801397715,0.000373635,-0.000517554,0.000351350,0.000127108,-0.000517554,,,
1786043802786597601,1786043802.785944894,/novatel/oem7/inspva,/novatel/oem7/inspva,/novatel/oem7/inspva,39.663,-75.756,-1.801394018,0.000136954,-0.000448760,0.000088667,-0.000104377,-0.000448760,,novatel_oem7_msgs.msg.InertialSolutionStatus(status=3),
1786043802788013849,1786043802.786131456,/novatel/oem7/fix,/novatel/oem7/fix,/novatel/oem7/inspva,39.663,-75.756,-1.801394018,0.000136954,-0.000448760,0.000088667,-0.000104377,-0.000448760,,0,
1786043802789141420,1786043802.786505910,/novatel/oem7/odom,/novatel/oem7/fix,/novatel/oem7/odom,39.663,-75.756,-1.801394018,0.000136538,-0.000448887,-0.000098283,0.000094779,-0.000448887,,,
1786043802794972732,1786043802.794289871,/novatel/oem7/odom,/novatel/oem7/fix,/novatel/oem7/odom,39.663,-75.756,-1.801394018,0.000136538,-0.000448887,-0.000098283,0.000094779,-0.000448887,,,
1786043802806230269,1786043802.805653527,/novatel/oem7/inspva,/novatel/oem7/inspva,/novatel/oem7/inspva,39.663,-75.756,-1.801393431,0.000324425,-0.000483422,0.000039810,-0.000321973,-0.000483422,,novatel_oem7_msgs.msg.InertialSolutionStatus(status=3),
1786043802807674484,1786043802.805797158,/novatel/oem7/fix,/novatel/oem7/fix,/novatel/oem7/inspva,39.663,-75.756,-1.801393431,0.000324425,-0.000483422,0.000039810,-0.000321973,-0.000483422,,0,
1786043802808832072,1786043802.806609170,/novatel/oem7/odom,/novatel/oem7/fix,/novatel/oem7/odom,39.663,-75.756,-1.801393431,0.000322867,-0.000484464,-0.000317860,0.000056636,-0.000484464,,,
1786043802810935613,1786043802.809954114,/novatel/oem7/bestpos,/novatel/oem7/bestpos,/novatel/oem7/odom,39.663,-75.756,33.181027237,0.000322867,-0.000484464,-0.000317860,0.000056636,-0.000484464,,novatel_oem7_msgs.msg.SolutionStatus(status=0),novatel_oem7_msgs.msg.PositionOrVelocityType(type=53)
1786043802812501032,1786043802.810363121,/novatel/oem7/bestvel,/novatel/oem7/bestpos,/novatel/oem7/bestvel,39.663,-75.756,33.181027237,0.000885432,-0.000723525,,,,319.734401109,novatel_oem7_msgs.msg.SolutionStatus(status=0),novatel_oem7_msgs.msg.PositionOrVelocityType(type=53)
1786043802816467929,1786043802.815484686,/novatel/oem7/odom,/novatel/oem7/bestpos,/novatel/oem7/odom,39.663,-75.756,33.181027237,0.000322867,-0.000484464,-0.000317860,0.000056636,-0.000484464,,,
1786043802826104563,1786043802.824910218,/novatel/oem7/inspva,/novatel/oem7/inspva,/novatel/oem7/inspva,39.663,-75.756,-1.801388049,0.000205335,-0.000245682,0.000108782,-0.000174152,-0.000245682,,novatel_oem7_msgs.msg.InertialSolutionStatus(status=3),
1786043802828209105,1786043802.825166427,/novatel/oem7/fix,/novatel/oem7/fix,/novatel/oem7/inspva,39.663,-75.756,-1.801388049,0.000205335,-0.000245682,0.000108782,-0.000174152,-0.000245682,,0,
1786043802829859581,1786043802.825598173,/novatel/oem7/odom,/novatel/oem7/fix,/novatel/oem7/odom,39.663,-75.756,-1.801388049,0.000204947,-0.000246005,-0.000167753,0.000117738,-0.000246005,,,
1786043802835373627,1786043802.834444207,/novatel/oem7/odom,/novatel/oem7/fix,/novatel/oem7/odom,39.663,-75.756,-1.801388049,0.000204947,-0.000246005,-0.000167753,0.000117738,-0.000246005,,,
1786043802847199006,1786043802.846354454,/novatel/oem7/inspva,/novatel/oem7/inspva,/novatel/oem7/inspva,39.663,-75.756,-1.801387195,0.000347934,-0.000320033,0.000346181,-0.000034883,-0.000320033,,novatel_oem7_msgs.msg.InertialSolutionStatus(status=3),
1786043802849075945,1786043802.846549183,/novatel/oem7/fix,/novatel/oem7/fix,/novatel/oem7/inspva,39.663,-75.756,-1.801387195,0.000347934,-0.000320033,0.000346181,-0.000034883,-0.000320033,,0,
1786043802850317438,1786043802.847030958,/novatel/oem7/odom,/novatel/oem7/fix,/novatel/oem7/odom,39.663,-75.756,-1.801387195,0.000348697,-0.000319201,-0.000016856,0.000348290,-0.000319201,,,
1786043802857703198,1786043802.856584634,/novatel/oem7/odom,/novatel/oem7/fix,/novatel/oem7/odom,39.663,-75.756,-1.801387195,0.000348697,-0.000319201,-0.000016856,0.000348290,-0.000319201,,,
1786043802865758557,1786043802.864997586,/novatel/oem7/inspva,/novatel/oem7/inspva,/novatel/oem7/inspva,39.663,-75.756,-1.801381103,0.000273716,-0.000270602,0.000271929,-0.000031231,-0.000270602,,novatel_oem7_msgs.msg.InertialSolutionStatus(status=3),
1786043802867570708,1786043802.865228628,/novatel/oem7/fix,/novatel/oem7/fix,/novatel/oem7/inspva,39.663,-75.756,-1.801381103,0.000273716,-0.000270602,0.000271929,-0.000031231,-0.000270602,,0,
1786043802868999546,1786043802.865828247,/novatel/oem7/odom,/novatel/oem7/fix,/novatel/oem7/odom,39.663,-75.756,-1.801381103,0.000274351,-0.000269959,-0.000016994,0.000273824,-0.000269959,,,
1786043802875478618,1786043802.874635089,/novatel/oem7/odom,/novatel/oem7/fix,/novatel/oem7/odom,39.663,-75.756,-1.801381103,0.000274351,-0.000269959,-0.000016994,0.000273824,-0.000269959,,,
1786043802886296064,1786043802.885151085,/novatel/oem7/inspva,/novatel/oem7/inspva,/novatel/oem7/inspva,39.663,-75.756,-1.801377689,0.000060512,-0.000239209,0.000057824,0.000017836,-0.000239209,,novatel_oem7_msgs.msg.InertialSolutionStatus(status=3),
1786043802888516426,1786043802.885372941,/novatel/oem7/fix,/novatel/oem7/fix,/novatel/oem7/inspva,39.663,-75.756,-1.801377689,0.000060512,-0.000239209,0.000057824,0.000017836,-0.000239209,,0,
1786043802889776012,1786043802.886020424,/novatel/oem7/odom,/novatel/oem7/fix,/novatel/oem7/odom,39.663,-75.756,-1.801377689,0.000061398,-0.000238983,0.000021510,0.000057507,-0.000238983,,,
1786043802895520547,1786043802.894853240,/novatel/oem7/odom,/novatel/oem7/fix,/novatel/oem7/odom,39.663,-75.756,-1.801377689,0.000061398,-0.000238983,0.000021510,0.000057507,-0.000238983,,,
1786043802906490044,1786043802.905843674,/novatel/oem7/inspva,/novatel/oem7/inspva,/novatel/oem7/inspva,39.663,-75.756,-1.801374319,0.000146681,-0.000367941,-0.000032920,0.000142939,-0.000367941,,novatel_oem7_msgs.msg.InertialSolutionStatus(status=3),
1786043802907852161,1786043802.905993276,/novatel/oem7/fix,/novatel/oem7/fix,/novatel/oem7/inspva,39.663,-75.756,-1.801374319,0.000146681,-0.000367941,-0.000032920,0.000142939,-0.000367941,,0,
1786043802908893099,1786043802.906305159,/novatel/oem7/odom,/novatel/oem7/fix,/novatel/oem7/odom,39.663,-75.756,-1.801374319,0.000147745,-0.000367515,0.000142542,-0.000038865,-0.000367515,,,
1786043802910397564,1786043802.909226832,/novatel/oem7/bestpos,/novatel/oem7/bestpos,/novatel/oem7/odom,39.663,-75.756,33.181049711,0.000147745,-0.000367515,0.000142542,-0.000038865,-0.000367515,,novatel_oem7_msgs.msg.SolutionStatus(status=0),novatel_oem7_msgs.msg.PositionOrVelocityType(type=53)
1786043802911810661,1786043802.909946195,/novatel/oem7/bestvel,/novatel/oem7/bestpos,/novatel/oem7/bestvel,39.663,-75.756,33.181049711,0.000322519,-0.000219750,,,,289.587479390,novatel_oem7_msgs.msg.SolutionStatus(status=0),novatel_oem7_msgs.msg.PositionOrVelocityType(type=53)
1786043802915658427,1786043802.914366121,/novatel/oem7/odom,/novatel/oem7/bestpos,/novatel/oem7/odom,39.663,-75.756,33.181049711,0.000147745,-0.000367515,0.000142542,-0.000038865,-0.000367515,,,
1786043802925735165,1786043802.924979351,/novatel/oem7/inspva,/novatel/oem7/inspva,/novatel/oem7/inspva,39.663,-75.756,-1.801373814,0.000267294,-0.000341167,0.000211171,-0.000163869,-0.000341167,,novatel_oem7_msgs.msg.InertialSolutionStatus(status=3),
1786043802927373598,1786043802.925215686,/novatel/oem7/fix,/novatel/oem7/fix,/novatel/oem7/inspva,39.663,-75.756,-1.801373814,0.000267294,-0.000341167,0.000211171,-0.000163869,-0.000341167,,0,
1786043802928713355,1786043802.925841163,/novatel/oem7/odom,/novatel/oem7/fix,/novatel/oem7/odom,39.663,-75.756,-1.801373814,0.000267290,-0.000341170,-0.000152157,0.000219754,-0.000341170,,,
1786043802936209390,1786043802.935390419,/novatel/oem7/odom,/novatel/oem7/fix,/novatel/oem7/odom,39.663,-75.756,-1.801373814,0.000267290,-0.000341170,-0.000152157,0.000219754,-0.000341170,,,
1786043802945455161,1786043802.944866385,/novatel/oem7/inspva,/novatel/oem7/inspva,/novatel/oem7/inspva,39.663,-75.756,-1.801371343,0.000224535,-0.000482843,0.000205319,0.000090886,-0.000482843,,novatel_oem7_msgs.msg.InertialSolutionStatus(status=3),
1786043802946845275,1786043802.945005783,/novatel/oem7/fix,/novatel/oem7/fix,/novatel/oem7/inspva,39.663,-75.756,-1.801371343,0.000224535,-0.000482843,0.000205319,0.000090886,-0.000482843,,0,
1786043802948207751,1786043802.945464901,/novatel/oem7/odom,/novatel/oem7/fix,/novatel/oem7/odom,39.663,-75.756,-1.801371343,0.000226465,-0.000481941,0.000102540,0.000201921,-0.000481941,,,
1786043802956370838,1786043802.955627906,/novatel/oem7/odom,/novatel/oem7/fix,/novatel/oem7/odom,39.663,-75.756,-1.801371343,0.000226465,-0.000481941,0.000102540,0.000201921,-0.000481941,,,
1786043802966983918,1786043802.966397649,/novatel/oem7/inspva,/novatel/oem7/inspva,/novatel/oem7/inspva,39.663,-75.756,-1.801370327,0.000496283,-0.000310286,0.000495669,0.000024684,-0.000310286,,novatel_oem7_msgs.msg.InertialSolutionStatus(status=3),
1786043802968288454,1786043802.966603384,/novatel/oem7/fix,/novatel/oem7/fix,/novatel/oem7/inspva,39.663,-75.756,-1.801370327,0.000496283,-0.000310286,0.000495669,0.000024684,-0.000310286,,0,
1786043802969318451,1786043802.967011228,/novatel/oem7/odom,/novatel/oem7/fix,/novatel/oem7/odom,39.663,-75.756,-1.801370327,0.000497193,-0.000308825,0.000049857,0.000494687,-0.000308825,,,
1786043802975162663,1786043802.974514614,/novatel/oem7/odom,/novatel/oem7/fix,/novatel/oem7/odom,39.663,-75.756,-1.801370327,0.000497193,-0.000308825,0.000049857,0.000494687,-0.000308825,,,
1786043802985840051,1786043802.985047343,/novatel/oem7/inspva,/novatel/oem7/inspva,/novatel/oem7/inspva,39.663,-75.756,-1.801369716,0.000464431,-0.000297463,0.000455154,0.000092361,-0.000297463,,novatel_oem7_msgs.msg.InertialSolutionStatus(status=3),
1786043802987204232,1786043802.985296015,/novatel/oem7/fix,/novatel/oem7/fix,/novatel/oem7/inspva,39.663,-75.756,-1.801369716,0.000464431,-0.000297463,0.000455154,0.000092361,-0.000297463,,0,
1786043802988253542,1786043802.985706553,/novatel/oem7/odom,/novatel/oem7/fix,/novatel/oem7/odom,39.663,-75.756,-1.801369716,0.000465445,-0.000295873,0.000115444,0.000450901,-0.000295873,,,
1786043802995218322,1786043802.994569086,/novatel/oem7/odom,/novatel/oem7/fix,/novatel/oem7/odom,39.663,-75.756,-1.801369716,0.000465445,-0.000295873,0.000115444,0.000450901,-0.000295873,,,
1786043803010390059,1786043803.009831550,/novatel/oem7/inspva,/novatel/oem7/inspva,/novatel/oem7/inspva,39.663,-75.756,-1.801370732,0.000410688,-0.000307134,-0.000072844,0.000404176,-0.000307134,,novatel_oem7_msgs.msg.InertialSolutionStatus(status=3),
1786043803011784160,1786043803.009985018,/novatel/oem7/fix,/novatel/oem7/fix,/novatel/oem7/inspva,39.663,-75.756,-1.801370732,0.000410688,-0.000307134,-0.000072844,0.000404176,-0.000307134,,0,
1786043803013263774,1786043803.011507484,/novatel/oem7/odom,/novatel/oem7/fix,/novatel/oem7/odom,39.663,-75.756,-1.801370732,0.000411624,-0.000305877,0.000401309,-0.000091574,-0.000305877,,,
1786043803016575545,1786043803.015926641,/novatel/oem7/odom,/novatel/oem7/fix,/novatel/oem7/odom,39.663,-75.756,-1.801370732,0.000411624,-0.000305877,0.000401309,-0.000091574,-0.000305877,,,
1786043803025026646,1786043803.024337463,/novatel/oem7/bestpos,/novatel/oem7/bestpos,/novatel/oem7/odom,39.663,-75.756,33.181056065,0.000411624,-0.000305877,0.000401309,-0.000091574,-0.000305877,,novatel_oem7_msgs.msg.SolutionStatus(status=0),novatel_oem7_msgs.msg.PositionOrVelocityType(type=53)
1786043803026409200,1786043803.024891354,/novatel/oem7/bestvel,/novatel/oem7/bestpos,/novatel/oem7/bestvel,39.663,-75.756,33.181056065,0.000719877,-0.000258743,,,,119.441320910,novatel_oem7_msgs.msg.SolutionStatus(status=0),novatel_oem7_msgs.msg.PositionOrVelocityType(type=53)
1786043803027856142,1786043803.026565753,/novatel/oem7/inspva,/novatel/oem7/inspva,/novatel/oem7/inspva,39.663,-75.756,-1.801370201,0.000480508,-0.000471165,0.000400188,0.000265964,-0.000471165,,novatel_oem7_msgs.msg.InertialSolutionStatus(status=3),
1786043803028678347,1786043803.026639644,/novatel/oem7/fix,/novatel/oem7/fix,/novatel/oem7/inspva,39.663,-75.756,-1.801370201,0.000480508,-0.000471165,0.000400188,0.000265964,-0.000471165,,0,
1786043803029682740,1786043803.027134284,/novatel/oem7/odom,/novatel/oem7/fix,/novatel/oem7/odom,39.663,-75.756,-1.801370201,0.000482522,-0.000469102,0.000286817,0.000388025,-0.000469102,,,
1786043803035193016,1786043803.034519239,/novatel/oem7/odom,/novatel/oem7/fix,/novatel/oem7/odom,39.663,-75.756,-1.801370201,0.000482522,-0.000469102,0.000286817,0.000388025,-0.000469102,,,
1786043803045790170,1786043803.045259645,/novatel/oem7/inspva,/novatel/oem7/inspva,/novatel/oem7/inspva,39.663,-75.756,-1.801367809,0.000386502,-0.000380945,0.000376906,0.000085587,-0.000380945,,novatel_oem7_msgs.msg.InertialSolutionStatus(status=3),
1786043803047128499,1786043803.045342758,/novatel/oem7/fix,/novatel/oem7/fix,/novatel/oem7/inspva,39.663,-75.756,-1.801367809,0.000386502,-0.000380945,0.000376906,0.000085587,-0.000380945,,0,
1786043803048160907,1786043803.045993592,/novatel/oem7/odom,/novatel/oem7/fix,/novatel/oem7/odom,39.663,-75.756,-1.801367809,0.000387829,-0.000379594,0.000105189,0.000373292,-0.000379594,,,
1786043803057203441,1786043803.056536264,/novatel/oem7/odom,/novatel/oem7/fix,/novatel/oem7/odom,39.663,-75.756,-1.801367809,0.000387829,-0.000379594,0.000105189,0.000373292,-0.000379594,,,
1786043803065509929,1786043803.064979224,/novatel/oem7/inspva,/novatel/oem7/inspva,/novatel/oem7/inspva,39.663,-75.756,-1.801365492,0.000573997,-0.000521553,0.000526503,0.000228620,-0.000521553,,novatel_oem7_msgs.msg.InertialSolutionStatus(status=3),
1786043803066843452,1786043803.065056335,/novatel/oem7/fix,/novatel/oem7/fix,/novatel/oem7/inspva,39.663,-75.756,-1.801365492,0.000573997,-0.000521553,0.000526503,0.000228620,-0.000521553,,0,
1786043803067891819,1786043803.065521409,/novatel/oem7/odom,/novatel/oem7/fix,/novatel/oem7/odom,39.663,-75.756,-1.801365492,0.000576064,-0.000519269,0.000255835,0.000516138,-0.000519269,,,
1786043803075235647,1786043803.074569086,/novatel/oem7/odom,/novatel/oem7/fix,/novatel/oem7/odom,39.663,-75.756,-1.801365492,0.000576064,-0.000519269,0.000255835,0.000516138,-0.000519269,,,
1786043803087155447,1786043803.086601638,/novatel/oem7/inspva,/novatel/oem7/inspva,/novatel/oem7/inspva,39.663,-75.756,-1.801361719,0.000463961,-0.000181993,0.000423762,-0.000188906,-0.000181993,,novatel_oem7_msgs.msg.InertialSolutionStatus(status=3),
1786043803088527624,1786043803.086755426,/novatel/oem7/fix,/novatel/oem7/fix,/novatel/oem7/inspva,39.663,-75.756,-1.801361719,0.000463961,-0.000181993,0.000423762,-0.000188906,-0.000181993,,0,
1786043803089582928,1786043803.087258401,/novatel/oem7/odom,/novatel/oem7/fix,/novatel/oem7/odom,39.663,-75.756,-1.801361719,0.000464155,-0.000181498,-0.000167449,0.000432898,-0.000181498,,,
1786043803095397406,1786043803.094713923,/novatel/oem7/odom,/novatel/oem7/fix,/novatel/oem7/odom,39.663,-75.756,-1.801361719,0.000464155,-0.000181498,-0.000167449,0.000432898,-0.000181498,,,
1786043803106453275,1786043803.105875139,/novatel/oem7/inspva,/novatel/oem7/inspva,/novatel/oem7/inspva,39.663,-75.756,-1.801360288,0.000680886,-0.000513938,0.000590091,0.000339702,-0.000513938,,novatel_oem7_msgs.msg.InertialSolutionStatus(status=3),
1786043803107811569,1786043803.106027630,/novatel/oem7/fix,/novatel/oem7/fix,/novatel/oem7/inspva,39.663,-75.756,-1.801360288,0.000680886,-0.000513938,0.000590091,0.000339702,-0.000513938,,0,
1786043803109155129,1786043803.106486385,/novatel/oem7/odom,/novatel/oem7/fix,/novatel/oem7/odom,39.663,-75.756,-1.801360288,0.000683037,-0.000511076,0.000369841,0.000574245,-0.000511076,,,
1786043803110830149,1786043803.109522426,/novatel/oem7/bestpos,/novatel/oem7/bestpos,/novatel/oem7/odom,39.663,-75.756,33.181070985,0.000683037,-0.000511076,0.000369841,0.000574245,-0.000511076,,novatel_oem7_msgs.msg.SolutionStatus(status=0),novatel_oem7_msgs.msg.PositionOrVelocityType(type=53)
1786043803111776485,1786043803.110158265,/novatel/oem7/bestvel,/novatel/oem7/bestpos,/novatel/oem7/bestvel,39.663,-75.756,33.181070985,0.000984944,-0.000661948,,,,12.126577037,novatel_oem7_msgs.msg.SolutionStatus(status=0),novatel_oem7_msgs.msg.PositionOrVelocityType(type=53)
1786043803115447089,1786043803.114728345,/novatel/oem7/odom,/novatel/oem7/bestpos,/novatel/oem7/odom,39.663,-75.756,33.181070985,0.000683037,-0.000511076,0.000369841,0.000574245,-0.000511076,,,
1786043803125938818,1786043803.125356905,/novatel/oem7/inspva,/novatel/oem7/inspva,/novatel/oem7/inspva,39.663,-75.756,-1.801357649,0.000239220,-0.000138590,0.000023363,0.000238077,-0.000138590,,novatel_oem7_msgs.msg.InertialSolutionStatus(status=3),
1786043803127291832,1786043803.125533787,/novatel/oem7/fix,/novatel/oem7/fix,/novatel/oem7/inspva,39.663,-75.756,-1.801357649,0.000239220,-0.000138590,0.000023363,0.000238077,-0.000138590,,0,
1786043803128364536,1786043803.126220171,/novatel/oem7/odom,/novatel/oem7/fix,/novatel/oem7/odom,39.663,-75.756,-1.801357649,0.000239754,-0.000137665,0.000239446,0.000012140,-0.000137665,,,
1786043803135608026,1786043803.134907839,/novatel/oem7/odom,/novatel/oem7/fix,/novatel/oem7/odom,39.663,-75.756,-1.801357649,0.000239754,-0.000137665,0.000239446,0.000012140,-0.000137665,,,
1786043803146712034,1786043803.146123032,/novatel/oem7/inspva,/novatel/oem7/inspva,/novatel/oem7/inspva,39.663,-75.756,-1.801357853,0.000544797,-0.000539155,0.000286197,0.000463568,-0.000539155,,novatel_oem7_msgs.msg.InertialSolutionStatus(status=3),
1786043803148055185,1786043803.146292387,/novatel/oem7/fix,/novatel/oem7/fix,/novatel/oem7/inspva,39.663,-75.756,-1.801357853,0.000544797,-0.000539155,0.000286197,0.000463568,-0.000539155,,0,
1786043803149128422,1786043803.146733968,/novatel/oem7/odom,/novatel/oem7/fix,/novatel/oem7/odom,39.663,-75.756,-1.801357853,0.000547227,-0.000536689,0.000478916,0.000264758,-0.000536689,,,
1786043803156341098,1786043803.155666041,/novatel/oem7/odom,/novatel/oem7/fix,/novatel/oem7/odom,39.663,-75.756,-1.801357853,0.000547227,-0.000536689,0.000478916,0.000264758,-0.000536689,,,
1786043803165806724,1786043803.165228601,/novatel/oem7/inspva,/novatel/oem7/inspva,/novatel/oem7/inspva,39.663,-75.756,-1.801357328,0.000259253,-0.000527903,0.000252837,0.000057323,-0.000527903,,novatel_oem7_msgs.msg.InertialSolutionStatus(status=3),
1786043803167154460,1786043803.165371359,/novatel/oem7/fix,/novatel/oem7/fix,/novatel/oem7/inspva,39.663,-75.756,-1.801357328,0.000259253,-0.000527903,0.000252837,0.000057323,-0.000527903,,0,
1786043803168208758,1786043803.166062253,/novatel/oem7/odom,/novatel/oem7/fix,/novatel/oem7/odom,39.663,-75.756,-1.801357328,0.000261097,-0.000526994,0.000071488,0.000251120,-0.000526994,,,
1786043803178033267,1786043803.177108418,/novatel/oem7/odom,/novatel/oem7/fix,/novatel/oem7/odom,39.663,-75.756,-1.801357328,0.000261097,-0.000526994,0.000071488,0.000251120,-0.000526994,,,
1786043803185700471,1786043803.185120862,/novatel/oem7/inspva,/novatel/oem7/inspva,/novatel/oem7/inspva,39.663,-75.756,-1.801355724,0.000414538,-0.000346838,0.000369528,0.000187858,-0.000346838,,novatel_oem7_msgs.msg.InertialSolutionStatus(status=3),
1786043803187023341,1786043803.185319111,/novatel/oem7/fix,/novatel/oem7/fix,/novatel/oem7/inspva,39.663,-75.756,-1.801355724,0.000414538,-0.000346838,0.000369528,0.000187858,-0.000346838,,0,
1786043803188053635,1786043803.185938107,/novatel/oem7/odom,/novatel/oem7/fix,/novatel/oem7/odom,39.663,-75.756,-1.801355724,0.000415953,-0.000345140,0.000206859,0.000360868,-0.000345140,,,
1786043803195101102,1786043803.194445713,/novatel/oem7/odom,/novatel/oem7/fix,/novatel/oem7/odom,39.663,-75.756,-1.801355724,0.000415953,-0.000345140,0.000206859,0.000360868,-0.000345140,,,
1786043803207034087,1786043803.206486457,/novatel/oem7/inspva,/novatel/oem7/inspva,/novatel/oem7/inspva,39.663,-75.756,-1.801356476,0.000375228,-0.000558633,0.000373412,0.000036874,-0.000558633,,novatel_oem7_msgs.msg.InertialSolutionStatus(status=3),
1786043803208349760,1786043803.206664476,/novatel/oem7/fix,/novatel/oem7/fix,/novatel/oem7/inspva,39.663,-75.756,-1.801356476,0.000375228,-0.000558633,0.000373412,0.000036874,-0.000558633,,0,
1786043803209371126,1786043803.207282852,/novatel/oem7/odom,/novatel/oem7/fix,/novatel/oem7/odom,39.663,-75.756,-1.801356476,0.000376959,-0.000557467,0.000057034,0.000372619,-0.000557467,,,
1786043803211245375,1786043803.210391167,/novatel/oem7/bestpos,/novatel/oem7/bestpos,/novatel/oem7/odom,39.663,-75.756,33.181081142,0.000376959,-0.000557467,0.000057034,0.000372619,-0.000557467,,novatel_oem7_msgs.msg.SolutionStatus(status=0),novatel_oem7_msgs.msg.PositionOrVelocityType(type=53)
1786043803212629976,1786043803.210868821,/novatel/oem7/bestvel,/novatel/oem7/bestpos,/novatel/oem7/bestvel,39.663,-75.756,33.181081142,0.000383140,-0.000583294,,,,12.729068731,novatel_oem7_msgs.msg.SolutionStatus(status=0),novatel_oem7_msgs.msg.PositionOrVelocityType(type=53)
1786043803215437531,1786043803.214754764,/novatel/oem7/odom,/novatel/oem7/bestpos,/novatel/oem7/odom,39.663,-75.756,33.181081142,0.000376959,-0.000557467,0.000057034,0.000372619,-0.000557467,,,
1786043803225694775,1786043803.225113559,/novatel/oem7/inspva,/novatel/oem7/inspva,/novatel/oem7/inspva,39.663,-75.756,-1.801350322,0.000396568,-0.000372268,0.000382910,0.000103180,-0.000372268,,novatel_oem7_msgs.msg.InertialSolutionStatus(status=3),
1786043803227043135,1786043803.225266474,/novatel/oem7/fix,/novatel/oem7/fix,/novatel/oem7/inspva,39.663,-75.756,-1.801350322,0.000396568,-0.000372268,0.000382910,0.000103180,-0.000372268,,0,
1786043803228097142,1786043803.225849769,/novatel/oem7/odom,/novatel/oem7/fix,/novatel/oem7/odom,39.663,-75.756,-1.801350322,0.000397906,-0.000370837,0.000123023,0.000378411,-0.000370837,,,
1786043803235404439,1786043803.234690149,/novatel/oem7/odom,/novatel/oem7/fix,/novatel/oem7/odom,39.663,-75.756,-1.801350322,0.000397906,-0.000370837,0.000123023,0.000378411,-0.000370837,,,
1786043803245743583,1786043803.245172494,/novatel/oem7/inspva,/novatel/oem7/inspva,/novatel/oem7/inspva,39.663,-75.756,-1.801348207,0.000363069,-0.000256969,0.000100488,0.000348886,-0.000256969,,novatel_oem7_msgs.msg.InertialSolutionStatus(status=3),
1786043803247100197,1786043803.245329166,/novatel/oem7/fix,/novatel/oem7/fix,/novatel/oem7/inspva,39.663,-75.756,-1.801348207,0.000363069,-0.000256969,0.000100488,0.000348886,-0.000256969,,0,
1786043803248155638,1786043803.245966112,/novatel/oem7/odom,/novatel/oem7/fix,/novatel/oem7/odom,39.663,-75.756,-1.801348207,0.000364152,-0.000255431,0.000354308,0.000084100,-0.000255431,,,
1786043803256820879,1786043803.255982553,/novatel/oem7/odom,/novatel/oem7/fix,/novatel/oem7/odom,39.663,-75.756,-1.801348207,0.000364152,-0.000255431,0.000354308,0.000084100,-0.000255431,,,
1786043803266599721,1786043803.266031202,/novatel/oem7/inspva,/novatel/oem7/inspva,/novatel/oem7/inspva,39.663,-75.756,-1.801344204,0.000209209,-0.000382662,-0.000026774,0.000207489,-0.000382662,,novatel_oem7_msgs.msg.InertialSolutionStatus(status=3),
1786043803268051708,1786043803.266196263,/novatel/oem7/fix,/novatel/oem7/fix,/novatel/oem7/inspva,39.663,-75.756,-1.801344204,0.000209209,-0.000382662,-0.000026774,0.000207489,-0.000382662,,0,
1786043803269203544,1786043803.266686938,/novatel/oem7/odom,/novatel/oem7/fix,/novatel/oem7/odom,39.663,-75.756,-1.801344204,0.000210446,-0.000381984,0.000207373,-0.000035829,-0.000381984,,,
1786043803275471873,1786043803.274743500,/novatel/oem7/odom,/novatel/oem7/fix,/novatel/oem7/odom,39.663,-75.756,-1.801344204,0.000210446,-0.000381984,0.000207373,-0.000035829,-0.000381984,,,
1786043803285700950,1786043803.285192278,/novatel/oem7/inspva,/novatel/oem7/inspva,/novatel/oem7/inspva,39.663,-75.756,-1.801344837,0.000256650,-0.000669423,0.000223322,0.000126478,-0.000669423,,novatel_oem7_msgs.msg.InertialSolutionStatus(status=3),
1786043803287082454,1786043803.285332940,/novatel/oem7/fix,/novatel/oem7/fix,/novatel/oem7/inspva,39.663,-75.756,-1.801344837,0.000256650,-0.000669423,0.000223322,0.000126478,-0.000669423,,0,
1786043803288145911,1786043803.285791264,/novatel/oem7/odom,/novatel/oem7/fix,/novatel/oem7/odom,39.663,-75.756,-1.801344837,0.000259434,-0.000668349,0.000139648,0.000218643,-0.000668349,,,
1786043803296110208,1786043803.295435305,/novatel/oem7/odom,/novatel/oem7/fix,/novatel/oem7/odom,39.663,-75.756,-1.801344837,0.000259434,-0.000668349,0.000139648,0.000218643,-0.000668349,,,
1786043803306481420,1786043803.305906357,/novatel/oem7/inspva,/novatel/oem7/inspva,/novatel/oem7/inspva,39.663,-75.756,-1.801338188,0.000182113,-0.000446665,0.000014098,-0.000181567,-0.000446665,,novatel_oem7_msgs.msg.InertialSolutionStatus(status=3),
1786043803307909777,1786043803.306028510,/novatel/oem7/fix,/novatel/oem7/fix,/novatel/oem7/inspva,39.663,-75.756,-1.801338188,0.000182113,-0.000446665,0.000014098,-0.000181567,-0.000446665,,0,
1786043803309048886,1786043803.306433529,/novatel/oem7/odom,/novatel/oem7/fix,/novatel/oem7/odom,39.663,-75.756,-1.801338188,0.000180613,-0.000447273,-0.000179005,0.000024044,-0.000447273,,,
1786043803310707902,1786043803.309553461,/novatel/oem7/bestpos,/novatel/oem7/bestpos,/novatel/oem7/odom,39.663,-75.756,33.181101006,0.000180613,-0.000447273,-0.000179005,0.000024044,-0.000447273,,novatel_oem7_msgs.msg.SolutionStatus(status=0),novatel_oem7_msgs.msg.PositionOrVelocityType(type=53)
1786043803312198427,1786043803.310342689,/novatel/oem7/bestvel,/novatel/oem7/bestpos,/novatel/oem7/bestvel,39.663,-75.756,33.181101006,0.000383174,-0.000520575,,,,309.384552012,novatel_oem7_msgs.msg.SolutionStatus(status=0),novatel_oem7_msgs.msg.PositionOrVelocityType(type=53)
1786043803315016602,1786043803.314325975,/novatel/oem7/odom,/novatel/oem7/bestpos,/novatel/oem7/odom,39.663,-75.756,33.181101006,0.000180613,-0.000447273,-0.000179005,0.000024044,-0.000447273,,,
1786043803327046581,1786043803.326523601,/novatel/oem7/inspva,/novatel/oem7/inspva,/novatel/oem7/inspva,39.663,-75.756,-1.801336078,0.000658830,-0.000337366,0.000569684,0.000330935,-0.000337366,,novatel_oem7_msgs.msg.InertialSolutionStatus(status=3),
1786043803328461802,1786043803.326609929,/novatel/oem7/fix,/novatel/oem7/fix,/novatel/oem7/inspva,39.663,-75.756,-1.801336078,0.000658830,-0.000337366,0.000569684,0.000330935,-0.000337366,,0,
1786043803329588693,1786043803.327367167,/novatel/oem7/odom,/novatel/oem7/fix,/novatel/oem7/odom,39.663,-75.756,-1.801336078,0.000660238,-0.000334601,0.000359442,0.000553820,-0.000334601,,,
1786043803335441635,1786043803.334708995,/novatel/oem7/odom,/novatel/oem7/fix,/novatel/oem7/odom,39.663,-75.756,-1.801336078,0.000660238,-0.000334601,0.000359442,0.000553820,-0.000334601,,,
1786043803345630838,1786043803.345057365,/novatel/oem7/inspva,/novatel/oem7/inspva,/novatel/oem7/inspva,39.663,-75.756,-1.801331695,0.000303137,-0.000345665,0.000279309,0.000117806,-0.000345665,,novatel_oem7_msgs.msg.InertialSolutionStatus(status=3),
1786043803347062189,1786043803.345179822,/novatel/oem7/fix,/novatel/oem7/fix,/novatel/oem7/inspva,39.663,-75.756,-1.801331695,0.000303137,-0.000345665,0.000279309,0.000117806,-0.000345665,,0,
1786043803348202741,1786043803.345594151,/novatel/oem7/odom,/novatel/oem7/fix,/novatel/oem7/odom,39.663,-75.756,-1.801331695,0.000304496,-0.000344468,0.000132514,0.000274150,-0.000344468,,,
1786043803356406170,1786043803.355720747,/novatel/oem7/odom,/novatel/oem7/fix,/novatel/oem7/odom,39.663,-75.756,-1.801331695,0.000304496,-0.000344468,0.000132514,0.000274150,-0.000344468,,,
1786043803365747471,1786043803.365211372,/novatel/oem7/inspva,/novatel/oem7/inspva,/novatel/oem7/inspva,39.663,-75.756,-1.801329472,0.000519011,-0.000302516,0.000439690,0.000275763,-0.000302516,,novatel_oem7_msgs.msg.InertialSolutionStatus(status=3),
1786043803367653540,1786043803.365356890,/novatel/oem7/fix,/novatel/oem7/fix,/novatel/oem7/inspva,39.663,-75.756,-1.801329472,0.000519011,-0.000302516,0.000439690,0.000275763,-0.000302516,,0,
1786043803368863329,1786043803.365906343,/novatel/oem7/odom,/novatel/oem7/fix,/novatel/oem7/odom,39.663,-75.756,-1.801329472,0.000520293,-0.000300306,0.000297905,0.000426565,-0.000300306,,,
1786043803375701571,1786043803.374957631,/novatel/oem7/odom,/novatel/oem7/fix,/novatel/oem7/odom,39.663,-75.756,-1.801329472,0.000520293,-0.000300306,0.000297905,0.000426565,-0.000300306,,,
1786043803386691889,1786043803.386075646,/novatel/oem7/inspva,/novatel/oem7/inspva,/novatel/oem7/inspva,39.663,-75.756,-1.801324535,0.000161203,-0.000197320,0.000155844,0.000041219,-0.000197320,,novatel_oem7_msgs.msg.InertialSolutionStatus(status=3),
1786043803388173234,1786043803.386280635,/novatel/oem7/fix,/novatel/oem7/fix,/novatel/oem7/inspva,39.663,-75.756,-1.801324535,0.000161203,-0.000197320,0.000155844,0.000041219,-0.000197320,,0,
1786043803389454623,1786043803.386761473,/novatel/oem7/odom,/novatel/oem7/fix,/novatel/oem7/odom,39.663,-75.756,-1.801324535,0.000161910,-0.000196740,0.000049473,0.000154166,-0.000196740,,,
1786043803395157065,1786043803.394457731,/novatel/oem7/odom,/novatel/oem7/fix,/novatel/oem7/odom,39.663,-75.756,-1.801324535,0.000161910,-0.000196740,0.000049473,0.000154166,-0.000196740,,,
1786043803406919503,1786043803.406379421,/novatel/oem7/inspva,/novatel/oem7/inspva,/novatel/oem7/inspva,39.663,-75.756,-1.801324672,0.000832352,-0.000542946,0.000774212,0.000305621,-0.000542946,,novatel_oem7_msgs.msg.InertialSolutionStatus(status=3),
1786043803408352211,1786043803.406576500,/novatel/oem7/fix,/novatel/oem7/fix,/novatel/oem7/inspva,39.663,-75.756,-1.801324672,0.000832352,-0.000542946,0.000774212,0.000305621,-0.000542946,,0,
1786043803409512532,1786043803.407113518,/novatel/oem7/odom,/novatel/oem7/fix,/novatel/oem7/odom,39.663,-75.756,-1.801324672,0.000834454,-0.000539710,0.000344864,0.000759857,-0.000539710,,,
1786043803411102742,1786043803.410245133,/novatel/oem7/bestpos,/novatel/oem7/bestpos,/novatel/oem7/odom,39.663,-75.756,33.181108323,0.000834454,-0.000539710,0.000344864,0.000759857,-0.000539710,,novatel_oem7_msgs.msg.SolutionStatus(status=0),novatel_oem7_msgs.msg.PositionOrVelocityType(type=53)
1786043803412658357,1786043803.410633157,/novatel/oem7/bestvel,/novatel/oem7/bestpos,/novatel/oem7/bestvel,39.663,-75.756,33.181108323,0.000519072,-0.000307698,,,,18.841267705,novatel_oem7_msgs.msg.SolutionStatus(status=0),novatel_oem7_msgs.msg.PositionOrVelocityType(type=53)
1786043803416189380,1786043803.415448196,/novatel/oem7/odom,/novatel/oem7/bestpos,/novatel/oem7/odom,39.663,-75.756,33.181108323,0.000834454,-0.000539710,0.000344864,0.000759857,-0.000539710,,,
1786043803425518041,1786043803.424953618,/novatel/oem7/inspva,/novatel/oem7/inspva,/novatel/oem7/inspva,39.663,-75.756,-1.801319855,0.000469067,-0.000348076,0.000429999,-0.000187418,-0.000348076,,novatel_oem7_msgs.msg.InertialSolutionStatus(status=3),
1786043803426990926,1786043803.425134420,/novatel/oem7/fix,/novatel/oem7/fix,/novatel/oem7/inspva,39.663,-75.756,-1.801319855,0.000469067,-0.000348076,0.000429999,-0.000187418,-0.000348076,,0,
1786043803428129300,1786043803.425626288,/novatel/oem7/odom,/novatel/oem7/fix,/novatel/oem7/odom,39.663,-75.756,-1.801319855,0.000469445,-0.000347566,-0.000165020,0.000439485,-0.000347566,,,
1786043803435118514,1786043803.434395454,/novatel/oem7/odom,/novatel/oem7/fix,/novatel/oem7/odom,39.663,-75.756,-1.801319855,0.000469445,-0.000347566,-0.000165020,0.000439485,-0.000347566,,,
1786043803447034334,1786043803.446458985,/novatel/oem7/inspva,/novatel/oem7/inspva,/novatel/oem7/inspva,39.663,-75.756,-1.801315679,0.001053264,0.000012308,0.001049351,-0.000090710,0.000012308,,novatel_oem7_msgs.msg.InertialSolutionStatus(status=3),
1786043803448533923,1786043803.446682721,/novatel/oem7/fix,/novatel/oem7/fix,/novatel/oem7/inspva,39.663,-75.756,-1.801315679,0.001053264,0.000012308,0.001049351,-0.000090710,0.000012308,,0,
1786043803449706041,1786043803.447162272,/novatel/oem7/odom,/novatel/oem7/fix,/novatel/oem7/odom,39.663,-75.756,-1.801315679,0.001053231,0.000014853,-0.000039707,0.001052483,0.000014853,,,
1786043803457107676,1786043803.456409199,/novatel/oem7/odom,/novatel/oem7/fix,/novatel/oem7/odom,39.663,-75.756,-1.801315679,0.001053231,0.000014853,-0.000039707,0.001052483,0.000014853,,,
1786043803465395533,1786043803.464873304,/novatel/oem7/inspva,/novatel/oem7/inspva,/novatel/oem7/inspva,39.663,-75.756,-1.801310517,0.000696102,0.000195298,0.000682243,-0.000138215,0.000195298,,novatel_oem7_msgs.msg.InertialSolutionStatus(status=3),
1786043803466804474,1786043803.465072180,/novatel/oem7/fix,/novatel/oem7/fix,/novatel/oem7/inspva,39.663,-75.756,-1.801310517,0.000696102,0.000195298,0.000682243,-0.000138215,0.000195298,,0,
1786043803467917019,1786043803.465540625,/novatel/oem7/odom,/novatel/oem7/fix,/novatel/oem7/odom,39.663,-75.756,-1.801310517,0.000695716,0.000196670,-0.000105660,0.000687645,0.000196670,,,
1786043803476359537,1786043803.475636670,/novatel/oem7/odom,/novatel/oem7/fix,/novatel/oem7/odom,39.663,-75.756,-1.801310517,0.000695716,0.000196670,-0.000105660,0.000687645,0.000196670,,,
1786043803486027824,1786043803.485432135,/novatel/oem7/inspva,/novatel/oem7/inspva,/novatel/oem7/inspva,39.663,-75.756,-1.801309938,0.000923827,-0.000293290,0.000920649,0.000076566,-0.000293290,,novatel_oem7_msgs.msg.InertialSolutionStatus(status=3),
1786043803487396098,1786043803.485646438,/novatel/oem7/fix,/novatel/oem7/fix,/novatel/oem7/inspva,39.663,-75.756,-1.801309938,0.000923827,-0.000293290,0.000920649,0.000076566,-0.000293290,,0,
1786043803488455796,1786043803.486228966,/novatel/oem7/odom,/novatel/oem7/fix,/novatel/oem7/odom,39.663,-75.756,-1.801309938,0.000924712,-0.000290489,0.000122268,0.000916593,-0.000290489,,,
1786043803495514973,1786043803.494830003,/novatel/oem7/odom,/novatel/oem7/fix,/novatel/oem7/odom,39.663,-75.756,-1.801309938,0.000924712,-0.000290489,0.000122268,0.000916593,-0.000290489,,,
1786043803507744927,1786043803.506161018,/novatel/oem7/inspva,/novatel/oem7/inspva,/novatel/oem7/inspva,39.663,-75.756,-1.801301097,0.000821250,-0.000016905,0.000814079,-0.000108290,-0.000016905,,novatel_oem7_msgs.msg.InertialSolutionStatus(status=3),
1786043803509063170,1786043803.506461134,/novatel/oem7/fix,/novatel/oem7/fix,/novatel/oem7/inspva,39.663,-75.756,-1.801301097,0.000821250,-0.000016905,0.000814079,-0.000108290,-0.000016905,,0,
1786043803510117988,1786043803.507418560,/novatel/oem7/odom,/novatel/oem7/fix,/novatel/oem7/odom,39.663,-75.756,-1.801301097,0.000924712,-0.000290490,0.000122272,0.000916592,-0.000290490,,,
1786043803512171075,1786043803.511566509,/novatel/oem7/bestpos,/novatel/oem7/bestpos,/novatel/oem7/odom,39.663,-75.756,33.181137101,0.000924712,-0.000290490,0.000122272,0.000916592,-0.000290490,,novatel_oem7_msgs.msg.SolutionStatus(status=0),novatel_oem7_msgs.msg.PositionOrVelocityType(type=53)
1786043803513660613,1786043803.512233879,/novatel/oem7/bestvel,/novatel/oem7/bestpos,/novatel/oem7/bestvel,39.663,-75.756,33.181137101,0.001025992,0.000200238,,,,326.096971000,novatel_oem7_msgs.msg.SolutionStatus(status=0),novatel_oem7_msgs.msg.PositionOrVelocityType(type=53)
1786043803515237092,1786043803.514467068,/novatel/oem7/odom,/novatel/oem7/bestpos,/novatel/oem7/odom,39.663,-75.756,33.181137101,0.000821286,-0.000015066,-0.000068571,0.000818418,-0.000015066,,,
1786043803525936134,1786043803.525324848,/novatel/oem7/inspva,/novatel/oem7/inspva,/novatel/oem7/inspva,39.663,-75.756,-1.801292800,0.000733567,0.000245420,0.000730568,0.000066262,0.000245420,,novatel_oem7_msgs.msg.InertialSolutionStatus(status=3),
1786043803527312088,1786043803.525494926,/novatel/oem7/fix,/novatel/oem7/fix,/novatel/oem7/inspva,39.663,-75.756,-1.801292800,0.000733567,0.000245420,0.000730568,0.000066262,0.000245420,,0,
1786043803528383939,1786043803.526101076,/novatel/oem7/odom,/novatel/oem7/fix,/novatel/oem7/odom,39.663,-75.756,-1.801292800,0.000732816,0.000247654,0.000100739,0.000725858,0.000247654,,,
1786043803536312072,1786043803.535638525,/novatel/oem7/odom,/novatel/oem7/fix,/novatel/oem7/odom,39.663,-75.756,-1.801292800,0.000732816,0.000247654,0.000100739,0.000725858,0.000247654,,,
1786043803545825878,1786043803.545249612,/novatel/oem7/inspva,/novatel/oem7/inspva,/novatel/oem7/inspva,39.663,-75.756,-1.801287311,0.000758964,0.000055007,0.000758612,-0.000023092,0.000055007,,novatel_oem7_msgs.msg.InertialSolutionStatus(status=3),
1786043803547192722,1786043803.545402490,/novatel/oem7/fix,/novatel/oem7/fix,/novatel/oem7/inspva,39.663,-75.756,-1.801287311,0.000758964,0.000055007,0.000758612,-0.000023092,0.000055007,,0,
1786043803548262659,1786043803.545859568,/novatel/oem7/odom,/novatel/oem7/fix,/novatel/oem7/odom,39.663,-75.756,-1.801287311,0.000758816,0.000057004,0.000013552,0.000758695,0.000057004,,,
1786043803556255943,1786043803.555563159,/novatel/oem7/odom,/novatel/oem7/fix,/novatel/oem7/odom,39.663,-75.756,-1.801287311,0.000758816,0.000057004,0.000013552,0.000758695,0.000057004,,,
1786043803567053259,1786043803.566485879,/novatel/oem7/inspva,/novatel/oem7/inspva,/novatel/oem7/inspva,39.663,-75.756,-1.801280117,0.000900610,0.000211283,0.000855097,0.000282680,0.000211283,,novatel_oem7_msgs.msg.InertialSolutionStatus(status=3),
1786043803568437806,1786043803.566633508,/novatel/oem7/fix,/novatel/oem7/fix,/novatel/oem7/inspva,39.663,-75.756,-1.801280117,0.000900610,0.000211283,0.000855097,0.000282680,0.000211283,,0,
1786043803569484543,1786043803.567046869,/novatel/oem7/odom,/novatel/oem7/fix,/novatel/oem7/odom,39.663,-75.756,-1.801280117,0.000899810,0.000214663,0.000323068,0.000839813,0.000214663,,,
1786043803575407976,1786043803.574645759,/novatel/oem7/odom,/novatel/oem7/fix,/novatel/oem7/odom,39.663,-75.756,-1.801280117,0.000899810,0.000214663,0.000323068,0.000839813,0.000214663,,,
1786043803585457208,1786043803.584856625,/novatel/oem7/inspva,/novatel/oem7/inspva,/novatel/oem7/inspva,39.663,-75.756,-1.801271576,0.000924622,0.000201061,0.000922446,-0.000063402,0.000201061,,novatel_oem7_msgs.msg.InertialSolutionStatus(status=3),
1786043803587028393,1786043803.585018290,/novatel/oem7/fix,/novatel/oem7/fix,/novatel/oem7/inspva,39.663,-75.756,-1.801271576,0.000924622,0.000201061,0.000922446,-0.000063402,0.000201061,,0,
1786043803588192168,1786043803.585410957,/novatel/oem7/odom,/novatel/oem7/fix,/novatel/oem7/odom,39.663,-75.756,-1.801271576,0.000924120,0.000203360,-0.000019299,0.000923918,0.000203360,,,
1786043803596122835,1786043803.595416248,/novatel/oem7/odom,/novatel/oem7/fix,/novatel/oem7/odom,39.663,-75.756,-1.801271576,0.000924120,0.000203360,-0.000019299,0.000923918,0.000203360,,,
1786043803606769980,1786043803.606215414,/novatel/oem7/inspva,/novatel/oem7/inspva,/novatel/oem7/inspva,39.663,-75.756,-1.801265403,0.000648314,0.000147489,0.000624152,0.000175344,0.000147489,,novatel_oem7_msgs.msg.InertialSolutionStatus(status=3),
1786043803608612958,1786043803.606366189,/novatel/oem7/fix,/novatel/oem7/fix,/novatel/oem7/inspva,39.663,-75.756,-1.801265403,0.000648314,0.000147489,0.000624152,0.000175344,0.000147489,,0,
1786043803609766366,1786043803.606877624,/novatel/oem7/odom,/novatel/oem7/fix,/novatel/oem7/odom,39.663,-75.756,-1.801265403,0.000647776,0.000149833,0.000204886,0.000614521,0.000149833,,,
1786043803611387782,1786043803.610180437,/novatel/oem7/bestpos,/novatel/oem7/bestpos,/novatel/oem7/odom,39.663,-75.756,33.181163679,0.000647776,0.000149833,0.000204886,0.000614521,0.000149833,,novatel_oem7_msgs.msg.SolutionStatus(status=0),novatel_oem7_msgs.msg.PositionOrVelocityType(type=53)
1786043803612483890,1786043803.610610258,/novatel/oem7/bestvel,/novatel/oem7/bestpos,/novatel/oem7/bestvel,39.663,-75.756,33.181163679,0.000622571,0.000190013,,,,9.661703506,novatel_oem7_msgs.msg.SolutionStatus(status=0),novatel_oem7_msgs.msg.PositionOrVelocityType(type=53)
1786043803615723030,1786043803.615001469,/novatel/oem7/odom,/novatel/oem7/bestpos,/novatel/oem7/odom,39.663,-75.756,33.181163679,0.000647776,0.000149833,0.000204886,0.000614521,0.000149833,,,
1786043803626769708,1786043803.626223382,/novatel/oem7/inspva,/novatel/oem7/inspva,/novatel/oem7/inspva,39.663,-75.756,-1.801256155,0.000878061,0.000180163,0.000874153,0.000082758,0.000180163,,novatel_oem7_msgs.msg.InertialSolutionStatus(status=3),
1786043803628260173,1786043803.626371874,/novatel/oem7/fix,/novatel/oem7/fix,/novatel/oem7/inspva,39.663,-75.756,-1.801256155,0.000878061,0.000180163,0.000874153,0.000082758,0.000180163,,0,
1786043803629415144,1786043803.626775673,/novatel/oem7/odom,/novatel/oem7/fix,/novatel/oem7/odom,39.663,-75.756,-1.801256155,0.000877505,0.000182853,0.000124423,0.000868639,0.000182853,,,
1786043803635300261,1786043803.634650074,/novatel/oem7/odom,/novatel/oem7/fix,/novatel/oem7/odom,39.663,-75.756,-1.801256155,0.000877505,0.000182853,0.000124423,0.000868639,0.000182853,,,
1786043803645869607,1786043803.645336695,/novatel/oem7/inspva,/novatel/oem7/inspva,/novatel/oem7/inspva,39.663,-75.756,-1.801246915,0.000376779,0.000417339,0.000376440,0.000015977,0.000417339,,novatel_oem7_msgs.msg.InertialSolutionStatus(status=3),
1786043803647278745,1786043803.645502320,/novatel/oem7/fix,/novatel/oem7/fix,/novatel/oem7/inspva,39.663,-75.756,-1.801246915,0.000376779,0.000417339,0.000376440,0.000015977,0.000417339,,0,
1786043803648406073,1786043803.646073032,/novatel/oem7/odom,/novatel/oem7/fix,/novatel/oem7/odom,39.663,-75.756,-1.801246915,0.000375577,0.000418421,0.000032675,0.000374153,0.000418421,,,
1786043803657186178,1786043803.656511645,/novatel/oem7/odom,/novatel/oem7/fix,/novatel/oem7/odom,39.663,-75.756,-1.801246915,0.000375577,0.000418421,0.000032675,0.000374153,0.000418421,,,
1786043803665792161,1786043803.665241566,/novatel/oem7/inspva,/novatel/oem7/inspva,/novatel/oem7/inspva,39.663,-75.756,-1.801237085,0.000827913,0.000399021,0.000818057,0.000127364,0.000399021,,novatel_oem7_msgs.msg.InertialSolutionStatus(status=3),
1786043803667163162,1786043803.665395667,/novatel/oem7/fix,/novatel/oem7/fix,/novatel/oem7/inspva,39.663,-75.756,-1.801237085,0.000827913,0.000399021,0.000818057,0.000127364,0.000399021,,0,
1786043803668265766,1786043803.665813183,/novatel/oem7/odom,/novatel/oem7/fix,/novatel/oem7/odom,39.663,-75.756,-1.801237085,0.000826602,0.000401729,0.000165431,0.000809879,0.000401729,,,
1786043803675185623,1786043803.674522393,/novatel/oem7/odom,/novatel/oem7/fix,/novatel/oem7/odom,39.663,-75.756,-1.801237085,0.000826602,0.000401729,0.000165431,0.000809879,0.000401729,,,
1786043803687628405,1786043803.687058280,/novatel/oem7/inspva,/novatel/oem7/inspva,/novatel/oem7/inspva,39.663,-75.756,-1.801229286,0.000791075,0.000192074,0.000787027,-0.000079919,0.000192074,,novatel_oem7_msgs.msg.InertialSolutionStatus(status=3),
1786043803689070996,1786043803.687217821,/novatel/oem7/fix,/novatel/oem7/fix,/novatel/oem7/inspva,39.663,-75.756,-1.801229286,0.000791075,0.000192074,0.000787027,-0.000079919,0.000192074,,0,
1786043803690207401,1786043803.687585415,/novatel/oem7/odom,/novatel/oem7/fix,/novatel/oem7/odom,39.663,-75.756,-1.801229286,0.000790619,0.000193942,-0.000042331,0.000789485,0.000193942,,,
1786043803695874752,1786043803.695186428,/novatel/oem7/odom,/novatel/oem7/fix,/novatel/oem7/odom,39.663,-75.756,-1.801229286,0.000790619,0.000193942,-0.000042331,0.000789485,0.000193942,,,
1786043803706273617,1786043803.705749538,/novatel/oem7/inspva,/novatel/oem7/inspva,/novatel/oem7/inspva,39.663,-75.756,-1.801219046,0.000913195,0.000010532,0.000886966,0.000217295,0.000010532,,novatel_oem7_msgs.msg.InertialSolutionStatus(status=3),
1786043803707662321,1786043803.705893996,/novatel/oem7/fix,/novatel/oem7/fix,/novatel/oem7/inspva,39.663,-75.756,-1.801219046,0.000913195,0.000010532,0.000886966,0.000217295,0.000010532,,0,
1786043803708764685,1786043803.706285789,/novatel/oem7/odom,/novatel/oem7/fix,/novatel/oem7/odom,39.663,-75.756,-1.801219046,0.000913152,0.000013766,0.000260070,0.000875335,0.000013766,,,
1786043803710286977,1786043803.709204309,/novatel/oem7/bestpos,/novatel/oem7/bestpos,/novatel/oem7/odom,39.663,-75.756,33.181196486,0.000913152,0.000013766,0.000260070,0.000875335,0.000013766,,novatel_oem7_msgs.msg.SolutionStatus(status=0),novatel_oem7_msgs.msg.PositionOrVelocityType(type=53)
1786043803711752399,1786043803.709808405,/novatel/oem7/bestvel,/novatel/oem7/bestpos,/novatel/oem7/bestvel,39.663,-75.756,33.181196486,0.001387972,-0.000324408,,,,14.828144285,novatel_oem7_msgs.msg.SolutionStatus(status=0),novatel_oem7_msgs.msg.PositionOrVelocityType(type=53)
1786043803715950901,1786043803.715301772,/novatel/oem7/odom,/novatel/oem7/bestpos,/novatel/oem7/odom,39.663,-75.756,33.181196486,0.000913152,0.000013766,0.000260070,0.000875335,0.000013766,,,
1786043803725778280,1786043803.725217528,/novatel/oem7/inspva,/novatel/oem7/inspva,/novatel/oem7/inspva,39.663,-75.756,-1.801207057,0.000583735,0.000443819,0.000571493,-0.000118918,0.000443819,,novatel_oem7_msgs.msg.InertialSolutionStatus(status=3),
1786043803727152440,1786043803.725383413,/novatel/oem7/fix,/novatel/oem7/fix,/novatel/oem7/inspva,39.663,-75.756,-1.801207057,0.000583735,0.000443819,0.000571493,-0.000118918,0.000443819,,0,
1786043803728677513,1786043803.725953358,/novatel/oem7/odom,/novatel/oem7/fix,/novatel/oem7/odom,39.663,-75.756,-1.801207057,0.000582868,0.000444957,-0.000092693,0.000575450,0.000444957,,,
1786043803735539122,1786043803.734848999,/novatel/oem7/odom,/novatel/oem7/fix,/novatel/oem7/odom,39.663,-75.756,-1.801207057,0.000582868,0.000444957,-0.000092693,0.000575450,0.000444957,,,
1786043803746585870,1786043803.746005801,/novatel/oem7/inspva,/novatel/oem7/inspva,/novatel/oem7/inspva,39.663,-75.756,-1.801199736,0.000961000,0.000371497,0.000954238,0.000113799,0.000371497,,novatel_oem7_msgs.msg.InertialSolutionStatus(status=3),
1786043803748028118,1786043803.746170536,/novatel/oem7/fix,/novatel/oem7/fix,/novatel/oem7/inspva,39.663,-75.756,-1.801199736,0.000961000,0.000371497,0.000954238,0.000113799,0.000371497,,0,
1786043803749183160,1786043803.746556416,/novatel/oem7/odom,/novatel/oem7/fix,/novatel/oem7/odom,39.663,-75.756,-1.801199736,0.000959816,0.000374543,0.000158599,0.000946622,0.000374543,,,
1786043803756367475,1786043803.755698855,/novatel/oem7/odom,/novatel/oem7/fix,/novatel/oem7/odom,39.663,-75.756,-1.801199736,0.000959816,0.000374543,0.000158599,0.000946622,0.000374543,,,
1786043803765886148,1786043803.765291319,/novatel/oem7/inspva,/novatel/oem7/inspva,/novatel/oem7/inspva,39.663,-75.756,-1.801194648,0.000496705,-0.000106263,0.000390246,0.000307286,-0.000106263,,novatel_oem7_msgs.msg.InertialSolutionStatus(status=3),
1786043803767335073,1786043803.765483167,/novatel/oem7/fix,/novatel/oem7/fix,/novatel/oem7/inspva,39.663,-75.756,-1.801194648,0.000496705,-0.000106263,0.000390246,0.000307286,-0.000106263,,0,
1786043803768491921,1786043803.765980992,/novatel/oem7/odom,/novatel/oem7/fix,/novatel/oem7/odom,39.663,-75.756,-1.801194648,0.000497171,-0.000104062,0.000326271,0.000375135,-0.000104062,,,
1786043803776130021,1786043803.775435468,/novatel/oem7/odom,/novatel/oem7/fix,/novatel/oem7/odom,39.663,-75.756,-1.801194648,0.000497171,-0.000104062,0.000326271,0.000375135,-0.000104062,,,
1786043803785625487,1786043803.785050498,/novatel/oem7/inspva,/novatel/oem7/inspva,/novatel/oem7/inspva,39.663,-75.756,-1.801182104,0.001033037,0.000147498,0.000976084,0.000338268,0.000147498,,novatel_oem7_msgs.msg.InertialSolutionStatus(status=3),
1786043803786984171,1786043803.785203683,/novatel/oem7/fix,/novatel/oem7/fix,/novatel/oem7/inspva,39.663,-75.756,-1.801182104,0.001033037,0.000147498,0.000976084,0.000338268,0.000147498,,0,
1786043803788079869,1786043803.785512892,/novatel/oem7/odom,/novatel/oem7/fix,/novatel/oem7/odom,39.663,-75.756,-1.801182104,0.001032468,0.000151426,0.000384712,0.000958117,0.000151426,,,
1786043803794988279,1786043803.794293202,/novatel/oem7/odom,/novatel/oem7/fix,/novatel/oem7/odom,39.663,-75.756,-1.801182104,0.001032468,0.000151426,0.000384712,0.000958117,0.000151426,,,
1786043803806355686,1786043803.805799774,/novatel/oem7/inspva,/novatel/oem7/inspva,/novatel/oem7/inspva,39.663,-75.756,-1.801175291,0.000769618,-0.000098940,0.000726834,-0.000253029,-0.000098940,,novatel_oem7_msgs.msg.InertialSolutionStatus(status=3),
1786043803807785418,1786043803.805953996,/novatel/oem7/fix,/novatel/oem7/fix,/novatel/oem7/inspva,39.663,-75.756,-1.801175291,0.000769618,-0.000098940,0.000726834,-0.000253029,-0.000098940,,0,
1786043803808933249,1786043803.806602965,/novatel/oem7/odom,/novatel/oem7/fix,/novatel/oem7/odom,39.663,-75.756,-1.801175291,0.000769758,-0.000097847,-0.000217058,0.000738520,-0.000097847,,,
1786043803810970170,1786043803.810281303,/novatel/oem7/bestpos,/novatel/oem7/bestpos,/novatel/oem7/odom,39.663,-75.756,33.181236231,0.000769758,-0.000097847,-0.000217058,0.000738520,-0.000097847,,novatel_oem7_msgs.msg.SolutionStatus(status=0),novatel_oem7_msgs.msg.PositionOrVelocityType(type=53)
1786043803812477995,1786043803.810809711,/novatel/oem7/bestvel,/novatel/oem7/bestpos,/novatel/oem7/bestvel,39.663,-75.756,33.181236231,0.001042455,-0.000036410,,,,328.027911837,novatel_oem7_msgs.msg.SolutionStatus(status=0),novatel_oem7_msgs.msg.PositionOrVelocityType(type=53)
1786043803815549409,1786043803.814889288,/novatel/oem7/odom,/novatel/oem7/bestpos,/novatel/oem7/odom,39.663,-75.756,33.181236231,0.000769758,-0.000097847,-0.000217058,0.000738520,-0.000097847,,,
1786043803825410852,1786043803.824879456,/novatel/oem7/inspva,/novatel/oem7/inspva,/novatel/oem7/inspva,39.663,-75.756,-1.801165159,0.001289311,-0.000071456,0.001289124,-0.000021948,-0.000071456,,novatel_oem7_msgs.msg.InertialSolutionStatus(status=3),
1786043803827168500,1786043803.825023202,/novatel/oem7/fix,/novatel/oem7/fix,/novatel/oem7/inspva,39.663,-75.756,-1.801165159,0.001289311,-0.000071456,0.001289124,-0.000021948,-0.000071456,,0,
1786043803828259257,1786043803.825410016,/novatel/oem7/odom,/novatel/oem7/fix,/novatel/oem7/odom,39.663,-75.756,-1.801165159,0.001289500,-0.000067971,0.000040940,0.001288849,-0.000067971,,,
1786043803836088720,1786043803.835370946,/novatel/oem7/odom,/novatel/oem7/fix,/novatel/oem7/odom,39.663,-75.756,-1.801165159,0.001289500,-0.000067971,0.000040940,0.001288849,-0.000067971,,,
1786043803847001793,1786043803.846493731,/novatel/oem7/inspva,/novatel/oem7/inspva,/novatel/oem7/inspva,39.663,-75.756,-1.801154478,0.000665408,0.000222079,0.000636834,0.000192899,0.000222079,,novatel_oem7_msgs.msg.InertialSolutionStatus(status=3),
1786043803848445494,1786043803.846635503,/novatel/oem7/fix,/novatel/oem7/fix,/novatel/oem7/inspva,39.663,-75.756,-1.801154478,0.000665408,0.000222079,0.000636834,0.000192899,0.000222079,,0,
1786043803849501985,1786043803.847076748,/novatel/oem7/odom,/novatel/oem7/fix,/novatel/oem7/odom,39.663,-75.756,-1.801154478,0.000664583,0.000224537,0.000222761,0.000626137,0.000224537,,,
1786043803857736172,1786043803.856455192,/novatel/oem7/odom,/novatel/oem7/fix,/novatel/oem7/odom,39.663,-75.756,-1.801154478,0.000664583,0.000224537,0.000222761,0.000626137,0.000224537,,,
1786043803866614898,1786043803.866047542,/novatel/oem7/inspva,/novatel/oem7/inspva,/novatel/oem7/inspva,39.663,-75.756,-1.801144319,0.001001928,0.000197984,0.000944557,0.000334173,0.000197984,,novatel_oem7_msgs.msg.InertialSolutionStatus(status=3),
1786043803868016569,1786043803.866220500,/novatel/oem7/fix,/novatel/oem7/fix,/novatel/oem7/inspva,39.663,-75.756,-1.801144319,0.001001928,0.000197984,0.000944557,0.000334173,0.000197984,,0,
1786043803869147480,1786043803.866600440,/novatel/oem7/odom,/novatel/oem7/fix,/novatel/oem7/odom,39.663,-75.756,-1.801144319,0.001001167,0.000201798,0.000378904,0.000926696,0.000201798,,,
1786043803875261669,1786043803.874616637,/novatel/oem7/odom,/novatel/oem7/fix,/novatel/oem7/odom,39.663,-75.756,-1.801144319,0.001001167,0.000201798,0.000378904,0.000926696,0.000201798,,,
1786043803885763095,1786043803.885193635,/novatel/oem7/inspva,/novatel/oem7/inspva,/novatel/oem7/inspva,39.663,-75.756,-1.801138325,0.000815680,-0.000142874,0.000593151,0.000559917,-0.000142874,,novatel_oem7_msgs.msg.InertialSolutionStatus(status=3),
1786043803887106064,1786043803.885359744,/novatel/oem7/fix,/novatel/oem7/fix,/novatel/oem7/inspva,39.663,-75.756,-1.801138325,0.000815680,-0.000142874,0.000593151,0.000559917,-0.000142874,,0,
1786043803888153545,1786043803.885707660,/novatel/oem7/odom,/novatel/oem7/fix,/novatel/oem7/odom,39.663,-75.756,-1.801138325,0.000816314,-0.000139206,0.000588597,0.000565617,-0.000139206,,,
1786043803896055928,1786043803.895393089,/novatel/oem7/odom,/novatel/oem7/fix,/novatel/oem7/odom,39.663,-75.756,-1.801138325,0.000816314,-0.000139206,0.000588597,0.000565617,-0.000139206,,,
1786043803906333075,1786043803.905783677,/novatel/oem7/inspva,/novatel/oem7/inspva,/novatel/oem7/inspva,39.663,-75.756,-1.801127343,0.001088429,-0.000255149,0.000957451,0.000517653,-0.000255149,,novatel_oem7_msgs.msg.InertialSolutionStatus(status=3),
1786043803907771213,1786043803.905944968,/novatel/oem7/fix,/novatel/oem7/fix,/novatel/oem7/inspva,39.663,-75.756,-1.801127343,0.001088429,-0.000255149,0.000957451,0.000517653,-0.000255149,,0,
1786043803908899688,1786043803.906330953,/novatel/oem7/odom,/novatel/oem7/fix,/novatel/oem7/odom,39.663,-75.756,-1.801127343,0.001089478,-0.000250633,0.000564500,0.000931827,-0.000250633,,,
1786043803910454287,1786043803.909060486,/novatel/oem7/bestpos,/novatel/oem7/bestpos,/novatel/oem7/odom,39.663,-75.756,33.181291059,0.001089478,-0.000250633,0.000564500,0.000931827,-0.000250633,,novatel_oem7_msgs.msg.SolutionStatus(status=0),novatel_oem7_msgs.msg.PositionOrVelocityType(type=53)
1786043803911441400,1786043803.909614915,/novatel/oem7/bestvel,/novatel/oem7/bestpos,/novatel/oem7/bestvel,39.663,-75.756,33.181291059,0.001118087,-0.000144150,,,,6.650047042,novatel_oem7_msgs.msg.SolutionStatus(status=0),novatel_oem7_msgs.msg.PositionOrVelocityType(type=53)
1786043803914919705,1786043803.914268480,/novatel/oem7/odom,/novatel/oem7/bestpos,/novatel/oem7/odom,39.663,-75.756,33.181291059,0.001089478,-0.000250633,0.000564500,0.000931827,-0.000250633,,,
1786043803927234043,1786043803.926713918,/novatel/oem7/inspva,/novatel/oem7/inspva,/novatel/oem7/inspva,39.663,-75.756,-1.801115893,0.000862034,0.000214034,0.000838678,0.000199306,0.000214034,,novatel_oem7_msgs.msg.InertialSolutionStatus(status=3),
1786043803928609843,1786043803.926858062,/novatel/oem7/fix,/novatel/oem7/fix,/novatel/oem7/inspva,39.663,-75.756,-1.801115893,0.000862034,0.000214034,0.000838678,0.000199306,0.000214034,,0,
1786043803929699151,1786043803.927178625,/novatel/oem7/odom,/novatel/oem7/fix,/novatel/oem7/odom,39.663,-75.756,-1.801115893,0.000861277,0.000217063,0.000239005,0.000827451,0.000217063,,,
1786043803935761659,1786043803.935108010,/novatel/oem7/odom,/novatel/oem7/fix,/novatel/oem7/odom,39.663,-75.756,-1.801115893,0.000861277,0.000217063,0.000239005,0.000827451,0.000217063,,,
1786043803945532188,1786043803.944974035,/novatel/oem7/inspva,/novatel/oem7/inspva,/novatel/oem7/inspva,39.663,-75.756,-1.801104899,0.001085934,0.000230312,0.000956094,0.000514914,0.000230312,,novatel_oem7_msgs.msg.InertialSolutionStatus(status=3),
1786043803946892281,1786043803.945112676,/novatel/oem7/fix,/novatel/oem7/fix,/novatel/oem7/inspva,39.663,-75.756,-1.801104899,0.001085934,0.000230312,0.000956094,0.000514914,0.000230312,,0,
1786043803948005926,1786043803.945509310,/novatel/oem7/odom,/novatel/oem7/fix,/novatel/oem7/odom,39.663,-75.756,-1.801104899,0.001084972,0.000234805,0.000559876,0.000929356,0.000234805,,,
1786043803956270946,1786043803.955593973,/novatel/oem7/odom,/novatel/oem7/fix,/novatel/oem7/odom,39.663,-75.756,-1.801104899,0.001084972,0.000234805,0.000559876,0.000929356,0.000234805,,,
1786043803967016367,1786043803.966478489,/novatel/oem7/inspva,/novatel/oem7/inspva,/novatel/oem7/inspva,39.663,-75.756,-1.801096432,0.001166694,0.000117415,0.001138969,0.000252833,0.000117415,,novatel_oem7_msgs.msg.InertialSolutionStatus(status=3),
1786043803968556126,1786043803.966624634,/novatel/oem7/fix,/novatel/oem7/fix,/novatel/oem7/inspva,39.663,-75.756,-1.801096432,0.001166694,0.000117415,0.001138969,0.000252833,0.000117415,,0,
1786043803969695641,1786043803.966975973,/novatel/oem7/odom,/novatel/oem7/fix,/novatel/oem7/odom,39.663,-75.756,-1.801096432,0.001166279,0.000121472,0.000307419,0.001125033,0.000121472,,,
1786043803975781023,1786043803.975125179,/novatel/oem7/odom,/novatel/oem7/fix,/novatel/oem7/odom,39.663,-75.756,-1.801096432,0.001166279,0.000121472,0.000307419,0.001125033,0.000121472,,,
1786043803985616202,1786043803.985027579,/novatel/oem7/inspva,/novatel/oem7/inspva,/novatel/oem7/inspva,39.663,-75.756,-1.801082869,0.000959423,0.000247956,0.000816299,0.000504132,0.000247956,,novatel_oem7_msgs.msg.InertialSolutionStatus(status=3),
1786043803987173961,1786043803.985170107,/novatel/oem7/fix,/novatel/oem7/fix,/novatel/oem7/inspva,39.663,-75.756,-1.801082869,0.000959423,0.000247956,0.000816299,0.000504132,0.000247956,,0,
1786043803988282455,1786043803.985506368,/novatel/oem7/odom,/novatel/oem7/fix,/novatel/oem7/odom,39.663,-75.756,-1.801082869,0.000958361,0.000252031,0.000542254,0.000790200,0.000252031,,,
1786043803995270843,1786043803.994565379,/novatel/oem7/odom,/novatel/oem7/fix,/novatel/oem7/odom,39.663,-75.756,-1.801082869,0.000958361,0.000252031,0.000542254,0.000790200,0.000252031,,,
1786043804008701928,1786043804.008138369,/novatel/oem7/inspva,/novatel/oem7/inspva,/novatel/oem7/inspva,39.663,-75.756,-1.801071785,0.001077654,0.000284041,0.000966634,0.000476399,0.000284041,,novatel_oem7_msgs.msg.InertialSolutionStatus(status=3),
1786043804010075982,1786043804.008310594,/novatel/oem7/fix,/novatel/oem7/fix,/novatel/oem7/inspva,39.663,-75.756,-1.801071785,0.001077654,0.000284041,0.000966634,0.000476399,0.000284041,,0,
1786043804012130629,1786043804.011132507,/novatel/oem7/odom,/novatel/oem7/fix,/novatel/oem7/odom,39.663,-75.756,-1.801071785,0.001076491,0.000288418,0.000521722,0.000941615,0.000288418,,,
1786043804016236821,1786043804.015575004,/novatel/oem7/odom,/novatel/oem7/fix,/novatel/oem7/odom,39.663,-75.756,-1.801071785,0.001076491,0.000288418,0.000521722,0.000941615,0.000288418,,,
1786043804025954365,1786043804.025354166,/novatel/oem7/bestpos,/novatel/oem7/bestpos,/novatel/oem7/odom,39.663,-75.756,33.181349379,0.001076491,0.000288418,0.000521722,0.000941615,0.000288418,,novatel_oem7_msgs.msg.SolutionStatus(status=0),novatel_oem7_msgs.msg.PositionOrVelocityType(type=53)
1786043804027504161,1786043804.026244325,/novatel/oem7/bestvel,/novatel/oem7/bestpos,/novatel/oem7/bestvel,39.663,-75.756,33.181349379,0.000711839,0.000547586,,,,30.918164311,novatel_oem7_msgs.msg.SolutionStatus(status=0),novatel_oem7_msgs.msg.PositionOrVelocityType(type=53)
1786043804028527098,1786043804.026774864,/novatel/oem7/inspva,/novatel/oem7/inspva,/novatel/oem7/inspva,39.663,-75.756,-1.801060523,0.000824412,0.000150679,0.000762516,0.000313409,0.000150679,,novatel_oem7_msgs.msg.InertialSolutionStatus(status=3),
1786043804029365880,1786043804.026943739,/novatel/oem7/fix,/novatel/oem7/fix,/novatel/oem7/inspva,39.663,-75.756,-1.801060523,0.000824412,0.000150679,0.000762516,0.000313409,0.000150679,,0,
1786043804030941759,1786043804.027262298,/novatel/oem7/odom,/novatel/oem7/fix,/novatel/oem7/odom,39.663,-75.756,-1.801060523,0.000823815,0.000153911,0.000349520,0.000745994,0.000153911,,,
1786043804035096974,1786043804.034410684,/novatel/oem7/odom,/novatel/oem7/fix,/novatel/oem7/odom,39.663,-75.756,-1.801060523,0.000823815,0.000153911,0.000349520,0.000745994,0.000153911,,,
1786043804045548440,1786043804.044995761,/novatel/oem7/inspva,/novatel/oem7/inspva,/novatel/oem7/inspva,39.663,-75.756,-1.801053554,0.001004685,0.000199940,0.000967458,0.000270954,0.000199940,,novatel_oem7_msgs.msg.InertialSolutionStatus(status=3),
1786043804046931857,1786043804.045162173,/novatel/oem7/fix,/novatel/oem7/fix,/novatel/oem7/inspva,39.663,-75.756,-1.801053554,0.001004685,0.000199940,0.000967458,0.000270954,0.000199940,,0,
1786043804048026462,1786043804.045514379,/novatel/oem7/odom,/novatel/oem7/fix,/novatel/oem7/odom,39.663,-75.756,-1.801053554,0.001003952,0.000203585,0.000316883,0.000952631,0.000203585,,,
1786043804056891347,1786043804.056150764,/novatel/oem7/odom,/novatel/oem7/fix,/novatel/oem7/odom,39.663,-75.756,-1.801053554,0.001003952,0.000203585,0.000316883,0.000952631,0.000203585,,,
1786043804065809254,1786043804.065232588,/novatel/oem7/inspva,/novatel/oem7/inspva,/novatel/oem7/inspva,39.663,-75.756,-1.801049241,0.000843657,0.000452067,0.000823052,0.000185313,0.000452067,,novatel_oem7_msgs.msg.InertialSolutionStatus(status=3),
1786043804067252746,1786043804.065451474,/novatel/oem7/fix,/novatel/oem7/fix,/novatel/oem7/inspva,39.663,-75.756,-1.801049241,0.000843657,0.000452067,0.000823052,0.000185313,0.000452067,,0,
1786043804068406957,1786043804.065842004,/novatel/oem7/odom,/novatel/oem7/fix,/novatel/oem7/odom,39.663,-75.756,-1.801049241,0.000842077,0.000455003,0.000223376,0.000811909,0.000455003,,,
1786043804075213382,1786043804.074514452,/novatel/oem7/odom,/novatel/oem7/fix,/novatel/oem7/odom,39.663,-75.756,-1.801049241,0.000842077,0.000455003,0.000223376,0.000811909,0.000455003,,,
1786043804087231584,1786043804.086698782,/novatel/oem7/inspva,/novatel/oem7/inspva,/novatel/oem7/inspva,39.663,-75.756,-1.801049773,0.001378587,0.000004119,0.001359231,0.000230200,0.000004119,,novatel_oem7_msgs.msg.InertialSolutionStatus(status=3),
1786043804088696658,1786043804.086863564,/novatel/oem7/fix,/novatel/oem7/fix,/novatel/oem7/inspva,39.663,-75.756,-1.801049773,0.001378587,0.000004119,0.001359231,0.000230200,0.000004119,,0,
1786043804089811143,1786043804.087629050,/novatel/oem7/odom,/novatel/oem7/fix,/novatel/oem7/odom,39.663,-75.756,-1.801049773,0.001378566,0.000008690,0.000295966,0.001346420,0.000008690,,,
1786043804095363832,1786043804.094674862,/novatel/oem7/odom,/novatel/oem7/fix,/novatel/oem7/odom,39.663,-75.756,-1.801049773,0.001378566,0.000008690,0.000295966,0.001346420,0.000008690,,,
1786043804106320540,1786043804.105754117,/novatel/oem7/inspva,/novatel/oem7/inspva,/novatel/oem7/inspva,39.663,-75.756,-1.801047601,0.000954930,0.000113611,0.000896206,0.000329704,0.000113611,,novatel_oem7_msgs.msg.InertialSolutionStatus(status=3),
1786043804107801821,1786043804.105926736,/novatel/oem7/fix,/novatel/oem7/fix,/novatel/oem7/inspva,39.663,-75.756,-1.801047601,0.000954930,0.000113611,0.000896206,0.000329704,0.000113611,,0,
1786043804108943366,1786043804.106308195,/novatel/oem7/odom,/novatel/oem7/fix,/novatel/oem7/odom,39.663,-75.756,-1.801047601,0.000954487,0.000117271,0.000372430,0.000878829,0.000117271,,,
1786043804110554809,1786043804.109376254,/novatel/oem7/bestpos,/novatel/oem7/bestpos,/novatel/oem7/odom,39.663,-75.756,33.181388927,0.000954487,0.000117271,0.000372430,0.000878829,0.000117271,,novatel_oem7_msgs.msg.SolutionStatus(status=0),novatel_oem7_msgs.msg.PositionOrVelocityType(type=53)
1786043804112071911,1786043804.110172822,/novatel/oem7/bestvel,/novatel/oem7/bestpos,/novatel/oem7/bestvel,39.663,-75.756,33.181388927,0.000929171,0.000082974,,,,43.439296719,novatel_oem7_msgs.msg.SolutionStatus(status=0),novatel_oem7_msgs.msg.PositionOrVelocityType(type=53)
1786043804115319121,1786043804.114564743,/novatel/oem7/odom,/novatel/oem7/bestpos,/novatel/oem7/odom,39.663,-75.756,33.181388927,0.000954487,0.000117271,0.000372430,0.000878829,0.000117271,,,
1786043804125900334,1786043804.125317085,/novatel/oem7/inspva,/novatel/oem7/inspva,/novatel/oem7/inspva,39.663,-75.756,-1.801046765,0.000893225,0.000231298,0.000864808,0.000223512,0.000231298,,novatel_oem7_msgs.msg.InertialSolutionStatus(status=3),
1786043804127300552,1786043804.125529930,/novatel/oem7/fix,/novatel/oem7/fix,/novatel/oem7/inspva,39.663,-75.756,-1.801046765,0.000893225,0.000231298,0.000864808,0.000223512,0.000231298,,0,
1786043804128409516,1786043804.126015452,/novatel/oem7/odom,/novatel/oem7/fix,/novatel/oem7/odom,39.663,-75.756,-1.801046765,0.000892394,0.000234482,0.000264393,0.000852328,0.000234482,,,
1786043804135229968,1786043804.134535045,/novatel/oem7/odom,/novatel/oem7/fix,/novatel/oem7/odom,39.663,-75.756,-1.801046765,0.000892394,0.000234482,0.000264393,0.000852328,0.000234482,,,
1786043804146001014,1786043804.145412441,/novatel/oem7/inspva,/novatel/oem7/inspva,/novatel/oem7/inspva,39.663,-75.756,-1.801049138,0.000862047,0.000077535,0.000819164,0.000268505,0.000077535,,novatel_oem7_msgs.msg.InertialSolutionStatus(status=3),
1786043804147465938,1786043804.145595213,/novatel/oem7/fix,/novatel/oem7/fix,/novatel/oem7/inspva,39.663,-75.756,-1.801049138,0.000862047,0.000077535,0.000819164,0.000268505,0.000077535,,0,
1786043804148628020,1786043804.146039254,/novatel/oem7/odom,/novatel/oem7/fix,/novatel/oem7/odom,39.663,-75.756,-1.801049138,0.000861751,0.000080756,0.000307693,0.000804947,0.000080756,,,
1786043804155911877,1786043804.155183899,/novatel/oem7/odom,/novatel/oem7/fix,/novatel/oem7/odom,39.663,-75.756,-1.801049138,0.000861751,0.000080756,0.000307693,0.000804947,0.000080756,,,
1786043804165678149,1786043804.165073929,/novatel/oem7/inspva,/novatel/oem7/inspva,/novatel/oem7/inspva,39.663,-75.756,-1.801049637,0.001137151,0.000169198,0.001131610,0.000112119,0.000169198,,novatel_oem7_msgs.msg.InertialSolutionStatus(status=3),
1786043804167183094,1786043804.165223041,/novatel/oem7/fix,/novatel/oem7/fix,/novatel/oem7/inspva,39.663,-75.756,-1.801049637,0.001137151,0.000169198,0.001131610,0.000112119,0.000169198,,0,
1786043804168383486,1786043804.165699935,/novatel/oem7/odom,/novatel/oem7/fix,/novatel/oem7/odom,39.663,-75.756,-1.801049637,0.001136622,0.000172712,0.000166324,0.001124387,0.000172712,,,
1786043804176291919,1786043804.175600992,/novatel/oem7/odom,/novatel/oem7/fix,/novatel/oem7/odom,39.663,-75.756,-1.801049637,0.001136622,0.000172712,0.000166324,0.001124387,0.000172712,,,
1786043804185624863,1786043804.185018370,/novatel/oem7/inspva,/novatel/oem7/inspva,/novatel/oem7/inspva,39.663,-75.756,-1.801053581,0.000996585,0.000036499,0.000936267,0.000341446,0.000036499,,novatel_oem7_msgs.msg.InertialSolutionStatus(status=3),
1786043804187111108,1786043804.185168832,/novatel/oem7/fix,/novatel/oem7/fix,/novatel/oem7/inspva,39.663,-75.756,-1.801053581,0.000996585,0.000036499,0.000936267,0.000341446,0.000036499,,0,
1786043804188305760,1786043804.185655694,/novatel/oem7/odom,/novatel/oem7/fix,/novatel/oem7/odom,39.663,-75.756,-1.801053581,0.000996438,0.000040307,0.000386395,0.000918470,0.000040307,,,
1786043804195164296,1786043804.194486763,/novatel/oem7/odom,/novatel/oem7/fix,/novatel/oem7/odom,39.663,-75.756,-1.801053581,0.000996438,0.000040307,0.000386395,0.000918470,0.000040307,,,
1786043804207001946,1786043804.206454527,/novatel/oem7/inspva,/novatel/oem7/inspva,/novatel/oem7/inspva,39.663,-75.756,-1.801054377,0.001153363,0.000225305,0.001139351,0.000179236,0.000225305,,novatel_oem7_msgs.msg.InertialSolutionStatus(status=3),
1786043804208484987,1786043804.206606178,/novatel/oem7/fix,/novatel/oem7/fix,/novatel/oem7/inspva,39.663,-75.756,-1.801054377,0.001153363,0.000225305,0.001139351,0.000179236,0.000225305,,0,
1786043804209650446,1786043804.206976822,/novatel/oem7/odom,/novatel/oem7/fix,/novatel/oem7/odom,39.663,-75.756,-1.801054377,0.001152621,0.000229073,0.000233536,0.001128714,0.000229073,,,
1786043804211398670,1786043804.209951362,/novatel/oem7/bestpos,/novatel/oem7/bestpos,/novatel/oem7/odom,39.663,-75.756,33.181384658,0.001152621,0.000229073,0.000233536,0.001128714,0.000229073,,novatel_oem7_msgs.msg.SolutionStatus(status=0),novatel_oem7_msgs.msg.PositionOrVelocityType(type=53)
1786043804212463954,1786043804.210361540,/novatel/oem7/bestvel,/novatel/oem7/bestpos,/novatel/oem7/bestvel,39.663,-75.756,33.181384658,0.001095507,0.000207875,,,,16.681380086,novatel_oem7_msgs.msg.SolutionStatus(status=0),novatel_oem7_msgs.msg.PositionOrVelocityType(type=53)
1786043804215755754,1786043804.215036320,/novatel/oem7/odom,/novatel/oem7/bestpos,/novatel/oem7/odom,39.663,-75.756,33.181384658,0.001152621,0.000229073,0.000233536,0.001128714,0.000229073,,,
1786043804225596797,1786043804.225018631,/novatel/oem7/inspva,/novatel/oem7/inspva,/novatel/oem7/inspva,39.663,-75.756,-1.801058053,0.000839478,0.000140710,0.000682680,0.000488540,0.000140710,,novatel_oem7_msgs.msg.InertialSolutionStatus(status=3),
1786043804227009048,1786043804.225173782,/novatel/oem7/fix,/novatel/oem7/fix,/novatel/oem7/inspva,39.663,-75.756,-1.801058053,0.000839478,0.000140710,0.000682680,0.000488540,0.000140710,,0,
1786043804228156309,1786043804.225612497,/novatel/oem7/odom,/novatel/oem7/fix,/novatel/oem7/odom,39.663,-75.756,-1.801058053,0.000838859,0.000144350,0.000520597,0.000657772,0.000144350,,,
1786043804235187017,1786043804.234518834,/novatel/oem7/odom,/novatel/oem7/fix,/novatel/oem7/odom,39.663,-75.756,-1.801058053,0.000838859,0.000144350,0.000520597,0.000657772,0.000144350,,,
1786043804245791550,1786043804.245245425,/novatel/oem7/inspva,/novatel/oem7/inspva,/novatel/oem7/inspva,39.663,-75.756,-1.801059615,0.000781465,0.000109518,0.000619568,0.000476260,0.000109518,,novatel_oem7_msgs.msg.InertialSolutionStatus(status=3),
1786043804247551765,1786043804.245390703,/novatel/oem7/fix,/novatel/oem7/fix,/novatel/oem7/inspva,39.663,-75.756,-1.801059615,0.000781465,0.000109518,0.000619568,0.000476260,0.000109518,,0,
1786043804249035220,1786043804.246157417,/novatel/oem7/odom,/novatel/oem7/fix,/novatel/oem7/odom,39.663,-75.756,-1.801059615,0.000780978,0.000112939,0.000505382,0.000595412,0.000112939,,,
1786043804257007620,1786043804.256287469,/novatel/oem7/odom,/novatel/oem7/fix,/novatel/oem7/odom,39.663,-75.756,-1.801059615,0.000780978,0.000112939,0.000505382,0.000595412,0.000112939,,,
1786043804266653614,1786043804.266057815,/novatel/oem7/inspva,/novatel/oem7/inspva,/novatel/oem7/inspva,39.663,-75.756,-1.801061493,0.000929810,0.000054232,0.000477380,0.000797907,0.000054232,,novatel_oem7_msgs.msg.InertialSolutionStatus(status=3),
1786043804268123626,1786043804.266268224,/novatel/oem7/fix,/novatel/oem7/fix,/novatel/oem7/inspva,39.663,-75.756,-1.801061493,0.000929810,0.000054232,0.000477380,0.000797907,0.000054232,,0,
1786043804269323121,1786043804.266748859,/novatel/oem7/odom,/novatel/oem7/fix,/novatel/oem7/odom,39.663,-75.756,-1.801061493,0.000929556,0.000058432,0.000819949,0.000437901,0.000058432,,,
1786043804275000565,1786043804.274307838,/novatel/oem7/odom,/novatel/oem7/fix,/novatel/oem7/odom,39.663,-75.756,-1.801061493,0.000929556,0.000058432,0.000819949,0.000437901,0.000058432,,,
1786043804285787461,1786043804.285186001,/novatel/oem7/inspva,/novatel/oem7/inspva,/novatel/oem7/inspva,39.663,-75.756,-1.801064936,0.000909129,0.000033893,0.000876727,0.000240552,0.000033893,,novatel_oem7_msgs.msg.InertialSolutionStatus(status=3),
1786043804287265882,1786043804.285403023,/novatel/oem7/fix,/novatel/oem7/fix,/novatel/oem7/inspva,39.663,-75.756,-1.801064936,0.000909129,0.000033893,0.000876727,0.000240552,0.000033893,,0,
1786043804288417174,1786043804.285750344,/novatel/oem7/odom,/novatel/oem7/fix,/novatel/oem7/odom,39.663,-75.756,-1.801064936,0.000909000,0.000037168,0.000282727,0.000863914,0.000037168,,,
1786043804295834386,1786043804.295123685,/novatel/oem7/odom,/novatel/oem7/fix,/novatel/oem7/odom,39.663,-75.756,-1.801064936,0.000909000,0.000037168,0.000282727,0.000863914,0.000037168,,,
1786043804306222173,1786043804.305678265,/novatel/oem7/inspva,/novatel/oem7/inspva,/novatel/oem7/inspva,39.663,-75.756,-1.801069486,0.000842194,-0.000196057,0.000702717,0.000464198,-0.000196057,,novatel_oem7_msgs.msg.InertialSolutionStatus(status=3),
1786043804307689895,1786043804.305844723,/novatel/oem7/fix,/novatel/oem7/fix,/novatel/oem7/inspva,39.663,-75.756,-1.801069486,0.000842194,-0.000196057,0.000702717,0.000464198,-0.000196057,,0,
1786043804308973635,1786043804.306276261,/novatel/oem7/odom,/novatel/oem7/fix,/novatel/oem7/odom,39.663,-75.756,-1.801069486,0.000843026,-0.000192447,0.000498527,0.000679827,-0.000192447,,,
1786043804310589667,1786043804.309372192,/novatel/oem7/bestpos,/novatel/oem7/bestpos,/novatel/oem7/odom,39.663,-75.756,33.181370154,0.000843026,-0.000192447,0.000498527,0.000679827,-0.000192447,,novatel_oem7_msgs.msg.SolutionStatus(status=0),novatel_oem7_msgs.msg.PositionOrVelocityType(type=53)
1786043804312108520,1786043804.310068162,/novatel/oem7/bestvel,/novatel/oem7/bestpos,/novatel/oem7/bestvel,39.663,-75.756,33.181370154,0.001073271,-0.000381864,,,,42.042402036,novatel_oem7_msgs.msg.SolutionStatus(status=0),novatel_oem7_msgs.msg.PositionOrVelocityType(type=53)
1786043804315146484,1786043804.314414743,/novatel/oem7/odom,/novatel/oem7/bestpos,/novatel/oem7/odom,39.663,-75.756,33.181370154,0.000843026,-0.000192447,0.000498527,0.000679827,-0.000192447,,,
1786043804327087238,1786043804.326538618,/novatel/oem7/inspva,/novatel/oem7/inspva,/novatel/oem7/inspva,39.663,-75.756,-1.801070862,0.001017009,0.000033339,0.001008156,0.000133898,0.000033339,,novatel_oem7_msgs.msg.InertialSolutionStatus(status=3),
1786043804328520092,1786043804.326713990,/novatel/oem7/fix,/novatel/oem7/fix,/novatel/oem7/inspva,39.663,-75.756,-1.801070862,0.001017009,0.000033339,0.001008156,0.000133898,0.000033339,,0,
1786043804329684384,1786043804.327521958,/novatel/oem7/odom,/novatel/oem7/fix,/novatel/oem7/odom,39.663,-75.756,-1.801070862,0.001016898,0.000036570,0.000182600,0.001000369,0.000036570,,,
1786043804335334851,1786043804.334667364,/novatel/oem7/odom,/novatel/oem7/fix,/novatel/oem7/odom,39.663,-75.756,-1.801070862,0.001016898,0.000036570,0.000182600,0.001000369,0.000036570,,,
1786043804345957011,1786043804.344904764,/novatel/oem7/inspva,/novatel/oem7/inspva,/novatel/oem7/inspva,39.663,-75.756,-1.801074987,0.000907880,0.000003482,0.000855837,0.000302968,0.000003482,,novatel_oem7_msgs.msg.InertialSolutionStatus(status=3),
1786043804346938994,1786043804.345187927,/novatel/oem7/fix,/novatel/oem7/fix,/novatel/oem7/inspva,39.663,-75.756,-1.801074987,0.000907880,0.000003482,0.000855837,0.000302968,0.000003482,,0,
1786043804348566058,1786043804.345565614,/novatel/oem7/odom,/novatel/oem7/fix,/novatel/oem7/odom,39.663,-75.756,-1.801074987,0.000907860,0.000006913,0.000344184,0.000840088,0.000006913,,,
1786043804356675906,1786043804.355962717,/novatel/oem7/odom,/novatel/oem7/fix,/novatel/oem7/odom,39.663,-75.756,-1.801074987,0.000907860,0.000006913,0.000344184,0.000840088,0.000006913,,,
1786043804365794118,1786043804.365206905,/novatel/oem7/inspva,/novatel/oem7/inspva,/novatel/oem7/inspva,39.663,-75.756,-1.801079834,0.000920409,-0.000136773,0.000663420,0.000637988,-0.000136773,,novatel_oem7_msgs.msg.InertialSolutionStatus(status=3),
1786043804367295657,1786043804.365392454,/novatel/oem7/fix,/novatel/oem7/fix,/novatel/oem7/inspva,39.663,-75.756,-1.801079834,0.000920409,-0.000136773,0.000663420,0.000637988,-0.000136773,,0,
1786043804368517246,1786043804.366005434,/novatel/oem7/odom,/novatel/oem7/fix,/novatel/oem7/odom,39.663,-75.756,-1.801079834,0.000921014,-0.000132638,0.000669980,0.000631977,-0.000132638,,,
1786043804375251517,1786043804.374570517,/novatel/oem7/odom,/novatel/oem7/fix,/novatel/oem7/odom,39.663,-75.756,-1.801079834,0.000921014,-0.000132638,0.000669980,0.000631977,-0.000132638,,,
1786043804386502300,1786043804.385926058,/novatel/oem7/inspva,/novatel/oem7/inspva,/novatel/oem7/inspva,39.663,-75.756,-1.801086213,0.000805304,-0.000353375,0.000749095,0.000295586,-0.000353375,,novatel_oem7_msgs.msg.InertialSolutionStatus(status=3),
1786043804387933382,1786043804.386138040,/novatel/oem7/fix,/novatel/oem7/fix,/novatel/oem7/inspva,39.663,-75.756,-1.801086213,0.000805304,-0.000353375,0.000749095,0.000295586,-0.000353375,,0,
1786043804389020473,1786043804.386619235,/novatel/oem7/odom,/novatel/oem7/fix,/novatel/oem7/odom,39.663,-75.756,-1.801086213,0.000806668,-0.000350249,0.000332965,0.000734744,-0.000350249,,,
1786043804395078190,1786043804.394365913,/novatel/oem7/odom,/novatel/oem7/fix,/novatel/oem7/odom,39.663,-75.756,-1.801086213,0.000806668,-0.000350249,0.000332965,0.000734744,-0.000350249,,,
1786043804407051838,1786043804.406484932,/novatel/oem7/inspva,/novatel/oem7/inspva,/novatel/oem7/inspva,39.663,-75.756,-1.801091696,0.001053563,-0.000170077,0.000926365,0.000501839,-0.000170077,,novatel_oem7_msgs.msg.InertialSolutionStatus(status=3),
1786043804408566400,1786043804.406685594,/novatel/oem7/fix,/novatel/oem7/fix,/novatel/oem7/inspva,39.663,-75.756,-1.801091696,0.001053563,-0.000170077,0.000926365,0.000501839,-0.000170077,,0,
1786043804409680294,1786043804.407112041,/novatel/oem7/odom,/novatel/oem7/fix,/novatel/oem7/odom,39.663,-75.756,-1.801091696,0.001054259,-0.000165707,0.000546884,0.000901321,-0.000165707,,,
1786043804411306531,1786043804.410123832,/novatel/oem7/bestpos,/novatel/oem7/bestpos,/novatel/oem7/odom,39.663,-75.756,33.181336989,0.001054259,-0.000165707,0.000546884,0.000901321,-0.000165707,,novatel_oem7_msgs.msg.SolutionStatus(status=0),novatel_oem7_msgs.msg.PositionOrVelocityType(type=53)
1786043804412291114,1786043804.410470902,/novatel/oem7/bestvel,/novatel/oem7/bestpos,/novatel/oem7/bestvel,39.663,-75.756,33.181336989,0.001510447,-0.000513417,,,,55.106482219,novatel_oem7_msgs.msg.SolutionStatus(status=0),novatel_oem7_msgs.msg.PositionOrVelocityType(type=53)
1786043804416142726,1786043804.415472626,/novatel/oem7/odom,/novatel/oem7/bestpos,/novatel/oem7/odom,39.663,-75.756,33.181336989,0.001054259,-0.000165707,0.000546884,0.000901321,-0.000165707,,,
1786043804425560888,1786043804.424994579,/novatel/oem7/inspva,/novatel/oem7/inspva,/novatel/oem7/inspva,39.663,-75.756,-1.801100126,0.001054614,-0.000330701,0.000977448,0.000395988,-0.000330701,,novatel_oem7_msgs.msg.InertialSolutionStatus(status=3),
1786043804427059556,1786043804.425214401,/novatel/oem7/fix,/novatel/oem7/fix,/novatel/oem7/inspva,39.663,-75.756,-1.801100126,0.001054614,-0.000330701,0.000977448,0.000395988,-0.000330701,,0,
1786043804428179341,1786043804.425811647,/novatel/oem7/odom,/novatel/oem7/fix,/novatel/oem7/odom,39.663,-75.756,-1.801100126,0.001055897,-0.000326582,0.000444242,0.000957897,-0.000326582,,,
1786043804435177292,1786043804.434469985,/novatel/oem7/odom,/novatel/oem7/fix,/novatel/oem7/odom,39.663,-75.756,-1.801100126,0.001055897,-0.000326582,0.000444242,0.000957897,-0.000326582,,,
1786043804447180300,1786043804.446554946,/novatel/oem7/inspva,/novatel/oem7/inspva,/novatel/oem7/inspva,39.663,-75.756,-1.801106707,0.001365561,-0.000338961,0.001291115,0.000444722,-0.000338961,,novatel_oem7_msgs.msg.InertialSolutionStatus(status=3),
1786043804448690641,1786043804.446757585,/novatel/oem7/fix,/novatel/oem7/fix,/novatel/oem7/inspva,39.663,-75.756,-1.801106707,0.001365561,-0.000338961,0.001291115,0.000444722,-0.000338961,,0,
1786043804449892837,1786043804.447300667,/novatel/oem7/odom,/novatel/oem7/fix,/novatel/oem7/odom,39.663,-75.756,-1.801106707,0.001366828,-0.000333814,0.000508181,0.001268846,-0.000333814,,,
1786043804457274881,1786043804.456533244,/novatel/oem7/odom,/novatel/oem7/fix,/novatel/oem7/odom,39.663,-75.756,-1.801106707,0.001366828,-0.000333814,0.000508181,0.001268846,-0.000333814,,,
1786043804465750910,1786043804.465139494,/novatel/oem7/inspva,/novatel/oem7/inspva,/novatel/oem7/inspva,39.663,-75.756,-1.801117296,0.001135528,-0.000567240,0.001106130,0.000256711,-0.000567240,,novatel_oem7_msgs.msg.InertialSolutionStatus(status=3),
1786043804467197482,1786043804.465350386,/novatel/oem7/fix,/novatel/oem7/fix,/novatel/oem7/inspva,39.663,-75.756,-1.801117296,0.001135528,-0.000567240,0.001106130,0.000256711,-0.000567240,,0,
1786043804468383313,1786043804.465731267,/novatel/oem7/odom,/novatel/oem7/fix,/novatel/oem7/odom,39.663,-75.756,-1.801117296,0.001137503,-0.000563270,0.000312269,0.001093801,-0.000563270,,,
1786043804476297603,1786043804.475616044,/novatel/oem7/odom,/novatel/oem7/fix,/novatel/oem7/odom,39.663,-75.756,-1.801117296,0.001137503,-0.000563270,0.000312269,0.001093801,-0.000563270,,,
1786043804485917494,1786043804.485334575,/novatel/oem7/inspva,/novatel/oem7/inspva,/novatel/oem7/inspva,39.663,-75.756,-1.801122262,0.001339674,0.000025545,0.001133404,0.000714228,0.000025545,,novatel_oem7_msgs.msg.InertialSolutionStatus(status=3),
1786043804487349461,1786043804.485583727,/novatel/oem7/fix,/novatel/oem7/fix,/novatel/oem7/inspva,39.663,-75.756,-1.801122262,0.001339674,0.000025545,0.001133404,0.000714228,0.000025545,,0,
1786043804488507747,1786043804.486157503,/novatel/oem7/odom,/novatel/oem7/fix,/novatel/oem7/odom,39.663,-75.756,-1.801122262,0.001339553,0.000031248,0.000768333,0.001097300,0.000031248,,,
1786043804495604258,1786043804.494907117,/novatel/oem7/odom,/novatel/oem7/fix,/novatel/oem7/odom,39.663,-75.756,-1.801122262,0.001339553,0.000031248,0.000768333,0.001097300,0.000031248,,,
1786043804506605579,1786043804.505993146,/novatel/oem7/inspva,/novatel/oem7/inspva,/novatel/oem7/inspva,39.663,-75.756,-1.801137075,0.001198555,-0.000530548,0.000966811,0.000708387,-0.000530548,,novatel_oem7_msgs.msg.InertialSolutionStatus(status=3),
1786043804508100134,1786043804.506208205,/novatel/oem7/fix,/novatel/oem7/fix,/novatel/oem7/inspva,39.663,-75.756,-1.801137075,0.001198555,-0.000530548,0.000966811,0.000708387,-0.000530548,,0,
1786043804509216709,1786043804.506638826,/novatel/oem7/odom,/novatel/oem7/fix,/novatel/oem7/odom,39.663,-75.756,-1.801137075,0.001200853,-0.000525326,0.000756495,0.000932611,-0.000525326,,,
1786043804511801392,1786043804.511133501,/novatel/oem7/bestpos,/novatel/oem7/bestpos,/novatel/oem7/odom,39.663,-75.756,33.181297920,0.001200853,-0.000525326,0.000756495,0.000932611,-0.000525326,,novatel_oem7_msgs.msg.SolutionStatus(status=0),novatel_oem7_msgs.msg.PositionOrVelocityType(type=53)
1786043804513333237,1786043804.511567119,/novatel/oem7/bestvel,/novatel/oem7/bestpos,/novatel/oem7/bestvel,39.663,-75.756,33.181297920,0.000975343,-0.000338524,,,,55.718754205,novatel_oem7_msgs.msg.SolutionStatus(status=0),novatel_oem7_msgs.msg.PositionOrVelocityType(type=53)
1786043804515476162,1786043804.514367213,/novatel/oem7/odom,/novatel/oem7/bestpos,/novatel/oem7/odom,39.663,-75.756,33.181297920,0.001200853,-0.000525326,0.000756495,0.000932611,-0.000525326,,,
1786043804525761656,1786043804.525192277,/novatel/oem7/inspva,/novatel/oem7/inspva,/novatel/oem7/inspva,39.663,-75.756,-1.801145917,0.001416627,-0.000474584,0.001309389,0.000540678,-0.000474584,,novatel_oem7_msgs.msg.InertialSolutionStatus(status=3),
1786043804527204750,1786043804.525389972,/novatel/oem7/fix,/novatel/oem7/fix,/novatel/oem7/inspva,39.663,-75.756,-1.801145917,0.001416627,-0.000474584,0.001309389,0.000540678,-0.000474584,,0,
1786043804528367752,1786043804.525936414,/novatel/oem7/odom,/novatel/oem7/fix,/novatel/oem7/odom,39.663,-75.756,-1.801145917,0.001418476,-0.000469031,0.000605423,0.001282784,-0.000469031,,,
1786043804536254422,1786043804.535533474,/novatel/oem7/odom,/novatel/oem7/fix,/novatel/oem7/odom,39.663,-75.756,-1.801145917,0.001418476,-0.000469031,0.000605423,0.001282784,-0.000469031,,,
1786043804545606079,1786043804.545008723,/novatel/oem7/inspva,/novatel/oem7/inspva,/novatel/oem7/inspva,39.663,-75.756,-1.801158174,0.001262903,-0.000722668,0.001182693,0.000442901,-0.000722668,,novatel_oem7_msgs.msg.InertialSolutionStatus(status=3),
1786043804547040273,1786043804.545215002,/novatel/oem7/fix,/novatel/oem7/fix,/novatel/oem7/inspva,39.663,-75.756,-1.801158174,0.001262903,-0.000722668,0.001182693,0.000442901,-0.000722668,,0,
1786043804548205449,1786043804.545678703,/novatel/oem7/odom,/novatel/oem7/fix,/novatel/oem7/odom,39.663,-75.756,-1.801158174,0.001265671,-0.000717810,0.000502526,0.001161633,-0.000717810,,,
1786043804556351304,1786043804.555692391,/novatel/oem7/odom,/novatel/oem7/fix,/novatel/oem7/odom,39.663,-75.756,-1.801158174,0.001265671,-0.000717810,0.000502526,0.001161633,-0.000717810,,,
1786043804567089836,1786043804.566536244,/novatel/oem7/inspva,/novatel/oem7/inspva,/novatel/oem7/inspva,39.663,-75.756,-1.801169580,0.001679655,-0.000512830,0.001557987,0.000627628,-0.000512830,,novatel_oem7_msgs.msg.InertialSolutionStatus(status=3),
1786043804568570225,1786043804.566745872,/novatel/oem7/fix,/novatel/oem7/fix,/novatel/oem7/inspva,39.663,-75.756,-1.801169580,0.001679655,-0.000512830,0.001557987,0.000627628,-0.000512830,,0,
1786043804570069246,1786043804.567123206,/novatel/oem7/odom,/novatel/oem7/fix,/novatel/oem7/odom,39.663,-75.756,-1.801169580,0.001681649,-0.000506256,0.000704474,0.001526977,-0.000506256,,,
1786043804575405897,1786043804.574726564,/novatel/oem7/odom,/novatel/oem7/fix,/novatel/oem7/odom,39.663,-75.756,-1.801169580,0.001681649,-0.000506256,0.000704474,0.001526977,-0.000506256,,,
1786043804585724421,1786043804.585146138,/novatel/oem7/inspva,/novatel/oem7/inspva,/novatel/oem7/inspva,39.663,-75.756,-1.801183652,0.001318897,-0.000622901,0.001244073,0.000437920,-0.000622901,,novatel_oem7_msgs.msg.InertialSolutionStatus(status=3),
1786043804587180172,1786043804.585326737,/novatel/oem7/fix,/novatel/oem7/fix,/novatel/oem7/inspva,39.663,-75.756,-1.801183652,0.001318897,-0.000622901,0.001244073,0.000437920,-0.000622901,,0,
1786043804588352940,1786043804.585710428,/novatel/oem7/odom,/novatel/oem7/fix,/novatel/oem7/odom,39.663,-75.756,-1.801183652,0.001321256,-0.000617883,0.000500168,0.001222927,-0.000617883,,,
1786043804596166836,1786043804.595545701,/novatel/oem7/odom,/novatel/oem7/fix,/novatel/oem7/odom,39.663,-75.756,-1.801183652,0.001321256,-0.000617883,0.000500168,0.001222927,-0.000617883,,,
1786043804606910548,1786043804.606344302,/novatel/oem7/inspva,/novatel/oem7/inspva,/novatel/oem7/inspva,39.663,-75.756,-1.801197311,0.001313051,-0.000549475,0.001168137,0.000599633,-0.000549475,,novatel_oem7_msgs.msg.InertialSolutionStatus(status=3),
1786043804608308545,1786043804.606565791,/novatel/oem7/fix,/novatel/oem7/fix,/novatel/oem7/inspva,39.663,-75.756,-1.801197311,0.001313051,-0.000549475,0.001168137,0.000599633,-0.000549475,,0,
1786043804609377253,1786043804.607051303,/novatel/oem7/odom,/novatel/oem7/fix,/novatel/oem7/odom,39.663,-75.756,-1.801197311,0.001315300,-0.000544072,0.000657740,0.001139031,-0.000544072,,,
1786043804610959018,1786043804.610164960,/novatel/oem7/bestpos,/novatel/oem7/bestpos,/novatel/oem7/odom,39.663,-75.756,33.181223573,0.001315300,-0.000544072,0.000657740,0.001139031,-0.000544072,,novatel_oem7_msgs.msg.SolutionStatus(status=0),novatel_oem7_msgs.msg.PositionOrVelocityType(type=53)
1786043804612394837,1786043804.610549931,/novatel/oem7/bestvel,/novatel/oem7/bestpos,/novatel/oem7/bestvel,39.663,-75.756,33.181223573,0.001589341,-0.000594866,,,,8.404736882,novatel_oem7_msgs.msg.SolutionStatus(status=0),novatel_oem7_msgs.msg.PositionOrVelocityType(type=53)
1786043804615888228,1786043804.615200035,/novatel/oem7/odom,/novatel/oem7/bestpos,/novatel/oem7/odom,39.663,-75.756,33.181223573,0.001315300,-0.000544072,0.000657740,0.001139031,-0.000544072,,,
1786043804626686074,1786043804.626154279,/novatel/oem7/inspva,/novatel/oem7/inspva,/novatel/oem7/inspva,39.663,-75.756,-1.801211138,0.001122917,-0.000473357,0.001062947,0.000362057,-0.000473357,,novatel_oem7_msgs.msg.InertialSolutionStatus(status=3),
1786043804628132309,1786043804.626345381,/novatel/oem7/fix,/novatel/oem7/fix,/novatel/oem7/inspva,39.663,-75.756,-1.801211138,0.001122917,-0.000473357,0.001062947,0.000362057,-0.000473357,,0,
1786043804629224490,1786043804.626836133,/novatel/oem7/odom,/novatel/oem7/fix,/novatel/oem7/odom,39.663,-75.756,-1.801211138,0.001124696,-0.000469114,0.000415034,0.001045317,-0.000469114,,,
1786043804635207877,1786043804.634560674,/novatel/oem7/odom,/novatel/oem7/fix,/novatel/oem7/odom,39.663,-75.756,-1.801211138,0.001124696,-0.000469114,0.000415034,0.001045317,-0.000469114,,,
1786043804645829520,1786043804.645282999,/novatel/oem7/inspva,/novatel/oem7/inspva,/novatel/oem7/inspva,39.663,-75.756,-1.801229945,0.001511571,-0.001031829,0.001429276,0.000491953,-0.001031829,,novatel_oem7_msgs.msg.InertialSolutionStatus(status=3),
1786043804647227415,1786043804.645521017,/novatel/oem7/fix,/novatel/oem7/fix,/novatel/oem7/inspva,39.663,-75.756,-1.801229945,0.001511571,-0.001031829,0.001429276,0.000491953,-0.001031829,,0,
1786043804648389776,1786043804.646122217,/novatel/oem7/odom,/novatel/oem7/fix,/novatel/oem7/odom,39.663,-75.756,-1.801229945,0.001515467,-0.001026098,0.000564681,0.001406335,-0.001026098,,,
1786043804657004183,1786043804.656294516,/novatel/oem7/odom,/novatel/oem7/fix,/novatel/oem7/odom,39.663,-75.756,-1.801229945,0.001515467,-0.001026098,0.000564681,0.001406335,-0.001026098,,,
1786043804665609910,1786043804.665022941,/novatel/oem7/inspva,/novatel/oem7/inspva,/novatel/oem7/inspva,39.663,-75.756,-1.801241467,0.000962707,-0.000642243,0.000959138,0.000082814,-0.000642243,,novatel_oem7_msgs.msg.InertialSolutionStatus(status=3),
1786043804667611570,1786043804.665229856,/novatel/oem7/fix,/novatel/oem7/fix,/novatel/oem7/inspva,39.663,-75.756,-1.801241467,0.000962707,-0.000642243,0.000959138,0.000082814,-0.000642243,,0,
1786043804668859900,1786043804.665633817,/novatel/oem7/odom,/novatel/oem7/fix,/novatel/oem7/odom,39.663,-75.756,-1.801241467,0.000964659,-0.000639307,0.000131718,0.000955624,-0.000639307,,,
1786043804675103010,1786043804.674429959,/novatel/oem7/odom,/novatel/oem7/fix,/novatel/oem7/odom,39.663,-75.756,-1.801241467,0.000964659,-0.000639307,0.000131718,0.000955624,-0.000639307,,,
1786043804687064190,1786043804.686520918,/novatel/oem7/inspva,/novatel/oem7/inspva,/novatel/oem7/inspva,39.663,-75.756,-1.801253326,0.001344553,-0.000338842,0.001150929,0.000695115,-0.000338842,,novatel_oem7_msgs.msg.InertialSolutionStatus(status=3),
1786043804688642749,1786043804.686716847,/novatel/oem7/fix,/novatel/oem7/fix,/novatel/oem7/inspva,39.663,-75.756,-1.801253326,0.001344553,-0.000338842,0.001150929,0.000695115,-0.000338842,,0,
1786043804689795704,1786043804.687133551,/novatel/oem7/odom,/novatel/oem7/fix,/novatel/oem7/odom,39.663,-75.756,-1.801253326,0.001345977,-0.000333141,0.000751467,0.001116670,-0.000333141,,,
1786043804695338047,1786043804.694611949,/novatel/oem7/odom,/novatel/oem7/fix,/novatel/oem7/odom,39.663,-75.756,-1.801253326,0.001345977,-0.000333141,0.000751467,0.001116670,-0.000333141,,,
1786043804706226734,1786043804.705675628,/novatel/oem7/inspva,/novatel/oem7/inspva,/novatel/oem7/inspva,39.663,-75.756,-1.801268285,0.001102984,-0.000331663,0.001065657,0.000284516,-0.000331663,,novatel_oem7_msgs.msg.InertialSolutionStatus(status=3),
1786043804707662094,1786043804.705883340,/novatel/oem7/fix,/novatel/oem7/fix,/novatel/oem7/inspva,39.663,-75.756,-1.801268285,0.001102984,-0.000331663,0.001065657,0.000284516,-0.000331663,,0,
1786043804708782113,1786043804.706351365,/novatel/oem7/odom,/novatel/oem7/fix,/novatel/oem7/odom,39.663,-75.756,-1.801268285,0.001104167,-0.000327705,0.000337179,0.001051425,-0.000327705,,,
1786043804710392196,1786043804.709031002,/novatel/oem7/bestpos,/novatel/oem7/bestpos,/novatel/oem7/odom,39.663,-75.756,33.181153705,0.001104167,-0.000327705,0.000337179,0.001051425,-0.000327705,,novatel_oem7_msgs.msg.SolutionStatus(status=0),novatel_oem7_msgs.msg.PositionOrVelocityType(type=53)
1786043804711367726,1786043804.709572274,/novatel/oem7/bestvel,/novatel/oem7/bestpos,/novatel/oem7/bestvel,39.663,-75.756,33.181153705,0.000888941,-0.000231661,,,,26.188373599,novatel_oem7_msgs.msg.SolutionStatus(status=0),novatel_oem7_msgs.msg.PositionOrVelocityType(type=53)
1786043804716205457,1786043804.715525771,/novatel/oem7/odom,/novatel/oem7/bestpos,/novatel/oem7/odom,39.663,-75.756,33.181153705,0.001104167,-0.000327705,0.000337179,0.001051425,-0.000327705,,,
1786043804725794477,1786043804.725206711,/novatel/oem7/inspva,/novatel/oem7/inspva,/novatel/oem7/inspva,39.663,-75.756,-1.801288036,0.001193675,-0.000950814,0.001016189,0.000626274,-0.000950814,,novatel_oem7_msgs.msg.InertialSolutionStatus(status=3),
1786043804727194711,1786043804.725407870,/novatel/oem7/fix,/novatel/oem7/fix,/novatel/oem7/inspva,39.663,-75.756,-1.801288036,0.001193675,-0.000950814,0.001016189,0.000626274,-0.000950814,,0,
1786043804728489278,1786043804.725951076,/novatel/oem7/odom,/novatel/oem7/fix,/novatel/oem7/odom,39.663,-75.756,-1.801288036,0.001197705,-0.000945733,0.000678461,0.000987009,-0.000945733,,,
1786043804735519969,1786043804.734816948,/novatel/oem7/odom,/novatel/oem7/fix,/novatel/oem7/odom,39.663,-75.756,-1.801288036,0.001197705,-0.000945733,0.000678461,0.000987009,-0.000945733,,,
1786043804746572597,1786043804.745994875,/novatel/oem7/inspva,/novatel/oem7/inspva,/novatel/oem7/inspva,39.663,-75.756,-1.801303975,0.000999327,-0.000735752,0.000893649,0.000447266,-0.000735752,,novatel_oem7_msgs.msg.InertialSolutionStatus(status=3),
1786043804748021782,1786043804.746207457,/novatel/oem7/fix,/novatel/oem7/fix,/novatel/oem7/inspva,39.663,-75.756,-1.801303975,0.000999327,-0.000735752,0.000893649,0.000447266,-0.000735752,,0,
1786043804749167607,1786043804.746627104,/novatel/oem7/odom,/novatel/oem7/fix,/novatel/oem7/odom,39.663,-75.756,-1.801303975,0.001002321,-0.000731667,0.000492917,0.000872743,-0.000731667,,,
1786043804756584988,1786043804.755868481,/novatel/oem7/odom,/novatel/oem7/fix,/novatel/oem7/odom,39.663,-75.756,-1.801303975,0.001002321,-0.000731667,0.000492917,0.000872743,-0.000731667,,,
1786043804766101961,1786043804.765238149,/novatel/oem7/inspva,/novatel/oem7/inspva,/novatel/oem7/inspva,39.663,-75.756,-1.801321236,0.000951464,-0.000685421,0.000818948,0.000484364,-0.000685421,,novatel_oem7_msgs.msg.InertialSolutionStatus(status=3),
1786043804767524888,1786043804.765542785,/novatel/oem7/fix,/novatel/oem7/fix,/novatel/oem7/inspva,39.663,-75.756,-1.801321236,0.000951464,-0.000685421,0.000818948,0.000484364,-0.000685421,,0,
1786043804768627539,1786043804.766100554,/novatel/oem7/odom,/novatel/oem7/fix,/novatel/oem7/odom,39.663,-75.756,-1.801321236,0.000954349,-0.000681398,0.000526145,0.000796213,-0.000681398,,,
1786043804776115982,1786043804.775445875,/novatel/oem7/odom,/novatel/oem7/fix,/novatel/oem7/odom,39.663,-75.756,-1.801321236,0.000954349,-0.000681398,0.000526145,0.000796213,-0.000681398,,,
1786043804785571104,1786043804.785011219,/novatel/oem7/inspva,/novatel/oem7/inspva,/novatel/oem7/inspva,39.663,-75.756,-1.801338964,0.000952756,-0.000703826,0.000787896,0.000535690,-0.000703826,,novatel_oem7_msgs.msg.InertialSolutionStatus(status=3),
1786043804786953411,1786043804.785200564,/novatel/oem7/fix,/novatel/oem7/fix,/novatel/oem7/inspva,39.663,-75.756,-1.801338964,0.000952756,-0.000703826,0.000787896,0.000535690,-0.000703826,,0,
1786043804788034139,1786043804.785705926,/novatel/oem7/odom,/novatel/oem7/fix,/novatel/oem7/odom,39.663,-75.756,-1.801338964,0.000955784,-0.000699708,0.000575974,0.000762743,-0.000699708,,,
1786043804794953785,1786043804.794291002,/novatel/oem7/odom,/novatel/oem7/fix,/novatel/oem7/odom,39.663,-75.756,-1.801338964,0.000955784,-0.000699708,0.000575974,0.000762743,-0.000699708,,,
1786043804806347367,1786043804.805778744,/novatel/oem7/inspva,/novatel/oem7/inspva,/novatel/oem7/inspva,39.663,-75.756,-1.801356738,0.001007969,-0.000812955,0.000861248,0.000523693,-0.000812955,,novatel_oem7_msgs.msg.InertialSolutionStatus(status=3),
1786043804807720594,1786043804.805949526,/novatel/oem7/fix,/novatel/oem7/fix,/novatel/oem7/inspva,39.663,-75.756,-1.801356738,0.001007969,-0.000812955,0.000861248,0.000523693,-0.000812955,,0,
1786043804808789985,1786043804.806687181,/novatel/oem7/odom,/novatel/oem7/fix,/novatel/oem7/odom,39.663,-75.756,-1.801356738,0.001011410,-0.000808670,0.000567962,0.000836881,-0.000808670,,,
1786043804810773192,1786043804.810133572,/novatel/oem7/bestpos,/novatel/oem7/bestpos,/novatel/oem7/odom,39.663,-75.756,33.181057102,0.001011410,-0.000808670,0.000567962,0.000836881,-0.000808670,,novatel_oem7_msgs.msg.SolutionStatus(status=0),novatel_oem7_msgs.msg.PositionOrVelocityType(type=53)
1786043804812179879,1786043804.810585887,/novatel/oem7/bestvel,/novatel/oem7/bestpos,/novatel/oem7/bestvel,39.663,-75.756,33.181057102,0.001183170,-0.000946773,,,,31.328298046,novatel_oem7_msgs.msg.SolutionStatus(status=0),novatel_oem7_msgs.msg.PositionOrVelocityType(type=53)
1786043804815434602,1786043804.814610597,/novatel/oem7/odom,/novatel/oem7/bestpos,/novatel/oem7/odom,39.663,-75.756,33.181057102,0.001011410,-0.000808670,0.000567962,0.000836881,-0.000808670,,,
1786043804825496450,1786043804.824890764,/novatel/oem7/inspva,/novatel/oem7/inspva,/novatel/oem7/inspva,39.663,-75.756,-1.801375055,0.001136159,-0.000719465,0.000908333,0.000682486,-0.000719465,,novatel_oem7_msgs.msg.InertialSolutionStatus(status=3),
1786043804826992782,1786043804.825056699,/novatel/oem7/fix,/novatel/oem7/fix,/novatel/oem7/inspva,39.663,-75.756,-1.801375055,0.001136159,-0.000719465,0.000908333,0.000682486,-0.000719465,,0,
1786043804828144674,1786043804.825396790,/novatel/oem7/odom,/novatel/oem7/fix,/novatel/oem7/odom,39.663,-75.756,-1.801375055,0.001139298,-0.000714484,0.000728492,0.000875957,-0.000714484,,,
1786043804836059720,1786043804.835332546,/novatel/oem7/odom,/novatel/oem7/fix,/novatel/oem7/odom,39.663,-75.756,-1.801375055,0.001139298,-0.000714484,0.000728492,0.000875957,-0.000714484,,,
1786043804845808268,1786043804.845222116,/novatel/oem7/inspva,/novatel/oem7/inspva,/novatel/oem7/inspva,39.663,-75.756,-1.801396620,0.000942491,-0.001105159,0.000557457,0.000759955,-0.001105159,,novatel_oem7_msgs.msg.InertialSolutionStatus(status=3),
1786043804847241653,1786043804.845395491,/novatel/oem7/fix,/novatel/oem7/fix,/novatel/oem7/inspva,39.663,-75.756,-1.801396620,0.000942491,-0.001105159,0.000557457,0.000759955,-0.001105159,,0,
1786043804848460719,1786043804.845962391,/novatel/oem7/odom,/novatel/oem7/fix,/novatel/oem7/odom,39.663,-75.756,-1.801396620,0.000947528,-0.001100844,0.000790308,0.000522707,-0.001100844,,,
1786043804856955098,1786043804.856264808,/novatel/oem7/odom,/novatel/oem7/fix,/novatel/oem7/odom,39.663,-75.756,-1.801396620,0.000947528,-0.001100844,0.000790308,0.000522707,-0.001100844,,,
1786043804866542731,1786043804.865970176,/novatel/oem7/inspva,/novatel/oem7/inspva,/novatel/oem7/inspva,39.663,-75.756,-1.801416890,0.001067094,-0.001113461,0.000708284,0.000798138,-0.001113461,,novatel_oem7_msgs.msg.InertialSolutionStatus(status=3),
1786043804868021223,1786043804.866126733,/novatel/oem7/fix,/novatel/oem7/fix,/novatel/oem7/inspva,39.663,-75.756,-1.801416890,0.001067094,-0.001113461,0.000708284,0.000798138,-0.001113461,,0,
1786043804869543068,1786043804.866569178,/novatel/oem7/odom,/novatel/oem7/fix,/novatel/oem7/odom,39.663,-75.756,-1.801416890,0.001072158,-0.001108586,0.000835801,0.000671535,-0.001108586,,,
1786043804875509132,1786043804.874771044,/novatel/oem7/odom,/novatel/oem7/fix,/novatel/oem7/odom,39.663,-75.756,-1.801416890,0.001072158,-0.001108586,0.000835801,0.000671535,-0.001108586,,,
1786043804885886156,1786043804.885300537,/novatel/oem7/inspva,/novatel/oem7/inspva,/novatel/oem7/inspva,39.663,-75.756,-1.801438885,0.000820939,-0.001079783,0.000316380,0.000757525,-0.001079783,,novatel_oem7_msgs.msg.InertialSolutionStatus(status=3),
1786043804887413202,1786043804.885486226,/novatel/oem7/fix,/novatel/oem7/fix,/novatel/oem7/inspva,39.663,-75.756,-1.801438885,0.000820939,-0.001079783,0.000316380,0.000757525,-0.001079783,,0,
1786043804888609890,1786043804.886083308,/novatel/oem7/odom,/novatel/oem7/fix,/novatel/oem7/odom,39.663,-75.756,-1.801438885,0.000825708,-0.001076140,0.000776067,0.000281980,-0.001076140,,,
1786043804896239374,1786043804.895511140,/novatel/oem7/odom,/novatel/oem7/fix,/novatel/oem7/odom,39.663,-75.756,-1.801438885,0.000825708,-0.001076140,0.000776067,0.000281980,-0.001076140,,,
1786043804906559415,1786043804.905979939,/novatel/oem7/inspva,/novatel/oem7/inspva,/novatel/oem7/inspva,39.663,-75.756,-1.801462321,0.001108119,-0.001025613,0.000781369,0.000785742,-0.001025613,,novatel_oem7_msgs.msg.InertialSolutionStatus(status=3),
1786043804908004986,1786043804.906132431,/novatel/oem7/fix,/novatel/oem7/fix,/novatel/oem7/inspva,39.663,-75.756,-1.801462321,0.001108119,-0.001025613,0.000781369,0.000785742,-0.001025613,,0,
1786043804909155578,1786043804.906513178,/novatel/oem7/odom,/novatel/oem7/fix,/novatel/oem7/odom,39.663,-75.756,-1.801462321,0.001112746,-0.001020592,0.000826632,0.000744904,-0.001020592,,,
1786043804910801964,1786043804.909477761,/novatel/oem7/bestpos,/novatel/oem7/bestpos,/novatel/oem7/odom,39.663,-75.756,33.180953543,0.001112746,-0.001020592,0.000826632,0.000744904,-0.001020592,,novatel_oem7_msgs.msg.SolutionStatus(status=0),novatel_oem7_msgs.msg.PositionOrVelocityType(type=53)
1786043804912382390,1786043804.910273266,/novatel/oem7/bestvel,/novatel/oem7/bestpos,/novatel/oem7/bestvel,39.663,-75.756,33.180953543,0.001029547,-0.000958757,,,,49.478181756,novatel_oem7_msgs.msg.SolutionStatus(status=0),novatel_oem7_msgs.msg.PositionOrVelocityType(type=53)
1786043804915237713,1786043804.914532198,/novatel/oem7/odom,/novatel/oem7/bestpos,/novatel/oem7/odom,39.663,-75.756,33.180953543,0.001112746,-0.001020592,0.000826632,0.000744904,-0.001020592,,,
1786043804927266077,1786043804.926693315,/novatel/oem7/inspva,/novatel/oem7/inspva,/novatel/oem7/inspva,39.663,-75.756,-1.801491757,0.000800388,-0.001590022,0.000616412,0.000510546,-0.001590022,,novatel_oem7_msgs.msg.InertialSolutionStatus(status=3),
1786043804928759272,1786043804.926833150,/novatel/oem7/fix,/novatel/oem7/fix,/novatel/oem7/inspva,39.663,-75.756,-1.801491757,0.000800388,-0.001590022,0.000616412,0.000510546,-0.001590022,,0,
1786043804929925171,1786043804.927299591,/novatel/oem7/odom,/novatel/oem7/fix,/novatel/oem7/odom,39.663,-75.756,-1.801491757,0.000807445,-0.001586450,0.000545890,0.000594955,-0.001586450,,,
1786043804936227308,1786043804.935537588,/novatel/oem7/odom,/novatel/oem7/fix,/novatel/oem7/odom,39.663,-75.756,-1.801491757,0.000807445,-0.001586450,0.000545890,0.000594955,-0.001586450,,,
1786043804945716527,1786043804.945129414,/novatel/oem7/inspva,/novatel/oem7/inspva,/novatel/oem7/inspva,39.663,-75.756,-1.801516512,0.001236298,-0.001497215,0.000807617,0.000936049,-0.001497215,,novatel_oem7_msgs.msg.InertialSolutionStatus(status=3),
1786043804947202612,1786043804.945308952,/novatel/oem7/fix,/novatel/oem7/fix,/novatel/oem7/inspva,39.663,-75.756,-1.801516512,0.001236298,-0.001497215,0.000807617,0.000936049,-0.001497215,,0,
1786043804948404458,1786043804.945703446,/novatel/oem7/odom,/novatel/oem7/fix,/novatel/oem7/odom,39.663,-75.756,-1.801516512,0.001243118,-0.001491558,0.000979828,0.000765036,-0.001491558,,,
1786043804956286833,1786043804.955624243,/novatel/oem7/odom,/novatel/oem7/fix,/novatel/oem7/odom,39.663,-75.756,-1.801516512,0.001243118,-0.001491558,0.000979828,0.000765036,-0.001491558,,,
1786043804965875447,1786043804.965325331,/novatel/oem7/inspva,/novatel/oem7/inspva,/novatel/oem7/inspva,39.663,-75.756,-1.801541668,0.000905271,-0.001146046,0.000318876,0.000847251,-0.001146046,,novatel_oem7_msgs.msg.InertialSolutionStatus(status=3),
1786043804967342172,1786043804.965428684,/novatel/oem7/fix,/novatel/oem7/fix,/novatel/oem7/inspva,39.663,-75.756,-1.801541668,0.000905271,-0.001146046,0.000318876,0.000847251,-0.001146046,,0,
1786043804968532684,1786043804.966083622,/novatel/oem7/odom,/novatel/oem7/fix,/novatel/oem7/odom,39.663,-75.756,-1.801541668,0.000910317,-0.001142042,0.000866092,0.000280290,-0.001142042,,,
1786043804975305765,1786043804.974585350,/novatel/oem7/odom,/novatel/oem7/fix,/novatel/oem7/odom,39.663,-75.756,-1.801541668,0.000910317,-0.001142042,0.000866092,0.000280290,-0.001142042,,,
1786043804986535915,1786043804.985962290,/novatel/oem7/inspva,/novatel/oem7/inspva,/novatel/oem7/inspva,39.663,-75.756,-1.801570835,0.001182587,-0.001401836,0.000688514,0.000961488,-0.001401836,,novatel_oem7_msgs.msg.InertialSolutionStatus(status=3),
1786043804988000353,1786043804.986117618,/novatel/oem7/fix,/novatel/oem7/fix,/novatel/oem7/inspva,39.663,-75.756,-1.801570835,0.001182587,-0.001401836,0.000688514,0.000961488,-0.001401836,,0,
1786043804989117615,1786043804.986396487,/novatel/oem7/odom,/novatel/oem7/fix,/novatel/oem7/odom,39.663,-75.756,-1.801570835,0.001188979,-0.001396418,0.000999086,0.000644591,-0.001396418,,,
1786043804996110869,1786043804.995448145,/novatel/oem7/odom,/novatel/oem7/fix,/novatel/oem7/odom,39.663,-75.756,-1.801570835,0.001188979,-0.001396418,0.000999086,0.000644591,-0.001396418,,,
1786043805010555411,1786043805.009973219,/novatel/oem7/inspva,/novatel/oem7/inspva,/novatel/oem7/inspva,39.663,-75.756,-1.801596928,0.000993152,-0.001288845,0.000222304,0.000967952,-0.001288845,,novatel_oem7_msgs.msg.InertialSolutionStatus(status=3),
1786043805011996489,1786043805.010132287,/novatel/oem7/fix,/novatel/oem7/fix,/novatel/oem7/inspva,39.663,-75.756,-1.801596928,0.000993152,-0.001288845,0.000222304,0.000967952,-0.001288845,,0,
1786043805013203065,1786043805.011232144,/novatel/oem7/odom,/novatel/oem7/fix,/novatel/oem7/odom,39.663,-75.756,-1.801596928,0.000998523,-0.001284688,0.000982469,0.000178334,-0.001284688,,,
1786043805017248912,1786043805.016515235,/novatel/oem7/odom,/novatel/oem7/fix,/novatel/oem7/odom,39.663,-75.756,-1.801596928,0.000998523,-0.001284688,0.000982469,0.000178334,-0.001284688,,,
1786043805024195492,1786043805.023622703,/novatel/oem7/bestpos,/novatel/oem7/bestpos,/novatel/oem7/odom,39.663,-75.756,33.180817562,0.000998523,-0.001284688,0.000982469,0.000178334,-0.001284688,,novatel_oem7_msgs.msg.SolutionStatus(status=0),novatel_oem7_msgs.msg.PositionOrVelocityType(type=53)
1786043805025845352,1786043805.024849358,/novatel/oem7/bestvel,/novatel/oem7/bestpos,/novatel/oem7/bestvel,39.663,-75.756,33.180817562,0.000677269,-0.001088184,,,,77.271571323,novatel_oem7_msgs.msg.SolutionStatus(status=0),novatel_oem7_msgs.msg.PositionOrVelocityType(type=53)
1786043805027352144,1786043805.026405772,/novatel/oem7/inspva,/novatel/oem7/inspva,/novatel/oem7/inspva,39.663,-75.756,-1.801626142,0.001294732,-0.001578135,0.000551909,0.001171208,-0.001578135,,novatel_oem7_msgs.msg.InertialSolutionStatus(status=3),
1786043805028243626,1786043805.026479930,/novatel/oem7/fix,/novatel/oem7/fix,/novatel/oem7/inspva,39.663,-75.756,-1.801626142,0.001294732,-0.001578135,0.000551909,0.001171208,-0.001578135,,0,
1786043805029890393,1786043805.026908920,/novatel/oem7/odom,/novatel/oem7/fix,/novatel/oem7/odom,39.663,-75.756,-1.801626142,0.001301765,-0.001572339,0.001202565,0.000498426,-0.001572339,,,
1786043805035103362,1786043805.034411545,/novatel/oem7/odom,/novatel/oem7/fix,/novatel/oem7/odom,39.663,-75.756,-1.801626142,0.001301765,-0.001572339,0.001202565,0.000498426,-0.001572339,,,
1786043805047413577,1786043805.046868074,/novatel/oem7/inspva,/novatel/oem7/inspva,/novatel/oem7/inspva,39.663,-75.756,-1.801629107,0.000831374,-0.001390171,0.000590960,0.000584764,-0.001390171,,novatel_oem7_msgs.msg.InertialSolutionStatus(status=3),
1786043805048831694,1786043805.047026143,/novatel/oem7/fix,/novatel/oem7/fix,/novatel/oem7/inspva,39.663,-75.756,-1.801629107,0.000831374,-0.001390171,0.000590960,0.000584764,-0.001390171,,0,
1786043805049960688,1786043805.047379846,/novatel/oem7/odom,/novatel/oem7/fix,/novatel/oem7/odom,39.663,-75.756,-1.801629107,0.000837632,-0.001386409,0.000618015,0.000565408,-0.001386409,,,
1786043805057013330,1786043805.056323483,/novatel/oem7/odom,/novatel/oem7/fix,/novatel/oem7/odom,39.663,-75.756,-1.801629107,0.000837632,-0.001386409,0.000618015,0.000565408,-0.001386409,,,
1786043805065606463,1786043805.065030017,/novatel/oem7/inspva,/novatel/oem7/inspva,/novatel/oem7/inspva,39.663,-75.756,-1.801627288,0.001387456,-0.001624985,0.000788603,0.001141552,-0.001624985,,novatel_oem7_msgs.msg.InertialSolutionStatus(status=3),
1786043805067044821,1786043805.065196282,/novatel/oem7/fix,/novatel/oem7/fix,/novatel/oem7/inspva,39.663,-75.756,-1.801627288,0.001387456,-0.001624985,0.000788603,0.001141552,-0.001624985,,0,
1786043805068265043,1786043805.065542976,/novatel/oem7/odom,/novatel/oem7/fix,/novatel/oem7/odom,39.663,-75.756,-1.801627288,0.001394841,-0.001618650,0.001184616,0.000736387,-0.001618650,,,
1786043805076375172,1786043805.075713833,/novatel/oem7/odom,/novatel/oem7/fix,/novatel/oem7/odom,39.663,-75.756,-1.801627288,0.001394841,-0.001618650,0.001184616,0.000736387,-0.001618650,,,
1786043805086392140,1786043805.085876185,/novatel/oem7/inspva,/novatel/oem7/inspva,/novatel/oem7/inspva,39.663,-75.756,-1.801621377,0.000901059,-0.000841518,0.000410154,0.000802298,-0.000841518,,novatel_oem7_msgs.msg.InertialSolutionStatus(status=3),
1786043805087850101,1786043805.086033593,/novatel/oem7/fix,/novatel/oem7/fix,/novatel/oem7/inspva,39.663,-75.756,-1.801621377,0.000901059,-0.000841518,0.000410154,0.000802298,-0.000841518,,0,
1786043805088969379,1786043805.086555175,/novatel/oem7/odom,/novatel/oem7/fix,/novatel/oem7/odom,39.663,-75.756,-1.801621377,0.000904834,-0.000837458,0.000824445,0.000372848,-0.000837458,,,
1786043805095410161,1786043805.094693574,/novatel/oem7/odom,/novatel/oem7/fix,/novatel/oem7/odom,39.663,-75.756,-1.801621377,0.000904834,-0.000837458,0.000824445,0.000372848,-0.000837458,,,
1786043805106307857,1786043805.105766059,/novatel/oem7/inspva,/novatel/oem7/inspva,/novatel/oem7/inspva,39.663,-75.756,-1.801620443,0.001083867,-0.001116852,0.000391786,0.001010580,-0.001116852,,novatel_oem7_msgs.msg.InertialSolutionStatus(status=3),
1786043805107788676,1786043805.105927577,/novatel/oem7/fix,/novatel/oem7/fix,/novatel/oem7/inspva,39.663,-75.756,-1.801620443,0.001083867,-0.001116852,0.000391786,0.001010580,-0.001116852,,0,
1786043805108928904,1786043805.106370448,/novatel/oem7/odom,/novatel/oem7/fix,/novatel/oem7/odom,39.663,-75.756,-1.801620443,0.001088755,-0.001112088,0.001032618,0.000345091,-0.001112088,,,
1786043805110578337,1786043805.109097879,/novatel/oem7/bestpos,/novatel/oem7/bestpos,/novatel/oem7/odom,39.663,-75.756,33.180812077,0.001088755,-0.001112088,0.001032618,0.000345091,-0.001112088,,novatel_oem7_msgs.msg.SolutionStatus(status=0),novatel_oem7_msgs.msg.PositionOrVelocityType(type=53)
1786043805111575250,1786043805.109464869,/novatel/oem7/bestvel,/novatel/oem7/bestpos,/novatel/oem7/bestvel,39.663,-75.756,33.180812077,0.000712713,-0.000906870,,,,55.049649649,novatel_oem7_msgs.msg.SolutionStatus(status=0),novatel_oem7_msgs.msg.PositionOrVelocityType(type=53)
1786043805115559711,1786043805.114833877,/novatel/oem7/odom,/novatel/oem7/bestpos,/novatel/oem7/odom,39.663,-75.756,33.180812077,0.001088755,-0.001112088,0.001032618,0.000345091,-0.001112088,,,
1786043805125891452,1786043805.125310243,/novatel/oem7/inspva,/novatel/oem7/inspva,/novatel/oem7/inspva,39.663,-75.756,-1.801625918,0.000915702,-0.001710404,0.000419853,0.000813777,-0.001710404,,novatel_oem7_msgs.msg.InertialSolutionStatus(status=3),
1786043805127614729,1786043805.125499888,/novatel/oem7/fix,/novatel/oem7/fix,/novatel/oem7/inspva,39.663,-75.756,-1.801625918,0.000915702,-0.001710404,0.000419853,0.000813777,-0.001710404,,0,
1786043805128913395,1786043805.126060860,/novatel/oem7/odom,/novatel/oem7/fix,/novatel/oem7/odom,39.663,-75.756,-1.801625918,0.000923382,-0.001706270,0.000839665,0.000384182,-0.001706270,,,
1786043805136205129,1786043805.135464648,/novatel/oem7/odom,/novatel/oem7/fix,/novatel/oem7/odom,39.663,-75.756,-1.801625918,0.000923382,-0.001706270,0.000839665,0.000384182,-0.001706270,,,
1786043805146492117,1786043805.145891910,/novatel/oem7/inspva,/novatel/oem7/inspva,/novatel/oem7/inspva,39.663,-75.756,-1.801619955,0.001034626,-0.001399676,0.000518538,0.000895304,-0.001399676,,novatel_oem7_msgs.msg.InertialSolutionStatus(status=3),
1786043805147996318,1786043805.146070685,/novatel/oem7/fix,/novatel/oem7/fix,/novatel/oem7/inspva,39.663,-75.756,-1.801619955,0.001034626,-0.001399676,0.000518538,0.000895304,-0.001399676,,0,
1786043805149153603,1786043805.146479163,/novatel/oem7/odom,/novatel/oem7/fix,/novatel/oem7/odom,39.663,-75.756,-1.801619955,0.001040935,-0.001394991,0.000924697,0.000477998,-0.001394991,,,
1786043805156365382,1786043805.155667979,/novatel/oem7/odom,/novatel/oem7/fix,/novatel/oem7/odom,39.663,-75.756,-1.801619955,0.001040935,-0.001394991,0.000924697,0.000477998,-0.001394991,,,
1786043805165460498,1786043805.164927786,/novatel/oem7/inspva,/novatel/oem7/inspva,/novatel/oem7/inspva,39.663,-75.756,-1.801620272,0.000710415,-0.001281178,0.000542112,0.000459135,-0.001281178,,novatel_oem7_msgs.msg.InertialSolutionStatus(status=3),
1786043805166888152,1786043805.165016508,/novatel/oem7/fix,/novatel/oem7/fix,/novatel/oem7/inspva,39.663,-75.756,-1.801620272,0.000710415,-0.001281178,0.000542112,0.000459135,-0.001281178,,0,
1786043805168041734,1786043805.165400847,/novatel/oem7/odom,/novatel/oem7/fix,/novatel/oem7/odom,39.663,-75.756,-1.801620272,0.000716109,-0.001278004,0.000489774,0.000522430,-0.001278004,,,
1786043805175979810,1786043805.175294157,/novatel/oem7/odom,/novatel/oem7/fix,/novatel/oem7/odom,39.663,-75.756,-1.801620272,0.000716109,-0.001278004,0.000489774,0.000522430,-0.001278004,,,
1786043805185342769,1786043805.184845844,/novatel/oem7/inspva,/novatel/oem7/inspva,/novatel/oem7/inspva,39.663,-75.756,-1.801617990,0.000639286,-0.001221998,0.000361431,0.000527309,-0.001221998,,novatel_oem7_msgs.msg.InertialSolutionStatus(status=3),
1786043805186746593,1786043805.184933813,/novatel/oem7/fix,/novatel/oem7/fix,/novatel/oem7/inspva,39.663,-75.756,-1.801617990,0.000639286,-0.001221998,0.000361431,0.000527309,-0.001221998,,0,
1786043805187886251,1786043805.185434183,/novatel/oem7/odom,/novatel/oem7/fix,/novatel/oem7/odom,39.663,-75.756,-1.801617990,0.000644852,-0.001219070,0.000548863,0.000338502,-0.001219070,,,
1786043805195073983,1786043805.194372663,/novatel/oem7/odom,/novatel/oem7/fix,/novatel/oem7/odom,39.663,-75.756,-1.801617990,0.000644852,-0.001219070,0.000548863,0.000338502,-0.001219070,,,
1786043805206983763,1786043805.206380881,/novatel/oem7/inspva,/novatel/oem7/inspva,/novatel/oem7/inspva,39.663,-75.756,-1.801620644,0.000651906,-0.001347623,0.000331111,0.000561557,-0.001347623,,novatel_oem7_msgs.msg.InertialSolutionStatus(status=3),
1786043805208405851,1786043805.206532133,/novatel/oem7/fix,/novatel/oem7/fix,/novatel/oem7/inspva,39.663,-75.756,-1.801620644,0.000651906,-0.001347623,0.000331111,0.000561557,-0.001347623,,0,
1786043805209586107,1786043805.206841123,/novatel/oem7/odom,/novatel/oem7/fix,/novatel/oem7/odom,39.663,-75.756,-1.801620644,0.000658019,-0.001344648,0.000582081,0.000306872,-0.001344648,,,
1786043805211105305,1786043805.210022432,/novatel/oem7/bestpos,/novatel/oem7/bestpos,/novatel/oem7/odom,39.663,-75.756,33.180804037,0.000658019,-0.001344648,0.000582081,0.000306872,-0.001344648,,novatel_oem7_msgs.msg.SolutionStatus(status=0),novatel_oem7_msgs.msg.PositionOrVelocityType(type=53)
1786043805212120525,1786043805.210438218,/novatel/oem7/bestvel,/novatel/oem7/bestpos,/novatel/oem7/bestvel,39.663,-75.756,33.180804037,0.000840576,-0.001420368,,,,73.416228010,novatel_oem7_msgs.msg.SolutionStatus(status=0),novatel_oem7_msgs.msg.PositionOrVelocityType(type=53)
1786043805215177320,1786043805.214528291,/novatel/oem7/odom,/novatel/oem7/bestpos,/novatel/oem7/odom,39.663,-75.756,33.180804037,0.000658019,-0.001344648,0.000582081,0.000306872,-0.001344648,,,
1786043805225549957,1786043805.224995835,/novatel/oem7/inspva,/novatel/oem7/inspva,/novatel/oem7/inspva,39.663,-75.756,-1.801619045,0.000673179,-0.001223244,0.000219387,0.000636427,-0.001223244,,novatel_oem7_msgs.msg.InertialSolutionStatus(status=3),
1786043805227246325,1786043805.225150730,/novatel/oem7/fix,/novatel/oem7/fix,/novatel/oem7/inspva,39.663,-75.756,-1.801619045,0.000673179,-0.001223244,0.000219387,0.000636427,-0.001223244,,0,
1786043805228565265,1786043805.225518220,/novatel/oem7/odom,/novatel/oem7/fix,/novatel/oem7/odom,39.663,-75.756,-1.801619045,0.000678505,-0.001220298,0.000650971,0.000191325,-0.001220298,,,
1786043805235178582,1786043805.234435507,/novatel/oem7/odom,/novatel/oem7/fix,/novatel/oem7/odom,39.663,-75.756,-1.801619045,0.000678505,-0.001220298,0.000650971,0.000191325,-0.001220298,,,
1786043805245733854,1786043805.245201693,/novatel/oem7/inspva,/novatel/oem7/inspva,/novatel/oem7/inspva,39.663,-75.756,-1.801625897,0.000698705,-0.001425842,-0.000001319,0.000698703,-0.001425842,,novatel_oem7_msgs.msg.InertialSolutionStatus(status=3),
1786043805247236616,1786043805.245383558,/novatel/oem7/fix,/novatel/oem7/fix,/novatel/oem7/inspva,39.663,-75.756,-1.801625897,0.000698705,-0.001425842,-0.000001319,0.000698703,-0.001425842,,0,
1786043805248397318,1786043805.245788662,/novatel/oem7/odom,/novatel/oem7/fix,/novatel/oem7/odom,39.663,-75.756,-1.801625897,0.000703934,-0.001423268,0.000703222,-0.000031651,-0.001423268,,,
1786043805257059339,1786043805.256373802,/novatel/oem7/odom,/novatel/oem7/fix,/novatel/oem7/odom,39.663,-75.756,-1.801625897,0.000703934,-0.001423268,0.000703222,-0.000031651,-0.001423268,,,
1786043805266542531,1786043805.265946133,/novatel/oem7/inspva,/novatel/oem7/inspva,/novatel/oem7/inspva,39.663,-75.756,-1.801625671,0.000672531,-0.001402556,-0.000213496,0.000637744,-0.001402556,,novatel_oem7_msgs.msg.InertialSolutionStatus(status=3),
1786043805267983869,1786043805.266042327,/novatel/oem7/fix,/novatel/oem7/fix,/novatel/oem7/inspva,39.663,-75.756,-1.801625671,0.000672531,-0.001402556,-0.000213496,0.000637744,-0.001402556,,0,
1786043805269153605,1786043805.266444977,/novatel/oem7/odom,/novatel/oem7/fix,/novatel/oem7/odom,39.663,-75.756,-1.801625671,0.000676235,-0.001400774,0.000631957,-0.000240673,-0.001400774,,,
1786043805274950199,1786043805.274237306,/novatel/oem7/odom,/novatel/oem7/fix,/novatel/oem7/odom,39.663,-75.756,-1.801625671,0.000676235,-0.001400774,0.000631957,-0.000240673,-0.001400774,,,
1786043805285527483,1786043805.284964163,/novatel/oem7/inspva,/novatel/oem7/inspva,/novatel/oem7/inspva,39.663,-75.756,-1.801628483,0.000432339,-0.001185578,0.000069824,0.000426663,-0.001185578,,novatel_oem7_msgs.msg.InertialSolutionStatus(status=3),
1786043805286920630,1786043805.285059167,/novatel/oem7/fix,/novatel/oem7/fix,/novatel/oem7/inspva,39.663,-75.756,-1.801628483,0.000432339,-0.001185578,0.000069824,0.000426663,-0.001185578,,0,
1786043805288043011,1786043805.285399807,/novatel/oem7/odom,/novatel/oem7/fix,/novatel/oem7/odom,39.663,-75.756,-1.801628483,0.000437153,-0.001183811,0.000434047,0.000052023,-0.001183811,,,
1786043805296109837,1786043805.295414046,/novatel/oem7/odom,/novatel/oem7/fix,/novatel/oem7/odom,39.663,-75.756,-1.801628483,0.000437153,-0.001183811,0.000434047,0.000052023,-0.001183811,,,
1786043805306326400,1786043805.305758644,/novatel/oem7/inspva,/novatel/oem7/inspva,/novatel/oem7/inspva,39.663,-75.756,-1.801629672,0.000586698,-0.001012675,-0.000220174,0.000543818,-0.001012675,,novatel_oem7_msgs.msg.InertialSolutionStatus(status=3),
1786043805307833001,1786043805.305930529,/novatel/oem7/fix,/novatel/oem7/fix,/novatel/oem7/inspva,39.663,-75.756,-1.801629672,0.000586698,-0.001012675,-0.000220174,0.000543818,-0.001012675,,0,
1786043805308970979,1786043805.306307322,/novatel/oem7/odom,/novatel/oem7/fix,/novatel/oem7/odom,39.663,-75.756,-1.801629672,0.000589130,-0.001011262,0.000536330,-0.000243771,-0.001011262,,,
1786043805310571829,1786043805.309149628,/novatel/oem7/bestpos,/novatel/oem7/bestpos,/novatel/oem7/odom,39.663,-75.756,33.180794873,0.000589130,-0.001011262,0.000536330,-0.000243771,-0.001011262,,novatel_oem7_msgs.msg.SolutionStatus(status=0),novatel_oem7_msgs.msg.PositionOrVelocityType(type=53)
1786043805311631269,1786043805.309513615,/novatel/oem7/bestvel,/novatel/oem7/bestpos,/novatel/oem7/bestvel,39.663,-75.756,33.180794873,0.000664457,-0.001167854,,,,94.971860688,novatel_oem7_msgs.msg.SolutionStatus(status=0),novatel_oem7_msgs.msg.PositionOrVelocityType(type=53)
1786043805315075691,1786043805.314344191,/novatel/oem7/odom,/novatel/oem7/bestpos,/novatel/oem7/odom,39.663,-75.756,33.180794873,0.000589130,-0.001011262,0.000536330,-0.000243771,-0.001011262,,,
1786043805327352055,1786043805.326721036,/novatel/oem7/inspva,/novatel/oem7/inspva,/novatel/oem7/inspva,39.663,-75.756,-1.801635046,0.000624739,-0.001212860,-0.000095310,0.000617426,-0.001212860,,novatel_oem7_msgs.msg.InertialSolutionStatus(status=3),
1786043805328760892,1786043805.326909091,/novatel/oem7/fix,/novatel/oem7/fix,/novatel/oem7/inspva,39.663,-75.756,-1.801635046,0.000624739,-0.001212860,-0.000095310,0.000617426,-0.001212860,,0,
1786043805329923134,1786043805.327311005,/novatel/oem7/odom,/novatel/oem7/fix,/novatel/oem7/odom,39.663,-75.756,-1.801635046,0.000628654,-0.001210836,0.000616677,-0.000122131,-0.001210836,,,
1786043805335299458,1786043805.334608371,/novatel/oem7/odom,/novatel/oem7/fix,/novatel/oem7/odom,39.663,-75.756,-1.801635046,0.000628654,-0.001210836,0.000616677,-0.000122131,-0.001210836,,,
1786043805345780184,1786043805.345209565,/novatel/oem7/inspva,/novatel/oem7/inspva,/novatel/oem7/inspva,39.663,-75.756,-1.801633450,0.000776592,-0.001144669,-0.000409205,0.000660035,-0.001144669,,novatel_oem7_msgs.msg.InertialSolutionStatus(status=3),
1786043805347172342,1786043805.345383054,/novatel/oem7/fix,/novatel/oem7/fix,/novatel/oem7/inspva,39.663,-75.756,-1.801633450,0.000776592,-0.001144669,-0.000409205,0.000660035,-0.001144669,,0,
1786043805348316083,1786043805.345732576,/novatel/oem7/odom,/novatel/oem7/fix,/novatel/oem7/odom,39.663,-75.756,-1.801633450,0.000778546,-0.001143341,0.000643734,-0.000437882,-0.001143341,,,
1786043805356596320,1786043805.355895846,/novatel/oem7/odom,/novatel/oem7/fix,/novatel/oem7/odom,39.663,-75.756,-1.801633450,0.000778546,-0.001143341,0.000643734,-0.000437882,-0.001143341,,,
1786043805365929897,1786043805.365366632,/novatel/oem7/inspva,/novatel/oem7/inspva,/novatel/oem7/inspva,39.663,-75.756,-1.801635480,0.000757798,-0.000931998,-0.000313201,0.000690046,-0.000931998,,novatel_oem7_msgs.msg.InertialSolutionStatus(status=3),
1786043805367470350,1786043805.365556324,/novatel/oem7/fix,/novatel/oem7/fix,/novatel/oem7/inspva,39.663,-75.756,-1.801635480,0.000757798,-0.000931998,-0.000313201,0.000690046,-0.000931998,,0,
1786043805368589601,1786043805.366138078,/novatel/oem7/odom,/novatel/oem7/fix,/novatel/oem7/odom,39.663,-75.756,-1.801635480,0.000759871,-0.000930308,0.000677550,-0.000343991,-0.000930308,,,
1786043805375610139,1786043805.374867878,/novatel/oem7/odom,/novatel/oem7/fix,/novatel/oem7/odom,39.663,-75.756,-1.801635480,0.000759871,-0.000930308,0.000677550,-0.000343991,-0.000930308,,,
1786043805386703977,1786043805.386069394,/novatel/oem7/inspva,/novatel/oem7/inspva,/novatel/oem7/inspva,39.663,-75.756,-1.801639491,0.000832073,-0.001340726,-0.000438882,0.000706915,-0.001340726,,novatel_oem7_msgs.msg.InertialSolutionStatus(status=3),
1786043805388152599,1786043805.386265656,/novatel/oem7/fix,/novatel/oem7/fix,/novatel/oem7/inspva,39.663,-75.756,-1.801639491,0.000832073,-0.001340726,-0.000438882,0.000706915,-0.001340726,,0,
1786043805389275640,1786043805.386805412,/novatel/oem7/odom,/novatel/oem7/fix,/novatel/oem7/odom,39.663,-75.756,-1.801639491,0.000834352,-0.001339309,0.000689862,-0.000469291,-0.001339309,,,
1786043805394973528,1786043805.394272120,/novatel/oem7/odom,/novatel/oem7/fix,/novatel/oem7/odom,39.663,-75.756,-1.801639491,0.000834352,-0.001339309,0.000689862,-0.000469291,-0.001339309,,,
1786043805406837750,1786043805.406280847,/novatel/oem7/inspva,/novatel/oem7/inspva,/novatel/oem7/inspva,39.663,-75.756,-1.801643034,0.000576386,-0.001141985,-0.000127394,0.000562131,-0.001141985,,novatel_oem7_msgs.msg.InertialSolutionStatus(status=3),
1786043805408246345,1786043805.406374039,/novatel/oem7/fix,/novatel/oem7/fix,/novatel/oem7/inspva,39.663,-75.756,-1.801643034,0.000576386,-0.001141985,-0.000127394,0.000562131,-0.001141985,,0,
1786043805409392440,1786043805.406977429,/novatel/oem7/odom,/novatel/oem7/fix,/novatel/oem7/odom,39.663,-75.756,-1.801643034,0.000579818,-0.001140246,0.000559634,-0.000151655,-0.001140246,,,
1786043805410960616,1786043805.409873770,/novatel/oem7/bestpos,/novatel/oem7/bestpos,/novatel/oem7/odom,39.663,-75.756,33.180772401,0.000579818,-0.001140246,0.000559634,-0.000151655,-0.001140246,,novatel_oem7_msgs.msg.SolutionStatus(status=0),novatel_oem7_msgs.msg.PositionOrVelocityType(type=53)
1786043805412009789,1786043805.410270319,/novatel/oem7/bestvel,/novatel/oem7/bestpos,/novatel/oem7/bestvel,39.663,-75.756,33.180772401,0.001060323,-0.001285101,,,,105.736622995,novatel_oem7_msgs.msg.SolutionStatus(status=0),novatel_oem7_msgs.msg.PositionOrVelocityType(type=53)
1786043805416131084,1786043805.415412477,/novatel/oem7/odom,/novatel/oem7/bestpos,/novatel/oem7/odom,39.663,-75.756,33.180772401,0.000579818,-0.001140246,0.000559634,-0.000151655,-0.001140246,,,
1786043805425488049,1786043805.424897486,/novatel/oem7/inspva,/novatel/oem7/inspva,/novatel/oem7/inspva,39.663,-75.756,-1.801648389,0.000558071,-0.001256996,-0.000274316,0.000485998,-0.001256996,,novatel_oem7_msgs.msg.InertialSolutionStatus(status=3),
1786043805427210853,1786043805.425075668,/novatel/oem7/fix,/novatel/oem7/fix,/novatel/oem7/inspva,39.663,-75.756,-1.801648389,0.000558071,-0.001256996,-0.000274316,0.000485998,-0.001256996,,0,
1786043805428477286,1786043805.425469745,/novatel/oem7/odom,/novatel/oem7/fix,/novatel/oem7/odom,39.663,-75.756,-1.801648389,0.000560462,-0.001255932,0.000476912,-0.000294402,-0.001255932,,,
1786043805435105702,1786043805.434399572,/novatel/oem7/odom,/novatel/oem7/fix,/novatel/oem7/odom,39.663,-75.756,-1.801648389,0.000560462,-0.001255932,0.000476912,-0.000294402,-0.001255932,,,
1786043805447178534,1786043805.446566728,/novatel/oem7/inspva,/novatel/oem7/inspva,/novatel/oem7/inspva,39.663,-75.756,-1.801658478,0.000620210,-0.001407495,0.000026007,0.000619664,-0.001407495,,novatel_oem7_msgs.msg.InertialSolutionStatus(status=3),
1786043805448687393,1786043805.446734359,/novatel/oem7/fix,/novatel/oem7/fix,/novatel/oem7/inspva,39.663,-75.756,-1.801658478,0.000620210,-0.001407495,0.000026007,0.000619664,-0.001407495,,0,
1786043805449839968,1786043805.447015398,/novatel/oem7/odom,/novatel/oem7/fix,/novatel/oem7/odom,39.663,-75.756,-1.801658478,0.000625568,-0.001405121,0.000625568,-0.000000560,-0.001405121,,,
1786043805457259793,1786043805.456557126,/novatel/oem7/odom,/novatel/oem7/fix,/novatel/oem7/odom,39.663,-75.756,-1.801658478,0.000625568,-0.001405121,0.000625568,-0.000000560,-0.001405121,,,
1786043805465523013,1786043805.464891046,/novatel/oem7/inspva,/novatel/oem7/inspva,/novatel/oem7/inspva,39.663,-75.756,-1.801665811,0.000457723,-0.001490843,0.000029889,0.000456746,-0.001490843,,novatel_oem7_msgs.msg.InertialSolutionStatus(status=3),
1786043805466985081,1786043805.465071645,/novatel/oem7/fix,/novatel/oem7/fix,/novatel/oem7/inspva,39.663,-75.756,-1.801665811,0.000457723,-0.001490843,0.000029889,0.000456746,-0.001490843,,0,
1786043805468096222,1786043805.465581143,/novatel/oem7/odom,/novatel/oem7/fix,/novatel/oem7/odom,39.663,-75.756,-1.801665811,0.000463490,-0.001489061,0.000463349,0.000011441,-0.001489061,,,
1786043805475409589,1786043805.474741359,/novatel/oem7/odom,/novatel/oem7/fix,/novatel/oem7/odom,39.663,-75.756,-1.801665811,0.000463490,-0.001489061,0.000463349,0.000011441,-0.001489061,,,
1786043805485882028,1786043805.485318039,/novatel/oem7/inspva,/novatel/oem7/inspva,/novatel/oem7/inspva,39.663,-75.756,-1.801676224,0.000772834,-0.001468315,-0.000134147,0.000761102,-0.001468315,,novatel_oem7_msgs.msg.InertialSolutionStatus(status=3),
1786043805487320526,1786043805.485519021,/novatel/oem7/fix,/novatel/oem7/fix,/novatel/oem7/inspva,39.663,-75.756,-1.801676224,0.000772834,-0.001468315,-0.000134147,0.000761102,-0.001468315,,0,
1786043805488462051,1786043805.485979698,/novatel/oem7/odom,/novatel/oem7/fix,/novatel/oem7/odom,39.663,-75.756,-1.801676224,0.000777487,-0.001465857,0.000759287,-0.000167240,-0.001465857,,,
1786043805495251906,1786043805.494569039,/novatel/oem7/odom,/novatel/oem7/fix,/novatel/oem7/odom,39.663,-75.756,-1.801676224,0.000777487,-0.001465857,0.000759287,-0.000167240,-0.001465857,,,
1786043805506630254,1786043805.506044165,/novatel/oem7/inspva,/novatel/oem7/inspva,/novatel/oem7/inspva,39.663,-75.756,-1.801685828,0.000612234,-0.001573527,-0.000027585,0.000611612,-0.001573527,,novatel_oem7_msgs.msg.InertialSolutionStatus(status=3),
1786043805508173160,1786043805.506229777,/novatel/oem7/fix,/novatel/oem7/fix,/novatel/oem7/inspva,39.663,-75.756,-1.801685828,0.000612234,-0.001573527,-0.000027585,0.000611612,-0.001573527,,0,
1786043805509359465,1786043805.506650350,/novatel/oem7/odom,/novatel/oem7/fix,/novatel/oem7/odom,39.663,-75.756,-1.801685828,0.000617846,-0.001571331,0.000615546,-0.000053265,-0.001571331,,,
1786043805511853797,1786043805.511263979,/novatel/oem7/bestpos,/novatel/oem7/bestpos,/novatel/oem7/odom,39.663,-75.756,33.180729357,0.000617846,-0.001571331,0.000615546,-0.000053265,-0.001571331,,novatel_oem7_msgs.msg.SolutionStatus(status=0),novatel_oem7_msgs.msg.PositionOrVelocityType(type=53)
1786043805513453406,1786043805.512224119,/novatel/oem7/bestvel,/novatel/oem7/bestpos,/novatel/oem7/bestvel,39.663,-75.756,33.180729357,0.000683224,-0.001483648,,,,108.356318918,novatel_oem7_msgs.msg.SolutionStatus(status=0),novatel_oem7_msgs.msg.PositionOrVelocityType(type=53)
1786043805515138340,1786043805.514366136,/novatel/oem7/odom,/novatel/oem7/bestpos,/novatel/oem7/odom,39.663,-75.756,33.180729357,0.000617846,-0.001571331,0.000615546,-0.000053265,-0.001571331,,,
1786043805525814758,1786043805.525255746,/novatel/oem7/inspva,/novatel/oem7/inspva,/novatel/oem7/inspva,39.663,-75.756,-1.801697240,0.000853442,-0.001369591,0.000332739,0.000785906,-0.001369591,,novatel_oem7_msgs.msg.InertialSolutionStatus(status=3),
1786043805527236232,1786043805.525408371,/novatel/oem7/fix,/novatel/oem7/fix,/novatel/oem7/inspva,39.663,-75.756,-1.801697240,0.000853442,-0.001369591,0.000332739,0.000785906,-0.001369591,,0,
1786043805528325826,1786043805.525933909,/novatel/oem7/odom,/novatel/oem7/fix,/novatel/oem7/odom,39.663,-75.756,-1.801697240,0.000859544,-0.001365770,0.000806361,0.000297655,-0.001365770,,,
1786043805536252310,1786043805.535575482,/novatel/oem7/odom,/novatel/oem7/fix,/novatel/oem7/odom,39.663,-75.756,-1.801697240,0.000859544,-0.001365770,0.000806361,0.000297655,-0.001365770,,,
1786043805545631948,1786043805.545103648,/novatel/oem7/inspva,/novatel/oem7/inspva,/novatel/oem7/inspva,39.663,-75.756,-1.801707516,0.000666201,-0.001548091,0.000423542,0.000514234,-0.001548091,,novatel_oem7_msgs.msg.InertialSolutionStatus(status=3),
1786043805547065106,1786043805.545186748,/novatel/oem7/fix,/novatel/oem7/fix,/novatel/oem7/inspva,39.663,-75.756,-1.801707516,0.000666201,-0.001548091,0.000423542,0.000514234,-0.001548091,,0,
1786043805548219317,1786043805.545595558,/novatel/oem7/odom,/novatel/oem7/fix,/novatel/oem7/odom,39.663,-75.756,-1.801707516,0.000673276,-0.001545027,0.000540112,0.000401971,-0.001545027,,,
1786043805556265352,1786043805.555590198,/novatel/oem7/odom,/novatel/oem7/fix,/novatel/oem7/odom,39.663,-75.756,-1.801707516,0.000673276,-0.001545027,0.000540112,0.000401971,-0.001545027,,,
1786043805567131852,1786043805.566562627,/novatel/oem7/inspva,/novatel/oem7/inspva,/novatel/oem7/inspva,39.663,-75.756,-1.801719144,0.001070512,-0.001319928,0.000626401,0.000868112,-0.001319928,,novatel_oem7_msgs.msg.InertialSolutionStatus(status=3),
1786043805568591457,1786043805.566644093,/novatel/oem7/fix,/novatel/oem7/fix,/novatel/oem7/inspva,39.663,-75.756,-1.801719144,0.001070512,-0.001319928,0.000626401,0.000868112,-0.001319928,,0,
1786043805569765062,1786043805.567274406,/novatel/oem7/odom,/novatel/oem7/fix,/novatel/oem7/odom,39.663,-75.756,-1.801719144,0.001076542,-0.001315015,0.000902544,0.000586819,-0.001315015,,,
1786043805575187646,1786043805.574513740,/novatel/oem7/odom,/novatel/oem7/fix,/novatel/oem7/odom,39.663,-75.756,-1.801719144,0.001076542,-0.001315015,0.000902544,0.000586819,-0.001315015,,,
1786043805585520720,1786043805.584995480,/novatel/oem7/inspva,/novatel/oem7/inspva,/novatel/oem7/inspva,39.663,-75.756,-1.801729684,0.001026745,-0.001527565,0.000603997,0.000830297,-0.001527565,,novatel_oem7_msgs.msg.InertialSolutionStatus(status=3),
1786043805586883731,1786043805.585069955,/novatel/oem7/fix,/novatel/oem7/fix,/novatel/oem7/inspva,39.663,-75.756,-1.801729684,0.001026745,-0.001527565,0.000603997,0.000830297,-0.001527565,,0,
1786043805588226121,1786043805.585450787,/novatel/oem7/odom,/novatel/oem7/fix,/novatel/oem7/odom,39.663,-75.756,-1.801729684,0.001033716,-0.001522856,0.000864469,0.000566800,-0.001522856,,,
1786043805595309076,1786043805.594589115,/novatel/oem7/odom,/novatel/oem7/fix,/novatel/oem7/odom,39.663,-75.756,-1.801729684,0.001033716,-0.001522856,0.000864469,0.000566800,-0.001522856,,,
1786043805606752968,1786043805.606189296,/novatel/oem7/inspva,/novatel/oem7/inspva,/novatel/oem7/inspva,39.663,-75.756,-1.801742339,0.001019696,-0.001384241,0.000491082,0.000893655,-0.001384241,,novatel_oem7_msgs.msg.InertialSolutionStatus(status=3),
1786043805608204779,1786043805.606339238,/novatel/oem7/fix,/novatel/oem7/fix,/novatel/oem7/inspva,39.663,-75.756,-1.801742339,0.001019696,-0.001384241,0.000491082,0.000893655,-0.001384241,,0,
1786043805609298570,1786043805.606797715,/novatel/oem7/odom,/novatel/oem7/fix,/novatel/oem7/odom,39.663,-75.756,-1.801742339,0.001025963,-0.001379603,0.000921725,0.000450583,-0.001379603,,,
1786043805610880300,1786043805.609935415,/novatel/oem7/bestpos,/novatel/oem7/bestpos,/novatel/oem7/odom,39.663,-75.756,33.180676111,0.001025963,-0.001379603,0.000921725,0.000450583,-0.001379603,,novatel_oem7_msgs.msg.SolutionStatus(status=0),novatel_oem7_msgs.msg.PositionOrVelocityType(type=53)
1786043805612337151,1786043805.610363048,/novatel/oem7/bestvel,/novatel/oem7/bestpos,/novatel/oem7/bestvel,39.663,-75.756,33.180676111,0.001032206,-0.001417458,,,,55.182235321,novatel_oem7_msgs.msg.SolutionStatus(status=0),novatel_oem7_msgs.msg.PositionOrVelocityType(type=53)
1786043805615397592,1786043805.614778395,/novatel/oem7/odom,/novatel/oem7/bestpos,/novatel/oem7/odom,39.663,-75.756,33.180676111,0.001025963,-0.001379603,0.000921725,0.000450583,-0.001379603,,,
1786043805626579778,1786043805.625991569,/novatel/oem7/inspva,/novatel/oem7/inspva,/novatel/oem7/inspva,39.663,-75.756,-1.801754987,0.000986383,-0.001659193,0.000534353,0.000829107,-0.001659193,,novatel_oem7_msgs.msg.InertialSolutionStatus(status=3),
1786043805627977649,1786043805.626152850,/novatel/oem7/fix,/novatel/oem7/fix,/novatel/oem7/inspva,39.663,-75.756,-1.801754987,0.000986383,-0.001659193,0.000534353,0.000829107,-0.001659193,,0,
1786043805629103790,1786043805.626433430,/novatel/oem7/odom,/novatel/oem7/fix,/novatel/oem7/odom,39.663,-75.756,-1.801754987,0.000993951,-0.001654671,0.000860411,0.000497626,-0.001654671,,,
1786043805635167462,1786043805.634523203,/novatel/oem7/odom,/novatel/oem7/fix,/novatel/oem7/odom,39.663,-75.756,-1.801754987,0.000993951,-0.001654671,0.000860411,0.000497626,-0.001654671,,,
1786043805645667458,1786043805.645114625,/novatel/oem7/inspva,/novatel/oem7/inspva,/novatel/oem7/inspva,39.663,-75.756,-1.801768393,0.001111025,-0.001339836,0.000722092,0.000844369,-0.001339836,,novatel_oem7_msgs.msg.InertialSolutionStatus(status=3),
1786043805647056272,1786043805.645261267,/novatel/oem7/fix,/novatel/oem7/fix,/novatel/oem7/inspva,39.663,-75.756,-1.801768393,0.001111025,-0.001339836,0.000722092,0.000844369,-0.001339836,,0,
1786043805648157023,1786043805.645699091,/novatel/oem7/odom,/novatel/oem7/fix,/novatel/oem7/odom,39.663,-75.756,-1.801768393,0.001117135,-0.001334745,0.000883556,0.000683608,-0.001334745,,,
1786043805656923851,1786043805.656234787,/novatel/oem7/odom,/novatel/oem7/fix,/novatel/oem7/odom,39.663,-75.756,-1.801768393,0.001117135,-0.001334745,0.000883556,0.000683608,-0.001334745,,,
1786043805665484288,1786043805.664953980,/novatel/oem7/inspva,/novatel/oem7/inspva,/novatel/oem7/inspva,39.663,-75.756,-1.801782683,0.001083929,-0.001570051,0.000710235,0.000818821,-0.001570051,,novatel_oem7_msgs.msg.InertialSolutionStatus(status=3),
1786043805666894099,1786043805.665024647,/novatel/oem7/fix,/novatel/oem7/fix,/novatel/oem7/inspva,39.663,-75.756,-1.801782683,0.001083929,-0.001570051,0.000710235,0.000818821,-0.001570051,,0,
1786043805668051250,1786043805.665474148,/novatel/oem7/odom,/novatel/oem7/fix,/novatel/oem7/odom,39.663,-75.756,-1.801782683,0.001091098,-0.001565077,0.000858357,0.000673586,-0.001565077,,,
1786043805674966660,1786043805.674313616,/novatel/oem7/odom,/novatel/oem7/fix,/novatel/oem7/odom,39.663,-75.756,-1.801782683,0.001091098,-0.001565077,0.000858357,0.000673586,-0.001565077,,,
1786043805687032635,1786043805.686510323,/novatel/oem7/inspva,/novatel/oem7/inspva,/novatel/oem7/inspva,39.663,-75.756,-1.801798100,0.001332588,-0.001565310,0.000852847,0.001023935,-0.001565310,,novatel_oem7_msgs.msg.InertialSolutionStatus(status=3),
1786043805688519147,1786043805.686656694,/novatel/oem7/fix,/novatel/oem7/fix,/novatel/oem7/inspva,39.663,-75.756,-1.801798100,0.001332588,-0.001565310,0.000852847,0.001023935,-0.001565310,,0,
1786043805689607984,1786043805.687037632,/novatel/oem7/odom,/novatel/oem7/fix,/novatel/oem7/odom,39.663,-75.756,-1.801798100,0.001339728,-0.001559203,0.001070109,0.000806064,-0.001559203,,,
1786043805695352049,1786043805.694673975,/novatel/oem7/odom,/novatel/oem7/fix,/novatel/oem7/odom,39.663,-75.756,-1.801798100,0.001339728,-0.001559203,0.001070109,0.000806064,-0.001559203,,,
1786043805706228472,1786043805.705744302,/novatel/oem7/inspva,/novatel/oem7/inspva,/novatel/oem7/inspva,39.663,-75.756,-1.801807744,0.001307731,-0.001278325,0.000923065,0.000926343,-0.001278325,,novatel_oem7_msgs.msg.InertialSolutionStatus(status=3),
1786043805707594386,1786043805.705815980,/novatel/oem7/fix,/novatel/oem7/fix,/novatel/oem7/inspva,39.663,-75.756,-1.801807744,0.001307731,-0.001278325,0.000923065,0.000926343,-0.001278325,,0,
1786043805708680404,1786043805.706302130,/novatel/oem7/odom,/novatel/oem7/fix,/novatel/oem7/odom,39.663,-75.756,-1.801807744,0.001313510,-0.001272387,0.000974952,0.000880213,-0.001272387,,,
1786043805710190622,1786043805.709246535,/novatel/oem7/bestpos,/novatel/oem7/bestpos,/novatel/oem7/odom,39.663,-75.756,33.180605179,0.001313510,-0.001272387,0.000974952,0.000880213,-0.001272387,,novatel_oem7_msgs.msg.SolutionStatus(status=0),novatel_oem7_msgs.msg.PositionOrVelocityType(type=53)
1786043805711649930,1786043805.709698917,/novatel/oem7/bestvel,/novatel/oem7/bestpos,/novatel/oem7/bestvel,39.663,-75.756,33.180605179,0.001244580,-0.001222177,,,,49.442062350,novatel_oem7_msgs.msg.SolutionStatus(status=0),novatel_oem7_msgs.msg.PositionOrVelocityType(type=53)
1786043805715995957,1786043805.715323491,/novatel/oem7/odom,/novatel/oem7/bestpos,/novatel/oem7/odom,39.663,-75.756,33.180605179,0.001313510,-0.001272387,0.000974952,0.000880213,-0.001272387,,,
1786043805725745096,1786043805.725187057,/novatel/oem7/inspva,/novatel/oem7/inspva,/novatel/oem7/inspva,39.663,-75.756,-1.801825601,0.001552869,-0.001620964,0.000850632,0.001299164,-0.001620964,,novatel_oem7_msgs.msg.InertialSolutionStatus(status=3),
1786043805727157987,1786043805.725271287,/novatel/oem7/fix,/novatel/oem7/fix,/novatel/oem7/inspva,39.663,-75.756,-1.801825601,0.001552869,-0.001620964,0.000850632,0.001299164,-0.001620964,,0,
1786043805728286578,1786043805.725887794,/novatel/oem7/odom,/novatel/oem7/fix,/novatel/oem7/odom,39.663,-75.756,-1.801825601,0.001560290,-0.001613822,0.001345146,0.000790624,-0.001613822,,,
1786043805735517701,1786043805.734836311,/novatel/oem7/odom,/novatel/oem7/fix,/novatel/oem7/odom,39.663,-75.756,-1.801825601,0.001560290,-0.001613822,0.001345146,0.000790624,-0.001613822,,,
1786043805746564456,1786043805.745994013,/novatel/oem7/inspva,/novatel/oem7/inspva,/novatel/oem7/inspva,39.663,-75.756,-1.801833229,0.001517176,-0.001240029,0.000775301,0.001304121,-0.001240029,,novatel_oem7_msgs.msg.InertialSolutionStatus(status=3),
1786043805748373704,1786043805.746148715,/novatel/oem7/fix,/novatel/oem7/fix,/novatel/oem7/inspva,39.663,-75.756,-1.801833229,0.001517176,-0.001240029,0.000775301,0.001304121,-0.001240029,,0,
1786043805749604827,1786043805.746602686,/novatel/oem7/odom,/novatel/oem7/fix,/novatel/oem7/odom,39.663,-75.756,-1.801833229,0.001522821,-0.001233091,0.001344971,0.000714168,-0.001233091,,,
1786043805756587307,1786043805.755881553,/novatel/oem7/odom,/novatel/oem7/fix,/novatel/oem7/odom,39.663,-75.756,-1.801833229,0.001522821,-0.001233091,0.001344971,0.000714168,-0.001233091,,,
1786043805765821237,1786043805.765248298,/novatel/oem7/inspva,/novatel/oem7/inspva,/novatel/oem7/inspva,39.663,-75.756,-1.801852429,0.001712284,-0.001722489,0.000996726,0.001392284,-0.001722489,,novatel_oem7_msgs.msg.InertialSolutionStatus(status=3),
1786043805767275642,1786043805.765401193,/novatel/oem7/fix,/novatel/oem7/fix,/novatel/oem7/inspva,39.663,-75.756,-1.801852429,0.001712284,-0.001722489,0.000996726,0.001392284,-0.001722489,,0,
1786043805768442744,1786043805.765917463,/novatel/oem7/odom,/novatel/oem7/fix,/novatel/oem7/odom,39.663,-75.756,-1.801852429,0.001720161,-0.001714623,0.001445622,0.000932271,-0.001714623,,,
1786043805776252079,1786043805.775561815,/novatel/oem7/odom,/novatel/oem7/fix,/novatel/oem7/odom,39.663,-75.756,-1.801852429,0.001720161,-0.001714623,0.001445622,0.000932271,-0.001714623,,,
1786043805785699211,1786043805.785080725,/novatel/oem7/inspva,/novatel/oem7/inspva,/novatel/oem7/inspva,39.663,-75.756,-1.801862502,0.001534083,-0.001477965,0.000998035,0.001165048,-0.001477965,,novatel_oem7_msgs.msg.InertialSolutionStatus(status=3),
1786043805787142742,1786043805.785290590,/novatel/oem7/fix,/novatel/oem7/fix,/novatel/oem7/inspva,39.663,-75.756,-1.801862502,0.001534083,-0.001477965,0.000998035,0.001165048,-0.001477965,,0,
1786043805788307070,1786043805.785656252,/novatel/oem7/odom,/novatel/oem7/fix,/novatel/oem7/odom,39.663,-75.756,-1.801862502,0.001540844,-0.001470914,0.001217799,0.000944016,-0.001470914,,,
1786043805795215110,1786043805.794519170,/novatel/oem7/odom,/novatel/oem7/fix,/novatel/oem7/odom,39.663,-75.756,-1.801862502,0.001540844,-0.001470914,0.001217799,0.000944016,-0.001470914,,,
1786043805806922608,1786043805.806368919,/novatel/oem7/inspva,/novatel/oem7/inspva,/novatel/oem7/inspva,39.663,-75.756,-1.801883044,0.002104300,-0.001668155,0.000837423,0.001930492,-0.001668155,,novatel_oem7_msgs.msg.InertialSolutionStatus(status=3),
1786043805808311309,1786043805.806558904,/novatel/oem7/fix,/novatel/oem7/fix,/novatel/oem7/inspva,39.663,-75.756,-1.801883044,0.002104300,-0.001668155,0.000837423,0.001930492,-0.001668155,,0,
1786043805809439250,1786043805.807029063,/novatel/oem7/odom,/novatel/oem7/fix,/novatel/oem7/odom,39.663,-75.756,-1.801883044,0.002111752,-0.001658711,0.001975255,0.000746901,-0.001658711,,,
1786043805810978016,1786043805.810165868,/novatel/oem7/bestpos,/novatel/oem7/bestpos,/novatel/oem7/odom,39.663,-75.756,33.180522748,0.002111752,-0.001658711,0.001975255,0.000746901,-0.001658711,,novatel_oem7_msgs.msg.SolutionStatus(status=0),novatel_oem7_msgs.msg.PositionOrVelocityType(type=53)
1786043805812448994,1786043805.810542605,/novatel/oem7/bestvel,/novatel/oem7/bestpos,/novatel/oem7/bestvel,39.663,-75.756,33.180522748,0.002018001,-0.001535640,,,,72.189480777,novatel_oem7_msgs.msg.SolutionStatus(status=0),novatel_oem7_msgs.msg.PositionOrVelocityType(type=53)
1786043805816232506,1786043805.815317945,/novatel/oem7/odom,/novatel/oem7/bestpos,/novatel/oem7/odom,39.663,-75.756,33.180522748,0.002111752,-0.001658711,0.001975255,0.000746901,-0.001658711,,,
1786043805825714038,1786043805.825156016,/novatel/oem7/inspva,/novatel/oem7/inspva,/novatel/oem7/inspva,39.663,-75.756,-1.801895791,0.001689017,-0.001498683,0.000988274,0.001369706,-0.001498683,,novatel_oem7_msgs.msg.InertialSolutionStatus(status=3),
1786043805844134364,1786043805.825358434,/novatel/oem7/fix,/novatel/oem7/fix,/novatel/oem7/inspva,39.663,-75.756,-1.801895791,0.001689017,-0.001498683,0.000988274,0.001369706,-0.001498683,,0,
1786043805845215941,1786043805.825674017,/novatel/oem7/odom,/novatel/oem7/fix,/novatel/oem7/odom,39.663,-75.756,-1.801895791,0.001695883,-0.001490910,0.001421820,0.000924363,-0.001490910,,,
1786043805849776144,1786043805.845430261,/novatel/oem7/inspva,/novatel/oem7/inspva,/novatel/oem7/inspva,39.663,-75.756,-1.801913196,0.001872350,-0.001212151,0.000682664,0.001743463,-0.001212151,,novatel_oem7_msgs.msg.InertialSolutionStatus(status=3),
1786043805850699737,1786043805.845612262,/novatel/oem7/fix,/novatel/oem7/fix,/novatel/oem7/inspva,39.663,-75.756,-1.801913196,0.001872350,-0.001212151,0.000682664,0.001743463,-0.001212151,,0,
1786043805851809098,1786043805.835585254,/novatel/oem7/odom,/novatel/oem7/fix,/novatel/oem7/odom,39.663,-75.756,-1.801913196,0.001695883,-0.001490910,0.001421820,0.000924363,-0.001490910,,,
1786043805853385207,1786043805.846206295,/novatel/oem7/odom,/novatel/oem7/fix,/novatel/oem7/odom,39.663,-75.756,-1.801913196,0.001877714,-0.001203824,0.001779190,0.000600245,-0.001203824,,,
1786043805856952713,1786043805.856299010,/novatel/oem7/odom,/novatel/oem7/fix,/novatel/oem7/odom,39.663,-75.756,-1.801913196,0.001877714,-0.001203824,0.001779190,0.000600245,-0.001203824,,,
1786043805866613664,1786043805.866062602,/novatel/oem7/inspva,/novatel/oem7/inspva,/novatel/oem7/inspva,39.663,-75.756,-1.801926740,0.001731118,-0.001156090,0.000724779,0.001572089,-0.001156090,,novatel_oem7_msgs.msg.InertialSolutionStatus(status=3),
1786043805868007088,1786043805.866229494,/novatel/oem7/fix,/novatel/oem7/fix,/novatel/oem7/inspva,39.663,-75.756,-1.801926740,0.001731118,-0.001156090,0.000724779,0.001572089,-0.001156090,,0,
1786043805869157250,1786043805.866631114,/novatel/oem7/odom,/novatel/oem7/fix,/novatel/oem7/odom,39.663,-75.756,-1.801926740,0.001736304,-0.001148285,0.001609846,0.000650498,-0.001148285,,,
1786043805875191001,1786043805.874481293,/novatel/oem7/odom,/novatel/oem7/fix,/novatel/oem7/odom,39.663,-75.756,-1.801926740,0.001736304,-0.001148285,0.001609846,0.000650498,-0.001148285,,,
1786043805885764768,1786043805.885201372,/novatel/oem7/inspva,/novatel/oem7/inspva,/novatel/oem7/inspva,39.663,-75.756,-1.801947705,0.001735151,-0.001726697,0.000812578,0.001533123,-0.001726697,,novatel_oem7_msgs.msg.InertialSolutionStatus(status=3),
1786043805887133855,1786043805.885367920,/novatel/oem7/fix,/novatel/oem7/fix,/novatel/oem7/inspva,39.663,-75.756,-1.801947705,0.001735151,-0.001726697,0.000812578,0.001533123,-0.001726697,,0,
1786043805888208518,1786043805.886012400,/novatel/oem7/odom,/novatel/oem7/fix,/novatel/oem7/odom,39.663,-75.756,-1.801947705,0.001742946,-0.001718829,0.001577344,0.000741517,-0.001718829,,,
1786043805896033901,1786043805.895374151,/novatel/oem7/odom,/novatel/oem7/fix,/novatel/oem7/odom,39.663,-75.756,-1.801947705,0.001742946,-0.001718829,0.001577344,0.000741517,-0.001718829,,,
1786043805906290098,1786043805.905755296,/novatel/oem7/inspva,/novatel/oem7/inspva,/novatel/oem7/inspva,39.663,-75.756,-1.801956525,0.001587014,-0.001270337,0.000772576,0.001386268,-0.001270337,,novatel_oem7_msgs.msg.InertialSolutionStatus(status=3),
1786043805907716832,1786043805.905915694,/novatel/oem7/fix,/novatel/oem7/fix,/novatel/oem7/inspva,39.663,-75.756,-1.801956525,0.001587014,-0.001270337,0.000772576,0.001386268,-0.001270337,,0,
1786043805908801110,1786043805.906465313,/novatel/oem7/odom,/novatel/oem7/fix,/novatel/oem7/odom,39.663,-75.756,-1.801956525,0.001592770,-0.001263112,0.001426984,0.000707556,-0.001263112,,,
1786043805910303712,1786043805.909246758,/novatel/oem7/bestpos,/novatel/oem7/bestpos,/novatel/oem7/odom,39.663,-75.756,33.180455954,0.001592770,-0.001263112,0.001426984,0.000707556,-0.001263112,,novatel_oem7_msgs.msg.SolutionStatus(status=0),novatel_oem7_msgs.msg.PositionOrVelocityType(type=53)
1786043805911759276,1786043805.909863181,/novatel/oem7/bestvel,/novatel/oem7/bestpos,/novatel/oem7/bestvel,39.663,-75.756,33.180455954,0.001412335,-0.001124692,,,,63.503189602,novatel_oem7_msgs.msg.SolutionStatus(status=0),novatel_oem7_msgs.msg.PositionOrVelocityType(type=53)
1786043805915153374,1786043805.914494241,/novatel/oem7/odom,/novatel/oem7/bestpos,/novatel/oem7/odom,39.663,-75.756,33.180455954,0.001592770,-0.001263112,0.001426984,0.000707556,-0.001263112,,,
1786043805927316423,1786043805.926759904,/novatel/oem7/inspva,/novatel/oem7/inspva,/novatel/oem7/inspva,39.663,-75.756,-1.801972134,0.001532502,-0.001147051,0.000716132,0.001354886,-0.001147051,,novatel_oem7_msgs.msg.InertialSolutionStatus(status=3),
1786043805928737624,1786043805.926934466,/novatel/oem7/fix,/novatel/oem7/fix,/novatel/oem7/inspva,39.663,-75.756,-1.801972134,0.001532502,-0.001147051,0.000716132,0.001354886,-0.001147051,,0,
1786043805929807182,1786043805.927239395,/novatel/oem7/odom,/novatel/oem7/fix,/novatel/oem7/odom,39.663,-75.756,-1.801972134,0.001537686,-0.001140093,0.001392432,0.000652388,-0.001140093,,,
1786043805935796819,1786043805.935086015,/novatel/oem7/odom,/novatel/oem7/fix,/novatel/oem7/odom,39.663,-75.756,-1.801972134,0.001537686,-0.001140093,0.001392432,0.000652388,-0.001140093,,,
1786043805945720216,1786043805.945159893,/novatel/oem7/inspva,/novatel/oem7/inspva,/novatel/oem7/inspva,39.663,-75.756,-1.801984193,0.001685579,-0.001132925,0.000773839,0.001497447,-0.001132925,,novatel_oem7_msgs.msg.InertialSolutionStatus(status=3),
1786043805947136030,1786043805.945307059,/novatel/oem7/fix,/novatel/oem7/fix,/novatel/oem7/inspva,39.663,-75.756,-1.801984193,0.001685579,-0.001132925,0.000773839,0.001497447,-0.001132925,,0,
1786043805948264381,1786043805.945661705,/novatel/oem7/odom,/novatel/oem7/fix,/novatel/oem7/odom,39.663,-75.756,-1.801984193,0.001690691,-0.001125282,0.001537574,0.000703066,-0.001125282,,,
1786043805956370757,1786043805.955696297,/novatel/oem7/odom,/novatel/oem7/fix,/novatel/oem7/odom,39.663,-75.756,-1.801984193,0.001690691,-0.001125282,0.001537574,0.000703066,-0.001125282,,,
1786043805966032604,1786043805.965470692,/novatel/oem7/inspva,/novatel/oem7/inspva,/novatel/oem7/inspva,39.663,-75.756,-1.802000191,0.001737655,-0.001303294,0.000515708,0.001659364,-0.001303294,,novatel_oem7_msgs.msg.InertialSolutionStatus(status=3),
1786043805967475999,1786043805.965638920,/novatel/oem7/fix,/novatel/oem7/fix,/novatel/oem7/inspva,39.663,-75.756,-1.802000191,0.001737655,-0.001303294,0.000515708,0.001659364,-0.001303294,,0,
1786043805968724198,1786043805.966208207,/novatel/oem7/odom,/novatel/oem7/fix,/novatel/oem7/odom,39.663,-75.756,-1.802000191,0.001743286,-0.001295753,0.001687421,0.000437784,-0.001295753,,,
1786043805975501016,1786043805.974726199,/novatel/oem7/odom,/novatel/oem7/fix,/novatel/oem7/odom,39.663,-75.756,-1.802000191,0.001743286,-0.001295753,0.001687421,0.000437784,-0.001295753,,,
1786043805986694293,1786043805.986099990,/novatel/oem7/inspva,/novatel/oem7/inspva,/novatel/oem7/inspva,39.663,-75.756,-1.802012182,0.001752725,-0.001266028,0.000671410,0.001619028,-0.001266028,,novatel_oem7_msgs.msg.InertialSolutionStatus(status=3),
1786043805988214102,1786043805.986256452,/novatel/oem7/fix,/novatel/oem7/fix,/novatel/oem7/inspva,39.663,-75.756,-1.802012182,0.001752725,-0.001266028,0.000671410,0.001619028,-0.001266028,,0,
1786043805989403387,1786043805.986692879,/novatel/oem7/odom,/novatel/oem7/fix,/novatel/oem7/odom,39.663,-75.756,-1.802012182,0.001758335,-0.001258225,0.001654549,0.000595153,-0.001258225,,,
1786043805995358904,1786043805.994653337,/novatel/oem7/odom,/novatel/oem7/fix,/novatel/oem7/odom,39.663,-75.756,-1.802012182,0.001758335,-0.001258225,0.001654549,0.000595153,-0.001258225,,,
1786043806010460982,1786043806.009874996,/novatel/oem7/inspva,/novatel/oem7/inspva,/novatel/oem7/inspva,39.663,-75.756,-1.802031535,0.001521186,-0.001516463,0.000310958,0.001489065,-0.001516463,,novatel_oem7_msgs.msg.InertialSolutionStatus(status=3),
1786043806011896551,1786043806.010046742,/novatel/oem7/fix,/novatel/oem7/fix,/novatel/oem7/inspva,39.663,-75.756,-1.802031535,0.001521186,-0.001516463,0.000310958,0.001489065,-0.001516463,,0,
1786043806013033932,1786043806.011210625,/novatel/oem7/odom,/novatel/oem7/fix,/novatel/oem7/odom,39.663,-75.756,-1.802031535,0.001527512,-0.001510092,0.001508209,0.000242068,-0.001510092,,,
1786043806017271035,1786043806.016565808,/novatel/oem7/odom,/novatel/oem7/fix,/novatel/oem7/odom,39.663,-75.756,-1.802031535,0.001527512,-0.001510092,0.001508209,0.000242068,-0.001510092,,,
1786043806026634496,1786043806.025979143,/novatel/oem7/bestpos,/novatel/oem7/bestpos,/novatel/oem7/odom,39.663,-75.756,33.180388089,0.001527512,-0.001510092,0.001508209,0.000242068,-0.001510092,,novatel_oem7_msgs.msg.SolutionStatus(status=0),novatel_oem7_msgs.msg.PositionOrVelocityType(type=53)
1786043806028229246,1786043806.026455918,/novatel/oem7/bestvel,/novatel/oem7/bestpos,/novatel/oem7/bestvel,39.663,-75.756,33.180388089,0.001680462,-0.001531524,,,,84.016309943,novatel_oem7_msgs.msg.SolutionStatus(status=0),novatel_oem7_msgs.msg.PositionOrVelocityType(type=53)
1786043806029193762,1786043806.026884518,/novatel/oem7/inspva,/novatel/oem7/inspva,/novatel/oem7/inspva,39.663,-75.756,-1.802045755,0.001572382,-0.001485170,0.000462796,0.001502733,-0.001485170,,novatel_oem7_msgs.msg.InertialSolutionStatus(status=3),
1786043806030073897,1786043806.027042784,/novatel/oem7/fix,/novatel/oem7/fix,/novatel/oem7/inspva,39.663,-75.756,-1.802045755,0.001572382,-0.001485170,0.000462796,0.001502733,-0.001485170,,0,
1786043806031205535,1786043806.027573742,/novatel/oem7/odom,/novatel/oem7/fix,/novatel/oem7/odom,39.663,-75.756,-1.802045755,0.001578802,-0.001478343,0.001529110,0.000392986,-0.001478343,,,
1786043806035894043,1786043806.035041554,/novatel/oem7/odom,/novatel/oem7/fix,/novatel/oem7/odom,39.663,-75.756,-1.802045755,0.001578802,-0.001478343,0.001529110,0.000392986,-0.001478343,,,
1786043806047292124,1786043806.046676832,/novatel/oem7/inspva,/novatel/oem7/inspva,/novatel/oem7/inspva,39.663,-75.756,-1.802033923,0.001497136,-0.001237895,0.000269344,0.001472708,-0.001237895,,novatel_oem7_msgs.msg.InertialSolutionStatus(status=3),
1786043806048718142,1786043806.046896240,/novatel/oem7/fix,/novatel/oem7/fix,/novatel/oem7/inspva,39.663,-75.756,-1.802033923,0.001497136,-0.001237895,0.000269344,0.001472708,-0.001237895,,0,
1786043806049799263,1786043806.047491630,/novatel/oem7/odom,/novatel/oem7/fix,/novatel/oem7/odom,39.663,-75.756,-1.802033923,0.001502245,-0.001231690,0.001488791,0.000200599,-0.001231690,,,
1786043806057505557,1786043806.056829704,/novatel/oem7/odom,/novatel/oem7/fix,/novatel/oem7/odom,39.663,-75.756,-1.802033923,0.001502245,-0.001231690,0.001488791,0.000200599,-0.001231690,,,
1786043806066043030,1786043806.065393181,/novatel/oem7/inspva,/novatel/oem7/inspva,/novatel/oem7/inspva,39.663,-75.756,-1.802016336,0.001514507,-0.001389478,0.000578623,0.001399616,-0.001389478,,novatel_oem7_msgs.msg.InertialSolutionStatus(status=3),
1786043806067398634,1786043806.065575506,/novatel/oem7/fix,/novatel/oem7/fix,/novatel/oem7/inspva,39.663,-75.756,-1.802016336,0.001514507,-0.001389478,0.000578623,0.001399616,-0.001389478,,0,
1786043806068473955,1786043806.066160522,/novatel/oem7/odom,/novatel/oem7/fix,/novatel/oem7/odom,39.663,-75.756,-1.802016336,0.001520675,-0.001382724,0.001431371,0.000513448,-0.001382724,,,
1786043806076373681,1786043806.075710261,/novatel/oem7/odom,/novatel/oem7/fix,/novatel/oem7/odom,39.663,-75.756,-1.802016336,0.001520675,-0.001382724,0.001431371,0.000513448,-0.001382724,,,
1786043806085988678,1786043806.085432083,/novatel/oem7/inspva,/novatel/oem7/inspva,/novatel/oem7/inspva,39.663,-75.756,-1.802007472,0.001364211,-0.001615137,0.000289674,0.001333102,-0.001615137,,novatel_oem7_msgs.msg.InertialSolutionStatus(status=3),
1786043806087326455,1786043806.085602901,/novatel/oem7/fix,/novatel/oem7/fix,/novatel/oem7/inspva,39.663,-75.756,-1.802007472,0.001364211,-0.001615137,0.000289674,0.001333102,-0.001615137,,0,
1786043806088392629,1786043806.086334145,/novatel/oem7/odom,/novatel/oem7/fix,/novatel/oem7/odom,39.663,-75.756,-1.802007472,0.001370959,-0.001609413,0.001351762,0.000228623,-0.001609413,,,
1786043806095205698,1786043806.094557788,/novatel/oem7/odom,/novatel/oem7/fix,/novatel/oem7/odom,39.663,-75.756,-1.802007472,0.001370959,-0.001609413,0.001351762,0.000228623,-0.001609413,,,
1786043806106237439,1786043806.105700081,/novatel/oem7/inspva,/novatel/oem7/inspva,/novatel/oem7/inspva,39.663,-75.756,-1.801991019,0.001597940,-0.001628779,0.000580232,0.001488873,-0.001628779,,novatel_oem7_msgs.msg.InertialSolutionStatus(status=3),
1786043806107594103,1786043806.105932213,/novatel/oem7/fix,/novatel/oem7/fix,/novatel/oem7/inspva,39.663,-75.756,-1.801991019,0.001597940,-0.001628779,0.000580232,0.001488873,-0.001628779,,0,
1786043806108652160,1786043806.106442898,/novatel/oem7/odom,/novatel/oem7/fix,/novatel/oem7/odom,39.663,-75.756,-1.801991019,0.001605108,-0.001621716,0.001521496,0.000511293,-0.001621716,,,
1786043806110156992,1786043806.108972507,/novatel/oem7/bestpos,/novatel/oem7/bestpos,/novatel/oem7/odom,39.663,-75.756,33.180477894,0.001605108,-0.001621716,0.001521496,0.000511293,-0.001621716,,novatel_oem7_msgs.msg.SolutionStatus(status=0),novatel_oem7_msgs.msg.PositionOrVelocityType(type=53)
1786043806111121445,1786043806.109309694,/novatel/oem7/bestvel,/novatel/oem7/bestpos,/novatel/oem7/bestvel,39.663,-75.756,33.180477894,0.001138892,-0.001314654,,,,68.305281759,novatel_oem7_msgs.msg.SolutionStatus(status=0),novatel_oem7_msgs.msg.PositionOrVelocityType(type=53)
1786043806115273877,1786043806.114586893,/novatel/oem7/odom,/novatel/oem7/bestpos,/novatel/oem7/odom,39.663,-75.756,33.180477894,0.001605108,-0.001621716,0.001521496,0.000511293,-0.001621716,,,
1786043806125781250,1786043806.125216278,/novatel/oem7/inspva,/novatel/oem7/inspva,/novatel/oem7/inspva,39.663,-75.756,-1.801980558,0.001260336,-0.001331522,0.000244862,0.001236321,-0.001331522,,novatel_oem7_msgs.msg.InertialSolutionStatus(status=3),
1786043806127144780,1786043806.125463927,/novatel/oem7/fix,/novatel/oem7/fix,/novatel/oem7/inspva,39.663,-75.756,-1.801980558,0.001260336,-0.001331522,0.000244862,0.001236321,-0.001331522,,0,
1786043806128241871,1786043806.125853801,/novatel/oem7/odom,/novatel/oem7/fix,/novatel/oem7/odom,39.663,-75.756,-1.801980558,0.001265847,-0.001326285,0.001251830,0.000187853,-0.001326285,,,
1786043806135989296,1786043806.135325484,/novatel/oem7/odom,/novatel/oem7/fix,/novatel/oem7/odom,39.663,-75.756,-1.801980558,0.001265847,-0.001326285,0.001251830,0.000187853,-0.001326285,,,
1786043806146459645,1786043806.145901783,/novatel/oem7/inspva,/novatel/oem7/inspva,/novatel/oem7/inspva,39.663,-75.756,-1.801968384,0.001559977,-0.001608107,0.000332702,0.001524086,-0.001608107,,novatel_oem7_msgs.msg.InertialSolutionStatus(status=3),
1786043806147855056,1786043806.146151209,/novatel/oem7/fix,/novatel/oem7/fix,/novatel/oem7/inspva,39.663,-75.756,-1.801968384,0.001559977,-0.001608107,0.000332702,0.001524086,-0.001608107,,0,
1786043806148938560,1786043806.146570830,/novatel/oem7/odom,/novatel/oem7/fix,/novatel/oem7/odom,39.663,-75.756,-1.801968384,0.001566689,-0.001601568,0.001544573,0.000262315,-0.001601568,,,
1786043806156255418,1786043806.155605121,/novatel/oem7/odom,/novatel/oem7/fix,/novatel/oem7/odom,39.663,-75.756,-1.801968384,0.001566689,-0.001601568,0.001544573,0.000262315,-0.001601568,,,
1786043806166899808,1786043806.166366133,/novatel/oem7/inspva,/novatel/oem7/inspva,/novatel/oem7/inspva,39.663,-75.756,-1.801959150,0.001316701,-0.001352258,0.000391982,0.001257001,-0.001352258,,novatel_oem7_msgs.msg.InertialSolutionStatus(status=3),
1786043806168213655,1786043806.166581262,/novatel/oem7/fix,/novatel/oem7/fix,/novatel/oem7/inspva,39.663,-75.756,-1.801959150,0.001316701,-0.001352258,0.000391982,0.001257001,-0.001352258,,0,
1786043806169257515,1786043806.167250225,/novatel/oem7/odom,/novatel/oem7/fix,/novatel/oem7/odom,39.663,-75.756,-1.801959150,0.001322550,-0.001346539,0.001279715,0.000333867,-0.001346539,,,
1786043806176113591,1786043806.175458868,/novatel/oem7/odom,/novatel/oem7/fix,/novatel/oem7/odom,39.663,-75.756,-1.801959150,0.001322550,-0.001346539,0.001279715,0.000333867,-0.001346539,,,
1786043806185387578,1786043806.184851243,/novatel/oem7/inspva,/novatel/oem7/inspva,/novatel/oem7/inspva,39.663,-75.756,-1.801946501,0.001701102,-0.001702985,0.000463784,0.001636659,-0.001702985,,novatel_oem7_msgs.msg.InertialSolutionStatus(status=3),
1786043806186765529,1786043806.185069355,/novatel/oem7/fix,/novatel/oem7/fix,/novatel/oem7/inspva,39.663,-75.756,-1.801946501,0.001701102,-0.001702985,0.000463784,0.001636659,-0.001702985,,0,
1786043806187831763,1786043806.185483969,/novatel/oem7/odom,/novatel/oem7/fix,/novatel/oem7/odom,39.663,-75.756,-1.801946501,0.001708371,-0.001695694,0.001663722,0.000388020,-0.001695694,,,
1786043806196020629,1786043806.195344512,/novatel/oem7/odom,/novatel/oem7/fix,/novatel/oem7/odom,39.663,-75.756,-1.801946501,0.001708371,-0.001695694,0.001663722,0.000388020,-0.001695694,,,
1786043806206756654,1786043806.206206265,/novatel/oem7/inspva,/novatel/oem7/inspva,/novatel/oem7/inspva,39.663,-75.756,-1.801934331,0.001352870,-0.001108888,0.000089514,0.001349905,-0.001108888,,novatel_oem7_msgs.msg.InertialSolutionStatus(status=3),
1786043806208086037,1786043806.206415944,/novatel/oem7/fix,/novatel/oem7/fix,/novatel/oem7/inspva,39.663,-75.756,-1.801934331,0.001352870,-0.001108888,0.000089514,0.001349905,-0.001108888,,0,
1786043806209133938,1786043806.206956226,/novatel/oem7/odom,/novatel/oem7/fix,/novatel/oem7/odom,39.663,-75.756,-1.801934331,0.001357146,-0.001103650,0.001356885,0.000026632,-0.001103650,,,
1786043806210652550,1786043806.209871569,/novatel/oem7/bestpos,/novatel/oem7/bestpos,/novatel/oem7/odom,39.663,-75.756,33.180526764,0.001357146,-0.001103650,0.001356885,0.000026632,-0.001103650,,novatel_oem7_msgs.msg.SolutionStatus(status=0),novatel_oem7_msgs.msg.PositionOrVelocityType(type=53)
1786043806212090081,1786043806.210328830,/novatel/oem7/bestvel,/novatel/oem7/bestpos,/novatel/oem7/bestvel,39.663,-75.756,33.180526764,0.001489533,-0.001214815,,,,84.012141504,novatel_oem7_msgs.msg.SolutionStatus(status=0),novatel_oem7_msgs.msg.PositionOrVelocityType(type=53)
1786043806215191219,1786043806.214538002,/novatel/oem7/odom,/novatel/oem7/bestpos,/novatel/oem7/odom,39.663,-75.756,33.180526764,0.001357146,-0.001103650,0.001356885,0.000026632,-0.001103650,,,
1786043806226713652,1786043806.226130749,/novatel/oem7/inspva,/novatel/oem7/inspva,/novatel/oem7/inspva,39.663,-75.756,-1.801921038,0.001473954,-0.001311245,0.000150103,0.001466291,-0.001311245,,novatel_oem7_msgs.msg.InertialSolutionStatus(status=3),
1786043806228089819,1786043806.226320235,/novatel/oem7/fix,/novatel/oem7/fix,/novatel/oem7/inspva,39.663,-75.756,-1.801921038,0.001473954,-0.001311245,0.000150103,0.001466291,-0.001311245,,0,
1786043806229170050,1786043806.226801003,/novatel/oem7/odom,/novatel/oem7/fix,/novatel/oem7/odom,39.663,-75.756,-1.801921038,0.001479097,-0.001305441,0.001476822,0.000082000,-0.001305441,,,
1786043806235547391,1786043806.234858911,/novatel/oem7/odom,/novatel/oem7/fix,/novatel/oem7/odom,39.663,-75.756,-1.801921038,0.001479097,-0.001305441,0.001476822,0.000082000,-0.001305441,,,
1786043806245883223,1786043806.245308490,/novatel/oem7/inspva,/novatel/oem7/inspva,/novatel/oem7/inspva,39.663,-75.756,-1.801912835,0.001375481,-0.001343289,-0.000107733,0.001371255,-0.001343289,,novatel_oem7_msgs.msg.InertialSolutionStatus(status=3),
1786043806247247663,1786043806.245542065,/novatel/oem7/fix,/novatel/oem7/fix,/novatel/oem7/inspva,39.663,-75.756,-1.801912835,0.001375481,-0.001343289,-0.000107733,0.001371255,-0.001343289,,0,
1786043806248355214,1786043806.246087768,/novatel/oem7/odom,/novatel/oem7/fix,/novatel/oem7/odom,39.663,-75.756,-1.801912835,0.001380119,-0.001338523,0.001369506,-0.000170829,-0.001338523,,,
1786043806257032548,1786043806.256357004,/novatel/oem7/odom,/novatel/oem7/fix,/novatel/oem7/odom,39.663,-75.756,-1.801912835,0.001380119,-0.001338523,0.001369506,-0.000170829,-0.001338523,,,
1786043806266592475,1786043806.266025272,/novatel/oem7/inspva,/novatel/oem7/inspva,/novatel/oem7/inspva,39.663,-75.756,-1.801897774,0.001678084,-0.001324796,-0.000107412,0.001674643,-0.001324796,,novatel_oem7_msgs.msg.InertialSolutionStatus(status=3),
1786043806267907528,1786043806.266206864,/novatel/oem7/fix,/novatel/oem7/fix,/novatel/oem7/inspva,39.663,-75.756,-1.801897774,0.001678084,-0.001324796,-0.000107412,0.001674643,-0.001324796,,0,
1786043806268961989,1786043806.266623345,/novatel/oem7/odom,/novatel/oem7/fix,/novatel/oem7/odom,39.663,-75.756,-1.801897774,0.001682715,-0.001318909,0.001672485,-0.000185265,-0.001318909,,,
1786043806275023360,1786043806.274368333,/novatel/oem7/odom,/novatel/oem7/fix,/novatel/oem7/odom,39.663,-75.756,-1.801897774,0.001682715,-0.001318909,0.001672485,-0.000185265,-0.001318909,,,
1786043806287187292,1786043806.286633894,/novatel/oem7/inspva,/novatel/oem7/inspva,/novatel/oem7/inspva,39.663,-75.756,-1.801890449,0.001200262,-0.001258905,0.000116088,0.001194635,-0.001258905,,novatel_oem7_msgs.msg.InertialSolutionStatus(status=3),
1786043806288515359,1786043806.286811002,/novatel/oem7/fix,/novatel/oem7/fix,/novatel/oem7/inspva,39.663,-75.756,-1.801890449,0.001200262,-0.001258905,0.000116088,0.001194635,-0.001258905,,0,
1786043806289558590,1786043806.287210850,/novatel/oem7/odom,/novatel/oem7/fix,/novatel/oem7/odom,39.663,-75.756,-1.801890449,0.001205200,-0.001254178,0.001203650,0.000061103,-0.001254178,,,
1786043806296172343,1786043806.295547079,/novatel/oem7/odom,/novatel/oem7/fix,/novatel/oem7/odom,39.663,-75.756,-1.801890449,0.001205200,-0.001254178,0.001203650,0.000061103,-0.001254178,,,
1786043806306317016,1786043806.305784553,/novatel/oem7/inspva,/novatel/oem7/inspva,/novatel/oem7/inspva,39.663,-75.756,-1.801874726,0.001252141,-0.001269145,0.000118318,0.001246539,-0.001269145,,novatel_oem7_msgs.msg.InertialSolutionStatus(status=3),
1786043806307636552,1786043806.305951512,/novatel/oem7/fix,/novatel/oem7/fix,/novatel/oem7/inspva,39.663,-75.756,-1.801874726,0.001252141,-0.001269145,0.000118318,0.001246539,-0.001269145,,0,
1786043806308673783,1786043806.306407933,/novatel/oem7/odom,/novatel/oem7/fix,/novatel/oem7/odom,39.663,-75.756,-1.801874726,0.001257096,-0.001264237,0.001255623,0.000060831,-0.001264237,,,
1786043806310155814,1786043806.309486031,/novatel/oem7/bestpos,/novatel/oem7/bestpos,/novatel/oem7/odom,39.663,-75.756,33.180598214,0.001257096,-0.001264237,0.001255623,0.000060831,-0.001264237,,novatel_oem7_msgs.msg.SolutionStatus(status=0),novatel_oem7_msgs.msg.PositionOrVelocityType(type=53)
1786043806311588516,1786043806.310114917,/novatel/oem7/bestvel,/novatel/oem7/bestpos,/novatel/oem7/bestvel,39.663,-75.756,33.180598214,0.001477246,-0.000984716,,,,109.762924293,novatel_oem7_msgs.msg.SolutionStatus(status=0),novatel_oem7_msgs.msg.PositionOrVelocityType(type=53)
1786043806315032877,1786043806.314379494,/novatel/oem7/odom,/novatel/oem7/bestpos,/novatel/oem7/odom,39.663,-75.756,33.180598214,0.001257096,-0.001264237,0.001255623,0.000060831,-0.001264237,,,
1786043806327050595,1786043806.326506979,/novatel/oem7/inspva,/novatel/oem7/inspva,/novatel/oem7/inspva,39.663,-75.756,-1.801864521,0.001544115,-0.001078268,-0.000128466,0.001538761,-0.001078268,,novatel_oem7_msgs.msg.InertialSolutionStatus(status=3),
1786043806328722259,1786043806.326673128,/novatel/oem7/fix,/novatel/oem7/fix,/novatel/oem7/inspva,39.663,-75.756,-1.801864521,0.001544115,-0.001078268,-0.000128466,0.001538761,-0.001078268,,0,
1786043806330032452,1786043806.326953642,/novatel/oem7/odom,/novatel/oem7/fix,/novatel/oem7/odom,39.663,-75.756,-1.801864521,0.001547828,-0.001072930,0.001534811,-0.000200314,-0.001072930,,,
1786043806335641062,1786043806.334946218,/novatel/oem7/odom,/novatel/oem7/fix,/novatel/oem7/odom,39.663,-75.756,-1.801864521,0.001547828,-0.001072930,0.001534811,-0.000200314,-0.001072930,,,
1786043806345560135,1786043806.344976079,/novatel/oem7/inspva,/novatel/oem7/inspva,/novatel/oem7/inspva,39.663,-75.756,-1.801846675,0.001368672,-0.000817631,0.000007234,0.001368652,-0.000817631,,novatel_oem7_msgs.msg.InertialSolutionStatus(status=3),
1786043806346912175,1786043806.345146468,/novatel/oem7/fix,/novatel/oem7/fix,/novatel/oem7/inspva,39.663,-75.756,-1.801846675,0.001368672,-0.000817631,0.000007234,0.001368652,-0.000817631,,0,
1786043806347993656,1786043806.345430875,/novatel/oem7/odom,/novatel/oem7/fix,/novatel/oem7/odom,39.663,-75.756,-1.801846675,0.001371684,-0.000812567,0.001370492,-0.000057174,-0.000812567,,,
1786043806356572150,1786043806.355862826,/novatel/oem7/odom,/novatel/oem7/fix,/novatel/oem7/odom,39.663,-75.756,-1.801846675,0.001371684,-0.000812567,0.001370492,-0.000057174,-0.000812567,,,
1786043806365836946,1786043806.365269461,/novatel/oem7/inspva,/novatel/oem7/inspva,/novatel/oem7/inspva,39.663,-75.756,-1.801842069,0.001592641,-0.001430868,0.000061107,0.001591468,-0.001430868,,novatel_oem7_msgs.msg.InertialSolutionStatus(status=3),
1786043806367154183,1786043806.365442079,/novatel/oem7/fix,/novatel/oem7/fix,/novatel/oem7/inspva,39.663,-75.756,-1.801842069,0.001592641,-0.001430868,0.000061107,0.001591468,-0.001430868,,0,
1786043806368229174,1786043806.365924257,/novatel/oem7/odom,/novatel/oem7/fix,/novatel/oem7/odom,39.663,-75.756,-1.801842069,0.001598034,-0.001424842,0.001597984,-0.000012648,-0.001424842,,,
1786043806375695959,1786043806.375014126,/novatel/oem7/odom,/novatel/oem7/fix,/novatel/oem7/odom,39.663,-75.756,-1.801842069,0.001598034,-0.001424842,0.001597984,-0.000012648,-0.001424842,,,
1786043806387012717,1786043806.386051084,/novatel/oem7/inspva,/novatel/oem7/inspva,/novatel/oem7/inspva,39.663,-75.756,-1.801822883,0.001401348,-0.001205468,-0.000014435,0.001401274,-0.001205468,,novatel_oem7_msgs.msg.InertialSolutionStatus(status=3),
1786043806387940916,1786043806.386290403,/novatel/oem7/fix,/novatel/oem7/fix,/novatel/oem7/inspva,39.663,-75.756,-1.801822883,0.001401348,-0.001205468,-0.000014435,0.001401274,-0.001205468,,0,
1786043806389584586,1786043806.386722107,/novatel/oem7/odom,/novatel/oem7/fix,/novatel/oem7/odom,39.663,-75.756,-1.801822883,0.001405737,-0.001200347,0.001403491,-0.000079433,-0.001200347,,,
1786043806395066585,1786043806.394403982,/novatel/oem7/odom,/novatel/oem7/fix,/novatel/oem7/odom,39.663,-75.756,-1.801822883,0.001405737,-0.001200347,0.001403491,-0.000079433,-0.001200347,,,
1786043806406369106,1786043806.405836723,/novatel/oem7/inspva,/novatel/oem7/inspva,/novatel/oem7/inspva,39.663,-75.756,-1.801813384,0.001471522,-0.000933753,0.000409155,0.001413495,-0.000933753,,novatel_oem7_msgs.msg.InertialSolutionStatus(status=3),
1786043806407771990,1786043806.405992425,/novatel/oem7/fix,/novatel/oem7/fix,/novatel/oem7/inspva,39.663,-75.756,-1.801813384,0.001471522,-0.000933753,0.000409155,0.001413495,-0.000933753,,0,
1786043806408854548,1786043806.406844303,/novatel/oem7/odom,/novatel/oem7/fix,/novatel/oem7/odom,39.663,-75.756,-1.801813384,0.001475479,-0.000927487,0.001435199,0.000342407,-0.000927487,,,
1786043806410754970,1786043806.409970352,/novatel/oem7/bestpos,/novatel/oem7/bestpos,/novatel/oem7/odom,39.663,-75.756,33.180662301,0.001475479,-0.000927487,0.001435199,0.000342407,-0.000927487,,novatel_oem7_msgs.msg.SolutionStatus(status=0),novatel_oem7_msgs.msg.PositionOrVelocityType(type=53)
1786043806412218242,1786043806.410375033,/novatel/oem7/bestvel,/novatel/oem7/bestpos,/novatel/oem7/bestvel,39.663,-75.756,33.180662301,0.001155414,-0.000724959,,,,74.030298784,novatel_oem7_msgs.msg.SolutionStatus(status=0),novatel_oem7_msgs.msg.PositionOrVelocityType(type=53)
1786043806416189961,1786043806.415529518,/novatel/oem7/odom,/novatel/oem7/bestpos,/novatel/oem7/odom,39.663,-75.756,33.180662301,0.001475479,-0.000927487,0.001435199,0.000342407,-0.000927487,,,
1786043806425612437,1786043806.425005684,/novatel/oem7/inspva,/novatel/oem7/inspva,/novatel/oem7/inspva,39.663,-75.756,-1.801798100,0.001401880,-0.001016232,-0.000130759,0.001395768,-0.001016232,,novatel_oem7_msgs.msg.InertialSolutionStatus(status=3),
1786043806427466918,1786043806.425157335,/novatel/oem7/fix,/novatel/oem7/fix,/novatel/oem7/inspva,39.663,-75.756,-1.801798100,0.001401880,-0.001016232,-0.000130759,0.001395768,-0.001016232,,0,
1786043806428696491,1786043806.425586440,/novatel/oem7/odom,/novatel/oem7/fix,/novatel/oem7/odom,39.663,-75.756,-1.801798100,0.001405330,-0.001011456,0.001391620,-0.000195821,-0.001011456,,,
1786043806435199260,1786043806.434520827,/novatel/oem7/odom,/novatel/oem7/fix,/novatel/oem7/odom,39.663,-75.756,-1.801798100,0.001405330,-0.001011456,0.001391620,-0.000195821,-0.001011456,,,
1786043806447010973,1786043806.446474303,/novatel/oem7/inspva,/novatel/oem7/inspva,/novatel/oem7/inspva,39.663,-75.756,-1.801788416,0.001624449,-0.000944062,-0.000140958,0.001618321,-0.000944062,,novatel_oem7_msgs.msg.InertialSolutionStatus(status=3),
1786043806448416513,1786043806.446636645,/novatel/oem7/fix,/novatel/oem7/fix,/novatel/oem7/inspva,39.663,-75.756,-1.801788416,0.001624449,-0.000944062,-0.000140958,0.001618321,-0.000944062,,0,
1786043806449531544,1786043806.447107717,/novatel/oem7/odom,/novatel/oem7/fix,/novatel/oem7/odom,39.663,-75.756,-1.801788416,0.001627662,-0.000938511,0.001613136,-0.000216969,-0.000938511,,,
1786043806456933136,1786043806.456261642,/novatel/oem7/odom,/novatel/oem7/fix,/novatel/oem7/odom,39.663,-75.756,-1.801788416,0.001627662,-0.000938511,0.001613136,-0.000216969,-0.000938511,,,
1786043806465543423,1786043806.464975917,/novatel/oem7/inspva,/novatel/oem7/inspva,/novatel/oem7/inspva,39.663,-75.756,-1.801770905,0.001615912,-0.000686328,-0.000351107,0.001577306,-0.000686328,,novatel_oem7_msgs.msg.InertialSolutionStatus(status=3),
1786043806466943124,1786043806.465151642,/novatel/oem7/fix,/novatel/oem7/fix,/novatel/oem7/inspva,39.663,-75.756,-1.801770905,0.001615912,-0.000686328,-0.000351107,0.001577306,-0.000686328,,0,
1786043806467998464,1786043806.465652361,/novatel/oem7/odom,/novatel/oem7/fix,/novatel/oem7/odom,39.663,-75.756,-1.801770905,0.001617961,-0.000681484,0.001561003,-0.000425520,-0.000681484,,,
1786043806475208747,1786043806.474568610,/novatel/oem7/odom,/novatel/oem7/fix,/novatel/oem7/odom,39.663,-75.756,-1.801770905,0.001617961,-0.000681484,0.001561003,-0.000425520,-0.000681484,,,
1786043806485755720,1786043806.485186281,/novatel/oem7/inspva,/novatel/oem7/inspva,/novatel/oem7/inspva,39.663,-75.756,-1.801764788,0.001494637,-0.001045546,-0.000055953,0.001493589,-0.001045546,,novatel_oem7_msgs.msg.InertialSolutionStatus(status=3),
1786043806487195895,1786043806.485356556,/novatel/oem7/fix,/novatel/oem7/fix,/novatel/oem7/inspva,39.663,-75.756,-1.801764788,0.001494637,-0.001045546,-0.000055953,0.001493589,-0.001045546,,0,
1786043806488326723,1786043806.485726210,/novatel/oem7/odom,/novatel/oem7/fix,/novatel/oem7/odom,39.663,-75.756,-1.801764788,0.001498354,-0.001040212,0.001493066,-0.000125765,-0.001040212,,,
1786043806495341994,1786043806.494712982,/novatel/oem7/odom,/novatel/oem7/fix,/novatel/oem7/odom,39.663,-75.756,-1.801764788,0.001498354,-0.001040212,0.001493066,-0.000125765,-0.001040212,,,
1786043806506584250,1786043806.505999088,/novatel/oem7/inspva,/novatel/oem7/inspva,/novatel/oem7/inspva,39.663,-75.756,-1.801748751,0.001520437,-0.000994594,-0.000247067,0.001500229,-0.000994594,,novatel_oem7_msgs.msg.InertialSolutionStatus(status=3),
1786043806507973961,1786043806.506160186,/novatel/oem7/fix,/novatel/oem7/fix,/novatel/oem7/inspva,39.663,-75.756,-1.801748751,0.001520437,-0.000994594,-0.000247067,0.001500229,-0.000994594,,0,
1786043806509072255,1786043806.506542200,/novatel/oem7/odom,/novatel/oem7/fix,/novatel/oem7/odom,39.663,-75.756,-1.801748751,0.001523599,-0.000989744,0.001490235,-0.000317099,-0.000989744,,,
1786043806511985282,1786043806.511401349,/novatel/oem7/bestpos,/novatel/oem7/bestpos,/novatel/oem7/odom,39.663,-75.756,33.180717207,0.001523599,-0.000989744,0.001490235,-0.000317099,-0.000989744,,novatel_oem7_msgs.msg.SolutionStatus(status=0),novatel_oem7_msgs.msg.PositionOrVelocityType(type=53)
1786043806513450476,1786043806.512335538,/novatel/oem7/bestvel,/novatel/oem7/bestpos,/novatel/oem7/bestvel,39.663,-75.756,33.180717207,0.001811676,-0.001191485,,,,95.589643370,novatel_oem7_msgs.msg.SolutionStatus(status=0),novatel_oem7_msgs.msg.PositionOrVelocityType(type=53)
1786043806515050786,1786043806.514367289,/novatel/oem7/odom,/novatel/oem7/bestpos,/novatel/oem7/odom,39.663,-75.756,33.180717207,0.001523599,-0.000989744,0.001490235,-0.000317099,-0.000989744,,,
1786043806525812954,1786043806.525208352,/novatel/oem7/inspva,/novatel/oem7/inspva,/novatel/oem7/inspva,39.663,-75.756,-1.801736257,0.001557955,-0.000638051,0.000105911,0.001554351,-0.000638051,,novatel_oem7_msgs.msg.InertialSolutionStatus(status=3),
1786043806527188752,1786043806.525385924,/novatel/oem7/fix,/novatel/oem7/fix,/novatel/oem7/inspva,39.663,-75.756,-1.801736257,0.001557955,-0.000638051,0.000105911,0.001554351,-0.000638051,,0,
1786043806528287233,1786043806.525675182,/novatel/oem7/odom,/novatel/oem7/fix,/novatel/oem7/odom,39.663,-75.756,-1.801736257,0.001560386,-0.000632082,0.001560058,0.000031962,-0.000632082,,,
1786043806536078348,1786043806.535400628,/novatel/oem7/odom,/novatel/oem7/fix,/novatel/oem7/odom,39.663,-75.756,-1.801736257,0.001560386,-0.000632082,0.001560058,0.000031962,-0.000632082,,,
1786043806545630804,1786043806.545040068,/novatel/oem7/inspva,/novatel/oem7/inspva,/novatel/oem7/inspva,39.663,-75.756,-1.801723606,0.001376147,-0.000839828,-0.000145331,0.001368452,-0.000839828,,novatel_oem7_msgs.msg.InertialSolutionStatus(status=3),
1786043806547064109,1786043806.545229094,/novatel/oem7/fix,/novatel/oem7/fix,/novatel/oem7/inspva,39.663,-75.756,-1.801723606,0.001376147,-0.000839828,-0.000145331,0.001368452,-0.000839828,,0,
1786043806548180334,1786043806.545590078,/novatel/oem7/odom,/novatel/oem7/fix,/novatel/oem7/odom,39.663,-75.756,-1.801723606,0.001378961,-0.000835201,0.001362959,-0.000209466,-0.000835201,,,
1786043806556274159,1786043806.555582662,/novatel/oem7/odom,/novatel/oem7/fix,/novatel/oem7/odom,39.663,-75.756,-1.801723606,0.001378961,-0.000835201,0.001362959,-0.000209466,-0.000835201,,,
1786043806567010470,1786043806.566475069,/novatel/oem7/inspva,/novatel/oem7/inspva,/novatel/oem7/inspva,39.663,-75.756,-1.801718031,0.001659976,-0.000975016,-0.000264422,0.001638780,-0.000975016,,novatel_oem7_msgs.msg.InertialSolutionStatus(status=3),
1786043806568364858,1786043806.566639457,/novatel/oem7/fix,/novatel/oem7/fix,/novatel/oem7/inspva,39.663,-75.756,-1.801718031,0.001659976,-0.000975016,-0.000264422,0.001638780,-0.000975016,,0,
1786043806569470725,1786043806.567013332,/novatel/oem7/odom,/novatel/oem7/fix,/novatel/oem7/odom,39.663,-75.756,-1.801718031,0.001663070,-0.000969729,0.001627693,-0.000341200,-0.000969729,,,
1786043806575334841,1786043806.574692095,/novatel/oem7/odom,/novatel/oem7/fix,/novatel/oem7/odom,39.663,-75.756,-1.801718031,0.001663070,-0.000969729,0.001627693,-0.000341200,-0.000969729,,,
1786043806585569364,1786043806.584978942,/novatel/oem7/inspva,/novatel/oem7/inspva,/novatel/oem7/inspva,39.663,-75.756,-1.801702260,0.001624506,-0.000884847,-0.000238327,0.001606929,-0.000884847,,novatel_oem7_msgs.msg.InertialSolutionStatus(status=3),
1786043806587012829,1786043806.585148623,/novatel/oem7/fix,/novatel/oem7/fix,/novatel/oem7/inspva,39.663,-75.756,-1.801702260,0.001624506,-0.000884847,-0.000238327,0.001606929,-0.000884847,,0,
1786043806588113717,1786043806.585548787,/novatel/oem7/odom,/novatel/oem7/fix,/novatel/oem7/odom,39.663,-75.756,-1.801702260,0.001627344,-0.000879618,0.001596802,-0.000313802,-0.000879618,,,
1786043806596018403,1786043806.595353043,/novatel/oem7/odom,/novatel/oem7/fix,/novatel/oem7/odom,39.663,-75.756,-1.801702260,0.001627344,-0.000879618,0.001596802,-0.000313802,-0.000879618,,,
1786043806606879953,1786043806.606305260,/novatel/oem7/inspva,/novatel/oem7/inspva,/novatel/oem7/inspva,39.663,-75.756,-1.801693555,0.001955799,-0.000666279,-0.000584842,0.001866309,-0.000666279,,novatel_oem7_msgs.msg.InertialSolutionStatus(status=3),
1786043806608263133,1786043806.606490292,/novatel/oem7/fix,/novatel/oem7/fix,/novatel/oem7/inspva,39.663,-75.756,-1.801693555,0.001955799,-0.000666279,-0.000584842,0.001866309,-0.000666279,,0,
1786043806609335501,1786043806.606992237,/novatel/oem7/odom,/novatel/oem7/fix,/novatel/oem7/odom,39.663,-75.756,-1.801693555,0.001957572,-0.000661052,0.001838237,-0.000673031,-0.000661052,,,
1786043806610929580,1786043806.610200356,/novatel/oem7/bestpos,/novatel/oem7/bestpos,/novatel/oem7/odom,39.663,-75.756,33.180779489,0.001957572,-0.000661052,0.001838237,-0.000673031,-0.000661052,,novatel_oem7_msgs.msg.SolutionStatus(status=0),novatel_oem7_msgs.msg.PositionOrVelocityType(type=53)
1786043806612371575,1786043806.610531763,/novatel/oem7/bestvel,/novatel/oem7/bestpos,/novatel/oem7/bestvel,39.663,-75.756,33.180779489,0.001698427,-0.000545148,,,,109.261114777,novatel_oem7_msgs.msg.SolutionStatus(status=0),novatel_oem7_msgs.msg.PositionOrVelocityType(type=53)
1786043806615531860,1786043806.614857184,/novatel/oem7/odom,/novatel/oem7/bestpos,/novatel/oem7/odom,39.663,-75.756,33.180779489,0.001957572,-0.000661052,0.001838237,-0.000673031,-0.000661052,,,
1786043806626590365,1786043806.625971352,/novatel/oem7/inspva,/novatel/oem7/inspva,/novatel/oem7/inspva,39.663,-75.756,-1.801681474,0.001674284,-0.001097728,-0.000241923,0.001656714,-0.001097728,,novatel_oem7_msgs.msg.InertialSolutionStatus(status=3),
1786043806628018066,1786043806.626206281,/novatel/oem7/fix,/novatel/oem7/fix,/novatel/oem7/inspva,39.663,-75.756,-1.801681474,0.001674284,-0.001097728,-0.000241923,0.001656714,-0.001097728,,0,
1786043806629108711,1786043806.626571731,/novatel/oem7/odom,/novatel/oem7/fix,/novatel/oem7/odom,39.663,-75.756,-1.801681474,0.001677798,-0.001092350,0.001647141,-0.000319269,-0.001092350,,,
1786043806635051854,1786043806.634341369,/novatel/oem7/odom,/novatel/oem7/fix,/novatel/oem7/odom,39.663,-75.756,-1.801681474,0.001677798,-0.001092350,0.001647141,-0.000319269,-0.001092350,,,
1786043806645745382,1786043806.645168639,/novatel/oem7/inspva,/novatel/oem7/inspva,/novatel/oem7/inspva,39.663,-75.756,-1.801669066,0.001725096,-0.000654572,-0.000235825,0.001708901,-0.000654572,,novatel_oem7_msgs.msg.InertialSolutionStatus(status=3),
1786043806647173976,1786043806.645374001,/novatel/oem7/fix,/novatel/oem7/fix,/novatel/oem7/inspva,39.663,-75.756,-1.801669066,0.001725096,-0.000654572,-0.000235825,0.001708901,-0.000654572,,0,
1786043806648302668,1786043806.645708114,/novatel/oem7/odom,/novatel/oem7/fix,/novatel/oem7/odom,39.663,-75.756,-1.801669066,0.001727199,-0.000649003,0.001697897,-0.000316796,-0.000649003,,,
1786043806656915828,1786043806.656229813,/novatel/oem7/odom,/novatel/oem7/fix,/novatel/oem7/odom,39.663,-75.756,-1.801669066,0.001727199,-0.000649003,0.001697897,-0.000316796,-0.000649003,,,
1786043806665466464,1786043806.664917305,/novatel/oem7/inspva,/novatel/oem7/inspva,/novatel/oem7/inspva,39.663,-75.756,-1.801654135,0.001651677,-0.000687288,-0.000176927,0.001642173,-0.000687288,,novatel_oem7_msgs.msg.InertialSolutionStatus(status=3),
1786043806666875175,1786043806.665084284,/novatel/oem7/fix,/novatel/oem7/fix,/novatel/oem7/inspva,39.663,-75.756,-1.801654135,0.001651677,-0.000687288,-0.000176927,0.001642173,-0.000687288,,0,
1786043806667932886,1786043806.665490691,/novatel/oem7/odom,/novatel/oem7/fix,/novatel/oem7/odom,39.663,-75.756,-1.801654135,0.001653956,-0.000681785,0.001634235,-0.000254647,-0.000681785,,,
1786043806675088061,1786043806.674457117,/novatel/oem7/odom,/novatel/oem7/fix,/novatel/oem7/odom,39.663,-75.756,-1.801654135,0.001653956,-0.000681785,0.001634235,-0.000254647,-0.000681785,,,
1786043806687160457,1786043806.686623414,/novatel/oem7/inspva,/novatel/oem7/inspva,/novatel/oem7/inspva,39.663,-75.756,-1.801645306,0.002269235,-0.000601631,-0.000227873,0.002257765,-0.000601631,,novatel_oem7_msgs.msg.InertialSolutionStatus(status=3),
1786043806688595291,1786043806.686794579,/novatel/oem7/fix,/novatel/oem7/fix,/novatel/oem7/inspva,39.663,-75.756,-1.801645306,0.002269235,-0.000601631,-0.000227873,0.002257765,-0.000601631,,0,
1786043806689690665,1786043806.687238691,/novatel/oem7/odom,/novatel/oem7/fix,/novatel/oem7/odom,39.663,-75.756,-1.801645306,0.002271234,-0.000594039,0.002246303,-0.000335598,-0.000594039,,,
1786043806695464977,1786043806.694798606,/novatel/oem7/odom,/novatel/oem7/fix,/novatel/oem7/odom,39.663,-75.756,-1.801645306,0.002271234,-0.000594039,0.002246303,-0.000335598,-0.000594039,,,
1786043806706283496,1786043806.705753631,/novatel/oem7/inspva,/novatel/oem7/inspva,/novatel/oem7/inspva,39.663,-75.756,-1.801632081,0.001994113,-0.000913963,-0.000130278,0.001989853,-0.000913963,,novatel_oem7_msgs.msg.InertialSolutionStatus(status=3),
1786043806707700634,1786043806.705924269,/novatel/oem7/fix,/novatel/oem7/fix,/novatel/oem7/inspva,39.663,-75.756,-1.801632081,0.001994113,-0.000913963,-0.000130278,0.001989853,-0.000913963,,0,
1786043806708861139,1786043806.706430404,/novatel/oem7/odom,/novatel/oem7/fix,/novatel/oem7/odom,39.663,-75.756,-1.801632081,0.001997258,-0.000907069,0.001984617,-0.000224358,-0.000907069,,,
1786043806710389594,1786043806.709266130,/novatel/oem7/bestpos,/novatel/oem7/bestpos,/novatel/oem7/odom,39.663,-75.756,33.180829753,0.001997258,-0.000907069,0.001984617,-0.000224358,-0.000907069,,novatel_oem7_msgs.msg.SolutionStatus(status=0),novatel_oem7_msgs.msg.PositionOrVelocityType(type=53)
1786043806711911567,1786043806.709887069,/novatel/oem7/bestvel,/novatel/oem7/bestpos,/novatel/oem7/bestvel,39.663,-75.756,33.180829753,0.002095555,-0.000938560,,,,94.795280260,novatel_oem7_msgs.msg.SolutionStatus(status=0),novatel_oem7_msgs.msg.PositionOrVelocityType(type=53)
1786043806716349834,1786043806.715642120,/novatel/oem7/odom,/novatel/oem7/bestpos,/novatel/oem7/odom,39.663,-75.756,33.180829753,0.001997258,-0.000907069,0.001984617,-0.000224358,-0.000907069,,,
1786043806725938654,1786043806.725366389,/novatel/oem7/inspva,/novatel/oem7/inspva,/novatel/oem7/inspva,39.663,-75.756,-1.801626291,0.002126761,-0.000883130,-0.000482450,0.002071317,-0.000883130,,novatel_oem7_msgs.msg.InertialSolutionStatus(status=3),
1786043806727364749,1786043806.725548924,/novatel/oem7/fix,/novatel/oem7/fix,/novatel/oem7/inspva,39.663,-75.756,-1.801626291,0.002126761,-0.000883130,-0.000482450,0.002071317,-0.000883130,,0,
1786043806728533911,1786043806.726241997,/novatel/oem7/odom,/novatel/oem7/fix,/novatel/oem7/odom,39.663,-75.756,-1.801626291,0.002129341,-0.000876893,0.002048784,-0.000580152,-0.000876893,,,
1786043806735661379,1786043806.734925179,/novatel/oem7/odom,/novatel/oem7/fix,/novatel/oem7/odom,39.663,-75.756,-1.801626291,0.002129341,-0.000876893,0.002048784,-0.000580152,-0.000876893,,,
1786043806746533809,1786043806.745965943,/novatel/oem7/inspva,/novatel/oem7/inspva,/novatel/oem7/inspva,39.663,-75.756,-1.801612746,0.002286234,-0.000858034,-0.000193677,0.002278016,-0.000858034,,novatel_oem7_msgs.msg.InertialSolutionStatus(status=3),
1786043806748072351,1786043806.746111238,/novatel/oem7/fix,/novatel/oem7/fix,/novatel/oem7/inspva,39.663,-75.756,-1.801612746,0.002286234,-0.000858034,-0.000193677,0.002278016,-0.000858034,,0,
1786043806749158986,1786043806.746563533,/novatel/oem7/odom,/novatel/oem7/fix,/novatel/oem7/odom,39.663,-75.756,-1.801612746,0.002289130,-0.000850277,0.002269148,-0.000301802,-0.000850277,,,
1786043806756287995,1786043806.755632138,/novatel/oem7/odom,/novatel/oem7/fix,/novatel/oem7/odom,39.663,-75.756,-1.801612746,0.002289130,-0.000850277,0.002269148,-0.000301802,-0.000850277,,,
1786043806765777700,1786043806.765162590,/novatel/oem7/inspva,/novatel/oem7/inspva,/novatel/oem7/inspva,39.663,-75.756,-1.801605947,0.001946560,-0.000679962,-0.000270986,0.001927605,-0.000679962,,novatel_oem7_msgs.msg.InertialSolutionStatus(status=3),
1786043806767132637,1786043806.765308796,/novatel/oem7/fix,/novatel/oem7/fix,/novatel/oem7/inspva,39.663,-75.756,-1.801605947,0.001946560,-0.000679962,-0.000270986,0.001927605,-0.000679962,,0,
1786043806768217181,1786043806.765663928,/novatel/oem7/odom,/novatel/oem7/fix,/novatel/oem7/odom,39.663,-75.756,-1.801605947,0.001948742,-0.000673682,0.001914740,-0.000362446,-0.000673682,,,
1786043806776065847,1786043806.775411747,/novatel/oem7/odom,/novatel/oem7/fix,/novatel/oem7/odom,39.663,-75.756,-1.801605947,0.001948742,-0.000673682,0.001914740,-0.000362446,-0.000673682,,,
1786043806785792999,1786043806.785158896,/novatel/oem7/inspva,/novatel/oem7/inspva,/novatel/oem7/inspva,39.663,-75.756,-1.801593957,0.002052496,-0.000766281,-0.000294018,0.002031328,-0.000766281,,novatel_oem7_msgs.msg.InertialSolutionStatus(status=3),
1786043806787179306,1786043806.785309454,/novatel/oem7/fix,/novatel/oem7/fix,/novatel/oem7/inspva,39.663,-75.756,-1.801593957,0.002052496,-0.000766281,-0.000294018,0.002031328,-0.000766281,,0,
1786043806788315441,1786043806.785694549,/novatel/oem7/odom,/novatel/oem7/fix,/novatel/oem7/odom,39.663,-75.756,-1.801593957,0.002054943,-0.000759693,0.002017542,-0.000390274,-0.000759693,,,
1786043806795027619,1786043806.794359932,/novatel/oem7/odom,/novatel/oem7/fix,/novatel/oem7/odom,39.663,-75.756,-1.801593957,0.002054943,-0.000759693,0.002017542,-0.000390274,-0.000759693,,,
1786043806806910986,1786043806.806332700,/novatel/oem7/inspva,/novatel/oem7/inspva,/novatel/oem7/inspva,39.663,-75.756,-1.801588002,0.002206749,-0.000626205,-0.000381678,0.002173491,-0.000626205,,novatel_oem7_msgs.msg.InertialSolutionStatus(status=3),
1786043806808330070,1786043806.806622343,/novatel/oem7/fix,/novatel/oem7/fix,/novatel/oem7/inspva,39.663,-75.756,-1.801588002,0.002206749,-0.000626205,-0.000381678,0.002173491,-0.000626205,,0,
1786043806809486482,1786043806.807016673,/novatel/oem7/odom,/novatel/oem7/fix,/novatel/oem7/odom,39.663,-75.756,-1.801588002,0.002208684,-0.000619347,0.002154757,-0.000485086,-0.000619347,,,
1786043806811026067,1786043806.810251142,/novatel/oem7/bestpos,/novatel/oem7/bestpos,/novatel/oem7/odom,39.663,-75.756,33.180886653,0.002208684,-0.000619347,0.002154757,-0.000485086,-0.000619347,,novatel_oem7_msgs.msg.SolutionStatus(status=0),novatel_oem7_msgs.msg.PositionOrVelocityType(type=53)
1786043806812561476,1786043806.810776268,/novatel/oem7/bestvel,/novatel/oem7/bestpos,/novatel/oem7/bestvel,39.663,-75.756,33.180886653,0.001950371,-0.000300292,,,,109.383639512,novatel_oem7_msgs.msg.SolutionStatus(status=0),novatel_oem7_msgs.msg.PositionOrVelocityType(type=53)
1786043806815665847,1786043806.814902489,/novatel/oem7/odom,/novatel/oem7/bestpos,/novatel/oem7/odom,39.663,-75.756,33.180886653,0.002208684,-0.000619347,0.002154757,-0.000485086,-0.000619347,,,
1786043806825855657,1786043806.825146113,/novatel/oem7/inspva,/novatel/oem7/inspva,/novatel/oem7/inspva,39.663,-75.756,-1.801577362,0.002256235,-0.000643678,-0.000310337,0.002234790,-0.000643678,,novatel_oem7_msgs.msg.InertialSolutionStatus(status=3),
1786043806827212127,1786043806.825359718,/novatel/oem7/fix,/novatel/oem7/fix,/novatel/oem7/inspva,39.663,-75.756,-1.801577362,0.002256235,-0.000643678,-0.000310337,0.002234790,-0.000643678,,0,
1786043806828276041,1786043806.825675008,/novatel/oem7/odom,/novatel/oem7/fix,/novatel/oem7/odom,39.663,-75.756,-1.801577362,0.002258297,-0.000636407,0.002219508,-0.000416760,-0.000636407,,,
1786043806836278935,1786043806.835640068,/novatel/oem7/odom,/novatel/oem7/fix,/novatel/oem7/odom,39.663,-75.756,-1.801577362,0.002258297,-0.000636407,0.002219508,-0.000416760,-0.000636407,,,
1786043806846042194,1786043806.845345950,/novatel/oem7/inspva,/novatel/oem7/inspva,/novatel/oem7/inspva,39.663,-75.756,-1.801575988,0.002545071,-0.001028264,-0.000704456,0.002445635,-0.001028264,,novatel_oem7_msgs.msg.InertialSolutionStatus(status=3),
1786043806847602223,1786043806.845586179,/novatel/oem7/fix,/novatel/oem7/fix,/novatel/oem7/inspva,39.663,-75.756,-1.801575988,0.002545071,-0.001028264,-0.000704456,0.002445635,-0.001028264,,0,
1786043806848684100,1786043806.846159158,/novatel/oem7/odom,/novatel/oem7/fix,/novatel/oem7/odom,39.663,-75.756,-1.801575988,0.002547876,-0.001021293,0.002412430,-0.000819667,-0.001021293,,,
1786043806857025108,1786043806.856381037,/novatel/oem7/odom,/novatel/oem7/fix,/novatel/oem7/odom,39.663,-75.756,-1.801575988,0.002547876,-0.001021293,0.002412430,-0.000819667,-0.001021293,,,
1786043806866908051,1786043806.866171897,/novatel/oem7/inspva,/novatel/oem7/inspva,/novatel/oem7/inspva,39.663,-75.756,-1.801560360,0.002372985,-0.000544964,-0.000546823,0.002309122,-0.000544964,,novatel_oem7_msgs.msg.InertialSolutionStatus(status=3),
1786043806868368812,1786043806.866379432,/novatel/oem7/fix,/novatel/oem7/fix,/novatel/oem7/inspva,39.663,-75.756,-1.801560360,0.002372985,-0.000544964,-0.000546823,0.002309122,-0.000544964,,0,
1786043806869450790,1786043806.866835113,/novatel/oem7/odom,/novatel/oem7/fix,/novatel/oem7/odom,39.663,-75.756,-1.801560360,0.002374564,-0.000538043,0.002281927,-0.000656784,-0.000538043,,,
1786043806875115640,1786043806.874442638,/novatel/oem7/odom,/novatel/oem7/fix,/novatel/oem7/odom,39.663,-75.756,-1.801560360,0.002374564,-0.000538043,0.002281927,-0.000656784,-0.000538043,,,
1786043806885923289,1786043806.885283907,/novatel/oem7/inspva,/novatel/oem7/inspva,/novatel/oem7/inspva,39.663,-75.756,-1.801558601,0.002216605,-0.000820164,-0.000612313,0.002130354,-0.000820164,,novatel_oem7_msgs.msg.InertialSolutionStatus(status=3),
1786043806887486882,1786043806.885507999,/novatel/oem7/fix,/novatel/oem7/fix,/novatel/oem7/inspva,39.663,-75.756,-1.801558601,0.002216605,-0.000820164,-0.000612313,0.002130354,-0.000820164,,0,
1786043806888538946,1786043806.886217646,/novatel/oem7/odom,/novatel/oem7/fix,/novatel/oem7/odom,39.663,-75.756,-1.801558601,0.002218855,-0.000814055,0.002101230,-0.000712845,-0.000814055,,,
1786043806896304478,1786043806.895661565,/novatel/oem7/odom,/novatel/oem7/fix,/novatel/oem7/odom,39.663,-75.756,-1.801558601,0.002218855,-0.000814055,0.002101230,-0.000712845,-0.000814055,,,
1786043806906493017,1786043806.905754813,/novatel/oem7/inspva,/novatel/oem7/inspva,/novatel/oem7/inspva,39.663,-75.756,-1.801548198,0.002036670,-0.000753526,-0.000424344,0.001991973,-0.000753526,,novatel_oem7_msgs.msg.InertialSolutionStatus(status=3),
1786043806907973689,1786043806.905958498,/novatel/oem7/fix,/novatel/oem7/fix,/novatel/oem7/inspva,39.663,-75.756,-1.801548198,0.002036670,-0.000753526,-0.000424344,0.001991973,-0.000753526,,0,
1786043806909165881,1786043806.906440196,/novatel/oem7/odom,/novatel/oem7/fix,/novatel/oem7/odom,39.663,-75.756,-1.801548198,0.002038914,-0.000747433,0.001971872,-0.000518546,-0.000747433,,,
1786043806910973936,1786043806.909504004,/novatel/oem7/bestpos,/novatel/oem7/bestpos,/novatel/oem7/odom,39.663,-75.756,33.180930527,0.002038914,-0.000747433,0.001971872,-0.000518546,-0.000747433,,novatel_oem7_msgs.msg.SolutionStatus(status=0),novatel_oem7_msgs.msg.PositionOrVelocityType(type=53)
1786043806911929086,1786043806.910205094,/novatel/oem7/bestvel,/novatel/oem7/bestpos,/novatel/oem7/bestvel,39.663,-75.756,33.180930527,0.002401214,-0.000658910,,,,110.016438679,novatel_oem7_msgs.msg.SolutionStatus(status=0),novatel_oem7_msgs.msg.PositionOrVelocityType(type=53)
1786043806915080990,1786043806.914408667,/novatel/oem7/odom,/novatel/oem7/bestpos,/novatel/oem7/odom,39.663,-75.756,33.180930527,0.002038914,-0.000747433,0.001971872,-0.000518546,-0.000747433,,,
1786043806927314594,1786043806.926526269,/novatel/oem7/inspva,/novatel/oem7/inspva,/novatel/oem7/inspva,39.663,-75.756,-1.801547534,0.002573965,-0.000946135,-0.000695161,0.002478316,-0.000946135,,novatel_oem7_msgs.msg.InertialSolutionStatus(status=3),
1786043806928791462,1786043806.926745798,/novatel/oem7/fix,/novatel/oem7/fix,/novatel/oem7/inspva,39.663,-75.756,-1.801547534,0.002573965,-0.000946135,-0.000695161,0.002478316,-0.000946135,,0,
1786043806929855810,1786043806.927122140,/novatel/oem7/odom,/novatel/oem7/fix,/novatel/oem7/odom,39.663,-75.756,-1.801547534,0.002576571,-0.000939017,0.002445221,-0.000812163,-0.000939017,,,
1786043806935443189,1786043806.934590194,/novatel/oem7/odom,/novatel/oem7/fix,/novatel/oem7/odom,39.663,-75.756,-1.801547534,0.002576571,-0.000939017,0.002445221,-0.000812163,-0.000939017,,,
1786043806945455454,1786043806.944899578,/novatel/oem7/inspva,/novatel/oem7/inspva,/novatel/oem7/inspva,39.663,-75.756,-1.801536849,0.002163824,-0.000758367,-0.000745271,0.002031429,-0.000758367,,novatel_oem7_msgs.msg.InertialSolutionStatus(status=3),
1786043806946830968,1786043806.945063043,/novatel/oem7/fix,/novatel/oem7/fix,/novatel/oem7/inspva,39.663,-75.756,-1.801536849,0.002163824,-0.000758367,-0.000745271,0.002031429,-0.000758367,,0,
1786043806947938435,1786043806.945414390,/novatel/oem7/odom,/novatel/oem7/fix,/novatel/oem7/odom,39.663,-75.756,-1.801536849,0.002165708,-0.000752971,0.001995754,-0.000840985,-0.000752971,,,
1786043806956516032,1786043806.955829859,/novatel/oem7/odom,/novatel/oem7/fix,/novatel/oem7/odom,39.663,-75.756,-1.801536849,0.002165708,-0.000752971,0.001995754,-0.000840985,-0.000752971,,,
1786043806965747259,1786043806.965204509,/novatel/oem7/inspva,/novatel/oem7/inspva,/novatel/oem7/inspva,39.663,-75.756,-1.801538465,0.002490328,-0.000987908,-0.001202068,0.002181001,-0.000987908,,novatel_oem7_msgs.msg.InertialSolutionStatus(status=3),
1786043806967109132,1786043806.965345881,/novatel/oem7/fix,/novatel/oem7/fix,/novatel/oem7/inspva,39.663,-75.756,-1.801538465,0.002490328,-0.000987908,-0.001202068,0.002181001,-0.000987908,,0,
1786043806968240334,1786043806.965907388,/novatel/oem7/odom,/novatel/oem7/fix,/novatel/oem7/odom,39.663,-75.756,-1.801538465,0.002492203,-0.000983169,0.002123873,-0.001303932,-0.000983169,,,
1786043806975282385,1786043806.974590058,/novatel/oem7/odom,/novatel/oem7/fix,/novatel/oem7/odom,39.663,-75.756,-1.801538465,0.002492203,-0.000983169,0.002123873,-0.001303932,-0.000983169,,,
1786043806986667956,1786043806.986045687,/novatel/oem7/inspva,/novatel/oem7/inspva,/novatel/oem7/inspva,39.663,-75.756,-1.801526836,0.002480907,-0.000663193,-0.001213415,0.002163914,-0.000663193,,novatel_oem7_msgs.msg.InertialSolutionStatus(status=3),
1786043806987989290,1786043806.986207278,/novatel/oem7/fix,/novatel/oem7/fix,/novatel/oem7/inspva,39.663,-75.756,-1.801526836,0.002480907,-0.000663193,-0.001213415,0.002163914,-0.000663193,,0,
1786043806989026570,1786043806.986540081,/novatel/oem7/odom,/novatel/oem7/fix,/novatel/oem7/odom,39.663,-75.756,-1.801526836,0.002482134,-0.000658587,0.002105042,-0.001315213,-0.000658587,,,
1786043806995287703,1786043806.994651997,/novatel/oem7/odom,/novatel/oem7/fix,/novatel/oem7/odom,39.663,-75.756,-1.801526836,0.002482134,-0.000658587,0.002105042,-0.001315213,-0.000658587,,,
1786043807010132167,1786043807.009593251,/novatel/oem7/inspva,/novatel/oem7/inspva,/novatel/oem7/inspva,39.663,-75.756,-1.801527039,0.002117403,-0.000918683,-0.001135302,0.001787312,-0.000918683,,novatel_oem7_msgs.msg.InertialSolutionStatus(status=3),
1786043807011512694,1786043807.009745699,/novatel/oem7/fix,/novatel/oem7/fix,/novatel/oem7/inspva,39.663,-75.756,-1.801527039,0.002117403,-0.000918683,-0.001135302,0.001787312,-0.000918683,,0,
1786043807013050043,1786043807.011265724,/novatel/oem7/odom,/novatel/oem7/fix,/novatel/oem7/odom,39.663,-75.756,-1.801527039,0.002118911,-0.000915200,0.001733630,-0.001218323,-0.000915200,,,
1786043807017466531,1786043807.016800384,/novatel/oem7/odom,/novatel/oem7/fix,/novatel/oem7/odom,39.663,-75.756,-1.801527039,0.002118911,-0.000915200,0.001733630,-0.001218323,-0.000915200,,,
1786043807025091528,1786043807.024524255,/novatel/oem7/bestpos,/novatel/oem7/bestpos,/novatel/oem7/odom,39.663,-75.756,33.180942330,0.002118911,-0.000915200,0.001733630,-0.001218323,-0.000915200,,novatel_oem7_msgs.msg.SolutionStatus(status=0),novatel_oem7_msgs.msg.PositionOrVelocityType(type=53)
1786043807026936710,1786043807.026457982,/novatel/oem7/bestvel,/novatel/oem7/bestpos,/novatel/oem7/bestvel,39.663,-75.756,33.180942330,0.002253803,-0.000963811,,,,121.483820434,novatel_oem7_msgs.msg.SolutionStatus(status=0),novatel_oem7_msgs.msg.PositionOrVelocityType(type=53)
1786043807028359797,1786043807.026981217,/novatel/oem7/inspva,/novatel/oem7/inspva,/novatel/oem7/inspva,39.663,-75.756,-1.801516566,0.002202262,-0.000605556,-0.000992829,0.001965770,-0.000605556,,novatel_oem7_msgs.msg.InertialSolutionStatus(status=3),
1786043807029196332,1786043807.027122761,/novatel/oem7/fix,/novatel/oem7/fix,/novatel/oem7/inspva,39.663,-75.756,-1.801516566,0.002202262,-0.000605556,-0.000992829,0.001965770,-0.000605556,,0,
1786043807030254500,1786043807.027608126,/novatel/oem7/odom,/novatel/oem7/fix,/novatel/oem7/odom,39.663,-75.756,-1.801516566,0.002203485,-0.000601092,0.001917604,-0.001085422,-0.000601092,,,
1786043807035093062,1786043807.034431505,/novatel/oem7/odom,/novatel/oem7/fix,/novatel/oem7/odom,39.663,-75.756,-1.801516566,0.002203485,-0.000601092,0.001917604,-0.001085422,-0.000601092,,,
1786043807047128660,1786043807.046575918,/novatel/oem7/inspva,/novatel/oem7/inspva,/novatel/oem7/inspva,39.663,-75.756,-1.801511064,0.001993398,-0.000832703,-0.000875513,0.001790842,-0.000832703,,novatel_oem7_msgs.msg.InertialSolutionStatus(status=3),
1786043807048565868,1786043807.046726239,/novatel/oem7/fix,/novatel/oem7/fix,/novatel/oem7/inspva,39.663,-75.756,-1.801511064,0.001993398,-0.000832703,-0.000875513,0.001790842,-0.000832703,,0,
1786043807049649142,1786043807.047151414,/novatel/oem7/odom,/novatel/oem7/fix,/novatel/oem7/odom,39.663,-75.756,-1.801511064,0.001995135,-0.000828533,0.001749424,-0.000959208,-0.000828533,,,
1786043807057173845,1786043807.056523721,/novatel/oem7/odom,/novatel/oem7/fix,/novatel/oem7/odom,39.663,-75.756,-1.801511064,0.001995135,-0.000828533,0.001749424,-0.000959208,-0.000828533,,,
1786043807065459125,1786043807.064909906,/novatel/oem7/inspva,/novatel/oem7/inspva,/novatel/oem7/inspva,39.663,-75.756,-1.801504143,0.002281712,-0.000617815,-0.001048063,0.002026764,-0.000617815,,novatel_oem7_msgs.msg.InertialSolutionStatus(status=3),
1786043807067145499,1786043807.065038631,/novatel/oem7/fix,/novatel/oem7/fix,/novatel/oem7/inspva,39.663,-75.756,-1.801504143,0.002281712,-0.000617815,-0.001048063,0.002026764,-0.000617815,,0,
1786043807068182683,1786043807.065501366,/novatel/oem7/odom,/novatel/oem7/fix,/novatel/oem7/odom,39.663,-75.756,-1.801504143,0.002282938,-0.000613266,0.001975896,-0.001143522,-0.000613266,,,
1786043807076198834,1786043807.075544573,/novatel/oem7/odom,/novatel/oem7/fix,/novatel/oem7/odom,39.663,-75.756,-1.801504143,0.002282938,-0.000613266,0.001975896,-0.001143522,-0.000613266,,,
1786043807085980123,1786043807.085440947,/novatel/oem7/inspva,/novatel/oem7/inspva,/novatel/oem7/inspva,39.663,-75.756,-1.801498074,0.002285042,-0.000232103,-0.001231963,0.001924496,-0.000232103,,novatel_oem7_msgs.msg.InertialSolutionStatus(status=3),
1786043807087349786,1786043807.085581975,/novatel/oem7/fix,/novatel/oem7/fix,/novatel/oem7/inspva,39.663,-75.756,-1.801498074,0.002285042,-0.000232103,-0.001231963,0.001924496,-0.000232103,,0,
1786043807088465674,1786043807.086194398,/novatel/oem7/odom,/novatel/oem7/fix,/novatel/oem7/odom,39.663,-75.756,-1.801498074,0.002285415,-0.000228398,0.001863396,-0.001323207,-0.000228398,,,
1786043807095291810,1786043807.094616230,/novatel/oem7/odom,/novatel/oem7/fix,/novatel/oem7/odom,39.663,-75.756,-1.801498074,0.002285415,-0.000228398,0.001863396,-0.001323207,-0.000228398,,,
1786043807106207727,1786043807.105676251,/novatel/oem7/inspva,/novatel/oem7/inspva,/novatel/oem7/inspva,39.663,-75.756,-1.801494521,0.002260997,-0.000384766,-0.001169362,0.001935123,-0.000384766,,novatel_oem7_msgs.msg.InertialSolutionStatus(status=3),
1786043807107543163,1786043807.105819553,/novatel/oem7/fix,/novatel/oem7/fix,/novatel/oem7/inspva,39.663,-75.756,-1.801494521,0.002260997,-0.000384766,-0.001169362,0.001935123,-0.000384766,,0,
1786043807108598021,1786043807.106295234,/novatel/oem7/odom,/novatel/oem7/fix,/novatel/oem7/odom,39.663,-75.756,-1.801494521,0.002261654,-0.000380887,0.001877625,-0.001260795,-0.000380887,,,
1786043807110048819,1786043807.108651518,/novatel/oem7/bestpos,/novatel/oem7/bestpos,/novatel/oem7/odom,39.663,-75.756,33.180974927,0.002261654,-0.000380887,0.001877625,-0.001260795,-0.000380887,,novatel_oem7_msgs.msg.SolutionStatus(status=0),novatel_oem7_msgs.msg.PositionOrVelocityType(type=53)
1786043807110950718,1786043807.109073616,/novatel/oem7/bestvel,/novatel/oem7/bestpos,/novatel/oem7/bestvel,39.663,-75.756,33.180974927,0.002100480,-0.000573288,,,,113.478393088,novatel_oem7_msgs.msg.SolutionStatus(status=0),novatel_oem7_msgs.msg.PositionOrVelocityType(type=53)
1786043807115287698,1786043807.114638702,/novatel/oem7/odom,/novatel/oem7/bestpos,/novatel/oem7/odom,39.663,-75.756,33.180974927,0.002261654,-0.000380887,0.001877625,-0.001260795,-0.000380887,,,
1786043807125839198,1786043807.125303450,/novatel/oem7/inspva,/novatel/oem7/inspva,/novatel/oem7/inspva,39.663,-75.756,-1.801493290,0.002058222,-0.000780056,-0.001153613,0.001704539,-0.000780056,,novatel_oem7_msgs.msg.InertialSolutionStatus(status=3),
1786043807127225785,1786043807.125455034,/novatel/oem7/fix,/novatel/oem7/fix,/novatel/oem7/inspva,39.663,-75.756,-1.801493290,0.002058222,-0.000780056,-0.001153613,0.001704539,-0.000780056,,0,
1786043807128288653,1786043807.126065730,/novatel/oem7/odom,/novatel/oem7/fix,/novatel/oem7/odom,39.663,-75.756,-1.801493290,0.002059398,-0.000776947,0.001649550,-0.001232925,-0.000776947,,,
1786043807136250093,1786043807.135597403,/novatel/oem7/odom,/novatel/oem7/fix,/novatel/oem7/odom,39.663,-75.756,-1.801493290,0.002059398,-0.000776947,0.001649550,-0.001232925,-0.000776947,,,
1786043807145921304,1786043807.145359598,/novatel/oem7/inspva,/novatel/oem7/inspva,/novatel/oem7/inspva,39.663,-75.756,-1.801485022,0.002159195,-0.000479356,-0.001099688,0.001858174,-0.000479356,,novatel_oem7_msgs.msg.InertialSolutionStatus(status=3),
1786043807147253884,1786043807.145518714,/novatel/oem7/fix,/novatel/oem7/fix,/novatel/oem7/inspva,39.663,-75.756,-1.801485022,0.002159195,-0.000479356,-0.001099688,0.001858174,-0.000479356,,0,
1786043807148350745,1786043807.145979538,/novatel/oem7/odom,/novatel/oem7/fix,/novatel/oem7/odom,39.663,-75.756,-1.801485022,0.002160031,-0.000475576,0.001804485,-0.001187252,-0.000475576,,,
1786043807156282375,1786043807.155630152,/novatel/oem7/odom,/novatel/oem7/fix,/novatel/oem7/odom,39.663,-75.756,-1.801485022,0.002160031,-0.000475576,0.001804485,-0.001187252,-0.000475576,,,
1786043807167325534,1786043807.166751428,/novatel/oem7/inspva,/novatel/oem7/inspva,/novatel/oem7/inspva,39.663,-75.756,-1.801482000,0.002099813,-0.000485864,-0.001183538,0.001734489,-0.000485864,,novatel_oem7_msgs.msg.InertialSolutionStatus(status=3),
1786043807168758514,1786043807.166902956,/novatel/oem7/fix,/novatel/oem7/fix,/novatel/oem7/inspva,39.663,-75.756,-1.801482000,0.002099813,-0.000485864,-0.001183538,0.001734489,-0.000485864,,0,
1786043807169842365,1786043807.167368527,/novatel/oem7/odom,/novatel/oem7/fix,/novatel/oem7/odom,39.663,-75.756,-1.801482000,0.002100534,-0.000482735,0.001676914,-0.001264992,-0.000482735,,,
1786043807175856143,1786043807.175157243,/novatel/oem7/odom,/novatel/oem7/fix,/novatel/oem7/odom,39.663,-75.756,-1.801482000,0.002100534,-0.000482735,0.001676914,-0.001264992,-0.000482735,,,
1786043807185768580,1786043807.185177114,/novatel/oem7/inspva,/novatel/oem7/inspva,/novatel/oem7/inspva,39.663,-75.756,-1.801476598,0.002227638,-0.000648622,-0.001012717,0.001984131,-0.000648622,,novatel_oem7_msgs.msg.InertialSolutionStatus(status=3),
1786043807187179540,1786043807.185320932,/novatel/oem7/fix,/novatel/oem7/fix,/novatel/oem7/inspva,39.663,-75.756,-1.801476598,0.002227638,-0.000648622,-0.001012717,0.001984131,-0.000648622,,0,
1786043807188241815,1786043807.185786030,/novatel/oem7/odom,/novatel/oem7/fix,/novatel/oem7/odom,39.663,-75.756,-1.801476598,0.002228935,-0.000644149,0.001935141,-0.001106066,-0.000644149,,,
1786043807196013570,1786043807.195361037,/novatel/oem7/odom,/novatel/oem7/fix,/novatel/oem7/odom,39.663,-75.756,-1.801476598,0.002228935,-0.000644149,0.001935141,-0.001106066,-0.000644149,,,
1786043807207179576,1786043807.206632301,/novatel/oem7/inspva,/novatel/oem7/inspva,/novatel/oem7/inspva,39.663,-75.756,-1.801473075,0.002209222,-0.000394626,-0.001259877,0.001814765,-0.000394626,,novatel_oem7_msgs.msg.InertialSolutionStatus(status=3),
1786043807208641054,1786043807.206773452,/novatel/oem7/fix,/novatel/oem7/fix,/novatel/oem7/inspva,39.663,-75.756,-1.801473075,0.002209222,-0.000394626,-0.001259877,0.001814765,-0.000394626,,0,
1786043807209803896,1786043807.207245540,/novatel/oem7/odom,/novatel/oem7/fix,/novatel/oem7/odom,39.663,-75.756,-1.801473075,0.002209796,-0.000391398,0.001753054,-0.001345362,-0.000391398,,,
1786043807211365581,1786043807.210280637,/novatel/oem7/bestpos,/novatel/oem7/bestpos,/novatel/oem7/odom,39.663,-75.756,33.180995934,0.002209796,-0.000391398,0.001753054,-0.001345362,-0.000391398,,novatel_oem7_msgs.msg.SolutionStatus(status=0),novatel_oem7_msgs.msg.PositionOrVelocityType(type=53)
1786043807212338068,1786043807.210736205,/novatel/oem7/bestvel,/novatel/oem7/bestpos,/novatel/oem7/bestvel,39.663,-75.756,33.180995934,0.002472901,-0.000767914,,,,114.090359297,novatel_oem7_msgs.msg.SolutionStatus(status=0),novatel_oem7_msgs.msg.PositionOrVelocityType(type=53)
1786043807215575237,1786043807.214845654,/novatel/oem7/odom,/novatel/oem7/bestpos,/novatel/oem7/odom,39.663,-75.756,33.180995934,0.002209796,-0.000391398,0.001753054,-0.001345362,-0.000391398,,,
1786043807226489401,1786043807.225918798,/novatel/oem7/inspva,/novatel/oem7/inspva,/novatel/oem7/inspva,39.663,-75.756,-1.801471868,0.002206154,-0.000741800,-0.001013236,0.001959712,-0.000741800,,novatel_oem7_msgs.msg.InertialSolutionStatus(status=3),
1786043807227837315,1786043807.226056823,/novatel/oem7/fix,/novatel/oem7/fix,/novatel/oem7/inspva,39.663,-75.756,-1.801471868,0.002206154,-0.000741800,-0.001013236,0.001959712,-0.000741800,,0,
1786043807229102514,1786043807.226454471,/novatel/oem7/odom,/novatel/oem7/fix,/novatel/oem7/odom,39.663,-75.756,-1.801471868,0.002207623,-0.000737420,0.001911075,-0.001105165,-0.000737420,,,
1786043807235145798,1786043807.234497438,/novatel/oem7/odom,/novatel/oem7/fix,/novatel/oem7/odom,39.663,-75.756,-1.801471868,0.002207623,-0.000737420,0.001911075,-0.001105165,-0.000737420,,,
1786043807245687681,1786043807.245124129,/novatel/oem7/inspva,/novatel/oem7/inspva,/novatel/oem7/inspva,39.663,-75.756,-1.801470993,0.002103822,-0.000734745,-0.000829363,0.001933449,-0.000734745,,novatel_oem7_msgs.msg.InertialSolutionStatus(status=3),
1786043807247075869,1786043807.245267757,/novatel/oem7/fix,/novatel/oem7/fix,/novatel/oem7/inspva,39.663,-75.756,-1.801470993,0.002103822,-0.000734745,-0.000829363,0.001933449,-0.000734745,,0,
1786043807248139353,1786043807.245746065,/novatel/oem7/odom,/novatel/oem7/fix,/novatel/oem7/odom,39.663,-75.756,-1.801470993,0.002105485,-0.000729967,0.001893730,-0.000920248,-0.000729967,,,
1786043807256927198,1786043807.256248258,/novatel/oem7/odom,/novatel/oem7/fix,/novatel/oem7/odom,39.663,-75.756,-1.801470993,0.002105485,-0.000729967,0.001893730,-0.000920248,-0.000729967,,,
1786043807265728787,1786043807.265154238,/novatel/oem7/inspva,/novatel/oem7/inspva,/novatel/oem7/inspva,39.663,-75.756,-1.801469450,0.001871493,-0.000999276,-0.000780445,0.001700997,-0.000999276,,novatel_oem7_msgs.msg.InertialSolutionStatus(status=3),
1786043807267079271,1786043807.265293459,/novatel/oem7/fix,/novatel/oem7/fix,/novatel/oem7/inspva,39.663,-75.756,-1.801469450,0.001871493,-0.000999276,-0.000780445,0.001700997,-0.000999276,,0,
1786043807268117171,1786043807.265658100,/novatel/oem7/odom,/novatel/oem7/fix,/novatel/oem7/odom,39.663,-75.756,-1.801469450,0.001873655,-0.000995216,0.001664905,-0.000859461,-0.000995216,,,
1786043807275163875,1786043807.274526329,/novatel/oem7/odom,/novatel/oem7/fix,/novatel/oem7/odom,39.663,-75.756,-1.801469450,0.001873655,-0.000995216,0.001664905,-0.000859461,-0.000995216,,,
1786043807287156640,1786043807.286625608,/novatel/oem7/inspva,/novatel/oem7/inspva,/novatel/oem7/inspva,39.663,-75.756,-1.801464071,0.001867146,-0.000301968,-0.000734465,0.001716624,-0.000301968,,novatel_oem7_msgs.msg.InertialSolutionStatus(status=3),
1786043807288554121,1786043807.286760700,/novatel/oem7/fix,/novatel/oem7/fix,/novatel/oem7/inspva,39.663,-75.756,-1.801464071,0.001867146,-0.000301968,-0.000734465,0.001716624,-0.000301968,,0,
1786043807289648785,1786043807.287206974,/novatel/oem7/odom,/novatel/oem7/fix,/novatel/oem7/odom,39.663,-75.756,-1.801464071,0.001867827,-0.000297729,0.001680146,-0.000816019,-0.000297729,,,
1786043807296298426,1786043807.295437817,/novatel/oem7/odom,/novatel/oem7/fix,/novatel/oem7/odom,39.663,-75.756,-1.801464071,0.001867827,-0.000297729,0.001680146,-0.000816019,-0.000297729,,,
1786043807306357760,1786043807.305796422,/novatel/oem7/inspva,/novatel/oem7/inspva,/novatel/oem7/inspva,39.663,-75.756,-1.801466939,0.001708368,-0.000667561,-0.000626564,0.001589320,-0.000667561,,novatel_oem7_msgs.msg.InertialSolutionStatus(status=3),
1786043807307743701,1786043807.305937926,/novatel/oem7/fix,/novatel/oem7/fix,/novatel/oem7/inspva,39.663,-75.756,-1.801466939,0.001708368,-0.000667561,-0.000626564,0.001589320,-0.000667561,,0,
1786043807308804318,1786043807.306286295,/novatel/oem7/odom,/novatel/oem7/fix,/novatel/oem7/odom,39.663,-75.756,-1.801466939,0.001709957,-0.000663481,0.001559588,-0.000701169,-0.000663481,,,
1786043807310346554,1786043807.309632867,/novatel/oem7/bestpos,/novatel/oem7/bestpos,/novatel/oem7/odom,39.663,-75.756,33.181007035,0.001709957,-0.000663481,0.001559588,-0.000701169,-0.000663481,,novatel_oem7_msgs.msg.SolutionStatus(status=0),novatel_oem7_msgs.msg.PositionOrVelocityType(type=53)
1786043807311857953,1786043807.310349921,/novatel/oem7/bestvel,/novatel/oem7/bestpos,/novatel/oem7/bestvel,39.663,-75.756,33.181007035,0.001791778,-0.000699385,,,,111.093258112,novatel_oem7_msgs.msg.SolutionStatus(status=0),novatel_oem7_msgs.msg.PositionOrVelocityType(type=53)
1786043807316149933,1786043807.315511466,/novatel/oem7/odom,/novatel/oem7/bestpos,/novatel/oem7/odom,39.663,-75.756,33.181007035,0.001709957,-0.000663481,0.001559588,-0.000701169,-0.000663481,,,
1786043807326052926,1786043807.325538544,/novatel/oem7/inspva,/novatel/oem7/inspva,/novatel/oem7/inspva,39.663,-75.756,-1.801471591,0.001616544,-0.000904940,-0.000456122,0.001550860,-0.000904940,,novatel_oem7_msgs.msg.InertialSolutionStatus(status=3),
1786043807327409560,1786043807.325670505,/novatel/oem7/fix,/novatel/oem7/fix,/novatel/oem7/inspva,39.663,-75.756,-1.801471591,0.001616544,-0.000904940,-0.000456122,0.001550860,-0.000904940,,0,
1786043807328452167,1786043807.326222091,/novatel/oem7/odom,/novatel/oem7/fix,/novatel/oem7/odom,39.663,-75.756,-1.801471591,0.001618997,-0.000900544,0.001530314,-0.000528478,-0.000900544,,,
1786043807335824508,1786043807.335095391,/novatel/oem7/odom,/novatel/oem7/fix,/novatel/oem7/odom,39.663,-75.756,-1.801471591,0.001618997,-0.000900544,0.001530314,-0.000528478,-0.000900544,,,
1786043807346600637,1786043807.345996984,/novatel/oem7/inspva,/novatel/oem7/inspva,/novatel/oem7/inspva,39.663,-75.756,-1.801472963,0.001728289,-0.000926150,-0.000725507,0.001568638,-0.000926150,,novatel_oem7_msgs.msg.InertialSolutionStatus(status=3),
1786043807347968287,1786043807.346133705,/novatel/oem7/fix,/novatel/oem7/fix,/novatel/oem7/inspva,39.663,-75.756,-1.801472963,0.001728289,-0.000926150,-0.000725507,0.001568638,-0.000926150,,0,
1786043807349020081,1786043807.346565496,/novatel/oem7/odom,/novatel/oem7/fix,/novatel/oem7/odom,39.663,-75.756,-1.801472963,0.001730291,-0.000922405,0.001535100,-0.000798357,-0.000922405,,,
1786043807356595601,1786043807.355890604,/novatel/oem7/odom,/novatel/oem7/fix,/novatel/oem7/odom,39.663,-75.756,-1.801472963,0.001730291,-0.000922405,0.001535100,-0.000798357,-0.000922405,,,
1786043807365803184,1786043807.365267458,/novatel/oem7/inspva,/novatel/oem7/inspva,/novatel/oem7/inspva,39.663,-75.756,-1.801476730,0.001520182,-0.000811551,-0.000672823,0.001363181,-0.000811551,,novatel_oem7_msgs.msg.InertialSolutionStatus(status=3),
1786043807367178944,1786043807.365404810,/novatel/oem7/fix,/novatel/oem7/fix,/novatel/oem7/inspva,39.663,-75.756,-1.801476730,0.001520182,-0.000811551,-0.000672823,0.001363181,-0.000811551,,0,
1786043807368251108,1786043807.366031460,/novatel/oem7/odom,/novatel/oem7/fix,/novatel/oem7/odom,39.663,-75.756,-1.801476730,0.001521856,-0.000808408,0.001332007,-0.000736072,-0.000808408,,,
1786043807376012654,1786043807.375364677,/novatel/oem7/odom,/novatel/oem7/fix,/novatel/oem7/odom,39.663,-75.756,-1.801476730,0.001521856,-0.000808408,0.001332007,-0.000736072,-0.000808408,,,
1786043807386393289,1786043807.385874683,/novatel/oem7/inspva,/novatel/oem7/inspva,/novatel/oem7/inspva,39.663,-75.756,-1.801479123,0.001556194,-0.000828828,-0.000658472,0.001410019,-0.000828828,,novatel_oem7_msgs.msg.InertialSolutionStatus(status=3),
1786043807387746149,1786043807.386003985,/novatel/oem7/fix,/novatel/oem7/fix,/novatel/oem7/inspva,39.663,-75.756,-1.801479123,0.001556194,-0.000828828,-0.000658472,0.001410019,-0.000828828,,0,
1786043807388893484,1786043807.386440826,/novatel/oem7/odom,/novatel/oem7/fix,/novatel/oem7/odom,39.663,-75.756,-1.801479123,0.001557963,-0.000825498,0.001379546,-0.000723950,-0.000825498,,,
1786043807394945392,1786043807.394286138,/novatel/oem7/odom,/novatel/oem7/fix,/novatel/oem7/odom,39.663,-75.756,-1.801479123,0.001557963,-0.000825498,0.001379546,-0.000723950,-0.000825498,,,
1786043807406344800,1786043807.405807701,/novatel/oem7/inspva,/novatel/oem7/inspva,/novatel/oem7/inspva,39.663,-75.756,-1.801482590,0.001418259,-0.000623612,-0.000371461,0.001368749,-0.000623612,,novatel_oem7_msgs.msg.InertialSolutionStatus(status=3),
1786043807407720467,1786043807.405963343,/novatel/oem7/fix,/novatel/oem7/fix,/novatel/oem7/inspva,39.663,-75.756,-1.801482590,0.001418259,-0.000623612,-0.000371461,0.001368749,-0.000623612,,0,
1786043807408783384,1786043807.406629103,/novatel/oem7/odom,/novatel/oem7/fix,/novatel/oem7/odom,39.663,-75.756,-1.801482590,0.001419988,-0.000619664,0.001351463,-0.000435792,-0.000619664,,,
1786043807410835595,1786043807.410203446,/novatel/oem7/bestpos,/novatel/oem7/bestpos,/novatel/oem7/odom,39.663,-75.756,33.180995082,0.001419988,-0.000619664,0.001351463,-0.000435792,-0.000619664,,novatel_oem7_msgs.msg.SolutionStatus(status=0),novatel_oem7_msgs.msg.PositionOrVelocityType(type=53)
1786043807412222982,1786043807.410657547,/novatel/oem7/bestvel,/novatel/oem7/bestpos,/novatel/oem7/bestvel,39.663,-75.756,33.180995082,0.001562099,-0.000793108,,,,98.656073196,novatel_oem7_msgs.msg.SolutionStatus(status=0),novatel_oem7_msgs.msg.PositionOrVelocityType(type=53)
1786043807415660754,1786043807.415003454,/novatel/oem7/odom,/novatel/oem7/bestpos,/novatel/oem7/odom,39.663,-75.756,33.180995082,0.001419988,-0.000619664,0.001351463,-0.000435792,-0.000619664,,,
1786043807425403255,1786043807.424865510,/novatel/oem7/inspva,/novatel/oem7/inspva,/novatel/oem7/inspva,39.663,-75.756,-1.801485333,0.001286287,-0.000601004,-0.000602125,0.001136653,-0.000601004,,novatel_oem7_msgs.msg.InertialSolutionStatus(status=3),
1786043807426792093,1786043807.425000615,/novatel/oem7/fix,/novatel/oem7/fix,/novatel/oem7/inspva,39.663,-75.756,-1.801485333,0.001286287,-0.000601004,-0.000602125,0.001136653,-0.000601004,,0,
1786043807427834497,1786043807.425411129,/novatel/oem7/odom,/novatel/oem7/fix,/novatel/oem7/odom,39.663,-75.756,-1.801485333,0.001287450,-0.000598509,0.001108384,-0.000654990,-0.000598509,,,
1786043807436041660,1786043807.435349076,/novatel/oem7/odom,/novatel/oem7/fix,/novatel/oem7/odom,39.663,-75.756,-1.801485333,0.001287450,-0.000598509,0.001108384,-0.000654990,-0.000598509,,,
1786043807447006560,1786043807.446469435,/novatel/oem7/inspva,/novatel/oem7/inspva,/novatel/oem7/inspva,39.663,-75.756,-1.801494058,0.001661041,-0.000951782,-0.000606461,0.001546371,-0.000951782,,novatel_oem7_msgs.msg.InertialSolutionStatus(status=3),
1786043807448401678,1786043807.446609606,/novatel/oem7/fix,/novatel/oem7/fix,/novatel/oem7/inspva,39.663,-75.756,-1.801494058,0.001661041,-0.000951782,-0.000606461,0.001546371,-0.000951782,,0,
1786043807449502302,1786043807.447026194,/novatel/oem7/odom,/novatel/oem7/fix,/novatel/oem7/odom,39.663,-75.756,-1.801494058,0.001663302,-0.000947825,0.001518708,-0.000678307,-0.000947825,,,
1786043807457015221,1786043807.456154036,/novatel/oem7/odom,/novatel/oem7/fix,/novatel/oem7/odom,39.663,-75.756,-1.801494058,0.001663302,-0.000947825,0.001518708,-0.000678307,-0.000947825,,,
1786043807465580861,1786043807.464979345,/novatel/oem7/inspva,/novatel/oem7/inspva,/novatel/oem7/inspva,39.663,-75.756,-1.801495006,0.001534836,-0.000773282,-0.000920169,0.001228419,-0.000773282,,novatel_oem7_msgs.msg.InertialSolutionStatus(status=3),
1786043807466936478,1786043807.465118636,/novatel/oem7/fix,/novatel/oem7/fix,/novatel/oem7/inspva,39.663,-75.756,-1.801495006,0.001534836,-0.000773282,-0.000920169,0.001228419,-0.000773282,,0,
1786043807468003129,1786043807.465545308,/novatel/oem7/odom,/novatel/oem7/fix,/novatel/oem7/odom,39.663,-75.756,-1.801495006,0.001535832,-0.000771302,0.001185273,-0.000976682,-0.000771302,,,
1786043807475204575,1786043807.474544835,/novatel/oem7/odom,/novatel/oem7/fix,/novatel/oem7/odom,39.663,-75.756,-1.801495006,0.001535832,-0.000771302,0.001185273,-0.000976682,-0.000771302,,,
1786043807485772525,1786043807.485203196,/novatel/oem7/inspva,/novatel/oem7/inspva,/novatel/oem7/inspva,39.663,-75.756,-1.801500349,0.001689183,-0.000878154,-0.000628240,0.001568009,-0.000878154,,novatel_oem7_msgs.msg.InertialSolutionStatus(status=3),
1786043807487163799,1786043807.485348571,/novatel/oem7/fix,/novatel/oem7/fix,/novatel/oem7/inspva,39.663,-75.756,-1.801500349,0.001689183,-0.000878154,-0.000628240,0.001568009,-0.000878154,,0,
1786043807488217479,1786043807.485766562,/novatel/oem7/odom,/novatel/oem7/fix,/novatel/oem7/odom,39.663,-75.756,-1.801500349,0.001691241,-0.000874182,0.001538993,-0.000701283,-0.000874182,,,
1786043807495497703,1786043807.494788643,/novatel/oem7/odom,/novatel/oem7/fix,/novatel/oem7/odom,39.663,-75.756,-1.801500349,0.001691241,-0.000874182,0.001538993,-0.000701283,-0.000874182,,,
1786043807506610255,1786043807.505977129,/novatel/oem7/inspva,/novatel/oem7/inspva,/novatel/oem7/inspva,39.663,-75.756,-1.801501373,0.001374728,-0.000626943,-0.000725201,0.001167887,-0.000626943,,novatel_oem7_msgs.msg.InertialSolutionStatus(status=3),
1786043807508024839,1786043807.506121974,/novatel/oem7/fix,/novatel/oem7/fix,/novatel/oem7/inspva,39.663,-75.756,-1.801501373,0.001374728,-0.000626943,-0.000725201,0.001167887,-0.000626943,,0,
1786043807509120561,1786043807.506574445,/novatel/oem7/odom,/novatel/oem7/fix,/novatel/oem7/odom,39.663,-75.756,-1.801501373,0.001375762,-0.000624669,0.001133709,-0.000779375,-0.000624669,,,
1786043807511891699,1786043807.511198688,/novatel/oem7/bestpos,/novatel/oem7/bestpos,/novatel/oem7/odom,39.663,-75.756,33.180974682,0.001375762,-0.000624669,0.001133709,-0.000779375,-0.000624669,,novatel_oem7_msgs.msg.SolutionStatus(status=0),novatel_oem7_msgs.msg.PositionOrVelocityType(type=53)
1786043807513336333,1786043807.511619676,/novatel/oem7/bestvel,/novatel/oem7/bestpos,/novatel/oem7/bestvel,39.663,-75.756,33.180974682,0.001342457,-0.000563519,,,,125.128144708,novatel_oem7_msgs.msg.SolutionStatus(status=0),novatel_oem7_msgs.msg.PositionOrVelocityType(type=53)
1786043807515375181,1786043807.514363520,/novatel/oem7/odom,/novatel/oem7/bestpos,/novatel/oem7/odom,39.663,-75.756,33.180974682,0.001375762,-0.000624669,0.001133709,-0.000779375,-0.000624669,,,
1786043807525541590,1786043807.524931527,/novatel/oem7/inspva,/novatel/oem7/inspva,/novatel/oem7/inspva,39.663,-75.756,-1.801509542,0.001260610,-0.000836968,-0.000478931,0.001166089,-0.000836968,,novatel_oem7_msgs.msg.InertialSolutionStatus(status=3),
1786043807526974398,1786043807.525072132,/novatel/oem7/fix,/novatel/oem7/fix,/novatel/oem7/inspva,39.663,-75.756,-1.801509542,0.001260610,-0.000836968,-0.000478931,0.001166089,-0.000836968,,0,
1786043807528227780,1786043807.525510956,/novatel/oem7/odom,/novatel/oem7/fix,/novatel/oem7/odom,39.663,-75.756,-1.801509542,0.001262549,-0.000834040,0.001144620,-0.000532799,-0.000834040,,,
1786043807535706583,1786043807.534969008,/novatel/oem7/odom,/novatel/oem7/fix,/novatel/oem7/odom,39.663,-75.756,-1.801509542,0.001262549,-0.000834040,0.001144620,-0.000532799,-0.000834040,,,
1786043807545487041,1786043807.544894455,/novatel/oem7/inspva,/novatel/oem7/inspva,/novatel/oem7/inspva,39.663,-75.756,-1.801511090,0.001384398,-0.000850722,-0.000692253,0.001198892,-0.000850722,,novatel_oem7_msgs.msg.InertialSolutionStatus(status=3),
1786043807546901419,1786043807.545038273,/novatel/oem7/fix,/novatel/oem7/fix,/novatel/oem7/inspva,39.663,-75.756,-1.801511090,0.001384398,-0.000850722,-0.000692253,0.001198892,-0.000850722,,0,
1786043807548009963,1786043807.545405977,/novatel/oem7/odom,/novatel/oem7/fix,/novatel/oem7/odom,39.663,-75.756,-1.801511090,0.001385920,-0.000848240,0.001167105,-0.000747422,-0.000848240,,,
1786043807556208980,1786043807.555534903,/novatel/oem7/odom,/novatel/oem7/fix,/novatel/oem7/odom,39.663,-75.756,-1.801511090,0.001385920,-0.000848240,0.001167105,-0.000747422,-0.000848240,,,
1786043807567017892,1786043807.566441646,/novatel/oem7/inspva,/novatel/oem7/inspva,/novatel/oem7/inspva,39.663,-75.756,-1.801514143,0.001330885,-0.000532884,-0.000315925,0.001292844,-0.000532884,,novatel_oem7_msgs.msg.InertialSolutionStatus(status=3),
1786043807568459817,1786043807.566588958,/novatel/oem7/fix,/novatel/oem7/fix,/novatel/oem7/inspva,39.663,-75.756,-1.801514143,0.001330885,-0.000532884,-0.000315925,0.001292844,-0.000532884,,0,
1786043807569562165,1786043807.566975578,/novatel/oem7/odom,/novatel/oem7/fix,/novatel/oem7/odom,39.663,-75.756,-1.801514143,0.001332413,-0.000529053,0.001278000,-0.000376882,-0.000529053,,,
1786043807575390496,1786043807.574727129,/novatel/oem7/odom,/novatel/oem7/fix,/novatel/oem7/odom,39.663,-75.756,-1.801514143,0.001332413,-0.000529053,0.001278000,-0.000376882,-0.000529053,,,
1786043807585936850,1786043807.585360657,/novatel/oem7/inspva,/novatel/oem7/inspva,/novatel/oem7/inspva,39.663,-75.756,-1.801519079,0.001357339,-0.000752782,-0.000675022,0.001177589,-0.000752782,,novatel_oem7_msgs.msg.InertialSolutionStatus(status=3),
1786043807587335370,1786043807.585524976,/novatel/oem7/fix,/novatel/oem7/fix,/novatel/oem7/inspva,39.663,-75.756,-1.801519079,0.001357339,-0.000752782,-0.000675022,0.001177589,-0.000752782,,0,
1786043807588381351,1786043807.585998510,/novatel/oem7/odom,/novatel/oem7/fix,/novatel/oem7/odom,39.663,-75.756,-1.801519079,0.001358696,-0.000750330,0.001146298,-0.000729422,-0.000750330,,,
1786043807595291030,1786043807.594610014,/novatel/oem7/odom,/novatel/oem7/fix,/novatel/oem7/odom,39.663,-75.756,-1.801519079,0.001358696,-0.000750330,0.001146298,-0.000729422,-0.000750330,,,
1786043807607046976,1786043807.606497774,/novatel/oem7/inspva,/novatel/oem7/inspva,/novatel/oem7/inspva,39.663,-75.756,-1.801524132,0.001332122,-0.000759092,-0.000427145,0.001261783,-0.000759092,,novatel_oem7_msgs.msg.InertialSolutionStatus(status=3),
1786043807608441847,1786043807.606640795,/novatel/oem7/fix,/novatel/oem7/fix,/novatel/oem7/inspva,39.663,-75.756,-1.801524132,0.001332122,-0.000759092,-0.000427145,0.001261783,-0.000759092,,0,
1786043807609578282,1786043807.607108454,/novatel/oem7/odom,/novatel/oem7/fix,/novatel/oem7/odom,39.663,-75.756,-1.801524132,0.001334057,-0.000755687,0.001242422,-0.000485896,-0.000755687,,,
1786043807611132874,1786043807.610175131,/novatel/oem7/bestpos,/novatel/oem7/bestpos,/novatel/oem7/odom,39.663,-75.756,33.180956844,0.001334057,-0.000755687,0.001242422,-0.000485896,-0.000755687,,novatel_oem7_msgs.msg.SolutionStatus(status=0),novatel_oem7_msgs.msg.PositionOrVelocityType(type=53)
1786043807612613492,1786043807.610622172,/novatel/oem7/bestvel,/novatel/oem7/bestpos,/novatel/oem7/bestvel,39.663,-75.756,33.180956844,0.001377559,-0.000738372,,,,110.691728206,novatel_oem7_msgs.msg.SolutionStatus(status=0),novatel_oem7_msgs.msg.PositionOrVelocityType(type=53)
1786043807614909762,1786043807.614183945,/novatel/oem7/odom,/novatel/oem7/bestpos,/novatel/oem7/odom,39.663,-75.756,33.180956844,0.001334057,-0.000755687,0.001242422,-0.000485896,-0.000755687,,,
1786043807626680084,1786043807.626089488,/novatel/oem7/inspva,/novatel/oem7/inspva,/novatel/oem7/inspva,39.663,-75.756,-1.801526395,0.001172117,-0.000611853,-0.000507237,0.001056678,-0.000611853,,novatel_oem7_msgs.msg.InertialSolutionStatus(status=3),
1786043807628036075,1786043807.626242540,/novatel/oem7/fix,/novatel/oem7/fix,/novatel/oem7/inspva,39.663,-75.756,-1.801526395,0.001172117,-0.000611853,-0.000507237,0.001056678,-0.000611853,,0,
1786043807629102299,1786043807.626675854,/novatel/oem7/odom,/novatel/oem7/fix,/novatel/oem7/odom,39.663,-75.756,-1.801526395,0.001173396,-0.000609395,0.001033128,-0.000556332,-0.000609395,,,
1786043807635196977,1786043807.634528297,/novatel/oem7/odom,/novatel/oem7/fix,/novatel/oem7/odom,39.663,-75.756,-1.801526395,0.001173396,-0.000609395,0.001033128,-0.000556332,-0.000609395,,,
1786043807645572645,1786043807.644950302,/novatel/oem7/inspva,/novatel/oem7/inspva,/novatel/oem7/inspva,39.663,-75.756,-1.801533357,0.001002937,-0.000679030,-0.000110409,0.000996841,-0.000679030,,novatel_oem7_msgs.msg.InertialSolutionStatus(status=3),
1786043807646962236,1786043807.645097523,/novatel/oem7/fix,/novatel/oem7/fix,/novatel/oem7/inspva,39.663,-75.756,-1.801533357,0.001002937,-0.000679030,-0.000110409,0.000996841,-0.000679030,,0,
1786043807648102327,1786043807.645409126,/novatel/oem7/odom,/novatel/oem7/fix,/novatel/oem7/odom,39.663,-75.756,-1.801533357,0.001005160,-0.000675734,0.000992838,-0.000156907,-0.000675734,,,
1786043807657083368,1786043807.656398274,/novatel/oem7/odom,/novatel/oem7/fix,/novatel/oem7/odom,39.663,-75.756,-1.801533357,0.001005160,-0.000675734,0.000992838,-0.000156907,-0.000675734,,,
1786043807665476493,1786043807.664879500,/novatel/oem7/inspva,/novatel/oem7/inspva,/novatel/oem7/inspva,39.663,-75.756,-1.801536824,0.001220966,-0.000649339,-0.000346280,0.001170832,-0.000649339,,novatel_oem7_msgs.msg.InertialSolutionStatus(status=3),
1786043807666894090,1786043807.665037945,/novatel/oem7/fix,/novatel/oem7/fix,/novatel/oem7/inspva,39.663,-75.756,-1.801536824,0.001220966,-0.000649339,-0.000346280,0.001170832,-0.000649339,,0,
1786043807667981444,1786043807.665512562,/novatel/oem7/odom,/novatel/oem7/fix,/novatel/oem7/odom,39.663,-75.756,-1.801536824,0.001222714,-0.000646041,0.001155082,-0.000401016,-0.000646041,,,
1786043807675081313,1786043807.674404276,/novatel/oem7/odom,/novatel/oem7/fix,/novatel/oem7/odom,39.663,-75.756,-1.801536824,0.001222714,-0.000646041,0.001155082,-0.000401016,-0.000646041,,,
1786043807687174355,1786043807.686606339,/novatel/oem7/inspva,/novatel/oem7/inspva,/novatel/oem7/inspva,39.663,-75.756,-1.801542264,0.001397456,-0.000611220,-0.000428817,0.001330037,-0.000611220,,novatel_oem7_msgs.msg.InertialSolutionStatus(status=3),
1786043807688599032,1786043807.686752438,/novatel/oem7/fix,/novatel/oem7/fix,/novatel/oem7/inspva,39.663,-75.756,-1.801542264,0.001397456,-0.000611220,-0.000428817,0.001330037,-0.000611220,,0,
1786043807689711534,1786043807.687135516,/novatel/oem7/odom,/novatel/oem7/fix,/novatel/oem7/odom,39.663,-75.756,-1.801542264,0.001399046,-0.000607572,0.001309959,-0.000491260,-0.000607572,,,
1786043807695602643,1786043807.694870003,/novatel/oem7/odom,/novatel/oem7/fix,/novatel/oem7/odom,39.663,-75.756,-1.801542264,0.001399046,-0.000607572,0.001309959,-0.000491260,-0.000607572,,,
1786043807706331978,1786043807.705803403,/novatel/oem7/inspva,/novatel/oem7/inspva,/novatel/oem7/inspva,39.663,-75.756,-1.801547476,0.001058057,-0.000586625,-0.000256195,0.001026571,-0.000586625,,novatel_oem7_msgs.msg.InertialSolutionStatus(status=3),
1786043807707745853,1786043807.705945074,/novatel/oem7/fix,/novatel/oem7/fix,/novatel/oem7/inspva,39.663,-75.756,-1.801547476,0.001058057,-0.000586625,-0.000256195,0.001026571,-0.000586625,,0,
1786043807708880551,1786043807.706408097,/novatel/oem7/odom,/novatel/oem7/fix,/novatel/oem7/odom,39.663,-75.756,-1.801547476,0.001059721,-0.000583613,0.001015124,-0.000304190,-0.000583613,,,
1786043807710499717,1786043807.709169377,/novatel/oem7/bestpos,/novatel/oem7/bestpos,/novatel/oem7/odom,39.663,-75.756,33.180932038,0.001059721,-0.000583613,0.001015124,-0.000304190,-0.000583613,,novatel_oem7_msgs.msg.SolutionStatus(status=0),novatel_oem7_msgs.msg.PositionOrVelocityType(type=53)
1786043807711446463,1786043807.709613165,/novatel/oem7/bestvel,/novatel/oem7/bestpos,/novatel/oem7/bestvel,39.663,-75.756,33.180932038,0.000898007,-0.000477585,,,,108.703562683,novatel_oem7_msgs.msg.SolutionStatus(status=0),novatel_oem7_msgs.msg.PositionOrVelocityType(type=53)
1786043807716079827,1786043807.715401030,/novatel/oem7/odom,/novatel/oem7/bestpos,/novatel/oem7/odom,39.663,-75.756,33.180932038,0.001059721,-0.000583613,0.001015124,-0.000304190,-0.000583613,,,
1786043807725949336,1786043807.725330917,/novatel/oem7/inspva,/novatel/oem7/inspva,/novatel/oem7/inspva,39.663,-75.756,-1.801558007,0.001304669,-0.000899265,-0.000293794,0.001271159,-0.000899265,,novatel_oem7_msgs.msg.InertialSolutionStatus(status=3),
1786043807727363911,1786043807.725509115,/novatel/oem7/fix,/novatel/oem7/fix,/novatel/oem7/inspva,39.663,-75.756,-1.801558007,0.001304669,-0.000899265,-0.000293794,0.001271159,-0.000899265,,0,
1786043807728509259,1786043807.726065841,/novatel/oem7/odom,/novatel/oem7/fix,/novatel/oem7/odom,39.663,-75.756,-1.801558007,0.001307277,-0.000895469,0.001258763,-0.000352830,-0.000895469,,,
1786043807735714235,1786043807.735014751,/novatel/oem7/odom,/novatel/oem7/fix,/novatel/oem7/odom,39.663,-75.756,-1.801558007,0.001307277,-0.000895469,0.001258763,-0.000352830,-0.000895469,,,
1786043807746780397,1786043807.746156973,/novatel/oem7/inspva,/novatel/oem7/inspva,/novatel/oem7/inspva,39.663,-75.756,-1.801565868,0.001132528,-0.001077847,-0.000029437,0.001132145,-0.001077847,,novatel_oem7_msgs.msg.InertialSolutionStatus(status=3),
1786043807748170924,1786043807.746296515,/novatel/oem7/fix,/novatel/oem7/fix,/novatel/oem7/inspva,39.663,-75.756,-1.801565868,0.001132528,-0.001077847,-0.000029437,0.001132145,-0.001077847,,0,
1786043807749248622,1786043807.746832497,/novatel/oem7/odom,/novatel/oem7/fix,/novatel/oem7/odom,39.663,-75.756,-1.801565868,0.001136330,-0.001073838,0.001133395,-0.000081613,-0.001073838,,,
1786043807756356513,1786043807.755707206,/novatel/oem7/odom,/novatel/oem7/fix,/novatel/oem7/odom,39.663,-75.756,-1.801565868,0.001136330,-0.001073838,0.001133395,-0.000081613,-0.001073838,,,
1786043807765798129,1786043807.765221256,/novatel/oem7/inspva,/novatel/oem7/inspva,/novatel/oem7/inspva,39.663,-75.756,-1.801573063,0.001077732,-0.000616207,-0.000066549,0.001075675,-0.000616207,,novatel_oem7_msgs.msg.InertialSolutionStatus(status=3),
1786043807767215176,1786043807.765360637,/novatel/oem7/fix,/novatel/oem7/fix,/novatel/oem7/inspva,39.663,-75.756,-1.801573063,0.001077732,-0.000616207,-0.000066549,0.001075675,-0.000616207,,0,
1786043807768305717,1786043807.766018388,/novatel/oem7/odom,/novatel/oem7/fix,/novatel/oem7/odom,39.663,-75.756,-1.801573063,0.001079843,-0.000612499,0.001073478,-0.000117075,-0.000612499,,,
1786043807775784766,1786043807.775113727,/novatel/oem7/odom,/novatel/oem7/fix,/novatel/oem7/odom,39.663,-75.756,-1.801573063,0.001079843,-0.000612499,0.001073478,-0.000117075,-0.000612499,,,
1786043807785758310,1786043807.785115551,/novatel/oem7/inspva,/novatel/oem7/inspva,/novatel/oem7/inspva,39.663,-75.756,-1.801585134,0.001282258,-0.000977149,0.000081890,0.001279640,-0.000977149,,novatel_oem7_msgs.msg.InertialSolutionStatus(status=3),
1786043807787256328,1786043807.785253215,/novatel/oem7/fix,/novatel/oem7/fix,/novatel/oem7/inspva,39.663,-75.756,-1.801585134,0.001282258,-0.000977149,0.000081890,0.001279640,-0.000977149,,0,
1786043807788735897,1786043807.785770737,/novatel/oem7/odom,/novatel/oem7/fix,/novatel/oem7/odom,39.663,-75.756,-1.801585134,0.001285931,-0.000972310,0.001285740,0.000022197,-0.000972310,,,
1786043807795044521,1786043807.794372127,/novatel/oem7/odom,/novatel/oem7/fix,/novatel/oem7/odom,39.663,-75.756,-1.801585134,0.001285931,-0.000972310,0.001285740,0.000022197,-0.000972310,,,
1786043807806955141,1786043807.806379145,/novatel/oem7/inspva,/novatel/oem7/inspva,/novatel/oem7/inspva,39.663,-75.756,-1.801596150,0.001467675,-0.000892462,-0.000242367,0.001447525,-0.000892462,,novatel_oem7_msgs.msg.InertialSolutionStatus(status=3),
1786043807808398529,1786043807.806546703,/novatel/oem7/fix,/novatel/oem7/fix,/novatel/oem7/inspva,39.663,-75.756,-1.801596150,0.001467675,-0.000892462,-0.000242367,0.001447525,-0.000892462,,0,
1786043807809551007,1786043807.807083672,/novatel/oem7/odom,/novatel/oem7/fix,/novatel/oem7/odom,39.663,-75.756,-1.801596150,0.001470449,-0.000887884,0.001437396,-0.000310021,-0.000887884,,,
1786043807811197750,1786043807.810244094,/novatel/oem7/bestpos,/novatel/oem7/bestpos,/novatel/oem7/odom,39.663,-75.756,33.180879443,0.001470449,-0.000887884,0.001437396,-0.000310021,-0.000887884,,novatel_oem7_msgs.msg.SolutionStatus(status=0),novatel_oem7_msgs.msg.PositionOrVelocityType(type=53)
1786043807812198687,1786043807.810632178,/novatel/oem7/bestvel,/novatel/oem7/bestpos,/novatel/oem7/bestvel,39.663,-75.756,33.180879443,0.001275789,-0.001001122,,,,85.464322427,novatel_oem7_msgs.msg.SolutionStatus(status=0),novatel_oem7_msgs.msg.PositionOrVelocityType(type=53)
1786043807815363886,1786043807.814686075,/novatel/oem7/odom,/novatel/oem7/bestpos,/novatel/oem7/odom,39.663,-75.756,33.180879443,0.001470449,-0.000887884,0.001437396,-0.000310021,-0.000887884,,,
1786043807825399017,1786043807.824845524,/novatel/oem7/inspva,/novatel/oem7/inspva,/novatel/oem7/inspva,39.663,-75.756,-1.801609031,0.001335007,-0.001152887,0.000078158,0.001332717,-0.001152887,,novatel_oem7_msgs.msg.InertialSolutionStatus(status=3),
1786043807826755007,1786043807.824928301,/novatel/oem7/fix,/novatel/oem7/fix,/novatel/oem7/inspva,39.663,-75.756,-1.801609031,0.001335007,-0.001152887,0.000078158,0.001332717,-0.001152887,,0,
1786043807827846148,1786043807.825325630,/novatel/oem7/odom,/novatel/oem7/fix,/novatel/oem7/odom,39.663,-75.756,-1.801609031,0.001339320,-0.001147874,0.001339220,0.000016350,-0.001147874,,,
1786043807836044285,1786043807.835363998,/novatel/oem7/odom,/novatel/oem7/fix,/novatel/oem7/odom,39.663,-75.756,-1.801609031,0.001339320,-0.001147874,0.001339220,0.000016350,-0.001147874,,,
1786043807845777803,1786043807.845173050,/novatel/oem7/inspva,/novatel/oem7/inspva,/novatel/oem7/inspva,39.663,-75.756,-1.801626381,0.001313616,-0.001268837,-0.000084544,0.001310893,-0.001268837,,novatel_oem7_msgs.msg.InertialSolutionStatus(status=3),
1786043807847149437,1786043807.845314118,/novatel/oem7/fix,/novatel/oem7/fix,/novatel/oem7/inspva,39.663,-75.756,-1.801626381,0.001313616,-0.001268837,-0.000084544,0.001310893,-0.001268837,,0,
1786043807848286425,1786043807.845691212,/novatel/oem7/odom,/novatel/oem7/fix,/novatel/oem7/odom,39.663,-75.756,-1.801626381,0.001317956,-0.001264329,0.001309976,-0.000144809,-0.001264329,,,
1786043807856969169,1786043807.856235892,/novatel/oem7/odom,/novatel/oem7/fix,/novatel/oem7/odom,39.663,-75.756,-1.801626381,0.001317956,-0.001264329,0.001309976,-0.000144809,-0.001264329,,,
1786043807866637867,1786043807.866015247,/novatel/oem7/inspva,/novatel/oem7/inspva,/novatel/oem7/inspva,39.663,-75.756,-1.801640408,0.001436399,-0.001374769,0.000190398,0.001423724,-0.001374769,,novatel_oem7_msgs.msg.InertialSolutionStatus(status=3),
1786043807868058181,1786043807.866158485,/novatel/oem7/fix,/novatel/oem7/fix,/novatel/oem7/inspva,39.663,-75.756,-1.801640408,0.001436399,-0.001374769,0.000190398,0.001423724,-0.001374769,,0,
1786043807869149092,1786043807.866534229,/novatel/oem7/odom,/novatel/oem7/fix,/novatel/oem7/odom,39.663,-75.756,-1.801640408,0.001441771,-0.001369134,0.001436376,0.000124608,-0.001369134,,,
1786043807875154483,1786043807.874439765,/novatel/oem7/odom,/novatel/oem7/fix,/novatel/oem7/odom,39.663,-75.756,-1.801640408,0.001441771,-0.001369134,0.001436376,0.000124608,-0.001369134,,,
1786043807885656942,1786043807.885074960,/novatel/oem7/inspva,/novatel/oem7/inspva,/novatel/oem7/inspva,39.663,-75.756,-1.801658534,0.000767090,-0.001351361,0.000042450,0.000765915,-0.001351361,,novatel_oem7_msgs.msg.InertialSolutionStatus(status=3),
1786043807887173224,1786043807.885213457,/novatel/oem7/fix,/novatel/oem7/fix,/novatel/oem7/inspva,39.663,-75.756,-1.801658534,0.000767090,-0.001351361,0.000042450,0.000765915,-0.001351361,,0,
1786043807888319332,1786043807.885673897,/novatel/oem7/odom,/novatel/oem7/fix,/novatel/oem7/odom,39.663,-75.756,-1.801658534,0.000772148,-0.001348478,0.000772099,0.000008663,-0.001348478,,,
1786043807895585096,1786043807.894827148,/novatel/oem7/odom,/novatel/oem7/fix,/novatel/oem7/odom,39.663,-75.756,-1.801658534,0.000772148,-0.001348478,0.000772099,0.000008663,-0.001348478,,,
1786043807906259020,1786043807.905697824,/novatel/oem7/inspva,/novatel/oem7/inspva,/novatel/oem7/inspva,39.663,-75.756,-1.801675550,0.001076478,-0.001204007,0.000097172,0.001072084,-0.001204007,,novatel_oem7_msgs.msg.InertialSolutionStatus(status=3),
1786043807907721168,1786043807.905839976,/novatel/oem7/fix,/novatel/oem7/fix,/novatel/oem7/inspva,39.663,-75.756,-1.801675550,0.001076478,-0.001204007,0.000097172,0.001072084,-0.001204007,,0,
1786043807908837086,1786043807.906271567,/novatel/oem7/odom,/novatel/oem7/fix,/novatel/oem7/odom,39.663,-75.756,-1.801675550,0.001081073,-0.001199883,0.001080001,0.000048126,-0.001199883,,,
1786043807910455049,1786043807.908975287,/novatel/oem7/bestpos,/novatel/oem7/bestpos,/novatel/oem7/odom,39.663,-75.756,33.180794527,0.001081073,-0.001199883,0.001080001,0.000048126,-0.001199883,,novatel_oem7_msgs.msg.SolutionStatus(status=0),novatel_oem7_msgs.msg.PositionOrVelocityType(type=53)
1786043807911435456,1786043807.909670294,/novatel/oem7/bestvel,/novatel/oem7/bestpos,/novatel/oem7/bestvel,39.663,-75.756,33.180794527,0.000698780,-0.001069612,,,,70.609142528,novatel_oem7_msgs.msg.SolutionStatus(status=0),novatel_oem7_msgs.msg.PositionOrVelocityType(type=53)
1786043807915080993,1786043807.914371789,/novatel/oem7/odom,/novatel/oem7/bestpos,/novatel/oem7/odom,39.663,-75.756,33.180794527,0.001081073,-0.001199883,0.001080001,0.000048126,-0.001199883,,,
1786043807927157388,1786043807.926574462,/novatel/oem7/inspva,/novatel/oem7/inspva,/novatel/oem7/inspva,39.663,-75.756,-1.801699884,0.001339502,-0.001593062,-0.000262104,0.001313609,-0.001593062,,novatel_oem7_msgs.msg.InertialSolutionStatus(status=3),
1786043807928618066,1786043807.926728427,/novatel/oem7/fix,/novatel/oem7/fix,/novatel/oem7/inspva,39.663,-75.756,-1.801699884,0.001339502,-0.001593062,-0.000262104,0.001313609,-0.001593062,,0,
1786043807929800481,1786043807.927119921,/novatel/oem7/odom,/novatel/oem7/fix,/novatel/oem7/odom,39.663,-75.756,-1.801699884,0.001344289,-0.001589025,0.001305287,-0.000321465,-0.001589025,,,
1786043807935539495,1786043807.934841918,/novatel/oem7/odom,/novatel/oem7/fix,/novatel/oem7/odom,39.663,-75.756,-1.801699884,0.001344289,-0.001589025,0.001305287,-0.000321465,-0.001589025,,,
1786043807945400472,1786043807.944864563,/novatel/oem7/inspva,/novatel/oem7/inspva,/novatel/oem7/inspva,39.663,-75.756,-1.801719735,0.001070460,-0.001474261,0.000007857,0.001070431,-0.001474261,,novatel_oem7_msgs.msg.InertialSolutionStatus(status=3),
1786043807946847400,1786043807.945004208,/novatel/oem7/fix,/novatel/oem7/fix,/novatel/oem7/inspva,39.663,-75.756,-1.801719735,0.001070460,-0.001474261,0.000007857,0.001070431,-0.001474261,,0,
1786043807947998245,1786043807.945397532,/novatel/oem7/odom,/novatel/oem7/fix,/novatel/oem7/odom,39.663,-75.756,-1.801719735,0.001075788,-0.001470378,0.001075031,-0.000040359,-0.001470378,,,
1786043807956412396,1786043807.955756412,/novatel/oem7/odom,/novatel/oem7/fix,/novatel/oem7/odom,39.663,-75.756,-1.801719735,0.001075788,-0.001470378,0.001075031,-0.000040359,-0.001470378,,,
1786043807965851071,1786043807.965174398,/novatel/oem7/inspva,/novatel/oem7/inspva,/novatel/oem7/inspva,39.663,-75.756,-1.801748145,0.001019739,-0.001887089,-0.000376217,0.000947802,-0.001887089,,novatel_oem7_msgs.msg.InertialSolutionStatus(status=3),
1786043807967372334,1786043807.965392614,/novatel/oem7/fix,/novatel/oem7/fix,/novatel/oem7/inspva,39.663,-75.756,-1.801748145,0.001019739,-0.001887089,-0.000376217,0.000947802,-0.001887089,,0,
1786043807968457475,1786043807.965998607,/novatel/oem7/odom,/novatel/oem7/fix,/novatel/oem7/odom,39.663,-75.756,-1.801748145,0.001024200,-0.001884672,0.000935464,-0.000417003,-0.001884672,,,
1786043807975290210,1786043807.974563038,/novatel/oem7/odom,/novatel/oem7/fix,/novatel/oem7/odom,39.663,-75.756,-1.801748145,0.001024200,-0.001884672,0.000935464,-0.000417003,-0.001884672,,,
1786043807986763719,1786043807.986037219,/novatel/oem7/inspva,/novatel/oem7/inspva,/novatel/oem7/inspva,39.663,-75.756,-1.801769853,0.001026811,-0.001523036,-0.000219464,0.001003083,-0.001523036,,novatel_oem7_msgs.msg.InertialSolutionStatus(status=3),
1786043807988130326,1786043807.986253054,/novatel/oem7/fix,/novatel/oem7/fix,/novatel/oem7/inspva,39.663,-75.756,-1.801769853,0.001026811,-0.001523036,-0.000219464,0.001003083,-0.001523036,,0,
1786043807989178361,1786043807.986648715,/novatel/oem7/odom,/novatel/oem7/fix,/novatel/oem7/odom,39.663,-75.756,-1.801769853,0.001031295,-0.001520003,0.000996923,-0.000264036,-0.001520003,,,
1786043807995208492,1786043807.994499334,/novatel/oem7/odom,/novatel/oem7/fix,/novatel/oem7/odom,39.663,-75.756,-1.801769853,0.001031295,-0.001520003,0.000996923,-0.000264036,-0.001520003,,,
1786043808009069738,1786043808.008352457,/novatel/oem7/inspva,/novatel/oem7/inspva,/novatel/oem7/inspva,39.663,-75.756,-1.801800989,0.001066773,-0.001949952,-0.000234465,0.001040688,-0.001949952,,novatel_oem7_msgs.msg.InertialSolutionStatus(status=3),
1786043808010689284,1786043808.008576373,/novatel/oem7/fix,/novatel/oem7/fix,/novatel/oem7/inspva,39.663,-75.756,-1.801800989,0.001066773,-0.001949952,-0.000234465,0.001040688,-0.001949952,,0,
1786043808011904736,1786043808.009724714,/novatel/oem7/odom,/novatel/oem7/fix,/novatel/oem7/odom,39.663,-75.756,-1.801800989,0.001072488,-0.001946815,0.001035353,-0.000279777,-0.001946815,,,
1786043808017249997,1786043808.016620763,/novatel/oem7/odom,/novatel/oem7/fix,/novatel/oem7/odom,39.663,-75.756,-1.801800989,0.001072488,-0.001946815,0.001035353,-0.000279777,-0.001946815,,,
1786043808026937665,1786043808.026203691,/novatel/oem7/bestpos,/novatel/oem7/bestpos,/novatel/oem7/odom,39.663,-75.756,33.180674369,0.001072488,-0.001946815,0.001035353,-0.000279777,-0.001946815,,novatel_oem7_msgs.msg.SolutionStatus(status=0),novatel_oem7_msgs.msg.PositionOrVelocityType(type=53)
1786043808028669376,1786043808.026664965,/novatel/oem7/bestvel,/novatel/oem7/bestpos,/novatel/oem7/bestvel,39.663,-75.756,33.180674369,0.001045425,-0.002019820,,,,96.195188848,novatel_oem7_msgs.msg.SolutionStatus(status=0),novatel_oem7_msgs.msg.PositionOrVelocityType(type=53)
1786043808029597702,1786043808.027181598,/novatel/oem7/inspva,/novatel/oem7/inspva,/novatel/oem7/inspva,39.663,-75.756,-1.801824404,0.000876584,-0.001678399,-0.000182830,0.000857305,-0.001678399,,novatel_oem7_msgs.msg.InertialSolutionStatus(status=3),
1786043808030490111,1786043808.027436287,/novatel/oem7/fix,/novatel/oem7/fix,/novatel/oem7/inspva,39.663,-75.756,-1.801824404,0.000876584,-0.001678399,-0.000182830,0.000857305,-0.001678399,,0,
1786043808031550789,1786043808.027723696,/novatel/oem7/odom,/novatel/oem7/fix,/novatel/oem7/odom,39.663,-75.756,-1.801824404,0.000881575,-0.001675782,0.000853686,-0.000219990,-0.001675782,,,
1786043808035251679,1786043808.034513868,/novatel/oem7/odom,/novatel/oem7/fix,/novatel/oem7/odom,39.663,-75.756,-1.801824404,0.000881575,-0.001675782,0.000853686,-0.000219990,-0.001675782,,,
1786043808047511966,1786043808.046741038,/novatel/oem7/inspva,/novatel/oem7/inspva,/novatel/oem7/inspva,39.663,-75.756,-1.801825302,0.001207502,-0.001730472,-0.000199028,0.001190986,-0.001730472,,novatel_oem7_msgs.msg.InertialSolutionStatus(status=3),
1786043808048902367,1786043808.046951084,/novatel/oem7/fix,/novatel/oem7/fix,/novatel/oem7/inspva,39.663,-75.756,-1.801825302,0.001207502,-0.001730472,-0.000199028,0.001190986,-0.001730472,,0,
1786043808049972781,1786043808.047283691,/novatel/oem7/odom,/novatel/oem7/fix,/novatel/oem7/odom,39.663,-75.756,-1.801825302,0.001212870,-0.001726714,0.001186361,-0.000252191,-0.001726714,,,
1786043808056916361,1786043808.056213334,/novatel/oem7/odom,/novatel/oem7/fix,/novatel/oem7/odom,39.663,-75.756,-1.801825302,0.001212870,-0.001726714,0.001186361,-0.000252191,-0.001726714,,,
1786043808065827615,1786043808.065081980,/novatel/oem7/inspva,/novatel/oem7/inspva,/novatel/oem7/inspva,39.663,-75.756,-1.801823028,0.001275535,-0.001778303,-0.000321262,0.001234415,-0.001778303,,novatel_oem7_msgs.msg.InertialSolutionStatus(status=3),
1786043808067190241,1786043808.065292179,/novatel/oem7/fix,/novatel/oem7/fix,/novatel/oem7/inspva,39.663,-75.756,-1.801823028,0.001275535,-0.001778303,-0.000321262,0.001234415,-0.001778303,,0,
1786043808068294616,1786043808.065690752,/novatel/oem7/odom,/novatel/oem7/fix,/novatel/oem7/odom,39.663,-75.756,-1.801823028,0.001280548,-0.001774697,0.001224012,-0.000376295,-0.001774697,,,
1786043808076482872,1786043808.075764825,/novatel/oem7/odom,/novatel/oem7/fix,/novatel/oem7/odom,39.663,-75.756,-1.801823028,0.001280548,-0.001774697,0.001224012,-0.000376295,-0.001774697,,,
1786043808086049155,1786043808.085415619,/novatel/oem7/inspva,/novatel/oem7/inspva,/novatel/oem7/inspva,39.663,-75.756,-1.801828760,0.001161484,-0.002160168,-0.000300812,0.001121854,-0.002160168,,novatel_oem7_msgs.msg.InertialSolutionStatus(status=3),
1786043808087583391,1786043808.085640178,/novatel/oem7/fix,/novatel/oem7/fix,/novatel/oem7/inspva,39.663,-75.756,-1.801828760,0.001161484,-0.002160168,-0.000300812,0.001121854,-0.002160168,,0,
1786043808088666588,1786043808.086393423,/novatel/oem7/odom,/novatel/oem7/fix,/novatel/oem7/odom,39.663,-75.756,-1.801828760,0.001167497,-0.002156924,0.001113970,-0.000349456,-0.002156924,,,
1786043808095435970,1786043808.094641622,/novatel/oem7/odom,/novatel/oem7/fix,/novatel/oem7/odom,39.663,-75.756,-1.801828760,0.001167497,-0.002156924,0.001113970,-0.000349456,-0.002156924,,,
1786043808106647377,1786043808.105908959,/novatel/oem7/inspva,/novatel/oem7/inspva,/novatel/oem7/inspva,39.663,-75.756,-1.801827822,0.001390676,-0.001996456,-0.000295963,0.001358817,-0.001996456,,novatel_oem7_msgs.msg.InertialSolutionStatus(status=3),
1786043808108020431,1786043808.106119591,/novatel/oem7/fix,/novatel/oem7/fix,/novatel/oem7/inspva,39.663,-75.756,-1.801827822,0.001390676,-0.001996456,-0.000295963,0.001358817,-0.001996456,,0,
1786043808109290224,1786043808.106479568,/novatel/oem7/odom,/novatel/oem7/fix,/novatel/oem7/odom,39.663,-75.756,-1.801827822,0.001396563,-0.001992342,0.001350297,-0.000356490,-0.001992342,,,
1786043808110973717,1786043808.109342420,/novatel/oem7/bestpos,/novatel/oem7/bestpos,/novatel/oem7/odom,39.663,-75.756,33.180660273,0.001396563,-0.001992342,0.001350297,-0.000356490,-0.001992342,,novatel_oem7_msgs.msg.SolutionStatus(status=0),novatel_oem7_msgs.msg.PositionOrVelocityType(type=53)
1786043808112007204,1786043808.110059061,/novatel/oem7/bestvel,/novatel/oem7/bestpos,/novatel/oem7/bestvel,39.663,-75.756,33.180660273,0.001112394,-0.001958876,,,,96.957715354,novatel_oem7_msgs.msg.SolutionStatus(status=0),novatel_oem7_msgs.msg.PositionOrVelocityType(type=53)
1786043808115254470,1786043808.114567340,/novatel/oem7/odom,/novatel/oem7/bestpos,/novatel/oem7/odom,39.663,-75.756,33.180660273,0.001396563,-0.001992342,0.001350297,-0.000356490,-0.001992342,,,
1786043808126011999,1786043808.125329139,/novatel/oem7/inspva,/novatel/oem7/inspva,/novatel/oem7/inspva,39.663,-75.756,-1.801835177,0.001126960,-0.001936046,-0.000138691,0.001118394,-0.001936046,,novatel_oem7_msgs.msg.InertialSolutionStatus(status=3),
1786043808127531514,1786043808.125564961,/novatel/oem7/fix,/novatel/oem7/fix,/novatel/oem7/inspva,39.663,-75.756,-1.801835177,0.001126960,-0.001936046,-0.000138691,0.001118394,-0.001936046,,0,
1786043808128633512,1786043808.126170190,/novatel/oem7/odom,/novatel/oem7/fix,/novatel/oem7/odom,39.663,-75.756,-1.801835177,0.001133263,-0.001932363,0.001117575,-0.000187908,-0.001932363,,,
1786043808136227382,1786043808.135555986,/novatel/oem7/odom,/novatel/oem7/fix,/novatel/oem7/odom,39.663,-75.756,-1.801835177,0.001133263,-0.001932363,0.001117575,-0.000187908,-0.001932363,,,
1786043808146023321,1786043808.145259713,/novatel/oem7/inspva,/novatel/oem7/inspva,/novatel/oem7/inspva,39.663,-75.756,-1.801839619,0.001435208,-0.002181747,-0.000307134,0.001401960,-0.002181747,,novatel_oem7_msgs.msg.InertialSolutionStatus(status=3),
1786043808147357621,1786043808.145509982,/novatel/oem7/fix,/novatel/oem7/fix,/novatel/oem7/inspva,39.663,-75.756,-1.801839619,0.001435208,-0.002181747,-0.000307134,0.001401960,-0.002181747,,0,
1786043808148434482,1786043808.145918316,/novatel/oem7/odom,/novatel/oem7/fix,/novatel/oem7/odom,39.663,-75.756,-1.801839619,0.001441657,-0.002177491,0.001393556,-0.000369292,-0.002177491,,,
1786043808156371155,1786043808.155692032,/novatel/oem7/odom,/novatel/oem7/fix,/novatel/oem7/odom,39.663,-75.756,-1.801839619,0.001441657,-0.002177491,0.001393556,-0.000369292,-0.002177491,,,
1786043808167255919,1786043808.166548378,/novatel/oem7/inspva,/novatel/oem7/inspva,/novatel/oem7/inspva,39.663,-75.756,-1.801848121,0.001185102,-0.002008506,-0.000062584,0.001183448,-0.002008506,,novatel_oem7_msgs.msg.InertialSolutionStatus(status=3),
1786043808168670439,1786043808.166750277,/novatel/oem7/fix,/novatel/oem7/fix,/novatel/oem7/inspva,39.663,-75.756,-1.801848121,0.001185102,-0.002008506,-0.000062584,0.001183448,-0.002008506,,0,
1786043808169718187,1786043808.167162521,/novatel/oem7/odom,/novatel/oem7/fix,/novatel/oem7/odom,39.663,-75.756,-1.801848121,0.001192057,-0.002004386,0.001186509,-0.000114870,-0.002004386,,,
1786043808175873522,1786043808.175066634,/novatel/oem7/odom,/novatel/oem7/fix,/novatel/oem7/odom,39.663,-75.756,-1.801848121,0.001192057,-0.002004386,0.001186509,-0.000114870,-0.002004386,,,
1786043808185906683,1786043808.185173700,/novatel/oem7/inspva,/novatel/oem7/inspva,/novatel/oem7/inspva,39.663,-75.756,-1.801855441,0.001291937,-0.001967068,-0.000291986,0.001258509,-0.001967068,,novatel_oem7_msgs.msg.InertialSolutionStatus(status=3),
1786043808187268107,1786043808.185377882,/novatel/oem7/fix,/novatel/oem7/fix,/novatel/oem7/inspva,39.663,-75.756,-1.801855441,0.001291937,-0.001967068,-0.000291986,0.001258509,-0.001967068,,0,
1786043808188349882,1786043808.185805159,/novatel/oem7/odom,/novatel/oem7/fix,/novatel/oem7/odom,39.663,-75.756,-1.801855441,0.001297669,-0.001963291,0.001250207,-0.000347747,-0.001963291,,,
1786043808196212931,1786043808.195553806,/novatel/oem7/odom,/novatel/oem7/fix,/novatel/oem7/odom,39.663,-75.756,-1.801855441,0.001297669,-0.001963291,0.001250207,-0.000347747,-0.001963291,,,
1786043808207233566,1786043808.206581976,/novatel/oem7/inspva,/novatel/oem7/inspva,/novatel/oem7/inspva,39.663,-75.756,-1.801870329,0.001262927,-0.002355471,-0.000242524,0.001239422,-0.002355471,,novatel_oem7_msgs.msg.InertialSolutionStatus(status=3),
1786043808208760541,1786043808.206792818,/novatel/oem7/fix,/novatel/oem7/fix,/novatel/oem7/inspva,39.663,-75.756,-1.801870329,0.001262927,-0.002355471,-0.000242524,0.001239422,-0.002355471,,0,
1786043808209972383,1786043808.207749244,/novatel/oem7/odom,/novatel/oem7/fix,/novatel/oem7/odom,39.663,-75.756,-1.801870329,0.001270074,-0.002351624,0.001234983,-0.000296491,-0.002351624,,,
1786043808211587239,1786043808.210003720,/novatel/oem7/bestpos,/novatel/oem7/bestpos,/novatel/oem7/odom,39.663,-75.756,33.180622163,0.001270074,-0.002351624,0.001234983,-0.000296491,-0.002351624,,novatel_oem7_msgs.msg.SolutionStatus(status=0),novatel_oem7_msgs.msg.PositionOrVelocityType(type=53)
1786043808212528102,1786043808.210458911,/novatel/oem7/bestvel,/novatel/oem7/bestpos,/novatel/oem7/bestvel,39.663,-75.756,33.180622163,0.001408572,-0.002111424,,,,118.179554599,novatel_oem7_msgs.msg.SolutionStatus(status=0),novatel_oem7_msgs.msg.PositionOrVelocityType(type=53)
1786043808215874736,1786043808.215185436,/novatel/oem7/odom,/novatel/oem7/bestpos,/novatel/oem7/odom,39.663,-75.756,33.180622163,0.001270074,-0.002351624,0.001234983,-0.000296491,-0.002351624,,,
1786043808226903784,1786043808.226157583,/novatel/oem7/inspva,/novatel/oem7/inspva,/novatel/oem7/inspva,39.663,-75.756,-1.801877321,0.001460693,-0.002131246,-0.000449482,0.001389816,-0.002131246,,novatel_oem7_msgs.msg.InertialSolutionStatus(status=3),
1786043808228237434,1786043808.226363112,/novatel/oem7/fix,/novatel/oem7/fix,/novatel/oem7/inspva,39.663,-75.756,-1.801877321,0.001460693,-0.002131246,-0.000449482,0.001389816,-0.002131246,,0,
1786043808229305188,1786043808.226811786,/novatel/oem7/odom,/novatel/oem7/fix,/novatel/oem7/odom,39.663,-75.756,-1.801877321,0.001466257,-0.002127422,0.001374327,-0.000511012,-0.002127422,,,
1786043808236604852,1786043808.234585842,/novatel/oem7/odom,/novatel/oem7/fix,/novatel/oem7/odom,39.663,-75.756,-1.801877321,0.001466257,-0.002127422,0.001374327,-0.000511012,-0.002127422,,,
1786043808245815778,1786043808.245151271,/novatel/oem7/inspva,/novatel/oem7/inspva,/novatel/oem7/inspva,39.663,-75.756,-1.801889739,0.000887391,-0.001984636,-0.000145292,0.000875416,-0.001984636,,novatel_oem7_msgs.msg.InertialSolutionStatus(status=3),
1786043808247284543,1786043808.245344993,/novatel/oem7/fix,/novatel/oem7/fix,/novatel/oem7/inspva,39.663,-75.756,-1.801889739,0.000887391,-0.001984636,-0.000145292,0.000875416,-0.001984636,,0,
1786043808248403524,1786043808.245858312,/novatel/oem7/odom,/novatel/oem7/fix,/novatel/oem7/odom,39.663,-75.756,-1.801889739,0.000893591,-0.001981853,0.000874725,-0.000182651,-0.001981853,,,
1786043808257118459,1786043808.256454109,/novatel/oem7/odom,/novatel/oem7/fix,/novatel/oem7/odom,39.663,-75.756,-1.801889739,0.000893591,-0.001981853,0.000874725,-0.000182651,-0.001981853,,,
1786043808265627395,1786043808.265080893,/novatel/oem7/inspva,/novatel/oem7/inspva,/novatel/oem7/inspva,39.663,-75.756,-1.801900036,0.001129181,-0.002051900,-0.000210303,0.001109425,-0.002051900,,novatel_oem7_msgs.msg.InertialSolutionStatus(status=3),
1786043808266943358,1786043808.265231501,/novatel/oem7/fix,/novatel/oem7/fix,/novatel/oem7/inspva,39.663,-75.756,-1.801900036,0.001129181,-0.002051900,-0.000210303,0.001109425,-0.002051900,,0,
1786043808268013549,1786043808.265716656,/novatel/oem7/odom,/novatel/oem7/fix,/novatel/oem7/odom,39.663,-75.756,-1.801900036,0.001135440,-0.002048444,0.001105561,-0.000258763,-0.002048444,,,
1786043808275007293,1786043808.274334706,/novatel/oem7/odom,/novatel/oem7/fix,/novatel/oem7/odom,39.663,-75.756,-1.801900036,0.001135440,-0.002048444,0.001105561,-0.000258763,-0.002048444,,,
1786043808286963814,1786043808.286395408,/novatel/oem7/inspva,/novatel/oem7/inspva,/novatel/oem7/inspva,39.663,-75.756,-1.801916686,0.000865398,-0.002187220,-0.000172350,0.000848062,-0.002187220,,novatel_oem7_msgs.msg.InertialSolutionStatus(status=3),
1786043808288332647,1786043808.286573237,/novatel/oem7/fix,/novatel/oem7/fix,/novatel/oem7/inspva,39.663,-75.756,-1.801916686,0.000865398,-0.002187220,-0.000172350,0.000848062,-0.002187220,,0,
1786043808289483846,1786043808.286950327,/novatel/oem7/odom,/novatel/oem7/fix,/novatel/oem7/odom,39.663,-75.756,-1.801916686,0.000871981,-0.002184604,0.000846837,-0.000207891,-0.002184604,,,
1786043808295752989,1786043808.294987005,/novatel/oem7/odom,/novatel/oem7/fix,/novatel/oem7/odom,39.663,-75.756,-1.801916686,0.000871981,-0.002184604,0.000846837,-0.000207891,-0.002184604,,,
1786043808306212415,1786043808.305694456,/novatel/oem7/inspva,/novatel/oem7/inspva,/novatel/oem7/inspva,39.663,-75.756,-1.801928191,0.000875865,-0.002270521,-0.000216822,0.000848603,-0.002270521,,novatel_oem7_msgs.msg.InertialSolutionStatus(status=3),
1786043808307560225,1786043808.305843238,/novatel/oem7/fix,/novatel/oem7/fix,/novatel/oem7/inspva,39.663,-75.756,-1.801928191,0.000875865,-0.002270521,-0.000216822,0.000848603,-0.002270521,,0,
1786043808308678630,1786043808.306353149,/novatel/oem7/odom,/novatel/oem7/fix,/novatel/oem7/odom,39.663,-75.756,-1.801928191,0.000882299,-0.002268029,0.000845511,-0.000252114,-0.002268029,,,
1786043808310209585,1786043808.308711373,/novatel/oem7/bestpos,/novatel/oem7/bestpos,/novatel/oem7/odom,39.663,-75.756,33.180576870,0.000882299,-0.002268029,0.000845511,-0.000252114,-0.002268029,,novatel_oem7_msgs.msg.SolutionStatus(status=0),novatel_oem7_msgs.msg.PositionOrVelocityType(type=53)
1786043808311168008,1786043808.309271699,/novatel/oem7/bestvel,/novatel/oem7/bestpos,/novatel/oem7/bestvel,39.663,-75.756,33.180576870,0.000923045,-0.002067914,,,,122.872343290,novatel_oem7_msgs.msg.SolutionStatus(status=0),novatel_oem7_msgs.msg.PositionOrVelocityType(type=53)
1786043808316015347,1786043808.315348480,/novatel/oem7/odom,/novatel/oem7/bestpos,/novatel/oem7/odom,39.663,-75.756,33.180576870,0.000882299,-0.002268029,0.000845511,-0.000252114,-0.002268029,,,
1786043808325764442,1786043808.325211494,/novatel/oem7/inspva,/novatel/oem7/inspva,/novatel/oem7/inspva,39.663,-75.756,-1.801941144,0.000586442,-0.001785902,-0.000203906,0.000549852,-0.001785902,,novatel_oem7_msgs.msg.InertialSolutionStatus(status=3),
1786043808327178830,1786043808.325378251,/novatel/oem7/fix,/novatel/oem7/fix,/novatel/oem7/inspva,39.663,-75.756,-1.801941144,0.000586442,-0.001785902,-0.000203906,0.000549852,-0.001785902,,0,
1786043808328321675,1786043808.325980674,/novatel/oem7/odom,/novatel/oem7/fix,/novatel/oem7/odom,39.663,-75.756,-1.801941144,0.000590861,-0.001784445,0.000545962,-0.000225927,-0.001784445,,,
1786043808337122040,1786043808.336255695,/novatel/oem7/odom,/novatel/oem7/fix,/novatel/oem7/odom,39.663,-75.756,-1.801941144,0.000590861,-0.001784445,0.000545962,-0.000225927,-0.001784445,,,
1786043808346527765,1786043808.345921449,/novatel/oem7/inspva,/novatel/oem7/inspva,/novatel/oem7/inspva,39.663,-75.756,-1.801958418,0.001003479,-0.002330623,-0.000228736,0.000977061,-0.002330623,,novatel_oem7_msgs.msg.InertialSolutionStatus(status=3),
1786043808347924289,1786043808.346102108,/novatel/oem7/fix,/novatel/oem7/fix,/novatel/oem7/inspva,39.663,-75.756,-1.801958418,0.001003479,-0.002330623,-0.000228736,0.000977061,-0.002330623,,0,
1786043808349042814,1786043808.346513592,/novatel/oem7/odom,/novatel/oem7/fix,/novatel/oem7/odom,39.663,-75.756,-1.801958418,0.001010272,-0.002327686,0.000973504,-0.000270074,-0.002327686,,,
1786043808356558013,1786043808.355834819,/novatel/oem7/odom,/novatel/oem7/fix,/novatel/oem7/odom,39.663,-75.756,-1.801958418,0.001010272,-0.002327686,0.000973504,-0.000270074,-0.002327686,,,
1786043808365671982,1786043808.365148207,/novatel/oem7/inspva,/novatel/oem7/inspva,/novatel/oem7/inspva,39.663,-75.756,-1.801975819,0.000507064,-0.002143960,0.000083821,0.000500088,-0.002143960,,novatel_oem7_msgs.msg.InertialSolutionStatus(status=3),
1786043808367042056,1786043808.365314305,/novatel/oem7/fix,/novatel/oem7/fix,/novatel/oem7/inspva,39.663,-75.756,-1.801975819,0.000507064,-0.002143960,0.000083821,0.000500088,-0.002143960,,0,
1786043808368216184,1786043808.365887384,/novatel/oem7/odom,/novatel/oem7/fix,/novatel/oem7/odom,39.663,-75.756,-1.801975819,0.000515587,-0.002141926,0.000511504,0.000064759,-0.002141926,,,
1786043808376092257,1786043808.375404737,/novatel/oem7/odom,/novatel/oem7/fix,/novatel/oem7/odom,39.663,-75.756,-1.801975819,0.000515587,-0.002141926,0.000511504,0.000064759,-0.002141926,,,
1786043808385681090,1786043808.385103728,/novatel/oem7/inspva,/novatel/oem7/inspva,/novatel/oem7/inspva,39.663,-75.756,-1.801993273,0.000887243,-0.002336514,0.000135664,0.000876810,-0.002336514,,novatel_oem7_msgs.msg.InertialSolutionStatus(status=3),
1786043808387022134,1786043808.385292583,/novatel/oem7/fix,/novatel/oem7/fix,/novatel/oem7/inspva,39.663,-75.756,-1.801993273,0.000887243,-0.002336514,0.000135664,0.000876810,-0.002336514,,0,
1786043808388101062,1786043808.385695654,/novatel/oem7/odom,/novatel/oem7/fix,/novatel/oem7/odom,39.663,-75.756,-1.801993273,0.000896455,-0.002332995,0.000890997,0.000098771,-0.002332995,,,
1786043808395010401,1786043808.394304987,/novatel/oem7/odom,/novatel/oem7/fix,/novatel/oem7/odom,39.663,-75.756,-1.801993273,0.000896455,-0.002332995,0.000890997,0.000098771,-0.002332995,,,
1786043808406781363,1786043808.406201358,/novatel/oem7/inspva,/novatel/oem7/inspva,/novatel/oem7/inspva,39.663,-75.756,-1.802013899,0.000681568,-0.002173429,0.000462015,0.000501076,-0.002173429,,novatel_oem7_msgs.msg.InertialSolutionStatus(status=3),
1786043808408217285,1786043808.406376029,/novatel/oem7/fix,/novatel/oem7/fix,/novatel/oem7/inspva,39.663,-75.756,-1.802013899,0.000681568,-0.002173429,0.000462015,0.000501076,-0.002173429,,0,
1786043808409335053,1786043808.407022576,/novatel/oem7/odom,/novatel/oem7/fix,/novatel/oem7/odom,39.663,-75.756,-1.802013899,0.000691161,-0.002170397,0.000530909,0.000442538,-0.002170397,,,
1786043808410998223,1786043808.410226035,/novatel/oem7/bestpos,/novatel/oem7/bestpos,/novatel/oem7/odom,39.663,-75.756,33.180482117,0.000691161,-0.002170397,0.000530909,0.000442538,-0.002170397,,novatel_oem7_msgs.msg.SolutionStatus(status=0),novatel_oem7_msgs.msg.PositionOrVelocityType(type=53)
1786043808412549205,1786043808.410615399,/novatel/oem7/bestvel,/novatel/oem7/bestpos,/novatel/oem7/bestvel,39.663,-75.756,33.180482117,0.000957010,-0.002389046,,,,39.175998326,novatel_oem7_msgs.msg.SolutionStatus(status=0),novatel_oem7_msgs.msg.PositionOrVelocityType(type=53)
1786043808415974766,1786043808.415241493,/novatel/oem7/odom,/novatel/oem7/bestpos,/novatel/oem7/odom,39.663,-75.756,33.180482117,0.000691161,-0.002170397,0.000530909,0.000442538,-0.002170397,,,
1786043808425527580,1786043808.424940837,/novatel/oem7/inspva,/novatel/oem7/inspva,/novatel/oem7/inspva,39.663,-75.756,-1.802035546,0.000707957,-0.002645276,0.000291154,0.000645316,-0.002645276,,novatel_oem7_msgs.msg.InertialSolutionStatus(status=3),
1786043808426935257,1786043808.425102452,/novatel/oem7/fix,/novatel/oem7/fix,/novatel/oem7/inspva,39.663,-75.756,-1.802035546,0.000707957,-0.002645276,0.000291154,0.000645316,-0.002645276,,0,
1786043808428027008,1786043808.425497436,/novatel/oem7/odom,/novatel/oem7/fix,/novatel/oem7/odom,39.663,-75.756,-1.802035546,0.000719450,-0.002642174,0.000668448,0.000266053,-0.002642174,,,
1786043808436069119,1786043808.435344602,/novatel/oem7/odom,/novatel/oem7/fix,/novatel/oem7/odom,39.663,-75.756,-1.802035546,0.000719450,-0.002642174,0.000668448,0.000266053,-0.002642174,,,
1786043808445821085,1786043808.445224489,/novatel/oem7/inspva,/novatel/oem7/inspva,/novatel/oem7/inspva,39.663,-75.756,-1.802054556,0.000666958,-0.001979103,0.000226665,0.000627260,-0.001979103,,novatel_oem7_msgs.msg.InertialSolutionStatus(status=3),
1786043808447209052,1786043808.445397863,/novatel/oem7/fix,/novatel/oem7/fix,/novatel/oem7/inspva,39.663,-75.756,-1.802054556,0.000666958,-0.001979103,0.000226665,0.000627260,-0.001979103,,0,
1786043808448342457,1786043808.445999209,/novatel/oem7/odom,/novatel/oem7/fix,/novatel/oem7/odom,39.663,-75.756,-1.802054556,0.000675405,-0.001976237,0.000644830,0.000200914,-0.001976237,,,
1786043808456998324,1786043808.456297283,/novatel/oem7/odom,/novatel/oem7/fix,/novatel/oem7/odom,39.663,-75.756,-1.802054556,0.000675405,-0.001976237,0.000644830,0.000200914,-0.001976237,,,
1786043808466534794,1786043808.465946121,/novatel/oem7/inspva,/novatel/oem7/inspva,/novatel/oem7/inspva,39.663,-75.756,-1.802078195,0.000611613,-0.002217036,0.000175490,0.000585895,-0.002217036,,novatel_oem7_msgs.msg.InertialSolutionStatus(status=3),
1786043808467901137,1786043808.466112026,/novatel/oem7/fix,/novatel/oem7/fix,/novatel/oem7/inspva,39.663,-75.756,-1.802078195,0.000611613,-0.002217036,0.000175490,0.000585895,-0.002217036,,0,
1786043808468978408,1786043808.466534850,/novatel/oem7/odom,/novatel/oem7/fix,/novatel/oem7/odom,39.663,-75.756,-1.802078195,0.000620910,-0.002214450,0.000601925,0.000152369,-0.002214450,,,
1786043808475573015,1786043808.474857901,/novatel/oem7/odom,/novatel/oem7/fix,/novatel/oem7/odom,39.663,-75.756,-1.802078195,0.000620910,-0.002214450,0.000601925,0.000152369,-0.002214450,,,
1786043808485845659,1786043808.485290830,/novatel/oem7/inspva,/novatel/oem7/inspva,/novatel/oem7/inspva,39.663,-75.756,-1.802107354,0.000959478,-0.002832018,0.000686946,0.000669853,-0.002832018,,novatel_oem7_msgs.msg.InertialSolutionStatus(status=3),
1786043808487225939,1786043808.485477625,/novatel/oem7/fix,/novatel/oem7/fix,/novatel/oem7/inspva,39.663,-75.756,-1.802107354,0.000959478,-0.002832018,0.000686946,0.000669853,-0.002832018,,0,
1786043808488301287,1786043808.486129735,/novatel/oem7/odom,/novatel/oem7/fix,/novatel/oem7/odom,39.663,-75.756,-1.802107354,0.000971893,-0.002827781,0.000712773,0.000660705,-0.002827781,,,
1786043808496115189,1786043808.495483213,/novatel/oem7/odom,/novatel/oem7/fix,/novatel/oem7/odom,39.663,-75.756,-1.802107354,0.000971893,-0.002827781,0.000712773,0.000660705,-0.002827781,,,
1786043808506552225,1786043808.506001342,/novatel/oem7/inspva,/novatel/oem7/inspva,/novatel/oem7/inspva,39.663,-75.756,-1.802128483,0.000441365,-0.002575978,0.000403179,0.000179584,-0.002575978,,novatel_oem7_msgs.msg.InertialSolutionStatus(status=3),
1786043808507877264,1786043808.506162924,/novatel/oem7/fix,/novatel/oem7/fix,/novatel/oem7/inspva,39.663,-75.756,-1.802128483,0.000441365,-0.002575978,0.000403179,0.000179584,-0.002575978,,0,
1786043808509057773,1786043808.506656656,/novatel/oem7/odom,/novatel/oem7/fix,/novatel/oem7/odom,39.663,-75.756,-1.802128483,0.000451338,-0.002574250,0.000208394,0.000400347,-0.002574250,,,
1786043808512776010,1786043808.512073420,/novatel/oem7/bestpos,/novatel/oem7/bestpos,/novatel/oem7/odom,39.663,-75.756,33.180369468,0.000451338,-0.002574250,0.000208394,0.000400347,-0.002574250,,novatel_oem7_msgs.msg.SolutionStatus(status=0),novatel_oem7_msgs.msg.PositionOrVelocityType(type=53)
1786043808514169225,1786043808.512515965,/novatel/oem7/bestvel,/novatel/oem7/bestpos,/novatel/oem7/bestvel,39.663,-75.756,33.180369468,0.000329277,-0.002131290,,,,283.986335508,novatel_oem7_msgs.msg.SolutionStatus(status=0),novatel_oem7_msgs.msg.PositionOrVelocityType(type=53)
1786043808515745314,1786043808.514417524,/novatel/oem7/odom,/novatel/oem7/bestpos,/novatel/oem7/odom,39.663,-75.756,33.180369468,0.000451338,-0.002574250,0.000208394,0.000400347,-0.002574250,,,
1786043808527253384,1786043808.526573000,/novatel/oem7/inspva,/novatel/oem7/inspva,/novatel/oem7/inspva,39.663,-75.756,-1.802158379,0.000889973,-0.002653281,0.000772878,0.000441260,-0.002653281,,novatel_oem7_msgs.msg.InertialSolutionStatus(status=3),
1786043808528622870,1786043808.526725538,/novatel/oem7/fix,/novatel/oem7/fix,/novatel/oem7/inspva,39.663,-75.756,-1.802158379,0.000889973,-0.002653281,0.000772878,0.000441260,-0.002653281,,0,
1786043808529692288,1786043808.527240654,/novatel/oem7/odom,/novatel/oem7/fix,/novatel/oem7/odom,39.663,-75.756,-1.802158379,0.000900746,-0.002649643,0.000487936,0.000757141,-0.002649643,,,
1786043808535810143,1786043808.535128159,/novatel/oem7/odom,/novatel/oem7/fix,/novatel/oem7/odom,39.663,-75.756,-1.802158379,0.000900746,-0.002649643,0.000487936,0.000757141,-0.002649643,,,
1786043808545726346,1786043808.545179201,/novatel/oem7/inspva,/novatel/oem7/inspva,/novatel/oem7/inspva,39.663,-75.756,-1.802185813,0.000503112,-0.002601583,0.000503033,-0.000008897,-0.002601583,,novatel_oem7_msgs.msg.InertialSolutionStatus(status=3),
1786043808547032089,1786043808.545335082,/novatel/oem7/fix,/novatel/oem7/fix,/novatel/oem7/inspva,39.663,-75.756,-1.802185813,0.000503112,-0.002601583,0.000503033,-0.000008897,-0.002601583,,0,
1786043808548081474,1786043808.545727996,/novatel/oem7/odom,/novatel/oem7/fix,/novatel/oem7/odom,39.663,-75.756,-1.802185813,0.000509871,-0.002600267,0.000025070,0.000509254,-0.002600267,,,
1786043808556212072,1786043808.555562503,/novatel/oem7/odom,/novatel/oem7/fix,/novatel/oem7/odom,39.663,-75.756,-1.802185813,0.000509871,-0.002600267,0.000025070,0.000509254,-0.002600267,,,
1786043808567117982,1786043808.566578891,/novatel/oem7/inspva,/novatel/oem7/inspva,/novatel/oem7/inspva,39.663,-75.756,-1.802224075,0.000556953,-0.003138509,0.000538268,0.000143053,-0.003138509,,novatel_oem7_msgs.msg.InertialSolutionStatus(status=3),
1786043808568475746,1786043808.566729792,/novatel/oem7/fix,/novatel/oem7/fix,/novatel/oem7/inspva,39.663,-75.756,-1.802224075,0.000556953,-0.003138509,0.000538268,0.000143053,-0.003138509,,0,
1786043808569511043,1786043808.567171857,/novatel/oem7/odom,/novatel/oem7/fix,/novatel/oem7/odom,39.663,-75.756,-1.802224075,0.000567857,-0.003136555,0.000180511,0.000538403,-0.003136555,,,
1786043808575765837,1786043808.575130081,/novatel/oem7/odom,/novatel/oem7/fix,/novatel/oem7/odom,39.663,-75.756,-1.802224075,0.000567857,-0.003136555,0.000180511,0.000538403,-0.003136555,,,
1786043808586474615,1786043808.585957456,/novatel/oem7/inspva,/novatel/oem7/inspva,/novatel/oem7/inspva,39.663,-75.756,-1.802252936,0.000513777,-0.002811997,0.000439078,-0.000266790,-0.002811997,,novatel_oem7_msgs.msg.InertialSolutionStatus(status=3),
1786043808587831635,1786043808.586098458,/novatel/oem7/fix,/novatel/oem7/fix,/novatel/oem7/inspva,39.663,-75.756,-1.802252936,0.000513777,-0.002811997,0.000439078,-0.000266790,-0.002811997,,0,
1786043808588965430,1786043808.586551699,/novatel/oem7/odom,/novatel/oem7/fix,/novatel/oem7/odom,39.663,-75.756,-1.802252936,0.000515022,-0.002811769,-0.000234853,0.000458357,-0.002811769,,,
1786043808595130342,1786043808.594471145,/novatel/oem7/odom,/novatel/oem7/fix,/novatel/oem7/odom,39.663,-75.756,-1.802252936,0.000515022,-0.002811769,-0.000234853,0.000458357,-0.002811769,,,
1786043808606704546,1786043808.606175447,/novatel/oem7/inspva,/novatel/oem7/inspva,/novatel/oem7/inspva,39.663,-75.756,-1.802294269,0.000980349,-0.003189872,0.000909417,-0.000366120,-0.003189872,,novatel_oem7_msgs.msg.InertialSolutionStatus(status=3),
1786043808608017655,1786043808.606331872,/novatel/oem7/fix,/novatel/oem7/fix,/novatel/oem7/inspva,39.663,-75.756,-1.802294269,0.000980349,-0.003189872,0.000909417,-0.000366120,-0.003189872,,0,
1786043808609079420,1786043808.606846867,/novatel/oem7/odom,/novatel/oem7/fix,/novatel/oem7/odom,39.663,-75.756,-1.802294269,0.000983975,-0.003188756,-0.000309962,0.000933879,-0.003188756,,,
1786043808611019412,1786043808.610119750,/novatel/oem7/bestpos,/novatel/oem7/bestpos,/novatel/oem7/odom,39.663,-75.756,33.180213462,0.000983975,-0.003188756,-0.000309962,0.000933879,-0.003188756,,novatel_oem7_msgs.msg.SolutionStatus(status=0),novatel_oem7_msgs.msg.PositionOrVelocityType(type=53)
1786043808612415160,1786043808.610496637,/novatel/oem7/bestvel,/novatel/oem7/bestpos,/novatel/oem7/bestvel,39.663,-75.756,33.180213462,0.000955781,-0.002874867,,,,313.448457853,novatel_oem7_msgs.msg.SolutionStatus(status=0),novatel_oem7_msgs.msg.PositionOrVelocityType(type=53)
1786043808615468937,1786043808.614800328,/novatel/oem7/odom,/novatel/oem7/bestpos,/novatel/oem7/odom,39.663,-75.756,33.180213462,0.000983975,-0.003188756,-0.000309962,0.000933879,-0.003188756,,,
1786043808626779725,1786043808.626229323,/novatel/oem7/inspva,/novatel/oem7/inspva,/novatel/oem7/inspva,39.663,-75.756,-1.802327618,0.001141103,-0.003170742,0.000743742,-0.000865427,-0.003170742,,novatel_oem7_msgs.msg.InertialSolutionStatus(status=3),
1786043808628134802,1786043808.626391408,/novatel/oem7/fix,/novatel/oem7/fix,/novatel/oem7/inspva,39.663,-75.756,-1.802327618,0.001141103,-0.003170742,0.000743742,-0.000865427,-0.003170742,,0,
1786043808629218113,1786043808.626875403,/novatel/oem7/odom,/novatel/oem7/fix,/novatel/oem7/odom,39.663,-75.756,-1.802327618,0.001138035,-0.003171844,-0.000816714,0.000792529,-0.003171844,,,
1786043808635250240,1786043808.634543157,/novatel/oem7/odom,/novatel/oem7/fix,/novatel/oem7/odom,39.663,-75.756,-1.802327618,0.001138035,-0.003171844,-0.000816714,0.000792529,-0.003171844,,,
1786043808645879971,1786043808.645142844,/novatel/oem7/inspva,/novatel/oem7/inspva,/novatel/oem7/inspva,39.663,-75.756,-1.802365986,0.001218301,-0.002820074,0.001131772,-0.000450942,-0.002820074,,novatel_oem7_msgs.msg.InertialSolutionStatus(status=3),
1786043808647232458,1786043808.645356862,/novatel/oem7/fix,/novatel/oem7/fix,/novatel/oem7/inspva,39.663,-75.756,-1.802365986,0.001218301,-0.002820074,0.001131772,-0.000450942,-0.002820074,,0,
1786043808648397177,1786043808.645775870,/novatel/oem7/odom,/novatel/oem7/fix,/novatel/oem7/odom,39.663,-75.756,-1.802365986,0.001221521,-0.002818681,-0.000385230,0.001159186,-0.002818681,,,
1786043808657213619,1786043808.656551425,/novatel/oem7/odom,/novatel/oem7/fix,/novatel/oem7/odom,39.663,-75.756,-1.802365986,0.001221521,-0.002818681,-0.000385230,0.001159186,-0.002818681,,,
1786043808665603387,1786043808.665045681,/novatel/oem7/inspva,/novatel/oem7/inspva,/novatel/oem7/inspva,39.663,-75.756,-1.802406288,0.000865310,-0.002831474,0.000683698,-0.000530396,-0.002831474,,novatel_oem7_msgs.msg.InertialSolutionStatus(status=3),
1786043808666930614,1786043808.665202046,/novatel/oem7/fix,/novatel/oem7/fix,/novatel/oem7/inspva,39.663,-75.756,-1.802406288,0.000865310,-0.002831474,0.000683698,-0.000530396,-0.002831474,,0,
1786043808667984595,1786043808.665689121,/novatel/oem7/odom,/novatel/oem7/fix,/novatel/oem7/odom,39.663,-75.756,-1.802406288,0.000865080,-0.002831544,-0.000486206,0.000715519,-0.002831544,,,
1786043808675116650,1786043808.674444663,/novatel/oem7/odom,/novatel/oem7/fix,/novatel/oem7/odom,39.663,-75.756,-1.802406288,0.000865080,-0.002831544,-0.000486206,0.000715519,-0.002831544,,,
1786043808687112731,1786043808.686576392,/novatel/oem7/inspva,/novatel/oem7/inspva,/novatel/oem7/inspva,39.663,-75.756,-1.802455650,0.000961119,-0.003437085,0.000905920,-0.000321028,-0.003437085,,novatel_oem7_msgs.msg.InertialSolutionStatus(status=3),
1786043808688476681,1786043808.686728794,/novatel/oem7/fix,/novatel/oem7/fix,/novatel/oem7/inspva,39.663,-75.756,-1.802455650,0.000961119,-0.003437085,0.000905920,-0.000321028,-0.003437085,,0,
1786043808689596149,1786043808.687241662,/novatel/oem7/odom,/novatel/oem7/fix,/novatel/oem7/odom,39.663,-75.756,-1.802455650,0.000965648,-0.003435816,-0.000264120,0.000928826,-0.003435816,,,
1786043808695261136,1786043808.694589373,/novatel/oem7/odom,/novatel/oem7/fix,/novatel/oem7/odom,39.663,-75.756,-1.802455650,0.000965648,-0.003435816,-0.000264120,0.000928826,-0.003435816,,,
1786043808706189173,1786043808.705661408,/novatel/oem7/inspva,/novatel/oem7/inspva,/novatel/oem7/inspva,39.663,-75.756,-1.802495296,0.000714968,-0.003234039,0.000548200,-0.000458973,-0.003234039,,novatel_oem7_msgs.msg.InertialSolutionStatus(status=3),
1786043808707558250,1786043808.705832853,/novatel/oem7/fix,/novatel/oem7/fix,/novatel/oem7/inspva,39.663,-75.756,-1.802495296,0.000714968,-0.003234039,0.000548200,-0.000458973,-0.003234039,,0,
1786043808708622161,1786043808.706371932,/novatel/oem7/odom,/novatel/oem7/fix,/novatel/oem7/odom,39.663,-75.756,-1.802495296,0.000714225,-0.003234204,-0.000419936,0.000577729,-0.003234204,,,
1786043808710111163,1786043808.709126700,/novatel/oem7/bestpos,/novatel/oem7/bestpos,/novatel/oem7/odom,39.663,-75.756,33.179996278,0.000714225,-0.003234204,-0.000419936,0.000577729,-0.003234204,,novatel_oem7_msgs.msg.SolutionStatus(status=0),novatel_oem7_msgs.msg.PositionOrVelocityType(type=53)
1786043808711071566,1786043808.709497660,/novatel/oem7/bestvel,/novatel/oem7/bestpos,/novatel/oem7/bestvel,39.663,-75.756,33.179996278,0.000701969,-0.003452854,,,,345.090989194,novatel_oem7_msgs.msg.SolutionStatus(status=0),novatel_oem7_msgs.msg.PositionOrVelocityType(type=53)
1786043808715232555,1786043808.714587205,/novatel/oem7/odom,/novatel/oem7/bestpos,/novatel/oem7/odom,39.663,-75.756,33.179996278,0.000714225,-0.003234204,-0.000419936,0.000577729,-0.003234204,,,
1786043808725653580,1786043808.725093087,/novatel/oem7/inspva,/novatel/oem7/inspva,/novatel/oem7/inspva,39.663,-75.756,-1.802541048,0.000981716,-0.003052986,0.000910049,-0.000368208,-0.003052986,,novatel_oem7_msgs.msg.InertialSolutionStatus(status=3),
1786043808727012334,1786043808.725262543,/novatel/oem7/fix,/novatel/oem7/fix,/novatel/oem7/inspva,39.663,-75.756,-1.802541048,0.000981716,-0.003052986,0.000910049,-0.000368208,-0.003052986,,0,
1786043808728097181,1786043808.725671257,/novatel/oem7/odom,/novatel/oem7/fix,/novatel/oem7/odom,39.663,-75.756,-1.802541048,0.000985213,-0.003051859,-0.000312433,0.000934361,-0.003051859,,,
1786043808735385688,1786043808.734702835,/novatel/oem7/odom,/novatel/oem7/fix,/novatel/oem7/odom,39.663,-75.756,-1.802541048,0.000985213,-0.003051859,-0.000312433,0.000934361,-0.003051859,,,
1786043808746525528,1786043808.745989128,/novatel/oem7/inspva,/novatel/oem7/inspva,/novatel/oem7/inspva,39.663,-75.756,-1.802586402,0.000928031,-0.003203283,0.000697809,-0.000611805,-0.003203283,,novatel_oem7_msgs.msg.InertialSolutionStatus(status=3),
1786043808747869894,1786043808.746162340,/novatel/oem7/fix,/novatel/oem7/fix,/novatel/oem7/inspva,39.663,-75.756,-1.802586402,0.000928031,-0.003203283,0.000697809,-0.000611805,-0.003203283,,0,
1786043808748952245,1786043808.746628305,/novatel/oem7/odom,/novatel/oem7/fix,/novatel/oem7/odom,39.663,-75.756,-1.802586402,0.000926965,-0.003203592,-0.000565476,0.000734508,-0.003203592,,,
1786043808756575639,1786043808.755904782,/novatel/oem7/odom,/novatel/oem7/fix,/novatel/oem7/odom,39.663,-75.756,-1.802586402,0.000926965,-0.003203592,-0.000565476,0.000734508,-0.003203592,,,
1786043808765541080,1786043808.765017477,/novatel/oem7/inspva,/novatel/oem7/inspva,/novatel/oem7/inspva,39.663,-75.756,-1.802635070,0.000964821,-0.003147052,0.000858335,-0.000440615,-0.003147052,,novatel_oem7_msgs.msg.InertialSolutionStatus(status=3),
1786043808766878403,1786043808.765203582,/novatel/oem7/fix,/novatel/oem7/fix,/novatel/oem7/inspva,39.663,-75.756,-1.802635070,0.000964821,-0.003147052,0.000858335,-0.000440615,-0.003147052,,0,
1786043808767946710,1786043808.765593556,/novatel/oem7/odom,/novatel/oem7/fix,/novatel/oem7/odom,39.663,-75.756,-1.802635070,0.000967206,-0.003146320,-0.000386923,0.000886441,-0.003146320,,,
1786043808776085319,1786043808.775450773,/novatel/oem7/odom,/novatel/oem7/fix,/novatel/oem7/odom,39.663,-75.756,-1.802635070,0.000967206,-0.003146320,-0.000386923,0.000886441,-0.003146320,,,
1786043808785406550,1786043808.784909191,/novatel/oem7/inspva,/novatel/oem7/inspva,/novatel/oem7/inspva,39.663,-75.756,-1.802683920,0.001047920,-0.003181806,0.000815737,-0.000657806,-0.003181806,,novatel_oem7_msgs.msg.InertialSolutionStatus(status=3),
1786043808786737427,1786043808.785071740,/novatel/oem7/fix,/novatel/oem7/fix,/novatel/oem7/inspva,39.663,-75.756,-1.802683920,0.001047920,-0.003181806,0.000815737,-0.000657806,-0.003181806,,0,
1786043808787799737,1786043808.785463287,/novatel/oem7/odom,/novatel/oem7/fix,/novatel/oem7/odom,39.663,-75.756,-1.802683920,0.001047451,-0.003181960,-0.000605801,0.000854493,-0.003181960,,,
1786043808795126735,1786043808.794480622,/novatel/oem7/odom,/novatel/oem7/fix,/novatel/oem7/odom,39.663,-75.756,-1.802683920,0.001047451,-0.003181960,-0.000605801,0.000854493,-0.003181960,,,
1786043808806733785,1786043808.806206403,/novatel/oem7/inspva,/novatel/oem7/inspva,/novatel/oem7/inspva,39.663,-75.756,-1.802741814,0.000680455,-0.003697582,0.000424721,-0.000531630,-0.003697582,,novatel_oem7_msgs.msg.InertialSolutionStatus(status=3),
1786043808808145166,1786043808.806383395,/novatel/oem7/fix,/novatel/oem7/fix,/novatel/oem7/inspva,39.663,-75.756,-1.802741814,0.000680455,-0.003697582,0.000424721,-0.000531630,-0.003697582,,0,
1786043808809294061,1786043808.807097515,/novatel/oem7/odom,/novatel/oem7/fix,/novatel/oem7/odom,39.663,-75.756,-1.802741814,0.000676446,-0.003698317,-0.000496793,0.000459102,-0.003698317,,,
1786043808810832297,1786043808.810099416,/novatel/oem7/bestpos,/novatel/oem7/bestpos,/novatel/oem7/odom,39.663,-75.756,33.179743304,0.000676446,-0.003698317,-0.000496793,0.000459102,-0.003698317,,novatel_oem7_msgs.msg.SolutionStatus(status=0),novatel_oem7_msgs.msg.PositionOrVelocityType(type=53)
1786043808812299522,1786043808.810486930,/novatel/oem7/bestvel,/novatel/oem7/bestpos,/novatel/oem7/bestvel,39.663,-75.756,33.179743304,0.000691911,-0.003548401,,,,292.388089656,novatel_oem7_msgs.msg.SolutionStatus(status=0),novatel_oem7_msgs.msg.PositionOrVelocityType(type=53)
1786043808815226771,1786043808.814566191,/novatel/oem7/odom,/novatel/oem7/bestpos,/novatel/oem7/odom,39.663,-75.756,33.179743304,0.000676446,-0.003698317,-0.000496793,0.000459102,-0.003698317,,,
1786043808825557192,1786043808.825023890,/novatel/oem7/inspva,/novatel/oem7/inspva,/novatel/oem7/inspva,39.663,-75.756,-1.802792231,0.001036011,-0.003720044,0.000867806,-0.000565891,-0.003720044,,novatel_oem7_msgs.msg.InertialSolutionStatus(status=3),
1786043808827365644,1786043808.825172862,/novatel/oem7/fix,/novatel/oem7/fix,/novatel/oem7/inspva,39.663,-75.756,-1.802792231,0.001036011,-0.003720044,0.000867806,-0.000565891,-0.003720044,,0,
1786043808828590176,1786043808.825509408,/novatel/oem7/odom,/novatel/oem7/fix,/novatel/oem7/odom,39.663,-75.756,-1.802792231,0.001037130,-0.003719732,-0.000509460,0.000903377,-0.003719732,,,
1786043808835223669,1786043808.834573093,/novatel/oem7/odom,/novatel/oem7/fix,/novatel/oem7/odom,39.663,-75.756,-1.802792231,0.001037130,-0.003719732,-0.000509460,0.000903377,-0.003719732,,,
1786043808845586001,1786043808.845061633,/novatel/oem7/inspva,/novatel/oem7/inspva,/novatel/oem7/inspva,39.663,-75.756,-1.802851321,0.000799996,-0.003588425,0.000374539,-0.000706904,-0.003588425,,novatel_oem7_msgs.msg.InertialSolutionStatus(status=3),
1786043808846933075,1786043808.845216664,/novatel/oem7/fix,/novatel/oem7/fix,/novatel/oem7/inspva,39.663,-75.756,-1.802851321,0.000799996,-0.003588425,0.000374539,-0.000706904,-0.003588425,,0,
1786043808848030456,1786043808.845791310,/novatel/oem7/odom,/novatel/oem7/fix,/novatel/oem7/odom,39.663,-75.756,-1.802851321,0.000793223,-0.003589928,-0.000674646,0.000417199,-0.003589928,,,
1786043808856964799,1786043808.856320672,/novatel/oem7/odom,/novatel/oem7/fix,/novatel/oem7/odom,39.663,-75.756,-1.802851321,0.000793223,-0.003589928,-0.000674646,0.000417199,-0.003589928,,,
1786043808866640730,1786043808.866128271,/novatel/oem7/inspva,/novatel/oem7/inspva,/novatel/oem7/inspva,39.663,-75.756,-1.802909696,0.001056789,-0.003848262,0.000885090,-0.000577423,-0.003848262,,novatel_oem7_msgs.msg.InertialSolutionStatus(status=3),
1786043808867936703,1786043808.866277223,/novatel/oem7/fix,/novatel/oem7/fix,/novatel/oem7/inspva,39.663,-75.756,-1.802909696,0.001056789,-0.003848262,0.000885090,-0.000577423,-0.003848262,,0,
1786043808868946344,1786043808.866770512,/novatel/oem7/odom,/novatel/oem7/fix,/novatel/oem7/odom,39.663,-75.756,-1.802909696,0.001057944,-0.003847945,-0.000519634,0.000921535,-0.003847945,,,
1786043808875035348,1786043808.874389169,/novatel/oem7/odom,/novatel/oem7/fix,/novatel/oem7/odom,39.663,-75.756,-1.802909696,0.001057944,-0.003847945,-0.000519634,0.000921535,-0.003847945,,,
1786043808885672932,1786043808.885168074,/novatel/oem7/inspva,/novatel/oem7/inspva,/novatel/oem7/inspva,39.663,-75.756,-1.802974389,0.001061624,-0.003863469,0.000780691,-0.000719421,-0.003863469,,novatel_oem7_msgs.msg.InertialSolutionStatus(status=3),
1786043808886993882,1786043808.885314105,/novatel/oem7/fix,/novatel/oem7/fix,/novatel/oem7/inspva,39.663,-75.756,-1.802974389,0.001061624,-0.003863469,0.000780691,-0.000719421,-0.003863469,,0,
1786043808888017889,1786043808.885742163,/novatel/oem7/odom,/novatel/oem7/fix,/novatel/oem7/odom,39.663,-75.756,-1.802974389,0.001059919,-0.003863937,-0.000666440,0.000824188,-0.003863937,,,
1786043808895706807,1786043808.895044680,/novatel/oem7/odom,/novatel/oem7/fix,/novatel/oem7/odom,39.663,-75.756,-1.802974389,0.001059919,-0.003863937,-0.000666440,0.000824188,-0.003863937,,,
1786043808906162763,1786043808.905656681,/novatel/oem7/inspva,/novatel/oem7/inspva,/novatel/oem7/inspva,39.663,-75.756,-1.803037653,0.001339425,-0.004010249,0.001213005,-0.000568049,-0.004010249,,novatel_oem7_msgs.msg.InertialSolutionStatus(status=3),
1786043808907506716,1786043808.905807006,/novatel/oem7/fix,/novatel/oem7/fix,/novatel/oem7/inspva,39.663,-75.756,-1.803037653,0.001339425,-0.004010249,0.001213005,-0.000568049,-0.004010249,,0,
1786043808908584354,1786043808.906334917,/novatel/oem7/odom,/novatel/oem7/fix,/novatel/oem7/odom,39.663,-75.756,-1.803037653,0.001343058,-0.004009034,-0.000493805,0.001248984,-0.004009034,,,
1786043808910028999,1786043808.909351022,/novatel/oem7/bestpos,/novatel/oem7/bestpos,/novatel/oem7/odom,39.663,-75.756,33.179437547,0.001343058,-0.004009034,-0.000493805,0.001248984,-0.004009034,,novatel_oem7_msgs.msg.SolutionStatus(status=0),novatel_oem7_msgs.msg.PositionOrVelocityType(type=53)
1786043808911448086,1786043808.910040142,/novatel/oem7/bestvel,/novatel/oem7/bestpos,/novatel/oem7/bestvel,39.663,-75.756,33.179437547,0.001056753,-0.003921684,,,,334.770070892,novatel_oem7_msgs.msg.SolutionStatus(status=0),novatel_oem7_msgs.msg.PositionOrVelocityType(type=53)
1786043808914951721,1786043808.914308082,/novatel/oem7/odom,/novatel/oem7/bestpos,/novatel/oem7/odom,39.663,-75.756,33.179437547,0.001343058,-0.004009034,-0.000493805,0.001248984,-0.004009034,,,
1786043808927222902,1786043808.926694133,/novatel/oem7/inspva,/novatel/oem7/inspva,/novatel/oem7/inspva,39.663,-75.756,-1.803103846,0.000812531,-0.003921342,0.000632345,-0.000510241,-0.003921342,,novatel_oem7_msgs.msg.InertialSolutionStatus(status=3),
1786043808928609906,1786043808.926844811,/novatel/oem7/fix,/novatel/oem7/fix,/novatel/oem7/inspva,39.663,-75.756,-1.803103846,0.000812531,-0.003921342,0.000632345,-0.000510241,-0.003921342,,0,
1786043808929703500,1786043808.927309653,/novatel/oem7/odom,/novatel/oem7/fix,/novatel/oem7/odom,39.663,-75.756,-1.803103846,0.000811985,-0.003921455,-0.000464478,0.000666018,-0.003921455,,,
1786043808935223979,1786043808.934584783,/novatel/oem7/odom,/novatel/oem7/fix,/novatel/oem7/odom,39.663,-75.756,-1.803103846,0.000811985,-0.003921455,-0.000464478,0.000666018,-0.003921455,,,
1786043808945767469,1786043808.945254050,/novatel/oem7/inspva,/novatel/oem7/inspva,/novatel/oem7/inspva,39.663,-75.756,-1.803167294,0.001345116,-0.003907734,0.001286572,-0.000392518,-0.003907734,,novatel_oem7_msgs.msg.InertialSolutionStatus(status=3),
1786043808947083283,1786043808.945392305,/novatel/oem7/fix,/novatel/oem7/fix,/novatel/oem7/inspva,39.663,-75.756,-1.803167294,0.001345116,-0.003907734,0.001286572,-0.000392518,-0.003907734,,0,
1786043808948136266,1786043808.945847713,/novatel/oem7/odom,/novatel/oem7/fix,/novatel/oem7/odom,39.663,-75.756,-1.803167294,0.001351019,-0.003905697,-0.000315262,0.001313721,-0.003905697,,,
1786043808956900158,1786043808.955897392,/novatel/oem7/odom,/novatel/oem7/fix,/novatel/oem7/odom,39.663,-75.756,-1.803167294,0.001351019,-0.003905697,-0.000315262,0.001313721,-0.003905697,,,
1786043808965917563,1786043808.965382044,/novatel/oem7/inspva,/novatel/oem7/inspva,/novatel/oem7/inspva,39.663,-75.756,-1.803237743,0.001230907,-0.004081764,0.000985003,-0.000738174,-0.004081764,,novatel_oem7_msgs.msg.InertialSolutionStatus(status=3),
1786043808967350083,1786043808.965573159,/novatel/oem7/fix,/novatel/oem7/fix,/novatel/oem7/inspva,39.663,-75.756,-1.803237743,0.001230907,-0.004081764,0.000985003,-0.000738174,-0.004081764,,0,
1786043808968506362,1786043808.966352503,/novatel/oem7/odom,/novatel/oem7/fix,/novatel/oem7/odom,39.663,-75.756,-1.803237743,0.001230903,-0.004081765,-0.000674469,0.001029667,-0.004081765,,,
1786043808975739512,1786043808.974993574,/novatel/oem7/odom,/novatel/oem7/fix,/novatel/oem7/odom,39.663,-75.756,-1.803237743,0.001230903,-0.004081765,-0.000674469,0.001029667,-0.004081765,,,
1786043808986717033,1786043808.986164307,/novatel/oem7/inspva,/novatel/oem7/inspva,/novatel/oem7/inspva,39.663,-75.756,-1.803305523,0.001479177,-0.004311199,0.001374409,-0.000546776,-0.004311199,,novatel_oem7_msgs.msg.InertialSolutionStatus(status=3),
1786043808988046226,1786043808.986330222,/novatel/oem7/fix,/novatel/oem7/fix,/novatel/oem7/inspva,39.663,-75.756,-1.803305523,0.001479177,-0.004311199,0.001374409,-0.000546776,-0.004311199,,0,
1786043808989510714,1786043808.986739416,/novatel/oem7/odom,/novatel/oem7/fix,/novatel/oem7/odom,39.663,-75.756,-1.803305523,0.001484123,-0.004309499,-0.000463665,0.001409835,-0.004309499,,,
1786043808995117398,1786043808.994448464,/novatel/oem7/odom,/novatel/oem7/fix,/novatel/oem7/odom,39.663,-75.756,-1.803305523,0.001484123,-0.004309499,-0.000463665,0.001409835,-0.004309499,,,
1786043809010596427,1786043809.010009681,/novatel/oem7/inspva,/novatel/oem7/inspva,/novatel/oem7/inspva,39.663,-75.756,-1.803377088,0.001565151,-0.004181210,0.001249708,-0.000942298,-0.004181210,,novatel_oem7_msgs.msg.InertialSolutionStatus(status=3),
1786043809011988714,1786043809.010168919,/novatel/oem7/fix,/novatel/oem7/fix,/novatel/oem7/inspva,39.663,-75.756,-1.803377088,0.001565151,-0.004181210,0.001249708,-0.000942298,-0.004181210,,0,
1786043809013110182,1786043809.011513513,/novatel/oem7/odom,/novatel/oem7/fix,/novatel/oem7/odom,39.663,-75.756,-1.803377088,0.001565032,-0.004181255,-0.000865200,0.001304130,-0.004181255,,,
1786043809017004772,1786043809.016247294,/novatel/oem7/odom,/novatel/oem7/fix,/novatel/oem7/odom,39.663,-75.756,-1.803377088,0.001565032,-0.004181255,-0.000865200,0.001304130,-0.004181255,,,
1786043809026386923,1786043809.025790921,/novatel/oem7/bestpos,/novatel/oem7/bestpos,/novatel/oem7/odom,39.663,-75.756,33.179101387,0.001565032,-0.004181255,-0.000865200,0.001304130,-0.004181255,,novatel_oem7_msgs.msg.SolutionStatus(status=0),novatel_oem7_msgs.msg.PositionOrVelocityType(type=53)
1786043809027971936,1786043809.026519375,/novatel/oem7/bestvel,/novatel/oem7/bestpos,/novatel/oem7/bestvel,39.663,-75.756,33.179101387,0.001614424,-0.004290231,,,,327.765024611,novatel_oem7_msgs.msg.SolutionStatus(status=0),novatel_oem7_msgs.msg.PositionOrVelocityType(type=53)
1786043809028915642,1786043809.026995646,/novatel/oem7/inspva,/novatel/oem7/inspva,/novatel/oem7/inspva,39.663,-75.756,-1.803445403,0.001666439,-0.004136816,0.001446534,-0.000827381,-0.004136816,,novatel_oem7_msgs.msg.InertialSolutionStatus(status=3),
1786043809029759310,1786043809.027139364,/novatel/oem7/fix,/novatel/oem7/fix,/novatel/oem7/inspva,39.663,-75.756,-1.803445403,0.001666439,-0.004136816,0.001446534,-0.000827381,-0.004136816,,0,
1786043809031323646,1786043809.027493794,/novatel/oem7/odom,/novatel/oem7/fix,/novatel/oem7/odom,39.663,-75.756,-1.803445403,0.001668610,-0.004135941,-0.000741073,0.001495014,-0.004135941,,,
1786043809035123908,1786043809.034474531,/novatel/oem7/odom,/novatel/oem7/fix,/novatel/oem7/odom,39.663,-75.756,-1.803445403,0.001668610,-0.004135941,-0.000741073,0.001495014,-0.004135941,,,
1786043809047527707,1786043809.046959971,/novatel/oem7/inspva,/novatel/oem7/inspva,/novatel/oem7/inspva,39.663,-75.756,-1.803440261,0.001420325,-0.004512963,0.000908526,-0.001091744,-0.004512963,,novatel_oem7_msgs.msg.InertialSolutionStatus(status=3),
1786043809048925264,1786043809.047113469,/novatel/oem7/fix,/novatel/oem7/fix,/novatel/oem7/inspva,39.663,-75.756,-1.803440261,0.001420325,-0.004512963,0.000908526,-0.001091744,-0.004512963,,0,
1786043809050015818,1786043809.047944601,/novatel/oem7/odom,/novatel/oem7/fix,/novatel/oem7/odom,39.663,-75.756,-1.803440261,0.001415633,-0.004514437,-0.001029750,0.000971406,-0.004514437,,,
1786043809057283438,1786043809.056593485,/novatel/oem7/odom,/novatel/oem7/fix,/novatel/oem7/odom,39.663,-75.756,-1.803440261,0.001415633,-0.004514437,-0.001029750,0.000971406,-0.004514437,,,
1786043809065861905,1786043809.065125581,/novatel/oem7/inspva,/novatel/oem7/inspva,/novatel/oem7/inspva,39.663,-75.756,-1.803408088,0.001486930,-0.004073494,0.001068671,-0.001033878,-0.004073494,,novatel_oem7_msgs.msg.InertialSolutionStatus(status=3),
1786043809067229352,1786043809.065343980,/novatel/oem7/fix,/novatel/oem7/fix,/novatel/oem7/inspva,39.663,-75.756,-1.803408088,0.001486930,-0.004073494,0.001068671,-0.001033878,-0.004073494,,0,
1786043809068314363,1786043809.065771144,/novatel/oem7/odom,/novatel/oem7/fix,/novatel/oem7/odom,39.663,-75.756,-1.803408088,0.001484568,-0.004074355,-0.000965819,0.001127448,-0.004074355,,,
1786043809076300011,1786043809.075619664,/novatel/oem7/odom,/novatel/oem7/fix,/novatel/oem7/odom,39.663,-75.756,-1.803408088,0.001484568,-0.004074355,-0.000965819,0.001127448,-0.004074355,,,
1786043809086020439,1786043809.085349982,/novatel/oem7/inspva,/novatel/oem7/inspva,/novatel/oem7/inspva,39.663,-75.756,-1.803400292,0.001127758,-0.004521008,0.000749772,-0.000842426,-0.004521008,,novatel_oem7_msgs.msg.InertialSolutionStatus(status=3),
1786043809087528014,1786043809.085573507,/novatel/oem7/fix,/novatel/oem7/fix,/novatel/oem7/inspva,39.663,-75.756,-1.803400292,0.001127758,-0.004521008,0.000749772,-0.000842426,-0.004521008,,0,
1786043809088595298,1786043809.086198667,/novatel/oem7/odom,/novatel/oem7/fix,/novatel/oem7/odom,39.663,-75.756,-1.803400292,0.001123675,-0.004522025,-0.000788288,0.000800779,-0.004522025,,,
1786043809095408814,1786043809.094705460,/novatel/oem7/odom,/novatel/oem7/fix,/novatel/oem7/odom,39.663,-75.756,-1.803400292,0.001123675,-0.004522025,-0.000788288,0.000800779,-0.004522025,,,
1786043809106460508,1786043809.105855896,/novatel/oem7/inspva,/novatel/oem7/inspva,/novatel/oem7/inspva,39.663,-75.756,-1.803370976,0.001363615,-0.004354598,0.001015775,-0.000909751,-0.004354598,,novatel_oem7_msgs.msg.InertialSolutionStatus(status=3),
1786043809107859656,1786043809.106026694,/novatel/oem7/fix,/novatel/oem7/fix,/novatel/oem7/inspva,39.663,-75.756,-1.803370976,0.001363615,-0.004354598,0.001015775,-0.000909751,-0.004354598,,0,
1786043809108968140,1786043809.106543863,/novatel/oem7/odom,/novatel/oem7/fix,/novatel/oem7/odom,39.663,-75.756,-1.803370976,0.001361834,-0.004355156,-0.000843320,0.001069300,-0.004355156,,,
1786043809110535366,1786043809.109072685,/novatel/oem7/bestpos,/novatel/oem7/bestpos,/novatel/oem7/odom,39.663,-75.756,33.179103146,0.001361834,-0.004355156,-0.000843320,0.001069300,-0.004355156,,novatel_oem7_msgs.msg.SolutionStatus(status=0),novatel_oem7_msgs.msg.PositionOrVelocityType(type=53)
1786043809111506729,1786043809.109418055,/novatel/oem7/bestvel,/novatel/oem7/bestpos,/novatel/oem7/bestvel,39.663,-75.756,33.179103146,0.001367340,-0.004270834,,,,313.594970445,novatel_oem7_msgs.msg.SolutionStatus(status=0),novatel_oem7_msgs.msg.PositionOrVelocityType(type=53)
1786043809115040595,1786043809.114350702,/novatel/oem7/odom,/novatel/oem7/bestpos,/novatel/oem7/odom,39.663,-75.756,33.179103146,0.001361834,-0.004355156,-0.000843320,0.001069300,-0.004355156,,,
1786043809125915172,1786043809.125309155,/novatel/oem7/inspva,/novatel/oem7/inspva,/novatel/oem7/inspva,39.663,-75.756,-1.803359994,0.001306069,-0.004331949,0.000946961,-0.000899490,-0.004331949,,novatel_oem7_msgs.msg.InertialSolutionStatus(status=3),
1786043809127371956,1786043809.125492774,/novatel/oem7/fix,/novatel/oem7/fix,/novatel/oem7/inspva,39.663,-75.756,-1.803359994,0.001306069,-0.004331949,0.000946961,-0.000899490,-0.004331949,,0,
1786043809128489124,1786043809.126102863,/novatel/oem7/odom,/novatel/oem7/fix,/novatel/oem7/odom,39.663,-75.756,-1.803359994,0.001303724,-0.004332655,-0.000836461,0.001000015,-0.004332655,,,
1786043809136322614,1786043809.135656380,/novatel/oem7/odom,/novatel/oem7/fix,/novatel/oem7/odom,39.663,-75.756,-1.803359994,0.001303724,-0.004332655,-0.000836461,0.001000015,-0.004332655,,,
1786043809145720082,1786043809.145151499,/novatel/oem7/inspva,/novatel/oem7/inspva,/novatel/oem7/inspva,39.663,-75.756,-1.803329543,0.001262210,-0.003838014,0.000966518,-0.000811798,-0.003838014,,novatel_oem7_msgs.msg.InertialSolutionStatus(status=3),
1786043809147103149,1786043809.145310484,/novatel/oem7/fix,/novatel/oem7/fix,/novatel/oem7/inspva,39.663,-75.756,-1.803329543,0.001262210,-0.003838014,0.000966518,-0.000811798,-0.003838014,,0,
1786043809148153986,1786043809.145766045,/novatel/oem7/odom,/novatel/oem7/fix,/novatel/oem7/odom,39.663,-75.756,-1.803329543,0.001261187,-0.003838350,-0.000749806,0.001014092,-0.003838350,,,
1786043809156759240,1786043809.155970952,/novatel/oem7/odom,/novatel/oem7/fix,/novatel/oem7/odom,39.663,-75.756,-1.803329543,0.001261187,-0.003838350,-0.000749806,0.001014092,-0.003838350,,,
1786043809167468921,1786043809.166697587,/novatel/oem7/inspva,/novatel/oem7/inspva,/novatel/oem7/inspva,39.663,-75.756,-1.803324328,0.000894574,-0.004405302,0.000699659,-0.000557440,-0.004405302,,novatel_oem7_msgs.msg.InertialSolutionStatus(status=3),
1786043809168902826,1786043809.166907359,/novatel/oem7/fix,/novatel/oem7/fix,/novatel/oem7/inspva,39.663,-75.756,-1.803324328,0.000894574,-0.004405302,0.000699659,-0.000557440,-0.004405302,,0,
1786043809169972467,1786043809.167444914,/novatel/oem7/odom,/novatel/oem7/fix,/novatel/oem7/odom,39.663,-75.756,-1.803324328,0.000893950,-0.004405428,-0.000506496,0.000736620,-0.004405428,,,
1786043809175401151,1786043809.174658684,/novatel/oem7/odom,/novatel/oem7/fix,/novatel/oem7/odom,39.663,-75.756,-1.803324328,0.000893950,-0.004405428,-0.000506496,0.000736620,-0.004405428,,,
1786043809185874164,1786043809.185147737,/novatel/oem7/inspva,/novatel/oem7/inspva,/novatel/oem7/inspva,39.663,-75.756,-1.803293791,0.000780283,-0.004025732,0.000658303,-0.000418902,-0.004025732,,novatel_oem7_msgs.msg.InertialSolutionStatus(status=3),
1786043809187206297,1786043809.185357435,/novatel/oem7/fix,/novatel/oem7/fix,/novatel/oem7/inspva,39.663,-75.756,-1.803293791,0.000780283,-0.004025732,0.000658303,-0.000418902,-0.004025732,,0,
1786043809188556804,1786043809.185918561,/novatel/oem7/odom,/novatel/oem7/fix,/novatel/oem7/odom,39.663,-75.756,-1.803293791,0.000781619,-0.004025473,-0.000371558,0.000687657,-0.004025473,,,
1786043809196218955,1786043809.195531268,/novatel/oem7/odom,/novatel/oem7/fix,/novatel/oem7/odom,39.663,-75.756,-1.803293791,0.000781619,-0.004025473,-0.000371558,0.000687657,-0.004025473,,,
1786043809207102101,1786043809.206364011,/novatel/oem7/inspva,/novatel/oem7/inspva,/novatel/oem7/inspva,39.663,-75.756,-1.803284705,0.000896906,-0.003975202,0.000630221,-0.000638171,-0.003975202,,novatel_oem7_msgs.msg.InertialSolutionStatus(status=3),
1786043809208596327,1786043809.206584706,/novatel/oem7/fix,/novatel/oem7/fix,/novatel/oem7/inspva,39.663,-75.756,-1.803284705,0.000896906,-0.003975202,0.000630221,-0.000638171,-0.003975202,,0,
1786043809209853609,1786043809.206984453,/novatel/oem7/odom,/novatel/oem7/fix,/novatel/oem7/odom,39.663,-75.756,-1.803284705,0.000894214,-0.003975809,-0.000592105,0.000670098,-0.003975809,,,
1786043809211555906,1786043809.210288024,/novatel/oem7/bestpos,/novatel/oem7/bestpos,/novatel/oem7/odom,39.663,-75.756,33.179191255,0.000894214,-0.003975809,-0.000592105,0.000670098,-0.003975809,,novatel_oem7_msgs.msg.SolutionStatus(status=0),novatel_oem7_msgs.msg.PositionOrVelocityType(type=53)
1786043809212510476,1786043809.210695951,/novatel/oem7/bestvel,/novatel/oem7/bestpos,/novatel/oem7/bestvel,39.663,-75.756,33.179191255,0.000972033,-0.003996436,,,,316.022404213,novatel_oem7_msgs.msg.SolutionStatus(status=0),novatel_oem7_msgs.msg.PositionOrVelocityType(type=53)
1786043809215671048,1786043809.214947414,/novatel/oem7/odom,/novatel/oem7/bestpos,/novatel/oem7/odom,39.663,-75.756,33.179191255,0.000894214,-0.003975809,-0.000592105,0.000670098,-0.003975809,,,
1786043809226730313,1786043809.225990475,/novatel/oem7/inspva,/novatel/oem7/inspva,/novatel/oem7/inspva,39.663,-75.756,-1.803260398,0.000724166,-0.004132499,0.000575812,-0.000439154,-0.004132499,,novatel_oem7_msgs.msg.InertialSolutionStatus(status=3),
1786043809228090856,1786043809.226191077,/novatel/oem7/fix,/novatel/oem7/fix,/novatel/oem7/inspva,39.663,-75.756,-1.803260398,0.000724166,-0.004132499,0.000575812,-0.000439154,-0.004132499,,0,
1786043809229159811,1786043809.226702149,/novatel/oem7/odom,/novatel/oem7/fix,/novatel/oem7/odom,39.663,-75.756,-1.803260398,0.000724014,-0.004132526,-0.000395358,0.000606538,-0.004132526,,,
1786043809235200628,1786043809.234504461,/novatel/oem7/odom,/novatel/oem7/fix,/novatel/oem7/odom,39.663,-75.756,-1.803260398,0.000724014,-0.004132526,-0.000395358,0.000606538,-0.004132526,,,
1786043809245883826,1786043809.245234573,/novatel/oem7/inspva,/novatel/oem7/inspva,/novatel/oem7/inspva,39.663,-75.756,-1.803248788,0.001267402,-0.003671902,0.001062490,-0.000690958,-0.003671902,,novatel_oem7_msgs.msg.InertialSolutionStatus(status=3),
1786043809247360798,1786043809.245468486,/novatel/oem7/fix,/novatel/oem7/fix,/novatel/oem7/inspva,39.663,-75.756,-1.803248788,0.001267402,-0.003671902,0.001062490,-0.000690958,-0.003671902,,0,
1786043809248415549,1786043809.246102465,/novatel/oem7/odom,/novatel/oem7/fix,/novatel/oem7/odom,39.663,-75.756,-1.803248788,0.001268363,-0.003671570,-0.000625071,0.001103644,-0.003671570,,,
1786043809257065799,1786043809.256368812,/novatel/oem7/odom,/novatel/oem7/fix,/novatel/oem7/odom,39.663,-75.756,-1.803248788,0.001268363,-0.003671570,-0.000625071,0.001103644,-0.003671570,,,
1786043809265713806,1786043809.264993669,/novatel/oem7/inspva,/novatel/oem7/inspva,/novatel/oem7/inspva,39.663,-75.756,-1.803224663,0.000673966,-0.003652171,0.000554250,-0.000383454,-0.003652171,,novatel_oem7_msgs.msg.InertialSolutionStatus(status=3),
1786043809267066340,1786043809.265197655,/novatel/oem7/fix,/novatel/oem7/fix,/novatel/oem7/inspva,39.663,-75.756,-1.803224663,0.000673966,-0.003652171,0.000554250,-0.000383454,-0.003652171,,0,
1786043809268122324,1786043809.265603485,/novatel/oem7/odom,/novatel/oem7/fix,/novatel/oem7/odom,39.663,-75.756,-1.803224663,0.000674600,-0.003652054,-0.000342577,0.000581143,-0.003652054,,,
1786043809275041231,1786043809.274375664,/novatel/oem7/odom,/novatel/oem7/fix,/novatel/oem7/odom,39.663,-75.756,-1.803224663,0.000674600,-0.003652054,-0.000342577,0.000581143,-0.003652054,,,
1786043809287226200,1786043809.286531473,/novatel/oem7/inspva,/novatel/oem7/inspva,/novatel/oem7/inspva,39.663,-75.756,-1.803219565,0.000642753,-0.003823153,0.000591891,-0.000250592,-0.003823153,,novatel_oem7_msgs.msg.InertialSolutionStatus(status=3),
1786043809288642068,1786043809.286728375,/novatel/oem7/fix,/novatel/oem7/fix,/novatel/oem7/inspva,39.663,-75.756,-1.803219565,0.000642753,-0.003823153,0.000591891,-0.000250592,-0.003823153,,0,
1786043809289701475,1786043809.287556134,/novatel/oem7/odom,/novatel/oem7/fix,/novatel/oem7/odom,39.663,-75.756,-1.803219565,0.000646818,-0.003822467,-0.000207360,0.000612678,-0.003822467,,,
1786043809295743680,1786043809.294974949,/novatel/oem7/odom,/novatel/oem7/fix,/novatel/oem7/odom,39.663,-75.756,-1.803219565,0.000646818,-0.003822467,-0.000207360,0.000612678,-0.003822467,,,
1786043809306382131,1786043809.305733384,/novatel/oem7/inspva,/novatel/oem7/inspva,/novatel/oem7/inspva,39.663,-75.756,-1.803202123,0.000496820,-0.003968868,0.000455787,-0.000197709,-0.003968868,,novatel_oem7_msgs.msg.InertialSolutionStatus(status=3),
1786043809307743135,1786043809.305944086,/novatel/oem7/fix,/novatel/oem7/fix,/novatel/oem7/inspva,39.663,-75.756,-1.803202123,0.000496820,-0.003968868,0.000455787,-0.000197709,-0.003968868,,0,
1786043809308943643,1786043809.306481785,/novatel/oem7/odom,/novatel/oem7/fix,/novatel/oem7/odom,39.663,-75.756,-1.803202123,0.000501021,-0.003968340,-0.000160648,0.000474568,-0.003968340,,,
1786043809310603303,1786043809.309446968,/novatel/oem7/bestpos,/novatel/oem7/bestpos,/novatel/oem7/odom,39.663,-75.756,33.179276111,0.000501021,-0.003968340,-0.000160648,0.000474568,-0.003968340,,novatel_oem7_msgs.msg.SolutionStatus(status=0),novatel_oem7_msgs.msg.PositionOrVelocityType(type=53)
1786043809312049614,1786043809.309995584,/novatel/oem7/bestvel,/novatel/oem7/bestpos,/novatel/oem7/bestvel,39.663,-75.756,33.179276111,0.000846387,-0.003946619,,,,323.938981982,novatel_oem7_msgs.msg.SolutionStatus(status=0),novatel_oem7_msgs.msg.PositionOrVelocityType(type=53)
1786043809316071005,1786043809.315445622,/novatel/oem7/odom,/novatel/oem7/bestpos,/novatel/oem7/odom,39.663,-75.756,33.179276111,0.000501021,-0.003968340,-0.000160648,0.000474568,-0.003968340,,,
1786043809326348232,1786043809.325844347,/novatel/oem7/inspva,/novatel/oem7/inspva,/novatel/oem7/inspva,39.663,-75.756,-1.803200190,0.000789626,-0.003908153,0.000469213,-0.000635098,-0.003908153,,novatel_oem7_msgs.msg.InertialSolutionStatus(status=3),
1786043809327674362,1786043809.326029379,/novatel/oem7/fix,/novatel/oem7/fix,/novatel/oem7/inspva,39.663,-75.756,-1.803200190,0.000789626,-0.003908153,0.000469213,-0.000635098,-0.003908153,,0,
1786043809328721146,1786043809.326534217,/novatel/oem7/odom,/novatel/oem7/fix,/novatel/oem7/odom,39.663,-75.756,-1.803200190,0.000784608,-0.003909164,-0.000597098,0.000509003,-0.003909164,,,
1786043809335541912,1786043809.334852082,/novatel/oem7/odom,/novatel/oem7/fix,/novatel/oem7/odom,39.663,-75.756,-1.803200190,0.000784608,-0.003909164,-0.000597098,0.000509003,-0.003909164,,,
1786043809346586453,1786043809.346050665,/novatel/oem7/inspva,/novatel/oem7/inspva,/novatel/oem7/inspva,39.663,-75.756,-1.803183191,0.000524257,-0.003862976,0.000456962,-0.000256967,-0.003862976,,novatel_oem7_msgs.msg.InertialSolutionStatus(status=3),
1786043809347948724,1786043809.346216369,/novatel/oem7/fix,/novatel/oem7/fix,/novatel/oem7/inspva,39.663,-75.756,-1.803183191,0.000524257,-0.003862976,0.000456962,-0.000256967,-0.003862976,,0,
1786043809348968031,1786043809.346751332,/novatel/oem7/odom,/novatel/oem7/fix,/novatel/oem7/odom,39.663,-75.756,-1.803183191,0.000526606,-0.003862657,-0.000220171,0.000478371,-0.003862657,,,
1786043809356405699,1786043809.355757833,/novatel/oem7/odom,/novatel/oem7/fix,/novatel/oem7/odom,39.663,-75.756,-1.803183191,0.000526606,-0.003862657,-0.000220171,0.000478371,-0.003862657,,,
1786043809365876802,1786043809.365230548,/novatel/oem7/inspva,/novatel/oem7/inspva,/novatel/oem7/inspva,39.663,-75.756,-1.803181904,0.000852757,-0.003797015,0.000782980,-0.000337841,-0.003797015,,novatel_oem7_msgs.msg.InertialSolutionStatus(status=3),
1786043809367320239,1786043809.365454657,/novatel/oem7/fix,/novatel/oem7/fix,/novatel/oem7/inspva,39.663,-75.756,-1.803181904,0.000852757,-0.003797015,0.000782980,-0.000337841,-0.003797015,,0,
1786043809368356930,1786043809.366112794,/novatel/oem7/odom,/novatel/oem7/fix,/novatel/oem7/odom,39.663,-75.756,-1.803181904,0.000856683,-0.003796130,-0.000285348,0.000807764,-0.003796130,,,
1786043809376444635,1786043809.375653523,/novatel/oem7/odom,/novatel/oem7/fix,/novatel/oem7/odom,39.663,-75.756,-1.803181904,0.000856683,-0.003796130,-0.000285348,0.000807764,-0.003796130,,,
1786043809385827816,1786043809.385152369,/novatel/oem7/inspva,/novatel/oem7/inspva,/novatel/oem7/inspva,39.663,-75.756,-1.803166976,0.000892368,-0.003842183,0.000865763,-0.000216275,-0.003842183,,novatel_oem7_msgs.msg.InertialSolutionStatus(status=3),
1786043809387136203,1786043809.385350501,/novatel/oem7/fix,/novatel/oem7/fix,/novatel/oem7/inspva,39.663,-75.756,-1.803166976,0.000892368,-0.003842183,0.000865763,-0.000216275,-0.003842183,,0,
1786043809388168080,1786043809.385849576,/novatel/oem7/odom,/novatel/oem7/fix,/novatel/oem7/odom,39.663,-75.756,-1.803166976,0.000898992,-0.003840639,-0.000159762,0.000884683,-0.003840639,,,
1786043809395132457,1786043809.394474407,/novatel/oem7/odom,/novatel/oem7/fix,/novatel/oem7/odom,39.663,-75.756,-1.803166976,0.000898992,-0.003840639,-0.000159762,0.000884683,-0.003840639,,,
1786043809406405351,1786043809.405796201,/novatel/oem7/inspva,/novatel/oem7/inspva,/novatel/oem7/inspva,39.663,-75.756,-1.803169892,0.000465509,-0.003847439,0.000462871,-0.000049490,-0.003847439,,novatel_oem7_msgs.msg.InertialSolutionStatus(status=3),
1786043809407898759,1786043809.405994683,/novatel/oem7/fix,/novatel/oem7/fix,/novatel/oem7/inspva,39.663,-75.756,-1.803169892,0.000465509,-0.003847439,0.000462871,-0.000049490,-0.003847439,,0,
1786043809409023954,1786043809.406872582,/novatel/oem7/odom,/novatel/oem7/fix,/novatel/oem7/odom,39.663,-75.756,-1.803169892,0.000474369,-0.003846357,-0.000012605,0.000474202,-0.003846357,,,
1786043809411136529,1786043809.410198922,/novatel/oem7/bestpos,/novatel/oem7/bestpos,/novatel/oem7/odom,39.663,-75.756,33.179294061,0.000474369,-0.003846357,-0.000012605,0.000474202,-0.003846357,,novatel_oem7_msgs.msg.SolutionStatus(status=0),novatel_oem7_msgs.msg.PositionOrVelocityType(type=53)
1786043809412547593,1786043809.410719475,/novatel/oem7/bestvel,/novatel/oem7/bestpos,/novatel/oem7/bestvel,39.663,-75.756,33.179294061,0.000738036,-0.004146570,,,,22.860952377,novatel_oem7_msgs.msg.SolutionStatus(status=0),novatel_oem7_msgs.msg.PositionOrVelocityType(type=53)
1786043809416028588,1786043809.415220573,/novatel/oem7/odom,/novatel/oem7/bestpos,/novatel/oem7/odom,39.663,-75.756,33.179294061,0.000474369,-0.003846357,-0.000012605,0.000474202,-0.003846357,,,
1786043809425824413,1786043809.425089933,/novatel/oem7/inspva,/novatel/oem7/inspva,/novatel/oem7/inspva,39.663,-75.756,-1.803155926,0.000778448,-0.003755034,0.000776907,0.000048961,-0.003755034,,novatel_oem7_msgs.msg.InertialSolutionStatus(status=3),
1786043809427168381,1786043809.425303528,/novatel/oem7/fix,/novatel/oem7/fix,/novatel/oem7/inspva,39.663,-75.756,-1.803155926,0.000778448,-0.003755034,0.000776907,0.000048961,-0.003755034,,0,
1786043809428240938,1786043809.425877198,/novatel/oem7/odom,/novatel/oem7/fix,/novatel/oem7/odom,39.663,-75.756,-1.803155926,0.000789306,-0.003752767,0.000100542,0.000782876,-0.003752767,,,
1786043809436275459,1786043809.435599619,/novatel/oem7/odom,/novatel/oem7/fix,/novatel/oem7/odom,39.663,-75.756,-1.803155926,0.000789306,-0.003752767,0.000100542,0.000782876,-0.003752767,,,
1786043809445872036,1786043809.445210009,/novatel/oem7/inspva,/novatel/oem7/inspva,/novatel/oem7/inspva,39.663,-75.756,-1.803162250,0.000546770,-0.003991913,0.000546140,-0.000026230,-0.003991913,,novatel_oem7_msgs.msg.InertialSolutionStatus(status=3),
1786043809447337124,1786043809.445438898,/novatel/oem7/fix,/novatel/oem7/fix,/novatel/oem7/inspva,39.663,-75.756,-1.803162250,0.000546770,-0.003991913,0.000546140,-0.000026230,-0.003991913,,0,
1786043809448415298,1786043809.446051508,/novatel/oem7/odom,/novatel/oem7/fix,/novatel/oem7/odom,39.663,-75.756,-1.803162250,0.000556848,-0.003990520,0.000015177,0.000556641,-0.003990520,,,
1786043809456491877,1786043809.455822056,/novatel/oem7/odom,/novatel/oem7/fix,/novatel/oem7/odom,39.663,-75.756,-1.803162250,0.000556848,-0.003990520,0.000015177,0.000556641,-0.003990520,,,
1786043809466725270,1786043809.466017236,/novatel/oem7/inspva,/novatel/oem7/inspva,/novatel/oem7/inspva,39.663,-75.756,-1.803151009,0.000522773,-0.004133959,0.000522474,0.000017664,-0.004133959,,novatel_oem7_msgs.msg.InertialSolutionStatus(status=3),
1786043809468097800,1786043809.466216941,/novatel/oem7/fix,/novatel/oem7/fix,/novatel/oem7/inspva,39.663,-75.756,-1.803151009,0.000522773,-0.004133959,0.000522474,0.000017664,-0.004133959,,0,
1786043809469147421,1786043809.466664209,/novatel/oem7/odom,/novatel/oem7/fix,/novatel/oem7/odom,39.663,-75.756,-1.803151009,0.000534388,-0.004132474,0.000058381,0.000531190,-0.004132474,,,
1786043809475282896,1786043809.474604410,/novatel/oem7/odom,/novatel/oem7/fix,/novatel/oem7/odom,39.663,-75.756,-1.803151009,0.000534388,-0.004132474,0.000058381,0.000531190,-0.004132474,,,
1786043809485863293,1786043809.485134539,/novatel/oem7/inspva,/novatel/oem7/inspva,/novatel/oem7/inspva,39.663,-75.756,-1.803154064,0.000863471,-0.003573490,0.000862373,-0.000043525,-0.003573490,,novatel_oem7_msgs.msg.InertialSolutionStatus(status=3),
1786043809487348114,1786043809.485341964,/novatel/oem7/fix,/novatel/oem7/fix,/novatel/oem7/inspva,39.663,-75.756,-1.803154064,0.000863471,-0.003573490,0.000862373,-0.000043525,-0.003573490,,0,
1786043809488397702,1786043809.485818206,/novatel/oem7/odom,/novatel/oem7/fix,/novatel/oem7/odom,39.663,-75.756,-1.803154064,0.000872349,-0.003571333,0.000011641,0.000872271,-0.003571333,,,
1786043809496129567,1786043809.495457746,/novatel/oem7/odom,/novatel/oem7/fix,/novatel/oem7/odom,39.663,-75.756,-1.803154064,0.000872349,-0.003571333,0.000011641,0.000872271,-0.003571333,,,
1786043809506562672,1786043809.506046713,/novatel/oem7/inspva,/novatel/oem7/inspva,/novatel/oem7/inspva,39.663,-75.756,-1.803145627,0.000686590,-0.003662011,0.000672829,-0.000136772,-0.003662011,,novatel_oem7_msgs.msg.InertialSolutionStatus(status=3),
1786043809507942406,1786043809.506221539,/novatel/oem7/fix,/novatel/oem7/fix,/novatel/oem7/inspva,39.663,-75.756,-1.803145627,0.000686590,-0.003662011,0.000672829,-0.000136772,-0.003662011,,0,
1786043809508973193,1786043809.506719027,/novatel/oem7/odom,/novatel/oem7/fix,/novatel/oem7/odom,39.663,-75.756,-1.803145627,0.000693590,-0.003660692,-0.000090309,0.000687686,-0.003660692,,,
1786043809511897162,1786043809.511335834,/novatel/oem7/bestpos,/novatel/oem7/bestpos,/novatel/oem7/odom,39.663,-75.756,33.179316047,0.000693590,-0.003660692,-0.000090309,0.000687686,-0.003660692,,novatel_oem7_msgs.msg.SolutionStatus(status=0),novatel_oem7_msgs.msg.PositionOrVelocityType(type=53)
1786043809513344097,1786043809.511719618,/novatel/oem7/bestvel,/novatel/oem7/bestpos,/novatel/oem7/bestvel,39.663,-75.756,33.179316047,0.000861734,-0.003937553,,,,14.563202613,novatel_oem7_msgs.msg.SolutionStatus(status=0),novatel_oem7_msgs.msg.PositionOrVelocityType(type=53)
1786043809515326067,1786043809.514342534,/novatel/oem7/odom,/novatel/oem7/bestpos,/novatel/oem7/odom,39.663,-75.756,33.179316047,0.000693590,-0.003660692,-0.000090309,0.000687686,-0.003660692,,,
1786043809526835777,1786043809.526312248,/novatel/oem7/inspva,/novatel/oem7/inspva,/novatel/oem7/inspva,39.663,-75.756,-1.803153595,0.000777261,-0.003824190,0.000704237,0.000328914,-0.003824190,,novatel_oem7_msgs.msg.InertialSolutionStatus(status=3),
1786043809528213791,1786043809.526492524,/novatel/oem7/fix,/novatel/oem7/fix,/novatel/oem7/inspva,39.663,-75.756,-1.803153595,0.000777261,-0.003824190,0.000704237,0.000328914,-0.003824190,,0,
1786043809529267425,1786043809.526982745,/novatel/oem7/odom,/novatel/oem7/fix,/novatel/oem7/odom,39.663,-75.756,-1.803153595,0.000792306,-0.003821101,0.000376923,0.000696906,-0.003821101,,,
1786043809535333343,1786043809.534619082,/novatel/oem7/odom,/novatel/oem7/fix,/novatel/oem7/odom,39.663,-75.756,-1.803153595,0.000792306,-0.003821101,0.000376923,0.000696906,-0.003821101,,,
1786043809545361434,1786043809.544866165,/novatel/oem7/inspva,/novatel/oem7/inspva,/novatel/oem7/inspva,39.663,-75.756,-1.803142469,0.000531223,-0.003536254,0.000427327,0.000315578,-0.003536254,,novatel_oem7_msgs.msg.InertialSolutionStatus(status=3),
1786043809546766281,1786043809.545004517,/novatel/oem7/fix,/novatel/oem7/fix,/novatel/oem7/inspva,39.663,-75.756,-1.803142469,0.000531223,-0.003536254,0.000427327,0.000315578,-0.003536254,,0,
1786043809547890496,1786043809.545550269,/novatel/oem7/odom,/novatel/oem7/fix,/novatel/oem7/odom,39.663,-75.756,-1.803142469,0.000546357,-0.003533947,0.000349136,0.000420250,-0.003533947,,,
1786043809556242104,1786043809.555589881,/novatel/oem7/odom,/novatel/oem7/fix,/novatel/oem7/odom,39.663,-75.756,-1.803142469,0.000546357,-0.003533947,0.000349136,0.000420250,-0.003533947,,,
1786043809565931015,1786043809.565308496,/novatel/oem7/inspva,/novatel/oem7/inspva,/novatel/oem7/inspva,39.663,-75.756,-1.803153281,0.000778302,-0.003870407,0.000698735,0.000342818,-0.003870407,,novatel_oem7_msgs.msg.InertialSolutionStatus(status=3),
1786043809567486021,1786043809.565526204,/novatel/oem7/fix,/novatel/oem7/fix,/novatel/oem7/inspva,39.663,-75.756,-1.803153281,0.000778302,-0.003870407,0.000698735,0.000342818,-0.003870407,,0,
1786043809568549311,1786043809.566181598,/novatel/oem7/odom,/novatel/oem7/fix,/novatel/oem7/odom,39.663,-75.756,-1.803153281,0.000793715,-0.003867276,0.000390746,0.000690870,-0.003867276,,,
1786043809575535269,1786043809.574880885,/novatel/oem7/odom,/novatel/oem7/fix,/novatel/oem7/odom,39.663,-75.756,-1.803153281,0.000793715,-0.003867276,0.000390746,0.000690870,-0.003867276,,,
1786043809586690805,1786043809.585991871,/novatel/oem7/inspva,/novatel/oem7/inspva,/novatel/oem7/inspva,39.663,-75.756,-1.803144301,0.000369678,-0.003789587,0.000264527,0.000258239,-0.003789587,,novatel_oem7_msgs.msg.InertialSolutionStatus(status=3),
1786043809588007908,1786043809.586187743,/novatel/oem7/fix,/novatel/oem7/fix,/novatel/oem7/inspva,39.663,-75.756,-1.803144301,0.000369678,-0.003789587,0.000264527,0.000258239,-0.003789587,,0,
1786043809589034561,1786043809.586579177,/novatel/oem7/odom,/novatel/oem7/fix,/novatel/oem7/odom,39.663,-75.756,-1.803144301,0.000386423,-0.003787916,0.000284933,0.000261028,-0.003787916,,,
1786043809595187370,1786043809.594533271,/novatel/oem7/odom,/novatel/oem7/fix,/novatel/oem7/odom,39.663,-75.756,-1.803144301,0.000386423,-0.003787916,0.000284933,0.000261028,-0.003787916,,,
1786043809606830341,1786043809.606195429,/novatel/oem7/inspva,/novatel/oem7/inspva,/novatel/oem7/inspva,39.663,-75.756,-1.803154035,0.000905997,-0.003704386,0.000850400,0.000312492,-0.003704386,,novatel_oem7_msgs.msg.InertialSolutionStatus(status=3),
1786043809608291593,1786043809.606394034,/novatel/oem7/fix,/novatel/oem7/fix,/novatel/oem7/inspva,39.663,-75.756,-1.803154035,0.000905997,-0.003704386,0.000850400,0.000312492,-0.003704386,,0,
1786043809609445151,1786043809.607116198,/novatel/oem7/odom,/novatel/oem7/fix,/novatel/oem7/odom,39.663,-75.756,-1.803154035,0.000919829,-0.003700976,0.000367148,0.000843379,-0.003700976,,,
1786043809611156725,1786043809.610357024,/novatel/oem7/bestpos,/novatel/oem7/bestpos,/novatel/oem7/odom,39.663,-75.756,33.179314901,0.000919829,-0.003700976,0.000367148,0.000843379,-0.003700976,,novatel_oem7_msgs.msg.SolutionStatus(status=0),novatel_oem7_msgs.msg.PositionOrVelocityType(type=53)
1786043809612624176,1786043809.610728631,/novatel/oem7/bestvel,/novatel/oem7/bestpos,/novatel/oem7/bestvel,39.663,-75.756,33.179314901,0.000885903,-0.003709981,,,,25.374290368,novatel_oem7_msgs.msg.SolutionStatus(status=0),novatel_oem7_msgs.msg.PositionOrVelocityType(type=53)
1786043809615677080,1786043809.615337707,/novatel/oem7/odom,/novatel/oem7/bestpos,/novatel/oem7/odom,39.663,-75.756,33.179314901,0.000919829,-0.003700976,0.000367148,0.000843379,-0.003700976,,,
1786043809625727927,1786043809.625299601,/novatel/oem7/inspva,/novatel/oem7/inspva,/novatel/oem7/inspva,39.663,-75.756,-1.803148485,0.000433034,-0.003386194,0.000299575,0.000312687,-0.003386194,,novatel_oem7_msgs.msg.InertialSolutionStatus(status=3),
1786043809626372551,1786043809.625533101,/novatel/oem7/fix,/novatel/oem7/fix,/novatel/oem7/inspva,39.663,-75.756,-1.803148485,0.000433034,-0.003386194,0.000299575,0.000312687,-0.003386194,,0,
1786043809626867570,1786043809.625943871,/novatel/oem7/odom,/novatel/oem7/fix,/novatel/oem7/odom,39.663,-75.756,-1.803148485,0.000448093,-0.003384234,0.000339542,0.000292401,-0.003384234,,,
1786043809634791436,1786043809.634444267,/novatel/oem7/odom,/novatel/oem7/fix,/novatel/oem7/odom,39.663,-75.756,-1.803148485,0.000448093,-0.003384234,0.000339542,0.000292401,-0.003384234,,,
1786043809647050490,1786043809.646600837,/novatel/oem7/inspva,/novatel/oem7/inspva,/novatel/oem7/inspva,39.663,-75.756,-1.803164978,0.001092391,-0.003971090,0.000424702,0.001006452,-0.003971090,,novatel_oem7_msgs.msg.InertialSolutionStatus(status=3),
1786043809647776510,1786043809.646800375,/novatel/oem7/fix,/novatel/oem7/fix,/novatel/oem7/inspva,39.663,-75.756,-1.803164978,0.001092391,-0.003971090,0.000424702,0.001006452,-0.003971090,,0,
1786043809648291189,1786043809.647389338,/novatel/oem7/odom,/novatel/oem7/fix,/novatel/oem7/odom,39.663,-75.756,-1.803164978,0.001109734,-0.003966278,0.001040710,0.000385270,-0.003966278,,,
1786043809656791329,1786043809.656451976,/novatel/oem7/odom,/novatel/oem7/fix,/novatel/oem7/odom,39.663,-75.756,-1.803164978,0.001109734,-0.003966278,0.001040710,0.000385270,-0.003966278,,,
1786043809665747523,1786043809.665027586,/novatel/oem7/inspva,/novatel/oem7/inspva,/novatel/oem7/inspva,39.663,-75.756,-1.803156278,0.000527478,-0.003487578,0.000175691,0.000497359,-0.003487578,,novatel_oem7_msgs.msg.InertialSolutionStatus(status=3),
1786043809667064193,1786043809.665235878,/novatel/oem7/fix,/novatel/oem7/fix,/novatel/oem7/inspva,39.663,-75.756,-1.803156278,0.000527478,-0.003487578,0.000175691,0.000497359,-0.003487578,,0,
1786043809668123870,1786043809.665707060,/novatel/oem7/odom,/novatel/oem7/fix,/novatel/oem7/odom,39.663,-75.756,-1.803156278,0.000542533,-0.003485268,0.000518404,0.000159997,-0.003485268,,,
1786043809676132315,1786043809.675459794,/novatel/oem7/odom,/novatel/oem7/fix,/novatel/oem7/odom,39.663,-75.756,-1.803156278,0.000542533,-0.003485268,0.000518404,0.000159997,-0.003485268,,,
1786043809686102902,1786043809.685482765,/novatel/oem7/inspva,/novatel/oem7/inspva,/novatel/oem7/inspva,39.663,-75.756,-1.803169638,0.001126136,-0.003535334,0.000301321,0.001085076,-0.003535334,,novatel_oem7_msgs.msg.InertialSolutionStatus(status=3),
1786043809687683138,1786043809.685687067,/novatel/oem7/fix,/novatel/oem7/fix,/novatel/oem7/inspva,39.663,-75.756,-1.803169638,0.001126136,-0.003535334,0.000301321,0.001085076,-0.003535334,,0,
1786043809688745945,1786043809.686346574,/novatel/oem7/odom,/novatel/oem7/fix,/novatel/oem7/odom,39.663,-75.756,-1.803169638,0.001140982,-0.003530571,0.001111622,0.000257170,-0.003530571,,,
1786043809695521634,1786043809.694801756,/novatel/oem7/odom,/novatel/oem7/fix,/novatel/oem7/odom,39.663,-75.756,-1.803169638,0.001140982,-0.003530571,0.001111622,0.000257170,-0.003530571,,,
1786043809706537825,1786043809.705818254,/novatel/oem7/inspva,/novatel/oem7/inspva,/novatel/oem7/inspva,39.663,-75.756,-1.803164703,0.000714148,-0.003182990,0.000077479,0.000709933,-0.003182990,,novatel_oem7_msgs.msg.InertialSolutionStatus(status=3),
1786043809707878325,1786043809.706022803,/novatel/oem7/fix,/novatel/oem7/fix,/novatel/oem7/inspva,39.663,-75.756,-1.803164703,0.000714148,-0.003182990,0.000077479,0.000709933,-0.003182990,,0,
1786043809709062160,1786043809.706520022,/novatel/oem7/odom,/novatel/oem7/fix,/novatel/oem7/odom,39.663,-75.756,-1.803164703,0.000726603,-0.003180170,0.000724823,0.000050824,-0.003180170,,,
1786043809710671694,1786043809.709095254,/novatel/oem7/bestpos,/novatel/oem7/bestpos,/novatel/oem7/odom,39.663,-75.756,33.179304163,0.000726603,-0.003180170,0.000724823,0.000050824,-0.003180170,,novatel_oem7_msgs.msg.SolutionStatus(status=0),novatel_oem7_msgs.msg.PositionOrVelocityType(type=53)
1786043809711652727,1786043809.709438901,/novatel/oem7/bestvel,/novatel/oem7/bestpos,/novatel/oem7/bestvel,39.663,-75.756,33.179304163,0.000987663,-0.002985613,,,,115.442290212,novatel_oem7_msgs.msg.SolutionStatus(status=0),novatel_oem7_msgs.msg.PositionOrVelocityType(type=53)
1786043809715176679,1786043809.714527599,/novatel/oem7/odom,/novatel/oem7/bestpos,/novatel/oem7/odom,39.663,-75.756,33.179304163,0.000726603,-0.003180170,0.000724823,0.000050824,-0.003180170,,,
1786043809725930344,1786043809.725227127,/novatel/oem7/inspva,/novatel/oem7/inspva,/novatel/oem7/inspva,39.663,-75.756,-1.803184141,0.001202849,-0.003861871,0.000704048,0.000975276,-0.003861871,,novatel_oem7_msgs.msg.InertialSolutionStatus(status=3),
1786043809727344228,1786043809.725464939,/novatel/oem7/fix,/novatel/oem7/fix,/novatel/oem7/inspva,39.663,-75.756,-1.803184141,0.001202849,-0.003861871,0.000704048,0.000975276,-0.003861871,,0,
1786043809728395506,1786043809.725828693,/novatel/oem7/odom,/novatel/oem7/fix,/novatel/oem7/odom,39.663,-75.756,-1.803184141,0.001220110,-0.003856453,0.001022638,0.000665493,-0.003856453,,,
1786043809736020893,1786043809.735354449,/novatel/oem7/odom,/novatel/oem7/fix,/novatel/oem7/odom,39.663,-75.756,-1.803184141,0.001220110,-0.003856453,0.001022638,0.000665493,-0.003856453,,,
1786043809746670923,1786043809.745932070,/novatel/oem7/inspva,/novatel/oem7/inspva,/novatel/oem7/inspva,39.663,-75.756,-1.803178553,0.000868249,-0.003377727,0.000449297,0.000742959,-0.003377727,,novatel_oem7_msgs.msg.InertialSolutionStatus(status=3),
1786043809748032914,1786043809.746133212,/novatel/oem7/fix,/novatel/oem7/fix,/novatel/oem7/inspva,39.663,-75.756,-1.803178553,0.000868249,-0.003377727,0.000449297,0.000742959,-0.003377727,,0,
1786043809749116792,1786043809.746669963,/novatel/oem7/odom,/novatel/oem7/fix,/novatel/oem7/odom,39.663,-75.756,-1.803178553,0.000883303,-0.003373821,0.000776483,0.000421068,-0.003373821,,,
1786043809756294721,1786043809.755604940,/novatel/oem7/odom,/novatel/oem7/fix,/novatel/oem7/odom,39.663,-75.756,-1.803178553,0.000883303,-0.003373821,0.000776483,0.000421068,-0.003373821,,,
1786043809766828181,1786043809.766118457,/novatel/oem7/inspva,/novatel/oem7/inspva,/novatel/oem7/inspva,39.663,-75.756,-1.803193545,0.001237913,-0.003219738,0.000442848,0.001155990,-0.003219738,,novatel_oem7_msgs.msg.InertialSolutionStatus(status=3),
1786043809768286282,1786043809.766336416,/novatel/oem7/fix,/novatel/oem7/fix,/novatel/oem7/inspva,39.663,-75.756,-1.803193545,0.001237913,-0.003219738,0.000442848,0.001155990,-0.003219738,,0,
1786043809769367009,1786043809.766914241,/novatel/oem7/odom,/novatel/oem7/fix,/novatel/oem7/odom,39.663,-75.756,-1.803193545,0.001251846,-0.003214346,0.001188145,0.000394247,-0.003214346,,,
1786043809776039387,1786043809.775372377,/novatel/oem7/odom,/novatel/oem7/fix,/novatel/oem7/odom,39.663,-75.756,-1.803193545,0.001251846,-0.003214346,0.001188145,0.000394247,-0.003214346,,,
1786043809785589010,1786043809.784864439,/novatel/oem7/inspva,/novatel/oem7/inspva,/novatel/oem7/inspva,39.663,-75.756,-1.803190924,0.001065255,-0.003264402,0.000356760,0.001003739,-0.003264402,,novatel_oem7_msgs.msg.InertialSolutionStatus(status=3),
1786043809786923837,1786043809.785082791,/novatel/oem7/fix,/novatel/oem7/fix,/novatel/oem7/inspva,39.663,-75.756,-1.803190924,0.001065255,-0.003264402,0.000356760,0.001003739,-0.003264402,,0,
1786043809787978284,1786043809.785484812,/novatel/oem7/odom,/novatel/oem7/fix,/novatel/oem7/odom,39.663,-75.756,-1.803190924,0.001079326,-0.003259777,0.001032114,0.000315729,-0.003259777,,,
1786043809795077889,1786043809.794413696,/novatel/oem7/odom,/novatel/oem7/fix,/novatel/oem7/odom,39.663,-75.756,-1.803190924,0.001079326,-0.003259777,0.001032114,0.000315729,-0.003259777,,,
1786043809807121578,1786043809.806282442,/novatel/oem7/inspva,/novatel/oem7/inspva,/novatel/oem7/inspva,39.663,-75.756,-1.803202166,0.001302820,-0.002835059,0.000409620,0.001236750,-0.002835059,,novatel_oem7_msgs.msg.InertialSolutionStatus(status=3),
1786043809809287726,1786043809.806476641,/novatel/oem7/fix,/novatel/oem7/fix,/novatel/oem7/inspva,39.663,-75.756,-1.803202166,0.001302820,-0.002835059,0.000409620,0.001236750,-0.002835059,,0,
1786043809811030107,1786043809.806984426,/novatel/oem7/odom,/novatel/oem7/fix,/novatel/oem7/odom,39.663,-75.756,-1.803202166,0.001314942,-0.002829457,0.001265777,0.000356201,-0.002829457,,,
1786043809813447101,1786043809.810154391,/novatel/oem7/bestpos,/novatel/oem7/bestpos,/novatel/oem7/odom,39.663,-75.756,33.179271975,0.001314942,-0.002829457,0.001265777,0.000356201,-0.002829457,,novatel_oem7_msgs.msg.SolutionStatus(status=0),novatel_oem7_msgs.msg.PositionOrVelocityType(type=53)
1786043809814925566,1786043809.810568846,/novatel/oem7/bestvel,/novatel/oem7/bestpos,/novatel/oem7/bestvel,39.663,-75.756,33.179271975,0.001343696,-0.002774000,,,,80.296392686,novatel_oem7_msgs.msg.SolutionStatus(status=0),novatel_oem7_msgs.msg.PositionOrVelocityType(type=53)
1786043809817535206,1786043809.814942250,/novatel/oem7/odom,/novatel/oem7/bestpos,/novatel/oem7/odom,39.663,-75.756,33.179271975,0.001314942,-0.002829457,0.001265777,0.000356201,-0.002829457,,,
1786043809825886967,1786043809.825063982,/novatel/oem7/inspva,/novatel/oem7/inspva,/novatel/oem7/inspva,39.663,-75.756,-1.803203711,0.001079726,-0.003082869,0.000331449,0.001027594,-0.003082869,,novatel_oem7_msgs.msg.InertialSolutionStatus(status=3),
1786043809827998885,1786043809.825231107,/novatel/oem7/fix,/novatel/oem7/fix,/novatel/oem7/inspva,39.663,-75.756,-1.803203711,0.001079726,-0.003082869,0.000331449,0.001027594,-0.003082869,,0,
1786043809829730769,1786043809.825744359,/novatel/oem7/odom,/novatel/oem7/fix,/novatel/oem7/odom,39.663,-75.756,-1.803203711,0.001092866,-0.003078235,0.001054008,0.000288832,-0.003078235,,,
1786043809835876628,1786043809.834775360,/novatel/oem7/odom,/novatel/oem7/fix,/novatel/oem7/odom,39.663,-75.756,-1.803203711,0.001092866,-0.003078235,0.001054008,0.000288832,-0.003078235,,,
1786043809845915966,1786043809.845321496,/novatel/oem7/inspva,/novatel/oem7/inspva,/novatel/oem7/inspva,39.663,-75.756,-1.803223803,0.001308133,-0.003421548,0.000805310,0.001030868,-0.003421548,,novatel_oem7_msgs.msg.InertialSolutionStatus(status=3),
1786043809847271259,1786043809.845521795,/novatel/oem7/fix,/novatel/oem7/fix,/novatel/oem7/inspva,39.663,-75.756,-1.803223803,0.001308133,-0.003421548,0.000805310,0.001030868,-0.003421548,,0,
1786043809848336880,1786043809.846087384,/novatel/oem7/odom,/novatel/oem7/fix,/novatel/oem7/odom,39.663,-75.756,-1.803223803,0.001323415,-0.003415666,0.001081451,0.000762817,-0.003415666,,,
1786043809857082012,1786043809.856412245,/novatel/oem7/odom,/novatel/oem7/fix,/novatel/oem7/odom,39.663,-75.756,-1.803223803,0.001323415,-0.003415666,0.001081451,0.000762817,-0.003415666,,,
1786043809866539951,1786043809.866015789,/novatel/oem7/inspva,/novatel/oem7/inspva,/novatel/oem7/inspva,39.663,-75.756,-1.803222184,0.001401798,-0.003135364,0.000946233,0.001034254,-0.003135364,,novatel_oem7_msgs.msg.InertialSolutionStatus(status=3),
1786043809867881884,1786043809.866166417,/novatel/oem7/fix,/novatel/oem7/fix,/novatel/oem7/inspva,39.663,-75.756,-1.803222184,0.001401798,-0.003135364,0.000946233,0.001034254,-0.003135364,,0,
1786043809868934358,1786043809.866621275,/novatel/oem7/odom,/novatel/oem7/fix,/novatel/oem7/odom,39.663,-75.756,-1.803222184,0.001415724,-0.003129100,0.001090574,0.000902732,-0.003129100,,,
1786043809875185048,1786043809.874471248,/novatel/oem7/odom,/novatel/oem7/fix,/novatel/oem7/odom,39.663,-75.756,-1.803222184,0.001415724,-0.003129100,0.001090574,0.000902732,-0.003129100,,,
1786043809885657587,1786043809.885111201,/novatel/oem7/inspva,/novatel/oem7/inspva,/novatel/oem7/inspva,39.663,-75.756,-1.803236833,0.001217145,-0.002678796,0.000582200,0.001068871,-0.002678796,,novatel_oem7_msgs.msg.InertialSolutionStatus(status=3),
1786043809886996217,1786043809.885280773,/novatel/oem7/fix,/novatel/oem7/fix,/novatel/oem7/inspva,39.663,-75.756,-1.803236833,0.001217145,-0.002678796,0.000582200,0.001068871,-0.002678796,,0,
1786043809888072838,1786043809.885782598,/novatel/oem7/odom,/novatel/oem7/fix,/novatel/oem7/odom,39.663,-75.756,-1.803236833,0.001229053,-0.002673353,0.001105864,0.000536316,-0.002673353,,,
1786043809895826213,1786043809.895165810,/novatel/oem7/odom,/novatel/oem7/fix,/novatel/oem7/odom,39.663,-75.756,-1.803236833,0.001229053,-0.002673353,0.001105864,0.000536316,-0.002673353,,,
1786043809906069697,1786043809.905561438,/novatel/oem7/inspva,/novatel/oem7/inspva,/novatel/oem7/inspva,39.663,-75.756,-1.803239412,0.001701685,-0.002896583,0.001010648,0.001369060,-0.002896583,,novatel_oem7_msgs.msg.InertialSolutionStatus(status=3),
1786043809907381650,1786043809.905708933,/novatel/oem7/fix,/novatel/oem7/fix,/novatel/oem7/inspva,39.663,-75.756,-1.803239412,0.001701685,-0.002896583,0.001010648,0.001369060,-0.002896583,,0,
1786043809908434371,1786043809.906187874,/novatel/oem7/odom,/novatel/oem7/fix,/novatel/oem7/odom,39.663,-75.756,-1.803239412,0.001714677,-0.002888912,0.001427245,0.000950310,-0.002888912,,,
1786043809909856925,1786043809.909204245,/novatel/oem7/bestpos,/novatel/oem7/bestpos,/novatel/oem7/odom,39.663,-75.756,33.179228056,0.001714677,-0.002888912,0.001427245,0.000950310,-0.002888912,,novatel_oem7_msgs.msg.SolutionStatus(status=0),novatel_oem7_msgs.msg.PositionOrVelocityType(type=53)
1786043809911273982,1786043809.909789957,/novatel/oem7/bestvel,/novatel/oem7/bestpos,/novatel/oem7/bestvel,39.663,-75.756,33.179228056,0.002067881,-0.003189208,,,,50.681353372,novatel_oem7_msgs.msg.SolutionStatus(status=0),novatel_oem7_msgs.msg.PositionOrVelocityType(type=53)
1786043809915025643,1786043809.914377541,/novatel/oem7/odom,/novatel/oem7/bestpos,/novatel/oem7/odom,39.663,-75.756,33.179228056,0.001714677,-0.002888912,0.001427245,0.000950310,-0.002888912,,,
1786043809925816259,1786043809.925295151,/novatel/oem7/inspva,/novatel/oem7/inspva,/novatel/oem7/inspva,39.663,-75.756,-1.803261343,0.001353976,-0.003120930,0.000613444,0.001207037,-0.003120930,,novatel_oem7_msgs.msg.InertialSolutionStatus(status=3),
1786043809927136973,1786043809.925452946,/novatel/oem7/fix,/novatel/oem7/fix,/novatel/oem7/inspva,39.663,-75.756,-1.803261343,0.001353976,-0.003120930,0.000613444,0.001207037,-0.003120930,,0,
1786043809928197240,1786043809.926016164,/novatel/oem7/odom,/novatel/oem7/fix,/novatel/oem7/odom,39.663,-75.756,-1.803261343,0.001367830,-0.003114883,0.001247069,0.000561941,-0.003114883,,,
1786043809935718582,1786043809.935033609,/novatel/oem7/odom,/novatel/oem7/fix,/novatel/oem7/odom,39.663,-75.756,-1.803261343,0.001367830,-0.003114883,0.001247069,0.000561941,-0.003114883,,,
1786043809945476985,1786043809.944965133,/novatel/oem7/inspva,/novatel/oem7/inspva,/novatel/oem7/inspva,39.663,-75.756,-1.803266853,0.001757123,-0.003286069,0.001068598,0.001394840,-0.003286069,,novatel_oem7_msgs.msg.InertialSolutionStatus(status=3),
1786043809946822671,1786043809.945111651,/novatel/oem7/fix,/novatel/oem7/fix,/novatel/oem7/inspva,39.663,-75.756,-1.803266853,0.001757123,-0.003286069,0.001068598,0.001394840,-0.003286069,,0,
1786043809947920046,1786043809.945563576,/novatel/oem7/odom,/novatel/oem7/fix,/novatel/oem7/odom,39.663,-75.756,-1.803266853,0.001771826,-0.003278164,0.001457262,0.001007847,-0.003278164,,,
1786043809956620614,1786043809.955913386,/novatel/oem7/odom,/novatel/oem7/fix,/novatel/oem7/odom,39.663,-75.756,-1.803266853,0.001771826,-0.003278164,0.001457262,0.001007847,-0.003278164,,,
1786043809966455690,1786043809.965166117,/novatel/oem7/inspva,/novatel/oem7/inspva,/novatel/oem7/inspva,39.663,-75.756,-1.803286032,0.001566294,-0.002908238,0.000687358,0.001407414,-0.002908238,,novatel_oem7_msgs.msg.InertialSolutionStatus(status=3),
1786043809967264551,1786043809.965416749,/novatel/oem7/fix,/novatel/oem7/fix,/novatel/oem7/inspva,39.663,-75.756,-1.803286032,0.001566294,-0.002908238,0.000687358,0.001407414,-0.002908238,,0,
1786043809968756423,1786043809.966171490,/novatel/oem7/odom,/novatel/oem7/fix,/novatel/oem7/odom,39.663,-75.756,-1.803286032,0.001771850,-0.003278151,0.001457295,0.001007842,-0.003278151,,,
1786043809975520474,1786043809.974870302,/novatel/oem7/odom,/novatel/oem7/fix,/novatel/oem7/odom,39.663,-75.756,-1.803286032,0.001579156,-0.002901274,0.001449985,0.000625522,-0.002901274,,,
1786043809986508145,1786043809.985996280,/novatel/oem7/inspva,/novatel/oem7/inspva,/novatel/oem7/inspva,39.663,-75.756,-1.803291579,0.001969409,-0.002851124,0.001440985,0.001342436,-0.002851124,,novatel_oem7_msgs.msg.InertialSolutionStatus(status=3),
1786043809987806318,1786043809.986204489,/novatel/oem7/fix,/novatel/oem7/fix,/novatel/oem7/inspva,39.663,-75.756,-1.803291579,0.001969409,-0.002851124,0.001440985,0.001342436,-0.002851124,,0,
1786043809988833483,1786043809.986614540,/novatel/oem7/odom,/novatel/oem7/fix,/novatel/oem7/odom,39.663,-75.756,-1.803291579,0.001981941,-0.002842426,0.001421326,0.001381277,-0.002842426,,,
1786043809994984655,1786043809.994335898,/novatel/oem7/odom,/novatel/oem7/fix,/novatel/oem7/odom,39.663,-75.756,-1.803291579,0.001981941,-0.002842426,0.001421326,0.001381277,-0.002842426,,,
1786043810008815407,1786043810.008313172,/novatel/oem7/inspva,/novatel/oem7/inspva,/novatel/oem7/inspva,39.663,-75.756,-1.803313218,0.001454601,-0.002900434,0.000560394,0.001342320,-0.002900434,,novatel_oem7_msgs.msg.InertialSolutionStatus(status=3),
1786043810010134404,1786043810.008524115,/novatel/oem7/fix,/novatel/oem7/fix,/novatel/oem7/inspva,39.663,-75.756,-1.803313218,0.001454601,-0.002900434,0.000560394,0.001342320,-0.002900434,,0,
1786043810011675790,1786043810.010839395,/novatel/oem7/odom,/novatel/oem7/fix,/novatel/oem7/odom,39.663,-75.756,-1.803313218,0.001467310,-0.002894025,0.001378811,0.000501876,-0.002894025,,,
1786043810016880876,1786043810.016237459,/novatel/oem7/odom,/novatel/oem7/fix,/novatel/oem7/odom,39.663,-75.756,-1.803313218,0.001467310,-0.002894025,0.001378811,0.000501876,-0.002894025,,,
1786043810025467522,1786043810.024838436,/novatel/oem7/bestpos,/novatel/oem7/bestpos,/novatel/oem7/odom,39.663,-75.756,33.179149874,0.001467310,-0.002894025,0.001378811,0.000501876,-0.002894025,,novatel_oem7_msgs.msg.SolutionStatus(status=0),novatel_oem7_msgs.msg.PositionOrVelocityType(type=53)
1786043810026908080,1786043810.025520226,/novatel/oem7/bestvel,/novatel/oem7/bestpos,/novatel/oem7/bestvel,39.663,-75.756,33.179149874,0.001756489,-0.003205783,,,,55.655523479,novatel_oem7_msgs.msg.SolutionStatus(status=0),novatel_oem7_msgs.msg.PositionOrVelocityType(type=53)
1786043810028579690,1786043810.026471909,/novatel/oem7/inspva,/novatel/oem7/inspva,/novatel/oem7/inspva,39.663,-75.756,-1.803317005,0.002007623,-0.002609308,0.001238665,0.001579956,-0.002609308,,novatel_oem7_msgs.msg.InertialSolutionStatus(status=3),
1786043810029676301,1786043810.026663135,/novatel/oem7/fix,/novatel/oem7/fix,/novatel/oem7/inspva,39.663,-75.756,-1.803317005,0.002007623,-0.002609308,0.001238665,0.001579956,-0.002609308,,0,
1786043810030827877,1786043810.027010778,/novatel/oem7/odom,/novatel/oem7/fix,/novatel/oem7/odom,39.663,-75.756,-1.803317005,0.002019337,-0.002600253,0.001647904,0.001167106,-0.002600253,,,
1786043810035093060,1786043810.034446286,/novatel/oem7/odom,/novatel/oem7/fix,/novatel/oem7/odom,39.663,-75.756,-1.803317005,0.002019337,-0.002600253,0.001647904,0.001167106,-0.002600253,,,
1786043810047366320,1786043810.046838251,/novatel/oem7/inspva,/novatel/oem7/inspva,/novatel/oem7/inspva,39.663,-75.756,-1.803288851,0.001662108,-0.003131218,0.000589885,0.001553910,-0.003131218,,novatel_oem7_msgs.msg.InertialSolutionStatus(status=3),
1786043810048747051,1786043810.047040133,/novatel/oem7/fix,/novatel/oem7/fix,/novatel/oem7/inspva,39.663,-75.756,-1.803288851,0.001662108,-0.003131218,0.000589885,0.001553910,-0.003131218,,0,
1786043810049842232,1786043810.047526118,/novatel/oem7/odom,/novatel/oem7/fix,/novatel/oem7/odom,39.663,-75.756,-1.803288851,0.001675703,-0.003123964,0.001592447,0.000521625,-0.003123964,,,
1786043810056935164,1786043810.056257184,/novatel/oem7/odom,/novatel/oem7/fix,/novatel/oem7/odom,39.663,-75.756,-1.803288851,0.001675703,-0.003123964,0.001592447,0.000521625,-0.003123964,,,
1786043810066112336,1786043810.065592948,/novatel/oem7/inspva,/novatel/oem7/inspva,/novatel/oem7/inspva,39.663,-75.756,-1.803244148,0.002021528,-0.003125534,0.001169845,0.001648648,-0.003125534,,novatel_oem7_msgs.msg.InertialSolutionStatus(status=3),
1786043810067460523,1786043810.065780700,/novatel/oem7/fix,/novatel/oem7/fix,/novatel/oem7/inspva,39.663,-75.756,-1.803244148,0.002021528,-0.003125534,0.001169845,0.001648648,-0.003125534,,0,
1786043810068526614,1786043810.066347418,/novatel/oem7/odom,/novatel/oem7/fix,/novatel/oem7/odom,39.663,-75.756,-1.803244148,0.002035530,-0.003116433,0.001715086,0.001096294,-0.003116433,,,
1786043810075252575,1786043810.074608402,/novatel/oem7/odom,/novatel/oem7/fix,/novatel/oem7/odom,39.663,-75.756,-1.803244148,0.002035530,-0.003116433,0.001715086,0.001096294,-0.003116433,,,
1786043810085802552,1786043810.085298640,/novatel/oem7/inspva,/novatel/oem7/inspva,/novatel/oem7/inspva,39.663,-75.756,-1.803214906,0.001497353,-0.002645250,0.000916219,0.001184318,-0.002645250,,novatel_oem7_msgs.msg.InertialSolutionStatus(status=3),
1786043810087128761,1786043810.085499245,/novatel/oem7/fix,/novatel/oem7/fix,/novatel/oem7/inspva,39.663,-75.756,-1.803214906,0.001497353,-0.002645250,0.000916219,0.001184318,-0.002645250,,0,
1786043810088178472,1786043810.086031060,/novatel/oem7/odom,/novatel/oem7/fix,/novatel/oem7/odom,39.663,-75.756,-1.803214906,0.001509217,-0.002638499,0.001237243,0.000864272,-0.002638499,,,
1786043810095630007,1786043810.094960118,/novatel/oem7/odom,/novatel/oem7/fix,/novatel/oem7/odom,39.663,-75.756,-1.803214906,0.001509217,-0.002638499,0.001237243,0.000864272,-0.002638499,,,
1786043810106598888,1786043810.106068460,/novatel/oem7/inspva,/novatel/oem7/inspva,/novatel/oem7/inspva,39.663,-75.756,-1.803173803,0.001978042,-0.002561797,0.000986513,0.001714480,-0.002561797,,novatel_oem7_msgs.msg.InertialSolutionStatus(status=3),
1786043810107924595,1786043810.106263528,/novatel/oem7/fix,/novatel/oem7/fix,/novatel/oem7/inspva,39.663,-75.756,-1.803173803,0.001978042,-0.002561797,0.000986513,0.001714480,-0.002561797,,0,
1786043810108977829,1786043810.106733723,/novatel/oem7/odom,/novatel/oem7/fix,/novatel/oem7/odom,39.663,-75.756,-1.803173803,0.001989479,-0.002552925,0.001769853,0.000908652,-0.002552925,,,
1786043810110537875,1786043810.109501227,/novatel/oem7/bestpos,/novatel/oem7/bestpos,/novatel/oem7/odom,39.663,-75.756,33.179323997,0.001989479,-0.002552925,0.001769853,0.000908652,-0.002552925,,novatel_oem7_msgs.msg.SolutionStatus(status=0),novatel_oem7_msgs.msg.PositionOrVelocityType(type=53)
1786043810111962322,1786043810.110194318,/novatel/oem7/bestvel,/novatel/oem7/bestpos,/novatel/oem7/bestvel,39.663,-75.756,33.179323997,0.002003169,-0.002631227,,,,52.727768204,novatel_oem7_msgs.msg.SolutionStatus(status=0),novatel_oem7_msgs.msg.PositionOrVelocityType(type=53)
1786043810115111981,1786043810.114449664,/novatel/oem7/odom,/novatel/oem7/bestpos,/novatel/oem7/odom,39.663,-75.756,33.179323997,0.001989479,-0.002552925,0.001769853,0.000908652,-0.002552925,,,
1786043810125796989,1786043810.125265897,/novatel/oem7/inspva,/novatel/oem7/inspva,/novatel/oem7/inspva,39.663,-75.756,-1.803147963,0.001798930,-0.002715830,0.000782044,0.001620049,-0.002715830,,novatel_oem7_msgs.msg.InertialSolutionStatus(status=3),
1786043810127659245,1786043810.125493393,/novatel/oem7/fix,/novatel/oem7/fix,/novatel/oem7/inspva,39.663,-75.756,-1.803147963,0.001798930,-0.002715830,0.000782044,0.001620049,-0.002715830,,0,
1786043810128884007,1786043810.126027781,/novatel/oem7/odom,/novatel/oem7/fix,/novatel/oem7/odom,39.663,-75.756,-1.803147963,0.001810943,-0.002707834,0.001666235,0.000709349,-0.002707834,,,
1786043810136292108,1786043810.135619968,/novatel/oem7/odom,/novatel/oem7/fix,/novatel/oem7/odom,39.663,-75.756,-1.803147963,0.001810943,-0.002707834,0.001666235,0.000709349,-0.002707834,,,
1786043810145661826,1786043810.145114131,/novatel/oem7/inspva,/novatel/oem7/inspva,/novatel/oem7/inspva,39.663,-75.756,-1.803103720,0.001903434,-0.002519956,0.000844039,0.001706066,-0.002519956,,novatel_oem7_msgs.msg.InertialSolutionStatus(status=3),
1786043810147019216,1786043810.145319973,/novatel/oem7/fix,/novatel/oem7/fix,/novatel/oem7/inspva,39.663,-75.756,-1.803103720,0.001903434,-0.002519956,0.000844039,0.001706066,-0.002519956,,0,
1786043810148123981,1786043810.145738393,/novatel/oem7/odom,/novatel/oem7/fix,/novatel/oem7/odom,39.663,-75.756,-1.803103720,0.001914583,-0.002511496,0.001754392,0.000766641,-0.002511496,,,
1786043810156256963,1786043810.155640731,/novatel/oem7/odom,/novatel/oem7/fix,/novatel/oem7/odom,39.663,-75.756,-1.803103720,0.001914583,-0.002511496,0.001754392,0.000766641,-0.002511496,,,
1786043810167206897,1786043810.166688535,/novatel/oem7/inspva,/novatel/oem7/inspva,/novatel/oem7/inspva,39.663,-75.756,-1.803078543,0.001626006,-0.002806051,0.000446790,0.001563417,-0.002806051,,novatel_oem7_msgs.msg.InertialSolutionStatus(status=3),
1786043810168570451,1786043810.166912111,/novatel/oem7/fix,/novatel/oem7/fix,/novatel/oem7/inspva,39.663,-75.756,-1.803078543,0.001626006,-0.002806051,0.000446790,0.001563417,-0.002806051,,0,
1786043810169622825,1786043810.167232360,/novatel/oem7/odom,/novatel/oem7/fix,/novatel/oem7/odom,39.663,-75.756,-1.803078543,0.001637859,-0.002799149,0.001593784,0.000377402,-0.002799149,,,
1786043810175365076,1786043810.174664726,/novatel/oem7/odom,/novatel/oem7/fix,/novatel/oem7/odom,39.663,-75.756,-1.803078543,0.001637859,-0.002799149,0.001593784,0.000377402,-0.002799149,,,
1786043810185789455,1786043810.185258000,/novatel/oem7/inspva,/novatel/oem7/inspva,/novatel/oem7/inspva,39.663,-75.756,-1.803031288,0.001675691,-0.002276844,0.000590411,0.001568233,-0.002276844,,novatel_oem7_msgs.msg.InertialSolutionStatus(status=3),
1786043810187115715,1786043810.185501892,/novatel/oem7/fix,/novatel/oem7/fix,/novatel/oem7/inspva,39.663,-75.756,-1.803031288,0.001675691,-0.002276844,0.000590411,0.001568233,-0.002276844,,0,
1786043810188299913,1786043810.185774975,/novatel/oem7/odom,/novatel/oem7/fix,/novatel/oem7/odom,39.663,-75.756,-1.803031288,0.001685543,-0.002269560,0.001603536,0.000519354,-0.002269560,,,
1786043810196107926,1786043810.195457752,/novatel/oem7/odom,/novatel/oem7/fix,/novatel/oem7/odom,39.663,-75.756,-1.803031288,0.001685543,-0.002269560,0.001603536,0.000519354,-0.002269560,,,
1786043810206856395,1786043810.206336086,/novatel/oem7/inspva,/novatel/oem7/inspva,/novatel/oem7/inspva,39.663,-75.756,-1.803008306,0.001601225,-0.002818594,0.000276346,0.001577198,-0.002818594,,novatel_oem7_msgs.msg.InertialSolutionStatus(status=3),
1786043810208190801,1786043810.206558182,/novatel/oem7/fix,/novatel/oem7/fix,/novatel/oem7/inspva,39.663,-75.756,-1.803008306,0.001601225,-0.002818594,0.000276346,0.001577198,-0.002818594,,0,
1786043810209255575,1786043810.206884981,/novatel/oem7/odom,/novatel/oem7/fix,/novatel/oem7/odom,39.663,-75.756,-1.803008306,0.001612641,-0.002812078,0.001599364,0.000206509,-0.002812078,,,
1786043810211206751,1786043810.210233882,/novatel/oem7/bestpos,/novatel/oem7/bestpos,/novatel/oem7/odom,39.663,-75.756,33.179494522,0.001612641,-0.002812078,0.001599364,0.000206509,-0.002812078,,novatel_oem7_msgs.msg.SolutionStatus(status=0),novatel_oem7_msgs.msg.PositionOrVelocityType(type=53)
1786043810212674373,1786043810.210643466,/novatel/oem7/bestvel,/novatel/oem7/bestpos,/novatel/oem7/bestvel,39.663,-75.756,33.179494522,0.001804892,-0.002739944,,,,91.920731441,novatel_oem7_msgs.msg.SolutionStatus(status=0),novatel_oem7_msgs.msg.PositionOrVelocityType(type=53)
1786043810215576743,1786043810.214886342,/novatel/oem7/odom,/novatel/oem7/bestpos,/novatel/oem7/odom,39.663,-75.756,33.179494522,0.001612641,-0.002812078,0.001599364,0.000206509,-0.002812078,,,
1786043810226537500,1786043810.225966791,/novatel/oem7/inspva,/novatel/oem7/inspva,/novatel/oem7/inspva,39.663,-75.756,-1.802960674,0.001642249,-0.002202401,0.000351216,0.001604254,-0.002202401,,novatel_oem7_msgs.msg.InertialSolutionStatus(status=3),
1786043810227880297,1786043810.226183100,/novatel/oem7/fix,/novatel/oem7/fix,/novatel/oem7/inspva,39.663,-75.756,-1.802960674,0.001642249,-0.002202401,0.000351216,0.001604254,-0.002202401,,0,
1786043810228943384,1786043810.226690571,/novatel/oem7/odom,/novatel/oem7/fix,/novatel/oem7/odom,39.663,-75.756,-1.802960674,0.001651320,-0.002195608,0.001627665,0.000278501,-0.002195608,,,
1786043810234987032,1786043810.234326228,/novatel/oem7/odom,/novatel/oem7/fix,/novatel/oem7/odom,39.663,-75.756,-1.802960674,0.001651320,-0.002195608,0.001627665,0.000278501,-0.002195608,,,
1786043810245676700,1786043810.245150988,/novatel/oem7/inspva,/novatel/oem7/inspva,/novatel/oem7/inspva,39.663,-75.756,-1.802937127,0.001453213,-0.002539241,0.000493723,0.001366772,-0.002539241,,novatel_oem7_msgs.msg.InertialSolutionStatus(status=3),
1786043810247025680,1786043810.245347936,/novatel/oem7/fix,/novatel/oem7/fix,/novatel/oem7/inspva,39.663,-75.756,-1.802937127,0.001453213,-0.002539241,0.000493723,0.001366772,-0.002539241,,0,
1786043810248056141,1786043810.245703527,/novatel/oem7/odom,/novatel/oem7/fix,/novatel/oem7/odom,39.663,-75.756,-1.802937127,0.001464187,-0.002532929,0.001398648,0.000433162,-0.002532929,,,
1786043810256895576,1786043810.256194323,/novatel/oem7/odom,/novatel/oem7/fix,/novatel/oem7/odom,39.663,-75.756,-1.802937127,0.001464187,-0.002532929,0.001398648,0.000433162,-0.002532929,,,
1786043810265470703,1786043810.264947774,/novatel/oem7/inspva,/novatel/oem7/inspva,/novatel/oem7/inspva,39.663,-75.756,-1.802894029,0.001632165,-0.002390894,0.000358663,0.001592270,-0.002390894,,novatel_oem7_msgs.msg.InertialSolutionStatus(status=3),
1786043810266764353,1786043810.265149850,/novatel/oem7/fix,/novatel/oem7/fix,/novatel/oem7/inspva,39.663,-75.756,-1.802894029,0.001632165,-0.002390894,0.000358663,0.001592270,-0.002390894,,0,
1786043810267801980,1786043810.265476842,/novatel/oem7/odom,/novatel/oem7/fix,/novatel/oem7/odom,39.663,-75.756,-1.802894029,0.001642043,-0.002384121,0.001616771,0.000286976,-0.002384121,,,
1786043810275211865,1786043810.274582652,/novatel/oem7/odom,/novatel/oem7/fix,/novatel/oem7/odom,39.663,-75.756,-1.802894029,0.001642043,-0.002384121,0.001616771,0.000286976,-0.002384121,,,
1786043810287160472,1786043810.286653890,/novatel/oem7/inspva,/novatel/oem7/inspva,/novatel/oem7/inspva,39.663,-75.756,-1.802864968,0.001521919,-0.002072229,0.000054986,0.001520925,-0.002072229,,novatel_oem7_msgs.msg.InertialSolutionStatus(status=3),
1786043810288480779,1786043810.286842592,/novatel/oem7/fix,/novatel/oem7/fix,/novatel/oem7/inspva,39.663,-75.756,-1.802864968,0.001521919,-0.002072229,0.000054986,0.001520925,-0.002072229,,0,
1786043810289526056,1786043810.287301185,/novatel/oem7/odom,/novatel/oem7/fix,/novatel/oem7/odom,39.663,-75.756,-1.802864968,0.001529683,-0.002066504,0.001529622,-0.000013676,-0.002066504,,,
1786043810295350918,1786043810.294693988,/novatel/oem7/odom,/novatel/oem7/fix,/novatel/oem7/odom,39.663,-75.756,-1.802864968,0.001529683,-0.002066504,0.001529622,-0.000013676,-0.002066504,,,
1786043810306338076,1786043810.305815540,/novatel/oem7/inspva,/novatel/oem7/inspva,/novatel/oem7/inspva,39.663,-75.756,-1.802822481,0.001399229,-0.002035665,-0.000082399,0.001396800,-0.002035665,,novatel_oem7_msgs.msg.InertialSolutionStatus(status=3),
1786043810307693719,1786043810.305987502,/novatel/oem7/fix,/novatel/oem7/fix,/novatel/oem7/inspva,39.663,-75.756,-1.802822481,0.001399229,-0.002035665,-0.000082399,0.001396800,-0.002035665,,0,
1786043810308748477,1786043810.306455627,/novatel/oem7/odom,/novatel/oem7/fix,/novatel/oem7/odom,39.663,-75.756,-1.802822481,0.001406339,-0.002030760,0.001398845,-0.000144981,-0.002030760,,,
1786043810310287312,1786043810.309351776,/novatel/oem7/bestpos,/novatel/oem7/bestpos,/novatel/oem7/odom,39.663,-75.756,33.179679793,0.001406339,-0.002030760,0.001398845,-0.000144981,-0.002030760,,novatel_oem7_msgs.msg.SolutionStatus(status=0),novatel_oem7_msgs.msg.PositionOrVelocityType(type=53)
1786043810311720874,1786043810.310029667,/novatel/oem7/bestvel,/novatel/oem7/bestpos,/novatel/oem7/bestvel,39.663,-75.756,33.179679793,0.001105091,-0.002049705,,,,78.489849708,novatel_oem7_msgs.msg.SolutionStatus(status=0),novatel_oem7_msgs.msg.PositionOrVelocityType(type=53)
1786043810316313200,1786043810.315645803,/novatel/oem7/odom,/novatel/oem7/bestpos,/novatel/oem7/odom,39.663,-75.756,33.179679793,0.001406339,-0.002030760,0.001398845,-0.000144981,-0.002030760,,,
1786043810325875157,1786043810.325335187,/novatel/oem7/inspva,/novatel/oem7/inspva,/novatel/oem7/inspva,39.663,-75.756,-1.802797281,0.001601727,-0.002130371,0.000125441,0.001596807,-0.002130371,,novatel_oem7_msgs.msg.InertialSolutionStatus(status=3),
1786043810327271984,1786043810.325510629,/novatel/oem7/fix,/novatel/oem7/fix,/novatel/oem7/inspva,39.663,-75.756,-1.802797281,0.001601727,-0.002130371,0.000125441,0.001596807,-0.002130371,,0,
1786043810328368715,1786043810.325987893,/novatel/oem7/odom,/novatel/oem7/fix,/novatel/oem7/odom,39.663,-75.756,-1.802797281,0.001609904,-0.002124198,0.001609026,0.000053162,-0.002124198,,,
1786043810335301585,1786043810.334638241,/novatel/oem7/odom,/novatel/oem7/fix,/novatel/oem7/odom,39.663,-75.756,-1.802797281,0.001609904,-0.002124198,0.001609026,0.000053162,-0.002124198,,,
1786043810346664573,1786043810.346119071,/novatel/oem7/inspva,/novatel/oem7/inspva,/novatel/oem7/inspva,39.663,-75.756,-1.802756860,0.001658472,-0.002392263,-0.000241181,0.001640842,-0.002392263,,novatel_oem7_msgs.msg.InertialSolutionStatus(status=3),
1786043810348044431,1786043810.346271999,/novatel/oem7/fix,/novatel/oem7/fix,/novatel/oem7/inspva,39.663,-75.756,-1.802756860,0.001658472,-0.002392263,-0.000241181,0.001640842,-0.002392263,,0,
1786043810349125615,1786043810.346807144,/novatel/oem7/odom,/novatel/oem7/fix,/novatel/oem7/odom,39.663,-75.756,-1.802756860,0.001666216,-0.002386876,0.001636258,-0.000314539,-0.002386876,,,
1786043810356400611,1786043810.355743385,/novatel/oem7/odom,/novatel/oem7/fix,/novatel/oem7/odom,39.663,-75.756,-1.802756860,0.001666216,-0.002386876,0.001636258,-0.000314539,-0.002386876,,,
1786043810365731452,1786043810.365201717,/novatel/oem7/inspva,/novatel/oem7/inspva,/novatel/oem7/inspva,39.663,-75.756,-1.802725747,0.001247444,-0.001626315,0.000193574,0.001232333,-0.001626315,,novatel_oem7_msgs.msg.InertialSolutionStatus(status=3),
1786043810367052656,1786043810.365352518,/novatel/oem7/fix,/novatel/oem7/fix,/novatel/oem7/inspva,39.663,-75.756,-1.802725747,0.001247444,-0.001626315,0.000193574,0.001232333,-0.001626315,,0,
1786043810368134550,1786043810.365861920,/novatel/oem7/odom,/novatel/oem7/fix,/novatel/oem7/odom,39.663,-75.756,-1.802725747,0.001253970,-0.001621288,0.001246397,0.000137612,-0.001621288,,,
1786043810376159961,1786043810.375510108,/novatel/oem7/odom,/novatel/oem7/fix,/novatel/oem7/odom,39.663,-75.756,-1.802725747,0.001253970,-0.001621288,0.001246397,0.000137612,-0.001621288,,,
1786043810385559366,1786043810.385021354,/novatel/oem7/inspva,/novatel/oem7/inspva,/novatel/oem7/inspva,39.663,-75.756,-1.802689866,0.001247669,-0.001979236,0.000045966,0.001246822,-0.001979236,,novatel_oem7_msgs.msg.InertialSolutionStatus(status=3),
1786043810386909929,1786043810.385168245,/novatel/oem7/fix,/novatel/oem7/fix,/novatel/oem7/inspva,39.663,-75.756,-1.802689866,0.001247669,-0.001979236,0.000045966,0.001246822,-0.001979236,,0,
1786043810388027494,1786043810.385655117,/novatel/oem7/odom,/novatel/oem7/fix,/novatel/oem7/odom,39.663,-75.756,-1.802689866,0.001255108,-0.001974528,0.001255070,-0.000009666,-0.001974528,,,
1786043810395052775,1786043810.394353218,/novatel/oem7/odom,/novatel/oem7/fix,/novatel/oem7/odom,39.663,-75.756,-1.802689866,0.001255108,-0.001974528,0.001255070,-0.000009666,-0.001974528,,,
1786043810406285579,1786043810.405778074,/novatel/oem7/inspva,/novatel/oem7/inspva,/novatel/oem7/inspva,39.663,-75.756,-1.802661810,0.001256606,-0.001671707,0.000184054,0.001243054,-0.001671707,,novatel_oem7_msgs.msg.InertialSolutionStatus(status=3),
1786043810407685876,1786043810.405921511,/novatel/oem7/fix,/novatel/oem7/fix,/novatel/oem7/inspva,39.663,-75.756,-1.802661810,0.001256606,-0.001671707,0.000184054,0.001243054,-0.001671707,,0,
1786043810408764924,1786043810.406709066,/novatel/oem7/odom,/novatel/oem7/fix,/novatel/oem7/odom,39.663,-75.756,-1.802661810,0.001263300,-0.001666655,0.001256829,0.000127698,-0.001666655,,,
1786043810410777397,1786043810.410033800,/novatel/oem7/bestpos,/novatel/oem7/bestpos,/novatel/oem7/odom,39.663,-75.756,33.179837140,0.001263300,-0.001666655,0.001256829,0.000127698,-0.001666655,,novatel_oem7_msgs.msg.SolutionStatus(status=0),novatel_oem7_msgs.msg.PositionOrVelocityType(type=53)
1786043810412249702,1786043810.410479541,/novatel/oem7/bestvel,/novatel/oem7/bestpos,/novatel/oem7/bestvel,39.663,-75.756,33.179837140,0.001680952,-0.001785626,,,,90.282575067,novatel_oem7_msgs.msg.SolutionStatus(status=0),novatel_oem7_msgs.msg.PositionOrVelocityType(type=53)
1786043810415355930,1786043810.414688967,/novatel/oem7/odom,/novatel/oem7/bestpos,/novatel/oem7/odom,39.663,-75.756,33.179837140,0.001263300,-0.001666655,0.001256829,0.000127698,-0.001666655,,,
1786043810425437892,1786043810.424880316,/novatel/oem7/inspva,/novatel/oem7/inspva,/novatel/oem7/inspva,39.663,-75.756,-1.802622619,0.001644793,-0.001846299,-0.000191491,0.001633608,-0.001846299,,novatel_oem7_msgs.msg.InertialSolutionStatus(status=3),
1786043810426834069,1786043810.425037768,/novatel/oem7/fix,/novatel/oem7/fix,/novatel/oem7/inspva,39.663,-75.756,-1.802622619,0.001644793,-0.001846299,-0.000191491,0.001633608,-0.001846299,,0,
1786043810427957781,1786043810.425515803,/novatel/oem7/odom,/novatel/oem7/fix,/novatel/oem7/odom,39.663,-75.756,-1.802622619,0.001650949,-0.001840797,0.001629399,-0.000265876,-0.001840797,,,
1786043810436108543,1786043810.435438239,/novatel/oem7/odom,/novatel/oem7/fix,/novatel/oem7/odom,39.663,-75.756,-1.802622619,0.001650949,-0.001840797,0.001629399,-0.000265876,-0.001840797,,,
1786043810445738123,1786043810.445208942,/novatel/oem7/inspva,/novatel/oem7/inspva,/novatel/oem7/inspva,39.663,-75.756,-1.802595223,0.001147253,-0.001658603,-0.000113482,0.001141626,-0.001658603,,novatel_oem7_msgs.msg.InertialSolutionStatus(status=3),
1786043810447093777,1786043810.445358826,/novatel/oem7/fix,/novatel/oem7/fix,/novatel/oem7/inspva,39.663,-75.756,-1.802595223,0.001147253,-0.001658603,-0.000113482,0.001141626,-0.001658603,,0,
1786043810448221562,1786043810.445977693,/novatel/oem7/odom,/novatel/oem7/fix,/novatel/oem7/odom,39.663,-75.756,-1.802595223,0.001152886,-0.001654692,0.001141078,-0.000164581,-0.001654692,,,
1786043810456954857,1786043810.456278974,/novatel/oem7/odom,/novatel/oem7/fix,/novatel/oem7/odom,39.663,-75.756,-1.802595223,0.001152886,-0.001654692,0.001141078,-0.000164581,-0.001654692,,,
1786043810466591021,1786043810.466051902,/novatel/oem7/inspva,/novatel/oem7/inspva,/novatel/oem7/inspva,39.663,-75.756,-1.802554311,0.001643687,-0.001792769,-0.000299485,0.001616173,-0.001792769,,novatel_oem7_msgs.msg.InertialSolutionStatus(status=3),
1786043810467903877,1786043810.466209074,/novatel/oem7/fix,/novatel/oem7/fix,/novatel/oem7/inspva,39.663,-75.756,-1.802554311,0.001643687,-0.001792769,-0.000299485,0.001616173,-0.001792769,,0,
1786043810468951035,1786043810.466650331,/novatel/oem7/odom,/novatel/oem7/fix,/novatel/oem7/odom,39.663,-75.756,-1.802554311,0.001649310,-0.001787596,0.001606577,-0.000373010,-0.001787596,,,
1786043810475080657,1786043810.474412500,/novatel/oem7/odom,/novatel/oem7/fix,/novatel/oem7/odom,39.663,-75.756,-1.802554311,0.001649310,-0.001787596,0.001606577,-0.000373010,-0.001787596,,,
1786043810485778948,1786043810.485237529,/novatel/oem7/inspva,/novatel/oem7/inspva,/novatel/oem7/inspva,39.663,-75.756,-1.802524840,0.001302502,-0.001466031,-0.000169741,0.001291395,-0.001466031,,novatel_oem7_msgs.msg.InertialSolutionStatus(status=3),
1786043810487135148,1786043810.485385711,/novatel/oem7/fix,/novatel/oem7/fix,/novatel/oem7/inspva,39.663,-75.756,-1.802524840,0.001302502,-0.001466031,-0.000169741,0.001291395,-0.001466031,,0,
1786043810488176306,1786043810.485958800,/novatel/oem7/odom,/novatel/oem7/fix,/novatel/oem7/odom,39.663,-75.756,-1.802524840,0.001307330,-0.001461728,0.001287205,-0.000228503,-0.001461728,,,
1786043810496055222,1786043810.495402435,/novatel/oem7/odom,/novatel/oem7/fix,/novatel/oem7/odom,39.663,-75.756,-1.802524840,0.001307330,-0.001461728,0.001287205,-0.000228503,-0.001461728,,,
1786043810506537844,1786043810.505999139,/novatel/oem7/inspva,/novatel/oem7/inspva,/novatel/oem7/inspva,39.663,-75.756,-1.802483249,0.001222532,-0.001527607,0.000036261,0.001221994,-0.001527607,,novatel_oem7_msgs.msg.InertialSolutionStatus(status=3),
1786043810507879925,1786043810.506140660,/novatel/oem7/fix,/novatel/oem7/fix,/novatel/oem7/inspva,39.663,-75.756,-1.802483249,0.001222532,-0.001527607,0.000036261,0.001221994,-0.001527607,,0,
1786043810508939119,1786043810.506598982,/novatel/oem7/odom,/novatel/oem7/fix,/novatel/oem7/odom,39.663,-75.756,-1.802483249,0.001228246,-0.001523017,0.001228096,-0.000019237,-0.001523017,,,
1786043810512995050,1786043810.512342886,/novatel/oem7/bestpos,/novatel/oem7/bestpos,/novatel/oem7/odom,39.663,-75.756,33.180011483,0.001228246,-0.001523017,0.001228096,-0.000019237,-0.001523017,,novatel_oem7_msgs.msg.SolutionStatus(status=0),novatel_oem7_msgs.msg.PositionOrVelocityType(type=53)
1786043810514799225,1786043810.512867431,/novatel/oem7/bestvel,/novatel/oem7/bestpos,/novatel/oem7/bestvel,39.663,-75.756,33.180011483,0.001430948,-0.001729325,,,,81.454365378,novatel_oem7_msgs.msg.SolutionStatus(status=0),novatel_oem7_msgs.msg.PositionOrVelocityType(type=53)
1786043810516669434,1786043810.515481712,/novatel/oem7/odom,/novatel/oem7/bestpos,/novatel/oem7/odom,39.663,-75.756,33.180011483,0.001228246,-0.001523017,0.001228096,-0.000019237,-0.001523017,,,
1786043810527010414,1786043810.526502606,/novatel/oem7/inspva,/novatel/oem7/inspva,/novatel/oem7/inspva,39.663,-75.756,-1.802460231,0.001586406,-0.001681232,-0.000246327,0.001567165,-0.001681232,,novatel_oem7_msgs.msg.InertialSolutionStatus(status=3),
1786043810528313734,1786043810.526649511,/novatel/oem7/fix,/novatel/oem7/fix,/novatel/oem7/inspva,39.663,-75.756,-1.802460231,0.001586406,-0.001681232,-0.000246327,0.001567165,-0.001681232,,0,
1786043810529400212,1786043810.527025669,/novatel/oem7/odom,/novatel/oem7/fix,/novatel/oem7/odom,39.663,-75.756,-1.802460231,0.001591837,-0.001676091,0.001559788,-0.000317815,-0.001676091,,,
1786043810535406366,1786043810.534756019,/novatel/oem7/odom,/novatel/oem7/fix,/novatel/oem7/odom,39.663,-75.756,-1.802460231,0.001591837,-0.001676091,0.001559788,-0.000317815,-0.001676091,,,
1786043810545403444,1786043810.544878692,/novatel/oem7/inspva,/novatel/oem7/inspva,/novatel/oem7/inspva,39.663,-75.756,-1.802419784,0.001416299,-0.001708617,-0.000079464,0.001414068,-0.001708617,,novatel_oem7_msgs.msg.InertialSolutionStatus(status=3),
1786043810546767664,1786043810.545041043,/novatel/oem7/fix,/novatel/oem7/fix,/novatel/oem7/inspva,39.663,-75.756,-1.802419784,0.001416299,-0.001708617,-0.000079464,0.001414068,-0.001708617,,0,
1786043810547855062,1786043810.545383806,/novatel/oem7/odom,/novatel/oem7/fix,/novatel/oem7/odom,39.663,-75.756,-1.802419784,0.001422328,-0.001703603,0.001415052,-0.000143685,-0.001703603,,,
1786043810556177789,1786043810.555539026,/novatel/oem7/odom,/novatel/oem7/fix,/novatel/oem7/odom,39.663,-75.756,-1.802419784,0.001422328,-0.001703603,0.001415052,-0.000143685,-0.001703603,,,
1786043810565710089,1786043810.565192974,/novatel/oem7/inspva,/novatel/oem7/inspva,/novatel/oem7/inspva,39.663,-75.756,-1.802393152,0.001311649,-0.001396515,0.000057283,0.001310398,-0.001396515,,novatel_oem7_msgs.msg.InertialSolutionStatus(status=3),
1786043810567036679,1786043810.565333938,/novatel/oem7/fix,/novatel/oem7/fix,/novatel/oem7/inspva,39.663,-75.756,-1.802393152,0.001311649,-0.001396515,0.000057283,0.001310398,-0.001396515,,0,
1786043810568125160,1786043810.565891905,/novatel/oem7/odom,/novatel/oem7/fix,/novatel/oem7/odom,39.663,-75.756,-1.802393152,0.001316904,-0.001391560,0.001316901,-0.000002841,-0.001391560,,,
1786043810575481798,1786043810.574811274,/novatel/oem7/odom,/novatel/oem7/fix,/novatel/oem7/odom,39.663,-75.756,-1.802393152,0.001316904,-0.001391560,0.001316901,-0.000002841,-0.001391560,,,
1786043810586355827,1786043810.585847335,/novatel/oem7/inspva,/novatel/oem7/inspva,/novatel/oem7/inspva,39.663,-75.756,-1.802355119,0.001187365,-0.001516185,-0.000094736,0.001183579,-0.001516185,,novatel_oem7_msgs.msg.InertialSolutionStatus(status=3),
1786043810587735631,1786043810.585995430,/novatel/oem7/fix,/novatel/oem7/fix,/novatel/oem7/inspva,39.663,-75.756,-1.802355119,0.001187365,-0.001516185,-0.000094736,0.001183579,-0.001516185,,0,
1786043810588791758,1786043810.586259590,/novatel/oem7/odom,/novatel/oem7/fix,/novatel/oem7/odom,39.663,-75.756,-1.802355119,0.001192594,-0.001512076,0.001183342,-0.000148265,-0.001512076,,,
1786043810595145306,1786043810.594450742,/novatel/oem7/odom,/novatel/oem7/fix,/novatel/oem7/odom,39.663,-75.756,-1.802355119,0.001192594,-0.001512076,0.001183342,-0.000148265,-0.001512076,,,
1786043810606722789,1786043810.606190534,/novatel/oem7/inspva,/novatel/oem7/inspva,/novatel/oem7/inspva,39.663,-75.756,-1.802331396,0.001327229,-0.001566159,0.000049105,0.001326320,-0.001566159,,novatel_oem7_msgs.msg.InertialSolutionStatus(status=3),
1786043810608090933,1786043810.606339069,/novatel/oem7/fix,/novatel/oem7/fix,/novatel/oem7/inspva,39.663,-75.756,-1.802331396,0.001327229,-0.001566159,0.000049105,0.001326320,-0.001566159,,0,
1786043810609182334,1786043810.606889215,/novatel/oem7/odom,/novatel/oem7/fix,/novatel/oem7/odom,39.663,-75.756,-1.802331396,0.001333111,-0.001561155,0.001333063,-0.000011391,-0.001561155,,,
1786043810610834578,1786043810.610058920,/novatel/oem7/bestpos,/novatel/oem7/bestpos,/novatel/oem7/odom,39.663,-75.756,33.180166581,0.001333111,-0.001561155,0.001333063,-0.000011391,-0.001561155,,novatel_oem7_msgs.msg.SolutionStatus(status=0),novatel_oem7_msgs.msg.PositionOrVelocityType(type=53)
1786043810612285432,1786043810.610378576,/novatel/oem7/bestvel,/novatel/oem7/bestpos,/novatel/oem7/bestvel,39.663,-75.756,33.180166581,0.001359421,-0.001544667,,,,90.726700359,novatel_oem7_msgs.msg.SolutionStatus(status=0),novatel_oem7_msgs.msg.PositionOrVelocityType(type=53)
1786043810616066307,1786043810.615427146,/novatel/oem7/odom,/novatel/oem7/bestpos,/novatel/oem7/odom,39.663,-75.756,33.180166581,0.001333111,-0.001561155,0.001333063,-0.000011391,-0.001561155,,,
1786043810625676288,1786043810.625142449,/novatel/oem7/inspva,/novatel/oem7/inspva,/novatel/oem7/inspva,39.663,-75.756,-1.802293686,0.001187215,-0.001611867,0.000119113,0.001181224,-0.001611867,,novatel_oem7_msgs.msg.InertialSolutionStatus(status=3),
1786043810627030955,1786043810.625327797,/novatel/oem7/fix,/novatel/oem7/fix,/novatel/oem7/inspva,39.663,-75.756,-1.802293686,0.001187215,-0.001611867,0.000119113,0.001181224,-0.001611867,,0,
1786043810628132703,1786043810.625722601,/novatel/oem7/odom,/novatel/oem7/fix,/novatel/oem7/odom,39.663,-75.756,-1.802293686,0.001193499,-0.001607219,0.001191691,0.000065680,-0.001607219,,,
1786043810635112453,1786043810.634449853,/novatel/oem7/odom,/novatel/oem7/fix,/novatel/oem7/odom,39.663,-75.756,-1.802293686,0.001193499,-0.001607219,0.001191691,0.000065680,-0.001607219,,,
1786043810647170908,1786043810.646648056,/novatel/oem7/inspva,/novatel/oem7/inspva,/novatel/oem7/inspva,39.663,-75.756,-1.802271738,0.001526570,-0.001483752,-0.000047310,0.001525836,-0.001483752,,novatel_oem7_msgs.msg.InertialSolutionStatus(status=3),
1786043810648566026,1786043810.646827164,/novatel/oem7/fix,/novatel/oem7/fix,/novatel/oem7/inspva,39.663,-75.756,-1.802271738,0.001526570,-0.001483752,-0.000047310,0.001525836,-0.001483752,,0,
1786043810649648480,1786043810.647205688,/novatel/oem7/odom,/novatel/oem7/fix,/novatel/oem7/odom,39.663,-75.756,-1.802271738,0.001531875,-0.001478274,0.001527360,-0.000117534,-0.001478274,,,
1786043810657164786,1786043810.656525352,/novatel/oem7/odom,/novatel/oem7/fix,/novatel/oem7/odom,39.663,-75.756,-1.802271738,0.001531875,-0.001478274,0.001527360,-0.000117534,-0.001478274,,,
1786043810665684065,1786043810.665171580,/novatel/oem7/inspva,/novatel/oem7/inspva,/novatel/oem7/inspva,39.663,-75.756,-1.802232826,0.001370952,-0.001473655,-0.000264303,0.001345234,-0.001473655,,novatel_oem7_msgs.msg.InertialSolutionStatus(status=3),
1786043810667001192,1786043810.665341551,/novatel/oem7/fix,/novatel/oem7/fix,/novatel/oem7/inspva,39.663,-75.756,-1.802232826,0.001370952,-0.001473655,-0.000264303,0.001345234,-0.001473655,,0,
1786043810668083529,1786043810.665662298,/novatel/oem7/odom,/novatel/oem7/fix,/novatel/oem7/odom,39.663,-75.756,-1.802232826,0.001375521,-0.001469392,0.001336435,-0.000325576,-0.001469392,,,
1786043810676234595,1786043810.675569255,/novatel/oem7/odom,/novatel/oem7/fix,/novatel/oem7/odom,39.663,-75.756,-1.802232826,0.001375521,-0.001469392,0.001336435,-0.000325576,-0.001469392,,,
1786043810685948773,1786043810.685403584,/novatel/oem7/inspva,/novatel/oem7/inspva,/novatel/oem7/inspva,39.663,-75.756,-1.802208765,0.001610916,-0.001424165,-0.000004215,0.001610910,-0.001424165,,novatel_oem7_msgs.msg.InertialSolutionStatus(status=3),
1786043810687326733,1786043810.685625503,/novatel/oem7/fix,/novatel/oem7/fix,/novatel/oem7/inspva,39.663,-75.756,-1.802208765,0.001610916,-0.001424165,-0.000004215,0.001610910,-0.001424165,,0,
1786043810688409128,1786043810.686225192,/novatel/oem7/odom,/novatel/oem7/fix,/novatel/oem7/odom,39.663,-75.756,-1.802208765,0.001616088,-0.001418293,0.001614168,-0.000078754,-0.001418293,,,
1786043810695519156,1786043810.694863861,/novatel/oem7/odom,/novatel/oem7/fix,/novatel/oem7/odom,39.663,-75.756,-1.802208765,0.001616088,-0.001418293,0.001614168,-0.000078754,-0.001418293,,,
1786043810706291629,1786043810.705766770,/novatel/oem7/inspva,/novatel/oem7/inspva,/novatel/oem7/inspva,39.663,-75.756,-1.802167782,0.001250095,-0.001344015,-0.000378744,0.001191339,-0.001344015,,novatel_oem7_msgs.msg.InertialSolutionStatus(status=3),
1786043810707695656,1786043810.705928071,/novatel/oem7/fix,/novatel/oem7/fix,/novatel/oem7/inspva,39.663,-75.756,-1.802167782,0.001250095,-0.001344015,-0.000378744,0.001191339,-0.001344015,,0,
1786043810708767477,1786043810.706413010,/novatel/oem7/odom,/novatel/oem7/fix,/novatel/oem7/odom,39.663,-75.756,-1.802167782,0.001253723,-0.001340631,0.001176677,-0.000432727,-0.001340631,,,
1786043810710344256,1786043810.708870531,/novatel/oem7/bestpos,/novatel/oem7/bestpos,/novatel/oem7/odom,39.663,-75.756,33.180334866,0.001253723,-0.001340631,0.001176677,-0.000432727,-0.001340631,,novatel_oem7_msgs.msg.SolutionStatus(status=0),novatel_oem7_msgs.msg.PositionOrVelocityType(type=53)
1786043810711304346,1786043810.709201711,/novatel/oem7/bestvel,/novatel/oem7/bestpos,/novatel/oem7/bestvel,39.663,-75.756,33.180334866,0.000909683,-0.001195700,,,,111.238884856,novatel_oem7_msgs.msg.SolutionStatus(status=0),novatel_oem7_msgs.msg.PositionOrVelocityType(type=53)
1786043810715255252,1786043810.714559825,/novatel/oem7/odom,/novatel/oem7/bestpos,/novatel/oem7/odom,39.663,-75.756,33.180334866,0.001253723,-0.001340631,0.001176677,-0.000432727,-0.001340631,,,
1786043810725859899,1786043810.725333651,/novatel/oem7/inspva,/novatel/oem7/inspva,/novatel/oem7/inspva,39.663,-75.756,-1.802145848,0.001392199,-0.001489591,0.000249285,0.001369699,-0.001489591,,novatel_oem7_msgs.msg.InertialSolutionStatus(status=3),
1786043810727202246,1786043810.725498266,/novatel/oem7/fix,/novatel/oem7/fix,/novatel/oem7/inspva,39.663,-75.756,-1.802145848,0.001392199,-0.001489591,0.000249285,0.001369699,-0.001489591,,0,
1786043810728300134,1786043810.726094455,/novatel/oem7/odom,/novatel/oem7/fix,/novatel/oem7/odom,39.663,-75.756,-1.802145848,0.001398215,-0.001483945,0.001385754,0.000186260,-0.001483945,,,
1786043810736216077,1786043810.735557734,/novatel/oem7/odom,/novatel/oem7/fix,/novatel/oem7/odom,39.663,-75.756,-1.802145848,0.001398215,-0.001483945,0.001385754,0.000186260,-0.001483945,,,
1786043810745863165,1786043810.745329703,/novatel/oem7/inspva,/novatel/oem7/inspva,/novatel/oem7/inspva,39.663,-75.756,-1.802106679,0.000748055,-0.001223430,-0.000121183,0.000738174,-0.001223430,,novatel_oem7_msgs.msg.InertialSolutionStatus(status=3),
1786043810747308706,1786043810.745498261,/novatel/oem7/fix,/novatel/oem7/fix,/novatel/oem7/inspva,39.663,-75.756,-1.802106679,0.000748055,-0.001223430,-0.000121183,0.000738174,-0.001223430,,0,
1786043810748445714,1786043810.745862068,/novatel/oem7/odom,/novatel/oem7/fix,/novatel/oem7/odom,39.663,-75.756,-1.802106679,0.000751956,-0.001221036,0.000736051,-0.000153839,-0.001221036,,,
1786043810756306597,1786043810.755641623,/novatel/oem7/odom,/novatel/oem7/fix,/novatel/oem7/odom,39.663,-75.756,-1.802106679,0.000751956,-0.001221036,0.000736051,-0.000153839,-0.001221036,,,
1786043810767255194,1786043810.766708182,/novatel/oem7/inspva,/novatel/oem7/inspva,/novatel/oem7/inspva,39.663,-75.756,-1.802089772,0.001157553,-0.001640351,-0.000010995,0.001157501,-0.001640351,,novatel_oem7_msgs.msg.InertialSolutionStatus(status=3),
1786043810768618898,1786043810.766848817,/novatel/oem7/fix,/novatel/oem7/fix,/novatel/oem7/inspva,39.663,-75.756,-1.802089772,0.001157553,-0.001640351,-0.000010995,0.001157501,-0.001640351,,0,
1786043810769695975,1786043810.767193096,/novatel/oem7/odom,/novatel/oem7/fix,/novatel/oem7/odom,39.663,-75.756,-1.802089772,0.001163469,-0.001636161,0.001161758,-0.000063073,-0.001636161,,,
1786043810776200318,1786043810.775548585,/novatel/oem7/odom,/novatel/oem7/fix,/novatel/oem7/odom,39.663,-75.756,-1.802089772,0.001163469,-0.001636161,0.001161758,-0.000063073,-0.001636161,,,
1786043810785635206,1786043810.785109321,/novatel/oem7/inspva,/novatel/oem7/inspva,/novatel/oem7/inspva,39.663,-75.756,-1.802050657,0.000780908,-0.001167266,-0.000312847,0.000715503,-0.001167266,,novatel_oem7_msgs.msg.InertialSolutionStatus(status=3),
1786043810786949510,1786043810.785253979,/novatel/oem7/fix,/novatel/oem7/fix,/novatel/oem7/inspva,39.663,-75.756,-1.802050657,0.000780908,-0.001167266,-0.000312847,0.000715503,-0.001167266,,0,
1786043810788057985,1786043810.785621101,/novatel/oem7/odom,/novatel/oem7/fix,/novatel/oem7/odom,39.663,-75.756,-1.802050657,0.000783605,-0.001165457,0.000703909,-0.000344311,-0.001165457,,,
1786043810795996221,1786043810.795337578,/novatel/oem7/odom,/novatel/oem7/fix,/novatel/oem7/odom,39.663,-75.756,-1.802050657,0.000783605,-0.001165457,0.000703909,-0.000344311,-0.001165457,,,
1786043810806987392,1786043810.806431090,/novatel/oem7/inspva,/novatel/oem7/inspva,/novatel/oem7/inspva,39.663,-75.756,-1.802032191,0.001126178,-0.001363576,-0.000253869,0.001097191,-0.001363576,,novatel_oem7_msgs.msg.InertialSolutionStatus(status=3),
1786043810808383646,1786043810.806689079,/novatel/oem7/fix,/novatel/oem7/fix,/novatel/oem7/inspva,39.663,-75.756,-1.802032191,0.001126178,-0.001363576,-0.000253869,0.001097191,-0.001363576,,0,
1786043810809445657,1786043810.807035679,/novatel/oem7/odom,/novatel/oem7/fix,/novatel/oem7/odom,39.663,-75.756,-1.802032191,0.001130211,-0.001360234,0.001088723,-0.000303412,-0.001360234,,,
1786043810811051800,1786043810.810185718,/novatel/oem7/bestpos,/novatel/oem7/bestpos,/novatel/oem7/odom,39.663,-75.756,33.180482362,0.001130211,-0.001360234,0.001088723,-0.000303412,-0.001360234,,novatel_oem7_msgs.msg.SolutionStatus(status=0),novatel_oem7_msgs.msg.PositionOrVelocityType(type=53)
1786043810812568608,1786043810.810625246,/novatel/oem7/bestvel,/novatel/oem7/bestpos,/novatel/oem7/bestvel,39.663,-75.756,33.180482362,0.001008705,-0.000956445,,,,130.823014966,novatel_oem7_msgs.msg.SolutionStatus(status=0),novatel_oem7_msgs.msg.PositionOrVelocityType(type=53)
1786043810815544805,1786043810.814900728,/novatel/oem7/odom,/novatel/oem7/bestpos,/novatel/oem7/odom,39.663,-75.756,33.180482362,0.001130211,-0.001360234,0.001088723,-0.000303412,-0.001360234,,,
1786043810826453149,1786043810.825904393,/novatel/oem7/inspva,/novatel/oem7/inspva,/novatel/oem7/inspva,39.663,-75.756,-1.801997269,0.000855447,-0.001257018,-0.000616522,0.000593035,-0.001257018,,novatel_oem7_msgs.msg.InertialSolutionStatus(status=3),
1786043810827844756,1786043810.826151645,/novatel/oem7/fix,/novatel/oem7/fix,/novatel/oem7/inspva,39.663,-75.756,-1.801997269,0.000855447,-0.001257018,-0.000616522,0.000593035,-0.001257018,,0,
1786043810828881647,1786043810.826471129,/novatel/oem7/odom,/novatel/oem7/fix,/novatel/oem7/odom,39.663,-75.756,-1.801997269,0.000856318,-0.001256425,0.000567233,-0.000641503,-0.001256425,,,
1786043810835210004,1786043810.834551213,/novatel/oem7/odom,/novatel/oem7/fix,/novatel/oem7/odom,39.663,-75.756,-1.801997269,0.000856318,-0.001256425,0.000567233,-0.000641503,-0.001256425,,,
1786043810845823398,1786043810.845252852,/novatel/oem7/inspva,/novatel/oem7/inspva,/novatel/oem7/inspva,39.663,-75.756,-1.801976876,0.001267998,-0.001009451,-0.000541498,0.001146559,-0.001009451,,novatel_oem7_msgs.msg.InertialSolutionStatus(status=3),
1786043810847187972,1786043810.845432794,/novatel/oem7/fix,/novatel/oem7/fix,/novatel/oem7/inspva,39.663,-75.756,-1.801976876,0.001267998,-0.001009451,-0.000541498,0.001146559,-0.001009451,,0,
1786043810848310149,1786043810.846022643,/novatel/oem7/odom,/novatel/oem7/fix,/novatel/oem7/odom,39.663,-75.756,-1.801976876,0.001270216,-0.001006658,0.001122806,-0.000593932,-0.001006658,,,
1786043810856954327,1786043810.856278380,/novatel/oem7/odom,/novatel/oem7/fix,/novatel/oem7/odom,39.663,-75.756,-1.801976876,0.001270216,-0.001006658,0.001122806,-0.000593932,-0.001006658,,,
1786043810866417386,1786043810.865922261,/novatel/oem7/inspva,/novatel/oem7/inspva,/novatel/oem7/inspva,39.663,-75.756,-1.801942430,0.000767715,-0.000861144,-0.000464670,0.000611120,-0.000861144,,novatel_oem7_msgs.msg.InertialSolutionStatus(status=3),
1786043810867838130,1786043810.866065453,/novatel/oem7/fix,/novatel/oem7/fix,/novatel/oem7/inspva,39.663,-75.756,-1.801942430,0.000767715,-0.000861144,-0.000464670,0.000611120,-0.000861144,,0,
1786043810868904687,1786043810.866495840,/novatel/oem7/odom,/novatel/oem7/fix,/novatel/oem7/odom,39.663,-75.756,-1.801942430,0.000768884,-0.000860101,0.000591155,-0.000491649,-0.000860101,,,
1786043810875020136,1786043810.874290665,/novatel/oem7/odom,/novatel/oem7/fix,/novatel/oem7/odom,39.663,-75.756,-1.801942430,0.000768884,-0.000860101,0.000591155,-0.000491649,-0.000860101,,,
1786043810886653907,1786043810.886154589,/novatel/oem7/inspva,/novatel/oem7/inspva,/novatel/oem7/inspva,39.663,-75.756,-1.801928678,0.001000924,-0.001305558,-0.000686037,0.000728835,-0.001305558,,novatel_oem7_msgs.msg.InertialSolutionStatus(status=3),
1786043810888010254,1786043810.886294680,/novatel/oem7/fix,/novatel/oem7/fix,/novatel/oem7/inspva,39.663,-75.756,-1.801928678,0.001000924,-0.001305558,-0.000686037,0.000728835,-0.001305558,,0,
1786043810889030294,1786043810.886928553,/novatel/oem7/odom,/novatel/oem7/fix,/novatel/oem7/odom,39.663,-75.756,-1.801928678,0.001002122,-0.001304638,0.000699699,-0.000717405,-0.001304638,,,
1786043810895568430,1786043810.894946682,/novatel/oem7/odom,/novatel/oem7/fix,/novatel/oem7/odom,39.663,-75.756,-1.801928678,0.001002122,-0.001304638,0.000699699,-0.000717405,-0.001304638,,,
1786043810906116227,1786043810.905598025,/novatel/oem7/inspva,/novatel/oem7/inspva,/novatel/oem7/inspva,39.663,-75.756,-1.801894076,0.001004690,-0.001274459,-0.000714950,0.000705867,-0.001274459,,novatel_oem7_msgs.msg.InertialSolutionStatus(status=3),
1786043810907528598,1786043810.905750080,/novatel/oem7/fix,/novatel/oem7/fix,/novatel/oem7/inspva,39.663,-75.756,-1.801894076,0.001004690,-0.001274459,-0.000714950,0.000705867,-0.001274459,,0,
1786043810908589218,1786043810.906302305,/novatel/oem7/odom,/novatel/oem7/fix,/novatel/oem7/odom,39.663,-75.756,-1.801894076,0.001005638,-0.001273711,0.000675233,-0.000745231,-0.001273711,,,
1786043810910128174,1786043810.909218871,/novatel/oem7/bestpos,/novatel/oem7/bestpos,/novatel/oem7/odom,39.663,-75.756,33.180613295,0.001005638,-0.001273711,0.000675233,-0.000745231,-0.001273711,,novatel_oem7_msgs.msg.SolutionStatus(status=0),novatel_oem7_msgs.msg.PositionOrVelocityType(type=53)
1786043810911542542,1786043810.909605638,/novatel/oem7/bestvel,/novatel/oem7/bestpos,/novatel/oem7/bestvel,39.663,-75.756,33.180613295,0.000724348,-0.001027729,,,,163.625022062,novatel_oem7_msgs.msg.SolutionStatus(status=0),novatel_oem7_msgs.msg.PositionOrVelocityType(type=53)
1786043810916060220,1786043810.915427884,/novatel/oem7/odom,/novatel/oem7/bestpos,/novatel/oem7/odom,39.663,-75.756,33.180613295,0.001005638,-0.001273711,0.000675233,-0.000745231,-0.001273711,,,
1786043810925914177,1786043810.925401778,/novatel/oem7/inspva,/novatel/oem7/inspva,/novatel/oem7/inspva,39.663,-75.756,-1.801874691,0.001183313,-0.000729056,-0.001071913,0.000501231,-0.000729056,,novatel_oem7_msgs.msg.InertialSolutionStatus(status=3),
1786043810927315007,1786043810.925560070,/novatel/oem7/fix,/novatel/oem7/fix,/novatel/oem7/inspva,39.663,-75.756,-1.801874691,0.001183313,-0.000729056,-0.001071913,0.000501231,-0.000729056,,0,
1786043810928369688,1786043810.926109999,/novatel/oem7/odom,/novatel/oem7/fix,/novatel/oem7/odom,39.663,-75.756,-1.801874691,0.001182756,-0.000729958,0.000451523,-0.001093179,-0.000729958,,,
1786043810935497194,1786043810.934847933,/novatel/oem7/odom,/novatel/oem7/fix,/novatel/oem7/odom,39.663,-75.756,-1.801874691,0.001182756,-0.000729958,0.000451523,-0.001093179,-0.000729958,,,
1786043810945585262,1786043810.944919489,/novatel/oem7/inspva,/novatel/oem7/inspva,/novatel/oem7/inspva,39.663,-75.756,-1.801844887,0.001505755,-0.000999664,-0.001125030,0.001000802,-0.000999664,,novatel_oem7_msgs.msg.InertialSolutionStatus(status=3),
1786043810947506535,1786043810.945112541,/novatel/oem7/fix,/novatel/oem7/fix,/novatel/oem7/inspva,39.663,-75.756,-1.801844887,0.001505755,-0.000999664,-0.001125030,0.001000802,-0.000999664,,0,
1786043810948965053,1786043810.945499615,/novatel/oem7/odom,/novatel/oem7/fix,/novatel/oem7/odom,39.663,-75.756,-1.801844887,0.001506269,-0.000998888,0.000948946,-0.001169764,-0.000998888,,,
1786043810956902813,1786043810.956064734,/novatel/oem7/odom,/novatel/oem7/fix,/novatel/oem7/odom,39.663,-75.756,-1.801844887,0.001506269,-0.000998888,0.000948946,-0.001169764,-0.000998888,,,
1786043810965977712,1786043810.965274168,/novatel/oem7/inspva,/novatel/oem7/inspva,/novatel/oem7/inspva,39.663,-75.756,-1.801828592,0.001139216,-0.000916734,-0.001070100,0.000390766,-0.000916734,,novatel_oem7_msgs.msg.InertialSolutionStatus(status=3),
1786043810967672022,1786043810.965479747,/novatel/oem7/fix,/novatel/oem7/fix,/novatel/oem7/inspva,39.663,-75.756,-1.801828592,0.001139216,-0.000916734,-0.001070100,0.000390766,-0.000916734,,0,
1786043810968866584,1786043810.966069921,/novatel/oem7/odom,/novatel/oem7/fix,/novatel/oem7/odom,39.663,-75.756,-1.801828592,0.001138175,-0.000918026,0.000341981,-0.001085583,-0.000918026,,,
1786043810975705363,1786043810.974830464,/novatel/oem7/odom,/novatel/oem7/fix,/novatel/oem7/odom,39.663,-75.756,-1.801828592,0.001138175,-0.000918026,0.000341981,-0.001085583,-0.000918026,,,
1786043810986746651,1786043810.986026337,/novatel/oem7/inspva,/novatel/oem7/inspva,/novatel/oem7/inspva,39.663,-75.756,-1.801798663,0.001067449,-0.001025591,-0.000840607,0.000657897,-0.001025591,,novatel_oem7_msgs.msg.InertialSolutionStatus(status=3),
1786043810988381461,1786043810.986264896,/novatel/oem7/fix,/novatel/oem7/fix,/novatel/oem7/inspva,39.663,-75.756,-1.801798663,0.001067449,-0.001025591,-0.000840607,0.000657897,-0.001025591,,0,
1786043810989673927,1786043810.986619481,/novatel/oem7/odom,/novatel/oem7/fix,/novatel/oem7/odom,39.663,-75.756,-1.801798663,0.001067690,-0.001025340,0.000620290,-0.000869024,-0.001025340,,,
1786043810995171959,1786043810.994323941,/novatel/oem7/odom,/novatel/oem7/fix,/novatel/oem7/odom,39.663,-75.756,-1.801798663,0.001067690,-0.001025340,0.000620290,-0.000869024,-0.001025340,,,
1786043811011184411,1786043811.010157668,/novatel/oem7/inspva,/novatel/oem7/inspva,/novatel/oem7/inspva,39.663,-75.756,-1.801783779,0.001410091,-0.000871371,-0.001284075,0.000582673,-0.000871371,,novatel_oem7_msgs.msg.InertialSolutionStatus(status=3),
1786043811013219572,1786043811.010450197,/novatel/oem7/fix,/novatel/oem7/fix,/novatel/oem7/inspva,39.663,-75.756,-1.801783779,0.001410091,-0.000871371,-0.001284075,0.000582673,-0.000871371,,0,
1786043811014652099,1786043811.011728667,/novatel/oem7/odom,/novatel/oem7/fix,/novatel/oem7/odom,39.663,-75.756,-1.801783779,0.001409377,-0.000872525,0.000523122,-0.001308697,-0.000872525,,,
1786043811017500795,1786043811.016796985,/novatel/oem7/odom,/novatel/oem7/fix,/novatel/oem7/odom,39.663,-75.756,-1.801783779,0.001409377,-0.000872525,0.000523122,-0.001308697,-0.000872525,,,
1786043811026258280,1786043811.025515799,/novatel/oem7/bestpos,/novatel/oem7/bestpos,/novatel/oem7/odom,39.663,-75.756,33.180733275,0.001409377,-0.000872525,0.000523122,-0.001308697,-0.000872525,,novatel_oem7_msgs.msg.SolutionStatus(status=0),novatel_oem7_msgs.msg.PositionOrVelocityType(type=53)
1786043811027936677,1786043811.026462329,/novatel/oem7/bestvel,/novatel/oem7/bestpos,/novatel/oem7/bestvel,39.663,-75.756,33.180733275,0.001170224,-0.000816844,,,,164.970752378,novatel_oem7_msgs.msg.SolutionStatus(status=0),novatel_oem7_msgs.msg.PositionOrVelocityType(type=53)
1786043811028952081,1786043811.027016554,/novatel/oem7/inspva,/novatel/oem7/inspva,/novatel/oem7/inspva,39.663,-75.756,-1.801756597,0.001082504,-0.001134229,-0.000821935,0.000704441,-0.001134229,,novatel_oem7_msgs.msg.InertialSolutionStatus(status=3),
1786043811029791076,1786043811.027187796,/novatel/oem7/fix,/novatel/oem7/fix,/novatel/oem7/inspva,39.663,-75.756,-1.801756597,0.001082504,-0.001134229,-0.000821935,0.000704441,-0.001134229,,0,
1786043811031361565,1786043811.027789942,/novatel/oem7/odom,/novatel/oem7/fix,/novatel/oem7/odom,39.663,-75.756,-1.801756597,0.001082989,-0.001133766,0.000668090,-0.000852362,-0.001133766,,,
1786043811035519287,1786043811.034602151,/novatel/oem7/odom,/novatel/oem7/fix,/novatel/oem7/odom,39.663,-75.756,-1.801756597,0.001082989,-0.001133766,0.000668090,-0.000852362,-0.001133766,,,
1786043811047811918,1786043811.046851948,/novatel/oem7/inspva,/novatel/oem7/inspva,/novatel/oem7/inspva,39.663,-75.756,-1.801733920,0.001447538,-0.000654974,-0.001372667,0.000459511,-0.000654974,,novatel_oem7_msgs.msg.InertialSolutionStatus(status=3),
1786043811049663227,1786043811.047180992,/novatel/oem7/fix,/novatel/oem7/fix,/novatel/oem7/inspva,39.663,-75.756,-1.801733920,0.001447538,-0.000654974,-0.001372667,0.000459511,-0.000654974,,0,
1786043811051224403,1786043811.047585046,/novatel/oem7/odom,/novatel/oem7/fix,/novatel/oem7/odom,39.663,-75.756,-1.801733920,0.001446707,-0.000656808,0.000395018,-0.001391733,-0.000656808,,,
1786043811057891516,1786043811.056927780,/novatel/oem7/odom,/novatel/oem7/fix,/novatel/oem7/odom,39.663,-75.756,-1.801733920,0.001446707,-0.000656808,0.000395018,-0.001391733,-0.000656808,,,
1786043811066039439,1786043811.065101266,/novatel/oem7/inspva,/novatel/oem7/inspva,/novatel/oem7/inspva,39.663,-75.756,-1.801726542,0.001263734,-0.000745062,-0.000963632,0.000817579,-0.000745062,,novatel_oem7_msgs.msg.InertialSolutionStatus(status=3),
1786043811067959702,1786043811.065283831,/novatel/oem7/fix,/novatel/oem7/fix,/novatel/oem7/inspva,39.663,-75.756,-1.801726542,0.001263734,-0.000745062,-0.000963632,0.000817579,-0.000745062,,0,
1786043811069210851,1786043811.065884861,/novatel/oem7/odom,/novatel/oem7/fix,/novatel/oem7/odom,39.663,-75.756,-1.801726542,0.001264037,-0.000744548,0.000772792,-0.001000291,-0.000744548,,,
1786043811076526741,1786043811.075186431,/novatel/oem7/odom,/novatel/oem7/fix,/novatel/oem7/odom,39.663,-75.756,-1.801726542,0.001264037,-0.000744548,0.000772792,-0.001000291,-0.000744548,,,
1786043811086378084,1786043811.085379424,/novatel/oem7/inspva,/novatel/oem7/inspva,/novatel/oem7/inspva,39.663,-75.756,-1.801723089,0.001440221,-0.001094697,-0.001306926,0.000605129,-0.001094697,,novatel_oem7_msgs.msg.InertialSolutionStatus(status=3),
1786043811088645437,1786043811.085601613,/novatel/oem7/fix,/novatel/oem7/fix,/novatel/oem7/inspva,39.663,-75.756,-1.801723089,0.001440221,-0.001094697,-0.001306926,0.000605129,-0.001094697,,0,
1786043811090329984,1786043811.086167732,/novatel/oem7/odom,/novatel/oem7/fix,/novatel/oem7/odom,39.663,-75.756,-1.801723089,0.001439355,-0.001095836,0.000545285,-0.001332068,-0.001095836,,,
1786043811095985188,1786043811.095088199,/novatel/oem7/odom,/novatel/oem7/fix,/novatel/oem7/odom,39.663,-75.756,-1.801723089,0.001439355,-0.001095836,0.000545285,-0.001332068,-0.001095836,,,
1786043811106972622,1786043811.105910145,/novatel/oem7/inspva,/novatel/oem7/inspva,/novatel/oem7/inspva,39.663,-75.756,-1.801712896,0.001140453,-0.001115861,-0.000954471,0.000624195,-0.001115861,,novatel_oem7_msgs.msg.InertialSolutionStatus(status=3),
1786043811108637619,1786043811.106113953,/novatel/oem7/fix,/novatel/oem7/fix,/novatel/oem7/inspva,39.663,-75.756,-1.801712896,0.001140453,-0.001115861,-0.000954471,0.000624195,-0.001115861,,0,
1786043811109949539,1786043811.106614572,/novatel/oem7/odom,/novatel/oem7/fix,/novatel/oem7/odom,39.663,-75.756,-1.801712896,0.001140283,-0.001116034,0.000581448,-0.000980899,-0.001116034,,,
1786043811111654729,1786043811.109580805,/novatel/oem7/bestpos,/novatel/oem7/bestpos,/novatel/oem7/odom,39.663,-75.756,33.180790737,0.001140283,-0.001116034,0.000581448,-0.000980899,-0.001116034,,novatel_oem7_msgs.msg.SolutionStatus(status=0),novatel_oem7_msgs.msg.PositionOrVelocityType(type=53)
1786043811112688627,1786043811.110221199,/novatel/oem7/bestvel,/novatel/oem7/bestpos,/novatel/oem7/bestvel,39.663,-75.756,33.180790737,0.000656443,-0.001109839,,,,159.497089638,novatel_oem7_msgs.msg.SolutionStatus(status=0),novatel_oem7_msgs.msg.PositionOrVelocityType(type=53)
1786043811115133331,1786043811.114325853,/novatel/oem7/odom,/novatel/oem7/bestpos,/novatel/oem7/odom,39.663,-75.756,33.180790737,0.001140283,-0.001116034,0.000581448,-0.000980899,-0.001116034,,,
1786043811125850259,1786043811.124989431,/novatel/oem7/inspva,/novatel/oem7/inspva,/novatel/oem7/inspva,39.663,-75.756,-1.801705122,0.001540776,-0.000710157,-0.001348278,0.000745746,-0.000710157,,novatel_oem7_msgs.msg.InertialSolutionStatus(status=3),
1786043811127405012,1786043811.125165456,/novatel/oem7/fix,/novatel/oem7/fix,/novatel/oem7/inspva,39.663,-75.756,-1.801705122,0.001540776,-0.000710157,-0.001348278,0.000745746,-0.000710157,,0,
1786043811128640021,1786043811.125616184,/novatel/oem7/odom,/novatel/oem7/fix,/novatel/oem7/odom,39.663,-75.756,-1.801705122,0.001540425,-0.000710918,0.000682292,-0.001381082,-0.000710918,,,
1786043811136841857,1786043811.135627741,/novatel/oem7/odom,/novatel/oem7/fix,/novatel/oem7/odom,39.663,-75.756,-1.801705122,0.001540425,-0.000710918,0.000682292,-0.001381082,-0.000710918,,,
1786043811146086687,1786043811.145015126,/novatel/oem7/inspva,/novatel/oem7/inspva,/novatel/oem7/inspva,39.663,-75.756,-1.801699478,0.001557058,-0.000924474,-0.001107450,0.001094524,-0.000924474,,novatel_oem7_msgs.msg.InertialSolutionStatus(status=3),
1786043811148236159,1786043811.145249659,/novatel/oem7/fix,/novatel/oem7/fix,/novatel/oem7/inspva,39.663,-75.756,-1.801699478,0.001557058,-0.000924474,-0.001107450,0.001094524,-0.000924474,,0,
1786043811149940626,1786043811.145814781,/novatel/oem7/odom,/novatel/oem7/fix,/novatel/oem7/odom,39.663,-75.756,-1.801699478,0.001557722,-0.000923354,0.001043098,-0.001156913,-0.000923354,,,
1786043811156679018,1786043811.155635187,/novatel/oem7/odom,/novatel/oem7/fix,/novatel/oem7/odom,39.663,-75.756,-1.801699478,0.001557722,-0.000923354,0.001043098,-0.001156913,-0.000923354,,,
1786043811168139830,1786043811.166541760,/novatel/oem7/inspva,/novatel/oem7/inspva,/novatel/oem7/inspva,39.663,-75.756,-1.801699673,0.001627851,-0.001325581,-0.001427834,0.000781786,-0.001325581,,novatel_oem7_msgs.msg.InertialSolutionStatus(status=3),
1786043811169434263,1786043811.166761962,/novatel/oem7/fix,/novatel/oem7/fix,/novatel/oem7/inspva,39.663,-75.756,-1.801699673,0.001627851,-0.001325581,-0.001427834,0.000781786,-0.001325581,,0,
1786043811172098367,1786043811.167537788,/novatel/oem7/odom,/novatel/oem7/fix,/novatel/oem7/odom,39.663,-75.756,-1.801699673,0.001557726,-0.000923348,0.001043096,-0.001156919,-0.000923348,,,
1786043811176051467,1786043811.174810674,/novatel/oem7/odom,/novatel/oem7/fix,/novatel/oem7/odom,39.663,-75.756,-1.801699673,0.001627181,-0.001326403,0.000716721,-0.001460832,-0.001326403,,,
1786043811186457715,1786043811.185414578,/novatel/oem7/inspva,/novatel/oem7/inspva,/novatel/oem7/inspva,39.663,-75.756,-1.801693466,0.001581888,-0.001258458,-0.001229368,0.000995501,-0.001258458,,novatel_oem7_msgs.msg.InertialSolutionStatus(status=3),
1786043811188659941,1786043811.185640377,/novatel/oem7/fix,/novatel/oem7/fix,/novatel/oem7/inspva,39.663,-75.756,-1.801693466,0.001581888,-0.001258458,-0.001229368,0.000995501,-0.001258458,,0,
1786043811190193936,1786043811.186213332,/novatel/oem7/odom,/novatel/oem7/fix,/novatel/oem7/odom,39.663,-75.756,-1.801693466,0.001582253,-0.001257999,0.000939536,-0.001273105,-0.001257999,,,
1786043811196140243,1786043811.195012301,/novatel/oem7/odom,/novatel/oem7/fix,/novatel/oem7/odom,39.663,-75.756,-1.801693466,0.001582253,-0.001257999,0.000939536,-0.001273105,-0.001257999,,,
1786043811207592578,1786043811.206365570,/novatel/oem7/inspva,/novatel/oem7/inspva,/novatel/oem7/inspva,39.663,-75.756,-1.801695879,0.001226124,-0.001401621,-0.000933294,0.000795199,-0.001401621,,novatel_oem7_msgs.msg.InertialSolutionStatus(status=3),
1786043811209769177,1786043811.206619862,/novatel/oem7/fix,/novatel/oem7/fix,/novatel/oem7/inspva,39.663,-75.756,-1.801695879,0.001226124,-0.001401621,-0.000933294,0.000795199,-0.001401621,,0,
1786043811211670813,1786043811.207238265,/novatel/oem7/odom,/novatel/oem7/fix,/novatel/oem7/odom,39.663,-75.756,-1.801695879,0.001226701,-0.001401116,0.000754340,-0.000967350,-0.001401116,,,
1786043811213930392,1786043811.210312283,/novatel/oem7/bestpos,/novatel/oem7/bestpos,/novatel/oem7/odom,39.663,-75.756,33.180807116,0.001226701,-0.001401116,0.000754340,-0.000967350,-0.001401116,,novatel_oem7_msgs.msg.SolutionStatus(status=0),novatel_oem7_msgs.msg.PositionOrVelocityType(type=53)
1786043811215485822,1786043811.210822438,/novatel/oem7/bestvel,/novatel/oem7/bestpos,/novatel/oem7/bestvel,39.663,-75.756,33.180807116,0.001274389,-0.001516066,,,,132.607137461,novatel_oem7_msgs.msg.SolutionStatus(status=0),novatel_oem7_msgs.msg.PositionOrVelocityType(type=53)
1786043811217999054,1786043811.215073978,/novatel/oem7/odom,/novatel/oem7/bestpos,/novatel/oem7/odom,39.663,-75.756,33.180807116,0.001226701,-0.001401116,0.000754340,-0.000967350,-0.001401116,,,
1786043811227394252,1786043811.226251137,/novatel/oem7/inspva,/novatel/oem7/inspva,/novatel/oem7/inspva,39.663,-75.756,-1.801695619,0.001503656,-0.001652106,-0.001139308,0.000981304,-0.001652106,,novatel_oem7_msgs.msg.InertialSolutionStatus(status=3),
1786043811229698689,1786043811.226481606,/novatel/oem7/fix,/novatel/oem7/fix,/novatel/oem7/inspva,39.663,-75.756,-1.801695619,0.001503656,-0.001652106,-0.001139308,0.000981304,-0.001652106,,0,
1786043811231004765,1786043811.226975541,/novatel/oem7/odom,/novatel/oem7/fix,/novatel/oem7/odom,39.663,-75.756,-1.801695619,0.001504371,-0.001651454,0.000931192,-0.001181531,-0.001651454,,,
1786043811235883048,1786043811.234685342,/novatel/oem7/odom,/novatel/oem7/fix,/novatel/oem7/odom,39.663,-75.756,-1.801695619,0.001504371,-0.001651454,0.000931192,-0.001181531,-0.001651454,,,
1786043811246309466,1786043811.245325046,/novatel/oem7/inspva,/novatel/oem7/inspva,/novatel/oem7/inspva,39.663,-75.756,-1.801697246,0.001201975,-0.001194471,-0.000993744,0.000676178,-0.001194471,,novatel_oem7_msgs.msg.InertialSolutionStatus(status=3),
1786043811248637327,1786043811.245559389,/novatel/oem7/fix,/novatel/oem7/fix,/novatel/oem7/inspva,39.663,-75.756,-1.801697246,0.001201975,-0.001194471,-0.000993744,0.000676178,-0.001194471,,0,
1786043811250399811,1786043811.246128838,/novatel/oem7/odom,/novatel/oem7/fix,/novatel/oem7/odom,39.663,-75.756,-1.801697246,0.001201904,-0.001194542,0.000631778,-0.001022463,-0.001194542,,,
1786043811257722888,1786043811.256561020,/novatel/oem7/odom,/novatel/oem7/fix,/novatel/oem7/odom,39.663,-75.756,-1.801697246,0.001201904,-0.001194542,0.000631778,-0.001022463,-0.001194542,,,
1786043811266484437,1786043811.265209604,/novatel/oem7/inspva,/novatel/oem7/inspva,/novatel/oem7/inspva,39.663,-75.756,-1.801701866,0.001571183,-0.001373628,-0.001194192,0.001021039,-0.001373628,,novatel_oem7_msgs.msg.InertialSolutionStatus(status=3),
1786043811268779840,1786043811.265484223,/novatel/oem7/fix,/novatel/oem7/fix,/novatel/oem7/inspva,39.663,-75.756,-1.801701866,0.001571183,-0.001373628,-0.001194192,0.001021039,-0.001373628,,0,
1786043811270448420,1786043811.266139594,/novatel/oem7/odom,/novatel/oem7/fix,/novatel/oem7/odom,39.663,-75.756,-1.801701866,0.001571750,-0.001372978,0.000967194,-0.001238925,-0.001372978,,,
1786043811275741044,1786043811.274619742,/novatel/oem7/odom,/novatel/oem7/fix,/novatel/oem7/odom,39.663,-75.756,-1.801701866,0.001571750,-0.001372978,0.000967194,-0.001238925,-0.001372978,,,
1786043811286542013,1786043811.285659161,/novatel/oem7/inspva,/novatel/oem7/inspva,/novatel/oem7/inspva,39.663,-75.756,-1.801713571,0.001257649,-0.001866132,-0.000866703,0.000911322,-0.001866132,,novatel_oem7_msgs.msg.InertialSolutionStatus(status=3),
1786043811288213463,1786043811.285831696,/novatel/oem7/fix,/novatel/oem7/fix,/novatel/oem7/inspva,39.663,-75.756,-1.801713571,0.001257649,-0.001866132,-0.000866703,0.000911322,-0.001866132,,0,
1786043811289385271,1786043811.286586186,/novatel/oem7/odom,/novatel/oem7/fix,/novatel/oem7/odom,39.663,-75.756,-1.801713571,0.001259275,-0.001865035,0.000875291,-0.000905340,-0.001865035,,,
1786043811295869800,1786043811.294797099,/novatel/oem7/odom,/novatel/oem7/fix,/novatel/oem7/odom,39.663,-75.756,-1.801713571,0.001259275,-0.001865035,0.000875291,-0.000905340,-0.001865035,,,
1786043811306943316,1786043811.305868671,/novatel/oem7/inspva,/novatel/oem7/inspva,/novatel/oem7/inspva,39.663,-75.756,-1.801716686,0.001588618,-0.001703062,-0.001346302,0.000843313,-0.001703062,,novatel_oem7_msgs.msg.InertialSolutionStatus(status=3),
1786043811309167178,1786043811.306077900,/novatel/oem7/fix,/novatel/oem7/fix,/novatel/oem7/inspva,39.663,-75.756,-1.801716686,0.001588618,-0.001703062,-0.001346302,0.000843313,-0.001703062,,0,
1786043811310894512,1786043811.306503777,/novatel/oem7/odom,/novatel/oem7/fix,/novatel/oem7/odom,39.663,-75.756,-1.801716686,0.001588212,-0.001703441,0.000783543,-0.001381477,-0.001703441,,,
1786043811313262556,1786043811.309956062,/novatel/oem7/bestpos,/novatel/oem7/bestpos,/novatel/oem7/odom,39.663,-75.756,33.180789304,0.001588212,-0.001703441,0.000783543,-0.001381477,-0.001703441,,novatel_oem7_msgs.msg.SolutionStatus(status=0),novatel_oem7_msgs.msg.PositionOrVelocityType(type=53)
1786043811314763291,1786043811.310768004,/novatel/oem7/bestvel,/novatel/oem7/bestpos,/novatel/oem7/bestvel,39.663,-75.756,33.180789304,0.001921509,-0.001557203,,,,150.894148282,novatel_oem7_msgs.msg.SolutionStatus(status=0),novatel_oem7_msgs.msg.PositionOrVelocityType(type=53)
1786043811316792995,1786043811.315642374,/novatel/oem7/odom,/novatel/oem7/bestpos,/novatel/oem7/odom,39.663,-75.756,33.180789304,0.001588212,-0.001703441,0.000783543,-0.001381477,-0.001703441,,,
1786043811326377392,1786043811.325361505,/novatel/oem7/inspva,/novatel/oem7/inspva,/novatel/oem7/inspva,39.663,-75.756,-1.801721262,0.001064291,-0.001230324,-0.000721356,0.000782535,-0.001230324,,novatel_oem7_msgs.msg.InertialSolutionStatus(status=3),
1786043811328688245,1786043811.325611480,/novatel/oem7/fix,/novatel/oem7/fix,/novatel/oem7/inspva,39.663,-75.756,-1.801721262,0.001064291,-0.001230324,-0.000721356,0.000782535,-0.001230324,,0,
1786043811329964461,1786043811.326197546,/novatel/oem7/odom,/novatel/oem7/fix,/novatel/oem7/odom,39.663,-75.756,-1.801721262,0.001065443,-0.001229326,0.000751305,-0.000755453,-0.001229326,,,
1786043811336362966,1786043811.335172011,/novatel/oem7/odom,/novatel/oem7/fix,/novatel/oem7/odom,39.663,-75.756,-1.801721262,0.001065443,-0.001229326,0.000751305,-0.000755453,-0.001229326,,,
1786043811347103035,1786043811.346062147,/novatel/oem7/inspva,/novatel/oem7/inspva,/novatel/oem7/inspva,39.663,-75.756,-1.801724087,0.001362076,-0.001180996,-0.001076876,0.000834021,-0.001180996,,novatel_oem7_msgs.msg.InertialSolutionStatus(status=3),
1786043811349374314,1786043811.346266556,/novatel/oem7/fix,/novatel/oem7/fix,/novatel/oem7/inspva,39.663,-75.756,-1.801724087,0.001362076,-0.001180996,-0.001076876,0.000834021,-0.001180996,,0,
1786043811350995887,1786043811.346827802,/novatel/oem7/odom,/novatel/oem7/fix,/novatel/oem7/odom,39.663,-75.756,-1.801724087,0.001362311,-0.001180726,0.000785337,-0.001113165,-0.001180726,,,
1786043811356840003,1786043811.355759772,/novatel/oem7/odom,/novatel/oem7/fix,/novatel/oem7/odom,39.663,-75.756,-1.801724087,0.001362311,-0.001180726,0.000785337,-0.001113165,-0.001180726,,,
1786043811366341542,1786043811.365134779,/novatel/oem7/inspva,/novatel/oem7/inspva,/novatel/oem7/inspva,39.663,-75.756,-1.801734487,0.001259025,-0.001535501,-0.000796527,0.000975033,-0.001535501,,novatel_oem7_msgs.msg.InertialSolutionStatus(status=3),
1786043811368882691,1786043811.365328028,/novatel/oem7/fix,/novatel/oem7/fix,/novatel/oem7/inspva,39.663,-75.756,-1.801734487,0.001259025,-0.001535501,-0.000796527,0.000975033,-0.001535501,,0,
1786043811370613549,1786043811.365954488,/novatel/oem7/odom,/novatel/oem7/fix,/novatel/oem7/odom,39.663,-75.756,-1.801734487,0.001260860,-0.001533995,0.000941084,-0.000839124,-0.001533995,,,
1786043811376658153,1786043811.375499771,/novatel/oem7/odom,/novatel/oem7/fix,/novatel/oem7/odom,39.663,-75.756,-1.801734487,0.001260860,-0.001533995,0.000941084,-0.000839124,-0.001533995,,,
1786043811385955277,1786043811.384954394,/novatel/oem7/inspva,/novatel/oem7/inspva,/novatel/oem7/inspva,39.663,-75.756,-1.801737265,0.001470250,-0.001235754,-0.001233462,0.000800129,-0.001235754,,novatel_oem7_msgs.msg.InertialSolutionStatus(status=3),
1786043811387751762,1786043811.385134941,/novatel/oem7/fix,/novatel/oem7/fix,/novatel/oem7/inspva,39.663,-75.756,-1.801737265,0.001470250,-0.001235754,-0.001233462,0.000800129,-0.001235754,,0,
1786043811389278767,1786043811.385647434,/novatel/oem7/odom,/novatel/oem7/fix,/novatel/oem7/odom,39.663,-75.756,-1.801737265,0.001470035,-0.001236009,0.000744106,-0.001267798,-0.001236009,,,
1786043811395243481,1786043811.394379989,/novatel/oem7/odom,/novatel/oem7/fix,/novatel/oem7/odom,39.663,-75.756,-1.801737265,0.001470035,-0.001236009,0.000744106,-0.001267798,-0.001236009,,,
1786043811407264355,1786043811.406481536,/novatel/oem7/inspva,/novatel/oem7/inspva,/novatel/oem7/inspva,39.663,-75.756,-1.801747431,0.001009115,-0.001318531,-0.000820736,0.000587116,-0.001318531,,novatel_oem7_msgs.msg.InertialSolutionStatus(status=3),
1786043811408729230,1786043811.406584582,/novatel/oem7/fix,/novatel/oem7/fix,/novatel/oem7/inspva,39.663,-75.756,-1.801747431,0.001009115,-0.001318531,-0.000820736,0.000587116,-0.001318531,,0,
1786043811409893449,1786043811.407023060,/novatel/oem7/odom,/novatel/oem7/fix,/novatel/oem7/odom,39.663,-75.756,-1.801747431,0.001009168,-0.001318491,0.000551635,-0.000845055,-0.001318491,,,
1786043811411724320,1786043811.410019939,/novatel/oem7/bestpos,/novatel/oem7/bestpos,/novatel/oem7/odom,39.663,-75.756,33.180759509,0.001009168,-0.001318491,0.000551635,-0.000845055,-0.001318491,,novatel_oem7_msgs.msg.SolutionStatus(status=0),novatel_oem7_msgs.msg.PositionOrVelocityType(type=53)
1786043811412766431,1786043811.410465093,/novatel/oem7/bestvel,/novatel/oem7/bestpos,/novatel/oem7/bestvel,39.663,-75.756,33.180759509,0.001393936,-0.001288609,,,,142.454016736,novatel_oem7_msgs.msg.SolutionStatus(status=0),novatel_oem7_msgs.msg.PositionOrVelocityType(type=53)
1786043811415389164,1786043811.414693457,/novatel/oem7/odom,/novatel/oem7/bestpos,/novatel/oem7/odom,39.663,-75.756,33.180759509,0.001009168,-0.001318491,0.000551635,-0.000845055,-0.001318491,,,
1786043811426152490,1786043811.425274051,/novatel/oem7/inspva,/novatel/oem7/inspva,/novatel/oem7/inspva,39.663,-75.756,-1.801754243,0.001355343,-0.001458166,-0.001190132,0.000648490,-0.001458166,,novatel_oem7_msgs.msg.InertialSolutionStatus(status=3),
1786043811427861730,1786043811.425614688,/novatel/oem7/fix,/novatel/oem7/fix,/novatel/oem7/inspva,39.663,-75.756,-1.801754243,0.001355343,-0.001458166,-0.001190132,0.000648490,-0.001458166,,0,
1786043811429359468,1786043811.426030152,/novatel/oem7/odom,/novatel/oem7/fix,/novatel/oem7/odom,39.663,-75.756,-1.801754243,0.001354605,-0.001458851,0.000595574,-0.001216653,-0.001458851,,,
1786043811436394936,1786043811.435536241,/novatel/oem7/odom,/novatel/oem7/fix,/novatel/oem7/odom,39.663,-75.756,-1.801754243,0.001354605,-0.001458851,0.000595574,-0.001216653,-0.001458851,,,
1786043811445905793,1786043811.445258369,/novatel/oem7/inspva,/novatel/oem7/inspva,/novatel/oem7/inspva,39.663,-75.756,-1.801759100,0.001175590,-0.000924167,-0.001013920,0.000594962,-0.000924167,,novatel_oem7_msgs.msg.InertialSolutionStatus(status=3),
1786043811447545349,1786043811.445538802,/novatel/oem7/fix,/novatel/oem7/fix,/novatel/oem7/inspva,39.663,-75.756,-1.801759100,0.001175590,-0.000924167,-0.001013920,0.000594962,-0.000924167,,0,
1786043811448825819,1786043811.446112655,/novatel/oem7/odom,/novatel/oem7/fix,/novatel/oem7/odom,39.663,-75.756,-1.801759100,0.001175245,-0.000924606,0.000548629,-0.001039331,-0.000924606,,,
1786043811457536253,1786043811.456337248,/novatel/oem7/odom,/novatel/oem7/fix,/novatel/oem7/odom,39.663,-75.756,-1.801759100,0.001175245,-0.000924606,0.000548629,-0.001039331,-0.000924606,,,
1786043811466594478,1786043811.466012703,/novatel/oem7/inspva,/novatel/oem7/inspva,/novatel/oem7/inspva,39.663,-75.756,-1.801767762,0.001445948,-0.001274732,-0.001329043,0.000569571,-0.001274732,,novatel_oem7_msgs.msg.InertialSolutionStatus(status=3),
1786043811467945585,1786043811.466255848,/novatel/oem7/fix,/novatel/oem7/fix,/novatel/oem7/inspva,39.663,-75.756,-1.801767762,0.001445948,-0.001274732,-0.001329043,0.000569571,-0.001274732,,0,
1786043811469010469,1786043811.466740743,/novatel/oem7/odom,/novatel/oem7/fix,/novatel/oem7/odom,39.663,-75.756,-1.801767762,0.001444783,-0.001276053,0.000509320,-0.001352032,-0.001276053,,,
1786043811475099128,1786043811.474395117,/novatel/oem7/odom,/novatel/oem7/fix,/novatel/oem7/odom,39.663,-75.756,-1.801767762,0.001444783,-0.001276053,0.000509320,-0.001352032,-0.001276053,,,
1786043811485811156,1786043811.485065851,/novatel/oem7/inspva,/novatel/oem7/inspva,/novatel/oem7/inspva,39.663,-75.756,-1.801776586,0.000964490,-0.001023785,-0.000762057,0.000591193,-0.001023785,,novatel_oem7_msgs.msg.InertialSolutionStatus(status=3),
1786043811487402779,1786043811.485312141,/novatel/oem7/fix,/novatel/oem7/fix,/novatel/oem7/inspva,39.663,-75.756,-1.801776586,0.000964490,-0.001023785,-0.000762057,0.000591193,-0.001023785,,0,
1786043811488560313,1786043811.485812922,/novatel/oem7/odom,/novatel/oem7/fix,/novatel/oem7/odom,39.663,-75.756,-1.801776586,0.000964703,-0.001023583,0.000557425,-0.000787356,-0.001023583,,,
1786043811496396566,1786043811.495523964,/novatel/oem7/odom,/novatel/oem7/fix,/novatel/oem7/odom,39.663,-75.756,-1.801776586,0.000964703,-0.001023583,0.000557425,-0.000787356,-0.001023583,,,
1786043811506582142,1786043811.505845765,/novatel/oem7/inspva,/novatel/oem7/inspva,/novatel/oem7/inspva,39.663,-75.756,-1.801791032,0.001253437,-0.001571155,-0.001089556,0.000619655,-0.001571155,,novatel_oem7_msgs.msg.InertialSolutionStatus(status=3),
1786043811508240212,1786043811.506110474,/novatel/oem7/fix,/novatel/oem7/fix,/novatel/oem7/inspva,39.663,-75.756,-1.801791032,0.001253437,-0.001571155,-0.001089556,0.000619655,-0.001571155,,0,
1786043811509603619,1786043811.506734407,/novatel/oem7/odom,/novatel/oem7/fix,/novatel/oem7/odom,39.663,-75.756,-1.801791032,0.001252773,-0.001571685,0.000572045,-0.001114542,-0.001571685,,,
1786043811512077674,1786043811.511315856,/novatel/oem7/bestpos,/novatel/oem7/bestpos,/novatel/oem7/odom,39.663,-75.756,33.180715969,0.001252773,-0.001571685,0.000572045,-0.001114542,-0.001571685,,novatel_oem7_msgs.msg.SolutionStatus(status=0),novatel_oem7_msgs.msg.PositionOrVelocityType(type=53)
1786043811513734928,1786043811.512319083,/novatel/oem7/bestvel,/novatel/oem7/bestpos,/novatel/oem7/bestvel,39.663,-75.756,33.180715969,0.001351456,-0.001950106,,,,127.983070594,novatel_oem7_msgs.msg.SolutionStatus(status=0),novatel_oem7_msgs.msg.PositionOrVelocityType(type=53)
1786043811515281743,1786043811.514456785,/novatel/oem7/odom,/novatel/oem7/bestpos,/novatel/oem7/odom,39.663,-75.756,33.180715969,0.001252773,-0.001571685,0.000572045,-0.001114542,-0.001571685,,,
1786043811527506984,1786043811.526556858,/novatel/oem7/inspva,/novatel/oem7/inspva,/novatel/oem7/inspva,39.663,-75.756,-1.801802727,0.001176158,-0.001218774,-0.001034833,0.000558987,-0.001218774,,novatel_oem7_msgs.msg.InertialSolutionStatus(status=3),
1786043811529293362,1786043811.526809962,/novatel/oem7/fix,/novatel/oem7/fix,/novatel/oem7/inspva,39.663,-75.756,-1.801802727,0.001176158,-0.001218774,-0.001034833,0.000558987,-0.001218774,,0,
1786043811530618818,1786043811.527276951,/novatel/oem7/odom,/novatel/oem7/fix,/novatel/oem7/odom,39.663,-75.756,-1.801802727,0.001175542,-0.001219368,0.000512773,-0.001057811,-0.001219368,,,
1786043811535392393,1786043811.534649809,/novatel/oem7/odom,/novatel/oem7/fix,/novatel/oem7/odom,39.663,-75.756,-1.801802727,0.001175542,-0.001219368,0.000512773,-0.001057811,-0.001219368,,,
1786043811545449288,1786043811.544900456,/novatel/oem7/inspva,/novatel/oem7/inspva,/novatel/oem7/inspva,39.663,-75.756,-1.801818763,0.001145544,-0.001501491,-0.000967135,0.000613939,-0.001501491,,novatel_oem7_msgs.msg.InertialSolutionStatus(status=3),
1786043811546901330,1786043811.545068034,/novatel/oem7/fix,/novatel/oem7/fix,/novatel/oem7/inspva,39.663,-75.756,-1.801818763,0.001145544,-0.001501491,-0.000967135,0.000613939,-0.001501491,,0,
1786043811548164369,1786043811.545390964,/novatel/oem7/odom,/novatel/oem7/fix,/novatel/oem7/odom,39.663,-75.756,-1.801818763,0.001145231,-0.001501730,0.000571979,-0.000992166,-0.001501730,,,
1786043811556262084,1786043811.555600521,/novatel/oem7/odom,/novatel/oem7/fix,/novatel/oem7/odom,39.663,-75.756,-1.801818763,0.001145231,-0.001501730,0.000571979,-0.000992166,-0.001501730,,,
1786043811565856117,1786043811.565307172,/novatel/oem7/inspva,/novatel/oem7/inspva,/novatel/oem7/inspva,39.663,-75.756,-1.801836998,0.001251736,-0.001597334,-0.000947637,0.000817819,-0.001597334,,novatel_oem7_msgs.msg.InertialSolutionStatus(status=3),
1786043811567263368,1786043811.565476113,/novatel/oem7/fix,/novatel/oem7/fix,/novatel/oem7/inspva,39.663,-75.756,-1.801836998,0.001251736,-0.001597334,-0.000947637,0.000817819,-0.001597334,,0,
1786043811568439163,1786043811.565993149,/novatel/oem7/odom,/novatel/oem7/fix,/novatel/oem7/odom,39.663,-75.756,-1.801836998,0.001252421,-0.001596798,0.000776908,-0.000982329,-0.001596798,,,
1786043811575324183,1786043811.574591852,/novatel/oem7/odom,/novatel/oem7/fix,/novatel/oem7/odom,39.663,-75.756,-1.801836998,0.001252421,-0.001596798,0.000776908,-0.000982329,-0.001596798,,,
1786043811586523960,1786043811.585983031,/novatel/oem7/inspva,/novatel/oem7/inspva,/novatel/oem7/inspva,39.663,-75.756,-1.801851307,0.001095035,-0.001641501,-0.000749041,0.000798774,-0.001641501,,novatel_oem7_msgs.msg.InertialSolutionStatus(status=3),
1786043811588031815,1786043811.586149462,/novatel/oem7/fix,/novatel/oem7/fix,/novatel/oem7/inspva,39.663,-75.756,-1.801851307,0.001095035,-0.001641501,-0.000749041,0.000798774,-0.001641501,,0,
1786043811589207220,1786043811.586587720,/novatel/oem7/odom,/novatel/oem7/fix,/novatel/oem7/odom,39.663,-75.756,-1.801851307,0.001096494,-0.001640526,0.000767679,-0.000782923,-0.001640526,,,
1786043811595307615,1786043811.594592554,/novatel/oem7/odom,/novatel/oem7/fix,/novatel/oem7/odom,39.663,-75.756,-1.801851307,0.001096494,-0.001640526,0.000767679,-0.000782923,-0.001640526,,,
1786043811606841375,1786043811.606235909,/novatel/oem7/inspva,/novatel/oem7/inspva,/novatel/oem7/inspva,39.663,-75.756,-1.801868857,0.001038688,-0.001496846,-0.000665402,0.000797567,-0.001496846,,novatel_oem7_msgs.msg.InertialSolutionStatus(status=3),
1786043811608235159,1786043811.606389074,/novatel/oem7/fix,/novatel/oem7/fix,/novatel/oem7/inspva,39.663,-75.756,-1.801868857,0.001038688,-0.001496846,-0.000665402,0.000797567,-0.001496846,,0,
1786043811609346960,1786043811.606775764,/novatel/oem7/odom,/novatel/oem7/fix,/novatel/oem7/odom,39.663,-75.756,-1.801868857,0.001040395,-0.001495660,0.000769969,-0.000699692,-0.001495660,,,
1786043811610989100,1786043811.609801978,/novatel/oem7/bestpos,/novatel/oem7/bestpos,/novatel/oem7/odom,39.663,-75.756,33.180652796,0.001040395,-0.001495660,0.000769969,-0.000699692,-0.001495660,,novatel_oem7_msgs.msg.SolutionStatus(status=0),novatel_oem7_msgs.msg.PositionOrVelocityType(type=53)
1786043811611968950,1786043811.610204942,/novatel/oem7/bestvel,/novatel/oem7/bestpos,/novatel/oem7/bestvel,39.663,-75.756,33.180652796,0.001285778,-0.001270976,,,,143.233195416,novatel_oem7_msgs.msg.SolutionStatus(status=0),novatel_oem7_msgs.msg.PositionOrVelocityType(type=53)
1786043811616128895,1786043811.615396935,/novatel/oem7/odom,/novatel/oem7/bestpos,/novatel/oem7/odom,39.663,-75.756,33.180652796,0.001040395,-0.001495660,0.000769969,-0.000699692,-0.001495660,,,
1786043811625724439,1786043811.625102946,/novatel/oem7/inspva,/novatel/oem7/inspva,/novatel/oem7/inspva,39.663,-75.756,-1.801886610,0.000986631,-0.001591190,-0.000561739,0.000811105,-0.001591190,,novatel_oem7_msgs.msg.InertialSolutionStatus(status=3),
1786043811627219091,1786043811.625270478,/novatel/oem7/fix,/novatel/oem7/fix,/novatel/oem7/inspva,39.663,-75.756,-1.801886610,0.000986631,-0.001591190,-0.000561739,0.000811105,-0.001591190,,0,
1786043811628404673,1786043811.625651971,/novatel/oem7/odom,/novatel/oem7/fix,/novatel/oem7/odom,39.663,-75.756,-1.801886610,0.000989046,-0.001589690,0.000788874,-0.000596565,-0.001589690,,,
1786043811635316229,1786043811.634584548,/novatel/oem7/odom,/novatel/oem7/fix,/novatel/oem7/odom,39.663,-75.756,-1.801886610,0.000989046,-0.001589690,0.000788874,-0.000596565,-0.001589690,,,
1786043811647302660,1786043811.646690491,/novatel/oem7/inspva,/novatel/oem7/inspva,/novatel/oem7/inspva,39.663,-75.756,-1.801908730,0.001594987,-0.001785013,-0.000976681,0.001260983,-0.001785013,,novatel_oem7_msgs.msg.InertialSolutionStatus(status=3),
1786043811648751398,1786043811.646846955,/novatel/oem7/fix,/novatel/oem7/fix,/novatel/oem7/inspva,39.663,-75.756,-1.801908730,0.001594987,-0.001785013,-0.000976681,0.001260983,-0.001785013,,0,
1786043811649885476,1786043811.647243659,/novatel/oem7/odom,/novatel/oem7/fix,/novatel/oem7/odom,39.663,-75.756,-1.801908730,0.001597301,-0.001782944,0.001218853,-0.001032360,-0.001782944,,,
1786043811658844160,1786043811.656857530,/novatel/oem7/odom,/novatel/oem7/fix,/novatel/oem7/odom,39.663,-75.756,-1.801908730,0.001597301,-0.001782944,0.001218853,-0.001032360,-0.001782944,,,
1786043811665828261,1786043811.665153150,/novatel/oem7/inspva,/novatel/oem7/inspva,/novatel/oem7/inspva,39.663,-75.756,-1.801926334,0.000965914,-0.001685183,-0.000533621,0.000805132,-0.001685183,,novatel_oem7_msgs.msg.InertialSolutionStatus(status=3),
1786043811667301796,1786043811.665307572,/novatel/oem7/fix,/novatel/oem7/fix,/novatel/oem7/inspva,39.663,-75.756,-1.801926334,0.000965914,-0.001685183,-0.000533621,0.000805132,-0.001685183,,0,
1786043811668510791,1786043811.665767633,/novatel/oem7/odom,/novatel/oem7/fix,/novatel/oem7/odom,39.663,-75.756,-1.801926334,0.000968632,-0.001683622,0.000784625,-0.000567988,-0.001683622,,,
1786043811676374108,1786043811.675570786,/novatel/oem7/odom,/novatel/oem7/fix,/novatel/oem7/odom,39.663,-75.756,-1.801926334,0.000968632,-0.001683622,0.000784625,-0.000567988,-0.001683622,,,
1786043811686039435,1786043811.685454755,/novatel/oem7/inspva,/novatel/oem7/inspva,/novatel/oem7/inspva,39.663,-75.756,-1.801953513,0.001090261,-0.002062337,-0.000513659,0.000961678,-0.002062337,,novatel_oem7_msgs.msg.InertialSolutionStatus(status=3),
1786043811687604104,1786043811.685598424,/novatel/oem7/fix,/novatel/oem7/fix,/novatel/oem7/inspva,39.663,-75.756,-1.801953513,0.001090261,-0.002062337,-0.000513659,0.000961678,-0.002062337,,0,
1786043811688742585,1786043811.686484816,/novatel/oem7/odom,/novatel/oem7/fix,/novatel/oem7/odom,39.663,-75.756,-1.801953513,0.001094363,-0.002060163,0.000943367,-0.000554698,-0.002060163,,,
1786043811695369626,1786043811.694647488,/novatel/oem7/odom,/novatel/oem7/fix,/novatel/oem7/odom,39.663,-75.756,-1.801953513,0.001094363,-0.002060163,0.000943367,-0.000554698,-0.002060163,,,
1786043811706362207,1786043811.705750361,/novatel/oem7/inspva,/novatel/oem7/inspva,/novatel/oem7/inspva,39.663,-75.756,-1.801974968,0.001059363,-0.002074997,-0.000322117,0.001009203,-0.002074997,,novatel_oem7_msgs.msg.InertialSolutionStatus(status=3),
1786043811707798041,1786043811.705895646,/novatel/oem7/fix,/novatel/oem7/fix,/novatel/oem7/inspva,39.663,-75.756,-1.801974968,0.001059363,-0.002074997,-0.000322117,0.001009203,-0.002074997,,0,
1786043811708958780,1786043811.706372711,/novatel/oem7/odom,/novatel/oem7/fix,/novatel/oem7/odom,39.663,-75.756,-1.801974968,0.001064923,-0.002072149,0.001000169,-0.000365683,-0.002072149,,,
1786043811710592426,1786043811.709262056,/novatel/oem7/bestpos,/novatel/oem7/bestpos,/novatel/oem7/odom,39.663,-75.756,33.180536132,0.001064923,-0.002072149,0.001000169,-0.000365683,-0.002072149,,novatel_oem7_msgs.msg.SolutionStatus(status=0),novatel_oem7_msgs.msg.PositionOrVelocityType(type=53)
1786043811711637164,1786043811.709594833,/novatel/oem7/bestvel,/novatel/oem7/bestpos,/novatel/oem7/bestvel,39.663,-75.756,33.180536132,0.001305743,-0.002211377,,,,103.996462692,novatel_oem7_msgs.msg.SolutionStatus(status=0),novatel_oem7_msgs.msg.PositionOrVelocityType(type=53)
1786043811715317331,1786043811.714566453,/novatel/oem7/odom,/novatel/oem7/bestpos,/novatel/oem7/odom,39.663,-75.756,33.180536132,0.001064923,-0.002072149,0.001000169,-0.000365683,-0.002072149,,,
1786043811726034152,1786043811.725343985,/novatel/oem7/inspva,/novatel/oem7/inspva,/novatel/oem7/inspva,39.663,-75.756,-1.801999684,0.000775543,-0.001917578,-0.000268622,0.000727536,-0.001917578,,novatel_oem7_msgs.msg.InertialSolutionStatus(status=3),
1786043811727528014,1786043811.725568758,/novatel/oem7/fix,/novatel/oem7/fix,/novatel/oem7/inspva,39.663,-75.756,-1.801999684,0.000775543,-0.001917578,-0.000268622,0.000727536,-0.001917578,,0,
1786043811728602621,1786043811.726100746,/novatel/oem7/odom,/novatel/oem7/fix,/novatel/oem7/odom,39.663,-75.756,-1.801999684,0.000780384,-0.001915613,0.000720836,-0.000298988,-0.001915613,,,
1786043811736267132,1786043811.735589466,/novatel/oem7/odom,/novatel/oem7/fix,/novatel/oem7/odom,39.663,-75.756,-1.801999684,0.000780384,-0.001915613,0.000720836,-0.000298988,-0.001915613,,,
1786043811745931446,1786043811.745198143,/novatel/oem7/inspva,/novatel/oem7/inspva,/novatel/oem7/inspva,39.663,-75.756,-1.802026090,0.000725029,-0.002073865,-0.000315095,0.000652980,-0.002073865,,novatel_oem7_msgs.msg.InertialSolutionStatus(status=3),
1786043811747255713,1786043811.745403868,/novatel/oem7/fix,/novatel/oem7/fix,/novatel/oem7/inspva,39.663,-75.756,-1.802026090,0.000725029,-0.002073865,-0.000315095,0.000652980,-0.002073865,,0,
1786043811748314987,1786043811.745868926,/novatel/oem7/odom,/novatel/oem7/fix,/novatel/oem7/odom,39.663,-75.756,-1.802026090,0.000729526,-0.002072288,0.000644696,-0.000341432,-0.002072288,,,
1786043811756378499,1786043811.755725519,/novatel/oem7/odom,/novatel/oem7/fix,/novatel/oem7/odom,39.663,-75.756,-1.802026090,0.000729526,-0.002072288,0.000644696,-0.000341432,-0.002072288,,,
1786043811767824587,1786043811.767275426,/novatel/oem7/inspva,/novatel/oem7/inspva,/novatel/oem7/inspva,39.663,-75.756,-1.802057507,0.000935082,-0.002299539,-0.000229335,0.000906522,-0.002299539,,novatel_oem7_msgs.msg.InertialSolutionStatus(status=3),
1786043811769135754,1786043811.767468204,/novatel/oem7/fix,/novatel/oem7/fix,/novatel/oem7/inspva,39.663,-75.756,-1.802057507,0.000935082,-0.002299539,-0.000229335,0.000906522,-0.002299539,,0,
1786043811770189231,1786043811.767723758,/novatel/oem7/odom,/novatel/oem7/fix,/novatel/oem7/odom,39.663,-75.756,-1.802057507,0.000941721,-0.002296828,0.000902926,-0.000267515,-0.002296828,,,
1786043811775538599,1786043811.774872236,/novatel/oem7/odom,/novatel/oem7/fix,/novatel/oem7/odom,39.663,-75.756,-1.802057507,0.000941721,-0.002296828,0.000902926,-0.000267515,-0.002296828,,,
1786043811785478573,1786043811.784940310,/novatel/oem7/inspva,/novatel/oem7/inspva,/novatel/oem7/inspva,39.663,-75.756,-1.802085367,0.000787866,-0.002330780,-0.000283848,0.000734958,-0.002330780,,novatel_oem7_msgs.msg.InertialSolutionStatus(status=3),
1786043811786794379,1786043811.785102246,/novatel/oem7/fix,/novatel/oem7/fix,/novatel/oem7/inspva,39.663,-75.756,-1.802085367,0.000787866,-0.002330780,-0.000283848,0.000734958,-0.002330780,,0,
1786043811787864714,1786043811.785380022,/novatel/oem7/odom,/novatel/oem7/fix,/novatel/oem7/odom,39.663,-75.756,-1.802085367,0.000793623,-0.002328826,0.000729032,-0.000313606,-0.002328826,,,
1786043811796006812,1786043811.795347379,/novatel/oem7/odom,/novatel/oem7/fix,/novatel/oem7/odom,39.663,-75.756,-1.802085367,0.000793623,-0.002328826,0.000729032,-0.000313606,-0.002328826,,,
1786043811807092434,1786043811.806485658,/novatel/oem7/inspva,/novatel/oem7/inspva,/novatel/oem7/inspva,39.663,-75.756,-1.802117662,0.000615338,-0.002280373,-0.000291752,0.000541776,-0.002280373,,novatel_oem7_msgs.msg.InertialSolutionStatus(status=3),
1786043811808522316,1786043811.806643743,/novatel/oem7/fix,/novatel/oem7/fix,/novatel/oem7/inspva,39.663,-75.756,-1.802117662,0.000615338,-0.002280373,-0.000291752,0.000541776,-0.002280373,,0,
1786043811809607469,1786043811.807045094,/novatel/oem7/odom,/novatel/oem7/fix,/novatel/oem7/odom,39.663,-75.756,-1.802117662,0.000619883,-0.002279142,0.000535485,-0.000312267,-0.002279142,,,
1786043811811156662,1786043811.809834875,/novatel/oem7/bestpos,/novatel/oem7/bestpos,/novatel/oem7/odom,39.663,-75.756,33.180408714,0.000619883,-0.002279142,0.000535485,-0.000312267,-0.002279142,,novatel_oem7_msgs.msg.SolutionStatus(status=0),novatel_oem7_msgs.msg.PositionOrVelocityType(type=53)
1786043811812096911,1786043811.810160615,/novatel/oem7/bestvel,/novatel/oem7/bestpos,/novatel/oem7/bestvel,39.663,-75.756,33.180408714,0.000678676,-0.001897171,,,,162.899030176,novatel_oem7_msgs.msg.SolutionStatus(status=0),novatel_oem7_msgs.msg.PositionOrVelocityType(type=53)
1786043811815742311,1786043811.815007433,/novatel/oem7/odom,/novatel/oem7/bestpos,/novatel/oem7/odom,39.663,-75.756,33.180408714,0.000619883,-0.002279142,0.000535485,-0.000312267,-0.002279142,,,
1786043811826612101,1786043811.825975435,/novatel/oem7/inspva,/novatel/oem7/inspva,/novatel/oem7/inspva,39.663,-75.756,-1.802146612,0.000624535,-0.002287370,-0.000208597,0.000588669,-0.002287370,,novatel_oem7_msgs.msg.InertialSolutionStatus(status=3),
1786043811827988449,1786043811.826131053,/novatel/oem7/fix,/novatel/oem7/fix,/novatel/oem7/inspva,39.663,-75.756,-1.802146612,0.000624535,-0.002287370,-0.000208597,0.000588669,-0.002287370,,0,
1786043811829043890,1786043811.826544848,/novatel/oem7/odom,/novatel/oem7/fix,/novatel/oem7/odom,39.663,-75.756,-1.802146612,0.000630411,-0.002285758,0.000586382,-0.000231461,-0.002285758,,,
1786043811835151057,1786043811.834467043,/novatel/oem7/odom,/novatel/oem7/fix,/novatel/oem7/odom,39.663,-75.756,-1.802146612,0.000630411,-0.002285758,0.000586382,-0.000231461,-0.002285758,,,
1786043811845863886,1786043811.845261343,/novatel/oem7/inspva,/novatel/oem7/inspva,/novatel/oem7/inspva,39.663,-75.756,-1.802179853,0.000759275,-0.002304123,0.000152820,0.000743737,-0.002304123,,novatel_oem7_msgs.msg.InertialSolutionStatus(status=3),
1786043811847266574,1786043811.845413131,/novatel/oem7/fix,/novatel/oem7/fix,/novatel/oem7/inspva,39.663,-75.756,-1.802179853,0.000759275,-0.002304123,0.000152820,0.000743737,-0.002304123,,0,
1786043811848330021,1786043811.845983171,/novatel/oem7/odom,/novatel/oem7/fix,/novatel/oem7/odom,39.663,-75.756,-1.802179853,0.000768597,-0.002301030,0.000758843,0.000122057,-0.002301030,,,
1786043811856956082,1786043811.856230367,/novatel/oem7/odom,/novatel/oem7/fix,/novatel/oem7/odom,39.663,-75.756,-1.802179853,0.000768597,-0.002301030,0.000758843,0.000122057,-0.002301030,,,
1786043811865804034,1786043811.865196685,/novatel/oem7/inspva,/novatel/oem7/inspva,/novatel/oem7/inspva,39.663,-75.756,-1.802209010,0.000415586,-0.002208104,-0.000084916,0.000406818,-0.002208104,,novatel_oem7_msgs.msg.InertialSolutionStatus(status=3),
1786043811867174415,1786043811.865352926,/novatel/oem7/fix,/novatel/oem7/fix,/novatel/oem7/inspva,39.663,-75.756,-1.802209010,0.000415586,-0.002208104,-0.000084916,0.000406818,-0.002208104,,0,
1786043811868224815,1786043811.865711693,/novatel/oem7/odom,/novatel/oem7/fix,/novatel/oem7/odom,39.663,-75.756,-1.802209010,0.000422288,-0.002206832,0.000410443,-0.000099315,-0.002206832,,,
1786043811875141772,1786043811.874464568,/novatel/oem7/odom,/novatel/oem7/fix,/novatel/oem7/odom,39.663,-75.756,-1.802209010,0.000422288,-0.002206832,0.000410443,-0.000099315,-0.002206832,,,
1786043811887126589,1786043811.886520390,/novatel/oem7/inspva,/novatel/oem7/inspva,/novatel/oem7/inspva,39.663,-75.756,-1.802242117,0.000955660,-0.002102549,-0.000244734,0.000923792,-0.002102549,,novatel_oem7_msgs.msg.InertialSolutionStatus(status=3),
1786043811888512370,1786043811.886672735,/novatel/oem7/fix,/novatel/oem7/fix,/novatel/oem7/inspva,39.663,-75.756,-1.802242117,0.000955660,-0.002102549,-0.000244734,0.000923792,-0.002102549,,0,
1786043811889572944,1786043811.887078042,/novatel/oem7/odom,/novatel/oem7/fix,/novatel/oem7/odom,39.663,-75.756,-1.802242117,0.000961667,-0.002099808,0.000918704,-0.000284229,-0.002099808,,,
1786043811896024669,1786043811.895308912,/novatel/oem7/odom,/novatel/oem7/fix,/novatel/oem7/odom,39.663,-75.756,-1.802242117,0.000961667,-0.002099808,0.000918704,-0.000284229,-0.002099808,,,
1786043811906305116,1786043811.905717364,/novatel/oem7/inspva,/novatel/oem7/inspva,/novatel/oem7/inspva,39.663,-75.756,-1.802272570,0.000618280,-0.002096272,-0.000333267,0.000520772,-0.002096272,,novatel_oem7_msgs.msg.InertialSolutionStatus(status=3),
1786043811907695810,1786043811.905870712,/novatel/oem7/fix,/novatel/oem7/fix,/novatel/oem7/inspva,39.663,-75.756,-1.802272570,0.000618280,-0.002096272,-0.000333267,0.000520772,-0.002096272,,0,
1786043811908754308,1786043811.906342547,/novatel/oem7/odom,/novatel/oem7/fix,/novatel/oem7/odom,39.663,-75.756,-1.802272570,0.000621853,-0.002095215,0.000511838,-0.000353162,-0.002095215,,,
1786043811910326344,1786043811.909248550,/novatel/oem7/bestpos,/novatel/oem7/bestpos,/novatel/oem7/odom,39.663,-75.756,33.180248880,0.000621853,-0.002095215,0.000511838,-0.000353162,-0.002095215,,novatel_oem7_msgs.msg.SolutionStatus(status=0),novatel_oem7_msgs.msg.PositionOrVelocityType(type=53)
1786043811911251736,1786043811.909598990,/novatel/oem7/bestvel,/novatel/oem7/bestpos,/novatel/oem7/bestvel,39.663,-75.756,33.180248880,0.000764605,-0.001983605,,,,135.253502563,novatel_oem7_msgs.msg.SolutionStatus(status=0),novatel_oem7_msgs.msg.PositionOrVelocityType(type=53)
1786043811916175463,1786043811.915446119,/novatel/oem7/odom,/novatel/oem7/bestpos,/novatel/oem7/odom,39.663,-75.756,33.180248880,0.000621853,-0.002095215,0.000511838,-0.000353162,-0.002095215,,,
1786043811927074760,1786043811.926481927,/novatel/oem7/inspva,/novatel/oem7/inspva,/novatel/oem7/inspva,39.663,-75.756,-1.802309720,0.000763939,-0.002573572,-0.000305432,0.000700225,-0.002573572,,novatel_oem7_msgs.msg.InertialSolutionStatus(status=3),
1786043811928454174,1786043811.926643636,/novatel/oem7/fix,/novatel/oem7/fix,/novatel/oem7/inspva,39.663,-75.756,-1.802309720,0.000763939,-0.002573572,-0.000305432,0.000700225,-0.002573572,,0,
1786043811929500898,1786043811.927027603,/novatel/oem7/odom,/novatel/oem7/fix,/novatel/oem7/odom,39.663,-75.756,-1.802309720,0.000769903,-0.002571795,0.000694189,-0.000332944,-0.002571795,,,
1786043811935587692,1786043811.934898619,/novatel/oem7/odom,/novatel/oem7/fix,/novatel/oem7/odom,39.663,-75.756,-1.802309720,0.000769903,-0.002571795,0.000694189,-0.000332944,-0.002571795,,,
1786043811946556427,1786043811.945966604,/novatel/oem7/inspva,/novatel/oem7/inspva,/novatel/oem7/inspva,39.663,-75.756,-1.802338580,0.000669296,-0.002136078,-0.000457015,0.000488973,-0.002136078,,novatel_oem7_msgs.msg.InertialSolutionStatus(status=3),
1786043811947894100,1786043811.946111285,/novatel/oem7/fix,/novatel/oem7/fix,/novatel/oem7/inspva,39.663,-75.756,-1.802338580,0.000669296,-0.002136078,-0.000457015,0.000488973,-0.002136078,,0,
1786043811948916147,1786043811.946494906,/novatel/oem7/odom,/novatel/oem7/fix,/novatel/oem7/odom,39.663,-75.756,-1.802338580,0.000671282,-0.002135455,0.000474216,-0.000475119,-0.002135455,,,
1786043811956531644,1786043811.955858256,/novatel/oem7/odom,/novatel/oem7/fix,/novatel/oem7/odom,39.663,-75.756,-1.802338580,0.000671282,-0.002135455,0.000474216,-0.000475119,-0.002135455,,,
1786043811965753327,1786043811.965178678,/novatel/oem7/inspva,/novatel/oem7/inspva,/novatel/oem7/inspva,39.663,-75.756,-1.802374301,0.000597655,-0.002146566,-0.000299740,0.000517057,-0.002146566,,novatel_oem7_msgs.msg.InertialSolutionStatus(status=3),
1786043811967097447,1786043811.965318109,/novatel/oem7/fix,/novatel/oem7/fix,/novatel/oem7/inspva,39.663,-75.756,-1.802374301,0.000597655,-0.002146566,-0.000299740,0.000517057,-0.002146566,,0,
1786043811968132558,1786043811.965753274,/novatel/oem7/odom,/novatel/oem7/fix,/novatel/oem7/odom,39.663,-75.756,-1.802374301,0.000601706,-0.002145434,0.000509952,-0.000319373,-0.002145434,,,
1786043811976095298,1786043811.975377168,/novatel/oem7/odom,/novatel/oem7/fix,/novatel/oem7/odom,39.663,-75.756,-1.802374301,0.000601706,-0.002145434,0.000509952,-0.000319373,-0.002145434,,,
1786043811986508717,1786043811.985923304,/novatel/oem7/inspva,/novatel/oem7/inspva,/novatel/oem7/inspva,39.663,-75.756,-1.802404936,0.000543651,-0.002176540,-0.000408107,0.000359173,-0.002176540,,novatel_oem7_msgs.msg.InertialSolutionStatus(status=3),
1786043811987882204,1786043811.986073396,/novatel/oem7/fix,/novatel/oem7/fix,/novatel/oem7/inspva,39.663,-75.756,-1.802404936,0.000543651,-0.002176540,-0.000408107,0.000359173,-0.002176540,,0,
1786043811988930575,1786043811.986505543,/novatel/oem7/odom,/novatel/oem7/fix,/novatel/oem7/odom,39.663,-75.756,-1.802404936,0.000544789,-0.002176255,0.000347104,-0.000419898,-0.002176255,,,
1786043811995004066,1786043811.994322292,/novatel/oem7/odom,/novatel/oem7/fix,/novatel/oem7/odom,39.663,-75.756,-1.802404936,0.000544789,-0.002176255,0.000347104,-0.000419898,-0.002176255,,,
1786043812009198876,1786043812.008483499,/novatel/oem7/inspva,/novatel/oem7/inspva,/novatel/oem7/inspva,39.663,-75.756,-1.802438534,0.000659781,-0.001882029,-0.000618753,0.000229031,-0.001882029,,novatel_oem7_msgs.msg.InertialSolutionStatus(status=3),
1786043812010616020,1786043812.008691081,/novatel/oem7/fix,/novatel/oem7/fix,/novatel/oem7/inspva,39.663,-75.756,-1.802438534,0.000659781,-0.001882029,-0.000618753,0.000229031,-0.001882029,,0,
1786043812012370545,1786043812.011367641,/novatel/oem7/odom,/novatel/oem7/fix,/novatel/oem7/odom,39.663,-75.756,-1.802438534,0.000657705,-0.001882756,0.000205794,-0.000624679,-0.001882756,,,
1786043812017239531,1786043812.016569120,/novatel/oem7/odom,/novatel/oem7/fix,/novatel/oem7/odom,39.663,-75.756,-1.802438534,0.000657705,-0.001882756,0.000205794,-0.000624679,-0.001882756,,,
1786043812027068860,1786043812.026337586,/novatel/oem7/bestpos,/novatel/oem7/bestpos,/novatel/oem7/odom,39.663,-75.756,33.180087521,0.000657705,-0.001882756,0.000205794,-0.000624679,-0.001882756,,novatel_oem7_msgs.msg.SolutionStatus(status=0),novatel_oem7_msgs.msg.PositionOrVelocityType(type=53)
1786043812028799721,1786043812.026738180,/novatel/oem7/bestvel,/novatel/oem7/bestpos,/novatel/oem7/bestvel,39.663,-75.756,33.180087521,0.000665285,-0.001707150,,,,185.296457523,novatel_oem7_msgs.msg.SolutionStatus(status=0),novatel_oem7_msgs.msg.PositionOrVelocityType(type=53)
1786043812029733013,1786043812.027217171,/novatel/oem7/inspva,/novatel/oem7/inspva,/novatel/oem7/inspva,39.663,-75.756,-1.802473566,0.000801259,-0.002036496,-0.000704712,0.000381311,-0.002036496,,novatel_oem7_msgs.msg.InertialSolutionStatus(status=3),
1786043812030666946,1786043812.027471847,/novatel/oem7/fix,/novatel/oem7/fix,/novatel/oem7/inspva,39.663,-75.756,-1.802473566,0.000801259,-0.002036496,-0.000704712,0.000381311,-0.002036496,,0,
1786043812031719993,1786043812.027970155,/novatel/oem7/odom,/novatel/oem7/fix,/novatel/oem7/odom,39.663,-75.756,-1.802473566,0.000800248,-0.002036894,0.000354313,-0.000717537,-0.002036894,,,
1786043812036915453,1786043812.036113431,/novatel/oem7/odom,/novatel/oem7/fix,/novatel/oem7/odom,39.663,-75.756,-1.802473566,0.000800248,-0.002036894,0.000354313,-0.000717537,-0.002036894,,,
1786043812046034478,1786043812.045516500,/novatel/oem7/inspva,/novatel/oem7/inspva,/novatel/oem7/inspva,39.663,-75.756,-1.802466751,0.000872942,-0.002201155,-0.000863661,0.000126955,-0.002201155,,novatel_oem7_msgs.msg.InertialSolutionStatus(status=3),
1786043812047389898,1786043812.045677444,/novatel/oem7/fix,/novatel/oem7/fix,/novatel/oem7/inspva,39.663,-75.756,-1.802466751,0.000872942,-0.002201155,-0.000863661,0.000126955,-0.002201155,,0,
1786043812048501980,1786043812.046448349,/novatel/oem7/odom,/novatel/oem7/fix,/novatel/oem7/odom,39.663,-75.756,-1.802466751,0.000868606,-0.002202869,0.000093179,-0.000863594,-0.002202869,,,
1786043812056778676,1786043812.056091439,/novatel/oem7/odom,/novatel/oem7/fix,/novatel/oem7/odom,39.663,-75.756,-1.802466751,0.000868606,-0.002202869,0.000093179,-0.000863594,-0.002202869,,,
1786043812066579302,1786043812.065987849,/novatel/oem7/inspva,/novatel/oem7/inspva,/novatel/oem7/inspva,39.663,-75.756,-1.802448870,0.000857235,-0.002156483,-0.000765234,0.000386352,-0.002156483,,novatel_oem7_msgs.msg.InertialSolutionStatus(status=3),
1786043812067981006,1786043812.066135398,/novatel/oem7/fix,/novatel/oem7/fix,/novatel/oem7/inspva,39.663,-75.756,-1.802448870,0.000857235,-0.002156483,-0.000765234,0.000386352,-0.002156483,,0,
1786043812069043137,1786043812.066630660,/novatel/oem7/odom,/novatel/oem7/fix,/novatel/oem7/odom,39.663,-75.756,-1.802448870,0.000855889,-0.002157017,0.000356872,-0.000777938,-0.002157017,,,
1786043812075451409,1786043812.074557233,/novatel/oem7/odom,/novatel/oem7/fix,/novatel/oem7/odom,39.663,-75.756,-1.802448870,0.000855889,-0.002157017,0.000356872,-0.000777938,-0.002157017,,,
1786043812086049699,1786043812.085292616,/novatel/oem7/inspva,/novatel/oem7/inspva,/novatel/oem7/inspva,39.663,-75.756,-1.802438702,0.000716005,-0.001888148,-0.000714968,0.000038538,-0.001888148,,novatel_oem7_msgs.msg.InertialSolutionStatus(status=3),
1786043812087647428,1786043812.085387377,/novatel/oem7/fix,/novatel/oem7/fix,/novatel/oem7/inspva,39.663,-75.756,-1.802438702,0.000716005,-0.001888148,-0.000714968,0.000038538,-0.001888148,,0,
1786043812088863767,1786043812.085949408,/novatel/oem7/odom,/novatel/oem7/fix,/novatel/oem7/odom,39.663,-75.756,-1.802438702,0.000711615,-0.001889807,0.000010926,-0.000711531,-0.001889807,,,
1786043812095666686,1786043812.094843631,/novatel/oem7/odom,/novatel/oem7/fix,/novatel/oem7/odom,39.663,-75.756,-1.802438702,0.000711615,-0.001889807,0.000010926,-0.000711531,-0.001889807,,,
1786043812106976077,1786043812.106205366,/novatel/oem7/inspva,/novatel/oem7/inspva,/novatel/oem7/inspva,39.663,-75.756,-1.802422250,0.000582408,-0.001896255,-0.000537921,0.000223248,-0.001896255,,novatel_oem7_msgs.msg.InertialSolutionStatus(status=3),
1786043812108587130,1786043812.106359837,/novatel/oem7/fix,/novatel/oem7/fix,/novatel/oem7/inspva,39.663,-75.756,-1.802422250,0.000582408,-0.001896255,-0.000537921,0.000223248,-0.001896255,,0,
1786043812109827879,1786043812.106844306,/novatel/oem7/odom,/novatel/oem7/fix,/novatel/oem7/odom,39.663,-75.756,-1.802422250,0.000580647,-0.001896794,0.000204021,-0.000543623,-0.001896794,,,
1786043812111523063,1786043812.109296457,/novatel/oem7/bestpos,/novatel/oem7/bestpos,/novatel/oem7/odom,39.663,-75.756,33.180090954,0.000580647,-0.001896794,0.000204021,-0.000543623,-0.001896794,,novatel_oem7_msgs.msg.SolutionStatus(status=0),novatel_oem7_msgs.msg.PositionOrVelocityType(type=53)
1786043812112577767,1786043812.110038833,/novatel/oem7/bestvel,/novatel/oem7/bestpos,/novatel/oem7/bestvel,39.663,-75.756,33.180090954,0.000488728,-0.001973151,,,,150.077654229,novatel_oem7_msgs.msg.SolutionStatus(status=0),novatel_oem7_msgs.msg.PositionOrVelocityType(type=53)
1786043812115114766,1786043812.114390048,/novatel/oem7/odom,/novatel/oem7/bestpos,/novatel/oem7/odom,39.663,-75.756,33.180090954,0.000580647,-0.001896794,0.000204021,-0.000543623,-0.001896794,,,
1786043812125614836,1786043812.125043296,/novatel/oem7/inspva,/novatel/oem7/inspva,/novatel/oem7/inspva,39.663,-75.756,-1.802416065,0.000904560,-0.002156135,-0.000900341,0.000087260,-0.002156135,,novatel_oem7_msgs.msg.InertialSolutionStatus(status=3),
1786043812127100367,1786043812.125196418,/novatel/oem7/fix,/novatel/oem7/fix,/novatel/oem7/inspva,39.663,-75.756,-1.802416065,0.000904560,-0.002156135,-0.000900341,0.000087260,-0.002156135,,0,
1786043812128278923,1786043812.125544608,/novatel/oem7/odom,/novatel/oem7/fix,/novatel/oem7/odom,39.663,-75.756,-1.802416065,0.000899902,-0.002158083,0.000051575,-0.000898423,-0.002158083,,,
1786043812136185446,1786043812.135469065,/novatel/oem7/odom,/novatel/oem7/fix,/novatel/oem7/odom,39.663,-75.756,-1.802416065,0.000899902,-0.002158083,0.000051575,-0.000898423,-0.002158083,,,
1786043812145560767,1786043812.145016703,/novatel/oem7/inspva,/novatel/oem7/inspva,/novatel/oem7/inspva,39.663,-75.756,-1.802399917,0.000728130,-0.002244793,-0.000566745,0.000457136,-0.002244793,,novatel_oem7_msgs.msg.InertialSolutionStatus(status=3),
1786043812147083262,1786043812.145099932,/novatel/oem7/fix,/novatel/oem7/fix,/novatel/oem7/inspva,39.663,-75.756,-1.802399917,0.000728130,-0.002244793,-0.000566745,0.000457136,-0.002244793,,0,
1786043812148265667,1786043812.145601031,/novatel/oem7/odom,/novatel/oem7/fix,/novatel/oem7/odom,39.663,-75.756,-1.802399917,0.000728867,-0.002244554,0.000437493,-0.000582965,-0.002244554,,,
1786043812156276405,1786043812.155547294,/novatel/oem7/odom,/novatel/oem7/fix,/novatel/oem7/odom,39.663,-75.756,-1.802399917,0.000728867,-0.002244554,0.000437493,-0.000582965,-0.002244554,,,
1786043812167540355,1786043812.166800268,/novatel/oem7/inspva,/novatel/oem7/inspva,/novatel/oem7/inspva,39.663,-75.756,-1.802391628,0.000939609,-0.002011770,-0.000936012,0.000082144,-0.002011770,,novatel_oem7_msgs.msg.InertialSolutionStatus(status=3),
1786043812169086491,1786043812.167008424,/novatel/oem7/fix,/novatel/oem7/fix,/novatel/oem7/inspva,39.663,-75.756,-1.802391628,0.000939609,-0.002011770,-0.000936012,0.000082144,-0.002011770,,0,
1786043812170406798,1786043812.167330730,/novatel/oem7/odom,/novatel/oem7/fix,/novatel/oem7/odom,39.663,-75.756,-1.802391628,0.000935235,-0.002013807,0.000044203,-0.000934190,-0.002013807,,,
1786043812175125983,1786043812.174619974,/novatel/oem7/odom,/novatel/oem7/fix,/novatel/oem7/odom,39.663,-75.756,-1.802391628,0.000935235,-0.002013807,0.000044203,-0.000934190,-0.002013807,,,
1786043812185703798,1786043812.185367649,/novatel/oem7/inspva,/novatel/oem7/inspva,/novatel/oem7/inspva,39.663,-75.756,-1.802379666,0.000751807,-0.002348209,-0.000625397,0.000417244,-0.002348209,,novatel_oem7_msgs.msg.InertialSolutionStatus(status=3),
1786043812186377834,1786043812.185564417,/novatel/oem7/fix,/novatel/oem7/fix,/novatel/oem7/inspva,39.663,-75.756,-1.802379666,0.000751807,-0.002348209,-0.000625397,0.000417244,-0.002348209,,0,
1786043812186930173,1786043812.185992976,/novatel/oem7/odom,/novatel/oem7/fix,/novatel/oem7/odom,39.663,-75.756,-1.802379666,0.000751670,-0.002348253,0.000395220,-0.000639382,-0.002348253,,,
1786043812195163701,1786043812.194768847,/novatel/oem7/odom,/novatel/oem7/fix,/novatel/oem7/odom,39.663,-75.756,-1.802379666,0.000751670,-0.002348253,0.000395220,-0.000639382,-0.002348253,,,
1786043812206682228,1786043812.206362988,/novatel/oem7/inspva,/novatel/oem7/inspva,/novatel/oem7/inspva,39.663,-75.756,-1.802372083,0.000829722,-0.002010372,-0.000669856,0.000489624,-0.002010372,,novatel_oem7_msgs.msg.InertialSolutionStatus(status=3),
1786043812207352600,1786043812.206558276,/novatel/oem7/fix,/novatel/oem7/fix,/novatel/oem7/inspva,39.663,-75.756,-1.802372083,0.000829722,-0.002010372,-0.000669856,0.000489624,-0.002010372,,0,
1786043812207862411,1786043812.207047138,/novatel/oem7/odom,/novatel/oem7/fix,/novatel/oem7/odom,39.663,-75.756,-1.802372083,0.000829970,-0.002010270,0.000464085,-0.000688095,-0.002010270,,,
1786043812210618924,1786043812.210128892,/novatel/oem7/bestpos,/novatel/oem7/bestpos,/novatel/oem7/odom,39.663,-75.756,33.180158928,0.000829970,-0.002010270,0.000464085,-0.000688095,-0.002010270,,novatel_oem7_msgs.msg.SolutionStatus(status=0),novatel_oem7_msgs.msg.PositionOrVelocityType(type=53)
1786043812211285309,1786043812.210518393,/novatel/oem7/bestvel,/novatel/oem7/bestpos,/novatel/oem7/bestvel,39.663,-75.756,33.180158928,0.000729866,-0.001996781,,,,146.963924009,novatel_oem7_msgs.msg.SolutionStatus(status=0),novatel_oem7_msgs.msg.PositionOrVelocityType(type=53)
1786043812215264799,1786043812.214897421,/novatel/oem7/odom,/novatel/oem7/bestpos,/novatel/oem7/odom,39.663,-75.756,33.180158928,0.000829970,-0.002010270,0.000464085,-0.000688095,-0.002010270,,,
1786043812225844438,1786043812.225381790,/novatel/oem7/inspva,/novatel/oem7/inspva,/novatel/oem7/inspva,39.663,-75.756,-1.802358722,0.000812291,-0.002049554,-0.000609999,0.000536394,-0.002049554,,novatel_oem7_msgs.msg.InertialSolutionStatus(status=3),
1786043812226492469,1786043812.225577089,/novatel/oem7/fix,/novatel/oem7/fix,/novatel/oem7/inspva,39.663,-75.756,-1.802358722,0.000812291,-0.002049554,-0.000609999,0.000536394,-0.002049554,,0,
1786043812227007946,1786043812.226103601,/novatel/oem7/odom,/novatel/oem7/fix,/novatel/oem7/odom,39.663,-75.756,-1.802358722,0.000813354,-0.002049132,0.000513833,-0.000630493,-0.002049132,,,
1786043812235246224,1786043812.234785582,/novatel/oem7/odom,/novatel/oem7/fix,/novatel/oem7/odom,39.663,-75.756,-1.802358722,0.000813354,-0.002049132,0.000513833,-0.000630493,-0.002049132,,,
1786043812245599046,1786043812.245050085,/novatel/oem7/inspva,/novatel/oem7/inspva,/novatel/oem7/inspva,39.663,-75.756,-1.802357567,0.000895537,-0.002402334,-0.000668079,0.000596370,-0.002402334,,novatel_oem7_msgs.msg.InertialSolutionStatus(status=3),
1786043812246272696,1786043812.245268137,/novatel/oem7/fix,/novatel/oem7/fix,/novatel/oem7/inspva,39.663,-75.756,-1.802357567,0.000895537,-0.002402334,-0.000668079,0.000596370,-0.002402334,,0,
1786043812246824155,1786043812.245830313,/novatel/oem7/odom,/novatel/oem7/fix,/novatel/oem7/odom,39.663,-75.756,-1.802357567,0.000896871,-0.002401837,0.000572251,-0.000690584,-0.002401837,,,
1786043812256645799,1786043812.256248152,/novatel/oem7/odom,/novatel/oem7/fix,/novatel/oem7/odom,39.663,-75.756,-1.802357567,0.000896871,-0.002401837,0.000572251,-0.000690584,-0.002401837,,,
1786043812265281499,1786043812.264968526,/novatel/oem7/inspva,/novatel/oem7/inspva,/novatel/oem7/inspva,39.663,-75.756,-1.802344626,0.000913643,-0.002413021,-0.000705144,0.000580961,-0.002413021,,novatel_oem7_msgs.msg.InertialSolutionStatus(status=3),
1786043812265938732,1786043812.265069865,/novatel/oem7/fix,/novatel/oem7/fix,/novatel/oem7/inspva,39.663,-75.756,-1.802344626,0.000913643,-0.002413021,-0.000705144,0.000580961,-0.002413021,,0,
1786043812266437830,1786043812.265602643,/novatel/oem7/odom,/novatel/oem7/fix,/novatel/oem7/odom,39.663,-75.756,-1.802344626,0.000914520,-0.002412689,0.000555073,-0.000726802,-0.002412689,,,
1786043812274848941,1786043812.274464796,/novatel/oem7/odom,/novatel/oem7/fix,/novatel/oem7/odom,39.663,-75.756,-1.802344626,0.000914520,-0.002412689,0.000555073,-0.000726802,-0.002412689,,,
1786043812286876537,1786043812.286552488,/novatel/oem7/inspva,/novatel/oem7/inspva,/novatel/oem7/inspva,39.663,-75.756,-1.802341521,0.000675565,-0.002239052,-0.000579821,0.000346694,-0.002239052,,novatel_oem7_msgs.msg.InertialSolutionStatus(status=3),
1786043812287620759,1786043812.286663381,/novatel/oem7/fix,/novatel/oem7/fix,/novatel/oem7/inspva,39.663,-75.756,-1.802341521,0.000675565,-0.002239052,-0.000579821,0.000346694,-0.002239052,,0,
1786043812288369496,1786043812.287512057,/novatel/oem7/odom,/novatel/oem7/fix,/novatel/oem7/odom,39.663,-75.756,-1.802341521,0.000674919,-0.002239246,0.000326531,-0.000590672,-0.002239246,,,
1786043812295565635,1786043812.295127234,/novatel/oem7/odom,/novatel/oem7/fix,/novatel/oem7/odom,39.663,-75.756,-1.802341521,0.000674919,-0.002239246,0.000326531,-0.000590672,-0.002239246,,,
1786043812306250267,1786043812.305773336,/novatel/oem7/inspva,/novatel/oem7/inspva,/novatel/oem7/inspva,39.663,-75.756,-1.802331338,0.000828410,-0.002214488,-0.000606240,0.000564568,-0.002214488,,novatel_oem7_msgs.msg.InertialSolutionStatus(status=3),
1786043812306918402,1786043812.305987388,/novatel/oem7/fix,/novatel/oem7/fix,/novatel/oem7/inspva,39.663,-75.756,-1.802331338,0.000828410,-0.002214488,-0.000606240,0.000564568,-0.002214488,,0,
1786043812307446275,1786043812.306517436,/novatel/oem7/odom,/novatel/oem7/fix,/novatel/oem7/odom,39.663,-75.756,-1.802331338,0.000829787,-0.002213972,0.000542759,-0.000627662,-0.002213972,,,
1786043812309683218,1786043812.309344777,/novatel/oem7/bestpos,/novatel/oem7/bestpos,/novatel/oem7/odom,39.663,-75.756,33.180194054,0.000829787,-0.002213972,0.000542759,-0.000627662,-0.002213972,,novatel_oem7_msgs.msg.SolutionStatus(status=0),novatel_oem7_msgs.msg.PositionOrVelocityType(type=53)
1786043812310391105,1786043812.309999461,/novatel/oem7/bestvel,/novatel/oem7/bestpos,/novatel/oem7/bestvel,39.663,-75.756,33.180194054,0.000497155,-0.002312615,,,,126.062583128,novatel_oem7_msgs.msg.SolutionStatus(status=0),novatel_oem7_msgs.msg.PositionOrVelocityType(type=53)
1786043812314950526,1786043812.314586425,/novatel/oem7/odom,/novatel/oem7/bestpos,/novatel/oem7/odom,39.663,-75.756,33.180194054,0.000829787,-0.002213972,0.000542759,-0.000627662,-0.002213972,,,
1786043812325677988,1786043812.325160545,/novatel/oem7/inspva,/novatel/oem7/inspva,/novatel/oem7/inspva,39.663,-75.756,-1.802332583,0.000532053,-0.002396074,-0.000181687,0.000500070,-0.002396074,,novatel_oem7_msgs.msg.InertialSolutionStatus(status=3),
1786043812326371509,1786043812.325377460,/novatel/oem7/fix,/novatel/oem7/fix,/novatel/oem7/inspva,39.663,-75.756,-1.802332583,0.000532053,-0.002396074,-0.000181687,0.000500070,-0.002396074,,0,
1786043812326941018,1786043812.325893262,/novatel/oem7/odom,/novatel/oem7/fix,/novatel/oem7/odom,39.663,-75.756,-1.802332583,0.000538164,-0.002394709,0.000499593,-0.000200066,-0.002394709,,,
1786043812335054963,1786043812.334651480,/novatel/oem7/odom,/novatel/oem7/fix,/novatel/oem7/odom,39.663,-75.756,-1.802332583,0.000538164,-0.002394709,0.000499593,-0.000200066,-0.002394709,,,
1786043812346396064,1786043812.345990425,/novatel/oem7/inspva,/novatel/oem7/inspva,/novatel/oem7/inspva,39.663,-75.756,-1.802322784,0.000770236,-0.002419044,-0.000608254,0.000472537,-0.002419044,,novatel_oem7_msgs.msg.InertialSolutionStatus(status=3),
1786043812347108916,1786043812.346190455,/novatel/oem7/fix,/novatel/oem7/fix,/novatel/oem7/inspva,39.663,-75.756,-1.802322784,0.000770236,-0.002419044,-0.000608254,0.000472537,-0.002419044,,0,
1786043812347661309,1786043812.346701985,/novatel/oem7/odom,/novatel/oem7/fix,/novatel/oem7/odom,39.663,-75.756,-1.802322784,0.000770826,-0.002418856,0.000451521,-0.000624741,-0.002418856,,,
1786043812356077306,1786043812.355708203,/novatel/oem7/odom,/novatel/oem7/fix,/novatel/oem7/odom,39.663,-75.756,-1.802322784,0.000770826,-0.002418856,0.000451521,-0.000624741,-0.002418856,,,
1786043812365532161,1786043812.365167443,/novatel/oem7/inspva,/novatel/oem7/inspva,/novatel/oem7/inspva,39.663,-75.756,-1.802320438,0.000825281,-0.001986809,-0.000324136,0.000758963,-0.001986809,,novatel_oem7_msgs.msg.InertialSolutionStatus(status=3),
1786043812366256439,1786043812.365278527,/novatel/oem7/fix,/novatel/oem7/fix,/novatel/oem7/inspva,39.663,-75.756,-1.802320438,0.000825281,-0.001986809,-0.000324136,0.000758963,-0.001986809,,0,
1786043812367084210,1786043812.366042798,/novatel/oem7/odom,/novatel/oem7/fix,/novatel/oem7/odom,39.663,-75.756,-1.802320438,0.000829931,-0.001984871,0.000749762,-0.000355868,-0.001984871,,,
1786043812375444748,1786043812.375053176,/novatel/oem7/odom,/novatel/oem7/fix,/novatel/oem7/odom,39.663,-75.756,-1.802320438,0.000829931,-0.001984871,0.000749762,-0.000355868,-0.001984871,,,
1786043812385322534,1786043812.384991501,/novatel/oem7/inspva,/novatel/oem7/inspva,/novatel/oem7/inspva,39.663,-75.756,-1.802313623,0.001099512,-0.002063206,-0.000797329,0.000757094,-0.002063206,,novatel_oem7_msgs.msg.InertialSolutionStatus(status=3),
1786043812386029973,1786043812.385108207,/novatel/oem7/fix,/novatel/oem7/fix,/novatel/oem7/inspva,39.663,-75.756,-1.802313623,0.001099512,-0.002063206,-0.000797329,0.000757094,-0.002063206,,0,
1786043812386579143,1786043812.385604102,/novatel/oem7/odom,/novatel/oem7/fix,/novatel/oem7/odom,39.663,-75.756,-1.802313623,0.001100907,-0.002062462,0.000725275,-0.000828235,-0.002062462,,,
1786043812394781713,1786043812.394408354,/novatel/oem7/odom,/novatel/oem7/fix,/novatel/oem7/odom,39.663,-75.756,-1.802313623,0.001100907,-0.002062462,0.000725275,-0.000828235,-0.002062462,,,
1786043812406965729,1786043812.406492213,/novatel/oem7/inspva,/novatel/oem7/inspva,/novatel/oem7/inspva,39.663,-75.756,-1.802314146,0.000937895,-0.002146689,-0.000391708,0.000852181,-0.002146689,,novatel_oem7_msgs.msg.InertialSolutionStatus(status=3),
1786043812407665085,1786043812.406706328,/novatel/oem7/fix,/novatel/oem7/fix,/novatel/oem7/inspva,39.663,-75.756,-1.802314146,0.000937895,-0.002146689,-0.000391708,0.000852181,-0.002146689,,0,
1786043812408167506,1786043812.407181400,/novatel/oem7/odom,/novatel/oem7/fix,/novatel/oem7/odom,39.663,-75.756,-1.802314146,0.000942686,-0.002144590,0.000840184,-0.000427490,-0.002144590,,,
1786043812410364089,1786043812.410058679,/novatel/oem7/bestpos,/novatel/oem7/bestpos,/novatel/oem7/odom,39.663,-75.756,33.180211319,0.000942686,-0.002144590,0.000840184,-0.000427490,-0.002144590,,novatel_oem7_msgs.msg.SolutionStatus(status=0),novatel_oem7_msgs.msg.PositionOrVelocityType(type=53)
1786043812411077701,1786043812.410475851,/novatel/oem7/bestvel,/novatel/oem7/bestpos,/novatel/oem7/bestvel,39.663,-75.756,33.180211319,0.000936029,-0.001944079,,,,130.888465150,novatel_oem7_msgs.msg.SolutionStatus(status=0),novatel_oem7_msgs.msg.PositionOrVelocityType(type=53)
1786043812415282842,1786043812.414935875,/novatel/oem7/odom,/novatel/oem7/bestpos,/novatel/oem7/odom,39.663,-75.756,33.180211319,0.000942686,-0.002144590,0.000840184,-0.000427490,-0.002144590,,,
1786043812425243375,1786043812.424963475,/novatel/oem7/inspva,/novatel/oem7/inspva,/novatel/oem7/inspva,39.663,-75.756,-1.802306456,0.001133374,-0.002052870,-0.000884654,0.000708466,-0.002052870,,novatel_oem7_msgs.msg.InertialSolutionStatus(status=3),
1786043812425986607,1786043812.425057142,/novatel/oem7/fix,/novatel/oem7/fix,/novatel/oem7/inspva,39.663,-75.756,-1.802306456,0.001133374,-0.002052870,-0.000884654,0.000708466,-0.002052870,,0,
1786043812426455954,1786043812.425465421,/novatel/oem7/odom,/novatel/oem7/fix,/novatel/oem7/odom,39.663,-75.756,-1.802306456,0.001133987,-0.002052532,0.000672423,-0.000913113,-0.002052532,,,
1786043812434856817,1786043812.434537403,/novatel/oem7/odom,/novatel/oem7/fix,/novatel/oem7/odom,39.663,-75.756,-1.802306456,0.001133987,-0.002052532,0.000672423,-0.000913113,-0.002052532,,,
1786043812445752695,1786043812.445194824,/novatel/oem7/inspva,/novatel/oem7/inspva,/novatel/oem7/inspva,39.663,-75.756,-1.802311795,0.000805836,-0.002287520,-0.000130045,0.000795273,-0.002287520,,novatel_oem7_msgs.msg.InertialSolutionStatus(status=3),
1786043812446335935,1786043812.445397613,/novatel/oem7/fix,/novatel/oem7/fix,/novatel/oem7/inspva,39.663,-75.756,-1.802311795,0.000805836,-0.002287520,-0.000130045,0.000795273,-0.002287520,,0,
1786043812446837081,1786043812.445890484,/novatel/oem7/odom,/novatel/oem7/fix,/novatel/oem7/odom,39.663,-75.756,-1.802311795,0.000813069,-0.002284959,0.000796553,-0.000163046,-0.002284959,,,
1786043812456617101,1786043812.456281163,/novatel/oem7/odom,/novatel/oem7/fix,/novatel/oem7/odom,39.663,-75.756,-1.802311795,0.000813069,-0.002284959,0.000796553,-0.000163046,-0.002284959,,,
1786043812466441166,1786043812.466045231,/novatel/oem7/inspva,/novatel/oem7/inspva,/novatel/oem7/inspva,39.663,-75.756,-1.802305592,0.001001510,-0.002163265,-0.000809214,0.000590079,-0.002163265,,novatel_oem7_msgs.msg.InertialSolutionStatus(status=3),
1786043812467065659,1786043812.466242139,/novatel/oem7/fix,/novatel/oem7/fix,/novatel/oem7/inspva,39.663,-75.756,-1.802305592,0.001001510,-0.002163265,-0.000809214,0.000590079,-0.002163265,,0,
1786043812467580620,1786043812.466717318,/novatel/oem7/odom,/novatel/oem7/fix,/novatel/oem7/odom,39.663,-75.756,-1.802305592,0.001001729,-0.002163164,0.000558258,-0.000831750,-0.002163164,,,
1786043812474682756,1786043812.474298995,/novatel/oem7/odom,/novatel/oem7/fix,/novatel/oem7/odom,39.663,-75.756,-1.802305592,0.001001729,-0.002163164,0.000558258,-0.000831750,-0.002163164,,,
1786043812485653824,1786043812.485188211,/novatel/oem7/inspva,/novatel/oem7/inspva,/novatel/oem7/inspva,39.663,-75.756,-1.802304726,0.001303112,-0.001662701,-0.000803158,0.001026177,-0.001662701,,novatel_oem7_msgs.msg.InertialSolutionStatus(status=3),
1786043812486270728,1786043812.485398124,/novatel/oem7/fix,/novatel/oem7/fix,/novatel/oem7/inspva,39.663,-75.756,-1.802304726,0.001303112,-0.001662701,-0.000803158,0.001026177,-0.001662701,,0,
1786043812486756790,1786043812.485974539,/novatel/oem7/odom,/novatel/oem7/fix,/novatel/oem7/odom,39.663,-75.756,-1.802304726,0.001305267,-0.001661011,0.000992267,-0.000848014,-0.001661011,,,
1786043812495876352,1786043812.495416748,/novatel/oem7/odom,/novatel/oem7/fix,/novatel/oem7/odom,39.663,-75.756,-1.802304726,0.001305267,-0.001661011,0.000992267,-0.000848014,-0.001661011,,,
1786043812506066828,1786043812.505775820,/novatel/oem7/inspva,/novatel/oem7/inspva,/novatel/oem7/inspva,39.663,-75.756,-1.802299468,0.001354232,-0.001635446,-0.001033285,0.000875366,-0.001635446,,novatel_oem7_msgs.msg.InertialSolutionStatus(status=3),
1786043812506698157,1786043812.505875782,/novatel/oem7/fix,/novatel/oem7/fix,/novatel/oem7/inspva,39.663,-75.756,-1.802299468,0.001354232,-0.001635446,-0.001033285,0.000875366,-0.001635446,,0,
1786043812507189656,1786043812.506430569,/novatel/oem7/odom,/novatel/oem7/fix,/novatel/oem7/odom,39.663,-75.756,-1.802299468,0.001354922,-0.001634874,0.000830401,-0.001070629,-0.001634874,,,
1786043812511481226,1786043812.511184885,/novatel/oem7/bestpos,/novatel/oem7/bestpos,/novatel/oem7/odom,39.663,-75.756,33.180216321,0.001354922,-0.001634874,0.000830401,-0.001070629,-0.001634874,,novatel_oem7_msgs.msg.SolutionStatus(status=0),novatel_oem7_msgs.msg.PositionOrVelocityType(type=53)
1786043812512166141,1786043812.511616750,/novatel/oem7/bestvel,/novatel/oem7/bestpos,/novatel/oem7/bestvel,39.663,-75.756,33.180216321,0.001711845,-0.001703444,,,,135.076362736,novatel_oem7_msgs.msg.SolutionStatus(status=0),novatel_oem7_msgs.msg.PositionOrVelocityType(type=53)
1786043812514804041,1786043812.514466804,/novatel/oem7/odom,/novatel/oem7/bestpos,/novatel/oem7/odom,39.663,-75.756,33.180216321,0.001354922,-0.001634874,0.000830401,-0.001070629,-0.001634874,,,
1786043812526777766,1786043812.526488855,/novatel/oem7/inspva,/novatel/oem7/inspva,/novatel/oem7/inspva,39.663,-75.756,-1.802307235,0.001441167,-0.002198319,-0.000776474,0.001214105,-0.002198319,,novatel_oem7_msgs.msg.InertialSolutionStatus(status=3),
1786043812527452046,1786043812.526584141,/novatel/oem7/fix,/novatel/oem7/fix,/novatel/oem7/inspva,39.663,-75.756,-1.802307235,0.001441167,-0.002198319,-0.000776474,0.001214105,-0.002198319,,0,
1786043812527914304,1786043812.527012504,/novatel/oem7/odom,/novatel/oem7/fix,/novatel/oem7/odom,39.663,-75.756,-1.802307235,0.001444899,-0.002195867,0.001183271,-0.000829219,-0.002195867,,,
1786043812535038249,1786043812.534699592,/novatel/oem7/odom,/novatel/oem7/fix,/novatel/oem7/odom,39.663,-75.756,-1.802307235,0.001444899,-0.002195867,0.001183271,-0.000829219,-0.002195867,,,
1786043812545503854,1786043812.544900307,/novatel/oem7/inspva,/novatel/oem7/inspva,/novatel/oem7/inspva,39.663,-75.756,-1.802300979,0.001235182,-0.002072736,-0.000881414,0.000865322,-0.002072736,,novatel_oem7_msgs.msg.InertialSolutionStatus(status=3),
1786043812546999373,1786043812.544990824,/novatel/oem7/fix,/novatel/oem7/fix,/novatel/oem7/inspva,39.663,-75.756,-1.802300979,0.001235182,-0.002072736,-0.000881414,0.000865322,-0.002072736,,0,
1786043812548198581,1786043812.545406073,/novatel/oem7/odom,/novatel/oem7/fix,/novatel/oem7/odom,39.663,-75.756,-1.802300979,0.001236736,-0.002071809,0.000829367,-0.000917424,-0.002071809,,,
1786043812556857212,1786043812.556044600,/novatel/oem7/odom,/novatel/oem7/fix,/novatel/oem7/odom,39.663,-75.756,-1.802300979,0.001236736,-0.002071809,0.000829367,-0.000917424,-0.002071809,,,
1786043812565720665,1786043812.565154757,/novatel/oem7/inspva,/novatel/oem7/inspva,/novatel/oem7/inspva,39.663,-75.756,-1.802303777,0.001077238,-0.001663363,-0.000631448,0.000872763,-0.001663363,,novatel_oem7_msgs.msg.InertialSolutionStatus(status=3),
1786043812567482876,1786043812.565264487,/novatel/oem7/fix,/novatel/oem7/fix,/novatel/oem7/inspva,39.663,-75.756,-1.802303777,0.001077238,-0.001663363,-0.000631448,0.000872763,-0.001663363,,0,
1786043812568745156,1786043812.565956010,/novatel/oem7/odom,/novatel/oem7/fix,/novatel/oem7/odom,39.663,-75.756,-1.802303777,0.001079669,-0.001661786,0.000847371,-0.000669065,-0.001661786,,,
1786043812575383876,1786043812.574572330,/novatel/oem7/odom,/novatel/oem7/fix,/novatel/oem7/odom,39.663,-75.756,-1.802303777,0.001079669,-0.001661786,0.000847371,-0.000669065,-0.001661786,,,
1786043812586817655,1786043812.586171728,/novatel/oem7/inspva,/novatel/oem7/inspva,/novatel/oem7/inspva,39.663,-75.756,-1.802302863,0.001323707,-0.001927642,-0.000923239,0.000948594,-0.001927642,,novatel_oem7_msgs.msg.InertialSolutionStatus(status=3),
1786043812588392444,1786043812.586326603,/novatel/oem7/fix,/novatel/oem7/fix,/novatel/oem7/inspva,39.663,-75.756,-1.802302863,0.001323707,-0.001927642,-0.000923239,0.000948594,-0.001927642,,0,
1786043812589572233,1786043812.586787151,/novatel/oem7/odom,/novatel/oem7/fix,/novatel/oem7/odom,39.663,-75.756,-1.802302863,0.001325325,-0.001926529,0.000909965,-0.000963561,-0.001926529,,,
1786043812595122325,1786043812.594371154,/novatel/oem7/odom,/novatel/oem7/fix,/novatel/oem7/odom,39.663,-75.756,-1.802302863,0.001325325,-0.001926529,0.000909965,-0.000963561,-0.001926529,,,
1786043812607066286,1786043812.606486994,/novatel/oem7/inspva,/novatel/oem7/inspva,/novatel/oem7/inspva,39.663,-75.756,-1.802307964,0.001316094,-0.001633370,-0.000801144,0.001044161,-0.001633370,,novatel_oem7_msgs.msg.InertialSolutionStatus(status=3),
1786043812608661002,1786043812.606648932,/novatel/oem7/fix,/novatel/oem7/fix,/novatel/oem7/inspva,39.663,-75.756,-1.802307964,0.001316094,-0.001633370,-0.000801144,0.001044161,-0.001633370,,0,
1786043812609990095,1786043812.607014095,/novatel/oem7/odom,/novatel/oem7/fix,/novatel/oem7/odom,39.663,-75.756,-1.802307964,0.001318273,-0.001631612,0.001010219,-0.000846935,-0.001631612,,,
1786043812611728427,1786043812.610155323,/novatel/oem7/bestpos,/novatel/oem7/bestpos,/novatel/oem7/odom,39.663,-75.756,33.180210087,0.001318273,-0.001631612,0.001010219,-0.000846935,-0.001631612,,novatel_oem7_msgs.msg.SolutionStatus(status=0),novatel_oem7_msgs.msg.PositionOrVelocityType(type=53)
1786043812612823598,1786043812.610513434,/novatel/oem7/bestvel,/novatel/oem7/bestpos,/novatel/oem7/bestvel,39.663,-75.756,33.180210087,0.001261594,-0.001504688,,,,134.861361835,novatel_oem7_msgs.msg.SolutionStatus(status=0),novatel_oem7_msgs.msg.PositionOrVelocityType(type=53)
1786043812616308983,1786043812.615596619,/novatel/oem7/odom,/novatel/oem7/bestpos,/novatel/oem7/odom,39.663,-75.756,33.180210087,0.001318273,-0.001631612,0.001010219,-0.000846935,-0.001631612,,,
1786043812625688531,1786043812.625052364,/novatel/oem7/inspva,/novatel/oem7/inspva,/novatel/oem7/inspva,39.663,-75.756,-1.802308889,0.001331097,-0.001729000,-0.000875698,0.001002483,-0.001729000,,novatel_oem7_msgs.msg.InertialSolutionStatus(status=3),
1786043812627289374,1786043812.625139623,/novatel/oem7/fix,/novatel/oem7/fix,/novatel/oem7/inspva,39.663,-75.756,-1.802308889,0.001331097,-0.001729000,-0.000875698,0.001002483,-0.001729000,,0,
1786043812628539040,1786043812.625620303,/novatel/oem7/odom,/novatel/oem7/fix,/novatel/oem7/odom,39.663,-75.756,-1.802308889,0.001332956,-0.001727567,0.000965363,-0.000919155,-0.001727567,,,
1786043812635226070,1786043812.634451891,/novatel/oem7/odom,/novatel/oem7/fix,/novatel/oem7/odom,39.663,-75.756,-1.802308889,0.001332956,-0.001727567,0.000965363,-0.000919155,-0.001727567,,,
1786043812647413454,1786043812.646722643,/novatel/oem7/inspva,/novatel/oem7/inspva,/novatel/oem7/inspva,39.663,-75.756,-1.802321390,0.001552201,-0.002211131,-0.000909639,0.001257730,-0.002211131,,novatel_oem7_msgs.msg.InertialSolutionStatus(status=3),
1786043812649090220,1786043812.646876615,/novatel/oem7/fix,/novatel/oem7/fix,/novatel/oem7/inspva,39.663,-75.756,-1.802321390,0.001552201,-0.002211131,-0.000909639,0.001257730,-0.002211131,,0,
1786043812650459898,1786043812.647224545,/novatel/oem7/odom,/novatel/oem7/fix,/novatel/oem7/odom,39.663,-75.756,-1.802321390,0.001555429,-0.002208861,0.001220477,-0.000964259,-0.002208861,,,
1786043812657599470,1786043812.656791614,/novatel/oem7/odom,/novatel/oem7/fix,/novatel/oem7/odom,39.663,-75.756,-1.802321390,0.001555429,-0.002208861,0.001220477,-0.000964259,-0.002208861,,,
1786043812665584111,1786043812.664987832,/novatel/oem7/inspva,/novatel/oem7/inspva,/novatel/oem7/inspva,39.663,-75.756,-1.802321002,0.001256304,-0.001947092,-0.000621783,0.001091643,-0.001947092,,novatel_oem7_msgs.msg.InertialSolutionStatus(status=3),
1786043812667056329,1786043812.665070573,/novatel/oem7/fix,/novatel/oem7/fix,/novatel/oem7/inspva,39.663,-75.756,-1.802321002,0.001256304,-0.001947092,-0.000621783,0.001091643,-0.001947092,,0,
1786043812668301668,1786043812.665493880,/novatel/oem7/odom,/novatel/oem7/fix,/novatel/oem7/odom,39.663,-75.756,-1.802321002,0.001260000,-0.001944702,0.001067519,-0.000669330,-0.001944702,,,
1786043812676182544,1786043812.675498480,/novatel/oem7/odom,/novatel/oem7/fix,/novatel/oem7/odom,39.663,-75.756,-1.802321002,0.001260000,-0.001944702,0.001067519,-0.000669330,-0.001944702,,,
1786043812685988797,1786043812.685391071,/novatel/oem7/inspva,/novatel/oem7/inspva,/novatel/oem7/inspva,39.663,-75.756,-1.802331785,0.001390727,-0.001947931,-0.001009689,0.000956374,-0.001947931,,novatel_oem7_msgs.msg.InertialSolutionStatus(status=3),
1786043812687687307,1786043812.685569603,/novatel/oem7/fix,/novatel/oem7/fix,/novatel/oem7/inspva,39.663,-75.756,-1.802331785,0.001390727,-0.001947931,-0.001009689,0.000956374,-0.001947931,,0,
1786043812688882549,1786043812.686285503,/novatel/oem7/odom,/novatel/oem7/fix,/novatel/oem7/odom,39.663,-75.756,-1.802331785,0.001392005,-0.001947018,0.000913628,-0.001050220,-0.001947018,,,
1786043812695465113,1786043812.694706761,/novatel/oem7/odom,/novatel/oem7/fix,/novatel/oem7/odom,39.663,-75.756,-1.802331785,0.001392005,-0.001947018,0.000913628,-0.001050220,-0.001947018,,,
1786043812706388409,1786043812.705803593,/novatel/oem7/inspva,/novatel/oem7/inspva,/novatel/oem7/inspva,39.663,-75.756,-1.802332144,0.001332824,-0.001760874,-0.000791901,0.001072060,-0.001760874,,novatel_oem7_msgs.msg.InertialSolutionStatus(status=3),
1786043812708013100,1786043812.705957829,/novatel/oem7/fix,/novatel/oem7/fix,/novatel/oem7/inspva,39.663,-75.756,-1.802332144,0.001332824,-0.001760874,-0.000791901,0.001072060,-0.001760874,,0,
1786043812709221392,1786043812.706435620,/novatel/oem7/odom,/novatel/oem7/fix,/novatel/oem7/odom,39.663,-75.756,-1.802332144,0.001335315,-0.001758986,0.001039030,-0.000838738,-0.001758986,,,
1786043812711080454,1786043812.709295667,/novatel/oem7/bestpos,/novatel/oem7/bestpos,/novatel/oem7/odom,39.663,-75.756,33.180178775,0.001335315,-0.001758986,0.001039030,-0.000838738,-0.001758986,,novatel_oem7_msgs.msg.SolutionStatus(status=0),novatel_oem7_msgs.msg.PositionOrVelocityType(type=53)
1786043812712199005,1786043812.709915506,/novatel/oem7/bestvel,/novatel/oem7/bestpos,/novatel/oem7/bestvel,39.663,-75.756,33.180178775,0.001312475,-0.001847832,,,,121.431722339,novatel_oem7_msgs.msg.SolutionStatus(status=0),novatel_oem7_msgs.msg.PositionOrVelocityType(type=53)
1786043812715444061,1786043812.714726122,/novatel/oem7/odom,/novatel/oem7/bestpos,/novatel/oem7/odom,39.663,-75.756,33.180178775,0.001335315,-0.001758986,0.001039030,-0.000838738,-0.001758986,,,
1786043812725851566,1786043812.725289010,/novatel/oem7/inspva,/novatel/oem7/inspva,/novatel/oem7/inspva,39.663,-75.756,-1.802345626,0.001667414,-0.002001285,-0.001085006,0.001266108,-0.002001285,,novatel_oem7_msgs.msg.InertialSolutionStatus(status=3),
1786043812727508730,1786043812.725368929,/novatel/oem7/fix,/novatel/oem7/fix,/novatel/oem7/inspva,39.663,-75.756,-1.802345626,0.001667414,-0.002001285,-0.001085006,0.001266108,-0.002001285,,0,
1786043812728760022,1786043812.726036572,/novatel/oem7/odom,/novatel/oem7/fix,/novatel/oem7/odom,39.663,-75.756,-1.802345626,0.001669633,-0.001999434,0.001219563,-0.001140324,-0.001999434,,,
1786043812736241691,1786043812.735535510,/novatel/oem7/odom,/novatel/oem7/fix,/novatel/oem7/odom,39.663,-75.756,-1.802345626,0.001669633,-0.001999434,0.001219563,-0.001140324,-0.001999434,,,
1786043812745713470,1786043812.745143809,/novatel/oem7/inspva,/novatel/oem7/inspva,/novatel/oem7/inspva,39.663,-75.756,-1.802349255,0.001607386,-0.002136684,-0.000862985,0.001356077,-0.002136684,,novatel_oem7_msgs.msg.InertialSolutionStatus(status=3),
1786043812747204105,1786043812.745228497,/novatel/oem7/fix,/novatel/oem7/fix,/novatel/oem7/inspva,39.663,-75.756,-1.802349255,0.001607386,-0.002136684,-0.000862985,0.001356077,-0.002136684,,0,
1786043812748608303,1786043812.745730487,/novatel/oem7/odom,/novatel/oem7/fix,/novatel/oem7/odom,39.663,-75.756,-1.802349255,0.001611021,-0.002133944,0.001320681,-0.000922600,-0.002133944,,,
1786043812756317451,1786043812.755610245,/novatel/oem7/odom,/novatel/oem7/fix,/novatel/oem7/odom,39.663,-75.756,-1.802349255,0.001611021,-0.002133944,0.001320681,-0.000922600,-0.002133944,,,
1786043812767021406,1786043812.766463973,/novatel/oem7/inspva,/novatel/oem7/inspva,/novatel/oem7/inspva,39.663,-75.756,-1.802359964,0.002155643,-0.001959385,-0.001613068,0.001429968,-0.001959385,,novatel_oem7_msgs.msg.InertialSolutionStatus(status=3),
1786043812768538107,1786043812.766545670,/novatel/oem7/fix,/novatel/oem7/fix,/novatel/oem7/inspva,39.663,-75.756,-1.802359964,0.002155643,-0.001959385,-0.001613068,0.001429968,-0.001959385,,0,
1786043812769701739,1786043812.766970168,/novatel/oem7/odom,/novatel/oem7/fix,/novatel/oem7/odom,39.663,-75.756,-1.802359964,0.002156632,-0.001958296,0.001357484,-0.001675798,-0.001958296,,,
1786043812775384406,1786043812.774590158,/novatel/oem7/odom,/novatel/oem7/fix,/novatel/oem7/odom,39.663,-75.756,-1.802359964,0.002156632,-0.001958296,0.001357484,-0.001675798,-0.001958296,,,
1786043812786231098,1786043812.784982793,/novatel/oem7/inspva,/novatel/oem7/inspva,/novatel/oem7/inspva,39.663,-75.756,-1.802364514,0.001811819,-0.001994865,-0.001028587,0.001491541,-0.001994865,,novatel_oem7_msgs.msg.InertialSolutionStatus(status=3),
1786043812786910259,1786043812.785284296,/novatel/oem7/fix,/novatel/oem7/fix,/novatel/oem7/inspva,39.663,-75.756,-1.802364514,0.001811819,-0.001994865,-0.001028587,0.001491541,-0.001994865,,0,
1786043812787434651,1786043812.786303900,/novatel/oem7/odom,/novatel/oem7/fix,/novatel/oem7/odom,39.663,-75.756,-1.802364514,0.002156629,-0.001958300,0.001357473,-0.001675802,-0.001958300,,,
1786043812795805520,1786043812.795466713,/novatel/oem7/odom,/novatel/oem7/fix,/novatel/oem7/odom,39.663,-75.756,-1.802364514,0.001814891,-0.001992070,0.001447413,-0.001094908,-0.001992070,,,
1786043812806769122,1786043812.806475834,/novatel/oem7/inspva,/novatel/oem7/inspva,/novatel/oem7/inspva,39.663,-75.756,-1.802379415,0.002455227,-0.002205927,-0.001711558,0.001760315,-0.002205927,,novatel_oem7_msgs.msg.InertialSolutionStatus(status=3),
1786043812807603142,1786043812.806669039,/novatel/oem7/fix,/novatel/oem7/fix,/novatel/oem7/inspva,39.663,-75.756,-1.802379415,0.002455227,-0.002205927,-0.001711558,0.001760315,-0.002205927,,0,
1786043812809240978,1786043812.807156041,/novatel/oem7/odom,/novatel/oem7/fix,/novatel/oem7/odom,39.663,-75.756,-1.802379415,0.002457032,-0.002203916,0.001683593,-0.001789559,-0.002203916,,,
1786043812810705220,1786043812.810156108,/novatel/oem7/bestpos,/novatel/oem7/bestpos,/novatel/oem7/odom,39.663,-75.756,33.180130505,0.002457032,-0.002203916,0.001683593,-0.001789559,-0.002203916,,novatel_oem7_msgs.msg.SolutionStatus(status=0),novatel_oem7_msgs.msg.PositionOrVelocityType(type=53)
1786043812812263626,1786043812.810584636,/novatel/oem7/bestvel,/novatel/oem7/bestpos,/novatel/oem7/bestvel,39.663,-75.756,33.180130505,0.002184592,-0.002334269,,,,130.176310684,novatel_oem7_msgs.msg.SolutionStatus(status=0),novatel_oem7_msgs.msg.PositionOrVelocityType(type=53)
1786043812815209091,1786043812.814778698,/novatel/oem7/odom,/novatel/oem7/bestpos,/novatel/oem7/odom,39.663,-75.756,33.180130505,0.002457032,-0.002203916,0.001683593,-0.001789559,-0.002203916,,,
1786043812826827953,1786043812.826033695,/novatel/oem7/inspva,/novatel/oem7/inspva,/novatel/oem7/inspva,39.663,-75.756,-1.802383568,0.002146657,-0.002155314,-0.001253783,0.001742459,-0.002155314,,novatel_oem7_msgs.msg.InertialSolutionStatus(status=3),
1786043812827669927,1786043812.826229840,/novatel/oem7/fix,/novatel/oem7/fix,/novatel/oem7/inspva,39.663,-75.756,-1.802383568,0.002146657,-0.002155314,-0.001253783,0.001742459,-0.002155314,,0,
1786043812828158101,1786043812.826766792,/novatel/oem7/odom,/novatel/oem7/fix,/novatel/oem7/odom,39.663,-75.756,-1.802383568,0.002149799,-0.002152181,0.001687744,-0.001331598,-0.002152181,,,
1786043812834860844,1786043812.834441747,/novatel/oem7/odom,/novatel/oem7/fix,/novatel/oem7/odom,39.663,-75.756,-1.802383568,0.002149799,-0.002152181,0.001687744,-0.001331598,-0.002152181,,,
1786043812845516437,1786043812.845100347,/novatel/oem7/inspva,/novatel/oem7/inspva,/novatel/oem7/inspva,39.663,-75.756,-1.802395427,0.002227693,-0.001900536,-0.001314912,0.001798228,-0.001900536,,novatel_oem7_msgs.msg.InertialSolutionStatus(status=3),
1786043812846208428,1786043812.845276916,/novatel/oem7/fix,/novatel/oem7/fix,/novatel/oem7/inspva,39.663,-75.756,-1.802395427,0.002227693,-0.001900536,-0.001314912,0.001798228,-0.001900536,,0,
1786043812846728367,1786043812.845794038,/novatel/oem7/odom,/novatel/oem7/fix,/novatel/oem7/odom,39.663,-75.756,-1.802395427,0.002230437,-0.001897315,0.001739567,-0.001395978,-0.001897315,,,
1786043812856769890,1786043812.856262740,/novatel/oem7/odom,/novatel/oem7/fix,/novatel/oem7/odom,39.663,-75.756,-1.802395427,0.002230437,-0.001897315,0.001739567,-0.001395978,-0.001897315,,,
1786043812865557012,1786043812.865066972,/novatel/oem7/inspva,/novatel/oem7/inspva,/novatel/oem7/inspva,39.663,-75.756,-1.802399589,0.002356754,-0.001955660,-0.001268398,0.001986318,-0.001955660,,novatel_oem7_msgs.msg.InertialSolutionStatus(status=3),
1786043812866178249,1786043812.865232098,/novatel/oem7/fix,/novatel/oem7/fix,/novatel/oem7/inspva,39.663,-75.756,-1.802399589,0.002356754,-0.001955660,-0.001268398,0.001986318,-0.001955660,,0,
1786043812866649945,1786043812.865724196,/novatel/oem7/odom,/novatel/oem7/fix,/novatel/oem7/odom,39.663,-75.756,-1.802399589,0.002360100,-0.001951620,0.001929891,-0.001358526,-0.001951620,,,
1786043812874890852,1786043812.874350783,/novatel/oem7/odom,/novatel/oem7/fix,/novatel/oem7/odom,39.663,-75.756,-1.802399589,0.002360100,-0.001951620,0.001929891,-0.001358526,-0.001951620,,,
1786043812887087221,1786043812.886709051,/novatel/oem7/inspva,/novatel/oem7/inspva,/novatel/oem7/inspva,39.663,-75.756,-1.802411944,0.002669583,-0.002037048,-0.001773324,0.001995493,-0.002037048,,novatel_oem7_msgs.msg.InertialSolutionStatus(status=3),
1786043812887748708,1786043812.886875343,/novatel/oem7/fix,/novatel/oem7/fix,/novatel/oem7/inspva,39.663,-75.756,-1.802411944,0.002669583,-0.002037048,-0.001773324,0.001995493,-0.002037048,,0,
1786043812888211721,1786043812.887266867,/novatel/oem7/odom,/novatel/oem7/fix,/novatel/oem7/odom,39.663,-75.756,-1.802411944,0.002671700,-0.002034271,0.001914886,-0.001863114,-0.002034271,,,
1786043812895381870,1786043812.894972855,/novatel/oem7/odom,/novatel/oem7/fix,/novatel/oem7/odom,39.663,-75.756,-1.802411944,0.002671700,-0.002034271,0.001914886,-0.001863114,-0.002034271,,,
1786043812906071852,1786043812.905679603,/novatel/oem7/inspva,/novatel/oem7/inspva,/novatel/oem7/inspva,39.663,-75.756,-1.802414671,0.002651415,-0.001849380,-0.001505390,0.002182614,-0.001849380,,novatel_oem7_msgs.msg.InertialSolutionStatus(status=3),
1786043812906729327,1786043812.905848984,/novatel/oem7/fix,/novatel/oem7/fix,/novatel/oem7/inspva,39.663,-75.756,-1.802414671,0.002651415,-0.001849380,-0.001505390,0.002182614,-0.001849380,,0,
1786043812907232167,1786043812.906322933,/novatel/oem7/odom,/novatel/oem7/fix,/novatel/oem7/odom,39.663,-75.756,-1.802414671,0.002654286,-0.001845258,0.002114061,-0.001604986,-0.001845258,,,
1786043812910645574,1786043812.910136481,/novatel/oem7/bestpos,/novatel/oem7/bestpos,/novatel/oem7/odom,39.663,-75.756,33.180103228,0.002654286,-0.001845258,0.002114061,-0.001604986,-0.001845258,,novatel_oem7_msgs.msg.SolutionStatus(status=0),novatel_oem7_msgs.msg.PositionOrVelocityType(type=53)
1786043812911283601,1786043812.910615869,/novatel/oem7/bestvel,/novatel/oem7/bestpos,/novatel/oem7/bestvel,39.663,-75.756,33.180103228,0.002458003,-0.001351716,,,,139.040803229,novatel_oem7_msgs.msg.SolutionStatus(status=0),novatel_oem7_msgs.msg.PositionOrVelocityType(type=53)
1786043812915798905,1786043812.915418185,/novatel/oem7/odom,/novatel/oem7/bestpos,/novatel/oem7/odom,39.663,-75.756,33.180103228,0.002654286,-0.001845258,0.002114061,-0.001604986,-0.001845258,,,
1786043812925586318,1786043812.925210944,/novatel/oem7/inspva,/novatel/oem7/inspva,/novatel/oem7/inspva,39.663,-75.756,-1.802428872,0.002578000,-0.001922230,-0.001585295,0.002032959,-0.001922230,,novatel_oem7_msgs.msg.InertialSolutionStatus(status=3),
1786043812926241423,1786043812.925404249,/novatel/oem7/fix,/novatel/oem7/fix,/novatel/oem7/inspva,39.663,-75.756,-1.802428872,0.002578000,-0.001922230,-0.001585295,0.002032959,-0.001922230,,0,
1786043812926898902,1786043812.925997445,/novatel/oem7/odom,/novatel/oem7/fix,/novatel/oem7/odom,39.663,-75.756,-1.802428872,0.002580536,-0.001918824,0.001961005,-0.001677387,-0.001918824,,,
1786043812935286514,1786043812.934925988,/novatel/oem7/odom,/novatel/oem7/fix,/novatel/oem7/odom,39.663,-75.756,-1.802428872,0.002580536,-0.001918824,0.001961005,-0.001677387,-0.001918824,,,
1786043812946354200,1786043812.945990560,/novatel/oem7/inspva,/novatel/oem7/inspva,/novatel/oem7/inspva,39.663,-75.756,-1.802433874,0.002540595,-0.001998536,-0.001278983,0.002195183,-0.001998536,,novatel_oem7_msgs.msg.InertialSolutionStatus(status=3),
1786043812946989609,1786043812.946192272,/novatel/oem7/fix,/novatel/oem7/fix,/novatel/oem7/inspva,39.663,-75.756,-1.802433874,0.002540595,-0.001998536,-0.001278983,0.002195183,-0.001998536,,0,
1786043812947471132,1786043812.946600270,/novatel/oem7/odom,/novatel/oem7/fix,/novatel/oem7/odom,39.663,-75.756,-1.802433874,0.002544343,-0.001993763,0.002138156,-0.001379120,-0.001993763,,,
1786043812956229173,1786043812.955837633,/novatel/oem7/odom,/novatel/oem7/fix,/novatel/oem7/odom,39.663,-75.756,-1.802433874,0.002544343,-0.001993763,0.002138156,-0.001379120,-0.001993763,,,
1786043812965696897,1786043812.965231758,/novatel/oem7/inspva,/novatel/oem7/inspva,/novatel/oem7/inspva,39.663,-75.756,-1.802444794,0.002429303,-0.001640513,-0.001405483,0.001981447,-0.001640513,,novatel_oem7_msgs.msg.InertialSolutionStatus(status=3),
1786043812966320213,1786043812.965467564,/novatel/oem7/fix,/novatel/oem7/fix,/novatel/oem7/inspva,39.663,-75.756,-1.802444794,0.002429303,-0.001640513,-0.001405483,0.001981447,-0.001640513,,0,
1786043812966800151,1786043812.965978912,/novatel/oem7/odom,/novatel/oem7/fix,/novatel/oem7/odom,39.663,-75.756,-1.802444794,0.002431767,-0.001636859,0.001917188,-0.001495954,-0.001636859,,,
1786043812975783436,1786043812.975404534,/novatel/oem7/odom,/novatel/oem7/fix,/novatel/oem7/odom,39.663,-75.756,-1.802444794,0.002431767,-0.001636859,0.001917188,-0.001495954,-0.001636859,,,
1786043812985655989,1786043812.985098092,/novatel/oem7/inspva,/novatel/oem7/inspva,/novatel/oem7/inspva,39.663,-75.756,-1.802448960,0.002484854,-0.001552040,-0.001408713,0.002046956,-0.001552040,,novatel_oem7_msgs.msg.InertialSolutionStatus(status=3),
1786043812986288003,1786043812.985265120,/novatel/oem7/fix,/novatel/oem7/fix,/novatel/oem7/inspva,39.663,-75.756,-1.802448960,0.002484854,-0.001552040,-0.001408713,0.002046956,-0.001552040,,0,
1786043812986776900,1786043812.985722528,/novatel/oem7/odom,/novatel/oem7/fix,/novatel/oem7/odom,39.663,-75.756,-1.802448960,0.002487270,-0.001548165,0.001982121,-0.001502568,-0.001548165,,,
1786043812994692403,1786043812.994277988,/novatel/oem7/odom,/novatel/oem7/fix,/novatel/oem7/odom,39.663,-75.756,-1.802448960,0.002487270,-0.001548165,0.001982121,-0.001502568,-0.001548165,,,
1786043813008745866,1786043813.008361117,/novatel/oem7/inspva,/novatel/oem7/inspva,/novatel/oem7/inspva,39.663,-75.756,-1.802463926,0.002939208,-0.001797834,-0.001552133,0.002495962,-0.001797834,,novatel_oem7_msgs.msg.InertialSolutionStatus(status=3),
1786043813009360488,1786043813.008543339,/novatel/oem7/fix,/novatel/oem7/fix,/novatel/oem7/inspva,39.663,-75.756,-1.802463926,0.002939208,-0.001797834,-0.001552133,0.002495962,-0.001797834,,0,
1786043813010120777,1786043813.009654890,/novatel/oem7/odom,/novatel/oem7/fix,/novatel/oem7/odom,39.663,-75.756,-1.802463926,0.002942330,-0.001792720,0.002424562,-0.001666975,-0.001792720,,,
1786043813016751127,1786043813.016331034,/novatel/oem7/odom,/novatel/oem7/fix,/novatel/oem7/odom,39.663,-75.756,-1.802463926,0.002942330,-0.001792720,0.002424562,-0.001666975,-0.001792720,,,
1786043813025720623,1786043813.025355419,/novatel/oem7/bestpos,/novatel/oem7/bestpos,/novatel/oem7/odom,39.663,-75.756,33.180054448,0.002942330,-0.001792720,0.002424562,-0.001666975,-0.001792720,,novatel_oem7_msgs.msg.SolutionStatus(status=0),novatel_oem7_msgs.msg.PositionOrVelocityType(type=53)
1786043813026766105,1786043813.026299343,/novatel/oem7/bestvel,/novatel/oem7/bestpos,/novatel/oem7/bestvel,39.663,-75.756,33.180054448,0.002661528,-0.001619845,,,,125.843756226,novatel_oem7_msgs.msg.SolutionStatus(status=0),novatel_oem7_msgs.msg.PositionOrVelocityType(type=53)
1786043813027545654,1786043813.026799545,/novatel/oem7/inspva,/novatel/oem7/inspva,/novatel/oem7/inspva,39.663,-75.756,-1.802465832,0.002859435,-0.001643606,-0.001647446,0.002337154,-0.001643606,,novatel_oem7_msgs.msg.InertialSolutionStatus(status=3),
1786043813027960238,1786043813.026929970,/novatel/oem7/fix,/novatel/oem7/fix,/novatel/oem7/inspva,39.663,-75.756,-1.802465832,0.002859435,-0.001643606,-0.001647446,0.002337154,-0.001643606,,0,
1786043813028674565,1786043813.027353956,/novatel/oem7/odom,/novatel/oem7/fix,/novatel/oem7/odom,39.663,-75.756,-1.802465832,0.002861905,-0.001639302,0.002260736,-0.001754870,-0.001639302,,,
1786043813035984632,1786043813.035540369,/novatel/oem7/odom,/novatel/oem7/fix,/novatel/oem7/odom,39.663,-75.756,-1.802465832,0.002861905,-0.001639302,0.002260736,-0.001754870,-0.001639302,,,
1786043813045924646,1786043813.045482522,/novatel/oem7/inspva,/novatel/oem7/inspva,/novatel/oem7/inspva,39.663,-75.756,-1.802445482,0.002729023,-0.001393707,-0.001650707,0.002173185,-0.001393707,,novatel_oem7_msgs.msg.InertialSolutionStatus(status=3),
1786043813046569211,1786043813.045684287,/novatel/oem7/fix,/novatel/oem7/fix,/novatel/oem7/inspva,39.663,-75.756,-1.802445482,0.002729023,-0.001393707,-0.001650707,0.002173185,-0.001393707,,0,
1786043813047087164,1786043813.046261040,/novatel/oem7/odom,/novatel/oem7/fix,/novatel/oem7/odom,39.663,-75.756,-1.802445482,0.002730903,-0.001390018,0.002095863,-0.001750769,-0.001390018,,,
1786043813056979803,1786043813.056561984,/novatel/oem7/odom,/novatel/oem7/fix,/novatel/oem7/odom,39.663,-75.756,-1.802445482,0.002730903,-0.001390018,0.002095863,-0.001750769,-0.001390018,,,
1786043813066399330,1786043813.066124591,/novatel/oem7/inspva,/novatel/oem7/inspva,/novatel/oem7/inspva,39.663,-75.756,-1.802420672,0.002473787,-0.001452590,-0.001393518,0.002043950,-0.001452590,,novatel_oem7_msgs.msg.InertialSolutionStatus(status=3),
1786043813067002940,1786043813.066290279,/novatel/oem7/fix,/novatel/oem7/fix,/novatel/oem7/inspva,39.663,-75.756,-1.802420672,0.002473787,-0.001452590,-0.001393518,0.002043950,-0.001452590,,0,
1786043813067522970,1786043813.066667419,/novatel/oem7/odom,/novatel/oem7/fix,/novatel/oem7/odom,39.663,-75.756,-1.802420672,0.002476069,-0.001448697,0.001979476,-0.001487478,-0.001448697,,,
1786043813075053775,1786043813.074594643,/novatel/oem7/odom,/novatel/oem7/fix,/novatel/oem7/odom,39.663,-75.756,-1.802420672,0.002476069,-0.001448697,0.001979476,-0.001487478,-0.001448697,,,
1786043813085677447,1786043813.085315531,/novatel/oem7/inspva,/novatel/oem7/inspva,/novatel/oem7/inspva,39.663,-75.756,-1.802403823,0.002512977,-0.001491927,-0.001461696,0.002044138,-0.001491927,,novatel_oem7_msgs.msg.InertialSolutionStatus(status=3),
1786043813086275730,1786043813.085527120,/novatel/oem7/fix,/novatel/oem7/fix,/novatel/oem7/inspva,39.663,-75.756,-1.802403823,0.002512977,-0.001491927,-0.001461696,0.002044138,-0.001491927,,0,
1786043813086958844,1786043813.086188510,/novatel/oem7/odom,/novatel/oem7/fix,/novatel/oem7/odom,39.663,-75.756,-1.802403823,0.002515174,-0.001488222,0.001976488,-0.001555504,-0.001488222,,,
1786043813096054677,1786043813.095720216,/novatel/oem7/odom,/novatel/oem7/fix,/novatel/oem7/odom,39.663,-75.756,-1.802403823,0.002515174,-0.001488222,0.001976488,-0.001555504,-0.001488222,,,
1786043813106501944,1786043813.106051691,/novatel/oem7/inspva,/novatel/oem7/inspva,/novatel/oem7/inspva,39.663,-75.756,-1.802376865,0.002586652,-0.001282914,-0.001564776,0.002059671,-0.001282914,,novatel_oem7_msgs.msg.InertialSolutionStatus(status=3),
1786043813107082308,1786043813.106223219,/novatel/oem7/fix,/novatel/oem7/fix,/novatel/oem7/inspva,39.663,-75.756,-1.802376865,0.002586652,-0.001282914,-0.001564776,0.002059671,-0.001282914,,0,
1786043813107597252,1786043813.106638347,/novatel/oem7/odom,/novatel/oem7/fix,/novatel/oem7/odom,39.663,-75.756,-1.802376865,0.002588386,-0.001279412,0.001986242,-0.001659695,-0.001279412,,,
1786043813109866860,1786043813.109538899,/novatel/oem7/bestpos,/novatel/oem7/bestpos,/novatel/oem7/odom,39.663,-75.756,33.180145573,0.002588386,-0.001279412,0.001986242,-0.001659695,-0.001279412,,novatel_oem7_msgs.msg.SolutionStatus(status=0),novatel_oem7_msgs.msg.PositionOrVelocityType(type=53)
1786043813110704829,1786043813.110259777,/novatel/oem7/bestvel,/novatel/oem7/bestpos,/novatel/oem7/bestvel,39.663,-75.756,33.180145573,0.002702771,-0.001425519,,,,123.491245847,novatel_oem7_msgs.msg.SolutionStatus(status=0),novatel_oem7_msgs.msg.PositionOrVelocityType(type=53)
1786043813114896982,1786043813.114560133,/novatel/oem7/odom,/novatel/oem7/bestpos,/novatel/oem7/odom,39.663,-75.756,33.180145573,0.002588386,-0.001279412,0.001986242,-0.001659695,-0.001279412,,,
1786043813126771135,1786043813.126491704,/novatel/oem7/inspva,/novatel/oem7/inspva,/novatel/oem7/inspva,39.663,-75.756,-1.802360762,0.002971147,-0.001357447,-0.001943692,0.002247170,-0.001357447,,novatel_oem7_msgs.msg.InertialSolutionStatus(status=3),
1786043813127394374,1786043813.126667665,/novatel/oem7/fix,/novatel/oem7/fix,/novatel/oem7/inspva,39.663,-75.756,-1.802360762,0.002971147,-0.001357447,-0.001943692,0.002247170,-0.001357447,,0,
1786043813127876741,1786043813.127083113,/novatel/oem7/odom,/novatel/oem7/fix,/novatel/oem7/odom,39.663,-75.756,-1.802360762,0.002972616,-0.001354227,0.002155437,-0.002047080,-0.001354227,,,
1786043813135840502,1786043813.135496075,/novatel/oem7/odom,/novatel/oem7/fix,/novatel/oem7/odom,39.663,-75.756,-1.802360762,0.002972616,-0.001354227,0.002155437,-0.002047080,-0.001354227,,,
1786043813145469894,1786043813.145181593,/novatel/oem7/inspva,/novatel/oem7/inspva,/novatel/oem7/inspva,39.663,-75.756,-1.802336409,0.002749827,-0.001327746,-0.001695307,0.002165059,-0.001327746,,novatel_oem7_msgs.msg.InertialSolutionStatus(status=3),
1786043813146061573,1786043813.145348014,/novatel/oem7/fix,/novatel/oem7/fix,/novatel/oem7/inspva,39.663,-75.756,-1.802336409,0.002749827,-0.001327746,-0.001695307,0.002165059,-0.001327746,,0,
1786043813146553325,1786043813.145678321,/novatel/oem7/odom,/novatel/oem7/fix,/novatel/oem7/odom,39.663,-75.756,-1.802336409,0.002751544,-0.001324183,0.002085344,-0.001795087,-0.001324183,,,
1786043813156011227,1786043813.155624428,/novatel/oem7/odom,/novatel/oem7/fix,/novatel/oem7/odom,39.663,-75.756,-1.802336409,0.002751544,-0.001324183,0.002085344,-0.001795087,-0.001324183,,,
1786043813166200180,1786043813.165902109,/novatel/oem7/inspva,/novatel/oem7/inspva,/novatel/oem7/inspva,39.663,-75.756,-1.802324391,0.002356160,-0.001600669,-0.001581405,0.001746610,-0.001600669,,novatel_oem7_msgs.msg.InertialSolutionStatus(status=3),
1786043813166890656,1786043813.166071520,/novatel/oem7/fix,/novatel/oem7/fix,/novatel/oem7/inspva,39.663,-75.756,-1.802324391,0.002356160,-0.001600669,-0.001581405,0.001746610,-0.001600669,,0,
1786043813167692114,1786043813.166624899,/novatel/oem7/odom,/novatel/oem7/fix,/novatel/oem7/odom,39.663,-75.756,-1.802324391,0.002357742,-0.001598338,0.001673935,-0.001660388,-0.001598338,,,
1786043813175136688,1786043813.174747061,/novatel/oem7/odom,/novatel/oem7/fix,/novatel/oem7/odom,39.663,-75.756,-1.802324391,0.002357742,-0.001598338,0.001673935,-0.001660388,-0.001598338,,,
1786043813186790763,1786043813.186276692,/novatel/oem7/inspva,/novatel/oem7/inspva,/novatel/oem7/inspva,39.663,-75.756,-1.802298226,0.002373055,-0.001152647,-0.001502244,0.001837023,-0.001152647,,novatel_oem7_msgs.msg.InertialSolutionStatus(status=3),
1786043813187501756,1786043813.186499390,/novatel/oem7/fix,/novatel/oem7/fix,/novatel/oem7/inspva,39.663,-75.756,-1.802298226,0.002373055,-0.001152647,-0.001502244,0.001837023,-0.001152647,,0,
1786043813188019929,1786043813.186947185,/novatel/oem7/odom,/novatel/oem7/fix,/novatel/oem7/odom,39.663,-75.756,-1.802298226,0.002374435,-0.001149800,0.001766387,-0.001586764,-0.001149800,,,
1786043813195924484,1786043813.195556042,/novatel/oem7/odom,/novatel/oem7/fix,/novatel/oem7/odom,39.663,-75.756,-1.802298226,0.002374435,-0.001149800,0.001766387,-0.001586764,-0.001149800,,,
1786043813206873093,1786043813.206583503,/novatel/oem7/inspva,/novatel/oem7/inspva,/novatel/oem7/inspva,39.663,-75.756,-1.802286589,0.002023403,-0.001496724,-0.001515326,0.001340874,-0.001496724,,novatel_oem7_msgs.msg.InertialSolutionStatus(status=3),
1786043813207532427,1786043813.206760288,/novatel/oem7/fix,/novatel/oem7/fix,/novatel/oem7/inspva,39.663,-75.756,-1.802286589,0.002023403,-0.001496724,-0.001515326,0.001340874,-0.001496724,,0,
1786043813208481395,1786043813.207506286,/novatel/oem7/odom,/novatel/oem7/fix,/novatel/oem7/odom,39.663,-75.756,-1.802286589,0.002024167,-0.001495690,0.001271495,-0.001574977,-0.001495690,,,
1786043813210630766,1786043813.210247060,/novatel/oem7/bestpos,/novatel/oem7/bestpos,/novatel/oem7/odom,39.663,-75.756,33.180236826,0.002024167,-0.001495690,0.001271495,-0.001574977,-0.001495690,,novatel_oem7_msgs.msg.SolutionStatus(status=0),novatel_oem7_msgs.msg.PositionOrVelocityType(type=53)
1786043813211315987,1786043813.210727769,/novatel/oem7/bestvel,/novatel/oem7/bestpos,/novatel/oem7/bestvel,39.663,-75.756,33.180236826,0.002510349,-0.001380654,,,,140.594684271,novatel_oem7_msgs.msg.SolutionStatus(status=0),novatel_oem7_msgs.msg.PositionOrVelocityType(type=53)
1786043813216026906,1786043813.215639364,/novatel/oem7/odom,/novatel/oem7/bestpos,/novatel/oem7/odom,39.663,-75.756,33.180236826,0.002024167,-0.001495690,0.001271495,-0.001574977,-0.001495690,,,
1786043813225824661,1786043813.225387060,/novatel/oem7/inspva,/novatel/oem7/inspva,/novatel/oem7/inspva,39.663,-75.756,-1.802262398,0.002156544,-0.001314701,-0.001444123,0.001601621,-0.001314701,,novatel_oem7_msgs.msg.InertialSolutionStatus(status=3),
1786043813226520727,1786043813.225583562,/novatel/oem7/fix,/novatel/oem7/fix,/novatel/oem7/inspva,39.663,-75.756,-1.802262398,0.002156544,-0.001314701,-0.001444123,0.001601621,-0.001314701,,0,
1786043813227033153,1786043813.226051433,/novatel/oem7/odom,/novatel/oem7/fix,/novatel/oem7/odom,39.663,-75.756,-1.802262398,0.002157855,-0.001312548,0.001534690,-0.001516926,-0.001312548,,,
1786043813234927527,1786043813.234480719,/novatel/oem7/odom,/novatel/oem7/fix,/novatel/oem7/odom,39.663,-75.756,-1.802262398,0.002157855,-0.001312548,0.001534690,-0.001516926,-0.001312548,,,
1786043813246891290,1786043813.246373502,/novatel/oem7/inspva,/novatel/oem7/inspva,/novatel/oem7/inspva,39.663,-75.756,-1.802246231,0.002405550,-0.000996145,-0.001760609,0.001639184,-0.000996145,,novatel_oem7_msgs.msg.InertialSolutionStatus(status=3),
1786043813247581825,1786043813.246564561,/novatel/oem7/fix,/novatel/oem7/fix,/novatel/oem7/inspva,39.663,-75.756,-1.802246231,0.002405550,-0.000996145,-0.001760609,0.001639184,-0.000996145,,0,
1786043813248078447,1786043813.247218204,/novatel/oem7/odom,/novatel/oem7/fix,/novatel/oem7/odom,39.663,-75.756,-1.802246231,0.002406166,-0.000994655,0.001555700,-0.001835601,-0.000994655,,,
1786043813256650339,1786043813.256251005,/novatel/oem7/odom,/novatel/oem7/fix,/novatel/oem7/odom,39.663,-75.756,-1.802246231,0.002406166,-0.000994655,0.001555700,-0.001835601,-0.000994655,,,
1786043813265294390,1786043813.264872062,/novatel/oem7/inspva,/novatel/oem7/inspva,/novatel/oem7/inspva,39.663,-75.756,-1.802223511,0.002521228,-0.001003840,-0.001780380,0.001785171,-0.001003840,,novatel_oem7_msgs.msg.InertialSolutionStatus(status=3),
1786043813265972298,1786043813.265043787,/novatel/oem7/fix,/novatel/oem7/fix,/novatel/oem7/inspva,39.663,-75.756,-1.802223511,0.002521228,-0.001003840,-0.001780380,0.001785171,-0.001003840,,0,
1786043813266486626,1786043813.265521585,/novatel/oem7/odom,/novatel/oem7/fix,/novatel/oem7/odom,39.663,-75.756,-1.802223511,0.002522010,-0.001001872,0.001700580,-0.001862408,-0.001001872,,,
1786043813274789848,1786043813.274351671,/novatel/oem7/odom,/novatel/oem7/fix,/novatel/oem7/odom,39.663,-75.756,-1.802223511,0.002522010,-0.001001872,0.001700580,-0.001862408,-0.001001872,,,
1786043813286893515,1786043813.286522918,/novatel/oem7/inspva,/novatel/oem7/inspva,/novatel/oem7/inspva,39.663,-75.756,-1.802209890,0.002076860,-0.001341743,-0.001486669,0.001450229,-0.001341743,,novatel_oem7_msgs.msg.InertialSolutionStatus(status=3),
1786043813287573151,1786043813.286689202,/novatel/oem7/fix,/novatel/oem7/fix,/novatel/oem7/inspva,39.663,-75.756,-1.802209890,0.002076860,-0.001341743,-0.001486669,0.001450229,-0.001341743,,0,
1786043813288606442,1786043813.287122637,/novatel/oem7/odom,/novatel/oem7/fix,/novatel/oem7/odom,39.663,-75.756,-1.802209890,0.002077822,-0.001340254,0.001381538,-0.001551998,-0.001340254,,,
1786043813295380119,1786043813.294974706,/novatel/oem7/odom,/novatel/oem7/fix,/novatel/oem7/odom,39.663,-75.756,-1.802209890,0.002077822,-0.001340254,0.001381538,-0.001551998,-0.001340254,,,
1786043813306123424,1786043813.305756085,/novatel/oem7/inspva,/novatel/oem7/inspva,/novatel/oem7/inspva,39.663,-75.756,-1.802186300,0.002082569,-0.001287764,-0.001466856,0.001478319,-0.001287764,,novatel_oem7_msgs.msg.InertialSolutionStatus(status=3),
1786043813306755293,1786043813.305923464,/novatel/oem7/fix,/novatel/oem7/fix,/novatel/oem7/inspva,39.663,-75.756,-1.802186300,0.002082569,-0.001287764,-0.001466856,0.001478319,-0.001287764,,0,
1786043813307416521,1786043813.306479646,/novatel/oem7/odom,/novatel/oem7/fix,/novatel/oem7/odom,39.663,-75.756,-1.802186300,0.002083581,-0.001286127,0.001410351,-0.001533694,-0.001286127,,,
1786043813310080992,1786043813.309397182,/novatel/oem7/bestpos,/novatel/oem7/bestpos,/novatel/oem7/odom,39.663,-75.756,33.180325044,0.002083581,-0.001286127,0.001410351,-0.001533694,-0.001286127,,novatel_oem7_msgs.msg.SolutionStatus(status=0),novatel_oem7_msgs.msg.PositionOrVelocityType(type=53)
1786043813311557527,1786043813.310188494,/novatel/oem7/bestvel,/novatel/oem7/bestpos,/novatel/oem7/bestvel,39.663,-75.756,33.180325044,0.002094734,-0.001337498,,,,133.003018639,novatel_oem7_msgs.msg.SolutionStatus(status=0),novatel_oem7_msgs.msg.PositionOrVelocityType(type=53)
1786043813315970735,1786043813.315301565,/novatel/oem7/odom,/novatel/oem7/bestpos,/novatel/oem7/odom,39.663,-75.756,33.180325044,0.002083581,-0.001286127,0.001410351,-0.001533694,-0.001286127,,,
1786043813325849098,1786043813.325317847,/novatel/oem7/inspva,/novatel/oem7/inspva,/novatel/oem7/inspva,39.663,-75.756,-1.802171022,0.002031058,-0.001027841,-0.001332221,0.001533096,-0.001027841,,novatel_oem7_msgs.msg.InertialSolutionStatus(status=3),
1786043813327192895,1786043813.325523326,/novatel/oem7/fix,/novatel/oem7/fix,/novatel/oem7/inspva,39.663,-75.756,-1.802171022,0.002031058,-0.001027841,-0.001332221,0.001533096,-0.001027841,,0,
1786043813328245526,1786043813.326017770,/novatel/oem7/odom,/novatel/oem7/fix,/novatel/oem7/odom,39.663,-75.756,-1.802171022,0.002032166,-0.001025648,0.001470601,-0.001402509,-0.001025648,,,
1786043813335406685,1786043813.334768408,/novatel/oem7/odom,/novatel/oem7/fix,/novatel/oem7/odom,39.663,-75.756,-1.802171022,0.002032166,-0.001025648,0.001470601,-0.001402509,-0.001025648,,,
1786043813346445186,1786043813.345923817,/novatel/oem7/inspva,/novatel/oem7/inspva,/novatel/oem7/inspva,39.663,-75.756,-1.802149206,0.001993991,-0.001109316,-0.001250274,0.001553324,-0.001109316,,novatel_oem7_msgs.msg.InertialSolutionStatus(status=3),
1786043813347761099,1786043813.346001997,/novatel/oem7/fix,/novatel/oem7/fix,/novatel/oem7/inspva,39.663,-75.756,-1.802149206,0.001993991,-0.001109316,-0.001250274,0.001553324,-0.001109316,,0,
1786043813348792310,1786043813.346509201,/novatel/oem7/odom,/novatel/oem7/fix,/novatel/oem7/odom,39.663,-75.756,-1.802149206,0.001995355,-0.001106861,0.001495061,-0.001321451,-0.001106861,,,
1786043813356315513,1786043813.355661316,/novatel/oem7/odom,/novatel/oem7/fix,/novatel/oem7/odom,39.663,-75.756,-1.802149206,0.001995355,-0.001106861,0.001495061,-0.001321451,-0.001106861,,,
1786043813365537013,1786043813.365008768,/novatel/oem7/inspva,/novatel/oem7/inspva,/novatel/oem7/inspva,39.663,-75.756,-1.802135883,0.002290993,-0.001156750,-0.001524048,0.001710534,-0.001156750,,novatel_oem7_msgs.msg.InertialSolutionStatus(status=3),
1786043813366843956,1786043813.365203256,/novatel/oem7/fix,/novatel/oem7/fix,/novatel/oem7/inspva,39.663,-75.756,-1.802135883,0.002290993,-0.001156750,-0.001524048,0.001710534,-0.001156750,,0,
1786043813367889803,1786043813.365691471,/novatel/oem7/odom,/novatel/oem7/fix,/novatel/oem7/odom,39.663,-75.756,-1.802135883,0.002292165,-0.001154426,0.001638996,-0.001602408,-0.001154426,,,
1786043813375963098,1786043813.375318268,/novatel/oem7/odom,/novatel/oem7/fix,/novatel/oem7/odom,39.663,-75.756,-1.802135883,0.002292165,-0.001154426,0.001638996,-0.001602408,-0.001154426,,,
1786043813385455260,1786043813.384931152,/novatel/oem7/inspva,/novatel/oem7/inspva,/novatel/oem7/inspva,39.663,-75.756,-1.802114697,0.002306808,-0.001405362,-0.001454989,0.001790075,-0.001405362,,novatel_oem7_msgs.msg.InertialSolutionStatus(status=3),
1786043813386753300,1786043813.385120861,/novatel/oem7/fix,/novatel/oem7/fix,/novatel/oem7/inspva,39.663,-75.756,-1.802114697,0.002306808,-0.001405362,-0.001454989,0.001790075,-0.001405362,,0,
1786043813387796211,1786043813.385583275,/novatel/oem7/odom,/novatel/oem7/fix,/novatel/oem7/odom,39.663,-75.756,-1.802114697,0.002308510,-0.001402564,0.001722718,-0.001536704,-0.001402564,,,
1786043813394983023,1786043813.394287573,/novatel/oem7/odom,/novatel/oem7/fix,/novatel/oem7/odom,39.663,-75.756,-1.802114697,0.002308510,-0.001402564,0.001722718,-0.001536704,-0.001402564,,,
1786043813406955005,1786043813.406465608,/novatel/oem7/inspva,/novatel/oem7/inspva,/novatel/oem7/inspva,39.663,-75.756,-1.802100882,0.001658197,-0.001213999,-0.001229155,0.001113012,-0.001213999,,novatel_oem7_msgs.msg.InertialSolutionStatus(status=3),
1786043813408266268,1786043813.406542365,/novatel/oem7/fix,/novatel/oem7/fix,/novatel/oem7/inspva,39.663,-75.756,-1.802100882,0.001658197,-0.001213999,-0.001229155,0.001113012,-0.001213999,,0,
1786043813409276245,1786043813.407013262,/novatel/oem7/odom,/novatel/oem7/fix,/novatel/oem7/odom,39.663,-75.756,-1.802100882,0.001658866,-0.001213085,0.001056676,-0.001278778,-0.001213085,,,
1786043813411132834,1786043813.410291691,/novatel/oem7/bestpos,/novatel/oem7/bestpos,/novatel/oem7/odom,39.663,-75.756,33.180419401,0.001658866,-0.001213085,0.001056676,-0.001278778,-0.001213085,,novatel_oem7_msgs.msg.SolutionStatus(status=0),novatel_oem7_msgs.msg.PositionOrVelocityType(type=53)
1786043813412533151,1786043813.410765972,/novatel/oem7/bestvel,/novatel/oem7/bestpos,/novatel/oem7/bestvel,39.663,-75.756,33.180419401,0.001773266,-0.001016608,,,,145.790209403,novatel_oem7_msgs.msg.SolutionStatus(status=0),novatel_oem7_msgs.msg.PositionOrVelocityType(type=53)
1786043813415673419,1786043813.415010266,/novatel/oem7/odom,/novatel/oem7/bestpos,/novatel/oem7/odom,39.663,-75.756,33.180419401,0.001658866,-0.001213085,0.001056676,-0.001278778,-0.001213085,,,
1786043813425436371,1786043813.424942234,/novatel/oem7/inspva,/novatel/oem7/inspva,/novatel/oem7/inspva,39.663,-75.756,-1.802081199,0.001878964,-0.001516141,-0.001178330,0.001463572,-0.001516141,,novatel_oem7_msgs.msg.InertialSolutionStatus(status=3),
1786043813426755384,1786043813.425016556,/novatel/oem7/fix,/novatel/oem7/fix,/novatel/oem7/inspva,39.663,-75.756,-1.802081199,0.001878964,-0.001516141,-0.001178330,0.001463572,-0.001516141,,0,
1786043813427791268,1786043813.425402624,/novatel/oem7/odom,/novatel/oem7/fix,/novatel/oem7/odom,39.663,-75.756,-1.802081199,0.001880820,-0.001513838,0.001410390,-0.001244301,-0.001513838,,,
1786043813436016085,1786043813.435372702,/novatel/oem7/odom,/novatel/oem7/fix,/novatel/oem7/odom,39.663,-75.756,-1.802081199,0.001880820,-0.001513838,0.001410390,-0.001244301,-0.001513838,,,
1786043813445631183,1786043813.445199388,/novatel/oem7/inspva,/novatel/oem7/inspva,/novatel/oem7/inspva,39.663,-75.756,-1.802061606,0.001798283,-0.000649567,-0.000902657,0.001555324,-0.000649567,,novatel_oem7_msgs.msg.InertialSolutionStatus(status=3),
1786043813446945685,1786043813.445379313,/novatel/oem7/fix,/novatel/oem7/fix,/novatel/oem7/inspva,39.663,-75.756,-1.802061606,0.001798283,-0.000649567,-0.000902657,0.001555324,-0.000649567,,0,
1786043813447734902,1786043813.445883568,/novatel/oem7/odom,/novatel/oem7/fix,/novatel/oem7/odom,39.663,-75.756,-1.802061606,0.001799486,-0.000646228,0.001512169,-0.000975446,-0.000646228,,,
1786043813456587784,1786043813.456158749,/novatel/oem7/odom,/novatel/oem7/fix,/novatel/oem7/odom,39.663,-75.756,-1.802061606,0.001799486,-0.000646228,0.001512169,-0.000975446,-0.000646228,,,
1786043813466615177,1786043813.465917910,/novatel/oem7/inspva,/novatel/oem7/inspva,/novatel/oem7/inspva,39.663,-75.756,-1.802041685,0.001769556,-0.001020407,-0.000875590,0.001537749,-0.001020407,,novatel_oem7_msgs.msg.InertialSolutionStatus(status=3),
1786043813467815367,1786043813.466082312,/novatel/oem7/fix,/novatel/oem7/fix,/novatel/oem7/inspva,39.663,-75.756,-1.802041685,0.001769556,-0.001020407,-0.000875590,0.001537749,-0.001020407,,0,
1786043813468707348,1786043813.466502593,/novatel/oem7/odom,/novatel/oem7/fix,/novatel/oem7/odom,39.663,-75.756,-1.802041685,0.001771480,-0.001017064,0.001497306,-0.000946686,-0.001017064,,,
1786043813474819563,1786043813.474384753,/novatel/oem7/odom,/novatel/oem7/fix,/novatel/oem7/odom,39.663,-75.756,-1.802041685,0.001771480,-0.001017064,0.001497306,-0.000946686,-0.001017064,,,
1786043813485469278,1786043813.485075937,/novatel/oem7/inspva,/novatel/oem7/inspva,/novatel/oem7/inspva,39.663,-75.756,-1.802027043,0.001910060,-0.000992962,-0.000870390,0.001700221,-0.000992962,,novatel_oem7_msgs.msg.InertialSolutionStatus(status=3),
1786043813486773948,1786043813.485243646,/novatel/oem7/fix,/novatel/oem7/fix,/novatel/oem7/inspva,39.663,-75.756,-1.802027043,0.001910060,-0.000992962,-0.000870390,0.001700221,-0.000992962,,0,
1786043813487509503,1786043813.485690350,/novatel/oem7/odom,/novatel/oem7/fix,/novatel/oem7/odom,39.663,-75.756,-1.802027043,0.001912099,-0.000989030,0.001659734,-0.000949425,-0.000989030,,,
1786043813496112972,1786043813.495675058,/novatel/oem7/odom,/novatel/oem7/fix,/novatel/oem7/odom,39.663,-75.756,-1.802027043,0.001912099,-0.000989030,0.001659734,-0.000949425,-0.000989030,,,
1786043813506316198,1786043813.505941655,/novatel/oem7/inspva,/novatel/oem7/inspva,/novatel/oem7/inspva,39.663,-75.756,-1.802005475,0.001910728,-0.001197298,-0.001002015,0.001626914,-0.001197298,,novatel_oem7_msgs.msg.InertialSolutionStatus(status=3),
1786043813508471080,1786043813.506171800,/novatel/oem7/fix,/novatel/oem7/fix,/novatel/oem7/inspva,39.663,-75.756,-1.802005475,0.001910728,-0.001197298,-0.001002015,0.001626914,-0.001197298,,0,
1786043813509554454,1786043813.506582874,/novatel/oem7/odom,/novatel/oem7/fix,/novatel/oem7/odom,39.663,-75.756,-1.802005475,0.001912802,-0.001193982,0.001580886,-0.001076853,-0.001193982,,,
1786043813511770110,1786043813.511334419,/novatel/oem7/bestpos,/novatel/oem7/bestpos,/novatel/oem7/odom,39.663,-75.756,33.180523776,0.001912802,-0.001193982,0.001580886,-0.001076853,-0.001193982,,novatel_oem7_msgs.msg.SolutionStatus(status=0),novatel_oem7_msgs.msg.PositionOrVelocityType(type=53)
1786043813512829241,1786043813.512474711,/novatel/oem7/bestvel,/novatel/oem7/bestpos,/novatel/oem7/bestvel,39.663,-75.756,33.180523776,0.001842378,-0.000969552,,,,130.443837880,novatel_oem7_msgs.msg.SolutionStatus(status=0),novatel_oem7_msgs.msg.PositionOrVelocityType(type=53)
1786043813514923809,1786043813.514395257,/novatel/oem7/odom,/novatel/oem7/bestpos,/novatel/oem7/odom,39.663,-75.756,33.180523776,0.001912802,-0.001193982,0.001580886,-0.001076853,-0.001193982,,,
1786043813526905843,1786043813.526451885,/novatel/oem7/inspva,/novatel/oem7/inspva,/novatel/oem7/inspva,39.663,-75.756,-1.801985534,0.002053867,-0.000593559,-0.000763086,0.001906848,-0.000593559,,novatel_oem7_msgs.msg.InertialSolutionStatus(status=3),
1786043813527931966,1786043813.526664867,/novatel/oem7/fix,/novatel/oem7/fix,/novatel/oem7/inspva,39.663,-75.756,-1.801985534,0.002053867,-0.000593559,-0.000763086,0.001906848,-0.000593559,,0,
1786043813528479437,1786043813.527207646,/novatel/oem7/odom,/novatel/oem7/fix,/novatel/oem7/odom,39.663,-75.756,-1.801985534,0.002055273,-0.000588673,0.001869805,-0.000853215,-0.000588673,,,
1786043813535131240,1786043813.534739876,/novatel/oem7/odom,/novatel/oem7/fix,/novatel/oem7/odom,39.663,-75.756,-1.801985534,0.002055273,-0.000588673,0.001869805,-0.000853215,-0.000588673,,,
1786043813545683146,1786043813.545224951,/novatel/oem7/inspva,/novatel/oem7/inspva,/novatel/oem7/inspva,39.663,-75.756,-1.801963723,0.001961779,-0.000689546,-0.000850530,0.001767816,-0.000689546,,novatel_oem7_msgs.msg.InertialSolutionStatus(status=3),
1786043813547039333,1786043813.545417560,/novatel/oem7/fix,/novatel/oem7/fix,/novatel/oem7/inspva,39.663,-75.756,-1.801963723,0.001961779,-0.000689546,-0.000850530,0.001767816,-0.000689546,,0,
1786043813547751120,1786043813.545850951,/novatel/oem7/odom,/novatel/oem7/fix,/novatel/oem7/odom,39.663,-75.756,-1.801963723,0.001963246,-0.000685358,0.001727056,-0.000933601,-0.000685358,,,
1786043813556862442,1786043813.556067398,/novatel/oem7/odom,/novatel/oem7/fix,/novatel/oem7/odom,39.663,-75.756,-1.801963723,0.001963246,-0.000685358,0.001727056,-0.000933601,-0.000685358,,,
1786043813565941254,1786043813.565204197,/novatel/oem7/inspva,/novatel/oem7/inspva,/novatel/oem7/inspva,39.663,-75.756,-1.801952026,0.002172148,-0.001103851,-0.000672850,0.002065308,-0.001103851,,novatel_oem7_msgs.msg.InertialSolutionStatus(status=3),
1786043813567411696,1786043813.565385338,/novatel/oem7/fix,/novatel/oem7/fix,/novatel/oem7/inspva,39.663,-75.756,-1.801952026,0.002172148,-0.001103851,-0.000672850,0.002065308,-0.001103851,,0,
1786043813567977542,1786043813.565952614,/novatel/oem7/odom,/novatel/oem7/fix,/novatel/oem7/odom,39.663,-75.756,-1.801952026,0.002175036,-0.001098148,0.002034340,-0.000769574,-0.001098148,,,
1786043813575698038,1786043813.575189401,/novatel/oem7/odom,/novatel/oem7/fix,/novatel/oem7/odom,39.663,-75.756,-1.801952026,0.002175036,-0.001098148,0.002034340,-0.000769574,-0.001098148,,,
1786043813586572687,1786043813.586146318,/novatel/oem7/inspva,/novatel/oem7/inspva,/novatel/oem7/inspva,39.663,-75.756,-1.801927073,0.001752502,-0.000895054,-0.000611568,0.001642330,-0.000895054,,novatel_oem7_msgs.msg.InertialSolutionStatus(status=3),
1786043813587292716,1786043813.586332007,/novatel/oem7/fix,/novatel/oem7/fix,/novatel/oem7/inspva,39.663,-75.756,-1.801927073,0.001752502,-0.000895054,-0.000611568,0.001642330,-0.000895054,,0,
1786043813587790151,1786043813.586786015,/novatel/oem7/odom,/novatel/oem7/fix,/novatel/oem7/odom,39.663,-75.756,-1.801927073,0.001754704,-0.000890730,0.001614050,-0.000688352,-0.000890730,,,
1786043813594857319,1786043813.594467616,/novatel/oem7/odom,/novatel/oem7/fix,/novatel/oem7/odom,39.663,-75.756,-1.801927073,0.001754704,-0.000890730,0.001614050,-0.000688352,-0.000890730,,,
1786043813606658072,1786043813.606265908,/novatel/oem7/inspva,/novatel/oem7/inspva,/novatel/oem7/inspva,39.663,-75.756,-1.801912495,0.002354083,-0.000691627,-0.000824755,0.002204877,-0.000691627,,novatel_oem7_msgs.msg.InertialSolutionStatus(status=3),
1786043813607244646,1786043813.606452923,/novatel/oem7/fix,/novatel/oem7/fix,/novatel/oem7/inspva,39.663,-75.756,-1.801912495,0.002354083,-0.000691627,-0.000824755,0.002204877,-0.000691627,,0,
1786043813607929685,1786043813.607127384,/novatel/oem7/odom,/novatel/oem7/fix,/novatel/oem7/odom,39.663,-75.756,-1.801912495,0.002355772,-0.000685850,0.002164838,-0.000929054,-0.000685850,,,
1786043813610560624,1786043813.610204741,/novatel/oem7/bestpos,/novatel/oem7/bestpos,/novatel/oem7/odom,39.663,-75.756,33.180613260,0.002355772,-0.000685850,0.002164838,-0.000929054,-0.000685850,,novatel_oem7_msgs.msg.SolutionStatus(status=0),novatel_oem7_msgs.msg.PositionOrVelocityType(type=53)
1786043813611184555,1786043813.610588202,/novatel/oem7/bestvel,/novatel/oem7/bestpos,/novatel/oem7/bestvel,39.663,-75.756,33.180613260,0.002133431,-0.000698136,,,,107.960710882,novatel_oem7_msgs.msg.SolutionStatus(status=0),novatel_oem7_msgs.msg.PositionOrVelocityType(type=53)
1786043813615970607,1786043813.615505495,/novatel/oem7/odom,/novatel/oem7/bestpos,/novatel/oem7/odom,39.663,-75.756,33.180613260,0.002355772,-0.000685850,0.002164838,-0.000929054,-0.000685850,,,
1786043813625405110,1786043813.625059161,/novatel/oem7/inspva,/novatel/oem7/inspva,/novatel/oem7/inspva,39.663,-75.756,-1.801888317,0.001866876,-0.000769863,-0.000836513,0.001668973,-0.000769863,,novatel_oem7_msgs.msg.InertialSolutionStatus(status=3),
1786043813626048326,1786043813.625221327,/novatel/oem7/fix,/novatel/oem7/fix,/novatel/oem7/inspva,39.663,-75.756,-1.801888317,0.001866876,-0.000769863,-0.000836513,0.001668973,-0.000769863,,0,
1786043813626520230,1786043813.625658407,/novatel/oem7/odom,/novatel/oem7/fix,/novatel/oem7/odom,39.663,-75.756,-1.801888317,0.001868455,-0.000766023,0.001629289,-0.000914626,-0.000766023,,,
1786043813634829555,1786043813.634433196,/novatel/oem7/odom,/novatel/oem7/fix,/novatel/oem7/odom,39.663,-75.756,-1.801888317,0.001868455,-0.000766023,0.001629289,-0.000914626,-0.000766023,,,
1786043813647043379,1786043813.646493092,/novatel/oem7/inspva,/novatel/oem7/inspva,/novatel/oem7/inspva,39.663,-75.756,-1.801872294,0.002163780,-0.000601960,-0.000837005,0.001995336,-0.000601960,,novatel_oem7_msgs.msg.InertialSolutionStatus(status=3),
1786043813647695368,1786043813.646664387,/novatel/oem7/fix,/novatel/oem7/fix,/novatel/oem7/inspva,39.663,-75.756,-1.801872294,0.002163780,-0.000601960,-0.000837005,0.001995336,-0.000601960,,0,
1786043813648162296,1786043813.647131371,/novatel/oem7/odom,/novatel/oem7/fix,/novatel/oem7/odom,39.663,-75.756,-1.801872294,0.002165162,-0.000596970,0.001954626,-0.000931323,-0.000596970,,,
1786043813656297695,1786043813.655821316,/novatel/oem7/odom,/novatel/oem7/fix,/novatel/oem7/odom,39.663,-75.756,-1.801872294,0.002165162,-0.000596970,0.001954626,-0.000931323,-0.000596970,,,
1786043813665608226,1786043813.665049346,/novatel/oem7/inspva,/novatel/oem7/inspva,/novatel/oem7/inspva,39.663,-75.756,-1.801845565,0.001848474,-0.000307680,-0.000923409,0.001601303,-0.000307680,,novatel_oem7_msgs.msg.InertialSolutionStatus(status=3),
1786043813666220167,1786043813.665204584,/novatel/oem7/fix,/novatel/oem7/fix,/novatel/oem7/inspva,39.663,-75.756,-1.801845565,0.001848474,-0.000307680,-0.000923409,0.001601303,-0.000307680,,0,
1786043813666690235,1786043813.665646425,/novatel/oem7/odom,/novatel/oem7/fix,/novatel/oem7/odom,39.663,-75.756,-1.801845565,0.001849032,-0.000304305,0.001555787,-0.000999222,-0.000304305,,,
1786043813674997796,1786043813.674601342,/novatel/oem7/odom,/novatel/oem7/fix,/novatel/oem7/odom,39.663,-75.756,-1.801845565,0.001849032,-0.000304305,0.001555787,-0.000999222,-0.000304305,,,
1786043813685696880,1786043813.685329800,/novatel/oem7/inspva,/novatel/oem7/inspva,/novatel/oem7/inspva,39.663,-75.756,-1.801832275,0.002099327,-0.000779166,-0.000677990,0.001986832,-0.000779166,,novatel_oem7_msgs.msg.InertialSolutionStatus(status=3),
1786043813686364940,1786043813.685540582,/novatel/oem7/fix,/novatel/oem7/fix,/novatel/oem7/inspva,39.663,-75.756,-1.801832275,0.002099327,-0.000779166,-0.000677990,0.001986832,-0.000779166,,0,
1786043813687096326,1786043813.686166209,/novatel/oem7/odom,/novatel/oem7/fix,/novatel/oem7/odom,39.663,-75.756,-1.801832275,0.002101320,-0.000773775,0.001954493,-0.000771687,-0.000773775,,,
1786043813695131846,1786043813.694742646,/novatel/oem7/odom,/novatel/oem7/fix,/novatel/oem7/odom,39.663,-75.756,-1.801832275,0.002101320,-0.000773775,0.001954493,-0.000771687,-0.000773775,,,
1786043813706698426,1786043813.705984533,/novatel/oem7/inspva,/novatel/oem7/inspva,/novatel/oem7/inspva,39.663,-75.756,-1.801805020,0.001638285,-0.000685026,-0.000799882,0.001429744,-0.000685026,,novatel_oem7_msgs.msg.InertialSolutionStatus(status=3),
1786043813707762830,1786043813.706146151,/novatel/oem7/fix,/novatel/oem7/fix,/novatel/oem7/inspva,39.663,-75.756,-1.801805020,0.001638285,-0.000685026,-0.000799882,0.001429744,-0.000685026,,0,
1786043813708247861,1786043813.706590839,/novatel/oem7/odom,/novatel/oem7/fix,/novatel/oem7/odom,39.663,-75.756,-1.801805020,0.001639565,-0.000681956,0.001391800,-0.000866640,-0.000681956,,,
1786043813710023097,1786043813.709220199,/novatel/oem7/bestpos,/novatel/oem7/bestpos,/novatel/oem7/odom,39.663,-75.756,33.180709242,0.001639565,-0.000681956,0.001391800,-0.000866640,-0.000681956,,novatel_oem7_msgs.msg.SolutionStatus(status=0),novatel_oem7_msgs.msg.PositionOrVelocityType(type=53)
1786043813711465398,1786043813.709646323,/novatel/oem7/bestvel,/novatel/oem7/bestpos,/novatel/oem7/bestvel,39.663,-75.756,33.180709242,0.001522333,-0.000733132,,,,115.855334994,novatel_oem7_msgs.msg.SolutionStatus(status=0),novatel_oem7_msgs.msg.PositionOrVelocityType(type=53)
1786043813714726371,1786043813.714328197,/novatel/oem7/odom,/novatel/oem7/bestpos,/novatel/oem7/odom,39.663,-75.756,33.180709242,0.001639565,-0.000681956,0.001391800,-0.000866640,-0.000681956,,,
1786043813725666864,1786043813.725272461,/novatel/oem7/inspva,/novatel/oem7/inspva,/novatel/oem7/inspva,39.663,-75.756,-1.801785422,0.002097928,-0.000207558,-0.000941120,0.001874992,-0.000207558,,novatel_oem7_msgs.msg.InertialSolutionStatus(status=3),
1786043813727014145,1786043813.725454693,/novatel/oem7/fix,/novatel/oem7/fix,/novatel/oem7/inspva,39.663,-75.756,-1.801785422,0.002097928,-0.000207558,-0.000941120,0.001874992,-0.000207558,,0,
1786043813727698842,1786043813.726052332,/novatel/oem7/odom,/novatel/oem7/fix,/novatel/oem7/odom,39.663,-75.756,-1.801785422,0.002098348,-0.000203272,0.001827890,-0.001030477,-0.000203272,,,
1786043813735970881,1786043813.735492571,/novatel/oem7/odom,/novatel/oem7/fix,/novatel/oem7/odom,39.663,-75.756,-1.801785422,0.002098348,-0.000203272,0.001827890,-0.001030477,-0.000203272,,,
1786043813745401211,1786043813.744997063,/novatel/oem7/inspva,/novatel/oem7/inspva,/novatel/oem7/inspva,39.663,-75.756,-1.801760308,0.002034916,-0.000159840,-0.001179295,0.001658357,-0.000159840,,novatel_oem7_msgs.msg.InertialSolutionStatus(status=3),
1786043813746740885,1786043813.745164995,/novatel/oem7/fix,/novatel/oem7/fix,/novatel/oem7/inspva,39.663,-75.756,-1.801760308,0.002034916,-0.000159840,-0.001179295,0.001658357,-0.000159840,,0,
1786043813747529089,1786043813.745623250,/novatel/oem7/odom,/novatel/oem7/fix,/novatel/oem7/odom,39.663,-75.756,-1.801760308,0.002035140,-0.000156956,0.001599776,-0.001257979,-0.000156956,,,
1786043813756023843,1786043813.755598790,/novatel/oem7/odom,/novatel/oem7/fix,/novatel/oem7/odom,39.663,-75.756,-1.801760308,0.002035140,-0.000156956,0.001599776,-0.001257979,-0.000156956,,,
1786043813767375813,1786043813.766954269,/novatel/oem7/inspva,/novatel/oem7/inspva,/novatel/oem7/inspva,39.663,-75.756,-1.801747496,0.001965742,-0.000708299,-0.001078997,0.001643140,-0.000708299,,novatel_oem7_msgs.msg.InertialSolutionStatus(status=3),
1786043813768045044,1786043813.767100050,/novatel/oem7/fix,/novatel/oem7/fix,/novatel/oem7/inspva,39.663,-75.756,-1.801747496,0.001965742,-0.000708299,-0.001078997,0.001643140,-0.000708299,,0,
1786043813768558573,1786043813.767563988,/novatel/oem7/odom,/novatel/oem7/fix,/novatel/oem7/odom,39.663,-75.756,-1.801747496,0.001966849,-0.000705221,0.001591477,-0.001155722,-0.000705221,,,
1786043813775128254,1786043813.774692283,/novatel/oem7/odom,/novatel/oem7/fix,/novatel/oem7/odom,39.663,-75.756,-1.801747496,0.001966849,-0.000705221,0.001591477,-0.001155722,-0.000705221,,,
1786043813785247579,1786043813.784878350,/novatel/oem7/inspva,/novatel/oem7/inspva,/novatel/oem7/inspva,39.663,-75.756,-1.801717194,0.001874361,-0.000209518,-0.001042503,0.001557696,-0.000209518,,novatel_oem7_msgs.msg.InertialSolutionStatus(status=3),
1786043813785961682,1786043813.785024528,/novatel/oem7/fix,/novatel/oem7/fix,/novatel/oem7/inspva,39.663,-75.756,-1.801717194,0.001874361,-0.000209518,-0.001042503,0.001557696,-0.000209518,,0,
1786043813786490416,1786043813.785482889,/novatel/oem7/odom,/novatel/oem7/fix,/novatel/oem7/odom,39.663,-75.756,-1.801717194,0.001874678,-0.000206663,0.001506045,-0.001116354,-0.000206663,,,
1786043813795896706,1786043813.795409973,/novatel/oem7/odom,/novatel/oem7/fix,/novatel/oem7/odom,39.663,-75.756,-1.801717194,0.001874678,-0.000206663,0.001506045,-0.001116354,-0.000206663,,,
1786043813806845904,1786043813.806449498,/novatel/oem7/inspva,/novatel/oem7/inspva,/novatel/oem7/inspva,39.663,-75.756,-1.801698423,0.002237669,-0.000336169,-0.001167600,0.001908892,-0.000336169,,novatel_oem7_msgs.msg.InertialSolutionStatus(status=3),
1786043813807549098,1786043813.806607233,/novatel/oem7/fix,/novatel/oem7/fix,/novatel/oem7/inspva,39.663,-75.756,-1.801698423,0.002237669,-0.000336169,-0.001167600,0.001908892,-0.000336169,,0,
1786043813808058779,1786043813.807079734,/novatel/oem7/odom,/novatel/oem7/fix,/novatel/oem7/odom,39.663,-75.756,-1.801698423,0.002238234,-0.000332386,0.001851211,-0.001258058,-0.000332386,,,
1786043813810546958,1786043813.810169112,/novatel/oem7/bestpos,/novatel/oem7/bestpos,/novatel/oem7/odom,39.663,-75.756,33.180799842,0.002238234,-0.000332386,0.001851211,-0.001258058,-0.000332386,,novatel_oem7_msgs.msg.SolutionStatus(status=0),novatel_oem7_msgs.msg.PositionOrVelocityType(type=53)
1786043813811250405,1786043813.810552323,/novatel/oem7/bestvel,/novatel/oem7/bestpos,/novatel/oem7/bestvel,39.663,-75.756,33.180799842,0.001849537,-0.000400465,,,,116.654169949,novatel_oem7_msgs.msg.SolutionStatus(status=0),novatel_oem7_msgs.msg.PositionOrVelocityType(type=53)
1786043813815238479,1786043813.814805199,/novatel/oem7/odom,/novatel/oem7/bestpos,/novatel/oem7/odom,39.663,-75.756,33.180799842,0.002238234,-0.000332386,0.001851211,-0.001258058,-0.000332386,,,
1786043813826363563,1786043813.825988459,/novatel/oem7/inspva,/novatel/oem7/inspva,/novatel/oem7/inspva,39.663,-75.756,-1.801668576,0.001773856,-0.000052412,-0.000789509,0.001588471,-0.000052412,,novatel_oem7_msgs.msg.InertialSolutionStatus(status=3),
1786043813827036725,1786043813.826123100,/novatel/oem7/fix,/novatel/oem7/fix,/novatel/oem7/inspva,39.663,-75.756,-1.801668576,0.001773856,-0.000052412,-0.000789509,0.001588471,-0.000052412,,0,
1786043813827555293,1786043813.826605262,/novatel/oem7/odom,/novatel/oem7/fix,/novatel/oem7/odom,39.663,-75.756,-1.801668576,0.001773959,-0.000048796,0.001548457,-0.000865569,-0.000048796,,,
1786043813834858418,1786043813.834359706,/novatel/oem7/odom,/novatel/oem7/fix,/novatel/oem7/odom,39.663,-75.756,-1.801668576,0.001773959,-0.000048796,0.001548457,-0.000865569,-0.000048796,,,
1786043813845718365,1786043813.845163725,/novatel/oem7/inspva,/novatel/oem7/inspva,/novatel/oem7/inspva,39.663,-75.756,-1.801650764,0.002424109,-0.000265465,-0.001473595,0.001924792,-0.000265465,,novatel_oem7_msgs.msg.InertialSolutionStatus(status=3),
1786043813846386100,1786043813.845343584,/novatel/oem7/fix,/novatel/oem7/fix,/novatel/oem7/inspva,39.663,-75.756,-1.801650764,0.002424109,-0.000265465,-0.001473595,0.001924792,-0.000265465,,0,
1786043813846915993,1786043813.845747971,/novatel/oem7/odom,/novatel/oem7/fix,/novatel/oem7/odom,39.663,-75.756,-1.801650764,0.002424438,-0.000262442,0.001851964,-0.001564650,-0.000262442,,,
1786043813856756591,1786043813.856302022,/novatel/oem7/odom,/novatel/oem7/fix,/novatel/oem7/odom,39.663,-75.756,-1.801650764,0.002424438,-0.000262442,0.001851964,-0.001564650,-0.000262442,,,
1786043813865480218,1786043813.865110131,/novatel/oem7/inspva,/novatel/oem7/inspva,/novatel/oem7/inspva,39.663,-75.756,-1.801619798,0.002157562,0.000111414,-0.001138916,0.001832469,0.000111414,,novatel_oem7_msgs.msg.InertialSolutionStatus(status=3),
1786043813866137360,1786043813.865268582,/novatel/oem7/fix,/novatel/oem7/fix,/novatel/oem7/inspva,39.663,-75.756,-1.801619798,0.002157562,0.000111414,-0.001138916,0.001832469,0.000111414,,0,
1786043813866630987,1786043813.865678830,/novatel/oem7/odom,/novatel/oem7/fix,/novatel/oem7/odom,39.663,-75.756,-1.801619798,0.002157376,0.000114954,0.001774592,-0.001226822,0.000114954,,,
1786043813874962294,1786043813.874439015,/novatel/oem7/odom,/novatel/oem7/fix,/novatel/oem7/odom,39.663,-75.756,-1.801619798,0.002157376,0.000114954,0.001774592,-0.001226822,0.000114954,,,
1786043813887444980,1786043813.887044652,/novatel/oem7/inspva,/novatel/oem7/inspva,/novatel/oem7/inspva,39.663,-75.756,-1.801603010,0.002307336,-0.000358975,-0.001346957,0.001873367,-0.000358975,,novatel_oem7_msgs.msg.InertialSolutionStatus(status=3),
1786043813888109662,1786043813.887205384,/novatel/oem7/fix,/novatel/oem7/fix,/novatel/oem7/inspva,39.663,-75.756,-1.801603010,0.002307336,-0.000358975,-0.001346957,0.001873367,-0.000358975,,0,
1786043813888608789,1786043813.887593121,/novatel/oem7/odom,/novatel/oem7/fix,/novatel/oem7/odom,39.663,-75.756,-1.801603010,0.002307826,-0.000355812,0.001807077,-0.001435455,-0.000355812,,,
1786043813895375658,1786043813.894992933,/novatel/oem7/odom,/novatel/oem7/fix,/novatel/oem7/odom,39.663,-75.756,-1.801603010,0.002307826,-0.000355812,0.001807077,-0.001435455,-0.000355812,,,
1786043813906044361,1786043813.905676594,/novatel/oem7/inspva,/novatel/oem7/inspva,/novatel/oem7/inspva,39.663,-75.756,-1.801571435,0.002125840,-0.000309610,-0.001237746,0.001728347,-0.000309610,,novatel_oem7_msgs.msg.InertialSolutionStatus(status=3),
1786043813906712925,1786043813.905828872,/novatel/oem7/fix,/novatel/oem7/fix,/novatel/oem7/inspva,39.663,-75.756,-1.801571435,0.002125840,-0.000309610,-0.001237746,0.001728347,-0.000309610,,0,
1786043813907225843,1786043813.906288430,/novatel/oem7/odom,/novatel/oem7/fix,/novatel/oem7/odom,39.663,-75.756,-1.801571435,0.002126267,-0.000306666,0.001667339,-0.001319467,-0.000306666,,,
1786043813909767954,1786043813.909270833,/novatel/oem7/bestpos,/novatel/oem7/bestpos,/novatel/oem7/odom,39.663,-75.756,33.180924966,0.002126267,-0.000306666,0.001667339,-0.001319467,-0.000306666,,novatel_oem7_msgs.msg.SolutionStatus(status=0),novatel_oem7_msgs.msg.PositionOrVelocityType(type=53)
1786043813910457910,1786043813.909857816,/novatel/oem7/bestvel,/novatel/oem7/bestpos,/novatel/oem7/bestvel,39.663,-75.756,33.180924966,0.002193901,-0.000507362,,,,119.045542746,novatel_oem7_msgs.msg.SolutionStatus(status=0),novatel_oem7_msgs.msg.PositionOrVelocityType(type=53)
1786043813915834776,1786043813.915442829,/novatel/oem7/odom,/novatel/oem7/bestpos,/novatel/oem7/odom,39.663,-75.756,33.180924966,0.002126267,-0.000306666,0.001667339,-0.001319467,-0.000306666,,,
1786043813925976384,1786043813.925611455,/novatel/oem7/inspva,/novatel/oem7/inspva,/novatel/oem7/inspva,39.663,-75.756,-1.801545202,0.001941976,0.000353336,-0.001426398,0.001317823,0.000353336,,novatel_oem7_msgs.msg.InertialSolutionStatus(status=3),
1786043813926599218,1786043813.925778010,/novatel/oem7/fix,/novatel/oem7/fix,/novatel/oem7/inspva,39.663,-75.756,-1.801545202,0.001941976,0.000353336,-0.001426398,0.001317823,0.000353336,,0,
1786043813927363301,1786043813.926573065,/novatel/oem7/odom,/novatel/oem7/fix,/novatel/oem7/odom,39.663,-75.756,-1.801545202,0.001941800,0.000354298,0.001245681,-0.001489586,0.000354298,,,
1786043813935030436,1786043813.934592336,/novatel/oem7/odom,/novatel/oem7/fix,/novatel/oem7/odom,39.663,-75.756,-1.801545202,0.001941800,0.000354298,0.001245681,-0.001489586,0.000354298,,,
1786043813946614162,1786043813.946314077,/novatel/oem7/inspva,/novatel/oem7/inspva,/novatel/oem7/inspva,39.663,-75.756,-1.801515452,0.002068693,0.000129186,-0.001405553,0.001517864,0.000129186,,novatel_oem7_msgs.msg.InertialSolutionStatus(status=3),
1786043813947312608,1786043813.946505759,/novatel/oem7/fix,/novatel/oem7/fix,/novatel/oem7/inspva,39.663,-75.756,-1.801515452,0.002068693,0.000129186,-0.001405553,0.001517864,0.000129186,,0,
1786043813948042634,1786043813.947057899,/novatel/oem7/odom,/novatel/oem7/fix,/novatel/oem7/odom,39.663,-75.756,-1.801515452,0.002068584,0.000130916,0.001447336,-0.001477924,0.000130916,,,
1786043813956490604,1786043813.955949475,/novatel/oem7/odom,/novatel/oem7/fix,/novatel/oem7/odom,39.663,-75.756,-1.801515452,0.002068584,0.000130916,0.001447336,-0.001477924,0.000130916,,,
1786043813965713251,1786043813.965318159,/novatel/oem7/inspva,/novatel/oem7/inspva,/novatel/oem7/inspva,39.663,-75.756,-1.801491516,0.002164560,0.000212953,-0.001578200,0.001481420,0.000212953,,novatel_oem7_msgs.msg.InertialSolutionStatus(status=3),
1786043813966373056,1786043813.965511305,/novatel/oem7/fix,/novatel/oem7/fix,/novatel/oem7/inspva,39.663,-75.756,-1.801491516,0.002164560,0.000212953,-0.001578200,0.001481420,0.000212953,,0,
1786043813967087545,1786043813.966128164,/novatel/oem7/odom,/novatel/oem7/fix,/novatel/oem7/odom,39.663,-75.756,-1.801491516,0.002164446,0.000214107,0.001402224,-0.001648816,0.000214107,,,
1786043813975984317,1786043813.975592480,/novatel/oem7/odom,/novatel/oem7/fix,/novatel/oem7/odom,39.663,-75.756,-1.801491516,0.002164446,0.000214107,0.001402224,-0.001648816,0.000214107,,,
1786043813985689698,1786043813.985294458,/novatel/oem7/inspva,/novatel/oem7/inspva,/novatel/oem7/inspva,39.663,-75.756,-1.801459805,0.001988392,0.000214747,-0.001428153,0.001383503,0.000214747,,novatel_oem7_msgs.msg.InertialSolutionStatus(status=3),
1786043813986376082,1786043813.985486237,/novatel/oem7/fix,/novatel/oem7/fix,/novatel/oem7/inspva,39.663,-75.756,-1.801459805,0.001988392,0.000214747,-0.001428153,0.001383503,0.000214747,,0,
1786043813986885442,1786043813.985897717,/novatel/oem7/odom,/novatel/oem7/fix,/novatel/oem7/odom,39.663,-75.756,-1.801459805,0.001988264,0.000215931,0.001311701,-0.001494200,0.000215931,,,
1786043813994731365,1786043813.994314892,/novatel/oem7/odom,/novatel/oem7/fix,/novatel/oem7/odom,39.663,-75.756,-1.801459805,0.001988264,0.000215931,0.001311701,-0.001494200,0.000215931,,,
1786043814008719099,1786043814.008319018,/novatel/oem7/inspva,/novatel/oem7/inspva,/novatel/oem7/inspva,39.663,-75.756,-1.801435001,0.002046462,0.000293858,-0.001772287,0.001023234,0.000293858,,novatel_oem7_msgs.msg.InertialSolutionStatus(status=3),
1786043814009341179,1786043814.008507436,/novatel/oem7/fix,/novatel/oem7/fix,/novatel/oem7/inspva,39.663,-75.756,-1.801435001,0.002046462,0.000293858,-0.001772287,0.001023234,0.000293858,,0,
1786043814010321307,1786043814.009768822,/novatel/oem7/odom,/novatel/oem7/fix,/novatel/oem7/odom,39.663,-75.756,-1.801435001,0.002046606,0.000292854,0.000934851,-0.001820618,0.000292854,,,
1786043814016436686,1786043814.015999585,/novatel/oem7/odom,/novatel/oem7/fix,/novatel/oem7/odom,39.663,-75.756,-1.801435001,0.002046606,0.000292854,0.000934851,-0.001820618,0.000292854,,,
1786043814026158067,1786043814.025690419,/novatel/oem7/bestpos,/novatel/oem7/bestpos,/novatel/oem7/odom,39.663,-75.756,33.181050146,0.002046606,0.000292854,0.000934851,-0.001820618,0.000292854,,novatel_oem7_msgs.msg.SolutionStatus(status=0),novatel_oem7_msgs.msg.PositionOrVelocityType(type=53)
1786043814026903303,1786043814.026577328,/novatel/oem7/bestvel,/novatel/oem7/bestpos,/novatel/oem7/bestvel,39.663,-75.756,33.181050146,0.002094467,0.000274167,,,,148.834492941,novatel_oem7_msgs.msg.SolutionStatus(status=0),novatel_oem7_msgs.msg.PositionOrVelocityType(type=53)
1786043814027675703,1786043814.027099681,/novatel/oem7/inspva,/novatel/oem7/inspva,/novatel/oem7/inspva,39.663,-75.756,-1.801400093,0.002006704,0.000289998,-0.001587102,0.001227994,0.000289998,,novatel_oem7_msgs.msg.InertialSolutionStatus(status=3),
1786043814028118790,1786043814.027253942,/novatel/oem7/fix,/novatel/oem7/fix,/novatel/oem7/inspva,39.663,-75.756,-1.801400093,0.002006704,0.000289998,-0.001587102,0.001227994,0.000289998,,0,
1786043814028823267,1786043814.027632923,/novatel/oem7/odom,/novatel/oem7/fix,/novatel/oem7/odom,39.663,-75.756,-1.801400093,0.002006673,0.000290215,0.001148360,-0.001645601,0.000290215,,,
1786043814036050274,1786043814.035586486,/novatel/oem7/odom,/novatel/oem7/fix,/novatel/oem7/odom,39.663,-75.756,-1.801400093,0.002006673,0.000290215,0.001148360,-0.001645601,0.000290215,,,
1786043814046342028,1786043814.045797920,/novatel/oem7/inspva,/novatel/oem7/inspva,/novatel/oem7/inspva,39.663,-75.756,-1.801380676,0.001662851,0.000540523,-0.001519111,0.000676294,0.000540523,,novatel_oem7_msgs.msg.InertialSolutionStatus(status=3),
1786043814047044855,1786043814.045997085,/novatel/oem7/fix,/novatel/oem7/fix,/novatel/oem7/inspva,39.663,-75.756,-1.801380676,0.001662851,0.000540523,-0.001519111,0.000676294,0.000540523,,0,
1786043814047583492,1786043814.046582794,/novatel/oem7/odom,/novatel/oem7/fix,/novatel/oem7/odom,39.663,-75.756,-1.801380676,0.001663369,0.000538926,0.000599697,-0.001551502,0.000538926,,,
1786043814056739535,1786043814.056325196,/novatel/oem7/odom,/novatel/oem7/fix,/novatel/oem7/odom,39.663,-75.756,-1.801380676,0.001663369,0.000538926,0.000599697,-0.001551502,0.000538926,,,
1786043814066687986,1786043814.066285557,/novatel/oem7/inspva,/novatel/oem7/inspva,/novatel/oem7/inspva,39.663,-75.756,-1.801368061,0.001642605,0.000491616,-0.001308485,0.000992985,0.000491616,,novatel_oem7_msgs.msg.InertialSolutionStatus(status=3),
1786043814067493726,1786043814.066505582,/novatel/oem7/fix,/novatel/oem7/fix,/novatel/oem7/inspva,39.663,-75.756,-1.801368061,0.001642605,0.000491616,-0.001308485,0.000992985,0.000491616,,0,
1786043814067981808,1786043814.066944686,/novatel/oem7/odom,/novatel/oem7/fix,/novatel/oem7/odom,39.663,-75.756,-1.801368061,0.001642580,0.000491699,0.000926438,-0.001356386,0.000491699,,,
1786043814075069018,1786043814.074664208,/novatel/oem7/odom,/novatel/oem7/fix,/novatel/oem7/odom,39.663,-75.756,-1.801368061,0.001642580,0.000491699,0.000926438,-0.001356386,0.000491699,,,
1786043814085747578,1786043814.085334052,/novatel/oem7/inspva,/novatel/oem7/inspva,/novatel/oem7/inspva,39.663,-75.756,-1.801352815,0.001888254,0.000842797,-0.001705086,0.000811287,0.000842797,,novatel_oem7_msgs.msg.InertialSolutionStatus(status=3),
1786043814086436625,1786043814.085515741,/novatel/oem7/fix,/novatel/oem7/fix,/novatel/oem7/inspva,39.663,-75.756,-1.801352815,0.001888254,0.000842797,-0.001705086,0.000811287,0.000842797,,0,
1786043814087777356,1786043814.086148350,/novatel/oem7/odom,/novatel/oem7/fix,/novatel/oem7/odom,39.663,-75.756,-1.801352815,0.001888979,0.000841172,0.000724368,-0.001744572,0.000841172,,,
1786043814096236920,1786043814.095840152,/novatel/oem7/odom,/novatel/oem7/fix,/novatel/oem7/odom,39.663,-75.756,-1.801352815,0.001888979,0.000841172,0.000724368,-0.001744572,0.000841172,,,
1786043814106650438,1786043814.105946664,/novatel/oem7/inspva,/novatel/oem7/inspva,/novatel/oem7/inspva,39.663,-75.756,-1.801341700,0.001465876,0.000465400,-0.001200218,0.000841589,0.000465400,,novatel_oem7_msgs.msg.InertialSolutionStatus(status=3),
1786043814107654819,1786043814.106103476,/novatel/oem7/fix,/novatel/oem7/fix,/novatel/oem7/inspva,39.663,-75.756,-1.801341700,0.001465876,0.000465400,-0.001200218,0.000841589,0.000465400,,0,
1786043814108155215,1786043814.106578054,/novatel/oem7/odom,/novatel/oem7/fix,/novatel/oem7/odom,39.663,-75.756,-1.801341700,0.001465930,0.000465232,0.000780552,-0.001240842,0.000465232,,,
1786043814109907892,1786043814.109530791,/novatel/oem7/bestpos,/novatel/oem7/bestpos,/novatel/oem7/odom,39.663,-75.756,33.181132908,0.001465930,0.000465232,0.000780552,-0.001240842,0.000465232,,novatel_oem7_msgs.msg.SolutionStatus(status=0),novatel_oem7_msgs.msg.PositionOrVelocityType(type=53)
1786043814111235874,1786043814.110197387,/novatel/oem7/bestvel,/novatel/oem7/bestpos,/novatel/oem7/bestvel,39.663,-75.756,33.181132908,0.001435893,0.000249108,,,,133.991642948,novatel_oem7_msgs.msg.SolutionStatus(status=0),novatel_oem7_msgs.msg.PositionOrVelocityType(type=53)
1786043814114939564,1786043814.114508577,/novatel/oem7/odom,/novatel/oem7/bestpos,/novatel/oem7/odom,39.663,-75.756,33.181132908,0.001465930,0.000465232,0.000780552,-0.001240842,0.000465232,,,
1786043814127157360,1786043814.126635450,/novatel/oem7/inspva,/novatel/oem7/inspva,/novatel/oem7/inspva,39.663,-75.756,-1.801326545,0.001710798,0.000712816,-0.001600532,0.000604259,0.000712816,,novatel_oem7_msgs.msg.InertialSolutionStatus(status=3),
1786043814128278366,1786043814.126780261,/novatel/oem7/fix,/novatel/oem7/fix,/novatel/oem7/inspva,39.663,-75.756,-1.801326545,0.001710798,0.000712816,-0.001600532,0.000604259,0.000712816,,0,
1786043814129341534,1786043814.127271420,/novatel/oem7/odom,/novatel/oem7/fix,/novatel/oem7/odom,39.663,-75.756,-1.801326545,0.001711671,0.000710718,0.000523142,-0.001629767,0.000710718,,,
1786043814136058377,1786043814.135614224,/novatel/oem7/odom,/novatel/oem7/fix,/novatel/oem7/odom,39.663,-75.756,-1.801326545,0.001711671,0.000710718,0.000523142,-0.001629767,0.000710718,,,
1786043814145576260,1786043814.145155264,/novatel/oem7/inspva,/novatel/oem7/inspva,/novatel/oem7/inspva,39.663,-75.756,-1.801313055,0.001441973,0.000556356,-0.001356159,0.000490019,0.000556356,,novatel_oem7_msgs.msg.InertialSolutionStatus(status=3),
1786043814146966905,1786043814.145306855,/novatel/oem7/fix,/novatel/oem7/fix,/novatel/oem7/inspva,39.663,-75.756,-1.801313055,0.001441973,0.000556356,-0.001356159,0.000490019,0.000556356,,0,
1786043814147720721,1786043814.145751320,/novatel/oem7/odom,/novatel/oem7/fix,/novatel/oem7/odom,39.663,-75.756,-1.801313055,0.001442690,0.000554493,0.000421502,-0.001379743,0.000554493,,,
1786043814156055631,1786043814.155621273,/novatel/oem7/odom,/novatel/oem7/fix,/novatel/oem7/odom,39.663,-75.756,-1.801313055,0.001442690,0.000554493,0.000421502,-0.001379743,0.000554493,,,
1786043814165962178,1786043814.165501236,/novatel/oem7/inspva,/novatel/oem7/inspva,/novatel/oem7/inspva,39.663,-75.756,-1.801301445,0.001180933,0.000488749,-0.001160281,0.000219890,0.000488749,,novatel_oem7_msgs.msg.InertialSolutionStatus(status=3),
1786043814167032030,1786043814.165646971,/novatel/oem7/fix,/novatel/oem7/fix,/novatel/oem7/inspva,39.663,-75.756,-1.801301445,0.001180933,0.000488749,-0.001160281,0.000219890,0.000488749,,0,
1786043814167550139,1786043814.166247194,/novatel/oem7/odom,/novatel/oem7/fix,/novatel/oem7/odom,39.663,-75.756,-1.801301445,0.001181886,0.000486440,0.000161448,-0.001170807,0.000486440,,,
1786043814175241205,1786043814.174824340,/novatel/oem7/odom,/novatel/oem7/fix,/novatel/oem7/odom,39.663,-75.756,-1.801301445,0.001181886,0.000486440,0.000161448,-0.001170807,0.000486440,,,
1786043814186313683,1786043814.185958276,/novatel/oem7/inspva,/novatel/oem7/inspva,/novatel/oem7/inspva,39.663,-75.756,-1.801286842,0.001139995,0.000518270,-0.001110649,0.000256999,0.000518270,,novatel_oem7_msgs.msg.InertialSolutionStatus(status=3),
1786043814187004202,1786043814.186096241,/novatel/oem7/fix,/novatel/oem7/fix,/novatel/oem7/inspva,39.663,-75.756,-1.801286842,0.001139995,0.000518270,-0.001110649,0.000256999,0.000518270,,0,
1786043814187529203,1786043814.186525599,/novatel/oem7/odom,/novatel/oem7/fix,/novatel/oem7/odom,39.663,-75.756,-1.801286842,0.001140919,0.000516233,0.000200822,-0.001123106,0.000516233,,,
1786043814194901411,1786043814.194529673,/novatel/oem7/odom,/novatel/oem7/fix,/novatel/oem7/odom,39.663,-75.756,-1.801286842,0.001140919,0.000516233,0.000200822,-0.001123106,0.000516233,,,
1786043814206544833,1786043814.206189824,/novatel/oem7/inspva,/novatel/oem7/inspva,/novatel/oem7/inspva,39.663,-75.756,-1.801269675,0.001143210,0.000997282,-0.001138829,-0.000099998,0.000997282,,novatel_oem7_msgs.msg.InertialSolutionStatus(status=3),
1786043814207116448,1786043814.206331955,/novatel/oem7/fix,/novatel/oem7/fix,/novatel/oem7/inspva,39.663,-75.756,-1.801269675,0.001143210,0.000997282,-0.001138829,-0.000099998,0.000997282,,0,
1786043814207807814,1786043814.206987795,/novatel/oem7/odom,/novatel/oem7/fix,/novatel/oem7/odom,39.663,-75.756,-1.801269675,0.001146163,0.000993888,-0.000158896,-0.001135095,0.000993888,,,
1786043814210600036,1786043814.210127383,/novatel/oem7/bestpos,/novatel/oem7/bestpos,/novatel/oem7/odom,39.663,-75.756,33.181204219,0.001146163,0.000993888,-0.000158896,-0.001135095,0.000993888,,novatel_oem7_msgs.msg.SolutionStatus(status=0),novatel_oem7_msgs.msg.PositionOrVelocityType(type=53)
1786043814211234421,1786043814.210521027,/novatel/oem7/bestvel,/novatel/oem7/bestpos,/novatel/oem7/bestvel,39.663,-75.756,33.181204219,0.001138139,0.000913514,,,,176.970152450,novatel_oem7_msgs.msg.SolutionStatus(status=0),novatel_oem7_msgs.msg.PositionOrVelocityType(type=53)
1786043814215969296,1786043814.215595005,/novatel/oem7/odom,/novatel/oem7/bestpos,/novatel/oem7/odom,39.663,-75.756,33.181204219,0.001146163,0.000993888,-0.000158896,-0.001135095,0.000993888,,,
1786043814226348135,1786043814.226001631,/novatel/oem7/inspva,/novatel/oem7/inspva,/novatel/oem7/inspva,39.663,-75.756,-1.801254368,0.001179948,0.000758093,-0.001172344,0.000133735,0.000758093,,novatel_oem7_msgs.msg.InertialSolutionStatus(status=3),
1786043814226976784,1786043814.226134955,/novatel/oem7/fix,/novatel/oem7/fix,/novatel/oem7/inspva,39.663,-75.756,-1.801254368,0.001179948,0.000758093,-0.001172344,0.000133735,0.000758093,,0,
1786043814227466851,1786043814.226509196,/novatel/oem7/odom,/novatel/oem7/fix,/novatel/oem7/odom,39.663,-75.756,-1.801254368,0.001181638,0.000755455,0.000073820,-0.001179330,0.000755455,,,
1786043814234818177,1786043814.234388099,/novatel/oem7/odom,/novatel/oem7/fix,/novatel/oem7/odom,39.663,-75.756,-1.801254368,0.001181638,0.000755455,0.000073820,-0.001179330,0.000755455,,,
1786043814246595376,1786043814.246180105,/novatel/oem7/inspva,/novatel/oem7/inspva,/novatel/oem7/inspva,39.663,-75.756,-1.801238089,0.001338940,0.000723956,-0.001336805,0.000075590,0.000723956,,novatel_oem7_msgs.msg.InertialSolutionStatus(status=3),
1786043814247213929,1786043814.246346383,/novatel/oem7/fix,/novatel/oem7/fix,/novatel/oem7/inspva,39.663,-75.756,-1.801238089,0.001338940,0.000723956,-0.001336805,0.000075590,0.000723956,,0,
1786043814247901863,1786043814.246991703,/novatel/oem7/odom,/novatel/oem7/fix,/novatel/oem7/odom,39.663,-75.756,-1.801238089,0.001340713,0.000720668,0.000007881,-0.001340689,0.000720668,,,
1786043814256751208,1786043814.256355574,/novatel/oem7/odom,/novatel/oem7/fix,/novatel/oem7/odom,39.663,-75.756,-1.801238089,0.001340713,0.000720668,0.000007881,-0.001340689,0.000720668,,,
1786043814265278313,1786043814.264911507,/novatel/oem7/inspva,/novatel/oem7/inspva,/novatel/oem7/inspva,39.663,-75.756,-1.801220696,0.001314258,0.000591324,-0.001309792,-0.000108251,0.000591324,,novatel_oem7_msgs.msg.InertialSolutionStatus(status=3),
1786043814266013841,1786043814.265067129,/novatel/oem7/fix,/novatel/oem7/fix,/novatel/oem7/inspva,39.663,-75.756,-1.801220696,0.001314258,0.000591324,-0.001309792,-0.000108251,0.000591324,,0,
1786043814266523900,1786043814.265574841,/novatel/oem7/odom,/novatel/oem7/fix,/novatel/oem7/odom,39.663,-75.756,-1.801220696,0.001315998,0.000587440,-0.000173932,-0.001304454,0.000587440,,,
1786043814275911221,1786043814.275409030,/novatel/oem7/odom,/novatel/oem7/fix,/novatel/oem7/odom,39.663,-75.756,-1.801220696,0.001315998,0.000587440,-0.000173932,-0.001304454,0.000587440,,,
1786043814287112663,1786043814.286499905,/novatel/oem7/inspva,/novatel/oem7/inspva,/novatel/oem7/inspva,39.663,-75.756,-1.801202212,0.001443226,0.000924764,-0.001407922,-0.000317262,0.000924764,,novatel_oem7_msgs.msg.InertialSolutionStatus(status=3),
1786043814287833191,1786043814.286759045,/novatel/oem7/fix,/novatel/oem7/fix,/novatel/oem7/inspva,39.663,-75.756,-1.801202212,0.001443226,0.000924764,-0.001407922,-0.000317262,0.000924764,,0,
1786043814288337898,1786043814.287014217,/novatel/oem7/odom,/novatel/oem7/fix,/novatel/oem7/odom,39.663,-75.756,-1.801202212,0.001315999,0.000587438,-0.000173933,-0.001304454,0.000587438,,,
1786043814295381869,1786043814.294981791,/novatel/oem7/odom,/novatel/oem7/fix,/novatel/oem7/odom,39.663,-75.756,-1.801202212,0.001446354,0.000919863,-0.000388700,-0.001393145,0.000919863,,,
1786043814306185039,1786043814.305795180,/novatel/oem7/inspva,/novatel/oem7/inspva,/novatel/oem7/inspva,39.663,-75.756,-1.801186113,0.001494849,0.000852637,-0.001467948,-0.000282316,0.000852637,,novatel_oem7_msgs.msg.InertialSolutionStatus(status=3),
1786043814306867136,1786043814.305964692,/novatel/oem7/fix,/novatel/oem7/fix,/novatel/oem7/inspva,39.663,-75.756,-1.801186113,0.001494849,0.000852637,-0.001467948,-0.000282316,0.000852637,,0,
1786043814307381086,1786043814.306455464,/novatel/oem7/odom,/novatel/oem7/fix,/novatel/oem7/odom,39.663,-75.756,-1.801186113,0.001497647,0.000847712,-0.000356444,-0.001454611,0.000847712,,,
1786043814309454455,1786043814.309083017,/novatel/oem7/bestpos,/novatel/oem7/bestpos,/novatel/oem7/odom,39.663,-75.756,33.181287334,0.001497647,0.000847712,-0.000356444,-0.001454611,0.000847712,,novatel_oem7_msgs.msg.SolutionStatus(status=0),novatel_oem7_msgs.msg.PositionOrVelocityType(type=53)
1786043814310164227,1786043814.309410561,/novatel/oem7/bestvel,/novatel/oem7/bestpos,/novatel/oem7/bestvel,39.663,-75.756,33.181287334,0.001491020,0.000731542,,,,180.816483511,novatel_oem7_msgs.msg.SolutionStatus(status=0),novatel_oem7_msgs.msg.PositionOrVelocityType(type=53)
1786043814314983962,1786043814.314526592,/novatel/oem7/odom,/novatel/oem7/bestpos,/novatel/oem7/odom,39.663,-75.756,33.181287334,0.001497647,0.000847712,-0.000356444,-0.001454611,0.000847712,,,
1786043814325702880,1786043814.325100235,/novatel/oem7/inspva,/novatel/oem7/inspva,/novatel/oem7/inspva,39.663,-75.756,-1.801170330,0.001227758,0.000586752,-0.001150937,-0.000427474,0.000586752,,novatel_oem7_msgs.msg.InertialSolutionStatus(status=3),
1786043814326379553,1786043814.325270884,/novatel/oem7/fix,/novatel/oem7/fix,/novatel/oem7/inspva,39.663,-75.756,-1.801170330,0.001227758,0.000586752,-0.001150937,-0.000427474,0.000586752,,0,
1786043814326916736,1786043814.325722031,/novatel/oem7/odom,/novatel/oem7/fix,/novatel/oem7/odom,39.663,-75.756,-1.801170330,0.001229946,0.000582152,-0.000485045,-0.001130265,0.000582152,,,
1786043814335727494,1786043814.335326035,/novatel/oem7/odom,/novatel/oem7/fix,/novatel/oem7/odom,39.663,-75.756,-1.801170330,0.001229946,0.000582152,-0.000485045,-0.001130265,0.000582152,,,
1786043814346366194,1786043814.345893715,/novatel/oem7/inspva,/novatel/oem7/inspva,/novatel/oem7/inspva,39.663,-75.756,-1.801147764,0.001621755,0.001066664,-0.001421227,-0.000781155,0.001066664,,novatel_oem7_msgs.msg.InertialSolutionStatus(status=3),
1786043814347070469,1786043814.346057681,/novatel/oem7/fix,/novatel/oem7/fix,/novatel/oem7/inspva,39.663,-75.756,-1.801147764,0.001621755,0.001066664,-0.001421227,-0.000781155,0.001066664,,0,
1786043814347597916,1786043814.346433325,/novatel/oem7/odom,/novatel/oem7/fix,/novatel/oem7/odom,39.663,-75.756,-1.801147764,0.001626075,0.001060066,-0.000853222,-0.001384245,0.001060066,,,
1786043814356162108,1786043814.355648938,/novatel/oem7/odom,/novatel/oem7/fix,/novatel/oem7/odom,39.663,-75.756,-1.801147764,0.001626075,0.001060066,-0.000853222,-0.001384245,0.001060066,,,
1786043814366556101,1786043814.366175237,/novatel/oem7/inspva,/novatel/oem7/inspva,/novatel/oem7/inspva,39.663,-75.756,-1.801132576,0.001480267,0.000660559,-0.001406011,-0.000462953,0.000660559,,novatel_oem7_msgs.msg.InertialSolutionStatus(status=3),
1786043814367201008,1786043814.366343702,/novatel/oem7/fix,/novatel/oem7/fix,/novatel/oem7/inspva,39.663,-75.756,-1.801132576,0.001480267,0.000660559,-0.001406011,-0.000462953,0.000660559,,0,
1786043814367916268,1786043814.367019149,/novatel/oem7/odom,/novatel/oem7/fix,/novatel/oem7/odom,39.663,-75.756,-1.801132576,0.001482673,0.000655143,-0.000533140,-0.001383503,0.000655143,,,
1786043814375908572,1786043814.375513145,/novatel/oem7/odom,/novatel/oem7/fix,/novatel/oem7/odom,39.663,-75.756,-1.801132576,0.001482673,0.000655143,-0.000533140,-0.001383503,0.000655143,,,
1786043814385576553,1786043814.385184546,/novatel/oem7/inspva,/novatel/oem7/inspva,/novatel/oem7/inspva,39.663,-75.756,-1.801110580,0.001724245,0.000814378,-0.001584339,-0.000680361,0.000814378,,novatel_oem7_msgs.msg.InertialSolutionStatus(status=3),
1786043814386270546,1786043814.385347878,/novatel/oem7/fix,/novatel/oem7/fix,/novatel/oem7/inspva,39.663,-75.756,-1.801110580,0.001724245,0.000814378,-0.001584339,-0.000680361,0.000814378,,0,
1786043814386788710,1786043814.385814059,/novatel/oem7/odom,/novatel/oem7/fix,/novatel/oem7/odom,39.663,-75.756,-1.801110580,0.001727376,0.000807716,-0.000759527,-0.001551433,0.000807716,,,
1786043814395941127,1786043814.395456896,/novatel/oem7/odom,/novatel/oem7/fix,/novatel/oem7/odom,39.663,-75.756,-1.801110580,0.001727376,0.000807716,-0.000759527,-0.001551433,0.000807716,,,
1786043814406842986,1786043814.406371170,/novatel/oem7/inspva,/novatel/oem7/inspva,/novatel/oem7/inspva,39.663,-75.756,-1.801090674,0.001432391,0.000901970,-0.001217005,-0.000755410,0.000901970,,novatel_oem7_msgs.msg.InertialSolutionStatus(status=3),
1786043814407546730,1786043814.406544905,/novatel/oem7/fix,/novatel/oem7/fix,/novatel/oem7/inspva,39.663,-75.756,-1.801090674,0.001432391,0.000901970,-0.001217005,-0.000755410,0.000901970,,0,
1786043814408046782,1786043814.407084678,/novatel/oem7/odom,/novatel/oem7/fix,/novatel/oem7/odom,39.663,-75.756,-1.801090674,0.001436119,0.000896022,-0.000816967,-0.001181103,0.000896022,,,
1786043814410564733,1786043814.410189525,/novatel/oem7/bestpos,/novatel/oem7/bestpos,/novatel/oem7/odom,39.663,-75.756,33.181385998,0.001436119,0.000896022,-0.000816967,-0.001181103,0.000896022,,novatel_oem7_msgs.msg.SolutionStatus(status=0),novatel_oem7_msgs.msg.PositionOrVelocityType(type=53)
1786043814411261355,1786043814.410550919,/novatel/oem7/bestvel,/novatel/oem7/bestpos,/novatel/oem7/bestvel,39.663,-75.756,33.181385998,0.001603502,0.000992742,,,,204.012167216,novatel_oem7_msgs.msg.SolutionStatus(status=0),novatel_oem7_msgs.msg.PositionOrVelocityType(type=53)
1786043814415124579,1786043814.414711275,/novatel/oem7/odom,/novatel/oem7/bestpos,/novatel/oem7/odom,39.663,-75.756,33.181385998,0.001436119,0.000896022,-0.000816967,-0.001181103,0.000896022,,,
1786043814425869046,1786043814.425339612,/novatel/oem7/inspva,/novatel/oem7/inspva,/novatel/oem7/inspva,39.663,-75.756,-1.801068635,0.001744855,0.001059870,-0.001475054,-0.000932059,0.001059870,,novatel_oem7_msgs.msg.InertialSolutionStatus(status=3),
1786043814426610864,1786043814.425525277,/novatel/oem7/fix,/novatel/oem7/fix,/novatel/oem7/inspva,39.663,-75.756,-1.801068635,0.001744855,0.001059870,-0.001475054,-0.000932059,0.001059870,,0,
1786043814427141767,1786043814.426015462,/novatel/oem7/odom,/novatel/oem7/fix,/novatel/oem7/odom,39.663,-75.756,-1.801068635,0.001749254,0.001052594,-0.001006522,-0.001430665,0.001052594,,,
1786043814435240438,1786043814.434841128,/novatel/oem7/odom,/novatel/oem7/fix,/novatel/oem7/odom,39.663,-75.756,-1.801068635,0.001749254,0.001052594,-0.001006522,-0.001430665,0.001052594,,,
1786043814445730224,1786043814.445333177,/novatel/oem7/inspva,/novatel/oem7/inspva,/novatel/oem7/inspva,39.663,-75.756,-1.801051611,0.001254310,0.000617988,-0.001032576,-0.000712096,0.000617988,,novatel_oem7_msgs.msg.InertialSolutionStatus(status=3),
1786043814446403816,1786043814.445521099,/novatel/oem7/fix,/novatel/oem7/fix,/novatel/oem7/inspva,39.663,-75.756,-1.801051611,0.001254310,0.000617988,-0.001032576,-0.000712096,0.000617988,,0,
1786043814446921921,1786043814.446036637,/novatel/oem7/odom,/novatel/oem7/fix,/novatel/oem7/odom,39.663,-75.756,-1.801051611,0.001256906,0.000612691,-0.000763696,-0.000998289,0.000612691,,,
1786043814456710470,1786043814.456256554,/novatel/oem7/odom,/novatel/oem7/fix,/novatel/oem7/odom,39.663,-75.756,-1.801051611,0.001256906,0.000612691,-0.000763696,-0.000998289,0.000612691,,,
1786043814465571905,1786043814.465178755,/novatel/oem7/inspva,/novatel/oem7/inspva,/novatel/oem7/inspva,39.663,-75.756,-1.801029267,0.001943870,0.000891445,-0.001335896,-0.001412095,0.000891445,,novatel_oem7_msgs.msg.InertialSolutionStatus(status=3),
1786043814466252004,1786043814.465337816,/novatel/oem7/fix,/novatel/oem7/fix,/novatel/oem7/inspva,39.663,-75.756,-1.801029267,0.001943870,0.000891445,-0.001335896,-0.001412095,0.000891445,,0,
1786043814466748239,1786043814.465789091,/novatel/oem7/odom,/novatel/oem7/fix,/novatel/oem7/odom,39.663,-75.756,-1.801029267,0.001947801,0.000882822,-0.001478626,-0.001267909,0.000882822,,,
1786043814474874259,1786043814.474489849,/novatel/oem7/odom,/novatel/oem7/fix,/novatel/oem7/odom,39.663,-75.756,-1.801029267,0.001947801,0.000882822,-0.001478626,-0.001267909,0.000882822,,,
1786043814485333767,1786043814.485015595,/novatel/oem7/inspva,/novatel/oem7/inspva,/novatel/oem7/inspva,39.663,-75.756,-1.801008839,0.001665757,0.001093277,-0.001534002,-0.000649294,0.001093277,,novatel_oem7_msgs.msg.InertialSolutionStatus(status=3),
1786043814485986796,1786043814.485175060,/novatel/oem7/fix,/novatel/oem7/fix,/novatel/oem7/inspva,39.663,-75.756,-1.801008839,0.001665757,0.001093277,-0.001534002,-0.000649294,0.001093277,,0,
1786043814486510425,1786043814.485664008,/novatel/oem7/odom,/novatel/oem7/fix,/novatel/oem7/odom,39.663,-75.756,-1.801008839,0.001669960,0.001086846,-0.000727096,-0.001503362,0.001086846,,,
1786043814496017163,1786043814.495611118,/novatel/oem7/odom,/novatel/oem7/fix,/novatel/oem7/odom,39.663,-75.756,-1.801008839,0.001669960,0.001086846,-0.000727096,-0.001503362,0.001086846,,,
1786043814506344279,1786043814.505971953,/novatel/oem7/inspva,/novatel/oem7/inspva,/novatel/oem7/inspva,39.663,-75.756,-1.800987164,0.002053742,0.001014954,-0.001638631,-0.001238040,0.001014954,,novatel_oem7_msgs.msg.InertialSolutionStatus(status=3),
1786043814506976474,1786043814.506123418,/novatel/oem7/fix,/novatel/oem7/fix,/novatel/oem7/inspva,39.663,-75.756,-1.800987164,0.002053742,0.001014954,-0.001638631,-0.001238040,0.001014954,,0,
1786043814507522839,1786043814.506588863,/novatel/oem7/odom,/novatel/oem7/fix,/novatel/oem7/odom,39.663,-75.756,-1.800987164,0.002058076,0.001006136,-0.001319949,-0.001579054,0.001006136,,,
1786043814512344461,1786043814.511966491,/novatel/oem7/bestpos,/novatel/oem7/bestpos,/novatel/oem7/odom,39.663,-75.756,33.181484373,0.002058076,0.001006136,-0.001319949,-0.001579054,0.001006136,,novatel_oem7_msgs.msg.SolutionStatus(status=0),novatel_oem7_msgs.msg.PositionOrVelocityType(type=53)
1786043814513060900,1786043814.512320767,/novatel/oem7/bestvel,/novatel/oem7/bestpos,/novatel/oem7/bestvel,39.663,-75.756,33.181484373,0.001837577,0.000813588,,,,208.210583021,novatel_oem7_msgs.msg.SolutionStatus(status=0),novatel_oem7_msgs.msg.PositionOrVelocityType(type=53)
1786043814514951139,1786043814.514455026,/novatel/oem7/odom,/novatel/oem7/bestpos,/novatel/oem7/odom,39.663,-75.756,33.181484373,0.002058076,0.001006136,-0.001319949,-0.001579054,0.001006136,,,
1786043814526299570,1786043814.525902655,/novatel/oem7/inspva,/novatel/oem7/inspva,/novatel/oem7/inspva,39.663,-75.756,-1.800968072,0.001712887,0.000830390,-0.001257107,-0.001163471,0.000830390,,novatel_oem7_msgs.msg.InertialSolutionStatus(status=3),
1786043814527181972,1786043814.526077886,/novatel/oem7/fix,/novatel/oem7/fix,/novatel/oem7/inspva,39.663,-75.756,-1.800968072,0.001712887,0.000830390,-0.001257107,-0.001163471,0.000830390,,0,
1786043814527706692,1786043814.526566108,/novatel/oem7/odom,/novatel/oem7/fix,/novatel/oem7/odom,39.663,-75.756,-1.800968072,0.001716502,0.000822893,-0.001226231,-0.001201140,0.000822893,,,
1786043814535143013,1786043814.534708750,/novatel/oem7/odom,/novatel/oem7/fix,/novatel/oem7/odom,39.663,-75.756,-1.800968072,0.001716502,0.000822893,-0.001226231,-0.001201140,0.000822893,,,
1786043814545492161,1786043814.545071905,/novatel/oem7/inspva,/novatel/oem7/inspva,/novatel/oem7/inspva,39.663,-75.756,-1.800947215,0.002258954,0.000871071,-0.001723495,-0.001460287,0.000871071,,novatel_oem7_msgs.msg.InertialSolutionStatus(status=3),
1786043814546211881,1786043814.545241874,/novatel/oem7/fix,/novatel/oem7/fix,/novatel/oem7/inspva,39.663,-75.756,-1.800947215,0.002258954,0.000871071,-0.001723495,-0.001460287,0.000871071,,0,
1786043814546753774,1786043814.545644671,/novatel/oem7/odom,/novatel/oem7/fix,/novatel/oem7/odom,39.663,-75.756,-1.800947215,0.002262713,0.000861260,-0.001545503,-0.001652662,0.000861260,,,
1786043814556390860,1786043814.555895151,/novatel/oem7/odom,/novatel/oem7/fix,/novatel/oem7/odom,39.663,-75.756,-1.800947215,0.002262713,0.000861260,-0.001545503,-0.001652662,0.000861260,,,
1786043814565679473,1786043814.565284182,/novatel/oem7/inspva,/novatel/oem7/inspva,/novatel/oem7/inspva,39.663,-75.756,-1.800924843,0.001951435,0.001194969,-0.001355957,-0.001403381,0.001194969,,novatel_oem7_msgs.msg.InertialSolutionStatus(status=3),
1786043814566329322,1786043814.565455718,/novatel/oem7/fix,/novatel/oem7/fix,/novatel/oem7/inspva,39.663,-75.756,-1.800924843,0.001951435,0.001194969,-0.001355957,-0.001403381,0.001194969,,0,
1786043814566825984,1786043814.565981513,/novatel/oem7/odom,/novatel/oem7/fix,/novatel/oem7/odom,39.663,-75.756,-1.800924843,0.001956691,0.001186343,-0.001471999,-0.001289132,0.001186343,,,
1786043814575300205,1786043814.574905893,/novatel/oem7/odom,/novatel/oem7/fix,/novatel/oem7/odom,39.663,-75.756,-1.800924843,0.001956691,0.001186343,-0.001471999,-0.001289132,0.001186343,,,
1786043814586328141,1786043814.585918915,/novatel/oem7/inspva,/novatel/oem7/inspva,/novatel/oem7/inspva,39.663,-75.756,-1.800905728,0.002215376,0.001127540,-0.001416182,-0.001703619,0.001127540,,novatel_oem7_msgs.msg.InertialSolutionStatus(status=3),
1786043814587041359,1786043814.586087483,/novatel/oem7/fix,/novatel/oem7/fix,/novatel/oem7/inspva,39.663,-75.756,-1.800905728,0.002215376,0.001127540,-0.001416182,-0.001703619,0.001127540,,0,
1786043814587582484,1786043814.586554047,/novatel/oem7/odom,/novatel/oem7/fix,/novatel/oem7/odom,39.663,-75.756,-1.800905728,0.002220363,0.001117688,-0.001774557,-0.001334526,0.001117688,,,
1786043814594788037,1786043814.594317273,/novatel/oem7/odom,/novatel/oem7/fix,/novatel/oem7/odom,39.663,-75.756,-1.800905728,0.002220363,0.001117688,-0.001774557,-0.001334526,0.001117688,,,
1786043814606596667,1786043814.605868286,/novatel/oem7/inspva,/novatel/oem7/inspva,/novatel/oem7/inspva,39.663,-75.756,-1.800886478,0.002330830,0.001014317,-0.001776443,-0.001508979,0.001014317,,novatel_oem7_msgs.msg.InertialSolutionStatus(status=3),
1786043814607570415,1786043814.606031851,/novatel/oem7/fix,/novatel/oem7/fix,/novatel/oem7/inspva,39.663,-75.756,-1.800886478,0.002330830,0.001014317,-0.001776443,-0.001508979,0.001014317,,0,
1786043814608066975,1786043814.606884207,/novatel/oem7/odom,/novatel/oem7/fix,/novatel/oem7/odom,39.663,-75.756,-1.800886478,0.002335203,0.001004209,-0.001597238,-0.001703527,0.001004209,,,
1786043814610469132,1786043814.610102339,/novatel/oem7/bestpos,/novatel/oem7/bestpos,/novatel/oem7/odom,39.663,-75.756,33.181597581,0.002335203,0.001004209,-0.001597238,-0.001703527,0.001004209,,novatel_oem7_msgs.msg.SolutionStatus(status=0),novatel_oem7_msgs.msg.PositionOrVelocityType(type=53)
1786043814611826973,1786043814.610484693,/novatel/oem7/bestvel,/novatel/oem7/bestpos,/novatel/oem7/bestvel,39.663,-75.756,33.181597581,0.002408341,0.001064390,,,,215.509168435,novatel_oem7_msgs.msg.SolutionStatus(status=0),novatel_oem7_msgs.msg.PositionOrVelocityType(type=53)
1786043814615803074,1786043814.615395493,/novatel/oem7/odom,/novatel/oem7/bestpos,/novatel/oem7/odom,39.663,-75.756,33.181597581,0.002335203,0.001004209,-0.001597238,-0.001703527,0.001004209,,,
1786043814625412517,1786043814.624869698,/novatel/oem7/inspva,/novatel/oem7/inspva,/novatel/oem7/inspva,39.663,-75.756,-1.800865666,0.002264708,0.001004878,-0.001552690,-0.001648652,0.001004878,,novatel_oem7_msgs.msg.InertialSolutionStatus(status=3),
1786043814626860008,1786043814.625054440,/novatel/oem7/fix,/novatel/oem7/fix,/novatel/oem7/inspva,39.663,-75.756,-1.800865666,0.002264708,0.001004878,-0.001552690,-0.001648652,0.001004878,,0,
1786043814627615339,1786043814.625468354,/novatel/oem7/odom,/novatel/oem7/fix,/novatel/oem7/odom,39.663,-75.756,-1.800865666,0.002269124,0.000994866,-0.001725828,-0.001473242,0.000994866,,,
1786043814634800944,1786043814.634354180,/novatel/oem7/odom,/novatel/oem7/fix,/novatel/oem7/odom,39.663,-75.756,-1.800865666,0.002269124,0.000994866,-0.001725828,-0.001473242,0.000994866,,,
1786043814647245865,1786043814.646496010,/novatel/oem7/inspva,/novatel/oem7/inspva,/novatel/oem7/inspva,39.663,-75.756,-1.800846703,0.002655686,0.000902199,-0.001627954,-0.002098197,0.000902199,,novatel_oem7_msgs.msg.InertialSolutionStatus(status=3),
1786043814647969929,1786043814.646678655,/novatel/oem7/fix,/novatel/oem7/fix,/novatel/oem7/inspva,39.663,-75.756,-1.800846703,0.002655686,0.000902199,-0.001627954,-0.002098197,0.000902199,,0,
1786043814648524170,1786043814.647127096,/novatel/oem7/odom,/novatel/oem7/fix,/novatel/oem7/odom,39.663,-75.756,-1.800846703,0.002659671,0.000890382,-0.002178113,-0.001526327,0.000890382,,,
1786043814657252101,1786043814.656507488,/novatel/oem7/odom,/novatel/oem7/fix,/novatel/oem7/odom,39.663,-75.756,-1.800846703,0.002659671,0.000890382,-0.002178113,-0.001526327,0.000890382,,,
1786043814665606550,1786043814.665066161,/novatel/oem7/inspva,/novatel/oem7/inspva,/novatel/oem7/inspva,39.663,-75.756,-1.800825398,0.002490168,0.000741621,-0.001447310,-0.002026384,0.000741621,,novatel_oem7_msgs.msg.InertialSolutionStatus(status=3),
1786043814666956464,1786043814.665237863,/novatel/oem7/fix,/novatel/oem7/fix,/novatel/oem7/inspva,39.663,-75.756,-1.800825398,0.002490168,0.000741621,-0.001447310,-0.002026384,0.000741621,,0,
1786043814667734070,1786043814.665628237,/novatel/oem7/odom,/novatel/oem7/fix,/novatel/oem7/odom,39.663,-75.756,-1.800825398,0.002493442,0.000730538,-0.002097028,-0.001348972,0.000730538,,,
1786043814675817837,1786043814.675448616,/novatel/oem7/odom,/novatel/oem7/fix,/novatel/oem7/odom,39.663,-75.756,-1.800825398,0.002493442,0.000730538,-0.002097028,-0.001348972,0.000730538,,,
1786043814685451331,1786043814.685083050,/novatel/oem7/inspva,/novatel/oem7/inspva,/novatel/oem7/inspva,39.663,-75.756,-1.800800929,0.002787532,0.001438392,-0.001677466,-0.002226306,0.001438392,,novatel_oem7_msgs.msg.InertialSolutionStatus(status=3),
1786043814686069918,1786043814.685251892,/novatel/oem7/fix,/novatel/oem7/fix,/novatel/oem7/inspva,39.663,-75.756,-1.800800929,0.002787532,0.001438392,-0.001677466,-0.002226306,0.001438392,,0,
1786043814686781463,1786043814.685928285,/novatel/oem7/odom,/novatel/oem7/fix,/novatel/oem7/odom,39.663,-75.756,-1.800800929,0.002793904,0.001425975,-0.002310448,-0.001570901,0.001425975,,,
1786043814695117761,1786043814.694746221,/novatel/oem7/odom,/novatel/oem7/fix,/novatel/oem7/odom,39.663,-75.756,-1.800800929,0.002793904,0.001425975,-0.002310448,-0.001570901,0.001425975,,,
1786043814706217150,1786043814.705922891,/novatel/oem7/inspva,/novatel/oem7/inspva,/novatel/oem7/inspva,39.663,-75.756,-1.800783373,0.002765443,0.001040156,-0.001277591,-0.002452639,0.001040156,,novatel_oem7_msgs.msg.InertialSolutionStatus(status=3),
1786043814706848386,1786043814.706094382,/novatel/oem7/fix,/novatel/oem7/fix,/novatel/oem7/inspva,39.663,-75.756,-1.800783373,0.002765443,0.001040156,-0.001277591,-0.002452639,0.001040156,,0,
1786043814707595702,1786043814.706626631,/novatel/oem7/odom,/novatel/oem7/fix,/novatel/oem7/odom,39.663,-75.756,-1.800783373,0.002769986,0.001027996,-0.002515623,-0.001159510,0.001027996,,,
1786043814709653131,1786043814.709264668,/novatel/oem7/bestpos,/novatel/oem7/bestpos,/novatel/oem7/odom,39.663,-75.756,33.181691145,0.002769986,0.001027996,-0.002515623,-0.001159510,0.001027996,,novatel_oem7_msgs.msg.SolutionStatus(status=0),novatel_oem7_msgs.msg.PositionOrVelocityType(type=53)
1786043814710376261,1786043814.709955578,/novatel/oem7/bestvel,/novatel/oem7/bestpos,/novatel/oem7/bestvel,39.663,-75.756,33.181691145,0.002391821,0.000780943,,,,241.464879073,novatel_oem7_msgs.msg.SolutionStatus(status=0),novatel_oem7_msgs.msg.PositionOrVelocityType(type=53)
1786043814715024349,1786043814.714486010,/novatel/oem7/odom,/novatel/oem7/bestpos,/novatel/oem7/odom,39.663,-75.756,33.181691145,0.002769986,0.001027996,-0.002515623,-0.001159510,0.001027996,,,
1786043814725712619,1786043814.725171408,/novatel/oem7/inspva,/novatel/oem7/inspva,/novatel/oem7/inspva,39.663,-75.756,-1.800765703,0.003083029,0.000830265,-0.001816273,-0.002491229,0.000830265,,novatel_oem7_msgs.msg.InertialSolutionStatus(status=3),
1786043814726388779,1786043814.725320777,/novatel/oem7/fix,/novatel/oem7/fix,/novatel/oem7/inspva,39.663,-75.756,-1.800765703,0.003083029,0.000830265,-0.001816273,-0.002491229,0.000830265,,0,
1786043814726915201,1786043814.725709868,/novatel/oem7/odom,/novatel/oem7/fix,/novatel/oem7/odom,39.663,-75.756,-1.800765703,0.003086691,0.000816547,-0.002579565,-0.001695140,0.000816547,,,
1786043814735836171,1786043814.735409286,/novatel/oem7/odom,/novatel/oem7/fix,/novatel/oem7/odom,39.663,-75.756,-1.800765703,0.003086691,0.000816547,-0.002579565,-0.001695140,0.000816547,,,
1786043814745368597,1786043814.744954188,/novatel/oem7/inspva,/novatel/oem7/inspva,/novatel/oem7/inspva,39.663,-75.756,-1.800746055,0.002645685,0.000775933,-0.001340111,-0.002281173,0.000775933,,novatel_oem7_msgs.msg.InertialSolutionStatus(status=3),
1786043814746080432,1786043814.745130354,/novatel/oem7/fix,/novatel/oem7/fix,/novatel/oem7/inspva,39.663,-75.756,-1.800746055,0.002645685,0.000775933,-0.001340111,-0.002281173,0.000775933,,0,
1786043814746611240,1786043814.745676689,/novatel/oem7/odom,/novatel/oem7/fix,/novatel/oem7/odom,39.663,-75.756,-1.800746055,0.002649086,0.000764241,-0.002346415,-0.001229632,0.000764241,,,
1786043814756137337,1786043814.755698467,/novatel/oem7/odom,/novatel/oem7/fix,/novatel/oem7/odom,39.663,-75.756,-1.800746055,0.002649086,0.000764241,-0.002346415,-0.001229632,0.000764241,,,
1786043814767482073,1786043814.766961044,/novatel/oem7/inspva,/novatel/oem7/inspva,/novatel/oem7/inspva,39.663,-75.756,-1.800723793,0.003273653,0.001070443,-0.001724406,-0.002782666,0.001070443,,novatel_oem7_msgs.msg.InertialSolutionStatus(status=3),
1786043814768133164,1786043814.767135286,/novatel/oem7/fix,/novatel/oem7/fix,/novatel/oem7/inspva,39.663,-75.756,-1.800723793,0.003273653,0.001070443,-0.001724406,-0.002782666,0.001070443,,0,
1786043814768627814,1786043814.767564090,/novatel/oem7/odom,/novatel/oem7/fix,/novatel/oem7/odom,39.663,-75.756,-1.800723793,0.003278364,0.001055926,-0.002867074,-0.001589831,0.001055926,,,
1786043814775293991,1786043814.774881151,/novatel/oem7/odom,/novatel/oem7/fix,/novatel/oem7/odom,39.663,-75.756,-1.800723793,0.003278364,0.001055926,-0.002867074,-0.001589831,0.001055926,,,
1786043814785451767,1786043814.785060797,/novatel/oem7/inspva,/novatel/oem7/inspva,/novatel/oem7/inspva,39.663,-75.756,-1.800705384,0.003014159,0.000883965,-0.001407469,-0.002665368,0.000883965,,novatel_oem7_msgs.msg.InertialSolutionStatus(status=3),
1786043814786092248,1786043814.785206409,/novatel/oem7/fix,/novatel/oem7/fix,/novatel/oem7/inspva,39.663,-75.756,-1.800705384,0.003014159,0.000883965,-0.001407469,-0.002665368,0.000883965,,0,
1786043814786575445,1786043814.785595246,/novatel/oem7/odom,/novatel/oem7/fix,/novatel/oem7/odom,39.663,-75.756,-1.800705384,0.003018007,0.000870737,-0.002733833,-0.001278484,0.000870737,,,
1786043814795817779,1786043814.795409872,/novatel/oem7/odom,/novatel/oem7/fix,/novatel/oem7/odom,39.663,-75.756,-1.800705384,0.003018007,0.000870737,-0.002733833,-0.001278484,0.000870737,,,
1786043814806940027,1786043814.806537134,/novatel/oem7/inspva,/novatel/oem7/inspva,/novatel/oem7/inspva,39.663,-75.756,-1.800686029,0.003368893,0.000855301,-0.001747800,-0.002880041,0.000855301,,novatel_oem7_msgs.msg.InertialSolutionStatus(status=3),
1786043814807628923,1786043814.806723322,/novatel/oem7/fix,/novatel/oem7/fix,/novatel/oem7/inspva,39.663,-75.756,-1.800686029,0.003368893,0.000855301,-0.001747800,-0.002880041,0.000855301,,0,
1786043814808117800,1786043814.807208237,/novatel/oem7/odom,/novatel/oem7/fix,/novatel/oem7/odom,39.663,-75.756,-1.800686029,0.003372644,0.000840388,-0.002964702,-0.001607878,0.000840388,,,
1786043814810544928,1786043814.810177131,/novatel/oem7/bestpos,/novatel/oem7/bestpos,/novatel/oem7/odom,39.663,-75.756,33.181789918,0.003372644,0.000840388,-0.002964702,-0.001607878,0.000840388,,novatel_oem7_msgs.msg.SolutionStatus(status=0),novatel_oem7_msgs.msg.PositionOrVelocityType(type=53)
1786043814811231392,1786043814.810560041,/novatel/oem7/bestvel,/novatel/oem7/bestpos,/novatel/oem7/bestvel,39.663,-75.756,33.181789918,0.003590170,0.000685298,,,,254.908581548,novatel_oem7_msgs.msg.SolutionStatus(status=0),novatel_oem7_msgs.msg.PositionOrVelocityType(type=53)
1786043814815288691,1786043814.814903809,/novatel/oem7/odom,/novatel/oem7/bestpos,/novatel/oem7/odom,39.663,-75.756,33.181789918,0.003372644,0.000840388,-0.002964702,-0.001607878,0.000840388,,,
1786043814826494373,1786043814.826109978,/novatel/oem7/inspva,/novatel/oem7/inspva,/novatel/oem7/inspva,39.663,-75.756,-1.800663756,0.003075917,0.001120355,-0.001502098,-0.002684207,0.001120355,,novatel_oem7_msgs.msg.InertialSolutionStatus(status=3),
1786043814827199691,1786043814.826255980,/novatel/oem7/fix,/novatel/oem7/fix,/novatel/oem7/inspva,39.663,-75.756,-1.800663756,0.003075917,0.001120355,-0.001502098,-0.002684207,0.001120355,,0,
1786043814827715856,1786043814.826711501,/novatel/oem7/odom,/novatel/oem7/fix,/novatel/oem7/odom,39.663,-75.756,-1.800663756,0.003080815,0.001106816,-0.002758113,-0.001372673,0.001106816,,,
1786043814834844834,1786043814.834461706,/novatel/oem7/odom,/novatel/oem7/fix,/novatel/oem7/odom,39.663,-75.756,-1.800663756,0.003080815,0.001106816,-0.002758113,-0.001372673,0.001106816,,,
1786043814845680646,1786043814.845371377,/novatel/oem7/inspva,/novatel/oem7/inspva,/novatel/oem7/inspva,39.663,-75.756,-1.800649093,0.003612081,0.000449638,-0.001915508,-0.003062345,0.000449638,,novatel_oem7_msgs.msg.InertialSolutionStatus(status=3),
1786043814846311568,1786043814.845571885,/novatel/oem7/fix,/novatel/oem7/fix,/novatel/oem7/inspva,39.663,-75.756,-1.800649093,0.003612081,0.000449638,-0.001915508,-0.003062345,0.000449638,,0,
1786043814847036692,1786043814.846173495,/novatel/oem7/odom,/novatel/oem7/fix,/novatel/oem7/odom,39.663,-75.756,-1.800649093,0.003614036,0.000433641,-0.003153443,-0.001765519,0.000433641,,,
1786043814856715700,1786043814.856247970,/novatel/oem7/odom,/novatel/oem7/fix,/novatel/oem7/odom,39.663,-75.756,-1.800649093,0.003614036,0.000433641,-0.003153443,-0.001765519,0.000433641,,,
1786043814865314353,1786043814.865020762,/novatel/oem7/inspva,/novatel/oem7/inspva,/novatel/oem7/inspva,39.663,-75.756,-1.800623549,0.003492395,0.000925453,-0.001640399,-0.003083166,0.000925453,,novatel_oem7_msgs.msg.InertialSolutionStatus(status=3),
1786043814865964614,1786043814.865185923,/novatel/oem7/fix,/novatel/oem7/fix,/novatel/oem7/inspva,39.663,-75.756,-1.800623549,0.003492395,0.000925453,-0.001640399,-0.003083166,0.000925453,,0,
1786043814866491149,1786043814.865695778,/novatel/oem7/odom,/novatel/oem7/fix,/novatel/oem7/odom,39.663,-75.756,-1.800623549,0.003496421,0.000910122,-0.003162604,-0.001490939,0.000910122,,,
1786043814874845476,1786043814.874512654,/novatel/oem7/odom,/novatel/oem7/fix,/novatel/oem7/odom,39.663,-75.756,-1.800623549,0.003496421,0.000910122,-0.003162604,-0.001490939,0.000910122,,,
1786043814886844236,1786043814.886582569,/novatel/oem7/inspva,/novatel/oem7/inspva,/novatel/oem7/inspva,39.663,-75.756,-1.800601041,0.004040557,0.000952806,-0.002108413,-0.003446838,0.000952806,,novatel_oem7_msgs.msg.InertialSolutionStatus(status=3),
1786043814887429279,1786043814.886742241,/novatel/oem7/fix,/novatel/oem7/fix,/novatel/oem7/inspva,39.663,-75.756,-1.800601041,0.004040557,0.000952806,-0.002108413,-0.003446838,0.000952806,,0,
1786043814888068533,1786043814.887292720,/novatel/oem7/odom,/novatel/oem7/fix,/novatel/oem7/odom,39.663,-75.756,-1.800601041,0.004044725,0.000934955,-0.003548669,-0.001940810,0.000934955,,,
1786043814895065569,1786043814.894607237,/novatel/oem7/odom,/novatel/oem7/fix,/novatel/oem7/odom,39.663,-75.756,-1.800601041,0.004044725,0.000934955,-0.003548669,-0.001940810,0.000934955,,,
1786043814906200386,1786043814.905791890,/novatel/oem7/inspva,/novatel/oem7/inspva,/novatel/oem7/inspva,39.663,-75.756,-1.800576081,0.003967602,0.001224064,-0.001935730,-0.003463353,0.001224064,,novatel_oem7_msgs.msg.InertialSolutionStatus(status=3),
1786043814906787347,1786043814.905959749,/novatel/oem7/fix,/novatel/oem7/fix,/novatel/oem7/inspva,39.663,-75.756,-1.800576081,0.003967602,0.001224064,-0.001935730,-0.003463353,0.001224064,,0,
1786043814907278061,1786043814.906500575,/novatel/oem7/odom,/novatel/oem7/fix,/novatel/oem7/odom,39.663,-75.756,-1.800576081,0.003972936,0.001206639,-0.003557759,-0.001768211,0.001206639,,,
1786043814910804279,1786043814.910507565,/novatel/oem7/bestpos,/novatel/oem7/bestpos,/novatel/oem7/odom,39.663,-75.756,33.181908813,0.003972936,0.001206639,-0.003557759,-0.001768211,0.001206639,,novatel_oem7_msgs.msg.SolutionStatus(status=0),novatel_oem7_msgs.msg.PositionOrVelocityType(type=53)
1786043814911499531,1786043814.911086214,/novatel/oem7/bestvel,/novatel/oem7/bestpos,/novatel/oem7/bestvel,39.663,-75.756,33.181908813,0.004347667,0.001346254,,,,247.687304852,novatel_oem7_msgs.msg.SolutionStatus(status=0),novatel_oem7_msgs.msg.PositionOrVelocityType(type=53)
1786043814915946846,1786043814.915449808,/novatel/oem7/odom,/novatel/oem7/bestpos,/novatel/oem7/odom,39.663,-75.756,33.181908813,0.003972936,0.001206639,-0.003557759,-0.001768211,0.001206639,,,
1786043814925717209,1786043814.925346241,/novatel/oem7/inspva,/novatel/oem7/inspva,/novatel/oem7/inspva,39.663,-75.756,-1.800557095,0.004181750,0.000641584,-0.001975472,-0.003685722,0.000641584,,novatel_oem7_msgs.msg.InertialSolutionStatus(status=3),
1786043814926382124,1786043814.925508090,/novatel/oem7/fix,/novatel/oem7/fix,/novatel/oem7/inspva,39.663,-75.756,-1.800557095,0.004181750,0.000641584,-0.001975472,-0.003685722,0.000641584,,0,
1786043814926869648,1786043814.926073299,/novatel/oem7/odom,/novatel/oem7/fix,/novatel/oem7/odom,39.663,-75.756,-1.800557095,0.004184521,0.000623253,-0.003779665,-0.001795649,0.000623253,,,
1786043814935115891,1786043814.934638519,/novatel/oem7/odom,/novatel/oem7/fix,/novatel/oem7/odom,39.663,-75.756,-1.800557095,0.004184521,0.000623253,-0.003779665,-0.001795649,0.000623253,,,
1786043814946508444,1786043814.946165352,/novatel/oem7/inspva,/novatel/oem7/inspva,/novatel/oem7/inspva,39.663,-75.756,-1.800532089,0.004452669,0.000797690,-0.001740217,-0.004098525,0.000797690,,novatel_oem7_msgs.msg.InertialSolutionStatus(status=3),
1786043814947158170,1786043814.946384774,/novatel/oem7/fix,/novatel/oem7/fix,/novatel/oem7/inspva,39.663,-75.756,-1.800532089,0.004452669,0.000797690,-0.001740217,-0.004098525,0.000797690,,0,
1786043814947674656,1786043814.946851462,/novatel/oem7/odom,/novatel/oem7/fix,/novatel/oem7/odom,39.663,-75.756,-1.800532089,0.004456054,0.000778561,-0.004181108,-0.001541022,0.000778561,,,
1786043814956218798,1786043814.955857656,/novatel/oem7/odom,/novatel/oem7/fix,/novatel/oem7/odom,39.663,-75.756,-1.800532089,0.004456054,0.000778561,-0.004181108,-0.001541022,0.000778561,,,
1786043814965614174,1786043814.965320052,/novatel/oem7/inspva,/novatel/oem7/inspva,/novatel/oem7/inspva,39.663,-75.756,-1.800512141,0.004502100,0.000767227,-0.001972886,-0.004046804,0.000767227,,novatel_oem7_msgs.msg.InertialSolutionStatus(status=3),
1786043814966214980,1786043814.965484687,/novatel/oem7/fix,/novatel/oem7/fix,/novatel/oem7/inspva,39.663,-75.756,-1.800512141,0.004502100,0.000767227,-0.001972886,-0.004046804,0.000767227,,0,
1786043814966906419,1786043814.966138143,/novatel/oem7/odom,/novatel/oem7/fix,/novatel/oem7/odom,39.663,-75.756,-1.800512141,0.004505391,0.000747659,-0.004140647,-0.001775836,0.000747659,,,
1786043814975968947,1786043814.975609689,/novatel/oem7/odom,/novatel/oem7/fix,/novatel/oem7/odom,39.663,-75.756,-1.800512141,0.004505391,0.000747659,-0.004140647,-0.001775836,0.000747659,,,
1786043814985555208,1786043814.985162220,/novatel/oem7/inspva,/novatel/oem7/inspva,/novatel/oem7/inspva,39.663,-75.756,-1.800490354,0.004712457,0.001000360,-0.002148063,-0.004194410,0.001000360,,novatel_oem7_msgs.msg.InertialSolutionStatus(status=3),
1786043814986242380,1786043814.985309691,/novatel/oem7/fix,/novatel/oem7/fix,/novatel/oem7/inspva,39.663,-75.756,-1.800490354,0.004712457,0.001000360,-0.002148063,-0.004194410,0.001000360,,0,
1786043814986761877,1786043814.985779649,/novatel/oem7/odom,/novatel/oem7/fix,/novatel/oem7/odom,39.663,-75.756,-1.800490354,0.004716784,0.000979756,-0.004297444,-0.001944229,0.000979756,,,
1786043814994747904,1786043814.994319128,/novatel/oem7/odom,/novatel/oem7/fix,/novatel/oem7/odom,39.663,-75.756,-1.800490354,0.004716784,0.000979756,-0.004297444,-0.001944229,0.000979756,,,
1786043815010511543,1786043815.010082914,/novatel/oem7/inspva,/novatel/oem7/inspva,/novatel/oem7/inspva,39.663,-75.756,-1.800474151,0.004802740,0.000454369,-0.002042036,-0.004346999,0.000454369,,novatel_oem7_msgs.msg.InertialSolutionStatus(status=3),
1786043815011151968,1786043815.010262666,/novatel/oem7/fix,/novatel/oem7/fix,/novatel/oem7/inspva,39.663,-75.756,-1.800474151,0.004802740,0.000454369,-0.002042036,-0.004346999,0.000454369,,0,
1786043815012549652,1786043815.011515429,/novatel/oem7/odom,/novatel/oem7/fix,/novatel/oem7/odom,39.663,-75.756,-1.800474151,0.004804669,0.000433494,-0.004442720,-0.001829503,0.000433494,,,
1786043815016693147,1786043815.016250654,/novatel/oem7/odom,/novatel/oem7/fix,/novatel/oem7/odom,39.663,-75.756,-1.800474151,0.004804669,0.000433494,-0.004442720,-0.001829503,0.000433494,,,
1786043815026090736,1786043815.025397406,/novatel/oem7/bestpos,/novatel/oem7/bestpos,/novatel/oem7/odom,39.663,-75.756,33.182007093,0.004804669,0.000433494,-0.004442720,-0.001829503,0.000433494,,novatel_oem7_msgs.msg.SolutionStatus(status=0),novatel_oem7_msgs.msg.PositionOrVelocityType(type=53)
1786043815027602915,1786043815.026748396,/novatel/oem7/bestvel,/novatel/oem7/bestpos,/novatel/oem7/bestvel,39.663,-75.756,33.182007093,0.004706042,0.000468464,,,,241.280047700,novatel_oem7_msgs.msg.SolutionStatus(status=0),novatel_oem7_msgs.msg.PositionOrVelocityType(type=53)
1786043815028370989,1786043815.027126314,/novatel/oem7/inspva,/novatel/oem7/inspva,/novatel/oem7/inspva,39.663,-75.756,-1.800450169,0.004952505,0.000908211,-0.002318534,-0.004376267,0.000908211,,novatel_oem7_msgs.msg.InertialSolutionStatus(status=3),
1786043815029768400,1786043815.027303765,/novatel/oem7/fix,/novatel/oem7/fix,/novatel/oem7/inspva,39.663,-75.756,-1.800450169,0.004952505,0.000908211,-0.002318534,-0.004376267,0.000908211,,0,
1786043815030446888,1786043815.027653265,/novatel/oem7/odom,/novatel/oem7/fix,/novatel/oem7/odom,39.663,-75.756,-1.800450169,0.004956439,0.000886493,-0.004487025,-0.002105444,0.000886493,,,
1786043815036902405,1786043815.036098647,/novatel/oem7/odom,/novatel/oem7/fix,/novatel/oem7/odom,39.663,-75.756,-1.800450169,0.004956439,0.000886493,-0.004487025,-0.002105444,0.000886493,,,
1786043815046381997,1786043815.045973557,/novatel/oem7/inspva,/novatel/oem7/inspva,/novatel/oem7/inspva,39.663,-75.756,-1.800456591,0.005026507,0.000764823,-0.002053589,-0.004587870,0.000764823,,novatel_oem7_msgs.msg.InertialSolutionStatus(status=3),
1786043815047073300,1786043815.046151559,/novatel/oem7/fix,/novatel/oem7/fix,/novatel/oem7/inspva,39.663,-75.756,-1.800456591,0.005026507,0.000764823,-0.002053589,-0.004587870,0.000764823,,0,
1786043815047608556,1786043815.046745048,/novatel/oem7/odom,/novatel/oem7/fix,/novatel/oem7/odom,39.663,-75.756,-1.800456591,0.005029769,0.000743072,-0.004684990,-0.001830148,0.000743072,,,
1786043815056742435,1786043815.056320205,/novatel/oem7/odom,/novatel/oem7/fix,/novatel/oem7/odom,39.663,-75.756,-1.800456591,0.005029769,0.000743072,-0.004684990,-0.001830148,0.000743072,,,
1786043815066527289,1786043815.066031507,/novatel/oem7/inspva,/novatel/oem7/inspva,/novatel/oem7/inspva,39.663,-75.756,-1.800475296,0.004960534,0.000491864,-0.002238894,-0.004426539,0.000491864,,novatel_oem7_msgs.msg.InertialSolutionStatus(status=3),
1786043815067125287,1786043815.066183925,/novatel/oem7/fix,/novatel/oem7/fix,/novatel/oem7/inspva,39.663,-75.756,-1.800475296,0.004960534,0.000491864,-0.002238894,-0.004426539,0.000491864,,0,
1786043815067579880,1786043815.066588799,/novatel/oem7/odom,/novatel/oem7/fix,/novatel/oem7/odom,39.663,-75.756,-1.800475296,0.004962635,0.000470187,-0.004531861,-0.002022371,0.000470187,,,
1786043815075116357,1786043815.074604847,/novatel/oem7/odom,/novatel/oem7/fix,/novatel/oem7/odom,39.663,-75.756,-1.800475296,0.004962635,0.000470187,-0.004531861,-0.002022371,0.000470187,,,
1786043815085657566,1786043815.085300265,/novatel/oem7/inspva,/novatel/oem7/inspva,/novatel/oem7/inspva,39.663,-75.756,-1.800481523,0.005069158,0.001243266,-0.002264050,-0.004535465,0.001243266,,novatel_oem7_msgs.msg.InertialSolutionStatus(status=3),
1786043815086288598,1786043815.085488124,/novatel/oem7/fix,/novatel/oem7/fix,/novatel/oem7/inspva,39.663,-75.756,-1.800481523,0.005069158,0.001243266,-0.002264050,-0.004535465,0.001243266,,0,
1786043815086970208,1786043815.086033932,/novatel/oem7/odom,/novatel/oem7/fix,/novatel/oem7/odom,39.663,-75.756,-1.800481523,0.005074535,0.001221135,-0.004644646,-0.002044056,0.001221135,,,
1786043815096136930,1786043815.095740960,/novatel/oem7/odom,/novatel/oem7/fix,/novatel/oem7/odom,39.663,-75.756,-1.800481523,0.005074535,0.001221135,-0.004644646,-0.002044056,0.001221135,,,
1786043815106245303,1786043815.105757661,/novatel/oem7/inspva,/novatel/oem7/inspva,/novatel/oem7/inspva,39.663,-75.756,-1.800500549,0.005006137,0.001067502,-0.002421852,-0.004381328,0.001067502,,novatel_oem7_msgs.msg.InertialSolutionStatus(status=3),
1786043815106879950,1786043815.105923416,/novatel/oem7/fix,/novatel/oem7/fix,/novatel/oem7/inspva,39.663,-75.756,-1.800500549,0.005006137,0.001067502,-0.002421852,-0.004381328,0.001067502,,0,
1786043815107360482,1786043815.106383988,/novatel/oem7/odom,/novatel/oem7/fix,/novatel/oem7/odom,39.663,-75.756,-1.800500549,0.005010784,0.001045470,-0.004497717,-0.002208734,0.001045470,,,
1786043815109552885,1786043815.109079035,/novatel/oem7/bestpos,/novatel/oem7/bestpos,/novatel/oem7/odom,39.663,-75.756,33.181908605,0.005010784,0.001045470,-0.004497717,-0.002208734,0.001045470,,novatel_oem7_msgs.msg.SolutionStatus(status=0),novatel_oem7_msgs.msg.PositionOrVelocityType(type=53)
1786043815110182913,1786043815.109524723,/novatel/oem7/bestvel,/novatel/oem7/bestpos,/novatel/oem7/bestvel,39.663,-75.756,33.181908605,0.005070917,0.001034844,,,,244.304455960,novatel_oem7_msgs.msg.SolutionStatus(status=0),novatel_oem7_msgs.msg.PositionOrVelocityType(type=53)
1786043815114772259,1786043815.114334625,/novatel/oem7/odom,/novatel/oem7/bestpos,/novatel/oem7/odom,39.663,-75.756,33.181908605,0.005010784,0.001045470,-0.004497717,-0.002208734,0.001045470,,,
1786043815126966628,1786043815.126584502,/novatel/oem7/inspva,/novatel/oem7/inspva,/novatel/oem7/inspva,39.663,-75.756,-1.800508832,0.005006974,0.000939070,-0.002209485,-0.004493102,0.000939070,,novatel_oem7_msgs.msg.InertialSolutionStatus(status=3),
1786043815127596333,1786043815.126747774,/novatel/oem7/fix,/novatel/oem7/fix,/novatel/oem7/inspva,39.663,-75.756,-1.800508832,0.005006974,0.000939070,-0.002209485,-0.004493102,0.000939070,,0,
1786043815128314980,1786043815.127606122,/novatel/oem7/odom,/novatel/oem7/fix,/novatel/oem7/odom,39.663,-75.756,-1.800508832,0.005011020,0.000917236,-0.004598536,-0.001990927,0.000917236,,,
1786043815136211172,1786043815.135749495,/novatel/oem7/odom,/novatel/oem7/fix,/novatel/oem7/odom,39.663,-75.756,-1.800508832,0.005011020,0.000917236,-0.004598536,-0.001990927,0.000917236,,,
1786043815145218166,1786043815.144926857,/novatel/oem7/inspva,/novatel/oem7/inspva,/novatel/oem7/inspva,39.663,-75.756,-1.800525664,0.005053082,0.000930596,-0.002462599,-0.004412397,0.000930596,,novatel_oem7_msgs.msg.InertialSolutionStatus(status=3),
1786043815145837376,1786043815.145127806,/novatel/oem7/fix,/novatel/oem7/fix,/novatel/oem7/inspva,39.663,-75.756,-1.800525664,0.005053082,0.000930596,-0.002462599,-0.004412397,0.000930596,,0,
1786043815146545521,1786043815.145662155,/novatel/oem7/odom,/novatel/oem7/fix,/novatel/oem7/odom,39.663,-75.756,-1.800525664,0.005057126,0.000908361,-0.004530202,-0.002247619,0.000908361,,,
1786043815155985098,1786043815.155636036,/novatel/oem7/odom,/novatel/oem7/fix,/novatel/oem7/odom,39.663,-75.756,-1.800525664,0.005057126,0.000908361,-0.004530202,-0.002247619,0.000908361,,,
1786043815165521191,1786043815.165185255,/novatel/oem7/inspva,/novatel/oem7/inspva,/novatel/oem7/inspva,39.663,-75.756,-1.800534450,0.005463302,0.000972234,-0.002239703,-0.004983112,0.000972234,,novatel_oem7_msgs.msg.InertialSolutionStatus(status=3),
1786043815166070844,1786043815.165402111,/novatel/oem7/fix,/novatel/oem7/fix,/novatel/oem7/inspva,39.663,-75.756,-1.800534450,0.005463302,0.000972234,-0.002239703,-0.004983112,0.000972234,,0,
1786043815166714559,1786043815.165911903,/novatel/oem7/odom,/novatel/oem7/fix,/novatel/oem7/odom,39.663,-75.756,-1.800534450,0.005467463,0.000948557,-0.005089579,-0.001997331,0.000948557,,,
1786043815174978370,1786043815.174629314,/novatel/oem7/odom,/novatel/oem7/fix,/novatel/oem7/odom,39.663,-75.756,-1.800534450,0.005467463,0.000948557,-0.005089579,-0.001997331,0.000948557,,,
1786043815186264801,1786043815.185998242,/novatel/oem7/inspva,/novatel/oem7/inspva,/novatel/oem7/inspva,39.663,-75.756,-1.800553058,0.004984876,0.000757087,-0.002100821,-0.004520568,0.000757087,,novatel_oem7_msgs.msg.InertialSolutionStatus(status=3),
1786043815186867776,1786043815.186182634,/novatel/oem7/fix,/novatel/oem7/fix,/novatel/oem7/inspva,39.663,-75.756,-1.800553058,0.004984876,0.000757087,-0.002100821,-0.004520568,0.000757087,,0,
1786043815187559509,1786043815.186699526,/novatel/oem7/odom,/novatel/oem7/fix,/novatel/oem7/odom,39.663,-75.756,-1.800553058,0.004988123,0.000735386,-0.004620049,-0.001880564,0.000735386,,,
1786043815194821329,1786043815.194475175,/novatel/oem7/odom,/novatel/oem7/fix,/novatel/oem7/odom,39.663,-75.756,-1.800553058,0.004988123,0.000735386,-0.004620049,-0.001880564,0.000735386,,,
1786043815206623719,1786043815.206228647,/novatel/oem7/inspva,/novatel/oem7/inspva,/novatel/oem7/inspva,39.663,-75.756,-1.800565800,0.005575867,0.000796069,-0.002322355,-0.005069217,0.000796069,,novatel_oem7_msgs.msg.InertialSolutionStatus(status=3),
1786043815207232694,1786043815.206413696,/novatel/oem7/fix,/novatel/oem7/fix,/novatel/oem7/inspva,39.663,-75.756,-1.800565800,0.005575867,0.000796069,-0.002322355,-0.005069217,0.000796069,,0,
1786043815207713090,1786043815.206916324,/novatel/oem7/odom,/novatel/oem7/fix,/novatel/oem7/odom,39.663,-75.756,-1.800565800,0.005579282,0.000771768,-0.005178968,-0.002075255,0.000771768,,,
1786043815210602644,1786043815.210166414,/novatel/oem7/bestpos,/novatel/oem7/bestpos,/novatel/oem7/odom,39.663,-75.756,33.181838667,0.005579282,0.000771768,-0.005178968,-0.002075255,0.000771768,,novatel_oem7_msgs.msg.SolutionStatus(status=0),novatel_oem7_msgs.msg.PositionOrVelocityType(type=53)
1786043815211277869,1786043815.210591298,/novatel/oem7/bestvel,/novatel/oem7/bestpos,/novatel/oem7/bestvel,39.663,-75.756,33.181838667,0.005194331,0.000577848,,,,243.459975020,novatel_oem7_msgs.msg.SolutionStatus(status=0),novatel_oem7_msgs.msg.PositionOrVelocityType(type=53)
1786043815215903669,1786043815.215499541,/novatel/oem7/odom,/novatel/oem7/bestpos,/novatel/oem7/odom,39.663,-75.756,33.181838667,0.005579282,0.000771768,-0.005178968,-0.002075255,0.000771768,,,
1786043815225446967,1786043815.225071224,/novatel/oem7/inspva,/novatel/oem7/inspva,/novatel/oem7/inspva,39.663,-75.756,-1.800585133,0.005108357,0.000594280,-0.002248965,-0.004586662,0.000594280,,novatel_oem7_msgs.msg.InertialSolutionStatus(status=3),
1786043815226102171,1786043815.225254236,/novatel/oem7/fix,/novatel/oem7/fix,/novatel/oem7/inspva,39.663,-75.756,-1.800585133,0.005108357,0.000594280,-0.002248965,-0.004586662,0.000594280,,0,
1786043815226585404,1786043815.225608600,/novatel/oem7/odom,/novatel/oem7/fix,/novatel/oem7/odom,39.663,-75.756,-1.800585133,0.005110908,0.000571926,-0.004692675,-0.002024891,0.000571926,,,
1786043815235986267,1786043815.234471569,/novatel/oem7/odom,/novatel/oem7/fix,/novatel/oem7/odom,39.663,-75.756,-1.800585133,0.005110908,0.000571926,-0.004692675,-0.002024891,0.000571926,,,
1786043815246873182,1786043815.246493124,/novatel/oem7/inspva,/novatel/oem7/inspva,/novatel/oem7/inspva,39.663,-75.756,-1.800593078,0.005248237,0.001077058,-0.002236856,-0.004747680,0.001077058,,novatel_oem7_msgs.msg.InertialSolutionStatus(status=3),
1786043815247580869,1786043815.246686399,/novatel/oem7/fix,/novatel/oem7/fix,/novatel/oem7/inspva,39.663,-75.756,-1.800593078,0.005248237,0.001077058,-0.002236856,-0.004747680,0.001077058,,0,
1786043815248099454,1786043815.247195824,/novatel/oem7/odom,/novatel/oem7/fix,/novatel/oem7/odom,39.663,-75.756,-1.800593078,0.005252879,0.001054184,-0.004854668,-0.002006224,0.001054184,,,
1786043815257326821,1786043815.256901216,/novatel/oem7/odom,/novatel/oem7/fix,/novatel/oem7/odom,39.663,-75.756,-1.800593078,0.005252879,0.001054184,-0.004854668,-0.002006224,0.001054184,,,
1786043815265315021,1786043815.264941717,/novatel/oem7/inspva,/novatel/oem7/inspva,/novatel/oem7/inspva,39.663,-75.756,-1.800616328,0.005030389,0.000473562,-0.002148370,-0.004548552,0.000473562,,novatel_oem7_msgs.msg.InertialSolutionStatus(status=3),
1786043815265966425,1786043815.265096605,/novatel/oem7/fix,/novatel/oem7/fix,/novatel/oem7/inspva,39.663,-75.756,-1.800616328,0.005030389,0.000473562,-0.002148370,-0.004548552,0.000473562,,0,
1786043815266459270,1786043815.265599970,/novatel/oem7/odom,/novatel/oem7/fix,/novatel/oem7/odom,39.663,-75.756,-1.800616328,0.005032402,0.000451669,-0.004649291,-0.001925920,0.000451669,,,
1786043815275792722,1786043815.275358116,/novatel/oem7/odom,/novatel/oem7/fix,/novatel/oem7/odom,39.663,-75.756,-1.800616328,0.005032402,0.000451669,-0.004649291,-0.001925920,0.000451669,,,
1786043815285945870,1786043815.285268083,/novatel/oem7/inspva,/novatel/oem7/inspva,/novatel/oem7/inspva,39.663,-75.756,-1.800625745,0.005379806,0.000745716,-0.002111939,-0.004947932,0.000745716,,novatel_oem7_msgs.msg.InertialSolutionStatus(status=3),
1786043815287248394,1786043815.285458488,/novatel/oem7/fix,/novatel/oem7/fix,/novatel/oem7/inspva,39.663,-75.756,-1.800625745,0.005379806,0.000745716,-0.002111939,-0.004947932,0.000745716,,0,
1786043815287740509,1786043815.286061607,/novatel/oem7/odom,/novatel/oem7/fix,/novatel/oem7/odom,39.663,-75.756,-1.800625745,0.005382970,0.000722526,-0.005047402,-0.001870856,0.000722526,,,
1786043815294940042,1786043815.294558640,/novatel/oem7/odom,/novatel/oem7/fix,/novatel/oem7/odom,39.663,-75.756,-1.800625745,0.005382970,0.000722526,-0.005047402,-0.001870856,0.000722526,,,
1786043815306167800,1786043815.305631119,/novatel/oem7/inspva,/novatel/oem7/inspva,/novatel/oem7/inspva,39.663,-75.756,-1.800646180,0.005004351,0.000615918,-0.001918171,-0.004622137,0.000615918,,novatel_oem7_msgs.msg.InertialSolutionStatus(status=3),
1786043815306812157,1786043815.305787173,/novatel/oem7/fix,/novatel/oem7/fix,/novatel/oem7/inspva,39.663,-75.756,-1.800646180,0.005004351,0.000615918,-0.001918171,-0.004622137,0.000615918,,0,
1786043815307294179,1786043815.306359672,/novatel/oem7/odom,/novatel/oem7/fix,/novatel/oem7/odom,39.663,-75.756,-1.800646180,0.005006953,0.000594403,-0.004712113,-0.001692799,0.000594403,,,
1786043815309328675,1786043815.308989306,/novatel/oem7/bestpos,/novatel/oem7/bestpos,/novatel/oem7/odom,39.663,-75.756,33.181776770,0.005006953,0.000594403,-0.004712113,-0.001692799,0.000594403,,novatel_oem7_msgs.msg.SolutionStatus(status=0),novatel_oem7_msgs.msg.PositionOrVelocityType(type=53)
1786043815310004485,1786043815.309348072,/novatel/oem7/bestvel,/novatel/oem7/bestpos,/novatel/oem7/bestvel,39.663,-75.756,33.181776770,0.005218272,0.000843462,,,,244.797084400,novatel_oem7_msgs.msg.SolutionStatus(status=0),novatel_oem7_msgs.msg.PositionOrVelocityType(type=53)
1786043815314904686,1786043815.314515751,/novatel/oem7/odom,/novatel/oem7/bestpos,/novatel/oem7/odom,39.663,-75.756,33.181776770,0.005006953,0.000594403,-0.004712113,-0.001692799,0.000594403,,,
1786043815325681339,1786043815.325300434,/novatel/oem7/inspva,/novatel/oem7/inspva,/novatel/oem7/inspva,39.663,-75.756,-1.800658466,0.004925999,0.000721672,-0.001878968,-0.004553564,0.000721672,,novatel_oem7_msgs.msg.InertialSolutionStatus(status=3),
1786043815326277858,1786043815.325466489,/novatel/oem7/fix,/novatel/oem7/fix,/novatel/oem7/inspva,39.663,-75.756,-1.800658466,0.004925999,0.000721672,-0.001878968,-0.004553564,0.000721672,,0,
1786043815326968705,1786043815.326102535,/novatel/oem7/odom,/novatel/oem7/fix,/novatel/oem7/odom,39.663,-75.756,-1.800658466,0.004929063,0.000700441,-0.004642111,-0.001657246,0.000700441,,,
1786043815336122540,1786043815.335628748,/novatel/oem7/odom,/novatel/oem7/fix,/novatel/oem7/odom,39.663,-75.756,-1.800658466,0.004929063,0.000700441,-0.004642111,-0.001657246,0.000700441,,,
1786043815345703936,1786043815.345279265,/novatel/oem7/inspva,/novatel/oem7/inspva,/novatel/oem7/inspva,39.663,-75.756,-1.800677554,0.004879372,0.000485454,-0.001854485,-0.004513220,0.000485454,,novatel_oem7_msgs.msg.InertialSolutionStatus(status=3),
1786043815346359711,1786043815.345473011,/novatel/oem7/fix,/novatel/oem7/fix,/novatel/oem7/inspva,39.663,-75.756,-1.800677554,0.004879372,0.000485454,-0.001854485,-0.004513220,0.000485454,,0,
1786043815346836779,1786043815.345956599,/novatel/oem7/odom,/novatel/oem7/fix,/novatel/oem7/odom,39.663,-75.756,-1.800677554,0.004881420,0.000464411,-0.004599773,-0.001634120,0.000464411,,,
1786043815356087230,1786043815.355603743,/novatel/oem7/odom,/novatel/oem7/fix,/novatel/oem7/odom,39.663,-75.756,-1.800677554,0.004881420,0.000464411,-0.004599773,-0.001634120,0.000464411,,,
1786043815367070422,1786043815.366695566,/novatel/oem7/inspva,/novatel/oem7/inspva,/novatel/oem7/inspva,39.663,-75.756,-1.800687351,0.004896055,0.000727841,-0.001851157,-0.004532612,0.000727841,,novatel_oem7_msgs.msg.InertialSolutionStatus(status=3),
1786043815367655799,1786043815.366851753,/novatel/oem7/fix,/novatel/oem7/fix,/novatel/oem7/inspva,39.663,-75.756,-1.800687351,0.004896055,0.000727841,-0.001851157,-0.004532612,0.000727841,,0,
1786043815368339418,1786043815.367575458,/novatel/oem7/odom,/novatel/oem7/fix,/novatel/oem7/odom,39.663,-75.756,-1.800687351,0.004899133,0.000706824,-0.004619868,-0.001630437,0.000706824,,,
1786043815376007814,1786043815.375632929,/novatel/oem7/odom,/novatel/oem7/fix,/novatel/oem7/odom,39.663,-75.756,-1.800687351,0.004899133,0.000706824,-0.004619868,-0.001630437,0.000706824,,,
1786043815385529492,1786043815.385129908,/novatel/oem7/inspva,/novatel/oem7/inspva,/novatel/oem7/inspva,39.663,-75.756,-1.800706752,0.005026700,0.000516507,-0.001883226,-0.004660598,0.000516507,,novatel_oem7_msgs.msg.InertialSolutionStatus(status=3),
1786043815386164966,1786043815.385288690,/novatel/oem7/fix,/novatel/oem7/fix,/novatel/oem7/inspva,39.663,-75.756,-1.800706752,0.005026700,0.000516507,-0.001883226,-0.004660598,0.000516507,,0,
1786043815386641657,1786043815.385719971,/novatel/oem7/odom,/novatel/oem7/fix,/novatel/oem7/odom,39.663,-75.756,-1.800706752,0.005028873,0.000494903,-0.004748500,-0.001655690,0.000494903,,,
1786043815395824438,1786043815.395398889,/novatel/oem7/odom,/novatel/oem7/fix,/novatel/oem7/odom,39.663,-75.756,-1.800706752,0.005028873,0.000494903,-0.004748500,-0.001655690,0.000494903,,,
1786043815406877212,1786043815.406497891,/novatel/oem7/inspva,/novatel/oem7/inspva,/novatel/oem7/inspva,39.663,-75.756,-1.800718246,0.004821105,0.000456216,-0.001656444,-0.004527609,0.000456216,,novatel_oem7_msgs.msg.InertialSolutionStatus(status=3),
1786043815408114184,1786043815.406646799,/novatel/oem7/fix,/novatel/oem7/fix,/novatel/oem7/inspva,39.663,-75.756,-1.800718246,0.004821105,0.000456216,-0.001656444,-0.004527609,0.000456216,,0,
1786043815409152845,1786043815.407156445,/novatel/oem7/odom,/novatel/oem7/fix,/novatel/oem7/odom,39.663,-75.756,-1.800718246,0.004823001,0.000435712,-0.004604405,-0.001435548,0.000435712,,,
1786043815410505521,1786043815.410129555,/novatel/oem7/bestpos,/novatel/oem7/bestpos,/novatel/oem7/odom,39.663,-75.756,33.181709425,0.004823001,0.000435712,-0.004604405,-0.001435548,0.000435712,,novatel_oem7_msgs.msg.SolutionStatus(status=0),novatel_oem7_msgs.msg.PositionOrVelocityType(type=53)
1786043815411169424,1786043815.410523345,/novatel/oem7/bestvel,/novatel/oem7/bestpos,/novatel/oem7/bestvel,39.663,-75.756,33.181709425,0.004779428,0.000511380,,,,247.048538024,novatel_oem7_msgs.msg.SolutionStatus(status=0),novatel_oem7_msgs.msg.PositionOrVelocityType(type=53)
1786043815415428961,1786043815.415029614,/novatel/oem7/odom,/novatel/oem7/bestpos,/novatel/oem7/odom,39.663,-75.756,33.181709425,0.004823001,0.000435712,-0.004604405,-0.001435548,0.000435712,,,
1786043815426309512,1786043815.425939745,/novatel/oem7/inspva,/novatel/oem7/inspva,/novatel/oem7/inspva,39.663,-75.756,-1.800734250,0.004849980,0.000701614,-0.001832290,-0.004490548,0.000701614,,novatel_oem7_msgs.msg.InertialSolutionStatus(status=3),
1786043815426997126,1786043815.426156330,/novatel/oem7/fix,/novatel/oem7/fix,/novatel/oem7/inspva,39.663,-75.756,-1.800734250,0.004849980,0.000701614,-0.001832290,-0.004490548,0.000701614,,0,
1786043815427518734,1786043815.426578927,/novatel/oem7/odom,/novatel/oem7/fix,/novatel/oem7/odom,39.663,-75.756,-1.800734250,0.004852951,0.000680759,-0.004576851,-0.001613559,0.000680759,,,
1786043815434980875,1786043815.434558678,/novatel/oem7/odom,/novatel/oem7/fix,/novatel/oem7/odom,39.663,-75.756,-1.800734250,0.004852951,0.000680759,-0.004576851,-0.001613559,0.000680759,,,
1786043815445691093,1786043815.445241716,/novatel/oem7/inspva,/novatel/oem7/inspva,/novatel/oem7/inspva,39.663,-75.756,-1.800744097,0.004605621,0.000675068,-0.001559338,-0.004333614,0.000675068,,novatel_oem7_msgs.msg.InertialSolutionStatus(status=3),
1786043815446364691,1786043815.445414631,/novatel/oem7/fix,/novatel/oem7/fix,/novatel/oem7/inspva,39.663,-75.756,-1.800744097,0.004605621,0.000675068,-0.001559338,-0.004333614,0.000675068,,0,
1786043815446888364,1786043815.445975843,/novatel/oem7/odom,/novatel/oem7/fix,/novatel/oem7/odom,39.663,-75.756,-1.800744097,0.004608448,0.000655494,-0.004406743,-0.001348483,0.000655494,,,
1786043815456735053,1786043815.456313208,/novatel/oem7/odom,/novatel/oem7/fix,/novatel/oem7/odom,39.663,-75.756,-1.800744097,0.004608448,0.000655494,-0.004406743,-0.001348483,0.000655494,,,
1786043815466376966,1786043815.465900798,/novatel/oem7/inspva,/novatel/oem7/inspva,/novatel/oem7/inspva,39.663,-75.756,-1.800759096,0.004778855,0.000870842,-0.002046377,-0.004318541,0.000870842,,novatel_oem7_msgs.msg.InertialSolutionStatus(status=3),
1786043815467033353,1786043815.466056503,/novatel/oem7/fix,/novatel/oem7/fix,/novatel/oem7/inspva,39.663,-75.756,-1.800759096,0.004778855,0.000870842,-0.002046377,-0.004318541,0.000870842,,0,
1786043815467558643,1786043815.466508411,/novatel/oem7/odom,/novatel/oem7/fix,/novatel/oem7/odom,39.663,-75.756,-1.800759096,0.004782610,0.000849977,-0.004416070,-0.001836214,0.000849977,,,
1786043815474961802,1786043815.474502395,/novatel/oem7/odom,/novatel/oem7/fix,/novatel/oem7/odom,39.663,-75.756,-1.800759096,0.004782610,0.000849977,-0.004416070,-0.001836214,0.000849977,,,
1786043815486839562,1786043815.486465056,/novatel/oem7/inspva,/novatel/oem7/inspva,/novatel/oem7/inspva,39.663,-75.756,-1.800772203,0.004470184,0.000177140,-0.001849394,-0.004069679,0.000177140,,novatel_oem7_msgs.msg.InertialSolutionStatus(status=3),
1786043815487503564,1786043815.486624008,/novatel/oem7/fix,/novatel/oem7/fix,/novatel/oem7/inspva,39.663,-75.756,-1.800772203,0.004470184,0.000177140,-0.001849394,-0.004069679,0.000177140,,0,
1786043815488017142,1786043815.487065302,/novatel/oem7/odom,/novatel/oem7/fix,/novatel/oem7/odom,39.663,-75.756,-1.800772203,0.004470910,0.000157751,-0.004155381,-0.001649800,0.000157751,,,
1786043815496001505,1786043815.495608442,/novatel/oem7/odom,/novatel/oem7/fix,/novatel/oem7/odom,39.663,-75.756,-1.800772203,0.004470910,0.000157751,-0.004155381,-0.001649800,0.000157751,,,
1786043815506301957,1786043815.505833878,/novatel/oem7/inspva,/novatel/oem7/inspva,/novatel/oem7/inspva,39.663,-75.756,-1.800782913,0.004995243,0.000579259,-0.001992572,-0.004580623,0.000579259,,novatel_oem7_msgs.msg.InertialSolutionStatus(status=3),
1786043815506891990,1786043815.505984863,/novatel/oem7/fix,/novatel/oem7/fix,/novatel/oem7/inspva,39.663,-75.756,-1.800782913,0.004995243,0.000579259,-0.001992572,-0.004580623,0.000579259,,0,
1786043815507361105,1786043815.506454068,/novatel/oem7/odom,/novatel/oem7/fix,/novatel/oem7/odom,39.663,-75.756,-1.800782913,0.004997706,0.000557610,-0.004674167,-0.001768961,0.000557610,,,
1786043815511618987,1786043815.511116482,/novatel/oem7/bestpos,/novatel/oem7/bestpos,/novatel/oem7/odom,39.663,-75.756,33.181645919,0.004997706,0.000557610,-0.004674167,-0.001768961,0.000557610,,novatel_oem7_msgs.msg.SolutionStatus(status=0),novatel_oem7_msgs.msg.PositionOrVelocityType(type=53)
1786043815512233988,1786043815.511493859,/novatel/oem7/bestvel,/novatel/oem7/bestpos,/novatel/oem7/bestvel,39.663,-75.756,33.181645919,0.005042054,0.000540042,,,,248.891962450,novatel_oem7_msgs.msg.SolutionStatus(status=0),novatel_oem7_msgs.msg.PositionOrVelocityType(type=53)
1786043815515851428,1786043815.515515986,/novatel/oem7/odom,/novatel/oem7/bestpos,/novatel/oem7/odom,39.663,-75.756,33.181645919,0.004997706,0.000557610,-0.004674167,-0.001768961,0.000557610,,,
1786043815526967108,1786043815.526438710,/novatel/oem7/inspva,/novatel/oem7/inspva,/novatel/oem7/inspva,39.663,-75.756,-1.800791339,0.004627809,0.000636636,-0.001398078,-0.004411576,0.000636636,,novatel_oem7_msgs.msg.InertialSolutionStatus(status=3),
1786043815527677100,1786043815.526680176,/novatel/oem7/fix,/novatel/oem7/fix,/novatel/oem7/inspva,39.663,-75.756,-1.800791339,0.004627809,0.000636636,-0.001398078,-0.004411576,0.000636636,,0,
1786043815528134439,1786043815.527362400,/novatel/oem7/odom,/novatel/oem7/fix,/novatel/oem7/odom,39.663,-75.756,-1.800791339,0.004630441,0.000617206,-0.004476621,-0.001183575,0.000617206,,,
1786043815549352206,1786043815.545990571,/novatel/oem7/inspva,/novatel/oem7/inspva,/novatel/oem7/inspva,39.663,-75.756,-1.800806318,0.005097184,0.000474794,-0.001876678,-0.004739132,0.000474794,,novatel_oem7_msgs.msg.InertialSolutionStatus(status=3),
1786043815549782180,1786043815.546142986,/novatel/oem7/fix,/novatel/oem7/fix,/novatel/oem7/inspva,39.663,-75.756,-1.800806318,0.005097184,0.000474794,-0.001876678,-0.004739132,0.000474794,,0,
1786043815550250717,1786043815.535161568,/novatel/oem7/odom,/novatel/oem7/fix,/novatel/oem7/odom,39.663,-75.756,-1.800806318,0.004630441,0.000617206,-0.004476621,-0.001183575,0.000617206,,,
1786043815551003172,1786043815.546779752,/novatel/oem7/odom,/novatel/oem7/fix,/novatel/oem7/odom,39.663,-75.756,-1.800806318,0.005099179,0.000452869,-0.004826462,-0.001645264,0.000452869,,,
1786043815556280403,1786043815.555896958,/novatel/oem7/odom,/novatel/oem7/fix,/novatel/oem7/odom,39.663,-75.756,-1.800806318,0.005099179,0.000452869,-0.004826462,-0.001645264,0.000452869,,,
1786043815565944100,1786043815.565246476,/novatel/oem7/inspva,/novatel/oem7/inspva,/novatel/oem7/inspva,39.663,-75.756,-1.800815368,0.004779544,0.000511176,-0.001300061,-0.004599335,0.000511176,,novatel_oem7_msgs.msg.InertialSolutionStatus(status=3),
1786043815567416354,1786043815.565398564,/novatel/oem7/fix,/novatel/oem7/fix,/novatel/oem7/inspva,39.663,-75.756,-1.800815368,0.004779544,0.000511176,-0.001300061,-0.004599335,0.000511176,,0,
1786043815568031072,1786043815.565982240,/novatel/oem7/odom,/novatel/oem7/fix,/novatel/oem7/odom,39.663,-75.756,-1.800815368,0.004781626,0.000491327,-0.004658943,-0.001076192,0.000491327,,,
1786043815575171319,1786043815.574779242,/novatel/oem7/odom,/novatel/oem7/fix,/novatel/oem7/odom,39.663,-75.756,-1.800815368,0.004781626,0.000491327,-0.004658943,-0.001076192,0.000491327,,,
1786043815585584724,1786043815.585163027,/novatel/oem7/inspva,/novatel/oem7/inspva,/novatel/oem7/inspva,39.663,-75.756,-1.800829865,0.005209984,0.000690345,-0.001837100,-0.004875346,0.000690345,,novatel_oem7_msgs.msg.InertialSolutionStatus(status=3),
1786043815586258045,1786043815.585321848,/novatel/oem7/fix,/novatel/oem7/fix,/novatel/oem7/inspva,39.663,-75.756,-1.800829865,0.005209984,0.000690345,-0.001837100,-0.004875346,0.000690345,,0,
1786043815586859718,1786043815.585759136,/novatel/oem7/odom,/novatel/oem7/fix,/novatel/oem7/odom,39.663,-75.756,-1.800829865,0.005212892,0.000668032,-0.004961393,-0.001599630,0.000668032,,,
1786043815594854654,1786043815.594300252,/novatel/oem7/odom,/novatel/oem7/fix,/novatel/oem7/odom,39.663,-75.756,-1.800829865,0.005212892,0.000668032,-0.004961393,-0.001599630,0.000668032,,,
1786043815606280386,1786043815.605723818,/novatel/oem7/inspva,/novatel/oem7/inspva,/novatel/oem7/inspva,39.663,-75.756,-1.800842326,0.004823436,0.000268939,-0.001475640,-0.004592170,0.000268939,,novatel_oem7_msgs.msg.InertialSolutionStatus(status=3),
1786043815606912531,1786043815.605866539,/novatel/oem7/fix,/novatel/oem7/fix,/novatel/oem7/inspva,39.663,-75.756,-1.800842326,0.004823436,0.000268939,-0.001475640,-0.004592170,0.000268939,,0,
1786043815607678200,1786043815.606866819,/novatel/oem7/odom,/novatel/oem7/fix,/novatel/oem7/odom,39.663,-75.756,-1.800842326,0.004824524,0.000248650,-0.004659423,-0.001251324,0.000248650,,,
1786043815618146346,1786043815.610185263,/novatel/oem7/bestpos,/novatel/oem7/bestpos,/novatel/oem7/odom,39.663,-75.756,33.181589657,0.004824524,0.000248650,-0.004659423,-0.001251324,0.000248650,,novatel_oem7_msgs.msg.SolutionStatus(status=0),novatel_oem7_msgs.msg.PositionOrVelocityType(type=53)
1786043815618616882,1786043815.610623124,/novatel/oem7/bestvel,/novatel/oem7/bestpos,/novatel/oem7/bestvel,39.663,-75.756,33.181589657,0.005031137,0.000394905,,,,252.550242225,novatel_oem7_msgs.msg.SolutionStatus(status=0),novatel_oem7_msgs.msg.PositionOrVelocityType(type=53)
1786043815619127066,1786043815.615381055,/novatel/oem7/odom,/novatel/oem7/bestpos,/novatel/oem7/odom,39.663,-75.756,33.181589657,0.004824524,0.000248650,-0.004659423,-0.001251324,0.000248650,,,
1786043815626352164,1786043815.625889165,/novatel/oem7/inspva,/novatel/oem7/inspva,/novatel/oem7/inspva,39.663,-75.756,-1.800855737,0.005173131,0.000382688,-0.001737766,-0.004872520,0.000382688,,novatel_oem7_msgs.msg.InertialSolutionStatus(status=3),
1786043815627103058,1786043815.626071840,/novatel/oem7/fix,/novatel/oem7/fix,/novatel/oem7/inspva,39.663,-75.756,-1.800855737,0.005173131,0.000382688,-0.001737766,-0.004872520,0.000382688,,0,
1786043815627669223,1786043815.626516635,/novatel/oem7/odom,/novatel/oem7/fix,/novatel/oem7/odom,39.663,-75.756,-1.800855737,0.005174715,0.000360645,-0.004952602,-0.001499801,0.000360645,,,
1786043815634817357,1786043815.634376794,/novatel/oem7/odom,/novatel/oem7/fix,/novatel/oem7/odom,39.663,-75.756,-1.800855737,0.005174715,0.000360645,-0.004952602,-0.001499801,0.000360645,,,
1786043815646899798,1786043815.646509994,/novatel/oem7/inspva,/novatel/oem7/inspva,/novatel/oem7/inspva,39.663,-75.756,-1.800862154,0.005282341,0.000790004,-0.001271553,-0.005127015,0.000790004,,novatel_oem7_msgs.msg.InertialSolutionStatus(status=3),
1786043815647614182,1786043815.646656878,/novatel/oem7/fix,/novatel/oem7/fix,/novatel/oem7/inspva,39.663,-75.756,-1.800862154,0.005282341,0.000790004,-0.001271553,-0.005127015,0.000790004,,0,
1786043815648117710,1786043815.647127686,/novatel/oem7/odom,/novatel/oem7/fix,/novatel/oem7/odom,39.663,-75.756,-1.800862154,0.005285543,0.000768288,-0.005185636,-0.001022811,0.000768288,,,
1786043815656385816,1786043815.655962616,/novatel/oem7/odom,/novatel/oem7/fix,/novatel/oem7/odom,39.663,-75.756,-1.800862154,0.005285543,0.000768288,-0.005185636,-0.001022811,0.000768288,,,
1786043815665370208,1786043815.664981011,/novatel/oem7/inspva,/novatel/oem7/inspva,/novatel/oem7/inspva,39.663,-75.756,-1.800880109,0.005390189,0.000573240,-0.001590304,-0.005150250,0.000573240,,novatel_oem7_msgs.msg.InertialSolutionStatus(status=3),
1786043815666058343,1786043815.665133878,/novatel/oem7/fix,/novatel/oem7/fix,/novatel/oem7/inspva,39.663,-75.756,-1.800880109,0.005390189,0.000573240,-0.001590304,-0.005150250,0.000573240,,0,
1786043815666568935,1786043815.665483242,/novatel/oem7/odom,/novatel/oem7/fix,/novatel/oem7/odom,39.663,-75.756,-1.800880109,0.005392556,0.000550525,-0.005223535,-0.001339534,0.000550525,,,
1786043815674942070,1786043815.674473903,/novatel/oem7/odom,/novatel/oem7/fix,/novatel/oem7/odom,39.663,-75.756,-1.800880109,0.005392556,0.000550525,-0.005223535,-0.001339534,0.000550525,,,
1786043815685466538,1786043815.685080280,/novatel/oem7/inspva,/novatel/oem7/inspva,/novatel/oem7/inspva,39.663,-75.756,-1.800889423,0.005152907,0.000467941,-0.001354382,-0.004971730,0.000467941,,novatel_oem7_msgs.msg.InertialSolutionStatus(status=3),
1786043815686146732,1786043815.685220705,/novatel/oem7/fix,/novatel/oem7/fix,/novatel/oem7/inspva,39.663,-75.756,-1.800889423,0.005152907,0.000467941,-0.001354382,-0.004971730,0.000467941,,0,
1786043815686653152,1786043815.685697933,/novatel/oem7/odom,/novatel/oem7/fix,/novatel/oem7/odom,39.663,-75.756,-1.800889423,0.005154809,0.000446502,-0.005033371,-0.001112312,0.000446502,,,
1786043815695224201,1786043815.694771248,/novatel/oem7/odom,/novatel/oem7/fix,/novatel/oem7/odom,39.663,-75.756,-1.800889423,0.005154809,0.000446502,-0.005033371,-0.001112312,0.000446502,,,
1786043815706317659,1786043815.705838073,/novatel/oem7/inspva,/novatel/oem7/inspva,/novatel/oem7/inspva,39.663,-75.756,-1.800903271,0.005271720,0.000589254,-0.001456312,-0.005066575,0.000589254,,novatel_oem7_msgs.msg.InertialSolutionStatus(status=3),
1786043815707314242,1786043815.705979718,/novatel/oem7/fix,/novatel/oem7/fix,/novatel/oem7/inspva,39.663,-75.756,-1.800903271,0.005271720,0.000589254,-0.001456312,-0.005066575,0.000589254,,0,
1786043815707813431,1786043815.706500493,/novatel/oem7/odom,/novatel/oem7/fix,/novatel/oem7/odom,39.663,-75.756,-1.800903271,0.005274142,0.000567166,-0.005133499,-0.001209862,0.000567166,,,
1786043815710993254,1786043815.710570231,/novatel/oem7/bestpos,/novatel/oem7/bestpos,/novatel/oem7/odom,39.663,-75.756,33.181521146,0.005274142,0.000567166,-0.005133499,-0.001209862,0.000567166,,novatel_oem7_msgs.msg.SolutionStatus(status=0),novatel_oem7_msgs.msg.PositionOrVelocityType(type=53)
1786043815711694403,1786043815.711081410,/novatel/oem7/bestvel,/novatel/oem7/bestpos,/novatel/oem7/bestvel,39.663,-75.756,33.181521146,0.005127878,0.000670410,,,,248.886674139,novatel_oem7_msgs.msg.SolutionStatus(status=0),novatel_oem7_msgs.msg.PositionOrVelocityType(type=53)
1786043815714710543,1786043815.714304005,/novatel/oem7/odom,/novatel/oem7/bestpos,/novatel/oem7/odom,39.663,-75.756,33.181521146,0.005274142,0.000567166,-0.005133499,-0.001209862,0.000567166,,,
1786043815725498348,1786043815.724981927,/novatel/oem7/inspva,/novatel/oem7/inspva,/novatel/oem7/inspva,39.663,-75.756,-1.800910419,0.005259654,0.000756669,-0.001777144,-0.004950325,0.000756669,,novatel_oem7_msgs.msg.InertialSolutionStatus(status=3),
1786043815726899613,1786043815.725137245,/novatel/oem7/fix,/novatel/oem7/fix,/novatel/oem7/inspva,39.663,-75.756,-1.800910419,0.005259654,0.000756669,-0.001777144,-0.004950325,0.000756669,,0,
1786043815727796443,1786043815.725460685,/novatel/oem7/odom,/novatel/oem7/fix,/novatel/oem7/odom,39.663,-75.756,-1.800910419,0.005262851,0.000734105,-0.005033603,-0.001536370,0.000734105,,,
1786043815735429676,1786043815.735052465,/novatel/oem7/odom,/novatel/oem7/fix,/novatel/oem7/odom,39.663,-75.756,-1.800910419,0.005262851,0.000734105,-0.005033603,-0.001536370,0.000734105,,,
1786043815745468817,1786043815.744958532,/novatel/oem7/inspva,/novatel/oem7/inspva,/novatel/oem7/inspva,39.663,-75.756,-1.800925416,0.005122030,0.000649465,-0.001558499,-0.004879167,0.000649465,,novatel_oem7_msgs.msg.InertialSolutionStatus(status=3),
1786043815746861958,1786043815.745105177,/novatel/oem7/fix,/novatel/oem7/fix,/novatel/oem7/inspva,39.663,-75.756,-1.800925416,0.005122030,0.000649465,-0.001558499,-0.004879167,0.000649465,,0,
1786043815747600961,1786043815.745553948,/novatel/oem7/odom,/novatel/oem7/fix,/novatel/oem7/odom,39.663,-75.756,-1.800925416,0.005124737,0.000627748,-0.004951496,-0.001321217,0.000627748,,,
1786043815756394498,1786043815.755649393,/novatel/oem7/odom,/novatel/oem7/fix,/novatel/oem7/odom,39.663,-75.756,-1.800925416,0.005124737,0.000627748,-0.004951496,-0.001321217,0.000627748,,,
1786043815767012527,1786043815.766492863,/novatel/oem7/inspva,/novatel/oem7/inspva,/novatel/oem7/inspva,39.663,-75.756,-1.800932126,0.005559940,0.000541070,-0.001467722,-0.005362716,0.000541070,,novatel_oem7_msgs.msg.InertialSolutionStatus(status=3),
1786043815767944981,1786043815.766645128,/novatel/oem7/fix,/novatel/oem7/fix,/novatel/oem7/inspva,39.663,-75.756,-1.800932126,0.005559940,0.000541070,-0.001467722,-0.005362716,0.000541070,,0,
1786043815768491837,1786043815.767071509,/novatel/oem7/odom,/novatel/oem7/fix,/novatel/oem7/odom,39.663,-75.756,-1.800932126,0.005562155,0.000517802,-0.005429674,-0.001206735,0.000517802,,,
1786043815775072418,1786043815.774583091,/novatel/oem7/odom,/novatel/oem7/fix,/novatel/oem7/odom,39.663,-75.756,-1.800932126,0.005562155,0.000517802,-0.005429674,-0.001206735,0.000517802,,,
1786043815785562378,1786043815.785087771,/novatel/oem7/inspva,/novatel/oem7/inspva,/novatel/oem7/inspva,39.663,-75.756,-1.800946467,0.005407911,0.000599660,-0.001255445,-0.005260167,0.000599660,,novatel_oem7_msgs.msg.InertialSolutionStatus(status=3),
1786043815786212332,1786043815.785234546,/novatel/oem7/fix,/novatel/oem7/fix,/novatel/oem7/inspva,39.663,-75.756,-1.800946467,0.005407911,0.000599660,-0.001255445,-0.005260167,0.000599660,,0,
1786043815786811553,1786043815.785687471,/novatel/oem7/odom,/novatel/oem7/fix,/novatel/oem7/odom,39.663,-75.756,-1.800946467,0.005410340,0.000577327,-0.005317162,-0.000999787,0.000577327,,,
1786043815795037408,1786043815.794641074,/novatel/oem7/odom,/novatel/oem7/fix,/novatel/oem7/odom,39.663,-75.756,-1.800946467,0.005410340,0.000577327,-0.005317162,-0.000999787,0.000577327,,,
1786043815806879422,1786043815.806461837,/novatel/oem7/inspva,/novatel/oem7/inspva,/novatel/oem7/inspva,39.663,-75.756,-1.800956316,0.005441638,0.000376983,-0.001589812,-0.005204222,0.000376983,,novatel_oem7_msgs.msg.InertialSolutionStatus(status=3),
1786043815807589926,1786043815.806747230,/novatel/oem7/fix,/novatel/oem7/fix,/novatel/oem7/inspva,39.663,-75.756,-1.800956316,0.005441638,0.000376983,-0.001589812,-0.005204222,0.000376983,,0,
1786043815808325148,1786043815.807388373,/novatel/oem7/odom,/novatel/oem7/fix,/novatel/oem7/odom,39.663,-75.756,-1.800956316,0.005443190,0.000353880,-0.005276720,-0.001335868,0.000353880,,,
1786043815810571548,1786043815.810134954,/novatel/oem7/bestpos,/novatel/oem7/bestpos,/novatel/oem7/odom,39.663,-75.756,33.181462160,0.005443190,0.000353880,-0.005276720,-0.001335868,0.000353880,,novatel_oem7_msgs.msg.SolutionStatus(status=0),novatel_oem7_msgs.msg.PositionOrVelocityType(type=53)
1786043815812059943,1786043815.810516701,/novatel/oem7/bestvel,/novatel/oem7/bestpos,/novatel/oem7/bestvel,39.663,-75.756,33.181462160,0.005361901,0.000309901,,,,253.388518389,novatel_oem7_msgs.msg.SolutionStatus(status=0),novatel_oem7_msgs.msg.PositionOrVelocityType(type=53)
1786043815815344033,1786043815.814917569,/novatel/oem7/odom,/novatel/oem7/bestpos,/novatel/oem7/odom,39.663,-75.756,33.181462160,0.005443190,0.000353880,-0.005276720,-0.001335868,0.000353880,,,
1786043815826515556,1786043815.826105585,/novatel/oem7/inspva,/novatel/oem7/inspva,/novatel/oem7/inspva,39.663,-75.756,-1.800969614,0.005202082,0.000442213,-0.001203699,-0.005060906,0.000442213,,novatel_oem7_msgs.msg.InertialSolutionStatus(status=3),
1786043815827222569,1786043815.826260317,/novatel/oem7/fix,/novatel/oem7/fix,/novatel/oem7/inspva,39.663,-75.756,-1.800969614,0.005202082,0.000442213,-0.001203699,-0.005060906,0.000442213,,0,
1786043815827741832,1786043815.826737032,/novatel/oem7/odom,/novatel/oem7/fix,/novatel/oem7/odom,39.663,-75.756,-1.800969614,0.005203867,0.000420695,-0.005115043,-0.000957373,0.000420695,,,
1786043815834931659,1786043815.834532964,/novatel/oem7/odom,/novatel/oem7/fix,/novatel/oem7/odom,39.663,-75.756,-1.800969614,0.005203867,0.000420695,-0.005115043,-0.000957373,0.000420695,,,
1786043815845637371,1786043815.845234449,/novatel/oem7/inspva,/novatel/oem7/inspva,/novatel/oem7/inspva,39.663,-75.756,-1.800974781,0.005691016,0.000803039,-0.002018814,-0.005320907,0.000803039,,novatel_oem7_msgs.msg.InertialSolutionStatus(status=3),
1786043815846327785,1786043815.845395840,/novatel/oem7/fix,/novatel/oem7/fix,/novatel/oem7/inspva,39.663,-75.756,-1.800974781,0.005691016,0.000803039,-0.002018814,-0.005320907,0.000803039,,0,
1786043815846851822,1786043815.845975066,/novatel/oem7/odom,/novatel/oem7/fix,/novatel/oem7/odom,39.663,-75.756,-1.800974781,0.005694452,0.000778301,-0.005415711,-0.001759787,0.000778301,,,
1786043815856701169,1786043815.856298967,/novatel/oem7/odom,/novatel/oem7/fix,/novatel/oem7/odom,39.663,-75.756,-1.800974781,0.005694452,0.000778301,-0.005415711,-0.001759787,0.000778301,,,
1786043815865329248,1786043815.864935368,/novatel/oem7/inspva,/novatel/oem7/inspva,/novatel/oem7/inspva,39.663,-75.756,-1.800992272,0.005292810,0.000323857,-0.001183013,-0.005158907,0.000323857,,novatel_oem7_msgs.msg.InertialSolutionStatus(status=3),
1786043815866002279,1786043815.865086526,/novatel/oem7/fix,/novatel/oem7/fix,/novatel/oem7/inspva,39.663,-75.756,-1.800992272,0.005292810,0.000323857,-0.001183013,-0.005158907,0.000323857,,0,
1786043815866505910,1786043815.865547294,/novatel/oem7/odom,/novatel/oem7/fix,/novatel/oem7/odom,39.663,-75.756,-1.800992272,0.005294104,0.000301976,-0.005211484,-0.000931652,0.000301976,,,
1786043815874802920,1786043815.874392907,/novatel/oem7/odom,/novatel/oem7/fix,/novatel/oem7/odom,39.663,-75.756,-1.800992272,0.005294104,0.000301976,-0.005211484,-0.000931652,0.000301976,,,
1786043815887035042,1786043815.886524066,/novatel/oem7/inspva,/novatel/oem7/inspva,/novatel/oem7/inspva,39.663,-75.756,-1.801000978,0.005920399,0.000229184,-0.001612081,-0.005696694,0.000229184,,novatel_oem7_msgs.msg.InertialSolutionStatus(status=3),
1786043815887753645,1786043815.886673437,/novatel/oem7/fix,/novatel/oem7/fix,/novatel/oem7/inspva,39.663,-75.756,-1.801000978,0.005920399,0.000229184,-0.001612081,-0.005696694,0.000229184,,0,
1786043815888250846,1786043815.887068925,/novatel/oem7/odom,/novatel/oem7/fix,/novatel/oem7/odom,39.663,-75.756,-1.801000978,0.005921312,0.000204249,-0.005769123,-0.001333847,0.000204249,,,
1786043815894942724,1786043815.894545344,/novatel/oem7/odom,/novatel/oem7/fix,/novatel/oem7/odom,39.663,-75.756,-1.801000978,0.005921312,0.000204249,-0.005769123,-0.001333847,0.000204249,,,
1786043815906321691,1786043815.905754534,/novatel/oem7/inspva,/novatel/oem7/inspva,/novatel/oem7/inspva,39.663,-75.756,-1.801017860,0.005371529,0.000005407,-0.001333280,-0.005203431,0.000005407,,novatel_oem7_msgs.msg.InertialSolutionStatus(status=3),
1786043815906987179,1786043815.905909892,/novatel/oem7/fix,/novatel/oem7/fix,/novatel/oem7/inspva,39.663,-75.756,-1.801017860,0.005371529,0.000005407,-0.001333280,-0.005203431,0.000005407,,0,
1786043815907507453,1786043815.906408151,/novatel/oem7/odom,/novatel/oem7/fix,/novatel/oem7/odom,39.663,-75.756,-1.801017860,0.005371505,-0.000016947,-0.005262067,-0.001078761,-0.000016947,,,
1786043815909856586,1786043815.909485238,/novatel/oem7/bestpos,/novatel/oem7/bestpos,/novatel/oem7/odom,39.663,-75.756,33.181410187,0.005371505,-0.000016947,-0.005262067,-0.001078761,-0.000016947,,novatel_oem7_msgs.msg.SolutionStatus(status=0),novatel_oem7_msgs.msg.PositionOrVelocityType(type=53)
1786043815910538692,1786043815.910084522,/novatel/oem7/bestvel,/novatel/oem7/bestpos,/novatel/oem7/bestvel,39.663,-75.756,33.181410187,0.006001936,0.000362769,,,,256.665885567,novatel_oem7_msgs.msg.SolutionStatus(status=0),novatel_oem7_msgs.msg.PositionOrVelocityType(type=53)
1786043815915864241,1786043815.915520303,/novatel/oem7/odom,/novatel/oem7/bestpos,/novatel/oem7/odom,39.663,-75.756,33.181410187,0.005371505,-0.000016947,-0.005262067,-0.001078761,-0.000016947,,,
1786043815925738400,1786043815.925337875,/novatel/oem7/inspva,/novatel/oem7/inspva,/novatel/oem7/inspva,39.663,-75.756,-1.801024085,0.005675052,0.000428174,-0.001629344,-0.005436125,0.000428174,,novatel_oem7_msgs.msg.InertialSolutionStatus(status=3),
1786043815926368406,1786043815.925553440,/novatel/oem7/fix,/novatel/oem7/fix,/novatel/oem7/inspva,39.663,-75.756,-1.801024085,0.005675052,0.000428174,-0.001629344,-0.005436125,0.000428174,,0,
1786043815927081181,1786043815.926180787,/novatel/oem7/odom,/novatel/oem7/fix,/novatel/oem7/odom,39.663,-75.756,-1.801024085,0.005676819,0.000404075,-0.005510469,-0.001364185,0.000404075,,,
1786043815935208173,1786043815.934862094,/novatel/oem7/odom,/novatel/oem7/fix,/novatel/oem7/odom,39.663,-75.756,-1.801024085,0.005676819,0.000404075,-0.005510469,-0.001364185,0.000404075,,,
1786043815946379158,1786043815.946066653,/novatel/oem7/inspva,/novatel/oem7/inspva,/novatel/oem7/inspva,39.663,-75.756,-1.801039013,0.005001616,0.000534738,-0.001340488,-0.004818636,0.000534738,,novatel_oem7_msgs.msg.InertialSolutionStatus(status=3),
1786043815947060771,1786043815.946159071,/novatel/oem7/fix,/novatel/oem7/fix,/novatel/oem7/inspva,39.663,-75.756,-1.801039013,0.005001616,0.000534738,-0.001340488,-0.004818636,0.000534738,,0,
1786043815947602399,1786043815.946662177,/novatel/oem7/odom,/novatel/oem7/fix,/novatel/oem7/odom,39.663,-75.756,-1.801039013,0.005003828,0.000513631,-0.004880072,-0.001105979,0.000513631,,,
1786043815955984072,1786043815.955592044,/novatel/oem7/odom,/novatel/oem7/fix,/novatel/oem7/odom,39.663,-75.756,-1.801039013,0.005003828,0.000513631,-0.004880072,-0.001105979,0.000513631,,,
1786043815965646804,1786043815.965284179,/novatel/oem7/inspva,/novatel/oem7/inspva,/novatel/oem7/inspva,39.663,-75.756,-1.801048889,0.005508315,0.000024666,-0.002044393,-0.005114880,0.000024666,,novatel_oem7_msgs.msg.InertialSolutionStatus(status=3),
1786043815966326739,1786043815.965410339,/novatel/oem7/fix,/novatel/oem7/fix,/novatel/oem7/inspva,39.663,-75.756,-1.801048889,0.005508315,0.000024666,-0.002044393,-0.005114880,0.000024666,,0,
1786043815967097248,1786043815.966097000,/novatel/oem7/odom,/novatel/oem7/fix,/novatel/oem7/odom,39.663,-75.756,-1.801048889,0.005508371,0.000000586,-0.005208284,-0.001793301,0.000000586,,,
1786043815975982398,1786043815.975552666,/novatel/oem7/odom,/novatel/oem7/fix,/novatel/oem7/odom,39.663,-75.756,-1.801048889,0.005508371,0.000000586,-0.005208284,-0.001793301,0.000000586,,,
1786043815985331761,1786043815.985008973,/novatel/oem7/inspva,/novatel/oem7/inspva,/novatel/oem7/inspva,39.663,-75.756,-1.801059444,0.005122411,0.000180851,-0.001736642,-0.004819043,0.000180851,,novatel_oem7_msgs.msg.InertialSolutionStatus(status=3),
1786043815986011944,1786043815.985111301,/novatel/oem7/fix,/novatel/oem7/fix,/novatel/oem7/inspva,39.663,-75.756,-1.801059444,0.005122411,0.000180851,-0.001736642,-0.004819043,0.000180851,,0,
1786043815986529499,1786043815.985627044,/novatel/oem7/odom,/novatel/oem7/fix,/novatel/oem7/odom,39.663,-75.756,-1.801059444,0.005123147,0.000158659,-0.004898432,-0.001500665,0.000158659,,,
1786043815994783659,1786043815.994355040,/novatel/oem7/odom,/novatel/oem7/fix,/novatel/oem7/odom,39.663,-75.756,-1.801059444,0.005123147,0.000158659,-0.004898432,-0.001500665,0.000158659,,,
1786043816008892144,1786043816.008387288,/novatel/oem7/inspva,/novatel/oem7/inspva,/novatel/oem7/inspva,39.663,-75.756,-1.801066695,0.005744807,0.000139869,-0.001918087,-0.005415141,0.000139869,,novatel_oem7_msgs.msg.InertialSolutionStatus(status=3),
1786043816009564092,1786043816.008615487,/novatel/oem7/fix,/novatel/oem7/fix,/novatel/oem7/inspva,39.663,-75.756,-1.801066695,0.005744807,0.000139869,-0.001918087,-0.005415141,0.000139869,,0,
1786043816011707942,1786043816.011285581,/novatel/oem7/odom,/novatel/oem7/fix,/novatel/oem7/odom,39.663,-75.756,-1.801066695,0.005745360,0.000114940,-0.005502500,-0.001652772,0.000114940,,,
1786043816015994058,1786043816.015634231,/novatel/oem7/odom,/novatel/oem7/fix,/novatel/oem7/odom,39.663,-75.756,-1.801066695,0.005745360,0.000114940,-0.005502500,-0.001652772,0.000114940,,,
1786043816027256792,1786043816.026532458,/novatel/oem7/bestpos,/novatel/oem7/bestpos,/novatel/oem7/odom,39.663,-75.756,33.181350644,0.005745360,0.000114940,-0.005502500,-0.001652772,0.000114940,,novatel_oem7_msgs.msg.SolutionStatus(status=0),novatel_oem7_msgs.msg.PositionOrVelocityType(type=53)
1786043816028216567,1786043816.027523480,/novatel/oem7/bestvel,/novatel/oem7/bestpos,/novatel/oem7/bestvel,39.663,-75.756,33.181350644,0.005594514,0.000048790,,,,250.194229702,novatel_oem7_msgs.msg.SolutionStatus(status=0),novatel_oem7_msgs.msg.PositionOrVelocityType(type=53)
1786043816028938657,1786043816.027973294,/novatel/oem7/inspva,/novatel/oem7/inspva,/novatel/oem7/inspva,39.663,-75.756,-1.801078760,0.005645962,0.000150807,-0.001680108,-0.005390188,0.000150807,,novatel_oem7_msgs.msg.InertialSolutionStatus(status=3),
1786043816029391410,1786043816.028105976,/novatel/oem7/fix,/novatel/oem7/fix,/novatel/oem7/inspva,39.663,-75.756,-1.801078760,0.005645962,0.000150807,-0.001680108,-0.005390188,0.000150807,,0,
1786043816029928972,1786043816.028506545,/novatel/oem7/odom,/novatel/oem7/fix,/novatel/oem7/odom,39.663,-75.756,-1.801078760,0.005646556,0.000126643,-0.005466037,-0.001416344,0.000126643,,,
1786043816035784730,1786043816.035409281,/novatel/oem7/odom,/novatel/oem7/fix,/novatel/oem7/odom,39.663,-75.756,-1.801078760,0.005646556,0.000126643,-0.005466037,-0.001416344,0.000126643,,,
1786043816046020935,1786043816.045358921,/novatel/oem7/inspva,/novatel/oem7/inspva,/novatel/oem7/inspva,39.663,-75.756,-1.801083230,0.005541116,0.000268687,-0.001658236,-0.005287176,0.000268687,,novatel_oem7_msgs.msg.InertialSolutionStatus(status=3),
1786043816047374901,1786043816.045591764,/novatel/oem7/fix,/novatel/oem7/fix,/novatel/oem7/inspva,39.663,-75.756,-1.801083230,0.005541116,0.000268687,-0.001658236,-0.005287176,0.000268687,,0,
1786043816047916380,1786043816.046264011,/novatel/oem7/odom,/novatel/oem7/fix,/novatel/oem7/odom,39.663,-75.756,-1.801083230,0.005542219,0.000244890,-0.005362544,-0.001399757,0.000244890,,,
1786043816056690101,1786043816.056291522,/novatel/oem7/odom,/novatel/oem7/fix,/novatel/oem7/odom,39.663,-75.756,-1.801083230,0.005542219,0.000244890,-0.005362544,-0.001399757,0.000244890,,,
1786043816066516852,1786043816.066063068,/novatel/oem7/inspva,/novatel/oem7/inspva,/novatel/oem7/inspva,39.663,-75.756,-1.801081340,0.005612923,0.000598418,-0.001636496,-0.005369058,0.000598418,,novatel_oem7_msgs.msg.InertialSolutionStatus(status=3),
1786043816067149537,1786043816.066272520,/novatel/oem7/fix,/novatel/oem7/fix,/novatel/oem7/inspva,39.663,-75.756,-1.801081340,0.005612923,0.000598418,-0.001636496,-0.005369058,0.000598418,,0,
1786043816067647849,1786043816.066585530,/novatel/oem7/odom,/novatel/oem7/fix,/novatel/oem7/odom,39.663,-75.756,-1.801081340,0.005615440,0.000574324,-0.005444530,-0.001374864,0.000574324,,,
1786043816074988182,1786043816.074535913,/novatel/oem7/odom,/novatel/oem7/fix,/novatel/oem7/odom,39.663,-75.756,-1.801081340,0.005615440,0.000574324,-0.005444530,-0.001374864,0.000574324,,,
1786043816085822807,1786043816.085307259,/novatel/oem7/inspva,/novatel/oem7/inspva,/novatel/oem7/inspva,39.663,-75.756,-1.801085700,0.005411710,-0.000166343,-0.001708829,-0.005134832,-0.000166343,,novatel_oem7_msgs.msg.InertialSolutionStatus(status=3),
1786043816086492456,1786043816.085540058,/novatel/oem7/fix,/novatel/oem7/fix,/novatel/oem7/inspva,39.663,-75.756,-1.801085700,0.005411710,-0.000166343,-0.001708829,-0.005134832,-0.000166343,,0,
1786043816087019043,1786043816.085982972,/novatel/oem7/odom,/novatel/oem7/fix,/novatel/oem7/odom,39.663,-75.756,-1.801085700,0.005410940,-0.000189748,-0.005211210,-0.001456556,-0.000189748,,,
1786043816096021882,1786043816.095663204,/novatel/oem7/odom,/novatel/oem7/fix,/novatel/oem7/odom,39.663,-75.756,-1.801085700,0.005410940,-0.000189748,-0.005211210,-0.001456556,-0.000189748,,,
1786043816106208327,1786043816.105848457,/novatel/oem7/inspva,/novatel/oem7/inspva,/novatel/oem7/inspva,39.663,-75.756,-1.801081695,0.005509181,0.000171675,-0.001775586,-0.005215206,0.000171675,,novatel_oem7_msgs.msg.InertialSolutionStatus(status=3),
1786043816106866226,1786043816.105993734,/novatel/oem7/fix,/novatel/oem7/fix,/novatel/oem7/inspva,39.663,-75.756,-1.801081695,0.005509181,0.000171675,-0.001775586,-0.005215206,0.000171675,,0,
1786043816107363659,1786043816.106416099,/novatel/oem7/odom,/novatel/oem7/fix,/novatel/oem7/odom,39.663,-75.756,-1.801081695,0.005509873,0.000147827,-0.005296013,-0.001520180,0.000147827,,,
1786043816109932250,1786043816.109375599,/novatel/oem7/bestpos,/novatel/oem7/bestpos,/novatel/oem7/odom,39.663,-75.756,33.181268665,0.005509873,0.000147827,-0.005296013,-0.001520180,0.000147827,,novatel_oem7_msgs.msg.SolutionStatus(status=0),novatel_oem7_msgs.msg.PositionOrVelocityType(type=53)
1786043816110686071,1786043816.109984802,/novatel/oem7/bestvel,/novatel/oem7/bestpos,/novatel/oem7/bestvel,39.663,-75.756,33.181268665,0.005992629,0.000324738,,,,255.262884311,novatel_oem7_msgs.msg.SolutionStatus(status=0),novatel_oem7_msgs.msg.PositionOrVelocityType(type=53)
1786043816114863479,1786043816.114450114,/novatel/oem7/odom,/novatel/oem7/bestpos,/novatel/oem7/odom,39.663,-75.756,33.181268665,0.005509873,0.000147827,-0.005296013,-0.001520180,0.000147827,,,
1786043816126823486,1786043816.126491369,/novatel/oem7/inspva,/novatel/oem7/inspva,/novatel/oem7/inspva,39.663,-75.756,-1.801077204,0.005472038,0.000511544,-0.001600308,-0.005232802,0.000511544,,novatel_oem7_msgs.msg.InertialSolutionStatus(status=3),
1786043816127861264,1786043816.126596339,/novatel/oem7/fix,/novatel/oem7/fix,/novatel/oem7/inspva,39.663,-75.756,-1.801077204,0.005472038,0.000511544,-0.001600308,-0.005232802,0.000511544,,0,
1786043816128373803,1786043816.127287430,/novatel/oem7/odom,/novatel/oem7/fix,/novatel/oem7/odom,39.663,-75.756,-1.801077204,0.005474178,0.000488110,-0.005306340,-0.001345130,0.000488110,,,
1786043816134931411,1786043816.134495176,/novatel/oem7/odom,/novatel/oem7/fix,/novatel/oem7/odom,39.663,-75.756,-1.801077204,0.005474178,0.000488110,-0.005306340,-0.001345130,0.000488110,,,
1786043816145246466,1786043816.144925188,/novatel/oem7/inspva,/novatel/oem7/inspva,/novatel/oem7/inspva,39.663,-75.756,-1.801074003,0.005424774,0.000577593,-0.002024257,-0.005032947,0.000577593,,novatel_oem7_msgs.msg.InertialSolutionStatus(status=3),
1786043816145904227,1786043816.145107900,/novatel/oem7/fix,/novatel/oem7/fix,/novatel/oem7/inspva,39.663,-75.756,-1.801074003,0.005424774,0.000577593,-0.002024257,-0.005032947,0.000577593,,0,
1786043816146432136,1786043816.145441867,/novatel/oem7/odom,/novatel/oem7/fix,/novatel/oem7/odom,39.663,-75.756,-1.801074003,0.005427267,0.000553676,-0.005127607,-0.001778447,0.000553676,,,
1786043816156378685,1786043816.155994067,/novatel/oem7/odom,/novatel/oem7/fix,/novatel/oem7/odom,39.663,-75.756,-1.801074003,0.005427267,0.000553676,-0.005127607,-0.001778447,0.000553676,,,
1786043816165639666,1786043816.165163853,/novatel/oem7/inspva,/novatel/oem7/inspva,/novatel/oem7/inspva,39.663,-75.756,-1.801066784,0.005293898,0.000634863,-0.001558881,-0.005059174,0.000634863,,novatel_oem7_msgs.msg.InertialSolutionStatus(status=3),
1786043816166295936,1786043816.165335058,/novatel/oem7/fix,/novatel/oem7/fix,/novatel/oem7/inspva,39.663,-75.756,-1.801066784,0.005293898,0.000634863,-0.001558881,-0.005059174,0.000634863,,0,
1786043816166796332,1786043816.165972238,/novatel/oem7/odom,/novatel/oem7/fix,/novatel/oem7/odom,39.663,-75.756,-1.801066784,0.005296578,0.000612105,-0.005131383,-0.001312494,0.000612105,,,
1786043816175288371,1786043816.174931028,/novatel/oem7/odom,/novatel/oem7/fix,/novatel/oem7/odom,39.663,-75.756,-1.801066784,0.005296578,0.000612105,-0.005131383,-0.001312494,0.000612105,,,
1786043816186324149,1786043816.186015037,/novatel/oem7/inspva,/novatel/oem7/inspva,/novatel/oem7/inspva,39.663,-75.756,-1.801061145,0.005326622,0.000652245,-0.001748093,-0.005031607,0.000652245,,novatel_oem7_msgs.msg.InertialSolutionStatus(status=3),
1786043816186954348,1786043816.186202935,/novatel/oem7/fix,/novatel/oem7/fix,/novatel/oem7/inspva,39.663,-75.756,-1.801061145,0.005326622,0.000652245,-0.001748093,-0.005031607,0.000652245,,0,
1786043816187481257,1786043816.186599543,/novatel/oem7/odom,/novatel/oem7/fix,/novatel/oem7/odom,39.663,-75.756,-1.801061145,0.005329406,0.000629088,-0.005113123,-0.001502844,0.000629088,,,
1786043816195060733,1786043816.194429228,/novatel/oem7/odom,/novatel/oem7/fix,/novatel/oem7/odom,39.663,-75.756,-1.801061145,0.005329406,0.000629088,-0.005113123,-0.001502844,0.000629088,,,
1786043816206662253,1786043816.206330442,/novatel/oem7/inspva,/novatel/oem7/inspva,/novatel/oem7/inspva,39.663,-75.756,-1.801054311,0.005205739,0.000698322,-0.001805606,-0.004882571,0.000698322,,novatel_oem7_msgs.msg.InertialSolutionStatus(status=3),
1786043816207342043,1786043816.206530858,/novatel/oem7/fix,/novatel/oem7/fix,/novatel/oem7/inspva,39.663,-75.756,-1.801054311,0.005205739,0.000698322,-0.001805606,-0.004882571,0.000698322,,0,
1786043816207879968,1786043816.207008239,/novatel/oem7/odom,/novatel/oem7/fix,/novatel/oem7/odom,39.663,-75.756,-1.801054311,0.005208740,0.000675568,-0.004967235,-0.001567658,0.000675568,,,
1786043816210492647,1786043816.210141084,/novatel/oem7/bestpos,/novatel/oem7/bestpos,/novatel/oem7/odom,39.663,-75.756,33.181297035,0.005208740,0.000675568,-0.004967235,-0.001567658,0.000675568,,novatel_oem7_msgs.msg.SolutionStatus(status=0),novatel_oem7_msgs.msg.PositionOrVelocityType(type=53)
1786043816211189817,1786043816.210563665,/novatel/oem7/bestvel,/novatel/oem7/bestpos,/novatel/oem7/bestvel,39.663,-75.756,33.181297035,0.005377017,0.000821356,,,,249.535346269,novatel_oem7_msgs.msg.SolutionStatus(status=0),novatel_oem7_msgs.msg.PositionOrVelocityType(type=53)
1786043816215944437,1786043816.215457691,/novatel/oem7/odom,/novatel/oem7/bestpos,/novatel/oem7/odom,39.663,-75.756,33.181297035,0.005208740,0.000675568,-0.004967235,-0.001567658,0.000675568,,,
1786043816225511050,1786043816.225187579,/novatel/oem7/inspva,/novatel/oem7/inspva,/novatel/oem7/inspva,39.663,-75.756,-1.801049969,0.005129964,0.000506348,-0.001877281,-0.004774133,0.000506348,,novatel_oem7_msgs.msg.InertialSolutionStatus(status=3),
1786043816226164209,1786043816.225367051,/novatel/oem7/fix,/novatel/oem7/fix,/novatel/oem7/inspva,39.663,-75.756,-1.801049969,0.005129964,0.000506348,-0.001877281,-0.004774133,0.000506348,,0,
1786043816226696056,1786043816.225739349,/novatel/oem7/odom,/novatel/oem7/fix,/novatel/oem7/odom,39.663,-75.756,-1.801049969,0.005132138,0.000483819,-0.004861699,-0.001643996,0.000483819,,,
1786043816234815213,1786043816.234406802,/novatel/oem7/odom,/novatel/oem7/fix,/novatel/oem7/odom,39.663,-75.756,-1.801049969,0.005132138,0.000483819,-0.004861699,-0.001643996,0.000483819,,,
1786043816247046559,1786043816.246725644,/novatel/oem7/inspva,/novatel/oem7/inspva,/novatel/oem7/inspva,39.663,-75.756,-1.801042468,0.005279645,0.000659569,-0.001728882,-0.004988549,0.000659569,,novatel_oem7_msgs.msg.InertialSolutionStatus(status=3),
1786043816247745401,1786043816.246881442,/novatel/oem7/fix,/novatel/oem7/fix,/novatel/oem7/inspva,39.663,-75.756,-1.801042468,0.005279645,0.000659569,-0.001728882,-0.004988549,0.000659569,,0,
1786043816248283291,1786043816.247432254,/novatel/oem7/odom,/novatel/oem7/fix,/novatel/oem7/odom,39.663,-75.756,-1.801042468,0.005282459,0.000636639,-0.005069204,-0.001485778,0.000636639,,,
1786043816257349001,1786043816.256957760,/novatel/oem7/odom,/novatel/oem7/fix,/novatel/oem7/odom,39.663,-75.756,-1.801042468,0.005282459,0.000636639,-0.005069204,-0.001485778,0.000636639,,,
1786043816265497504,1786043816.265032269,/novatel/oem7/inspva,/novatel/oem7/inspva,/novatel/oem7/inspva,39.663,-75.756,-1.801040068,0.004986544,0.000572215,-0.001934588,-0.004595976,0.000572215,,novatel_oem7_msgs.msg.InertialSolutionStatus(status=3),
1786043816266099135,1786043816.265187100,/novatel/oem7/fix,/novatel/oem7/fix,/novatel/oem7/inspva,39.663,-75.756,-1.801040068,0.004986544,0.000572215,-0.001934588,-0.004595976,0.000572215,,0,
1786043816266596719,1786043816.265660798,/novatel/oem7/odom,/novatel/oem7/fix,/novatel/oem7/odom,39.663,-75.756,-1.801040068,0.004989027,0.000550144,-0.004686784,-0.001710104,0.000550144,,,
1786043816275956135,1786043816.275583446,/novatel/oem7/odom,/novatel/oem7/fix,/novatel/oem7/odom,39.663,-75.756,-1.801040068,0.004989027,0.000550144,-0.004686784,-0.001710104,0.000550144,,,
1786043816285826855,1786043816.285393302,/novatel/oem7/inspva,/novatel/oem7/inspva,/novatel/oem7/inspva,39.663,-75.756,-1.801033293,0.004984237,0.000752402,-0.001436394,-0.004772776,0.000752402,,novatel_oem7_msgs.msg.InertialSolutionStatus(status=3),
1786043816286476400,1786043816.285553260,/novatel/oem7/fix,/novatel/oem7/fix,/novatel/oem7/inspva,39.663,-75.756,-1.801033293,0.004984237,0.000752402,-0.001436394,-0.004772776,0.000752402,,0,
1786043816287215226,1786043816.286254553,/novatel/oem7/odom,/novatel/oem7/fix,/novatel/oem7/odom,39.663,-75.756,-1.801033293,0.004987412,0.000731060,-0.004839803,-0.001204405,0.000731060,,,
1786043816295318392,1786043816.294926974,/novatel/oem7/odom,/novatel/oem7/fix,/novatel/oem7/odom,39.663,-75.756,-1.801033293,0.004987412,0.000731060,-0.004839803,-0.001204405,0.000731060,,,
1786043816306133884,1786043816.305777814,/novatel/oem7/inspva,/novatel/oem7/inspva,/novatel/oem7/inspva,39.663,-75.756,-1.801029320,0.004864123,0.000564609,-0.001827405,-0.004507803,0.000564609,,novatel_oem7_msgs.msg.InertialSolutionStatus(status=3),
1786043816306805296,1786043816.305953229,/novatel/oem7/fix,/novatel/oem7/fix,/novatel/oem7/inspva,39.663,-75.756,-1.801029320,0.004864123,0.000564609,-0.001827405,-0.004507803,0.000564609,,0,
1786043816307348424,1786043816.306394947,/novatel/oem7/odom,/novatel/oem7/fix,/novatel/oem7/odom,39.663,-75.756,-1.801029320,0.004866565,0.000543159,-0.004593472,-0.001607318,0.000543159,,,
1786043816309469008,1786043816.309111215,/novatel/oem7/bestpos,/novatel/oem7/bestpos,/novatel/oem7/odom,39.663,-75.756,33.181328055,0.004866565,0.000543159,-0.004593472,-0.001607318,0.000543159,,novatel_oem7_msgs.msg.SolutionStatus(status=0),novatel_oem7_msgs.msg.PositionOrVelocityType(type=53)
1786043816310181203,1786043816.309463175,/novatel/oem7/bestvel,/novatel/oem7/bestpos,/novatel/oem7/bestvel,39.663,-75.756,33.181328055,0.004955200,0.000678036,,,,246.198193761,novatel_oem7_msgs.msg.SolutionStatus(status=0),novatel_oem7_msgs.msg.PositionOrVelocityType(type=53)
1786043816314863316,1786043816.314467649,/novatel/oem7/odom,/novatel/oem7/bestpos,/novatel/oem7/odom,39.663,-75.756,33.181328055,0.004866565,0.000543159,-0.004593472,-0.001607318,0.000543159,,,
1786043816325347066,1786043816.325046462,/novatel/oem7/inspva,/novatel/oem7/inspva,/novatel/oem7/inspva,39.663,-75.756,-1.801019116,0.004900399,0.001010466,-0.001924948,-0.004506493,0.001010466,,novatel_oem7_msgs.msg.InertialSolutionStatus(status=3),
1786043816326024337,1786043816.325203094,/novatel/oem7/fix,/novatel/oem7/fix,/novatel/oem7/inspva,39.663,-75.756,-1.801019116,0.004900399,0.001010466,-0.001924948,-0.004506493,0.001010466,,0,
1786043816326581088,1786043816.325671879,/novatel/oem7/odom,/novatel/oem7/fix,/novatel/oem7/odom,39.663,-75.756,-1.801019116,0.004904833,0.000988714,-0.004598571,-0.001706029,0.000988714,,,
1786043816335953711,1786043816.335475354,/novatel/oem7/odom,/novatel/oem7/fix,/novatel/oem7/odom,39.663,-75.756,-1.801019116,0.004904833,0.000988714,-0.004598571,-0.001706029,0.000988714,,,
1786043816345311647,1786043816.345025764,/novatel/oem7/inspva,/novatel/oem7/inspva,/novatel/oem7/inspva,39.663,-75.756,-1.801016625,0.004689343,0.000713822,-0.001806598,-0.004327371,0.000713822,,novatel_oem7_msgs.msg.InertialSolutionStatus(status=3),
1786043816345976223,1786043816.345174062,/novatel/oem7/fix,/novatel/oem7/fix,/novatel/oem7/inspva,39.663,-75.756,-1.801016625,0.004689343,0.000713822,-0.001806598,-0.004327371,0.000713822,,0,
1786043816346495516,1786043816.345603143,/novatel/oem7/odom,/novatel/oem7/fix,/novatel/oem7/odom,39.663,-75.756,-1.801016625,0.004692458,0.000693053,-0.004412790,-0.001595759,0.000693053,,,
1786043816356016877,1786043816.355579597,/novatel/oem7/odom,/novatel/oem7/fix,/novatel/oem7/odom,39.663,-75.756,-1.801016625,0.004692458,0.000693053,-0.004412790,-0.001595759,0.000693053,,,
1786043816366906082,1786043816.366588659,/novatel/oem7/inspva,/novatel/oem7/inspva,/novatel/oem7/inspva,39.663,-75.756,-1.801012917,0.005082241,0.000520539,-0.001899114,-0.004714080,0.000520539,,novatel_oem7_msgs.msg.InertialSolutionStatus(status=3),
1786043816367595474,1786043816.366769514,/novatel/oem7/fix,/novatel/oem7/fix,/novatel/oem7/inspva,39.663,-75.756,-1.801012917,0.005082241,0.000520539,-0.001899114,-0.004714080,0.000520539,,0,
1786043816368079254,1786043816.367140684,/novatel/oem7/odom,/novatel/oem7/fix,/novatel/oem7/odom,39.663,-75.756,-1.801012917,0.005084493,0.000498070,-0.004802799,-0.001668889,0.000498070,,,
1786043816374968603,1786043816.374559276,/novatel/oem7/odom,/novatel/oem7/fix,/novatel/oem7/odom,39.663,-75.756,-1.801012917,0.005084493,0.000498070,-0.004802799,-0.001668889,0.000498070,,,
1786043816385556910,1786043816.385163056,/novatel/oem7/inspva,/novatel/oem7/inspva,/novatel/oem7/inspva,39.663,-75.756,-1.801007901,0.005016452,0.000524514,-0.001818260,-0.004675331,0.000524514,,novatel_oem7_msgs.msg.InertialSolutionStatus(status=3),
1786043816386173065,1786043816.385314498,/novatel/oem7/fix,/novatel/oem7/fix,/novatel/oem7/inspva,39.663,-75.756,-1.801007901,0.005016452,0.000524514,-0.001818260,-0.004675331,0.000524514,,0,
1786043816386672638,1786043816.385684299,/novatel/oem7/odom,/novatel/oem7/fix,/novatel/oem7/odom,39.663,-75.756,-1.801007901,0.005018716,0.000502393,-0.004760184,-0.001590019,0.000502393,,,
1786043816395955059,1786043816.395574472,/novatel/oem7/odom,/novatel/oem7/fix,/novatel/oem7/odom,39.663,-75.756,-1.801007901,0.005018716,0.000502393,-0.004760184,-0.001590019,0.000502393,,,
1786043816407053215,1786043816.406486809,/novatel/oem7/inspva,/novatel/oem7/inspva,/novatel/oem7/inspva,39.663,-75.756,-1.800999136,0.005078790,0.000977098,-0.001519953,-0.004846014,0.000977098,,novatel_oem7_msgs.msg.InertialSolutionStatus(status=3),
1786043816407741813,1786043816.406699518,/novatel/oem7/fix,/novatel/oem7/fix,/novatel/oem7/inspva,39.663,-75.756,-1.800999136,0.005078790,0.000977098,-0.001519953,-0.004846014,0.000977098,,0,
1786043816408248655,1786043816.407084345,/novatel/oem7/odom,/novatel/oem7/fix,/novatel/oem7/odom,39.663,-75.756,-1.800999136,0.005082966,0.000955139,-0.004917865,-0.001284968,0.000955139,,,
1786043816410316923,1786043816.410002732,/novatel/oem7/bestpos,/novatel/oem7/bestpos,/novatel/oem7/odom,39.663,-75.756,33.181349549,0.005082966,0.000955139,-0.004917865,-0.001284968,0.000955139,,novatel_oem7_msgs.msg.SolutionStatus(status=0),novatel_oem7_msgs.msg.PositionOrVelocityType(type=53)
1786043816411034590,1786043816.410478941,/novatel/oem7/bestvel,/novatel/oem7/bestpos,/novatel/oem7/bestvel,39.663,-75.756,33.181349549,0.004639353,0.000685216,,,,252.573923029,novatel_oem7_msgs.msg.SolutionStatus(status=0),novatel_oem7_msgs.msg.PositionOrVelocityType(type=53)
1786043816415088978,1786043816.414690308,/novatel/oem7/odom,/novatel/oem7/bestpos,/novatel/oem7/odom,39.663,-75.756,33.181349549,0.005082966,0.000955139,-0.004917865,-0.001284968,0.000955139,,,
1786043816427656792,1786043816.427176363,/novatel/oem7/inspva,/novatel/oem7/inspva,/novatel/oem7/inspva,39.663,-75.756,-1.800996022,0.004927923,0.000506616,-0.001441488,-0.004712382,0.000506616,,novatel_oem7_msgs.msg.InertialSolutionStatus(status=3),
1786043816428386828,1786043816.427316842,/novatel/oem7/fix,/novatel/oem7/fix,/novatel/oem7/inspva,39.663,-75.756,-1.800996022,0.004927923,0.000506616,-0.001441488,-0.004712382,0.000506616,,0,
1786043816428913074,1786043816.427648106,/novatel/oem7/odom,/novatel/oem7/fix,/novatel/oem7/odom,39.663,-75.756,-1.800996022,0.005082964,0.000955146,-0.004917863,-0.001284973,0.000955146,,,
1786043816435241012,1786043816.434769448,/novatel/oem7/odom,/novatel/oem7/fix,/novatel/oem7/odom,39.663,-75.756,-1.800996022,0.004930061,0.000485375,-0.004778791,-0.001211882,0.000485375,,,
1786043816445605251,1786043816.445256816,/novatel/oem7/inspva,/novatel/oem7/inspva,/novatel/oem7/inspva,39.663,-75.756,-1.800984856,0.004864526,0.000994036,-0.001597825,-0.004594624,0.000994036,,novatel_oem7_msgs.msg.InertialSolutionStatus(status=3),
1786043816446275475,1786043816.445379781,/novatel/oem7/fix,/novatel/oem7/fix,/novatel/oem7/inspva,39.663,-75.756,-1.800984856,0.004864526,0.000994036,-0.001597825,-0.004594624,0.000994036,,0,
1786043816446834950,1786043816.445985641,/novatel/oem7/odom,/novatel/oem7/fix,/novatel/oem7/odom,39.663,-75.756,-1.800984856,0.004868824,0.000972767,-0.004670611,-0.001375076,0.000972767,,,
1786043816456697079,1786043816.456326859,/novatel/oem7/odom,/novatel/oem7/fix,/novatel/oem7/odom,39.663,-75.756,-1.800984856,0.004868824,0.000972767,-0.004670611,-0.001375076,0.000972767,,,
1786043816465398736,1786043816.465056844,/novatel/oem7/inspva,/novatel/oem7/inspva,/novatel/oem7/inspva,39.663,-75.756,-1.800979125,0.004613472,0.000849654,-0.001525611,-0.004353922,0.000849654,,novatel_oem7_msgs.msg.InertialSolutionStatus(status=3),
1786043816466051901,1786043816.465183280,/novatel/oem7/fix,/novatel/oem7/fix,/novatel/oem7/inspva,39.663,-75.756,-1.800979125,0.004613472,0.000849654,-0.001525611,-0.004353922,0.000849654,,0,
1786043816466552313,1786043816.465532439,/novatel/oem7/odom,/novatel/oem7/fix,/novatel/oem7/odom,39.663,-75.756,-1.800979125,0.004617144,0.000829468,-0.004426151,-0.001314233,0.000829468,,,
1786043816474742404,1786043816.474281524,/novatel/oem7/odom,/novatel/oem7/fix,/novatel/oem7/odom,39.663,-75.756,-1.800979125,0.004617144,0.000829468,-0.004426151,-0.001314233,0.000829468,,,
1786043816486868243,1786043816.486486441,/novatel/oem7/inspva,/novatel/oem7/inspva,/novatel/oem7/inspva,39.663,-75.756,-1.800973359,0.004584086,0.000530119,-0.001428410,-0.004355857,0.000530119,,novatel_oem7_msgs.msg.InertialSolutionStatus(status=3),
1786043816487541372,1786043816.486679004,/novatel/oem7/fix,/novatel/oem7/fix,/novatel/oem7/inspva,39.663,-75.756,-1.800973359,0.004584086,0.000530119,-0.001428410,-0.004355857,0.000530119,,0,
1786043816488014922,1786043816.487122971,/novatel/oem7/odom,/novatel/oem7/fix,/novatel/oem7/odom,39.663,-75.756,-1.800973359,0.004586347,0.000510192,-0.004422132,-0.001216273,0.000510192,,,
1786043816495828531,1786043816.495446548,/novatel/oem7/odom,/novatel/oem7/fix,/novatel/oem7/odom,39.663,-75.756,-1.800973359,0.004586347,0.000510192,-0.004422132,-0.001216273,0.000510192,,,
1786043816506183808,1786043816.505844946,/novatel/oem7/inspva,/novatel/oem7/inspva,/novatel/oem7/inspva,39.663,-75.756,-1.800969723,0.004659751,0.000231888,-0.001333157,-0.004464972,0.000231888,,novatel_oem7_msgs.msg.InertialSolutionStatus(status=3),
1786043816506831862,1786043816.505978250,/novatel/oem7/fix,/novatel/oem7/fix,/novatel/oem7/inspva,39.663,-75.756,-1.800969723,0.004659751,0.000231888,-0.001333157,-0.004464972,0.000231888,,0,
1786043816507320539,1786043816.506403532,/novatel/oem7/odom,/novatel/oem7/fix,/novatel/oem7/odom,39.663,-75.756,-1.800969723,0.004660706,0.000211826,-0.004525359,-0.001115035,0.000211826,,,
1786043816511552551,1786043816.511237618,/novatel/oem7/bestpos,/novatel/oem7/bestpos,/novatel/oem7/odom,39.663,-75.756,33.181384483,0.004660706,0.000211826,-0.004525359,-0.001115035,0.000211826,,novatel_oem7_msgs.msg.SolutionStatus(status=0),novatel_oem7_msgs.msg.PositionOrVelocityType(type=53)
1786043816512494566,1786043816.512178217,/novatel/oem7/bestvel,/novatel/oem7/bestpos,/novatel/oem7/bestvel,39.663,-75.756,33.181384483,0.004648926,0.000202301,,,,254.045651881,novatel_oem7_msgs.msg.SolutionStatus(status=0),novatel_oem7_msgs.msg.PositionOrVelocityType(type=53)
1786043816515790072,1786043816.515436183,/novatel/oem7/odom,/novatel/oem7/bestpos,/novatel/oem7/odom,39.663,-75.756,33.181384483,0.004660706,0.000211826,-0.004525359,-0.001115035,0.000211826,,,
1786043816526310713,1786043816.525506915,/novatel/oem7/inspva,/novatel/oem7/inspva,/novatel/oem7/inspva,39.663,-75.756,-1.800960796,0.004671524,0.000704474,-0.001317075,-0.004482014,0.000704474,,novatel_oem7_msgs.msg.InertialSolutionStatus(status=3),
1786043816527808705,1786043816.525717917,/novatel/oem7/fix,/novatel/oem7/fix,/novatel/oem7/inspva,39.663,-75.756,-1.800960796,0.004671524,0.000704474,-0.001317075,-0.004482014,0.000704474,,0,
1786043816528885606,1786043816.526454738,/novatel/oem7/odom,/novatel/oem7/fix,/novatel/oem7/odom,39.663,-75.756,-1.800960796,0.004674507,0.000684400,-0.004543388,-0.001099381,0.000684400,,,
1786043816535631757,1786043816.534845839,/novatel/oem7/odom,/novatel/oem7/fix,/novatel/oem7/odom,39.663,-75.756,-1.800960796,0.004674507,0.000684400,-0.004543388,-0.001099381,0.000684400,,,
1786043816546702199,1786043816.545974042,/novatel/oem7/inspva,/novatel/oem7/inspva,/novatel/oem7/inspva,39.663,-75.756,-1.800957406,0.004665529,0.000536787,-0.001207586,-0.004506539,0.000536787,,novatel_oem7_msgs.msg.InertialSolutionStatus(status=3),
1786043816548122510,1786043816.546143167,/novatel/oem7/fix,/novatel/oem7/fix,/novatel/oem7/inspva,39.663,-75.756,-1.800957406,0.004665529,0.000536787,-0.001207586,-0.004506539,0.000536787,,0,
1786043816549189534,1786043816.546650879,/novatel/oem7/odom,/novatel/oem7/fix,/novatel/oem7/odom,39.663,-75.756,-1.800957406,0.004667774,0.000516903,-0.004561925,-0.000988411,0.000516903,,,
1786043816556544156,1786043816.555769818,/novatel/oem7/odom,/novatel/oem7/fix,/novatel/oem7/odom,39.663,-75.756,-1.800957406,0.004667774,0.000516903,-0.004561925,-0.000988411,0.000516903,,,
1786043816565813552,1786043816.565105635,/novatel/oem7/inspva,/novatel/oem7/inspva,/novatel/oem7/inspva,39.663,-75.756,-1.800952604,0.004178371,0.000323094,-0.001380106,-0.003943868,0.000323094,,novatel_oem7_msgs.msg.InertialSolutionStatus(status=3),
1786043816567222150,1786043816.565271057,/novatel/oem7/fix,/novatel/oem7/fix,/novatel/oem7/inspva,39.663,-75.756,-1.800952604,0.004178371,0.000323094,-0.001380106,-0.003943868,0.000323094,,0,
1786043816568279621,1786043816.565757442,/novatel/oem7/odom,/novatel/oem7/fix,/novatel/oem7/odom,39.663,-75.756,-1.800952604,0.004179745,0.000304811,-0.004007506,-0.001187503,0.000304811,,,
1786043816576020789,1786043816.575334696,/novatel/oem7/odom,/novatel/oem7/fix,/novatel/oem7/odom,39.663,-75.756,-1.800952604,0.004179745,0.000304811,-0.004007506,-0.001187503,0.000304811,,,
1786043816586722098,1786043816.585917516,/novatel/oem7/inspva,/novatel/oem7/inspva,/novatel/oem7/inspva,39.663,-75.756,-1.800945162,0.004508111,0.000612387,-0.001212927,-0.004341874,0.000612387,,novatel_oem7_msgs.msg.InertialSolutionStatus(status=3),
1786043816588143372,1786043816.586078857,/novatel/oem7/fix,/novatel/oem7/fix,/novatel/oem7/inspva,39.663,-75.756,-1.800945162,0.004508111,0.000612387,-0.001212927,-0.004341874,0.000612387,,0,
1786043816589215066,1786043816.586674380,/novatel/oem7/odom,/novatel/oem7/fix,/novatel/oem7/odom,39.663,-75.756,-1.800945162,0.004510692,0.000593081,-0.004398015,-0.001001899,0.000593081,,,
1786043816594987664,1786043816.594302530,/novatel/oem7/odom,/novatel/oem7/fix,/novatel/oem7/odom,39.663,-75.756,-1.800945162,0.004510692,0.000593081,-0.004398015,-0.001001899,0.000593081,,,
1786043816606339696,1786043816.605810664,/novatel/oem7/inspva,/novatel/oem7/inspva,/novatel/oem7/inspva,39.663,-75.756,-1.800943028,0.004265677,0.000085245,-0.001097892,-0.004121970,0.000085245,,novatel_oem7_msgs.msg.InertialSolutionStatus(status=3),
1786043816607709216,1786043816.605970848,/novatel/oem7/fix,/novatel/oem7/fix,/novatel/oem7/inspva,39.663,-75.756,-1.800943028,0.004265677,0.000085245,-0.001097892,-0.004121970,0.000085245,,0,
1786043816608788457,1786043816.606837784,/novatel/oem7/odom,/novatel/oem7/fix,/novatel/oem7/odom,39.663,-75.756,-1.800943028,0.004266001,0.000067114,-0.004170770,-0.000896350,0.000067114,,,
1786043816610728296,1786043816.610117044,/novatel/oem7/bestpos,/novatel/oem7/bestpos,/novatel/oem7/odom,39.663,-75.756,33.181423898,0.004266001,0.000067114,-0.004170770,-0.000896350,0.000067114,,novatel_oem7_msgs.msg.SolutionStatus(status=0),novatel_oem7_msgs.msg.PositionOrVelocityType(type=53)
1786043816612161735,1786043816.610557092,/novatel/oem7/bestvel,/novatel/oem7/bestpos,/novatel/oem7/bestvel,39.663,-75.756,33.181423898,0.004656622,0.000430958,,,,252.319044739,novatel_oem7_msgs.msg.SolutionStatus(status=0),novatel_oem7_msgs.msg.PositionOrVelocityType(type=53)
1786043816616020997,1786043816.615349957,/novatel/oem7/odom,/novatel/oem7/bestpos,/novatel/oem7/odom,39.663,-75.756,33.181423898,0.004266001,0.000067114,-0.004170770,-0.000896350,0.000067114,,,
1786043816625540056,1786043816.624934087,/novatel/oem7/inspva,/novatel/oem7/inspva,/novatel/oem7/inspva,39.663,-75.756,-1.800934816,0.004541919,0.000371290,-0.001237600,-0.004370055,0.000371290,,novatel_oem7_msgs.msg.InertialSolutionStatus(status=3),
1786043816626932180,1786043816.625165492,/novatel/oem7/fix,/novatel/oem7/fix,/novatel/oem7/inspva,39.663,-75.756,-1.800934816,0.004541919,0.000371290,-0.001237600,-0.004370055,0.000371290,,0,
1786043816628033185,1786043816.625520916,/novatel/oem7/odom,/novatel/oem7/fix,/novatel/oem7/odom,39.663,-75.756,-1.800934816,0.004543466,0.000351853,-0.004426435,-0.001024580,0.000351853,,,
1786043816636086850,1786043816.635386949,/novatel/oem7/odom,/novatel/oem7/fix,/novatel/oem7/odom,39.663,-75.756,-1.800934816,0.004543466,0.000351853,-0.004426435,-0.001024580,0.000351853,,,
1786043816646889029,1786043816.646358257,/novatel/oem7/inspva,/novatel/oem7/inspva,/novatel/oem7/inspva,39.663,-75.756,-1.800928004,0.004104841,0.000422904,-0.000636571,-0.004055182,0.000422904,,novatel_oem7_msgs.msg.InertialSolutionStatus(status=3),
1786043816648257553,1786043816.646556602,/novatel/oem7/fix,/novatel/oem7/fix,/novatel/oem7/inspva,39.663,-75.756,-1.800928004,0.004104841,0.000422904,-0.000636571,-0.004055182,0.000422904,,0,
1786043816649320000,1786043816.647043844,/novatel/oem7/odom,/novatel/oem7/fix,/novatel/oem7/odom,39.663,-75.756,-1.800928004,0.004106525,0.000406224,-0.004082918,-0.000439695,0.000406224,,,
1786043816657153590,1786043816.656484979,/novatel/oem7/odom,/novatel/oem7/fix,/novatel/oem7/odom,39.663,-75.756,-1.800928004,0.004106525,0.000406224,-0.004082918,-0.000439695,0.000406224,,,
1786043816666483450,1786043816.665930068,/novatel/oem7/inspva,/novatel/oem7/inspva,/novatel/oem7/inspva,39.663,-75.756,-1.800919665,0.004394960,0.000596979,-0.000986100,-0.004282906,0.000596979,,novatel_oem7_msgs.msg.InertialSolutionStatus(status=3),
1786043816667794140,1786043816.666117586,/novatel/oem7/fix,/novatel/oem7/fix,/novatel/oem7/inspva,39.663,-75.756,-1.800919665,0.004394960,0.000596979,-0.000986100,-0.004282906,0.000596979,,0,
1786043816668837414,1786043816.666582271,/novatel/oem7/odom,/novatel/oem7/fix,/novatel/oem7/odom,39.663,-75.756,-1.800919665,0.004397435,0.000578468,-0.004328032,-0.000778184,0.000578468,,,
1786043816675308243,1786043816.674663583,/novatel/oem7/odom,/novatel/oem7/fix,/novatel/oem7/odom,39.663,-75.756,-1.800919665,0.004397435,0.000578468,-0.004328032,-0.000778184,0.000578468,,,
1786043816686506329,1786043816.685416828,/novatel/oem7/inspva,/novatel/oem7/inspva,/novatel/oem7/inspva,39.663,-75.756,-1.800911871,0.003768966,0.000590111,-0.000660707,-0.003710602,0.000590111,,novatel_oem7_msgs.msg.InertialSolutionStatus(status=3),
1786043816687956134,1786043816.685752395,/novatel/oem7/fix,/novatel/oem7/fix,/novatel/oem7/inspva,39.663,-75.756,-1.800911871,0.003768966,0.000590111,-0.000660707,-0.003710602,0.000590111,,0,
1786043816689053185,1786043816.686272344,/novatel/oem7/odom,/novatel/oem7/fix,/novatel/oem7/odom,39.663,-75.756,-1.800911871,0.003771363,0.000574591,-0.003740564,-0.000480997,0.000574591,,,
1786043816696165237,1786043816.695440630,/novatel/oem7/odom,/novatel/oem7/fix,/novatel/oem7/odom,39.663,-75.756,-1.800911871,0.003771363,0.000574591,-0.003740564,-0.000480997,0.000574591,,,
1786043816706573629,1786043816.705904299,/novatel/oem7/inspva,/novatel/oem7/inspva,/novatel/oem7/inspva,39.663,-75.756,-1.800904724,0.004396270,0.000528072,-0.000961805,-0.004289769,0.000528072,,novatel_oem7_msgs.msg.InertialSolutionStatus(status=3),
1786043816707997880,1786043816.706089094,/novatel/oem7/fix,/novatel/oem7/fix,/novatel/oem7/inspva,39.663,-75.756,-1.800904724,0.004396270,0.000528072,-0.000961805,-0.004289769,0.000528072,,0,
1786043816709073787,1786043816.706551062,/novatel/oem7/odom,/novatel/oem7/fix,/novatel/oem7/odom,39.663,-75.756,-1.800904724,0.004398458,0.000509523,-0.004333450,-0.000753421,0.000509523,,,
1786043816710659487,1786043816.709572363,/novatel/oem7/bestpos,/novatel/oem7/bestpos,/novatel/oem7/odom,39.663,-75.756,33.181443635,0.004398458,0.000509523,-0.004333450,-0.000753421,0.000509523,,novatel_oem7_msgs.msg.SolutionStatus(status=0),novatel_oem7_msgs.msg.PositionOrVelocityType(type=53)
1786043816712348257,1786043816.710337637,/novatel/oem7/bestvel,/novatel/oem7/bestpos,/novatel/oem7/bestvel,39.663,-75.756,33.181443635,0.004089803,0.000358145,,,,256.646454114,novatel_oem7_msgs.msg.SolutionStatus(status=0),novatel_oem7_msgs.msg.PositionOrVelocityType(type=53)
1786043816715304980,1786043816.714408761,/novatel/oem7/odom,/novatel/oem7/bestpos,/novatel/oem7/odom,39.663,-75.756,33.181443635,0.004398458,0.000509523,-0.004333450,-0.000753421,0.000509523,,,
1786043816726301675,1786043816.725110426,/novatel/oem7/inspva,/novatel/oem7/inspva,/novatel/oem7/inspva,39.663,-75.756,-1.800898724,0.003941795,0.000342295,-0.000761357,-0.003867568,0.000342295,,novatel_oem7_msgs.msg.InertialSolutionStatus(status=3),
1786043816728289165,1786043816.725456556,/novatel/oem7/fix,/novatel/oem7/fix,/novatel/oem7/inspva,39.663,-75.756,-1.800898724,0.003941795,0.000342295,-0.000761357,-0.003867568,0.000342295,,0,
1786043816729855928,1786043816.726089099,/novatel/oem7/odom,/novatel/oem7/fix,/novatel/oem7/odom,39.663,-75.756,-1.800898724,0.003943181,0.000325947,-0.003901288,-0.000573256,0.000325947,,,
1786043816736268822,1786043816.735276565,/novatel/oem7/odom,/novatel/oem7/fix,/novatel/oem7/odom,39.663,-75.756,-1.800898724,0.003943181,0.000325947,-0.003901288,-0.000573256,0.000325947,,,
1786043816745661947,1786043816.744935080,/novatel/oem7/inspva,/novatel/oem7/inspva,/novatel/oem7/inspva,39.663,-75.756,-1.800890339,0.004464790,0.000439809,-0.000832822,-0.004386428,0.000439809,,novatel_oem7_msgs.msg.InertialSolutionStatus(status=3),
1786043816747142212,1786043816.745126529,/novatel/oem7/fix,/novatel/oem7/fix,/novatel/oem7/inspva,39.663,-75.756,-1.800890339,0.004464790,0.000439809,-0.000832822,-0.004386428,0.000439809,,0,
1786043816748613707,1786043816.745534206,/novatel/oem7/odom,/novatel/oem7/fix,/novatel/oem7/odom,39.663,-75.756,-1.800890339,0.004466576,0.000421282,-0.004423381,-0.000619675,0.000421282,,,
1786043816756915194,1786043816.755863417,/novatel/oem7/odom,/novatel/oem7/fix,/novatel/oem7/odom,39.663,-75.756,-1.800890339,0.004466576,0.000421282,-0.004423381,-0.000619675,0.000421282,,,
1786043816767446551,1786043816.766458371,/novatel/oem7/inspva,/novatel/oem7/inspva,/novatel/oem7/inspva,39.663,-75.756,-1.800880942,0.004267323,0.000682553,-0.000318768,-0.004255400,0.000682553,,novatel_oem7_msgs.msg.InertialSolutionStatus(status=3),
1786043816769083467,1786043816.766709637,/novatel/oem7/fix,/novatel/oem7/fix,/novatel/oem7/inspva,39.663,-75.756,-1.800880942,0.004267323,0.000682553,-0.000318768,-0.004255400,0.000682553,,0,
1786043816770256996,1786043816.767054657,/novatel/oem7/odom,/novatel/oem7/fix,/novatel/oem7/odom,39.663,-75.756,-1.800880942,0.004269953,0.000665898,-0.004268451,-0.000113249,0.000665898,,,
1786043816775634103,1786043816.774891060,/novatel/oem7/odom,/novatel/oem7/fix,/novatel/oem7/odom,39.663,-75.756,-1.800880942,0.004269953,0.000665898,-0.004268451,-0.000113249,0.000665898,,,
1786043816785793883,1786043816.784964402,/novatel/oem7/inspva,/novatel/oem7/inspva,/novatel/oem7/inspva,39.663,-75.756,-1.800874165,0.004173248,0.000616520,-0.000616470,-0.004127464,0.000616520,,novatel_oem7_msgs.msg.InertialSolutionStatus(status=3),
1786043816787991642,1786043816.785161994,/novatel/oem7/fix,/novatel/oem7/fix,/novatel/oem7/inspva,39.663,-75.756,-1.800874165,0.004173248,0.000616520,-0.000616470,-0.004127464,0.000616520,,0,
1786043816789208834,1786043816.785478940,/novatel/oem7/odom,/novatel/oem7/fix,/novatel/oem7/odom,39.663,-75.756,-1.800874165,0.004175723,0.000599525,-0.004154883,-0.000416661,0.000599525,,,
1786043816795621169,1786043816.794638256,/novatel/oem7/odom,/novatel/oem7/fix,/novatel/oem7/odom,39.663,-75.756,-1.800874165,0.004175723,0.000599525,-0.004154883,-0.000416661,0.000599525,,,
1786043816807382221,1786043816.806490575,/novatel/oem7/inspva,/novatel/oem7/inspva,/novatel/oem7/inspva,39.663,-75.756,-1.800865582,0.003957938,0.000550626,-0.000716189,-0.003892601,0.000550626,,novatel_oem7_msgs.msg.InertialSolutionStatus(status=3),
1786043816809255847,1786043816.806745508,/novatel/oem7/fix,/novatel/oem7/fix,/novatel/oem7/inspva,39.663,-75.756,-1.800865582,0.003957938,0.000550626,-0.000716189,-0.003892601,0.000550626,,0,
1786043816810744532,1786043816.807295784,/novatel/oem7/odom,/novatel/oem7/fix,/novatel/oem7/odom,39.663,-75.756,-1.800865582,0.003960187,0.000534208,-0.003924898,-0.000527505,0.000534208,,,
1786043816812369679,1786043816.810245267,/novatel/oem7/bestpos,/novatel/oem7/bestpos,/novatel/oem7/odom,39.663,-75.756,33.181483475,0.003960187,0.000534208,-0.003924898,-0.000527505,0.000534208,,novatel_oem7_msgs.msg.SolutionStatus(status=0),novatel_oem7_msgs.msg.PositionOrVelocityType(type=53)
1786043816813405575,1786043816.810775616,/novatel/oem7/bestvel,/novatel/oem7/bestpos,/novatel/oem7/bestvel,39.663,-75.756,33.181483475,0.003984498,0.000701347,,,,255.321119799,novatel_oem7_msgs.msg.SolutionStatus(status=0),novatel_oem7_msgs.msg.PositionOrVelocityType(type=53)
1786043816815623035,1786043816.814717979,/novatel/oem7/odom,/novatel/oem7/bestpos,/novatel/oem7/odom,39.663,-75.756,33.181483475,0.003960187,0.000534208,-0.003924898,-0.000527505,0.000534208,,,
1786043816827004673,1786043816.826110114,/novatel/oem7/inspva,/novatel/oem7/inspva,/novatel/oem7/inspva,39.663,-75.756,-1.800854571,0.003698827,0.000969820,-0.000561804,-0.003655912,0.000969820,,novatel_oem7_msgs.msg.InertialSolutionStatus(status=3),
1786043816828668190,1786043816.826393660,/novatel/oem7/fix,/novatel/oem7/fix,/novatel/oem7/inspva,39.663,-75.756,-1.800854571,0.003698827,0.000969820,-0.000561804,-0.003655912,0.000969820,,0,
1786043816829883796,1786043816.827029223,/novatel/oem7/odom,/novatel/oem7/fix,/novatel/oem7/odom,39.663,-75.756,-1.800854571,0.003702761,0.000954688,-0.003682593,-0.000385941,0.000954688,,,
1786043816835447555,1786043816.834582469,/novatel/oem7/odom,/novatel/oem7/fix,/novatel/oem7/odom,39.663,-75.756,-1.800854571,0.003702761,0.000954688,-0.003682593,-0.000385941,0.000954688,,,
1786043816845671768,1786043816.845116940,/novatel/oem7/inspva,/novatel/oem7/inspva,/novatel/oem7/inspva,39.663,-75.756,-1.800849960,0.003870277,0.000261694,-0.000887306,-0.003767192,0.000261694,,novatel_oem7_msgs.msg.InertialSolutionStatus(status=3),
1786043816846524274,1786043816.845351855,/novatel/oem7/fix,/novatel/oem7/fix,/novatel/oem7/inspva,39.663,-75.756,-1.800849960,0.003870277,0.000261694,-0.000887306,-0.003767192,0.000261694,,0,
1786043816847163902,1786043816.845876990,/novatel/oem7/odom,/novatel/oem7/fix,/novatel/oem7/odom,39.663,-75.756,-1.800849960,0.003871354,0.000245241,-0.003806841,-0.000703808,0.000245241,,,
1786043816856978577,1786043816.856389947,/novatel/oem7/odom,/novatel/oem7/fix,/novatel/oem7/odom,39.663,-75.756,-1.800849960,0.003871354,0.000245241,-0.003806841,-0.000703808,0.000245241,,,
1786043816865610646,1786043816.865051121,/novatel/oem7/inspva,/novatel/oem7/inspva,/novatel/oem7/inspva,39.663,-75.756,-1.800837124,0.003650638,0.000540771,-0.000703980,-0.003582118,0.000540771,,novatel_oem7_msgs.msg.InertialSolutionStatus(status=3),
1786043816866582604,1786043816.865319030,/novatel/oem7/fix,/novatel/oem7/fix,/novatel/oem7/inspva,39.663,-75.756,-1.800837124,0.003650638,0.000540771,-0.000703980,-0.003582118,0.000540771,,0,
1786043816867353636,1786043816.865928326,/novatel/oem7/odom,/novatel/oem7/fix,/novatel/oem7/odom,39.663,-75.756,-1.800837124,0.003652859,0.000525559,-0.003614142,-0.000530428,0.000525559,,,
1786043816875047421,1786043816.874557420,/novatel/oem7/odom,/novatel/oem7/fix,/novatel/oem7/odom,39.663,-75.756,-1.800837124,0.003652859,0.000525559,-0.003614142,-0.000530428,0.000525559,,,
1786043816887216508,1786043816.886552505,/novatel/oem7/inspva,/novatel/oem7/inspva,/novatel/oem7/inspva,39.663,-75.756,-1.800824207,0.003947006,0.000986979,-0.000692514,-0.003885779,0.000986979,,novatel_oem7_msgs.msg.InertialSolutionStatus(status=3),
1786043816888194286,1786043816.886793651,/novatel/oem7/fix,/novatel/oem7/fix,/novatel/oem7/inspva,39.663,-75.756,-1.800824207,0.003947006,0.000986979,-0.000692514,-0.003885779,0.000986979,,0,
1786043816888798009,1786043816.887561772,/novatel/oem7/odom,/novatel/oem7/fix,/novatel/oem7/odom,39.663,-75.756,-1.800824207,0.003951064,0.000970604,-0.003918608,-0.000505390,0.000970604,,,
1786043816895073592,1786043816.894563729,/novatel/oem7/odom,/novatel/oem7/fix,/novatel/oem7/odom,39.663,-75.756,-1.800824207,0.003951064,0.000970604,-0.003918608,-0.000505390,0.000970604,,,
1786043816906356370,1786043816.905772595,/novatel/oem7/inspva,/novatel/oem7/inspva,/novatel/oem7/inspva,39.663,-75.756,-1.800816126,0.003733280,0.000664972,-0.000637610,-0.003678428,0.000664972,,novatel_oem7_msgs.msg.InertialSolutionStatus(status=3),
1786043816907520663,1786043816.905938639,/novatel/oem7/fix,/novatel/oem7/fix,/novatel/oem7/inspva,39.663,-75.756,-1.800816126,0.003733280,0.000664972,-0.000637610,-0.003678428,0.000664972,,0,
1786043816908124793,1786043816.906448610,/novatel/oem7/odom,/novatel/oem7/fix,/novatel/oem7/odom,39.663,-75.756,-1.800816126,0.003736003,0.000649495,-0.003707599,-0.000459816,0.000649495,,,
1786043816909714733,1786043816.909296278,/novatel/oem7/bestpos,/novatel/oem7/bestpos,/novatel/oem7/odom,39.663,-75.756,33.181527772,0.003736003,0.000649495,-0.003707599,-0.000459816,0.000649495,,novatel_oem7_msgs.msg.SolutionStatus(status=0),novatel_oem7_msgs.msg.PositionOrVelocityType(type=53)
1786043816910456718,1786043816.909898373,/novatel/oem7/bestvel,/novatel/oem7/bestpos,/novatel/oem7/bestvel,39.663,-75.756,33.181527772,0.003367709,0.000400859,,,,261.632028276,novatel_oem7_msgs.msg.SolutionStatus(status=0),novatel_oem7_msgs.msg.PositionOrVelocityType(type=53)
1786043816915578512,1786043816.914632119,/novatel/oem7/odom,/novatel/oem7/bestpos,/novatel/oem7/odom,39.663,-75.756,33.181527772,0.003736003,0.000649495,-0.003707599,-0.000459816,0.000649495,,,
1786043816926234913,1786043816.925365410,/novatel/oem7/inspva,/novatel/oem7/inspva,/novatel/oem7/inspva,39.663,-75.756,-1.800803175,0.003774176,0.000829552,-0.000687851,-0.003710965,0.000829552,,novatel_oem7_msgs.msg.InertialSolutionStatus(status=3),
1786043816927864309,1786043816.926211824,/novatel/oem7/fix,/novatel/oem7/fix,/novatel/oem7/inspva,39.663,-75.756,-1.800803175,0.003774176,0.000829552,-0.000687851,-0.003710965,0.000829552,,0,
1786043816929743898,1786043816.927465278,/novatel/oem7/odom,/novatel/oem7/fix,/novatel/oem7/odom,39.663,-75.756,-1.800803175,0.003777599,0.000813819,-0.003743173,-0.000508833,0.000813819,,,
1786043816935373772,1786043816.934713335,/novatel/oem7/odom,/novatel/oem7/fix,/novatel/oem7/odom,39.663,-75.756,-1.800803175,0.003777599,0.000813819,-0.003743173,-0.000508833,0.000813819,,,
1786043816947243742,1786043816.946071363,/novatel/oem7/inspva,/novatel/oem7/inspva,/novatel/oem7/inspva,39.663,-75.756,-1.800793418,0.003854890,0.000834732,-0.000598039,-0.003808218,0.000834732,,novatel_oem7_msgs.msg.InertialSolutionStatus(status=3),
1786043816949319189,1786043816.946474240,/novatel/oem7/fix,/novatel/oem7/fix,/novatel/oem7/inspva,39.663,-75.756,-1.800793418,0.003854890,0.000834732,-0.000598039,-0.003808218,0.000834732,,0,
1786043816950863749,1786043816.947128324,/novatel/oem7/odom,/novatel/oem7/fix,/novatel/oem7/odom,39.663,-75.756,-1.800793418,0.003858286,0.000818890,-0.003835964,-0.000414432,0.000818890,,,
1786043816956597170,1786043816.955758971,/novatel/oem7/odom,/novatel/oem7/fix,/novatel/oem7/odom,39.663,-75.756,-1.800793418,0.003858286,0.000818890,-0.003835964,-0.000414432,0.000818890,,,
1786043816965801270,1786043816.965073848,/novatel/oem7/inspva,/novatel/oem7/inspva,/novatel/oem7/inspva,39.663,-75.756,-1.800782981,0.003669856,0.000779656,-0.001125149,-0.003493120,0.000779656,,novatel_oem7_msgs.msg.InertialSolutionStatus(status=3),
1786043816967373289,1786043816.965471836,/novatel/oem7/fix,/novatel/oem7/fix,/novatel/oem7/inspva,39.663,-75.756,-1.800782981,0.003669856,0.000779656,-0.001125149,-0.003493120,0.000779656,,0,
1786043816968402446,1786043816.966129939,/novatel/oem7/odom,/novatel/oem7/fix,/novatel/oem7/odom,39.663,-75.756,-1.800782981,0.003673258,0.000763467,-0.003546650,-0.000956087,0.000763467,,,
1786043816976462910,1786043816.975499888,/novatel/oem7/odom,/novatel/oem7/fix,/novatel/oem7/odom,39.663,-75.756,-1.800782981,0.003673258,0.000763467,-0.003546650,-0.000956087,0.000763467,,,
1786043816985819075,1786043816.985007760,/novatel/oem7/inspva,/novatel/oem7/inspva,/novatel/oem7/inspva,39.663,-75.756,-1.800773097,0.003747868,0.000679246,-0.000814148,-0.003658371,0.000679246,,novatel_oem7_msgs.msg.InertialSolutionStatus(status=3),
1786043816987676244,1786043816.985293280,/novatel/oem7/fix,/novatel/oem7/fix,/novatel/oem7/inspva,39.663,-75.756,-1.800773097,0.003747868,0.000679246,-0.000814148,-0.003658371,0.000679246,,0,
1786043816988994004,1786043816.985859859,/novatel/oem7/odom,/novatel/oem7/fix,/novatel/oem7/odom,39.663,-75.756,-1.800773097,0.003750726,0.000663285,-0.003696217,-0.000637122,0.000663285,,,
1786043816995325748,1786043816.994483436,/novatel/oem7/odom,/novatel/oem7/fix,/novatel/oem7/odom,39.663,-75.756,-1.800773097,0.003750726,0.000663285,-0.003696217,-0.000637122,0.000663285,,,
1786043817009198192,1786043817.008380796,/novatel/oem7/inspva,/novatel/oem7/inspva,/novatel/oem7/inspva,39.663,-75.756,-1.800761450,0.004078897,0.000739231,-0.000953773,-0.003965819,0.000739231,,novatel_oem7_msgs.msg.InertialSolutionStatus(status=3),
1786043817010786355,1786043817.008649723,/novatel/oem7/fix,/novatel/oem7/fix,/novatel/oem7/inspva,39.663,-75.756,-1.800761450,0.004078897,0.000739231,-0.000953773,-0.003965819,0.000739231,,0,
1786043817012330360,1786043817.011096891,/novatel/oem7/odom,/novatel/oem7/fix,/novatel/oem7/odom,39.663,-75.756,-1.800761450,0.004082034,0.000721708,-0.004010314,-0.000761831,0.000721708,,,
1786043817016350154,1786043817.015705280,/novatel/oem7/odom,/novatel/oem7/fix,/novatel/oem7/odom,39.663,-75.756,-1.800761450,0.004082034,0.000721708,-0.004010314,-0.000761831,0.000721708,,,
1786043817025553574,1786043817.024912304,/novatel/oem7/bestpos,/novatel/oem7/bestpos,/novatel/oem7/odom,39.663,-75.756,33.181582823,0.004082034,0.000721708,-0.004010314,-0.000761831,0.000721708,,novatel_oem7_msgs.msg.SolutionStatus(status=0),novatel_oem7_msgs.msg.PositionOrVelocityType(type=53)
1786043817026958514,1786043817.025589974,/novatel/oem7/bestvel,/novatel/oem7/bestpos,/novatel/oem7/bestvel,39.663,-75.756,33.181582823,0.003852460,0.000577598,,,,257.059638670,novatel_oem7_msgs.msg.SolutionStatus(status=0),novatel_oem7_msgs.msg.PositionOrVelocityType(type=53)
1786043817028305105,1786043817.026741916,/novatel/oem7/inspva,/novatel/oem7/inspva,/novatel/oem7/inspva,39.663,-75.756,-1.800751159,0.003766334,0.000773930,-0.000705647,-0.003699640,0.000773930,,novatel_oem7_msgs.msg.InertialSolutionStatus(status=3),
1786043817029140360,1786043817.026907744,/novatel/oem7/fix,/novatel/oem7/fix,/novatel/oem7/inspva,39.663,-75.756,-1.800751159,0.003766334,0.000773930,-0.000705647,-0.003699640,0.000773930,,0,
1786043817030152013,1786043817.027146531,/novatel/oem7/odom,/novatel/oem7/fix,/novatel/oem7/odom,39.663,-75.756,-1.800751159,0.003769566,0.000758034,-0.003732545,-0.000527005,0.000758034,,,
1786043817035464820,1786043817.034687187,/novatel/oem7/odom,/novatel/oem7/fix,/novatel/oem7/odom,39.663,-75.756,-1.800751159,0.003769566,0.000758034,-0.003732545,-0.000527005,0.000758034,,,
1786043817046124872,1786043817.045287146,/novatel/oem7/inspva,/novatel/oem7/inspva,/novatel/oem7/inspva,39.663,-75.756,-1.800747309,0.004017464,0.000777742,-0.000834694,-0.003929797,0.000777742,,novatel_oem7_msgs.msg.InertialSolutionStatus(status=3),
1786043817047936126,1786043817.045648640,/novatel/oem7/fix,/novatel/oem7/fix,/novatel/oem7/inspva,39.663,-75.756,-1.800747309,0.004017464,0.000777742,-0.000834694,-0.003929797,0.000777742,,0,
1786043817049510709,1786043817.046073434,/novatel/oem7/odom,/novatel/oem7/fix,/novatel/oem7/odom,39.663,-75.756,-1.800747309,0.004020744,0.000760606,-0.003968721,-0.000644697,0.000760606,,,
1786043817057334901,1786043817.056550443,/novatel/oem7/odom,/novatel/oem7/fix,/novatel/oem7/odom,39.663,-75.756,-1.800747309,0.004020744,0.000760606,-0.003968721,-0.000644697,0.000760606,,,
1786043817066631629,1786043817.066038423,/novatel/oem7/inspva,/novatel/oem7/inspva,/novatel/oem7/inspva,39.663,-75.756,-1.800745739,0.003599665,0.000764925,-0.000599236,-0.003549437,0.000764925,,novatel_oem7_msgs.msg.InertialSolutionStatus(status=3),
1786043817068013453,1786043817.066213771,/novatel/oem7/fix,/novatel/oem7/fix,/novatel/oem7/inspva,39.663,-75.756,-1.800745739,0.003599665,0.000764925,-0.000599236,-0.003549437,0.000764925,,0,
1786043817069090207,1786043817.066543247,/novatel/oem7/odom,/novatel/oem7/fix,/novatel/oem7/odom,39.663,-75.756,-1.800745739,0.003602822,0.000749918,-0.003577305,-0.000428035,0.000749918,,,
1786043817075874516,1786043817.075137978,/novatel/oem7/odom,/novatel/oem7/fix,/novatel/oem7/odom,39.663,-75.756,-1.800745739,0.003602822,0.000749918,-0.003577305,-0.000428035,0.000749918,,,
1786043817085901654,1786043817.085336352,/novatel/oem7/inspva,/novatel/oem7/inspva,/novatel/oem7/inspva,39.663,-75.756,-1.800736557,0.003747433,0.001179752,-0.001175811,-0.003558191,0.001179752,,novatel_oem7_msgs.msg.InertialSolutionStatus(status=3),
1786043817087243294,1786043817.085460557,/novatel/oem7/fix,/novatel/oem7/fix,/novatel/oem7/inspva,39.663,-75.756,-1.800736557,0.003747433,0.001179752,-0.001175811,-0.003558191,0.001179752,,0,
1786043817088288998,1786043817.086257138,/novatel/oem7/odom,/novatel/oem7/fix,/novatel/oem7/odom,39.663,-75.756,-1.800736557,0.003752645,0.001163068,-0.003615676,-0.001004604,0.001163068,,,
1786043817096376003,1786043817.095714959,/novatel/oem7/odom,/novatel/oem7/fix,/novatel/oem7/odom,39.663,-75.756,-1.800736557,0.003752645,0.001163068,-0.003615676,-0.001004604,0.001163068,,,
1786043817106154399,1786043817.105655824,/novatel/oem7/inspva,/novatel/oem7/inspva,/novatel/oem7/inspva,39.663,-75.756,-1.800735128,0.003381405,0.000909764,-0.000882248,-0.003264282,0.000909764,,novatel_oem7_msgs.msg.InertialSolutionStatus(status=3),
1786043817107500386,1786043817.105738497,/novatel/oem7/fix,/novatel/oem7/fix,/novatel/oem7/inspva,39.663,-75.756,-1.800735128,0.003381405,0.000909764,-0.000882248,-0.003264282,0.000909764,,0,
1786043817108537263,1786043817.106201555,/novatel/oem7/odom,/novatel/oem7/fix,/novatel/oem7/odom,39.663,-75.756,-1.800735128,0.003385340,0.000895007,-0.003306807,-0.000724953,0.000895007,,,
1786043817110063751,1786043817.108999341,/novatel/oem7/bestpos,/novatel/oem7/bestpos,/novatel/oem7/odom,39.663,-75.756,33.181581408,0.003385340,0.000895007,-0.003306807,-0.000724953,0.000895007,,novatel_oem7_msgs.msg.SolutionStatus(status=0),novatel_oem7_msgs.msg.PositionOrVelocityType(type=53)
1786043817110995271,1786043817.109459368,/novatel/oem7/bestvel,/novatel/oem7/bestpos,/novatel/oem7/bestvel,39.663,-75.756,33.181581408,0.003413667,0.000885969,,,,256.598830288,novatel_oem7_msgs.msg.SolutionStatus(status=0),novatel_oem7_msgs.msg.PositionOrVelocityType(type=53)
1786043817114964668,1786043817.114303971,/novatel/oem7/odom,/novatel/oem7/bestpos,/novatel/oem7/odom,39.663,-75.756,33.181581408,0.003385340,0.000895007,-0.003306807,-0.000724953,0.000895007,,,
1786043817127215098,1786043817.126712764,/novatel/oem7/inspva,/novatel/oem7/inspva,/novatel/oem7/inspva,39.663,-75.756,-1.800731267,0.003979214,0.000532248,-0.000901155,-0.003875831,0.000532248,,novatel_oem7_msgs.msg.InertialSolutionStatus(status=3),
1786043817128567128,1786043817.126795067,/novatel/oem7/fix,/novatel/oem7/fix,/novatel/oem7/inspva,39.663,-75.756,-1.800731267,0.003979214,0.000532248,-0.000901155,-0.003875831,0.000532248,,0,
1786043817129607596,1786043817.127255315,/novatel/oem7/odom,/novatel/oem7/fix,/novatel/oem7/odom,39.663,-75.756,-1.800731267,0.003981466,0.000515136,-0.003917077,-0.000713144,0.000515136,,,
1786043817135278236,1786043817.134618667,/novatel/oem7/odom,/novatel/oem7/fix,/novatel/oem7/odom,39.663,-75.756,-1.800731267,0.003981466,0.000515136,-0.003917077,-0.000713144,0.000515136,,,
1786043817145814730,1786043817.145254350,/novatel/oem7/inspva,/novatel/oem7/inspva,/novatel/oem7/inspva,39.663,-75.756,-1.800725986,0.003581327,0.000680677,-0.000911767,-0.003463320,0.000680677,,novatel_oem7_msgs.msg.InertialSolutionStatus(status=3),
1786043817147188434,1786043817.145414596,/novatel/oem7/fix,/novatel/oem7/fix,/novatel/oem7/inspva,39.663,-75.756,-1.800725986,0.003581327,0.000680677,-0.000911767,-0.003463320,0.000680677,,0,
1786043817148256804,1786043817.145832460,/novatel/oem7/odom,/novatel/oem7/fix,/novatel/oem7/odom,39.663,-75.756,-1.800725986,0.003584256,0.000665083,-0.003506154,-0.000744162,0.000665083,,,
1786043817156764490,1786043817.156075213,/novatel/oem7/odom,/novatel/oem7/fix,/novatel/oem7/odom,39.663,-75.756,-1.800725986,0.003584256,0.000665083,-0.003506154,-0.000744162,0.000665083,,,
1786043817165917159,1786043817.165369590,/novatel/oem7/inspva,/novatel/oem7/inspva,/novatel/oem7/inspva,39.663,-75.756,-1.800716694,0.003525339,0.000966367,-0.000821676,-0.003428244,0.000966367,,novatel_oem7_msgs.msg.InertialSolutionStatus(status=3),
1786043817167288923,1786043817.165541422,/novatel/oem7/fix,/novatel/oem7/fix,/novatel/oem7/inspva,39.663,-75.756,-1.800716694,0.003525339,0.000966367,-0.000821676,-0.003428244,0.000966367,,0,
1786043817168383448,1786043817.166200606,/novatel/oem7/odom,/novatel/oem7/fix,/novatel/oem7/odom,39.663,-75.756,-1.800716694,0.003529482,0.000951123,-0.003467869,-0.000656603,0.000951123,,,
1786043817176171040,1786043817.175480993,/novatel/oem7/odom,/novatel/oem7/fix,/novatel/oem7/odom,39.663,-75.756,-1.800716694,0.003529482,0.000951123,-0.003467869,-0.000656603,0.000951123,,,
1786043817186904658,1786043817.186362810,/novatel/oem7/inspva,/novatel/oem7/inspva,/novatel/oem7/inspva,39.663,-75.756,-1.800713698,0.003411689,0.000782441,-0.000801590,-0.003316184,0.000782441,,novatel_oem7_msgs.msg.InertialSolutionStatus(status=3),
1786043817188247849,1786043817.186568962,/novatel/oem7/fix,/novatel/oem7/fix,/novatel/oem7/inspva,39.663,-75.756,-1.800713698,0.003411689,0.000782441,-0.000801590,-0.003316184,0.000782441,,0,
1786043817189297939,1786043817.187182621,/novatel/oem7/odom,/novatel/oem7/fix,/novatel/oem7/odom,39.663,-75.756,-1.800713698,0.003415051,0.000767638,-0.003354251,-0.000641537,0.000767638,,,
1786043817195167115,1786043817.194508882,/novatel/oem7/odom,/novatel/oem7/fix,/novatel/oem7/odom,39.663,-75.756,-1.800713698,0.003415051,0.000767638,-0.003354251,-0.000641537,0.000767638,,,
1786043817208371565,1786043817.206477963,/novatel/oem7/inspva,/novatel/oem7/inspva,/novatel/oem7/inspva,39.663,-75.756,-1.800705831,0.003251748,0.000851147,-0.000914751,-0.003120432,0.000851147,,novatel_oem7_msgs.msg.InertialSolutionStatus(status=3),
1786043817209750329,1786043817.206770212,/novatel/oem7/fix,/novatel/oem7/fix,/novatel/oem7/inspva,39.663,-75.756,-1.800705831,0.003251748,0.000851147,-0.000914751,-0.003120432,0.000851147,,0,
1786043817210823447,1786043817.207952801,/novatel/oem7/odom,/novatel/oem7/fix,/novatel/oem7/odom,39.663,-75.756,-1.800705831,0.003255483,0.000836750,-0.003164503,-0.000764256,0.000836750,,,
1786043817212292048,1786043817.209935388,/novatel/oem7/bestpos,/novatel/oem7/bestpos,/novatel/oem7/odom,39.663,-75.756,33.181601938,0.003255483,0.000836750,-0.003164503,-0.000764256,0.000836750,,novatel_oem7_msgs.msg.SolutionStatus(status=0),novatel_oem7_msgs.msg.PositionOrVelocityType(type=53)
1786043817213243638,1786043817.210340308,/novatel/oem7/bestvel,/novatel/oem7/bestpos,/novatel/oem7/bestvel,39.663,-75.756,33.181601938,0.003051278,0.000621720,,,,257.865741347,novatel_oem7_msgs.msg.SolutionStatus(status=0),novatel_oem7_msgs.msg.PositionOrVelocityType(type=53)
1786043817216191931,1786043817.215485789,/novatel/oem7/odom,/novatel/oem7/bestpos,/novatel/oem7/odom,39.663,-75.756,33.181601938,0.003255483,0.000836750,-0.003164503,-0.000764256,0.000836750,,,
1786043817225647163,1786043817.225075487,/novatel/oem7/inspva,/novatel/oem7/inspva,/novatel/oem7/inspva,39.663,-75.756,-1.800698292,0.003170641,0.000982086,-0.001069707,-0.002984743,0.000982086,,novatel_oem7_msgs.msg.InertialSolutionStatus(status=3),
1786043817227006631,1786043817.225273356,/novatel/oem7/fix,/novatel/oem7/fix,/novatel/oem7/inspva,39.663,-75.756,-1.800698292,0.003170641,0.000982086,-0.001069707,-0.002984743,0.000982086,,0,
1786043817228056288,1786043817.225610400,/novatel/oem7/odom,/novatel/oem7/fix,/novatel/oem7/odom,39.663,-75.756,-1.800698292,0.003175040,0.000967769,-0.003037015,-0.000925971,0.000967769,,,
1786043817234998865,1786043817.234329885,/novatel/oem7/odom,/novatel/oem7/fix,/novatel/oem7/odom,39.663,-75.756,-1.800698292,0.003175040,0.000967769,-0.003037015,-0.000925971,0.000967769,,,
1786043817247390907,1786043817.246615795,/novatel/oem7/inspva,/novatel/oem7/inspva,/novatel/oem7/inspva,39.663,-75.756,-1.800689792,0.003078699,0.000743010,-0.000703480,-0.002997249,0.000743010,,novatel_oem7_msgs.msg.InertialSolutionStatus(status=3),
1786043817249232388,1786043817.246905452,/novatel/oem7/fix,/novatel/oem7/fix,/novatel/oem7/inspva,39.663,-75.756,-1.800689792,0.003078699,0.000743010,-0.000703480,-0.002997249,0.000743010,,0,
1786043817250650066,1786043817.247650493,/novatel/oem7/odom,/novatel/oem7/fix,/novatel/oem7/odom,39.663,-75.756,-1.800689792,0.003081885,0.000729684,-0.003030771,-0.000558961,0.000729684,,,
1786043817257462392,1786043817.256535325,/novatel/oem7/odom,/novatel/oem7/fix,/novatel/oem7/odom,39.663,-75.756,-1.800689792,0.003081885,0.000729684,-0.003030771,-0.000558961,0.000729684,,,
1786043817265452906,1786043817.264872717,/novatel/oem7/inspva,/novatel/oem7/inspva,/novatel/oem7/inspva,39.663,-75.756,-1.800679056,0.003218404,0.000854202,-0.000932463,-0.003080363,0.000854202,,novatel_oem7_msgs.msg.InertialSolutionStatus(status=3),
1786043817267530463,1786043817.265035715,/novatel/oem7/fix,/novatel/oem7/fix,/novatel/oem7/inspva,39.663,-75.756,-1.800679056,0.003218404,0.000854202,-0.000932463,-0.003080363,0.000854202,,0,
1786043817269415406,1786043817.265411636,/novatel/oem7/odom,/novatel/oem7/fix,/novatel/oem7/odom,39.663,-75.756,-1.800679056,0.003222171,0.000839881,-0.003125355,-0.000783924,0.000839881,,,
1786043817276572452,1786043817.275694749,/novatel/oem7/odom,/novatel/oem7/fix,/novatel/oem7/odom,39.663,-75.756,-1.800679056,0.003222171,0.000839881,-0.003125355,-0.000783924,0.000839881,,,
1786043817286283630,1786043817.285491822,/novatel/oem7/inspva,/novatel/oem7/inspva,/novatel/oem7/inspva,39.663,-75.756,-1.800662437,0.002905127,0.001356244,-0.000735018,-0.002810607,0.001356244,,novatel_oem7_msgs.msg.InertialSolutionStatus(status=3),
1786043817288015750,1786043817.285811155,/novatel/oem7/fix,/novatel/oem7/fix,/novatel/oem7/inspva,39.663,-75.756,-1.800662437,0.002905127,0.001356244,-0.000735018,-0.002810607,0.001356244,,0,
1786043817289475262,1786043817.286504748,/novatel/oem7/odom,/novatel/oem7/fix,/novatel/oem7/odom,39.663,-75.756,-1.800662437,0.002911033,0.001343521,-0.002848297,-0.000601097,0.001343521,,,
1786043817295694811,1786043817.294817196,/novatel/oem7/odom,/novatel/oem7/fix,/novatel/oem7/odom,39.663,-75.756,-1.800662437,0.002911033,0.001343521,-0.002848297,-0.000601097,0.001343521,,,
1786043817306681829,1786043817.305830097,/novatel/oem7/inspva,/novatel/oem7/inspva,/novatel/oem7/inspva,39.663,-75.756,-1.800655534,0.003132279,0.001151256,-0.000889789,-0.003003239,0.001151256,,novatel_oem7_msgs.msg.InertialSolutionStatus(status=3),
1786043817308398857,1786043817.305995404,/novatel/oem7/fix,/novatel/oem7/fix,/novatel/oem7/inspva,39.663,-75.756,-1.800655534,0.003132279,0.001151256,-0.000889789,-0.003003239,0.001151256,,0,
1786043817309524861,1786043817.306408120,/novatel/oem7/odom,/novatel/oem7/fix,/novatel/oem7/odom,39.663,-75.756,-1.800655534,0.003137343,0.001137382,-0.003047410,-0.000745798,0.001137382,,,
1786043817310984010,1786043817.308965988,/novatel/oem7/bestpos,/novatel/oem7/bestpos,/novatel/oem7/odom,39.663,-75.756,33.181660847,0.003137343,0.001137382,-0.003047410,-0.000745798,0.001137382,,novatel_oem7_msgs.msg.SolutionStatus(status=0),novatel_oem7_msgs.msg.PositionOrVelocityType(type=53)
1786043817311897062,1786043817.309353219,/novatel/oem7/bestvel,/novatel/oem7/bestpos,/novatel/oem7/bestvel,39.663,-75.756,33.181660847,0.003443639,0.001430191,,,,250.364276952,novatel_oem7_msgs.msg.SolutionStatus(status=0),novatel_oem7_msgs.msg.PositionOrVelocityType(type=53)
1786043817315178208,1786043817.314533822,/novatel/oem7/odom,/novatel/oem7/bestpos,/novatel/oem7/odom,39.663,-75.756,33.181660847,0.003137343,0.001137382,-0.003047410,-0.000745798,0.001137382,,,
1786043817325783865,1786043817.325257836,/novatel/oem7/inspva,/novatel/oem7/inspva,/novatel/oem7/inspva,39.663,-75.756,-1.800644957,0.002513835,0.001026889,-0.000539768,-0.002455202,0.001026889,,novatel_oem7_msgs.msg.InertialSolutionStatus(status=3),
1786043817327074785,1786043817.325343417,/novatel/oem7/fix,/novatel/oem7/fix,/novatel/oem7/inspva,39.663,-75.756,-1.800644957,0.002513835,0.001026889,-0.000539768,-0.002455202,0.001026889,,0,
1786043817328096189,1786043817.326010508,/novatel/oem7/odom,/novatel/oem7/fix,/novatel/oem7/odom,39.663,-75.756,-1.800644957,0.002518231,0.001016061,-0.002482533,-0.000422514,0.001016061,,,
1786043817337165634,1786043817.335604391,/novatel/oem7/odom,/novatel/oem7/fix,/novatel/oem7/odom,39.663,-75.756,-1.800644957,0.002518231,0.001016061,-0.002482533,-0.000422514,0.001016061,,,
1786043817346014894,1786043817.345078715,/novatel/oem7/inspva,/novatel/oem7/inspva,/novatel/oem7/inspva,39.663,-75.756,-1.800633485,0.002816348,0.001084737,-0.000912777,-0.002664330,0.001084737,,novatel_oem7_msgs.msg.InertialSolutionStatus(status=3),
1786043817348112915,1786043817.345346113,/novatel/oem7/fix,/novatel/oem7/fix,/novatel/oem7/inspva,39.663,-75.756,-1.800633485,0.002816348,0.001084737,-0.000912777,-0.002664330,0.001084737,,0,
1786043817349617206,1786043817.346231479,/novatel/oem7/odom,/novatel/oem7/fix,/novatel/oem7/odom,39.663,-75.756,-1.800633485,0.002821195,0.001072068,-0.002709765,-0.000785057,0.001072068,,,
1786043817356411499,1786043817.355563193,/novatel/oem7/odom,/novatel/oem7/fix,/novatel/oem7/odom,39.663,-75.756,-1.800633485,0.002821195,0.001072068,-0.002709765,-0.000785057,0.001072068,,,
1786043817367595492,1786043817.366550221,/novatel/oem7/inspva,/novatel/oem7/inspva,/novatel/oem7/inspva,39.663,-75.756,-1.800616206,0.002612364,0.001362582,-0.000425377,-0.002577498,0.001362582,,novatel_oem7_msgs.msg.InertialSolutionStatus(status=3),
1786043817370051667,1786043817.366743873,/novatel/oem7/fix,/novatel/oem7/fix,/novatel/oem7/inspva,39.663,-75.756,-1.800616206,0.002612364,0.001362582,-0.000425377,-0.002577498,0.001362582,,0,
1786043817371297236,1786043817.367500511,/novatel/oem7/odom,/novatel/oem7/fix,/novatel/oem7/odom,39.663,-75.756,-1.800616206,0.002618068,0.001351590,-0.002600454,-0.000303184,0.001351590,,,
1786043817375753011,1786043817.375018691,/novatel/oem7/odom,/novatel/oem7/fix,/novatel/oem7/odom,39.663,-75.756,-1.800616206,0.002618068,0.001351590,-0.002600454,-0.000303184,0.001351590,,,
1786043817385884063,1786043817.384917417,/novatel/oem7/inspva,/novatel/oem7/inspva,/novatel/oem7/inspva,39.663,-75.756,-1.800603949,0.002768818,0.001307303,-0.000829875,-0.002641527,0.001307303,,novatel_oem7_msgs.msg.InertialSolutionStatus(status=3),
1786043817387398572,1786043817.385154140,/novatel/oem7/fix,/novatel/oem7/fix,/novatel/oem7/inspva,39.663,-75.756,-1.800603949,0.002768818,0.001307303,-0.000829875,-0.002641527,0.001307303,,0,
1786043817388024237,1786043817.385853877,/novatel/oem7/odom,/novatel/oem7/fix,/novatel/oem7/odom,39.663,-75.756,-1.800603949,0.002774626,0.001294932,-0.002683840,-0.000703953,0.001294932,,,
1786043817395793788,1786043817.395430627,/novatel/oem7/odom,/novatel/oem7/fix,/novatel/oem7/odom,39.663,-75.756,-1.800603949,0.002774626,0.001294932,-0.002683840,-0.000703953,0.001294932,,,
1786043817407619862,1786043817.406508872,/novatel/oem7/inspva,/novatel/oem7/inspva,/novatel/oem7/inspva,39.663,-75.756,-1.800584738,0.002561707,0.001556341,-0.000536115,-0.002504980,0.001556341,,novatel_oem7_msgs.msg.InertialSolutionStatus(status=3),
1786043817408602758,1786043817.406804051,/novatel/oem7/fix,/novatel/oem7/fix,/novatel/oem7/inspva,39.663,-75.756,-1.800584738,0.002561707,0.001556341,-0.000536115,-0.002504980,0.001556341,,0,
1786043817409179989,1786043817.407534402,/novatel/oem7/odom,/novatel/oem7/fix,/novatel/oem7/odom,39.663,-75.756,-1.800584738,0.002568388,0.001545292,-0.002534175,-0.000417816,0.001545292,,,
1786043817410257960,1786043817.409908255,/novatel/oem7/bestpos,/novatel/oem7/bestpos,/novatel/oem7/odom,39.663,-75.756,33.181724541,0.002568388,0.001545292,-0.002534175,-0.000417816,0.001545292,,novatel_oem7_msgs.msg.SolutionStatus(status=0),novatel_oem7_msgs.msg.PositionOrVelocityType(type=53)
1786043817410940674,1786043817.410335489,/novatel/oem7/bestvel,/novatel/oem7/bestpos,/novatel/oem7/bestvel,39.663,-75.756,33.181724541,0.002370944,0.001370875,,,,261.267716840,novatel_oem7_msgs.msg.SolutionStatus(status=0),novatel_oem7_msgs.msg.PositionOrVelocityType(type=53)
1786043817414996579,1786043817.414663748,/novatel/oem7/odom,/novatel/oem7/bestpos,/novatel/oem7/odom,39.663,-75.756,33.181724541,0.002568388,0.001545292,-0.002534175,-0.000417816,0.001545292,,,
1786043817426497041,1786043817.425980786,/novatel/oem7/inspva,/novatel/oem7/inspva,/novatel/oem7/inspva,39.663,-75.756,-1.800568206,0.002608505,0.001835977,-0.000842184,-0.002468810,0.001835977,,novatel_oem7_msgs.msg.InertialSolutionStatus(status=3),
1786043817427287481,1786043817.426094898,/novatel/oem7/fix,/novatel/oem7/fix,/novatel/oem7/inspva,39.663,-75.756,-1.800568206,0.002608505,0.001835977,-0.000842184,-0.002468810,0.001835977,,0,
1786043817427858837,1786043817.426490945,/novatel/oem7/odom,/novatel/oem7/fix,/novatel/oem7/odom,39.663,-75.756,-1.800568206,0.002616762,0.001824189,-0.002514028,-0.000726021,0.001824189,,,
1786043817435366701,1786043817.434633640,/novatel/oem7/odom,/novatel/oem7/fix,/novatel/oem7/odom,39.663,-75.756,-1.800568206,0.002616762,0.001824189,-0.002514028,-0.000726021,0.001824189,,,
1786043817446491016,1786043817.445243686,/novatel/oem7/inspva,/novatel/oem7/inspva,/novatel/oem7/inspva,39.663,-75.756,-1.800551743,0.002082808,0.001362631,-0.000715959,-0.001955887,0.001362631,,novatel_oem7_msgs.msg.InertialSolutionStatus(status=3),
1786043817448729468,1786043817.445427448,/novatel/oem7/fix,/novatel/oem7/fix,/novatel/oem7/inspva,39.663,-75.756,-1.800551743,0.002082808,0.001362631,-0.000715959,-0.001955887,0.001362631,,0,
1786043817450572284,1786043817.445989318,/novatel/oem7/odom,/novatel/oem7/fix,/novatel/oem7/odom,39.663,-75.756,-1.800551743,0.002088968,0.001353170,-0.001993701,-0.000623651,0.001353170,,,
1786043817457492107,1786043817.456371296,/novatel/oem7/odom,/novatel/oem7/fix,/novatel/oem7/odom,39.663,-75.756,-1.800551743,0.002088968,0.001353170,-0.001993701,-0.000623651,0.001353170,,,
1786043817465994787,1786043817.465143301,/novatel/oem7/inspva,/novatel/oem7/inspva,/novatel/oem7/inspva,39.663,-75.756,-1.800529029,0.002307751,0.001762113,-0.000957218,-0.002099869,0.001762113,,novatel_oem7_msgs.msg.InertialSolutionStatus(status=3),
1786043817467671727,1786043817.465371830,/novatel/oem7/fix,/novatel/oem7/fix,/novatel/oem7/inspva,39.663,-75.756,-1.800529029,0.002307751,0.001762113,-0.000957218,-0.002099869,0.001762113,,0,
1786043817469084238,1786043817.465958409,/novatel/oem7/odom,/novatel/oem7/fix,/novatel/oem7/odom,39.663,-75.756,-1.800529029,0.002315882,0.001751413,-0.002150820,-0.000858652,0.001751413,,,
1786043817475155012,1786043817.474391115,/novatel/oem7/odom,/novatel/oem7/fix,/novatel/oem7/odom,39.663,-75.756,-1.800529029,0.002315882,0.001751413,-0.002150820,-0.000858652,0.001751413,,,
1786043817487453440,1786043817.486556485,/novatel/oem7/inspva,/novatel/oem7/inspva,/novatel/oem7/inspva,39.663,-75.756,-1.800508960,0.002267692,0.001423602,-0.000993589,-0.002038433,0.001423602,,novatel_oem7_msgs.msg.InertialSolutionStatus(status=3),
1786043817488932449,1786043817.486830814,/novatel/oem7/fix,/novatel/oem7/fix,/novatel/oem7/inspva,39.663,-75.756,-1.800508960,0.002267692,0.001423602,-0.000993589,-0.002038433,0.001423602,,0,
1786043817490072146,1786043817.487242905,/novatel/oem7/odom,/novatel/oem7/fix,/novatel/oem7/odom,39.663,-75.756,-1.800508960,0.002274284,0.001413046,-0.002089887,-0.000897074,0.001413046,,,
1786043817495332003,1786043817.494601749,/novatel/oem7/odom,/novatel/oem7/fix,/novatel/oem7/odom,39.663,-75.756,-1.800508960,0.002274284,0.001413046,-0.002089887,-0.000897074,0.001413046,,,
1786043817507125416,1786043817.505900806,/novatel/oem7/inspva,/novatel/oem7/inspva,/novatel/oem7/inspva,39.663,-75.756,-1.800487488,0.002518973,0.001883263,-0.000988599,-0.002316872,0.001883263,,novatel_oem7_msgs.msg.InertialSolutionStatus(status=3),
1786043817509224947,1786043817.506258864,/novatel/oem7/fix,/novatel/oem7/fix,/novatel/oem7/inspva,39.663,-75.756,-1.800487488,0.002518973,0.001883263,-0.000988599,-0.002316872,0.001883263,,0,
1786043817510776146,1786043817.506978554,/novatel/oem7/odom,/novatel/oem7/fix,/novatel/oem7/odom,39.663,-75.756,-1.800487488,0.002527623,0.001871638,-0.002369576,-0.000879764,0.001871638,,,
1786043817513798183,1786043817.512821216,/novatel/oem7/bestpos,/novatel/oem7/bestpos,/novatel/oem7/odom,39.663,-75.756,33.181818967,0.002527623,0.001871638,-0.002369576,-0.000879764,0.001871638,,novatel_oem7_msgs.msg.SolutionStatus(status=0),novatel_oem7_msgs.msg.PositionOrVelocityType(type=53)
1786043817515676232,1786043817.513385006,/novatel/oem7/bestvel,/novatel/oem7/bestpos,/novatel/oem7/bestvel,39.663,-75.756,33.181818967,0.002461329,0.001914174,,,,241.299526934,novatel_oem7_msgs.msg.SolutionStatus(status=0),novatel_oem7_msgs.msg.PositionOrVelocityType(type=53)
1786043817517485933,1786043817.515651629,/novatel/oem7/odom,/novatel/oem7/bestpos,/novatel/oem7/odom,39.663,-75.756,33.181818967,0.002527623,0.001871638,-0.002369576,-0.000879764,0.001871638,,,
1786043817526100595,1786043817.525441114,/novatel/oem7/inspva,/novatel/oem7/inspva,/novatel/oem7/inspva,39.663,-75.756,-1.800468512,0.001915051,0.001582789,-0.000678193,-0.001790942,0.001582789,,novatel_oem7_msgs.msg.InertialSolutionStatus(status=3),
1786043817527737164,1786043817.525682340,/novatel/oem7/fix,/novatel/oem7/fix,/novatel/oem7/inspva,39.663,-75.756,-1.800468512,0.001915051,0.001582789,-0.000678193,-0.001790942,0.001582789,,0,
1786043817528939556,1786043817.526250769,/novatel/oem7/odom,/novatel/oem7/fix,/novatel/oem7/odom,39.663,-75.756,-1.800468512,0.001922241,0.001574049,-0.001827998,-0.000594501,0.001574049,,,
1786043817535846599,1786043817.534881730,/novatel/oem7/odom,/novatel/oem7/fix,/novatel/oem7/odom,39.663,-75.756,-1.800468512,0.001922241,0.001574049,-0.001827998,-0.000594501,0.001574049,,,
1786043817547585768,1786043817.546104397,/novatel/oem7/inspva,/novatel/oem7/inspva,/novatel/oem7/inspva,39.663,-75.756,-1.800448914,0.002036335,0.001516184,-0.000681637,-0.001918862,0.001516184,,novatel_oem7_msgs.msg.InertialSolutionStatus(status=3),
1786043817549998936,1786043817.546473747,/novatel/oem7/fix,/novatel/oem7/fix,/novatel/oem7/inspva,39.663,-75.756,-1.800448914,0.002036335,0.001516184,-0.000681637,-0.001918862,0.001516184,,0,
1786043817552078660,1786043817.547079683,/novatel/oem7/odom,/novatel/oem7/fix,/novatel/oem7/odom,39.663,-75.756,-1.800448914,0.002043218,0.001506896,-0.001955718,-0.000591529,0.001506896,,,
1786043817557109454,1786043817.556065141,/novatel/oem7/odom,/novatel/oem7/fix,/novatel/oem7/odom,39.663,-75.756,-1.800448914,0.002043218,0.001506896,-0.001955718,-0.000591529,0.001506896,,,
1786043817566193236,1786043817.565188923,/novatel/oem7/inspva,/novatel/oem7/inspva,/novatel/oem7/inspva,39.663,-75.756,-1.800424519,0.001959149,0.001867987,-0.000729713,-0.001818181,0.001867987,,novatel_oem7_msgs.msg.InertialSolutionStatus(status=3),
1786043817567806489,1786043817.565601204,/novatel/oem7/fix,/novatel/oem7/fix,/novatel/oem7/inspva,39.663,-75.756,-1.800424519,0.001959149,0.001867987,-0.000729713,-0.001818181,0.001867987,,0,
1786043817568968171,1786043817.566078105,/novatel/oem7/odom,/novatel/oem7/fix,/novatel/oem7/odom,39.663,-75.756,-1.800424519,0.001967722,0.001858954,-0.001858874,-0.000645381,0.001858954,,,
1786043817576906358,1786043817.575659605,/novatel/oem7/odom,/novatel/oem7/fix,/novatel/oem7/odom,39.663,-75.756,-1.800424519,0.001967722,0.001858954,-0.001858874,-0.000645381,0.001858954,,,
1786043817586493671,1786043817.585344167,/novatel/oem7/inspva,/novatel/oem7/inspva,/novatel/oem7/inspva,39.663,-75.756,-1.800406896,0.002005041,0.001725585,-0.000688724,-0.001883042,0.001725585,,novatel_oem7_msgs.msg.InertialSolutionStatus(status=3),
1786043817588599363,1786043817.585697440,/novatel/oem7/fix,/novatel/oem7/fix,/novatel/oem7/inspva,39.663,-75.756,-1.800406896,0.002005041,0.001725585,-0.000688724,-0.001883042,0.001725585,,0,
1786043817590207286,1786043817.586222189,/novatel/oem7/odom,/novatel/oem7/fix,/novatel/oem7/odom,39.663,-75.756,-1.800406896,0.002012901,0.001716410,-0.001921120,-0.000600890,0.001716410,,,
1786043817595497669,1786043817.594577123,/novatel/oem7/odom,/novatel/oem7/fix,/novatel/oem7/odom,39.663,-75.756,-1.800406896,0.002012901,0.001716410,-0.001921120,-0.000600890,0.001716410,,,
1786043817608053546,1786043817.606076252,/novatel/oem7/inspva,/novatel/oem7/inspva,/novatel/oem7/inspva,39.663,-75.756,-1.800383465,0.001992609,0.001596902,-0.000750572,-0.001845841,0.001596902,,novatel_oem7_msgs.msg.InertialSolutionStatus(status=3),
1786043817610144070,1786043817.606312317,/novatel/oem7/fix,/novatel/oem7/fix,/novatel/oem7/inspva,39.663,-75.756,-1.800383465,0.001992609,0.001596902,-0.000750572,-0.001845841,0.001596902,,0,
1786043817611305726,1786043817.606850684,/novatel/oem7/odom,/novatel/oem7/fix,/novatel/oem7/odom,39.663,-75.756,-1.800383465,0.002012881,0.001716433,-0.001921101,-0.000600882,0.001716433,,,
1786043817612878422,1786043817.610350236,/novatel/oem7/bestpos,/novatel/oem7/bestpos,/novatel/oem7/odom,39.663,-75.756,33.181921379,0.002012881,0.001716433,-0.001921101,-0.000600882,0.001716433,,novatel_oem7_msgs.msg.SolutionStatus(status=0),novatel_oem7_msgs.msg.PositionOrVelocityType(type=53)
1786043817613812354,1786043817.610828414,/novatel/oem7/bestvel,/novatel/oem7/bestpos,/novatel/oem7/bestvel,39.663,-75.756,33.181921379,0.002508946,0.001779664,,,,257.886210242,novatel_oem7_msgs.msg.SolutionStatus(status=0),novatel_oem7_msgs.msg.PositionOrVelocityType(type=53)
1786043817615769561,1786043817.614793989,/novatel/oem7/odom,/novatel/oem7/bestpos,/novatel/oem7/odom,39.663,-75.756,33.181921379,0.001999932,0.001587720,-0.001886441,-0.000664130,0.001587720,,,
1786043817625627014,1786043817.625028445,/novatel/oem7/inspva,/novatel/oem7/inspva,/novatel/oem7/inspva,39.663,-75.756,-1.800361999,0.002005233,0.001878509,-0.000678529,-0.001886944,0.001878509,,novatel_oem7_msgs.msg.InertialSolutionStatus(status=3),
1786043817626940114,1786043817.625293007,/novatel/oem7/fix,/novatel/oem7/fix,/novatel/oem7/inspva,39.663,-75.756,-1.800361999,0.002005233,0.001878509,-0.000678529,-0.001886944,0.001878509,,0,
1786043817627984328,1786043817.625672637,/novatel/oem7/odom,/novatel/oem7/fix,/novatel/oem7/odom,39.663,-75.756,-1.800361999,0.002013782,0.001869342,-0.001925131,-0.000590922,0.001869342,,,
1786043817636557002,1786043817.635733697,/novatel/oem7/odom,/novatel/oem7/fix,/novatel/oem7/odom,39.663,-75.756,-1.800361999,0.002013782,0.001869342,-0.001925131,-0.000590922,0.001869342,,,
1786043817648392415,1786043817.645471287,/novatel/oem7/inspva,/novatel/oem7/inspva,/novatel/oem7/inspva,39.663,-75.756,-1.800345152,0.001815275,0.001243271,-0.000653717,-0.001693481,0.001243271,,novatel_oem7_msgs.msg.InertialSolutionStatus(status=3),
1786043817656136547,1786043817.645736400,/novatel/oem7/fix,/novatel/oem7/fix,/novatel/oem7/inspva,39.663,-75.756,-1.800345152,0.001815275,0.001243271,-0.000653717,-0.001693481,0.001243271,,0,
1786043817661556739,1786043817.646322386,/novatel/oem7/odom,/novatel/oem7/fix,/novatel/oem7/odom,39.663,-75.756,-1.800345152,0.001820969,0.001234916,-0.001728175,-0.000573880,0.001234916,,,
1786043817662749707,1786043817.656432743,/novatel/oem7/odom,/novatel/oem7/fix,/novatel/oem7/odom,39.663,-75.756,-1.800345152,0.001820969,0.001234916,-0.001728175,-0.000573880,0.001234916,,,
1786043817666965481,1786043817.666001245,/novatel/oem7/inspva,/novatel/oem7/inspva,/novatel/oem7/inspva,39.663,-75.756,-1.800324540,0.001585620,0.001279061,-0.000187757,-0.001574465,0.001279061,,novatel_oem7_msgs.msg.InertialSolutionStatus(status=3),
1786043817670700657,1786043817.666196501,/novatel/oem7/fix,/novatel/oem7/fix,/novatel/oem7/inspva,39.663,-75.756,-1.800324540,0.001585620,0.001279061,-0.000187757,-0.001574465,0.001279061,,0,
1786043817671537067,1786043817.666604491,/novatel/oem7/odom,/novatel/oem7/fix,/novatel/oem7/odom,39.663,-75.756,-1.800324540,0.001590911,0.001272475,-0.001586795,-0.000114366,0.001272475,,,
1786043817675232245,1786043817.674779266,/novatel/oem7/odom,/novatel/oem7/fix,/novatel/oem7/odom,39.663,-75.756,-1.800324540,0.001590911,0.001272475,-0.001586795,-0.000114366,0.001272475,,,
1786043817685625509,1786043817.685117385,/novatel/oem7/inspva,/novatel/oem7/inspva,/novatel/oem7/inspva,39.663,-75.756,-1.800297602,0.001909147,0.001775698,-0.000903306,-0.001681928,0.001775698,,novatel_oem7_msgs.msg.InertialSolutionStatus(status=3),
1786043817686682082,1786043817.685362058,/novatel/oem7/fix,/novatel/oem7/fix,/novatel/oem7/inspva,39.663,-75.756,-1.800297602,0.001909147,0.001775698,-0.000903306,-0.001681928,0.001775698,,0,
1786043817687551296,1786043817.685737532,/novatel/oem7/odom,/novatel/oem7/fix,/novatel/oem7/odom,39.663,-75.756,-1.800297602,0.001917469,0.001766708,-0.001730860,-0.000825112,0.001766708,,,
1786043817696079847,1786043817.695473537,/novatel/oem7/odom,/novatel/oem7/fix,/novatel/oem7/odom,39.663,-75.756,-1.800297602,0.001917469,0.001766708,-0.001730860,-0.000825112,0.001766708,,,
1786043817706581595,1786043817.705842145,/novatel/oem7/inspva,/novatel/oem7/inspva,/novatel/oem7/inspva,39.663,-75.756,-1.800275843,0.001501955,0.001760334,-0.000528234,-0.001406001,0.001760334,,novatel_oem7_msgs.msg.InertialSolutionStatus(status=3),
1786043817707970097,1786043817.706063980,/novatel/oem7/fix,/novatel/oem7/fix,/novatel/oem7/inspva,39.663,-75.756,-1.800275843,0.001501955,0.001760334,-0.000528234,-0.001406001,0.001760334,,0,
1786043817708960419,1786043817.706476811,/novatel/oem7/odom,/novatel/oem7/fix,/novatel/oem7/odom,39.663,-75.756,-1.800275843,0.001510011,0.001753428,-0.001436995,-0.000463876,0.001753428,,,
1786043817710282465,1786043817.709133025,/novatel/oem7/bestpos,/novatel/oem7/bestpos,/novatel/oem7/odom,39.663,-75.756,33.182022778,0.001510011,0.001753428,-0.001436995,-0.000463876,0.001753428,,novatel_oem7_msgs.msg.SolutionStatus(status=0),novatel_oem7_msgs.msg.PositionOrVelocityType(type=53)
1786043817711139156,1786043817.709510105,/novatel/oem7/bestvel,/novatel/oem7/bestpos,/novatel/oem7/bestvel,39.663,-75.756,33.182022778,0.001562464,0.001584319,,,,266.757156122,novatel_oem7_msgs.msg.SolutionStatus(status=0),novatel_oem7_msgs.msg.PositionOrVelocityType(type=53)
1786043817714900952,1786043817.714296747,/novatel/oem7/odom,/novatel/oem7/bestpos,/novatel/oem7/odom,39.663,-75.756,33.182022778,0.001510011,0.001753428,-0.001436995,-0.000463876,0.001753428,,,
1786043817727443241,1786043817.726767759,/novatel/oem7/inspva,/novatel/oem7/inspva,/novatel/oem7/inspva,39.663,-75.756,-1.800252773,0.001627661,0.001427034,-0.000970783,-0.001306468,0.001427034,,novatel_oem7_msgs.msg.InertialSolutionStatus(status=3),
1786043817729155456,1786043817.726948155,/novatel/oem7/fix,/novatel/oem7/fix,/novatel/oem7/inspva,39.663,-75.756,-1.800252773,0.001627661,0.001427034,-0.000970783,-0.001306468,0.001427034,,0,
1786043817731112893,1786043817.727499101,/novatel/oem7/odom,/novatel/oem7/fix,/novatel/oem7/odom,39.663,-75.756,-1.800252773,0.001634439,0.001419266,-0.001357773,-0.000909859,0.001419266,,,
1786043817737219768,1786043817.735614646,/novatel/oem7/odom,/novatel/oem7/fix,/novatel/oem7/odom,39.663,-75.756,-1.800252773,0.001634439,0.001419266,-0.001357773,-0.000909859,0.001419266,,,
1786043817748139676,1786043817.745246153,/novatel/oem7/inspva,/novatel/oem7/inspva,/novatel/oem7/inspva,39.663,-75.756,-1.800227778,0.001284799,0.001468775,-0.000600406,-0.001135879,0.001468775,,novatel_oem7_msgs.msg.InertialSolutionStatus(status=3),
1786043817755515378,1786043817.745556183,/novatel/oem7/fix,/novatel/oem7/fix,/novatel/oem7/inspva,39.663,-75.756,-1.800227778,0.001284799,0.001468775,-0.000600406,-0.001135879,0.001468775,,0,
1786043817761836644,1786043817.746157705,/novatel/oem7/odom,/novatel/oem7/fix,/novatel/oem7/odom,39.663,-75.756,-1.800227778,0.001291717,0.001462695,-0.001169566,-0.000548315,0.001462695,,,
1786043817766027253,1786043817.755670022,/novatel/oem7/odom,/novatel/oem7/fix,/novatel/oem7/odom,39.663,-75.756,-1.800227778,0.001291717,0.001462695,-0.001169566,-0.000548315,0.001462695,,,
1786043817768118339,1786043817.765535995,/novatel/oem7/inspva,/novatel/oem7/inspva,/novatel/oem7/inspva,39.663,-75.756,-1.800202516,0.001397913,0.001409292,-0.000786616,-0.001155593,0.001409292,,novatel_oem7_msgs.msg.InertialSolutionStatus(status=3),
1786043817768973534,1786043817.765707310,/novatel/oem7/fix,/novatel/oem7/fix,/novatel/oem7/inspva,39.663,-75.756,-1.800202516,0.001397913,0.001409292,-0.000786616,-0.001155593,0.001409292,,0,
1786043817770940381,1786043817.766412726,/novatel/oem7/odom,/novatel/oem7/fix,/novatel/oem7/odom,39.663,-75.756,-1.800202516,0.001404626,0.001402601,-0.001198065,-0.000733223,0.001402601,,,
1786043817775631441,1786043817.774809843,/novatel/oem7/odom,/novatel/oem7/fix,/novatel/oem7/odom,39.663,-75.756,-1.800202516,0.001404626,0.001402601,-0.001198065,-0.000733223,0.001402601,,,
1786043817786926688,1786043817.786296321,/novatel/oem7/inspva,/novatel/oem7/inspva,/novatel/oem7/inspva,39.663,-75.756,-1.800178401,0.001006796,0.001484616,-0.000320701,-0.000954353,0.001484616,,novatel_oem7_msgs.msg.InertialSolutionStatus(status=3),
1786043817788087652,1786043817.786508697,/novatel/oem7/fix,/novatel/oem7/fix,/novatel/oem7/inspva,39.663,-75.756,-1.800178401,0.001006796,0.001484616,-0.000320701,-0.000954353,0.001484616,,0,
1786043817789015754,1786043817.787033391,/novatel/oem7/odom,/novatel/oem7/fix,/novatel/oem7/odom,39.663,-75.756,-1.800178401,0.001013548,0.001480015,-0.000974727,-0.000277824,0.001480015,,,
1786043817795299592,1786043817.794666126,/novatel/oem7/odom,/novatel/oem7/fix,/novatel/oem7/odom,39.663,-75.756,-1.800178401,0.001013548,0.001480015,-0.000974727,-0.000277824,0.001480015,,,
1786043817809323864,1786043817.806287157,/novatel/oem7/inspva,/novatel/oem7/inspva,/novatel/oem7/inspva,39.663,-75.756,-1.800152700,0.000964323,0.001445628,-0.000675994,-0.000687714,0.001445628,,novatel_oem7_msgs.msg.InertialSolutionStatus(status=3),
1786043817817795747,1786043817.810207423,/novatel/oem7/bestpos,/novatel/oem7/bestpos,/novatel/oem7/inspva,39.663,-75.756,33.182136773,0.000964323,0.001445628,-0.000675994,-0.000687714,0.001445628,,novatel_oem7_msgs.msg.SolutionStatus(status=0),novatel_oem7_msgs.msg.PositionOrVelocityType(type=53)
1786043817822289668,1786043817.810570040,/novatel/oem7/bestvel,/novatel/oem7/bestpos,/novatel/oem7/bestvel,39.663,-75.756,33.182136773,0.000991373,0.001422472,,,,241.475496674,novatel_oem7_msgs.msg.SolutionStatus(status=0),novatel_oem7_msgs.msg.PositionOrVelocityType(type=53)
1786043817823061224,1786043817.806645874,/novatel/oem7/fix,/novatel/oem7/fix,/novatel/oem7/bestvel,39.663,-75.756,-1.800152700,0.000991373,0.001422472,,,,241.475496674,0,
1786043817823964797,1786043817.807412805,/novatel/oem7/odom,/novatel/oem7/fix,/novatel/oem7/odom,39.663,-75.756,-1.800152700,0.000971145,0.001441054,-0.000725525,-0.000645551,0.001441054,,,
1786043817825205217,1786043817.815348086,/novatel/oem7/odom,/novatel/oem7/fix,/novatel/oem7/odom,39.663,-75.756,-1.800152700,0.000971145,0.001441054,-0.000725525,-0.000645551,0.001441054,,,
1786043817826516738,1786043817.825141378,/novatel/oem7/inspva,/novatel/oem7/inspva,/novatel/oem7/inspva,39.663,-75.756,-1.800128627,0.000846820,0.001686197,-0.000442188,-0.000722201,0.001686197,,novatel_oem7_msgs.msg.InertialSolutionStatus(status=3),
1786043817827959567,1786043817.825315376,/novatel/oem7/fix,/novatel/oem7/fix,/novatel/oem7/inspva,39.663,-75.756,-1.800128627,0.000846820,0.001686197,-0.000442188,-0.000722201,0.001686197,,0,
1786043817829403247,1786043817.825824038,/novatel/oem7/odom,/novatel/oem7/fix,/novatel/oem7/odom,39.663,-75.756,-1.800128627,0.000854826,0.001682152,-0.000749554,-0.000410970,0.001682152,,,
1786043817835647282,1786043817.834397005,/novatel/oem7/odom,/novatel/oem7/fix,/novatel/oem7/odom,39.663,-75.756,-1.800128627,0.000854826,0.001682152,-0.000749554,-0.000410970,0.001682152,,,
1786043817849520380,1786043817.846281868,/novatel/oem7/inspva,/novatel/oem7/inspva,/novatel/oem7/inspva,39.663,-75.756,-1.800104688,0.000583440,0.001401466,-0.000495773,-0.000307588,0.001401466,,novatel_oem7_msgs.msg.InertialSolutionStatus(status=3),
1786043817857281951,1786043817.846645561,/novatel/oem7/fix,/novatel/oem7/fix,/novatel/oem7/inspva,39.663,-75.756,-1.800104688,0.000583440,0.001401466,-0.000495773,-0.000307588,0.001401466,,0,
1786043817863736794,1786043817.847499347,/novatel/oem7/odom,/novatel/oem7/fix,/novatel/oem7/odom,39.663,-75.756,-1.800104688,0.000589641,0.001398868,-0.000336902,-0.000483915,0.001398868,,,
1786043817865758270,1786043817.864944130,/novatel/oem7/inspva,/novatel/oem7/inspva,/novatel/oem7/inspva,39.663,-75.756,-1.800080809,0.000590060,0.001475126,-0.000424146,-0.000410208,0.001475126,,novatel_oem7_msgs.msg.InertialSolutionStatus(status=3),
1786043817866916588,1786043817.856324789,/novatel/oem7/odom,/novatel/oem7/inspva,/novatel/oem7/odom,39.663,-75.756,-1.800080809,0.000589641,0.001398868,-0.000336902,-0.000483915,0.001398868,,,
1786043817867679642,1786043817.865118282,/novatel/oem7/fix,/novatel/oem7/fix,/novatel/oem7/odom,39.663,-75.756,-1.800080809,0.000589641,0.001398868,-0.000336902,-0.000483915,0.001398868,,0,
1786043817869334765,1786043817.865580010,/novatel/oem7/odom,/novatel/oem7/fix,/novatel/oem7/odom,39.663,-75.756,-1.800080809,0.000596984,0.001472337,-0.000436216,-0.000407560,0.001472337,,,
1786043817876491089,1786043817.875549762,/novatel/oem7/odom,/novatel/oem7/fix,/novatel/oem7/odom,39.663,-75.756,-1.800080809,0.000596984,0.001472337,-0.000436216,-0.000407560,0.001472337,,,
1786043817887516220,1786043817.886497224,/novatel/oem7/inspva,/novatel/oem7/inspva,/novatel/oem7/inspva,39.663,-75.756,-1.800053405,0.000559470,0.001522806,-0.000318384,-0.000460042,0.001522806,,novatel_oem7_msgs.msg.InertialSolutionStatus(status=3),
1786043817888733423,1786043817.886760747,/novatel/oem7/fix,/novatel/oem7/fix,/novatel/oem7/inspva,39.663,-75.756,-1.800053405,0.000559470,0.001522806,-0.000318384,-0.000460042,0.001522806,,0,
1786043817889714675,1786043817.887058563,/novatel/oem7/odom,/novatel/oem7/fix,/novatel/oem7/odom,39.663,-75.756,-1.800053405,0.000566748,0.001520112,-0.000481058,-0.000299644,0.001520112,,,
1786043817895309443,1786043817.894641018,/novatel/oem7/odom,/novatel/oem7/fix,/novatel/oem7/odom,39.663,-75.756,-1.800053405,0.000566748,0.001520112,-0.000481058,-0.000299644,0.001520112,,,
1786043817906863454,1786043817.905738016,/novatel/oem7/inspva,/novatel/oem7/inspva,/novatel/oem7/inspva,39.663,-75.756,-1.800029207,0.000516047,0.001796414,-0.000383822,-0.000344942,0.001796414,,novatel_oem7_msgs.msg.InertialSolutionStatus(status=3),
1786043817908084870,1786043817.906178907,/novatel/oem7/fix,/novatel/oem7/fix,/novatel/oem7/inspva,39.663,-75.756,-1.800029207,0.000516047,0.001796414,-0.000383822,-0.000344942,0.001796414,,0,
1786043817908871013,1786043817.906643002,/novatel/oem7/odom,/novatel/oem7/fix,/novatel/oem7/odom,39.663,-75.756,-1.800029207,0.000524453,0.001793978,-0.000370375,-0.000371313,0.001793978,,,
1786043817910976438,1786043817.910473347,/novatel/oem7/bestpos,/novatel/oem7/bestpos,/novatel/oem7/odom,39.663,-75.756,33.182258025,0.000524453,0.001793978,-0.000370375,-0.000371313,0.001793978,,novatel_oem7_msgs.msg.SolutionStatus(status=0),novatel_oem7_msgs.msg.PositionOrVelocityType(type=53)
1786043817911958440,1786043817.911213754,/novatel/oem7/bestvel,/novatel/oem7/bestpos,/novatel/oem7/bestvel,39.663,-75.756,33.182258025,0.000700180,0.001935650,,,,214.907279201,novatel_oem7_msgs.msg.SolutionStatus(status=0),novatel_oem7_msgs.msg.PositionOrVelocityType(type=53)
1786043817915364069,1786043817.914887155,/novatel/oem7/odom,/novatel/oem7/bestpos,/novatel/oem7/odom,39.663,-75.756,33.182258025,0.000524453,0.001793978,-0.000370375,-0.000371313,0.001793978,,,
1786043817925707025,1786043817.925251103,/novatel/oem7/inspva,/novatel/oem7/inspva,/novatel/oem7/inspva,39.663,-75.756,-1.800004714,0.000507911,0.001575957,-0.000483490,-0.000155598,0.001575957,,novatel_oem7_msgs.msg.InertialSolutionStatus(status=3),
1786043817926707673,1786043817.925396011,/novatel/oem7/fix,/novatel/oem7/fix,/novatel/oem7/inspva,39.663,-75.756,-1.800004714,0.000507911,0.001575957,-0.000483490,-0.000155598,0.001575957,,0,
1786043817927473169,1786043817.925982805,/novatel/oem7/odom,/novatel/oem7/fix,/novatel/oem7/odom,39.663,-75.756,-1.800004714,0.000513998,0.001573982,-0.000185224,-0.000479465,0.001573982,,,
1786043817936529978,1786043817.934984504,/novatel/oem7/odom,/novatel/oem7/fix,/novatel/oem7/odom,39.663,-75.756,-1.800004714,0.000513998,0.001573982,-0.000185224,-0.000479465,0.001573982,,,
1786043817946657115,1786043817.945956252,/novatel/oem7/inspva,/novatel/oem7/inspva,/novatel/oem7/inspva,39.663,-75.756,-1.799978458,0.000485219,0.001773439,-0.000485217,0.000001108,0.001773439,,novatel_oem7_msgs.msg.InertialSolutionStatus(status=3),
1786043817947971275,1786043817.946255528,/novatel/oem7/fix,/novatel/oem7/fix,/novatel/oem7/inspva,39.663,-75.756,-1.799978458,0.000485219,0.001773439,-0.000485217,0.000001108,0.001773439,,0,
1786043817948986066,1786043817.946941805,/novatel/oem7/odom,/novatel/oem7/fix,/novatel/oem7/odom,39.663,-75.756,-1.799978458,0.000490194,0.001772071,-0.000029578,-0.000489301,0.001772071,,,
1786043817956396029,1786043817.955744491,/novatel/oem7/odom,/novatel/oem7/fix,/novatel/oem7/odom,39.663,-75.756,-1.799978458,0.000490194,0.001772071,-0.000029578,-0.000489301,0.001772071,,,
1786043817965657772,1786043817.965031875,/novatel/oem7/inspva,/novatel/oem7/inspva,/novatel/oem7/inspva,39.663,-75.756,-1.799953585,0.000767762,0.001491282,-0.000745712,-0.000182677,0.001491282,,novatel_oem7_msgs.msg.InertialSolutionStatus(status=3),
1786043817966839339,1786043817.965310348,/novatel/oem7/fix,/novatel/oem7/fix,/novatel/oem7/inspva,39.663,-75.756,-1.799953585,0.000767762,0.001491282,-0.000745712,-0.000182677,0.001491282,,0,
1786043817967603188,1786043817.965674232,/novatel/oem7/odom,/novatel/oem7/fix,/novatel/oem7/odom,39.663,-75.756,-1.799953585,0.000773193,0.001488473,-0.000224693,-0.000739825,0.001488473,,,
1786043817975691885,1786043817.975071117,/novatel/oem7/odom,/novatel/oem7/fix,/novatel/oem7/odom,39.663,-75.756,-1.799953585,0.000773193,0.001488473,-0.000224693,-0.000739825,0.001488473,,,
1786043817985356710,1786043817.984896826,/novatel/oem7/inspva,/novatel/oem7/inspva,/novatel/oem7/inspva,39.663,-75.756,-1.799925455,0.000760628,0.001827470,-0.000747647,0.000139923,0.001827470,,novatel_oem7_msgs.msg.InertialSolutionStatus(status=3),
1786043817986307920,1786043817.985103781,/novatel/oem7/fix,/novatel/oem7/fix,/novatel/oem7/inspva,39.663,-75.756,-1.799925455,0.000760628,0.001827470,-0.000747647,0.000139923,0.001827470,,0,
1786043817987053927,1786043817.985573960,/novatel/oem7/odom,/novatel/oem7/fix,/novatel/oem7/odom,39.663,-75.756,-1.799925455,0.000764366,0.001825909,0.000096086,-0.000758303,0.001825909,,,
1786043817995549174,1786043817.994495293,/novatel/oem7/odom,/novatel/oem7/fix,/novatel/oem7/odom,39.663,-75.756,-1.799925455,0.000764366,0.001825909,0.000096086,-0.000758303,0.001825909,,,
1786043818009210499,1786043818.008384444,/novatel/oem7/inspva,/novatel/oem7/inspva,/novatel/oem7/inspva,39.663,-75.756,-1.799896425,0.000881815,0.001743602,-0.000865845,-0.000167064,0.001743602,,novatel_oem7_msgs.msg.InertialSolutionStatus(status=3),
1786043818010888606,1786043818.008674000,/novatel/oem7/fix,/novatel/oem7/fix,/novatel/oem7/inspva,39.663,-75.756,-1.799896425,0.000881815,0.001743602,-0.000865845,-0.000167064,0.001743602,,0,
1786043818012575443,1786043818.011115088,/novatel/oem7/odom,/novatel/oem7/fix,/novatel/oem7/odom,39.663,-75.756,-1.799896425,0.000887905,0.001740509,-0.000215925,-0.000861250,0.001740509,,,
1786043818016777525,1786043818.016012478,/novatel/oem7/odom,/novatel/oem7/fix,/novatel/oem7/odom,39.663,-75.756,-1.799896425,0.000887905,0.001740509,-0.000215925,-0.000861250,0.001740509,,,
1786043818026118480,1786043818.025392799,/novatel/oem7/bestpos,/novatel/oem7/bestpos,/novatel/oem7/odom,39.663,-75.756,33.182395724,0.000887905,0.001740509,-0.000215925,-0.000861250,0.001740509,,novatel_oem7_msgs.msg.SolutionStatus(status=0),novatel_oem7_msgs.msg.PositionOrVelocityType(type=53)
1786043818027679612,1786043818.026412223,/novatel/oem7/bestvel,/novatel/oem7/bestpos,/novatel/oem7/bestvel,39.663,-75.756,33.182395724,0.000756457,0.001741184,,,,218.507581555,novatel_oem7_msgs.msg.SolutionStatus(status=0),novatel_oem7_msgs.msg.PositionOrVelocityType(type=53)
1786043818029484434,1786043818.027263314,/novatel/oem7/inspva,/novatel/oem7/inspva,/novatel/oem7/inspva,39.663,-75.756,-1.799869188,0.000723517,0.001769338,-0.000721727,-0.000050866,0.001769338,,novatel_oem7_msgs.msg.InertialSolutionStatus(status=3),
1786043818030606151,1786043818.027489647,/novatel/oem7/fix,/novatel/oem7/fix,/novatel/oem7/inspva,39.663,-75.756,-1.799869188,0.000723517,0.001769338,-0.000721727,-0.000050866,0.001769338,,0,
1786043818031737216,1786043818.027757901,/novatel/oem7/odom,/novatel/oem7/fix,/novatel/oem7/odom,39.663,-75.756,-1.799869188,0.000728953,0.001767105,-0.000092969,-0.000723000,0.001767105,,,
1786043818035731873,1786043818.034697440,/novatel/oem7/odom,/novatel/oem7/fix,/novatel/oem7/odom,39.663,-75.756,-1.799869188,0.000728953,0.001767105,-0.000092969,-0.000723000,0.001767105,,,
1786043818047678188,1786043818.046891306,/novatel/oem7/inspva,/novatel/oem7/inspva,/novatel/oem7/inspva,39.663,-75.756,-1.799875127,0.000939813,0.001946783,-0.000937349,0.000068008,0.001946783,,novatel_oem7_msgs.msg.InertialSolutionStatus(status=3),
1786043818049508549,1786043818.047146495,/novatel/oem7/fix,/novatel/oem7/fix,/novatel/oem7/inspva,39.663,-75.756,-1.799875127,0.000939813,0.001946783,-0.000937349,0.000068008,0.001946783,,0,
1786043818051017458,1786043818.047542123,/novatel/oem7/odom,/novatel/oem7/fix,/novatel/oem7/odom,39.663,-75.756,-1.799875127,0.000944695,0.001944418,0.000014550,-0.000944583,0.001944418,,,
1786043818057120156,1786043818.056340719,/novatel/oem7/odom,/novatel/oem7/fix,/novatel/oem7/odom,39.663,-75.756,-1.799875127,0.000944695,0.001944418,0.000014550,-0.000944583,0.001944418,,,
1786043818067023550,1786043818.066081790,/novatel/oem7/inspva,/novatel/oem7/inspva,/novatel/oem7/inspva,39.663,-75.756,-1.799893937,0.000996706,0.002029922,-0.000983404,0.000162295,0.002029922,,novatel_oem7_msgs.msg.InertialSolutionStatus(status=3),
1786043818068872048,1786043818.066342043,/novatel/oem7/fix,/novatel/oem7/fix,/novatel/oem7/inspva,39.663,-75.756,-1.799893937,0.000996706,0.002029922,-0.000983404,0.000162295,0.002029922,,0,
1786043818070041827,1786043818.066948043,/novatel/oem7/odom,/novatel/oem7/fix,/novatel/oem7/odom,39.663,-75.756,-1.799893937,0.001001050,0.002027784,0.000106155,-0.000995406,0.002027784,,,
1786043818075175602,1786043818.074493145,/novatel/oem7/odom,/novatel/oem7/fix,/novatel/oem7/odom,39.663,-75.756,-1.799893937,0.001001050,0.002027784,0.000106155,-0.000995406,0.002027784,,,
1786043818085919668,1786043818.085299741,/novatel/oem7/inspva,/novatel/oem7/inspva,/novatel/oem7/inspva,39.663,-75.756,-1.799904298,0.001303102,0.001699779,-0.001295442,0.000141087,0.001699779,,novatel_oem7_msgs.msg.InertialSolutionStatus(status=3),
1786043818087313745,1786043818.085504870,/novatel/oem7/fix,/novatel/oem7/fix,/novatel/oem7/inspva,39.663,-75.756,-1.799904298,0.001303102,0.001699779,-0.001295442,0.000141087,0.001699779,,0,
1786043818088479567,1786043818.085998241,/novatel/oem7/odom,/novatel/oem7/fix,/novatel/oem7/odom,39.663,-75.756,-1.799904298,0.001307121,0.001696691,0.000071143,-0.001305184,0.001696691,,,
1786043818096405244,1786043818.095718107,/novatel/oem7/odom,/novatel/oem7/fix,/novatel/oem7/odom,39.663,-75.756,-1.799904298,0.001307121,0.001696691,0.000071143,-0.001305184,0.001696691,,,
1786043818106537699,1786043818.105787001,/novatel/oem7/inspva,/novatel/oem7/inspva,/novatel/oem7/inspva,39.663,-75.756,-1.799916798,0.001226284,0.001967110,-0.001206271,0.000220642,0.001967110,,novatel_oem7_msgs.msg.InertialSolutionStatus(status=3),
1786043818108109342,1786043818.105993864,/novatel/oem7/fix,/novatel/oem7/fix,/novatel/oem7/inspva,39.663,-75.756,-1.799916798,0.001226284,0.001967110,-0.001206271,0.000220642,0.001967110,,0,
1786043818109255283,1786043818.106507326,/novatel/oem7/odom,/novatel/oem7/fix,/novatel/oem7/odom,39.663,-75.756,-1.799916798,0.001230343,0.001964573,0.000153855,-0.001220685,0.001964573,,,
1786043818110839669,1786043818.109540986,/novatel/oem7/bestpos,/novatel/oem7/bestpos,/novatel/oem7/odom,39.663,-75.756,33.182387280,0.001230343,0.001964573,0.000153855,-0.001220685,0.001964573,,novatel_oem7_msgs.msg.SolutionStatus(status=0),novatel_oem7_msgs.msg.PositionOrVelocityType(type=53)
1786043818112291167,1786043818.110209263,/novatel/oem7/bestvel,/novatel/oem7/bestpos,/novatel/oem7/bestvel,39.663,-75.756,33.182387280,0.001048322,0.001989089,,,,180.002114566,novatel_oem7_msgs.msg.SolutionStatus(status=0),novatel_oem7_msgs.msg.PositionOrVelocityType(type=53)
1786043818115219741,1786043818.114562134,/novatel/oem7/odom,/novatel/oem7/bestpos,/novatel/oem7/odom,39.663,-75.756,33.182387280,0.001230343,0.001964573,0.000153855,-0.001220685,0.001964573,,,
1786043818127484561,1786043818.126791171,/novatel/oem7/inspva,/novatel/oem7/inspva,/novatel/oem7/inspva,39.663,-75.756,-1.799918945,0.001040916,0.002204944,-0.001040574,0.000026663,0.002204944,,novatel_oem7_msgs.msg.InertialSolutionStatus(status=3),
1786043818129045437,1786043818.127018296,/novatel/oem7/fix,/novatel/oem7/fix,/novatel/oem7/inspva,39.663,-75.756,-1.799918945,0.001040916,0.002204944,-0.001040574,0.000026663,0.002204944,,0,
1786043818130298493,1786043818.127453004,/novatel/oem7/odom,/novatel/oem7/fix,/novatel/oem7/odom,39.663,-75.756,-1.799918945,0.001046889,0.002202115,-0.000032802,-0.001046375,0.002202115,,,
1786043818136039051,1786043818.134930796,/novatel/oem7/odom,/novatel/oem7/fix,/novatel/oem7/odom,39.663,-75.756,-1.799918945,0.001046889,0.002202115,-0.000032802,-0.001046375,0.002202115,,,
1786043818146202224,1786043818.145166824,/novatel/oem7/inspva,/novatel/oem7/inspva,/novatel/oem7/inspva,39.663,-75.756,-1.799929603,0.001292008,0.002155076,-0.001175387,0.000536422,0.002155076,,novatel_oem7_msgs.msg.InertialSolutionStatus(status=3),
1786043818148008132,1786043818.145549291,/novatel/oem7/fix,/novatel/oem7/fix,/novatel/oem7/inspva,39.663,-75.756,-1.799929603,0.001292008,0.002155076,-0.001175387,0.000536422,0.002155076,,0,
1786043818149484717,1786043818.145953471,/novatel/oem7/odom,/novatel/oem7/fix,/novatel/oem7/odom,39.663,-75.756,-1.799929603,0.001294080,0.002153832,0.000469997,-0.001205714,0.002153832,,,
1786043818157238576,1786043818.156327726,/novatel/oem7/odom,/novatel/oem7/fix,/novatel/oem7/odom,39.663,-75.756,-1.799929603,0.001294080,0.002153832,0.000469997,-0.001205714,0.002153832,,,
1786043818166145412,1786043818.165335094,/novatel/oem7/inspva,/novatel/oem7/inspva,/novatel/oem7/inspva,39.663,-75.756,-1.799927155,0.001289612,0.002353260,-0.001178005,0.000524789,0.002353260,,novatel_oem7_msgs.msg.InertialSolutionStatus(status=3),
1786043818167651597,1786043818.165619797,/novatel/oem7/fix,/novatel/oem7/fix,/novatel/oem7/inspva,39.663,-75.756,-1.799927155,0.001289612,0.002353260,-0.001178005,0.000524789,0.002353260,,0,
1786043818168771525,1786043818.166139249,/novatel/oem7/odom,/novatel/oem7/fix,/novatel/oem7/odom,39.663,-75.756,-1.799927155,0.001291984,0.002351959,0.000457443,-0.001208292,0.002351959,,,
1786043818175765606,1786043818.175037649,/novatel/oem7/odom,/novatel/oem7/fix,/novatel/oem7/odom,39.663,-75.756,-1.799927155,0.001291984,0.002351959,0.000457443,-0.001208292,0.002351959,,,
1786043818186768384,1786043818.186061843,/novatel/oem7/inspva,/novatel/oem7/inspva,/novatel/oem7/inspva,39.663,-75.756,-1.799934335,0.001474293,0.002440907,-0.001367786,0.000550184,0.002440907,,novatel_oem7_msgs.msg.InertialSolutionStatus(status=3),
1786043818188199042,1786043818.186302172,/novatel/oem7/fix,/novatel/oem7/fix,/novatel/oem7/inspva,39.663,-75.756,-1.799934335,0.001474293,0.002440907,-0.001367786,0.000550184,0.002440907,,0,
1786043818189323493,1786043818.186731504,/novatel/oem7/odom,/novatel/oem7/fix,/novatel/oem7/odom,39.663,-75.756,-1.799934335,0.001477162,0.002439172,0.000473241,-0.001399304,0.002439172,,,
1786043818195272016,1786043818.194562573,/novatel/oem7/odom,/novatel/oem7/fix,/novatel/oem7/odom,39.663,-75.756,-1.799934335,0.001477162,0.002439172,0.000473241,-0.001399304,0.002439172,,,
1786043818207252878,1786043818.206531817,/novatel/oem7/inspva,/novatel/oem7/inspva,/novatel/oem7/inspva,39.663,-75.756,-1.799933198,0.001650981,0.002054190,-0.001499770,0.000690237,0.002054190,,novatel_oem7_msgs.msg.InertialSolutionStatus(status=3),
1786043818208861788,1786043818.206737762,/novatel/oem7/fix,/novatel/oem7/fix,/novatel/oem7/inspva,39.663,-75.756,-1.799933198,0.001650981,0.002054190,-0.001499770,0.000690237,0.002054190,,0,
1786043818210122317,1786043818.207137753,/novatel/oem7/odom,/novatel/oem7/fix,/novatel/oem7/odom,39.663,-75.756,-1.799933198,0.001652906,0.002052641,0.000608269,-0.001536915,0.002052641,,,
1786043818211756870,1786043818.210063363,/novatel/oem7/bestpos,/novatel/oem7/bestpos,/novatel/oem7/odom,39.663,-75.756,33.182365043,0.001652906,0.002052641,0.000608269,-0.001536915,0.002052641,,novatel_oem7_msgs.msg.SolutionStatus(status=0),novatel_oem7_msgs.msg.PositionOrVelocityType(type=53)
1786043818212777847,1786043818.210468140,/novatel/oem7/bestvel,/novatel/oem7/bestpos,/novatel/oem7/bestvel,39.663,-75.756,33.182365043,0.001849303,0.001994314,,,,150.075327064,novatel_oem7_msgs.msg.SolutionStatus(status=0),novatel_oem7_msgs.msg.PositionOrVelocityType(type=53)
1786043818216148624,1786043818.215474378,/novatel/oem7/odom,/novatel/oem7/bestpos,/novatel/oem7/odom,39.663,-75.756,33.182365043,0.001652906,0.002052641,0.000608269,-0.001536915,0.002052641,,,
1786043818225661827,1786043818.225017827,/novatel/oem7/inspva,/novatel/oem7/inspva,/novatel/oem7/inspva,39.663,-75.756,-1.799938439,0.001358663,0.002012084,-0.001184452,0.000665613,0.002012084,,novatel_oem7_msgs.msg.InertialSolutionStatus(status=3),
1786043818227086992,1786043818.225175136,/novatel/oem7/fix,/novatel/oem7/fix,/novatel/oem7/inspva,39.663,-75.756,-1.799938439,0.001358663,0.002012084,-0.001184452,0.000665613,0.002012084,,0,
1786043818228212586,1786043818.225576310,/novatel/oem7/odom,/novatel/oem7/fix,/novatel/oem7/odom,39.663,-75.756,-1.799938439,0.001359776,0.002011333,0.000599180,-0.001220645,0.002011333,,,
1786043818235170710,1786043818.234485383,/novatel/oem7/odom,/novatel/oem7/fix,/novatel/oem7/odom,39.663,-75.756,-1.799938439,0.001359776,0.002011333,0.000599180,-0.001220645,0.002011333,,,
1786043818247663413,1786043818.246637619,/novatel/oem7/inspva,/novatel/oem7/inspva,/novatel/oem7/inspva,39.663,-75.756,-1.799930077,0.001129933,0.002427511,-0.001103047,0.000245021,0.002427511,,novatel_oem7_msgs.msg.InertialSolutionStatus(status=3),
1786043818249760454,1786043818.246993573,/novatel/oem7/fix,/novatel/oem7/fix,/novatel/oem7/inspva,39.663,-75.756,-1.799930077,0.001129933,0.002427511,-0.001103047,0.000245021,0.002427511,,0,
1786043818251369960,1786043818.247900918,/novatel/oem7/odom,/novatel/oem7/fix,/novatel/oem7/odom,39.663,-75.756,-1.799930077,0.001134563,0.002425351,0.000181360,-0.001119974,0.002425351,,,
1786043818257390038,1786043818.256504765,/novatel/oem7/odom,/novatel/oem7/fix,/novatel/oem7/odom,39.663,-75.756,-1.799930077,0.001134563,0.002425351,0.000181360,-0.001119974,0.002425351,,,
1786043818265935871,1786043818.265345042,/novatel/oem7/inspva,/novatel/oem7/inspva,/novatel/oem7/inspva,39.663,-75.756,-1.799934687,0.000966019,0.002329258,-0.000878877,0.000400959,0.002329258,,novatel_oem7_msgs.msg.InertialSolutionStatus(status=3),
1786043818267340692,1786043818.265559057,/novatel/oem7/fix,/novatel/oem7/fix,/novatel/oem7/inspva,39.663,-75.756,-1.799934687,0.000966019,0.002329258,-0.000878877,0.000400959,0.002329258,,0,
1786043818268492137,1786043818.265982915,/novatel/oem7/odom,/novatel/oem7/fix,/novatel/oem7/odom,39.663,-75.756,-1.799934687,0.000968258,0.002328329,0.000348402,-0.000903405,0.002328329,,,
1786043818276120668,1786043818.274934909,/novatel/oem7/odom,/novatel/oem7/fix,/novatel/oem7/odom,39.663,-75.756,-1.799934687,0.000968258,0.002328329,0.000348402,-0.000903405,0.002328329,,,
1786043818285949520,1786043818.285246683,/novatel/oem7/inspva,/novatel/oem7/inspva,/novatel/oem7/inspva,39.663,-75.756,-1.799932080,0.000915524,0.001947119,-0.000853001,0.000332524,0.001947119,,novatel_oem7_msgs.msg.InertialSolutionStatus(status=3),
1786043818288031094,1786043818.285522666,/novatel/oem7/fix,/novatel/oem7/fix,/novatel/oem7/inspva,39.663,-75.756,-1.799932080,0.000915524,0.001947119,-0.000853001,0.000332524,0.001947119,,0,
1786043818289461413,1786043818.286105155,/novatel/oem7/odom,/novatel/oem7/fix,/novatel/oem7/odom,39.663,-75.756,-1.799932080,0.000917895,0.001946002,0.000282850,-0.000873228,0.001946002,,,
1786043818295748872,1786043818.295001532,/novatel/oem7/odom,/novatel/oem7/fix,/novatel/oem7/odom,39.663,-75.756,-1.799932080,0.000917895,0.001946002,0.000282850,-0.000873228,0.001946002,,,
1786043818306979116,1786043818.306199732,/novatel/oem7/inspva,/novatel/oem7/inspva,/novatel/oem7/inspva,39.663,-75.756,-1.799935505,0.000932411,0.001912162,-0.000759801,0.000540456,0.001912162,,novatel_oem7_msgs.msg.InertialSolutionStatus(status=3),
1786043818308649030,1786043818.306462681,/novatel/oem7/fix,/novatel/oem7/fix,/novatel/oem7/inspva,39.663,-75.756,-1.799935505,0.000932411,0.001912162,-0.000759801,0.000540456,0.001912162,,0,
1786043818309830535,1786043818.306986736,/novatel/oem7/odom,/novatel/oem7/fix,/novatel/oem7/odom,39.663,-75.756,-1.799935505,0.000932523,0.001912108,0.000495214,-0.000790166,0.001912108,,,
1786043818311717051,1786043818.309351557,/novatel/oem7/bestpos,/novatel/oem7/bestpos,/novatel/oem7/odom,39.663,-75.756,33.182367682,0.000932523,0.001912108,0.000495214,-0.000790166,0.001912108,,novatel_oem7_msgs.msg.SolutionStatus(status=0),novatel_oem7_msgs.msg.PositionOrVelocityType(type=53)
1786043818312795955,1786043818.310020313,/novatel/oem7/bestvel,/novatel/oem7/bestpos,/novatel/oem7/bestvel,39.663,-75.756,33.182367682,0.000843907,0.001876736,,,,142.787513910,novatel_oem7_msgs.msg.SolutionStatus(status=0),novatel_oem7_msgs.msg.PositionOrVelocityType(type=53)
1786043818315111118,1786043818.314346525,/novatel/oem7/odom,/novatel/oem7/bestpos,/novatel/oem7/odom,39.663,-75.756,33.182367682,0.000932523,0.001912108,0.000495214,-0.000790166,0.001912108,,,
1786043818326259435,1786043818.325251614,/novatel/oem7/inspva,/novatel/oem7/inspva,/novatel/oem7/inspva,39.663,-75.756,-1.799929189,0.000989000,0.002238688,-0.000849308,0.000506751,0.002238688,,novatel_oem7_msgs.msg.InertialSolutionStatus(status=3),
1786043818328264111,1786043818.325656728,/novatel/oem7/fix,/novatel/oem7/fix,/novatel/oem7/inspva,39.663,-75.756,-1.799929189,0.000989000,0.002238688,-0.000849308,0.000506751,0.002238688,,0,
1786043818329777266,1786043818.326058683,/novatel/oem7/odom,/novatel/oem7/fix,/novatel/oem7/odom,39.663,-75.756,-1.799929189,0.000990000,0.002238246,0.000455875,-0.000878794,0.002238246,,,
1786043818336463704,1786043818.335517783,/novatel/oem7/odom,/novatel/oem7/fix,/novatel/oem7/odom,39.663,-75.756,-1.799929189,0.000990000,0.002238246,0.000455875,-0.000878794,0.002238246,,,
1786043818345502072,1786043818.344915570,/novatel/oem7/inspva,/novatel/oem7/inspva,/novatel/oem7/inspva,39.663,-75.756,-1.799934032,0.001044760,0.001903542,-0.000820558,0.000646690,0.001903542,,novatel_oem7_msgs.msg.InertialSolutionStatus(status=3),
1786043818346947487,1786043818.345135349,/novatel/oem7/fix,/novatel/oem7/fix,/novatel/oem7/inspva,39.663,-75.756,-1.799934032,0.001044760,0.001903542,-0.000820558,0.000646690,0.001903542,,0,
1786043818348099242,1786043818.345537956,/novatel/oem7/odom,/novatel/oem7/fix,/novatel/oem7/odom,39.663,-75.756,-1.799934032,0.001044415,0.001903732,0.000598392,-0.000855996,0.001903732,,,
1786043818357086816,1786043818.355962411,/novatel/oem7/odom,/novatel/oem7/fix,/novatel/oem7/odom,39.663,-75.756,-1.799934032,0.001044415,0.001903732,0.000598392,-0.000855996,0.001903732,,,
1786043818367771781,1786043818.367025220,/novatel/oem7/inspva,/novatel/oem7/inspva,/novatel/oem7/inspva,39.663,-75.756,-1.799920892,0.000719082,0.002582579,-0.000420836,0.000583074,0.002582579,,novatel_oem7_msgs.msg.InertialSolutionStatus(status=3),
1786043818369227392,1786043818.367230482,/novatel/oem7/fix,/novatel/oem7/fix,/novatel/oem7/inspva,39.663,-75.756,-1.799920892,0.000719082,0.002582579,-0.000420836,0.000583074,0.002582579,,0,
1786043818370382237,1786043818.367608173,/novatel/oem7/odom,/novatel/oem7/fix,/novatel/oem7/odom,39.663,-75.756,-1.799920892,0.000715304,0.002583628,0.000551576,-0.000455438,0.002583628,,,
1786043818375416478,1786043818.374739800,/novatel/oem7/odom,/novatel/oem7/fix,/novatel/oem7/odom,39.663,-75.756,-1.799920892,0.000715304,0.002583628,0.000551576,-0.000455438,0.002583628,,,
1786043818385616781,1786043818.384885074,/novatel/oem7/inspva,/novatel/oem7/inspva,/novatel/oem7/inspva,39.663,-75.756,-1.799921985,0.000591670,0.002197641,-0.000380900,0.000452756,0.002197641,,novatel_oem7_msgs.msg.InertialSolutionStatus(status=3),
1786043818387095453,1786043818.385093809,/novatel/oem7/fix,/novatel/oem7/fix,/novatel/oem7/inspva,39.663,-75.756,-1.799921985,0.000591670,0.002197641,-0.000380900,0.000452756,0.002197641,,0,
1786043818388223891,1786043818.385486280,/novatel/oem7/odom,/novatel/oem7/fix,/novatel/oem7/odom,39.663,-75.756,-1.799921985,0.000589198,0.002198305,0.000424900,-0.000408185,0.002198305,,,
1786043818396094057,1786043818.395394900,/novatel/oem7/odom,/novatel/oem7/fix,/novatel/oem7/odom,39.663,-75.756,-1.799921985,0.000589198,0.002198305,0.000424900,-0.000408185,0.002198305,,,
1786043818407039325,1786043818.406242020,/novatel/oem7/inspva,/novatel/oem7/inspva,/novatel/oem7/inspva,39.663,-75.756,-1.799910817,0.000690717,0.002323059,0.000186940,0.000664939,0.002323059,,novatel_oem7_msgs.msg.InertialSolutionStatus(status=3),
1786043818408697198,1786043818.406552700,/novatel/oem7/fix,/novatel/oem7/fix,/novatel/oem7/inspva,39.663,-75.756,-1.799910817,0.000690717,0.002323059,0.000186940,0.000664939,0.002323059,,0,
1786043818409883867,1786043818.406974741,/novatel/oem7/odom,/novatel/oem7/fix,/novatel/oem7/odom,39.663,-75.756,-1.799910817,0.000680306,0.002326129,0.000663941,0.000148321,0.002326129,,,
1786043818411565007,1786043818.410108466,/novatel/oem7/bestpos,/novatel/oem7/bestpos,/novatel/oem7/odom,39.663,-75.756,33.182392896,0.000680306,0.002326129,0.000663941,0.000148321,0.002326129,,novatel_oem7_msgs.msg.SolutionStatus(status=0),novatel_oem7_msgs.msg.PositionOrVelocityType(type=53)
1786043818412605844,1786043818.410464332,/novatel/oem7/bestvel,/novatel/oem7/bestpos,/novatel/oem7/bestvel,39.663,-75.756,33.182392896,0.000708967,0.002291028,,,,70.189407088,novatel_oem7_msgs.msg.SolutionStatus(status=0),novatel_oem7_msgs.msg.PositionOrVelocityType(type=53)
1786043818415889341,1786043818.415101883,/novatel/oem7/odom,/novatel/oem7/bestpos,/novatel/oem7/odom,39.663,-75.756,33.182392896,0.000680306,0.002326129,0.000663941,0.000148321,0.002326129,,,
1786043818426670243,1786043818.426076167,/novatel/oem7/inspva,/novatel/oem7/inspva,/novatel/oem7/inspva,39.663,-75.756,-1.799909284,0.000254619,0.002228496,-0.000069504,0.000244949,0.002228496,,novatel_oem7_msgs.msg.InertialSolutionStatus(status=3),
1786043818428048217,1786043818.426291216,/novatel/oem7/fix,/novatel/oem7/fix,/novatel/oem7/inspva,39.663,-75.756,-1.799909284,0.000254619,0.002228496,-0.000069504,0.000244949,0.002228496,,0,
1786043818429119851,1786043818.426653440,/novatel/oem7/odom,/novatel/oem7/fix,/novatel/oem7/odom,39.663,-75.756,-1.799909284,0.000248176,0.002229223,0.000232373,-0.000087142,0.002229223,,,
1786043818435093551,1786043818.434382508,/novatel/oem7/odom,/novatel/oem7/fix,/novatel/oem7/odom,39.663,-75.756,-1.799909284,0.000248176,0.002229223,0.000232373,-0.000087142,0.002229223,,,
1786043818446061569,1786043818.445188577,/novatel/oem7/inspva,/novatel/oem7/inspva,/novatel/oem7/inspva,39.663,-75.756,-1.799894527,0.000746151,0.002536461,-0.000197734,0.000719473,0.002536461,,novatel_oem7_msgs.msg.InertialSolutionStatus(status=3),
1786043818447725276,1786043818.445496570,/novatel/oem7/fix,/novatel/oem7/fix,/novatel/oem7/inspva,39.663,-75.756,-1.799894527,0.000746151,0.002536461,-0.000197734,0.000719473,0.002536461,,0,
1786043818448882061,1786043818.446034439,/novatel/oem7/odom,/novatel/oem7/fix,/novatel/oem7/odom,39.663,-75.756,-1.799894527,0.000738639,0.002538659,0.000698861,-0.000239124,0.002538659,,,
1786043818456993073,1786043818.456288339,/novatel/oem7/odom,/novatel/oem7/fix,/novatel/oem7/odom,39.663,-75.756,-1.799894527,0.000738639,0.002538659,0.000698861,-0.000239124,0.002538659,,,
1786043818465614607,1786043818.465037194,/novatel/oem7/inspva,/novatel/oem7/inspva,/novatel/oem7/inspva,39.663,-75.756,-1.799888370,0.001016910,0.002748365,-0.000638199,0.000791712,0.002748365,,novatel_oem7_msgs.msg.InertialSolutionStatus(status=3),
1786043818467022194,1786043818.465224110,/novatel/oem7/fix,/novatel/oem7/fix,/novatel/oem7/inspva,39.663,-75.756,-1.799888370,0.001016910,0.002748365,-0.000638199,0.000791712,0.002748365,,0,
1786043818468114685,1786043818.465633207,/novatel/oem7/odom,/novatel/oem7/fix,/novatel/oem7/odom,39.663,-75.756,-1.799888370,0.001013524,0.002749615,0.000748715,-0.000683123,0.002749615,,,
1786043818475916594,1786043818.474826857,/novatel/oem7/odom,/novatel/oem7/fix,/novatel/oem7/odom,39.663,-75.756,-1.799888370,0.001013524,0.002749615,0.000748715,-0.000683123,0.002749615,,,
1786043818487255649,1786043818.486627592,/novatel/oem7/inspva,/novatel/oem7/inspva,/novatel/oem7/inspva,39.663,-75.756,-1.799875652,0.000780276,0.002302780,-0.000268608,0.000732585,0.002302780,,novatel_oem7_msgs.msg.InertialSolutionStatus(status=3),
1786043818488678030,1786043818.486846408,/novatel/oem7/fix,/novatel/oem7/fix,/novatel/oem7/inspva,39.663,-75.756,-1.799875652,0.000780276,0.002302780,-0.000268608,0.000732585,0.002302780,,0,
1786043818489761198,1786043818.487359967,/novatel/oem7/odom,/novatel/oem7/fix,/novatel/oem7/odom,39.663,-75.756,-1.799875652,0.000774155,0.002304845,0.000709418,-0.000309907,0.002304845,,,
1786043818495278807,1786043818.494592633,/novatel/oem7/odom,/novatel/oem7/fix,/novatel/oem7/odom,39.663,-75.756,-1.799875652,0.000774155,0.002304845,0.000709418,-0.000309907,0.002304845,,,
1786043818506850207,1786043818.505926544,/novatel/oem7/inspva,/novatel/oem7/inspva,/novatel/oem7/inspva,39.663,-75.756,-1.799868261,0.000661718,0.002405868,-0.000429333,0.000503531,0.002405868,,novatel_oem7_msgs.msg.InertialSolutionStatus(status=3),
1786043818508802334,1786043818.506342732,/novatel/oem7/fix,/novatel/oem7/fix,/novatel/oem7/inspva,39.663,-75.756,-1.799868261,0.000661718,0.002405868,-0.000429333,0.000503531,0.002405868,,0,
1786043818510319156,1786043818.506805046,/novatel/oem7/odom,/novatel/oem7/fix,/novatel/oem7/odom,39.663,-75.756,-1.799868261,0.000659086,0.002406590,0.000472410,-0.000459590,0.002406590,,,
1786043818513530708,1786043818.512812857,/novatel/oem7/bestpos,/novatel/oem7/bestpos,/novatel/oem7/odom,39.663,-75.756,33.182432007,0.000659086,0.002406590,0.000472410,-0.000459590,0.002406590,,novatel_oem7_msgs.msg.SolutionStatus(status=0),novatel_oem7_msgs.msg.PositionOrVelocityType(type=53)
1786043818514985239,1786043818.513378440,/novatel/oem7/bestvel,/novatel/oem7/bestpos,/novatel/oem7/bestvel,39.663,-75.756,33.182432007,0.000502347,0.002276202,,,,110.571047265,novatel_oem7_msgs.msg.SolutionStatus(status=0),novatel_oem7_msgs.msg.PositionOrVelocityType(type=53)
1786043818516612036,1786043818.515527535,/novatel/oem7/odom,/novatel/oem7/bestpos,/novatel/oem7/odom,39.663,-75.756,33.182432007,0.000659086,0.002406590,0.000472410,-0.000459590,0.002406590,,,
1786043818526087225,1786043818.525544170,/novatel/oem7/inspva,/novatel/oem7/inspva,/novatel/oem7/inspva,39.663,-75.756,-1.799851177,0.000701023,0.002575757,0.000027737,0.000700474,0.002575757,,novatel_oem7_msgs.msg.InertialSolutionStatus(status=3),
1786043818527487062,1786043818.525734392,/novatel/oem7/fix,/novatel/oem7/fix,/novatel/oem7/inspva,39.663,-75.756,-1.799851177,0.000701023,0.002575757,0.000027737,0.000700474,0.002575757,,0,
1786043818528566746,1786043818.526369018,/novatel/oem7/odom,/novatel/oem7/fix,/novatel/oem7/odom,39.663,-75.756,-1.799851177,0.000690813,0.002578514,0.000690690,-0.000013065,0.002578514,,,
1786043818535451120,1786043818.534704778,/novatel/oem7/odom,/novatel/oem7/fix,/novatel/oem7/odom,39.663,-75.756,-1.799851177,0.000690813,0.002578514,0.000690690,-0.000013065,0.002578514,,,
1786043818546972083,1786043818.546138684,/novatel/oem7/inspva,/novatel/oem7/inspva,/novatel/oem7/inspva,39.663,-75.756,-1.799841588,0.000613769,0.002834779,-0.000395046,0.000469735,0.002834779,,novatel_oem7_msgs.msg.InertialSolutionStatus(status=3),
1786043818549132001,1786043818.546414447,/novatel/oem7/fix,/novatel/oem7/fix,/novatel/oem7/inspva,39.663,-75.756,-1.799841588,0.000613769,0.002834779,-0.000395046,0.000469735,0.002834779,,0,
1786043818550833769,1786043818.546989807,/novatel/oem7/odom,/novatel/oem7/fix,/novatel/oem7/odom,39.663,-75.756,-1.799841588,0.000610605,0.002835462,0.000438593,-0.000424823,0.002835462,,,
1786043818556918030,1786043818.555973781,/novatel/oem7/odom,/novatel/oem7/fix,/novatel/oem7/odom,39.663,-75.756,-1.799841588,0.000610605,0.002835462,0.000438593,-0.000424823,0.002835462,,,
1786043818566261548,1786043818.565390083,/novatel/oem7/inspva,/novatel/oem7/inspva,/novatel/oem7/inspva,39.663,-75.756,-1.799824543,0.001009045,0.002515295,-0.000389623,0.000930787,0.002515295,,novatel_oem7_msgs.msg.InertialSolutionStatus(status=3),
1786043818568208687,1786043818.565681332,/novatel/oem7/fix,/novatel/oem7/fix,/novatel/oem7/inspva,39.663,-75.756,-1.799824543,0.001009045,0.002515295,-0.000389623,0.000930787,0.002515295,,0,
1786043818569366693,1786043818.566226411,/novatel/oem7/odom,/novatel/oem7/fix,/novatel/oem7/odom,39.663,-75.756,-1.799824543,0.001002845,0.002517773,0.000900677,-0.000440997,0.002517773,,,
1786043818576798648,1786043818.575540125,/novatel/oem7/odom,/novatel/oem7/fix,/novatel/oem7/odom,39.663,-75.756,-1.799824543,0.001002845,0.002517773,0.000900677,-0.000440997,0.002517773,,,
1786043818585717901,1786043818.585034034,/novatel/oem7/inspva,/novatel/oem7/inspva,/novatel/oem7/inspva,39.663,-75.756,-1.799812069,0.000743692,0.002803809,-0.000539201,0.000512192,0.002803809,,novatel_oem7_msgs.msg.InertialSolutionStatus(status=3),
1786043818587126565,1786043818.585317180,/novatel/oem7/fix,/novatel/oem7/fix,/novatel/oem7/inspva,39.663,-75.756,-1.799812069,0.000743692,0.002803809,-0.000539201,0.000512192,0.002803809,,0,
1786043818588299334,1786043818.585749202,/novatel/oem7/odom,/novatel/oem7/fix,/novatel/oem7/odom,39.663,-75.756,-1.799812069,0.000742063,0.002804241,0.000474134,-0.000570837,0.002804241,,,
1786043818595069333,1786043818.594305185,/novatel/oem7/odom,/novatel/oem7/fix,/novatel/oem7/odom,39.663,-75.756,-1.799812069,0.000742063,0.002804241,0.000474134,-0.000570837,0.002804241,,,
1786043818607619753,1786043818.606178475,/novatel/oem7/inspva,/novatel/oem7/inspva,/novatel/oem7/inspva,39.663,-75.756,-1.799797911,0.000962433,0.002169408,-0.000427623,0.000862216,0.002169408,,novatel_oem7_msgs.msg.InertialSolutionStatus(status=3),
1786043818609749494,1786043818.606572232,/novatel/oem7/fix,/novatel/oem7/fix,/novatel/oem7/inspva,39.663,-75.756,-1.799797911,0.000962433,0.002169408,-0.000427623,0.000862216,0.002169408,,0,
1786043818610958903,1786043818.607070287,/novatel/oem7/odom,/novatel/oem7/fix,/novatel/oem7/odom,39.663,-75.756,-1.799797911,0.000742061,0.002804241,0.000474131,-0.000570837,0.002804241,,,
1786043818612599996,1786043818.611151625,/novatel/oem7/bestpos,/novatel/oem7/bestpos,/novatel/oem7/odom,39.663,-75.756,33.182497211,0.000742061,0.002804241,0.000474131,-0.000570837,0.002804241,,novatel_oem7_msgs.msg.SolutionStatus(status=0),novatel_oem7_msgs.msg.PositionOrVelocityType(type=53)
1786043818613590403,1786043818.611612686,/novatel/oem7/bestvel,/novatel/oem7/bestpos,/novatel/oem7/bestvel,39.663,-75.756,33.182497211,0.000878064,0.002141291,,,,112.393138433,novatel_oem7_msgs.msg.SolutionStatus(status=0),novatel_oem7_msgs.msg.PositionOrVelocityType(type=53)
1786043818615669067,1786043818.614556794,/novatel/oem7/odom,/novatel/oem7/bestpos,/novatel/oem7/odom,39.663,-75.756,33.182497211,0.000957669,0.002171515,0.000831705,-0.000474760,0.002171515,,,
1786043818625527531,1786043818.624968271,/novatel/oem7/inspva,/novatel/oem7/inspva,/novatel/oem7/inspva,39.663,-75.756,-1.799783846,0.000459088,0.002548930,-0.000381476,0.000255418,0.002548930,,novatel_oem7_msgs.msg.InertialSolutionStatus(status=3),
1786043818626896518,1786043818.625170950,/novatel/oem7/fix,/novatel/oem7/fix,/novatel/oem7/inspva,39.663,-75.756,-1.799783846,0.000459088,0.002548930,-0.000381476,0.000255418,0.002548930,,0,
1786043818628037632,1786043818.625509586,/novatel/oem7/odom,/novatel/oem7/fix,/novatel/oem7/odom,39.663,-75.756,-1.799783846,0.000459718,0.002548817,0.000226344,-0.000400136,0.002548817,,,
1786043818636231735,1786043818.635560235,/novatel/oem7/odom,/novatel/oem7/fix,/novatel/oem7/odom,39.663,-75.756,-1.799783846,0.000459718,0.002548817,0.000226344,-0.000400136,0.002548817,,,
1786043818646232980,1786043818.645311894,/novatel/oem7/inspva,/novatel/oem7/inspva,/novatel/oem7/inspva,39.663,-75.756,-1.799763041,0.000961166,0.002576489,-0.000518201,0.000809511,0.002576489,,novatel_oem7_msgs.msg.InertialSolutionStatus(status=3),
1786043818648307931,1786043818.645786772,/novatel/oem7/fix,/novatel/oem7/fix,/novatel/oem7/inspva,39.663,-75.756,-1.799763041,0.000961166,0.002576489,-0.000518201,0.000809511,0.002576489,,0,
1786043818650044782,1786043818.646242829,/novatel/oem7/odom,/novatel/oem7/fix,/novatel/oem7/odom,39.663,-75.756,-1.799763041,0.000956756,0.002578130,0.000773046,-0.000563721,0.002578130,,,
1786043818658065793,1786043818.657050268,/novatel/oem7/odom,/novatel/oem7/fix,/novatel/oem7/odom,39.663,-75.756,-1.799763041,0.000956756,0.002578130,0.000773046,-0.000563721,0.002578130,,,
1786043818667410304,1786043818.666300429,/novatel/oem7/inspva,/novatel/oem7/inspva,/novatel/oem7/inspva,39.663,-75.756,-1.799749323,0.000609423,0.002776335,-0.000409551,0.000451292,0.002776335,,novatel_oem7_msgs.msg.InertialSolutionStatus(status=3),
1786043818668932656,1786043818.667205292,/novatel/oem7/fix,/novatel/oem7/fix,/novatel/oem7/inspva,39.663,-75.756,-1.799749323,0.000609423,0.002776335,-0.000409551,0.000451292,0.002776335,,0,
1786043818670020264,1786043818.667821121,/novatel/oem7/odom,/novatel/oem7/fix,/novatel/oem7/odom,39.663,-75.756,-1.799749323,0.000606878,0.002776893,0.000419715,-0.000438337,0.002776893,,,
1786043818675854553,1786043818.674877080,/novatel/oem7/odom,/novatel/oem7/fix,/novatel/oem7/odom,39.663,-75.756,-1.799749323,0.000606878,0.002776893,0.000419715,-0.000438337,0.002776893,,,
1786043818686049779,1786043818.685346089,/novatel/oem7/inspva,/novatel/oem7/inspva,/novatel/oem7/inspva,39.663,-75.756,-1.799731300,0.000903697,0.002395029,-0.000585917,0.000688019,0.002395029,,novatel_oem7_msgs.msg.InertialSolutionStatus(status=3),
1786043818687501997,1786043818.685560884,/novatel/oem7/fix,/novatel/oem7/fix,/novatel/oem7/inspva,39.663,-75.756,-1.799731300,0.000903697,0.002395029,-0.000585917,0.000688019,0.002395029,,0,
1786043818688570658,1786043818.686112420,/novatel/oem7/odom,/novatel/oem7/fix,/novatel/oem7/odom,39.663,-75.756,-1.799731300,0.000901081,0.002396015,0.000649094,-0.000624999,0.002396015,,,
1786043818696214379,1786043818.695532192,/novatel/oem7/odom,/novatel/oem7/fix,/novatel/oem7/odom,39.663,-75.756,-1.799731300,0.000901081,0.002396015,0.000649094,-0.000624999,0.002396015,,,
1786043818706857853,1786043818.705942884,/novatel/oem7/inspva,/novatel/oem7/inspva,/novatel/oem7/inspva,39.663,-75.756,-1.799717274,0.000903863,0.002255387,-0.000504948,0.000749664,0.002255387,,novatel_oem7_msgs.msg.InertialSolutionStatus(status=3),
1786043818708473789,1786043818.706156312,/novatel/oem7/fix,/novatel/oem7/fix,/novatel/oem7/inspva,39.663,-75.756,-1.799717274,0.000903863,0.002255387,-0.000504948,0.000749664,0.002255387,,0,
1786043818709620074,1786043818.706560870,/novatel/oem7/odom,/novatel/oem7/fix,/novatel/oem7/odom,39.663,-75.756,-1.799717274,0.000900234,0.002256838,0.000715185,-0.000546746,0.002256838,,,
1786043818711134873,1786043818.709610291,/novatel/oem7/bestpos,/novatel/oem7/bestpos,/novatel/oem7/odom,39.663,-75.756,33.182576155,0.000900234,0.002256838,0.000715185,-0.000546746,0.002256838,,novatel_oem7_msgs.msg.SolutionStatus(status=0),novatel_oem7_msgs.msg.PositionOrVelocityType(type=53)
1786043818712098899,1786043818.710375142,/novatel/oem7/bestvel,/novatel/oem7/bestpos,/novatel/oem7/bestvel,39.663,-75.756,33.182576155,0.000830157,0.002309600,,,,128.129572557,novatel_oem7_msgs.msg.SolutionStatus(status=0),novatel_oem7_msgs.msg.PositionOrVelocityType(type=53)
1786043818715143227,1786043818.714433126,/novatel/oem7/odom,/novatel/oem7/bestpos,/novatel/oem7/odom,39.663,-75.756,33.182576155,0.000900234,0.002256838,0.000715185,-0.000546746,0.002256838,,,
1786043818727060037,1786043818.726550568,/novatel/oem7/inspva,/novatel/oem7/inspva,/novatel/oem7/inspva,39.663,-75.756,-1.799690703,0.000691144,0.002725697,-0.000575806,0.000382265,0.002725697,,novatel_oem7_msgs.msg.InertialSolutionStatus(status=3),
1786043818728458515,1786043818.726708150,/novatel/oem7/fix,/novatel/oem7/fix,/novatel/oem7/inspva,39.663,-75.756,-1.799690703,0.000691144,0.002725697,-0.000575806,0.000382265,0.002725697,,0,
1786043818729530985,1786043818.727116217,/novatel/oem7/odom,/novatel/oem7/fix,/novatel/oem7/odom,39.663,-75.756,-1.799690703,0.000691827,0.002725524,0.000342913,-0.000600861,0.002725524,,,
1786043818736038834,1786043818.735319437,/novatel/oem7/odom,/novatel/oem7/fix,/novatel/oem7/odom,39.663,-75.756,-1.799690703,0.000691827,0.002725524,0.000342913,-0.000600861,0.002725524,,,
1786043818746513744,1786043818.745306275,/novatel/oem7/inspva,/novatel/oem7/inspva,/novatel/oem7/inspva,39.663,-75.756,-1.799677641,0.000947046,0.002631636,-0.000565905,0.000759374,0.002631636,,novatel_oem7_msgs.msg.InertialSolutionStatus(status=3),
1786043818748631132,1786043818.745643211,/novatel/oem7/fix,/novatel/oem7/fix,/novatel/oem7/inspva,39.663,-75.756,-1.799677641,0.000947046,0.002631636,-0.000565905,0.000759374,0.002631636,,0,
1786043818750110304,1786043818.746041900,/novatel/oem7/odom,/novatel/oem7/fix,/novatel/oem7/odom,39.663,-75.756,-1.799677641,0.000943408,0.002632943,0.000720437,-0.000609089,0.002632943,,,
1786043818756773434,1786043818.755708223,/novatel/oem7/odom,/novatel/oem7/fix,/novatel/oem7/odom,39.663,-75.756,-1.799677641,0.000943408,0.002632943,0.000720437,-0.000609089,0.002632943,,,
1786043818765979167,1786043818.765347271,/novatel/oem7/inspva,/novatel/oem7/inspva,/novatel/oem7/inspva,39.663,-75.756,-1.799650623,0.000815105,0.002768975,-0.000324120,0.000747893,0.002768975,,novatel_oem7_msgs.msg.InertialSolutionStatus(status=3),
1786043818767418239,1786043818.765551440,/novatel/oem7/fix,/novatel/oem7/fix,/novatel/oem7/inspva,39.663,-75.756,-1.799650623,0.000815105,0.002768975,-0.000324120,0.000747893,0.002768975,,0,
1786043818768549667,1786043818.766183689,/novatel/oem7/odom,/novatel/oem7/fix,/novatel/oem7/odom,39.663,-75.756,-1.799650623,0.000808441,0.002770928,0.000720145,-0.000367380,0.002770928,,,
1786043818776166870,1786043818.774797720,/novatel/oem7/odom,/novatel/oem7/fix,/novatel/oem7/odom,39.663,-75.756,-1.799650623,0.000808441,0.002770928,0.000720145,-0.000367380,0.002770928,,,
1786043818786671816,1786043818.785967599,/novatel/oem7/inspva,/novatel/oem7/inspva,/novatel/oem7/inspva,39.663,-75.756,-1.799633775,0.000863987,0.002688901,-0.000266133,0.000821977,0.002688901,,novatel_oem7_msgs.msg.InertialSolutionStatus(status=3),
1786043818788103601,1786043818.786167718,/novatel/oem7/fix,/novatel/oem7/fix,/novatel/oem7/inspva,39.663,-75.756,-1.799633775,0.000863987,0.002688901,-0.000266133,0.000821977,0.002688901,,0,
1786043818789167145,1786043818.786652576,/novatel/oem7/odom,/novatel/oem7/fix,/novatel/oem7/odom,39.663,-75.756,-1.799633775,0.000856491,0.002691298,0.000797306,-0.000312859,0.002691298,,,
1786043818795278877,1786043818.794547260,/novatel/oem7/odom,/novatel/oem7/fix,/novatel/oem7/odom,39.663,-75.756,-1.799633775,0.000856491,0.002691298,0.000797306,-0.000312859,0.002691298,,,
1786043818807069283,1786043818.806210674,/novatel/oem7/inspva,/novatel/oem7/inspva,/novatel/oem7/inspva,39.663,-75.756,-1.799605261,0.001013125,0.002734976,-0.000356810,0.000948214,0.002734976,,novatel_oem7_msgs.msg.InertialSolutionStatus(status=3),
1786043818809996736,1786043818.806470366,/novatel/oem7/fix,/novatel/oem7/fix,/novatel/oem7/inspva,39.663,-75.756,-1.799605261,0.001013125,0.002734976,-0.000356810,0.000948214,0.002734976,,0,
1786043818811351616,1786043818.806963225,/novatel/oem7/odom,/novatel/oem7/fix,/novatel/oem7/odom,39.663,-75.756,-1.799605261,0.001006020,0.002737597,0.000918812,-0.000409709,0.002737597,,,
1786043818813408614,1786043818.810298769,/novatel/oem7/bestpos,/novatel/oem7/bestpos,/novatel/oem7/odom,39.663,-75.756,33.182692132,0.001006020,0.002737597,0.000918812,-0.000409709,0.002737597,,novatel_oem7_msgs.msg.SolutionStatus(status=0),novatel_oem7_msgs.msg.PositionOrVelocityType(type=53)
1786043818814434747,1786043818.810707869,/novatel/oem7/bestvel,/novatel/oem7/bestpos,/novatel/oem7/bestvel,39.663,-75.756,33.182692132,0.000770491,0.002742041,,,,104.287361512,novatel_oem7_msgs.msg.SolutionStatus(status=0),novatel_oem7_msgs.msg.PositionOrVelocityType(type=53)
1786043818816806671,1786043818.815460804,/novatel/oem7/odom,/novatel/oem7/bestpos,/novatel/oem7/odom,39.663,-75.756,33.182692132,0.001006020,0.002737597,0.000918812,-0.000409709,0.002737597,,,
1786043818826182533,1786043818.825299784,/novatel/oem7/inspva,/novatel/oem7/inspva,/novatel/oem7/inspva,39.663,-75.756,-1.799587448,0.000963739,0.002496940,-0.000134491,0.000954309,0.002496940,,novatel_oem7_msgs.msg.InertialSolutionStatus(status=3),
1786043818827992404,1786043818.825556523,/novatel/oem7/fix,/novatel/oem7/fix,/novatel/oem7/inspva,39.663,-75.756,-1.799587448,0.000963739,0.002496940,-0.000134491,0.000954309,0.002496940,,0,
1786043818829350338,1786043818.825947414,/novatel/oem7/odom,/novatel/oem7/fix,/novatel/oem7/odom,39.663,-75.756,-1.799587448,0.000955213,0.002500214,0.000936663,-0.000187333,0.002500214,,,
1786043818835406016,1786043818.834533980,/novatel/oem7/odom,/novatel/oem7/fix,/novatel/oem7/odom,39.663,-75.756,-1.799587448,0.000955213,0.002500214,0.000936663,-0.000187333,0.002500214,,,
1786043818847476021,1786043818.846299969,/novatel/oem7/inspva,/novatel/oem7/inspva,/novatel/oem7/inspva,39.663,-75.756,-1.799559255,0.001066223,0.002489102,-0.000653129,0.000842765,0.002489102,,novatel_oem7_msgs.msg.InertialSolutionStatus(status=3),
1786043818849327384,1786043818.846636733,/novatel/oem7/fix,/novatel/oem7/fix,/novatel/oem7/inspva,39.663,-75.756,-1.799559255,0.001066223,0.002489102,-0.000653129,0.000842765,0.002489102,,0,
1786043818850851615,1786043818.847145495,/novatel/oem7/odom,/novatel/oem7/fix,/novatel/oem7/odom,39.663,-75.756,-1.799559255,0.001062992,0.002490483,0.000800051,-0.000699909,0.002490483,,,
1786043818857874563,1786043818.856740289,/novatel/oem7/odom,/novatel/oem7/fix,/novatel/oem7/odom,39.663,-75.756,-1.799559255,0.001062992,0.002490483,0.000800051,-0.000699909,0.002490483,,,
1786043818865979945,1786043818.865098559,/novatel/oem7/inspva,/novatel/oem7/inspva,/novatel/oem7/inspva,39.663,-75.756,-1.799537951,0.000910362,0.002802684,-0.000184174,0.000891538,0.002802684,,novatel_oem7_msgs.msg.InertialSolutionStatus(status=3),
1786043818867774603,1786043818.865336826,/novatel/oem7/fix,/novatel/oem7/fix,/novatel/oem7/inspva,39.663,-75.756,-1.799537951,0.000910362,0.002802684,-0.000184174,0.000891538,0.002802684,,0,
1786043818869212551,1786043818.865687939,/novatel/oem7/odom,/novatel/oem7/fix,/novatel/oem7/odom,39.663,-75.756,-1.799537951,0.000901436,0.002805568,0.000870344,-0.000234710,0.002805568,,,
1786043818876067564,1786043818.875344517,/novatel/oem7/odom,/novatel/oem7/fix,/novatel/oem7/odom,39.663,-75.756,-1.799537951,0.000901436,0.002805568,0.000870344,-0.000234710,0.002805568,,,
1786043818887485583,1786043818.886515470,/novatel/oem7/inspva,/novatel/oem7/inspva,/novatel/oem7/inspva,39.663,-75.756,-1.799511313,0.001160123,0.002476122,-0.000303752,0.001119652,0.002476122,,novatel_oem7_msgs.msg.InertialSolutionStatus(status=3),
1786043818889128706,1786043818.886749642,/novatel/oem7/fix,/novatel/oem7/fix,/novatel/oem7/inspva,39.663,-75.756,-1.799511313,0.001160123,0.002476122,-0.000303752,0.001119652,0.002476122,,0,
1786043818890281604,1786043818.887264733,/novatel/oem7/odom,/novatel/oem7/fix,/novatel/oem7/odom,39.663,-75.756,-1.799511313,0.001152765,0.002479556,0.001093656,-0.000364395,0.002479556,,,
1786043818895768996,1786043818.895028836,/novatel/oem7/odom,/novatel/oem7/fix,/novatel/oem7/odom,39.663,-75.756,-1.799511313,0.001152765,0.002479556,0.001093656,-0.000364395,0.002479556,,,
1786043818906579429,1786043818.905801221,/novatel/oem7/inspva,/novatel/oem7/inspva,/novatel/oem7/inspva,39.663,-75.756,-1.799491631,0.000874685,0.002183282,0.000385816,0.000784996,0.002183282,,novatel_oem7_msgs.msg.InertialSolutionStatus(status=3),
1786043818909524366,1786043818.905993803,/novatel/oem7/fix,/novatel/oem7/fix,/novatel/oem7/inspva,39.663,-75.756,-1.799491631,0.000874685,0.002183282,0.000385816,0.000784996,0.002183282,,0,
1786043818910892876,1786043818.906499662,/novatel/oem7/odom,/novatel/oem7/fix,/novatel/oem7/odom,39.663,-75.756,-1.799491631,0.000864419,0.002187367,0.000794135,0.000341424,0.002187367,,,
1786043818912968977,1786043818.909088901,/novatel/oem7/bestpos,/novatel/oem7/bestpos,/novatel/oem7/odom,39.663,-75.756,33.182808626,0.000864419,0.002187367,0.000794135,0.000341424,0.002187367,,novatel_oem7_msgs.msg.SolutionStatus(status=0),novatel_oem7_msgs.msg.PositionOrVelocityType(type=53)
1786043818913940360,1786043818.909407921,/novatel/oem7/bestvel,/novatel/oem7/bestpos,/novatel/oem7/bestvel,39.663,-75.756,33.182808626,0.000819568,0.002246916,,,,68.985653691,novatel_oem7_msgs.msg.SolutionStatus(status=0),novatel_oem7_msgs.msg.PositionOrVelocityType(type=53)
1786043818915767756,1786043818.914754615,/novatel/oem7/odom,/novatel/oem7/bestpos,/novatel/oem7/odom,39.663,-75.756,33.182808626,0.000864419,0.002187367,0.000794135,0.000341424,0.002187367,,,
1786043818926607778,1786043818.925704577,/novatel/oem7/inspva,/novatel/oem7/inspva,/novatel/oem7/inspva,39.663,-75.756,-1.799458172,0.000723829,0.002745216,-0.000168208,0.000704013,0.002745216,,novatel_oem7_msgs.msg.InertialSolutionStatus(status=3),
1786043818928461114,1786043818.926617386,/novatel/oem7/fix,/novatel/oem7/fix,/novatel/oem7/inspva,39.663,-75.756,-1.799458172,0.000723829,0.002745216,-0.000168208,0.000704013,0.002745216,,0,
1786043818929845414,1786043818.927622878,/novatel/oem7/odom,/novatel/oem7/fix,/novatel/oem7/odom,39.663,-75.756,-1.799458172,0.000715406,0.002747423,0.000684054,-0.000209465,0.002747423,,,
1786043818936335203,1786043818.935634868,/novatel/oem7/odom,/novatel/oem7/fix,/novatel/oem7/odom,39.663,-75.756,-1.799458172,0.000715406,0.002747423,0.000684054,-0.000209465,0.002747423,,,
1786043818947093898,1786043818.945416245,/novatel/oem7/inspva,/novatel/oem7/inspva,/novatel/oem7/inspva,39.663,-75.756,-1.799438453,0.000710763,0.002568775,0.000220889,0.000675568,0.002568775,,novatel_oem7_msgs.msg.InertialSolutionStatus(status=3),
1786043818948905260,1786043818.945811282,/novatel/oem7/fix,/novatel/oem7/fix,/novatel/oem7/inspva,39.663,-75.756,-1.799438453,0.000710763,0.002568775,0.000220889,0.000675568,0.002568775,,0,
1786043818950501853,1786043818.946344708,/novatel/oem7/odom,/novatel/oem7/fix,/novatel/oem7/odom,39.663,-75.756,-1.799438453,0.000715397,0.002747425,0.000684043,-0.000209470,0.002747425,,,
1786043818956579771,1786043818.955694872,/novatel/oem7/odom,/novatel/oem7/fix,/novatel/oem7/odom,39.663,-75.756,-1.799438453,0.000699114,0.002571970,0.000675274,0.000181011,0.002571970,,,
1786043818967392188,1786043818.966570832,/novatel/oem7/inspva,/novatel/oem7/inspva,/novatel/oem7/inspva,39.663,-75.756,-1.799408608,0.000491410,0.002444814,-0.000101845,0.000480741,0.002444814,,novatel_oem7_msgs.msg.InertialSolutionStatus(status=3),
1786043818969186429,1786043818.966802392,/novatel/oem7/fix,/novatel/oem7/fix,/novatel/oem7/inspva,39.663,-75.756,-1.799408608,0.000491410,0.002444814,-0.000101845,0.000480741,0.002444814,,0,
1786043818970317427,1786043818.967313657,/novatel/oem7/odom,/novatel/oem7/fix,/novatel/oem7/odom,39.663,-75.756,-1.799408608,0.000483679,0.002446355,0.000465447,-0.000131545,0.002446355,,,
1786043818976923797,1786043818.975612567,/novatel/oem7/odom,/novatel/oem7/fix,/novatel/oem7/odom,39.663,-75.756,-1.799408608,0.000483679,0.002446355,0.000465447,-0.000131545,0.002446355,,,
1786043818986163864,1786043818.985184324,/novatel/oem7/inspva,/novatel/oem7/inspva,/novatel/oem7/inspva,39.663,-75.756,-1.799385524,0.000669368,0.002351326,0.000394550,0.000540725,0.002351326,,novatel_oem7_msgs.msg.InertialSolutionStatus(status=3),
1786043818988135293,1786043818.985503097,/novatel/oem7/fix,/novatel/oem7/fix,/novatel/oem7/inspva,39.663,-75.756,-1.799385524,0.000669368,0.002351326,0.000394550,0.000540725,0.002351326,,0,
1786043818989538698,1786043818.986229104,/novatel/oem7/odom,/novatel/oem7/fix,/novatel/oem7/odom,39.663,-75.756,-1.799385524,0.000658152,0.002354490,0.000549922,0.000361594,0.002354490,,,
1786043818996500928,1786043818.995551415,/novatel/oem7/odom,/novatel/oem7/fix,/novatel/oem7/odom,39.663,-75.756,-1.799385524,0.000658152,0.002354490,0.000549922,0.000361594,0.002354490,,,
1786043819011636515,1786043819.010009821,/novatel/oem7/inspva,/novatel/oem7/inspva,/novatel/oem7/inspva,39.663,-75.756,-1.799350165,0.000408744,0.002708741,0.000286755,0.000291279,0.002708741,,novatel_oem7_msgs.msg.InertialSolutionStatus(status=3),
1786043819013647768,1786043819.010251017,/novatel/oem7/fix,/novatel/oem7/fix,/novatel/oem7/inspva,39.663,-75.756,-1.799350165,0.000408744,0.002708741,0.000286755,0.000291279,0.002708741,,0,
1786043819014891464,1786043819.011502660,/novatel/oem7/odom,/novatel/oem7/fix,/novatel/oem7/odom,39.663,-75.756,-1.799350165,0.000395948,0.002710641,0.000294088,0.000265117,0.002710641,,,
1786043819016950595,1786043819.016110393,/novatel/oem7/odom,/novatel/oem7/fix,/novatel/oem7/odom,39.663,-75.756,-1.799350165,0.000395948,0.002710641,0.000294088,0.000265117,0.002710641,,,
1786043819026481915,1786043819.025586352,/novatel/oem7/bestpos,/novatel/oem7/bestpos,/novatel/oem7/odom,39.663,-75.756,33.182945371,0.000395948,0.002710641,0.000294088,0.000265117,0.002710641,,novatel_oem7_msgs.msg.SolutionStatus(status=0),novatel_oem7_msgs.msg.PositionOrVelocityType(type=53)
1786043819028559209,1786043819.027080467,/novatel/oem7/bestvel,/novatel/oem7/bestpos,/novatel/oem7/bestvel,39.663,-75.756,33.182945371,0.000720110,0.002560272,,,,7.882170438,novatel_oem7_msgs.msg.SolutionStatus(status=0),novatel_oem7_msgs.msg.PositionOrVelocityType(type=53)
1786043819029774828,1786043819.027667413,/novatel/oem7/inspva,/novatel/oem7/inspva,/novatel/oem7/inspva,39.663,-75.756,-1.799328878,0.000740592,0.002493364,0.000636477,0.000378648,0.002493364,,novatel_oem7_msgs.msg.InertialSolutionStatus(status=3),
1786043819030815159,1786043819.027893546,/novatel/oem7/fix,/novatel/oem7/fix,/novatel/oem7/inspva,39.663,-75.756,-1.799328878,0.000740592,0.002493364,0.000636477,0.000378648,0.002493364,,0,
1786043819032711594,1786043819.028404885,/novatel/oem7/odom,/novatel/oem7/fix,/novatel/oem7/odom,39.663,-75.756,-1.799328878,0.000729644,0.002496590,0.000399232,0.000610732,0.002496590,,,
1786043819035787322,1786043819.034900276,/novatel/oem7/odom,/novatel/oem7/fix,/novatel/oem7/odom,39.663,-75.756,-1.799328878,0.000729644,0.002496590,0.000399232,0.000610732,0.002496590,,,
1786043819046498714,1786043819.045466173,/novatel/oem7/inspva,/novatel/oem7/inspva,/novatel/oem7/inspva,39.663,-75.756,-1.799342489,0.000318605,0.002373986,0.000303639,0.000096502,0.002373986,,novatel_oem7_msgs.msg.InertialSolutionStatus(status=3),
1786043819048251911,1786043819.045706623,/novatel/oem7/fix,/novatel/oem7/fix,/novatel/oem7/inspva,39.663,-75.756,-1.799342489,0.000318605,0.002373986,0.000303639,0.000096502,0.002373986,,0,
1786043819049513214,1786043819.046167567,/novatel/oem7/odom,/novatel/oem7/fix,/novatel/oem7/odom,39.663,-75.756,-1.799342489,0.000309531,0.002375186,0.000101686,0.000292351,0.002375186,,,
1786043819057379007,1786043819.056468683,/novatel/oem7/odom,/novatel/oem7/fix,/novatel/oem7/odom,39.663,-75.756,-1.799342489,0.000309531,0.002375186,0.000101686,0.000292351,0.002375186,,,
1786043819066913364,1786043819.066093352,/novatel/oem7/inspva,/novatel/oem7/inspva,/novatel/oem7/inspva,39.663,-75.756,-1.799368316,0.000428033,0.002717032,0.000403678,0.000142322,0.002717032,,novatel_oem7_msgs.msg.InertialSolutionStatus(status=3),
1786043819068652418,1786043819.066324618,/novatel/oem7/fix,/novatel/oem7/fix,/novatel/oem7/inspva,39.663,-75.756,-1.799368316,0.000428033,0.002717032,0.000403678,0.000142322,0.002717032,,0,
1786043819069996225,1786043819.066885124,/novatel/oem7/odom,/novatel/oem7/fix,/novatel/oem7/odom,39.663,-75.756,-1.799368316,0.000417358,0.002718692,0.000150972,0.000389096,0.002718692,,,
1786043819075834097,1786043819.074466493,/novatel/oem7/odom,/novatel/oem7/fix,/novatel/oem7/odom,39.663,-75.756,-1.799368316,0.000417358,0.002718692,0.000150972,0.000389096,0.002718692,,,
1786043819086101814,1786043819.085169489,/novatel/oem7/inspva,/novatel/oem7/inspva,/novatel/oem7/inspva,39.663,-75.756,-1.799388590,0.000119569,0.002036850,0.000101588,0.000063060,0.002036850,,novatel_oem7_msgs.msg.InertialSolutionStatus(status=3),
1786043819088092914,1786043819.085514368,/novatel/oem7/fix,/novatel/oem7/fix,/novatel/oem7/inspva,39.663,-75.756,-1.799388590,0.000119569,0.002036850,0.000101588,0.000063060,0.002036850,,0,
1786043819089538356,1786043819.086154968,/novatel/oem7/odom,/novatel/oem7/fix,/novatel/oem7/odom,39.663,-75.756,-1.799388590,0.000110574,0.002037358,0.000059780,0.000093022,0.002037358,,,
1786043819096590674,1786043819.095751749,/novatel/oem7/odom,/novatel/oem7/fix,/novatel/oem7/odom,39.663,-75.756,-1.799388590,0.000110574,0.002037358,0.000059780,0.000093022,0.002037358,,,
1786043819107105377,1786043819.105819387,/novatel/oem7/inspva,/novatel/oem7/inspva,/novatel/oem7/inspva,39.663,-75.756,-1.799413866,0.000255405,0.002320627,0.000254954,0.000015168,0.002320627,,novatel_oem7_msgs.msg.InertialSolutionStatus(status=3),
1786043819110529461,1786043819.108771454,/novatel/oem7/bestpos,/novatel/oem7/bestpos,/novatel/oem7/inspva,39.663,-75.756,33.182894033,0.000255405,0.002320627,0.000254954,0.000015168,0.002320627,,novatel_oem7_msgs.msg.SolutionStatus(status=0),novatel_oem7_msgs.msg.PositionOrVelocityType(type=53)
1786043819112111251,1786043819.106070766,/novatel/oem7/fix,/novatel/oem7/fix,/novatel/oem7/inspva,39.663,-75.756,-1.799413866,0.000255405,0.002320627,0.000254954,0.000015168,0.002320627,,0,
1786043819113218719,1786043819.106610308,/novatel/oem7/odom,/novatel/oem7/fix,/novatel/oem7/odom,39.663,-75.756,-1.799413866,0.000248497,0.002321377,0.000018332,0.000247820,0.002321377,,,
1786043819114653053,1786043819.109381560,/novatel/oem7/bestvel,/novatel/oem7/fix,/novatel/oem7/bestvel,39.663,-75.756,-1.799413866,0.000684811,0.002814422,,,,272.096407897,novatel_oem7_msgs.msg.SolutionStatus(status=0),novatel_oem7_msgs.msg.PositionOrVelocityType(type=53)
1786043819116226863,1786043819.114355300,/novatel/oem7/odom,/novatel/oem7/fix,/novatel/oem7/odom,39.663,-75.756,-1.799413866,0.000248497,0.002321377,0.000018332,0.000247820,0.002321377,,,
1786043819127197977,1786043819.126675918,/novatel/oem7/inspva,/novatel/oem7/inspva,/novatel/oem7/inspva,39.663,-75.756,-1.799428741,0.000529254,0.002298498,0.000107790,-0.000518161,0.002298498,,novatel_oem7_msgs.msg.InertialSolutionStatus(status=3),
1786043819128540753,1786043819.126860096,/novatel/oem7/fix,/novatel/oem7/fix,/novatel/oem7/inspva,39.663,-75.756,-1.799428741,0.000529254,0.002298498,0.000107790,-0.000518161,0.002298498,,0,
1786043819129585601,1786043819.127468693,/novatel/oem7/odom,/novatel/oem7/fix,/novatel/oem7/odom,39.663,-75.756,-1.799428741,0.000536676,0.002296776,-0.000521471,0.000126842,0.002296776,,,
1786043819135286062,1786043819.134582318,/novatel/oem7/odom,/novatel/oem7/fix,/novatel/oem7/odom,39.663,-75.756,-1.799428741,0.000536676,0.002296776,-0.000521471,0.000126842,0.002296776,,,
1786043819146275876,1786043819.145171008,/novatel/oem7/inspva,/novatel/oem7/inspva,/novatel/oem7/inspva,39.663,-75.756,-1.799456821,0.000437589,0.002307052,0.000201689,-0.000388337,0.002307052,,novatel_oem7_msgs.msg.InertialSolutionStatus(status=3),
1786043819148088288,1786043819.145480805,/novatel/oem7/fix,/novatel/oem7/fix,/novatel/oem7/inspva,39.663,-75.756,-1.799456821,0.000437589,0.002307052,0.000201689,-0.000388337,0.002307052,,0,
1786043819149457635,1786043819.146382028,/novatel/oem7/odom,/novatel/oem7/fix,/novatel/oem7/odom,39.663,-75.756,-1.799456821,0.000442572,0.002306101,-0.000387239,0.000214279,0.002306101,,,
1786043819157083219,1786043819.156157610,/novatel/oem7/odom,/novatel/oem7/fix,/novatel/oem7/odom,39.663,-75.756,-1.799456821,0.000442572,0.002306101,-0.000387239,0.000214279,0.002306101,,,
1786043819166035580,1786043819.165338019,/novatel/oem7/inspva,/novatel/oem7/inspva,/novatel/oem7/inspva,39.663,-75.756,-1.799473838,0.000287302,0.002090877,-0.000047481,-0.000283351,0.002090877,,novatel_oem7_msgs.msg.InertialSolutionStatus(status=3),
1786043819167724737,1786043819.165550768,/novatel/oem7/fix,/novatel/oem7/fix,/novatel/oem7/inspva,39.663,-75.756,-1.799473838,0.000287302,0.002090877,-0.000047481,-0.000283351,0.002090877,,0,
1786043819169153991,1786043819.166184908,/novatel/oem7/odom,/novatel/oem7/fix,/novatel/oem7/odom,39.663,-75.756,-1.799473838,0.000296251,0.002089628,-0.000293659,-0.000039108,0.002089628,,,
1786043819176121635,1786043819.175089651,/novatel/oem7/odom,/novatel/oem7/fix,/novatel/oem7/odom,39.663,-75.756,-1.799473838,0.000296251,0.002089628,-0.000293659,-0.000039108,0.002089628,,,
1786043819186978531,1786043819.186123986,/novatel/oem7/inspva,/novatel/oem7/inspva,/novatel/oem7/inspva,39.663,-75.756,-1.799503521,0.000664861,0.002109383,0.000051501,-0.000662864,0.002109383,,novatel_oem7_msgs.msg.InertialSolutionStatus(status=3),
1786043819188900754,1786043819.186395185,/novatel/oem7/fix,/novatel/oem7/fix,/novatel/oem7/inspva,39.663,-75.756,-1.799503521,0.000664861,0.002109383,0.000051501,-0.000662864,0.002109383,,0,
1786043819190314315,1786043819.186969641,/novatel/oem7/odom,/novatel/oem7/fix,/novatel/oem7/odom,39.663,-75.756,-1.799503521,0.000672531,0.002106950,-0.000667970,0.000078192,0.002106950,,,
1786043819195244935,1786043819.194392886,/novatel/oem7/odom,/novatel/oem7/fix,/novatel/oem7/odom,39.663,-75.756,-1.799503521,0.000672531,0.002106950,-0.000667970,0.000078192,0.002106950,,,
1786043819206513886,1786043819.205769548,/novatel/oem7/inspva,/novatel/oem7/inspva,/novatel/oem7/inspva,39.663,-75.756,-1.799520558,0.000620951,0.002038792,-0.000055768,-0.000618442,0.002038792,,novatel_oem7_msgs.msg.InertialSolutionStatus(status=3),
1786043819208060825,1786043819.205987107,/novatel/oem7/fix,/novatel/oem7/fix,/novatel/oem7/inspva,39.663,-75.756,-1.799520558,0.000620951,0.002038792,-0.000055768,-0.000618442,0.002038792,,0,
1786043819209275544,1786043819.206972080,/novatel/oem7/odom,/novatel/oem7/fix,/novatel/oem7/odom,39.663,-75.756,-1.799520558,0.000629291,0.002036233,-0.000628530,-0.000030941,0.002036233,,,
1786043819211531733,1786043819.210220973,/novatel/oem7/bestpos,/novatel/oem7/bestpos,/novatel/oem7/odom,39.663,-75.756,33.182784204,0.000629291,0.002036233,-0.000628530,-0.000030941,0.002036233,,novatel_oem7_msgs.msg.SolutionStatus(status=0),novatel_oem7_msgs.msg.PositionOrVelocityType(type=53)
1786043819213099062,1786043819.210712344,/novatel/oem7/bestvel,/novatel/oem7/bestpos,/novatel/oem7/bestvel,39.663,-75.756,33.182784204,0.000691468,0.002023024,,,,272.932845964,novatel_oem7_msgs.msg.SolutionStatus(status=0),novatel_oem7_msgs.msg.PositionOrVelocityType(type=53)
1786043819216471473,1786043819.215573540,/novatel/oem7/odom,/novatel/oem7/bestpos,/novatel/oem7/odom,39.663,-75.756,33.182784204,0.000629291,0.002036233,-0.000628530,-0.000030941,0.002036233,,,
1786043819225639889,1786043819.224960392,/novatel/oem7/inspva,/novatel/oem7/inspva,/novatel/oem7/inspva,39.663,-75.756,-1.799550281,0.000842504,0.002075476,-0.000215931,-0.000814363,0.002075476,,novatel_oem7_msgs.msg.InertialSolutionStatus(status=3),
1786043819227357670,1786043819.225170361,/novatel/oem7/fix,/novatel/oem7/fix,/novatel/oem7/inspva,39.663,-75.756,-1.799550281,0.000842504,0.002075476,-0.000215931,-0.000814363,0.002075476,,0,
1786043819228706140,1786043819.225586165,/novatel/oem7/odom,/novatel/oem7/fix,/novatel/oem7/odom,39.663,-75.756,-1.799550281,0.000851736,0.002071704,-0.000832183,-0.000181452,0.002071704,,,
1786043819234996217,1786043819.234357497,/novatel/oem7/odom,/novatel/oem7/fix,/novatel/oem7/odom,39.663,-75.756,-1.799550281,0.000851736,0.002071704,-0.000832183,-0.000181452,0.002071704,,,
1786043819247697665,1786043819.246609581,/novatel/oem7/inspva,/novatel/oem7/inspva,/novatel/oem7/inspva,39.663,-75.756,-1.799568309,0.000847441,0.001831919,-0.000051502,-0.000845874,0.001831919,,novatel_oem7_msgs.msg.InertialSolutionStatus(status=3),
1786043819249790190,1786043819.246906401,/novatel/oem7/fix,/novatel/oem7/fix,/novatel/oem7/inspva,39.663,-75.756,-1.799568309,0.000847441,0.001831919,-0.000051502,-0.000845874,0.001831919,,0,
1786043819251339102,1786043819.247511997,/novatel/oem7/odom,/novatel/oem7/fix,/novatel/oem7/odom,39.663,-75.756,-1.799568309,0.000854815,0.001828490,-0.000854682,-0.000015042,0.001828490,,,
1786043819257413577,1786043819.256544932,/novatel/oem7/odom,/novatel/oem7/fix,/novatel/oem7/odom,39.663,-75.756,-1.799568309,0.000854815,0.001828490,-0.000854682,-0.000015042,0.001828490,,,
1786043819265530406,1786043819.265024381,/novatel/oem7/inspva,/novatel/oem7/inspva,/novatel/oem7/inspva,39.663,-75.756,-1.799597671,0.000654363,0.001969950,-0.000350357,-0.000552667,0.001969950,,novatel_oem7_msgs.msg.InertialSolutionStatus(status=3),
1786043819266792508,1786043819.265188849,/novatel/oem7/fix,/novatel/oem7/fix,/novatel/oem7/inspva,39.663,-75.756,-1.799597671,0.000654363,0.001969950,-0.000350357,-0.000552667,0.001969950,,0,
1786043819267804679,1786043819.265691054,/novatel/oem7/odom,/novatel/oem7/fix,/novatel/oem7/odom,39.663,-75.756,-1.799597671,0.000663733,0.001966813,-0.000576927,-0.000328172,0.001966813,,,
1786043819275766616,1786043819.274771429,/novatel/oem7/odom,/novatel/oem7/fix,/novatel/oem7/odom,39.663,-75.756,-1.799597671,0.000663733,0.001966813,-0.000576927,-0.000328172,0.001966813,,,
1786043819285901108,1786043819.285156674,/novatel/oem7/inspva,/novatel/oem7/inspva,/novatel/oem7/inspva,39.663,-75.756,-1.799611990,0.000474396,0.002153651,-0.000198109,-0.000431050,0.002153651,,novatel_oem7_msgs.msg.InertialSolutionStatus(status=3),
1786043819287643256,1786043819.285393363,/novatel/oem7/fix,/novatel/oem7/fix,/novatel/oem7/inspva,39.663,-75.756,-1.799611990,0.000474396,0.002153651,-0.000198109,-0.000431050,0.002153651,,0,
1786043819289023803,1786043819.286098520,/novatel/oem7/odom,/novatel/oem7/fix,/novatel/oem7/odom,39.663,-75.756,-1.799611990,0.000484461,0.002151409,-0.000448770,-0.000182502,0.002151409,,,
1786043819295849909,1786043819.294974127,/novatel/oem7/odom,/novatel/oem7/fix,/novatel/oem7/odom,39.663,-75.756,-1.799611990,0.000484461,0.002151409,-0.000448770,-0.000182502,0.002151409,,,
1786043819306691875,1786043819.305915651,/novatel/oem7/inspva,/novatel/oem7/inspva,/novatel/oem7/inspva,39.663,-75.756,-1.799643481,0.000515392,0.001943488,-0.000433540,-0.000278697,0.001943488,,novatel_oem7_msgs.msg.InertialSolutionStatus(status=3),
1786043819308343649,1786043819.306133853,/novatel/oem7/fix,/novatel/oem7/fix,/novatel/oem7/inspva,39.663,-75.756,-1.799643481,0.000515392,0.001943488,-0.000433540,-0.000278697,0.001943488,,0,
1786043819309710536,1786043819.306659455,/novatel/oem7/odom,/novatel/oem7/fix,/novatel/oem7/odom,39.663,-75.756,-1.799643481,0.000524023,0.001941178,-0.000307203,-0.000424530,0.001941178,,,
1786043819311510154,1786043819.309211161,/novatel/oem7/bestpos,/novatel/oem7/bestpos,/novatel/oem7/odom,39.663,-75.756,33.182668623,0.000524023,0.001941178,-0.000307203,-0.000424530,0.001941178,,novatel_oem7_msgs.msg.SolutionStatus(status=0),novatel_oem7_msgs.msg.PositionOrVelocityType(type=53)
1786043819312500961,1786043819.309902774,/novatel/oem7/bestvel,/novatel/oem7/bestpos,/novatel/oem7/bestvel,39.663,-75.756,33.182668623,0.000525476,0.001938756,,,,238.337422327,novatel_oem7_msgs.msg.SolutionStatus(status=0),novatel_oem7_msgs.msg.PositionOrVelocityType(type=53)
1786043819315313292,1786043819.314499354,/novatel/oem7/odom,/novatel/oem7/bestpos,/novatel/oem7/odom,39.663,-75.756,33.182668623,0.000524023,0.001941178,-0.000307203,-0.000424530,0.001941178,,,
1786043819325859323,1786043819.325175576,/novatel/oem7/inspva,/novatel/oem7/inspva,/novatel/oem7/inspva,39.663,-75.756,-1.799658109,0.000626990,0.001926946,-0.000576647,-0.000246160,0.001926946,,novatel_oem7_msgs.msg.InertialSolutionStatus(status=3),
1786043819327525649,1786043819.325406868,/novatel/oem7/fix,/novatel/oem7/fix,/novatel/oem7/inspva,39.663,-75.756,-1.799658109,0.000626990,0.001926946,-0.000576647,-0.000246160,0.001926946,,0,
1786043819328806185,1786043819.326038458,/novatel/oem7/odom,/novatel/oem7/fix,/novatel/oem7/odom,39.663,-75.756,-1.799658109,0.000634856,0.001924369,-0.000281611,-0.000568980,0.001924369,,,
1786043819336102199,1786043819.335436863,/novatel/oem7/odom,/novatel/oem7/fix,/novatel/oem7/odom,39.663,-75.756,-1.799658109,0.000634856,0.001924369,-0.000281611,-0.000568980,0.001924369,,,
1786043819345913909,1786043819.344920585,/novatel/oem7/inspva,/novatel/oem7/inspva,/novatel/oem7/inspva,39.663,-75.756,-1.799687595,0.000740866,0.001743813,-0.000627197,-0.000394343,0.001743813,,novatel_oem7_msgs.msg.InertialSolutionStatus(status=3),
1786043819347917909,1786043819.345188811,/novatel/oem7/fix,/novatel/oem7/fix,/novatel/oem7/inspva,39.663,-75.756,-1.799687595,0.000740866,0.001743813,-0.000627197,-0.000394343,0.001743813,,0,
1786043819349619519,1786043819.345766990,/novatel/oem7/odom,/novatel/oem7/fix,/novatel/oem7/odom,39.663,-75.756,-1.799687595,0.000748581,0.001740515,-0.000431339,-0.000611817,0.001740515,,,
1786043819356670620,1786043819.355649267,/novatel/oem7/odom,/novatel/oem7/fix,/novatel/oem7/odom,39.663,-75.756,-1.799687595,0.000748581,0.001740515,-0.000431339,-0.000611817,0.001740515,,,
1786043819367238224,1786043819.366600038,/novatel/oem7/inspva,/novatel/oem7/inspva,/novatel/oem7/inspva,39.663,-75.756,-1.799699904,0.000670160,0.002077673,-0.000267083,-0.000614639,0.002077673,,novatel_oem7_msgs.msg.InertialSolutionStatus(status=3),
1786043819368631938,1786043819.366835160,/novatel/oem7/fix,/novatel/oem7/fix,/novatel/oem7/inspva,39.663,-75.756,-1.799699904,0.000670160,0.002077673,-0.000267083,-0.000614639,0.002077673,,0,
1786043819369666072,1786043819.367603205,/novatel/oem7/odom,/novatel/oem7/fix,/novatel/oem7/odom,39.663,-75.756,-1.799699904,0.000679810,0.002074536,-0.000635172,-0.000242277,0.002074536,,,
1786043819375665399,1786043819.374770137,/novatel/oem7/odom,/novatel/oem7/fix,/novatel/oem7/odom,39.663,-75.756,-1.799699904,0.000679810,0.002074536,-0.000635172,-0.000242277,0.002074536,,,
1786043819385944943,1786043819.385157459,/novatel/oem7/inspva,/novatel/oem7/inspva,/novatel/oem7/inspva,39.663,-75.756,-1.799728190,0.000796071,0.001794956,-0.000585181,-0.000539714,0.001794956,,novatel_oem7_msgs.msg.InertialSolutionStatus(status=3),
1786043819387739038,1786043819.385403665,/novatel/oem7/fix,/novatel/oem7/fix,/novatel/oem7/inspva,39.663,-75.756,-1.799728190,0.000796071,0.001794956,-0.000585181,-0.000539714,0.001794956,,0,
1786043819389120189,1786043819.386136585,/novatel/oem7/odom,/novatel/oem7/fix,/novatel/oem7/odom,39.663,-75.756,-1.799728190,0.000804451,0.001791215,-0.000574710,-0.000562895,0.001791215,,,
1786043819395500153,1786043819.394726399,/novatel/oem7/odom,/novatel/oem7/fix,/novatel/oem7/odom,39.663,-75.756,-1.799728190,0.000804451,0.001791215,-0.000574710,-0.000562895,0.001791215,,,
1786043819406928829,1786043819.406171128,/novatel/oem7/inspva,/novatel/oem7/inspva,/novatel/oem7/inspva,39.663,-75.756,-1.799738117,0.000683684,0.002142391,-0.000475006,-0.000491725,0.002142391,,novatel_oem7_msgs.msg.InertialSolutionStatus(status=3),
1786043819408802928,1786043819.406391093,/novatel/oem7/fix,/novatel/oem7/fix,/novatel/oem7/inspva,39.663,-75.756,-1.799738117,0.000683684,0.002142391,-0.000475006,-0.000491725,0.002142391,,0,
1786043819410357650,1786043819.406901198,/novatel/oem7/odom,/novatel/oem7/fix,/novatel/oem7/odom,39.663,-75.756,-1.799738117,0.000693794,0.002139138,-0.000522819,-0.000456081,0.002139138,,,
1786043819411925656,1786043819.410309033,/novatel/oem7/bestpos,/novatel/oem7/bestpos,/novatel/oem7/odom,39.663,-75.756,33.182568387,0.000693794,0.002139138,-0.000522819,-0.000456081,0.002139138,,novatel_oem7_msgs.msg.SolutionStatus(status=0),novatel_oem7_msgs.msg.PositionOrVelocityType(type=53)
1786043819412826745,1786043819.410732607,/novatel/oem7/bestvel,/novatel/oem7/bestpos,/novatel/oem7/bestvel,39.663,-75.756,33.182568387,0.000411971,0.001930418,,,,214.179193314,novatel_oem7_msgs.msg.SolutionStatus(status=0),novatel_oem7_msgs.msg.PositionOrVelocityType(type=53)
1786043819415515399,1786043819.414861736,/novatel/oem7/odom,/novatel/oem7/bestpos,/novatel/oem7/odom,39.663,-75.756,33.182568387,0.000693794,0.002139138,-0.000522819,-0.000456081,0.002139138,,,
1786043819426601642,1786043819.426069029,/novatel/oem7/inspva,/novatel/oem7/inspva,/novatel/oem7/inspva,39.663,-75.756,-1.799766234,0.000796415,0.001921914,-0.000643058,-0.000469844,0.001921914,,novatel_oem7_msgs.msg.InertialSolutionStatus(status=3),
1786043819427882208,1786043819.426255308,/novatel/oem7/fix,/novatel/oem7/fix,/novatel/oem7/inspva,39.663,-75.756,-1.799766234,0.000796415,0.001921914,-0.000643058,-0.000469844,0.001921914,,0,
1786043819428893515,1786043819.426757656,/novatel/oem7/odom,/novatel/oem7/fix,/novatel/oem7/odom,39.663,-75.756,-1.799766234,0.000805131,0.001918279,-0.000508264,-0.000624423,0.001918279,,,
1786043819435078463,1786043819.434443814,/novatel/oem7/odom,/novatel/oem7/fix,/novatel/oem7/odom,39.663,-75.756,-1.799766234,0.000805131,0.001918279,-0.000508264,-0.000624423,0.001918279,,,
1786043819446087275,1786043819.445107679,/novatel/oem7/inspva,/novatel/oem7/inspva,/novatel/oem7/inspva,39.663,-75.756,-1.799780283,0.000877893,0.001796068,-0.000705810,-0.000522042,0.001796068,,novatel_oem7_msgs.msg.InertialSolutionStatus(status=3),
1786043819448122829,1786043819.445370794,/novatel/oem7/fix,/novatel/oem7/fix,/novatel/oem7/inspva,39.663,-75.756,-1.799780283,0.000877893,0.001796068,-0.000705810,-0.000522042,0.001796068,,0,
1786043819449757942,1786043819.446041928,/novatel/oem7/odom,/novatel/oem7/fix,/novatel/oem7/odom,39.663,-75.756,-1.799780283,0.000886055,0.001792056,-0.000562947,-0.000684240,0.001792056,,,
1786043819457315338,1786043819.456365036,/novatel/oem7/odom,/novatel/oem7/fix,/novatel/oem7/odom,39.663,-75.756,-1.799780283,0.000886055,0.001792056,-0.000562947,-0.000684240,0.001792056,,,
1786043819465794354,1786043819.465024340,/novatel/oem7/inspva,/novatel/oem7/inspva,/novatel/oem7/inspva,39.663,-75.756,-1.799806052,0.000949941,0.001496796,-0.000893272,-0.000323192,0.001496796,,novatel_oem7_msgs.msg.InertialSolutionStatus(status=3),
1786043819467669683,1786043819.465279919,/novatel/oem7/fix,/novatel/oem7/fix,/novatel/oem7/inspva,39.663,-75.756,-1.799806052,0.000949941,0.001496796,-0.000893272,-0.000323192,0.001496796,,0,
1786043819468864139,1786043819.465910915,/novatel/oem7/odom,/novatel/oem7/fix,/novatel/oem7/odom,39.663,-75.756,-1.799806052,0.000955862,0.001493022,-0.000372274,-0.000880388,0.001493022,,,
1786043819475870360,1786043819.474522116,/novatel/oem7/odom,/novatel/oem7/fix,/novatel/oem7/odom,39.663,-75.756,-1.799806052,0.000955862,0.001493022,-0.000372274,-0.000880388,0.001493022,,,
1786043819487278141,1786043819.486503050,/novatel/oem7/inspva,/novatel/oem7/inspva,/novatel/oem7/inspva,39.663,-75.756,-1.799811712,0.000830124,0.002342229,-0.000562647,-0.000610356,0.002342229,,novatel_oem7_msgs.msg.InertialSolutionStatus(status=3),
1786043819488817474,1786043819.486709062,/novatel/oem7/fix,/novatel/oem7/fix,/novatel/oem7/inspva,39.663,-75.756,-1.799811712,0.000830124,0.002342229,-0.000562647,-0.000610356,0.002342229,,0,
1786043819489908442,1786043819.487395586,/novatel/oem7/odom,/novatel/oem7/fix,/novatel/oem7/odom,39.663,-75.756,-1.799811712,0.000841245,0.002338258,-0.000646364,-0.000538430,0.002338258,,,
1786043819495280279,1786043819.494595745,/novatel/oem7/odom,/novatel/oem7/fix,/novatel/oem7/odom,39.663,-75.756,-1.799811712,0.000841245,0.002338258,-0.000646364,-0.000538430,0.002338258,,,
1786043819506741282,1786043819.505814182,/novatel/oem7/inspva,/novatel/oem7/inspva,/novatel/oem7/inspva,39.663,-75.756,-1.799841303,0.000982889,0.001767738,-0.000776177,-0.000603008,0.001767738,,novatel_oem7_msgs.msg.InertialSolutionStatus(status=3),
1786043819508445559,1786043819.506030661,/novatel/oem7/fix,/novatel/oem7/fix,/novatel/oem7/inspva,39.663,-75.756,-1.799841303,0.000982889,0.001767738,-0.000776177,-0.000603008,0.001767738,,0,
1786043819509608834,1786043819.506730088,/novatel/oem7/odom,/novatel/oem7/fix,/novatel/oem7/odom,39.663,-75.756,-1.799841303,0.000991006,0.001763200,-0.000647154,-0.000750523,0.001763200,,,
1786043819512075899,1786043819.511095746,/novatel/oem7/bestpos,/novatel/oem7/bestpos,/novatel/oem7/odom,39.663,-75.756,33.182454883,0.000991006,0.001763200,-0.000647154,-0.000750523,0.001763200,,novatel_oem7_msgs.msg.SolutionStatus(status=0),novatel_oem7_msgs.msg.PositionOrVelocityType(type=53)
1786043819514020182,1786043819.511623297,/novatel/oem7/bestvel,/novatel/oem7/bestpos,/novatel/oem7/bestvel,39.663,-75.756,33.182454883,0.000680827,0.001441206,,,,186.931338963,novatel_oem7_msgs.msg.SolutionStatus(status=0),novatel_oem7_msgs.msg.PositionOrVelocityType(type=53)
1786043819516817917,1786043819.515717106,/novatel/oem7/odom,/novatel/oem7/bestpos,/novatel/oem7/odom,39.663,-75.756,33.182454883,0.000991006,0.001763200,-0.000647154,-0.000750523,0.001763200,,,
1786043819526025900,1786043819.525226949,/novatel/oem7/inspva,/novatel/oem7/inspva,/novatel/oem7/inspva,39.663,-75.756,-1.799850927,0.000605538,0.001888562,-0.000493912,-0.000350324,0.001888562,,novatel_oem7_msgs.msg.InertialSolutionStatus(status=3),
1786043819527945980,1786043819.525460691,/novatel/oem7/fix,/novatel/oem7/fix,/novatel/oem7/inspva,39.663,-75.756,-1.799850927,0.000605538,0.001888562,-0.000493912,-0.000350324,0.001888562,,0,
1786043819529454488,1786043819.526098098,/novatel/oem7/odom,/novatel/oem7/fix,/novatel/oem7/odom,39.663,-75.756,-1.799850927,0.000614099,0.001885795,-0.000381517,-0.000481208,0.001885795,,,
1786043819535467026,1786043819.534828841,/novatel/oem7/odom,/novatel/oem7/fix,/novatel/oem7/odom,39.663,-75.756,-1.799850927,0.000614099,0.001885795,-0.000381517,-0.000481208,0.001885795,,,
1786043819547038999,1786043819.546016819,/novatel/oem7/inspva,/novatel/oem7/inspva,/novatel/oem7/inspva,39.663,-75.756,-1.799875652,0.000765829,0.001717805,-0.000527832,-0.000554877,0.001717805,,novatel_oem7_msgs.msg.InertialSolutionStatus(status=3),
1786043819549516578,1786043819.546267068,/novatel/oem7/fix,/novatel/oem7/fix,/novatel/oem7/inspva,39.663,-75.756,-1.799875652,0.000765829,0.001717805,-0.000527832,-0.000554877,0.001717805,,0,
1786043819551180111,1786043819.546764210,/novatel/oem7/odom,/novatel/oem7/fix,/novatel/oem7/odom,39.663,-75.756,-1.799875652,0.000773963,0.001714156,-0.000586784,-0.000504682,0.001714156,,,
1786043819556705390,1786043819.555779987,/novatel/oem7/odom,/novatel/oem7/fix,/novatel/oem7/odom,39.663,-75.756,-1.799875652,0.000773963,0.001714156,-0.000586784,-0.000504682,0.001714156,,,
1786043819566170329,1786043819.565193083,/novatel/oem7/inspva,/novatel/oem7/inspva,/novatel/oem7/inspva,39.663,-75.756,-1.799885393,0.000836195,0.001873258,-0.000672376,-0.000497124,0.001873258,,novatel_oem7_msgs.msg.InertialSolutionStatus(status=3),
1786043819567903834,1786043819.565469189,/novatel/oem7/fix,/novatel/oem7/fix,/novatel/oem7/inspva,39.663,-75.756,-1.799885393,0.000836195,0.001873258,-0.000672376,-0.000497124,0.001873258,,0,
1786043819568932791,1786043819.565874790,/novatel/oem7/odom,/novatel/oem7/fix,/novatel/oem7/odom,39.663,-75.756,-1.799885393,0.000844755,0.001869413,-0.000536761,-0.000652302,0.001869413,,,
1786043819577005773,1786043819.575692072,/novatel/oem7/odom,/novatel/oem7/fix,/novatel/oem7/odom,39.663,-75.756,-1.799885393,0.000844755,0.001869413,-0.000536761,-0.000652302,0.001869413,,,
1786043819586153971,1786043819.585197932,/novatel/oem7/inspva,/novatel/oem7/inspva,/novatel/oem7/inspva,39.663,-75.756,-1.799909491,0.000986280,0.001512888,-0.000860467,-0.000482021,0.001512888,,novatel_oem7_msgs.msg.InertialSolutionStatus(status=3),
1786043819587970420,1786043819.585515432,/novatel/oem7/fix,/novatel/oem7/fix,/novatel/oem7/inspva,39.663,-75.756,-1.799909491,0.000986280,0.001512888,-0.000860467,-0.000482021,0.001512888,,0,
1786043819589396558,1786043819.586299930,/novatel/oem7/odom,/novatel/oem7/fix,/novatel/oem7/odom,39.663,-75.756,-1.799909491,0.000992838,0.001508592,-0.000529404,-0.000839916,0.001508592,,,
1786043819595496129,1786043819.594607534,/novatel/oem7/odom,/novatel/oem7/fix,/novatel/oem7/odom,39.663,-75.756,-1.799909491,0.000992838,0.001508592,-0.000529404,-0.000839916,0.001508592,,,
1786043819607412603,1786043819.606468953,/novatel/oem7/inspva,/novatel/oem7/inspva,/novatel/oem7/inspva,39.663,-75.756,-1.799913983,0.000802643,0.002027399,-0.000445615,-0.000667579,0.002027399,,novatel_oem7_msgs.msg.InertialSolutionStatus(status=3),
1786043819609116260,1786043819.606745643,/novatel/oem7/fix,/novatel/oem7/fix,/novatel/oem7/inspva,39.663,-75.756,-1.799913983,0.000802643,0.002027399,-0.000445615,-0.000667579,0.002027399,,0,
1786043819610402440,1786043819.607385153,/novatel/oem7/odom,/novatel/oem7/fix,/novatel/oem7/odom,39.663,-75.756,-1.799913983,0.000812305,0.002023547,-0.000696581,-0.000417869,0.002023547,,,
1786043819612048517,1786043819.610182221,/novatel/oem7/bestpos,/novatel/oem7/bestpos,/novatel/oem7/odom,39.663,-75.756,33.182385774,0.000812305,0.002023547,-0.000696581,-0.000417869,0.002023547,,novatel_oem7_msgs.msg.SolutionStatus(status=0),novatel_oem7_msgs.msg.PositionOrVelocityType(type=53)
1786043819612973033,1786043819.610563395,/novatel/oem7/bestvel,/novatel/oem7/bestpos,/novatel/oem7/bestvel,39.663,-75.756,33.182385774,0.001081941,0.002126330,,,,254.922760502,novatel_oem7_msgs.msg.SolutionStatus(status=0),novatel_oem7_msgs.msg.PositionOrVelocityType(type=53)
1786043819615382254,1786043819.614647383,/novatel/oem7/odom,/novatel/oem7/bestpos,/novatel/oem7/odom,39.663,-75.756,33.182385774,0.000812305,0.002023547,-0.000696581,-0.000417869,0.002023547,,,
1786043819625767632,1786043819.625086909,/novatel/oem7/inspva,/novatel/oem7/inspva,/novatel/oem7/inspva,39.663,-75.756,-1.799937587,0.001020708,0.001909926,-0.000603226,-0.000823385,0.001909926,,novatel_oem7_msgs.msg.InertialSolutionStatus(status=3),
1786043819627071465,1786043819.625318311,/novatel/oem7/fix,/novatel/oem7/fix,/novatel/oem7/inspva,39.663,-75.756,-1.799937587,0.001020708,0.001909926,-0.000603226,-0.000823385,0.001909926,,0,
1786043819628090555,1786043819.625671048,/novatel/oem7/odom,/novatel/oem7/fix,/novatel/oem7/odom,39.663,-75.756,-1.799937587,0.001029825,0.001905025,-0.000859420,-0.000567396,0.001905025,,,
1786043819636264912,1786043819.635587841,/novatel/oem7/odom,/novatel/oem7/fix,/novatel/oem7/odom,39.663,-75.756,-1.799937587,0.001029825,0.001905025,-0.000859420,-0.000567396,0.001905025,,,
1786043819646531036,1786043819.645389207,/novatel/oem7/inspva,/novatel/oem7/inspva,/novatel/oem7/inspva,39.663,-75.756,-1.799949084,0.000433189,0.001363093,-0.000162408,-0.000401592,0.001363093,,novatel_oem7_msgs.msg.InertialSolutionStatus(status=3),
1786043819648696327,1786043819.645709530,/novatel/oem7/fix,/novatel/oem7/fix,/novatel/oem7/inspva,39.663,-75.756,-1.799949084,0.000433189,0.001363093,-0.000162408,-0.000401592,0.001363093,,0,
1786043819650238569,1786043819.646388407,/novatel/oem7/odom,/novatel/oem7/fix,/novatel/oem7/odom,39.663,-75.756,-1.799949084,0.000439509,0.001361068,-0.000414472,-0.000146223,0.001361068,,,
1786043819657475296,1786043819.656569877,/novatel/oem7/odom,/novatel/oem7/fix,/novatel/oem7/odom,39.663,-75.756,-1.799949084,0.000439509,0.001361068,-0.000414472,-0.000146223,0.001361068,,,
1786043819667095964,1786043819.666103797,/novatel/oem7/inspva,/novatel/oem7/inspva,/novatel/oem7/inspva,39.663,-75.756,-1.799967385,0.000768766,0.001686900,-0.000312865,-0.000702222,0.001686900,,novatel_oem7_msgs.msg.InertialSolutionStatus(status=3),
1786043819668523468,1786043819.666400883,/novatel/oem7/fix,/novatel/oem7/fix,/novatel/oem7/inspva,39.663,-75.756,-1.799967385,0.000768766,0.001686900,-0.000312865,-0.000702222,0.001686900,,0,
1786043819669559145,1786043819.666931175,/novatel/oem7/odom,/novatel/oem7/fix,/novatel/oem7/odom,39.663,-75.756,-1.799967385,0.000776644,0.001683287,-0.000723365,-0.000282698,0.001683287,,,
1786043819675591779,1786043819.674615280,/novatel/oem7/odom,/novatel/oem7/fix,/novatel/oem7/odom,39.663,-75.756,-1.799967385,0.000776644,0.001683287,-0.000723365,-0.000282698,0.001683287,,,
1786043819686221743,1786043819.685154889,/novatel/oem7/inspva,/novatel/oem7/inspva,/novatel/oem7/inspva,39.663,-75.756,-1.799977098,0.000577854,0.001504082,-0.000489938,-0.000306391,0.001504082,,novatel_oem7_msgs.msg.InertialSolutionStatus(status=3),
1786043819688262631,1786043819.685513080,/novatel/oem7/fix,/novatel/oem7/fix,/novatel/oem7/inspva,39.663,-75.756,-1.799977098,0.000577854,0.001504082,-0.000489938,-0.000306391,0.001504082,,0,
1786043819689611434,1786043819.686336978,/novatel/oem7/odom,/novatel/oem7/fix,/novatel/oem7/odom,39.663,-75.756,-1.799977098,0.000584517,0.001501505,-0.000335899,-0.000478364,0.001501505,,,
1786043819696418470,1786043819.695577352,/novatel/oem7/odom,/novatel/oem7/fix,/novatel/oem7/odom,39.663,-75.756,-1.799977098,0.000584517,0.001501505,-0.000335899,-0.000478364,0.001501505,,,
1786043819707242826,1786043819.706081168,/novatel/oem7/inspva,/novatel/oem7/inspva,/novatel/oem7/inspva,39.663,-75.756,-1.799998344,0.001017942,0.001646213,-0.000714383,-0.000725164,0.001646213,,novatel_oem7_msgs.msg.InertialSolutionStatus(status=3),
1786043819708887699,1786043819.706471558,/novatel/oem7/fix,/novatel/oem7/fix,/novatel/oem7/inspva,39.663,-75.756,-1.799998344,0.001017942,0.001646213,-0.000714383,-0.000725164,0.001646213,,0,
1786043819710150952,1786043819.707097534,/novatel/oem7/odom,/novatel/oem7/fix,/novatel/oem7/odom,39.663,-75.756,-1.799998344,0.001025733,0.001641370,-0.000765701,-0.000682518,0.001641370,,,
1786043819711786646,1786043819.709610120,/novatel/oem7/bestpos,/novatel/oem7/bestpos,/novatel/oem7/odom,39.663,-75.756,33.182290662,0.001025733,0.001641370,-0.000765701,-0.000682518,0.001641370,,novatel_oem7_msgs.msg.SolutionStatus(status=0),novatel_oem7_msgs.msg.PositionOrVelocityType(type=53)
1786043819712706645,1786043819.710254316,/novatel/oem7/bestvel,/novatel/oem7/bestpos,/novatel/oem7/bestvel,39.663,-75.756,33.182290662,0.000629466,0.001346400,,,,220.566850033,novatel_oem7_msgs.msg.SolutionStatus(status=0),novatel_oem7_msgs.msg.PositionOrVelocityType(type=53)
1786043819715005224,1786043819.714345301,/novatel/oem7/odom,/novatel/oem7/bestpos,/novatel/oem7/odom,39.663,-75.756,33.182290662,0.001025733,0.001641370,-0.000765701,-0.000682518,0.001641370,,,
1786043819727189714,1786043819.726488964,/novatel/oem7/inspva,/novatel/oem7/inspva,/novatel/oem7/inspva,39.663,-75.756,-1.800009751,0.000598727,0.001309850,-0.000247913,-0.000544990,0.001309850,,novatel_oem7_msgs.msg.InertialSolutionStatus(status=3),
1786043819728569701,1786043819.726711293,/novatel/oem7/fix,/novatel/oem7/fix,/novatel/oem7/inspva,39.663,-75.756,-1.800009751,0.000598727,0.001309850,-0.000247913,-0.000544990,0.001309850,,0,
1786043819729593652,1786043819.727151847,/novatel/oem7/odom,/novatel/oem7/fix,/novatel/oem7/odom,39.663,-75.756,-1.800009751,0.000604863,0.001307028,-0.000561657,-0.000224500,0.001307028,,,
1786043819735306666,1786043819.734633327,/novatel/oem7/odom,/novatel/oem7/fix,/novatel/oem7/odom,39.663,-75.756,-1.800009751,0.000604863,0.001307028,-0.000561657,-0.000224500,0.001307028,,,
1786043819745880750,1786043819.744885817,/novatel/oem7/inspva,/novatel/oem7/inspva,/novatel/oem7/inspva,39.663,-75.756,-1.800028471,0.000975614,0.001495327,-0.000628632,-0.000746086,0.001495327,,novatel_oem7_msgs.msg.InertialSolutionStatus(status=3),
1786043819747544663,1786043819.745157269,/novatel/oem7/fix,/novatel/oem7/fix,/novatel/oem7/inspva,39.663,-75.756,-1.800028471,0.000975614,0.001495327,-0.000628632,-0.000746086,0.001495327,,0,
1786043819748672049,1786043819.745796930,/novatel/oem7/odom,/novatel/oem7/fix,/novatel/oem7/odom,39.663,-75.756,-1.800028471,0.000982757,0.001490642,-0.000781832,-0.000595441,0.001490642,,,
1786043819756280296,1786043819.755595669,/novatel/oem7/odom,/novatel/oem7/fix,/novatel/oem7/odom,39.663,-75.756,-1.800028471,0.000982757,0.001490642,-0.000781832,-0.000595441,0.001490642,,,
1786043819765890349,1786043819.765220176,/novatel/oem7/inspva,/novatel/oem7/inspva,/novatel/oem7/inspva,39.663,-75.756,-1.800036416,0.000417937,0.001404509,-0.000245602,-0.000338158,0.001404509,,novatel_oem7_msgs.msg.InertialSolutionStatus(status=3),
1786043819767310810,1786043819.765455378,/novatel/oem7/fix,/novatel/oem7/fix,/novatel/oem7/inspva,39.663,-75.756,-1.800036416,0.000417937,0.001404509,-0.000245602,-0.000338158,0.001404509,,0,
1786043819768372551,1786043819.766018484,/novatel/oem7/odom,/novatel/oem7/fix,/novatel/oem7/odom,39.663,-75.756,-1.800036416,0.000424660,0.001402491,-0.000355344,-0.000232522,0.001402491,,,
1786043819775553890,1786043819.774802766,/novatel/oem7/odom,/novatel/oem7/fix,/novatel/oem7/odom,39.663,-75.756,-1.800036416,0.000424660,0.001402491,-0.000355344,-0.000232522,0.001402491,,,
1786043819786635286,1786043819.785994412,/novatel/oem7/inspva,/novatel/oem7/inspva,/novatel/oem7/inspva,39.663,-75.756,-1.800055666,0.000833033,0.001589267,-0.000510077,-0.000658608,0.001589267,,novatel_oem7_msgs.msg.InertialSolutionStatus(status=3),
1786043819788115087,1786043819.786177431,/novatel/oem7/fix,/novatel/oem7/fix,/novatel/oem7/inspva,39.663,-75.756,-1.800055666,0.000833033,0.001589267,-0.000510077,-0.000658608,0.001589267,,0,
1786043819789255369,1786043819.786716719,/novatel/oem7/odom,/novatel/oem7/fix,/novatel/oem7/odom,39.663,-75.756,-1.800055666,0.000840638,0.001585257,-0.000689057,-0.000481531,0.001585257,,,
1786043819795121752,1786043819.794455688,/novatel/oem7/odom,/novatel/oem7/fix,/novatel/oem7/odom,39.663,-75.756,-1.800055666,0.000840638,0.001585257,-0.000689057,-0.000481531,0.001585257,,,
1786043819807190480,1786043819.806474043,/novatel/oem7/inspva,/novatel/oem7/inspva,/novatel/oem7/inspva,39.663,-75.756,-1.800063340,0.000790119,0.001463148,-0.000691161,-0.000382865,0.001463148,,novatel_oem7_msgs.msg.InertialSolutionStatus(status=3),
1786043819808737362,1786043819.806645431,/novatel/oem7/fix,/novatel/oem7/fix,/novatel/oem7/inspva,39.663,-75.756,-1.800063340,0.000790119,0.001463148,-0.000691161,-0.000382865,0.001463148,,0,
1786043819809888274,1786043819.807441333,/novatel/oem7/odom,/novatel/oem7/fix,/novatel/oem7/odom,39.663,-75.756,-1.800063340,0.000796464,0.001459704,-0.000421941,-0.000675515,0.001459704,,,
1786043819811896638,1786043819.810115623,/novatel/oem7/bestpos,/novatel/oem7/bestpos,/novatel/oem7/odom,39.663,-75.756,33.182229540,0.000796464,0.001459704,-0.000421941,-0.000675515,0.001459704,,novatel_oem7_msgs.msg.SolutionStatus(status=0),novatel_oem7_msgs.msg.PositionOrVelocityType(type=53)
1786043819812954455,1786043819.810499417,/novatel/oem7/bestvel,/novatel/oem7/bestpos,/novatel/oem7/bestvel,39.663,-75.756,33.182229540,0.001046867,0.001674999,,,,217.376153968,novatel_oem7_msgs.msg.SolutionStatus(status=0),novatel_oem7_msgs.msg.PositionOrVelocityType(type=53)
1786043819816306389,1786043819.815445427,/novatel/oem7/odom,/novatel/oem7/bestpos,/novatel/oem7/odom,39.663,-75.756,33.182229540,0.000796464,0.001459704,-0.000421941,-0.000675515,0.001459704,,,
1786043819825850405,1786043819.825080277,/novatel/oem7/inspva,/novatel/oem7/inspva,/novatel/oem7/inspva,39.663,-75.756,-1.800081633,0.000937594,0.001586491,-0.000879505,-0.000324889,0.001586491,,novatel_oem7_msgs.msg.InertialSolutionStatus(status=3),
1786043819827386995,1786043819.825267783,/novatel/oem7/fix,/novatel/oem7/fix,/novatel/oem7/inspva,39.663,-75.756,-1.800081633,0.000937594,0.001586491,-0.000879505,-0.000324889,0.001586491,,0,
1786043819828609540,1786043819.825674197,/novatel/oem7/odom,/novatel/oem7/fix,/novatel/oem7/odom,39.663,-75.756,-1.800081633,0.000943910,0.001582741,-0.000373718,-0.000866776,0.001582741,,,
1786043819835266687,1786043819.834480376,/novatel/oem7/odom,/novatel/oem7/fix,/novatel/oem7/odom,39.663,-75.756,-1.800081633,0.000943910,0.001582741,-0.000373718,-0.000866776,0.001582741,,,
1786043819847497024,1786043819.846713446,/novatel/oem7/inspva,/novatel/oem7/inspva,/novatel/oem7/inspva,39.663,-75.756,-1.800090075,0.000688493,0.001215349,-0.000420702,-0.000545007,0.001215349,,novatel_oem7_msgs.msg.InertialSolutionStatus(status=3),
1786043819849033757,1786043819.846895278,/novatel/oem7/fix,/novatel/oem7/fix,/novatel/oem7/inspva,39.663,-75.756,-1.800090075,0.000688493,0.001215349,-0.000420702,-0.000545007,0.001215349,,0,
1786043819850164268,1786043819.847226748,/novatel/oem7/odom,/novatel/oem7/fix,/novatel/oem7/odom,39.663,-75.756,-1.800090075,0.000694289,0.001212047,-0.000569716,-0.000396813,0.001212047,,,
1786043819857679731,1786043819.856803452,/novatel/oem7/odom,/novatel/oem7/fix,/novatel/oem7/odom,39.663,-75.756,-1.800090075,0.000694289,0.001212047,-0.000569716,-0.000396813,0.001212047,,,
1786043819865955461,1786043819.865103786,/novatel/oem7/inspva,/novatel/oem7/inspva,/novatel/oem7/inspva,39.663,-75.756,-1.800110298,0.000894250,0.001119535,-0.000551777,-0.000703722,0.001119535,,novatel_oem7_msgs.msg.InertialSolutionStatus(status=3),
1786043819867472733,1786043819.865269324,/novatel/oem7/fix,/novatel/oem7/fix,/novatel/oem7/inspva,39.663,-75.756,-1.800110298,0.000894250,0.001119535,-0.000551777,-0.000703722,0.001119535,,0,
1786043819868645045,1786043819.865633744,/novatel/oem7/odom,/novatel/oem7/fix,/novatel/oem7/odom,39.663,-75.756,-1.800110298,0.000899593,0.001115246,-0.000734246,-0.000519759,0.001115246,,,
1786043819876315869,1786043819.875485111,/novatel/oem7/odom,/novatel/oem7/fix,/novatel/oem7/odom,39.663,-75.756,-1.800110298,0.000899593,0.001115246,-0.000734246,-0.000519759,0.001115246,,,
1786043819886154839,1786043819.885396464,/novatel/oem7/inspva,/novatel/oem7/inspva,/novatel/oem7/inspva,39.663,-75.756,-1.800114671,0.000822777,0.001449518,-0.000666951,-0.000481806,0.001449518,,novatel_oem7_msgs.msg.InertialSolutionStatus(status=3),
1786043819887782782,1786043819.885585553,/novatel/oem7/fix,/novatel/oem7/fix,/novatel/oem7/inspva,39.663,-75.756,-1.800114671,0.000822777,0.001449518,-0.000666951,-0.000481806,0.001449518,,0,
1786043819888980118,1786043819.886098738,/novatel/oem7/odom,/novatel/oem7/fix,/novatel/oem7/odom,39.663,-75.756,-1.800114671,0.000829347,0.001445769,-0.000519509,-0.000646472,0.001445769,,,
1786043819895162925,1786043819.894567624,/novatel/oem7/odom,/novatel/oem7/fix,/novatel/oem7/odom,39.663,-75.756,-1.800114671,0.000829347,0.001445769,-0.000519509,-0.000646472,0.001445769,,,
1786043819906251496,1786043819.905752757,/novatel/oem7/inspva,/novatel/oem7/inspva,/novatel/oem7/inspva,39.663,-75.756,-1.800133915,0.000807221,0.001469372,-0.000365783,-0.000719590,0.001469372,,novatel_oem7_msgs.msg.InertialSolutionStatus(status=3),
1786043819906877607,1786043819.905928209,/novatel/oem7/fix,/novatel/oem7/fix,/novatel/oem7/inspva,39.663,-75.756,-1.800133915,0.000807221,0.001469372,-0.000365783,-0.000719590,0.001469372,,0,
1786043819907418203,1786043819.906359676,/novatel/oem7/odom,/novatel/oem7/fix,/novatel/oem7/odom,39.663,-75.756,-1.800133915,0.000814159,0.001465539,-0.000742438,-0.000334127,0.001465539,,,
1786043819909381240,1786043819.909053010,/novatel/oem7/bestpos,/novatel/oem7/bestpos,/novatel/oem7/odom,39.663,-75.756,33.182155597,0.000814159,0.001465539,-0.000742438,-0.000334127,0.001465539,,novatel_oem7_msgs.msg.SolutionStatus(status=0),novatel_oem7_msgs.msg.PositionOrVelocityType(type=53)
1786043819910087102,1786043819.909482595,/novatel/oem7/bestvel,/novatel/oem7/bestpos,/novatel/oem7/bestvel,39.663,-75.756,33.182155597,0.000555904,0.001313979,,,,213.936541751,novatel_oem7_msgs.msg.SolutionStatus(status=0),novatel_oem7_msgs.msg.PositionOrVelocityType(type=53)
1786043819914884331,1786043819.914539192,/novatel/oem7/odom,/novatel/oem7/bestpos,/novatel/oem7/odom,39.663,-75.756,33.182155597,0.000814159,0.001465539,-0.000742438,-0.000334127,0.001465539,,,
1786043819925492197,1786043819.925113033,/novatel/oem7/inspva,/novatel/oem7/inspva,/novatel/oem7/inspva,39.663,-75.756,-1.800141089,0.000767628,0.001239285,-0.000464264,-0.000611320,0.001239285,,novatel_oem7_msgs.msg.InertialSolutionStatus(status=3),
1786043819926095300,1786043819.925286821,/novatel/oem7/fix,/novatel/oem7/fix,/novatel/oem7/inspva,39.663,-75.756,-1.800141089,0.000767628,0.001239285,-0.000464264,-0.000611320,0.001239285,,0,
1786043819926588514,1786043819.925710685,/novatel/oem7/odom,/novatel/oem7/fix,/novatel/oem7/odom,39.663,-75.756,-1.800141089,0.000773554,0.001235595,-0.000638173,-0.000437173,0.001235595,,,
1786043819936383663,1786043819.935476931,/novatel/oem7/odom,/novatel/oem7/fix,/novatel/oem7/odom,39.663,-75.756,-1.800141089,0.000773554,0.001235595,-0.000638173,-0.000437173,0.001235595,,,
1786043819945416985,1786043819.945106341,/novatel/oem7/inspva,/novatel/oem7/inspva,/novatel/oem7/inspva,39.663,-75.756,-1.800161973,0.000832335,0.001058539,-0.000210831,-0.000805191,0.001058539,,novatel_oem7_msgs.msg.InertialSolutionStatus(status=3),
1786043819946565750,1786043819.945299243,/novatel/oem7/fix,/novatel/oem7/fix,/novatel/oem7/inspva,39.663,-75.756,-1.800161973,0.000832335,0.001058539,-0.000210831,-0.000805191,0.001058539,,0,
1786043819947462675,1786043819.945665627,/novatel/oem7/odom,/novatel/oem7/fix,/novatel/oem7/odom,39.663,-75.756,-1.800161973,0.000837055,0.001054811,-0.000818745,-0.000174119,0.001054811,,,
1786043819956000925,1786043819.955589654,/novatel/oem7/odom,/novatel/oem7/fix,/novatel/oem7/odom,39.663,-75.756,-1.800161973,0.000837055,0.001054811,-0.000818745,-0.000174119,0.001054811,,,
1786043819966759679,1786043819.966313379,/novatel/oem7/inspva,/novatel/oem7/inspva,/novatel/oem7/inspva,39.663,-75.756,-1.800167046,0.001136993,0.001172694,-0.000542104,-0.000999439,0.001172694,,novatel_oem7_msgs.msg.InertialSolutionStatus(status=3),
1786043819967405406,1786043819.966508928,/novatel/oem7/fix,/novatel/oem7/fix,/novatel/oem7/inspva,39.663,-75.756,-1.800167046,0.001136993,0.001172694,-0.000542104,-0.000999439,0.001172694,,0,
1786043819967903034,1786043819.966962149,/novatel/oem7/odom,/novatel/oem7/fix,/novatel/oem7/odom,39.663,-75.756,-1.800167046,0.001142538,0.001167293,-0.001029346,-0.000495822,0.001167293,,,
1786043819975904803,1786043819.975474665,/novatel/oem7/odom,/novatel/oem7/fix,/novatel/oem7/odom,39.663,-75.756,-1.800167046,0.001142538,0.001167293,-0.001029346,-0.000495822,0.001167293,,,
1786043819985354952,1786043819.984866173,/novatel/oem7/inspva,/novatel/oem7/inspva,/novatel/oem7/inspva,39.663,-75.756,-1.800187576,0.001010054,0.001039533,-0.000089626,-0.001006070,0.001039533,,novatel_oem7_msgs.msg.InertialSolutionStatus(status=3),
1786043819985975695,1786043819.985038535,/novatel/oem7/fix,/novatel/oem7/fix,/novatel/oem7/inspva,39.663,-75.756,-1.800187576,0.001010054,0.001039533,-0.000089626,-0.001006070,0.001039533,,0,
1786043819986485317,1786043819.985418059,/novatel/oem7/odom,/novatel/oem7/fix,/novatel/oem7/odom,39.663,-75.756,-1.800187576,0.001014313,0.001035378,-0.001013392,-0.000043216,0.001035378,,,
1786043819995834682,1786043819.995368920,/novatel/oem7/odom,/novatel/oem7/fix,/novatel/oem7/odom,39.663,-75.756,-1.800187576,0.001014313,0.001035378,-0.001013392,-0.000043216,0.001035378,,,
1786043820008798873,1786043820.008405201,/novatel/oem7/inspva,/novatel/oem7/inspva,/novatel/oem7/inspva,39.663,-75.756,-1.800195825,0.001096750,0.000974140,-0.000307798,-0.001052673,0.000974140,,novatel_oem7_msgs.msg.InertialSolutionStatus(status=3),
1786043820009404312,1786043820.008592033,/novatel/oem7/fix,/novatel/oem7/fix,/novatel/oem7/inspva,39.663,-75.756,-1.800195825,0.001096750,0.000974140,-0.000307798,-0.001052673,0.000974140,,0,
1786043820011582385,1786043820.011231294,/novatel/oem7/odom,/novatel/oem7/fix,/novatel/oem7/odom,39.663,-75.756,-1.800195825,0.001101121,0.000969197,-0.001070301,-0.000258692,0.000969197,,,
1786043820016392759,1786043820.016016302,/novatel/oem7/odom,/novatel/oem7/fix,/novatel/oem7/odom,39.663,-75.756,-1.800195825,0.001101121,0.000969197,-0.001070301,-0.000258692,0.000969197,,,
1786043820025215295,1786043820.024487091,/novatel/oem7/bestpos,/novatel/oem7/bestpos,/novatel/oem7/odom,39.663,-75.756,33.182094555,0.001101121,0.000969197,-0.001070301,-0.000258692,0.000969197,,novatel_oem7_msgs.msg.SolutionStatus(status=0),novatel_oem7_msgs.msg.PositionOrVelocityType(type=53)
1786043820027115198,1786043820.026446644,/novatel/oem7/bestvel,/novatel/oem7/bestpos,/novatel/oem7/bestvel,39.663,-75.756,33.182094555,0.001375204,0.001007767,,,,266.592996553,novatel_oem7_msgs.msg.SolutionStatus(status=0),novatel_oem7_msgs.msg.PositionOrVelocityType(type=53)
1786043820028585899,1786043820.026901255,/novatel/oem7/inspva,/novatel/oem7/inspva,/novatel/oem7/inspva,39.663,-75.756,-1.800216833,0.000841420,0.000910902,0.000052493,-0.000839781,0.000910902,,novatel_oem7_msgs.msg.InertialSolutionStatus(status=3),
1786043820029453918,1786043820.027080750,/novatel/oem7/fix,/novatel/oem7/fix,/novatel/oem7/inspva,39.663,-75.756,-1.800216833,0.000841420,0.000910902,0.000052493,-0.000839781,0.000910902,,0,
1786043820030558682,1786043820.027478798,/novatel/oem7/odom,/novatel/oem7/fix,/novatel/oem7/odom,39.663,-75.756,-1.800216833,0.000844766,0.000907800,-0.000839856,0.000090954,0.000907800,,,
1786043820035696088,1786043820.034799802,/novatel/oem7/odom,/novatel/oem7/fix,/novatel/oem7/odom,39.663,-75.756,-1.800216833,0.000844766,0.000907800,-0.000839856,0.000090954,0.000907800,,,
1786043820045932011,1786043820.045302535,/novatel/oem7/inspva,/novatel/oem7/inspva,/novatel/oem7/inspva,39.663,-75.756,-1.800234608,0.001047417,0.001133223,-0.000278254,-0.001009781,0.001133223,,novatel_oem7_msgs.msg.InertialSolutionStatus(status=3),
1786043820047345622,1786043820.045500333,/novatel/oem7/fix,/novatel/oem7/fix,/novatel/oem7/inspva,39.663,-75.756,-1.800234608,0.001047417,0.001133223,-0.000278254,-0.001009781,0.001133223,,0,
1786043820048485537,1786043820.046048436,/novatel/oem7/odom,/novatel/oem7/fix,/novatel/oem7/odom,39.663,-75.756,-1.800234608,0.001052489,0.001128514,-0.001026669,-0.000231701,0.001128514,,,
1786043820057131118,1786043820.056414367,/novatel/oem7/odom,/novatel/oem7/fix,/novatel/oem7/odom,39.663,-75.756,-1.800234608,0.001052489,0.001128514,-0.001026669,-0.000231701,0.001128514,,,
1786043820065937713,1786043820.065247636,/novatel/oem7/inspva,/novatel/oem7/inspva,/novatel/oem7/inspva,39.663,-75.756,-1.800253841,0.000880687,0.000625465,0.000128994,-0.000871189,0.000625465,,novatel_oem7_msgs.msg.InertialSolutionStatus(status=3),
1786043820067261531,1786043820.065459115,/novatel/oem7/fix,/novatel/oem7/fix,/novatel/oem7/inspva,39.663,-75.756,-1.800253841,0.000880687,0.000625465,0.000128994,-0.000871189,0.000625465,,0,
1786043820068309727,1786043820.066028994,/novatel/oem7/odom,/novatel/oem7/fix,/novatel/oem7/odom,39.663,-75.756,-1.800253841,0.000882809,0.000622466,-0.000866357,0.000169642,0.000622466,,,
1786043820075286268,1786043820.074556157,/novatel/oem7/odom,/novatel/oem7/fix,/novatel/oem7/odom,39.663,-75.756,-1.800253841,0.000882809,0.000622466,-0.000866357,0.000169642,0.000622466,,,
1786043820087763638,1786043820.087197259,/novatel/oem7/inspva,/novatel/oem7/inspva,/novatel/oem7/inspva,39.663,-75.756,-1.800260752,0.001310402,0.001062173,-0.000385923,-0.001252285,0.001062173,,novatel_oem7_msgs.msg.InertialSolutionStatus(status=3),
1786043820089192899,1786043820.087378674,/novatel/oem7/fix,/novatel/oem7/fix,/novatel/oem7/inspva,39.663,-75.756,-1.800260752,0.001310402,0.001062173,-0.000385923,-0.001252285,0.001062173,,0,
1786043820090345237,1786043820.087918760,/novatel/oem7/odom,/novatel/oem7/fix,/novatel/oem7/odom,39.663,-75.756,-1.800260752,0.001315179,0.001056252,-0.001273814,-0.000327253,0.001056252,,,
1786043820096459579,1786043820.095577703,/novatel/oem7/odom,/novatel/oem7/fix,/novatel/oem7/odom,39.663,-75.756,-1.800260752,0.001315179,0.001056252,-0.001273814,-0.000327253,0.001056252,,,
1786043820106338256,1786043820.105766296,/novatel/oem7/inspva,/novatel/oem7/inspva,/novatel/oem7/inspva,39.663,-75.756,-1.800278688,0.000759784,0.000919970,0.000008744,-0.000759734,0.000919970,,novatel_oem7_msgs.msg.InertialSolutionStatus(status=3),
1786043820107791370,1786043820.105943768,/novatel/oem7/fix,/novatel/oem7/fix,/novatel/oem7/inspva,39.663,-75.756,-1.800278688,0.000759784,0.000919970,0.000008744,-0.000759734,0.000919970,,0,
1786043820108981852,1786043820.106502741,/novatel/oem7/odom,/novatel/oem7/fix,/novatel/oem7/odom,39.663,-75.756,-1.800278688,0.000763301,0.000917054,-0.000762071,0.000043317,0.000917054,,,
1786043820110606289,1786043820.109325302,/novatel/oem7/bestpos,/novatel/oem7/bestpos,/novatel/oem7/odom,39.663,-75.756,33.182000903,0.000763301,0.000917054,-0.000762071,0.000043317,0.000917054,,novatel_oem7_msgs.msg.SolutionStatus(status=0),novatel_oem7_msgs.msg.PositionOrVelocityType(type=53)
1786043820111664726,1786043820.109946558,/novatel/oem7/bestvel,/novatel/oem7/bestpos,/novatel/oem7/bestvel,39.663,-75.756,33.182000903,0.000573001,0.000935351,,,,247.010853545,novatel_oem7_msgs.msg.SolutionStatus(status=0),novatel_oem7_msgs.msg.PositionOrVelocityType(type=53)
1786043820116163368,1786043820.115464471,/novatel/oem7/odom,/novatel/oem7/bestpos,/novatel/oem7/odom,39.663,-75.756,33.182000903,0.000763301,0.000917054,-0.000762071,0.000043317,0.000917054,,,
1786043820127090746,1786043820.126552193,/novatel/oem7/inspva,/novatel/oem7/inspva,/novatel/oem7/inspva,39.663,-75.756,-1.800289148,0.001167197,0.000886059,-0.000054188,-0.001165939,0.000886059,,novatel_oem7_msgs.msg.InertialSolutionStatus(status=3),
1786043820128574507,1786043820.126731758,/novatel/oem7/fix,/novatel/oem7/fix,/novatel/oem7/inspva,39.663,-75.756,-1.800289148,0.001167197,0.000886059,-0.000054188,-0.001165939,0.000886059,,0,
1786043820129742643,1786043820.127567357,/novatel/oem7/odom,/novatel/oem7/fix,/novatel/oem7/odom,39.663,-75.756,-1.800289148,0.001170727,0.000881390,-0.001170727,0.000000331,0.000881390,,,
1786043820135445480,1786043820.134698863,/novatel/oem7/odom,/novatel/oem7/fix,/novatel/oem7/odom,39.663,-75.756,-1.800289148,0.001170727,0.000881390,-0.001170727,0.000000331,0.000881390,,,
1786043820146744168,1786043820.146178649,/novatel/oem7/inspva,/novatel/oem7/inspva,/novatel/oem7/inspva,39.663,-75.756,-1.800303399,0.000808247,0.000865522,0.000318060,-0.000743035,0.000865522,,novatel_oem7_msgs.msg.InertialSolutionStatus(status=3),
1786043820148106811,1786043820.146361311,/novatel/oem7/fix,/novatel/oem7/fix,/novatel/oem7/inspva,39.663,-75.756,-1.800303399,0.000808247,0.000865522,0.000318060,-0.000743035,0.000865522,,0,
1786043820149183452,1786043820.146871652,/novatel/oem7/odom,/novatel/oem7/fix,/novatel/oem7/odom,39.663,-75.756,-1.800303399,0.000810353,0.000863550,-0.000730102,0.000351601,0.000863550,,,
1786043820156794676,1786043820.156103869,/novatel/oem7/odom,/novatel/oem7/fix,/novatel/oem7/odom,39.663,-75.756,-1.800303399,0.000810353,0.000863550,-0.000730102,0.000351601,0.000863550,,,
1786043820165912521,1786043820.165359833,/novatel/oem7/inspva,/novatel/oem7/inspva,/novatel/oem7/inspva,39.663,-75.756,-1.800310529,0.001112224,0.000950481,-0.000233659,-0.001087403,0.000950481,,novatel_oem7_msgs.msg.InertialSolutionStatus(status=3),
1786043820167276182,1786043820.165546075,/novatel/oem7/fix,/novatel/oem7/fix,/novatel/oem7/inspva,39.663,-75.756,-1.800310529,0.001112224,0.000950481,-0.000233659,-0.001087403,0.000950481,,0,
1786043820168326393,1786043820.166125371,/novatel/oem7/odom,/novatel/oem7/fix,/novatel/oem7/odom,39.663,-75.756,-1.800310529,0.001116374,0.000945602,-0.001101291,-0.000182891,0.000945602,,,
1786043820176113848,1786043820.175458371,/novatel/oem7/odom,/novatel/oem7/fix,/novatel/oem7/odom,39.663,-75.756,-1.800310529,0.001116374,0.000945602,-0.001101291,-0.000182891,0.000945602,,,
1786043820186447976,1786043820.185917037,/novatel/oem7/inspva,/novatel/oem7/inspva,/novatel/oem7/inspva,39.663,-75.756,-1.800324234,0.000789601,0.001057814,0.000024788,-0.000789211,0.001057814,,novatel_oem7_msgs.msg.InertialSolutionStatus(status=3),
1786043820187784446,1786043820.186071279,/novatel/oem7/fix,/novatel/oem7/fix,/novatel/oem7/inspva,39.663,-75.756,-1.800324234,0.000789601,0.001057814,0.000024788,-0.000789211,0.001057814,,0,
1786043820188845990,1786043820.186448532,/novatel/oem7/odom,/novatel/oem7/fix,/novatel/oem7/odom,39.663,-75.756,-1.800324234,0.000793582,0.001054830,-0.000791278,0.000060431,0.001054830,,,
1786043820194965865,1786043820.194291125,/novatel/oem7/odom,/novatel/oem7/fix,/novatel/oem7/odom,39.663,-75.756,-1.800324234,0.000793582,0.001054830,-0.000791278,0.000060431,0.001054830,,,
1786043820206173762,1786043820.205655593,/novatel/oem7/inspva,/novatel/oem7/inspva,/novatel/oem7/inspva,39.663,-75.756,-1.800335793,0.001035715,0.000528013,-0.000269488,-0.001000041,0.000528013,,novatel_oem7_msgs.msg.InertialSolutionStatus(status=3),
1786043820207559496,1786043820.205823668,/novatel/oem7/fix,/novatel/oem7/fix,/novatel/oem7/inspva,39.663,-75.756,-1.800335793,0.001035715,0.000528013,-0.000269488,-0.001000041,0.000528013,,0,
1786043820208644264,1786043820.206721817,/novatel/oem7/odom,/novatel/oem7/fix,/novatel/oem7/odom,39.663,-75.756,-1.800335793,0.001038058,0.000523392,-0.001014080,-0.000221825,0.000523392,,,
1786043820210737822,1786043820.210063355,/novatel/oem7/bestpos,/novatel/oem7/bestpos,/novatel/oem7/odom,39.663,-75.756,33.181950078,0.001038058,0.000523392,-0.001014080,-0.000221825,0.000523392,,novatel_oem7_msgs.msg.SolutionStatus(status=0),novatel_oem7_msgs.msg.PositionOrVelocityType(type=53)
1786043820212169572,1786043820.210396308,/novatel/oem7/bestvel,/novatel/oem7/bestpos,/novatel/oem7/bestvel,39.663,-75.756,33.181950078,0.001119995,0.000505227,,,,263.303632799,novatel_oem7_msgs.msg.SolutionStatus(status=0),novatel_oem7_msgs.msg.PositionOrVelocityType(type=53)
1786043820216083639,1786043820.215406959,/novatel/oem7/odom,/novatel/oem7/bestpos,/novatel/oem7/odom,39.663,-75.756,33.181950078,0.001038058,0.000523392,-0.001014080,-0.000221825,0.000523392,,,
1786043820225405723,1786043820.224861938,/novatel/oem7/inspva,/novatel/oem7/inspva,/novatel/oem7/inspva,39.663,-75.756,-1.800347702,0.000771568,0.000705563,-0.000006416,-0.000771541,0.000705563,,novatel_oem7_msgs.msg.InertialSolutionStatus(status=3),
1786043820226802234,1786043820.225021656,/novatel/oem7/fix,/novatel/oem7/fix,/novatel/oem7/inspva,39.663,-75.756,-1.800347702,0.000771568,0.000705563,-0.000006416,-0.000771541,0.000705563,,0,
1786043820227883841,1786043820.225403256,/novatel/oem7/odom,/novatel/oem7/fix,/novatel/oem7/odom,39.663,-75.756,-1.800347702,0.000774294,0.000702570,-0.000773739,0.000029320,0.000702570,,,
1786043820235197285,1786043820.234450915,/novatel/oem7/odom,/novatel/oem7/fix,/novatel/oem7/odom,39.663,-75.756,-1.800347702,0.000774294,0.000702570,-0.000773739,0.000029320,0.000702570,,,
1786043820247127213,1786043820.246542857,/novatel/oem7/inspva,/novatel/oem7/inspva,/novatel/oem7/inspva,39.663,-75.756,-1.800357616,0.000885294,0.000619892,0.000096447,-0.000880025,0.000619892,,novatel_oem7_msgs.msg.InertialSolutionStatus(status=3),
1786043820248544320,1786043820.246737342,/novatel/oem7/fix,/novatel/oem7/fix,/novatel/oem7/inspva,39.663,-75.756,-1.800357616,0.000885294,0.000619892,0.000096447,-0.000880025,0.000619892,,0,
1786043820249631865,1786043820.247077245,/novatel/oem7/odom,/novatel/oem7/fix,/novatel/oem7/odom,39.663,-75.756,-1.800357616,0.000887479,0.000616760,-0.000876751,0.000137575,0.000616760,,,
1786043820257116757,1786043820.256447088,/novatel/oem7/odom,/novatel/oem7/fix,/novatel/oem7/odom,39.663,-75.756,-1.800357616,0.000887479,0.000616760,-0.000876751,0.000137575,0.000616760,,,
1786043820265522926,1786043820.264958273,/novatel/oem7/inspva,/novatel/oem7/inspva,/novatel/oem7/inspva,39.663,-75.756,-1.800373589,0.000801160,0.000605950,0.000245095,-0.000762748,0.000605950,,novatel_oem7_msgs.msg.InertialSolutionStatus(status=3),
1786043820266858506,1786043820.265119162,/novatel/oem7/fix,/novatel/oem7/fix,/novatel/oem7/inspva,39.663,-75.756,-1.800373589,0.000801160,0.000605950,0.000245095,-0.000762748,0.000605950,,0,
1786043820267903003,1786043820.265489202,/novatel/oem7/odom,/novatel/oem7/fix,/novatel/oem7/odom,39.663,-75.756,-1.800373589,0.000802855,0.000603702,-0.000752311,0.000280366,0.000603702,,,
1786043820275246290,1786043820.274567976,/novatel/oem7/odom,/novatel/oem7/fix,/novatel/oem7/odom,39.663,-75.756,-1.800373589,0.000802855,0.000603702,-0.000752311,0.000280366,0.000603702,,,
1786043820286138098,1786043820.285296079,/novatel/oem7/inspva,/novatel/oem7/inspva,/novatel/oem7/inspva,39.663,-75.756,-1.800384761,0.000724046,0.000479635,-0.000035797,-0.000723161,0.000479635,,novatel_oem7_msgs.msg.InertialSolutionStatus(status=3),
1786043820288380833,1786043820.285451644,/novatel/oem7/fix,/novatel/oem7/fix,/novatel/oem7/inspva,39.663,-75.756,-1.800384761,0.000724046,0.000479635,-0.000035797,-0.000723161,0.000479635,,0,
1786043820289765277,1786043820.286053714,/novatel/oem7/odom,/novatel/oem7/fix,/novatel/oem7/odom,39.663,-75.756,-1.800384761,0.000725954,0.000476743,-0.000725952,-0.000001780,0.000476743,,,
1786043820295591260,1786043820.294923026,/novatel/oem7/odom,/novatel/oem7/fix,/novatel/oem7/odom,39.663,-75.756,-1.800384761,0.000725954,0.000476743,-0.000725952,-0.000001780,0.000476743,,,
1786043820306405876,1786043820.305877070,/novatel/oem7/inspva,/novatel/oem7/inspva,/novatel/oem7/inspva,39.663,-75.756,-1.800399392,0.000964838,0.000764692,0.000119097,-0.000957460,0.000764692,,novatel_oem7_msgs.msg.InertialSolutionStatus(status=3),
1786043820307783663,1786043820.306046586,/novatel/oem7/fix,/novatel/oem7/fix,/novatel/oem7/inspva,39.663,-75.756,-1.800399392,0.000964838,0.000764692,0.000119097,-0.000957460,0.000764692,,0,
1786043820308860547,1786043820.306515010,/novatel/oem7/odom,/novatel/oem7/fix,/novatel/oem7/odom,39.663,-75.756,-1.800399392,0.000967495,0.000761328,-0.000953566,0.000163581,0.000761328,,,
1786043820310463193,1786043820.309407156,/novatel/oem7/bestpos,/novatel/oem7/bestpos,/novatel/oem7/odom,39.663,-75.756,33.181878643,0.000967495,0.000761328,-0.000953566,0.000163581,0.000761328,,novatel_oem7_msgs.msg.SolutionStatus(status=0),novatel_oem7_msgs.msg.PositionOrVelocityType(type=53)
1786043820311928335,1786043820.310083393,/novatel/oem7/bestvel,/novatel/oem7/bestpos,/novatel/oem7/bestvel,39.663,-75.756,33.181878643,0.001203310,0.000772468,,,,284.040304508,novatel_oem7_msgs.msg.SolutionStatus(status=0),novatel_oem7_msgs.msg.PositionOrVelocityType(type=53)
1786043820315151111,1786043820.314494744,/novatel/oem7/odom,/novatel/oem7/bestpos,/novatel/oem7/odom,39.663,-75.756,33.181878643,0.000967495,0.000761328,-0.000953566,0.000163581,0.000761328,,,
1786043820325792922,1786043820.325087192,/novatel/oem7/inspva,/novatel/oem7/inspva,/novatel/oem7/inspva,39.663,-75.756,-1.800416865,0.000477954,0.000127017,0.000096434,-0.000468125,0.000127017,,novatel_oem7_msgs.msg.InertialSolutionStatus(status=3),
1786043820327758139,1786043820.325252903,/novatel/oem7/fix,/novatel/oem7/fix,/novatel/oem7/inspva,39.663,-75.756,-1.800416865,0.000477954,0.000127017,0.000096434,-0.000468125,0.000127017,,0,
1786043820328938340,1786043820.325654124,/novatel/oem7/odom,/novatel/oem7/fix,/novatel/oem7/odom,39.663,-75.756,-1.800416865,0.000478359,0.000125483,-0.000463375,0.000118788,0.000125483,,,
1786043820336461050,1786043820.335613938,/novatel/oem7/odom,/novatel/oem7/fix,/novatel/oem7/odom,39.663,-75.756,-1.800416865,0.000478359,0.000125483,-0.000463375,0.000118788,0.000125483,,,
1786043820345761844,1786043820.344978403,/novatel/oem7/inspva,/novatel/oem7/inspva,/novatel/oem7/inspva,39.663,-75.756,-1.800435220,0.000730347,0.000212107,-0.000020419,-0.000730061,0.000212107,,novatel_oem7_msgs.msg.InertialSolutionStatus(status=3),
1786043820347453618,1786043820.345333269,/novatel/oem7/fix,/novatel/oem7/fix,/novatel/oem7/inspva,39.663,-75.756,-1.800435220,0.000730347,0.000212107,-0.000020419,-0.000730061,0.000212107,,0,
1786043820348936049,1786043820.345755550,/novatel/oem7/odom,/novatel/oem7/fix,/novatel/oem7/odom,39.663,-75.756,-1.800435220,0.000731176,0.000209231,-0.000731030,0.000014612,0.000209231,,,
1786043820356578067,1786043820.355733708,/novatel/oem7/odom,/novatel/oem7/fix,/novatel/oem7/odom,39.663,-75.756,-1.800435220,0.000731176,0.000209231,-0.000731030,0.000014612,0.000209231,,,
1786043820367234285,1786043820.366551761,/novatel/oem7/inspva,/novatel/oem7/inspva,/novatel/oem7/inspva,39.663,-75.756,-1.800448473,0.001044916,0.000477808,0.000378828,-0.000973827,0.000477808,,novatel_oem7_msgs.msg.InertialSolutionStatus(status=3),
1786043820368675732,1786043820.366775740,/novatel/oem7/fix,/novatel/oem7/fix,/novatel/oem7/inspva,39.663,-75.756,-1.800448473,0.001044916,0.000477808,0.000378828,-0.000973827,0.000477808,,0,
1786043820369787834,1786043820.367455900,/novatel/oem7/odom,/novatel/oem7/fix,/novatel/oem7/odom,39.663,-75.756,-1.800448473,0.001046133,0.000475137,-0.000956115,0.000424545,0.000475137,,,
1786043820375786304,1786043820.374996456,/novatel/oem7/odom,/novatel/oem7/fix,/novatel/oem7/odom,39.663,-75.756,-1.800448473,0.001046133,0.000475137,-0.000956115,0.000424545,0.000475137,,,
1786043820385606971,1786043820.384999167,/novatel/oem7/inspva,/novatel/oem7/inspva,/novatel/oem7/inspva,39.663,-75.756,-1.800471826,0.000693832,0.000336876,0.000048431,-0.000692140,0.000336876,,novatel_oem7_msgs.msg.InertialSolutionStatus(status=3),
1786043820386988998,1786043820.385197043,/novatel/oem7/fix,/novatel/oem7/fix,/novatel/oem7/inspva,39.663,-75.756,-1.800471826,0.000693832,0.000336876,0.000048431,-0.000692140,0.000336876,,0,
1786043820388246670,1786043820.385768758,/novatel/oem7/odom,/novatel/oem7/fix,/novatel/oem7/odom,39.663,-75.756,-1.800471826,0.000695057,0.000334342,-0.000690298,0.000081193,0.000334342,,,
1786043820395231241,1786043820.394610608,/novatel/oem7/odom,/novatel/oem7/fix,/novatel/oem7/odom,39.663,-75.756,-1.800471826,0.000695057,0.000334342,-0.000690298,0.000081193,0.000334342,,,
1786043820406933989,1786043820.406376914,/novatel/oem7/inspva,/novatel/oem7/inspva,/novatel/oem7/inspva,39.663,-75.756,-1.800488025,0.000828644,0.000333626,0.000323194,-0.000763018,0.000333626,,novatel_oem7_msgs.msg.InertialSolutionStatus(status=3),
1786043820408329253,1786043820.406562732,/novatel/oem7/fix,/novatel/oem7/fix,/novatel/oem7/inspva,39.663,-75.756,-1.800488025,0.000828644,0.000333626,0.000323194,-0.000763018,0.000333626,,0,
1786043820409398527,1786043820.407024540,/novatel/oem7/odom,/novatel/oem7/fix,/novatel/oem7/odom,39.663,-75.756,-1.800488025,0.000829459,0.000331595,-0.000747699,0.000359093,0.000331595,,,
1786043820411355554,1786043820.410346871,/novatel/oem7/bestpos,/novatel/oem7/bestpos,/novatel/oem7/odom,39.663,-75.756,33.181789474,0.000829459,0.000331595,-0.000747699,0.000359093,0.000331595,,novatel_oem7_msgs.msg.SolutionStatus(status=0),novatel_oem7_msgs.msg.PositionOrVelocityType(type=53)
1786043820412296127,1786043820.410732735,/novatel/oem7/bestvel,/novatel/oem7/bestpos,/novatel/oem7/bestvel,39.663,-75.756,33.181789474,0.000402412,0.000341784,,,,268.445336015,novatel_oem7_msgs.msg.SolutionStatus(status=0),novatel_oem7_msgs.msg.PositionOrVelocityType(type=53)
1786043820415458432,1786043820.414789389,/novatel/oem7/odom,/novatel/oem7/bestpos,/novatel/oem7/odom,39.663,-75.756,33.181789474,0.000829459,0.000331595,-0.000747699,0.000359093,0.000331595,,,
1786043820426669782,1786043820.425989395,/novatel/oem7/inspva,/novatel/oem7/inspva,/novatel/oem7/inspva,39.663,-75.756,-1.800511860,0.000596920,0.000177983,-0.000072385,-0.000592515,0.000177983,,novatel_oem7_msgs.msg.InertialSolutionStatus(status=3),
1786043820428360579,1786043820.426210824,/novatel/oem7/fix,/novatel/oem7/fix,/novatel/oem7/inspva,39.663,-75.756,-1.800511860,0.000596920,0.000177983,-0.000072385,-0.000592515,0.000177983,,0,
1786043820429776217,1786043820.426772134,/novatel/oem7/odom,/novatel/oem7/fix,/novatel/oem7/odom,39.663,-75.756,-1.800511860,0.000597659,0.000175485,-0.000596044,-0.000043903,0.000175485,,,
1786043820435251493,1786043820.434442861,/novatel/oem7/odom,/novatel/oem7/fix,/novatel/oem7/odom,39.663,-75.756,-1.800511860,0.000597659,0.000175485,-0.000596044,-0.000043903,0.000175485,,,
1786043820445755565,1786043820.445002207,/novatel/oem7/inspva,/novatel/oem7/inspva,/novatel/oem7/inspva,39.663,-75.756,-1.800527539,0.000375997,0.000424379,0.000174347,-0.000333132,0.000424379,,novatel_oem7_msgs.msg.InertialSolutionStatus(status=3),
1786043820447587154,1786043820.445216393,/novatel/oem7/fix,/novatel/oem7/fix,/novatel/oem7/inspva,39.663,-75.756,-1.800527539,0.000375997,0.000424379,0.000174347,-0.000333132,0.000424379,,0,
1786043820448675881,1786043820.445864446,/novatel/oem7/odom,/novatel/oem7/fix,/novatel/oem7/odom,39.663,-75.756,-1.800527539,0.000376894,0.000423582,-0.000325937,0.000189247,0.000423582,,,
1786043820457674759,1786043820.456451833,/novatel/oem7/odom,/novatel/oem7/fix,/novatel/oem7/odom,39.663,-75.756,-1.800527539,0.000376894,0.000423582,-0.000325937,0.000189247,0.000423582,,,
1786043820465684784,1786043820.465096574,/novatel/oem7/inspva,/novatel/oem7/inspva,/novatel/oem7/inspva,39.663,-75.756,-1.800554798,0.000286283,0.000029059,0.000034686,-0.000284174,0.000029059,,novatel_oem7_msgs.msg.InertialSolutionStatus(status=3),
1786043820467042827,1786043820.465311013,/novatel/oem7/fix,/novatel/oem7/fix,/novatel/oem7/inspva,39.663,-75.756,-1.800554798,0.000286283,0.000029059,0.000034686,-0.000284174,0.000029059,,0,
1786043820468071851,1786043820.465903379,/novatel/oem7/odom,/novatel/oem7/fix,/novatel/oem7/odom,39.663,-75.756,-1.800554798,0.000286383,0.000028059,-0.000282261,0.000048413,0.000028059,,,
1786043820475354474,1786043820.474549833,/novatel/oem7/odom,/novatel/oem7/fix,/novatel/oem7/odom,39.663,-75.756,-1.800554798,0.000286383,0.000028059,-0.000282261,0.000048413,0.000028059,,,
1786043820487399223,1786043820.486730643,/novatel/oem7/inspva,/novatel/oem7/inspva,/novatel/oem7/inspva,39.663,-75.756,-1.800571402,0.000858335,0.000290711,0.000486170,-0.000707373,0.000290711,,novatel_oem7_msgs.msg.InertialSolutionStatus(status=3),
1786043820488789607,1786043820.487006022,/novatel/oem7/fix,/novatel/oem7/fix,/novatel/oem7/inspva,39.663,-75.756,-1.800571402,0.000858335,0.000290711,0.000486170,-0.000707373,0.000290711,,0,
1786043820489853811,1786043820.487740204,/novatel/oem7/odom,/novatel/oem7/fix,/novatel/oem7/odom,39.663,-75.756,-1.800571402,0.000858792,0.000289359,-0.000684006,0.000519287,0.000289359,,,
1786043820495458405,1786043820.494800281,/novatel/oem7/odom,/novatel/oem7/fix,/novatel/oem7/odom,39.663,-75.756,-1.800571402,0.000858792,0.000289359,-0.000684006,0.000519287,0.000289359,,,
1786043820506735846,1786043820.506150960,/novatel/oem7/inspva,/novatel/oem7/inspva,/novatel/oem7/inspva,39.663,-75.756,-1.800599220,0.000463551,0.000042158,0.000218546,-0.000408800,0.000042158,,novatel_oem7_msgs.msg.InertialSolutionStatus(status=3),
1786043820508216384,1786043820.506357945,/novatel/oem7/fix,/novatel/oem7/fix,/novatel/oem7/inspva,39.663,-75.756,-1.800599220,0.000463551,0.000042158,0.000218546,-0.000408800,0.000042158,,0,
1786043820509333095,1786043820.506806109,/novatel/oem7/odom,/novatel/oem7/fix,/novatel/oem7/odom,39.663,-75.756,-1.800599220,0.000463637,0.000041203,-0.000397833,0.000238093,0.000041203,,,
1786043820512014249,1786043820.511310268,/novatel/oem7/bestpos,/novatel/oem7/bestpos,/novatel/oem7/odom,39.663,-75.756,33.181685484,0.000463637,0.000041203,-0.000397833,0.000238093,0.000041203,,novatel_oem7_msgs.msg.SolutionStatus(status=0),novatel_oem7_msgs.msg.PositionOrVelocityType(type=53)
1786043820513496860,1786043820.512224044,/novatel/oem7/bestvel,/novatel/oem7/bestpos,/novatel/oem7/bestvel,39.663,-75.756,33.181685484,0.000813183,0.000240193,,,,285.069759803,novatel_oem7_msgs.msg.SolutionStatus(status=0),novatel_oem7_msgs.msg.PositionOrVelocityType(type=53)
1786043820515403813,1786043820.514662226,/novatel/oem7/odom,/novatel/oem7/bestpos,/novatel/oem7/odom,39.663,-75.756,33.181685484,0.000463637,0.000041203,-0.000397833,0.000238093,0.000041203,,,
1786043820526406648,1786043820.525507362,/novatel/oem7/inspva,/novatel/oem7/inspva,/novatel/oem7/inspva,39.663,-75.756,-1.800617020,0.000457502,0.000373580,0.000453880,0.000057457,0.000373580,,novatel_oem7_msgs.msg.InertialSolutionStatus(status=3),
1786043820528203896,1786043820.525843249,/novatel/oem7/fix,/novatel/oem7/fix,/novatel/oem7/inspva,39.663,-75.756,-1.800617020,0.000457502,0.000373580,0.000453880,0.000057457,0.000373580,,0,
1786043820529697941,1786043820.526518912,/novatel/oem7/odom,/novatel/oem7/fix,/novatel/oem7/odom,39.663,-75.756,-1.800617020,0.000456268,0.000375086,0.000077999,0.000449552,0.000375086,,,
1786043820535971861,1786043820.535096736,/novatel/oem7/odom,/novatel/oem7/fix,/novatel/oem7/odom,39.663,-75.756,-1.800617020,0.000456268,0.000375086,0.000077999,0.000449552,0.000375086,,,
1786043820546883208,1786043820.546124780,/novatel/oem7/inspva,/novatel/oem7/inspva,/novatel/oem7/inspva,39.663,-75.756,-1.800645971,0.000574372,-0.000027477,0.000568719,-0.000080386,-0.000027477,,novatel_oem7_msgs.msg.InertialSolutionStatus(status=3),
1786043820548597282,1786043820.546377133,/novatel/oem7/fix,/novatel/oem7/fix,/novatel/oem7/inspva,39.663,-75.756,-1.800645971,0.000574372,-0.000027477,0.000568719,-0.000080386,-0.000027477,,0,
1786043820549836195,1786043820.546945299,/novatel/oem7/odom,/novatel/oem7/fix,/novatel/oem7/odom,39.663,-75.756,-1.800645971,0.000574433,-0.000026174,-0.000052479,0.000572031,-0.000026174,,,
1786043820556553553,1786043820.555802152,/novatel/oem7/odom,/novatel/oem7/fix,/novatel/oem7/odom,39.663,-75.756,-1.800645971,0.000574433,-0.000026174,-0.000052479,0.000572031,-0.000026174,,,
1786043820565700855,1786043820.565094352,/novatel/oem7/inspva,/novatel/oem7/inspva,/novatel/oem7/inspva,39.663,-75.756,-1.800665028,0.000401723,0.000124195,0.000398308,-0.000052271,0.000124195,,novatel_oem7_msgs.msg.InertialSolutionStatus(status=3),
1786043820567096402,1786043820.565271251,/novatel/oem7/fix,/novatel/oem7/fix,/novatel/oem7/inspva,39.663,-75.756,-1.800665028,0.000401723,0.000124195,0.000398308,-0.000052271,0.000124195,,0,
1786043820568215637,1786043820.565782549,/novatel/oem7/odom,/novatel/oem7/fix,/novatel/oem7/odom,39.663,-75.756,-1.800665028,0.000401434,0.000125123,-0.000033305,0.000400050,0.000125123,,,
1786043820576414877,1786043820.575552975,/novatel/oem7/odom,/novatel/oem7/fix,/novatel/oem7/odom,39.663,-75.756,-1.800665028,0.000401434,0.000125123,-0.000033305,0.000400050,0.000125123,,,
1786043820585579816,1786043820.584929426,/novatel/oem7/inspva,/novatel/oem7/inspva,/novatel/oem7/inspva,39.663,-75.756,-1.800693379,0.000516397,-0.000041575,0.000510156,-0.000080043,-0.000041575,,novatel_oem7_msgs.msg.InertialSolutionStatus(status=3),
1786043820587010948,1786043820.585155015,/novatel/oem7/fix,/novatel/oem7/fix,/novatel/oem7/inspva,39.663,-75.756,-1.800693379,0.000516397,-0.000041575,0.000510156,-0.000080043,-0.000041575,,0,
1786043820588179766,1786043820.585677507,/novatel/oem7/odom,/novatel/oem7/fix,/novatel/oem7/odom,39.663,-75.756,-1.800693379,0.000516488,-0.000040436,-0.000054932,0.000513558,-0.000040436,,,
1786043820595044255,1786043820.594353702,/novatel/oem7/odom,/novatel/oem7/fix,/novatel/oem7/odom,39.663,-75.756,-1.800693379,0.000516488,-0.000040436,-0.000054932,0.000513558,-0.000040436,,,
1786043820606890399,1786043820.606319596,/novatel/oem7/inspva,/novatel/oem7/inspva,/novatel/oem7/inspva,39.663,-75.756,-1.800713765,0.000654398,0.000037522,0.000654133,-0.000018602,0.000037522,,novatel_oem7_msgs.msg.InertialSolutionStatus(status=3),
1786043820608410147,1786043820.606531578,/novatel/oem7/fix,/novatel/oem7/fix,/novatel/oem7/inspva,39.663,-75.756,-1.800713765,0.000654398,0.000037522,0.000654133,-0.000018602,0.000037522,,0,
1786043820609707677,1786043820.607127367,/novatel/oem7/odom,/novatel/oem7/fix,/novatel/oem7/odom,39.663,-75.756,-1.800713765,0.000654293,0.000039307,0.000013130,0.000654161,0.000039307,,,
1786043820611403410,1786043820.609990280,/novatel/oem7/bestpos,/novatel/oem7/bestpos,/novatel/oem7/odom,39.663,-75.756,33.181566112,0.000654293,0.000039307,0.000013130,0.000654161,0.000039307,,novatel_oem7_msgs.msg.SolutionStatus(status=0),novatel_oem7_msgs.msg.PositionOrVelocityType(type=53)
1786043820612494278,1786043820.610441131,/novatel/oem7/bestvel,/novatel/oem7/bestpos,/novatel/oem7/bestvel,39.663,-75.756,33.181566112,0.000626802,0.000023265,,,,3.789206687,novatel_oem7_msgs.msg.SolutionStatus(status=0),novatel_oem7_msgs.msg.PositionOrVelocityType(type=53)
1786043820615364897,1786043820.614649833,/novatel/oem7/odom,/novatel/oem7/bestpos,/novatel/oem7/odom,39.663,-75.756,33.181566112,0.000654293,0.000039307,0.000013130,0.000654161,0.000039307,,,
1786043820625807630,1786043820.625005938,/novatel/oem7/inspva,/novatel/oem7/inspva,/novatel/oem7/inspva,39.663,-75.756,-1.800741157,0.000652774,-0.000160774,0.000652485,-0.000019394,-0.000160774,,novatel_oem7_msgs.msg.InertialSolutionStatus(status=3),
1786043820627888434,1786043820.625281515,/novatel/oem7/fix,/novatel/oem7/fix,/novatel/oem7/inspva,39.663,-75.756,-1.800741157,0.000652774,-0.000160774,0.000652485,-0.000019394,-0.000160774,,0,
1786043820629575934,1786043820.625961168,/novatel/oem7/odom,/novatel/oem7/fix,/novatel/oem7/odom,39.663,-75.756,-1.800741157,0.000653211,-0.000158989,0.000013055,0.000653080,-0.000158989,,,
1786043820636495074,1786043820.635581839,/novatel/oem7/odom,/novatel/oem7/fix,/novatel/oem7/odom,39.663,-75.756,-1.800741157,0.000653211,-0.000158989,0.000013055,0.000653080,-0.000158989,,,
1786043820645916666,1786043820.645183016,/novatel/oem7/inspva,/novatel/oem7/inspva,/novatel/oem7/inspva,39.663,-75.756,-1.800758803,0.000587352,0.000343025,0.000511161,0.000289303,0.000343025,,novatel_oem7_msgs.msg.InertialSolutionStatus(status=3),
1786043820647652324,1786043820.645392008,/novatel/oem7/fix,/novatel/oem7/fix,/novatel/oem7/inspva,39.663,-75.756,-1.800758803,0.000587352,0.000343025,0.000511161,0.000289303,0.000343025,,0,
1786043820648981354,1786043820.645830877,/novatel/oem7/odom,/novatel/oem7/fix,/novatel/oem7/odom,39.663,-75.756,-1.800758803,0.000585842,0.000345597,0.000312480,0.000495548,0.000345597,,,
1786043820657262738,1786043820.656503141,/novatel/oem7/odom,/novatel/oem7/fix,/novatel/oem7/odom,39.663,-75.756,-1.800758803,0.000585842,0.000345597,0.000312480,0.000495548,0.000345597,,,
1786043820666650549,1786043820.666018573,/novatel/oem7/inspva,/novatel/oem7/inspva,/novatel/oem7/inspva,39.663,-75.756,-1.800790220,0.000783242,0.000002824,0.000647850,0.000440179,0.000002824,,novatel_oem7_msgs.msg.InertialSolutionStatus(status=3),
1786043820668100774,1786043820.666252605,/novatel/oem7/fix,/novatel/oem7/fix,/novatel/oem7/inspva,39.663,-75.756,-1.800790220,0.000783242,0.000002824,0.000647850,0.000440179,0.000002824,,0,
1786043820669306346,1786043820.666647458,/novatel/oem7/odom,/novatel/oem7/fix,/novatel/oem7/odom,39.663,-75.756,-1.800790220,0.000783221,0.000006374,0.000471197,0.000625626,0.000006374,,,
1786043820675254973,1786043820.674546003,/novatel/oem7/odom,/novatel/oem7/fix,/novatel/oem7/odom,39.663,-75.756,-1.800790220,0.000783221,0.000006374,0.000471197,0.000625626,0.000006374,,,
1786043820685601685,1786043820.685015052,/novatel/oem7/inspva,/novatel/oem7/inspva,/novatel/oem7/inspva,39.663,-75.756,-1.800815220,0.000707506,-0.000381202,0.000579016,0.000406577,-0.000381202,,novatel_oem7_msgs.msg.InertialSolutionStatus(status=3),
1786043820687033252,1786043820.685215567,/novatel/oem7/fix,/novatel/oem7/fix,/novatel/oem7/inspva,39.663,-75.756,-1.800815220,0.000707506,-0.000381202,0.000579016,0.000406577,-0.000381202,,0,
1786043820688173277,1786043820.685731419,/novatel/oem7/odom,/novatel/oem7/fix,/novatel/oem7/odom,39.663,-75.756,-1.800815220,0.000709232,-0.000377979,0.000435822,0.000559527,-0.000377979,,,
1786043820696163578,1786043820.695439101,/novatel/oem7/odom,/novatel/oem7/fix,/novatel/oem7/odom,39.663,-75.756,-1.800815220,0.000709232,-0.000377979,0.000435822,0.000559527,-0.000377979,,,
1786043820706278174,1786043820.705710544,/novatel/oem7/inspva,/novatel/oem7/inspva,/novatel/oem7/inspva,39.663,-75.756,-1.800845133,0.000881045,-0.000436007,0.000798705,0.000371902,-0.000436007,,novatel_oem7_msgs.msg.InertialSolutionStatus(status=3),
1786043820707759162,1786043820.705892960,/novatel/oem7/fix,/novatel/oem7/fix,/novatel/oem7/inspva,39.663,-75.756,-1.800845133,0.000881045,-0.000436007,0.000798705,0.000371902,-0.000436007,,0,
1786043820708950397,1786043820.706351728,/novatel/oem7/odom,/novatel/oem7/fix,/novatel/oem7/odom,39.663,-75.756,-1.800845133,0.000882876,-0.000432288,0.000412103,0.000780795,-0.000432288,,,
1786043820710604498,1786043820.709019895,/novatel/oem7/bestpos,/novatel/oem7/bestpos,/novatel/oem7/odom,39.663,-75.756,33.181430187,0.000882876,-0.000432288,0.000412103,0.000780795,-0.000432288,,novatel_oem7_msgs.msg.SolutionStatus(status=0),novatel_oem7_msgs.msg.PositionOrVelocityType(type=53)
1786043820711682952,1786043820.709596187,/novatel/oem7/bestvel,/novatel/oem7/bestpos,/novatel/oem7/bestvel,39.663,-75.756,33.181430187,0.000848833,-0.000348321,,,,11.069929141,novatel_oem7_msgs.msg.SolutionStatus(status=0),novatel_oem7_msgs.msg.PositionOrVelocityType(type=53)
1786043820715137773,1786043820.714337852,/novatel/oem7/odom,/novatel/oem7/bestpos,/novatel/oem7/odom,39.663,-75.756,33.181430187,0.000882876,-0.000432288,0.000412103,0.000780795,-0.000432288,,,
1786043820727273506,1786043820.726705111,/novatel/oem7/inspva,/novatel/oem7/inspva,/novatel/oem7/inspva,39.663,-75.756,-1.800867996,0.001038446,-0.000180426,0.000992330,0.000306025,-0.000180426,,novatel_oem7_msgs.msg.InertialSolutionStatus(status=3),
1786043820728798965,1786043820.726922483,/novatel/oem7/fix,/novatel/oem7/fix,/novatel/oem7/inspva,39.663,-75.756,-1.800867996,0.001038446,-0.000180426,0.000992330,0.000306025,-0.000180426,,0,
1786043820730000130,1786043820.727487238,/novatel/oem7/odom,/novatel/oem7/fix,/novatel/oem7/odom,39.663,-75.756,-1.800867996,0.001039136,-0.000176413,0.000354710,0.000976721,-0.000176413,,,
1786043820735473542,1786043820.734729765,/novatel/oem7/odom,/novatel/oem7/fix,/novatel/oem7/odom,39.663,-75.756,-1.800867996,0.001039136,-0.000176413,0.000354710,0.000976721,-0.000176413,,,
1786043820745654132,1786043820.745129277,/novatel/oem7/inspva,/novatel/oem7/inspva,/novatel/oem7/inspva,39.663,-75.756,-1.800900101,0.001166322,-0.000464439,0.001155261,0.000160242,-0.000464439,,novatel_oem7_msgs.msg.InertialSolutionStatus(status=3),
1786043820747049082,1786043820.745307339,/novatel/oem7/fix,/novatel/oem7/fix,/novatel/oem7/inspva,39.663,-75.756,-1.800900101,0.001166322,-0.000464439,0.001155261,0.000160242,-0.000464439,,0,
1786043820748253068,1786043820.745703703,/novatel/oem7/odom,/novatel/oem7/fix,/novatel/oem7/odom,39.663,-75.756,-1.800900101,0.001167874,-0.000460521,0.000218179,0.001147313,-0.000460521,,,
1786043820756620809,1786043820.755879266,/novatel/oem7/odom,/novatel/oem7/fix,/novatel/oem7/odom,39.663,-75.756,-1.800900101,0.001167874,-0.000460521,0.000218179,0.001147313,-0.000460521,,,
1786043820765879737,1786043820.765331807,/novatel/oem7/inspva,/novatel/oem7/inspva,/novatel/oem7/inspva,39.663,-75.756,-1.800925890,0.001049011,-0.000458525,0.000977876,0.000379714,-0.000458525,,novatel_oem7_msgs.msg.InertialSolutionStatus(status=3),
1786043820767288931,1786043820.765521989,/novatel/oem7/fix,/novatel/oem7/fix,/novatel/oem7/inspva,39.663,-75.756,-1.800925890,0.001049011,-0.000458525,0.000977876,0.000379714,-0.000458525,,0,
1786043820768447246,1786043820.766163560,/novatel/oem7/odom,/novatel/oem7/fix,/novatel/oem7/odom,39.663,-75.756,-1.800925890,0.001050860,-0.000454272,0.000428717,0.000959431,-0.000454272,,,
1786043820775729036,1786043820.774989522,/novatel/oem7/odom,/novatel/oem7/fix,/novatel/oem7/odom,39.663,-75.756,-1.800925890,0.001050860,-0.000454272,0.000428717,0.000959431,-0.000454272,,,
1786043820786732904,1786043820.786186338,/novatel/oem7/inspva,/novatel/oem7/inspva,/novatel/oem7/inspva,39.663,-75.756,-1.800956260,0.001274351,-0.000400838,0.001269955,0.000105750,-0.000400838,,novatel_oem7_msgs.msg.InertialSolutionStatus(status=3),
1786043820788204312,1786043820.786379797,/novatel/oem7/fix,/novatel/oem7/fix,/novatel/oem7/inspva,39.663,-75.756,-1.800956260,0.001274351,-0.000400838,0.001269955,0.000105750,-0.000400838,,0,
1786043820789379991,1786043820.786873095,/novatel/oem7/odom,/novatel/oem7/fix,/novatel/oem7/odom,39.663,-75.756,-1.800956260,0.001275605,-0.000396829,0.000169076,0.001264350,-0.000396829,,,
1786043820795206880,1786043820.794507453,/novatel/oem7/odom,/novatel/oem7/fix,/novatel/oem7/odom,39.663,-75.756,-1.800956260,0.001275605,-0.000396829,0.000169076,0.001264350,-0.000396829,,,
1786043820806885535,1786043820.806304486,/novatel/oem7/inspva,/novatel/oem7/inspva,/novatel/oem7/inspva,39.663,-75.756,-1.800985619,0.001086569,-0.000846818,0.001023490,0.000364829,-0.000846818,,novatel_oem7_msgs.msg.InertialSolutionStatus(status=3),
1786043820808329162,1786043820.806520358,/novatel/oem7/fix,/novatel/oem7/fix,/novatel/oem7/inspva,39.663,-75.756,-1.800985619,0.001086569,-0.000846818,0.001023490,0.000364829,-0.000846818,,0,
1786043820809476861,1786043820.807115200,/novatel/oem7/odom,/novatel/oem7/fix,/novatel/oem7/odom,39.663,-75.756,-1.800985619,0.001089926,-0.000842494,0.000417628,0.001006740,-0.000842494,,,
1786043820811060624,1786043820.810217358,/novatel/oem7/bestpos,/novatel/oem7/bestpos,/novatel/oem7/odom,39.663,-75.756,33.181295902,0.001089926,-0.000842494,0.000417628,0.001006740,-0.000842494,,novatel_oem7_msgs.msg.SolutionStatus(status=0),novatel_oem7_msgs.msg.PositionOrVelocityType(type=53)
1786043820812605319,1786043820.810563545,/novatel/oem7/bestvel,/novatel/oem7/bestpos,/novatel/oem7/bestvel,39.663,-75.756,33.181295902,0.001274658,-0.000802933,,,,359.844810514,novatel_oem7_msgs.msg.SolutionStatus(status=0),novatel_oem7_msgs.msg.PositionOrVelocityType(type=53)
1786043820816110891,1786043820.815454868,/novatel/oem7/odom,/novatel/oem7/bestpos,/novatel/oem7/odom,39.663,-75.756,33.181295902,0.001089926,-0.000842494,0.000417628,0.001006740,-0.000842494,,,
1786043820825619207,1786043820.825008258,/novatel/oem7/inspva,/novatel/oem7/inspva,/novatel/oem7/inspva,39.663,-75.756,-1.801015428,0.001047283,-0.000781324,0.001031227,0.000182680,-0.000781324,,novatel_oem7_msgs.msg.InertialSolutionStatus(status=3),
1786043820827075672,1786043820.825208383,/novatel/oem7/fix,/novatel/oem7/fix,/novatel/oem7/inspva,39.663,-75.756,-1.801015428,0.001047283,-0.000781324,0.001031227,0.000182680,-0.000781324,,0,
1786043820828274904,1786043820.825772289,/novatel/oem7/odom,/novatel/oem7/fix,/novatel/oem7/odom,39.663,-75.756,-1.801015428,0.001049988,-0.000777685,0.000235809,0.001023166,-0.000777685,,,
1786043820835138640,1786043820.834418406,/novatel/oem7/odom,/novatel/oem7/fix,/novatel/oem7/odom,39.663,-75.756,-1.801015428,0.001049988,-0.000777685,0.000235809,0.001023166,-0.000777685,,,
1786043820847048251,1786043820.846512602,/novatel/oem7/inspva,/novatel/oem7/inspva,/novatel/oem7/inspva,39.663,-75.756,-1.801040842,0.001274215,-0.000577915,0.001270191,0.000101191,-0.000577915,,novatel_oem7_msgs.msg.InertialSolutionStatus(status=3),
1786043820848495629,1786043820.846698747,/novatel/oem7/fix,/novatel/oem7/fix,/novatel/oem7/inspva,39.663,-75.756,-1.801040842,0.001274215,-0.000577915,0.001270191,0.000101191,-0.000577915,,0,
1786043820849656277,1786043820.847215322,/novatel/oem7/odom,/novatel/oem7/fix,/novatel/oem7/odom,39.663,-75.756,-1.801040842,0.001276028,-0.000573903,0.000165250,0.001265282,-0.000573903,,,
1786043820857225104,1786043820.856577494,/novatel/oem7/odom,/novatel/oem7/fix,/novatel/oem7/odom,39.663,-75.756,-1.801040842,0.001276028,-0.000573903,0.000165250,0.001265282,-0.000573903,,,
1786043820865469644,1786043820.864925305,/novatel/oem7/inspva,/novatel/oem7/inspva,/novatel/oem7/inspva,39.663,-75.756,-1.801073540,0.001124349,-0.000513676,0.001115825,-0.000138190,-0.000513676,,novatel_oem7_msgs.msg.InertialSolutionStatus(status=3),
1786043820866813101,1786043820.865105180,/novatel/oem7/fix,/novatel/oem7/fix,/novatel/oem7/inspva,39.663,-75.756,-1.801073540,0.001124349,-0.000513676,0.001115825,-0.000138190,-0.000513676,,0,
1786043820868020433,1786043820.865611412,/novatel/oem7/odom,/novatel/oem7/fix,/novatel/oem7/odom,39.663,-75.756,-1.801073540,0.001125558,-0.000511023,-0.000081620,0.001122594,-0.000511023,,,
1786043820876125535,1786043820.875444195,/novatel/oem7/odom,/novatel/oem7/fix,/novatel/oem7/odom,39.663,-75.756,-1.801073540,0.001125558,-0.000511023,-0.000081620,0.001122594,-0.000511023,,,
1786043820885649991,1786043820.885143783,/novatel/oem7/inspva,/novatel/oem7/inspva,/novatel/oem7/inspva,39.663,-75.756,-1.801106864,0.001493995,-0.001134249,0.001377128,0.000579258,-0.001134249,,novatel_oem7_msgs.msg.InertialSolutionStatus(status=3),
1786043820887031628,1786043820.885307681,/novatel/oem7/fix,/novatel/oem7/fix,/novatel/oem7/inspva,39.663,-75.756,-1.801106864,0.001493995,-0.001134249,0.001377128,0.000579258,-0.001134249,,0,
1786043820888154027,1786043820.885835526,/novatel/oem7/odom,/novatel/oem7/fix,/novatel/oem7/odom,39.663,-75.756,-1.801106864,0.001498675,-0.001128059,0.000650181,0.001350293,-0.001128059,,,
1786043820895629469,1786043820.894932362,/novatel/oem7/odom,/novatel/oem7/fix,/novatel/oem7/odom,39.663,-75.756,-1.801106864,0.001498675,-0.001128059,0.000650181,0.001350293,-0.001128059,,,
1786043820906268840,1786043820.905743138,/novatel/oem7/inspva,/novatel/oem7/inspva,/novatel/oem7/inspva,39.663,-75.756,-1.801136634,0.001215428,-0.000762457,0.001215156,0.000025723,-0.000762457,,novatel_oem7_msgs.msg.InertialSolutionStatus(status=3),
1786043820908113562,1786043820.905912459,/novatel/oem7/fix,/novatel/oem7/fix,/novatel/oem7/inspva,39.663,-75.756,-1.801136634,0.001215428,-0.000762457,0.001215156,0.000025723,-0.000762457,,0,
1786043820909253780,1786043820.906321617,/novatel/oem7/odom,/novatel/oem7/fix,/novatel/oem7/odom,39.663,-75.756,-1.801136634,0.001217665,-0.000758879,0.000087932,0.001214486,-0.000758879,,,
1786043820910797369,1786043820.908806002,/novatel/oem7/bestpos,/novatel/oem7/bestpos,/novatel/oem7/odom,39.663,-75.756,33.181131653,0.001217665,-0.000758879,0.000087932,0.001214486,-0.000758879,,novatel_oem7_msgs.msg.SolutionStatus(status=0),novatel_oem7_msgs.msg.PositionOrVelocityType(type=53)
1786043820911840309,1786043820.909202219,/novatel/oem7/bestvel,/novatel/oem7/bestpos,/novatel/oem7/bestvel,39.663,-75.756,33.181131653,0.001294692,-0.000606240,,,,345.623198181,novatel_oem7_msgs.msg.SolutionStatus(status=0),novatel_oem7_msgs.msg.PositionOrVelocityType(type=53)
1786043820915217353,1786043820.914511816,/novatel/oem7/odom,/novatel/oem7/bestpos,/novatel/oem7/odom,39.663,-75.756,33.181131653,0.001217665,-0.000758879,0.000087932,0.001214486,-0.000758879,,,
1786043820925850331,1786043820.925280205,/novatel/oem7/inspva,/novatel/oem7/inspva,/novatel/oem7/inspva,39.663,-75.756,-1.801161949,0.001195378,-0.000570853,0.001079117,0.000514233,-0.000570853,,novatel_oem7_msgs.msg.InertialSolutionStatus(status=3),
1786043820927208625,1786043820.925472077,/novatel/oem7/fix,/novatel/oem7/fix,/novatel/oem7/inspva,39.663,-75.756,-1.801161949,0.001195378,-0.000570853,0.001079117,0.000514233,-0.000570853,,0,
1786043820928252379,1786043820.926032063,/novatel/oem7/odom,/novatel/oem7/fix,/novatel/oem7/odom,39.663,-75.756,-1.801161949,0.001197791,-0.000565774,0.000568447,0.001054311,-0.000565774,,,
1786043820936079431,1786043820.935433705,/novatel/oem7/odom,/novatel/oem7/fix,/novatel/oem7/odom,39.663,-75.756,-1.801161949,0.001197791,-0.000565774,0.000568447,0.001054311,-0.000565774,,,
1786043820945594364,1786043820.945053629,/novatel/oem7/inspva,/novatel/oem7/inspva,/novatel/oem7/inspva,39.663,-75.756,-1.801195297,0.001145629,-0.000554981,0.001084761,0.000368454,-0.000554981,,novatel_oem7_msgs.msg.InertialSolutionStatus(status=3),
1786043820946916388,1786043820.945235051,/novatel/oem7/fix,/novatel/oem7/fix,/novatel/oem7/inspva,39.663,-75.756,-1.801195297,0.001145629,-0.000554981,0.001084761,0.000368454,-0.000554981,,0,
1786043820947961198,1786043820.945622468,/novatel/oem7/odom,/novatel/oem7/fix,/novatel/oem7/odom,39.663,-75.756,-1.801195297,0.001147818,-0.000550439,0.000423070,0.001067004,-0.000550439,,,
1786043820956155084,1786043820.955512841,/novatel/oem7/odom,/novatel/oem7/fix,/novatel/oem7/odom,39.663,-75.756,-1.801195297,0.001147818,-0.000550439,0.000423070,0.001067004,-0.000550439,,,
1786043820967056192,1786043820.966570953,/novatel/oem7/inspva,/novatel/oem7/inspva,/novatel/oem7/inspva,39.663,-75.756,-1.801223181,0.001293319,-0.000810363,0.001232358,0.000392389,-0.000810363,,novatel_oem7_msgs.msg.InertialSolutionStatus(status=3),
1786043820968362895,1786043820.966717278,/novatel/oem7/fix,/novatel/oem7/fix,/novatel/oem7/inspva,39.663,-75.756,-1.801223181,0.001293319,-0.000810363,0.001232358,0.000392389,-0.000810363,,0,
1786043820969382228,1786043820.967190219,/novatel/oem7/odom,/novatel/oem7/fix,/novatel/oem7/odom,39.663,-75.756,-1.801223181,0.001296469,-0.000805313,0.000455186,0.001213935,-0.000805313,,,
1786043820976225257,1786043820.975559708,/novatel/oem7/odom,/novatel/oem7/fix,/novatel/oem7/odom,39.663,-75.756,-1.801223181,0.001296469,-0.000805313,0.000455186,0.001213935,-0.000805313,,,
1786043820985497194,1786043820.984986146,/novatel/oem7/inspva,/novatel/oem7/inspva,/novatel/oem7/inspva,39.663,-75.756,-1.801256459,0.001282568,-0.000758157,0.001198605,0.000456429,-0.000758157,,novatel_oem7_msgs.msg.InertialSolutionStatus(status=3),
1786043820986785727,1786043820.985136661,/novatel/oem7/fix,/novatel/oem7/fix,/novatel/oem7/inspva,39.663,-75.756,-1.801256459,0.001282568,-0.000758157,0.001198605,0.000456429,-0.000758157,,0,
1786043820987816088,1786043820.985567869,/novatel/oem7/odom,/novatel/oem7/fix,/novatel/oem7/odom,39.663,-75.756,-1.801256459,0.001285633,-0.000752948,0.000517294,0.001176970,-0.000752948,,,
1786043820996204996,1786043820.995572450,/novatel/oem7/odom,/novatel/oem7/fix,/novatel/oem7/odom,39.663,-75.756,-1.801256459,0.001285633,-0.000752948,0.000517294,0.001176970,-0.000752948,,,
1786043821008960625,1786043821.008447626,/novatel/oem7/inspva,/novatel/oem7/inspva,/novatel/oem7/inspva,39.663,-75.756,-1.801287257,0.001409945,-0.000955339,0.001336054,0.000450449,-0.000955339,,novatel_oem7_msgs.msg.InertialSolutionStatus(status=3),
1786043821010307452,1786043821.008596155,/novatel/oem7/fix,/novatel/oem7/fix,/novatel/oem7/inspva,39.663,-75.756,-1.801287257,0.001409945,-0.000955339,0.001336054,0.000450449,-0.000955339,,0,
1786043821012939736,1786043821.012286812,/novatel/oem7/odom,/novatel/oem7/fix,/novatel/oem7/odom,39.663,-75.756,-1.801287257,0.001413700,-0.000949773,0.000518787,0.001315069,-0.000949773,,,
1786043821015239235,1786043821.014586268,/novatel/oem7/odom,/novatel/oem7/fix,/novatel/oem7/odom,39.663,-75.756,-1.801287257,0.001413700,-0.000949773,0.000518787,0.001315069,-0.000949773,,,
1786043821026345888,1786043821.025746942,/novatel/oem7/bestpos,/novatel/oem7/bestpos,/novatel/oem7/odom,39.663,-75.756,33.180983811,0.001413700,-0.000949773,0.000518787,0.001315069,-0.000949773,,novatel_oem7_msgs.msg.SolutionStatus(status=0),novatel_oem7_msgs.msg.PositionOrVelocityType(type=53)
1786043821027800656,1786043821.026460446,/novatel/oem7/bestvel,/novatel/oem7/bestpos,/novatel/oem7/bestvel,39.663,-75.756,33.180983811,0.001026580,-0.000742945,,,,45.021961771,novatel_oem7_msgs.msg.SolutionStatus(status=0),novatel_oem7_msgs.msg.PositionOrVelocityType(type=53)
1786043821029222647,1786043821.027377712,/novatel/oem7/inspva,/novatel/oem7/inspva,/novatel/oem7/inspva,39.663,-75.756,-1.801320531,0.001393714,-0.000949815,0.001292628,0.000521107,-0.000949815,,novatel_oem7_msgs.msg.InertialSolutionStatus(status=3),
1786043821030067662,1786043821.027561457,/novatel/oem7/fix,/novatel/oem7/fix,/novatel/oem7/inspva,39.663,-75.756,-1.801320531,0.001393714,-0.000949815,0.001292628,0.000521107,-0.000949815,,0,
1786043821031125020,1786043821.028005664,/novatel/oem7/odom,/novatel/oem7/fix,/novatel/oem7/odom,39.663,-75.756,-1.801320531,0.001397596,-0.000944093,0.000587235,0.001268239,-0.000944093,,,
1786043821035368023,1786043821.034702336,/novatel/oem7/odom,/novatel/oem7/fix,/novatel/oem7/odom,39.663,-75.756,-1.801320531,0.001397596,-0.000944093,0.000587235,0.001268239,-0.000944093,,,
1786043821045687520,1786043821.045129387,/novatel/oem7/inspva,/novatel/oem7/inspva,/novatel/oem7/inspva,39.663,-75.756,-1.801321209,0.001155128,-0.000387088,0.001024533,0.000533530,-0.000387088,,novatel_oem7_msgs.msg.InertialSolutionStatus(status=3),
1786043821047030810,1786043821.045286866,/novatel/oem7/fix,/novatel/oem7/fix,/novatel/oem7/inspva,39.663,-75.756,-1.801321209,0.001155128,-0.000387088,0.001024533,0.000533530,-0.000387088,,0,
1786043821048092528,1786043821.045833515,/novatel/oem7/odom,/novatel/oem7/fix,/novatel/oem7/odom,39.663,-75.756,-1.801321209,0.001156793,-0.000382084,0.000584327,0.000998365,-0.000382084,,,
1786043821057214530,1786043821.056556490,/novatel/oem7/odom,/novatel/oem7/fix,/novatel/oem7/odom,39.663,-75.756,-1.801321209,0.001156793,-0.000382084,0.000584327,0.000998365,-0.000382084,,,
1786043821065742300,1786043821.065180914,/novatel/oem7/inspva,/novatel/oem7/inspva,/novatel/oem7/inspva,39.663,-75.756,-1.801316358,0.001342323,-0.000429402,0.001039024,0.000849858,-0.000429402,,novatel_oem7_msgs.msg.InertialSolutionStatus(status=3),
1786043821067121380,1786043821.065369322,/novatel/oem7/fix,/novatel/oem7/fix,/novatel/oem7/inspva,39.663,-75.756,-1.801316358,0.001342323,-0.000429402,0.001039024,0.000849858,-0.000429402,,0,
1786043821068132587,1786043821.065723983,/novatel/oem7/odom,/novatel/oem7/fix,/novatel/oem7/odom,39.663,-75.756,-1.801316358,0.001344313,-0.000423131,0.000901156,0.000997545,-0.000423131,,,
1786043821075176542,1786043821.074530559,/novatel/oem7/odom,/novatel/oem7/fix,/novatel/oem7/odom,39.663,-75.756,-1.801316358,0.001344313,-0.000423131,0.000901156,0.000997545,-0.000423131,,,
1786043821087201813,1786043821.086703342,/novatel/oem7/inspva,/novatel/oem7/inspva,/novatel/oem7/inspva,39.663,-75.756,-1.801315780,0.001190756,-0.000895321,0.000957661,0.000707661,-0.000895321,,novatel_oem7_msgs.msg.InertialSolutionStatus(status=3),
1786043821088515043,1786043821.086859813,/novatel/oem7/fix,/novatel/oem7/fix,/novatel/oem7/inspva,39.663,-75.756,-1.801315780,0.001190756,-0.000895321,0.000957661,0.000707661,-0.000895321,,0,
1786043821089541591,1786043821.087566184,/novatel/oem7/odom,/novatel/oem7/fix,/novatel/oem7/odom,39.663,-75.756,-1.801315780,0.001194878,-0.000889813,0.000757057,0.000924444,-0.000889813,,,
1786043821096399426,1786043821.095747526,/novatel/oem7/odom,/novatel/oem7/fix,/novatel/oem7/odom,39.663,-75.756,-1.801315780,0.001194878,-0.000889813,0.000757057,0.000924444,-0.000889813,,,
1786043821106346667,1786043821.105836315,/novatel/oem7/inspva,/novatel/oem7/inspva,/novatel/oem7/inspva,39.663,-75.756,-1.801307845,0.001555577,-0.000872049,0.001403341,0.000671159,-0.000872049,,novatel_oem7_msgs.msg.InertialSolutionStatus(status=3),
1786043821107683840,1786043821.105986100,/novatel/oem7/fix,/novatel/oem7/fix,/novatel/oem7/inspva,39.663,-75.756,-1.801307845,0.001555577,-0.000872049,0.001403341,0.000671159,-0.000872049,,0,
1786043821108738898,1786043821.106350047,/novatel/oem7/odom,/novatel/oem7/fix,/novatel/oem7/odom,39.663,-75.756,-1.801307845,0.001559279,-0.000865411,0.000742194,0.001371314,-0.000865411,,,
1786043821110202053,1786043821.109435315,/novatel/oem7/bestpos,/novatel/oem7/bestpos,/novatel/oem7/odom,39.663,-75.756,33.180973352,0.001559279,-0.000865411,0.000742194,0.001371314,-0.000865411,,novatel_oem7_msgs.msg.SolutionStatus(status=0),novatel_oem7_msgs.msg.PositionOrVelocityType(type=53)
1786043821111631470,1786043821.110166922,/novatel/oem7/bestvel,/novatel/oem7/bestpos,/novatel/oem7/bestvel,39.663,-75.756,33.180973352,0.001670734,-0.000913754,,,,19.562070183,novatel_oem7_msgs.msg.SolutionStatus(status=0),novatel_oem7_msgs.msg.PositionOrVelocityType(type=53)
1786043821116232847,1786043821.115591330,/novatel/oem7/odom,/novatel/oem7/bestpos,/novatel/oem7/odom,39.663,-75.756,33.180973352,0.001559279,-0.000865411,0.000742194,0.001371314,-0.000865411,,,
1786043821125890914,1786043821.125338626,/novatel/oem7/inspva,/novatel/oem7/inspva,/novatel/oem7/inspva,39.663,-75.756,-1.801302791,0.001196516,-0.000495862,0.001051029,0.000571829,-0.000495862,,novatel_oem7_msgs.msg.InertialSolutionStatus(status=3),
1786043821127258642,1786043821.125522801,/novatel/oem7/fix,/novatel/oem7/fix,/novatel/oem7/inspva,39.663,-75.756,-1.801302791,0.001196516,-0.000495862,0.001051029,0.000571829,-0.000495862,,0,
1786043821128310069,1786043821.125968495,/novatel/oem7/odom,/novatel/oem7/fix,/novatel/oem7/odom,39.663,-75.756,-1.801302791,0.001198675,-0.000490619,0.000624321,0.001023252,-0.000490619,,,
1786043821135538172,1786043821.134859472,/novatel/oem7/odom,/novatel/oem7/fix,/novatel/oem7/odom,39.663,-75.756,-1.801302791,0.001198675,-0.000490619,0.000624321,0.001023252,-0.000490619,,,
1786043821146562580,1786043821.146030838,/novatel/oem7/inspva,/novatel/oem7/inspva,/novatel/oem7/inspva,39.663,-75.756,-1.801299713,0.001640050,-0.000723295,0.001441631,0.000781962,-0.000723295,,novatel_oem7_msgs.msg.InertialSolutionStatus(status=3),
1786043821147880687,1786043821.146180583,/novatel/oem7/fix,/novatel/oem7/fix,/novatel/oem7/inspva,39.663,-75.756,-1.801299713,0.001640050,-0.000723295,0.001441631,0.000781962,-0.000723295,,0,
1786043821148932304,1786043821.146667045,/novatel/oem7/odom,/novatel/oem7/fix,/novatel/oem7/odom,39.663,-75.756,-1.801299713,0.001643187,-0.000716140,0.000854149,0.001403742,-0.000716140,,,
1786043821156760151,1786043821.156083850,/novatel/oem7/odom,/novatel/oem7/fix,/novatel/oem7/odom,39.663,-75.756,-1.801299713,0.001643187,-0.000716140,0.000854149,0.001403742,-0.000716140,,,
1786043821165801662,1786043821.165237909,/novatel/oem7/inspva,/novatel/oem7/inspva,/novatel/oem7/inspva,39.663,-75.756,-1.801298545,0.001169094,-0.000695128,0.000823704,0.000829635,-0.000695128,,novatel_oem7_msgs.msg.InertialSolutionStatus(status=3),
1786043821167134865,1786043821.165394184,/novatel/oem7/fix,/novatel/oem7/fix,/novatel/oem7/inspva,39.663,-75.756,-1.801298545,0.001169094,-0.000695128,0.000823704,0.000829635,-0.000695128,,0,
1786043821168202309,1786043821.165965990,/novatel/oem7/odom,/novatel/oem7/fix,/novatel/oem7/odom,39.663,-75.756,-1.801298545,0.001172397,-0.000689543,0.000871555,0.000784160,-0.000689543,,,
1786043821176236767,1786043821.175555887,/novatel/oem7/odom,/novatel/oem7/fix,/novatel/oem7/odom,39.663,-75.756,-1.801298545,0.001172397,-0.000689543,0.000871555,0.000784160,-0.000689543,,,
1786043821185825971,1786043821.185294365,/novatel/oem7/inspva,/novatel/oem7/inspva,/novatel/oem7/inspva,39.663,-75.756,-1.801296595,0.001510680,-0.000920872,0.001158846,0.000969140,-0.000920872,,novatel_oem7_msgs.msg.InertialSolutionStatus(status=3),
1786043821187147301,1786043821.185493091,/novatel/oem7/fix,/novatel/oem7/fix,/novatel/oem7/inspva,39.663,-75.756,-1.801296595,0.001510680,-0.000920872,0.001158846,0.000969140,-0.000920872,,0,
1786043821197229533,1786043821.185867891,/novatel/oem7/odom,/novatel/oem7/fix,/novatel/oem7/odom,39.663,-75.756,-1.801296595,0.001514972,-0.000913794,0.001028113,0.001112710,-0.000913794,,,
1786043821198819916,1786043821.194542086,/novatel/oem7/odom,/novatel/oem7/fix,/novatel/oem7/odom,39.663,-75.756,-1.801296595,0.001514972,-0.000913794,0.001028113,0.001112710,-0.000913794,,,
1786043821206779483,1786043821.206065089,/novatel/oem7/inspva,/novatel/oem7/inspva,/novatel/oem7/inspva,39.663,-75.756,-1.801296017,0.001135676,-0.000876143,0.000824875,0.000780603,-0.000876143,,novatel_oem7_msgs.msg.InertialSolutionStatus(status=3),
1786043821208295878,1786043821.206243007,/novatel/oem7/fix,/novatel/oem7/fix,/novatel/oem7/inspva,39.663,-75.756,-1.801296017,0.001135676,-0.000876143,0.000824875,0.000780603,-0.000876143,,0,
1786043821209382666,1786043821.206896371,/novatel/oem7/odom,/novatel/oem7/fix,/novatel/oem7/odom,39.663,-75.756,-1.801296017,0.001139825,-0.000870738,0.000823373,0.000788199,-0.000870738,,,
1786043821211085940,1786043821.210152011,/novatel/oem7/bestpos,/novatel/oem7/bestpos,/novatel/oem7/odom,39.663,-75.756,33.180985188,0.001139825,-0.000870738,0.000823373,0.000788199,-0.000870738,,novatel_oem7_msgs.msg.SolutionStatus(status=0),novatel_oem7_msgs.msg.PositionOrVelocityType(type=53)
1786043821212506508,1786043821.210584601,/novatel/oem7/bestvel,/novatel/oem7/bestpos,/novatel/oem7/bestvel,39.663,-75.756,33.180985188,0.001555139,-0.001201897,,,,42.806681826,novatel_oem7_msgs.msg.SolutionStatus(status=0),novatel_oem7_msgs.msg.PositionOrVelocityType(type=53)
1786043821216414154,1786043821.215635496,/novatel/oem7/odom,/novatel/oem7/bestpos,/novatel/oem7/odom,39.663,-75.756,33.180985188,0.001139825,-0.000870738,0.000823373,0.000788199,-0.000870738,,,
1786043821225888383,1786043821.225147549,/novatel/oem7/inspva,/novatel/oem7/inspva,/novatel/oem7/inspva,39.663,-75.756,-1.801293015,0.001504066,-0.000899921,0.001232076,0.000862672,-0.000899921,,novatel_oem7_msgs.msg.InertialSolutionStatus(status=3),
1786043821227298150,1786043821.225338054,/novatel/oem7/fix,/novatel/oem7/fix,/novatel/oem7/inspva,39.663,-75.756,-1.801293015,0.001504066,-0.000899921,0.001232076,0.000862672,-0.000899921,,0,
1786043821228357578,1786043821.225849319,/novatel/oem7/odom,/novatel/oem7/fix,/novatel/oem7/odom,39.663,-75.756,-1.801293015,0.001508159,-0.000893044,0.000925272,0.001190972,-0.000893044,,,
1786043821236416589,1786043821.235687059,/novatel/oem7/odom,/novatel/oem7/fix,/novatel/oem7/odom,39.663,-75.756,-1.801293015,0.001508159,-0.000893044,0.000925272,0.001190972,-0.000893044,,,
1786043821246195068,1786043821.245500501,/novatel/oem7/inspva,/novatel/oem7/inspva,/novatel/oem7/inspva,39.663,-75.756,-1.801289009,0.001467546,-0.000560649,0.001032493,0.001042904,-0.000560649,,novatel_oem7_msgs.msg.InertialSolutionStatus(status=3),
1786043821248072277,1786043821.245675766,/novatel/oem7/fix,/novatel/oem7/fix,/novatel/oem7/inspva,39.663,-75.756,-1.801289009,0.001467546,-0.000560649,0.001032493,0.001042904,-0.000560649,,0,
1786043821249115105,1786043821.246418258,/novatel/oem7/odom,/novatel/oem7/fix,/novatel/oem7/odom,39.663,-75.756,-1.801289009,0.001470206,-0.000553635,0.001094203,0.000981950,-0.000553635,,,
1786043821256904539,1786043821.256521556,/novatel/oem7/odom,/novatel/oem7/fix,/novatel/oem7/odom,39.663,-75.756,-1.801289009,0.001470206,-0.000553635,0.001094203,0.000981950,-0.000553635,,,
1786043821266398985,1786043821.266030532,/novatel/oem7/inspva,/novatel/oem7/inspva,/novatel/oem7/inspva,39.663,-75.756,-1.801285662,0.001628725,-0.000687156,0.001117163,0.001185197,-0.000687156,,novatel_oem7_msgs.msg.InertialSolutionStatus(status=3),
1786043821267006793,1786043821.266203181,/novatel/oem7/fix,/novatel/oem7/fix,/novatel/oem7/inspva,39.663,-75.756,-1.801285662,0.001628725,-0.000687156,0.001117163,0.001185197,-0.000687156,,0,
1786043821267497063,1786043821.266518497,/novatel/oem7/odom,/novatel/oem7/fix,/novatel/oem7/odom,39.663,-75.756,-1.801285662,0.001631994,-0.000679354,0.001240946,0.001059933,-0.000679354,,,
1786043821274892857,1786043821.274462851,/novatel/oem7/odom,/novatel/oem7/fix,/novatel/oem7/odom,39.663,-75.756,-1.801285662,0.001631994,-0.000679354,0.001240946,0.001059933,-0.000679354,,,
1786043821285623830,1786043821.285096231,/novatel/oem7/inspva,/novatel/oem7/inspva,/novatel/oem7/inspva,39.663,-75.756,-1.801284354,0.001438511,-0.000716745,0.001036871,0.000997102,-0.000716745,,novatel_oem7_msgs.msg.InertialSolutionStatus(status=3),
1786043821286919663,1786043821.285171952,/novatel/oem7/fix,/novatel/oem7/fix,/novatel/oem7/inspva,39.663,-75.756,-1.801284354,0.001438511,-0.000716745,0.001036871,0.000997102,-0.000716745,,0,
1786043821287939494,1786043821.285668384,/novatel/oem7/odom,/novatel/oem7/fix,/novatel/oem7/odom,39.663,-75.756,-1.801284354,0.001441909,-0.000709884,0.001049311,0.000988963,-0.000709884,,,
1786043821296002165,1786043821.295335770,/novatel/oem7/odom,/novatel/oem7/fix,/novatel/oem7/odom,39.663,-75.756,-1.801284354,0.001441909,-0.000709884,0.001049311,0.000988963,-0.000709884,,,
1786043821306234143,1786043821.305765512,/novatel/oem7/inspva,/novatel/oem7/inspva,/novatel/oem7/inspva,39.663,-75.756,-1.801279152,0.001873063,-0.000608036,0.001298313,0.001350092,-0.000608036,,novatel_oem7_msgs.msg.InertialSolutionStatus(status=3),
1786043821307577329,1786043821.305837951,/novatel/oem7/fix,/novatel/oem7/fix,/novatel/oem7/inspva,39.663,-75.756,-1.801279152,0.001873063,-0.000608036,0.001298313,0.001350092,-0.000608036,,0,
1786043821308595800,1786043821.306278476,/novatel/oem7/odom,/novatel/oem7/fix,/novatel/oem7/odom,39.663,-75.756,-1.801279152,0.001875943,-0.000599092,0.001414156,0.001232608,-0.000599092,,,
1786043821310110755,1786043821.309133063,/novatel/oem7/bestpos,/novatel/oem7/bestpos,/novatel/oem7/odom,39.663,-75.756,33.181008435,0.001875943,-0.000599092,0.001414156,0.001232608,-0.000599092,,novatel_oem7_msgs.msg.SolutionStatus(status=0),novatel_oem7_msgs.msg.PositionOrVelocityType(type=53)
1786043821311053818,1786043821.309517613,/novatel/oem7/bestvel,/novatel/oem7/bestpos,/novatel/oem7/bestvel,39.663,-75.756,33.181008435,0.001775566,-0.000528571,,,,47.889968628,novatel_oem7_msgs.msg.SolutionStatus(status=0),novatel_oem7_msgs.msg.PositionOrVelocityType(type=53)
1786043821314994731,1786043821.314362988,/novatel/oem7/odom,/novatel/oem7/bestpos,/novatel/oem7/odom,39.663,-75.756,33.181008435,0.001875943,-0.000599092,0.001414156,0.001232608,-0.000599092,,,
1786043821326677359,1786043821.326185939,/novatel/oem7/inspva,/novatel/oem7/inspva,/novatel/oem7/inspva,39.663,-75.756,-1.801277393,0.001475328,-0.000820685,0.001073762,0.001011744,-0.000820685,,novatel_oem7_msgs.msg.InertialSolutionStatus(status=3),
1786043821327978599,1786043821.326260258,/novatel/oem7/fix,/novatel/oem7/fix,/novatel/oem7/inspva,39.663,-75.756,-1.801277393,0.001475328,-0.000820685,0.001073762,0.001011744,-0.000820685,,0,
1786043821329015323,1786043821.326893585,/novatel/oem7/odom,/novatel/oem7/fix,/novatel/oem7/odom,39.663,-75.756,-1.801277393,0.001479195,-0.000813694,0.001066132,0.001025369,-0.000813694,,,
1786043821335997577,1786043821.335316763,/novatel/oem7/odom,/novatel/oem7/fix,/novatel/oem7/odom,39.663,-75.756,-1.801277393,0.001479195,-0.000813694,0.001066132,0.001025369,-0.000813694,,,
1786043821345325378,1786043821.344865262,/novatel/oem7/inspva,/novatel/oem7/inspva,/novatel/oem7/inspva,39.663,-75.756,-1.801268770,0.001699405,-0.000471916,0.001389360,0.000978598,-0.000471916,,novatel_oem7_msgs.msg.InertialSolutionStatus(status=3),
1786043821346739139,1786043821.344933188,/novatel/oem7/fix,/novatel/oem7/fix,/novatel/oem7/inspva,39.663,-75.756,-1.801268770,0.001699405,-0.000471916,0.001389360,0.000978598,-0.000471916,,0,
1786043821348069602,1786043821.345417492,/novatel/oem7/odom,/novatel/oem7/fix,/novatel/oem7/odom,39.663,-75.756,-1.801268770,0.001701538,-0.000464166,0.001046991,0.001341284,-0.000464166,,,
1786043821356179784,1786043821.355535228,/novatel/oem7/odom,/novatel/oem7/fix,/novatel/oem7/odom,39.663,-75.756,-1.801268770,0.001701538,-0.000464166,0.001046991,0.001341284,-0.000464166,,,
1786043821366952907,1786043821.366467202,/novatel/oem7/inspva,/novatel/oem7/inspva,/novatel/oem7/inspva,39.663,-75.756,-1.801267701,0.001838844,-0.000702094,0.001381441,0.001213658,-0.000702094,,novatel_oem7_msgs.msg.InertialSolutionStatus(status=3),
1786043821368232756,1786043821.366622610,/novatel/oem7/fix,/novatel/oem7/fix,/novatel/oem7/inspva,39.663,-75.756,-1.801267701,0.001838844,-0.000702094,0.001381441,0.001213658,-0.000702094,,0,
1786043821369261736,1786043821.367045738,/novatel/oem7/odom,/novatel/oem7/fix,/novatel/oem7/odom,39.663,-75.756,-1.801267701,0.001842131,-0.000693424,0.001282318,0.001322538,-0.000693424,,,
1786043821375595497,1786043821.374952184,/novatel/oem7/odom,/novatel/oem7/fix,/novatel/oem7/odom,39.663,-75.756,-1.801267701,0.001842131,-0.000693424,0.001282318,0.001322538,-0.000693424,,,
1786043821385526971,1786043821.384955039,/novatel/oem7/inspva,/novatel/oem7/inspva,/novatel/oem7/inspva,39.663,-75.756,-1.801258347,0.001748941,-0.000641716,0.001365716,0.001092526,-0.000641716,,novatel_oem7_msgs.msg.InertialSolutionStatus(status=3),
1786043821386879128,1786043821.385130694,/novatel/oem7/fix,/novatel/oem7/fix,/novatel/oem7/inspva,39.663,-75.756,-1.801258347,0.001748941,-0.000641716,0.001365716,0.001092526,-0.000641716,,0,
1786043821387916859,1786043821.385566065,/novatel/oem7/odom,/novatel/oem7/fix,/novatel/oem7/odom,39.663,-75.756,-1.801258347,0.001751910,-0.000633565,0.001160314,0.001312577,-0.000633565,,,
1786043821395305690,1786043821.394669457,/novatel/oem7/odom,/novatel/oem7/fix,/novatel/oem7/odom,39.663,-75.756,-1.801258347,0.001751910,-0.000633565,0.001160314,0.001312577,-0.000633565,,,
1786043821406974238,1786043821.406478840,/novatel/oem7/inspva,/novatel/oem7/inspva,/novatel/oem7/inspva,39.663,-75.756,-1.801253036,0.001703544,-0.000415011,0.001240959,0.001167083,-0.000415011,,novatel_oem7_msgs.msg.InertialSolutionStatus(status=3),
1786043821408268431,1786043821.406651015,/novatel/oem7/fix,/novatel/oem7/fix,/novatel/oem7/inspva,39.663,-75.756,-1.801253036,0.001703544,-0.000415011,0.001240959,0.001167083,-0.000415011,,0,
1786043821409272098,1786043821.407521417,/novatel/oem7/odom,/novatel/oem7/fix,/novatel/oem7/odom,39.663,-75.756,-1.801253036,0.001705490,-0.000406940,0.001227787,0.001183738,-0.000406940,,,
1786043821411059869,1786043821.410182667,/novatel/oem7/bestpos,/novatel/oem7/bestpos,/novatel/oem7/odom,39.663,-75.756,33.181031128,0.001705490,-0.000406940,0.001227787,0.001183738,-0.000406940,,novatel_oem7_msgs.msg.SolutionStatus(status=0),novatel_oem7_msgs.msg.PositionOrVelocityType(type=53)
1786043821411957592,1786043821.410516648,/novatel/oem7/bestvel,/novatel/oem7/bestpos,/novatel/oem7/bestvel,39.663,-75.756,33.181031128,0.001598561,-0.000333817,,,,42.765232258,novatel_oem7_msgs.msg.SolutionStatus(status=0),novatel_oem7_msgs.msg.PositionOrVelocityType(type=53)
1786043821415439854,1786043821.414787977,/novatel/oem7/odom,/novatel/oem7/bestpos,/novatel/oem7/odom,39.663,-75.756,33.181031128,0.001705490,-0.000406940,0.001227787,0.001183738,-0.000406940,,,
1786043821426639067,1786043821.426103478,/novatel/oem7/inspva,/novatel/oem7/inspva,/novatel/oem7/inspva,39.663,-75.756,-1.801246181,0.001554846,-0.000491793,0.001061705,0.001135927,-0.000491793,,novatel_oem7_msgs.msg.InertialSolutionStatus(status=3),
1786043821427917840,1786043821.426269710,/novatel/oem7/fix,/novatel/oem7/fix,/novatel/oem7/inspva,39.663,-75.756,-1.801246181,0.001554846,-0.000491793,0.001061705,0.001135927,-0.000491793,,0,
1786043821428941354,1786043821.426689611,/novatel/oem7/odom,/novatel/oem7/fix,/novatel/oem7/odom,39.663,-75.756,-1.801246181,0.001557181,-0.000484350,0.001188279,0.001006381,-0.000484350,,,
1786043821435247201,1786043821.434560644,/novatel/oem7/odom,/novatel/oem7/fix,/novatel/oem7/odom,39.663,-75.756,-1.801246181,0.001557181,-0.000484350,0.001188279,0.001006381,-0.000484350,,,
1786043821445548595,1786043821.445038610,/novatel/oem7/inspva,/novatel/oem7/inspva,/novatel/oem7/inspva,39.663,-75.756,-1.801243513,0.001689374,-0.000672798,0.001162263,0.001226021,-0.000672798,,novatel_oem7_msgs.msg.InertialSolutionStatus(status=3),
1786043821446846871,1786043821.445206831,/novatel/oem7/fix,/novatel/oem7/fix,/novatel/oem7/inspva,39.663,-75.756,-1.801243513,0.001689374,-0.000672798,0.001162263,0.001226021,-0.000672798,,0,
1786043821447880802,1786043821.445630869,/novatel/oem7/odom,/novatel/oem7/fix,/novatel/oem7/odom,39.663,-75.756,-1.801243513,0.001692562,-0.000664736,0.001283889,0.001102903,-0.000664736,,,
1786043821457056945,1786043821.456400432,/novatel/oem7/odom,/novatel/oem7/fix,/novatel/oem7/odom,39.663,-75.756,-1.801243513,0.001692562,-0.000664736,0.001283889,0.001102903,-0.000664736,,,
1786043821465557404,1786043821.465047665,/novatel/oem7/inspva,/novatel/oem7/inspva,/novatel/oem7/inspva,39.663,-75.756,-1.801237538,0.001530831,-0.000611740,0.000943487,0.001205519,-0.000611740,,novatel_oem7_msgs.msg.InertialSolutionStatus(status=3),
1786043821466840534,1786043821.465205321,/novatel/oem7/fix,/novatel/oem7/fix,/novatel/oem7/inspva,39.663,-75.756,-1.801237538,0.001530831,-0.000611740,0.000943487,0.001205519,-0.000611740,,0,
1786043821467858101,1786043821.465655295,/novatel/oem7/odom,/novatel/oem7/fix,/novatel/oem7/odom,39.663,-75.756,-1.801237538,0.001533753,-0.000604375,0.001252507,0.000885226,-0.000604375,,,
1786043821475077597,1786043821.474394704,/novatel/oem7/odom,/novatel/oem7/fix,/novatel/oem7/odom,39.663,-75.756,-1.801237538,0.001533753,-0.000604375,0.001252507,0.000885226,-0.000604375,,,
1786043821487113229,1786043821.486630061,/novatel/oem7/inspva,/novatel/oem7/inspva,/novatel/oem7/inspva,39.663,-75.756,-1.801234788,0.001753836,-0.000445731,0.001339732,0.001131838,-0.000445731,,novatel_oem7_msgs.msg.InertialSolutionStatus(status=3),
1786043821488398042,1786043821.486766432,/novatel/oem7/fix,/novatel/oem7/fix,/novatel/oem7/inspva,39.663,-75.756,-1.801234788,0.001753836,-0.000445731,0.001339732,0.001131838,-0.000445731,,0,
1786043821489417332,1786043821.487658341,/novatel/oem7/odom,/novatel/oem7/fix,/novatel/oem7/odom,39.663,-75.756,-1.801234788,0.001755903,-0.000437516,0.001197562,0.001284150,-0.000437516,,,
1786043821495664959,1786043821.495009902,/novatel/oem7/odom,/novatel/oem7/fix,/novatel/oem7/odom,39.663,-75.756,-1.801234788,0.001755903,-0.000437516,0.001197562,0.001284150,-0.000437516,,,
1786043821506400821,1786043821.505891799,/novatel/oem7/inspva,/novatel/oem7/inspva,/novatel/oem7/inspva,39.663,-75.756,-1.801230380,0.001466637,-0.000616639,0.001075519,0.000997138,-0.000616639,,novatel_oem7_msgs.msg.InertialSolutionStatus(status=3),
1786043821507735534,1786043821.506034637,/novatel/oem7/fix,/novatel/oem7/fix,/novatel/oem7/inspva,39.663,-75.756,-1.801230380,0.001466637,-0.000616639,0.001075519,0.000997138,-0.000616639,,0,
1786043821508770868,1786043821.506501899,/novatel/oem7/odom,/novatel/oem7/fix,/novatel/oem7/odom,39.663,-75.756,-1.801230380,0.001469539,-0.000609691,0.001050845,0.001027263,-0.000609691,,,
1786043821511775465,1786043821.511214559,/novatel/oem7/bestpos,/novatel/oem7/bestpos,/novatel/oem7/odom,39.663,-75.756,33.181049639,0.001469539,-0.000609691,0.001050845,0.001027263,-0.000609691,,novatel_oem7_msgs.msg.SolutionStatus(status=0),novatel_oem7_msgs.msg.PositionOrVelocityType(type=53)
1786043821513165162,1786043821.511607126,/novatel/oem7/bestvel,/novatel/oem7/bestpos,/novatel/oem7/bestvel,39.663,-75.756,33.181049639,0.002137353,-0.001104790,,,,52.975681868,novatel_oem7_msgs.msg.SolutionStatus(status=0),novatel_oem7_msgs.msg.PositionOrVelocityType(type=53)
1786043821515144579,1786043821.514492456,/novatel/oem7/odom,/novatel/oem7/bestpos,/novatel/oem7/odom,39.663,-75.756,33.181049639,0.001469539,-0.000609691,0.001050845,0.001027263,-0.000609691,,,
1786043821525762970,1786043821.525259141,/novatel/oem7/inspva,/novatel/oem7/inspva,/novatel/oem7/inspva,39.663,-75.756,-1.801226186,0.001829919,-0.000340238,0.001316813,0.001270673,-0.000340238,,novatel_oem7_msgs.msg.InertialSolutionStatus(status=3),
1786043821527035642,1786043821.525396896,/novatel/oem7/fix,/novatel/oem7/fix,/novatel/oem7/inspva,39.663,-75.756,-1.801226186,0.001829919,-0.000340238,0.001316813,0.001270673,-0.000340238,,0,
1786043821528041906,1786043821.526153153,/novatel/oem7/odom,/novatel/oem7/fix,/novatel/oem7/odom,39.663,-75.756,-1.801226186,0.001831510,-0.000331571,0.001334695,0.001254199,-0.000331571,,,
1786043821535881856,1786043821.534970547,/novatel/oem7/odom,/novatel/oem7/fix,/novatel/oem7/odom,39.663,-75.756,-1.801226186,0.001831510,-0.000331571,0.001334695,0.001254199,-0.000331571,,,
1786043821547262831,1786043821.546327324,/novatel/oem7/inspva,/novatel/oem7/inspva,/novatel/oem7/inspva,39.663,-75.756,-1.801221468,0.001547108,-0.000364928,0.001041266,0.001144250,-0.000364928,,novatel_oem7_msgs.msg.InertialSolutionStatus(status=3),
1786043821548897520,1786043821.547471172,/novatel/oem7/fix,/novatel/oem7/fix,/novatel/oem7/inspva,39.663,-75.756,-1.801221468,0.001547108,-0.000364928,0.001041266,0.001144250,-0.000364928,,0,
1786043821550753806,1786043821.548632401,/novatel/oem7/odom,/novatel/oem7/fix,/novatel/oem7/odom,39.663,-75.756,-1.801221468,0.001548841,-0.000357503,0.001195096,0.000985218,-0.000357503,,,
1786043821556452260,1786043821.555789463,/novatel/oem7/odom,/novatel/oem7/fix,/novatel/oem7/odom,39.663,-75.756,-1.801221468,0.001548841,-0.000357503,0.001195096,0.000985218,-0.000357503,,,
1786043821566364537,1786043821.565143738,/novatel/oem7/inspva,/novatel/oem7/inspva,/novatel/oem7/inspva,39.663,-75.756,-1.801220290,0.001758634,-0.000500075,0.001211034,0.001275222,-0.000500075,,novatel_oem7_msgs.msg.InertialSolutionStatus(status=3),
1786043821568156545,1786043821.565534809,/novatel/oem7/fix,/novatel/oem7/fix,/novatel/oem7/inspva,39.663,-75.756,-1.801220290,0.001758634,-0.000500075,0.001211034,0.001275222,-0.000500075,,0,
1786043821569616647,1786043821.565969143,/novatel/oem7/odom,/novatel/oem7/fix,/novatel/oem7/odom,39.663,-75.756,-1.801220290,0.001548840,-0.000357507,0.001195096,0.000985215,-0.000357507,,,
1786043821576324421,1786043821.575480099,/novatel/oem7/odom,/novatel/oem7/fix,/novatel/oem7/odom,39.663,-75.756,-1.801220290,0.001761005,-0.000491660,0.001334731,0.001148753,-0.000491660,,,
1786043821585700023,1786043821.585011386,/novatel/oem7/inspva,/novatel/oem7/inspva,/novatel/oem7/inspva,39.663,-75.756,-1.801215199,0.001539178,-0.000556844,0.001197507,0.000966977,-0.000556844,,novatel_oem7_msgs.msg.InertialSolutionStatus(status=3),
1786043821587262792,1786043821.585277818,/novatel/oem7/fix,/novatel/oem7/fix,/novatel/oem7/inspva,39.663,-75.756,-1.801215199,0.001539178,-0.000556844,0.001197507,0.000966977,-0.000556844,,0,
1786043821588269659,1786043821.585934052,/novatel/oem7/odom,/novatel/oem7/fix,/novatel/oem7/odom,39.663,-75.756,-1.801215199,0.001541754,-0.000549669,0.001026437,0.001150406,-0.000549669,,,
1786043821595774078,1786043821.594593703,/novatel/oem7/odom,/novatel/oem7/fix,/novatel/oem7/odom,39.663,-75.756,-1.801215199,0.001541754,-0.000549669,0.001026437,0.001150406,-0.000549669,,,
1786043821606941648,1786043821.606359912,/novatel/oem7/inspva,/novatel/oem7/inspva,/novatel/oem7/inspva,39.663,-75.756,-1.801207191,0.001883905,0.000091746,0.001541792,0.001082579,0.000091746,,novatel_oem7_msgs.msg.InertialSolutionStatus(status=3),
1786043821608257538,1786043821.606566301,/novatel/oem7/fix,/novatel/oem7/fix,/novatel/oem7/inspva,39.663,-75.756,-1.801207191,0.001883905,0.000091746,0.001541792,0.001082579,0.000091746,,0,
1786043821609298218,1786043821.607103486,/novatel/oem7/odom,/novatel/oem7/fix,/novatel/oem7/odom,39.663,-75.756,-1.801207191,0.001883467,0.000100339,0.001156060,0.001486934,0.000100339,,,
1786043821611187907,1786043821.610209147,/novatel/oem7/bestpos,/novatel/oem7/bestpos,/novatel/oem7/odom,39.663,-75.756,33.181071136,0.001883467,0.000100339,0.001156060,0.001486934,0.000100339,,novatel_oem7_msgs.msg.SolutionStatus(status=0),novatel_oem7_msgs.msg.PositionOrVelocityType(type=53)
1786043821612108433,1786043821.610603738,/novatel/oem7/bestvel,/novatel/oem7/bestpos,/novatel/oem7/bestvel,39.663,-75.756,33.181071136,0.001929272,0.000048193,,,,43.737815776,novatel_oem7_msgs.msg.SolutionStatus(status=0),novatel_oem7_msgs.msg.PositionOrVelocityType(type=53)
1786043821615234628,1786043821.614612552,/novatel/oem7/odom,/novatel/oem7/bestpos,/novatel/oem7/odom,39.663,-75.756,33.181071136,0.001883467,0.000100339,0.001156060,0.001486934,0.000100339,,,
1786043821625940713,1786043821.625205729,/novatel/oem7/inspva,/novatel/oem7/inspva,/novatel/oem7/inspva,39.663,-75.756,-1.801202037,0.001705094,-0.000230924,0.001486737,0.000834840,-0.000230924,,novatel_oem7_msgs.msg.InertialSolutionStatus(status=3),
1786043821627747031,1786043821.625384227,/novatel/oem7/fix,/novatel/oem7/fix,/novatel/oem7/inspva,39.663,-75.756,-1.801202037,0.001705094,-0.000230924,0.001486737,0.000834840,-0.000230924,,0,
1786043821628834406,1786043821.625850319,/novatel/oem7/odom,/novatel/oem7/fix,/novatel/oem7/odom,39.663,-75.756,-1.801202037,0.001706089,-0.000223454,0.000907240,0.001444872,-0.000223454,,,
1786043821635985735,1786043821.635046315,/novatel/oem7/odom,/novatel/oem7/fix,/novatel/oem7/odom,39.663,-75.756,-1.801202037,0.001706089,-0.000223454,0.000907240,0.001444872,-0.000223454,,,
1786043821646256982,1786043821.645514101,/novatel/oem7/inspva,/novatel/oem7/inspva,/novatel/oem7/inspva,39.663,-75.756,-1.801195628,0.001985179,-0.000142844,0.001564548,0.001221935,-0.000142844,,novatel_oem7_msgs.msg.InertialSolutionStatus(status=3),
1786043821648003203,1786043821.645801111,/novatel/oem7/fix,/novatel/oem7/fix,/novatel/oem7/inspva,39.663,-75.756,-1.801195628,0.001985179,-0.000142844,0.001564548,0.001221935,-0.000142844,,0,
1786043821649385317,1786043821.646510018,/novatel/oem7/odom,/novatel/oem7/fix,/novatel/oem7/odom,39.663,-75.756,-1.801195628,0.001985818,-0.000133661,0.001297314,0.001503480,-0.000133661,,,
1786043821657369608,1786043821.656389615,/novatel/oem7/odom,/novatel/oem7/fix,/novatel/oem7/odom,39.663,-75.756,-1.801195628,0.001985818,-0.000133661,0.001297314,0.001503480,-0.000133661,,,
1786043821667071223,1786043821.666244054,/novatel/oem7/inspva,/novatel/oem7/inspva,/novatel/oem7/inspva,39.663,-75.756,-1.801188217,0.001761895,-0.000173396,0.001358616,0.001121800,-0.000173396,,novatel_oem7_msgs.msg.InertialSolutionStatus(status=3),
1786043821668874131,1786043821.666544871,/novatel/oem7/fix,/novatel/oem7/fix,/novatel/oem7/inspva,39.663,-75.756,-1.801188217,0.001761895,-0.000173396,0.001358616,0.001121800,-0.000173396,,0,
1786043821670180361,1786043821.666920674,/novatel/oem7/odom,/novatel/oem7/fix,/novatel/oem7/odom,39.663,-75.756,-1.801188217,0.001762685,-0.000165166,0.001187393,0.001302750,-0.000165166,,,
1786043821675327513,1786043821.674529691,/novatel/oem7/odom,/novatel/oem7/fix,/novatel/oem7/odom,39.663,-75.756,-1.801188217,0.001762685,-0.000165166,0.001187393,0.001302750,-0.000165166,,,
1786043821686142299,1786043821.685283820,/novatel/oem7/inspva,/novatel/oem7/inspva,/novatel/oem7/inspva,39.663,-75.756,-1.801183434,0.001703312,-0.000129644,0.001167448,0.001240296,-0.000129644,,novatel_oem7_msgs.msg.InertialSolutionStatus(status=3),
1786043821688015198,1786043821.685542933,/novatel/oem7/fix,/novatel/oem7/fix,/novatel/oem7/inspva,39.663,-75.756,-1.801183434,0.001703312,-0.000129644,0.001167448,0.001240296,-0.000129644,,0,
1786043821689449152,1786043821.686240387,/novatel/oem7/odom,/novatel/oem7/fix,/novatel/oem7/odom,39.663,-75.756,-1.801183434,0.001703913,-0.000121481,0.001296253,0.001105915,-0.000121481,,,
1786043821696345719,1786043821.695678319,/novatel/oem7/odom,/novatel/oem7/fix,/novatel/oem7/odom,39.663,-75.756,-1.801183434,0.001703913,-0.000121481,0.001296253,0.001105915,-0.000121481,,,
1786043821706257335,1786043821.705732227,/novatel/oem7/inspva,/novatel/oem7/inspva,/novatel/oem7/inspva,39.663,-75.756,-1.801178813,0.001970366,-0.000354491,0.001325785,0.001457614,-0.000354491,,novatel_oem7_msgs.msg.InertialSolutionStatus(status=3),
1786043821707589529,1786043821.705881605,/novatel/oem7/fix,/novatel/oem7/fix,/novatel/oem7/inspva,39.663,-75.756,-1.801178813,0.001970366,-0.000354491,0.001325785,0.001457614,-0.000354491,,0,
1786043821708641600,1786043821.706337450,/novatel/oem7/odom,/novatel/oem7/fix,/novatel/oem7/odom,39.663,-75.756,-1.801178813,0.001972043,-0.000345040,0.001521926,0.001254072,-0.000345040,,,
1786043821710196605,1786043821.709319076,/novatel/oem7/bestpos,/novatel/oem7/bestpos,/novatel/oem7/odom,39.663,-75.756,33.181096377,0.001972043,-0.000345040,0.001521926,0.001254072,-0.000345040,,novatel_oem7_msgs.msg.SolutionStatus(status=0),novatel_oem7_msgs.msg.PositionOrVelocityType(type=53)
1786043821711623600,1786043821.709897696,/novatel/oem7/bestvel,/novatel/oem7/bestpos,/novatel/oem7/bestvel,39.663,-75.756,33.181096377,0.001913905,-0.000303394,,,,50.001485848,novatel_oem7_msgs.msg.SolutionStatus(status=0),novatel_oem7_msgs.msg.PositionOrVelocityType(type=53)
1786043821715039501,1786043821.714335867,/novatel/oem7/odom,/novatel/oem7/bestpos,/novatel/oem7/odom,39.663,-75.756,33.181096377,0.001972043,-0.000345040,0.001521926,0.001254072,-0.000345040,,,
1786043821728542125,1786043821.727242422,/novatel/oem7/inspva,/novatel/oem7/inspva,/novatel/oem7/inspva,39.663,-75.756,-1.801175108,0.001539456,-0.000222286,0.001146137,0.001027761,-0.000222286,,novatel_oem7_msgs.msg.InertialSolutionStatus(status=3),
1786043821730527675,1786043821.728571976,/novatel/oem7/fix,/novatel/oem7/fix,/novatel/oem7/inspva,39.663,-75.756,-1.801175108,0.001539456,-0.000222286,0.001146137,0.001027761,-0.000222286,,0,
1786043821732566125,1786043821.730004786,/novatel/oem7/odom,/novatel/oem7/fix,/novatel/oem7/odom,39.663,-75.756,-1.801175108,0.001540487,-0.000215023,0.001083308,0.001095237,-0.000215023,,,
1786043821736295379,1786043821.735505121,/novatel/oem7/odom,/novatel/oem7/fix,/novatel/oem7/odom,39.663,-75.756,-1.801175108,0.001540487,-0.000215023,0.001083308,0.001095237,-0.000215023,,,
1786043821746075585,1786043821.745246790,/novatel/oem7/inspva,/novatel/oem7/inspva,/novatel/oem7/inspva,39.663,-75.756,-1.801169411,0.001828342,-0.000328198,0.001276799,0.001308670,-0.000328198,,novatel_oem7_msgs.msg.InertialSolutionStatus(status=3),
1786043821747474352,1786043821.746093784,/novatel/oem7/fix,/novatel/oem7/fix,/novatel/oem7/inspva,39.663,-75.756,-1.801169411,0.001828342,-0.000328198,0.001276799,0.001308670,-0.000328198,,0,
1786043821748543777,1786043821.746456322,/novatel/oem7/odom,/novatel/oem7/fix,/novatel/oem7/odom,39.663,-75.756,-1.801169411,0.001829885,-0.000319481,0.001370675,0.001212324,-0.000319481,,,
1786043821757227645,1786043821.756294449,/novatel/oem7/odom,/novatel/oem7/fix,/novatel/oem7/odom,39.663,-75.756,-1.801169411,0.001829885,-0.000319481,0.001370675,0.001212324,-0.000319481,,,
1786043821765898036,1786043821.765257789,/novatel/oem7/inspva,/novatel/oem7/inspva,/novatel/oem7/inspva,39.663,-75.756,-1.801166291,0.001833904,-0.000215569,0.001283364,0.001310030,-0.000215569,,novatel_oem7_msgs.msg.InertialSolutionStatus(status=3),
1786043821767278286,1786043821.765473638,/novatel/oem7/fix,/novatel/oem7/fix,/novatel/oem7/inspva,39.663,-75.756,-1.801166291,0.001833904,-0.000215569,0.001283364,0.001310030,-0.000215569,,0,
1786043821768328580,1786043821.765936753,/novatel/oem7/odom,/novatel/oem7/fix,/novatel/oem7/odom,39.663,-75.756,-1.801166291,0.001834912,-0.000206815,0.001371906,0.001218513,-0.000206815,,,
1786043821775316891,1786043821.774616141,/novatel/oem7/odom,/novatel/oem7/fix,/novatel/oem7/odom,39.663,-75.756,-1.801166291,0.001834912,-0.000206815,0.001371906,0.001218513,-0.000206815,,,
1786043821786960289,1786043821.785960052,/novatel/oem7/inspva,/novatel/oem7/inspva,/novatel/oem7/inspva,39.663,-75.756,-1.801161592,0.002027101,-0.000354681,0.001539587,0.001318640,-0.000354681,,novatel_oem7_msgs.msg.InertialSolutionStatus(status=3),
1786043821788883721,1786043821.786192106,/novatel/oem7/fix,/novatel/oem7/fix,/novatel/oem7/inspva,39.663,-75.756,-1.801161592,0.002027101,-0.000354681,0.001539587,0.001318640,-0.000354681,,0,
1786043821790106801,1786043821.786892356,/novatel/oem7/odom,/novatel/oem7/fix,/novatel/oem7/odom,39.663,-75.756,-1.801161592,0.002028742,-0.000345171,0.001393549,0.001474387,-0.000345171,,,
1786043821795396641,1786043821.794505145,/novatel/oem7/odom,/novatel/oem7/fix,/novatel/oem7/odom,39.663,-75.756,-1.801161592,0.002028742,-0.000345171,0.001393549,0.001474387,-0.000345171,,,
1786043821807565197,1786043821.806538730,/novatel/oem7/inspva,/novatel/oem7/inspva,/novatel/oem7/inspva,39.663,-75.756,-1.801157318,0.001841927,-0.000130999,0.001328176,0.001276184,-0.000130999,,novatel_oem7_msgs.msg.InertialSolutionStatus(status=3),
1786043821810184464,1786043821.806814873,/novatel/oem7/fix,/novatel/oem7/fix,/novatel/oem7/inspva,39.663,-75.756,-1.801157318,0.001841927,-0.000130999,0.001328176,0.001276184,-0.000130999,,0,
1786043821811989232,1786043821.807477249,/novatel/oem7/odom,/novatel/oem7/fix,/novatel/oem7/odom,39.663,-75.756,-1.801157318,0.001842530,-0.000122230,0.001339944,0.001264700,-0.000122230,,,
1786043821814650389,1786043821.810099910,/novatel/oem7/bestpos,/novatel/oem7/bestpos,/novatel/oem7/odom,39.663,-75.756,33.181108260,0.001842530,-0.000122230,0.001339944,0.001264700,-0.000122230,,novatel_oem7_msgs.msg.SolutionStatus(status=0),novatel_oem7_msgs.msg.PositionOrVelocityType(type=53)
1786043821816208665,1786043821.810566254,/novatel/oem7/bestvel,/novatel/oem7/bestpos,/novatel/oem7/bestvel,39.663,-75.756,33.181108260,0.002342525,-0.000518024,,,,38.465416144,novatel_oem7_msgs.msg.SolutionStatus(status=0),novatel_oem7_msgs.msg.PositionOrVelocityType(type=53)
1786043821818981823,1786043821.815576628,/novatel/oem7/odom,/novatel/oem7/bestpos,/novatel/oem7/odom,39.663,-75.756,33.181108260,0.001842530,-0.000122230,0.001339944,0.001264700,-0.000122230,,,
1786043821826459148,1786043821.824971514,/novatel/oem7/inspva,/novatel/oem7/inspva,/novatel/oem7/inspva,39.663,-75.756,-1.801151827,0.002067442,-0.000129297,0.001513626,0.001408281,-0.000129297,,novatel_oem7_msgs.msg.InertialSolutionStatus(status=3),
1786043821829277270,1786043821.825219928,/novatel/oem7/fix,/novatel/oem7/fix,/novatel/oem7/inspva,39.663,-75.756,-1.801151827,0.002067442,-0.000129297,0.001513626,0.001408281,-0.000129297,,0,
1786043821831577187,1786043821.825784008,/novatel/oem7/odom,/novatel/oem7/fix,/novatel/oem7/odom,39.663,-75.756,-1.801151827,0.002068032,-0.000119500,0.001480913,0.001443487,-0.000119500,,,
1786043821835408829,1786043821.834390556,/novatel/oem7/odom,/novatel/oem7/fix,/novatel/oem7/odom,39.663,-75.756,-1.801151827,0.002068032,-0.000119500,0.001480913,0.001443487,-0.000119500,,,
1786043821847255072,1786043821.846546255,/novatel/oem7/inspva,/novatel/oem7/inspva,/novatel/oem7/inspva,39.663,-75.756,-1.801153452,0.002039645,-0.000734838,0.001682483,0.001152997,-0.000734838,,novatel_oem7_msgs.msg.InertialSolutionStatus(status=3),
1786043821848742781,1786043821.846730073,/novatel/oem7/fix,/novatel/oem7/fix,/novatel/oem7/inspva,39.663,-75.756,-1.801153452,0.002039645,-0.000734838,0.001682483,0.001152997,-0.000734838,,0,
1786043821850827498,1786043821.847028969,/novatel/oem7/odom,/novatel/oem7/fix,/novatel/oem7/odom,39.663,-75.756,-1.801153452,0.002042975,-0.000725528,0.001236615,0.001626201,-0.000725528,,,
1786043821858100252,1786043821.856926930,/novatel/oem7/odom,/novatel/oem7/fix,/novatel/oem7/odom,39.663,-75.756,-1.801153452,0.002042975,-0.000725528,0.001236615,0.001626201,-0.000725528,,,
1786043821866093112,1786043821.865034065,/novatel/oem7/inspva,/novatel/oem7/inspva,/novatel/oem7/inspva,39.663,-75.756,-1.801144144,0.001950423,-0.000235416,0.001676600,0.000996576,-0.000235416,,novatel_oem7_msgs.msg.InertialSolutionStatus(status=3),
1786043821867800956,1786043821.865347952,/novatel/oem7/fix,/novatel/oem7/fix,/novatel/oem7/inspva,39.663,-75.756,-1.801144144,0.001950423,-0.000235416,0.001676600,0.000996576,-0.000235416,,0,
1786043821869109293,1786043821.866116143,/novatel/oem7/odom,/novatel/oem7/fix,/novatel/oem7/odom,39.663,-75.756,-1.801144144,0.001951452,-0.000226730,0.001078072,0.001626630,-0.000226730,,,
1786043821876538198,1786043821.875719740,/novatel/oem7/odom,/novatel/oem7/fix,/novatel/oem7/odom,39.663,-75.756,-1.801144144,0.001951452,-0.000226730,0.001078072,0.001626630,-0.000226730,,,
1786043821887286951,1786043821.886047911,/novatel/oem7/inspva,/novatel/oem7/inspva,/novatel/oem7/inspva,39.663,-75.756,-1.801140131,0.001928379,-0.000124545,0.001452988,0.001267861,-0.000124545,,novatel_oem7_msgs.msg.InertialSolutionStatus(status=3),
1786043821889269084,1786043821.886363641,/novatel/oem7/fix,/novatel/oem7/fix,/novatel/oem7/inspva,39.663,-75.756,-1.801140131,0.001928379,-0.000124545,0.001452988,0.001267861,-0.000124545,,0,
1786043821890396975,1786043821.886854072,/novatel/oem7/odom,/novatel/oem7/fix,/novatel/oem7/odom,39.663,-75.756,-1.801140131,0.001928946,-0.000115440,0.001337691,0.001389753,-0.000115440,,,
1786043821895390329,1786043821.894625185,/novatel/oem7/odom,/novatel/oem7/fix,/novatel/oem7/odom,39.663,-75.756,-1.801140131,0.001928946,-0.000115440,0.001337691,0.001389753,-0.000115440,,,
1786043821906576899,1786043821.905835611,/novatel/oem7/inspva,/novatel/oem7/inspva,/novatel/oem7/inspva,39.663,-75.756,-1.801131475,0.001972739,0.000092162,0.001738273,0.000932794,0.000092162,,novatel_oem7_msgs.msg.InertialSolutionStatus(status=3),
1786043821908135978,1786043821.906049926,/novatel/oem7/fix,/novatel/oem7/fix,/novatel/oem7/inspva,39.663,-75.756,-1.801131475,0.001972739,0.000092162,0.001738273,0.000932794,0.000092162,,0,
1786043821909371364,1786043821.906580082,/novatel/oem7/odom,/novatel/oem7/fix,/novatel/oem7/odom,39.663,-75.756,-1.801131475,0.001972318,0.000100783,0.001016049,0.001690468,0.000100783,,,
1786043821911438551,1786043821.909335240,/novatel/oem7/bestpos,/novatel/oem7/bestpos,/novatel/oem7/odom,39.663,-75.756,33.181127413,0.001972318,0.000100783,0.001016049,0.001690468,0.000100783,,novatel_oem7_msgs.msg.SolutionStatus(status=0),novatel_oem7_msgs.msg.PositionOrVelocityType(type=53)
1786043821912801745,1786043821.910044011,/novatel/oem7/bestvel,/novatel/oem7/bestpos,/novatel/oem7/bestvel,39.663,-75.756,33.181127413,0.002016160,0.000027089,,,,35.077900333,novatel_oem7_msgs.msg.SolutionStatus(status=0),novatel_oem7_msgs.msg.PositionOrVelocityType(type=53)
1786043821915219393,1786043821.914505892,/novatel/oem7/odom,/novatel/oem7/bestpos,/novatel/oem7/odom,39.663,-75.756,33.181127413,0.001972318,0.000100783,0.001016049,0.001690468,0.000100783,,,
1786043821926054556,1786043821.925297828,/novatel/oem7/inspva,/novatel/oem7/inspva,/novatel/oem7/inspva,39.663,-75.756,-1.801131815,0.001905293,-0.000531050,0.001356747,0.001337676,-0.000531050,,novatel_oem7_msgs.msg.InertialSolutionStatus(status=3),
1786043821927570151,1786043821.925563911,/novatel/oem7/fix,/novatel/oem7/fix,/novatel/oem7/inspva,39.663,-75.756,-1.801131815,0.001905293,-0.000531050,0.001356747,0.001337676,-0.000531050,,0,
1786043821928652855,1786043821.926094947,/novatel/oem7/odom,/novatel/oem7/fix,/novatel/oem7/odom,39.663,-75.756,-1.801131815,0.001907808,-0.000521940,0.001404370,0.001291309,-0.000521940,,,
1786043821936374247,1786043821.935697563,/novatel/oem7/odom,/novatel/oem7/fix,/novatel/oem7/odom,39.663,-75.756,-1.801131815,0.001907808,-0.000521940,0.001404370,0.001291309,-0.000521940,,,
1786043821946298717,1786043821.945331364,/novatel/oem7/inspva,/novatel/oem7/inspva,/novatel/oem7/inspva,39.663,-75.756,-1.801119469,0.001835037,-0.000016485,0.001436660,0.001141651,-0.000016485,,novatel_oem7_msgs.msg.InertialSolutionStatus(status=3),
1786043821948106769,1786043821.945651987,/novatel/oem7/fix,/novatel/oem7/fix,/novatel/oem7/inspva,39.663,-75.756,-1.801119469,0.001835037,-0.000016485,0.001436660,0.001141651,-0.000016485,,0,
1786043821949291738,1786043821.946214543,/novatel/oem7/odom,/novatel/oem7/fix,/novatel/oem7/odom,39.663,-75.756,-1.801119469,0.001835094,-0.000007927,0.001210415,0.001379299,-0.000007927,,,
1786043821956780500,1786043821.955741916,/novatel/oem7/odom,/novatel/oem7/fix,/novatel/oem7/odom,39.663,-75.756,-1.801119469,0.001835094,-0.000007927,0.001210415,0.001379299,-0.000007927,,,
1786043821967735391,1786043821.966694557,/novatel/oem7/inspva,/novatel/oem7/inspva,/novatel/oem7/inspva,39.663,-75.756,-1.801115900,0.002090962,-0.000278101,0.001616598,0.001326171,-0.000278101,,novatel_oem7_msgs.msg.InertialSolutionStatus(status=3),
1786043821969514615,1786043821.966996720,/novatel/oem7/fix,/novatel/oem7/fix,/novatel/oem7/inspva,39.663,-75.756,-1.801115900,0.002090962,-0.000278101,0.001616598,0.001326171,-0.000278101,,0,
1786043821970984273,1786043821.967622059,/novatel/oem7/odom,/novatel/oem7/fix,/novatel/oem7/odom,39.663,-75.756,-1.801115900,0.002092240,-0.000268314,0.001404558,0.001550705,-0.000268314,,,
1786043821975584827,1786043821.974671198,/novatel/oem7/odom,/novatel/oem7/fix,/novatel/oem7/odom,39.663,-75.756,-1.801115900,0.002092240,-0.000268314,0.001404558,0.001550705,-0.000268314,,,
1786043821986190004,1786043821.984984622,/novatel/oem7/inspva,/novatel/oem7/inspva,/novatel/oem7/inspva,39.663,-75.756,-1.801104349,0.001914819,-0.000084484,0.001525586,0.001157203,-0.000084484,,novatel_oem7_msgs.msg.InertialSolutionStatus(status=3),
1786043821987958559,1786043821.985385706,/novatel/oem7/fix,/novatel/oem7/fix,/novatel/oem7/inspva,39.663,-75.756,-1.801104349,0.001914819,-0.000084484,0.001525586,0.001157203,-0.000084484,,0,
1786043821989148641,1786043821.985797013,/novatel/oem7/odom,/novatel/oem7/fix,/novatel/oem7/odom,39.663,-75.756,-1.801104349,0.001915190,-0.000075617,0.001230569,0.001467532,-0.000075617,,,
1786043821996132738,1786043821.995412247,/novatel/oem7/odom,/novatel/oem7/fix,/novatel/oem7/odom,39.663,-75.756,-1.801104349,0.001915190,-0.000075617,0.001230569,0.001467532,-0.000075617,,,
1786043822009135716,1786043822.008377382,/novatel/oem7/inspva,/novatel/oem7/inspva,/novatel/oem7/inspva,39.663,-75.756,-1.801096440,0.001757631,0.000173830,0.001180782,0.001301929,0.000173830,,novatel_oem7_msgs.msg.InertialSolutionStatus(status=3),
1786043822010622874,1786043822.008616964,/novatel/oem7/fix,/novatel/oem7/fix,/novatel/oem7/inspva,39.663,-75.756,-1.801096440,0.001757631,0.000173830,0.001180782,0.001301929,0.000173830,,0,
1786043822012496377,1786043822.011308318,/novatel/oem7/odom,/novatel/oem7/fix,/novatel/oem7/odom,39.663,-75.756,-1.801096440,0.001756776,0.000182272,0.001357260,0.001115395,0.000182272,,,
1786043822016668369,1786043822.015934155,/novatel/oem7/odom,/novatel/oem7/fix,/novatel/oem7/odom,39.663,-75.756,-1.801096440,0.001756776,0.000182272,0.001357260,0.001115395,0.000182272,,,
1786043822026302513,1786043822.025451471,/novatel/oem7/bestpos,/novatel/oem7/bestpos,/novatel/oem7/odom,39.663,-75.756,33.181165402,0.001756776,0.000182272,0.001357260,0.001115395,0.000182272,,novatel_oem7_msgs.msg.SolutionStatus(status=0),novatel_oem7_msgs.msg.PositionOrVelocityType(type=53)
1786043822028111721,1786043822.026077628,/novatel/oem7/bestvel,/novatel/oem7/bestpos,/novatel/oem7/bestvel,39.663,-75.756,33.181165402,0.001847593,0.000151342,,,,57.548197461,novatel_oem7_msgs.msg.SolutionStatus(status=0),novatel_oem7_msgs.msg.PositionOrVelocityType(type=53)
1786043822029169286,1786043822.027016637,/novatel/oem7/inspva,/novatel/oem7/inspva,/novatel/oem7/inspva,39.663,-75.756,-1.801086993,0.001724688,0.000083308,0.001092354,0.001334658,0.000083308,,novatel_oem7_msgs.msg.InertialSolutionStatus(status=3),
1786043822030198982,1786043822.027302897,/novatel/oem7/fix,/novatel/oem7/fix,/novatel/oem7/inspva,39.663,-75.756,-1.801086993,0.001724688,0.000083308,0.001092354,0.001334658,0.000083308,,0,
1786043822032331224,1786043822.027698401,/novatel/oem7/odom,/novatel/oem7/fix,/novatel/oem7/odom,39.663,-75.756,-1.801086993,0.001724266,0.000091630,0.001386012,0.001025702,0.000091630,,,
1786043822035648231,1786043822.034928520,/novatel/oem7/odom,/novatel/oem7/fix,/novatel/oem7/odom,39.663,-75.756,-1.801086993,0.001724266,0.000091630,0.001386012,0.001025702,0.000091630,,,
1786043822046249595,1786043822.045340003,/novatel/oem7/inspva,/novatel/oem7/inspva,/novatel/oem7/inspva,39.663,-75.756,-1.801083580,0.001870157,-0.000063757,0.001346165,0.001298203,-0.000063757,,novatel_oem7_msgs.msg.InertialSolutionStatus(status=3),
1786043822047932249,1786043822.045630399,/novatel/oem7/fix,/novatel/oem7/fix,/novatel/oem7/inspva,39.663,-75.756,-1.801083580,0.001870157,-0.000063757,0.001346165,0.001298203,-0.000063757,,0,
1786043822049096444,1786043822.046289272,/novatel/oem7/odom,/novatel/oem7/fix,/novatel/oem7/odom,39.663,-75.756,-1.801083580,0.001870439,-0.000054866,0.001362569,0.001281386,-0.000054866,,,
1786043822056685984,1786043822.055967657,/novatel/oem7/odom,/novatel/oem7/fix,/novatel/oem7/odom,39.663,-75.756,-1.801083580,0.001870439,-0.000054866,0.001362569,0.001281386,-0.000054866,,,
1786043822066177325,1786043822.065147390,/novatel/oem7/inspva,/novatel/oem7/inspva,/novatel/oem7/inspva,39.663,-75.756,-1.801079987,0.001870554,-0.000098799,0.001195036,0.001439049,-0.000098799,,novatel_oem7_msgs.msg.InertialSolutionStatus(status=3),
1786043822066995386,1786043822.065479103,/novatel/oem7/fix,/novatel/oem7/fix,/novatel/oem7/inspva,39.663,-75.756,-1.801079987,0.001870554,-0.000098799,0.001195036,0.001439049,-0.000098799,,0,
1786043822067580667,1786043822.066146383,/novatel/oem7/odom,/novatel/oem7/fix,/novatel/oem7/odom,39.663,-75.756,-1.801079987,0.001870439,-0.000054869,0.001362575,0.001281379,-0.000054869,,,
1786043822075429685,1786043822.074828378,/novatel/oem7/odom,/novatel/oem7/fix,/novatel/oem7/odom,39.663,-75.756,-1.801079987,0.001871008,-0.000089795,0.001496021,0.001123651,-0.000089795,,,
1786043822087492246,1786043822.086568920,/novatel/oem7/inspva,/novatel/oem7/inspva,/novatel/oem7/inspva,39.663,-75.756,-1.801073178,0.001680045,0.000220812,0.001420418,0.000897198,0.000220812,,novatel_oem7_msgs.msg.InertialSolutionStatus(status=3),
1786043822089899906,1786043822.086849316,/novatel/oem7/fix,/novatel/oem7/fix,/novatel/oem7/inspva,39.663,-75.756,-1.801073178,0.001680045,0.000220812,0.001420418,0.000897198,0.000220812,,0,
1786043822091388745,1786043822.087722431,/novatel/oem7/odom,/novatel/oem7/fix,/novatel/oem7/odom,39.663,-75.756,-1.801073178,0.001679037,0.000228354,0.000964529,0.001374354,0.000228354,,,
1786043822096546307,1786043822.095629604,/novatel/oem7/odom,/novatel/oem7/fix,/novatel/oem7/odom,39.663,-75.756,-1.801073178,0.001679037,0.000228354,0.000964529,0.001374354,0.000228354,,,
1786043822106517938,1786043822.105857008,/novatel/oem7/inspva,/novatel/oem7/inspva,/novatel/oem7/inspva,39.663,-75.756,-1.801068693,0.001881170,0.000291147,0.001379134,0.001279371,0.000291147,,novatel_oem7_msgs.msg.InertialSolutionStatus(status=3),
1786043822107962426,1786043822.106059360,/novatel/oem7/fix,/novatel/oem7/fix,/novatel/oem7/inspva,39.663,-75.756,-1.801068693,0.001881170,0.000291147,0.001379134,0.001279371,0.000291147,,0,
1786043822109034284,1786043822.106575829,/novatel/oem7/odom,/novatel/oem7/fix,/novatel/oem7/odom,39.663,-75.756,-1.801068693,0.001879767,0.000300072,0.001343955,0.001314271,0.000300072,,,
1786043822110718317,1786043822.109223772,/novatel/oem7/bestpos,/novatel/oem7/bestpos,/novatel/oem7/odom,39.663,-75.756,33.181213091,0.001879767,0.000300072,0.001343955,0.001314271,0.000300072,,novatel_oem7_msgs.msg.SolutionStatus(status=0),novatel_oem7_msgs.msg.PositionOrVelocityType(type=53)
1786043822111682221,1786043822.109750304,/novatel/oem7/bestvel,/novatel/oem7/bestpos,/novatel/oem7/bestvel,39.663,-75.756,33.181213091,0.002126771,0.000101580,,,,39.188967343,novatel_oem7_msgs.msg.SolutionStatus(status=0),novatel_oem7_msgs.msg.PositionOrVelocityType(type=53)
1786043822116303744,1786043822.115547173,/novatel/oem7/odom,/novatel/oem7/bestpos,/novatel/oem7/odom,39.663,-75.756,33.181213091,0.001879767,0.000300072,0.001343955,0.001314271,0.000300072,,,
1786043822126051992,1786043822.125453663,/novatel/oem7/inspva,/novatel/oem7/inspva,/novatel/oem7/inspva,39.663,-75.756,-1.801067682,0.001896202,-0.000071379,0.001357099,0.001324335,-0.000071379,,novatel_oem7_msgs.msg.InertialSolutionStatus(status=3),
1786043822127503674,1786043822.125687992,/novatel/oem7/fix,/novatel/oem7/fix,/novatel/oem7/inspva,39.663,-75.756,-1.801067682,0.001896202,-0.000071379,0.001357099,0.001324335,-0.000071379,,0,
1786043822128613985,1786043822.126436750,/novatel/oem7/odom,/novatel/oem7/fix,/novatel/oem7/odom,39.663,-75.756,-1.801067682,0.001896520,-0.000062340,0.001389243,0.001291044,-0.000062340,,,
1786043822135469944,1786043822.134725824,/novatel/oem7/odom,/novatel/oem7/fix,/novatel/oem7/odom,39.663,-75.756,-1.801067682,0.001896520,-0.000062340,0.001389243,0.001291044,-0.000062340,,,
1786043822147042998,1786043822.146275477,/novatel/oem7/inspva,/novatel/oem7/inspva,/novatel/oem7/inspva,39.663,-75.756,-1.801063322,0.001822839,-0.000053559,0.001319849,0.001257275,-0.000053559,,novatel_oem7_msgs.msg.InertialSolutionStatus(status=3),
1786043822148707905,1786043822.146552406,/novatel/oem7/fix,/novatel/oem7/fix,/novatel/oem7/inspva,39.663,-75.756,-1.801063322,0.001822839,-0.000053559,0.001319849,0.001257275,-0.000053559,,0,
1786043822149946554,1786043822.147072419,/novatel/oem7/odom,/novatel/oem7/fix,/novatel/oem7/odom,39.663,-75.756,-1.801063322,0.001823073,-0.000044881,0.001320383,0.001257054,-0.000044881,,,
1786043822157131820,1786043822.156090836,/novatel/oem7/odom,/novatel/oem7/fix,/novatel/oem7/odom,39.663,-75.756,-1.801063322,0.001823073,-0.000044881,0.001320383,0.001257054,-0.000044881,,,
1786043822166241676,1786043822.165451705,/novatel/oem7/inspva,/novatel/oem7/inspva,/novatel/oem7/inspva,39.663,-75.756,-1.801059939,0.001682185,0.000169866,0.001142458,0.001234722,0.000169866,,novatel_oem7_msgs.msg.InertialSolutionStatus(status=3),
1786043822168184522,1786043822.165769204,/novatel/oem7/fix,/novatel/oem7/fix,/novatel/oem7/inspva,39.663,-75.756,-1.801059939,0.001682185,0.000169866,0.001142458,0.001234722,0.000169866,,0,
1786043822169505652,1786043822.166294479,/novatel/oem7/odom,/novatel/oem7/fix,/novatel/oem7/odom,39.663,-75.756,-1.801059939,0.001681349,0.000177951,0.001288287,0.001080394,0.000177951,,,
1786043822176504946,1786043822.175620014,/novatel/oem7/odom,/novatel/oem7/fix,/novatel/oem7/odom,39.663,-75.756,-1.801059939,0.001681349,0.000177951,0.001288287,0.001080394,0.000177951,,,
1786043822185999576,1786043822.185271841,/novatel/oem7/inspva,/novatel/oem7/inspva,/novatel/oem7/inspva,39.663,-75.756,-1.801056033,0.001751195,0.000072625,0.001180862,0.001293155,0.000072625,,novatel_oem7_msgs.msg.InertialSolutionStatus(status=3),
1786043822188249438,1786043822.185536878,/novatel/oem7/fix,/novatel/oem7/fix,/novatel/oem7/inspva,39.663,-75.756,-1.801056033,0.001751195,0.000072625,0.001180862,0.001293155,0.000072625,,0,
1786043822190485251,1786043822.185948172,/novatel/oem7/odom,/novatel/oem7/fix,/novatel/oem7/odom,39.663,-75.756,-1.801056033,0.001750825,0.000081056,0.001348924,0.001116152,0.000081056,,,
1786043822195351470,1786043822.194511312,/novatel/oem7/odom,/novatel/oem7/fix,/novatel/oem7/odom,39.663,-75.756,-1.801056033,0.001750825,0.000081056,0.001348924,0.001116152,0.000081056,,,
1786043822206790069,1786043822.205991041,/novatel/oem7/inspva,/novatel/oem7/inspva,/novatel/oem7/inspva,39.663,-75.756,-1.801050588,0.001619450,0.000246995,0.001154126,0.001136051,0.000246995,,novatel_oem7_msgs.msg.InertialSolutionStatus(status=3),
1786043822208452903,1786043822.206214550,/novatel/oem7/fix,/novatel/oem7/fix,/novatel/oem7/inspva,39.663,-75.756,-1.801050588,0.001619450,0.000246995,0.001154126,0.001136051,0.000246995,,0,
1786043822209734099,1786043822.206857404,/novatel/oem7/odom,/novatel/oem7/fix,/novatel/oem7/odom,39.663,-75.756,-1.801050588,0.001618250,0.000254743,0.001189986,0.001096661,0.000254743,,,
1786043822211458950,1786043822.210062502,/novatel/oem7/bestpos,/novatel/oem7/bestpos,/novatel/oem7/odom,39.663,-75.756,33.181220530,0.001618250,0.000254743,0.001189986,0.001096661,0.000254743,,novatel_oem7_msgs.msg.SolutionStatus(status=0),novatel_oem7_msgs.msg.PositionOrVelocityType(type=53)
1786043822212521127,1786043822.210458093,/novatel/oem7/bestvel,/novatel/oem7/bestpos,/novatel/oem7/bestvel,39.663,-75.756,33.181220530,0.001954858,0.000036098,,,,56.491684895,novatel_oem7_msgs.msg.SolutionStatus(status=0),novatel_oem7_msgs.msg.PositionOrVelocityType(type=53)
1786043822215407440,1786043822.214665562,/novatel/oem7/odom,/novatel/oem7/bestpos,/novatel/oem7/odom,39.663,-75.756,33.181220530,0.001618250,0.000254743,0.001189986,0.001096661,0.000254743,,,
1786043822225522732,1786043822.224906789,/novatel/oem7/inspva,/novatel/oem7/inspva,/novatel/oem7/inspva,39.663,-75.756,-1.801047988,0.001700199,0.000159932,0.001432062,0.000916445,0.000159932,,novatel_oem7_msgs.msg.InertialSolutionStatus(status=3),
1786043822226925657,1786043822.225096501,/novatel/oem7/fix,/novatel/oem7/fix,/novatel/oem7/inspva,39.663,-75.756,-1.801047988,0.001700199,0.000159932,0.001432062,0.000916445,0.000159932,,0,
1786043822228221280,1786043822.225763351,/novatel/oem7/odom,/novatel/oem7/fix,/novatel/oem7/odom,39.663,-75.756,-1.801047988,0.001699460,0.000167596,0.000984576,0.001385199,0.000167596,,,
1786043822236076245,1786043822.235356742,/novatel/oem7/odom,/novatel/oem7/fix,/novatel/oem7/odom,39.663,-75.756,-1.801047988,0.001699460,0.000167596,0.000984576,0.001385199,0.000167596,,,
1786043822245886252,1786043822.245231172,/novatel/oem7/inspva,/novatel/oem7/inspva,/novatel/oem7/inspva,39.663,-75.756,-1.801048074,0.001803289,-0.000073497,0.001392834,0.001145366,-0.000073497,,novatel_oem7_msgs.msg.InertialSolutionStatus(status=3),
1786043822247525298,1786043822.245447110,/novatel/oem7/fix,/novatel/oem7/fix,/novatel/oem7/inspva,39.663,-75.756,-1.801048074,0.001803289,-0.000073497,0.001392834,0.001145366,-0.000073497,,0,
1786043822248680890,1786043822.245978132,/novatel/oem7/odom,/novatel/oem7/fix,/novatel/oem7/odom,39.663,-75.756,-1.801048074,0.001803614,-0.000065032,0.001212261,0.001335458,-0.000065032,,,
1786043822257277764,1786043822.256523756,/novatel/oem7/odom,/novatel/oem7/fix,/novatel/oem7/odom,39.663,-75.756,-1.801048074,0.001803614,-0.000065032,0.001212261,0.001335458,-0.000065032,,,
1786043822266322490,1786043822.265849040,/novatel/oem7/inspva,/novatel/oem7/inspva,/novatel/oem7/inspva,39.663,-75.756,-1.801047379,0.001861964,-0.000276762,0.001551618,0.001029268,-0.000276762,,novatel_oem7_msgs.msg.InertialSolutionStatus(status=3),
1786043822267218709,1786043822.266064996,/novatel/oem7/fix,/novatel/oem7/fix,/novatel/oem7/inspva,39.663,-75.756,-1.801047379,0.001861964,-0.000276762,0.001551618,0.001029268,-0.000276762,,0,
1786043822267978017,1786043822.266579954,/novatel/oem7/odom,/novatel/oem7/fix,/novatel/oem7/odom,39.663,-75.756,-1.801047379,0.001863199,-0.000268320,0.001104872,0.001500256,-0.000268320,,,
1786043822275093389,1786043822.274604755,/novatel/oem7/odom,/novatel/oem7/fix,/novatel/oem7/odom,39.663,-75.756,-1.801047379,0.001863199,-0.000268320,0.001104872,0.001500256,-0.000268320,,,
1786043822285568982,1786043822.285132262,/novatel/oem7/inspva,/novatel/oem7/inspva,/novatel/oem7/inspva,39.663,-75.756,-1.801041679,0.001448573,0.000387060,0.001201105,0.000809761,0.000387060,,novatel_oem7_msgs.msg.InertialSolutionStatus(status=3),
1786043822286511726,1786043822.285353438,/novatel/oem7/fix,/novatel/oem7/fix,/novatel/oem7/inspva,39.663,-75.756,-1.801041679,0.001448573,0.000387060,0.001201105,0.000809761,0.000387060,,0,
1786043822287249012,1786043822.285927577,/novatel/oem7/odom,/novatel/oem7/fix,/novatel/oem7/odom,39.663,-75.756,-1.801041679,0.001446796,0.000393653,0.000865830,0.001159119,0.000393653,,,
1786043822299092113,1786043822.295700339,/novatel/oem7/odom,/novatel/oem7/fix,/novatel/oem7/odom,39.663,-75.756,-1.801041679,0.001446796,0.000393653,0.000865830,0.001159119,0.000393653,,,
1786043822306416167,1786043822.306005683,/novatel/oem7/inspva,/novatel/oem7/inspva,/novatel/oem7/inspva,39.663,-75.756,-1.801041731,0.001743724,0.000154815,0.001487775,0.000909450,0.000154815,,novatel_oem7_msgs.msg.InertialSolutionStatus(status=3),
1786043822307117874,1786043822.306228509,/novatel/oem7/fix,/novatel/oem7/fix,/novatel/oem7/inspva,39.663,-75.756,-1.801041731,0.001743724,0.000154815,0.001487775,0.000909450,0.000154815,,0,
1786043822307645450,1786043822.306595179,/novatel/oem7/odom,/novatel/oem7/fix,/novatel/oem7/odom,39.663,-75.756,-1.801041731,0.001743013,0.000162627,0.000980328,0.001441197,0.000162627,,,
1786043822309992297,1786043822.309561096,/novatel/oem7/bestpos,/novatel/oem7/bestpos,/novatel/oem7/odom,39.663,-75.756,33.181225596,0.001743013,0.000162627,0.000980328,0.001441197,0.000162627,,novatel_oem7_msgs.msg.SolutionStatus(status=0),novatel_oem7_msgs.msg.PositionOrVelocityType(type=53)
1786043822310723879,1786043822.310274793,/novatel/oem7/bestvel,/novatel/oem7/bestpos,/novatel/oem7/bestvel,39.663,-75.756,33.181225596,0.002160260,-0.000142504,,,,27.957641594,novatel_oem7_msgs.msg.SolutionStatus(status=0),novatel_oem7_msgs.msg.PositionOrVelocityType(type=53)
1786043822314828635,1786043822.314354214,/novatel/oem7/odom,/novatel/oem7/bestpos,/novatel/oem7/odom,39.663,-75.756,33.181225596,0.001743013,0.000162627,0.000980328,0.001441197,0.000162627,,,
1786043822327231763,1786043822.326743796,/novatel/oem7/inspva,/novatel/oem7/inspva,/novatel/oem7/inspva,39.663,-75.756,-1.801039431,0.001645577,0.000058462,0.001379138,0.000897721,0.000058462,,novatel_oem7_msgs.msg.InertialSolutionStatus(status=3),
1786043822327909913,1786043822.326922175,/novatel/oem7/fix,/novatel/oem7/fix,/novatel/oem7/inspva,39.663,-75.756,-1.801039431,0.001645577,0.000058462,0.001379138,0.000897721,0.000058462,,0,
1786043822328648108,1786043822.327725536,/novatel/oem7/odom,/novatel/oem7/fix,/novatel/oem7/odom,39.663,-75.756,-1.801039431,0.001645295,0.000065921,0.000963715,0.001333510,0.000065921,,,
1786043822335441187,1786043822.335057134,/novatel/oem7/odom,/novatel/oem7/fix,/novatel/oem7/odom,39.663,-75.756,-1.801039431,0.001645295,0.000065921,0.000963715,0.001333510,0.000065921,,,
1786043822345487869,1786043822.345113985,/novatel/oem7/inspva,/novatel/oem7/inspva,/novatel/oem7/inspva,39.663,-75.756,-1.801033758,0.001921444,-0.000009924,0.001571701,0.001105307,-0.000009924,,novatel_oem7_msgs.msg.InertialSolutionStatus(status=3),
1786043822346223266,1786043822.345292250,/novatel/oem7/fix,/novatel/oem7/fix,/novatel/oem7/inspva,39.663,-75.756,-1.801033758,0.001921444,-0.000009924,0.001571701,0.001105307,-0.000009924,,0,
1786043822346792407,1786043822.345618007,/novatel/oem7/odom,/novatel/oem7/fix,/novatel/oem7/odom,39.663,-75.756,-1.801033758,0.001921469,-0.000001112,0.001180739,0.001515883,-0.000001112,,,
1786043822356049000,1786043822.355666729,/novatel/oem7/odom,/novatel/oem7/fix,/novatel/oem7/odom,39.663,-75.756,-1.801033758,0.001921469,-0.000001112,0.001180739,0.001515883,-0.000001112,,,
1786043822365962233,1786043822.365546045,/novatel/oem7/inspva,/novatel/oem7/inspva,/novatel/oem7/inspva,39.663,-75.756,-1.801026165,0.001792066,0.000345499,0.001612447,0.000781994,0.000345499,,novatel_oem7_msgs.msg.InertialSolutionStatus(status=3),
1786043822366643751,1786043822.365715557,/novatel/oem7/fix,/novatel/oem7/fix,/novatel/oem7/inspva,39.663,-75.756,-1.801026165,0.001792066,0.000345499,0.001612447,0.000781994,0.000345499,,0,
1786043822367432509,1786043822.366414201,/novatel/oem7/odom,/novatel/oem7/fix,/novatel/oem7/odom,39.663,-75.756,-1.801026165,0.001790568,0.000353179,0.000858361,0.001571416,0.000353179,,,
1786043822375104098,1786043822.374684868,/novatel/oem7/odom,/novatel/oem7/fix,/novatel/oem7/odom,39.663,-75.756,-1.801026165,0.001790568,0.000353179,0.000858361,0.001571416,0.000353179,,,
1786043822386617942,1786043822.386230525,/novatel/oem7/inspva,/novatel/oem7/inspva,/novatel/oem7/inspva,39.663,-75.756,-1.801020981,0.001868260,0.000122966,0.001578549,0.000999289,0.000122966,,novatel_oem7_msgs.msg.InertialSolutionStatus(status=3),
1786043822387329879,1786043822.386416453,/novatel/oem7/fix,/novatel/oem7/fix,/novatel/oem7/inspva,39.663,-75.756,-1.801020981,0.001868260,0.000122966,0.001578549,0.000999289,0.000122966,,0,
1786043822387875344,1786043822.386972672,/novatel/oem7/odom,/novatel/oem7/fix,/novatel/oem7/odom,39.663,-75.756,-1.801020981,0.001867687,0.000131385,0.001074649,0.001527542,0.000131385,,,
1786043822395619133,1786043822.394889026,/novatel/oem7/odom,/novatel/oem7/fix,/novatel/oem7/odom,39.663,-75.756,-1.801020981,0.001867687,0.000131385,0.001074649,0.001527542,0.000131385,,,
1786043822406745979,1786043822.406133956,/novatel/oem7/inspva,/novatel/oem7/inspva,/novatel/oem7/inspva,39.663,-75.756,-1.801016685,0.001723733,0.000071517,0.001472735,0.000895717,0.000071517,,novatel_oem7_msgs.msg.InertialSolutionStatus(status=3),
1786043822407766734,1786043822.406290271,/novatel/oem7/fix,/novatel/oem7/fix,/novatel/oem7/inspva,39.663,-75.756,-1.801016685,0.001723733,0.000071517,0.001472735,0.000895717,0.000071517,,0,
1786043822408266421,1786043822.406732782,/novatel/oem7/odom,/novatel/oem7/fix,/novatel/oem7/odom,39.663,-75.756,-1.801016685,0.001723395,0.000079251,0.000966252,0.001427042,0.000079251,,,
1786043822410709442,1786043822.410024015,/novatel/oem7/bestpos,/novatel/oem7/bestpos,/novatel/oem7/odom,39.663,-75.756,33.181241874,0.001723395,0.000079251,0.000966252,0.001427042,0.000079251,,novatel_oem7_msgs.msg.SolutionStatus(status=0),novatel_oem7_msgs.msg.PositionOrVelocityType(type=53)
1786043822412175784,1786043822.410370883,/novatel/oem7/bestvel,/novatel/oem7/bestpos,/novatel/oem7/bestvel,39.663,-75.756,33.181241874,0.002131368,-0.000238961,,,,31.138921718,novatel_oem7_msgs.msg.SolutionStatus(status=0),novatel_oem7_msgs.msg.PositionOrVelocityType(type=53)
1786043822415736528,1786043822.415359636,/novatel/oem7/odom,/novatel/oem7/bestpos,/novatel/oem7/odom,39.663,-75.756,33.181241874,0.001723395,0.000079251,0.000966252,0.001427042,0.000079251,,,
1786043822426270503,1786043822.425858916,/novatel/oem7/inspva,/novatel/oem7/inspva,/novatel/oem7/inspva,39.663,-75.756,-1.801011797,0.001699512,0.000187063,0.001479884,0.000835634,0.000187063,,novatel_oem7_msgs.msg.InertialSolutionStatus(status=3),
1786043822426928821,1786043822.426012157,/novatel/oem7/fix,/novatel/oem7/fix,/novatel/oem7/inspva,39.663,-75.756,-1.801011797,0.001699512,0.000187063,0.001479884,0.000835634,0.000187063,,0,
1786043822427454078,1786043822.426370488,/novatel/oem7/odom,/novatel/oem7/fix,/novatel/oem7/odom,39.663,-75.756,-1.801011797,0.001698669,0.000194566,0.000906117,0.001436812,0.000194566,,,
1786043822434747457,1786043822.434330348,/novatel/oem7/odom,/novatel/oem7/fix,/novatel/oem7/odom,39.663,-75.756,-1.801011797,0.001698669,0.000194566,0.000906117,0.001436812,0.000194566,,,
1786043822446549544,1786043822.446171575,/novatel/oem7/inspva,/novatel/oem7/inspva,/novatel/oem7/inspva,39.663,-75.756,-1.801010205,0.001968588,-0.000125636,0.001720915,0.000955923,-0.000125636,,novatel_oem7_msgs.msg.InertialSolutionStatus(status=3),
1786043822447235934,1786043822.446316509,/novatel/oem7/fix,/novatel/oem7/fix,/novatel/oem7/inspva,39.663,-75.756,-1.801010205,0.001968588,-0.000125636,0.001720915,0.000955923,-0.000125636,,0,
1786043822447760476,1786043822.446920552,/novatel/oem7/odom,/novatel/oem7/fix,/novatel/oem7/odom,39.663,-75.756,-1.801010205,0.001969121,-0.000116987,0.001039280,0.001672523,-0.000116987,,,
1786043822457000711,1786043822.456506352,/novatel/oem7/odom,/novatel/oem7/fix,/novatel/oem7/odom,39.663,-75.756,-1.801010205,0.001969121,-0.000116987,0.001039280,0.001672523,-0.000116987,,,
1786043822465494422,1786043822.464952538,/novatel/oem7/inspva,/novatel/oem7/inspva,/novatel/oem7/inspva,39.663,-75.756,-1.801003403,0.001809450,-0.000044663,0.001684337,0.000661150,-0.000044663,,novatel_oem7_msgs.msg.InertialSolutionStatus(status=3),
1786043822466406082,1786043822.465216984,/novatel/oem7/fix,/novatel/oem7/fix,/novatel/oem7/inspva,39.663,-75.756,-1.801003403,0.001809450,-0.000044663,0.001684337,0.000661150,-0.000044663,,0,
1786043822467145126,1786043822.465517344,/novatel/oem7/odom,/novatel/oem7/fix,/novatel/oem7/odom,39.663,-75.756,-1.801003403,0.001809617,-0.000037277,0.000742757,0.001650159,-0.000037277,,,
1786043822475870838,1786043822.475412334,/novatel/oem7/odom,/novatel/oem7/fix,/novatel/oem7/odom,39.663,-75.756,-1.801003403,0.001809617,-0.000037277,0.000742757,0.001650159,-0.000037277,,,
1786043822487072929,1786043822.486498173,/novatel/oem7/inspva,/novatel/oem7/inspva,/novatel/oem7/inspva,39.663,-75.756,-1.800997226,0.002095384,0.000199287,0.001834440,0.001012652,0.000199287,,novatel_oem7_msgs.msg.InertialSolutionStatus(status=3),
1786043822488134196,1786043822.486705258,/novatel/oem7/fix,/novatel/oem7/fix,/novatel/oem7/inspva,39.663,-75.756,-1.800997226,0.002095384,0.000199287,0.001834440,0.001012652,0.000199287,,0,
1786043822489210194,1786043822.487292731,/novatel/oem7/odom,/novatel/oem7/fix,/novatel/oem7/odom,39.663,-75.756,-1.800997226,0.002094489,0.000208486,0.001100191,0.001782263,0.000208486,,,
1786043822495075120,1786043822.494647511,/novatel/oem7/odom,/novatel/oem7/fix,/novatel/oem7/odom,39.663,-75.756,-1.800997226,0.002094489,0.000208486,0.001100191,0.001782263,0.000208486,,,
1786043822506297618,1786043822.505912012,/novatel/oem7/inspva,/novatel/oem7/inspva,/novatel/oem7/inspva,39.663,-75.756,-1.800987594,0.001867649,0.000570386,0.001777269,0.000573957,0.000570386,,novatel_oem7_msgs.msg.InertialSolutionStatus(status=3),
1786043822506996431,1786043822.506110704,/novatel/oem7/fix,/novatel/oem7/fix,/novatel/oem7/inspva,39.663,-75.756,-1.800987594,0.001867649,0.000570386,0.001777269,0.000573957,0.000570386,,0,
1786043822507589441,1786043822.506482421,/novatel/oem7/odom,/novatel/oem7/fix,/novatel/oem7/odom,39.663,-75.756,-1.800987594,0.001865401,0.000577697,0.000657729,0.001745598,0.000577697,,,
1786043822511984013,1786043822.511516162,/novatel/oem7/bestpos,/novatel/oem7/bestpos,/novatel/oem7/odom,39.663,-75.756,33.181275136,0.001865401,0.000577697,0.000657729,0.001745598,0.000577697,,novatel_oem7_msgs.msg.SolutionStatus(status=0),novatel_oem7_msgs.msg.PositionOrVelocityType(type=53)
1786043822512896040,1786043822.512039804,/novatel/oem7/bestvel,/novatel/oem7/bestpos,/novatel/oem7/bestvel,39.663,-75.756,33.181275136,0.002167617,0.000385898,,,,15.566488001,novatel_oem7_msgs.msg.SolutionStatus(status=0),novatel_oem7_msgs.msg.PositionOrVelocityType(type=53)
1786043822515205291,1786043822.514742461,/novatel/oem7/odom,/novatel/oem7/bestpos,/novatel/oem7/odom,39.663,-75.756,33.181275136,0.001865401,0.000577697,0.000657729,0.001745598,0.000577697,,,
1786043822525646949,1786043822.525201211,/novatel/oem7/inspva,/novatel/oem7/inspva,/novatel/oem7/inspva,39.663,-75.756,-1.800984774,0.002025447,-0.000007238,0.001746238,0.001026202,-0.000007238,,novatel_oem7_msgs.msg.InertialSolutionStatus(status=3),
1786043822526360697,1786043822.525397736,/novatel/oem7/fix,/novatel/oem7/fix,/novatel/oem7/inspva,39.663,-75.756,-1.800984774,0.002025447,-0.000007238,0.001746238,0.001026202,-0.000007238,,0,
1786043822527202922,1786043822.526665282,/novatel/oem7/odom,/novatel/oem7/fix,/novatel/oem7/odom,39.663,-75.756,-1.800984774,0.002025459,0.000001761,0.001110249,0.001694058,0.000001761,,,
1786043822535067600,1786043822.534684233,/novatel/oem7/odom,/novatel/oem7/fix,/novatel/oem7/odom,39.663,-75.756,-1.800984774,0.002025459,0.000001761,0.001110249,0.001694058,0.000001761,,,
1786043822546600272,1786043822.546006265,/novatel/oem7/inspva,/novatel/oem7/inspva,/novatel/oem7/inspva,39.663,-75.756,-1.800974417,0.001786016,0.000180988,0.001679616,0.000607242,0.000180988,,novatel_oem7_msgs.msg.InertialSolutionStatus(status=3),
1786043822547544257,1786043822.546342388,/novatel/oem7/fix,/novatel/oem7/fix,/novatel/oem7/inspva,39.663,-75.756,-1.800974417,0.001786016,0.000180988,0.001679616,0.000607242,0.000180988,,0,
1786043822548161454,1786043822.546824919,/novatel/oem7/odom,/novatel/oem7/fix,/novatel/oem7/odom,39.663,-75.756,-1.800974417,0.001785274,0.000188159,0.000687780,0.001647472,0.000188159,,,
1786043822557181773,1786043822.555869248,/novatel/oem7/odom,/novatel/oem7/fix,/novatel/oem7/odom,39.663,-75.756,-1.800974417,0.001785274,0.000188159,0.000687780,0.001647472,0.000188159,,,
1786043822565715919,1786043822.565001253,/novatel/oem7/inspva,/novatel/oem7/inspva,/novatel/oem7/inspva,39.663,-75.756,-1.800967216,0.002144859,0.000275293,0.002017098,0.000729200,0.000275293,,novatel_oem7_msgs.msg.InertialSolutionStatus(status=3),
1786043822566745365,1786043822.565326780,/novatel/oem7/fix,/novatel/oem7/fix,/novatel/oem7/inspva,39.663,-75.756,-1.800967216,0.002144859,0.000275293,0.002017098,0.000729200,0.000275293,,0,
1786043822567516349,1786043822.565856052,/novatel/oem7/odom,/novatel/oem7/fix,/novatel/oem7/odom,39.663,-75.756,-1.800967216,0.002143739,0.000283881,0.000825685,0.001978348,0.000283881,,,
1786043822576272877,1786043822.575643315,/novatel/oem7/odom,/novatel/oem7/fix,/novatel/oem7/odom,39.663,-75.756,-1.800967216,0.002143739,0.000283881,0.000825685,0.001978348,0.000283881,,,
1786043822585971279,1786043822.584971365,/novatel/oem7/inspva,/novatel/oem7/inspva,/novatel/oem7/inspva,39.663,-75.756,-1.800958673,0.001751570,0.000170863,0.001699265,0.000424848,0.000170863,,novatel_oem7_msgs.msg.InertialSolutionStatus(status=3),
1786043822587779964,1786043822.585208208,/novatel/oem7/fix,/novatel/oem7/fix,/novatel/oem7/inspva,39.663,-75.756,-1.800958673,0.001751570,0.000170863,0.001699265,0.000424848,0.000170863,,0,
1786043822589203355,1786043822.585757833,/novatel/oem7/odom,/novatel/oem7/fix,/novatel/oem7/odom,39.663,-75.756,-1.800958673,0.001750925,0.000177352,0.000506608,0.001676033,0.000177352,,,
1786043822595220773,1786043822.594540256,/novatel/oem7/odom,/novatel/oem7/fix,/novatel/oem7/odom,39.663,-75.756,-1.800958673,0.001750925,0.000177352,0.000506608,0.001676033,0.000177352,,,
1786043822607102359,1786043822.606573271,/novatel/oem7/inspva,/novatel/oem7/inspva,/novatel/oem7/inspva,39.663,-75.756,-1.800950198,0.002280719,0.000377029,0.002187894,0.000644048,0.000377029,,novatel_oem7_msgs.msg.InertialSolutionStatus(status=3),
1786043822608527907,1786043822.606745792,/novatel/oem7/fix,/novatel/oem7/fix,/novatel/oem7/inspva,39.663,-75.756,-1.800950198,0.002280719,0.000377029,0.002187894,0.000644048,0.000377029,,0,
1786043822609647985,1786043822.607385332,/novatel/oem7/odom,/novatel/oem7/fix,/novatel/oem7/odom,39.663,-75.756,-1.800950198,0.002279259,0.000385759,0.000748550,0.002152834,0.000385759,,,
1786043822612051133,1786043822.610349902,/novatel/oem7/bestpos,/novatel/oem7/bestpos,/novatel/oem7/odom,39.663,-75.756,33.181318048,0.002279259,0.000385759,0.000748550,0.002152834,0.000385759,,novatel_oem7_msgs.msg.SolutionStatus(status=0),novatel_oem7_msgs.msg.PositionOrVelocityType(type=53)
1786043822613476714,1786043822.610743133,/novatel/oem7/bestvel,/novatel/oem7/bestpos,/novatel/oem7/bestvel,39.663,-75.756,33.181318048,0.001958179,0.000534638,,,,23.456655401,novatel_oem7_msgs.msg.SolutionStatus(status=0),novatel_oem7_msgs.msg.PositionOrVelocityType(type=53)
1786043822615628025,1786043822.614726560,/novatel/oem7/odom,/novatel/oem7/bestpos,/novatel/oem7/odom,39.663,-75.756,33.181318048,0.002279259,0.000385759,0.000748550,0.002152834,0.000385759,,,
1786043822625729235,1786043822.625083778,/novatel/oem7/inspva,/novatel/oem7/inspva,/novatel/oem7/inspva,39.663,-75.756,-1.800942551,0.001763761,0.000311134,0.001648268,0.000627745,0.000311134,,novatel_oem7_msgs.msg.InertialSolutionStatus(status=3),
1786043822627068168,1786043822.625262417,/novatel/oem7/fix,/novatel/oem7/fix,/novatel/oem7/inspva,39.663,-75.756,-1.800942551,0.001763761,0.000311134,0.001648268,0.000627745,0.000311134,,0,
1786043822628116536,1786043822.625628967,/novatel/oem7/odom,/novatel/oem7/fix,/novatel/oem7/odom,39.663,-75.756,-1.800942551,0.001762488,0.000318263,0.000706205,0.001614819,0.000318263,,,
1786043822636171730,1786043822.635518764,/novatel/oem7/odom,/novatel/oem7/fix,/novatel/oem7/odom,39.663,-75.756,-1.800942551,0.001762488,0.000318263,0.000706205,0.001614819,0.000318263,,,
1786043822646113898,1786043822.645213422,/novatel/oem7/inspva,/novatel/oem7/inspva,/novatel/oem7/inspva,39.663,-75.756,-1.800934358,0.002086914,0.000403412,0.001953944,0.000733015,0.000403412,,novatel_oem7_msgs.msg.InertialSolutionStatus(status=3),
1786043822648227045,1786043822.645376470,/novatel/oem7/fix,/novatel/oem7/fix,/novatel/oem7/inspva,39.663,-75.756,-1.800934358,0.002086914,0.000403412,0.001953944,0.000733015,0.000403412,,0,
1786043822649358164,1786043822.645921512,/novatel/oem7/odom,/novatel/oem7/fix,/novatel/oem7/odom,39.663,-75.756,-1.800934358,0.002085269,0.000411829,0.000825878,0.001914751,0.000411829,,,
1786043822657398228,1786043822.656630060,/novatel/oem7/odom,/novatel/oem7/fix,/novatel/oem7/odom,39.663,-75.756,-1.800934358,0.002085269,0.000411829,0.000825878,0.001914751,0.000411829,,,
1786043822666985315,1786043822.666031822,/novatel/oem7/inspva,/novatel/oem7/inspva,/novatel/oem7/inspva,39.663,-75.756,-1.800925373,0.001727183,0.000514647,0.001608438,0.000629355,0.000514647,,novatel_oem7_msgs.msg.InertialSolutionStatus(status=3),
1786043822668753027,1786043822.666309122,/novatel/oem7/fix,/novatel/oem7/fix,/novatel/oem7/inspva,39.663,-75.756,-1.800925373,0.001727183,0.000514647,0.001608438,0.000629355,0.000514647,,0,
1786043822670257285,1786043822.666938158,/novatel/oem7/odom,/novatel/oem7/fix,/novatel/oem7/odom,39.663,-75.756,-1.800925373,0.001725073,0.000521678,0.000705037,0.001574420,0.000521678,,,
1786043822675304476,1786043822.674384430,/novatel/oem7/odom,/novatel/oem7/fix,/novatel/oem7/odom,39.663,-75.756,-1.800925373,0.001725073,0.000521678,0.000705037,0.001574420,0.000521678,,,
1786043822685960494,1786043822.685027528,/novatel/oem7/inspva,/novatel/oem7/inspva,/novatel/oem7/inspva,39.663,-75.756,-1.800915412,0.002050934,0.000363871,0.001844193,0.000897375,0.000363871,,novatel_oem7_msgs.msg.InertialSolutionStatus(status=3),
1786043822687846856,1786043822.685250517,/novatel/oem7/fix,/novatel/oem7/fix,/novatel/oem7/inspva,39.663,-75.756,-1.800915412,0.002050934,0.000363871,0.001844193,0.000897375,0.000363871,,0,
1786043822689353815,1786043822.685771015,/novatel/oem7/odom,/novatel/oem7/fix,/novatel/oem7/odom,39.663,-75.756,-1.800915412,0.002049365,0.000372608,0.000984861,0.001797205,0.000372608,,,
1786043822696057229,1786043822.695373639,/novatel/oem7/odom,/novatel/oem7/fix,/novatel/oem7/odom,39.663,-75.756,-1.800915412,0.002049365,0.000372608,0.000984861,0.001797205,0.000372608,,,
1786043822706285769,1786043822.705733831,/novatel/oem7/inspva,/novatel/oem7/inspva,/novatel/oem7/inspva,39.663,-75.756,-1.800901609,0.001832350,0.000652842,0.001686835,0.000715609,0.000652842,,novatel_oem7_msgs.msg.InertialSolutionStatus(status=3),
1786043822707663110,1786043822.705895376,/novatel/oem7/fix,/novatel/oem7/fix,/novatel/oem7/inspva,39.663,-75.756,-1.800901609,0.001832350,0.000652842,0.001686835,0.000715609,0.000652842,,0,
1786043822708801442,1786043822.706409311,/novatel/oem7/odom,/novatel/oem7/fix,/novatel/oem7/odom,39.663,-75.756,-1.800901609,0.001829634,0.000660414,0.000794471,0.001648143,0.000660414,,,
1786043822711023251,1786043822.709609250,/novatel/oem7/bestpos,/novatel/oem7/bestpos,/novatel/oem7/odom,39.663,-75.756,33.181369522,0.001829634,0.000660414,0.000794471,0.001648143,0.000660414,,novatel_oem7_msgs.msg.SolutionStatus(status=0),novatel_oem7_msgs.msg.PositionOrVelocityType(type=53)
1786043822713130509,1786043822.710323200,/novatel/oem7/bestvel,/novatel/oem7/bestpos,/novatel/oem7/bestvel,39.663,-75.756,33.181369522,0.001687182,0.000936692,,,,5.930900956,novatel_oem7_msgs.msg.SolutionStatus(status=0),novatel_oem7_msgs.msg.PositionOrVelocityType(type=53)
1786043822715377922,1786043822.714558900,/novatel/oem7/odom,/novatel/oem7/bestpos,/novatel/oem7/odom,39.663,-75.756,33.181369522,0.001829634,0.000660414,0.000794471,0.001648143,0.000660414,,,
1786043822727172954,1786043822.726520241,/novatel/oem7/inspva,/novatel/oem7/inspva,/novatel/oem7/inspva,39.663,-75.756,-1.800891474,0.002019726,0.000518413,0.001846214,0.000819017,0.000518413,,novatel_oem7_msgs.msg.InertialSolutionStatus(status=3),
1786043822728580288,1786043822.726727613,/novatel/oem7/fix,/novatel/oem7/fix,/novatel/oem7/inspva,39.663,-75.756,-1.800891474,0.002019726,0.000518413,0.001846214,0.000819017,0.000518413,,0,
1786043822729655439,1786043822.727211294,/novatel/oem7/odom,/novatel/oem7/fix,/novatel/oem7/odom,39.663,-75.756,-1.800891474,0.002017548,0.000526826,0.000906069,0.001802648,0.000526826,,,
1786043822735636430,1786043822.734970367,/novatel/oem7/odom,/novatel/oem7/fix,/novatel/oem7/odom,39.663,-75.756,-1.800891474,0.002017548,0.000526826,0.000906069,0.001802648,0.000526826,,,
1786043822745897750,1786043822.744979668,/novatel/oem7/inspva,/novatel/oem7/inspva,/novatel/oem7/inspva,39.663,-75.756,-1.800878955,0.001935189,0.000585743,0.001850324,0.000566795,0.000585743,,novatel_oem7_msgs.msg.InertialSolutionStatus(status=3),
1786043822747852543,1786043822.745145406,/novatel/oem7/fix,/novatel/oem7/fix,/novatel/oem7/inspva,39.663,-75.756,-1.800878955,0.001935189,0.000585743,0.001850324,0.000566795,0.000585743,,0,
1786043822749048332,1786043822.745528430,/novatel/oem7/odom,/novatel/oem7/fix,/novatel/oem7/odom,39.663,-75.756,-1.800878955,0.001932918,0.000593196,0.000654074,0.001818889,0.000593196,,,
1786043822757193872,1786043822.756143271,/novatel/oem7/odom,/novatel/oem7/fix,/novatel/oem7/odom,39.663,-75.756,-1.800878955,0.001932918,0.000593196,0.000654074,0.001818889,0.000593196,,,
1786043822766036901,1786043822.765263916,/novatel/oem7/inspva,/novatel/oem7/inspva,/novatel/oem7/inspva,39.663,-75.756,-1.800868548,0.001853989,0.000574238,0.001591816,0.000950471,0.000574238,,novatel_oem7_msgs.msg.InertialSolutionStatus(status=3),
1786043822767794059,1786043822.765546232,/novatel/oem7/fix,/novatel/oem7/fix,/novatel/oem7/inspva,39.663,-75.756,-1.800868548,0.001853989,0.000574238,0.001591816,0.000950471,0.000574238,,0,
1786043822768623543,1786043822.766150232,/novatel/oem7/odom,/novatel/oem7/fix,/novatel/oem7/odom,39.663,-75.756,-1.800868548,0.001851428,0.000582442,0.001024739,0.001541977,0.000582442,,,
1786043822775592678,1786043822.775099706,/novatel/oem7/odom,/novatel/oem7/fix,/novatel/oem7/odom,39.663,-75.756,-1.800868548,0.001851428,0.000582442,0.001024739,0.001541977,0.000582442,,,
1786043822786902405,1786043822.786140441,/novatel/oem7/inspva,/novatel/oem7/inspva,/novatel/oem7/inspva,39.663,-75.756,-1.800858378,0.001919651,0.000570501,0.001695417,0.000900344,0.000570501,,novatel_oem7_msgs.msg.InertialSolutionStatus(status=3),
1786043822788057047,1786043822.786440077,/novatel/oem7/fix,/novatel/oem7/fix,/novatel/oem7/inspva,39.663,-75.756,-1.800858378,0.001919651,0.000570501,0.001695417,0.000900344,0.000570501,,0,
1786043822788640688,1786043822.786798431,/novatel/oem7/odom,/novatel/oem7/fix,/novatel/oem7/odom,39.663,-75.756,-1.800858378,0.001917169,0.000578786,0.000979756,0.001647912,0.000578786,,,
1786043822794943070,1786043822.794438164,/novatel/oem7/odom,/novatel/oem7/fix,/novatel/oem7/odom,39.663,-75.756,-1.800858378,0.001917169,0.000578786,0.000979756,0.001647912,0.000578786,,,
1786043822806592224,1786043822.806053179,/novatel/oem7/inspva,/novatel/oem7/inspva,/novatel/oem7/inspva,39.663,-75.756,-1.800850983,0.001808004,0.000333816,0.001601304,0.000839466,0.000333816,,novatel_oem7_msgs.msg.InertialSolutionStatus(status=3),
1786043822807505566,1786043822.806308342,/novatel/oem7/fix,/novatel/oem7/fix,/novatel/oem7/inspva,39.663,-75.756,-1.800850983,0.001808004,0.000333816,0.001601304,0.000839466,0.000333816,,0,
1786043822808180696,1786043822.806896194,/novatel/oem7/odom,/novatel/oem7/fix,/novatel/oem7/odom,39.663,-75.756,-1.800850983,0.001806549,0.000341599,0.000915325,0.001557498,0.000341599,,,
1786043822810966554,1786043822.810384016,/novatel/oem7/bestpos,/novatel/oem7/bestpos,/novatel/oem7/odom,39.663,-75.756,33.181427971,0.001806549,0.000341599,0.000915325,0.001557498,0.000341599,,novatel_oem7_msgs.msg.SolutionStatus(status=0),novatel_oem7_msgs.msg.PositionOrVelocityType(type=53)
1786043822811796081,1786043822.810874048,/novatel/oem7/bestvel,/novatel/oem7/bestpos,/novatel/oem7/bestvel,39.663,-75.756,33.181427971,0.001738235,0.000407979,,,,24.257180306,novatel_oem7_msgs.msg.SolutionStatus(status=0),novatel_oem7_msgs.msg.PositionOrVelocityType(type=53)
1786043822816035603,1786043822.815629859,/novatel/oem7/odom,/novatel/oem7/bestpos,/novatel/oem7/odom,39.663,-75.756,33.181427971,0.001806549,0.000341599,0.000915325,0.001557498,0.000341599,,,
1786043822825779142,1786043822.825079425,/novatel/oem7/inspva,/novatel/oem7/inspva,/novatel/oem7/inspva,39.663,-75.756,-1.800841236,0.001944585,0.000266395,0.001610633,0.001089620,0.000266395,,novatel_oem7_msgs.msg.InertialSolutionStatus(status=3),
1786043822826778972,1786043822.825343821,/novatel/oem7/fix,/novatel/oem7/fix,/novatel/oem7/inspva,39.663,-75.756,-1.800841236,0.001944585,0.000266395,0.001610633,0.001089620,0.000266395,,0,
1786043822827469893,1786043822.825925203,/novatel/oem7/odom,/novatel/oem7/fix,/novatel/oem7/odom,39.663,-75.756,-1.800841236,0.001943360,0.000275185,0.001165902,0.001554774,0.000275185,,,
1786043822834957487,1786043822.834562114,/novatel/oem7/odom,/novatel/oem7/fix,/novatel/oem7/odom,39.663,-75.756,-1.800841236,0.001943360,0.000275185,0.001165902,0.001554774,0.000275185,,,
1786043822846892898,1786043822.846553649,/novatel/oem7/inspva,/novatel/oem7/inspva,/novatel/oem7/inspva,39.663,-75.756,-1.800828947,0.001656906,0.000822472,0.001420706,0.000852603,0.000822472,,novatel_oem7_msgs.msg.InertialSolutionStatus(status=3),
1786043822847601181,1786043822.846764514,/novatel/oem7/fix,/novatel/oem7/fix,/novatel/oem7/inspva,39.663,-75.756,-1.800828947,0.001656906,0.000822472,0.001420706,0.000852603,0.000822472,,0,
1786043822848111490,1786043822.847114531,/novatel/oem7/odom,/novatel/oem7/fix,/novatel/oem7/odom,39.663,-75.756,-1.800828947,0.001653244,0.000829808,0.000917635,0.001375196,0.000829808,,,
1786043822856706120,1786043822.856271677,/novatel/oem7/odom,/novatel/oem7/fix,/novatel/oem7/odom,39.663,-75.756,-1.800828947,0.001653244,0.000829808,0.000917635,0.001375196,0.000829808,,,
1786043822865550180,1786043822.865050483,/novatel/oem7/inspva,/novatel/oem7/inspva,/novatel/oem7/inspva,39.663,-75.756,-1.800824613,0.001963307,0.000343783,0.001653463,0.001058600,0.000343783,,novatel_oem7_msgs.msg.InertialSolutionStatus(status=3),
1786043822866134125,1786043822.865249681,/novatel/oem7/fix,/novatel/oem7/fix,/novatel/oem7/inspva,39.663,-75.756,-1.800824613,0.001963307,0.000343783,0.001653463,0.001058600,0.000343783,,0,
1786043822866599210,1786043822.865610228,/novatel/oem7/odom,/novatel/oem7/fix,/novatel/oem7/odom,39.663,-75.756,-1.800824613,0.001961745,0.000352585,0.001136695,0.001598864,0.000352585,,,
1786043822875990408,1786043822.875542252,/novatel/oem7/odom,/novatel/oem7/fix,/novatel/oem7/odom,39.663,-75.756,-1.800824613,0.001961745,0.000352585,0.001136695,0.001598864,0.000352585,,,
1786043822885473311,1786043822.885059581,/novatel/oem7/inspva,/novatel/oem7/inspva,/novatel/oem7/inspva,39.663,-75.756,-1.800814928,0.001652255,0.000526063,0.001272538,0.001053847,0.000526063,,novatel_oem7_msgs.msg.InertialSolutionStatus(status=3),
1786043822886059097,1786043822.885270230,/novatel/oem7/fix,/novatel/oem7/fix,/novatel/oem7/inspva,39.663,-75.756,-1.800814928,0.001652255,0.000526063,0.001272538,0.001053847,0.000526063,,0,
1786043822886528810,1786043822.885776656,/novatel/oem7/odom,/novatel/oem7/fix,/novatel/oem7/odom,39.663,-75.756,-1.800814928,0.001649789,0.000533747,0.001112625,0.001218141,0.000533747,,,
1786043822895187229,1786043822.894858344,/novatel/oem7/odom,/novatel/oem7/fix,/novatel/oem7/odom,39.663,-75.756,-1.800814928,0.001649789,0.000533747,0.001112625,0.001218141,0.000533747,,,
1786043822906181361,1786043822.905811791,/novatel/oem7/inspva,/novatel/oem7/inspva,/novatel/oem7/inspva,39.663,-75.756,-1.800806346,0.002072810,0.000324484,0.001680696,0.001213179,0.000324484,,novatel_oem7_msgs.msg.InertialSolutionStatus(status=3),
1786043822906778989,1786043822.906030160,/novatel/oem7/fix,/novatel/oem7/fix,/novatel/oem7/inspva,39.663,-75.756,-1.800806346,0.002072810,0.000324484,0.001680696,0.001213179,0.000324484,,0,
1786043822907249051,1786043822.906417914,/novatel/oem7/odom,/novatel/oem7/fix,/novatel/oem7/odom,39.663,-75.756,-1.800806346,0.002071310,0.000333929,0.001292518,0.001618555,0.000333929,,,
1786043822909702237,1786043822.909300924,/novatel/oem7/bestpos,/novatel/oem7/bestpos,/novatel/oem7/odom,39.663,-75.756,33.181477855,0.002071310,0.000333929,0.001292518,0.001618555,0.000333929,,novatel_oem7_msgs.msg.SolutionStatus(status=0),novatel_oem7_msgs.msg.PositionOrVelocityType(type=53)
1786043822910328127,1786043822.910006511,/novatel/oem7/bestvel,/novatel/oem7/bestpos,/novatel/oem7/bestvel,39.663,-75.756,33.181477855,0.001868897,0.000552212,,,,22.755257618,novatel_oem7_msgs.msg.SolutionStatus(status=0),novatel_oem7_msgs.msg.PositionOrVelocityType(type=53)
1786043822914708593,1786043822.914370788,/novatel/oem7/odom,/novatel/oem7/bestpos,/novatel/oem7/odom,39.663,-75.756,33.181477855,0.002071310,0.000333929,0.001292518,0.001618555,0.000333929,,,
1786043822925509649,1786043822.925200987,/novatel/oem7/inspva,/novatel/oem7/inspva,/novatel/oem7/inspva,39.663,-75.756,-1.800795564,0.001281868,0.000513574,0.000889448,0.000923075,0.000513574,,novatel_oem7_msgs.msg.InertialSolutionStatus(status=3),
1786043822926094717,1786043822.925371023,/novatel/oem7/fix,/novatel/oem7/fix,/novatel/oem7/inspva,39.663,-75.756,-1.800795564,0.001281868,0.000513574,0.000889448,0.000923075,0.000513574,,0,
1786043822926579399,1786043822.925856814,/novatel/oem7/odom,/novatel/oem7/fix,/novatel/oem7/odom,39.663,-75.756,-1.800795564,0.001279402,0.000519685,0.000963334,0.000841937,0.000519685,,,
1786043822935742448,1786043822.935410118,/novatel/oem7/odom,/novatel/oem7/fix,/novatel/oem7/odom,39.663,-75.756,-1.800795564,0.001279402,0.000519685,0.000963334,0.000841937,0.000519685,,,
1786043822945167775,1786043822.944902432,/novatel/oem7/inspva,/novatel/oem7/inspva,/novatel/oem7/inspva,39.663,-75.756,-1.800786749,0.001882258,0.000359448,0.001548084,0.001070669,0.000359448,,novatel_oem7_msgs.msg.InertialSolutionStatus(status=3),
1786043822945781702,1786043822.945020358,/novatel/oem7/fix,/novatel/oem7/fix,/novatel/oem7/inspva,39.663,-75.756,-1.800786749,0.001882258,0.000359448,0.001548084,0.001070669,0.000359448,,0,
1786043822946259567,1786043822.945450546,/novatel/oem7/odom,/novatel/oem7/fix,/novatel/oem7/odom,39.663,-75.756,-1.800786749,0.001880614,0.000367953,0.001143559,0.001492978,0.000367953,,,
1786043822955966976,1786043822.955615689,/novatel/oem7/odom,/novatel/oem7/fix,/novatel/oem7/odom,39.663,-75.756,-1.800786749,0.001880614,0.000367953,0.001143559,0.001492978,0.000367953,,,
1786043822966745255,1786043822.966461319,/novatel/oem7/inspva,/novatel/oem7/inspva,/novatel/oem7/inspva,39.663,-75.756,-1.800777496,0.001411610,0.000250790,0.001074769,0.000915159,0.000250790,,novatel_oem7_msgs.msg.InertialSolutionStatus(status=3),
1786043822967433075,1786043822.966607653,/novatel/oem7/fix,/novatel/oem7/fix,/novatel/oem7/inspva,39.663,-75.756,-1.800777496,0.001411610,0.000250790,0.001074769,0.000915159,0.000250790,,0,
1786043822967918135,1786043822.967020424,/novatel/oem7/odom,/novatel/oem7/fix,/novatel/oem7/odom,39.663,-75.756,-1.800777496,0.001410423,0.000257386,0.000965551,0.001028106,0.000257386,,,
1786043822974969919,1786043822.974573191,/novatel/oem7/odom,/novatel/oem7/fix,/novatel/oem7/odom,39.663,-75.756,-1.800777496,0.001410423,0.000257386,0.000965551,0.001028106,0.000257386,,,
1786043822985477840,1786043822.985072337,/novatel/oem7/inspva,/novatel/oem7/inspva,/novatel/oem7/inspva,39.663,-75.756,-1.800769417,0.001723392,0.000410832,0.001431123,0.000960190,0.000410832,,novatel_oem7_msgs.msg.InertialSolutionStatus(status=3),
1786043822986030479,1786043822.985228129,/novatel/oem7/fix,/novatel/oem7/fix,/novatel/oem7/inspva,39.663,-75.756,-1.800769417,0.001723392,0.000410832,0.001431123,0.000960190,0.000410832,,0,
1786043822986635847,1786043822.985704347,/novatel/oem7/odom,/novatel/oem7/fix,/novatel/oem7/odom,39.663,-75.756,-1.800769417,0.001721525,0.000418586,0.001027295,0.001381417,0.000418586,,,
1786043822995905340,1786043822.995484465,/novatel/oem7/odom,/novatel/oem7/fix,/novatel/oem7/odom,39.663,-75.756,-1.800769417,0.001721525,0.000418586,0.001027295,0.001381417,0.000418586,,,
1786043823010251773,1786043823.009894814,/novatel/oem7/inspva,/novatel/oem7/inspva,/novatel/oem7/inspva,39.663,-75.756,-1.800766697,0.001347248,-0.000235521,0.000793060,0.001089097,-0.000235521,,novatel_oem7_msgs.msg.InertialSolutionStatus(status=3),
1786043823010895947,1786043823.010044343,/novatel/oem7/fix,/novatel/oem7/fix,/novatel/oem7/inspva,39.663,-75.756,-1.800766697,0.001347248,-0.000235521,0.000793060,0.001089097,-0.000235521,,0,
1786043823011611913,1786043823.011281340,/novatel/oem7/odom,/novatel/oem7/fix,/novatel/oem7/odom,39.663,-75.756,-1.800766697,0.001348366,-0.000229032,0.001127489,0.000739499,-0.000229032,,,
1786043823016765541,1786043823.015798194,/novatel/oem7/odom,/novatel/oem7/fix,/novatel/oem7/odom,39.663,-75.756,-1.800766697,0.001348366,-0.000229032,0.001127489,0.000739499,-0.000229032,,,
1786043823026277735,1786043823.025893003,/novatel/oem7/bestpos,/novatel/oem7/bestpos,/novatel/oem7/odom,39.663,-75.756,33.181515229,0.001348366,-0.000229032,0.001127489,0.000739499,-0.000229032,,novatel_oem7_msgs.msg.SolutionStatus(status=0),novatel_oem7_msgs.msg.PositionOrVelocityType(type=53)
1786043823026938123,1786043823.026653031,/novatel/oem7/bestvel,/novatel/oem7/bestpos,/novatel/oem7/bestvel,39.663,-75.756,33.181515229,0.001424175,-0.000231844,,,,64.543979285,novatel_oem7_msgs.msg.SolutionStatus(status=0),novatel_oem7_msgs.msg.PositionOrVelocityType(type=53)
1786043823027608784,1786043823.027184589,/novatel/oem7/inspva,/novatel/oem7/inspva,/novatel/oem7/inspva,39.663,-75.756,-1.800755095,0.001747776,0.000120732,0.001401695,0.001044018,0.000120732,,novatel_oem7_msgs.msg.InertialSolutionStatus(status=3),
1786043823027989231,1786043823.027322615,/novatel/oem7/fix,/novatel/oem7/fix,/novatel/oem7/inspva,39.663,-75.756,-1.800755095,0.001747776,0.000120732,0.001401695,0.001044018,0.000120732,,0,
1786043823028677217,1786043823.027641894,/novatel/oem7/odom,/novatel/oem7/fix,/novatel/oem7/odom,39.663,-75.756,-1.800755095,0.001747206,0.000128726,0.001110750,0.001348689,0.000128726,,,
1786043823034721642,1786043823.034320522,/novatel/oem7/odom,/novatel/oem7/fix,/novatel/oem7/odom,39.663,-75.756,-1.800755095,0.001747206,0.000128726,0.001110750,0.001348689,0.000128726,,,
1786043823045644119,1786043823.045236272,/novatel/oem7/inspva,/novatel/oem7/inspva,/novatel/oem7/inspva,39.663,-75.756,-1.800759031,0.001050885,-0.000041620,0.000538761,0.000902272,-0.000041620,,novatel_oem7_msgs.msg.InertialSolutionStatus(status=3),
1786043823046382165,1786043823.045391567,/novatel/oem7/fix,/novatel/oem7/fix,/novatel/oem7/inspva,39.663,-75.756,-1.800759031,0.001050885,-0.000041620,0.000538761,0.000902272,-0.000041620,,0,
1786043823046949079,1786043823.045791615,/novatel/oem7/odom,/novatel/oem7/fix,/novatel/oem7/odom,39.663,-75.756,-1.800759031,0.001051073,-0.000036578,0.000927675,0.000494137,-0.000036578,,,
1786043823057122179,1786043823.056546203,/novatel/oem7/odom,/novatel/oem7/fix,/novatel/oem7/odom,39.663,-75.756,-1.800759031,0.001051073,-0.000036578,0.000927675,0.000494137,-0.000036578,,,
1786043823065584439,1786043823.065225624,/novatel/oem7/inspva,/novatel/oem7/inspva,/novatel/oem7/inspva,39.663,-75.756,-1.800764169,0.001373020,0.000083840,0.000756710,0.001145677,0.000083840,,novatel_oem7_msgs.msg.InertialSolutionStatus(status=3),
1786043823066296608,1786043823.065403540,/novatel/oem7/fix,/novatel/oem7/fix,/novatel/oem7/inspva,39.663,-75.756,-1.800764169,0.001373020,0.000083840,0.000756710,0.001145677,0.000083840,,0,
1786043823066805753,1786043823.065812977,/novatel/oem7/odom,/novatel/oem7/fix,/novatel/oem7/odom,39.663,-75.756,-1.800764169,0.001372601,0.000090451,0.001180931,0.000699597,0.000090451,,,
1786043823074878942,1786043823.074513982,/novatel/oem7/odom,/novatel/oem7/fix,/novatel/oem7/odom,39.663,-75.756,-1.800764169,0.001372601,0.000090451,0.001180931,0.000699597,0.000090451,,,
1786043823087258568,1786043823.086807683,/novatel/oem7/inspva,/novatel/oem7/inspva,/novatel/oem7/inspva,39.663,-75.756,-1.800772719,0.001105896,-0.000270704,0.000816707,0.000745651,-0.000270704,,novatel_oem7_msgs.msg.InertialSolutionStatus(status=3),
1786043823087899476,1786043823.086958114,/novatel/oem7/fix,/novatel/oem7/fix,/novatel/oem7/inspva,39.663,-75.756,-1.800772719,0.001105896,-0.000270704,0.000816707,0.000745651,-0.000270704,,0,
1786043823088392621,1786043823.087361778,/novatel/oem7/odom,/novatel/oem7/fix,/novatel/oem7/odom,39.663,-75.756,-1.800772719,0.001107157,-0.000265498,0.000785760,0.000779986,-0.000265498,,,
1786043823095397790,1786043823.094641902,/novatel/oem7/odom,/novatel/oem7/fix,/novatel/oem7/odom,39.663,-75.756,-1.800772719,0.001107157,-0.000265498,0.000785760,0.000779986,-0.000265498,,,
1786043823106274035,1786043823.105832449,/novatel/oem7/inspva,/novatel/oem7/inspva,/novatel/oem7/inspva,39.663,-75.756,-1.800779415,0.001117201,-0.000141356,0.000813341,0.000765908,-0.000141356,,novatel_oem7_msgs.msg.InertialSolutionStatus(status=3),
1786043823106963982,1786043823.105971853,/novatel/oem7/fix,/novatel/oem7/fix,/novatel/oem7/inspva,39.663,-75.756,-1.800779415,0.001117201,-0.000141356,0.000813341,0.000765908,-0.000141356,,0,
1786043823107517182,1786043823.106495776,/novatel/oem7/odom,/novatel/oem7/fix,/novatel/oem7/odom,39.663,-75.756,-1.800779415,0.001117856,-0.000136078,0.000805308,0.000775295,-0.000136078,,,
1786043823109975406,1786043823.109575693,/novatel/oem7/bestpos,/novatel/oem7/bestpos,/novatel/oem7/odom,39.663,-75.756,33.181513043,0.001117856,-0.000136078,0.000805308,0.000775295,-0.000136078,,novatel_oem7_msgs.msg.SolutionStatus(status=0),novatel_oem7_msgs.msg.PositionOrVelocityType(type=53)
1786043823110709781,1786043823.110367638,/novatel/oem7/bestvel,/novatel/oem7/bestpos,/novatel/oem7/bestvel,39.663,-75.756,33.181513043,0.001213715,-0.000197213,,,,53.231764527,novatel_oem7_msgs.msg.SolutionStatus(status=0),novatel_oem7_msgs.msg.PositionOrVelocityType(type=53)
1786043823115907673,1786043823.115554637,/novatel/oem7/odom,/novatel/oem7/bestpos,/novatel/oem7/odom,39.663,-75.756,33.181513043,0.001117856,-0.000136078,0.000805308,0.000775295,-0.000136078,,,
1786043823125868949,1786043823.125304532,/novatel/oem7/inspva,/novatel/oem7/inspva,/novatel/oem7/inspva,39.663,-75.756,-1.800782298,0.001297624,0.000212263,0.000633428,0.001132518,0.000212263,,novatel_oem7_msgs.msg.InertialSolutionStatus(status=3),
1786043823127159405,1786043823.125528491,/novatel/oem7/fix,/novatel/oem7/fix,/novatel/oem7/inspva,39.663,-75.756,-1.800782298,0.001297624,0.000212263,0.000633428,0.001132518,0.000212263,,0,
1786043823128179340,1786043823.126060670,/novatel/oem7/odom,/novatel/oem7/fix,/novatel/oem7/odom,39.663,-75.756,-1.800782298,0.001117856,-0.000136078,0.000805317,0.000775285,-0.000136078,,,
1786043823135169856,1786043823.134581769,/novatel/oem7/odom,/novatel/oem7/fix,/novatel/oem7/odom,39.663,-75.756,-1.800782298,0.001296591,0.000218486,0.001161249,0.000576756,0.000218486,,,
1786043823146568635,1786043823.146176734,/novatel/oem7/inspva,/novatel/oem7/inspva,/novatel/oem7/inspva,39.663,-75.756,-1.800787347,0.001043220,0.000231780,0.000376153,0.000973045,0.000231780,,novatel_oem7_msgs.msg.InertialSolutionStatus(status=3),
1786043823147318531,1786043823.146297621,/novatel/oem7/fix,/novatel/oem7/fix,/novatel/oem7/inspva,39.663,-75.756,-1.800787347,0.001043220,0.000231780,0.000376153,0.000973045,0.000231780,,0,
1786043823147872352,1786043823.146875958,/novatel/oem7/odom,/novatel/oem7/fix,/novatel/oem7/odom,39.663,-75.756,-1.800787347,0.001042125,0.000236658,0.000989314,0.000327539,0.000236658,,,
1786043823156726560,1786043823.155933081,/novatel/oem7/odom,/novatel/oem7/fix,/novatel/oem7/odom,39.663,-75.756,-1.800787347,0.001042125,0.000236658,0.000989314,0.000327539,0.000236658,,,
1786043823166015754,1786043823.165305067,/novatel/oem7/inspva,/novatel/oem7/inspva,/novatel/oem7/inspva,39.663,-75.756,-1.800791563,0.000921855,0.000014069,0.000347786,0.000853734,0.000014069,,novatel_oem7_msgs.msg.InertialSolutionStatus(status=3),
1786043823167048185,1786043823.165660374,/novatel/oem7/fix,/novatel/oem7/fix,/novatel/oem7/inspva,39.663,-75.756,-1.800791563,0.000921855,0.000014069,0.000347786,0.000853734,0.000014069,,0,
1786043823167811012,1786043823.166148542,/novatel/oem7/odom,/novatel/oem7/fix,/novatel/oem7/odom,39.663,-75.756,-1.800791563,0.000921779,0.000018395,0.000869649,0.000305594,0.000018395,,,
1786043823175918577,1786043823.175410643,/novatel/oem7/odom,/novatel/oem7/fix,/novatel/oem7/odom,39.663,-75.756,-1.800791563,0.000921779,0.000018395,0.000869649,0.000305594,0.000018395,,,
1786043823185393255,1786043823.184961980,/novatel/oem7/inspva,/novatel/oem7/inspva,/novatel/oem7/inspva,39.663,-75.756,-1.800793107,0.001026566,0.000197796,0.000256571,0.000993987,0.000197796,,novatel_oem7_msgs.msg.InertialSolutionStatus(status=3),
1786043823186129313,1786043823.185143971,/novatel/oem7/fix,/novatel/oem7/fix,/novatel/oem7/inspva,39.663,-75.756,-1.800793107,0.001026566,0.000197796,0.000256571,0.000993987,0.000197796,,0,
1786043823186682524,1786043823.185528422,/novatel/oem7/odom,/novatel/oem7/fix,/novatel/oem7/odom,39.663,-75.756,-1.800793107,0.001025668,0.000202406,0.001004529,0.000207159,0.000202406,,,
1786043823195004478,1786043823.194370776,/novatel/oem7/odom,/novatel/oem7/fix,/novatel/oem7/odom,39.663,-75.756,-1.800793107,0.001025668,0.000202406,0.001004529,0.000207159,0.000202406,,,
1786043823206759776,1786043823.205757530,/novatel/oem7/inspva,/novatel/oem7/inspva,/novatel/oem7/inspva,39.663,-75.756,-1.800794412,0.000791912,0.000214428,0.000614812,0.000499131,0.000214428,,novatel_oem7_msgs.msg.InertialSolutionStatus(status=3),
1786043823208893145,1786043823.205948241,/novatel/oem7/fix,/novatel/oem7/fix,/novatel/oem7/inspva,39.663,-75.756,-1.800794412,0.000791912,0.000214428,0.000614812,0.000499131,0.000214428,,0,
1786043823210676836,1786043823.206726810,/novatel/oem7/odom,/novatel/oem7/fix,/novatel/oem7/odom,39.663,-75.756,-1.800794412,0.000790911,0.000218094,0.000527710,0.000589120,0.000218094,,,
1786043823212810445,1786043823.210212843,/novatel/oem7/bestpos,/novatel/oem7/bestpos,/novatel/oem7/odom,39.663,-75.756,33.181501818,0.000790911,0.000218094,0.000527710,0.000589120,0.000218094,,novatel_oem7_msgs.msg.SolutionStatus(status=0),novatel_oem7_msgs.msg.PositionOrVelocityType(type=53)
1786043823214158475,1786043823.210670184,/novatel/oem7/bestvel,/novatel/oem7/bestpos,/novatel/oem7/bestvel,39.663,-75.756,33.181501818,0.000714027,0.000274647,,,,43.616651584,novatel_oem7_msgs.msg.SolutionStatus(status=0),novatel_oem7_msgs.msg.PositionOrVelocityType(type=53)
1786043823216284647,1786043823.214727744,/novatel/oem7/odom,/novatel/oem7/bestpos,/novatel/oem7/odom,39.663,-75.756,33.181501818,0.000790911,0.000218094,0.000527710,0.000589120,0.000218094,,,
1786043823225933164,1786043823.225110142,/novatel/oem7/inspva,/novatel/oem7/inspva,/novatel/oem7/inspva,39.663,-75.756,-1.800798527,0.000660853,0.000050740,0.000284049,0.000596693,0.000050740,,novatel_oem7_msgs.msg.InertialSolutionStatus(status=3),
1786043823227442842,1786043823.225349351,/novatel/oem7/fix,/novatel/oem7/fix,/novatel/oem7/inspva,39.663,-75.756,-1.800798527,0.000660853,0.000050740,0.000284049,0.000596693,0.000050740,,0,
1786043823228543936,1786043823.225785896,/novatel/oem7/odom,/novatel/oem7/fix,/novatel/oem7/odom,39.663,-75.756,-1.800798527,0.000660605,0.000053867,0.000609652,0.000254408,0.000053867,,,
1786043823236272268,1786043823.235596808,/novatel/oem7/odom,/novatel/oem7/fix,/novatel/oem7/odom,39.663,-75.756,-1.800798527,0.000660605,0.000053867,0.000609652,0.000254408,0.000053867,,,
1786043823246043975,1786043823.245370737,/novatel/oem7/inspva,/novatel/oem7/inspva,/novatel/oem7/inspva,39.663,-75.756,-1.800793464,0.000561980,0.000761479,0.000366504,0.000426024,0.000761479,,novatel_oem7_msgs.msg.InertialSolutionStatus(status=3),
1786043823247589594,1786043823.245595959,/novatel/oem7/fix,/novatel/oem7/fix,/novatel/oem7/inspva,39.663,-75.756,-1.800793464,0.000561980,0.000761479,0.000366504,0.000426024,0.000761479,,0,
1786043823248725880,1786043823.246201739,/novatel/oem7/odom,/novatel/oem7/fix,/novatel/oem7/odom,39.663,-75.756,-1.800793464,0.000558330,0.000764159,0.000440343,0.000343264,0.000764159,,,
1786043823257603630,1786043823.256569217,/novatel/oem7/odom,/novatel/oem7/fix,/novatel/oem7/odom,39.663,-75.756,-1.800793464,0.000558330,0.000764159,0.000440343,0.000343264,0.000764159,,,
1786043823267029388,1786043823.266179215,/novatel/oem7/inspva,/novatel/oem7/inspva,/novatel/oem7/inspva,39.663,-75.756,-1.800795002,0.000667372,0.000805172,0.000099302,0.000659943,0.000805172,,novatel_oem7_msgs.msg.InertialSolutionStatus(status=3),
1786043823268861324,1786043823.266439824,/novatel/oem7/fix,/novatel/oem7/fix,/novatel/oem7/inspva,39.663,-75.756,-1.800795002,0.000667372,0.000805172,0.000099302,0.000659943,0.000805172,,0,
1786043823270275038,1786043823.266811981,/novatel/oem7/odom,/novatel/oem7/fix,/novatel/oem7/odom,39.663,-75.756,-1.800795002,0.000663914,0.000808027,0.000660742,0.000064823,0.000808027,,,
1786043823275399496,1786043823.274749768,/novatel/oem7/odom,/novatel/oem7/fix,/novatel/oem7/odom,39.663,-75.756,-1.800795002,0.000663914,0.000808027,0.000660742,0.000064823,0.000808027,,,
1786043823286670333,1786043823.285289505,/novatel/oem7/inspva,/novatel/oem7/inspva,/novatel/oem7/inspva,39.663,-75.756,-1.800795836,0.000533734,0.000306117,0.000028503,0.000532973,0.000306117,,novatel_oem7_msgs.msg.InertialSolutionStatus(status=3),
1786043823288658824,1786043823.285709529,/novatel/oem7/fix,/novatel/oem7/fix,/novatel/oem7/inspva,39.663,-75.756,-1.800795836,0.000533734,0.000306117,0.000028503,0.000532973,0.000306117,,0,
1786043823290141728,1786043823.286084603,/novatel/oem7/odom,/novatel/oem7/fix,/novatel/oem7/odom,39.663,-75.756,-1.800795836,0.000663923,0.000808019,0.000660751,0.000064823,0.000808019,,,
1786043823296380354,1786043823.295448915,/novatel/oem7/odom,/novatel/oem7/fix,/novatel/oem7/odom,39.663,-75.756,-1.800795836,0.000532490,0.000308276,0.000532488,0.000001613,0.000308276,,,
1786043823306861980,1786043823.305960540,/novatel/oem7/inspva,/novatel/oem7/inspva,/novatel/oem7/inspva,39.663,-75.756,-1.800789780,0.000656540,0.000508897,-0.000178588,0.000631784,0.000508897,,novatel_oem7_msgs.msg.InertialSolutionStatus(status=3),
1786043823308235762,1786043823.306236083,/novatel/oem7/fix,/novatel/oem7/fix,/novatel/oem7/inspva,39.663,-75.756,-1.800789780,0.000656540,0.000508897,-0.000178588,0.000631784,0.000508897,,0,
1786043823309271316,1786043823.306697747,/novatel/oem7/odom,/novatel/oem7/fix,/novatel/oem7/odom,39.663,-75.756,-1.800789780,0.000655019,0.000510853,0.000620244,-0.000210589,0.000510853,,,
1786043823310747011,1786043823.309242370,/novatel/oem7/bestpos,/novatel/oem7/bestpos,/novatel/oem7/odom,39.663,-75.756,33.181510086,0.000655019,0.000510853,0.000620244,-0.000210589,0.000510853,,novatel_oem7_msgs.msg.SolutionStatus(status=0),novatel_oem7_msgs.msg.PositionOrVelocityType(type=53)
1786043823311657197,1786043823.309876270,/novatel/oem7/bestvel,/novatel/oem7/bestpos,/novatel/oem7/bestvel,39.663,-75.756,33.181510086,0.000302509,0.000711727,,,,126.968639813,novatel_oem7_msgs.msg.SolutionStatus(status=0),novatel_oem7_msgs.msg.PositionOrVelocityType(type=53)
1786043823315179004,1786043823.314437356,/novatel/oem7/odom,/novatel/oem7/bestpos,/novatel/oem7/odom,39.663,-75.756,33.181510086,0.000655019,0.000510853,0.000620244,-0.000210589,0.000510853,,,
1786043823327484834,1786043823.326387207,/novatel/oem7/inspva,/novatel/oem7/inspva,/novatel/oem7/inspva,39.663,-75.756,-1.800779370,0.000141016,0.001068279,0.000139770,-0.000018706,0.001068279,,novatel_oem7_msgs.msg.InertialSolutionStatus(status=3),
1786043823328949269,1786043823.326690890,/novatel/oem7/fix,/novatel/oem7/fix,/novatel/oem7/inspva,39.663,-75.756,-1.800779370,0.000141016,0.001068279,0.000139770,-0.000018706,0.001068279,,0,
1786043823330038174,1786043823.327127684,/novatel/oem7/odom,/novatel/oem7/fix,/novatel/oem7/odom,39.663,-75.756,-1.800779370,0.000655016,0.000510857,0.000620241,-0.000210589,0.000510857,,,
1786043823335623528,1786043823.334942155,/novatel/oem7/odom,/novatel/oem7/fix,/novatel/oem7/odom,39.663,-75.756,-1.800779370,0.000138682,0.001068585,-0.000016161,0.000137737,0.001068585,,,
1786043823345411370,1786043823.344893151,/novatel/oem7/inspva,/novatel/oem7/inspva,/novatel/oem7/inspva,39.663,-75.756,-1.800776490,0.000284253,0.000806197,-0.000211703,0.000189689,0.000806197,,novatel_oem7_msgs.msg.InertialSolutionStatus(status=3),
1786043823346847696,1786043823.345065600,/novatel/oem7/fix,/novatel/oem7/fix,/novatel/oem7/inspva,39.663,-75.756,-1.800776490,0.000284253,0.000806197,-0.000211703,0.000189689,0.000806197,,0,
1786043823347954724,1786043823.345414986,/novatel/oem7/odom,/novatel/oem7/fix,/novatel/oem7/odom,39.663,-75.756,-1.800776490,0.000283860,0.000806335,0.000175855,-0.000222826,0.000806335,,,
1786043823356257997,1786043823.355581347,/novatel/oem7/odom,/novatel/oem7/fix,/novatel/oem7/odom,39.663,-75.756,-1.800776490,0.000283860,0.000806335,0.000175855,-0.000222826,0.000806335,,,
1786043823366949305,1786043823.365411061,/novatel/oem7/inspva,/novatel/oem7/inspva,/novatel/oem7/inspva,39.663,-75.756,-1.800763401,0.000305752,0.001247012,-0.000114802,0.000283381,0.001247012,,novatel_oem7_msgs.msg.InertialSolutionStatus(status=3),
1786043823368300773,1786043823.365730329,/novatel/oem7/fix,/novatel/oem7/fix,/novatel/oem7/inspva,39.663,-75.756,-1.800763401,0.000305752,0.001247012,-0.000114802,0.000283381,0.001247012,,0,
1786043823369392644,1786043823.366802230,/novatel/oem7/odom,/novatel/oem7/fix,/novatel/oem7/odom,39.663,-75.756,-1.800763401,0.000302592,0.001247782,0.000272394,-0.000131772,0.001247782,,,
1786043823375607930,1786043823.374882414,/novatel/oem7/odom,/novatel/oem7/fix,/novatel/oem7/odom,39.663,-75.756,-1.800763401,0.000302592,0.001247782,0.000272394,-0.000131772,0.001247782,,,
1786043823386562817,1786043823.385946713,/novatel/oem7/inspva,/novatel/oem7/inspva,/novatel/oem7/inspva,39.663,-75.756,-1.800757652,0.000238617,0.001025105,-0.000199614,0.000130737,0.001025105,,novatel_oem7_msgs.msg.InertialSolutionStatus(status=3),
1786043823387949606,1786043823.386121201,/novatel/oem7/fix,/novatel/oem7/fix,/novatel/oem7/inspva,39.663,-75.756,-1.800757652,0.000238617,0.001025105,-0.000199614,0.000130737,0.001025105,,0,
1786043823389089035,1786043823.386478062,/novatel/oem7/odom,/novatel/oem7/fix,/novatel/oem7/odom,39.663,-75.756,-1.800757652,0.000238882,0.001025044,0.000116687,-0.000208443,0.001025044,,,
1786043823395394392,1786043823.394615311,/novatel/oem7/odom,/novatel/oem7/fix,/novatel/oem7/odom,39.663,-75.756,-1.800757652,0.000238882,0.001025044,0.000116687,-0.000208443,0.001025044,,,
1786043823406799191,1786043823.406229279,/novatel/oem7/inspva,/novatel/oem7/inspva,/novatel/oem7/inspva,39.663,-75.756,-1.800748210,0.000196988,0.000908616,0.000018285,0.000196137,0.000908616,,novatel_oem7_msgs.msg.InertialSolutionStatus(status=3),
1786043823408144641,1786043823.406394403,/novatel/oem7/fix,/novatel/oem7/fix,/novatel/oem7/inspva,39.663,-75.756,-1.800748210,0.000196988,0.000908616,0.000018285,0.000196137,0.000908616,,0,
1786043823409215922,1786043823.406880311,/novatel/oem7/odom,/novatel/oem7/fix,/novatel/oem7/odom,39.663,-75.756,-1.800748210,0.000193233,0.000909422,0.000193130,0.000006308,0.000909422,,,
1786043823411252106,1786043823.410152548,/novatel/oem7/bestpos,/novatel/oem7/bestpos,/novatel/oem7/odom,39.663,-75.756,33.181546507,0.000193233,0.000909422,0.000193130,0.000006308,0.000909422,,novatel_oem7_msgs.msg.SolutionStatus(status=0),novatel_oem7_msgs.msg.PositionOrVelocityType(type=53)
1786043823412206902,1786043823.410491768,/novatel/oem7/bestvel,/novatel/oem7/bestpos,/novatel/oem7/bestvel,39.663,-75.756,33.181546507,0.000476493,0.000996613,,,,127.906131977,novatel_oem7_msgs.msg.SolutionStatus(status=0),novatel_oem7_msgs.msg.PositionOrVelocityType(type=53)
1786043823416119032,1786043823.415443225,/novatel/oem7/odom,/novatel/oem7/bestpos,/novatel/oem7/odom,39.663,-75.756,33.181546507,0.000193233,0.000909422,0.000193130,0.000006308,0.000909422,,,
1786043823425678819,1786043823.425044392,/novatel/oem7/inspva,/novatel/oem7/inspva,/novatel/oem7/inspva,39.663,-75.756,-1.800741435,0.000448205,0.000643681,-0.000325702,0.000307906,0.000643681,,novatel_oem7_msgs.msg.InertialSolutionStatus(status=3),
1786043823427106566,1786043823.425197221,/novatel/oem7/fix,/novatel/oem7/fix,/novatel/oem7/inspva,39.663,-75.756,-1.800741435,0.000448205,0.000643681,-0.000325702,0.000307906,0.000643681,,0,
1786043823428443983,1786043823.425599031,/novatel/oem7/odom,/novatel/oem7/fix,/novatel/oem7/odom,39.663,-75.756,-1.800741435,0.000447799,0.000643963,0.000289020,-0.000342040,0.000643963,,,
1786043823435394307,1786043823.434378260,/novatel/oem7/odom,/novatel/oem7/fix,/novatel/oem7/odom,39.663,-75.756,-1.800741435,0.000447799,0.000643963,0.000289020,-0.000342040,0.000643963,,,
1786043823447387615,1786043823.446482739,/novatel/oem7/inspva,/novatel/oem7/inspva,/novatel/oem7/inspva,39.663,-75.756,-1.800728797,0.000337472,0.001123625,-0.000288137,-0.000175682,0.001123625,,novatel_oem7_msgs.msg.InertialSolutionStatus(status=3),
1786043823449232640,1786043823.446690608,/novatel/oem7/fix,/novatel/oem7/fix,/novatel/oem7/inspva,39.663,-75.756,-1.800728797,0.000337472,0.001123625,-0.000288137,-0.000175682,0.001123625,,0,
1786043823450613458,1786043823.447088162,/novatel/oem7/odom,/novatel/oem7/fix,/novatel/oem7/odom,39.663,-75.756,-1.800728797,0.000342439,0.001122121,-0.000194085,-0.000282126,0.001122121,,,
1786043823457975875,1786043823.456857134,/novatel/oem7/odom,/novatel/oem7/fix,/novatel/oem7/odom,39.663,-75.756,-1.800728797,0.000342439,0.001122121,-0.000194085,-0.000282126,0.001122121,,,
1786043823465949696,1786043823.464922866,/novatel/oem7/inspva,/novatel/oem7/inspva,/novatel/oem7/inspva,39.663,-75.756,-1.800725332,0.000355159,0.000807783,-0.000348410,0.000068908,0.000807783,,novatel_oem7_msgs.msg.InertialSolutionStatus(status=3),
1786043823467923393,1786043823.465290572,/novatel/oem7/fix,/novatel/oem7/fix,/novatel/oem7/inspva,39.663,-75.756,-1.800725332,0.000355159,0.000807783,-0.000348410,0.000068908,0.000807783,,0,
1786043823469459678,1786043823.465796444,/novatel/oem7/odom,/novatel/oem7/fix,/novatel/oem7/odom,39.663,-75.756,-1.800725332,0.000356781,0.000807068,0.000048529,-0.000353465,0.000807068,,,
1786043823476395615,1786043823.475633871,/novatel/oem7/odom,/novatel/oem7/fix,/novatel/oem7/odom,39.663,-75.756,-1.800725332,0.000356781,0.000807068,0.000048529,-0.000353465,0.000807068,,,
1786043823487093970,1786043823.486556745,/novatel/oem7/inspva,/novatel/oem7/inspva,/novatel/oem7/inspva,39.663,-75.756,-1.800718179,0.000081169,0.000846850,0.000074090,0.000033153,0.000846850,,novatel_oem7_msgs.msg.InertialSolutionStatus(status=3),
1786043823488598418,1786043823.486727386,/novatel/oem7/fix,/novatel/oem7/fix,/novatel/oem7/inspva,39.663,-75.756,-1.800718179,0.000081169,0.000846850,0.000074090,0.000033153,0.000846850,,0,
1786043823489780977,1786043823.487147564,/novatel/oem7/odom,/novatel/oem7/fix,/novatel/oem7/odom,39.663,-75.756,-1.800718179,0.000077684,0.000847177,0.000033314,0.000070178,0.000847177,,,
1786043823495902812,1786043823.494702298,/novatel/oem7/odom,/novatel/oem7/fix,/novatel/oem7/odom,39.663,-75.756,-1.800718179,0.000077684,0.000847177,0.000033314,0.000070178,0.000847177,,,
1786043823506952564,1786043823.506182933,/novatel/oem7/inspva,/novatel/oem7/inspva,/novatel/oem7/inspva,39.663,-75.756,-1.800714417,0.000333072,0.000511950,-0.000043078,0.000330274,0.000511950,,novatel_oem7_msgs.msg.InertialSolutionStatus(status=3),
1786043823508729656,1786043823.506462609,/novatel/oem7/fix,/novatel/oem7/fix,/novatel/oem7/inspva,39.663,-75.756,-1.800714417,0.000333072,0.000511950,-0.000043078,0.000330274,0.000511950,,0,
1786043823510195177,1786043823.506869010,/novatel/oem7/odom,/novatel/oem7/fix,/novatel/oem7/odom,39.663,-75.756,-1.800714417,0.000331276,0.000513114,0.000325704,-0.000060503,0.000513114,,,
1786043823512694909,1786043823.511673712,/novatel/oem7/bestpos,/novatel/oem7/bestpos,/novatel/oem7/odom,39.663,-75.756,33.181580340,0.000331276,0.000513114,0.000325704,-0.000060503,0.000513114,,novatel_oem7_msgs.msg.SolutionStatus(status=0),novatel_oem7_msgs.msg.PositionOrVelocityType(type=53)
1786043823514536108,1786043823.512248628,/novatel/oem7/bestvel,/novatel/oem7/bestpos,/novatel/oem7/bestvel,39.663,-75.756,33.181580340,0.000725113,0.000432779,,,,108.088884194,novatel_oem7_msgs.msg.SolutionStatus(status=0),novatel_oem7_msgs.msg.PositionOrVelocityType(type=53)
1786043823516495241,1786043823.515610749,/novatel/oem7/odom,/novatel/oem7/bestpos,/novatel/oem7/odom,39.663,-75.756,33.181580340,0.000331276,0.000513114,0.000325704,-0.000060503,0.000513114,,,
1786043823526201063,1786043823.525324850,/novatel/oem7/inspva,/novatel/oem7/inspva,/novatel/oem7/inspva,39.663,-75.756,-1.800702835,0.000322799,0.001041265,-0.000317480,-0.000058358,0.001041265,,novatel_oem7_msgs.msg.InertialSolutionStatus(status=3),
1786043823528317887,1786043823.525598720,/novatel/oem7/fix,/novatel/oem7/fix,/novatel/oem7/inspva,39.663,-75.756,-1.800702835,0.000322799,0.001041265,-0.000317480,-0.000058358,0.001041265,,0,
1786043823529442985,1786043823.526146366,/novatel/oem7/odom,/novatel/oem7/fix,/novatel/oem7/odom,39.663,-75.756,-1.800702835,0.000326406,0.001040140,-0.000078008,-0.000316948,0.001040140,,,
1786043823536588208,1786043823.535731569,/novatel/oem7/odom,/novatel/oem7/fix,/novatel/oem7/odom,39.663,-75.756,-1.800702835,0.000326406,0.001040140,-0.000078008,-0.000316948,0.001040140,,,
1786043823545959859,1786043823.545280319,/novatel/oem7/inspva,/novatel/oem7/inspva,/novatel/oem7/inspva,39.663,-75.756,-1.800699319,0.000311364,0.000854974,-0.000246987,0.000189591,0.000854974,,novatel_oem7_msgs.msg.InertialSolutionStatus(status=3),
1786043823547661976,1786043823.545551265,/novatel/oem7/fix,/novatel/oem7/fix,/novatel/oem7/inspva,39.663,-75.756,-1.800699319,0.000311364,0.000854974,-0.000246987,0.000189591,0.000854974,,0,
1786043823548966523,1786043823.546156958,/novatel/oem7/odom,/novatel/oem7/fix,/novatel/oem7/odom,39.663,-75.756,-1.800699319,0.000311256,0.000855014,0.000173842,-0.000258184,0.000855014,,,
1786043823556771832,1786043823.555758708,/novatel/oem7/odom,/novatel/oem7/fix,/novatel/oem7/odom,39.663,-75.756,-1.800699319,0.000311256,0.000855014,0.000173842,-0.000258184,0.000855014,,,
1786043823567123867,1786043823.566308005,/novatel/oem7/inspva,/novatel/oem7/inspva,/novatel/oem7/inspva,39.663,-75.756,-1.800692655,0.000458648,0.000591578,-0.000358674,0.000285853,0.000591578,,novatel_oem7_msgs.msg.InertialSolutionStatus(status=3),
1786043823568893211,1786043823.566648875,/novatel/oem7/fix,/novatel/oem7/fix,/novatel/oem7/inspva,39.663,-75.756,-1.800692655,0.000458648,0.000591578,-0.000358674,0.000285853,0.000591578,,0,
1786043823570369636,1786043823.567215851,/novatel/oem7/odom,/novatel/oem7/fix,/novatel/oem7/odom,39.663,-75.756,-1.800692655,0.000458514,0.000591682,0.000265587,-0.000373763,0.000591682,,,
1786043823576482651,1786043823.575569565,/novatel/oem7/odom,/novatel/oem7/fix,/novatel/oem7/odom,39.663,-75.756,-1.800692655,0.000458514,0.000591682,0.000265587,-0.000373763,0.000591682,,,
1786043823585721735,1786043823.584927317,/novatel/oem7/inspva,/novatel/oem7/inspva,/novatel/oem7/inspva,39.663,-75.756,-1.800686637,0.000216514,0.000631969,-0.000196190,0.000091585,0.000631969,,novatel_oem7_msgs.msg.InertialSolutionStatus(status=3),
1786043823587280021,1786043823.585180189,/novatel/oem7/fix,/novatel/oem7/fix,/novatel/oem7/inspva,39.663,-75.756,-1.800686637,0.000216514,0.000631969,-0.000196190,0.000091585,0.000631969,,0,
1786043823588370468,1786043823.585566203,/novatel/oem7/odom,/novatel/oem7/fix,/novatel/oem7/odom,39.663,-75.756,-1.800686637,0.000217093,0.000631770,0.000079336,-0.000202078,0.000631770,,,
1786043823596549514,1786043823.595539317,/novatel/oem7/odom,/novatel/oem7/fix,/novatel/oem7/odom,39.663,-75.756,-1.800686637,0.000217093,0.000631770,0.000079336,-0.000202078,0.000631770,,,
1786043823607508841,1786043823.606765161,/novatel/oem7/inspva,/novatel/oem7/inspva,/novatel/oem7/inspva,39.663,-75.756,-1.800682846,0.000363771,0.000420952,-0.000030674,0.000362475,0.000420952,,novatel_oem7_msgs.msg.InertialSolutionStatus(status=3),
1786043823609212256,1786043823.606986403,/novatel/oem7/fix,/novatel/oem7/fix,/novatel/oem7/inspva,39.663,-75.756,-1.800682846,0.000363771,0.000420952,-0.000030674,0.000362475,0.000420952,,0,
1786043823610683641,1786043823.607847402,/novatel/oem7/odom,/novatel/oem7/fix,/novatel/oem7/odom,39.663,-75.756,-1.800682846,0.000362235,0.000422274,0.000358844,-0.000049452,0.000422274,,,
1786043823613020791,1786043823.610378304,/novatel/oem7/bestpos,/novatel/oem7/bestpos,/novatel/oem7/odom,39.663,-75.756,33.181620020,0.000362235,0.000422274,0.000358844,-0.000049452,0.000422274,,novatel_oem7_msgs.msg.SolutionStatus(status=0),novatel_oem7_msgs.msg.PositionOrVelocityType(type=53)
1786043823614384028,1786043823.610792362,/novatel/oem7/bestvel,/novatel/oem7/bestpos,/novatel/oem7/bestvel,39.663,-75.756,33.181620020,0.000988401,0.000610695,,,,133.130140668,novatel_oem7_msgs.msg.SolutionStatus(status=0),novatel_oem7_msgs.msg.PositionOrVelocityType(type=53)
1786043823616753272,1786043823.614564970,/novatel/oem7/odom,/novatel/oem7/bestpos,/novatel/oem7/odom,39.663,-75.756,33.181620020,0.000362235,0.000422274,0.000358844,-0.000049452,0.000422274,,,
1786043823626721113,1786043823.625926942,/novatel/oem7/inspva,/novatel/oem7/inspva,/novatel/oem7/inspva,39.663,-75.756,-1.800680012,0.000042505,0.000255806,-0.000031442,0.000028602,0.000255806,,novatel_oem7_msgs.msg.InertialSolutionStatus(status=3),
1786043823628612042,1786043823.626185090,/novatel/oem7/fix,/novatel/oem7/fix,/novatel/oem7/inspva,39.663,-75.756,-1.800680012,0.000042505,0.000255806,-0.000031442,0.000028602,0.000255806,,0,
1786043823630120790,1786043823.626599212,/novatel/oem7/odom,/novatel/oem7/fix,/novatel/oem7/odom,39.663,-75.756,-1.800680012,0.000042378,0.000255827,0.000025999,-0.000033466,0.000255827,,,
1786043823635523842,1786043823.634656740,/novatel/oem7/odom,/novatel/oem7/fix,/novatel/oem7/odom,39.663,-75.756,-1.800680012,0.000042378,0.000255827,0.000025999,-0.000033466,0.000255827,,,
1786043823646043875,1786043823.645103889,/novatel/oem7/inspva,/novatel/oem7/inspva,/novatel/oem7/inspva,39.663,-75.756,-1.800672412,0.000510360,0.000634901,-0.000161303,0.000484200,0.000634901,,novatel_oem7_msgs.msg.InertialSolutionStatus(status=3),
1786043823648166557,1786043823.645375468,/novatel/oem7/fix,/novatel/oem7/fix,/novatel/oem7/inspva,39.663,-75.756,-1.800672412,0.000510360,0.000634901,-0.000161303,0.000484200,0.000634901,,0,
1786043823649744913,1786043823.645789646,/novatel/oem7/odom,/novatel/oem7/fix,/novatel/oem7/odom,39.663,-75.756,-1.800672412,0.000508582,0.000636327,0.000473179,-0.000186434,0.000636327,,,
1786043823657145431,1786043823.656343586,/novatel/oem7/odom,/novatel/oem7/fix,/novatel/oem7/odom,39.663,-75.756,-1.800672412,0.000508582,0.000636327,0.000473179,-0.000186434,0.000636327,,,
1786043823666854042,1786043823.665962900,/novatel/oem7/inspva,/novatel/oem7/inspva,/novatel/oem7/inspva,39.663,-75.756,-1.800668350,0.000231577,0.000651343,-0.000224486,0.000056869,0.000651343,,novatel_oem7_msgs.msg.InertialSolutionStatus(status=3),
1786043823668751498,1786043823.666281763,/novatel/oem7/fix,/novatel/oem7/fix,/novatel/oem7/inspva,39.663,-75.756,-1.800668350,0.000231577,0.000651343,-0.000224486,0.000056869,0.000651343,,0,
1786043823670192156,1786043823.666983920,/novatel/oem7/odom,/novatel/oem7/fix,/novatel/oem7/odom,39.663,-75.756,-1.800668350,0.000232730,0.000650932,0.000043203,-0.000228685,0.000650932,,,
1786043823675342628,1786043823.674470526,/novatel/oem7/odom,/novatel/oem7/fix,/novatel/oem7/odom,39.663,-75.756,-1.800668350,0.000232730,0.000650932,0.000043203,-0.000228685,0.000650932,,,
1786043823685701173,1786043823.685034636,/novatel/oem7/inspva,/novatel/oem7/inspva,/novatel/oem7/inspva,39.663,-75.756,-1.800664614,0.000555102,0.000292498,0.000238857,0.000501084,0.000292498,,novatel_oem7_msgs.msg.InertialSolutionStatus(status=3),
1786043823687138564,1786043823.685215622,/novatel/oem7/fix,/novatel/oem7/fix,/novatel/oem7/inspva,39.663,-75.756,-1.800664614,0.000555102,0.000292498,0.000238857,0.000501084,0.000292498,,0,
1786043823688298029,1786043823.685752043,/novatel/oem7/odom,/novatel/oem7/fix,/novatel/oem7/odom,39.663,-75.756,-1.800664614,0.000553716,0.000295112,0.000510979,0.000213312,0.000295112,,,
1786043823696263647,1786043823.695607403,/novatel/oem7/odom,/novatel/oem7/fix,/novatel/oem7/odom,39.663,-75.756,-1.800664614,0.000553716,0.000295112,0.000510979,0.000213312,0.000295112,,,
1786043823706415542,1786043823.705821153,/novatel/oem7/inspva,/novatel/oem7/inspva,/novatel/oem7/inspva,39.663,-75.756,-1.800659068,0.000204512,0.000319281,-0.000185672,0.000085738,0.000319281,,novatel_oem7_msgs.msg.InertialSolutionStatus(status=3),
1786043823707746853,1786043823.706058803,/novatel/oem7/fix,/novatel/oem7/fix,/novatel/oem7/inspva,39.663,-75.756,-1.800659068,0.000204512,0.000319281,-0.000185672,0.000085738,0.000319281,,0,
1786043823708811987,1786043823.706487590,/novatel/oem7/odom,/novatel/oem7/fix,/novatel/oem7/odom,39.663,-75.756,-1.800659068,0.000204803,0.000319094,0.000075271,-0.000190470,0.000319094,,,
1786043823710334209,1786043823.709532568,/novatel/oem7/bestpos,/novatel/oem7/bestpos,/novatel/oem7/odom,39.663,-75.756,33.181636521,0.000204803,0.000319094,0.000075271,-0.000190470,0.000319094,,novatel_oem7_msgs.msg.SolutionStatus(status=0),novatel_oem7_msgs.msg.PositionOrVelocityType(type=53)
1786043823711737136,1786043823.710203521,/novatel/oem7/bestvel,/novatel/oem7/bestpos,/novatel/oem7/bestvel,39.663,-75.756,33.181636521,0.000448974,0.000339844,,,,145.557266639,novatel_oem7_msgs.msg.SolutionStatus(status=0),novatel_oem7_msgs.msg.PositionOrVelocityType(type=53)
1786043823715643386,1786043823.714536305,/novatel/oem7/odom,/novatel/oem7/bestpos,/novatel/oem7/odom,39.663,-75.756,33.181636521,0.000204803,0.000319094,0.000075271,-0.000190470,0.000319094,,,
1786043823727309534,1786043823.726598097,/novatel/oem7/inspva,/novatel/oem7/inspva,/novatel/oem7/inspva,39.663,-75.756,-1.800651412,0.000295041,0.000505717,0.000056426,0.000289595,0.000505717,,novatel_oem7_msgs.msg.InertialSolutionStatus(status=3),
1786043823729263764,1786043823.726828713,/novatel/oem7/fix,/novatel/oem7/fix,/novatel/oem7/inspva,39.663,-75.756,-1.800651412,0.000295041,0.000505717,0.000056426,0.000289595,0.000505717,,0,
1786043823730591247,1786043823.727358751,/novatel/oem7/odom,/novatel/oem7/fix,/novatel/oem7/odom,39.663,-75.756,-1.800651412,0.000292838,0.000506995,0.000289970,0.000040887,0.000506995,,,
1786043823735576667,1786043823.734671122,/novatel/oem7/odom,/novatel/oem7/fix,/novatel/oem7/odom,39.663,-75.756,-1.800651412,0.000292838,0.000506995,0.000289970,0.000040887,0.000506995,,,
1786043823745752634,1786043823.745062667,/novatel/oem7/inspva,/novatel/oem7/inspva,/novatel/oem7/inspva,39.663,-75.756,-1.800647606,0.000202192,0.000586309,-0.000179705,0.000092670,0.000586309,,novatel_oem7_msgs.msg.InertialSolutionStatus(status=3),
1786043823747977433,1786043823.745311356,/novatel/oem7/fix,/novatel/oem7/fix,/novatel/oem7/inspva,39.663,-75.756,-1.800647606,0.000202192,0.000586309,-0.000179705,0.000092670,0.000586309,,0,
1786043823749529742,1786043823.745767611,/novatel/oem7/odom,/novatel/oem7/fix,/novatel/oem7/odom,39.663,-75.756,-1.800647606,0.000202614,0.000586164,0.000081409,-0.000185539,0.000586164,,,
1786043823756783219,1786043823.755843199,/novatel/oem7/odom,/novatel/oem7/fix,/novatel/oem7/odom,39.663,-75.756,-1.800647606,0.000202614,0.000586164,0.000081409,-0.000185539,0.000586164,,,
1786043823766083380,1786043823.765269660,/novatel/oem7/inspva,/novatel/oem7/inspva,/novatel/oem7/inspva,39.663,-75.756,-1.800643159,0.000750245,0.000389915,-0.000324625,0.000676377,0.000389915,,novatel_oem7_msgs.msg.InertialSolutionStatus(status=3),
1786043823767915778,1786043823.765508987,/novatel/oem7/fix,/novatel/oem7/fix,/novatel/oem7/inspva,39.663,-75.756,-1.800643159,0.000750245,0.000389915,-0.000324625,0.000676377,0.000389915,,0,
1786043823769237822,1786043823.766174724,/novatel/oem7/odom,/novatel/oem7/fix,/novatel/oem7/odom,39.663,-75.756,-1.800643159,0.000749344,0.000391643,0.000658120,-0.000358321,0.000391643,,,
1786043823775683777,1786043823.774824875,/novatel/oem7/odom,/novatel/oem7/fix,/novatel/oem7/odom,39.663,-75.756,-1.800643159,0.000749344,0.000391643,0.000658120,-0.000358321,0.000391643,,,
1786043823786862653,1786043823.785953052,/novatel/oem7/inspva,/novatel/oem7/inspva,/novatel/oem7/inspva,39.663,-75.756,-1.800637620,0.000805179,0.000477733,-0.000573408,0.000565258,0.000477733,,novatel_oem7_msgs.msg.InertialSolutionStatus(status=3),
1786043823788446002,1786043823.786093782,/novatel/oem7/fix,/novatel/oem7/fix,/novatel/oem7/inspva,39.663,-75.756,-1.800637620,0.000805179,0.000477733,-0.000573408,0.000565258,0.000477733,,0,
1786043823789544067,1786043823.786576507,/novatel/oem7/odom,/novatel/oem7/fix,/novatel/oem7/odom,39.663,-75.756,-1.800637620,0.000804821,0.000478337,0.000534615,-0.000601601,0.000478337,,,
1786043823795280198,1786043823.794359516,/novatel/oem7/odom,/novatel/oem7/fix,/novatel/oem7/odom,39.663,-75.756,-1.800637620,0.000804821,0.000478337,0.000534615,-0.000601601,0.000478337,,,
1786043823806358694,1786043823.805643674,/novatel/oem7/inspva,/novatel/oem7/inspva,/novatel/oem7/inspva,39.663,-75.756,-1.800633576,0.000446507,0.000396871,-0.000030217,0.000445484,0.000396871,,novatel_oem7_msgs.msg.InertialSolutionStatus(status=3),
1786043823808075471,1786043823.805814623,/novatel/oem7/fix,/novatel/oem7/fix,/novatel/oem7/inspva,39.663,-75.756,-1.800633576,0.000446507,0.000396871,-0.000030217,0.000445484,0.000396871,,0,
1786043823809413065,1786043823.806879619,/novatel/oem7/odom,/novatel/oem7/fix,/novatel/oem7/odom,39.663,-75.756,-1.800633576,0.000445033,0.000398523,0.000441867,-0.000052996,0.000398523,,,
1786043823811370284,1786043823.810116999,/novatel/oem7/bestpos,/novatel/oem7/bestpos,/novatel/oem7/odom,39.663,-75.756,33.181661884,0.000445033,0.000398523,0.000441867,-0.000052996,0.000398523,,novatel_oem7_msgs.msg.SolutionStatus(status=0),novatel_oem7_msgs.msg.PositionOrVelocityType(type=53)
1786043823812565970,1786043823.810381476,/novatel/oem7/bestvel,/novatel/oem7/bestpos,/novatel/oem7/bestvel,39.663,-75.756,33.181661884,0.000475245,0.000477729,,,,110.764502810,novatel_oem7_msgs.msg.SolutionStatus(status=0),novatel_oem7_msgs.msg.PositionOrVelocityType(type=53)
1786043823816459506,1786043823.815409415,/novatel/oem7/odom,/novatel/oem7/bestpos,/novatel/oem7/odom,39.663,-75.756,33.181661884,0.000445033,0.000398523,0.000441867,-0.000052996,0.000398523,,,
1786043823825767780,1786043823.824887029,/novatel/oem7/inspva,/novatel/oem7/inspva,/novatel/oem7/inspva,39.663,-75.756,-1.800631114,0.000470948,0.000298699,-0.000380468,0.000277554,0.000298699,,novatel_oem7_msgs.msg.InertialSolutionStatus(status=3),
1786043823827630076,1786043823.825048629,/novatel/oem7/fix,/novatel/oem7/fix,/novatel/oem7/inspva,39.663,-75.756,-1.800631114,0.000470948,0.000298699,-0.000380468,0.000277554,0.000298699,,0,
1786043823828931999,1786043823.825549028,/novatel/oem7/odom,/novatel/oem7/fix,/novatel/oem7/odom,39.663,-75.756,-1.800631114,0.000470938,0.000298716,0.000257415,-0.000394360,0.000298716,,,
1786043823835809942,1786043823.834408997,/novatel/oem7/odom,/novatel/oem7/fix,/novatel/oem7/odom,39.663,-75.756,-1.800631114,0.000470938,0.000298716,0.000257415,-0.000394360,0.000298716,,,
1786043823847400533,1786043823.846447428,/novatel/oem7/inspva,/novatel/oem7/inspva,/novatel/oem7/inspva,39.663,-75.756,-1.800624181,0.000634141,0.000615787,-0.000225917,0.000592534,0.000615787,,novatel_oem7_msgs.msg.InertialSolutionStatus(status=3),
1786043823848975019,1786043823.846579176,/novatel/oem7/fix,/novatel/oem7/fix,/novatel/oem7/inspva,39.663,-75.756,-1.800624181,0.000634141,0.000615787,-0.000225917,0.000592534,0.000615787,,0,
1786043823850137317,1786043823.847316898,/novatel/oem7/odom,/novatel/oem7/fix,/novatel/oem7/odom,39.663,-75.756,-1.800624181,0.000632514,0.000617457,0.000578290,-0.000256233,0.000617457,,,
1786043823857621816,1786043823.856473671,/novatel/oem7/odom,/novatel/oem7/fix,/novatel/oem7/odom,39.663,-75.756,-1.800624181,0.000632514,0.000617457,0.000578290,-0.000256233,0.000617457,,,
1786043823866123552,1786043823.865015937,/novatel/oem7/inspva,/novatel/oem7/inspva,/novatel/oem7/inspva,39.663,-75.756,-1.800618226,0.000612829,0.000861174,-0.000367541,0.000490381,0.000861174,,novatel_oem7_msgs.msg.InertialSolutionStatus(status=3),
1786043823868351165,1786043823.865282800,/novatel/oem7/fix,/novatel/oem7/fix,/novatel/oem7/inspva,39.663,-75.756,-1.800618226,0.000612829,0.000861174,-0.000367541,0.000490381,0.000861174,,0,
1786043823870014475,1786043823.865916590,/novatel/oem7/odom,/novatel/oem7/fix,/novatel/oem7/odom,39.663,-75.756,-1.800618226,0.000611602,0.000862045,0.000468353,-0.000393322,0.000862045,,,
1786043823875618698,1786043823.874582234,/novatel/oem7/odom,/novatel/oem7/fix,/novatel/oem7/odom,39.663,-75.756,-1.800618226,0.000611602,0.000862045,0.000468353,-0.000393322,0.000862045,,,
1786043823886346273,1786043823.885387343,/novatel/oem7/inspva,/novatel/oem7/inspva,/novatel/oem7/inspva,39.663,-75.756,-1.800613414,0.000903682,0.000549014,-0.000534125,0.000728938,0.000549014,,novatel_oem7_msgs.msg.InertialSolutionStatus(status=3),
1786043823888378831,1786043823.885626013,/novatel/oem7/fix,/novatel/oem7/fix,/novatel/oem7/inspva,39.663,-75.756,-1.800613414,0.000903682,0.000549014,-0.000534125,0.000728938,0.000549014,,0,
1786043823889718647,1786043823.886243872,/novatel/oem7/odom,/novatel/oem7/fix,/novatel/oem7/odom,39.663,-75.756,-1.800613414,0.000902865,0.000550355,0.000699723,-0.000570573,0.000550355,,,
1786043823895844413,1786043823.894835926,/novatel/oem7/odom,/novatel/oem7/fix,/novatel/oem7/odom,39.663,-75.756,-1.800613414,0.000902865,0.000550355,0.000699723,-0.000570573,0.000550355,,,
1786043823906912695,1786043823.905906331,/novatel/oem7/inspva,/novatel/oem7/inspva,/novatel/oem7/inspva,39.663,-75.756,-1.800606682,0.000758891,0.000555544,-0.000596702,0.000468894,0.000555544,,novatel_oem7_msgs.msg.InertialSolutionStatus(status=3),
1786043823908941119,1786043823.906181634,/novatel/oem7/fix,/novatel/oem7/fix,/novatel/oem7/inspva,39.663,-75.756,-1.800606682,0.000758891,0.000555544,-0.000596702,0.000468894,0.000555544,,0,
1786043823910349386,1786043823.906673336,/novatel/oem7/odom,/novatel/oem7/fix,/novatel/oem7/odom,39.663,-75.756,-1.800606682,0.000758775,0.000555702,0.000436898,-0.000620370,0.000555702,,,
1786043823911986946,1786043823.909766524,/novatel/oem7/bestpos,/novatel/oem7/bestpos,/novatel/oem7/odom,39.663,-75.756,33.181694186,0.000758775,0.000555702,0.000436898,-0.000620370,0.000555702,,novatel_oem7_msgs.msg.SolutionStatus(status=0),novatel_oem7_msgs.msg.PositionOrVelocityType(type=53)
1786043823913000780,1786043823.910506568,/novatel/oem7/bestvel,/novatel/oem7/bestpos,/novatel/oem7/bestvel,39.663,-75.756,33.181694186,0.000939753,0.000478067,,,,133.732994325,novatel_oem7_msgs.msg.SolutionStatus(status=0),novatel_oem7_msgs.msg.PositionOrVelocityType(type=53)
1786043823915277219,1786043823.914478835,/novatel/oem7/odom,/novatel/oem7/bestpos,/novatel/oem7/odom,39.663,-75.756,33.181694186,0.000758775,0.000555702,0.000436898,-0.000620370,0.000555702,,,
1786043823925856307,1786043823.925089139,/novatel/oem7/inspva,/novatel/oem7/inspva,/novatel/oem7/inspva,39.663,-75.756,-1.800599984,0.000746049,0.000533010,-0.000627409,0.000403667,0.000533010,,novatel_oem7_msgs.msg.InertialSolutionStatus(status=3),
1786043823927403655,1786043823.925311497,/novatel/oem7/fix,/novatel/oem7/fix,/novatel/oem7/inspva,39.663,-75.756,-1.800599984,0.000746049,0.000533010,-0.000627409,0.000403667,0.000533010,,0,
1786043823928605748,1786043823.925794979,/novatel/oem7/odom,/novatel/oem7/fix,/novatel/oem7/odom,39.663,-75.756,-1.800599984,0.000746172,0.000532838,0.000370331,-0.000647787,0.000532838,,,
1786043823936331706,1786043823.935626209,/novatel/oem7/odom,/novatel/oem7/fix,/novatel/oem7/odom,39.663,-75.756,-1.800599984,0.000746172,0.000532838,0.000370331,-0.000647787,0.000532838,,,
1786043823945494988,1786043823.944938696,/novatel/oem7/inspva,/novatel/oem7/inspva,/novatel/oem7/inspva,39.663,-75.756,-1.800594194,0.000709470,0.000586495,-0.000671632,0.000228598,0.000586495,,novatel_oem7_msgs.msg.InertialSolutionStatus(status=3),
1786043823946938993,1786043823.945023061,/novatel/oem7/fix,/novatel/oem7/fix,/novatel/oem7/inspva,39.663,-75.756,-1.800594194,0.000709470,0.000586495,-0.000671632,0.000228598,0.000586495,,0,
1786043823948080391,1786043823.945713901,/novatel/oem7/odom,/novatel/oem7/fix,/novatel/oem7/odom,39.663,-75.756,-1.800594194,0.000710276,0.000585519,0.000193091,-0.000683526,0.000585519,,,
1786043823956867684,1786043823.955781630,/novatel/oem7/odom,/novatel/oem7/fix,/novatel/oem7/odom,39.663,-75.756,-1.800594194,0.000710276,0.000585519,0.000193091,-0.000683526,0.000585519,,,
1786043823967774594,1786043823.966733960,/novatel/oem7/inspva,/novatel/oem7/inspva,/novatel/oem7/inspva,39.663,-75.756,-1.800585352,0.000641772,0.000718254,-0.000608119,0.000205092,0.000718254,,novatel_oem7_msgs.msg.InertialSolutionStatus(status=3),
1786043823969897498,1786043823.967015896,/novatel/oem7/fix,/novatel/oem7/fix,/novatel/oem7/inspva,39.663,-75.756,-1.800585352,0.000641772,0.000718254,-0.000608119,0.000205092,0.000718254,,0,
1786043823971471371,1786043823.967724250,/novatel/oem7/odom,/novatel/oem7/fix,/novatel/oem7/odom,39.663,-75.756,-1.800585352,0.000642782,0.000717351,0.000172186,-0.000619290,0.000717351,,,
1786043823975725418,1786043823.974774362,/novatel/oem7/odom,/novatel/oem7/fix,/novatel/oem7/odom,39.663,-75.756,-1.800585352,0.000642782,0.000717351,0.000172186,-0.000619290,0.000717351,,,
1786043823986134893,1786043823.985217757,/novatel/oem7/inspva,/novatel/oem7/inspva,/novatel/oem7/inspva,39.663,-75.756,-1.800579187,0.000828864,0.000772661,-0.000761163,0.000328095,0.000772661,,novatel_oem7_msgs.msg.InertialSolutionStatus(status=3),
1786043823987969608,1786043823.985479256,/novatel/oem7/fix,/novatel/oem7/fix,/novatel/oem7/inspva,39.663,-75.756,-1.800579187,0.000828864,0.000772661,-0.000761163,0.000328095,0.000772661,,0,
1786043823989192104,1786043823.986140807,/novatel/oem7/odom,/novatel/oem7/fix,/novatel/oem7/odom,39.663,-75.756,-1.800579187,0.000829656,0.000771811,0.000287336,-0.000778310,0.000771811,,,
1786043823995389670,1786043823.994633629,/novatel/oem7/odom,/novatel/oem7/fix,/novatel/oem7/odom,39.663,-75.756,-1.800579187,0.000829656,0.000771811,0.000287336,-0.000778310,0.000771811,,,
1786043824009055738,1786043824.008371115,/novatel/oem7/inspva,/novatel/oem7/inspva,/novatel/oem7/inspva,39.663,-75.756,-1.800571765,0.001067051,0.000701841,-0.000845168,0.000651374,0.000701841,,novatel_oem7_msgs.msg.InertialSolutionStatus(status=3),
1786043824010870717,1786043824.008599404,/novatel/oem7/fix,/novatel/oem7/fix,/novatel/oem7/inspva,39.663,-75.756,-1.800571765,0.001067051,0.000701841,-0.000845168,0.000651374,0.000701841,,0,
1786043824013109003,1786043824.011756559,/novatel/oem7/odom,/novatel/oem7/fix,/novatel/oem7/odom,39.663,-75.756,-1.800571765,0.001066939,0.000702012,0.000606392,-0.000877865,0.000702012,,,
1786043824016382089,1786043824.015600665,/novatel/oem7/odom,/novatel/oem7/fix,/novatel/oem7/odom,39.663,-75.756,-1.800571765,0.001066939,0.000702012,0.000606392,-0.000877865,0.000702012,,,
1786043824025615729,1786043824.024834981,/novatel/oem7/bestpos,/novatel/oem7/bestpos,/novatel/oem7/odom,39.663,-75.756,33.181724157,0.001066939,0.000702012,0.000606392,-0.000877865,0.000702012,,novatel_oem7_msgs.msg.SolutionStatus(status=0),novatel_oem7_msgs.msg.PositionOrVelocityType(type=53)
1786043824027275943,1786043824.026196295,/novatel/oem7/bestvel,/novatel/oem7/bestpos,/novatel/oem7/bestvel,39.663,-75.756,33.181724157,0.000759588,0.000564916,,,,133.356823272,novatel_oem7_msgs.msg.SolutionStatus(status=0),novatel_oem7_msgs.msg.PositionOrVelocityType(type=53)
1786043824028902039,1786043824.026670213,/novatel/oem7/inspva,/novatel/oem7/inspva,/novatel/oem7/inspva,39.663,-75.756,-1.800566690,0.000883521,0.000746335,-0.000719892,0.000512216,0.000746335,,novatel_oem7_msgs.msg.InertialSolutionStatus(status=3),
1786043824029865762,1786043824.026884652,/novatel/oem7/fix,/novatel/oem7/fix,/novatel/oem7/inspva,39.663,-75.756,-1.800566690,0.000883521,0.000746335,-0.000719892,0.000512216,0.000746335,,0,
1786043824031017947,1786043824.027383570,/novatel/oem7/odom,/novatel/oem7/fix,/novatel/oem7/odom,39.663,-75.756,-1.800566690,0.000883538,0.000746314,0.000473354,-0.000746040,0.000746314,,,
1786043824035122469,1786043824.034398168,/novatel/oem7/odom,/novatel/oem7/fix,/novatel/oem7/odom,39.663,-75.756,-1.800566690,0.000883538,0.000746314,0.000473354,-0.000746040,0.000746314,,,
1786043824047737360,1786043824.046099940,/novatel/oem7/inspva,/novatel/oem7/inspva,/novatel/oem7/inspva,39.663,-75.756,-1.800574478,0.000810081,0.000291080,-0.000807036,0.000070170,0.000291080,,novatel_oem7_msgs.msg.InertialSolutionStatus(status=3),
1786043824049504144,1786043824.046400657,/novatel/oem7/fix,/novatel/oem7/fix,/novatel/oem7/inspva,39.663,-75.756,-1.800574478,0.000810081,0.000291080,-0.000807036,0.000070170,0.000291080,,0,
1786043824050763627,1786043824.047091907,/novatel/oem7/odom,/novatel/oem7/fix,/novatel/oem7/odom,39.663,-75.756,-1.800574478,0.000810790,0.000289099,0.000029409,-0.000810256,0.000289099,,,
1786043824057726214,1786043824.056722004,/novatel/oem7/odom,/novatel/oem7/fix,/novatel/oem7/odom,39.663,-75.756,-1.800574478,0.000810790,0.000289099,0.000029409,-0.000810256,0.000289099,,,
1786043824065837063,1786043824.065011328,/novatel/oem7/inspva,/novatel/oem7/inspva,/novatel/oem7/inspva,39.663,-75.756,-1.800579426,0.000802807,0.000550270,-0.000727612,0.000339234,0.000550270,,novatel_oem7_msgs.msg.InertialSolutionStatus(status=3),
1786043824067620251,1786043824.065295591,/novatel/oem7/fix,/novatel/oem7/fix,/novatel/oem7/inspva,39.663,-75.756,-1.800579426,0.000802807,0.000550270,-0.000727612,0.000339234,0.000550270,,0,
1786043824069040202,1786043824.065862057,/novatel/oem7/odom,/novatel/oem7/fix,/novatel/oem7/odom,39.663,-75.756,-1.800579426,0.000803297,0.000549555,0.000300991,-0.000744775,0.000549555,,,
1786043824075155094,1786043824.074468687,/novatel/oem7/odom,/novatel/oem7/fix,/novatel/oem7/odom,39.663,-75.756,-1.800579426,0.000803297,0.000549555,0.000300991,-0.000744775,0.000549555,,,
1786043824087411211,1786043824.086611907,/novatel/oem7/inspva,/novatel/oem7/inspva,/novatel/oem7/inspva,39.663,-75.756,-1.800583004,0.000912649,0.000677995,-0.000912566,0.000012288,0.000677995,,novatel_oem7_msgs.msg.InertialSolutionStatus(status=3),
1786043824089092708,1786043824.086827276,/novatel/oem7/fix,/novatel/oem7/fix,/novatel/oem7/inspva,39.663,-75.756,-1.800583004,0.000912649,0.000677995,-0.000912566,0.000012288,0.000677995,,0,
1786043824090292164,1786043824.087275266,/novatel/oem7/odom,/novatel/oem7/fix,/novatel/oem7/odom,39.663,-75.756,-1.800583004,0.000914506,0.000675488,-0.000035148,-0.000913830,0.000675488,,,
1786043824095411346,1786043824.094754922,/novatel/oem7/odom,/novatel/oem7/fix,/novatel/oem7/odom,39.663,-75.756,-1.800583004,0.000914506,0.000675488,-0.000035148,-0.000913830,0.000675488,,,
1786043824106349546,1786043824.105795371,/novatel/oem7/inspva,/novatel/oem7/inspva,/novatel/oem7/inspva,39.663,-75.756,-1.800588289,0.000814605,0.000640006,-0.000730474,0.000360542,0.000640006,,novatel_oem7_msgs.msg.InertialSolutionStatus(status=3),
1786043824108439797,1786043824.105959252,/novatel/oem7/fix,/novatel/oem7/fix,/novatel/oem7/inspva,39.663,-75.756,-1.800588289,0.000814605,0.000640006,-0.000730474,0.000360542,0.000640006,,0,
1786043824109872365,1786043824.106457077,/novatel/oem7/odom,/novatel/oem7/fix,/novatel/oem7/odom,39.663,-75.756,-1.800588289,0.000815113,0.000639359,0.000321763,-0.000748918,0.000639359,,,
1786043824111936873,1786043824.109254902,/novatel/oem7/bestpos,/novatel/oem7/bestpos,/novatel/oem7/odom,39.663,-75.756,33.181702108,0.000815113,0.000639359,0.000321763,-0.000748918,0.000639359,,novatel_oem7_msgs.msg.SolutionStatus(status=0),novatel_oem7_msgs.msg.PositionOrVelocityType(type=53)
1786043824112926370,1786043824.109988866,/novatel/oem7/bestvel,/novatel/oem7/bestpos,/novatel/oem7/bestvel,39.663,-75.756,33.181702108,0.000261795,0.000352875,,,,117.733809934,novatel_oem7_msgs.msg.SolutionStatus(status=0),novatel_oem7_msgs.msg.PositionOrVelocityType(type=53)
1786043824116293007,1786043824.115579023,/novatel/oem7/odom,/novatel/oem7/bestpos,/novatel/oem7/odom,39.663,-75.756,33.181702108,0.000815113,0.000639359,0.000321763,-0.000748918,0.000639359,,,
1786043824125976305,1786043824.125357422,/novatel/oem7/inspva,/novatel/oem7/inspva,/novatel/oem7/inspva,39.663,-75.756,-1.800588544,0.000967735,0.000773339,-0.000959071,0.000129204,0.000773339,,novatel_oem7_msgs.msg.InertialSolutionStatus(status=3),
1786043824127384959,1786043824.125568774,/novatel/oem7/fix,/novatel/oem7/fix,/novatel/oem7/inspva,39.663,-75.756,-1.800588544,0.000967735,0.000773339,-0.000959071,0.000129204,0.000773339,,0,
1786043824128551271,1786043824.126211050,/novatel/oem7/odom,/novatel/oem7/fix,/novatel/oem7/odom,39.663,-75.756,-1.800588544,0.000969472,0.000771160,0.000078980,-0.000966250,0.000771160,,,
1786043824136190585,1786043824.135203285,/novatel/oem7/odom,/novatel/oem7/fix,/novatel/oem7/odom,39.663,-75.756,-1.800588544,0.000969472,0.000771160,0.000078980,-0.000966250,0.000771160,,,
1786043824147198857,1786043824.146250580,/novatel/oem7/inspva,/novatel/oem7/inspva,/novatel/oem7/inspva,39.663,-75.756,-1.800592061,0.000785850,0.000731329,-0.000679873,0.000394121,0.000731329,,novatel_oem7_msgs.msg.InertialSolutionStatus(status=3),
1786043824149299354,1786043824.146503743,/novatel/oem7/fix,/novatel/oem7/fix,/novatel/oem7/inspva,39.663,-75.756,-1.800592061,0.000785850,0.000731329,-0.000679873,0.000394121,0.000731329,,0,
1786043824151002948,1786043824.147193997,/novatel/oem7/odom,/novatel/oem7/fix,/novatel/oem7/odom,39.663,-75.756,-1.800592061,0.000786194,0.000730958,0.000357421,-0.000700251,0.000730958,,,
1786043824156915205,1786043824.156017396,/novatel/oem7/odom,/novatel/oem7/fix,/novatel/oem7/odom,39.663,-75.756,-1.800592061,0.000786194,0.000730958,0.000357421,-0.000700251,0.000730958,,,
1786043824166017530,1786043824.165341710,/novatel/oem7/inspva,/novatel/oem7/inspva,/novatel/oem7/inspva,39.663,-75.756,-1.800593037,0.000991627,0.000545613,-0.000956408,0.000261928,0.000545613,,novatel_oem7_msgs.msg.InertialSolutionStatus(status=3),
1786043824167915742,1786043824.165598649,/novatel/oem7/fix,/novatel/oem7/fix,/novatel/oem7/inspva,39.663,-75.756,-1.800593037,0.000991627,0.000545613,-0.000956408,0.000261928,0.000545613,,0,
1786043824169045601,1786043824.166232045,/novatel/oem7/odom,/novatel/oem7/fix,/novatel/oem7/odom,39.663,-75.756,-1.800593037,0.000992532,0.000543964,0.000212593,-0.000969497,0.000543964,,,
1786043824177064689,1786043824.175630270,/novatel/oem7/odom,/novatel/oem7/fix,/novatel/oem7/odom,39.663,-75.756,-1.800593037,0.000992532,0.000543964,0.000212593,-0.000969497,0.000543964,,,
1786043824185804597,1786043824.185071306,/novatel/oem7/inspva,/novatel/oem7/inspva,/novatel/oem7/inspva,39.663,-75.756,-1.800595971,0.000583185,0.000388433,-0.000548834,0.000197196,0.000388433,,novatel_oem7_msgs.msg.InertialSolutionStatus(status=3),
1786043824187455437,1786043824.185296872,/novatel/oem7/fix,/novatel/oem7/fix,/novatel/oem7/inspva,39.663,-75.756,-1.800595971,0.000583185,0.000388433,-0.000548834,0.000197196,0.000388433,,0,
1786043824188641746,1786043824.185754440,/novatel/oem7/odom,/novatel/oem7/fix,/novatel/oem7/odom,39.663,-75.756,-1.800595971,0.000583697,0.000387663,0.000168533,-0.000558837,0.000387663,,,
1786043824195114141,1786043824.194352760,/novatel/oem7/odom,/novatel/oem7/fix,/novatel/oem7/odom,39.663,-75.756,-1.800595971,0.000583697,0.000387663,0.000168533,-0.000558837,0.000387663,,,
1786043824206890544,1786043824.206287261,/novatel/oem7/inspva,/novatel/oem7/inspva,/novatel/oem7/inspva,39.663,-75.756,-1.800596120,0.000493533,0.000581403,-0.000472345,-0.000143057,0.000581403,,novatel_oem7_msgs.msg.InertialSolutionStatus(status=3),
1786043824208366739,1786043824.206506543,/novatel/oem7/fix,/novatel/oem7/fix,/novatel/oem7/inspva,39.663,-75.756,-1.800596120,0.000493533,0.000581403,-0.000472345,-0.000143057,0.000581403,,0,
1786043824209510897,1786043824.207037058,/novatel/oem7/odom,/novatel/oem7/fix,/novatel/oem7/odom,39.663,-75.756,-1.800596120,0.000495742,0.000579521,-0.000168334,-0.000466287,0.000579521,,,
1786043824211132773,1786043824.210158570,/novatel/oem7/bestpos,/novatel/oem7/bestpos,/novatel/oem7/odom,39.663,-75.756,33.181702849,0.000495742,0.000579521,-0.000168334,-0.000466287,0.000579521,,novatel_oem7_msgs.msg.SolutionStatus(status=0),novatel_oem7_msgs.msg.PositionOrVelocityType(type=53)
1786043824212740046,1786043824.210620901,/novatel/oem7/bestvel,/novatel/oem7/bestpos,/novatel/oem7/bestvel,39.663,-75.756,33.181702849,0.000428460,0.000503586,,,,185.891094694,novatel_oem7_msgs.msg.SolutionStatus(status=0),novatel_oem7_msgs.msg.PositionOrVelocityType(type=53)
1786043824215344329,1786043824.214651555,/novatel/oem7/odom,/novatel/oem7/bestpos,/novatel/oem7/odom,39.663,-75.756,33.181702849,0.000495742,0.000579521,-0.000168334,-0.000466287,0.000579521,,,
1786043824225550833,1786043824.224881026,/novatel/oem7/inspva,/novatel/oem7/inspva,/novatel/oem7/inspva,39.663,-75.756,-1.800601744,0.000399968,0.000489125,-0.000395017,0.000062742,0.000489125,,novatel_oem7_msgs.msg.InertialSolutionStatus(status=3),
1786043824227054515,1786043824.225075208,/novatel/oem7/fix,/novatel/oem7/fix,/novatel/oem7/inspva,39.663,-75.756,-1.800601744,0.000399968,0.000489125,-0.000395017,0.000062742,0.000489125,,0,
1786043824228204506,1786043824.225504619,/novatel/oem7/odom,/novatel/oem7/fix,/novatel/oem7/odom,39.663,-75.756,-1.800601744,0.000401024,0.000488260,0.000041366,-0.000398885,0.000488260,,,
1786043824236108383,1786043824.235407625,/novatel/oem7/odom,/novatel/oem7/fix,/novatel/oem7/odom,39.663,-75.756,-1.800601744,0.000401024,0.000488260,0.000041366,-0.000398885,0.000488260,,,
1786043824246157474,1786043824.245372820,/novatel/oem7/inspva,/novatel/oem7/inspva,/novatel/oem7/inspva,39.663,-75.756,-1.800604980,0.000286257,0.000334897,-0.000252766,0.000134359,0.000334897,,novatel_oem7_msgs.msg.InertialSolutionStatus(status=3),
1786043824248130004,1786043824.245614966,/novatel/oem7/fix,/novatel/oem7/fix,/novatel/oem7/inspva,39.663,-75.756,-1.800604980,0.000286257,0.000334897,-0.000252766,0.000134359,0.000334897,,0,
1786043824249715347,1786043824.246274459,/novatel/oem7/odom,/novatel/oem7/fix,/novatel/oem7/odom,39.663,-75.756,-1.800604980,0.000286478,0.000334709,0.000120480,-0.000259912,0.000334709,,,
1786043824257321587,1786043824.256411532,/novatel/oem7/odom,/novatel/oem7/fix,/novatel/oem7/odom,39.663,-75.756,-1.800604980,0.000286478,0.000334709,0.000120480,-0.000259912,0.000334709,,,
1786043824266772680,1786043824.266133883,/novatel/oem7/inspva,/novatel/oem7/inspva,/novatel/oem7/inspva,39.663,-75.756,-1.800612638,0.000400964,0.000055857,-0.000391955,0.000084516,0.000055857,,novatel_oem7_msgs.msg.InertialSolutionStatus(status=3),
1786043824268317709,1786043824.266306908,/novatel/oem7/fix,/novatel/oem7/fix,/novatel/oem7/inspva,39.663,-75.756,-1.800612638,0.000400964,0.000055857,-0.000391955,0.000084516,0.000055857,,0,
1786043824269608265,1786043824.266679106,/novatel/oem7/odom,/novatel/oem7/fix,/novatel/oem7/odom,39.663,-75.756,-1.800612638,0.000401070,0.000055087,0.000065006,-0.000395767,0.000055087,,,
1786043824275339073,1786043824.274580679,/novatel/oem7/odom,/novatel/oem7/fix,/novatel/oem7/odom,39.663,-75.756,-1.800612638,0.000401070,0.000055087,0.000065006,-0.000395767,0.000055087,,,
1786043824285871553,1786043824.285100245,/novatel/oem7/inspva,/novatel/oem7/inspva,/novatel/oem7/inspva,39.663,-75.756,-1.800612203,0.000418398,0.000685753,-0.000363230,0.000207657,0.000685753,,novatel_oem7_msgs.msg.InertialSolutionStatus(status=3),
1786043824287498830,1786043824.285336638,/novatel/oem7/fix,/novatel/oem7/fix,/novatel/oem7/inspva,39.663,-75.756,-1.800612203,0.000418398,0.000685753,-0.000363230,0.000207657,0.000685753,,0,
1786043824288693402,1786043824.285843793,/novatel/oem7/odom,/novatel/oem7/fix,/novatel/oem7/odom,39.663,-75.756,-1.800612203,0.000418756,0.000685535,0.000186880,-0.000374743,0.000685535,,,
1786043824296224115,1786043824.295540064,/novatel/oem7/odom,/novatel/oem7/fix,/novatel/oem7/odom,39.663,-75.756,-1.800612203,0.000418756,0.000685535,0.000186880,-0.000374743,0.000685535,,,
1786043824306539135,1786043824.305973726,/novatel/oem7/inspva,/novatel/oem7/inspva,/novatel/oem7/inspva,39.663,-75.756,-1.800622311,0.000569925,0.000281215,-0.000552690,0.000139096,0.000281215,,novatel_oem7_msgs.msg.InertialSolutionStatus(status=3),
1786043824307927619,1786043824.306151818,/novatel/oem7/fix,/novatel/oem7/fix,/novatel/oem7/inspva,39.663,-75.756,-1.800622311,0.000569925,0.000281215,-0.000552690,0.000139096,0.000281215,,0,
1786043824309035384,1786043824.306602480,/novatel/oem7/odom,/novatel/oem7/fix,/novatel/oem7/odom,39.663,-75.756,-1.800622311,0.000570420,0.000280208,0.000110749,-0.000559566,0.000280208,,,
1786043824310636804,1786043824.309331794,/novatel/oem7/bestpos,/novatel/oem7/bestpos,/novatel/oem7/odom,39.663,-75.756,33.181679666,0.000570420,0.000280208,0.000110749,-0.000559566,0.000280208,,novatel_oem7_msgs.msg.SolutionStatus(status=0),novatel_oem7_msgs.msg.PositionOrVelocityType(type=53)
1786043824312101395,1786043824.310058385,/novatel/oem7/bestvel,/novatel/oem7/bestpos,/novatel/oem7/bestvel,39.663,-75.756,33.181679666,0.000832130,0.000468166,,,,174.058444588,novatel_oem7_msgs.msg.SolutionStatus(status=0),novatel_oem7_msgs.msg.PositionOrVelocityType(type=53)
1786043824315112512,1786043824.314463939,/novatel/oem7/odom,/novatel/oem7/bestpos,/novatel/oem7/odom,39.663,-75.756,33.181679666,0.000570420,0.000280208,0.000110749,-0.000559566,0.000280208,,,
1786043824327335336,1786043824.326568292,/novatel/oem7/inspva,/novatel/oem7/inspva,/novatel/oem7/inspva,39.663,-75.756,-1.800624311,0.000178594,0.000434193,0.000072994,-0.000162996,0.000434193,,novatel_oem7_msgs.msg.InertialSolutionStatus(status=3),
1786043824328944196,1786043824.326837604,/novatel/oem7/fix,/novatel/oem7/fix,/novatel/oem7/inspva,39.663,-75.756,-1.800624311,0.000178594,0.000434193,0.000072994,-0.000162996,0.000434193,,0,
1786043824330090318,1786043824.327569372,/novatel/oem7/odom,/novatel/oem7/fix,/novatel/oem7/odom,39.663,-75.756,-1.800624311,0.000179638,0.000433761,-0.000160963,0.000079755,0.000433761,,,
1786043824335652074,1786043824.334928126,/novatel/oem7/odom,/novatel/oem7/fix,/novatel/oem7/odom,39.663,-75.756,-1.800624311,0.000179638,0.000433761,-0.000160963,0.000079755,0.000433761,,,
1786043824345406523,1786043824.344900000,/novatel/oem7/inspva,/novatel/oem7/inspva,/novatel/oem7/inspva,39.663,-75.756,-1.800629640,0.000445154,0.000566524,-0.000440307,-0.000065511,0.000566524,,novatel_oem7_msgs.msg.InertialSolutionStatus(status=3),
1786043824346860907,1786043824.345078222,/novatel/oem7/fix,/novatel/oem7/fix,/novatel/oem7/inspva,39.663,-75.756,-1.800629640,0.000445154,0.000566524,-0.000440307,-0.000065511,0.000566524,,0,
1786043824347967275,1786043824.345449739,/novatel/oem7/odom,/novatel/oem7/fix,/novatel/oem7/odom,39.663,-75.756,-1.800629640,0.000447044,0.000565034,-0.000089255,-0.000438043,0.000565034,,,
1786043824356909495,1786043824.355672659,/novatel/oem7/odom,/novatel/oem7/fix,/novatel/oem7/odom,39.663,-75.756,-1.800629640,0.000447044,0.000565034,-0.000089255,-0.000438043,0.000565034,,,
1786043824366277170,1786043824.365402248,/novatel/oem7/inspva,/novatel/oem7/inspva,/novatel/oem7/inspva,39.663,-75.756,-1.800632325,0.000326274,0.000444459,0.000018702,0.000325737,0.000444459,,novatel_oem7_msgs.msg.InertialSolutionStatus(status=3),
1786043824368347788,1786043824.365732331,/novatel/oem7/fix,/novatel/oem7/fix,/novatel/oem7/inspva,39.663,-75.756,-1.800632325,0.000326274,0.000444459,0.000018702,0.000325737,0.000444459,,0,
1786043824369997108,1786043824.366379771,/novatel/oem7/odom,/novatel/oem7/fix,/novatel/oem7/odom,39.663,-75.756,-1.800632325,0.000324483,0.000445768,0.000324479,0.000001574,0.000445768,,,
1786043824376221530,1786043824.375305261,/novatel/oem7/odom,/novatel/oem7/fix,/novatel/oem7/odom,39.663,-75.756,-1.800632325,0.000324483,0.000445768,0.000324479,0.000001574,0.000445768,,,
1786043824386834602,1786043824.386226906,/novatel/oem7/inspva,/novatel/oem7/inspva,/novatel/oem7/inspva,39.663,-75.756,-1.800638507,0.000335346,0.000406082,-0.000334645,0.000021672,0.000406082,,novatel_oem7_msgs.msg.InertialSolutionStatus(status=3),
1786043824388275969,1786043824.386436428,/novatel/oem7/fix,/novatel/oem7/fix,/novatel/oem7/inspva,39.663,-75.756,-1.800638507,0.000335346,0.000406082,-0.000334645,0.000021672,0.000406082,,0,
1786043824389753844,1786043824.386821278,/novatel/oem7/odom,/novatel/oem7/fix,/novatel/oem7/odom,39.663,-75.756,-1.800638507,0.000336375,0.000405231,0.000003636,-0.000336355,0.000405231,,,
1786043824396144322,1786043824.394840033,/novatel/oem7/odom,/novatel/oem7/fix,/novatel/oem7/odom,39.663,-75.756,-1.800638507,0.000336375,0.000405231,0.000003636,-0.000336355,0.000405231,,,
1786043824407059296,1786043824.406446736,/novatel/oem7/inspva,/novatel/oem7/inspva,/novatel/oem7/inspva,39.663,-75.756,-1.800638128,0.000485868,0.000705029,-0.000182365,0.000450345,0.000705029,,novatel_oem7_msgs.msg.InertialSolutionStatus(status=3),
1786043824408466727,1786043824.406660892,/novatel/oem7/fix,/novatel/oem7/fix,/novatel/oem7/inspva,39.663,-75.756,-1.800638128,0.000485868,0.000705029,-0.000182365,0.000450345,0.000705029,,0,
1786043824409643112,1786043824.407045829,/novatel/oem7/odom,/novatel/oem7/fix,/novatel/oem7/odom,39.663,-75.756,-1.800638128,0.000484086,0.000706253,0.000438057,-0.000206023,0.000706253,,,
1786043824411247895,1786043824.410277609,/novatel/oem7/bestpos,/novatel/oem7/bestpos,/novatel/oem7/odom,39.663,-75.756,33.181669550,0.000484086,0.000706253,0.000438057,-0.000206023,0.000706253,,novatel_oem7_msgs.msg.SolutionStatus(status=0),novatel_oem7_msgs.msg.PositionOrVelocityType(type=53)
1786043824412724370,1786043824.410730597,/novatel/oem7/bestvel,/novatel/oem7/bestpos,/novatel/oem7/bestvel,39.663,-75.756,33.181669550,0.000424639,0.000866438,,,,137.733119886,novatel_oem7_msgs.msg.SolutionStatus(status=0),novatel_oem7_msgs.msg.PositionOrVelocityType(type=53)
1786043824416291920,1786043824.415591133,/novatel/oem7/odom,/novatel/oem7/bestpos,/novatel/oem7/odom,39.663,-75.756,33.181669550,0.000484086,0.000706253,0.000438057,-0.000206023,0.000706253,,,
1786043824426167416,1786043824.425266631,/novatel/oem7/inspva,/novatel/oem7/inspva,/novatel/oem7/inspva,39.663,-75.756,-1.800643267,0.000683056,0.000797134,-0.000556346,0.000396288,0.000797134,,novatel_oem7_msgs.msg.InertialSolutionStatus(status=3),
1786043824427854073,1786043824.425616697,/novatel/oem7/fix,/novatel/oem7/fix,/novatel/oem7/inspva,39.663,-75.756,-1.800643267,0.000683056,0.000797134,-0.000556346,0.000396288,0.000797134,,0,
1786043824429014525,1786043824.426034791,/novatel/oem7/odom,/novatel/oem7/fix,/novatel/oem7/odom,39.663,-75.756,-1.800643267,0.000683082,0.000797112,0.000365375,-0.000577149,0.000797112,,,
1786043824435189781,1786043824.434504750,/novatel/oem7/odom,/novatel/oem7/fix,/novatel/oem7/odom,39.663,-75.756,-1.800643267,0.000683082,0.000797112,0.000365375,-0.000577149,0.000797112,,,
1786043824447206433,1786043824.446567913,/novatel/oem7/inspva,/novatel/oem7/inspva,/novatel/oem7/inspva,39.663,-75.756,-1.800649433,0.000633681,0.000176157,-0.000013466,0.000633538,0.000176157,,novatel_oem7_msgs.msg.InertialSolutionStatus(status=3),
1786043824448632147,1786043824.446756051,/novatel/oem7/fix,/novatel/oem7/fix,/novatel/oem7/inspva,39.663,-75.756,-1.800649433,0.000633681,0.000176157,-0.000013466,0.000633538,0.000176157,,0,
1786043824449808999,1786043824.447199906,/novatel/oem7/odom,/novatel/oem7/fix,/novatel/oem7/odom,39.663,-75.756,-1.800649433,0.000633005,0.000178574,0.000631408,-0.000044932,0.000178574,,,
1786043824458135680,1786043824.456605948,/novatel/oem7/odom,/novatel/oem7/fix,/novatel/oem7/odom,39.663,-75.756,-1.800649433,0.000633005,0.000178574,0.000631408,-0.000044932,0.000178574,,,
1786043824465883442,1786043824.464991406,/novatel/oem7/inspva,/novatel/oem7/inspva,/novatel/oem7/inspva,39.663,-75.756,-1.800650198,0.000440881,0.000641522,-0.000292081,0.000330250,0.000641522,,novatel_oem7_msgs.msg.InertialSolutionStatus(status=3),
1786043824467884188,1786043824.465260742,/novatel/oem7/fix,/novatel/oem7/fix,/novatel/oem7/inspva,39.663,-75.756,-1.800650198,0.000440881,0.000641522,-0.000292081,0.000330250,0.000641522,,0,
1786043824469410944,1786043824.465778641,/novatel/oem7/odom,/novatel/oem7/fix,/novatel/oem7/odom,39.663,-75.756,-1.800650198,0.000440216,0.000641978,0.000312982,-0.000309568,0.000641978,,,
1786043824476410138,1786043824.475528329,/novatel/oem7/odom,/novatel/oem7/fix,/novatel/oem7/odom,39.663,-75.756,-1.800650198,0.000440216,0.000641978,0.000312982,-0.000309568,0.000641978,,,
1786043824485828484,1786043824.485240698,/novatel/oem7/inspva,/novatel/oem7/inspva,/novatel/oem7/inspva,39.663,-75.756,-1.800649320,0.000909780,0.000850512,0.000015747,0.000909644,0.000850512,,novatel_oem7_msgs.msg.InertialSolutionStatus(status=3),
1786043824487272351,1786043824.485453746,/novatel/oem7/fix,/novatel/oem7/fix,/novatel/oem7/inspva,39.663,-75.756,-1.800649320,0.000909780,0.000850512,0.000015747,0.000909644,0.000850512,,0,
1786043824488889748,1786043824.486033372,/novatel/oem7/odom,/novatel/oem7/fix,/novatel/oem7/odom,39.663,-75.756,-1.800649320,0.000906445,0.000854066,0.000905913,-0.000031034,0.000854066,,,
1786043824495995716,1786043824.494733637,/novatel/oem7/odom,/novatel/oem7/fix,/novatel/oem7/odom,39.663,-75.756,-1.800649320,0.000906445,0.000854066,0.000905913,-0.000031034,0.000854066,,,
1786043824506671231,1786043824.506000104,/novatel/oem7/inspva,/novatel/oem7/inspva,/novatel/oem7/inspva,39.663,-75.756,-1.800654354,0.000701745,0.000773534,-0.000239712,0.000659534,0.000773534,,novatel_oem7_msgs.msg.InertialSolutionStatus(status=3),
1786043824508056578,1786043824.506216266,/novatel/oem7/fix,/novatel/oem7/fix,/novatel/oem7/inspva,39.663,-75.756,-1.800654354,0.000701745,0.000773534,-0.000239712,0.000659534,0.000773534,,0,
1786043824509176863,1786043824.506692358,/novatel/oem7/odom,/novatel/oem7/fix,/novatel/oem7/odom,39.663,-75.756,-1.800654354,0.000699673,0.000775409,0.000643901,-0.000273739,0.000775409,,,
1786043824511544144,1786043824.510829913,/novatel/oem7/bestpos,/novatel/oem7/bestpos,/novatel/oem7/odom,39.663,-75.756,33.181644323,0.000699673,0.000775409,0.000643901,-0.000273739,0.000775409,,novatel_oem7_msgs.msg.SolutionStatus(status=0),novatel_oem7_msgs.msg.PositionOrVelocityType(type=53)
1786043824513042269,1786043824.511584707,/novatel/oem7/bestvel,/novatel/oem7/bestpos,/novatel/oem7/bestvel,39.663,-75.756,33.181644323,0.001053304,0.000710861,,,,112.791225365,novatel_oem7_msgs.msg.SolutionStatus(status=0),novatel_oem7_msgs.msg.PositionOrVelocityType(type=53)
1786043824515356382,1786043824.514537340,/novatel/oem7/odom,/novatel/oem7/bestpos,/novatel/oem7/odom,39.663,-75.756,33.181644323,0.000699673,0.000775409,0.000643901,-0.000273739,0.000775409,,,
1786043824526045297,1786043824.525142364,/novatel/oem7/inspva,/novatel/oem7/inspva,/novatel/oem7/inspva,39.663,-75.756,-1.800656938,0.001031416,0.000588479,-0.000145316,0.001021128,0.000588479,,novatel_oem7_msgs.msg.InertialSolutionStatus(status=3),
1786043824527812368,1786043824.525380627,/novatel/oem7/fix,/novatel/oem7/fix,/novatel/oem7/inspva,39.663,-75.756,-1.800656938,0.001031416,0.000588479,-0.000145316,0.001021128,0.000588479,,0,
1786043824529005727,1786043824.525991253,/novatel/oem7/odom,/novatel/oem7/fix,/novatel/oem7/odom,39.663,-75.756,-1.800656938,0.001029396,0.000592006,0.001010431,-0.000196684,0.000592006,,,
1786043824536150819,1786043824.535475656,/novatel/oem7/odom,/novatel/oem7/fix,/novatel/oem7/odom,39.663,-75.756,-1.800656938,0.001029396,0.000592006,0.001010431,-0.000196684,0.000592006,,,
1786043824545757266,1786043824.545082639,/novatel/oem7/inspva,/novatel/oem7/inspva,/novatel/oem7/inspva,39.663,-75.756,-1.800661637,0.000829381,0.000606611,-0.000185395,0.000808394,0.000606611,,novatel_oem7_msgs.msg.InertialSolutionStatus(status=3),
1786043824547208175,1786043824.545241798,/novatel/oem7/fix,/novatel/oem7/fix,/novatel/oem7/inspva,39.663,-75.756,-1.800661637,0.000829381,0.000606611,-0.000185395,0.000808394,0.000606611,,0,
1786043824548338406,1786043824.545766943,/novatel/oem7/odom,/novatel/oem7/fix,/novatel/oem7/odom,39.663,-75.756,-1.800661637,0.000827472,0.000609211,0.000795913,-0.000226348,0.000609211,,,
1786043824557335443,1786043824.555754054,/novatel/oem7/odom,/novatel/oem7/fix,/novatel/oem7/odom,39.663,-75.756,-1.800661637,0.000827472,0.000609211,0.000795913,-0.000226348,0.000609211,,,
1786043824567242328,1786043824.566399892,/novatel/oem7/inspva,/novatel/oem7/inspva,/novatel/oem7/inspva,39.663,-75.756,-1.800661863,0.000637945,0.000612125,0.000034978,0.000636986,0.000612125,,novatel_oem7_msgs.msg.InertialSolutionStatus(status=3),
1786043824569217114,1786043824.566674142,/novatel/oem7/fix,/novatel/oem7/fix,/novatel/oem7/inspva,39.663,-75.756,-1.800661863,0.000637945,0.000612125,0.000034978,0.000636986,0.000612125,,0,
1786043824570629502,1786043824.567480630,/novatel/oem7/odom,/novatel/oem7/fix,/novatel/oem7/odom,39.663,-75.756,-1.800661863,0.000635488,0.000614676,0.000635484,0.000002140,0.000614676,,,
1786043824576249712,1786043824.575273529,/novatel/oem7/odom,/novatel/oem7/fix,/novatel/oem7/odom,39.663,-75.756,-1.800661863,0.000635488,0.000614676,0.000635484,0.000002140,0.000614676,,,
1786043824585789448,1786043824.585155692,/novatel/oem7/inspva,/novatel/oem7/inspva,/novatel/oem7/inspva,39.663,-75.756,-1.800666019,0.000735967,0.000613164,0.000111397,0.000727487,0.000613164,,novatel_oem7_msgs.msg.InertialSolutionStatus(status=3),
1786043824587768911,1786043824.585366367,/novatel/oem7/fix,/novatel/oem7/fix,/novatel/oem7/inspva,39.663,-75.756,-1.800666019,0.000735967,0.000613164,0.000111397,0.000727487,0.000613164,,0,
1786043824589012514,1786043824.585903679,/novatel/oem7/odom,/novatel/oem7/fix,/novatel/oem7/odom,39.663,-75.756,-1.800666019,0.000733363,0.000616276,0.000729618,0.000074025,0.000616276,,,
1786043824596410079,1786043824.595664985,/novatel/oem7/odom,/novatel/oem7/fix,/novatel/oem7/odom,39.663,-75.756,-1.800666019,0.000733363,0.000616276,0.000729618,0.000074025,0.000616276,,,
1786043824607097641,1786043824.606480898,/novatel/oem7/inspva,/novatel/oem7/inspva,/novatel/oem7/inspva,39.663,-75.756,-1.800664786,0.000894121,0.000815792,-0.000143022,0.000882608,0.000815792,,novatel_oem7_msgs.msg.InertialSolutionStatus(status=3),
1786043824608569816,1786043824.606703730,/novatel/oem7/fix,/novatel/oem7/fix,/novatel/oem7/inspva,39.663,-75.756,-1.800664786,0.000894121,0.000815792,-0.000143022,0.000882608,0.000815792,,0,
1786043824609709893,1786043824.607080527,/novatel/oem7/odom,/novatel/oem7/fix,/novatel/oem7/odom,39.663,-75.756,-1.800664786,0.000891378,0.000818788,0.000871282,-0.000188209,0.000818788,,,
1786043824611555039,1786043824.610457728,/novatel/oem7/bestpos,/novatel/oem7/bestpos,/novatel/oem7/odom,39.663,-75.756,33.181642803,0.000891378,0.000818788,0.000871282,-0.000188209,0.000818788,,novatel_oem7_msgs.msg.SolutionStatus(status=0),novatel_oem7_msgs.msg.PositionOrVelocityType(type=53)
1786043824613267356,1786043824.610873849,/novatel/oem7/bestvel,/novatel/oem7/bestpos,/novatel/oem7/bestvel,39.663,-75.756,33.181642803,0.000991630,0.000983241,,,,116.195043297,novatel_oem7_msgs.msg.SolutionStatus(status=0),novatel_oem7_msgs.msg.PositionOrVelocityType(type=53)
1786043824616132372,1786043824.614806092,/novatel/oem7/odom,/novatel/oem7/bestpos,/novatel/oem7/odom,39.663,-75.756,33.181642803,0.000891378,0.000818788,0.000871282,-0.000188209,0.000818788,,,
1786043824626996265,1786043824.626261535,/novatel/oem7/inspva,/novatel/oem7/inspva,/novatel/oem7/inspva,39.663,-75.756,-1.800666342,0.001090202,0.000951882,0.000012388,0.001090132,0.000951882,,novatel_oem7_msgs.msg.InertialSolutionStatus(status=3),
1786043824628540321,1786043824.626499307,/novatel/oem7/fix,/novatel/oem7/fix,/novatel/oem7/inspva,39.663,-75.756,-1.800666342,0.001090202,0.000951882,0.000012388,0.001090132,0.000951882,,0,
1786043824629726936,1786043824.627017035,/novatel/oem7/odom,/novatel/oem7/fix,/novatel/oem7/odom,39.663,-75.756,-1.800666342,0.001086486,0.000956122,0.001085614,-0.000043528,0.000956122,,,
1786043824636186825,1786043824.635516518,/novatel/oem7/odom,/novatel/oem7/fix,/novatel/oem7/odom,39.663,-75.756,-1.800666342,0.001086486,0.000956122,0.001085614,-0.000043528,0.000956122,,,
1786043824645766758,1786043824.645114129,/novatel/oem7/inspva,/novatel/oem7/inspva,/novatel/oem7/inspva,39.663,-75.756,-1.800667692,0.001136432,0.000477837,-0.000147851,0.001126773,0.000477837,,novatel_oem7_msgs.msg.InertialSolutionStatus(status=3),
1786043824647160673,1786043824.645451639,/novatel/oem7/fix,/novatel/oem7/fix,/novatel/oem7/inspva,39.663,-75.756,-1.800667692,0.001136432,0.000477837,-0.000147851,0.001126773,0.000477837,,0,
1786043824648365832,1786043824.645956430,/novatel/oem7/odom,/novatel/oem7/fix,/novatel/oem7/odom,39.663,-75.756,-1.800667692,0.001134771,0.000481768,0.001116260,-0.000204130,0.000481768,,,
1786043824658059717,1786043824.656709479,/novatel/oem7/odom,/novatel/oem7/fix,/novatel/oem7/odom,39.663,-75.756,-1.800667692,0.001134771,0.000481768,0.001116260,-0.000204130,0.000481768,,,
1786043824666088054,1786043824.665121391,/novatel/oem7/inspva,/novatel/oem7/inspva,/novatel/oem7/inspva,39.663,-75.756,-1.800667235,0.001229724,0.000455355,0.000056911,0.001228407,0.000455355,,novatel_oem7_msgs.msg.InertialSolutionStatus(status=3),
1786043824668131725,1786043824.665492558,/novatel/oem7/fix,/novatel/oem7/fix,/novatel/oem7/inspva,39.663,-75.756,-1.800667235,0.001229724,0.000455355,0.000056911,0.001228407,0.000455355,,0,
1786043824669769121,1786043824.666236223,/novatel/oem7/odom,/novatel/oem7/fix,/novatel/oem7/odom,39.663,-75.756,-1.800667235,0.001227901,0.000460249,0.001227892,-0.000004545,0.000460249,,,
1786043824675345441,1786043824.674508003,/novatel/oem7/odom,/novatel/oem7/fix,/novatel/oem7/odom,39.663,-75.756,-1.800667235,0.001227901,0.000460249,0.001227892,-0.000004545,0.000460249,,,
1786043824687213058,1786043824.686242702,/novatel/oem7/inspva,/novatel/oem7/inspva,/novatel/oem7/inspva,39.663,-75.756,-1.800663585,0.001047222,0.000600511,-0.000191319,0.001029597,0.000600511,,novatel_oem7_msgs.msg.InertialSolutionStatus(status=3),
1786043824689551348,1786043824.686510711,/novatel/oem7/fix,/novatel/oem7/fix,/novatel/oem7/inspva,39.663,-75.756,-1.800663585,0.001047222,0.000600511,-0.000191319,0.001029597,0.000600511,,0,
1786043824691317943,1786043824.687081667,/novatel/oem7/odom,/novatel/oem7/fix,/novatel/oem7/odom,39.663,-75.756,-1.800663585,0.001045251,0.000603935,0.001016583,-0.000243122,0.000603935,,,
1786043824695765224,1786043824.695040924,/novatel/oem7/odom,/novatel/oem7/fix,/novatel/oem7/odom,39.663,-75.756,-1.800663585,0.001045251,0.000603935,0.001016583,-0.000243122,0.000603935,,,
1786043824706323251,1786043824.705795206,/novatel/oem7/inspva,/novatel/oem7/inspva,/novatel/oem7/inspva,39.663,-75.756,-1.800664820,0.001029835,0.000786447,0.000068094,0.001027582,0.000786447,,novatel_oem7_msgs.msg.InertialSolutionStatus(status=3),
1786043824707744656,1786043824.706006905,/novatel/oem7/fix,/novatel/oem7/fix,/novatel/oem7/inspva,39.663,-75.756,-1.800664820,0.001029835,0.000786447,0.000068094,0.001027582,0.000786447,,0,
1786043824709068459,1786043824.706540297,/novatel/oem7/odom,/novatel/oem7/fix,/novatel/oem7/odom,39.663,-75.756,-1.800664820,0.001026657,0.000790592,0.001026539,0.000015590,0.000790592,,,
1786043824710866774,1786043824.709262805,/novatel/oem7/bestpos,/novatel/oem7/bestpos,/novatel/oem7/odom,39.663,-75.756,33.181631057,0.001026657,0.000790592,0.001026539,0.000015590,0.000790592,,novatel_oem7_msgs.msg.SolutionStatus(status=0),novatel_oem7_msgs.msg.PositionOrVelocityType(type=53)
1786043824712445273,1786043824.709640769,/novatel/oem7/bestvel,/novatel/oem7/bestpos,/novatel/oem7/bestvel,39.663,-75.756,33.181631057,0.001160707,0.000611020,,,,75.875521166,novatel_oem7_msgs.msg.SolutionStatus(status=0),novatel_oem7_msgs.msg.PositionOrVelocityType(type=53)
1786043824716253792,1786043824.715496708,/novatel/oem7/odom,/novatel/oem7/bestpos,/novatel/oem7/odom,39.663,-75.756,33.181631057,0.001026657,0.000790592,0.001026539,0.000015590,0.000790592,,,
1786043824727128586,1786043824.726457482,/novatel/oem7/inspva,/novatel/oem7/inspva,/novatel/oem7/inspva,39.663,-75.756,-1.800666871,0.001419848,0.000300005,-0.000300246,0.001387740,0.000300005,,novatel_oem7_msgs.msg.InertialSolutionStatus(status=3),
1786043824728652481,1786043824.726652934,/novatel/oem7/fix,/novatel/oem7/fix,/novatel/oem7/inspva,39.663,-75.756,-1.800666871,0.001419848,0.000300005,-0.000300246,0.001387740,0.000300005,,0,
1786043824729799059,1786043824.727172299,/novatel/oem7/odom,/novatel/oem7/fix,/novatel/oem7/odom,39.663,-75.756,-1.800666871,0.001418886,0.000304521,0.001370149,-0.000368686,0.000304521,,,
1786043824735287401,1786043824.734613264,/novatel/oem7/odom,/novatel/oem7/fix,/novatel/oem7/odom,39.663,-75.756,-1.800666871,0.001418886,0.000304521,0.001370149,-0.000368686,0.000304521,,,
1786043824747000070,1786043824.745924889,/novatel/oem7/inspva,/novatel/oem7/inspva,/novatel/oem7/inspva,39.663,-75.756,-1.800667304,0.001434393,0.000427849,0.000267614,0.001409208,0.000427849,,novatel_oem7_msgs.msg.InertialSolutionStatus(status=3),
1786043824748721150,1786043824.746118108,/novatel/oem7/fix,/novatel/oem7/fix,/novatel/oem7/inspva,39.663,-75.756,-1.800667304,0.001434393,0.000427849,0.000267614,0.001409208,0.000427849,,0,
1786043824750109928,1786043824.746523572,/novatel/oem7/odom,/novatel/oem7/fix,/novatel/oem7/odom,39.663,-75.756,-1.800667304,0.001432532,0.000434040,0.001418907,0.000197102,0.000434040,,,
1786043824757128082,1786043824.755991534,/novatel/oem7/odom,/novatel/oem7/fix,/novatel/oem7/odom,39.663,-75.756,-1.800667304,0.001432532,0.000434040,0.001418907,0.000197102,0.000434040,,,
1786043824766165077,1786043824.765360496,/novatel/oem7/inspva,/novatel/oem7/inspva,/novatel/oem7/inspva,39.663,-75.756,-1.800667490,0.001626072,0.000386631,-0.000444454,0.001564152,0.000386631,,novatel_oem7_msgs.msg.InertialSolutionStatus(status=3),
1786043824768109950,1786043824.765638655,/novatel/oem7/fix,/novatel/oem7/fix,/novatel/oem7/inspva,39.663,-75.756,-1.800667490,0.001626072,0.000386631,-0.000444454,0.001564152,0.000386631,,0,
1786043824769655762,1786043824.766230421,/novatel/oem7/odom,/novatel/oem7/fix,/novatel/oem7/odom,39.663,-75.756,-1.800667490,0.001624928,0.000391410,0.001538937,-0.000521599,0.000391410,,,
1786043824776144528,1786043824.775467485,/novatel/oem7/odom,/novatel/oem7/fix,/novatel/oem7/odom,39.663,-75.756,-1.800667490,0.001624928,0.000391410,0.001538937,-0.000521599,0.000391410,,,
1786043824787191033,1786043824.785942537,/novatel/oem7/inspva,/novatel/oem7/inspva,/novatel/oem7/inspva,39.663,-75.756,-1.800670005,0.001701999,0.000277551,-0.000019046,0.001701892,0.000277551,,novatel_oem7_msgs.msg.InertialSolutionStatus(status=3),
1786043824790050579,1786043824.786169039,/novatel/oem7/fix,/novatel/oem7/fix,/novatel/oem7/inspva,39.663,-75.756,-1.800670005,0.001701999,0.000277551,-0.000019046,0.001701892,0.000277551,,0,
1786043824791325491,1786043824.786736762,/novatel/oem7/odom,/novatel/oem7/fix,/novatel/oem7/odom,39.663,-75.756,-1.800670005,0.001700925,0.000284057,0.001697794,-0.000103155,0.000284057,,,
1786043824795024246,1786043824.794323239,/novatel/oem7/odom,/novatel/oem7/fix,/novatel/oem7/odom,39.663,-75.756,-1.800670005,0.001700925,0.000284057,0.001697794,-0.000103155,0.000284057,,,
1786043824806303823,1786043824.805706164,/novatel/oem7/inspva,/novatel/oem7/inspva,/novatel/oem7/inspva,39.663,-75.756,-1.800667816,0.001786558,0.000370380,-0.000278111,0.001764778,0.000370380,,novatel_oem7_msgs.msg.InertialSolutionStatus(status=3),
1786043824807720851,1786043824.805926659,/novatel/oem7/fix,/novatel/oem7/fix,/novatel/oem7/inspva,39.663,-75.756,-1.800667816,0.001786558,0.000370380,-0.000278111,0.001764778,0.000370380,,0,
1786043824808829582,1786043824.806609470,/novatel/oem7/odom,/novatel/oem7/fix,/novatel/oem7/odom,39.663,-75.756,-1.800667816,0.001785297,0.000376409,0.001747539,-0.000365229,0.000376409,,,
1786043824811032905,1786043824.810323611,/novatel/oem7/bestpos,/novatel/oem7/bestpos,/novatel/oem7/odom,39.663,-75.756,33.181623860,0.001785297,0.000376409,0.001747539,-0.000365229,0.000376409,,novatel_oem7_msgs.msg.SolutionStatus(status=0),novatel_oem7_msgs.msg.PositionOrVelocityType(type=53)
1786043824812527873,1786043824.810862419,/novatel/oem7/bestvel,/novatel/oem7/bestpos,/novatel/oem7/bestvel,39.663,-75.756,33.181623860,0.001961847,0.000412000,,,,103.956220192,novatel_oem7_msgs.msg.SolutionStatus(status=0),novatel_oem7_msgs.msg.PositionOrVelocityType(type=53)
1786043824815994981,1786043824.815205320,/novatel/oem7/odom,/novatel/oem7/bestpos,/novatel/oem7/odom,39.663,-75.756,33.181623860,0.001785297,0.000376409,0.001747539,-0.000365229,0.000376409,,,
1786043824826141844,1786043824.825085117,/novatel/oem7/inspva,/novatel/oem7/inspva,/novatel/oem7/inspva,39.663,-75.756,-1.800668681,0.001991936,0.000553078,-0.000055238,0.001991170,0.000553078,,novatel_oem7_msgs.msg.InertialSolutionStatus(status=3),
1786043824828285252,1786043824.825398233,/novatel/oem7/fix,/novatel/oem7/fix,/novatel/oem7/inspva,39.663,-75.756,-1.800668681,0.001991936,0.000553078,-0.000055238,0.001991170,0.000553078,,0,
1786043824829918836,1786043824.826125324,/novatel/oem7/odom,/novatel/oem7/fix,/novatel/oem7/odom,39.663,-75.756,-1.800668681,0.001989829,0.000560611,0.001983846,-0.000154198,0.000560611,,,
1786043824835488692,1786043824.834626150,/novatel/oem7/odom,/novatel/oem7/fix,/novatel/oem7/odom,39.663,-75.756,-1.800668681,0.001989829,0.000560611,0.001983846,-0.000154198,0.000560611,,,
1786043824847277192,1786043824.846649525,/novatel/oem7/inspva,/novatel/oem7/inspva,/novatel/oem7/inspva,39.663,-75.756,-1.800669404,0.001999428,0.000283483,-0.000329863,0.001972030,0.000283483,,novatel_oem7_msgs.msg.InertialSolutionStatus(status=3),
1786043824848897064,1786043824.846856930,/novatel/oem7/fix,/novatel/oem7/fix,/novatel/oem7/inspva,39.663,-75.756,-1.800669404,0.001999428,0.000283483,-0.000329863,0.001972030,0.000283483,,0,
1786043824850140117,1786043824.847617755,/novatel/oem7/odom,/novatel/oem7/fix,/novatel/oem7/odom,39.663,-75.756,-1.800669404,0.001998464,0.000290199,0.001952341,-0.000426875,0.000290199,,,
1786043824858693620,1786043824.856605122,/novatel/oem7/odom,/novatel/oem7/fix,/novatel/oem7/odom,39.663,-75.756,-1.800669404,0.001998464,0.000290199,0.001952341,-0.000426875,0.000290199,,,
1786043824865811345,1786043824.865126745,/novatel/oem7/inspva,/novatel/oem7/inspva,/novatel/oem7/inspva,39.663,-75.756,-1.800669895,0.002181132,0.000197433,0.000122394,0.002177695,0.000197433,,novatel_oem7_msgs.msg.InertialSolutionStatus(status=3),
1786043824867649148,1786043824.865365281,/novatel/oem7/fix,/novatel/oem7/fix,/novatel/oem7/inspva,39.663,-75.756,-1.800669895,0.002181132,0.000197433,0.000122394,0.002177695,0.000197433,,0,
1786043824869023415,1786043824.865849885,/novatel/oem7/odom,/novatel/oem7/fix,/novatel/oem7/odom,39.663,-75.756,-1.800669895,0.002180321,0.000206190,0.002180270,0.000014985,0.000206190,,,
1786043824876173774,1786043824.875526044,/novatel/oem7/odom,/novatel/oem7/fix,/novatel/oem7/odom,39.663,-75.756,-1.800669895,0.002180321,0.000206190,0.002180270,0.000014985,0.000206190,,,
1786043824886355510,1786043824.885329490,/novatel/oem7/inspva,/novatel/oem7/inspva,/novatel/oem7/inspva,39.663,-75.756,-1.800666259,0.001692008,0.000457898,-0.000417770,0.001639621,0.000457898,,novatel_oem7_msgs.msg.InertialSolutionStatus(status=3),
1786043824888598446,1786043824.885529419,/novatel/oem7/fix,/novatel/oem7/fix,/novatel/oem7/inspva,39.663,-75.756,-1.800666259,0.001692008,0.000457898,-0.000417770,0.001639621,0.000457898,,0,
1786043824889731121,1786043824.886080713,/novatel/oem7/odom,/novatel/oem7/fix,/novatel/oem7/odom,39.663,-75.756,-1.800666259,0.001690603,0.000463058,0.001615329,-0.000498847,0.000463058,,,
1786043824894918967,1786043824.894238397,/novatel/oem7/odom,/novatel/oem7/fix,/novatel/oem7/odom,39.663,-75.756,-1.800666259,0.001690603,0.000463058,0.001615329,-0.000498847,0.000463058,,,
1786043824906615878,1786043824.905825600,/novatel/oem7/inspva,/novatel/oem7/inspva,/novatel/oem7/inspva,39.663,-75.756,-1.800667180,0.001948022,0.000467644,-0.000288830,0.001926491,0.000467644,,novatel_oem7_msgs.msg.InertialSolutionStatus(status=3),
1786043824908393570,1786043824.906039696,/novatel/oem7/fix,/novatel/oem7/fix,/novatel/oem7/inspva,39.663,-75.756,-1.800667180,0.001948022,0.000467644,-0.000288830,0.001926491,0.000467644,,0,
1786043824910221402,1786043824.909273369,/novatel/oem7/bestpos,/novatel/oem7/bestpos,/novatel/oem7/inspva,39.663,-75.756,33.181631419,0.001948022,0.000467644,-0.000288830,0.001926491,0.000467644,,novatel_oem7_msgs.msg.SolutionStatus(status=0),novatel_oem7_msgs.msg.PositionOrVelocityType(type=53)
1786043824911752214,1786043824.908009729,/novatel/oem7/odom,/novatel/oem7/bestpos,/novatel/oem7/odom,39.663,-75.756,33.181631419,0.001946417,0.000474281,0.001908134,-0.000384143,0.000474281,,,
1786043824913766451,1786043824.910002739,/novatel/oem7/bestvel,/novatel/oem7/bestpos,/novatel/oem7/bestvel,39.663,-75.756,33.181631419,0.001669483,0.000709926,,,,104.873828786,novatel_oem7_msgs.msg.SolutionStatus(status=0),novatel_oem7_msgs.msg.PositionOrVelocityType(type=53)
1786043824915936370,1786043824.914437524,/novatel/oem7/odom,/novatel/oem7/bestpos,/novatel/oem7/odom,39.663,-75.756,33.181631419,0.001946417,0.000474281,0.001908134,-0.000384143,0.000474281,,,
1786043824925768266,1786043824.925015804,/novatel/oem7/inspva,/novatel/oem7/inspva,/novatel/oem7/inspva,39.663,-75.756,-1.800667654,0.001838060,0.000229720,-0.000223504,0.001824421,0.000229720,,novatel_oem7_msgs.msg.InertialSolutionStatus(status=3),
1786043824927658058,1786043824.925295341,/novatel/oem7/fix,/novatel/oem7/fix,/novatel/oem7/inspva,39.663,-75.756,-1.800667654,0.001838060,0.000229720,-0.000223504,0.001824421,0.000229720,,0,
1786043824929026815,1786043824.925742446,/novatel/oem7/odom,/novatel/oem7/fix,/novatel/oem7/odom,39.663,-75.756,-1.800667654,0.001837241,0.000236180,0.001810338,-0.000313263,0.000236180,,,
1786043824936300586,1786043824.935290502,/novatel/oem7/odom,/novatel/oem7/fix,/novatel/oem7/odom,39.663,-75.756,-1.800667654,0.001837241,0.000236180,0.001810338,-0.000313263,0.000236180,,,
1786043824946011037,1786043824.944974036,/novatel/oem7/inspva,/novatel/oem7/inspva,/novatel/oem7/inspva,39.663,-75.756,-1.800667114,0.001765439,0.000377689,-0.000236269,0.001749558,0.000377689,,novatel_oem7_msgs.msg.InertialSolutionStatus(status=3),
1786043824948303104,1786043824.945389144,/novatel/oem7/fix,/novatel/oem7/fix,/novatel/oem7/inspva,39.663,-75.756,-1.800667114,0.001765439,0.000377689,-0.000236269,0.001749558,0.000377689,,0,
1786043824950046095,1786043824.946048241,/novatel/oem7/odom,/novatel/oem7/fix,/novatel/oem7/odom,39.663,-75.756,-1.800667114,0.001764122,0.000383794,0.001734351,-0.000322729,0.000383794,,,
1786043824956724875,1786043824.955777903,/novatel/oem7/odom,/novatel/oem7/fix,/novatel/oem7/odom,39.663,-75.756,-1.800667114,0.001764122,0.000383794,0.001734351,-0.000322729,0.000383794,,,
1786043824967056520,1786043824.966464058,/novatel/oem7/inspva,/novatel/oem7/inspva,/novatel/oem7/inspva,39.663,-75.756,-1.800659951,0.001965550,0.000745525,-0.000192457,0.001956105,0.000745525,,novatel_oem7_msgs.msg.InertialSolutionStatus(status=3),
1786043824968657860,1786043824.966677896,/novatel/oem7/fix,/novatel/oem7/fix,/novatel/oem7/inspva,39.663,-75.756,-1.800659951,0.001965550,0.000745525,-0.000192457,0.001956105,0.000745525,,0,
1786043824970002377,1786043824.967044260,/novatel/oem7/odom,/novatel/oem7/fix,/novatel/oem7/odom,39.663,-75.756,-1.800659951,0.001962865,0.000752566,0.001941315,-0.000290056,0.000752566,,,
1786043824975981757,1786043824.974784328,/novatel/oem7/odom,/novatel/oem7/fix,/novatel/oem7/odom,39.663,-75.756,-1.800659951,0.001962865,0.000752566,0.001941315,-0.000290056,0.000752566,,,
1786043824985835277,1786043824.985012519,/novatel/oem7/inspva,/novatel/oem7/inspva,/novatel/oem7/inspva,39.663,-75.756,-1.800660396,0.001744708,0.000663709,-0.000008096,0.001744689,0.000663709,,novatel_oem7_msgs.msg.InertialSolutionStatus(status=3),
1786043824987652755,1786043824.985306252,/novatel/oem7/fix,/novatel/oem7/fix,/novatel/oem7/inspva,39.663,-75.756,-1.800660396,0.001744708,0.000663709,-0.000008096,0.001744689,0.000663709,,0,
1786043824989070420,1786043824.985732136,/novatel/oem7/odom,/novatel/oem7/fix,/novatel/oem7/odom,39.663,-75.756,-1.800660396,0.001742131,0.000670444,0.001739520,-0.000095336,0.000670444,,,
1786043824996265389,1786043824.995456297,/novatel/oem7/odom,/novatel/oem7/fix,/novatel/oem7/odom,39.663,-75.756,-1.800660396,0.001742131,0.000670444,0.001739520,-0.000095336,0.000670444,,,
1786043825010658721,1786043825.009856630,/novatel/oem7/inspva,/novatel/oem7/inspva,/novatel/oem7/inspva,39.663,-75.756,-1.800657047,0.002130827,0.000389835,-0.000519048,0.002066643,0.000389835,,novatel_oem7_msgs.msg.InertialSolutionStatus(status=3),
1786043825012230264,1786043825.010117169,/novatel/oem7/fix,/novatel/oem7/fix,/novatel/oem7/inspva,39.663,-75.756,-1.800657047,0.002130827,0.000389835,-0.000519048,0.002066643,0.000389835,,0,
1786043825013379399,1786043825.011322974,/novatel/oem7/odom,/novatel/oem7/fix,/novatel/oem7/odom,39.663,-75.756,-1.800657047,0.002129617,0.000396395,0.002037137,-0.000620756,0.000396395,,,
1786043825015351413,1786043825.014645242,/novatel/oem7/odom,/novatel/oem7/fix,/novatel/oem7/odom,39.663,-75.756,-1.800657047,0.002129617,0.000396395,0.002037137,-0.000620756,0.000396395,,,
1786043825025852762,1786043825.024801424,/novatel/oem7/bestpos,/novatel/oem7/bestpos,/novatel/oem7/odom,39.663,-75.756,33.181645511,0.002129617,0.000396395,0.002037137,-0.000620756,0.000396395,,novatel_oem7_msgs.msg.SolutionStatus(status=0),novatel_oem7_msgs.msg.PositionOrVelocityType(type=53)
1786043825028045997,1786043825.026069441,/novatel/oem7/bestvel,/novatel/oem7/bestpos,/novatel/oem7/bestvel,39.663,-75.756,33.181645511,0.001950001,0.000623926,,,,111.118789473,novatel_oem7_msgs.msg.SolutionStatus(status=0),novatel_oem7_msgs.msg.PositionOrVelocityType(type=53)
1786043825029020164,1786043825.027289643,/novatel/oem7/inspva,/novatel/oem7/inspva,/novatel/oem7/inspva,39.663,-75.756,-1.800651992,0.002209914,0.000884232,-0.000452827,0.002163023,0.000884232,,novatel_oem7_msgs.msg.InertialSolutionStatus(status=3),
1786043825030366961,1786043825.027543779,/novatel/oem7/fix,/novatel/oem7/fix,/novatel/oem7/inspva,39.663,-75.756,-1.800651992,0.002209914,0.000884232,-0.000452827,0.002163023,0.000884232,,0,
1786043825031578710,1786043825.028150285,/novatel/oem7/odom,/novatel/oem7/fix,/novatel/oem7/odom,39.663,-75.756,-1.800651992,0.002207061,0.000891329,0.002134673,-0.000560617,0.000891329,,,
1786043825035062805,1786043825.034388058,/novatel/oem7/odom,/novatel/oem7/fix,/novatel/oem7/odom,39.663,-75.756,-1.800651992,0.002207061,0.000891329,0.002134673,-0.000560617,0.000891329,,,
1786043825045638942,1786043825.045045229,/novatel/oem7/inspva,/novatel/oem7/inspva,/novatel/oem7/inspva,39.663,-75.756,-1.800655869,0.001992556,0.000446349,-0.000593414,0.001902140,0.000446349,,novatel_oem7_msgs.msg.InertialSolutionStatus(status=3),
1786043825047017373,1786043825.045185831,/novatel/oem7/fix,/novatel/oem7/fix,/novatel/oem7/inspva,39.663,-75.756,-1.800655869,0.001992556,0.000446349,-0.000593414,0.001902140,0.000446349,,0,
1786043825048118754,1786043825.045584557,/novatel/oem7/odom,/novatel/oem7/fix,/novatel/oem7/odom,39.663,-75.756,-1.800655869,0.001991267,0.000452060,0.001868963,-0.000687111,0.000452060,,,
1786043825057097335,1786043825.056123538,/novatel/oem7/odom,/novatel/oem7/fix,/novatel/oem7/odom,39.663,-75.756,-1.800655869,0.001991267,0.000452060,0.001868963,-0.000687111,0.000452060,,,
1786043825065714548,1786043825.064963735,/novatel/oem7/inspva,/novatel/oem7/inspva,/novatel/oem7/inspva,39.663,-75.756,-1.800654968,0.002114638,0.000522367,-0.000372438,0.002081582,0.000522367,,novatel_oem7_msgs.msg.InertialSolutionStatus(status=3),
1786043825067652075,1786043825.065152310,/novatel/oem7/fix,/novatel/oem7/fix,/novatel/oem7/inspva,39.663,-75.756,-1.800654968,0.002114638,0.000522367,-0.000372438,0.002081582,0.000522367,,0,
1786043825068965705,1786043825.065673378,/novatel/oem7/odom,/novatel/oem7/fix,/novatel/oem7/odom,39.663,-75.756,-1.800654968,0.002112898,0.000529360,0.002058723,-0.000475392,0.000529360,,,
1786043825075695493,1786043825.074667909,/novatel/oem7/odom,/novatel/oem7/fix,/novatel/oem7/odom,39.663,-75.756,-1.800654968,0.002112898,0.000529360,0.002058723,-0.000475392,0.000529360,,,
1786043825087485173,1786043825.086698431,/novatel/oem7/inspva,/novatel/oem7/inspva,/novatel/oem7/inspva,39.663,-75.756,-1.800650602,0.001875083,0.000859237,-0.000598006,0.001777167,0.000859237,,novatel_oem7_msgs.msg.InertialSolutionStatus(status=3),
1786043825089344278,1786043825.086938897,/novatel/oem7/fix,/novatel/oem7/fix,/novatel/oem7/inspva,39.663,-75.756,-1.800650602,0.001875083,0.000859237,-0.000598006,0.001777167,0.000859237,,0,
1786043825090972774,1786043825.087650047,/novatel/oem7/odom,/novatel/oem7/fix,/novatel/oem7/odom,39.663,-75.756,-1.800650602,0.001872698,0.000864422,0.001742269,-0.000686657,0.000864422,,,
1786043825095476433,1786043825.094648548,/novatel/oem7/odom,/novatel/oem7/fix,/novatel/oem7/odom,39.663,-75.756,-1.800650602,0.001872698,0.000864422,0.001742269,-0.000686657,0.000864422,,,
1786043825106657577,1786043825.105850795,/novatel/oem7/inspva,/novatel/oem7/inspva,/novatel/oem7/inspva,39.663,-75.756,-1.800650826,0.002281257,0.000800351,-0.000578535,0.002206678,0.000800351,,novatel_oem7_msgs.msg.InertialSolutionStatus(status=3),
1786043825108215859,1786043825.106066064,/novatel/oem7/fix,/novatel/oem7/fix,/novatel/oem7/inspva,39.663,-75.756,-1.800650826,0.002281257,0.000800351,-0.000578535,0.002206678,0.000800351,,0,
1786043825109339037,1786043825.106649907,/novatel/oem7/odom,/novatel/oem7/fix,/novatel/oem7/odom,39.663,-75.756,-1.800650826,0.002278824,0.000807252,0.002172443,-0.000688134,0.000807252,,,
1786043825110972157,1786043825.109875062,/novatel/oem7/bestpos,/novatel/oem7/bestpos,/novatel/oem7/odom,39.663,-75.756,33.181689167,0.002278824,0.000807252,0.002172443,-0.000688134,0.000807252,,novatel_oem7_msgs.msg.SolutionStatus(status=0),novatel_oem7_msgs.msg.PositionOrVelocityType(type=53)
1786043825112463832,1786043825.110390628,/novatel/oem7/bestvel,/novatel/oem7/bestpos,/novatel/oem7/bestvel,39.663,-75.756,33.181689167,0.002151780,0.000748841,,,,100.897225852,novatel_oem7_msgs.msg.SolutionStatus(status=0),novatel_oem7_msgs.msg.PositionOrVelocityType(type=53)
1786043825116260304,1786043825.115583000,/novatel/oem7/odom,/novatel/oem7/bestpos,/novatel/oem7/odom,39.663,-75.756,33.181689167,0.002278824,0.000807252,0.002172443,-0.000688134,0.000807252,,,
1786043825126051659,1786043825.125335656,/novatel/oem7/inspva,/novatel/oem7/inspva,/novatel/oem7/inspva,39.663,-75.756,-1.800649264,0.001924896,0.000693254,-0.000777121,0.001761053,0.000693254,,novatel_oem7_msgs.msg.InertialSolutionStatus(status=3),
1786043825127633245,1786043825.125543958,/novatel/oem7/fix,/novatel/oem7/fix,/novatel/oem7/inspva,39.663,-75.756,-1.800649264,0.001924896,0.000693254,-0.000777121,0.001761053,0.000693254,,0,
1786043825128778724,1786043825.126052166,/novatel/oem7/odom,/novatel/oem7/fix,/novatel/oem7/odom,39.663,-75.756,-1.800649264,0.001923218,0.000697895,0.001718047,-0.000864339,0.000697895,,,
1786043825135892853,1786043825.135119501,/novatel/oem7/odom,/novatel/oem7/fix,/novatel/oem7/odom,39.663,-75.756,-1.800649264,0.001923218,0.000697895,0.001718047,-0.000864339,0.000697895,,,
1786043825146961638,1786043825.146122622,/novatel/oem7/inspva,/novatel/oem7/inspva,/novatel/oem7/inspva,39.663,-75.756,-1.800649852,0.002285574,0.000628176,-0.001020743,0.002044977,0.000628176,,novatel_oem7_msgs.msg.InertialSolutionStatus(status=3),
1786043825148800776,1786043825.146400562,/novatel/oem7/fix,/novatel/oem7/fix,/novatel/oem7/inspva,39.663,-75.756,-1.800649852,0.002285574,0.000628176,-0.001020743,0.002044977,0.000628176,,0,
1786043825150218481,1786043825.147034222,/novatel/oem7/odom,/novatel/oem7/fix,/novatel/oem7/odom,39.663,-75.756,-1.800649852,0.002284178,0.000633231,0.001989936,-0.001121438,0.000633231,,,
1786043825156584812,1786043825.155743703,/novatel/oem7/odom,/novatel/oem7/fix,/novatel/oem7/odom,39.663,-75.756,-1.800649852,0.002284178,0.000633231,0.001989936,-0.001121438,0.000633231,,,
1786043825166152145,1786043825.165240615,/novatel/oem7/inspva,/novatel/oem7/inspva,/novatel/oem7/inspva,39.663,-75.756,-1.800646209,0.001920354,0.000722544,-0.000809839,0.001741241,0.000722544,,novatel_oem7_msgs.msg.InertialSolutionStatus(status=3),
1786043825167970320,1786043825.165429618,/novatel/oem7/fix,/novatel/oem7/fix,/novatel/oem7/inspva,39.663,-75.756,-1.800646209,0.001920354,0.000722544,-0.000809839,0.001741241,0.000722544,,0,
1786043825169149249,1786043825.165958848,/novatel/oem7/odom,/novatel/oem7/fix,/novatel/oem7/odom,39.663,-75.756,-1.800646209,0.001918661,0.000727030,0.001696523,-0.000896141,0.000727030,,,
1786043825175927578,1786043825.175061322,/novatel/oem7/odom,/novatel/oem7/fix,/novatel/oem7/odom,39.663,-75.756,-1.800646209,0.001918661,0.000727030,0.001696523,-0.000896141,0.000727030,,,
1786043825185755483,1786043825.184932250,/novatel/oem7/inspva,/novatel/oem7/inspva,/novatel/oem7/inspva,39.663,-75.756,-1.800644456,0.002100435,0.000715871,-0.001052082,0.001817953,0.000715871,,novatel_oem7_msgs.msg.InertialSolutionStatus(status=3),
1786043825187662527,1786043825.185098676,/novatel/oem7/fix,/novatel/oem7/fix,/novatel/oem7/inspva,39.663,-75.756,-1.800644456,0.002100435,0.000715871,-0.001052082,0.001817953,0.000715871,,0,
1786043825189055404,1786043825.185476364,/novatel/oem7/odom,/novatel/oem7/fix,/novatel/oem7/odom,39.663,-75.756,-1.800644456,0.002099042,0.000719945,0.001761296,-0.001141847,0.000719945,,,
1786043825195083385,1786043825.194317084,/novatel/oem7/odom,/novatel/oem7/fix,/novatel/oem7/odom,39.663,-75.756,-1.800644456,0.002099042,0.000719945,0.001761296,-0.001141847,0.000719945,,,
1786043825207378762,1786043825.206476182,/novatel/oem7/inspva,/novatel/oem7/inspva,/novatel/oem7/inspva,39.663,-75.756,-1.800637936,0.001556993,0.000861941,-0.000663232,0.001408669,0.000861941,,novatel_oem7_msgs.msg.InertialSolutionStatus(status=3),
1786043825209053476,1786043825.206652736,/novatel/oem7/fix,/novatel/oem7/fix,/novatel/oem7/inspva,39.663,-75.756,-1.800637936,0.001556993,0.000861941,-0.000663232,0.001408669,0.000861941,,0,
1786043825210195101,1786043825.207154010,/novatel/oem7/odom,/novatel/oem7/fix,/novatel/oem7/odom,39.663,-75.756,-1.800637936,0.001555009,0.000865515,0.001370999,-0.000733767,0.000865515,,,
1786043825211777844,1786043825.210162719,/novatel/oem7/bestpos,/novatel/oem7/bestpos,/novatel/oem7/odom,39.663,-75.756,33.181696336,0.001555009,0.000865515,0.001370999,-0.000733767,0.000865515,,novatel_oem7_msgs.msg.SolutionStatus(status=0),novatel_oem7_msgs.msg.PositionOrVelocityType(type=53)
1786043825212741474,1786043825.210627452,/novatel/oem7/bestvel,/novatel/oem7/bestpos,/novatel/oem7/bestvel,39.663,-75.756,33.181696336,0.001629446,0.000812852,,,,113.634578597,novatel_oem7_msgs.msg.SolutionStatus(status=0),novatel_oem7_msgs.msg.PositionOrVelocityType(type=53)
1786043825215143375,1786043825.214473004,/novatel/oem7/odom,/novatel/oem7/bestpos,/novatel/oem7/odom,39.663,-75.756,33.181696336,0.001555009,0.000865515,0.001370999,-0.000733767,0.000865515,,,
1786043825225600794,1786043825.224850076,/novatel/oem7/inspva,/novatel/oem7/inspva,/novatel/oem7/inspva,39.663,-75.756,-1.800634331,0.001903547,0.000857745,-0.000889651,0.001682859,0.000857745,,novatel_oem7_msgs.msg.InertialSolutionStatus(status=3),
1786043825227169870,1786043825.224983674,/novatel/oem7/fix,/novatel/oem7/fix,/novatel/oem7/inspva,39.663,-75.756,-1.800634331,0.001903547,0.000857745,-0.000889651,0.001682859,0.000857745,,0,
1786043825228313141,1786043825.225596806,/novatel/oem7/odom,/novatel/oem7/fix,/novatel/oem7/odom,39.663,-75.756,-1.800634331,0.001901741,0.000861742,0.001633759,-0.000973371,0.000861742,,,
1786043825236529478,1786043825.235500801,/novatel/oem7/odom,/novatel/oem7/fix,/novatel/oem7/odom,39.663,-75.756,-1.800634331,0.001901741,0.000861742,0.001633759,-0.000973371,0.000861742,,,
1786043825245947353,1786043825.245175535,/novatel/oem7/inspva,/novatel/oem7/inspva,/novatel/oem7/inspva,39.663,-75.756,-1.800628575,0.001866645,0.000793187,-0.000785208,0.001693462,0.000793187,,novatel_oem7_msgs.msg.InertialSolutionStatus(status=3),
1786043825247702460,1786043825.245338452,/novatel/oem7/fix,/novatel/oem7/fix,/novatel/oem7/inspva,39.663,-75.756,-1.800628575,0.001866645,0.000793187,-0.000785208,0.001693462,0.000793187,,0,
1786043825249175602,1786043825.246160422,/novatel/oem7/odom,/novatel/oem7/fix,/novatel/oem7/odom,39.663,-75.756,-1.800628575,0.001864796,0.000797525,0.001649729,-0.000869401,0.000797525,,,
1786043825256977068,1786043825.256142980,/novatel/oem7/odom,/novatel/oem7/fix,/novatel/oem7/odom,39.663,-75.756,-1.800628575,0.001864796,0.000797525,0.001649729,-0.000869401,0.000797525,,,
1786043825267049893,1786043825.266044340,/novatel/oem7/inspva,/novatel/oem7/inspva,/novatel/oem7/inspva,39.663,-75.756,-1.800624459,0.001776425,0.000796682,-0.000790139,0.001591027,0.000796682,,novatel_oem7_msgs.msg.InertialSolutionStatus(status=3),
1786043825269303436,1786043825.266215567,/novatel/oem7/fix,/novatel/oem7/fix,/novatel/oem7/inspva,39.663,-75.756,-1.800624459,0.001776425,0.000796682,-0.000790139,0.001591027,0.000796682,,0,
1786043825270528162,1786043825.266885645,/novatel/oem7/odom,/novatel/oem7/fix,/novatel/oem7/odom,39.663,-75.756,-1.800624459,0.001774665,0.000800596,0.001547169,-0.000869312,0.000800596,,,
1786043825275385151,1786043825.274547949,/novatel/oem7/odom,/novatel/oem7/fix,/novatel/oem7/odom,39.663,-75.756,-1.800624459,0.001774665,0.000800596,0.001547169,-0.000869312,0.000800596,,,
1786043825286120306,1786043825.285315048,/novatel/oem7/inspva,/novatel/oem7/inspva,/novatel/oem7/inspva,39.663,-75.756,-1.800619046,0.001807703,0.000579488,-0.000836461,0.001602537,0.000579488,,novatel_oem7_msgs.msg.InertialSolutionStatus(status=3),
1786043825287936548,1786043825.285568244,/novatel/oem7/fix,/novatel/oem7/fix,/novatel/oem7/inspva,39.663,-75.756,-1.800619046,0.001807703,0.000579488,-0.000836461,0.001602537,0.000579488,,0,
1786043825289367266,1786043825.286189467,/novatel/oem7/odom,/novatel/oem7/fix,/novatel/oem7/odom,39.663,-75.756,-1.800619046,0.001806472,0.000583313,0.001557272,-0.000915557,0.000583313,,,
1786043825297208679,1786043825.295646236,/novatel/oem7/odom,/novatel/oem7/fix,/novatel/oem7/odom,39.663,-75.756,-1.800619046,0.001806472,0.000583313,0.001557272,-0.000915557,0.000583313,,,
1786043825307194963,1786043825.305980054,/novatel/oem7/inspva,/novatel/oem7/inspva,/novatel/oem7/inspva,39.663,-75.756,-1.800615692,0.001819495,0.000582434,-0.000975092,0.001536150,0.000582434,,novatel_oem7_msgs.msg.InertialSolutionStatus(status=3),
1786043825309071538,1786043825.306310364,/novatel/oem7/fix,/novatel/oem7/fix,/novatel/oem7/inspva,39.663,-75.756,-1.800615692,0.001819495,0.000582434,-0.000975092,0.001536150,0.000582434,,0,
1786043825310516956,1786043825.306997364,/novatel/oem7/odom,/novatel/oem7/fix,/novatel/oem7/odom,39.663,-75.756,-1.800615692,0.001818470,0.000585625,0.001484151,-0.001050776,0.000585625,,,
1786043825312370265,1786043825.309506946,/novatel/oem7/bestpos,/novatel/oem7/bestpos,/novatel/oem7/odom,39.663,-75.756,33.181729177,0.001818470,0.000585625,0.001484151,-0.001050776,0.000585625,,novatel_oem7_msgs.msg.SolutionStatus(status=0),novatel_oem7_msgs.msg.PositionOrVelocityType(type=53)
1786043825313586311,1786043825.310234477,/novatel/oem7/bestvel,/novatel/oem7/bestpos,/novatel/oem7/bestvel,39.663,-75.756,33.181729177,0.002071684,0.000932531,,,,136.034984919,novatel_oem7_msgs.msg.SolutionStatus(status=0),novatel_oem7_msgs.msg.PositionOrVelocityType(type=53)
1786043825315516677,1786043825.314617968,/novatel/oem7/odom,/novatel/oem7/bestpos,/novatel/oem7/odom,39.663,-75.756,33.181729177,0.001818470,0.000585625,0.001484151,-0.001050776,0.000585625,,,
1786043825328481582,1786043825.327159192,/novatel/oem7/inspva,/novatel/oem7/inspva,/novatel/oem7/inspva,39.663,-75.756,-1.800608817,0.001757224,0.000881881,-0.000646631,0.001633923,0.000881881,,novatel_oem7_msgs.msg.InertialSolutionStatus(status=3),
1786043825331312957,1786043825.327371657,/novatel/oem7/fix,/novatel/oem7/fix,/novatel/oem7/inspva,39.663,-75.756,-1.800608817,0.001757224,0.000881881,-0.000646631,0.001633923,0.000881881,,0,
1786043825333458589,1786043825.327915822,/novatel/oem7/odom,/novatel/oem7/fix,/novatel/oem7/odom,39.663,-75.756,-1.800608817,0.001754969,0.000886359,0.001596722,-0.000728283,0.000886359,,,
1786043825335443599,1786043825.334726478,/novatel/oem7/odom,/novatel/oem7/fix,/novatel/oem7/odom,39.663,-75.756,-1.800608817,0.001754969,0.000886359,0.001596722,-0.000728283,0.000886359,,,
1786043825345636832,1786043825.345029926,/novatel/oem7/inspva,/novatel/oem7/inspva,/novatel/oem7/inspva,39.663,-75.756,-1.800607716,0.001761088,0.000595227,-0.000747360,0.001594642,0.000595227,,novatel_oem7_msgs.msg.InertialSolutionStatus(status=3),
1786043825346958182,1786043825.345251082,/novatel/oem7/fix,/novatel/oem7/fix,/novatel/oem7/inspva,39.663,-75.756,-1.800607716,0.001761088,0.000595227,-0.000747360,0.001594642,0.000595227,,0,
1786043825348003139,1786043825.345614945,/novatel/oem7/odom,/novatel/oem7/fix,/novatel/oem7/odom,39.663,-75.756,-1.800607716,0.001759719,0.000599262,0.001553694,-0.000826224,0.000599262,,,
1786043825356753921,1786043825.355864402,/novatel/oem7/odom,/novatel/oem7/fix,/novatel/oem7/odom,39.663,-75.756,-1.800607716,0.001759719,0.000599262,0.001553694,-0.000826224,0.000599262,,,
1786043825365989441,1786043825.365353775,/novatel/oem7/inspva,/novatel/oem7/inspva,/novatel/oem7/inspva,39.663,-75.756,-1.800597560,0.002136383,0.001006554,-0.000648869,0.002035461,0.001006554,,novatel_oem7_msgs.msg.InertialSolutionStatus(status=3),
1786043825367377852,1786043825.365599614,/novatel/oem7/fix,/novatel/oem7/fix,/novatel/oem7/inspva,39.663,-75.756,-1.800597560,0.002136383,0.001006554,-0.000648869,0.002035461,0.001006554,,0,
1786043825368488597,1786043825.366079726,/novatel/oem7/odom,/novatel/oem7/fix,/novatel/oem7/odom,39.663,-75.756,-1.800597560,0.002133547,0.001012553,0.001997176,-0.000750540,0.001012553,,,
1786043825375271622,1786043825.374593659,/novatel/oem7/odom,/novatel/oem7/fix,/novatel/oem7/odom,39.663,-75.756,-1.800597560,0.002133547,0.001012553,0.001997176,-0.000750540,0.001012553,,,
1786043825386593380,1786043825.385994327,/novatel/oem7/inspva,/novatel/oem7/inspva,/novatel/oem7/inspva,39.663,-75.756,-1.800594935,0.001840489,0.000875603,-0.000708083,0.001698829,0.000875603,,novatel_oem7_msgs.msg.InertialSolutionStatus(status=3),
1786043825387956280,1786043825.386165816,/novatel/oem7/fix,/novatel/oem7/fix,/novatel/oem7/inspva,39.663,-75.756,-1.800594935,0.001840489,0.000875603,-0.000708083,0.001698829,0.000875603,,0,
1786043825389008908,1786043825.386589013,/novatel/oem7/odom,/novatel/oem7/fix,/novatel/oem7/odom,39.663,-75.756,-1.800594935,0.001838315,0.000880158,0.001658564,-0.000792823,0.000880158,,,
1786043825395479893,1786043825.394563747,/novatel/oem7/odom,/novatel/oem7/fix,/novatel/oem7/odom,39.663,-75.756,-1.800594935,0.001838315,0.000880158,0.001658564,-0.000792823,0.000880158,,,
1786043825406903196,1786043825.406327486,/novatel/oem7/inspva,/novatel/oem7/inspva,/novatel/oem7/inspva,39.663,-75.756,-1.800589070,0.001845124,0.000651454,-0.000670383,0.001719031,0.000651454,,novatel_oem7_msgs.msg.InertialSolutionStatus(status=3),
1786043825408274893,1786043825.406536238,/novatel/oem7/fix,/novatel/oem7/fix,/novatel/oem7/inspva,39.663,-75.756,-1.800589070,0.001845124,0.000651454,-0.000670383,0.001719031,0.000651454,,0,
1786043825409345277,1786043825.406954969,/novatel/oem7/odom,/novatel/oem7/fix,/novatel/oem7/odom,39.663,-75.756,-1.800589070,0.001843452,0.000656170,0.001681491,-0.000755580,0.000656170,,,
1786043825410956547,1786043825.410004940,/novatel/oem7/bestpos,/novatel/oem7/bestpos,/novatel/oem7/odom,39.663,-75.756,33.181761230,0.001843452,0.000656170,0.001681491,-0.000755580,0.000656170,,novatel_oem7_msgs.msg.SolutionStatus(status=0),novatel_oem7_msgs.msg.PositionOrVelocityType(type=53)
1786043825412369314,1786043825.410319513,/novatel/oem7/bestvel,/novatel/oem7/bestpos,/novatel/oem7/bestvel,39.663,-75.756,33.181761230,0.001844674,0.000688722,,,,112.881642179,novatel_oem7_msgs.msg.SolutionStatus(status=0),novatel_oem7_msgs.msg.PositionOrVelocityType(type=53)
1786043825416158639,1786043825.415482286,/novatel/oem7/odom,/novatel/oem7/bestpos,/novatel/oem7/odom,39.663,-75.756,33.181761230,0.001843452,0.000656170,0.001681491,-0.000755580,0.000656170,,,
1786043825426404383,1786043825.425056132,/novatel/oem7/inspva,/novatel/oem7/inspva,/novatel/oem7/inspva,39.663,-75.756,-1.800585040,0.001860329,0.000467839,-0.000738136,0.001707624,0.000467839,,novatel_oem7_msgs.msg.InertialSolutionStatus(status=3),
1786043825427821120,1786043825.425312265,/novatel/oem7/fix,/novatel/oem7/fix,/novatel/oem7/inspva,39.663,-75.756,-1.800585040,0.001860329,0.000467839,-0.000738136,0.001707624,0.000467839,,0,
1786043825428881841,1786043825.425872574,/novatel/oem7/odom,/novatel/oem7/fix,/novatel/oem7/odom,39.663,-75.756,-1.800585040,0.001843449,0.000656176,0.001681489,-0.000755581,0.000656176,,,
1786043825435071647,1786043825.434367417,/novatel/oem7/odom,/novatel/oem7/fix,/novatel/oem7/odom,39.663,-75.756,-1.800585040,0.001859193,0.000472333,0.001667499,-0.000822219,0.000472333,,,
1786043825447064275,1786043825.446527263,/novatel/oem7/inspva,/novatel/oem7/inspva,/novatel/oem7/inspva,39.663,-75.756,-1.800574815,0.001674455,0.001093831,-0.000471246,0.001606775,0.001093831,,novatel_oem7_msgs.msg.InertialSolutionStatus(status=3),
1786043825448414229,1786043825.446721629,/novatel/oem7/fix,/novatel/oem7/fix,/novatel/oem7/inspva,39.663,-75.756,-1.800574815,0.001674455,0.001093831,-0.000471246,0.001606775,0.001093831,,0,
1786043825449534490,1786043825.447074679,/novatel/oem7/odom,/novatel/oem7/fix,/novatel/oem7/odom,39.663,-75.756,-1.800574815,0.001671272,0.001098687,0.001577366,-0.000552328,0.001098687,,,
1786043825457623462,1786043825.456887692,/novatel/oem7/odom,/novatel/oem7/fix,/novatel/oem7/odom,39.663,-75.756,-1.800574815,0.001671272,0.001098687,0.001577366,-0.000552328,0.001098687,,,
1786043825465388134,1786043825.464851108,/novatel/oem7/inspva,/novatel/oem7/inspva,/novatel/oem7/inspva,39.663,-75.756,-1.800575552,0.001721923,0.000591018,-0.000581411,0.001620796,0.000591018,,novatel_oem7_msgs.msg.InertialSolutionStatus(status=3),
1786043825466820548,1786043825.465029530,/novatel/oem7/fix,/novatel/oem7/fix,/novatel/oem7/inspva,39.663,-75.756,-1.800575552,0.001721923,0.000591018,-0.000581411,0.001620796,0.000591018,,0,
1786043825467883079,1786043825.465470542,/novatel/oem7/odom,/novatel/oem7/fix,/novatel/oem7/odom,39.663,-75.756,-1.800575552,0.001720338,0.000595614,0.001587969,-0.000661755,0.000595614,,,
1786043825476081466,1786043825.475407269,/novatel/oem7/odom,/novatel/oem7/fix,/novatel/oem7/odom,39.663,-75.756,-1.800575552,0.001720338,0.000595614,0.001587969,-0.000661755,0.000595614,,,
1786043825485847705,1786043825.485281379,/novatel/oem7/inspva,/novatel/oem7/inspva,/novatel/oem7/inspva,39.663,-75.756,-1.800570850,0.001799297,0.000570409,-0.000423087,0.001748848,0.000570409,,novatel_oem7_msgs.msg.InertialSolutionStatus(status=3),
1786043825487237712,1786043825.485485607,/novatel/oem7/fix,/novatel/oem7/fix,/novatel/oem7/inspva,39.663,-75.756,-1.800570850,0.001799297,0.000570409,-0.000423087,0.001748848,0.000570409,,0,
1786043825488314866,1786043825.486146814,/novatel/oem7/odom,/novatel/oem7/fix,/novatel/oem7/odom,39.663,-75.756,-1.800570850,0.001797539,0.000575926,0.001723707,-0.000509884,0.000575926,,,
1786043825495501412,1786043825.494808402,/novatel/oem7/odom,/novatel/oem7/fix,/novatel/oem7/odom,39.663,-75.756,-1.800570850,0.001797539,0.000575926,0.001723707,-0.000509884,0.000575926,,,
1786043825506380599,1786043825.506001595,/novatel/oem7/inspva,/novatel/oem7/inspva,/novatel/oem7/inspva,39.663,-75.756,-1.800571605,0.001387421,0.000600970,-0.000616067,0.001243141,0.000600970,,novatel_oem7_msgs.msg.InertialSolutionStatus(status=3),
1786043825507022798,1786043825.506173830,/novatel/oem7/fix,/novatel/oem7/fix,/novatel/oem7/inspva,39.663,-75.756,-1.800571605,0.001387421,0.000600970,-0.000616067,0.001243141,0.000600970,,0,
1786043825507555176,1786043825.506549336,/novatel/oem7/odom,/novatel/oem7/fix,/novatel/oem7/odom,39.663,-75.756,-1.800571605,0.001386099,0.000604014,0.001209025,-0.000677886,0.000604014,,,
1786043825511256211,1786043825.510943365,/novatel/oem7/bestpos,/novatel/oem7/bestpos,/novatel/oem7/odom,39.663,-75.756,33.181778127,0.001386099,0.000604014,0.001209025,-0.000677886,0.000604014,,novatel_oem7_msgs.msg.SolutionStatus(status=0),novatel_oem7_msgs.msg.PositionOrVelocityType(type=53)
1786043825511936580,1786043825.511555308,/novatel/oem7/bestvel,/novatel/oem7/bestpos,/novatel/oem7/bestvel,39.663,-75.756,33.181778127,0.001434802,0.000538998,,,,113.551114051,novatel_oem7_msgs.msg.SolutionStatus(status=0),novatel_oem7_msgs.msg.PositionOrVelocityType(type=53)
1786043825514757454,1786043825.514390550,/novatel/oem7/odom,/novatel/oem7/bestpos,/novatel/oem7/odom,39.663,-75.756,33.181778127,0.001386099,0.000604014,0.001209025,-0.000677886,0.000604014,,,
1786043825526509786,1786043825.525272474,/novatel/oem7/inspva,/novatel/oem7/inspva,/novatel/oem7/inspva,39.663,-75.756,-1.800571882,0.001873630,0.000280893,-0.000779776,0.001703655,0.000280893,,novatel_oem7_msgs.msg.InertialSolutionStatus(status=3),
1786043825528100799,1786043825.525414616,/novatel/oem7/fix,/novatel/oem7/fix,/novatel/oem7/inspva,39.663,-75.756,-1.800571882,0.001873630,0.000280893,-0.000779776,0.001703655,0.000280893,,0,
1786043825529345735,1786043825.526191119,/novatel/oem7/odom,/novatel/oem7/fix,/novatel/oem7/odom,39.663,-75.756,-1.800571882,0.001872975,0.000285226,0.001662213,-0.000863182,0.000285226,,,
1786043825536338012,1786043825.535603635,/novatel/oem7/odom,/novatel/oem7/fix,/novatel/oem7/odom,39.663,-75.756,-1.800571882,0.001872975,0.000285226,0.001662213,-0.000863182,0.000285226,,,
1786043825545822222,1786043825.545177571,/novatel/oem7/inspva,/novatel/oem7/inspva,/novatel/oem7/inspva,39.663,-75.756,-1.800570108,0.001443676,0.000561565,-0.000945350,0.001091107,0.000561565,,novatel_oem7_msgs.msg.InertialSolutionStatus(status=3),
1786043825547320967,1786043825.545363687,/novatel/oem7/fix,/novatel/oem7/fix,/novatel/oem7/inspva,39.663,-75.756,-1.800570108,0.001443676,0.000561565,-0.000945350,0.001091107,0.000561565,,0,
1786043825548519092,1786043825.545788324,/novatel/oem7/odom,/novatel/oem7/fix,/novatel/oem7/odom,39.663,-75.756,-1.800570108,0.001443077,0.000563103,0.001041174,-0.000999214,0.000563103,,,
1786043825556356971,1786043825.555615254,/novatel/oem7/odom,/novatel/oem7/fix,/novatel/oem7/odom,39.663,-75.756,-1.800570108,0.001443077,0.000563103,0.001041174,-0.000999214,0.000563103,,,
1786043825567989626,1786043825.566981540,/novatel/oem7/inspva,/novatel/oem7/inspva,/novatel/oem7/inspva,39.663,-75.756,-1.800568579,0.001624981,0.000464403,-0.000757412,0.001437668,0.000464403,,novatel_oem7_msgs.msg.InertialSolutionStatus(status=3),
1786043825569907006,1786043825.567913169,/novatel/oem7/fix,/novatel/oem7/fix,/novatel/oem7/inspva,39.663,-75.756,-1.800568579,0.001624981,0.000464403,-0.000757412,0.001437668,0.000464403,,0,
1786043825571720374,1786043825.568767047,/novatel/oem7/odom,/novatel/oem7/fix,/novatel/oem7/odom,39.663,-75.756,-1.800568579,0.001624012,0.000467779,0.001396921,-0.000828268,0.000467779,,,
1786043825576527109,1786043825.575619353,/novatel/oem7/odom,/novatel/oem7/fix,/novatel/oem7/odom,39.663,-75.756,-1.800568579,0.001624012,0.000467779,0.001396921,-0.000828268,0.000467779,,,
1786043825585835807,1786043825.585186291,/novatel/oem7/inspva,/novatel/oem7/inspva,/novatel/oem7/inspva,39.663,-75.756,-1.800563083,0.001418964,0.001026383,-0.001021652,0.000984727,0.001026383,,novatel_oem7_msgs.msg.InertialSolutionStatus(status=3),
1786043825587369772,1786043825.585366074,/novatel/oem7/fix,/novatel/oem7/fix,/novatel/oem7/inspva,39.663,-75.756,-1.800563083,0.001418964,0.001026383,-0.001021652,0.000984727,0.001026383,,0,
1786043825588605531,1786043825.585779426,/novatel/oem7/odom,/novatel/oem7/fix,/novatel/oem7/odom,39.663,-75.756,-1.800563083,0.001418301,0.001027299,0.000929342,-0.001071402,0.001027299,,,
1786043825597113984,1786043825.595880235,/novatel/oem7/odom,/novatel/oem7/fix,/novatel/oem7/odom,39.663,-75.756,-1.800563083,0.001418301,0.001027299,0.000929342,-0.001071402,0.001027299,,,
1786043825607709391,1786043825.606664605,/novatel/oem7/inspva,/novatel/oem7/inspva,/novatel/oem7/inspva,39.663,-75.756,-1.800560951,0.001780236,0.000493423,-0.000898555,0.001536828,0.000493423,,novatel_oem7_msgs.msg.InertialSolutionStatus(status=3),
1786043825609661821,1786043825.607624594,/novatel/oem7/fix,/novatel/oem7/fix,/novatel/oem7/inspva,39.663,-75.756,-1.800560951,0.001780236,0.000493423,-0.000898555,0.001536828,0.000493423,,0,
1786043825611182276,1786043825.608760259,/novatel/oem7/odom,/novatel/oem7/fix,/novatel/oem7/odom,39.663,-75.756,-1.800560951,0.001779304,0.000496771,0.001488920,-0.000974188,0.000496771,,,
1786043825613474890,1786043825.610384968,/novatel/oem7/bestpos,/novatel/oem7/bestpos,/novatel/oem7/odom,39.663,-75.756,33.181798870,0.001779304,0.000496771,0.001488920,-0.000974188,0.000496771,,novatel_oem7_msgs.msg.SolutionStatus(status=0),novatel_oem7_msgs.msg.PositionOrVelocityType(type=53)
1786043825614781216,1786043825.611091449,/novatel/oem7/bestvel,/novatel/oem7/bestpos,/novatel/oem7/bestvel,39.663,-75.756,33.181798870,0.001609514,0.000741636,,,,130.588194451,novatel_oem7_msgs.msg.SolutionStatus(status=0),novatel_oem7_msgs.msg.PositionOrVelocityType(type=53)
1786043825616412542,1786043825.614552937,/novatel/oem7/odom,/novatel/oem7/bestpos,/novatel/oem7/odom,39.663,-75.756,33.181798870,0.001779304,0.000496771,0.001488920,-0.000974188,0.000496771,,,
1786043825627133685,1786043825.626044727,/novatel/oem7/inspva,/novatel/oem7/inspva,/novatel/oem7/inspva,39.663,-75.756,-1.800553924,0.001283014,0.000747694,-0.000903739,0.000910704,0.000747694,,novatel_oem7_msgs.msg.InertialSolutionStatus(status=3),
1786043825629511899,1786043825.626300949,/novatel/oem7/fix,/novatel/oem7/fix,/novatel/oem7/inspva,39.663,-75.756,-1.800553924,0.001283014,0.000747694,-0.000903739,0.000910704,0.000747694,,0,
1786043825631218016,1786043825.626974253,/novatel/oem7/odom,/novatel/oem7/fix,/novatel/oem7/odom,39.663,-75.756,-1.800553924,0.001282454,0.000748653,0.000862303,-0.000949275,0.000748653,,,
1786043825635399905,1786043825.634429392,/novatel/oem7/odom,/novatel/oem7/fix,/novatel/oem7/odom,39.663,-75.756,-1.800553924,0.001282454,0.000748653,0.000862303,-0.000949275,0.000748653,,,
1786043825645994452,1786043825.645230234,/novatel/oem7/inspva,/novatel/oem7/inspva,/novatel/oem7/inspva,39.663,-75.756,-1.800545223,0.001763468,0.000982350,-0.001231706,0.001262029,0.000982350,,novatel_oem7_msgs.msg.InertialSolutionStatus(status=3),
1786043825647453254,1786043825.645453910,/novatel/oem7/fix,/novatel/oem7/fix,/novatel/oem7/inspva,39.663,-75.756,-1.800545223,0.001763468,0.000982350,-0.001231706,0.001262029,0.000982350,,0,
1786043825648603212,1786043825.645878448,/novatel/oem7/odom,/novatel/oem7/fix,/novatel/oem7/odom,39.663,-75.756,-1.800545223,0.001762715,0.000983700,0.001196196,-0.001294712,0.000983700,,,
1786043825657488452,1786043825.656359244,/novatel/oem7/odom,/novatel/oem7/fix,/novatel/oem7/odom,39.663,-75.756,-1.800545223,0.001762715,0.000983700,0.001196196,-0.001294712,0.000983700,,,
1786043825666133453,1786043825.665080849,/novatel/oem7/inspva,/novatel/oem7/inspva,/novatel/oem7/inspva,39.663,-75.756,-1.800540290,0.001630972,0.000888481,-0.001309944,0.000971657,0.000888481,,novatel_oem7_msgs.msg.InertialSolutionStatus(status=3),
1786043825668634588,1786043825.665360872,/novatel/oem7/fix,/novatel/oem7/fix,/novatel/oem7/inspva,39.663,-75.756,-1.800540290,0.001630972,0.000888481,-0.001309944,0.000971657,0.000888481,,0,
1786043825670473250,1786043825.666097615,/novatel/oem7/odom,/novatel/oem7/fix,/novatel/oem7/odom,39.663,-75.756,-1.800540290,0.001630948,0.000888524,0.000902702,-0.001358353,0.000888524,,,
1786043825675446917,1786043825.674435530,/novatel/oem7/odom,/novatel/oem7/fix,/novatel/oem7/odom,39.663,-75.756,-1.800540290,0.001630948,0.000888524,0.000902702,-0.001358353,0.000888524,,,
1786043825687539002,1786043825.686393908,/novatel/oem7/inspva,/novatel/oem7/inspva,/novatel/oem7/inspva,39.663,-75.756,-1.800532638,0.001230691,0.000822642,-0.001065987,0.000615039,0.000822642,,novatel_oem7_msgs.msg.InertialSolutionStatus(status=3),
1786043825689699851,1786043825.686676934,/novatel/oem7/fix,/novatel/oem7/fix,/novatel/oem7/inspva,39.663,-75.756,-1.800532638,0.001230691,0.000822642,-0.001065987,0.000615039,0.000822642,,0,
1786043825690893576,1786043825.687463815,/novatel/oem7/odom,/novatel/oem7/fix,/novatel/oem7/odom,39.663,-75.756,-1.800532638,0.001231115,0.000822007,0.000558763,-0.001097009,0.000822007,,,
1786043825695896534,1786043825.695185557,/novatel/oem7/odom,/novatel/oem7/fix,/novatel/oem7/odom,39.663,-75.756,-1.800532638,0.001231115,0.000822007,0.000558763,-0.001097009,0.000822007,,,
1786043825706438971,1786043825.705809801,/novatel/oem7/inspva,/novatel/oem7/inspva,/novatel/oem7/inspva,39.663,-75.756,-1.800528232,0.001228173,0.000719904,-0.001075640,0.000592796,0.000719904,,novatel_oem7_msgs.msg.InertialSolutionStatus(status=3),
1786043825707877762,1786043825.705965353,/novatel/oem7/fix,/novatel/oem7/fix,/novatel/oem7/inspva,39.663,-75.756,-1.800528232,0.001228173,0.000719904,-0.001075640,0.000592796,0.000719904,,0,
1786043825709021660,1786043825.706411453,/novatel/oem7/odom,/novatel/oem7/fix,/novatel/oem7/odom,39.663,-75.756,-1.800528232,0.001228614,0.000719150,0.000536462,-0.001105306,0.000719150,,,
1786043825710685774,1786043825.709489601,/novatel/oem7/bestpos,/novatel/oem7/bestpos,/novatel/oem7/odom,39.663,-75.756,33.181823932,0.001228614,0.000719150,0.000536462,-0.001105306,0.000719150,,novatel_oem7_msgs.msg.SolutionStatus(status=0),novatel_oem7_msgs.msg.PositionOrVelocityType(type=53)
1786043825712278980,1786043825.710213969,/novatel/oem7/bestvel,/novatel/oem7/bestpos,/novatel/oem7/bestvel,39.663,-75.756,33.181823932,0.001268113,0.000532335,,,,139.258098761,novatel_oem7_msgs.msg.SolutionStatus(status=0),novatel_oem7_msgs.msg.PositionOrVelocityType(type=53)
1786043825716118892,1786043825.715384094,/novatel/oem7/odom,/novatel/oem7/bestpos,/novatel/oem7/odom,39.663,-75.756,33.181823932,0.001228614,0.000719150,0.000536462,-0.001105306,0.000719150,,,
1786043825727054719,1786043825.725540491,/novatel/oem7/inspva,/novatel/oem7/inspva,/novatel/oem7/inspva,39.663,-75.756,-1.800520897,0.001460079,0.000730789,-0.001239231,0.000772099,0.000730789,,novatel_oem7_msgs.msg.InertialSolutionStatus(status=3),
1786043825729478761,1786043825.725959238,/novatel/oem7/fix,/novatel/oem7/fix,/novatel/oem7/inspva,39.663,-75.756,-1.800520897,0.001460079,0.000730789,-0.001239231,0.000772099,0.000730789,,0,
1786043825731089223,1786043825.726467453,/novatel/oem7/odom,/novatel/oem7/fix,/novatel/oem7/odom,39.663,-75.756,-1.800520897,0.001460344,0.000730259,0.000707482,-0.001277526,0.000730259,,,
1786043825736413611,1786043825.735471714,/novatel/oem7/odom,/novatel/oem7/fix,/novatel/oem7/odom,39.663,-75.756,-1.800520897,0.001460344,0.000730259,0.000707482,-0.001277526,0.000730259,,,
1786043825747059142,1786043825.746233783,/novatel/oem7/inspva,/novatel/oem7/inspva,/novatel/oem7/inspva,39.663,-75.756,-1.800514489,0.001486403,0.000830232,-0.001330650,0.000662392,0.000830232,,novatel_oem7_msgs.msg.InertialSolutionStatus(status=3),
1786043825748550217,1786043825.746434355,/novatel/oem7/fix,/novatel/oem7/fix,/novatel/oem7/inspva,39.663,-75.756,-1.800514489,0.001486403,0.000830232,-0.001330650,0.000662392,0.000830232,,0,
1786043825749700618,1786043825.746985658,/novatel/oem7/odom,/novatel/oem7/fix,/novatel/oem7/odom,39.663,-75.756,-1.800514489,0.001487074,0.000829028,0.000593032,-0.001363710,0.000829028,,,
1786043825758359676,1786043825.757079023,/novatel/oem7/odom,/novatel/oem7/fix,/novatel/oem7/odom,39.663,-75.756,-1.800514489,0.001487074,0.000829028,0.000593032,-0.001363710,0.000829028,,,
1786043825766876052,1786043825.765714211,/novatel/oem7/inspva,/novatel/oem7/inspva,/novatel/oem7/inspva,39.663,-75.756,-1.800505455,0.001781769,0.000760839,-0.001696778,0.000543731,0.000760839,,novatel_oem7_msgs.msg.InertialSolutionStatus(status=3),
1786043825768711648,1786043825.766828116,/novatel/oem7/fix,/novatel/oem7/fix,/novatel/oem7/inspva,39.663,-75.756,-1.800505455,0.001781769,0.000760839,-0.001696778,0.000543731,0.000760839,,0,
1786043825770124562,1786043825.767773844,/novatel/oem7/odom,/novatel/oem7/fix,/novatel/oem7/odom,39.663,-75.756,-1.800505455,0.001782910,0.000758160,0.000456813,-0.001723395,0.000758160,,,
1786043825776686328,1786043825.775953897,/novatel/oem7/odom,/novatel/oem7/fix,/novatel/oem7/odom,39.663,-75.756,-1.800505455,0.001782910,0.000758160,0.000456813,-0.001723395,0.000758160,,,
1786043825786107427,1786043825.785332199,/novatel/oem7/inspva,/novatel/oem7/inspva,/novatel/oem7/inspva,39.663,-75.756,-1.800495645,0.001640628,0.001082898,-0.001569761,0.000476980,0.001082898,,novatel_oem7_msgs.msg.InertialSolutionStatus(status=3),
1786043825787750284,1786043825.785544776,/novatel/oem7/fix,/novatel/oem7/fix,/novatel/oem7/inspva,39.663,-75.756,-1.800495645,0.001640628,0.001082898,-0.001569761,0.000476980,0.001082898,,0,
1786043825789007859,1786043825.786031276,/novatel/oem7/odom,/novatel/oem7/fix,/novatel/oem7/odom,39.663,-75.756,-1.800495645,0.001642331,0.001080313,0.000395113,-0.001594095,0.001080313,,,
1786043825796079528,1786043825.795061664,/novatel/oem7/odom,/novatel/oem7/fix,/novatel/oem7/odom,39.663,-75.756,-1.800495645,0.001642331,0.001080313,0.000395113,-0.001594095,0.001080313,,,
1786043825806935925,1786043825.805918293,/novatel/oem7/inspva,/novatel/oem7/inspva,/novatel/oem7/inspva,39.663,-75.756,-1.800487602,0.001587479,0.000559656,-0.001586102,0.000066099,0.000559656,,novatel_oem7_msgs.msg.InertialSolutionStatus(status=3),
1786043825808781400,1786043825.806919577,/novatel/oem7/fix,/novatel/oem7/fix,/novatel/oem7/inspva,39.663,-75.756,-1.800487602,0.001587479,0.000559656,-0.001586102,0.000066099,0.000559656,,0,
1786043825810084120,1786043825.808013339,/novatel/oem7/odom,/novatel/oem7/fix,/novatel/oem7/odom,39.663,-75.756,-1.800487602,0.001588941,0.000555491,-0.000014038,-0.001588879,0.000555491,,,
1786043825811908735,1786043825.810216517,/novatel/oem7/bestpos,/novatel/oem7/bestpos,/novatel/oem7/odom,39.663,-75.756,33.181869409,0.001588941,0.000555491,-0.000014038,-0.001588879,0.000555491,,novatel_oem7_msgs.msg.SolutionStatus(status=0),novatel_oem7_msgs.msg.PositionOrVelocityType(type=53)
1786043825812885358,1786043825.811222913,/novatel/oem7/bestvel,/novatel/oem7/bestpos,/novatel/oem7/bestvel,39.663,-75.756,33.181869409,0.001661348,0.000851834,,,,197.715774138,novatel_oem7_msgs.msg.SolutionStatus(status=0),novatel_oem7_msgs.msg.PositionOrVelocityType(type=53)
1786043825815365936,1786043825.814684089,/novatel/oem7/odom,/novatel/oem7/bestpos,/novatel/oem7/odom,39.663,-75.756,33.181869409,0.001588941,0.000555491,-0.000014038,-0.001588879,0.000555491,,,
1786043825827176783,1786043825.825658232,/novatel/oem7/inspva,/novatel/oem7/inspva,/novatel/oem7/inspva,39.663,-75.756,-1.800478053,0.001444222,0.000597586,-0.001443680,-0.000039554,0.000597586,,novatel_oem7_msgs.msg.InertialSolutionStatus(status=3),
1786043825829268191,1786043825.826882331,/novatel/oem7/fix,/novatel/oem7/fix,/novatel/oem7/inspva,39.663,-75.756,-1.800478053,0.001444222,0.000597586,-0.001443680,-0.000039554,0.000597586,,0,
1786043825830685721,1786043825.828033848,/novatel/oem7/odom,/novatel/oem7/fix,/novatel/oem7/odom,39.663,-75.756,-1.800478053,0.001445943,0.000593409,-0.000112716,-0.001441543,0.000593409,,,
1786043825836726082,1786043825.835771707,/novatel/oem7/odom,/novatel/oem7/fix,/novatel/oem7/odom,39.663,-75.756,-1.800478053,0.001445943,0.000593409,-0.000112716,-0.001441543,0.000593409,,,
1786043825847059731,1786043825.846478264,/novatel/oem7/inspva,/novatel/oem7/inspva,/novatel/oem7/inspva,39.663,-75.756,-1.800465740,0.001889575,0.000924389,-0.001884615,0.000136825,0.000924389,,novatel_oem7_msgs.msg.InertialSolutionStatus(status=3),
1786043825848402448,1786043825.846654881,/novatel/oem7/fix,/novatel/oem7/fix,/novatel/oem7/inspva,39.663,-75.756,-1.800465740,0.001889575,0.000924389,-0.001884615,0.000136825,0.000924389,,0,
1786043825849498315,1786043825.847123258,/novatel/oem7/odom,/novatel/oem7/fix,/novatel/oem7/odom,39.663,-75.756,-1.800465740,0.001891896,0.000919629,0.000040532,-0.001891462,0.000919629,,,
1786043825857929187,1786043825.856576453,/novatel/oem7/odom,/novatel/oem7/fix,/novatel/oem7/odom,39.663,-75.756,-1.800465740,0.001891896,0.000919629,0.000040532,-0.001891462,0.000919629,,,
1786043825866885561,1786043825.865963025,/novatel/oem7/inspva,/novatel/oem7/inspva,/novatel/oem7/inspva,39.663,-75.756,-1.800457478,0.001526554,0.000894697,-0.001518124,-0.000160202,0.000894697,,novatel_oem7_msgs.msg.InertialSolutionStatus(status=3),
1786043825868709290,1786043825.866236561,/novatel/oem7/fix,/novatel/oem7/fix,/novatel/oem7/inspva,39.663,-75.756,-1.800457478,0.001526554,0.000894697,-0.001518124,-0.000160202,0.000894697,,0,
1786043825870131621,1786043825.866734136,/novatel/oem7/odom,/novatel/oem7/fix,/novatel/oem7/odom,39.663,-75.756,-1.800457478,0.001529386,0.000889847,-0.000238030,-0.001510750,0.000889847,,,
1786043825875995764,1786043825.875307310,/novatel/oem7/odom,/novatel/oem7/fix,/novatel/oem7/odom,39.663,-75.756,-1.800457478,0.001529386,0.000889847,-0.000238030,-0.001510750,0.000889847,,,
1786043825886676958,1786043825.885399355,/novatel/oem7/inspva,/novatel/oem7/inspva,/novatel/oem7/inspva,39.663,-75.756,-1.800448341,0.002063962,0.000726239,-0.002042928,-0.000293911,0.000726239,,novatel_oem7_msgs.msg.InertialSolutionStatus(status=3),
1786043825888612031,1786043825.885737115,/novatel/oem7/fix,/novatel/oem7/fix,/novatel/oem7/inspva,39.663,-75.756,-1.800448341,0.002063962,0.000726239,-0.002042928,-0.000293911,0.000726239,,0,
1786043825890108403,1786043825.886189223,/novatel/oem7/odom,/novatel/oem7/fix,/novatel/oem7/odom,39.663,-75.756,-1.800448341,0.001529393,0.000889835,-0.000238039,-0.001510755,0.000889835,,,
1786043825896308622,1786043825.895508334,/novatel/oem7/odom,/novatel/oem7/fix,/novatel/oem7/odom,39.663,-75.756,-1.800448341,0.002066353,0.000719408,-0.000396703,-0.002027915,0.000719408,,,
1786043825907216082,1786043825.906031408,/novatel/oem7/inspva,/novatel/oem7/inspva,/novatel/oem7/inspva,39.663,-75.756,-1.800439013,0.001752573,0.000641728,-0.001722404,-0.000323781,0.000641728,,novatel_oem7_msgs.msg.InertialSolutionStatus(status=3),
1786043825907828918,1786043825.906293184,/novatel/oem7/fix,/novatel/oem7/fix,/novatel/oem7/inspva,39.663,-75.756,-1.800439013,0.001752573,0.000641728,-0.001722404,-0.000323781,0.000641728,,0,
1786043825908301792,1786043825.906663650,/novatel/oem7/odom,/novatel/oem7/fix,/novatel/oem7/odom,39.663,-75.756,-1.800439013,0.001754769,0.000635698,-0.000410482,-0.001706083,0.000635698,,,
1786043825909803475,1786043825.909293504,/novatel/oem7/bestpos,/novatel/oem7/bestpos,/novatel/oem7/odom,39.663,-75.756,33.181914895,0.001754769,0.000635698,-0.000410482,-0.001706083,0.000635698,,novatel_oem7_msgs.msg.SolutionStatus(status=0),novatel_oem7_msgs.msg.PositionOrVelocityType(type=53)
1786043825910598355,1786043825.910054938,/novatel/oem7/bestvel,/novatel/oem7/bestpos,/novatel/oem7/bestvel,39.663,-75.756,33.181914895,0.001882315,0.000803991,,,,197.052404972,novatel_oem7_msgs.msg.SolutionStatus(status=0),novatel_oem7_msgs.msg.PositionOrVelocityType(type=53)
1786043825915994135,1786043825.914474043,/novatel/oem7/odom,/novatel/oem7/bestpos,/novatel/oem7/odom,39.663,-75.756,33.181914895,0.001754769,0.000635698,-0.000410482,-0.001706083,0.000635698,,,
1786043825926665829,1786043825.926171758,/novatel/oem7/inspva,/novatel/oem7/inspva,/novatel/oem7/inspva,39.663,-75.756,-1.800422243,0.002012921,0.001100544,-0.001870956,-0.000742546,0.001100544,,novatel_oem7_msgs.msg.InertialSolutionStatus(status=3),
1786043825927455317,1786043825.926411920,/novatel/oem7/fix,/novatel/oem7/fix,/novatel/oem7/inspva,39.663,-75.756,-1.800422243,0.002012921,0.001100544,-0.001870956,-0.000742546,0.001100544,,0,
1786043825927990392,1786043825.926974763,/novatel/oem7/odom,/novatel/oem7/fix,/novatel/oem7/odom,39.663,-75.756,-1.800422243,0.002017288,0.001092520,-0.000837823,-0.001835075,0.001092520,,,
1786043825935704946,1786043825.935338191,/novatel/oem7/odom,/novatel/oem7/fix,/novatel/oem7/odom,39.663,-75.756,-1.800422243,0.002017288,0.001092520,-0.000837823,-0.001835075,0.001092520,,,
1786043825945152644,1786043825.944861127,/novatel/oem7/inspva,/novatel/oem7/inspva,/novatel/oem7/inspva,39.663,-75.756,-1.800415484,0.001490030,0.000539510,-0.001378102,-0.000566590,0.000539510,,novatel_oem7_msgs.msg.InertialSolutionStatus(status=3),
1786043825945857571,1786043825.945052153,/novatel/oem7/fix,/novatel/oem7/fix,/novatel/oem7/inspva,39.663,-75.756,-1.800415484,0.001490030,0.000539510,-0.001378102,-0.000566590,0.000539510,,0,
1786043825947229283,1786043825.945432763,/novatel/oem7/odom,/novatel/oem7/fix,/novatel/oem7/odom,39.663,-75.756,-1.800415484,0.001492178,0.000533542,-0.000635690,-0.001349997,0.000533542,,,
1786043825961035056,1786043825.955743911,/novatel/oem7/odom,/novatel/oem7/fix,/novatel/oem7/odom,39.663,-75.756,-1.800415484,0.001492178,0.000533542,-0.000635690,-0.001349997,0.000533542,,,
1786043825973980327,1786043825.966417232,/novatel/oem7/inspva,/novatel/oem7/inspva,/novatel/oem7/inspva,39.663,-75.756,-1.800396826,0.001665974,0.001296894,-0.001490838,-0.000743551,0.001296894,,novatel_oem7_msgs.msg.InertialSolutionStatus(status=3),
1786043825977497197,1786043825.966703002,/novatel/oem7/fix,/novatel/oem7/fix,/novatel/oem7/inspva,39.663,-75.756,-1.800396826,0.001665974,0.001296894,-0.001490838,-0.000743551,0.001296894,,0,
1786043825978282663,1786043825.967173863,/novatel/oem7/odom,/novatel/oem7/fix,/novatel/oem7/odom,39.663,-75.756,-1.800396826,0.001671353,0.001289954,-0.000820914,-0.001455857,0.001289954,,,
1786043825979201388,1786043825.974616538,/novatel/oem7/odom,/novatel/oem7/fix,/novatel/oem7/odom,39.663,-75.756,-1.800396826,0.001671353,0.001289954,-0.000820914,-0.001455857,0.001289954,,,
1786043825986802831,1786043825.985966313,/novatel/oem7/inspva,/novatel/oem7/inspva,/novatel/oem7/inspva,39.663,-75.756,-1.800390335,0.001536127,0.000793177,-0.001432164,-0.000555510,0.000793177,,novatel_oem7_msgs.msg.InertialSolutionStatus(status=3),
1786043825987958703,1786043825.986167509,/novatel/oem7/fix,/novatel/oem7/fix,/novatel/oem7/inspva,39.663,-75.756,-1.800390335,0.001536127,0.000793177,-0.001432164,-0.000555510,0.000793177,,0,
1786043825988592777,1786043825.986610100,/novatel/oem7/odom,/novatel/oem7/fix,/novatel/oem7/odom,39.663,-75.756,-1.800390335,0.001539243,0.000787112,-0.000628259,-0.001405191,0.000787112,,,
1786043825995918828,1786043825.995492056,/novatel/oem7/odom,/novatel/oem7/fix,/novatel/oem7/odom,39.663,-75.756,-1.800390335,0.001539243,0.000787112,-0.000628259,-0.001405191,0.000787112,,,
1786043826008689590,1786043826.008271239,/novatel/oem7/inspva,/novatel/oem7/inspva,/novatel/oem7/inspva,39.663,-75.756,-1.800374923,0.001984498,0.001012562,-0.001771879,-0.000893688,0.001012562,,novatel_oem7_msgs.msg.InertialSolutionStatus(status=3),
1786043826009809961,1786043826.008492791,/novatel/oem7/fix,/novatel/oem7/fix,/novatel/oem7/inspva,39.663,-75.756,-1.800374923,0.001984498,0.001012562,-0.001771879,-0.000893688,0.001012562,,0,
1786043826011564327,1786043826.010929663,/novatel/oem7/odom,/novatel/oem7/fix,/novatel/oem7/odom,39.663,-75.756,-1.800374923,0.001988698,0.001004287,-0.000983561,-0.001728447,0.001004287,,,
1786043826017131258,1786043826.016630073,/novatel/oem7/odom,/novatel/oem7/fix,/novatel/oem7/odom,39.663,-75.756,-1.800374923,0.001988698,0.001004287,-0.000983561,-0.001728447,0.001004287,,,
1786043826024954575,1786043826.024289441,/novatel/oem7/bestpos,/novatel/oem7/bestpos,/novatel/oem7/odom,39.663,-75.756,33.181990322,0.001988698,0.001004287,-0.000983561,-0.001728447,0.001004287,,novatel_oem7_msgs.msg.SolutionStatus(status=0),novatel_oem7_msgs.msg.PositionOrVelocityType(type=53)
1786043826026084234,1786043826.025457390,/novatel/oem7/bestvel,/novatel/oem7/bestpos,/novatel/oem7/bestvel,39.663,-75.756,33.181990322,0.001969595,0.001005516,,,,207.385467625,novatel_oem7_msgs.msg.SolutionStatus(status=0),novatel_oem7_msgs.msg.PositionOrVelocityType(type=53)
1786043826027062810,1786043826.026371256,/novatel/oem7/inspva,/novatel/oem7/inspva,/novatel/oem7/inspva,39.663,-75.756,-1.800366674,0.001656579,0.000685309,-0.001502486,-0.000697704,0.000685309,,novatel_oem7_msgs.msg.InertialSolutionStatus(status=3),
1786043826027693121,1786043826.026601014,/novatel/oem7/fix,/novatel/oem7/fix,/novatel/oem7/inspva,39.663,-75.756,-1.800366674,0.001656579,0.000685309,-0.001502486,-0.000697704,0.000685309,,0,
1786043826028779865,1786043826.026975395,/novatel/oem7/odom,/novatel/oem7/fix,/novatel/oem7/odom,39.663,-75.756,-1.800366674,0.001659374,0.000678516,-0.000773310,-0.001468166,0.000678516,,,
1786043826034951337,1786043826.034452094,/novatel/oem7/odom,/novatel/oem7/fix,/novatel/oem7/odom,39.663,-75.756,-1.800366674,0.001659374,0.000678516,-0.000773310,-0.001468166,0.000678516,,,
1786043826046143655,1786043826.045058328,/novatel/oem7/inspva,/novatel/oem7/inspva,/novatel/oem7/inspva,39.663,-75.756,-1.800367893,0.001957904,0.000800456,-0.001583107,-0.001152025,0.000800456,,novatel_oem7_msgs.msg.InertialSolutionStatus(status=3),
1786043826047724386,1786043826.045245380,/novatel/oem7/fix,/novatel/oem7/fix,/novatel/oem7/inspva,39.663,-75.756,-1.800367893,0.001957904,0.000800456,-0.001583107,-0.001152025,0.000800456,,0,
1786043826049038719,1786043826.045680497,/novatel/oem7/odom,/novatel/oem7/fix,/novatel/oem7/odom,39.663,-75.756,-1.800367893,0.001961432,0.000791771,-0.001231480,-0.001526654,0.000791771,,,
1786043826057085630,1786043826.056469397,/novatel/oem7/odom,/novatel/oem7/fix,/novatel/oem7/odom,39.663,-75.756,-1.800367893,0.001961432,0.000791771,-0.001231480,-0.001526654,0.000791771,,,
1786043826065735701,1786043826.065222589,/novatel/oem7/inspva,/novatel/oem7/inspva,/novatel/oem7/inspva,39.663,-75.756,-1.800378052,0.001726761,0.000782925,-0.001359425,-0.001064737,0.000782925,,novatel_oem7_msgs.msg.InertialSolutionStatus(status=3),
1786043826067022076,1786043826.065416261,/novatel/oem7/fix,/novatel/oem7/fix,/novatel/oem7/inspva,39.663,-75.756,-1.800378052,0.001726761,0.000782925,-0.001359425,-0.001064737,0.000782925,,0,
1786043826068065437,1786043826.065968393,/novatel/oem7/odom,/novatel/oem7/fix,/novatel/oem7/odom,39.663,-75.756,-1.800378052,0.001730251,0.000775182,-0.001133251,-0.001307482,0.000775182,,,
1786043826075282752,1786043826.074593970,/novatel/oem7/odom,/novatel/oem7/fix,/novatel/oem7/odom,39.663,-75.756,-1.800378052,0.001730251,0.000775182,-0.001133251,-0.001307482,0.000775182,,,
1786043826087099089,1786043826.086625939,/novatel/oem7/inspva,/novatel/oem7/inspva,/novatel/oem7/inspva,39.663,-75.756,-1.800386878,0.001691896,0.000640325,-0.001371700,-0.000990430,0.000640325,,novatel_oem7_msgs.msg.InertialSolutionStatus(status=3),
1786043826088238986,1786043826.086813304,/novatel/oem7/fix,/novatel/oem7/fix,/novatel/oem7/inspva,39.663,-75.756,-1.800386878,0.001691896,0.000640325,-0.001371700,-0.000990430,0.000640325,,0,
1786043826089160630,1786043826.087300743,/novatel/oem7/odom,/novatel/oem7/fix,/novatel/oem7/odom,39.663,-75.756,-1.800386878,0.001694718,0.000632818,-0.001059099,-0.001323020,0.000632818,,,
1786043826095165813,1786043826.094572029,/novatel/oem7/odom,/novatel/oem7/fix,/novatel/oem7/odom,39.663,-75.756,-1.800386878,0.001694718,0.000632818,-0.001059099,-0.001323020,0.000632818,,,
1786043826106396836,1786043826.105848190,/novatel/oem7/inspva,/novatel/oem7/inspva,/novatel/oem7/inspva,39.663,-75.756,-1.800398769,0.001697893,0.000583651,-0.001296625,-0.001096177,0.000583651,,novatel_oem7_msgs.msg.InertialSolutionStatus(status=3),
1786043826107816080,1786043826.106014592,/novatel/oem7/fix,/novatel/oem7/fix,/novatel/oem7/inspva,39.663,-75.756,-1.800398769,0.001697893,0.000583651,-0.001296625,-0.001096177,0.000583651,,0,
1786043826109090003,1786043826.106528567,/novatel/oem7/odom,/novatel/oem7/fix,/novatel/oem7/odom,39.663,-75.756,-1.800398769,0.001700514,0.000575970,-0.001160800,-0.001242696,0.000575970,,,
1786043826110736556,1786043826.109658202,/novatel/oem7/bestpos,/novatel/oem7/bestpos,/novatel/oem7/odom,39.663,-75.756,33.181941603,0.001700514,0.000575970,-0.001160800,-0.001242696,0.000575970,,novatel_oem7_msgs.msg.SolutionStatus(status=0),novatel_oem7_msgs.msg.PositionOrVelocityType(type=53)
1786043826112305276,1786043826.110468237,/novatel/oem7/bestvel,/novatel/oem7/bestpos,/novatel/oem7/bestvel,39.663,-75.756,33.181941603,0.001695956,0.000556470,,,,210.128002412,novatel_oem7_msgs.msg.SolutionStatus(status=0),novatel_oem7_msgs.msg.PositionOrVelocityType(type=53)
1786043826116118737,1786043826.115416287,/novatel/oem7/odom,/novatel/oem7/bestpos,/novatel/oem7/odom,39.663,-75.756,33.181941603,0.001700514,0.000575970,-0.001160800,-0.001242696,0.000575970,,,
1786043826125621687,1786043826.125053985,/novatel/oem7/inspva,/novatel/oem7/inspva,/novatel/oem7/inspva,39.663,-75.756,-1.800408598,0.001917684,0.000436189,-0.001393958,-0.001316963,0.000436189,,novatel_oem7_msgs.msg.InertialSolutionStatus(status=3),
1786043826127043485,1786043826.125202042,/novatel/oem7/fix,/novatel/oem7/fix,/novatel/oem7/inspva,39.663,-75.756,-1.800408598,0.001917684,0.000436189,-0.001393958,-0.001316963,0.000436189,,0,
1786043826128185043,1786043826.125668627,/novatel/oem7/odom,/novatel/oem7/fix,/novatel/oem7/odom,39.663,-75.756,-1.800408598,0.001919656,0.000427428,-0.001385540,-0.001328668,0.000427428,,,
1786043826135508017,1786043826.134778483,/novatel/oem7/odom,/novatel/oem7/fix,/novatel/oem7/odom,39.663,-75.756,-1.800408598,0.001919656,0.000427428,-0.001385540,-0.001328668,0.000427428,,,
1786043826147616223,1786043826.146024757,/novatel/oem7/inspva,/novatel/oem7/inspva,/novatel/oem7/inspva,39.663,-75.756,-1.800423521,0.001954153,0.000506622,-0.001478581,-0.001277698,0.000506622,,novatel_oem7_msgs.msg.InertialSolutionStatus(status=3),
1786043826148649807,1786043826.146328243,/novatel/oem7/fix,/novatel/oem7/fix,/novatel/oem7/inspva,39.663,-75.756,-1.800423521,0.001954153,0.000506622,-0.001478581,-0.001277698,0.000506622,,0,
1786043826150391137,1786043826.146976930,/novatel/oem7/odom,/novatel/oem7/fix,/novatel/oem7/odom,39.663,-75.756,-1.800423521,0.001919655,0.000427429,-0.001385550,-0.001328656,0.000427429,,,
1786043826156505166,1786043826.155693038,/novatel/oem7/odom,/novatel/oem7/fix,/novatel/oem7/odom,39.663,-75.756,-1.800423521,0.001956426,0.000497773,-0.001350763,-0.001415289,0.000497773,,,
1786043826165808737,1786043826.165044526,/novatel/oem7/inspva,/novatel/oem7/inspva,/novatel/oem7/inspva,39.663,-75.756,-1.800436901,0.002019314,0.000256496,-0.001199468,-0.001624471,0.000256496,,novatel_oem7_msgs.msg.InertialSolutionStatus(status=3),
1786043826167393770,1786043826.165202684,/novatel/oem7/fix,/novatel/oem7/fix,/novatel/oem7/inspva,39.663,-75.756,-1.800436901,0.002019314,0.000256496,-0.001199468,-0.001624471,0.000256496,,0,
1786043826168678256,1786043826.165605931,/novatel/oem7/odom,/novatel/oem7/fix,/novatel/oem7/odom,39.663,-75.756,-1.800436901,0.002020483,0.000247122,-0.001682428,-0.001118833,0.000247122,,,
1786043826175972993,1786043826.175143382,/novatel/oem7/odom,/novatel/oem7/fix,/novatel/oem7/odom,39.663,-75.756,-1.800436901,0.002020483,0.000247122,-0.001682428,-0.001118833,0.000247122,,,
1786043826185868294,1786043826.185099986,/novatel/oem7/inspva,/novatel/oem7/inspva,/novatel/oem7/inspva,39.663,-75.756,-1.800453403,0.002086378,0.000340838,-0.001312760,-0.001621615,0.000340838,,novatel_oem7_msgs.msg.InertialSolutionStatus(status=3),
1786043826187381799,1786043826.185252554,/novatel/oem7/fix,/novatel/oem7/fix,/novatel/oem7/inspva,39.663,-75.756,-1.800453403,0.002086378,0.000340838,-0.001312760,-0.001621615,0.000340838,,0,
1786043826188582938,1786043826.185666071,/novatel/oem7/odom,/novatel/oem7/fix,/novatel/oem7/odom,39.663,-75.756,-1.800453403,0.002087937,0.000331149,-0.001685498,-0.001232307,0.000331149,,,
1786043826195303709,1786043826.194508594,/novatel/oem7/odom,/novatel/oem7/fix,/novatel/oem7/odom,39.663,-75.756,-1.800453403,0.002087937,0.000331149,-0.001685498,-0.001232307,0.000331149,,,
1786043826207152682,1786043826.206561446,/novatel/oem7/inspva,/novatel/oem7/inspva,/novatel/oem7/inspva,39.663,-75.756,-1.800467196,0.001789697,0.000444245,-0.001006952,-0.001479549,0.000444245,,novatel_oem7_msgs.msg.InertialSolutionStatus(status=3),
1786043826208624287,1786043826.206792715,/novatel/oem7/fix,/novatel/oem7/fix,/novatel/oem7/inspva,39.663,-75.756,-1.800467196,0.001789697,0.000444245,-0.001006952,-0.001479549,0.000444245,,0,
1786043826209724872,1786043826.207226710,/novatel/oem7/odom,/novatel/oem7/fix,/novatel/oem7/odom,39.663,-75.756,-1.800467196,0.001791738,0.000435941,-0.001528972,-0.000934115,0.000435941,,,
1786043826211251230,1786043826.210170680,/novatel/oem7/bestpos,/novatel/oem7/bestpos,/novatel/oem7/odom,39.663,-75.756,33.181876414,0.001791738,0.000435941,-0.001528972,-0.000934115,0.000435941,,novatel_oem7_msgs.msg.SolutionStatus(status=0),novatel_oem7_msgs.msg.PositionOrVelocityType(type=53)
1786043826212215980,1786043826.210554143,/novatel/oem7/bestvel,/novatel/oem7/bestpos,/novatel/oem7/bestvel,39.663,-75.756,33.181876414,0.001892786,0.000523213,,,,235.534348986,novatel_oem7_msgs.msg.SolutionStatus(status=0),novatel_oem7_msgs.msg.PositionOrVelocityType(type=53)
1786043826215387295,1786043826.214735343,/novatel/oem7/odom,/novatel/oem7/bestpos,/novatel/oem7/odom,39.663,-75.756,33.181876414,0.001791738,0.000435941,-0.001528972,-0.000934115,0.000435941,,,
1786043826225846868,1786043826.225242972,/novatel/oem7/inspva,/novatel/oem7/inspva,/novatel/oem7/inspva,39.663,-75.756,-1.800486284,0.001890582,0.000355694,-0.001158085,-0.001494369,0.000355694,,novatel_oem7_msgs.msg.InertialSolutionStatus(status=3),
1786043826227256869,1786043826.225416787,/novatel/oem7/fix,/novatel/oem7/fix,/novatel/oem7/inspva,39.663,-75.756,-1.800486284,0.001890582,0.000355694,-0.001158085,-0.001494369,0.000355694,,0,
1786043826228372351,1786043826.225804801,/novatel/oem7/odom,/novatel/oem7/fix,/novatel/oem7/odom,39.663,-75.756,-1.800486284,0.001892214,0.000346904,-0.001550878,-0.001084090,0.000346904,,,
1786043826236311451,1786043826.235626900,/novatel/oem7/odom,/novatel/oem7/fix,/novatel/oem7/odom,39.663,-75.756,-1.800486284,0.001892214,0.000346904,-0.001550878,-0.001084090,0.000346904,,,
1786043826245695902,1786043826.245100453,/novatel/oem7/inspva,/novatel/oem7/inspva,/novatel/oem7/inspva,39.663,-75.756,-1.800500071,0.002029565,0.000203141,-0.001344910,-0.001519983,0.000203141,,novatel_oem7_msgs.msg.InertialSolutionStatus(status=3),
1786043826247060986,1786043826.245301928,/novatel/oem7/fix,/novatel/oem7/fix,/novatel/oem7/inspva,39.663,-75.756,-1.800500071,0.002029565,0.000203141,-0.001344910,-0.001519983,0.000203141,,0,
1786043826248188121,1786043826.245882441,/novatel/oem7/odom,/novatel/oem7/fix,/novatel/oem7/odom,39.663,-75.756,-1.800500071,0.002030482,0.000193755,-0.001585043,-0.001269053,0.000193755,,,
1786043826257090084,1786043826.256399081,/novatel/oem7/odom,/novatel/oem7/fix,/novatel/oem7/odom,39.663,-75.756,-1.800500071,0.002030482,0.000193755,-0.001585043,-0.001269053,0.000193755,,,
1786043826266587021,1786043826.266039235,/novatel/oem7/inspva,/novatel/oem7/inspva,/novatel/oem7/inspva,39.663,-75.756,-1.800518068,0.002156451,0.000468168,-0.001425932,-0.001617714,0.000468168,,novatel_oem7_msgs.msg.InertialSolutionStatus(status=3),
1786043826267977845,1786043826.266205957,/novatel/oem7/fix,/novatel/oem7/fix,/novatel/oem7/inspva,39.663,-75.756,-1.800518068,0.002156451,0.000468168,-0.001425932,-0.001617714,0.000468168,,0,
1786043826269095336,1786043826.266621164,/novatel/oem7/odom,/novatel/oem7/fix,/novatel/oem7/odom,39.663,-75.756,-1.800518068,0.002158596,0.000458175,-0.001687679,-0.001345837,0.000458175,,,
1786043826275035143,1786043826.274334196,/novatel/oem7/odom,/novatel/oem7/fix,/novatel/oem7/odom,39.663,-75.756,-1.800518068,0.002158596,0.000458175,-0.001687679,-0.001345837,0.000458175,,,
1786043826285374231,1786043826.284859876,/novatel/oem7/inspva,/novatel/oem7/inspva,/novatel/oem7/inspva,39.663,-75.756,-1.800533527,0.002023553,0.000237311,-0.000884326,-0.001820092,0.000237311,,novatel_oem7_msgs.msg.InertialSolutionStatus(status=3),
1786043826286798435,1786043826.285029360,/novatel/oem7/fix,/novatel/oem7/fix,/novatel/oem7/inspva,39.663,-75.756,-1.800533527,0.002023553,0.000237311,-0.000884326,-0.001820092,0.000237311,,0,
1786043826287883013,1786043826.285518472,/novatel/oem7/odom,/novatel/oem7/fix,/novatel/oem7/odom,39.663,-75.756,-1.800533527,0.002024617,0.000228058,-0.001862290,-0.000794324,0.000228058,,,
1786043826295794303,1786043826.295140533,/novatel/oem7/odom,/novatel/oem7/fix,/novatel/oem7/odom,39.663,-75.756,-1.800533527,0.002024617,0.000228058,-0.001862290,-0.000794324,0.000228058,,,
1786043826306361213,1786043826.305830701,/novatel/oem7/inspva,/novatel/oem7/inspva,/novatel/oem7/inspva,39.663,-75.756,-1.800549807,0.002145045,0.000289242,-0.001114555,-0.001832753,0.000289242,,novatel_oem7_msgs.msg.InertialSolutionStatus(status=3),
1786043826307788635,1786043826.306000486,/novatel/oem7/fix,/novatel/oem7/fix,/novatel/oem7/inspva,39.663,-75.756,-1.800549807,0.002145045,0.000289242,-0.001114555,-0.001832753,0.000289242,,0,
1786043826308851325,1786043826.306461097,/novatel/oem7/odom,/novatel/oem7/fix,/novatel/oem7/odom,39.663,-75.756,-1.800549807,0.002146365,0.000279279,-0.001886470,-0.001023774,0.000279279,,,
1786043826310368211,1786043826.309183765,/novatel/oem7/bestpos,/novatel/oem7/bestpos,/novatel/oem7/odom,39.663,-75.756,33.181784034,0.002146365,0.000279279,-0.001886470,-0.001023774,0.000279279,,novatel_oem7_msgs.msg.SolutionStatus(status=0),novatel_oem7_msgs.msg.PositionOrVelocityType(type=53)
1786043826311332277,1786043826.309609006,/novatel/oem7/bestvel,/novatel/oem7/bestpos,/novatel/oem7/bestvel,39.663,-75.756,33.181784034,0.001811913,0.000053861,,,,237.004993544,novatel_oem7_msgs.msg.SolutionStatus(status=0),novatel_oem7_msgs.msg.PositionOrVelocityType(type=53)
1786043826315062781,1786043826.314313574,/novatel/oem7/odom,/novatel/oem7/bestpos,/novatel/oem7/odom,39.663,-75.756,33.181784034,0.002146365,0.000279279,-0.001886470,-0.001023774,0.000279279,,,
1786043826327019715,1786043826.326496234,/novatel/oem7/inspva,/novatel/oem7/inspva,/novatel/oem7/inspva,39.663,-75.756,-1.800561815,0.002053288,0.000399564,-0.000786012,-0.001896886,0.000399564,,novatel_oem7_msgs.msg.InertialSolutionStatus(status=3),
1786043826328398966,1786043826.326708856,/novatel/oem7/fix,/novatel/oem7/fix,/novatel/oem7/inspva,39.663,-75.756,-1.800561815,0.002053288,0.000399564,-0.000786012,-0.001896886,0.000399564,,0,
1786043826329612426,1786043826.327289395,/novatel/oem7/odom,/novatel/oem7/fix,/novatel/oem7/odom,39.663,-75.756,-1.800561815,0.002055069,0.000390297,-0.001934782,-0.000692769,0.000390297,,,
1786043826335641947,1786043826.334893889,/novatel/oem7/odom,/novatel/oem7/fix,/novatel/oem7/odom,39.663,-75.756,-1.800561815,0.002055069,0.000390297,-0.001934782,-0.000692769,0.000390297,,,
1786043826345389045,1786043826.344851500,/novatel/oem7/inspva,/novatel/oem7/inspva,/novatel/oem7/inspva,39.663,-75.756,-1.800579409,0.002017501,0.000340279,-0.000989985,-0.001757908,0.000340279,,novatel_oem7_msgs.msg.InertialSolutionStatus(status=3),
1786043826346868400,1786043826.345052255,/novatel/oem7/fix,/novatel/oem7/fix,/novatel/oem7/inspva,39.663,-75.756,-1.800579409,0.002017501,0.000340279,-0.000989985,-0.001757908,0.000340279,,0,
1786043826347980925,1786043826.345457909,/novatel/oem7/odom,/novatel/oem7/fix,/novatel/oem7/odom,39.663,-75.756,-1.800579409,0.002019052,0.000330951,-0.001805781,-0.000903177,0.000330951,,,
1786043826356640819,1786043826.355918232,/novatel/oem7/odom,/novatel/oem7/fix,/novatel/oem7/odom,39.663,-75.756,-1.800579409,0.002019052,0.000330951,-0.001805781,-0.000903177,0.000330951,,,
1786043826365742211,1786043826.365187896,/novatel/oem7/inspva,/novatel/oem7/inspva,/novatel/oem7/inspva,39.663,-75.756,-1.800591872,0.001860856,0.000289150,-0.000858635,-0.001650919,0.000289150,,novatel_oem7_msgs.msg.InertialSolutionStatus(status=3),
1786043826367151962,1786043826.365386888,/novatel/oem7/fix,/novatel/oem7/fix,/novatel/oem7/inspva,39.663,-75.756,-1.800591872,0.001860856,0.000289150,-0.000858635,-0.001650919,0.000289150,,0,
1786043826368300797,1786043826.365965673,/novatel/oem7/odom,/novatel/oem7/fix,/novatel/oem7/odom,39.663,-75.756,-1.800591872,0.001862167,0.000280587,-0.001692254,-0.000777137,0.000280587,,,
1786043826375523620,1786043826.374839403,/novatel/oem7/odom,/novatel/oem7/fix,/novatel/oem7/odom,39.663,-75.756,-1.800591872,0.001862167,0.000280587,-0.001692254,-0.000777137,0.000280587,,,
1786043826386594245,1786043826.386027763,/novatel/oem7/inspva,/novatel/oem7/inspva,/novatel/oem7/inspva,39.663,-75.756,-1.800611032,0.002127071,0.000121109,-0.001013077,-0.001870323,0.000121109,,novatel_oem7_msgs.msg.InertialSolutionStatus(status=3),
1786043826387951369,1786043826.386214139,/novatel/oem7/fix,/novatel/oem7/fix,/novatel/oem7/inspva,39.663,-75.756,-1.800611032,0.002127071,0.000121109,-0.001013077,-0.001870323,0.000121109,,0,
1786043826389045733,1786043826.386655316,/novatel/oem7/odom,/novatel/oem7/fix,/novatel/oem7/odom,39.663,-75.756,-1.800611032,0.002127608,0.000111284,-0.001918341,-0.000920154,0.000111284,,,
1786043826395051298,1786043826.394309463,/novatel/oem7/odom,/novatel/oem7/fix,/novatel/oem7/odom,39.663,-75.756,-1.800611032,0.002127608,0.000111284,-0.001918341,-0.000920154,0.000111284,,,
1786043826406936974,1786043826.406357289,/novatel/oem7/inspva,/novatel/oem7/inspva,/novatel/oem7/inspva,39.663,-75.756,-1.800621988,0.001882393,0.000506681,-0.000700668,-0.001747132,0.000506681,,novatel_oem7_msgs.msg.InertialSolutionStatus(status=3),
1786043826408289462,1786043826.406575125,/novatel/oem7/fix,/novatel/oem7/fix,/novatel/oem7/inspva,39.663,-75.756,-1.800621988,0.001882393,0.000506681,-0.000700668,-0.001747132,0.000506681,,0,
1786043826409368509,1786043826.407014812,/novatel/oem7/odom,/novatel/oem7/fix,/novatel/oem7/odom,39.663,-75.756,-1.800621988,0.001884657,0.000498194,-0.001781430,-0.000615175,0.000498194,,,
1786043826410912089,1786043826.410026490,/novatel/oem7/bestpos,/novatel/oem7/bestpos,/novatel/oem7/odom,39.663,-75.756,33.181715754,0.001884657,0.000498194,-0.001781430,-0.000615175,0.000498194,,novatel_oem7_msgs.msg.SolutionStatus(status=0),novatel_oem7_msgs.msg.PositionOrVelocityType(type=53)
1786043826412386563,1786043826.410412910,/novatel/oem7/bestvel,/novatel/oem7/bestpos,/novatel/oem7/bestvel,39.663,-75.756,33.181715754,0.001939800,0.000594123,,,,243.761788178,novatel_oem7_msgs.msg.SolutionStatus(status=0),novatel_oem7_msgs.msg.PositionOrVelocityType(type=53)
1786043826416188482,1786043826.415537452,/novatel/oem7/odom,/novatel/oem7/bestpos,/novatel/oem7/odom,39.663,-75.756,33.181715754,0.001884657,0.000498194,-0.001781430,-0.000615175,0.000498194,,,
1786043826425602237,1786043826.425012264,/novatel/oem7/inspva,/novatel/oem7/inspva,/novatel/oem7/inspva,39.663,-75.756,-1.800642159,0.002248174,0.000141550,-0.000694445,-0.002138231,0.000141550,,novatel_oem7_msgs.msg.InertialSolutionStatus(status=3),
1786043826426955154,1786043826.425239327,/novatel/oem7/fix,/novatel/oem7/fix,/novatel/oem7/inspva,39.663,-75.756,-1.800642159,0.002248174,0.000141550,-0.000694445,-0.002138231,0.000141550,,0,
1786043826428019095,1786043826.425689718,/novatel/oem7/odom,/novatel/oem7/fix,/novatel/oem7/odom,39.663,-75.756,-1.800642159,0.002248779,0.000131602,-0.002170341,-0.000588749,0.000131602,,,
1786043826435196321,1786043826.434527431,/novatel/oem7/odom,/novatel/oem7/fix,/novatel/oem7/odom,39.663,-75.756,-1.800642159,0.002248779,0.000131602,-0.002170341,-0.000588749,0.000131602,,,
1786043826447253549,1786043826.446706611,/novatel/oem7/inspva,/novatel/oem7/inspva,/novatel/oem7/inspva,39.663,-75.756,-1.800654282,0.001890607,0.000235932,-0.000345488,-0.001858772,0.000235932,,novatel_oem7_msgs.msg.InertialSolutionStatus(status=3),
1786043826448665004,1786043826.446907519,/novatel/oem7/fix,/novatel/oem7/fix,/novatel/oem7/inspva,39.663,-75.756,-1.800654282,0.001890607,0.000235932,-0.000345488,-0.001858772,0.000235932,,0,
1786043826449800932,1786043826.447286710,/novatel/oem7/odom,/novatel/oem7/fix,/novatel/oem7/odom,39.663,-75.756,-1.800654282,0.001891577,0.000228024,-0.001874417,-0.000254218,0.000228024,,,
1786043826457677228,1786043826.456995075,/novatel/oem7/odom,/novatel/oem7/fix,/novatel/oem7/odom,39.663,-75.756,-1.800654282,0.001891577,0.000228024,-0.001874417,-0.000254218,0.000228024,,,
1786043826465778080,1786043826.465199738,/novatel/oem7/inspva,/novatel/oem7/inspva,/novatel/oem7/inspva,39.663,-75.756,-1.800674684,0.002159250,0.000169934,-0.000350066,-0.002130684,0.000169934,,novatel_oem7_msgs.msg.InertialSolutionStatus(status=3),
1786043826467166384,1786043826.465381180,/novatel/oem7/fix,/novatel/oem7/fix,/novatel/oem7/inspva,39.663,-75.756,-1.800674684,0.002159250,0.000169934,-0.000350066,-0.002130684,0.000169934,,0,
1786043826468254095,1786043826.465812604,/novatel/oem7/odom,/novatel/oem7/fix,/novatel/oem7/odom,39.663,-75.756,-1.800674684,0.002159934,0.000161010,-0.002145969,-0.000245222,0.000161010,,,
1786043826476242540,1786043826.475577849,/novatel/oem7/odom,/novatel/oem7/fix,/novatel/oem7/odom,39.663,-75.756,-1.800674684,0.002159934,0.000161010,-0.002145969,-0.000245222,0.000161010,,,
1786043826485922704,1786043826.485376129,/novatel/oem7/inspva,/novatel/oem7/inspva,/novatel/oem7/inspva,39.663,-75.756,-1.800687720,0.001855451,0.000420210,-0.000466413,-0.001795873,0.000420210,,novatel_oem7_msgs.msg.InertialSolutionStatus(status=3),
1786043826487278485,1786043826.485582357,/novatel/oem7/fix,/novatel/oem7/fix,/novatel/oem7/inspva,39.663,-75.756,-1.800687720,0.001855451,0.000420210,-0.000466413,-0.001795873,0.000420210,,0,
1786043826488350632,1786043826.486324398,/novatel/oem7/odom,/novatel/oem7/fix,/novatel/oem7/odom,39.663,-75.756,-1.800687720,0.001857246,0.000412206,-0.001818256,-0.000378560,0.000412206,,,
1786043826495418467,1786043826.494603586,/novatel/oem7/odom,/novatel/oem7/fix,/novatel/oem7/odom,39.663,-75.756,-1.800687720,0.001857246,0.000412206,-0.001818256,-0.000378560,0.000412206,,,
1786043826506846060,1786043826.506121435,/novatel/oem7/inspva,/novatel/oem7/inspva,/novatel/oem7/inspva,39.663,-75.756,-1.800709007,0.001810286,0.000073553,-0.000460702,-0.001750682,0.000073553,,novatel_oem7_msgs.msg.InertialSolutionStatus(status=3),
1786043826508383288,1786043826.506318797,/novatel/oem7/fix,/novatel/oem7/fix,/novatel/oem7/inspva,39.663,-75.756,-1.800709007,0.001810286,0.000073553,-0.000460702,-0.001750682,0.000073553,,0,
1786043826509589497,1786043826.506773742,/novatel/oem7/odom,/novatel/oem7/fix,/novatel/oem7/odom,39.663,-75.756,-1.800709007,0.001810587,0.000065732,-0.001771507,-0.000374149,0.000065732,,,
1786043826512101666,1786043826.511373972,/novatel/oem7/bestpos,/novatel/oem7/bestpos,/novatel/oem7/odom,39.663,-75.756,33.181629363,0.001810587,0.000065732,-0.001771507,-0.000374149,0.000065732,,novatel_oem7_msgs.msg.SolutionStatus(status=0),novatel_oem7_msgs.msg.PositionOrVelocityType(type=53)
1786043826513735316,1786043826.511849416,/novatel/oem7/bestvel,/novatel/oem7/bestpos,/novatel/oem7/bestvel,39.663,-75.756,33.181629363,0.001695075,0.000023195,,,,253.323130427,novatel_oem7_msgs.msg.SolutionStatus(status=0),novatel_oem7_msgs.msg.PositionOrVelocityType(type=53)
1786043826515550621,1786043826.514439710,/novatel/oem7/odom,/novatel/oem7/bestpos,/novatel/oem7/odom,39.663,-75.756,33.181629363,0.001810587,0.000065732,-0.001771507,-0.000374149,0.000065732,,,
1786043826525678190,1786043826.525012857,/novatel/oem7/inspva,/novatel/oem7/inspva,/novatel/oem7/inspva,39.663,-75.756,-1.800722738,0.001952038,0.000216128,-0.000341999,-0.001921846,0.000216128,,novatel_oem7_msgs.msg.InertialSolutionStatus(status=3),
1786043826527207986,1786043826.525184511,/novatel/oem7/fix,/novatel/oem7/fix,/novatel/oem7/inspva,39.663,-75.756,-1.800722738,0.001952038,0.000216128,-0.000341999,-0.001921846,0.000216128,,0,
1786043826528382478,1786043826.525709027,/novatel/oem7/odom,/novatel/oem7/fix,/novatel/oem7/odom,39.663,-75.756,-1.800722738,0.001952919,0.000208022,-0.001937166,-0.000247550,0.000208022,,,
1786043826536238690,1786043826.535416019,/novatel/oem7/odom,/novatel/oem7/fix,/novatel/oem7/odom,39.663,-75.756,-1.800722738,0.001952919,0.000208022,-0.001937166,-0.000247550,0.000208022,,,
1786043826545812137,1786043826.545044723,/novatel/oem7/inspva,/novatel/oem7/inspva,/novatel/oem7/inspva,39.663,-75.756,-1.800745063,0.001858529,0.000116774,-0.000348160,-0.001825628,0.000116774,,novatel_oem7_msgs.msg.InertialSolutionStatus(status=3),
1786043826547320736,1786043826.545220234,/novatel/oem7/fix,/novatel/oem7/fix,/novatel/oem7/inspva,39.663,-75.756,-1.800745063,0.001858529,0.000116774,-0.000348160,-0.001825628,0.000116774,,0,
1786043826548509835,1786043826.545669156,/novatel/oem7/odom,/novatel/oem7/fix,/novatel/oem7/odom,39.663,-75.756,-1.800745063,0.001859001,0.000109005,-0.001840986,-0.000258175,0.000109005,,,
1786043826556380591,1786043826.555577589,/novatel/oem7/odom,/novatel/oem7/fix,/novatel/oem7/odom,39.663,-75.756,-1.800745063,0.001859001,0.000109005,-0.001840986,-0.000258175,0.000109005,,,
1786043826567122246,1786043826.566567437,/novatel/oem7/inspva,/novatel/oem7/inspva,/novatel/oem7/inspva,39.663,-75.756,-1.800761092,0.002010605,0.000119754,-0.000162181,-0.002004053,0.000119754,,novatel_oem7_msgs.msg.InertialSolutionStatus(status=3),
1786043826568531094,1786043826.566774832,/novatel/oem7/fix,/novatel/oem7/fix,/novatel/oem7/inspva,39.663,-75.756,-1.800761092,0.002010605,0.000119754,-0.000162181,-0.002004053,0.000119754,,0,
1786043826569595461,1786043826.567302322,/novatel/oem7/odom,/novatel/oem7/fix,/novatel/oem7/odom,39.663,-75.756,-1.800761092,0.002011061,0.000111831,-0.002010054,-0.000063636,0.000111831,,,
1786043826575135097,1786043826.574483997,/novatel/oem7/odom,/novatel/oem7/fix,/novatel/oem7/odom,39.663,-75.756,-1.800761092,0.002011061,0.000111831,-0.002010054,-0.000063636,0.000111831,,,
1786043826585356731,1786043826.584869880,/novatel/oem7/inspva,/novatel/oem7/inspva,/novatel/oem7/inspva,39.663,-75.756,-1.800783144,0.001887420,-0.000181787,0.000021812,-0.001887294,-0.000181787,,novatel_oem7_msgs.msg.InertialSolutionStatus(status=3),
1786043826586735362,1786043826.585047794,/novatel/oem7/fix,/novatel/oem7/fix,/novatel/oem7/inspva,39.663,-75.756,-1.800783144,0.001887420,-0.000181787,0.000021812,-0.001887294,-0.000181787,,0,
1786043826587793409,1786043826.585563457,/novatel/oem7/odom,/novatel/oem7/fix,/novatel/oem7/odom,39.663,-75.756,-1.800783144,0.001886737,-0.000188750,-0.001883218,0.000115177,-0.000188750,,,
1786043826596018039,1786043826.595394296,/novatel/oem7/odom,/novatel/oem7/fix,/novatel/oem7/odom,39.663,-75.756,-1.800783144,0.001886737,-0.000188750,-0.001883218,0.000115177,-0.000188750,,,
1786043826606965743,1786043826.606460584,/novatel/oem7/inspva,/novatel/oem7/inspva,/novatel/oem7/inspva,39.663,-75.756,-1.800796107,0.001871877,0.000344043,-0.000299873,-0.001847701,0.000344043,,novatel_oem7_msgs.msg.InertialSolutionStatus(status=3),
1786043826608265500,1786043826.606659780,/novatel/oem7/fix,/novatel/oem7/fix,/novatel/oem7/inspva,39.663,-75.756,-1.800796107,0.001871877,0.000344043,-0.000299873,-0.001847701,0.000344043,,0,
1786043826609317750,1786043826.607141261,/novatel/oem7/odom,/novatel/oem7/fix,/novatel/oem7/odom,39.663,-75.756,-1.800796107,0.001873281,0.000336315,-0.001861534,-0.000209451,0.000336315,,,
1786043826610827375,1786043826.610001837,/novatel/oem7/bestpos,/novatel/oem7/bestpos,/novatel/oem7/odom,39.663,-75.756,33.181546789,0.001873281,0.000336315,-0.001861534,-0.000209451,0.000336315,,novatel_oem7_msgs.msg.SolutionStatus(status=0),novatel_oem7_msgs.msg.PositionOrVelocityType(type=53)
1786043826612207093,1786043826.610406984,/novatel/oem7/bestvel,/novatel/oem7/bestpos,/novatel/oem7/bestvel,39.663,-75.756,33.181546789,0.001798999,0.000315589,,,,259.774904758,novatel_oem7_msgs.msg.SolutionStatus(status=0),novatel_oem7_msgs.msg.PositionOrVelocityType(type=53)
1786043826615471892,1786043826.614823059,/novatel/oem7/odom,/novatel/oem7/bestpos,/novatel/oem7/odom,39.663,-75.756,33.181546789,0.001873281,0.000336315,-0.001861534,-0.000209451,0.000336315,,,
1786043826626798640,1786043826.626263692,/novatel/oem7/inspva,/novatel/oem7/inspva,/novatel/oem7/inspva,39.663,-75.756,-1.800818619,0.001901495,0.000179331,0.000062526,-0.001900467,0.000179331,,novatel_oem7_msgs.msg.InertialSolutionStatus(status=3),
1786043826628130767,1786043826.626431657,/novatel/oem7/fix,/novatel/oem7/fix,/novatel/oem7/inspva,39.663,-75.756,-1.800818619,0.001901495,0.000179331,0.000062526,-0.001900467,0.000179331,,0,
1786043826629205725,1786043826.626951422,/novatel/oem7/odom,/novatel/oem7/fix,/novatel/oem7/odom,39.663,-75.756,-1.800818619,0.001902135,0.000172414,-0.001895765,0.000155537,0.000172414,,,
1786043826635901299,1786043826.635148539,/novatel/oem7/odom,/novatel/oem7/fix,/novatel/oem7/odom,39.663,-75.756,-1.800818619,0.001902135,0.000172414,-0.001895765,0.000155537,0.000172414,,,
1786043826645893483,1786043826.645319445,/novatel/oem7/inspva,/novatel/oem7/inspva,/novatel/oem7/inspva,39.663,-75.756,-1.800833330,0.001924348,-0.000038557,-0.000193384,-0.001914606,-0.000038557,,novatel_oem7_msgs.msg.InertialSolutionStatus(status=3),
1786043826647238277,1786043826.645488266,/novatel/oem7/fix,/novatel/oem7/fix,/novatel/oem7/inspva,39.663,-75.756,-1.800833330,0.001924348,-0.000038557,-0.000193384,-0.001914606,-0.000038557,,0,
1786043826648312508,1786043826.646078825,/novatel/oem7/odom,/novatel/oem7/fix,/novatel/oem7/odom,39.663,-75.756,-1.800833330,0.001924179,-0.000046221,-0.001921641,-0.000098794,-0.000046221,,,
1786043826656675689,1786043826.655979479,/novatel/oem7/odom,/novatel/oem7/fix,/novatel/oem7/odom,39.663,-75.756,-1.800833330,0.001924179,-0.000046221,-0.001921641,-0.000098794,-0.000046221,,,
1786043826666034297,1786043826.665148462,/novatel/oem7/inspva,/novatel/oem7/inspva,/novatel/oem7/inspva,39.663,-75.756,-1.800850216,0.001892133,0.000165980,0.000126231,-0.001887918,0.000165980,,novatel_oem7_msgs.msg.InertialSolutionStatus(status=3),
1786043826666958314,1786043826.665408298,/novatel/oem7/fix,/novatel/oem7/fix,/novatel/oem7/inspva,39.663,-75.756,-1.800850216,0.001892133,0.000165980,0.000126231,-0.001887918,0.000165980,,0,
1786043826667812808,1786043826.665817272,/novatel/oem7/odom,/novatel/oem7/fix,/novatel/oem7/odom,39.663,-75.756,-1.800850216,0.001892707,0.000159295,-0.001880044,0.000218573,0.000159295,,,
1786043826674919314,1786043826.674508407,/novatel/oem7/odom,/novatel/oem7/fix,/novatel/oem7/odom,39.663,-75.756,-1.800850216,0.001892707,0.000159295,-0.001880044,0.000218573,0.000159295,,,
1786043826687009265,1786043826.686669143,/novatel/oem7/inspva,/novatel/oem7/inspva,/novatel/oem7/inspva,39.663,-75.756,-1.800864547,0.002064252,-0.000027820,-0.000254142,-0.002048548,-0.000027820,,novatel_oem7_msgs.msg.InertialSolutionStatus(status=3),
1786043826687691509,1786043826.686844135,/novatel/oem7/fix,/novatel/oem7/fix,/novatel/oem7/inspva,39.663,-75.756,-1.800864547,0.002064252,-0.000027820,-0.000254142,-0.002048548,-0.000027820,,0,
1786043826688208644,1786043826.687295716,/novatel/oem7/odom,/novatel/oem7/fix,/novatel/oem7/odom,39.663,-75.756,-1.800864547,0.002064123,-0.000036164,-0.002058452,-0.000152905,-0.000036164,,,
1786043826695513206,1786043826.695163712,/novatel/oem7/odom,/novatel/oem7/fix,/novatel/oem7/odom,39.663,-75.756,-1.800864547,0.002064123,-0.000036164,-0.002058452,-0.000152905,-0.000036164,,,
1786043826706073431,1786043826.705768713,/novatel/oem7/inspva,/novatel/oem7/inspva,/novatel/oem7/inspva,39.663,-75.756,-1.800881484,0.002137361,0.000078911,0.000244461,-0.002123335,0.000078911,,novatel_oem7_msgs.msg.InertialSolutionStatus(status=3),
1786043826706725023,1786043826.705946771,/novatel/oem7/fix,/novatel/oem7/fix,/novatel/oem7/inspva,39.663,-75.756,-1.800881484,0.002137361,0.000078911,0.000244461,-0.002123335,0.000078911,,0,
1786043826707467124,1786043826.706501177,/novatel/oem7/odom,/novatel/oem7/fix,/novatel/oem7/odom,39.663,-75.756,-1.800881484,0.002137616,0.000071673,-0.002109017,0.000348494,0.000071673,,,
1786043826709772010,1786043826.709214184,/novatel/oem7/bestpos,/novatel/oem7/bestpos,/novatel/oem7/odom,39.663,-75.756,33.181461205,0.002137616,0.000071673,-0.002109017,0.000348494,0.000071673,,novatel_oem7_msgs.msg.SolutionStatus(status=0),novatel_oem7_msgs.msg.PositionOrVelocityType(type=53)
1786043826710451668,1786043826.709572895,/novatel/oem7/bestvel,/novatel/oem7/bestpos,/novatel/oem7/bestvel,39.663,-75.756,33.181461205,0.001998651,0.000070230,,,,274.140630791,novatel_oem7_msgs.msg.SolutionStatus(status=0),novatel_oem7_msgs.msg.PositionOrVelocityType(type=53)
1786043826715836875,1786043826.715480808,/novatel/oem7/odom,/novatel/oem7/bestpos,/novatel/oem7/odom,39.663,-75.756,33.181461205,0.002137616,0.000071673,-0.002109017,0.000348494,0.000071673,,,
1786043826725563541,1786043826.725218950,/novatel/oem7/inspva,/novatel/oem7/inspva,/novatel/oem7/inspva,39.663,-75.756,-1.800897844,0.001840496,-0.000250245,-0.000188878,-0.001830778,-0.000250245,,novatel_oem7_msgs.msg.InertialSolutionStatus(status=3),
1786043826726212257,1786043826.725400112,/novatel/oem7/fix,/novatel/oem7/fix,/novatel/oem7/inspva,39.663,-75.756,-1.800897844,0.001840496,-0.000250245,-0.000188878,-0.001830778,-0.000250245,,0,
1786043826726953768,1786043826.726065575,/novatel/oem7/odom,/novatel/oem7/fix,/novatel/oem7/odom,39.663,-75.756,-1.800897844,0.001839484,-0.000257577,-0.001836879,-0.000097852,-0.000257577,,,
1786043826735214259,1786043826.734828244,/novatel/oem7/odom,/novatel/oem7/fix,/novatel/oem7/odom,39.663,-75.756,-1.800897844,0.001839484,-0.000257577,-0.001836879,-0.000097852,-0.000257577,,,
1786043826746379361,1786043826.746063424,/novatel/oem7/inspva,/novatel/oem7/inspva,/novatel/oem7/inspva,39.663,-75.756,-1.800913573,0.001958796,0.000072624,0.000045572,-0.001958266,0.000072624,,novatel_oem7_msgs.msg.InertialSolutionStatus(status=3),
1786043826747077213,1786043826.746242259,/novatel/oem7/fix,/novatel/oem7/fix,/novatel/oem7/inspva,39.663,-75.756,-1.800913573,0.001958796,0.000072624,0.000045572,-0.001958266,0.000072624,,0,
1786043826747653955,1786043826.746689918,/novatel/oem7/odom,/novatel/oem7/fix,/novatel/oem7/odom,39.663,-75.756,-1.800913573,0.001959047,0.000065488,-0.001953912,0.000141752,0.000065488,,,
1786043826756221302,1786043826.755841383,/novatel/oem7/odom,/novatel/oem7/fix,/novatel/oem7/odom,39.663,-75.756,-1.800913573,0.001959047,0.000065488,-0.001953912,0.000141752,0.000065488,,,
1786043826765735094,1786043826.765328106,/novatel/oem7/inspva,/novatel/oem7/inspva,/novatel/oem7/inspva,39.663,-75.756,-1.800930762,0.002199788,-0.000279019,-0.000309570,-0.002177896,-0.000279019,,novatel_oem7_msgs.msg.InertialSolutionStatus(status=3),
1786043826766549924,1786043826.765566495,/novatel/oem7/fix,/novatel/oem7/fix,/novatel/oem7/inspva,39.663,-75.756,-1.800930762,0.002199788,-0.000279019,-0.000309570,-0.002177896,-0.000279019,,0,
1786043826767304417,1786043826.766236539,/novatel/oem7/odom,/novatel/oem7/fix,/novatel/oem7/odom,39.663,-75.756,-1.800930762,0.002198634,-0.000287971,-0.002189405,-0.000201237,-0.000287971,,,
1786043826775880256,1786043826.775446562,/novatel/oem7/odom,/novatel/oem7/fix,/novatel/oem7/odom,39.663,-75.756,-1.800930762,0.002198634,-0.000287971,-0.002189405,-0.000201237,-0.000287971,,,
1786043826785320170,1786043826.785040196,/novatel/oem7/inspva,/novatel/oem7/inspva,/novatel/oem7/inspva,39.663,-75.756,-1.800947302,0.002102503,-0.000195994,-0.000332815,-0.002075995,-0.000195994,,novatel_oem7_msgs.msg.InertialSolutionStatus(status=3),
1786043826785915556,1786043826.785219598,/novatel/oem7/fix,/novatel/oem7/fix,/novatel/oem7/inspva,39.663,-75.756,-1.800947302,0.002102503,-0.000195994,-0.000332815,-0.002075995,-0.000195994,,0,
1786043826786368309,1786043826.785630392,/novatel/oem7/odom,/novatel/oem7/fix,/novatel/oem7/odom,39.663,-75.756,-1.800947302,0.002101679,-0.000204646,-0.002089091,-0.000229678,-0.000204646,,,
1786043826794634622,1786043826.794281679,/novatel/oem7/odom,/novatel/oem7/fix,/novatel/oem7/odom,39.663,-75.756,-1.800947302,0.002101679,-0.000204646,-0.002089091,-0.000229678,-0.000204646,,,
1786043826806761076,1786043826.806480653,/novatel/oem7/inspva,/novatel/oem7/inspva,/novatel/oem7/inspva,39.663,-75.756,-1.800957819,0.002100620,0.000078285,-0.000252558,-0.002085383,0.000078285,,novatel_oem7_msgs.msg.InertialSolutionStatus(status=3),
1786043826807371842,1786043826.806643994,/novatel/oem7/fix,/novatel/oem7/fix,/novatel/oem7/inspva,39.663,-75.756,-1.800957819,0.002100620,0.000078285,-0.000252558,-0.002085383,0.000078285,,0,
1786043826808080414,1786043826.807198216,/novatel/oem7/odom,/novatel/oem7/fix,/novatel/oem7/odom,39.663,-75.756,-1.800957819,0.002100919,0.000069810,-0.002095573,-0.000149786,0.000069810,,,
1786043826810627847,1786043826.810275181,/novatel/oem7/bestpos,/novatel/oem7/bestpos,/novatel/oem7/odom,39.663,-75.756,33.181380315,0.002100919,0.000069810,-0.002095573,-0.000149786,0.000069810,,novatel_oem7_msgs.msg.SolutionStatus(status=0),novatel_oem7_msgs.msg.PositionOrVelocityType(type=53)
1786043826811288870,1786043826.810753179,/novatel/oem7/bestvel,/novatel/oem7/bestpos,/novatel/oem7/bestvel,39.663,-75.756,33.181380315,0.002093489,-0.000152852,,,,274.051788061,novatel_oem7_msgs.msg.SolutionStatus(status=0),novatel_oem7_msgs.msg.PositionOrVelocityType(type=53)
1786043826815406414,1786043826.815035693,/novatel/oem7/odom,/novatel/oem7/bestpos,/novatel/oem7/odom,39.663,-75.756,33.181380315,0.002100919,0.000069810,-0.002095573,-0.000149786,0.000069810,,,
1786043826825367213,1786043826.824876065,/novatel/oem7/inspva,/novatel/oem7/inspva,/novatel/oem7/inspva,39.663,-75.756,-1.800972475,0.002047047,0.000319095,-0.000356661,-0.002015737,0.000319095,,novatel_oem7_msgs.msg.InertialSolutionStatus(status=3),
1786043826826464696,1786043826.825079341,/novatel/oem7/fix,/novatel/oem7/fix,/novatel/oem7/inspva,39.663,-75.756,-1.800972475,0.002047047,0.000319095,-0.000356661,-0.002015737,0.000319095,,0,
1786043826827059401,1786043826.825499095,/novatel/oem7/odom,/novatel/oem7/fix,/novatel/oem7/odom,39.663,-75.756,-1.800972475,0.002048357,0.000310580,-0.002032068,-0.000257809,0.000310580,,,
1786043826836064725,1786043826.835405199,/novatel/oem7/odom,/novatel/oem7/fix,/novatel/oem7/odom,39.663,-75.756,-1.800972475,0.002048357,0.000310580,-0.002032068,-0.000257809,0.000310580,,,
1786043826846010966,1786043826.845190831,/novatel/oem7/inspva,/novatel/oem7/inspva,/novatel/oem7/inspva,39.663,-75.756,-1.800985920,0.001710619,-0.000244085,-0.000301886,-0.001683770,-0.000244085,,novatel_oem7_msgs.msg.InertialSolutionStatus(status=3),
1786043826847691153,1786043826.845341724,/novatel/oem7/fix,/novatel/oem7/fix,/novatel/oem7/inspva,39.663,-75.756,-1.800985920,0.001710619,-0.000244085,-0.000301886,-0.001683770,-0.000244085,,0,
1786043826849039780,1786043826.845901512,/novatel/oem7/odom,/novatel/oem7/fix,/novatel/oem7/odom,39.663,-75.756,-1.800985920,0.001709590,-0.000251188,-0.001695639,-0.000217961,-0.000251188,,,
1786043826857104098,1786043826.856258953,/novatel/oem7/odom,/novatel/oem7/fix,/novatel/oem7/odom,39.663,-75.756,-1.800985920,0.001709590,-0.000251188,-0.001695639,-0.000217961,-0.000251188,,,
1786043826867617258,1786043826.866104670,/novatel/oem7/inspva,/novatel/oem7/inspva,/novatel/oem7/inspva,39.663,-75.756,-1.800997624,0.001960753,0.000130681,-0.000298250,-0.001937937,0.000130681,,novatel_oem7_msgs.msg.InertialSolutionStatus(status=3),
1786043826868628708,1786043826.866546824,/novatel/oem7/fix,/novatel/oem7/fix,/novatel/oem7/inspva,39.663,-75.756,-1.800997624,0.001960753,0.000130681,-0.000298250,-0.001937937,0.000130681,,0,
1786043826869207554,1786043826.867286805,/novatel/oem7/odom,/novatel/oem7/fix,/novatel/oem7/odom,39.663,-75.756,-1.800997624,0.001709589,-0.000251200,-0.001695637,-0.000217964,-0.000251200,,,
1786043826875912319,1786043826.875147471,/novatel/oem7/odom,/novatel/oem7/fix,/novatel/oem7/odom,39.663,-75.756,-1.800997624,0.001961273,0.000122626,-0.001950760,-0.000202797,0.000122626,,,
1786043826886178355,1786043826.885618668,/novatel/oem7/inspva,/novatel/oem7/inspva,/novatel/oem7/inspva,39.663,-75.756,-1.801009472,0.001719674,-0.000075274,-0.000697608,-0.001571821,-0.000075274,,novatel_oem7_msgs.msg.InertialSolutionStatus(status=3),
1786043826886983815,1786043826.886324797,/novatel/oem7/fix,/novatel/oem7/fix,/novatel/oem7/inspva,39.663,-75.756,-1.801009472,0.001719674,-0.000075274,-0.000697608,-0.001571821,-0.000075274,,0,
1786043826888717412,1786043826.887155186,/novatel/oem7/odom,/novatel/oem7/fix,/novatel/oem7/odom,39.663,-75.756,-1.801009472,0.001719314,-0.000083085,-0.001603961,-0.000619152,-0.000083085,,,
1786043826897384379,1786043826.895740493,/novatel/oem7/odom,/novatel/oem7/fix,/novatel/oem7/odom,39.663,-75.756,-1.801009472,0.001719314,-0.000083085,-0.001603961,-0.000619152,-0.000083085,,,
1786043826906483400,1786043826.906039630,/novatel/oem7/inspva,/novatel/oem7/inspva,/novatel/oem7/inspva,39.663,-75.756,-1.801025200,0.001780665,-0.000065668,-0.000552418,-0.001692808,-0.000065668,,novatel_oem7_msgs.msg.InertialSolutionStatus(status=3),
1786043826907217548,1786043826.906222476,/novatel/oem7/fix,/novatel/oem7/fix,/novatel/oem7/inspva,39.663,-75.756,-1.801025200,0.001780665,-0.000065668,-0.000552418,-0.001692808,-0.000065668,,0,
1786043826907753158,1786043826.906753188,/novatel/oem7/odom,/novatel/oem7/fix,/novatel/oem7/odom,39.663,-75.756,-1.801025200,0.001780357,-0.000073527,-0.001717688,-0.000468210,-0.000073527,,,
1786043826910007380,1786043826.909575000,/novatel/oem7/bestpos,/novatel/oem7/bestpos,/novatel/oem7/odom,39.663,-75.756,33.181329552,0.001780357,-0.000073527,-0.001717688,-0.000468210,-0.000073527,,novatel_oem7_msgs.msg.SolutionStatus(status=0),novatel_oem7_msgs.msg.PositionOrVelocityType(type=53)
1786043826910745027,1786043826.910301064,/novatel/oem7/bestvel,/novatel/oem7/bestpos,/novatel/oem7/bestvel,39.663,-75.756,33.181329552,0.001771169,0.000062383,,,,237.710895160,novatel_oem7_msgs.msg.SolutionStatus(status=0),novatel_oem7_msgs.msg.PositionOrVelocityType(type=53)
1786043826915052487,1786043826.914658808,/novatel/oem7/odom,/novatel/oem7/bestpos,/novatel/oem7/odom,39.663,-75.756,33.181329552,0.001780357,-0.000073527,-0.001717688,-0.000468210,-0.000073527,,,
1786043826927972929,1786043826.926939798,/novatel/oem7/inspva,/novatel/oem7/inspva,/novatel/oem7/inspva,39.663,-75.756,-1.801037956,0.001938780,-0.000187540,-0.000526761,-0.001865849,-0.000187540,,novatel_oem7_msgs.msg.InertialSolutionStatus(status=3),
1786043826929220353,1786043826.927791021,/novatel/oem7/fix,/novatel/oem7/fix,/novatel/oem7/inspva,39.663,-75.756,-1.801037956,0.001938780,-0.000187540,-0.000526761,-0.001865849,-0.000187540,,0,
1786043826930300278,1786043826.929146675,/novatel/oem7/odom,/novatel/oem7/fix,/novatel/oem7/odom,39.663,-75.756,-1.801037956,0.001937945,-0.000195976,-0.001888784,-0.000433739,-0.000195976,,,
1786043826935772425,1786043826.935345527,/novatel/oem7/odom,/novatel/oem7/fix,/novatel/oem7/odom,39.663,-75.756,-1.801037956,0.001937945,-0.000195976,-0.001888784,-0.000433739,-0.000195976,,,
1786043826945688708,1786043826.945272090,/novatel/oem7/inspva,/novatel/oem7/inspva,/novatel/oem7/inspva,39.663,-75.756,-1.801053636,0.001836270,-0.000077442,-0.000383450,-0.001795788,-0.000077442,,novatel_oem7_msgs.msg.InertialSolutionStatus(status=3),
1786043826946444755,1786043826.945897061,/novatel/oem7/fix,/novatel/oem7/fix,/novatel/oem7/inspva,39.663,-75.756,-1.801053636,0.001836270,-0.000077442,-0.000383450,-0.001795788,-0.000077442,,0,
1786043826947207548,1786043826.946472990,/novatel/oem7/odom,/novatel/oem7/fix,/novatel/oem7/odom,39.663,-75.756,-1.801053636,0.001835925,-0.000085236,-0.001812180,-0.000294321,-0.000085236,,,
1786043826956125519,1786043826.955702100,/novatel/oem7/odom,/novatel/oem7/fix,/novatel/oem7/odom,39.663,-75.756,-1.801053636,0.001835925,-0.000085236,-0.001812180,-0.000294321,-0.000085236,,,
1786043826966173698,1786043826.965404094,/novatel/oem7/inspva,/novatel/oem7/inspva,/novatel/oem7/inspva,39.663,-75.756,-1.801065929,0.001746130,-0.000093726,-0.000280508,-0.001723451,-0.000093726,,novatel_oem7_msgs.msg.InertialSolutionStatus(status=3),
1786043826967444926,1786043826.965842741,/novatel/oem7/fix,/novatel/oem7/fix,/novatel/oem7/inspva,39.663,-75.756,-1.801065929,0.001746130,-0.000093726,-0.000280508,-0.001723451,-0.000093726,,0,
1786043826968441826,1786043826.966328241,/novatel/oem7/odom,/novatel/oem7/fix,/novatel/oem7/odom,39.663,-75.756,-1.801065929,0.001745727,-0.000100957,-0.001734798,-0.000195032,-0.000100957,,,
1786043826975740839,1786043826.975217997,/novatel/oem7/odom,/novatel/oem7/fix,/novatel/oem7/odom,39.663,-75.756,-1.801065929,0.001745727,-0.000100957,-0.001734798,-0.000195032,-0.000100957,,,
1786043826986628697,1786043826.986126498,/novatel/oem7/inspva,/novatel/oem7/inspva,/novatel/oem7/inspva,39.663,-75.756,-1.801083479,0.001848471,-0.000126931,-0.000291878,-0.001825281,-0.000126931,,novatel_oem7_msgs.msg.InertialSolutionStatus(status=3),
1786043826987467124,1786043826.986903043,/novatel/oem7/fix,/novatel/oem7/fix,/novatel/oem7/inspva,39.663,-75.756,-1.801083479,0.001848471,-0.000126931,-0.000291878,-0.001825281,-0.000126931,,0,
1786043826988202019,1786043826.987548122,/novatel/oem7/odom,/novatel/oem7/fix,/novatel/oem7/odom,39.663,-75.756,-1.801083479,0.001847929,-0.000134586,-0.001836935,-0.000201278,-0.000134586,,,
1786043826995480926,1786043826.994737422,/novatel/oem7/odom,/novatel/oem7/fix,/novatel/oem7/odom,39.663,-75.756,-1.801083479,0.001847929,-0.000134586,-0.001836935,-0.000201278,-0.000134586,,,
1786043827011041981,1786043827.010293456,/novatel/oem7/inspva,/novatel/oem7/inspva,/novatel/oem7/inspva,39.663,-75.756,-1.801093164,0.001689633,0.000106410,-0.000408089,-0.001639610,0.000106410,,novatel_oem7_msgs.msg.InertialSolutionStatus(status=3),
1786043827011961139,1786043827.011084397,/novatel/oem7/fix,/novatel/oem7/fix,/novatel/oem7/inspva,39.663,-75.756,-1.801093164,0.001689633,0.000106410,-0.000408089,-0.001639610,0.000106410,,0,
1786043827013337178,1786043827.012851115,/novatel/oem7/odom,/novatel/oem7/fix,/novatel/oem7/odom,39.663,-75.756,-1.801093164,0.001690075,0.000099138,-0.001658119,-0.000327098,0.000099138,,,
1786043827017501880,1786043827.016970404,/novatel/oem7/odom,/novatel/oem7/fix,/novatel/oem7/odom,39.663,-75.756,-1.801093164,0.001690075,0.000099138,-0.001658119,-0.000327098,0.000099138,,,
1786043827025665834,1786043827.024934970,/novatel/oem7/bestpos,/novatel/oem7/bestpos,/novatel/oem7/odom,39.663,-75.756,33.181261959,0.001690075,0.000099138,-0.001658119,-0.000327098,0.000099138,,novatel_oem7_msgs.msg.SolutionStatus(status=0),novatel_oem7_msgs.msg.PositionOrVelocityType(type=53)
1786043827027088985,1786043827.026720865,/novatel/oem7/bestvel,/novatel/oem7/bestpos,/novatel/oem7/bestvel,39.663,-75.756,33.181261959,0.001891243,0.000238832,,,,255.784304454,novatel_oem7_msgs.msg.SolutionStatus(status=0),novatel_oem7_msgs.msg.PositionOrVelocityType(type=53)
1786043827027870630,1786043827.027144515,/novatel/oem7/inspva,/novatel/oem7/inspva,/novatel/oem7/inspva,39.663,-75.756,-1.801109547,0.001651043,-0.000001755,-0.000257088,-0.001630905,-0.000001755,,novatel_oem7_msgs.msg.InertialSolutionStatus(status=3),
1786043827028342716,1786043827.027279259,/novatel/oem7/fix,/novatel/oem7/fix,/novatel/oem7/inspva,39.663,-75.756,-1.801109547,0.001651043,-0.000001755,-0.000257088,-0.001630905,-0.000001755,,0,
1786043827029284305,1786043827.027700792,/novatel/oem7/odom,/novatel/oem7/fix,/novatel/oem7/odom,39.663,-75.756,-1.801109547,0.001651022,-0.000008578,-0.001641570,-0.000176417,-0.000008578,,,
1786043827034900338,1786043827.034517765,/novatel/oem7/odom,/novatel/oem7/fix,/novatel/oem7/odom,39.663,-75.756,-1.801109547,0.001651022,-0.000008578,-0.001641570,-0.000176417,-0.000008578,,,
1786043827046770778,1786043827.046476043,/novatel/oem7/inspva,/novatel/oem7/inspva,/novatel/oem7/inspva,39.663,-75.756,-1.801111503,0.001954733,-0.000079274,-0.000088650,-0.001952722,-0.000079274,,novatel_oem7_msgs.msg.InertialSolutionStatus(status=3),
1786043827047455086,1786043827.046613175,/novatel/oem7/fix,/novatel/oem7/fix,/novatel/oem7/inspva,39.663,-75.756,-1.801111503,0.001954733,-0.000079274,-0.000088650,-0.001952722,-0.000079274,,0,
1786043827047958838,1786043827.047067755,/novatel/oem7/odom,/novatel/oem7/fix,/novatel/oem7/odom,39.663,-75.756,-1.801111503,0.001954411,-0.000086850,-0.001954395,0.000007879,-0.000086850,,,
1786043827057818584,1786043827.056141446,/novatel/oem7/odom,/novatel/oem7/fix,/novatel/oem7/odom,39.663,-75.756,-1.801111503,0.001954411,-0.000086850,-0.001954395,0.000007879,-0.000086850,,,
1786043827066071548,1786043827.065511885,/novatel/oem7/inspva,/novatel/oem7/inspva,/novatel/oem7/inspva,39.663,-75.756,-1.801105828,0.001987122,-0.000215434,-0.000048549,-0.001986529,-0.000215434,,novatel_oem7_msgs.msg.InertialSolutionStatus(status=3),
1786043827067090056,1786043827.065832592,/novatel/oem7/fix,/novatel/oem7/fix,/novatel/oem7/inspva,39.663,-75.756,-1.801105828,0.001987122,-0.000215434,-0.000048549,-0.001986529,-0.000215434,,0,
1786043827067791414,1786043827.066522255,/novatel/oem7/odom,/novatel/oem7/fix,/novatel/oem7/odom,39.663,-75.756,-1.801105828,0.001986287,-0.000223004,-0.001985659,0.000049951,-0.000223004,,,
1786043827076023832,1786043827.075567420,/novatel/oem7/odom,/novatel/oem7/fix,/novatel/oem7/odom,39.663,-75.756,-1.801105828,0.001986287,-0.000223004,-0.001985659,0.000049951,-0.000223004,,,
1786043827086805127,1786043827.085823827,/novatel/oem7/inspva,/novatel/oem7/inspva,/novatel/oem7/inspva,39.663,-75.756,-1.801098233,0.002157507,0.000254294,-0.000125987,-0.002153825,0.000254294,,novatel_oem7_msgs.msg.InertialSolutionStatus(status=3),
1786043827088619549,1786043827.086068020,/novatel/oem7/fix,/novatel/oem7/fix,/novatel/oem7/inspva,39.663,-75.756,-1.801098233,0.002157507,0.000254294,-0.000125987,-0.002153825,0.000254294,,0,
1786043827089866035,1786043827.086780957,/novatel/oem7/odom,/novatel/oem7/fix,/novatel/oem7/odom,39.663,-75.756,-1.801098233,0.002158485,0.000245854,-0.002158389,-0.000020393,0.000245854,,,
1786043827096232569,1786043827.095412848,/novatel/oem7/odom,/novatel/oem7/fix,/novatel/oem7/odom,39.663,-75.756,-1.801098233,0.002158485,0.000245854,-0.002158389,-0.000020393,0.000245854,,,
1786043827106555984,1786043827.105959235,/novatel/oem7/inspva,/novatel/oem7/inspva,/novatel/oem7/inspva,39.663,-75.756,-1.801095513,0.001770825,0.000011461,-0.000026360,-0.001770629,0.000011461,,novatel_oem7_msgs.msg.InertialSolutionStatus(status=3),
1786043827107914308,1786043827.106145950,/novatel/oem7/fix,/novatel/oem7/fix,/novatel/oem7/inspva,39.663,-75.756,-1.801095513,0.001770825,0.000011461,-0.000026360,-0.001770629,0.000011461,,0,
1786043827108977248,1786043827.106590067,/novatel/oem7/odom,/novatel/oem7/fix,/novatel/oem7/odom,39.663,-75.756,-1.801095513,0.001770856,0.000004730,-0.001769809,0.000060885,0.000004730,,,
1786043827111023799,1786043827.110348672,/novatel/oem7/bestpos,/novatel/oem7/bestpos,/novatel/oem7/odom,39.663,-75.756,33.181246185,0.001770856,0.000004730,-0.001769809,0.000060885,0.000004730,,novatel_oem7_msgs.msg.SolutionStatus(status=0),novatel_oem7_msgs.msg.PositionOrVelocityType(type=53)
1786043827112496534,1786043827.111023626,/novatel/oem7/bestvel,/novatel/oem7/bestpos,/novatel/oem7/bestvel,39.663,-75.756,33.181246185,0.001720613,-0.000035999,,,,270.366459102,novatel_oem7_msgs.msg.SolutionStatus(status=0),novatel_oem7_msgs.msg.PositionOrVelocityType(type=53)
1786043827115309447,1786043827.114605288,/novatel/oem7/odom,/novatel/oem7/bestpos,/novatel/oem7/odom,39.663,-75.756,33.181246185,0.001770856,0.000004730,-0.001769809,0.000060885,0.000004730,,,
1786043827125838725,1786043827.125321074,/novatel/oem7/inspva,/novatel/oem7/inspva,/novatel/oem7/inspva,39.663,-75.756,-1.801088726,0.002123741,0.000192738,-0.000401955,-0.002085356,0.000192738,,novatel_oem7_msgs.msg.InertialSolutionStatus(status=3),
1786043827126689795,1786043827.125592963,/novatel/oem7/fix,/novatel/oem7/fix,/novatel/oem7/inspva,39.663,-75.756,-1.801088726,0.002123741,0.000192738,-0.000401955,-0.002085356,0.000192738,,0,
1786043827127262303,1786043827.126123139,/novatel/oem7/odom,/novatel/oem7/fix,/novatel/oem7/odom,39.663,-75.756,-1.801088726,0.002124537,0.000183764,-0.002103360,-0.000299219,0.000183764,,,
1786043827136303965,1786043827.135631748,/novatel/oem7/odom,/novatel/oem7/fix,/novatel/oem7/odom,39.663,-75.756,-1.801088726,0.002124537,0.000183764,-0.002103360,-0.000299219,0.000183764,,,
1786043827145662300,1786043827.145370724,/novatel/oem7/inspva,/novatel/oem7/inspva,/novatel/oem7/inspva,39.663,-75.756,-1.801082964,0.001619347,-0.000005159,-0.000370359,-0.001576426,-0.000005159,,novatel_oem7_msgs.msg.InertialSolutionStatus(status=3),
1786043827146740714,1786043827.145604326,/novatel/oem7/fix,/novatel/oem7/fix,/novatel/oem7/inspva,39.663,-75.756,-1.801082964,0.001619347,-0.000005159,-0.000370359,-0.001576426,-0.000005159,,0,
1786043827147715211,1786043827.146008813,/novatel/oem7/odom,/novatel/oem7/fix,/novatel/oem7/odom,39.663,-75.756,-1.801082964,0.001619310,-0.000012114,-0.001592726,-0.000292212,-0.000012114,,,
1786043827157759535,1786043827.155964674,/novatel/oem7/odom,/novatel/oem7/fix,/novatel/oem7/odom,39.663,-75.756,-1.801082964,0.001619310,-0.000012114,-0.001592726,-0.000292212,-0.000012114,,,
1786043827166274645,1786043827.165153520,/novatel/oem7/inspva,/novatel/oem7/inspva,/novatel/oem7/inspva,39.663,-75.756,-1.801074445,0.002052993,0.000186664,-0.000227827,-0.002040312,0.000186664,,novatel_oem7_msgs.msg.InertialSolutionStatus(status=3),
1786043827168448051,1786043827.165475123,/novatel/oem7/fix,/novatel/oem7/fix,/novatel/oem7/inspva,39.663,-75.756,-1.801074445,0.002052993,0.000186664,-0.000227827,-0.002040312,0.000186664,,0,
1786043827170090404,1786043827.166158737,/novatel/oem7/odom,/novatel/oem7/fix,/novatel/oem7/odom,39.663,-75.756,-1.801074445,0.002053732,0.000178341,-0.002049770,-0.000127512,0.000178341,,,
1786043827176590430,1786043827.175541402,/novatel/oem7/odom,/novatel/oem7/fix,/novatel/oem7/odom,39.663,-75.756,-1.801074445,0.002053732,0.000178341,-0.002049770,-0.000127512,0.000178341,,,
1786043827185738092,1786043827.185034945,/novatel/oem7/inspva,/novatel/oem7/inspva,/novatel/oem7/inspva,39.663,-75.756,-1.801066902,0.001912483,0.000172129,-0.000021239,-0.001912365,0.000172129,,novatel_oem7_msgs.msg.InertialSolutionStatus(status=3),
1786043827187667128,1786043827.185211830,/novatel/oem7/fix,/novatel/oem7/fix,/novatel/oem7/inspva,39.663,-75.756,-1.801066902,0.001912483,0.000172129,-0.000021239,-0.001912365,0.000172129,,0,
1786043827189143907,1786043827.185565429,/novatel/oem7/odom,/novatel/oem7/fix,/novatel/oem7/odom,39.663,-75.756,-1.801066902,0.001913121,0.000164886,-0.001911744,0.000072571,0.000164886,,,
1786043827195322386,1786043827.194549425,/novatel/oem7/odom,/novatel/oem7/fix,/novatel/oem7/odom,39.663,-75.756,-1.801066902,0.001913121,0.000164886,-0.001911744,0.000072571,0.000164886,,,
1786043827207150939,1786043827.206484836,/novatel/oem7/inspva,/novatel/oem7/inspva,/novatel/oem7/inspva,39.663,-75.756,-1.801059123,0.002046129,0.000197717,-0.000286186,-0.002026016,0.000197717,,novatel_oem7_msgs.msg.InertialSolutionStatus(status=3),
1786043827208640941,1786043827.206668667,/novatel/oem7/fix,/novatel/oem7/fix,/novatel/oem7/inspva,39.663,-75.756,-1.801059123,0.002046129,0.000197717,-0.000286186,-0.002026016,0.000197717,,0,
1786043827209877860,1786043827.207182443,/novatel/oem7/odom,/novatel/oem7/fix,/novatel/oem7/odom,39.663,-75.756,-1.801059123,0.002046926,0.000189291,-0.002038409,-0.000186530,0.000189291,,,
1786043827211559570,1786043827.210145423,/novatel/oem7/bestpos,/novatel/oem7/bestpos,/novatel/oem7/odom,39.663,-75.756,33.181274319,0.002046926,0.000189291,-0.002038409,-0.000186530,0.000189291,,novatel_oem7_msgs.msg.SolutionStatus(status=0),novatel_oem7_msgs.msg.PositionOrVelocityType(type=53)
1786043827212607268,1786043827.210567174,/novatel/oem7/bestvel,/novatel/oem7/bestpos,/novatel/oem7/bestvel,39.663,-75.756,33.181274319,0.001839152,0.000000545,,,,266.399117577,novatel_oem7_msgs.msg.SolutionStatus(status=0),novatel_oem7_msgs.msg.PositionOrVelocityType(type=53)
1786043827215737656,1786043827.215006819,/novatel/oem7/odom,/novatel/oem7/bestpos,/novatel/oem7/odom,39.663,-75.756,33.181274319,0.002046926,0.000189291,-0.002038409,-0.000186530,0.000189291,,,
1786043827226076621,1786043827.224966060,/novatel/oem7/inspva,/novatel/oem7/inspva,/novatel/oem7/inspva,39.663,-75.756,-1.801050067,0.001765744,0.000295942,-0.000154475,-0.001758974,0.000295942,,novatel_oem7_msgs.msg.InertialSolutionStatus(status=3),
1786043827228409891,1786043827.225233895,/novatel/oem7/fix,/novatel/oem7/fix,/novatel/oem7/inspva,39.663,-75.756,-1.801050067,0.001765744,0.000295942,-0.000154475,-0.001758974,0.000295942,,0,
1786043827230033654,1786043827.225757494,/novatel/oem7/odom,/novatel/oem7/fix,/novatel/oem7/odom,39.663,-75.756,-1.801050067,0.001766912,0.000288890,-0.001765588,-0.000068376,0.000288890,,,
1786043827235728782,1786043827.234640488,/novatel/oem7/odom,/novatel/oem7/fix,/novatel/oem7/odom,39.663,-75.756,-1.801050067,0.001766912,0.000288890,-0.001765588,-0.000068376,0.000288890,,,
1786043827245989136,1786043827.245092990,/novatel/oem7/inspva,/novatel/oem7/inspva,/novatel/oem7/inspva,39.663,-75.756,-1.801042030,0.001652132,0.000221679,-0.000357522,-0.001612984,0.000221679,,novatel_oem7_msgs.msg.InertialSolutionStatus(status=3),
1786043827247367846,1786043827.245304019,/novatel/oem7/fix,/novatel/oem7/fix,/novatel/oem7/inspva,39.663,-75.756,-1.801042030,0.001652132,0.000221679,-0.000357522,-0.001612984,0.000221679,,0,
1786043827248531828,1786043827.245939172,/novatel/oem7/odom,/novatel/oem7/fix,/novatel/oem7/odom,39.663,-75.756,-1.801042030,0.001653069,0.000214581,-0.001629495,-0.000278174,0.000214581,,,
1786043827257338687,1786043827.256411048,/novatel/oem7/odom,/novatel/oem7/fix,/novatel/oem7/odom,39.663,-75.756,-1.801042030,0.001653069,0.000214581,-0.001629495,-0.000278174,0.000214581,,,
1786043827266639648,1786043827.265275848,/novatel/oem7/inspva,/novatel/oem7/inspva,/novatel/oem7/inspva,39.663,-75.756,-1.801031360,0.001571670,0.000143837,-0.000475410,-0.001498042,0.000143837,,novatel_oem7_msgs.msg.InertialSolutionStatus(status=3),
1786043827268975771,1786043827.265641935,/novatel/oem7/fix,/novatel/oem7/fix,/novatel/oem7/inspva,39.663,-75.756,-1.801031360,0.001571670,0.000143837,-0.000475410,-0.001498042,0.000143837,,0,
1786043827270537984,1786043827.266356499,/novatel/oem7/odom,/novatel/oem7/fix,/novatel/oem7/odom,39.663,-75.756,-1.801031360,0.001572293,0.000136852,-0.001520200,-0.000401369,0.000136852,,,
1786043827275624432,1786043827.274636342,/novatel/oem7/odom,/novatel/oem7/fix,/novatel/oem7/odom,39.663,-75.756,-1.801031360,0.001572293,0.000136852,-0.001520200,-0.000401369,0.000136852,,,
1786043827285956183,1786043827.285042524,/novatel/oem7/inspva,/novatel/oem7/inspva,/novatel/oem7/inspva,39.663,-75.756,-1.801021413,0.001799751,0.000224588,-0.000419586,-0.001750157,0.000224588,,novatel_oem7_msgs.msg.InertialSolutionStatus(status=3),
1786043827287361404,1786043827.285274736,/novatel/oem7/fix,/novatel/oem7/fix,/novatel/oem7/inspva,39.663,-75.756,-1.801021413,0.001799751,0.000224588,-0.000419586,-0.001750157,0.000224588,,0,
1786043827288449279,1786043827.285861542,/novatel/oem7/odom,/novatel/oem7/fix,/novatel/oem7/odom,39.663,-75.756,-1.801021413,0.001800701,0.000216837,-0.001769569,-0.000333390,0.000216837,,,
1786043827296379346,1786043827.295332075,/novatel/oem7/odom,/novatel/oem7/fix,/novatel/oem7/odom,39.663,-75.756,-1.801021413,0.001800701,0.000216837,-0.001769569,-0.000333390,0.000216837,,,
1786043827306669737,1786043827.305647816,/novatel/oem7/inspva,/novatel/oem7/inspva,/novatel/oem7/inspva,39.663,-75.756,-1.801012971,0.001930515,0.000197066,-0.000441024,-0.001879464,0.000197066,,novatel_oem7_msgs.msg.InertialSolutionStatus(status=3),
1786043827308660423,1786043827.305913749,/novatel/oem7/fix,/novatel/oem7/fix,/novatel/oem7/inspva,39.663,-75.756,-1.801012971,0.001930515,0.000197066,-0.000441024,-0.001879464,0.000197066,,0,
1786043827310199389,1786043827.306532682,/novatel/oem7/odom,/novatel/oem7/fix,/novatel/oem7/odom,39.663,-75.756,-1.801012971,0.001931343,0.000188780,-0.001899665,-0.000348363,0.000188780,,,
1786043827312147809,1786043827.309318134,/novatel/oem7/bestpos,/novatel/oem7/bestpos,/novatel/oem7/odom,39.663,-75.756,33.181331742,0.001931343,0.000188780,-0.001899665,-0.000348363,0.000188780,,novatel_oem7_msgs.msg.SolutionStatus(status=0),novatel_oem7_msgs.msg.PositionOrVelocityType(type=53)
1786043827313362501,1786043827.309935390,/novatel/oem7/bestvel,/novatel/oem7/bestpos,/novatel/oem7/bestvel,39.663,-75.756,33.181331742,0.002486930,0.000753492,,,,244.289058622,novatel_oem7_msgs.msg.SolutionStatus(status=0),novatel_oem7_msgs.msg.PositionOrVelocityType(type=53)
1786043827315962707,1786043827.314644554,/novatel/oem7/odom,/novatel/oem7/bestpos,/novatel/oem7/odom,39.663,-75.756,33.181331742,0.001931343,0.000188780,-0.001899665,-0.000348363,0.000188780,,,
1786043827327746293,1786043827.326788311,/novatel/oem7/inspva,/novatel/oem7/inspva,/novatel/oem7/inspva,39.663,-75.756,-1.801005689,0.001751000,0.000170919,-0.000352549,-0.001715141,0.000170919,,novatel_oem7_msgs.msg.InertialSolutionStatus(status=3),
1786043827329819747,1786043827.327026693,/novatel/oem7/fix,/novatel/oem7/fix,/novatel/oem7/inspva,39.663,-75.756,-1.801005689,0.001751000,0.000170919,-0.000352549,-0.001715141,0.000170919,,0,
1786043827331364533,1786043827.327326349,/novatel/oem7/odom,/novatel/oem7/fix,/novatel/oem7/odom,39.663,-75.756,-1.801005689,0.001751710,0.000163478,-0.001731084,-0.000268025,0.000163478,,,
1786043827335489379,1786043827.334751551,/novatel/oem7/odom,/novatel/oem7/fix,/novatel/oem7/odom,39.663,-75.756,-1.801005689,0.001751710,0.000163478,-0.001731084,-0.000268025,0.000163478,,,
1786043827345766043,1786043827.345070752,/novatel/oem7/inspva,/novatel/oem7/inspva,/novatel/oem7/inspva,39.663,-75.756,-1.800995152,0.001865101,0.000226133,-0.000517035,-0.001792003,0.000226133,,novatel_oem7_msgs.msg.InertialSolutionStatus(status=3),
1786043827347153840,1786043827.345263831,/novatel/oem7/fix,/novatel/oem7/fix,/novatel/oem7/inspva,39.663,-75.756,-1.800995152,0.001865101,0.000226133,-0.000517035,-0.001792003,0.000226133,,0,
1786043827348323752,1786043827.345781163,/novatel/oem7/odom,/novatel/oem7/fix,/novatel/oem7/odom,39.663,-75.756,-1.800995152,0.001866076,0.000217940,-0.001816173,-0.000428668,0.000217940,,,
1786043827357287615,1786043827.356143833,/novatel/oem7/odom,/novatel/oem7/fix,/novatel/oem7/odom,39.663,-75.756,-1.800995152,0.001866076,0.000217940,-0.001816173,-0.000428668,0.000217940,,,
1786043827366311444,1786043827.365401108,/novatel/oem7/inspva,/novatel/oem7/inspva,/novatel/oem7/inspva,39.663,-75.756,-1.800984159,0.001609312,0.000377105,-0.000469599,-0.001539273,0.000377105,,novatel_oem7_msgs.msg.InertialSolutionStatus(status=3),
1786043827368220823,1786043827.365652867,/novatel/oem7/fix,/novatel/oem7/fix,/novatel/oem7/inspva,39.663,-75.756,-1.800984159,0.001609312,0.000377105,-0.000469599,-0.001539273,0.000377105,,0,
1786043827369882277,1786043827.366198516,/novatel/oem7/odom,/novatel/oem7/fix,/novatel/oem7/odom,39.663,-75.756,-1.800984159,0.001610956,0.000370017,-0.001561998,-0.000394134,0.000370017,,,
1786043827375840900,1786043827.375070331,/novatel/oem7/odom,/novatel/oem7/fix,/novatel/oem7/odom,39.663,-75.756,-1.800984159,0.001610956,0.000370017,-0.001561998,-0.000394134,0.000370017,,,
1786043827386542542,1786043827.385411737,/novatel/oem7/inspva,/novatel/oem7/inspva,/novatel/oem7/inspva,39.663,-75.756,-1.800971472,0.001614491,0.000496313,-0.000779330,-0.001413940,0.000496313,,novatel_oem7_msgs.msg.InertialSolutionStatus(status=3),
1786043827388202085,1786043827.385702457,/novatel/oem7/fix,/novatel/oem7/fix,/novatel/oem7/inspva,39.663,-75.756,-1.800971472,0.001614491,0.000496313,-0.000779330,-0.001413940,0.000496313,,0,
1786043827389357110,1786043827.386145205,/novatel/oem7/odom,/novatel/oem7/fix,/novatel/oem7/odom,39.663,-75.756,-1.800971472,0.001616781,0.000488800,-0.001452547,-0.000709992,0.000488800,,,
1786043827395288154,1786043827.394361005,/novatel/oem7/odom,/novatel/oem7/fix,/novatel/oem7/odom,39.663,-75.756,-1.800971472,0.001616781,0.000488800,-0.001452547,-0.000709992,0.000488800,,,
1786043827406531118,1786043827.405732020,/novatel/oem7/inspva,/novatel/oem7/inspva,/novatel/oem7/inspva,39.663,-75.756,-1.800959517,0.001720140,0.000291625,-0.000423132,-0.001667286,0.000291625,,novatel_oem7_msgs.msg.InertialSolutionStatus(status=3),
1786043827408056639,1786043827.405907615,/novatel/oem7/fix,/novatel/oem7/fix,/novatel/oem7/inspva,39.663,-75.756,-1.800959517,0.001720140,0.000291625,-0.000423132,-0.001667286,0.000291625,,0,
1786043827409157827,1786043827.406702773,/novatel/oem7/odom,/novatel/oem7/fix,/novatel/oem7/odom,39.663,-75.756,-1.800959517,0.001721389,0.000284164,-0.001687230,-0.000341224,0.000284164,,,
1786043827411292062,1786043827.410162111,/novatel/oem7/bestpos,/novatel/oem7/bestpos,/novatel/oem7/odom,39.663,-75.756,33.181370842,0.001721389,0.000284164,-0.001687230,-0.000341224,0.000284164,,novatel_oem7_msgs.msg.SolutionStatus(status=0),novatel_oem7_msgs.msg.PositionOrVelocityType(type=53)
1786043827412816098,1786043827.410647203,/novatel/oem7/bestvel,/novatel/oem7/bestpos,/novatel/oem7/bestvel,39.663,-75.756,33.181370842,0.001558514,0.000097540,,,,262.761266912,novatel_oem7_msgs.msg.SolutionStatus(status=0),novatel_oem7_msgs.msg.PositionOrVelocityType(type=53)
1786043827416661264,1786043827.415596456,/novatel/oem7/odom,/novatel/oem7/bestpos,/novatel/oem7/odom,39.663,-75.756,33.181370842,0.001721389,0.000284164,-0.001687230,-0.000341224,0.000284164,,,
1786043827426052782,1786043827.425097349,/novatel/oem7/inspva,/novatel/oem7/inspva,/novatel/oem7/inspva,39.663,-75.756,-1.800942367,0.001782925,0.000514434,-0.000797143,-0.001594799,0.000514434,,novatel_oem7_msgs.msg.InertialSolutionStatus(status=3),
1786043827427905111,1786043827.425486580,/novatel/oem7/fix,/novatel/oem7/fix,/novatel/oem7/inspva,39.663,-75.756,-1.800942367,0.001782925,0.000514434,-0.000797143,-0.001594799,0.000514434,,0,
1786043827429268014,1786043827.425972248,/novatel/oem7/odom,/novatel/oem7/fix,/novatel/oem7/odom,39.663,-75.756,-1.800942367,0.001785285,0.000506183,-0.001634134,-0.000718923,0.000506183,,,
1786043827435338593,1786043827.434411420,/novatel/oem7/odom,/novatel/oem7/fix,/novatel/oem7/odom,39.663,-75.756,-1.800942367,0.001785285,0.000506183,-0.001634134,-0.000718923,0.000506183,,,
1786043827446343707,1786043827.445445338,/novatel/oem7/inspva,/novatel/oem7/inspva,/novatel/oem7/inspva,39.663,-75.756,-1.800924957,0.001530772,0.000827967,-0.000213991,-0.001515741,0.000827967,,novatel_oem7_msgs.msg.InertialSolutionStatus(status=3),
1786043827448129852,1786043827.445728398,/novatel/oem7/fix,/novatel/oem7/fix,/novatel/oem7/inspva,39.663,-75.756,-1.800924957,0.001530772,0.000827967,-0.000213991,-0.001515741,0.000827967,,0,
1786043827449315781,1786043827.446282104,/novatel/oem7/odom,/novatel/oem7/fix,/novatel/oem7/odom,39.663,-75.756,-1.800924957,0.001534176,0.000821642,-0.001527664,-0.000141210,0.000821642,,,
1786043827457739506,1786043827.456588818,/novatel/oem7/odom,/novatel/oem7/fix,/novatel/oem7/odom,39.663,-75.756,-1.800924957,0.001534176,0.000821642,-0.001527664,-0.000141210,0.000821642,,,
1786043827465958913,1786043827.465081154,/novatel/oem7/inspva,/novatel/oem7/inspva,/novatel/oem7/inspva,39.663,-75.756,-1.800910374,0.001762565,0.000674425,-0.000900272,-0.001515304,0.000674425,,novatel_oem7_msgs.msg.InertialSolutionStatus(status=3),
1786043827467786554,1786043827.465329119,/novatel/oem7/fix,/novatel/oem7/fix,/novatel/oem7/inspva,39.663,-75.756,-1.800910374,0.001762565,0.000674425,-0.000900272,-0.001515304,0.000674425,,0,
1786043827469214122,1786043827.466051300,/novatel/oem7/odom,/novatel/oem7/fix,/novatel/oem7/odom,39.663,-75.756,-1.800910374,0.001765699,0.000666177,-0.001560442,-0.000826265,0.000666177,,,
1786043827476402768,1786043827.475519879,/novatel/oem7/odom,/novatel/oem7/fix,/novatel/oem7/odom,39.663,-75.756,-1.800910374,0.001765699,0.000666177,-0.001560442,-0.000826265,0.000666177,,,
1786043827486895972,1786043827.485493477,/novatel/oem7/inspva,/novatel/oem7/inspva,/novatel/oem7/inspva,39.663,-75.756,-1.800894399,0.001517929,0.000628053,-0.000611268,-0.001389410,0.000628053,,novatel_oem7_msgs.msg.InertialSolutionStatus(status=3),
1786043827488570442,1786043827.485844787,/novatel/oem7/fix,/novatel/oem7/fix,/novatel/oem7/inspva,39.663,-75.756,-1.800894399,0.001517929,0.000628053,-0.000611268,-0.001389410,0.000628053,,0,
1786043827489704073,1786043827.486598945,/novatel/oem7/odom,/novatel/oem7/fix,/novatel/oem7/odom,39.663,-75.756,-1.800894399,0.001520786,0.000621103,-0.001420278,-0.000543692,0.000621103,,,
1786043827495689891,1786043827.494919243,/novatel/oem7/odom,/novatel/oem7/fix,/novatel/oem7/odom,39.663,-75.756,-1.800894399,0.001520786,0.000621103,-0.001420278,-0.000543692,0.000621103,,,
1786043827506868694,1786043827.506203327,/novatel/oem7/inspva,/novatel/oem7/inspva,/novatel/oem7/inspva,39.663,-75.756,-1.800876307,0.001855631,0.000823346,-0.001145666,-0.001459732,0.000823346,,novatel_oem7_msgs.msg.InertialSolutionStatus(status=3),
1786043827508378022,1786043827.506456873,/novatel/oem7/fix,/novatel/oem7/fix,/novatel/oem7/inspva,39.663,-75.756,-1.800876307,0.001855631,0.000823346,-0.001145666,-0.001459732,0.000823346,,0,
1786043827509524221,1786043827.506941898,/novatel/oem7/odom,/novatel/oem7/fix,/novatel/oem7/odom,39.663,-75.756,-1.800876307,0.001859483,0.000814608,-0.001517621,-0.001074478,0.000814608,,,
1786043827513055503,1786043827.512263308,/novatel/oem7/bestpos,/novatel/oem7/bestpos,/novatel/oem7/odom,39.663,-75.756,33.181453004,0.001859483,0.000814608,-0.001517621,-0.001074478,0.000814608,,novatel_oem7_msgs.msg.SolutionStatus(status=0),novatel_oem7_msgs.msg.PositionOrVelocityType(type=53)
1786043827514612128,1786043827.512645425,/novatel/oem7/bestvel,/novatel/oem7/bestpos,/novatel/oem7/bestvel,39.663,-75.756,33.181453004,0.001795041,0.000797117,,,,225.021621019,novatel_oem7_msgs.msg.SolutionStatus(status=0),novatel_oem7_msgs.msg.PositionOrVelocityType(type=53)
1786043827516327573,1786043827.514442150,/novatel/oem7/odom,/novatel/oem7/bestpos,/novatel/oem7/odom,39.663,-75.756,33.181453004,0.001859483,0.000814608,-0.001517621,-0.001074478,0.000814608,,,
1786043827526236713,1786043827.525224596,/novatel/oem7/inspva,/novatel/oem7/inspva,/novatel/oem7/inspva,39.663,-75.756,-1.800861199,0.001512134,0.000613408,-0.000982875,-0.001149133,0.000613408,,novatel_oem7_msgs.msg.InertialSolutionStatus(status=3),
1786043827528228570,1786043827.525499725,/novatel/oem7/fix,/novatel/oem7/fix,/novatel/oem7/inspva,39.663,-75.756,-1.800861199,0.001512134,0.000613408,-0.000982875,-0.001149133,0.000613408,,0,
1786043827529805322,1786043827.526144299,/novatel/oem7/odom,/novatel/oem7/fix,/novatel/oem7/odom,39.663,-75.756,-1.800861199,0.001514999,0.000606298,-0.001198553,-0.000926657,0.000606298,,,
1786043827536609078,1786043827.535569011,/novatel/oem7/odom,/novatel/oem7/fix,/novatel/oem7/odom,39.663,-75.756,-1.800861199,0.001514999,0.000606298,-0.001198553,-0.000926657,0.000606298,,,
1786043827545806664,1786043827.544925945,/novatel/oem7/inspva,/novatel/oem7/inspva,/novatel/oem7/inspva,39.663,-75.756,-1.800841256,0.001896525,0.000741389,-0.001149082,-0.001508780,0.000741389,,novatel_oem7_msgs.msg.InertialSolutionStatus(status=3),
1786043827547666947,1786043827.545163558,/novatel/oem7/fix,/novatel/oem7/fix,/novatel/oem7/inspva,39.663,-75.756,-1.800841256,0.001896525,0.000741389,-0.001149082,-0.001508780,0.000741389,,0,
1786043827548918756,1786043827.545733717,/novatel/oem7/odom,/novatel/oem7/fix,/novatel/oem7/odom,39.663,-75.756,-1.800841256,0.001899992,0.000732458,-0.001566453,-0.001075266,0.000732458,,,
1786043827556901147,1786043827.555713208,/novatel/oem7/odom,/novatel/oem7/fix,/novatel/oem7/odom,39.663,-75.756,-1.800841256,0.001899992,0.000732458,-0.001566453,-0.001075266,0.000732458,,,
1786043827567510421,1786043827.566571254,/novatel/oem7/inspva,/novatel/oem7/inspva,/novatel/oem7/inspva,39.663,-75.756,-1.800819639,0.001716394,0.001185740,-0.000952581,-0.001427795,0.001185740,,novatel_oem7_msgs.msg.InertialSolutionStatus(status=3),
1786043827569572302,1786043827.566870677,/novatel/oem7/fix,/novatel/oem7/fix,/novatel/oem7/inspva,39.663,-75.756,-1.800819639,0.001716394,0.001185740,-0.000952581,-0.001427795,0.001185740,,0,
1786043827571233992,1786043827.567558118,/novatel/oem7/odom,/novatel/oem7/fix,/novatel/oem7/odom,39.663,-75.756,-1.800819639,0.001721940,0.001177672,-0.001477611,-0.000884162,0.001177672,,,
1786043827575665253,1786043827.574793998,/novatel/oem7/odom,/novatel/oem7/fix,/novatel/oem7/odom,39.663,-75.756,-1.800819639,0.001721940,0.001177672,-0.001477611,-0.000884162,0.001177672,,,
1786043827586087716,1786043827.585119029,/novatel/oem7/inspva,/novatel/oem7/inspva,/novatel/oem7/inspva,39.663,-75.756,-1.800802606,0.001810373,0.000882205,-0.001092153,-0.001443833,0.000882205,,novatel_oem7_msgs.msg.InertialSolutionStatus(status=3),
1786043827588182373,1786043827.585360078,/novatel/oem7/fix,/novatel/oem7/fix,/novatel/oem7/inspva,39.663,-75.756,-1.800802606,0.001810373,0.000882205,-0.001092153,-0.001443833,0.000882205,,0,
1786043827589687798,1786043827.585982135,/novatel/oem7/odom,/novatel/oem7/fix,/novatel/oem7/odom,39.663,-75.756,-1.800802606,0.001814517,0.000873651,-0.001499351,-0.001021968,0.000873651,,,
1786043827595758420,1786043827.594720003,/novatel/oem7/odom,/novatel/oem7/fix,/novatel/oem7/odom,39.663,-75.756,-1.800802606,0.001814517,0.000873651,-0.001499351,-0.001021968,0.000873651,,,
1786043827607298977,1786043827.606480002,/novatel/oem7/inspva,/novatel/oem7/inspva,/novatel/oem7/inspva,39.663,-75.756,-1.800782759,0.001714028,0.000921334,-0.001130959,-0.001287953,0.000921334,,novatel_oem7_msgs.msg.InertialSolutionStatus(status=3),
1786043827608997241,1786043827.606745468,/novatel/oem7/fix,/novatel/oem7/fix,/novatel/oem7/inspva,39.663,-75.756,-1.800782759,0.001714028,0.000921334,-0.001130959,-0.001287953,0.000921334,,0,
1786043827610058715,1786043827.607109415,/novatel/oem7/odom,/novatel/oem7/fix,/novatel/oem7/odom,39.663,-75.756,-1.800782759,0.001718342,0.000913263,-0.001345724,-0.001068516,0.000913263,,,
1786043827611643144,1786043827.610343208,/novatel/oem7/bestpos,/novatel/oem7/bestpos,/novatel/oem7/odom,39.663,-75.756,33.181539084,0.001718342,0.000913263,-0.001345724,-0.001068516,0.000913263,,novatel_oem7_msgs.msg.SolutionStatus(status=0),novatel_oem7_msgs.msg.PositionOrVelocityType(type=53)
1786043827612631048,1786043827.610729688,/novatel/oem7/bestvel,/novatel/oem7/bestpos,/novatel/oem7/bestvel,39.663,-75.756,33.181539084,0.001680449,0.000901223,,,,226.281913849,novatel_oem7_msgs.msg.SolutionStatus(status=0),novatel_oem7_msgs.msg.PositionOrVelocityType(type=53)
1786043827615825357,1786043827.614984925,/novatel/oem7/odom,/novatel/oem7/bestpos,/novatel/oem7/odom,39.663,-75.756,33.181539084,0.001718342,0.000913263,-0.001345724,-0.001068516,0.000913263,,,
1786043827626235968,1786043827.625374307,/novatel/oem7/inspva,/novatel/oem7/inspva,/novatel/oem7/inspva,39.663,-75.756,-1.800763900,0.001811496,0.000750771,-0.001229740,-0.001330135,0.000750771,,novatel_oem7_msgs.msg.InertialSolutionStatus(status=3),
1786043827628122238,1786043827.625675217,/novatel/oem7/fix,/novatel/oem7/fix,/novatel/oem7/inspva,39.663,-75.756,-1.800763900,0.001811496,0.000750771,-0.001229740,-0.001330135,0.000750771,,0,
1786043827629533976,1786043827.626315119,/novatel/oem7/odom,/novatel/oem7/fix,/novatel/oem7/odom,39.663,-75.756,-1.800763900,0.001814994,0.000742276,-0.001392061,-0.001164632,0.000742276,,,
1786043827635384741,1786043827.634542023,/novatel/oem7/odom,/novatel/oem7/fix,/novatel/oem7/odom,39.663,-75.756,-1.800763900,0.001814994,0.000742276,-0.001392061,-0.001164632,0.000742276,,,
1786043827645738046,1786043827.644959115,/novatel/oem7/inspva,/novatel/oem7/inspva,/novatel/oem7/inspva,39.663,-75.756,-1.800742732,0.001842164,0.001148302,-0.001200784,-0.001397027,0.001148302,,novatel_oem7_msgs.msg.InertialSolutionStatus(status=3),
1786043827647321292,1786043827.645205321,/novatel/oem7/fix,/novatel/oem7/fix,/novatel/oem7/inspva,39.663,-75.756,-1.800742732,0.001842164,0.001148302,-0.001200784,-0.001397027,0.001148302,,0,
1786043827648507524,1786043827.645730680,/novatel/oem7/odom,/novatel/oem7/fix,/novatel/oem7/odom,39.663,-75.756,-1.800742732,0.001847547,0.001139620,-0.001458994,-0.001133475,0.001139620,,,
1786043827657525225,1786043827.656414348,/novatel/oem7/odom,/novatel/oem7/fix,/novatel/oem7/odom,39.663,-75.756,-1.800742732,0.001847547,0.001139620,-0.001458994,-0.001133475,0.001139620,,,
1786043827665809123,1786043827.665002941,/novatel/oem7/inspva,/novatel/oem7/inspva,/novatel/oem7/inspva,39.663,-75.756,-1.800726367,0.001784695,0.000854975,-0.001131881,-0.001379849,0.000854975,,novatel_oem7_msgs.msg.InertialSolutionStatus(status=3),
1786043827667547271,1786043827.665240120,/novatel/oem7/fix,/novatel/oem7/fix,/novatel/oem7/inspva,39.663,-75.756,-1.800726367,0.001784695,0.000854975,-0.001131881,-0.001379849,0.000854975,,0,
1786043827668913124,1786043827.665853360,/novatel/oem7/odom,/novatel/oem7/fix,/novatel/oem7/odom,39.663,-75.756,-1.800726367,0.001788704,0.000846555,-0.001437304,-0.001064716,0.000846555,,,
1786043827675185998,1786043827.674352689,/novatel/oem7/odom,/novatel/oem7/fix,/novatel/oem7/odom,39.663,-75.756,-1.800726367,0.001788704,0.000846555,-0.001437304,-0.001064716,0.000846555,,,
1786043827687418005,1786043827.686617657,/novatel/oem7/inspva,/novatel/oem7/inspva,/novatel/oem7/inspva,39.663,-75.756,-1.800706056,0.001822721,0.000946389,-0.000873565,-0.001599748,0.000946389,,novatel_oem7_msgs.msg.InertialSolutionStatus(status=3),
1786043827689027248,1786043827.686849769,/novatel/oem7/fix,/novatel/oem7/fix,/novatel/oem7/inspva,39.663,-75.756,-1.800706056,0.001822721,0.000946389,-0.000873565,-0.001599748,0.000946389,,0,
1786043827690159123,1786043827.687405385,/novatel/oem7/odom,/novatel/oem7/fix,/novatel/oem7/odom,39.663,-75.756,-1.800706056,0.001827114,0.000937880,-0.001644547,-0.000796121,0.000937880,,,
1786043827695449569,1786043827.694765189,/novatel/oem7/odom,/novatel/oem7/fix,/novatel/oem7/odom,39.663,-75.756,-1.800706056,0.001827114,0.000937880,-0.001644547,-0.000796121,0.000937880,,,
1786043827706384417,1786043827.705823421,/novatel/oem7/inspva,/novatel/oem7/inspva,/novatel/oem7/inspva,39.663,-75.756,-1.800686779,0.001753992,0.000849505,-0.000587320,-0.001652738,0.000849505,,novatel_oem7_msgs.msg.InertialSolutionStatus(status=3),
1786043827707735281,1786043827.705992863,/novatel/oem7/fix,/novatel/oem7/fix,/novatel/oem7/inspva,39.663,-75.756,-1.800686779,0.001753992,0.000849505,-0.000587320,-0.001652738,0.000849505,,0,
1786043827708801244,1786043827.706510998,/novatel/oem7/odom,/novatel/oem7/fix,/novatel/oem7/odom,39.663,-75.756,-1.800686779,0.001757796,0.000841606,-0.001682987,-0.000507347,0.000841606,,,
1786043827710286953,1786043827.709483691,/novatel/oem7/bestpos,/novatel/oem7/bestpos,/novatel/oem7/odom,39.663,-75.756,33.181635704,0.001757796,0.000841606,-0.001682987,-0.000507347,0.000841606,,novatel_oem7_msgs.msg.SolutionStatus(status=0),novatel_oem7_msgs.msg.PositionOrVelocityType(type=53)
1786043827711704168,1786043827.710146095,/novatel/oem7/bestvel,/novatel/oem7/bestpos,/novatel/oem7/bestvel,39.663,-75.756,33.181635704,0.001839220,0.000924460,,,,248.987290098,novatel_oem7_msgs.msg.SolutionStatus(status=0),novatel_oem7_msgs.msg.PositionOrVelocityType(type=53)
1786043827716133456,1786043827.715476302,/novatel/oem7/odom,/novatel/oem7/bestpos,/novatel/oem7/odom,39.663,-75.756,33.181635704,0.001757796,0.000841606,-0.001682987,-0.000507347,0.000841606,,,
1786043827726195941,1786043827.725285821,/novatel/oem7/inspva,/novatel/oem7/inspva,/novatel/oem7/inspva,39.663,-75.756,-1.800668630,0.001718373,0.000819172,-0.000818046,-0.001511161,0.000819172,,novatel_oem7_msgs.msg.InertialSolutionStatus(status=3),
1786043827728078497,1786043827.725594478,/novatel/oem7/fix,/novatel/oem7/fix,/novatel/oem7/inspva,39.663,-75.756,-1.800668630,0.001718373,0.000819172,-0.000818046,-0.001511161,0.000819172,,0,
1786043827729582385,1786043827.726249945,/novatel/oem7/odom,/novatel/oem7/fix,/novatel/oem7/odom,39.663,-75.756,-1.800668630,0.001722179,0.000811140,-0.001552844,-0.000744699,0.000811140,,,
1786043827735803482,1786043827.734871562,/novatel/oem7/odom,/novatel/oem7/fix,/novatel/oem7/odom,39.663,-75.756,-1.800668630,0.001722179,0.000811140,-0.001552844,-0.000744699,0.000811140,,,
1786043827746883554,1786043827.746061579,/novatel/oem7/inspva,/novatel/oem7/inspva,/novatel/oem7/inspva,39.663,-75.756,-1.800646330,0.001789970,0.001049551,-0.000603627,-0.001685120,0.001049551,,novatel_oem7_msgs.msg.InertialSolutionStatus(status=3),
1786043827748619037,1786043827.746313394,/novatel/oem7/fix,/novatel/oem7/fix,/novatel/oem7/inspva,39.663,-75.756,-1.800646330,0.001789970,0.001049551,-0.000603627,-0.001685120,0.001049551,,0,
1786043827749820277,1786043827.746904460,/novatel/oem7/odom,/novatel/oem7/fix,/novatel/oem7/odom,39.663,-75.756,-1.800646330,0.001794684,0.001041470,-0.001716914,-0.000522586,0.001041470,,,
1786043827757120301,1786043827.755950002,/novatel/oem7/odom,/novatel/oem7/fix,/novatel/oem7/odom,39.663,-75.756,-1.800646330,0.001794684,0.001041470,-0.001716914,-0.000522586,0.001041470,,,
1786043827766125215,1786043827.765184385,/novatel/oem7/inspva,/novatel/oem7/inspva,/novatel/oem7/inspva,39.663,-75.756,-1.800625099,0.001937165,0.001071028,-0.000989539,-0.001665359,0.001071028,,novatel_oem7_msgs.msg.InertialSolutionStatus(status=3),
1786043827767957853,1786043827.765508112,/novatel/oem7/fix,/novatel/oem7/fix,/novatel/oem7/inspva,39.663,-75.756,-1.800625099,0.001937165,0.001071028,-0.000989539,-0.001665359,0.001071028,,0,
1786043827769359808,1786043827.766006857,/novatel/oem7/odom,/novatel/oem7/fix,/novatel/oem7/odom,39.663,-75.756,-1.800625099,0.001942166,0.001061934,-0.001716285,-0.000909051,0.001061934,,,
1786043827776213804,1786043827.775559094,/novatel/oem7/odom,/novatel/oem7/fix,/novatel/oem7/odom,39.663,-75.756,-1.800625099,0.001942166,0.001061934,-0.001716285,-0.000909051,0.001061934,,,
1786043827786177748,1786043827.785078664,/novatel/oem7/inspva,/novatel/oem7/inspva,/novatel/oem7/inspva,39.663,-75.756,-1.800599672,0.001749098,0.001250163,-0.000676921,-0.001612800,0.001250163,,novatel_oem7_msgs.msg.InertialSolutionStatus(status=3),
1786043827788029594,1786043827.785303593,/novatel/oem7/fix,/novatel/oem7/fix,/novatel/oem7/inspva,39.663,-75.756,-1.800599672,0.001749098,0.001250163,-0.000676921,-0.001612800,0.001250163,,0,
1786043827789261656,1786043827.785915255,/novatel/oem7/odom,/novatel/oem7/fix,/novatel/oem7/odom,39.663,-75.756,-1.800599672,0.001754797,0.001242151,-0.001649081,-0.000599872,0.001242151,,,
1786043827795408581,1786043827.794566406,/novatel/oem7/odom,/novatel/oem7/fix,/novatel/oem7/odom,39.663,-75.756,-1.800599672,0.001754797,0.001242151,-0.001649081,-0.000599872,0.001242151,,,
1786043827807878614,1786043827.807011309,/novatel/oem7/inspva,/novatel/oem7/inspva,/novatel/oem7/inspva,39.663,-75.756,-1.800579031,0.001943450,0.000804058,-0.000799412,-0.001771422,0.000804058,,novatel_oem7_msgs.msg.InertialSolutionStatus(status=3),
1786043827809370683,1786043827.807238511,/novatel/oem7/fix,/novatel/oem7/fix,/novatel/oem7/inspva,39.663,-75.756,-1.800579031,0.001943450,0.000804058,-0.000799412,-0.001771422,0.000804058,,0,
1786043827810464088,1786043827.807805461,/novatel/oem7/odom,/novatel/oem7/fix,/novatel/oem7/odom,39.663,-75.756,-1.800579031,0.001947128,0.000795109,-0.001811806,-0.000713209,0.000795109,,,
1786043827813389103,1786043827.810649506,/novatel/oem7/bestpos,/novatel/oem7/bestpos,/novatel/oem7/odom,39.663,-75.756,33.181743069,0.001947128,0.000795109,-0.001811806,-0.000713209,0.000795109,,novatel_oem7_msgs.msg.SolutionStatus(status=0),novatel_oem7_msgs.msg.PositionOrVelocityType(type=53)
1786043827815000110,1786043827.811120777,/novatel/oem7/bestvel,/novatel/oem7/bestpos,/novatel/oem7/bestvel,39.663,-75.756,33.181743069,0.002061524,0.000805364,,,,252.123150113,novatel_oem7_msgs.msg.SolutionStatus(status=0),novatel_oem7_msgs.msg.PositionOrVelocityType(type=53)
1786043827817847175,1786043827.815050570,/novatel/oem7/odom,/novatel/oem7/bestpos,/novatel/oem7/odom,39.663,-75.756,33.181743069,0.001947128,0.000795109,-0.001811806,-0.000713209,0.000795109,,,
1786043827826125332,1786043827.825198660,/novatel/oem7/inspva,/novatel/oem7/inspva,/novatel/oem7/inspva,39.663,-75.756,-1.800549269,0.002129874,0.001030300,-0.000624439,-0.002036280,0.001030300,,novatel_oem7_msgs.msg.InertialSolutionStatus(status=3),
1786043827827939211,1786043827.825454229,/novatel/oem7/fix,/novatel/oem7/fix,/novatel/oem7/inspva,39.663,-75.756,-1.800549269,0.002129874,0.001030300,-0.000624439,-0.002036280,0.001030300,,0,
1786043827829293271,1786043827.826258751,/novatel/oem7/odom,/novatel/oem7/fix,/novatel/oem7/odom,39.663,-75.756,-1.800549269,0.002134413,0.001020862,-0.002068591,-0.000525976,0.001020862,,,
1786043827836560622,1786043827.835598275,/novatel/oem7/odom,/novatel/oem7/fix,/novatel/oem7/odom,39.663,-75.756,-1.800549269,0.002134413,0.001020862,-0.002068591,-0.000525976,0.001020862,,,
1786043827846372304,1786043827.845397681,/novatel/oem7/inspva,/novatel/oem7/inspva,/novatel/oem7/inspva,39.663,-75.756,-1.800522162,0.002075949,0.001344580,-0.001031943,-0.001801293,0.001344580,,novatel_oem7_msgs.msg.InertialSolutionStatus(status=3),
1786043827848087898,1786043827.845662337,/novatel/oem7/fix,/novatel/oem7/fix,/novatel/oem7/inspva,39.663,-75.756,-1.800522162,0.002075949,0.001344580,-0.001031943,-0.001801293,0.001344580,,0,
1786043827849256843,1786043827.846358791,/novatel/oem7/odom,/novatel/oem7/fix,/novatel/oem7/odom,39.663,-75.756,-1.800522162,0.002082221,0.001334847,-0.001855235,-0.000945382,0.001334847,,,
1786043827857665062,1786043827.856695622,/novatel/oem7/odom,/novatel/oem7/fix,/novatel/oem7/odom,39.663,-75.756,-1.800522162,0.002082221,0.001334847,-0.001855235,-0.000945382,0.001334847,,,
1786043827867132017,1786043827.866179268,/novatel/oem7/inspva,/novatel/oem7/inspva,/novatel/oem7/inspva,39.663,-75.756,-1.800494052,0.002055512,0.001432437,-0.000805643,-0.001891050,0.001432437,,novatel_oem7_msgs.msg.InertialSolutionStatus(status=3),
1786043827868893559,1786043827.866498958,/novatel/oem7/fix,/novatel/oem7/fix,/novatel/oem7/inspva,39.663,-75.756,-1.800494052,0.002055512,0.001432437,-0.000805643,-0.001891050,0.001432437,,0,
1786043827870321817,1786043827.866965690,/novatel/oem7/odom,/novatel/oem7/fix,/novatel/oem7/odom,39.663,-75.756,-1.800494052,0.002062047,0.001423013,-0.001934057,-0.000715168,0.001423013,,,
1786043827875388581,1786043827.874733084,/novatel/oem7/odom,/novatel/oem7/fix,/novatel/oem7/odom,39.663,-75.756,-1.800494052,0.002062047,0.001423013,-0.001934057,-0.000715168,0.001423013,,,
1786043827886622119,1786043827.885396962,/novatel/oem7/inspva,/novatel/oem7/inspva,/novatel/oem7/inspva,39.663,-75.756,-1.800473234,0.002098710,0.000703940,-0.001070591,-0.001805109,0.000703940,,novatel_oem7_msgs.msg.InertialSolutionStatus(status=3),
1786043827888670462,1786043827.885733180,/novatel/oem7/fix,/novatel/oem7/fix,/novatel/oem7/inspva,39.663,-75.756,-1.800473234,0.002098710,0.000703940,-0.001070591,-0.001805109,0.000703940,,0,
1786043827890100604,1786043827.886363759,/novatel/oem7/odom,/novatel/oem7/fix,/novatel/oem7/odom,39.663,-75.756,-1.800473234,0.002101982,0.000694109,-0.001858450,-0.000982086,0.000694109,,,
1786043827896458984,1786043827.895624110,/novatel/oem7/odom,/novatel/oem7/fix,/novatel/oem7/odom,39.663,-75.756,-1.800473234,0.002101982,0.000694109,-0.001858450,-0.000982086,0.000694109,,,
1786043827906750375,1786043827.905964894,/novatel/oem7/inspva,/novatel/oem7/inspva,/novatel/oem7/inspva,39.663,-75.756,-1.800442264,0.002157096,0.000982471,-0.001050411,-0.001884064,0.000982471,,novatel_oem7_msgs.msg.InertialSolutionStatus(status=3),
1786043827908275514,1786043827.906187580,/novatel/oem7/fix,/novatel/oem7/fix,/novatel/oem7/inspva,39.663,-75.756,-1.800442264,0.002157096,0.000982471,-0.001050411,-0.001884064,0.000982471,,0,
1786043827909461240,1786043827.906612687,/novatel/oem7/odom,/novatel/oem7/fix,/novatel/oem7/odom,39.663,-75.756,-1.800442264,0.002161667,0.000972370,-0.001937402,-0.000958791,0.000972370,,,
1786043827911298375,1786043827.909616245,/novatel/oem7/bestpos,/novatel/oem7/bestpos,/novatel/oem7/odom,39.663,-75.756,33.181877187,0.002161667,0.000972370,-0.001937402,-0.000958791,0.000972370,,novatel_oem7_msgs.msg.SolutionStatus(status=0),novatel_oem7_msgs.msg.PositionOrVelocityType(type=53)
1786043827912532261,1786043827.910445620,/novatel/oem7/bestvel,/novatel/oem7/bestpos,/novatel/oem7/bestvel,39.663,-75.756,33.181877187,0.002134933,0.000906412,,,,246.366547507,novatel_oem7_msgs.msg.SolutionStatus(status=0),novatel_oem7_msgs.msg.PositionOrVelocityType(type=53)
1786043827915179594,1786043827.914500064,/novatel/oem7/odom,/novatel/oem7/bestpos,/novatel/oem7/odom,39.663,-75.756,33.181877187,0.002161667,0.000972370,-0.001937402,-0.000958791,0.000972370,,,
1786043827927377224,1786043827.926521609,/novatel/oem7/inspva,/novatel/oem7/inspva,/novatel/oem7/inspva,39.663,-75.756,-1.800415026,0.002346397,0.001200175,-0.000783657,-0.002211665,0.001200175,,novatel_oem7_msgs.msg.InertialSolutionStatus(status=3),
1786043827928863196,1786043827.926780785,/novatel/oem7/fix,/novatel/oem7/fix,/novatel/oem7/inspva,39.663,-75.756,-1.800415026,0.002346397,0.001200175,-0.000783657,-0.002211665,0.001200175,,0,
1786043827929943323,1786043827.927331234,/novatel/oem7/odom,/novatel/oem7/fix,/novatel/oem7/odom,39.663,-75.756,-1.800415026,0.002351786,0.001189581,-0.002252314,-0.000676742,0.001189581,,,
1786043827935327355,1786043827.934670608,/novatel/oem7/odom,/novatel/oem7/fix,/novatel/oem7/odom,39.663,-75.756,-1.800415026,0.002351786,0.001189581,-0.002252314,-0.000676742,0.001189581,,,
1786043827945608396,1786043827.944879375,/novatel/oem7/inspva,/novatel/oem7/inspva,/novatel/oem7/inspva,39.663,-75.756,-1.800386004,0.002247424,0.001339586,-0.000888577,-0.002064303,0.001339586,,novatel_oem7_msgs.msg.InertialSolutionStatus(status=3),
1786043827946911679,1786043827.945082051,/novatel/oem7/fix,/novatel/oem7/fix,/novatel/oem7/inspva,39.663,-75.756,-1.800386004,0.002247424,0.001339586,-0.000888577,-0.002064303,0.001339586,,0,
1786043827947968910,1786043827.945574375,/novatel/oem7/odom,/novatel/oem7/fix,/novatel/oem7/odom,39.663,-75.756,-1.800386004,0.002253552,0.001329251,-0.002110842,-0.000789204,0.001329251,,,
1786043827956755495,1786043827.955740715,/novatel/oem7/odom,/novatel/oem7/fix,/novatel/oem7/odom,39.663,-75.756,-1.800386004,0.002253552,0.001329251,-0.002110842,-0.000789204,0.001329251,,,
1786043827966415239,1786043827.965342079,/novatel/oem7/inspva,/novatel/oem7/inspva,/novatel/oem7/inspva,39.663,-75.756,-1.800360733,0.002240670,0.001043421,-0.000845937,-0.002074848,0.001043421,,novatel_oem7_msgs.msg.InertialSolutionStatus(status=3),
1786043827968389390,1786043827.965694045,/novatel/oem7/fix,/novatel/oem7/fix,/novatel/oem7/inspva,39.663,-75.756,-1.800360733,0.002240670,0.001043421,-0.000845937,-0.002074848,0.001043421,,0,
1786043827969926545,1786043827.966313435,/novatel/oem7/odom,/novatel/oem7/fix,/novatel/oem7/odom,39.663,-75.756,-1.800360733,0.002245419,0.001033162,-0.002118130,-0.000745274,0.001033162,,,
1786043827975621663,1786043827.974942516,/novatel/oem7/odom,/novatel/oem7/fix,/novatel/oem7/odom,39.663,-75.756,-1.800360733,0.002245419,0.001033162,-0.002118130,-0.000745274,0.001033162,,,
1786043827986788586,1786043827.985879573,/novatel/oem7/inspva,/novatel/oem7/inspva,/novatel/oem7/inspva,39.663,-75.756,-1.800327858,0.002353509,0.001609125,-0.000830615,-0.002202064,0.001609125,,novatel_oem7_msgs.msg.InertialSolutionStatus(status=3),
1786043827988318874,1786043827.986128532,/novatel/oem7/fix,/novatel/oem7/fix,/novatel/oem7/inspva,39.663,-75.756,-1.800327858,0.002353509,0.001609125,-0.000830615,-0.002202064,0.001609125,,0,
1786043827989404405,1786043827.986668031,/novatel/oem7/odom,/novatel/oem7/fix,/novatel/oem7/odom,39.663,-75.756,-1.800327858,0.002360797,0.001598415,-0.002246653,-0.000725197,0.001598415,,,
1786043827995329695,1786043827.994571138,/novatel/oem7/odom,/novatel/oem7/fix,/novatel/oem7/odom,39.663,-75.756,-1.800327858,0.002360797,0.001598415,-0.002246653,-0.000725197,0.001598415,,,
1786043828009560370,1786043828.008511129,/novatel/oem7/inspva,/novatel/oem7/inspva,/novatel/oem7/inspva,39.663,-75.756,-1.800305945,0.002525577,0.000773547,-0.000799572,-0.002395668,0.000773547,,novatel_oem7_msgs.msg.InertialSolutionStatus(status=3),
1786043828011560770,1786043828.008797836,/novatel/oem7/fix,/novatel/oem7/fix,/novatel/oem7/inspva,39.663,-75.756,-1.800305945,0.002525577,0.000773547,-0.000799572,-0.002395668,0.000773547,,0,
1786043828013200530,1786043828.011849133,/novatel/oem7/odom,/novatel/oem7/fix,/novatel/oem7/odom,39.663,-75.756,-1.800305945,0.002529025,0.000762200,-0.002435215,-0.000682419,0.000762200,,,
1786043828016304092,1786043828.015540520,/novatel/oem7/odom,/novatel/oem7/fix,/novatel/oem7/odom,39.663,-75.756,-1.800305945,0.002529025,0.000762200,-0.002435215,-0.000682419,0.000762200,,,
1786043828027246912,1786043828.026295229,/novatel/oem7/bestpos,/novatel/oem7/bestpos,/novatel/oem7/odom,39.663,-75.756,33.182006752,0.002529025,0.000762200,-0.002435215,-0.000682419,0.000762200,,novatel_oem7_msgs.msg.SolutionStatus(status=0),novatel_oem7_msgs.msg.PositionOrVelocityType(type=53)
1786043828029065791,1786043828.026702700,/novatel/oem7/bestvel,/novatel/oem7/bestpos,/novatel/oem7/bestvel,39.663,-75.756,33.182006752,0.002525571,0.000799707,,,,249.976485119,novatel_oem7_msgs.msg.SolutionStatus(status=0),novatel_oem7_msgs.msg.PositionOrVelocityType(type=53)
1786043828030000613,1786043828.027167158,/novatel/oem7/inspva,/novatel/oem7/inspva,/novatel/oem7/inspva,39.663,-75.756,-1.800275872,0.002552998,0.000923099,-0.000906352,-0.002386698,0.000923099,,novatel_oem7_msgs.msg.InertialSolutionStatus(status=3),
1786043828030910056,1786043828.027414040,/novatel/oem7/fix,/novatel/oem7/fix,/novatel/oem7/inspva,39.663,-75.756,-1.800275872,0.002552998,0.000923099,-0.000906352,-0.002386698,0.000923099,,0,
1786043828031988847,1786043828.027822591,/novatel/oem7/odom,/novatel/oem7/fix,/novatel/oem7/odom,39.663,-75.756,-1.800275872,0.002557178,0.000911457,-0.002432121,-0.000789902,0.000911457,,,
1786043828035181249,1786043828.034508452,/novatel/oem7/odom,/novatel/oem7/fix,/novatel/oem7/odom,39.663,-75.756,-1.800275872,0.002557178,0.000911457,-0.002432121,-0.000789902,0.000911457,,,
1786043828048158130,1786043828.046929522,/novatel/oem7/inspva,/novatel/oem7/inspva,/novatel/oem7/inspva,39.663,-75.756,-1.800271144,0.002774646,0.001410226,-0.000670520,-0.002692409,0.001410226,,novatel_oem7_msgs.msg.InertialSolutionStatus(status=3),
1786043828050110050,1786043828.047246875,/novatel/oem7/fix,/novatel/oem7/fix,/novatel/oem7/inspva,39.663,-75.756,-1.800271144,0.002774646,0.001410226,-0.000670520,-0.002692409,0.001410226,,0,
1786043828051613869,1786043828.048018723,/novatel/oem7/odom,/novatel/oem7/fix,/novatel/oem7/odom,39.663,-75.756,-1.800271144,0.002780797,0.001398059,-0.002727747,-0.000540581,0.001398059,,,
1786043828057127048,1786043828.056241656,/novatel/oem7/odom,/novatel/oem7/fix,/novatel/oem7/odom,39.663,-75.756,-1.800271144,0.002780797,0.001398059,-0.002727747,-0.000540581,0.001398059,,,
1786043828066011581,1786043828.065114369,/novatel/oem7/inspva,/novatel/oem7/inspva,/novatel/oem7/inspva,39.663,-75.756,-1.800279726,0.002667817,0.001527530,-0.000815467,-0.002540130,0.001527530,,novatel_oem7_msgs.msg.InertialSolutionStatus(status=3),
1786043828067628191,1786043828.065391855,/novatel/oem7/fix,/novatel/oem7/fix,/novatel/oem7/inspva,39.663,-75.756,-1.800279726,0.002667817,0.001527530,-0.000815467,-0.002540130,0.001527530,,0,
1786043828068681105,1786043828.065988578,/novatel/oem7/odom,/novatel/oem7/fix,/novatel/oem7/odom,39.663,-75.756,-1.800279726,0.002674651,0.001515532,-0.002583264,-0.000693186,0.001515532,,,
1786043828076905191,1786043828.075750367,/novatel/oem7/odom,/novatel/oem7/fix,/novatel/oem7/odom,39.663,-75.756,-1.800279726,0.002674651,0.001515532,-0.002583264,-0.000693186,0.001515532,,,
1786043828086218070,1786043828.085457862,/novatel/oem7/inspva,/novatel/oem7/inspva,/novatel/oem7/inspva,39.663,-75.756,-1.800286031,0.002514880,0.000967475,-0.000759394,-0.002397486,0.000967475,,novatel_oem7_msgs.msg.InertialSolutionStatus(status=3),
1786043828087662424,1786043828.085697487,/novatel/oem7/fix,/novatel/oem7/fix,/novatel/oem7/inspva,39.663,-75.756,-1.800286031,0.002514880,0.000967475,-0.000759394,-0.002397486,0.000967475,,0,
1786043828088740158,1786043828.086263823,/novatel/oem7/odom,/novatel/oem7/fix,/novatel/oem7/odom,39.663,-75.756,-1.800286031,0.002519192,0.000956189,-0.002435825,-0.000642719,0.000956189,,,
1786043828095699142,1786043828.094808550,/novatel/oem7/odom,/novatel/oem7/fix,/novatel/oem7/odom,39.663,-75.756,-1.800286031,0.002519192,0.000956189,-0.002435825,-0.000642719,0.000956189,,,
1786043828107040330,1786043828.106026916,/novatel/oem7/inspva,/novatel/oem7/inspva,/novatel/oem7/inspva,39.663,-75.756,-1.800290677,0.002537108,0.001304970,-0.000954688,-0.002350636,0.001304970,,novatel_oem7_msgs.msg.InertialSolutionStatus(status=3),
1786043828108664980,1786043828.106341646,/novatel/oem7/fix,/novatel/oem7/fix,/novatel/oem7/inspva,39.663,-75.756,-1.800290677,0.002537108,0.001304970,-0.000954688,-0.002350636,0.001304970,,0,
1786043828110007860,1786043828.106992510,/novatel/oem7/odom,/novatel/oem7/fix,/novatel/oem7/odom,39.663,-75.756,-1.800290677,0.002543081,0.001293293,-0.002400003,-0.000840980,0.001293293,,,
1786043828111619267,1786043828.109198018,/novatel/oem7/bestpos,/novatel/oem7/bestpos,/novatel/oem7/odom,39.663,-75.756,33.181984207,0.002543081,0.001293293,-0.002400003,-0.000840980,0.001293293,,novatel_oem7_msgs.msg.SolutionStatus(status=0),novatel_oem7_msgs.msg.PositionOrVelocityType(type=53)
1786043828112614323,1786043828.109588502,/novatel/oem7/bestvel,/novatel/oem7/bestpos,/novatel/oem7/bestvel,39.663,-75.756,33.181984207,0.002366759,0.001220525,,,,245.393958814,novatel_oem7_msgs.msg.SolutionStatus(status=0),novatel_oem7_msgs.msg.PositionOrVelocityType(type=53)
1786043828116304150,1786043828.115642014,/novatel/oem7/odom,/novatel/oem7/bestpos,/novatel/oem7/odom,39.663,-75.756,33.181984207,0.002543081,0.001293293,-0.002400003,-0.000840980,0.001293293,,,
1786043828126190374,1786043828.125341516,/novatel/oem7/inspva,/novatel/oem7/inspva,/novatel/oem7/inspva,39.663,-75.756,-1.800290390,0.002781125,0.001504087,-0.001121037,-0.002545178,0.001504087,,novatel_oem7_msgs.msg.InertialSolutionStatus(status=3),
1786043828127843927,1786043828.125599321,/novatel/oem7/fix,/novatel/oem7/fix,/novatel/oem7/inspva,39.663,-75.756,-1.800290390,0.002781125,0.001504087,-0.001121037,-0.002545178,0.001504087,,0,
1786043828128975689,1786043828.126171007,/novatel/oem7/odom,/novatel/oem7/fix,/novatel/oem7/odom,39.663,-75.756,-1.800290390,0.002788052,0.001491206,-0.002603304,-0.000998020,0.001491206,,,
1786043828136065427,1786043828.135395784,/novatel/oem7/odom,/novatel/oem7/fix,/novatel/oem7/odom,39.663,-75.756,-1.800290390,0.002788052,0.001491206,-0.002603304,-0.000998020,0.001491206,,,
1786043828146882730,1786043828.146104939,/novatel/oem7/inspva,/novatel/oem7/inspva,/novatel/oem7/inspva,39.663,-75.756,-1.800295718,0.002417468,0.001276736,-0.001152534,-0.002125045,0.001276736,,novatel_oem7_msgs.msg.InertialSolutionStatus(status=3),
1786043828148242914,1786043828.146349271,/novatel/oem7/fix,/novatel/oem7/fix,/novatel/oem7/inspva,39.663,-75.756,-1.800295718,0.002417468,0.001276736,-0.001152534,-0.002125045,0.001276736,,0,
1786043828149306212,1786043828.146806056,/novatel/oem7/odom,/novatel/oem7/fix,/novatel/oem7/odom,39.663,-75.756,-1.800295718,0.002423441,0.001265362,-0.002184345,-0.001049620,0.001265362,,,
1786043828156368536,1786043828.155702895,/novatel/oem7/odom,/novatel/oem7/fix,/novatel/oem7/odom,39.663,-75.756,-1.800295718,0.002423441,0.001265362,-0.002184345,-0.001049620,0.001265362,,,
1786043828167463595,1786043828.166551506,/novatel/oem7/inspva,/novatel/oem7/inspva,/novatel/oem7/inspva,39.663,-75.756,-1.800289618,0.002785658,0.001722789,-0.001038297,-0.002584924,0.001722789,,novatel_oem7_msgs.msg.InertialSolutionStatus(status=3),
1786043828169031881,1786043828.166826836,/novatel/oem7/fix,/novatel/oem7/fix,/novatel/oem7/inspva,39.663,-75.756,-1.800289618,0.002785658,0.001722789,-0.001038297,-0.002584924,0.001722789,,0,
1786043828170170203,1786043828.167384751,/novatel/oem7/odom,/novatel/oem7/fix,/novatel/oem7/odom,39.663,-75.756,-1.800289618,0.002793553,0.001709958,-0.002639799,-0.000914001,0.001709958,,,
1786043828175710142,1786043828.175010732,/novatel/oem7/odom,/novatel/oem7/fix,/novatel/oem7/odom,39.663,-75.756,-1.800289618,0.002793553,0.001709958,-0.002639799,-0.000914001,0.001709958,,,
1786043828185728710,1786043828.184956672,/novatel/oem7/inspva,/novatel/oem7/inspva,/novatel/oem7/inspva,39.663,-75.756,-1.800294589,0.002647081,0.001630494,-0.000992256,-0.002454072,0.001630494,,novatel_oem7_msgs.msg.InertialSolutionStatus(status=3),
1786043828187293599,1786043828.185196395,/novatel/oem7/fix,/novatel/oem7/fix,/novatel/oem7/inspva,39.663,-75.756,-1.800294589,0.002647081,0.001630494,-0.000992256,-0.002454072,0.001630494,,0,
1786043828188865002,1786043828.185660333,/novatel/oem7/odom,/novatel/oem7/fix,/novatel/oem7/odom,39.663,-75.756,-1.800294589,0.002654549,0.001618308,-0.002506462,-0.000874228,0.001618308,,,
1786043828196950737,1786043828.195740221,/novatel/oem7/odom,/novatel/oem7/fix,/novatel/oem7/odom,39.663,-75.756,-1.800294589,0.002654549,0.001618308,-0.002506462,-0.000874228,0.001618308,,,
1786043828207666722,1786043828.206851711,/novatel/oem7/inspva,/novatel/oem7/inspva,/novatel/oem7/inspva,39.663,-75.756,-1.800291871,0.002826521,0.001471613,-0.000792941,-0.002713018,0.001471613,,novatel_oem7_msgs.msg.InertialSolutionStatus(status=3),
1786043828209491334,1786043828.207138980,/novatel/oem7/fix,/novatel/oem7/fix,/novatel/oem7/inspva,39.663,-75.756,-1.800291871,0.002826521,0.001471613,-0.000792941,-0.002713018,0.001471613,,0,
1786043828210899145,1786043828.207521831,/novatel/oem7/odom,/novatel/oem7/fix,/novatel/oem7/odom,39.663,-75.756,-1.800291871,0.002833064,0.001458975,-0.002754652,-0.000661927,0.001458975,,,
1786043828212886545,1786043828.210453074,/novatel/oem7/bestpos,/novatel/oem7/bestpos,/novatel/oem7/odom,39.663,-75.756,33.181982582,0.002833064,0.001458975,-0.002754652,-0.000661927,0.001458975,,novatel_oem7_msgs.msg.SolutionStatus(status=0),novatel_oem7_msgs.msg.PositionOrVelocityType(type=53)
1786043828214166818,1786043828.210885352,/novatel/oem7/bestvel,/novatel/oem7/bestpos,/novatel/oem7/bestvel,39.663,-75.756,33.181982582,0.002415948,0.001180745,,,,254.899433804,novatel_oem7_msgs.msg.SolutionStatus(status=0),novatel_oem7_msgs.msg.PositionOrVelocityType(type=53)
1786043828216124995,1786043828.214938653,/novatel/oem7/odom,/novatel/oem7/bestpos,/novatel/oem7/odom,39.663,-75.756,33.181982582,0.002833064,0.001458975,-0.002754652,-0.000661927,0.001458975,,,
1786043828226847900,1786043828.226148563,/novatel/oem7/inspva,/novatel/oem7/inspva,/novatel/oem7/inspva,39.663,-75.756,-1.800290643,0.002514324,0.001515506,-0.000851996,-0.002365572,0.001515506,,novatel_oem7_msgs.msg.InertialSolutionStatus(status=3),
1786043828228368865,1786043828.226342131,/novatel/oem7/fix,/novatel/oem7/fix,/novatel/oem7/inspva,39.663,-75.756,-1.800290643,0.002514324,0.001515506,-0.000851996,-0.002365572,0.001515506,,0,
1786043828229503184,1786043828.226717652,/novatel/oem7/odom,/novatel/oem7/fix,/novatel/oem7/odom,39.663,-75.756,-1.800290643,0.002521203,0.001504035,-0.002410728,-0.000738142,0.001504035,,,
1786043828235349353,1786043828.234584949,/novatel/oem7/odom,/novatel/oem7/fix,/novatel/oem7/odom,39.663,-75.756,-1.800290643,0.002521203,0.001504035,-0.002410728,-0.000738142,0.001504035,,,
1786043828246304534,1786043828.245406891,/novatel/oem7/inspva,/novatel/oem7/inspva,/novatel/oem7/inspva,39.663,-75.756,-1.800279455,0.002924704,0.001993519,-0.001286772,-0.002626425,0.001993519,,novatel_oem7_msgs.msg.InertialSolutionStatus(status=3),
1786043828248217116,1786043828.245704024,/novatel/oem7/fix,/novatel/oem7/fix,/novatel/oem7/inspva,39.663,-75.756,-1.800279455,0.002924704,0.001993519,-0.001286772,-0.002626425,0.001993519,,0,
1786043828249790626,1786043828.246244641,/novatel/oem7/odom,/novatel/oem7/fix,/novatel/oem7/odom,39.663,-75.756,-1.800279455,0.002934003,0.001979807,-0.002694620,-0.001160776,0.001979807,,,
1786043828257401053,1786043828.256563387,/novatel/oem7/odom,/novatel/oem7/fix,/novatel/oem7/odom,39.663,-75.756,-1.800279455,0.002934003,0.001979807,-0.002694620,-0.001160776,0.001979807,,,
1786043828265839315,1786043828.265229462,/novatel/oem7/inspva,/novatel/oem7/inspva,/novatel/oem7/inspva,39.663,-75.756,-1.800281262,0.002677016,0.001609195,-0.000899649,-0.002521319,0.001609195,,novatel_oem7_msgs.msg.InertialSolutionStatus(status=3),
1786043828267233936,1786043828.265429457,/novatel/oem7/fix,/novatel/oem7/fix,/novatel/oem7/inspva,39.663,-75.756,-1.800281262,0.002677016,0.001609195,-0.000899649,-0.002521319,0.001609195,,0,
1786043828268337747,1786043828.265781374,/novatel/oem7/odom,/novatel/oem7/fix,/novatel/oem7/odom,39.663,-75.756,-1.800281262,0.002684335,0.001596957,-0.002569030,-0.000778291,0.001596957,,,
1786043828275251400,1786043828.274536933,/novatel/oem7/odom,/novatel/oem7/fix,/novatel/oem7/odom,39.663,-75.756,-1.800281262,0.002684335,0.001596957,-0.002569030,-0.000778291,0.001596957,,,
1786043828287134600,1786043828.286564434,/novatel/oem7/inspva,/novatel/oem7/inspva,/novatel/oem7/inspva,39.663,-75.756,-1.800272682,0.002956171,0.001660235,-0.000957986,-0.002796643,0.001660235,,novatel_oem7_msgs.msg.InertialSolutionStatus(status=3),
1786043828288516558,1786043828.286807584,/novatel/oem7/fix,/novatel/oem7/fix,/novatel/oem7/inspva,39.663,-75.756,-1.800272682,0.002956171,0.001660235,-0.000957986,-0.002796643,0.001660235,,0,
1786043828289594775,1786043828.287228960,/novatel/oem7/odom,/novatel/oem7/fix,/novatel/oem7/odom,39.663,-75.756,-1.800272682,0.002963702,0.001646754,-0.002847108,-0.000823107,0.001646754,,,
1786043828296298980,1786043828.295453225,/novatel/oem7/odom,/novatel/oem7/fix,/novatel/oem7/odom,39.663,-75.756,-1.800272682,0.002963702,0.001646754,-0.002847108,-0.000823107,0.001646754,,,
1786043828306246418,1786043828.305616221,/novatel/oem7/inspva,/novatel/oem7/inspva,/novatel/oem7/inspva,39.663,-75.756,-1.800268668,0.002619939,0.001716439,-0.000802827,-0.002493903,0.001716439,,novatel_oem7_msgs.msg.InertialSolutionStatus(status=3),
1786043828307626438,1786043828.305856870,/novatel/oem7/fix,/novatel/oem7/fix,/novatel/oem7/inspva,39.663,-75.756,-1.800268668,0.002619939,0.001716439,-0.000802827,-0.002493903,0.001716439,,0,
1786043828308691689,1786043828.306367705,/novatel/oem7/odom,/novatel/oem7/fix,/novatel/oem7/odom,39.663,-75.756,-1.800268668,0.002627683,0.001704560,-0.002537303,-0.000683235,0.001704560,,,
1786043828310202414,1786043828.308735439,/novatel/oem7/bestpos,/novatel/oem7/bestpos,/novatel/oem7/odom,39.663,-75.756,33.181995224,0.002627683,0.001704560,-0.002537303,-0.000683235,0.001704560,,novatel_oem7_msgs.msg.SolutionStatus(status=0),novatel_oem7_msgs.msg.PositionOrVelocityType(type=53)
1786043828311153813,1786043828.309326342,/novatel/oem7/bestvel,/novatel/oem7/bestpos,/novatel/oem7/bestvel,39.663,-75.756,33.181995224,0.002512191,0.001533921,,,,258.034155620,novatel_oem7_msgs.msg.SolutionStatus(status=0),novatel_oem7_msgs.msg.PositionOrVelocityType(type=53)
1786043828315032616,1786043828.314367656,/novatel/oem7/odom,/novatel/oem7/bestpos,/novatel/oem7/odom,39.663,-75.756,33.181995224,0.002627683,0.001704560,-0.002537303,-0.000683235,0.001704560,,,
1786043828327106859,1786043828.326505436,/novatel/oem7/inspva,/novatel/oem7/inspva,/novatel/oem7/inspva,39.663,-75.756,-1.800256579,0.002769466,0.001814652,-0.001107894,-0.002538211,0.001814652,,novatel_oem7_msgs.msg.InertialSolutionStatus(status=3),
1786043828328766116,1786043828.326726415,/novatel/oem7/fix,/novatel/oem7/fix,/novatel/oem7/inspva,39.663,-75.756,-1.800256579,0.002769466,0.001814652,-0.001107894,-0.002538211,0.001814652,,0,
1786043828329909153,1786043828.327418322,/novatel/oem7/odom,/novatel/oem7/fix,/novatel/oem7/odom,39.663,-75.756,-1.800256579,0.002777913,0.001801694,-0.002597041,-0.000985991,0.001801694,,,
1786043828336473157,1786043828.335614551,/novatel/oem7/odom,/novatel/oem7/fix,/novatel/oem7/odom,39.663,-75.756,-1.800256579,0.002777913,0.001801694,-0.002597041,-0.000985991,0.001801694,,,
1786043828345820788,1786043828.344999723,/novatel/oem7/inspva,/novatel/oem7/inspva,/novatel/oem7/inspva,39.663,-75.756,-1.800248552,0.002528334,0.001829969,-0.000806788,-0.002396156,0.001829969,,novatel_oem7_msgs.msg.InertialSolutionStatus(status=3),
1786043828347705077,1786043828.345357867,/novatel/oem7/fix,/novatel/oem7/fix,/novatel/oem7/inspva,39.663,-75.756,-1.800248552,0.002528334,0.001829969,-0.000806788,-0.002396156,0.001829969,,0,
1786043828349219169,1786043828.346012006,/novatel/oem7/odom,/novatel/oem7/fix,/novatel/oem7/odom,39.663,-75.756,-1.800248552,0.002536642,0.001818434,-0.002440342,-0.000692305,0.001818434,,,
1786043828356979497,1786043828.356031845,/novatel/oem7/odom,/novatel/oem7/fix,/novatel/oem7/odom,39.663,-75.756,-1.800248552,0.002536642,0.001818434,-0.002440342,-0.000692305,0.001818434,,,
1786043828366331989,1786043828.365346702,/novatel/oem7/inspva,/novatel/oem7/inspva,/novatel/oem7/inspva,39.663,-75.756,-1.800234590,0.002644867,0.001871264,-0.001092692,-0.002408598,0.001871264,,novatel_oem7_msgs.msg.InertialSolutionStatus(status=3),
1786043828368576055,1786043828.365674986,/novatel/oem7/fix,/novatel/oem7/fix,/novatel/oem7/inspva,39.663,-75.756,-1.800234590,0.002644867,0.001871264,-0.001092692,-0.002408598,0.001871264,,0,
1786043828370139641,1786043828.366107027,/novatel/oem7/odom,/novatel/oem7/fix,/novatel/oem7/odom,39.663,-75.756,-1.800234590,0.002653603,0.001858856,-0.002467064,-0.000977344,0.001858856,,,
1786043828375455948,1786043828.374751357,/novatel/oem7/odom,/novatel/oem7/fix,/novatel/oem7/odom,39.663,-75.756,-1.800234590,0.002653603,0.001858856,-0.002467064,-0.000977344,0.001858856,,,
1786043828385779879,1786043828.385234264,/novatel/oem7/inspva,/novatel/oem7/inspva,/novatel/oem7/inspva,39.663,-75.756,-1.800222780,0.002465570,0.001873873,-0.001005540,-0.002251205,0.001873873,,novatel_oem7_msgs.msg.InertialSolutionStatus(status=3),
1786043828387158127,1786043828.385460846,/novatel/oem7/fix,/novatel/oem7/fix,/novatel/oem7/inspva,39.663,-75.756,-1.800222780,0.002465570,0.001873873,-0.001005540,-0.002251205,0.001873873,,0,
1786043828388253748,1786043828.385818233,/novatel/oem7/odom,/novatel/oem7/fix,/novatel/oem7/odom,39.663,-75.756,-1.800222780,0.002474296,0.001862336,-0.002305557,-0.000898079,0.001862336,,,
1786043828394994486,1786043828.394320183,/novatel/oem7/odom,/novatel/oem7/fix,/novatel/oem7/odom,39.663,-75.756,-1.800222780,0.002474296,0.001862336,-0.002305557,-0.000898079,0.001862336,,,
1786043828406619720,1786043828.406088142,/novatel/oem7/inspva,/novatel/oem7/inspva,/novatel/oem7/inspva,39.663,-75.756,-1.800204145,0.002531741,0.002027000,-0.000800563,-0.002401835,0.002027000,,novatel_oem7_msgs.msg.InertialSolutionStatus(status=3),
1786043828407979594,1786043828.406259020,/novatel/oem7/fix,/novatel/oem7/fix,/novatel/oem7/inspva,39.663,-75.756,-1.800204145,0.002531741,0.002027000,-0.000800563,-0.002401835,0.002027000,,0,
1786043828409029431,1786043828.407008244,/novatel/oem7/odom,/novatel/oem7/fix,/novatel/oem7/odom,39.663,-75.756,-1.800204145,0.002540952,0.002015441,-0.002446507,-0.000686323,0.002015441,,,
1786043828410921914,1786043828.410289677,/novatel/oem7/bestpos,/novatel/oem7/bestpos,/novatel/oem7/odom,39.663,-75.756,33.182054512,0.002540952,0.002015441,-0.002446507,-0.000686323,0.002015441,,novatel_oem7_msgs.msg.SolutionStatus(status=0),novatel_oem7_msgs.msg.PositionOrVelocityType(type=53)
1786043828412331648,1786043828.410821490,/novatel/oem7/bestvel,/novatel/oem7/bestpos,/novatel/oem7/bestvel,39.663,-75.756,33.182054512,0.002214489,0.001798409,,,,252.575355973,novatel_oem7_msgs.msg.SolutionStatus(status=0),novatel_oem7_msgs.msg.PositionOrVelocityType(type=53)
1786043828415795102,1786043828.415397516,/novatel/oem7/odom,/novatel/oem7/bestpos,/novatel/oem7/odom,39.663,-75.756,33.182054512,0.002540952,0.002015441,-0.002446507,-0.000686323,0.002015441,,,
1786043828425224723,1786043828.424923185,/novatel/oem7/inspva,/novatel/oem7/inspva,/novatel/oem7/inspva,39.663,-75.756,-1.800189026,0.002659668,0.001931341,-0.000706266,-0.002564181,0.001931341,,novatel_oem7_msgs.msg.InertialSolutionStatus(status=3),
1786043828425870857,1786043828.425080491,/novatel/oem7/fix,/novatel/oem7/fix,/novatel/oem7/inspva,39.663,-75.756,-1.800189026,0.002659668,0.001931341,-0.000706266,-0.002564181,0.001931341,,0,
1786043828426381511,1786043828.425526855,/novatel/oem7/odom,/novatel/oem7/fix,/novatel/oem7/odom,39.663,-75.756,-1.800189026,0.002668266,0.001919445,-0.002603604,-0.000583857,0.001919445,,,
1786043828435078755,1786043828.434378685,/novatel/oem7/odom,/novatel/oem7/fix,/novatel/oem7/odom,39.663,-75.756,-1.800189026,0.002668266,0.001919445,-0.002603604,-0.000583857,0.001919445,,,
1786043828446831236,1786043828.446441577,/novatel/oem7/inspva,/novatel/oem7/inspva,/novatel/oem7/inspva,39.663,-75.756,-1.800165549,0.002288306,0.002221680,-0.000592282,-0.002210328,0.002221680,,novatel_oem7_msgs.msg.InertialSolutionStatus(status=3),
1786043828447643289,1786043828.446625692,/novatel/oem7/fix,/novatel/oem7/fix,/novatel/oem7/inspva,39.663,-75.756,-1.800165549,0.002288306,0.002221680,-0.000592282,-0.002210328,0.002221680,,0,
1786043828448754040,1786043828.447168574,/novatel/oem7/odom,/novatel/oem7/fix,/novatel/oem7/odom,39.663,-75.756,-1.800165549,0.002298191,0.002211454,-0.002245724,-0.000488268,0.002211454,,,
1786043828457530609,1786043828.456569380,/novatel/oem7/odom,/novatel/oem7/fix,/novatel/oem7/odom,39.663,-75.756,-1.800165549,0.002298191,0.002211454,-0.002245724,-0.000488268,0.002211454,,,
1786043828465633351,1786043828.465009508,/novatel/oem7/inspva,/novatel/oem7/inspva,/novatel/oem7/inspva,39.663,-75.756,-1.800146674,0.002639520,0.002321756,-0.000821968,-0.002508273,0.002321756,,novatel_oem7_msgs.msg.InertialSolutionStatus(status=3),
1786043828466535292,1786043828.465226310,/novatel/oem7/fix,/novatel/oem7/fix,/novatel/oem7/inspva,39.663,-75.756,-1.800146674,0.002639520,0.002321756,-0.000821968,-0.002508273,0.002321756,,0,
1786043828467161747,1786043828.465745523,/novatel/oem7/odom,/novatel/oem7/fix,/novatel/oem7/odom,39.663,-75.756,-1.800146674,0.002650036,0.002309746,-0.002555025,-0.000703232,0.002309746,,,
1786043828475351617,1786043828.474954182,/novatel/oem7/odom,/novatel/oem7/fix,/novatel/oem7/odom,39.663,-75.756,-1.800146674,0.002650036,0.002309746,-0.002555025,-0.000703232,0.002309746,,,
1786043828486285571,1786043828.485504559,/novatel/oem7/inspva,/novatel/oem7/inspva,/novatel/oem7/inspva,39.663,-75.756,-1.800124820,0.002281860,0.002084023,-0.000675358,-0.002179628,0.002084023,,novatel_oem7_msgs.msg.InertialSolutionStatus(status=3),
1786043828487882672,1786043828.485764632,/novatel/oem7/fix,/novatel/oem7/fix,/novatel/oem7/inspva,39.663,-75.756,-1.800124820,0.002281860,0.002084023,-0.000675358,-0.002179628,0.002084023,,0,
1786043828488706238,1786043828.486324177,/novatel/oem7/odom,/novatel/oem7/fix,/novatel/oem7/odom,39.663,-75.756,-1.800124820,0.002291268,0.002073675,-0.002218613,-0.000572423,0.002073675,,,
1786043828496158304,1786043828.495213524,/novatel/oem7/odom,/novatel/oem7/fix,/novatel/oem7/odom,39.663,-75.756,-1.800124820,0.002291268,0.002073675,-0.002218613,-0.000572423,0.002073675,,,
1786043828506808968,1786043828.506138068,/novatel/oem7/inspva,/novatel/oem7/inspva,/novatel/oem7/inspva,39.663,-75.756,-1.800102465,0.002655279,0.002312467,-0.000954677,-0.002477721,0.002312467,,novatel_oem7_msgs.msg.InertialSolutionStatus(status=3),
1786043828507826541,1786043828.506365874,/novatel/oem7/fix,/novatel/oem7/fix,/novatel/oem7/inspva,39.663,-75.756,-1.800102465,0.002655279,0.002312467,-0.000954677,-0.002477721,0.002312467,,0,
1786043828508357769,1786043828.506766391,/novatel/oem7/odom,/novatel/oem7/fix,/novatel/oem7/odom,39.663,-75.756,-1.800102465,0.002665932,0.002300178,-0.002531039,-0.000837280,0.002300178,,,
1786043828512085828,1786043828.511603157,/novatel/oem7/bestpos,/novatel/oem7/bestpos,/novatel/oem7/odom,39.663,-75.756,33.182156969,0.002665932,0.002300178,-0.002531039,-0.000837280,0.002300178,,novatel_oem7_msgs.msg.SolutionStatus(status=0),novatel_oem7_msgs.msg.PositionOrVelocityType(type=53)
1786043828512904663,1786043828.512548650,/novatel/oem7/bestvel,/novatel/oem7/bestpos,/novatel/oem7/bestvel,39.663,-75.756,33.182156969,0.002586151,0.002311060,,,,245.904375487,novatel_oem7_msgs.msg.SolutionStatus(status=0),novatel_oem7_msgs.msg.PositionOrVelocityType(type=53)
1786043828514822514,1786043828.514393961,/novatel/oem7/odom,/novatel/oem7/bestpos,/novatel/oem7/odom,39.663,-75.756,33.182156969,0.002665932,0.002300178,-0.002531039,-0.000837280,0.002300178,,,
1786043828525698663,1786043828.525063566,/novatel/oem7/inspva,/novatel/oem7/inspva,/novatel/oem7/inspva,39.663,-75.756,-1.800077057,0.002489050,0.002109398,-0.000369863,-0.002461416,0.002109398,,novatel_oem7_msgs.msg.InertialSolutionStatus(status=3),
1786043828527284712,1786043828.525301736,/novatel/oem7/fix,/novatel/oem7/fix,/novatel/oem7/inspva,39.663,-75.756,-1.800077057,0.002489050,0.002109398,-0.000369863,-0.002461416,0.002109398,,0,
1786043828528108084,1786043828.525883108,/novatel/oem7/odom,/novatel/oem7/fix,/novatel/oem7/odom,39.663,-75.756,-1.800077057,0.002497930,0.002098874,-0.002485041,-0.000253431,0.002098874,,,
1786043828536191981,1786043828.535781162,/novatel/oem7/odom,/novatel/oem7/fix,/novatel/oem7/odom,39.663,-75.756,-1.800077057,0.002497930,0.002098874,-0.002485041,-0.000253431,0.002098874,,,
1786043828545490636,1786043828.545017175,/novatel/oem7/inspva,/novatel/oem7/inspva,/novatel/oem7/inspva,39.663,-75.756,-1.800051536,0.002700449,0.002518724,-0.000714767,-0.002604138,0.002518724,,novatel_oem7_msgs.msg.InertialSolutionStatus(status=3),
1786043828546909924,1786043828.545209483,/novatel/oem7/fix,/novatel/oem7/fix,/novatel/oem7/inspva,39.663,-75.756,-1.800051536,0.002700449,0.002518724,-0.000714767,-0.002604138,0.002518724,,0,
1786043828547768954,1786043828.545717395,/novatel/oem7/odom,/novatel/oem7/fix,/novatel/oem7/odom,39.663,-75.756,-1.800051536,0.002711683,0.002506626,-0.002646293,-0.000591908,0.002506626,,,
1786043828556352770,1786043828.555736464,/novatel/oem7/odom,/novatel/oem7/fix,/novatel/oem7/odom,39.663,-75.756,-1.800051536,0.002711683,0.002506626,-0.002646293,-0.000591908,0.002506626,,,
1786043828567261994,1786043828.566620277,/novatel/oem7/inspva,/novatel/oem7/inspva,/novatel/oem7/inspva,39.663,-75.756,-1.800021528,0.002336187,0.002457198,-0.000397659,-0.002302094,0.002457198,,novatel_oem7_msgs.msg.InertialSolutionStatus(status=3),
1786043828569276081,1786043828.566867647,/novatel/oem7/fix,/novatel/oem7/fix,/novatel/oem7/inspva,39.663,-75.756,-1.800021528,0.002336187,0.002457198,-0.000397659,-0.002302094,0.002457198,,0,
1786043828570270252,1786043828.567626230,/novatel/oem7/odom,/novatel/oem7/fix,/novatel/oem7/odom,39.663,-75.756,-1.800021528,0.002346691,0.002447168,-0.002328704,-0.000289994,0.002447168,,,
1786043828575580731,1786043828.574987032,/novatel/oem7/odom,/novatel/oem7/fix,/novatel/oem7/odom,39.663,-75.756,-1.800021528,0.002346691,0.002447168,-0.002328704,-0.000289994,0.002447168,,,
1786043828585753504,1786043828.584989976,/novatel/oem7/inspva,/novatel/oem7/inspva,/novatel/oem7/inspva,39.663,-75.756,-1.799992547,0.002567770,0.002634094,-0.000702488,-0.002469808,0.002634094,,novatel_oem7_msgs.msg.InertialSolutionStatus(status=3),
1786043828587472944,1786043828.585214739,/novatel/oem7/fix,/novatel/oem7/fix,/novatel/oem7/inspva,39.663,-75.756,-1.799992547,0.002567770,0.002634094,-0.000702488,-0.002469808,0.002634094,,0,
1786043828588058590,1786043828.585733574,/novatel/oem7/odom,/novatel/oem7/fix,/novatel/oem7/odom,39.663,-75.756,-1.799992547,0.002579603,0.002622507,-0.002512023,-0.000586595,0.002622507,,,
1786043828595975415,1786043828.595439389,/novatel/oem7/odom,/novatel/oem7/fix,/novatel/oem7/odom,39.663,-75.756,-1.799992547,0.002579603,0.002622507,-0.002512023,-0.000586595,0.002622507,,,
1786043828606767636,1786043828.606362330,/novatel/oem7/inspva,/novatel/oem7/inspva,/novatel/oem7/inspva,39.663,-75.756,-1.799959160,0.002225121,0.002708580,-0.000577300,-0.002148927,0.002708580,,novatel_oem7_msgs.msg.InertialSolutionStatus(status=3),
1786043828607801764,1786043828.606563239,/novatel/oem7/fix,/novatel/oem7/fix,/novatel/oem7/inspva,39.663,-75.756,-1.799959160,0.002225121,0.002708580,-0.000577300,-0.002148927,0.002708580,,0,
1786043828608306316,1786043828.607048530,/novatel/oem7/odom,/novatel/oem7/fix,/novatel/oem7/odom,39.663,-75.756,-1.799959160,0.002237218,0.002698597,-0.002185640,-0.000477621,0.002698597,,,
1786043828610967569,1786043828.610332417,/novatel/oem7/bestpos,/novatel/oem7/bestpos,/novatel/oem7/odom,39.663,-75.756,33.182298072,0.002237218,0.002698597,-0.002185640,-0.000477621,0.002698597,,novatel_oem7_msgs.msg.SolutionStatus(status=0),novatel_oem7_msgs.msg.PositionOrVelocityType(type=53)
1786043828612395578,1786043828.610758934,/novatel/oem7/bestvel,/novatel/oem7/bestpos,/novatel/oem7/bestvel,39.663,-75.756,33.182298072,0.002236923,0.002788127,,,,250.372594666,novatel_oem7_msgs.msg.SolutionStatus(status=0),novatel_oem7_msgs.msg.PositionOrVelocityType(type=53)
1786043828615807112,1786043828.614830682,/novatel/oem7/odom,/novatel/oem7/bestpos,/novatel/oem7/odom,39.663,-75.756,33.182298072,0.002237218,0.002698597,-0.002185640,-0.000477621,0.002698597,,,
1786043828626676248,1786043828.625969781,/novatel/oem7/inspva,/novatel/oem7/inspva,/novatel/oem7/inspva,39.663,-75.756,-1.799928147,0.002582774,0.002827254,-0.000895090,-0.002422713,0.002827254,,novatel_oem7_msgs.msg.InertialSolutionStatus(status=3),
1786043828627772121,1786043828.626210520,/novatel/oem7/fix,/novatel/oem7/fix,/novatel/oem7/inspva,39.663,-75.756,-1.799928147,0.002582774,0.002827254,-0.000895090,-0.002422713,0.002827254,,0,
1786043828628337360,1786043828.626774819,/novatel/oem7/odom,/novatel/oem7/fix,/novatel/oem7/odom,39.663,-75.756,-1.799928147,0.002595848,0.002815255,-0.002475328,-0.000781779,0.002815255,,,
1786043828635253214,1786043828.634694253,/novatel/oem7/odom,/novatel/oem7/fix,/novatel/oem7/odom,39.663,-75.756,-1.799928147,0.002595848,0.002815255,-0.002475328,-0.000781779,0.002815255,,,
1786043828645860340,1786043828.645132935,/novatel/oem7/inspva,/novatel/oem7/inspva,/novatel/oem7/inspva,39.663,-75.756,-1.799892491,0.002553590,0.002587476,-0.000631227,-0.002474343,0.002587476,,novatel_oem7_msgs.msg.InertialSolutionStatus(status=3),
1786043828647374302,1786043828.645343937,/novatel/oem7/fix,/novatel/oem7/fix,/novatel/oem7/inspva,39.663,-75.756,-1.799892491,0.002553590,0.002587476,-0.000631227,-0.002474343,0.002587476,,0,
1786043828647954958,1786043828.645836956,/novatel/oem7/odom,/novatel/oem7/fix,/novatel/oem7/odom,39.663,-75.756,-1.799892491,0.002565097,0.002576068,-0.002512853,-0.000515064,0.002576068,,,
1786043828657287662,1786043828.656534901,/novatel/oem7/odom,/novatel/oem7/fix,/novatel/oem7/odom,39.663,-75.756,-1.799892491,0.002565097,0.002576068,-0.002512853,-0.000515064,0.002576068,,,
1786043828665589142,1786043828.664958500,/novatel/oem7/inspva,/novatel/oem7/inspva,/novatel/oem7/inspva,39.663,-75.756,-1.799856637,0.002640571,0.002994118,-0.000907110,-0.002479873,0.002994118,,novatel_oem7_msgs.msg.InertialSolutionStatus(status=3),
1786043828666677287,1786043828.665272939,/novatel/oem7/fix,/novatel/oem7/fix,/novatel/oem7/inspva,39.663,-75.756,-1.799856637,0.002640571,0.002994118,-0.000907110,-0.002479873,0.002994118,,0,
1786043828667891506,1786043828.665829469,/novatel/oem7/odom,/novatel/oem7/fix,/novatel/oem7/odom,39.663,-75.756,-1.799856637,0.002654384,0.002981879,-0.002533667,-0.000791382,0.002981879,,,
1786043828675065052,1786043828.674570520,/novatel/oem7/odom,/novatel/oem7/fix,/novatel/oem7/odom,39.663,-75.756,-1.799856637,0.002654384,0.002981879,-0.002533667,-0.000791382,0.002981879,,,
1786043828687603887,1786043828.686675853,/novatel/oem7/inspva,/novatel/oem7/inspva,/novatel/oem7/inspva,39.663,-75.756,-1.799813476,0.002199204,0.003299003,-0.000789402,-0.002052643,0.003299003,,novatel_oem7_msgs.msg.InertialSolutionStatus(status=3),
1786043828688616141,1786043828.687099267,/novatel/oem7/fix,/novatel/oem7/fix,/novatel/oem7/inspva,39.663,-75.756,-1.799813476,0.002199204,0.003299003,-0.000789402,-0.002052643,0.003299003,,0,
1786043828689205083,1786043828.687799244,/novatel/oem7/odom,/novatel/oem7/fix,/novatel/oem7/odom,39.663,-75.756,-1.799813476,0.002214513,0.003288746,-0.002102373,-0.000695770,0.003288746,,,
1786043828695254179,1786043828.694839222,/novatel/oem7/odom,/novatel/oem7/fix,/novatel/oem7/odom,39.663,-75.756,-1.799813476,0.002214513,0.003288746,-0.002102373,-0.000695770,0.003288746,,,
1786043828706233783,1786043828.705835437,/novatel/oem7/inspva,/novatel/oem7/inspva,/novatel/oem7/inspva,39.663,-75.756,-1.799776370,0.002405397,0.003133951,-0.000985742,-0.002194139,0.003133951,,novatel_oem7_msgs.msg.InertialSolutionStatus(status=3),
1786043828706946941,1786043828.706037789,/novatel/oem7/fix,/novatel/oem7/fix,/novatel/oem7/inspva,39.663,-75.756,-1.799776370,0.002405397,0.003133951,-0.000985742,-0.002194139,0.003133951,,0,
1786043828707516095,1786043828.706583008,/novatel/oem7/odom,/novatel/oem7/fix,/novatel/oem7/odom,39.663,-75.756,-1.799776370,0.002420156,0.003122568,-0.002252769,-0.000884413,0.003122568,,,
1786043828709922125,1786043828.709491314,/novatel/oem7/bestpos,/novatel/oem7/bestpos,/novatel/oem7/odom,39.663,-75.756,33.182475679,0.002420156,0.003122568,-0.002252769,-0.000884413,0.003122568,,novatel_oem7_msgs.msg.SolutionStatus(status=0),novatel_oem7_msgs.msg.PositionOrVelocityType(type=53)
1786043828710666175,1786043828.710202828,/novatel/oem7/bestvel,/novatel/oem7/bestpos,/novatel/oem7/bestvel,39.663,-75.756,33.182475679,0.002066180,0.002908961,,,,244.463889807,novatel_oem7_msgs.msg.SolutionStatus(status=0),novatel_oem7_msgs.msg.PositionOrVelocityType(type=53)
1786043828716107984,1786043828.715726884,/novatel/oem7/odom,/novatel/oem7/bestpos,/novatel/oem7/odom,39.663,-75.756,33.182475679,0.002420156,0.003122568,-0.002252769,-0.000884413,0.003122568,,,
1786043828726262320,1786043828.725905377,/novatel/oem7/inspva,/novatel/oem7/inspva,/novatel/oem7/inspva,39.663,-75.756,-1.799730835,0.002261623,0.003350562,-0.000999307,-0.002028873,0.003350562,,novatel_oem7_msgs.msg.InertialSolutionStatus(status=3),
1786043828727565150,1786043828.726086395,/novatel/oem7/fix,/novatel/oem7/fix,/novatel/oem7/inspva,39.663,-75.756,-1.799730835,0.002261623,0.003350562,-0.000999307,-0.002028873,0.003350562,,0,
1786043828728109424,1786043828.726701271,/novatel/oem7/odom,/novatel/oem7/fix,/novatel/oem7/odom,39.663,-75.756,-1.799730835,0.002277497,0.003339792,-0.002089224,-0.000906717,0.003339792,,,
1786043828735293448,1786043828.734701802,/novatel/oem7/odom,/novatel/oem7/fix,/novatel/oem7/odom,39.663,-75.756,-1.799730835,0.002277497,0.003339792,-0.002089224,-0.000906717,0.003339792,,,
1786043828746670460,1786043828.746097235,/novatel/oem7/inspva,/novatel/oem7/inspva,/novatel/oem7/inspva,39.663,-75.756,-1.799693001,0.002123207,0.003135262,-0.001012594,-0.001866188,0.003135262,,novatel_oem7_msgs.msg.InertialSolutionStatus(status=3),
1786043828747845942,1786043828.746288783,/novatel/oem7/fix,/novatel/oem7/fix,/novatel/oem7/inspva,39.663,-75.756,-1.799693001,0.002123207,0.003135262,-0.001012594,-0.001866188,0.003135262,,0,
1786043828748434090,1786043828.746706131,/novatel/oem7/odom,/novatel/oem7/fix,/novatel/oem7/odom,39.663,-75.756,-1.799693001,0.002138165,0.003125080,-0.001926544,-0.000927459,0.003125080,,,
1786043828756878401,1786043828.755910704,/novatel/oem7/odom,/novatel/oem7/fix,/novatel/oem7/odom,39.663,-75.756,-1.799693001,0.002138165,0.003125080,-0.001926544,-0.000927459,0.003125080,,,
1786043828765772504,1786043828.765290539,/novatel/oem7/inspva,/novatel/oem7/inspva,/novatel/oem7/inspva,39.663,-75.756,-1.799648310,0.002281783,0.003087465,-0.001113052,-0.001991896,0.003087465,,novatel_oem7_msgs.msg.InertialSolutionStatus(status=3),
1786043828767546680,1786043828.765551765,/novatel/oem7/fix,/novatel/oem7/fix,/novatel/oem7/inspva,39.663,-75.756,-1.799648310,0.002281783,0.003087465,-0.001113052,-0.001991896,0.003087465,,0,
1786043828768383962,1786043828.766204858,/novatel/oem7/odom,/novatel/oem7/fix,/novatel/oem7/odom,39.663,-75.756,-1.799648310,0.002296554,0.003076494,-0.002056874,-0.001021484,0.003076494,,,
1786043828775828373,1786043828.775439912,/novatel/oem7/odom,/novatel/oem7/fix,/novatel/oem7/odom,39.663,-75.756,-1.799648310,0.002296554,0.003076494,-0.002056874,-0.001021484,0.003076494,,,
1786043828785846745,1786043828.785043792,/novatel/oem7/inspva,/novatel/oem7/inspva,/novatel/oem7/inspva,39.663,-75.756,-1.799607749,0.002121533,0.003043922,-0.000735178,-0.001990079,0.003043922,,novatel_oem7_msgs.msg.InertialSolutionStatus(status=3),
1786043828786893290,1786043828.785355672,/novatel/oem7/fix,/novatel/oem7/fix,/novatel/oem7/inspva,39.663,-75.756,-1.799607749,0.002121533,0.003043922,-0.000735178,-0.001990079,0.003043922,,0,
1786043828787569459,1786043828.785977145,/novatel/oem7/odom,/novatel/oem7/fix,/novatel/oem7/odom,39.663,-75.756,-1.799607749,0.002135642,0.003034040,-0.002036216,-0.000644042,0.003034040,,,
1786043828794764840,1786043828.794346110,/novatel/oem7/odom,/novatel/oem7/fix,/novatel/oem7/odom,39.663,-75.756,-1.799607749,0.002135642,0.003034040,-0.002036216,-0.000644042,0.003034040,,,
1786043828807134190,1786043828.806373525,/novatel/oem7/inspva,/novatel/oem7/inspva,/novatel/oem7/inspva,39.663,-75.756,-1.799556269,0.002228662,0.003585135,-0.000845767,-0.002061944,0.003585135,,novatel_oem7_msgs.msg.InertialSolutionStatus(status=3),
1786043828808697675,1786043828.806615901,/novatel/oem7/fix,/novatel/oem7/fix,/novatel/oem7/inspva,39.663,-75.756,-1.799556269,0.002228662,0.003585135,-0.000845767,-0.002061944,0.003585135,,0,
1786043828809811670,1786043828.807195096,/novatel/oem7/odom,/novatel/oem7/fix,/novatel/oem7/odom,39.663,-75.756,-1.799556269,0.002245446,0.003574646,-0.002115653,-0.000752358,0.003574646,,,
1786043828811364095,1786043828.810202107,/novatel/oem7/bestpos,/novatel/oem7/bestpos,/novatel/oem7/odom,39.663,-75.756,33.182694771,0.002245446,0.003574646,-0.002115653,-0.000752358,0.003574646,,novatel_oem7_msgs.msg.SolutionStatus(status=0),novatel_oem7_msgs.msg.PositionOrVelocityType(type=53)
1786043828812319905,1786043828.810745619,/novatel/oem7/bestvel,/novatel/oem7/bestpos,/novatel/oem7/bestvel,39.663,-75.756,33.182694771,0.002232426,0.003639479,,,,243.502778285,novatel_oem7_msgs.msg.SolutionStatus(status=0),novatel_oem7_msgs.msg.PositionOrVelocityType(type=53)
1786043828815468160,1786043828.814713189,/novatel/oem7/odom,/novatel/oem7/bestpos,/novatel/oem7/odom,39.663,-75.756,33.182694771,0.002245446,0.003574646,-0.002115653,-0.000752358,0.003574646,,,
1786043828825870395,1786043828.824948033,/novatel/oem7/inspva,/novatel/oem7/inspva,/novatel/oem7/inspva,39.663,-75.756,-1.799515310,0.001849360,0.003369631,-0.000392685,-0.001807188,0.003369631,,novatel_oem7_msgs.msg.InertialSolutionStatus(status=3),
1786043828827803242,1786043828.825225309,/novatel/oem7/fix,/novatel/oem7/fix,/novatel/oem7/inspva,39.663,-75.756,-1.799515310,0.001849360,0.003369631,-0.000392685,-0.001807188,0.003369631,,0,
1786043828829197853,1786043828.825994687,/novatel/oem7/odom,/novatel/oem7/fix,/novatel/oem7/odom,39.663,-75.756,-1.799515310,0.001864231,0.003361426,-0.001837958,-0.000311877,0.003361426,,,
1786043828836304725,1786043828.835443389,/novatel/oem7/odom,/novatel/oem7/fix,/novatel/oem7/odom,39.663,-75.756,-1.799515310,0.001864231,0.003361426,-0.001837958,-0.000311877,0.003361426,,,
1786043828846355660,1786043828.845363890,/novatel/oem7/inspva,/novatel/oem7/inspva,/novatel/oem7/inspva,39.663,-75.756,-1.799467175,0.002045404,0.003109235,-0.001203926,-0.001653554,0.003109235,,novatel_oem7_msgs.msg.InertialSolutionStatus(status=3),
1786043828848141575,1786043828.845760807,/novatel/oem7/fix,/novatel/oem7/fix,/novatel/oem7/inspva,39.663,-75.756,-1.799467175,0.002045404,0.003109235,-0.001203926,-0.001653554,0.003109235,,0,
1786043828849325000,1786043828.846490454,/novatel/oem7/odom,/novatel/oem7/fix,/novatel/oem7/odom,39.663,-75.756,-1.799467175,0.002060435,0.003099295,-0.001723553,-0.001129050,0.003099295,,,
1786043828857573253,1786043828.856669007,/novatel/oem7/odom,/novatel/oem7/fix,/novatel/oem7/odom,39.663,-75.756,-1.799467175,0.002060435,0.003099295,-0.001723553,-0.001129050,0.003099295,,,
1786043828866762510,1786043828.866038289,/novatel/oem7/inspva,/novatel/oem7/inspva,/novatel/oem7/inspva,39.663,-75.756,-1.799419205,0.001682108,0.003314226,-0.000794657,-0.001482568,0.003314226,,novatel_oem7_msgs.msg.InertialSolutionStatus(status=3),
1786043828868308469,1786043828.866283358,/novatel/oem7/fix,/novatel/oem7/fix,/novatel/oem7/inspva,39.663,-75.756,-1.799419205,0.001682108,0.003314226,-0.000794657,-0.001482568,0.003314226,,0,
1786043828869405586,1786043828.866975795,/novatel/oem7/odom,/novatel/oem7/fix,/novatel/oem7/odom,39.663,-75.756,-1.799419205,0.001697931,0.003306148,-0.001533349,-0.000729254,0.003306148,,,
1786043828875333236,1786043828.874558615,/novatel/oem7/odom,/novatel/oem7/fix,/novatel/oem7/odom,39.663,-75.756,-1.799419205,0.001697931,0.003306148,-0.001533349,-0.000729254,0.003306148,,,
1786043828885838260,1786043828.885222707,/novatel/oem7/inspva,/novatel/oem7/inspva,/novatel/oem7/inspva,39.663,-75.756,-1.799366207,0.001959165,0.003297079,-0.001169675,-0.001571684,0.003297079,,novatel_oem7_msgs.msg.InertialSolutionStatus(status=3),
1786043828887225621,1786043828.885403842,/novatel/oem7/fix,/novatel/oem7/fix,/novatel/oem7/inspva,39.663,-75.756,-1.799366207,0.001959165,0.003297079,-0.001169675,-0.001571684,0.003297079,,0,
1786043828888341245,1786043828.885765802,/novatel/oem7/odom,/novatel/oem7/fix,/novatel/oem7/odom,39.663,-75.756,-1.799366207,0.001975095,0.003287561,-0.001640853,-0.001099364,0.003287561,,,
1786043828896176881,1786043828.895463654,/novatel/oem7/odom,/novatel/oem7/fix,/novatel/oem7/odom,39.663,-75.756,-1.799366207,0.001975095,0.003287561,-0.001640853,-0.001099364,0.003287561,,,
1786043828906544446,1786043828.905931326,/novatel/oem7/inspva,/novatel/oem7/inspva,/novatel/oem7/inspva,39.663,-75.756,-1.799316561,0.001770942,0.003367416,-0.000435093,-0.001716662,0.003367416,,novatel_oem7_msgs.msg.InertialSolutionStatus(status=3),
1786043828907933186,1786043828.906119335,/novatel/oem7/fix,/novatel/oem7/fix,/novatel/oem7/inspva,39.663,-75.756,-1.799316561,0.001770942,0.003367416,-0.000435093,-0.001716662,0.003367416,,0,
1786043828908958441,1786043828.906596787,/novatel/oem7/odom,/novatel/oem7/fix,/novatel/oem7/odom,39.663,-75.756,-1.799316561,0.001785984,0.003359462,-0.001749587,-0.000358727,0.003359462,,,
1786043828910468012,1786043828.909193399,/novatel/oem7/bestpos,/novatel/oem7/bestpos,/novatel/oem7/odom,39.663,-75.756,33.182936588,0.001785984,0.003359462,-0.001749587,-0.000358727,0.003359462,,novatel_oem7_msgs.msg.SolutionStatus(status=0),novatel_oem7_msgs.msg.PositionOrVelocityType(type=53)
1786043828911376795,1786043828.909794789,/novatel/oem7/bestvel,/novatel/oem7/bestpos,/novatel/oem7/bestvel,39.663,-75.756,33.182936588,0.001813950,0.003428556,,,,253.270830537,novatel_oem7_msgs.msg.SolutionStatus(status=0),novatel_oem7_msgs.msg.PositionOrVelocityType(type=53)
1786043828916313431,1786043828.915608528,/novatel/oem7/odom,/novatel/oem7/bestpos,/novatel/oem7/odom,39.663,-75.756,33.182936588,0.001785984,0.003359462,-0.001749587,-0.000358727,0.003359462,,,
1786043828927172365,1786043828.926669550,/novatel/oem7/inspva,/novatel/oem7/inspva,/novatel/oem7/inspva,39.663,-75.756,-1.799261268,0.002005119,0.003324704,-0.000774257,-0.001849602,0.003324704,,novatel_oem7_msgs.msg.InertialSolutionStatus(status=3),
1786043828928518279,1786043828.926870025,/novatel/oem7/fix,/novatel/oem7/fix,/novatel/oem7/inspva,39.663,-75.756,-1.799261268,0.002005119,0.003324704,-0.000774257,-0.001849602,0.003324704,,0,
1786043828929562315,1786043828.927265079,/novatel/oem7/odom,/novatel/oem7/fix,/novatel/oem7/odom,39.663,-75.756,-1.799261268,0.002020734,0.003315237,-0.001898996,-0.000690781,0.003315237,,,
1786043828935722055,1786043828.935036681,/novatel/oem7/odom,/novatel/oem7/fix,/novatel/oem7/odom,39.663,-75.756,-1.799261268,0.002020734,0.003315237,-0.001898996,-0.000690781,0.003315237,,,
1786043828945684969,1786043828.945156267,/novatel/oem7/inspva,/novatel/oem7/inspva,/novatel/oem7/inspva,39.663,-75.756,-1.799208322,0.001963647,0.003512546,-0.000304666,-0.001939868,0.003512546,,novatel_oem7_msgs.msg.InertialSolutionStatus(status=3),
1786043828947502281,1786043828.945346199,/novatel/oem7/fix,/novatel/oem7/fix,/novatel/oem7/inspva,39.663,-75.756,-1.799208322,0.001963647,0.003512546,-0.000304666,-0.001939868,0.003512546,,0,
1786043828948730706,1786043828.945708299,/novatel/oem7/odom,/novatel/oem7/fix,/novatel/oem7/odom,39.663,-75.756,-1.799208322,0.001978681,0.003504099,-0.001966655,-0.000217825,0.003504099,,,
1786043828956507628,1786043828.955847575,/novatel/oem7/odom,/novatel/oem7/fix,/novatel/oem7/odom,39.663,-75.756,-1.799208322,0.001978681,0.003504099,-0.001966655,-0.000217825,0.003504099,,,
1786043828965960158,1786043828.965448089,/novatel/oem7/inspva,/novatel/oem7/inspva,/novatel/oem7/inspva,39.663,-75.756,-1.799152758,0.001794283,0.003206106,-0.000846107,-0.001582262,0.003206106,,novatel_oem7_msgs.msg.InertialSolutionStatus(status=3),
1786043828967284164,1786043828.965636611,/novatel/oem7/fix,/novatel/oem7/fix,/novatel/oem7/inspva,39.663,-75.756,-1.799152758,0.001794283,0.003206106,-0.000846107,-0.001582262,0.003206106,,0,
1786043828968383455,1786043828.966377205,/novatel/oem7/odom,/novatel/oem7/fix,/novatel/oem7/odom,39.663,-75.756,-1.799152758,0.001809619,0.003197475,-0.001635049,-0.000775458,0.003197475,,,
1786043828975309392,1786043828.974629899,/novatel/oem7/odom,/novatel/oem7/fix,/novatel/oem7/odom,39.663,-75.756,-1.799152758,0.001809619,0.003197475,-0.001635049,-0.000775458,0.003197475,,,
1786043828986774245,1786043828.986232589,/novatel/oem7/inspva,/novatel/oem7/inspva,/novatel/oem7/inspva,39.663,-75.756,-1.799095486,0.002044022,0.003473532,-0.000652377,-0.001937119,0.003473532,,novatel_oem7_msgs.msg.InertialSolutionStatus(status=3),
1786043828988182989,1786043828.986440481,/novatel/oem7/fix,/novatel/oem7/fix,/novatel/oem7/inspva,39.663,-75.756,-1.799095486,0.002044022,0.003473532,-0.000652377,-0.001937119,0.003473532,,0,
1786043828989247780,1786043828.986851232,/novatel/oem7/odom,/novatel/oem7/fix,/novatel/oem7/odom,39.663,-75.756,-1.799095486,0.002060010,0.003464074,-0.001980983,-0.000565108,0.003464074,,,
1786043828995346005,1786043828.994701749,/novatel/oem7/odom,/novatel/oem7/fix,/novatel/oem7/odom,39.663,-75.756,-1.799095486,0.002060010,0.003464074,-0.001980983,-0.000565108,0.003464074,,,
1786043829010223599,1786043829.009729647,/novatel/oem7/inspva,/novatel/oem7/inspva,/novatel/oem7/inspva,39.663,-75.756,-1.799036260,0.002040641,0.003362419,-0.000850281,-0.001855057,0.003362419,,novatel_oem7_msgs.msg.InertialSolutionStatus(status=3),
1786043829011856742,1786043829.009930936,/novatel/oem7/fix,/novatel/oem7/fix,/novatel/oem7/inspva,39.663,-75.756,-1.799036260,0.002040641,0.003362419,-0.000850281,-0.001855057,0.003362419,,0,
1786043829013477245,1786043829.011394728,/novatel/oem7/odom,/novatel/oem7/fix,/novatel/oem7/odom,39.663,-75.756,-1.799036260,0.002056514,0.003352735,-0.001908312,-0.000766547,0.003352735,,,
1786043829017729708,1786043829.016994171,/novatel/oem7/odom,/novatel/oem7/fix,/novatel/oem7/odom,39.663,-75.756,-1.799036260,0.002056514,0.003352735,-0.001908312,-0.000766547,0.003352735,,,
1786043829024842410,1786043829.024207444,/novatel/oem7/bestpos,/novatel/oem7/bestpos,/novatel/oem7/odom,39.663,-75.756,33.183218881,0.002056514,0.003352735,-0.001908312,-0.000766547,0.003352735,,novatel_oem7_msgs.msg.SolutionStatus(status=0),novatel_oem7_msgs.msg.PositionOrVelocityType(type=53)
1786043829026278142,1786043829.025039869,/novatel/oem7/bestvel,/novatel/oem7/bestpos,/novatel/oem7/bestvel,39.663,-75.756,33.183218881,0.002612975,0.003624156,,,,254.038115692,novatel_oem7_msgs.msg.SolutionStatus(status=0),novatel_oem7_msgs.msg.PositionOrVelocityType(type=53)
1786043829027966366,1786043829.026154300,/novatel/oem7/inspva,/novatel/oem7/inspva,/novatel/oem7/inspva,39.663,-75.756,-1.798976839,0.002037353,0.003826778,-0.000962017,-0.001795921,0.003826778,,novatel_oem7_msgs.msg.InertialSolutionStatus(status=3),
1786043829028825054,1786043829.026321925,/novatel/oem7/fix,/novatel/oem7/fix,/novatel/oem7/inspva,39.663,-75.756,-1.798976839,0.002037353,0.003826778,-0.000962017,-0.001795921,0.003826778,,0,
1786043829029976156,1786043829.026681256,/novatel/oem7/odom,/novatel/oem7/fix,/novatel/oem7/odom,39.663,-75.756,-1.798976839,0.002055673,0.003816969,-0.001856706,-0.000882289,0.003816969,,,
1786043829035157622,1786043829.034451698,/novatel/oem7/odom,/novatel/oem7/fix,/novatel/oem7/odom,39.663,-75.756,-1.798976839,0.002055673,0.003816969,-0.001856706,-0.000882289,0.003816969,,,
1786043829047231001,1786043829.046564780,/novatel/oem7/inspva,/novatel/oem7/inspva,/novatel/oem7/inspva,39.663,-75.756,-1.798983576,0.002047073,0.003371561,-0.000786257,-0.001890055,0.003371561,,novatel_oem7_msgs.msg.InertialSolutionStatus(status=3),
1786043829048605101,1786043829.046757882,/novatel/oem7/fix,/novatel/oem7/fix,/novatel/oem7/inspva,39.663,-75.756,-1.798983576,0.002047073,0.003371561,-0.000786257,-0.001890055,0.003371561,,0,
1786043829049670092,1786043829.047523120,/novatel/oem7/odom,/novatel/oem7/fix,/novatel/oem7/odom,39.663,-75.756,-1.798983576,0.002062883,0.003361911,-0.001940171,-0.000700871,0.003361911,,,
1786043829057216732,1786043829.056568975,/novatel/oem7/odom,/novatel/oem7/fix,/novatel/oem7/odom,39.663,-75.756,-1.798983576,0.002062883,0.003361911,-0.001940171,-0.000700871,0.003361911,,,
1786043829065471722,1786043829.064926250,/novatel/oem7/inspva,/novatel/oem7/inspva,/novatel/oem7/inspva,39.663,-75.756,-1.799002221,0.002100089,0.003645991,-0.000682955,-0.001985937,0.003645991,,novatel_oem7_msgs.msg.InertialSolutionStatus(status=3),
1786043829066842506,1786043829.065113038,/novatel/oem7/fix,/novatel/oem7/fix,/novatel/oem7/inspva,39.663,-75.756,-1.799002221,0.002100089,0.003645991,-0.000682955,-0.001985937,0.003645991,,0,
1786043829067927473,1786043829.065644793,/novatel/oem7/odom,/novatel/oem7/fix,/novatel/oem7/odom,39.663,-75.756,-1.799002221,0.002116909,0.003636251,-0.002031951,-0.000593700,0.003636251,,,
1786043829076229317,1786043829.075580044,/novatel/oem7/odom,/novatel/oem7/fix,/novatel/oem7/odom,39.663,-75.756,-1.799002221,0.002116909,0.003636251,-0.002031951,-0.000593700,0.003636251,,,
1786043829085917886,1786043829.085373377,/novatel/oem7/inspva,/novatel/oem7/inspva,/novatel/oem7/inspva,39.663,-75.756,-1.799008873,0.002125645,0.003646730,-0.000746131,-0.001990391,0.003646730,,novatel_oem7_msgs.msg.InertialSolutionStatus(status=3),
1786043829087262916,1786043829.085559299,/novatel/oem7/fix,/novatel/oem7/fix,/novatel/oem7/inspva,39.663,-75.756,-1.799008873,0.002125645,0.003646730,-0.000746131,-0.001990391,0.003646730,,0,
1786043829088328410,1786043829.086033940,/novatel/oem7/odom,/novatel/oem7/fix,/novatel/oem7/odom,39.663,-75.756,-1.799008873,0.002142585,0.003636803,-0.002039512,-0.000656553,0.003636803,,,
1786043829095324758,1786043829.094620507,/novatel/oem7/odom,/novatel/oem7/fix,/novatel/oem7/odom,39.663,-75.756,-1.799008873,0.002142585,0.003636803,-0.002039512,-0.000656553,0.003636803,,,
1786043829106544531,1786043829.105970989,/novatel/oem7/inspva,/novatel/oem7/inspva,/novatel/oem7/inspva,39.663,-75.756,-1.799030068,0.002050094,0.003752737,-0.000748929,-0.001908400,0.003752737,,novatel_oem7_msgs.msg.InertialSolutionStatus(status=3),
1786043829107903141,1786043829.106124403,/novatel/oem7/fix,/novatel/oem7/fix,/novatel/oem7/inspva,39.663,-75.756,-1.799030068,0.002050094,0.003752737,-0.000748929,-0.001908400,0.003752737,,0,
1786043829109031120,1786043829.106582558,/novatel/oem7/odom,/novatel/oem7/fix,/novatel/oem7/odom,39.663,-75.756,-1.799030068,0.002067656,0.003743090,-0.001958228,-0.000663734,0.003743090,,,
1786043829110558072,1786043829.109106091,/novatel/oem7/bestpos,/novatel/oem7/bestpos,/novatel/oem7/odom,39.663,-75.756,33.183190747,0.002067656,0.003743090,-0.001958228,-0.000663734,0.003743090,,novatel_oem7_msgs.msg.SolutionStatus(status=0),novatel_oem7_msgs.msg.PositionOrVelocityType(type=53)
1786043829111527975,1786043829.109522052,/novatel/oem7/bestvel,/novatel/oem7/bestpos,/novatel/oem7/bestvel,39.663,-75.756,33.183190747,0.001782328,0.003564115,,,,248.887641813,novatel_oem7_msgs.msg.SolutionStatus(status=0),novatel_oem7_msgs.msg.PositionOrVelocityType(type=53)
1786043829115098541,1786043829.114400531,/novatel/oem7/odom,/novatel/oem7/bestpos,/novatel/oem7/odom,39.663,-75.756,33.183190747,0.002067656,0.003743090,-0.001958228,-0.000663734,0.003743090,,,
1786043829125855483,1786043829.125327938,/novatel/oem7/inspva,/novatel/oem7/inspva,/novatel/oem7/inspva,39.663,-75.756,-1.799039669,0.002202772,0.003216541,-0.000725974,-0.002079703,0.003216541,,novatel_oem7_msgs.msg.InertialSolutionStatus(status=3),
1786043829127263457,1786043829.125505313,/novatel/oem7/fix,/novatel/oem7/fix,/novatel/oem7/inspva,39.663,-75.756,-1.799039669,0.002202772,0.003216541,-0.000725974,-0.002079703,0.003216541,,0,
1786043829128329045,1786043829.126066852,/novatel/oem7/odom,/novatel/oem7/fix,/novatel/oem7/odom,39.663,-75.756,-1.799039669,0.002217609,0.003206330,-0.002125975,-0.000630886,0.003206330,,,
1786043829136246758,1786043829.135599082,/novatel/oem7/odom,/novatel/oem7/fix,/novatel/oem7/odom,39.663,-75.756,-1.799039669,0.002217609,0.003206330,-0.002125975,-0.000630886,0.003206330,,,
1786043829145974337,1786043829.145449882,/novatel/oem7/inspva,/novatel/oem7/inspva,/novatel/oem7/inspva,39.663,-75.756,-1.799057662,0.001959733,0.003477442,-0.000703084,-0.001829269,0.003477442,,novatel_oem7_msgs.msg.InertialSolutionStatus(status=3),
1786043829147361141,1786043829.145624140,/novatel/oem7/fix,/novatel/oem7/fix,/novatel/oem7/inspva,39.663,-75.756,-1.799057662,0.001959733,0.003477442,-0.000703084,-0.001829269,0.003477442,,0,
1786043829148455036,1786043829.146177213,/novatel/oem7/odom,/novatel/oem7/fix,/novatel/oem7/odom,39.663,-75.756,-1.799057662,0.001975933,0.003468263,-0.001875788,-0.000621072,0.003468263,,,
1786043829156292375,1786043829.155630659,/novatel/oem7/odom,/novatel/oem7/fix,/novatel/oem7/odom,39.663,-75.756,-1.799057662,0.001975933,0.003468263,-0.001875788,-0.000621072,0.003468263,,,
1786043829167263563,1786043829.166677950,/novatel/oem7/inspva,/novatel/oem7/inspva,/novatel/oem7/inspva,39.663,-75.756,-1.799063433,0.002264624,0.003397101,-0.000174034,-0.002257927,0.003397101,,novatel_oem7_msgs.msg.InertialSolutionStatus(status=3),
1786043829168678024,1786043829.166841725,/novatel/oem7/fix,/novatel/oem7/fix,/novatel/oem7/inspva,39.663,-75.756,-1.799063433,0.002264624,0.003397101,-0.000174034,-0.002257927,0.003397101,,0,
1786043829169776435,1786043829.167642963,/novatel/oem7/odom,/novatel/oem7/fix,/novatel/oem7/odom,39.663,-75.756,-1.799063433,0.002278531,0.003387789,-0.002277415,-0.000071292,0.003387789,,,
1786043829175763392,1786043829.175090959,/novatel/oem7/odom,/novatel/oem7/fix,/novatel/oem7/odom,39.663,-75.756,-1.799063433,0.002278531,0.003387789,-0.002277415,-0.000071292,0.003387789,,,
1786043829185497701,1786043829.184923861,/novatel/oem7/inspva,/novatel/oem7/inspva,/novatel/oem7/inspva,39.663,-75.756,-1.799082014,0.002031479,0.003355335,-0.000468177,-0.001976794,0.003355335,,novatel_oem7_msgs.msg.InertialSolutionStatus(status=3),
1786043829186821298,1786043829.185104740,/novatel/oem7/fix,/novatel/oem7/fix,/novatel/oem7/inspva,39.663,-75.756,-1.799082014,0.002031479,0.003355335,-0.000468177,-0.001976794,0.003355335,,0,
1786043829187883895,1786043829.185583778,/novatel/oem7/odom,/novatel/oem7/fix,/novatel/oem7/odom,39.663,-75.756,-1.799082014,0.002046399,0.003346256,-0.002011030,-0.000378823,0.003346256,,,
1786043829196025524,1786043829.195363127,/novatel/oem7/odom,/novatel/oem7/fix,/novatel/oem7/odom,39.663,-75.756,-1.799082014,0.002046399,0.003346256,-0.002011030,-0.000378823,0.003346256,,,
1786043829207082726,1786043829.206506330,/novatel/oem7/inspva,/novatel/oem7/inspva,/novatel/oem7/inspva,39.663,-75.756,-1.799084861,0.002085690,0.003593646,-0.000508549,-0.002022741,0.003593646,,novatel_oem7_msgs.msg.InertialSolutionStatus(status=3),
1786043829208498984,1786043829.206678899,/novatel/oem7/fix,/novatel/oem7/fix,/novatel/oem7/inspva,39.663,-75.756,-1.799084861,0.002085690,0.003593646,-0.000508549,-0.002022741,0.003593646,,0,
1786043829209597041,1786043829.207099563,/novatel/oem7/odom,/novatel/oem7/fix,/novatel/oem7/odom,39.663,-75.756,-1.799084861,0.002101785,0.003584256,-0.002059897,-0.000417523,0.003584256,,,
1786043829212012850,1786043829.211359053,/novatel/oem7/bestpos,/novatel/oem7/bestpos,/novatel/oem7/odom,39.663,-75.756,33.183139629,0.002101785,0.003584256,-0.002059897,-0.000417523,0.003584256,,novatel_oem7_msgs.msg.SolutionStatus(status=0),novatel_oem7_msgs.msg.PositionOrVelocityType(type=53)
1786043829213407424,1786043829.211773987,/novatel/oem7/bestvel,/novatel/oem7/bestpos,/novatel/oem7/bestvel,39.663,-75.756,33.183139629,0.001902490,0.003428692,,,,259.031012646,novatel_oem7_msgs.msg.SolutionStatus(status=0),novatel_oem7_msgs.msg.PositionOrVelocityType(type=53)
1786043829215682760,1786043829.215015573,/novatel/oem7/odom,/novatel/oem7/bestpos,/novatel/oem7/odom,39.663,-75.756,33.183139629,0.002101785,0.003584256,-0.002059897,-0.000417523,0.003584256,,,
1786043829226503353,1786043829.225900080,/novatel/oem7/inspva,/novatel/oem7/inspva,/novatel/oem7/inspva,39.663,-75.756,-1.799103807,0.001950845,0.003659285,-0.000641092,-0.001842498,0.003659285,,novatel_oem7_msgs.msg.InertialSolutionStatus(status=3),
1786043829227849073,1786043829.226079282,/novatel/oem7/fix,/novatel/oem7/fix,/novatel/oem7/inspva,39.663,-75.756,-1.799103807,0.001950845,0.003659285,-0.000641092,-0.001842498,0.003659285,,0,
1786043829228907614,1786043829.226375405,/novatel/oem7/odom,/novatel/oem7/fix,/novatel/oem7/odom,39.663,-75.756,-1.799103807,0.001967761,0.003650216,-0.001886695,-0.000558984,0.003650216,,,
1786043829235156337,1786043829.234509421,/novatel/oem7/odom,/novatel/oem7/fix,/novatel/oem7/odom,39.663,-75.756,-1.799103807,0.001967761,0.003650216,-0.001886695,-0.000558984,0.003650216,,,
1786043829245839915,1786043829.245248889,/novatel/oem7/inspva,/novatel/oem7/inspva,/novatel/oem7/inspva,39.663,-75.756,-1.799111129,0.002008144,0.003206626,-0.000624392,-0.001908607,0.003206626,,novatel_oem7_msgs.msg.InertialSolutionStatus(status=3),
1786043829247293157,1786043829.245458335,/novatel/oem7/fix,/novatel/oem7/fix,/novatel/oem7/inspva,39.663,-75.756,-1.799111129,0.002008144,0.003206626,-0.000624392,-0.001908607,0.003206626,,0,
1786043829248379324,1786043829.245981487,/novatel/oem7/odom,/novatel/oem7/fix,/novatel/oem7/odom,39.663,-75.756,-1.799111129,0.002022874,0.003197354,-0.001950071,-0.000537814,0.003197354,,,
1786043829256988165,1786043829.256298906,/novatel/oem7/odom,/novatel/oem7/fix,/novatel/oem7/odom,39.663,-75.756,-1.799111129,0.002022874,0.003197354,-0.001950071,-0.000537814,0.003197354,,,
1786043829265644389,1786043829.265068530,/novatel/oem7/inspva,/novatel/oem7/inspva,/novatel/oem7/inspva,39.663,-75.756,-1.799124750,0.001739665,0.003287689,-0.000700282,-0.001592495,0.003287689,,novatel_oem7_msgs.msg.InertialSolutionStatus(status=3),
1786043829267000213,1786043829.265252062,/novatel/oem7/fix,/novatel/oem7/fix,/novatel/oem7/inspva,39.663,-75.756,-1.799124750,0.001739665,0.003287689,-0.000700282,-0.001592495,0.003287689,,0,
1786043829268098941,1786043829.265593838,/novatel/oem7/odom,/novatel/oem7/fix,/novatel/oem7/odom,39.663,-75.756,-1.799124750,0.001755170,0.003279437,-0.001638413,-0.000629464,0.003279437,,,
1786043829276300961,1786043829.275568296,/novatel/oem7/odom,/novatel/oem7/fix,/novatel/oem7/odom,39.663,-75.756,-1.799124750,0.001755170,0.003279437,-0.001638413,-0.000629464,0.003279437,,,
1786043829286724992,1786043829.286170491,/novatel/oem7/inspva,/novatel/oem7/inspva,/novatel/oem7/inspva,39.663,-75.756,-1.799117689,0.002438794,0.004121261,-0.000513361,-0.002384152,0.004121261,,novatel_oem7_msgs.msg.InertialSolutionStatus(status=3),
1786043829288077540,1786043829.286347002,/novatel/oem7/fix,/novatel/oem7/fix,/novatel/oem7/inspva,39.663,-75.756,-1.799117689,0.002438794,0.004121261,-0.000513361,-0.002384152,0.004121261,,0,
1786043829289187141,1786043829.286868074,/novatel/oem7/odom,/novatel/oem7/fix,/novatel/oem7/odom,39.663,-75.756,-1.799117689,0.002457020,0.004110421,-0.002423266,-0.000405872,0.004110421,,,
1786043829295805554,1786043829.295121021,/novatel/oem7/odom,/novatel/oem7/fix,/novatel/oem7/odom,39.663,-75.756,-1.799117689,0.002457020,0.004110421,-0.002423266,-0.000405872,0.004110421,,,
1786043829306281041,1786043829.305763292,/novatel/oem7/inspva,/novatel/oem7/inspva,/novatel/oem7/inspva,39.663,-75.756,-1.799132531,0.001893538,0.003760426,-0.000340057,-0.001862753,0.003760426,,novatel_oem7_msgs.msg.InertialSolutionStatus(status=3),
1786043829307670678,1786043829.305932411,/novatel/oem7/fix,/novatel/oem7/fix,/novatel/oem7/inspva,39.663,-75.756,-1.799132531,0.001893538,0.003760426,-0.000340057,-0.001862753,0.003760426,,0,
1786043829308766973,1786043829.306278531,/novatel/oem7/odom,/novatel/oem7/fix,/novatel/oem7/odom,39.663,-75.756,-1.799132531,0.001909914,0.003752135,-0.001892461,-0.000257612,0.003752135,,,
1786043829310477383,1786043829.308972382,/novatel/oem7/bestpos,/novatel/oem7/bestpos,/novatel/oem7/odom,39.663,-75.756,33.183088820,0.001909914,0.003752135,-0.001892461,-0.000257612,0.003752135,,novatel_oem7_msgs.msg.SolutionStatus(status=0),novatel_oem7_msgs.msg.PositionOrVelocityType(type=53)
1786043829311386639,1786043829.309516248,/novatel/oem7/bestvel,/novatel/oem7/bestpos,/novatel/oem7/bestvel,39.663,-75.756,33.183088820,0.001626452,0.003500591,,,,266.288906241,novatel_oem7_msgs.msg.SolutionStatus(status=0),novatel_oem7_msgs.msg.PositionOrVelocityType(type=53)
1786043829316024519,1786043829.315338979,/novatel/oem7/odom,/novatel/oem7/bestpos,/novatel/oem7/odom,39.663,-75.756,33.183088820,0.001909914,0.003752135,-0.001892461,-0.000257612,0.003752135,,,
1786043829327063721,1786043829.326514629,/novatel/oem7/inspva,/novatel/oem7/inspva,/novatel/oem7/inspva,39.663,-75.756,-1.799130958,0.002195654,0.003581488,-0.000262665,-0.002179886,0.003581488,,novatel_oem7_msgs.msg.InertialSolutionStatus(status=3),
1786043829328440915,1786043829.326691387,/novatel/oem7/fix,/novatel/oem7/fix,/novatel/oem7/inspva,39.663,-75.756,-1.799130958,0.002195654,0.003581488,-0.000262665,-0.002179886,0.003581488,,0,
1786043829329539036,1786043829.327141576,/novatel/oem7/odom,/novatel/oem7/fix,/novatel/oem7/odom,39.663,-75.756,-1.799130958,0.002210761,0.003572182,-0.002204662,-0.000164110,0.003572182,,,
1786043829335572544,1786043829.334868447,/novatel/oem7/odom,/novatel/oem7/fix,/novatel/oem7/odom,39.663,-75.756,-1.799130958,0.002210761,0.003572182,-0.002204662,-0.000164110,0.003572182,,,
1786043829346671850,1786043829.346027537,/novatel/oem7/inspva,/novatel/oem7/inspva,/novatel/oem7/inspva,39.663,-75.756,-1.799143950,0.001750956,0.003446795,-0.000105133,-0.001747797,0.003446795,,novatel_oem7_msgs.msg.InertialSolutionStatus(status=3),
1786043829348152181,1786043829.346208169,/novatel/oem7/fix,/novatel/oem7/fix,/novatel/oem7/inspva,39.663,-75.756,-1.799143950,0.001750956,0.003446795,-0.000105133,-0.001747797,0.003446795,,0,
1786043829349283533,1786043829.346654448,/novatel/oem7/odom,/novatel/oem7/fix,/novatel/oem7/odom,39.663,-75.756,-1.799143950,0.001764999,0.003439625,-0.001764780,-0.000027803,0.003439625,,,
1786043829357007908,1786043829.356062195,/novatel/oem7/odom,/novatel/oem7/fix,/novatel/oem7/odom,39.663,-75.756,-1.799143950,0.001764999,0.003439625,-0.001764780,-0.000027803,0.003439625,,,
1786043829366481490,1786043829.365321382,/novatel/oem7/inspva,/novatel/oem7/inspva,/novatel/oem7/inspva,39.663,-75.756,-1.799141688,0.002255632,0.003536023,-0.000214188,-0.002245440,0.003536023,,novatel_oem7_msgs.msg.InertialSolutionStatus(status=3),
1786043829368643272,1786043829.366154474,/novatel/oem7/fix,/novatel/oem7/fix,/novatel/oem7/inspva,39.663,-75.756,-1.799141688,0.002255632,0.003536023,-0.000214188,-0.002245440,0.003536023,,0,
1786043829370216935,1786043829.367161781,/novatel/oem7/odom,/novatel/oem7/fix,/novatel/oem7/odom,39.663,-75.756,-1.799141688,0.002270298,0.003526624,-0.002267518,-0.000112305,0.003526624,,,
1786043829376653697,1786043829.375664578,/novatel/oem7/odom,/novatel/oem7/fix,/novatel/oem7/odom,39.663,-75.756,-1.799141688,0.002270298,0.003526624,-0.002267518,-0.000112305,0.003526624,,,
1786043829386343691,1786043829.385407066,/novatel/oem7/inspva,/novatel/oem7/inspva,/novatel/oem7/inspva,39.663,-75.756,-1.799156555,0.001777741,0.003166625,-0.000055092,-0.001776887,0.003166625,,novatel_oem7_msgs.msg.InertialSolutionStatus(status=3),
1786043829388374516,1786043829.385689091,/novatel/oem7/fix,/novatel/oem7/fix,/novatel/oem7/inspva,39.663,-75.756,-1.799156555,0.001777741,0.003166625,-0.000055092,-0.001776887,0.003166625,,0,
1786043829389982878,1786043829.386148719,/novatel/oem7/odom,/novatel/oem7/fix,/novatel/oem7/odom,39.663,-75.756,-1.799156555,0.001790331,0.003159525,-0.001790165,0.000024364,0.003159525,,,
1786043829395117027,1786043829.394417269,/novatel/oem7/odom,/novatel/oem7/fix,/novatel/oem7/odom,39.663,-75.756,-1.799156555,0.001790331,0.003159525,-0.001790165,0.000024364,0.003159525,,,
1786043829406564156,1786043829.405825682,/novatel/oem7/inspva,/novatel/oem7/inspva,/novatel/oem7/inspva,39.663,-75.756,-1.799149005,0.002041134,0.003609193,0.000060473,-0.002040238,0.003609193,,novatel_oem7_msgs.msg.InertialSolutionStatus(status=3),
1786043829408037038,1786043829.406035201,/novatel/oem7/fix,/novatel/oem7/fix,/novatel/oem7/inspva,39.663,-75.756,-1.799149005,0.002041134,0.003609193,0.000060473,-0.002040238,0.003609193,,0,
1786043829409189673,1786043829.406843463,/novatel/oem7/odom,/novatel/oem7/fix,/novatel/oem7/odom,39.663,-75.756,-1.799149005,0.002054883,0.003601383,-0.002049281,0.000151633,0.003601383,,,
1786043829411229453,1786043829.410299414,/novatel/oem7/bestpos,/novatel/oem7/bestpos,/novatel/oem7/odom,39.663,-75.756,33.183075442,0.002054883,0.003601383,-0.002049281,0.000151633,0.003601383,,novatel_oem7_msgs.msg.SolutionStatus(status=0),novatel_oem7_msgs.msg.PositionOrVelocityType(type=53)
1786043829412758239,1786043829.410786356,/novatel/oem7/bestvel,/novatel/oem7/bestpos,/novatel/oem7/bestvel,39.663,-75.756,33.183075442,0.001852612,0.003518214,,,,271.554229143,novatel_oem7_msgs.msg.SolutionStatus(status=0),novatel_oem7_msgs.msg.PositionOrVelocityType(type=53)
1786043829415912741,1786043829.415202784,/novatel/oem7/odom,/novatel/oem7/bestpos,/novatel/oem7/odom,39.663,-75.756,33.183075442,0.002054883,0.003601383,-0.002049281,0.000151633,0.003601383,,,
1786043829425614956,1786043829.424934262,/novatel/oem7/inspva,/novatel/oem7/inspva,/novatel/oem7/inspva,39.663,-75.756,-1.799158381,0.001917637,0.003654764,0.000249021,-0.001901400,0.003654764,,novatel_oem7_msgs.msg.InertialSolutionStatus(status=3),
1786043829427180912,1786043829.425142308,/novatel/oem7/fix,/novatel/oem7/fix,/novatel/oem7/inspva,39.663,-75.756,-1.799158381,0.001917637,0.003654764,0.000249021,-0.001901400,0.003654764,,0,
1786043829428449085,1786043829.425520850,/novatel/oem7/odom,/novatel/oem7/fix,/novatel/oem7/odom,39.663,-75.756,-1.799158381,0.001930390,0.003648044,-0.001901453,0.000332987,0.003648044,,,
1786043829436244423,1786043829.435539953,/novatel/oem7/odom,/novatel/oem7/fix,/novatel/oem7/odom,39.663,-75.756,-1.799158381,0.001930390,0.003648044,-0.001901453,0.000332987,0.003648044,,,
1786043829445945985,1786043829.445344753,/novatel/oem7/inspva,/novatel/oem7/inspva,/novatel/oem7/inspva,39.663,-75.756,-1.799156309,0.001735166,0.003098420,0.000196297,-0.001724027,0.003098420,,novatel_oem7_msgs.msg.InertialSolutionStatus(status=3),
1786043829447385599,1786043829.445563001,/novatel/oem7/fix,/novatel/oem7/fix,/novatel/oem7/inspva,39.663,-75.756,-1.799156309,0.001735166,0.003098420,0.000196297,-0.001724027,0.003098420,,0,
1786043829448574305,1786043829.446168187,/novatel/oem7/odom,/novatel/oem7/fix,/novatel/oem7/odom,39.663,-75.756,-1.799156309,0.001746159,0.003092238,-0.001724669,0.000273107,0.003092238,,,
1786043829457464302,1786043829.456619700,/novatel/oem7/odom,/novatel/oem7/fix,/novatel/oem7/odom,39.663,-75.756,-1.799156309,0.001746159,0.003092238,-0.001724669,0.000273107,0.003092238,,,
1786043829466792966,1786043829.466050228,/novatel/oem7/inspva,/novatel/oem7/inspva,/novatel/oem7/inspva,39.663,-75.756,-1.799161850,0.001827533,0.003097230,0.000456150,-0.001769690,0.003097230,,novatel_oem7_msgs.msg.InertialSolutionStatus(status=3),
1786043829468752953,1786043829.466358605,/novatel/oem7/fix,/novatel/oem7/fix,/novatel/oem7/inspva,39.663,-75.756,-1.799161850,0.001827533,0.003097230,0.000456150,-0.001769690,0.003097230,,0,
1786043829470511694,1786043829.467274618,/novatel/oem7/odom,/novatel/oem7/fix,/novatel/oem7/odom,39.663,-75.756,-1.799161850,0.001837006,0.003091621,-0.001757413,0.000534873,0.003091621,,,
1786043829475657403,1786043829.474652446,/novatel/oem7/odom,/novatel/oem7/fix,/novatel/oem7/odom,39.663,-75.756,-1.799161850,0.001837006,0.003091621,-0.001757413,0.000534873,0.003091621,,,
1786043829486146092,1786043829.485254957,/novatel/oem7/inspva,/novatel/oem7/inspva,/novatel/oem7/inspva,39.663,-75.756,-1.799152782,0.001683573,0.003385776,0.000270150,-0.001661757,0.003385776,,novatel_oem7_msgs.msg.InertialSolutionStatus(status=3),
1786043829487501048,1786043829.485596873,/novatel/oem7/fix,/novatel/oem7/fix,/novatel/oem7/inspva,39.663,-75.756,-1.799152782,0.001683573,0.003385776,0.000270150,-0.001661757,0.003385776,,0,
1786043829488247871,1786043829.486021551,/novatel/oem7/odom,/novatel/oem7/fix,/novatel/oem7/odom,39.663,-75.756,-1.799152782,0.001695025,0.003380057,-0.001659956,0.000343008,0.003380057,,,
1786043829495211773,1786043829.494818047,/novatel/oem7/odom,/novatel/oem7/fix,/novatel/oem7/odom,39.663,-75.756,-1.799152782,0.001695025,0.003380057,-0.001659956,0.000343008,0.003380057,,,
1786043829506675049,1786043829.506207059,/novatel/oem7/inspva,/novatel/oem7/inspva,/novatel/oem7/inspva,39.663,-75.756,-1.799159558,0.001587446,0.003216066,0.000361798,-0.001545667,0.003216066,,novatel_oem7_msgs.msg.InertialSolutionStatus(status=3),
1786043829507482423,1786043829.506465662,/novatel/oem7/fix,/novatel/oem7/fix,/novatel/oem7/inspva,39.663,-75.756,-1.799159558,0.001587446,0.003216066,0.000361798,-0.001545667,0.003216066,,0,
1786043829507996918,1786043829.506872172,/novatel/oem7/odom,/novatel/oem7/fix,/novatel/oem7/odom,39.663,-75.756,-1.799159558,0.001597545,0.003211061,-0.001538798,0.000429244,0.003211061,,,
1786043829512683485,1786043829.512255983,/novatel/oem7/bestpos,/novatel/oem7/bestpos,/novatel/oem7/odom,39.663,-75.756,33.183073401,0.001597545,0.003211061,-0.001538798,0.000429244,0.003211061,,novatel_oem7_msgs.msg.SolutionStatus(status=0),novatel_oem7_msgs.msg.PositionOrVelocityType(type=53)
1786043829513344341,1786043829.512644487,/novatel/oem7/bestvel,/novatel/oem7/bestpos,/novatel/oem7/bestvel,39.663,-75.756,33.183073401,0.001807892,0.003123359,,,,290.982460644,novatel_oem7_msgs.msg.SolutionStatus(status=0),novatel_oem7_msgs.msg.PositionOrVelocityType(type=53)
1786043829515139673,1786043829.514370053,/novatel/oem7/odom,/novatel/oem7/bestpos,/novatel/oem7/odom,39.663,-75.756,33.183073401,0.001597545,0.003211061,-0.001538798,0.000429244,0.003211061,,,
1786043829526263128,1786043829.525088880,/novatel/oem7/inspva,/novatel/oem7/inspva,/novatel/oem7/inspva,39.663,-75.756,-1.799150767,0.001436410,0.003129414,0.000435439,-0.001368819,0.003129414,,novatel_oem7_msgs.msg.InertialSolutionStatus(status=3),
1786043829528501245,1786043829.525409827,/novatel/oem7/fix,/novatel/oem7/fix,/novatel/oem7/inspva,39.663,-75.756,-1.799150767,0.001436410,0.003129414,0.000435439,-0.001368819,0.003129414,,0,
1786043829530123527,1786043829.525892115,/novatel/oem7/odom,/novatel/oem7/fix,/novatel/oem7/odom,39.663,-75.756,-1.799150767,0.001445310,0.003125313,-0.001358181,0.000494231,0.003125313,,,
1786043829536491892,1786043829.535451241,/novatel/oem7/odom,/novatel/oem7/fix,/novatel/oem7/odom,39.663,-75.756,-1.799150767,0.001445310,0.003125313,-0.001358181,0.000494231,0.003125313,,,
1786043829545642011,1786043829.544896177,/novatel/oem7/inspva,/novatel/oem7/inspva,/novatel/oem7/inspva,39.663,-75.756,-1.799154599,0.001510820,0.003091264,0.000327080,-0.001474990,0.003091264,,novatel_oem7_msgs.msg.InertialSolutionStatus(status=3),
1786043829547202594,1786043829.545090133,/novatel/oem7/fix,/novatel/oem7/fix,/novatel/oem7/inspva,39.663,-75.756,-1.799154599,0.001510820,0.003091264,0.000327080,-0.001474990,0.003091264,,0,
1786043829548395876,1786043829.545386535,/novatel/oem7/odom,/novatel/oem7/fix,/novatel/oem7/odom,39.663,-75.756,-1.799154599,0.001520644,0.003086443,-0.001469417,0.000391373,0.003086443,,,
1786043829557957083,1786043829.556757227,/novatel/oem7/odom,/novatel/oem7/fix,/novatel/oem7/odom,39.663,-75.756,-1.799154599,0.001520644,0.003086443,-0.001469417,0.000391373,0.003086443,,,
1786043829567821329,1786043829.566500873,/novatel/oem7/inspva,/novatel/oem7/inspva,/novatel/oem7/inspva,39.663,-75.756,-1.799142141,0.001346099,0.003334773,0.000743440,-0.001122176,0.003334773,,novatel_oem7_msgs.msg.InertialSolutionStatus(status=3),
1786043829570003281,1786043829.566779686,/novatel/oem7/fix,/novatel/oem7/fix,/novatel/oem7/inspva,39.663,-75.756,-1.799142141,0.001346099,0.003334773,0.000743440,-0.001122176,0.003334773,,0,
1786043829571630691,1786043829.567251113,/novatel/oem7/odom,/novatel/oem7/fix,/novatel/oem7/odom,39.663,-75.756,-1.799142141,0.001351637,0.003332532,-0.001097386,0.000789093,0.003332532,,,
1786043829575794474,1786043829.574758635,/novatel/oem7/odom,/novatel/oem7/fix,/novatel/oem7/odom,39.663,-75.756,-1.799142141,0.001351637,0.003332532,-0.001097386,0.000789093,0.003332532,,,
1786043829586377914,1786043829.585349394,/novatel/oem7/inspva,/novatel/oem7/inspva,/novatel/oem7/inspva,39.663,-75.756,-1.799145111,0.001371466,0.003176470,0.000329628,-0.001331265,0.003176470,,novatel_oem7_msgs.msg.InertialSolutionStatus(status=3),
1786043829588163635,1786043829.585644190,/novatel/oem7/fix,/novatel/oem7/fix,/novatel/oem7/inspva,39.663,-75.756,-1.799145111,0.001371466,0.003176470,0.000329628,-0.001331265,0.003176470,,0,
1786043829589387351,1786043829.585982587,/novatel/oem7/odom,/novatel/oem7/fix,/novatel/oem7/odom,39.663,-75.756,-1.799145111,0.001381287,0.003172212,-0.001326089,0.000386576,0.003172212,,,
1786043829595979584,1786043829.594940914,/novatel/oem7/odom,/novatel/oem7/fix,/novatel/oem7/odom,39.663,-75.756,-1.799145111,0.001381287,0.003172212,-0.001326089,0.000386576,0.003172212,,,
1786043829607393107,1786043829.606533998,/novatel/oem7/inspva,/novatel/oem7/inspva,/novatel/oem7/inspva,39.663,-75.756,-1.799131707,0.001166015,0.003170885,0.000428968,-0.001084241,0.003170885,,novatel_oem7_msgs.msg.InertialSolutionStatus(status=3),
1786043829609456975,1786043829.606807548,/novatel/oem7/fix,/novatel/oem7/fix,/novatel/oem7/inspva,39.663,-75.756,-1.799131707,0.001166015,0.003170885,0.000428968,-0.001084241,0.003170885,,0,
1786043829611176415,1786043829.607330783,/novatel/oem7/odom,/novatel/oem7/fix,/novatel/oem7/odom,39.663,-75.756,-1.799131707,0.001174127,0.003167891,-0.001074387,0.000473567,0.003167891,,,
1786043829613177059,1786043829.610211476,/novatel/oem7/bestpos,/novatel/oem7/bestpos,/novatel/oem7/odom,39.663,-75.756,33.183105029,0.001174127,0.003167891,-0.001074387,0.000473567,0.003167891,,novatel_oem7_msgs.msg.SolutionStatus(status=0),novatel_oem7_msgs.msg.PositionOrVelocityType(type=53)
1786043829614164485,1786043829.610564423,/novatel/oem7/bestvel,/novatel/oem7/bestpos,/novatel/oem7/bestvel,39.663,-75.756,33.183105029,0.001471430,0.003442758,,,,280.978081214,novatel_oem7_msgs.msg.SolutionStatus(status=0),novatel_oem7_msgs.msg.PositionOrVelocityType(type=53)
1786043829615977267,1786043829.615089252,/novatel/oem7/odom,/novatel/oem7/bestpos,/novatel/oem7/odom,39.663,-75.756,33.183105029,0.001174127,0.003167891,-0.001074387,0.000473567,0.003167891,,,
1786043829626762888,1786043829.625561748,/novatel/oem7/inspva,/novatel/oem7/inspva,/novatel/oem7/inspva,39.663,-75.756,-1.799130560,0.001139155,0.003381420,-0.000010089,-0.001139111,0.003381420,,novatel_oem7_msgs.msg.InertialSolutionStatus(status=3),
1786043829628967128,1786043829.625868507,/novatel/oem7/fix,/novatel/oem7/fix,/novatel/oem7/inspva,39.663,-75.756,-1.799130560,0.001139155,0.003381420,-0.000010089,-0.001139111,0.003381420,,0,
1786043829630575406,1786043829.626290848,/novatel/oem7/odom,/novatel/oem7/fix,/novatel/oem7/odom,39.663,-75.756,-1.799130560,0.001152394,0.003376931,-0.001151793,0.000037217,0.003376931,,,
1786043829635260000,1786043829.634406070,/novatel/oem7/odom,/novatel/oem7/fix,/novatel/oem7/odom,39.663,-75.756,-1.799130560,0.001152394,0.003376931,-0.001151793,0.000037217,0.003376931,,,
1786043829645732949,1786043829.645098442,/novatel/oem7/inspva,/novatel/oem7/inspva,/novatel/oem7/inspva,39.663,-75.756,-1.799116821,0.001341907,0.003100217,0.000852766,-0.001036101,0.003100217,,novatel_oem7_msgs.msg.InertialSolutionStatus(status=3),
1786043829647200292,1786043829.645262454,/novatel/oem7/fix,/novatel/oem7/fix,/novatel/oem7/inspva,39.663,-75.756,-1.799116821,0.001341907,0.003100217,0.000852766,-0.001036101,0.003100217,,0,
1786043829648304561,1786043829.645826749,/novatel/oem7/odom,/novatel/oem7/fix,/novatel/oem7/odom,39.663,-75.756,-1.799116821,0.001345566,0.003098631,-0.001005045,0.000894670,0.003098631,,,
1786043829657802062,1786043829.656458111,/novatel/oem7/odom,/novatel/oem7/fix,/novatel/oem7/odom,39.663,-75.756,-1.799116821,0.001345566,0.003098631,-0.001005045,0.000894670,0.003098631,,,
1786043829665829635,1786043829.664929035,/novatel/oem7/inspva,/novatel/oem7/inspva,/novatel/oem7/inspva,39.663,-75.756,-1.799113234,0.001524462,0.003291716,0.000384065,-0.001475289,0.003291716,,novatel_oem7_msgs.msg.InertialSolutionStatus(status=3),
1786043829667787655,1786043829.665133801,/novatel/oem7/fix,/novatel/oem7/fix,/novatel/oem7/inspva,39.663,-75.756,-1.799113234,0.001524462,0.003291716,0.000384065,-0.001475289,0.003291716,,0,
1786043829669398943,1786043829.665776278,/novatel/oem7/odom,/novatel/oem7/fix,/novatel/oem7/odom,39.663,-75.756,-1.799113234,0.001534474,0.003287061,-0.001467691,0.000447766,0.003287061,,,
1786043829675371798,1786043829.674400008,/novatel/oem7/odom,/novatel/oem7/fix,/novatel/oem7/odom,39.663,-75.756,-1.799113234,0.001534474,0.003287061,-0.001467691,0.000447766,0.003287061,,,
1786043829687558798,1786043829.686642539,/novatel/oem7/inspva,/novatel/oem7/inspva,/novatel/oem7/inspva,39.663,-75.756,-1.799095350,0.001446338,0.003229332,0.000949770,-0.001090794,0.003229332,,novatel_oem7_msgs.msg.InertialSolutionStatus(status=3),
1786043829689169288,1786043829.686915905,/novatel/oem7/fix,/novatel/oem7/fix,/novatel/oem7/inspva,39.663,-75.756,-1.799095350,0.001446338,0.003229332,0.000949770,-0.001090794,0.003229332,,0,
1786043829690236996,1786043829.687483438,/novatel/oem7/odom,/novatel/oem7/fix,/novatel/oem7/odom,39.663,-75.756,-1.799095350,0.001449710,0.003227819,-0.001055349,0.000993931,0.003227819,,,
1786043829695276990,1786043829.694557606,/novatel/oem7/odom,/novatel/oem7/fix,/novatel/oem7/odom,39.663,-75.756,-1.799095350,0.001449710,0.003227819,-0.001055349,0.000993931,0.003227819,,,
1786043829706393451,1786043829.705704374,/novatel/oem7/inspva,/novatel/oem7/inspva,/novatel/oem7/inspva,39.663,-75.756,-1.799089306,0.001538276,0.003552072,0.000507811,-0.001452040,0.003552072,,novatel_oem7_msgs.msg.InertialSolutionStatus(status=3),
1786043829707873504,1786043829.705862757,/novatel/oem7/fix,/novatel/oem7/fix,/novatel/oem7/inspva,39.663,-75.756,-1.799089306,0.001538276,0.003552072,0.000507811,-0.001452040,0.003552072,,0,
1786043829708918354,1786043829.706406877,/novatel/oem7/odom,/novatel/oem7/fix,/novatel/oem7/odom,39.663,-75.756,-1.799089306,0.001547976,0.003547855,-0.001439381,0.000569572,0.003547855,,,
1786043829710481910,1786043829.709119308,/novatel/oem7/bestpos,/novatel/oem7/bestpos,/novatel/oem7/odom,39.663,-75.756,33.183150619,0.001547976,0.003547855,-0.001439381,0.000569572,0.003547855,,novatel_oem7_msgs.msg.SolutionStatus(status=0),novatel_oem7_msgs.msg.PositionOrVelocityType(type=53)
1786043829711370113,1786043829.709478699,/novatel/oem7/bestvel,/novatel/oem7/bestpos,/novatel/oem7/bestvel,39.663,-75.756,33.183150619,0.001321673,0.003648983,,,,279.170934654,novatel_oem7_msgs.msg.SolutionStatus(status=0),novatel_oem7_msgs.msg.PositionOrVelocityType(type=53)
1786043829715505401,1786043829.714564145,/novatel/oem7/odom,/novatel/oem7/bestpos,/novatel/oem7/odom,39.663,-75.756,33.183150619,0.001547976,0.003547855,-0.001439381,0.000569572,0.003547855,,,
1786043829725952833,1786043829.725113356,/novatel/oem7/inspva,/novatel/oem7/inspva,/novatel/oem7/inspva,39.663,-75.756,-1.799071142,0.001210021,0.003202680,0.000727240,-0.000967096,0.003202680,,novatel_oem7_msgs.msg.InertialSolutionStatus(status=3),
1786043829727846194,1786043829.725340764,/novatel/oem7/fix,/novatel/oem7/fix,/novatel/oem7/inspva,39.663,-75.756,-1.799071142,0.001210021,0.003202680,0.000727240,-0.000967096,0.003202680,,0,
1786043829729222677,1786043829.725956494,/novatel/oem7/odom,/novatel/oem7/fix,/novatel/oem7/odom,39.663,-75.756,-1.799071142,0.001214471,0.003200996,-0.000942723,0.000765645,0.003200996,,,
1786043829735538184,1786043829.734802220,/novatel/oem7/odom,/novatel/oem7/fix,/novatel/oem7/odom,39.663,-75.756,-1.799071142,0.001214471,0.003200996,-0.000942723,0.000765645,0.003200996,,,
1786043829747454619,1786043829.746092431,/novatel/oem7/inspva,/novatel/oem7/inspva,/novatel/oem7/inspva,39.663,-75.756,-1.799063118,0.001522919,0.003259522,0.000581310,-0.001407608,0.003259522,,novatel_oem7_msgs.msg.InertialSolutionStatus(status=3),
1786043829749958413,1786043829.746555203,/novatel/oem7/fix,/novatel/oem7/fix,/novatel/oem7/inspva,39.663,-75.756,-1.799063118,0.001522919,0.003259522,0.000581310,-0.001407608,0.003259522,,0,
1786043829751593049,1786043829.747287064,/novatel/oem7/odom,/novatel/oem7/fix,/novatel/oem7/odom,39.663,-75.756,-1.799063118,0.001531118,0.003255679,-0.001390212,0.000641587,0.003255679,,,
1786043829756662989,1786043829.755702082,/novatel/oem7/odom,/novatel/oem7/fix,/novatel/oem7/odom,39.663,-75.756,-1.799063118,0.001531118,0.003255679,-0.001390212,0.000641587,0.003255679,,,
1786043829765846145,1786043829.765055603,/novatel/oem7/inspva,/novatel/oem7/inspva,/novatel/oem7/inspva,39.663,-75.756,-1.799039778,0.001513937,0.003500063,0.000930957,-0.001193869,0.003500063,,novatel_oem7_msgs.msg.InertialSolutionStatus(status=3),
1786043829767214465,1786043829.765256342,/novatel/oem7/fix,/novatel/oem7/fix,/novatel/oem7/inspva,39.663,-75.756,-1.799039778,0.001513937,0.003500063,0.000930957,-0.001193869,0.003500063,,0,
1786043829768321207,1786043829.765928919,/novatel/oem7/odom,/novatel/oem7/fix,/novatel/oem7/odom,39.663,-75.756,-1.799039778,0.001518560,0.003498060,-0.001160398,0.000979541,0.003498060,,,
1786043829776633405,1786043829.775589098,/novatel/oem7/odom,/novatel/oem7/fix,/novatel/oem7/odom,39.663,-75.756,-1.799039778,0.001518560,0.003498060,-0.001160398,0.000979541,0.003498060,,,
1786043829785925483,1786043829.784983782,/novatel/oem7/inspva,/novatel/oem7/inspva,/novatel/oem7/inspva,39.663,-75.756,-1.799033483,0.001731666,0.003222340,0.000852684,-0.001507182,0.003222340,,novatel_oem7_msgs.msg.InertialSolutionStatus(status=3),
1786043829787772376,1786043829.785249835,/novatel/oem7/fix,/novatel/oem7/fix,/novatel/oem7/inspva,39.663,-75.756,-1.799033483,0.001731666,0.003222340,0.000852684,-0.001507182,0.003222340,,0,
1786043829789294777,1786043829.785655695,/novatel/oem7/odom,/novatel/oem7/fix,/novatel/oem7/odom,39.663,-75.756,-1.799033483,0.001738057,0.003218898,-0.001476080,0.000917623,0.003218898,,,
1786043829795200657,1786043829.794354183,/novatel/oem7/odom,/novatel/oem7/fix,/novatel/oem7/odom,39.663,-75.756,-1.799033483,0.001738057,0.003218898,-0.001476080,0.000917623,0.003218898,,,
1786043829807469473,1786043829.806614974,/novatel/oem7/inspva,/novatel/oem7/inspva,/novatel/oem7/inspva,39.663,-75.756,-1.799010043,0.001486853,0.003335978,0.000873200,-0.001203434,0.003335978,,novatel_oem7_msgs.msg.InertialSolutionStatus(status=3),
1786043829809076529,1786043829.806870134,/novatel/oem7/fix,/novatel/oem7/fix,/novatel/oem7/inspva,39.663,-75.756,-1.799010043,0.001486853,0.003335978,0.000873200,-0.001203434,0.003335978,,0,
1786043829810570028,1786043829.807412202,/novatel/oem7/odom,/novatel/oem7/fix,/novatel/oem7/odom,39.663,-75.756,-1.799010043,0.001491728,0.003333801,-0.001172116,0.000922712,0.003333801,,,
1786043829812140697,1786043829.810562652,/novatel/oem7/bestpos,/novatel/oem7/bestpos,/novatel/oem7/odom,39.663,-75.756,33.183222347,0.001491728,0.003333801,-0.001172116,0.000922712,0.003333801,,novatel_oem7_msgs.msg.SolutionStatus(status=0),novatel_oem7_msgs.msg.PositionOrVelocityType(type=53)
1786043829813270165,1786043829.810951142,/novatel/oem7/bestvel,/novatel/oem7/bestpos,/novatel/oem7/bestvel,39.663,-75.756,33.183222347,0.001817709,0.003294934,,,,308.649310209,novatel_oem7_msgs.msg.SolutionStatus(status=0),novatel_oem7_msgs.msg.PositionOrVelocityType(type=53)
1786043829815615759,1786043829.814850508,/novatel/oem7/odom,/novatel/oem7/bestpos,/novatel/oem7/odom,39.663,-75.756,33.183222347,0.001491728,0.003333801,-0.001172116,0.000922712,0.003333801,,,
1786043829825750031,1786043829.825102805,/novatel/oem7/inspva,/novatel/oem7/inspva,/novatel/oem7/inspva,39.663,-75.756,-1.799001330,0.001585572,0.003374230,0.000975106,-0.001250282,0.003374230,,novatel_oem7_msgs.msg.InertialSolutionStatus(status=3),
1786043829827358934,1786043829.825335584,/novatel/oem7/fix,/novatel/oem7/fix,/novatel/oem7/inspva,39.663,-75.756,-1.799001330,0.001585572,0.003374230,0.000975106,-0.001250282,0.003374230,,0,
1786043829828664628,1786043829.825752245,/novatel/oem7/odom,/novatel/oem7/fix,/novatel/oem7/odom,39.663,-75.756,-1.799001330,0.001589983,0.003372154,-0.001214020,0.001026742,0.003372154,,,
1786043829835958698,1786043829.835069306,/novatel/oem7/odom,/novatel/oem7/fix,/novatel/oem7/odom,39.663,-75.756,-1.799001330,0.001589983,0.003372154,-0.001214020,0.001026742,0.003372154,,,
1786043829846565866,1786043829.845531892,/novatel/oem7/inspva,/novatel/oem7/inspva,/novatel/oem7/inspva,39.663,-75.756,-1.798976647,0.001585055,0.003453787,0.000853157,-0.001335861,0.003453787,,novatel_oem7_msgs.msg.InertialSolutionStatus(status=3),
1786043829848557772,1786043829.845867362,/novatel/oem7/fix,/novatel/oem7/fix,/novatel/oem7/inspva,39.663,-75.756,-1.798976647,0.001585055,0.003453787,0.000853157,-0.001335861,0.003453787,,0,
1786043829849916683,1786043829.846557612,/novatel/oem7/odom,/novatel/oem7/fix,/novatel/oem7/odom,39.663,-75.756,-1.798976647,0.001591059,0.003451025,-0.001305863,0.000908949,0.003451025,,,
1786043829857281501,1786043829.856479949,/novatel/oem7/odom,/novatel/oem7/fix,/novatel/oem7/odom,39.663,-75.756,-1.798976647,0.001591059,0.003451025,-0.001305863,0.000908949,0.003451025,,,
1786043829866042299,1786043829.865506004,/novatel/oem7/inspva,/novatel/oem7/inspva,/novatel/oem7/inspva,39.663,-75.756,-1.798968871,0.001652815,0.003150990,0.001004419,-0.001312608,0.003150990,,novatel_oem7_msgs.msg.InertialSolutionStatus(status=3),
1786043829867368050,1786043829.865677339,/novatel/oem7/fix,/novatel/oem7/fix,/novatel/oem7/inspva,39.663,-75.756,-1.798968871,0.001652815,0.003150990,0.001004419,-0.001312608,0.003150990,,0,
1786043829868402580,1786043829.866237881,/novatel/oem7/odom,/novatel/oem7/fix,/novatel/oem7/odom,39.663,-75.756,-1.798968871,0.001657056,0.003148762,-0.001273903,0.001059720,0.003148762,,,
1786043829875636850,1786043829.874572946,/novatel/oem7/odom,/novatel/oem7/fix,/novatel/oem7/odom,39.663,-75.756,-1.798968871,0.001657056,0.003148762,-0.001273903,0.001059720,0.003148762,,,
1786043829885824342,1786043829.885296508,/novatel/oem7/inspva,/novatel/oem7/inspva,/novatel/oem7/inspva,39.663,-75.756,-1.798942731,0.001917888,0.003296751,0.001070879,-0.001591073,0.003296751,,novatel_oem7_msgs.msg.InertialSolutionStatus(status=3),
1786043829886699059,1786043829.885597857,/novatel/oem7/fix,/novatel/oem7/fix,/novatel/oem7/inspva,39.663,-75.756,-1.798942731,0.001917888,0.003296751,0.001070879,-0.001591073,0.003296751,,0,
1786043829887570015,1786043829.886388722,/novatel/oem7/odom,/novatel/oem7/fix,/novatel/oem7/odom,39.663,-75.756,-1.798942731,0.001923239,0.003293632,-0.001549290,0.001139539,0.003293632,,,
1786043829895944880,1786043829.895504845,/novatel/oem7/odom,/novatel/oem7/fix,/novatel/oem7/odom,39.663,-75.756,-1.798942731,0.001923239,0.003293632,-0.001549290,0.001139539,0.003293632,,,
1786043829906374054,1786043829.905768015,/novatel/oem7/inspva,/novatel/oem7/inspva,/novatel/oem7/inspva,39.663,-75.756,-1.798932213,0.002035516,0.003202515,0.001360807,-0.001513780,0.003202515,,novatel_oem7_msgs.msg.InertialSolutionStatus(status=3),
1786043829907252777,1786043829.906046298,/novatel/oem7/fix,/novatel/oem7/fix,/novatel/oem7/inspva,39.663,-75.756,-1.798932213,0.002035516,0.003202515,0.001360807,-0.001513780,0.003202515,,0,
1786043829907767192,1786043829.906587517,/novatel/oem7/odom,/novatel/oem7/fix,/novatel/oem7/odom,39.663,-75.756,-1.798932213,0.002038638,0.003200528,-0.001457353,0.001425540,0.003200528,,,
1786043829909941518,1786043829.909269677,/novatel/oem7/bestpos,/novatel/oem7/bestpos,/novatel/oem7/odom,39.663,-75.756,33.183305115,0.002038638,0.003200528,-0.001457353,0.001425540,0.003200528,,novatel_oem7_msgs.msg.SolutionStatus(status=0),novatel_oem7_msgs.msg.PositionOrVelocityType(type=53)
1786043829911330578,1786043829.909843097,/novatel/oem7/bestvel,/novatel/oem7/bestpos,/novatel/oem7/bestvel,39.663,-75.756,33.183305115,0.001942006,0.003260760,,,,309.760512341,novatel_oem7_msgs.msg.SolutionStatus(status=0),novatel_oem7_msgs.msg.PositionOrVelocityType(type=53)
1786043829914961649,1786043829.914313275,/novatel/oem7/odom,/novatel/oem7/bestpos,/novatel/oem7/odom,39.663,-75.756,33.183305115,0.002038638,0.003200528,-0.001457353,0.001425540,0.003200528,,,
1786043829927079884,1786043829.926579462,/novatel/oem7/inspva,/novatel/oem7/inspva,/novatel/oem7/inspva,39.663,-75.756,-1.798905700,0.001825199,0.003170487,0.001081007,-0.001470638,0.003170487,,novatel_oem7_msgs.msg.InertialSolutionStatus(status=3),
1786043829928371264,1786043829.926761328,/novatel/oem7/fix,/novatel/oem7/fix,/novatel/oem7/inspva,39.663,-75.756,-1.798905700,0.001825199,0.003170487,0.001081007,-0.001470638,0.003170487,,0,
1786043829929385751,1786043829.927130558,/novatel/oem7/odom,/novatel/oem7/fix,/novatel/oem7/odom,39.663,-75.756,-1.798905700,0.001829773,0.003167849,-0.001428037,0.001144019,0.003167849,,,
1786043829935677472,1786043829.934913564,/novatel/oem7/odom,/novatel/oem7/fix,/novatel/oem7/odom,39.663,-75.756,-1.798905700,0.001829773,0.003167849,-0.001428037,0.001144019,0.003167849,,,
1786043829945814021,1786043829.944915488,/novatel/oem7/inspva,/novatel/oem7/inspva,/novatel/oem7/inspva,39.663,-75.756,-1.798891718,0.002047757,0.003273716,0.001478800,-0.001416495,0.003273716,,novatel_oem7_msgs.msg.InertialSolutionStatus(status=3),
1786043829947759444,1786043829.945213191,/novatel/oem7/fix,/novatel/oem7/fix,/novatel/oem7/inspva,39.663,-75.756,-1.798891718,0.002047757,0.003273716,0.001478800,-0.001416495,0.003273716,,0,
1786043829949165965,1786043829.945812364,/novatel/oem7/odom,/novatel/oem7/fix,/novatel/oem7/odom,39.663,-75.756,-1.798891718,0.002049766,0.003272459,-0.001354628,0.001538350,0.003272459,,,
1786043829956857893,1786043829.956058591,/novatel/oem7/odom,/novatel/oem7/fix,/novatel/oem7/odom,39.663,-75.756,-1.798891718,0.002049766,0.003272459,-0.001354628,0.001538350,0.003272459,,,
1786043829965949095,1786043829.965305298,/novatel/oem7/inspva,/novatel/oem7/inspva,/novatel/oem7/inspva,39.663,-75.756,-1.798862124,0.001597466,0.003296992,0.000741951,-0.001414711,0.003296992,,novatel_oem7_msgs.msg.InertialSolutionStatus(status=3),
1786043829967268551,1786043829.965515644,/novatel/oem7/fix,/novatel/oem7/fix,/novatel/oem7/inspva,39.663,-75.756,-1.798862124,0.001597466,0.003296992,0.000741951,-0.001414711,0.003296992,,0,
1786043829968309642,1786043829.966095693,/novatel/oem7/odom,/novatel/oem7/fix,/novatel/oem7/odom,39.663,-75.756,-1.798862124,0.001604495,0.003293577,-0.001389512,0.000802285,0.003293577,,,
1786043829976012403,1786043829.975044777,/novatel/oem7/odom,/novatel/oem7/fix,/novatel/oem7/odom,39.663,-75.756,-1.798862124,0.001604495,0.003293577,-0.001389512,0.000802285,0.003293577,,,
1786043829986602104,1786043829.986009344,/novatel/oem7/inspva,/novatel/oem7/inspva,/novatel/oem7/inspva,39.663,-75.756,-1.798844642,0.002144400,0.003293624,0.001595511,-0.001432758,0.003293624,,novatel_oem7_msgs.msg.InertialSolutionStatus(status=3),
1786043829987935951,1786043829.986194373,/novatel/oem7/fix,/novatel/oem7/fix,/novatel/oem7/inspva,39.663,-75.756,-1.798844642,0.002144400,0.003293624,0.001595511,-0.001432758,0.003293624,,0,
1786043829988961044,1786043829.986659868,/novatel/oem7/odom,/novatel/oem7/fix,/novatel/oem7/odom,39.663,-75.756,-1.798844642,0.002145920,0.003292634,-0.001365179,0.001655675,0.003292634,,,
1786043829995249428,1786043829.994599171,/novatel/oem7/odom,/novatel/oem7/fix,/novatel/oem7/odom,39.663,-75.756,-1.798844642,0.002145920,0.003292634,-0.001365179,0.001655675,0.003292634,,,
1786043830009218443,1786043830.008417231,/novatel/oem7/inspva,/novatel/oem7/inspva,/novatel/oem7/inspva,39.663,-75.756,-1.798817203,0.002107640,0.002763074,0.001278588,-0.001675517,0.002763074,,novatel_oem7_msgs.msg.InertialSolutionStatus(status=3),
1786043830010802605,1786043830.008712291,/novatel/oem7/fix,/novatel/oem7/fix,/novatel/oem7/inspva,39.663,-75.756,-1.798817203,0.002107640,0.002763074,0.001278588,-0.001675517,0.002763074,,0,
1786043830012376621,1786043830.011170133,/novatel/oem7/odom,/novatel/oem7/fix,/novatel/oem7/odom,39.663,-75.756,-1.798817203,0.002111372,0.002760222,-0.001621211,0.001352615,0.002760222,,,
1786043830017308381,1786043830.016644855,/novatel/oem7/odom,/novatel/oem7/fix,/novatel/oem7/odom,39.663,-75.756,-1.798817203,0.002111372,0.002760222,-0.001621211,0.001352615,0.002760222,,,
1786043830026594585,1786043830.025937776,/novatel/oem7/bestpos,/novatel/oem7/bestpos,/novatel/oem7/odom,39.663,-75.756,33.183415862,0.002111372,0.002760222,-0.001621211,0.001352615,0.002760222,,novatel_oem7_msgs.msg.SolutionStatus(status=0),novatel_oem7_msgs.msg.PositionOrVelocityType(type=53)
1786043830028016937,1786043830.026390410,/novatel/oem7/bestvel,/novatel/oem7/bestpos,/novatel/oem7/bestvel,39.663,-75.756,33.183415862,0.002315714,0.002659969,,,,311.012335207,novatel_oem7_msgs.msg.SolutionStatus(status=0),novatel_oem7_msgs.msg.PositionOrVelocityType(type=53)
1786043830028930596,1786043830.026921056,/novatel/oem7/inspva,/novatel/oem7/inspva,/novatel/oem7/inspva,39.663,-75.756,-1.798798116,0.002587167,0.002816924,0.001997149,-0.001644637,0.002816924,,novatel_oem7_msgs.msg.InertialSolutionStatus(status=3),
1786043830029763427,1786043830.027093887,/novatel/oem7/fix,/novatel/oem7/fix,/novatel/oem7/inspva,39.663,-75.756,-1.798798116,0.002587167,0.002816924,0.001997149,-0.001644637,0.002816924,,0,
1786043830030807368,1786043830.027460541,/novatel/oem7/odom,/novatel/oem7/fix,/novatel/oem7/odom,39.663,-75.756,-1.798798116,0.002587854,0.002816293,-0.001554949,0.002068605,0.002816293,,,
1786043830035291730,1786043830.034403225,/novatel/oem7/odom,/novatel/oem7/fix,/novatel/oem7/odom,39.663,-75.756,-1.798798116,0.002587854,0.002816293,-0.001554949,0.002068605,0.002816293,,,
1786043830047761930,1786043830.046784910,/novatel/oem7/inspva,/novatel/oem7/inspva,/novatel/oem7/inspva,39.663,-75.756,-1.798818140,0.002038674,0.003171392,0.001422990,-0.001459895,0.003171392,,novatel_oem7_msgs.msg.InertialSolutionStatus(status=3),
1786043830049632396,1786043830.047077877,/novatel/oem7/fix,/novatel/oem7/fix,/novatel/oem7/inspva,39.663,-75.756,-1.798818140,0.002038674,0.003171392,0.001422990,-0.001459895,0.003171392,,0,
1786043830051028297,1786043830.047839434,/novatel/oem7/odom,/novatel/oem7/fix,/novatel/oem7/odom,39.663,-75.756,-1.798818140,0.002041147,0.003169801,-0.001400355,0.001485021,0.003169801,,,
1786043830057811822,1786043830.056916326,/novatel/oem7/odom,/novatel/oem7/fix,/novatel/oem7/odom,39.663,-75.756,-1.798818140,0.002041147,0.003169801,-0.001400355,0.001485021,0.003169801,,,
1786043830065856047,1786043830.065117082,/novatel/oem7/inspva,/novatel/oem7/inspva,/novatel/oem7/inspva,39.663,-75.756,-1.798853775,0.002287043,0.002983580,0.001749833,-0.001472633,0.002983580,,novatel_oem7_msgs.msg.InertialSolutionStatus(status=3),
1786043830067472686,1786043830.065331205,/novatel/oem7/fix,/novatel/oem7/fix,/novatel/oem7/inspva,39.663,-75.756,-1.798853775,0.002287043,0.002983580,0.001749833,-0.001472633,0.002983580,,0,
1786043830068653901,1786043830.065856407,/novatel/oem7/odom,/novatel/oem7/fix,/novatel/oem7/odom,39.663,-75.756,-1.798853775,0.002287951,0.002982884,-0.001396132,0.001812604,0.002982884,,,
1786043830076440634,1786043830.075676939,/novatel/oem7/odom,/novatel/oem7/fix,/novatel/oem7/odom,39.663,-75.756,-1.798853775,0.002287951,0.002982884,-0.001396132,0.001812604,0.002982884,,,
1786043830086230249,1786043830.085566006,/novatel/oem7/inspva,/novatel/oem7/inspva,/novatel/oem7/inspva,39.663,-75.756,-1.798874024,0.001867371,0.002669655,0.001152323,-0.001469431,0.002669655,,novatel_oem7_msgs.msg.InertialSolutionStatus(status=3),
1786043830087619523,1786043830.085771272,/novatel/oem7/fix,/novatel/oem7/fix,/novatel/oem7/inspva,39.663,-75.756,-1.798874024,0.001867371,0.002669655,0.001152323,-0.001469431,0.002669655,,0,
1786043830088665721,1786043830.086536429,/novatel/oem7/odom,/novatel/oem7/fix,/novatel/oem7/odom,39.663,-75.756,-1.798874024,0.001870843,0.002667223,-0.001421278,0.001216562,0.002667223,,,
1786043830095342225,1786043830.094640332,/novatel/oem7/odom,/novatel/oem7/fix,/novatel/oem7/odom,39.663,-75.756,-1.798874024,0.001870843,0.002667223,-0.001421278,0.001216562,0.002667223,,,
1786043830106973836,1786043830.106048330,/novatel/oem7/inspva,/novatel/oem7/inspva,/novatel/oem7/inspva,39.663,-75.756,-1.798906700,0.002143846,0.002790508,0.001533908,-0.001497732,0.002790508,,novatel_oem7_msgs.msg.InertialSolutionStatus(status=3),
1786043830108593233,1786043830.106272452,/novatel/oem7/fix,/novatel/oem7/fix,/novatel/oem7/inspva,39.663,-75.756,-1.798906700,0.002143846,0.002790508,0.001533908,-0.001497732,0.002790508,,0,
1786043830109713157,1786043830.106798035,/novatel/oem7/odom,/novatel/oem7/fix,/novatel/oem7/odom,39.663,-75.756,-1.798906700,0.002145699,0.002789083,-0.001431101,0.001598742,0.002789083,,,
1786043830111298043,1786043830.109928966,/novatel/oem7/bestpos,/novatel/oem7/bestpos,/novatel/oem7/odom,39.663,-75.756,33.183342539,0.002145699,0.002789083,-0.001431101,0.001598742,0.002789083,,novatel_oem7_msgs.msg.SolutionStatus(status=0),novatel_oem7_msgs.msg.PositionOrVelocityType(type=53)
1786043830112248353,1786043830.110550886,/novatel/oem7/bestvel,/novatel/oem7/bestpos,/novatel/oem7/bestvel,39.663,-75.756,33.183342539,0.002665989,0.002908095,,,,311.611800064,novatel_oem7_msgs.msg.SolutionStatus(status=0),novatel_oem7_msgs.msg.PositionOrVelocityType(type=53)
1786043830115131746,1786043830.114415602,/novatel/oem7/odom,/novatel/oem7/bestpos,/novatel/oem7/odom,39.663,-75.756,33.183342539,0.002145699,0.002789083,-0.001431101,0.001598742,0.002789083,,,
1786043830125847621,1786043830.125237591,/novatel/oem7/inspva,/novatel/oem7/inspva,/novatel/oem7/inspva,39.663,-75.756,-1.798925856,0.001926048,0.002586268,0.001178849,-0.001523146,0.002586268,,novatel_oem7_msgs.msg.InertialSolutionStatus(status=3),
1786043830127246035,1786043830.125389330,/novatel/oem7/fix,/novatel/oem7/fix,/novatel/oem7/inspva,39.663,-75.756,-1.798925856,0.001926048,0.002586268,0.001178849,-0.001523146,0.002586268,,0,
1786043830128324243,1786043830.126021791,/novatel/oem7/odom,/novatel/oem7/fix,/novatel/oem7/odom,39.663,-75.756,-1.798925856,0.001929544,0.002583661,-0.001473314,0.001245988,0.002583661,,,
1786043830136607670,1786043830.135612063,/novatel/oem7/odom,/novatel/oem7/fix,/novatel/oem7/odom,39.663,-75.756,-1.798925856,0.001929544,0.002583661,-0.001473314,0.001245988,0.002583661,,,
1786043830146041705,1786043830.145132210,/novatel/oem7/inspva,/novatel/oem7/inspva,/novatel/oem7/inspva,39.663,-75.756,-1.798958363,0.002222665,0.002601742,0.001585327,-0.001557877,0.002601742,,novatel_oem7_msgs.msg.InertialSolutionStatus(status=3),
1786043830147889038,1786043830.145402466,/novatel/oem7/fix,/novatel/oem7/fix,/novatel/oem7/inspva,39.663,-75.756,-1.798958363,0.002222665,0.002601742,0.001585327,-0.001557877,0.002601742,,0,
1786043830149469870,1786043830.146060919,/novatel/oem7/odom,/novatel/oem7/fix,/novatel/oem7/odom,39.663,-75.756,-1.798958363,0.002224453,0.002600213,-0.001487873,0.001653610,0.002600213,,,
1786043830156577306,1786043830.155723960,/novatel/oem7/odom,/novatel/oem7/fix,/novatel/oem7/odom,39.663,-75.756,-1.798958363,0.002224453,0.002600213,-0.001487873,0.001653610,0.002600213,,,
1786043830167616264,1786043830.166887143,/novatel/oem7/inspva,/novatel/oem7/inspva,/novatel/oem7/inspva,39.663,-75.756,-1.798973061,0.002186605,0.002868513,0.001257846,-0.001788593,0.002868513,,novatel_oem7_msgs.msg.InertialSolutionStatus(status=3),
1786043830169168800,1786043830.167070698,/novatel/oem7/fix,/novatel/oem7/fix,/novatel/oem7/inspva,39.663,-75.756,-1.798973061,0.002186605,0.002868513,0.001257846,-0.001788593,0.002868513,,0,
1786043830170362512,1786043830.167598671,/novatel/oem7/odom,/novatel/oem7/fix,/novatel/oem7/odom,39.663,-75.756,-1.798973061,0.002191090,0.002865089,-0.001735656,0.001337300,0.002865089,,,
1786043830175311720,1786043830.174863334,/novatel/oem7/odom,/novatel/oem7/fix,/novatel/oem7/odom,39.663,-75.756,-1.798973061,0.002191090,0.002865089,-0.001735656,0.001337300,0.002865089,,,
1786043830185600343,1786043830.184945236,/novatel/oem7/inspva,/novatel/oem7/inspva,/novatel/oem7/inspva,39.663,-75.756,-1.799005350,0.001917110,0.002841234,0.001303075,-0.001406168,0.002841234,,novatel_oem7_msgs.msg.InertialSolutionStatus(status=3),
1786043830186961620,1786043830.185134725,/novatel/oem7/fix,/novatel/oem7/fix,/novatel/oem7/inspva,39.663,-75.756,-1.799005350,0.001917110,0.002841234,0.001303075,-0.001406168,0.002841234,,0,
1786043830187998854,1786043830.185628230,/novatel/oem7/odom,/novatel/oem7/fix,/novatel/oem7/odom,39.663,-75.756,-1.799005350,0.001919731,0.002839464,-0.001351315,0.001363566,0.002839464,,,
1786043830196106856,1786043830.195408212,/novatel/oem7/odom,/novatel/oem7/fix,/novatel/oem7/odom,39.663,-75.756,-1.799005350,0.001919731,0.002839464,-0.001351315,0.001363566,0.002839464,,,
1786043830207449711,1786043830.206643293,/novatel/oem7/inspva,/novatel/oem7/inspva,/novatel/oem7/inspva,39.663,-75.756,-1.799023604,0.002322261,0.002454367,0.001500610,-0.001772306,0.002454367,,novatel_oem7_msgs.msg.InertialSolutionStatus(status=3),
1786043830208947056,1786043830.206857625,/novatel/oem7/fix,/novatel/oem7/fix,/novatel/oem7/inspva,39.663,-75.756,-1.799023604,0.002322261,0.002454367,0.001500610,-0.001772306,0.002454367,,0,
1786043830210098871,1786043830.207251689,/novatel/oem7/odom,/novatel/oem7/fix,/novatel/oem7/odom,39.663,-75.756,-1.799023604,0.002325065,0.002451711,-0.001705649,0.001580091,0.002451711,,,
1786043830211647930,1786043830.210014017,/novatel/oem7/bestpos,/novatel/oem7/bestpos,/novatel/oem7/odom,39.663,-75.756,33.183227480,0.002325065,0.002451711,-0.001705649,0.001580091,0.002451711,,novatel_oem7_msgs.msg.SolutionStatus(status=0),novatel_oem7_msgs.msg.PositionOrVelocityType(type=53)
1786043830212649237,1786043830.210429111,/novatel/oem7/bestvel,/novatel/oem7/bestpos,/novatel/oem7/bestvel,39.663,-75.756,33.183227480,0.002123570,0.002416291,,,,311.458702536,novatel_oem7_msgs.msg.SolutionStatus(status=0),novatel_oem7_msgs.msg.PositionOrVelocityType(type=53)
1786043830215670451,1786043830.214959633,/novatel/oem7/odom,/novatel/oem7/bestpos,/novatel/oem7/odom,39.663,-75.756,33.183227480,0.002325065,0.002451711,-0.001705649,0.001580091,0.002451711,,,
1786043830226645449,1786043830.225981909,/novatel/oem7/inspva,/novatel/oem7/inspva,/novatel/oem7/inspva,39.663,-75.756,-1.799051649,0.001953690,0.002677485,0.001316892,-0.001443156,0.002677485,,novatel_oem7_msgs.msg.InertialSolutionStatus(status=3),
1786043830228038233,1786043830.226137477,/novatel/oem7/fix,/novatel/oem7/fix,/novatel/oem7/inspva,39.663,-75.756,-1.799051649,0.001953690,0.002677485,0.001316892,-0.001443156,0.002677485,,0,
1786043830229102380,1786043830.226550621,/novatel/oem7/odom,/novatel/oem7/fix,/novatel/oem7/odom,39.663,-75.756,-1.799051649,0.001956291,0.002675585,-0.001386944,0.001379660,0.002675585,,,
1786043830235500765,1786043830.234504825,/novatel/oem7/odom,/novatel/oem7/fix,/novatel/oem7/odom,39.663,-75.756,-1.799051649,0.001956291,0.002675585,-0.001386944,0.001379660,0.002675585,,,
1786043830246558047,1786043830.245870486,/novatel/oem7/inspva,/novatel/oem7/inspva,/novatel/oem7/inspva,39.663,-75.756,-1.799064053,0.002015076,0.002874066,0.001280425,-0.001555971,0.002874066,,novatel_oem7_msgs.msg.InertialSolutionStatus(status=3),
1786043830247996965,1786043830.246073368,/novatel/oem7/fix,/novatel/oem7/fix,/novatel/oem7/inspva,39.663,-75.756,-1.799064053,0.002015076,0.002874066,0.001280425,-0.001555971,0.002874066,,0,
1786043830249074239,1786043830.246660058,/novatel/oem7/odom,/novatel/oem7/fix,/novatel/oem7/odom,39.663,-75.756,-1.799064053,0.002018587,0.002871602,-0.001502234,0.001348326,0.002871602,,,
1786043830256979426,1786043830.256280632,/novatel/oem7/odom,/novatel/oem7/fix,/novatel/oem7/odom,39.663,-75.756,-1.799064053,0.002018587,0.002871602,-0.001502234,0.001348326,0.002871602,,,
1786043830265677021,1786043830.265102681,/novatel/oem7/inspva,/novatel/oem7/inspva,/novatel/oem7/inspva,39.663,-75.756,-1.799093908,0.001940490,0.002720678,0.001208178,-0.001518489,0.002720678,,novatel_oem7_msgs.msg.InertialSolutionStatus(status=3),
1786043830267047568,1786043830.265273177,/novatel/oem7/fix,/novatel/oem7/fix,/novatel/oem7/inspva,39.663,-75.756,-1.799093908,0.001940490,0.002720678,0.001208178,-0.001518489,0.002720678,,0,
1786043830268174009,1786043830.265884306,/novatel/oem7/odom,/novatel/oem7/fix,/novatel/oem7/odom,39.663,-75.756,-1.799093908,0.001943999,0.002718172,-0.001467733,0.001274712,0.002718172,,,
1786043830275172660,1786043830.274525094,/novatel/oem7/odom,/novatel/oem7/fix,/novatel/oem7/odom,39.663,-75.756,-1.799093908,0.001943999,0.002718172,-0.001467733,0.001274712,0.002718172,,,
1786043830287195259,1786043830.286677290,/novatel/oem7/inspva,/novatel/oem7/inspva,/novatel/oem7/inspva,39.663,-75.756,-1.799105063,0.002529934,0.002890973,0.001696771,-0.001876575,0.002890973,,novatel_oem7_msgs.msg.InertialSolutionStatus(status=3),
1786043830288514352,1786043830.286830091,/novatel/oem7/fix,/novatel/oem7/fix,/novatel/oem7/inspva,39.663,-75.756,-1.799105063,0.002529934,0.002890973,0.001696771,-0.001876575,0.002890973,,0,
1786043830289559679,1786043830.287222135,/novatel/oem7/odom,/novatel/oem7/fix,/novatel/oem7/odom,39.663,-75.756,-1.799105063,0.002532834,0.002888433,-0.001801870,0.001780032,0.002888433,,,
1786043830296001748,1786043830.295338114,/novatel/oem7/odom,/novatel/oem7/fix,/novatel/oem7/odom,39.663,-75.756,-1.799105063,0.002532834,0.002888433,-0.001801870,0.001780032,0.002888433,,,
1786043830306284865,1786043830.305765927,/novatel/oem7/inspva,/novatel/oem7/inspva,/novatel/oem7/inspva,39.663,-75.756,-1.799129964,0.002142131,0.002820710,0.001473394,-0.001554938,0.002820710,,novatel_oem7_msgs.msg.InertialSolutionStatus(status=3),
1786043830307625982,1786043830.305913241,/novatel/oem7/fix,/novatel/oem7/fix,/novatel/oem7/inspva,39.663,-75.756,-1.799129964,0.002142131,0.002820710,0.001473394,-0.001554938,0.002820710,,0,
1786043830308680109,1786043830.306366653,/novatel/oem7/odom,/novatel/oem7/fix,/novatel/oem7/odom,39.663,-75.756,-1.799129964,0.002144642,0.002818802,-0.001491408,0.001541166,0.002818802,,,
1786043830310222845,1786043830.309487975,/novatel/oem7/bestpos,/novatel/oem7/bestpos,/novatel/oem7/odom,39.663,-75.756,33.183119548,0.002144642,0.002818802,-0.001491408,0.001541166,0.002818802,,novatel_oem7_msgs.msg.SolutionStatus(status=0),novatel_oem7_msgs.msg.PositionOrVelocityType(type=53)
1786043830311657043,1786043830.310331099,/novatel/oem7/bestvel,/novatel/oem7/bestpos,/novatel/oem7/bestvel,39.663,-75.756,33.183119548,0.002298486,0.002616554,,,,319.911978028,novatel_oem7_msgs.msg.SolutionStatus(status=0),novatel_oem7_msgs.msg.PositionOrVelocityType(type=53)
1786043830316128872,1786043830.315457478,/novatel/oem7/odom,/novatel/oem7/bestpos,/novatel/oem7/odom,39.663,-75.756,33.183119548,0.002144642,0.002818802,-0.001491408,0.001541166,0.002818802,,,
1786043830326339031,1786043830.325781403,/novatel/oem7/inspva,/novatel/oem7/inspva,/novatel/oem7/inspva,39.663,-75.756,-1.799136063,0.002070948,0.003101186,0.001465520,-0.001463242,0.003101186,,novatel_oem7_msgs.msg.InertialSolutionStatus(status=3),
1786043830327762536,1786043830.325958538,/novatel/oem7/fix,/novatel/oem7/fix,/novatel/oem7/inspva,39.663,-75.756,-1.799136063,0.002070948,0.003101186,0.001465520,-0.001463242,0.003101186,,0,
1786043830328837607,1786043830.326578504,/novatel/oem7/odom,/novatel/oem7/fix,/novatel/oem7/odom,39.663,-75.756,-1.799136063,0.002073308,0.003099609,-0.001401333,0.001528028,0.003099609,,,
1786043830335228015,1786043830.334562828,/novatel/oem7/odom,/novatel/oem7/fix,/novatel/oem7/odom,39.663,-75.756,-1.799136063,0.002073308,0.003099609,-0.001401333,0.001528028,0.003099609,,,
1786043830346809516,1786043830.346222840,/novatel/oem7/inspva,/novatel/oem7/inspva,/novatel/oem7/inspva,39.663,-75.756,-1.799159852,0.001788467,0.002975591,0.001130862,-0.001385555,0.002975591,,novatel_oem7_msgs.msg.InertialSolutionStatus(status=3),
1786043830348174790,1786043830.346409932,/novatel/oem7/fix,/novatel/oem7/fix,/novatel/oem7/inspva,39.663,-75.756,-1.799159852,0.001788467,0.002975591,0.001130862,-0.001385555,0.002975591,,0,
1786043830349261837,1786043830.347021385,/novatel/oem7/odom,/novatel/oem7/fix,/novatel/oem7/odom,39.663,-75.756,-1.799159852,0.001792195,0.002973346,-0.001339875,0.001190251,0.002973346,,,
1786043830357624115,1786043830.356640922,/novatel/oem7/odom,/novatel/oem7/fix,/novatel/oem7/odom,39.663,-75.756,-1.799159852,0.001792195,0.002973346,-0.001339875,0.001190251,0.002973346,,,
1786043830366164529,1786043830.365307093,/novatel/oem7/inspva,/novatel/oem7/inspva,/novatel/oem7/inspva,39.663,-75.756,-1.799163925,0.001787150,0.003201337,0.001137899,-0.001378075,0.003201337,,novatel_oem7_msgs.msg.InertialSolutionStatus(status=3),
1786043830368047368,1786043830.365634669,/novatel/oem7/fix,/novatel/oem7/fix,/novatel/oem7/inspva,39.663,-75.756,-1.799163925,0.001787150,0.003201337,0.001137899,-0.001378075,0.003201337,,0,
1786043830369479732,1786043830.366327153,/novatel/oem7/odom,/novatel/oem7/fix,/novatel/oem7/odom,39.663,-75.756,-1.799163925,0.001791072,0.003199144,-0.001332973,0.001196295,0.003199144,,,
1786043830376542150,1786043830.375554647,/novatel/oem7/odom,/novatel/oem7/fix,/novatel/oem7/odom,39.663,-75.756,-1.799163925,0.001791072,0.003199144,-0.001332973,0.001196295,0.003199144,,,
1786043830385971529,1786043830.385140071,/novatel/oem7/inspva,/novatel/oem7/inspva,/novatel/oem7/inspva,39.663,-75.756,-1.799185858,0.001505720,0.002910756,0.000920190,-0.001191823,0.002910756,,novatel_oem7_msgs.msg.InertialSolutionStatus(status=3),
1786043830388390537,1786043830.385353359,/novatel/oem7/fix,/novatel/oem7/fix,/novatel/oem7/inspva,39.663,-75.756,-1.799185858,0.001505720,0.002910756,0.000920190,-0.001191823,0.002910756,,0,
1786043830390031573,1786043830.385923045,/novatel/oem7/odom,/novatel/oem7/fix,/novatel/oem7/odom,39.663,-75.756,-1.799185858,0.001509759,0.002908663,-0.001156589,0.000970399,0.002908663,,,
1786043830395176626,1786043830.394469745,/novatel/oem7/odom,/novatel/oem7/fix,/novatel/oem7/odom,39.663,-75.756,-1.799185858,0.001509759,0.002908663,-0.001156589,0.000970399,0.002908663,,,
1786043830406575634,1786043830.405778810,/novatel/oem7/inspva,/novatel/oem7/inspva,/novatel/oem7/inspva,39.663,-75.756,-1.799188089,0.002057470,0.003153910,0.001362117,-0.001542018,0.003153910,,novatel_oem7_msgs.msg.InertialSolutionStatus(status=3),
1786043830408160770,1786043830.406001525,/novatel/oem7/fix,/novatel/oem7/fix,/novatel/oem7/inspva,39.663,-75.756,-1.799188089,0.002057470,0.003153910,0.001362117,-0.001542018,0.003153910,,0,
1786043830409300486,1786043830.406795650,/novatel/oem7/odom,/novatel/oem7/fix,/novatel/oem7/odom,39.663,-75.756,-1.799188089,0.002060843,0.003151707,-0.001485438,0.001428477,0.003151707,,,
1786043830411387197,1786043830.410348149,/novatel/oem7/bestpos,/novatel/oem7/bestpos,/novatel/oem7/odom,39.663,-75.756,33.183054975,0.002060843,0.003151707,-0.001485438,0.001428477,0.003151707,,novatel_oem7_msgs.msg.SolutionStatus(status=0),novatel_oem7_msgs.msg.PositionOrVelocityType(type=53)
1786043830412869818,1786043830.410854881,/novatel/oem7/bestvel,/novatel/oem7/bestpos,/novatel/oem7/bestvel,39.663,-75.756,33.183054975,0.001821833,0.002913325,,,,321.238538606,novatel_oem7_msgs.msg.SolutionStatus(status=0),novatel_oem7_msgs.msg.PositionOrVelocityType(type=53)
1786043830415521165,1786043830.414735421,/novatel/oem7/odom,/novatel/oem7/bestpos,/novatel/oem7/odom,39.663,-75.756,33.183054975,0.002060843,0.003151707,-0.001485438,0.001428477,0.003151707,,,
1786043830425503253,1786043830.424896037,/novatel/oem7/inspva,/novatel/oem7/inspva,/novatel/oem7/inspva,39.663,-75.756,-1.799209803,0.001685570,0.002773810,0.001147386,-0.001234768,0.002773810,,novatel_oem7_msgs.msg.InertialSolutionStatus(status=3),
1786043830426879000,1786043830.425068708,/novatel/oem7/fix,/novatel/oem7/fix,/novatel/oem7/inspva,39.663,-75.756,-1.799209803,0.001685570,0.002773810,0.001147386,-0.001234768,0.002773810,,0,
1786043830427963131,1786043830.425588067,/novatel/oem7/odom,/novatel/oem7/fix,/novatel/oem7/odom,39.663,-75.756,-1.799209803,0.001688207,0.002772206,-0.001187662,0.001199792,0.002772206,,,
1786043830436271945,1786043830.435407510,/novatel/oem7/odom,/novatel/oem7/fix,/novatel/oem7/odom,39.663,-75.756,-1.799209803,0.001688207,0.002772206,-0.001187662,0.001199792,0.002772206,,,
1786043830447215443,1786043830.446543686,/novatel/oem7/inspva,/novatel/oem7/inspva,/novatel/oem7/inspva,39.663,-75.756,-1.799208276,0.001980651,0.003368714,0.001237141,-0.001546758,0.003368714,,novatel_oem7_msgs.msg.InertialSolutionStatus(status=3),
1786043830448647227,1786043830.446731808,/novatel/oem7/fix,/novatel/oem7/fix,/novatel/oem7/inspva,39.663,-75.756,-1.799208276,0.001980651,0.003368714,0.001237141,-0.001546758,0.003368714,,0,
1786043830449790922,1786043830.447224263,/novatel/oem7/odom,/novatel/oem7/fix,/novatel/oem7/odom,39.663,-75.756,-1.799208276,0.001985032,0.003366134,-0.001497241,0.001303312,0.003366134,,,
1786043830457302532,1786043830.456470116,/novatel/oem7/odom,/novatel/oem7/fix,/novatel/oem7/odom,39.663,-75.756,-1.799208276,0.001985032,0.003366134,-0.001497241,0.001303312,0.003366134,,,
1786043830466994823,1786043830.466124437,/novatel/oem7/inspva,/novatel/oem7/inspva,/novatel/oem7/inspva,39.663,-75.756,-1.799228854,0.001729184,0.003177049,0.001120752,-0.001316812,0.003177049,,novatel_oem7_msgs.msg.InertialSolutionStatus(status=3),
1786043830468836155,1786043830.466391770,/novatel/oem7/fix,/novatel/oem7/fix,/novatel/oem7/inspva,39.663,-75.756,-1.799228854,0.001729184,0.003177049,0.001120752,-0.001316812,0.003177049,,0,
1786043830470198142,1786043830.467028753,/novatel/oem7/odom,/novatel/oem7/fix,/novatel/oem7/odom,39.663,-75.756,-1.799228854,0.001732854,0.003175049,-0.001272552,0.001176178,0.003175049,,,
1786043830475906110,1786043830.475017257,/novatel/oem7/odom,/novatel/oem7/fix,/novatel/oem7/odom,39.663,-75.756,-1.799228854,0.001732854,0.003175049,-0.001272552,0.001176178,0.003175049,,,
1786043830486350032,1786043830.485341879,/novatel/oem7/inspva,/novatel/oem7/inspva,/novatel/oem7/inspva,39.663,-75.756,-1.799233619,0.001615596,0.002773214,0.001159070,-0.001125481,0.002773214,,novatel_oem7_msgs.msg.InertialSolutionStatus(status=3),
1786043830490243179,1786043830.485637155,/novatel/oem7/fix,/novatel/oem7/fix,/novatel/oem7/inspva,39.663,-75.756,-1.799233619,0.001615596,0.002773214,0.001159070,-0.001125481,0.002773214,,0,
1786043830491453344,1786043830.486081343,/novatel/oem7/odom,/novatel/oem7/fix,/novatel/oem7/odom,39.663,-75.756,-1.799233619,0.001617526,0.002772089,-0.001077898,0.001206037,0.002772089,,,
1786043830496175102,1786043830.495593576,/novatel/oem7/odom,/novatel/oem7/fix,/novatel/oem7/odom,39.663,-75.756,-1.799233619,0.001617526,0.002772089,-0.001077898,0.001206037,0.002772089,,,
1786043830506852220,1786043830.506099042,/novatel/oem7/inspva,/novatel/oem7/inspva,/novatel/oem7/inspva,39.663,-75.756,-1.799252423,0.001925900,0.002676402,0.001305262,-0.001416115,0.002676402,,novatel_oem7_msgs.msg.InertialSolutionStatus(status=3),
1786043830508224664,1786043830.506335731,/novatel/oem7/fix,/novatel/oem7/fix,/novatel/oem7/inspva,39.663,-75.756,-1.799252423,0.001925900,0.002676402,0.001305262,-0.001416115,0.002676402,,0,
1786043830509168226,1786043830.506778813,/novatel/oem7/odom,/novatel/oem7/fix,/novatel/oem7/odom,39.663,-75.756,-1.799252423,0.001928456,0.002674561,-0.001360533,0.001366709,0.002674561,,,
1786043830513195017,1786043830.511966305,/novatel/oem7/bestpos,/novatel/oem7/bestpos,/novatel/oem7/odom,39.663,-75.756,33.182988229,0.001928456,0.002674561,-0.001360533,0.001366709,0.002674561,,novatel_oem7_msgs.msg.SolutionStatus(status=0),novatel_oem7_msgs.msg.PositionOrVelocityType(type=53)
1786043830514495985,1786043830.512346569,/novatel/oem7/bestvel,/novatel/oem7/bestpos,/novatel/oem7/bestvel,39.663,-75.756,33.182988229,0.002082080,0.002334738,,,,324.812383419,novatel_oem7_msgs.msg.SolutionStatus(status=0),novatel_oem7_msgs.msg.PositionOrVelocityType(type=53)
1786043830516119376,1786043830.514407136,/novatel/oem7/odom,/novatel/oem7/bestpos,/novatel/oem7/odom,39.663,-75.756,33.182988229,0.001928456,0.002674561,-0.001360533,0.001366709,0.002674561,,,
1786043830527029194,1786043830.526525263,/novatel/oem7/inspva,/novatel/oem7/inspva,/novatel/oem7/inspva,39.663,-75.756,-1.799254160,0.002125340,0.002807621,0.001438715,-0.001564342,0.002807621,,novatel_oem7_msgs.msg.InertialSolutionStatus(status=3),
1786043830528231594,1786043830.526751775,/novatel/oem7/fix,/novatel/oem7/fix,/novatel/oem7/inspva,39.663,-75.756,-1.799254160,0.002125340,0.002807621,0.001438715,-0.001564342,0.002807621,,0,
1786043830529148203,1786043830.527294371,/novatel/oem7/odom,/novatel/oem7/fix,/novatel/oem7/odom,39.663,-75.756,-1.799254160,0.002128040,0.002805575,-0.001502496,0.001507004,0.002805575,,,
1786043830536435649,1786043830.535676702,/novatel/oem7/odom,/novatel/oem7/fix,/novatel/oem7/odom,39.663,-75.756,-1.799254160,0.002128040,0.002805575,-0.001502496,0.001507004,0.002805575,,,
1786043830545445191,1786043830.544933652,/novatel/oem7/inspva,/novatel/oem7/inspva,/novatel/oem7/inspva,39.663,-75.756,-1.799272470,0.002113266,0.002834822,0.001531965,-0.001455671,0.002834822,,novatel_oem7_msgs.msg.InertialSolutionStatus(status=3),
1786043830546614338,1786043830.545140205,/novatel/oem7/fix,/novatel/oem7/fix,/novatel/oem7/inspva,39.663,-75.756,-1.799272470,0.002113266,0.002834822,0.001531965,-0.001455671,0.002834822,,0,
1786043830547595467,1786043830.545672257,/novatel/oem7/odom,/novatel/oem7/fix,/novatel/oem7/odom,39.663,-75.756,-1.799272470,0.002115071,0.002833477,-0.001389421,0.001594689,0.002833477,,,
1786043830556735298,1786043830.555711772,/novatel/oem7/odom,/novatel/oem7/fix,/novatel/oem7/odom,39.663,-75.756,-1.799272470,0.002115071,0.002833477,-0.001389421,0.001594689,0.002833477,,,
1786043830567333528,1786043830.566574675,/novatel/oem7/inspva,/novatel/oem7/inspva,/novatel/oem7/inspva,39.663,-75.756,-1.799273636,0.001642790,0.002807350,0.001182633,-0.001140235,0.002807350,,novatel_oem7_msgs.msg.InertialSolutionStatus(status=3),
1786043830568877263,1786043830.566858031,/novatel/oem7/fix,/novatel/oem7/fix,/novatel/oem7/inspva,39.663,-75.756,-1.799273636,0.001642790,0.002807350,0.001182633,-0.001140235,0.002807350,,0,
1786043830570034810,1786043830.567374188,/novatel/oem7/odom,/novatel/oem7/fix,/novatel/oem7/odom,39.663,-75.756,-1.799273636,0.001644699,0.002806232,-0.001091609,0.001230213,0.002806232,,,
1786043830575779693,1786043830.574963627,/novatel/oem7/odom,/novatel/oem7/fix,/novatel/oem7/odom,39.663,-75.756,-1.799273636,0.001644699,0.002806232,-0.001091609,0.001230213,0.002806232,,,
1786043830586953219,1786043830.586002962,/novatel/oem7/inspva,/novatel/oem7/inspva,/novatel/oem7/inspva,39.663,-75.756,-1.799290016,0.001995850,0.002742088,0.001437029,-0.001385051,0.002742088,,novatel_oem7_msgs.msg.InertialSolutionStatus(status=3),
1786043830588411091,1786043830.586232564,/novatel/oem7/fix,/novatel/oem7/fix,/novatel/oem7/inspva,39.663,-75.756,-1.799290016,0.001995850,0.002742088,0.001437029,-0.001385051,0.002742088,,0,
1786043830589353466,1786043830.586815122,/novatel/oem7/odom,/novatel/oem7/fix,/novatel/oem7/odom,39.663,-75.756,-1.799290016,0.001997721,0.002740725,-0.001323237,0.001496641,0.002740725,,,
1786043830595087483,1786043830.594468314,/novatel/oem7/odom,/novatel/oem7/fix,/novatel/oem7/odom,39.663,-75.756,-1.799290016,0.001997721,0.002740725,-0.001323237,0.001496641,0.002740725,,,
1786043830606986989,1786043830.606192566,/novatel/oem7/inspva,/novatel/oem7/inspva,/novatel/oem7/inspva,39.663,-75.756,-1.799291614,0.001684010,0.002611338,0.001273866,-0.001101433,0.002611338,,novatel_oem7_msgs.msg.InertialSolutionStatus(status=3),
1786043830608315785,1786043830.606389148,/novatel/oem7/fix,/novatel/oem7/fix,/novatel/oem7/inspva,39.663,-75.756,-1.799291614,0.001684010,0.002611338,0.001273866,-0.001101433,0.002611338,,0,
1786043830609272025,1786043830.606935814,/novatel/oem7/odom,/novatel/oem7/fix,/novatel/oem7/odom,39.663,-75.756,-1.799291614,0.001685082,0.002610646,-0.001047501,0.001319941,0.002610646,,,
1786043830610931694,1786043830.610215141,/novatel/oem7/bestpos,/novatel/oem7/bestpos,/novatel/oem7/odom,39.663,-75.756,33.182957268,0.001685082,0.002610646,-0.001047501,0.001319941,0.002610646,,novatel_oem7_msgs.msg.SolutionStatus(status=0),novatel_oem7_msgs.msg.PositionOrVelocityType(type=53)
1786043830612301758,1786043830.610584427,/novatel/oem7/bestvel,/novatel/oem7/bestpos,/novatel/oem7/bestvel,39.663,-75.756,33.182957268,0.001877009,0.002630707,,,,317.598010974,novatel_oem7_msgs.msg.SolutionStatus(status=0),novatel_oem7_msgs.msg.PositionOrVelocityType(type=53)
1786043830616113264,1786043830.615467264,/novatel/oem7/odom,/novatel/oem7/bestpos,/novatel/oem7/odom,39.663,-75.756,33.182957268,0.001685082,0.002610646,-0.001047501,0.001319941,0.002610646,,,
1786043830625685234,1786043830.625161332,/novatel/oem7/inspva,/novatel/oem7/inspva,/novatel/oem7/inspva,39.663,-75.756,-1.799308566,0.001762974,0.002208238,0.001250510,-0.001242699,0.002208238,,novatel_oem7_msgs.msg.InertialSolutionStatus(status=3),
1786043830626866426,1786043830.625317797,/novatel/oem7/fix,/novatel/oem7/fix,/novatel/oem7/inspva,39.663,-75.756,-1.799308566,0.001762974,0.002208238,0.001250510,-0.001242699,0.002208238,,0,
1786043830627743764,1786043830.625696021,/novatel/oem7/odom,/novatel/oem7/fix,/novatel/oem7/odom,39.663,-75.756,-1.799308566,0.001764590,0.002206946,-0.001188108,0.001304675,0.002206946,,,
1786043830635247615,1786043830.634490725,/novatel/oem7/odom,/novatel/oem7/fix,/novatel/oem7/odom,39.663,-75.756,-1.799308566,0.001764590,0.002206946,-0.001188108,0.001304675,0.002206946,,,
1786043830645667238,1786043830.644995119,/novatel/oem7/inspva,/novatel/oem7/inspva,/novatel/oem7/inspva,39.663,-75.756,-1.799300342,0.002113120,0.002956062,0.001606396,-0.001372868,0.002956062,,novatel_oem7_msgs.msg.InertialSolutionStatus(status=3),
1786043830647219632,1786043830.645180315,/novatel/oem7/fix,/novatel/oem7/fix,/novatel/oem7/inspva,39.663,-75.756,-1.799300342,0.002113120,0.002956062,0.001606396,-0.001372868,0.002956062,,0,
1786043830648381791,1786043830.645566925,/novatel/oem7/odom,/novatel/oem7/fix,/novatel/oem7/odom,39.663,-75.756,-1.799300342,0.002114210,0.002955283,-0.001303488,0.001664572,0.002955283,,,
1786043830657463878,1786043830.656570231,/novatel/oem7/odom,/novatel/oem7/fix,/novatel/oem7/odom,39.663,-75.756,-1.799300342,0.002114210,0.002955283,-0.001303488,0.001664572,0.002955283,,,
1786043830665870731,1786043830.665035626,/novatel/oem7/inspva,/novatel/oem7/inspva,/novatel/oem7/inspva,39.663,-75.756,-1.799314715,0.002143931,0.002779285,0.001506646,-0.001525273,0.002779285,,novatel_oem7_msgs.msg.InertialSolutionStatus(status=3),
1786043830667503282,1786043830.665275141,/novatel/oem7/fix,/novatel/oem7/fix,/novatel/oem7/inspva,39.663,-75.756,-1.799314715,0.002143931,0.002779285,0.001506646,-0.001525273,0.002779285,,0,
1786043830668738087,1786043830.665880584,/novatel/oem7/odom,/novatel/oem7/fix,/novatel/oem7/odom,39.663,-75.756,-1.799314715,0.002146122,0.002777594,-0.001459970,0.001573000,0.002777594,,,
1786043830675241053,1786043830.674400504,/novatel/oem7/odom,/novatel/oem7/fix,/novatel/oem7/odom,39.663,-75.756,-1.799314715,0.002146122,0.002777594,-0.001459970,0.001573000,0.002777594,,,
1786043830687123193,1786043830.686454803,/novatel/oem7/inspva,/novatel/oem7/inspva,/novatel/oem7/inspva,39.663,-75.756,-1.799311568,0.001910904,0.002586446,0.001634541,-0.000989863,0.002586446,,novatel_oem7_msgs.msg.InertialSolutionStatus(status=3),
1786043830688414504,1786043830.686694001,/novatel/oem7/fix,/novatel/oem7/fix,/novatel/oem7/inspva,39.663,-75.756,-1.799311568,0.001910904,0.002586446,0.001634541,-0.000989863,0.002586446,,0,
1786043830689320328,1786043830.687103716,/novatel/oem7/odom,/novatel/oem7/fix,/novatel/oem7/odom,39.663,-75.756,-1.799311568,0.001909826,0.002587241,-0.000918050,0.001674700,0.002587241,,,
1786043830695620932,1786043830.695033223,/novatel/oem7/odom,/novatel/oem7/fix,/novatel/oem7/odom,39.663,-75.756,-1.799311568,0.001909826,0.002587241,-0.000918050,0.001674700,0.002587241,,,
1786043830706731622,1786043830.705838745,/novatel/oem7/inspva,/novatel/oem7/inspva,/novatel/oem7/inspva,39.663,-75.756,-1.799323037,0.002000873,0.002347325,0.001618006,-0.001177093,0.002347325,,novatel_oem7_msgs.msg.InertialSolutionStatus(status=3),
1786043830708441674,1786043830.706068771,/novatel/oem7/fix,/novatel/oem7/fix,/novatel/oem7/inspva,39.663,-75.756,-1.799323037,0.002000873,0.002347325,0.001618006,-0.001177093,0.002347325,,0,
1786043830709784653,1786043830.706550239,/novatel/oem7/odom,/novatel/oem7/fix,/novatel/oem7/odom,39.663,-75.756,-1.799323037,0.002000876,0.002347323,-0.001104925,0.001668126,0.002347323,,,
1786043830711072501,1786043830.709231263,/novatel/oem7/bestpos,/novatel/oem7/bestpos,/novatel/oem7/odom,39.663,-75.756,33.182929515,0.002000876,0.002347323,-0.001104925,0.001668126,0.002347323,,novatel_oem7_msgs.msg.SolutionStatus(status=0),novatel_oem7_msgs.msg.PositionOrVelocityType(type=53)
1786043830711874752,1786043830.709665044,/novatel/oem7/bestvel,/novatel/oem7/bestpos,/novatel/oem7/bestvel,39.663,-75.756,33.182929515,0.001500930,0.002389899,,,,326.036768253,novatel_oem7_msgs.msg.SolutionStatus(status=0),novatel_oem7_msgs.msg.PositionOrVelocityType(type=53)
1786043830715246138,1786043830.714674605,/novatel/oem7/odom,/novatel/oem7/bestpos,/novatel/oem7/odom,39.663,-75.756,33.182929515,0.002000876,0.002347323,-0.001104925,0.001668126,0.002347323,,,
1786043830725558685,1786043830.725077264,/novatel/oem7/inspva,/novatel/oem7/inspva,/novatel/oem7/inspva,39.663,-75.756,-1.799316619,0.001996433,0.002552827,0.001736949,-0.000984253,0.002552827,,novatel_oem7_msgs.msg.InertialSolutionStatus(status=3),
1786043830726673024,1786043830.725249676,/novatel/oem7/fix,/novatel/oem7/fix,/novatel/oem7/inspva,39.663,-75.756,-1.799316619,0.001996433,0.002552827,0.001736949,-0.000984253,0.002552827,,0,
1786043830727631694,1786043830.725642953,/novatel/oem7/odom,/novatel/oem7/fix,/novatel/oem7/odom,39.663,-75.756,-1.799316619,0.001995015,0.002553936,-0.000907234,0.001776799,0.002553936,,,
1786043830735563886,1786043830.734752412,/novatel/oem7/odom,/novatel/oem7/fix,/novatel/oem7/odom,39.663,-75.756,-1.799316619,0.001995015,0.002553936,-0.000907234,0.001776799,0.002553936,,,
1786043830746812793,1786043830.746049883,/novatel/oem7/inspva,/novatel/oem7/inspva,/novatel/oem7/inspva,39.663,-75.756,-1.799325744,0.001679948,0.002557117,0.001321123,-0.001037718,0.002557117,,novatel_oem7_msgs.msg.InertialSolutionStatus(status=3),
1786043830748359553,1786043830.746330325,/novatel/oem7/fix,/novatel/oem7/fix,/novatel/oem7/inspva,39.663,-75.756,-1.799325744,0.001679948,0.002557117,0.001321123,-0.001037718,0.002557117,,0,
1786043830749913707,1786043830.746688318,/novatel/oem7/odom,/novatel/oem7/fix,/novatel/oem7/odom,39.663,-75.756,-1.799325744,0.001680389,0.002556827,-0.000981287,0.001364105,0.002556827,,,
1786043830756520516,1786043830.755671874,/novatel/oem7/odom,/novatel/oem7/fix,/novatel/oem7/odom,39.663,-75.756,-1.799325744,0.001680389,0.002556827,-0.000981287,0.001364105,0.002556827,,,
1786043830765753697,1786043830.765083779,/novatel/oem7/inspva,/novatel/oem7/inspva,/novatel/oem7/inspva,39.663,-75.756,-1.799317040,0.001856496,0.002556062,0.001566729,-0.000995961,0.002556062,,novatel_oem7_msgs.msg.InertialSolutionStatus(status=3),
1786043830767312043,1786043830.765331138,/novatel/oem7/fix,/novatel/oem7/fix,/novatel/oem7/inspva,39.663,-75.756,-1.799317040,0.001856496,0.002556062,0.001566729,-0.000995961,0.002556062,,0,
1786043830768623526,1786043830.765797483,/novatel/oem7/odom,/novatel/oem7/fix,/novatel/oem7/odom,39.663,-75.756,-1.799317040,0.001855730,0.002556618,-0.000927396,0.001607380,0.002556618,,,
1786043830776615975,1786043830.775702647,/novatel/oem7/odom,/novatel/oem7/fix,/novatel/oem7/odom,39.663,-75.756,-1.799317040,0.001855730,0.002556618,-0.000927396,0.001607380,0.002556618,,,
1786043830785810188,1786043830.785233183,/novatel/oem7/inspva,/novatel/oem7/inspva,/novatel/oem7/inspva,39.663,-75.756,-1.799320218,0.001719973,0.002722629,0.001247024,-0.001184583,0.002722629,,novatel_oem7_msgs.msg.InertialSolutionStatus(status=3),
1786043830786998627,1786043830.785472382,/novatel/oem7/fix,/novatel/oem7/fix,/novatel/oem7/inspva,39.663,-75.756,-1.799320218,0.001719973,0.002722629,0.001247024,-0.001184583,0.002722629,,0,
1786043830787949680,1786043830.785760381,/novatel/oem7/odom,/novatel/oem7/fix,/novatel/oem7/odom,39.663,-75.756,-1.799320218,0.001721688,0.002721545,-0.001132321,0.001296942,0.002721545,,,
1786043830795305218,1786043830.794547974,/novatel/oem7/odom,/novatel/oem7/fix,/novatel/oem7/odom,39.663,-75.756,-1.799320218,0.001721688,0.002721545,-0.001132321,0.001296942,0.002721545,,,
1786043830807602483,1786043830.806679727,/novatel/oem7/inspva,/novatel/oem7/inspva,/novatel/oem7/inspva,39.663,-75.756,-1.799309353,0.001698732,0.002686346,0.001589838,-0.000598420,0.002686346,,novatel_oem7_msgs.msg.InertialSolutionStatus(status=3),
1786043830809254827,1786043830.807040407,/novatel/oem7/fix,/novatel/oem7/fix,/novatel/oem7/inspva,39.663,-75.756,-1.799309353,0.001698732,0.002686346,0.001589838,-0.000598420,0.002686346,,0,
1786043830810503379,1786043830.807399403,/novatel/oem7/odom,/novatel/oem7/fix,/novatel/oem7/odom,39.663,-75.756,-1.799309353,0.001695272,0.002688531,-0.000529736,0.001610381,0.002688531,,,
1786043830812070088,1786043830.810317750,/novatel/oem7/bestpos,/novatel/oem7/bestpos,/novatel/oem7/odom,39.663,-75.756,33.182935406,0.001695272,0.002688531,-0.000529736,0.001610381,0.002688531,,novatel_oem7_msgs.msg.SolutionStatus(status=0),novatel_oem7_msgs.msg.PositionOrVelocityType(type=53)
1786043830813142822,1786043830.810683151,/novatel/oem7/bestvel,/novatel/oem7/bestpos,/novatel/oem7/bestvel,39.663,-75.756,33.182935406,0.001736499,0.002702850,,,,337.931377312,novatel_oem7_msgs.msg.SolutionStatus(status=0),novatel_oem7_msgs.msg.PositionOrVelocityType(type=53)
1786043830815414905,1786043830.814700492,/novatel/oem7/odom,/novatel/oem7/bestpos,/novatel/oem7/odom,39.663,-75.756,33.182935406,0.001695272,0.002688531,-0.000529736,0.001610381,0.002688531,,,
1786043830826021310,1786043830.825117527,/novatel/oem7/inspva,/novatel/oem7/inspva,/novatel/oem7/inspva,39.663,-75.756,-1.799312561,0.001711811,0.002630872,0.001352117,-0.001049798,0.002630872,,novatel_oem7_msgs.msg.InertialSolutionStatus(status=3),
1786043830827919662,1786043830.825471081,/novatel/oem7/fix,/novatel/oem7/fix,/novatel/oem7/inspva,39.663,-75.756,-1.799312561,0.001711811,0.002630872,0.001352117,-0.001049798,0.002630872,,0,
1786043830829386551,1786043830.826202368,/novatel/oem7/odom,/novatel/oem7/fix,/novatel/oem7/odom,39.663,-75.756,-1.799312561,0.001712231,0.002630599,-0.000992120,0.001395504,0.002630599,,,
1786043830835702441,1786043830.834913213,/novatel/oem7/odom,/novatel/oem7/fix,/novatel/oem7/odom,39.663,-75.756,-1.799312561,0.001712231,0.002630599,-0.000992120,0.001395504,0.002630599,,,
1786043830846248811,1786043830.845391503,/novatel/oem7/inspva,/novatel/oem7/inspva,/novatel/oem7/inspva,39.663,-75.756,-1.799300810,0.001294347,0.002543896,0.001216520,-0.000442056,0.002543896,,novatel_oem7_msgs.msg.InertialSolutionStatus(status=3),
1786043830848127213,1786043830.845641471,/novatel/oem7/fix,/novatel/oem7/fix,/novatel/oem7/inspva,39.663,-75.756,-1.799300810,0.001294347,0.002543896,0.001216520,-0.000442056,0.002543896,,0,
1786043830849377796,1786043830.846231501,/novatel/oem7/odom,/novatel/oem7/fix,/novatel/oem7/odom,39.663,-75.756,-1.799300810,0.001290896,0.002545649,-0.000391450,0.001230113,0.002545649,,,
1786043830857484205,1786043830.856504571,/novatel/oem7/odom,/novatel/oem7/fix,/novatel/oem7/odom,39.663,-75.756,-1.799300810,0.001290896,0.002545649,-0.000391450,0.001230113,0.002545649,,,
1786043830867017198,1786043830.866047678,/novatel/oem7/inspva,/novatel/oem7/inspva,/novatel/oem7/inspva,39.663,-75.756,-1.799302632,0.001430868,0.002795557,0.001072977,-0.000946628,0.002795557,,novatel_oem7_msgs.msg.InertialSolutionStatus(status=3),
1786043830868902984,1786043830.866319665,/novatel/oem7/fix,/novatel/oem7/fix,/novatel/oem7/inspva,39.663,-75.756,-1.799302632,0.001430868,0.002795557,0.001072977,-0.000946628,0.002795557,,0,
1786043830870433842,1786043830.866650204,/novatel/oem7/odom,/novatel/oem7/fix,/novatel/oem7/odom,39.663,-75.756,-1.799302632,0.001432171,0.002794890,-0.000903568,0.001111161,0.002794890,,,
1786043830875679456,1786043830.874811267,/novatel/oem7/odom,/novatel/oem7/fix,/novatel/oem7/odom,39.663,-75.756,-1.799302632,0.001432171,0.002794890,-0.000903568,0.001111161,0.002794890,,,
1786043830885930749,1786043830.884945543,/novatel/oem7/inspva,/novatel/oem7/inspva,/novatel/oem7/inspva,39.663,-75.756,-1.799291470,0.001329394,0.002610658,0.001162491,-0.000644906,0.002610658,,novatel_oem7_msgs.msg.InertialSolutionStatus(status=3),
1786043830888075158,1786043830.885207536,/novatel/oem7/fix,/novatel/oem7/fix,/novatel/oem7/inspva,39.663,-75.756,-1.799291470,0.001329394,0.002610658,0.001162491,-0.000644906,0.002610658,,0,
1786043830889676851,1786043830.885590664,/novatel/oem7/odom,/novatel/oem7/fix,/novatel/oem7/odom,39.663,-75.756,-1.799291470,0.001327866,0.002611436,-0.000597026,0.001186081,0.002611436,,,
1786043830895913477,1786043830.895212261,/novatel/oem7/odom,/novatel/oem7/fix,/novatel/oem7/odom,39.663,-75.756,-1.799291470,0.001327866,0.002611436,-0.000597026,0.001186081,0.002611436,,,
1786043830906379367,1786043830.905651763,/novatel/oem7/inspva,/novatel/oem7/inspva,/novatel/oem7/inspva,39.663,-75.756,-1.799292207,0.001554761,0.002531682,0.001036768,-0.001158617,0.002531682,,novatel_oem7_msgs.msg.InertialSolutionStatus(status=3),
1786043830907974630,1786043830.905845435,/novatel/oem7/fix,/novatel/oem7/fix,/novatel/oem7/inspva,39.663,-75.756,-1.799292207,0.001554761,0.002531682,0.001036768,-0.001158617,0.002531682,,0,
1786043830909073461,1786043830.906323122,/novatel/oem7/odom,/novatel/oem7/fix,/novatel/oem7/odom,39.663,-75.756,-1.799292207,0.001557364,0.002530081,-0.001116022,0.001086222,0.002530081,,,
1786043830910736384,1786043830.909266380,/novatel/oem7/bestpos,/novatel/oem7/bestpos,/novatel/oem7/odom,39.663,-75.756,33.182957453,0.001557364,0.002530081,-0.001116022,0.001086222,0.002530081,,novatel_oem7_msgs.msg.SolutionStatus(status=0),novatel_oem7_msgs.msg.PositionOrVelocityType(type=53)
1786043830911684407,1786043830.909844408,/novatel/oem7/bestvel,/novatel/oem7/bestpos,/novatel/oem7/bestvel,39.663,-75.756,33.182957453,0.001470159,0.002648490,,,,305.967032057,novatel_oem7_msgs.msg.SolutionStatus(status=0),novatel_oem7_msgs.msg.PositionOrVelocityType(type=53)
1786043830915098742,1786043830.914357909,/novatel/oem7/odom,/novatel/oem7/bestpos,/novatel/oem7/odom,39.663,-75.756,33.182957453,0.001557364,0.002530081,-0.001116022,0.001086222,0.002530081,,,
1786043830927857288,1786043830.926911268,/novatel/oem7/inspva,/novatel/oem7/inspva,/novatel/oem7/inspva,39.663,-75.756,-1.799274861,0.001352117,0.002882680,0.000963451,-0.000948674,0.002882680,,novatel_oem7_msgs.msg.InertialSolutionStatus(status=3),
1786043830929771664,1786043830.927211448,/novatel/oem7/fix,/novatel/oem7/fix,/novatel/oem7/inspva,39.663,-75.756,-1.799274861,0.001352117,0.002882680,0.000963451,-0.000948674,0.002882680,,0,
1786043830931329419,1786043830.927811387,/novatel/oem7/odom,/novatel/oem7/fix,/novatel/oem7/odom,39.663,-75.756,-1.799274861,0.001354238,0.002881683,-0.000911377,0.001001676,0.002881683,,,
1786043830935690040,1786043830.934870524,/novatel/oem7/odom,/novatel/oem7/fix,/novatel/oem7/odom,39.663,-75.756,-1.799274861,0.001354238,0.002881683,-0.000911377,0.001001676,0.002881683,,,
1786043830946236410,1786043830.945454522,/novatel/oem7/inspva,/novatel/oem7/inspva,/novatel/oem7/inspva,39.663,-75.756,-1.799278754,0.001534788,0.002620315,0.000990322,-0.001172534,0.002620315,,novatel_oem7_msgs.msg.InertialSolutionStatus(status=3),
1786043830948002428,1786043830.945684792,/novatel/oem7/fix,/novatel/oem7/fix,/novatel/oem7/inspva,39.663,-75.756,-1.799278754,0.001534788,0.002620315,0.000990322,-0.001172534,0.002620315,,0,
1786043830949195390,1786043830.946201410,/novatel/oem7/odom,/novatel/oem7/fix,/novatel/oem7/odom,39.663,-75.756,-1.799278754,0.001537865,0.002618510,-0.001132557,0.001040357,0.002618510,,,
1786043830957159708,1786043830.956107383,/novatel/oem7/odom,/novatel/oem7/fix,/novatel/oem7/odom,39.663,-75.756,-1.799278754,0.001537865,0.002618510,-0.001132557,0.001040357,0.002618510,,,
1786043830966371904,1786043830.965447035,/novatel/oem7/inspva,/novatel/oem7/inspva,/novatel/oem7/inspva,39.663,-75.756,-1.799266050,0.001209820,0.002433567,0.000622472,-0.001037398,0.002433567,,novatel_oem7_msgs.msg.InertialSolutionStatus(status=3),
1786043830968305088,1786043830.965716898,/novatel/oem7/fix,/novatel/oem7/fix,/novatel/oem7/inspva,39.663,-75.756,-1.799266050,0.001209820,0.002433567,0.000622472,-0.001037398,0.002433567,,0,
1786043830969821909,1786043830.966350481,/novatel/oem7/odom,/novatel/oem7/fix,/novatel/oem7/odom,39.663,-75.756,-1.799266050,0.001214462,0.002431254,-0.001015065,0.000666755,0.002431254,,,
1786043830975981352,1786043830.975093753,/novatel/oem7/odom,/novatel/oem7/fix,/novatel/oem7/odom,39.663,-75.756,-1.799266050,0.001214462,0.002431254,-0.001015065,0.000666755,0.002431254,,,
1786043830987268346,1786043830.986280570,/novatel/oem7/inspva,/novatel/oem7/inspva,/novatel/oem7/inspva,39.663,-75.756,-1.799266215,0.001236060,0.002541698,0.000685858,-0.001028321,0.002541698,,novatel_oem7_msgs.msg.InertialSolutionStatus(status=3),
1786043830989037198,1786043830.986559896,/novatel/oem7/fix,/novatel/oem7/fix,/novatel/oem7/inspva,39.663,-75.756,-1.799266215,0.001236060,0.002541698,0.000685858,-0.001028321,0.002541698,,0,
1786043830990491775,1786043830.987142128,/novatel/oem7/odom,/novatel/oem7/fix,/novatel/oem7/odom,39.663,-75.756,-1.799266215,0.001240404,0.002539581,-0.001003320,0.000729350,0.002539581,,,
1786043830995559884,1786043830.994612496,/novatel/oem7/odom,/novatel/oem7/fix,/novatel/oem7/odom,39.663,-75.756,-1.799266215,0.001240404,0.002539581,-0.001003320,0.000729350,0.002539581,,,
1786043831010825851,1786043831.010060191,/novatel/oem7/inspva,/novatel/oem7/inspva,/novatel/oem7/inspva,39.663,-75.756,-1.799252984,0.001521966,0.002354298,0.000607583,-0.001395430,0.002354298,,novatel_oem7_msgs.msg.InertialSolutionStatus(status=3),
1786043831012536839,1786043831.010311486,/novatel/oem7/fix,/novatel/oem7/fix,/novatel/oem7/inspva,39.663,-75.756,-1.799252984,0.001521966,0.002354298,0.000607583,-0.001395430,0.002354298,,0,
1786043831013648703,1786043831.011531335,/novatel/oem7/odom,/novatel/oem7/fix,/novatel/oem7/odom,39.663,-75.756,-1.799252984,0.001527788,0.002350525,-0.001373100,0.000669875,0.002350525,,,
1786043831017951977,1786043831.016989231,/novatel/oem7/odom,/novatel/oem7/fix,/novatel/oem7/odom,39.663,-75.756,-1.799252984,0.001527788,0.002350525,-0.001373100,0.000669875,0.002350525,,,
1786043831025268345,1786043831.024410162,/novatel/oem7/bestpos,/novatel/oem7/bestpos,/novatel/oem7/odom,39.663,-75.756,33.183005111,0.001527788,0.002350525,-0.001373100,0.000669875,0.002350525,,novatel_oem7_msgs.msg.SolutionStatus(status=0),novatel_oem7_msgs.msg.PositionOrVelocityType(type=53)
1786043831026947695,1786043831.025141103,/novatel/oem7/bestvel,/novatel/oem7/bestpos,/novatel/oem7/bestvel,39.663,-75.756,33.183005111,0.001600401,0.002312009,,,,296.468782470,novatel_oem7_msgs.msg.SolutionStatus(status=0),novatel_oem7_msgs.msg.PositionOrVelocityType(type=53)
1786043831028385486,1786043831.026565031,/novatel/oem7/inspva,/novatel/oem7/inspva,/novatel/oem7/inspva,39.663,-75.756,-1.799253834,0.001092456,0.002378510,0.000623723,-0.000896900,0.002378510,,novatel_oem7_msgs.msg.InertialSolutionStatus(status=3),
1786043831029260235,1786043831.026741863,/novatel/oem7/fix,/novatel/oem7/fix,/novatel/oem7/inspva,39.663,-75.756,-1.799253834,0.001092456,0.002378510,0.000623723,-0.000896900,0.002378510,,0,
1786043831030350759,1786043831.027173847,/novatel/oem7/odom,/novatel/oem7/fix,/novatel/oem7/odom,39.663,-75.756,-1.799253834,0.001096327,0.002376728,-0.000874515,0.000661177,0.002376728,,,
1786043831035273552,1786043831.034535687,/novatel/oem7/odom,/novatel/oem7/fix,/novatel/oem7/odom,39.663,-75.756,-1.799253834,0.001096327,0.002376728,-0.000874515,0.000661177,0.002376728,,,
1786043831047162663,1786043831.046537526,/novatel/oem7/inspva,/novatel/oem7/inspva,/novatel/oem7/inspva,39.663,-75.756,-1.799274194,0.001109149,0.002434929,0.000373963,-0.001044204,0.002434929,,novatel_oem7_msgs.msg.InertialSolutionStatus(status=3),
1786043831048577614,1786043831.046707168,/novatel/oem7/fix,/novatel/oem7/fix,/novatel/oem7/inspva,39.663,-75.756,-1.799274194,0.001109149,0.002434929,0.000373963,-0.001044204,0.002434929,,0,
1786043831049660828,1786043831.047146912,/novatel/oem7/odom,/novatel/oem7/fix,/novatel/oem7/odom,39.663,-75.756,-1.799274194,0.001115843,0.002431869,-0.001034228,0.000418900,0.002431869,,,
1786043831057249619,1786043831.056541914,/novatel/oem7/odom,/novatel/oem7/fix,/novatel/oem7/odom,39.663,-75.756,-1.799274194,0.001115843,0.002431869,-0.001034228,0.000418900,0.002431869,,,
1786043831066232420,1786043831.065318213,/novatel/oem7/inspva,/novatel/oem7/inspva,/novatel/oem7/inspva,39.663,-75.756,-1.799299306,0.001219194,0.002439813,0.000638904,-0.001038381,0.002439813,,novatel_oem7_msgs.msg.InertialSolutionStatus(status=3),
1786043831068086165,1786043831.065649390,/novatel/oem7/fix,/novatel/oem7/fix,/novatel/oem7/inspva,39.663,-75.756,-1.799299306,0.001219194,0.002439813,0.000638904,-0.001038381,0.002439813,,0,
1786043831069673804,1786043831.066231106,/novatel/oem7/odom,/novatel/oem7/fix,/novatel/oem7/odom,39.663,-75.756,-1.799299306,0.001223757,0.002437528,-0.001015286,0.000683209,0.002437528,,,
1786043831075759492,1786043831.074792217,/novatel/oem7/odom,/novatel/oem7/fix,/novatel/oem7/odom,39.663,-75.756,-1.799299306,0.001223757,0.002437528,-0.001015286,0.000683209,0.002437528,,,
1786043831086099551,1786043831.085386500,/novatel/oem7/inspva,/novatel/oem7/inspva,/novatel/oem7/inspva,39.663,-75.756,-1.799312091,0.000917518,0.002447325,0.000195225,-0.000896508,0.002447325,,novatel_oem7_msgs.msg.InertialSolutionStatus(status=3),
1786043831087684103,1786043831.085586292,/novatel/oem7/fix,/novatel/oem7/fix,/novatel/oem7/inspva,39.663,-75.756,-1.799312091,0.000917518,0.002447325,0.000195225,-0.000896508,0.002447325,,0,
1786043831088945896,1786043831.086167341,/novatel/oem7/odom,/novatel/oem7/fix,/novatel/oem7/odom,39.663,-75.756,-1.799312091,0.000925461,0.002444332,-0.000895640,0.000233040,0.002444332,,,
1786043831095537483,1786043831.094794266,/novatel/oem7/odom,/novatel/oem7/fix,/novatel/oem7/odom,39.663,-75.756,-1.799312091,0.000925461,0.002444332,-0.000895640,0.000233040,0.002444332,,,
1786043831106781173,1786043831.105911235,/novatel/oem7/inspva,/novatel/oem7/inspva,/novatel/oem7/inspva,39.663,-75.756,-1.799335388,0.000829581,0.002364096,0.000396668,-0.000728601,0.002364096,,novatel_oem7_msgs.msg.InertialSolutionStatus(status=3),
1786043831108335079,1786043831.106153474,/novatel/oem7/fix,/novatel/oem7/fix,/novatel/oem7/inspva,39.663,-75.756,-1.799335388,0.000829581,0.002364096,0.000396668,-0.000728601,0.002364096,,0,
1786043831109560105,1786043831.106625365,/novatel/oem7/odom,/novatel/oem7/fix,/novatel/oem7/odom,39.663,-75.756,-1.799335388,0.000834591,0.002362332,-0.000717608,0.000426125,0.002362332,,,
1786043831111096170,1786043831.108931058,/novatel/oem7/bestpos,/novatel/oem7/bestpos,/novatel/oem7/odom,39.663,-75.756,33.182927551,0.000834591,0.002362332,-0.000717608,0.000426125,0.002362332,,novatel_oem7_msgs.msg.SolutionStatus(status=0),novatel_oem7_msgs.msg.PositionOrVelocityType(type=53)
1786043831112092060,1786043831.109287629,/novatel/oem7/bestvel,/novatel/oem7/bestpos,/novatel/oem7/bestvel,39.663,-75.756,33.182927551,0.000771745,0.002222525,,,,311.252594167,novatel_oem7_msgs.msg.SolutionStatus(status=0),novatel_oem7_msgs.msg.PositionOrVelocityType(type=53)
1786043831115041807,1786043831.114343363,/novatel/oem7/odom,/novatel/oem7/bestpos,/novatel/oem7/odom,39.663,-75.756,33.182927551,0.000834591,0.002362332,-0.000717608,0.000426125,0.002362332,,,
1786043831125792616,1786043831.125170300,/novatel/oem7/inspva,/novatel/oem7/inspva,/novatel/oem7/inspva,39.663,-75.756,-1.799345573,0.000953490,0.002345855,0.000160740,-0.000939843,0.002345855,,novatel_oem7_msgs.msg.InertialSolutionStatus(status=3),
1786043831127225044,1786043831.125355132,/novatel/oem7/fix,/novatel/oem7/fix,/novatel/oem7/inspva,39.663,-75.756,-1.799345573,0.000953490,0.002345855,0.000160740,-0.000939843,0.002345855,,0,
1786043831128318025,1786043831.125869914,/novatel/oem7/odom,/novatel/oem7/fix,/novatel/oem7/odom,39.663,-75.756,-1.799345573,0.000961457,0.002342601,-0.000940206,0.000201027,0.002342601,,,
1786043831136314246,1786043831.135446346,/novatel/oem7/odom,/novatel/oem7/fix,/novatel/oem7/odom,39.663,-75.756,-1.799345573,0.000961457,0.002342601,-0.000940206,0.000201027,0.002342601,,,
1786043831145724978,1786043831.145013121,/novatel/oem7/inspva,/novatel/oem7/inspva,/novatel/oem7/inspva,39.663,-75.756,-1.799364937,0.000899439,0.002450992,0.000505976,-0.000743626,0.002450992,,novatel_oem7_msgs.msg.InertialSolutionStatus(status=3),
1786043831147140972,1786043831.145214606,/novatel/oem7/fix,/novatel/oem7/fix,/novatel/oem7/inspva,39.663,-75.756,-1.799364937,0.000899439,0.002450992,0.000505976,-0.000743626,0.002450992,,0,
1786043831148251537,1786043831.145516618,/novatel/oem7/odom,/novatel/oem7/fix,/novatel/oem7/odom,39.663,-75.756,-1.799364937,0.000903531,0.002449487,-0.000727521,0.000535799,0.002449487,,,
1786043831156299842,1786043831.155601081,/novatel/oem7/odom,/novatel/oem7/fix,/novatel/oem7/odom,39.663,-75.756,-1.799364937,0.000903531,0.002449487,-0.000727521,0.000535799,0.002449487,,,
1786043831167925903,1786043831.166608429,/novatel/oem7/inspva,/novatel/oem7/inspva,/novatel/oem7/inspva,39.663,-75.756,-1.799374195,0.000816503,0.002347174,0.000241631,-0.000779931,0.002347174,,novatel_oem7_msgs.msg.InertialSolutionStatus(status=3),
1786043831170025951,1786043831.166993077,/novatel/oem7/fix,/novatel/oem7/fix,/novatel/oem7/inspva,39.663,-75.756,-1.799374195,0.000816503,0.002347174,0.000241631,-0.000779931,0.002347174,,0,
1786043831171708211,1786043831.167566695,/novatel/oem7/odom,/novatel/oem7/fix,/novatel/oem7/odom,39.663,-75.756,-1.799374195,0.000823364,0.002344776,-0.000776486,0.000273856,0.002344776,,,
1786043831176085556,1786043831.175023442,/novatel/oem7/odom,/novatel/oem7/fix,/novatel/oem7/odom,39.663,-75.756,-1.799374195,0.000823364,0.002344776,-0.000776486,0.000273856,0.002344776,,,
1786043831185856525,1786043831.184895855,/novatel/oem7/inspva,/novatel/oem7/inspva,/novatel/oem7/inspva,39.663,-75.756,-1.799392729,0.000677726,0.002205661,0.000372833,-0.000565957,0.002205661,,novatel_oem7_msgs.msg.InertialSolutionStatus(status=3),
1786043831187456271,1786043831.185163434,/novatel/oem7/fix,/novatel/oem7/fix,/novatel/oem7/inspva,39.663,-75.756,-1.799392729,0.000677726,0.002205661,0.000372833,-0.000565957,0.002205661,,0,
1786043831188564712,1786043831.185597886,/novatel/oem7/odom,/novatel/oem7/fix,/novatel/oem7/odom,39.663,-75.756,-1.799392729,0.000681570,0.002204476,-0.000555683,0.000394656,0.002204476,,,
1786043831196881286,1786043831.195659404,/novatel/oem7/odom,/novatel/oem7/fix,/novatel/oem7/odom,39.663,-75.756,-1.799392729,0.000681570,0.002204476,-0.000555683,0.000394656,0.002204476,,,
1786043831207412933,1786043831.206444410,/novatel/oem7/inspva,/novatel/oem7/inspva,/novatel/oem7/inspva,39.663,-75.756,-1.799396046,0.000720981,0.002683301,-0.000043514,-0.000719666,0.002683301,,novatel_oem7_msgs.msg.InertialSolutionStatus(status=3),
1786043831209156757,1786043831.206749159,/novatel/oem7/fix,/novatel/oem7/fix,/novatel/oem7/inspva,39.663,-75.756,-1.799396046,0.000720981,0.002683301,-0.000043514,-0.000719666,0.002683301,,0,
1786043831210525137,1786043831.207152832,/novatel/oem7/odom,/novatel/oem7/fix,/novatel/oem7/odom,39.663,-75.756,-1.799396046,0.000731985,0.002680320,-0.000731835,-0.000014800,0.002680320,,,
1786043831212166588,1786043831.210301365,/novatel/oem7/bestpos,/novatel/oem7/bestpos,/novatel/oem7/odom,39.663,-75.756,33.182864536,0.000731985,0.002680320,-0.000731835,-0.000014800,0.002680320,,novatel_oem7_msgs.msg.SolutionStatus(status=0),novatel_oem7_msgs.msg.PositionOrVelocityType(type=53)
1786043831213147874,1786043831.210664133,/novatel/oem7/bestvel,/novatel/oem7/bestpos,/novatel/oem7/bestvel,39.663,-75.756,33.182864536,0.000475723,0.002579158,,,,259.400240849,novatel_oem7_msgs.msg.SolutionStatus(status=0),novatel_oem7_msgs.msg.PositionOrVelocityType(type=53)
1786043831215552762,1786043831.214868797,/novatel/oem7/odom,/novatel/oem7/bestpos,/novatel/oem7/odom,39.663,-75.756,33.182864536,0.000731985,0.002680320,-0.000731835,-0.000014800,0.002680320,,,
1786043831227020178,1786043831.226227460,/novatel/oem7/inspva,/novatel/oem7/inspva,/novatel/oem7/inspva,39.663,-75.756,-1.799416873,0.000709515,0.002210390,0.000051937,-0.000707612,0.002210390,,novatel_oem7_msgs.msg.InertialSolutionStatus(status=3),
1786043831228463819,1786043831.226466556,/novatel/oem7/fix,/novatel/oem7/fix,/novatel/oem7/inspva,39.663,-75.756,-1.799416873,0.000709515,0.002210390,0.000051937,-0.000707612,0.002210390,,0,
1786043831229903464,1786043831.226930557,/novatel/oem7/odom,/novatel/oem7/fix,/novatel/oem7/odom,39.663,-75.756,-1.799416873,0.000717726,0.002207738,-0.000713122,0.000081163,0.002207738,,,
1786043831235590945,1786043831.234655344,/novatel/oem7/odom,/novatel/oem7/fix,/novatel/oem7/odom,39.663,-75.756,-1.799416873,0.000717726,0.002207738,-0.000713122,0.000081163,0.002207738,,,
1786043831246056834,1786043831.245298250,/novatel/oem7/inspva,/novatel/oem7/inspva,/novatel/oem7/inspva,39.663,-75.756,-1.799420040,0.000857525,0.002355481,0.000375166,-0.000771103,0.002355481,,novatel_oem7_msgs.msg.InertialSolutionStatus(status=3),
1786043831247857396,1786043831.245575496,/novatel/oem7/fix,/novatel/oem7/fix,/novatel/oem7/inspva,39.663,-75.756,-1.799420040,0.000857525,0.002355481,0.000375166,-0.000771103,0.002355481,,0,
1786043831249250280,1786043831.246295400,/novatel/oem7/odom,/novatel/oem7/fix,/novatel/oem7/odom,39.663,-75.756,-1.799420040,0.000862919,0.002353511,-0.000761026,0.000406777,0.002353511,,,
1786043831257622058,1786043831.256599958,/novatel/oem7/odom,/novatel/oem7/fix,/novatel/oem7/odom,39.663,-75.756,-1.799420040,0.000862919,0.002353511,-0.000761026,0.000406777,0.002353511,,,
1786043831266269972,1786043831.265219312,/novatel/oem7/inspva,/novatel/oem7/inspva,/novatel/oem7/inspva,39.663,-75.756,-1.799437252,0.000820590,0.002122459,0.000167588,-0.000803295,0.002122459,,novatel_oem7_msgs.msg.InertialSolutionStatus(status=3),
1786043831268390784,1786043831.265514892,/novatel/oem7/fix,/novatel/oem7/fix,/novatel/oem7/inspva,39.663,-75.756,-1.799437252,0.000820590,0.002122459,0.000167588,-0.000803295,0.002122459,,0,
1786043831269649883,1786043831.265978849,/novatel/oem7/odom,/novatel/oem7/fix,/novatel/oem7/odom,39.663,-75.756,-1.799437252,0.000827504,0.002119773,-0.000802550,0.000201683,0.002119773,,,
1786043831275894687,1786043831.274769235,/novatel/oem7/odom,/novatel/oem7/fix,/novatel/oem7/odom,39.663,-75.756,-1.799437252,0.000827504,0.002119773,-0.000802550,0.000201683,0.002119773,,,
1786043831287582492,1786043831.286779200,/novatel/oem7/inspva,/novatel/oem7/inspva,/novatel/oem7/inspva,39.663,-75.756,-1.799437326,0.000766323,0.002554833,0.000298773,-0.000705681,0.002554833,,novatel_oem7_msgs.msg.InertialSolutionStatus(status=3),
1786043831289521295,1786043831.287073377,/novatel/oem7/fix,/novatel/oem7/fix,/novatel/oem7/inspva,39.663,-75.756,-1.799437326,0.000766323,0.002554833,0.000298773,-0.000705681,0.002554833,,0,
1786043831291001046,1786043831.287738567,/novatel/oem7/odom,/novatel/oem7/fix,/novatel/oem7/odom,39.663,-75.756,-1.799437326,0.000772770,0.002552891,-0.000700308,0.000326716,0.002552891,,,
1786043831295694307,1786043831.294994310,/novatel/oem7/odom,/novatel/oem7/fix,/novatel/oem7/odom,39.663,-75.756,-1.799437326,0.000772770,0.002552891,-0.000700308,0.000326716,0.002552891,,,
1786043831306757826,1786043831.305827383,/novatel/oem7/inspva,/novatel/oem7/inspva,/novatel/oem7/inspva,39.663,-75.756,-1.799454777,0.000520822,0.002345382,0.000094932,-0.000512097,0.002345382,,novatel_oem7_msgs.msg.InertialSolutionStatus(status=3),
1786043831308603998,1786043831.306148546,/novatel/oem7/fix,/novatel/oem7/fix,/novatel/oem7/inspva,39.663,-75.756,-1.799454777,0.000520822,0.002345382,0.000094932,-0.000512097,0.002345382,,0,
1786043831310253972,1786043831.306483148,/novatel/oem7/odom,/novatel/oem7/fix,/novatel/oem7/odom,39.663,-75.756,-1.799454777,0.000528718,0.002343614,-0.000516269,0.000114058,0.002343614,,,
1786043831311974319,1786043831.310182534,/novatel/oem7/bestpos,/novatel/oem7/bestpos,/novatel/oem7/odom,39.663,-75.756,33.182804536,0.000528718,0.002343614,-0.000516269,0.000114058,0.002343614,,novatel_oem7_msgs.msg.SolutionStatus(status=0),novatel_oem7_msgs.msg.PositionOrVelocityType(type=53)
1786043831313261988,1786043831.310400226,/novatel/oem7/bestvel,/novatel/oem7/bestpos,/novatel/oem7/bestvel,39.663,-75.756,33.182804536,0.000395992,0.001998970,,,,338.213237159,novatel_oem7_msgs.msg.SolutionStatus(status=0),novatel_oem7_msgs.msg.PositionOrVelocityType(type=53)
1786043831317052737,1786043831.316192058,/novatel/oem7/odom,/novatel/oem7/bestpos,/novatel/oem7/odom,39.663,-75.756,33.182804536,0.000528718,0.002343614,-0.000516269,0.000114058,0.002343614,,,
1786043831326533790,1786043831.325587776,/novatel/oem7/inspva,/novatel/oem7/inspva,/novatel/oem7/inspva,39.663,-75.756,-1.799457586,0.000805286,0.002295255,0.000452923,-0.000665842,0.002295255,,novatel_oem7_msgs.msg.InertialSolutionStatus(status=3),
1786043831328226074,1786043831.326479400,/novatel/oem7/fix,/novatel/oem7/fix,/novatel/oem7/inspva,39.663,-75.756,-1.799457586,0.000805286,0.002295255,0.000452923,-0.000665842,0.002295255,,0,
1786043831329615588,1786043831.327642945,/novatel/oem7/odom,/novatel/oem7/fix,/novatel/oem7/odom,39.663,-75.756,-1.799457586,0.000809125,0.002293905,-0.000651820,0.000479390,0.002293905,,,
1786043831335640349,1786043831.334903127,/novatel/oem7/odom,/novatel/oem7/fix,/novatel/oem7/odom,39.663,-75.756,-1.799457586,0.000809125,0.002293905,-0.000651820,0.000479390,0.002293905,,,
1786043831346963970,1786043831.346089231,/novatel/oem7/inspva,/novatel/oem7/inspva,/novatel/oem7/inspva,39.663,-75.756,-1.799471269,0.000539205,0.002388473,0.000124718,-0.000524583,0.002388473,,novatel_oem7_msgs.msg.InertialSolutionStatus(status=3),
1786043831348601736,1786043831.346330556,/novatel/oem7/fix,/novatel/oem7/fix,/novatel/oem7/inspva,39.663,-75.756,-1.799471269,0.000539205,0.002388473,0.000124718,-0.000524583,0.002388473,,0,
1786043831349769672,1786043831.346707636,/novatel/oem7/odom,/novatel/oem7/fix,/novatel/oem7/odom,39.663,-75.756,-1.799471269,0.000546814,0.002386743,-0.000527426,0.000144315,0.002386743,,,
1786043831356667972,1786043831.355927891,/novatel/oem7/odom,/novatel/oem7/fix,/novatel/oem7/odom,39.663,-75.756,-1.799471269,0.000546814,0.002386743,-0.000527426,0.000144315,0.002386743,,,
1786043831366206985,1786043831.365345446,/novatel/oem7/inspva,/novatel/oem7/inspva,/novatel/oem7/inspva,39.663,-75.756,-1.799473482,0.000669579,0.002217119,0.000359925,-0.000564615,0.002217119,,novatel_oem7_msgs.msg.InertialSolutionStatus(status=3),
1786043831368082437,1786043831.365776520,/novatel/oem7/fix,/novatel/oem7/fix,/novatel/oem7/inspva,39.663,-75.756,-1.799473482,0.000669579,0.002217119,0.000359925,-0.000564615,0.002217119,,0,
1786043831369601656,1786043831.366220640,/novatel/oem7/odom,/novatel/oem7/fix,/novatel/oem7/odom,39.663,-75.756,-1.799473482,0.000673606,0.002215899,-0.000555038,0.000381677,0.002215899,,,
1786043831377118092,1786043831.376218456,/novatel/oem7/odom,/novatel/oem7/fix,/novatel/oem7/odom,39.663,-75.756,-1.799473482,0.000673606,0.002215899,-0.000555038,0.000381677,0.002215899,,,
1786043831386446507,1786043831.385607375,/novatel/oem7/inspva,/novatel/oem7/inspva,/novatel/oem7/inspva,39.663,-75.756,-1.799485821,0.000739294,0.002167037,0.000088158,-0.000734019,0.002167037,,novatel_oem7_msgs.msg.InertialSolutionStatus(status=3),
1786043831388090603,1786043831.386652107,/novatel/oem7/fix,/novatel/oem7/fix,/novatel/oem7/inspva,39.663,-75.756,-1.799485821,0.000739294,0.002167037,0.000088158,-0.000734019,0.002167037,,0,
1786043831389692426,1786043831.387625202,/novatel/oem7/odom,/novatel/oem7/fix,/novatel/oem7/odom,39.663,-75.756,-1.799485821,0.000747034,0.002164381,-0.000737525,0.000118812,0.002164381,,,
1786043831395845062,1786043831.394697773,/novatel/oem7/odom,/novatel/oem7/fix,/novatel/oem7/odom,39.663,-75.756,-1.799485821,0.000747034,0.002164381,-0.000737525,0.000118812,0.002164381,,,
1786043831407296101,1786043831.406514757,/novatel/oem7/inspva,/novatel/oem7/inspva,/novatel/oem7/inspva,39.663,-75.756,-1.799485592,0.000986718,0.002506962,0.000543662,-0.000823434,0.002506962,,novatel_oem7_msgs.msg.InertialSolutionStatus(status=3),
1786043831408896761,1786043831.406702713,/novatel/oem7/fix,/novatel/oem7/fix,/novatel/oem7/inspva,39.663,-75.756,-1.799485592,0.000986718,0.002506962,0.000543662,-0.000823434,0.002506962,,0,
1786043831410083446,1786043831.407070185,/novatel/oem7/odom,/novatel/oem7/fix,/novatel/oem7/odom,39.663,-75.756,-1.799485592,0.000991083,0.002505240,-0.000805571,0.000577322,0.002505240,,,
1786043831411663629,1786043831.410487983,/novatel/oem7/bestpos,/novatel/oem7/bestpos,/novatel/oem7/odom,39.663,-75.756,33.182780850,0.000991083,0.002505240,-0.000805571,0.000577322,0.002505240,,novatel_oem7_msgs.msg.SolutionStatus(status=0),novatel_oem7_msgs.msg.PositionOrVelocityType(type=53)
1786043831412645165,1786043831.411002097,/novatel/oem7/bestvel,/novatel/oem7/bestpos,/novatel/oem7/bestvel,39.663,-75.756,33.182780850,0.000924888,0.002667807,,,,289.550879994,novatel_oem7_msgs.msg.SolutionStatus(status=0),novatel_oem7_msgs.msg.PositionOrVelocityType(type=53)
1786043831415950362,1786043831.415203758,/novatel/oem7/odom,/novatel/oem7/bestpos,/novatel/oem7/odom,39.663,-75.756,33.182780850,0.000991083,0.002505240,-0.000805571,0.000577322,0.002505240,,,
1786043831425933233,1786043831.425234110,/novatel/oem7/inspva,/novatel/oem7/inspva,/novatel/oem7/inspva,39.663,-75.756,-1.799499462,0.000698809,0.002576284,0.000171433,-0.000677455,0.002576284,,novatel_oem7_msgs.msg.InertialSolutionStatus(status=3),
1786043831427377348,1786043831.425605973,/novatel/oem7/fix,/novatel/oem7/fix,/novatel/oem7/inspva,39.663,-75.756,-1.799499462,0.000698809,0.002576284,0.000171433,-0.000677455,0.002576284,,0,
1786043831428841899,1786043831.426115175,/novatel/oem7/odom,/novatel/oem7/fix,/novatel/oem7/odom,39.663,-75.756,-1.799499462,0.000706883,0.002574081,-0.000678560,0.000198092,0.002574081,,,
1786043831436892351,1786043831.435994912,/novatel/oem7/odom,/novatel/oem7/fix,/novatel/oem7/odom,39.663,-75.756,-1.799499462,0.000706883,0.002574081,-0.000678560,0.000198092,0.002574081,,,
1786043831446387627,1786043831.445496222,/novatel/oem7/inspva,/novatel/oem7/inspva,/novatel/oem7/inspva,39.663,-75.756,-1.799504889,0.000737717,0.002007134,0.000257849,-0.000691188,0.002007134,,novatel_oem7_msgs.msg.InertialSolutionStatus(status=3),
1786043831448011913,1786043831.446489615,/novatel/oem7/fix,/novatel/oem7/fix,/novatel/oem7/inspva,39.663,-75.756,-1.799504889,0.000737717,0.002007134,0.000257849,-0.000691188,0.002007134,,0,
1786043831449319233,1786043831.447431316,/novatel/oem7/odom,/novatel/oem7/fix,/novatel/oem7/odom,39.663,-75.756,-1.799504889,0.000743158,0.002005126,-0.000685669,0.000286603,0.002005126,,,
1786043831457531170,1786043831.456534600,/novatel/oem7/odom,/novatel/oem7/fix,/novatel/oem7/odom,39.663,-75.756,-1.799504889,0.000743158,0.002005126,-0.000685669,0.000286603,0.002005126,,,
1786043831467034663,1786043831.466136942,/novatel/oem7/inspva,/novatel/oem7/inspva,/novatel/oem7/inspva,39.663,-75.756,-1.799514025,0.000530526,0.002296864,-0.000049996,-0.000528165,0.002296864,,novatel_oem7_msgs.msg.InertialSolutionStatus(status=3),
1786043831469051556,1786043831.466557096,/novatel/oem7/fix,/novatel/oem7/fix,/novatel/oem7/inspva,39.663,-75.756,-1.799514025,0.000530526,0.002296864,-0.000049996,-0.000528165,0.002296864,,0,
1786043831470555779,1786043831.466965359,/novatel/oem7/odom,/novatel/oem7/fix,/novatel/oem7/odom,39.663,-75.756,-1.799514025,0.000540134,0.002294623,-0.000539316,-0.000029712,0.002294623,,,
1786043831476090875,1786043831.475218619,/novatel/oem7/odom,/novatel/oem7/fix,/novatel/oem7/odom,39.663,-75.756,-1.799514025,0.000540134,0.002294623,-0.000539316,-0.000029712,0.002294623,,,
1786043831486456500,1786043831.485578403,/novatel/oem7/inspva,/novatel/oem7/inspva,/novatel/oem7/inspva,39.663,-75.756,-1.799513985,0.000534162,0.002426048,0.000013030,-0.000534003,0.002426048,,novatel_oem7_msgs.msg.InertialSolutionStatus(status=3),
1786043831488068376,1786043831.486597600,/novatel/oem7/fix,/novatel/oem7/fix,/novatel/oem7/inspva,39.663,-75.756,-1.799513985,0.000534162,0.002426048,0.000013030,-0.000534003,0.002426048,,0,
1786043831489809244,1786043831.487765072,/novatel/oem7/odom,/novatel/oem7/fix,/novatel/oem7/odom,39.663,-75.756,-1.799513985,0.000543541,0.002423964,-0.000542529,0.000033151,0.002423964,,,
1786043831496804148,1786043831.495666906,/novatel/oem7/odom,/novatel/oem7/fix,/novatel/oem7/odom,39.663,-75.756,-1.799513985,0.000543541,0.002423964,-0.000542529,0.000033151,0.002423964,,,
1786043831506875460,1786043831.506051131,/novatel/oem7/inspva,/novatel/oem7/inspva,/novatel/oem7/inspva,39.663,-75.756,-1.799524981,0.000456603,0.002340800,-0.000348824,-0.000294633,0.002340800,,novatel_oem7_msgs.msg.InertialSolutionStatus(status=3),
1786043831508519080,1786043831.506317534,/novatel/oem7/fix,/novatel/oem7/fix,/novatel/oem7/inspva,39.663,-75.756,-1.799524981,0.000456603,0.002340800,-0.000348824,-0.000294633,0.002340800,,0,
1786043831509651348,1786043831.506750307,/novatel/oem7/odom,/novatel/oem7/fix,/novatel/oem7/odom,39.663,-75.756,-1.799524981,0.000467593,0.002338629,-0.000321097,-0.000339911,0.002338629,,,
1786043831512026672,1786043831.511337012,/novatel/oem7/bestpos,/novatel/oem7/bestpos,/novatel/oem7/odom,39.663,-75.756,33.182739283,0.000467593,0.002338629,-0.000321097,-0.000339911,0.002338629,,novatel_oem7_msgs.msg.SolutionStatus(status=0),novatel_oem7_msgs.msg.PositionOrVelocityType(type=53)
1786043831513460163,1786043831.511726636,/novatel/oem7/bestvel,/novatel/oem7/bestpos,/novatel/oem7/bestvel,39.663,-75.756,33.182739283,0.000276319,0.002157127,,,,184.241359132,novatel_oem7_msgs.msg.SolutionStatus(status=0),novatel_oem7_msgs.msg.PositionOrVelocityType(type=53)
1786043831515023439,1786043831.514335748,/novatel/oem7/odom,/novatel/oem7/bestpos,/novatel/oem7/odom,39.663,-75.756,33.182739283,0.000467593,0.002338629,-0.000321097,-0.000339911,0.002338629,,,
1786043831527087304,1786043831.526350591,/novatel/oem7/inspva,/novatel/oem7/inspva,/novatel/oem7/inspva,39.663,-75.756,-1.799522202,0.000552095,0.002558692,0.000235945,-0.000499138,0.002558692,,novatel_oem7_msgs.msg.InertialSolutionStatus(status=3),
1786043831529033564,1786043831.526597723,/novatel/oem7/fix,/novatel/oem7/fix,/novatel/oem7/inspva,39.663,-75.756,-1.799522202,0.000552095,0.002558692,0.000235945,-0.000499138,0.002558692,,0,
1786043831530456062,1786043831.527026371,/novatel/oem7/odom,/novatel/oem7/fix,/novatel/oem7/odom,39.663,-75.756,-1.799522202,0.000558171,0.002557374,-0.000497172,0.000253723,0.002557374,,,
1786043831535953958,1786043831.535164276,/novatel/oem7/odom,/novatel/oem7/fix,/novatel/oem7/odom,39.663,-75.756,-1.799522202,0.000558171,0.002557374,-0.000497172,0.000253723,0.002557374,,,
1786043831545569905,1786043831.544931975,/novatel/oem7/inspva,/novatel/oem7/inspva,/novatel/oem7/inspva,39.663,-75.756,-1.799533624,0.000552952,0.002385596,-0.000285250,-0.000473697,0.002385596,,novatel_oem7_msgs.msg.InertialSolutionStatus(status=3),
1786043831547273693,1786043831.545118664,/novatel/oem7/fix,/novatel/oem7/fix,/novatel/oem7/inspva,39.663,-75.756,-1.799533624,0.000552952,0.002385596,-0.000285250,-0.000473697,0.002385596,,0,
1786043831548342707,1786043831.545581889,/novatel/oem7/odom,/novatel/oem7/fix,/novatel/oem7/odom,39.663,-75.756,-1.799533624,0.000564473,0.002382896,-0.000496991,-0.000267637,0.002382896,,,
1786043831556785619,1786043831.555760692,/novatel/oem7/odom,/novatel/oem7/fix,/novatel/oem7/odom,39.663,-75.756,-1.799533624,0.000564473,0.002382896,-0.000496991,-0.000267637,0.002382896,,,
1786043831566481557,1786043831.565466033,/novatel/oem7/inspva,/novatel/oem7/inspva,/novatel/oem7/inspva,39.663,-75.756,-1.799531184,0.000376470,0.002326556,-0.000188154,-0.000326079,0.002326556,,novatel_oem7_msgs.msg.InertialSolutionStatus(status=3),
1786043831568394280,1786043831.565805237,/novatel/oem7/fix,/novatel/oem7/fix,/novatel/oem7/inspva,39.663,-75.756,-1.799531184,0.000376470,0.002326556,-0.000188154,-0.000326079,0.002326556,,0,
1786043831569956252,1786043831.566717036,/novatel/oem7/odom,/novatel/oem7/fix,/novatel/oem7/odom,39.663,-75.756,-1.799531184,0.000387689,0.002324713,-0.000344489,-0.000177848,0.002324713,,,
1786043831575810832,1786043831.574938836,/novatel/oem7/odom,/novatel/oem7/fix,/novatel/oem7/odom,39.663,-75.756,-1.799531184,0.000387689,0.002324713,-0.000344489,-0.000177848,0.002324713,,,
1786043831586608181,1786043831.585958995,/novatel/oem7/inspva,/novatel/oem7/inspva,/novatel/oem7/inspva,39.663,-75.756,-1.799542577,0.000375929,0.002259933,-0.000306878,-0.000217137,0.002259933,,novatel_oem7_msgs.msg.InertialSolutionStatus(status=3),
1786043831588068769,1786043831.586155093,/novatel/oem7/fix,/novatel/oem7/fix,/novatel/oem7/inspva,39.663,-75.756,-1.799542577,0.000375929,0.002259933,-0.000306878,-0.000217137,0.002259933,,0,
1786043831589203627,1786043831.586797749,/novatel/oem7/odom,/novatel/oem7/fix,/novatel/oem7/odom,39.663,-75.756,-1.799542577,0.000386314,0.002258181,-0.000241320,-0.000301667,0.002258181,,,
1786043831595716523,1786043831.594851655,/novatel/oem7/odom,/novatel/oem7/fix,/novatel/oem7/odom,39.663,-75.756,-1.799542577,0.000386314,0.002258181,-0.000241320,-0.000301667,0.002258181,,,
1786043831607396795,1786043831.606641150,/novatel/oem7/inspva,/novatel/oem7/inspva,/novatel/oem7/inspva,39.663,-75.756,-1.799540352,0.000343861,0.002266288,-0.000325508,-0.000110838,0.002266288,,novatel_oem7_msgs.msg.InertialSolutionStatus(status=3),
1786043831609120219,1786043831.606893620,/novatel/oem7/fix,/novatel/oem7/fix,/novatel/oem7/inspva,39.663,-75.756,-1.799540352,0.000343861,0.002266288,-0.000325508,-0.000110838,0.002266288,,0,
1786043831610463679,1786043831.607444172,/novatel/oem7/odom,/novatel/oem7/fix,/novatel/oem7/odom,39.663,-75.756,-1.799540352,0.000352872,0.002264903,-0.000136106,-0.000325567,0.002264903,,,
1786043831612359115,1786043831.610299431,/novatel/oem7/bestpos,/novatel/oem7/bestpos,/novatel/oem7/odom,39.663,-75.756,33.182717497,0.000352872,0.002264903,-0.000136106,-0.000325567,0.002264903,,novatel_oem7_msgs.msg.SolutionStatus(status=0),novatel_oem7_msgs.msg.PositionOrVelocityType(type=53)
1786043831613651745,1786043831.610726242,/novatel/oem7/bestvel,/novatel/oem7/bestpos,/novatel/oem7/bestvel,39.663,-75.756,33.182717497,0.000326136,0.002273189,,,,222.649978851,novatel_oem7_msgs.msg.SolutionStatus(status=0),novatel_oem7_msgs.msg.PositionOrVelocityType(type=53)
1786043831616154600,1786043831.615433556,/novatel/oem7/odom,/novatel/oem7/bestpos,/novatel/oem7/odom,39.663,-75.756,33.182717497,0.000352872,0.002264903,-0.000136106,-0.000325567,0.002264903,,,
1786043831626064934,1786043831.625232921,/novatel/oem7/inspva,/novatel/oem7/inspva,/novatel/oem7/inspva,39.663,-75.756,-1.799550080,0.000238289,0.002303378,-0.000208840,-0.000114750,0.002303378,,novatel_oem7_msgs.msg.InertialSolutionStatus(status=3),
1786043831627699237,1786043831.625389300,/novatel/oem7/fix,/novatel/oem7/fix,/novatel/oem7/inspva,39.663,-75.756,-1.799550080,0.000238289,0.002303378,-0.000208840,-0.000114750,0.002303378,,0,
1786043831628793958,1786043831.625895092,/novatel/oem7/odom,/novatel/oem7/fix,/novatel/oem7/odom,39.663,-75.756,-1.799550080,0.000248429,0.002302306,-0.000134352,-0.000208965,0.002302306,,,
1786043831635019885,1786043831.634303757,/novatel/oem7/odom,/novatel/oem7/fix,/novatel/oem7/odom,39.663,-75.756,-1.799550080,0.000248429,0.002302306,-0.000134352,-0.000208965,0.002302306,,,
1786043831647144254,1786043831.646517612,/novatel/oem7/inspva,/novatel/oem7/inspva,/novatel/oem7/inspva,39.663,-75.756,-1.799549185,0.000112722,0.002025439,-0.000054408,-0.000098722,0.002025439,,novatel_oem7_msgs.msg.InertialSolutionStatus(status=3),
1786043831648628313,1786043831.646638202,/novatel/oem7/fix,/novatel/oem7/fix,/novatel/oem7/inspva,39.663,-75.756,-1.799549185,0.000112722,0.002025439,-0.000054408,-0.000098722,0.002025439,,0,
1786043831649770207,1786043831.647085287,/novatel/oem7/odom,/novatel/oem7/fix,/novatel/oem7/odom,39.663,-75.756,-1.799549185,0.000122483,0.002024872,-0.000109554,-0.000054771,0.002024872,,,
1786043831657725415,1786043831.656871679,/novatel/oem7/odom,/novatel/oem7/fix,/novatel/oem7/odom,39.663,-75.756,-1.799549185,0.000122483,0.002024872,-0.000109554,-0.000054771,0.002024872,,,
1786043831665771503,1786043831.664977465,/novatel/oem7/inspva,/novatel/oem7/inspva,/novatel/oem7/inspva,39.663,-75.756,-1.799557804,0.000107755,0.001975800,0.000060604,-0.000089098,0.001975800,,novatel_oem7_msgs.msg.InertialSolutionStatus(status=3),
1786043831667527971,1786043831.665234304,/novatel/oem7/fix,/novatel/oem7/fix,/novatel/oem7/inspva,39.663,-75.756,-1.799557804,0.000107755,0.001975800,0.000060604,-0.000089098,0.001975800,,0,
1786043831668984046,1786043831.665905768,/novatel/oem7/odom,/novatel/oem7/fix,/novatel/oem7/odom,39.663,-75.756,-1.799557804,0.000111404,0.001975597,-0.000094026,0.000059750,0.001975597,,,
1786043831676416051,1786043831.675602449,/novatel/oem7/odom,/novatel/oem7/fix,/novatel/oem7/odom,39.663,-75.756,-1.799557804,0.000111404,0.001975597,-0.000094026,0.000059750,0.001975597,,,
1786043831686584497,1786043831.685847933,/novatel/oem7/inspva,/novatel/oem7/inspva,/novatel/oem7/inspva,39.663,-75.756,-1.799551561,0.000455369,0.002218526,-0.000193652,0.000412140,0.002218526,,novatel_oem7_msgs.msg.InertialSolutionStatus(status=3),
1786043831688240931,1786043831.686042562,/novatel/oem7/fix,/novatel/oem7/fix,/novatel/oem7/inspva,39.663,-75.756,-1.799551561,0.000455369,0.002218526,-0.000193652,0.000412140,0.002218526,,0,
1786043831689513777,1786043831.686596570,/novatel/oem7/odom,/novatel/oem7/fix,/novatel/oem7/odom,39.663,-75.756,-1.799551561,0.000450239,0.002219572,0.000392972,-0.000219746,0.002219572,,,
1786043831695988445,1786043831.695315852,/novatel/oem7/odom,/novatel/oem7/fix,/novatel/oem7/odom,39.663,-75.756,-1.799551561,0.000450239,0.002219572,0.000392972,-0.000219746,0.002219572,,,
1786043831706562766,1786043831.705846359,/novatel/oem7/inspva,/novatel/oem7/inspva,/novatel/oem7/inspva,39.663,-75.756,-1.799559295,0.000431159,0.002253795,-0.000026384,0.000430351,0.002253795,,novatel_oem7_msgs.msg.InertialSolutionStatus(status=3),
1786043831708085258,1786043831.706078638,/novatel/oem7/fix,/novatel/oem7/fix,/novatel/oem7/inspva,39.663,-75.756,-1.799559295,0.000431159,0.002253795,-0.000026384,0.000430351,0.002253795,,0,
1786043831709164929,1786043831.706583146,/novatel/oem7/odom,/novatel/oem7/fix,/novatel/oem7/odom,39.663,-75.756,-1.799559295,0.000422743,0.002255389,0.000419323,-0.000053666,0.002255389,,,
1786043831710684861,1786043831.709208126,/novatel/oem7/bestpos,/novatel/oem7/bestpos,/novatel/oem7/odom,39.663,-75.756,33.182703670,0.000422743,0.002255389,0.000419323,-0.000053666,0.002255389,,novatel_oem7_msgs.msg.SolutionStatus(status=0),novatel_oem7_msgs.msg.PositionOrVelocityType(type=53)
1786043831711608231,1786043831.709579827,/novatel/oem7/bestvel,/novatel/oem7/bestpos,/novatel/oem7/bestvel,39.663,-75.756,33.182703670,0.000531574,0.002501338,,,,137.284687478,novatel_oem7_msgs.msg.SolutionStatus(status=0),novatel_oem7_msgs.msg.PositionOrVelocityType(type=53)
1786043831715543607,1786043831.714857930,/novatel/oem7/odom,/novatel/oem7/bestpos,/novatel/oem7/odom,39.663,-75.756,33.182703670,0.000422743,0.002255389,0.000419323,-0.000053666,0.002255389,,,
1786043831726540452,1786043831.725609189,/novatel/oem7/inspva,/novatel/oem7/inspva,/novatel/oem7/inspva,39.663,-75.756,-1.799559389,0.000745312,0.001736339,-0.000010789,0.000745234,0.001736339,,novatel_oem7_msgs.msg.InertialSolutionStatus(status=3),
1786043831728394634,1786043831.725910152,/novatel/oem7/fix,/novatel/oem7/fix,/novatel/oem7/inspva,39.663,-75.756,-1.799559389,0.000745312,0.001736339,-0.000010789,0.000745234,0.001736339,,0,
1786043831729818722,1786043831.726618576,/novatel/oem7/odom,/novatel/oem7/fix,/novatel/oem7/odom,39.663,-75.756,-1.799559389,0.000738553,0.001739224,0.000736692,-0.000052405,0.001739224,,,
1786043831736285847,1786043831.735468665,/novatel/oem7/odom,/novatel/oem7/fix,/novatel/oem7/odom,39.663,-75.756,-1.799559389,0.000738553,0.001739224,0.000736692,-0.000052405,0.001739224,,,
1786043831745893055,1786043831.745355119,/novatel/oem7/inspva,/novatel/oem7/inspva,/novatel/oem7/inspva,39.663,-75.756,-1.799567550,0.000800331,0.001626933,-0.000043502,0.000799148,0.001626933,,novatel_oem7_msgs.msg.InertialSolutionStatus(status=3),
1786043831747268915,1786043831.745540394,/novatel/oem7/fix,/novatel/oem7/fix,/novatel/oem7/inspva,39.663,-75.756,-1.799567550,0.000800331,0.001626933,-0.000043502,0.000799148,0.001626933,,0,
1786043831748351446,1786043831.746089263,/novatel/oem7/odom,/novatel/oem7/fix,/novatel/oem7/odom,39.663,-75.756,-1.799567550,0.000794191,0.001629939,0.000789360,-0.000087467,0.001629939,,,
1786043831756864182,1786043831.755887012,/novatel/oem7/odom,/novatel/oem7/fix,/novatel/oem7/odom,39.663,-75.756,-1.799567550,0.000794191,0.001629939,0.000789360,-0.000087467,0.001629939,,,
1786043831766976698,1786043831.766154050,/novatel/oem7/inspva,/novatel/oem7/inspva,/novatel/oem7/inspva,39.663,-75.756,-1.799563454,0.000800966,0.001919911,0.000208268,0.000773416,0.001919911,,novatel_oem7_msgs.msg.InertialSolutionStatus(status=3),
1786043831768791487,1786043831.766493833,/novatel/oem7/fix,/novatel/oem7/fix,/novatel/oem7/inspva,39.663,-75.756,-1.799563454,0.000800966,0.001919911,0.000208268,0.000773416,0.001919911,,0,
1786043831770193231,1786043831.766937958,/novatel/oem7/odom,/novatel/oem7/fix,/novatel/oem7/odom,39.663,-75.756,-1.799563454,0.000792246,0.001923526,0.000774980,0.000164500,0.001923526,,,
1786043831776085407,1786043831.775279052,/novatel/oem7/odom,/novatel/oem7/fix,/novatel/oem7/odom,39.663,-75.756,-1.799563454,0.000792246,0.001923526,0.000774980,0.000164500,0.001923526,,,
1786043831786110602,1786043831.785002027,/novatel/oem7/inspva,/novatel/oem7/inspva,/novatel/oem7/inspva,39.663,-75.756,-1.799572052,0.000833027,0.001718441,0.000199348,0.000808823,0.001718441,,novatel_oem7_msgs.msg.InertialSolutionStatus(status=3),
1786043831787881630,1786043831.785319990,/novatel/oem7/fix,/novatel/oem7/fix,/novatel/oem7/inspva,39.663,-75.756,-1.799572052,0.000833027,0.001718441,0.000199348,0.000808823,0.001718441,,0,
1786043831788968184,1786043831.785876543,/novatel/oem7/odom,/novatel/oem7/fix,/novatel/oem7/odom,39.663,-75.756,-1.799572052,0.000825288,0.001722171,0.000810724,0.000154356,0.001722171,,,
1786043831795033646,1786043831.794361879,/novatel/oem7/odom,/novatel/oem7/fix,/novatel/oem7/odom,39.663,-75.756,-1.799572052,0.000825288,0.001722171,0.000810724,0.000154356,0.001722171,,,
1786043831807221209,1786043831.806540295,/novatel/oem7/inspva,/novatel/oem7/inspva,/novatel/oem7/inspva,39.663,-75.756,-1.799564546,0.001080727,0.002058579,0.000162421,0.001068453,0.002058579,,novatel_oem7_msgs.msg.InertialSolutionStatus(status=3),
1786043831808704941,1786043831.806729621,/novatel/oem7/fix,/novatel/oem7/fix,/novatel/oem7/inspva,39.663,-75.756,-1.799564546,0.001080727,0.002058579,0.000162421,0.001068453,0.002058579,,0,
1786043831809777958,1786043831.807110721,/novatel/oem7/odom,/novatel/oem7/fix,/novatel/oem7/odom,39.663,-75.756,-1.799564546,0.001071818,0.002063232,0.001066795,0.000103652,0.002063232,,,
1786043831811272080,1786043831.810252457,/novatel/oem7/bestpos,/novatel/oem7/bestpos,/novatel/oem7/odom,39.663,-75.756,33.182695071,0.001071818,0.002063232,0.001066795,0.000103652,0.002063232,,novatel_oem7_msgs.msg.SolutionStatus(status=0),novatel_oem7_msgs.msg.PositionOrVelocityType(type=53)
1786043831812205353,1786043831.810604433,/novatel/oem7/bestvel,/novatel/oem7/bestpos,/novatel/oem7/bestvel,39.663,-75.756,33.182695071,0.000938013,0.002109986,,,,77.019943472,novatel_oem7_msgs.msg.SolutionStatus(status=0),novatel_oem7_msgs.msg.PositionOrVelocityType(type=53)
1786043831815644931,1786043831.814966908,/novatel/oem7/odom,/novatel/oem7/bestpos,/novatel/oem7/odom,39.663,-75.756,33.182695071,0.001071818,0.002063232,0.001066795,0.000103652,0.002063232,,,
1786043831825597031,1786043831.825036273,/novatel/oem7/inspva,/novatel/oem7/inspva,/novatel/oem7/inspva,39.663,-75.756,-1.799572556,0.000846858,0.001827041,0.000067585,0.000844157,0.001827041,,novatel_oem7_msgs.msg.InertialSolutionStatus(status=3),
1786043831826863358,1786043831.825225018,/novatel/oem7/fix,/novatel/oem7/fix,/novatel/oem7/inspva,39.663,-75.756,-1.799572556,0.000846858,0.001827041,0.000067585,0.000844157,0.001827041,,0,
1786043831827862846,1786043831.825708226,/novatel/oem7/odom,/novatel/oem7/fix,/novatel/oem7/odom,39.663,-75.756,-1.799572556,0.000839270,0.001830539,0.000839015,0.000020712,0.001830539,,,
1786043831835621809,1786043831.835016691,/novatel/oem7/odom,/novatel/oem7/fix,/novatel/oem7/odom,39.663,-75.756,-1.799572556,0.000839270,0.001830539,0.000839015,0.000020712,0.001830539,,,
1786043831845921853,1786043831.845389066,/novatel/oem7/inspva,/novatel/oem7/inspva,/novatel/oem7/inspva,39.663,-75.756,-1.799566559,0.001307776,0.001887400,0.000238025,0.001285932,0.001887400,,novatel_oem7_msgs.msg.InertialSolutionStatus(status=3),
1786043831847174819,1786043831.845613165,/novatel/oem7/fix,/novatel/oem7/fix,/novatel/oem7/inspva,39.663,-75.756,-1.799566559,0.001307776,0.001887400,0.000238025,0.001285932,0.001887400,,0,
1786043831848089587,1786043831.846219957,/novatel/oem7/odom,/novatel/oem7/fix,/novatel/oem7/odom,39.663,-75.756,-1.799566559,0.001299473,0.001893126,0.001288464,0.000168793,0.001893126,,,
1786043831857521108,1786043831.856546739,/novatel/oem7/odom,/novatel/oem7/fix,/novatel/oem7/odom,39.663,-75.756,-1.799566559,0.001299473,0.001893126,0.001288464,0.000168793,0.001893126,,,
1786043831866521338,1786043831.866017192,/novatel/oem7/inspva,/novatel/oem7/inspva,/novatel/oem7/inspva,39.663,-75.756,-1.799573348,0.000921564,0.001579483,0.000040373,0.000920679,0.001579483,,novatel_oem7_msgs.msg.InertialSolutionStatus(status=3),
1786043831867502515,1786043831.866289117,/novatel/oem7/fix,/novatel/oem7/fix,/novatel/oem7/inspva,39.663,-75.756,-1.799573348,0.000921564,0.001579483,0.000040373,0.000920679,0.001579483,,0,
1786043831868148584,1786043831.866891120,/novatel/oem7/odom,/novatel/oem7/fix,/novatel/oem7/odom,39.663,-75.756,-1.799573348,0.000915132,0.001583218,0.000915082,-0.000009633,0.001583218,,,
1786043831874988930,1786043831.874523318,/novatel/oem7/odom,/novatel/oem7/fix,/novatel/oem7/odom,39.663,-75.756,-1.799573348,0.000915132,0.001583218,0.000915082,-0.000009633,0.001583218,,,
1786043831885681103,1786043831.885145458,/novatel/oem7/inspva,/novatel/oem7/inspva,/novatel/oem7/inspva,39.663,-75.756,-1.799563766,0.000803914,0.001843402,0.000260757,0.000760450,0.001843402,,novatel_oem7_msgs.msg.InertialSolutionStatus(status=3),
1786043831886558422,1786043831.885366988,/novatel/oem7/fix,/novatel/oem7/fix,/novatel/oem7/inspva,39.663,-75.756,-1.799563766,0.000803914,0.001843402,0.000260757,0.000760450,0.001843402,,0,
1786043831887185457,1786043831.885878013,/novatel/oem7/odom,/novatel/oem7/fix,/novatel/oem7/odom,39.663,-75.756,-1.799563766,0.000795334,0.001847120,0.000764944,0.000217753,0.001847120,,,
1786043831895887877,1786043831.895311421,/novatel/oem7/odom,/novatel/oem7/fix,/novatel/oem7/odom,39.663,-75.756,-1.799563766,0.000795334,0.001847120,0.000764944,0.000217753,0.001847120,,,
1786043831906162814,1786043831.905754764,/novatel/oem7/inspva,/novatel/oem7/inspva,/novatel/oem7/inspva,39.663,-75.756,-1.799569791,0.000818919,0.001927232,0.000020038,0.000818674,0.001927232,,novatel_oem7_msgs.msg.InertialSolutionStatus(status=3),
1786043831906929289,1786043831.905993073,/novatel/oem7/fix,/novatel/oem7/fix,/novatel/oem7/inspva,39.663,-75.756,-1.799569791,0.000818919,0.001927232,0.000020038,0.000818674,0.001927232,,0,
1786043831907616859,1786043831.906438817,/novatel/oem7/odom,/novatel/oem7/fix,/novatel/oem7/odom,39.663,-75.756,-1.799569791,0.000811164,0.001930509,0.000810755,-0.000025764,0.001930509,,,
1786043831909737456,1786043831.909247276,/novatel/oem7/bestpos,/novatel/oem7/bestpos,/novatel/oem7/odom,39.663,-75.756,33.182688156,0.000811164,0.001930509,0.000810755,-0.000025764,0.001930509,,novatel_oem7_msgs.msg.SolutionStatus(status=0),novatel_oem7_msgs.msg.PositionOrVelocityType(type=53)
1786043831910512526,1786043831.909838869,/novatel/oem7/bestvel,/novatel/oem7/bestpos,/novatel/oem7/bestvel,39.663,-75.756,33.182688156,0.000978405,0.002056440,,,,107.951402222,novatel_oem7_msgs.msg.SolutionStatus(status=0),novatel_oem7_msgs.msg.PositionOrVelocityType(type=53)
1786043831914844646,1786043831.914334977,/novatel/oem7/odom,/novatel/oem7/bestpos,/novatel/oem7/odom,39.663,-75.756,33.182688156,0.000811164,0.001930509,0.000810755,-0.000025764,0.001930509,,,
1786043831925984034,1786043831.925334689,/novatel/oem7/inspva,/novatel/oem7/inspva,/novatel/oem7/inspva,39.663,-75.756,-1.799567594,0.000988288,0.001503465,-0.000047146,0.000987162,0.001503465,,novatel_oem7_msgs.msg.InertialSolutionStatus(status=3),
1786043831926788555,1786043831.925571285,/novatel/oem7/fix,/novatel/oem7/fix,/novatel/oem7/inspva,39.663,-75.756,-1.799567594,0.000988288,0.001503465,-0.000047146,0.000987162,0.001503465,,0,
1786043831927348433,1786043831.926092283,/novatel/oem7/odom,/novatel/oem7/fix,/novatel/oem7/odom,39.663,-75.756,-1.799567594,0.000982537,0.001507229,0.000977419,-0.000100151,0.001507229,,,
1786043831935271996,1786043831.934938346,/novatel/oem7/odom,/novatel/oem7/fix,/novatel/oem7/odom,39.663,-75.756,-1.799567594,0.000982537,0.001507229,0.000977419,-0.000100151,0.001507229,,,
1786043831945448588,1786043831.944990535,/novatel/oem7/inspva,/novatel/oem7/inspva,/novatel/oem7/inspva,39.663,-75.756,-1.799572330,0.001045664,0.001671285,-0.000193281,0.001027646,0.001671285,,novatel_oem7_msgs.msg.InertialSolutionStatus(status=3),
1786043831946202359,1786043831.945178644,/novatel/oem7/fix,/novatel/oem7/fix,/novatel/oem7/inspva,39.663,-75.756,-1.799572330,0.001045664,0.001671285,-0.000193281,0.001027646,0.001671285,,0,
1786043831946714907,1786043831.945483743,/novatel/oem7/odom,/novatel/oem7/fix,/novatel/oem7/odom,39.663,-75.756,-1.799572330,0.001040026,0.001674799,0.001009891,-0.000248547,0.001674799,,,
1786043831956672831,1786043831.956108834,/novatel/oem7/odom,/novatel/oem7/fix,/novatel/oem7/odom,39.663,-75.756,-1.799572330,0.001040026,0.001674799,0.001009891,-0.000248547,0.001674799,,,
1786043831965951417,1786043831.965148299,/novatel/oem7/inspva,/novatel/oem7/inspva,/novatel/oem7/inspva,39.663,-75.756,-1.799565419,0.001401753,0.001722760,-0.000308262,0.001367438,0.001722760,,novatel_oem7_msgs.msg.InertialSolutionStatus(status=3),
1786043831967819139,1786043831.965469769,/novatel/oem7/fix,/novatel/oem7/fix,/novatel/oem7/inspva,39.663,-75.756,-1.799565419,0.001401753,0.001722760,-0.000308262,0.001367438,0.001722760,,0,
1786043831969171883,1786043831.965986726,/novatel/oem7/odom,/novatel/oem7/fix,/novatel/oem7/odom,39.663,-75.756,-1.799565419,0.001396166,0.001727291,0.001343332,-0.000380445,0.001727291,,,
1786043831975856830,1786043831.974966648,/novatel/oem7/odom,/novatel/oem7/fix,/novatel/oem7/odom,39.663,-75.756,-1.799565419,0.001396166,0.001727291,0.001343332,-0.000380445,0.001727291,,,
1786043831987150562,1786043831.986070108,/novatel/oem7/inspva,/novatel/oem7/inspva,/novatel/oem7/inspva,39.663,-75.756,-1.799570523,0.001077939,0.001788403,0.000013256,0.001077858,0.001788403,,novatel_oem7_msgs.msg.InertialSolutionStatus(status=3),
1786043831989095502,1786043831.986440188,/novatel/oem7/fix,/novatel/oem7/fix,/novatel/oem7/inspva,39.663,-75.756,-1.799570523,0.001077939,0.001788403,0.000013256,0.001077858,0.001788403,,0,
1786043831990204233,1786043831.987241110,/novatel/oem7/odom,/novatel/oem7/fix,/novatel/oem7/odom,39.663,-75.756,-1.799570523,0.001070818,0.001792676,0.001069869,-0.000045066,0.001792676,,,
1786043831994959301,1786043831.994303687,/novatel/oem7/odom,/novatel/oem7/fix,/novatel/oem7/odom,39.663,-75.756,-1.799570523,0.001070818,0.001792676,0.001069869,-0.000045066,0.001792676,,,
1786043832009119851,1786043832.008442178,/novatel/oem7/inspva,/novatel/oem7/inspva,/novatel/oem7/inspva,39.663,-75.756,-1.799565232,0.000935063,0.001475271,-0.000331090,0.000874484,0.001475271,,novatel_oem7_msgs.msg.InertialSolutionStatus(status=3),
1786043832010666977,1786043832.008649626,/novatel/oem7/fix,/novatel/oem7/fix,/novatel/oem7/inspva,39.663,-75.756,-1.799565232,0.000935063,0.001475271,-0.000331090,0.000874484,0.001475271,,0,
1786043832011774591,1786043832.009691457,/novatel/oem7/odom,/novatel/oem7/fix,/novatel/oem7/odom,39.663,-75.756,-1.799565232,0.000931092,0.001477780,0.000850888,-0.000378049,0.001477780,,,
1786043832018073875,1786043832.017125458,/novatel/oem7/odom,/novatel/oem7/fix,/novatel/oem7/odom,39.663,-75.756,-1.799565232,0.000931092,0.001477780,0.000850888,-0.000378049,0.001477780,,,
1786043832027111540,1786043832.026443607,/novatel/oem7/bestpos,/novatel/oem7/bestpos,/novatel/oem7/odom,39.663,-75.756,33.182708222,0.000931092,0.001477780,0.000850888,-0.000378049,0.001477780,,novatel_oem7_msgs.msg.SolutionStatus(status=0),novatel_oem7_msgs.msg.PositionOrVelocityType(type=53)
1786043832028554781,1786043832.026840337,/novatel/oem7/bestvel,/novatel/oem7/bestpos,/novatel/oem7/bestvel,39.663,-75.756,33.182708222,0.000543049,0.001722688,,,,130.141688792,novatel_oem7_msgs.msg.SolutionStatus(status=0),novatel_oem7_msgs.msg.PositionOrVelocityType(type=53)
1786043832029514594,1786043832.027413703,/novatel/oem7/inspva,/novatel/oem7/inspva,/novatel/oem7/inspva,39.663,-75.756,-1.799564135,0.000892614,0.001990727,-0.000276333,0.000848764,0.001990727,,novatel_oem7_msgs.msg.InertialSolutionStatus(status=3),
1786043832030353390,1786043832.027588388,/novatel/oem7/fix,/novatel/oem7/fix,/novatel/oem7/inspva,39.663,-75.756,-1.799564135,0.000892614,0.001990727,-0.000276333,0.000848764,0.001990727,,0,
1786043832031391373,1786043832.027952391,/novatel/oem7/odom,/novatel/oem7/fix,/novatel/oem7/odom,39.663,-75.756,-1.799564135,0.000886900,0.001993279,0.000825829,-0.000323417,0.001993279,,,
1786043832035457561,1786043832.034774034,/novatel/oem7/odom,/novatel/oem7/fix,/novatel/oem7/odom,39.663,-75.756,-1.799564135,0.000886900,0.001993279,0.000825829,-0.000323417,0.001993279,,,
1786043832047560231,1786043832.046746599,/novatel/oem7/inspva,/novatel/oem7/inspva,/novatel/oem7/inspva,39.663,-75.756,-1.799585907,0.001247496,0.001755861,-0.000376082,0.001189457,0.001755861,,novatel_oem7_msgs.msg.InertialSolutionStatus(status=3),
1786043832049239738,1786043832.046980661,/novatel/oem7/fix,/novatel/oem7/fix,/novatel/oem7/inspva,39.663,-75.756,-1.799585907,0.001247496,0.001755861,-0.000376082,0.001189457,0.001755861,,0,
1786043832050475026,1786043832.047527592,/novatel/oem7/odom,/novatel/oem7/fix,/novatel/oem7/odom,39.663,-75.756,-1.799585907,0.001242340,0.001759512,0.001162037,-0.000439408,0.001759512,,,
1786043832057162854,1786043832.056206985,/novatel/oem7/odom,/novatel/oem7/fix,/novatel/oem7/odom,39.663,-75.756,-1.799585907,0.001242340,0.001759512,0.001162037,-0.000439408,0.001759512,,,
1786043832065852362,1786043832.065097718,/novatel/oem7/inspva,/novatel/oem7/inspva,/novatel/oem7/inspva,39.663,-75.756,-1.799605811,0.001399627,0.001803447,-0.000410899,0.001337953,0.001803447,,novatel_oem7_msgs.msg.InertialSolutionStatus(status=3),
1786043832067633537,1786043832.065349587,/novatel/oem7/fix,/novatel/oem7/fix,/novatel/oem7/inspva,39.663,-75.756,-1.799605811,0.001399627,0.001803447,-0.000410899,0.001337953,0.001803447,,0,
1786043832068998241,1786043832.065977357,/novatel/oem7/odom,/novatel/oem7/fix,/novatel/oem7/odom,39.663,-75.756,-1.799605811,0.001394275,0.001807588,0.001308419,-0.000481709,0.001807588,,,
1786043832076520334,1786043832.075622855,/novatel/oem7/odom,/novatel/oem7/fix,/novatel/oem7/odom,39.663,-75.756,-1.799605811,0.001394275,0.001807588,0.001308419,-0.000481709,0.001807588,,,
1786043832086671100,1786043832.085458711,/novatel/oem7/inspva,/novatel/oem7/inspva,/novatel/oem7/inspva,39.663,-75.756,-1.799616068,0.001380360,0.001896939,-0.000926258,0.001023445,0.001896939,,novatel_oem7_msgs.msg.InertialSolutionStatus(status=3),
1786043832088588083,1786043832.085817928,/novatel/oem7/fix,/novatel/oem7/fix,/novatel/oem7/inspva,39.663,-75.756,-1.799616068,0.001380360,0.001896939,-0.000926258,0.001023445,0.001896939,,0,
1786043832089760248,1786043832.086560046,/novatel/oem7/odom,/novatel/oem7/fix,/novatel/oem7/odom,39.663,-75.756,-1.799616068,0.001378361,0.001898392,0.000968275,-0.000980980,0.001898392,,,
1786043832095847170,1786043832.095138236,/novatel/oem7/odom,/novatel/oem7/fix,/novatel/oem7/odom,39.663,-75.756,-1.799616068,0.001378361,0.001898392,0.000968275,-0.000980980,0.001898392,,,
1786043832106798651,1786043832.106091174,/novatel/oem7/inspva,/novatel/oem7/inspva,/novatel/oem7/inspva,39.663,-75.756,-1.799635260,0.001345362,0.002015207,-0.000683129,0.001159023,0.002015207,,novatel_oem7_msgs.msg.InertialSolutionStatus(status=3),
1786043832108332040,1786043832.106416653,/novatel/oem7/fix,/novatel/oem7/fix,/novatel/oem7/inspva,39.663,-75.756,-1.799635260,0.001345362,0.002015207,-0.000683129,0.001159023,0.002015207,,0,
1786043832109515952,1786043832.106873015,/novatel/oem7/odom,/novatel/oem7/fix,/novatel/oem7/odom,39.663,-75.756,-1.799635260,0.001341371,0.002017866,0.001115310,-0.000745225,0.002017866,,,
1786043832111082854,1786043832.109515688,/novatel/oem7/bestpos,/novatel/oem7/bestpos,/novatel/oem7/odom,39.663,-75.756,33.182646761,0.001341371,0.002017866,0.001115310,-0.000745225,0.002017866,,novatel_oem7_msgs.msg.SolutionStatus(status=0),novatel_oem7_msgs.msg.PositionOrVelocityType(type=53)
1786043832112066504,1786043832.110136105,/novatel/oem7/bestvel,/novatel/oem7/bestpos,/novatel/oem7/bestvel,39.663,-75.756,33.182646761,0.001136871,0.002075056,,,,122.425137289,novatel_oem7_msgs.msg.SolutionStatus(status=0),novatel_oem7_msgs.msg.PositionOrVelocityType(type=53)
1786043832115167792,1786043832.114587430,/novatel/oem7/odom,/novatel/oem7/bestpos,/novatel/oem7/odom,39.663,-75.756,33.182646761,0.001341371,0.002017866,0.001115310,-0.000745225,0.002017866,,,
1786043832125616869,1786043832.125276451,/novatel/oem7/inspva,/novatel/oem7/inspva,/novatel/oem7/inspva,39.663,-75.756,-1.799647090,0.001187071,0.001754590,-0.000720141,0.000943681,0.001754590,,novatel_oem7_msgs.msg.InertialSolutionStatus(status=3),
1786043832126253307,1786043832.125464680,/novatel/oem7/fix,/novatel/oem7/fix,/novatel/oem7/inspva,39.663,-75.756,-1.799647090,0.001187071,0.001754590,-0.000720141,0.000943681,0.001754590,,0,
1786043832126956235,1786043832.126031869,/novatel/oem7/odom,/novatel/oem7/fix,/novatel/oem7/odom,39.663,-75.756,-1.799647090,0.001184528,0.001756308,0.000899433,-0.000770796,0.001756308,,,
1786043832135954876,1786043832.135558208,/novatel/oem7/odom,/novatel/oem7/fix,/novatel/oem7/odom,39.663,-75.756,-1.799647090,0.001184528,0.001756308,0.000899433,-0.000770796,0.001756308,,,
1786043832145923488,1786043832.145384002,/novatel/oem7/inspva,/novatel/oem7/inspva,/novatel/oem7/inspva,39.663,-75.756,-1.799664724,0.001199861,0.001756610,-0.000585614,0.001047246,0.001756610,,novatel_oem7_msgs.msg.InertialSolutionStatus(status=3),
1786043832146816224,1786043832.145602930,/novatel/oem7/fix,/novatel/oem7/fix,/novatel/oem7/inspva,39.663,-75.756,-1.799664724,0.001199861,0.001756610,-0.000585614,0.001047246,0.001756610,,0,
1786043832147432639,1786043832.146086212,/novatel/oem7/odom,/novatel/oem7/fix,/novatel/oem7/odom,39.663,-75.756,-1.799664724,0.001196188,0.001759114,0.001009550,-0.000641618,0.001759114,,,
1786043832156413116,1786043832.155799537,/novatel/oem7/odom,/novatel/oem7/fix,/novatel/oem7/odom,39.663,-75.756,-1.799664724,0.001196188,0.001759114,0.001009550,-0.000641618,0.001759114,,,
1786043832167136617,1786043832.166661921,/novatel/oem7/inspva,/novatel/oem7/inspva,/novatel/oem7/inspva,39.663,-75.756,-1.799672136,0.001409107,0.001911701,-0.000883877,0.001097426,0.001911701,,novatel_oem7_msgs.msg.InertialSolutionStatus(status=3),
1786043832168004916,1786043832.166942063,/novatel/oem7/fix,/novatel/oem7/fix,/novatel/oem7/inspva,39.663,-75.756,-1.799672136,0.001409107,0.001911701,-0.000883877,0.001097426,0.001911701,,0,
1786043832168686988,1786043832.167450752,/novatel/oem7/odom,/novatel/oem7/fix,/novatel/oem7/odom,39.663,-75.756,-1.799672136,0.001406563,0.001913574,0.001044178,-0.000942397,0.001913574,,,
1786043832175111148,1786043832.174748299,/novatel/oem7/odom,/novatel/oem7/fix,/novatel/oem7/odom,39.663,-75.756,-1.799672136,0.001406563,0.001913574,0.001044178,-0.000942397,0.001913574,,,
1786043832186011782,1786043832.185389307,/novatel/oem7/inspva,/novatel/oem7/inspva,/novatel/oem7/inspva,39.663,-75.756,-1.799691831,0.001479310,0.001810585,-0.000814750,0.001234723,0.001810585,,novatel_oem7_msgs.msg.InertialSolutionStatus(status=3),
1786043832186945280,1786043832.185622013,/novatel/oem7/fix,/novatel/oem7/fix,/novatel/oem7/inspva,39.663,-75.756,-1.799691831,0.001479310,0.001810585,-0.000814750,0.001234723,0.001810585,,0,
1786043832187552183,1786043832.186150768,/novatel/oem7/odom,/novatel/oem7/fix,/novatel/oem7/odom,39.663,-75.756,-1.799691831,0.001476118,0.001813189,0.001185154,-0.000879963,0.001813189,,,
1786043832195918510,1786043832.195466152,/novatel/oem7/odom,/novatel/oem7/fix,/novatel/oem7/odom,39.663,-75.756,-1.799691831,0.001476118,0.001813189,0.001185154,-0.000879963,0.001813189,,,
1786043832207717792,1786043832.207134591,/novatel/oem7/inspva,/novatel/oem7/inspva,/novatel/oem7/inspva,39.663,-75.756,-1.799700841,0.001889050,0.001607488,-0.001267766,0.001400457,0.001607488,,novatel_oem7_msgs.msg.InertialSolutionStatus(status=3),
1786043832208651824,1786043832.207394950,/novatel/oem7/fix,/novatel/oem7/fix,/novatel/oem7/inspva,39.663,-75.756,-1.799700841,0.001889050,0.001607488,-0.001267766,0.001400457,0.001607488,,0,
1786043832209231077,1786043832.207961206,/novatel/oem7/odom,/novatel/oem7/fix,/novatel/oem7/odom,39.663,-75.756,-1.799700841,0.001887355,0.001609478,0.001328941,-0.001340157,0.001609478,,,
1786043832210703240,1786043832.210277492,/novatel/oem7/bestpos,/novatel/oem7/bestpos,/novatel/oem7/odom,39.663,-75.756,33.182566818,0.001887355,0.001609478,0.001328941,-0.001340157,0.001609478,,novatel_oem7_msgs.msg.SolutionStatus(status=0),novatel_oem7_msgs.msg.PositionOrVelocityType(type=53)
1786043832211479413,1786043832.210729714,/novatel/oem7/bestvel,/novatel/oem7/bestpos,/novatel/oem7/bestvel,39.663,-75.756,33.182566818,0.001488375,0.001457393,,,,124.865302896,novatel_oem7_msgs.msg.SolutionStatus(status=0),novatel_oem7_msgs.msg.PositionOrVelocityType(type=53)
1786043832215225791,1786043832.214849432,/novatel/oem7/odom,/novatel/oem7/bestpos,/novatel/oem7/odom,39.663,-75.756,33.182566818,0.001887355,0.001609478,0.001328941,-0.001340157,0.001609478,,,
1786043832226433593,1786043832.225979718,/novatel/oem7/inspva,/novatel/oem7/inspva,/novatel/oem7/inspva,39.663,-75.756,-1.799716599,0.001836551,0.001728054,-0.001052553,0.001505008,0.001728054,,novatel_oem7_msgs.msg.InertialSolutionStatus(status=3),
1786043832227069976,1786043832.226150586,/novatel/oem7/fix,/novatel/oem7/fix,/novatel/oem7/inspva,39.663,-75.756,-1.799716599,0.001836551,0.001728054,-0.001052553,0.001505008,0.001728054,,0,
1786043832227613814,1786043832.226615231,/novatel/oem7/odom,/novatel/oem7/fix,/novatel/oem7/odom,39.663,-75.756,-1.799716599,0.001833715,0.001731062,0.001443577,-0.001130750,0.001731062,,,
1786043832234735145,1786043832.234315573,/novatel/oem7/odom,/novatel/oem7/fix,/novatel/oem7/odom,39.663,-75.756,-1.799716599,0.001833715,0.001731062,0.001443577,-0.001130750,0.001731062,,,
1786043832245738780,1786043832.245070125,/novatel/oem7/inspva,/novatel/oem7/inspva,/novatel/oem7/inspva,39.663,-75.756,-1.799722089,0.001851557,0.001806492,-0.001298300,0.001320107,0.001806492,,novatel_oem7_msgs.msg.InertialSolutionStatus(status=3),
1786043832246743497,1786043832.245321017,/novatel/oem7/fix,/novatel/oem7/fix,/novatel/oem7/inspva,39.663,-75.756,-1.799722089,0.001851557,0.001806492,-0.001298300,0.001320107,0.001806492,,0,
1786043832247371000,1786043832.245905183,/novatel/oem7/odom,/novatel/oem7/fix,/novatel/oem7/odom,39.663,-75.756,-1.799722089,0.001850006,0.001808080,0.001246322,-0.001367189,0.001808080,,,
1786043832256941266,1786043832.256411623,/novatel/oem7/odom,/novatel/oem7/fix,/novatel/oem7/odom,39.663,-75.756,-1.799722089,0.001850006,0.001808080,0.001246322,-0.001367189,0.001808080,,,
1786043832265438123,1786043832.265009834,/novatel/oem7/inspva,/novatel/oem7/inspva,/novatel/oem7/inspva,39.663,-75.756,-1.799736170,0.001713230,0.001776599,-0.000882408,0.001468507,0.001776599,,novatel_oem7_msgs.msg.InertialSolutionStatus(status=3),
1786043832266393778,1786043832.265264020,/novatel/oem7/fix,/novatel/oem7/fix,/novatel/oem7/inspva,39.663,-75.756,-1.799736170,0.001713230,0.001776599,-0.000882408,0.001468507,0.001776599,,0,
1786043832267209019,1786043832.265721367,/novatel/oem7/odom,/novatel/oem7/fix,/novatel/oem7/odom,39.663,-75.756,-1.799736170,0.001709772,0.001779927,0.001415413,-0.000959128,0.001779927,,,
1786043832274883673,1786043832.274391912,/novatel/oem7/odom,/novatel/oem7/fix,/novatel/oem7/odom,39.663,-75.756,-1.799736170,0.001709772,0.001779927,0.001415413,-0.000959128,0.001779927,,,
1786043832287280063,1786043832.286592269,/novatel/oem7/inspva,/novatel/oem7/inspva,/novatel/oem7/inspva,39.663,-75.756,-1.799739860,0.001757620,0.001742206,-0.000906540,0.001505793,0.001742206,,novatel_oem7_msgs.msg.InertialSolutionStatus(status=3),
1786043832288214158,1786043832.286841378,/novatel/oem7/fix,/novatel/oem7/fix,/novatel/oem7/inspva,39.663,-75.756,-1.799739860,0.001757620,0.001742206,-0.000906540,0.001505793,0.001742206,,0,
1786043832288789498,1786043832.287412784,/novatel/oem7/odom,/novatel/oem7/fix,/novatel/oem7/odom,39.663,-75.756,-1.799739860,0.001754231,0.001745618,0.001451582,-0.000985005,0.001745618,,,
1786043832295037408,1786043832.294624217,/novatel/oem7/odom,/novatel/oem7/fix,/novatel/oem7/odom,39.663,-75.756,-1.799739860,0.001754231,0.001745618,0.001451582,-0.000985005,0.001745618,,,
1786043832306448990,1786043832.305744970,/novatel/oem7/inspva,/novatel/oem7/inspva,/novatel/oem7/inspva,39.663,-75.756,-1.799751677,0.001850585,0.001757399,-0.000857625,0.001639861,0.001757399,,novatel_oem7_msgs.msg.InertialSolutionStatus(status=3),
1786043832308578512,1786043832.305936548,/novatel/oem7/fix,/novatel/oem7/fix,/novatel/oem7/inspva,39.663,-75.756,-1.799751677,0.001850585,0.001757399,-0.000857625,0.001639861,0.001757399,,0,
1786043832309256105,1786043832.306506051,/novatel/oem7/odom,/novatel/oem7/fix,/novatel/oem7/odom,39.663,-75.756,-1.799751677,0.001846697,0.001761484,0.001587855,-0.000942870,0.001761484,,,
1786043832310198608,1786043832.309363793,/novatel/oem7/bestpos,/novatel/oem7/bestpos,/novatel/oem7/odom,39.663,-75.756,33.182514314,0.001846697,0.001761484,0.001587855,-0.000942870,0.001761484,,novatel_oem7_msgs.msg.SolutionStatus(status=0),novatel_oem7_msgs.msg.PositionOrVelocityType(type=53)
1786043832310941295,1786043832.309970422,/novatel/oem7/bestvel,/novatel/oem7/bestpos,/novatel/oem7/bestvel,39.663,-75.756,33.182514314,0.001883738,0.001925180,,,,124.544721416,novatel_oem7_msgs.msg.SolutionStatus(status=0),novatel_oem7_msgs.msg.PositionOrVelocityType(type=53)
1786043832315864404,1786043832.315468321,/novatel/oem7/odom,/novatel/oem7/bestpos,/novatel/oem7/odom,39.663,-75.756,33.182514314,0.001846697,0.001761484,0.001587855,-0.000942870,0.001761484,,,
1786043832325847165,1786043832.325367345,/novatel/oem7/inspva,/novatel/oem7/inspva,/novatel/oem7/inspva,39.663,-75.756,-1.799755424,0.001893083,0.001770927,-0.000928063,0.001649988,0.001770927,,novatel_oem7_msgs.msg.InertialSolutionStatus(status=3),
1786043832326571159,1786043832.325571541,/novatel/oem7/fix,/novatel/oem7/fix,/novatel/oem7/inspva,39.663,-75.756,-1.799755424,0.001893083,0.001770927,-0.000928063,0.001649988,0.001770927,,0,
1786043832327180022,1786043832.326104276,/novatel/oem7/odom,/novatel/oem7/fix,/novatel/oem7/odom,39.663,-75.756,-1.799755424,0.001889401,0.001774855,0.001594391,-0.001013782,0.001774855,,,
1786043832335120362,1786043832.334688380,/novatel/oem7/odom,/novatel/oem7/fix,/novatel/oem7/odom,39.663,-75.756,-1.799755424,0.001889401,0.001774855,0.001594391,-0.001013782,0.001774855,,,
1786043832347178382,1786043832.346269107,/novatel/oem7/inspva,/novatel/oem7/inspva,/novatel/oem7/inspva,39.663,-75.756,-1.799771181,0.001889499,0.001414445,-0.000899200,0.001661820,0.001414445,,novatel_oem7_msgs.msg.InertialSolutionStatus(status=3),
1786043832349461210,1786043832.346533723,/novatel/oem7/fix,/novatel/oem7/fix,/novatel/oem7/inspva,39.663,-75.756,-1.799771181,0.001889499,0.001414445,-0.000899200,0.001661820,0.001414445,,0,
1786043832350663735,1786043832.346929506,/novatel/oem7/odom,/novatel/oem7/fix,/novatel/oem7/odom,39.663,-75.756,-1.799771181,0.001886450,0.001418510,0.001609107,-0.000984616,0.001418510,,,
1786043832356853721,1786043832.355949261,/novatel/oem7/odom,/novatel/oem7/fix,/novatel/oem7/odom,39.663,-75.756,-1.799771181,0.001886450,0.001418510,0.001609107,-0.000984616,0.001418510,,,
1786043832366051171,1786043832.365367874,/novatel/oem7/inspva,/novatel/oem7/inspva,/novatel/oem7/inspva,39.663,-75.756,-1.799773649,0.001652969,0.001751459,-0.000694746,0.001499878,0.001751459,,novatel_oem7_msgs.msg.InertialSolutionStatus(status=3),
1786043832367909976,1786043832.365668894,/novatel/oem7/fix,/novatel/oem7/fix,/novatel/oem7/inspva,39.663,-75.756,-1.799773649,0.001652969,0.001751459,-0.000694746,0.001499878,0.001751459,,0,
1786043832369381654,1786043832.366278966,/novatel/oem7/odom,/novatel/oem7/fix,/novatel/oem7/odom,39.663,-75.756,-1.799773649,0.001648721,0.001755459,0.001456166,-0.000773215,0.001755459,,,
1786043832376475733,1786043832.375648978,/novatel/oem7/odom,/novatel/oem7/fix,/novatel/oem7/odom,39.663,-75.756,-1.799773649,0.001648721,0.001755459,0.001456166,-0.000773215,0.001755459,,,
1786043832385865218,1786043832.385140721,/novatel/oem7/inspva,/novatel/oem7/inspva,/novatel/oem7/inspva,39.663,-75.756,-1.799790646,0.001634319,0.001571160,-0.000667276,0.001491892,0.001571160,,novatel_oem7_msgs.msg.InertialSolutionStatus(status=3),
1786043832387377304,1786043832.385374270,/novatel/oem7/fix,/novatel/oem7/fix,/novatel/oem7/inspva,39.663,-75.756,-1.799790646,0.001634319,0.001571160,-0.000667276,0.001491892,0.001571160,,0,
1786043832388524028,1786043832.385927692,/novatel/oem7/odom,/novatel/oem7/fix,/novatel/oem7/odom,39.663,-75.756,-1.799790646,0.001630415,0.001575210,0.001450293,-0.000744918,0.001575210,,,
1786043832395049751,1786043832.394347570,/novatel/oem7/odom,/novatel/oem7/fix,/novatel/oem7/odom,39.663,-75.756,-1.799790646,0.001630415,0.001575210,0.001450293,-0.000744918,0.001575210,,,
1786043832406443103,1786043832.405786066,/novatel/oem7/inspva,/novatel/oem7/inspva,/novatel/oem7/inspva,39.663,-75.756,-1.799795852,0.001681115,0.001566784,-0.000360224,0.001642068,0.001566784,,novatel_oem7_msgs.msg.InertialSolutionStatus(status=3),
1786043832408001169,1786043832.405957145,/novatel/oem7/fix,/novatel/oem7/fix,/novatel/oem7/inspva,39.663,-75.756,-1.799795852,0.001681115,0.001566784,-0.000360224,0.001642068,0.001566784,,0,
1786043832409205728,1786043832.406726486,/novatel/oem7/odom,/novatel/oem7/fix,/novatel/oem7/odom,39.663,-75.756,-1.799795852,0.001675970,0.001572286,0.001615604,-0.000445757,0.001572286,,,
1786043832411176298,1786043832.410239458,/novatel/oem7/bestpos,/novatel/oem7/bestpos,/novatel/oem7/odom,39.663,-75.756,33.182456749,0.001675970,0.001572286,0.001615604,-0.000445757,0.001572286,,novatel_oem7_msgs.msg.SolutionStatus(status=0),novatel_oem7_msgs.msg.PositionOrVelocityType(type=53)
1786043832413158511,1786043832.410591505,/novatel/oem7/bestvel,/novatel/oem7/bestpos,/novatel/oem7/bestvel,39.663,-75.756,33.182456749,0.001720238,0.001282749,,,,87.994807500,novatel_oem7_msgs.msg.SolutionStatus(status=0),novatel_oem7_msgs.msg.PositionOrVelocityType(type=53)
1786043832415875786,1786043832.415173232,/novatel/oem7/odom,/novatel/oem7/bestpos,/novatel/oem7/odom,39.663,-75.756,33.182456749,0.001675970,0.001572286,0.001615604,-0.000445757,0.001572286,,,
1786043832425459629,1786043832.424877970,/novatel/oem7/inspva,/novatel/oem7/inspva,/novatel/oem7/inspva,39.663,-75.756,-1.799811416,0.001747353,0.001457021,-0.000653354,0.001620608,0.001457021,,novatel_oem7_msgs.msg.InertialSolutionStatus(status=3),
1786043832426806039,1786043832.425097059,/novatel/oem7/fix,/novatel/oem7/fix,/novatel/oem7/inspva,39.663,-75.756,-1.799811416,0.001747353,0.001457021,-0.000653354,0.001620608,0.001457021,,0,
1786043832427891597,1786043832.425525570,/novatel/oem7/odom,/novatel/oem7/fix,/novatel/oem7/odom,39.663,-75.756,-1.799811416,0.001743518,0.001461608,0.001580014,-0.000737164,0.001461608,,,
1786043832436112477,1786043832.435452667,/novatel/oem7/odom,/novatel/oem7/fix,/novatel/oem7/odom,39.663,-75.756,-1.799811416,0.001743518,0.001461608,0.001580014,-0.000737164,0.001461608,,,
1786043832446201453,1786043832.445274663,/novatel/oem7/inspva,/novatel/oem7/inspva,/novatel/oem7/inspva,39.663,-75.756,-1.799814520,0.001952478,0.001724053,-0.000717372,0.001815916,0.001724053,,novatel_oem7_msgs.msg.InertialSolutionStatus(status=3),
1786043832448487556,1786043832.445571326,/novatel/oem7/fix,/novatel/oem7/fix,/novatel/oem7/inspva,39.663,-75.756,-1.799814520,0.001952478,0.001724053,-0.000717372,0.001815916,0.001724053,,0,
1786043832449750059,1786043832.446291990,/novatel/oem7/odom,/novatel/oem7/fix,/novatel/oem7/odom,39.663,-75.756,-1.799814520,0.001947887,0.001729239,0.001770775,-0.000811555,0.001729239,,,
1786043832457330316,1786043832.456398703,/novatel/oem7/odom,/novatel/oem7/fix,/novatel/oem7/odom,39.663,-75.756,-1.799814520,0.001947887,0.001729239,0.001770775,-0.000811555,0.001729239,,,
1786043832466785238,1786043832.466053281,/novatel/oem7/inspva,/novatel/oem7/inspva,/novatel/oem7/inspva,39.663,-75.756,-1.799830356,0.001847815,0.001699928,-0.000789463,0.001670678,0.001699928,,novatel_oem7_msgs.msg.InertialSolutionStatus(status=3),
1786043832468563759,1786043832.466329924,/novatel/oem7/fix,/novatel/oem7/fix,/novatel/oem7/inspva,39.663,-75.756,-1.799830356,0.001847815,0.001699928,-0.000789463,0.001670678,0.001699928,,0,
1786043832470046627,1786043832.467059707,/novatel/oem7/odom,/novatel/oem7/fix,/novatel/oem7/odom,39.663,-75.756,-1.799830356,0.001843735,0.001704352,0.001622207,-0.000876244,0.001704352,,,
1786043832475523657,1786043832.474695240,/novatel/oem7/odom,/novatel/oem7/fix,/novatel/oem7/odom,39.663,-75.756,-1.799830356,0.001843735,0.001704352,0.001622207,-0.000876244,0.001704352,,,
1786043832485904098,1786043832.485125264,/novatel/oem7/inspva,/novatel/oem7/inspva,/novatel/oem7/inspva,39.663,-75.756,-1.799840205,0.001528759,0.001071272,-0.000500787,0.001444408,0.001071272,,novatel_oem7_msgs.msg.InertialSolutionStatus(status=3),
1786043832487526561,1786043832.485365903,/novatel/oem7/fix,/novatel/oem7/fix,/novatel/oem7/inspva,39.663,-75.756,-1.799840205,0.001528759,0.001071272,-0.000500787,0.001444408,0.001071272,,0,
1786043832488645496,1786043832.485924062,/novatel/oem7/odom,/novatel/oem7/fix,/novatel/oem7/odom,39.663,-75.756,-1.799840205,0.001525727,0.001075584,0.001413238,-0.000574982,0.001075584,,,
1786043832496156006,1786043832.495489985,/novatel/oem7/odom,/novatel/oem7/fix,/novatel/oem7/odom,39.663,-75.756,-1.799840205,0.001525727,0.001075584,0.001413238,-0.000574982,0.001075584,,,
1786043832506644942,1786043832.505924225,/novatel/oem7/inspva,/novatel/oem7/inspva,/novatel/oem7/inspva,39.663,-75.756,-1.799851782,0.001383682,0.001366833,-0.000616943,0.001238530,0.001366833,,novatel_oem7_msgs.msg.InertialSolutionStatus(status=3),
1786043832508554441,1786043832.506163370,/novatel/oem7/fix,/novatel/oem7/fix,/novatel/oem7/inspva,39.663,-75.756,-1.799851782,0.001383682,0.001366833,-0.000616943,0.001238530,0.001366833,,0,
1786043832510049497,1786043832.506595248,/novatel/oem7/odom,/novatel/oem7/fix,/novatel/oem7/odom,39.663,-75.756,-1.799851782,0.001380540,0.001370006,0.001200607,-0.000681492,0.001370006,,,
1786043832512126364,1786043832.511211701,/novatel/oem7/bestpos,/novatel/oem7/bestpos,/novatel/oem7/odom,39.663,-75.756,33.182409280,0.001380540,0.001370006,0.001200607,-0.000681492,0.001370006,,novatel_oem7_msgs.msg.SolutionStatus(status=0),novatel_oem7_msgs.msg.PositionOrVelocityType(type=53)
1786043832513611093,1786043832.511681319,/novatel/oem7/bestvel,/novatel/oem7/bestpos,/novatel/oem7/bestvel,39.663,-75.756,33.182409280,0.001570629,0.001494284,,,,124.391812914,novatel_oem7_msgs.msg.SolutionStatus(status=0),novatel_oem7_msgs.msg.PositionOrVelocityType(type=53)
1786043832515176145,1786043832.514466271,/novatel/oem7/odom,/novatel/oem7/bestpos,/novatel/oem7/odom,39.663,-75.756,33.182409280,0.001380540,0.001370006,0.001200607,-0.000681492,0.001370006,,,
1786043832527012228,1786043832.526485179,/novatel/oem7/inspva,/novatel/oem7/inspva,/novatel/oem7/inspva,39.663,-75.756,-1.799858649,0.001585630,0.001447699,-0.000380327,0.001539342,0.001447699,,novatel_oem7_msgs.msg.InertialSolutionStatus(status=3),
1786043832528360662,1786043832.526691441,/novatel/oem7/fix,/novatel/oem7/fix,/novatel/oem7/inspva,39.663,-75.756,-1.799858649,0.001585630,0.001447699,-0.000380327,0.001539342,0.001447699,,0,
1786043832529416209,1786043832.527113761,/novatel/oem7/odom,/novatel/oem7/fix,/novatel/oem7/odom,39.663,-75.756,-1.799858649,0.001581025,0.001452727,0.001512507,-0.000460395,0.001452727,,,
1786043832535311296,1786043832.534617699,/novatel/oem7/odom,/novatel/oem7/fix,/novatel/oem7/odom,39.663,-75.756,-1.799858649,0.001581025,0.001452727,0.001512507,-0.000460395,0.001452727,,,
1786043832546088955,1786043832.544892119,/novatel/oem7/inspva,/novatel/oem7/inspva,/novatel/oem7/inspva,39.663,-75.756,-1.799873309,0.001413324,0.001450136,-0.000613902,0.001273031,0.001450136,,novatel_oem7_msgs.msg.InertialSolutionStatus(status=3),
1786043832548108498,1786043832.545192219,/novatel/oem7/fix,/novatel/oem7/fix,/novatel/oem7/inspva,39.663,-75.756,-1.799873309,0.001413324,0.001450136,-0.000613902,0.001273031,0.001450136,,0,
1786043832549304047,1786043832.545643677,/novatel/oem7/odom,/novatel/oem7/fix,/novatel/oem7/odom,39.663,-75.756,-1.799873309,0.001409884,0.001453481,0.001234857,-0.000680369,0.001453481,,,
1786043832556657089,1786043832.555695919,/novatel/oem7/odom,/novatel/oem7/fix,/novatel/oem7/odom,39.663,-75.756,-1.799873309,0.001409884,0.001453481,0.001234857,-0.000680369,0.001453481,,,
1786043832566143485,1786043832.565383117,/novatel/oem7/inspva,/novatel/oem7/inspva,/novatel/oem7/inspva,39.663,-75.756,-1.799877372,0.001879476,0.001547227,-0.000703382,0.001742895,0.001547227,,novatel_oem7_msgs.msg.InertialSolutionStatus(status=3),
1786043832567973930,1786043832.565755637,/novatel/oem7/fix,/novatel/oem7/fix,/novatel/oem7/inspva,39.663,-75.756,-1.799877372,0.001879476,0.001547227,-0.000703382,0.001742895,0.001547227,,0,
1786043832569466505,1786043832.566205019,/novatel/oem7/odom,/novatel/oem7/fix,/novatel/oem7/odom,39.663,-75.756,-1.799877372,0.001875402,0.001552162,0.001699301,-0.000793416,0.001552162,,,
1786043832575785116,1786043832.574804646,/novatel/oem7/odom,/novatel/oem7/fix,/novatel/oem7/odom,39.663,-75.756,-1.799877372,0.001875402,0.001552162,0.001699301,-0.000793416,0.001552162,,,
1786043832586870575,1786043832.586210468,/novatel/oem7/inspva,/novatel/oem7/inspva,/novatel/oem7/inspva,39.663,-75.756,-1.799889793,0.001708412,0.001748596,-0.001038893,0.001356235,0.001748596,,novatel_oem7_msgs.msg.InertialSolutionStatus(status=3),
1786043832588318353,1786043832.586486897,/novatel/oem7/fix,/novatel/oem7/fix,/novatel/oem7/inspva,39.663,-75.756,-1.799889793,0.001708412,0.001748596,-0.001038893,0.001356235,0.001748596,,0,
1786043832589396143,1786043832.586975066,/novatel/oem7/odom,/novatel/oem7/fix,/novatel/oem7/odom,39.663,-75.756,-1.799889793,0.001705873,0.001751074,0.001295545,-0.001109760,0.001751074,,,
1786043832595407808,1786043832.594748641,/novatel/oem7/odom,/novatel/oem7/fix,/novatel/oem7/odom,39.663,-75.756,-1.799889793,0.001705873,0.001751074,0.001295545,-0.001109760,0.001751074,,,
1786043832606875271,1786043832.606268328,/novatel/oem7/inspva,/novatel/oem7/inspva,/novatel/oem7/inspva,39.663,-75.756,-1.799899078,0.001861720,0.000998009,-0.000638784,0.001748701,0.000998009,,novatel_oem7_msgs.msg.InertialSolutionStatus(status=3),
1786043832608399563,1786043832.606527230,/novatel/oem7/fix,/novatel/oem7/fix,/novatel/oem7/inspva,39.663,-75.756,-1.799899078,0.001861720,0.000998009,-0.000638784,0.001748701,0.000998009,,0,
1786043832609588328,1786043832.607011175,/novatel/oem7/odom,/novatel/oem7/fix,/novatel/oem7/odom,39.663,-75.756,-1.799899078,0.001858964,0.001003132,0.001710587,-0.000727762,0.001003132,,,
1786043832611295445,1786043832.610158867,/novatel/oem7/bestpos,/novatel/oem7/bestpos,/novatel/oem7/odom,39.663,-75.756,33.182374574,0.001858964,0.001003132,0.001710587,-0.000727762,0.001003132,,novatel_oem7_msgs.msg.SolutionStatus(status=0),novatel_oem7_msgs.msg.PositionOrVelocityType(type=53)
1786043832612832161,1786043832.610704446,/novatel/oem7/bestvel,/novatel/oem7/bestpos,/novatel/oem7/bestvel,39.663,-75.756,33.182374574,0.001616533,0.001393697,,,,125.442724288,novatel_oem7_msgs.msg.SolutionStatus(status=0),novatel_oem7_msgs.msg.PositionOrVelocityType(type=53)
1786043832616325193,1786043832.615650160,/novatel/oem7/odom,/novatel/oem7/bestpos,/novatel/oem7/odom,39.663,-75.756,33.182374574,0.001858964,0.001003132,0.001710587,-0.000727762,0.001003132,,,
1786043832625821836,1786043832.625235460,/novatel/oem7/inspva,/novatel/oem7/inspva,/novatel/oem7/inspva,39.663,-75.756,-1.799909816,0.001680912,0.001300851,-0.000843044,0.001454215,0.001300851,,novatel_oem7_msgs.msg.InertialSolutionStatus(status=3),
1786043832627187673,1786043832.625492416,/novatel/oem7/fix,/novatel/oem7/fix,/novatel/oem7/inspva,39.663,-75.756,-1.799909816,0.001680912,0.001300851,-0.000843044,0.001454215,0.001300851,,0,
1786043832628315978,1786043832.625838566,/novatel/oem7/odom,/novatel/oem7/fix,/novatel/oem7/odom,39.663,-75.756,-1.799909816,0.001678271,0.001304255,0.001405033,-0.000917865,0.001304255,,,
1786043832635371306,1786043832.634550521,/novatel/oem7/odom,/novatel/oem7/fix,/novatel/oem7/odom,39.663,-75.756,-1.799909816,0.001678271,0.001304255,0.001405033,-0.000917865,0.001304255,,,
1786043832647969654,1786043832.646731217,/novatel/oem7/inspva,/novatel/oem7/inspva,/novatel/oem7/inspva,39.663,-75.756,-1.799912976,0.001792840,0.001491767,-0.000570741,0.001699567,0.001491767,,novatel_oem7_msgs.msg.InertialSolutionStatus(status=3),
1786043832650252650,1786043832.647121181,/novatel/oem7/fix,/novatel/oem7/fix,/novatel/oem7/inspva,39.663,-75.756,-1.799912976,0.001792840,0.001491767,-0.000570741,0.001699567,0.001491767,,0,
1786043832651882290,1786043832.647955704,/novatel/oem7/odom,/novatel/oem7/fix,/novatel/oem7/odom,39.663,-75.756,-1.799912976,0.001788568,0.001496886,0.001662878,-0.000658645,0.001496886,,,
1786043832657946735,1786043832.657019392,/novatel/oem7/odom,/novatel/oem7/fix,/novatel/oem7/odom,39.663,-75.756,-1.799912976,0.001788568,0.001496886,0.001662878,-0.000658645,0.001496886,,,
1786043832665470017,1786043832.664894881,/novatel/oem7/inspva,/novatel/oem7/inspva,/novatel/oem7/inspva,39.663,-75.756,-1.799925730,0.001812544,0.001674668,-0.000776907,0.001637600,0.001674668,,novatel_oem7_msgs.msg.InertialSolutionStatus(status=3),
1786043832666889579,1786043832.665135854,/novatel/oem7/fix,/novatel/oem7/fix,/novatel/oem7/inspva,39.663,-75.756,-1.799925730,0.001812544,0.001674668,-0.000776907,0.001637600,0.001674668,,0,
1786043832668080248,1786043832.665500885,/novatel/oem7/odom,/novatel/oem7/fix,/novatel/oem7/odom,39.663,-75.756,-1.799925730,0.001808558,0.001678973,0.001589944,-0.000861949,0.001678973,,,
1786043832676776216,1786043832.675640137,/novatel/oem7/odom,/novatel/oem7/fix,/novatel/oem7/odom,39.663,-75.756,-1.799925730,0.001808558,0.001678973,0.001589944,-0.000861949,0.001678973,,,
1786043832685916041,1786043832.685247788,/novatel/oem7/inspva,/novatel/oem7/inspva,/novatel/oem7/inspva,39.663,-75.756,-1.799930503,0.001997648,0.001354360,-0.000771570,0.001842628,0.001354360,,novatel_oem7_msgs.msg.InertialSolutionStatus(status=3),
1786043832687379079,1786043832.685492614,/novatel/oem7/fix,/novatel/oem7/fix,/novatel/oem7/inspva,39.663,-75.756,-1.799930503,0.001997648,0.001354360,-0.000771570,0.001842628,0.001354360,,0,
1786043832688525915,1786043832.685941175,/novatel/oem7/odom,/novatel/oem7/fix,/novatel/oem7/odom,39.663,-75.756,-1.799930503,0.001994152,0.001359503,0.001796306,-0.000865982,0.001359503,,,
1786043832695583409,1786043832.694858452,/novatel/oem7/odom,/novatel/oem7/fix,/novatel/oem7/odom,39.663,-75.756,-1.799930503,0.001994152,0.001359503,0.001796306,-0.000865982,0.001359503,,,
1786043832706539393,1786043832.705772266,/novatel/oem7/inspva,/novatel/oem7/inspva,/novatel/oem7/inspva,39.663,-75.756,-1.799941911,0.001951168,0.001251161,-0.000876170,0.001743383,0.001251161,,novatel_oem7_msgs.msg.InertialSolutionStatus(status=3),
1786043832708195897,1786043832.706032438,/novatel/oem7/fix,/novatel/oem7/fix,/novatel/oem7/inspva,39.663,-75.756,-1.799941911,0.001951168,0.001251161,-0.000876170,0.001743383,0.001251161,,0,
1786043832709375439,1786043832.706449166,/novatel/oem7/odom,/novatel/oem7/fix,/novatel/oem7/odom,39.663,-75.756,-1.799941911,0.001948296,0.001255629,0.001692379,-0.000965251,0.001255629,,,
1786043832711016099,1786043832.708882067,/novatel/oem7/bestpos,/novatel/oem7/bestpos,/novatel/oem7/odom,39.663,-75.756,33.182320979,0.001948296,0.001255629,0.001692379,-0.000965251,0.001255629,,novatel_oem7_msgs.msg.SolutionStatus(status=0),novatel_oem7_msgs.msg.PositionOrVelocityType(type=53)
1786043832712007043,1786043832.709247325,/novatel/oem7/bestvel,/novatel/oem7/bestpos,/novatel/oem7/bestvel,39.663,-75.756,33.182320979,0.002381502,0.000855019,,,,106.426370399,novatel_oem7_msgs.msg.SolutionStatus(status=0),novatel_oem7_msgs.msg.PositionOrVelocityType(type=53)
1786043832715194971,1786043832.714470714,/novatel/oem7/odom,/novatel/oem7/bestpos,/novatel/oem7/odom,39.663,-75.756,33.182320979,0.001948296,0.001255629,0.001692379,-0.000965251,0.001255629,,,
1786043832725830576,1786043832.725251477,/novatel/oem7/inspva,/novatel/oem7/inspva,/novatel/oem7/inspva,39.663,-75.756,-1.799943517,0.001800436,0.001374823,-0.000684953,0.001665055,0.001374823,,novatel_oem7_msgs.msg.InertialSolutionStatus(status=3),
1786043832727176816,1786043832.725451909,/novatel/oem7/fix,/novatel/oem7/fix,/novatel/oem7/inspva,39.663,-75.756,-1.799943517,0.001800436,0.001374823,-0.000684953,0.001665055,0.001374823,,0,
1786043832728299101,1786043832.725981887,/novatel/oem7/odom,/novatel/oem7/fix,/novatel/oem7/odom,39.663,-75.756,-1.799943517,0.001796853,0.001379503,0.001623184,-0.000770683,0.001379503,,,
1786043832736177664,1786043832.735338035,/novatel/oem7/odom,/novatel/oem7/fix,/novatel/oem7/odom,39.663,-75.756,-1.799943517,0.001796853,0.001379503,0.001623184,-0.000770683,0.001379503,,,
1786043832747037054,1786043832.745924033,/novatel/oem7/inspva,/novatel/oem7/inspva,/novatel/oem7/inspva,39.663,-75.756,-1.799955592,0.001582986,0.001368508,-0.000589745,0.001469029,0.001368508,,novatel_oem7_msgs.msg.InertialSolutionStatus(status=3),
1786043832749224140,1786043832.746280790,/novatel/oem7/fix,/novatel/oem7/fix,/novatel/oem7/inspva,39.663,-75.756,-1.799955592,0.001582986,0.001368508,-0.000589745,0.001469029,0.001368508,,0,
1786043832750713918,1786043832.747038534,/novatel/oem7/odom,/novatel/oem7/fix,/novatel/oem7/odom,39.663,-75.756,-1.799955592,0.001579362,0.001372689,0.001432161,-0.000665809,0.001372689,,,
1786043832756673901,1786043832.755731966,/novatel/oem7/odom,/novatel/oem7/fix,/novatel/oem7/odom,39.663,-75.756,-1.799955592,0.001579362,0.001372689,0.001432161,-0.000665809,0.001372689,,,
1786043832766820641,1786043832.766203182,/novatel/oem7/inspva,/novatel/oem7/inspva,/novatel/oem7/inspva,39.663,-75.756,-1.799954073,0.001791445,0.001567846,-0.000683507,0.001655927,0.001567846,,novatel_oem7_msgs.msg.InertialSolutionStatus(status=3),
1786043832768237639,1786043832.766448851,/novatel/oem7/fix,/novatel/oem7/fix,/novatel/oem7/inspva,39.663,-75.756,-1.799954073,0.001791445,0.001567846,-0.000683507,0.001655927,0.001567846,,0,
1786043832769588766,1786043832.766969516,/novatel/oem7/odom,/novatel/oem7/fix,/novatel/oem7/odom,39.663,-75.756,-1.799954073,0.001787347,0.001572516,0.001613309,-0.000769314,0.001572516,,,
1786043832775991134,1786043832.775219606,/novatel/oem7/odom,/novatel/oem7/fix,/novatel/oem7/odom,39.663,-75.756,-1.799954073,0.001787347,0.001572516,0.001613309,-0.000769314,0.001572516,,,
1786043832785794997,1786043832.785184684,/novatel/oem7/inspva,/novatel/oem7/inspva,/novatel/oem7/inspva,39.663,-75.756,-1.799960254,0.001846115,0.001733494,-0.000436646,0.001793734,0.001733494,,novatel_oem7_msgs.msg.InertialSolutionStatus(status=3),
1786043832787187254,1786043832.785412943,/novatel/oem7/fix,/novatel/oem7/fix,/novatel/oem7/inspva,39.663,-75.756,-1.799960254,0.001846115,0.001733494,-0.000436646,0.001793734,0.001733494,,0,
1786043832788263681,1786043832.785782170,/novatel/oem7/odom,/novatel/oem7/fix,/novatel/oem7/odom,39.663,-75.756,-1.799960254,0.001840562,0.001739388,0.001762578,-0.000530082,0.001739388,,,
1786043832796111701,1786043832.795445204,/novatel/oem7/odom,/novatel/oem7/fix,/novatel/oem7/odom,39.663,-75.756,-1.799960254,0.001840562,0.001739388,0.001762578,-0.000530082,0.001739388,,,
1786043832807843107,1786043832.806556607,/novatel/oem7/inspva,/novatel/oem7/inspva,/novatel/oem7/inspva,39.663,-75.756,-1.799958648,0.002026261,0.001419470,-0.000774512,0.001872395,0.001419470,,novatel_oem7_msgs.msg.InertialSolutionStatus(status=3),
1786043832810950381,1786043832.806856194,/novatel/oem7/fix,/novatel/oem7/fix,/novatel/oem7/inspva,39.663,-75.756,-1.799958648,0.002026261,0.001419470,-0.000774512,0.001872395,0.001419470,,0,
1786043832813300542,1786043832.807501273,/novatel/oem7/odom,/novatel/oem7/fix,/novatel/oem7/odom,39.663,-75.756,-1.799958648,0.002022559,0.001424740,0.001825574,-0.000870644,0.001424740,,,
1786043832816533775,1786043832.810430080,/novatel/oem7/bestpos,/novatel/oem7/bestpos,/novatel/oem7/odom,39.663,-75.756,33.182303377,0.002022559,0.001424740,0.001825574,-0.000870644,0.001424740,,novatel_oem7_msgs.msg.SolutionStatus(status=0),novatel_oem7_msgs.msg.PositionOrVelocityType(type=53)
1786043832818346870,1786043832.810870967,/novatel/oem7/bestvel,/novatel/oem7/bestpos,/novatel/oem7/bestvel,39.663,-75.756,33.182303377,0.001846288,0.001544577,,,,115.803850979,novatel_oem7_msgs.msg.SolutionStatus(status=0),novatel_oem7_msgs.msg.PositionOrVelocityType(type=53)
1786043832820537442,1786043832.814860295,/novatel/oem7/odom,/novatel/oem7/bestpos,/novatel/oem7/odom,39.663,-75.756,33.182303377,0.002022559,0.001424740,0.001825574,-0.000870644,0.001424740,,,
1786043832827184276,1786043832.826121122,/novatel/oem7/inspva,/novatel/oem7/inspva,/novatel/oem7/inspva,39.663,-75.756,-1.799962161,0.001956983,0.001308103,-0.000437858,0.001907370,0.001308103,,novatel_oem7_msgs.msg.InertialSolutionStatus(status=3),
1786043832829876503,1786043832.826392475,/novatel/oem7/fix,/novatel/oem7/fix,/novatel/oem7/inspva,39.663,-75.756,-1.799962161,0.001956983,0.001308103,-0.000437858,0.001907370,0.001308103,,0,
1786043832831598800,1786043832.826862739,/novatel/oem7/odom,/novatel/oem7/fix,/novatel/oem7/odom,39.663,-75.756,-1.799962161,0.001952727,0.001314448,0.001877759,-0.000535877,0.001314448,,,
1786043832836601858,1786043832.835510597,/novatel/oem7/odom,/novatel/oem7/fix,/novatel/oem7/odom,39.663,-75.756,-1.799962161,0.001952727,0.001314448,0.001877759,-0.000535877,0.001314448,,,
1786043832846519532,1786043832.845378610,/novatel/oem7/inspva,/novatel/oem7/inspva,/novatel/oem7/inspva,39.663,-75.756,-1.799953131,0.002050352,0.001783565,-0.000917932,0.001833397,0.001783565,,novatel_oem7_msgs.msg.InertialSolutionStatus(status=3),
1786043832848725451,1786043832.845689137,/novatel/oem7/fix,/novatel/oem7/fix,/novatel/oem7/inspva,39.663,-75.756,-1.799953131,0.002050352,0.001783565,-0.000917932,0.001833397,0.001783565,,0,
1786043832849885650,1786043832.846245589,/novatel/oem7/odom,/novatel/oem7/fix,/novatel/oem7/odom,39.663,-75.756,-1.799953131,0.002046260,0.001788258,0.001777979,-0.001012902,0.001788258,,,
1786043832857227730,1786043832.856348228,/novatel/oem7/odom,/novatel/oem7/fix,/novatel/oem7/odom,39.663,-75.756,-1.799953131,0.002046260,0.001788258,0.001777979,-0.001012902,0.001788258,,,
1786043832866835155,1786043832.866086227,/novatel/oem7/inspva,/novatel/oem7/inspva,/novatel/oem7/inspva,39.663,-75.756,-1.799957782,0.002097851,0.001536543,-0.000549436,0.002024623,0.001536543,,novatel_oem7_msgs.msg.InertialSolutionStatus(status=3),
1786043832868590445,1786043832.866412263,/novatel/oem7/fix,/novatel/oem7/fix,/novatel/oem7/inspva,39.663,-75.756,-1.799957782,0.002097851,0.001536543,-0.000549436,0.002024623,0.001536543,,0,
1786043832869996590,1786043832.867093180,/novatel/oem7/odom,/novatel/oem7/fix,/novatel/oem7/odom,39.663,-75.756,-1.799957782,0.002093074,0.001543044,0.001988350,-0.000653776,0.001543044,,,
1786043832875100688,1786043832.874307557,/novatel/oem7/odom,/novatel/oem7/fix,/novatel/oem7/odom,39.663,-75.756,-1.799957782,0.002093074,0.001543044,0.001988350,-0.000653776,0.001543044,,,
1786043832886957631,1786043832.886188834,/novatel/oem7/inspva,/novatel/oem7/inspva,/novatel/oem7/inspva,39.663,-75.756,-1.799950131,0.002010264,0.001623510,-0.000716108,0.001878390,0.001623510,,novatel_oem7_msgs.msg.InertialSolutionStatus(status=3),
1786043832888511737,1786043832.886484294,/novatel/oem7/fix,/novatel/oem7/fix,/novatel/oem7/inspva,39.663,-75.756,-1.799950131,0.002010264,0.001623510,-0.000716108,0.001878390,0.001623510,,0,
1786043832889653502,1786043832.887077066,/novatel/oem7/odom,/novatel/oem7/fix,/novatel/oem7/odom,39.663,-75.756,-1.799950131,0.002005849,0.001628962,0.001833613,-0.000813199,0.001628962,,,
1786043832895781491,1786043832.895046273,/novatel/oem7/odom,/novatel/oem7/fix,/novatel/oem7/odom,39.663,-75.756,-1.799950131,0.002005849,0.001628962,0.001833613,-0.000813199,0.001628962,,,
1786043832906343625,1786043832.905578540,/novatel/oem7/inspva,/novatel/oem7/inspva,/novatel/oem7/inspva,39.663,-75.756,-1.799952873,0.002118414,0.001292037,-0.000460139,0.002067837,0.001292037,,novatel_oem7_msgs.msg.InertialSolutionStatus(status=3),
1786043832908241134,1786043832.905864817,/novatel/oem7/fix,/novatel/oem7/fix,/novatel/oem7/inspva,39.663,-75.756,-1.799952873,0.002118414,0.001292037,-0.000460139,0.002067837,0.001292037,,0,
1786043832909987669,1786043832.906503303,/novatel/oem7/odom,/novatel/oem7/fix,/novatel/oem7/odom,39.663,-75.756,-1.799952873,0.002114176,0.001298960,0.002036968,-0.000566130,0.001298960,,,
1786043832911997345,1786043832.909289692,/novatel/oem7/bestpos,/novatel/oem7/bestpos,/novatel/oem7/odom,39.663,-75.756,33.182302434,0.002114176,0.001298960,0.002036968,-0.000566130,0.001298960,,novatel_oem7_msgs.msg.SolutionStatus(status=0),novatel_oem7_msgs.msg.PositionOrVelocityType(type=53)
1786043832913407843,1786043832.909924514,/novatel/oem7/bestvel,/novatel/oem7/bestpos,/novatel/oem7/bestvel,39.663,-75.756,33.182302434,0.002287346,0.001274416,,,,104.224825439,novatel_oem7_msgs.msg.SolutionStatus(status=0),novatel_oem7_msgs.msg.PositionOrVelocityType(type=53)
1786043832916518428,1786043832.915598988,/novatel/oem7/odom,/novatel/oem7/bestpos,/novatel/oem7/odom,39.663,-75.756,33.182302434,0.002114176,0.001298960,0.002036968,-0.000566130,0.001298960,,,
1786043832927512689,1786043832.926526199,/novatel/oem7/inspva,/novatel/oem7/inspva,/novatel/oem7/inspva,39.663,-75.756,-1.799940362,0.002335674,0.001764743,-0.000897121,0.002156512,0.001764743,,novatel_oem7_msgs.msg.InertialSolutionStatus(status=3),
1786043832929318851,1786043832.926791882,/novatel/oem7/fix,/novatel/oem7/fix,/novatel/oem7/inspva,39.663,-75.756,-1.799940362,0.002335674,0.001764743,-0.000897121,0.002156512,0.001764743,,0,
1786043832930891027,1786043832.927305494,/novatel/oem7/odom,/novatel/oem7/fix,/novatel/oem7/odom,39.663,-75.756,-1.799940362,0.002331105,0.001770774,0.002101776,-0.001008261,0.001770774,,,
1786043832935922301,1786043832.935019032,/novatel/oem7/odom,/novatel/oem7/fix,/novatel/oem7/odom,39.663,-75.756,-1.799940362,0.002331105,0.001770774,0.002101776,-0.001008261,0.001770774,,,
1786043832945772204,1786043832.944991863,/novatel/oem7/inspva,/novatel/oem7/inspva,/novatel/oem7/inspva,39.663,-75.756,-1.799942859,0.002418059,0.001506159,-0.000611827,0.002339376,0.001506159,,novatel_oem7_msgs.msg.InertialSolutionStatus(status=3),
1786043832947743877,1786043832.945385797,/novatel/oem7/fix,/novatel/oem7/fix,/novatel/oem7/inspva,39.663,-75.756,-1.799942859,0.002418059,0.001506159,-0.000611827,0.002339376,0.001506159,,0,
1786043832949226222,1786043832.945935473,/novatel/oem7/odom,/novatel/oem7/fix,/novatel/oem7/odom,39.663,-75.756,-1.799942859,0.002413339,0.001513710,0.002299717,-0.000731783,0.001513710,,,
1786043832956800896,1786043832.956005815,/novatel/oem7/odom,/novatel/oem7/fix,/novatel/oem7/odom,39.663,-75.756,-1.799942859,0.002413339,0.001513710,0.002299717,-0.000731783,0.001513710,,,
1786043832966340046,1786043832.965261645,/novatel/oem7/inspva,/novatel/oem7/inspva,/novatel/oem7/inspva,39.663,-75.756,-1.799934162,0.002372157,0.001441762,-0.001125437,0.002088186,0.001441762,,novatel_oem7_msgs.msg.InertialSolutionStatus(status=3),
1786043832968309506,1786043832.965561492,/novatel/oem7/fix,/novatel/oem7/fix,/novatel/oem7/inspva,39.663,-75.756,-1.799934162,0.002372157,0.001441762,-0.001125437,0.002088186,0.001441762,,0,
1786043832969953159,1786043832.966227078,/novatel/oem7/odom,/novatel/oem7/fix,/novatel/oem7/odom,39.663,-75.756,-1.799934162,0.002369029,0.001446897,0.002023454,-0.001232044,0.001446897,,,
1786043832975696647,1786043832.974833329,/novatel/oem7/odom,/novatel/oem7/fix,/novatel/oem7/odom,39.663,-75.756,-1.799934162,0.002369029,0.001446897,0.002023454,-0.001232044,0.001446897,,,
1786043832986661392,1786043832.985937718,/novatel/oem7/inspva,/novatel/oem7/inspva,/novatel/oem7/inspva,39.663,-75.756,-1.799933297,0.002516855,0.001550325,-0.000772798,0.002395275,0.001550325,,novatel_oem7_msgs.msg.InertialSolutionStatus(status=3),
1786043832988388113,1786043832.986185564,/novatel/oem7/fix,/novatel/oem7/fix,/novatel/oem7/inspva,39.663,-75.756,-1.799933297,0.002516855,0.001550325,-0.000772798,0.002395275,0.001550325,,0,
1786043832989600068,1786043832.986809340,/novatel/oem7/odom,/novatel/oem7/fix,/novatel/oem7/odom,39.663,-75.756,-1.799933297,0.002512320,0.001557663,0.002347325,-0.000895442,0.001557663,,,
1786043832995443847,1786043832.994435764,/novatel/oem7/odom,/novatel/oem7/fix,/novatel/oem7/odom,39.663,-75.756,-1.799933297,0.002512320,0.001557663,0.002347325,-0.000895442,0.001557663,,,
1786043833010606321,1786043833.009813253,/novatel/oem7/inspva,/novatel/oem7/inspva,/novatel/oem7/inspva,39.663,-75.756,-1.799923851,0.002384809,0.001352077,-0.000937372,0.002192863,0.001352077,,novatel_oem7_msgs.msg.InertialSolutionStatus(status=3),
1786043833012208344,1786043833.010046579,/novatel/oem7/fix,/novatel/oem7/fix,/novatel/oem7/inspva,39.663,-75.756,-1.799923851,0.002384809,0.001352077,-0.000937372,0.002192863,0.001352077,,0,
1786043833013376136,1786043833.011305268,/novatel/oem7/odom,/novatel/oem7/fix,/novatel/oem7/odom,39.663,-75.756,-1.799923851,0.002381348,0.001358163,0.002137748,-0.001049215,0.001358163,,,
1786043833017648366,1786043833.016845914,/novatel/oem7/odom,/novatel/oem7/fix,/novatel/oem7/odom,39.663,-75.756,-1.799923851,0.002381348,0.001358163,0.002137748,-0.001049215,0.001358163,,,
1786043833025702541,1786043833.024956790,/novatel/oem7/bestpos,/novatel/oem7/bestpos,/novatel/oem7/odom,39.663,-75.756,33.182326858,0.002381348,0.001358163,0.002137748,-0.001049215,0.001358163,,novatel_oem7_msgs.msg.SolutionStatus(status=0),novatel_oem7_msgs.msg.PositionOrVelocityType(type=53)
1786043833027352694,1786043833.026073475,/novatel/oem7/bestvel,/novatel/oem7/bestpos,/novatel/oem7/bestvel,39.663,-75.756,33.182326858,0.002202761,0.001214091,,,,106.560262832,novatel_oem7_msgs.msg.SolutionStatus(status=0),novatel_oem7_msgs.msg.PositionOrVelocityType(type=53)
1786043833029270693,1786043833.027124518,/novatel/oem7/inspva,/novatel/oem7/inspva,/novatel/oem7/inspva,39.663,-75.756,-1.799922895,0.002306052,0.001559329,-0.000732570,0.002186600,0.001559329,,novatel_oem7_msgs.msg.InertialSolutionStatus(status=3),
1786043833030233973,1786043833.027376708,/novatel/oem7/fix,/novatel/oem7/fix,/novatel/oem7/inspva,39.663,-75.756,-1.799922895,0.002306052,0.001559329,-0.000732570,0.002186600,0.001559329,,0,
1786043833031648244,1786043833.028591626,/novatel/oem7/odom,/novatel/oem7/fix,/novatel/oem7/odom,39.663,-75.756,-1.799922895,0.002381348,0.001358164,0.002137755,-0.001049199,0.001358164,,,
1786043833035394455,1786043833.034541757,/novatel/oem7/odom,/novatel/oem7/fix,/novatel/oem7/odom,39.663,-75.756,-1.799922895,0.002301554,0.001565961,0.002140872,-0.000844879,0.001565961,,,
1786043833046646969,1786043833.045897432,/novatel/oem7/inspva,/novatel/oem7/inspva,/novatel/oem7/inspva,39.663,-75.756,-1.799934543,0.002774815,0.001235938,-0.001307382,0.002447520,0.001235938,,novatel_oem7_msgs.msg.InertialSolutionStatus(status=3),
1786043833048519095,1786043833.046142921,/novatel/oem7/fix,/novatel/oem7/fix,/novatel/oem7/inspva,39.663,-75.756,-1.799934543,0.002774815,0.001235938,-0.001307382,0.002447520,0.001235938,,0,
1786043833050102238,1786043833.046731340,/novatel/oem7/odom,/novatel/oem7/fix,/novatel/oem7/odom,39.663,-75.756,-1.799934543,0.002772099,0.001242019,0.002374081,-0.001431179,0.001242019,,,
1786043833057342482,1786043833.056389908,/novatel/oem7/odom,/novatel/oem7/fix,/novatel/oem7/odom,39.663,-75.756,-1.799934543,0.002772099,0.001242019,0.002374081,-0.001431179,0.001242019,,,
1786043833066146954,1786043833.065355126,/novatel/oem7/inspva,/novatel/oem7/inspva,/novatel/oem7/inspva,39.663,-75.756,-1.799941387,0.002381260,0.001812998,-0.000831306,0.002231441,0.001812998,,novatel_oem7_msgs.msg.InertialSolutionStatus(status=3),
1786043833068054720,1786043833.065650166,/novatel/oem7/fix,/novatel/oem7/fix,/novatel/oem7/inspva,39.663,-75.756,-1.799941387,0.002381260,0.001812998,-0.000831306,0.002231441,0.001812998,,0,
1786043833069474544,1786043833.066264564,/novatel/oem7/odom,/novatel/oem7/fix,/novatel/oem7/odom,39.663,-75.756,-1.799941387,0.002376281,0.001819518,0.002179678,-0.000946424,0.001819518,,,
1786043833075816265,1786043833.075025421,/novatel/oem7/odom,/novatel/oem7/fix,/novatel/oem7/odom,39.663,-75.756,-1.799941387,0.002376281,0.001819518,0.002179678,-0.000946424,0.001819518,,,
1786043833086034522,1786043833.085367419,/novatel/oem7/inspva,/novatel/oem7/inspva,/novatel/oem7/inspva,39.663,-75.756,-1.799950873,0.002431922,0.001086084,-0.001142280,0.002146961,0.001086084,,novatel_oem7_msgs.msg.InertialSolutionStatus(status=3),
1786043833087479877,1786043833.085664525,/novatel/oem7/fix,/novatel/oem7/fix,/novatel/oem7/inspva,39.663,-75.756,-1.799950873,0.002431922,0.001086084,-0.001142280,0.002146961,0.001086084,,0,
1786043833088570964,1786043833.086303568,/novatel/oem7/odom,/novatel/oem7/fix,/novatel/oem7/odom,39.663,-75.756,-1.799950873,0.002429532,0.001091419,0.002082759,-0.001250897,0.001091419,,,
1786043833097007040,1786043833.095622265,/novatel/oem7/odom,/novatel/oem7/fix,/novatel/oem7/odom,39.663,-75.756,-1.799950873,0.002429532,0.001091419,0.002082759,-0.001250897,0.001091419,,,
1786043833106675538,1786043833.106071035,/novatel/oem7/inspva,/novatel/oem7/inspva,/novatel/oem7/inspva,39.663,-75.756,-1.799957586,0.002379880,0.001317314,-0.000998122,0.002160459,0.001317314,,novatel_oem7_msgs.msg.InertialSolutionStatus(status=3),
1786043833108052108,1786043833.106303211,/novatel/oem7/fix,/novatel/oem7/fix,/novatel/oem7/inspva,39.663,-75.756,-1.799957586,0.002379880,0.001317314,-0.000998122,0.002160459,0.001317314,,0,
1786043833109154716,1786043833.106711105,/novatel/oem7/odom,/novatel/oem7/fix,/novatel/oem7/odom,39.663,-75.756,-1.799957586,0.002376667,0.001323101,0.002102474,-0.001108219,0.001323101,,,
1786043833110658018,1786043833.109967548,/novatel/oem7/bestpos,/novatel/oem7/bestpos,/novatel/oem7/odom,39.663,-75.756,33.182300092,0.002376667,0.001323101,0.002102474,-0.001108219,0.001323101,,novatel_oem7_msgs.msg.SolutionStatus(status=0),novatel_oem7_msgs.msg.PositionOrVelocityType(type=53)
1786043833112128480,1786043833.110550381,/novatel/oem7/bestvel,/novatel/oem7/bestpos,/novatel/oem7/bestvel,39.663,-75.756,33.182300092,0.002383877,0.001185541,,,,110.513516065,novatel_oem7_msgs.msg.SolutionStatus(status=0),novatel_oem7_msgs.msg.PositionOrVelocityType(type=53)
1786043833115325129,1786043833.114562374,/novatel/oem7/odom,/novatel/oem7/bestpos,/novatel/oem7/odom,39.663,-75.756,33.182300092,0.002376667,0.001323101,0.002102474,-0.001108219,0.001323101,,,
1786043833125702470,1786043833.125054281,/novatel/oem7/inspva,/novatel/oem7/inspva,/novatel/oem7/inspva,39.663,-75.756,-1.799956674,0.001820835,0.001636538,-0.000917992,0.001572492,0.001636538,,novatel_oem7_msgs.msg.InertialSolutionStatus(status=3),
1786043833127126869,1786043833.125238576,/novatel/oem7/fix,/novatel/oem7/fix,/novatel/oem7/inspva,39.663,-75.756,-1.799956674,0.001820835,0.001636538,-0.000917992,0.001572492,0.001636538,,0,
1786043833128334444,1786043833.125835311,/novatel/oem7/odom,/novatel/oem7/fix,/novatel/oem7/odom,39.663,-75.756,-1.799956674,0.001817548,0.001640189,0.001517948,-0.000999656,0.001640189,,,
1786043833135982913,1786043833.135550658,/novatel/oem7/odom,/novatel/oem7/fix,/novatel/oem7/odom,39.663,-75.756,-1.799956674,0.001817548,0.001640189,0.001517948,-0.000999656,0.001640189,,,
1786043833145616727,1786043833.144974563,/novatel/oem7/inspva,/novatel/oem7/inspva,/novatel/oem7/inspva,39.663,-75.756,-1.799963727,0.001793240,0.001660151,-0.000720276,0.001642228,0.001660151,,novatel_oem7_msgs.msg.InertialSolutionStatus(status=3),
1786043833146851464,1786043833.145176187,/novatel/oem7/fix,/novatel/oem7/fix,/novatel/oem7/inspva,39.663,-75.756,-1.799963727,0.001793240,0.001660151,-0.000720276,0.001642228,0.001660151,,0,
1786043833147757080,1786043833.145649366,/novatel/oem7/odom,/novatel/oem7/fix,/novatel/oem7/odom,39.663,-75.756,-1.799963727,0.001789089,0.001664623,0.001597378,-0.000805743,0.001664623,,,
1786043833156096551,1786043833.155560446,/novatel/oem7/odom,/novatel/oem7/fix,/novatel/oem7/odom,39.663,-75.756,-1.799963727,0.001789089,0.001664623,0.001597378,-0.000805743,0.001664623,,,
1786043833167081157,1786043833.166517346,/novatel/oem7/inspva,/novatel/oem7/inspva,/novatel/oem7/inspva,39.663,-75.756,-1.799963804,0.002235946,0.001497571,-0.001117806,0.001936483,0.001497571,,novatel_oem7_msgs.msg.InertialSolutionStatus(status=3),
1786043833168690473,1786043833.166717062,/novatel/oem7/fix,/novatel/oem7/fix,/novatel/oem7/inspva,39.663,-75.756,-1.799963804,0.002235946,0.001497571,-0.001117806,0.001936483,0.001497571,,0,
1786043833169948129,1786043833.167013504,/novatel/oem7/odom,/novatel/oem7/fix,/novatel/oem7/odom,39.663,-75.756,-1.799963804,0.002232913,0.001502090,0.001872069,-0.001217069,0.001502090,,,
1786043833175265619,1786043833.174590168,/novatel/oem7/odom,/novatel/oem7/fix,/novatel/oem7/odom,39.663,-75.756,-1.799963804,0.002232913,0.001502090,0.001872069,-0.001217069,0.001502090,,,
1786043833185772241,1786043833.185030926,/novatel/oem7/inspva,/novatel/oem7/inspva,/novatel/oem7/inspva,39.663,-75.756,-1.799969895,0.002085970,0.001565500,-0.001175539,0.001723188,0.001565500,,novatel_oem7_msgs.msg.InertialSolutionStatus(status=3),
1786043833187041162,1786043833.185299689,/novatel/oem7/fix,/novatel/oem7/fix,/novatel/oem7/inspva,39.663,-75.756,-1.799969895,0.002085970,0.001565500,-0.001175539,0.001723188,0.001565500,,0,
1786043833188215499,1786043833.185614168,/novatel/oem7/odom,/novatel/oem7/fix,/novatel/oem7/odom,39.663,-75.756,-1.799969895,0.002083330,0.001569012,0.001655874,-0.001264256,0.001569012,,,
1786043833195441419,1786043833.194670099,/novatel/oem7/odom,/novatel/oem7/fix,/novatel/oem7/odom,39.663,-75.756,-1.799969895,0.002083330,0.001569012,0.001655874,-0.001264256,0.001569012,,,
1786043833207119211,1786043833.206553073,/novatel/oem7/inspva,/novatel/oem7/inspva,/novatel/oem7/inspva,39.663,-75.756,-1.799973223,0.001954758,0.001165237,-0.001076699,0.001631501,0.001165237,,novatel_oem7_msgs.msg.InertialSolutionStatus(status=3),
1786043833208521201,1786043833.206863292,/novatel/oem7/fix,/novatel/oem7/fix,/novatel/oem7/inspva,39.663,-75.756,-1.799973223,0.001954758,0.001165237,-0.001076699,0.001631501,0.001165237,,0,
1786043833209305591,1786043833.207245527,/novatel/oem7/odom,/novatel/oem7/fix,/novatel/oem7/odom,39.663,-75.756,-1.799973223,0.001952710,0.001168666,0.001570893,-0.001159901,0.001168666,,,
1786043833210950215,1786043833.210360043,/novatel/oem7/bestpos,/novatel/oem7/bestpos,/novatel/oem7/odom,39.663,-75.756,33.182286115,0.001952710,0.001168666,0.001570893,-0.001159901,0.001168666,,novatel_oem7_msgs.msg.SolutionStatus(status=0),novatel_oem7_msgs.msg.PositionOrVelocityType(type=53)
1786043833212063477,1786043833.210754627,/novatel/oem7/bestvel,/novatel/oem7/bestpos,/novatel/oem7/bestvel,39.663,-75.756,33.182286115,0.002021003,0.001138880,,,,122.716474579,novatel_oem7_msgs.msg.SolutionStatus(status=0),novatel_oem7_msgs.msg.PositionOrVelocityType(type=53)
1786043833215683807,1786043833.214916761,/novatel/oem7/odom,/novatel/oem7/bestpos,/novatel/oem7/odom,39.663,-75.756,33.182286115,0.001952710,0.001168666,0.001570893,-0.001159901,0.001168666,,,
1786043833226885165,1786043833.226089010,/novatel/oem7/inspva,/novatel/oem7/inspva,/novatel/oem7/inspva,39.663,-75.756,-1.799980469,0.001940305,0.001328974,-0.001085969,0.001607935,0.001328974,,novatel_oem7_msgs.msg.InertialSolutionStatus(status=3),
1786043833228485459,1786043833.226512359,/novatel/oem7/fix,/novatel/oem7/fix,/novatel/oem7/inspva,39.663,-75.756,-1.799980469,0.001940305,0.001328974,-0.001085969,0.001607935,0.001328974,,0,
1786043833229633469,1786043833.227012184,/novatel/oem7/odom,/novatel/oem7/fix,/novatel/oem7/odom,39.663,-75.756,-1.799980469,0.001938043,0.001332271,0.001546223,-0.001168420,0.001332271,,,
1786043833235244925,1786043833.234577674,/novatel/oem7/odom,/novatel/oem7/fix,/novatel/oem7/odom,39.663,-75.756,-1.799980469,0.001938043,0.001332271,0.001546223,-0.001168420,0.001332271,,,
1786043833245633366,1786043833.245119317,/novatel/oem7/inspva,/novatel/oem7/inspva,/novatel/oem7/inspva,39.663,-75.756,-1.799984771,0.001331093,0.001055812,-0.000771392,0.001084788,0.001055812,,novatel_oem7_msgs.msg.InertialSolutionStatus(status=3),
1786043833246656550,1786043833.245257451,/novatel/oem7/fix,/novatel/oem7/fix,/novatel/oem7/inspva,39.663,-75.756,-1.799984771,0.001331093,0.001055812,-0.000771392,0.001084788,0.001055812,,0,
1786043833247492038,1786043833.245805814,/novatel/oem7/odom,/novatel/oem7/fix,/novatel/oem7/odom,39.663,-75.756,-1.799984771,0.001329411,0.001057930,0.001040567,-0.000827377,0.001057930,,,
1786043833258049449,1786043833.256773879,/novatel/oem7/odom,/novatel/oem7/fix,/novatel/oem7/odom,39.663,-75.756,-1.799984771,0.001329411,0.001057930,0.001040567,-0.000827377,0.001057930,,,
1786043833265743319,1786043833.265045496,/novatel/oem7/inspva,/novatel/oem7/inspva,/novatel/oem7/inspva,39.663,-75.756,-1.799992002,0.001574306,0.001452205,-0.000800899,0.001355359,0.001452205,,novatel_oem7_msgs.msg.InertialSolutionStatus(status=3),
1786043833267191466,1786043833.265391086,/novatel/oem7/fix,/novatel/oem7/fix,/novatel/oem7/inspva,39.663,-75.756,-1.799992002,0.001574306,0.001452205,-0.000800899,0.001355359,0.001452205,,0,
1786043833268275201,1786043833.265832200,/novatel/oem7/odom,/novatel/oem7/fix,/novatel/oem7/odom,39.663,-75.756,-1.799992002,0.001571466,0.001455277,0.001307710,-0.000871436,0.001455277,,,
1786043833275220895,1786043833.274557711,/novatel/oem7/odom,/novatel/oem7/fix,/novatel/oem7/odom,39.663,-75.756,-1.799992002,0.001571466,0.001455277,0.001307710,-0.000871436,0.001455277,,,
1786043833287396044,1786043833.286649481,/novatel/oem7/inspva,/novatel/oem7/inspva,/novatel/oem7/inspva,39.663,-75.756,-1.799998311,0.001559692,0.001117913,-0.000727765,0.001379491,0.001117913,,novatel_oem7_msgs.msg.InertialSolutionStatus(status=3),
1786043833288698884,1786043833.286937568,/novatel/oem7/fix,/novatel/oem7/fix,/novatel/oem7/inspva,39.663,-75.756,-1.799998311,0.001559692,0.001117913,-0.000727765,0.001379491,0.001117913,,0,
1786043833289545001,1786043833.287322168,/novatel/oem7/odom,/novatel/oem7/fix,/novatel/oem7/odom,39.663,-75.756,-1.799998311,0.001557228,0.001121343,0.001336800,-0.000798702,0.001121343,,,
1786043833296242745,1786043833.295364975,/novatel/oem7/odom,/novatel/oem7/fix,/novatel/oem7/odom,39.663,-75.756,-1.799998311,0.001557228,0.001121343,0.001336800,-0.000798702,0.001121343,,,
1786043833306596120,1786043833.305751132,/novatel/oem7/inspva,/novatel/oem7/inspva,/novatel/oem7/inspva,39.663,-75.756,-1.800008959,0.001537986,0.001102265,-0.000768335,0.001332315,0.001102265,,novatel_oem7_msgs.msg.InertialSolutionStatus(status=3),
1786043833308393736,1786043833.306044212,/novatel/oem7/fix,/novatel/oem7/fix,/novatel/oem7/inspva,39.663,-75.756,-1.800008959,0.001537986,0.001102265,-0.000768335,0.001332315,0.001102265,,0,
1786043833309821566,1786043833.306506879,/novatel/oem7/odom,/novatel/oem7/fix,/novatel/oem7/odom,39.663,-75.756,-1.800008959,0.001535760,0.001105364,0.001287740,-0.000836831,0.001105364,,,
1786043833311791553,1786043833.309305868,/novatel/oem7/bestpos,/novatel/oem7/bestpos,/novatel/oem7/odom,39.663,-75.756,33.182241950,0.001535760,0.001105364,0.001287740,-0.000836831,0.001105364,,novatel_oem7_msgs.msg.SolutionStatus(status=0),novatel_oem7_msgs.msg.PositionOrVelocityType(type=53)
1786043833313011188,1786043833.309930894,/novatel/oem7/bestvel,/novatel/oem7/bestpos,/novatel/oem7/bestvel,39.663,-75.756,33.182241950,0.001546114,0.001002195,,,,115.109514562,novatel_oem7_msgs.msg.SolutionStatus(status=0),novatel_oem7_msgs.msg.PositionOrVelocityType(type=53)
1786043833315219678,1786043833.314533534,/novatel/oem7/odom,/novatel/oem7/bestpos,/novatel/oem7/odom,39.663,-75.756,33.182241950,0.001535760,0.001105364,0.001287740,-0.000836831,0.001105364,,,
1786043833325948030,1786043833.325135995,/novatel/oem7/inspva,/novatel/oem7/inspva,/novatel/oem7/inspva,39.663,-75.756,-1.800013112,0.001310433,0.001128573,-0.000889865,0.000961964,0.001128573,,novatel_oem7_msgs.msg.InertialSolutionStatus(status=3),
1786043833327570946,1786043833.325372884,/novatel/oem7/fix,/novatel/oem7/fix,/novatel/oem7/inspva,39.663,-75.756,-1.800013112,0.001310433,0.001128573,-0.000889865,0.000961964,0.001128573,,0,
1786043833328715651,1786043833.325982447,/novatel/oem7/odom,/novatel/oem7/fix,/novatel/oem7/odom,39.663,-75.756,-1.800013112,0.001309312,0.001129874,0.000911679,-0.000939754,0.001129874,,,
1786043833335454516,1786043833.334762233,/novatel/oem7/odom,/novatel/oem7/fix,/novatel/oem7/odom,39.663,-75.756,-1.800013112,0.001309312,0.001129874,0.000911679,-0.000939754,0.001129874,,,
1786043833346918049,1786043833.346050423,/novatel/oem7/inspva,/novatel/oem7/inspva,/novatel/oem7/inspva,39.663,-75.756,-1.800023119,0.001459196,0.001180159,-0.000965692,0.001093934,0.001180159,,novatel_oem7_msgs.msg.InertialSolutionStatus(status=3),
1786043833348910522,1786043833.346353900,/novatel/oem7/fix,/novatel/oem7/fix,/novatel/oem7/inspva,39.663,-75.756,-1.800023119,0.001459196,0.001180159,-0.000965692,0.001093934,0.001180159,,0,
1786043833350397841,1786043833.346695927,/novatel/oem7/odom,/novatel/oem7/fix,/novatel/oem7/odom,39.663,-75.756,-1.800023119,0.001457918,0.001181737,0.001039490,-0.001022245,0.001181737,,,
1786043833356935651,1786043833.355909080,/novatel/oem7/odom,/novatel/oem7/fix,/novatel/oem7/odom,39.663,-75.756,-1.800023119,0.001457918,0.001181737,0.001039490,-0.001022245,0.001181737,,,
1786043833365974655,1786043833.365117230,/novatel/oem7/inspva,/novatel/oem7/inspva,/novatel/oem7/inspva,39.663,-75.756,-1.800028377,0.000959515,0.001088178,-0.000616465,0.000735282,0.001088178,,novatel_oem7_msgs.msg.InertialSolutionStatus(status=3),
1786043833367657549,1786043833.365358033,/novatel/oem7/fix,/novatel/oem7/fix,/novatel/oem7/inspva,39.663,-75.756,-1.800028377,0.000959515,0.001088178,-0.000616465,0.000735282,0.001088178,,0,
1786043833369064476,1786043833.365728200,/novatel/oem7/odom,/novatel/oem7/fix,/novatel/oem7/odom,39.663,-75.756,-1.800028377,0.000958185,0.001089349,0.000699088,-0.000655282,0.001089349,,,
1786043833376209076,1786043833.375435687,/novatel/oem7/odom,/novatel/oem7/fix,/novatel/oem7/odom,39.663,-75.756,-1.800028377,0.000958185,0.001089349,0.000699088,-0.000655282,0.001089349,,,
1786043833385614588,1786043833.384945634,/novatel/oem7/inspva,/novatel/oem7/inspva,/novatel/oem7/inspva,39.663,-75.756,-1.800039608,0.001118902,0.000900837,-0.000769080,0.000812685,0.000900837,,novatel_oem7_msgs.msg.InertialSolutionStatus(status=3),
1786043833387003938,1786043833.385126699,/novatel/oem7/fix,/novatel/oem7/fix,/novatel/oem7/inspva,39.663,-75.756,-1.800039608,0.001118902,0.000900837,-0.000769080,0.000812685,0.000900837,,0,
1786043833388153670,1786043833.385523720,/novatel/oem7/odom,/novatel/oem7/fix,/novatel/oem7/odom,39.663,-75.756,-1.800039608,0.001118074,0.000901865,0.000769571,-0.000811079,0.000901865,,,
1786043833395073174,1786043833.394383116,/novatel/oem7/odom,/novatel/oem7/fix,/novatel/oem7/odom,39.663,-75.756,-1.800039608,0.001118074,0.000901865,0.000769571,-0.000811079,0.000901865,,,
1786043833407164373,1786043833.406600811,/novatel/oem7/inspva,/novatel/oem7/inspva,/novatel/oem7/inspva,39.663,-75.756,-1.800041110,0.001234290,0.001364189,-0.000927023,0.000814924,0.001364189,,novatel_oem7_msgs.msg.InertialSolutionStatus(status=3),
1786043833408690592,1786043833.406776982,/novatel/oem7/fix,/novatel/oem7/fix,/novatel/oem7/inspva,39.663,-75.756,-1.800041110,0.001234290,0.001364189,-0.000927023,0.000814924,0.001364189,,0,
1786043833409831120,1786043833.407637711,/novatel/oem7/odom,/novatel/oem7/fix,/novatel/oem7/odom,39.663,-75.756,-1.800041110,0.001233613,0.001364801,0.000761985,-0.000970144,0.001364801,,,
1786043833411442700,1786043833.410247214,/novatel/oem7/bestpos,/novatel/oem7/bestpos,/novatel/oem7/odom,39.663,-75.756,33.182208014,0.001233613,0.001364801,0.000761985,-0.000970144,0.001364801,,novatel_oem7_msgs.msg.SolutionStatus(status=0),novatel_oem7_msgs.msg.PositionOrVelocityType(type=53)
1786043833412505717,1786043833.410724696,/novatel/oem7/bestvel,/novatel/oem7/bestpos,/novatel/oem7/bestvel,39.663,-75.756,33.182208014,0.001978295,0.000966270,,,,121.069178402,novatel_oem7_msgs.msg.SolutionStatus(status=0),novatel_oem7_msgs.msg.PositionOrVelocityType(type=53)
1786043833415366353,1786043833.414701173,/novatel/oem7/odom,/novatel/oem7/bestpos,/novatel/oem7/odom,39.663,-75.756,33.182208014,0.001233613,0.001364801,0.000761985,-0.000970144,0.001364801,,,
1786043833425529129,1786043833.424896142,/novatel/oem7/inspva,/novatel/oem7/inspva,/novatel/oem7/inspva,39.663,-75.756,-1.800058798,0.000963194,0.000813548,-0.000661336,0.000700269,0.000813548,,novatel_oem7_msgs.msg.InertialSolutionStatus(status=3),
1786043833426925037,1786043833.425077168,/novatel/oem7/fix,/novatel/oem7/fix,/novatel/oem7/inspva,39.663,-75.756,-1.800058798,0.000963194,0.000813548,-0.000661336,0.000700269,0.000813548,,0,
1786043833428100278,1786043833.425394123,/novatel/oem7/odom,/novatel/oem7/fix,/novatel/oem7/odom,39.663,-75.756,-1.800058798,0.000962423,0.000814460,0.000663018,-0.000697614,0.000814460,,,
1786043833435658955,1786043833.434729346,/novatel/oem7/odom,/novatel/oem7/fix,/novatel/oem7/odom,39.663,-75.756,-1.800058798,0.000962423,0.000814460,0.000663018,-0.000697614,0.000814460,,,
1786043833446212112,1786043833.445395617,/novatel/oem7/inspva,/novatel/oem7/inspva,/novatel/oem7/inspva,39.663,-75.756,-1.800062357,0.001056264,0.001145821,-0.000698895,0.000791985,0.001145821,,novatel_oem7_msgs.msg.InertialSolutionStatus(status=3),
1786043833448269346,1786043833.445653476,/novatel/oem7/fix,/novatel/oem7/fix,/novatel/oem7/inspva,39.663,-75.756,-1.800062357,0.001056264,0.001145821,-0.000698895,0.000791985,0.001145821,,0,
1786043833449904456,1786043833.446112371,/novatel/oem7/odom,/novatel/oem7/fix,/novatel/oem7/odom,39.663,-75.756,-1.800062357,0.001055003,0.001146982,0.000751377,-0.000740584,0.001146982,,,
1786043833457491419,1786043833.456586817,/novatel/oem7/odom,/novatel/oem7/fix,/novatel/oem7/odom,39.663,-75.756,-1.800062357,0.001055003,0.001146982,0.000751377,-0.000740584,0.001146982,,,
1786043833466857217,1786043833.466059239,/novatel/oem7/inspva,/novatel/oem7/inspva,/novatel/oem7/inspva,39.663,-75.756,-1.800076707,0.000956195,0.000787663,-0.000703247,0.000647883,0.000787663,,novatel_oem7_msgs.msg.InertialSolutionStatus(status=3),
1786043833468567835,1786043833.466297492,/novatel/oem7/fix,/novatel/oem7/fix,/novatel/oem7/inspva,39.663,-75.756,-1.800076707,0.000956195,0.000787663,-0.000703247,0.000647883,0.000787663,,0,
1786043833469810277,1786043833.466782350,/novatel/oem7/odom,/novatel/oem7/fix,/novatel/oem7/odom,39.663,-75.756,-1.800076707,0.000955713,0.000788248,0.000608718,-0.000736784,0.000788248,,,
1786043833475479362,1786043833.474738197,/novatel/oem7/odom,/novatel/oem7/fix,/novatel/oem7/odom,39.663,-75.756,-1.800076707,0.000955713,0.000788248,0.000608718,-0.000736784,0.000788248,,,
1786043833485985615,1786043833.485316308,/novatel/oem7/inspva,/novatel/oem7/inspva,/novatel/oem7/inspva,39.663,-75.756,-1.800078868,0.000777831,0.001211212,-0.000365798,0.000686450,0.001211212,,novatel_oem7_msgs.msg.InertialSolutionStatus(status=3),
1786043833487581511,1786043833.485528980,/novatel/oem7/fix,/novatel/oem7/fix,/novatel/oem7/inspva,39.663,-75.756,-1.800078868,0.000777831,0.001211212,-0.000365798,0.000686450,0.001211212,,0,
1786043833488698109,1786043833.486267781,/novatel/oem7/odom,/novatel/oem7/fix,/novatel/oem7/odom,39.663,-75.756,-1.800078868,0.000775198,0.001212900,0.000662335,-0.000402795,0.001212900,,,
1786043833496759407,1786043833.495874012,/novatel/oem7/odom,/novatel/oem7/fix,/novatel/oem7/odom,39.663,-75.756,-1.800078868,0.000775198,0.001212900,0.000662335,-0.000402795,0.001212900,,,
1786043833506907377,1786043833.506009118,/novatel/oem7/inspva,/novatel/oem7/inspva,/novatel/oem7/inspva,39.663,-75.756,-1.800093177,0.000659843,0.000884081,-0.000442432,0.000489537,0.000884081,,novatel_oem7_msgs.msg.InertialSolutionStatus(status=3),
1786043833508744409,1786043833.506299661,/novatel/oem7/fix,/novatel/oem7/fix,/novatel/oem7/inspva,39.663,-75.756,-1.800093177,0.000659843,0.000884081,-0.000442432,0.000489537,0.000884081,,0,
1786043833510211557,1786043833.506678268,/novatel/oem7/odom,/novatel/oem7/fix,/novatel/oem7/odom,39.663,-75.756,-1.800093177,0.000658918,0.000884771,0.000463193,-0.000468642,0.000884771,,,
1786043833512262971,1786043833.511285128,/novatel/oem7/bestpos,/novatel/oem7/bestpos,/novatel/oem7/odom,39.663,-75.756,33.182162330,0.000658918,0.000884771,0.000463193,-0.000468642,0.000884771,,novatel_oem7_msgs.msg.SolutionStatus(status=0),novatel_oem7_msgs.msg.PositionOrVelocityType(type=53)
1786043833514354963,1786043833.512139986,/novatel/oem7/bestvel,/novatel/oem7/bestpos,/novatel/oem7/bestvel,39.663,-75.756,33.182162330,0.000711320,0.000727270,,,,115.587565530,novatel_oem7_msgs.msg.SolutionStatus(status=0),novatel_oem7_msgs.msg.PositionOrVelocityType(type=53)
1786043833516489844,1786043833.514476047,/novatel/oem7/odom,/novatel/oem7/bestpos,/novatel/oem7/odom,39.663,-75.756,33.182162330,0.000658918,0.000884771,0.000463193,-0.000468642,0.000884771,,,
1786043833527857876,1786043833.526841002,/novatel/oem7/inspva,/novatel/oem7/inspva,/novatel/oem7/inspva,39.663,-75.756,-1.800097245,0.000646321,0.000964299,-0.000266206,0.000588952,0.000964299,,novatel_oem7_msgs.msg.InertialSolutionStatus(status=3),
1786043833529739818,1786043833.527229016,/novatel/oem7/fix,/novatel/oem7/fix,/novatel/oem7/inspva,39.663,-75.756,-1.800097245,0.000646321,0.000964299,-0.000266206,0.000588952,0.000964299,,0,
1786043833531057965,1786043833.528009044,/novatel/oem7/odom,/novatel/oem7/fix,/novatel/oem7/odom,39.663,-75.756,-1.800097245,0.000643969,0.000965872,0.000570969,-0.000297810,0.000965872,,,
1786043833535728535,1786043833.534811073,/novatel/oem7/odom,/novatel/oem7/fix,/novatel/oem7/odom,39.663,-75.756,-1.800097245,0.000643969,0.000965872,0.000570969,-0.000297810,0.000965872,,,
1786043833545960089,1786043833.545204145,/novatel/oem7/inspva,/novatel/oem7/inspva,/novatel/oem7/inspva,39.663,-75.756,-1.800109090,0.000733710,0.001079843,-0.000378586,0.000628492,0.001079843,,novatel_oem7_msgs.msg.InertialSolutionStatus(status=3),
1786043833547956156,1786043833.545479488,/novatel/oem7/fix,/novatel/oem7/fix,/novatel/oem7/inspva,39.663,-75.756,-1.800109090,0.000733710,0.001079843,-0.000378586,0.000628492,0.001079843,,0,
1786043833549526765,1786043833.545988126,/novatel/oem7/odom,/novatel/oem7/fix,/novatel/oem7/odom,39.663,-75.756,-1.800109090,0.000731629,0.001081253,0.000604368,-0.000412335,0.001081253,,,
1786043833556663417,1786043833.555847553,/novatel/oem7/odom,/novatel/oem7/fix,/novatel/oem7/odom,39.663,-75.756,-1.800109090,0.000731629,0.001081253,0.000604368,-0.000412335,0.001081253,,,
1786043833566442190,1786043833.565495897,/novatel/oem7/inspva,/novatel/oem7/inspva,/novatel/oem7/inspva,39.663,-75.756,-1.800114728,0.000858184,0.000823627,-0.000398894,0.000759844,0.000823627,,novatel_oem7_msgs.msg.InertialSolutionStatus(status=3),
1786043833568282022,1786043833.565864424,/novatel/oem7/fix,/novatel/oem7/fix,/novatel/oem7/inspva,39.663,-75.756,-1.800114728,0.000858184,0.000823627,-0.000398894,0.000759844,0.000823627,,0,
1786043833569494108,1786043833.566537491,/novatel/oem7/odom,/novatel/oem7/fix,/novatel/oem7/odom,39.663,-75.756,-1.800114728,0.000856376,0.000825507,0.000735584,-0.000438514,0.000825507,,,
1786043833575920820,1786043833.574980033,/novatel/oem7/odom,/novatel/oem7/fix,/novatel/oem7/odom,39.663,-75.756,-1.800114728,0.000856376,0.000825507,0.000735584,-0.000438514,0.000825507,,,
1786043833586840363,1786043833.586029272,/novatel/oem7/inspva,/novatel/oem7/inspva,/novatel/oem7/inspva,39.663,-75.756,-1.800123512,0.000949373,0.000964185,-0.000535728,0.000783776,0.000964185,,novatel_oem7_msgs.msg.InertialSolutionStatus(status=3),
1786043833588584835,1786043833.586267611,/novatel/oem7/fix,/novatel/oem7/fix,/novatel/oem7/inspva,39.663,-75.756,-1.800123512,0.000949373,0.000964185,-0.000535728,0.000783776,0.000964185,,0,
1786043833589921064,1786043833.586759092,/novatel/oem7/odom,/novatel/oem7/fix,/novatel/oem7/odom,39.663,-75.756,-1.800123512,0.000947762,0.000965769,0.000752081,-0.000576739,0.000965769,,,
1786043833595347553,1786043833.594610746,/novatel/oem7/odom,/novatel/oem7/fix,/novatel/oem7/odom,39.663,-75.756,-1.800123512,0.000947762,0.000965769,0.000752081,-0.000576739,0.000965769,,,
1786043833608133536,1786043833.607178599,/novatel/oem7/inspva,/novatel/oem7/inspva,/novatel/oem7/inspva,39.663,-75.756,-1.800125248,0.000872712,0.001066332,-0.000415239,0.000767595,0.001066332,,novatel_oem7_msgs.msg.InertialSolutionStatus(status=3),
1786043833609948111,1786043833.607477896,/novatel/oem7/fix,/novatel/oem7/fix,/novatel/oem7/inspva,39.663,-75.756,-1.800125248,0.000872712,0.001066332,-0.000415239,0.000767595,0.001066332,,0,
1786043833611202894,1786043833.608103843,/novatel/oem7/odom,/novatel/oem7/fix,/novatel/oem7/odom,39.663,-75.756,-1.800125248,0.000870437,0.001068190,0.000741518,-0.000455864,0.001068190,,,
1786043833612798713,1786043833.610183537,/novatel/oem7/bestpos,/novatel/oem7/bestpos,/novatel/oem7/odom,39.663,-75.756,33.182133573,0.000870437,0.001068190,0.000741518,-0.000455864,0.001068190,,novatel_oem7_msgs.msg.SolutionStatus(status=0),novatel_oem7_msgs.msg.PositionOrVelocityType(type=53)
1786043833613781283,1786043833.610513257,/novatel/oem7/bestvel,/novatel/oem7/bestpos,/novatel/oem7/bestvel,39.663,-75.756,33.182133573,0.000798757,0.001017363,,,,112.448281690,novatel_oem7_msgs.msg.SolutionStatus(status=0),novatel_oem7_msgs.msg.PositionOrVelocityType(type=53)
1786043833616181791,1786043833.615494401,/novatel/oem7/odom,/novatel/oem7/bestpos,/novatel/oem7/odom,39.663,-75.756,33.182133573,0.000870437,0.001068190,0.000741518,-0.000455864,0.001068190,,,
1786043833625761085,1786043833.625072008,/novatel/oem7/inspva,/novatel/oem7/inspva,/novatel/oem7/inspva,39.663,-75.756,-1.800133724,0.000676985,0.001068775,-0.000388814,0.000554194,0.001068775,,novatel_oem7_msgs.msg.InertialSolutionStatus(status=3),
1786043833627329200,1786043833.625278293,/novatel/oem7/fix,/novatel/oem7/fix,/novatel/oem7/inspva,39.663,-75.756,-1.800133724,0.000676985,0.001068775,-0.000388814,0.000554194,0.001068775,,0,
1786043833628891406,1786043833.625704214,/novatel/oem7/odom,/novatel/oem7/fix,/novatel/oem7/odom,39.663,-75.756,-1.800133724,0.000675262,0.001069865,0.000529693,-0.000418812,0.001069865,,,
1786043833635568337,1786043833.634569951,/novatel/oem7/odom,/novatel/oem7/fix,/novatel/oem7/odom,39.663,-75.756,-1.800133724,0.000675262,0.001069865,0.000529693,-0.000418812,0.001069865,,,
1786043833647351886,1786043833.646611629,/novatel/oem7/inspva,/novatel/oem7/inspva,/novatel/oem7/inspva,39.663,-75.756,-1.800137207,0.001104515,0.000854827,-0.000258560,0.001073825,0.000854827,,novatel_oem7_msgs.msg.InertialSolutionStatus(status=3),
1786043833649365861,1786043833.646853111,/novatel/oem7/fix,/novatel/oem7/fix,/novatel/oem7/inspva,39.663,-75.756,-1.800137207,0.001104515,0.000854827,-0.000258560,0.001073825,0.000854827,,0,
1786043833650973003,1786043833.647724387,/novatel/oem7/odom,/novatel/oem7/fix,/novatel/oem7/odom,39.663,-75.756,-1.800137207,0.001101784,0.000858344,0.001056056,-0.000314124,0.000858344,,,
1786043833657920610,1786043833.657017199,/novatel/oem7/odom,/novatel/oem7/fix,/novatel/oem7/odom,39.663,-75.756,-1.800137207,0.001101784,0.000858344,0.001056056,-0.000314124,0.000858344,,,
1786043833665813637,1786043833.665096650,/novatel/oem7/inspva,/novatel/oem7/inspva,/novatel/oem7/inspva,39.663,-75.756,-1.800144467,0.000872065,0.000792749,-0.000607106,0.000626035,0.000792749,,novatel_oem7_msgs.msg.InertialSolutionStatus(status=3),
1786043833667265655,1786043833.665305098,/novatel/oem7/fix,/novatel/oem7/fix,/novatel/oem7/inspva,39.663,-75.756,-1.800144467,0.000872065,0.000792749,-0.000607106,0.000626035,0.000792749,,0,
1786043833668351796,1786043833.665771673,/novatel/oem7/odom,/novatel/oem7/fix,/novatel/oem7/odom,39.663,-75.756,-1.800144467,0.000871377,0.000793505,0.000591683,-0.000639694,0.000793505,,,
1786043833676313184,1786043833.675583399,/novatel/oem7/odom,/novatel/oem7/fix,/novatel/oem7/odom,39.663,-75.756,-1.800144467,0.000871377,0.000793505,0.000591683,-0.000639694,0.000793505,,,
1786043833686660275,1786043833.685901647,/novatel/oem7/inspva,/novatel/oem7/inspva,/novatel/oem7/inspva,39.663,-75.756,-1.800142765,0.001338759,0.001190566,-0.000615620,0.001188818,0.001190566,,novatel_oem7_msgs.msg.InertialSolutionStatus(status=3),
1786043833688609811,1786043833.686210790,/novatel/oem7/fix,/novatel/oem7/fix,/novatel/oem7/inspva,39.663,-75.756,-1.800142765,0.001338759,0.001190566,-0.000615620,0.001188818,0.001190566,,0,
1786043833690061299,1786043833.686753603,/novatel/oem7/odom,/novatel/oem7/fix,/novatel/oem7/odom,39.663,-75.756,-1.800142765,0.001336135,0.001193511,0.001151709,-0.000677365,0.001193511,,,
1786043833695882468,1786043833.695172715,/novatel/oem7/odom,/novatel/oem7/fix,/novatel/oem7/odom,39.663,-75.756,-1.800142765,0.001336135,0.001193511,0.001151709,-0.000677365,0.001193511,,,
1786043833706297461,1786043833.705786459,/novatel/oem7/inspva,/novatel/oem7/inspva,/novatel/oem7/inspva,39.663,-75.756,-1.800150638,0.001016401,0.001184709,-0.000816529,0.000605269,0.001184709,,novatel_oem7_msgs.msg.InertialSolutionStatus(status=3),
1786043833707743545,1786043833.705976724,/novatel/oem7/fix,/novatel/oem7/fix,/novatel/oem7/inspva,39.663,-75.756,-1.800150638,0.001016401,0.001184709,-0.000816529,0.000605269,0.001184709,,0,
1786043833708846020,1786043833.706531436,/novatel/oem7/odom,/novatel/oem7/fix,/novatel/oem7/odom,39.663,-75.756,-1.800150638,0.001016316,0.001184782,0.000558863,-0.000848864,0.001184782,,,
1786043833710545487,1786043833.709092239,/novatel/oem7/bestpos,/novatel/oem7/bestpos,/novatel/oem7/odom,39.663,-75.756,33.182098683,0.001016316,0.001184782,0.000558863,-0.000848864,0.001184782,,novatel_oem7_msgs.msg.SolutionStatus(status=0),novatel_oem7_msgs.msg.PositionOrVelocityType(type=53)
1786043833711579837,1786043833.709511920,/novatel/oem7/bestvel,/novatel/oem7/bestpos,/novatel/oem7/bestvel,39.663,-75.756,33.182098683,0.001414500,0.000642845,,,,111.339852107,novatel_oem7_msgs.msg.SolutionStatus(status=0),novatel_oem7_msgs.msg.PositionOrVelocityType(type=53)
1786043833715617815,1786043833.714835947,/novatel/oem7/odom,/novatel/oem7/bestpos,/novatel/oem7/odom,39.663,-75.756,33.182098683,0.001016316,0.001184782,0.000558863,-0.000848864,0.001184782,,,
1786043833725956093,1786043833.725266440,/novatel/oem7/inspva,/novatel/oem7/inspva,/novatel/oem7/inspva,39.663,-75.756,-1.800152186,0.001396651,0.000736696,-0.000423353,0.001330942,0.000736696,,novatel_oem7_msgs.msg.InertialSolutionStatus(status=3),
1786043833727499792,1786043833.725497732,/novatel/oem7/fix,/novatel/oem7/fix,/novatel/oem7/inspva,39.663,-75.756,-1.800152186,0.001396651,0.000736696,-0.000423353,0.001330942,0.000736696,,0,
1786043833728859396,1786043833.726278280,/novatel/oem7/odom,/novatel/oem7/fix,/novatel/oem7/odom,39.663,-75.756,-1.800152186,0.001394502,0.000740757,0.001305105,-0.000491258,0.000740757,,,
1786043833736788796,1786043833.735724109,/novatel/oem7/odom,/novatel/oem7/fix,/novatel/oem7/odom,39.663,-75.756,-1.800152186,0.001394502,0.000740757,0.001305105,-0.000491258,0.000740757,,,
1786043833746287079,1786043833.745472194,/novatel/oem7/inspva,/novatel/oem7/inspva,/novatel/oem7/inspva,39.663,-75.756,-1.800156862,0.000962915,0.001027794,-0.000618492,0.000738020,0.001027794,,novatel_oem7_msgs.msg.InertialSolutionStatus(status=3),
1786043833748341187,1786043833.745837431,/novatel/oem7/fix,/novatel/oem7/fix,/novatel/oem7/inspva,39.663,-75.756,-1.800156862,0.000962915,0.001027794,-0.000618492,0.000738020,0.001027794,,0,
1786043833749868322,1786043833.746331199,/novatel/oem7/odom,/novatel/oem7/fix,/novatel/oem7/odom,39.663,-75.756,-1.800156862,0.000961682,0.001028948,0.000701998,-0.000657291,0.001028948,,,
1786043833756334894,1786043833.755622487,/novatel/oem7/odom,/novatel/oem7/fix,/novatel/oem7/odom,39.663,-75.756,-1.800156862,0.000961682,0.001028948,0.000701998,-0.000657291,0.001028948,,,
1786043833767507724,1786043833.766627279,/novatel/oem7/inspva,/novatel/oem7/inspva,/novatel/oem7/inspva,39.663,-75.756,-1.800157420,0.001048361,0.000859457,-0.000191742,0.001030678,0.000859457,,novatel_oem7_msgs.msg.InertialSolutionStatus(status=3),
1786043833769188068,1786043833.766878438,/novatel/oem7/fix,/novatel/oem7/fix,/novatel/oem7/inspva,39.663,-75.756,-1.800157420,0.001048361,0.000859457,-0.000191742,0.001030678,0.000859457,,0,
1786043833770373163,1786043833.767497535,/novatel/oem7/odom,/novatel/oem7/fix,/novatel/oem7/odom,39.663,-75.756,-1.800157420,0.001045472,0.000862970,0.001016295,-0.000245267,0.000862970,,,
1786043833776188822,1786043833.775489619,/novatel/oem7/odom,/novatel/oem7/fix,/novatel/oem7/odom,39.663,-75.756,-1.800157420,0.001045472,0.000862970,0.001016295,-0.000245267,0.000862970,,,
1786043833785652235,1786043833.784930817,/novatel/oem7/inspva,/novatel/oem7/inspva,/novatel/oem7/inspva,39.663,-75.756,-1.800162916,0.000811230,0.000931743,-0.000389577,0.000711564,0.000931743,,novatel_oem7_msgs.msg.InertialSolutionStatus(status=3),
1786043833787237691,1786043833.785132543,/novatel/oem7/fix,/novatel/oem7/fix,/novatel/oem7/inspva,39.663,-75.756,-1.800162916,0.000811230,0.000931743,-0.000389577,0.000711564,0.000931743,,0,
1786043833788407356,1786043833.785497843,/novatel/oem7/odom,/novatel/oem7/fix,/novatel/oem7/odom,39.663,-75.756,-1.800162916,0.000809278,0.000933438,0.000687401,-0.000427095,0.000933438,,,
1786043833796642543,1786043833.795496301,/novatel/oem7/odom,/novatel/oem7/fix,/novatel/oem7/odom,39.663,-75.756,-1.800162916,0.000809278,0.000933438,0.000687401,-0.000427095,0.000933438,,,
1786043833807341458,1786043833.806577930,/novatel/oem7/inspva,/novatel/oem7/inspva,/novatel/oem7/inspva,39.663,-75.756,-1.800162281,0.001127699,0.000943612,-0.000584719,0.000964266,0.000943612,,novatel_oem7_msgs.msg.InertialSolutionStatus(status=3),
1786043833809377362,1786043833.806879123,/novatel/oem7/fix,/novatel/oem7/fix,/novatel/oem7/inspva,39.663,-75.756,-1.800162281,0.001127699,0.000943612,-0.000584719,0.000964266,0.000943612,,0,
1786043833810861533,1786043833.807252244,/novatel/oem7/odom,/novatel/oem7/fix,/novatel/oem7/odom,39.663,-75.756,-1.800162281,0.001125899,0.000945759,0.000929984,-0.000634649,0.000945759,,,
1786043833812878591,1786043833.810317465,/novatel/oem7/bestpos,/novatel/oem7/bestpos,/novatel/oem7/odom,39.663,-75.756,33.182091888,0.001125899,0.000945759,0.000929984,-0.000634649,0.000945759,,novatel_oem7_msgs.msg.SolutionStatus(status=0),novatel_oem7_msgs.msg.PositionOrVelocityType(type=53)
1786043833814171461,1786043833.810768586,/novatel/oem7/bestvel,/novatel/oem7/bestpos,/novatel/oem7/bestvel,39.663,-75.756,33.182091888,0.001337884,0.000968917,,,,124.270195910,novatel_oem7_msgs.msg.SolutionStatus(status=0),novatel_oem7_msgs.msg.PositionOrVelocityType(type=53)
1786043833816044660,1786043833.814861935,/novatel/oem7/odom,/novatel/oem7/bestpos,/novatel/oem7/odom,39.663,-75.756,33.182091888,0.001125899,0.000945759,0.000929984,-0.000634649,0.000945759,,,
1786043833826951380,1786043833.826044684,/novatel/oem7/inspva,/novatel/oem7/inspva,/novatel/oem7/inspva,39.663,-75.756,-1.800168483,0.001136258,0.001118379,-0.000631700,0.000944477,0.001118379,,novatel_oem7_msgs.msg.InertialSolutionStatus(status=3),
1786043833829111628,1786043833.826298233,/novatel/oem7/fix,/novatel/oem7/fix,/novatel/oem7/inspva,39.663,-75.756,-1.800168483,0.001136258,0.001118379,-0.000631700,0.000944477,0.001118379,,0,
1786043833830349821,1786043833.827030384,/novatel/oem7/odom,/novatel/oem7/fix,/novatel/oem7/odom,39.663,-75.756,-1.800168483,0.001134353,0.001120311,0.000907156,-0.000681046,0.001120311,,,
1786043833835686059,1786043833.834796796,/novatel/oem7/odom,/novatel/oem7/fix,/novatel/oem7/odom,39.663,-75.756,-1.800168483,0.001134353,0.001120311,0.000907156,-0.000681046,0.001120311,,,
1786043833846062460,1786043833.845258699,/novatel/oem7/inspva,/novatel/oem7/inspva,/novatel/oem7/inspva,39.663,-75.756,-1.800170842,0.001001798,0.000646223,-0.000408256,0.000914836,0.000646223,,novatel_oem7_msgs.msg.InertialSolutionStatus(status=3),
1786043833847940799,1786043833.845563945,/novatel/oem7/fix,/novatel/oem7/fix,/novatel/oem7/inspva,39.663,-75.756,-1.800170842,0.001001798,0.000646223,-0.000408256,0.000914836,0.000646223,,0,
1786043833849405131,1786043833.846064940,/novatel/oem7/odom,/novatel/oem7/fix,/novatel/oem7/odom,39.663,-75.756,-1.800170842,0.001000220,0.000648663,0.000890658,-0.000455156,0.000648663,,,
1786043833857635187,1786043833.856730996,/novatel/oem7/odom,/novatel/oem7/fix,/novatel/oem7/odom,39.663,-75.756,-1.800170842,0.001000220,0.000648663,0.000890658,-0.000455156,0.000648663,,,
1786043833865960645,1786043833.865084133,/novatel/oem7/inspva,/novatel/oem7/inspva,/novatel/oem7/inspva,39.663,-75.756,-1.800171355,0.001078382,0.000885428,-0.000559712,0.000921753,0.000885428,,novatel_oem7_msgs.msg.InertialSolutionStatus(status=3),
1786043833867941269,1786043833.865340962,/novatel/oem7/fix,/novatel/oem7/fix,/novatel/oem7/inspva,39.663,-75.756,-1.800171355,0.001078382,0.000885428,-0.000559712,0.000921753,0.000885428,,0,
1786043833869416013,1786043833.865777730,/novatel/oem7/odom,/novatel/oem7/fix,/novatel/oem7/odom,39.663,-75.756,-1.800171355,0.001076710,0.000887460,0.000889011,-0.000607424,0.000887460,,,
1786043833875233952,1786043833.874434629,/novatel/oem7/odom,/novatel/oem7/fix,/novatel/oem7/odom,39.663,-75.756,-1.800171355,0.001076710,0.000887460,0.000889011,-0.000607424,0.000887460,,,
1786043833886729172,1786043833.886130020,/novatel/oem7/inspva,/novatel/oem7/inspva,/novatel/oem7/inspva,39.663,-75.756,-1.800162568,0.001150313,0.001412432,-0.000600392,0.000981198,0.001412432,,novatel_oem7_msgs.msg.InertialSolutionStatus(status=3),
1786043833888151303,1786043833.886312262,/novatel/oem7/fix,/novatel/oem7/fix,/novatel/oem7/inspva,39.663,-75.756,-1.800162568,0.001150313,0.001412432,-0.000600392,0.000981198,0.001412432,,0,
1786043833889306832,1786043833.886893407,/novatel/oem7/odom,/novatel/oem7/fix,/novatel/oem7/odom,39.663,-75.756,-1.800162568,0.001147672,0.001414579,0.000944194,-0.000652417,0.001414579,,,
1786043833896776124,1786043833.895545975,/novatel/oem7/odom,/novatel/oem7/fix,/novatel/oem7/odom,39.663,-75.756,-1.800162568,0.001147672,0.001414579,0.000944194,-0.000652417,0.001414579,,,
1786043833906560057,1786043833.905711978,/novatel/oem7/inspva,/novatel/oem7/inspva,/novatel/oem7/inspva,39.663,-75.756,-1.800164026,0.001123879,0.001347140,-0.000571100,0.000967961,0.001347140,,novatel_oem7_msgs.msg.InertialSolutionStatus(status=3),
1786043833908026038,1786043833.905981344,/novatel/oem7/fix,/novatel/oem7/fix,/novatel/oem7/inspva,39.663,-75.756,-1.800164026,0.001123879,0.001347140,-0.000571100,0.000967961,0.001347140,,0,
1786043833909190693,1786043833.906523456,/novatel/oem7/odom,/novatel/oem7/fix,/novatel/oem7/odom,39.663,-75.756,-1.800164026,0.001121257,0.001349324,0.000932700,-0.000622324,0.001349324,,,
1786043833911027355,1786043833.909302315,/novatel/oem7/bestpos,/novatel/oem7/bestpos,/novatel/oem7/odom,39.663,-75.756,33.182084270,0.001121257,0.001349324,0.000932700,-0.000622324,0.001349324,,novatel_oem7_msgs.msg.SolutionStatus(status=0),novatel_oem7_msgs.msg.PositionOrVelocityType(type=53)
1786043833912006308,1786043833.909737492,/novatel/oem7/bestvel,/novatel/oem7/bestpos,/novatel/oem7/bestvel,39.663,-75.756,33.182084270,0.001443276,0.001265800,,,,118.755611575,novatel_oem7_msgs.msg.SolutionStatus(status=0),novatel_oem7_msgs.msg.PositionOrVelocityType(type=53)
1786043833916242311,1786043833.915474373,/novatel/oem7/odom,/novatel/oem7/bestpos,/novatel/oem7/odom,39.663,-75.756,33.182084270,0.001121257,0.001349324,0.000932700,-0.000622324,0.001349324,,,
1786043833926166735,1786043833.925383837,/novatel/oem7/inspva,/novatel/oem7/inspva,/novatel/oem7/inspva,39.663,-75.756,-1.800158355,0.001347837,0.001091775,-0.000820450,0.001069358,0.001091775,,novatel_oem7_msgs.msg.InertialSolutionStatus(status=3),
1786043833927637393,1786043833.925648923,/novatel/oem7/fix,/novatel/oem7/fix,/novatel/oem7/inspva,39.663,-75.756,-1.800158355,0.001347837,0.001091775,-0.000820450,0.001069358,0.001091775,,0,
1786043833928753485,1786043833.926139068,/novatel/oem7/odom,/novatel/oem7/fix,/novatel/oem7/odom,39.663,-75.756,-1.800158355,0.001346317,0.001093649,0.001022561,-0.000875751,0.001093649,,,
1786043833935636608,1786043833.934920617,/novatel/oem7/odom,/novatel/oem7/fix,/novatel/oem7/odom,39.663,-75.756,-1.800158355,0.001346317,0.001093649,0.001022561,-0.000875751,0.001093649,,,
1786043833946922062,1786043833.946036560,/novatel/oem7/inspva,/novatel/oem7/inspva,/novatel/oem7/inspva,39.663,-75.756,-1.800157040,0.001038602,0.001140198,-0.000590051,0.000854713,0.001140198,,novatel_oem7_msgs.msg.InertialSolutionStatus(status=3),
1786043833948511112,1786043833.946292143,/novatel/oem7/fix,/novatel/oem7/fix,/novatel/oem7/inspva,39.663,-75.756,-1.800157040,0.001038602,0.001140198,-0.000590051,0.000854713,0.001140198,,0,
1786043833949684247,1786043833.946712267,/novatel/oem7/odom,/novatel/oem7/fix,/novatel/oem7/odom,39.663,-75.756,-1.800157040,0.001036744,0.001141887,0.000819487,-0.000635043,0.001141887,,,
1786043833957706395,1786043833.956338547,/novatel/oem7/odom,/novatel/oem7/fix,/novatel/oem7/odom,39.663,-75.756,-1.800157040,0.001036744,0.001141887,0.000819487,-0.000635043,0.001141887,,,
1786043833966372869,1786043833.965326032,/novatel/oem7/inspva,/novatel/oem7/inspva,/novatel/oem7/inspva,39.663,-75.756,-1.800149472,0.001379448,0.001190841,-0.000993955,0.000956520,0.001190841,,novatel_oem7_msgs.msg.InertialSolutionStatus(status=3),
1786043833968266718,1786043833.965694582,/novatel/oem7/fix,/novatel/oem7/fix,/novatel/oem7/inspva,39.663,-75.756,-1.800149472,0.001379448,0.001190841,-0.000993955,0.000956520,0.001190841,,0,
1786043833969700177,1786043833.966242805,/novatel/oem7/odom,/novatel/oem7/fix,/novatel/oem7/odom,39.663,-75.756,-1.800149472,0.001378644,0.001191772,0.000900774,-0.001043680,0.001191772,,,
1786043833976203072,1786043833.975408131,/novatel/oem7/odom,/novatel/oem7/fix,/novatel/oem7/odom,39.663,-75.756,-1.800149472,0.001378644,0.001191772,0.000900774,-0.001043680,0.001191772,,,
1786043833987266728,1786043833.986017495,/novatel/oem7/inspva,/novatel/oem7/inspva,/novatel/oem7/inspva,39.663,-75.756,-1.800149993,0.001008234,0.000788044,-0.000496342,0.000877600,0.000788044,,novatel_oem7_msgs.msg.InertialSolutionStatus(status=3),
1786043833989016112,1786043833.986386579,/novatel/oem7/fix,/novatel/oem7/fix,/novatel/oem7/inspva,39.663,-75.756,-1.800149993,0.001008234,0.000788044,-0.000496342,0.000877600,0.000788044,,0,
1786043833990185470,1786043833.986952255,/novatel/oem7/odom,/novatel/oem7/fix,/novatel/oem7/odom,39.663,-75.756,-1.800149993,0.001006636,0.000790085,0.000848468,-0.000541680,0.000790085,,,
1786043833995037830,1786043833.994348213,/novatel/oem7/odom,/novatel/oem7/fix,/novatel/oem7/odom,39.663,-75.756,-1.800149993,0.001006636,0.000790085,0.000848468,-0.000541680,0.000790085,,,
1786043834009126832,1786043834.008305424,/novatel/oem7/inspva,/novatel/oem7/inspva,/novatel/oem7/inspva,39.663,-75.756,-1.800136361,0.001235747,0.001570890,-0.000894420,0.000852692,0.001570890,,novatel_oem7_msgs.msg.InertialSolutionStatus(status=3),
1786043834010859377,1786043834.008581937,/novatel/oem7/fix,/novatel/oem7/fix,/novatel/oem7/inspva,39.663,-75.756,-1.800136361,0.001235747,0.001570890,-0.000894420,0.000852692,0.001570890,,0,
1786043834012980681,1786043834.011119373,/novatel/oem7/odom,/novatel/oem7/fix,/novatel/oem7/odom,39.663,-75.756,-1.800136361,0.001234742,0.001571681,0.000800504,-0.000940097,0.001571681,,,
1786043834017378193,1786043834.016602775,/novatel/oem7/odom,/novatel/oem7/fix,/novatel/oem7/odom,39.663,-75.756,-1.800136361,0.001234742,0.001571681,0.000800504,-0.000940097,0.001571681,,,
1786043834025112474,1786043834.024370704,/novatel/oem7/bestpos,/novatel/oem7/bestpos,/novatel/oem7/odom,39.663,-75.756,33.182105986,0.001234742,0.001571681,0.000800504,-0.000940097,0.001571681,,novatel_oem7_msgs.msg.SolutionStatus(status=0),novatel_oem7_msgs.msg.PositionOrVelocityType(type=53)
1786043834027035131,1786043834.025501222,/novatel/oem7/bestvel,/novatel/oem7/bestpos,/novatel/oem7/bestvel,39.663,-75.756,33.182105986,0.000982375,0.001464318,,,,129.606425416,novatel_oem7_msgs.msg.SolutionStatus(status=0),novatel_oem7_msgs.msg.PositionOrVelocityType(type=53)
1786043834028605183,1786043834.026389231,/novatel/oem7/inspva,/novatel/oem7/inspva,/novatel/oem7/inspva,39.663,-75.756,-1.800139486,0.001371746,0.001049544,-0.000384039,0.001316891,0.001049544,,novatel_oem7_msgs.msg.InertialSolutionStatus(status=3),
1786043834029496952,1786043834.026689444,/novatel/oem7/fix,/novatel/oem7/fix,/novatel/oem7/inspva,39.663,-75.756,-1.800139486,0.001371746,0.001049544,-0.000384039,0.001316891,0.001049544,,0,
1786043834030670121,1786043834.027072734,/novatel/oem7/odom,/novatel/oem7/fix,/novatel/oem7/odom,39.663,-75.756,-1.800139486,0.001368614,0.001053625,0.001291764,-0.000452161,0.001053625,,,
1786043834036235617,1786043834.035517403,/novatel/oem7/odom,/novatel/oem7/fix,/novatel/oem7/odom,39.663,-75.756,-1.800139486,0.001368614,0.001053625,0.001291764,-0.000452161,0.001053625,,,
1786043834046991996,1786043834.045883145,/novatel/oem7/inspva,/novatel/oem7/inspva,/novatel/oem7/inspva,39.663,-75.756,-1.800147865,0.001536197,0.001181639,-0.001059241,0.001112615,0.001181639,,novatel_oem7_msgs.msg.InertialSolutionStatus(status=3),
1786043834049135415,1786043834.046169118,/novatel/oem7/fix,/novatel/oem7/fix,/novatel/oem7/inspva,39.663,-75.756,-1.800147865,0.001536197,0.001181639,-0.001059241,0.001112615,0.001181639,,0,
1786043834050716461,1786043834.046919165,/novatel/oem7/odom,/novatel/oem7/fix,/novatel/oem7/odom,39.663,-75.756,-1.800147865,0.001535161,0.001182985,0.001053461,-0.001116664,0.001182985,,,
1786043834057286997,1786043834.056400121,/novatel/oem7/odom,/novatel/oem7/fix,/novatel/oem7/odom,39.663,-75.756,-1.800147865,0.001535161,0.001182985,0.001053461,-0.001116664,0.001182985,,,
1786043834067456043,1786043834.066536951,/novatel/oem7/inspva,/novatel/oem7/inspva,/novatel/oem7/inspva,39.663,-75.756,-1.800159626,0.001737467,0.000849406,-0.000805008,0.001539725,0.000849406,,novatel_oem7_msgs.msg.InertialSolutionStatus(status=3),
1786043834069038320,1786043834.066836467,/novatel/oem7/fix,/novatel/oem7/fix,/novatel/oem7/inspva,39.663,-75.756,-1.800159626,0.001737467,0.000849406,-0.000805008,0.001539725,0.000849406,,0,
1786043834070114037,1786043834.067470103,/novatel/oem7/odom,/novatel/oem7/fix,/novatel/oem7/odom,39.663,-75.756,-1.800159626,0.001735624,0.000853166,0.001494092,-0.000883221,0.000853166,,,
1786043834075845952,1786043834.074771871,/novatel/oem7/odom,/novatel/oem7/fix,/novatel/oem7/odom,39.663,-75.756,-1.800159626,0.001735624,0.000853166,0.001494092,-0.000883221,0.000853166,,,
1786043834086388939,1786043834.085382462,/novatel/oem7/inspva,/novatel/oem7/inspva,/novatel/oem7/inspva,39.663,-75.756,-1.800158647,0.001620184,0.001454595,-0.001163962,0.001127026,0.001454595,,novatel_oem7_msgs.msg.InertialSolutionStatus(status=3),
1786043834088059352,1786043834.085708312,/novatel/oem7/fix,/novatel/oem7/fix,/novatel/oem7/inspva,39.663,-75.756,-1.800158647,0.001620184,0.001454595,-0.001163962,0.001127026,0.001454595,,0,
1786043834089201574,1786043834.086249161,/novatel/oem7/odom,/novatel/oem7/fix,/novatel/oem7/odom,39.663,-75.756,-1.800158647,0.001619195,0.001455696,0.001061505,-0.001222702,0.001455696,,,
1786043834095869001,1786043834.095157534,/novatel/oem7/odom,/novatel/oem7/fix,/novatel/oem7/odom,39.663,-75.756,-1.800158647,0.001619195,0.001455696,0.001061505,-0.001222702,0.001455696,,,
1786043834106864033,1786043834.106080902,/novatel/oem7/inspva,/novatel/oem7/inspva,/novatel/oem7/inspva,39.663,-75.756,-1.800167453,0.001815872,0.001387787,-0.000886589,0.001584724,0.001387787,,novatel_oem7_msgs.msg.InertialSolutionStatus(status=3),
1786043834108315551,1786043834.106302511,/novatel/oem7/fix,/novatel/oem7/fix,/novatel/oem7/inspva,39.663,-75.756,-1.800167453,0.001815872,0.001387787,-0.000886589,0.001584724,0.001387787,,0,
1786043834109558617,1786043834.106773959,/novatel/oem7/odom,/novatel/oem7/fix,/novatel/oem7/odom,39.663,-75.756,-1.800167453,0.001813056,0.001391464,0.001532768,-0.000968398,0.001391464,,,
1786043834111379275,1786043834.109604711,/novatel/oem7/bestpos,/novatel/oem7/bestpos,/novatel/oem7/odom,39.663,-75.756,33.182070146,0.001813056,0.001391464,0.001532768,-0.000968398,0.001391464,,novatel_oem7_msgs.msg.SolutionStatus(status=0),novatel_oem7_msgs.msg.PositionOrVelocityType(type=53)
1786043834112373272,1786043834.110239937,/novatel/oem7/bestvel,/novatel/oem7/bestpos,/novatel/oem7/bestvel,39.663,-75.756,33.182070146,0.001487178,0.001259065,,,,109.717455832,novatel_oem7_msgs.msg.SolutionStatus(status=0),novatel_oem7_msgs.msg.PositionOrVelocityType(type=53)
1786043834115344323,1786043834.114635415,/novatel/oem7/odom,/novatel/oem7/bestpos,/novatel/oem7/odom,39.663,-75.756,33.182070146,0.001813056,0.001391464,0.001532768,-0.000968398,0.001391464,,,
1786043834125773094,1786043834.125024801,/novatel/oem7/inspva,/novatel/oem7/inspva,/novatel/oem7/inspva,39.663,-75.756,-1.800167831,0.001602781,0.001197063,-0.000992595,0.001258437,0.001197063,,novatel_oem7_msgs.msg.InertialSolutionStatus(status=3),
1786043834127160429,1786043834.125266736,/novatel/oem7/fix,/novatel/oem7/fix,/novatel/oem7/inspva,39.663,-75.756,-1.800167831,0.001602781,0.001197063,-0.000992595,0.001258437,0.001197063,,0,
1786043834128321850,1786043834.125674667,/novatel/oem7/odom,/novatel/oem7/fix,/novatel/oem7/odom,39.663,-75.756,-1.800167831,0.001601222,0.001199148,0.001202377,-0.001057450,0.001199148,,,
1786043834136292541,1786043834.135593694,/novatel/oem7/odom,/novatel/oem7/fix,/novatel/oem7/odom,39.663,-75.756,-1.800167831,0.001601222,0.001199148,0.001202377,-0.001057450,0.001199148,,,
1786043834146145125,1786043834.145064377,/novatel/oem7/inspva,/novatel/oem7/inspva,/novatel/oem7/inspva,39.663,-75.756,-1.800171500,0.001627924,0.001358679,-0.000681264,0.001478518,0.001358679,,novatel_oem7_msgs.msg.InertialSolutionStatus(status=3),
1786043834148368220,1786043834.145355513,/novatel/oem7/fix,/novatel/oem7/fix,/novatel/oem7/inspva,39.663,-75.756,-1.800171500,0.001627924,0.001358679,-0.000681264,0.001478518,0.001358679,,0,
1786043834149829432,1786043834.145966443,/novatel/oem7/odom,/novatel/oem7/fix,/novatel/oem7/odom,39.663,-75.756,-1.800171500,0.001624724,0.001362504,0.001437093,-0.000757952,0.001362504,,,
1786043834156613384,1786043834.155716412,/novatel/oem7/odom,/novatel/oem7/fix,/novatel/oem7/odom,39.663,-75.756,-1.800171500,0.001624724,0.001362504,0.001437093,-0.000757952,0.001362504,,,
1786043834167490677,1786043834.166549488,/novatel/oem7/inspva,/novatel/oem7/inspva,/novatel/oem7/inspva,39.663,-75.756,-1.800173730,0.001835080,0.001037449,-0.000963083,0.001562046,0.001037449,,novatel_oem7_msgs.msg.InertialSolutionStatus(status=3),
1786043834168918639,1786043834.166858478,/novatel/oem7/fix,/novatel/oem7/fix,/novatel/oem7/inspva,39.663,-75.756,-1.800173730,0.001835080,0.001037449,-0.000963083,0.001562046,0.001037449,,0,
1786043834170010106,1786043834.167323676,/novatel/oem7/odom,/novatel/oem7/fix,/novatel/oem7/odom,39.663,-75.756,-1.800173730,0.001833190,0.001040785,0.001507743,-0.001042735,0.001040785,,,
1786043834176053324,1786043834.174994417,/novatel/oem7/odom,/novatel/oem7/fix,/novatel/oem7/odom,39.663,-75.756,-1.800173730,0.001833190,0.001040785,0.001507743,-0.001042735,0.001040785,,,
1786043834186105856,1786043834.185173393,/novatel/oem7/inspva,/novatel/oem7/inspva,/novatel/oem7/inspva,39.663,-75.756,-1.800174735,0.001627700,0.001421209,-0.000760723,0.001438996,0.001421209,,novatel_oem7_msgs.msg.InertialSolutionStatus(status=3),
1786043834187710852,1786043834.185484706,/novatel/oem7/fix,/novatel/oem7/fix,/novatel/oem7/inspva,39.663,-75.756,-1.800174735,0.001627700,0.001421209,-0.000760723,0.001438996,0.001421209,,0,
1786043834188859578,1786043834.185876407,/novatel/oem7/odom,/novatel/oem7/fix,/novatel/oem7/odom,39.663,-75.756,-1.800174735,0.001624692,0.001424647,0.001393393,-0.000835512,0.001424647,,,
1786043834196235279,1786043834.195540605,/novatel/oem7/odom,/novatel/oem7/fix,/novatel/oem7/odom,39.663,-75.756,-1.800174735,0.001624692,0.001424647,0.001393393,-0.000835512,0.001424647,,,
1786043834207376221,1786043834.206573730,/novatel/oem7/inspva,/novatel/oem7/inspva,/novatel/oem7/inspva,39.663,-75.756,-1.800174319,0.001851747,0.001134968,-0.001161752,0.001441977,0.001134968,,novatel_oem7_msgs.msg.InertialSolutionStatus(status=3),
1786043834208920227,1786043834.206829983,/novatel/oem7/fix,/novatel/oem7/fix,/novatel/oem7/inspva,39.663,-75.756,-1.800174319,0.001851747,0.001134968,-0.001161752,0.001441977,0.001134968,,0,
1786043834210213507,1786043834.207226867,/novatel/oem7/odom,/novatel/oem7/fix,/novatel/oem7/odom,39.663,-75.756,-1.800174319,0.001850350,0.001137244,0.001377505,-0.001235426,0.001137244,,,
1786043834211968542,1786043834.210213477,/novatel/oem7/bestpos,/novatel/oem7/bestpos,/novatel/oem7/odom,39.663,-75.756,33.182071444,0.001850350,0.001137244,0.001377505,-0.001235426,0.001137244,,novatel_oem7_msgs.msg.SolutionStatus(status=0),novatel_oem7_msgs.msg.PositionOrVelocityType(type=53)
1786043834212953798,1786043834.210638568,/novatel/oem7/bestvel,/novatel/oem7/bestpos,/novatel/oem7/bestvel,39.663,-75.756,33.182071444,0.001539904,0.001209677,,,,131.904245197,novatel_oem7_msgs.msg.SolutionStatus(status=0),novatel_oem7_msgs.msg.PositionOrVelocityType(type=53)
1786043834215804187,1786043834.215077069,/novatel/oem7/odom,/novatel/oem7/bestpos,/novatel/oem7/odom,39.663,-75.756,33.182071444,0.001850350,0.001137244,0.001377505,-0.001235426,0.001137244,,,
1786043834226049394,1786043834.225268313,/novatel/oem7/inspva,/novatel/oem7/inspva,/novatel/oem7/inspva,39.663,-75.756,-1.800175285,0.001828515,0.001407402,-0.001119578,0.001445688,0.001407402,,novatel_oem7_msgs.msg.InertialSolutionStatus(status=3),
1786043834227456405,1786043834.225532682,/novatel/oem7/fix,/novatel/oem7/fix,/novatel/oem7/inspva,39.663,-75.756,-1.800175285,0.001828515,0.001407402,-0.001119578,0.001445688,0.001407402,,0,
1786043834228546980,1786043834.225997164,/novatel/oem7/odom,/novatel/oem7/fix,/novatel/oem7/odom,39.663,-75.756,-1.800175285,0.001826654,0.001409817,0.001382208,-0.001194221,0.001409817,,,
1786043834235182490,1786043834.234488973,/novatel/oem7/odom,/novatel/oem7/fix,/novatel/oem7/odom,39.663,-75.756,-1.800175285,0.001826654,0.001409817,0.001382208,-0.001194221,0.001409817,,,
1786043834246139374,1786043834.245049373,/novatel/oem7/inspva,/novatel/oem7/inspva,/novatel/oem7/inspva,39.663,-75.756,-1.800174279,0.001912550,0.001123699,-0.000942847,0.001663997,0.001123699,,novatel_oem7_msgs.msg.InertialSolutionStatus(status=3),
1786043834248143278,1786043834.245406104,/novatel/oem7/fix,/novatel/oem7/fix,/novatel/oem7/inspva,39.663,-75.756,-1.800174279,0.001912550,0.001123699,-0.000942847,0.001663997,0.001123699,,0,
1786043834249720084,1786043834.245872005,/novatel/oem7/odom,/novatel/oem7/fix,/novatel/oem7/odom,39.663,-75.756,-1.800174279,0.001910316,0.001127492,0.001610226,-0.001027851,0.001127492,,,
1786043834257343778,1786043834.256432646,/novatel/oem7/odom,/novatel/oem7/fix,/novatel/oem7/odom,39.663,-75.756,-1.800174279,0.001910316,0.001127492,0.001610226,-0.001027851,0.001127492,,,
1786043834265698873,1786043834.264889741,/novatel/oem7/inspva,/novatel/oem7/inspva,/novatel/oem7/inspva,39.663,-75.756,-1.800171239,0.002048627,0.001448944,-0.001109904,0.001721913,0.001448944,,novatel_oem7_msgs.msg.InertialSolutionStatus(status=3),
1786043834267166794,1786043834.265128630,/novatel/oem7/fix,/novatel/oem7/fix,/novatel/oem7/inspva,39.663,-75.756,-1.800171239,0.002048627,0.001448944,-0.001109904,0.001721913,0.001448944,,0,
1786043834268314366,1786043834.265596503,/novatel/oem7/odom,/novatel/oem7/fix,/novatel/oem7/odom,39.663,-75.756,-1.800171239,0.002046128,0.001452470,0.001658401,-0.001198477,0.001452470,,,
1786043834275639110,1786043834.274581872,/novatel/oem7/odom,/novatel/oem7/fix,/novatel/oem7/odom,39.663,-75.756,-1.800171239,0.002046128,0.001452470,0.001658401,-0.001198477,0.001452470,,,
1786043834287550834,1786043834.286554858,/novatel/oem7/inspva,/novatel/oem7/inspva,/novatel/oem7/inspva,39.663,-75.756,-1.800164348,0.002373273,0.001512173,-0.001242530,0.002022015,0.001512173,,novatel_oem7_msgs.msg.InertialSolutionStatus(status=3),
1786043834289156744,1786043834.286838411,/novatel/oem7/fix,/novatel/oem7/fix,/novatel/oem7/inspva,39.663,-75.756,-1.800164348,0.002373273,0.001512173,-0.001242530,0.002022015,0.001512173,,0,
1786043834290351946,1786043834.287263071,/novatel/oem7/odom,/novatel/oem7/fix,/novatel/oem7/odom,39.663,-75.756,-1.800164348,0.002370529,0.001516471,0.001951251,-0.001346115,0.001516471,,,
1786043834295757214,1786043834.294971736,/novatel/oem7/odom,/novatel/oem7/fix,/novatel/oem7/odom,39.663,-75.756,-1.800164348,0.002370529,0.001516471,0.001951251,-0.001346115,0.001516471,,,
1786043834306533710,1786043834.305766815,/novatel/oem7/inspva,/novatel/oem7/inspva,/novatel/oem7/inspva,39.663,-75.756,-1.800161128,0.002630875,0.001668536,-0.001456997,0.002190585,0.001668536,,novatel_oem7_msgs.msg.InertialSolutionStatus(status=3),
1786043834307963815,1786043834.306000075,/novatel/oem7/fix,/novatel/oem7/fix,/novatel/oem7/inspva,39.663,-75.756,-1.800161128,0.002630875,0.001668536,-0.001456997,0.002190585,0.001668536,,0,
1786043834309161283,1786043834.306494296,/novatel/oem7/odom,/novatel/oem7/fix,/novatel/oem7/odom,39.663,-75.756,-1.800161128,0.002628107,0.001672893,0.002108240,-0.001569163,0.001672893,,,
1786043834311088462,1786043834.309443523,/novatel/oem7/bestpos,/novatel/oem7/bestpos,/novatel/oem7/odom,39.663,-75.756,33.182088860,0.002628107,0.001672893,0.002108240,-0.001569163,0.001672893,,novatel_oem7_msgs.msg.SolutionStatus(status=0),novatel_oem7_msgs.msg.PositionOrVelocityType(type=53)
1786043834312092070,1786043834.310166800,/novatel/oem7/bestvel,/novatel/oem7/bestpos,/novatel/oem7/bestvel,39.663,-75.756,33.182088860,0.002834063,0.001706938,,,,125.203276779,novatel_oem7_msgs.msg.SolutionStatus(status=0),novatel_oem7_msgs.msg.PositionOrVelocityType(type=53)
1786043834315340686,1786043834.314577232,/novatel/oem7/odom,/novatel/oem7/bestpos,/novatel/oem7/odom,39.663,-75.756,33.182088860,0.002628107,0.001672893,0.002108240,-0.001569163,0.001672893,,,
1786043834325779115,1786043834.325077514,/novatel/oem7/inspva,/novatel/oem7/inspva,/novatel/oem7/inspva,39.663,-75.756,-1.800154255,0.002588172,0.001502567,-0.001328943,0.002220933,0.001502567,,novatel_oem7_msgs.msg.InertialSolutionStatus(status=3),
1786043834327338141,1786043834.325330384,/novatel/oem7/fix,/novatel/oem7/fix,/novatel/oem7/inspva,39.663,-75.756,-1.800154255,0.002588172,0.001502567,-0.001328943,0.002220933,0.001502567,,0,
1786043834328453712,1786043834.326067451,/novatel/oem7/odom,/novatel/oem7/fix,/novatel/oem7/odom,39.663,-75.756,-1.800154255,0.002585354,0.001507411,0.002145620,-0.001442348,0.001507411,,,
1786043834335599771,1786043834.334752869,/novatel/oem7/odom,/novatel/oem7/fix,/novatel/oem7/odom,39.663,-75.756,-1.800154255,0.002585354,0.001507411,0.002145620,-0.001442348,0.001507411,,,
1786043834347085807,1786043834.345981296,/novatel/oem7/inspva,/novatel/oem7/inspva,/novatel/oem7/inspva,39.663,-75.756,-1.800150121,0.002767700,0.001394396,-0.001481889,0.002337556,0.001394396,,novatel_oem7_msgs.msg.InertialSolutionStatus(status=3),
1786043834349006937,1786043834.346324123,/novatel/oem7/fix,/novatel/oem7/fix,/novatel/oem7/inspva,39.663,-75.756,-1.800150121,0.002767700,0.001394396,-0.001481889,0.002337556,0.001394396,,0,
1786043834350526926,1786043834.346946276,/novatel/oem7/odom,/novatel/oem7/fix,/novatel/oem7/odom,39.663,-75.756,-1.800150121,0.002765263,0.001399222,0.002254883,-0.001600683,0.001399222,,,
1786043834356849420,1786043834.355934891,/novatel/oem7/odom,/novatel/oem7/fix,/novatel/oem7/odom,39.663,-75.756,-1.800150121,0.002765263,0.001399222,0.002254883,-0.001600683,0.001399222,,,
1786043834365927752,1786043834.365088823,/novatel/oem7/inspva,/novatel/oem7/inspva,/novatel/oem7/inspva,39.663,-75.756,-1.800141896,0.002133746,0.001480151,-0.000896222,0.001936403,0.001480151,,novatel_oem7_msgs.msg.InertialSolutionStatus(status=3),
1786043834367616952,1786043834.365344532,/novatel/oem7/fix,/novatel/oem7/fix,/novatel/oem7/inspva,39.663,-75.756,-1.800141896,0.002133746,0.001480151,-0.000896222,0.001936403,0.001480151,,0,
1786043834368811341,1786043834.365922128,/novatel/oem7/odom,/novatel/oem7/fix,/novatel/oem7/odom,39.663,-75.756,-1.800141896,0.002130295,0.001485114,0.001883167,-0.000995911,0.001485114,,,
1786043834376211849,1786043834.375452002,/novatel/oem7/odom,/novatel/oem7/fix,/novatel/oem7/odom,39.663,-75.756,-1.800141896,0.002130295,0.001485114,0.001883167,-0.000995911,0.001485114,,,
1786043834385798680,1786043834.384948698,/novatel/oem7/inspva,/novatel/oem7/inspva,/novatel/oem7/inspva,39.663,-75.756,-1.800139423,0.002565792,0.001374871,-0.001135000,0.002301100,0.001374871,,novatel_oem7_msgs.msg.InertialSolutionStatus(status=3),
1786043834387217951,1786043834.385221524,/novatel/oem7/fix,/novatel/oem7/fix,/novatel/oem7/inspva,39.663,-75.756,-1.800139423,0.002565792,0.001374871,-0.001135000,0.002301100,0.001374871,,0,
1786043834388315179,1786043834.385613041,/novatel/oem7/odom,/novatel/oem7/fix,/novatel/oem7/odom,39.663,-75.756,-1.800139423,0.002562745,0.001380542,0.002235900,-0.001252364,0.001380542,,,
1786043834395012147,1786043834.394324136,/novatel/oem7/odom,/novatel/oem7/fix,/novatel/oem7/odom,39.663,-75.756,-1.800139423,0.002562745,0.001380542,0.002235900,-0.001252364,0.001380542,,,
1786043834407245931,1786043834.406499916,/novatel/oem7/inspva,/novatel/oem7/inspva,/novatel/oem7/inspva,39.663,-75.756,-1.800128347,0.002410169,0.001763935,-0.001005152,0.002190567,0.001763935,,novatel_oem7_msgs.msg.InertialSolutionStatus(status=3),
1786043834408657568,1786043834.406729449,/novatel/oem7/fix,/novatel/oem7/fix,/novatel/oem7/inspva,39.663,-75.756,-1.800128347,0.002410169,0.001763935,-0.001005152,0.002190567,0.001763935,,0,
1786043834409927141,1786043834.407150910,/novatel/oem7/odom,/novatel/oem7/fix,/novatel/oem7/odom,39.663,-75.756,-1.800128347,0.002406049,0.001769551,0.002130429,-0.001118187,0.001769551,,,
1786043834411676996,1786043834.410208607,/novatel/oem7/bestpos,/novatel/oem7/bestpos,/novatel/oem7/odom,39.663,-75.756,33.182117620,0.002406049,0.001769551,0.002130429,-0.001118187,0.001769551,,novatel_oem7_msgs.msg.SolutionStatus(status=0),novatel_oem7_msgs.msg.PositionOrVelocityType(type=53)
1786043834412664686,1786043834.410598935,/novatel/oem7/bestvel,/novatel/oem7/bestpos,/novatel/oem7/bestvel,39.663,-75.756,33.182117620,0.002742825,0.001722582,,,,115.587858459,novatel_oem7_msgs.msg.SolutionStatus(status=0),novatel_oem7_msgs.msg.PositionOrVelocityType(type=53)
1786043834415526108,1786043834.414695893,/novatel/oem7/odom,/novatel/oem7/bestpos,/novatel/oem7/odom,39.663,-75.756,33.182117620,0.002406049,0.001769551,0.002130429,-0.001118187,0.001769551,,,
1786043834425755382,1786043834.425000634,/novatel/oem7/inspva,/novatel/oem7/inspva,/novatel/oem7/inspva,39.663,-75.756,-1.800125110,0.002687882,0.001450824,-0.001332604,0.002334283,0.001450824,,novatel_oem7_msgs.msg.InertialSolutionStatus(status=3),
1786043834427129175,1786043834.425243356,/novatel/oem7/fix,/novatel/oem7/fix,/novatel/oem7/inspva,39.663,-75.756,-1.800125110,0.002687882,0.001450824,-0.001332604,0.002334283,0.001450824,,0,
1786043834428200263,1786043834.425605073,/novatel/oem7/odom,/novatel/oem7/fix,/novatel/oem7/odom,39.663,-75.756,-1.800125110,0.002685055,0.001456049,0.002258846,-0.001451597,0.001456049,,,
1786043834437515258,1786043834.436523274,/novatel/oem7/odom,/novatel/oem7/fix,/novatel/oem7/odom,39.663,-75.756,-1.800125110,0.002685055,0.001456049,0.002258846,-0.001451597,0.001456049,,,
1786043834446152348,1786043834.445367677,/novatel/oem7/inspva,/novatel/oem7/inspva,/novatel/oem7/inspva,39.663,-75.756,-1.800111637,0.002655741,0.001856564,-0.001175568,0.002381386,0.001856564,,novatel_oem7_msgs.msg.InertialSolutionStatus(status=3),
1786043834448078291,1786043834.445661093,/novatel/oem7/fix,/novatel/oem7/fix,/novatel/oem7/inspva,39.663,-75.756,-1.800111637,0.002655741,0.001856564,-0.001175568,0.002381386,0.001856564,,0,
1786043834449629427,1786043834.446159805,/novatel/oem7/odom,/novatel/oem7/fix,/novatel/oem7/odom,39.663,-75.756,-1.800111637,0.002651610,0.001862459,0.002312080,-0.001298201,0.001862459,,,
1786043834457151960,1786043834.456269004,/novatel/oem7/odom,/novatel/oem7/fix,/novatel/oem7/odom,39.663,-75.756,-1.800111637,0.002651610,0.001862459,0.002312080,-0.001298201,0.001862459,,,
1786043834467300916,1786043834.466083473,/novatel/oem7/inspva,/novatel/oem7/inspva,/novatel/oem7/inspva,39.663,-75.756,-1.800106144,0.002663527,0.001489445,-0.001258924,0.002347230,0.001489445,,novatel_oem7_msgs.msg.InertialSolutionStatus(status=3),
1786043834469466114,1786043834.466345626,/novatel/oem7/fix,/novatel/oem7/fix,/novatel/oem7/inspva,39.663,-75.756,-1.800106144,0.002663527,0.001489445,-0.001258924,0.002347230,0.001489445,,0,
1786043834471083181,1786043834.467051580,/novatel/oem7/odom,/novatel/oem7/fix,/novatel/oem7/odom,39.663,-75.756,-1.800106144,0.002660454,0.001494928,0.002275299,-0.001378778,0.001494928,,,
1786043834475214266,1786043834.474411425,/novatel/oem7/odom,/novatel/oem7/fix,/novatel/oem7/odom,39.663,-75.756,-1.800106144,0.002660454,0.001494928,0.002275299,-0.001378778,0.001494928,,,
1786043834486160461,1786043834.485283232,/novatel/oem7/inspva,/novatel/oem7/inspva,/novatel/oem7/inspva,39.663,-75.756,-1.800088013,0.002332314,0.001987611,-0.000836865,0.002177003,0.001987611,,novatel_oem7_msgs.msg.InertialSolutionStatus(status=3),
1786043834487759310,1786043834.485528697,/novatel/oem7/fix,/novatel/oem7/fix,/novatel/oem7/inspva,39.663,-75.756,-1.800088013,0.002332314,0.001987611,-0.000836865,0.002177003,0.001987611,,0,
1786043834488888308,1786043834.486205424,/novatel/oem7/odom,/novatel/oem7/fix,/novatel/oem7/odom,39.663,-75.756,-1.800088013,0.002327164,0.001993638,0.002124392,-0.000950081,0.001993638,,,
1786043834496513279,1786043834.495648887,/novatel/oem7/odom,/novatel/oem7/fix,/novatel/oem7/odom,39.663,-75.756,-1.800088013,0.002327164,0.001993638,0.002124392,-0.000950081,0.001993638,,,
1786043834506673285,1786043834.505969694,/novatel/oem7/inspva,/novatel/oem7/inspva,/novatel/oem7/inspva,39.663,-75.756,-1.800079473,0.002489118,0.001876822,-0.000978851,0.002288571,0.001876822,,novatel_oem7_msgs.msg.InertialSolutionStatus(status=3),
1786043834508128559,1786043834.506176990,/novatel/oem7/fix,/novatel/oem7/fix,/novatel/oem7/inspva,39.663,-75.756,-1.800079473,0.002489118,0.001876822,-0.000978851,0.002288571,0.001876822,,0,
1786043834509215500,1786043834.506634578,/novatel/oem7/odom,/novatel/oem7/fix,/novatel/oem7/odom,39.663,-75.756,-1.800079473,0.002484534,0.001882887,0.002229148,-0.001097181,0.001882887,,,
1786043834511937195,1786043834.511149097,/novatel/oem7/bestpos,/novatel/oem7/bestpos,/novatel/oem7/odom,39.663,-75.756,33.182158585,0.002484534,0.001882887,0.002229148,-0.001097181,0.001882887,,novatel_oem7_msgs.msg.SolutionStatus(status=0),novatel_oem7_msgs.msg.PositionOrVelocityType(type=53)
1786043834513493127,1786043834.511570248,/novatel/oem7/bestvel,/novatel/oem7/bestpos,/novatel/oem7/bestvel,39.663,-75.756,33.182158585,0.003024366,0.001695892,,,,111.861834333,novatel_oem7_msgs.msg.SolutionStatus(status=0),novatel_oem7_msgs.msg.PositionOrVelocityType(type=53)
1786043834515641909,1786043834.514533648,/novatel/oem7/odom,/novatel/oem7/bestpos,/novatel/oem7/odom,39.663,-75.756,33.182158585,0.002484534,0.001882887,0.002229148,-0.001097181,0.001882887,,,
1786043834527385161,1786043834.526646571,/novatel/oem7/inspva,/novatel/oem7/inspva,/novatel/oem7/inspva,39.663,-75.756,-1.800064927,0.002905751,0.001834542,-0.001023941,0.002719363,0.001834542,,novatel_oem7_msgs.msg.InertialSolutionStatus(status=3),
1786043834528939734,1786043834.526851959,/novatel/oem7/fix,/novatel/oem7/fix,/novatel/oem7/inspva,39.663,-75.756,-1.800064927,0.002905751,0.001834542,-0.001023941,0.002719363,0.001834542,,0,
1786043834530037272,1786043834.527726172,/novatel/oem7/odom,/novatel/oem7/fix,/novatel/oem7/odom,39.663,-75.756,-1.800064927,0.002900924,0.001842166,0.002657300,-0.001163663,0.001842166,,,
1786043834536125777,1786043834.535357215,/novatel/oem7/odom,/novatel/oem7/fix,/novatel/oem7/odom,39.663,-75.756,-1.800064927,0.002900924,0.001842166,0.002657300,-0.001163663,0.001842166,,,
1786043834546091854,1786043834.545118554,/novatel/oem7/inspva,/novatel/oem7/inspva,/novatel/oem7/inspva,39.663,-75.756,-1.800056874,0.002717640,0.001605750,-0.000869232,0.002574880,0.001605750,,novatel_oem7_msgs.msg.InertialSolutionStatus(status=3),
1786043834547866626,1786043834.545378474,/novatel/oem7/fix,/novatel/oem7/fix,/novatel/oem7/inspva,39.663,-75.756,-1.800056874,0.002717640,0.001605750,-0.000869232,0.002574880,0.001605750,,0,
1786043834549273473,1786043834.545912226,/novatel/oem7/odom,/novatel/oem7/fix,/novatel/oem7/odom,39.663,-75.756,-1.800056874,0.002713200,0.001613241,0.002521677,-0.001001299,0.001613241,,,
1786043834556840793,1786043834.555905374,/novatel/oem7/odom,/novatel/oem7/fix,/novatel/oem7/odom,39.663,-75.756,-1.800056874,0.002713200,0.001613241,0.002521677,-0.001001299,0.001613241,,,
1786043834566244888,1786043834.565266338,/novatel/oem7/inspva,/novatel/oem7/inspva,/novatel/oem7/inspva,39.663,-75.756,-1.800036830,0.003214755,0.002184880,-0.001167101,0.002995417,0.002184880,,novatel_oem7_msgs.msg.InertialSolutionStatus(status=3),
1786043834568053861,1786043834.565522948,/novatel/oem7/fix,/novatel/oem7/fix,/novatel/oem7/inspva,39.663,-75.756,-1.800036830,0.003214755,0.002184880,-0.001167101,0.002995417,0.002184880,,0,
1786043834569733124,1786043834.566009903,/novatel/oem7/odom,/novatel/oem7/fix,/novatel/oem7/odom,39.663,-75.756,-1.800036830,0.003209175,0.002193067,0.002924489,-0.001321428,0.002193067,,,
1786043834575731781,1786043834.574999614,/novatel/oem7/odom,/novatel/oem7/fix,/novatel/oem7/odom,39.663,-75.756,-1.800036830,0.003209175,0.002193067,0.002924489,-0.001321428,0.002193067,,,
1786043834586905021,1786043834.586171704,/novatel/oem7/inspva,/novatel/oem7/inspva,/novatel/oem7/inspva,39.663,-75.756,-1.800026787,0.003146097,0.001779880,-0.001169432,0.002920677,0.001779880,,novatel_oem7_msgs.msg.InertialSolutionStatus(status=3),
1786043834588450987,1786043834.586387919,/novatel/oem7/fix,/novatel/oem7/fix,/novatel/oem7/inspva,39.663,-75.756,-1.800026787,0.003146097,0.001779880,-0.001169432,0.002920677,0.001779880,,0,
1786043834589602185,1786043834.586938205,/novatel/oem7/odom,/novatel/oem7/fix,/novatel/oem7/odom,39.663,-75.756,-1.800026787,0.003141598,0.001787808,0.002851330,-0.001318922,0.001787808,,,
1786043834595242632,1786043834.594466488,/novatel/oem7/odom,/novatel/oem7/fix,/novatel/oem7/odom,39.663,-75.756,-1.800026787,0.003141598,0.001787808,0.002851330,-0.001318922,0.001787808,,,
1786043834607160810,1786043834.606504953,/novatel/oem7/inspva,/novatel/oem7/inspva,/novatel/oem7/inspva,39.663,-75.756,-1.800005709,0.002943264,0.002025026,-0.000806985,0.002830473,0.002025026,,novatel_oem7_msgs.msg.InertialSolutionStatus(status=3),
1786043834608578367,1786043834.606700885,/novatel/oem7/fix,/novatel/oem7/fix,/novatel/oem7/inspva,39.663,-75.756,-1.800005709,0.002943264,0.002025026,-0.000806985,0.002830473,0.002025026,,0,
1786043834609709246,1786043834.607148113,/novatel/oem7/odom,/novatel/oem7/fix,/novatel/oem7/odom,39.663,-75.756,-1.800005709,0.002937318,0.002033641,0.002778386,-0.000953103,0.002033641,,,
1786043834611345502,1786043834.610136907,/novatel/oem7/bestpos,/novatel/oem7/bestpos,/novatel/oem7/odom,39.663,-75.756,33.182236550,0.002937318,0.002033641,0.002778386,-0.000953103,0.002033641,,novatel_oem7_msgs.msg.SolutionStatus(status=0),novatel_oem7_msgs.msg.PositionOrVelocityType(type=53)
1786043834612318972,1786043834.610506947,/novatel/oem7/bestvel,/novatel/oem7/bestpos,/novatel/oem7/bestvel,39.663,-75.756,33.182236550,0.002821757,0.001995089,,,,103.845508669,novatel_oem7_msgs.msg.SolutionStatus(status=0),novatel_oem7_msgs.msg.PositionOrVelocityType(type=53)
1786043834616325063,1786043834.615559722,/novatel/oem7/odom,/novatel/oem7/bestpos,/novatel/oem7/odom,39.663,-75.756,33.182236550,0.002937318,0.002033641,0.002778386,-0.000953103,0.002033641,,,
1786043834625750758,1786043834.625091465,/novatel/oem7/inspva,/novatel/oem7/inspva,/novatel/oem7/inspva,39.663,-75.756,-1.799990193,0.003104680,0.001946338,-0.000905024,0.002969844,0.001946338,,novatel_oem7_msgs.msg.InertialSolutionStatus(status=3),
1786043834627173746,1786043834.625297937,/novatel/oem7/fix,/novatel/oem7/fix,/novatel/oem7/inspva,39.663,-75.756,-1.799990193,0.003104680,0.001946338,-0.000905024,0.002969844,0.001946338,,0,
1786043834628264347,1786043834.626028174,/novatel/oem7/odom,/novatel/oem7/fix,/novatel/oem7/odom,39.663,-75.756,-1.799990193,0.003099106,0.001955202,0.002912999,-0.001057776,0.001955202,,,
1786043834635390646,1786043834.634595791,/novatel/oem7/odom,/novatel/oem7/fix,/novatel/oem7/odom,39.663,-75.756,-1.799990193,0.003099106,0.001955202,0.002912999,-0.001057776,0.001955202,,,
1786043834647470538,1786043834.646647690,/novatel/oem7/inspva,/novatel/oem7/inspva,/novatel/oem7/inspva,39.663,-75.756,-1.799963570,0.002964406,0.002457499,-0.000735836,0.002871628,0.002457499,,novatel_oem7_msgs.msg.InertialSolutionStatus(status=3),
1786043834649255803,1786043834.646929060,/novatel/oem7/fix,/novatel/oem7/fix,/novatel/oem7/inspva,39.663,-75.756,-1.799963570,0.002964406,0.002457499,-0.000735836,0.002871628,0.002457499,,0,
1786043834650716148,1786043834.647393474,/novatel/oem7/odom,/novatel/oem7/fix,/novatel/oem7/odom,39.663,-75.756,-1.799963570,0.002956974,0.002466437,0.002821336,-0.000885301,0.002466437,,,
1786043834657225777,1786043834.656459733,/novatel/oem7/odom,/novatel/oem7/fix,/novatel/oem7/odom,39.663,-75.756,-1.799963570,0.002956974,0.002466437,0.002821336,-0.000885301,0.002466437,,,
1786043834666152971,1786043834.664985319,/novatel/oem7/inspva,/novatel/oem7/inspva,/novatel/oem7/inspva,39.663,-75.756,-1.799948534,0.002937053,0.002023851,-0.000574574,0.002880303,0.002023851,,novatel_oem7_msgs.msg.InertialSolutionStatus(status=3),
1786043834668369403,1786043834.665302576,/novatel/oem7/fix,/novatel/oem7/fix,/novatel/oem7/inspva,39.663,-75.756,-1.799948534,0.002937053,0.002023851,-0.000574574,0.002880303,0.002023851,,0,
1786043834669547489,1786043834.665844578,/novatel/oem7/odom,/novatel/oem7/fix,/novatel/oem7/odom,39.663,-75.756,-1.799948534,0.002930500,0.002033328,0.002839774,-0.000723542,0.002033328,,,
1786043834676131029,1786043834.675464719,/novatel/oem7/odom,/novatel/oem7/fix,/novatel/oem7/odom,39.663,-75.756,-1.799948534,0.002930500,0.002033328,0.002839774,-0.000723542,0.002033328,,,
1786043834686135543,1786043834.685255668,/novatel/oem7/inspva,/novatel/oem7/inspva,/novatel/oem7/inspva,39.663,-75.756,-1.799924373,0.002900946,0.002012612,-0.000723983,0.002809153,0.002012612,,novatel_oem7_msgs.msg.InertialSolutionStatus(status=3),
1786043834687691866,1786043834.685529191,/novatel/oem7/fix,/novatel/oem7/fix,/novatel/oem7/inspva,39.663,-75.756,-1.799924373,0.002900946,0.002012612,-0.000723983,0.002809153,0.002012612,,0,
1786043834688804577,1786043834.686116223,/novatel/oem7/odom,/novatel/oem7/fix,/novatel/oem7/odom,39.663,-75.756,-1.799924373,0.002894874,0.002021336,0.002761310,-0.000869175,0.002021336,,,
1786043834696050041,1786043834.695065368,/novatel/oem7/odom,/novatel/oem7/fix,/novatel/oem7/odom,39.663,-75.756,-1.799924373,0.002894874,0.002021336,0.002761310,-0.000869175,0.002021336,,,
1786043834706752659,1786043834.705958954,/novatel/oem7/inspva,/novatel/oem7/inspva,/novatel/oem7/inspva,39.663,-75.756,-1.799905673,0.002869970,0.001940361,-0.000986198,0.002695207,0.001940361,,novatel_oem7_msgs.msg.InertialSolutionStatus(status=3),
1786043834708157370,1786043834.706190063,/novatel/oem7/fix,/novatel/oem7/fix,/novatel/oem7/inspva,39.663,-75.756,-1.799905673,0.002869970,0.001940361,-0.000986198,0.002695207,0.001940361,,0,
1786043834709369693,1786043834.706696382,/novatel/oem7/odom,/novatel/oem7/fix,/novatel/oem7/odom,39.663,-75.756,-1.799905673,0.002864878,0.001947871,0.002634672,-0.001125178,0.001947871,,,
1786043834711275102,1786043834.709667136,/novatel/oem7/bestpos,/novatel/oem7/bestpos,/novatel/oem7/odom,39.663,-75.756,33.182343042,0.002864878,0.001947871,0.002634672,-0.001125178,0.001947871,,novatel_oem7_msgs.msg.SolutionStatus(status=0),novatel_oem7_msgs.msg.PositionOrVelocityType(type=53)
1786043834712303419,1786043834.710367536,/novatel/oem7/bestvel,/novatel/oem7/bestpos,/novatel/oem7/bestvel,39.663,-75.756,33.182343042,0.002395179,0.002167846,,,,113.146305295,novatel_oem7_msgs.msg.SolutionStatus(status=0),novatel_oem7_msgs.msg.PositionOrVelocityType(type=53)
1786043834715410857,1786043834.714664973,/novatel/oem7/odom,/novatel/oem7/bestpos,/novatel/oem7/odom,39.663,-75.756,33.182343042,0.002864878,0.001947871,0.002634672,-0.001125178,0.001947871,,,
1786043834725906120,1786043834.725054438,/novatel/oem7/inspva,/novatel/oem7/inspva,/novatel/oem7/inspva,39.663,-75.756,-1.799884818,0.003066184,0.001720543,-0.000448249,0.003033242,0.001720543,,novatel_oem7_msgs.msg.InertialSolutionStatus(status=3),
1786043834727394418,1786043834.725299470,/novatel/oem7/fix,/novatel/oem7/fix,/novatel/oem7/inspva,39.663,-75.756,-1.799884818,0.003066184,0.001720543,-0.000448249,0.003033242,0.001720543,,0,
1786043834728552393,1786043834.725836213,/novatel/oem7/odom,/novatel/oem7/fix,/novatel/oem7/odom,39.663,-75.756,-1.799884818,0.003060318,0.001730954,0.003000076,-0.000604229,0.001730954,,,
1786043834736773740,1786043834.735599265,/novatel/oem7/odom,/novatel/oem7/fix,/novatel/oem7/odom,39.663,-75.756,-1.799884818,0.003060318,0.001730954,0.003000076,-0.000604229,0.001730954,,,
1786043834746214172,1786043834.745124351,/novatel/oem7/inspva,/novatel/oem7/inspva,/novatel/oem7/inspva,39.663,-75.756,-1.799864393,0.002756372,0.001987399,-0.000699277,0.002666196,0.001987399,,novatel_oem7_msgs.msg.InertialSolutionStatus(status=3),
1786043834748062361,1786043834.745370804,/novatel/oem7/fix,/novatel/oem7/fix,/novatel/oem7/inspva,39.663,-75.756,-1.799864393,0.002756372,0.001987399,-0.000699277,0.002666196,0.001987399,,0,
1786043834749658814,1786043834.746232736,/novatel/oem7/odom,/novatel/oem7/fix,/novatel/oem7/odom,39.663,-75.756,-1.799864393,0.002750399,0.001995658,0.002619858,-0.000837278,0.001995658,,,
1786043834756368495,1786043834.755643988,/novatel/oem7/odom,/novatel/oem7/fix,/novatel/oem7/odom,39.663,-75.756,-1.799864393,0.002750399,0.001995658,0.002619858,-0.000837278,0.001995658,,,
1786043834767693174,1786043834.766533168,/novatel/oem7/inspva,/novatel/oem7/inspva,/novatel/oem7/inspva,39.663,-75.756,-1.799844783,0.002962943,0.001660211,-0.000474797,0.002924654,0.001660211,,novatel_oem7_msgs.msg.InertialSolutionStatus(status=3),
1786043834769413617,1786043834.766868258,/novatel/oem7/fix,/novatel/oem7/fix,/novatel/oem7/inspva,39.663,-75.756,-1.799844783,0.002962943,0.001660211,-0.000474797,0.002924654,0.001660211,,0,
1786043834770619280,1786043834.767483928,/novatel/oem7/odom,/novatel/oem7/fix,/novatel/oem7/odom,39.663,-75.756,-1.799844783,0.002957379,0.001670103,0.002890550,-0.000625150,0.001670103,,,
1786043834776001588,1786043834.775187700,/novatel/oem7/odom,/novatel/oem7/fix,/novatel/oem7/odom,39.663,-75.756,-1.799844783,0.002957379,0.001670103,0.002890550,-0.000625150,0.001670103,,,
1786043834785802320,1786043834.784946862,/novatel/oem7/inspva,/novatel/oem7/inspva,/novatel/oem7/inspva,39.663,-75.756,-1.799824564,0.002913992,0.001918266,-0.000730297,0.002820995,0.001918266,,novatel_oem7_msgs.msg.InertialSolutionStatus(status=3),
1786043834787274152,1786043834.785196724,/novatel/oem7/fix,/novatel/oem7/fix,/novatel/oem7/inspva,39.663,-75.756,-1.799824564,0.002913992,0.001918266,-0.000730297,0.002820995,0.001918266,,0,
1786043834788368169,1786043834.785730043,/novatel/oem7/odom,/novatel/oem7/fix,/novatel/oem7/odom,39.663,-75.756,-1.799824564,0.002908220,0.001927005,0.002773203,-0.000875837,0.001927005,,,
1786043834796203549,1786043834.795468008,/novatel/oem7/odom,/novatel/oem7/fix,/novatel/oem7/odom,39.663,-75.756,-1.799824564,0.002908220,0.001927005,0.002773203,-0.000875837,0.001927005,,,
1786043834807777073,1786043834.806525500,/novatel/oem7/inspva,/novatel/oem7/inspva,/novatel/oem7/inspva,39.663,-75.756,-1.799805000,0.003295207,0.001570168,-0.000802206,0.003196068,0.001570168,,novatel_oem7_msgs.msg.InertialSolutionStatus(status=3),
1786043834809990569,1786043834.806815523,/novatel/oem7/fix,/novatel/oem7/fix,/novatel/oem7/inspva,39.663,-75.756,-1.799805000,0.003295207,0.001570168,-0.000802206,0.003196068,0.001570168,,0,
1786043834811771330,1786043834.807401112,/novatel/oem7/odom,/novatel/oem7/fix,/novatel/oem7/odom,39.663,-75.756,-1.799805000,0.003290444,0.001580124,0.003145600,-0.000965517,0.001580124,,,
1786043834813863032,1786043834.810303249,/novatel/oem7/bestpos,/novatel/oem7/bestpos,/novatel/oem7/odom,39.663,-75.756,33.182448748,0.003290444,0.001580124,0.003145600,-0.000965517,0.001580124,,novatel_oem7_msgs.msg.SolutionStatus(status=0),novatel_oem7_msgs.msg.PositionOrVelocityType(type=53)
1786043834815309053,1786043834.810795860,/novatel/oem7/bestvel,/novatel/oem7/bestpos,/novatel/oem7/bestvel,39.663,-75.756,33.182448748,0.002892969,0.001801880,,,,106.591305703,novatel_oem7_msgs.msg.SolutionStatus(status=0),novatel_oem7_msgs.msg.PositionOrVelocityType(type=53)
1786043834817342877,1786043834.815091860,/novatel/oem7/odom,/novatel/oem7/bestpos,/novatel/oem7/odom,39.663,-75.756,33.182448748,0.003290444,0.001580124,0.003145600,-0.000965517,0.001580124,,,
1786043834826950037,1786043834.825998371,/novatel/oem7/inspva,/novatel/oem7/inspva,/novatel/oem7/inspva,39.663,-75.756,-1.799785455,0.002779159,0.001695943,-0.001065577,0.002566762,0.001695943,,novatel_oem7_msgs.msg.InertialSolutionStatus(status=3),
1786043834828678188,1786043834.826243107,/novatel/oem7/fix,/novatel/oem7/fix,/novatel/oem7/inspva,39.663,-75.756,-1.799785455,0.002779159,0.001695943,-0.001065577,0.002566762,0.001695943,,0,
1786043834829913501,1786043834.826712082,/novatel/oem7/odom,/novatel/oem7/fix,/novatel/oem7/odom,39.663,-75.756,-1.799785455,0.002775011,0.001702722,0.002503379,-0.001197404,0.001702722,,,
1786043834835469934,1786043834.834636575,/novatel/oem7/odom,/novatel/oem7/fix,/novatel/oem7/odom,39.663,-75.756,-1.799785455,0.002775011,0.001702722,0.002503379,-0.001197404,0.001702722,,,
1786043834846202699,1786043834.845095498,/novatel/oem7/inspva,/novatel/oem7/inspva,/novatel/oem7/inspva,39.663,-75.756,-1.799760200,0.002866346,0.001976682,-0.000440381,0.002832314,0.001976682,,novatel_oem7_msgs.msg.InertialSolutionStatus(status=3),
1786043834848220396,1786043834.845374341,/novatel/oem7/fix,/novatel/oem7/fix,/novatel/oem7/inspva,39.663,-75.756,-1.799760200,0.002866346,0.001976682,-0.000440381,0.002832314,0.001976682,,0,
1786043834849744998,1786043834.846118185,/novatel/oem7/odom,/novatel/oem7/fix,/novatel/oem7/odom,39.663,-75.756,-1.799760200,0.002859677,0.001986318,0.002798768,-0.000587069,0.001986318,,,
1786043834857416129,1786043834.856435279,/novatel/oem7/odom,/novatel/oem7/fix,/novatel/oem7/odom,39.663,-75.756,-1.799760200,0.002859677,0.001986318,0.002798768,-0.000587069,0.001986318,,,
1786043834866029167,1786043834.865098504,/novatel/oem7/inspva,/novatel/oem7/inspva,/novatel/oem7/inspva,39.663,-75.756,-1.799742648,0.002567725,0.001930572,-0.000665823,0.002479897,0.001930572,,novatel_oem7_msgs.msg.InertialSolutionStatus(status=3),
1786043834867787644,1786043834.865353207,/novatel/oem7/fix,/novatel/oem7/fix,/novatel/oem7/inspva,39.663,-75.756,-1.799742648,0.002567725,0.001930572,-0.000665823,0.002479897,0.001930572,,0,
1786043834869145612,1786043834.865958443,/novatel/oem7/odom,/novatel/oem7/fix,/novatel/oem7/odom,39.663,-75.756,-1.799742648,0.002561968,0.001938205,0.002435678,-0.000794449,0.001938205,,,
1786043834875039858,1786043834.874345848,/novatel/oem7/odom,/novatel/oem7/fix,/novatel/oem7/odom,39.663,-75.756,-1.799742648,0.002561968,0.001938205,0.002435678,-0.000794449,0.001938205,,,
1786043834887447227,1786043834.886539041,/novatel/oem7/inspva,/novatel/oem7/inspva,/novatel/oem7/inspva,39.663,-75.756,-1.799719639,0.002655670,0.001780498,-0.000338728,0.002633979,0.001780498,,novatel_oem7_msgs.msg.InertialSolutionStatus(status=3),
1786043834888954266,1786043834.886795057,/novatel/oem7/fix,/novatel/oem7/fix,/novatel/oem7/inspva,39.663,-75.756,-1.799719639,0.002655670,0.001780498,-0.000338728,0.002633979,0.001780498,,0,
1786043834890077060,1786043834.887317549,/novatel/oem7/odom,/novatel/oem7/fix,/novatel/oem7/odom,39.663,-75.756,-1.799719639,0.002649491,0.001789679,0.002606547,-0.000475096,0.001789679,,,
1786043834895906419,1786043834.895081375,/novatel/oem7/odom,/novatel/oem7/fix,/novatel/oem7/odom,39.663,-75.756,-1.799719639,0.002649491,0.001789679,0.002606547,-0.000475096,0.001789679,,,
1786043834906908491,1786043834.905865234,/novatel/oem7/inspva,/novatel/oem7/inspva,/novatel/oem7/inspva,39.663,-75.756,-1.799699302,0.002322199,0.001832157,-0.000476407,0.002272805,0.001832157,,novatel_oem7_msgs.msg.InertialSolutionStatus(status=3),
1786043834908968612,1786043834.906166040,/novatel/oem7/fix,/novatel/oem7/fix,/novatel/oem7/inspva,39.663,-75.756,-1.799699302,0.002322199,0.001832157,-0.000476407,0.002272805,0.001832157,,0,
1786043834910737650,1786043834.906862090,/novatel/oem7/odom,/novatel/oem7/fix,/novatel/oem7/odom,39.663,-75.756,-1.799699302,0.002316371,0.001839520,0.002238736,-0.000594671,0.001839520,,,
1786043834912697009,1786043834.909346112,/novatel/oem7/bestpos,/novatel/oem7/bestpos,/novatel/oem7/odom,39.663,-75.756,33.182536977,0.002316371,0.001839520,0.002238736,-0.000594671,0.001839520,,novatel_oem7_msgs.msg.SolutionStatus(status=0),novatel_oem7_msgs.msg.PositionOrVelocityType(type=53)
1786043834913949406,1786043834.909832847,/novatel/oem7/bestvel,/novatel/oem7/bestpos,/novatel/oem7/bestvel,39.663,-75.756,33.182536977,0.002201669,0.001763340,,,,97.290321165,novatel_oem7_msgs.msg.SolutionStatus(status=0),novatel_oem7_msgs.msg.PositionOrVelocityType(type=53)
1786043834916506478,1786043834.915509625,/novatel/oem7/odom,/novatel/oem7/bestpos,/novatel/oem7/odom,39.663,-75.756,33.182536977,0.002316371,0.001839520,0.002238736,-0.000594671,0.001839520,,,
1786043834927022478,1786043834.925975658,/novatel/oem7/inspva,/novatel/oem7/inspva,/novatel/oem7/inspva,39.663,-75.756,-1.799673182,0.002766458,0.001978278,-0.000548287,0.002711581,0.001978278,,novatel_oem7_msgs.msg.InertialSolutionStatus(status=3),
1786043834928757469,1786043834.926217833,/novatel/oem7/fix,/novatel/oem7/fix,/novatel/oem7/inspva,39.663,-75.756,-1.799673182,0.002766458,0.001978278,-0.000548287,0.002711581,0.001978278,,0,
1786043834930021662,1786043834.926727069,/novatel/oem7/odom,/novatel/oem7/fix,/novatel/oem7/odom,39.663,-75.756,-1.799673182,0.002760135,0.001987090,0.002672795,-0.000688848,0.001987090,,,
1786043834936353399,1786043834.935208188,/novatel/oem7/odom,/novatel/oem7/fix,/novatel/oem7/odom,39.663,-75.756,-1.799673182,0.002760135,0.001987090,0.002672795,-0.000688848,0.001987090,,,
1786043834947202799,1786043834.946210663,/novatel/oem7/inspva,/novatel/oem7/inspva,/novatel/oem7/inspva,39.663,-75.756,-1.799655567,0.002611644,0.001909446,-0.000490182,0.002565230,0.001909446,,novatel_oem7_msgs.msg.InertialSolutionStatus(status=3),
1786043834949106715,1786043834.946523709,/novatel/oem7/fix,/novatel/oem7/fix,/novatel/oem7/inspva,39.663,-75.756,-1.799655567,0.002611644,0.001909446,-0.000490182,0.002565230,0.001909446,,0,
1786043834950533457,1786043834.946977851,/novatel/oem7/odom,/novatel/oem7/fix,/novatel/oem7/odom,39.663,-75.756,-1.799655567,0.002605455,0.001917882,0.002529799,-0.000623309,0.001917882,,,
1786043834956736510,1786043834.956035009,/novatel/oem7/odom,/novatel/oem7/fix,/novatel/oem7/odom,39.663,-75.756,-1.799655567,0.002605455,0.001917882,0.002529799,-0.000623309,0.001917882,,,
1786043834966580349,1786043834.965500975,/novatel/oem7/inspva,/novatel/oem7/inspva,/novatel/oem7/inspva,39.663,-75.756,-1.799630777,0.002478938,0.001773842,-0.000364043,0.002452061,0.001773842,,novatel_oem7_msgs.msg.InertialSolutionStatus(status=3),
1786043834968309140,1786043834.965790158,/novatel/oem7/fix,/novatel/oem7/fix,/novatel/oem7/inspva,39.663,-75.756,-1.799630777,0.002478938,0.001773842,-0.000364043,0.002452061,0.001773842,,0,
1786043834969794955,1786043834.966601393,/novatel/oem7/odom,/novatel/oem7/fix,/novatel/oem7/odom,39.663,-75.756,-1.799630777,0.002472935,0.001782200,0.002423640,-0.000491301,0.001782200,,,
1786043834976825046,1786043834.975712395,/novatel/oem7/odom,/novatel/oem7/fix,/novatel/oem7/odom,39.663,-75.756,-1.799630777,0.002472935,0.001782200,0.002423640,-0.000491301,0.001782200,,,
1786043834986040977,1786043834.985362910,/novatel/oem7/inspva,/novatel/oem7/inspva,/novatel/oem7/inspva,39.663,-75.756,-1.799610916,0.002419694,0.001860326,-0.000196803,0.002411677,0.001860326,,novatel_oem7_msgs.msg.InertialSolutionStatus(status=3),
1786043834987810208,1786043834.985629119,/novatel/oem7/fix,/novatel/oem7/fix,/novatel/oem7/inspva,39.663,-75.756,-1.799610916,0.002419694,0.001860326,-0.000196803,0.002411677,0.001860326,,0,
1786043834989085670,1786043834.986220422,/novatel/oem7/odom,/novatel/oem7/fix,/novatel/oem7/odom,39.663,-75.756,-1.799610916,0.002412980,0.001869026,0.002391333,-0.000322487,0.001869026,,,
1786043834995395541,1786043834.994459795,/novatel/oem7/odom,/novatel/oem7/fix,/novatel/oem7/odom,39.663,-75.756,-1.799610916,0.002412980,0.001869026,0.002391333,-0.000322487,0.001869026,,,
1786043835010982662,1786043835.010057420,/novatel/oem7/inspva,/novatel/oem7/inspva,/novatel/oem7/inspva,39.663,-75.756,-1.799587284,0.002332493,0.001701161,-0.000258526,0.002318122,0.001701161,,novatel_oem7_msgs.msg.InertialSolutionStatus(status=3),
1786043835012908032,1786043835.010359856,/novatel/oem7/fix,/novatel/oem7/fix,/novatel/oem7/inspva,39.663,-75.756,-1.799587284,0.002332493,0.001701161,-0.000258526,0.002318122,0.001701161,,0,
1786043835014358174,1786043835.011762200,/novatel/oem7/odom,/novatel/oem7/fix,/novatel/oem7/odom,39.663,-75.756,-1.799587284,0.002326518,0.001709323,0.002295432,-0.000379049,0.001709323,,,
1786043835017441978,1786043835.016519425,/novatel/oem7/odom,/novatel/oem7/fix,/novatel/oem7/odom,39.663,-75.756,-1.799587284,0.002326518,0.001709323,0.002295432,-0.000379049,0.001709323,,,
1786043835025805863,1786043835.024881903,/novatel/oem7/bestpos,/novatel/oem7/bestpos,/novatel/oem7/odom,39.663,-75.756,33.182643160,0.002326518,0.001709323,0.002295432,-0.000379049,0.001709323,,novatel_oem7_msgs.msg.SolutionStatus(status=0),novatel_oem7_msgs.msg.PositionOrVelocityType(type=53)
1786043835027706952,1786043835.026298781,/novatel/oem7/bestvel,/novatel/oem7/bestpos,/novatel/oem7/bestvel,39.663,-75.756,33.182643160,0.002228181,0.001526931,,,,86.817450022,novatel_oem7_msgs.msg.SolutionStatus(status=0),novatel_oem7_msgs.msg.PositionOrVelocityType(type=53)
1786043835028794653,1786043835.026885771,/novatel/oem7/inspva,/novatel/oem7/inspva,/novatel/oem7/inspva,39.663,-75.756,-1.799566808,0.002482002,0.001595280,0.000063036,0.002481202,0.001595280,,novatel_oem7_msgs.msg.InertialSolutionStatus(status=3),
1786043835030260698,1786043835.027135703,/novatel/oem7/fix,/novatel/oem7/fix,/novatel/oem7/inspva,39.663,-75.756,-1.799566808,0.002482002,0.001595280,0.000063036,0.002481202,0.001595280,,0,
1786043835031735680,1786043835.027500637,/novatel/oem7/odom,/novatel/oem7/fix,/novatel/oem7/odom,39.663,-75.756,-1.799566808,0.002475716,0.001605017,0.002474842,-0.000065783,0.001605017,,,
1786043835036381247,1786043835.035538715,/novatel/oem7/odom,/novatel/oem7/fix,/novatel/oem7/odom,39.663,-75.756,-1.799566808,0.002475716,0.001605017,0.002474842,-0.000065783,0.001605017,,,
1786043835046439745,1786043835.045666844,/novatel/oem7/inspva,/novatel/oem7/inspva,/novatel/oem7/inspva,39.663,-75.756,-1.799569465,0.002604727,0.002179951,-0.000741100,0.002497072,0.002179951,,novatel_oem7_msgs.msg.InertialSolutionStatus(status=3),
1786043835048187313,1786043835.045904763,/novatel/oem7/fix,/novatel/oem7/fix,/novatel/oem7/inspva,39.663,-75.756,-1.799569465,0.002604727,0.002179951,-0.000741100,0.002497072,0.002179951,,0,
1786043835049608251,1786043835.046730958,/novatel/oem7/odom,/novatel/oem7/fix,/novatel/oem7/odom,39.663,-75.756,-1.799569465,0.002598477,0.002187397,0.002448042,-0.000871305,0.002187397,,,
1786043835057076843,1786043835.056343755,/novatel/oem7/odom,/novatel/oem7/fix,/novatel/oem7/odom,39.663,-75.756,-1.799569465,0.002598477,0.002187397,0.002448042,-0.000871305,0.002187397,,,
1786043835066393011,1786043835.065381077,/novatel/oem7/inspva,/novatel/oem7/inspva,/novatel/oem7/inspva,39.663,-75.756,-1.799590170,0.002525956,0.001826869,-0.000126299,0.002522796,0.001826869,,novatel_oem7_msgs.msg.InertialSolutionStatus(status=3),
1786043835068543943,1786043835.065677057,/novatel/oem7/fix,/novatel/oem7/fix,/novatel/oem7/inspva,39.663,-75.756,-1.799590170,0.002525956,0.001826869,-0.000126299,0.002522796,0.001826869,,0,
1786043835070047258,1786043835.066116414,/novatel/oem7/odom,/novatel/oem7/fix,/novatel/oem7/odom,39.663,-75.756,-1.799590170,0.002519169,0.001836216,0.002505965,-0.000257587,0.001836216,,,
1786043835075791842,1786043835.074994597,/novatel/oem7/odom,/novatel/oem7/fix,/novatel/oem7/odom,39.663,-75.756,-1.799590170,0.002519169,0.001836216,0.002505965,-0.000257587,0.001836216,,,
1786043835085993463,1786043835.085323363,/novatel/oem7/inspva,/novatel/oem7/inspva,/novatel/oem7/inspva,39.663,-75.756,-1.799601553,0.002369953,0.001478069,-0.000369171,0.002341023,0.001478069,,novatel_oem7_msgs.msg.InertialSolutionStatus(status=3),
1786043835087299139,1786043835.085599479,/novatel/oem7/fix,/novatel/oem7/fix,/novatel/oem7/inspva,39.663,-75.756,-1.799601553,0.002369953,0.001478069,-0.000369171,0.002341023,0.001478069,,0,
1786043835088348267,1786043835.086149224,/novatel/oem7/odom,/novatel/oem7/fix,/novatel/oem7/odom,39.663,-75.756,-1.799601553,0.002364990,0.001485996,0.002313648,-0.000490110,0.001485996,,,
1786043835096600637,1786043835.095693088,/novatel/oem7/odom,/novatel/oem7/fix,/novatel/oem7/odom,39.663,-75.756,-1.799601553,0.002364990,0.001485996,0.002313648,-0.000490110,0.001485996,,,
1786043835106602755,1786043835.106004473,/novatel/oem7/inspva,/novatel/oem7/inspva,/novatel/oem7/inspva,39.663,-75.756,-1.799619249,0.002420674,0.001377992,0.000171017,0.002414625,0.001377992,,novatel_oem7_msgs.msg.InertialSolutionStatus(status=3),
1786043835107912545,1786043835.106257961,/novatel/oem7/fix,/novatel/oem7/fix,/novatel/oem7/inspva,39.663,-75.756,-1.799619249,0.002420674,0.001377992,0.000171017,0.002414625,0.001377992,,0,
1786043835108923342,1786043835.106648452,/novatel/oem7/odom,/novatel/oem7/fix,/novatel/oem7/odom,39.663,-75.756,-1.799619249,0.002415082,0.001387769,0.002414644,0.000045990,0.001387769,,,
1786043835110376547,1786043835.109228328,/novatel/oem7/bestpos,/novatel/oem7/bestpos,/novatel/oem7/odom,39.663,-75.756,33.182642216,0.002415082,0.001387769,0.002414644,0.000045990,0.001387769,,novatel_oem7_msgs.msg.SolutionStatus(status=0),novatel_oem7_msgs.msg.PositionOrVelocityType(type=53)
1786043835111766021,1786043835.109948889,/novatel/oem7/bestvel,/novatel/oem7/bestpos,/novatel/oem7/bestvel,39.663,-75.756,33.182642216,0.001982036,0.001619522,,,,85.869523001,novatel_oem7_msgs.msg.SolutionStatus(status=0),novatel_oem7_msgs.msg.PositionOrVelocityType(type=53)
1786043835115304767,1786043835.114531211,/novatel/oem7/odom,/novatel/oem7/bestpos,/novatel/oem7/odom,39.663,-75.756,33.182642216,0.002415082,0.001387769,0.002414644,0.000045990,0.001387769,,,
1786043835127562041,1786043835.126708869,/novatel/oem7/inspva,/novatel/oem7/inspva,/novatel/oem7/inspva,39.663,-75.756,-1.799626551,0.002018481,0.001836986,-0.000220842,0.002006364,0.001836986,,novatel_oem7_msgs.msg.InertialSolutionStatus(status=3),
1786043835128974758,1786043835.126893811,/novatel/oem7/fix,/novatel/oem7/fix,/novatel/oem7/inspva,39.663,-75.756,-1.799626551,0.002018481,0.001836986,-0.000220842,0.002006364,0.001836986,,0,
1786043835130079263,1786043835.127253488,/novatel/oem7/odom,/novatel/oem7/fix,/novatel/oem7/odom,39.663,-75.756,-1.799626551,0.002012027,0.001844053,0.001985408,-0.000326200,0.001844053,,,
1786043835136748664,1786043835.135668621,/novatel/oem7/odom,/novatel/oem7/fix,/novatel/oem7/odom,39.663,-75.756,-1.799626551,0.002012027,0.001844053,0.001985408,-0.000326200,0.001844053,,,
1786043835146059148,1786043835.145098869,/novatel/oem7/inspva,/novatel/oem7/inspva,/novatel/oem7/inspva,39.663,-75.756,-1.799647495,0.002306020,0.001612173,0.000071928,0.002304898,0.001612173,,novatel_oem7_msgs.msg.InertialSolutionStatus(status=3),
1786043835147869097,1786043835.145306881,/novatel/oem7/fix,/novatel/oem7/fix,/novatel/oem7/inspva,39.663,-75.756,-1.799647495,0.002306020,0.001612173,0.000071928,0.002304898,0.001612173,,0,
1786043835149258077,1786043835.145776172,/novatel/oem7/odom,/novatel/oem7/fix,/novatel/oem7/odom,39.663,-75.756,-1.799647495,0.002299658,0.001621235,0.002299154,-0.000048137,0.001621235,,,
1786043835156329109,1786043835.155553091,/novatel/oem7/odom,/novatel/oem7/fix,/novatel/oem7/odom,39.663,-75.756,-1.799647495,0.002299658,0.001621235,0.002299154,-0.000048137,0.001621235,,,
1786043835167636767,1786043835.166449465,/novatel/oem7/inspva,/novatel/oem7/inspva,/novatel/oem7/inspva,39.663,-75.756,-1.799656923,0.002293944,0.001643692,-0.000520794,0.002234044,0.001643692,,novatel_oem7_msgs.msg.InertialSolutionStatus(status=3),
1786043835169650388,1786043835.166704631,/novatel/oem7/fix,/novatel/oem7/fix,/novatel/oem7/inspva,39.663,-75.756,-1.799656923,0.002293944,0.001643692,-0.000520794,0.002234044,0.001643692,,0,
1786043835171043688,1786043835.167139995,/novatel/oem7/odom,/novatel/oem7/fix,/novatel/oem7/odom,39.663,-75.756,-1.799656923,0.002288885,0.001650730,0.002198572,-0.000636610,0.001650730,,,
1786043835175888681,1786043835.175011462,/novatel/oem7/odom,/novatel/oem7/fix,/novatel/oem7/odom,39.663,-75.756,-1.799656923,0.002288885,0.001650730,0.002198572,-0.000636610,0.001650730,,,
1786043835186651366,1786043835.185943809,/novatel/oem7/inspva,/novatel/oem7/inspva,/novatel/oem7/inspva,39.663,-75.756,-1.799675221,0.002532067,0.001578539,-0.000270131,0.002517617,0.001578539,,novatel_oem7_msgs.msg.InertialSolutionStatus(status=3),
1786043835188110968,1786043835.186165928,/novatel/oem7/fix,/novatel/oem7/fix,/novatel/oem7/inspva,39.663,-75.756,-1.799675221,0.002532067,0.001578539,-0.000270131,0.002517617,0.001578539,,0,
1786043835189161859,1786043835.186824905,/novatel/oem7/odom,/novatel/oem7/fix,/novatel/oem7/odom,39.663,-75.756,-1.799675221,0.002526524,0.001587396,0.002494608,-0.000400319,0.001587396,,,
1786043835195555606,1786043835.194638234,/novatel/oem7/odom,/novatel/oem7/fix,/novatel/oem7/odom,39.663,-75.756,-1.799675221,0.002526524,0.001587396,0.002494608,-0.000400319,0.001587396,,,
1786043835207237875,1786043835.206620655,/novatel/oem7/inspva,/novatel/oem7/inspva,/novatel/oem7/inspva,39.663,-75.756,-1.799683077,0.002339145,0.001519581,-0.000260913,0.002324548,0.001519581,,novatel_oem7_msgs.msg.InertialSolutionStatus(status=3),
1786043835208228956,1786043835.206867021,/novatel/oem7/fix,/novatel/oem7/fix,/novatel/oem7/inspva,39.663,-75.756,-1.799683077,0.002339145,0.001519581,-0.000260913,0.002324548,0.001519581,,0,
1786043835208892934,1786043835.207546472,/novatel/oem7/odom,/novatel/oem7/fix,/novatel/oem7/odom,39.663,-75.756,-1.799683077,0.002333844,0.001527711,0.002302492,-0.000381259,0.001527711,,,
1786043835210786177,1786043835.210260226,/novatel/oem7/bestpos,/novatel/oem7/bestpos,/novatel/oem7/odom,39.663,-75.756,33.182581892,0.002333844,0.001527711,0.002302492,-0.000381259,0.001527711,,novatel_oem7_msgs.msg.SolutionStatus(status=0),novatel_oem7_msgs.msg.PositionOrVelocityType(type=53)
1786043835211671437,1786043835.210682157,/novatel/oem7/bestvel,/novatel/oem7/bestpos,/novatel/oem7/bestvel,39.663,-75.756,33.182581892,0.002246414,0.001545982,,,,95.800778830,novatel_oem7_msgs.msg.SolutionStatus(status=0),novatel_oem7_msgs.msg.PositionOrVelocityType(type=53)
1786043835215967734,1786043835.215482485,/novatel/oem7/odom,/novatel/oem7/bestpos,/novatel/oem7/odom,39.663,-75.756,33.182581892,0.002333844,0.001527711,0.002302492,-0.000381259,0.001527711,,,
1786043835225781802,1786043835.225187931,/novatel/oem7/inspva,/novatel/oem7/inspva,/novatel/oem7/inspva,39.663,-75.756,-1.799698562,0.002420160,0.001449525,-0.000091597,0.002418426,0.001449525,,novatel_oem7_msgs.msg.InertialSolutionStatus(status=3),
1786043835226707546,1786043835.225391639,/novatel/oem7/fix,/novatel/oem7/fix,/novatel/oem7/inspva,39.663,-75.756,-1.799698562,0.002420160,0.001449525,-0.000091597,0.002418426,0.001449525,,0,
1786043835227389129,1786043835.225903811,/novatel/oem7/odom,/novatel/oem7/fix,/novatel/oem7/odom,39.663,-75.756,-1.799698562,0.002414740,0.001458536,0.002404998,-0.000216681,0.001458536,,,
1786043835235191886,1786043835.234547858,/novatel/oem7/odom,/novatel/oem7/fix,/novatel/oem7/odom,39.663,-75.756,-1.799698562,0.002414740,0.001458536,0.002404998,-0.000216681,0.001458536,,,
1786043835246572104,1786043835.246101289,/novatel/oem7/inspva,/novatel/oem7/inspva,/novatel/oem7/inspva,39.663,-75.756,-1.799699711,0.002113929,0.001917866,-0.000288834,0.002094103,0.001917866,,novatel_oem7_msgs.msg.InertialSolutionStatus(status=3),
1786043835247513733,1786043835.246323215,/novatel/oem7/fix,/novatel/oem7/fix,/novatel/oem7/inspva,39.663,-75.756,-1.799699711,0.002113929,0.001917866,-0.000288834,0.002094103,0.001917866,,0,
1786043835248204680,1786043835.246934477,/novatel/oem7/odom,/novatel/oem7/fix,/novatel/oem7/odom,39.663,-75.756,-1.799699711,0.002107376,0.001925065,0.002069317,-0.000398699,0.001925065,,,
1786043835256746038,1786043835.256313332,/novatel/oem7/odom,/novatel/oem7/fix,/novatel/oem7/odom,39.663,-75.756,-1.799699711,0.002107376,0.001925065,0.002069317,-0.000398699,0.001925065,,,
1786043835265689517,1786043835.264992450,/novatel/oem7/inspva,/novatel/oem7/inspva,/novatel/oem7/inspva,39.663,-75.756,-1.799712513,0.002275106,0.002050870,-0.000292309,0.002256250,0.002050870,,novatel_oem7_msgs.msg.InertialSolutionStatus(status=3),
1786043835266688617,1786043835.265294107,/novatel/oem7/fix,/novatel/oem7/fix,/novatel/oem7/inspva,39.663,-75.756,-1.799712513,0.002275106,0.002050870,-0.000292309,0.002256250,0.002050870,,0,
1786043835267444541,1786043835.265832106,/novatel/oem7/odom,/novatel/oem7/fix,/novatel/oem7/odom,39.663,-75.756,-1.799712513,0.002268063,0.002058656,0.002230571,-0.000410688,0.002058656,,,
1786043835275059602,1786043835.274596344,/novatel/oem7/odom,/novatel/oem7/fix,/novatel/oem7/odom,39.663,-75.756,-1.799712513,0.002268063,0.002058656,0.002230571,-0.000410688,0.002058656,,,
1786043835286857354,1786043835.286519618,/novatel/oem7/inspva,/novatel/oem7/inspva,/novatel/oem7/inspva,39.663,-75.756,-1.799721770,0.002353702,0.001180430,-0.000405031,0.002318591,0.001180430,,novatel_oem7_msgs.msg.InertialSolutionStatus(status=3),
1786043835287501257,1786043835.286693110,/novatel/oem7/fix,/novatel/oem7/fix,/novatel/oem7/inspva,39.663,-75.756,-1.799721770,0.002353702,0.001180430,-0.000405031,0.002318591,0.001180430,,0,
1786043835287962851,1786043835.287145292,/novatel/oem7/odom,/novatel/oem7/fix,/novatel/oem7/odom,39.663,-75.756,-1.799721770,0.002349812,0.001188155,0.002290645,-0.000523988,0.001188155,,,
1786043835295482003,1786043835.294845790,/novatel/oem7/odom,/novatel/oem7/fix,/novatel/oem7/odom,39.663,-75.756,-1.799721770,0.002349812,0.001188155,0.002290645,-0.000523988,0.001188155,,,
1786043835306236884,1786043835.305863428,/novatel/oem7/inspva,/novatel/oem7/inspva,/novatel/oem7/inspva,39.663,-75.756,-1.799726916,0.002345696,0.001738159,-0.000273693,0.002329674,0.001738159,,novatel_oem7_msgs.msg.InertialSolutionStatus(status=3),
1786043835306858802,1786043835.306040973,/novatel/oem7/fix,/novatel/oem7/fix,/novatel/oem7/inspva,39.663,-75.756,-1.799726916,0.002345696,0.001738159,-0.000273693,0.002329674,0.001738159,,0,
1786043835307337398,1786043835.306529128,/novatel/oem7/odom,/novatel/oem7/fix,/novatel/oem7/odom,39.663,-75.756,-1.799726916,0.002339649,0.001746291,0.002306080,-0.000394905,0.001746291,,,
1786043835309812582,1786043835.309216028,/novatel/oem7/bestpos,/novatel/oem7/bestpos,/novatel/oem7/odom,39.663,-75.756,33.182540591,0.002339649,0.001746291,0.002306080,-0.000394905,0.001746291,,novatel_oem7_msgs.msg.SolutionStatus(status=0),novatel_oem7_msgs.msg.PositionOrVelocityType(type=53)
1786043835310411918,1786043835.309513588,/novatel/oem7/bestvel,/novatel/oem7/bestpos,/novatel/oem7/bestvel,39.663,-75.756,33.182540591,0.002102940,0.002081774,,,,106.280666686,novatel_oem7_msgs.msg.SolutionStatus(status=0),novatel_oem7_msgs.msg.PositionOrVelocityType(type=53)
1786043835315101674,1786043835.314576110,/novatel/oem7/odom,/novatel/oem7/bestpos,/novatel/oem7/odom,39.663,-75.756,33.182540591,0.002339649,0.001746291,0.002306080,-0.000394905,0.001746291,,,
1786043835325821227,1786043835.325102230,/novatel/oem7/inspva,/novatel/oem7/inspva,/novatel/oem7/inspva,39.663,-75.756,-1.799728530,0.002232816,0.001622852,-0.000530035,0.002168993,0.001622852,,novatel_oem7_msgs.msg.InertialSolutionStatus(status=3),
1786043835327383139,1786043835.325338159,/novatel/oem7/fix,/novatel/oem7/fix,/novatel/oem7/inspva,39.663,-75.756,-1.799728530,0.002232816,0.001622852,-0.000530035,0.002168993,0.001622852,,0,
1786043835328862264,1786043835.325913968,/novatel/oem7/odom,/novatel/oem7/fix,/novatel/oem7/odom,39.663,-75.756,-1.799728530,0.002227865,0.001629643,0.002133186,-0.000642573,0.001629643,,,
1786043835335753257,1786043835.334867675,/novatel/oem7/odom,/novatel/oem7/fix,/novatel/oem7/odom,39.663,-75.756,-1.799728530,0.002227865,0.001629643,0.002133186,-0.000642573,0.001629643,,,
1786043835345971491,1786043835.345224150,/novatel/oem7/inspva,/novatel/oem7/inspva,/novatel/oem7/inspva,39.663,-75.756,-1.799735022,0.002234075,0.001743443,-0.000554289,0.002164222,0.001743443,,novatel_oem7_msgs.msg.InertialSolutionStatus(status=3),
1786043835347770089,1786043835.345445416,/novatel/oem7/fix,/novatel/oem7/fix,/novatel/oem7/inspva,39.663,-75.756,-1.799735022,0.002234075,0.001743443,-0.000554289,0.002164222,0.001743443,,0,
1786043835349241534,1786043835.346100352,/novatel/oem7/odom,/novatel/oem7/fix,/novatel/oem7/odom,39.663,-75.756,-1.799735022,0.002228839,0.001750133,0.002126737,-0.000666869,0.001750133,,,
1786043835357367960,1786043835.355773307,/novatel/oem7/odom,/novatel/oem7/fix,/novatel/oem7/odom,39.663,-75.756,-1.799735022,0.002228839,0.001750133,0.002126737,-0.000666869,0.001750133,,,
1786043835366038334,1786043835.365111502,/novatel/oem7/inspva,/novatel/oem7/inspva,/novatel/oem7/inspva,39.663,-75.756,-1.799734978,0.002010354,0.001723648,-0.000272230,0.001991837,0.001723648,,novatel_oem7_msgs.msg.InertialSolutionStatus(status=3),
1786043835367887830,1786043835.365408245,/novatel/oem7/fix,/novatel/oem7/fix,/novatel/oem7/inspva,39.663,-75.756,-1.799734978,0.002010354,0.001723648,-0.000272230,0.001991837,0.001723648,,0,
1786043835369303581,1786043835.365987584,/novatel/oem7/odom,/novatel/oem7/fix,/novatel/oem7/odom,39.663,-75.756,-1.799734978,0.002004448,0.001730513,0.001968777,-0.000376468,0.001730513,,,
1786043835375915668,1786043835.375087193,/novatel/oem7/odom,/novatel/oem7/fix,/novatel/oem7/odom,39.663,-75.756,-1.799734978,0.002004448,0.001730513,0.001968777,-0.000376468,0.001730513,,,
1786043835385643007,1786043835.385032681,/novatel/oem7/inspva,/novatel/oem7/inspva,/novatel/oem7/inspva,39.663,-75.756,-1.799742433,0.002256662,0.001746287,-0.000665419,0.002156326,0.001746287,,novatel_oem7_msgs.msg.InertialSolutionStatus(status=3),
1786043835388319924,1786043835.385211006,/novatel/oem7/fix,/novatel/oem7/fix,/novatel/oem7/inspva,39.663,-75.756,-1.799742433,0.002256662,0.001746287,-0.000665419,0.002156326,0.001746287,,0,
1786043835390289120,1786043835.385681867,/novatel/oem7/odom,/novatel/oem7/fix,/novatel/oem7/odom,39.663,-75.756,-1.799742433,0.002251742,0.001752627,0.002113262,-0.000777475,0.001752627,,,
1786043835395319288,1786043835.394586978,/novatel/oem7/odom,/novatel/oem7/fix,/novatel/oem7/odom,39.663,-75.756,-1.799742433,0.002251742,0.001752627,0.002113262,-0.000777475,0.001752627,,,
1786043835407099010,1786043835.406506255,/novatel/oem7/inspva,/novatel/oem7/inspva,/novatel/oem7/inspva,39.663,-75.756,-1.799742029,0.002283608,0.001775771,-0.000734869,0.002162136,0.001775771,,novatel_oem7_msgs.msg.InertialSolutionStatus(status=3),
1786043835408415848,1786043835.406716847,/novatel/oem7/fix,/novatel/oem7/fix,/novatel/oem7/inspva,39.663,-75.756,-1.799742029,0.002283608,0.001775771,-0.000734869,0.002162136,0.001775771,,0,
1786043835409469465,1786043835.407246826,/novatel/oem7/odom,/novatel/oem7/fix,/novatel/oem7/odom,39.663,-75.756,-1.799742029,0.002278795,0.001781943,0.002115448,-0.000847225,0.001781943,,,
1786043835411352354,1786043835.410334447,/novatel/oem7/bestpos,/novatel/oem7/bestpos,/novatel/oem7/odom,39.663,-75.756,33.182512229,0.002278795,0.001781943,0.002115448,-0.000847225,0.001781943,,novatel_oem7_msgs.msg.SolutionStatus(status=0),novatel_oem7_msgs.msg.PositionOrVelocityType(type=53)
1786043835412769705,1786043835.410810875,/novatel/oem7/bestvel,/novatel/oem7/bestpos,/novatel/oem7/bestvel,39.663,-75.756,33.182512229,0.002505144,0.001628682,,,,106.169328227,novatel_oem7_msgs.msg.SolutionStatus(status=0),novatel_oem7_msgs.msg.PositionOrVelocityType(type=53)
1786043835415691848,1786043835.414690667,/novatel/oem7/odom,/novatel/oem7/bestpos,/novatel/oem7/odom,39.663,-75.756,33.182512229,0.002278795,0.001781943,0.002115448,-0.000847225,0.001781943,,,
1786043835425687207,1786043835.425173978,/novatel/oem7/inspva,/novatel/oem7/inspva,/novatel/oem7/inspva,39.663,-75.756,-1.799749613,0.002479244,0.001547538,-0.000933337,0.002296853,0.001547538,,novatel_oem7_msgs.msg.InertialSolutionStatus(status=3),
1786043835426532708,1786043835.425366939,/novatel/oem7/fix,/novatel/oem7/fix,/novatel/oem7/inspva,39.663,-75.756,-1.799749613,0.002479244,0.001547538,-0.000933337,0.002296853,0.001547538,,0,
1786043835427437765,1786043835.425876115,/novatel/oem7/odom,/novatel/oem7/fix,/novatel/oem7/odom,39.663,-75.756,-1.799749613,0.002475434,0.001553625,0.002240977,-0.001051568,0.001553625,,,
1786043835435637689,1786043835.434996250,/novatel/oem7/odom,/novatel/oem7/fix,/novatel/oem7/odom,39.663,-75.756,-1.799749613,0.002475434,0.001553625,0.002240977,-0.001051568,0.001553625,,,
1786043835445861922,1786043835.445356372,/novatel/oem7/inspva,/novatel/oem7/inspva,/novatel/oem7/inspva,39.663,-75.756,-1.799743358,0.002145590,0.002072341,-0.000722110,0.002020424,0.002072341,,novatel_oem7_msgs.msg.InertialSolutionStatus(status=3),
1786043835446733887,1786043835.445646228,/novatel/oem7/fix,/novatel/oem7/fix,/novatel/oem7/inspva,39.663,-75.756,-1.799743358,0.002145590,0.002072341,-0.000722110,0.002020424,0.002072341,,0,
1786043835447698548,1786043835.446372599,/novatel/oem7/odom,/novatel/oem7/fix,/novatel/oem7/odom,39.663,-75.756,-1.799743358,0.002140138,0.002077970,0.001973391,-0.000828201,0.002077970,,,
1786043835456816862,1786043835.456291333,/novatel/oem7/odom,/novatel/oem7/fix,/novatel/oem7/odom,39.663,-75.756,-1.799743358,0.002140138,0.002077970,0.001973391,-0.000828201,0.002077970,,,
1786043835465808847,1786043835.465286294,/novatel/oem7/inspva,/novatel/oem7/inspva,/novatel/oem7/inspva,39.663,-75.756,-1.799753227,0.002509363,0.001810328,-0.001036178,0.002285441,0.001810328,,novatel_oem7_msgs.msg.InertialSolutionStatus(status=3),
1786043835466643077,1786043835.465505806,/novatel/oem7/fix,/novatel/oem7/fix,/novatel/oem7/inspva,39.663,-75.756,-1.799753227,0.002509363,0.001810328,-0.001036178,0.002285441,0.001810328,,0,
1786043835467227230,1786043835.466114793,/novatel/oem7/odom,/novatel/oem7/fix,/novatel/oem7/odom,39.663,-75.756,-1.799753227,0.002505223,0.001816053,0.002223350,-0.001154493,0.001816053,,,
1786043835474839981,1786043835.474418460,/novatel/oem7/odom,/novatel/oem7/fix,/novatel/oem7/odom,39.663,-75.756,-1.799753227,0.002505223,0.001816053,0.002223350,-0.001154493,0.001816053,,,
1786043835485617842,1786043835.485085578,/novatel/oem7/inspva,/novatel/oem7/inspva,/novatel/oem7/inspva,39.663,-75.756,-1.799749614,0.002059186,0.001973931,-0.000406787,0.002018606,0.001973931,,novatel_oem7_msgs.msg.InertialSolutionStatus(status=3),
1786043835486432575,1786043835.485286280,/novatel/oem7/fix,/novatel/oem7/fix,/novatel/oem7/inspva,39.663,-75.756,-1.799749614,0.002059186,0.001973931,-0.000406787,0.002018606,0.001973931,,0,
1786043835486975546,1786043835.485831012,/novatel/oem7/odom,/novatel/oem7/fix,/novatel/oem7/odom,39.663,-75.756,-1.799749614,0.002052870,0.001980499,0.001987758,-0.000512924,0.001980499,,,
1786043835496147946,1786043835.495708417,/novatel/oem7/odom,/novatel/oem7/fix,/novatel/oem7/odom,39.663,-75.756,-1.799749614,0.002052870,0.001980499,0.001987758,-0.000512924,0.001980499,,,
1786043835506491059,1786043835.506082448,/novatel/oem7/inspva,/novatel/oem7/inspva,/novatel/oem7/inspva,39.663,-75.756,-1.799760852,0.002132850,0.001611880,-0.000569049,0.002055536,0.001611880,,novatel_oem7_msgs.msg.InertialSolutionStatus(status=3),
1786043835507227332,1786043835.506283536,/novatel/oem7/fix,/novatel/oem7/fix,/novatel/oem7/inspva,39.663,-75.756,-1.799760852,0.002132850,0.001611880,-0.000569049,0.002055536,0.001611880,,0,
1786043835507712394,1786043835.506637649,/novatel/oem7/odom,/novatel/oem7/fix,/novatel/oem7/odom,39.663,-75.756,-1.799760852,0.002128125,0.001618113,0.002017957,-0.000675846,0.001618113,,,
1786043835511738059,1786043835.511322497,/novatel/oem7/bestpos,/novatel/oem7/bestpos,/novatel/oem7/odom,39.663,-75.756,33.182490815,0.002128125,0.001618113,0.002017957,-0.000675846,0.001618113,,novatel_oem7_msgs.msg.SolutionStatus(status=0),novatel_oem7_msgs.msg.PositionOrVelocityType(type=53)
1786043835512636883,1786043835.512329117,/novatel/oem7/bestvel,/novatel/oem7/bestpos,/novatel/oem7/bestvel,39.663,-75.756,33.182490815,0.002327477,0.001468876,,,,102.733079961,novatel_oem7_msgs.msg.SolutionStatus(status=0),novatel_oem7_msgs.msg.PositionOrVelocityType(type=53)
1786043835514822620,1786043835.514463320,/novatel/oem7/odom,/novatel/oem7/bestpos,/novatel/oem7/odom,39.663,-75.756,33.182490815,0.002128125,0.001618113,0.002017957,-0.000675846,0.001618113,,,
1786043835525859711,1786043835.525516705,/novatel/oem7/inspva,/novatel/oem7/inspva,/novatel/oem7/inspva,39.663,-75.756,-1.799758183,0.002159310,0.001773467,-0.000527768,0.002093819,0.001773467,,novatel_oem7_msgs.msg.InertialSolutionStatus(status=3),
1786043835526491733,1786043835.525688243,/novatel/oem7/fix,/novatel/oem7/fix,/novatel/oem7/inspva,39.663,-75.756,-1.799758183,0.002159310,0.001773467,-0.000527768,0.002093819,0.001773467,,0,
1786043835527265352,1786043835.526545961,/novatel/oem7/odom,/novatel/oem7/fix,/novatel/oem7/odom,39.663,-75.756,-1.799758183,0.002153956,0.001779966,0.002057616,-0.000636979,0.001779966,,,
1786043835535093079,1786043835.534717788,/novatel/oem7/odom,/novatel/oem7/fix,/novatel/oem7/odom,39.663,-75.756,-1.799758183,0.002153956,0.001779966,0.002057616,-0.000636979,0.001779966,,,
1786043835545458443,1786043835.545112133,/novatel/oem7/inspva,/novatel/oem7/inspva,/novatel/oem7/inspva,39.663,-75.756,-1.799767829,0.002184074,0.001765020,-0.000568457,0.002108799,0.001765020,,novatel_oem7_msgs.msg.InertialSolutionStatus(status=3),
1786043835546104217,1786043835.545291988,/novatel/oem7/fix,/novatel/oem7/fix,/novatel/oem7/inspva,39.663,-75.756,-1.799767829,0.002184074,0.001765020,-0.000568457,0.002108799,0.001765020,,0,
1786043835546598247,1786043835.545666639,/novatel/oem7/odom,/novatel/oem7/fix,/novatel/oem7/odom,39.663,-75.756,-1.799767829,0.002178854,0.001771460,0.002070568,-0.000678343,0.001771460,,,
1786043835556231448,1786043835.555867918,/novatel/oem7/odom,/novatel/oem7/fix,/novatel/oem7/odom,39.663,-75.756,-1.799767829,0.002178854,0.001771460,0.002070568,-0.000678343,0.001771460,,,
1786043835565666669,1786043835.565222617,/novatel/oem7/inspva,/novatel/oem7/inspva,/novatel/oem7/inspva,39.663,-75.756,-1.799768813,0.002206745,0.001535165,-0.000750326,0.002075268,0.001535165,,novatel_oem7_msgs.msg.InertialSolutionStatus(status=3),
1786043835566270984,1786043835.565400019,/novatel/oem7/fix,/novatel/oem7/fix,/novatel/oem7/inspva,39.663,-75.756,-1.799768813,0.002206745,0.001535165,-0.000750326,0.002075268,0.001535165,,0,
1786043835566733927,1786043835.565926654,/novatel/oem7/odom,/novatel/oem7/fix,/novatel/oem7/odom,39.663,-75.756,-1.799768813,0.002202698,0.001540967,0.002028857,-0.000857680,0.001540967,,,
1786043835575186997,1786043835.574846608,/novatel/oem7/odom,/novatel/oem7/fix,/novatel/oem7/odom,39.663,-75.756,-1.799768813,0.002202698,0.001540967,0.002028857,-0.000857680,0.001540967,,,
1786043835586439341,1786043835.586053124,/novatel/oem7/inspva,/novatel/oem7/inspva,/novatel/oem7/inspva,39.663,-75.756,-1.799775739,0.002321274,0.001604549,-0.000616816,0.002237823,0.001604549,,novatel_oem7_msgs.msg.InertialSolutionStatus(status=3),
1786043835587043939,1786043835.586219106,/novatel/oem7/fix,/novatel/oem7/fix,/novatel/oem7/inspva,39.663,-75.756,-1.799775739,0.002321274,0.001604549,-0.000616816,0.002237823,0.001604549,,0,
1786043835587545858,1786043835.586684971,/novatel/oem7/odom,/novatel/oem7/fix,/novatel/oem7/odom,39.663,-75.756,-1.799775739,0.002316550,0.001611361,0.002197636,-0.000732668,0.001611361,,,
1786043835594709810,1786043835.594297878,/novatel/oem7/odom,/novatel/oem7/fix,/novatel/oem7/odom,39.663,-75.756,-1.799775739,0.002316550,0.001611361,0.002197636,-0.000732668,0.001611361,,,
1786043835606021768,1786043835.605683977,/novatel/oem7/inspva,/novatel/oem7/inspva,/novatel/oem7/inspva,39.663,-75.756,-1.799773928,0.001982917,0.001688300,-0.000248646,0.001967266,0.001688300,,novatel_oem7_msgs.msg.InertialSolutionStatus(status=3),
1786043835606630644,1786043835.605840745,/novatel/oem7/fix,/novatel/oem7/fix,/novatel/oem7/inspva,39.663,-75.756,-1.799773928,0.001982917,0.001688300,-0.000248646,0.001967266,0.001688300,,0,
1786043835607866894,1786043835.607035797,/novatel/oem7/odom,/novatel/oem7/fix,/novatel/oem7/odom,39.663,-75.756,-1.799773928,0.001977055,0.001695161,0.001945533,-0.000351636,0.001695161,,,
1786043835610935273,1786043835.610384781,/novatel/oem7/bestpos,/novatel/oem7/bestpos,/novatel/oem7/odom,39.663,-75.756,33.182473115,0.001977055,0.001695161,0.001945533,-0.000351636,0.001695161,,novatel_oem7_msgs.msg.SolutionStatus(status=0),novatel_oem7_msgs.msg.PositionOrVelocityType(type=53)
1786043835611575521,1786043835.610800692,/novatel/oem7/bestvel,/novatel/oem7/bestpos,/novatel/oem7/bestvel,39.663,-75.756,33.182473115,0.002216876,0.001538626,,,,95.272333187,novatel_oem7_msgs.msg.SolutionStatus(status=0),novatel_oem7_msgs.msg.PositionOrVelocityType(type=53)
1786043835615867340,1786043835.615514273,/novatel/oem7/odom,/novatel/oem7/bestpos,/novatel/oem7/odom,39.663,-75.756,33.182473115,0.001977055,0.001695161,0.001945533,-0.000351636,0.001695161,,,
1786043835625312388,1786043835.625001579,/novatel/oem7/inspva,/novatel/oem7/inspva,/novatel/oem7/inspva,39.663,-75.756,-1.799783759,0.001989101,0.001276882,-0.000097924,0.001986689,0.001276882,,novatel_oem7_msgs.msg.InertialSolutionStatus(status=3),
1786043835626071388,1786043835.625158358,/novatel/oem7/fix,/novatel/oem7/fix,/novatel/oem7/inspva,39.663,-75.756,-1.799783759,0.001989101,0.001276882,-0.000097924,0.001986689,0.001276882,,0,
1786043835627527194,1786043835.627005596,/novatel/oem7/odom,/novatel/oem7/fix,/novatel/oem7/odom,39.663,-75.756,-1.799783759,0.001984357,0.001284243,0.001974156,-0.000200944,0.001284243,,,
1786043835634835807,1786043835.634383021,/novatel/oem7/odom,/novatel/oem7/fix,/novatel/oem7/odom,39.663,-75.756,-1.799783759,0.001984357,0.001284243,0.001974156,-0.000200944,0.001284243,,,
1786043835646889334,1786043835.646565541,/novatel/oem7/inspva,/novatel/oem7/inspva,/novatel/oem7/inspva,39.663,-75.756,-1.799779473,0.002147843,0.001752192,-0.000154175,0.002142302,0.001752192,,novatel_oem7_msgs.msg.InertialSolutionStatus(status=3),
1786043835647517151,1786043835.646725853,/novatel/oem7/fix,/novatel/oem7/fix,/novatel/oem7/inspva,39.663,-75.756,-1.799779473,0.002147843,0.001752192,-0.000154175,0.002142302,0.001752192,,0,
1786043835648201724,1786043835.647526101,/novatel/oem7/odom,/novatel/oem7/fix,/novatel/oem7/odom,39.663,-75.756,-1.799779473,0.002141457,0.001759990,0.002124842,-0.000266245,0.001759990,,,
1786043835656674065,1786043835.656256910,/novatel/oem7/odom,/novatel/oem7/fix,/novatel/oem7/odom,39.663,-75.756,-1.799779473,0.002141457,0.001759990,0.002124842,-0.000266245,0.001759990,,,
1786043835665335634,1786043835.665027223,/novatel/oem7/inspva,/novatel/oem7/inspva,/novatel/oem7/inspva,39.663,-75.756,-1.799789201,0.002222385,0.001550381,-0.000144323,0.002217694,0.001550381,,novatel_oem7_msgs.msg.InertialSolutionStatus(status=3),
1786043835665957219,1786043835.665159436,/novatel/oem7/fix,/novatel/oem7/fix,/novatel/oem7/inspva,39.663,-75.756,-1.799789201,0.002222385,0.001550381,-0.000144323,0.002217694,0.001550381,,0,
1786043835666441403,1786043835.665564684,/novatel/oem7/odom,/novatel/oem7/fix,/novatel/oem7/odom,39.663,-75.756,-1.799789201,0.002216699,0.001558500,0.002201442,-0.000259627,0.001558500,,,
1786043835675811785,1786043835.675451957,/novatel/oem7/odom,/novatel/oem7/fix,/novatel/oem7/odom,39.663,-75.756,-1.799789201,0.002216699,0.001558500,0.002201442,-0.000259627,0.001558500,,,
1786043835685642088,1786043835.685280897,/novatel/oem7/inspva,/novatel/oem7/inspva,/novatel/oem7/inspva,39.663,-75.756,-1.799788053,0.002145911,0.001568458,-0.000039125,0.002145555,0.001568458,,novatel_oem7_msgs.msg.InertialSolutionStatus(status=3),
1786043835686746415,1786043835.685486346,/novatel/oem7/fix,/novatel/oem7/fix,/novatel/oem7/inspva,39.663,-75.756,-1.799788053,0.002145911,0.001568458,-0.000039125,0.002145555,0.001568458,,0,
1786043835687663012,1786043835.686039752,/novatel/oem7/odom,/novatel/oem7/fix,/novatel/oem7/odom,39.663,-75.756,-1.799788053,0.002139921,0.001576621,0.002134587,-0.000151001,0.001576621,,,
1786043835695185600,1786043835.694859747,/novatel/oem7/odom,/novatel/oem7/fix,/novatel/oem7/odom,39.663,-75.756,-1.799788053,0.002139921,0.001576621,0.002134587,-0.000151001,0.001576621,,,
1786043835706146453,1786043835.705856233,/novatel/oem7/inspva,/novatel/oem7/inspva,/novatel/oem7/inspva,39.663,-75.756,-1.799796878,0.002166623,0.001294224,0.000045445,0.002166146,0.001294224,,novatel_oem7_msgs.msg.InertialSolutionStatus(status=3),
1786043835706701011,1786043835.706002347,/novatel/oem7/fix,/novatel/oem7/fix,/novatel/oem7/inspva,39.663,-75.756,-1.799796878,0.002166623,0.001294224,0.000045445,0.002166146,0.001294224,,0,
1786043835707155190,1786043835.706394591,/novatel/oem7/odom,/novatel/oem7/fix,/novatel/oem7/odom,39.663,-75.756,-1.799796878,0.002161537,0.001302700,0.002160503,-0.000066840,0.001302700,,,
1786043835710518404,1786043835.709993541,/novatel/oem7/bestpos,/novatel/oem7/bestpos,/novatel/oem7/odom,39.663,-75.756,33.182450036,0.002161537,0.001302700,0.002160503,-0.000066840,0.001302700,,novatel_oem7_msgs.msg.SolutionStatus(status=0),novatel_oem7_msgs.msg.PositionOrVelocityType(type=53)
1786043835711100312,1786043835.710540160,/novatel/oem7/bestvel,/novatel/oem7/bestpos,/novatel/oem7/bestvel,39.663,-75.756,33.182450036,0.002112200,0.001088598,,,,76.311593298,novatel_oem7_msgs.msg.SolutionStatus(status=0),novatel_oem7_msgs.msg.PositionOrVelocityType(type=53)
1786043835714695664,1786043835.714319338,/novatel/oem7/odom,/novatel/oem7/bestpos,/novatel/oem7/odom,39.663,-75.756,33.182450036,0.002161537,0.001302700,0.002160503,-0.000066840,0.001302700,,,
1786043835725497383,1786043835.725192172,/novatel/oem7/inspva,/novatel/oem7/inspva,/novatel/oem7/inspva,39.663,-75.756,-1.799791447,0.001861639,0.001621191,0.000287037,0.001839377,0.001621191,,novatel_oem7_msgs.msg.InertialSolutionStatus(status=3),
1786043835726061427,1786043835.725339816,/novatel/oem7/fix,/novatel/oem7/fix,/novatel/oem7/inspva,39.663,-75.756,-1.799791447,0.001861639,0.001621191,0.000287037,0.001839377,0.001621191,,0,
1786043835726497812,1786043835.725743304,/novatel/oem7/odom,/novatel/oem7/fix,/novatel/oem7/odom,39.663,-75.756,-1.799791447,0.001854712,0.001629112,0.001844959,0.000189952,0.001629112,,,
1786043835735738703,1786043835.735399348,/novatel/oem7/odom,/novatel/oem7/fix,/novatel/oem7/odom,39.663,-75.756,-1.799791447,0.001854712,0.001629112,0.001844959,0.000189952,0.001629112,,,
1786043835745453689,1786043835.745062386,/novatel/oem7/inspva,/novatel/oem7/inspva,/novatel/oem7/inspva,39.663,-75.756,-1.799795054,0.002057058,0.001613808,-0.000002838,0.002057056,0.001613808,,novatel_oem7_msgs.msg.InertialSolutionStatus(status=3),
1786043835745993252,1786043835.745209354,/novatel/oem7/fix,/novatel/oem7/fix,/novatel/oem7/inspva,39.663,-75.756,-1.799795054,0.002057058,0.001613808,-0.000002838,0.002057056,0.001613808,,0,
1786043835746406063,1786043835.745580905,/novatel/oem7/odom,/novatel/oem7/fix,/novatel/oem7/odom,39.663,-75.756,-1.799795054,0.002050836,0.001621708,0.002047859,-0.000110461,0.001621708,,,
1786043835756033648,1786043835.755634430,/novatel/oem7/odom,/novatel/oem7/fix,/novatel/oem7/odom,39.663,-75.756,-1.799795054,0.002050836,0.001621708,0.002047859,-0.000110461,0.001621708,,,
1786043835766979302,1786043835.766535287,/novatel/oem7/inspva,/novatel/oem7/inspva,/novatel/oem7/inspva,39.663,-75.756,-1.799789442,0.002162001,0.001633914,0.000041984,0.002161593,0.001633914,,novatel_oem7_msgs.msg.InertialSolutionStatus(status=3),
1786043835767571142,1786043835.766702805,/novatel/oem7/fix,/novatel/oem7/fix,/novatel/oem7/inspva,39.663,-75.756,-1.799789442,0.002162001,0.001633914,0.000041984,0.002161593,0.001633914,,0,
1786043835767987730,1786043835.767137154,/novatel/oem7/odom,/novatel/oem7/fix,/novatel/oem7/odom,39.663,-75.756,-1.799789442,0.002155589,0.001642364,0.002154419,-0.000070989,0.001642364,,,
1786043835775039249,1786043835.774697716,/novatel/oem7/odom,/novatel/oem7/fix,/novatel/oem7/odom,39.663,-75.756,-1.799789442,0.002155589,0.001642364,0.002154419,-0.000070989,0.001642364,,,
1786043835785232670,1786043835.784892857,/novatel/oem7/inspva,/novatel/oem7/inspva,/novatel/oem7/inspva,39.663,-75.756,-1.799791786,0.002048084,0.001607479,-0.000185690,0.002039649,0.001607479,,novatel_oem7_msgs.msg.InertialSolutionStatus(status=3),
1786043835785795620,1786043835.785038491,/novatel/oem7/fix,/novatel/oem7/fix,/novatel/oem7/inspva,39.663,-75.756,-1.799791786,0.002048084,0.001607479,-0.000185690,0.002039649,0.001607479,,0,
1786043835786213712,1786043835.785483786,/novatel/oem7/odom,/novatel/oem7/fix,/novatel/oem7/odom,39.663,-75.756,-1.799791786,0.002042342,0.001614769,0.002021331,-0.000292202,0.001614769,,,
1786043835795758535,1786043835.795410083,/novatel/oem7/odom,/novatel/oem7/fix,/novatel/oem7/odom,39.663,-75.756,-1.799791786,0.002042342,0.001614769,0.002021331,-0.000292202,0.001614769,,,
1786043835806944156,1786043835.806643140,/novatel/oem7/inspva,/novatel/oem7/inspva,/novatel/oem7/inspva,39.663,-75.756,-1.799785073,0.002304808,0.001524728,-0.000206748,0.002295516,0.001524728,,novatel_oem7_msgs.msg.InertialSolutionStatus(status=3),
1786043835807554483,1786043835.806794542,/novatel/oem7/fix,/novatel/oem7/fix,/novatel/oem7/inspva,39.663,-75.756,-1.799785073,0.002304808,0.001524728,-0.000206748,0.002295516,0.001524728,,0,
1786043835807984045,1786043835.807299537,/novatel/oem7/odom,/novatel/oem7/fix,/novatel/oem7/odom,39.663,-75.756,-1.799785073,0.002299359,0.001532933,0.002276154,-0.000325845,0.001532933,,,
1786043835810547870,1786043835.810243437,/novatel/oem7/bestpos,/novatel/oem7/bestpos,/novatel/oem7/odom,39.663,-75.756,33.182463917,0.002299359,0.001532933,0.002276154,-0.000325845,0.001532933,,novatel_oem7_msgs.msg.SolutionStatus(status=0),novatel_oem7_msgs.msg.PositionOrVelocityType(type=53)
1786043835811118520,1786043835.810704528,/novatel/oem7/bestvel,/novatel/oem7/bestpos,/novatel/oem7/bestvel,39.663,-75.756,33.182463917,0.002236120,0.001448336,,,,90.582721534,novatel_oem7_msgs.msg.SolutionStatus(status=0),novatel_oem7_msgs.msg.PositionOrVelocityType(type=53)
1786043835814855891,1786043835.814504174,/novatel/oem7/odom,/novatel/oem7/bestpos,/novatel/oem7/odom,39.663,-75.756,33.182463917,0.002299359,0.001532933,0.002276154,-0.000325845,0.001532933,,,
1786043835825963640,1786043835.825474881,/novatel/oem7/inspva,/novatel/oem7/inspva,/novatel/oem7/inspva,39.663,-75.756,-1.799786161,0.002051691,0.001534164,-0.000443377,0.002003211,0.001534164,,novatel_oem7_msgs.msg.InertialSolutionStatus(status=3),
1786043835827680303,1786043835.825700187,/novatel/oem7/fix,/novatel/oem7/fix,/novatel/oem7/inspva,39.663,-75.756,-1.799786161,0.002051691,0.001534164,-0.000443377,0.002003211,0.001534164,,0,
1786043835828328265,1786043835.826222573,/novatel/oem7/odom,/novatel/oem7/fix,/novatel/oem7/odom,39.663,-75.756,-1.799786161,0.002046892,0.001540561,0.001972296,-0.000547553,0.001540561,,,
1786043835835143128,1786043835.834735379,/novatel/oem7/odom,/novatel/oem7/fix,/novatel/oem7/odom,39.663,-75.756,-1.799786161,0.002046892,0.001540561,0.001972296,-0.000547553,0.001540561,,,
1786043835845721736,1786043835.845331546,/novatel/oem7/inspva,/novatel/oem7/inspva,/novatel/oem7/inspva,39.663,-75.756,-1.799777397,0.002193048,0.001443592,-0.000000526,0.002193048,0.001443592,,novatel_oem7_msgs.msg.InertialSolutionStatus(status=3),
1786043835846241694,1786043835.845625379,/novatel/oem7/fix,/novatel/oem7/fix,/novatel/oem7/inspva,39.663,-75.756,-1.799777397,0.002193048,0.001443592,-0.000000526,0.002193048,0.001443592,,0,
1786043835846839258,1786043835.846283439,/novatel/oem7/odom,/novatel/oem7/fix,/novatel/oem7/odom,39.663,-75.756,-1.799777397,0.002187472,0.001452028,0.002184470,-0.000114563,0.001452028,,,
1786043835857294905,1786043835.856613927,/novatel/oem7/odom,/novatel/oem7/fix,/novatel/oem7/odom,39.663,-75.756,-1.799777397,0.002187472,0.001452028,0.002184470,-0.000114563,0.001452028,,,
1786043835865524802,1786043835.865064166,/novatel/oem7/inspva,/novatel/oem7/inspva,/novatel/oem7/inspva,39.663,-75.756,-1.799776141,0.001848241,0.001678745,-0.000489660,0.001782198,0.001678745,,novatel_oem7_msgs.msg.InertialSolutionStatus(status=3),
1786043835866319686,1786043835.865305049,/novatel/oem7/fix,/novatel/oem7/fix,/novatel/oem7/inspva,39.663,-75.756,-1.799776141,0.001848241,0.001678745,-0.000489660,0.001782198,0.001678745,,0,
1786043835866912428,1786043835.865750649,/novatel/oem7/odom,/novatel/oem7/fix,/novatel/oem7/odom,39.663,-75.756,-1.799776141,0.001843291,0.001684179,0.001748644,-0.000583065,0.001684179,,,
1786043835875009711,1786043835.874538992,/novatel/oem7/odom,/novatel/oem7/fix,/novatel/oem7/odom,39.663,-75.756,-1.799776141,0.001843291,0.001684179,0.001748644,-0.000583065,0.001684179,,,
1786043835887247969,1786043835.886647868,/novatel/oem7/inspva,/novatel/oem7/inspva,/novatel/oem7/inspva,39.663,-75.756,-1.799767541,0.002875143,0.001548162,-0.000310442,0.002858334,0.001548162,,novatel_oem7_msgs.msg.InertialSolutionStatus(status=3),
1786043835888031815,1786043835.886889867,/novatel/oem7/fix,/novatel/oem7/fix,/novatel/oem7/inspva,39.663,-75.756,-1.799767541,0.002875143,0.001548162,-0.000310442,0.002858334,0.001548162,,0,
1786043835888488705,1786043835.887342972,/novatel/oem7/odom,/novatel/oem7/fix,/novatel/oem7/odom,39.663,-75.756,-1.799767541,0.002869681,0.001558262,0.002832936,-0.000457759,0.001558262,,,
1786043835895374703,1786043835.895060243,/novatel/oem7/odom,/novatel/oem7/fix,/novatel/oem7/odom,39.663,-75.756,-1.799767541,0.002869681,0.001558262,0.002832936,-0.000457759,0.001558262,,,
1786043835905911610,1786043835.905635861,/novatel/oem7/inspva,/novatel/oem7/inspva,/novatel/oem7/inspva,39.663,-75.756,-1.799763977,0.001994262,0.001800629,-0.000418593,0.001949836,0.001800629,,novatel_oem7_msgs.msg.InertialSolutionStatus(status=3),
1786043835906390789,1786043835.905785835,/novatel/oem7/fix,/novatel/oem7/fix,/novatel/oem7/inspva,39.663,-75.756,-1.799763977,0.001994262,0.001800629,-0.000418593,0.001949836,0.001800629,,0,
1786043835906966746,1786043835.906387688,/novatel/oem7/odom,/novatel/oem7/fix,/novatel/oem7/odom,39.663,-75.756,-1.799763977,0.001988555,0.001806930,0.001919127,-0.000520864,0.001806930,,,
1786043835909494262,1786043835.909146839,/novatel/oem7/bestpos,/novatel/oem7/bestpos,/novatel/oem7/odom,39.663,-75.756,33.182476565,0.001988555,0.001806930,0.001919127,-0.000520864,0.001806930,,novatel_oem7_msgs.msg.SolutionStatus(status=0),novatel_oem7_msgs.msg.PositionOrVelocityType(type=53)
1786043835910069140,1786043835.909508400,/novatel/oem7/bestvel,/novatel/oem7/bestpos,/novatel/oem7/bestvel,39.663,-75.756,33.182476565,0.002451683,0.001542291,,,,99.164708955,novatel_oem7_msgs.msg.SolutionStatus(status=0),novatel_oem7_msgs.msg.PositionOrVelocityType(type=53)
1786043835915990716,1786043835.915484990,/novatel/oem7/odom,/novatel/oem7/bestpos,/novatel/oem7/odom,39.663,-75.756,33.182476565,0.001988555,0.001806930,0.001919127,-0.000520864,0.001806930,,,
1786043835926181343,1786043835.925538465,/novatel/oem7/inspva,/novatel/oem7/inspva,/novatel/oem7/inspva,39.663,-75.756,-1.799754465,0.002706003,0.001307481,-0.000507482,0.002657991,0.001307481,,novatel_oem7_msgs.msg.InertialSolutionStatus(status=3),
1786043835927245630,1786043835.925835835,/novatel/oem7/fix,/novatel/oem7/fix,/novatel/oem7/inspva,39.663,-75.756,-1.799754465,0.002706003,0.001307481,-0.000507482,0.002657991,0.001307481,,0,
1786043835927872551,1786043835.926341854,/novatel/oem7/odom,/novatel/oem7/fix,/novatel/oem7/odom,39.663,-75.756,-1.799754465,0.002701760,0.001316227,0.002623922,-0.000643850,0.001316227,,,
1786043835935371792,1786043835.934946378,/novatel/oem7/odom,/novatel/oem7/fix,/novatel/oem7/odom,39.663,-75.756,-1.799754465,0.002701760,0.001316227,0.002623922,-0.000643850,0.001316227,,,
1786043835946589629,1786043835.946269832,/novatel/oem7/inspva,/novatel/oem7/inspva,/novatel/oem7/inspva,39.663,-75.756,-1.799747489,0.002252657,0.001794046,-0.000582069,0.002176157,0.001794046,,novatel_oem7_msgs.msg.InertialSolutionStatus(status=3),
1786043835947147777,1786043835.946443404,/novatel/oem7/fix,/novatel/oem7/fix,/novatel/oem7/inspva,39.663,-75.756,-1.799747489,0.002252657,0.001794046,-0.000582069,0.002176157,0.001794046,,0,
1786043835948153562,1786043835.946955416,/novatel/oem7/odom,/novatel/oem7/fix,/novatel/oem7/odom,39.663,-75.756,-1.799747489,0.002247316,0.001800732,0.002136983,-0.000695508,0.001800732,,,
1786043835956300695,1786043835.955841593,/novatel/oem7/odom,/novatel/oem7/fix,/novatel/oem7/odom,39.663,-75.756,-1.799747489,0.002247316,0.001800732,0.002136983,-0.000695508,0.001800732,,,
1786043835965822387,1786043835.965310025,/novatel/oem7/inspva,/novatel/oem7/inspva,/novatel/oem7/inspva,39.663,-75.756,-1.799733602,0.002407061,0.001651104,-0.000252776,0.002393752,0.001651104,,novatel_oem7_msgs.msg.InertialSolutionStatus(status=3),
1786043835966356660,1786043835.965540728,/novatel/oem7/fix,/novatel/oem7/fix,/novatel/oem7/inspva,39.663,-75.756,-1.799733602,0.002407061,0.001651104,-0.000252776,0.002393752,0.001651104,,0,
1786043835966752475,1786043835.966052686,/novatel/oem7/odom,/novatel/oem7/fix,/novatel/oem7/odom,39.663,-75.756,-1.799733602,0.002401218,0.001659591,0.002371412,-0.000377163,0.001659591,,,
1786043835975855040,1786043835.975545786,/novatel/oem7/odom,/novatel/oem7/fix,/novatel/oem7/odom,39.663,-75.756,-1.799733602,0.002401218,0.001659591,0.002371412,-0.000377163,0.001659591,,,
1786043835985699744,1786043835.985151230,/novatel/oem7/inspva,/novatel/oem7/inspva,/novatel/oem7/inspva,39.663,-75.756,-1.799725799,0.002188031,0.001793361,-0.000524018,0.002124355,0.001793361,,novatel_oem7_msgs.msg.InertialSolutionStatus(status=3),
1786043835986415390,1786043835.985349118,/novatel/oem7/fix,/novatel/oem7/fix,/novatel/oem7/inspva,39.663,-75.756,-1.799725799,0.002188031,0.001793361,-0.000524018,0.002124355,0.001793361,,0,
1786043835986857820,1786043835.985728345,/novatel/oem7/odom,/novatel/oem7/fix,/novatel/oem7/odom,39.663,-75.756,-1.799725799,0.002182551,0.001800027,0.002088149,-0.000634949,0.001800027,,,
1786043835994673462,1786043835.994314483,/novatel/oem7/odom,/novatel/oem7/fix,/novatel/oem7/odom,39.663,-75.756,-1.799725799,0.002182551,0.001800027,0.002088149,-0.000634949,0.001800027,,,
1786043836008755461,1786043836.008470440,/novatel/oem7/inspva,/novatel/oem7/inspva,/novatel/oem7/inspva,39.663,-75.756,-1.799708228,0.002668501,0.001999464,-0.000589970,0.002602467,0.001999464,,novatel_oem7_msgs.msg.InertialSolutionStatus(status=3),
1786043836009235726,1786043836.008623798,/novatel/oem7/fix,/novatel/oem7/fix,/novatel/oem7/inspva,39.663,-75.756,-1.799708228,0.002668501,0.001999464,-0.000589970,0.002602467,0.001999464,,0,
1786043836012354889,1786043836.011631445,/novatel/oem7/odom,/novatel/oem7/fix,/novatel/oem7/odom,39.663,-75.756,-1.799708228,0.002662269,0.002007755,0.002561535,-0.000725407,0.002007755,,,
1786043836016577276,1786043836.016095877,/novatel/oem7/odom,/novatel/oem7/fix,/novatel/oem7/odom,39.663,-75.756,-1.799708228,0.002662269,0.002007755,0.002561535,-0.000725407,0.002007755,,,
1786043836025528399,1786043836.024918800,/novatel/oem7/bestpos,/novatel/oem7/bestpos,/novatel/oem7/odom,39.663,-75.756,33.182534254,0.002662269,0.002007755,0.002561535,-0.000725407,0.002007755,,novatel_oem7_msgs.msg.SolutionStatus(status=0),novatel_oem7_msgs.msg.PositionOrVelocityType(type=53)
1786043836026705604,1786043836.026202793,/novatel/oem7/bestvel,/novatel/oem7/bestpos,/novatel/oem7/bestvel,39.663,-75.756,33.182534254,0.002336915,0.002199476,,,,105.487689895,novatel_oem7_msgs.msg.SolutionStatus(status=0),novatel_oem7_msgs.msg.PositionOrVelocityType(type=53)
1786043836027591179,1786043836.026628190,/novatel/oem7/inspva,/novatel/oem7/inspva,/novatel/oem7/inspva,39.663,-75.756,-1.799701228,0.002572460,0.001932318,-0.000685388,0.002479474,0.001932318,,novatel_oem7_msgs.msg.InertialSolutionStatus(status=3),
1786043836028162976,1786043836.026907907,/novatel/oem7/fix,/novatel/oem7/fix,/novatel/oem7/inspva,39.663,-75.756,-1.799701228,0.002572460,0.001932318,-0.000685388,0.002479474,0.001932318,,0,
1786043836029034108,1786043836.027525773,/novatel/oem7/odom,/novatel/oem7/fix,/novatel/oem7/odom,39.663,-75.756,-1.799701228,0.002566764,0.001939877,0.002434161,-0.000814334,0.001939877,,,
1786043836036111225,1786043836.035643762,/novatel/oem7/odom,/novatel/oem7/fix,/novatel/oem7/odom,39.663,-75.756,-1.799701228,0.002566764,0.001939877,0.002434161,-0.000814334,0.001939877,,,
1786043836046199097,1786043836.045881049,/novatel/oem7/inspva,/novatel/oem7/inspva,/novatel/oem7/inspva,39.663,-75.756,-1.799712544,0.002428117,0.001584991,-0.000739704,0.002312702,0.001584991,,novatel_oem7_msgs.msg.InertialSolutionStatus(status=3),
1786043836046746453,1786043836.046067861,/novatel/oem7/fix,/novatel/oem7/fix,/novatel/oem7/inspva,39.663,-75.756,-1.799712544,0.002428117,0.001584991,-0.000739704,0.002312702,0.001584991,,0,
1786043836047529160,1786043836.046708464,/novatel/oem7/odom,/novatel/oem7/fix,/novatel/oem7/odom,39.663,-75.756,-1.799712544,0.002423721,0.001591706,0.002266288,-0.000859279,0.001591706,,,
1786043836056709083,1786043836.056272491,/novatel/oem7/odom,/novatel/oem7/fix,/novatel/oem7/odom,39.663,-75.756,-1.799712544,0.002423721,0.001591706,0.002266288,-0.000859279,0.001591706,,,
1786043836066820697,1786043836.066315019,/novatel/oem7/inspva,/novatel/oem7/inspva,/novatel/oem7/inspva,39.663,-75.756,-1.799722758,0.002570390,0.001805772,-0.000702727,0.002472464,0.001805772,,novatel_oem7_msgs.msg.InertialSolutionStatus(status=3),
1786043836067366916,1786043836.066506781,/novatel/oem7/fix,/novatel/oem7/fix,/novatel/oem7/inspva,39.663,-75.756,-1.799722758,0.002570390,0.001805772,-0.000702727,0.002472464,0.001805772,,0,
1786043836067754987,1786043836.066965109,/novatel/oem7/odom,/novatel/oem7/fix,/novatel/oem7/odom,39.663,-75.756,-1.799722758,0.002565124,0.001813244,0.002426793,-0.000830985,0.001813244,,,
1786043836074984923,1786043836.074665031,/novatel/oem7/odom,/novatel/oem7/fix,/novatel/oem7/odom,39.663,-75.756,-1.799722758,0.002565124,0.001813244,0.002426793,-0.000830985,0.001813244,,,
1786043836085817342,1786043836.085290315,/novatel/oem7/inspva,/novatel/oem7/inspva,/novatel/oem7/inspva,39.663,-75.756,-1.799725048,0.002415976,0.002069422,-0.000884296,0.002248324,0.002069422,,novatel_oem7_msgs.msg.InertialSolutionStatus(status=3),
1786043836086563249,1786043836.085504807,/novatel/oem7/fix,/novatel/oem7/fix,/novatel/oem7/inspva,39.663,-75.756,-1.799725048,0.002415976,0.002069422,-0.000884296,0.002248324,0.002069422,,0,
1786043836087002402,1786043836.086036736,/novatel/oem7/odom,/novatel/oem7/fix,/novatel/oem7/odom,39.663,-75.756,-1.799725048,0.002410755,0.002075502,0.002192759,-0.001001771,0.002075502,,,
1786043836095926013,1786043836.095610736,/novatel/oem7/odom,/novatel/oem7/fix,/novatel/oem7/odom,39.663,-75.756,-1.799725048,0.002410755,0.002075502,0.002192759,-0.001001771,0.002075502,,,
1786043836106201533,1786043836.105925391,/novatel/oem7/inspva,/novatel/oem7/inspva,/novatel/oem7/inspva,39.663,-75.756,-1.799737221,0.002349001,0.001961498,-0.000559427,0.002281414,0.001961498,,novatel_oem7_msgs.msg.InertialSolutionStatus(status=3),
1786043836106707893,1786043836.106074905,/novatel/oem7/fix,/novatel/oem7/fix,/novatel/oem7/inspva,39.663,-75.756,-1.799737221,0.002349001,0.001961498,-0.000559427,0.002281414,0.001961498,,0,
1786043836107286321,1786043836.106541154,/novatel/oem7/odom,/novatel/oem7/fix,/novatel/oem7/odom,39.663,-75.756,-1.799737221,0.002343007,0.001968654,0.002242552,-0.000678707,0.001968654,,,
1786043836109465883,1786043836.109134517,/novatel/oem7/bestpos,/novatel/oem7/bestpos,/novatel/oem7/odom,39.663,-75.756,33.182518995,0.002343007,0.001968654,0.002242552,-0.000678707,0.001968654,,novatel_oem7_msgs.msg.SolutionStatus(status=0),novatel_oem7_msgs.msg.PositionOrVelocityType(type=53)
1786043836110032255,1786043836.109600571,/novatel/oem7/bestvel,/novatel/oem7/bestpos,/novatel/oem7/bestvel,39.663,-75.756,33.182518995,0.002384856,0.001737303,,,,96.100268608,novatel_oem7_msgs.msg.SolutionStatus(status=0),novatel_oem7_msgs.msg.PositionOrVelocityType(type=53)
1786043836116122607,1786043836.114437387,/novatel/oem7/odom,/novatel/oem7/bestpos,/novatel/oem7/odom,39.663,-75.756,33.182518995,0.002343007,0.001968654,0.002242552,-0.000678707,0.001968654,,,
1786043836127140106,1786043836.126272520,/novatel/oem7/inspva,/novatel/oem7/inspva,/novatel/oem7/inspva,39.663,-75.756,-1.799738368,0.002497585,0.002005430,-0.000915819,0.002323620,0.002005430,,novatel_oem7_msgs.msg.InertialSolutionStatus(status=3),
1786043836129062652,1786043836.126451812,/novatel/oem7/fix,/novatel/oem7/fix,/novatel/oem7/inspva,39.663,-75.756,-1.799738368,0.002497585,0.002005430,-0.000915819,0.002323620,0.002005430,,0,
1786043836130583561,1786043836.127141123,/novatel/oem7/odom,/novatel/oem7/fix,/novatel/oem7/odom,39.663,-75.756,-1.799738368,0.002492528,0.002011713,0.002266628,-0.001036866,0.002011713,,,
1786043836136508058,1786043836.135545731,/novatel/oem7/odom,/novatel/oem7/fix,/novatel/oem7/odom,39.663,-75.756,-1.799738368,0.002492528,0.002011713,0.002266628,-0.001036866,0.002011713,,,
1786043836145671101,1786043836.144902800,/novatel/oem7/inspva,/novatel/oem7/inspva,/novatel/oem7/inspva,39.663,-75.756,-1.799745899,0.002395160,0.002150430,-0.000606038,0.002317220,0.002150430,,novatel_oem7_msgs.msg.InertialSolutionStatus(status=3),
1786043836147047791,1786043836.145051153,/novatel/oem7/fix,/novatel/oem7/fix,/novatel/oem7/inspva,39.663,-75.756,-1.799745899,0.002395160,0.002150430,-0.000606038,0.002317220,0.002150430,,0,
1786043836148087181,1786043836.145736007,/novatel/oem7/odom,/novatel/oem7/fix,/novatel/oem7/odom,39.663,-75.756,-1.799745899,0.002388710,0.002157593,0.002275207,-0.000727579,0.002157593,,,
1786043836156277781,1786043836.155596248,/novatel/oem7/odom,/novatel/oem7/fix,/novatel/oem7/odom,39.663,-75.756,-1.799745899,0.002388710,0.002157593,0.002275207,-0.000727579,0.002157593,,,
1786043836165750250,1786043836.165232401,/novatel/oem7/inspva,/novatel/oem7/inspva,/novatel/oem7/inspva,39.663,-75.756,-1.799746681,0.002704843,0.001877156,-0.001288382,0.002378286,0.001877156,,novatel_oem7_msgs.msg.InertialSolutionStatus(status=3),
1786043836167029350,1786043836.165330665,/novatel/oem7/fix,/novatel/oem7/fix,/novatel/oem7/inspva,39.663,-75.756,-1.799746681,0.002704843,0.001877156,-0.001288382,0.002378286,0.001877156,,0,
1786043836168029204,1786043836.165875712,/novatel/oem7/odom,/novatel/oem7/fix,/novatel/oem7/odom,39.663,-75.756,-1.799746681,0.002701098,0.001882541,0.002303017,-0.001411397,0.001882541,,,
1786043836176252211,1786043836.175238047,/novatel/oem7/odom,/novatel/oem7/fix,/novatel/oem7/odom,39.663,-75.756,-1.799746681,0.002701098,0.001882541,0.002303017,-0.001411397,0.001882541,,,
1786043836186606562,1786043836.185957655,/novatel/oem7/inspva,/novatel/oem7/inspva,/novatel/oem7/inspva,39.663,-75.756,-1.799751539,0.002282197,0.001766575,-0.000530050,0.002219791,0.001766575,,novatel_oem7_msgs.msg.InertialSolutionStatus(status=3),
1786043836188007356,1786043836.186185684,/novatel/oem7/fix,/novatel/oem7/fix,/novatel/oem7/inspva,39.663,-75.756,-1.799751539,0.002282197,0.001766575,-0.000530050,0.002219791,0.001766575,,0,
1786043836189027213,1786043836.186688969,/novatel/oem7/odom,/novatel/oem7/fix,/novatel/oem7/odom,39.663,-75.756,-1.799751539,0.002276776,0.001773556,0.002183274,-0.000645773,0.001773556,,,
1786043836195386655,1786043836.194748104,/novatel/oem7/odom,/novatel/oem7/fix,/novatel/oem7/odom,39.663,-75.756,-1.799751539,0.002276776,0.001773556,0.002183274,-0.000645773,0.001773556,,,
1786043836206817367,1786043836.206338244,/novatel/oem7/inspva,/novatel/oem7/inspva,/novatel/oem7/inspva,39.663,-75.756,-1.799746345,0.002292842,0.002315730,-0.001245037,0.001925359,0.002315730,,novatel_oem7_msgs.msg.InertialSolutionStatus(status=3),
1786043836208091466,1786043836.206407684,/novatel/oem7/fix,/novatel/oem7/fix,/novatel/oem7/inspva,39.663,-75.756,-1.799746345,0.002292842,0.002315730,-0.001245037,0.001925359,0.002315730,,0,
1786043836209081340,1786043836.206832501,/novatel/oem7/odom,/novatel/oem7/fix,/novatel/oem7/odom,39.663,-75.756,-1.799746345,0.002289066,0.002319462,0.001851100,-0.001346571,0.002319462,,,
1786043836210542341,1786043836.209926642,/novatel/oem7/bestpos,/novatel/oem7/bestpos,/novatel/oem7/odom,39.663,-75.756,33.182512027,0.002289066,0.002319462,0.001851100,-0.001346571,0.002319462,,novatel_oem7_msgs.msg.SolutionStatus(status=0),novatel_oem7_msgs.msg.PositionOrVelocityType(type=53)
1786043836211891065,1786043836.210441090,/novatel/oem7/bestvel,/novatel/oem7/bestpos,/novatel/oem7/bestvel,39.663,-75.756,33.182512027,0.001989128,0.002256347,,,,119.319755442,novatel_oem7_msgs.msg.SolutionStatus(status=0),novatel_oem7_msgs.msg.PositionOrVelocityType(type=53)
1786043836216108998,1786043836.215372767,/novatel/oem7/odom,/novatel/oem7/bestpos,/novatel/oem7/odom,39.663,-75.756,33.182512027,0.002289066,0.002319462,0.001851100,-0.001346571,0.002319462,,,
1786043836226529773,1786043836.225875507,/novatel/oem7/inspva,/novatel/oem7/inspva,/novatel/oem7/inspva,39.663,-75.756,-1.799754376,0.001949657,0.001921545,-0.000429991,0.001901650,0.001921545,,novatel_oem7_msgs.msg.InertialSolutionStatus(status=3),
1786043836227850587,1786043836.226051395,/novatel/oem7/fix,/novatel/oem7/fix,/novatel/oem7/inspva,39.663,-75.756,-1.799754376,0.001949657,0.001921545,-0.000429991,0.001901650,0.001921545,,0,
1786043836228857674,1786043836.226441622,/novatel/oem7/odom,/novatel/oem7/fix,/novatel/oem7/odom,39.663,-75.756,-1.799754376,0.001943672,0.001927599,0.001869937,-0.000530281,0.001927599,,,
1786043836234960529,1786043836.234286599,/novatel/oem7/odom,/novatel/oem7/fix,/novatel/oem7/odom,39.663,-75.756,-1.799754376,0.001943672,0.001927599,0.001869937,-0.000530281,0.001927599,,,
1786043836246769705,1786043836.246128859,/novatel/oem7/inspva,/novatel/oem7/inspva,/novatel/oem7/inspva,39.663,-75.756,-1.799750860,0.001990555,0.001955301,-0.000806414,0.001819892,0.001955301,,novatel_oem7_msgs.msg.InertialSolutionStatus(status=3),
1786043836248086509,1786043836.246302804,/novatel/oem7/fix,/novatel/oem7/fix,/novatel/oem7/inspva,39.663,-75.756,-1.799750860,0.001990555,0.001955301,-0.000806414,0.001819892,0.001955301,,0,
1786043836249105422,1786043836.246894367,/novatel/oem7/odom,/novatel/oem7/fix,/novatel/oem7/odom,39.663,-75.756,-1.799750860,0.001985990,0.001959938,0.001769230,-0.000902210,0.001959938,,,
1786043836257603452,1786043836.256912475,/novatel/oem7/odom,/novatel/oem7/fix,/novatel/oem7/odom,39.663,-75.756,-1.799750860,0.001985990,0.001959938,0.001769230,-0.000902210,0.001959938,,,
1786043836265706131,1786043836.264860796,/novatel/oem7/inspva,/novatel/oem7/inspva,/novatel/oem7/inspva,39.663,-75.756,-1.799758631,0.001975432,0.001593897,-0.000229151,0.001962096,0.001593897,,novatel_oem7_msgs.msg.InertialSolutionStatus(status=3),
1786043836267393488,1786043836.264996436,/novatel/oem7/fix,/novatel/oem7/fix,/novatel/oem7/inspva,39.663,-75.756,-1.799758631,0.001975432,0.001593897,-0.000229151,0.001962096,0.001593897,,0,
1786043836268412135,1786043836.265568539,/novatel/oem7/odom,/novatel/oem7/fix,/novatel/oem7/odom,39.663,-75.756,-1.799758631,0.001969860,0.001600779,0.001941707,-0.000331849,0.001600779,,,
1786043836275919797,1786043836.275271674,/novatel/oem7/odom,/novatel/oem7/fix,/novatel/oem7/odom,39.663,-75.756,-1.799758631,0.001969860,0.001600779,0.001941707,-0.000331849,0.001600779,,,
1786043836287046817,1786043836.286458644,/novatel/oem7/inspva,/novatel/oem7/inspva,/novatel/oem7/inspva,39.663,-75.756,-1.799751459,0.002009205,0.002041603,-0.001135499,0.001657573,0.002041603,,novatel_oem7_msgs.msg.InertialSolutionStatus(status=3),
1786043836288437231,1786043836.286557133,/novatel/oem7/fix,/novatel/oem7/fix,/novatel/oem7/inspva,39.663,-75.756,-1.799751459,0.002009205,0.002041603,-0.001135499,0.001657573,0.002041603,,0,
1786043836289455361,1786043836.286977919,/novatel/oem7/odom,/novatel/oem7/fix,/novatel/oem7/odom,39.663,-75.756,-1.799751459,0.002006126,0.002044629,0.001590219,-0.001223008,0.002044629,,,
1786043836295538960,1786043836.294883056,/novatel/oem7/odom,/novatel/oem7/fix,/novatel/oem7/odom,39.663,-75.756,-1.799751459,0.002006126,0.002044629,0.001590219,-0.001223008,0.002044629,,,
1786043836306127493,1786043836.305602288,/novatel/oem7/inspva,/novatel/oem7/inspva,/novatel/oem7/inspva,39.663,-75.756,-1.799755008,0.002246237,0.001978265,-0.000642828,0.002152290,0.001978265,,novatel_oem7_msgs.msg.InertialSolutionStatus(status=3),
1786043836307406143,1786043836.305756597,/novatel/oem7/fix,/novatel/oem7/fix,/novatel/oem7/inspva,39.663,-75.756,-1.799755008,0.002246237,0.001978265,-0.000642828,0.002152290,0.001978265,,0,
1786043836308393513,1786043836.306203658,/novatel/oem7/odom,/novatel/oem7/fix,/novatel/oem7/odom,39.663,-75.756,-1.799755008,0.002240593,0.001984654,0.002109331,-0.000755631,0.001984654,,,
1786043836309847625,1786043836.308880372,/novatel/oem7/bestpos,/novatel/oem7/bestpos,/novatel/oem7/odom,39.663,-75.756,33.182498765,0.002240593,0.001984654,0.002109331,-0.000755631,0.001984654,,novatel_oem7_msgs.msg.SolutionStatus(status=0),novatel_oem7_msgs.msg.PositionOrVelocityType(type=53)
1786043836310736204,1786043836.309238305,/novatel/oem7/bestvel,/novatel/oem7/bestpos,/novatel/oem7/bestvel,39.663,-75.756,33.182498765,0.002084027,0.002038576,,,,106.917820892,novatel_oem7_msgs.msg.SolutionStatus(status=0),novatel_oem7_msgs.msg.PositionOrVelocityType(type=53)
1786043836315053061,1786043836.314409781,/novatel/oem7/odom,/novatel/oem7/bestpos,/novatel/oem7/odom,39.663,-75.756,33.182498765,0.002240593,0.001984654,0.002109331,-0.000755631,0.001984654,,,
1786043836325789240,1786043836.325264985,/novatel/oem7/inspva,/novatel/oem7/inspva,/novatel/oem7/inspva,39.663,-75.756,-1.799751591,0.001791553,0.001717710,-0.000934126,0.001528749,0.001717710,,novatel_oem7_msgs.msg.InertialSolutionStatus(status=3),
1786043836327092333,1786043836.325347547,/novatel/oem7/fix,/novatel/oem7/fix,/novatel/oem7/inspva,39.663,-75.756,-1.799751591,0.001791553,0.001717710,-0.000934126,0.001528749,0.001717710,,0,
1786043836328100433,1786043836.326017802,/novatel/oem7/odom,/novatel/oem7/fix,/novatel/oem7/odom,39.663,-75.756,-1.799751591,0.001788545,0.001720842,0.001472974,-0.001014514,0.001720842,,,
1786043836336765708,1786043836.335677767,/novatel/oem7/odom,/novatel/oem7/fix,/novatel/oem7/odom,39.663,-75.756,-1.799751591,0.001788545,0.001720842,0.001472974,-0.001014514,0.001720842,,,
1786043836346784896,1786043836.346062817,/novatel/oem7/inspva,/novatel/oem7/inspva,/novatel/oem7/inspva,39.663,-75.756,-1.799753289,0.001982800,0.001677584,-0.000648311,0.001873816,0.001677584,,novatel_oem7_msgs.msg.InertialSolutionStatus(status=3),
1786043836348588661,1786043836.346172005,/novatel/oem7/fix,/novatel/oem7/fix,/novatel/oem7/inspva,39.663,-75.756,-1.799753289,0.001982800,0.001677584,-0.000648311,0.001873816,0.001677584,,0,
1786043836349954588,1786043836.346732919,/novatel/oem7/odom,/novatel/oem7/fix,/novatel/oem7/odom,39.663,-75.756,-1.799753289,0.001978305,0.001682883,0.001832142,-0.000746286,0.001682883,,,
1786043836356416040,1786043836.355734633,/novatel/oem7/odom,/novatel/oem7/fix,/novatel/oem7/odom,39.663,-75.756,-1.799753289,0.001978305,0.001682883,0.001832142,-0.000746286,0.001682883,,,
1786043836367473879,1786043836.366673817,/novatel/oem7/inspva,/novatel/oem7/inspva,/novatel/oem7/inspva,39.663,-75.756,-1.799748154,0.001849887,0.001738173,-0.000773649,0.001680342,0.001738173,,novatel_oem7_msgs.msg.InertialSolutionStatus(status=3),
1786043836368960147,1786043836.366838614,/novatel/oem7/fix,/novatel/oem7/fix,/novatel/oem7/inspva,39.663,-75.756,-1.799748154,0.001849887,0.001738173,-0.000773649,0.001680342,0.001738173,,0,
1786043836370001068,1786043836.367338408,/novatel/oem7/odom,/novatel/oem7/fix,/novatel/oem7/odom,39.663,-75.756,-1.799748154,0.001845942,0.001742362,0.001632354,-0.000861929,0.001742362,,,
1786043836376186304,1786043836.375557404,/novatel/oem7/odom,/novatel/oem7/fix,/novatel/oem7/odom,39.663,-75.756,-1.799748154,0.001845942,0.001742362,0.001632354,-0.000861929,0.001742362,,,
1786043836385598979,1786043836.385004423,/novatel/oem7/inspva,/novatel/oem7/inspva,/novatel/oem7/inspva,39.663,-75.756,-1.799749476,0.001921195,0.001779784,-0.000601224,0.001824697,0.001779784,,novatel_oem7_msgs.msg.InertialSolutionStatus(status=3),
1786043836386964000,1786043836.385101238,/novatel/oem7/fix,/novatel/oem7/fix,/novatel/oem7/inspva,39.663,-75.756,-1.799749476,0.001921195,0.001779784,-0.000601224,0.001824697,0.001779784,,0,
1786043836387989213,1786043836.385558652,/novatel/oem7/odom,/novatel/oem7/fix,/novatel/oem7/odom,39.663,-75.756,-1.799749476,0.001916319,0.001785033,0.001785037,-0.000697082,0.001785033,,,
1786043836396557477,1786043836.395445593,/novatel/oem7/odom,/novatel/oem7/fix,/novatel/oem7/odom,39.663,-75.756,-1.799749476,0.001916319,0.001785033,0.001785037,-0.000697082,0.001785033,,,
1786043836407134381,1786043836.406597292,/novatel/oem7/inspva,/novatel/oem7/inspva,/novatel/oem7/inspva,39.663,-75.756,-1.799742782,0.001881542,0.001713918,-0.000921933,0.001640195,0.001713918,,novatel_oem7_msgs.msg.InertialSolutionStatus(status=3),
1786043836408433877,1786043836.406772517,/novatel/oem7/fix,/novatel/oem7/fix,/novatel/oem7/inspva,39.663,-75.756,-1.799742782,0.001881542,0.001713918,-0.000921933,0.001640195,0.001713918,,0,
1786043836409403454,1786043836.407228875,/novatel/oem7/odom,/novatel/oem7/fix,/novatel/oem7/odom,39.663,-75.756,-1.799742782,0.001878264,0.001717510,0.001584905,-0.001007945,0.001717510,,,
1786043836410859965,1786043836.409995636,/novatel/oem7/bestpos,/novatel/oem7/bestpos,/novatel/oem7/odom,39.663,-75.756,33.182513581,0.001878264,0.001717510,0.001584905,-0.001007945,0.001717510,,novatel_oem7_msgs.msg.SolutionStatus(status=0),novatel_oem7_msgs.msg.PositionOrVelocityType(type=53)
1786043836412192719,1786043836.410394935,/novatel/oem7/bestvel,/novatel/oem7/bestpos,/novatel/oem7/bestvel,39.663,-75.756,33.182513581,0.001625800,0.001766981,,,,119.864937399,novatel_oem7_msgs.msg.SolutionStatus(status=0),novatel_oem7_msgs.msg.PositionOrVelocityType(type=53)
1786043836415646017,1786043836.414997524,/novatel/oem7/odom,/novatel/oem7/bestpos,/novatel/oem7/odom,39.663,-75.756,33.182513581,0.001878264,0.001717510,0.001584905,-0.001007945,0.001717510,,,
1786043836425806074,1786043836.425139311,/novatel/oem7/inspva,/novatel/oem7/inspva,/novatel/oem7/inspva,39.663,-75.756,-1.799741244,0.001717001,0.002011139,-0.000789996,0.001524467,0.002011139,,novatel_oem7_msgs.msg.InertialSolutionStatus(status=3),
1786043836429638672,1786043836.425238277,/novatel/oem7/fix,/novatel/oem7/fix,/novatel/oem7/inspva,39.663,-75.756,-1.799741244,0.001717001,0.002011139,-0.000789996,0.001524467,0.002011139,,0,
1786043836430723183,1786043836.425688925,/novatel/oem7/odom,/novatel/oem7/fix,/novatel/oem7/odom,39.663,-75.756,-1.799741244,0.001712862,0.002014666,0.001474770,-0.000871177,0.002014666,,,
1786043836435312830,1786043836.434628173,/novatel/oem7/odom,/novatel/oem7/fix,/novatel/oem7/odom,39.663,-75.756,-1.799741244,0.001712862,0.002014666,0.001474770,-0.000871177,0.002014666,,,
1786043836445836533,1786043836.445304258,/novatel/oem7/inspva,/novatel/oem7/inspva,/novatel/oem7/inspva,39.663,-75.756,-1.799737935,0.001703530,0.001477352,-0.000507259,0.001626254,0.001477352,,novatel_oem7_msgs.msg.InertialSolutionStatus(status=3),
1786043836447773766,1786043836.445479610,/novatel/oem7/fix,/novatel/oem7/fix,/novatel/oem7/inspva,39.663,-75.756,-1.799737935,0.001703530,0.001477352,-0.000507259,0.001626254,0.001477352,,0,
1786043836449710276,1786043836.445992078,/novatel/oem7/odom,/novatel/oem7/fix,/novatel/oem7/odom,39.663,-75.756,-1.799737935,0.001699387,0.001482116,0.001592771,-0.000592451,0.001482116,,,
1786043836457649820,1786043836.456255755,/novatel/oem7/odom,/novatel/oem7/fix,/novatel/oem7/odom,39.663,-75.756,-1.799737935,0.001699387,0.001482116,0.001592771,-0.000592451,0.001482116,,,
1786043836470201761,1786043836.466269537,/novatel/oem7/inspva,/novatel/oem7/inspva,/novatel/oem7/inspva,39.663,-75.756,-1.799735706,0.001693301,0.001482536,-0.000706368,0.001538932,0.001482536,,novatel_oem7_msgs.msg.InertialSolutionStatus(status=3),
1786043836479577742,1786043836.466410582,/novatel/oem7/fix,/novatel/oem7/fix,/novatel/oem7/inspva,39.663,-75.756,-1.799735706,0.001693301,0.001482536,-0.000706368,0.001538932,0.001482536,,0,
1786043836486731694,1786043836.467078475,/novatel/oem7/odom,/novatel/oem7/fix,/novatel/oem7/odom,39.663,-75.756,-1.799735706,0.001689932,0.001486376,0.001495525,-0.000786940,0.001486376,,,
1786043836489662431,1786043836.484971715,/novatel/oem7/inspva,/novatel/oem7/inspva,/novatel/oem7/inspva,39.663,-75.756,-1.799722779,0.001693902,0.002075442,-0.000571253,0.001594670,0.002075442,,novatel_oem7_msgs.msg.InertialSolutionStatus(status=3),
1786043836490888673,1786043836.485073590,/novatel/oem7/fix,/novatel/oem7/fix,/novatel/oem7/inspva,39.663,-75.756,-1.799722779,0.001693902,0.002075442,-0.000571253,0.001594670,0.002075442,,0,
1786043836492761629,1786043836.474394366,/novatel/oem7/odom,/novatel/oem7/fix,/novatel/oem7/odom,39.663,-75.756,-1.799722779,0.001689932,0.001486376,0.001495525,-0.000786940,0.001486376,,,
1786043836494454394,1786043836.485668984,/novatel/oem7/odom,/novatel/oem7/fix,/novatel/oem7/odom,39.663,-75.756,-1.799722779,0.001688421,0.002079903,0.001555590,-0.000656433,0.002079903,,,
1786043836497020306,1786043836.496191767,/novatel/oem7/odom,/novatel/oem7/fix,/novatel/oem7/odom,39.663,-75.756,-1.799722779,0.001688421,0.002079903,0.001555590,-0.000656433,0.002079903,,,
1786043836506470556,1786043836.505993802,/novatel/oem7/inspva,/novatel/oem7/inspva,/novatel/oem7/inspva,39.663,-75.756,-1.799722511,0.001618337,0.001975230,-0.000751015,0.001433525,0.001975230,,novatel_oem7_msgs.msg.InertialSolutionStatus(status=3),
1786043836507692648,1786043836.506079019,/novatel/oem7/fix,/novatel/oem7/fix,/novatel/oem7/inspva,39.663,-75.756,-1.799722511,0.001618337,0.001975230,-0.000751015,0.001433525,0.001975230,,0,
1786043836508678399,1786043836.506495935,/novatel/oem7/odom,/novatel/oem7/fix,/novatel/oem7/odom,39.663,-75.756,-1.799722511,0.001614291,0.001978538,0.001386019,-0.000827579,0.001978538,,,
1786043836511454124,1786043836.510900487,/novatel/oem7/bestpos,/novatel/oem7/bestpos,/novatel/oem7/odom,39.663,-75.756,33.182527726,0.001614291,0.001978538,0.001386019,-0.000827579,0.001978538,,novatel_oem7_msgs.msg.SolutionStatus(status=0),novatel_oem7_msgs.msg.PositionOrVelocityType(type=53)
1786043836512767274,1786043836.511285373,/novatel/oem7/bestvel,/novatel/oem7/bestpos,/novatel/oem7/bestvel,39.663,-75.756,33.182527726,0.001833882,0.001848174,,,,114.010190642,novatel_oem7_msgs.msg.SolutionStatus(status=0),novatel_oem7_msgs.msg.PositionOrVelocityType(type=53)
1786043836514970651,1786043836.514356111,/novatel/oem7/odom,/novatel/oem7/bestpos,/novatel/oem7/odom,39.663,-75.756,33.182527726,0.001614291,0.001978538,0.001386019,-0.000827579,0.001978538,,,
1786043836527258075,1786043836.526476942,/novatel/oem7/inspva,/novatel/oem7/inspva,/novatel/oem7/inspva,39.663,-75.756,-1.799715765,0.001720336,0.001675108,-0.000541185,0.001632995,0.001675108,,novatel_oem7_msgs.msg.InertialSolutionStatus(status=3),
1786043836528591606,1786043836.526636008,/novatel/oem7/fix,/novatel/oem7/fix,/novatel/oem7/inspva,39.663,-75.756,-1.799715765,0.001720336,0.001675108,-0.000541185,0.001632995,0.001675108,,0,
1786043836529594008,1786043836.527134568,/novatel/oem7/odom,/novatel/oem7/fix,/novatel/oem7/odom,39.663,-75.756,-1.799715765,0.001715746,0.001679809,0.001596989,-0.000627226,0.001679809,,,
1786043836535125575,1786043836.534516499,/novatel/oem7/odom,/novatel/oem7/fix,/novatel/oem7/odom,39.663,-75.756,-1.799715765,0.001715746,0.001679809,0.001596989,-0.000627226,0.001679809,,,
1786043836545556575,1786043836.544932612,/novatel/oem7/inspva,/novatel/oem7/inspva,/novatel/oem7/inspva,39.663,-75.756,-1.799712717,0.001718259,0.001854460,-0.000834418,0.001502052,0.001854460,,novatel_oem7_msgs.msg.InertialSolutionStatus(status=3),
1786043836547701114,1786043836.545007047,/novatel/oem7/fix,/novatel/oem7/fix,/novatel/oem7/inspva,39.663,-75.756,-1.799712717,0.001718259,0.001854460,-0.000834418,0.001502052,0.001854460,,0,
1786043836551738038,1786043836.545413793,/novatel/oem7/odom,/novatel/oem7/fix,/novatel/oem7/odom,39.663,-75.756,-1.799712717,0.001714656,0.001857791,0.001450742,-0.000913999,0.001857791,,,
1786043836556908664,1786043836.555926389,/novatel/oem7/odom,/novatel/oem7/fix,/novatel/oem7/odom,39.663,-75.756,-1.799712717,0.001714656,0.001857791,0.001450742,-0.000913999,0.001857791,,,
1786043836565992220,1786043836.565166545,/novatel/oem7/inspva,/novatel/oem7/inspva,/novatel/oem7/inspva,39.663,-75.756,-1.799703757,0.001339467,0.001870862,-0.000611093,0.001191947,0.001870862,,novatel_oem7_msgs.msg.InertialSolutionStatus(status=3),
1786043836567946056,1786043836.565346862,/novatel/oem7/fix,/novatel/oem7/fix,/novatel/oem7/inspva,39.663,-75.756,-1.799703757,0.001339467,0.001870862,-0.000611093,0.001191947,0.001870862,,0,
1786043836569506858,1786043836.566119843,/novatel/oem7/odom,/novatel/oem7/fix,/novatel/oem7/odom,39.663,-75.756,-1.799703757,0.001335565,0.001873650,0.001152207,-0.000675391,0.001873650,,,
1786043836575788701,1786043836.574773417,/novatel/oem7/odom,/novatel/oem7/fix,/novatel/oem7/odom,39.663,-75.756,-1.799703757,0.001335565,0.001873650,0.001152207,-0.000675391,0.001873650,,,
1786043836586407312,1786043836.585934033,/novatel/oem7/inspva,/novatel/oem7/inspva,/novatel/oem7/inspva,39.663,-75.756,-1.799705260,0.001432086,0.001532706,-0.000810504,0.001180658,0.001532706,,novatel_oem7_msgs.msg.InertialSolutionStatus(status=3),
1786043836587707222,1786043836.586066735,/novatel/oem7/fix,/novatel/oem7/fix,/novatel/oem7/inspva,39.663,-75.756,-1.799705260,0.001432086,0.001532706,-0.000810504,0.001180658,0.001532706,,0,
1786043836588701773,1786043836.586566150,/novatel/oem7/odom,/novatel/oem7/fix,/novatel/oem7/odom,39.663,-75.756,-1.799705260,0.001429777,0.001534860,0.001132270,-0.000873055,0.001534860,,,
1786043836595076040,1786043836.594367372,/novatel/oem7/odom,/novatel/oem7/fix,/novatel/oem7/odom,39.663,-75.756,-1.799705260,0.001429777,0.001534860,0.001132270,-0.000873055,0.001534860,,,
1786043836606219493,1786043836.605721670,/novatel/oem7/inspva,/novatel/oem7/inspva,/novatel/oem7/inspva,39.663,-75.756,-1.799692739,0.001091761,0.002067247,-0.000437974,0.001000061,0.002067247,,novatel_oem7_msgs.msg.InertialSolutionStatus(status=3),
1786043836607495932,1786043836.605819990,/novatel/oem7/fix,/novatel/oem7/fix,/novatel/oem7/inspva,39.663,-75.756,-1.799692739,0.001091761,0.002067247,-0.000437974,0.001000061,0.002067247,,0,
1786043836608450598,1786043836.606708201,/novatel/oem7/odom,/novatel/oem7/fix,/novatel/oem7/odom,39.663,-75.756,-1.799692739,0.001086922,0.002069795,0.000968489,-0.000493386,0.002069795,,,
1786043836610621817,1786043836.610072900,/novatel/oem7/bestpos,/novatel/oem7/bestpos,/novatel/oem7/odom,39.663,-75.756,33.182554896,0.001086922,0.002069795,0.000968489,-0.000493386,0.002069795,,novatel_oem7_msgs.msg.SolutionStatus(status=0),novatel_oem7_msgs.msg.PositionOrVelocityType(type=53)
1786043836611924008,1786043836.610456419,/novatel/oem7/bestvel,/novatel/oem7/bestpos,/novatel/oem7/bestvel,39.663,-75.756,33.182554896,0.001384554,0.001905451,,,,108.402854633,novatel_oem7_msgs.msg.SolutionStatus(status=0),novatel_oem7_msgs.msg.PositionOrVelocityType(type=53)
1786043836615527559,1786043836.614894817,/novatel/oem7/odom,/novatel/oem7/bestpos,/novatel/oem7/odom,39.663,-75.756,33.182554896,0.001086922,0.002069795,0.000968489,-0.000493386,0.002069795,,,
1786043836625620656,1786043836.624914689,/novatel/oem7/inspva,/novatel/oem7/inspva,/novatel/oem7/inspva,39.663,-75.756,-1.799692321,0.001393271,0.002016945,-0.000828199,0.001120398,0.002016945,,novatel_oem7_msgs.msg.InertialSolutionStatus(status=3),
1786043836627081451,1786043836.625102307,/novatel/oem7/fix,/novatel/oem7/fix,/novatel/oem7/inspva,39.663,-75.756,-1.799692321,0.001393271,0.002016945,-0.000828199,0.001120398,0.002016945,,0,
1786043836628117134,1786043836.625594549,/novatel/oem7/odom,/novatel/oem7/fix,/novatel/oem7/odom,39.663,-75.756,-1.799692321,0.001390571,0.002018808,0.001069239,-0.000889053,0.002018808,,,
1786043836634955777,1786043836.634314484,/novatel/oem7/odom,/novatel/oem7/fix,/novatel/oem7/odom,39.663,-75.756,-1.799692321,0.001390571,0.002018808,0.001069239,-0.000889053,0.002018808,,,
1786043836645787800,1786043836.645286589,/novatel/oem7/inspva,/novatel/oem7/inspva,/novatel/oem7/inspva,39.663,-75.756,-1.799685330,0.001411858,0.001751483,-0.000925188,0.001066476,0.001751483,,novatel_oem7_msgs.msg.InertialSolutionStatus(status=3),
1786043836647060610,1786043836.645436990,/novatel/oem7/fix,/novatel/oem7/fix,/novatel/oem7/inspva,39.663,-75.756,-1.799685330,0.001411858,0.001751483,-0.000925188,0.001066476,0.001751483,,0,
1786043836648058403,1786043836.646050783,/novatel/oem7/odom,/novatel/oem7/fix,/novatel/oem7/odom,39.663,-75.756,-1.799685330,0.001410142,0.001752865,0.001011582,-0.000982447,0.001752865,,,
1786043836658664461,1786043836.657619253,/novatel/oem7/odom,/novatel/oem7/fix,/novatel/oem7/odom,39.663,-75.756,-1.799685330,0.001410142,0.001752865,0.001011582,-0.000982447,0.001752865,,,
1786043836665938051,1786043836.665051606,/novatel/oem7/inspva,/novatel/oem7/inspva,/novatel/oem7/inspva,39.663,-75.756,-1.799683644,0.001529544,0.001762495,-0.001141733,0.001017818,0.001762495,,novatel_oem7_msgs.msg.InertialSolutionStatus(status=3),
1786043836667875617,1786043836.665372985,/novatel/oem7/fix,/novatel/oem7/fix,/novatel/oem7/inspva,39.663,-75.756,-1.799683644,0.001529544,0.001762495,-0.001141733,0.001017818,0.001762495,,0,
1786043836669395513,1786043836.665921768,/novatel/oem7/odom,/novatel/oem7/fix,/novatel/oem7/odom,39.663,-75.756,-1.799683644,0.001528901,0.001763053,0.000952061,-0.001196293,0.001763053,,,
1786043836676463904,1786043836.675516288,/novatel/oem7/odom,/novatel/oem7/fix,/novatel/oem7/odom,39.663,-75.756,-1.799683644,0.001528901,0.001763053,0.000952061,-0.001196293,0.001763053,,,
1786043836685907880,1786043836.685178903,/novatel/oem7/inspva,/novatel/oem7/inspva,/novatel/oem7/inspva,39.663,-75.756,-1.799675255,0.001441149,0.001763357,-0.001212719,0.000778604,0.001763357,,novatel_oem7_msgs.msg.InertialSolutionStatus(status=3),
1786043836687610628,1786043836.685389565,/novatel/oem7/fix,/novatel/oem7/fix,/novatel/oem7/inspva,39.663,-75.756,-1.799675255,0.001441149,0.001763357,-0.001212719,0.000778604,0.001763357,,0,
1786043836689187163,1786043836.685933181,/novatel/oem7/odom,/novatel/oem7/fix,/novatel/oem7/odom,39.663,-75.756,-1.799675255,0.001441871,0.001762766,0.000709580,-0.001255185,0.001762766,,,
1786043836695381379,1786043836.694760230,/novatel/oem7/odom,/novatel/oem7/fix,/novatel/oem7/odom,39.663,-75.756,-1.799675255,0.001441871,0.001762766,0.000709580,-0.001255185,0.001762766,,,
1786043836706450602,1786043836.705933496,/novatel/oem7/inspva,/novatel/oem7/inspva,/novatel/oem7/inspva,39.663,-75.756,-1.799675025,0.001478803,0.001637639,-0.001181472,0.000889372,0.001637639,,novatel_oem7_msgs.msg.InertialSolutionStatus(status=3),
1786043836707695311,1786043836.706096875,/novatel/oem7/fix,/novatel/oem7/fix,/novatel/oem7/inspva,39.663,-75.756,-1.799675025,0.001478803,0.001637639,-0.001181472,0.000889372,0.001637639,,0,
1786043836708706544,1786043836.706539283,/novatel/oem7/odom,/novatel/oem7/fix,/novatel/oem7/odom,39.663,-75.756,-1.799675025,0.001478857,0.001637591,0.000822273,-0.001229181,0.001637591,,,
1786043836710101722,1786043836.709177883,/novatel/oem7/bestpos,/novatel/oem7/bestpos,/novatel/oem7/odom,39.663,-75.756,33.182580878,0.001478857,0.001637591,0.000822273,-0.001229181,0.001637591,,novatel_oem7_msgs.msg.SolutionStatus(status=0),novatel_oem7_msgs.msg.PositionOrVelocityType(type=53)
1786043836711453799,1786043836.709714332,/novatel/oem7/bestvel,/novatel/oem7/bestpos,/novatel/oem7/bestvel,39.663,-75.756,33.182580878,0.002028534,0.001734976,,,,143.471240374,novatel_oem7_msgs.msg.SolutionStatus(status=0),novatel_oem7_msgs.msg.PositionOrVelocityType(type=53)
1786043836714926118,1786043836.714290851,/novatel/oem7/odom,/novatel/oem7/bestpos,/novatel/oem7/odom,39.663,-75.756,33.182580878,0.001478857,0.001637591,0.000822273,-0.001229181,0.001637591,,,
1786043836725655063,1786043836.724972416,/novatel/oem7/inspva,/novatel/oem7/inspva,/novatel/oem7/inspva,39.663,-75.756,-1.799664143,0.001293009,0.001939703,-0.000956211,0.000870364,0.001939703,,novatel_oem7_msgs.msg.InertialSolutionStatus(status=3),
1786043836727080495,1786043836.725185678,/novatel/oem7/fix,/novatel/oem7/fix,/novatel/oem7/inspva,39.663,-75.756,-1.799664143,0.001293009,0.001939703,-0.000956211,0.000870364,0.001939703,,0,
1786043836728124171,1786043836.725677377,/novatel/oem7/odom,/novatel/oem7/fix,/novatel/oem7/odom,39.663,-75.756,-1.799664143,0.001292192,0.001940248,0.000813414,-0.001004051,0.001940248,,,
1786043836736022741,1786043836.735371095,/novatel/oem7/odom,/novatel/oem7/fix,/novatel/oem7/odom,39.663,-75.756,-1.799664143,0.001292192,0.001940248,0.000813414,-0.001004051,0.001940248,,,
1786043836745350443,1786043836.744872815,/novatel/oem7/inspva,/novatel/oem7/inspva,/novatel/oem7/inspva,39.663,-75.756,-1.799666463,0.001121181,0.001541762,-0.000878780,0.000696270,0.001541762,,novatel_oem7_msgs.msg.InertialSolutionStatus(status=3),
1786043836746615443,1786043836.745026970,/novatel/oem7/fix,/novatel/oem7/fix,/novatel/oem7/inspva,39.663,-75.756,-1.799666463,0.001121181,0.001541762,-0.000878780,0.000696270,0.001541762,,0,
1786043836747628363,1786043836.745450411,/novatel/oem7/odom,/novatel/oem7/fix,/novatel/oem7/odom,39.663,-75.756,-1.799666463,0.001121036,0.001541868,0.000645014,-0.000916885,0.001541868,,,
1786043836756618364,1786043836.755762261,/novatel/oem7/odom,/novatel/oem7/fix,/novatel/oem7/odom,39.663,-75.756,-1.799666463,0.001121036,0.001541868,0.000645014,-0.000916885,0.001541868,,,
1786043836767337379,1786043836.766532820,/novatel/oem7/inspva,/novatel/oem7/inspva,/novatel/oem7/inspva,39.663,-75.756,-1.799658773,0.001505855,0.001672328,-0.001055689,0.001073834,0.001672328,,novatel_oem7_msgs.msg.InertialSolutionStatus(status=3),
1786043836769185594,1786043836.766712804,/novatel/oem7/fix,/novatel/oem7/fix,/novatel/oem7/inspva,39.663,-75.756,-1.799658773,0.001505855,0.001672328,-0.001055689,0.001073834,0.001672328,,0,
1786043836770619539,1786043836.767387969,/novatel/oem7/odom,/novatel/oem7/fix,/novatel/oem7/odom,39.663,-75.756,-1.799658773,0.001504711,0.001673358,0.001012708,-0.001112914,0.001673358,,,
1786043836775414501,1786043836.774485021,/novatel/oem7/odom,/novatel/oem7/fix,/novatel/oem7/odom,39.663,-75.756,-1.799658773,0.001504711,0.001673358,0.001012708,-0.001112914,0.001673358,,,
1786043836785505640,1786043836.784954883,/novatel/oem7/inspva,/novatel/oem7/inspva,/novatel/oem7/inspva,39.663,-75.756,-1.799661837,0.001297823,0.001389753,-0.000987667,0.000841937,0.001389753,,novatel_oem7_msgs.msg.InertialSolutionStatus(status=3),
1786043836786888124,1786043836.785057167,/novatel/oem7/fix,/novatel/oem7/fix,/novatel/oem7/inspva,39.663,-75.756,-1.799661837,0.001297823,0.001389753,-0.000987667,0.000841937,0.001389753,,0,
1786043836787961028,1786043836.785503000,/novatel/oem7/odom,/novatel/oem7/fix,/novatel/oem7/odom,39.663,-75.756,-1.799661837,0.001297463,0.001390089,0.000785651,-0.001032551,0.001390089,,,
1786043836796481581,1786043836.795468104,/novatel/oem7/odom,/novatel/oem7/fix,/novatel/oem7/odom,39.663,-75.756,-1.799661837,0.001297463,0.001390089,0.000785651,-0.001032551,0.001390089,,,
1786043836807213123,1786043836.806519102,/novatel/oem7/inspva,/novatel/oem7/inspva,/novatel/oem7/inspva,39.663,-75.756,-1.799654530,0.001393977,0.001444203,-0.001151419,0.000785752,0.001444203,,novatel_oem7_msgs.msg.InertialSolutionStatus(status=3),
1786043836808898880,1786043836.806666101,/novatel/oem7/fix,/novatel/oem7/fix,/novatel/oem7/inspva,39.663,-75.756,-1.799654530,0.001393977,0.001444203,-0.001151419,0.000785752,0.001444203,,0,
1786043836810373339,1786043836.807482570,/novatel/oem7/odom,/novatel/oem7/fix,/novatel/oem7/odom,39.663,-75.756,-1.799654530,0.001394355,0.001443837,0.000721094,-0.001193419,0.001443837,,,
1786043836812288751,1786043836.810133925,/novatel/oem7/bestpos,/novatel/oem7/bestpos,/novatel/oem7/odom,39.663,-75.756,33.182611513,0.001394355,0.001443837,0.000721094,-0.001193419,0.001443837,,novatel_oem7_msgs.msg.SolutionStatus(status=0),novatel_oem7_msgs.msg.PositionOrVelocityType(type=53)
1786043836813531181,1786043836.810478356,/novatel/oem7/bestvel,/novatel/oem7/bestpos,/novatel/oem7/bestvel,39.663,-75.756,33.182611513,0.001192954,0.001482227,,,,150.621022749,novatel_oem7_msgs.msg.SolutionStatus(status=0),novatel_oem7_msgs.msg.PositionOrVelocityType(type=53)
1786043836815385023,1786043836.814523404,/novatel/oem7/odom,/novatel/oem7/bestpos,/novatel/oem7/odom,39.663,-75.756,33.182611513,0.001394355,0.001443837,0.000721094,-0.001193419,0.001443837,,,
1786043836827714858,1786043836.826931356,/novatel/oem7/inspva,/novatel/oem7/inspva,/novatel/oem7/inspva,39.663,-75.756,-1.799656427,0.001477134,0.001374507,-0.001073912,0.001014218,0.001374507,,novatel_oem7_msgs.msg.InertialSolutionStatus(status=3),
1786043836829550336,1786043836.827171911,/novatel/oem7/fix,/novatel/oem7/fix,/novatel/oem7/inspva,39.663,-75.756,-1.799656427,0.001477134,0.001374507,-0.001073912,0.001014218,0.001374507,,0,
1786043836830930210,1786043836.827713931,/novatel/oem7/odom,/novatel/oem7/fix,/novatel/oem7/odom,39.663,-75.756,-1.799656427,0.001476451,0.001375241,0.000953428,-0.001127334,0.001375241,,,
1786043836836127346,1786043836.835309802,/novatel/oem7/odom,/novatel/oem7/fix,/novatel/oem7/odom,39.663,-75.756,-1.799656427,0.001476451,0.001375241,0.000953428,-0.001127334,0.001375241,,,
1786043836846825532,1786043836.845943164,/novatel/oem7/inspva,/novatel/oem7/inspva,/novatel/oem7/inspva,39.663,-75.756,-1.799648840,0.001376519,0.001504225,-0.001018584,0.000925899,0.001504225,,novatel_oem7_msgs.msg.InertialSolutionStatus(status=3),
1786043836848321427,1786043836.847014353,/novatel/oem7/fix,/novatel/oem7/fix,/novatel/oem7/inspva,39.663,-75.756,-1.799648840,0.001376519,0.001504225,-0.001018584,0.000925899,0.001504225,,0,
1786043836849815015,1786043836.847936566,/novatel/oem7/odom,/novatel/oem7/fix,/novatel/oem7/odom,39.663,-75.756,-1.799648840,0.001375905,0.001504786,0.000867482,-0.001067984,0.001504786,,,
1786043836857654131,1786043836.856665114,/novatel/oem7/odom,/novatel/oem7/fix,/novatel/oem7/odom,39.663,-75.756,-1.799648840,0.001375905,0.001504786,0.000867482,-0.001067984,0.001504786,,,
1786043836865970736,1786043836.865118850,/novatel/oem7/inspva,/novatel/oem7/inspva,/novatel/oem7/inspva,39.663,-75.756,-1.799652139,0.001440536,0.001256175,-0.000911373,0.001115591,0.001256175,,novatel_oem7_msgs.msg.InertialSolutionStatus(status=3),
1786043836867790457,1786043836.865379483,/novatel/oem7/fix,/novatel/oem7/fix,/novatel/oem7/inspva,39.663,-75.756,-1.799652139,0.001440536,0.001256175,-0.000911373,0.001115591,0.001256175,,0,
1786043836869316846,1786043836.866351463,/novatel/oem7/odom,/novatel/oem7/fix,/novatel/oem7/odom,39.663,-75.756,-1.799652139,0.001439131,0.001257784,0.001063314,-0.000969774,0.001257784,,,
1786043836876141882,1786043836.875261370,/novatel/oem7/odom,/novatel/oem7/fix,/novatel/oem7/odom,39.663,-75.756,-1.799652139,0.001439131,0.001257784,0.001063314,-0.000969774,0.001257784,,,
1786043836887741126,1786043836.886693409,/novatel/oem7/inspva,/novatel/oem7/inspva,/novatel/oem7/inspva,39.663,-75.756,-1.799644787,0.001578015,0.001220211,-0.001071869,0.001158114,0.001220211,,novatel_oem7_msgs.msg.InertialSolutionStatus(status=3),
1786043836889628085,1786043836.887023759,/novatel/oem7/fix,/novatel/oem7/fix,/novatel/oem7/inspva,39.663,-75.756,-1.799644787,0.001578015,0.001220211,-0.001071869,0.001158114,0.001220211,,0,
1786043836890704486,1786043836.887400743,/novatel/oem7/odom,/novatel/oem7/fix,/novatel/oem7/odom,39.663,-75.756,-1.799644787,0.001577016,0.001221502,0.001097863,-0.001132111,0.001221502,,,
1786043836895781948,1786043836.895149565,/novatel/oem7/odom,/novatel/oem7/fix,/novatel/oem7/odom,39.663,-75.756,-1.799644787,0.001577016,0.001221502,0.001097863,-0.001132111,0.001221502,,,
1786043836906289974,1786043836.905782679,/novatel/oem7/inspva,/novatel/oem7/inspva,/novatel/oem7/inspva,39.663,-75.756,-1.799646507,0.001359331,0.001174264,-0.000993469,0.000927793,0.001174264,,novatel_oem7_msgs.msg.InertialSolutionStatus(status=3),
1786043836907584661,1786043836.905924131,/novatel/oem7/fix,/novatel/oem7/fix,/novatel/oem7/inspva,39.663,-75.756,-1.799646507,0.001359331,0.001174264,-0.000993469,0.000927793,0.001174264,,0,
1786043836908576478,1786043836.906302683,/novatel/oem7/odom,/novatel/oem7/fix,/novatel/oem7/odom,39.663,-75.756,-1.799646507,0.001358780,0.001174901,0.000871970,-0.001042090,0.001174901,,,
1786043836910002722,1786043836.909118448,/novatel/oem7/bestpos,/novatel/oem7/bestpos,/novatel/oem7/odom,39.663,-75.756,33.182607253,0.001358780,0.001174901,0.000871970,-0.001042090,0.001174901,,novatel_oem7_msgs.msg.SolutionStatus(status=0),novatel_oem7_msgs.msg.PositionOrVelocityType(type=53)
1786043836910886391,1786043836.909469717,/novatel/oem7/bestvel,/novatel/oem7/bestpos,/novatel/oem7/bestvel,39.663,-75.756,33.182607253,0.001635253,0.001427071,,,,147.651519869,novatel_oem7_msgs.msg.SolutionStatus(status=0),novatel_oem7_msgs.msg.PositionOrVelocityType(type=53)
1786043836915975356,1786043836.915341342,/novatel/oem7/odom,/novatel/oem7/bestpos,/novatel/oem7/odom,39.663,-75.756,33.182607253,0.001358780,0.001174901,0.000871970,-0.001042090,0.001174901,,,
1786043836927636468,1786043836.926169483,/novatel/oem7/inspva,/novatel/oem7/inspva,/novatel/oem7/inspva,39.663,-75.756,-1.799641067,0.001642246,0.001131448,-0.001117457,0.001203437,0.001131448,,novatel_oem7_msgs.msg.InertialSolutionStatus(status=3),
1786043836929602084,1786043836.928004775,/novatel/oem7/fix,/novatel/oem7/fix,/novatel/oem7/inspva,39.663,-75.756,-1.799641067,0.001642246,0.001131448,-0.001117457,0.001203437,0.001131448,,0,
1786043836931656161,1786043836.929380928,/novatel/oem7/odom,/novatel/oem7/fix,/novatel/oem7/odom,39.663,-75.756,-1.799641067,0.001641323,0.001132785,0.001141168,-0.001179694,0.001132785,,,
1786043836936100857,1786043836.935285824,/novatel/oem7/odom,/novatel/oem7/fix,/novatel/oem7/odom,39.663,-75.756,-1.799641067,0.001641323,0.001132785,0.001141168,-0.001179694,0.001132785,,,
1786043836946632213,1786043836.946139043,/novatel/oem7/inspva,/novatel/oem7/inspva,/novatel/oem7/inspva,39.663,-75.756,-1.799643151,0.001591921,0.001025035,-0.001179783,0.001068797,0.001025035,,novatel_oem7_msgs.msg.InertialSolutionStatus(status=3),
1786043836947911443,1786043836.946202447,/novatel/oem7/fix,/novatel/oem7/fix,/novatel/oem7/inspva,39.663,-75.756,-1.799643151,0.001591921,0.001025035,-0.001179783,0.001068797,0.001025035,,0,
1786043836948902986,1786043836.946829272,/novatel/oem7/odom,/novatel/oem7/fix,/novatel/oem7/odom,39.663,-75.756,-1.799643151,0.001591508,0.001025676,0.001003992,-0.001234868,0.001025676,,,
1786043836956809293,1786043836.955696326,/novatel/oem7/odom,/novatel/oem7/fix,/novatel/oem7/odom,39.663,-75.756,-1.799643151,0.001591508,0.001025676,0.001003992,-0.001234868,0.001025676,,,
1786043836966027417,1786043836.965239875,/novatel/oem7/inspva,/novatel/oem7/inspva,/novatel/oem7/inspva,39.663,-75.756,-1.799639909,0.001336653,0.000816917,-0.000716069,0.001128666,0.000816917,,novatel_oem7_msgs.msg.InertialSolutionStatus(status=3),
1786043836967724034,1786043836.965383996,/novatel/oem7/fix,/novatel/oem7/fix,/novatel/oem7/inspva,39.663,-75.756,-1.799639909,0.001336653,0.000816917,-0.000716069,0.001128666,0.000816917,,0,
1786043836969183109,1786043836.966079150,/novatel/oem7/odom,/novatel/oem7/fix,/novatel/oem7/odom,39.663,-75.756,-1.799639909,0.001335290,0.000819144,0.001087945,-0.000774193,0.000819144,,,
1786043836977164786,1786043836.976040555,/novatel/oem7/odom,/novatel/oem7/fix,/novatel/oem7/odom,39.663,-75.756,-1.799639909,0.001335290,0.000819144,0.001087945,-0.000774193,0.000819144,,,
1786043836985794967,1786043836.984991345,/novatel/oem7/inspva,/novatel/oem7/inspva,/novatel/oem7/inspva,39.663,-75.756,-1.799642899,0.001330151,0.000935332,-0.001102244,0.000744553,0.000935332,,novatel_oem7_msgs.msg.InertialSolutionStatus(status=3),
1786043836987558981,1786043836.985116241,/novatel/oem7/fix,/novatel/oem7/fix,/novatel/oem7/inspva,39.663,-75.756,-1.799642899,0.001330151,0.000935332,-0.001102244,0.000744553,0.000935332,,0,
1786043836988718450,1786043836.985513074,/novatel/oem7/odom,/novatel/oem7/fix,/novatel/oem7/odom,39.663,-75.756,-1.799642899,0.001330405,0.000934970,0.000684401,-0.001140865,0.000934970,,,
1786043836996440525,1786043836.995051664,/novatel/oem7/odom,/novatel/oem7/fix,/novatel/oem7/odom,39.663,-75.756,-1.799642899,0.001330405,0.000934970,0.000684401,-0.001140865,0.000934970,,,
1786043837009071406,1786043837.008371630,/novatel/oem7/inspva,/novatel/oem7/inspva,/novatel/oem7/inspva,39.663,-75.756,-1.799641891,0.001587884,0.000674764,-0.000985850,0.001244779,0.000674764,,novatel_oem7_msgs.msg.InertialSolutionStatus(status=3),
1786043837010981576,1786043837.008486094,/novatel/oem7/fix,/novatel/oem7/fix,/novatel/oem7/inspva,39.663,-75.756,-1.799641891,0.001587884,0.000674764,-0.000985850,0.001244779,0.000674764,,0,
1786043837012941015,1786043837.011890548,/novatel/oem7/odom,/novatel/oem7/fix,/novatel/oem7/odom,39.663,-75.756,-1.799641891,0.001587076,0.000676663,0.001190893,-0.001049087,0.000676663,,,
1786043837016665813,1786043837.015731807,/novatel/oem7/odom,/novatel/oem7/fix,/novatel/oem7/odom,39.663,-75.756,-1.799641891,0.001587076,0.000676663,0.001190893,-0.001049087,0.000676663,,,
1786043837025500530,1786043837.024789839,/novatel/oem7/bestpos,/novatel/oem7/bestpos,/novatel/oem7/odom,39.663,-75.756,33.182610891,0.001587076,0.000676663,0.001190893,-0.001049087,0.000676663,,novatel_oem7_msgs.msg.SolutionStatus(status=0),novatel_oem7_msgs.msg.PositionOrVelocityType(type=53)
1786043837026991351,1786043837.025436065,/novatel/oem7/bestvel,/novatel/oem7/bestpos,/novatel/oem7/bestvel,39.663,-75.756,33.182610891,0.001507765,0.000864926,,,,137.535717651,novatel_oem7_msgs.msg.SolutionStatus(status=0),novatel_oem7_msgs.msg.PositionOrVelocityType(type=53)
1786043837028001805,1786043837.026445265,/novatel/oem7/inspva,/novatel/oem7/inspva,/novatel/oem7/inspva,39.663,-75.756,-1.799642532,0.001584960,0.001042693,-0.001432026,0.000679264,0.001042693,,novatel_oem7_msgs.msg.InertialSolutionStatus(status=3),
1786043837028893047,1786043837.026524887,/novatel/oem7/fix,/novatel/oem7/fix,/novatel/oem7/inspva,39.663,-75.756,-1.799642532,0.001584960,0.001042693,-0.001432026,0.000679264,0.001042693,,0,
1786043837030550321,1786043837.027031055,/novatel/oem7/odom,/novatel/oem7/fix,/novatel/oem7/odom,39.663,-75.756,-1.799642532,0.001585996,0.001041116,0.000602168,-0.001467235,0.001041116,,,
1786043837036097623,1786043837.035413766,/novatel/oem7/odom,/novatel/oem7/fix,/novatel/oem7/odom,39.663,-75.756,-1.799642532,0.001585996,0.001041116,0.000602168,-0.001467235,0.001041116,,,
1786043837045798826,1786043837.045322096,/novatel/oem7/inspva,/novatel/oem7/inspva,/novatel/oem7/inspva,39.663,-75.756,-1.799658844,0.001980192,0.001099886,-0.001183648,0.001587494,0.001099886,,novatel_oem7_msgs.msg.InertialSolutionStatus(status=3),
1786043837047143412,1786043837.045382269,/novatel/oem7/fix,/novatel/oem7/fix,/novatel/oem7/inspva,39.663,-75.756,-1.799658844,0.001980192,0.001099886,-0.001183648,0.001587494,0.001099886,,0,
1786043837048324914,1786043837.046044906,/novatel/oem7/odom,/novatel/oem7/fix,/novatel/oem7/odom,39.663,-75.756,-1.799658844,0.001978737,0.001102501,0.001521512,-0.001265069,0.001102501,,,
1786043837058534241,1786043837.057530754,/novatel/oem7/odom,/novatel/oem7/fix,/novatel/oem7/odom,39.663,-75.756,-1.799658844,0.001978737,0.001102501,0.001521512,-0.001265069,0.001102501,,,
1786043837066986420,1786043837.066223463,/novatel/oem7/inspva,/novatel/oem7/inspva,/novatel/oem7/inspva,39.663,-75.756,-1.799679291,0.001737327,0.001137906,-0.001396817,0.001033057,0.001137906,,novatel_oem7_msgs.msg.InertialSolutionStatus(status=3),
1786043837069060231,1786043837.066344383,/novatel/oem7/fix,/novatel/oem7/fix,/novatel/oem7/inspva,39.663,-75.756,-1.799679291,0.001737327,0.001137906,-0.001396817,0.001033057,0.001137906,,0,
1786043837070700911,1786043837.066991677,/novatel/oem7/odom,/novatel/oem7/fix,/novatel/oem7/odom,39.663,-75.756,-1.799679291,0.001737403,0.001137789,0.000956901,-0.001450141,0.001137789,,,
1786043837075487470,1786043837.074412169,/novatel/oem7/odom,/novatel/oem7/fix,/novatel/oem7/odom,39.663,-75.756,-1.799679291,0.001737403,0.001137789,0.000956901,-0.001450141,0.001137789,,,
1786043837086069737,1786043837.085304119,/novatel/oem7/inspva,/novatel/oem7/inspva,/novatel/oem7/inspva,39.663,-75.756,-1.799693511,0.001497963,0.000788754,-0.001034504,0.001083373,0.000788754,,novatel_oem7_msgs.msg.InertialSolutionStatus(status=3),
1786043837088319560,1786043837.085454454,/novatel/oem7/fix,/novatel/oem7/fix,/novatel/oem7/inspva,39.663,-75.756,-1.799693511,0.001497963,0.000788754,-0.001034504,0.001083373,0.000788754,,0,
1786043837089952236,1786043837.086208408,/novatel/oem7/odom,/novatel/oem7/fix,/novatel/oem7/odom,39.663,-75.756,-1.799693511,0.001497362,0.000789894,0.001026778,-0.001089872,0.000789894,,,
1786043837096512800,1786043837.095799632,/novatel/oem7/odom,/novatel/oem7/fix,/novatel/oem7/odom,39.663,-75.756,-1.799693511,0.001497362,0.000789894,0.001026778,-0.001089872,0.000789894,,,
1786043837106248045,1786043837.105740894,/novatel/oem7/inspva,/novatel/oem7/inspva,/novatel/oem7/inspva,39.663,-75.756,-1.799712830,0.001488635,0.001192537,-0.001245742,0.000814961,0.001192537,,novatel_oem7_msgs.msg.InertialSolutionStatus(status=3),
1786043837107719549,1786043837.105808020,/novatel/oem7/fix,/novatel/oem7/fix,/novatel/oem7/inspva,39.663,-75.756,-1.799712830,0.001488635,0.001192537,-0.001245742,0.000814961,0.001192537,,0,
1786043837108754827,1786043837.106238561,/novatel/oem7/odom,/novatel/oem7/fix,/novatel/oem7/odom,39.663,-75.756,-1.799712830,0.001489037,0.001192035,0.000746441,-0.001288432,0.001192035,,,
1786043837110370573,1786043837.109761708,/novatel/oem7/bestpos,/novatel/oem7/bestpos,/novatel/oem7/odom,39.663,-75.756,33.182519905,0.001489037,0.001192035,0.000746441,-0.001288432,0.001192035,,novatel_oem7_msgs.msg.SolutionStatus(status=0),novatel_oem7_msgs.msg.PositionOrVelocityType(type=53)
1786043837111855398,1786043837.110379271,/novatel/oem7/bestvel,/novatel/oem7/bestpos,/novatel/oem7/bestvel,39.663,-75.756,33.182519905,0.001754423,0.001265066,,,,147.592532418,novatel_oem7_msgs.msg.SolutionStatus(status=0),novatel_oem7_msgs.msg.PositionOrVelocityType(type=53)
1786043837115129825,1786043837.114384455,/novatel/oem7/odom,/novatel/oem7/bestpos,/novatel/oem7/odom,39.663,-75.756,33.182519905,0.001489037,0.001192035,0.000746441,-0.001288432,0.001192035,,,
1786043837128073956,1786043837.127026717,/novatel/oem7/inspva,/novatel/oem7/inspva,/novatel/oem7/inspva,39.663,-75.756,-1.799725739,0.001648733,0.001296570,-0.001160822,0.001170818,0.001296570,,novatel_oem7_msgs.msg.InertialSolutionStatus(status=3),
1786043837130341526,1786043837.127209194,/novatel/oem7/fix,/novatel/oem7/fix,/novatel/oem7/inspva,39.663,-75.756,-1.799725739,0.001648733,0.001296570,-0.001160822,0.001170818,0.001296570,,0,
1786043837131880521,1786043837.127506280,/novatel/oem7/odom,/novatel/oem7/fix,/novatel/oem7/odom,39.663,-75.756,-1.799725739,0.001647855,0.001297687,0.001105709,-0.001221815,0.001297687,,,
1786043837135887689,1786043837.134871056,/novatel/oem7/odom,/novatel/oem7/fix,/novatel/oem7/odom,39.663,-75.756,-1.799725739,0.001647855,0.001297687,0.001105709,-0.001221815,0.001297687,,,
1786043837145626741,1786043837.144866680,/novatel/oem7/inspva,/novatel/oem7/inspva,/novatel/oem7/inspva,39.663,-75.756,-1.799747813,0.001620767,0.001068252,-0.001145142,0.001146967,0.001068252,,novatel_oem7_msgs.msg.InertialSolutionStatus(status=3),
1786043837147055032,1786043837.144957075,/novatel/oem7/fix,/novatel/oem7/fix,/novatel/oem7/inspva,39.663,-75.756,-1.799747813,0.001620767,0.001068252,-0.001145142,0.001146967,0.001068252,,0,
1786043837148183707,1786043837.145389975,/novatel/oem7/odom,/novatel/oem7/fix,/novatel/oem7/odom,39.663,-75.756,-1.799747813,0.001620053,0.001069333,0.001083578,-0.001204339,0.001069333,,,
1786043837157250555,1786043837.155699369,/novatel/oem7/odom,/novatel/oem7/fix,/novatel/oem7/odom,39.663,-75.756,-1.799747813,0.001620053,0.001069333,0.001083578,-0.001204339,0.001069333,,,
1786043837166136859,1786043837.165351605,/novatel/oem7/inspva,/novatel/oem7/inspva,/novatel/oem7/inspva,39.663,-75.756,-1.799758452,0.001772634,0.001258834,-0.001351992,0.001146450,0.001258834,,novatel_oem7_msgs.msg.InertialSolutionStatus(status=3),
1786043837168192500,1786043837.165499497,/novatel/oem7/fix,/novatel/oem7/fix,/novatel/oem7/inspva,39.663,-75.756,-1.799758452,0.001772634,0.001258834,-0.001351992,0.001146450,0.001258834,,0,
1786043837169923984,1786043837.166182299,/novatel/oem7/odom,/novatel/oem7/fix,/novatel/oem7/odom,39.663,-75.756,-1.799758452,0.001772302,0.001259302,0.001071875,-0.001411431,0.001259302,,,
1786043837175665235,1786043837.174748383,/novatel/oem7/odom,/novatel/oem7/fix,/novatel/oem7/odom,39.663,-75.756,-1.799758452,0.001772302,0.001259302,0.001071875,-0.001411431,0.001259302,,,
1786043837186817005,1786043837.186102354,/novatel/oem7/inspva,/novatel/oem7/inspva,/novatel/oem7/inspva,39.663,-75.756,-1.799778813,0.001949041,0.001150441,-0.001351213,0.001404630,0.001150441,,novatel_oem7_msgs.msg.InertialSolutionStatus(status=3),
1786043837188496522,1786043837.186228855,/novatel/oem7/fix,/novatel/oem7/fix,/novatel/oem7/inspva,39.663,-75.756,-1.799778813,0.001949041,0.001150441,-0.001351213,0.001404630,0.001150441,,0,
1786043837189995081,1786043837.186689520,/novatel/oem7/odom,/novatel/oem7/fix,/novatel/oem7/odom,39.663,-75.756,-1.799778813,0.001948181,0.001151898,0.001330215,-0.001423354,0.001151898,,,
1786043837195367315,1786043837.194443197,/novatel/oem7/odom,/novatel/oem7/fix,/novatel/oem7/odom,39.663,-75.756,-1.799778813,0.001948181,0.001151898,0.001330215,-0.001423354,0.001151898,,,
1786043837207353973,1786043837.206638852,/novatel/oem7/inspva,/novatel/oem7/inspva,/novatel/oem7/inspva,39.663,-75.756,-1.799791344,0.001782491,0.000925808,-0.001360772,0.001151335,0.000925808,,novatel_oem7_msgs.msg.InertialSolutionStatus(status=3),
1786043837209235506,1786043837.206769983,/novatel/oem7/fix,/novatel/oem7/fix,/novatel/oem7/inspva,39.663,-75.756,-1.799791344,0.001782491,0.000925808,-0.001360772,0.001151335,0.000925808,,0,
1786043837210777614,1786043837.207599146,/novatel/oem7/odom,/novatel/oem7/fix,/novatel/oem7/odom,39.663,-75.756,-1.799791344,0.001782253,0.000926267,0.001077641,-0.001419547,0.000926267,,,
1786043837212959023,1786043837.210168671,/novatel/oem7/bestpos,/novatel/oem7/bestpos,/novatel/oem7/odom,39.663,-75.756,33.182439325,0.001782253,0.000926267,0.001077641,-0.001419547,0.000926267,,novatel_oem7_msgs.msg.SolutionStatus(status=0),novatel_oem7_msgs.msg.PositionOrVelocityType(type=53)
1786043837214285864,1786043837.210507684,/novatel/oem7/bestvel,/novatel/oem7/bestpos,/novatel/oem7/bestvel,39.663,-75.756,33.182439325,0.001594317,0.000937841,,,,141.317576281,novatel_oem7_msgs.msg.SolutionStatus(status=0),novatel_oem7_msgs.msg.PositionOrVelocityType(type=53)
1786043837216306164,1786043837.215412161,/novatel/oem7/odom,/novatel/oem7/bestpos,/novatel/oem7/odom,39.663,-75.756,33.182439325,0.001782253,0.000926267,0.001077641,-0.001419547,0.000926267,,,
1786043837225955678,1786043837.225188221,/novatel/oem7/inspva,/novatel/oem7/inspva,/novatel/oem7/inspva,39.663,-75.756,-1.799809977,0.001507352,0.001149140,-0.001114532,0.001014854,0.001149140,,novatel_oem7_msgs.msg.InertialSolutionStatus(status=3),
1786043837227534028,1786043837.225395491,/novatel/oem7/fix,/novatel/oem7/fix,/novatel/oem7/inspva,39.663,-75.756,-1.799809977,0.001507352,0.001149140,-0.001114532,0.001014854,0.001149140,,0,
1786043837228685386,1786043837.225663724,/novatel/oem7/odom,/novatel/oem7/fix,/novatel/oem7/odom,39.663,-75.756,-1.799809977,0.001506867,0.001149776,0.000952845,-0.001167363,0.001149776,,,
1786043837234915376,1786043837.234260029,/novatel/oem7/odom,/novatel/oem7/fix,/novatel/oem7/odom,39.663,-75.756,-1.799809977,0.001506867,0.001149776,0.000952845,-0.001167363,0.001149776,,,
1786043837247118930,1786043837.246574200,/novatel/oem7/inspva,/novatel/oem7/inspva,/novatel/oem7/inspva,39.663,-75.756,-1.799824673,0.001909832,0.001024849,-0.001454102,0.001238162,0.001024849,,novatel_oem7_msgs.msg.InertialSolutionStatus(status=3),
1786043837248486137,1786043837.246634398,/novatel/oem7/fix,/novatel/oem7/fix,/novatel/oem7/inspva,39.663,-75.756,-1.799824673,0.001909832,0.001024849,-0.001454102,0.001238162,0.001024849,,0,
1786043837249569501,1786043837.247213044,/novatel/oem7/odom,/novatel/oem7/fix,/novatel/oem7/odom,39.663,-75.756,-1.799824673,0.001909558,0.001025358,0.001159258,-0.001517410,0.001025358,,,
1786043837258702040,1786043837.257631950,/novatel/oem7/odom,/novatel/oem7/fix,/novatel/oem7/odom,39.663,-75.756,-1.799824673,0.001909558,0.001025358,0.001159258,-0.001517410,0.001025358,,,
1786043837265850240,1786043837.264961761,/novatel/oem7/inspva,/novatel/oem7/inspva,/novatel/oem7/inspva,39.663,-75.756,-1.799847331,0.001907105,0.000922953,-0.001108141,0.001552119,0.000922953,,novatel_oem7_msgs.msg.InertialSolutionStatus(status=3),
1786043837268062815,1786043837.265342965,/novatel/oem7/fix,/novatel/oem7/fix,/novatel/oem7/inspva,39.663,-75.756,-1.799847331,0.001907105,0.000922953,-0.001108141,0.001552119,0.000922953,,0,
1786043837269843810,1786043837.265950211,/novatel/oem7/odom,/novatel/oem7/fix,/novatel/oem7/odom,39.663,-75.756,-1.799847331,0.001905777,0.000925690,0.001490639,-0.001187427,0.000925690,,,
1786043837276744020,1786043837.275701033,/novatel/oem7/odom,/novatel/oem7/fix,/novatel/oem7/odom,39.663,-75.756,-1.799847331,0.001905777,0.000925690,0.001490639,-0.001187427,0.000925690,,,
1786043837286549223,1786043837.285434515,/novatel/oem7/inspva,/novatel/oem7/inspva,/novatel/oem7/inspva,39.663,-75.756,-1.799862681,0.002100785,0.000742785,-0.001630774,0.001324339,0.000742785,,novatel_oem7_msgs.msg.InertialSolutionStatus(status=3),
1786043837288643114,1786043837.285644730,/novatel/oem7/fix,/novatel/oem7/fix,/novatel/oem7/inspva,39.663,-75.756,-1.799862681,0.002100785,0.000742785,-0.001630774,0.001324339,0.000742785,,0,
1786043837290108653,1786043837.286321390,/novatel/oem7/odom,/novatel/oem7/fix,/novatel/oem7/odom,39.663,-75.756,-1.799862681,0.002100671,0.000743107,0.001237562,-0.001697427,0.000743107,,,
1786043837296365872,1786043837.295411773,/novatel/oem7/odom,/novatel/oem7/fix,/novatel/oem7/odom,39.663,-75.756,-1.799862681,0.002100671,0.000743107,0.001237562,-0.001697427,0.000743107,,,
1786043837306574309,1786043837.305806458,/novatel/oem7/inspva,/novatel/oem7/inspva,/novatel/oem7/inspva,39.663,-75.756,-1.799882812,0.001940539,0.000798027,-0.001244441,0.001488979,0.000798027,,novatel_oem7_msgs.msg.InertialSolutionStatus(status=3),
1786043837308511302,1786043837.306126255,/novatel/oem7/fix,/novatel/oem7/fix,/novatel/oem7/inspva,39.663,-75.756,-1.799882812,0.001940539,0.000798027,-0.001244441,0.001488979,0.000798027,,0,
1786043837310131835,1786043837.306642913,/novatel/oem7/odom,/novatel/oem7/fix,/novatel/oem7/odom,39.663,-75.756,-1.799882812,0.001939681,0.000800110,0.001421230,-0.001320025,0.000800110,,,
1786043837311962900,1786043837.309209339,/novatel/oem7/bestpos,/novatel/oem7/bestpos,/novatel/oem7/odom,39.663,-75.756,33.182350903,0.001939681,0.000800110,0.001421230,-0.001320025,0.000800110,,novatel_oem7_msgs.msg.SolutionStatus(status=0),novatel_oem7_msgs.msg.PositionOrVelocityType(type=53)
1786043837313001681,1786043837.309786705,/novatel/oem7/bestvel,/novatel/oem7/bestpos,/novatel/oem7/bestvel,39.663,-75.756,33.182350903,0.001848044,0.000721002,,,,126.727062908,novatel_oem7_msgs.msg.SolutionStatus(status=0),novatel_oem7_msgs.msg.PositionOrVelocityType(type=53)
1786043837316667722,1786043837.315639524,/novatel/oem7/odom,/novatel/oem7/bestpos,/novatel/oem7/odom,39.663,-75.756,33.182350903,0.001939681,0.000800110,0.001421230,-0.001320025,0.000800110,,,
1786043837325971479,1786043837.325295859,/novatel/oem7/inspva,/novatel/oem7/inspva,/novatel/oem7/inspva,39.663,-75.756,-1.799894370,0.001972450,0.001015427,-0.001646609,0.001085927,0.001015427,,novatel_oem7_msgs.msg.InertialSolutionStatus(status=3),
1786043837327537785,1786043837.325539142,/novatel/oem7/fix,/novatel/oem7/fix,/novatel/oem7/inspva,39.663,-75.756,-1.799894370,0.001972450,0.001015427,-0.001646609,0.001085927,0.001015427,,0,
1786043837328746724,1786043837.326144138,/novatel/oem7/odom,/novatel/oem7/fix,/novatel/oem7/odom,39.663,-75.756,-1.799894370,0.001972787,0.001014771,0.000997569,-0.001701983,0.001014771,,,
1786043837336162843,1786043837.335506776,/novatel/oem7/odom,/novatel/oem7/fix,/novatel/oem7/odom,39.663,-75.756,-1.799894370,0.001972787,0.001014771,0.000997569,-0.001701983,0.001014771,,,
1786043837345909951,1786043837.345380765,/novatel/oem7/inspva,/novatel/oem7/inspva,/novatel/oem7/inspva,39.663,-75.756,-1.799915768,0.001693457,0.000821091,-0.001151362,0.001241838,0.000821091,,novatel_oem7_msgs.msg.InertialSolutionStatus(status=3),
1786043837347238242,1786043837.345457644,/novatel/oem7/fix,/novatel/oem7/fix,/novatel/oem7/inspva,39.663,-75.756,-1.799915768,0.001693457,0.000821091,-0.001151362,0.001241838,0.000821091,,0,
1786043837348304116,1786043837.345965249,/novatel/oem7/odom,/novatel/oem7/fix,/novatel/oem7/odom,39.663,-75.756,-1.799915768,0.001692782,0.000822483,0.001178993,-0.001214695,0.000822483,,,
1786043837356723428,1786043837.355647423,/novatel/oem7/odom,/novatel/oem7/fix,/novatel/oem7/odom,39.663,-75.756,-1.799915768,0.001692782,0.000822483,0.001178993,-0.001214695,0.000822483,,,
1786043837368800347,1786043837.367546070,/novatel/oem7/inspva,/novatel/oem7/inspva,/novatel/oem7/inspva,39.663,-75.756,-1.799928267,0.001832957,0.000881503,-0.001522318,0.001020922,0.000881503,,novatel_oem7_msgs.msg.InertialSolutionStatus(status=3),
1786043837370756693,1786043837.368960494,/novatel/oem7/fix,/novatel/oem7/fix,/novatel/oem7/inspva,39.663,-75.756,-1.799928267,0.001832957,0.000881503,-0.001522318,0.001020922,0.000881503,,0,
1786043837373047000,1786043837.370790354,/novatel/oem7/odom,/novatel/oem7/fix,/novatel/oem7/odom,39.663,-75.756,-1.799928267,0.001833225,0.000880947,0.000939448,-0.001574215,0.000880947,,,
1786043837377447868,1786043837.376528945,/novatel/oem7/odom,/novatel/oem7/fix,/novatel/oem7/odom,39.663,-75.756,-1.799928267,0.001833225,0.000880947,0.000939448,-0.001574215,0.000880947,,,
1786043837385960734,1786043837.385156073,/novatel/oem7/inspva,/novatel/oem7/inspva,/novatel/oem7/inspva,39.663,-75.756,-1.799951537,0.001471196,0.000617101,-0.000968231,0.001107676,0.000617101,,novatel_oem7_msgs.msg.InertialSolutionStatus(status=3),
1786043837388533087,1786043837.385338854,/novatel/oem7/fix,/novatel/oem7/fix,/novatel/oem7/inspva,39.663,-75.756,-1.799951537,0.001471196,0.000617101,-0.000968231,0.001107676,0.000617101,,0,
1786043837390331892,1786043837.385849036,/novatel/oem7/odom,/novatel/oem7/fix,/novatel/oem7/odom,39.663,-75.756,-1.799951537,0.001470599,0.000618521,0.001055039,-0.001024478,0.000618521,,,
1786043837396177828,1786043837.395498021,/novatel/oem7/odom,/novatel/oem7/fix,/novatel/oem7/odom,39.663,-75.756,-1.799951537,0.001470599,0.000618521,0.001055039,-0.001024478,0.000618521,,,
1786043837406899910,1786043837.406441262,/novatel/oem7/inspva,/novatel/oem7/inspva,/novatel/oem7/inspva,39.663,-75.756,-1.799965539,0.001813339,0.000561842,-0.001480034,0.001047712,0.000561842,,novatel_oem7_msgs.msg.InertialSolutionStatus(status=3),
1786043837408233866,1786043837.406516892,/novatel/oem7/fix,/novatel/oem7/fix,/novatel/oem7/inspva,39.663,-75.756,-1.799965539,0.001813339,0.000561842,-0.001480034,0.001047712,0.000561842,,0,
1786043837409292727,1786043837.407052004,/novatel/oem7/odom,/novatel/oem7/fix,/novatel/oem7/odom,39.663,-75.756,-1.799965539,0.001813436,0.000561531,0.000969601,-0.001532456,0.000561531,,,
1786043837411281817,1786043837.410329151,/novatel/oem7/bestpos,/novatel/oem7/bestpos,/novatel/oem7/odom,39.663,-75.756,33.182268469,0.001813436,0.000561531,0.000969601,-0.001532456,0.000561531,,novatel_oem7_msgs.msg.SolutionStatus(status=0),novatel_oem7_msgs.msg.PositionOrVelocityType(type=53)
1786043837412744992,1786043837.410808923,/novatel/oem7/bestvel,/novatel/oem7/bestpos,/novatel/oem7/bestvel,39.663,-75.756,33.182268469,0.001790687,0.000562905,,,,144.920969217,novatel_oem7_msgs.msg.SolutionStatus(status=0),novatel_oem7_msgs.msg.PositionOrVelocityType(type=53)
1786043837415468377,1786043837.414786143,/novatel/oem7/odom,/novatel/oem7/bestpos,/novatel/oem7/odom,39.663,-75.756,33.182268469,0.001813436,0.000561531,0.000969601,-0.001532456,0.000561531,,,
1786043837427747574,1786043837.426219337,/novatel/oem7/inspva,/novatel/oem7/inspva,/novatel/oem7/inspva,39.663,-75.756,-1.799988907,0.001716190,0.000500537,-0.001190414,0.001236214,0.000500537,,novatel_oem7_msgs.msg.InertialSolutionStatus(status=3),
1786043837429867696,1786043837.427719950,/novatel/oem7/fix,/novatel/oem7/fix,/novatel/oem7/inspva,39.663,-75.756,-1.799988907,0.001716190,0.000500537,-0.001190414,0.001236214,0.000500537,,0,
1786043837431372031,1786043837.428968050,/novatel/oem7/odom,/novatel/oem7/fix,/novatel/oem7/odom,39.663,-75.756,-1.799988907,0.001715827,0.000501780,0.001172687,-0.001252545,0.000501780,,,
1786043837436221734,1786043837.435342521,/novatel/oem7/odom,/novatel/oem7/fix,/novatel/oem7/odom,39.663,-75.756,-1.799988907,0.001715827,0.000501780,0.001172687,-0.001252545,0.000501780,,,
1786043837445921412,1786043837.445311829,/novatel/oem7/inspva,/novatel/oem7/inspva,/novatel/oem7/inspva,39.663,-75.756,-1.800003078,0.001584128,0.000534285,-0.001413933,0.000714320,0.000534285,,novatel_oem7_msgs.msg.InertialSolutionStatus(status=3),
1786043837447682760,1786043837.445441962,/novatel/oem7/fix,/novatel/oem7/fix,/novatel/oem7/inspva,39.663,-75.756,-1.800003078,0.001584128,0.000534285,-0.001413933,0.000714320,0.000534285,,0,
1786043837448899136,1786043837.445921648,/novatel/oem7/odom,/novatel/oem7/fix,/novatel/oem7/odom,39.663,-75.756,-1.800003078,0.001584606,0.000532863,0.000640058,-0.001449587,0.000532863,,,
1786043837456962164,1786043837.456282520,/novatel/oem7/odom,/novatel/oem7/fix,/novatel/oem7/odom,39.663,-75.756,-1.800003078,0.001584606,0.000532863,0.000640058,-0.001449587,0.000532863,,,
1786043837466440193,1786043837.465944105,/novatel/oem7/inspva,/novatel/oem7/inspva,/novatel/oem7/inspva,39.663,-75.756,-1.800027322,0.001430126,0.000434786,-0.001047240,0.000973935,0.000434786,,novatel_oem7_msgs.msg.InertialSolutionStatus(status=3),
1786043837467702953,1786043837.466096527,/novatel/oem7/fix,/novatel/oem7/fix,/novatel/oem7/inspva,39.663,-75.756,-1.800027322,0.001430126,0.000434786,-0.001047240,0.000973935,0.000434786,,0,
1786043837468700386,1786043837.466525267,/novatel/oem7/odom,/novatel/oem7/fix,/novatel/oem7/odom,39.663,-75.756,-1.800027322,0.001429926,0.000435444,0.000918203,-0.001096171,0.000435444,,,
1786043837474881949,1786043837.474243949,/novatel/oem7/odom,/novatel/oem7/fix,/novatel/oem7/odom,39.663,-75.756,-1.800027322,0.001429926,0.000435444,0.000918203,-0.001096171,0.000435444,,,
1786043837486650391,1786043837.486165469,/novatel/oem7/inspva,/novatel/oem7/inspva,/novatel/oem7/inspva,39.663,-75.756,-1.800046073,0.001532440,0.000195631,-0.001225325,0.000920298,0.000195631,,novatel_oem7_msgs.msg.InertialSolutionStatus(status=3),
1786043837487913644,1786043837.486230517,/novatel/oem7/fix,/novatel/oem7/fix,/novatel/oem7/inspva,39.663,-75.756,-1.800046073,0.001532440,0.000195631,-0.001225325,0.000920298,0.000195631,,0,
1786043837488903021,1786043837.486929111,/novatel/oem7/odom,/novatel/oem7/fix,/novatel/oem7/odom,39.663,-75.756,-1.800046073,0.001532450,0.000195553,0.000856605,-0.001270681,0.000195553,,,
1786043837496036873,1786043837.495391120,/novatel/oem7/odom,/novatel/oem7/fix,/novatel/oem7/odom,39.663,-75.756,-1.800046073,0.001532450,0.000195553,0.000856605,-0.001270681,0.000195553,,,
1786043837506539223,1786043837.506005981,/novatel/oem7/inspva,/novatel/oem7/inspva,/novatel/oem7/inspva,39.663,-75.756,-1.800069848,0.001317059,0.000248310,-0.001049561,0.000795655,0.000248310,,novatel_oem7_msgs.msg.InertialSolutionStatus(status=3),
1786043837507790456,1786043837.506186326,/novatel/oem7/fix,/novatel/oem7/fix,/novatel/oem7/inspva,39.663,-75.756,-1.800069848,0.001317059,0.000248310,-0.001049561,0.000795655,0.000248310,,0,
1786043837508778556,1786043837.506578137,/novatel/oem7/odom,/novatel/oem7/fix,/novatel/oem7/odom,39.663,-75.756,-1.800069848,0.001317066,0.000248272,0.000740770,-0.001089001,0.000248272,,,
1786043837511616274,1786043837.511016735,/novatel/oem7/bestpos,/novatel/oem7/bestpos,/novatel/oem7/odom,39.663,-75.756,33.182174926,0.001317066,0.000248272,0.000740770,-0.001089001,0.000248272,,novatel_oem7_msgs.msg.SolutionStatus(status=0),novatel_oem7_msgs.msg.PositionOrVelocityType(type=53)
1786043837512947605,1786043837.511436746,/novatel/oem7/bestvel,/novatel/oem7/bestpos,/novatel/oem7/bestvel,39.663,-75.756,33.182174926,0.001198180,0.000460123,,,,157.850028600,novatel_oem7_msgs.msg.SolutionStatus(status=0),novatel_oem7_msgs.msg.PositionOrVelocityType(type=53)
1786043837516056340,1786043837.515417093,/novatel/oem7/odom,/novatel/oem7/bestpos,/novatel/oem7/odom,39.663,-75.756,33.182174926,0.001317066,0.000248272,0.000740770,-0.001089001,0.000248272,,,
1786043837525873823,1786043837.525370771,/novatel/oem7/inspva,/novatel/oem7/inspva,/novatel/oem7/inspva,39.663,-75.756,-1.800086834,0.001538227,0.000267815,-0.001258323,0.000884740,0.000267815,,novatel_oem7_msgs.msg.InertialSolutionStatus(status=3),
1786043837527145106,1786043837.525550433,/novatel/oem7/fix,/novatel/oem7/fix,/novatel/oem7/inspva,39.663,-75.756,-1.800086834,0.001538227,0.000267815,-0.001258323,0.000884740,0.000267815,,0,
1786043837528217973,1786043837.526186362,/novatel/oem7/odom,/novatel/oem7/fix,/novatel/oem7/odom,39.663,-75.756,-1.800086834,0.001538279,0.000267517,0.000819124,-0.001302051,0.000267517,,,
1786043837535497127,1786043837.534850750,/novatel/oem7/odom,/novatel/oem7/fix,/novatel/oem7/odom,39.663,-75.756,-1.800086834,0.001538279,0.000267517,0.000819124,-0.001302051,0.000267517,,,
1786043837546666037,1786043837.545975457,/novatel/oem7/inspva,/novatel/oem7/inspva,/novatel/oem7/inspva,39.663,-75.756,-1.800110804,0.001371487,0.000429427,-0.001147643,0.000750928,0.000429427,,novatel_oem7_msgs.msg.InertialSolutionStatus(status=3),
1786043837548166315,1786043837.546167132,/novatel/oem7/fix,/novatel/oem7/fix,/novatel/oem7/inspva,39.663,-75.756,-1.800110804,0.001371487,0.000429427,-0.001147643,0.000750928,0.000429427,,0,
1786043837549863256,1786043837.546617013,/novatel/oem7/odom,/novatel/oem7/fix,/novatel/oem7/odom,39.663,-75.756,-1.800110804,0.001371642,0.000428931,0.000690433,-0.001185202,0.000428931,,,
1786043837556956928,1786043837.555932894,/novatel/oem7/odom,/novatel/oem7/fix,/novatel/oem7/odom,39.663,-75.756,-1.800110804,0.001371642,0.000428931,0.000690433,-0.001185202,0.000428931,,,
1786043837566011186,1786043837.565271626,/novatel/oem7/inspva,/novatel/oem7/inspva,/novatel/oem7/inspva,39.663,-75.756,-1.800131236,0.001430558,-0.000057688,-0.001105412,0.000908053,-0.000057688,,novatel_oem7_msgs.msg.InertialSolutionStatus(status=3),
1786043837568108224,1786043837.565367490,/novatel/oem7/fix,/novatel/oem7/fix,/novatel/oem7/inspva,39.663,-75.756,-1.800131236,0.001430558,-0.000057688,-0.001105412,0.000908053,-0.000057688,,0,
1786043837569333627,1786043837.566146341,/novatel/oem7/odom,/novatel/oem7/fix,/novatel/oem7/odom,39.663,-75.756,-1.800131236,0.001430568,-0.000057448,0.000851414,-0.001149616,-0.000057448,,,
1786043837576191153,1786043837.575327400,/novatel/oem7/odom,/novatel/oem7/fix,/novatel/oem7/odom,39.663,-75.756,-1.800131236,0.001430568,-0.000057448,0.000851414,-0.001149616,-0.000057448,,,
1786043837586805474,1786043837.585944518,/novatel/oem7/inspva,/novatel/oem7/inspva,/novatel/oem7/inspva,39.663,-75.756,-1.800153223,0.001247565,0.000204744,-0.001026707,0.000708724,0.000204744,,novatel_oem7_msgs.msg.InertialSolutionStatus(status=3),
1786043837588661703,1786043837.586139127,/novatel/oem7/fix,/novatel/oem7/fix,/novatel/oem7/inspva,39.663,-75.756,-1.800153223,0.001247565,0.000204744,-0.001026707,0.000708724,0.000204744,,0,
1786043837590075090,1786043837.586714263,/novatel/oem7/odom,/novatel/oem7/fix,/novatel/oem7/odom,39.663,-75.756,-1.800153223,0.001247616,0.000204432,0.000655268,-0.001061682,0.000204432,,,
1786043837595210389,1786043837.594298223,/novatel/oem7/odom,/novatel/oem7/fix,/novatel/oem7/odom,39.663,-75.756,-1.800153223,0.001247616,0.000204432,0.000655268,-0.001061682,0.000204432,,,
1786043837606830434,1786043837.605840247,/novatel/oem7/inspva,/novatel/oem7/inspva,/novatel/oem7/inspva,39.663,-75.756,-1.800169689,0.000845247,0.000431000,-0.000687760,0.000491353,0.000431000,,novatel_oem7_msgs.msg.InertialSolutionStatus(status=3),
1786043837609019072,1786043837.606100032,/novatel/oem7/fix,/novatel/oem7/fix,/novatel/oem7/inspva,39.663,-75.756,-1.800169689,0.000845247,0.000431000,-0.000687760,0.000491353,0.000431000,,0,
1786043837610395616,1786043837.606830324,/novatel/oem7/odom,/novatel/oem7/fix,/novatel/oem7/odom,39.663,-75.756,-1.800169689,0.000845322,0.000430852,0.000454357,-0.000712832,0.000430852,,,
1786043837611848661,1786043837.610316349,/novatel/oem7/bestpos,/novatel/oem7/bestpos,/novatel/oem7/odom,39.663,-75.756,33.182080334,0.000845322,0.000430852,0.000454357,-0.000712832,0.000430852,,novatel_oem7_msgs.msg.SolutionStatus(status=0),novatel_oem7_msgs.msg.PositionOrVelocityType(type=53)
1786043837612753474,1786043837.610774107,/novatel/oem7/bestvel,/novatel/oem7/bestpos,/novatel/oem7/bestvel,39.663,-75.756,33.182080334,0.000975837,0.000364566,,,,137.610072336,novatel_oem7_msgs.msg.SolutionStatus(status=0),novatel_oem7_msgs.msg.PositionOrVelocityType(type=53)
1786043837616782915,1786043837.615556772,/novatel/oem7/odom,/novatel/oem7/bestpos,/novatel/oem7/odom,39.663,-75.756,33.182080334,0.000845322,0.000430852,0.000454357,-0.000712832,0.000430852,,,
1786043837625750845,1786043837.624951404,/novatel/oem7/inspva,/novatel/oem7/inspva,/novatel/oem7/inspva,39.663,-75.756,-1.800196456,0.000985293,0.000093036,-0.000842403,0.000511038,0.000093036,,novatel_oem7_msgs.msg.InertialSolutionStatus(status=3),
1786043837627636211,1786043837.625209370,/novatel/oem7/fix,/novatel/oem7/fix,/novatel/oem7/inspva,39.663,-75.756,-1.800196456,0.000985293,0.000093036,-0.000842403,0.000511038,0.000093036,,0,
1786043837628920548,1786043837.625835912,/novatel/oem7/odom,/novatel/oem7/fix,/novatel/oem7/odom,39.663,-75.756,-1.800196456,0.000985342,0.000092518,0.000467565,-0.000867342,0.000092518,,,
1786043837635531175,1786043837.634412693,/novatel/oem7/odom,/novatel/oem7/fix,/novatel/oem7/odom,39.663,-75.756,-1.800196456,0.000985342,0.000092518,0.000467565,-0.000867342,0.000092518,,,
1786043837647159589,1786043837.646575983,/novatel/oem7/inspva,/novatel/oem7/inspva,/novatel/oem7/inspva,39.663,-75.756,-1.800211696,0.000777228,0.000486068,-0.000620371,0.000468214,0.000486068,,novatel_oem7_msgs.msg.InertialSolutionStatus(status=3),
1786043837648832559,1786043837.646757805,/novatel/oem7/fix,/novatel/oem7/fix,/novatel/oem7/inspva,39.663,-75.756,-1.800211696,0.000777228,0.000486068,-0.000620371,0.000468214,0.000486068,,0,
1786043837650072102,1786043837.647256307,/novatel/oem7/odom,/novatel/oem7/fix,/novatel/oem7/odom,39.663,-75.756,-1.800211696,0.000777251,0.000486032,0.000434417,-0.000644515,0.000486032,,,
1786043837657670365,1786043837.656550381,/novatel/oem7/odom,/novatel/oem7/fix,/novatel/oem7/odom,39.663,-75.756,-1.800211696,0.000777251,0.000486032,0.000434417,-0.000644515,0.000486032,,,
1786043837665612840,1786043837.664936323,/novatel/oem7/inspva,/novatel/oem7/inspva,/novatel/oem7/inspva,39.663,-75.756,-1.800238397,0.001148589,0.000313002,-0.001010851,0.000545377,0.000313002,,novatel_oem7_msgs.msg.InertialSolutionStatus(status=3),
1786043837667344430,1786043837.665140125,/novatel/oem7/fix,/novatel/oem7/fix,/novatel/oem7/inspva,39.663,-75.756,-1.800238397,0.001148589,0.000313002,-0.001010851,0.000545377,0.000313002,,0,
1786043837668742644,1786043837.665448369,/novatel/oem7/odom,/novatel/oem7/fix,/novatel/oem7/odom,39.663,-75.756,-1.800238397,0.001148830,0.000312116,0.000492490,-0.001037913,0.000312116,,,
1786043837675233067,1786043837.674532443,/novatel/oem7/odom,/novatel/oem7/fix,/novatel/oem7/odom,39.663,-75.756,-1.800238397,0.001148830,0.000312116,0.000492490,-0.001037913,0.000312116,,,
1786043837685773367,1786043837.685113250,/novatel/oem7/inspva,/novatel/oem7/inspva,/novatel/oem7/inspva,39.663,-75.756,-1.800256985,0.000672856,0.000266257,-0.000583628,0.000334833,0.000266257,,novatel_oem7_msgs.msg.InertialSolutionStatus(status=3),
1786043837687213912,1786043837.685315709,/novatel/oem7/fix,/novatel/oem7/fix,/novatel/oem7/inspva,39.663,-75.756,-1.800256985,0.000672856,0.000266257,-0.000583628,0.000334833,0.000266257,,0,
1786043837688276212,1786043837.685915191,/novatel/oem7/odom,/novatel/oem7/fix,/novatel/oem7/odom,39.663,-75.756,-1.800256985,0.000673029,0.000265818,0.000303937,-0.000600492,0.000265818,,,
1786043837695291994,1786043837.694690419,/novatel/oem7/odom,/novatel/oem7/fix,/novatel/oem7/odom,39.663,-75.756,-1.800256985,0.000673029,0.000265818,0.000303937,-0.000600492,0.000265818,,,
1786043837706804050,1786043837.706044586,/novatel/oem7/inspva,/novatel/oem7/inspva,/novatel/oem7/inspva,39.663,-75.756,-1.800283935,0.000836455,0.000102623,-0.000728848,0.000410410,0.000102623,,novatel_oem7_msgs.msg.InertialSolutionStatus(status=3),
1786043837708782677,1786043837.706207534,/novatel/oem7/fix,/novatel/oem7/fix,/novatel/oem7/inspva,39.663,-75.756,-1.800283935,0.000836455,0.000102623,-0.000728848,0.000410410,0.000102623,,0,
1786043837709882035,1786043837.706594280,/novatel/oem7/odom,/novatel/oem7/fix,/novatel/oem7/odom,39.663,-75.756,-1.800283935,0.000836525,0.000102051,0.000372745,-0.000748889,0.000102051,,,
1786043837711292233,1786043837.709245848,/novatel/oem7/bestpos,/novatel/oem7/bestpos,/novatel/oem7/odom,39.663,-75.756,33.181964298,0.000836525,0.000102051,0.000372745,-0.000748889,0.000102051,,novatel_oem7_msgs.msg.SolutionStatus(status=0),novatel_oem7_msgs.msg.PositionOrVelocityType(type=53)
1786043837712183348,1786043837.709822781,/novatel/oem7/bestvel,/novatel/oem7/bestpos,/novatel/oem7/bestvel,39.663,-75.756,33.181964298,0.001188149,-0.000141319,,,,129.545969744,novatel_oem7_msgs.msg.SolutionStatus(status=0),novatel_oem7_msgs.msg.PositionOrVelocityType(type=53)
1786043837715800558,1786043837.714488115,/novatel/oem7/odom,/novatel/oem7/bestpos,/novatel/oem7/odom,39.663,-75.756,33.181964298,0.000836525,0.000102051,0.000372745,-0.000748889,0.000102051,,,
1786043837725590407,1786043837.724984905,/novatel/oem7/inspva,/novatel/oem7/inspva,/novatel/oem7/inspva,39.663,-75.756,-1.800298840,0.000506241,0.000594605,-0.000483924,0.000148652,0.000594605,,novatel_oem7_msgs.msg.InertialSolutionStatus(status=3),
1786043837727631228,1786043837.725270318,/novatel/oem7/fix,/novatel/oem7/fix,/novatel/oem7/inspva,39.663,-75.756,-1.800298840,0.000506241,0.000594605,-0.000483924,0.000148652,0.000594605,,0,
1786043837729294145,1786043837.725853543,/novatel/oem7/odom,/novatel/oem7/fix,/novatel/oem7/odom,39.663,-75.756,-1.800298840,0.000507251,0.000593744,0.000121708,-0.000492434,0.000593744,,,
1786043837736044890,1786043837.735104324,/novatel/oem7/odom,/novatel/oem7/fix,/novatel/oem7/odom,39.663,-75.756,-1.800298840,0.000507251,0.000593744,0.000121708,-0.000492434,0.000593744,,,
1786043837745522526,1786043837.744883930,/novatel/oem7/inspva,/novatel/oem7/inspva,/novatel/oem7/inspva,39.663,-75.756,-1.800328191,0.000743041,0.000295879,-0.000660760,0.000339861,0.000295879,,novatel_oem7_msgs.msg.InertialSolutionStatus(status=3),
1786043837746520880,1786043837.745132722,/novatel/oem7/fix,/novatel/oem7/fix,/novatel/oem7/inspva,39.663,-75.756,-1.800328191,0.000743041,0.000295879,-0.000660760,0.000339861,0.000295879,,0,
1786043837747208120,1786043837.745697175,/novatel/oem7/odom,/novatel/oem7/fix,/novatel/oem7/odom,39.663,-75.756,-1.800328191,0.000743300,0.000295226,0.000304946,-0.000677867,0.000295226,,,
1786043837756126892,1786043837.755688873,/novatel/oem7/odom,/novatel/oem7/fix,/novatel/oem7/odom,39.663,-75.756,-1.800328191,0.000743300,0.000295226,0.000304946,-0.000677867,0.000295226,,,
1786043837766907432,1786043837.766506606,/novatel/oem7/inspva,/novatel/oem7/inspva,/novatel/oem7/inspva,39.663,-75.756,-1.800347554,0.000412740,0.000250363,-0.000410669,-0.000041298,0.000250363,,novatel_oem7_msgs.msg.InertialSolutionStatus(status=3),
1786043837767477757,1786043837.766834589,/novatel/oem7/fix,/novatel/oem7/fix,/novatel/oem7/inspva,39.663,-75.756,-1.800347554,0.000412740,0.000250363,-0.000410669,-0.000041298,0.000250363,,0,
1786043837768032286,1786043837.767495296,/novatel/oem7/odom,/novatel/oem7/fix,/novatel/oem7/odom,39.663,-75.756,-1.800347554,0.000413571,0.000248988,-0.000062936,-0.000408754,0.000248988,,,
1786043837775186707,1786043837.774637685,/novatel/oem7/odom,/novatel/oem7/fix,/novatel/oem7/odom,39.663,-75.756,-1.800347554,0.000413571,0.000248988,-0.000062936,-0.000408754,0.000248988,,,
1786043837785659082,1786043837.785078234,/novatel/oem7/inspva,/novatel/oem7/inspva,/novatel/oem7/inspva,39.663,-75.756,-1.800377771,0.000468352,0.000047039,-0.000428427,0.000189218,0.000047039,,novatel_oem7_msgs.msg.InertialSolutionStatus(status=3),
1786043837786532230,1786043837.785433171,/novatel/oem7/fix,/novatel/oem7/fix,/novatel/oem7/inspva,39.663,-75.756,-1.800377771,0.000468352,0.000047039,-0.000428427,0.000189218,0.000047039,,0,
1786043837787150481,1786043837.785942960,/novatel/oem7/odom,/novatel/oem7/fix,/novatel/oem7/odom,39.663,-75.756,-1.800377771,0.000468405,0.000046501,0.000167197,-0.000437548,0.000046501,,,
1786043837795034993,1786043837.794596667,/novatel/oem7/odom,/novatel/oem7/fix,/novatel/oem7/odom,39.663,-75.756,-1.800377771,0.000468405,0.000046501,0.000167197,-0.000437548,0.000046501,,,
1786043837806728518,1786043837.806258672,/novatel/oem7/inspva,/novatel/oem7/inspva,/novatel/oem7/inspva,39.663,-75.756,-1.800396856,0.000159995,0.000289094,-0.000110334,-0.000115865,0.000289094,,novatel_oem7_msgs.msg.InertialSolutionStatus(status=3),
1786043837807475396,1786043837.806508128,/novatel/oem7/fix,/novatel/oem7/fix,/novatel/oem7/inspva,39.663,-75.756,-1.800396856,0.000159995,0.000289094,-0.000110334,-0.000115865,0.000289094,,0,
1786043837807923978,1786043837.806942339,/novatel/oem7/odom,/novatel/oem7/fix,/novatel/oem7/odom,39.663,-75.756,-1.800396856,0.000161382,0.000288322,-0.000122425,-0.000105148,0.000288322,,,
1786043837810281830,1786043837.809939989,/novatel/oem7/bestpos,/novatel/oem7/bestpos,/novatel/oem7/odom,39.663,-75.756,33.181848649,0.000161382,0.000288322,-0.000122425,-0.000105148,0.000288322,,novatel_oem7_msgs.msg.SolutionStatus(status=0),novatel_oem7_msgs.msg.PositionOrVelocityType(type=53)
1786043837810933872,1786043837.810367593,/novatel/oem7/bestvel,/novatel/oem7/bestpos,/novatel/oem7/bestvel,39.663,-75.756,33.181848649,0.000258488,0.000310804,,,,265.014802202,novatel_oem7_msgs.msg.SolutionStatus(status=0),novatel_oem7_msgs.msg.PositionOrVelocityType(type=53)
1786043837815765970,1786043837.815267817,/novatel/oem7/odom,/novatel/oem7/bestpos,/novatel/oem7/odom,39.663,-75.756,33.181848649,0.000161382,0.000288322,-0.000122425,-0.000105148,0.000288322,,,
1786043837826700733,1786043837.826280112,/novatel/oem7/inspva,/novatel/oem7/inspva,/novatel/oem7/inspva,39.663,-75.756,-1.800429025,0.000233144,-0.000053611,0.000093242,-0.000213687,-0.000053611,,novatel_oem7_msgs.msg.InertialSolutionStatus(status=3),
1786043837827409546,1786043837.826576685,/novatel/oem7/fix,/novatel/oem7/fix,/novatel/oem7/inspva,39.663,-75.756,-1.800429025,0.000233144,-0.000053611,0.000093242,-0.000213687,-0.000053611,,0,
1786043837827945970,1786043837.827018969,/novatel/oem7/odom,/novatel/oem7/fix,/novatel/oem7/odom,39.663,-75.756,-1.800429025,0.000233019,-0.000054153,-0.000208500,0.000104046,-0.000054153,,,
1786043837835048415,1786043837.834581989,/novatel/oem7/odom,/novatel/oem7/fix,/novatel/oem7/odom,39.663,-75.756,-1.800429025,0.000233019,-0.000054153,-0.000208500,0.000104046,-0.000054153,,,
1786043837850759811,1786043837.845187050,/novatel/oem7/inspva,/novatel/oem7/inspva,/novatel/oem7/inspva,39.663,-75.756,-1.800449122,0.000095734,0.000029424,0.000066605,-0.000068766,0.000029424,,novatel_oem7_msgs.msg.InertialSolutionStatus(status=3),
1786043837862873386,1786043837.845511060,/novatel/oem7/fix,/novatel/oem7/fix,/novatel/oem7/inspva,39.663,-75.756,-1.800449122,0.000095734,0.000029424,0.000066605,-0.000068766,0.000029424,,0,
1786043837865488362,1786043837.846252884,/novatel/oem7/odom,/novatel/oem7/fix,/novatel/oem7/odom,39.663,-75.756,-1.800449122,0.000095754,0.000029359,-0.000065437,0.000069906,0.000029359,,,
1786043837866523242,1786043837.865039448,/novatel/oem7/inspva,/novatel/oem7/inspva,/novatel/oem7/inspva,39.663,-75.756,-1.800478511,0.000349053,0.000208020,0.000289472,-0.000195049,0.000208020,,novatel_oem7_msgs.msg.InertialSolutionStatus(status=3),
1786043837866852212,1786043837.865206356,/novatel/oem7/fix,/novatel/oem7/fix,/novatel/oem7/inspva,39.663,-75.756,-1.800478511,0.000349053,0.000208020,0.000289472,-0.000195049,0.000208020,,0,
1786043837867260306,1786043837.856539482,/novatel/oem7/odom,/novatel/oem7/fix,/novatel/oem7/odom,39.663,-75.756,-1.800478511,0.000095754,0.000029359,-0.000065437,0.000069906,0.000029359,,,
1786043837867815908,1786043837.865680658,/novatel/oem7/odom,/novatel/oem7/fix,/novatel/oem7/odom,39.663,-75.756,-1.800478511,0.000348988,0.000208129,-0.000181028,0.000298365,0.000208129,,,
1786043837875045985,1786043837.874527344,/novatel/oem7/odom,/novatel/oem7/fix,/novatel/oem7/odom,39.663,-75.756,-1.800478511,0.000348988,0.000208129,-0.000181028,0.000298365,0.000208129,,,
1786043837887326127,1786043837.886630617,/novatel/oem7/inspva,/novatel/oem7/inspva,/novatel/oem7/inspva,39.663,-75.756,-1.800504348,0.000185525,-0.000297751,0.000161271,-0.000091713,-0.000297751,,novatel_oem7_msgs.msg.InertialSolutionStatus(status=3),
1786043837888081980,1786043837.886909166,/novatel/oem7/fix,/novatel/oem7/fix,/novatel/oem7/inspva,39.663,-75.756,-1.800504348,0.000185525,-0.000297751,0.000161271,-0.000091713,-0.000297751,,0,
1786043837888690753,1786043837.887409831,/novatel/oem7/odom,/novatel/oem7/fix,/novatel/oem7/odom,39.663,-75.756,-1.800504348,0.000185734,-0.000297621,-0.000082285,0.000166512,-0.000297621,,,
1786043837895153188,1786043837.894713599,/novatel/oem7/odom,/novatel/oem7/fix,/novatel/oem7/odom,39.663,-75.756,-1.800504348,0.000185734,-0.000297621,-0.000082285,0.000166512,-0.000297621,,,
1786043837906561878,1786043837.905824851,/novatel/oem7/inspva,/novatel/oem7/inspva,/novatel/oem7/inspva,39.663,-75.756,-1.800532737,0.000383468,-0.000184204,0.000360688,-0.000130197,-0.000184204,,novatel_oem7_msgs.msg.InertialSolutionStatus(status=3),
1786043837907430978,1786043837.906134161,/novatel/oem7/fix,/novatel/oem7/fix,/novatel/oem7/inspva,39.663,-75.756,-1.800532737,0.000383468,-0.000184204,0.000360688,-0.000130197,-0.000184204,,0,
1786043837907872478,1786043837.906697784,/novatel/oem7/odom,/novatel/oem7/fix,/novatel/oem7/odom,39.663,-75.756,-1.800532737,0.000383742,-0.000183632,-0.000111113,0.000367303,-0.000183632,,,
1786043837909849416,1786043837.909505196,/novatel/oem7/bestpos,/novatel/oem7/bestpos,/novatel/oem7/odom,39.663,-75.756,33.181711214,0.000383742,-0.000183632,-0.000111113,0.000367303,-0.000183632,,novatel_oem7_msgs.msg.SolutionStatus(status=0),novatel_oem7_msgs.msg.PositionOrVelocityType(type=53)
1786043837910575089,1786043837.910149275,/novatel/oem7/bestvel,/novatel/oem7/bestpos,/novatel/oem7/bestvel,39.663,-75.756,33.181711214,0.000457940,-0.000300605,,,,358.300625300,novatel_oem7_msgs.msg.SolutionStatus(status=0),novatel_oem7_msgs.msg.PositionOrVelocityType(type=53)
1786043837915033822,1786043837.914588657,/novatel/oem7/odom,/novatel/oem7/bestpos,/novatel/oem7/odom,39.663,-75.756,33.181711214,0.000383742,-0.000183632,-0.000111113,0.000367303,-0.000183632,,,
1786043837925762261,1786043837.925321596,/novatel/oem7/inspva,/novatel/oem7/inspva,/novatel/oem7/inspva,39.663,-75.756,-1.800555450,0.000381714,-0.000203025,0.000304917,-0.000229634,-0.000203025,,novatel_oem7_msgs.msg.InertialSolutionStatus(status=3),
1786043837926369922,1786043837.925535278,/novatel/oem7/fix,/novatel/oem7/fix,/novatel/oem7/inspva,39.663,-75.756,-1.800555450,0.000381714,-0.000203025,0.000304917,-0.000229634,-0.000203025,,0,
1786043837926952462,1786043837.926192741,/novatel/oem7/odom,/novatel/oem7/fix,/novatel/oem7/odom,39.663,-75.756,-1.800555450,0.000381730,-0.000202995,-0.000213163,0.000316669,-0.000202995,,,
1786043837935207458,1786043837.934927450,/novatel/oem7/odom,/novatel/oem7/fix,/novatel/oem7/odom,39.663,-75.756,-1.800555450,0.000381730,-0.000202995,-0.000213163,0.000316669,-0.000202995,,,
1786043837947080760,1786043837.946318472,/novatel/oem7/inspva,/novatel/oem7/inspva,/novatel/oem7/inspva,39.663,-75.756,-1.800586195,0.000483906,-0.000337133,0.000362272,-0.000320819,-0.000337133,,novatel_oem7_msgs.msg.InertialSolutionStatus(status=3),
1786043837948043481,1786043837.946615652,/novatel/oem7/fix,/novatel/oem7/fix,/novatel/oem7/inspva,39.663,-75.756,-1.800586195,0.000483906,-0.000337133,0.000362272,-0.000320819,-0.000337133,,0,
1786043837948684671,1786043837.947098784,/novatel/oem7/odom,/novatel/oem7/fix,/novatel/oem7/odom,39.663,-75.756,-1.800586195,0.000483805,-0.000337279,-0.000300809,0.000378921,-0.000337279,,,
1786043837956269165,1786043837.955740277,/novatel/oem7/odom,/novatel/oem7/fix,/novatel/oem7/odom,39.663,-75.756,-1.800586195,0.000483805,-0.000337279,-0.000300809,0.000378921,-0.000337279,,,
1786043837965827577,1786043837.965348768,/novatel/oem7/inspva,/novatel/oem7/inspva,/novatel/oem7/inspva,39.663,-75.756,-1.800606038,0.001018002,-0.000095052,0.000896529,-0.000482248,-0.000095052,,novatel_oem7_msgs.msg.InertialSolutionStatus(status=3),
1786043837966460973,1786043837.965558014,/novatel/oem7/fix,/novatel/oem7/fix,/novatel/oem7/inspva,39.663,-75.756,-1.800606038,0.001018002,-0.000095052,0.000896529,-0.000482248,-0.000095052,,0,
1786043837966856030,1786043837.966242541,/novatel/oem7/odom,/novatel/oem7/fix,/novatel/oem7/odom,39.663,-75.756,-1.800606038,0.001018077,-0.000094246,-0.000436044,0.000919970,-0.000094246,,,
1786043837976012879,1786043837.975469964,/novatel/oem7/odom,/novatel/oem7/fix,/novatel/oem7/odom,39.663,-75.756,-1.800606038,0.001018077,-0.000094246,-0.000436044,0.000919970,-0.000094246,,,
1786043837985281404,1786043837.984963094,/novatel/oem7/inspva,/novatel/oem7/inspva,/novatel/oem7/inspva,39.663,-75.756,-1.800636282,0.000751215,-0.000198936,0.000690305,-0.000296316,-0.000198936,,novatel_oem7_msgs.msg.InertialSolutionStatus(status=3),
1786043837985836105,1786043837.985134629,/novatel/oem7/fix,/novatel/oem7/fix,/novatel/oem7/inspva,39.663,-75.756,-1.800636282,0.000751215,-0.000198936,0.000690305,-0.000296316,-0.000198936,,0,
1786043837986418238,1786043837.985651944,/novatel/oem7/odom,/novatel/oem7/fix,/novatel/oem7/odom,39.663,-75.756,-1.800636282,0.000751457,-0.000198023,-0.000260339,0.000704919,-0.000198023,,,
1786043837994643775,1786043837.994330815,/novatel/oem7/odom,/novatel/oem7/fix,/novatel/oem7/odom,39.663,-75.756,-1.800636282,0.000751457,-0.000198023,-0.000260339,0.000704919,-0.000198023,,,
1786043838008623701,1786043838.008230706,/novatel/oem7/inspva,/novatel/oem7/inspva,/novatel/oem7/inspva,39.663,-75.756,-1.800656650,0.000865793,-0.000180645,0.000847325,-0.000177874,-0.000180645,,novatel_oem7_msgs.msg.InertialSolutionStatus(status=3),
1786043838009158698,1786043838.008392128,/novatel/oem7/fix,/novatel/oem7/fix,/novatel/oem7/inspva,39.663,-75.756,-1.800656650,0.000865793,-0.000180645,0.000847325,-0.000177874,-0.000180645,,0,
1786043838011533589,1786043838.011039255,/novatel/oem7/odom,/novatel/oem7/fix,/novatel/oem7/odom,39.663,-75.756,-1.800656650,0.000866172,-0.000178818,-0.000134194,0.000855714,-0.000178818,,,
1786043838015486903,1786043838.015072623,/novatel/oem7/odom,/novatel/oem7/fix,/novatel/oem7/odom,39.663,-75.756,-1.800656650,0.000866172,-0.000178818,-0.000134194,0.000855714,-0.000178818,,,
1786043838025359903,1786043838.024903199,/novatel/oem7/bestpos,/novatel/oem7/bestpos,/novatel/oem7/odom,39.663,-75.756,33.181584902,0.000866172,-0.000178818,-0.000134194,0.000855714,-0.000178818,,novatel_oem7_msgs.msg.SolutionStatus(status=0),novatel_oem7_msgs.msg.PositionOrVelocityType(type=53)
1786043838026050933,1786043838.025688120,/novatel/oem7/bestvel,/novatel/oem7/bestpos,/novatel/oem7/bestvel,39.663,-75.756,33.181584902,0.000896328,-0.000325305,,,,3.173624094,novatel_oem7_msgs.msg.SolutionStatus(status=0),novatel_oem7_msgs.msg.PositionOrVelocityType(type=53)
1786043838026971440,1786043838.026723797,/novatel/oem7/inspva,/novatel/oem7/inspva,/novatel/oem7/inspva,39.663,-75.756,-1.800686099,0.000648168,-0.000305999,0.000644672,-0.000067236,-0.000305999,,novatel_oem7_msgs.msg.InertialSolutionStatus(status=3),
1786043838027525316,1786043838.026874725,/novatel/oem7/fix,/novatel/oem7/fix,/novatel/oem7/inspva,39.663,-75.756,-1.800686099,0.000648168,-0.000305999,0.000644672,-0.000067236,-0.000305999,,0,
1786043838027945080,1786043838.027249672,/novatel/oem7/odom,/novatel/oem7/fix,/novatel/oem7/odom,39.663,-75.756,-1.800686099,0.000648946,-0.000304347,-0.000033416,0.000648085,-0.000304347,,,
1786043838034957835,1786043838.034608911,/novatel/oem7/odom,/novatel/oem7/fix,/novatel/oem7/odom,39.663,-75.756,-1.800686099,0.000648946,-0.000304347,-0.000033416,0.000648085,-0.000304347,,,
1786043838046112357,1786043838.045389066,/novatel/oem7/inspva,/novatel/oem7/inspva,/novatel/oem7/inspva,39.663,-75.756,-1.800697333,0.000790902,-0.000398174,0.000784472,-0.000100649,-0.000398174,,novatel_oem7_msgs.msg.InertialSolutionStatus(status=3),
1786043838047407168,1786043838.045625589,/novatel/oem7/fix,/novatel/oem7/fix,/novatel/oem7/inspva,39.663,-75.756,-1.800697333,0.000790902,-0.000398174,0.000784472,-0.000100649,-0.000398174,,0,
1786043838048010564,1786043838.046312712,/novatel/oem7/odom,/novatel/oem7/fix,/novatel/oem7/odom,39.663,-75.756,-1.800697333,0.000791873,-0.000396239,-0.000059384,0.000789643,-0.000396239,,,
1786043838057476513,1786043838.056389718,/novatel/oem7/odom,/novatel/oem7/fix,/novatel/oem7/odom,39.663,-75.756,-1.800697333,0.000791873,-0.000396239,-0.000059384,0.000789643,-0.000396239,,,
1786043838066938695,1786043838.066142647,/novatel/oem7/inspva,/novatel/oem7/inspva,/novatel/oem7/inspva,39.663,-75.756,-1.800699915,0.000556016,-0.000280702,0.000539072,-0.000136218,-0.000280702,,novatel_oem7_msgs.msg.InertialSolutionStatus(status=3),
1786043838068051226,1786043838.066456090,/novatel/oem7/fix,/novatel/oem7/fix,/novatel/oem7/inspva,39.663,-75.756,-1.800699915,0.000556016,-0.000280702,0.000539072,-0.000136218,-0.000280702,,0,
1786043838068502269,1786043838.066870701,/novatel/oem7/odom,/novatel/oem7/fix,/novatel/oem7/odom,39.663,-75.756,-1.800699915,0.000556556,-0.000279630,-0.000107744,0.000546027,-0.000279630,,,
1786043838074813000,1786043838.074467061,/novatel/oem7/odom,/novatel/oem7/fix,/novatel/oem7/odom,39.663,-75.756,-1.800699915,0.000556556,-0.000279630,-0.000107744,0.000546027,-0.000279630,,,
1786043838085628282,1786043838.085284365,/novatel/oem7/inspva,/novatel/oem7/inspva,/novatel/oem7/inspva,39.663,-75.756,-1.800704733,0.001207372,-0.000353409,0.001203382,-0.000098084,-0.000353409,,novatel_oem7_msgs.msg.InertialSolutionStatus(status=3),
1786043838086193909,1786043838.085476520,/novatel/oem7/fix,/novatel/oem7/fix,/novatel/oem7/inspva,39.663,-75.756,-1.800704733,0.001207372,-0.000353409,0.001203382,-0.000098084,-0.000353409,,0,
1786043838086830856,1786043838.086120056,/novatel/oem7/odom,/novatel/oem7/fix,/novatel/oem7/odom,39.663,-75.756,-1.800704733,0.001208300,-0.000350224,-0.000035859,0.001207768,-0.000350224,,,
1786043838095929760,1786043838.095597119,/novatel/oem7/odom,/novatel/oem7/fix,/novatel/oem7/odom,39.663,-75.756,-1.800704733,0.001208300,-0.000350224,-0.000035859,0.001207768,-0.000350224,,,
1786043838106297797,1786043838.105924477,/novatel/oem7/inspva,/novatel/oem7/inspva,/novatel/oem7/inspva,39.663,-75.756,-1.800711506,0.000798082,-0.000416874,0.000701986,-0.000379673,-0.000416874,,novatel_oem7_msgs.msg.InertialSolutionStatus(status=3),
1786043838107575089,1786043838.106085529,/novatel/oem7/fix,/novatel/oem7/fix,/novatel/oem7/inspva,39.663,-75.756,-1.800711506,0.000798082,-0.000416874,0.000701986,-0.000379673,-0.000416874,,0,
1786043838107969619,1786043838.106541556,/novatel/oem7/odom,/novatel/oem7/fix,/novatel/oem7/odom,39.663,-75.756,-1.800711506,0.000798406,-0.000416254,-0.000342129,0.000721388,-0.000416254,,,
1786043838109694408,1786043838.108947105,/novatel/oem7/bestpos,/novatel/oem7/bestpos,/novatel/oem7/odom,39.663,-75.756,33.181536421,0.000798406,-0.000416254,-0.000342129,0.000721388,-0.000416254,,novatel_oem7_msgs.msg.SolutionStatus(status=0),novatel_oem7_msgs.msg.PositionOrVelocityType(type=53)
1786043838110296960,1786043838.109499463,/novatel/oem7/bestvel,/novatel/oem7/bestpos,/novatel/oem7/bestvel,39.663,-75.756,33.181536421,0.000458413,-0.000246371,,,,318.349982536,novatel_oem7_msgs.msg.SolutionStatus(status=0),novatel_oem7_msgs.msg.PositionOrVelocityType(type=53)
1786043838114765684,1786043838.114352156,/novatel/oem7/odom,/novatel/oem7/bestpos,/novatel/oem7/odom,39.663,-75.756,33.181536421,0.000798406,-0.000416254,-0.000342129,0.000721388,-0.000416254,,,
1786043838127073035,1786043838.126556876,/novatel/oem7/inspva,/novatel/oem7/inspva,/novatel/oem7/inspva,39.663,-75.756,-1.800718883,0.000782115,-0.000564012,0.000646684,0.000439892,-0.000564012,,novatel_oem7_msgs.msg.InertialSolutionStatus(status=3),
1786043838127778062,1786043838.126740681,/novatel/oem7/fix,/novatel/oem7/fix,/novatel/oem7/inspva,39.663,-75.756,-1.800718883,0.000782115,-0.000564012,0.000646684,0.000439892,-0.000564012,,0,
1786043838128400236,1786043838.127630124,/novatel/oem7/odom,/novatel/oem7/fix,/novatel/oem7/odom,39.663,-75.756,-1.800718883,0.000784690,-0.000560425,0.000474180,0.000625213,-0.000560425,,,
1786043838134909781,1786043838.134578616,/novatel/oem7/odom,/novatel/oem7/fix,/novatel/oem7/odom,39.663,-75.756,-1.800718883,0.000784690,-0.000560425,0.000474180,0.000625213,-0.000560425,,,
1786043838145364377,1786043838.144885845,/novatel/oem7/inspva,/novatel/oem7/inspva,/novatel/oem7/inspva,39.663,-75.756,-1.800724827,0.000532353,-0.000500228,0.000384427,-0.000368260,-0.000500228,,novatel_oem7_msgs.msg.InertialSolutionStatus(status=3),
1786043838146723161,1786043838.145036291,/novatel/oem7/fix,/novatel/oem7/fix,/novatel/oem7/inspva,39.663,-75.756,-1.800724827,0.000532353,-0.000500228,0.000384427,-0.000368260,-0.000500228,,0,
1786043838147518022,1786043838.145454041,/novatel/oem7/odom,/novatel/oem7/fix,/novatel/oem7/odom,39.663,-75.756,-1.800724827,0.000532101,-0.000500497,-0.000346415,0.000403891,-0.000500497,,,
1786043838156441313,1786043838.155956771,/novatel/oem7/odom,/novatel/oem7/fix,/novatel/oem7/odom,39.663,-75.756,-1.800724827,0.000532101,-0.000500497,-0.000346415,0.000403891,-0.000500497,,,
1786043838165662428,1786043838.165290482,/novatel/oem7/inspva,/novatel/oem7/inspva,/novatel/oem7/inspva,39.663,-75.756,-1.800731956,0.000595974,-0.000407234,0.000587160,0.000102119,-0.000407234,,novatel_oem7_msgs.msg.InertialSolutionStatus(status=3),
1786043838167075087,1786043838.165462531,/novatel/oem7/fix,/novatel/oem7/fix,/novatel/oem7/inspva,39.663,-75.756,-1.800731956,0.000595974,-0.000407234,0.000587160,0.000102119,-0.000407234,,0,
1786043838167674249,1786043838.166033440,/novatel/oem7/odom,/novatel/oem7/fix,/novatel/oem7/odom,39.663,-75.756,-1.800731956,0.000597423,-0.000405107,0.000133216,0.000582381,-0.000405107,,,
1786043838175500698,1786043838.174886892,/novatel/oem7/odom,/novatel/oem7/fix,/novatel/oem7/odom,39.663,-75.756,-1.800731956,0.000597423,-0.000405107,0.000133216,0.000582381,-0.000405107,,,
1786043838186814257,1786043838.186027742,/novatel/oem7/inspva,/novatel/oem7/inspva,/novatel/oem7/inspva,39.663,-75.756,-1.800739207,0.000516116,-0.000415815,0.000236619,-0.000458680,-0.000415815,,novatel_oem7_msgs.msg.InertialSolutionStatus(status=3),
1786043838189056263,1786043838.186250555,/novatel/oem7/fix,/novatel/oem7/fix,/novatel/oem7/inspva,39.663,-75.756,-1.800739207,0.000516116,-0.000415815,0.000236619,-0.000458680,-0.000415815,,0,
1786043838190960296,1786043838.186783097,/novatel/oem7/odom,/novatel/oem7/fix,/novatel/oem7/odom,39.663,-75.756,-1.800739207,0.000515269,-0.000416864,-0.000444507,0.000260607,-0.000416864,,,
1786043838195197282,1786043838.194444875,/novatel/oem7/odom,/novatel/oem7/fix,/novatel/oem7/odom,39.663,-75.756,-1.800739207,0.000515269,-0.000416864,-0.000444507,0.000260607,-0.000416864,,,
1786043838206986892,1786043838.206478164,/novatel/oem7/inspva,/novatel/oem7/inspva,/novatel/oem7/inspva,39.663,-75.756,-1.800744891,0.000698689,-0.000209130,0.000672687,-0.000188835,-0.000209130,,novatel_oem7_msgs.msg.InertialSolutionStatus(status=3),
1786043838208269025,1786043838.206662669,/novatel/oem7/fix,/novatel/oem7/fix,/novatel/oem7/inspva,39.663,-75.756,-1.800744891,0.000698689,-0.000209130,0.000672687,-0.000188835,-0.000209130,,0,
1786043838209283025,1786043838.207491420,/novatel/oem7/odom,/novatel/oem7/fix,/novatel/oem7/odom,39.663,-75.756,-1.800744891,0.000699069,-0.000207856,-0.000153828,0.000681934,-0.000207856,,,
1786043838210734280,1786043838.210079250,/novatel/oem7/bestpos,/novatel/oem7/bestpos,/novatel/oem7/odom,39.663,-75.756,33.181500701,0.000699069,-0.000207856,-0.000153828,0.000681934,-0.000207856,,novatel_oem7_msgs.msg.SolutionStatus(status=0),novatel_oem7_msgs.msg.PositionOrVelocityType(type=53)
1786043838212080627,1786043838.210492700,/novatel/oem7/bestvel,/novatel/oem7/bestpos,/novatel/oem7/bestvel,39.663,-75.756,33.181500701,0.001008135,-0.000182203,,,,331.440530609,novatel_oem7_msgs.msg.SolutionStatus(status=0),novatel_oem7_msgs.msg.PositionOrVelocityType(type=53)
1786043838216294943,1786043838.215544979,/novatel/oem7/odom,/novatel/oem7/bestpos,/novatel/oem7/odom,39.663,-75.756,33.181500701,0.000699069,-0.000207856,-0.000153828,0.000681934,-0.000207856,,,
1786043838225670388,1786043838.224995088,/novatel/oem7/inspva,/novatel/oem7/inspva,/novatel/oem7/inspva,39.663,-75.756,-1.800753574,0.000418156,-0.000291453,0.000347075,-0.000233222,-0.000291453,,novatel_oem7_msgs.msg.InertialSolutionStatus(status=3),
1786043838227133423,1786043838.225186976,/novatel/oem7/fix,/novatel/oem7/fix,/novatel/oem7/inspva,39.663,-75.756,-1.800753574,0.000418156,-0.000291453,0.000347075,-0.000233222,-0.000291453,,0,
1786043838228227637,1786043838.225654541,/novatel/oem7/odom,/novatel/oem7/fix,/novatel/oem7/odom,39.663,-75.756,-1.800753574,0.000418252,-0.000291315,-0.000214260,0.000359204,-0.000291315,,,
1786043838235034203,1786043838.234362889,/novatel/oem7/odom,/novatel/oem7/fix,/novatel/oem7/odom,39.663,-75.756,-1.800753574,0.000418252,-0.000291315,-0.000214260,0.000359204,-0.000291315,,,
1786043838247059135,1786043838.246518313,/novatel/oem7/inspva,/novatel/oem7/inspva,/novatel/oem7/inspva,39.663,-75.756,-1.800759191,0.000122904,-0.000318657,0.000107855,-0.000058928,-0.000318657,,novatel_oem7_msgs.msg.InertialSolutionStatus(status=3),
1786043838248467783,1786043838.246692158,/novatel/oem7/fix,/novatel/oem7/fix,/novatel/oem7/inspva,39.663,-75.756,-1.800759191,0.000122904,-0.000318657,0.000107855,-0.000058928,-0.000318657,,0,
1786043838249932517,1786043838.247050945,/novatel/oem7/odom,/novatel/oem7/fix,/novatel/oem7/odom,39.663,-75.756,-1.800759191,0.000123157,-0.000318559,-0.000052151,0.000111571,-0.000318559,,,
1786043838257375396,1786043838.256466450,/novatel/oem7/odom,/novatel/oem7/fix,/novatel/oem7/odom,39.663,-75.756,-1.800759191,0.000123157,-0.000318559,-0.000052151,0.000111571,-0.000318559,,,
1786043838265930223,1786043838.265210799,/novatel/oem7/inspva,/novatel/oem7/inspva,/novatel/oem7/inspva,39.663,-75.756,-1.800761933,0.000093228,-0.000071063,0.000049043,0.000079286,-0.000071063,,novatel_oem7_msgs.msg.InertialSolutionStatus(status=3),
1786043838267660430,1786043838.265474905,/novatel/oem7/fix,/novatel/oem7/fix,/novatel/oem7/inspva,39.663,-75.756,-1.800761933,0.000093228,-0.000071063,0.000049043,0.000079286,-0.000071063,,0,
1786043838269197330,1786043838.265912812,/novatel/oem7/odom,/novatel/oem7/fix,/novatel/oem7/odom,39.663,-75.756,-1.800761933,0.000093568,-0.000070615,0.000081940,0.000045176,-0.000070615,,,
1786043838276937691,1786043838.275616501,/novatel/oem7/odom,/novatel/oem7/fix,/novatel/oem7/odom,39.663,-75.756,-1.800761933,0.000093568,-0.000070615,0.000081940,0.000045176,-0.000070615,,,
1786043838286090081,1786043838.285392897,/novatel/oem7/inspva,/novatel/oem7/inspva,/novatel/oem7/inspva,39.663,-75.756,-1.800766829,0.000041671,0.000003280,-0.000004730,-0.000041402,0.000003280,,novatel_oem7_msgs.msg.InertialSolutionStatus(status=3),
1786043838288309016,1786043838.285659313,/novatel/oem7/fix,/novatel/oem7/fix,/novatel/oem7/inspva,39.663,-75.756,-1.800766829,0.000041671,0.000003280,-0.000004730,-0.000041402,0.000003280,,0,
1786043838289386764,1786043838.286159855,/novatel/oem7/odom,/novatel/oem7/fix,/novatel/oem7/odom,39.663,-75.756,-1.800766829,0.000041684,0.000003108,-0.000041600,-0.000002643,0.000003108,,,
1786043838295848773,1786043838.295198736,/novatel/oem7/odom,/novatel/oem7/fix,/novatel/oem7/odom,39.663,-75.756,-1.800766829,0.000041684,0.000003108,-0.000041600,-0.000002643,0.000003108,,,
1786043838306200761,1786043838.305699096,/novatel/oem7/inspva,/novatel/oem7/inspva,/novatel/oem7/inspva,39.663,-75.756,-1.800774609,0.000248962,-0.000357401,-0.000123669,0.000216074,-0.000357401,,novatel_oem7_msgs.msg.InertialSolutionStatus(status=3),
1786043838307482611,1786043838.305859294,/novatel/oem7/fix,/novatel/oem7/fix,/novatel/oem7/inspva,39.663,-75.756,-1.800774609,0.000248962,-0.000357401,-0.000123669,0.000216074,-0.000357401,,0,
1786043838308526125,1786043838.306288632,/novatel/oem7/odom,/novatel/oem7/fix,/novatel/oem7/odom,39.663,-75.756,-1.800774609,0.000249628,-0.000356936,0.000210977,-0.000133427,-0.000356936,,,
1786043838309976859,1786043838.308950713,/novatel/oem7/bestpos,/novatel/oem7/bestpos,/novatel/oem7/odom,39.663,-75.756,33.181466073,0.000249628,-0.000356936,0.000210977,-0.000133427,-0.000356936,,novatel_oem7_msgs.msg.SolutionStatus(status=0),novatel_oem7_msgs.msg.PositionOrVelocityType(type=53)
1786043838310911893,1786043838.309309793,/novatel/oem7/bestvel,/novatel/oem7/bestpos,/novatel/oem7/bestvel,39.663,-75.756,33.181466073,0.000434301,-0.000534054,,,,91.672925798,novatel_oem7_msgs.msg.SolutionStatus(status=0),novatel_oem7_msgs.msg.PositionOrVelocityType(type=53)
1786043838315346489,1786043838.314813158,/novatel/oem7/odom,/novatel/oem7/bestpos,/novatel/oem7/odom,39.663,-75.756,33.181466073,0.000249628,-0.000356936,0.000210977,-0.000133427,-0.000356936,,,
1786043838325813190,1786043838.325259741,/novatel/oem7/inspva,/novatel/oem7/inspva,/novatel/oem7/inspva,39.663,-75.756,-1.800779383,0.000154961,-0.000231063,-0.000081747,-0.000131644,-0.000231063,,novatel_oem7_msgs.msg.InertialSolutionStatus(status=3),
1786043838326469323,1786043838.325468683,/novatel/oem7/fix,/novatel/oem7/fix,/novatel/oem7/inspva,39.663,-75.756,-1.800779383,0.000154961,-0.000231063,-0.000081747,-0.000131644,-0.000231063,,0,
1786043838326890049,1786043838.325977515,/novatel/oem7/odom,/novatel/oem7/fix,/novatel/oem7/odom,39.663,-75.756,-1.800779383,0.000153848,-0.000231805,-0.000134684,-0.000074361,-0.000231805,,,
1786043838335959821,1786043838.335577939,/novatel/oem7/odom,/novatel/oem7/fix,/novatel/oem7/odom,39.663,-75.756,-1.800779383,0.000153848,-0.000231805,-0.000134684,-0.000074361,-0.000231805,,,
1786043838345309505,1786043838.345011514,/novatel/oem7/inspva,/novatel/oem7/inspva,/novatel/oem7/inspva,39.663,-75.756,-1.800784356,0.000263860,-0.000061382,-0.000118510,0.000235749,-0.000061382,,novatel_oem7_msgs.msg.InertialSolutionStatus(status=3),
1786043838345856498,1786043838.345164050,/novatel/oem7/fix,/novatel/oem7/fix,/novatel/oem7/inspva,39.663,-75.756,-1.800784356,0.000263860,-0.000061382,-0.000118510,0.000235749,-0.000061382,,0,
1786043838346415722,1786043838.345606131,/novatel/oem7/odom,/novatel/oem7/fix,/novatel/oem7/odom,39.663,-75.756,-1.800784356,0.000263988,-0.000060829,0.000229711,-0.000130086,-0.000060829,,,
1786043838356158257,1786043838.355679750,/novatel/oem7/odom,/novatel/oem7/fix,/novatel/oem7/odom,39.663,-75.756,-1.800784356,0.000263988,-0.000060829,0.000229711,-0.000130086,-0.000060829,,,
1786043838367009953,1786043838.366717155,/novatel/oem7/inspva,/novatel/oem7/inspva,/novatel/oem7/inspva,39.663,-75.756,-1.800790465,0.000660379,-0.000205155,-0.000523638,0.000402372,-0.000205155,,novatel_oem7_msgs.msg.InertialSolutionStatus(status=3),
1786043838367864584,1786043838.366913210,/novatel/oem7/fix,/novatel/oem7/fix,/novatel/oem7/inspva,39.663,-75.756,-1.800790465,0.000660379,-0.000205155,-0.000523638,0.000402372,-0.000205155,,0,
1786043838368680126,1786043838.367645494,/novatel/oem7/odom,/novatel/oem7/fix,/novatel/oem7/odom,39.663,-75.756,-1.800790465,0.000660381,-0.000205148,0.000376247,-0.000542716,-0.000205148,,,
1786043838375733457,1786043838.375236245,/novatel/oem7/odom,/novatel/oem7/fix,/novatel/oem7/odom,39.663,-75.756,-1.800790465,0.000660381,-0.000205148,0.000376247,-0.000542716,-0.000205148,,,
1786043838385755205,1786043838.385267696,/novatel/oem7/inspva,/novatel/oem7/inspva,/novatel/oem7/inspva,39.663,-75.756,-1.800794858,0.000557507,-0.000137526,-0.000302602,0.000468237,-0.000137526,,novatel_oem7_msgs.msg.InertialSolutionStatus(status=3),
1786043838386473788,1786043838.385499032,/novatel/oem7/fix,/novatel/oem7/fix,/novatel/oem7/inspva,39.663,-75.756,-1.800794858,0.000557507,-0.000137526,-0.000302602,0.000468237,-0.000137526,,0,
1786043838386913083,1786043838.385991800,/novatel/oem7/odom,/novatel/oem7/fix,/novatel/oem7/odom,39.663,-75.756,-1.800794858,0.000557730,-0.000136620,0.000452913,-0.000325471,-0.000136620,,,
1786043838396005262,1786043838.395625758,/novatel/oem7/odom,/novatel/oem7/fix,/novatel/oem7/odom,39.663,-75.756,-1.800794858,0.000557730,-0.000136620,0.000452913,-0.000325471,-0.000136620,,,
1786043838406708037,1786043838.406352990,/novatel/oem7/inspva,/novatel/oem7/inspva,/novatel/oem7/inspva,39.663,-75.756,-1.800799646,0.000889217,-0.000166485,-0.000785483,0.000416801,-0.000166485,,novatel_oem7_msgs.msg.InertialSolutionStatus(status=3),
1786043838407215343,1786043838.406531192,/novatel/oem7/fix,/novatel/oem7/fix,/novatel/oem7/inspva,39.663,-75.756,-1.800799646,0.000889217,-0.000166485,-0.000785483,0.000416801,-0.000166485,,0,
1786043838407812263,1786043838.407131038,/novatel/oem7/odom,/novatel/oem7/fix,/novatel/oem7/odom,39.663,-75.756,-1.800799646,0.000889084,-0.000167194,0.000377290,-0.000805060,-0.000167194,,,
1786043838411540993,1786043838.410634184,/novatel/oem7/bestpos,/novatel/oem7/bestpos,/novatel/oem7/odom,39.663,-75.756,33.181455020,0.000889084,-0.000167194,0.000377290,-0.000805060,-0.000167194,,novatel_oem7_msgs.msg.SolutionStatus(status=0),novatel_oem7_msgs.msg.PositionOrVelocityType(type=53)
1786043838413119582,1786043838.411161249,/novatel/oem7/bestvel,/novatel/oem7/bestpos,/novatel/oem7/bestvel,39.663,-75.756,33.181455020,0.000630518,-0.000169539,,,,160.773795153,novatel_oem7_msgs.msg.SolutionStatus(status=0),novatel_oem7_msgs.msg.PositionOrVelocityType(type=53)
1786043838415348861,1786043838.415019234,/novatel/oem7/odom,/novatel/oem7/bestpos,/novatel/oem7/odom,39.663,-75.756,33.181455020,0.000889084,-0.000167194,0.000377290,-0.000805060,-0.000167194,,,
1786043838426665653,1786043838.426213495,/novatel/oem7/inspva,/novatel/oem7/inspva,/novatel/oem7/inspva,39.663,-75.756,-1.800805570,0.000709023,-0.000165846,-0.000429007,0.000564506,-0.000165846,,novatel_oem7_msgs.msg.InertialSolutionStatus(status=3),
1786043838427339748,1786043838.426412130,/novatel/oem7/fix,/novatel/oem7/fix,/novatel/oem7/inspva,39.663,-75.756,-1.800805570,0.000709023,-0.000165846,-0.000429007,0.000564506,-0.000165846,,0,
1786043838427768802,1786043838.426922765,/novatel/oem7/odom,/novatel/oem7/fix,/novatel/oem7/odom,39.663,-75.756,-1.800805570,0.000709234,-0.000164943,0.000542792,-0.000456497,-0.000164943,,,
1786043838435052725,1786043838.434724701,/novatel/oem7/odom,/novatel/oem7/fix,/novatel/oem7/odom,39.663,-75.756,-1.800805570,0.000709234,-0.000164943,0.000542792,-0.000456497,-0.000164943,,,
1786043838446067056,1786043838.445276631,/novatel/oem7/inspva,/novatel/oem7/inspva,/novatel/oem7/inspva,39.663,-75.756,-1.800811292,0.000763841,-0.000442479,-0.000714264,0.000270704,-0.000442479,,novatel_oem7_msgs.msg.InertialSolutionStatus(status=3),
1786043838446496872,1786043838.445564661,/novatel/oem7/fix,/novatel/oem7/fix,/novatel/oem7/inspva,39.663,-75.756,-1.800811292,0.000763841,-0.000442479,-0.000714264,0.000270704,-0.000442479,,0,
1786043838447099217,1786043838.446106730,/novatel/oem7/odom,/novatel/oem7/fix,/novatel/oem7/odom,39.663,-75.756,-1.800811292,0.000709234,-0.000164943,0.000542790,-0.000456500,-0.000164943,,,
1786043838457561823,1786043838.456439828,/novatel/oem7/odom,/novatel/oem7/fix,/novatel/oem7/odom,39.663,-75.756,-1.800811292,0.000763230,-0.000443532,0.000236066,-0.000725805,-0.000443532,,,
1786043838466060939,1786043838.465048965,/novatel/oem7/inspva,/novatel/oem7/inspva,/novatel/oem7/inspva,39.663,-75.756,-1.800811058,0.000675329,-0.000179371,-0.000492275,0.000462314,-0.000179371,,novatel_oem7_msgs.msg.InertialSolutionStatus(status=3),
1786043838468040229,1786043838.465361389,/novatel/oem7/fix,/novatel/oem7/fix,/novatel/oem7/inspva,39.663,-75.756,-1.800811058,0.000675329,-0.000179371,-0.000492275,0.000462314,-0.000179371,,0,
1786043838469266031,1786043838.466040935,/novatel/oem7/odom,/novatel/oem7/fix,/novatel/oem7/odom,39.663,-75.756,-1.800811058,0.000675417,-0.000179040,0.000437589,-0.000514494,-0.000179040,,,
1786043838475505552,1786043838.474568535,/novatel/oem7/odom,/novatel/oem7/fix,/novatel/oem7/odom,39.663,-75.756,-1.800811058,0.000675417,-0.000179040,0.000437589,-0.000514494,-0.000179040,,,
1786043838486843090,1786043838.486193686,/novatel/oem7/inspva,/novatel/oem7/inspva,/novatel/oem7/inspva,39.663,-75.756,-1.800810314,0.001026230,0.000168789,-0.000853493,0.000569823,0.000168789,,novatel_oem7_msgs.msg.InertialSolutionStatus(status=3),
1786043838488333432,1786043838.486397862,/novatel/oem7/fix,/novatel/oem7/fix,/novatel/oem7/inspva,39.663,-75.756,-1.800810314,0.001026230,0.000168789,-0.000853493,0.000569823,0.000168789,,0,
1786043838489447349,1786043838.486952731,/novatel/oem7/odom,/novatel/oem7/fix,/novatel/oem7/odom,39.663,-75.756,-1.800810314,0.001026282,0.000168474,0.000525339,-0.000881631,0.000168474,,,
1786043838496084143,1786043838.495452110,/novatel/oem7/odom,/novatel/oem7/fix,/novatel/oem7/odom,39.663,-75.756,-1.800810314,0.001026282,0.000168474,0.000525339,-0.000881631,0.000168474,,,
1786043838506362728,1786043838.505816035,/novatel/oem7/inspva,/novatel/oem7/inspva,/novatel/oem7/inspva,39.663,-75.756,-1.800812127,0.001041452,-0.000167138,-0.000652405,0.000811781,-0.000167138,,novatel_oem7_msgs.msg.InertialSolutionStatus(status=3),
1786043838507695068,1786043838.506005477,/novatel/oem7/fix,/novatel/oem7/fix,/novatel/oem7/inspva,39.663,-75.756,-1.800812127,0.001041452,-0.000167138,-0.000652405,0.000811781,-0.000167138,,0,
1786043838508940857,1786043838.506530722,/novatel/oem7/odom,/novatel/oem7/fix,/novatel/oem7/odom,39.663,-75.756,-1.800812127,0.001041645,-0.000165931,0.000778474,-0.000692100,-0.000165931,,,
1786043838511688495,1786043838.511019812,/novatel/oem7/bestpos,/novatel/oem7/bestpos,/novatel/oem7/odom,39.663,-75.756,33.181442691,0.001041645,-0.000165931,0.000778474,-0.000692100,-0.000165931,,novatel_oem7_msgs.msg.SolutionStatus(status=0),novatel_oem7_msgs.msg.PositionOrVelocityType(type=53)
1786043838513053622,1786043838.511336378,/novatel/oem7/bestvel,/novatel/oem7/bestpos,/novatel/oem7/bestvel,39.663,-75.756,33.181442691,0.000880436,-0.000160647,,,,128.841234849,novatel_oem7_msgs.msg.SolutionStatus(status=0),novatel_oem7_msgs.msg.PositionOrVelocityType(type=53)
1786043838516058609,1786043838.515344919,/novatel/oem7/odom,/novatel/oem7/bestpos,/novatel/oem7/odom,39.663,-75.756,33.181442691,0.001041645,-0.000165931,0.000778474,-0.000692100,-0.000165931,,,
1786043838527192869,1786043838.526405924,/novatel/oem7/inspva,/novatel/oem7/inspva,/novatel/oem7/inspva,39.663,-75.756,-1.800810850,0.001098735,-0.000196925,-0.001013649,0.000423951,-0.000196925,,novatel_oem7_msgs.msg.InertialSolutionStatus(status=3),
1786043838528643417,1786043838.526604133,/novatel/oem7/fix,/novatel/oem7/fix,/novatel/oem7/inspva,39.663,-75.756,-1.800810850,0.001098735,-0.000196925,-0.001013649,0.000423951,-0.000196925,,0,
1786043838529700414,1786043838.526940716,/novatel/oem7/odom,/novatel/oem7/fix,/novatel/oem7/odom,39.663,-75.756,-1.800810850,0.001098496,-0.000198257,0.000373023,-0.001033222,-0.000198257,,,
1786043838535522210,1786043838.534809073,/novatel/oem7/odom,/novatel/oem7/fix,/novatel/oem7/odom,39.663,-75.756,-1.800810850,0.001098496,-0.000198257,0.000373023,-0.001033222,-0.000198257,,,
1786043838546624313,1786043838.545861885,/novatel/oem7/inspva,/novatel/oem7/inspva,/novatel/oem7/inspva,39.663,-75.756,-1.800808094,0.001172413,-0.000077732,-0.000735736,0.000912823,-0.000077732,,novatel_oem7_msgs.msg.InertialSolutionStatus(status=3),
1786043838548340133,1786043838.546041823,/novatel/oem7/fix,/novatel/oem7/fix,/novatel/oem7/inspva,39.663,-75.756,-1.800808094,0.001172413,-0.000077732,-0.000735736,0.000912823,-0.000077732,,0,
1786043838549793408,1786043838.546449747,/novatel/oem7/odom,/novatel/oem7/fix,/novatel/oem7/odom,39.663,-75.756,-1.800808094,0.001172502,-0.000076382,0.000874820,-0.000780673,-0.000076382,,,
1786043838556871647,1786043838.555915207,/novatel/oem7/odom,/novatel/oem7/fix,/novatel/oem7/odom,39.663,-75.756,-1.800808094,0.001172502,-0.000076382,0.000874820,-0.000780673,-0.000076382,,,
1786043838566149807,1786043838.565215967,/novatel/oem7/inspva,/novatel/oem7/inspva,/novatel/oem7/inspva,39.663,-75.756,-1.800803659,0.001007415,0.000151054,-0.000824913,0.000578277,0.000151054,,novatel_oem7_msgs.msg.InertialSolutionStatus(status=3),
1786043838567880941,1786043838.565453070,/novatel/oem7/fix,/novatel/oem7/fix,/novatel/oem7/inspva,39.663,-75.756,-1.800803659,0.001007415,0.000151054,-0.000824913,0.000578277,0.000151054,,0,
1786043838568900225,1786043838.565890298,/novatel/oem7/odom,/novatel/oem7/fix,/novatel/oem7/odom,39.663,-75.756,-1.800803659,0.001007443,0.000150870,0.000535288,-0.000853468,0.000150870,,,
1786043838576816005,1786043838.575464648,/novatel/oem7/odom,/novatel/oem7/fix,/novatel/oem7/odom,39.663,-75.756,-1.800803659,0.001007443,0.000150870,0.000535288,-0.000853468,0.000150870,,,
1786043838586609068,1786043838.585874427,/novatel/oem7/inspva,/novatel/oem7/inspva,/novatel/oem7/inspva,39.663,-75.756,-1.800801395,0.001192559,-0.000119410,-0.000730192,0.000942877,-0.000119410,,novatel_oem7_msgs.msg.InertialSolutionStatus(status=3),
1786043838587991688,1786043838.586043056,/novatel/oem7/fix,/novatel/oem7/fix,/novatel/oem7/inspva,39.663,-75.756,-1.800801395,0.001192559,-0.000119410,-0.000730192,0.000942877,-0.000119410,,0,
1786043838589042186,1786043838.586436903,/novatel/oem7/odom,/novatel/oem7/fix,/novatel/oem7/odom,39.663,-75.756,-1.800801395,0.001192708,-0.000117914,0.000905274,-0.000776551,-0.000117914,,,
1786043838594997313,1786043838.594282846,/novatel/oem7/odom,/novatel/oem7/fix,/novatel/oem7/odom,39.663,-75.756,-1.800801395,0.001192708,-0.000117914,0.000905274,-0.000776551,-0.000117914,,,
1786043838606782323,1786043838.605804123,/novatel/oem7/inspva,/novatel/oem7/inspva,/novatel/oem7/inspva,39.663,-75.756,-1.800793980,0.001432568,0.000333482,-0.000734720,0.001229812,0.000333482,,novatel_oem7_msgs.msg.InertialSolutionStatus(status=3),
1786043838608126282,1786043838.606060095,/novatel/oem7/fix,/novatel/oem7/fix,/novatel/oem7/inspva,39.663,-75.756,-1.800793980,0.001432568,0.000333482,-0.000734720,0.001229812,0.000333482,,0,
1786043838609137697,1786043838.606680548,/novatel/oem7/odom,/novatel/oem7/fix,/novatel/oem7/odom,39.663,-75.756,-1.800793980,0.001431968,0.000336051,0.001189804,-0.000796805,0.000336051,,,
1786043838610956118,1786043838.610014129,/novatel/oem7/bestpos,/novatel/oem7/bestpos,/novatel/oem7/odom,39.663,-75.756,33.181457334,0.001431968,0.000336051,0.001189804,-0.000796805,0.000336051,,novatel_oem7_msgs.msg.SolutionStatus(status=0),novatel_oem7_msgs.msg.PositionOrVelocityType(type=53)
1786043838611846187,1786043838.610376965,/novatel/oem7/bestvel,/novatel/oem7/bestpos,/novatel/oem7/bestvel,39.663,-75.756,33.181457334,0.001106423,0.000087720,,,,99.824112902,novatel_oem7_msgs.msg.SolutionStatus(status=0),novatel_oem7_msgs.msg.PositionOrVelocityType(type=53)
1786043838615390126,1786043838.614697896,/novatel/oem7/odom,/novatel/oem7/bestpos,/novatel/oem7/odom,39.663,-75.756,33.181457334,0.001431968,0.000336051,0.001189804,-0.000796805,0.000336051,,,
1786043838625656930,1786043838.624866926,/novatel/oem7/inspva,/novatel/oem7/inspva,/novatel/oem7/inspva,39.663,-75.756,-1.800789203,0.001649482,0.000305473,-0.000959258,0.001341870,0.000305473,,novatel_oem7_msgs.msg.InertialSolutionStatus(status=3),
1786043838627034514,1786043838.625031721,/novatel/oem7/fix,/novatel/oem7/fix,/novatel/oem7/inspva,39.663,-75.756,-1.800789203,0.001649482,0.000305473,-0.000959258,0.001341870,0.000305473,,0,
1786043838628097642,1786043838.625473878,/novatel/oem7/odom,/novatel/oem7/fix,/novatel/oem7/odom,39.663,-75.756,-1.800789203,0.001649046,0.000307817,0.001290494,-0.001026634,0.000307817,,,
1786043838636052496,1786043838.635319265,/novatel/oem7/odom,/novatel/oem7/fix,/novatel/oem7/odom,39.663,-75.756,-1.800789203,0.001649046,0.000307817,0.001290494,-0.001026634,0.000307817,,,
1786043838647661667,1786043838.646667523,/novatel/oem7/inspva,/novatel/oem7/inspva,/novatel/oem7/inspva,39.663,-75.756,-1.800785638,0.001591186,-0.000051723,-0.000852710,0.001343413,-0.000051723,,novatel_oem7_msgs.msg.InertialSolutionStatus(status=3),
1786043838649529536,1786043838.646885259,/novatel/oem7/fix,/novatel/oem7/fix,/novatel/oem7/inspva,39.663,-75.756,-1.800785638,0.001591186,-0.000051723,-0.000852710,0.001343413,-0.000051723,,0,
1786043838651019881,1786043838.647367274,/novatel/oem7/odom,/novatel/oem7/fix,/novatel/oem7/odom,39.663,-75.756,-1.800785638,0.001591271,-0.000049048,0.001298842,-0.000919322,-0.000049048,,,
1786043838657259975,1786043838.656282491,/novatel/oem7/odom,/novatel/oem7/fix,/novatel/oem7/odom,39.663,-75.756,-1.800785638,0.001591271,-0.000049048,0.001298842,-0.000919322,-0.000049048,,,
1786043838666821031,1786043838.666015570,/novatel/oem7/inspva,/novatel/oem7/inspva,/novatel/oem7/inspva,39.663,-75.756,-1.800776446,0.001877106,0.000195536,-0.001214551,0.001431220,0.000195536,,novatel_oem7_msgs.msg.InertialSolutionStatus(status=3),
1786043838668543229,1786043838.666279872,/novatel/oem7/fix,/novatel/oem7/fix,/novatel/oem7/inspva,39.663,-75.756,-1.800776446,0.001877106,0.000195536,-0.001214551,0.001431220,0.000195536,,0,
1786043838669994974,1786043838.666724757,/novatel/oem7/odom,/novatel/oem7/fix,/novatel/oem7/odom,39.663,-75.756,-1.800776446,0.001876902,0.000197482,0.001367278,-0.001285812,0.000197482,,,
1786043838675150686,1786043838.674484465,/novatel/oem7/odom,/novatel/oem7/fix,/novatel/oem7/odom,39.663,-75.756,-1.800776446,0.001876902,0.000197482,0.001367278,-0.001285812,0.000197482,,,
1786043838685737649,1786043838.685136933,/novatel/oem7/inspva,/novatel/oem7/inspva,/novatel/oem7/inspva,39.663,-75.756,-1.800765979,0.001784616,0.000526591,-0.000833572,0.001577978,0.000526591,,novatel_oem7_msgs.msg.InertialSolutionStatus(status=3),
1786043838687212301,1786043838.685302079,/novatel/oem7/fix,/novatel/oem7/fix,/novatel/oem7/inspva,39.663,-75.756,-1.800765979,0.001784616,0.000526591,-0.000833572,0.001577978,0.000526591,,0,
1786043838688242335,1786043838.685671553,/novatel/oem7/odom,/novatel/oem7/fix,/novatel/oem7/odom,39.663,-75.756,-1.800765979,0.001783546,0.000530204,0.001531772,-0.000913626,0.000530204,,,
1786043838696187802,1786043838.695511359,/novatel/oem7/odom,/novatel/oem7/fix,/novatel/oem7/odom,39.663,-75.756,-1.800765979,0.001783546,0.000530204,0.001531772,-0.000913626,0.000530204,,,
1786043838706462464,1786043838.705809197,/novatel/oem7/inspva,/novatel/oem7/inspva,/novatel/oem7/inspva,39.663,-75.756,-1.800759813,0.001772880,0.000280784,-0.001098020,0.001391925,0.000280784,,novatel_oem7_msgs.msg.InertialSolutionStatus(status=3),
1786043838707814267,1786043838.706031009,/novatel/oem7/fix,/novatel/oem7/fix,/novatel/oem7/inspva,39.663,-75.756,-1.800759813,0.001772880,0.000280784,-0.001098020,0.001391925,0.000280784,,0,
1786043838708901961,1786043838.706383759,/novatel/oem7/odom,/novatel/oem7/fix,/novatel/oem7/odom,39.663,-75.756,-1.800759813,0.001772539,0.000282934,0.001333579,-0.001167673,0.000282934,,,
1786043838710316536,1786043838.708569728,/novatel/oem7/bestpos,/novatel/oem7/bestpos,/novatel/oem7/odom,39.663,-75.756,33.181496002,0.001772539,0.000282934,0.001333579,-0.001167673,0.000282934,,novatel_oem7_msgs.msg.SolutionStatus(status=0),novatel_oem7_msgs.msg.PositionOrVelocityType(type=53)
1786043838711205388,1786043838.709196014,/novatel/oem7/bestvel,/novatel/oem7/bestpos,/novatel/oem7/bestvel,39.663,-75.756,33.181496002,0.002299941,0.000345032,,,,131.065567456,novatel_oem7_msgs.msg.SolutionStatus(status=0),novatel_oem7_msgs.msg.PositionOrVelocityType(type=53)
1786043838714993596,1786043838.714293869,/novatel/oem7/odom,/novatel/oem7/bestpos,/novatel/oem7/odom,39.663,-75.756,33.181496002,0.001772539,0.000282934,0.001333579,-0.001167673,0.000282934,,,
1786043838727389212,1786043838.726608398,/novatel/oem7/inspva,/novatel/oem7/inspva,/novatel/oem7/inspva,39.663,-75.756,-1.800750485,0.002146578,0.000395577,-0.000959019,0.001920437,0.000395577,,novatel_oem7_msgs.msg.InertialSolutionStatus(status=3),
1786043838728893417,1786043838.726809566,/novatel/oem7/fix,/novatel/oem7/fix,/novatel/oem7/inspva,39.663,-75.756,-1.800750485,0.002146578,0.000395577,-0.000959019,0.001920437,0.000395577,,0,
1786043838729939605,1786043838.727389796,/novatel/oem7/odom,/novatel/oem7/fix,/novatel/oem7/odom,39.663,-75.756,-1.800750485,0.002145728,0.000400159,0.001867963,-0.001055871,0.000400159,,,
1786043838736295802,1786043838.735555875,/novatel/oem7/odom,/novatel/oem7/fix,/novatel/oem7/odom,39.663,-75.756,-1.800750485,0.002145728,0.000400159,0.001867963,-0.001055871,0.000400159,,,
1786043838746171232,1786043838.745219826,/novatel/oem7/inspva,/novatel/oem7/inspva,/novatel/oem7/inspva,39.663,-75.756,-1.800738603,0.002315815,0.000562980,-0.001451101,0.001804800,0.000562980,,novatel_oem7_msgs.msg.InertialSolutionStatus(status=3),
1786043838748118472,1786043838.745468205,/novatel/oem7/fix,/novatel/oem7/fix,/novatel/oem7/inspva,39.663,-75.756,-1.800738603,0.002315815,0.000562980,-0.001451101,0.001804800,0.000562980,,0,
1786043838749600777,1786043838.745993064,/novatel/oem7/odom,/novatel/oem7/fix,/novatel/oem7/odom,39.663,-75.756,-1.800738603,0.002315157,0.000565681,0.001726962,-0.001541932,0.000565681,,,
1786043838756647369,1786043838.755658602,/novatel/oem7/odom,/novatel/oem7/fix,/novatel/oem7/odom,39.663,-75.756,-1.800738603,0.002315157,0.000565681,0.001726962,-0.001541932,0.000565681,,,
1786043838768087555,1786043838.766725398,/novatel/oem7/inspva,/novatel/oem7/inspva,/novatel/oem7/inspva,39.663,-75.756,-1.800728695,0.002296131,0.000483487,-0.001218701,0.001946018,0.000483487,,novatel_oem7_msgs.msg.InertialSolutionStatus(status=3),
1786043838769708881,1786043838.767054911,/novatel/oem7/fix,/novatel/oem7/fix,/novatel/oem7/inspva,39.663,-75.756,-1.800728695,0.002296131,0.000483487,-0.001218701,0.001946018,0.000483487,,0,
1786043838770761769,1786043838.768037318,/novatel/oem7/odom,/novatel/oem7/fix,/novatel/oem7/odom,39.663,-75.756,-1.800728695,0.002295299,0.000487422,0.001880056,-0.001316733,0.000487422,,,
1786043838775317695,1786043838.774581160,/novatel/oem7/odom,/novatel/oem7/fix,/novatel/oem7/odom,39.663,-75.756,-1.800728695,0.002295299,0.000487422,0.001880056,-0.001316733,0.000487422,,,
1786043838786035267,1786043838.785343189,/novatel/oem7/inspva,/novatel/oem7/inspva,/novatel/oem7/inspva,39.663,-75.756,-1.800716114,0.002380250,0.000509835,-0.001553909,0.001803042,0.000509835,,novatel_oem7_msgs.msg.InertialSolutionStatus(status=3),
1786043838787334724,1786043838.785491975,/novatel/oem7/fix,/novatel/oem7/fix,/novatel/oem7/inspva,39.663,-75.756,-1.800716114,0.002380250,0.000509835,-0.001553909,0.001803042,0.000509835,,0,
1786043838788345187,1786043838.785953789,/novatel/oem7/odom,/novatel/oem7/fix,/novatel/oem7/odom,39.663,-75.756,-1.800716114,0.002379729,0.000512263,0.001720219,-0.001644371,0.000512263,,,
1786043838795253610,1786043838.794488982,/novatel/oem7/odom,/novatel/oem7/fix,/novatel/oem7/odom,39.663,-75.756,-1.800716114,0.002379729,0.000512263,0.001720219,-0.001644371,0.000512263,,,
1786043838807667266,1786043838.806448647,/novatel/oem7/inspva,/novatel/oem7/inspva,/novatel/oem7/inspva,39.663,-75.756,-1.800702762,0.002101083,0.000724728,-0.001186195,0.001734212,0.000724728,,novatel_oem7_msgs.msg.InertialSolutionStatus(status=3),
1786043838810045614,1786043838.806730540,/novatel/oem7/fix,/novatel/oem7/fix,/novatel/oem7/inspva,39.663,-75.756,-1.800702762,0.002101083,0.000724728,-0.001186195,0.001734212,0.000724728,,0,
1786043838811788848,1786043838.807791081,/novatel/oem7/odom,/novatel/oem7/fix,/novatel/oem7/odom,39.663,-75.756,-1.800702762,0.002099957,0.000727984,0.001669175,-0.001274235,0.000727984,,,
1786043838813930073,1786043838.810205035,/novatel/oem7/bestpos,/novatel/oem7/bestpos,/novatel/oem7/odom,39.663,-75.756,33.181549431,0.002099957,0.000727984,0.001669175,-0.001274235,0.000727984,,novatel_oem7_msgs.msg.SolutionStatus(status=0),novatel_oem7_msgs.msg.PositionOrVelocityType(type=53)
1786043838815447985,1786043838.810623846,/novatel/oem7/bestvel,/novatel/oem7/bestpos,/novatel/oem7/bestvel,39.663,-75.756,33.181549431,0.002610402,0.000685221,,,,124.638879326,novatel_oem7_msgs.msg.SolutionStatus(status=0),novatel_oem7_msgs.msg.PositionOrVelocityType(type=53)
1786043838817750612,1786043838.814940913,/novatel/oem7/odom,/novatel/oem7/bestpos,/novatel/oem7/odom,39.663,-75.756,33.181549431,0.002099957,0.000727984,0.001669175,-0.001274235,0.000727984,,,
1786043838825873494,1786043838.825259311,/novatel/oem7/inspva,/novatel/oem7/inspva,/novatel/oem7/inspva,39.663,-75.756,-1.800688423,0.002225924,0.000843691,-0.001405005,0.001726471,0.000843691,,novatel_oem7_msgs.msg.InertialSolutionStatus(status=3),
1786043838827265938,1786043838.825401923,/novatel/oem7/fix,/novatel/oem7/fix,/novatel/oem7/inspva,39.663,-75.756,-1.800688423,0.002225924,0.000843691,-0.001405005,0.001726471,0.000843691,,0,
1786043838828394336,1786043838.825838214,/novatel/oem7/odom,/novatel/oem7/fix,/novatel/oem7/odom,39.663,-75.756,-1.800688423,0.002224945,0.000846270,0.001649905,-0.001492714,0.000846270,,,
1786043838835255446,1786043838.834470951,/novatel/oem7/odom,/novatel/oem7/fix,/novatel/oem7/odom,39.663,-75.756,-1.800688423,0.002224945,0.000846270,0.001649905,-0.001492714,0.000846270,,,
1786043838846400242,1786043838.845124193,/novatel/oem7/inspva,/novatel/oem7/inspva,/novatel/oem7/inspva,39.663,-75.756,-1.800674292,0.002108030,0.000884232,-0.001136620,0.001775355,0.000884232,,novatel_oem7_msgs.msg.InertialSolutionStatus(status=3),
1786043838848712122,1786043838.845417959,/novatel/oem7/fix,/novatel/oem7/fix,/novatel/oem7/inspva,39.663,-75.756,-1.800674292,0.002108030,0.000884232,-0.001136620,0.001775355,0.000884232,,0,
1786043838850384449,1786043838.845945174,/novatel/oem7/odom,/novatel/oem7/fix,/novatel/oem7/odom,39.663,-75.756,-1.800674292,0.002106548,0.000887759,0.001712120,-0.001227269,0.000887759,,,
1786043838857528755,1786043838.856448227,/novatel/oem7/odom,/novatel/oem7/fix,/novatel/oem7/odom,39.663,-75.756,-1.800674292,0.002106548,0.000887759,0.001712120,-0.001227269,0.000887759,,,
1786043838865616814,1786043838.865008681,/novatel/oem7/inspva,/novatel/oem7/inspva,/novatel/oem7/inspva,39.663,-75.756,-1.800659109,0.002237836,0.000908396,-0.001483270,0.001675656,0.000908396,,novatel_oem7_msgs.msg.InertialSolutionStatus(status=3),
1786043838867063378,1786043838.865161409,/novatel/oem7/fix,/novatel/oem7/fix,/novatel/oem7/inspva,39.663,-75.756,-1.800659109,0.002237836,0.000908396,-0.001483270,0.001675656,0.000908396,,0,
1786043838868184533,1786043838.865620777,/novatel/oem7/odom,/novatel/oem7/fix,/novatel/oem7/odom,39.663,-75.756,-1.800659109,0.002236965,0.000910539,0.001594935,-0.001568501,0.000910539,,,
1786043838875335722,1786043838.874529634,/novatel/oem7/odom,/novatel/oem7/fix,/novatel/oem7/odom,39.663,-75.756,-1.800659109,0.002236965,0.000910539,0.001594935,-0.001568501,0.000910539,,,
1786043838887383794,1786043838.886643774,/novatel/oem7/inspva,/novatel/oem7/inspva,/novatel/oem7/inspva,39.663,-75.756,-1.800640867,0.002429625,0.001133291,-0.001561177,0.001861667,0.001133291,,novatel_oem7_msgs.msg.InertialSolutionStatus(status=3),
1786043838888836136,1786043838.886814325,/novatel/oem7/fix,/novatel/oem7/fix,/novatel/oem7/inspva,39.663,-75.756,-1.800640867,0.002429625,0.001133291,-0.001561177,0.001861667,0.001133291,,0,
1786043838889899964,1786043838.887441422,/novatel/oem7/odom,/novatel/oem7/fix,/novatel/oem7/odom,39.663,-75.756,-1.800640867,0.002428396,0.001135924,0.001775874,-0.001656315,0.001135924,,,
1786043838895253961,1786043838.894527943,/novatel/oem7/odom,/novatel/oem7/fix,/novatel/oem7/odom,39.663,-75.756,-1.800640867,0.002428396,0.001135924,0.001775874,-0.001656315,0.001135924,,,
1786043838906515008,1786043838.905725897,/novatel/oem7/inspva,/novatel/oem7/inspva,/novatel/oem7/inspva,39.663,-75.756,-1.800625227,0.002463956,0.001107175,-0.001751843,0.001732665,0.001107175,,novatel_oem7_msgs.msg.InertialSolutionStatus(status=3),
1786043838908135655,1786043838.905910899,/novatel/oem7/fix,/novatel/oem7/fix,/novatel/oem7/inspva,39.663,-75.756,-1.800625227,0.002463956,0.001107175,-0.001751843,0.001732665,0.001107175,,0,
1786043838909474012,1786043838.906605986,/novatel/oem7/odom,/novatel/oem7/fix,/novatel/oem7/odom,39.663,-75.756,-1.800625227,0.002463255,0.001108735,0.001637510,-0.001840158,0.001108735,,,
1786043838911639897,1786043838.909287066,/novatel/oem7/bestpos,/novatel/oem7/bestpos,/novatel/oem7/odom,39.663,-75.756,33.181623249,0.002463255,0.001108735,0.001637510,-0.001840158,0.001108735,,novatel_oem7_msgs.msg.SolutionStatus(status=0),novatel_oem7_msgs.msg.PositionOrVelocityType(type=53)
1786043838912826216,1786043838.909992934,/novatel/oem7/bestvel,/novatel/oem7/bestpos,/novatel/oem7/bestvel,39.663,-75.756,33.181623249,0.002334592,0.001061902,,,,134.094889872,novatel_oem7_msgs.msg.SolutionStatus(status=0),novatel_oem7_msgs.msg.PositionOrVelocityType(type=53)
1786043838915387478,1786043838.914577127,/novatel/oem7/odom,/novatel/oem7/bestpos,/novatel/oem7/odom,39.663,-75.756,33.181623249,0.002463255,0.001108735,0.001637510,-0.001840158,0.001108735,,,
1786043838926001563,1786043838.925225302,/novatel/oem7/inspva,/novatel/oem7/inspva,/novatel/oem7/inspva,39.663,-75.756,-1.800609456,0.002196443,0.001007478,-0.001386678,0.001703375,0.001007478,,novatel_oem7_msgs.msg.InertialSolutionStatus(status=3),
1786043838927807951,1786043838.925450500,/novatel/oem7/fix,/novatel/oem7/fix,/novatel/oem7/inspva,39.663,-75.756,-1.800609456,0.002196443,0.001007478,-0.001386678,0.001703375,0.001007478,,0,
1786043838929050250,1786043838.926062703,/novatel/oem7/odom,/novatel/oem7/fix,/novatel/oem7/odom,39.663,-75.756,-1.800609456,0.002195294,0.001009979,0.001627124,-0.001473697,0.001009979,,,
1786043838935697568,1786043838.934832135,/novatel/oem7/odom,/novatel/oem7/fix,/novatel/oem7/odom,39.663,-75.756,-1.800609456,0.002195294,0.001009979,0.001627124,-0.001473697,0.001009979,,,
1786043838946469970,1786043838.945200004,/novatel/oem7/inspva,/novatel/oem7/inspva,/novatel/oem7/inspva,39.663,-75.756,-1.800592843,0.002310826,0.000925154,-0.001658581,0.001609044,0.000925154,,novatel_oem7_msgs.msg.InertialSolutionStatus(status=3),
1786043838948762557,1786043838.945553898,/novatel/oem7/fix,/novatel/oem7/fix,/novatel/oem7/inspva,39.663,-75.756,-1.800592843,0.002310826,0.000925154,-0.001658581,0.001609044,0.000925154,,0,
1786043838950395307,1786043838.946219995,/novatel/oem7/odom,/novatel/oem7/fix,/novatel/oem7/odom,39.663,-75.756,-1.800592843,0.002310273,0.000926532,0.001519480,-0.001740272,0.000926532,,,
1786043838956910519,1786043838.955837765,/novatel/oem7/odom,/novatel/oem7/fix,/novatel/oem7/odom,39.663,-75.756,-1.800592843,0.002310273,0.000926532,0.001519480,-0.001740272,0.000926532,,,
1786043838965725099,1786043838.964889757,/novatel/oem7/inspva,/novatel/oem7/inspva,/novatel/oem7/inspva,39.663,-75.756,-1.800575694,0.002310248,0.001024815,-0.001559916,0.001704086,0.001024815,,novatel_oem7_msgs.msg.InertialSolutionStatus(status=3),
1786043838967025796,1786043838.965063502,/novatel/oem7/fix,/novatel/oem7/fix,/novatel/oem7/inspva,39.663,-75.756,-1.800575694,0.002310248,0.001024815,-0.001559916,0.001704086,0.001024815,,0,
1786043838968136730,1786043838.965566221,/novatel/oem7/odom,/novatel/oem7/fix,/novatel/oem7/odom,39.663,-75.756,-1.800575694,0.002309348,0.001026843,0.001619002,-0.001646791,0.001026843,,,
1786043838976686730,1786043838.975566402,/novatel/oem7/odom,/novatel/oem7/fix,/novatel/oem7/odom,39.663,-75.756,-1.800575694,0.002309348,0.001026843,0.001619002,-0.001646791,0.001026843,,,
1786043838986024631,1786043838.985023108,/novatel/oem7/inspva,/novatel/oem7/inspva,/novatel/oem7/inspva,39.663,-75.756,-1.800561356,0.002286364,0.000858741,-0.001656498,0.001575905,0.000858741,,novatel_oem7_msgs.msg.InertialSolutionStatus(status=3),
1786043838987889287,1786043838.985261277,/novatel/oem7/fix,/novatel/oem7/fix,/novatel/oem7/inspva,39.663,-75.756,-1.800561356,0.002286364,0.000858741,-0.001656498,0.001575905,0.000858741,,0,
1786043838989269811,1786043838.985845169,/novatel/oem7/odom,/novatel/oem7/fix,/novatel/oem7/odom,39.663,-75.756,-1.800561356,0.002285895,0.000859989,0.001486754,-0.001736341,0.000859989,,,
1786043838995296785,1786043838.994379719,/novatel/oem7/odom,/novatel/oem7/fix,/novatel/oem7/odom,39.663,-75.756,-1.800561356,0.002285895,0.000859989,0.001486754,-0.001736341,0.000859989,,,
1786043839011164499,1786043839.010076542,/novatel/oem7/inspva,/novatel/oem7/inspva,/novatel/oem7/inspva,39.663,-75.756,-1.800546167,0.002869458,0.000881626,-0.002061913,0.001995571,0.000881626,,novatel_oem7_msgs.msg.InertialSolutionStatus(status=3),
1786043839012953634,1786043839.010307251,/novatel/oem7/fix,/novatel/oem7/fix,/novatel/oem7/inspva,39.663,-75.756,-1.800546167,0.002869458,0.000881626,-0.002061913,0.001995571,0.000881626,,0,
1786043839014053469,1786043839.011539827,/novatel/oem7/odom,/novatel/oem7/fix,/novatel/oem7/odom,39.663,-75.756,-1.800546167,0.002868941,0.000883306,0.001885322,-0.002162495,0.000883306,,,
1786043839016343752,1786043839.015631292,/novatel/oem7/odom,/novatel/oem7/fix,/novatel/oem7/odom,39.663,-75.756,-1.800546167,0.002868941,0.000883306,0.001885322,-0.002162495,0.000883306,,,
1786043839025680120,1786043839.024805532,/novatel/oem7/bestpos,/novatel/oem7/bestpos,/novatel/oem7/odom,39.663,-75.756,33.181715957,0.002868941,0.000883306,0.001885322,-0.002162495,0.000883306,,novatel_oem7_msgs.msg.SolutionStatus(status=0),novatel_oem7_msgs.msg.PositionOrVelocityType(type=53)
1786043839027602866,1786043839.025553875,/novatel/oem7/bestvel,/novatel/oem7/bestpos,/novatel/oem7/bestvel,39.663,-75.756,33.181715957,0.002866383,0.001072604,,,,140.897293656,novatel_oem7_msgs.msg.SolutionStatus(status=0),novatel_oem7_msgs.msg.PositionOrVelocityType(type=53)
1786043839028554436,1786043839.026459954,/novatel/oem7/inspva,/novatel/oem7/inspva,/novatel/oem7/inspva,39.663,-75.756,-1.800530270,0.002547666,0.000866185,-0.001909394,0.001686658,0.000866185,,novatel_oem7_msgs.msg.InertialSolutionStatus(status=3),
1786043839029382064,1786043839.026625160,/novatel/oem7/fix,/novatel/oem7/fix,/novatel/oem7/inspva,39.663,-75.756,-1.800530270,0.002547666,0.000866185,-0.001909394,0.001686658,0.000866185,,0,
1786043839031000904,1786043839.027054037,/novatel/oem7/odom,/novatel/oem7/fix,/novatel/oem7/odom,39.663,-75.756,-1.800530270,0.002547338,0.000867149,0.001584556,-0.001994521,0.000867149,,,
1786043839035376262,1786043839.034623684,/novatel/oem7/odom,/novatel/oem7/fix,/novatel/oem7/odom,39.663,-75.756,-1.800530270,0.002547338,0.000867149,0.001584556,-0.001994521,0.000867149,,,
1786043839047435947,1786043839.045385390,/novatel/oem7/inspva,/novatel/oem7/inspva,/novatel/oem7/inspva,39.663,-75.756,-1.800528996,0.002484748,0.001031640,-0.001715693,0.001797323,0.001031640,,novatel_oem7_msgs.msg.InertialSolutionStatus(status=3),
1786043839048909519,1786043839.045698993,/novatel/oem7/fix,/novatel/oem7/fix,/novatel/oem7/inspva,39.663,-75.756,-1.800528996,0.002484748,0.001031640,-0.001715693,0.001797323,0.001031640,,0,
1786043839050306440,1786043839.046403834,/novatel/oem7/odom,/novatel/oem7/fix,/novatel/oem7/odom,39.663,-75.756,-1.800528996,0.002483941,0.001033581,0.001704219,-0.001807098,0.001033581,,,
1786043839057354211,1786043839.056390432,/novatel/oem7/odom,/novatel/oem7/fix,/novatel/oem7/odom,39.663,-75.756,-1.800528996,0.002483941,0.001033581,0.001704219,-0.001807098,0.001033581,,,
1786043839067191734,1786043839.066312226,/novatel/oem7/inspva,/novatel/oem7/inspva,/novatel/oem7/inspva,39.663,-75.756,-1.800530133,0.002460994,0.000851950,-0.001689464,0.001789470,0.000851950,,novatel_oem7_msgs.msg.InertialSolutionStatus(status=3),
1786043839069242035,1786043839.066614249,/novatel/oem7/fix,/novatel/oem7/fix,/novatel/oem7/inspva,39.663,-75.756,-1.800530133,0.002460994,0.000851950,-0.001689464,0.001789470,0.000851950,,0,
1786043839070777851,1786043839.067128417,/novatel/oem7/odom,/novatel/oem7/fix,/novatel/oem7/odom,39.663,-75.756,-1.800530133,0.002460298,0.000853957,0.001698415,-0.001780016,0.000853957,,,
1786043839075445845,1786043839.074528849,/novatel/oem7/odom,/novatel/oem7/fix,/novatel/oem7/odom,39.663,-75.756,-1.800530133,0.002460298,0.000853957,0.001698415,-0.001780016,0.000853957,,,
1786043839085970252,1786043839.085076649,/novatel/oem7/inspva,/novatel/oem7/inspva,/novatel/oem7/inspva,39.663,-75.756,-1.800526532,0.002397093,0.000905427,-0.001603193,0.001782084,0.000905427,,novatel_oem7_msgs.msg.InertialSolutionStatus(status=3),
1786043839087647245,1786043839.085298158,/novatel/oem7/fix,/novatel/oem7/fix,/novatel/oem7/inspva,39.663,-75.756,-1.800526532,0.002397093,0.000905427,-0.001603193,0.001782084,0.000905427,,0,
1786043839088863194,1786043839.085986222,/novatel/oem7/odom,/novatel/oem7/fix,/novatel/oem7/odom,39.663,-75.756,-1.800526532,0.002396258,0.000907633,0.001695185,-0.001693636,0.000907633,,,
1786043839096547325,1786043839.095695127,/novatel/oem7/odom,/novatel/oem7/fix,/novatel/oem7/odom,39.663,-75.756,-1.800526532,0.002396258,0.000907633,0.001695185,-0.001693636,0.000907633,,,
1786043839106406152,1786043839.105596124,/novatel/oem7/inspva,/novatel/oem7/inspva,/novatel/oem7/inspva,39.663,-75.756,-1.800524456,0.002716900,0.001157965,-0.001594075,0.002200106,0.001157965,,novatel_oem7_msgs.msg.InertialSolutionStatus(status=3),
1786043839108903751,1786043839.105843363,/novatel/oem7/fix,/novatel/oem7/fix,/novatel/oem7/inspva,39.663,-75.756,-1.800524456,0.002716900,0.001157965,-0.001594075,0.002200106,0.001157965,,0,
1786043839110255758,1786043839.106404719,/novatel/oem7/odom,/novatel/oem7/fix,/novatel/oem7/odom,39.663,-75.756,-1.800524456,0.002715259,0.001161807,0.002112119,-0.001706336,0.001161807,,,
1786043839111978052,1786043839.109033846,/novatel/oem7/bestpos,/novatel/oem7/bestpos,/novatel/oem7/odom,39.663,-75.756,33.181719323,0.002715259,0.001161807,0.002112119,-0.001706336,0.001161807,,novatel_oem7_msgs.msg.SolutionStatus(status=0),novatel_oem7_msgs.msg.PositionOrVelocityType(type=53)
1786043839113025022,1786043839.109616662,/novatel/oem7/bestvel,/novatel/oem7/bestpos,/novatel/oem7/bestvel,39.663,-75.756,33.181719323,0.002545865,0.001268325,,,,128.760708073,novatel_oem7_msgs.msg.SolutionStatus(status=0),novatel_oem7_msgs.msg.PositionOrVelocityType(type=53)
1786043839115263439,1786043839.114320086,/novatel/oem7/odom,/novatel/oem7/bestpos,/novatel/oem7/odom,39.663,-75.756,33.181719323,0.002715259,0.001161807,0.002112119,-0.001706336,0.001161807,,,
1786043839127358855,1786043839.126516019,/novatel/oem7/inspva,/novatel/oem7/inspva,/novatel/oem7/inspva,39.663,-75.756,-1.800526143,0.002683486,0.000625659,-0.001722697,0.002057527,0.000625659,,novatel_oem7_msgs.msg.InertialSolutionStatus(status=3),
1786043839129122473,1786043839.126733311,/novatel/oem7/fix,/novatel/oem7/fix,/novatel/oem7/inspva,39.663,-75.756,-1.800526143,0.002683486,0.000625659,-0.001722697,0.002057527,0.000625659,,0,
1786043839130376512,1786043839.127315087,/novatel/oem7/odom,/novatel/oem7/fix,/novatel/oem7/odom,39.663,-75.756,-1.800526143,0.002682804,0.000628579,0.001965333,-0.001826171,0.000628579,,,
1786043839135893831,1786043839.135120297,/novatel/oem7/odom,/novatel/oem7/fix,/novatel/oem7/odom,39.663,-75.756,-1.800526143,0.002682804,0.000628579,0.001965333,-0.001826171,0.000628579,,,
1786043839145605790,1786043839.144887839,/novatel/oem7/inspva,/novatel/oem7/inspva,/novatel/oem7/inspva,39.663,-75.756,-1.800524119,0.002611075,0.000636039,-0.001522710,0.002121100,0.000636039,,novatel_oem7_msgs.msg.InertialSolutionStatus(status=3),
1786043839147156012,1786043839.145086741,/novatel/oem7/fix,/novatel/oem7/fix,/novatel/oem7/inspva,39.663,-75.756,-1.800524119,0.002611075,0.000636039,-0.001522710,0.002121100,0.000636039,,0,
1786043839148734148,1786043839.145639347,/novatel/oem7/odom,/novatel/oem7/fix,/novatel/oem7/odom,39.663,-75.756,-1.800524119,0.002610167,0.000639753,0.002038891,-0.001629692,0.000639753,,,
1786043839157337742,1786043839.156151623,/novatel/oem7/odom,/novatel/oem7/fix,/novatel/oem7/odom,39.663,-75.756,-1.800524119,0.002610167,0.000639753,0.002038891,-0.001629692,0.000639753,,,
1786043839166396937,1786043839.165379160,/novatel/oem7/inspva,/novatel/oem7/inspva,/novatel/oem7/inspva,39.663,-75.756,-1.800523691,0.002531170,0.000686246,-0.001415041,0.002098685,0.000686246,,novatel_oem7_msgs.msg.InertialSolutionStatus(status=3),
1786043839168570939,1786043839.165705214,/novatel/oem7/fix,/novatel/oem7/fix,/novatel/oem7/inspva,39.663,-75.756,-1.800523691,0.002531170,0.000686246,-0.001415041,0.002098685,0.000686246,,0,
1786043839170171102,1786043839.166312477,/novatel/oem7/odom,/novatel/oem7/fix,/novatel/oem7/odom,39.663,-75.756,-1.800523691,0.002530098,0.000690187,0.002021743,-0.001521167,0.000690187,,,
1786043839175131226,1786043839.174348284,/novatel/oem7/odom,/novatel/oem7/fix,/novatel/oem7/odom,39.663,-75.756,-1.800523691,0.002530098,0.000690187,0.002021743,-0.001521167,0.000690187,,,
1786043839187168308,1786043839.186234339,/novatel/oem7/inspva,/novatel/oem7/inspva,/novatel/oem7/inspva,39.663,-75.756,-1.800522828,0.002520196,0.000678747,-0.001353199,0.002126086,0.000678747,,novatel_oem7_msgs.msg.InertialSolutionStatus(status=3),
1786043839189051330,1786043839.186499027,/novatel/oem7/fix,/novatel/oem7/fix,/novatel/oem7/inspva,39.663,-75.756,-1.800522828,0.002520196,0.000678747,-0.001353199,0.002126086,0.000678747,,0,
1786043839190365550,1786043839.187084077,/novatel/oem7/odom,/novatel/oem7/fix,/novatel/oem7/odom,39.663,-75.756,-1.800522828,0.002519056,0.000682966,0.002052269,-0.001460766,0.000682966,,,
1786043839195211420,1786043839.194446368,/novatel/oem7/odom,/novatel/oem7/fix,/novatel/oem7/odom,39.663,-75.756,-1.800522828,0.002519056,0.000682966,0.002052269,-0.001460766,0.000682966,,,
1786043839207261085,1786043839.206586535,/novatel/oem7/inspva,/novatel/oem7/inspva,/novatel/oem7/inspva,39.663,-75.756,-1.800523201,0.002527904,0.000533880,-0.001445969,0.002073518,0.000533880,,novatel_oem7_msgs.msg.InertialSolutionStatus(status=3),
1786043839208750580,1786043839.206788840,/novatel/oem7/fix,/novatel/oem7/fix,/novatel/oem7/inspva,39.663,-75.756,-1.800523201,0.002527904,0.000533880,-0.001445969,0.002073518,0.000533880,,0,
1786043839209955639,1786043839.207303145,/novatel/oem7/odom,/novatel/oem7/fix,/novatel/oem7/odom,39.663,-75.756,-1.800523201,0.002527105,0.000537651,0.001995629,-0.001550396,0.000537651,,,
1786043839211699837,1786043839.210214598,/novatel/oem7/bestpos,/novatel/oem7/bestpos,/novatel/oem7/odom,39.663,-75.756,33.181721075,0.002527105,0.000537651,0.001995629,-0.001550396,0.000537651,,novatel_oem7_msgs.msg.SolutionStatus(status=0),novatel_oem7_msgs.msg.PositionOrVelocityType(type=53)
1786043839212781518,1786043839.210664510,/novatel/oem7/bestvel,/novatel/oem7/bestpos,/novatel/oem7/bestvel,39.663,-75.756,33.181721075,0.002465574,0.000518831,,,,124.269283918,novatel_oem7_msgs.msg.SolutionStatus(status=0),novatel_oem7_msgs.msg.PositionOrVelocityType(type=53)
1786043839216483215,1786043839.215677740,/novatel/oem7/odom,/novatel/oem7/bestpos,/novatel/oem7/odom,39.663,-75.756,33.181721075,0.002527105,0.000537651,0.001995629,-0.001550396,0.000537651,,,
1786043839226113933,1786043839.225161390,/novatel/oem7/inspva,/novatel/oem7/inspva,/novatel/oem7/inspva,39.663,-75.756,-1.800521832,0.002321818,0.000800297,-0.001163830,0.002009064,0.000800297,,novatel_oem7_msgs.msg.InertialSolutionStatus(status=3),
1786043839228247561,1786043839.225552670,/novatel/oem7/fix,/novatel/oem7/fix,/novatel/oem7/inspva,39.663,-75.756,-1.800521832,0.002321818,0.000800297,-0.001163830,0.002009064,0.000800297,,0,
1786043839229949882,1786043839.226148276,/novatel/oem7/odom,/novatel/oem7/fix,/novatel/oem7/odom,39.663,-75.756,-1.800521832,0.002320327,0.000804609,0.001944476,-0.001266069,0.000804609,,,
1786043839235574782,1786043839.234574369,/novatel/oem7/odom,/novatel/oem7/fix,/novatel/oem7/odom,39.663,-75.756,-1.800521832,0.002320327,0.000804609,0.001944476,-0.001266069,0.000804609,,,
1786043839247777883,1786043839.246734892,/novatel/oem7/inspva,/novatel/oem7/inspva,/novatel/oem7/inspva,39.663,-75.756,-1.800524657,0.002750879,0.000625371,-0.001152897,0.002497631,0.000625371,,novatel_oem7_msgs.msg.InertialSolutionStatus(status=3),
1786043839249727359,1786043839.247051325,/novatel/oem7/fix,/novatel/oem7/fix,/novatel/oem7/inspva,39.663,-75.756,-1.800524657,0.002750879,0.000625371,-0.001152897,0.002497631,0.000625371,,0,
1786043839251077142,1786043839.247480496,/novatel/oem7/odom,/novatel/oem7/fix,/novatel/oem7/odom,39.663,-75.756,-1.800524657,0.002749456,0.000631598,0.002433648,-0.001279399,0.000631598,,,
1786043839257999160,1786043839.256931303,/novatel/oem7/odom,/novatel/oem7/fix,/novatel/oem7/odom,39.663,-75.756,-1.800524657,0.002749456,0.000631598,0.002433648,-0.001279399,0.000631598,,,
1786043839266398932,1786043839.265130849,/novatel/oem7/inspva,/novatel/oem7/inspva,/novatel/oem7/inspva,39.663,-75.756,-1.800526202,0.002448608,0.000461369,-0.001181475,0.002144714,0.000461369,,novatel_oem7_msgs.msg.InertialSolutionStatus(status=3),
1786043839268430955,1786043839.265415795,/novatel/oem7/fix,/novatel/oem7/fix,/novatel/oem7/inspva,39.663,-75.756,-1.800526202,0.002448608,0.000461369,-0.001181475,0.002144714,0.000461369,,0,
1786043839269910937,1786043839.266016561,/novatel/oem7/odom,/novatel/oem7/fix,/novatel/oem7/odom,39.663,-75.756,-1.800526202,0.002447698,0.000466169,0.002080392,-0.001289649,0.000466169,,,
1786043839276704599,1786043839.275693517,/novatel/oem7/odom,/novatel/oem7/fix,/novatel/oem7/odom,39.663,-75.756,-1.800526202,0.002447698,0.000466169,0.002080392,-0.001289649,0.000466169,,,
1786043839286059504,1786043839.285397997,/novatel/oem7/inspva,/novatel/oem7/inspva,/novatel/oem7/inspva,39.663,-75.756,-1.800524598,0.002297972,0.000661678,-0.001058130,0.002039862,0.000661678,,novatel_oem7_msgs.msg.InertialSolutionStatus(status=3),
1786043839287601907,1786043839.285613160,/novatel/oem7/fix,/novatel/oem7/fix,/novatel/oem7/inspva,39.663,-75.756,-1.800524598,0.002297972,0.000661678,-0.001058130,0.002039862,0.000661678,,0,
1786043839288745691,1786043839.286368704,/novatel/oem7/odom,/novatel/oem7/fix,/novatel/oem7/odom,39.663,-75.756,-1.800524598,0.002296607,0.000666401,0.001981116,-0.001161715,0.000666401,,,
1786043839296341175,1786043839.294967521,/novatel/oem7/odom,/novatel/oem7/fix,/novatel/oem7/odom,39.663,-75.756,-1.800524598,0.002296607,0.000666401,0.001981116,-0.001161715,0.000666401,,,
1786043839307196765,1786043839.306255436,/novatel/oem7/inspva,/novatel/oem7/inspva,/novatel/oem7/inspva,39.663,-75.756,-1.800525045,0.002293833,0.000667703,-0.001115802,0.002004160,0.000667703,,novatel_oem7_msgs.msg.InertialSolutionStatus(status=3),
1786043839309090225,1786043839.306580742,/novatel/oem7/fix,/novatel/oem7/fix,/novatel/oem7/inspva,39.663,-75.756,-1.800525045,0.002293833,0.000667703,-0.001115802,0.002004160,0.000667703,,0,
1786043839310554653,1786043839.307173201,/novatel/oem7/odom,/novatel/oem7/fix,/novatel/oem7/odom,39.663,-75.756,-1.800525045,0.002292536,0.000672145,0.001942508,-0.001217532,0.000672145,,,
1786043839312636144,1786043839.309236456,/novatel/oem7/bestpos,/novatel/oem7/bestpos,/novatel/oem7/odom,39.663,-75.756,33.181724415,0.002292536,0.000672145,0.001942508,-0.001217532,0.000672145,,novatel_oem7_msgs.msg.SolutionStatus(status=0),novatel_oem7_msgs.msg.PositionOrVelocityType(type=53)
1786043839313980404,1786043839.309676171,/novatel/oem7/bestvel,/novatel/oem7/bestpos,/novatel/oem7/bestvel,39.663,-75.756,33.181724415,0.002109342,0.000917787,,,,126.875758461,novatel_oem7_msgs.msg.SolutionStatus(status=0),novatel_oem7_msgs.msg.PositionOrVelocityType(type=53)
1786043839315964591,1786043839.314773188,/novatel/oem7/odom,/novatel/oem7/bestpos,/novatel/oem7/odom,39.663,-75.756,33.181724415,0.002292536,0.000672145,0.001942508,-0.001217532,0.000672145,,,
1786043839326661393,1786043839.325373976,/novatel/oem7/inspva,/novatel/oem7/inspva,/novatel/oem7/inspva,39.663,-75.756,-1.800523173,0.002088302,0.000777050,-0.000877759,0.001894873,0.000777050,,novatel_oem7_msgs.msg.InertialSolutionStatus(status=3),
1786043839328470327,1786043839.325681916,/novatel/oem7/fix,/novatel/oem7/fix,/novatel/oem7/inspva,39.663,-75.756,-1.800523173,0.002088302,0.000777050,-0.000877759,0.001894873,0.000777050,,0,
1786043839329701347,1786043839.326364946,/novatel/oem7/odom,/novatel/oem7/fix,/novatel/oem7/odom,39.663,-75.756,-1.800523173,0.002086541,0.000781766,0.001844967,-0.000974551,0.000781766,,,
1786043839336321944,1786043839.335581036,/novatel/oem7/odom,/novatel/oem7/fix,/novatel/oem7/odom,39.663,-75.756,-1.800523173,0.002086541,0.000781766,0.001844967,-0.000974551,0.000781766,,,
1786043839346075003,1786043839.345155767,/novatel/oem7/inspva,/novatel/oem7/inspva,/novatel/oem7/inspva,39.663,-75.756,-1.800524171,0.002200032,0.000727417,-0.001053430,0.001931431,0.000727417,,novatel_oem7_msgs.msg.InertialSolutionStatus(status=3),
1786043839348151254,1786043839.345409749,/novatel/oem7/fix,/novatel/oem7/fix,/novatel/oem7/inspva,39.663,-75.756,-1.800524171,0.002200032,0.000727417,-0.001053430,0.001931431,0.000727417,,0,
1786043839349379859,1786043839.345955492,/novatel/oem7/odom,/novatel/oem7/fix,/novatel/oem7/odom,39.663,-75.756,-1.800524171,0.002198589,0.000731767,0.001872782,-0.001151730,0.000731767,,,
1786043839356852012,1786043839.355704450,/novatel/oem7/odom,/novatel/oem7/fix,/novatel/oem7/odom,39.663,-75.756,-1.800524171,0.002198589,0.000731767,0.001872782,-0.001151730,0.000731767,,,
1786043839367550364,1786043839.366655521,/novatel/oem7/inspva,/novatel/oem7/inspva,/novatel/oem7/inspva,39.663,-75.756,-1.800523885,0.002564415,0.000670824,-0.001233951,0.002248019,0.000670824,,novatel_oem7_msgs.msg.InertialSolutionStatus(status=3),
1786043839369489480,1786043839.366905734,/novatel/oem7/fix,/novatel/oem7/fix,/novatel/oem7/inspva,39.663,-75.756,-1.800523885,0.002564415,0.000670824,-0.001233951,0.002248019,0.000670824,,0,
1786043839370989589,1786043839.367502073,/novatel/oem7/odom,/novatel/oem7/fix,/novatel/oem7/odom,39.663,-75.756,-1.800523885,0.002563096,0.000675848,0.002180076,-0.001347861,0.000675848,,,
1786043839375857078,1786043839.374972173,/novatel/oem7/odom,/novatel/oem7/fix,/novatel/oem7/odom,39.663,-75.756,-1.800523885,0.002563096,0.000675848,0.002180076,-0.001347861,0.000675848,,,
1786043839385679174,1786043839.384967810,/novatel/oem7/inspva,/novatel/oem7/inspva,/novatel/oem7/inspva,39.663,-75.756,-1.800525317,0.002632473,0.000612889,-0.001237653,0.002323388,0.000612889,,novatel_oem7_msgs.msg.InertialSolutionStatus(status=3),
1786043839387203623,1786043839.385207750,/novatel/oem7/fix,/novatel/oem7/fix,/novatel/oem7/inspva,39.663,-75.756,-1.800525317,0.002632473,0.000612889,-0.001237653,0.002323388,0.000612889,,0,
1786043839388412475,1786043839.385687225,/novatel/oem7/odom,/novatel/oem7/fix,/novatel/oem7/odom,39.663,-75.756,-1.800525317,0.002631228,0.000618212,0.002255370,-0.001355238,0.000618212,,,
1786043839396175478,1786043839.395417726,/novatel/oem7/odom,/novatel/oem7/fix,/novatel/oem7/odom,39.663,-75.756,-1.800525317,0.002631228,0.000618212,0.002255370,-0.001355238,0.000618212,,,
1786043839407129482,1786043839.406443085,/novatel/oem7/inspva,/novatel/oem7/inspva,/novatel/oem7/inspva,39.663,-75.756,-1.800526730,0.002426674,0.000424991,-0.001311331,0.002041851,0.000424991,,novatel_oem7_msgs.msg.InertialSolutionStatus(status=3),
1786043839408698251,1786043839.406692927,/novatel/oem7/fix,/novatel/oem7/fix,/novatel/oem7/inspva,39.663,-75.756,-1.800526730,0.002426674,0.000424991,-0.001311331,0.002041851,0.000424991,,0,
1786043839409972378,1786043839.407273543,/novatel/oem7/odom,/novatel/oem7/fix,/novatel/oem7/odom,39.663,-75.756,-1.800526730,0.002425968,0.000429003,0.001971220,-0.001414075,0.000429003,,,
1786043839411854720,1786043839.409995898,/novatel/oem7/bestpos,/novatel/oem7/bestpos,/novatel/oem7/odom,39.663,-75.756,33.181721753,0.002425968,0.000429003,0.001971220,-0.001414075,0.000429003,,novatel_oem7_msgs.msg.SolutionStatus(status=0),novatel_oem7_msgs.msg.PositionOrVelocityType(type=53)
1786043839413089182,1786043839.410393435,/novatel/oem7/bestvel,/novatel/oem7/bestpos,/novatel/oem7/bestvel,39.663,-75.756,33.181721753,0.002233592,0.000525941,,,,125.314164281,novatel_oem7_msgs.msg.SolutionStatus(status=0),novatel_oem7_msgs.msg.PositionOrVelocityType(type=53)
1786043839416307282,1786043839.415205003,/novatel/oem7/odom,/novatel/oem7/bestpos,/novatel/oem7/odom,39.663,-75.756,33.181721753,0.002425968,0.000429003,0.001971220,-0.001414075,0.000429003,,,
1786043839426783284,1786043839.426048124,/novatel/oem7/inspva,/novatel/oem7/inspva,/novatel/oem7/inspva,39.663,-75.756,-1.800525747,0.002553133,0.000721050,-0.001319917,0.002185477,0.000721050,,novatel_oem7_msgs.msg.InertialSolutionStatus(status=3),
1786043839428611397,1786043839.426285933,/novatel/oem7/fix,/novatel/oem7/fix,/novatel/oem7/inspva,39.663,-75.756,-1.800525747,0.002553133,0.000721050,-0.001319917,0.002185477,0.000721050,,0,
1786043839430095672,1786043839.426747274,/novatel/oem7/odom,/novatel/oem7/fix,/novatel/oem7/odom,39.663,-75.756,-1.800525747,0.002551852,0.000725571,0.002113058,-0.001430711,0.000725571,,,
1786043839435125393,1786043839.434442696,/novatel/oem7/odom,/novatel/oem7/fix,/novatel/oem7/odom,39.663,-75.756,-1.800525747,0.002551852,0.000725571,0.002113058,-0.001430711,0.000725571,,,
1786043839446048610,1786043839.445108124,/novatel/oem7/inspva,/novatel/oem7/inspva,/novatel/oem7/inspva,39.663,-75.756,-1.800523329,0.002441109,0.000869406,-0.001348473,0.002034855,0.000869406,,novatel_oem7_msgs.msg.InertialSolutionStatus(status=3),
1786043839447922666,1786043839.445349190,/novatel/oem7/fix,/novatel/oem7/fix,/novatel/oem7/inspva,39.663,-75.756,-1.800523329,0.002441109,0.000869406,-0.001348473,0.002034855,0.000869406,,0,
1786043839449612060,1786043839.446029503,/novatel/oem7/odom,/novatel/oem7/fix,/novatel/oem7/odom,39.663,-75.756,-1.800523329,0.002439726,0.000873279,0.001960589,-0.001452018,0.000873279,,,
1786043839457290888,1786043839.456285930,/novatel/oem7/odom,/novatel/oem7/fix,/novatel/oem7/odom,39.663,-75.756,-1.800523329,0.002439726,0.000873279,0.001960589,-0.001452018,0.000873279,,,
1786043839465953682,1786043839.465070329,/novatel/oem7/inspva,/novatel/oem7/inspva,/novatel/oem7/inspva,39.663,-75.756,-1.800523361,0.002645945,0.000791214,-0.001365258,0.002266516,0.000791214,,novatel_oem7_msgs.msg.InertialSolutionStatus(status=3),
1786043839467706239,1786043839.465285272,/novatel/oem7/fix,/novatel/oem7/fix,/novatel/oem7/inspva,39.663,-75.756,-1.800523361,0.002645945,0.000791214,-0.001365258,0.002266516,0.000791214,,0,
1786043839469152161,1786043839.465978729,/novatel/oem7/odom,/novatel/oem7/fix,/novatel/oem7/odom,39.663,-75.756,-1.800523361,0.002644533,0.000795922,0.002191413,-0.001480291,0.000795922,,,
1786043839475118791,1786043839.474394834,/novatel/oem7/odom,/novatel/oem7/fix,/novatel/oem7/odom,39.663,-75.756,-1.800523361,0.002644533,0.000795922,0.002191413,-0.001480291,0.000795922,,,
1786043839487503054,1786043839.486560548,/novatel/oem7/inspva,/novatel/oem7/inspva,/novatel/oem7/inspva,39.663,-75.756,-1.800521697,0.002692187,0.000636826,-0.001521763,0.002220835,0.000636826,,novatel_oem7_msgs.msg.InertialSolutionStatus(status=3),
1786043839489264588,1786043839.486801137,/novatel/oem7/fix,/novatel/oem7/fix,/novatel/oem7/inspva,39.663,-75.756,-1.800521697,0.002692187,0.000636826,-0.001521763,0.002220835,0.000636826,,0,
1786043839490595571,1786043839.487466650,/novatel/oem7/odom,/novatel/oem7/fix,/novatel/oem7/odom,39.663,-75.756,-1.800521697,0.002691220,0.000640901,0.002138463,-0.001633904,0.000640901,,,
1786043839495412280,1786043839.494704267,/novatel/oem7/odom,/novatel/oem7/fix,/novatel/oem7/odom,39.663,-75.756,-1.800521697,0.002691220,0.000640901,0.002138463,-0.001633904,0.000640901,,,
1786043839506543687,1786043839.505885643,/novatel/oem7/inspva,/novatel/oem7/inspva,/novatel/oem7/inspva,39.663,-75.756,-1.800518895,0.002754201,0.000806673,-0.001475352,0.002325717,0.000806673,,novatel_oem7_msgs.msg.InertialSolutionStatus(status=3),
1786043839508048582,1786043839.506076012,/novatel/oem7/fix,/novatel/oem7/fix,/novatel/oem7/inspva,39.663,-75.756,-1.800518895,0.002754201,0.000806673,-0.001475352,0.002325717,0.000806673,,0,
1786043839509193657,1786043839.506645858,/novatel/oem7/odom,/novatel/oem7/fix,/novatel/oem7/odom,39.663,-75.756,-1.800518895,0.002752851,0.000811269,0.002244886,-0.001593322,0.000811269,,,
1786043839511695255,1786043839.510983045,/novatel/oem7/bestpos,/novatel/oem7/bestpos,/novatel/oem7/odom,39.663,-75.756,33.181730295,0.002752851,0.000811269,0.002244886,-0.001593322,0.000811269,,novatel_oem7_msgs.msg.SolutionStatus(status=0),novatel_oem7_msgs.msg.PositionOrVelocityType(type=53)
1786043839513678306,1786043839.511398219,/novatel/oem7/bestvel,/novatel/oem7/bestpos,/novatel/oem7/bestvel,39.663,-75.756,33.181730295,0.002451666,0.001112098,,,,130.507631530,novatel_oem7_msgs.msg.SolutionStatus(status=0),novatel_oem7_msgs.msg.PositionOrVelocityType(type=53)
1786043839516673780,1786043839.515615962,/novatel/oem7/odom,/novatel/oem7/bestpos,/novatel/oem7/odom,39.663,-75.756,33.181730295,0.002752851,0.000811269,0.002244886,-0.001593322,0.000811269,,,
1786043839526111592,1786043839.525254237,/novatel/oem7/inspva,/novatel/oem7/inspva,/novatel/oem7/inspva,39.663,-75.756,-1.800517779,0.002902067,0.000623874,-0.001681905,0.002364992,0.000623874,,novatel_oem7_msgs.msg.InertialSolutionStatus(status=3),
1786043839527895150,1786043839.525482945,/novatel/oem7/fix,/novatel/oem7/fix,/novatel/oem7/inspva,39.663,-75.756,-1.800517779,0.002902067,0.000623874,-0.001681905,0.002364992,0.000623874,,0,
1786043839529397665,1786043839.526107145,/novatel/oem7/odom,/novatel/oem7/fix,/novatel/oem7/odom,39.663,-75.756,-1.800517779,0.002901168,0.000628041,0.002274373,-0.001801111,0.000628041,,,
1786043839535746926,1786043839.534927481,/novatel/oem7/odom,/novatel/oem7/fix,/novatel/oem7/odom,39.663,-75.756,-1.800517779,0.002901168,0.000628041,0.002274373,-0.001801111,0.000628041,,,
1786043839546954480,1786043839.546049528,/novatel/oem7/inspva,/novatel/oem7/inspva,/novatel/oem7/inspva,39.663,-75.756,-1.800515833,0.002578445,0.000763128,-0.001328586,0.002209805,0.000763128,,novatel_oem7_msgs.msg.InertialSolutionStatus(status=3),
1786043839549255153,1786043839.546282563,/novatel/oem7/fix,/novatel/oem7/fix,/novatel/oem7/inspva,39.663,-75.756,-1.800515833,0.002578445,0.000763128,-0.001328586,0.002209805,0.000763128,,0,
1786043839550606550,1786043839.546908243,/novatel/oem7/odom,/novatel/oem7/fix,/novatel/oem7/odom,39.663,-75.756,-1.800515833,0.002577087,0.000767702,0.002136705,-0.001440788,0.000767702,,,
1786043839556908878,1786043839.555917844,/novatel/oem7/odom,/novatel/oem7/fix,/novatel/oem7/odom,39.663,-75.756,-1.800515833,0.002577087,0.000767702,0.002136705,-0.001440788,0.000767702,,,
1786043839566021990,1786043839.565273216,/novatel/oem7/inspva,/novatel/oem7/inspva,/novatel/oem7/inspva,39.663,-75.756,-1.800514540,0.002530621,0.000522654,-0.001389937,0.002114738,0.000522654,,novatel_oem7_msgs.msg.InertialSolutionStatus(status=3),
1786043839568004403,1786043839.565506931,/novatel/oem7/fix,/novatel/oem7/fix,/novatel/oem7/inspva,39.663,-75.756,-1.800514540,0.002530621,0.000522654,-0.001389937,0.002114738,0.000522654,,0,
1786043839569635343,1786043839.566086804,/novatel/oem7/odom,/novatel/oem7/fix,/novatel/oem7/odom,39.663,-75.756,-1.800514540,0.002529774,0.000526734,0.002039602,-0.001496590,0.000526734,,,
1786043839576281070,1786043839.575413702,/novatel/oem7/odom,/novatel/oem7/fix,/novatel/oem7/odom,39.663,-75.756,-1.800514540,0.002529774,0.000526734,0.002039602,-0.001496590,0.000526734,,,
1786043839586444480,1786043839.585154641,/novatel/oem7/inspva,/novatel/oem7/inspva,/novatel/oem7/inspva,39.663,-75.756,-1.800509687,0.002659618,0.000747856,-0.001276598,0.002333209,0.000747856,,novatel_oem7_msgs.msg.InertialSolutionStatus(status=3),
1786043839588792264,1786043839.585413973,/novatel/oem7/fix,/novatel/oem7/fix,/novatel/oem7/inspva,39.663,-75.756,-1.800509687,0.002659618,0.000747856,-0.001276598,0.002333209,0.000747856,,0,
1786043839590400158,1786043839.585999109,/novatel/oem7/odom,/novatel/oem7/fix,/novatel/oem7/odom,39.663,-75.756,-1.800509687,0.002658147,0.000753067,0.002262638,-0.001395068,0.000753067,,,
1786043839595476229,1786043839.594354034,/novatel/oem7/odom,/novatel/oem7/fix,/novatel/oem7/odom,39.663,-75.756,-1.800509687,0.002658147,0.000753067,0.002262638,-0.001395068,0.000753067,,,
1786043839607156254,1786043839.606563138,/novatel/oem7/inspva,/novatel/oem7/inspva,/novatel/oem7/inspva,39.663,-75.756,-1.800507278,0.002585793,0.000561237,-0.001373480,0.002190862,0.000561237,,novatel_oem7_msgs.msg.InertialSolutionStatus(status=3),
1786043839608857388,1786043839.606732409,/novatel/oem7/fix,/novatel/oem7/fix,/novatel/oem7/inspva,39.663,-75.756,-1.800507278,0.002585793,0.000561237,-0.001373480,0.002190862,0.000561237,,0,
1786043839610137131,1786043839.607200638,/novatel/oem7/odom,/novatel/oem7/fix,/novatel/oem7/odom,39.663,-75.756,-1.800507278,0.002584838,0.000565617,0.002116323,-0.001484103,0.000565617,,,
1786043839611856731,1786043839.609791944,/novatel/oem7/bestpos,/novatel/oem7/bestpos,/novatel/oem7/odom,39.663,-75.756,33.181736984,0.002584838,0.000565617,0.002116323,-0.001484103,0.000565617,,novatel_oem7_msgs.msg.SolutionStatus(status=0),novatel_oem7_msgs.msg.PositionOrVelocityType(type=53)
1786043839613000047,1786043839.610222702,/novatel/oem7/bestvel,/novatel/oem7/bestpos,/novatel/oem7/bestvel,39.663,-75.756,33.181736984,0.002714246,0.000328667,,,,116.058618496,novatel_oem7_msgs.msg.SolutionStatus(status=0),novatel_oem7_msgs.msg.PositionOrVelocityType(type=53)
1786043839616071497,1786043839.615166679,/novatel/oem7/odom,/novatel/oem7/bestpos,/novatel/oem7/odom,39.663,-75.756,33.181736984,0.002584838,0.000565617,0.002116323,-0.001484103,0.000565617,,,
1786043839625813733,1786043839.625032939,/novatel/oem7/inspva,/novatel/oem7/inspva,/novatel/oem7/inspva,39.663,-75.756,-1.800507135,0.002664634,0.000306703,-0.001256528,0.002349768,0.000306703,,novatel_oem7_msgs.msg.InertialSolutionStatus(status=3),
1786043839627834090,1786043839.625198293,/novatel/oem7/fix,/novatel/oem7/fix,/novatel/oem7/inspva,39.663,-75.756,-1.800507135,0.002664634,0.000306703,-0.001256528,0.002349768,0.000306703,,0,
1786043839629383759,1786043839.625690359,/novatel/oem7/odom,/novatel/oem7/fix,/novatel/oem7/odom,39.663,-75.756,-1.800507135,0.002664014,0.000312036,0.002281939,-0.001374673,0.000312036,,,
1786043839636402070,1786043839.635581452,/novatel/oem7/odom,/novatel/oem7/fix,/novatel/oem7/odom,39.663,-75.756,-1.800507135,0.002664014,0.000312036,0.002281939,-0.001374673,0.000312036,,,
1786043839646411012,1786043839.645591040,/novatel/oem7/inspva,/novatel/oem7/inspva,/novatel/oem7/inspva,39.663,-75.756,-1.800501280,0.002151723,0.000764092,-0.001290458,0.001721811,0.000764092,,novatel_oem7_msgs.msg.InertialSolutionStatus(status=3),
1786043839648212320,1786043839.645774400,/novatel/oem7/fix,/novatel/oem7/fix,/novatel/oem7/inspva,39.663,-75.756,-1.800501280,0.002151723,0.000764092,-0.001290458,0.001721811,0.000764092,,0,
1786043839649662472,1786043839.646305504,/novatel/oem7/odom,/novatel/oem7/fix,/novatel/oem7/odom,39.663,-75.756,-1.800501280,0.002150712,0.000766934,0.001651250,-0.001378019,0.000766934,,,
1786043839657593842,1786043839.656629715,/novatel/oem7/odom,/novatel/oem7/fix,/novatel/oem7/odom,39.663,-75.756,-1.800501280,0.002150712,0.000766934,0.001651250,-0.001378019,0.000766934,,,
1786043839667301874,1786043839.666322711,/novatel/oem7/inspva,/novatel/oem7/inspva,/novatel/oem7/inspva,39.663,-75.756,-1.800505090,0.002479433,0.000267260,-0.001077618,0.002233009,0.000267260,,novatel_oem7_msgs.msg.InertialSolutionStatus(status=3),
1786043839669213913,1786043839.667378336,/novatel/oem7/fix,/novatel/oem7/fix,/novatel/oem7/inspva,39.663,-75.756,-1.800505090,0.002479433,0.000267260,-0.001077618,0.002233009,0.000267260,,0,
1786043839671476013,1786043839.668592280,/novatel/oem7/odom,/novatel/oem7/fix,/novatel/oem7/odom,39.663,-75.756,-1.800505090,0.002478844,0.000272670,0.002174537,-0.001189981,0.000272670,,,
1786043839675393832,1786043839.674705496,/novatel/oem7/odom,/novatel/oem7/fix,/novatel/oem7/odom,39.663,-75.756,-1.800505090,0.002478844,0.000272670,0.002174537,-0.001189981,0.000272670,,,
1786043839686112444,1786043839.685342628,/novatel/oem7/inspva,/novatel/oem7/inspva,/novatel/oem7/inspva,39.663,-75.756,-1.800501141,0.002060904,0.000351761,-0.000855593,0.001874910,0.000351761,,novatel_oem7_msgs.msg.InertialSolutionStatus(status=3),
1786043839687796405,1786043839.685558639,/novatel/oem7/fix,/novatel/oem7/fix,/novatel/oem7/inspva,39.663,-75.756,-1.800501141,0.002060904,0.000351761,-0.000855593,0.001874910,0.000351761,,0,
1786043839689007474,1786043839.686160479,/novatel/oem7/odom,/novatel/oem7/fix,/novatel/oem7/odom,39.663,-75.756,-1.800501141,0.002060098,0.000356453,0.001827796,-0.000950350,0.000356453,,,
1786043839696177990,1786043839.695483429,/novatel/oem7/odom,/novatel/oem7/fix,/novatel/oem7/odom,39.663,-75.756,-1.800501141,0.002060098,0.000356453,0.001827796,-0.000950350,0.000356453,,,
1786043839706318126,1786043839.705758757,/novatel/oem7/inspva,/novatel/oem7/inspva,/novatel/oem7/inspva,39.663,-75.756,-1.800499580,0.002221043,0.000252681,-0.000860913,0.002047403,0.000252681,,novatel_oem7_msgs.msg.InertialSolutionStatus(status=3),
1786043839707778258,1786043839.705858681,/novatel/oem7/fix,/novatel/oem7/fix,/novatel/oem7/inspva,39.663,-75.756,-1.800499580,0.002221043,0.000252681,-0.000860913,0.002047403,0.000252681,,0,
1786043839708897925,1786043839.706268672,/novatel/oem7/odom,/novatel/oem7/fix,/novatel/oem7/odom,39.663,-75.756,-1.800499580,0.002220432,0.000257998,0.002000195,-0.000964125,0.000257998,,,
1786043839710500982,1786043839.709001651,/novatel/oem7/bestpos,/novatel/oem7/bestpos,/novatel/oem7/odom,39.663,-75.756,33.181758675,0.002220432,0.000257998,0.002000195,-0.000964125,0.000257998,,novatel_oem7_msgs.msg.SolutionStatus(status=0),novatel_oem7_msgs.msg.PositionOrVelocityType(type=53)
1786043839711516602,1786043839.709468777,/novatel/oem7/bestvel,/novatel/oem7/bestpos,/novatel/oem7/bestvel,39.663,-75.756,33.181758675,0.002121130,0.000823319,,,,132.127629732,novatel_oem7_msgs.msg.SolutionStatus(status=0),novatel_oem7_msgs.msg.PositionOrVelocityType(type=53)
1786043839715239053,1786043839.714342591,/novatel/oem7/odom,/novatel/oem7/bestpos,/novatel/oem7/odom,39.663,-75.756,33.181758675,0.002220432,0.000257998,0.002000195,-0.000964125,0.000257998,,,
1786043839727233261,1786043839.726532014,/novatel/oem7/inspva,/novatel/oem7/inspva,/novatel/oem7/inspva,39.663,-75.756,-1.800493133,0.002068510,0.000753017,-0.000534577,0.001998239,0.000753017,,novatel_oem7_msgs.msg.InertialSolutionStatus(status=3),
1786043839729144858,1786043839.726652717,/novatel/oem7/fix,/novatel/oem7/fix,/novatel/oem7/inspva,39.663,-75.756,-1.800493133,0.002068510,0.000753017,-0.000534577,0.001998239,0.000753017,,0,
1786043839730654733,1786043839.727214941,/novatel/oem7/odom,/novatel/oem7/fix,/novatel/oem7/odom,39.663,-75.756,-1.800493133,0.002066282,0.000759107,0.001965613,-0.000637094,0.000759107,,,
1786043839735848302,1786043839.735154239,/novatel/oem7/odom,/novatel/oem7/fix,/novatel/oem7/odom,39.663,-75.756,-1.800493133,0.002066282,0.000759107,0.001965613,-0.000637094,0.000759107,,,
1786043839746087356,1786043839.745029789,/novatel/oem7/inspva,/novatel/oem7/inspva,/novatel/oem7/inspva,39.663,-75.756,-1.800496203,0.002037301,0.000297908,-0.000519861,0.001969857,0.000297908,,novatel_oem7_msgs.msg.InertialSolutionStatus(status=3),
1786043839748195004,1786043839.745329752,/novatel/oem7/fix,/novatel/oem7/fix,/novatel/oem7/inspva,39.663,-75.756,-1.800496203,0.002037301,0.000297908,-0.000519861,0.001969857,0.000297908,,0,
1786043839749877781,1786043839.746049542,/novatel/oem7/odom,/novatel/oem7/fix,/novatel/oem7/odom,39.663,-75.756,-1.800496203,0.002036410,0.000303934,0.001939820,-0.000619729,0.000303934,,,
1786043839756668614,1786043839.755715847,/novatel/oem7/odom,/novatel/oem7/fix,/novatel/oem7/odom,39.663,-75.756,-1.800496203,0.002036410,0.000303934,0.001939820,-0.000619729,0.000303934,,,
1786043839767332005,1786043839.766622755,/novatel/oem7/inspva,/novatel/oem7/inspva,/novatel/oem7/inspva,39.663,-75.756,-1.800493440,0.002182902,0.000364067,-0.000727345,0.002058162,0.000364067,,novatel_oem7_msgs.msg.InertialSolutionStatus(status=3),
1786043839768908174,1786043839.766894337,/novatel/oem7/fix,/novatel/oem7/fix,/novatel/oem7/inspva,39.663,-75.756,-1.800493440,0.002182902,0.000364067,-0.000727345,0.002058162,0.000364067,,0,
1786043839770058326,1786043839.767861503,/novatel/oem7/odom,/novatel/oem7/fix,/novatel/oem7/odom,39.663,-75.756,-1.800493440,0.002181936,0.000369811,0.002017240,-0.000831618,0.000369811,,,
1786043839776040996,1786043839.774855501,/novatel/oem7/odom,/novatel/oem7/fix,/novatel/oem7/odom,39.663,-75.756,-1.800493440,0.002181936,0.000369811,0.002017240,-0.000831618,0.000369811,,,
1786043839786744725,1786043839.786133552,/novatel/oem7/inspva,/novatel/oem7/inspva,/novatel/oem7/inspva,39.663,-75.756,-1.800491659,0.002238659,0.000475350,-0.000834815,0.002077180,0.000475350,,novatel_oem7_msgs.msg.InertialSolutionStatus(status=3),
1786043839788147999,1786043839.786317324,/novatel/oem7/fix,/novatel/oem7/fix,/novatel/oem7/inspva,39.663,-75.756,-1.800491659,0.002238659,0.000475350,-0.000834815,0.002077180,0.000475350,,0,
1786043839789275741,1786043839.786644013,/novatel/oem7/odom,/novatel/oem7/fix,/novatel/oem7/odom,39.663,-75.756,-1.800491659,0.002237485,0.000480849,0.002030353,-0.000940215,0.000480849,,,
1786043839795072306,1786043839.794584831,/novatel/oem7/odom,/novatel/oem7/fix,/novatel/oem7/odom,39.663,-75.756,-1.800491659,0.002237485,0.000480849,0.002030353,-0.000940215,0.000480849,,,
1786043839806751260,1786043839.806330977,/novatel/oem7/inspva,/novatel/oem7/inspva,/novatel/oem7/inspva,39.663,-75.756,-1.800490780,0.002273123,0.000223843,-0.000482731,0.002221275,0.000223843,,novatel_oem7_msgs.msg.InertialSolutionStatus(status=3),
1786043839807738474,1786043839.806544250,/novatel/oem7/fix,/novatel/oem7/fix,/novatel/oem7/inspva,39.663,-75.756,-1.800490780,0.002273123,0.000223843,-0.000482731,0.002221275,0.000223843,,0,
1786043839808229902,1786043839.806995577,/novatel/oem7/odom,/novatel/oem7/fix,/novatel/oem7/odom,39.663,-75.756,-1.800490780,0.002272415,0.000230925,0.002193080,-0.000595207,0.000230925,,,
1786043839810807158,1786043839.810401609,/novatel/oem7/bestpos,/novatel/oem7/bestpos,/novatel/oem7/odom,39.663,-75.756,33.181764354,0.002272415,0.000230925,0.002193080,-0.000595207,0.000230925,,novatel_oem7_msgs.msg.SolutionStatus(status=0),novatel_oem7_msgs.msg.PositionOrVelocityType(type=53)
1786043839812139406,1786043839.810849673,/novatel/oem7/bestvel,/novatel/oem7/bestpos,/novatel/oem7/bestvel,39.663,-75.756,33.181764354,0.002270445,0.000249187,,,,103.163092322,novatel_oem7_msgs.msg.SolutionStatus(status=0),novatel_oem7_msgs.msg.PositionOrVelocityType(type=53)
1786043839816397389,1786043839.815456943,/novatel/oem7/odom,/novatel/oem7/bestpos,/novatel/oem7/odom,39.663,-75.756,33.181764354,0.002272415,0.000230925,0.002193080,-0.000595207,0.000230925,,,
1786043839826556446,1786043839.825903802,/novatel/oem7/inspva,/novatel/oem7/inspva,/novatel/oem7/inspva,39.663,-75.756,-1.800487719,0.002030696,0.000325786,-0.000470098,0.001975534,0.000325786,,novatel_oem7_msgs.msg.InertialSolutionStatus(status=3),
1786043839827858489,1786043839.826114108,/novatel/oem7/fix,/novatel/oem7/fix,/novatel/oem7/inspva,39.663,-75.756,-1.800487719,0.002030696,0.000325786,-0.000470098,0.001975534,0.000325786,,0,
1786043839828564769,1786043839.826673454,/novatel/oem7/odom,/novatel/oem7/fix,/novatel/oem7/odom,39.663,-75.756,-1.800487719,0.002029696,0.000331960,0.001947891,-0.000570424,0.000331960,,,
1786043839835264027,1786043839.834433796,/novatel/oem7/odom,/novatel/oem7/fix,/novatel/oem7/odom,39.663,-75.756,-1.800487719,0.002029696,0.000331960,0.001947891,-0.000570424,0.000331960,,,
1786043839847575816,1786043839.846196925,/novatel/oem7/inspva,/novatel/oem7/inspva,/novatel/oem7/inspva,39.663,-75.756,-1.800482228,0.002155377,0.000781396,-0.000369419,0.002123483,0.000781396,,novatel_oem7_msgs.msg.InertialSolutionStatus(status=3),
1786043839850099251,1786043839.846475584,/novatel/oem7/fix,/novatel/oem7/fix,/novatel/oem7/inspva,39.663,-75.756,-1.800482228,0.002155377,0.000781396,-0.000369419,0.002123483,0.000781396,,0,
1786043839851845939,1786043839.847061357,/novatel/oem7/odom,/novatel/oem7/fix,/novatel/oem7/odom,39.663,-75.756,-1.800482228,0.002152803,0.000788461,0.002098923,-0.000478624,0.000788461,,,
1786043839858869383,1786043839.856391894,/novatel/oem7/odom,/novatel/oem7/fix,/novatel/oem7/odom,39.663,-75.756,-1.800482228,0.002152803,0.000788461,0.002098923,-0.000478624,0.000788461,,,
1786043839866604512,1786043839.864920395,/novatel/oem7/inspva,/novatel/oem7/inspva,/novatel/oem7/inspva,39.663,-75.756,-1.800483188,0.002162686,0.000417859,-0.000661903,0.002058907,0.000417859,,novatel_oem7_msgs.msg.InertialSolutionStatus(status=3),
1786043839868520704,1786043839.865125287,/novatel/oem7/fix,/novatel/oem7/fix,/novatel/oem7/inspva,39.663,-75.756,-1.800483188,0.002162686,0.000417859,-0.000661903,0.002058907,0.000417859,,0,
1786043839869822061,1786043839.865620489,/novatel/oem7/odom,/novatel/oem7/fix,/novatel/oem7/odom,39.663,-75.756,-1.800483188,0.002161530,0.000423800,0.002021064,-0.000766492,0.000423800,,,
1786043839876577626,1786043839.875473417,/novatel/oem7/odom,/novatel/oem7/fix,/novatel/oem7/odom,39.663,-75.756,-1.800483188,0.002161530,0.000423800,0.002021064,-0.000766492,0.000423800,,,
1786043839887544057,1786043839.886497243,/novatel/oem7/inspva,/novatel/oem7/inspva,/novatel/oem7/inspva,39.663,-75.756,-1.800481229,0.002214883,0.000272388,-0.000196901,0.002206114,0.000272388,,novatel_oem7_msgs.msg.InertialSolutionStatus(status=3),
1786043839889774404,1786043839.886787299,/novatel/oem7/fix,/novatel/oem7/fix,/novatel/oem7/inspva,39.663,-75.756,-1.800481229,0.002214883,0.000272388,-0.000196901,0.002206114,0.000272388,,0,
1786043839891365060,1786043839.887277351,/novatel/oem7/odom,/novatel/oem7/fix,/novatel/oem7/odom,39.663,-75.756,-1.800481229,0.002213903,0.000280243,0.002192213,-0.000309145,0.000280243,,,
1786043839895578739,1786043839.894612631,/novatel/oem7/odom,/novatel/oem7/fix,/novatel/oem7/odom,39.663,-75.756,-1.800481229,0.002213903,0.000280243,0.002192213,-0.000309145,0.000280243,,,
1786043839906879493,1786043839.905778456,/novatel/oem7/inspva,/novatel/oem7/inspva,/novatel/oem7/inspva,39.663,-75.756,-1.800481888,0.002137018,0.000131417,-0.000726673,0.002009675,0.000131417,,novatel_oem7_msgs.msg.InertialSolutionStatus(status=3),
1786043839908822503,1786043839.906048519,/novatel/oem7/fix,/novatel/oem7/fix,/novatel/oem7/inspva,39.663,-75.756,-1.800481888,0.002137018,0.000131417,-0.000726673,0.002009675,0.000131417,,0,
1786043839910698709,1786043839.906406879,/novatel/oem7/odom,/novatel/oem7/fix,/novatel/oem7/odom,39.663,-75.756,-1.800481888,0.002136669,0.000136984,0.001969752,-0.000827907,0.000136984,,,
1786043839912403569,1786043839.908885434,/novatel/oem7/bestpos,/novatel/oem7/bestpos,/novatel/oem7/odom,39.663,-75.756,33.181771574,0.002136669,0.000136984,0.001969752,-0.000827907,0.000136984,,novatel_oem7_msgs.msg.SolutionStatus(status=0),novatel_oem7_msgs.msg.PositionOrVelocityType(type=53)
1786043839913484330,1786043839.909241428,/novatel/oem7/bestvel,/novatel/oem7/bestpos,/novatel/oem7/bestvel,39.663,-75.756,33.181771574,0.002429973,0.000366860,,,,120.001956923,novatel_oem7_msgs.msg.SolutionStatus(status=0),novatel_oem7_msgs.msg.PositionOrVelocityType(type=53)
1786043839916237668,1786043839.915442940,/novatel/oem7/odom,/novatel/oem7/bestpos,/novatel/oem7/odom,39.663,-75.756,33.181771574,0.002136669,0.000136984,0.001969752,-0.000827907,0.000136984,,,
1786043839926162926,1786043839.925218087,/novatel/oem7/inspva,/novatel/oem7/inspva,/novatel/oem7/inspva,39.663,-75.756,-1.800477438,0.002048332,0.000559450,-0.000091867,0.002046271,0.000559450,,novatel_oem7_msgs.msg.InertialSolutionStatus(status=3),
1786043839927750539,1786043839.925363856,/novatel/oem7/fix,/novatel/oem7/fix,/novatel/oem7/inspva,39.663,-75.756,-1.800477438,0.002048332,0.000559450,-0.000091867,0.002046271,0.000559450,,0,
1786043839928923117,1786043839.925832262,/novatel/oem7/odom,/novatel/oem7/fix,/novatel/oem7/odom,39.663,-75.756,-1.800477438,0.002046253,0.000567007,0.002036753,-0.000196946,0.000567007,,,
1786043839935495677,1786043839.934675649,/novatel/oem7/odom,/novatel/oem7/fix,/novatel/oem7/odom,39.663,-75.756,-1.800477438,0.002046253,0.000567007,0.002036753,-0.000196946,0.000567007,,,
1786043839946917006,1786043839.945989910,/novatel/oem7/inspva,/novatel/oem7/inspva,/novatel/oem7/inspva,39.663,-75.756,-1.800479867,0.001746318,0.000358466,-0.000462260,0.001684026,0.000358466,,novatel_oem7_msgs.msg.InertialSolutionStatus(status=3),
1786043839948971520,1786043839.946228639,/novatel/oem7/fix,/novatel/oem7/fix,/novatel/oem7/inspva,39.663,-75.756,-1.800479867,0.001746318,0.000358466,-0.000462260,0.001684026,0.000358466,,0,
1786043839950713991,1786043839.946845614,/novatel/oem7/odom,/novatel/oem7/fix,/novatel/oem7/odom,39.663,-75.756,-1.800479867,0.001745265,0.000363556,0.001657013,-0.000547958,0.000363556,,,
1786043839956713435,1786043839.955594824,/novatel/oem7/odom,/novatel/oem7/fix,/novatel/oem7/odom,39.663,-75.756,-1.800479867,0.001745265,0.000363556,0.001657013,-0.000547958,0.000363556,,,
1786043839965892106,1786043839.964998440,/novatel/oem7/inspva,/novatel/oem7/inspva,/novatel/oem7/inspva,39.663,-75.756,-1.800479482,0.002065454,0.000229295,-0.000175068,0.002058021,0.000229295,,novatel_oem7_msgs.msg.InertialSolutionStatus(status=3),
1786043839968025473,1786043839.965173226,/novatel/oem7/fix,/novatel/oem7/fix,/novatel/oem7/inspva,39.663,-75.756,-1.800479482,0.002065454,0.000229295,-0.000175068,0.002058021,0.000229295,,0,
1786043839969351434,1786043839.965727004,/novatel/oem7/odom,/novatel/oem7/fix,/novatel/oem7/odom,39.663,-75.756,-1.800479482,0.002064623,0.000236664,0.002045584,-0.000279735,0.000236664,,,
1786043839975994508,1786043839.974872253,/novatel/oem7/odom,/novatel/oem7/fix,/novatel/oem7/odom,39.663,-75.756,-1.800479482,0.002064623,0.000236664,0.002045584,-0.000279735,0.000236664,,,
1786043839985715156,1786043839.984888454,/novatel/oem7/inspva,/novatel/oem7/inspva,/novatel/oem7/inspva,39.663,-75.756,-1.800478909,0.001897575,0.000583335,-0.000276837,0.001877272,0.000583335,,novatel_oem7_msgs.msg.InertialSolutionStatus(status=3),
1786043839987222472,1786043839.985036083,/novatel/oem7/fix,/novatel/oem7/fix,/novatel/oem7/inspva,39.663,-75.756,-1.800478909,0.001897575,0.000583335,-0.000276837,0.001877272,0.000583335,,0,
1786043839988377660,1786043839.985559391,/novatel/oem7/odom,/novatel/oem7/fix,/novatel/oem7/odom,39.663,-75.756,-1.800478909,0.001895599,0.000589724,0.001858503,-0.000373178,0.000589724,,,
1786043839995215403,1786043839.994330180,/novatel/oem7/odom,/novatel/oem7/fix,/novatel/oem7/odom,39.663,-75.756,-1.800478909,0.001895599,0.000589724,0.001858503,-0.000373178,0.000589724,,,
1786043840009307642,1786043840.008366596,/novatel/oem7/inspva,/novatel/oem7/inspva,/novatel/oem7/inspva,39.663,-75.756,-1.800481308,0.002126413,-0.000015535,-0.000237252,0.002113136,-0.000015535,,novatel_oem7_msgs.msg.InertialSolutionStatus(status=3),
1786043840011025249,1786043840.008639009,/novatel/oem7/fix,/novatel/oem7/fix,/novatel/oem7/inspva,39.663,-75.756,-1.800481308,0.002126413,-0.000015535,-0.000237252,0.002113136,-0.000015535,,0,
1786043840012276156,1786043840.009768441,/novatel/oem7/odom,/novatel/oem7/fix,/novatel/oem7/odom,39.663,-75.756,-1.800481308,0.002126455,-0.000008147,0.002098451,-0.000343966,-0.000008147,,,
1786043840016739561,1786043840.015891593,/novatel/oem7/odom,/novatel/oem7/fix,/novatel/oem7/odom,39.663,-75.756,-1.800481308,0.002126455,-0.000008147,0.002098451,-0.000343966,-0.000008147,,,
1786043840025662028,1786043840.024809986,/novatel/oem7/bestpos,/novatel/oem7/bestpos,/novatel/oem7/odom,39.663,-75.756,33.181773392,0.002126455,-0.000008147,0.002098451,-0.000343966,-0.000008147,,novatel_oem7_msgs.msg.SolutionStatus(status=0),novatel_oem7_msgs.msg.PositionOrVelocityType(type=53)
1786043840027643935,1786043840.025562642,/novatel/oem7/bestvel,/novatel/oem7/bestpos,/novatel/oem7/bestvel,39.663,-75.756,33.181773392,0.001906275,0.000172806,,,,100.569564061,novatel_oem7_msgs.msg.SolutionStatus(status=0),novatel_oem7_msgs.msg.PositionOrVelocityType(type=53)
1786043840029251488,1786043840.027040911,/novatel/oem7/inspva,/novatel/oem7/inspva,/novatel/oem7/inspva,39.663,-75.756,-1.800478023,0.001734701,0.000371237,-0.000239904,0.001718032,0.000371237,,novatel_oem7_msgs.msg.InertialSolutionStatus(status=3),
1786043840030241598,1786043840.027214980,/novatel/oem7/fix,/novatel/oem7/fix,/novatel/oem7/inspva,39.663,-75.756,-1.800478023,0.001734701,0.000371237,-0.000239904,0.001718032,0.000371237,,0,
1786043840031481481,1786043840.027520887,/novatel/oem7/odom,/novatel/oem7/fix,/novatel/oem7/odom,39.663,-75.756,-1.800478023,0.001733431,0.000377124,0.001702180,-0.000327668,0.000377124,,,
1786043840036265895,1786043840.035394207,/novatel/oem7/odom,/novatel/oem7/fix,/novatel/oem7/odom,39.663,-75.756,-1.800478023,0.001733431,0.000377124,0.001702180,-0.000327668,0.000377124,,,
1786043840046311981,1786043840.045310544,/novatel/oem7/inspva,/novatel/oem7/inspva,/novatel/oem7/inspva,39.663,-75.756,-1.800483007,0.001746942,0.000270536,-0.000111592,0.001743374,0.000270536,,novatel_oem7_msgs.msg.InertialSolutionStatus(status=3),
1786043840048594134,1786043840.045512781,/novatel/oem7/fix,/novatel/oem7/fix,/novatel/oem7/inspva,39.663,-75.756,-1.800483007,0.001746942,0.000270536,-0.000111592,0.001743374,0.000270536,,0,
1786043840050287145,1786043840.046574484,/novatel/oem7/odom,/novatel/oem7/fix,/novatel/oem7/odom,39.663,-75.756,-1.800483007,0.001745945,0.000276895,0.001734390,-0.000200543,0.000276895,,,
1786043840057328179,1786043840.056209202,/novatel/oem7/odom,/novatel/oem7/fix,/novatel/oem7/odom,39.663,-75.756,-1.800483007,0.001745945,0.000276895,0.001734390,-0.000200543,0.000276895,,,
1786043840066800545,1786043840.065953532,/novatel/oem7/inspva,/novatel/oem7/inspva,/novatel/oem7/inspva,39.663,-75.756,-1.800486164,0.001560982,0.000594661,-0.000252843,0.001540369,0.000594661,,novatel_oem7_msgs.msg.InertialSolutionStatus(status=3),
1786043840068392678,1786043840.066087243,/novatel/oem7/fix,/novatel/oem7/fix,/novatel/oem7/inspva,39.663,-75.756,-1.800486164,0.001560982,0.000594661,-0.000252843,0.001540369,0.000594661,,0,
1786043840069673411,1786043840.066552576,/novatel/oem7/odom,/novatel/oem7/fix,/novatel/oem7/odom,39.663,-75.756,-1.800486164,0.001559002,0.000599834,0.001523195,-0.000332210,0.000599834,,,
1786043840076183397,1786043840.075033212,/novatel/oem7/odom,/novatel/oem7/fix,/novatel/oem7/odom,39.663,-75.756,-1.800486164,0.001559002,0.000599834,0.001523195,-0.000332210,0.000599834,,,
1786043840085915849,1786043840.085082758,/novatel/oem7/inspva,/novatel/oem7/inspva,/novatel/oem7/inspva,39.663,-75.756,-1.800492700,0.001673374,0.000073868,-0.000085099,0.001671209,0.000073868,,novatel_oem7_msgs.msg.InertialSolutionStatus(status=3),
1786043840087447748,1786043840.085327438,/novatel/oem7/fix,/novatel/oem7/fix,/novatel/oem7/inspva,39.663,-75.756,-1.800492700,0.001673374,0.000073868,-0.000085099,0.001671209,0.000073868,,0,
1786043840088621746,1786043840.085723434,/novatel/oem7/odom,/novatel/oem7/fix,/novatel/oem7/odom,39.663,-75.756,-1.800492700,0.001673091,0.000080024,0.001664443,-0.000169895,0.000080024,,,
1786043840096219530,1786043840.095227339,/novatel/oem7/odom,/novatel/oem7/fix,/novatel/oem7/odom,39.663,-75.756,-1.800492700,0.001673091,0.000080024,0.001664443,-0.000169895,0.000080024,,,
1786043840106633323,1786043840.105797971,/novatel/oem7/inspva,/novatel/oem7/inspva,/novatel/oem7/inspva,39.663,-75.756,-1.800495209,0.001496490,0.000352955,-0.000186809,0.001484784,0.000352955,,novatel_oem7_msgs.msg.InertialSolutionStatus(status=3),
1786043840108200125,1786043840.106041503,/novatel/oem7/fix,/novatel/oem7/fix,/novatel/oem7/inspva,39.663,-75.756,-1.800495209,0.001496490,0.000352955,-0.000186809,0.001484784,0.000352955,,0,
1786043840109354901,1786043840.106591216,/novatel/oem7/odom,/novatel/oem7/fix,/novatel/oem7/odom,39.663,-75.756,-1.800495209,0.001495266,0.000358106,0.001471992,-0.000262789,0.000358106,,,
1786043840111294690,1786043840.109492472,/novatel/oem7/bestpos,/novatel/oem7/bestpos,/novatel/oem7/odom,39.663,-75.756,33.181764644,0.001495266,0.000358106,0.001471992,-0.000262789,0.000358106,,novatel_oem7_msgs.msg.SolutionStatus(status=0),novatel_oem7_msgs.msg.PositionOrVelocityType(type=53)
1786043840112371197,1786043840.110268842,/novatel/oem7/bestvel,/novatel/oem7/bestpos,/novatel/oem7/bestvel,39.663,-75.756,33.181764644,0.001840044,0.000381235,,,,105.457693246,novatel_oem7_msgs.msg.SolutionStatus(status=0),novatel_oem7_msgs.msg.PositionOrVelocityType(type=53)
1786043840115194340,1786043840.114365431,/novatel/oem7/odom,/novatel/oem7/bestpos,/novatel/oem7/odom,39.663,-75.756,33.181764644,0.001495266,0.000358106,0.001471992,-0.000262789,0.000358106,,,
1786043840127395237,1786043840.126459019,/novatel/oem7/inspva,/novatel/oem7/inspva,/novatel/oem7/inspva,39.663,-75.756,-1.800497096,0.001753417,0.000437761,-0.000418124,0.001702834,0.000437761,,novatel_oem7_msgs.msg.InertialSolutionStatus(status=3),
1786043840129236869,1786043840.126635222,/novatel/oem7/fix,/novatel/oem7/fix,/novatel/oem7/inspva,39.663,-75.756,-1.800497096,0.001753417,0.000437761,-0.000418124,0.001702834,0.000437761,,0,
1786043840130487968,1786043840.127170516,/novatel/oem7/odom,/novatel/oem7/fix,/novatel/oem7/odom,39.663,-75.756,-1.800497096,0.001752085,0.000443061,0.001677704,-0.000505087,0.000443061,,,
1786043840135555346,1786043840.134763626,/novatel/oem7/odom,/novatel/oem7/fix,/novatel/oem7/odom,39.663,-75.756,-1.800497096,0.001752085,0.000443061,0.001677704,-0.000505087,0.000443061,,,
1786043840145926655,1786043840.145039906,/novatel/oem7/inspva,/novatel/oem7/inspva,/novatel/oem7/inspva,39.663,-75.756,-1.800501352,0.001579733,0.000450565,-0.000277921,0.001555094,0.000450565,,novatel_oem7_msgs.msg.InertialSolutionStatus(status=3),
1786043840147839681,1786043840.145473970,/novatel/oem7/fix,/novatel/oem7/fix,/novatel/oem7/inspva,39.663,-75.756,-1.800501352,0.001579733,0.000450565,-0.000277921,0.001555094,0.000450565,,0,
1786043840149365793,1786043840.145855315,/novatel/oem7/odom,/novatel/oem7/fix,/novatel/oem7/odom,39.663,-75.756,-1.800501352,0.001578255,0.000455716,0.001537204,-0.000357619,0.000455716,,,
1786043840157026710,1786043840.156114701,/novatel/oem7/odom,/novatel/oem7/fix,/novatel/oem7/odom,39.663,-75.756,-1.800501352,0.001578255,0.000455716,0.001537204,-0.000357619,0.000455716,,,
1786043840166206593,1786043840.165188187,/novatel/oem7/inspva,/novatel/oem7/inspva,/novatel/oem7/inspva,39.663,-75.756,-1.800504446,0.001454137,0.000202498,-0.000169041,0.001444278,0.000202498,,novatel_oem7_msgs.msg.InertialSolutionStatus(status=3),
1786043840170096684,1786043840.165500860,/novatel/oem7/fix,/novatel/oem7/fix,/novatel/oem7/inspva,39.663,-75.756,-1.800504446,0.001454137,0.000202498,-0.000169041,0.001444278,0.000202498,,0,
1786043840171225636,1786043840.166073989,/novatel/oem7/odom,/novatel/oem7/fix,/novatel/oem7/odom,39.663,-75.756,-1.800504446,0.001453426,0.000207538,0.001433039,-0.000242586,0.000207538,,,
1786043840175581455,1786043840.174907562,/novatel/oem7/odom,/novatel/oem7/fix,/novatel/oem7/odom,39.663,-75.756,-1.800504446,0.001453426,0.000207538,0.001433039,-0.000242586,0.000207538,,,
1786043840185842000,1786043840.185324312,/novatel/oem7/inspva,/novatel/oem7/inspva,/novatel/oem7/inspva,39.663,-75.756,-1.800509186,0.001497352,0.000188868,-0.000105973,0.001493597,0.000188868,,novatel_oem7_msgs.msg.InertialSolutionStatus(status=3),
1786043840187215037,1786043840.185435329,/novatel/oem7/fix,/novatel/oem7/fix,/novatel/oem7/inspva,39.663,-75.756,-1.800509186,0.001497352,0.000188868,-0.000105973,0.001493597,0.000188868,,0,
1786043840188376268,1786043840.185907693,/novatel/oem7/odom,/novatel/oem7/fix,/novatel/oem7/odom,39.663,-75.756,-1.800509186,0.001496658,0.000194290,0.001485544,-0.000182055,0.000194290,,,
1786043840195954035,1786043840.194480671,/novatel/oem7/odom,/novatel/oem7/fix,/novatel/oem7/odom,39.663,-75.756,-1.800509186,0.001496658,0.000194290,0.001485544,-0.000182055,0.000194290,,,
1786043840206336524,1786043840.205780188,/novatel/oem7/inspva,/novatel/oem7/inspva,/novatel/oem7/inspva,39.663,-75.756,-1.800510106,0.001172524,0.000448616,0.000113004,0.001167065,0.000448616,,novatel_oem7_msgs.msg.InertialSolutionStatus(status=3),
1786043840207709294,1786043840.205899652,/novatel/oem7/fix,/novatel/oem7/fix,/novatel/oem7/inspva,39.663,-75.756,-1.800510106,0.001172524,0.000448616,0.000113004,0.001167065,0.000448616,,0,
1786043840208778065,1786043840.206848166,/novatel/oem7/odom,/novatel/oem7/fix,/novatel/oem7/odom,39.663,-75.756,-1.800510106,0.001170676,0.000453415,0.001169499,0.000052476,0.000453415,,,
1786043840210945611,1786043840.210321483,/novatel/oem7/bestpos,/novatel/oem7/bestpos,/novatel/oem7/odom,39.663,-75.756,33.181753639,0.001170676,0.000453415,0.001169499,0.000052476,0.000453415,,novatel_oem7_msgs.msg.SolutionStatus(status=0),novatel_oem7_msgs.msg.PositionOrVelocityType(type=53)
1786043840212360355,1786043840.210813741,/novatel/oem7/bestvel,/novatel/oem7/bestpos,/novatel/oem7/bestvel,39.663,-75.756,33.181753639,0.001001917,0.000509852,,,,80.473071577,novatel_oem7_msgs.msg.SolutionStatus(status=0),novatel_oem7_msgs.msg.PositionOrVelocityType(type=53)
1786043840216177270,1786043840.215528007,/novatel/oem7/odom,/novatel/oem7/bestpos,/novatel/oem7/odom,39.663,-75.756,33.181753639,0.001170676,0.000453415,0.001169499,0.000052476,0.000453415,,,
1786043840225670047,1786043840.225094170,/novatel/oem7/inspva,/novatel/oem7/inspva,/novatel/oem7/inspva,39.663,-75.756,-1.800518168,0.001408623,0.000023192,0.000306035,0.001374976,0.000023192,,novatel_oem7_msgs.msg.InertialSolutionStatus(status=3),
1786043840227113875,1786043840.225218010,/novatel/oem7/fix,/novatel/oem7/fix,/novatel/oem7/inspva,39.663,-75.756,-1.800518168,0.001408623,0.000023192,0.000306035,0.001374976,0.000023192,,0,
1786043840228242713,1786043840.225640054,/novatel/oem7/odom,/novatel/oem7/fix,/novatel/oem7/odom,39.663,-75.756,-1.800518168,0.001408508,0.000029352,0.001388618,0.000235867,0.000029352,,,
1786043840235475673,1786043840.234693035,/novatel/oem7/odom,/novatel/oem7/fix,/novatel/oem7/odom,39.663,-75.756,-1.800518168,0.001408508,0.000029352,0.001388618,0.000235867,0.000029352,,,
1786043840247510082,1786043840.246734517,/novatel/oem7/inspva,/novatel/oem7/inspva,/novatel/oem7/inspva,39.663,-75.756,-1.800518430,0.001360402,0.000380590,-0.000048790,0.001359527,0.000380590,,novatel_oem7_msgs.msg.InertialSolutionStatus(status=3),
1786043840249361787,1786043840.246992790,/novatel/oem7/fix,/novatel/oem7/fix,/novatel/oem7/inspva,39.663,-75.756,-1.800518430,0.001360402,0.000380590,-0.000048790,0.001359527,0.000380590,,0,
1786043840250853229,1786043840.247361263,/novatel/oem7/odom,/novatel/oem7/fix,/novatel/oem7/odom,39.663,-75.756,-1.800518430,0.001358978,0.000385643,0.001353785,-0.000118699,0.000385643,,,
1786043840257142436,1786043840.256302084,/novatel/oem7/odom,/novatel/oem7/fix,/novatel/oem7/odom,39.663,-75.756,-1.800518430,0.001358978,0.000385643,0.001353785,-0.000118699,0.000385643,,,
1786043840265968035,1786043840.265109377,/novatel/oem7/inspva,/novatel/oem7/inspva,/novatel/oem7/inspva,39.663,-75.756,-1.800525547,0.001482903,0.000345946,0.000392969,0.001429887,0.000345946,,novatel_oem7_msgs.msg.InertialSolutionStatus(status=3),
1786043840268107897,1786043840.265342736,/novatel/oem7/fix,/novatel/oem7/fix,/novatel/oem7/inspva,39.663,-75.756,-1.800525547,0.001482903,0.000345946,0.000392969,0.001429887,0.000345946,,0,
1786043840269594039,1786043840.265857744,/novatel/oem7/odom,/novatel/oem7/fix,/novatel/oem7/odom,39.663,-75.756,-1.800525547,0.001481347,0.000352549,0.001446586,0.000319024,0.000352549,,,
1786043840276280220,1786043840.275604573,/novatel/oem7/odom,/novatel/oem7/fix,/novatel/oem7/odom,39.663,-75.756,-1.800525547,0.001481347,0.000352549,0.001446586,0.000319024,0.000352549,,,
1786043840285866387,1786043840.285335129,/novatel/oem7/inspva,/novatel/oem7/inspva,/novatel/oem7/inspva,39.663,-75.756,-1.800530768,0.001154182,0.000011680,-0.000030722,0.001153773,0.000011680,,novatel_oem7_msgs.msg.InertialSolutionStatus(status=3),
1786043840287219738,1786043840.285541774,/novatel/oem7/fix,/novatel/oem7/fix,/novatel/oem7/inspva,39.663,-75.756,-1.800530768,0.001154182,0.000011680,-0.000030722,0.001153773,0.000011680,,0,
1786043840288297862,1786043840.286180240,/novatel/oem7/odom,/novatel/oem7/fix,/novatel/oem7/odom,39.663,-75.756,-1.800530768,0.001154130,0.000015988,0.001150677,-0.000089222,0.000015988,,,
1786043840295759097,1786043840.294911399,/novatel/oem7/odom,/novatel/oem7/fix,/novatel/oem7/odom,39.663,-75.756,-1.800530768,0.001154130,0.000015988,0.001150677,-0.000089222,0.000015988,,,
1786043840306520773,1786043840.305922104,/novatel/oem7/inspva,/novatel/oem7/inspva,/novatel/oem7/inspva,39.663,-75.756,-1.800534818,0.001558286,0.000106809,0.000679626,0.001402271,0.000106809,,novatel_oem7_msgs.msg.InertialSolutionStatus(status=3),
1786043840307894237,1786043840.306104632,/novatel/oem7/fix,/novatel/oem7/fix,/novatel/oem7/inspva,39.663,-75.756,-1.800534818,0.001558286,0.000106809,0.000679626,0.001402271,0.000106809,,0,
1786043840308965941,1786043840.306568431,/novatel/oem7/odom,/novatel/oem7/fix,/novatel/oem7/odom,39.663,-75.756,-1.800534818,0.001557765,0.000114146,0.001434493,0.000607342,0.000114146,,,
1786043840311019599,1786043840.309274471,/novatel/oem7/bestpos,/novatel/oem7/bestpos,/novatel/oem7/odom,39.663,-75.756,33.181734748,0.001557765,0.000114146,0.001434493,0.000607342,0.000114146,,novatel_oem7_msgs.msg.SolutionStatus(status=0),novatel_oem7_msgs.msg.PositionOrVelocityType(type=53)
1786043840312820094,1786043840.309997096,/novatel/oem7/bestvel,/novatel/oem7/bestpos,/novatel/oem7/bestvel,39.663,-75.756,33.181734748,0.001341700,0.000262277,,,,64.193774997,novatel_oem7_msgs.msg.SolutionStatus(status=0),novatel_oem7_msgs.msg.PositionOrVelocityType(type=53)
1786043840315343620,1786043840.314443132,/novatel/oem7/odom,/novatel/oem7/bestpos,/novatel/oem7/odom,39.663,-75.756,33.181734748,0.001557765,0.000114146,0.001434493,0.000607342,0.000114146,,,
1786043840325901593,1786043840.325275561,/novatel/oem7/inspva,/novatel/oem7/inspva,/novatel/oem7/inspva,39.663,-75.756,-1.800535358,0.001292959,0.000341964,0.000034543,0.001292497,0.000341964,,novatel_oem7_msgs.msg.InertialSolutionStatus(status=3),
1786043840327390685,1786043840.325492643,/novatel/oem7/fix,/novatel/oem7/fix,/novatel/oem7/inspva,39.663,-75.756,-1.800535358,0.001292959,0.000341964,0.000034543,0.001292497,0.000341964,,0,
1786043840328590997,1786043840.326237470,/novatel/oem7/odom,/novatel/oem7/fix,/novatel/oem7/odom,39.663,-75.756,-1.800535358,0.001291618,0.000346993,0.001291222,-0.000031981,0.000346993,,,
1786043840336115111,1786043840.335438710,/novatel/oem7/odom,/novatel/oem7/fix,/novatel/oem7/odom,39.663,-75.756,-1.800535358,0.001291618,0.000346993,0.001291222,-0.000031981,0.000346993,,,
1786043840345533842,1786043840.344967497,/novatel/oem7/inspva,/novatel/oem7/inspva,/novatel/oem7/inspva,39.663,-75.756,-1.800540116,0.001612567,0.000335105,0.000805463,0.001396998,0.000335105,,novatel_oem7_msgs.msg.InertialSolutionStatus(status=3),
1786043840346882253,1786043840.345143765,/novatel/oem7/fix,/novatel/oem7/fix,/novatel/oem7/inspva,39.663,-75.756,-1.800540116,0.001612567,0.000335105,0.000805463,0.001396998,0.000335105,,0,
1786043840347978554,1786043840.345695064,/novatel/oem7/odom,/novatel/oem7/fix,/novatel/oem7/odom,39.663,-75.756,-1.800540116,0.001610953,0.000342781,0.001434705,0.000732661,0.000342781,,,
1786043840356653565,1786043840.355680872,/novatel/oem7/odom,/novatel/oem7/fix,/novatel/oem7/odom,39.663,-75.756,-1.800540116,0.001610953,0.000342781,0.001434705,0.000732661,0.000342781,,,
1786043840367827002,1786043840.367117698,/novatel/oem7/inspva,/novatel/oem7/inspva,/novatel/oem7/inspva,39.663,-75.756,-1.800543674,0.001362595,0.000140470,-0.000099227,0.001358977,0.000140470,,novatel_oem7_msgs.msg.InertialSolutionStatus(status=3),
1786043840369631854,1786043840.367354910,/novatel/oem7/fix,/novatel/oem7/fix,/novatel/oem7/inspva,39.663,-75.756,-1.800543674,0.001362595,0.000140470,-0.000099227,0.001358977,0.000140470,,0,
1786043840370977670,1786043840.367978797,/novatel/oem7/odom,/novatel/oem7/fix,/novatel/oem7/odom,39.663,-75.756,-1.800543674,0.001362080,0.000145377,0.001351628,-0.000168420,0.000145377,,,
1786043840375294628,1786043840.374567137,/novatel/oem7/odom,/novatel/oem7/fix,/novatel/oem7/odom,39.663,-75.756,-1.800543674,0.001362080,0.000145377,0.001351628,-0.000168420,0.000145377,,,
1786043840386362167,1786043840.385249420,/novatel/oem7/inspva,/novatel/oem7/inspva,/novatel/oem7/inspva,39.663,-75.756,-1.800545739,0.001536718,0.000117320,0.000471099,0.001462726,0.000117320,,novatel_oem7_msgs.msg.InertialSolutionStatus(status=3),
1786043840388054994,1786043840.385442672,/novatel/oem7/fix,/novatel/oem7/fix,/novatel/oem7/inspva,39.663,-75.756,-1.800545739,0.001536718,0.000117320,0.000471099,0.001462726,0.000117320,,0,
1786043840389187405,1786043840.385948102,/novatel/oem7/odom,/novatel/oem7/fix,/novatel/oem7/odom,39.663,-75.756,-1.800545739,0.001536170,0.000124283,0.001484259,0.000395973,0.000124283,,,
1786043840396397162,1786043840.395468513,/novatel/oem7/odom,/novatel/oem7/fix,/novatel/oem7/odom,39.663,-75.756,-1.800545739,0.001536170,0.000124283,0.001484259,0.000395973,0.000124283,,,
1786043840407279285,1786043840.406572693,/novatel/oem7/inspva,/novatel/oem7/inspva,/novatel/oem7/inspva,39.663,-75.756,-1.800547137,0.001140181,0.000340721,0.000211312,0.001120429,0.000340721,,novatel_oem7_msgs.msg.InertialSolutionStatus(status=3),
1786043840408731647,1786043840.406687041,/novatel/oem7/fix,/novatel/oem7/fix,/novatel/oem7/inspva,39.663,-75.756,-1.800547137,0.001140181,0.000340721,0.000211312,0.001120429,0.000340721,,0,
1786043840409784231,1786043840.407212142,/novatel/oem7/odom,/novatel/oem7/fix,/novatel/oem7/odom,39.663,-75.756,-1.800547137,0.001138708,0.000345615,0.001128346,0.000153267,0.000345615,,,
1786043840411504498,1786043840.410176894,/novatel/oem7/bestpos,/novatel/oem7/bestpos,/novatel/oem7/odom,39.663,-75.756,33.181715144,0.001138708,0.000345615,0.001128346,0.000153267,0.000345615,,novatel_oem7_msgs.msg.SolutionStatus(status=0),novatel_oem7_msgs.msg.PositionOrVelocityType(type=53)
1786043840412634730,1786043840.410630770,/novatel/oem7/bestvel,/novatel/oem7/bestpos,/novatel/oem7/bestvel,39.663,-75.756,33.181715144,0.001106511,0.000221425,,,,59.210642113,novatel_oem7_msgs.msg.SolutionStatus(status=0),novatel_oem7_msgs.msg.PositionOrVelocityType(type=53)
1786043840416025441,1786043840.415200819,/novatel/oem7/odom,/novatel/oem7/bestpos,/novatel/oem7/odom,39.663,-75.756,33.181715144,0.001138708,0.000345615,0.001128346,0.000153267,0.000345615,,,
1786043840426758733,1786043840.425929559,/novatel/oem7/inspva,/novatel/oem7/inspva,/novatel/oem7/inspva,39.663,-75.756,-1.800551960,0.001435369,0.000002728,0.000572737,0.001316152,0.000002728,,novatel_oem7_msgs.msg.InertialSolutionStatus(status=3),
1786043840428371786,1786043840.426057388,/novatel/oem7/fix,/novatel/oem7/fix,/novatel/oem7/inspva,39.663,-75.756,-1.800551960,0.001435369,0.000002728,0.000572737,0.001316152,0.000002728,,0,
1786043840429490844,1786043840.426727066,/novatel/oem7/odom,/novatel/oem7/fix,/novatel/oem7/odom,39.663,-75.756,-1.800551960,0.001435341,0.000009431,0.001343488,0.000505216,0.000009431,,,
1786043840435109451,1786043840.434328053,/novatel/oem7/odom,/novatel/oem7/fix,/novatel/oem7/odom,39.663,-75.756,-1.800551960,0.001435341,0.000009431,0.001343488,0.000505216,0.000009431,,,
1786043840445875214,1786043840.445119461,/novatel/oem7/inspva,/novatel/oem7/inspva,/novatel/oem7/inspva,39.663,-75.756,-1.800551902,0.001084056,0.000223379,0.000375252,0.001017037,0.000223379,,novatel_oem7_msgs.msg.InertialSolutionStatus(status=3),
1786043840447328575,1786043840.445340361,/novatel/oem7/fix,/novatel/oem7/fix,/novatel/oem7/inspva,39.663,-75.756,-1.800551902,0.001084056,0.000223379,0.000375252,0.001017037,0.000223379,,0,
1786043840448618745,1786043840.445849810,/novatel/oem7/odom,/novatel/oem7/fix,/novatel/oem7/odom,39.663,-75.756,-1.800551902,0.001083018,0.000228360,0.001033872,0.000322547,0.000228360,,,
1786043840460527521,1786043840.456447327,/novatel/oem7/odom,/novatel/oem7/fix,/novatel/oem7/odom,39.663,-75.756,-1.800551902,0.001083018,0.000228360,0.001033872,0.000322547,0.000228360,,,
1786043840468096990,1786043840.465007002,/novatel/oem7/inspva,/novatel/oem7/inspva,/novatel/oem7/inspva,39.663,-75.756,-1.800559275,0.001430606,0.000090984,0.000598543,0.001299377,0.000090984,,novatel_oem7_msgs.msg.InertialSolutionStatus(status=3),
1786043840472628097,1786043840.465143232,/novatel/oem7/fix,/novatel/oem7/fix,/novatel/oem7/inspva,39.663,-75.756,-1.800559275,0.001430606,0.000090984,0.000598543,0.001299377,0.000090984,,0,
1786043840475210626,1786043840.465645934,/novatel/oem7/odom,/novatel/oem7/fix,/novatel/oem7/odom,39.663,-75.756,-1.800559275,0.001430164,0.000097688,0.001327700,0.000531586,0.000097688,,,
1786043840476665075,1786043840.474274462,/novatel/oem7/odom,/novatel/oem7/fix,/novatel/oem7/odom,39.663,-75.756,-1.800559275,0.001430164,0.000097688,0.001327700,0.000531586,0.000097688,,,
1786043840487211262,1786043840.486554313,/novatel/oem7/inspva,/novatel/oem7/inspva,/novatel/oem7/inspva,39.663,-75.756,-1.800563310,0.001389983,0.000114340,0.000237875,0.001369477,0.000114340,,novatel_oem7_msgs.msg.InertialSolutionStatus(status=3),
1786043840488446867,1786043840.486784369,/novatel/oem7/fix,/novatel/oem7/fix,/novatel/oem7/inspva,39.663,-75.756,-1.800563310,0.001389983,0.000114340,0.000237875,0.001369477,0.000114340,,0,
1786043840489302306,1786043840.487281507,/novatel/oem7/odom,/novatel/oem7/fix,/novatel/oem7/odom,39.663,-75.756,-1.800563310,0.001389483,0.000120256,0.001379317,0.000167777,0.000120256,,,
1786043840495471179,1786043840.494755870,/novatel/oem7/odom,/novatel/oem7/fix,/novatel/oem7/odom,39.663,-75.756,-1.800563310,0.001389483,0.000120256,0.001379317,0.000167777,0.000120256,,,
1786043840506586517,1786043840.505791629,/novatel/oem7/inspva,/novatel/oem7/inspva,/novatel/oem7/inspva,39.663,-75.756,-1.800571122,0.001432885,-0.000048423,0.000224751,0.001415149,-0.000048423,,novatel_oem7_msgs.msg.InertialSolutionStatus(status=3),
1786043840508203968,1786043840.505982663,/novatel/oem7/fix,/novatel/oem7/fix,/novatel/oem7/inspva,39.663,-75.756,-1.800571122,0.001432885,-0.000048423,0.000224751,0.001415149,-0.000048423,,0,
1786043840509909874,1786043840.506438518,/novatel/oem7/odom,/novatel/oem7/fix,/novatel/oem7/odom,39.663,-75.756,-1.800571122,0.001433076,-0.000042369,0.001424908,0.000152795,-0.000042369,,,
1786043840512314247,1786043840.511589380,/novatel/oem7/bestpos,/novatel/oem7/bestpos,/novatel/oem7/odom,39.663,-75.756,33.181686742,0.001433076,-0.000042369,0.001424908,0.000152795,-0.000042369,,novatel_oem7_msgs.msg.SolutionStatus(status=0),novatel_oem7_msgs.msg.PositionOrVelocityType(type=53)
1786043840514077288,1786043840.511844346,/novatel/oem7/bestvel,/novatel/oem7/bestpos,/novatel/oem7/bestvel,39.663,-75.756,33.181686742,0.001709924,-0.000370322,,,,68.716060272,novatel_oem7_msgs.msg.SolutionStatus(status=0),novatel_oem7_msgs.msg.PositionOrVelocityType(type=53)
1786043840516084991,1786043840.515489823,/novatel/oem7/odom,/novatel/oem7/bestpos,/novatel/oem7/odom,39.663,-75.756,33.181686742,0.001433076,-0.000042369,0.001424908,0.000152795,-0.000042369,,,
1786043840525704593,1786043840.525177328,/novatel/oem7/inspva,/novatel/oem7/inspva,/novatel/oem7/inspva,39.663,-75.756,-1.800576228,0.001198069,-0.000108290,0.000245908,0.001172561,-0.000108290,,novatel_oem7_msgs.msg.InertialSolutionStatus(status=3),
1786043840527012409,1786043840.525390103,/novatel/oem7/fix,/novatel/oem7/fix,/novatel/oem7/inspva,39.663,-75.756,-1.800576228,0.001198069,-0.000108290,0.000245908,0.001172561,-0.000108290,,0,
1786043840528004942,1786043840.525975699,/novatel/oem7/odom,/novatel/oem7/fix,/novatel/oem7/odom,39.663,-75.756,-1.800576228,0.001198526,-0.000103109,0.001183943,0.000186397,-0.000103109,,,
1786043840535470586,1786043840.534768762,/novatel/oem7/odom,/novatel/oem7/fix,/novatel/oem7/odom,39.663,-75.756,-1.800576228,0.001198526,-0.000103109,0.001183943,0.000186397,-0.000103109,,,
1786043840546946165,1786043840.546083793,/novatel/oem7/inspva,/novatel/oem7/inspva,/novatel/oem7/inspva,39.663,-75.756,-1.800580472,0.001367998,0.000140235,0.000200829,0.001353176,0.000140235,,novatel_oem7_msgs.msg.InertialSolutionStatus(status=3),
1786043840548312113,1786043840.546513575,/novatel/oem7/fix,/novatel/oem7/fix,/novatel/oem7/inspva,39.663,-75.756,-1.800580472,0.001367998,0.000140235,0.000200829,0.001353176,0.000140235,,0,
1786043840549328887,1786043840.547032193,/novatel/oem7/odom,/novatel/oem7/fix,/novatel/oem7/odom,39.663,-75.756,-1.800580472,0.001367398,0.000145962,0.001361058,0.000131524,0.000145962,,,
1786043840556929746,1786043840.555978817,/novatel/oem7/odom,/novatel/oem7/fix,/novatel/oem7/odom,39.663,-75.756,-1.800580472,0.001367398,0.000145962,0.001361058,0.000131524,0.000145962,,,
1786043840566264416,1786043840.565342419,/novatel/oem7/inspva,/novatel/oem7/inspva,/novatel/oem7/inspva,39.663,-75.756,-1.800587928,0.001166553,-0.000342262,0.000220882,0.001145451,-0.000342262,,novatel_oem7_msgs.msg.InertialSolutionStatus(status=3),
1786043840568025353,1786043840.565719806,/novatel/oem7/fix,/novatel/oem7/fix,/novatel/oem7/inspva,39.663,-75.756,-1.800587928,0.001166553,-0.000342262,0.000220882,0.001145451,-0.000342262,,0,
1786043840569311278,1786043840.566210274,/novatel/oem7/odom,/novatel/oem7/fix,/novatel/oem7/odom,39.663,-75.756,-1.800587928,0.001168009,-0.000337261,0.001156521,0.000163413,-0.000337261,,,
1786043840576375752,1786043840.575589866,/novatel/oem7/odom,/novatel/oem7/fix,/novatel/oem7/odom,39.663,-75.756,-1.800587928,0.001168009,-0.000337261,0.001156521,0.000163413,-0.000337261,,,
1786043840585951055,1786043840.585037055,/novatel/oem7/inspva,/novatel/oem7/inspva,/novatel/oem7/inspva,39.663,-75.756,-1.800589725,0.001296527,0.000161994,0.000413818,0.001228713,0.000161994,,novatel_oem7_msgs.msg.InertialSolutionStatus(status=3),
1786043840587549777,1786043840.585269568,/novatel/oem7/fix,/novatel/oem7/fix,/novatel/oem7/inspva,39.663,-75.756,-1.800589725,0.001296527,0.000161994,0.000413818,0.001228713,0.000161994,,0,
1786043840588609571,1786043840.585818509,/novatel/oem7/odom,/novatel/oem7/fix,/novatel/oem7/odom,39.663,-75.756,-1.800589725,0.001295779,0.000167868,0.001247479,0.000350487,0.000167868,,,
1786043840595173018,1786043840.594336000,/novatel/oem7/odom,/novatel/oem7/fix,/novatel/oem7/odom,39.663,-75.756,-1.800589725,0.001295779,0.000167868,0.001247479,0.000350487,0.000167868,,,
1786043840606918208,1786043840.606050330,/novatel/oem7/inspva,/novatel/oem7/inspva,/novatel/oem7/inspva,39.663,-75.756,-1.800596402,0.001121283,-0.000081606,0.000282063,0.001085226,-0.000081606,,novatel_oem7_msgs.msg.InertialSolutionStatus(status=3),
1786043840608504544,1786043840.606214556,/novatel/oem7/fix,/novatel/oem7/fix,/novatel/oem7/inspva,39.663,-75.756,-1.800596402,0.001121283,-0.000081606,0.000282063,0.001085226,-0.000081606,,0,
1786043840609721093,1786043840.606969051,/novatel/oem7/odom,/novatel/oem7/fix,/novatel/oem7/odom,39.663,-75.756,-1.800596402,0.001121632,-0.000076653,0.001098449,0.000226866,-0.000076653,,,
1786043840611632873,1786043840.610271291,/novatel/oem7/bestpos,/novatel/oem7/bestpos,/novatel/oem7/odom,39.663,-75.756,33.181664005,0.001121632,-0.000076653,0.001098449,0.000226866,-0.000076653,,novatel_oem7_msgs.msg.SolutionStatus(status=0),novatel_oem7_msgs.msg.PositionOrVelocityType(type=53)
1786043840612524634,1786043840.610712326,/novatel/oem7/bestvel,/novatel/oem7/bestpos,/novatel/oem7/bestvel,39.663,-75.756,33.181664005,0.001557203,-0.000165147,,,,89.675032369,novatel_oem7_msgs.msg.SolutionStatus(status=0),novatel_oem7_msgs.msg.PositionOrVelocityType(type=53)
1786043840615245161,1786043840.614575471,/novatel/oem7/odom,/novatel/oem7/bestpos,/novatel/oem7/odom,39.663,-75.756,33.181664005,0.001121632,-0.000076653,0.001098449,0.000226866,-0.000076653,,,
1786043840625615503,1786043840.625085908,/novatel/oem7/inspva,/novatel/oem7/inspva,/novatel/oem7/inspva,39.663,-75.756,-1.800599601,0.001310264,0.000011630,0.000345562,0.001263875,0.000011630,,novatel_oem7_msgs.msg.InertialSolutionStatus(status=3),
1786043840626862330,1786043840.625270733,/novatel/oem7/fix,/novatel/oem7/fix,/novatel/oem7/inspva,39.663,-75.756,-1.800599601,0.001310264,0.000011630,0.000345562,0.001263875,0.000011630,,0,
1786043840627919450,1786043840.625752018,/novatel/oem7/odom,/novatel/oem7/fix,/novatel/oem7/odom,39.663,-75.756,-1.800599601,0.001310200,0.000017450,0.001279725,0.000280940,0.000017450,,,
1786043840636208348,1786043840.635593631,/novatel/oem7/odom,/novatel/oem7/fix,/novatel/oem7/odom,39.663,-75.756,-1.800599601,0.001310200,0.000017450,0.001279725,0.000280940,0.000017450,,,
1786043840646358497,1786043840.645453491,/novatel/oem7/inspva,/novatel/oem7/inspva,/novatel/oem7/inspva,39.663,-75.756,-1.800601109,0.000881506,0.000115645,0.000390604,0.000790241,0.000115645,,novatel_oem7_msgs.msg.InertialSolutionStatus(status=3),
1786043840648157742,1786043840.645783871,/novatel/oem7/fix,/novatel/oem7/fix,/novatel/oem7/inspva,39.663,-75.756,-1.800601109,0.000881506,0.000115645,0.000390604,0.000790241,0.000115645,,0,
1786043840649705297,1786043840.646493319,/novatel/oem7/odom,/novatel/oem7/fix,/novatel/oem7/odom,39.663,-75.756,-1.800601109,0.000880951,0.000119799,0.000808582,0.000349670,0.000119799,,,
1786043840657206140,1786043840.656140340,/novatel/oem7/odom,/novatel/oem7/fix,/novatel/oem7/odom,39.663,-75.756,-1.800601109,0.000880951,0.000119799,0.000808582,0.000349670,0.000119799,,,
1786043840667189372,1786043840.666269955,/novatel/oem7/inspva,/novatel/oem7/inspva,/novatel/oem7/inspva,39.663,-75.756,-1.800604958,0.000795941,-0.000020007,0.000329395,0.000724583,-0.000020007,,novatel_oem7_msgs.msg.InertialSolutionStatus(status=3),
1786043840668916859,1786043840.666522502,/novatel/oem7/fix,/novatel/oem7/fix,/novatel/oem7/inspva,39.663,-75.756,-1.800604958,0.000795941,-0.000020007,0.000329395,0.000724583,-0.000020007,,0,
1786043840670005927,1786043840.667139638,/novatel/oem7/odom,/novatel/oem7/fix,/novatel/oem7/odom,39.663,-75.756,-1.800604958,0.000796026,-0.000016283,0.000740438,0.000292249,-0.000016283,,,
1786043840676024334,1786043840.674985621,/novatel/oem7/odom,/novatel/oem7/fix,/novatel/oem7/odom,39.663,-75.756,-1.800604958,0.000796026,-0.000016283,0.000740438,0.000292249,-0.000016283,,,
1786043840686141897,1786043840.685394703,/novatel/oem7/inspva,/novatel/oem7/inspva,/novatel/oem7/inspva,39.663,-75.756,-1.800605781,0.001129511,0.000237645,0.000815930,0.000781059,0.000237645,,novatel_oem7_msgs.msg.InertialSolutionStatus(status=3),
1786043840687633059,1786043840.685659766,/novatel/oem7/fix,/novatel/oem7/fix,/novatel/oem7/inspva,39.663,-75.756,-1.800605781,0.001129511,0.000237645,0.000815930,0.000781059,0.000237645,,0,
1786043840688693667,1786043840.686293139,/novatel/oem7/odom,/novatel/oem7/fix,/novatel/oem7/odom,39.663,-75.756,-1.800605781,0.001128365,0.000243031,0.000820513,0.000774574,0.000243031,,,
1786043840696532776,1786043840.695679524,/novatel/oem7/odom,/novatel/oem7/fix,/novatel/oem7/odom,39.663,-75.756,-1.800605781,0.001128365,0.000243031,0.000820513,0.000774574,0.000243031,,,
1786043840706679242,1786043840.705895801,/novatel/oem7/inspva,/novatel/oem7/inspva,/novatel/oem7/inspva,39.663,-75.756,-1.800613437,0.000929961,0.000061231,0.000641841,0.000672954,0.000061231,,novatel_oem7_msgs.msg.InertialSolutionStatus(status=3),
1786043840708469604,1786043840.706132090,/novatel/oem7/fix,/novatel/oem7/fix,/novatel/oem7/inspva,39.663,-75.756,-1.800613437,0.000929961,0.000061231,0.000641841,0.000672954,0.000061231,,0,
1786043840709841411,1786043840.706574531,/novatel/oem7/odom,/novatel/oem7/fix,/novatel/oem7/odom,39.663,-75.756,-1.800613437,0.000929656,0.000065689,0.000704411,0.000606685,0.000065689,,,
1786043840711385507,1786043840.709549751,/novatel/oem7/bestpos,/novatel/oem7/bestpos,/novatel/oem7/odom,39.663,-75.756,33.181641121,0.000929656,0.000065689,0.000704411,0.000606685,0.000065689,,novatel_oem7_msgs.msg.SolutionStatus(status=0),novatel_oem7_msgs.msg.PositionOrVelocityType(type=53)
1786043840712353163,1786043840.710229015,/novatel/oem7/bestvel,/novatel/oem7/bestpos,/novatel/oem7/bestvel,39.663,-75.756,33.181641121,0.001089464,0.000002804,,,,64.588879866,novatel_oem7_msgs.msg.SolutionStatus(status=0),novatel_oem7_msgs.msg.PositionOrVelocityType(type=53)
1786043840715278799,1786043840.714603426,/novatel/oem7/odom,/novatel/oem7/bestpos,/novatel/oem7/odom,39.663,-75.756,33.181641121,0.000929656,0.000065689,0.000704411,0.000606685,0.000065689,,,
1786043840727377315,1786043840.726705262,/novatel/oem7/inspva,/novatel/oem7/inspva,/novatel/oem7/inspva,39.663,-75.756,-1.800619054,0.001168669,-0.000050452,0.000707621,0.000930086,-0.000050452,,novatel_oem7_msgs.msg.InertialSolutionStatus(status=3),
1786043840728922351,1786043840.727041529,/novatel/oem7/fix,/novatel/oem7/fix,/novatel/oem7/inspva,39.663,-75.756,-1.800619054,0.001168669,-0.000050452,0.000707621,0.000930086,-0.000050452,,0,
1786043840730046722,1786043840.727547201,/novatel/oem7/odom,/novatel/oem7/fix,/novatel/oem7/odom,39.663,-75.756,-1.800619054,0.001168898,-0.000044821,0.000964985,0.000659641,-0.000044821,,,
1786043840735985876,1786043840.735263405,/novatel/oem7/odom,/novatel/oem7/fix,/novatel/oem7/odom,39.663,-75.756,-1.800619054,0.001168898,-0.000044821,0.000964985,0.000659641,-0.000044821,,,
1786043840745969804,1786043840.745003714,/novatel/oem7/inspva,/novatel/oem7/inspva,/novatel/oem7/inspva,39.663,-75.756,-1.800625106,0.001063273,-0.000018695,0.000515180,0.000930129,-0.000018695,,novatel_oem7_msgs.msg.InertialSolutionStatus(status=3),
1786043840747853640,1786043840.745274097,/novatel/oem7/fix,/novatel/oem7/fix,/novatel/oem7/inspva,39.663,-75.756,-1.800625106,0.001063273,-0.000018695,0.000515180,0.000930129,-0.000018695,,0,
1786043840749276064,1786043840.746220803,/novatel/oem7/odom,/novatel/oem7/fix,/novatel/oem7/odom,39.663,-75.756,-1.800625106,0.001063350,-0.000013639,0.000955146,0.000467343,-0.000013639,,,
1786043840757501821,1786043840.756624396,/novatel/oem7/odom,/novatel/oem7/fix,/novatel/oem7/odom,39.663,-75.756,-1.800625106,0.001063350,-0.000013639,0.000955146,0.000467343,-0.000013639,,,
1786043840766495072,1786043840.765632717,/novatel/oem7/inspva,/novatel/oem7/inspva,/novatel/oem7/inspva,39.663,-75.756,-1.800628516,0.001040388,0.000174884,0.000847924,0.000602853,0.000174884,,novatel_oem7_msgs.msg.InertialSolutionStatus(status=3),
1786043840767950921,1786043840.765910293,/novatel/oem7/fix,/novatel/oem7/fix,/novatel/oem7/inspva,39.663,-75.756,-1.800628516,0.001040388,0.000174884,0.000847924,0.000602853,0.000174884,,0,
1786043840769038802,1786043840.766572363,/novatel/oem7/odom,/novatel/oem7/fix,/novatel/oem7/odom,39.663,-75.756,-1.800628516,0.001039569,0.000179690,0.000644419,0.000815737,0.000179690,,,
1786043840776385082,1786043840.775284735,/novatel/oem7/odom,/novatel/oem7/fix,/novatel/oem7/odom,39.663,-75.756,-1.800628516,0.001039569,0.000179690,0.000644419,0.000815737,0.000179690,,,
1786043840786613633,1786043840.785873302,/novatel/oem7/inspva,/novatel/oem7/inspva,/novatel/oem7/inspva,39.663,-75.756,-1.800636778,0.000897806,-0.000079410,0.000548849,0.000710508,-0.000079410,,novatel_oem7_msgs.msg.InertialSolutionStatus(status=3),
1786043840788031604,1786043840.786126328,/novatel/oem7/fix,/novatel/oem7/fix,/novatel/oem7/inspva,39.663,-75.756,-1.800636778,0.000897806,-0.000079410,0.000548849,0.000710508,-0.000079410,,0,
1786043840789083395,1786043840.786498215,/novatel/oem7/odom,/novatel/oem7/fix,/novatel/oem7/odom,39.663,-75.756,-1.800636778,0.000898178,-0.000075094,0.000737761,0.000512281,-0.000075094,,,
1786043840795527350,1786043840.794651104,/novatel/oem7/odom,/novatel/oem7/fix,/novatel/oem7/odom,39.663,-75.756,-1.800636778,0.000898178,-0.000075094,0.000737761,0.000512281,-0.000075094,,,
1786043840807334910,1786043840.806510782,/novatel/oem7/inspva,/novatel/oem7/inspva,/novatel/oem7/inspva,39.663,-75.756,-1.800637963,0.001182485,0.000367814,0.001083039,0.000474656,0.000367814,,novatel_oem7_msgs.msg.InertialSolutionStatus(status=3),
1786043840808939439,1786043840.806868132,/novatel/oem7/fix,/novatel/oem7/fix,/novatel/oem7/inspva,39.663,-75.756,-1.800637963,0.001182485,0.000367814,0.001083039,0.000474656,0.000367814,,0,
1786043840810221309,1786043840.807302323,/novatel/oem7/odom,/novatel/oem7/fix,/novatel/oem7/odom,39.663,-75.756,-1.800637963,0.001180917,0.000372820,0.000527577,0.001056516,0.000372820,,,
1786043840812139582,1786043840.810184375,/novatel/oem7/bestpos,/novatel/oem7/bestpos,/novatel/oem7/odom,39.663,-75.756,33.181622370,0.001180917,0.000372820,0.000527577,0.001056516,0.000372820,,novatel_oem7_msgs.msg.SolutionStatus(status=0),novatel_oem7_msgs.msg.PositionOrVelocityType(type=53)
1786043840813324187,1786043840.810605679,/novatel/oem7/bestvel,/novatel/oem7/bestpos,/novatel/oem7/bestvel,39.663,-75.756,33.181622370,0.001065036,0.000417262,,,,37.332331856,novatel_oem7_msgs.msg.SolutionStatus(status=0),novatel_oem7_msgs.msg.PositionOrVelocityType(type=53)
1786043840816493139,1786043840.815647591,/novatel/oem7/odom,/novatel/oem7/bestpos,/novatel/oem7/odom,39.663,-75.756,33.181622370,0.001180917,0.000372820,0.000527577,0.001056516,0.000372820,,,
1786043840826780460,1786043840.825928115,/novatel/oem7/inspva,/novatel/oem7/inspva,/novatel/oem7/inspva,39.663,-75.756,-1.800645503,0.001059194,0.000115006,0.000851992,0.000629286,0.000115006,,novatel_oem7_msgs.msg.InertialSolutionStatus(status=3),
1786043840828507795,1786043840.826203368,/novatel/oem7/fix,/novatel/oem7/fix,/novatel/oem7/inspva,39.663,-75.756,-1.800645503,0.001059194,0.000115006,0.000851992,0.000629286,0.000115006,,0,
1786043840829861172,1786043840.826805054,/novatel/oem7/odom,/novatel/oem7/fix,/novatel/oem7/odom,39.663,-75.756,-1.800645503,0.001058650,0.000119911,0.000671271,0.000818618,0.000119911,,,
1786043840835323700,1786043840.834444685,/novatel/oem7/odom,/novatel/oem7/fix,/novatel/oem7/odom,39.663,-75.756,-1.800645503,0.001058650,0.000119911,0.000671271,0.000818618,0.000119911,,,
1786043840847049303,1786043840.846181927,/novatel/oem7/inspva,/novatel/oem7/inspva,/novatel/oem7/inspva,39.663,-75.756,-1.800648909,0.001230289,0.000050336,0.001003725,0.000711440,0.000050336,,novatel_oem7_msgs.msg.InertialSolutionStatus(status=3),
1786043840848583318,1786043840.846459337,/novatel/oem7/fix,/novatel/oem7/fix,/novatel/oem7/inspva,39.663,-75.756,-1.800648909,0.001230289,0.000050336,0.001003725,0.000711440,0.000050336,,0,
1786043840849693690,1786043840.847025526,/novatel/oem7/odom,/novatel/oem7/fix,/novatel/oem7/odom,39.663,-75.756,-1.800648909,0.001230044,0.000056001,0.000761283,0.000966156,0.000056001,,,
1786043840857596406,1786043840.856889373,/novatel/oem7/odom,/novatel/oem7/fix,/novatel/oem7/odom,39.663,-75.756,-1.800648909,0.001230044,0.000056001,0.000761283,0.000966156,0.000056001,,,
1786043840865976798,1786043840.865225860,/novatel/oem7/inspva,/novatel/oem7/inspva,/novatel/oem7/inspva,39.663,-75.756,-1.800656490,0.001219105,-0.000111054,0.001021353,0.000665622,-0.000111054,,novatel_oem7_msgs.msg.InertialSolutionStatus(status=3),
1786043840867322915,1786043840.865446326,/novatel/oem7/fix,/novatel/oem7/fix,/novatel/oem7/inspva,39.663,-75.756,-1.800656490,0.001219105,-0.000111054,0.001021353,0.000665622,-0.000111054,,0,
1786043840868376679,1786043840.865898990,/novatel/oem7/odom,/novatel/oem7/fix,/novatel/oem7/odom,39.663,-75.756,-1.800656490,0.001219597,-0.000105515,0.000717054,0.000986534,-0.000105515,,,
1786043840876022960,1786043840.875360100,/novatel/oem7/odom,/novatel/oem7/fix,/novatel/oem7/odom,39.663,-75.756,-1.800656490,0.001219597,-0.000105515,0.000717054,0.000986534,-0.000105515,,,
1786043840887193640,1786043840.886477119,/novatel/oem7/inspva,/novatel/oem7/inspva,/novatel/oem7/inspva,39.663,-75.756,-1.800660149,0.001168051,0.000221460,0.000827630,0.000824240,0.000221460,,novatel_oem7_msgs.msg.InertialSolutionStatus(status=3),
1786043840888607551,1786043840.886687455,/novatel/oem7/fix,/novatel/oem7/fix,/novatel/oem7/inspva,39.663,-75.756,-1.800660149,0.001168051,0.000221460,0.000827630,0.000824240,0.000221460,,0,
1786043840889668158,1786043840.887092039,/novatel/oem7/odom,/novatel/oem7/fix,/novatel/oem7/odom,39.663,-75.756,-1.800660149,0.001166982,0.000227022,0.000864330,0.000784080,0.000227022,,,
1786043840895358289,1786043840.894615988,/novatel/oem7/odom,/novatel/oem7/fix,/novatel/oem7/odom,39.663,-75.756,-1.800660149,0.001166982,0.000227022,0.000864330,0.000784080,0.000227022,,,
1786043840906371875,1786043840.905618523,/novatel/oem7/inspva,/novatel/oem7/inspva,/novatel/oem7/inspva,39.663,-75.756,-1.800670337,0.001350092,-0.000048159,0.001131954,0.000735818,-0.000048159,,novatel_oem7_msgs.msg.InertialSolutionStatus(status=3),
1786043840907803159,1786043840.905831432,/novatel/oem7/fix,/novatel/oem7/fix,/novatel/oem7/inspva,39.663,-75.756,-1.800670337,0.001350092,-0.000048159,0.001131954,0.000735818,-0.000048159,,0,
1786043840909000624,1786043840.906486692,/novatel/oem7/odom,/novatel/oem7/fix,/novatel/oem7/odom,39.663,-75.756,-1.800670337,0.001350297,-0.000042021,0.000792538,0.001093246,-0.000042021,,,
1786043840910705932,1786043840.909024892,/novatel/oem7/bestpos,/novatel/oem7/bestpos,/novatel/oem7/odom,39.663,-75.756,33.181591239,0.001350297,-0.000042021,0.000792538,0.001093246,-0.000042021,,novatel_oem7_msgs.msg.SolutionStatus(status=0),novatel_oem7_msgs.msg.PositionOrVelocityType(type=53)
1786043840911771336,1786043840.909360965,/novatel/oem7/bestvel,/novatel/oem7/bestpos,/novatel/oem7/bestvel,39.663,-75.756,33.181591239,0.001655657,-0.000289108,,,,47.657939617,novatel_oem7_msgs.msg.SolutionStatus(status=0),novatel_oem7_msgs.msg.PositionOrVelocityType(type=53)
1786043840915166650,1786043840.914509113,/novatel/oem7/odom,/novatel/oem7/bestpos,/novatel/oem7/odom,39.663,-75.756,33.181591239,0.001350297,-0.000042021,0.000792538,0.001093246,-0.000042021,,,
1786043840925901263,1786043840.925230979,/novatel/oem7/inspva,/novatel/oem7/inspva,/novatel/oem7/inspva,39.663,-75.756,-1.800680052,0.001511599,-0.000360784,0.001371313,0.000635950,-0.000360784,,novatel_oem7_msgs.msg.InertialSolutionStatus(status=3),
1786043840927362761,1786043840.925461634,/novatel/oem7/fix,/novatel/oem7/fix,/novatel/oem7/inspva,39.663,-75.756,-1.800680052,0.001511599,-0.000360784,0.001371313,0.000635950,-0.000360784,,0,
1786043840928470279,1786043840.926023857,/novatel/oem7/odom,/novatel/oem7/fix,/novatel/oem7/odom,39.663,-75.756,-1.800680052,0.001513131,-0.000354303,0.000706182,0.001338235,-0.000354303,,,
1786043840936050929,1786043840.935382762,/novatel/oem7/odom,/novatel/oem7/fix,/novatel/oem7/odom,39.663,-75.756,-1.800680052,0.001513131,-0.000354303,0.000706182,0.001338235,-0.000354303,,,
1786043840946597013,1786043840.945861135,/novatel/oem7/inspva,/novatel/oem7/inspva,/novatel/oem7/inspva,39.663,-75.756,-1.800688094,0.001516029,-0.000200002,0.001333571,0.000721062,-0.000200002,,novatel_oem7_msgs.msg.InertialSolutionStatus(status=3),
1786043840947921396,1786043840.946067043,/novatel/oem7/fix,/novatel/oem7/fix,/novatel/oem7/inspva,39.663,-75.756,-1.800688094,0.001516029,-0.000200002,0.001333571,0.000721062,-0.000200002,,0,
1786043840948973243,1786043840.946650386,/novatel/oem7/odom,/novatel/oem7/fix,/novatel/oem7/odom,39.663,-75.756,-1.800688094,0.001516895,-0.000193320,0.000788648,0.001295765,-0.000193320,,,
1786043840956271817,1786043840.955611007,/novatel/oem7/odom,/novatel/oem7/fix,/novatel/oem7/odom,39.663,-75.756,-1.800688094,0.001516895,-0.000193320,0.000788648,0.001295765,-0.000193320,,,
1786043840966875891,1786043840.966263298,/novatel/oem7/inspva,/novatel/oem7/inspva,/novatel/oem7/inspva,39.663,-75.756,-1.800695421,0.001552515,-0.000026405,0.001111660,0.001083750,-0.000026405,,novatel_oem7_msgs.msg.InertialSolutionStatus(status=3),
1786043840968368430,1786043840.966478887,/novatel/oem7/fix,/novatel/oem7/fix,/novatel/oem7/inspva,39.663,-75.756,-1.800695421,0.001552515,-0.000026405,0.001111660,0.001083750,-0.000026405,,0,
1786043840969386147,1786043840.967100181,/novatel/oem7/odom,/novatel/oem7/fix,/novatel/oem7/odom,39.663,-75.756,-1.800695421,0.001552623,-0.000019011,0.001138917,0.001055228,-0.000019011,,,
1786043840976013674,1786043840.975362301,/novatel/oem7/odom,/novatel/oem7/fix,/novatel/oem7/odom,39.663,-75.756,-1.800695421,0.001552623,-0.000019011,0.001138917,0.001055228,-0.000019011,,,
1786043840985640972,1786043840.984940175,/novatel/oem7/inspva,/novatel/oem7/inspva,/novatel/oem7/inspva,39.663,-75.756,-1.800707072,0.001577631,-0.000234646,0.001333637,0.000842813,-0.000234646,,novatel_oem7_msgs.msg.InertialSolutionStatus(status=3),
1786043840986955848,1786043840.985146530,/novatel/oem7/fix,/novatel/oem7/fix,/novatel/oem7/inspva,39.663,-75.756,-1.800707072,0.001577631,-0.000234646,0.001333637,0.000842813,-0.000234646,,0,
1786043840988009559,1786043840.985544908,/novatel/oem7/odom,/novatel/oem7/fix,/novatel/oem7/odom,39.663,-75.756,-1.800707072,0.001578677,-0.000227507,0.000910383,0.001289737,-0.000227507,,,
1786043840995983250,1786043840.995324197,/novatel/oem7/odom,/novatel/oem7/fix,/novatel/oem7/odom,39.663,-75.756,-1.800707072,0.001578677,-0.000227507,0.000910383,0.001289737,-0.000227507,,,
1786043841010757476,1786043841.010037286,/novatel/oem7/inspva,/novatel/oem7/inspva,/novatel/oem7/inspva,39.663,-75.756,-1.800712426,0.001536903,0.000045904,0.001077597,0.001095836,0.000045904,,novatel_oem7_msgs.msg.InertialSolutionStatus(status=3),
1786043841012276645,1786043841.010238438,/novatel/oem7/fix,/novatel/oem7/fix,/novatel/oem7/inspva,39.663,-75.756,-1.800712426,0.001536903,0.000045904,0.001077597,0.001095836,0.000045904,,0,
1786043841013316009,1786043841.011556275,/novatel/oem7/odom,/novatel/oem7/fix,/novatel/oem7/odom,39.663,-75.756,-1.800712426,0.001536667,0.000053235,0.001148975,0.001020392,0.000053235,,,
1786043841016308793,1786043841.015561818,/novatel/oem7/odom,/novatel/oem7/fix,/novatel/oem7/odom,39.663,-75.756,-1.800712426,0.001536667,0.000053235,0.001148975,0.001020392,0.000053235,,,
1786043841025004874,1786043841.024382278,/novatel/oem7/bestpos,/novatel/oem7/bestpos,/novatel/oem7/odom,39.663,-75.756,33.181548493,0.001536667,0.000053235,0.001148975,0.001020392,0.000053235,,novatel_oem7_msgs.msg.SolutionStatus(status=0),novatel_oem7_msgs.msg.PositionOrVelocityType(type=53)
1786043841026628437,1786043841.025145776,/novatel/oem7/bestvel,/novatel/oem7/bestpos,/novatel/oem7/bestvel,39.663,-75.756,33.181548493,0.001757608,-0.000105212,,,,30.874903908,novatel_oem7_msgs.msg.SolutionStatus(status=0),novatel_oem7_msgs.msg.PositionOrVelocityType(type=53)
1786043841028225617,1786043841.026951151,/novatel/oem7/inspva,/novatel/oem7/inspva,/novatel/oem7/inspva,39.663,-75.756,-1.800723875,0.001575709,-0.000137978,0.001273993,0.000927254,-0.000137978,,novatel_oem7_msgs.msg.InertialSolutionStatus(status=3),
1786043841029068502,1786043841.027208250,/novatel/oem7/fix,/novatel/oem7/fix,/novatel/oem7/inspva,39.663,-75.756,-1.800723875,0.001575709,-0.000137978,0.001273993,0.000927254,-0.000137978,,0,
1786043841030085849,1786043841.027532294,/novatel/oem7/odom,/novatel/oem7/fix,/novatel/oem7/odom,39.663,-75.756,-1.800723875,0.001576331,-0.000130687,0.000991308,0.001225612,-0.000130687,,,
1786043841035589605,1786043841.034805014,/novatel/oem7/odom,/novatel/oem7/fix,/novatel/oem7/odom,39.663,-75.756,-1.800723875,0.001576331,-0.000130687,0.000991308,0.001225612,-0.000130687,,,
1786043841045922443,1786043841.045273068,/novatel/oem7/inspva,/novatel/oem7/inspva,/novatel/oem7/inspva,39.663,-75.756,-1.800726253,0.001764416,-0.000633491,0.001516948,0.000901128,-0.000633491,,novatel_oem7_msgs.msg.InertialSolutionStatus(status=3),
1786043841047668294,1786043841.045393542,/novatel/oem7/fix,/novatel/oem7/fix,/novatel/oem7/inspva,39.663,-75.756,-1.800726253,0.001764416,-0.000633491,0.001516948,0.000901128,-0.000633491,,0,
1786043841049070872,1786043841.045987091,/novatel/oem7/odom,/novatel/oem7/fix,/novatel/oem7/odom,39.663,-75.756,-1.800726253,0.001767240,-0.000625569,0.000979502,0.001470957,-0.000625569,,,
1786043841057213705,1786043841.056418130,/novatel/oem7/odom,/novatel/oem7/fix,/novatel/oem7/odom,39.663,-75.756,-1.800726253,0.001767240,-0.000625569,0.000979502,0.001470957,-0.000625569,,,
1786043841066594420,1786043841.066083835,/novatel/oem7/inspva,/novatel/oem7/inspva,/novatel/oem7/inspva,39.663,-75.756,-1.800721142,0.001843269,-0.000279434,0.001609212,0.000898931,-0.000279434,,novatel_oem7_msgs.msg.InertialSolutionStatus(status=3),
1786043841067882696,1786043841.066190317,/novatel/oem7/fix,/novatel/oem7/fix,/novatel/oem7/inspva,39.663,-75.756,-1.800721142,0.001843269,-0.000279434,0.001609212,0.000898931,-0.000279434,,0,
1786043841069310987,1786043841.066572373,/novatel/oem7/odom,/novatel/oem7/fix,/novatel/oem7/odom,39.663,-75.756,-1.800721142,0.001844490,-0.000271261,0.000980609,0.001562225,-0.000271261,,,
1786043841075164167,1786043841.074515570,/novatel/oem7/odom,/novatel/oem7/fix,/novatel/oem7/odom,39.663,-75.756,-1.800721142,0.001844490,-0.000271261,0.000980609,0.001562225,-0.000271261,,,
1786043841085604339,1786043841.085076434,/novatel/oem7/inspva,/novatel/oem7/inspva,/novatel/oem7/inspva,39.663,-75.756,-1.800718227,0.001740920,-0.000110745,0.001322035,0.001132707,-0.000110745,,novatel_oem7_msgs.msg.InertialSolutionStatus(status=3),
1786043841086926106,1786043841.085235249,/novatel/oem7/fix,/novatel/oem7/fix,/novatel/oem7/inspva,39.663,-75.756,-1.800718227,0.001740920,-0.000110745,0.001322035,0.001132707,-0.000110745,,0,
1786043841087973907,1786043841.085593146,/novatel/oem7/odom,/novatel/oem7/fix,/novatel/oem7/odom,39.663,-75.756,-1.800718227,0.001741422,-0.000102548,0.001198841,0.001263064,-0.000102548,,,
1786043841095705158,1786043841.095068112,/novatel/oem7/odom,/novatel/oem7/fix,/novatel/oem7/odom,39.663,-75.756,-1.800718227,0.001741422,-0.000102548,0.001198841,0.001263064,-0.000102548,,,
1786043841106002786,1786043841.105522622,/novatel/oem7/inspva,/novatel/oem7/inspva,/novatel/oem7/inspva,39.663,-75.756,-1.800716547,0.001646943,-0.000140517,0.001339871,0.000957688,-0.000140517,,novatel_oem7_msgs.msg.InertialSolutionStatus(status=3),
1786043841107308713,1786043841.105603446,/novatel/oem7/fix,/novatel/oem7/fix,/novatel/oem7/inspva,39.663,-75.756,-1.800716547,0.001646943,-0.000140517,0.001339871,0.000957688,-0.000140517,,0,
1786043841108341193,1786043841.106201445,/novatel/oem7/odom,/novatel/oem7/fix,/novatel/oem7/odom,39.663,-75.756,-1.800716547,0.001647573,-0.000132923,0.001025080,0.001289849,-0.000132923,,,
1786043841109778721,1786043841.108856835,/novatel/oem7/bestpos,/novatel/oem7/bestpos,/novatel/oem7/odom,39.663,-75.756,33.181577382,0.001647573,-0.000132923,0.001025080,0.001289849,-0.000132923,,novatel_oem7_msgs.msg.SolutionStatus(status=0),novatel_oem7_msgs.msg.PositionOrVelocityType(type=53)
1786043841111167162,1786043841.109477436,/novatel/oem7/bestvel,/novatel/oem7/bestpos,/novatel/oem7/bestvel,39.663,-75.756,33.181577382,0.001924618,-0.000360974,,,,38.630947371,novatel_oem7_msgs.msg.SolutionStatus(status=0),novatel_oem7_msgs.msg.PositionOrVelocityType(type=53)
1786043841114983117,1786043841.114312727,/novatel/oem7/odom,/novatel/oem7/bestpos,/novatel/oem7/odom,39.663,-75.756,33.181577382,0.001647573,-0.000132923,0.001025080,0.001289849,-0.000132923,,,
1786043841127162724,1786043841.126672974,/novatel/oem7/inspva,/novatel/oem7/inspva,/novatel/oem7/inspva,39.663,-75.756,-1.800717740,0.001676310,-0.000598755,0.001092282,0.001271588,-0.000598755,,novatel_oem7_msgs.msg.InertialSolutionStatus(status=3),
1786043841128519241,1786043841.126801131,/novatel/oem7/fix,/novatel/oem7/fix,/novatel/oem7/inspva,39.663,-75.756,-1.800717740,0.001676310,-0.000598755,0.001092282,0.001271588,-0.000598755,,0,
1786043841129580989,1786043841.127413650,/novatel/oem7/odom,/novatel/oem7/fix,/novatel/oem7/odom,39.663,-75.756,-1.800717740,0.001679161,-0.000590712,0.001327793,0.001027886,-0.000590712,,,
1786043841135330407,1786043841.134613300,/novatel/oem7/odom,/novatel/oem7/fix,/novatel/oem7/odom,39.663,-75.756,-1.800717740,0.001679161,-0.000590712,0.001327793,0.001027886,-0.000590712,,,
1786043841145813500,1786043841.145084047,/novatel/oem7/inspva,/novatel/oem7/inspva,/novatel/oem7/inspva,39.663,-75.756,-1.800713010,0.001513456,-0.000319309,0.001206139,0.000914208,-0.000319309,,novatel_oem7_msgs.msg.InertialSolutionStatus(status=3),
1786043841147564821,1786043841.145215236,/novatel/oem7/fix,/novatel/oem7/fix,/novatel/oem7/inspva,39.663,-75.756,-1.800713010,0.001513456,-0.000319309,0.001206139,0.000914208,-0.000319309,,0,
1786043841148971722,1786043841.145683535,/novatel/oem7/odom,/novatel/oem7/fix,/novatel/oem7/odom,39.663,-75.756,-1.800713010,0.001514922,-0.000312278,0.000975569,0.001158989,-0.000312278,,,
1786043841157005407,1786043841.156194639,/novatel/oem7/odom,/novatel/oem7/fix,/novatel/oem7/odom,39.663,-75.756,-1.800713010,0.001514922,-0.000312278,0.000975569,0.001158989,-0.000312278,,,
1786043841166004135,1786043841.165321906,/novatel/oem7/inspva,/novatel/oem7/inspva,/novatel/oem7/inspva,39.663,-75.756,-1.800711945,0.001598419,-0.000415076,0.001144617,0.001115704,-0.000415076,,novatel_oem7_msgs.msg.InertialSolutionStatus(status=3),
1786043841167759356,1786043841.165516504,/novatel/oem7/fix,/novatel/oem7/fix,/novatel/oem7/inspva,39.663,-75.756,-1.800711945,0.001598419,-0.000415076,0.001144617,0.001115704,-0.000415076,,0,
1786043841168925974,1786043841.166228034,/novatel/oem7/odom,/novatel/oem7/fix,/novatel/oem7/odom,39.663,-75.756,-1.800711945,0.001600377,-0.000407460,0.001174063,0.001087559,-0.000407460,,,
1786043841175852351,1786043841.175150024,/novatel/oem7/odom,/novatel/oem7/fix,/novatel/oem7/odom,39.663,-75.756,-1.800711945,0.001600377,-0.000407460,0.001174063,0.001087559,-0.000407460,,,
1786043841186656258,1786043841.186054132,/novatel/oem7/inspva,/novatel/oem7/inspva,/novatel/oem7/inspva,39.663,-75.756,-1.800709469,0.001584895,-0.000390253,0.001302391,0.000903144,-0.000390253,,novatel_oem7_msgs.msg.InertialSolutionStatus(status=3),
1786043841188007178,1786043841.186259646,/novatel/oem7/fix,/novatel/oem7/fix,/novatel/oem7/inspva,39.663,-75.756,-1.800709469,0.001584895,-0.000390253,0.001302391,0.000903144,-0.000390253,,0,
1786043841189078365,1786043841.186562543,/novatel/oem7/odom,/novatel/oem7/fix,/novatel/oem7/odom,39.663,-75.756,-1.800709469,0.001586670,-0.000382972,0.000969697,0.001255870,-0.000382972,,,
1786043841195281308,1786043841.194490807,/novatel/oem7/odom,/novatel/oem7/fix,/novatel/oem7/odom,39.663,-75.756,-1.800709469,0.001586670,-0.000382972,0.000969697,0.001255870,-0.000382972,,,
1786043841207281657,1786043841.206209040,/novatel/oem7/inspva,/novatel/oem7/inspva,/novatel/oem7/inspva,39.663,-75.756,-1.800707919,0.001476209,-0.000270532,0.001018359,0.001068709,-0.000270532,,novatel_oem7_msgs.msg.InertialSolutionStatus(status=3),
1786043841209407592,1786043841.206514443,/novatel/oem7/fix,/novatel/oem7/fix,/novatel/oem7/inspva,39.663,-75.756,-1.800707919,0.001476209,-0.000270532,0.001018359,0.001068709,-0.000270532,,0,
1786043841210876707,1786043841.206983196,/novatel/oem7/odom,/novatel/oem7/fix,/novatel/oem7/odom,39.663,-75.756,-1.800707919,0.001477484,-0.000263481,0.001120144,0.000963450,-0.000263481,,,
1786043841212926347,1786043841.210311474,/novatel/oem7/bestpos,/novatel/oem7/bestpos,/novatel/oem7/odom,39.663,-75.756,33.181585053,0.001477484,-0.000263481,0.001120144,0.000963450,-0.000263481,,novatel_oem7_msgs.msg.SolutionStatus(status=0),novatel_oem7_msgs.msg.PositionOrVelocityType(type=53)
1786043841214178237,1786043841.210846056,/novatel/oem7/bestvel,/novatel/oem7/bestpos,/novatel/oem7/bestvel,39.663,-75.756,33.181585053,0.001393357,-0.000128028,,,,18.920697156,novatel_oem7_msgs.msg.SolutionStatus(status=0),novatel_oem7_msgs.msg.PositionOrVelocityType(type=53)
1786043841216759393,1786043841.215646003,/novatel/oem7/odom,/novatel/oem7/bestpos,/novatel/oem7/odom,39.663,-75.756,33.181585053,0.001477484,-0.000263481,0.001120144,0.000963450,-0.000263481,,,
1786043841226010643,1786043841.225316100,/novatel/oem7/inspva,/novatel/oem7/inspva,/novatel/oem7/inspva,39.663,-75.756,-1.800705385,0.001495325,-0.000195246,0.001231524,0.000848142,-0.000195246,,novatel_oem7_msgs.msg.InertialSolutionStatus(status=3),
1786043841227380027,1786043841.225635106,/novatel/oem7/fix,/novatel/oem7/fix,/novatel/oem7/inspva,39.663,-75.756,-1.800705385,0.001495325,-0.000195246,0.001231524,0.000848142,-0.000195246,,0,
1786043841228533516,1786043841.225952023,/novatel/oem7/odom,/novatel/oem7/fix,/novatel/oem7/odom,39.663,-75.756,-1.800705385,0.001496204,-0.000188390,0.000910408,0.001187343,-0.000188390,,,
1786043841235534160,1786043841.234639893,/novatel/oem7/odom,/novatel/oem7/fix,/novatel/oem7/odom,39.663,-75.756,-1.800705385,0.001496204,-0.000188390,0.000910408,0.001187343,-0.000188390,,,
1786043841247634376,1786043841.246719590,/novatel/oem7/inspva,/novatel/oem7/inspva,/novatel/oem7/inspva,39.663,-75.756,-1.800706277,0.001493295,-0.000490153,0.001015314,0.001095019,-0.000490153,,novatel_oem7_msgs.msg.InertialSolutionStatus(status=3),
1786043841249487205,1786043841.247045413,/novatel/oem7/fix,/novatel/oem7/fix,/novatel/oem7/inspva,39.663,-75.756,-1.800706277,0.001493295,-0.000490153,0.001015314,0.001095019,-0.000490153,,0,
1786043841250973223,1786043841.247652713,/novatel/oem7/odom,/novatel/oem7/fix,/novatel/oem7/odom,39.663,-75.756,-1.800706277,0.001495614,-0.000483030,0.001147120,0.000959675,-0.000483030,,,
1786043841257160056,1786043841.256371658,/novatel/oem7/odom,/novatel/oem7/fix,/novatel/oem7/odom,39.663,-75.756,-1.800706277,0.001495614,-0.000483030,0.001147120,0.000959675,-0.000483030,,,
1786043841266233895,1786043841.265383503,/novatel/oem7/inspva,/novatel/oem7/inspva,/novatel/oem7/inspva,39.663,-75.756,-1.800704297,0.001322309,-0.000574240,0.000967470,0.000901389,-0.000574240,,novatel_oem7_msgs.msg.InertialSolutionStatus(status=3),
1786043841268122834,1786043841.265583145,/novatel/oem7/fix,/novatel/oem7/fix,/novatel/oem7/inspva,39.663,-75.756,-1.800704297,0.001322309,-0.000574240,0.000967470,0.000901389,-0.000574240,,0,
1786043841269392763,1786043841.266287529,/novatel/oem7/odom,/novatel/oem7/fix,/novatel/oem7/odom,39.663,-75.756,-1.800704297,0.001325009,-0.000567982,0.000951640,0.000921971,-0.000567982,,,
1786043841275678837,1786043841.274808495,/novatel/oem7/odom,/novatel/oem7/fix,/novatel/oem7/odom,39.663,-75.756,-1.800704297,0.001325009,-0.000567982,0.000951640,0.000921971,-0.000567982,,,
1786043841286137073,1786043841.285327502,/novatel/oem7/inspva,/novatel/oem7/inspva,/novatel/oem7/inspva,39.663,-75.756,-1.800699635,0.001356537,-0.000023968,0.001018716,0.000895774,-0.000023968,,novatel_oem7_msgs.msg.InertialSolutionStatus(status=3),
1786043841288102213,1786043841.285576461,/novatel/oem7/fix,/novatel/oem7/fix,/novatel/oem7/inspva,39.663,-75.756,-1.800699635,0.001356537,-0.000023968,0.001018716,0.000895774,-0.000023968,,0,
1786043841289651396,1786043841.286186010,/novatel/oem7/odom,/novatel/oem7/fix,/novatel/oem7/odom,39.663,-75.756,-1.800699635,0.001356635,-0.000017581,0.000946513,0.000971891,-0.000017581,,,
1786043841295723860,1786043841.294863162,/novatel/oem7/odom,/novatel/oem7/fix,/novatel/oem7/odom,39.663,-75.756,-1.800699635,0.001356635,-0.000017581,0.000946513,0.000971891,-0.000017581,,,
1786043841307000749,1786043841.305982158,/novatel/oem7/inspva,/novatel/oem7/inspva,/novatel/oem7/inspva,39.663,-75.756,-1.800701358,0.001359150,-0.000203959,0.001087734,0.000814938,-0.000203959,,novatel_oem7_msgs.msg.InertialSolutionStatus(status=3),
1786043841308807503,1786043841.306198310,/novatel/oem7/fix,/novatel/oem7/fix,/novatel/oem7/inspva,39.663,-75.756,-1.800701358,0.001359150,-0.000203959,0.001087734,0.000814938,-0.000203959,,0,
1786043841310039046,1786043841.306836370,/novatel/oem7/odom,/novatel/oem7/fix,/novatel/oem7/odom,39.663,-75.756,-1.800701358,0.001360080,-0.000197662,0.000869987,0.001045438,-0.000197662,,,
1786043841311589718,1786043841.309206564,/novatel/oem7/bestpos,/novatel/oem7/bestpos,/novatel/oem7/odom,39.663,-75.756,33.181591127,0.001360080,-0.000197662,0.000869987,0.001045438,-0.000197662,,novatel_oem7_msgs.msg.SolutionStatus(status=0),novatel_oem7_msgs.msg.PositionOrVelocityType(type=53)
1786043841312600255,1786043841.309916274,/novatel/oem7/bestvel,/novatel/oem7/bestpos,/novatel/oem7/bestvel,39.663,-75.756,33.181591127,0.001440514,-0.000243774,,,,28.884667992,novatel_oem7_msgs.msg.SolutionStatus(status=0),novatel_oem7_msgs.msg.PositionOrVelocityType(type=53)
1786043841315130051,1786043841.314380710,/novatel/oem7/odom,/novatel/oem7/bestpos,/novatel/oem7/odom,39.663,-75.756,33.181591127,0.001360080,-0.000197662,0.000869987,0.001045438,-0.000197662,,,
1786043841325592057,1786043841.324951041,/novatel/oem7/inspva,/novatel/oem7/inspva,/novatel/oem7/inspva,39.663,-75.756,-1.800703203,0.001545162,-0.000430420,0.001102568,0.001082530,-0.000430420,,novatel_oem7_msgs.msg.InertialSolutionStatus(status=3),
1786043841327128133,1786043841.325103062,/novatel/oem7/fix,/novatel/oem7/fix,/novatel/oem7/inspva,39.663,-75.756,-1.800703203,0.001545162,-0.000430420,0.001102568,0.001082530,-0.000430420,,0,
1786043841328273611,1786043841.325796009,/novatel/oem7/odom,/novatel/oem7/fix,/novatel/oem7/odom,39.663,-75.756,-1.800703203,0.001547188,-0.000423079,0.001138870,0.001047266,-0.000423079,,,
1786043841336943229,1786043841.335562874,/novatel/oem7/odom,/novatel/oem7/fix,/novatel/oem7/odom,39.663,-75.756,-1.800703203,0.001547188,-0.000423079,0.001138870,0.001047266,-0.000423079,,,
1786043841346527356,1786043841.345269105,/novatel/oem7/inspva,/novatel/oem7/inspva,/novatel/oem7/inspva,39.663,-75.756,-1.800702907,0.001400329,-0.000346300,0.001033016,0.000945410,-0.000346300,,novatel_oem7_msgs.msg.InertialSolutionStatus(status=3),
1786043841348806313,1786043841.346370092,/novatel/oem7/fix,/novatel/oem7/fix,/novatel/oem7/inspva,39.663,-75.756,-1.800702907,0.001400329,-0.000346300,0.001033016,0.000945410,-0.000346300,,0,
1786043841350489213,1786043841.347524940,/novatel/oem7/odom,/novatel/oem7/fix,/novatel/oem7/odom,39.663,-75.756,-1.800702907,0.001401949,-0.000339685,0.000998057,0.000984552,-0.000339685,,,
1786043841357052439,1786043841.356074936,/novatel/oem7/odom,/novatel/oem7/fix,/novatel/oem7/odom,39.663,-75.756,-1.800702907,0.001401949,-0.000339685,0.000998057,0.000984552,-0.000339685,,,
1786043841368041388,1786043841.366977771,/novatel/oem7/inspva,/novatel/oem7/inspva,/novatel/oem7/inspva,39.663,-75.756,-1.800703729,0.001174101,-0.000239837,0.000681484,0.000956081,-0.000239837,,novatel_oem7_msgs.msg.InertialSolutionStatus(status=3),
1786043841370294781,1786043841.367164718,/novatel/oem7/fix,/novatel/oem7/fix,/novatel/oem7/inspva,39.663,-75.756,-1.800703729,0.001174101,-0.000239837,0.000681484,0.000956081,-0.000239837,,0,
1786043841371909717,1786043841.367991257,/novatel/oem7/odom,/novatel/oem7/fix,/novatel/oem7/odom,39.663,-75.756,-1.800703729,0.001175231,-0.000234236,0.000990435,0.000632618,-0.000234236,,,
1786043841375680985,1786043841.374902710,/novatel/oem7/odom,/novatel/oem7/fix,/novatel/oem7/odom,39.663,-75.756,-1.800703729,0.001175231,-0.000234236,0.000990435,0.000632618,-0.000234236,,,
1786043841385511298,1786043841.384850839,/novatel/oem7/inspva,/novatel/oem7/inspva,/novatel/oem7/inspva,39.663,-75.756,-1.800704252,0.001368773,-0.000296996,0.000894499,0.001036055,-0.000296996,,novatel_oem7_msgs.msg.InertialSolutionStatus(status=3),
1786043841387030080,1786043841.384991952,/novatel/oem7/fix,/novatel/oem7/fix,/novatel/oem7/inspva,39.663,-75.756,-1.800704252,0.001368773,-0.000296996,0.000894499,0.001036055,-0.000296996,,0,
1786043841388174158,1786043841.385705967,/novatel/oem7/odom,/novatel/oem7/fix,/novatel/oem7/odom,39.663,-75.756,-1.800704252,0.001370173,-0.000290467,0.001081359,0.000841449,-0.000290467,,,
1786043841395514233,1786043841.394692721,/novatel/oem7/odom,/novatel/oem7/fix,/novatel/oem7/odom,39.663,-75.756,-1.800704252,0.001370173,-0.000290467,0.001081359,0.000841449,-0.000290467,,,
1786043841407382840,1786043841.406512458,/novatel/oem7/inspva,/novatel/oem7/inspva,/novatel/oem7/inspva,39.663,-75.756,-1.800702932,0.001100749,-0.000100156,0.000868815,0.000675877,-0.000100156,,novatel_oem7_msgs.msg.InertialSolutionStatus(status=3),
1786043841409050420,1786043841.406731280,/novatel/oem7/fix,/novatel/oem7/fix,/novatel/oem7/inspva,39.663,-75.756,-1.800702932,0.001100749,-0.000100156,0.000868815,0.000675877,-0.000100156,,0,
1786043841410272282,1786043841.407454024,/novatel/oem7/odom,/novatel/oem7/fix,/novatel/oem7/odom,39.663,-75.756,-1.800702932,0.001101202,-0.000095049,0.000719582,0.000833575,-0.000095049,,,
1786043841411944766,1786043841.410215826,/novatel/oem7/bestpos,/novatel/oem7/bestpos,/novatel/oem7/odom,39.663,-75.756,33.181595162,0.001101202,-0.000095049,0.000719582,0.000833575,-0.000095049,,novatel_oem7_msgs.msg.SolutionStatus(status=0),novatel_oem7_msgs.msg.PositionOrVelocityType(type=53)
1786043841412972474,1786043841.410557565,/novatel/oem7/bestvel,/novatel/oem7/bestpos,/novatel/oem7/bestvel,39.663,-75.756,33.181595162,0.001119182,-0.000108512,,,,33.854888149,novatel_oem7_msgs.msg.SolutionStatus(status=0),novatel_oem7_msgs.msg.PositionOrVelocityType(type=53)
1786043841415566160,1786043841.414751792,/novatel/oem7/odom,/novatel/oem7/bestpos,/novatel/oem7/odom,39.663,-75.756,33.181595162,0.001101202,-0.000095049,0.000719582,0.000833575,-0.000095049,,,
1786043841426739836,1786043841.425989659,/novatel/oem7/inspva,/novatel/oem7/inspva,/novatel/oem7/inspva,39.663,-75.756,-1.800702508,0.001182798,-0.000013607,0.000961447,0.000688933,-0.000013607,,novatel_oem7_msgs.msg.InertialSolutionStatus(status=3),
1786043841428256509,1786043841.426151530,/novatel/oem7/fix,/novatel/oem7/fix,/novatel/oem7/inspva,39.663,-75.756,-1.800702508,0.001182798,-0.000013607,0.000961447,0.000688933,-0.000013607,,0,
1786043841429393073,1786043841.426807367,/novatel/oem7/odom,/novatel/oem7/fix,/novatel/oem7/odom,39.663,-75.756,-1.800702508,0.001182848,-0.000008179,0.000737005,0.000925177,-0.000008179,,,
1786043841435732554,1786043841.434585156,/novatel/oem7/odom,/novatel/oem7/fix,/novatel/oem7/odom,39.663,-75.756,-1.800702508,0.001182848,-0.000008179,0.000737005,0.000925177,-0.000008179,,,
1786043841446692309,1786043841.445497034,/novatel/oem7/inspva,/novatel/oem7/inspva,/novatel/oem7/inspva,39.663,-75.756,-1.800703660,0.001157457,-0.000246563,0.001001108,0.000580938,-0.000246563,,novatel_oem7_msgs.msg.InertialSolutionStatus(status=3),
1786043841448971489,1786043841.446234907,/novatel/oem7/fix,/novatel/oem7/fix,/novatel/oem7/inspva,39.663,-75.756,-1.800703660,0.001157457,-0.000246563,0.001001108,0.000580938,-0.000246563,,0,
1786043841450618102,1786043841.447099626,/novatel/oem7/odom,/novatel/oem7/fix,/novatel/oem7/odom,39.663,-75.756,-1.800703660,0.001158541,-0.000241415,0.000632081,0.000970923,-0.000241415,,,
1786043841457605826,1786043841.456652870,/novatel/oem7/odom,/novatel/oem7/fix,/novatel/oem7/odom,39.663,-75.756,-1.800703660,0.001158541,-0.000241415,0.000632081,0.000970923,-0.000241415,,,
1786043841465842806,1786043841.465047693,/novatel/oem7/inspva,/novatel/oem7/inspva,/novatel/oem7/inspva,39.663,-75.756,-1.800701975,0.001398195,-0.000187999,0.001225025,0.000673992,-0.000187999,,novatel_oem7_msgs.msg.InertialSolutionStatus(status=3),
1786043841467716649,1786043841.465266083,/novatel/oem7/fix,/novatel/oem7/fix,/novatel/oem7/inspva,39.663,-75.756,-1.800701975,0.001398195,-0.000187999,0.001225025,0.000673992,-0.000187999,,0,
1786043841469021192,1786043841.466087209,/novatel/oem7/odom,/novatel/oem7/fix,/novatel/oem7/odom,39.663,-75.756,-1.800701975,0.001399007,-0.000181862,0.000736184,0.001189644,-0.000181862,,,
1786043841475168264,1786043841.474371209,/novatel/oem7/odom,/novatel/oem7/fix,/novatel/oem7/odom,39.663,-75.756,-1.800701975,0.001399007,-0.000181862,0.000736184,0.001189644,-0.000181862,,,
1786043841487307108,1786043841.486532280,/novatel/oem7/inspva,/novatel/oem7/inspva,/novatel/oem7/inspva,39.663,-75.756,-1.800702227,0.000586015,-0.000115013,0.000434153,0.000393605,-0.000115013,,novatel_oem7_msgs.msg.InertialSolutionStatus(status=3),
1786043841488775386,1786043841.486726422,/novatel/oem7/fix,/novatel/oem7/fix,/novatel/oem7/inspva,39.663,-75.756,-1.800702227,0.000586015,-0.000115013,0.000434153,0.000393605,-0.000115013,,0,
1786043841489934681,1786043841.487186796,/novatel/oem7/odom,/novatel/oem7/fix,/novatel/oem7/odom,39.663,-75.756,-1.800702227,0.000586549,-0.000112260,0.000415632,0.000413871,-0.000112260,,,
1786043841495292722,1786043841.494530251,/novatel/oem7/odom,/novatel/oem7/fix,/novatel/oem7/odom,39.663,-75.756,-1.800702227,0.000586549,-0.000112260,0.000415632,0.000413871,-0.000112260,,,
1786043841506535383,1786043841.505809955,/novatel/oem7/inspva,/novatel/oem7/inspva,/novatel/oem7/inspva,39.663,-75.756,-1.800703050,0.001053410,-0.000186418,0.000806452,0.000677722,-0.000186418,,novatel_oem7_msgs.msg.InertialSolutionStatus(status=3),
1786043841508020004,1786043841.505949330,/novatel/oem7/fix,/novatel/oem7/fix,/novatel/oem7/inspva,39.663,-75.756,-1.800703050,0.001053410,-0.000186418,0.000806452,0.000677722,-0.000186418,,0,
1786043841509186856,1786043841.506491508,/novatel/oem7/odom,/novatel/oem7/fix,/novatel/oem7/odom,39.663,-75.756,-1.800703050,0.001054269,-0.000181499,0.000718603,0.000771423,-0.000181499,,,
1786043841511910310,1786043841.511126212,/novatel/oem7/bestpos,/novatel/oem7/bestpos,/novatel/oem7/odom,39.663,-75.756,33.181597259,0.001054269,-0.000181499,0.000718603,0.000771423,-0.000181499,,novatel_oem7_msgs.msg.SolutionStatus(status=0),novatel_oem7_msgs.msg.PositionOrVelocityType(type=53)
1786043841513471629,1786043841.511652328,/novatel/oem7/bestvel,/novatel/oem7/bestpos,/novatel/oem7/bestvel,39.663,-75.756,33.181597259,0.001230983,-0.000300549,,,,28.585706791,novatel_oem7_msgs.msg.SolutionStatus(status=0),novatel_oem7_msgs.msg.PositionOrVelocityType(type=53)
1786043841515723589,1786043841.514636668,/novatel/oem7/odom,/novatel/oem7/bestpos,/novatel/oem7/odom,39.663,-75.756,33.181597259,0.001054269,-0.000181499,0.000718603,0.000771423,-0.000181499,,,
1786043841525790991,1786043841.525187065,/novatel/oem7/inspva,/novatel/oem7/inspva,/novatel/oem7/inspva,39.663,-75.756,-1.800704350,0.000767393,-0.000166671,0.000633992,0.000432373,-0.000166671,,novatel_oem7_msgs.msg.InertialSolutionStatus(status=3),
1786043841527311733,1786043841.525339460,/novatel/oem7/fix,/novatel/oem7/fix,/novatel/oem7/inspva,39.663,-75.756,-1.800704350,0.000767393,-0.000166671,0.000633992,0.000432373,-0.000166671,,0,
1786043841528487978,1786043841.525955016,/novatel/oem7/odom,/novatel/oem7/fix,/novatel/oem7/odom,39.663,-75.756,-1.800704350,0.000768145,-0.000163172,0.000464719,0.000611623,-0.000163172,,,
1786043841535497693,1786043841.534768719,/novatel/oem7/odom,/novatel/oem7/fix,/novatel/oem7/odom,39.663,-75.756,-1.800704350,0.000768145,-0.000163172,0.000464719,0.000611623,-0.000163172,,,
1786043841546706500,1786043841.546012783,/novatel/oem7/inspva,/novatel/oem7/inspva,/novatel/oem7/inspva,39.663,-75.756,-1.800705312,0.000987548,-0.000496431,0.000804145,0.000573238,-0.000496431,,novatel_oem7_msgs.msg.InertialSolutionStatus(status=3),
1786043841548244082,1786043841.546158848,/novatel/oem7/fix,/novatel/oem7/fix,/novatel/oem7/inspva,39.663,-75.756,-1.800705312,0.000987548,-0.000496431,0.000804145,0.000573238,-0.000496431,,0,
1786043841549384434,1786043841.546585929,/novatel/oem7/odom,/novatel/oem7/fix,/novatel/oem7/odom,39.663,-75.756,-1.800705312,0.000989807,-0.000491910,0.000615334,0.000775295,-0.000491910,,,
1786043841556515850,1786043841.555776325,/novatel/oem7/odom,/novatel/oem7/fix,/novatel/oem7/odom,39.663,-75.756,-1.800705312,0.000989807,-0.000491910,0.000615334,0.000775295,-0.000491910,,,
1786043841565752770,1786043841.565089050,/novatel/oem7/inspva,/novatel/oem7/inspva,/novatel/oem7/inspva,39.663,-75.756,-1.800700615,0.001129045,0.000138702,0.001095272,0.000274084,0.000138702,,novatel_oem7_msgs.msg.InertialSolutionStatus(status=3),
1786043841567268159,1786043841.565237961,/novatel/oem7/fix,/novatel/oem7/fix,/novatel/oem7/inspva,39.663,-75.756,-1.800700615,0.001129045,0.000138702,0.001095272,0.000274084,0.000138702,,0,
1786043841568404126,1786043841.565779717,/novatel/oem7/odom,/novatel/oem7/fix,/novatel/oem7/odom,39.663,-75.756,-1.800700615,0.001128514,0.000142963,0.000328931,0.001079513,0.000142963,,,
1786043841576231736,1786043841.575515296,/novatel/oem7/odom,/novatel/oem7/fix,/novatel/oem7/odom,39.663,-75.756,-1.800700615,0.001128514,0.000142963,0.000328931,0.001079513,0.000142963,,,
1786043841585835893,1786043841.585144710,/novatel/oem7/inspva,/novatel/oem7/inspva,/novatel/oem7/inspva,39.663,-75.756,-1.800703557,0.001093903,-0.000115242,0.000961360,0.000521929,-0.000115242,,novatel_oem7_msgs.msg.InertialSolutionStatus(status=3),
1786043841587283952,1786043841.585277665,/novatel/oem7/fix,/novatel/oem7/fix,/novatel/oem7/inspva,39.663,-75.756,-1.800703557,0.001093903,-0.000115242,0.000961360,0.000521929,-0.000115242,,0,
1786043841588469304,1786043841.585783457,/novatel/oem7/odom,/novatel/oem7/fix,/novatel/oem7/odom,39.663,-75.756,-1.800703557,0.001094397,-0.000110451,0.000570637,0.000933851,-0.000110451,,,
1786043841595228589,1786043841.594493541,/novatel/oem7/odom,/novatel/oem7/fix,/novatel/oem7/odom,39.663,-75.756,-1.800703557,0.001094397,-0.000110451,0.000570637,0.000933851,-0.000110451,,,
1786043841606899501,1786043841.606257987,/novatel/oem7/inspva,/novatel/oem7/inspva,/novatel/oem7/inspva,39.663,-75.756,-1.800706466,0.000906658,-0.000467647,0.000726218,0.000542803,-0.000467647,,novatel_oem7_msgs.msg.InertialSolutionStatus(status=3),
1786043841608341365,1786043841.606392516,/novatel/oem7/fix,/novatel/oem7/fix,/novatel/oem7/inspva,39.663,-75.756,-1.800706466,0.000906658,-0.000467647,0.000726218,0.000542803,-0.000467647,,0,
1786043841609444067,1786043841.607121976,/novatel/oem7/odom,/novatel/oem7/fix,/novatel/oem7/odom,39.663,-75.756,-1.800706466,0.000908803,-0.000463464,0.000580874,0.000698933,-0.000463464,,,
1786043841610968755,1786043841.610211671,/novatel/oem7/bestpos,/novatel/oem7/bestpos,/novatel/oem7/odom,39.663,-75.756,33.181590205,0.000908803,-0.000463464,0.000580874,0.000698933,-0.000463464,,novatel_oem7_msgs.msg.SolutionStatus(status=0),novatel_oem7_msgs.msg.PositionOrVelocityType(type=53)
1786043841612577145,1786043841.610729800,/novatel/oem7/bestvel,/novatel/oem7/bestpos,/novatel/oem7/bestvel,39.663,-75.756,33.181590205,0.001363491,-0.000699061,,,,13.251407576,novatel_oem7_msgs.msg.SolutionStatus(status=0),novatel_oem7_msgs.msg.PositionOrVelocityType(type=53)
1786043841615399783,1786043841.614658406,/novatel/oem7/odom,/novatel/oem7/bestpos,/novatel/oem7/odom,39.663,-75.756,33.181590205,0.000908803,-0.000463464,0.000580874,0.000698933,-0.000463464,,,
1786043841625867679,1786043841.625155012,/novatel/oem7/inspva,/novatel/oem7/inspva,/novatel/oem7/inspva,39.663,-75.756,-1.800706967,0.000961604,-0.000209615,0.000652524,0.000706325,-0.000209615,,novatel_oem7_msgs.msg.InertialSolutionStatus(status=3),
1786043841627212000,1786043841.625289624,/novatel/oem7/fix,/novatel/oem7/fix,/novatel/oem7/inspva,39.663,-75.756,-1.800706967,0.000961604,-0.000209615,0.000652524,0.000706325,-0.000209615,,0,
1786043841628277591,1786043841.625661544,/novatel/oem7/odom,/novatel/oem7/fix,/novatel/oem7/odom,39.663,-75.756,-1.800706967,0.000962589,-0.000205044,0.000739431,0.000616295,-0.000205044,,,
1786043841636373823,1786043841.635668063,/novatel/oem7/odom,/novatel/oem7/fix,/novatel/oem7/odom,39.663,-75.756,-1.800706967,0.000962589,-0.000205044,0.000739431,0.000616295,-0.000205044,,,
1786043841646031061,1786043841.645373554,/novatel/oem7/inspva,/novatel/oem7/inspva,/novatel/oem7/inspva,39.663,-75.756,-1.800708747,0.000839364,-0.000298463,0.000697626,0.000466744,-0.000298463,,novatel_oem7_msgs.msg.InertialSolutionStatus(status=3),
1786043841647532326,1786043841.645520519,/novatel/oem7/fix,/novatel/oem7/fix,/novatel/oem7/inspva,39.663,-75.756,-1.800708747,0.000839364,-0.000298463,0.000697626,0.000466744,-0.000298463,,0,
1786043841648625787,1786043841.646152655,/novatel/oem7/odom,/novatel/oem7/fix,/novatel/oem7/odom,39.663,-75.756,-1.800708747,0.000840712,-0.000294645,0.000502800,0.000673787,-0.000294645,,,
1786043841657261428,1786043841.656513414,/novatel/oem7/odom,/novatel/oem7/fix,/novatel/oem7/odom,39.663,-75.756,-1.800708747,0.000840712,-0.000294645,0.000502800,0.000673787,-0.000294645,,,
1786043841666927516,1786043841.666218099,/novatel/oem7/inspva,/novatel/oem7/inspva,/novatel/oem7/inspva,39.663,-75.756,-1.800709506,0.000967595,-0.000459477,0.000718205,0.000648399,-0.000459477,,novatel_oem7_msgs.msg.InertialSolutionStatus(status=3),
1786043841668445438,1786043841.666374667,/novatel/oem7/fix,/novatel/oem7/fix,/novatel/oem7/inspva,39.663,-75.756,-1.800709506,0.000967595,-0.000459477,0.000718205,0.000648399,-0.000459477,,0,
1786043841669587707,1786043841.666932486,/novatel/oem7/odom,/novatel/oem7/fix,/novatel/oem7/odom,39.663,-75.756,-1.800709506,0.000969742,-0.000454928,0.000685894,0.000685528,-0.000454928,,,
1786043841675403579,1786043841.674656828,/novatel/oem7/odom,/novatel/oem7/fix,/novatel/oem7/odom,39.663,-75.756,-1.800709506,0.000969742,-0.000454928,0.000685894,0.000685528,-0.000454928,,,
1786043841685986746,1786043841.685312689,/novatel/oem7/inspva,/novatel/oem7/inspva,/novatel/oem7/inspva,39.663,-75.756,-1.800705226,0.001022582,0.000043062,0.000929224,0.000426868,0.000043062,,novatel_oem7_msgs.msg.InertialSolutionStatus(status=3),
1786043841687507055,1786043841.685475274,/novatel/oem7/fix,/novatel/oem7/fix,/novatel/oem7/inspva,39.663,-75.756,-1.800705226,0.001022582,0.000043062,0.000929224,0.000426868,0.000043062,,0,
1786043841688642376,1786043841.686306752,/novatel/oem7/odom,/novatel/oem7/fix,/novatel/oem7/odom,39.663,-75.756,-1.800705226,0.001022389,0.000047414,0.000473450,0.000906159,0.000047414,,,
1786043841696283554,1786043841.695536636,/novatel/oem7/odom,/novatel/oem7/fix,/novatel/oem7/odom,39.663,-75.756,-1.800705226,0.001022389,0.000047414,0.000473450,0.000906159,0.000047414,,,
1786043841706604495,1786043841.705886678,/novatel/oem7/inspva,/novatel/oem7/inspva,/novatel/oem7/inspva,39.663,-75.756,-1.800706547,0.001003174,-0.000034684,0.000770461,0.000642455,-0.000034684,,novatel_oem7_msgs.msg.InertialSolutionStatus(status=3),
1786043841708050953,1786043841.706023453,/novatel/oem7/fix,/novatel/oem7/fix,/novatel/oem7/inspva,39.663,-75.756,-1.800706547,0.001003174,-0.000034684,0.000770461,0.000642455,-0.000034684,,0,
1786043841709173628,1786043841.706416567,/novatel/oem7/odom,/novatel/oem7/fix,/novatel/oem7/odom,39.663,-75.756,-1.800706547,0.001003325,-0.000030005,0.000680977,0.000736839,-0.000030005,,,
1786043841710882856,1786043841.709534055,/novatel/oem7/bestpos,/novatel/oem7/bestpos,/novatel/oem7/odom,39.663,-75.756,33.181586790,0.001003325,-0.000030005,0.000680977,0.000736839,-0.000030005,,novatel_oem7_msgs.msg.SolutionStatus(status=0),novatel_oem7_msgs.msg.PositionOrVelocityType(type=53)
1786043841712418541,1786043841.710475985,/novatel/oem7/bestvel,/novatel/oem7/bestpos,/novatel/oem7/bestvel,39.663,-75.756,33.181586790,0.001154352,-0.000138557,,,,51.495018748,novatel_oem7_msgs.msg.SolutionStatus(status=0),novatel_oem7_msgs.msg.PositionOrVelocityType(type=53)
1786043841715235590,1786043841.714502786,/novatel/oem7/odom,/novatel/oem7/bestpos,/novatel/oem7/odom,39.663,-75.756,33.181586790,0.001003325,-0.000030005,0.000680977,0.000736839,-0.000030005,,,
1786043841727268782,1786043841.726600211,/novatel/oem7/inspva,/novatel/oem7/inspva,/novatel/oem7/inspva,39.663,-75.756,-1.800711484,0.001307921,-0.000588474,0.000910468,0.000938992,-0.000588474,,novatel_oem7_msgs.msg.InertialSolutionStatus(status=3),
1786043841728837434,1786043841.726744733,/novatel/oem7/fix,/novatel/oem7/fix,/novatel/oem7/inspva,39.663,-75.756,-1.800711484,0.001307921,-0.000588474,0.000910468,0.000938992,-0.000588474,,0,
1786043841729967082,1786043841.727672679,/novatel/oem7/odom,/novatel/oem7/fix,/novatel/oem7/odom,39.663,-75.756,-1.800711484,0.001310685,-0.000582292,0.000986392,0.000863092,-0.000582292,,,
1786043841735713411,1786043841.734927906,/novatel/oem7/odom,/novatel/oem7/fix,/novatel/oem7/odom,39.663,-75.756,-1.800711484,0.001310685,-0.000582292,0.000986392,0.000863092,-0.000582292,,,
1786043841745556430,1786043841.744862653,/novatel/oem7/inspva,/novatel/oem7/inspva,/novatel/oem7/inspva,39.663,-75.756,-1.800708546,0.001096514,-0.000295524,0.000606541,0.000913483,-0.000295524,,novatel_oem7_msgs.msg.InertialSolutionStatus(status=3),
1786043841747031742,1786043841.745004435,/novatel/oem7/fix,/novatel/oem7/fix,/novatel/oem7/inspva,39.663,-75.756,-1.800708546,0.001096514,-0.000295524,0.000606541,0.000913483,-0.000295524,,0,
1786043841748168087,1786043841.745454656,/novatel/oem7/odom,/novatel/oem7/fix,/novatel/oem7/odom,39.663,-75.756,-1.800708546,0.001097900,-0.000290330,0.000944315,0.000560049,-0.000290330,,,
1786043841756367330,1786043841.755625349,/novatel/oem7/odom,/novatel/oem7/fix,/novatel/oem7/odom,39.663,-75.756,-1.800708546,0.001097900,-0.000290330,0.000944315,0.000560049,-0.000290330,,,
1786043841765959021,1786043841.765362431,/novatel/oem7/inspva,/novatel/oem7/inspva,/novatel/oem7/inspva,39.663,-75.756,-1.800707702,0.001403760,-0.000116072,0.000865165,0.001105456,-0.000116072,,novatel_oem7_msgs.msg.InertialSolutionStatus(status=3),
1786043841767595991,1786043841.765556536,/novatel/oem7/fix,/novatel/oem7/fix,/novatel/oem7/inspva,39.663,-75.756,-1.800707702,0.001403760,-0.000116072,0.000865165,0.001105456,-0.000116072,,0,
1786043841768791313,1786043841.766218600,/novatel/oem7/odom,/novatel/oem7/fix,/novatel/oem7/odom,39.663,-75.756,-1.800707702,0.001404295,-0.000109403,0.001148514,0.000808060,-0.000109403,,,
1786043841775475137,1786043841.774704503,/novatel/oem7/odom,/novatel/oem7/fix,/novatel/oem7/odom,39.663,-75.756,-1.800707702,0.001404295,-0.000109403,0.001148514,0.000808060,-0.000109403,,,
1786043841786685538,1786043841.786024584,/novatel/oem7/inspva,/novatel/oem7/inspva,/novatel/oem7/inspva,39.663,-75.756,-1.800706750,0.000963918,-0.000260303,0.000458299,0.000847998,-0.000260303,,novatel_oem7_msgs.msg.InertialSolutionStatus(status=3),
1786043841788141429,1786043841.786173866,/novatel/oem7/fix,/novatel/oem7/fix,/novatel/oem7/inspva,39.663,-75.756,-1.800706750,0.000963918,-0.000260303,0.000458299,0.000847998,-0.000260303,,0,
1786043841789254937,1786043841.786592480,/novatel/oem7/odom,/novatel/oem7/fix,/novatel/oem7/odom,39.663,-75.756,-1.800706750,0.000965125,-0.000255794,0.000871234,0.000415231,-0.000255794,,,
1786043841795177777,1786043841.794470877,/novatel/oem7/odom,/novatel/oem7/fix,/novatel/oem7/odom,39.663,-75.756,-1.800706750,0.000965125,-0.000255794,0.000871234,0.000415231,-0.000255794,,,
1786043841807063421,1786043841.806488789,/novatel/oem7/inspva,/novatel/oem7/inspva,/novatel/oem7/inspva,39.663,-75.756,-1.800703752,0.001485095,-0.000057055,0.000961954,0.001131438,-0.000057055,,novatel_oem7_msgs.msg.InertialSolutionStatus(status=3),
1786043841808574257,1786043841.806634983,/novatel/oem7/fix,/novatel/oem7/fix,/novatel/oem7/inspva,39.663,-75.756,-1.800703752,0.001485095,-0.000057055,0.000961954,0.001131438,-0.000057055,,0,
1786043841809740198,1786043841.807143765,/novatel/oem7/odom,/novatel/oem7/fix,/novatel/oem7/odom,39.663,-75.756,-1.800703752,0.001485349,-0.000050014,0.001179175,0.000903221,-0.000050014,,,
1786043841811300591,1786043841.810003371,/novatel/oem7/bestpos,/novatel/oem7/bestpos,/novatel/oem7/odom,39.663,-75.756,33.181595365,0.001485349,-0.000050014,0.001179175,0.000903221,-0.000050014,,novatel_oem7_msgs.msg.SolutionStatus(status=0),novatel_oem7_msgs.msg.PositionOrVelocityType(type=53)
1786043841812318581,1786043841.810369201,/novatel/oem7/bestvel,/novatel/oem7/bestpos,/novatel/oem7/bestvel,39.663,-75.756,33.181595365,0.001167704,0.000185120,,,,48.859870543,novatel_oem7_msgs.msg.SolutionStatus(status=0),novatel_oem7_msgs.msg.PositionOrVelocityType(type=53)
1786043841817351942,1786043841.816594574,/novatel/oem7/odom,/novatel/oem7/bestpos,/novatel/oem7/odom,39.663,-75.756,33.181595365,0.001485349,-0.000050014,0.001179175,0.000903221,-0.000050014,,,
1786043841825821528,1786043841.825053740,/novatel/oem7/inspva,/novatel/oem7/inspva,/novatel/oem7/inspva,39.663,-75.756,-1.800703042,0.001016839,-0.000013141,0.000656702,0.000776340,-0.000013141,,novatel_oem7_msgs.msg.InertialSolutionStatus(status=3),
1786043841827270399,1786043841.825264546,/novatel/oem7/fix,/novatel/oem7/fix,/novatel/oem7/inspva,39.663,-75.756,-1.800703042,0.001016839,-0.000013141,0.000656702,0.000776340,-0.000013141,,0,
1786043841828493842,1786043841.825652995,/novatel/oem7/odom,/novatel/oem7/fix,/novatel/oem7/odom,39.663,-75.756,-1.800703042,0.001016890,-0.000008308,0.000808829,0.000616328,-0.000008308,,,
1786043841835065812,1786043841.834356241,/novatel/oem7/odom,/novatel/oem7/fix,/novatel/oem7/odom,39.663,-75.756,-1.800703042,0.001016890,-0.000008308,0.000808829,0.000616328,-0.000008308,,,
1786043841846991983,1786043841.846326943,/novatel/oem7/inspva,/novatel/oem7/inspva,/novatel/oem7/inspva,39.663,-75.756,-1.800704022,0.001706522,-0.000107851,0.001000158,0.001382715,-0.000107851,,novatel_oem7_msgs.msg.InertialSolutionStatus(status=3),
1786043841848772581,1786043841.846549558,/novatel/oem7/fix,/novatel/oem7/fix,/novatel/oem7/inspva,39.663,-75.756,-1.800704022,0.001706522,-0.000107851,0.001000158,0.001382715,-0.000107851,,0,
1786043841850118234,1786043841.847165311,/novatel/oem7/odom,/novatel/oem7/fix,/novatel/oem7/odom,39.663,-75.756,-1.800704022,0.001707014,-0.000099753,0.001432272,0.000928706,-0.000099753,,,
1786043841857478943,1786043841.856718301,/novatel/oem7/odom,/novatel/oem7/fix,/novatel/oem7/odom,39.663,-75.756,-1.800704022,0.001707014,-0.000099753,0.001432272,0.000928706,-0.000099753,,,
1786043841865582341,1786043841.864972842,/novatel/oem7/inspva,/novatel/oem7/inspva,/novatel/oem7/inspva,39.663,-75.756,-1.800704296,0.001129557,-0.000165421,0.000606621,0.000952842,-0.000165421,,novatel_oem7_msgs.msg.InertialSolutionStatus(status=3),
1786043841867141961,1786043841.865165484,/novatel/oem7/fix,/novatel/oem7/fix,/novatel/oem7/inspva,39.663,-75.756,-1.800704296,0.001129557,-0.000165421,0.000606621,0.000952842,-0.000165421,,0,
1786043841868332266,1786043841.865563861,/novatel/oem7/odom,/novatel/oem7/fix,/novatel/oem7/odom,39.663,-75.756,-1.800704296,0.001130327,-0.000160076,0.000983140,0.000557740,-0.000160076,,,
1786043841876112855,1786043841.875364427,/novatel/oem7/odom,/novatel/oem7/fix,/novatel/oem7/odom,39.663,-75.756,-1.800704296,0.001130327,-0.000160076,0.000983140,0.000557740,-0.000160076,,,
1786043841885834690,1786043841.885227247,/novatel/oem7/inspva,/novatel/oem7/inspva,/novatel/oem7/inspva,39.663,-75.756,-1.800703793,0.001203201,-0.000079525,0.000887070,0.000812896,-0.000079525,,novatel_oem7_msgs.msg.InertialSolutionStatus(status=3),
1786043841887368742,1786043841.885401376,/novatel/oem7/fix,/novatel/oem7/fix,/novatel/oem7/inspva,39.663,-75.756,-1.800703793,0.001203201,-0.000079525,0.000887070,0.000812896,-0.000079525,,0,
1786043841888547794,1786043841.885881304,/novatel/oem7/odom,/novatel/oem7/fix,/novatel/oem7/odom,39.663,-75.756,-1.800703793,0.001203561,-0.000073880,0.000857328,0.000844718,-0.000073880,,,
1786043841895684873,1786043841.894956176,/novatel/oem7/odom,/novatel/oem7/fix,/novatel/oem7/odom,39.663,-75.756,-1.800703793,0.001203561,-0.000073880,0.000857328,0.000844718,-0.000073880,,,
1786043841906564411,1786043841.905983751,/novatel/oem7/inspva,/novatel/oem7/inspva,/novatel/oem7/inspva,39.663,-75.756,-1.800702837,0.000899158,0.000172486,0.000431610,0.000788796,0.000172486,,novatel_oem7_msgs.msg.InertialSolutionStatus(status=3),
1786043841908041279,1786043841.906148746,/novatel/oem7/fix,/novatel/oem7/fix,/novatel/oem7/inspva,39.663,-75.756,-1.800702837,0.000899158,0.000172486,0.000431610,0.000788796,0.000172486,,0,
1786043841909159627,1786043841.906564231,/novatel/oem7/odom,/novatel/oem7/fix,/novatel/oem7/odom,39.663,-75.756,-1.800702837,0.000898342,0.000176689,0.000809090,0.000390374,0.000176689,,,
1786043841910782660,1786043841.909778393,/novatel/oem7/bestpos,/novatel/oem7/bestpos,/novatel/oem7/odom,39.663,-75.756,33.181590893,0.000898342,0.000176689,0.000809090,0.000390374,0.000176689,,novatel_oem7_msgs.msg.SolutionStatus(status=0),novatel_oem7_msgs.msg.PositionOrVelocityType(type=53)
1786043841912237454,1786043841.910328029,/novatel/oem7/bestvel,/novatel/oem7/bestpos,/novatel/oem7/bestvel,39.663,-75.756,33.181590893,0.000709505,0.000382769,,,,77.345288944,novatel_oem7_msgs.msg.SolutionStatus(status=0),novatel_oem7_msgs.msg.PositionOrVelocityType(type=53)
1786043841915120814,1786043841.914468897,/novatel/oem7/odom,/novatel/oem7/bestpos,/novatel/oem7/odom,39.663,-75.756,33.181590893,0.000898342,0.000176689,0.000809090,0.000390374,0.000176689,,,
1786043841925595327,1786043841.925060631,/novatel/oem7/inspva,/novatel/oem7/inspva,/novatel/oem7/inspva,39.663,-75.756,-1.800704413,0.001336825,-0.000117946,0.000888058,0.000999227,-0.000117946,,novatel_oem7_msgs.msg.InertialSolutionStatus(status=3),
1786043841926977078,1786043841.925227243,/novatel/oem7/fix,/novatel/oem7/fix,/novatel/oem7/inspva,39.663,-75.756,-1.800704413,0.001336825,-0.000117946,0.000888058,0.000999227,-0.000117946,,0,
1786043841928078359,1786043841.925742781,/novatel/oem7/odom,/novatel/oem7/fix,/novatel/oem7/odom,39.663,-75.756,-1.800704413,0.001337370,-0.000111603,0.001043618,0.000836313,-0.000111603,,,
1786043841936059683,1786043841.935383069,/novatel/oem7/odom,/novatel/oem7/fix,/novatel/oem7/odom,39.663,-75.756,-1.800704413,0.001337370,-0.000111603,0.001043618,0.000836313,-0.000111603,,,
1786043841945578966,1786043841.945043551,/novatel/oem7/inspva,/novatel/oem7/inspva,/novatel/oem7/inspva,39.663,-75.756,-1.800703195,0.001101992,0.000122692,0.000799705,0.000758195,0.000122692,,novatel_oem7_msgs.msg.InertialSolutionStatus(status=3),
1786043841947048274,1786043841.945211509,/novatel/oem7/fix,/novatel/oem7/fix,/novatel/oem7/inspva,39.663,-75.756,-1.800703195,0.001101992,0.000122692,0.000799705,0.000758195,0.000122692,,0,
1786043841948509789,1786043841.945499916,/novatel/oem7/odom,/novatel/oem7/fix,/novatel/oem7/odom,39.663,-75.756,-1.800703195,0.001101402,0.000127879,0.000797475,0.000759685,0.000127879,,,
1786043841956313795,1786043841.955621725,/novatel/oem7/odom,/novatel/oem7/fix,/novatel/oem7/odom,39.663,-75.756,-1.800703195,0.001101402,0.000127879,0.000797475,0.000759685,0.000127879,,,
1786043841966816148,1786043841.966284746,/novatel/oem7/inspva,/novatel/oem7/inspva,/novatel/oem7/inspva,39.663,-75.756,-1.800705231,0.001387198,0.000034730,0.000546031,0.001275213,0.000034730,,novatel_oem7_msgs.msg.InertialSolutionStatus(status=3),
1786043841968287437,1786043841.966477208,/novatel/oem7/fix,/novatel/oem7/fix,/novatel/oem7/inspva,39.663,-75.756,-1.800705231,0.001387198,0.000034730,0.000546031,0.001275213,0.000034730,,0,
1786043841969459089,1786043841.966962596,/novatel/oem7/odom,/novatel/oem7/fix,/novatel/oem7/odom,39.663,-75.756,-1.800705231,0.001387024,0.000041080,0.001301235,0.000480232,0.000041080,,,
1786043841975403502,1786043841.974622727,/novatel/oem7/odom,/novatel/oem7/fix,/novatel/oem7/odom,39.663,-75.756,-1.800705231,0.001387024,0.000041080,0.001301235,0.000480232,0.000041080,,,
1786043841985590502,1786043841.984935596,/novatel/oem7/inspva,/novatel/oem7/inspva,/novatel/oem7/inspva,39.663,-75.756,-1.800706916,0.001174671,0.000039709,0.000614888,0.001000881,0.000039709,,novatel_oem7_msgs.msg.InertialSolutionStatus(status=3),
1786043841987039107,1786043841.985106001,/novatel/oem7/fix,/novatel/oem7/fix,/novatel/oem7/inspva,39.663,-75.756,-1.800706916,0.001174671,0.000039709,0.000614888,0.001000881,0.000039709,,0,
1786043841988165138,1786043841.985559995,/novatel/oem7/odom,/novatel/oem7/fix,/novatel/oem7/odom,39.663,-75.756,-1.800706916,0.001174471,0.000045243,0.001030750,0.000562970,0.000045243,,,
1786043841996098705,1786043841.995356355,/novatel/oem7/odom,/novatel/oem7/fix,/novatel/oem7/odom,39.663,-75.756,-1.800706916,0.001174471,0.000045243,0.001030750,0.000562970,0.000045243,,,
1786043842010743494,1786043842.010072331,/novatel/oem7/inspva,/novatel/oem7/inspva,/novatel/oem7/inspva,39.663,-75.756,-1.800707804,0.001007847,0.000051662,0.000600414,0.000809480,0.000051662,,novatel_oem7_msgs.msg.InertialSolutionStatus(status=3),
1786043842012234279,1786043842.010241902,/novatel/oem7/fix,/novatel/oem7/fix,/novatel/oem7/inspva,39.663,-75.756,-1.800707804,0.001007847,0.000051662,0.000600414,0.000809480,0.000051662,,0,
1786043842013326310,1786043842.011461455,/novatel/oem7/odom,/novatel/oem7/fix,/novatel/oem7/odom,39.663,-75.756,-1.800707804,0.001007590,0.000056448,0.000838818,0.000558231,0.000056448,,,
1786043842016705124,1786043842.015986837,/novatel/oem7/odom,/novatel/oem7/fix,/novatel/oem7/odom,39.663,-75.756,-1.800707804,0.001007590,0.000056448,0.000838818,0.000558231,0.000056448,,,
1786043842026639139,1786043842.025993205,/novatel/oem7/bestpos,/novatel/oem7/bestpos,/novatel/oem7/odom,39.663,-75.756,33.181580970,0.001007590,0.000056448,0.000838818,0.000558231,0.000056448,,novatel_oem7_msgs.msg.SolutionStatus(status=0),novatel_oem7_msgs.msg.PositionOrVelocityType(type=53)
1786043842028184888,1786043842.026799504,/novatel/oem7/bestvel,/novatel/oem7/bestpos,/novatel/oem7/bestvel,39.663,-75.756,33.181580970,0.001179794,-0.000066594,,,,56.697961126,novatel_oem7_msgs.msg.SolutionStatus(status=0),novatel_oem7_msgs.msg.PositionOrVelocityType(type=53)
1786043842029189721,1786043842.027219088,/novatel/oem7/inspva,/novatel/oem7/inspva,/novatel/oem7/inspva,39.663,-75.756,-1.800708947,0.000983538,0.000002791,0.000528638,0.000829390,0.000002791,,novatel_oem7_msgs.msg.InertialSolutionStatus(status=3),
1786043842030111257,1786043842.027384413,/novatel/oem7/fix,/novatel/oem7/fix,/novatel/oem7/inspva,39.663,-75.756,-1.800708947,0.000983538,0.000002791,0.000528638,0.000829390,0.000002791,,0,
1786043842031723227,1786043842.027706650,/novatel/oem7/odom,/novatel/oem7/fix,/novatel/oem7/odom,39.663,-75.756,-1.800708947,0.000983513,0.000007434,0.000855235,0.000485667,0.000007434,,,
1786043842035336150,1786043842.034680660,/novatel/oem7/odom,/novatel/oem7/fix,/novatel/oem7/odom,39.663,-75.756,-1.800708947,0.000983513,0.000007434,0.000855235,0.000485667,0.000007434,,,
1786043842046314338,1786043842.045572687,/novatel/oem7/inspva,/novatel/oem7/inspva,/novatel/oem7/inspva,39.663,-75.756,-1.800705230,0.001005124,0.000213006,0.000470753,0.000888069,0.000213006,,novatel_oem7_msgs.msg.InertialSolutionStatus(status=3),
1786043842048269928,1786043842.045832180,/novatel/oem7/fix,/novatel/oem7/fix,/novatel/oem7/inspva,39.663,-75.756,-1.800705230,0.001005124,0.000213006,0.000470753,0.000888069,0.000213006,,0,
1786043842049972799,1786043842.046399316,/novatel/oem7/odom,/novatel/oem7/fix,/novatel/oem7/odom,39.663,-75.756,-1.800705230,0.001004121,0.000217685,0.000910080,0.000424281,0.000217685,,,
1786043842057485955,1786043842.056580875,/novatel/oem7/odom,/novatel/oem7/fix,/novatel/oem7/odom,39.663,-75.756,-1.800705230,0.001004121,0.000217685,0.000910080,0.000424281,0.000217685,,,
1786043842065944487,1786043842.065271487,/novatel/oem7/inspva,/novatel/oem7/inspva,/novatel/oem7/inspva,39.663,-75.756,-1.800704520,0.000987282,0.000192547,0.000669544,0.000725560,0.000192547,,novatel_oem7_msgs.msg.InertialSolutionStatus(status=3),
1786043842067414933,1786043842.065457599,/novatel/oem7/fix,/novatel/oem7/fix,/novatel/oem7/inspva,39.663,-75.756,-1.800704520,0.000987282,0.000192547,0.000669544,0.000725560,0.000192547,,0,
1786043842068587341,1786043842.065939641,/novatel/oem7/odom,/novatel/oem7/fix,/novatel/oem7/odom,39.663,-75.756,-1.800704520,0.000986360,0.000197215,0.000757993,0.000631152,0.000197215,,,
1786043842076123631,1786043842.074847858,/novatel/oem7/odom,/novatel/oem7/fix,/novatel/oem7/odom,39.663,-75.756,-1.800704520,0.000986360,0.000197215,0.000757993,0.000631152,0.000197215,,,
1786043842087331261,1786043842.086643501,/novatel/oem7/inspva,/novatel/oem7/inspva,/novatel/oem7/inspva,39.663,-75.756,-1.800703626,0.001187364,-0.000049804,-0.000007710,0.001187339,-0.000049804,,novatel_oem7_msgs.msg.InertialSolutionStatus(status=3),
1786043842088772282,1786043842.086853090,/novatel/oem7/fix,/novatel/oem7/fix,/novatel/oem7/inspva,39.663,-75.756,-1.800703626,0.001187364,-0.000049804,-0.000007710,0.001187339,-0.000049804,,0,
1786043842089839266,1786043842.087669888,/novatel/oem7/odom,/novatel/oem7/fix,/novatel/oem7/odom,39.663,-75.756,-1.800703626,0.001187539,-0.000045428,0.001185585,-0.000068099,-0.000045428,,,
1786043842095941498,1786043842.095181414,/novatel/oem7/odom,/novatel/oem7/fix,/novatel/oem7/odom,39.663,-75.756,-1.800703626,0.001187539,-0.000045428,0.001185585,-0.000068099,-0.000045428,,,
1786043842106813435,1786043842.105893406,/novatel/oem7/inspva,/novatel/oem7/inspva,/novatel/oem7/inspva,39.663,-75.756,-1.800699608,0.001248742,0.000057371,0.000347017,0.001199556,0.000057371,,novatel_oem7_msgs.msg.InertialSolutionStatus(status=3),
1786043842108390718,1786043842.106159922,/novatel/oem7/fix,/novatel/oem7/fix,/novatel/oem7/inspva,39.663,-75.756,-1.800699608,0.001248742,0.000057371,0.000347017,0.001199556,0.000057371,,0,
1786043842109575213,1786043842.106536666,/novatel/oem7/odom,/novatel/oem7/fix,/novatel/oem7/odom,39.663,-75.756,-1.800699608,0.001248479,0.000062834,0.001215457,0.000285245,0.000062834,,,
1786043842111240770,1786043842.109507460,/novatel/oem7/bestpos,/novatel/oem7/bestpos,/novatel/oem7/odom,39.663,-75.756,33.181627912,0.001248479,0.000062834,0.001215457,0.000285245,0.000062834,,novatel_oem7_msgs.msg.SolutionStatus(status=0),novatel_oem7_msgs.msg.PositionOrVelocityType(type=53)
1786043842112228803,1786043842.110320814,/novatel/oem7/bestvel,/novatel/oem7/bestpos,/novatel/oem7/bestvel,39.663,-75.756,33.181627912,0.001009151,0.000126191,,,,58.391823328,novatel_oem7_msgs.msg.SolutionStatus(status=0),novatel_oem7_msgs.msg.PositionOrVelocityType(type=53)
1786043842116229651,1786043842.115500867,/novatel/oem7/odom,/novatel/oem7/bestpos,/novatel/oem7/odom,39.663,-75.756,33.181627912,0.001248479,0.000062834,0.001215457,0.000285245,0.000062834,,,
1786043842127109831,1786043842.126478835,/novatel/oem7/inspva,/novatel/oem7/inspva,/novatel/oem7/inspva,39.663,-75.756,-1.800696513,0.001148089,0.000021407,0.000012373,0.001148023,0.000021407,,novatel_oem7_msgs.msg.InertialSolutionStatus(status=3),
1786043842128559599,1786043842.126659360,/novatel/oem7/fix,/novatel/oem7/fix,/novatel/oem7/inspva,39.663,-75.756,-1.800696513,0.001148089,0.000021407,0.000012373,0.001148023,0.000021407,,0,
1786043842129654910,1786043842.127061691,/novatel/oem7/odom,/novatel/oem7/fix,/novatel/oem7/odom,39.663,-75.756,-1.800696513,0.001148001,0.000025697,0.001147070,-0.000046227,0.000025697,,,
1786043842135710115,1786043842.134802316,/novatel/oem7/odom,/novatel/oem7/fix,/novatel/oem7/odom,39.663,-75.756,-1.800696513,0.001148001,0.000025697,0.001147070,-0.000046227,0.000025697,,,
1786043842147145328,1786043842.146090184,/novatel/oem7/inspva,/novatel/oem7/inspva,/novatel/oem7/inspva,39.663,-75.756,-1.800695292,0.001359019,-0.000063914,0.000418950,0.001292832,-0.000063914,,novatel_oem7_msgs.msg.InertialSolutionStatus(status=3),
1786043842149139462,1786043842.146437637,/novatel/oem7/fix,/novatel/oem7/fix,/novatel/oem7/inspva,39.663,-75.756,-1.800695292,0.001359019,-0.000063914,0.000418950,0.001292832,-0.000063914,,0,
1786043842150749994,1786043842.146965600,/novatel/oem7/odom,/novatel/oem7/fix,/novatel/oem7/odom,39.663,-75.756,-1.800695292,0.001359289,-0.000057893,0.001312743,0.000352666,-0.000057893,,,
1786043842157117873,1786043842.156114239,/novatel/oem7/odom,/novatel/oem7/fix,/novatel/oem7/odom,39.663,-75.756,-1.800695292,0.001359289,-0.000057893,0.001312743,0.000352666,-0.000057893,,,
1786043842166019543,1786043842.165311879,/novatel/oem7/inspva,/novatel/oem7/inspva,/novatel/oem7/inspva,39.663,-75.756,-1.800693709,0.000892181,-0.000102082,0.000135722,0.000881798,-0.000102082,,novatel_oem7_msgs.msg.InertialSolutionStatus(status=3),
1786043842167572945,1786043842.165519548,/novatel/oem7/fix,/novatel/oem7/fix,/novatel/oem7/inspva,39.663,-75.756,-1.800693709,0.000892181,-0.000102082,0.000135722,0.000881798,-0.000102082,,0,
1786043842168724620,1786043842.166082004,/novatel/oem7/odom,/novatel/oem7/fix,/novatel/oem7/odom,39.663,-75.756,-1.800693709,0.000892593,-0.000098416,0.000887956,0.000090871,-0.000098416,,,
1786043842176344254,1786043842.175515842,/novatel/oem7/odom,/novatel/oem7/fix,/novatel/oem7/odom,39.663,-75.756,-1.800693709,0.000892593,-0.000098416,0.000887956,0.000090871,-0.000098416,,,
1786043842186716329,1786043842.186020886,/novatel/oem7/inspva,/novatel/oem7/inspva,/novatel/oem7/inspva,39.663,-75.756,-1.800693033,0.001245675,-0.000110002,0.000607209,0.001087660,-0.000110002,,novatel_oem7_msgs.msg.InertialSolutionStatus(status=3),
1786043842188098277,1786043842.186227004,/novatel/oem7/fix,/novatel/oem7/fix,/novatel/oem7/inspva,39.663,-75.756,-1.800693033,0.001245675,-0.000110002,0.000607209,0.001087660,-0.000110002,,0,
1786043842189145951,1786043842.186607705,/novatel/oem7/odom,/novatel/oem7/fix,/novatel/oem7/odom,39.663,-75.756,-1.800693033,0.001246174,-0.000104192,0.001117619,0.000551253,-0.000104192,,,
1786043842195102634,1786043842.194381213,/novatel/oem7/odom,/novatel/oem7/fix,/novatel/oem7/odom,39.663,-75.756,-1.800693033,0.001246174,-0.000104192,0.001117619,0.000551253,-0.000104192,,,
1786043842207115183,1786043842.206274967,/novatel/oem7/inspva,/novatel/oem7/inspva,/novatel/oem7/inspva,39.663,-75.756,-1.800691447,0.001115751,-0.000149597,-0.000087662,0.001112302,-0.000149597,,novatel_oem7_msgs.msg.InertialSolutionStatus(status=3),
1786043842208750396,1786043842.206528844,/novatel/oem7/fix,/novatel/oem7/fix,/novatel/oem7/inspva,39.663,-75.756,-1.800691447,0.001115751,-0.000149597,-0.000087662,0.001112302,-0.000149597,,0,
1786043842209883251,1786043842.207103290,/novatel/oem7/odom,/novatel/oem7/fix,/novatel/oem7/odom,39.663,-75.756,-1.800691447,0.001116263,-0.000145726,0.001106955,-0.000143858,-0.000145726,,,
1786043842211522838,1786043842.210150661,/novatel/oem7/bestpos,/novatel/oem7/bestpos,/novatel/oem7/odom,39.663,-75.756,33.181635409,0.001116263,-0.000145726,0.001106955,-0.000143858,-0.000145726,,novatel_oem7_msgs.msg.SolutionStatus(status=0),novatel_oem7_msgs.msg.PositionOrVelocityType(type=53)
1786043842212505058,1786043842.210554308,/novatel/oem7/bestvel,/novatel/oem7/bestpos,/novatel/oem7/bestvel,39.663,-75.756,33.181635409,0.001411656,-0.000186959,,,,100.837509200,novatel_oem7_msgs.msg.SolutionStatus(status=0),novatel_oem7_msgs.msg.PositionOrVelocityType(type=53)
1786043842215920159,1786043842.215213627,/novatel/oem7/odom,/novatel/oem7/bestpos,/novatel/oem7/odom,39.663,-75.756,33.181635409,0.001116263,-0.000145726,0.001106955,-0.000143858,-0.000145726,,,
1786043842225803852,1786043842.225173059,/novatel/oem7/inspva,/novatel/oem7/inspva,/novatel/oem7/inspva,39.663,-75.756,-1.800690539,0.001352441,-0.000308405,0.000338037,0.001309514,-0.000308405,,novatel_oem7_msgs.msg.InertialSolutionStatus(status=3),
1786043842227203197,1786043842.225352758,/novatel/oem7/fix,/novatel/oem7/fix,/novatel/oem7/inspva,39.663,-75.756,-1.800690539,0.001352441,-0.000308405,0.000338037,0.001309514,-0.000308405,,0,
1786043842228314895,1786043842.225780139,/novatel/oem7/odom,/novatel/oem7/fix,/novatel/oem7/odom,39.663,-75.756,-1.800690539,0.001353759,-0.000302569,0.001326220,0.000271670,-0.000302569,,,
1786043842235494691,1786043842.234565947,/novatel/oem7/odom,/novatel/oem7/fix,/novatel/oem7/odom,39.663,-75.756,-1.800690539,0.001353759,-0.000302569,0.001326220,0.000271670,-0.000302569,,,
1786043842247416105,1786043842.246602490,/novatel/oem7/inspva,/novatel/oem7/inspva,/novatel/oem7/inspva,39.663,-75.756,-1.800686347,0.001199224,0.000024791,-0.000253611,0.001172100,0.000024791,,novatel_oem7_msgs.msg.InertialSolutionStatus(status=3),
1786043842249143366,1786043842.246921920,/novatel/oem7/fix,/novatel/oem7/fix,/novatel/oem7/inspva,39.663,-75.756,-1.800686347,0.001199224,0.000024791,-0.000253611,0.001172100,0.000024791,,0,
1786043842250608984,1786043842.247575823,/novatel/oem7/odom,/novatel/oem7/fix,/novatel/oem7/odom,39.663,-75.756,-1.800686347,0.001199144,0.000028385,0.001157540,-0.000313127,0.000028385,,,
1786043842257324755,1786043842.256500127,/novatel/oem7/odom,/novatel/oem7/fix,/novatel/oem7/odom,39.663,-75.756,-1.800686347,0.001199144,0.000028385,0.001157540,-0.000313127,0.000028385,,,
1786043842265768265,1786043842.265060768,/novatel/oem7/inspva,/novatel/oem7/inspva,/novatel/oem7/inspva,39.663,-75.756,-1.800684723,0.001492264,0.000081428,0.000120322,0.001487406,0.000081428,,novatel_oem7_msgs.msg.InertialSolutionStatus(status=3),
1786043842267317781,1786043842.265288673,/novatel/oem7/fix,/novatel/oem7/fix,/novatel/oem7/inspva,39.663,-75.756,-1.800684723,0.001492264,0.000081428,0.000120322,0.001487406,0.000081428,,0,
1786043842268570439,1786043842.265789585,/novatel/oem7/odom,/novatel/oem7/fix,/novatel/oem7/odom,39.663,-75.756,-1.800684723,0.001491933,0.000087280,0.001491282,0.000044077,0.000087280,,,
1786043842275392859,1786043842.274684869,/novatel/oem7/odom,/novatel/oem7/fix,/novatel/oem7/odom,39.663,-75.756,-1.800684723,0.001491933,0.000087280,0.001491282,0.000044077,0.000087280,,,
1786043842285688190,1786043842.285107321,/novatel/oem7/inspva,/novatel/oem7/inspva,/novatel/oem7/inspva,39.663,-75.756,-1.800684489,0.001264608,-0.000402246,0.000111709,0.001259664,-0.000402246,,novatel_oem7_msgs.msg.InertialSolutionStatus(status=3),
1786043842287018830,1786043842.285318103,/novatel/oem7/fix,/novatel/oem7/fix,/novatel/oem7/inspva,39.663,-75.756,-1.800684489,0.001264608,-0.000402246,0.000111709,0.001259664,-0.000402246,,0,
1786043842288067364,1786043842.285783708,/novatel/oem7/odom,/novatel/oem7/fix,/novatel/oem7/odom,39.663,-75.756,-1.800684489,0.001266182,-0.000397264,0.001265256,0.000048418,-0.000397264,,,
1786043842295646324,1786043842.294926241,/novatel/oem7/odom,/novatel/oem7/fix,/novatel/oem7/odom,39.663,-75.756,-1.800684489,0.001266182,-0.000397264,0.001265256,0.000048418,-0.000397264,,,
1786043842306810398,1786043842.306087494,/novatel/oem7/inspva,/novatel/oem7/inspva,/novatel/oem7/inspva,39.663,-75.756,-1.800679862,0.001342020,-0.000198286,0.000538847,0.001229089,-0.000198286,,novatel_oem7_msgs.msg.InertialSolutionStatus(status=3),
1786043842308307803,1786043842.306297276,/novatel/oem7/fix,/novatel/oem7/fix,/novatel/oem7/inspva,39.663,-75.756,-1.800679862,0.001342020,-0.000198286,0.000538847,0.001229089,-0.000198286,,0,
1786043842309417581,1786043842.306809514,/novatel/oem7/odom,/novatel/oem7/fix,/novatel/oem7/odom,39.663,-75.756,-1.800679862,0.001342908,-0.000192176,0.001255722,0.000475987,-0.000192176,,,
1786043842310988724,1786043842.309602953,/novatel/oem7/bestpos,/novatel/oem7/bestpos,/novatel/oem7/odom,39.663,-75.756,33.181655445,0.001342908,-0.000192176,0.001255722,0.000475987,-0.000192176,,novatel_oem7_msgs.msg.SolutionStatus(status=0),novatel_oem7_msgs.msg.PositionOrVelocityType(type=53)
1786043842311958274,1786043842.310201732,/novatel/oem7/bestvel,/novatel/oem7/bestpos,/novatel/oem7/bestvel,39.663,-75.756,33.181655445,0.000755009,0.000288489,,,,80.029641154,novatel_oem7_msgs.msg.SolutionStatus(status=0),novatel_oem7_msgs.msg.PositionOrVelocityType(type=53)
1786043842315041888,1786043842.314300853,/novatel/oem7/odom,/novatel/oem7/bestpos,/novatel/oem7/odom,39.663,-75.756,33.181655445,0.001342908,-0.000192176,0.001255722,0.000475987,-0.000192176,,,
1786043842325481331,1786043842.324926108,/novatel/oem7/inspva,/novatel/oem7/inspva,/novatel/oem7/inspva,39.663,-75.756,-1.800674893,0.001535751,0.000071680,0.000130864,0.001530166,0.000071680,,novatel_oem7_msgs.msg.InertialSolutionStatus(status=3),
1786043842326823871,1786043842.325101327,/novatel/oem7/fix,/novatel/oem7/fix,/novatel/oem7/inspva,39.663,-75.756,-1.800674893,0.001535751,0.000071680,0.000130864,0.001530166,0.000071680,,0,
1786043842327908725,1786043842.325602475,/novatel/oem7/odom,/novatel/oem7/fix,/novatel/oem7/odom,39.663,-75.756,-1.800674893,0.001535458,0.000077708,0.001534563,0.000052422,0.000077708,,,
1786043842336666224,1786043842.335556729,/novatel/oem7/odom,/novatel/oem7/fix,/novatel/oem7/odom,39.663,-75.756,-1.800674893,0.001535458,0.000077708,0.001534563,0.000052422,0.000077708,,,
1786043842345752776,1786043842.344943248,/novatel/oem7/inspva,/novatel/oem7/inspva,/novatel/oem7/inspva,39.663,-75.756,-1.800672757,0.001586714,-0.000001079,0.000325867,0.001552891,-0.000001079,,novatel_oem7_msgs.msg.InertialSolutionStatus(status=3),
1786043842347538835,1786043842.345217371,/novatel/oem7/fix,/novatel/oem7/fix,/novatel/oem7/inspva,39.663,-75.756,-1.800672757,0.001586714,-0.000001079,0.000325867,0.001552891,-0.000001079,,0,
1786043842348983642,1786043842.345848404,/novatel/oem7/odom,/novatel/oem7/fix,/novatel/oem7/odom,39.663,-75.756,-1.800672757,0.001586704,0.000005586,0.001567484,0.000246216,0.000005586,,,
1786043842356447768,1786043842.355672250,/novatel/oem7/odom,/novatel/oem7/fix,/novatel/oem7/odom,39.663,-75.756,-1.800672757,0.001586704,0.000005586,0.001567484,0.000246216,0.000005586,,,
1786043842367967452,1786043842.366960205,/novatel/oem7/inspva,/novatel/oem7/inspva,/novatel/oem7/inspva,39.663,-75.756,-1.800672683,0.001604886,-0.000267554,0.000038495,0.001604424,-0.000267554,,novatel_oem7_msgs.msg.InertialSolutionStatus(status=3),
1786043842370210428,1786043842.367218410,/novatel/oem7/fix,/novatel/oem7/fix,/novatel/oem7/inspva,39.663,-75.756,-1.800672683,0.001604886,-0.000267554,0.000038495,0.001604424,-0.000267554,,0,
1786043842371602675,1786043842.367639747,/novatel/oem7/odom,/novatel/oem7/fix,/novatel/oem7/odom,39.663,-75.756,-1.800672683,0.001605875,-0.000261550,0.001605308,-0.000042680,-0.000261550,,,
1786043842375698333,1786043842.374953676,/novatel/oem7/odom,/novatel/oem7/fix,/novatel/oem7/odom,39.663,-75.756,-1.800672683,0.001605875,-0.000261550,0.001605308,-0.000042680,-0.000261550,,,
1786043842385681988,1786043842.385016475,/novatel/oem7/inspva,/novatel/oem7/inspva,/novatel/oem7/inspva,39.663,-75.756,-1.800669049,0.001416308,-0.000133324,0.000121262,0.001411108,-0.000133324,,novatel_oem7_msgs.msg.InertialSolutionStatus(status=3),
1786043842387022851,1786043842.385167449,/novatel/oem7/fix,/novatel/oem7/fix,/novatel/oem7/inspva,39.663,-75.756,-1.800669049,0.001416308,-0.000133324,0.000121262,0.001411108,-0.000133324,,0,
1786043842388136253,1786043842.385496879,/novatel/oem7/odom,/novatel/oem7/fix,/novatel/oem7/odom,39.663,-75.756,-1.800669049,0.001416818,-0.000127790,0.001415955,0.000049470,-0.000127790,,,
1786043842395757387,1786043842.394757107,/novatel/oem7/odom,/novatel/oem7/fix,/novatel/oem7/odom,39.663,-75.756,-1.800669049,0.001416818,-0.000127790,0.001415955,0.000049470,-0.000127790,,,
1786043842407412938,1786043842.406544619,/novatel/oem7/inspva,/novatel/oem7/inspva,/novatel/oem7/inspva,39.663,-75.756,-1.800668072,0.001239359,-0.000185580,0.000525092,0.001122625,-0.000185580,,novatel_oem7_msgs.msg.InertialSolutionStatus(status=3),
1786043842409026565,1786043842.406765095,/novatel/oem7/fix,/novatel/oem7/fix,/novatel/oem7/inspva,39.663,-75.756,-1.800668072,0.001239359,-0.000185580,0.000525092,0.001122625,-0.000185580,,0,
1786043842410204707,1786043842.407531639,/novatel/oem7/odom,/novatel/oem7/fix,/novatel/oem7/odom,39.663,-75.756,-1.800668072,0.001240194,-0.000179909,0.001148650,0.000467637,-0.000179909,,,
1786043842411813093,1786043842.410187243,/novatel/oem7/bestpos,/novatel/oem7/bestpos,/novatel/oem7/odom,39.663,-75.756,33.181667822,0.001240194,-0.000179909,0.001148650,0.000467637,-0.000179909,,novatel_oem7_msgs.msg.SolutionStatus(status=0),novatel_oem7_msgs.msg.PositionOrVelocityType(type=53)
1786043842412833487,1786043842.410548874,/novatel/oem7/bestvel,/novatel/oem7/bestpos,/novatel/oem7/bestvel,39.663,-75.756,33.181667822,0.001358739,-0.000122512,,,,80.473921328,novatel_oem7_msgs.msg.SolutionStatus(status=0),novatel_oem7_msgs.msg.PositionOrVelocityType(type=53)
1786043842415780670,1786043842.415049936,/novatel/oem7/odom,/novatel/oem7/bestpos,/novatel/oem7/odom,39.663,-75.756,33.181667822,0.001240194,-0.000179909,0.001148650,0.000467637,-0.000179909,,,
1786043842425845479,1786043842.425208426,/novatel/oem7/inspva,/novatel/oem7/inspva,/novatel/oem7/inspva,39.663,-75.756,-1.800667429,0.001216378,-0.000338592,0.000413873,0.001143803,-0.000338592,,novatel_oem7_msgs.msg.InertialSolutionStatus(status=3),
1786043842427358354,1786043842.425366190,/novatel/oem7/fix,/novatel/oem7/fix,/novatel/oem7/inspva,39.663,-75.756,-1.800667429,0.001216378,-0.000338592,0.000413873,0.001143803,-0.000338592,,0,
1786043842428486796,1786043842.425776841,/novatel/oem7/odom,/novatel/oem7/fix,/novatel/oem7/odom,39.663,-75.756,-1.800667429,0.001217873,-0.000333174,0.001164716,0.000355882,-0.000333174,,,
1786043842436024549,1786043842.434702685,/novatel/oem7/odom,/novatel/oem7/fix,/novatel/oem7/odom,39.663,-75.756,-1.800667429,0.001217873,-0.000333174,0.001164716,0.000355882,-0.000333174,,,
1786043842445994313,1786043842.445108154,/novatel/oem7/inspva,/novatel/oem7/inspva,/novatel/oem7/inspva,39.663,-75.756,-1.800661963,0.001293488,0.000297999,0.000520525,0.001184130,0.000297999,,novatel_oem7_msgs.msg.InertialSolutionStatus(status=3),
1786043842448064351,1786043842.445382707,/novatel/oem7/fix,/novatel/oem7/fix,/novatel/oem7/inspva,39.663,-75.756,-1.800661963,0.001293488,0.000297999,0.000520525,0.001184130,0.000297999,,0,
1786043842449501599,1786043842.446003207,/novatel/oem7/odom,/novatel/oem7/fix,/novatel/oem7/odom,39.663,-75.756,-1.800661963,0.001292118,0.000303882,0.001208000,0.000458593,0.000303882,,,
1786043842457320218,1786043842.456529590,/novatel/oem7/odom,/novatel/oem7/fix,/novatel/oem7/odom,39.663,-75.756,-1.800661963,0.001292118,0.000303882,0.001208000,0.000458593,0.000303882,,,
1786043842465790714,1786043842.465008456,/novatel/oem7/inspva,/novatel/oem7/inspva,/novatel/oem7/inspva,39.663,-75.756,-1.800662762,0.001178673,0.000189548,0.000410734,0.001104793,0.000189548,,novatel_oem7_msgs.msg.InertialSolutionStatus(status=3),
1786043842467464601,1786043842.465209865,/novatel/oem7/fix,/novatel/oem7/fix,/novatel/oem7/inspva,39.663,-75.756,-1.800662762,0.001178673,0.000189548,0.000410734,0.001104793,0.000189548,,0,
1786043842468643996,1786043842.465746854,/novatel/oem7/odom,/novatel/oem7/fix,/novatel/oem7/odom,39.663,-75.756,-1.800662762,0.001177813,0.000194815,0.001123583,0.000353279,0.000194815,,,
1786043842475335947,1786043842.474594267,/novatel/oem7/odom,/novatel/oem7/fix,/novatel/oem7/odom,39.663,-75.756,-1.800662762,0.001177813,0.000194815,0.001123583,0.000353279,0.000194815,,,
1786043842486241572,1786043842.485614222,/novatel/oem7/inspva,/novatel/oem7/inspva,/novatel/oem7/inspva,39.663,-75.756,-1.800665553,0.000892496,-0.000371340,0.000518274,0.000726596,-0.000371340,,novatel_oem7_msgs.msg.InertialSolutionStatus(status=3),
1786043842487765853,1786043842.485787347,/novatel/oem7/fix,/novatel/oem7/fix,/novatel/oem7/inspva,39.663,-75.756,-1.800665553,0.000892496,-0.000371340,0.000518274,0.000726596,-0.000371340,,0,
1786043842488835468,1786043842.486603558,/novatel/oem7/odom,/novatel/oem7/fix,/novatel/oem7/odom,39.663,-75.756,-1.800665553,0.000894230,-0.000367146,0.000753519,0.000481514,-0.000367146,,,
1786043842495371747,1786043842.494642780,/novatel/oem7/odom,/novatel/oem7/fix,/novatel/oem7/odom,39.663,-75.756,-1.800665553,0.000894230,-0.000367146,0.000753519,0.000481514,-0.000367146,,,
1786043842506906861,1786043842.506088259,/novatel/oem7/inspva,/novatel/oem7/inspva,/novatel/oem7/inspva,39.663,-75.756,-1.800665073,0.000842148,-0.000216570,0.000208638,0.000815894,-0.000216570,,novatel_oem7_msgs.msg.InertialSolutionStatus(status=3),
1786043842508412963,1786043842.506323805,/novatel/oem7/fix,/novatel/oem7/fix,/novatel/oem7/inspva,39.663,-75.756,-1.800665073,0.000842148,-0.000216570,0.000208638,0.000815894,-0.000216570,,0,
1786043842509551954,1786043842.506875177,/novatel/oem7/odom,/novatel/oem7/fix,/novatel/oem7/odom,39.663,-75.756,-1.800665073,0.000843065,-0.000212972,0.000826298,0.000167301,-0.000212972,,,
1786043842512293459,1786043842.511586182,/novatel/oem7/bestpos,/novatel/oem7/bestpos,/novatel/oem7/odom,39.663,-75.756,33.181675278,0.000843065,-0.000212972,0.000826298,0.000167301,-0.000212972,,novatel_oem7_msgs.msg.SolutionStatus(status=0),novatel_oem7_msgs.msg.PositionOrVelocityType(type=53)
1786043842513807425,1786043842.512570439,/novatel/oem7/bestvel,/novatel/oem7/bestpos,/novatel/oem7/bestvel,39.663,-75.756,33.181675278,0.000227852,0.000161458,,,,64.798947153,novatel_oem7_msgs.msg.SolutionStatus(status=0),novatel_oem7_msgs.msg.PositionOrVelocityType(type=53)
1786043842515449751,1786043842.514576309,/novatel/oem7/odom,/novatel/oem7/bestpos,/novatel/oem7/odom,39.663,-75.756,33.181675278,0.000843065,-0.000212972,0.000826298,0.000167301,-0.000212972,,,
1786043842526029122,1786043842.525340305,/novatel/oem7/inspva,/novatel/oem7/inspva,/novatel/oem7/inspva,39.663,-75.756,-1.800667089,0.000472360,-0.000142865,0.000460819,0.000103778,-0.000142865,,novatel_oem7_msgs.msg.InertialSolutionStatus(status=3),
1786043842527555517,1786043842.525557561,/novatel/oem7/fix,/novatel/oem7/fix,/novatel/oem7/inspva,39.663,-75.756,-1.800667089,0.000472360,-0.000142865,0.000460819,0.000103778,-0.000142865,,0,
1786043842529131757,1786043842.526164580,/novatel/oem7/odom,/novatel/oem7/fix,/novatel/oem7/odom,39.663,-75.756,-1.800667089,0.000472881,-0.000141129,0.000127714,0.000455308,-0.000141129,,,
1786043842536908466,1786043842.535571348,/novatel/oem7/odom,/novatel/oem7/fix,/novatel/oem7/odom,39.663,-75.756,-1.800667089,0.000472881,-0.000141129,0.000127714,0.000455308,-0.000141129,,,
1786043842546651915,1786043842.545554894,/novatel/oem7/inspva,/novatel/oem7/inspva,/novatel/oem7/inspva,39.663,-75.756,-1.800670697,0.000597907,-0.000064384,0.000402350,0.000442275,-0.000064384,,novatel_oem7_msgs.msg.InertialSolutionStatus(status=3),
1786043842548584114,1786043842.546349475,/novatel/oem7/fix,/novatel/oem7/fix,/novatel/oem7/inspva,39.663,-75.756,-1.800670697,0.000597907,-0.000064384,0.000402350,0.000442275,-0.000064384,,0,
1786043842550040262,1786043842.547286794,/novatel/oem7/odom,/novatel/oem7/fix,/novatel/oem7/odom,39.663,-75.756,-1.800670697,0.000598202,-0.000061583,0.000462482,0.000379414,-0.000061583,,,
1786043842556470227,1786043842.555703440,/novatel/oem7/odom,/novatel/oem7/fix,/novatel/oem7/odom,39.663,-75.756,-1.800670697,0.000598202,-0.000061583,0.000462482,0.000379414,-0.000061583,,,
1786043842566522279,1786043842.565043571,/novatel/oem7/inspva,/novatel/oem7/inspva,/novatel/oem7/inspva,39.663,-75.756,-1.800673639,0.000408571,-0.000039753,0.000298172,0.000279327,-0.000039753,,novatel_oem7_msgs.msg.InertialSolutionStatus(status=3),
1786043842568147013,1786043842.565240966,/novatel/oem7/fix,/novatel/oem7/fix,/novatel/oem7/inspva,39.663,-75.756,-1.800673639,0.000408571,-0.000039753,0.000298172,0.000279327,-0.000039753,,0,
1786043842569336785,1786043842.565758269,/novatel/oem7/odom,/novatel/oem7/fix,/novatel/oem7/odom,39.663,-75.756,-1.800673639,0.000408752,-0.000037853,0.000294332,0.000283631,-0.000037853,,,
1786043842576276425,1786043842.575599351,/novatel/oem7/odom,/novatel/oem7/fix,/novatel/oem7/odom,39.663,-75.756,-1.800673639,0.000408752,-0.000037853,0.000294332,0.000283631,-0.000037853,,,
1786043842585835252,1786043842.585125095,/novatel/oem7/inspva,/novatel/oem7/inspva,/novatel/oem7/inspva,39.663,-75.756,-1.800676891,0.000603988,-0.000037829,0.000129040,0.000590043,-0.000037829,,novatel_oem7_msgs.msg.InertialSolutionStatus(status=3),
1786043842588192812,1786043842.585367554,/novatel/oem7/fix,/novatel/oem7/fix,/novatel/oem7/inspva,39.663,-75.756,-1.800676891,0.000603988,-0.000037829,0.000129040,0.000590043,-0.000037829,,0,
1786043842589476859,1786043842.585729304,/novatel/oem7/odom,/novatel/oem7/fix,/novatel/oem7/odom,39.663,-75.756,-1.800676891,0.000604142,-0.000035291,0.000596001,0.000098844,-0.000035291,,,
1786043842595162257,1786043842.594491153,/novatel/oem7/odom,/novatel/oem7/fix,/novatel/oem7/odom,39.663,-75.756,-1.800676891,0.000604142,-0.000035291,0.000596001,0.000098844,-0.000035291,,,
1786043842607194859,1786043842.606487118,/novatel/oem7/inspva,/novatel/oem7/inspva,/novatel/oem7/inspva,39.663,-75.756,-1.800679821,0.000583610,-0.000104265,-0.000006253,0.000583576,-0.000104265,,novatel_oem7_msgs.msg.InertialSolutionStatus(status=3),
1786043842608709594,1786043842.606719624,/novatel/oem7/fix,/novatel/oem7/fix,/novatel/oem7/inspva,39.663,-75.756,-1.800679821,0.000583610,-0.000104265,-0.000006253,0.000583576,-0.000104265,,0,
1786043842609849969,1786043842.607093744,/novatel/oem7/odom,/novatel/oem7/fix,/novatel/oem7/odom,39.663,-75.756,-1.800679821,0.000583985,-0.000102144,0.000582889,-0.000035763,-0.000102144,,,
1786043842611384498,1786043842.610698234,/novatel/oem7/bestpos,/novatel/oem7/bestpos,/novatel/oem7/odom,39.663,-75.756,33.181655720,0.000583985,-0.000102144,0.000582889,-0.000035763,-0.000102144,,novatel_oem7_msgs.msg.SolutionStatus(status=0),novatel_oem7_msgs.msg.PositionOrVelocityType(type=53)
1786043842612848532,1786043842.611064241,/novatel/oem7/bestvel,/novatel/oem7/bestpos,/novatel/oem7/bestvel,39.663,-75.756,33.181655720,0.000696477,-0.000176350,,,,88.501538987,novatel_oem7_msgs.msg.SolutionStatus(status=0),novatel_oem7_msgs.msg.PositionOrVelocityType(type=53)
1786043842615325254,1786043842.614665431,/novatel/oem7/odom,/novatel/oem7/bestpos,/novatel/oem7/odom,39.663,-75.756,33.181655720,0.000583985,-0.000102144,0.000582889,-0.000035763,-0.000102144,,,
1786043842625785981,1786043842.625228215,/novatel/oem7/inspva,/novatel/oem7/inspva,/novatel/oem7/inspva,39.663,-75.756,-1.800684104,0.000507112,-0.000239875,-0.000124736,0.000491532,-0.000239875,,novatel_oem7_msgs.msg.InertialSolutionStatus(status=3),
1786043842627161485,1786043842.625409490,/novatel/oem7/fix,/novatel/oem7/fix,/novatel/oem7/inspva,39.663,-75.756,-1.800684104,0.000507112,-0.000239875,-0.000124736,0.000491532,-0.000239875,,0,
1786043842628267893,1786043842.625890972,/novatel/oem7/odom,/novatel/oem7/fix,/novatel/oem7/odom,39.663,-75.756,-1.800684104,0.000507789,-0.000238439,0.000485430,-0.000149021,-0.000238439,,,
1786043842636200143,1786043842.634857666,/novatel/oem7/odom,/novatel/oem7/fix,/novatel/oem7/odom,39.663,-75.756,-1.800684104,0.000507789,-0.000238439,0.000485430,-0.000149021,-0.000238439,,,
1786043842646167977,1786043842.645383526,/novatel/oem7/inspva,/novatel/oem7/inspva,/novatel/oem7/inspva,39.663,-75.756,-1.800684980,0.000557895,0.000009817,-0.000124649,0.000543792,0.000009817,,novatel_oem7_msgs.msg.InertialSolutionStatus(status=3),
1786043842647959179,1786043842.645697339,/novatel/oem7/fix,/novatel/oem7/fix,/novatel/oem7/inspva,39.663,-75.756,-1.800684980,0.000557895,0.000009817,-0.000124649,0.000543792,0.000009817,,0,
1786043842649315482,1786043842.646400300,/novatel/oem7/odom,/novatel/oem7/fix,/novatel/oem7/odom,39.663,-75.756,-1.800684980,0.000557864,0.000011444,0.000536677,-0.000152283,0.000011444,,,
1786043842656878676,1786043842.656163356,/novatel/oem7/odom,/novatel/oem7/fix,/novatel/oem7/odom,39.663,-75.756,-1.800684980,0.000557864,0.000011444,0.000536677,-0.000152283,0.000011444,,,
1786043842666731103,1786043842.666022762,/novatel/oem7/inspva,/novatel/oem7/inspva,/novatel/oem7/inspva,39.663,-75.756,-1.800690275,0.000605371,-0.000017876,-0.000077867,0.000600342,-0.000017876,,novatel_oem7_msgs.msg.InertialSolutionStatus(status=3),
1786043842668534108,1786043842.666200554,/novatel/oem7/fix,/novatel/oem7/fix,/novatel/oem7/inspva,39.663,-75.756,-1.800690275,0.000605371,-0.000017876,-0.000077867,0.000600342,-0.000017876,,0,
1786043842669947466,1786043842.666600478,/novatel/oem7/odom,/novatel/oem7/fix,/novatel/oem7/odom,39.663,-75.756,-1.800690275,0.000605426,-0.000015903,0.000595647,-0.000108378,-0.000015903,,,
1786043842675587313,1786043842.674583496,/novatel/oem7/odom,/novatel/oem7/fix,/novatel/oem7/odom,39.663,-75.756,-1.800690275,0.000605426,-0.000015903,0.000595647,-0.000108378,-0.000015903,,,
1786043842686002998,1786043842.685181100,/novatel/oem7/inspva,/novatel/oem7/inspva,/novatel/oem7/inspva,39.663,-75.756,-1.800697207,0.000411902,-0.000410202,0.000204368,0.000357626,-0.000410202,,novatel_oem7_msgs.msg.InertialSolutionStatus(status=3),
1786043842687822710,1786043842.685506613,/novatel/oem7/fix,/novatel/oem7/fix,/novatel/oem7/inspva,39.663,-75.756,-1.800697207,0.000411902,-0.000410202,0.000204368,0.000357626,-0.000410202,,0,
1786043842689207351,1786043842.685954574,/novatel/oem7/odom,/novatel/oem7/fix,/novatel/oem7/odom,39.663,-75.756,-1.800697207,0.000413802,-0.000408285,0.000369159,0.000186960,-0.000408285,,,
1786043842696269799,1786043842.695470965,/novatel/oem7/odom,/novatel/oem7/fix,/novatel/oem7/odom,39.663,-75.756,-1.800697207,0.000413802,-0.000408285,0.000369159,0.000186960,-0.000408285,,,
1786043842707047305,1786043842.706115519,/novatel/oem7/inspva,/novatel/oem7/inspva,/novatel/oem7/inspva,39.663,-75.756,-1.800703935,0.000633279,-0.000528917,0.000133987,0.000618942,-0.000528917,,novatel_oem7_msgs.msg.InertialSolutionStatus(status=3),
1786043842709181023,1786043842.706381408,/novatel/oem7/fix,/novatel/oem7/fix,/novatel/oem7/inspva,39.663,-75.756,-1.800703935,0.000633279,-0.000528917,0.000133987,0.000618942,-0.000528917,,0,
1786043842710355596,1786043842.706929107,/novatel/oem7/odom,/novatel/oem7/fix,/novatel/oem7/odom,39.663,-75.756,-1.800703935,0.000635491,-0.000526257,0.000626982,0.000103645,-0.000526257,,,
1786043842711990905,1786043842.709297508,/novatel/oem7/bestpos,/novatel/oem7/bestpos,/novatel/oem7/odom,39.663,-75.756,33.181630288,0.000635491,-0.000526257,0.000626982,0.000103645,-0.000526257,,novatel_oem7_msgs.msg.SolutionStatus(status=0),novatel_oem7_msgs.msg.PositionOrVelocityType(type=53)
1786043842713266065,1786043842.709559704,/novatel/oem7/bestvel,/novatel/oem7/bestpos,/novatel/oem7/bestvel,39.663,-75.756,33.181630288,0.000451449,-0.000478520,,,,51.085891356,novatel_oem7_msgs.msg.SolutionStatus(status=0),novatel_oem7_msgs.msg.PositionOrVelocityType(type=53)
1786043842715283222,1786043842.714412667,/novatel/oem7/odom,/novatel/oem7/bestpos,/novatel/oem7/odom,39.663,-75.756,33.181630288,0.000635491,-0.000526257,0.000626982,0.000103645,-0.000526257,,,
1786043842727201166,1786043842.726568443,/novatel/oem7/inspva,/novatel/oem7/inspva,/novatel/oem7/inspva,39.663,-75.756,-1.800707757,0.000589190,-0.000250830,0.000163357,0.000566092,-0.000250830,,novatel_oem7_msgs.msg.InertialSolutionStatus(status=3),
1786043842728792556,1786043842.726801296,/novatel/oem7/fix,/novatel/oem7/fix,/novatel/oem7/inspva,39.663,-75.756,-1.800707757,0.000589190,-0.000250830,0.000163357,0.000566092,-0.000250830,,0,
1786043842730171933,1786043842.727215197,/novatel/oem7/odom,/novatel/oem7/fix,/novatel/oem7/odom,39.663,-75.756,-1.800707757,0.000590268,-0.000248284,0.000574643,0.000134913,-0.000248284,,,
1786043842735877734,1786043842.735003355,/novatel/oem7/odom,/novatel/oem7/fix,/novatel/oem7/odom,39.663,-75.756,-1.800707757,0.000590268,-0.000248284,0.000574643,0.000134913,-0.000248284,,,
1786043842747249186,1786043842.744901546,/novatel/oem7/inspva,/novatel/oem7/inspva,/novatel/oem7/inspva,39.663,-75.756,-1.800715126,0.000793725,-0.000357534,0.000103538,0.000786943,-0.000357534,,novatel_oem7_msgs.msg.InertialSolutionStatus(status=3),
1786043842749077081,1786043842.745191932,/novatel/oem7/fix,/novatel/oem7/fix,/novatel/oem7/inspva,39.663,-75.756,-1.800715126,0.000793725,-0.000357534,0.000103538,0.000786943,-0.000357534,,0,
1786043842750722321,1786043842.746009310,/novatel/oem7/odom,/novatel/oem7/fix,/novatel/oem7/odom,39.663,-75.756,-1.800715126,0.000795150,-0.000354355,0.000792555,0.000064179,-0.000354355,,,
1786043842756871194,1786043842.755927964,/novatel/oem7/odom,/novatel/oem7/fix,/novatel/oem7/odom,39.663,-75.756,-1.800715126,0.000795150,-0.000354355,0.000792555,0.000064179,-0.000354355,,,
1786043842766098807,1786043842.765361810,/novatel/oem7/inspva,/novatel/oem7/inspva,/novatel/oem7/inspva,39.663,-75.756,-1.800721472,0.000551344,-0.000474887,0.000462617,0.000299943,-0.000474887,,novatel_oem7_msgs.msg.InertialSolutionStatus(status=3),
1786043842767928820,1786043842.765638556,/novatel/oem7/fix,/novatel/oem7/fix,/novatel/oem7/inspva,39.663,-75.756,-1.800721472,0.000551344,-0.000474887,0.000462617,0.000299943,-0.000474887,,0,
1786043842769293740,1786043842.766246322,/novatel/oem7/odom,/novatel/oem7/fix,/novatel/oem7/odom,39.663,-75.756,-1.800721472,0.000553451,-0.000472431,0.000324981,0.000447990,-0.000472431,,,
1786043842775805243,1786043842.774930717,/novatel/oem7/odom,/novatel/oem7/fix,/novatel/oem7/odom,39.663,-75.756,-1.800721472,0.000553451,-0.000472431,0.000324981,0.000447990,-0.000472431,,,
1786043842787080917,1786043842.786126993,/novatel/oem7/inspva,/novatel/oem7/inspva,/novatel/oem7/inspva,39.663,-75.756,-1.800729514,0.000628689,-0.000680501,0.000317677,0.000542524,-0.000680501,,novatel_oem7_msgs.msg.InertialSolutionStatus(status=3),
1786043842789099061,1786043842.786338313,/novatel/oem7/fix,/novatel/oem7/fix,/novatel/oem7/inspva,39.663,-75.756,-1.800729514,0.000628689,-0.000680501,0.000317677,0.000542524,-0.000680501,,0,
1786043842790556729,1786043842.786931279,/novatel/oem7/odom,/novatel/oem7/fix,/novatel/oem7/odom,39.663,-75.756,-1.800729514,0.000631823,-0.000677593,0.000560612,0.000291399,-0.000677593,,,
1786043842795363654,1786043842.794463079,/novatel/oem7/odom,/novatel/oem7/fix,/novatel/oem7/odom,39.663,-75.756,-1.800729514,0.000631823,-0.000677593,0.000560612,0.000291399,-0.000677593,,,
1786043842807345219,1786043842.806612098,/novatel/oem7/inspva,/novatel/oem7/inspva,/novatel/oem7/inspva,39.663,-75.756,-1.800735428,0.000817388,-0.000324492,0.000752712,0.000318664,-0.000324492,,novatel_oem7_msgs.msg.InertialSolutionStatus(status=3),
1786043842808869258,1786043842.806826620,/novatel/oem7/fix,/novatel/oem7/fix,/novatel/oem7/inspva,39.663,-75.756,-1.800735428,0.000817388,-0.000324492,0.000752712,0.000318664,-0.000324492,,0,
1786043842810100064,1786043842.807377533,/novatel/oem7/odom,/novatel/oem7/fix,/novatel/oem7/odom,39.663,-75.756,-1.800735428,0.000818714,-0.000321132,0.000357922,0.000736331,-0.000321132,,,
1786043842811731254,1786043842.810086390,/novatel/oem7/bestpos,/novatel/oem7/bestpos,/novatel/oem7/odom,39.663,-75.756,33.181607533,0.000818714,-0.000321132,0.000357922,0.000736331,-0.000321132,,novatel_oem7_msgs.msg.SolutionStatus(status=0),novatel_oem7_msgs.msg.PositionOrVelocityType(type=53)
1786043842812763391,1786043842.810472011,/novatel/oem7/bestvel,/novatel/oem7/bestpos,/novatel/oem7/bestvel,39.663,-75.756,33.181607533,0.000819070,-0.000333579,,,,57.526121768,novatel_oem7_msgs.msg.SolutionStatus(status=0),novatel_oem7_msgs.msg.PositionOrVelocityType(type=53)
1786043842816456492,1786043842.815644457,/novatel/oem7/odom,/novatel/oem7/bestpos,/novatel/oem7/odom,39.663,-75.756,33.181607533,0.000818714,-0.000321132,0.000357922,0.000736331,-0.000321132,,,
1786043842825876424,1786043842.825073109,/novatel/oem7/inspva,/novatel/oem7/inspva,/novatel/oem7/inspva,39.663,-75.756,-1.800743769,0.000670961,-0.000595887,0.000489383,0.000459013,-0.000595887,,novatel_oem7_msgs.msg.InertialSolutionStatus(status=3),
1786043842827707889,1786043842.825313132,/novatel/oem7/fix,/novatel/oem7/fix,/novatel/oem7/inspva,39.663,-75.756,-1.800743769,0.000670961,-0.000595887,0.000489383,0.000459013,-0.000595887,,0,
1786043842829082663,1786043842.826022242,/novatel/oem7/odom,/novatel/oem7/fix,/novatel/oem7/odom,39.663,-75.756,-1.800743769,0.000673703,-0.000592785,0.000485668,0.000466908,-0.000592785,,,
1786043842835372867,1786043842.834453701,/novatel/oem7/odom,/novatel/oem7/fix,/novatel/oem7/odom,39.663,-75.756,-1.800743769,0.000673703,-0.000592785,0.000485668,0.000466908,-0.000592785,,,
1786043842847442576,1786043842.846599131,/novatel/oem7/inspva,/novatel/oem7/inspva,/novatel/oem7/inspva,39.663,-75.756,-1.800748799,0.000977762,-0.000287733,0.000651328,0.000729239,-0.000287733,,novatel_oem7_msgs.msg.InertialSolutionStatus(status=3),
1786043842849077563,1786043842.846848447,/novatel/oem7/fix,/novatel/oem7/fix,/novatel/oem7/inspva,39.663,-75.756,-1.800748799,0.000977762,-0.000287733,0.000651328,0.000729239,-0.000287733,,0,
1786043842850316212,1786043842.847161397,/novatel/oem7/odom,/novatel/oem7/fix,/novatel/oem7/odom,39.663,-75.756,-1.800748799,0.000979090,-0.000283178,0.000762642,0.000613999,-0.000283178,,,
1786043842857785071,1786043842.856785171,/novatel/oem7/odom,/novatel/oem7/fix,/novatel/oem7/odom,39.663,-75.756,-1.800748799,0.000979090,-0.000283178,0.000762642,0.000613999,-0.000283178,,,
1786043842865885520,1786043842.865157446,/novatel/oem7/inspva,/novatel/oem7/inspva,/novatel/oem7/inspva,39.663,-75.756,-1.800757493,0.000604729,-0.000301599,0.000327039,0.000508668,-0.000301599,,novatel_oem7_msgs.msg.InertialSolutionStatus(status=3),
1786043842867665411,1786043842.865400502,/novatel/oem7/fix,/novatel/oem7/fix,/novatel/oem7/inspva,39.663,-75.756,-1.800757493,0.000604729,-0.000301599,0.000327039,0.000508668,-0.000301599,,0,
1786043842869012495,1786043842.865843483,/novatel/oem7/odom,/novatel/oem7/fix,/novatel/oem7/odom,39.663,-75.756,-1.800757493,0.000606116,-0.000298802,0.000525845,0.000301436,-0.000298802,,,
1786043842876382623,1786043842.875497184,/novatel/oem7/odom,/novatel/oem7/fix,/novatel/oem7/odom,39.663,-75.756,-1.800757493,0.000606116,-0.000298802,0.000525845,0.000301436,-0.000298802,,,
1786043842886071408,1786043842.885246973,/novatel/oem7/inspva,/novatel/oem7/inspva,/novatel/oem7/inspva,39.663,-75.756,-1.800769574,0.001077196,-0.000715098,0.000854690,0.000655633,-0.000715098,,novatel_oem7_msgs.msg.InertialSolutionStatus(status=3),
1786043842887828616,1786043842.885509962,/novatel/oem7/fix,/novatel/oem7/fix,/novatel/oem7/inspva,39.663,-75.756,-1.800769574,0.001077196,-0.000715098,0.000854690,0.000655633,-0.000715098,,0,
1786043842889235160,1786043842.886016704,/novatel/oem7/odom,/novatel/oem7/fix,/novatel/oem7/odom,39.663,-75.756,-1.800769574,0.001080411,-0.000710231,0.000701135,0.000822008,-0.000710231,,,
1786043842895967319,1786043842.895077686,/novatel/oem7/odom,/novatel/oem7/fix,/novatel/oem7/odom,39.663,-75.756,-1.800769574,0.001080411,-0.000710231,0.000701135,0.000822008,-0.000710231,,,
1786043842906751294,1786043842.906033244,/novatel/oem7/inspva,/novatel/oem7/inspva,/novatel/oem7/inspva,39.663,-75.756,-1.800778573,0.000477959,-0.000773143,0.000357452,0.000317290,-0.000773143,,novatel_oem7_msgs.msg.InertialSolutionStatus(status=3),
1786043842908474592,1786043842.906279006,/novatel/oem7/fix,/novatel/oem7/fix,/novatel/oem7/inspva,39.663,-75.756,-1.800778573,0.000477959,-0.000773143,0.000357452,0.000317290,-0.000773143,,0,
1786043842909884740,1786043842.906818615,/novatel/oem7/odom,/novatel/oem7/fix,/novatel/oem7/odom,39.663,-75.756,-1.800778573,0.000481498,-0.000770944,0.000338060,0.000342865,-0.000770944,,,
1786043842911578863,1786043842.909109168,/novatel/oem7/bestpos,/novatel/oem7/bestpos,/novatel/oem7/odom,39.663,-75.756,33.181572251,0.000481498,-0.000770944,0.000338060,0.000342865,-0.000770944,,novatel_oem7_msgs.msg.SolutionStatus(status=0),novatel_oem7_msgs.msg.PositionOrVelocityType(type=53)
1786043842912505740,1786043842.909469002,/novatel/oem7/bestvel,/novatel/oem7/bestpos,/novatel/oem7/bestvel,39.663,-75.756,33.181572251,0.000796268,-0.000781845,,,,93.523382741,novatel_oem7_msgs.msg.SolutionStatus(status=0),novatel_oem7_msgs.msg.PositionOrVelocityType(type=53)
1786043842915318321,1786043842.914595881,/novatel/oem7/odom,/novatel/oem7/bestpos,/novatel/oem7/odom,39.663,-75.756,33.181572251,0.000481498,-0.000770944,0.000338060,0.000342865,-0.000770944,,,
1786043842929914456,1786043842.925381973,/novatel/oem7/inspva,/novatel/oem7/inspva,/novatel/oem7/inspva,39.663,-75.756,-1.800785322,0.001276416,-0.000340077,0.001123055,0.000606616,-0.000340077,,novatel_oem7_msgs.msg.InertialSolutionStatus(status=3),
1786043842939747960,1786043842.925709723,/novatel/oem7/fix,/novatel/oem7/fix,/novatel/oem7/inspva,39.663,-75.756,-1.800785322,0.001276416,-0.000340077,0.001123055,0.000606616,-0.000340077,,0,
1786043842944574313,1786043842.926362750,/novatel/oem7/odom,/novatel/oem7/fix,/novatel/oem7/odom,39.663,-75.756,-1.800785322,0.001277856,-0.000334625,0.000664486,0.001091501,-0.000334625,,,
1786043842946069844,1786043842.945384660,/novatel/oem7/inspva,/novatel/oem7/inspva,/novatel/oem7/inspva,39.663,-75.756,-1.800796963,0.000603990,-0.000378483,0.000500468,0.000338134,-0.000378483,,novatel_oem7_msgs.msg.InertialSolutionStatus(status=3),
1786043842946602305,1786043842.935561560,/novatel/oem7/odom,/novatel/oem7/inspva,/novatel/oem7/odom,39.663,-75.756,-1.800796963,0.001277856,-0.000334625,0.000664486,0.001091501,-0.000334625,,,
1786043842947210967,1786043842.945596772,/novatel/oem7/fix,/novatel/oem7/fix,/novatel/oem7/odom,39.663,-75.756,-1.800796963,0.001277856,-0.000334625,0.000664486,0.001091501,-0.000334625,,0,
1786043842947656828,1786043842.945936569,/novatel/oem7/odom,/novatel/oem7/fix,/novatel/oem7/odom,39.663,-75.756,-1.800796963,0.000605661,-0.000375803,0.000364689,0.000483557,-0.000375803,,,
1786043842956982944,1786043842.955878133,/novatel/oem7/odom,/novatel/oem7/fix,/novatel/oem7/odom,39.663,-75.756,-1.800796963,0.000605661,-0.000375803,0.000364689,0.000483557,-0.000375803,,,
1786043842970356852,1786043842.966632212,/novatel/oem7/inspva,/novatel/oem7/inspva,/novatel/oem7/inspva,39.663,-75.756,-1.800809555,0.001130807,-0.000623600,0.000819617,0.000779072,-0.000623600,,novatel_oem7_msgs.msg.InertialSolutionStatus(status=3),
1786043842977186546,1786043842.966928452,/novatel/oem7/fix,/novatel/oem7/fix,/novatel/oem7/inspva,39.663,-75.756,-1.800809555,0.001130807,-0.000623600,0.000819617,0.000779072,-0.000623600,,0,
1786043842978269832,1786043842.967709146,/novatel/oem7/odom,/novatel/oem7/fix,/novatel/oem7/odom,39.663,-75.756,-1.800809555,0.001133649,-0.000618419,0.000822275,0.000780401,-0.000618419,,,
1786043842979061104,1786043842.975117198,/novatel/oem7/odom,/novatel/oem7/fix,/novatel/oem7/odom,39.663,-75.756,-1.800809555,0.001133649,-0.000618419,0.000822275,0.000780401,-0.000618419,,,
1786043842985814653,1786043842.985134116,/novatel/oem7/inspva,/novatel/oem7/inspva,/novatel/oem7/inspva,39.663,-75.756,-1.800821121,0.000509900,-0.000555814,0.000365828,0.000355201,-0.000555814,,novatel_oem7_msgs.msg.InertialSolutionStatus(status=3),
1786043842986816058,1786043842.985390209,/novatel/oem7/fix,/novatel/oem7/fix,/novatel/oem7/inspva,39.663,-75.756,-1.800821121,0.000509900,-0.000555814,0.000365828,0.000355201,-0.000555814,,0,
1786043842987484427,1786043842.985742896,/novatel/oem7/odom,/novatel/oem7/fix,/novatel/oem7/odom,39.663,-75.756,-1.800821121,0.000512446,-0.000553467,0.000375519,0.000348693,-0.000553467,,,
1786043842996309398,1786043842.995568445,/novatel/oem7/odom,/novatel/oem7/fix,/novatel/oem7/odom,39.663,-75.756,-1.800821121,0.000512446,-0.000553467,0.000375519,0.000348693,-0.000553467,,,
1786043843010533944,1786043843.010151567,/novatel/oem7/inspva,/novatel/oem7/inspva,/novatel/oem7/inspva,39.663,-75.756,-1.800833404,0.000931995,-0.000547835,0.000931776,0.000020188,-0.000547835,,novatel_oem7_msgs.msg.InertialSolutionStatus(status=3),
1786043843011300875,1786043843.010341739,/novatel/oem7/fix,/novatel/oem7/fix,/novatel/oem7/inspva,39.663,-75.756,-1.800833404,0.000931995,-0.000547835,0.000931776,0.000020188,-0.000547835,,0,
1786043843012151920,1786043843.011478847,/novatel/oem7/odom,/novatel/oem7/fix,/novatel/oem7/odom,39.663,-75.756,-1.800833404,0.000933624,-0.000545053,0.000069831,0.000931009,-0.000545053,,,
1786043843016611215,1786043843.016029492,/novatel/oem7/odom,/novatel/oem7/fix,/novatel/oem7/odom,39.663,-75.756,-1.800833404,0.000933624,-0.000545053,0.000069831,0.000931009,-0.000545053,,,
1786043843026347795,1786043843.025679408,/novatel/oem7/bestpos,/novatel/oem7/bestpos,/novatel/oem7/odom,39.663,-75.756,33.181527833,0.000933624,-0.000545053,0.000069831,0.000931009,-0.000545053,,novatel_oem7_msgs.msg.SolutionStatus(status=0),novatel_oem7_msgs.msg.PositionOrVelocityType(type=53)
1786043843027715164,1786043843.026365545,/novatel/oem7/bestvel,/novatel/oem7/bestpos,/novatel/oem7/bestvel,39.663,-75.756,33.181527833,0.001009995,-0.000545922,,,,356.055965038,novatel_oem7_msgs.msg.SolutionStatus(status=0),novatel_oem7_msgs.msg.PositionOrVelocityType(type=53)
1786043843028835685,1786043843.027327528,/novatel/oem7/inspva,/novatel/oem7/inspva,/novatel/oem7/inspva,39.663,-75.756,-1.800848036,0.000539596,-0.000614381,0.000537919,-0.000042517,-0.000614381,,novatel_oem7_msgs.msg.InertialSolutionStatus(status=3),
1786043843029549493,1786043843.027662561,/novatel/oem7/fix,/novatel/oem7/fix,/novatel/oem7/inspva,39.663,-75.756,-1.800848036,0.000539596,-0.000614381,0.000537919,-0.000042517,-0.000614381,,0,
1786043843030350465,1786043843.028171693,/novatel/oem7/odom,/novatel/oem7/fix,/novatel/oem7/odom,39.663,-75.756,-1.800848036,0.000541198,-0.000612971,-0.000012663,0.000541050,-0.000612971,,,
1786043843034982895,1786043843.034472875,/novatel/oem7/odom,/novatel/oem7/fix,/novatel/oem7/odom,39.663,-75.756,-1.800848036,0.000541198,-0.000612971,-0.000012663,0.000541050,-0.000612971,,,
1786043843045949677,1786043843.045313800,/novatel/oem7/inspva,/novatel/oem7/inspva,/novatel/oem7/inspva,39.663,-75.756,-1.800849667,0.000949881,-0.000374212,0.000939448,-0.000140394,-0.000374212,,novatel_oem7_msgs.msg.InertialSolutionStatus(status=3),
1786043843046995086,1786043843.045592967,/novatel/oem7/fix,/novatel/oem7/fix,/novatel/oem7/inspva,39.663,-75.756,-1.800849667,0.000949881,-0.000374212,0.000939448,-0.000140394,-0.000374212,,0,
1786043843047711337,1786043843.046141562,/novatel/oem7/odom,/novatel/oem7/fix,/novatel/oem7/odom,39.663,-75.756,-1.800849667,0.000950746,-0.000372008,-0.000090792,0.000946401,-0.000372008,,,
1786043843056956668,1786043843.056342761,/novatel/oem7/odom,/novatel/oem7/fix,/novatel/oem7/odom,39.663,-75.756,-1.800849667,0.000950746,-0.000372008,-0.000090792,0.000946401,-0.000372008,,,
1786043843065669191,1786043843.065145388,/novatel/oem7/inspva,/novatel/oem7/inspva,/novatel/oem7/inspva,39.663,-75.756,-1.800854781,0.000534254,-0.000228750,0.000483422,-0.000227442,-0.000228750,,novatel_oem7_msgs.msg.InertialSolutionStatus(status=3),
1786043843066942368,1786043843.065459462,/novatel/oem7/fix,/novatel/oem7/fix,/novatel/oem7/inspva,39.663,-75.756,-1.800854781,0.000534254,-0.000228750,0.000483422,-0.000227442,-0.000228750,,0,
1786043843067773881,1786043843.066236849,/novatel/oem7/odom,/novatel/oem7/fix,/novatel/oem7/odom,39.663,-75.756,-1.800854781,0.000534501,-0.000228172,-0.000201575,0.000495034,-0.000228172,,,
1786043843075088889,1786043843.074600732,/novatel/oem7/odom,/novatel/oem7/fix,/novatel/oem7/odom,39.663,-75.756,-1.800854781,0.000534501,-0.000228172,-0.000201575,0.000495034,-0.000228172,,,
1786043843087851564,1786043843.086970260,/novatel/oem7/inspva,/novatel/oem7/inspva,/novatel/oem7/inspva,39.663,-75.756,-1.800863940,0.000601797,-0.000685521,0.000534866,0.000275823,-0.000685521,,novatel_oem7_msgs.msg.InertialSolutionStatus(status=3),
1786043843089300338,1786043843.087267573,/novatel/oem7/fix,/novatel/oem7/fix,/novatel/oem7/inspva,39.663,-75.756,-1.800863940,0.000601797,-0.000685521,0.000534866,0.000275823,-0.000685521,,0,
1786043843090215016,1786043843.088022120,/novatel/oem7/odom,/novatel/oem7/fix,/novatel/oem7/odom,39.663,-75.756,-1.800863940,0.000604685,-0.000682975,0.000305375,0.000521910,-0.000682975,,,
1786043843095642631,1786043843.095161490,/novatel/oem7/odom,/novatel/oem7/fix,/novatel/oem7/odom,39.663,-75.756,-1.800863940,0.000604685,-0.000682975,0.000305375,0.000521910,-0.000682975,,,
1786043843106454097,1786043843.105808884,/novatel/oem7/inspva,/novatel/oem7/inspva,/novatel/oem7/inspva,39.663,-75.756,-1.800867881,0.000600503,-0.000509773,0.000586819,-0.000127467,-0.000509773,,novatel_oem7_msgs.msg.InertialSolutionStatus(status=3),
1786043843107638334,1786043843.106028080,/novatel/oem7/fix,/novatel/oem7/fix,/novatel/oem7/inspva,39.663,-75.756,-1.800867881,0.000600503,-0.000509773,0.000586819,-0.000127467,-0.000509773,,0,
1786043843108361705,1786043843.106568119,/novatel/oem7/odom,/novatel/oem7/fix,/novatel/oem7/odom,39.663,-75.756,-1.800867881,0.000601553,-0.000508534,-0.000095394,0.000593941,-0.000508534,,,
1786043843111137783,1786043843.109621333,/novatel/oem7/bestpos,/novatel/oem7/bestpos,/novatel/oem7/odom,39.663,-75.756,33.181503716,0.000601553,-0.000508534,-0.000095394,0.000593941,-0.000508534,,novatel_oem7_msgs.msg.SolutionStatus(status=0),novatel_oem7_msgs.msg.PositionOrVelocityType(type=53)
1786043843111659925,1786043843.110515162,/novatel/oem7/bestvel,/novatel/oem7/bestpos,/novatel/oem7/bestvel,39.663,-75.756,33.181503716,0.000438700,-0.000458350,,,,352.702153988,novatel_oem7_msgs.msg.SolutionStatus(status=0),novatel_oem7_msgs.msg.PositionOrVelocityType(type=53)
1786043843116267710,1786043843.115665731,/novatel/oem7/odom,/novatel/oem7/bestpos,/novatel/oem7/odom,39.663,-75.756,33.181503716,0.000601553,-0.000508534,-0.000095394,0.000593941,-0.000508534,,,
1786043843125937225,1786043843.125418203,/novatel/oem7/inspva,/novatel/oem7/inspva,/novatel/oem7/inspva,39.663,-75.756,-1.800877864,0.000595003,-0.000872802,0.000499098,-0.000323927,-0.000872802,,novatel_oem7_msgs.msg.InertialSolutionStatus(status=3),
1786043843127020434,1786043843.125770030,/novatel/oem7/fix,/novatel/oem7/fix,/novatel/oem7/inspva,39.663,-75.756,-1.800877864,0.000595003,-0.000872802,0.000499098,-0.000323927,-0.000872802,,0,
1786043843127835296,1786043843.126472761,/novatel/oem7/odom,/novatel/oem7/fix,/novatel/oem7/odom,39.663,-75.756,-1.800877864,0.000595421,-0.000872517,-0.000294728,0.000517360,-0.000872517,,,
1786043843135311003,1786043843.134736466,/novatel/oem7/odom,/novatel/oem7/fix,/novatel/oem7/odom,39.663,-75.756,-1.800877864,0.000595421,-0.000872517,-0.000294728,0.000517360,-0.000872517,,,
1786043843146477974,1786043843.146075473,/novatel/oem7/inspva,/novatel/oem7/inspva,/novatel/oem7/inspva,39.663,-75.756,-1.800882677,0.000668488,-0.000358388,0.000623968,-0.000239874,-0.000358388,,novatel_oem7_msgs.msg.InertialSolutionStatus(status=3),
1786043843147253892,1786043843.146205029,/novatel/oem7/fix,/novatel/oem7/fix,/novatel/oem7/inspva,39.663,-75.756,-1.800882677,0.000668488,-0.000358388,0.000623968,-0.000239874,-0.000358388,,0,
1786043843147780496,1786043843.146680993,/novatel/oem7/odom,/novatel/oem7/fix,/novatel/oem7/odom,39.663,-75.756,-1.800882677,0.000668992,-0.000357446,-0.000206319,0.000636382,-0.000357446,,,
1786043843156216781,1786043843.155906857,/novatel/oem7/odom,/novatel/oem7/fix,/novatel/oem7/odom,39.663,-75.756,-1.800882677,0.000668992,-0.000357446,-0.000206319,0.000636382,-0.000357446,,,
1786043843165472522,1786043843.165078399,/novatel/oem7/inspva,/novatel/oem7/inspva,/novatel/oem7/inspva,39.663,-75.756,-1.800894599,0.000531144,-0.000895381,0.000525902,-0.000074442,-0.000895381,,novatel_oem7_msgs.msg.InertialSolutionStatus(status=3),
1786043843166222092,1786043843.165252871,/novatel/oem7/fix,/novatel/oem7/fix,/novatel/oem7/inspva,39.663,-75.756,-1.800894599,0.000531144,-0.000895381,0.000525902,-0.000074442,-0.000895381,,0,
1786043843166756446,1786043843.165710006,/novatel/oem7/odom,/novatel/oem7/fix,/novatel/oem7/odom,39.663,-75.756,-1.800894599,0.000533261,-0.000894123,-0.000044106,0.000531433,-0.000894123,,,
1786043843175656462,1786043843.175295979,/novatel/oem7/odom,/novatel/oem7/fix,/novatel/oem7/odom,39.663,-75.756,-1.800894599,0.000533261,-0.000894123,-0.000044106,0.000531433,-0.000894123,,,
1786043843186355130,1786043843.185879374,/novatel/oem7/inspva,/novatel/oem7/inspva,/novatel/oem7/inspva,39.663,-75.756,-1.800898185,0.000632909,-0.000583317,0.000632908,0.000001296,-0.000583317,,novatel_oem7_msgs.msg.InertialSolutionStatus(status=3),
1786043843187373707,1786043843.185998812,/novatel/oem7/fix,/novatel/oem7/fix,/novatel/oem7/inspva,39.663,-75.756,-1.800898185,0.000632909,-0.000583317,0.000632908,0.000001296,-0.000583317,,0,
1786043843188152857,1786043843.186430891,/novatel/oem7/odom,/novatel/oem7/fix,/novatel/oem7/odom,39.663,-75.756,-1.800898185,0.000634596,-0.000581481,0.000035839,0.000633583,-0.000581481,,,
1786043843194712686,1786043843.194203841,/novatel/oem7/odom,/novatel/oem7/fix,/novatel/oem7/odom,39.663,-75.756,-1.800898185,0.000634596,-0.000581481,0.000035839,0.000633583,-0.000581481,,,
1786043843206832542,1786043843.206072978,/novatel/oem7/inspva,/novatel/oem7/inspva,/novatel/oem7/inspva,39.663,-75.756,-1.800902772,0.000519660,-0.000301234,0.000488754,0.000176537,-0.000301234,,novatel_oem7_msgs.msg.InertialSolutionStatus(status=3),
1786043843208125148,1786043843.206368564,/novatel/oem7/fix,/novatel/oem7/fix,/novatel/oem7/inspva,39.663,-75.756,-1.800902772,0.000519660,-0.000301234,0.000488754,0.000176537,-0.000301234,,0,
1786043843208946891,1786043843.206871830,/novatel/oem7/odom,/novatel/oem7/fix,/novatel/oem7/odom,39.663,-75.756,-1.800902772,0.000520841,-0.000299186,0.000202423,0.000479896,-0.000299186,,,
1786043843210744008,1786043843.210265521,/novatel/oem7/bestpos,/novatel/oem7/bestpos,/novatel/oem7/odom,39.663,-75.756,33.181471703,0.000520841,-0.000299186,0.000202423,0.000479896,-0.000299186,,novatel_oem7_msgs.msg.SolutionStatus(status=0),novatel_oem7_msgs.msg.PositionOrVelocityType(type=53)
1786043843211664302,1786043843.210685112,/novatel/oem7/bestvel,/novatel/oem7/bestpos,/novatel/oem7/bestvel,39.663,-75.756,33.181471703,0.000648544,-0.000279576,,,,356.021496693,novatel_oem7_msgs.msg.SolutionStatus(status=0),novatel_oem7_msgs.msg.PositionOrVelocityType(type=53)
1786043843215172623,1786043843.214780608,/novatel/oem7/odom,/novatel/oem7/bestpos,/novatel/oem7/odom,39.663,-75.756,33.181471703,0.000520841,-0.000299186,0.000202423,0.000479896,-0.000299186,,,
1786043843225184862,1786043843.224858439,/novatel/oem7/inspva,/novatel/oem7/inspva,/novatel/oem7/inspva,39.663,-75.756,-1.800910903,0.000877572,-0.000639942,0.000853106,0.000205772,-0.000639942,,novatel_oem7_msgs.msg.InertialSolutionStatus(status=3),
1786043843225792562,1786043843.225011434,/novatel/oem7/fix,/novatel/oem7/fix,/novatel/oem7/inspva,39.663,-75.756,-1.800910903,0.000877572,-0.000639942,0.000853106,0.000205772,-0.000639942,,0,
1786043843226258385,1786043843.225397874,/novatel/oem7/odom,/novatel/oem7/fix,/novatel/oem7/odom,39.663,-75.756,-1.800910903,0.000879896,-0.000636743,0.000251513,0.000843183,-0.000636743,,,
1786043843236805447,1786043843.235639615,/novatel/oem7/odom,/novatel/oem7/fix,/novatel/oem7/odom,39.663,-75.756,-1.800910903,0.000879896,-0.000636743,0.000251513,0.000843183,-0.000636743,,,
1786043843246269549,1786043843.245581149,/novatel/oem7/inspva,/novatel/oem7/inspva,/novatel/oem7/inspva,39.663,-75.756,-1.800917844,0.000792412,-0.000727708,0.000753147,-0.000246345,-0.000727708,,novatel_oem7_msgs.msg.InertialSolutionStatus(status=3),
1786043843248086365,1786043843.245795475,/novatel/oem7/fix,/novatel/oem7/fix,/novatel/oem7/inspva,39.663,-75.756,-1.800917844,0.000792412,-0.000727708,0.000753147,-0.000246345,-0.000727708,,0,
1786043843249649794,1786043843.246602410,/novatel/oem7/odom,/novatel/oem7/fix,/novatel/oem7/odom,39.663,-75.756,-1.800917844,0.000793594,-0.000726419,-0.000204798,0.000766713,-0.000726419,,,
1786043843256903704,1786043843.256254858,/novatel/oem7/odom,/novatel/oem7/fix,/novatel/oem7/odom,39.663,-75.756,-1.800917844,0.000793594,-0.000726419,-0.000204798,0.000766713,-0.000726419,,,
1786043843267292729,1786043843.265999413,/novatel/oem7/inspva,/novatel/oem7/inspva,/novatel/oem7/inspva,39.663,-75.756,-1.800924819,0.000991297,-0.000667992,0.000983975,-0.000120256,-0.000667992,,novatel_oem7_msgs.msg.InertialSolutionStatus(status=3),
1786043843269332993,1786043843.266266069,/novatel/oem7/fix,/novatel/oem7/fix,/novatel/oem7/inspva,39.663,-75.756,-1.800924819,0.000991297,-0.000667992,0.000983975,-0.000120256,-0.000667992,,0,
1786043843271055051,1786043843.266981266,/novatel/oem7/odom,/novatel/oem7/fix,/novatel/oem7/odom,39.663,-75.756,-1.800924819,0.000992918,-0.000665579,-0.000067293,0.000990635,-0.000665579,,,
1786043843275744625,1786043843.274681548,/novatel/oem7/odom,/novatel/oem7/fix,/novatel/oem7/odom,39.663,-75.756,-1.800924819,0.000992918,-0.000665579,-0.000067293,0.000990635,-0.000665579,,,
1786043843285578082,1786043843.285072577,/novatel/oem7/inspva,/novatel/oem7/inspva,/novatel/oem7/inspva,39.663,-75.756,-1.800929366,0.001005815,-0.000467785,0.000994115,-0.000152972,-0.000467785,,novatel_oem7_msgs.msg.InertialSolutionStatus(status=3),
1786043843286951419,1786043843.285228658,/novatel/oem7/fix,/novatel/oem7/fix,/novatel/oem7/inspva,39.663,-75.756,-1.800929366,0.001005815,-0.000467785,0.000994115,-0.000152972,-0.000467785,,0,
1786043843288028223,1786043843.285675976,/novatel/oem7/odom,/novatel/oem7/fix,/novatel/oem7/odom,39.663,-75.756,-1.800929366,0.001006887,-0.000465474,-0.000100188,0.001001890,-0.000465474,,,
1786043843296154602,1786043843.295370348,/novatel/oem7/odom,/novatel/oem7/fix,/novatel/oem7/odom,39.663,-75.756,-1.800929366,0.001006887,-0.000465474,-0.000100188,0.001001890,-0.000465474,,,
1786043843306506361,1786043843.305813597,/novatel/oem7/inspva,/novatel/oem7/inspva,/novatel/oem7/inspva,39.663,-75.756,-1.800936377,0.001322531,-0.000701098,0.001322528,-0.000003129,-0.000701098,,novatel_oem7_msgs.msg.InertialSolutionStatus(status=3),
1786043843308077193,1786043843.306010359,/novatel/oem7/fix,/novatel/oem7/fix,/novatel/oem7/inspva,39.663,-75.756,-1.800936377,0.001322531,-0.000701098,0.001322528,-0.000003129,-0.000701098,,0,
1786043843309320126,1786043843.306486067,/novatel/oem7/odom,/novatel/oem7/fix,/novatel/oem7/odom,39.663,-75.756,-1.800936377,0.001324538,-0.000697299,0.000067134,0.001322836,-0.000697299,,,
1786043843311189465,1786043843.310308283,/novatel/oem7/bestpos,/novatel/oem7/bestpos,/novatel/oem7/odom,39.663,-75.756,33.181441634,0.001324538,-0.000697299,0.000067134,0.001322836,-0.000697299,,novatel_oem7_msgs.msg.SolutionStatus(status=0),novatel_oem7_msgs.msg.PositionOrVelocityType(type=53)
1786043843312494665,1786043843.310525291,/novatel/oem7/bestvel,/novatel/oem7/bestpos,/novatel/oem7/bestvel,39.663,-75.756,33.181441634,0.001508942,-0.000927816,,,,9.578132285,novatel_oem7_msgs.msg.SolutionStatus(status=0),novatel_oem7_msgs.msg.PositionOrVelocityType(type=53)
1786043843315654350,1786043843.314576726,/novatel/oem7/odom,/novatel/oem7/bestpos,/novatel/oem7/odom,39.663,-75.756,33.181441634,0.001324538,-0.000697299,0.000067134,0.001322836,-0.000697299,,,
1786043843327161960,1786043843.326291895,/novatel/oem7/inspva,/novatel/oem7/inspva,/novatel/oem7/inspva,39.663,-75.756,-1.800939923,0.000971041,-0.000505741,0.000916155,-0.000321840,-0.000505741,,novatel_oem7_msgs.msg.InertialSolutionStatus(status=3),
1786043843329107530,1786043843.326502560,/novatel/oem7/fix,/novatel/oem7/fix,/novatel/oem7/inspva,39.663,-75.756,-1.800939923,0.000971041,-0.000505741,0.000916155,-0.000321840,-0.000505741,,0,
1786043843330674813,1786043843.327007545,/novatel/oem7/odom,/novatel/oem7/fix,/novatel/oem7/odom,39.663,-75.756,-1.800939923,0.000971815,-0.000504253,-0.000272680,0.000932775,-0.000504253,,,
1786043843336132151,1786043843.335384470,/novatel/oem7/odom,/novatel/oem7/fix,/novatel/oem7/odom,39.663,-75.756,-1.800939923,0.000971815,-0.000504253,-0.000272680,0.000932775,-0.000504253,,,
1786043843345947655,1786043843.344951714,/novatel/oem7/inspva,/novatel/oem7/inspva,/novatel/oem7/inspva,39.663,-75.756,-1.800945468,0.001330586,-0.000453907,0.001328197,-0.000079687,-0.000453907,,novatel_oem7_msgs.msg.InertialSolutionStatus(status=3),
1786043843348173520,1786043843.345155746,/novatel/oem7/fix,/novatel/oem7/fix,/novatel/oem7/inspva,39.663,-75.756,-1.800945468,0.001330586,-0.000453907,0.001328197,-0.000079687,-0.000453907,,0,
1786043843349996352,1786043843.345808123,/novatel/oem7/odom,/novatel/oem7/fix,/novatel/oem7/odom,39.663,-75.756,-1.800945468,0.001331786,-0.000450372,-0.000009959,0.001331749,-0.000450372,,,
1786043843356636773,1786043843.355604673,/novatel/oem7/odom,/novatel/oem7/fix,/novatel/oem7/odom,39.663,-75.756,-1.800945468,0.001331786,-0.000450372,-0.000009959,0.001331749,-0.000450372,,,
1786043843367029682,1786043843.366497796,/novatel/oem7/inspva,/novatel/oem7/inspva,/novatel/oem7/inspva,39.663,-75.756,-1.800950782,0.000802245,-0.000770762,0.000782305,-0.000177750,-0.000770762,,novatel_oem7_msgs.msg.InertialSolutionStatus(status=3),
1786043843368451623,1786043843.366636121,/novatel/oem7/fix,/novatel/oem7/fix,/novatel/oem7/inspva,39.663,-75.756,-1.800950782,0.000802245,-0.000770762,0.000782305,-0.000177750,-0.000770762,,0,
1786043843369502317,1786043843.367377438,/novatel/oem7/odom,/novatel/oem7/fix,/novatel/oem7/odom,39.663,-75.756,-1.800950782,0.000803792,-0.000769148,-0.000134632,0.000792437,-0.000769148,,,
1786043843376770850,1786043843.375882188,/novatel/oem7/odom,/novatel/oem7/fix,/novatel/oem7/odom,39.663,-75.756,-1.800950782,0.000803792,-0.000769148,-0.000134632,0.000792437,-0.000769148,,,
1786043843386267407,1786043843.385523792,/novatel/oem7/inspva,/novatel/oem7/inspva,/novatel/oem7/inspva,39.663,-75.756,-1.800954509,0.001183820,-0.000704254,0.001172314,-0.000164651,-0.000704254,,novatel_oem7_msgs.msg.InertialSolutionStatus(status=3),
1786043843388103808,1786043843.385748822,/novatel/oem7/fix,/novatel/oem7/fix,/novatel/oem7/inspva,39.663,-75.756,-1.800954509,0.001183820,-0.000704254,0.001172314,-0.000164651,-0.000704254,,0,
1786043843389743459,1786043843.386292860,/novatel/oem7/odom,/novatel/oem7/fix,/novatel/oem7/odom,39.663,-75.756,-1.800954509,0.001185466,-0.000701480,-0.000101842,0.001181084,-0.000701480,,,
1786043843395872114,1786043843.394975405,/novatel/oem7/odom,/novatel/oem7/fix,/novatel/oem7/odom,39.663,-75.756,-1.800954509,0.001185466,-0.000701480,-0.000101842,0.001181084,-0.000701480,,,
1786043843408228510,1786043843.406665017,/novatel/oem7/inspva,/novatel/oem7/inspva,/novatel/oem7/inspva,39.663,-75.756,-1.800958995,0.001099334,-0.000641859,0.001059829,-0.000292060,-0.000641859,,novatel_oem7_msgs.msg.InertialSolutionStatus(status=3),
1786043843409516613,1786043843.407012630,/novatel/oem7/fix,/novatel/oem7/fix,/novatel/oem7/inspva,39.663,-75.756,-1.800958995,0.001099334,-0.000641859,0.001059829,-0.000292060,-0.000641859,,0,
1786043843411664498,1786043843.410234553,/novatel/oem7/bestpos,/novatel/oem7/bestpos,/novatel/oem7/inspva,39.663,-75.756,33.181426894,0.001099334,-0.000641859,0.001059829,-0.000292060,-0.000641859,,novatel_oem7_msgs.msg.SolutionStatus(status=0),novatel_oem7_msgs.msg.PositionOrVelocityType(type=53)
1786043843413040101,1786043843.410631471,/novatel/oem7/bestvel,/novatel/oem7/bestpos,/novatel/oem7/bestvel,39.663,-75.756,33.181426894,0.001413934,-0.000677283,,,,338.659918308,novatel_oem7_msgs.msg.SolutionStatus(status=0),novatel_oem7_msgs.msg.PositionOrVelocityType(type=53)
1786043843414617984,1786043843.407403344,/novatel/oem7/odom,/novatel/oem7/bestpos,/novatel/oem7/odom,39.663,-75.756,33.181426894,0.001100499,-0.000639860,-0.000235060,0.001075102,-0.000639860,,,
1786043843416705059,1786043843.415101487,/novatel/oem7/odom,/novatel/oem7/bestpos,/novatel/oem7/odom,39.663,-75.756,33.181426894,0.001100499,-0.000639860,-0.000235060,0.001075102,-0.000639860,,,
1786043843426016927,1786043843.425378581,/novatel/oem7/inspva,/novatel/oem7/inspva,/novatel/oem7/inspva,39.663,-75.756,-1.800961050,0.001416865,-0.000389123,0.001415411,-0.000064177,-0.000389123,,novatel_oem7_msgs.msg.InertialSolutionStatus(status=3),
1786043843427881229,1786043843.425603643,/novatel/oem7/fix,/novatel/oem7/fix,/novatel/oem7/inspva,39.663,-75.756,-1.800961050,0.001416865,-0.000389123,0.001415411,-0.000064177,-0.000389123,,0,
1786043843429175382,1786043843.425977610,/novatel/oem7/odom,/novatel/oem7/fix,/novatel/oem7/odom,39.663,-75.756,-1.800961050,0.001417911,-0.000385293,0.000009765,0.001417877,-0.000385293,,,
1786043843435234404,1786043843.434501030,/novatel/oem7/odom,/novatel/oem7/fix,/novatel/oem7/odom,39.663,-75.756,-1.800961050,0.001417911,-0.000385293,0.000009765,0.001417877,-0.000385293,,,
1786043843445774044,1786043843.445058680,/novatel/oem7/inspva,/novatel/oem7/inspva,/novatel/oem7/inspva,39.663,-75.756,-1.800966502,0.000993830,-0.000649250,0.000989052,0.000097337,-0.000649250,,novatel_oem7_msgs.msg.InertialSolutionStatus(status=3),
1786043843447312139,1786043843.445246768,/novatel/oem7/fix,/novatel/oem7/fix,/novatel/oem7/inspva,39.663,-75.756,-1.800966502,0.000993830,-0.000649250,0.000989052,0.000097337,-0.000649250,,0,
1786043843448498171,1786043843.445567825,/novatel/oem7/odom,/novatel/oem7/fix,/novatel/oem7/odom,39.663,-75.756,-1.800966502,0.000995913,-0.000646050,0.000150234,0.000984516,-0.000646050,,,
1786043843457052542,1786043843.456349798,/novatel/oem7/odom,/novatel/oem7/fix,/novatel/oem7/odom,39.663,-75.756,-1.800966502,0.000995913,-0.000646050,0.000150234,0.000984516,-0.000646050,,,
1786043843465343532,1786043843.464853947,/novatel/oem7/inspva,/novatel/oem7/inspva,/novatel/oem7/inspva,39.663,-75.756,-1.800968754,0.001163013,-0.000617280,0.001152318,0.000157356,-0.000617280,,novatel_oem7_msgs.msg.InertialSolutionStatus(status=3),
1786043843466722650,1786043843.465009243,/novatel/oem7/fix,/novatel/oem7/fix,/novatel/oem7/inspva,39.663,-75.756,-1.800968754,0.001163013,-0.000617280,0.001152318,0.000157356,-0.000617280,,0,
1786043843467951752,1786043843.465452493,/novatel/oem7/odom,/novatel/oem7/fix,/novatel/oem7/odom,39.663,-75.756,-1.800968754,0.001165063,-0.000613401,0.000218403,0.001144409,-0.000613401,,,
1786043843475270620,1786043843.474509132,/novatel/oem7/odom,/novatel/oem7/fix,/novatel/oem7/odom,39.663,-75.756,-1.800968754,0.001165063,-0.000613401,0.000218403,0.001144409,-0.000613401,,,
1786043843487131253,1786043843.486565171,/novatel/oem7/inspva,/novatel/oem7/inspva,/novatel/oem7/inspva,39.663,-75.756,-1.800970583,0.000989260,-0.000243927,0.000969577,-0.000196357,-0.000243927,,novatel_oem7_msgs.msg.InertialSolutionStatus(status=3),
1786043843488546981,1786043843.486738709,/novatel/oem7/fix,/novatel/oem7/fix,/novatel/oem7/inspva,39.663,-75.756,-1.800970583,0.000989260,-0.000243927,0.000969577,-0.000196357,-0.000243927,,0,
1786043843489637019,1786043843.487528104,/novatel/oem7/odom,/novatel/oem7/fix,/novatel/oem7/odom,39.663,-75.756,-1.800970583,0.000989771,-0.000241845,-0.000145584,0.000979006,-0.000241845,,,
1786043843495295773,1786043843.494634543,/novatel/oem7/odom,/novatel/oem7/fix,/novatel/oem7/odom,39.663,-75.756,-1.800970583,0.000989771,-0.000241845,-0.000145584,0.000979006,-0.000241845,,,
1786043843507187254,1786043843.506236314,/novatel/oem7/inspva,/novatel/oem7/inspva,/novatel/oem7/inspva,39.663,-75.756,-1.800976771,0.000937725,-0.000529124,0.000915150,-0.000204517,-0.000529124,,novatel_oem7_msgs.msg.InertialSolutionStatus(status=3),
1786043843509407319,1786043843.506492070,/novatel/oem7/fix,/novatel/oem7/fix,/novatel/oem7/inspva,39.663,-75.756,-1.800976771,0.000937725,-0.000529124,0.000915150,-0.000204517,-0.000529124,,0,
1786043843511173827,1786043843.507145090,/novatel/oem7/odom,/novatel/oem7/fix,/novatel/oem7/odom,39.663,-75.756,-1.800976771,0.000938793,-0.000527227,-0.000155458,0.000925832,-0.000527227,,,
1786043843513253062,1786043843.511157554,/novatel/oem7/bestpos,/novatel/oem7/bestpos,/novatel/oem7/odom,39.663,-75.756,33.181409210,0.000938793,-0.000527227,-0.000155458,0.000925832,-0.000527227,,novatel_oem7_msgs.msg.SolutionStatus(status=0),novatel_oem7_msgs.msg.PositionOrVelocityType(type=53)
1786043843514603682,1786043843.511665836,/novatel/oem7/bestvel,/novatel/oem7/bestpos,/novatel/oem7/bestvel,39.663,-75.756,33.181409210,0.000748741,-0.000440157,,,,347.060465444,novatel_oem7_msgs.msg.SolutionStatus(status=0),novatel_oem7_msgs.msg.PositionOrVelocityType(type=53)
1786043843516645917,1786043843.514637619,/novatel/oem7/odom,/novatel/oem7/bestpos,/novatel/oem7/odom,39.663,-75.756,33.181409210,0.000938793,-0.000527227,-0.000155458,0.000925832,-0.000527227,,,
1786043843526097976,1786043843.525432566,/novatel/oem7/inspva,/novatel/oem7/inspva,/novatel/oem7/inspva,39.663,-75.756,-1.800982262,0.001279957,-0.000564794,0.001191245,-0.000468217,-0.000564794,,novatel_oem7_msgs.msg.InertialSolutionStatus(status=3),
1786043843527472706,1786043843.525654218,/novatel/oem7/fix,/novatel/oem7/fix,/novatel/oem7/inspva,39.663,-75.756,-1.800982262,0.001279957,-0.000564794,0.001191245,-0.000468217,-0.000564794,,0,
1786043843528542400,1786043843.526276231,/novatel/oem7/odom,/novatel/oem7/fix,/novatel/oem7/odom,39.663,-75.756,-1.800982262,0.001280724,-0.000563053,-0.000404536,0.001215157,-0.000563053,,,
1786043843535819661,1786043843.534988834,/novatel/oem7/odom,/novatel/oem7/fix,/novatel/oem7/odom,39.663,-75.756,-1.800982262,0.001280724,-0.000563053,-0.000404536,0.001215157,-0.000563053,,,
1786043843547120362,1786043843.546190513,/novatel/oem7/inspva,/novatel/oem7/inspva,/novatel/oem7/inspva,39.663,-75.756,-1.800984669,0.001278951,-0.000300854,0.001213122,-0.000405034,-0.000300854,,novatel_oem7_msgs.msg.InertialSolutionStatus(status=3),
1786043843549557620,1786043843.546459002,/novatel/oem7/fix,/novatel/oem7/fix,/novatel/oem7/inspva,39.663,-75.756,-1.800984669,0.001278951,-0.000300854,0.001213122,-0.000405034,-0.000300854,,0,
1786043843551219571,1786043843.546990244,/novatel/oem7/odom,/novatel/oem7/fix,/novatel/oem7/odom,39.663,-75.756,-1.800984669,0.001279426,-0.000298829,-0.000341309,0.001233061,-0.000298829,,,
1786043843556625005,1786043843.555764886,/novatel/oem7/odom,/novatel/oem7/fix,/novatel/oem7/odom,39.663,-75.756,-1.800984669,0.001279426,-0.000298829,-0.000341309,0.001233061,-0.000298829,,,
1786043843565591400,1786043843.565051581,/novatel/oem7/inspva,/novatel/oem7/inspva,/novatel/oem7/inspva,39.663,-75.756,-1.800990972,0.001329258,-0.000522159,0.001207749,-0.000555220,-0.000522159,,novatel_oem7_msgs.msg.InertialSolutionStatus(status=3),
1786043843567033334,1786043843.565207459,/novatel/oem7/fix,/novatel/oem7/fix,/novatel/oem7/inspva,39.663,-75.756,-1.800990972,0.001329258,-0.000522159,0.001207749,-0.000555220,-0.000522159,,0,
1786043843568207620,1786043843.565540316,/novatel/oem7/odom,/novatel/oem7/fix,/novatel/oem7/odom,39.663,-75.756,-1.800990972,0.001329844,-0.000520665,-0.000490740,0.001235985,-0.000520665,,,
1786043843576569375,1786043843.575524436,/novatel/oem7/odom,/novatel/oem7/fix,/novatel/oem7/odom,39.663,-75.756,-1.800990972,0.001329844,-0.000520665,-0.000490740,0.001235985,-0.000520665,,,
1786043843585704160,1786043843.584915139,/novatel/oem7/inspva,/novatel/oem7/inspva,/novatel/oem7/inspva,39.663,-75.756,-1.800995459,0.001349480,-0.000438147,0.001283020,-0.000418278,-0.000438147,,novatel_oem7_msgs.msg.InertialSolutionStatus(status=3),
1786043843587582896,1786043843.585132238,/novatel/oem7/fix,/novatel/oem7/fix,/novatel/oem7/inspva,39.663,-75.756,-1.800995459,0.001349480,-0.000438147,0.001283020,-0.000418278,-0.000438147,,0,
1786043843589054097,1786043843.585599139,/novatel/oem7/odom,/novatel/oem7/fix,/novatel/oem7/odom,39.663,-75.756,-1.800995459,0.001350191,-0.000435951,-0.000350446,0.001303919,-0.000435951,,,
1786043843594904371,1786043843.594296799,/novatel/oem7/odom,/novatel/oem7/fix,/novatel/oem7/odom,39.663,-75.756,-1.800995459,0.001350191,-0.000435951,-0.000350446,0.001303919,-0.000435951,,,
1786043843607272559,1786043843.606400074,/novatel/oem7/inspva,/novatel/oem7/inspva,/novatel/oem7/inspva,39.663,-75.756,-1.800999361,0.001300017,-0.000367869,0.001090606,-0.000707547,-0.000367869,,novatel_oem7_msgs.msg.InertialSolutionStatus(status=3),
1786043843609583423,1786043843.606634103,/novatel/oem7/fix,/novatel/oem7/fix,/novatel/oem7/inspva,39.663,-75.756,-1.800999361,0.001300017,-0.000367869,0.001090606,-0.000707547,-0.000367869,,0,
1786043843611112965,1786043843.607025200,/novatel/oem7/odom,/novatel/oem7/fix,/novatel/oem7/odom,39.663,-75.756,-1.800999361,0.001300188,-0.000367265,-0.000649445,0.001126370,-0.000367265,,,
1786043843613174926,1786043843.610301530,/novatel/oem7/bestpos,/novatel/oem7/bestpos,/novatel/oem7/odom,39.663,-75.756,33.181380607,0.001300188,-0.000367265,-0.000649445,0.001126370,-0.000367265,,novatel_oem7_msgs.msg.SolutionStatus(status=0),novatel_oem7_msgs.msg.PositionOrVelocityType(type=53)
1786043843614701095,1786043843.610711044,/novatel/oem7/bestvel,/novatel/oem7/bestpos,/novatel/oem7/bestvel,39.663,-75.756,33.181380607,0.001086357,-0.000430249,,,,334.744174386,novatel_oem7_msgs.msg.SolutionStatus(status=0),novatel_oem7_msgs.msg.PositionOrVelocityType(type=53)
1786043843616798726,1786043843.614717668,/novatel/oem7/odom,/novatel/oem7/bestpos,/novatel/oem7/odom,39.663,-75.756,33.181380607,0.001300188,-0.000367265,-0.000649445,0.001126370,-0.000367265,,,
1786043843625755687,1786043843.625020516,/novatel/oem7/inspva,/novatel/oem7/inspva,/novatel/oem7/inspva,39.663,-75.756,-1.801003282,0.001250845,-0.000148903,0.001203049,-0.000342472,-0.000148903,,novatel_oem7_msgs.msg.InertialSolutionStatus(status=3),
1786043843627360040,1786043843.625228888,/novatel/oem7/fix,/novatel/oem7/fix,/novatel/oem7/inspva,39.663,-75.756,-1.801003282,0.001250845,-0.000148903,0.001203049,-0.000342472,-0.000148903,,0,
1786043843628380293,1786043843.625635903,/novatel/oem7/odom,/novatel/oem7/fix,/novatel/oem7/odom,39.663,-75.756,-1.801003282,0.001251111,-0.000146659,-0.000279908,0.001219397,-0.000146659,,,
1786043843636319497,1786043843.635475438,/novatel/oem7/odom,/novatel/oem7/fix,/novatel/oem7/odom,39.663,-75.756,-1.801003282,0.001251111,-0.000146659,-0.000279908,0.001219397,-0.000146659,,,
1786043843646222615,1786043843.645307432,/novatel/oem7/inspva,/novatel/oem7/inspva,/novatel/oem7/inspva,39.663,-75.756,-1.801013438,0.001554985,-0.000790268,0.001385015,-0.000706904,-0.000790268,,novatel_oem7_msgs.msg.InertialSolutionStatus(status=3),
1786043843648520131,1786043843.645693802,/novatel/oem7/fix,/novatel/oem7/fix,/novatel/oem7/inspva,39.663,-75.756,-1.801013438,0.001554985,-0.000790268,0.001385015,-0.000706904,-0.000790268,,0,
1786043843650187672,1786043843.646146454,/novatel/oem7/odom,/novatel/oem7/fix,/novatel/oem7/odom,39.663,-75.756,-1.801013438,0.001555727,-0.000788808,-0.000632148,0.001421504,-0.000788808,,,
1786043843657406371,1786043843.656387764,/novatel/oem7/odom,/novatel/oem7/fix,/novatel/oem7/odom,39.663,-75.756,-1.801013438,0.001555727,-0.000788808,-0.000632148,0.001421504,-0.000788808,,,
1786043843666776660,1786043843.666181170,/novatel/oem7/inspva,/novatel/oem7/inspva,/novatel/oem7/inspva,39.663,-75.756,-1.801017490,0.001536259,-0.000628607,0.001472282,-0.000438724,-0.000628607,,novatel_oem7_msgs.msg.InertialSolutionStatus(status=3),
1786043843668234548,1786043843.666366696,/novatel/oem7/fix,/novatel/oem7/fix,/novatel/oem7/inspva,39.663,-75.756,-1.801017490,0.001536259,-0.000628607,0.001472282,-0.000438724,-0.000628607,,0,
1786043843669406813,1786043843.666734008,/novatel/oem7/odom,/novatel/oem7/fix,/novatel/oem7/odom,39.663,-75.756,-1.801017490,0.001537350,-0.000625935,-0.000360461,0.001494494,-0.000625935,,,
1786043843675635250,1786043843.674507155,/novatel/oem7/odom,/novatel/oem7/fix,/novatel/oem7/odom,39.663,-75.756,-1.801017490,0.001537350,-0.000625935,-0.000360461,0.001494494,-0.000625935,,,
1786043843685777989,1786043843.685038710,/novatel/oem7/inspva,/novatel/oem7/inspva,/novatel/oem7/inspva,39.663,-75.756,-1.801022363,0.001598035,-0.000164179,0.001438571,-0.000695865,-0.000164179,,novatel_oem7_msgs.msg.InertialSolutionStatus(status=3),
1786043843687756353,1786043843.685243105,/novatel/oem7/fix,/novatel/oem7/fix,/novatel/oem7/inspva,39.663,-75.756,-1.801022363,0.001598035,-0.000164179,0.001438571,-0.000695865,-0.000164179,,0,
1786043843689300152,1786043843.685644288,/novatel/oem7/odom,/novatel/oem7/fix,/novatel/oem7/odom,39.663,-75.756,-1.801022363,0.001598203,-0.000162529,-0.000620710,0.001472744,-0.000162529,,,
1786043843695772074,1786043843.695137491,/novatel/oem7/odom,/novatel/oem7/fix,/novatel/oem7/odom,39.663,-75.756,-1.801022363,0.001598203,-0.000162529,-0.000620710,0.001472744,-0.000162529,,,
1786043843706375465,1786043843.705696461,/novatel/oem7/inspva,/novatel/oem7/inspva,/novatel/oem7/inspva,39.663,-75.756,-1.801032935,0.001417142,-0.000423974,0.001309447,-0.000541884,-0.000423974,,novatel_oem7_msgs.msg.InertialSolutionStatus(status=3),
1786043843707928467,1786043843.705907723,/novatel/oem7/fix,/novatel/oem7/fix,/novatel/oem7/inspva,39.663,-75.756,-1.801032935,0.001417142,-0.000423974,0.001309447,-0.000541884,-0.000423974,,0,
1786043843709075242,1786043843.706268322,/novatel/oem7/odom,/novatel/oem7/fix,/novatel/oem7/odom,39.663,-75.756,-1.801032935,0.001417693,-0.000422128,-0.000472569,0.001336612,-0.000422128,,,
1786043843710559334,1786043843.709007411,/novatel/oem7/bestpos,/novatel/oem7/bestpos,/novatel/oem7/odom,39.663,-75.756,33.181341007,0.001417693,-0.000422128,-0.000472569,0.001336612,-0.000422128,,novatel_oem7_msgs.msg.SolutionStatus(status=0),novatel_oem7_msgs.msg.PositionOrVelocityType(type=53)
1786043843711515367,1786043843.709512847,/novatel/oem7/bestvel,/novatel/oem7/bestpos,/novatel/oem7/bestvel,39.663,-75.756,33.181341007,0.001880040,-0.000822534,,,,348.635767730,novatel_oem7_msgs.msg.SolutionStatus(status=0),novatel_oem7_msgs.msg.PositionOrVelocityType(type=53)
1786043843714964072,1786043843.714295122,/novatel/oem7/odom,/novatel/oem7/bestpos,/novatel/oem7/odom,39.663,-75.756,33.181341007,0.001417693,-0.000422128,-0.000472569,0.001336612,-0.000422128,,,
1786043843726991197,1786043843.726488752,/novatel/oem7/inspva,/novatel/oem7/inspva,/novatel/oem7/inspva,39.663,-75.756,-1.801042973,0.001526990,-0.000640840,0.001353338,-0.000707232,-0.000640840,,novatel_oem7_msgs.msg.InertialSolutionStatus(status=3),
1786043843728296587,1786043843.726651127,/novatel/oem7/fix,/novatel/oem7/fix,/novatel/oem7/inspva,39.663,-75.756,-1.801042973,0.001526990,-0.000640840,0.001353338,-0.000707232,-0.000640840,,0,
1786043843729337681,1786043843.727026721,/novatel/oem7/odom,/novatel/oem7/fix,/novatel/oem7/odom,39.663,-75.756,-1.801042973,0.001527569,-0.000639460,-0.000634659,0.001389487,-0.000639460,,,
1786043843735798637,1786043843.734951878,/novatel/oem7/odom,/novatel/oem7/fix,/novatel/oem7/odom,39.663,-75.756,-1.801042973,0.001527569,-0.000639460,-0.000634659,0.001389487,-0.000639460,,,
1786043843746291240,1786043843.745153422,/novatel/oem7/inspva,/novatel/oem7/inspva,/novatel/oem7/inspva,39.663,-75.756,-1.801051321,0.001509367,-0.000558186,0.001300707,-0.000765735,-0.000558186,,novatel_oem7_msgs.msg.InertialSolutionStatus(status=3),
1786043843748445552,1786043843.745442338,/novatel/oem7/fix,/novatel/oem7/fix,/novatel/oem7/inspva,39.663,-75.756,-1.801051321,0.001509367,-0.000558186,0.001300707,-0.000765735,-0.000558186,,0,
1786043843750223510,1786043843.746159202,/novatel/oem7/odom,/novatel/oem7/fix,/novatel/oem7/odom,39.663,-75.756,-1.801051321,0.001509743,-0.000557167,-0.000696086,0.001339697,-0.000557167,,,
1786043843756924491,1786043843.755913541,/novatel/oem7/odom,/novatel/oem7/fix,/novatel/oem7/odom,39.663,-75.756,-1.801051321,0.001509743,-0.000557167,-0.000696086,0.001339697,-0.000557167,,,
1786043843765692494,1786043843.765173398,/novatel/oem7/inspva,/novatel/oem7/inspva,/novatel/oem7/inspva,39.663,-75.756,-1.801060551,0.001614849,-0.000658420,0.001424314,-0.000760963,-0.000658420,,novatel_oem7_msgs.msg.InertialSolutionStatus(status=3),
1786043843767064811,1786043843.765312806,/novatel/oem7/fix,/novatel/oem7/fix,/novatel/oem7/inspva,39.663,-75.756,-1.801060551,0.001614849,-0.000658420,0.001424314,-0.000760963,-0.000658420,,0,
1786043843768149775,1786043843.765950576,/novatel/oem7/odom,/novatel/oem7/fix,/novatel/oem7/odom,39.663,-75.756,-1.801060551,0.001615417,-0.000657025,-0.000684628,0.001463166,-0.000657025,,,
1786043843776307861,1786043843.774957414,/novatel/oem7/odom,/novatel/oem7/fix,/novatel/oem7/odom,39.663,-75.756,-1.801060551,0.001615417,-0.000657025,-0.000684628,0.001463166,-0.000657025,,,
1786043843786854471,1786043843.785988493,/novatel/oem7/inspva,/novatel/oem7/inspva,/novatel/oem7/inspva,39.663,-75.756,-1.801070366,0.001536451,-0.000580861,0.001384132,-0.000666976,-0.000580861,,novatel_oem7_msgs.msg.InertialSolutionStatus(status=3),
1786043843788784201,1786043843.786183068,/novatel/oem7/fix,/novatel/oem7/fix,/novatel/oem7/inspva,39.663,-75.756,-1.801070366,0.001536451,-0.000580861,0.001384132,-0.000666976,-0.000580861,,0,
1786043843790361727,1786043843.786873759,/novatel/oem7/odom,/novatel/oem7/fix,/novatel/oem7/odom,39.663,-75.756,-1.801070366,0.001537061,-0.000579243,-0.000593097,0.001418025,-0.000579243,,,
1786043843795127059,1786043843.794463556,/novatel/oem7/odom,/novatel/oem7/fix,/novatel/oem7/odom,39.663,-75.756,-1.801070366,0.001537061,-0.000579243,-0.000593097,0.001418025,-0.000579243,,,
1786043843807551938,1786043843.806623565,/novatel/oem7/inspva,/novatel/oem7/inspva,/novatel/oem7/inspva,39.663,-75.756,-1.801081435,0.001586161,-0.000627407,0.001323251,-0.000874593,-0.000627407,,novatel_oem7_msgs.msg.InertialSolutionStatus(status=3),
1786043843809888662,1786043843.806835234,/novatel/oem7/fix,/novatel/oem7/fix,/novatel/oem7/inspva,39.663,-75.756,-1.801081435,0.001586161,-0.000627407,0.001323251,-0.000874593,-0.000627407,,0,
1786043843811560869,1786043843.807701353,/novatel/oem7/odom,/novatel/oem7/fix,/novatel/oem7/odom,39.663,-75.756,-1.801081435,0.001586435,-0.000626713,-0.000803382,0.001367975,-0.000626713,,,
1786043843813591663,1786043843.810280252,/novatel/oem7/bestpos,/novatel/oem7/bestpos,/novatel/oem7/odom,39.663,-75.756,33.181305910,0.001586435,-0.000626713,-0.000803382,0.001367975,-0.000626713,,novatel_oem7_msgs.msg.SolutionStatus(status=0),novatel_oem7_msgs.msg.PositionOrVelocityType(type=53)
1786043843814971680,1786043843.810807915,/novatel/oem7/bestvel,/novatel/oem7/bestpos,/novatel/oem7/bestvel,39.663,-75.756,33.181305910,0.001470879,-0.000791014,,,,336.545521887,novatel_oem7_msgs.msg.SolutionStatus(status=0),novatel_oem7_msgs.msg.PositionOrVelocityType(type=53)
1786043843817051821,1786043843.815632017,/novatel/oem7/odom,/novatel/oem7/bestpos,/novatel/oem7/odom,39.663,-75.756,33.181305910,0.001586435,-0.000626713,-0.000803382,0.001367975,-0.000626713,,,
1786043843825896875,1786043843.825054976,/novatel/oem7/inspva,/novatel/oem7/inspva,/novatel/oem7/inspva,39.663,-75.756,-1.801094842,0.001290516,-0.000711624,0.001163919,-0.000557426,-0.000711624,,novatel_oem7_msgs.msg.InertialSolutionStatus(status=3),
1786043843827576845,1786043843.825243151,/novatel/oem7/fix,/novatel/oem7/fix,/novatel/oem7/inspva,39.663,-75.756,-1.801094842,0.001290516,-0.000711624,0.001163919,-0.000557426,-0.000711624,,0,
1786043843828612002,1786043843.825633612,/novatel/oem7/odom,/novatel/oem7/fix,/novatel/oem7/odom,39.663,-75.756,-1.801094842,0.001291273,-0.000710249,-0.000494471,0.001192847,-0.000710249,,,
1786043843835372204,1786043843.834565693,/novatel/oem7/odom,/novatel/oem7/fix,/novatel/oem7/odom,39.663,-75.756,-1.801094842,0.001291273,-0.000710249,-0.000494471,0.001192847,-0.000710249,,,
1786043843848307918,1786043843.846852300,/novatel/oem7/inspva,/novatel/oem7/inspva,/novatel/oem7/inspva,39.663,-75.756,-1.801109832,0.001633802,-0.000969902,0.001414200,-0.000818138,-0.000969902,,novatel_oem7_msgs.msg.InertialSolutionStatus(status=3),
1786043843850608322,1786043843.847274335,/novatel/oem7/fix,/novatel/oem7/fix,/novatel/oem7/inspva,39.663,-75.756,-1.801109832,0.001633802,-0.000969902,0.001414200,-0.000818138,-0.000969902,,0,
1786043843852322599,1786043843.847849983,/novatel/oem7/odom,/novatel/oem7/fix,/novatel/oem7/odom,39.663,-75.756,-1.801109832,0.001634492,-0.000968739,-0.000741073,0.001456838,-0.000968739,,,
1786043843857795381,1786043843.856698050,/novatel/oem7/odom,/novatel/oem7/fix,/novatel/oem7/odom,39.663,-75.756,-1.801109832,0.001634492,-0.000968739,-0.000741073,0.001456838,-0.000968739,,,
1786043843865768112,1786043843.865245657,/novatel/oem7/inspva,/novatel/oem7/inspva,/novatel/oem7/inspva,39.663,-75.756,-1.801125334,0.001375750,-0.001239692,0.001294693,-0.000465250,-0.001239692,,novatel_oem7_msgs.msg.InertialSolutionStatus(status=3),
1786043843867117726,1786043843.865408535,/novatel/oem7/fix,/novatel/oem7/fix,/novatel/oem7/inspva,39.663,-75.756,-1.801125334,0.001375750,-0.001239692,0.001294693,-0.000465250,-0.001239692,,0,
1786043843868205610,1786043843.865814805,/novatel/oem7/odom,/novatel/oem7/fix,/novatel/oem7/odom,39.663,-75.756,-1.801125334,0.001377629,-0.001237604,-0.000393760,0.001320157,-0.001237604,,,
1786043843876564125,1786043843.875122710,/novatel/oem7/odom,/novatel/oem7/fix,/novatel/oem7/odom,39.663,-75.756,-1.801125334,0.001377629,-0.001237604,-0.000393760,0.001320157,-0.001237604,,,
1786043843886455749,1786043843.885499239,/novatel/oem7/inspva,/novatel/oem7/inspva,/novatel/oem7/inspva,39.663,-75.756,-1.801135056,0.001826230,-0.000595646,0.001656341,-0.000769189,-0.000595646,,novatel_oem7_msgs.msg.InertialSolutionStatus(status=3),
1786043843888409232,1786043843.885713552,/novatel/oem7/fix,/novatel/oem7/fix,/novatel/oem7/inspva,39.663,-75.756,-1.801135056,0.001826230,-0.000595646,0.001656341,-0.000769189,-0.000595646,,0,
1786043843889920407,1786043843.886483636,/novatel/oem7/odom,/novatel/oem7/fix,/novatel/oem7/odom,39.663,-75.756,-1.801135056,0.001826893,-0.000593611,-0.000681162,0.001695156,-0.000593611,,,
1786043843895565435,1786043843.894877238,/novatel/oem7/odom,/novatel/oem7/fix,/novatel/oem7/odom,39.663,-75.756,-1.801135056,0.001826893,-0.000593611,-0.000681162,0.001695156,-0.000593611,,,
1786043843906667524,1786043843.905950877,/novatel/oem7/inspva,/novatel/oem7/inspva,/novatel/oem7/inspva,39.663,-75.756,-1.801152599,0.001584949,-0.000871456,0.001498893,-0.000515153,-0.000871456,,novatel_oem7_msgs.msg.InertialSolutionStatus(status=3),
1786043843908211126,1786043843.906151895,/novatel/oem7/fix,/novatel/oem7/fix,/novatel/oem7/inspva,39.663,-75.756,-1.801152599,0.001584949,-0.000871456,0.001498893,-0.000515153,-0.000871456,,0,
1786043843909461506,1786043843.906712511,/novatel/oem7/odom,/novatel/oem7/fix,/novatel/oem7/odom,39.663,-75.756,-1.801152599,0.001586324,-0.000868951,-0.000434481,0.001525663,-0.000868951,,,
1786043843911007361,1786043843.909224183,/novatel/oem7/bestpos,/novatel/oem7/bestpos,/novatel/oem7/odom,39.663,-75.756,33.181226808,0.001586324,-0.000868951,-0.000434481,0.001525663,-0.000868951,,novatel_oem7_msgs.msg.SolutionStatus(status=0),novatel_oem7_msgs.msg.PositionOrVelocityType(type=53)
1786043843911961768,1786043843.909547417,/novatel/oem7/bestvel,/novatel/oem7/bestpos,/novatel/oem7/bestvel,39.663,-75.756,33.181226808,0.001940185,-0.001160809,,,,347.994203820,novatel_oem7_msgs.msg.SolutionStatus(status=0),novatel_oem7_msgs.msg.PositionOrVelocityType(type=53)
1786043843915053062,1786043843.914437939,/novatel/oem7/odom,/novatel/oem7/bestpos,/novatel/oem7/odom,39.663,-75.756,33.181226808,0.001586324,-0.000868951,-0.000434481,0.001525663,-0.000868951,,,
1786043843925903179,1786043843.925390057,/novatel/oem7/inspva,/novatel/oem7/inspva,/novatel/oem7/inspva,39.663,-75.756,-1.801165919,0.001748077,-0.000716624,0.001695681,-0.000424783,-0.000716624,,novatel_oem7_msgs.msg.InertialSolutionStatus(status=3),
1786043843927232983,1786043843.925566789,/novatel/oem7/fix,/novatel/oem7/fix,/novatel/oem7/inspva,39.663,-75.756,-1.801165919,0.001748077,-0.000716624,0.001695681,-0.000424783,-0.000716624,,0,
1786043843928281943,1786043843.926184932,/novatel/oem7/odom,/novatel/oem7/fix,/novatel/oem7/odom,39.663,-75.756,-1.801165919,0.001749465,-0.000713230,-0.000334741,0.001717142,-0.000713230,,,
1786043843936575014,1786043843.935647384,/novatel/oem7/odom,/novatel/oem7/fix,/novatel/oem7/odom,39.663,-75.756,-1.801165919,0.001749465,-0.000713230,-0.000334741,0.001717142,-0.000713230,,,
1786043843946052837,1786043843.945082484,/novatel/oem7/inspva,/novatel/oem7/inspva,/novatel/oem7/inspva,39.663,-75.756,-1.801180535,0.001752483,-0.000783135,0.001671693,-0.000525968,-0.000783135,,novatel_oem7_msgs.msg.InertialSolutionStatus(status=3),
1786043843948271132,1786043843.945324766,/novatel/oem7/fix,/novatel/oem7/fix,/novatel/oem7/inspva,39.663,-75.756,-1.801180535,0.001752483,-0.000783135,0.001671693,-0.000525968,-0.000783135,,0,
1786043843950071101,1786043843.945946213,/novatel/oem7/odom,/novatel/oem7/fix,/novatel/oem7/odom,39.663,-75.756,-1.801180535,0.001753802,-0.000780177,-0.000436765,0.001698546,-0.000780177,,,
1786043843956944941,1786043843.955768469,/novatel/oem7/odom,/novatel/oem7/fix,/novatel/oem7/odom,39.663,-75.756,-1.801180535,0.001753802,-0.000780177,-0.000436765,0.001698546,-0.000780177,,,
1786043843967178754,1786043843.966607769,/novatel/oem7/inspva,/novatel/oem7/inspva,/novatel/oem7/inspva,39.663,-75.756,-1.801193107,0.001983955,-0.000795535,0.001960209,-0.000306037,-0.000795535,,novatel_oem7_msgs.msg.InertialSolutionStatus(status=3),
1786043843968678233,1786043843.966775830,/novatel/oem7/fix,/novatel/oem7/fix,/novatel/oem7/inspva,39.663,-75.756,-1.801193107,0.001983955,-0.000795535,0.001960209,-0.000306037,-0.000795535,,0,
1786043843969895639,1786043843.967695303,/novatel/oem7/odom,/novatel/oem7/fix,/novatel/oem7/odom,39.663,-75.756,-1.801193107,0.001985786,-0.000790954,-0.000202281,0.001975457,-0.000790954,,,
1786043843976220906,1786043843.974875973,/novatel/oem7/odom,/novatel/oem7/fix,/novatel/oem7/odom,39.663,-75.756,-1.801193107,0.001985786,-0.000790954,-0.000202281,0.001975457,-0.000790954,,,
1786043843986019626,1786043843.985206294,/novatel/oem7/inspva,/novatel/oem7/inspva,/novatel/oem7/inspva,39.663,-75.756,-1.801204923,0.001775448,-0.000800475,0.001612948,-0.000742034,-0.000800475,,novatel_oem7_msgs.msg.InertialSolutionStatus(status=3),
1786043843987973145,1786043843.985447587,/novatel/oem7/fix,/novatel/oem7/fix,/novatel/oem7/inspva,39.663,-75.756,-1.801204923,0.001775448,-0.000800475,0.001612948,-0.000742034,-0.000800475,,0,
1786043843989496941,1786043843.986045366,/novatel/oem7/odom,/novatel/oem7/fix,/novatel/oem7/odom,39.663,-75.756,-1.801204923,0.001776359,-0.000798451,-0.000655473,0.001651002,-0.000798451,,,
1786043843996127305,1786043843.995467425,/novatel/oem7/odom,/novatel/oem7/fix,/novatel/oem7/odom,39.663,-75.756,-1.801204923,0.001776359,-0.000798451,-0.000655473,0.001651002,-0.000798451,,,
1786043844009577435,1786043844.008320822,/novatel/oem7/inspva,/novatel/oem7/inspva,/novatel/oem7/inspva,39.663,-75.756,-1.801214774,0.002116868,-0.000577036,0.001969810,-0.000775231,-0.000577036,,novatel_oem7_msgs.msg.InertialSolutionStatus(status=3),
1786043844012032246,1786043844.008625409,/novatel/oem7/fix,/novatel/oem7/fix,/novatel/oem7/inspva,39.663,-75.756,-1.801214774,0.002116868,-0.000577036,0.001969810,-0.000775231,-0.000577036,,0,
1786043844014272859,1786043844.011337652,/novatel/oem7/odom,/novatel/oem7/fix,/novatel/oem7/odom,39.663,-75.756,-1.801214774,0.002117673,-0.000574078,-0.000671176,0.002008497,-0.000574078,,,
1786043844017219862,1786043844.016202579,/novatel/oem7/odom,/novatel/oem7/fix,/novatel/oem7/odom,39.663,-75.756,-1.801214774,0.002117673,-0.000574078,-0.000671176,0.002008497,-0.000574078,,,
1786043844025333688,1786043844.024289268,/novatel/oem7/bestpos,/novatel/oem7/bestpos,/novatel/oem7/odom,39.663,-75.756,33.181170229,0.002117673,-0.000574078,-0.000671176,0.002008497,-0.000574078,,novatel_oem7_msgs.msg.SolutionStatus(status=0),novatel_oem7_msgs.msg.PositionOrVelocityType(type=53)
1786043844027277021,1786043844.024739685,/novatel/oem7/bestvel,/novatel/oem7/bestpos,/novatel/oem7/bestvel,39.663,-75.756,33.181170229,0.002294816,-0.000605305,,,,337.272542038,novatel_oem7_msgs.msg.SolutionStatus(status=0),novatel_oem7_msgs.msg.PositionOrVelocityType(type=53)
1786043844028716709,1786043844.026754646,/novatel/oem7/inspva,/novatel/oem7/inspva,/novatel/oem7/inspva,39.663,-75.756,-1.801225098,0.001694036,-0.000533372,0.001469758,-0.000842360,-0.000533372,,novatel_oem7_msgs.msg.InertialSolutionStatus(status=3),
1786043844029576648,1786043844.026961635,/novatel/oem7/fix,/novatel/oem7/fix,/novatel/oem7/inspva,39.663,-75.756,-1.801225098,0.001694036,-0.000533372,0.001469758,-0.000842360,-0.000533372,,0,
1786043844030624012,1786043844.027369012,/novatel/oem7/odom,/novatel/oem7/fix,/novatel/oem7/odom,39.663,-75.756,-1.801225098,0.001694428,-0.000532126,-0.000763983,0.001512420,-0.000532126,,,
1786043844035297489,1786043844.034483895,/novatel/oem7/odom,/novatel/oem7/fix,/novatel/oem7/odom,39.663,-75.756,-1.801225098,0.001694428,-0.000532126,-0.000763983,0.001512420,-0.000532126,,,
1786043844047317044,1786043844.046139182,/novatel/oem7/inspva,/novatel/oem7/inspva,/novatel/oem7/inspva,39.663,-75.756,-1.801221651,0.001965363,-0.000442334,0.001901987,-0.000495075,-0.000442334,,novatel_oem7_msgs.msg.InertialSolutionStatus(status=3),
1786043844049821453,1786043844.046517799,/novatel/oem7/fix,/novatel/oem7/fix,/novatel/oem7/inspva,39.663,-75.756,-1.801221651,0.001965363,-0.000442334,0.001901987,-0.000495075,-0.000442334,,0,
1786043844051651018,1786043844.046985891,/novatel/oem7/odom,/novatel/oem7/fix,/novatel/oem7/odom,39.663,-75.756,-1.801221651,0.001966203,-0.000438585,-0.000395352,0.001926046,-0.000438585,,,
1786043844057354530,1786043844.056360109,/novatel/oem7/odom,/novatel/oem7/fix,/novatel/oem7/odom,39.663,-75.756,-1.801221651,0.001966203,-0.000438585,-0.000395352,0.001926046,-0.000438585,,,
1786043844065896546,1786043844.065382009,/novatel/oem7/inspva,/novatel/oem7/inspva,/novatel/oem7/inspva,39.663,-75.756,-1.801214684,0.001659435,-0.000641540,0.001505872,-0.000697190,-0.000641540,,novatel_oem7_msgs.msg.InertialSolutionStatus(status=3),
1786043844067267624,1786043844.065540189,/novatel/oem7/fix,/novatel/oem7/fix,/novatel/oem7/inspva,39.663,-75.756,-1.801214684,0.001659435,-0.000641540,0.001505872,-0.000697190,-0.000641540,,0,
1786043844068395772,1786043844.066126968,/novatel/oem7/odom,/novatel/oem7/fix,/novatel/oem7/odom,39.663,-75.756,-1.801214684,0.001660160,-0.000639660,-0.000616741,0.001541351,-0.000639660,,,
1786043844075738066,1786043844.074509650,/novatel/oem7/odom,/novatel/oem7/fix,/novatel/oem7/odom,39.663,-75.756,-1.801214684,0.001660160,-0.000639660,-0.000616741,0.001541351,-0.000639660,,,
1786043844087499029,1786043844.086659746,/novatel/oem7/inspva,/novatel/oem7/inspva,/novatel/oem7/inspva,39.663,-75.756,-1.801205152,0.001573180,-0.000186281,0.001553555,-0.000247714,-0.000186281,,novatel_oem7_msgs.msg.InertialSolutionStatus(status=3),
1786043844089399181,1786043844.086795752,/novatel/oem7/fix,/novatel/oem7/fix,/novatel/oem7/inspva,39.663,-75.756,-1.801205152,0.001573180,-0.000186281,0.001553555,-0.000247714,-0.000186281,,0,
1786043844090914850,1786043844.087435319,/novatel/oem7/odom,/novatel/oem7/fix,/novatel/oem7/odom,39.663,-75.756,-1.801205152,0.001573605,-0.000182654,-0.000167102,0.001564708,-0.000182654,,,
1786043844095630652,1786043844.094954158,/novatel/oem7/odom,/novatel/oem7/fix,/novatel/oem7/odom,39.663,-75.756,-1.801205152,0.001573605,-0.000182654,-0.000167102,0.001564708,-0.000182654,,,
1786043844106416797,1786043844.105754848,/novatel/oem7/inspva,/novatel/oem7/inspva,/novatel/oem7/inspva,39.663,-75.756,-1.801194713,0.001399866,-0.000102123,0.001266025,-0.000597332,-0.000102123,,novatel_oem7_msgs.msg.InertialSolutionStatus(status=3),
1786043844107460659,1786043844.106146178,/novatel/oem7/fix,/novatel/oem7/fix,/novatel/oem7/inspva,39.663,-75.756,-1.801194713,0.001399866,-0.000102123,0.001266025,-0.000597332,-0.000102123,,0,
1786043844108078365,1786043844.106584869,/novatel/oem7/odom,/novatel/oem7/fix,/novatel/oem7/odom,39.663,-75.756,-1.801194713,0.001399978,-0.000100576,-0.000531293,0.001295247,-0.000100576,,,
1786043844109540662,1786043844.109106081,/novatel/oem7/bestpos,/novatel/oem7/bestpos,/novatel/oem7/odom,39.663,-75.756,33.181201945,0.001399978,-0.000100576,-0.000531293,0.001295247,-0.000100576,,novatel_oem7_msgs.msg.SolutionStatus(status=0),novatel_oem7_msgs.msg.PositionOrVelocityType(type=53)
1786043844110338337,1786043844.109604293,/novatel/oem7/bestvel,/novatel/oem7/bestpos,/novatel/oem7/bestvel,39.663,-75.756,33.181201945,0.001219218,-0.000038638,,,,334.216210607,novatel_oem7_msgs.msg.SolutionStatus(status=0),novatel_oem7_msgs.msg.PositionOrVelocityType(type=53)
1786043844115963192,1786043844.115550320,/novatel/oem7/odom,/novatel/oem7/bestpos,/novatel/oem7/odom,39.663,-75.756,33.181201945,0.001399978,-0.000100576,-0.000531293,0.001295247,-0.000100576,,,
1786043844125633102,1786043844.125243562,/novatel/oem7/inspva,/novatel/oem7/inspva,/novatel/oem7/inspva,39.663,-75.756,-1.801188916,0.001951762,-0.000350136,0.001836948,-0.000659543,-0.000350136,,novatel_oem7_msgs.msg.InertialSolutionStatus(status=3),
1786043844126313316,1786043844.125490511,/novatel/oem7/fix,/novatel/oem7/fix,/novatel/oem7/inspva,39.663,-75.756,-1.801188916,0.001951762,-0.000350136,0.001836948,-0.000659543,-0.000350136,,0,
1786043844127016295,1786043844.126057400,/novatel/oem7/odom,/novatel/oem7/fix,/novatel/oem7/odom,39.663,-75.756,-1.801188916,0.001952293,-0.000347162,-0.000563255,0.001869276,-0.000347162,,,
1786043844136687415,1786043844.134859830,/novatel/oem7/odom,/novatel/oem7/fix,/novatel/oem7/odom,39.663,-75.756,-1.801188916,0.001952293,-0.000347162,-0.000563255,0.001869276,-0.000347162,,,
1786043844146589512,1786043844.145984356,/novatel/oem7/inspva,/novatel/oem7/inspva,/novatel/oem7/inspva,39.663,-75.756,-1.801176707,0.001511586,-0.000160627,0.001399193,-0.000571971,-0.000160627,,novatel_oem7_msgs.msg.InertialSolutionStatus(status=3),
1786043844147915722,1786043844.146186275,/novatel/oem7/fix,/novatel/oem7/fix,/novatel/oem7/inspva,39.663,-75.756,-1.801176707,0.001511586,-0.000160627,0.001399193,-0.000571971,-0.000160627,,0,
1786043844148940319,1786043844.146591929,/novatel/oem7/odom,/novatel/oem7/fix,/novatel/oem7/odom,39.663,-75.756,-1.801176707,0.001511797,-0.000158624,-0.000498935,0.001427093,-0.000158624,,,
1786043844156590703,1786043844.155939287,/novatel/oem7/odom,/novatel/oem7/fix,/novatel/oem7/odom,39.663,-75.756,-1.801176707,0.001511797,-0.000158624,-0.000498935,0.001427093,-0.000158624,,,
1786043844165780074,1786043844.165061949,/novatel/oem7/inspva,/novatel/oem7/inspva,/novatel/oem7/inspva,39.663,-75.756,-1.801166676,0.001842183,-0.000047029,0.001686271,-0.000741706,-0.000047029,,novatel_oem7_msgs.msg.InertialSolutionStatus(status=3),
1786043844167541148,1786043844.165174610,/novatel/oem7/fix,/novatel/oem7/fix,/novatel/oem7/inspva,39.663,-75.756,-1.801166676,0.001842183,-0.000047029,0.001686271,-0.000741706,-0.000047029,,0,
1786043844169616156,1786043844.166717693,/novatel/oem7/odom,/novatel/oem7/fix,/novatel/oem7/odom,39.663,-75.756,-1.801166676,0.001842239,-0.000044773,-0.000654137,0.001722193,-0.000044773,,,
1786043844176531669,1786043844.175557813,/novatel/oem7/odom,/novatel/oem7/fix,/novatel/oem7/odom,39.663,-75.756,-1.801166676,0.001842239,-0.000044773,-0.000654137,0.001722193,-0.000044773,,,
1786043844185812777,1786043844.185081453,/novatel/oem7/inspva,/novatel/oem7/inspva,/novatel/oem7/inspva,39.663,-75.756,-1.801154015,0.001674069,0.000166051,0.001527445,-0.000685142,0.000166051,,novatel_oem7_msgs.msg.InertialSolutionStatus(status=3),
1786043844187515890,1786043844.185328472,/novatel/oem7/fix,/novatel/oem7/fix,/novatel/oem7/inspva,39.663,-75.756,-1.801154015,0.001674069,0.000166051,0.001527445,-0.000685142,0.000166051,,0,
1786043844188749727,1786043844.185752936,/novatel/oem7/odom,/novatel/oem7/fix,/novatel/oem7/odom,39.663,-75.756,-1.801154015,0.001673870,0.000168052,-0.000606572,0.001560099,0.000168052,,,
1786043844195292699,1786043844.194401107,/novatel/oem7/odom,/novatel/oem7/fix,/novatel/oem7/odom,39.663,-75.756,-1.801154015,0.001673870,0.000168052,-0.000606572,0.001560099,0.000168052,,,
1786043844206390486,1786043844.205705605,/novatel/oem7/inspva,/novatel/oem7/inspva,/novatel/oem7/inspva,39.663,-75.756,-1.801146417,0.001130947,-0.000224743,0.001054476,-0.000408803,-0.000224743,,novatel_oem7_msgs.msg.InertialSolutionStatus(status=3),
1786043844207889471,1786043844.205900824,/novatel/oem7/fix,/novatel/oem7/fix,/novatel/oem7/inspva,39.663,-75.756,-1.801146417,0.001130947,-0.000224743,0.001054476,-0.000408803,-0.000224743,,0,
1786043844209005205,1786043844.206678822,/novatel/oem7/odom,/novatel/oem7/fix,/novatel/oem7/odom,39.663,-75.756,-1.801146417,0.001131264,-0.000223139,-0.000353398,0.001074648,-0.000223139,,,
1786043844210843527,1786043844.210020642,/novatel/oem7/bestpos,/novatel/oem7/bestpos,/novatel/oem7/odom,39.663,-75.756,33.181260600,0.001131264,-0.000223139,-0.000353398,0.001074648,-0.000223139,,novatel_oem7_msgs.msg.SolutionStatus(status=0),novatel_oem7_msgs.msg.PositionOrVelocityType(type=53)
1786043844212198178,1786043844.210356699,/novatel/oem7/bestvel,/novatel/oem7/bestpos,/novatel/oem7/bestvel,39.663,-75.756,33.181260600,0.001117559,0.000158261,,,,312.784523652,novatel_oem7_msgs.msg.SolutionStatus(status=0),novatel_oem7_msgs.msg.PositionOrVelocityType(type=53)
1786043844215596625,1786043844.214960313,/novatel/oem7/odom,/novatel/oem7/bestpos,/novatel/oem7/odom,39.663,-75.756,33.181260600,0.001131264,-0.000223139,-0.000353398,0.001074648,-0.000223139,,,
1786043844225481406,1786043844.224903507,/novatel/oem7/inspva,/novatel/oem7/inspva,/novatel/oem7/inspva,39.663,-75.756,-1.801131832,0.001243491,0.000026795,0.001158440,-0.000451979,0.000026795,,novatel_oem7_msgs.msg.InertialSolutionStatus(status=3),
1786043844226895554,1786043844.225074091,/novatel/oem7/fix,/novatel/oem7/fix,/novatel/oem7/inspva,39.663,-75.756,-1.801131832,0.001243491,0.000026795,0.001158440,-0.000451979,0.000026795,,0,
1786043844228313611,1786043844.225536473,/novatel/oem7/odom,/novatel/oem7/fix,/novatel/oem7/odom,39.663,-75.756,-1.801131832,0.001243451,0.000028554,-0.000392104,0.001180011,0.000028554,,,
1786043844236462394,1786043844.235525778,/novatel/oem7/odom,/novatel/oem7/fix,/novatel/oem7/odom,39.663,-75.756,-1.801131832,0.001243451,0.000028554,-0.000392104,0.001180011,0.000028554,,,
1786043844246197863,1786043844.245549023,/novatel/oem7/inspva,/novatel/oem7/inspva,/novatel/oem7/inspva,39.663,-75.756,-1.801125214,0.001358689,-0.000241874,0.001264537,-0.000496973,-0.000241874,,novatel_oem7_msgs.msg.InertialSolutionStatus(status=3),
1786043844248022454,1786043844.245767828,/novatel/oem7/fix,/novatel/oem7/fix,/novatel/oem7/inspva,39.663,-75.756,-1.801125214,0.001358689,-0.000241874,0.001264537,-0.000496973,-0.000241874,,0,
1786043844249506699,1786043844.246604204,/novatel/oem7/odom,/novatel/oem7/fix,/novatel/oem7/odom,39.663,-75.756,-1.801125214,0.001359026,-0.000239972,-0.000430625,0.001288997,-0.000239972,,,
1786043844257449367,1786043844.256510954,/novatel/oem7/odom,/novatel/oem7/fix,/novatel/oem7/odom,39.663,-75.756,-1.801125214,0.001359026,-0.000239972,-0.000430625,0.001288997,-0.000239972,,,
1786043844266549152,1786043844.265970520,/novatel/oem7/inspva,/novatel/oem7/inspva,/novatel/oem7/inspva,39.663,-75.756,-1.801114437,0.001726805,-0.000453405,0.001483663,-0.000883515,-0.000453405,,novatel_oem7_msgs.msg.InertialSolutionStatus(status=3),
1786043844267851106,1786043844.266157862,/novatel/oem7/fix,/novatel/oem7/fix,/novatel/oem7/inspva,39.663,-75.756,-1.801114437,0.001726805,-0.000453405,0.001483663,-0.000883515,-0.000453405,,0,
1786043844268896660,1786043844.266639850,/novatel/oem7/odom,/novatel/oem7/fix,/novatel/oem7/odom,39.663,-75.756,-1.801114437,0.001727116,-0.000452219,-0.000804644,0.001528227,-0.000452219,,,
1786043844275461810,1786043844.274817626,/novatel/oem7/odom,/novatel/oem7/fix,/novatel/oem7/odom,39.663,-75.756,-1.801114437,0.001727116,-0.000452219,-0.000804644,0.001528227,-0.000452219,,,
1786043844285775968,1786043844.285251409,/novatel/oem7/inspva,/novatel/oem7/inspva,/novatel/oem7/inspva,39.663,-75.756,-1.801103921,0.001611584,-0.000090015,0.001345324,-0.000887304,-0.000090015,,novatel_oem7_msgs.msg.InertialSolutionStatus(status=3),
1786043844287030384,1786043844.285436184,/novatel/oem7/fix,/novatel/oem7/fix,/novatel/oem7/inspva,39.663,-75.756,-1.801103921,0.001611584,-0.000090015,0.001345324,-0.000887304,-0.000090015,,0,
1786043844288036444,1786043844.286051270,/novatel/oem7/odom,/novatel/oem7/fix,/novatel/oem7/odom,39.663,-75.756,-1.801103921,0.001611628,-0.000089221,-0.000816859,0.001389276,-0.000089221,,,
1786043844295970801,1786043844.295528173,/novatel/oem7/odom,/novatel/oem7/fix,/novatel/oem7/odom,39.663,-75.756,-1.801103921,0.001611628,-0.000089221,-0.000816859,0.001389276,-0.000089221,,,
1786043844306483870,1786043844.305997540,/novatel/oem7/inspva,/novatel/oem7/inspva,/novatel/oem7/inspva,39.663,-75.756,-1.801091801,0.001910945,0.000123277,0.001632352,-0.000993548,0.000123277,,novatel_oem7_msgs.msg.InertialSolutionStatus(status=3),
1786043844307381855,1786043844.306198889,/novatel/oem7/fix,/novatel/oem7/fix,/novatel/oem7/inspva,39.663,-75.756,-1.801091801,0.001910945,0.000123277,0.001632352,-0.000993548,0.000123277,,0,
1786043844308026322,1786043844.306588706,/novatel/oem7/odom,/novatel/oem7/fix,/novatel/oem7/odom,39.663,-75.756,-1.801091801,0.001910865,0.000124521,-0.000909012,0.001680803,0.000124521,,,
1786043844309665498,1786043844.309260660,/novatel/oem7/bestpos,/novatel/oem7/bestpos,/novatel/oem7/odom,39.663,-75.756,33.181302913,0.001910865,0.000124521,-0.000909012,0.001680803,0.000124521,,novatel_oem7_msgs.msg.SolutionStatus(status=0),novatel_oem7_msgs.msg.PositionOrVelocityType(type=53)
1786043844310474632,1786043844.309942600,/novatel/oem7/bestvel,/novatel/oem7/bestpos,/novatel/oem7/bestvel,39.663,-75.756,33.181302913,0.002381778,-0.000193894,,,,335.597345008,novatel_oem7_msgs.msg.SolutionStatus(status=0),novatel_oem7_msgs.msg.PositionOrVelocityType(type=53)
1786043844314917326,1786043844.314522789,/novatel/oem7/odom,/novatel/oem7/bestpos,/novatel/oem7/odom,39.663,-75.756,33.181302913,0.001910865,0.000124521,-0.000909012,0.001680803,0.000124521,,,
1786043844327194131,1786043844.326692810,/novatel/oem7/inspva,/novatel/oem7/inspva,/novatel/oem7/inspva,39.663,-75.756,-1.801087043,0.001497485,-0.000408052,0.001257990,-0.000812356,-0.000408052,,novatel_oem7_msgs.msg.InertialSolutionStatus(status=3),
1786043844328044782,1786043844.326921819,/novatel/oem7/fix,/novatel/oem7/fix,/novatel/oem7/inspva,39.663,-75.756,-1.801087043,0.001497485,-0.000408052,0.001257990,-0.000812356,-0.000408052,,0,
1786043844328674763,1786043844.327630158,/novatel/oem7/odom,/novatel/oem7/fix,/novatel/oem7/odom,39.663,-75.756,-1.801087043,0.001497701,-0.000407257,-0.000745291,0.001299096,-0.000407257,,,
1786043844335556905,1786043844.335019051,/novatel/oem7/odom,/novatel/oem7/fix,/novatel/oem7/odom,39.663,-75.756,-1.801087043,0.001497701,-0.000407257,-0.000745291,0.001299096,-0.000407257,,,
1786043844345299538,1786043844.344867805,/novatel/oem7/inspva,/novatel/oem7/inspva,/novatel/oem7/inspva,39.663,-75.756,-1.801074591,0.001752563,-0.000353984,0.001637515,-0.000624518,-0.000353984,,novatel_oem7_msgs.msg.InertialSolutionStatus(status=3),
1786043844346278792,1786043844.344994932,/novatel/oem7/fix,/novatel/oem7/fix,/novatel/oem7/inspva,39.663,-75.756,-1.801074591,0.001752563,-0.000353984,0.001637515,-0.000624518,-0.000353984,,0,
1786043844347120436,1786043844.345536088,/novatel/oem7/odom,/novatel/oem7/fix,/novatel/oem7/odom,39.663,-75.756,-1.801074591,0.001753077,-0.000351433,-0.000538433,0.001668343,-0.000351433,,,
1786043844356691309,1786043844.355611820,/novatel/oem7/odom,/novatel/oem7/fix,/novatel/oem7/odom,39.663,-75.756,-1.801074591,0.001753077,-0.000351433,-0.000538433,0.001668343,-0.000351433,,,
1786043844365673905,1786043844.365320125,/novatel/oem7/inspva,/novatel/oem7/inspva,/novatel/oem7/inspva,39.663,-75.756,-1.801063260,0.001881075,-0.000086132,0.001335399,-0.001324822,-0.000086132,,novatel_oem7_msgs.msg.InertialSolutionStatus(status=3),
1786043844366452833,1786043844.365413354,/novatel/oem7/fix,/novatel/oem7/fix,/novatel/oem7/inspva,39.663,-75.756,-1.801063260,0.001881075,-0.000086132,0.001335399,-0.001324822,-0.000086132,,0,
1786043844367056124,1786043844.365988618,/novatel/oem7/odom,/novatel/oem7/fix,/novatel/oem7/odom,39.663,-75.756,-1.801063260,0.001881039,-0.000086909,-0.001254278,0.001401819,-0.000086909,,,
1786043844374942494,1786043844.374527397,/novatel/oem7/odom,/novatel/oem7/fix,/novatel/oem7/odom,39.663,-75.756,-1.801063260,0.001881039,-0.000086909,-0.001254278,0.001401819,-0.000086909,,,
1786043844386577290,1786043844.386183257,/novatel/oem7/inspva,/novatel/oem7/inspva,/novatel/oem7/inspva,39.663,-75.756,-1.801052432,0.001879405,-0.000252944,0.001668480,-0.000865065,-0.000252944,,novatel_oem7_msgs.msg.InertialSolutionStatus(status=3),
1786043844387485373,1786043844.386271585,/novatel/oem7/fix,/novatel/oem7/fix,/novatel/oem7/inspva,39.663,-75.756,-1.801052432,0.001879405,-0.000252944,0.001668480,-0.000865065,-0.000252944,,0,
1786043844388258720,1786043844.386780840,/novatel/oem7/odom,/novatel/oem7/fix,/novatel/oem7/odom,39.663,-75.756,-1.801052432,0.001879646,-0.000251149,-0.000777439,0.001711332,-0.000251149,,,
1786043844395184436,1786043844.394810998,/novatel/oem7/odom,/novatel/oem7/fix,/novatel/oem7/odom,39.663,-75.756,-1.801052432,0.001879646,-0.000251149,-0.000777439,0.001711332,-0.000251149,,,
1786043844406992036,1786043844.406542983,/novatel/oem7/inspva,/novatel/oem7/inspva,/novatel/oem7/inspva,39.663,-75.756,-1.801042658,0.001840149,-0.000255589,0.001335400,-0.001266039,-0.000255589,,novatel_oem7_msgs.msg.InertialSolutionStatus(status=3),
1786043844407881500,1786043844.406678832,/novatel/oem7/fix,/novatel/oem7/fix,/novatel/oem7/inspva,39.663,-75.756,-1.801042658,0.001840149,-0.000255589,0.001335400,-0.001266039,-0.000255589,,0,
1786043844408510487,1786043844.407048172,/novatel/oem7/odom,/novatel/oem7/fix,/novatel/oem7/odom,39.663,-75.756,-1.801042658,0.001840069,-0.000256162,-0.001194947,0.001399270,-0.000256162,,,
1786043844410948354,1786043844.410572243,/novatel/oem7/bestpos,/novatel/oem7/bestpos,/novatel/oem7/odom,39.663,-75.756,33.181363361,0.001840069,-0.000256162,-0.001194947,0.001399270,-0.000256162,,novatel_oem7_msgs.msg.SolutionStatus(status=0),novatel_oem7_msgs.msg.PositionOrVelocityType(type=53)
1786043844411757959,1786043844.411129693,/novatel/oem7/bestvel,/novatel/oem7/bestpos,/novatel/oem7/bestvel,39.663,-75.756,33.181363361,0.002227863,-0.000161251,,,,312.503747067,novatel_oem7_msgs.msg.SolutionStatus(status=0),novatel_oem7_msgs.msg.PositionOrVelocityType(type=53)
1786043844415841423,1786043844.415406687,/novatel/oem7/odom,/novatel/oem7/bestpos,/novatel/oem7/odom,39.663,-75.756,33.181363361,0.001840069,-0.000256162,-0.001194947,0.001399270,-0.000256162,,,
1786043844426902905,1786043844.426218830,/novatel/oem7/inspva,/novatel/oem7/inspva,/novatel/oem7/inspva,39.663,-75.756,-1.801030087,0.002120123,-0.000148156,0.001878462,-0.000983006,-0.000148156,,novatel_oem7_msgs.msg.InertialSolutionStatus(status=3),
1786043844428170575,1786043844.426550283,/novatel/oem7/fix,/novatel/oem7/fix,/novatel/oem7/inspva,39.663,-75.756,-1.801030087,0.002120123,-0.000148156,0.001878462,-0.000983006,-0.000148156,,0,
1786043844429075167,1786043844.426942494,/novatel/oem7/odom,/novatel/oem7/fix,/novatel/oem7/odom,39.663,-75.756,-1.801030087,0.002120261,-0.000146168,-0.000884836,0.001926803,-0.000146168,,,
1786043844435169191,1786043844.434565914,/novatel/oem7/odom,/novatel/oem7/fix,/novatel/oem7/odom,39.663,-75.756,-1.801030087,0.002120261,-0.000146168,-0.000884836,0.001926803,-0.000146168,,,
1786043844446850302,1786043844.446536424,/novatel/oem7/inspva,/novatel/oem7/inspva,/novatel/oem7/inspva,39.663,-75.756,-1.801022273,0.001808141,-0.000262904,0.001443737,-0.001088576,-0.000262904,,novatel_oem7_msgs.msg.InertialSolutionStatus(status=3),
1786043844447614273,1786043844.446619828,/novatel/oem7/fix,/novatel/oem7/fix,/novatel/oem7/inspva,39.663,-75.756,-1.801022273,0.001808141,-0.000262904,0.001443737,-0.001088576,-0.000262904,,0,
1786043844448219639,1786043844.447211073,/novatel/oem7/odom,/novatel/oem7/fix,/novatel/oem7/odom,39.663,-75.756,-1.801022273,0.001808193,-0.000262546,-0.001012133,0.001498382,-0.000262546,,,
1786043844457482019,1786043844.456851104,/novatel/oem7/odom,/novatel/oem7/fix,/novatel/oem7/odom,39.663,-75.756,-1.801022273,0.001808193,-0.000262546,-0.001012133,0.001498382,-0.000262546,,,
1786043844465188160,1786043844.464850741,/novatel/oem7/inspva,/novatel/oem7/inspva,/novatel/oem7/inspva,39.663,-75.756,-1.801008290,0.002065085,-0.000167912,0.001840398,-0.000936757,-0.000167912,,novatel_oem7_msgs.msg.InertialSolutionStatus(status=3),
1786043844465965754,1786043844.464934468,/novatel/oem7/fix,/novatel/oem7/fix,/novatel/oem7/inspva,39.663,-75.756,-1.801008290,0.002065085,-0.000167912,0.001840398,-0.000936757,-0.000167912,,0,
1786043844466561637,1786043844.465416861,/novatel/oem7/odom,/novatel/oem7/fix,/novatel/oem7/odom,39.663,-75.756,-1.801008290,0.002065250,-0.000165875,-0.000840512,0.001886478,-0.000165875,,,
1786043844475872674,1786043844.475376852,/novatel/oem7/odom,/novatel/oem7/fix,/novatel/oem7/odom,39.663,-75.756,-1.801008290,0.002065250,-0.000165875,-0.000840512,0.001886478,-0.000165875,,,
1786043844485834158,1786043844.485335831,/novatel/oem7/inspva,/novatel/oem7/inspva,/novatel/oem7/inspva,39.663,-75.756,-1.800996480,0.001994234,-0.000238997,0.001538650,-0.001268671,-0.000238997,,novatel_oem7_msgs.msg.InertialSolutionStatus(status=3),
1786043844487105581,1786043844.485460508,/novatel/oem7/fix,/novatel/oem7/fix,/novatel/oem7/inspva,39.663,-75.756,-1.800996480,0.001994234,-0.000238997,0.001538650,-0.001268671,-0.000238997,,0,
1786043844487796553,1786043844.486185788,/novatel/oem7/odom,/novatel/oem7/fix,/novatel/oem7/odom,39.663,-75.756,-1.800996480,0.001994236,-0.000238979,-0.001187188,0.001602362,-0.000238979,,,
1786043844495043014,1786043844.494638964,/novatel/oem7/odom,/novatel/oem7/fix,/novatel/oem7/odom,39.663,-75.756,-1.800996480,0.001994236,-0.000238979,-0.001187188,0.001602362,-0.000238979,,,
1786043844506515989,1786043844.506023976,/novatel/oem7/inspva,/novatel/oem7/inspva,/novatel/oem7/inspva,39.663,-75.756,-1.800980465,0.002306190,0.000000251,0.001879715,-0.001336108,0.000000251,,novatel_oem7_msgs.msg.InertialSolutionStatus(status=3),
1786043844507387055,1786043844.506189701,/novatel/oem7/fix,/novatel/oem7/fix,/novatel/oem7/inspva,39.663,-75.756,-1.800980465,0.002306190,0.000000251,0.001879715,-0.001336108,0.000000251,,0,
1786043844508011077,1786043844.506584745,/novatel/oem7/odom,/novatel/oem7/fix,/novatel/oem7/odom,39.663,-75.756,-1.800980465,0.002306190,0.000001025,-0.001237919,0.001945782,0.000001025,,,
1786043844511730558,1786043844.511363890,/novatel/oem7/bestpos,/novatel/oem7/bestpos,/novatel/oem7/odom,39.663,-75.756,33.181438812,0.002306190,0.000001025,-0.001237919,0.001945782,0.000001025,,novatel_oem7_msgs.msg.SolutionStatus(status=0),novatel_oem7_msgs.msg.PositionOrVelocityType(type=53)
1786043844512539079,1786043844.511879867,/novatel/oem7/bestvel,/novatel/oem7/bestpos,/novatel/oem7/bestvel,39.663,-75.756,33.181438812,0.002597898,0.000398722,,,,311.683299792,novatel_oem7_msgs.msg.SolutionStatus(status=0),novatel_oem7_msgs.msg.PositionOrVelocityType(type=53)
1786043844515007986,1786043844.514605500,/novatel/oem7/odom,/novatel/oem7/bestpos,/novatel/oem7/odom,39.663,-75.756,33.181438812,0.002306190,0.000001025,-0.001237919,0.001945782,0.000001025,,,
1786043844528856665,1786043844.525274081,/novatel/oem7/inspva,/novatel/oem7/inspva,/novatel/oem7/inspva,39.663,-75.756,-1.800970864,0.002310923,-0.000204535,0.001913853,-0.001295195,-0.000204535,,novatel_oem7_msgs.msg.InertialSolutionStatus(status=3),
1786043844534630882,1786043844.525408387,/novatel/oem7/fix,/novatel/oem7/fix,/novatel/oem7/inspva,39.663,-75.756,-1.800970864,0.002310923,-0.000204535,0.001913853,-0.001295195,-0.000204535,,0,
1786043844543174216,1786043844.525941870,/novatel/oem7/odom,/novatel/oem7/fix,/novatel/oem7/odom,39.663,-75.756,-1.800970864,0.002311012,-0.000203523,-0.001194557,0.001978335,-0.000203523,,,
1786043844545099177,1786043844.534755974,/novatel/oem7/odom,/novatel/oem7/fix,/novatel/oem7/odom,39.663,-75.756,-1.800970864,0.002311012,-0.000203523,-0.001194557,0.001978335,-0.000203523,,,
1786043844546279223,1786043844.545899525,/novatel/oem7/inspva,/novatel/oem7/inspva,/novatel/oem7/inspva,39.663,-75.756,-1.800953728,0.002682921,-0.000024958,0.002212600,-0.001517389,-0.000024958,,novatel_oem7_msgs.msg.InertialSolutionStatus(status=3),
1786043844547685965,1786043844.545994178,/novatel/oem7/fix,/novatel/oem7/fix,/novatel/oem7/inspva,39.663,-75.756,-1.800953728,0.002682921,-0.000024958,0.002212600,-0.001517389,-0.000024958,,0,
1786043844548486327,1786043844.546331741,/novatel/oem7/odom,/novatel/oem7/fix,/novatel/oem7/odom,39.663,-75.756,-1.800953728,0.002682931,-0.000023875,-0.001401778,0.002287606,-0.000023875,,,
1786043844556162550,1786043844.555717354,/novatel/oem7/odom,/novatel/oem7/fix,/novatel/oem7/odom,39.663,-75.756,-1.800953728,0.002682931,-0.000023875,-0.001401778,0.002287606,-0.000023875,,,
1786043844565349529,1786043844.564961808,/novatel/oem7/inspva,/novatel/oem7/inspva,/novatel/oem7/inspva,39.663,-75.756,-1.800939849,0.002018109,0.000048968,0.001599209,-0.001230973,0.000048968,,novatel_oem7_msgs.msg.InertialSolutionStatus(status=3),
1786043844566099897,1786043844.565164227,/novatel/oem7/fix,/novatel/oem7/fix,/novatel/oem7/inspva,39.663,-75.756,-1.800939849,0.002018109,0.000048968,0.001599209,-0.001230973,0.000048968,,0,
1786043844567046643,1786043844.565400078,/novatel/oem7/odom,/novatel/oem7/fix,/novatel/oem7/odom,39.663,-75.756,-1.800939849,0.002018101,0.000049283,-0.001147463,0.001660138,0.000049283,,,
1786043844575797374,1786043844.575334133,/novatel/oem7/odom,/novatel/oem7/fix,/novatel/oem7/odom,39.663,-75.756,-1.800939849,0.002018101,0.000049283,-0.001147463,0.001660138,0.000049283,,,
1786043844585414942,1786043844.584968214,/novatel/oem7/inspva,/novatel/oem7/inspva,/novatel/oem7/inspva,39.663,-75.756,-1.800923171,0.002378815,0.000142186,0.001874523,-0.001464556,0.000142186,,novatel_oem7_msgs.msg.InertialSolutionStatus(status=3),
1786043844586178099,1786043844.585126575,/novatel/oem7/fix,/novatel/oem7/fix,/novatel/oem7/inspva,39.663,-75.756,-1.800923171,0.002378815,0.000142186,0.001874523,-0.001464556,0.000142186,,0,
1786043844586768051,1786043844.585580884,/novatel/oem7/odom,/novatel/oem7/fix,/novatel/oem7/odom,39.663,-75.756,-1.800923171,0.002378797,0.000142476,-0.001366949,0.001946825,0.000142476,,,
1786043844594764919,1786043844.594347143,/novatel/oem7/odom,/novatel/oem7/fix,/novatel/oem7/odom,39.663,-75.756,-1.800923171,0.002378797,0.000142476,-0.001366949,0.001946825,0.000142476,,,
1786043844607909161,1786043844.606583200,/novatel/oem7/inspva,/novatel/oem7/inspva,/novatel/oem7/inspva,39.663,-75.756,-1.800911404,0.002443231,-0.000068062,0.001758066,-0.001696638,-0.000068062,,novatel_oem7_msgs.msg.InertialSolutionStatus(status=3),
1786043844611445173,1786043844.610190494,/novatel/oem7/bestpos,/novatel/oem7/bestpos,/novatel/oem7/inspva,39.663,-75.756,33.181508455,0.002443231,-0.000068062,0.001758066,-0.001696638,-0.000068062,,novatel_oem7_msgs.msg.SolutionStatus(status=0),novatel_oem7_msgs.msg.PositionOrVelocityType(type=53)
1786043844612330132,1786043844.610543353,/novatel/oem7/bestvel,/novatel/oem7/bestpos,/novatel/oem7/bestvel,39.663,-75.756,33.181508455,0.002500064,-0.000002528,,,,313.973929293,novatel_oem7_msgs.msg.SolutionStatus(status=0),novatel_oem7_msgs.msg.PositionOrVelocityType(type=53)
1786043844613133950,1786043844.606818812,/novatel/oem7/fix,/novatel/oem7/fix,/novatel/oem7/bestvel,39.663,-75.756,-1.800911404,0.002500064,-0.000002528,,,,313.973929293,0,
1786043844614162037,1786043844.607324151,/novatel/oem7/odom,/novatel/oem7/fix,/novatel/oem7/odom,39.663,-75.756,-1.800911404,0.002443207,-0.000068899,-0.001603938,0.001842999,-0.000068899,,,
1786043844616052079,1786043844.615073679,/novatel/oem7/odom,/novatel/oem7/fix,/novatel/oem7/odom,39.663,-75.756,-1.800911404,0.002443207,-0.000068899,-0.001603938,0.001842999,-0.000068899,,,
1786043844625481765,1786043844.624966460,/novatel/oem7/inspva,/novatel/oem7/inspva,/novatel/oem7/inspva,39.663,-75.756,-1.800891663,0.002357673,0.000074955,0.001727073,-0.001604943,0.000074955,,novatel_oem7_msgs.msg.InertialSolutionStatus(status=3),
1786043844626739315,1786043844.625113865,/novatel/oem7/fix,/novatel/oem7/fix,/novatel/oem7/inspva,39.663,-75.756,-1.800891663,0.002357673,0.000074955,0.001727073,-0.001604943,0.000074955,,0,
1786043844627750985,1786043844.625505109,/novatel/oem7/odom,/novatel/oem7/fix,/novatel/oem7/odom,39.663,-75.756,-1.800891663,0.002357693,0.000074321,-0.001514484,0.001806946,0.000074321,,,
1786043844636069266,1786043844.634582694,/novatel/oem7/odom,/novatel/oem7/fix,/novatel/oem7/odom,39.663,-75.756,-1.800891663,0.002357693,0.000074321,-0.001514484,0.001806946,0.000074321,,,
1786043844645885952,1786043844.645193949,/novatel/oem7/inspva,/novatel/oem7/inspva,/novatel/oem7/inspva,39.663,-75.756,-1.800875684,0.002888613,0.000323237,0.002094286,-0.001989486,0.000323237,,novatel_oem7_msgs.msg.InertialSolutionStatus(status=3),
1786043844647647357,1786043844.645380801,/novatel/oem7/fix,/novatel/oem7/fix,/novatel/oem7/inspva,39.663,-75.756,-1.800875684,0.002888613,0.000323237,0.002094286,-0.001989486,0.000323237,,0,
1786043844649252823,1786043844.645875772,/novatel/oem7/odom,/novatel/oem7/fix,/novatel/oem7/odom,39.663,-75.756,-1.800875684,0.002888715,0.000322325,-0.001880557,0.002192756,0.000322325,,,
1786043844660609688,1786043844.656512214,/novatel/oem7/odom,/novatel/oem7/fix,/novatel/oem7/odom,39.663,-75.756,-1.800875684,0.002888715,0.000322325,-0.001880557,0.002192756,0.000322325,,,
1786043844670349927,1786043844.666040884,/novatel/oem7/inspva,/novatel/oem7/inspva,/novatel/oem7/inspva,39.663,-75.756,-1.800858974,0.002680692,0.000312307,0.001951320,-0.001838059,0.000312307,,novatel_oem7_msgs.msg.InertialSolutionStatus(status=3),
1786043844672728091,1786043844.666275579,/novatel/oem7/fix,/novatel/oem7/fix,/novatel/oem7/inspva,39.663,-75.756,-1.800858974,0.002680692,0.000312307,0.001951320,-0.001838059,0.000312307,,0,
1786043844674436438,1786043844.666719067,/novatel/oem7/odom,/novatel/oem7/fix,/novatel/oem7/odom,39.663,-75.756,-1.800858974,0.002680786,0.000311502,-0.001736616,0.002042248,0.000311502,,,
1786043844677044984,1786043844.674294154,/novatel/oem7/odom,/novatel/oem7/fix,/novatel/oem7/odom,39.663,-75.756,-1.800858974,0.002680786,0.000311502,-0.001736616,0.002042248,0.000311502,,,
1786043844685649826,1786043844.684990683,/novatel/oem7/inspva,/novatel/oem7/inspva,/novatel/oem7/inspva,39.663,-75.756,-1.800843814,0.002664412,0.000284406,0.001738270,-0.002019285,0.000284406,,novatel_oem7_msgs.msg.InertialSolutionStatus(status=3),
1786043844687181130,1786043844.685208588,/novatel/oem7/fix,/novatel/oem7/fix,/novatel/oem7/inspva,39.663,-75.756,-1.800843814,0.002664412,0.000284406,0.001738270,-0.002019285,0.000284406,,0,
1786043844688490760,1786043844.685645469,/novatel/oem7/odom,/novatel/oem7/fix,/novatel/oem7/odom,39.663,-75.756,-1.800843814,0.002664630,0.000282360,-0.001928430,0.001838862,0.000282360,,,
1786043844696541242,1786043844.695551193,/novatel/oem7/odom,/novatel/oem7/fix,/novatel/oem7/odom,39.663,-75.756,-1.800843814,0.002664630,0.000282360,-0.001928430,0.001838862,0.000282360,,,
1786043844706140422,1786043844.705652172,/novatel/oem7/inspva,/novatel/oem7/inspva,/novatel/oem7/inspva,39.663,-75.756,-1.800825031,0.002310736,0.000341747,0.001524440,-0.001736543,0.000341747,,novatel_oem7_msgs.msg.InertialSolutionStatus(status=3),
1786043844707263208,1786043844.705838521,/novatel/oem7/fix,/novatel/oem7/fix,/novatel/oem7/inspva,39.663,-75.756,-1.800825031,0.002310736,0.000341747,0.001524440,-0.001736543,0.000341747,,0,
1786043844708169594,1786043844.706356336,/novatel/oem7/odom,/novatel/oem7/fix,/novatel/oem7/odom,39.663,-75.756,-1.800825031,0.002310979,0.000340094,-0.001657244,0.001610642,0.000340094,,,
1786043844709478196,1786043844.708863298,/novatel/oem7/bestpos,/novatel/oem7/bestpos,/novatel/oem7/odom,39.663,-75.756,33.181589240,0.002310979,0.000340094,-0.001657244,0.001610642,0.000340094,,novatel_oem7_msgs.msg.SolutionStatus(status=0),novatel_oem7_msgs.msg.PositionOrVelocityType(type=53)
1786043844710669845,1786043844.709466587,/novatel/oem7/bestvel,/novatel/oem7/bestpos,/novatel/oem7/bestvel,39.663,-75.756,33.181589240,0.002733669,0.000368756,,,,310.568594689,novatel_oem7_msgs.msg.SolutionStatus(status=0),novatel_oem7_msgs.msg.PositionOrVelocityType(type=53)
1786043844715223383,1786043844.714474044,/novatel/oem7/odom,/novatel/oem7/bestpos,/novatel/oem7/odom,39.663,-75.756,33.181589240,0.002310979,0.000340094,-0.001657244,0.001610642,0.000340094,,,
1786043844726518809,1786043844.725759930,/novatel/oem7/inspva,/novatel/oem7/inspva,/novatel/oem7/inspva,39.663,-75.756,-1.800812625,0.002766478,0.000209041,0.001699079,-0.002183239,0.000209041,,novatel_oem7_msgs.msg.InertialSolutionStatus(status=3),
1786043844728068499,1786043844.726059339,/novatel/oem7/fix,/novatel/oem7/fix,/novatel/oem7/inspva,39.663,-75.756,-1.800812625,0.002766478,0.000209041,0.001699079,-0.002183239,0.000209041,,0,
1786043844729249385,1786043844.726639828,/novatel/oem7/odom,/novatel/oem7/fix,/novatel/oem7/odom,39.663,-75.756,-1.800812625,0.002766681,0.000206339,-0.002093910,0.001808332,0.000206339,,,
1786043844735386028,1786043844.734655223,/novatel/oem7/odom,/novatel/oem7/fix,/novatel/oem7/odom,39.663,-75.756,-1.800812625,0.002766681,0.000206339,-0.002093910,0.001808332,0.000206339,,,
1786043844745850988,1786043844.745149149,/novatel/oem7/inspva,/novatel/oem7/inspva,/novatel/oem7/inspva,39.663,-75.756,-1.800795809,0.002629937,0.000270345,0.001595410,-0.002090750,0.000270345,,novatel_oem7_msgs.msg.InertialSolutionStatus(status=3),
1786043844747220591,1786043844.745347891,/novatel/oem7/fix,/novatel/oem7/fix,/novatel/oem7/inspva,39.663,-75.756,-1.800795809,0.002629937,0.000270345,0.001595410,-0.002090750,0.000270345,,0,
1786043844748151034,1786043844.745793038,/novatel/oem7/odom,/novatel/oem7/fix,/novatel/oem7/odom,39.663,-75.756,-1.800795809,0.002630208,0.000267694,-0.002007086,0.001699882,0.000267694,,,
1786043844757339499,1786043844.756542045,/novatel/oem7/odom,/novatel/oem7/fix,/novatel/oem7/odom,39.663,-75.756,-1.800795809,0.002630208,0.000267694,-0.002007086,0.001699882,0.000267694,,,
1786043844766398714,1786043844.765538822,/novatel/oem7/inspva,/novatel/oem7/inspva,/novatel/oem7/inspva,39.663,-75.756,-1.800781594,0.002784158,0.000369949,0.001622897,-0.002262243,0.000369949,,novatel_oem7_msgs.msg.InertialSolutionStatus(status=3),
1786043844768025708,1786043844.766509576,/novatel/oem7/fix,/novatel/oem7/fix,/novatel/oem7/inspva,39.663,-75.756,-1.800781594,0.002784158,0.000369949,0.001622897,-0.002262243,0.000369949,,0,
1786043844769918532,1786043844.767604604,/novatel/oem7/odom,/novatel/oem7/fix,/novatel/oem7/odom,39.663,-75.756,-1.800781594,0.002784581,0.000366753,-0.002177293,0.001735881,0.000366753,,,
1786043844775674208,1786043844.775082520,/novatel/oem7/odom,/novatel/oem7/fix,/novatel/oem7/odom,39.663,-75.756,-1.800781594,0.002784581,0.000366753,-0.002177293,0.001735881,0.000366753,,,
1786043844787335555,1786043844.786402128,/novatel/oem7/inspva,/novatel/oem7/inspva,/novatel/oem7/inspva,39.663,-75.756,-1.800766856,0.003106575,0.000457423,0.001823798,-0.002514870,0.000457423,,novatel_oem7_msgs.msg.InertialSolutionStatus(status=3),
1786043844789233068,1786043844.786723418,/novatel/oem7/fix,/novatel/oem7/fix,/novatel/oem7/inspva,39.663,-75.756,-1.800766856,0.003106575,0.000457423,0.001823798,-0.002514870,0.000457423,,0,
1786043844790591022,1786043844.787029200,/novatel/oem7/odom,/novatel/oem7/fix,/novatel/oem7/odom,39.663,-75.756,-1.800766856,0.003107085,0.000453946,-0.002419585,0.001949254,0.000453946,,,
1786043844795091956,1786043844.794369116,/novatel/oem7/odom,/novatel/oem7/fix,/novatel/oem7/odom,39.663,-75.756,-1.800766856,0.003107085,0.000453946,-0.002419585,0.001949254,0.000453946,,,
1786043844806295779,1786043844.805829655,/novatel/oem7/inspva,/novatel/oem7/inspva,/novatel/oem7/inspva,39.663,-75.756,-1.800758724,0.003194194,-0.000001188,0.001725626,-0.002687953,-0.000001188,,novatel_oem7_msgs.msg.InertialSolutionStatus(status=3),
1786043844807455436,1786043844.805991284,/novatel/oem7/fix,/novatel/oem7/fix,/novatel/oem7/inspva,39.663,-75.756,-1.800758724,0.003194194,-0.000001188,0.001725626,-0.002687953,-0.000001188,,0,
1786043844808363248,1786043844.806793552,/novatel/oem7/odom,/novatel/oem7/fix,/novatel/oem7/odom,39.663,-75.756,-1.800758724,0.003194189,-0.000005523,-0.002595808,0.001861350,-0.000005523,,,
1786043844810728129,1786043844.810120670,/novatel/oem7/bestpos,/novatel/oem7/bestpos,/novatel/oem7/odom,39.663,-75.756,33.181652701,0.003194189,-0.000005523,-0.002595808,0.001861350,-0.000005523,,novatel_oem7_msgs.msg.SolutionStatus(status=0),novatel_oem7_msgs.msg.PositionOrVelocityType(type=53)
1786043844811948739,1786043844.810439491,/novatel/oem7/bestvel,/novatel/oem7/bestpos,/novatel/oem7/bestvel,39.663,-75.756,33.181652701,0.003472489,-0.000052670,,,,304.506454403,novatel_oem7_msgs.msg.SolutionStatus(status=0),novatel_oem7_msgs.msg.PositionOrVelocityType(type=53)
1786043844816223757,1786043844.815575308,/novatel/oem7/odom,/novatel/oem7/bestpos,/novatel/oem7/odom,39.663,-75.756,33.181652701,0.003194189,-0.000005523,-0.002595808,0.001861350,-0.000005523,,,
1786043844825584709,1786043844.824911833,/novatel/oem7/inspva,/novatel/oem7/inspva,/novatel/oem7/inspva,39.663,-75.756,-1.800745260,0.003200664,0.000059723,0.001885822,-0.002586103,0.000059723,,novatel_oem7_msgs.msg.InertialSolutionStatus(status=3),
1786043844827067975,1786043844.825072347,/novatel/oem7/fix,/novatel/oem7/fix,/novatel/oem7/inspva,39.663,-75.756,-1.800745260,0.003200664,0.000059723,0.001885822,-0.002586103,0.000059723,,0,
1786043844828232901,1786043844.825574206,/novatel/oem7/odom,/novatel/oem7/fix,/novatel/oem7/odom,39.663,-75.756,-1.800745260,0.003200728,0.000056202,-0.002486096,0.002015933,0.000056202,,,
1786043844835120117,1786043844.834440955,/novatel/oem7/odom,/novatel/oem7/fix,/novatel/oem7/odom,39.663,-75.756,-1.800745260,0.003200728,0.000056202,-0.002486096,0.002015933,0.000056202,,,
1786043844847799697,1786043844.846089864,/novatel/oem7/inspva,/novatel/oem7/inspva,/novatel/oem7/inspva,39.663,-75.756,-1.800736015,0.003435280,0.000111299,0.001819209,-0.002914039,0.000111299,,novatel_oem7_msgs.msg.InertialSolutionStatus(status=3),
1786043844849287098,1786043844.846448684,/novatel/oem7/fix,/novatel/oem7/fix,/novatel/oem7/inspva,39.663,-75.756,-1.800736015,0.003435280,0.000111299,0.001819209,-0.002914039,0.000111299,,0,
1786043844850629837,1786043844.846776671,/novatel/oem7/odom,/novatel/oem7/fix,/novatel/oem7/odom,39.663,-75.756,-1.800736015,0.003435434,0.000106434,-0.002817209,0.001966098,0.000106434,,,
1786043844857295122,1786043844.856540860,/novatel/oem7/odom,/novatel/oem7/fix,/novatel/oem7/odom,39.663,-75.756,-1.800736015,0.003435434,0.000106434,-0.002817209,0.001966098,0.000106434,,,
1786043844865753628,1786043844.865132427,/novatel/oem7/inspva,/novatel/oem7/inspva,/novatel/oem7/inspva,39.663,-75.756,-1.800723669,0.003460508,0.000106831,0.002059808,-0.002780702,0.000106831,,novatel_oem7_msgs.msg.InertialSolutionStatus(status=3),
1786043844867352287,1786043844.865252400,/novatel/oem7/fix,/novatel/oem7/fix,/novatel/oem7/inspva,39.663,-75.756,-1.800723669,0.003460508,0.000106831,0.002059808,-0.002780702,0.000106831,,0,
1786043844868696892,1786043844.865570565,/novatel/oem7/odom,/novatel/oem7/fix,/novatel/oem7/odom,39.663,-75.756,-1.800723669,0.003460620,0.000103127,-0.002671673,0.002199558,0.000103127,,,
1786043844875621994,1786043844.874860973,/novatel/oem7/odom,/novatel/oem7/fix,/novatel/oem7/odom,39.663,-75.756,-1.800723669,0.003460620,0.000103127,-0.002671673,0.002199558,0.000103127,,,
1786043844886084326,1786043844.885343641,/novatel/oem7/inspva,/novatel/oem7/inspva,/novatel/oem7/inspva,39.663,-75.756,-1.800714217,0.003739344,0.000076330,0.002005056,-0.003156334,0.000076330,,novatel_oem7_msgs.msg.InertialSolutionStatus(status=3),
1786043844887851441,1786043844.885494781,/novatel/oem7/fix,/novatel/oem7/fix,/novatel/oem7/inspva,39.663,-75.756,-1.800714217,0.003739344,0.000076330,0.002005056,-0.003156334,0.000076330,,0,
1786043844889120205,1786043844.886086383,/novatel/oem7/odom,/novatel/oem7/fix,/novatel/oem7/odom,39.663,-75.756,-1.800714217,0.003739446,0.000071162,-0.003049493,0.002164267,0.000071162,,,
1786043844895772501,1786043844.894979724,/novatel/oem7/odom,/novatel/oem7/fix,/novatel/oem7/odom,39.663,-75.756,-1.800714217,0.003739446,0.000071162,-0.003049493,0.002164267,0.000071162,,,
1786043844906602608,1786043844.905916655,/novatel/oem7/inspva,/novatel/oem7/inspva,/novatel/oem7/inspva,39.663,-75.756,-1.800703267,0.003714223,-0.000236265,0.002260783,-0.002946916,-0.000236265,,novatel_oem7_msgs.msg.InertialSolutionStatus(status=3),
1786043844907987225,1786043844.906177951,/novatel/oem7/fix,/novatel/oem7/fix,/novatel/oem7/inspva,39.663,-75.756,-1.800703267,0.003714223,-0.000236265,0.002260783,-0.002946916,-0.000236265,,0,
1786043844908919637,1786043844.906761010,/novatel/oem7/odom,/novatel/oem7/fix,/novatel/oem7/odom,39.663,-75.756,-1.800703267,0.003713984,-0.000239981,-0.002826088,0.002409752,-0.000239981,,,
1786043844910377103,1786043844.909551228,/novatel/oem7/bestpos,/novatel/oem7/bestpos,/novatel/oem7/odom,39.663,-75.756,33.181709035,0.003713984,-0.000239981,-0.002826088,0.002409752,-0.000239981,,novatel_oem7_msgs.msg.SolutionStatus(status=0),novatel_oem7_msgs.msg.PositionOrVelocityType(type=53)
1786043844911792175,1786043844.910911629,/novatel/oem7/bestvel,/novatel/oem7/bestpos,/novatel/oem7/bestvel,39.663,-75.756,33.181709035,0.003691252,0.000011537,,,,302.479307481,novatel_oem7_msgs.msg.SolutionStatus(status=0),novatel_oem7_msgs.msg.PositionOrVelocityType(type=53)
1786043844915328977,1786043844.914541173,/novatel/oem7/odom,/novatel/oem7/bestpos,/novatel/oem7/odom,39.663,-75.756,33.181709035,0.003713984,-0.000239981,-0.002826088,0.002409752,-0.000239981,,,
1786043844926099657,1786043844.925277538,/novatel/oem7/inspva,/novatel/oem7/inspva,/novatel/oem7/inspva,39.663,-75.756,-1.800689850,0.003674165,0.000346325,0.002187016,-0.002952363,0.000346325,,novatel_oem7_msgs.msg.InertialSolutionStatus(status=3),
1786043844927882750,1786043844.925550658,/novatel/oem7/fix,/novatel/oem7/fix,/novatel/oem7/inspva,39.663,-75.756,-1.800689850,0.003674165,0.000346325,0.002187016,-0.002952363,0.000346325,,0,
1786043844929053890,1786043844.926321855,/novatel/oem7/odom,/novatel/oem7/fix,/novatel/oem7/odom,39.663,-75.756,-1.800689850,0.003674534,0.000342380,-0.002837435,0.002334774,0.000342380,,,
1786043844936021055,1786043844.935379311,/novatel/oem7/odom,/novatel/oem7/fix,/novatel/oem7/odom,39.663,-75.756,-1.800689850,0.003674534,0.000342380,-0.002837435,0.002334774,0.000342380,,,
1786043844945704396,1786043844.944959777,/novatel/oem7/inspva,/novatel/oem7/inspva,/novatel/oem7/inspva,39.663,-75.756,-1.800677043,0.003648039,0.000272860,0.002421138,-0.002728787,0.000272860,,novatel_oem7_msgs.msg.InertialSolutionStatus(status=3),
1786043844947715682,1786043844.945190540,/novatel/oem7/fix,/novatel/oem7/fix,/novatel/oem7/inspva,39.663,-75.756,-1.800677043,0.003648039,0.000272860,0.002421138,-0.002728787,0.000272860,,0,
1786043844949064770,1786043844.945528293,/novatel/oem7/odom,/novatel/oem7/fix,/novatel/oem7/odom,39.663,-75.756,-1.800677043,0.003648223,0.000270390,-0.002601868,0.002557305,0.000270390,,,
1786043844956445528,1786043844.955641048,/novatel/oem7/odom,/novatel/oem7/fix,/novatel/oem7/odom,39.663,-75.756,-1.800677043,0.003648223,0.000270390,-0.002601868,0.002557305,0.000270390,,,
1786043844966271845,1786043844.965644107,/novatel/oem7/inspva,/novatel/oem7/inspva,/novatel/oem7/inspva,39.663,-75.756,-1.800664400,0.003917255,0.000155802,0.002354874,-0.003130408,0.000155802,,novatel_oem7_msgs.msg.InertialSolutionStatus(status=3),
1786043844967725811,1786043844.965929700,/novatel/oem7/fix,/novatel/oem7/fix,/novatel/oem7/inspva,39.663,-75.756,-1.800664400,0.003917255,0.000155802,0.002354874,-0.003130408,0.000155802,,0,
1786043844968615189,1786043844.966705188,/novatel/oem7/odom,/novatel/oem7/fix,/novatel/oem7/odom,39.663,-75.756,-1.800664400,0.003917414,0.000151753,-0.003005925,0.002512081,0.000151753,,,
1786043844975543742,1786043844.974760290,/novatel/oem7/odom,/novatel/oem7/fix,/novatel/oem7/odom,39.663,-75.756,-1.800664400,0.003917414,0.000151753,-0.003005925,0.002512081,0.000151753,,,
1786043844985534252,1786043844.984892072,/novatel/oem7/inspva,/novatel/oem7/inspva,/novatel/oem7/inspva,39.663,-75.756,-1.800646188,0.003795785,0.000376417,0.002417990,-0.002925971,0.000376417,,novatel_oem7_msgs.msg.InertialSolutionStatus(status=3),
1786043844987016698,1786043844.985152662,/novatel/oem7/fix,/novatel/oem7/fix,/novatel/oem7/inspva,39.663,-75.756,-1.800646188,0.003795785,0.000376417,0.002417990,-0.002925971,0.000376417,,0,
1786043844988195939,1786043844.985658862,/novatel/oem7/odom,/novatel/oem7/fix,/novatel/oem7/odom,39.663,-75.756,-1.800646188,0.003796094,0.000373287,-0.002799301,0.002564028,0.000373287,,,
1786043844996090370,1786043844.995430926,/novatel/oem7/odom,/novatel/oem7/fix,/novatel/oem7/odom,39.663,-75.756,-1.800646188,0.003796094,0.000373287,-0.002799301,0.002564028,0.000373287,,,
1786043845010744556,1786043845.010011317,/novatel/oem7/inspva,/novatel/oem7/inspva,/novatel/oem7/inspva,39.663,-75.756,-1.800636668,0.004286647,-0.000017281,0.003031992,-0.003030242,-0.000017281,,novatel_oem7_msgs.msg.InertialSolutionStatus(status=3),
1786043845012096796,1786043845.010198456,/novatel/oem7/fix,/novatel/oem7/fix,/novatel/oem7/inspva,39.663,-75.756,-1.800636668,0.004286647,-0.000017281,0.003031992,-0.003030242,-0.000017281,,0,
1786043845013063632,1786043845.011427477,/novatel/oem7/odom,/novatel/oem7/fix,/novatel/oem7/odom,39.663,-75.756,-1.800636668,0.004286640,-0.000018956,-0.002870463,0.003183666,-0.000018956,,,
1786043845016756478,1786043845.016185980,/novatel/oem7/odom,/novatel/oem7/fix,/novatel/oem7/odom,39.663,-75.756,-1.800636668,0.004286640,-0.000018956,-0.002870463,0.003183666,-0.000018956,,,
1786043845024815634,1786043845.024220062,/novatel/oem7/bestpos,/novatel/oem7/bestpos,/novatel/oem7/odom,39.663,-75.756,33.181776387,0.004286640,-0.000018956,-0.002870463,0.003183666,-0.000018956,,novatel_oem7_msgs.msg.SolutionStatus(status=0),novatel_oem7_msgs.msg.PositionOrVelocityType(type=53)
1786043845025975874,1786043845.024533319,/novatel/oem7/bestvel,/novatel/oem7/bestpos,/novatel/oem7/bestvel,39.663,-75.756,33.181776387,0.004668635,0.000002807,,,,314.402294630,novatel_oem7_msgs.msg.SolutionStatus(status=0),novatel_oem7_msgs.msg.PositionOrVelocityType(type=53)
1786043845027113023,1786043845.026581399,/novatel/oem7/inspva,/novatel/oem7/inspva,/novatel/oem7/inspva,39.663,-75.756,-1.800619107,0.004128674,0.000014699,0.002685613,-0.003135830,0.000014699,,novatel_oem7_msgs.msg.InertialSolutionStatus(status=3),
1786043845027882150,1786043845.026724841,/novatel/oem7/fix,/novatel/oem7/fix,/novatel/oem7/inspva,39.663,-75.756,-1.800619107,0.004128674,0.000014699,0.002685613,-0.003135830,0.000014699,,0,
1786043845029115623,1786043845.027175594,/novatel/oem7/odom,/novatel/oem7/fix,/novatel/oem7/odom,39.663,-75.756,-1.800619107,0.004128684,0.000011647,-0.002993822,0.002843072,0.000011647,,,
1786043845034974934,1786043845.034633735,/novatel/oem7/odom,/novatel/oem7/fix,/novatel/oem7/odom,39.663,-75.756,-1.800619107,0.004128684,0.000011647,-0.002993822,0.002843072,0.000011647,,,
1786043845046275313,1786043845.045340073,/novatel/oem7/inspva,/novatel/oem7/inspva,/novatel/oem7/inspva,39.663,-75.756,-1.800605836,0.004135460,0.000710426,0.002791076,-0.003051545,0.000710426,,novatel_oem7_msgs.msg.InertialSolutionStatus(status=3),
1786043845047583774,1786043845.045744474,/novatel/oem7/fix,/novatel/oem7/fix,/novatel/oem7/inspva,39.663,-75.756,-1.800605836,0.004135460,0.000710426,0.002791076,-0.003051545,0.000710426,,0,
1786043845048221808,1786043845.046148110,/novatel/oem7/odom,/novatel/oem7/fix,/novatel/oem7/odom,39.663,-75.756,-1.800605836,0.004135884,0.000707958,-0.002906717,0.002942198,0.000707958,,,
1786043845056917787,1786043845.056486900,/novatel/oem7/odom,/novatel/oem7/fix,/novatel/oem7/odom,39.663,-75.756,-1.800605836,0.004135884,0.000707958,-0.002906717,0.002942198,0.000707958,,,
1786043845065788944,1786043845.065365256,/novatel/oem7/inspva,/novatel/oem7/inspva,/novatel/oem7/inspva,39.663,-75.756,-1.800600208,0.003994718,0.000501286,0.002550346,-0.003074655,0.000501286,,novatel_oem7_msgs.msg.InertialSolutionStatus(status=3),
1786043845066465177,1786043845.065588885,/novatel/oem7/fix,/novatel/oem7/fix,/novatel/oem7/inspva,39.663,-75.756,-1.800600208,0.003994718,0.000501286,0.002550346,-0.003074655,0.000501286,,0,
1786043845066851742,1786043845.065808250,/novatel/oem7/odom,/novatel/oem7/fix,/novatel/oem7/odom,39.663,-75.756,-1.800600208,0.003995130,0.000497991,-0.002941404,0.002703554,0.000497991,,,
1786043845075078359,1786043845.074517986,/novatel/oem7/odom,/novatel/oem7/fix,/novatel/oem7/odom,39.663,-75.756,-1.800600208,0.003995130,0.000497991,-0.002941404,0.002703554,0.000497991,,,
1786043845086264652,1786043845.085722010,/novatel/oem7/inspva,/novatel/oem7/inspva,/novatel/oem7/inspva,39.663,-75.756,-1.800595731,0.004165333,0.000023162,0.003009179,-0.002880077,0.000023162,,novatel_oem7_msgs.msg.InertialSolutionStatus(status=3),
1786043845087253149,1786043845.085979628,/novatel/oem7/fix,/novatel/oem7/fix,/novatel/oem7/inspva,39.663,-75.756,-1.800595731,0.004165333,0.000023162,0.003009179,-0.002880077,0.000023162,,0,
1786043845087828147,1786043845.086540196,/novatel/oem7/odom,/novatel/oem7/fix,/novatel/oem7/odom,39.663,-75.756,-1.800595731,0.004165340,0.000021846,-0.002721795,0.003153076,0.000021846,,,
1786043845095069100,1786043845.094697598,/novatel/oem7/odom,/novatel/oem7/fix,/novatel/oem7/odom,39.663,-75.756,-1.800595731,0.004165340,0.000021846,-0.002721795,0.003153076,0.000021846,,,
1786043845106384213,1786043845.105814954,/novatel/oem7/inspva,/novatel/oem7/inspva,/novatel/oem7/inspva,39.663,-75.756,-1.800587029,0.004218081,0.000249396,0.002727208,-0.003217848,0.000249396,,novatel_oem7_msgs.msg.InertialSolutionStatus(status=3),
1786043845107326869,1786043845.106007386,/novatel/oem7/fix,/novatel/oem7/fix,/novatel/oem7/inspva,39.663,-75.756,-1.800587029,0.004218081,0.000249396,0.002727208,-0.003217848,0.000249396,,0,
1786043845107799952,1786043845.106414129,/novatel/oem7/odom,/novatel/oem7/fix,/novatel/oem7/odom,39.663,-75.756,-1.800587029,0.004218275,0.000246085,-0.003074425,0.002888210,0.000246085,,,
1786043845109978151,1786043845.109255549,/novatel/oem7/bestpos,/novatel/oem7/bestpos,/novatel/oem7/odom,39.663,-75.756,33.181830339,0.004218275,0.000246085,-0.003074425,0.002888210,0.000246085,,novatel_oem7_msgs.msg.SolutionStatus(status=0),novatel_oem7_msgs.msg.PositionOrVelocityType(type=53)
1786043845110548102,1786043845.109697084,/novatel/oem7/bestvel,/novatel/oem7/bestpos,/novatel/oem7/bestvel,39.663,-75.756,33.181830339,0.003898065,0.000235030,,,,310.462745945,novatel_oem7_msgs.msg.SolutionStatus(status=0),novatel_oem7_msgs.msg.PositionOrVelocityType(type=53)
1786043845116393942,1786043845.115681179,/novatel/oem7/odom,/novatel/oem7/bestpos,/novatel/oem7/odom,39.663,-75.756,33.181830339,0.004218275,0.000246085,-0.003074425,0.002888210,0.000246085,,,
1786043845125851981,1786043845.125511489,/novatel/oem7/inspva,/novatel/oem7/inspva,/novatel/oem7/inspva,39.663,-75.756,-1.800580319,0.004456027,0.000319021,0.003322993,-0.002968820,0.000319021,,novatel_oem7_msgs.msg.InertialSolutionStatus(status=3),
1786043845126543084,1786043845.125643730,/novatel/oem7/fix,/novatel/oem7/fix,/novatel/oem7/inspva,39.663,-75.756,-1.800580319,0.004456027,0.000319021,0.003322993,-0.002968820,0.000319021,,0,
1786043845127390087,1786043845.126544340,/novatel/oem7/odom,/novatel/oem7/fix,/novatel/oem7/odom,39.663,-75.756,-1.800580319,0.004456078,0.000318297,-0.002795379,0.003470229,0.000318297,,,
1786043845135016787,1786043845.134726946,/novatel/oem7/odom,/novatel/oem7/fix,/novatel/oem7/odom,39.663,-75.756,-1.800580319,0.004456078,0.000318297,-0.002795379,0.003470229,0.000318297,,,
1786043845146917172,1786043845.146169159,/novatel/oem7/inspva,/novatel/oem7/inspva,/novatel/oem7/inspva,39.663,-75.756,-1.800576475,0.004691738,0.000020742,0.003156456,-0.003471195,0.000020742,,novatel_oem7_msgs.msg.InertialSolutionStatus(status=3),
1786043845148098824,1786043845.146544917,/novatel/oem7/fix,/novatel/oem7/fix,/novatel/oem7/inspva,39.663,-75.756,-1.800576475,0.004691738,0.000020742,0.003156456,-0.003471195,0.000020742,,0,
1786043845148974347,1786043845.147501397,/novatel/oem7/odom,/novatel/oem7/fix,/novatel/oem7/odom,39.663,-75.756,-1.800576475,0.004691750,0.000017816,-0.003304536,0.003330549,0.000017816,,,
1786043845156492052,1786043845.156091154,/novatel/oem7/odom,/novatel/oem7/fix,/novatel/oem7/odom,39.663,-75.756,-1.800576475,0.004691750,0.000017816,-0.003304536,0.003330549,0.000017816,,,
1786043845165627490,1786043845.165255463,/novatel/oem7/inspva,/novatel/oem7/inspva,/novatel/oem7/inspva,39.663,-75.756,-1.800570949,0.004728938,0.000331970,0.003550321,-0.003123792,0.000331970,,novatel_oem7_msgs.msg.InertialSolutionStatus(status=3),
1786043845166310938,1786043845.165642901,/novatel/oem7/fix,/novatel/oem7/fix,/novatel/oem7/inspva,39.663,-75.756,-1.800570949,0.004728938,0.000331970,0.003550321,-0.003123792,0.000331970,,0,
1786043845166863272,1786043845.166120496,/novatel/oem7/odom,/novatel/oem7/fix,/novatel/oem7/odom,39.663,-75.756,-1.800570949,0.004728978,0.000331400,-0.002938486,0.003705203,0.000331400,,,
1786043845176122784,1786043845.175572273,/novatel/oem7/odom,/novatel/oem7/fix,/novatel/oem7/odom,39.663,-75.756,-1.800570949,0.004728978,0.000331400,-0.002938486,0.003705203,0.000331400,,,
1786043845185673375,1786043845.185238220,/novatel/oem7/inspva,/novatel/oem7/inspva,/novatel/oem7/inspva,39.663,-75.756,-1.800565871,0.004446788,0.000488123,0.003072222,-0.003214868,0.000488123,,novatel_oem7_msgs.msg.InertialSolutionStatus(status=3),
1786043845186590808,1786043845.185606900,/novatel/oem7/fix,/novatel/oem7/fix,/novatel/oem7/inspva,39.663,-75.756,-1.800565871,0.004446788,0.000488123,0.003072222,-0.003214868,0.000488123,,0,
1786043845187251795,1786043845.186200853,/novatel/oem7/odom,/novatel/oem7/fix,/novatel/oem7/odom,39.663,-75.756,-1.800565871,0.004447037,0.000485845,-0.003054555,0.003232002,0.000485845,,,
1786043845194950544,1786043845.194563147,/novatel/oem7/odom,/novatel/oem7/fix,/novatel/oem7/odom,39.663,-75.756,-1.800565871,0.004447037,0.000485845,-0.003054555,0.003232002,0.000485845,,,
1786043845207228420,1786043845.206603966,/novatel/oem7/inspva,/novatel/oem7/inspva,/novatel/oem7/inspva,39.663,-75.756,-1.800562687,0.004495079,0.000259885,0.003254703,-0.003100427,0.000259885,,novatel_oem7_msgs.msg.InertialSolutionStatus(status=3),
1786043845208065714,1786043845.206866025,/novatel/oem7/fix,/novatel/oem7/fix,/novatel/oem7/inspva,39.663,-75.756,-1.800562687,0.004495079,0.000259885,0.003254703,-0.003100427,0.000259885,,0,
1786043845208635045,1786043845.207483566,/novatel/oem7/odom,/novatel/oem7/fix,/novatel/oem7/odom,39.663,-75.756,-1.800562687,0.004495158,0.000258519,-0.002930069,0.003408979,0.000258519,,,
1786043845210862516,1786043845.210490992,/novatel/oem7/bestpos,/novatel/oem7/bestpos,/novatel/oem7/odom,39.663,-75.756,33.181858398,0.004495158,0.000258519,-0.002930069,0.003408979,0.000258519,,novatel_oem7_msgs.msg.SolutionStatus(status=0),novatel_oem7_msgs.msg.PositionOrVelocityType(type=53)
1786043845211752510,1786043845.210956907,/novatel/oem7/bestvel,/novatel/oem7/bestpos,/novatel/oem7/bestvel,39.663,-75.756,33.181858398,0.004159007,0.000447491,,,,313.456394627,novatel_oem7_msgs.msg.SolutionStatus(status=0),novatel_oem7_msgs.msg.PositionOrVelocityType(type=53)
1786043845215198674,1786043845.214800911,/novatel/oem7/odom,/novatel/oem7/bestpos,/novatel/oem7/odom,39.663,-75.756,33.181858398,0.004495158,0.000258519,-0.002930069,0.003408979,0.000258519,,,
1786043845225623938,1786043845.225151045,/novatel/oem7/inspva,/novatel/oem7/inspva,/novatel/oem7/inspva,39.663,-75.756,-1.800557901,0.004489015,0.000220513,0.003089038,-0.003257162,0.000220513,,novatel_oem7_msgs.msg.InertialSolutionStatus(status=3),
1786043845226387262,1786043845.225435344,/novatel/oem7/fix,/novatel/oem7/fix,/novatel/oem7/inspva,39.663,-75.756,-1.800557901,0.004489015,0.000220513,0.003089038,-0.003257162,0.000220513,,0,
1786043845226942585,1786043845.225823878,/novatel/oem7/odom,/novatel/oem7/fix,/novatel/oem7/odom,39.663,-75.756,-1.800557901,0.004489132,0.000218120,-0.003094936,0.003251720,0.000218120,,,
1786043845235735930,1786043845.235472231,/novatel/oem7/odom,/novatel/oem7/fix,/novatel/oem7/odom,39.663,-75.756,-1.800557901,0.004489132,0.000218120,-0.003094936,0.003251720,0.000218120,,,
1786043845245654291,1786043845.245390040,/novatel/oem7/inspva,/novatel/oem7/inspva,/novatel/oem7/inspva,39.663,-75.756,-1.800550759,0.004641038,0.000463497,0.003269135,-0.003294235,0.000463497,,novatel_oem7_msgs.msg.InertialSolutionStatus(status=3),
1786043845246316301,1786043845.245546525,/novatel/oem7/fix,/novatel/oem7/fix,/novatel/oem7/inspva,39.663,-75.756,-1.800550759,0.004641038,0.000463497,0.003269135,-0.003294235,0.000463497,,0,
1786043845246903328,1786043845.246118921,/novatel/oem7/odom,/novatel/oem7/fix,/novatel/oem7/odom,39.663,-75.756,-1.800550759,0.004641239,0.000461476,-0.003123595,0.003432820,0.000461476,,,
1786043845256786453,1786043845.256521782,/novatel/oem7/odom,/novatel/oem7/fix,/novatel/oem7/odom,39.663,-75.756,-1.800550759,0.004641239,0.000461476,-0.003123595,0.003432820,0.000461476,,,
1786043845266235816,1786043845.266006116,/novatel/oem7/inspva,/novatel/oem7/inspva,/novatel/oem7/inspva,39.663,-75.756,-1.800545495,0.004561011,0.000542613,0.003166183,-0.003283002,0.000542613,,novatel_oem7_msgs.msg.InertialSolutionStatus(status=3),
1786043845266814332,1786043845.266144454,/novatel/oem7/fix,/novatel/oem7/fix,/novatel/oem7/inspva,39.663,-75.756,-1.800545495,0.004561011,0.000542613,0.003166183,-0.003283002,0.000542613,,0,
1786043845267229241,1786043845.266586842,/novatel/oem7/odom,/novatel/oem7/fix,/novatel/oem7/odom,39.663,-75.756,-1.800545495,0.004561278,0.000540358,-0.003117929,0.003329231,0.000540358,,,
1786043845276106819,1786043845.274830632,/novatel/oem7/odom,/novatel/oem7/fix,/novatel/oem7/odom,39.663,-75.756,-1.800545495,0.004561278,0.000540358,-0.003117929,0.003329231,0.000540358,,,
1786043845285638099,1786043845.285375776,/novatel/oem7/inspva,/novatel/oem7/inspva,/novatel/oem7/inspva,39.663,-75.756,-1.800543752,0.004548307,0.000175210,0.003179889,-0.003251984,0.000175210,,novatel_oem7_msgs.msg.InertialSolutionStatus(status=3),
1786043845286154000,1786043845.285580881,/novatel/oem7/fix,/novatel/oem7/fix,/novatel/oem7/inspva,39.663,-75.756,-1.800543752,0.004548307,0.000175210,0.003179889,-0.003251984,0.000175210,,0,
1786043845286740596,1786043845.286288389,/novatel/oem7/odom,/novatel/oem7/fix,/novatel/oem7/odom,39.663,-75.756,-1.800543752,0.004548386,0.000173138,-0.003084894,0.003342341,0.000173138,,,
1786043845295847941,1786043845.295556772,/novatel/oem7/odom,/novatel/oem7/fix,/novatel/oem7/odom,39.663,-75.756,-1.800543752,0.004548386,0.000173138,-0.003084894,0.003342341,0.000173138,,,
1786043845306235968,1786043845.305976715,/novatel/oem7/inspva,/novatel/oem7/inspva,/novatel/oem7/inspva,39.663,-75.756,-1.800539374,0.004843299,0.000359956,0.003409069,-0.003440318,0.000359956,,novatel_oem7_msgs.msg.InertialSolutionStatus(status=3),
1786043845306857688,1786043845.306169677,/novatel/oem7/fix,/novatel/oem7/fix,/novatel/oem7/inspva,39.663,-75.756,-1.800539374,0.004843299,0.000359956,0.003409069,-0.003440318,0.000359956,,0,
1786043845307995181,1786043845.307707101,/novatel/oem7/odom,/novatel/oem7/fix,/novatel/oem7/odom,39.663,-75.756,-1.800539374,0.004843451,0.000357909,-0.003261892,0.003580374,0.000357909,,,
1786043845310184110,1786043845.309865911,/novatel/oem7/bestpos,/novatel/oem7/bestpos,/novatel/oem7/odom,39.663,-75.756,33.181870736,0.004843451,0.000357909,-0.003261892,0.003580374,0.000357909,,novatel_oem7_msgs.msg.SolutionStatus(status=0),novatel_oem7_msgs.msg.PositionOrVelocityType(type=53)
1786043845310744970,1786043845.310470521,/novatel/oem7/bestvel,/novatel/oem7/bestpos,/novatel/oem7/bestvel,39.663,-75.756,33.181870736,0.004610984,0.000242882,,,,316.787989951,novatel_oem7_msgs.msg.SolutionStatus(status=0),novatel_oem7_msgs.msg.PositionOrVelocityType(type=53)
1786043845314809251,1786043845.314528846,/novatel/oem7/odom,/novatel/oem7/bestpos,/novatel/oem7/odom,39.663,-75.756,33.181870736,0.004843451,0.000357909,-0.003261892,0.003580374,0.000357909,,,
1786043845327080651,1786043845.326785269,/novatel/oem7/inspva,/novatel/oem7/inspva,/novatel/oem7/inspva,39.663,-75.756,-1.800536569,0.004532470,0.000331724,0.003058660,-0.003344830,0.000331724,,novatel_oem7_msgs.msg.InertialSolutionStatus(status=3),
1786043845327687587,1786043845.326950511,/novatel/oem7/fix,/novatel/oem7/fix,/novatel/oem7/inspva,39.663,-75.756,-1.800536569,0.004532470,0.000331724,0.003058660,-0.003344830,0.000331724,,0,
1786043845328080506,1786043845.327342742,/novatel/oem7/odom,/novatel/oem7/fix,/novatel/oem7/odom,39.663,-75.756,-1.800536569,0.004532666,0.000329034,-0.003184449,0.003225578,0.000329034,,,
1786043845335263651,1786043845.334996500,/novatel/oem7/odom,/novatel/oem7/fix,/novatel/oem7/odom,39.663,-75.756,-1.800536569,0.004532666,0.000329034,-0.003184449,0.003225578,0.000329034,,,
1786043845345303409,1786043845.345049115,/novatel/oem7/inspva,/novatel/oem7/inspva,/novatel/oem7/inspva,39.663,-75.756,-1.800533552,0.004900983,0.000251250,0.003345803,-0.003581233,0.000251250,,novatel_oem7_msgs.msg.InertialSolutionStatus(status=3),
1786043845345905445,1786043845.345212660,/novatel/oem7/fix,/novatel/oem7/fix,/novatel/oem7/inspva,39.663,-75.756,-1.800533552,0.004900983,0.000251250,0.003345803,-0.003581233,0.000251250,,0,
1786043845346405950,1786043845.345598677,/novatel/oem7/odom,/novatel/oem7/fix,/novatel/oem7/odom,39.663,-75.756,-1.800533552,0.004901121,0.000248539,-0.003405519,0.003524688,0.000248539,,,
1786043845355908706,1786043845.355617649,/novatel/oem7/odom,/novatel/oem7/fix,/novatel/oem7/odom,39.663,-75.756,-1.800533552,0.004901121,0.000248539,-0.003405519,0.003524688,0.000248539,,,
1786043845365563163,1786043845.365306177,/novatel/oem7/inspva,/novatel/oem7/inspva,/novatel/oem7/inspva,39.663,-75.756,-1.800529817,0.004735732,0.000259640,0.003057740,-0.003616267,0.000259640,,novatel_oem7_msgs.msg.InertialSolutionStatus(status=3),
1786043845366113446,1786043845.365475655,/novatel/oem7/fix,/novatel/oem7/fix,/novatel/oem7/inspva,39.663,-75.756,-1.800529817,0.004735732,0.000259640,0.003057740,-0.003616267,0.000259640,,0,
1786043845366711841,1786043845.366056168,/novatel/oem7/odom,/novatel/oem7/fix,/novatel/oem7/odom,39.663,-75.756,-1.800529817,0.004735929,0.000256033,-0.003455339,0.003238773,0.000256033,,,
1786043845375063538,1786043845.374790804,/novatel/oem7/odom,/novatel/oem7/fix,/novatel/oem7/odom,39.663,-75.756,-1.800529817,0.004735929,0.000256033,-0.003455339,0.003238773,0.000256033,,,
1786043845386116159,1786043845.385872281,/novatel/oem7/inspva,/novatel/oem7/inspva,/novatel/oem7/inspva,39.663,-75.756,-1.800525458,0.004982545,0.000316453,0.003402058,-0.003640297,0.000316453,,novatel_oem7_msgs.msg.InertialSolutionStatus(status=3),
1786043845386664548,1786043845.385947274,/novatel/oem7/fix,/novatel/oem7/fix,/novatel/oem7/inspva,39.663,-75.756,-1.800525458,0.004982545,0.000316453,0.003402058,-0.003640297,0.000316453,,0,
1786043845387059834,1786043845.386370957,/novatel/oem7/odom,/novatel/oem7/fix,/novatel/oem7/odom,39.663,-75.756,-1.800525458,0.004982719,0.000313714,-0.003461818,0.003583755,0.000313714,,,
1786043845394824805,1786043845.394533630,/novatel/oem7/odom,/novatel/oem7/fix,/novatel/oem7/odom,39.663,-75.756,-1.800525458,0.004982719,0.000313714,-0.003461818,0.003583755,0.000313714,,,
1786043845406702686,1786043845.406458972,/novatel/oem7/inspva,/novatel/oem7/inspva,/novatel/oem7/inspva,39.663,-75.756,-1.800521059,0.004677439,0.000323022,0.002815391,-0.003735239,0.000323022,,novatel_oem7_msgs.msg.InertialSolutionStatus(status=3),
1786043845407272705,1786043845.406535289,/novatel/oem7/fix,/novatel/oem7/fix,/novatel/oem7/inspva,39.663,-75.756,-1.800521059,0.004677439,0.000323022,0.002815391,-0.003735239,0.000323022,,0,
1786043845407708900,1786043845.407033731,/novatel/oem7/odom,/novatel/oem7/fix,/novatel/oem7/odom,39.663,-75.756,-1.800521059,0.004677769,0.000318204,-0.003586790,0.003002743,0.000318204,,,
1786043845410858302,1786043845.410384188,/novatel/oem7/bestpos,/novatel/oem7/bestpos,/novatel/oem7/odom,39.663,-75.756,33.181889196,0.004677769,0.000318204,-0.003586790,0.003002743,0.000318204,,novatel_oem7_msgs.msg.SolutionStatus(status=0),novatel_oem7_msgs.msg.PositionOrVelocityType(type=53)
1786043845411377455,1786043845.410802132,/novatel/oem7/bestvel,/novatel/oem7/bestpos,/novatel/oem7/bestvel,39.663,-75.756,33.181889196,0.004608148,0.000046211,,,,311.381244026,novatel_oem7_msgs.msg.SolutionStatus(status=0),novatel_oem7_msgs.msg.PositionOrVelocityType(type=53)
1786043845415720619,1786043845.415440146,/novatel/oem7/odom,/novatel/oem7/bestpos,/novatel/oem7/odom,39.663,-75.756,33.181889196,0.004677769,0.000318204,-0.003586790,0.003002743,0.000318204,,,
1786043845425280169,1786043845.425044295,/novatel/oem7/inspva,/novatel/oem7/inspva,/novatel/oem7/inspva,39.663,-75.756,-1.800517294,0.004902326,0.000128434,0.003386348,-0.003544777,0.000128434,,novatel_oem7_msgs.msg.InertialSolutionStatus(status=3),
1786043845425801615,1786043845.425123298,/novatel/oem7/fix,/novatel/oem7/fix,/novatel/oem7/inspva,39.663,-75.756,-1.800517294,0.004902326,0.000128434,0.003386348,-0.003544777,0.000128434,,0,
1786043845426184150,1786043845.425554822,/novatel/oem7/odom,/novatel/oem7/fix,/novatel/oem7/odom,39.663,-75.756,-1.800517294,0.004902390,0.000125957,-0.003366523,0.003563699,0.000125957,,,
1786043845434646592,1786043845.434305954,/novatel/oem7/odom,/novatel/oem7/fix,/novatel/oem7/odom,39.663,-75.756,-1.800517294,0.004902390,0.000125957,-0.003366523,0.003563699,0.000125957,,,
1786043845446489314,1786043845.446203872,/novatel/oem7/inspva,/novatel/oem7/inspva,/novatel/oem7/inspva,39.663,-75.756,-1.800512549,0.004214206,0.000213471,0.002634907,-0.003288890,0.000213471,,novatel_oem7_msgs.msg.InertialSolutionStatus(status=3),
1786043845447030388,1786043845.446303130,/novatel/oem7/fix,/novatel/oem7/fix,/novatel/oem7/inspva,39.663,-75.756,-1.800512549,0.004214206,0.000213471,0.002634907,-0.003288890,0.000213471,,0,
1786043845447681825,1786043845.447043080,/novatel/oem7/odom,/novatel/oem7/fix,/novatel/oem7/odom,39.663,-75.756,-1.800512549,0.004214394,0.000209730,-0.003149907,0.002799857,0.000209730,,,
1786043845457018722,1786043845.456722248,/novatel/oem7/odom,/novatel/oem7/fix,/novatel/oem7/odom,39.663,-75.756,-1.800512549,0.004214394,0.000209730,-0.003149907,0.002799857,0.000209730,,,
1786043845465132987,1786043845.464859515,/novatel/oem7/inspva,/novatel/oem7/inspva,/novatel/oem7/inspva,39.663,-75.756,-1.800508408,0.004434223,0.000106043,0.003084529,-0.003185595,0.000106043,,novatel_oem7_msgs.msg.InertialSolutionStatus(status=3),
1786043845465680772,1786043845.464936995,/novatel/oem7/fix,/novatel/oem7/fix,/novatel/oem7/inspva,39.663,-75.756,-1.800508408,0.004434223,0.000106043,0.003084529,-0.003185595,0.000106043,,0,
1786043845466073156,1786043845.465390406,/novatel/oem7/odom,/novatel/oem7/fix,/novatel/oem7/odom,39.663,-75.756,-1.800508408,0.004434273,0.000103929,-0.003023230,0.003243896,0.000103929,,,
1786043845475750849,1786043845.475441768,/novatel/oem7/odom,/novatel/oem7/fix,/novatel/oem7/odom,39.663,-75.756,-1.800508408,0.004434273,0.000103929,-0.003023230,0.003243896,0.000103929,,,
1786043845485913916,1786043845.485611298,/novatel/oem7/inspva,/novatel/oem7/inspva,/novatel/oem7/inspva,39.663,-75.756,-1.800501857,0.004742755,0.000239125,0.002804498,-0.003824724,0.000239125,,novatel_oem7_msgs.msg.InertialSolutionStatus(status=3),
1786043845486437068,1786043845.485759334,/novatel/oem7/fix,/novatel/oem7/fix,/novatel/oem7/inspva,39.663,-75.756,-1.800501857,0.004742755,0.000239125,0.002804498,-0.003824724,0.000239125,,0,
1786043845487009065,1786043845.486244388,/novatel/oem7/odom,/novatel/oem7/fix,/novatel/oem7/odom,39.663,-75.756,-1.800501857,0.004743013,0.000233956,-0.003676395,0.002996713,0.000233956,,,
1786043845495425464,1786043845.495087058,/novatel/oem7/odom,/novatel/oem7/fix,/novatel/oem7/odom,39.663,-75.756,-1.800501857,0.004743013,0.000233956,-0.003676395,0.002996713,0.000233956,,,
1786043845506472465,1786043845.505903076,/novatel/oem7/inspva,/novatel/oem7/inspva,/novatel/oem7/inspva,39.663,-75.756,-1.800497924,0.004915072,0.000023981,0.003392210,-0.003556803,0.000023981,,novatel_oem7_msgs.msg.InertialSolutionStatus(status=3),
1786043845507323868,1786043845.506037915,/novatel/oem7/fix,/novatel/oem7/fix,/novatel/oem7/inspva,39.663,-75.756,-1.800497924,0.004915072,0.000023981,0.003392210,-0.003556803,0.000023981,,0,
1786043845507931100,1786043845.506631038,/novatel/oem7/odom,/novatel/oem7/fix,/novatel/oem7/odom,39.663,-75.756,-1.800497924,0.004915084,0.000021493,-0.003377848,0.003570461,0.000021493,,,
1786043845511831134,1786043845.511486377,/novatel/oem7/bestpos,/novatel/oem7/bestpos,/novatel/oem7/odom,39.663,-75.756,33.181908954,0.004915084,0.000021493,-0.003377848,0.003570461,0.000021493,,novatel_oem7_msgs.msg.SolutionStatus(status=0),novatel_oem7_msgs.msg.PositionOrVelocityType(type=53)
1786043845512691985,1786043845.512037714,/novatel/oem7/bestvel,/novatel/oem7/bestpos,/novatel/oem7/bestvel,39.663,-75.756,33.181908954,0.005358246,-0.000074549,,,,314.816955111,novatel_oem7_msgs.msg.SolutionStatus(status=0),novatel_oem7_msgs.msg.PositionOrVelocityType(type=53)
1786043845514903877,1786043845.514518582,/novatel/oem7/odom,/novatel/oem7/bestpos,/novatel/oem7/odom,39.663,-75.756,33.181908954,0.004915084,0.000021493,-0.003377848,0.003570461,0.000021493,,,
1786043845525976091,1786043845.525230685,/novatel/oem7/inspva,/novatel/oem7/inspva,/novatel/oem7/inspva,39.663,-75.756,-1.800490998,0.004851267,0.000137701,0.002937523,-0.003860797,0.000137701,,novatel_oem7_msgs.msg.InertialSolutionStatus(status=3),
1786043845527595469,1786043845.525352631,/novatel/oem7/fix,/novatel/oem7/fix,/novatel/oem7/inspva,39.663,-75.756,-1.800490998,0.004851267,0.000137701,0.002937523,-0.003860797,0.000137701,,0,
1786043845528086944,1786043845.526150013,/novatel/oem7/odom,/novatel/oem7/fix,/novatel/oem7/odom,39.663,-75.756,-1.800490998,0.004851403,0.000132817,-0.003705176,0.003131738,0.000132817,,,
1786043845536131211,1786043845.535439614,/novatel/oem7/odom,/novatel/oem7/fix,/novatel/oem7/odom,39.663,-75.756,-1.800490998,0.004851403,0.000132817,-0.003705176,0.003131738,0.000132817,,,
1786043845545666391,1786043845.545231371,/novatel/oem7/inspva,/novatel/oem7/inspva,/novatel/oem7/inspva,39.663,-75.756,-1.800482027,0.004991147,0.000428909,0.003417045,-0.003638042,0.000428909,,novatel_oem7_msgs.msg.InertialSolutionStatus(status=3),
1786043845546441437,1786043845.545374145,/novatel/oem7/fix,/novatel/oem7/fix,/novatel/oem7/inspva,39.663,-75.756,-1.800482027,0.004991147,0.000428909,0.003417045,-0.003638042,0.000428909,,0,
1786043845546994966,1786043845.545977447,/novatel/oem7/odom,/novatel/oem7/fix,/novatel/oem7/odom,39.663,-75.756,-1.800482027,0.004991380,0.000426187,-0.003459122,0.003598381,0.000426187,,,
1786043845556095640,1786043845.555674266,/novatel/oem7/odom,/novatel/oem7/fix,/novatel/oem7/odom,39.663,-75.756,-1.800482027,0.004991380,0.000426187,-0.003459122,0.003598381,0.000426187,,,
1786043845566766254,1786043845.566195962,/novatel/oem7/inspva,/novatel/oem7/inspva,/novatel/oem7/inspva,39.663,-75.756,-1.800478008,0.004864157,-0.000022501,0.002911386,-0.003896646,-0.000022501,,novatel_oem7_msgs.msg.InertialSolutionStatus(status=3),
1786043845567828267,1786043845.566360708,/novatel/oem7/fix,/novatel/oem7/fix,/novatel/oem7/inspva,39.663,-75.756,-1.800478008,0.004864157,-0.000022501,0.002911386,-0.003896646,-0.000022501,,0,
1786043845568456706,1786043845.566919734,/novatel/oem7/odom,/novatel/oem7/fix,/novatel/oem7/odom,39.663,-75.756,-1.800478008,0.004864130,-0.000027630,-0.003741747,0.003107908,-0.000027630,,,
1786043845575105297,1786043845.574738429,/novatel/oem7/odom,/novatel/oem7/fix,/novatel/oem7/odom,39.663,-75.756,-1.800478008,0.004864130,-0.000027630,-0.003741747,0.003107908,-0.000027630,,,
1786043845585253696,1786043845.584882941,/novatel/oem7/inspva,/novatel/oem7/inspva,/novatel/oem7/inspva,39.663,-75.756,-1.800467361,0.005024557,0.000214816,0.003229000,-0.003849640,0.000214816,,novatel_oem7_msgs.msg.InertialSolutionStatus(status=3),
1786043845587055744,1786043845.585001026,/novatel/oem7/fix,/novatel/oem7/fix,/novatel/oem7/inspva,39.663,-75.756,-1.800467361,0.005024557,0.000214816,0.003229000,-0.003849640,0.000214816,,0,
1786043845587683945,1786043845.585685097,/novatel/oem7/odom,/novatel/oem7/fix,/novatel/oem7/odom,39.663,-75.756,-1.800467361,0.005024725,0.000210842,-0.003679333,0.003422042,0.000210842,,,
1786043845596007171,1786043845.595437256,/novatel/oem7/odom,/novatel/oem7/fix,/novatel/oem7/odom,39.663,-75.756,-1.800467361,0.005024725,0.000210842,-0.003679333,0.003422042,0.000210842,,,
1786043845607253519,1786043845.606695197,/novatel/oem7/inspva,/novatel/oem7/inspva,/novatel/oem7/inspva,39.663,-75.756,-1.800458948,0.005252707,0.000201116,0.003046448,-0.004279029,0.000201116,,novatel_oem7_msgs.msg.InertialSolutionStatus(status=3),
1786043845608077997,1786043845.606964906,/novatel/oem7/fix,/novatel/oem7/fix,/novatel/oem7/inspva,39.663,-75.756,-1.800458948,0.005252707,0.000201116,0.003046448,-0.004279029,0.000201116,,0,
1786043845608888956,1786043845.607794365,/novatel/oem7/odom,/novatel/oem7/fix,/novatel/oem7/odom,39.663,-75.756,-1.800458948,0.005252933,0.000195135,-0.004117493,0.003261834,0.000195135,,,
1786043845610718254,1786043845.610283074,/novatel/oem7/bestpos,/novatel/oem7/bestpos,/novatel/oem7/odom,39.663,-75.756,33.181952746,0.005252933,0.000195135,-0.004117493,0.003261834,0.000195135,,novatel_oem7_msgs.msg.SolutionStatus(status=0),novatel_oem7_msgs.msg.PositionOrVelocityType(type=53)
1786043845611440748,1786043845.610742488,/novatel/oem7/bestvel,/novatel/oem7/bestpos,/novatel/oem7/bestvel,39.663,-75.756,33.181952746,0.005473853,0.000099830,,,,307.061864613,novatel_oem7_msgs.msg.SolutionStatus(status=0),novatel_oem7_msgs.msg.PositionOrVelocityType(type=53)
1786043845615035822,1786043845.614668651,/novatel/oem7/odom,/novatel/oem7/bestpos,/novatel/oem7/odom,39.663,-75.756,33.181952746,0.005252933,0.000195135,-0.004117493,0.003261834,0.000195135,,,
1786043845626920004,1786043845.626403828,/novatel/oem7/inspva,/novatel/oem7/inspva,/novatel/oem7/inspva,39.663,-75.756,-1.800450072,0.005372910,0.000290700,0.003157256,-0.004347402,0.000290700,,novatel_oem7_msgs.msg.InertialSolutionStatus(status=3),
1786043845627729654,1786043845.626669130,/novatel/oem7/fix,/novatel/oem7/fix,/novatel/oem7/inspva,39.663,-75.756,-1.800450072,0.005372910,0.000290700,0.003157256,-0.004347402,0.000290700,,0,
1786043845628189275,1786043845.627182362,/novatel/oem7/odom,/novatel/oem7/fix,/novatel/oem7/odom,39.663,-75.756,-1.800450072,0.005373228,0.000284776,-0.004180410,0.003375759,0.000284776,,,
1786043845636296563,1786043845.635617884,/novatel/oem7/odom,/novatel/oem7/fix,/novatel/oem7/odom,39.663,-75.756,-1.800450072,0.005373228,0.000284776,-0.004180410,0.003375759,0.000284776,,,
1786043845646379385,1786043845.645923252,/novatel/oem7/inspva,/novatel/oem7/inspva,/novatel/oem7/inspva,39.663,-75.756,-1.800445586,0.005555400,-0.000059711,0.003280565,-0.004483343,-0.000059711,,novatel_oem7_msgs.msg.InertialSolutionStatus(status=3),
1786043845647186314,1786043845.646173511,/novatel/oem7/fix,/novatel/oem7/fix,/novatel/oem7/inspva,39.663,-75.756,-1.800445586,0.005555400,-0.000059711,0.003280565,-0.004483343,-0.000059711,,0,
1786043845647811430,1786043845.646724420,/novatel/oem7/odom,/novatel/oem7/fix,/novatel/oem7/odom,39.663,-75.756,-1.800445586,0.005555331,-0.000065745,-0.004308588,0.003506819,-0.000065745,,,
1786043845656990723,1786043845.656622490,/novatel/oem7/odom,/novatel/oem7/fix,/novatel/oem7/odom,39.663,-75.756,-1.800445586,0.005555331,-0.000065745,-0.004308588,0.003506819,-0.000065745,,,
1786043845666784073,1786043845.666088603,/novatel/oem7/inspva,/novatel/oem7/inspva,/novatel/oem7/inspva,39.663,-75.756,-1.800436102,0.005557433,0.000399097,0.003191156,-0.004549900,0.000399097,,novatel_oem7_msgs.msg.InertialSolutionStatus(status=3),
1786043845667852424,1786043845.666412823,/novatel/oem7/fix,/novatel/oem7/fix,/novatel/oem7/inspva,39.663,-75.756,-1.800436102,0.005557433,0.000399097,0.003191156,-0.004549900,0.000399097,,0,
1786043845668567520,1786043845.667200148,/novatel/oem7/odom,/novatel/oem7/fix,/novatel/oem7/odom,39.663,-75.756,-1.800436102,0.005557896,0.000392606,-0.004381319,0.003419685,0.000392606,,,
1786043845675037977,1786043845.674590847,/novatel/oem7/odom,/novatel/oem7/fix,/novatel/oem7/odom,39.663,-75.756,-1.800436102,0.005557896,0.000392606,-0.004381319,0.003419685,0.000392606,,,
1786043845686707699,1786043845.686369659,/novatel/oem7/inspva,/novatel/oem7/inspva,/novatel/oem7/inspva,39.663,-75.756,-1.800430840,0.005281484,0.000268041,0.002962831,-0.004372151,0.000268041,,novatel_oem7_msgs.msg.InertialSolutionStatus(status=3),
1786043845687562314,1786043845.686530081,/novatel/oem7/fix,/novatel/oem7/fix,/novatel/oem7/inspva,39.663,-75.756,-1.800430840,0.005281484,0.000268041,0.002962831,-0.004372151,0.000268041,,0,
1786043845687971008,1786043845.687239385,/novatel/oem7/odom,/novatel/oem7/fix,/novatel/oem7/odom,39.663,-75.756,-1.800430840,0.005281814,0.000261453,-0.004215059,0.003182897,0.000261453,,,
1786043845695875537,1786043845.695358117,/novatel/oem7/odom,/novatel/oem7/fix,/novatel/oem7/odom,39.663,-75.756,-1.800430840,0.005281814,0.000261453,-0.004215059,0.003182897,0.000261453,,,
1786043845706035944,1786043845.705657555,/novatel/oem7/inspva,/novatel/oem7/inspva,/novatel/oem7/inspva,39.663,-75.756,-1.800424440,0.005477384,0.000118283,0.002971747,-0.004601136,0.000118283,,novatel_oem7_msgs.msg.InertialSolutionStatus(status=3),
1786043845706689328,1786043845.705861540,/novatel/oem7/fix,/novatel/oem7/fix,/novatel/oem7/inspva,39.663,-75.756,-1.800424440,0.005477384,0.000118283,0.002971747,-0.004601136,0.000118283,,0,
1786043845707147759,1786043845.706392262,/novatel/oem7/odom,/novatel/oem7/fix,/novatel/oem7/odom,39.663,-75.756,-1.800424440,0.005477538,0.000110921,-0.004442704,0.003204030,0.000110921,,,
1786043845709691781,1786043845.709228201,/novatel/oem7/bestpos,/novatel/oem7/bestpos,/novatel/oem7/odom,39.663,-75.756,33.181980955,0.005477538,0.000110921,-0.004442704,0.003204030,0.000110921,,novatel_oem7_msgs.msg.SolutionStatus(status=0),novatel_oem7_msgs.msg.PositionOrVelocityType(type=53)
1786043845710216705,1786043845.709752093,/novatel/oem7/bestvel,/novatel/oem7/bestpos,/novatel/oem7/bestvel,39.663,-75.756,33.181980955,0.005523506,-0.000094131,,,,305.790966415,novatel_oem7_msgs.msg.SolutionStatus(status=0),novatel_oem7_msgs.msg.PositionOrVelocityType(type=53)
1786043845714812960,1786043845.714378103,/novatel/oem7/odom,/novatel/oem7/bestpos,/novatel/oem7/odom,39.663,-75.756,33.181980955,0.005477538,0.000110921,-0.004442704,0.003204030,0.000110921,,,
1786043845726811738,1786043845.726541337,/novatel/oem7/inspva,/novatel/oem7/inspva,/novatel/oem7/inspva,39.663,-75.756,-1.800417053,0.005890736,0.000217145,0.003049604,-0.005039909,0.000217145,,novatel_oem7_msgs.msg.InertialSolutionStatus(status=3),
1786043845727370922,1786043845.726618742,/novatel/oem7/fix,/novatel/oem7/fix,/novatel/oem7/inspva,39.663,-75.756,-1.800417053,0.005890736,0.000217145,0.003049604,-0.005039909,0.000217145,,0,
1786043845727967718,1786043845.727243731,/novatel/oem7/odom,/novatel/oem7/fix,/novatel/oem7/odom,39.663,-75.756,-1.800417053,0.005891048,0.000208510,-0.004877278,0.003304028,0.000208510,,,
1786043845735446422,1786043845.734764410,/novatel/oem7/odom,/novatel/oem7/fix,/novatel/oem7/odom,39.663,-75.756,-1.800417053,0.005891048,0.000208510,-0.004877278,0.003304028,0.000208510,,,
1786043845745464186,1786043845.745072005,/novatel/oem7/inspva,/novatel/oem7/inspva,/novatel/oem7/inspva,39.663,-75.756,-1.800409146,0.005724688,0.000368157,0.002986280,-0.004884075,0.000368157,,novatel_oem7_msgs.msg.InertialSolutionStatus(status=3),
1786043845746265854,1786043845.745196612,/novatel/oem7/fix,/novatel/oem7/fix,/novatel/oem7/inspva,39.663,-75.756,-1.800409146,0.005724688,0.000368157,0.002986280,-0.004884075,0.000368157,,0,
1786043845747129657,1786043845.746038128,/novatel/oem7/odom,/novatel/oem7/fix,/novatel/oem7/odom,39.663,-75.756,-1.800409146,0.005725213,0.000359902,-0.004725411,0.003232423,0.000359902,,,
1786043845756676943,1786043845.755915612,/novatel/oem7/odom,/novatel/oem7/fix,/novatel/oem7/odom,39.663,-75.756,-1.800409146,0.005725213,0.000359902,-0.004725411,0.003232423,0.000359902,,,
1786043845766028739,1786043845.765282497,/novatel/oem7/inspva,/novatel/oem7/inspva,/novatel/oem7/inspva,39.663,-75.756,-1.800400917,0.006453192,0.000410759,0.003401041,-0.005484215,0.000410759,,novatel_oem7_msgs.msg.InertialSolutionStatus(status=3),
1786043845767176424,1786043845.765487769,/novatel/oem7/fix,/novatel/oem7/fix,/novatel/oem7/inspva,39.663,-75.756,-1.800400917,0.006453192,0.000410759,0.003401041,-0.005484215,0.000410759,,0,
1786043845767848723,1786043845.766161266,/novatel/oem7/odom,/novatel/oem7/fix,/novatel/oem7/odom,39.663,-75.756,-1.800400917,0.006453775,0.000401508,-0.005303601,0.003677367,0.000401508,,,
1786043845774607028,1786043845.774227021,/novatel/oem7/odom,/novatel/oem7/fix,/novatel/oem7/odom,39.663,-75.756,-1.800400917,0.006453775,0.000401508,-0.005303601,0.003677367,0.000401508,,,
1786043845786369223,1786043845.786098225,/novatel/oem7/inspva,/novatel/oem7/inspva,/novatel/oem7/inspva,39.663,-75.756,-1.800394187,0.006003692,0.000289943,0.002981153,-0.005211242,0.000289943,,novatel_oem7_msgs.msg.InertialSolutionStatus(status=3),
1786043845786888688,1786043845.786271583,/novatel/oem7/fix,/novatel/oem7/fix,/novatel/oem7/inspva,39.663,-75.756,-1.800394187,0.006003692,0.000289943,0.002981153,-0.005211242,0.000289943,,0,
1786043845787488208,1786043845.786802785,/novatel/oem7/odom,/novatel/oem7/fix,/novatel/oem7/odom,39.663,-75.756,-1.800394187,0.006004140,0.000280507,-0.005052105,0.003244370,0.000280507,,,
1786043845795074545,1786043845.794493057,/novatel/oem7/odom,/novatel/oem7/fix,/novatel/oem7/odom,39.663,-75.756,-1.800394187,0.006004140,0.000280507,-0.005052105,0.003244370,0.000280507,,,
1786043845806296355,1786043845.805639097,/novatel/oem7/inspva,/novatel/oem7/inspva,/novatel/oem7/inspva,39.663,-75.756,-1.800381809,0.006043041,0.000793681,0.002908662,-0.005296983,0.000793681,,novatel_oem7_msgs.msg.InertialSolutionStatus(status=3),
1786043845807445176,1786043845.805908099,/novatel/oem7/fix,/novatel/oem7/fix,/novatel/oem7/inspva,39.663,-75.756,-1.800381809,0.006043041,0.000793681,0.002908662,-0.005296983,0.000793681,,0,
1786043845808276607,1786043845.806658867,/novatel/oem7/odom,/novatel/oem7/fix,/novatel/oem7/odom,39.663,-75.756,-1.800381809,0.006044342,0.000783711,-0.005143281,0.003175016,0.000783711,,,
1786043845810644356,1786043845.810054745,/novatel/oem7/bestpos,/novatel/oem7/bestpos,/novatel/oem7/odom,39.663,-75.756,33.182024056,0.006044342,0.000783711,-0.005143281,0.003175016,0.000783711,,novatel_oem7_msgs.msg.SolutionStatus(status=0),novatel_oem7_msgs.msg.PositionOrVelocityType(type=53)
1786043845811763656,1786043845.810435232,/novatel/oem7/bestvel,/novatel/oem7/bestpos,/novatel/oem7/bestvel,39.663,-75.756,33.182024056,0.005900830,0.000604309,,,,300.883093045,novatel_oem7_msgs.msg.SolutionStatus(status=0),novatel_oem7_msgs.msg.PositionOrVelocityType(type=53)
1786043845815781565,1786043845.815199780,/novatel/oem7/odom,/novatel/oem7/bestpos,/novatel/oem7/odom,39.663,-75.756,33.182024056,0.006044342,0.000783711,-0.005143281,0.003175016,0.000783711,,,
1786043845825347814,1786043845.824858192,/novatel/oem7/inspva,/novatel/oem7/inspva,/novatel/oem7/inspva,39.663,-75.756,-1.800377440,0.006143342,0.000370385,0.003004194,-0.005358681,0.000370385,,novatel_oem7_msgs.msg.InertialSolutionStatus(status=3),
1786043845826099700,1786043845.825070354,/novatel/oem7/fix,/novatel/oem7/fix,/novatel/oem7/inspva,39.663,-75.756,-1.800377440,0.006143342,0.000370385,0.003004194,-0.005358681,0.000370385,,0,
1786043845826550532,1786043845.825564609,/novatel/oem7/odom,/novatel/oem7/fix,/novatel/oem7/odom,39.663,-75.756,-1.800377440,0.006143932,0.000360470,-0.005198419,0.003274802,0.000360470,,,
1786043845835163119,1786043845.834589727,/novatel/oem7/odom,/novatel/oem7/fix,/novatel/oem7/odom,39.663,-75.756,-1.800377440,0.006143932,0.000360470,-0.005198419,0.003274802,0.000360470,,,
1786043845846944842,1786043845.846536972,/novatel/oem7/inspva,/novatel/oem7/inspva,/novatel/oem7/inspva,39.663,-75.756,-1.800368624,0.006821029,0.000407645,0.003141141,-0.006054723,0.000407645,,novatel_oem7_msgs.msg.InertialSolutionStatus(status=3),
1786043845847769463,1786043845.846820085,/novatel/oem7/fix,/novatel/oem7/fix,/novatel/oem7/inspva,39.663,-75.756,-1.800368624,0.006821029,0.000407645,0.003141141,-0.006054723,0.000407645,,0,
1786043845848619869,1786043845.847788448,/novatel/oem7/odom,/novatel/oem7/fix,/novatel/oem7/odom,39.663,-75.756,-1.800368624,0.006821732,0.000395711,-0.005886613,0.003447292,0.000395711,,,
1786043845856174591,1786043845.855793589,/novatel/oem7/odom,/novatel/oem7/fix,/novatel/oem7/odom,39.663,-75.756,-1.800368624,0.006821732,0.000395711,-0.005886613,0.003447292,0.000395711,,,
1786043845865736263,1786043845.865055760,/novatel/oem7/inspva,/novatel/oem7/inspva,/novatel/oem7/inspva,39.663,-75.756,-1.800358793,0.006617688,0.000605991,0.002841471,-0.005976608,0.000605991,,novatel_oem7_msgs.msg.InertialSolutionStatus(status=3),
1786043845866798053,1786043845.865365233,/novatel/oem7/fix,/novatel/oem7/fix,/novatel/oem7/inspva,39.663,-75.756,-1.800358793,0.006617688,0.000605991,0.002841471,-0.005976608,0.000605991,,0,
1786043845867452015,1786043845.865796543,/novatel/oem7/odom,/novatel/oem7/fix,/novatel/oem7/odom,39.663,-75.756,-1.800358793,0.006618821,0.000593488,-0.005824733,0.003143450,0.000593488,,,
1786043845875829860,1786043845.875412431,/novatel/oem7/odom,/novatel/oem7/fix,/novatel/oem7/odom,39.663,-75.756,-1.800358793,0.006618821,0.000593488,-0.005824733,0.003143450,0.000593488,,,
1786043845885331230,1786043845.885052159,/novatel/oem7/inspva,/novatel/oem7/inspva,/novatel/oem7/inspva,39.663,-75.756,-1.800349030,0.006912604,0.000633524,0.003188600,-0.006133263,0.000633524,,novatel_oem7_msgs.msg.InertialSolutionStatus(status=3),
1786043845885887727,1786043845.885217364,/novatel/oem7/fix,/novatel/oem7/fix,/novatel/oem7/inspva,39.663,-75.756,-1.800349030,0.006912604,0.000633524,0.003188600,-0.006133263,0.000633524,,0,
1786043845886488643,1786043845.885702145,/novatel/oem7/odom,/novatel/oem7/fix,/novatel/oem7/odom,39.663,-75.756,-1.800349030,0.006913700,0.000621446,-0.005963418,0.003498126,0.000621446,,,
1786043845895398448,1786043845.894909006,/novatel/oem7/odom,/novatel/oem7/fix,/novatel/oem7/odom,39.663,-75.756,-1.800349030,0.006913700,0.000621446,-0.005963418,0.003498126,0.000621446,,,
1786043845906203808,1786043845.905797263,/novatel/oem7/inspva,/novatel/oem7/inspva,/novatel/oem7/inspva,39.663,-75.756,-1.800340725,0.006988016,0.000549546,0.003158453,-0.006233502,0.000549546,,novatel_oem7_msgs.msg.InertialSolutionStatus(status=3),
1786043845906833342,1786043845.906022155,/novatel/oem7/fix,/novatel/oem7/fix,/novatel/oem7/inspva,39.663,-75.756,-1.800340725,0.006988016,0.000549546,0.003158453,-0.006233502,0.000549546,,0,
1786043845907277090,1786043845.906524711,/novatel/oem7/odom,/novatel/oem7/fix,/novatel/oem7/odom,39.663,-75.756,-1.800340725,0.006988988,0.000537040,-0.006064747,0.003473443,0.000537040,,,
1786043845909171687,1786043845.908722479,/novatel/oem7/bestpos,/novatel/oem7/bestpos,/novatel/oem7/odom,39.663,-75.756,33.182054244,0.006988988,0.000537040,-0.006064747,0.003473443,0.000537040,,novatel_oem7_msgs.msg.SolutionStatus(status=0),novatel_oem7_msgs.msg.PositionOrVelocityType(type=53)
1786043845909727850,1786043845.909286832,/novatel/oem7/bestvel,/novatel/oem7/bestpos,/novatel/oem7/bestvel,39.663,-75.756,33.182054244,0.006721340,0.000179404,,,,300.456125208,novatel_oem7_msgs.msg.SolutionStatus(status=0),novatel_oem7_msgs.msg.PositionOrVelocityType(type=53)
1786043845914682566,1786043845.914300029,/novatel/oem7/odom,/novatel/oem7/bestpos,/novatel/oem7/odom,39.663,-75.756,33.182054244,0.006988988,0.000537040,-0.006064747,0.003473443,0.000537040,,,
1786043845925497229,1786043845.924946818,/novatel/oem7/inspva,/novatel/oem7/inspva,/novatel/oem7/inspva,39.663,-75.756,-1.800332103,0.007109827,0.000541138,0.002940233,-0.006473382,0.000541138,,novatel_oem7_msgs.msg.InertialSolutionStatus(status=3),
1786043845926034094,1786043845.925125279,/novatel/oem7/fix,/novatel/oem7/fix,/novatel/oem7/inspva,39.663,-75.756,-1.800332103,0.007109827,0.000541138,0.002940233,-0.006473382,0.000541138,,0,
1786043845926455861,1786043845.925418062,/novatel/oem7/odom,/novatel/oem7/fix,/novatel/oem7/odom,39.663,-75.756,-1.800332103,0.007110877,0.000527171,-0.006315503,0.003267872,0.000527171,,,
1786043845935618419,1786043845.935074484,/novatel/oem7/odom,/novatel/oem7/fix,/novatel/oem7/odom,39.663,-75.756,-1.800332103,0.007110877,0.000527171,-0.006315503,0.003267872,0.000527171,,,
1786043845945441195,1786043845.944994914,/novatel/oem7/inspva,/novatel/oem7/inspva,/novatel/oem7/inspva,39.663,-75.756,-1.800323406,0.007309551,0.000514968,0.003153703,-0.006594217,0.000514968,,novatel_oem7_msgs.msg.InertialSolutionStatus(status=3),
1786043845946189613,1786043845.945393175,/novatel/oem7/fix,/novatel/oem7/fix,/novatel/oem7/inspva,39.663,-75.756,-1.800323406,0.007309551,0.000514968,0.003153703,-0.006594217,0.000514968,,0,
1786043845947057117,1786043845.945976034,/novatel/oem7/odom,/novatel/oem7/fix,/novatel/oem7/odom,39.663,-75.756,-1.800323406,0.007310508,0.000501201,-0.006425084,0.003487381,0.000501201,,,
1786043845956139089,1786043845.955642642,/novatel/oem7/odom,/novatel/oem7/fix,/novatel/oem7/odom,39.663,-75.756,-1.800323406,0.007310508,0.000501201,-0.006425084,0.003487381,0.000501201,,,
1786043845967165440,1786043845.966542650,/novatel/oem7/inspva,/novatel/oem7/inspva,/novatel/oem7/inspva,39.663,-75.756,-1.800313017,0.007509631,0.000632258,0.003227997,-0.006780456,0.000632258,,novatel_oem7_msgs.msg.InertialSolutionStatus(status=3),
1786043845968040839,1786043845.966856646,/novatel/oem7/fix,/novatel/oem7/fix,/novatel/oem7/inspva,39.663,-75.756,-1.800313017,0.007509631,0.000632258,0.003227997,-0.006780456,0.000632258,,0,
1786043845968718161,1786043845.967591060,/novatel/oem7/odom,/novatel/oem7/fix,/novatel/oem7/odom,39.663,-75.756,-1.800313017,0.007510815,0.000618029,-0.006607661,0.003570876,0.000618029,,,
1786043845974995910,1786043845.974616978,/novatel/oem7/odom,/novatel/oem7/fix,/novatel/oem7/odom,39.663,-75.756,-1.800313017,0.007510815,0.000618029,-0.006607661,0.003570876,0.000618029,,,
1786043845985416239,1786043845.985014434,/novatel/oem7/inspva,/novatel/oem7/inspva,/novatel/oem7/inspva,39.663,-75.756,-1.800302749,0.007618260,0.000621005,0.003288499,-0.006871948,0.000621005,,novatel_oem7_msgs.msg.InertialSolutionStatus(status=3),
1786043845986675527,1786043845.985230796,/novatel/oem7/fix,/novatel/oem7/fix,/novatel/oem7/inspva,39.663,-75.756,-1.800302749,0.007618260,0.000621005,0.003288499,-0.006871948,0.000621005,,0,
1786043845987538002,1786043845.985566743,/novatel/oem7/odom,/novatel/oem7/fix,/novatel/oem7/odom,39.663,-75.756,-1.800302749,0.007619420,0.000606611,-0.006695850,0.003636090,0.000606611,,,
1786043845996272027,1786043845.995620655,/novatel/oem7/odom,/novatel/oem7/fix,/novatel/oem7/odom,39.663,-75.756,-1.800302749,0.007619420,0.000606611,-0.006695850,0.003636090,0.000606611,,,
1786043846008758361,1786043846.008348827,/novatel/oem7/inspva,/novatel/oem7/inspva,/novatel/oem7/inspva,39.663,-75.756,-1.800291273,0.007857598,0.000638387,0.003303206,-0.007129564,0.000638387,,novatel_oem7_msgs.msg.InertialSolutionStatus(status=3),
1786043846009459804,1786043846.008645067,/novatel/oem7/fix,/novatel/oem7/fix,/novatel/oem7/inspva,39.663,-75.756,-1.800291273,0.007857598,0.000638387,0.003303206,-0.007129564,0.000638387,,0,
1786043846011647405,1786043846.011255164,/novatel/oem7/odom,/novatel/oem7/fix,/novatel/oem7/odom,39.663,-75.756,-1.800291273,0.007858820,0.000623163,-0.006952460,0.003663926,0.000623163,,,
1786043846015923546,1786043846.015527010,/novatel/oem7/odom,/novatel/oem7/fix,/novatel/oem7/odom,39.663,-75.756,-1.800291273,0.007858820,0.000623163,-0.006952460,0.003663926,0.000623163,,,
1786043846025477430,1786043846.024744217,/novatel/oem7/bestpos,/novatel/oem7/bestpos,/novatel/oem7/odom,39.663,-75.756,33.182106434,0.007858820,0.000623163,-0.006952460,0.003663926,0.000623163,,novatel_oem7_msgs.msg.SolutionStatus(status=0),novatel_oem7_msgs.msg.PositionOrVelocityType(type=53)
1786043846026543717,1786043846.026103784,/novatel/oem7/bestvel,/novatel/oem7/bestpos,/novatel/oem7/bestvel,39.663,-75.756,33.182106434,0.007790504,0.000472327,,,,296.348727255,novatel_oem7_msgs.msg.SolutionStatus(status=0),novatel_oem7_msgs.msg.PositionOrVelocityType(type=53)
1786043846027472946,1786043846.026772511,/novatel/oem7/inspva,/novatel/oem7/inspva,/novatel/oem7/inspva,39.663,-75.756,-1.800280431,0.007840904,0.000573692,0.003433359,-0.007049242,0.000573692,,novatel_oem7_msgs.msg.InertialSolutionStatus(status=3),
1786043846027941000,1786043846.027014080,/novatel/oem7/fix,/novatel/oem7/fix,/novatel/oem7/inspva,39.663,-75.756,-1.800280431,0.007840904,0.000573692,0.003433359,-0.007049242,0.000573692,,0,
1786043846028868892,1786043846.027814882,/novatel/oem7/odom,/novatel/oem7/fix,/novatel/oem7/odom,39.663,-75.756,-1.800280431,0.007841958,0.000559102,-0.006865289,0.003790001,0.000559102,,,
1786043846034871102,1786043846.034375981,/novatel/oem7/odom,/novatel/oem7/fix,/novatel/oem7/odom,39.663,-75.756,-1.800280431,0.007841958,0.000559102,-0.006865289,0.003790001,0.000559102,,,
1786043846045541473,1786043846.045111587,/novatel/oem7/inspva,/novatel/oem7/inspva,/novatel/oem7/inspva,39.663,-75.756,-1.800282703,0.007970827,0.000596403,0.003437315,-0.007191589,0.000596403,,novatel_oem7_msgs.msg.InertialSolutionStatus(status=3),
1786043846046246775,1786043846.045348520,/novatel/oem7/fix,/novatel/oem7/fix,/novatel/oem7/inspva,39.663,-75.756,-1.800282703,0.007970827,0.000596403,0.003437315,-0.007191589,0.000596403,,0,
1786043846047026926,1786043846.046127916,/novatel/oem7/odom,/novatel/oem7/fix,/novatel/oem7/odom,39.663,-75.756,-1.800282703,0.007971938,0.000581364,-0.007007352,0.003801160,0.000581364,,,
1786043846056726603,1786043846.056105825,/novatel/oem7/odom,/novatel/oem7/fix,/novatel/oem7/odom,39.663,-75.756,-1.800282703,0.007971938,0.000581364,-0.007007352,0.003801160,0.000581364,,,
1786043846065541736,1786043846.065004289,/novatel/oem7/inspva,/novatel/oem7/inspva,/novatel/oem7/inspva,39.663,-75.756,-1.800291355,0.007659984,0.000453741,0.003218946,-0.006950809,0.000453741,,novatel_oem7_msgs.msg.InertialSolutionStatus(status=3),
1786043846066324526,1786043846.065266892,/novatel/oem7/fix,/novatel/oem7/fix,/novatel/oem7/inspva,39.663,-75.756,-1.800291355,0.007659984,0.000453741,0.003218946,-0.006950809,0.000453741,,0,
1786043846066918911,1786043846.065855328,/novatel/oem7/odom,/novatel/oem7/fix,/novatel/oem7/odom,39.663,-75.756,-1.800291355,0.007971946,0.000581261,-0.007007356,0.003801168,0.000581261,,,
1786043846074923761,1786043846.074548906,/novatel/oem7/odom,/novatel/oem7/fix,/novatel/oem7/odom,39.663,-75.756,-1.800291355,0.007660854,0.000438806,-0.006777611,0.003571089,0.000438806,,,
1786043846087120170,1786043846.086716450,/novatel/oem7/inspva,/novatel/oem7/inspva,/novatel/oem7/inspva,39.663,-75.756,-1.800292204,0.007619970,0.000851901,0.003203944,-0.006913659,0.000851901,,novatel_oem7_msgs.msg.InertialSolutionStatus(status=3),
1786043846087869358,1786043846.086918118,/novatel/oem7/fix,/novatel/oem7/fix,/novatel/oem7/inspva,39.663,-75.756,-1.800292204,0.007619970,0.000851901,0.003203944,-0.006913659,0.000851901,,0,
1786043846088315811,1786043846.087262870,/novatel/oem7/odom,/novatel/oem7/fix,/novatel/oem7/odom,39.663,-75.756,-1.800292204,0.007621619,0.000837013,-0.006742733,0.003553116,0.000837013,,,
1786043846096730385,1786043846.095532598,/novatel/oem7/odom,/novatel/oem7/fix,/novatel/oem7/odom,39.663,-75.756,-1.800292204,0.007621619,0.000837013,-0.006742733,0.003553116,0.000837013,,,
1786043846106281609,1786043846.105788313,/novatel/oem7/inspva,/novatel/oem7/inspva,/novatel/oem7/inspva,39.663,-75.756,-1.800301235,0.007423401,0.000665555,0.003028881,-0.006777371,0.000665555,,novatel_oem7_msgs.msg.InertialSolutionStatus(status=3),
1786043846107065808,1786043846.106037439,/novatel/oem7/fix,/novatel/oem7/fix,/novatel/oem7/inspva,39.663,-75.756,-1.800301235,0.007423401,0.000665555,0.003028881,-0.006777371,0.000665555,,0,
1786043846107670320,1786043846.106446322,/novatel/oem7/odom,/novatel/oem7/fix,/novatel/oem7/odom,39.663,-75.756,-1.800301235,0.007424733,0.000650531,-0.006614949,0.003371810,0.000650531,,,
1786043846110011719,1786043846.109580368,/novatel/oem7/bestpos,/novatel/oem7/bestpos,/novatel/oem7/odom,39.663,-75.756,33.182023650,0.007424733,0.000650531,-0.006614949,0.003371810,0.000650531,,novatel_oem7_msgs.msg.SolutionStatus(status=0),novatel_oem7_msgs.msg.PositionOrVelocityType(type=53)
1786043846110774095,1786043846.110330299,/novatel/oem7/bestvel,/novatel/oem7/bestpos,/novatel/oem7/bestvel,39.663,-75.756,33.182023650,0.007065857,0.000212032,,,,298.099321710,novatel_oem7_msgs.msg.SolutionStatus(status=0),novatel_oem7_msgs.msg.PositionOrVelocityType(type=53)
1786043846115694625,1786043846.115392996,/novatel/oem7/odom,/novatel/oem7/bestpos,/novatel/oem7/odom,39.663,-75.756,33.182023650,0.007424733,0.000650531,-0.006614949,0.003371810,0.000650531,,,
1786043846125962867,1786043846.125219567,/novatel/oem7/inspva,/novatel/oem7/inspva,/novatel/oem7/inspva,39.663,-75.756,-1.800301427,0.007490214,0.000598716,0.003441249,-0.006652903,0.000598716,,novatel_oem7_msgs.msg.InertialSolutionStatus(status=3),
1786043846127120884,1786043846.125645235,/novatel/oem7/fix,/novatel/oem7/fix,/novatel/oem7/inspva,39.663,-75.756,-1.800301427,0.007490214,0.000598716,0.003441249,-0.006652903,0.000598716,,0,
1786043846127837469,1786043846.126482850,/novatel/oem7/odom,/novatel/oem7/fix,/novatel/oem7/odom,39.663,-75.756,-1.800301427,0.007491275,0.000585298,-0.006469184,0.003777414,0.000585298,,,
1786043846135061280,1786043846.134621685,/novatel/oem7/odom,/novatel/oem7/fix,/novatel/oem7/odom,39.663,-75.756,-1.800301427,0.007491275,0.000585298,-0.006469184,0.003777414,0.000585298,,,
1786043846146287729,1786043846.146011098,/novatel/oem7/inspva,/novatel/oem7/inspva,/novatel/oem7/inspva,39.663,-75.756,-1.800303479,0.007727828,0.000875864,0.003230901,-0.007020015,0.000875864,,novatel_oem7_msgs.msg.InertialSolutionStatus(status=3),
1786043846146827457,1786043846.146168486,/novatel/oem7/fix,/novatel/oem7/fix,/novatel/oem7/inspva,39.663,-75.756,-1.800303479,0.007727828,0.000875864,0.003230901,-0.007020015,0.000875864,,0,
1786043846147232830,1786043846.146574421,/novatel/oem7/odom,/novatel/oem7/fix,/novatel/oem7/odom,39.663,-75.756,-1.800303479,0.007729551,0.000860528,-0.006847666,0.003585446,0.000860528,,,
1786043846156304019,1786043846.155814107,/novatel/oem7/odom,/novatel/oem7/fix,/novatel/oem7/odom,39.663,-75.756,-1.800303479,0.007729551,0.000860528,-0.006847666,0.003585446,0.000860528,,,
1786043846165623118,1786043846.165137002,/novatel/oem7/inspva,/novatel/oem7/inspva,/novatel/oem7/inspva,39.663,-75.756,-1.800305546,0.007204386,0.000498976,0.003193680,-0.006457832,0.000498976,,novatel_oem7_msgs.msg.InertialSolutionStatus(status=3),
1786043846166490398,1786043846.165404671,/novatel/oem7/fix,/novatel/oem7/fix,/novatel/oem7/inspva,39.663,-75.756,-1.800305546,0.007204386,0.000498976,0.003193680,-0.006457832,0.000498976,,0,
1786043846167104201,1786043846.166041660,/novatel/oem7/odom,/novatel/oem7/fix,/novatel/oem7/odom,39.663,-75.756,-1.800305546,0.007729550,0.000860536,-0.006847655,0.003585467,0.000860536,,,
1786043846175563708,1786043846.175171251,/novatel/oem7/odom,/novatel/oem7/fix,/novatel/oem7/odom,39.663,-75.756,-1.800305546,0.007205305,0.000485527,-0.006286750,0.003520397,0.000485527,,,
1786043846185987611,1786043846.185184752,/novatel/oem7/inspva,/novatel/oem7/inspva,/novatel/oem7/inspva,39.663,-75.756,-1.800307143,0.007454349,0.000692642,0.002947410,-0.006846904,0.000692642,,novatel_oem7_msgs.msg.InertialSolutionStatus(status=3),
1786043846187118496,1786043846.185489689,/novatel/oem7/fix,/novatel/oem7/fix,/novatel/oem7/inspva,39.663,-75.756,-1.800307143,0.007454349,0.000692642,0.002947410,-0.006846904,0.000692642,,0,
1786043846187732395,1786043846.185786844,/novatel/oem7/odom,/novatel/oem7/fix,/novatel/oem7/odom,39.663,-75.756,-1.800307143,0.007455782,0.000677038,-0.006688681,0.003293969,0.000677038,,,
1786043846194730285,1786043846.194447903,/novatel/oem7/odom,/novatel/oem7/fix,/novatel/oem7/odom,39.663,-75.756,-1.800307143,0.007455782,0.000677038,-0.006688681,0.003293969,0.000677038,,,
1786043846206917099,1786043846.206498449,/novatel/oem7/inspva,/novatel/oem7/inspva,/novatel/oem7/inspva,39.663,-75.756,-1.800309463,0.006874744,0.000477245,0.003024177,-0.006173853,0.000477245,,novatel_oem7_msgs.msg.InertialSolutionStatus(status=3),
1786043846207564537,1786043846.206690411,/novatel/oem7/fix,/novatel/oem7/fix,/novatel/oem7/inspva,39.663,-75.756,-1.800309463,0.006874744,0.000477245,0.003024177,-0.006173853,0.000477245,,0,
1786043846207973787,1786043846.207053421,/novatel/oem7/odom,/novatel/oem7/fix,/novatel/oem7/odom,39.663,-75.756,-1.800309463,0.006875634,0.000464244,-0.006011763,0.003336623,0.000464244,,,
1786043846210734417,1786043846.210225506,/novatel/oem7/bestpos,/novatel/oem7/bestpos,/novatel/oem7/odom,39.663,-75.756,33.182017299,0.006875634,0.000464244,-0.006011763,0.003336623,0.000464244,,novatel_oem7_msgs.msg.SolutionStatus(status=0),novatel_oem7_msgs.msg.PositionOrVelocityType(type=53)
1786043846211258672,1786043846.210648851,/novatel/oem7/bestvel,/novatel/oem7/bestpos,/novatel/oem7/bestvel,39.663,-75.756,33.182017299,0.006978218,0.000739595,,,,293.434249475,novatel_oem7_msgs.msg.SolutionStatus(status=0),novatel_oem7_msgs.msg.PositionOrVelocityType(type=53)
1786043846215118795,1786043846.214775714,/novatel/oem7/odom,/novatel/oem7/bestpos,/novatel/oem7/odom,39.663,-75.756,33.182017299,0.006875634,0.000464244,-0.006011763,0.003336623,0.000464244,,,
1786043846225689604,1786043846.225237842,/novatel/oem7/inspva,/novatel/oem7/inspva,/novatel/oem7/inspva,39.663,-75.756,-1.800312897,0.007296371,0.000670975,0.002772726,-0.006749001,0.000670975,,novatel_oem7_msgs.msg.InertialSolutionStatus(status=3),
1786043846226232167,1786043846.225403637,/novatel/oem7/fix,/novatel/oem7/fix,/novatel/oem7/inspva,39.663,-75.756,-1.800312897,0.007296371,0.000670975,0.002772726,-0.006749001,0.000670975,,0,
1786043846226622974,1786043846.225789732,/novatel/oem7/odom,/novatel/oem7/fix,/novatel/oem7/odom,39.663,-75.756,-1.800312897,0.007297811,0.000655124,-0.006599807,0.003114577,0.000655124,,,
1786043846235976796,1786043846.235581257,/novatel/oem7/odom,/novatel/oem7/fix,/novatel/oem7/odom,39.663,-75.756,-1.800312897,0.007297811,0.000655124,-0.006599807,0.003114577,0.000655124,,,
1786043846245695950,1786043846.245254852,/novatel/oem7/inspva,/novatel/oem7/inspva,/novatel/oem7/inspva,39.663,-75.756,-1.800314805,0.006877902,0.000481107,0.003225172,-0.006074850,0.000481107,,novatel_oem7_msgs.msg.InertialSolutionStatus(status=3),
1786043846246364509,1786043846.245453911,/novatel/oem7/fix,/novatel/oem7/fix,/novatel/oem7/inspva,39.663,-75.756,-1.800314805,0.006877902,0.000481107,0.003225172,-0.006074850,0.000481107,,0,
1786043846246799292,1786043846.245965380,/novatel/oem7/odom,/novatel/oem7/fix,/novatel/oem7/odom,39.663,-75.756,-1.800314805,0.006878739,0.000468995,-0.005902571,0.003532237,0.000468995,,,
1786043846257533086,1786043846.256760652,/novatel/oem7/odom,/novatel/oem7/fix,/novatel/oem7/odom,39.663,-75.756,-1.800314805,0.006878739,0.000468995,-0.005902571,0.003532237,0.000468995,,,
1786043846266483674,1786043846.266029903,/novatel/oem7/inspva,/novatel/oem7/inspva,/novatel/oem7/inspva,39.663,-75.756,-1.800317364,0.007041518,0.000514004,0.002640431,-0.006527718,0.000514004,,novatel_oem7_msgs.msg.InertialSolutionStatus(status=3),
1786043846267251921,1786043846.266293169,/novatel/oem7/fix,/novatel/oem7/fix,/novatel/oem7/inspva,39.663,-75.756,-1.800317364,0.007041518,0.000514004,0.002640431,-0.006527718,0.000514004,,0,
1786043846267872353,1786043846.266592658,/novatel/oem7/odom,/novatel/oem7/fix,/novatel/oem7/odom,39.663,-75.756,-1.800317364,0.007042634,0.000498491,-0.006385045,0.002971512,0.000498491,,,
1786043846274892465,1786043846.274471658,/novatel/oem7/odom,/novatel/oem7/fix,/novatel/oem7/odom,39.663,-75.756,-1.800317364,0.007042634,0.000498491,-0.006385045,0.002971512,0.000498491,,,
1786043846285898136,1786043846.285332206,/novatel/oem7/inspva,/novatel/oem7/inspva,/novatel/oem7/inspva,39.663,-75.756,-1.800312887,0.006767396,0.001159397,0.002882742,-0.006122699,0.001159397,,novatel_oem7_msgs.msg.InertialSolutionStatus(status=3),
1786043846286698833,1786043846.285572374,/novatel/oem7/fix,/novatel/oem7/fix,/novatel/oem7/inspva,39.663,-75.756,-1.800312887,0.006767396,0.001159397,0.002882742,-0.006122699,0.001159397,,0,
1786043846287159007,1786043846.286196873,/novatel/oem7/odom,/novatel/oem7/fix,/novatel/oem7/odom,39.663,-75.756,-1.800312887,0.006769679,0.001145990,-0.005970499,0.003190877,0.001145990,,,
1786043846295924696,1786043846.295526675,/novatel/oem7/odom,/novatel/oem7/fix,/novatel/oem7/odom,39.663,-75.756,-1.800312887,0.006769679,0.001145990,-0.005970499,0.003190877,0.001145990,,,
1786043846306099612,1786043846.305816130,/novatel/oem7/inspva,/novatel/oem7/inspva,/novatel/oem7/inspva,39.663,-75.756,-1.800319189,0.006643132,0.000875632,0.002390237,-0.006198223,0.000875632,,novatel_oem7_msgs.msg.InertialSolutionStatus(status=3),
1786043846307296465,1786043846.305990379,/novatel/oem7/fix,/novatel/oem7/fix,/novatel/oem7/inspva,39.663,-75.756,-1.800319189,0.006643132,0.000875632,0.002390237,-0.006198223,0.000875632,,0,
1786043846307826459,1786043846.306456540,/novatel/oem7/odom,/novatel/oem7/fix,/novatel/oem7/odom,39.663,-75.756,-1.800319189,0.006645116,0.000860445,-0.006070226,0.002703689,0.000860445,,,
1786043846309720918,1786043846.309345186,/novatel/oem7/bestpos,/novatel/oem7/bestpos,/novatel/oem7/odom,39.663,-75.756,33.181995337,0.006645116,0.000860445,-0.006070226,0.002703689,0.000860445,,novatel_oem7_msgs.msg.SolutionStatus(status=0),novatel_oem7_msgs.msg.PositionOrVelocityType(type=53)
1786043846310246031,1786043846.309979296,/novatel/oem7/bestvel,/novatel/oem7/bestpos,/novatel/oem7/bestvel,39.663,-75.756,33.181995337,0.006301674,0.000596353,,,,293.410898972,novatel_oem7_msgs.msg.SolutionStatus(status=0),novatel_oem7_msgs.msg.PositionOrVelocityType(type=53)
1786043846314904004,1786043846.314491317,/novatel/oem7/odom,/novatel/oem7/bestpos,/novatel/oem7/odom,39.663,-75.756,33.181995337,0.006645116,0.000860445,-0.006070226,0.002703689,0.000860445,,,
1786043846327122429,1786043846.326630228,/novatel/oem7/inspva,/novatel/oem7/inspva,/novatel/oem7/inspva,39.663,-75.756,-1.800318792,0.006333057,0.000662090,0.002559322,-0.005792882,0.000662090,,novatel_oem7_msgs.msg.InertialSolutionStatus(status=3),
1786043846327618486,1786043846.326801640,/novatel/oem7/fix,/novatel/oem7/fix,/novatel/oem7/inspva,39.663,-75.756,-1.800318792,0.006333057,0.000662090,0.002559322,-0.005792882,0.000662090,,0,
1786043846328199405,1786043846.327687549,/novatel/oem7/odom,/novatel/oem7/fix,/novatel/oem7/odom,39.663,-75.756,-1.800318792,0.006334415,0.000648969,-0.005655911,0.002852278,0.000648969,,,
1786043846335494158,1786043846.335046080,/novatel/oem7/odom,/novatel/oem7/fix,/novatel/oem7/odom,39.663,-75.756,-1.800318792,0.006334415,0.000648969,-0.005655911,0.002852278,0.000648969,,,
1786043846345576150,1786043846.345117519,/novatel/oem7/inspva,/novatel/oem7/inspva,/novatel/oem7/inspva,39.663,-75.756,-1.800320625,0.006390690,0.000828667,0.002250767,-0.005981218,0.000828667,,novatel_oem7_msgs.msg.InertialSolutionStatus(status=3),
1786043846346298547,1786043846.345306228,/novatel/oem7/fix,/novatel/oem7/fix,/novatel/oem7/inspva,39.663,-75.756,-1.800320625,0.006390690,0.000828667,0.002250767,-0.005981218,0.000828667,,0,
1786043846346743187,1786043846.345639738,/novatel/oem7/odom,/novatel/oem7/fix,/novatel/oem7/odom,39.663,-75.756,-1.800320625,0.006392586,0.000813913,-0.005860480,0.002553414,0.000813913,,,
1786043846356196253,1786043846.355656581,/novatel/oem7/odom,/novatel/oem7/fix,/novatel/oem7/odom,39.663,-75.756,-1.800320625,0.006392586,0.000813913,-0.005860480,0.002553414,0.000813913,,,
1786043846365830624,1786043846.365382802,/novatel/oem7/inspva,/novatel/oem7/inspva,/novatel/oem7/inspva,39.663,-75.756,-1.800320102,0.006469837,0.000799181,0.002375892,-0.006017801,0.000799181,,novatel_oem7_msgs.msg.InertialSolutionStatus(status=3),
1786043846367655695,1786043846.365621434,/novatel/oem7/fix,/novatel/oem7/fix,/novatel/oem7/inspva,39.663,-75.756,-1.800320102,0.006469837,0.000799181,0.002375892,-0.006017801,0.000799181,,0,
1786043846368292748,1786043846.366214330,/novatel/oem7/odom,/novatel/oem7/fix,/novatel/oem7/odom,39.663,-75.756,-1.800320102,0.006471616,0.000784647,-0.005890463,0.002680348,0.000784647,,,
1786043846375047761,1786043846.374670709,/novatel/oem7/odom,/novatel/oem7/fix,/novatel/oem7/odom,39.663,-75.756,-1.800320102,0.006471616,0.000784647,-0.005890463,0.002680348,0.000784647,,,
1786043846386903683,1786043846.385986071,/novatel/oem7/inspva,/novatel/oem7/inspva,/novatel/oem7/inspva,39.663,-75.756,-1.800325412,0.006551161,0.000606759,0.002364140,-0.006109710,0.000606759,,novatel_oem7_msgs.msg.InertialSolutionStatus(status=3),
1786043846387862530,1786043846.386185739,/novatel/oem7/fix,/novatel/oem7/fix,/novatel/oem7/inspva,39.663,-75.756,-1.800325412,0.006551161,0.000606759,0.002364140,-0.006109710,0.000606759,,0,
1786043846388298046,1786043846.386808906,/novatel/oem7/odom,/novatel/oem7/fix,/novatel/oem7/odom,39.663,-75.756,-1.800325412,0.006552523,0.000591867,-0.005982124,0.002673902,0.000591867,,,
1786043846394806763,1786043846.394475450,/novatel/oem7/odom,/novatel/oem7/fix,/novatel/oem7/odom,39.663,-75.756,-1.800325412,0.006552523,0.000591867,-0.005982124,0.002673902,0.000591867,,,
1786043846407084578,1786043846.406441338,/novatel/oem7/inspva,/novatel/oem7/inspva,/novatel/oem7/inspva,39.663,-75.756,-1.800324148,0.006297794,0.000860703,0.002030583,-0.005961455,0.000860703,,novatel_oem7_msgs.msg.InertialSolutionStatus(status=3),
1786043846407766773,1786043846.406681374,/novatel/oem7/fix,/novatel/oem7/fix,/novatel/oem7/inspva,39.663,-75.756,-1.800324148,0.006297794,0.000860703,0.002030583,-0.005961455,0.000860703,,0,
1786043846408189714,1786043846.407166649,/novatel/oem7/odom,/novatel/oem7/fix,/novatel/oem7/odom,39.663,-75.756,-1.800324148,0.006299888,0.000845245,-0.005852192,0.002332474,0.000845245,,,
1786043846410372696,1786043846.410016728,/novatel/oem7/bestpos,/novatel/oem7/bestpos,/novatel/oem7/odom,39.663,-75.756,33.181986105,0.006299888,0.000845245,-0.005852192,0.002332474,0.000845245,,novatel_oem7_msgs.msg.SolutionStatus(status=0),novatel_oem7_msgs.msg.PositionOrVelocityType(type=53)
1786043846410905768,1786043846.410362845,/novatel/oem7/bestvel,/novatel/oem7/bestpos,/novatel/oem7/bestvel,39.663,-75.756,33.181986105,0.006006646,0.000886272,,,,287.305347766,novatel_oem7_msgs.msg.SolutionStatus(status=0),novatel_oem7_msgs.msg.PositionOrVelocityType(type=53)
1786043846415847832,1786043846.415468393,/novatel/oem7/odom,/novatel/oem7/bestpos,/novatel/oem7/odom,39.663,-75.756,33.181986105,0.006299888,0.000845245,-0.005852192,0.002332474,0.000845245,,,
1786043846425665650,1786043846.425019507,/novatel/oem7/inspva,/novatel/oem7/inspva,/novatel/oem7/inspva,39.663,-75.756,-1.800328407,0.006177330,0.000919742,0.002024272,-0.005836243,0.000919742,,novatel_oem7_msgs.msg.InertialSolutionStatus(status=3),
1786043846426968140,1786043846.425201236,/novatel/oem7/fix,/novatel/oem7/fix,/novatel/oem7/inspva,39.663,-75.756,-1.800328407,0.006177330,0.000919742,0.002024272,-0.005836243,0.000919742,,0,
1786043846427742870,1786043846.425608186,/novatel/oem7/odom,/novatel/oem7/fix,/novatel/oem7/odom,39.663,-75.756,-1.800328407,0.006179548,0.000904722,-0.005727683,0.002319582,0.000904722,,,
1786043846434692092,1786043846.434363052,/novatel/oem7/odom,/novatel/oem7/fix,/novatel/oem7/odom,39.663,-75.756,-1.800328407,0.006179548,0.000904722,-0.005727683,0.002319582,0.000904722,,,
1786043846448092895,1786043846.446626783,/novatel/oem7/inspva,/novatel/oem7/inspva,/novatel/oem7/inspva,39.663,-75.756,-1.800331141,0.005989597,0.000492511,0.001804587,-0.005711282,0.000492511,,novatel_oem7_msgs.msg.InertialSolutionStatus(status=3),
1786043846448908868,1786043846.446962450,/novatel/oem7/fix,/novatel/oem7/fix,/novatel/oem7/inspva,39.663,-75.756,-1.800331141,0.005989597,0.000492511,0.001804587,-0.005711282,0.000492511,,0,
1786043846449356749,1786043846.447278549,/novatel/oem7/odom,/novatel/oem7/fix,/novatel/oem7/odom,39.663,-75.756,-1.800331141,0.005990830,0.000477284,-0.005612604,0.002094926,0.000477284,,,
1786043846457479179,1786043846.457084716,/novatel/oem7/odom,/novatel/oem7/fix,/novatel/oem7/odom,39.663,-75.756,-1.800331141,0.005990830,0.000477284,-0.005612604,0.002094926,0.000477284,,,
1786043846465468829,1786043846.465067013,/novatel/oem7/inspva,/novatel/oem7/inspva,/novatel/oem7/inspva,39.663,-75.756,-1.800331609,0.005894751,0.000711325,0.001735260,-0.005633557,0.000711325,,novatel_oem7_msgs.msg.InertialSolutionStatus(status=3),
1786043846466409333,1786043846.465352059,/novatel/oem7/fix,/novatel/oem7/fix,/novatel/oem7/inspva,39.663,-75.756,-1.800331609,0.005894751,0.000711325,0.001735260,-0.005633557,0.000711325,,0,
1786043846467030389,1786043846.465970986,/novatel/oem7/odom,/novatel/oem7/fix,/novatel/oem7/odom,39.663,-75.756,-1.800331609,0.005896563,0.000696148,-0.005539364,0.002021112,0.000696148,,,
1786043846475985563,1786043846.475480627,/novatel/oem7/odom,/novatel/oem7/fix,/novatel/oem7/odom,39.663,-75.756,-1.800331609,0.005896563,0.000696148,-0.005539364,0.002021112,0.000696148,,,
1786043846485660221,1786043846.485314929,/novatel/oem7/inspva,/novatel/oem7/inspva,/novatel/oem7/inspva,39.663,-75.756,-1.800330198,0.005611091,0.000789778,0.001308523,-0.005456382,0.000789778,,novatel_oem7_msgs.msg.InertialSolutionStatus(status=3),
1786043846486252345,1786043846.485538431,/novatel/oem7/fix,/novatel/oem7/fix,/novatel/oem7/inspva,39.663,-75.756,-1.800330198,0.005611091,0.000789778,0.001308523,-0.005456382,0.000789778,,0,
1786043846486826147,1786043846.486104750,/novatel/oem7/odom,/novatel/oem7/fix,/novatel/oem7/odom,39.663,-75.756,-1.800330198,0.005613293,0.000773972,-0.005384688,0.001585618,0.000773972,,,
1786043846495230355,1786043846.494958794,/novatel/oem7/odom,/novatel/oem7/fix,/novatel/oem7/odom,39.663,-75.756,-1.800330198,0.005613293,0.000773972,-0.005384688,0.001585618,0.000773972,,,
1786043846506176611,1786043846.505919491,/novatel/oem7/inspva,/novatel/oem7/inspva,/novatel/oem7/inspva,39.663,-75.756,-1.800331697,0.005760550,0.000898693,0.001669802,-0.005513230,0.000898693,,novatel_oem7_msgs.msg.InertialSolutionStatus(status=3),
1786043846506784708,1786043846.506088280,/novatel/oem7/fix,/novatel/oem7/fix,/novatel/oem7/inspva,39.663,-75.756,-1.800331697,0.005760550,0.000898693,0.001669802,-0.005513230,0.000898693,,0,
1786043846507205375,1786043846.506501814,/novatel/oem7/odom,/novatel/oem7/fix,/novatel/oem7/odom,39.663,-75.756,-1.800331697,0.005762865,0.000883732,-0.005423257,0.001949075,0.000883732,,,
1786043846511218795,1786043846.510800175,/novatel/oem7/bestpos,/novatel/oem7/bestpos,/novatel/oem7/odom,39.663,-75.756,33.181982547,0.005762865,0.000883732,-0.005423257,0.001949075,0.000883732,,novatel_oem7_msgs.msg.SolutionStatus(status=0),novatel_oem7_msgs.msg.PositionOrVelocityType(type=53)
1786043846512162690,1786043846.511633009,/novatel/oem7/bestvel,/novatel/oem7/bestpos,/novatel/oem7/bestvel,39.663,-75.756,33.181982547,0.006184920,0.000934650,,,,288.167459243,novatel_oem7_msgs.msg.SolutionStatus(status=0),novatel_oem7_msgs.msg.PositionOrVelocityType(type=53)
1786043846514763594,1786043846.514411761,/novatel/oem7/odom,/novatel/oem7/bestpos,/novatel/oem7/odom,39.663,-75.756,33.181982547,0.005762865,0.000883732,-0.005423257,0.001949075,0.000883732,,,
1786043846525554763,1786043846.525096220,/novatel/oem7/inspva,/novatel/oem7/inspva,/novatel/oem7/inspva,39.663,-75.756,-1.800331683,0.005751743,0.000725864,0.001230172,-0.005618649,0.000725864,,novatel_oem7_msgs.msg.InertialSolutionStatus(status=3),
1786043846526046926,1786043846.525285212,/novatel/oem7/fix,/novatel/oem7/fix,/novatel/oem7/inspva,39.663,-75.756,-1.800331683,0.005751743,0.000725864,0.001230172,-0.005618649,0.000725864,,0,
1786043846526433905,1786043846.525688822,/novatel/oem7/odom,/novatel/oem7/fix,/novatel/oem7/odom,39.663,-75.756,-1.800331683,0.005753832,0.000709115,-0.005550534,0.001515966,0.000709115,,,
1786043846535665189,1786043846.535368894,/novatel/oem7/odom,/novatel/oem7/fix,/novatel/oem7/odom,39.663,-75.756,-1.800331683,0.005753832,0.000709115,-0.005550534,0.001515966,0.000709115,,,
1786043846545788094,1786043846.545316711,/novatel/oem7/inspva,/novatel/oem7/inspva,/novatel/oem7/inspva,39.663,-75.756,-1.800331484,0.005481359,0.000791067,0.001309816,-0.005322563,0.000791067,,novatel_oem7_msgs.msg.InertialSolutionStatus(status=3),
1786043846546699719,1786043846.545552270,/novatel/oem7/fix,/novatel/oem7/fix,/novatel/oem7/inspva,39.663,-75.756,-1.800331484,0.005481359,0.000791067,0.001309816,-0.005322563,0.000791067,,0,
1786043846547311485,1786043846.546062806,/novatel/oem7/odom,/novatel/oem7/fix,/novatel/oem7/odom,39.663,-75.756,-1.800331484,0.005483558,0.000775680,-0.005250980,0.001580066,0.000775680,,,
1786043846556243590,1786043846.555763744,/novatel/oem7/odom,/novatel/oem7/fix,/novatel/oem7/odom,39.663,-75.756,-1.800331484,0.005483558,0.000775680,-0.005250980,0.001580066,0.000775680,,,
1786043846567058768,1786043846.566575664,/novatel/oem7/inspva,/novatel/oem7/inspva,/novatel/oem7/inspva,39.663,-75.756,-1.800327550,0.005445398,0.000896203,0.000932198,-0.005365014,0.000896203,,novatel_oem7_msgs.msg.InertialSolutionStatus(status=3),
1786043846567824527,1786043846.566901724,/novatel/oem7/fix,/novatel/oem7/fix,/novatel/oem7/inspva,39.663,-75.756,-1.800327550,0.005445398,0.000896203,0.000932198,-0.005365014,0.000896203,,0,
1786043846568623537,1786043846.567464163,/novatel/oem7/odom,/novatel/oem7/fix,/novatel/oem7/odom,39.663,-75.756,-1.800327550,0.005448113,0.000879549,-0.005313216,0.001204852,0.000879549,,,
1786043846575496696,1786043846.575025193,/novatel/oem7/odom,/novatel/oem7/fix,/novatel/oem7/odom,39.663,-75.756,-1.800327550,0.005448113,0.000879549,-0.005313216,0.001204852,0.000879549,,,
1786043846585280953,1786043846.584877773,/novatel/oem7/inspva,/novatel/oem7/inspva,/novatel/oem7/inspva,39.663,-75.756,-1.800330454,0.005188646,0.000657509,0.001194516,-0.005049275,0.000657509,,novatel_oem7_msgs.msg.InertialSolutionStatus(status=3),
1786043846585875786,1786043846.585090915,/novatel/oem7/fix,/novatel/oem7/fix,/novatel/oem7/inspva,39.663,-75.756,-1.800330454,0.005188646,0.000657509,0.001194516,-0.005049275,0.000657509,,0,
1786043846586288237,1786043846.585567660,/novatel/oem7/odom,/novatel/oem7/fix,/novatel/oem7/odom,39.663,-75.756,-1.800330454,0.005190502,0.000642690,-0.004983489,0.001451258,0.000642690,,,
1786043846595595249,1786043846.595281792,/novatel/oem7/odom,/novatel/oem7/fix,/novatel/oem7/odom,39.663,-75.756,-1.800330454,0.005190502,0.000642690,-0.004983489,0.001451258,0.000642690,,,
1786043846606780055,1786043846.606475599,/novatel/oem7/inspva,/novatel/oem7/inspva,/novatel/oem7/inspva,39.663,-75.756,-1.800325445,0.005279892,0.000752983,0.000746957,-0.005226788,0.000752983,,novatel_oem7_msgs.msg.InertialSolutionStatus(status=3),
1786043846607304811,1786043846.606665931,/novatel/oem7/fix,/novatel/oem7/fix,/novatel/oem7/inspva,39.663,-75.756,-1.800325445,0.005279892,0.000752983,0.000746957,-0.005226788,0.000752983,,0,
1786043846607860703,1786043846.607087132,/novatel/oem7/odom,/novatel/oem7/fix,/novatel/oem7/odom,39.663,-75.756,-1.800325445,0.005282260,0.000736182,-0.005184174,0.001013222,0.000736182,,,
1786043846610548027,1786043846.610179976,/novatel/oem7/bestpos,/novatel/oem7/bestpos,/novatel/oem7/odom,39.663,-75.756,33.181986379,0.005282260,0.000736182,-0.005184174,0.001013222,0.000736182,,novatel_oem7_msgs.msg.SolutionStatus(status=0),novatel_oem7_msgs.msg.PositionOrVelocityType(type=53)
1786043846611139618,1786043846.610550180,/novatel/oem7/bestvel,/novatel/oem7/bestpos,/novatel/oem7/bestvel,39.663,-75.756,33.181986379,0.005462342,0.000599482,,,,281.795832573,novatel_oem7_msgs.msg.SolutionStatus(status=0),novatel_oem7_msgs.msg.PositionOrVelocityType(type=53)
1786043846615994489,1786043846.614958955,/novatel/oem7/odom,/novatel/oem7/bestpos,/novatel/oem7/odom,39.663,-75.756,33.181986379,0.005282260,0.000736182,-0.005184174,0.001013222,0.000736182,,,
1786043846627013987,1786043846.626231123,/novatel/oem7/inspva,/novatel/oem7/inspva,/novatel/oem7/inspva,39.663,-75.756,-1.800324181,0.005033554,0.000899242,0.001134956,-0.004903931,0.000899242,,novatel_oem7_msgs.msg.InertialSolutionStatus(status=3),
1786043846628879286,1786043846.626371554,/novatel/oem7/fix,/novatel/oem7/fix,/novatel/oem7/inspva,39.663,-75.756,-1.800324181,0.005033554,0.000899242,0.001134956,-0.004903931,0.000899242,,0,
1786043846630388312,1786043846.626989910,/novatel/oem7/odom,/novatel/oem7/fix,/novatel/oem7/odom,39.663,-75.756,-1.800324181,0.005036133,0.000884683,-0.004842317,0.001383691,0.000884683,,,
1786043846636357822,1786043846.635481830,/novatel/oem7/odom,/novatel/oem7/fix,/novatel/oem7/odom,39.663,-75.756,-1.800324181,0.005036133,0.000884683,-0.004842317,0.001383691,0.000884683,,,
1786043846646075178,1786043846.645334307,/novatel/oem7/inspva,/novatel/oem7/inspva,/novatel/oem7/inspva,39.663,-75.756,-1.800319242,0.004989968,0.000845037,0.000873653,-0.004912892,0.000845037,,novatel_oem7_msgs.msg.InertialSolutionStatus(status=3),
1786043846648081498,1786043846.645481124,/novatel/oem7/fix,/novatel/oem7/fix,/novatel/oem7/inspva,39.663,-75.756,-1.800319242,0.004989968,0.000845037,0.000873653,-0.004912892,0.000845037,,0,
1786043846649349684,1786043846.646002390,/novatel/oem7/odom,/novatel/oem7/fix,/novatel/oem7/odom,39.663,-75.756,-1.800319242,0.004992552,0.000829635,-0.004864537,0.001123322,0.000829635,,,
1786043846657256248,1786043846.656197254,/novatel/oem7/odom,/novatel/oem7/fix,/novatel/oem7/odom,39.663,-75.756,-1.800319242,0.004992552,0.000829635,-0.004864537,0.001123322,0.000829635,,,
1786043846666024993,1786043846.665372738,/novatel/oem7/inspva,/novatel/oem7/inspva,/novatel/oem7/inspva,39.663,-75.756,-1.800316640,0.004826701,0.000705927,0.001230290,-0.004667272,0.000705927,,novatel_oem7_msgs.msg.InertialSolutionStatus(status=3),
1786043846667951943,1786043846.665481268,/novatel/oem7/fix,/novatel/oem7/fix,/novatel/oem7/inspva,39.663,-75.756,-1.800316640,0.004826701,0.000705927,0.001230290,-0.004667272,0.000705927,,0,
1786043846669494972,1786043846.666042077,/novatel/oem7/odom,/novatel/oem7/fix,/novatel/oem7/odom,39.663,-75.756,-1.800316640,0.004828650,0.000692473,-0.004600327,0.001467257,0.000692473,,,
1786043846675139619,1786043846.674429946,/novatel/oem7/odom,/novatel/oem7/fix,/novatel/oem7/odom,39.663,-75.756,-1.800316640,0.004828650,0.000692473,-0.004600327,0.001467257,0.000692473,,,
1786043846687682176,1786043846.686683611,/novatel/oem7/inspva,/novatel/oem7/inspva,/novatel/oem7/inspva,39.663,-75.756,-1.800307382,0.004386499,0.000906336,0.000756268,-0.004320814,0.000906336,,novatel_oem7_msgs.msg.InertialSolutionStatus(status=3),
1786043846689672753,1786043846.686864660,/novatel/oem7/fix,/novatel/oem7/fix,/novatel/oem7/inspva,39.663,-75.756,-1.800307382,0.004386499,0.000906336,0.000756268,-0.004320814,0.000906336,,0,
1786043846691088498,1786043846.687459821,/novatel/oem7/odom,/novatel/oem7/fix,/novatel/oem7/odom,39.663,-75.756,-1.800307382,0.004828649,0.000692475,-0.004600321,0.001467276,0.000692475,,,
1786043846696020808,1786043846.695189989,/novatel/oem7/odom,/novatel/oem7/fix,/novatel/oem7/odom,39.663,-75.756,-1.800307382,0.004389281,0.000892763,-0.004279512,0.000975484,0.000892763,,,
1786043846706254929,1786043846.705764771,/novatel/oem7/inspva,/novatel/oem7/inspva,/novatel/oem7/inspva,39.663,-75.756,-1.800303878,0.004427813,0.000774044,0.001036726,-0.004304733,0.000774044,,novatel_oem7_msgs.msg.InertialSolutionStatus(status=3),
1786043846707606936,1786043846.705831885,/novatel/oem7/fix,/novatel/oem7/fix,/novatel/oem7/inspva,39.663,-75.756,-1.800303878,0.004427813,0.000774044,0.001036726,-0.004304733,0.000774044,,0,
1786043846708673889,1786043846.706291035,/novatel/oem7/odom,/novatel/oem7/fix,/novatel/oem7/odom,39.663,-75.756,-1.800303878,0.004430021,0.000761308,-0.004248506,0.001255100,0.000761308,,,
1786043846710135161,1786043846.709147446,/novatel/oem7/bestpos,/novatel/oem7/bestpos,/novatel/oem7/odom,39.663,-75.756,33.182006941,0.004430021,0.000761308,-0.004248506,0.001255100,0.000761308,,novatel_oem7_msgs.msg.SolutionStatus(status=0),novatel_oem7_msgs.msg.PositionOrVelocityType(type=53)
1786043846711053884,1786043846.709484428,/novatel/oem7/bestvel,/novatel/oem7/bestpos,/novatel/oem7/bestvel,39.663,-75.756,33.182006941,0.004537184,0.000800925,,,,283.776073907,novatel_oem7_msgs.msg.SolutionStatus(status=0),novatel_oem7_msgs.msg.PositionOrVelocityType(type=53)
1786043846716751808,1786043846.715870902,/novatel/oem7/odom,/novatel/oem7/bestpos,/novatel/oem7/odom,39.663,-75.756,33.182006941,0.004430021,0.000761308,-0.004248506,0.001255100,0.000761308,,,
1786043846726658126,1786043846.725724293,/novatel/oem7/inspva,/novatel/oem7/inspva,/novatel/oem7/inspva,39.663,-75.756,-1.800294862,0.004878333,0.000845920,0.000913673,-0.004792008,0.000845920,,novatel_oem7_msgs.msg.InertialSolutionStatus(status=3),
1786043846728869194,1786043846.726020869,/novatel/oem7/fix,/novatel/oem7/fix,/novatel/oem7/inspva,39.663,-75.756,-1.800294862,0.004878333,0.000845920,0.000913673,-0.004792008,0.000845920,,0,
1786043846730493041,1786043846.726870914,/novatel/oem7/odom,/novatel/oem7/fix,/novatel/oem7/odom,39.663,-75.756,-1.800294862,0.004880902,0.000830971,-0.004741763,0.001157104,0.000830971,,,
1786043846736010484,1786043846.734937674,/novatel/oem7/odom,/novatel/oem7/fix,/novatel/oem7/odom,39.663,-75.756,-1.800294862,0.004880902,0.000830971,-0.004741763,0.001157104,0.000830971,,,
1786043846747019039,1786043846.746079139,/novatel/oem7/inspva,/novatel/oem7/inspva,/novatel/oem7/inspva,39.663,-75.756,-1.800290802,0.004595666,0.000669467,0.001019284,-0.004481206,0.000669467,,novatel_oem7_msgs.msg.InertialSolutionStatus(status=3),
1786043846748765066,1786043846.746295401,/novatel/oem7/fix,/novatel/oem7/fix,/novatel/oem7/inspva,39.663,-75.756,-1.800290802,0.004595666,0.000669467,0.001019284,-0.004481206,0.000669467,,0,
1786043846749984746,1786043846.746772946,/novatel/oem7/odom,/novatel/oem7/fix,/novatel/oem7/odom,39.663,-75.756,-1.800290802,0.004597610,0.000655979,-0.004425252,0.001247062,0.000655979,,,
1786043846757490375,1786043846.756179727,/novatel/oem7/odom,/novatel/oem7/fix,/novatel/oem7/odom,39.663,-75.756,-1.800290802,0.004597610,0.000655979,-0.004425252,0.001247062,0.000655979,,,
1786043846766280158,1786043846.765290034,/novatel/oem7/inspva,/novatel/oem7/inspva,/novatel/oem7/inspva,39.663,-75.756,-1.800279181,0.004586426,0.001008646,0.001434461,-0.004356332,0.001008646,,novatel_oem7_msgs.msg.InertialSolutionStatus(status=3),
1786043846768635995,1786043846.765624431,/novatel/oem7/fix,/novatel/oem7/fix,/novatel/oem7/inspva,39.663,-75.756,-1.800279181,0.004586426,0.001008646,0.001434461,-0.004356332,0.001008646,,0,
1786043846770347689,1786043846.766199273,/novatel/oem7/odom,/novatel/oem7/fix,/novatel/oem7/odom,39.663,-75.756,-1.800279181,0.004589012,0.000996819,-0.004280442,0.001654340,0.000996819,,,
1786043846776370314,1786043846.775576429,/novatel/oem7/odom,/novatel/oem7/fix,/novatel/oem7/odom,39.663,-75.756,-1.800279181,0.004589012,0.000996819,-0.004280442,0.001654340,0.000996819,,,
1786043846786519697,1786043846.785415432,/novatel/oem7/inspva,/novatel/oem7/inspva,/novatel/oem7/inspva,39.663,-75.756,-1.800276164,0.004516498,0.000724533,0.001190735,-0.004356708,0.000724533,,novatel_oem7_msgs.msg.InertialSolutionStatus(status=3),
1786043846788694682,1786043846.785765596,/novatel/oem7/fix,/novatel/oem7/fix,/novatel/oem7/inspva,39.663,-75.756,-1.800276164,0.004516498,0.000724533,0.001190735,-0.004356708,0.000724533,,0,
1786043846790416786,1786043846.786785682,/novatel/oem7/odom,/novatel/oem7/fix,/novatel/oem7/odom,39.663,-75.756,-1.800276164,0.004518496,0.000711966,-0.004292282,0.001411780,0.000711966,,,
1786043846795407110,1786043846.794496808,/novatel/oem7/odom,/novatel/oem7/fix,/novatel/oem7/odom,39.663,-75.756,-1.800276164,0.004518496,0.000711966,-0.004292282,0.001411780,0.000711966,,,
1786043846806273440,1786043846.805640191,/novatel/oem7/inspva,/novatel/oem7/inspva,/novatel/oem7/inspva,39.663,-75.756,-1.800266890,0.004133251,0.000749510,0.001151523,-0.003969604,0.000749510,,novatel_oem7_msgs.msg.InertialSolutionStatus(status=3),
1786043846807937194,1786043846.805847176,/novatel/oem7/fix,/novatel/oem7/fix,/novatel/oem7/inspva,39.663,-75.756,-1.800266890,0.004133251,0.000749510,0.001151523,-0.003969604,0.000749510,,0,
1786043846809164290,1786043846.806684488,/novatel/oem7/odom,/novatel/oem7/fix,/novatel/oem7/odom,39.663,-75.756,-1.800266890,0.004135281,0.000738228,-0.003907812,0.001352610,0.000738228,,,
1786043846811014955,1786043846.810169033,/novatel/oem7/bestpos,/novatel/oem7/bestpos,/novatel/oem7/odom,39.663,-75.756,33.182044226,0.004135281,0.000738228,-0.003907812,0.001352610,0.000738228,,novatel_oem7_msgs.msg.SolutionStatus(status=0),novatel_oem7_msgs.msg.PositionOrVelocityType(type=53)
1786043846812597761,1786043846.810651711,/novatel/oem7/bestvel,/novatel/oem7/bestpos,/novatel/oem7/bestvel,39.663,-75.756,33.182044226,0.004044259,0.000832240,,,,283.891140802,novatel_oem7_msgs.msg.SolutionStatus(status=0),novatel_oem7_msgs.msg.PositionOrVelocityType(type=53)
1786043846816444853,1786043846.815522178,/novatel/oem7/odom,/novatel/oem7/bestpos,/novatel/oem7/odom,39.663,-75.756,33.182044226,0.004135281,0.000738228,-0.003907812,0.001352610,0.000738228,,,
1786043846826538350,1786043846.825312052,/novatel/oem7/inspva,/novatel/oem7/inspva,/novatel/oem7/inspva,39.663,-75.756,-1.800262279,0.004080070,0.000766305,0.001066038,-0.003938342,0.000766305,,novatel_oem7_msgs.msg.InertialSolutionStatus(status=3),
1786043846828338624,1786043846.826897846,/novatel/oem7/fix,/novatel/oem7/fix,/novatel/oem7/inspva,39.663,-75.756,-1.800262279,0.004080070,0.000766305,0.001066038,-0.003938342,0.000766305,,0,
1786043846830723175,1786043846.827838496,/novatel/oem7/odom,/novatel/oem7/fix,/novatel/oem7/odom,39.663,-75.756,-1.800262279,0.004082192,0.000754924,-0.003881059,0.001265570,0.000754924,,,
1786043846836354822,1786043846.835691309,/novatel/oem7/odom,/novatel/oem7/fix,/novatel/oem7/odom,39.663,-75.756,-1.800262279,0.004082192,0.000754924,-0.003881059,0.001265570,0.000754924,,,
1786043846847714675,1786043846.846539346,/novatel/oem7/inspva,/novatel/oem7/inspva,/novatel/oem7/inspva,39.663,-75.756,-1.800254798,0.004257157,0.000824867,0.001256464,-0.004067516,0.000824867,,novatel_oem7_msgs.msg.InertialSolutionStatus(status=3),
1786043846850025951,1786043846.846843020,/novatel/oem7/fix,/novatel/oem7/fix,/novatel/oem7/inspva,39.663,-75.756,-1.800254798,0.004257157,0.000824867,0.001256464,-0.004067516,0.000824867,,0,
1786043846851545710,1786043846.847706528,/novatel/oem7/odom,/novatel/oem7/fix,/novatel/oem7/odom,39.663,-75.756,-1.800254798,0.004259337,0.000813537,-0.004000479,0.001462229,0.000813537,,,
1786043846857449873,1786043846.856481044,/novatel/oem7/odom,/novatel/oem7/fix,/novatel/oem7/odom,39.663,-75.756,-1.800254798,0.004259337,0.000813537,-0.004000479,0.001462229,0.000813537,,,
1786043846865355299,1786043846.864990296,/novatel/oem7/inspva,/novatel/oem7/inspva,/novatel/oem7/inspva,39.663,-75.756,-1.800251090,0.003918599,0.000666570,0.000952255,-0.003801135,0.000666570,,novatel_oem7_msgs.msg.InertialSolutionStatus(status=3),
1786043846866900715,1786043846.865239053,/novatel/oem7/fix,/novatel/oem7/fix,/novatel/oem7/inspva,39.663,-75.756,-1.800251090,0.003918599,0.000666570,0.000952255,-0.003801135,0.000666570,,0,
1786043846867666255,1786043846.865935686,/novatel/oem7/odom,/novatel/oem7/fix,/novatel/oem7/odom,39.663,-75.756,-1.800251090,0.003920493,0.000655341,-0.003749520,0.001145149,0.000655341,,,
1786043846875885575,1786043846.875383659,/novatel/oem7/odom,/novatel/oem7/fix,/novatel/oem7/odom,39.663,-75.756,-1.800251090,0.003920493,0.000655341,-0.003749520,0.001145149,0.000655341,,,
1786043846885993962,1786043846.885300416,/novatel/oem7/inspva,/novatel/oem7/inspva,/novatel/oem7/inspva,39.663,-75.756,-1.800240451,0.004097780,0.000992797,0.001391216,-0.003854389,0.000992797,,novatel_oem7_msgs.msg.InertialSolutionStatus(status=3),
1786043846887024756,1786043846.885647703,/novatel/oem7/fix,/novatel/oem7/fix,/novatel/oem7/inspva,39.663,-75.756,-1.800240451,0.004097780,0.000992797,0.001391216,-0.003854389,0.000992797,,0,
1786043846887694299,1786043846.886415734,/novatel/oem7/odom,/novatel/oem7/fix,/novatel/oem7/odom,39.663,-75.756,-1.800240451,0.004100224,0.000982652,-0.003781328,0.001585371,0.000982652,,,
1786043846895220251,1786043846.894824209,/novatel/oem7/odom,/novatel/oem7/fix,/novatel/oem7/odom,39.663,-75.756,-1.800240451,0.004100224,0.000982652,-0.003781328,0.001585371,0.000982652,,,
1786043846906244210,1786043846.905960199,/novatel/oem7/inspva,/novatel/oem7/inspva,/novatel/oem7/inspva,39.663,-75.756,-1.800236051,0.003939889,0.000811800,0.000968334,-0.003819038,0.000811800,,novatel_oem7_msgs.msg.InertialSolutionStatus(status=3),
1786043846906773549,1786043846.906146591,/novatel/oem7/fix,/novatel/oem7/fix,/novatel/oem7/inspva,39.663,-75.756,-1.800236051,0.003939889,0.000811800,0.000968334,-0.003819038,0.000811800,,0,
1786043846907413696,1786043846.906619619,/novatel/oem7/odom,/novatel/oem7/fix,/novatel/oem7/odom,39.663,-75.756,-1.800236051,0.003942199,0.000800506,-0.003767131,0.001161748,0.000800506,,,
1786043846910676227,1786043846.909354783,/novatel/oem7/bestpos,/novatel/oem7/bestpos,/novatel/oem7/odom,39.663,-75.756,33.182074963,0.003942199,0.000800506,-0.003767131,0.001161748,0.000800506,,novatel_oem7_msgs.msg.SolutionStatus(status=0),novatel_oem7_msgs.msg.PositionOrVelocityType(type=53)
1786043846913327937,1786043846.910128384,/novatel/oem7/bestvel,/novatel/oem7/bestpos,/novatel/oem7/bestvel,39.663,-75.756,33.182074963,0.003634849,0.000752707,,,,283.102484512,novatel_oem7_msgs.msg.SolutionStatus(status=0),novatel_oem7_msgs.msg.PositionOrVelocityType(type=53)
1786043846915838376,1786043846.914428575,/novatel/oem7/odom,/novatel/oem7/bestpos,/novatel/oem7/odom,39.663,-75.756,33.182074963,0.003942199,0.000800506,-0.003767131,0.001161748,0.000800506,,,
1786043846925739350,1786043846.924986112,/novatel/oem7/inspva,/novatel/oem7/inspva,/novatel/oem7/inspva,39.663,-75.756,-1.800225705,0.003596868,0.001021225,0.001280598,-0.003361180,0.001021225,,novatel_oem7_msgs.msg.InertialSolutionStatus(status=3),
1786043846927413537,1786043846.925265765,/novatel/oem7/fix,/novatel/oem7/fix,/novatel/oem7/inspva,39.663,-75.756,-1.800225705,0.003596868,0.001021225,0.001280598,-0.003361180,0.001021225,,0,
1786043846928707650,1786043846.925680026,/novatel/oem7/odom,/novatel/oem7/fix,/novatel/oem7/odom,39.663,-75.756,-1.800225705,0.003599326,0.001012529,-0.003294581,0.001449441,0.001012529,,,
1786043846935958987,1786043846.935329314,/novatel/oem7/odom,/novatel/oem7/fix,/novatel/oem7/odom,39.663,-75.756,-1.800225705,0.003599326,0.001012529,-0.003294581,0.001449441,0.001012529,,,
1786043846947255775,1786043846.946110340,/novatel/oem7/inspva,/novatel/oem7/inspva,/novatel/oem7/inspva,39.663,-75.756,-1.800220183,0.003633294,0.001063440,0.000678670,-0.003569346,0.001063440,,novatel_oem7_msgs.msg.InertialSolutionStatus(status=3),
1786043846949204851,1786043846.946365572,/novatel/oem7/fix,/novatel/oem7/fix,/novatel/oem7/inspva,39.663,-75.756,-1.800220183,0.003633294,0.001063440,0.000678670,-0.003569346,0.001063440,,0,
1786043846950781464,1786043846.946972412,/novatel/oem7/odom,/novatel/oem7/fix,/novatel/oem7/odom,39.663,-75.756,-1.800220183,0.003636584,0.001052134,-0.003533686,0.000858957,0.001052134,,,
1786043846956741818,1786043846.955813545,/novatel/oem7/odom,/novatel/oem7/fix,/novatel/oem7/odom,39.663,-75.756,-1.800220183,0.003636584,0.001052134,-0.003533686,0.000858957,0.001052134,,,
1786043846967270114,1786043846.966529044,/novatel/oem7/inspva,/novatel/oem7/inspva,/novatel/oem7/inspva,39.663,-75.756,-1.800211275,0.003662583,0.000846576,0.001003992,-0.003522288,0.000846576,,novatel_oem7_msgs.msg.InertialSolutionStatus(status=3),
1786043846969122360,1786043846.966803923,/novatel/oem7/fix,/novatel/oem7/fix,/novatel/oem7/inspva,39.663,-75.756,-1.800211275,0.003662583,0.000846576,0.001003992,-0.003522288,0.000846576,,0,
1786043846970162691,1786043846.967395546,/novatel/oem7/odom,/novatel/oem7/fix,/novatel/oem7/odom,39.663,-75.756,-1.800211275,0.003664917,0.000836413,-0.003469070,0.001182021,0.000836413,,,
1786043846974902069,1786043846.974580039,/novatel/oem7/odom,/novatel/oem7/fix,/novatel/oem7/odom,39.663,-75.756,-1.800211275,0.003664917,0.000836413,-0.003469070,0.001182021,0.000836413,,,
1786043846985848278,1786043846.985122066,/novatel/oem7/inspva,/novatel/oem7/inspva,/novatel/oem7/inspva,39.663,-75.756,-1.800205193,0.003728518,0.000991064,0.000812039,-0.003639016,0.000991064,,novatel_oem7_msgs.msg.InertialSolutionStatus(status=3),
1786043846986924821,1786043846.985431913,/novatel/oem7/fix,/novatel/oem7/fix,/novatel/oem7/inspva,39.663,-75.756,-1.800205193,0.003728518,0.000991064,0.000812039,-0.003639016,0.000991064,,0,
1786043846987595854,1786043846.985996441,/novatel/oem7/odom,/novatel/oem7/fix,/novatel/oem7/odom,39.663,-75.756,-1.800205193,0.003731471,0.000979886,-0.003596101,0.000995958,0.000979886,,,
1786043846995809799,1786043846.995395087,/novatel/oem7/odom,/novatel/oem7/fix,/novatel/oem7/odom,39.663,-75.756,-1.800205193,0.003731471,0.000979886,-0.003596101,0.000995958,0.000979886,,,
1786043847010164282,1786043847.009602891,/novatel/oem7/inspva,/novatel/oem7/inspva,/novatel/oem7/inspva,39.663,-75.756,-1.800198846,0.003683157,0.000664777,0.001038098,-0.003533837,0.000664777,,novatel_oem7_msgs.msg.InertialSolutionStatus(status=3),
1786043847010968286,1786043847.009830607,/novatel/oem7/fix,/novatel/oem7/fix,/novatel/oem7/inspva,39.663,-75.756,-1.800198846,0.003683157,0.000664777,0.001038098,-0.003533837,0.000664777,,0,
1786043847011706125,1786043847.011189334,/novatel/oem7/odom,/novatel/oem7/fix,/novatel/oem7/odom,39.663,-75.756,-1.800198846,0.003684968,0.000654665,-0.003478143,0.001217174,0.000654665,,,
1786043847015964515,1786043847.015405377,/novatel/oem7/odom,/novatel/oem7/fix,/novatel/oem7/odom,39.663,-75.756,-1.800198846,0.003684968,0.000654665,-0.003478143,0.001217174,0.000654665,,,
1786043847024440593,1786043847.023957790,/novatel/oem7/bestpos,/novatel/oem7/bestpos,/novatel/oem7/odom,39.663,-75.756,33.182116402,0.003684968,0.000654665,-0.003478143,0.001217174,0.000654665,,novatel_oem7_msgs.msg.SolutionStatus(status=0),novatel_oem7_msgs.msg.PositionOrVelocityType(type=53)
1786043847025470824,1786043847.024988247,/novatel/oem7/bestvel,/novatel/oem7/bestpos,/novatel/oem7/bestvel,39.663,-75.756,33.182116402,0.003717730,0.000762773,,,,284.456449367,novatel_oem7_msgs.msg.SolutionStatus(status=0),novatel_oem7_msgs.msg.PositionOrVelocityType(type=53)
1786043847026819224,1786043847.026464799,/novatel/oem7/inspva,/novatel/oem7/inspva,/novatel/oem7/inspva,39.663,-75.756,-1.800193397,0.003774067,0.000799849,0.000680728,-0.003712168,0.000799849,,novatel_oem7_msgs.msg.InertialSolutionStatus(status=3),
1786043847027580102,1786043847.026679791,/novatel/oem7/fix,/novatel/oem7/fix,/novatel/oem7/inspva,39.663,-75.756,-1.800193397,0.003774067,0.000799849,0.000680728,-0.003712168,0.000799849,,0,
1786043847028101285,1786043847.027266497,/novatel/oem7/odom,/novatel/oem7/fix,/novatel/oem7/odom,39.663,-75.756,-1.800193397,0.003776563,0.000787982,-0.003675196,0.000869114,0.000787982,,,
1786043847034752713,1786043847.034434030,/novatel/oem7/odom,/novatel/oem7/fix,/novatel/oem7/odom,39.663,-75.756,-1.800193397,0.003776563,0.000787982,-0.003675196,0.000869114,0.000787982,,,
1786043847046365493,1786043847.045245866,/novatel/oem7/inspva,/novatel/oem7/inspva,/novatel/oem7/inspva,39.663,-75.756,-1.800201220,0.003380472,0.000905835,0.000590564,-0.003328487,0.000905835,,novatel_oem7_msgs.msg.InertialSolutionStatus(status=3),
1786043847047316941,1786043847.045665380,/novatel/oem7/fix,/novatel/oem7/fix,/novatel/oem7/inspva,39.663,-75.756,-1.800201220,0.003380472,0.000905835,0.000590564,-0.003328487,0.000905835,,0,
1786043847047972365,1786043847.046094662,/novatel/oem7/odom,/novatel/oem7/fix,/novatel/oem7/odom,39.663,-75.756,-1.800201220,0.003776560,0.000787995,-0.003675195,0.000869109,0.000787995,,,
1786043847056968620,1786043847.056504634,/novatel/oem7/odom,/novatel/oem7/fix,/novatel/oem7/odom,39.663,-75.756,-1.800201220,0.003383318,0.000895146,-0.003297087,0.000758987,0.000895146,,,
1786043847065401303,1786043847.064995134,/novatel/oem7/inspva,/novatel/oem7/inspva,/novatel/oem7/inspva,39.663,-75.756,-1.800212181,0.003638840,0.000854850,0.000593072,-0.003590184,0.000854850,,novatel_oem7_msgs.msg.InertialSolutionStatus(status=3),
1786043847066145012,1786043847.065222476,/novatel/oem7/fix,/novatel/oem7/fix,/novatel/oem7/inspva,39.663,-75.756,-1.800212181,0.003638840,0.000854850,0.000593072,-0.003590184,0.000854850,,0,
1786043847066743557,1786043847.065742281,/novatel/oem7/odom,/novatel/oem7/fix,/novatel/oem7/odom,39.663,-75.756,-1.800212181,0.003641575,0.000843123,-0.003558115,0.000775170,0.000843123,,,
1786043847075293072,1786043847.074573468,/novatel/oem7/odom,/novatel/oem7/fix,/novatel/oem7/odom,39.663,-75.756,-1.800212181,0.003641575,0.000843123,-0.003558115,0.000775170,0.000843123,,,
1786043847086934602,1786043847.086597213,/novatel/oem7/inspva,/novatel/oem7/inspva,/novatel/oem7/inspva,39.663,-75.756,-1.800222098,0.003736165,0.000467366,0.000864966,-0.003634661,0.000467366,,novatel_oem7_msgs.msg.InertialSolutionStatus(status=3),
1786043847087561886,1786043847.086785108,/novatel/oem7/fix,/novatel/oem7/fix,/novatel/oem7/inspva,39.663,-75.756,-1.800222098,0.003736165,0.000467366,0.000864966,-0.003634661,0.000467366,,0,
1786043847087960495,1786043847.087315693,/novatel/oem7/odom,/novatel/oem7/fix,/novatel/oem7/odom,39.663,-75.756,-1.800222098,0.003737525,0.000456356,-0.003586998,0.001050019,0.000456356,,,
1786043847095079932,1786043847.094675888,/novatel/oem7/odom,/novatel/oem7/fix,/novatel/oem7/odom,39.663,-75.756,-1.800222098,0.003737525,0.000456356,-0.003586998,0.001050019,0.000456356,,,
1786043847107759854,1786043847.105807125,/novatel/oem7/inspva,/novatel/oem7/inspva,/novatel/oem7/inspva,39.663,-75.756,-1.800231489,0.003725422,0.000647480,0.000661543,-0.003666215,0.000647480,,novatel_oem7_msgs.msg.InertialSolutionStatus(status=3),
1786043847109495668,1786043847.106071411,/novatel/oem7/fix,/novatel/oem7/fix,/novatel/oem7/inspva,39.663,-75.756,-1.800231489,0.003725422,0.000647480,0.000661543,-0.003666215,0.000647480,,0,
1786043847110962237,1786043847.107080044,/novatel/oem7/odom,/novatel/oem7/fix,/novatel/oem7/odom,39.663,-75.756,-1.800231489,0.003727447,0.000635716,-0.003629692,0.000848057,0.000635716,,,
1786043847112946343,1786043847.110246140,/novatel/oem7/bestpos,/novatel/oem7/bestpos,/novatel/oem7/odom,39.663,-75.756,33.182058985,0.003727447,0.000635716,-0.003629692,0.000848057,0.000635716,,novatel_oem7_msgs.msg.SolutionStatus(status=0),novatel_oem7_msgs.msg.PositionOrVelocityType(type=53)
1786043847114133799,1786043847.110829926,/novatel/oem7/bestvel,/novatel/oem7/bestpos,/novatel/oem7/bestvel,39.663,-75.756,33.182058985,0.003735253,0.000612589,,,,281.121553066,novatel_oem7_msgs.msg.SolutionStatus(status=0),novatel_oem7_msgs.msg.PositionOrVelocityType(type=53)
1786043847116595557,1786043847.115470079,/novatel/oem7/odom,/novatel/oem7/bestpos,/novatel/oem7/odom,39.663,-75.756,33.182058985,0.003727447,0.000635716,-0.003629692,0.000848057,0.000635716,,,
1786043847125898009,1786043847.125176278,/novatel/oem7/inspva,/novatel/oem7/inspva,/novatel/oem7/inspva,39.663,-75.756,-1.800238623,0.003825168,0.000772809,0.001189754,-0.003635436,0.000772809,,novatel_oem7_msgs.msg.InertialSolutionStatus(status=3),
1786043847127606336,1786043847.125416550,/novatel/oem7/fix,/novatel/oem7/fix,/novatel/oem7/inspva,39.663,-75.756,-1.800238623,0.003825168,0.000772809,0.001189754,-0.003635436,0.000772809,,0,
1786043847128900422,1786043847.125936402,/novatel/oem7/odom,/novatel/oem7/fix,/novatel/oem7/odom,39.663,-75.756,-1.800238623,0.003827196,0.000762700,-0.003572202,0.001373610,0.000762700,,,
1786043847135539370,1786043847.134895370,/novatel/oem7/odom,/novatel/oem7/fix,/novatel/oem7/odom,39.663,-75.756,-1.800238623,0.003827196,0.000762700,-0.003572202,0.001373610,0.000762700,,,
1786043847146181058,1786043847.145352689,/novatel/oem7/inspva,/novatel/oem7/inspva,/novatel/oem7/inspva,39.663,-75.756,-1.800254366,0.003746610,0.000535456,0.000994132,-0.003612310,0.000535456,,novatel_oem7_msgs.msg.InertialSolutionStatus(status=3),
1786043847147936053,1786043847.145658936,/novatel/oem7/fix,/novatel/oem7/fix,/novatel/oem7/inspva,39.663,-75.756,-1.800254366,0.003746610,0.000535456,0.000994132,-0.003612310,0.000535456,,0,
1786043847148683516,1786043847.146530408,/novatel/oem7/odom,/novatel/oem7/fix,/novatel/oem7/odom,39.663,-75.756,-1.800254366,0.003748112,0.000524834,-0.003558264,0.001177753,0.000524834,,,
1786043847156234368,1786043847.155859273,/novatel/oem7/odom,/novatel/oem7/fix,/novatel/oem7/odom,39.663,-75.756,-1.800254366,0.003748112,0.000524834,-0.003558264,0.001177753,0.000524834,,,
1786043847165712919,1786043847.165061866,/novatel/oem7/inspva,/novatel/oem7/inspva,/novatel/oem7/inspva,39.663,-75.756,-1.800266545,0.003417145,0.000406065,0.000900324,-0.003296407,0.000406065,,novatel_oem7_msgs.msg.InertialSolutionStatus(status=3),
1786043847167069890,1786043847.165204611,/novatel/oem7/fix,/novatel/oem7/fix,/novatel/oem7/inspva,39.663,-75.756,-1.800266545,0.003417145,0.000406065,0.000900324,-0.003296407,0.000406065,,0,
1786043847168135777,1786043847.165532331,/novatel/oem7/odom,/novatel/oem7/fix,/novatel/oem7/odom,39.663,-75.756,-1.800266545,0.003418282,0.000396379,-0.003247104,0.001068160,0.000396379,,,
1786043847176519386,1786043847.175460898,/novatel/oem7/odom,/novatel/oem7/fix,/novatel/oem7/odom,39.663,-75.756,-1.800266545,0.003418282,0.000396379,-0.003247104,0.001068160,0.000396379,,,
1786043847186115170,1786043847.185078000,/novatel/oem7/inspva,/novatel/oem7/inspva,/novatel/oem7/inspva,39.663,-75.756,-1.800281286,0.003474435,0.000541842,0.000950600,-0.003341864,0.000541842,,novatel_oem7_msgs.msg.InertialSolutionStatus(status=3),
1786043847187916448,1786043847.185334185,/novatel/oem7/fix,/novatel/oem7/fix,/novatel/oem7/inspva,39.663,-75.756,-1.800281286,0.003474435,0.000541842,0.000950600,-0.003341864,0.000541842,,0,
1786043847189243365,1786043847.186174154,/novatel/oem7/odom,/novatel/oem7/fix,/novatel/oem7/odom,39.663,-75.756,-1.800281286,0.003475935,0.000532129,-0.003290447,0.001120308,0.000532129,,,
1786043847195523752,1786043847.194678503,/novatel/oem7/odom,/novatel/oem7/fix,/novatel/oem7/odom,39.663,-75.756,-1.800281286,0.003475935,0.000532129,-0.003290447,0.001120308,0.000532129,,,
1786043847207391396,1786043847.206587731,/novatel/oem7/inspva,/novatel/oem7/inspva,/novatel/oem7/inspva,39.663,-75.756,-1.800295369,0.003871703,0.000180985,0.000937203,-0.003756559,0.000180985,,novatel_oem7_msgs.msg.InertialSolutionStatus(status=3),
1786043847209035806,1786043847.206777336,/novatel/oem7/fix,/novatel/oem7/fix,/novatel/oem7/inspva,39.663,-75.756,-1.800295369,0.003871703,0.000180985,0.000937203,-0.003756559,0.000180985,,0,
1786043847210456577,1786043847.207368306,/novatel/oem7/odom,/novatel/oem7/fix,/novatel/oem7/odom,39.663,-75.756,-1.800295369,0.003872215,0.000169680,-0.003703871,0.001129332,0.000169680,,,
1786043847212706276,1786043847.210280162,/novatel/oem7/bestpos,/novatel/oem7/bestpos,/novatel/oem7/odom,39.663,-75.756,33.182004183,0.003872215,0.000169680,-0.003703871,0.001129332,0.000169680,,novatel_oem7_msgs.msg.SolutionStatus(status=0),novatel_oem7_msgs.msg.PositionOrVelocityType(type=53)
1786043847214152111,1786043847.210701826,/novatel/oem7/bestvel,/novatel/oem7/bestpos,/novatel/oem7/bestvel,39.663,-75.756,33.182004183,0.003987024,0.000326183,,,,281.817070906,novatel_oem7_msgs.msg.SolutionStatus(status=0),novatel_oem7_msgs.msg.PositionOrVelocityType(type=53)
1786043847216127800,1786043847.214742634,/novatel/oem7/odom,/novatel/oem7/bestpos,/novatel/oem7/odom,39.663,-75.756,33.182004183,0.003872215,0.000169680,-0.003703871,0.001129332,0.000169680,,,
1786043847225914787,1786043847.225116862,/novatel/oem7/inspva,/novatel/oem7/inspva,/novatel/oem7/inspva,39.663,-75.756,-1.800311216,0.003822326,0.000055506,0.000921407,-0.003709607,0.000055506,,novatel_oem7_msgs.msg.InertialSolutionStatus(status=3),
1786043847227820647,1786043847.225313414,/novatel/oem7/fix,/novatel/oem7/fix,/novatel/oem7/inspva,39.663,-75.756,-1.800311216,0.003822326,0.000055506,0.000921407,-0.003709607,0.000055506,,0,
1786043847229221091,1786043847.225758182,/novatel/oem7/odom,/novatel/oem7/fix,/novatel/oem7/odom,39.663,-75.756,-1.800311216,0.003822471,0.000044371,-0.003657310,0.001111472,0.000044371,,,
1786043847236374427,1786043847.235641279,/novatel/oem7/odom,/novatel/oem7/fix,/novatel/oem7/odom,39.663,-75.756,-1.800311216,0.003822471,0.000044371,-0.003657310,0.001111472,0.000044371,,,
1786043847246766452,1786043847.245519226,/novatel/oem7/inspva,/novatel/oem7/inspva,/novatel/oem7/inspva,39.663,-75.756,-1.800323269,0.003684809,0.000370750,0.001069782,-0.003526101,0.000370750,,novatel_oem7_msgs.msg.InertialSolutionStatus(status=3),
1786043847248843463,1786043847.245829283,/novatel/oem7/fix,/novatel/oem7/fix,/novatel/oem7/inspva,39.663,-75.756,-1.800323269,0.003684809,0.000370750,0.001069782,-0.003526101,0.000370750,,0,
1786043847250217337,1786043847.246459443,/novatel/oem7/odom,/novatel/oem7/fix,/novatel/oem7/odom,39.663,-75.756,-1.800323269,0.003685805,0.000360716,-0.003467610,0.001249335,0.000360716,,,
1786043847257070317,1786043847.256193491,/novatel/oem7/odom,/novatel/oem7/fix,/novatel/oem7/odom,39.663,-75.756,-1.800323269,0.003685805,0.000360716,-0.003467610,0.001249335,0.000360716,,,
1786043847265981037,1786043847.265292170,/novatel/oem7/inspva,/novatel/oem7/inspva,/novatel/oem7/inspva,39.663,-75.756,-1.800341437,0.003772364,0.000347117,0.001204040,-0.003575055,0.000347117,,novatel_oem7_msgs.msg.InertialSolutionStatus(status=3),
1786043847267364001,1786043847.265448842,/novatel/oem7/fix,/novatel/oem7/fix,/novatel/oem7/inspva,39.663,-75.756,-1.800341437,0.003772364,0.000347117,0.001204040,-0.003575055,0.000347117,,0,
1786043847268383605,1786043847.265905066,/novatel/oem7/odom,/novatel/oem7/fix,/novatel/oem7/odom,39.663,-75.756,-1.800341437,0.003773257,0.000337277,-0.003509472,0.001386028,0.000337277,,,
1786043847275605545,1786043847.274750246,/novatel/oem7/odom,/novatel/oem7/fix,/novatel/oem7/odom,39.663,-75.756,-1.800341437,0.003773257,0.000337277,-0.003509472,0.001386028,0.000337277,,,
1786043847286316490,1786043847.285328320,/novatel/oem7/inspva,/novatel/oem7/inspva,/novatel/oem7/inspva,39.663,-75.756,-1.800357790,0.003708128,-0.000118256,0.000990628,-0.003573356,-0.000118256,,novatel_oem7_msgs.msg.InertialSolutionStatus(status=3),
1786043847288296861,1786043847.285616396,/novatel/oem7/fix,/novatel/oem7/fix,/novatel/oem7/inspva,39.663,-75.756,-1.800357790,0.003708128,-0.000118256,0.000990628,-0.003573356,-0.000118256,,0,
1786043847289833546,1786043847.286400558,/novatel/oem7/odom,/novatel/oem7/fix,/novatel/oem7/odom,39.663,-75.756,-1.800357790,0.003707782,-0.000128672,-0.003516991,0.001174062,-0.000128672,,,
1786043847296300915,1786043847.295474870,/novatel/oem7/odom,/novatel/oem7/fix,/novatel/oem7/odom,39.663,-75.756,-1.800357790,0.003707782,-0.000128672,-0.003516991,0.001174062,-0.000128672,,,
1786043847306668504,1786043847.306055568,/novatel/oem7/inspva,/novatel/oem7/inspva,/novatel/oem7/inspva,39.663,-75.756,-1.800373850,0.003688468,-0.000003422,0.001290441,-0.003455366,-0.000003422,,novatel_oem7_msgs.msg.InertialSolutionStatus(status=3),
1786043847308059444,1786043847.306212922,/novatel/oem7/fix,/novatel/oem7/fix,/novatel/oem7/inspva,39.663,-75.756,-1.800373850,0.003688468,-0.000003422,0.001290441,-0.003455366,-0.000003422,,0,
1786043847309109705,1786043847.306588649,/novatel/oem7/odom,/novatel/oem7/fix,/novatel/oem7/odom,39.663,-75.756,-1.800373850,0.003688448,-0.000012544,-0.003384116,0.001467108,-0.000012544,,,
1786043847310616654,1786043847.309547273,/novatel/oem7/bestpos,/novatel/oem7/bestpos,/novatel/oem7/odom,39.663,-75.756,33.181937682,0.003688448,-0.000012544,-0.003384116,0.001467108,-0.000012544,,novatel_oem7_msgs.msg.SolutionStatus(status=0),novatel_oem7_msgs.msg.PositionOrVelocityType(type=53)
1786043847311972678,1786043847.310466683,/novatel/oem7/bestvel,/novatel/oem7/bestpos,/novatel/oem7/bestvel,39.663,-75.756,33.181937682,0.004143394,0.000080342,,,,291.284106105,novatel_oem7_msgs.msg.SolutionStatus(status=0),novatel_oem7_msgs.msg.PositionOrVelocityType(type=53)
1786043847315228557,1786043847.314481983,/novatel/oem7/odom,/novatel/oem7/bestpos,/novatel/oem7/odom,39.663,-75.756,33.181937682,0.003688448,-0.000012544,-0.003384116,0.001467108,-0.000012544,,,
1786043847327628890,1786043847.327104191,/novatel/oem7/inspva,/novatel/oem7/inspva,/novatel/oem7/inspva,39.663,-75.756,-1.800385647,0.003495630,0.000313271,0.000812446,-0.003399906,0.000313271,,novatel_oem7_msgs.msg.InertialSolutionStatus(status=3),
1786043847328883136,1786043847.327265689,/novatel/oem7/fix,/novatel/oem7/fix,/novatel/oem7/inspva,39.663,-75.756,-1.800385647,0.003495630,0.000313271,0.000812446,-0.003399906,0.000313271,,0,
1786043847329917276,1786043847.327742378,/novatel/oem7/odom,/novatel/oem7/fix,/novatel/oem7/odom,39.663,-75.756,-1.800385647,0.003496543,0.000302921,-0.003354626,0.000986051,0.000302921,,,
1786043847335612278,1786043847.334758569,/novatel/oem7/odom,/novatel/oem7/fix,/novatel/oem7/odom,39.663,-75.756,-1.800385647,0.003496543,0.000302921,-0.003354626,0.000986051,0.000302921,,,
1786043847346037867,1786043847.345159541,/novatel/oem7/inspva,/novatel/oem7/inspva,/novatel/oem7/inspva,39.663,-75.756,-1.800406436,0.003502599,-0.000073454,0.001089590,-0.003328812,-0.000073454,,novatel_oem7_msgs.msg.InertialSolutionStatus(status=3),
1786043847348179265,1786043847.345407317,/novatel/oem7/fix,/novatel/oem7/fix,/novatel/oem7/inspva,39.663,-75.756,-1.800406436,0.003502599,-0.000073454,0.001089590,-0.003328812,-0.000073454,,0,
1786043847349841939,1786043847.346099704,/novatel/oem7/odom,/novatel/oem7/fix,/novatel/oem7/odom,39.663,-75.756,-1.800406436,0.003502392,-0.000082727,-0.003267814,0.001260216,-0.000082727,,,
1786043847356960128,1786043847.355930720,/novatel/oem7/odom,/novatel/oem7/fix,/novatel/oem7/odom,39.663,-75.756,-1.800406436,0.003502392,-0.000082727,-0.003267814,0.001260216,-0.000082727,,,
1786043847365990976,1786043847.365271455,/novatel/oem7/inspva,/novatel/oem7/inspva,/novatel/oem7/inspva,39.663,-75.756,-1.800422432,0.003523863,-0.000199330,0.001103464,-0.003346637,-0.000199330,,novatel_oem7_msgs.msg.InertialSolutionStatus(status=3),
1786043847367621286,1786043847.365460171,/novatel/oem7/fix,/novatel/oem7/fix,/novatel/oem7/inspva,39.663,-75.756,-1.800422432,0.003523863,-0.000199330,0.001103464,-0.003346637,-0.000199330,,0,
1786043847368695910,1786043847.366036180,/novatel/oem7/odom,/novatel/oem7/fix,/novatel/oem7/odom,39.663,-75.756,-1.800422432,0.003523325,-0.000208626,-0.003284406,0.001275342,-0.000208626,,,
1786043847375900543,1786043847.374905283,/novatel/oem7/odom,/novatel/oem7/fix,/novatel/oem7/odom,39.663,-75.756,-1.800422432,0.003523325,-0.000208626,-0.003284406,0.001275342,-0.000208626,,,
1786043847386761423,1786043847.385968049,/novatel/oem7/inspva,/novatel/oem7/inspva,/novatel/oem7/inspva,39.663,-75.756,-1.800441076,0.003630571,-0.000102220,0.001413326,-0.003344182,-0.000102220,,novatel_oem7_msgs.msg.InertialSolutionStatus(status=3),
1786043847388615322,1786043847.386230252,/novatel/oem7/fix,/novatel/oem7/fix,/novatel/oem7/inspva,39.663,-75.756,-1.800441076,0.003630571,-0.000102220,0.001413326,-0.003344182,-0.000102220,,0,
1786043847390059711,1786043847.386862144,/novatel/oem7/odom,/novatel/oem7/fix,/novatel/oem7/odom,39.663,-75.756,-1.800441076,0.003630325,-0.000110626,-0.003266343,0.001584379,-0.000110626,,,
1786043847395257290,1786043847.394479499,/novatel/oem7/odom,/novatel/oem7/fix,/novatel/oem7/odom,39.663,-75.756,-1.800441076,0.003630325,-0.000110626,-0.003266343,0.001584379,-0.000110626,,,
1786043847407636409,1786043847.406349619,/novatel/oem7/inspva,/novatel/oem7/inspva,/novatel/oem7/inspva,39.663,-75.756,-1.800457502,0.003734168,-0.000172603,0.001011652,-0.003594520,-0.000172603,,novatel_oem7_msgs.msg.InertialSolutionStatus(status=3),
1786043847409677066,1786043847.406641682,/novatel/oem7/fix,/novatel/oem7/fix,/novatel/oem7/inspva,39.663,-75.756,-1.800457502,0.003734168,-0.000172603,0.001011652,-0.003594520,-0.000172603,,0,
1786043847411350793,1786043847.407434437,/novatel/oem7/odom,/novatel/oem7/fix,/novatel/oem7/odom,39.663,-75.756,-1.800457502,0.003733667,-0.000183125,-0.003536811,0.001196342,-0.000183125,,,
1786043847413363190,1786043847.410092364,/novatel/oem7/bestpos,/novatel/oem7/bestpos,/novatel/oem7/odom,39.663,-75.756,33.181858497,0.003733667,-0.000183125,-0.003536811,0.001196342,-0.000183125,,novatel_oem7_msgs.msg.SolutionStatus(status=0),novatel_oem7_msgs.msg.PositionOrVelocityType(type=53)
1786043847414803505,1786043847.410471911,/novatel/oem7/bestvel,/novatel/oem7/bestpos,/novatel/oem7/bestvel,39.663,-75.756,33.181858497,0.003444733,-0.000153109,,,,282.905526819,novatel_oem7_msgs.msg.SolutionStatus(status=0),novatel_oem7_msgs.msg.PositionOrVelocityType(type=53)
1786043847416869746,1786043847.415509432,/novatel/oem7/odom,/novatel/oem7/bestpos,/novatel/oem7/odom,39.663,-75.756,33.181858497,0.003733667,-0.000183125,-0.003536811,0.001196342,-0.000183125,,,
1786043847425577007,1786043847.425012095,/novatel/oem7/inspva,/novatel/oem7/inspva,/novatel/oem7/inspva,39.663,-75.756,-1.800475349,0.003351032,-0.000191572,0.001179910,-0.003136435,-0.000191572,,novatel_oem7_msgs.msg.InertialSolutionStatus(status=3),
1786043847426947791,1786043847.425153180,/novatel/oem7/fix,/novatel/oem7/fix,/novatel/oem7/inspva,39.663,-75.756,-1.800475349,0.003351032,-0.000191572,0.001179910,-0.003136435,-0.000191572,,0,
1786043847428086330,1786043847.425593884,/novatel/oem7/odom,/novatel/oem7/fix,/novatel/oem7/odom,39.663,-75.756,-1.800475349,0.003350548,-0.000199848,-0.003070583,0.001340782,-0.000199848,,,
1786043847435248819,1786043847.434415581,/novatel/oem7/odom,/novatel/oem7/fix,/novatel/oem7/odom,39.663,-75.756,-1.800475349,0.003350548,-0.000199848,-0.003070583,0.001340782,-0.000199848,,,
1786043847447729156,1786043847.446567064,/novatel/oem7/inspva,/novatel/oem7/inspva,/novatel/oem7/inspva,39.663,-75.756,-1.800486780,0.003608363,0.000296553,0.000709218,-0.003537979,0.000296553,,novatel_oem7_msgs.msg.InertialSolutionStatus(status=3),
1786043847449716856,1786043847.446830433,/novatel/oem7/fix,/novatel/oem7/fix,/novatel/oem7/inspva,39.663,-75.756,-1.800486780,0.003608363,0.000296553,0.000709218,-0.003537979,0.000296553,,0,
1786043847451250865,1786043847.447559671,/novatel/oem7/odom,/novatel/oem7/fix,/novatel/oem7/odom,39.663,-75.756,-1.800486780,0.003609266,0.000285355,-0.003497764,0.000890196,0.000285355,,,
1786043847457842069,1786043847.456833725,/novatel/oem7/odom,/novatel/oem7/fix,/novatel/oem7/odom,39.663,-75.756,-1.800486780,0.003609266,0.000285355,-0.003497764,0.000890196,0.000285355,,,
1786043847465882877,1786043847.465055542,/novatel/oem7/inspva,/novatel/oem7/inspva,/novatel/oem7/inspva,39.663,-75.756,-1.800505901,0.003159284,0.000035287,0.000898307,-0.003028881,0.000035287,,novatel_oem7_msgs.msg.InertialSolutionStatus(status=3),
1786043847467508490,1786043847.465253250,/novatel/oem7/fix,/novatel/oem7/fix,/novatel/oem7/inspva,39.663,-75.756,-1.800505901,0.003159284,0.000035287,0.000898307,-0.003028881,0.000035287,,0,
1786043847468803293,1786043847.465771492,/novatel/oem7/odom,/novatel/oem7/fix,/novatel/oem7/odom,39.663,-75.756,-1.800505901,0.003159369,0.000026573,-0.002978578,0.001053417,0.000026573,,,
1786043847476382680,1786043847.475493628,/novatel/oem7/odom,/novatel/oem7/fix,/novatel/oem7/odom,39.663,-75.756,-1.800505901,0.003159369,0.000026573,-0.002978578,0.001053417,0.000026573,,,
1786043847486145266,1786043847.485301178,/novatel/oem7/inspva,/novatel/oem7/inspva,/novatel/oem7/inspva,39.663,-75.756,-1.800520166,0.003561733,-0.000142683,0.000987138,-0.003422207,-0.000142683,,novatel_oem7_msgs.msg.InertialSolutionStatus(status=3),
1786043847488180627,1786043847.485552856,/novatel/oem7/fix,/novatel/oem7/fix,/novatel/oem7/inspva,39.663,-75.756,-1.800520166,0.003561733,-0.000142683,0.000987138,-0.003422207,-0.000142683,,0,
1786043847489734853,1786043847.486055618,/novatel/oem7/odom,/novatel/oem7/fix,/novatel/oem7/odom,39.663,-75.756,-1.800520166,0.003561320,-0.000152641,-0.003366086,0.001162954,-0.000152641,,,
1786043847495849675,1786043847.494893768,/novatel/oem7/odom,/novatel/oem7/fix,/novatel/oem7/odom,39.663,-75.756,-1.800520166,0.003561320,-0.000152641,-0.003366086,0.001162954,-0.000152641,,,
1786043847506982338,1786043847.506330674,/novatel/oem7/inspva,/novatel/oem7/inspva,/novatel/oem7/inspva,39.663,-75.756,-1.800537496,0.003621547,-0.000070160,0.001073934,-0.003458651,-0.000070160,,novatel_oem7_msgs.msg.InertialSolutionStatus(status=3),
1786043847508330581,1786043847.506536913,/novatel/oem7/fix,/novatel/oem7/fix,/novatel/oem7/inspva,39.663,-75.756,-1.800537496,0.003621547,-0.000070160,0.001073934,-0.003458651,-0.000070160,,0,
1786043847509380708,1786043847.506931063,/novatel/oem7/odom,/novatel/oem7/fix,/novatel/oem7/odom,39.663,-75.756,-1.800537496,0.003621343,-0.000080003,-0.003398288,0.001251304,-0.000080003,,,
1786043847512187521,1786043847.511466886,/novatel/oem7/bestpos,/novatel/oem7/bestpos,/novatel/oem7/odom,39.663,-75.756,33.181782307,0.003621343,-0.000080003,-0.003398288,0.001251304,-0.000080003,,novatel_oem7_msgs.msg.SolutionStatus(status=0),novatel_oem7_msgs.msg.PositionOrVelocityType(type=53)
1786043847513671552,1786043847.511918904,/novatel/oem7/bestvel,/novatel/oem7/bestpos,/novatel/oem7/bestvel,39.663,-75.756,33.181782307,0.003585836,0.000213879,,,,280.384351769,novatel_oem7_msgs.msg.SolutionStatus(status=0),novatel_oem7_msgs.msg.PositionOrVelocityType(type=53)
1786043847515255712,1786043847.514444250,/novatel/oem7/odom,/novatel/oem7/bestpos,/novatel/oem7/odom,39.663,-75.756,33.181782307,0.003621343,-0.000080003,-0.003398288,0.001251304,-0.000080003,,,
1786043847525753231,1786043847.525191756,/novatel/oem7/inspva,/novatel/oem7/inspva,/novatel/oem7/inspva,39.663,-75.756,-1.800551279,0.003575239,0.000030126,0.000769536,-0.003491440,0.000030126,,novatel_oem7_msgs.msg.InertialSolutionStatus(status=3),
1786043847527104668,1786043847.525354350,/novatel/oem7/fix,/novatel/oem7/fix,/novatel/oem7/inspva,39.663,-75.756,-1.800551279,0.003575239,0.000030126,0.000769536,-0.003491440,0.000030126,,0,
1786043847528166663,1786043847.525928393,/novatel/oem7/odom,/novatel/oem7/fix,/novatel/oem7/odom,39.663,-75.756,-1.800551279,0.003575314,0.000019261,-0.003447132,0.000948763,0.000019261,,,
1786043847536237351,1786043847.535458623,/novatel/oem7/odom,/novatel/oem7/fix,/novatel/oem7/odom,39.663,-75.756,-1.800551279,0.003575314,0.000019261,-0.003447132,0.000948763,0.000019261,,,
1786043847546020597,1786043847.545167041,/novatel/oem7/inspva,/novatel/oem7/inspva,/novatel/oem7/inspva,39.663,-75.756,-1.800568543,0.003369383,0.000161950,0.000805313,-0.003271730,0.000161950,,novatel_oem7_msgs.msg.InertialSolutionStatus(status=3),
1786043847548099645,1786043847.545416821,/novatel/oem7/fix,/novatel/oem7/fix,/novatel/oem7/inspva,39.663,-75.756,-1.800568543,0.003369383,0.000161950,0.000805313,-0.003271730,0.000161950,,0,
1786043847549698234,1786043847.545961730,/novatel/oem7/odom,/novatel/oem7/fix,/novatel/oem7/odom,39.663,-75.756,-1.800568543,0.003369848,0.000151976,-0.003226370,0.000972836,0.000151976,,,
1786043847556551877,1786043847.555627875,/novatel/oem7/odom,/novatel/oem7/fix,/novatel/oem7/odom,39.663,-75.756,-1.800568543,0.003369848,0.000151976,-0.003226370,0.000972836,0.000151976,,,
1786043847567349687,1786043847.566506288,/novatel/oem7/inspva,/novatel/oem7/inspva,/novatel/oem7/inspva,39.663,-75.756,-1.800583727,0.003117044,-0.000179833,0.000543612,-0.003069275,-0.000179833,,novatel_oem7_msgs.msg.InertialSolutionStatus(status=3),
1786043847569448005,1786043847.566725687,/novatel/oem7/fix,/novatel/oem7/fix,/novatel/oem7/inspva,39.663,-75.756,-1.800583727,0.003117044,-0.000179833,0.000543612,-0.003069275,-0.000179833,,0,
1786043847570714661,1786043847.567235262,/novatel/oem7/odom,/novatel/oem7/fix,/novatel/oem7/odom,39.663,-75.756,-1.800583727,0.003116455,-0.000189778,-0.003036378,0.000701925,-0.000189778,,,
1786043847575726229,1786043847.574745366,/novatel/oem7/odom,/novatel/oem7/fix,/novatel/oem7/odom,39.663,-75.756,-1.800583727,0.003116455,-0.000189778,-0.003036378,0.000701925,-0.000189778,,,
1786043847585793764,1786043847.584987233,/novatel/oem7/inspva,/novatel/oem7/inspva,/novatel/oem7/inspva,39.663,-75.756,-1.800597047,0.003248763,0.000167859,0.000486845,-0.003212077,0.000167859,,novatel_oem7_msgs.msg.InertialSolutionStatus(status=3),
1786043847587665440,1786043847.585208502,/novatel/oem7/fix,/novatel/oem7/fix,/novatel/oem7/inspva,39.663,-75.756,-1.800597047,0.003248763,0.000167859,0.000486845,-0.003212077,0.000167859,,0,
1786043847589028481,1786043847.585705140,/novatel/oem7/odom,/novatel/oem7/fix,/novatel/oem7/odom,39.663,-75.756,-1.800597047,0.003249296,0.000157197,-0.003183272,0.000651693,0.000157197,,,
1786043847596191163,1786043847.595443932,/novatel/oem7/odom,/novatel/oem7/fix,/novatel/oem7/odom,39.663,-75.756,-1.800597047,0.003249296,0.000157197,-0.003183272,0.000651693,0.000157197,,,
1786043847607679303,1786043847.606634412,/novatel/oem7/inspva,/novatel/oem7/inspva,/novatel/oem7/inspva,39.663,-75.756,-1.800609660,0.003452494,0.000015716,0.000516755,-0.003413602,0.000015716,,novatel_oem7_msgs.msg.InertialSolutionStatus(status=3),
1786043847609817382,1786043847.606973429,/novatel/oem7/fix,/novatel/oem7/fix,/novatel/oem7/inspva,39.663,-75.756,-1.800609660,0.003452494,0.000015716,0.000516755,-0.003413602,0.000015716,,0,
1786043847611360131,1786043847.607601562,/novatel/oem7/odom,/novatel/oem7/fix,/novatel/oem7/odom,39.663,-75.756,-1.800609660,0.003452527,0.000004376,-0.003382391,0.000692367,0.000004376,,,
1786043847613358364,1786043847.610293983,/novatel/oem7/bestpos,/novatel/oem7/bestpos,/novatel/oem7/odom,39.663,-75.756,33.181707285,0.003452527,0.000004376,-0.003382391,0.000692367,0.000004376,,novatel_oem7_msgs.msg.SolutionStatus(status=0),novatel_oem7_msgs.msg.PositionOrVelocityType(type=53)
1786043847614556563,1786043847.610815862,/novatel/oem7/bestvel,/novatel/oem7/bestpos,/novatel/oem7/bestvel,39.663,-75.756,33.181707285,0.003287495,-0.000120720,,,,280.382620670,novatel_oem7_msgs.msg.SolutionStatus(status=0),novatel_oem7_msgs.msg.PositionOrVelocityType(type=53)
1786043847616463755,1786043847.614969647,/novatel/oem7/odom,/novatel/oem7/bestpos,/novatel/oem7/odom,39.663,-75.756,33.181707285,0.003452527,0.000004376,-0.003382391,0.000692367,0.000004376,,,
1786043847627002039,1786043847.626302682,/novatel/oem7/inspva,/novatel/oem7/inspva,/novatel/oem7/inspva,39.663,-75.756,-1.800622678,0.003414357,0.000071619,0.000577855,-0.003365103,0.000071619,,novatel_oem7_msgs.msg.InertialSolutionStatus(status=3),
1786043847628570318,1786043847.626497041,/novatel/oem7/fix,/novatel/oem7/fix,/novatel/oem7/inspva,39.663,-75.756,-1.800622678,0.003414357,0.000071619,0.000577855,-0.003365103,0.000071619,,0,
1786043847629667013,1786043847.626954359,/novatel/oem7/odom,/novatel/oem7/fix,/novatel/oem7/odom,39.663,-75.756,-1.800622678,0.003414570,0.000060637,-0.003331015,0.000750752,0.000060637,,,
1786043847635378834,1786043847.634637464,/novatel/oem7/odom,/novatel/oem7/fix,/novatel/oem7/odom,39.663,-75.756,-1.800622678,0.003414570,0.000060637,-0.003331015,0.000750752,0.000060637,,,
1786043847646196171,1786043847.645332798,/novatel/oem7/inspva,/novatel/oem7/inspva,/novatel/oem7/inspva,39.663,-75.756,-1.800630022,0.003413428,0.000384013,0.000514657,-0.003374407,0.000384013,,novatel_oem7_msgs.msg.InertialSolutionStatus(status=3),
1786043847648136054,1786043847.645613725,/novatel/oem7/fix,/novatel/oem7/fix,/novatel/oem7/inspva,39.663,-75.756,-1.800630022,0.003413428,0.000384013,0.000514657,-0.003374407,0.000384013,,0,
1786043847649738397,1786043847.646267175,/novatel/oem7/odom,/novatel/oem7/fix,/novatel/oem7/odom,39.663,-75.756,-1.800630022,0.003414670,0.000372807,-0.003344789,0.000687284,0.000372807,,,
1786043847657207313,1786043847.656302970,/novatel/oem7/odom,/novatel/oem7/fix,/novatel/oem7/odom,39.663,-75.756,-1.800630022,0.003414670,0.000372807,-0.003344789,0.000687284,0.000372807,,,
1786043847665825640,1786043847.665153727,/novatel/oem7/inspva,/novatel/oem7/inspva,/novatel/oem7/inspva,39.663,-75.756,-1.800644259,0.003288460,0.000434897,0.000518164,-0.003247380,0.000434897,,novatel_oem7_msgs.msg.InertialSolutionStatus(status=3),
1786043847667335972,1786043847.665331355,/novatel/oem7/fix,/novatel/oem7/fix,/novatel/oem7/inspva,39.663,-75.756,-1.800644259,0.003288460,0.000434897,0.000518164,-0.003247380,0.000434897,,0,
1786043847668443573,1786043847.665798583,/novatel/oem7/odom,/novatel/oem7/fix,/novatel/oem7/odom,39.663,-75.756,-1.800644259,0.003289866,0.000424134,-0.003217958,0.000684079,0.000424134,,,
1786043847675639453,1786043847.674634156,/novatel/oem7/odom,/novatel/oem7/fix,/novatel/oem7/odom,39.663,-75.756,-1.800644259,0.003289866,0.000424134,-0.003217958,0.000684079,0.000424134,,,
1786043847687504934,1786043847.686672612,/novatel/oem7/inspva,/novatel/oem7/inspva,/novatel/oem7/inspva,39.663,-75.756,-1.800656852,0.003469142,-0.000026875,0.000527005,-0.003428879,-0.000026875,,novatel_oem7_msgs.msg.InertialSolutionStatus(status=3),
1786043847689195497,1786043847.686913008,/novatel/oem7/fix,/novatel/oem7/fix,/novatel/oem7/inspva,39.663,-75.756,-1.800656852,0.003469142,-0.000026875,0.000527005,-0.003428879,-0.000026875,,0,
1786043847690665896,1786043847.687358582,/novatel/oem7/odom,/novatel/oem7/fix,/novatel/oem7/odom,39.663,-75.756,-1.800656852,0.003469035,-0.000038314,-0.003396958,0.000703478,-0.000038314,,,
1786043847696099088,1786043847.695243675,/novatel/oem7/odom,/novatel/oem7/fix,/novatel/oem7/odom,39.663,-75.756,-1.800656852,0.003469035,-0.000038314,-0.003396958,0.000703478,-0.000038314,,,
1786043847706488393,1786043847.705823373,/novatel/oem7/inspva,/novatel/oem7/inspva,/novatel/oem7/inspva,39.663,-75.756,-1.800667230,0.003402899,0.000112011,0.000306012,-0.003389112,0.000112011,,novatel_oem7_msgs.msg.InertialSolutionStatus(status=3),
1786043847707909521,1786043847.706021185,/novatel/oem7/fix,/novatel/oem7/fix,/novatel/oem7/inspva,39.663,-75.756,-1.800667230,0.003402899,0.000112011,0.000306012,-0.003389112,0.000112011,,0,
1786043847708961775,1786043847.706516813,/novatel/oem7/odom,/novatel/oem7/fix,/novatel/oem7/odom,39.663,-75.756,-1.800667230,0.003403270,0.000100102,-0.003369196,0.000480380,0.000100102,,,
1786043847710484260,1786043847.709200807,/novatel/oem7/bestpos,/novatel/oem7/bestpos,/novatel/oem7/odom,39.663,-75.756,33.181647080,0.003403270,0.000100102,-0.003369196,0.000480380,0.000100102,,novatel_oem7_msgs.msg.SolutionStatus(status=0),novatel_oem7_msgs.msg.PositionOrVelocityType(type=53)
1786043847711373153,1786043847.709555777,/novatel/oem7/bestvel,/novatel/oem7/bestpos,/novatel/oem7/bestvel,39.663,-75.756,33.181647080,0.003441744,0.000138958,,,,274.916400675,novatel_oem7_msgs.msg.SolutionStatus(status=0),novatel_oem7_msgs.msg.PositionOrVelocityType(type=53)
1786043847716001106,1786043847.715354229,/novatel/oem7/odom,/novatel/oem7/bestpos,/novatel/oem7/odom,39.663,-75.756,33.181647080,0.003403270,0.000100102,-0.003369196,0.000480380,0.000100102,,,
1786043847725734842,1786043847.725189843,/novatel/oem7/inspva,/novatel/oem7/inspva,/novatel/oem7/inspva,39.663,-75.756,-1.800673259,0.003677643,0.000344016,0.000639122,-0.003621682,0.000344016,,novatel_oem7_msgs.msg.InertialSolutionStatus(status=3),
1786043847727059372,1786043847.725371198,/novatel/oem7/fix,/novatel/oem7/fix,/novatel/oem7/inspva,39.663,-75.756,-1.800673259,0.003677643,0.000344016,0.000639122,-0.003621682,0.000344016,,0,
1786043847728079795,1786043847.725912484,/novatel/oem7/odom,/novatel/oem7/fix,/novatel/oem7/odom,39.663,-75.756,-1.800673259,0.003678734,0.000332151,-0.003585164,0.000824428,0.000332151,,,
1786043847735820451,1786043847.735024609,/novatel/oem7/odom,/novatel/oem7/fix,/novatel/oem7/odom,39.663,-75.756,-1.800673259,0.003678734,0.000332151,-0.003585164,0.000824428,0.000332151,,,
1786043847746823863,1786043847.746010274,/novatel/oem7/inspva,/novatel/oem7/inspva,/novatel/oem7/inspva,39.663,-75.756,-1.800688105,0.003241234,0.000064428,0.000522033,-0.003198918,0.000064428,,novatel_oem7_msgs.msg.InertialSolutionStatus(status=3),
1786043847748786633,1786043847.746269297,/novatel/oem7/fix,/novatel/oem7/fix,/novatel/oem7/inspva,39.663,-75.756,-1.800688105,0.003241234,0.000064428,0.000522033,-0.003198918,0.000064428,,0,
1786043847750281824,1786043847.746767395,/novatel/oem7/odom,/novatel/oem7/fix,/novatel/oem7/odom,39.663,-75.756,-1.800688105,0.003241427,0.000053843,-0.003167917,0.000686403,0.000053843,,,
1786043847756831277,1786043847.755987072,/novatel/oem7/odom,/novatel/oem7/fix,/novatel/oem7/odom,39.663,-75.756,-1.800688105,0.003241427,0.000053843,-0.003167917,0.000686403,0.000053843,,,
1786043847766047358,1786043847.765307640,/novatel/oem7/inspva,/novatel/oem7/inspva,/novatel/oem7/inspva,39.663,-75.756,-1.800695234,0.003562601,0.000231190,0.000441414,-0.003535149,0.000231190,,novatel_oem7_msgs.msg.InertialSolutionStatus(status=3),
1786043847767655360,1786043847.765519639,/novatel/oem7/fix,/novatel/oem7/fix,/novatel/oem7/inspva,39.663,-75.756,-1.800695234,0.003562601,0.000231190,0.000441414,-0.003535149,0.000231190,,0,
1786043847769095905,1786043847.765989180,/novatel/oem7/odom,/novatel/oem7/fix,/novatel/oem7/odom,39.663,-75.756,-1.800695234,0.003563369,0.000219035,-0.003508514,0.000622836,0.000219035,,,
1786043847776626668,1786043847.775744969,/novatel/oem7/odom,/novatel/oem7/fix,/novatel/oem7/odom,39.663,-75.756,-1.800695234,0.003563369,0.000219035,-0.003508514,0.000622836,0.000219035,,,
1786043847786186369,1786043847.785502822,/novatel/oem7/inspva,/novatel/oem7/inspva,/novatel/oem7/inspva,39.663,-75.756,-1.800706867,0.003242088,0.000248698,0.000531193,-0.003198276,0.000248698,,novatel_oem7_msgs.msg.InertialSolutionStatus(status=3),
1786043847788112132,1786043847.785730401,/novatel/oem7/fix,/novatel/oem7/fix,/novatel/oem7/inspva,39.663,-75.756,-1.800706867,0.003242088,0.000248698,0.000531193,-0.003198276,0.000248698,,0,
1786043847789553380,1786043847.786118162,/novatel/oem7/odom,/novatel/oem7/fix,/novatel/oem7/odom,39.663,-75.756,-1.800706867,0.003242886,0.000238072,-0.003167531,0.000695024,0.000238072,,,
1786043847795307361,1786043847.794560830,/novatel/oem7/odom,/novatel/oem7/fix,/novatel/oem7/odom,39.663,-75.756,-1.800706867,0.003242886,0.000238072,-0.003167531,0.000695024,0.000238072,,,
1786043847807591186,1786043847.806574642,/novatel/oem7/inspva,/novatel/oem7/inspva,/novatel/oem7/inspva,39.663,-75.756,-1.800717379,0.003047887,-0.000016259,0.000469570,-0.003011498,-0.000016259,,novatel_oem7_msgs.msg.InertialSolutionStatus(status=3),
1786043847809679217,1786043847.806884809,/novatel/oem7/fix,/novatel/oem7/fix,/novatel/oem7/inspva,39.663,-75.756,-1.800717379,0.003047887,-0.000016259,0.000469570,-0.003011498,-0.000016259,,0,
1786043847811314750,1786043847.807560669,/novatel/oem7/odom,/novatel/oem7/fix,/novatel/oem7/odom,39.663,-75.756,-1.800717379,0.003047817,-0.000026324,-0.002983144,0.000624532,-0.000026324,,,
1786043847813371488,1786043847.810415931,/novatel/oem7/bestpos,/novatel/oem7/bestpos,/novatel/oem7/odom,39.663,-75.756,33.181586842,0.003047817,-0.000026324,-0.002983144,0.000624532,-0.000026324,,novatel_oem7_msgs.msg.SolutionStatus(status=0),novatel_oem7_msgs.msg.PositionOrVelocityType(type=53)
1786043847814625781,1786043847.810958707,/novatel/oem7/bestvel,/novatel/oem7/bestpos,/novatel/oem7/bestvel,39.663,-75.756,33.181586842,0.003072779,-0.000160608,,,,283.173315041,novatel_oem7_msgs.msg.SolutionStatus(status=0),novatel_oem7_msgs.msg.PositionOrVelocityType(type=53)
1786043847816617804,1786043847.815253960,/novatel/oem7/odom,/novatel/oem7/bestpos,/novatel/oem7/odom,39.663,-75.756,33.181586842,0.003047817,-0.000026324,-0.002983144,0.000624532,-0.000026324,,,
1786043847825766924,1786043847.825108967,/novatel/oem7/inspva,/novatel/oem7/inspva,/novatel/oem7/inspva,39.663,-75.756,-1.800729550,0.003080422,-0.000031172,0.000562866,-0.003028561,-0.000031172,,novatel_oem7_msgs.msg.InertialSolutionStatus(status=3),
1786043847827178408,1786043847.825286816,/novatel/oem7/fix,/novatel/oem7/fix,/novatel/oem7/inspva,39.663,-75.756,-1.800729550,0.003080422,-0.000031172,0.000562866,-0.003028561,-0.000031172,,0,
1786043847828300460,1786043847.825627139,/novatel/oem7/odom,/novatel/oem7/fix,/novatel/oem7/odom,39.663,-75.756,-1.800729550,0.003080306,-0.000041070,-0.002995300,0.000718652,-0.000041070,,,
1786043847836507453,1786043847.835582730,/novatel/oem7/odom,/novatel/oem7/fix,/novatel/oem7/odom,39.663,-75.756,-1.800729550,0.003080306,-0.000041070,-0.002995300,0.000718652,-0.000041070,,,
1786043847846298279,1786043847.845487617,/novatel/oem7/inspva,/novatel/oem7/inspva,/novatel/oem7/inspva,39.663,-75.756,-1.800733984,0.002983214,0.000231862,0.000469911,-0.002945971,0.000231862,,novatel_oem7_msgs.msg.InertialSolutionStatus(status=3),
1786043847848230278,1786043847.845724830,/novatel/oem7/fix,/novatel/oem7/fix,/novatel/oem7/inspva,39.663,-75.756,-1.800733984,0.002983214,0.000231862,0.000469911,-0.002945971,0.000231862,,0,
1786043847849752308,1786043847.846445624,/novatel/oem7/odom,/novatel/oem7/fix,/novatel/oem7/odom,39.663,-75.756,-1.800733984,0.002983963,0.000222012,-0.002918661,0.000620848,0.000222012,,,
1786043847857106539,1786043847.856074968,/novatel/oem7/odom,/novatel/oem7/fix,/novatel/oem7/odom,39.663,-75.756,-1.800733984,0.002983963,0.000222012,-0.002918661,0.000620848,0.000222012,,,
1786043847866919392,1786043847.865980016,/novatel/oem7/inspva,/novatel/oem7/inspva,/novatel/oem7/inspva,39.663,-75.756,-1.800744332,0.002851490,0.000240629,0.000560667,-0.002795827,0.000240629,,novatel_oem7_msgs.msg.InertialSolutionStatus(status=3),
1786043847868541175,1786043847.866165427,/novatel/oem7/fix,/novatel/oem7/fix,/novatel/oem7/inspva,39.663,-75.756,-1.800744332,0.002851490,0.000240629,0.000560667,-0.002795827,0.000240629,,0,
1786043847869868528,1786043847.866625702,/novatel/oem7/odom,/novatel/oem7/fix,/novatel/oem7/odom,39.663,-75.756,-1.800744332,0.002852238,0.000231591,-0.002764069,0.000703693,0.000231591,,,
1786043847876359121,1786043847.875522922,/novatel/oem7/odom,/novatel/oem7/fix,/novatel/oem7/odom,39.663,-75.756,-1.800744332,0.002852238,0.000231591,-0.002764069,0.000703693,0.000231591,,,
1786043847885811274,1786043847.885097123,/novatel/oem7/inspva,/novatel/oem7/inspva,/novatel/oem7/inspva,39.663,-75.756,-1.800750733,0.003059083,0.000164994,0.000906923,-0.002921555,0.000164994,,novatel_oem7_msgs.msg.InertialSolutionStatus(status=3),
1786043847887570255,1786043847.885366615,/novatel/oem7/fix,/novatel/oem7/fix,/novatel/oem7/inspva,39.663,-75.756,-1.800750733,0.003059083,0.000164994,0.000906923,-0.002921555,0.000164994,,0,
1786043847888968056,1786043847.885935125,/novatel/oem7/odom,/novatel/oem7/fix,/novatel/oem7/odom,39.663,-75.756,-1.800750733,0.003059533,0.000156445,-0.002871447,0.001056187,0.000156445,,,
1786043847896899029,1786043847.895583533,/novatel/oem7/odom,/novatel/oem7/fix,/novatel/oem7/odom,39.663,-75.756,-1.800750733,0.003059533,0.000156445,-0.002871447,0.001056187,0.000156445,,,
1786043847906558411,1786043847.905984459,/novatel/oem7/inspva,/novatel/oem7/inspva,/novatel/oem7/inspva,39.663,-75.756,-1.800758713,0.003072422,0.000078282,0.000931664,-0.002927760,0.000078282,,novatel_oem7_msgs.msg.InertialSolutionStatus(status=3),
1786043847907896334,1786043847.906164343,/novatel/oem7/fix,/novatel/oem7/fix,/novatel/oem7/inspva,39.663,-75.756,-1.800758713,0.003072422,0.000078282,0.000931664,-0.002927760,0.000078282,,0,
1786043847908900741,1786043847.906647545,/novatel/oem7/odom,/novatel/oem7/fix,/novatel/oem7/odom,39.663,-75.756,-1.800758713,0.003072628,0.000069764,-0.002876016,0.001081466,0.000069764,,,
1786043847910336793,1786043847.909528015,/novatel/oem7/bestpos,/novatel/oem7/bestpos,/novatel/oem7/odom,39.663,-75.756,33.181537632,0.003072628,0.000069764,-0.002876016,0.001081466,0.000069764,,novatel_oem7_msgs.msg.SolutionStatus(status=0),novatel_oem7_msgs.msg.PositionOrVelocityType(type=53)
1786043847911708843,1786043847.910259615,/novatel/oem7/bestvel,/novatel/oem7/bestpos,/novatel/oem7/bestvel,39.663,-75.756,33.181537632,0.002938741,-0.000006817,,,,288.835121222,novatel_oem7_msgs.msg.SolutionStatus(status=0),novatel_oem7_msgs.msg.PositionOrVelocityType(type=53)
1786043847915012040,1786043847.914340690,/novatel/oem7/odom,/novatel/oem7/bestpos,/novatel/oem7/odom,39.663,-75.756,33.181537632,0.003072628,0.000069764,-0.002876016,0.001081466,0.000069764,,,
1786043847926680025,1786043847.926155293,/novatel/oem7/inspva,/novatel/oem7/inspva,/novatel/oem7/inspva,39.663,-75.756,-1.800762520,0.003029740,0.000258832,0.000963026,-0.002872613,0.000258832,,novatel_oem7_msgs.msg.InertialSolutionStatus(status=3),
1786043847928011375,1786043847.926321891,/novatel/oem7/fix,/novatel/oem7/fix,/novatel/oem7/inspva,39.663,-75.756,-1.800762520,0.003029740,0.000258832,0.000963026,-0.002872613,0.000258832,,0,
1786043847929003868,1786043847.926906954,/novatel/oem7/odom,/novatel/oem7/fix,/novatel/oem7/odom,39.663,-75.756,-1.800762520,0.003030432,0.000250607,-0.002820037,0.001109463,0.000250607,,,
1786043847936436988,1786043847.935392663,/novatel/oem7/odom,/novatel/oem7/fix,/novatel/oem7/odom,39.663,-75.756,-1.800762520,0.003030432,0.000250607,-0.002820037,0.001109463,0.000250607,,,
1786043847945829806,1786043847.945047635,/novatel/oem7/inspva,/novatel/oem7/inspva,/novatel/oem7/inspva,39.663,-75.756,-1.800771419,0.002880912,0.000044028,0.000942678,-0.002722318,0.000044028,,novatel_oem7_msgs.msg.InertialSolutionStatus(status=3),
1786043847947652562,1786043847.945311711,/novatel/oem7/fix,/novatel/oem7/fix,/novatel/oem7/inspva,39.663,-75.756,-1.800771419,0.002880912,0.000044028,0.000942678,-0.002722318,0.000044028,,0,
1786043847949066662,1786043847.945857020,/novatel/oem7/odom,/novatel/oem7/fix,/novatel/oem7/odom,39.663,-75.756,-1.800771419,0.002881020,0.000036321,-0.002670135,0.001081967,0.000036321,,,
1786043847956268312,1786043847.955634049,/novatel/oem7/odom,/novatel/oem7/fix,/novatel/oem7/odom,39.663,-75.756,-1.800771419,0.002881020,0.000036321,-0.002670135,0.001081967,0.000036321,,,
1786043847967694968,1786043847.966537080,/novatel/oem7/inspva,/novatel/oem7/inspva,/novatel/oem7/inspva,39.663,-75.756,-1.800771273,0.003119176,0.000364568,0.001213904,-0.002873272,0.000364568,,novatel_oem7_msgs.msg.InertialSolutionStatus(status=3),
1786043847969760102,1786043847.966887597,/novatel/oem7/fix,/novatel/oem7/fix,/novatel/oem7/inspva,39.663,-75.756,-1.800771273,0.003119176,0.000364568,0.001213904,-0.002873272,0.000364568,,0,
1786043847971155253,1786043847.967537193,/novatel/oem7/odom,/novatel/oem7/fix,/novatel/oem7/odom,39.663,-75.756,-1.800771273,0.003120044,0.000357055,-0.002808161,0.001359746,0.000357055,,,
1786043847975866284,1786043847.975046570,/novatel/oem7/odom,/novatel/oem7/fix,/novatel/oem7/odom,39.663,-75.756,-1.800771273,0.003120044,0.000357055,-0.002808161,0.001359746,0.000357055,,,
1786043847986487419,1786043847.985872406,/novatel/oem7/inspva,/novatel/oem7/inspva,/novatel/oem7/inspva,39.663,-75.756,-1.800780342,0.002826635,0.000102674,0.001017280,-0.002637235,0.000102674,,novatel_oem7_msgs.msg.InertialSolutionStatus(status=3),
1786043847987807256,1786043847.986074462,/novatel/oem7/fix,/novatel/oem7/fix,/novatel/oem7/inspva,39.663,-75.756,-1.800780342,0.002826635,0.000102674,0.001017280,-0.002637235,0.000102674,,0,
1786043847988845820,1786043847.986436861,/novatel/oem7/odom,/novatel/oem7/fix,/novatel/oem7/odom,39.663,-75.756,-1.800780342,0.002826887,0.000095501,-0.002581562,0.001151879,0.000095501,,,
1786043847996279325,1786043847.995451890,/novatel/oem7/odom,/novatel/oem7/fix,/novatel/oem7/odom,39.663,-75.756,-1.800780342,0.002826887,0.000095501,-0.002581562,0.001151879,0.000095501,,,
1786043848011000335,1786043848.010217217,/novatel/oem7/inspva,/novatel/oem7/inspva,/novatel/oem7/inspva,39.663,-75.756,-1.800781476,0.003053913,0.000436770,0.001371648,-0.002728546,0.000436770,,novatel_oem7_msgs.msg.InertialSolutionStatus(status=3),
1786043848012802119,1786043848.010477509,/novatel/oem7/fix,/novatel/oem7/fix,/novatel/oem7/inspva,39.663,-75.756,-1.800781476,0.003053913,0.000436770,0.001371648,-0.002728546,0.000436770,,0,
1786043848014139787,1786043848.011823136,/novatel/oem7/odom,/novatel/oem7/fix,/novatel/oem7/odom,39.663,-75.756,-1.800781476,0.003054835,0.000430275,-0.002655755,0.001509629,0.000430275,,,
1786043848016161860,1786043848.014554957,/novatel/oem7/odom,/novatel/oem7/fix,/novatel/oem7/odom,39.663,-75.756,-1.800781476,0.003054835,0.000430275,-0.002655755,0.001509629,0.000430275,,,
1786043848026931380,1786043848.026085921,/novatel/oem7/bestpos,/novatel/oem7/bestpos,/novatel/oem7/odom,39.663,-75.756,33.181518481,0.003054835,0.000430275,-0.002655755,0.001509629,0.000430275,,novatel_oem7_msgs.msg.SolutionStatus(status=0),novatel_oem7_msgs.msg.PositionOrVelocityType(type=53)
1786043848028603067,1786043848.026545433,/novatel/oem7/bestvel,/novatel/oem7/bestpos,/novatel/oem7/bestvel,39.663,-75.756,33.181518481,0.003228011,0.000662910,,,,292.100415094,novatel_oem7_msgs.msg.SolutionStatus(status=0),novatel_oem7_msgs.msg.PositionOrVelocityType(type=53)
1786043848029488369,1786043848.027110081,/novatel/oem7/inspva,/novatel/oem7/inspva,/novatel/oem7/inspva,39.663,-75.756,-1.800789220,0.002815593,0.000217639,0.001064311,-0.002606685,0.000217639,,novatel_oem7_msgs.msg.InertialSolutionStatus(status=3),
1786043848030541256,1786043848.027273876,/novatel/oem7/fix,/novatel/oem7/fix,/novatel/oem7/inspva,39.663,-75.756,-1.800789220,0.002815593,0.000217639,0.001064311,-0.002606685,0.000217639,,0,
1786043848031869513,1786043848.027787108,/novatel/oem7/odom,/novatel/oem7/fix,/novatel/oem7/odom,39.663,-75.756,-1.800789220,0.002816120,0.000210710,-0.002549073,0.001196979,0.000210710,,,
1786043848035439616,1786043848.034514144,/novatel/oem7/odom,/novatel/oem7/fix,/novatel/oem7/odom,39.663,-75.756,-1.800789220,0.002816120,0.000210710,-0.002549073,0.001196979,0.000210710,,,
1786043848045894972,1786043848.045120857,/novatel/oem7/inspva,/novatel/oem7/inspva,/novatel/oem7/inspva,39.663,-75.756,-1.800787003,0.002655359,0.000166499,0.001216041,-0.002360546,0.000166499,,novatel_oem7_msgs.msg.InertialSolutionStatus(status=3),
1786043848047718044,1786043848.045376147,/novatel/oem7/fix,/novatel/oem7/fix,/novatel/oem7/inspva,39.663,-75.756,-1.800787003,0.002655359,0.000166499,0.001216041,-0.002360546,0.000166499,,0,
1786043848049183699,1786043848.045821615,/novatel/oem7/odom,/novatel/oem7/fix,/novatel/oem7/odom,39.663,-75.756,-1.800787003,0.002655699,0.000160983,-0.002295212,0.001335942,0.000160983,,,
1786043848057212417,1786043848.056495997,/novatel/oem7/odom,/novatel/oem7/fix,/novatel/oem7/odom,39.663,-75.756,-1.800787003,0.002655699,0.000160983,-0.002295212,0.001335942,0.000160983,,,
1786043848066084554,1786043848.065082000,/novatel/oem7/inspva,/novatel/oem7/inspva,/novatel/oem7/inspva,39.663,-75.756,-1.800782333,0.002860850,0.000006737,0.001104841,-0.002638899,0.000006737,,novatel_oem7_msgs.msg.InertialSolutionStatus(status=3),
1786043848068158181,1786043848.065371670,/novatel/oem7/fix,/novatel/oem7/fix,/novatel/oem7/inspva,39.663,-75.756,-1.800782333,0.002860850,0.000006737,0.001104841,-0.002638899,0.000006737,,0,
1786043848069594310,1786043848.066232262,/novatel/oem7/odom,/novatel/oem7/fix,/novatel/oem7/odom,39.663,-75.756,-1.800782333,0.002860858,-0.000000178,-0.002578297,0.001239714,-0.000000178,,,
1786043848075534073,1786043848.074594047,/novatel/oem7/odom,/novatel/oem7/fix,/novatel/oem7/odom,39.663,-75.756,-1.800782333,0.002860858,-0.000000178,-0.002578297,0.001239714,-0.000000178,,,
1786043848087228812,1786043848.086616076,/novatel/oem7/inspva,/novatel/oem7/inspva,/novatel/oem7/inspva,39.663,-75.756,-1.800779079,0.002810292,0.000065663,0.001401703,-0.002435769,0.000065663,,novatel_oem7_msgs.msg.InertialSolutionStatus(status=3),
1786043848088682957,1786043848.086790871,/novatel/oem7/fix,/novatel/oem7/fix,/novatel/oem7/inspva,39.663,-75.756,-1.800779079,0.002810292,0.000065663,0.001401703,-0.002435769,0.000065663,,0,
1786043848089707860,1786043848.087589369,/novatel/oem7/odom,/novatel/oem7/fix,/novatel/oem7/odom,39.663,-75.756,-1.800779079,0.002810411,0.000060355,-0.002360337,0.001525524,0.000060355,,,
1786043848095725168,1786043848.094727421,/novatel/oem7/odom,/novatel/oem7/fix,/novatel/oem7/odom,39.663,-75.756,-1.800779079,0.002810411,0.000060355,-0.002360337,0.001525524,0.000060355,,,
1786043848106711157,1786043848.105954375,/novatel/oem7/inspva,/novatel/oem7/inspva,/novatel/oem7/inspva,39.663,-75.756,-1.800773340,0.002832208,0.000045893,0.001003112,-0.002648617,0.000045893,,novatel_oem7_msgs.msg.InertialSolutionStatus(status=3),
1786043848108501615,1786043848.106204275,/novatel/oem7/fix,/novatel/oem7/fix,/novatel/oem7/inspva,39.663,-75.756,-1.800773340,0.002832208,0.000045893,0.001003112,-0.002648617,0.000045893,,0,
1786043848109899012,1786043848.106800071,/novatel/oem7/odom,/novatel/oem7/fix,/novatel/oem7/odom,39.663,-75.756,-1.800773340,0.002832317,0.000038645,-0.002593408,0.001138531,0.000038645,,,
1786043848111504148,1786043848.109440090,/novatel/oem7/bestpos,/novatel/oem7/bestpos,/novatel/oem7/odom,39.663,-75.756,33.181517201,0.002832317,0.000038645,-0.002593408,0.001138531,0.000038645,,novatel_oem7_msgs.msg.SolutionStatus(status=0),novatel_oem7_msgs.msg.PositionOrVelocityType(type=53)
1786043848112071016,1786043848.109816858,/novatel/oem7/bestvel,/novatel/oem7/bestpos,/novatel/oem7/bestvel,39.663,-75.756,33.181517201,0.002945000,0.000182532,,,,287.882165302,novatel_oem7_msgs.msg.SolutionStatus(status=0),novatel_oem7_msgs.msg.PositionOrVelocityType(type=53)
1786043848116194703,1786043848.115375858,/novatel/oem7/odom,/novatel/oem7/bestpos,/novatel/oem7/odom,39.663,-75.756,33.181517201,0.002832317,0.000038645,-0.002593408,0.001138531,0.000038645,,,
1786043848126014946,1786043848.125119123,/novatel/oem7/inspva,/novatel/oem7/inspva,/novatel/oem7/inspva,39.663,-75.756,-1.800769241,0.002681581,0.000145207,0.001544293,-0.002192267,0.000145207,,novatel_oem7_msgs.msg.InertialSolutionStatus(status=3),
1786043848127972369,1786043848.125331616,/novatel/oem7/fix,/novatel/oem7/fix,/novatel/oem7/inspva,39.663,-75.756,-1.800769241,0.002681581,0.000145207,0.001544293,-0.002192267,0.000145207,,0,
1786043848129147021,1786043848.125979638,/novatel/oem7/odom,/novatel/oem7/fix,/novatel/oem7/odom,39.663,-75.756,-1.800769241,0.002681792,0.000141251,-0.002110093,0.001655149,0.000141251,,,
1786043848135758377,1786043848.135231229,/novatel/oem7/odom,/novatel/oem7/fix,/novatel/oem7/odom,39.663,-75.756,-1.800769241,0.002681792,0.000141251,-0.002110093,0.001655149,0.000141251,,,
1786043848146365242,1786043848.145990012,/novatel/oem7/inspva,/novatel/oem7/inspva,/novatel/oem7/inspva,39.663,-75.756,-1.800765391,0.002853068,0.000184188,0.001183993,-0.002595796,0.000184188,,novatel_oem7_msgs.msg.InertialSolutionStatus(status=3),
1786043848147141616,1786043848.146226244,/novatel/oem7/fix,/novatel/oem7/fix,/novatel/oem7/inspva,39.663,-75.756,-1.800765391,0.002853068,0.000184188,0.001183993,-0.002595796,0.000184188,,0,
1786043848147714398,1786043848.146693017,/novatel/oem7/odom,/novatel/oem7/fix,/novatel/oem7/odom,39.663,-75.756,-1.800765391,0.002853483,0.000177633,-0.002531849,0.001316096,0.000177633,,,
1786043848156397862,1786043848.155839017,/novatel/oem7/odom,/novatel/oem7/fix,/novatel/oem7/odom,39.663,-75.756,-1.800765391,0.002853483,0.000177633,-0.002531849,0.001316096,0.000177633,,,
1786043848165845205,1786043848.165150350,/novatel/oem7/inspva,/novatel/oem7/inspva,/novatel/oem7/inspva,39.663,-75.756,-1.800762895,0.002276739,0.000082786,0.001285242,-0.001879279,0.000082786,,novatel_oem7_msgs.msg.InertialSolutionStatus(status=3),
1786043848167276237,1786043848.165526007,/novatel/oem7/fix,/novatel/oem7/fix,/novatel/oem7/inspva,39.663,-75.756,-1.800762895,0.002276739,0.000082786,0.001285242,-0.001879279,0.000082786,,0,
1786043848168508473,1786043848.165886294,/novatel/oem7/odom,/novatel/oem7/fix,/novatel/oem7/odom,39.663,-75.756,-1.800762895,0.002276864,0.000079269,-0.001810648,0.001380457,0.000079269,,,
1786043848176297091,1786043848.175602953,/novatel/oem7/odom,/novatel/oem7/fix,/novatel/oem7/odom,39.663,-75.756,-1.800762895,0.002276864,0.000079269,-0.001810648,0.001380457,0.000079269,,,
1786043848185837451,1786043848.185273714,/novatel/oem7/inspva,/novatel/oem7/inspva,/novatel/oem7/inspva,39.663,-75.756,-1.800757114,0.002626102,0.000300624,0.001046775,-0.002408458,0.000300624,,novatel_oem7_msgs.msg.InertialSolutionStatus(status=3),
1786043848187239014,1786043848.185444862,/novatel/oem7/fix,/novatel/oem7/fix,/novatel/oem7/inspva,39.663,-75.756,-1.800757114,0.002626102,0.000300624,0.001046775,-0.002408458,0.000300624,,0,
1786043848188497970,1786043848.185810346,/novatel/oem7/odom,/novatel/oem7/fix,/novatel/oem7/odom,39.663,-75.756,-1.800757114,0.002626809,0.000294379,-0.002352302,0.001169102,0.000294379,,,
1786043848195110704,1786043848.194483783,/novatel/oem7/odom,/novatel/oem7/fix,/novatel/oem7/odom,39.663,-75.756,-1.800757114,0.002626809,0.000294379,-0.002352302,0.001169102,0.000294379,,,
1786043848207078512,1786043848.206522166,/novatel/oem7/inspva,/novatel/oem7/inspva,/novatel/oem7/inspva,39.663,-75.756,-1.800752338,0.002526024,0.000264217,0.001349434,-0.002135375,0.000264217,,novatel_oem7_msgs.msg.InertialSolutionStatus(status=3),
1786043848208351202,1786043848.206716852,/novatel/oem7/fix,/novatel/oem7/fix,/novatel/oem7/inspva,39.663,-75.756,-1.800752338,0.002526024,0.000264217,0.001349434,-0.002135375,0.000264217,,0,
1786043848209340699,1786043848.207111772,/novatel/oem7/odom,/novatel/oem7/fix,/novatel/oem7/odom,39.663,-75.756,-1.800752338,0.002526469,0.000259925,-0.002063800,0.001457318,0.000259925,,,
1786043848211200138,1786043848.210471370,/novatel/oem7/bestpos,/novatel/oem7/bestpos,/novatel/oem7/odom,39.663,-75.756,33.181539944,0.002526469,0.000259925,-0.002063800,0.001457318,0.000259925,,novatel_oem7_msgs.msg.SolutionStatus(status=0),novatel_oem7_msgs.msg.PositionOrVelocityType(type=53)
1786043848212570855,1786043848.210865134,/novatel/oem7/bestvel,/novatel/oem7/bestpos,/novatel/oem7/bestvel,39.663,-75.756,33.181539944,0.002820277,0.000451817,,,,298.250125177,novatel_oem7_msgs.msg.SolutionStatus(status=0),novatel_oem7_msgs.msg.PositionOrVelocityType(type=53)
1786043848215242745,1786043848.214586978,/novatel/oem7/odom,/novatel/oem7/bestpos,/novatel/oem7/odom,39.663,-75.756,33.181539944,0.002526469,0.000259925,-0.002063800,0.001457318,0.000259925,,,
1786043848225872973,1786043848.225318164,/novatel/oem7/inspva,/novatel/oem7/inspva,/novatel/oem7/inspva,39.663,-75.756,-1.800745200,0.002776423,0.000350791,0.001141923,-0.002530719,0.000350791,,novatel_oem7_msgs.msg.InertialSolutionStatus(status=3),
1786043848227177560,1786043848.225518816,/novatel/oem7/fix,/novatel/oem7/fix,/novatel/oem7/inspva,39.663,-75.756,-1.800745200,0.002776423,0.000350791,0.001141923,-0.002530719,0.000350791,,0,
1786043848228185940,1786043848.225891057,/novatel/oem7/odom,/novatel/oem7/fix,/novatel/oem7/odom,39.663,-75.756,-1.800745200,0.002777227,0.000344370,-0.002469668,0.001270326,0.000344370,,,
1786043848236163714,1786043848.235541791,/novatel/oem7/odom,/novatel/oem7/fix,/novatel/oem7/odom,39.663,-75.756,-1.800745200,0.002777227,0.000344370,-0.002469668,0.001270326,0.000344370,,,
1786043848245818922,1786043848.245295057,/novatel/oem7/inspva,/novatel/oem7/inspva,/novatel/oem7/inspva,39.663,-75.756,-1.800740270,0.002829643,0.000086109,0.001505384,-0.002395975,0.000086109,,novatel_oem7_msgs.msg.InertialSolutionStatus(status=3),
1786043848247095698,1786043848.245473749,/novatel/oem7/fix,/novatel/oem7/fix,/novatel/oem7/inspva,39.663,-75.756,-1.800740270,0.002829643,0.000086109,0.001505384,-0.002395975,0.000086109,,0,
1786043848248081012,1786043848.246097556,/novatel/oem7/odom,/novatel/oem7/fix,/novatel/oem7/odom,39.663,-75.756,-1.800740270,0.002829786,0.000081269,-0.002315263,0.001627036,0.000081269,,,
1786043848256959378,1786043848.256298605,/novatel/oem7/odom,/novatel/oem7/fix,/novatel/oem7/odom,39.663,-75.756,-1.800740270,0.002829786,0.000081269,-0.002315263,0.001627036,0.000081269,,,
1786043848266552993,1786043848.266016957,/novatel/oem7/inspva,/novatel/oem7/inspva,/novatel/oem7/inspva,39.663,-75.756,-1.800729259,0.002685020,0.000633977,0.001149340,-0.002426593,0.000633977,,novatel_oem7_msgs.msg.InertialSolutionStatus(status=3),
1786043848267832869,1786043848.266182736,/novatel/oem7/fix,/novatel/oem7/fix,/novatel/oem7/inspva,39.663,-75.756,-1.800729259,0.002685020,0.000633977,0.001149340,-0.002426593,0.000633977,,0,
1786043848268816649,1786043848.266556745,/novatel/oem7/odom,/novatel/oem7/fix,/novatel/oem7/odom,39.663,-75.756,-1.800729259,0.002686436,0.000627950,-0.002366420,0.001271612,0.000627950,,,
1786043848275054352,1786043848.274433510,/novatel/oem7/odom,/novatel/oem7/fix,/novatel/oem7/odom,39.663,-75.756,-1.800729259,0.002686436,0.000627950,-0.002366420,0.001271612,0.000627950,,,
1786043848285603026,1786043848.285068488,/novatel/oem7/inspva,/novatel/oem7/inspva,/novatel/oem7/inspva,39.663,-75.756,-1.800722716,0.002250674,0.000439862,0.000985988,-0.002023205,0.000439862,,novatel_oem7_msgs.msg.InertialSolutionStatus(status=3),
1786043848286856202,1786043848.285228895,/novatel/oem7/fix,/novatel/oem7/fix,/novatel/oem7/inspva,39.663,-75.756,-1.800722716,0.002250674,0.000439862,0.000985988,-0.002023205,0.000439862,,0,
1786043848287840102,1786043848.285552166,/novatel/oem7/odom,/novatel/oem7/fix,/novatel/oem7/odom,39.663,-75.756,-1.800722716,0.002251634,0.000434918,-0.001971251,0.001088128,0.000434918,,,
1786043848296065436,1786043848.295449523,/novatel/oem7/odom,/novatel/oem7/fix,/novatel/oem7/odom,39.663,-75.756,-1.800722716,0.002251634,0.000434918,-0.001971251,0.001088128,0.000434918,,,
1786043848306191632,1786043848.305694823,/novatel/oem7/inspva,/novatel/oem7/inspva,/novatel/oem7/inspva,39.663,-75.756,-1.800713057,0.002421986,0.000479656,0.001042839,-0.002185979,0.000479656,,novatel_oem7_msgs.msg.InertialSolutionStatus(status=3),
1786043848307496528,1786043848.305852709,/novatel/oem7/fix,/novatel/oem7/fix,/novatel/oem7/inspva,39.663,-75.756,-1.800713057,0.002421986,0.000479656,0.001042839,-0.002185979,0.000479656,,0,
1786043848308638587,1786043848.306232528,/novatel/oem7/odom,/novatel/oem7/fix,/novatel/oem7/odom,39.663,-75.756,-1.800713057,0.002423056,0.000474222,-0.002131029,0.001153221,0.000474222,,,
1786043848310496016,1786043848.309585687,/novatel/oem7/bestpos,/novatel/oem7/bestpos,/novatel/oem7/odom,39.663,-75.756,33.181571552,0.002423056,0.000474222,-0.002131029,0.001153221,0.000474222,,novatel_oem7_msgs.msg.SolutionStatus(status=0),novatel_oem7_msgs.msg.PositionOrVelocityType(type=53)
1786043848311843883,1786043848.310257633,/novatel/oem7/bestvel,/novatel/oem7/bestpos,/novatel/oem7/bestvel,39.663,-75.756,33.181571552,0.001982773,0.000291056,,,,299.158598262,novatel_oem7_msgs.msg.SolutionStatus(status=0),novatel_oem7_msgs.msg.PositionOrVelocityType(type=53)
1786043848315160006,1786043848.314527693,/novatel/oem7/odom,/novatel/oem7/bestpos,/novatel/oem7/odom,39.663,-75.756,33.181571552,0.002423056,0.000474222,-0.002131029,0.001153221,0.000474222,,,
1786043848326989496,1786043848.326487241,/novatel/oem7/inspva,/novatel/oem7/inspva,/novatel/oem7/inspva,39.663,-75.756,-1.800706902,0.002352279,0.000198478,0.000921689,-0.002164187,0.000198478,,novatel_oem7_msgs.msg.InertialSolutionStatus(status=3),
1786043848328276269,1786043848.326628153,/novatel/oem7/fix,/novatel/oem7/fix,/novatel/oem7/inspva,39.663,-75.756,-1.800706902,0.002352279,0.000198478,0.000921689,-0.002164187,0.000198478,,0,
1786043848329262939,1786043848.326991636,/novatel/oem7/odom,/novatel/oem7/fix,/novatel/oem7/odom,39.663,-75.756,-1.800706902,0.002352750,0.000192804,-0.002114403,0.001031859,0.000192804,,,
1786043848335329768,1786043848.334728889,/novatel/oem7/odom,/novatel/oem7/fix,/novatel/oem7/odom,39.663,-75.756,-1.800706902,0.002352750,0.000192804,-0.002114403,0.001031859,0.000192804,,,
1786043848345709413,1786043848.345082887,/novatel/oem7/inspva,/novatel/oem7/inspva,/novatel/oem7/inspva,39.663,-75.756,-1.800695298,0.002406463,0.000455337,0.000893791,-0.002234324,0.000455337,,novatel_oem7_msgs.msg.InertialSolutionStatus(status=3),
1786043848347052293,1786043848.345261389,/novatel/oem7/fix,/novatel/oem7/fix,/novatel/oem7/inspva,39.663,-75.756,-1.800695298,0.002406463,0.000455337,0.000893791,-0.002234324,0.000455337,,0,
1786043848348088328,1786043848.345579688,/novatel/oem7/odom,/novatel/oem7/fix,/novatel/oem7/odom,39.663,-75.756,-1.800695298,0.002407596,0.000449312,-0.002186916,0.001006933,0.000449312,,,
1786043848356320761,1786043848.355716402,/novatel/oem7/odom,/novatel/oem7/fix,/novatel/oem7/odom,39.663,-75.756,-1.800695298,0.002407596,0.000449312,-0.002186916,0.001006933,0.000449312,,,
1786043848365746777,1786043848.365179324,/novatel/oem7/inspva,/novatel/oem7/inspva,/novatel/oem7/inspva,39.663,-75.756,-1.800690330,0.002419134,0.000048105,0.000941068,-0.002228588,0.000048105,,novatel_oem7_msgs.msg.InertialSolutionStatus(status=3),
1786043848367055973,1786043848.365316129,/novatel/oem7/fix,/novatel/oem7/fix,/novatel/oem7/inspva,39.663,-75.756,-1.800690330,0.002419134,0.000048105,0.000941068,-0.002228588,0.000048105,,0,
1786043848368085051,1786043848.365970385,/novatel/oem7/odom,/novatel/oem7/fix,/novatel/oem7/odom,39.663,-75.756,-1.800690330,0.002419244,0.000042230,-0.002177109,0.001054958,0.000042230,,,
1786043848375377371,1786043848.374741194,/novatel/oem7/odom,/novatel/oem7/fix,/novatel/oem7/odom,39.663,-75.756,-1.800690330,0.002419244,0.000042230,-0.002177109,0.001054958,0.000042230,,,
1786043848386496448,1786043848.385947295,/novatel/oem7/inspva,/novatel/oem7/inspva,/novatel/oem7/inspva,39.663,-75.756,-1.800680909,0.002684524,0.000354965,0.001221442,-0.002390554,0.000354965,,novatel_oem7_msgs.msg.InertialSolutionStatus(status=3),
1786043848387813631,1786043848.386097117,/novatel/oem7/fix,/novatel/oem7/fix,/novatel/oem7/inspva,39.663,-75.756,-1.800680909,0.002684524,0.000354965,0.001221442,-0.002390554,0.000354965,,0,
1786043848388839338,1786043848.386460647,/novatel/oem7/odom,/novatel/oem7/fix,/novatel/oem7/odom,39.663,-75.756,-1.800680909,0.002685272,0.000349262,-0.002325580,0.001342522,0.000349262,,,
1786043848395165026,1786043848.394512719,/novatel/oem7/odom,/novatel/oem7/fix,/novatel/oem7/odom,39.663,-75.756,-1.800680909,0.002685272,0.000349262,-0.002325580,0.001342522,0.000349262,,,
1786043848406216794,1786043848.405707076,/novatel/oem7/inspva,/novatel/oem7/inspva,/novatel/oem7/inspva,39.663,-75.756,-1.800676111,0.002435034,0.000232860,0.000742538,-0.002319057,0.000232860,,novatel_oem7_msgs.msg.InertialSolutionStatus(status=3),
1786043848407591322,1786043848.405838680,/novatel/oem7/fix,/novatel/oem7/fix,/novatel/oem7/inspva,39.663,-75.756,-1.800676111,0.002435034,0.000232860,0.000742538,-0.002319057,0.000232860,,0,
1786043848408606948,1786043848.406789690,/novatel/oem7/odom,/novatel/oem7/fix,/novatel/oem7/odom,39.663,-75.756,-1.800676111,0.002435674,0.000226060,-0.002278456,0.000860898,0.000226060,,,
1786043848410803491,1786043848.410166424,/novatel/oem7/bestpos,/novatel/oem7/bestpos,/novatel/oem7/odom,39.663,-75.756,33.181610995,0.002435674,0.000226060,-0.002278456,0.000860898,0.000226060,,novatel_oem7_msgs.msg.SolutionStatus(status=0),novatel_oem7_msgs.msg.PositionOrVelocityType(type=53)
1786043848412222242,1786043848.410572458,/novatel/oem7/bestvel,/novatel/oem7/bestpos,/novatel/oem7/bestvel,39.663,-75.756,33.181610995,0.002437568,-0.000066846,,,,297.381013905,novatel_oem7_msgs.msg.SolutionStatus(status=0),novatel_oem7_msgs.msg.PositionOrVelocityType(type=53)
1786043848416067778,1786043848.415457482,/novatel/oem7/odom,/novatel/oem7/bestpos,/novatel/oem7/odom,39.663,-75.756,33.181610995,0.002435674,0.000226060,-0.002278456,0.000860898,0.000226060,,,
1786043848425395506,1786043848.424921258,/novatel/oem7/inspva,/novatel/oem7/inspva,/novatel/oem7/inspva,39.663,-75.756,-1.800670257,0.002561856,0.000131297,0.001107163,-0.002310258,0.000131297,,novatel_oem7_msgs.msg.InertialSolutionStatus(status=3),
1786043848426745416,1786043848.425058765,/novatel/oem7/fix,/novatel/oem7/fix,/novatel/oem7/inspva,39.663,-75.756,-1.800670257,0.002561856,0.000131297,0.001107163,-0.002310258,0.000131297,,0,
1786043848427770250,1786043848.425436302,/novatel/oem7/odom,/novatel/oem7/fix,/novatel/oem7/odom,39.663,-75.756,-1.800670257,0.002562144,0.000125538,-0.002250400,0.001224861,0.000125538,,,
1786043848434982136,1786043848.434297603,/novatel/oem7/odom,/novatel/oem7/fix,/novatel/oem7/odom,39.663,-75.756,-1.800670257,0.002562144,0.000125538,-0.002250400,0.001224861,0.000125538,,,
1786043848447026572,1786043848.446519827,/novatel/oem7/inspva,/novatel/oem7/inspva,/novatel/oem7/inspva,39.663,-75.756,-1.800667373,0.002527589,-0.000081173,0.000900806,-0.002361621,-0.000081173,,novatel_oem7_msgs.msg.InertialSolutionStatus(status=3),
1786043848448331015,1786043848.446660895,/novatel/oem7/fix,/novatel/oem7/fix,/novatel/oem7/inspva,39.663,-75.756,-1.800667373,0.002527589,-0.000081173,0.000900806,-0.002361621,-0.000081173,,0,
1786043848449329159,1786043848.447004378,/novatel/oem7/odom,/novatel/oem7/fix,/novatel/oem7/odom,39.663,-75.756,-1.800667373,0.002527372,-0.000087684,-0.002311514,0.001022014,-0.000087684,,,
1786043848457074314,1786043848.456432501,/novatel/oem7/odom,/novatel/oem7/fix,/novatel/oem7/odom,39.663,-75.756,-1.800667373,0.002527372,-0.000087684,-0.002311514,0.001022014,-0.000087684,,,
1786043848465354225,1786043848.464866246,/novatel/oem7/inspva,/novatel/oem7/inspva,/novatel/oem7/inspva,39.663,-75.756,-1.800660063,0.002551243,-0.000016961,0.001110827,-0.002296716,-0.000016961,,novatel_oem7_msgs.msg.InertialSolutionStatus(status=3),
1786043848466669305,1786043848.465003605,/novatel/oem7/fix,/novatel/oem7/fix,/novatel/oem7/inspva,39.663,-75.756,-1.800660063,0.002551243,-0.000016961,0.001110827,-0.002296716,-0.000016961,,0,
1786043848467708575,1786043848.465392275,/novatel/oem7/odom,/novatel/oem7/fix,/novatel/oem7/odom,39.663,-75.756,-1.800660063,0.002551199,-0.000022626,-0.002236091,0.001228217,-0.000022626,,,
1786043848476033937,1786043848.475395950,/novatel/oem7/odom,/novatel/oem7/fix,/novatel/oem7/odom,39.663,-75.756,-1.800660063,0.002551199,-0.000022626,-0.002236091,0.001228217,-0.000022626,,,
1786043848485779989,1786043848.485246550,/novatel/oem7/inspva,/novatel/oem7/inspva,/novatel/oem7/inspva,39.663,-75.756,-1.800650960,0.002575109,0.000408338,0.000975352,-0.002383249,0.000408338,,novatel_oem7_msgs.msg.InertialSolutionStatus(status=3),
1786043848487041002,1786043848.485388765,/novatel/oem7/fix,/novatel/oem7/fix,/novatel/oem7/inspva,39.663,-75.756,-1.800650960,0.002575109,0.000408338,0.000975352,-0.002383249,0.000408338,,0,
1786043848488058629,1786043848.485933113,/novatel/oem7/odom,/novatel/oem7/fix,/novatel/oem7/odom,39.663,-75.756,-1.800650960,0.002576117,0.000401928,-0.002331210,0.001096285,0.000401928,,,
1786043848495457254,1786043848.494818547,/novatel/oem7/odom,/novatel/oem7/fix,/novatel/oem7/odom,39.663,-75.756,-1.800650960,0.002576117,0.000401928,-0.002331210,0.001096285,0.000401928,,,
1786043848506796072,1786043848.506038698,/novatel/oem7/inspva,/novatel/oem7/inspva,/novatel/oem7/inspva,39.663,-75.756,-1.800646849,0.002478543,0.000200203,0.001240605,-0.002145711,0.000200203,,novatel_oem7_msgs.msg.InertialSolutionStatus(status=3),
1786043848508098335,1786043848.506305284,/novatel/oem7/fix,/novatel/oem7/fix,/novatel/oem7/inspva,39.663,-75.756,-1.800646849,0.002478543,0.000200203,0.001240605,-0.002145711,0.000200203,,0,
1786043848509106679,1786043848.506600772,/novatel/oem7/odom,/novatel/oem7/fix,/novatel/oem7/odom,39.663,-75.756,-1.800646849,0.002478921,0.000195472,-0.002079429,0.001349453,0.000195472,,,
1786043848511367128,1786043848.510787606,/novatel/oem7/bestpos,/novatel/oem7/bestpos,/novatel/oem7/odom,39.663,-75.756,33.181635924,0.002478921,0.000195472,-0.002079429,0.001349453,0.000195472,,novatel_oem7_msgs.msg.SolutionStatus(status=0),novatel_oem7_msgs.msg.PositionOrVelocityType(type=53)
1786043848512771906,1786043848.511293048,/novatel/oem7/bestvel,/novatel/oem7/bestpos,/novatel/oem7/bestvel,39.663,-75.756,33.181635924,0.002829903,0.000189057,,,,301.757486178,novatel_oem7_msgs.msg.SolutionStatus(status=0),novatel_oem7_msgs.msg.PositionOrVelocityType(type=53)
1786043848514953568,1786043848.514345245,/novatel/oem7/odom,/novatel/oem7/bestpos,/novatel/oem7/odom,39.663,-75.756,33.181635924,0.002478921,0.000195472,-0.002079429,0.001349453,0.000195472,,,
1786043848525616863,1786043848.525107688,/novatel/oem7/inspva,/novatel/oem7/inspva,/novatel/oem7/inspva,39.663,-75.756,-1.800640953,0.002351604,0.000144362,0.000719132,-0.002238949,0.000144362,,novatel_oem7_msgs.msg.InertialSolutionStatus(status=3),
1786043848526878959,1786043848.525251790,/novatel/oem7/fix,/novatel/oem7/fix,/novatel/oem7/inspva,39.663,-75.756,-1.800640953,0.002351604,0.000144362,0.000719132,-0.002238949,0.000144362,,0,
1786043848527906083,1786043848.525775795,/novatel/oem7/odom,/novatel/oem7/fix,/novatel/oem7/odom,39.663,-75.756,-1.800640953,0.002351998,0.000137796,-0.002199293,0.000833669,0.000137796,,,
1786043848535976085,1786043848.535351512,/novatel/oem7/odom,/novatel/oem7/fix,/novatel/oem7/odom,39.663,-75.756,-1.800640953,0.002351998,0.000137796,-0.002199293,0.000833669,0.000137796,,,
1786043848545506132,1786043848.544966767,/novatel/oem7/inspva,/novatel/oem7/inspva,/novatel/oem7/inspva,39.663,-75.756,-1.800632553,0.001933641,0.000121312,0.000986171,-0.001663260,0.000121312,,novatel_oem7_msgs.msg.InertialSolutionStatus(status=3),
1786043848546830526,1786043848.545118988,/novatel/oem7/fix,/novatel/oem7/fix,/novatel/oem7/inspva,39.663,-75.756,-1.800632553,0.001933641,0.000121312,0.000986171,-0.001663260,0.000121312,,0,
1786043848547862262,1786043848.545520348,/novatel/oem7/odom,/novatel/oem7/fix,/novatel/oem7/odom,39.663,-75.756,-1.800632553,0.001933863,0.000117727,-0.001610471,0.001070611,0.000117727,,,
1786043848556242437,1786043848.555623211,/novatel/oem7/odom,/novatel/oem7/fix,/novatel/oem7/odom,39.663,-75.756,-1.800632553,0.001933863,0.000117727,-0.001610471,0.001070611,0.000117727,,,
1786043848566997343,1786043848.566508078,/novatel/oem7/inspva,/novatel/oem7/inspva,/novatel/oem7/inspva,39.663,-75.756,-1.800624040,0.002534766,0.000199116,0.000638364,-0.002453065,0.000199116,,novatel_oem7_msgs.msg.InertialSolutionStatus(status=3),
1786043848568303720,1786043848.566662730,/novatel/oem7/fix,/novatel/oem7/fix,/novatel/oem7/inspva,39.663,-75.756,-1.800624040,0.002534766,0.000199116,0.000638364,-0.002453065,0.000199116,,0,
1786043848569666147,1786043848.567060537,/novatel/oem7/odom,/novatel/oem7/fix,/novatel/oem7/odom,39.663,-75.756,-1.800624040,0.002535355,0.000191473,-0.002417516,0.000763962,0.000191473,,,
1786043848575138053,1786043848.574545307,/novatel/oem7/odom,/novatel/oem7/fix,/novatel/oem7/odom,39.663,-75.756,-1.800624040,0.002535355,0.000191473,-0.002417516,0.000763962,0.000191473,,,
1786043848585328563,1786043848.584845318,/novatel/oem7/inspva,/novatel/oem7/inspva,/novatel/oem7/inspva,39.663,-75.756,-1.800614921,0.002201233,0.000168255,0.000928992,-0.001995596,0.000168255,,novatel_oem7_msgs.msg.InertialSolutionStatus(status=3),
1786043848586668473,1786043848.584995693,/novatel/oem7/fix,/novatel/oem7/fix,/novatel/oem7/inspva,39.663,-75.756,-1.800614921,0.002201233,0.000168255,0.000928992,-0.001995596,0.000168255,,0,
1786043848587707344,1786043848.585371043,/novatel/oem7/odom,/novatel/oem7/fix,/novatel/oem7/odom,39.663,-75.756,-1.800614921,0.002201611,0.000163238,-0.001945492,0.001030607,0.000163238,,,
1786043848596004531,1786043848.595392565,/novatel/oem7/odom,/novatel/oem7/fix,/novatel/oem7/odom,39.663,-75.756,-1.800614921,0.002201611,0.000163238,-0.001945492,0.001030607,0.000163238,,,
1786043848607009707,1786043848.606500345,/novatel/oem7/inspva,/novatel/oem7/inspva,/novatel/oem7/inspva,39.663,-75.756,-1.800603491,0.002446663,0.000429902,0.000832659,-0.002300617,0.000429902,,novatel_oem7_msgs.msg.InertialSolutionStatus(status=3),
1786043848608308190,1786043848.606654553,/novatel/oem7/fix,/novatel/oem7/fix,/novatel/oem7/inspva,39.663,-75.756,-1.800603491,0.002446663,0.000429902,0.000832659,-0.002300617,0.000429902,,0,
1786043848609329083,1786043848.607045937,/novatel/oem7/odom,/novatel/oem7/fix,/novatel/oem7/odom,39.663,-75.756,-1.800603491,0.002447788,0.000423446,-0.002256138,0.000949478,0.000423446,,,
1786043848610841962,1786043848.610182172,/novatel/oem7/bestpos,/novatel/oem7/bestpos,/novatel/oem7/odom,39.663,-75.756,33.181673251,0.002447788,0.000423446,-0.002256138,0.000949478,0.000423446,,novatel_oem7_msgs.msg.SolutionStatus(status=0),novatel_oem7_msgs.msg.PositionOrVelocityType(type=53)
1786043848612209769,1786043848.610552266,/novatel/oem7/bestvel,/novatel/oem7/bestpos,/novatel/oem7/bestvel,39.663,-75.756,33.181673251,0.002673640,0.000333831,,,,294.593507748,novatel_oem7_msgs.msg.SolutionStatus(status=0),novatel_oem7_msgs.msg.PositionOrVelocityType(type=53)
1786043848615393775,1786043848.614811305,/novatel/oem7/odom,/novatel/oem7/bestpos,/novatel/oem7/odom,39.663,-75.756,33.181673251,0.002447788,0.000423446,-0.002256138,0.000949478,0.000423446,,,
1786043848626675579,1786043848.626154037,/novatel/oem7/inspva,/novatel/oem7/inspva,/novatel/oem7/inspva,39.663,-75.756,-1.800593424,0.002352713,0.000444117,0.001069152,-0.002095751,0.000444117,,novatel_oem7_msgs.msg.InertialSolutionStatus(status=3),
1786043848627937759,1786043848.626379746,/novatel/oem7/fix,/novatel/oem7/fix,/novatel/oem7/inspva,39.663,-75.756,-1.800593424,0.002352713,0.000444117,0.001069152,-0.002095751,0.000444117,,0,
1786043848628966713,1786043848.626725538,/novatel/oem7/odom,/novatel/oem7/fix,/novatel/oem7/odom,39.663,-75.756,-1.800593424,0.002353654,0.000439104,-0.002039365,0.001175022,0.000439104,,,
1786043848635385428,1786043848.634755334,/novatel/oem7/odom,/novatel/oem7/fix,/novatel/oem7/odom,39.663,-75.756,-1.800593424,0.002353654,0.000439104,-0.002039365,0.001175022,0.000439104,,,
1786043848646282162,1786043848.645377262,/novatel/oem7/inspva,/novatel/oem7/inspva,/novatel/oem7/inspva,39.663,-75.756,-1.800586384,0.002349127,0.000064446,0.000575829,-0.002277459,0.000064446,,novatel_oem7_msgs.msg.InertialSolutionStatus(status=3),
1786043848648308326,1786043848.645692386,/novatel/oem7/fix,/novatel/oem7/fix,/novatel/oem7/inspva,39.663,-75.756,-1.800586384,0.002349127,0.000064446,0.000575829,-0.002277459,0.000064446,,0,
1786043848649945049,1786043848.646198453,/novatel/oem7/odom,/novatel/oem7/fix,/novatel/oem7/odom,39.663,-75.756,-1.800586384,0.002349312,0.000057305,-0.002244839,0.000692796,0.000057305,,,
1786043848657264970,1786043848.656373731,/novatel/oem7/odom,/novatel/oem7/fix,/novatel/oem7/odom,39.663,-75.756,-1.800586384,0.002349312,0.000057305,-0.002244839,0.000692796,0.000057305,,,
1786043848665874467,1786043848.665353502,/novatel/oem7/inspva,/novatel/oem7/inspva,/novatel/oem7/inspva,39.663,-75.756,-1.800575057,0.002414289,0.000116407,0.000770627,-0.002287996,0.000116407,,novatel_oem7_msgs.msg.InertialSolutionStatus(status=3),
1786043848667185291,1786043848.665605418,/novatel/oem7/fix,/novatel/oem7/fix,/novatel/oem7/inspva,39.663,-75.756,-1.800575057,0.002414289,0.000116407,0.000770627,-0.002287996,0.000116407,,0,
1786043848668400763,1786043848.665891638,/novatel/oem7/odom,/novatel/oem7/fix,/novatel/oem7/odom,39.663,-75.756,-1.800575057,0.002414598,0.000109804,-0.002245483,0.000887746,0.000109804,,,
1786043848675467823,1786043848.674533704,/novatel/oem7/odom,/novatel/oem7/fix,/novatel/oem7/odom,39.663,-75.756,-1.800575057,0.002414598,0.000109804,-0.002245483,0.000887746,0.000109804,,,
1786043848687448207,1786043848.686726512,/novatel/oem7/inspva,/novatel/oem7/inspva,/novatel/oem7/inspva,39.663,-75.756,-1.800563617,0.002462093,0.000538536,0.000497685,-0.002411268,0.000538536,,novatel_oem7_msgs.msg.InertialSolutionStatus(status=3),
1786043848689030431,1786043848.686945261,/novatel/oem7/fix,/novatel/oem7/fix,/novatel/oem7/inspva,39.663,-75.756,-1.800563617,0.002462093,0.000538536,0.000497685,-0.002411268,0.000538536,,0,
1786043848690210528,1786043848.687616008,/novatel/oem7/odom,/novatel/oem7/fix,/novatel/oem7/odom,39.663,-75.756,-1.800563617,0.002463806,0.000530646,-0.002384397,0.000620476,0.000530646,,,
1786043848696095752,1786043848.695161365,/novatel/oem7/odom,/novatel/oem7/fix,/novatel/oem7/odom,39.663,-75.756,-1.800563617,0.002463806,0.000530646,-0.002384397,0.000620476,0.000530646,,,
1786043848706381619,1786043848.705652106,/novatel/oem7/inspva,/novatel/oem7/inspva,/novatel/oem7/inspva,39.663,-75.756,-1.800556729,0.002387323,0.000388750,0.000491670,-0.002336145,0.000388750,,novatel_oem7_msgs.msg.InertialSolutionStatus(status=3),
1786043848707746108,1786043848.705875706,/novatel/oem7/fix,/novatel/oem7/fix,/novatel/oem7/inspva,39.663,-75.756,-1.800556729,0.002387323,0.000388750,0.000491670,-0.002336145,0.000388750,,0,
1786043848708657540,1786043848.706347178,/novatel/oem7/odom,/novatel/oem7/fix,/novatel/oem7/odom,39.663,-75.756,-1.800556729,0.002388554,0.000381119,-0.002309089,0.000610980,0.000381119,,,
1786043848710634912,1786043848.708998642,/novatel/oem7/bestpos,/novatel/oem7/bestpos,/novatel/oem7/odom,39.663,-75.756,33.181721497,0.002388554,0.000381119,-0.002309089,0.000610980,0.000381119,,novatel_oem7_msgs.msg.SolutionStatus(status=0),novatel_oem7_msgs.msg.PositionOrVelocityType(type=53)
1786043848711492164,1786043848.709579241,/novatel/oem7/bestvel,/novatel/oem7/bestpos,/novatel/oem7/bestvel,39.663,-75.756,33.181721497,0.002151194,0.000329890,,,,280.637610173,novatel_oem7_msgs.msg.SolutionStatus(status=0),novatel_oem7_msgs.msg.PositionOrVelocityType(type=53)
1786043848716350808,1786043848.715592522,/novatel/oem7/odom,/novatel/oem7/bestpos,/novatel/oem7/odom,39.663,-75.756,33.181721497,0.002388554,0.000381119,-0.002309089,0.000610980,0.000381119,,,
1786043848726112730,1786043848.725484153,/novatel/oem7/inspva,/novatel/oem7/inspva,/novatel/oem7/inspva,39.663,-75.756,-1.800551832,0.002336606,-0.000026357,0.000579171,-0.002263689,-0.000026357,,novatel_oem7_msgs.msg.InertialSolutionStatus(status=3),
1786043848727688668,1786043848.725714962,/novatel/oem7/fix,/novatel/oem7/fix,/novatel/oem7/inspva,39.663,-75.756,-1.800551832,0.002336606,-0.000026357,0.000579171,-0.002263689,-0.000026357,,0,
1786043848728778699,1786043848.726505136,/novatel/oem7/odom,/novatel/oem7/fix,/novatel/oem7/odom,39.663,-75.756,-1.800551832,0.002336515,-0.000033438,-0.002230539,0.000695698,-0.000033438,,,
1786043848735451864,1786043848.734713313,/novatel/oem7/odom,/novatel/oem7/fix,/novatel/oem7/odom,39.663,-75.756,-1.800551832,0.002336515,-0.000033438,-0.002230539,0.000695698,-0.000033438,,,
1786043848747283462,1786043848.746293421,/novatel/oem7/inspva,/novatel/oem7/inspva,/novatel/oem7/inspva,39.663,-75.756,-1.800541782,0.002229136,0.000242565,0.000479682,-0.002176913,0.000242565,,novatel_oem7_msgs.msg.InertialSolutionStatus(status=3),
1786043848749123641,1786043848.746614744,/novatel/oem7/fix,/novatel/oem7/fix,/novatel/oem7/inspva,39.663,-75.756,-1.800541782,0.002229136,0.000242565,0.000479682,-0.002176913,0.000242565,,0,
1786043848750401691,1786043848.747303674,/novatel/oem7/odom,/novatel/oem7/fix,/novatel/oem7/odom,39.663,-75.756,-1.800541782,0.002229890,0.000235528,-0.002150107,0.000591144,0.000235528,,,
1786043848756766661,1786043848.755928002,/novatel/oem7/odom,/novatel/oem7/fix,/novatel/oem7/odom,39.663,-75.756,-1.800541782,0.002229890,0.000235528,-0.002150107,0.000591144,0.000235528,,,
1786043848765858841,1786043848.765325734,/novatel/oem7/inspva,/novatel/oem7/inspva,/novatel/oem7/inspva,39.663,-75.756,-1.800535816,0.002323806,0.000177260,0.000330453,-0.002300190,0.000177260,,novatel_oem7_msgs.msg.InertialSolutionStatus(status=3),
1786043848766987452,1786043848.765518946,/novatel/oem7/fix,/novatel/oem7/fix,/novatel/oem7/inspva,39.663,-75.756,-1.800535816,0.002323806,0.000177260,0.000330453,-0.002300190,0.000177260,,0,
1786043848767855006,1786043848.766084198,/novatel/oem7/odom,/novatel/oem7/fix,/novatel/oem7/odom,39.663,-75.756,-1.800535816,0.002324397,0.000169324,-0.002280680,0.000448690,0.000169324,,,
1786043848776463471,1786043848.775606338,/novatel/oem7/odom,/novatel/oem7/fix,/novatel/oem7/odom,39.663,-75.756,-1.800535816,0.002324397,0.000169324,-0.002280680,0.000448690,0.000169324,,,
1786043848785877679,1786043848.785184419,/novatel/oem7/inspva,/novatel/oem7/inspva,/novatel/oem7/inspva,39.663,-75.756,-1.800527540,0.002367974,0.000365784,0.000423500,-0.002329795,0.000365784,,novatel_oem7_msgs.msg.InertialSolutionStatus(status=3),
1786043848787306821,1786043848.785465099,/novatel/oem7/fix,/novatel/oem7/fix,/novatel/oem7/inspva,39.663,-75.756,-1.800527540,0.002367974,0.000365784,0.000423500,-0.002329795,0.000365784,,0,
1786043848788446460,1786043848.785992020,/novatel/oem7/odom,/novatel/oem7/fix,/novatel/oem7/odom,39.663,-75.756,-1.800527540,0.002369167,0.000357972,-0.002306180,0.000542666,0.000357972,,,
1786043848795216631,1786043848.794513377,/novatel/oem7/odom,/novatel/oem7/fix,/novatel/oem7/odom,39.663,-75.756,-1.800527540,0.002369167,0.000357972,-0.002306180,0.000542666,0.000357972,,,
1786043848806623695,1786043848.805853952,/novatel/oem7/inspva,/novatel/oem7/inspva,/novatel/oem7/inspva,39.663,-75.756,-1.800518650,0.002415381,0.000361142,0.000263059,-0.002401013,0.000361142,,novatel_oem7_msgs.msg.InertialSolutionStatus(status=3),
1786043848808341742,1786043848.806099738,/novatel/oem7/fix,/novatel/oem7/fix,/novatel/oem7/inspva,39.663,-75.756,-1.800518650,0.002415381,0.000361142,0.000263059,-0.002401013,0.000361142,,0,
1786043848809725576,1786043848.806675684,/novatel/oem7/odom,/novatel/oem7/fix,/novatel/oem7/odom,39.663,-75.756,-1.800518650,0.002416639,0.000352625,-0.002385594,0.000386119,0.000352625,,,
1786043848811496554,1786043848.810141602,/novatel/oem7/bestpos,/novatel/oem7/bestpos,/novatel/oem7/odom,39.663,-75.756,33.181762468,0.002416639,0.000352625,-0.002385594,0.000386119,0.000352625,,novatel_oem7_msgs.msg.SolutionStatus(status=0),novatel_oem7_msgs.msg.PositionOrVelocityType(type=53)
1786043848812517709,1786043848.810553290,/novatel/oem7/bestvel,/novatel/oem7/bestpos,/novatel/oem7/bestvel,39.663,-75.756,33.181762468,0.002484987,0.000399433,,,,275.990953989,novatel_oem7_msgs.msg.SolutionStatus(status=0),novatel_oem7_msgs.msg.PositionOrVelocityType(type=53)
1786043848815832971,1786043848.815065620,/novatel/oem7/odom,/novatel/oem7/bestpos,/novatel/oem7/odom,39.663,-75.756,33.181762468,0.002416639,0.000352625,-0.002385594,0.000386119,0.000352625,,,
1786043848825600535,1786043848.824921309,/novatel/oem7/inspva,/novatel/oem7/inspva,/novatel/oem7/inspva,39.663,-75.756,-1.800505435,0.002112310,0.000711094,0.000226346,-0.002100148,0.000711094,,novatel_oem7_msgs.msg.InertialSolutionStatus(status=3),
1786043848826937281,1786043848.825153308,/novatel/oem7/fix,/novatel/oem7/fix,/novatel/oem7/inspva,39.663,-75.756,-1.800505435,0.002112310,0.000711094,0.000226346,-0.002100148,0.000711094,,0,
1786043848827781689,1786043848.825730157,/novatel/oem7/odom,/novatel/oem7/fix,/novatel/oem7/odom,39.663,-75.756,-1.800505435,0.002114814,0.000703613,-0.002088438,0.000332964,0.000703613,,,
1786043848836685079,1786043848.835540777,/novatel/oem7/odom,/novatel/oem7/fix,/novatel/oem7/odom,39.663,-75.756,-1.800505435,0.002114814,0.000703613,-0.002088438,0.000332964,0.000703613,,,
1786043848846092230,1786043848.845272816,/novatel/oem7/inspva,/novatel/oem7/inspva,/novatel/oem7/inspva,39.663,-75.756,-1.800497768,0.002569371,0.000219842,0.000298702,-0.002551949,0.000219842,,novatel_oem7_msgs.msg.InertialSolutionStatus(status=3),
1786043848847914666,1786043848.845550292,/novatel/oem7/fix,/novatel/oem7/fix,/novatel/oem7/inspva,39.663,-75.756,-1.800497768,0.002569371,0.000219842,0.000298702,-0.002551949,0.000219842,,0,
1786043848849463585,1786043848.846266289,/novatel/oem7/odom,/novatel/oem7/fix,/novatel/oem7/odom,39.663,-75.756,-1.800497768,0.002570129,0.000210793,-0.002533915,0.000429928,0.000210793,,,
1786043848857235407,1786043848.856262324,/novatel/oem7/odom,/novatel/oem7/fix,/novatel/oem7/odom,39.663,-75.756,-1.800497768,0.002570129,0.000210793,-0.002533915,0.000429928,0.000210793,,,
1786043848866680229,1786043848.865967029,/novatel/oem7/inspva,/novatel/oem7/inspva,/novatel/oem7/inspva,39.663,-75.756,-1.800486790,0.002230949,0.000163430,0.000267056,-0.002214907,0.000163430,,novatel_oem7_msgs.msg.InertialSolutionStatus(status=3),
1786043848868195085,1786043848.866143914,/novatel/oem7/fix,/novatel/oem7/fix,/novatel/oem7/inspva,39.663,-75.756,-1.800486790,0.002230949,0.000163430,0.000267056,-0.002214907,0.000163430,,0,
1786043848869295580,1786043848.866621823,/novatel/oem7/odom,/novatel/oem7/fix,/novatel/oem7/odom,39.663,-75.756,-1.800486790,0.002231507,0.000155621,-0.002198736,0.000381031,0.000155621,,,
1786043848876683201,1786043848.875199767,/novatel/oem7/odom,/novatel/oem7/fix,/novatel/oem7/odom,39.663,-75.756,-1.800486790,0.002231507,0.000155621,-0.002198736,0.000381031,0.000155621,,,
1786043848886130737,1786043848.885374726,/novatel/oem7/inspva,/novatel/oem7/inspva,/novatel/oem7/inspva,39.663,-75.756,-1.800474747,0.002297536,0.000632214,0.000116078,-0.002294602,0.000632214,,novatel_oem7_msgs.msg.InertialSolutionStatus(status=3),
1786043848887977033,1786043848.885633719,/novatel/oem7/fix,/novatel/oem7/fix,/novatel/oem7/inspva,39.663,-75.756,-1.800474747,0.002297536,0.000632214,0.000116078,-0.002294602,0.000632214,,0,
1786043848889390720,1786043848.886162101,/novatel/oem7/odom,/novatel/oem7/fix,/novatel/oem7/odom,39.663,-75.756,-1.800474747,0.002299876,0.000623647,-0.002288028,0.000233145,0.000623647,,,
1786043848896310010,1786043848.895510706,/novatel/oem7/odom,/novatel/oem7/fix,/novatel/oem7/odom,39.663,-75.756,-1.800474747,0.002299876,0.000623647,-0.002288028,0.000233145,0.000623647,,,
1786043848906751516,1786043848.905862554,/novatel/oem7/inspva,/novatel/oem7/inspva,/novatel/oem7/inspva,39.663,-75.756,-1.800467672,0.002273586,0.000529159,0.000132899,-0.002269699,0.000529159,,novatel_oem7_msgs.msg.InertialSolutionStatus(status=3),
1786043848908854655,1786043848.906064136,/novatel/oem7/fix,/novatel/oem7/fix,/novatel/oem7/inspva,39.663,-75.756,-1.800467672,0.002273586,0.000529159,0.000132899,-0.002269699,0.000529159,,0,
1786043848910328910,1786043848.906811957,/novatel/oem7/odom,/novatel/oem7/fix,/novatel/oem7/odom,39.663,-75.756,-1.800467672,0.002275536,0.000520709,-0.002261881,0.000248913,0.000520709,,,
1786043848912375303,1786043848.909331746,/novatel/oem7/bestpos,/novatel/oem7/bestpos,/novatel/oem7/odom,39.663,-75.756,33.181809154,0.002275536,0.000520709,-0.002261881,0.000248913,0.000520709,,novatel_oem7_msgs.msg.SolutionStatus(status=0),novatel_oem7_msgs.msg.PositionOrVelocityType(type=53)
1786043848913728154,1786043848.910003529,/novatel/oem7/bestvel,/novatel/oem7/bestpos,/novatel/oem7/bestvel,39.663,-75.756,33.181809154,0.001695326,0.000338948,,,,268.397242124,novatel_oem7_msgs.msg.SolutionStatus(status=0),novatel_oem7_msgs.msg.PositionOrVelocityType(type=53)
1786043848915832979,1786043848.914592680,/novatel/oem7/odom,/novatel/oem7/bestpos,/novatel/oem7/odom,39.663,-75.756,33.181809154,0.002275536,0.000520709,-0.002261881,0.000248913,0.000520709,,,
1786043848926940131,1786043848.926429103,/novatel/oem7/inspva,/novatel/oem7/inspva,/novatel/oem7/inspva,39.663,-75.756,-1.800464634,0.002404317,-0.000114565,0.000331651,-0.002381333,-0.000114565,,novatel_oem7_msgs.msg.InertialSolutionStatus(status=3),
1786043848928254348,1786043848.926572004,/novatel/oem7/fix,/novatel/oem7/fix,/novatel/oem7/inspva,39.663,-75.756,-1.800464634,0.002404317,-0.000114565,0.000331651,-0.002381333,-0.000114565,,0,
1786043848929299599,1786043848.926957855,/novatel/oem7/odom,/novatel/oem7/fix,/novatel/oem7/odom,39.663,-75.756,-1.800464634,0.002403906,-0.000122883,-0.002360476,0.000454883,-0.000122883,,,
1786043848935398544,1786043848.934698060,/novatel/oem7/odom,/novatel/oem7/fix,/novatel/oem7/odom,39.663,-75.756,-1.800464634,0.002403906,-0.000122883,-0.002360476,0.000454883,-0.000122883,,,
1786043848945969751,1786043848.944990515,/novatel/oem7/inspva,/novatel/oem7/inspva,/novatel/oem7/inspva,39.663,-75.756,-1.800456613,0.002463938,0.000040788,0.000227570,-0.002453407,0.000040788,,novatel_oem7_msgs.msg.InertialSolutionStatus(status=3),
1786043848947955028,1786043848.945368822,/novatel/oem7/fix,/novatel/oem7/fix,/novatel/oem7/inspva,39.663,-75.756,-1.800456613,0.002463938,0.000040788,0.000227570,-0.002453407,0.000040788,,0,
1786043848949417760,1786043848.945768336,/novatel/oem7/odom,/novatel/oem7/fix,/novatel/oem7/odom,39.663,-75.756,-1.800456613,0.002464069,0.000031905,-0.002438468,0.000354277,0.000031905,,,
1786043848957259539,1786043848.956004928,/novatel/oem7/odom,/novatel/oem7/fix,/novatel/oem7/odom,39.663,-75.756,-1.800456613,0.002464069,0.000031905,-0.002438468,0.000354277,0.000031905,,,
1786043848965971935,1786043848.965387092,/novatel/oem7/inspva,/novatel/oem7/inspva,/novatel/oem7/inspva,39.663,-75.756,-1.800450956,0.002282949,0.000141637,0.000296056,-0.002263671,0.000141637,,novatel_oem7_msgs.msg.InertialSolutionStatus(status=3),
1786043848967314631,1786043848.965553997,/novatel/oem7/fix,/novatel/oem7/fix,/novatel/oem7/inspva,39.663,-75.756,-1.800450956,0.002282949,0.000141637,0.000296056,-0.002263671,0.000141637,,0,
1786043848968367142,1786043848.966208847,/novatel/oem7/odom,/novatel/oem7/fix,/novatel/oem7/odom,39.663,-75.756,-1.800450956,0.002283429,0.000133672,-0.002245847,0.000412574,0.000133672,,,
1786043848976474584,1786043848.974915412,/novatel/oem7/odom,/novatel/oem7/fix,/novatel/oem7/odom,39.663,-75.756,-1.800450956,0.002283429,0.000133672,-0.002245847,0.000412574,0.000133672,,,
1786043848986894877,1786043848.986045092,/novatel/oem7/inspva,/novatel/oem7/inspva,/novatel/oem7/inspva,39.663,-75.756,-1.800446256,0.002142100,-0.000062621,0.000141662,-0.002137411,-0.000062621,,novatel_oem7_msgs.msg.InertialSolutionStatus(status=3),
1786043848988692112,1786043848.986303458,/novatel/oem7/fix,/novatel/oem7/fix,/novatel/oem7/inspva,39.663,-75.756,-1.800446256,0.002142100,-0.000062621,0.000141662,-0.002137411,-0.000062621,,0,
1786043848990039822,1786043848.986653161,/novatel/oem7/odom,/novatel/oem7/fix,/novatel/oem7/odom,39.663,-75.756,-1.800446256,0.002141854,-0.000070531,-0.002126936,0.000252355,-0.000070531,,,
1786043848995380703,1786043848.994620298,/novatel/oem7/odom,/novatel/oem7/fix,/novatel/oem7/odom,39.663,-75.756,-1.800446256,0.002141854,-0.000070531,-0.002126936,0.000252355,-0.000070531,,,
1786043849015028032,1786043849.010178796,/novatel/oem7/inspva,/novatel/oem7/inspva,/novatel/oem7/inspva,39.663,-75.756,-1.800439909,0.002100429,0.000192820,0.000206250,-0.002090278,0.000192820,,novatel_oem7_msgs.msg.InertialSolutionStatus(status=3),
1786043849025648859,1786043849.010442516,/novatel/oem7/fix,/novatel/oem7/fix,/novatel/oem7/inspva,39.663,-75.756,-1.800439909,0.002100429,0.000192820,0.000206250,-0.002090278,0.000192820,,0,
1786043849026701374,1786043849.011960722,/novatel/oem7/odom,/novatel/oem7/fix,/novatel/oem7/odom,39.663,-75.756,-1.800439909,0.002101108,0.000185272,-0.002077550,0.000313753,0.000185272,,,
1786043849027916857,1786043849.024983161,/novatel/oem7/bestpos,/novatel/oem7/bestpos,/novatel/oem7/odom,39.663,-75.756,33.181839804,0.002101108,0.000185272,-0.002077550,0.000313753,0.000185272,,novatel_oem7_msgs.msg.SolutionStatus(status=0),novatel_oem7_msgs.msg.PositionOrVelocityType(type=53)
1786043849028331585,1786043849.026572803,/novatel/oem7/bestvel,/novatel/oem7/bestpos,/novatel/oem7/bestvel,39.663,-75.756,33.181839804,0.001893014,0.000193351,,,,270.943465957,novatel_oem7_msgs.msg.SolutionStatus(status=0),novatel_oem7_msgs.msg.PositionOrVelocityType(type=53)
1786043849028713105,1786043849.027131059,/novatel/oem7/inspva,/novatel/oem7/inspva,/novatel/oem7/inspva,39.663,-75.756,-1.800435016,0.001956076,0.000122303,0.000126323,-0.001951993,0.000122303,,novatel_oem7_msgs.msg.InertialSolutionStatus(status=3),
1786043849029054318,1786043849.027277660,/novatel/oem7/fix,/novatel/oem7/fix,/novatel/oem7/inspva,39.663,-75.756,-1.800435016,0.001956076,0.000122303,0.000126323,-0.001951993,0.000122303,,0,
1786043849029500485,1786043849.016186928,/novatel/oem7/odom,/novatel/oem7/fix,/novatel/oem7/odom,39.663,-75.756,-1.800435016,0.002101108,0.000185272,-0.002077550,0.000313753,0.000185272,,,
1786043849030688490,1786043849.027766839,/novatel/oem7/odom,/novatel/oem7/fix,/novatel/oem7/odom,39.663,-75.756,-1.800435016,0.001956515,0.000115067,-0.001943306,0.000226966,0.000115067,,,
1786043849034928962,1786043849.034444319,/novatel/oem7/odom,/novatel/oem7/fix,/novatel/oem7/odom,39.663,-75.756,-1.800435016,0.001956515,0.000115067,-0.001943306,0.000226966,0.000115067,,,
1786043849050798960,1786043849.046757685,/novatel/oem7/inspva,/novatel/oem7/inspva,/novatel/oem7/inspva,39.663,-75.756,-1.800435873,0.001783356,-0.000032686,0.000289154,-0.001759759,-0.000032686,,novatel_oem7_msgs.msg.InertialSolutionStatus(status=3),
1786043849058736588,1786043849.047070468,/novatel/oem7/fix,/novatel/oem7/fix,/novatel/oem7/inspva,39.663,-75.756,-1.800435873,0.001783356,-0.000032686,0.000289154,-0.001759759,-0.000032686,,0,
1786043849059823994,1786043849.047604023,/novatel/oem7/odom,/novatel/oem7/fix,/novatel/oem7/odom,39.663,-75.756,-1.800435873,0.001783236,-0.000038699,-0.001742272,0.000380025,-0.000038699,,,
1786043849060679814,1786043849.056849914,/novatel/oem7/odom,/novatel/oem7/fix,/novatel/oem7/odom,39.663,-75.756,-1.800435873,0.001783236,-0.000038699,-0.001742272,0.000380025,-0.000038699,,,
1786043849065782579,1786043849.065010780,/novatel/oem7/inspva,/novatel/oem7/inspva,/novatel/oem7/inspva,39.663,-75.756,-1.800441158,0.002018141,-0.000331310,0.000296311,-0.001996270,-0.000331310,,novatel_oem7_msgs.msg.InertialSolutionStatus(status=3),
1786043849066543089,1786043849.065208549,/novatel/oem7/fix,/novatel/oem7/fix,/novatel/oem7/inspva,39.663,-75.756,-1.800441158,0.002018141,-0.000331310,0.000296311,-0.001996270,-0.000331310,,0,
1786043849067525001,1786043849.065633083,/novatel/oem7/odom,/novatel/oem7/fix,/novatel/oem7/odom,39.663,-75.756,-1.800441158,0.002016996,-0.000338214,-0.001976891,0.000400218,-0.000338214,,,
1786043849080163007,1786043849.075574157,/novatel/oem7/odom,/novatel/oem7/fix,/novatel/oem7/odom,39.663,-75.756,-1.800441158,0.002016996,-0.000338214,-0.001976891,0.000400218,-0.000338214,,,
1786043849089840766,1786043849.085920656,/novatel/oem7/inspva,/novatel/oem7/inspva,/novatel/oem7/inspva,39.663,-75.756,-1.800437133,0.002020722,0.000552425,0.000592160,-0.001932010,0.000552425,,novatel_oem7_msgs.msg.InertialSolutionStatus(status=3),
1786043849091491986,1786043849.086188818,/novatel/oem7/fix,/novatel/oem7/fix,/novatel/oem7/inspva,39.663,-75.756,-1.800437133,0.002020722,0.000552425,0.000592160,-0.001932010,0.000552425,,0,
1786043849092759790,1786043849.086685907,/novatel/oem7/odom,/novatel/oem7/fix,/novatel/oem7/odom,39.663,-75.756,-1.800437133,0.002022298,0.000546626,-0.001900935,0.000690026,0.000546626,,,
1786043849095284526,1786043849.094652514,/novatel/oem7/odom,/novatel/oem7/fix,/novatel/oem7/odom,39.663,-75.756,-1.800437133,0.002022298,0.000546626,-0.001900935,0.000690026,0.000546626,,,
1786043849106217657,1786043849.105645276,/novatel/oem7/inspva,/novatel/oem7/inspva,/novatel/oem7/inspva,39.663,-75.756,-1.800444286,0.001920522,0.000065763,0.000324664,-0.001892881,0.000065763,,novatel_oem7_msgs.msg.InertialSolutionStatus(status=3),
1786043849107587056,1786043849.105858595,/novatel/oem7/fix,/novatel/oem7/fix,/novatel/oem7/inspva,39.663,-75.756,-1.800444286,0.001920522,0.000065763,0.000324664,-0.001892881,0.000065763,,0,
1786043849108470667,1786043849.106306400,/novatel/oem7/odom,/novatel/oem7/fix,/novatel/oem7/odom,39.663,-75.756,-1.800444286,0.001920731,0.000059350,-0.001873765,0.000422152,0.000059350,,,
1786043849109586546,1786043849.108872763,/novatel/oem7/bestpos,/novatel/oem7/bestpos,/novatel/oem7/odom,39.663,-75.756,33.181839020,0.001920731,0.000059350,-0.001873765,0.000422152,0.000059350,,novatel_oem7_msgs.msg.SolutionStatus(status=0),novatel_oem7_msgs.msg.PositionOrVelocityType(type=53)
1786043849110645202,1786043849.109275963,/novatel/oem7/bestvel,/novatel/oem7/bestpos,/novatel/oem7/bestvel,39.663,-75.756,33.181839020,0.001956580,0.000236939,,,,272.495578069,novatel_oem7_msgs.msg.SolutionStatus(status=0),novatel_oem7_msgs.msg.PositionOrVelocityType(type=53)
1786043849115323553,1786043849.114792103,/novatel/oem7/odom,/novatel/oem7/bestpos,/novatel/oem7/odom,39.663,-75.756,33.181839020,0.001920731,0.000059350,-0.001873765,0.000422152,0.000059350,,,
1786043849125756279,1786043849.125275052,/novatel/oem7/inspva,/novatel/oem7/inspva,/novatel/oem7/inspva,39.663,-75.756,-1.800444663,0.001866749,0.000172518,0.000677748,-0.001739370,0.000172518,,novatel_oem7_msgs.msg.InertialSolutionStatus(status=3),
1786043849126511528,1786043849.125492344,/novatel/oem7/fix,/novatel/oem7/fix,/novatel/oem7/inspva,39.663,-75.756,-1.800444663,0.001866749,0.000172518,0.000677748,-0.001739370,0.000172518,,0,
1786043849127055134,1786043849.125921362,/novatel/oem7/odom,/novatel/oem7/fix,/novatel/oem7/odom,39.663,-75.756,-1.800444663,0.001867189,0.000167683,-0.001702591,0.000766537,0.000167683,,,
1786043849136071660,1786043849.135503018,/novatel/oem7/odom,/novatel/oem7/fix,/novatel/oem7/odom,39.663,-75.756,-1.800444663,0.001867189,0.000167683,-0.001702591,0.000766537,0.000167683,,,
1786043849146907116,1786043849.146157667,/novatel/oem7/inspva,/novatel/oem7/inspva,/novatel/oem7/inspva,39.663,-75.756,-1.800450105,0.001975204,0.000085294,0.000477254,-0.001916679,0.000085294,,novatel_oem7_msgs.msg.InertialSolutionStatus(status=3),
1786043849148232056,1786043849.146392574,/novatel/oem7/fix,/novatel/oem7/fix,/novatel/oem7/inspva,39.663,-75.756,-1.800450105,0.001975204,0.000085294,0.000477254,-0.001916679,0.000085294,,0,
1786043849149138248,1786043849.146947082,/novatel/oem7/odom,/novatel/oem7/fix,/novatel/oem7/odom,39.663,-75.756,-1.800450105,0.001975458,0.000079209,-0.001889695,0.000575746,0.000079209,,,
1786043849156269731,1786043849.155713385,/novatel/oem7/odom,/novatel/oem7/fix,/novatel/oem7/odom,39.663,-75.756,-1.800450105,0.001975458,0.000079209,-0.001889695,0.000575746,0.000079209,,,
1786043849165503710,1786043849.165076780,/novatel/oem7/inspva,/novatel/oem7/inspva,/novatel/oem7/inspva,39.663,-75.756,-1.800453008,0.001668648,0.000050651,0.000415682,-0.001616043,0.000050651,,novatel_oem7_msgs.msg.InertialSolutionStatus(status=3),
1786043849166381792,1786043849.165239718,/novatel/oem7/fix,/novatel/oem7/fix,/novatel/oem7/inspva,39.663,-75.756,-1.800453008,0.001668648,0.000050651,0.000415682,-0.001616043,0.000050651,,0,
1786043849166977824,1786043849.165688936,/novatel/oem7/odom,/novatel/oem7/fix,/novatel/oem7/odom,39.663,-75.756,-1.800453008,0.001668795,0.000045563,-0.001592514,0.000498774,0.000045563,,,
1786043849175908952,1786043849.175205266,/novatel/oem7/odom,/novatel/oem7/fix,/novatel/oem7/odom,39.663,-75.756,-1.800453008,0.001668795,0.000045563,-0.001592514,0.000498774,0.000045563,,,
1786043849185602449,1786043849.185052632,/novatel/oem7/inspva,/novatel/oem7/inspva,/novatel/oem7/inspva,39.663,-75.756,-1.800458497,0.001846489,-0.000014910,0.000249059,-0.001829615,-0.000014910,,novatel_oem7_msgs.msg.InertialSolutionStatus(status=3),
1786043849186673269,1786043849.185316022,/novatel/oem7/fix,/novatel/oem7/fix,/novatel/oem7/inspva,39.663,-75.756,-1.800458497,0.001846489,-0.000014910,0.000249059,-0.001829615,-0.000014910,,0,
1786043849187498295,1786043849.185652319,/novatel/oem7/odom,/novatel/oem7/fix,/novatel/oem7/odom,39.663,-75.756,-1.800458497,0.001846426,-0.000021294,-0.001814170,0.000343622,-0.000021294,,,
1786043849194817478,1786043849.194383764,/novatel/oem7/odom,/novatel/oem7/fix,/novatel/oem7/odom,39.663,-75.756,-1.800458497,0.001846426,-0.000021294,-0.001814170,0.000343622,-0.000021294,,,
1786043849207547840,1786043849.206630515,/novatel/oem7/inspva,/novatel/oem7/inspva,/novatel/oem7/inspva,39.663,-75.756,-1.800459722,0.001710299,0.000051206,0.000499850,-0.001635626,0.000051206,,novatel_oem7_msgs.msg.InertialSolutionStatus(status=3),
1786043849208922990,1786043849.206961322,/novatel/oem7/fix,/novatel/oem7/fix,/novatel/oem7/inspva,39.663,-75.756,-1.800459722,0.001710299,0.000051206,0.000499850,-0.001635626,0.000051206,,0,
1786043849209846019,1786043849.207529038,/novatel/oem7/odom,/novatel/oem7/fix,/novatel/oem7/odom,39.663,-75.756,-1.800459722,0.001710439,0.000046292,-0.001607707,0.000583850,0.000046292,,,
1786043849211038274,1786043849.210372790,/novatel/oem7/bestpos,/novatel/oem7/bestpos,/novatel/oem7/odom,39.663,-75.756,33.181826679,0.001710439,0.000046292,-0.001607707,0.000583850,0.000046292,,novatel_oem7_msgs.msg.SolutionStatus(status=0),novatel_oem7_msgs.msg.PositionOrVelocityType(type=53)
1786043849212181885,1786043849.210854111,/novatel/oem7/bestvel,/novatel/oem7/bestpos,/novatel/oem7/bestvel,39.663,-75.756,33.181826679,0.001932364,0.000213952,,,,283.090173583,novatel_oem7_msgs.msg.SolutionStatus(status=0),novatel_oem7_msgs.msg.PositionOrVelocityType(type=53)
1786043849215270489,1786043849.214680963,/novatel/oem7/odom,/novatel/oem7/bestpos,/novatel/oem7/odom,39.663,-75.756,33.181826679,0.001710439,0.000046292,-0.001607707,0.000583850,0.000046292,,,
1786043849225504232,1786043849.225071116,/novatel/oem7/inspva,/novatel/oem7/inspva,/novatel/oem7/inspva,39.663,-75.756,-1.800463892,0.001933095,0.000174897,0.000029190,-0.001932874,0.000174897,,novatel_oem7_msgs.msg.InertialSolutionStatus(status=3),
1786043849226309938,1786043849.225257055,/novatel/oem7/fix,/novatel/oem7/fix,/novatel/oem7/inspva,39.663,-75.756,-1.800463892,0.001933095,0.000174897,0.000029190,-0.001932874,0.000174897,,0,
1786043849226880415,1786043849.225651052,/novatel/oem7/odom,/novatel/oem7/fix,/novatel/oem7/odom,39.663,-75.756,-1.800463892,0.001933752,0.000167473,-0.001929451,0.000128906,0.000167473,,,
1786043849235608655,1786043849.235018507,/novatel/oem7/odom,/novatel/oem7/fix,/novatel/oem7/odom,39.663,-75.756,-1.800463892,0.001933752,0.000167473,-0.001929451,0.000128906,0.000167473,,,
1786043849245996818,1786043849.245339465,/novatel/oem7/inspva,/novatel/oem7/inspva,/novatel/oem7/inspva,39.663,-75.756,-1.800472897,0.001381679,-0.000364801,0.000363118,-0.001333110,-0.000364801,,novatel_oem7_msgs.msg.InertialSolutionStatus(status=3),
1786043849247183790,1786043849.245625295,/novatel/oem7/fix,/novatel/oem7/fix,/novatel/oem7/inspva,39.663,-75.756,-1.800472897,0.001381679,-0.000364801,0.000363118,-0.001333110,-0.000364801,,0,
1786043849248120610,1786043849.246175230,/novatel/oem7/odom,/novatel/oem7/fix,/novatel/oem7/odom,39.663,-75.756,-1.800472897,0.001380575,-0.000368956,-0.001311012,0.000432707,-0.000368956,,,
1786043849257189615,1786043849.256576536,/novatel/oem7/odom,/novatel/oem7/fix,/novatel/oem7/odom,39.663,-75.756,-1.800472897,0.001380575,-0.000368956,-0.001311012,0.000432707,-0.000368956,,,
1786043849267120145,1786043849.266222341,/novatel/oem7/inspva,/novatel/oem7/inspva,/novatel/oem7/inspva,39.663,-75.756,-1.800477047,0.001936809,-0.000059955,0.000208014,-0.001925606,-0.000059955,,novatel_oem7_msgs.msg.InertialSolutionStatus(status=3),
1786043849268621911,1786043849.266589197,/novatel/oem7/fix,/novatel/oem7/fix,/novatel/oem7/inspva,39.663,-75.756,-1.800477047,0.001936809,-0.000059955,0.000208014,-0.001925606,-0.000059955,,0,
1786043849269210803,1786043849.267186453,/novatel/oem7/odom,/novatel/oem7/fix,/novatel/oem7/odom,39.663,-75.756,-1.800477047,0.001936583,-0.000066843,-0.001911975,0.000307748,-0.000066843,,,
1786043849274819577,1786043849.274399717,/novatel/oem7/odom,/novatel/oem7/fix,/novatel/oem7/odom,39.663,-75.756,-1.800477047,0.001936583,-0.000066843,-0.001911975,0.000307748,-0.000066843,,,
1786043849285529187,1786043849.284966707,/novatel/oem7/inspva,/novatel/oem7/inspva,/novatel/oem7/inspva,39.663,-75.756,-1.800485979,0.001918699,-0.000232348,0.000116381,-0.001915166,-0.000232348,,novatel_oem7_msgs.msg.InertialSolutionStatus(status=3),
1786043849286295746,1786043849.285158519,/novatel/oem7/fix,/novatel/oem7/fix,/novatel/oem7/inspva,39.663,-75.756,-1.800485979,0.001918699,-0.000232348,0.000116381,-0.001915166,-0.000232348,,0,
1786043849286853604,1786043849.285577010,/novatel/oem7/odom,/novatel/oem7/fix,/novatel/oem7/odom,39.663,-75.756,-1.800485979,0.001917829,-0.000239422,-0.001905608,0.000216166,-0.000239422,,,
1786043849295766104,1786043849.295369310,/novatel/oem7/odom,/novatel/oem7/fix,/novatel/oem7/odom,39.663,-75.756,-1.800485979,0.001917829,-0.000239422,-0.001905608,0.000216166,-0.000239422,,,
1786043849306322544,1786043849.305681771,/novatel/oem7/inspva,/novatel/oem7/inspva,/novatel/oem7/inspva,39.663,-75.756,-1.800492292,0.001931637,-0.000122507,-0.000065676,-0.001930520,-0.000122507,,novatel_oem7_msgs.msg.InertialSolutionStatus(status=3),
1786043849307438869,1786043849.305953790,/novatel/oem7/fix,/novatel/oem7/fix,/novatel/oem7/inspva,39.663,-75.756,-1.800492292,0.001931637,-0.000122507,-0.000065676,-0.001930520,-0.000122507,,0,
1786043849308279103,1786043849.306632131,/novatel/oem7/odom,/novatel/oem7/fix,/novatel/oem7/odom,39.663,-75.756,-1.800492292,0.001931135,-0.000130180,-0.001930820,0.000034862,-0.000130180,,,
1786043849310462297,1786043849.309925277,/novatel/oem7/bestpos,/novatel/oem7/bestpos,/novatel/oem7/odom,39.663,-75.756,33.181790966,0.001931135,-0.000130180,-0.001930820,0.000034862,-0.000130180,,novatel_oem7_msgs.msg.SolutionStatus(status=0),novatel_oem7_msgs.msg.PositionOrVelocityType(type=53)
1786043849311592969,1786043849.310506743,/novatel/oem7/bestvel,/novatel/oem7/bestpos,/novatel/oem7/bestvel,39.663,-75.756,33.181790966,0.001754560,-0.000183352,,,,266.081510087,novatel_oem7_msgs.msg.SolutionStatus(status=0),novatel_oem7_msgs.msg.PositionOrVelocityType(type=53)
1786043849315004317,1786043849.314441037,/novatel/oem7/odom,/novatel/oem7/bestpos,/novatel/oem7/odom,39.663,-75.756,33.181790966,0.001931135,-0.000130180,-0.001930820,0.000034862,-0.000130180,,,
1786043849325820407,1786043849.325302217,/novatel/oem7/inspva,/novatel/oem7/inspva,/novatel/oem7/inspva,39.663,-75.756,-1.800497260,0.001901219,0.000035278,0.000291412,-0.001878753,0.000035278,,novatel_oem7_msgs.msg.InertialSolutionStatus(status=3),
1786043849326702257,1786043849.325519569,/novatel/oem7/fix,/novatel/oem7/fix,/novatel/oem7/inspva,39.663,-75.756,-1.800497260,0.001901219,0.000035278,0.000291412,-0.001878753,0.000035278,,0,
1786043849327308456,1786043849.326100609,/novatel/oem7/odom,/novatel/oem7/fix,/novatel/oem7/odom,39.663,-75.756,-1.800497260,0.001901327,0.000028831,-0.001861241,0.000388363,0.000028831,,,
1786043849335382290,1786043849.334887851,/novatel/oem7/odom,/novatel/oem7/fix,/novatel/oem7/odom,39.663,-75.756,-1.800497260,0.001901327,0.000028831,-0.001861241,0.000388363,0.000028831,,,
1786043849345610814,1786043849.344974847,/novatel/oem7/inspva,/novatel/oem7/inspva,/novatel/oem7/inspva,39.663,-75.756,-1.800505972,0.002056292,-0.000069102,-0.000022723,-0.002056166,-0.000069102,,novatel_oem7_msgs.msg.InertialSolutionStatus(status=3),
1786043849346712874,1786043849.345254959,/novatel/oem7/fix,/novatel/oem7/fix,/novatel/oem7/inspva,39.663,-75.756,-1.800505972,0.002056292,-0.000069102,-0.000022723,-0.002056166,-0.000069102,,0,
1786043849347594997,1786043849.345839302,/novatel/oem7/odom,/novatel/oem7/fix,/novatel/oem7/odom,39.663,-75.756,-1.800505972,0.002056005,-0.000077149,-0.002054283,0.000084141,-0.000077149,,,
1786043849356588767,1786043849.356033143,/novatel/oem7/odom,/novatel/oem7/fix,/novatel/oem7/odom,39.663,-75.756,-1.800505972,0.002056005,-0.000077149,-0.002054283,0.000084141,-0.000077149,,,
1786043849365990367,1786043849.365338010,/novatel/oem7/inspva,/novatel/oem7/inspva,/novatel/oem7/inspva,39.663,-75.756,-1.800509608,0.001967078,0.000059763,0.000246122,-0.001951620,0.000059763,,novatel_oem7_msgs.msg.InertialSolutionStatus(status=3),
1786043849367084543,1786043849.365672617,/novatel/oem7/fix,/novatel/oem7/fix,/novatel/oem7/inspva,39.663,-75.756,-1.800509608,0.001967078,0.000059763,0.000246122,-0.001951620,0.000059763,,0,
1786043849368337575,1786043849.366207176,/novatel/oem7/odom,/novatel/oem7/fix,/novatel/oem7/odom,39.663,-75.756,-1.800509608,0.001967275,0.000052882,-0.001936456,0.000346858,0.000052882,,,
1786043849376103908,1786043849.375191640,/novatel/oem7/odom,/novatel/oem7/fix,/novatel/oem7/odom,39.663,-75.756,-1.800509608,0.001967275,0.000052882,-0.001936456,0.000346858,0.000052882,,,
1786043849386865609,1786043849.386016040,/novatel/oem7/inspva,/novatel/oem7/inspva,/novatel/oem7/inspva,39.663,-75.756,-1.800517092,0.001977877,0.000254059,0.000206942,-0.001967022,0.000254059,,novatel_oem7_msgs.msg.InertialSolutionStatus(status=3),
1786043849388783161,1786043849.386239662,/novatel/oem7/fix,/novatel/oem7/fix,/novatel/oem7/inspva,39.663,-75.756,-1.800517092,0.001977877,0.000254059,0.000206942,-0.001967022,0.000254059,,0,
1786043849390335281,1786043849.386540159,/novatel/oem7/odom,/novatel/oem7/fix,/novatel/oem7/odom,39.663,-75.756,-1.800517092,0.001978772,0.000246995,-0.001954647,0.000308046,0.000246995,,,
1786043849395107119,1786043849.394368241,/novatel/oem7/odom,/novatel/oem7/fix,/novatel/oem7/odom,39.663,-75.756,-1.800517092,0.001978772,0.000246995,-0.001954647,0.000308046,0.000246995,,,
1786043849407081234,1786043849.406183815,/novatel/oem7/inspva,/novatel/oem7/inspva,/novatel/oem7/inspva,39.663,-75.756,-1.800527327,0.001904624,-0.000419836,-0.000145404,-0.001899066,-0.000419836,,novatel_oem7_msgs.msg.InertialSolutionStatus(status=3),
1786043849409161208,1786043849.406480021,/novatel/oem7/fix,/novatel/oem7/fix,/novatel/oem7/inspva,39.663,-75.756,-1.800527327,0.001904624,-0.000419836,-0.000145404,-0.001899066,-0.000419836,,0,
1786043849410843352,1786043849.406897645,/novatel/oem7/odom,/novatel/oem7/fix,/novatel/oem7/odom,39.663,-75.756,-1.800527327,0.001902895,-0.000427607,-0.001902349,-0.000045591,-0.000427607,,,
1786043849412741762,1786043849.410303344,/novatel/oem7/bestpos,/novatel/oem7/bestpos,/novatel/oem7/odom,39.663,-75.756,33.181753740,0.001902895,-0.000427607,-0.001902349,-0.000045591,-0.000427607,,novatel_oem7_msgs.msg.SolutionStatus(status=0),novatel_oem7_msgs.msg.PositionOrVelocityType(type=53)
1786043849414076238,1786043849.410778239,/novatel/oem7/bestvel,/novatel/oem7/bestpos,/novatel/oem7/bestvel,39.663,-75.756,33.181753740,0.002112616,-0.000595763,,,,278.796767915,novatel_oem7_msgs.msg.SolutionStatus(status=0),novatel_oem7_msgs.msg.PositionOrVelocityType(type=53)
1786043849416661974,1786043849.415639302,/novatel/oem7/odom,/novatel/oem7/bestpos,/novatel/oem7/odom,39.663,-75.756,33.181753740,0.001902895,-0.000427607,-0.001902349,-0.000045591,-0.000427607,,,
1786043849425916868,1786043849.424903605,/novatel/oem7/inspva,/novatel/oem7/inspva,/novatel/oem7/inspva,39.663,-75.756,-1.800531556,0.001881913,0.000038731,-0.000045114,-0.001881372,0.000038731,,novatel_oem7_msgs.msg.InertialSolutionStatus(status=3),
1786043849428122388,1786043849.425110330,/novatel/oem7/fix,/novatel/oem7/fix,/novatel/oem7/inspva,39.663,-75.756,-1.800531556,0.001881913,0.000038731,-0.000045114,-0.001881372,0.000038731,,0,
1786043849429568116,1786043849.425436207,/novatel/oem7/odom,/novatel/oem7/fix,/novatel/oem7/odom,39.663,-75.756,-1.800531556,0.001882051,0.000031312,-0.001881319,0.000052465,0.000031312,,,
1786043849435175413,1786043849.434487103,/novatel/oem7/odom,/novatel/oem7/fix,/novatel/oem7/odom,39.663,-75.756,-1.800531556,0.001882051,0.000031312,-0.001881319,0.000052465,0.000031312,,,
1786043849446453077,1786043849.445590192,/novatel/oem7/inspva,/novatel/oem7/inspva,/novatel/oem7/inspva,39.663,-75.756,-1.800537439,0.001743465,-0.000012400,-0.000152433,-0.001736789,-0.000012400,,novatel_oem7_msgs.msg.InertialSolutionStatus(status=3),
1786043849448377457,1786043849.445843341,/novatel/oem7/fix,/novatel/oem7/fix,/novatel/oem7/inspva,39.663,-75.756,-1.800537439,0.001743465,-0.000012400,-0.000152433,-0.001736789,-0.000012400,,0,
1786043849449819621,1786043849.446564035,/novatel/oem7/odom,/novatel/oem7/fix,/novatel/oem7/odom,39.663,-75.756,-1.800537439,0.001743399,-0.000019557,-0.001742294,-0.000062066,-0.000019557,,,
1786043849457283331,1786043849.456299093,/novatel/oem7/odom,/novatel/oem7/fix,/novatel/oem7/odom,39.663,-75.756,-1.800537439,0.001743399,-0.000019557,-0.001742294,-0.000062066,-0.000019557,,,
1786043849465896191,1786043849.464968402,/novatel/oem7/inspva,/novatel/oem7/inspva,/novatel/oem7/inspva,39.663,-75.756,-1.800543515,0.001950130,-0.000031764,0.000136222,-0.001945366,-0.000031764,,novatel_oem7_msgs.msg.InertialSolutionStatus(status=3),
1786043849467653492,1786043849.465239215,/novatel/oem7/fix,/novatel/oem7/fix,/novatel/oem7/inspva,39.663,-75.756,-1.800543515,0.001950130,-0.000031764,0.000136222,-0.001945366,-0.000031764,,0,
1786043849469066470,1786043849.465633436,/novatel/oem7/odom,/novatel/oem7/fix,/novatel/oem7/odom,39.663,-75.756,-1.800543515,0.001950000,-0.000038937,-0.001935535,0.000237077,-0.000038937,,,
1786043849475747851,1786043849.474712986,/novatel/oem7/odom,/novatel/oem7/fix,/novatel/oem7/odom,39.663,-75.756,-1.800543515,0.001950000,-0.000038937,-0.001935535,0.000237077,-0.000038937,,,
1786043849486164340,1786043849.485305865,/novatel/oem7/inspva,/novatel/oem7/inspva,/novatel/oem7/inspva,39.663,-75.756,-1.800547341,0.001944452,-0.000090439,-0.000434881,-0.001895197,-0.000090439,,novatel_oem7_msgs.msg.InertialSolutionStatus(status=3),
1786043849488053080,1786043849.485617432,/novatel/oem7/fix,/novatel/oem7/fix,/novatel/oem7/inspva,39.663,-75.756,-1.800547341,0.001944452,-0.000090439,-0.000434881,-0.001895197,-0.000090439,,0,
1786043849489162328,1786043849.486184957,/novatel/oem7/odom,/novatel/oem7/fix,/novatel/oem7/odom,39.663,-75.756,-1.800547341,0.001944034,-0.000099024,-0.001914834,-0.000335676,-0.000099024,,,
1786043849496344584,1786043849.494983684,/novatel/oem7/odom,/novatel/oem7/fix,/novatel/oem7/odom,39.663,-75.756,-1.800547341,0.001944034,-0.000099024,-0.001914834,-0.000335676,-0.000099024,,,
1786043849506702829,1786043849.506059622,/novatel/oem7/inspva,/novatel/oem7/inspva,/novatel/oem7/inspva,39.663,-75.756,-1.800551594,0.001976687,0.000056675,0.000081856,-0.001974992,0.000056675,,novatel_oem7_msgs.msg.InertialSolutionStatus(status=3),
1786043849508155037,1786043849.506249548,/novatel/oem7/fix,/novatel/oem7/fix,/novatel/oem7/inspva,39.663,-75.756,-1.800551594,0.001976687,0.000056675,0.000081856,-0.001974992,0.000056675,,0,
1786043849509262875,1786043849.506757359,/novatel/oem7/odom,/novatel/oem7/fix,/novatel/oem7/odom,39.663,-75.756,-1.800551594,0.001976887,0.000049241,-0.001968292,0.000184137,0.000049241,,,
1786043849512718117,1786043849.512060013,/novatel/oem7/bestpos,/novatel/oem7/bestpos,/novatel/oem7/odom,39.663,-75.756,33.181728291,0.001976887,0.000049241,-0.001968292,0.000184137,0.000049241,,novatel_oem7_msgs.msg.SolutionStatus(status=0),novatel_oem7_msgs.msg.PositionOrVelocityType(type=53)
1786043849514220675,1786043849.512465991,/novatel/oem7/bestvel,/novatel/oem7/bestpos,/novatel/oem7/bestvel,39.663,-75.756,33.181728291,0.002500209,0.000171676,,,,277.543740597,novatel_oem7_msgs.msg.SolutionStatus(status=0),novatel_oem7_msgs.msg.PositionOrVelocityType(type=53)
1786043849515879842,1786043849.514343536,/novatel/oem7/odom,/novatel/oem7/bestpos,/novatel/oem7/odom,39.663,-75.756,33.181728291,0.001976887,0.000049241,-0.001968292,0.000184137,0.000049241,,,
1786043849525668355,1786043849.525001412,/novatel/oem7/inspva,/novatel/oem7/inspva,/novatel/oem7/inspva,39.663,-75.756,-1.800556585,0.001787779,-0.000061398,-0.000425893,-0.001736309,-0.000061398,,novatel_oem7_msgs.msg.InertialSolutionStatus(status=3),
1786043849527081600,1786043849.525190340,/novatel/oem7/fix,/novatel/oem7/fix,/novatel/oem7/inspva,39.663,-75.756,-1.800556585,0.001787779,-0.000061398,-0.000425893,-0.001736309,-0.000061398,,0,
1786043849528237894,1786043849.525479223,/novatel/oem7/odom,/novatel/oem7/fix,/novatel/oem7/odom,39.663,-75.756,-1.800556585,0.001787488,-0.000069371,-0.001755812,-0.000335016,-0.000069371,,,
1786043849536685320,1786043849.535536459,/novatel/oem7/odom,/novatel/oem7/fix,/novatel/oem7/odom,39.663,-75.756,-1.800556585,0.001787488,-0.000069371,-0.001755812,-0.000335016,-0.000069371,,,
1786043849545999642,1786043849.545094249,/novatel/oem7/inspva,/novatel/oem7/inspva,/novatel/oem7/inspva,39.663,-75.756,-1.800562634,0.001505048,-0.000312662,0.000070265,-0.001503407,-0.000312662,,novatel_oem7_msgs.msg.InertialSolutionStatus(status=3),
1786043849548318785,1786043849.545343488,/novatel/oem7/fix,/novatel/oem7/fix,/novatel/oem7/inspva,39.663,-75.756,-1.800562634,0.001505048,-0.000312662,0.000070265,-0.001503407,-0.000312662,,0,
1786043849550179837,1786043849.545628974,/novatel/oem7/odom,/novatel/oem7/fix,/novatel/oem7/odom,39.663,-75.756,-1.800562634,0.001503865,-0.000318304,-0.001496460,0.000149053,-0.000318304,,,
1786043849556347923,1786043849.555587572,/novatel/oem7/odom,/novatel/oem7/fix,/novatel/oem7/odom,39.663,-75.756,-1.800562634,0.001503865,-0.000318304,-0.001496460,0.000149053,-0.000318304,,,
1786043849567807806,1786043849.566629601,/novatel/oem7/inspva,/novatel/oem7/inspva,/novatel/oem7/inspva,39.663,-75.756,-1.800562300,0.001941944,0.000245204,-0.000197810,-0.001931843,0.000245204,,novatel_oem7_msgs.msg.InertialSolutionStatus(status=3),
1786043849570136587,1786043849.566930541,/novatel/oem7/fix,/novatel/oem7/fix,/novatel/oem7/inspva,39.663,-75.756,-1.800562300,0.001941944,0.000245204,-0.000197810,-0.001931843,0.000245204,,0,
1786043849571909595,1786043849.567525853,/novatel/oem7/odom,/novatel/oem7/fix,/novatel/oem7/odom,39.663,-75.756,-1.800562300,0.001942944,0.000237148,-0.001940477,-0.000097882,0.000237148,,,
1786043849575667746,1786043849.574726070,/novatel/oem7/odom,/novatel/oem7/fix,/novatel/oem7/odom,39.663,-75.756,-1.800562300,0.001942944,0.000237148,-0.001940477,-0.000097882,0.000237148,,,
1786043849585782469,1786043849.585213803,/novatel/oem7/inspva,/novatel/oem7/inspva,/novatel/oem7/inspva,39.663,-75.756,-1.800571084,0.001767996,-0.000269936,0.000182448,-0.001758557,-0.000269936,,novatel_oem7_msgs.msg.InertialSolutionStatus(status=3),
1786043849587267011,1786043849.585366595,/novatel/oem7/fix,/novatel/oem7/fix,/novatel/oem7/inspva,39.663,-75.756,-1.800571084,0.001767996,-0.000269936,0.000182448,-0.001758557,-0.000269936,,0,
1786043849588450416,1786043849.585689322,/novatel/oem7/odom,/novatel/oem7/fix,/novatel/oem7/odom,39.663,-75.756,-1.800571084,0.001767020,-0.000276253,-0.001745612,0.000274225,-0.000276253,,,
1786043849597660593,1786043849.595786154,/novatel/oem7/odom,/novatel/oem7/fix,/novatel/oem7/odom,39.663,-75.756,-1.800571084,0.001767020,-0.000276253,-0.001745612,0.000274225,-0.000276253,,,
1786043849607394998,1786043849.606491326,/novatel/oem7/inspva,/novatel/oem7/inspva,/novatel/oem7/inspva,39.663,-75.756,-1.800575967,0.001913656,-0.000304966,0.000127431,-0.001909409,-0.000304966,,novatel_oem7_msgs.msg.InertialSolutionStatus(status=3),
1786043849609541623,1786043849.606712378,/novatel/oem7/fix,/novatel/oem7/fix,/novatel/oem7/inspva,39.663,-75.756,-1.800575967,0.001913656,-0.000304966,0.000127431,-0.001909409,-0.000304966,,0,
1786043849611081439,1786043849.607175342,/novatel/oem7/odom,/novatel/oem7/fix,/novatel/oem7/odom,39.663,-75.756,-1.800575967,0.001912517,-0.000312030,-0.001898971,0.000227226,-0.000312030,,,
1786043849613418366,1786043849.610506133,/novatel/oem7/bestpos,/novatel/oem7/bestpos,/novatel/oem7/odom,39.663,-75.756,33.181697359,0.001912517,-0.000312030,-0.001898971,0.000227226,-0.000312030,,novatel_oem7_msgs.msg.SolutionStatus(status=0),novatel_oem7_msgs.msg.PositionOrVelocityType(type=53)
1786043849614980435,1786043849.610979162,/novatel/oem7/bestvel,/novatel/oem7/bestpos,/novatel/oem7/bestvel,39.663,-75.756,33.181697359,0.002072741,-0.000384412,,,,280.488305686,novatel_oem7_msgs.msg.SolutionStatus(status=0),novatel_oem7_msgs.msg.PositionOrVelocityType(type=53)
1786043849617302612,1786043849.614960655,/novatel/oem7/odom,/novatel/oem7/bestpos,/novatel/oem7/odom,39.663,-75.756,33.181697359,0.001912517,-0.000312030,-0.001898971,0.000227226,-0.000312030,,,
1786043849627035721,1786043849.626192619,/novatel/oem7/inspva,/novatel/oem7/inspva,/novatel/oem7/inspva,39.663,-75.756,-1.800582110,0.001799337,-0.000329045,0.000349730,-0.001765022,-0.000329045,,novatel_oem7_msgs.msg.InertialSolutionStatus(status=3),
1786043849628713742,1786043849.626391854,/novatel/oem7/fix,/novatel/oem7/fix,/novatel/oem7/inspva,39.663,-75.756,-1.800582110,0.001799337,-0.000329045,0.000349730,-0.001765022,-0.000329045,,0,
1786043849630264654,1786043849.626901881,/novatel/oem7/odom,/novatel/oem7/fix,/novatel/oem7/odom,39.663,-75.756,-1.800582110,0.001798253,-0.000334919,-0.001743139,0.000441791,-0.000334919,,,
1786043849635737446,1786043849.634665180,/novatel/oem7/odom,/novatel/oem7/fix,/novatel/oem7/odom,39.663,-75.756,-1.800582110,0.001798253,-0.000334919,-0.001743139,0.000441791,-0.000334919,,,
1786043849646294533,1786043849.645407094,/novatel/oem7/inspva,/novatel/oem7/inspva,/novatel/oem7/inspva,39.663,-75.756,-1.800583818,0.001749320,0.000155372,-0.000123726,-0.001744939,0.000155372,,novatel_oem7_msgs.msg.InertialSolutionStatus(status=3),
1786043849648406732,1786043849.645649867,/novatel/oem7/fix,/novatel/oem7/fix,/novatel/oem7/inspva,39.663,-75.756,-1.800583818,0.001749320,0.000155372,-0.000123726,-0.001744939,0.000155372,,0,
1786043849650284744,1786043849.646323527,/novatel/oem7/odom,/novatel/oem7/fix,/novatel/oem7/odom,39.663,-75.756,-1.800583818,0.001749941,0.000148211,-0.001749624,-0.000033319,0.000148211,,,
1786043849657375366,1786043849.656532017,/novatel/oem7/odom,/novatel/oem7/fix,/novatel/oem7/odom,39.663,-75.756,-1.800583818,0.001749941,0.000148211,-0.001749624,-0.000033319,0.000148211,,,
1786043849666340647,1786043849.665275119,/novatel/oem7/inspva,/novatel/oem7/inspva,/novatel/oem7/inspva,39.663,-75.756,-1.800594285,0.001696202,-0.000155190,0.000283762,-0.001672298,-0.000155190,,novatel_oem7_msgs.msg.InertialSolutionStatus(status=3),
1786043849668678271,1786043849.665546492,/novatel/oem7/fix,/novatel/oem7/fix,/novatel/oem7/inspva,39.663,-75.756,-1.800594285,0.001696202,-0.000155190,0.000283762,-0.001672298,-0.000155190,,0,
1786043849670470089,1786043849.666231889,/novatel/oem7/odom,/novatel/oem7/fix,/novatel/oem7/odom,39.663,-75.756,-1.800594285,0.001695670,-0.000160903,-0.001654662,0.000370661,-0.000160903,,,
1786043849675502363,1786043849.674608811,/novatel/oem7/odom,/novatel/oem7/fix,/novatel/oem7/odom,39.663,-75.756,-1.800594285,0.001695670,-0.000160903,-0.001654662,0.000370661,-0.000160903,,,
1786043849686232985,1786043849.685785614,/novatel/oem7/inspva,/novatel/oem7/inspva,/novatel/oem7/inspva,39.663,-75.756,-1.800601576,0.001950833,-0.000455577,0.000160957,-0.001944181,-0.000455577,,novatel_oem7_msgs.msg.InertialSolutionStatus(status=3),
1786043849686945740,1786043849.685988950,/novatel/oem7/fix,/novatel/oem7/fix,/novatel/oem7/inspva,39.663,-75.756,-1.800601576,0.001950833,-0.000455577,0.000160957,-0.001944181,-0.000455577,,0,
1786043849687392888,1786043849.686581099,/novatel/oem7/odom,/novatel/oem7/fix,/novatel/oem7/odom,39.663,-75.756,-1.800601576,0.001949162,-0.000462673,-0.001931344,0.000262949,-0.000462673,,,
1786043849695980193,1786043849.695543380,/novatel/oem7/odom,/novatel/oem7/fix,/novatel/oem7/odom,39.663,-75.756,-1.800601576,0.001949162,-0.000462673,-0.001931344,0.000262949,-0.000462673,,,
1786043849706302938,1786043849.705822791,/novatel/oem7/inspva,/novatel/oem7/inspva,/novatel/oem7/inspva,39.663,-75.756,-1.800609713,0.001824345,-0.000221792,0.000250843,-0.001807018,-0.000221792,,novatel_oem7_msgs.msg.InertialSolutionStatus(status=3),
1786043849706817890,1786043849.705992710,/novatel/oem7/fix,/novatel/oem7/fix,/novatel/oem7/inspva,39.663,-75.756,-1.800609713,0.001824345,-0.000221792,0.000250843,-0.001807018,-0.000221792,,0,
1786043849707218307,1786043849.706446364,/novatel/oem7/odom,/novatel/oem7/fix,/novatel/oem7/odom,39.663,-75.756,-1.800609713,0.001823564,-0.000228123,-0.001790636,0.000344979,-0.000228123,,,
1786043849709905477,1786043849.709549619,/novatel/oem7/bestpos,/novatel/oem7/bestpos,/novatel/oem7/odom,39.663,-75.756,33.181665568,0.001823564,-0.000228123,-0.001790636,0.000344979,-0.000228123,,novatel_oem7_msgs.msg.SolutionStatus(status=0),novatel_oem7_msgs.msg.PositionOrVelocityType(type=53)
1786043849710570992,1786043849.710295770,/novatel/oem7/bestvel,/novatel/oem7/bestpos,/novatel/oem7/bestvel,39.663,-75.756,33.181665568,0.001868052,-0.000188186,,,,277.194838446,novatel_oem7_msgs.msg.SolutionStatus(status=0),novatel_oem7_msgs.msg.PositionOrVelocityType(type=53)
1786043849715893577,1786043849.715581744,/novatel/oem7/odom,/novatel/oem7/bestpos,/novatel/oem7/odom,39.663,-75.756,33.181665568,0.001823564,-0.000228123,-0.001790636,0.000344979,-0.000228123,,,
1786043849727631034,1786043849.725484807,/novatel/oem7/inspva,/novatel/oem7/inspva,/novatel/oem7/inspva,39.663,-75.756,-1.800619980,0.001783696,-0.000518664,0.000108427,-0.001780397,-0.000518664,,novatel_oem7_msgs.msg.InertialSolutionStatus(status=3),
1786043849728383182,1786043849.725786984,/novatel/oem7/fix,/novatel/oem7/fix,/novatel/oem7/inspva,39.663,-75.756,-1.800619980,0.001783696,-0.000518664,0.000108427,-0.001780397,-0.000518664,,0,
1786043849729042780,1786043849.726571329,/novatel/oem7/odom,/novatel/oem7/fix,/novatel/oem7/odom,39.663,-75.756,-1.800619980,0.001781752,-0.000525305,-0.001770244,0.000202176,-0.000525305,,,
1786043849736971877,1786043849.736029705,/novatel/oem7/odom,/novatel/oem7/fix,/novatel/oem7/odom,39.663,-75.756,-1.800619980,0.001781752,-0.000525305,-0.001770244,0.000202176,-0.000525305,,,
1786043849747647577,1786043849.746641385,/novatel/oem7/inspva,/novatel/oem7/inspva,/novatel/oem7/inspva,39.663,-75.756,-1.800628055,0.001825981,-0.000149208,0.000381880,-0.001785602,-0.000149208,,novatel_oem7_msgs.msg.InertialSolutionStatus(status=3),
1786043849748333752,1786043849.747790106,/novatel/oem7/fix,/novatel/oem7/fix,/novatel/oem7/inspva,39.663,-75.756,-1.800628055,0.001825981,-0.000149208,0.000381880,-0.001785602,-0.000149208,,0,
1786043849749751381,1786043849.748981346,/novatel/oem7/odom,/novatel/oem7/fix,/novatel/oem7/odom,39.663,-75.756,-1.800628055,0.001825489,-0.000155110,-0.001762729,0.000474550,-0.000155110,,,
1786043849756940114,1786043849.756033231,/novatel/oem7/odom,/novatel/oem7/fix,/novatel/oem7/odom,39.663,-75.756,-1.800628055,0.001825489,-0.000155110,-0.001762729,0.000474550,-0.000155110,,,
1786043849765854379,1786043849.765345322,/novatel/oem7/inspva,/novatel/oem7/inspva,/novatel/oem7/inspva,39.663,-75.756,-1.800640360,0.001827107,-0.000456020,-0.000357360,-0.001791818,-0.000456020,,novatel_oem7_msgs.msg.InertialSolutionStatus(status=3),
1786043849766799055,1786043849.765625658,/novatel/oem7/fix,/novatel/oem7/fix,/novatel/oem7/inspva,39.663,-75.756,-1.800640360,0.001827107,-0.000456020,-0.000357360,-0.001791818,-0.000456020,,0,
1786043849767404125,1786043849.766371590,/novatel/oem7/odom,/novatel/oem7/fix,/novatel/oem7/odom,39.663,-75.756,-1.800640360,0.001825091,-0.000464022,-0.001806110,-0.000262534,-0.000464022,,,
1786043849775929895,1786043849.775523553,/novatel/oem7/odom,/novatel/oem7/fix,/novatel/oem7/odom,39.663,-75.756,-1.800640360,0.001825091,-0.000464022,-0.001806110,-0.000262534,-0.000464022,,,
1786043849785725406,1786043849.784983251,/novatel/oem7/inspva,/novatel/oem7/inspva,/novatel/oem7/inspva,39.663,-75.756,-1.800652856,0.001618895,-0.000480901,0.000024942,-0.001618703,-0.000480901,,novatel_oem7_msgs.msg.InertialSolutionStatus(status=3),
1786043849787374796,1786043849.785105606,/novatel/oem7/fix,/novatel/oem7/fix,/novatel/oem7/inspva,39.663,-75.756,-1.800652856,0.001618895,-0.000480901,0.000024942,-0.001618703,-0.000480901,,0,
1786043849788698250,1786043849.785509400,/novatel/oem7/odom,/novatel/oem7/fix,/novatel/oem7/odom,39.663,-75.756,-1.800652856,0.001617026,-0.000487150,-0.001613259,0.000110311,-0.000487150,,,
1786043849795579569,1786043849.794384624,/novatel/oem7/odom,/novatel/oem7/fix,/novatel/oem7/odom,39.663,-75.756,-1.800652856,0.001617026,-0.000487150,-0.001613259,0.000110311,-0.000487150,,,
1786043849807314642,1786043849.806510855,/novatel/oem7/inspva,/novatel/oem7/inspva,/novatel/oem7/inspva,39.663,-75.756,-1.800664469,0.001803924,-0.000528972,-0.000141951,-0.001798330,-0.000528972,,novatel_oem7_msgs.msg.InertialSolutionStatus(status=3),
1786043849809250695,1786043849.806653012,/novatel/oem7/fix,/novatel/oem7/fix,/novatel/oem7/inspva,39.663,-75.756,-1.800664469,0.001803924,-0.000528972,-0.000141951,-0.001798330,-0.000528972,,0,
1786043849811249205,1786043849.807297901,/novatel/oem7/odom,/novatel/oem7/fix,/novatel/oem7/odom,39.663,-75.756,-1.800664469,0.001617026,-0.000487151,-0.001613258,0.000110316,-0.000487151,,,
1786043849813524982,1786043849.810437375,/novatel/oem7/bestpos,/novatel/oem7/bestpos,/novatel/oem7/odom,39.663,-75.756,33.181607670,0.001617026,-0.000487151,-0.001613258,0.000110316,-0.000487151,,novatel_oem7_msgs.msg.SolutionStatus(status=0),novatel_oem7_msgs.msg.PositionOrVelocityType(type=53)
1786043849814898406,1786043849.810863003,/novatel/oem7/bestvel,/novatel/oem7/bestpos,/novatel/oem7/bestvel,39.663,-75.756,33.181607670,0.001869977,-0.000512534,,,,266.631485121,novatel_oem7_msgs.msg.SolutionStatus(status=0),novatel_oem7_msgs.msg.PositionOrVelocityType(type=53)
1786043849816752268,1786043849.814848215,/novatel/oem7/odom,/novatel/oem7/bestpos,/novatel/oem7/odom,39.663,-75.756,33.181607670,0.001801731,-0.000536393,-0.001801121,-0.000046887,-0.000536393,,,
1786043849826009862,1786043849.824942318,/novatel/oem7/inspva,/novatel/oem7/inspva,/novatel/oem7/inspva,39.663,-75.756,-1.800675726,0.001495314,-0.000534326,-0.000079557,-0.001493196,-0.000534326,,novatel_oem7_msgs.msg.InertialSolutionStatus(status=3),
1786043849827938038,1786043849.825158613,/novatel/oem7/fix,/novatel/oem7/fix,/novatel/oem7/inspva,39.663,-75.756,-1.800675726,0.001495314,-0.000534326,-0.000079557,-0.001493196,-0.000534326,,0,
1786043849829484197,1786043849.825438432,/novatel/oem7/odom,/novatel/oem7/fix,/novatel/oem7/odom,39.663,-75.756,-1.800675726,0.001493135,-0.000540385,-0.001493135,-0.000000417,-0.000540385,,,
1786043849836547199,1786043849.835537528,/novatel/oem7/odom,/novatel/oem7/fix,/novatel/oem7/odom,39.663,-75.756,-1.800675726,0.001493135,-0.000540385,-0.001493135,-0.000000417,-0.000540385,,,
1786043849846130353,1786043849.845403289,/novatel/oem7/inspva,/novatel/oem7/inspva,/novatel/oem7/inspva,39.663,-75.756,-1.800683209,0.001763966,-0.000200384,0.000066430,-0.001762715,-0.000200384,,novatel_oem7_msgs.msg.InertialSolutionStatus(status=3),
1786043849848312445,1786043849.845624475,/novatel/oem7/fix,/novatel/oem7/fix,/novatel/oem7/inspva,39.663,-75.756,-1.800683209,0.001763966,-0.000200384,0.000066430,-0.001762715,-0.000200384,,0,
1786043849849965509,1786043849.846109219,/novatel/oem7/odom,/novatel/oem7/fix,/novatel/oem7/odom,39.663,-75.756,-1.800683209,0.001763193,-0.000207078,-0.001756054,0.000158508,-0.000207078,,,
1786043849857547802,1786043849.856413757,/novatel/oem7/odom,/novatel/oem7/fix,/novatel/oem7/odom,39.663,-75.756,-1.800683209,0.001763193,-0.000207078,-0.001756054,0.000158508,-0.000207078,,,
1786043849867036482,1786043849.866133603,/novatel/oem7/inspva,/novatel/oem7/inspva,/novatel/oem7/inspva,39.663,-75.756,-1.800694669,0.001488892,-0.000120154,0.000156221,-0.001480673,-0.000120154,,novatel_oem7_msgs.msg.InertialSolutionStatus(status=3),
1786043849869323628,1786043849.866356615,/novatel/oem7/fix,/novatel/oem7/fix,/novatel/oem7/inspva,39.663,-75.756,-1.800694669,0.001488892,-0.000120154,0.000156221,-0.001480673,-0.000120154,,0,
1786043849871065336,1786043849.867205821,/novatel/oem7/odom,/novatel/oem7/fix,/novatel/oem7/odom,39.663,-75.756,-1.800694669,0.001763190,-0.000207100,-0.001756050,0.000158517,-0.000207100,,,
1786043849875675066,1786043849.874554815,/novatel/oem7/odom,/novatel/oem7/fix,/novatel/oem7/odom,39.663,-75.756,-1.800694669,0.001488449,-0.000125513,-0.001470050,0.000233312,-0.000125513,,,
1786043849886202460,1786043849.885339648,/novatel/oem7/inspva,/novatel/oem7/inspva,/novatel/oem7/inspva,39.663,-75.756,-1.800707528,0.001905948,-0.000571939,0.000095137,-0.001903572,-0.000571939,,novatel_oem7_msgs.msg.InertialSolutionStatus(status=3),
1786043849887783456,1786043849.885615751,/novatel/oem7/fix,/novatel/oem7/fix,/novatel/oem7/inspva,39.663,-75.756,-1.800707528,0.001905948,-0.000571939,0.000095137,-0.001903572,-0.000571939,,0,
1786043849888938707,1786043849.886097568,/novatel/oem7/odom,/novatel/oem7/fix,/novatel/oem7/odom,39.663,-75.756,-1.800707528,0.001903773,-0.000579139,-0.001893710,0.000195485,-0.000579139,,,
1786043849896227282,1786043849.895440984,/novatel/oem7/odom,/novatel/oem7/fix,/novatel/oem7/odom,39.663,-75.756,-1.800707528,0.001903773,-0.000579139,-0.001893710,0.000195485,-0.000579139,,,
1786043849906710415,1786043849.905962880,/novatel/oem7/inspva,/novatel/oem7/inspva,/novatel/oem7/inspva,39.663,-75.756,-1.800716997,0.001321482,-0.000368305,-0.000254579,-0.001296728,-0.000368305,,novatel_oem7_msgs.msg.InertialSolutionStatus(status=3),
1786043849908103199,1786043849.906117865,/novatel/oem7/fix,/novatel/oem7/fix,/novatel/oem7/inspva,39.663,-75.756,-1.800716997,0.001321482,-0.000368305,-0.000254579,-0.001296728,-0.000368305,,0,
1786043849909159123,1786043849.906493257,/novatel/oem7/odom,/novatel/oem7/fix,/novatel/oem7/odom,39.663,-75.756,-1.800716997,0.001319855,-0.000374096,-0.001306707,-0.000185830,-0.000374096,,,
1786043849910907651,1786043849.909344535,/novatel/oem7/bestpos,/novatel/oem7/bestpos,/novatel/oem7/odom,39.663,-75.756,33.181559709,0.001319855,-0.000374096,-0.001306707,-0.000185830,-0.000374096,,novatel_oem7_msgs.msg.SolutionStatus(status=0),novatel_oem7_msgs.msg.PositionOrVelocityType(type=53)
1786043849911911164,1786043849.910046862,/novatel/oem7/bestvel,/novatel/oem7/bestpos,/novatel/oem7/bestvel,39.663,-75.756,33.181559709,0.001502292,-0.000267120,,,,259.705445341,novatel_oem7_msgs.msg.SolutionStatus(status=0),novatel_oem7_msgs.msg.PositionOrVelocityType(type=53)
1786043849915388214,1786043849.914462687,/novatel/oem7/odom,/novatel/oem7/bestpos,/novatel/oem7/odom,39.663,-75.756,33.181559709,0.001319855,-0.000374096,-0.001306707,-0.000185830,-0.000374096,,,
1786043849931043764,1786043849.926484802,/novatel/oem7/inspva,/novatel/oem7/inspva,/novatel/oem7/inspva,39.663,-75.756,-1.800724501,0.001768551,-0.000239818,0.000001693,-0.001768550,-0.000239818,,novatel_oem7_msgs.msg.InertialSolutionStatus(status=3),
1786043849937975423,1786043849.926765172,/novatel/oem7/fix,/novatel/oem7/fix,/novatel/oem7/inspva,39.663,-75.756,-1.800724501,0.001768551,-0.000239818,0.000001693,-0.001768550,-0.000239818,,0,
1786043849938522443,1786043849.927215219,/novatel/oem7/odom,/novatel/oem7/fix,/novatel/oem7/odom,39.663,-75.756,-1.800724501,0.001767596,-0.000246759,-0.001765078,0.000094314,-0.000246759,,,
1786043849939079230,1786043849.934965032,/novatel/oem7/odom,/novatel/oem7/fix,/novatel/oem7/odom,39.663,-75.756,-1.800724501,0.001767596,-0.000246759,-0.001765078,0.000094314,-0.000246759,,,
1786043849945362331,1786043849.944935426,/novatel/oem7/inspva,/novatel/oem7/inspva,/novatel/oem7/inspva,39.663,-75.756,-1.800736452,0.001515455,-0.000253550,-0.000143437,-0.001508652,-0.000253550,,novatel_oem7_msgs.msg.InertialSolutionStatus(status=3),
1786043849946021385,1786043849.945181436,/novatel/oem7/fix,/novatel/oem7/fix,/novatel/oem7/inspva,39.663,-75.756,-1.800736452,0.001515455,-0.000253550,-0.000143437,-0.001508652,-0.000253550,,0,
1786043849946683543,1786043849.945845055,/novatel/oem7/odom,/novatel/oem7/fix,/novatel/oem7/odom,39.663,-75.756,-1.800736452,0.001514385,-0.000259868,-0.001513027,-0.000064102,-0.000259868,,,
1786043849956645903,1786043849.956174510,/novatel/oem7/odom,/novatel/oem7/fix,/novatel/oem7/odom,39.663,-75.756,-1.800736452,0.001514385,-0.000259868,-0.001513027,-0.000064102,-0.000259868,,,
1786043849966457081,1786043849.965802822,/novatel/oem7/inspva,/novatel/oem7/inspva,/novatel/oem7/inspva,39.663,-75.756,-1.800745524,0.001658354,-0.000256389,0.000079989,-0.001656423,-0.000256389,,novatel_oem7_msgs.msg.InertialSolutionStatus(status=3),
1786043849967588765,1786043849.967098614,/novatel/oem7/fix,/novatel/oem7/fix,/novatel/oem7/inspva,39.663,-75.756,-1.800745524,0.001658354,-0.000256389,0.000079989,-0.001656423,-0.000256389,,0,
1786043849968476818,1786043849.968151862,/novatel/oem7/odom,/novatel/oem7/fix,/novatel/oem7/odom,39.663,-75.756,-1.800745524,0.001657373,-0.000262652,-0.001648967,0.000166711,-0.000262652,,,
1786043849975378775,1786043849.974876017,/novatel/oem7/odom,/novatel/oem7/fix,/novatel/oem7/odom,39.663,-75.756,-1.800745524,0.001657373,-0.000262652,-0.001648967,0.000166711,-0.000262652,,,
1786043849987330852,1786043849.986337318,/novatel/oem7/inspva,/novatel/oem7/inspva,/novatel/oem7/inspva,39.663,-75.756,-1.800757018,0.001327428,-0.000212048,-0.000068509,-0.001325659,-0.000212048,,novatel_oem7_msgs.msg.InertialSolutionStatus(status=3),
1786043849988389510,1786043849.987714852,/novatel/oem7/fix,/novatel/oem7/fix,/novatel/oem7/inspva,39.663,-75.756,-1.800757018,0.001327428,-0.000212048,-0.000068509,-0.001325659,-0.000212048,,0,
1786043849989386569,1786043849.988918796,/novatel/oem7/odom,/novatel/oem7/fix,/novatel/oem7/odom,39.663,-75.756,-1.800757018,0.001326557,-0.000217431,-0.001326556,0.000001089,-0.000217431,,,
1786043849995203608,1786043849.994813303,/novatel/oem7/odom,/novatel/oem7/fix,/novatel/oem7/odom,39.663,-75.756,-1.800757018,0.001326557,-0.000217431,-0.001326556,0.000001089,-0.000217431,,,
1786043850008870119,1786043850.008352900,/novatel/oem7/inspva,/novatel/oem7/inspva,/novatel/oem7/inspva,39.663,-75.756,-1.800766069,0.001550965,-0.000274001,-0.000083752,-0.001548702,-0.000274001,,novatel_oem7_msgs.msg.InertialSolutionStatus(status=3),
1786043850009701070,1786043850.008567972,/novatel/oem7/fix,/novatel/oem7/fix,/novatel/oem7/inspva,39.663,-75.756,-1.800766069,0.001550965,-0.000274001,-0.000083752,-0.001548702,-0.000274001,,0,
1786043850011774130,1786043850.011124081,/novatel/oem7/odom,/novatel/oem7/fix,/novatel/oem7/odom,39.663,-75.756,-1.800766069,0.001549835,-0.000280323,-0.001549833,-0.000002367,-0.000280323,,,
1786043850017905517,1786043850.017037902,/novatel/oem7/odom,/novatel/oem7/fix,/novatel/oem7/odom,39.663,-75.756,-1.800766069,0.001549835,-0.000280323,-0.001549833,-0.000002367,-0.000280323,,,
1786043850028939659,1786043850.024141574,/novatel/oem7/bestpos,/novatel/oem7/bestpos,/novatel/oem7/odom,39.663,-75.756,33.181511587,0.001549835,-0.000280323,-0.001549833,-0.000002367,-0.000280323,,novatel_oem7_msgs.msg.SolutionStatus(status=0),novatel_oem7_msgs.msg.PositionOrVelocityType(type=53)
1786043850033880717,1786043850.025228822,/novatel/oem7/bestvel,/novatel/oem7/bestpos,/novatel/oem7/bestvel,39.663,-75.756,33.181511587,0.000904046,-0.000514722,,,,252.165163293,novatel_oem7_msgs.msg.SolutionStatus(status=0),novatel_oem7_msgs.msg.PositionOrVelocityType(type=53)
1786043850034733129,1786043850.026189628,/novatel/oem7/inspva,/novatel/oem7/inspva,/novatel/oem7/inspva,39.663,-75.756,-1.800776125,0.001237065,-0.000341982,-0.000218536,-0.001217609,-0.000341982,,novatel_oem7_msgs.msg.InertialSolutionStatus(status=3),
1786043850035081779,1786043850.026450637,/novatel/oem7/fix,/novatel/oem7/fix,/novatel/oem7/inspva,39.663,-75.756,-1.800776125,0.001237065,-0.000341982,-0.000218536,-0.001217609,-0.000341982,,0,
1786043850035513348,1786043850.027048337,/novatel/oem7/odom,/novatel/oem7/fix,/novatel/oem7/odom,39.663,-75.756,-1.800776125,0.001235565,-0.000347360,-0.001225930,-0.000154000,-0.000347360,,,
1786043850036102594,1786043850.034434902,/novatel/oem7/odom,/novatel/oem7/fix,/novatel/oem7/odom,39.663,-75.756,-1.800776125,0.001235565,-0.000347360,-0.001225930,-0.000154000,-0.000347360,,,
1786043850047526026,1786043850.046795188,/novatel/oem7/inspva,/novatel/oem7/inspva,/novatel/oem7/inspva,39.663,-75.756,-1.800779429,0.001206705,-0.000000312,-0.000024472,-0.001206457,-0.000000312,,novatel_oem7_msgs.msg.InertialSolutionStatus(status=3),
1786043850048379924,1786043850.047079637,/novatel/oem7/fix,/novatel/oem7/fix,/novatel/oem7/inspva,39.663,-75.756,-1.800779429,0.001206705,-0.000000312,-0.000024472,-0.001206457,-0.000000312,,0,
1786043850048983716,1786043850.047741900,/novatel/oem7/odom,/novatel/oem7/fix,/novatel/oem7/odom,39.663,-75.756,-1.800779429,0.001206694,-0.000005110,-0.001206085,0.000038346,-0.000005110,,,
1786043850057308591,1786043850.056806039,/novatel/oem7/odom,/novatel/oem7/fix,/novatel/oem7/odom,39.663,-75.756,-1.800779429,0.001206694,-0.000005110,-0.001206085,0.000038346,-0.000005110,,,
1786043850065618819,1786043850.065237745,/novatel/oem7/inspva,/novatel/oem7/inspva,/novatel/oem7/inspva,39.663,-75.756,-1.800784864,0.001294918,-0.000226524,-0.000001165,-0.001294918,-0.000226524,,novatel_oem7_msgs.msg.InertialSolutionStatus(status=3),
1786043850066638469,1786043850.065342038,/novatel/oem7/fix,/novatel/oem7/fix,/novatel/oem7/inspva,39.663,-75.756,-1.800784864,0.001294918,-0.000226524,-0.000001165,-0.001294918,-0.000226524,,0,
1786043850067406986,1786043850.065858317,/novatel/oem7/odom,/novatel/oem7/fix,/novatel/oem7/odom,39.663,-75.756,-1.800784864,0.001294020,-0.000231598,-0.001292294,0.000066814,-0.000231598,,,
1786043850076350034,1786043850.075795615,/novatel/oem7/odom,/novatel/oem7/fix,/novatel/oem7/odom,39.663,-75.756,-1.800784864,0.001294020,-0.000231598,-0.001292294,0.000066814,-0.000231598,,,
1786043850086429338,1786043850.085906518,/novatel/oem7/inspva,/novatel/oem7/inspva,/novatel/oem7/inspva,39.663,-75.756,-1.800788937,0.001274190,-0.000338821,0.000243884,-0.001250632,-0.000338821,,novatel_oem7_msgs.msg.InertialSolutionStatus(status=3),
1786043850087607929,1786043850.086044674,/novatel/oem7/fix,/novatel/oem7/fix,/novatel/oem7/inspva,39.663,-75.756,-1.800788937,0.001274190,-0.000338821,0.000243884,-0.001250632,-0.000338821,,0,
1786043850088329116,1786043850.086732536,/novatel/oem7/odom,/novatel/oem7/fix,/novatel/oem7/odom,39.663,-75.756,-1.800788937,0.001273059,-0.000343046,-0.001234859,0.000309518,-0.000343046,,,
1786043850095653996,1786043850.095159509,/novatel/oem7/odom,/novatel/oem7/fix,/novatel/oem7/odom,39.663,-75.756,-1.800788937,0.001273059,-0.000343046,-0.001234859,0.000309518,-0.000343046,,,
1786043850106517342,1786043850.106012379,/novatel/oem7/inspva,/novatel/oem7/inspva,/novatel/oem7/inspva,39.663,-75.756,-1.800792686,0.001336623,-0.000603251,0.000475979,-0.001249002,-0.000603251,,novatel_oem7_msgs.msg.InertialSolutionStatus(status=3),
1786043850107318718,1786043850.106201234,/novatel/oem7/fix,/novatel/oem7/fix,/novatel/oem7/inspva,39.663,-75.756,-1.800792686,0.001336623,-0.000603251,0.000475979,-0.001249002,-0.000603251,,0,
1786043850107860126,1786043850.106878578,/novatel/oem7/odom,/novatel/oem7/fix,/novatel/oem7/odom,39.663,-75.756,-1.800792686,0.001335008,-0.000606818,-0.001220080,0.000541897,-0.000606818,,,
1786043850109515457,1786043850.109146591,/novatel/oem7/bestpos,/novatel/oem7/bestpos,/novatel/oem7/odom,39.663,-75.756,33.181476695,0.001335008,-0.000606818,-0.001220080,0.000541897,-0.000606818,,novatel_oem7_msgs.msg.SolutionStatus(status=0),novatel_oem7_msgs.msg.PositionOrVelocityType(type=53)
1786043850110113116,1786043850.109560411,/novatel/oem7/bestvel,/novatel/oem7/bestpos,/novatel/oem7/bestvel,39.663,-75.756,33.181476695,0.001160580,-0.000525559,,,,282.042918760,novatel_oem7_msgs.msg.SolutionStatus(status=0),novatel_oem7_msgs.msg.PositionOrVelocityType(type=53)
1786043850116834314,1786043850.115693984,/novatel/oem7/odom,/novatel/oem7/bestpos,/novatel/oem7/odom,39.663,-75.756,33.181476695,0.001335008,-0.000606818,-0.001220080,0.000541897,-0.000606818,,,
1786043850125690821,1786043850.125299799,/novatel/oem7/inspva,/novatel/oem7/inspva,/novatel/oem7/inspva,39.663,-75.756,-1.800793566,0.001317133,-0.000030103,0.000344651,-0.001271241,-0.000030103,,novatel_oem7_msgs.msg.InertialSolutionStatus(status=3),
1786043850127223368,1786043850.125435930,/novatel/oem7/fix,/novatel/oem7/fix,/novatel/oem7/inspva,39.663,-75.756,-1.800793566,0.001317133,-0.000030103,0.000344651,-0.001271241,-0.000030103,,0,
1786043850128477103,1786043850.126017052,/novatel/oem7/odom,/novatel/oem7/fix,/novatel/oem7/odom,39.663,-75.756,-1.800793566,0.001317034,-0.000034142,-0.001251447,0.000410439,-0.000034142,,,
1786043850136340623,1786043850.135551135,/novatel/oem7/odom,/novatel/oem7/fix,/novatel/oem7/odom,39.663,-75.756,-1.800793566,0.001317034,-0.000034142,-0.001251447,0.000410439,-0.000034142,,,
1786043850146155152,1786043850.145343825,/novatel/oem7/inspva,/novatel/oem7/inspva,/novatel/oem7/inspva,39.663,-75.756,-1.800801781,0.001262237,-0.000518409,0.000391450,-0.001200004,-0.000518409,,novatel_oem7_msgs.msg.InertialSolutionStatus(status=3),
1786043850147769597,1786043850.145612377,/novatel/oem7/fix,/novatel/oem7/fix,/novatel/oem7/inspva,39.663,-75.756,-1.800801781,0.001262237,-0.000518409,0.000391450,-0.001200004,-0.000518409,,0,
1786043850149100662,1786043850.146060226,/novatel/oem7/odom,/novatel/oem7/fix,/novatel/oem7/odom,39.663,-75.756,-1.800801781,0.001260750,-0.000522016,-0.001175884,0.000454739,-0.000522016,,,
1786043850156522643,1786043850.155680673,/novatel/oem7/odom,/novatel/oem7/fix,/novatel/oem7/odom,39.663,-75.756,-1.800801781,0.001260750,-0.000522016,-0.001175884,0.000454739,-0.000522016,,,
1786043850167021907,1786043850.166442340,/novatel/oem7/inspva,/novatel/oem7/inspva,/novatel/oem7/inspva,39.663,-75.756,-1.800806304,0.001254077,-0.000299805,0.000611150,-0.001095082,-0.000299805,,novatel_oem7_msgs.msg.InertialSolutionStatus(status=3),
1786043850168492230,1786043850.166542986,/novatel/oem7/fix,/novatel/oem7/fix,/novatel/oem7/inspva,39.663,-75.756,-1.800806304,0.001254077,-0.000299805,0.000611150,-0.001095082,-0.000299805,,0,
1786043850169404519,1786043850.167109646,/novatel/oem7/odom,/novatel/oem7/fix,/novatel/oem7/odom,39.663,-75.756,-1.800806304,0.001253455,-0.000302396,-0.001060555,0.000668111,-0.000302396,,,
1786043850176315258,1786043850.175292536,/novatel/oem7/odom,/novatel/oem7/fix,/novatel/oem7/odom,39.663,-75.756,-1.800806304,0.001253455,-0.000302396,-0.001060555,0.000668111,-0.000302396,,,
1786043850185468154,1786043850.184890782,/novatel/oem7/inspva,/novatel/oem7/inspva,/novatel/oem7/inspva,39.663,-75.756,-1.800813317,0.001013201,-0.000537509,0.000333726,-0.000956662,-0.000537509,,novatel_oem7_msgs.msg.InertialSolutionStatus(status=3),
1786043850186784736,1786043850.185002525,/novatel/oem7/fix,/novatel/oem7/fix,/novatel/oem7/inspva,39.663,-75.756,-1.800813317,0.001013201,-0.000537509,0.000333726,-0.000956662,-0.000537509,,0,
1786043850187752006,1786043850.185513774,/novatel/oem7/odom,/novatel/oem7/fix,/novatel/oem7/odom,39.663,-75.756,-1.800813317,0.001011702,-0.000540325,-0.000935799,0.000384475,-0.000540325,,,
1786043850196079101,1786043850.195465544,/novatel/oem7/odom,/novatel/oem7/fix,/novatel/oem7/odom,39.663,-75.756,-1.800813317,0.001011702,-0.000540325,-0.000935799,0.000384475,-0.000540325,,,
1786043850207194620,1786043850.206510886,/novatel/oem7/inspva,/novatel/oem7/inspva,/novatel/oem7/inspva,39.663,-75.756,-1.800818025,0.001160532,-0.000375320,0.000755268,-0.000881139,-0.000375320,,novatel_oem7_msgs.msg.InertialSolutionStatus(status=3),
1786043850208484502,1786043850.206750668,/novatel/oem7/fix,/novatel/oem7/fix,/novatel/oem7/inspva,39.663,-75.756,-1.800818025,0.001160532,-0.000375320,0.000755268,-0.000881139,-0.000375320,,0,
1786043850209392191,1786043850.207571450,/novatel/oem7/odom,/novatel/oem7/fix,/novatel/oem7/odom,39.663,-75.756,-1.800818025,0.001160097,-0.000376663,-0.000839095,0.000801090,-0.000376663,,,
1786043850211063962,1786043850.210335465,/novatel/oem7/bestpos,/novatel/oem7/bestpos,/novatel/oem7/odom,39.663,-75.756,33.181449961,0.001160097,-0.000376663,-0.000839095,0.000801090,-0.000376663,,novatel_oem7_msgs.msg.SolutionStatus(status=0),novatel_oem7_msgs.msg.PositionOrVelocityType(type=53)
1786043850212297484,1786043850.210703952,/novatel/oem7/bestvel,/novatel/oem7/bestpos,/novatel/oem7/bestvel,39.663,-75.756,33.181449961,0.000984137,-0.000329574,,,,307.025652840,novatel_oem7_msgs.msg.SolutionStatus(status=0),novatel_oem7_msgs.msg.PositionOrVelocityType(type=53)
1786043850215172858,1786043850.214607671,/novatel/oem7/odom,/novatel/oem7/bestpos,/novatel/oem7/odom,39.663,-75.756,33.181449961,0.001160097,-0.000376663,-0.000839095,0.000801090,-0.000376663,,,
1786043850226731836,1786043850.226131102,/novatel/oem7/inspva,/novatel/oem7/inspva,/novatel/oem7/inspva,39.663,-75.756,-1.800824393,0.001069532,-0.000537525,0.000543847,-0.000920939,-0.000537525,,novatel_oem7_msgs.msg.InertialSolutionStatus(status=3),
1786043850227998834,1786043850.226315171,/novatel/oem7/fix,/novatel/oem7/fix,/novatel/oem7/inspva,39.663,-75.756,-1.800824393,0.001069532,-0.000537525,0.000543847,-0.000920939,-0.000537525,,0,
1786043850228947818,1786043850.226813286,/novatel/oem7/odom,/novatel/oem7/fix,/novatel/oem7/odom,39.663,-75.756,-1.800824393,0.001068478,-0.000539617,-0.000889189,0.000592443,-0.000539617,,,
1786043850235171196,1786043850.234584701,/novatel/oem7/odom,/novatel/oem7/fix,/novatel/oem7/odom,39.663,-75.756,-1.800824393,0.001068478,-0.000539617,-0.000889189,0.000592443,-0.000539617,,,
1786043850246062886,1786043850.245332349,/novatel/oem7/inspva,/novatel/oem7/inspva,/novatel/oem7/inspva,39.663,-75.756,-1.800826927,0.000875493,-0.000123785,0.000704819,-0.000519344,-0.000123785,,novatel_oem7_msgs.msg.InertialSolutionStatus(status=3),
1786043850247751412,1786043850.245461894,/novatel/oem7/fix,/novatel/oem7/fix,/novatel/oem7/inspva,39.663,-75.756,-1.800826927,0.000875493,-0.000123785,0.000704819,-0.000519344,-0.000123785,,0,
1786043850249081363,1786043850.246019981,/novatel/oem7/odom,/novatel/oem7/fix,/novatel/oem7/odom,39.663,-75.756,-1.800826927,0.000875482,-0.000123857,-0.000481440,0.000731222,-0.000123857,,,
1786043850257354001,1786043850.256534208,/novatel/oem7/odom,/novatel/oem7/fix,/novatel/oem7/odom,39.663,-75.756,-1.800826927,0.000875482,-0.000123857,-0.000481440,0.000731222,-0.000123857,,,
1786043850266443159,1786043850.265908322,/novatel/oem7/inspva,/novatel/oem7/inspva,/novatel/oem7/inspva,39.663,-75.756,-1.800831079,0.000826378,-0.000040074,0.000443144,-0.000697512,-0.000040074,,novatel_oem7_msgs.msg.InertialSolutionStatus(status=3),
1786043850267754330,1786043850.266002046,/novatel/oem7/fix,/novatel/oem7/fix,/novatel/oem7/inspva,39.663,-75.756,-1.800831079,0.000826378,-0.000040074,0.000443144,-0.000697512,-0.000040074,,0,
1786043850268781986,1786043850.266400798,/novatel/oem7/odom,/novatel/oem7/fix,/novatel/oem7/odom,39.663,-75.756,-1.800831079,0.000826304,-0.000041572,-0.000673330,0.000478961,-0.000041572,,,
1786043850274934140,1786043850.274318028,/novatel/oem7/odom,/novatel/oem7/fix,/novatel/oem7/odom,39.663,-75.756,-1.800831079,0.000826304,-0.000041572,-0.000673330,0.000478961,-0.000041572,,,
1786043850286670704,1786043850.286104966,/novatel/oem7/inspva,/novatel/oem7/inspva,/novatel/oem7/inspva,39.663,-75.756,-1.800839551,0.000789473,-0.000526709,0.000776561,-0.000142202,-0.000526709,,novatel_oem7_msgs.msg.InertialSolutionStatus(status=3),
1786043850287928057,1786043850.286211544,/novatel/oem7/fix,/novatel/oem7/fix,/novatel/oem7/inspva,39.663,-75.756,-1.800839551,0.000789473,-0.000526709,0.000776561,-0.000142202,-0.000526709,,0,
1786043850288888373,1786043850.286761168,/novatel/oem7/odom,/novatel/oem7/fix,/novatel/oem7/odom,39.663,-75.756,-1.800839551,0.000790553,-0.000525086,-0.000099427,0.000784276,-0.000525086,,,
1786043850295876067,1786043850.295275134,/novatel/oem7/odom,/novatel/oem7/fix,/novatel/oem7/odom,39.663,-75.756,-1.800839551,0.000790553,-0.000525086,-0.000099427,0.000784276,-0.000525086,,,
1786043850306065453,1786043850.305589504,/novatel/oem7/inspva,/novatel/oem7/inspva,/novatel/oem7/inspva,39.663,-75.756,-1.800840120,0.000855325,-0.000344496,0.000585386,-0.000623622,-0.000344496,,novatel_oem7_msgs.msg.InertialSolutionStatus(status=3),
1786043850307285714,1786043850.305664267,/novatel/oem7/fix,/novatel/oem7/fix,/novatel/oem7/inspva,39.663,-75.756,-1.800840120,0.000855325,-0.000344496,0.000585386,-0.000623622,-0.000344496,,0,
1786043850308226581,1786043850.306222062,/novatel/oem7/odom,/novatel/oem7/fix,/novatel/oem7/odom,39.663,-75.756,-1.800840120,0.000854999,-0.000345304,-0.000590897,0.000617952,-0.000345304,,,
1786043850309975913,1786043850.309131320,/novatel/oem7/bestpos,/novatel/oem7/bestpos,/novatel/oem7/odom,39.663,-75.756,33.181430823,0.000854999,-0.000345304,-0.000590897,0.000617952,-0.000345304,,novatel_oem7_msgs.msg.SolutionStatus(status=0),novatel_oem7_msgs.msg.PositionOrVelocityType(type=53)
1786043850311217731,1786043850.309538882,/novatel/oem7/bestvel,/novatel/oem7/bestpos,/novatel/oem7/bestvel,39.663,-75.756,33.181430823,0.000246391,-0.000195351,,,,269.269172168,novatel_oem7_msgs.msg.SolutionStatus(status=0),novatel_oem7_msgs.msg.PositionOrVelocityType(type=53)
1786043850315954134,1786043850.315336828,/novatel/oem7/odom,/novatel/oem7/bestpos,/novatel/oem7/odom,39.663,-75.756,33.181430823,0.000854999,-0.000345304,-0.000590897,0.000617952,-0.000345304,,,
1786043850326055979,1786043850.325463208,/novatel/oem7/inspva,/novatel/oem7/inspva,/novatel/oem7/inspva,39.663,-75.756,-1.800840329,0.000692783,0.000002734,0.000689163,-0.000070733,0.000002734,,novatel_oem7_msgs.msg.InertialSolutionStatus(status=3),
1786043850327318146,1786043850.325642746,/novatel/oem7/fix,/novatel/oem7/fix,/novatel/oem7/inspva,39.663,-75.756,-1.800840329,0.000692783,0.000002734,0.000689163,-0.000070733,0.000002734,,0,
1786043850328264570,1786043850.326137461,/novatel/oem7/odom,/novatel/oem7/fix,/novatel/oem7/odom,39.663,-75.756,-1.800840329,0.000692775,0.000004388,-0.000034765,0.000691902,0.000004388,,,
1786043850335506869,1786043850.334889467,/novatel/oem7/odom,/novatel/oem7/fix,/novatel/oem7/odom,39.663,-75.756,-1.800840329,0.000692775,0.000004388,-0.000034765,0.000691902,0.000004388,,,
1786043850345753467,1786043850.345058394,/novatel/oem7/inspva,/novatel/oem7/inspva,/novatel/oem7/inspva,39.663,-75.756,-1.800841445,0.000610009,0.000105373,0.000425991,-0.000436625,0.000105373,,novatel_oem7_msgs.msg.InertialSolutionStatus(status=3),
1786043850347397190,1786043850.345167448,/novatel/oem7/fix,/novatel/oem7/fix,/novatel/oem7/inspva,39.663,-75.756,-1.800841445,0.000610009,0.000105373,0.000425991,-0.000436625,0.000105373,,0,
1786043850348768153,1786043850.345701327,/novatel/oem7/odom,/novatel/oem7/fix,/novatel/oem7/odom,39.663,-75.756,-1.800841445,0.000610099,0.000104850,-0.000414277,0.000447878,0.000104850,,,
1786043850356784388,1786043850.355921827,/novatel/oem7/odom,/novatel/oem7/fix,/novatel/oem7/odom,39.663,-75.756,-1.800841445,0.000610099,0.000104850,-0.000414277,0.000447878,0.000104850,,,
1786043850365789688,1786043850.365201598,/novatel/oem7/inspva,/novatel/oem7/inspva,/novatel/oem7/inspva,39.663,-75.756,-1.800844179,0.000680631,-0.000237351,0.000674459,0.000091456,-0.000237351,,novatel_oem7_msgs.msg.InertialSolutionStatus(status=3),
1786043850367211900,1786043850.365296987,/novatel/oem7/fix,/novatel/oem7/fix,/novatel/oem7/inspva,39.663,-75.756,-1.800844179,0.000680631,-0.000237351,0.000674459,0.000091456,-0.000237351,,0,
1786043850368460450,1786043850.365904152,/novatel/oem7/odom,/novatel/oem7/fix,/novatel/oem7/odom,39.663,-75.756,-1.800844179,0.000681413,-0.000235098,0.000127419,0.000669393,-0.000235098,,,
1786043850375438012,1786043850.374800932,/novatel/oem7/odom,/novatel/oem7/fix,/novatel/oem7/odom,39.663,-75.756,-1.800844179,0.000681413,-0.000235098,0.000127419,0.000669393,-0.000235098,,,
1786043850385712993,1786043850.385155797,/novatel/oem7/inspva,/novatel/oem7/inspva,/novatel/oem7/inspva,39.663,-75.756,-1.800841894,0.000902987,0.000182300,0.000619057,-0.000657384,0.000182300,,novatel_oem7_msgs.msg.InertialSolutionStatus(status=3),
1786043850386965975,1786043850.385341726,/novatel/oem7/fix,/novatel/oem7/fix,/novatel/oem7/inspva,39.663,-75.756,-1.800841894,0.000902987,0.000182300,0.000619057,-0.000657384,0.000182300,,0,
1786043850387947425,1786043850.385829204,/novatel/oem7/odom,/novatel/oem7/fix,/novatel/oem7/odom,39.663,-75.756,-1.800841894,0.000903159,0.000181445,-0.000624992,0.000651983,0.000181445,,,
1786043850394886566,1786043850.394280920,/novatel/oem7/odom,/novatel/oem7/fix,/novatel/oem7/odom,39.663,-75.756,-1.800841894,0.000903159,0.000181445,-0.000624992,0.000651983,0.000181445,,,
1786043850406565718,1786043850.406142684,/novatel/oem7/inspva,/novatel/oem7/inspva,/novatel/oem7/inspva,39.663,-75.756,-1.800846790,0.000393253,-0.000319589,0.000333301,0.000208706,-0.000319589,,novatel_oem7_msgs.msg.InertialSolutionStatus(status=3),
1786043850407533831,1786043850.406351320,/novatel/oem7/fix,/novatel/oem7/fix,/novatel/oem7/inspva,39.663,-75.756,-1.800846790,0.000393253,-0.000319589,0.000333301,0.000208706,-0.000319589,,0,
1786043850407930761,1786043850.406871865,/novatel/oem7/odom,/novatel/oem7/fix,/novatel/oem7/odom,39.663,-75.756,-1.800846790,0.000394675,-0.000317831,0.000227077,0.000322807,-0.000317831,,,
1786043850410557189,1786043850.410223311,/novatel/oem7/bestpos,/novatel/oem7/bestpos,/novatel/oem7/odom,39.663,-75.756,33.181418315,0.000394675,-0.000317831,0.000227077,0.000322807,-0.000317831,,novatel_oem7_msgs.msg.SolutionStatus(status=0),novatel_oem7_msgs.msg.PositionOrVelocityType(type=53)
1786043850411099112,1786043850.410724330,/novatel/oem7/bestvel,/novatel/oem7/bestpos,/novatel/oem7/bestvel,39.663,-75.756,33.181418315,0.000161103,-0.000099502,,,,351.834662392,novatel_oem7_msgs.msg.SolutionStatus(status=0),novatel_oem7_msgs.msg.PositionOrVelocityType(type=53)
1786043850415818983,1786043850.415370507,/novatel/oem7/odom,/novatel/oem7/bestpos,/novatel/oem7/odom,39.663,-75.756,33.181418315,0.000394675,-0.000317831,0.000227077,0.000322807,-0.000317831,,,
1786043850425217018,1786043850.424870040,/novatel/oem7/inspva,/novatel/oem7/inspva,/novatel/oem7/inspva,39.663,-75.756,-1.800844188,0.000473503,-0.000159400,0.000450038,-0.000147210,-0.000159400,,novatel_oem7_msgs.msg.InertialSolutionStatus(status=3),
1786043850425826664,1786043850.425041276,/novatel/oem7/fix,/novatel/oem7/fix,/novatel/oem7/inspva,39.663,-75.756,-1.800844188,0.000473503,-0.000159400,0.000450038,-0.000147210,-0.000159400,,0,
1786043850426241035,1786043850.425403529,/novatel/oem7/odom,/novatel/oem7/fix,/novatel/oem7/odom,39.663,-75.756,-1.800844188,0.000473733,-0.000158715,-0.000122917,0.000457509,-0.000158715,,,
1786043850434815819,1786043850.434323730,/novatel/oem7/odom,/novatel/oem7/fix,/novatel/oem7/odom,39.663,-75.756,-1.800844188,0.000473733,-0.000158715,-0.000122917,0.000457509,-0.000158715,,,
1786043850446254385,1786043850.445774106,/novatel/oem7/inspva,/novatel/oem7/inspva,/novatel/oem7/inspva,39.663,-75.756,-1.800841849,0.000406189,0.000060154,0.000396144,0.000089776,0.000060154,,novatel_oem7_msgs.msg.InertialSolutionStatus(status=3),
1786043850447220438,1786043850.446002498,/novatel/oem7/fix,/novatel/oem7/fix,/novatel/oem7/inspva,39.663,-75.756,-1.800841849,0.000406189,0.000060154,0.000396144,0.000089776,0.000060154,,0,
1786043850447844073,1786043850.446596841,/novatel/oem7/odom,/novatel/oem7/fix,/novatel/oem7/odom,39.663,-75.756,-1.800841849,0.000405970,0.000061618,0.000110045,0.000390770,0.000061618,,,
1786043850456648344,1786043850.456222807,/novatel/oem7/odom,/novatel/oem7/fix,/novatel/oem7/odom,39.663,-75.756,-1.800841849,0.000405970,0.000061618,0.000110045,0.000390770,0.000061618,,,
1786043850466062893,1786043850.465239001,/novatel/oem7/inspva,/novatel/oem7/inspva,/novatel/oem7/inspva,39.663,-75.756,-1.800838844,0.000444154,0.000233351,0.000441586,-0.000047690,0.000233351,,novatel_oem7_msgs.msg.InertialSolutionStatus(status=3),
1786043850467297920,1786043850.466042136,/novatel/oem7/fix,/novatel/oem7/fix,/novatel/oem7/inspva,39.663,-75.756,-1.800838844,0.000444154,0.000233351,0.000441586,-0.000047690,0.000233351,,0,
1786043850468308756,1786043850.467043226,/novatel/oem7/odom,/novatel/oem7/fix,/novatel/oem7/odom,39.663,-75.756,-1.800838844,0.000443598,0.000234405,-0.000025565,0.000442861,0.000234405,,,
1786043850474882182,1786043850.474550305,/novatel/oem7/odom,/novatel/oem7/fix,/novatel/oem7/odom,39.663,-75.756,-1.800838844,0.000443598,0.000234405,-0.000025565,0.000442861,0.000234405,,,
1786043850485606037,1786043850.485236467,/novatel/oem7/inspva,/novatel/oem7/inspva,/novatel/oem7/inspva,39.663,-75.756,-1.800840319,0.000611268,-0.000156934,0.000591475,0.000154289,-0.000156934,,novatel_oem7_msgs.msg.InertialSolutionStatus(status=3),
1786043850487050539,1786043850.485542094,/novatel/oem7/fix,/novatel/oem7/fix,/novatel/oem7/inspva,39.663,-75.756,-1.800840319,0.000611268,-0.000156934,0.000591475,0.000154289,-0.000156934,,0,
1786043850487579036,1786043850.485981008,/novatel/oem7/odom,/novatel/oem7/fix,/novatel/oem7/odom,39.663,-75.756,-1.800840319,0.000611846,-0.000154666,0.000185542,0.000583034,-0.000154666,,,
1786043850495456492,1786043850.495030755,/novatel/oem7/odom,/novatel/oem7/fix,/novatel/oem7/odom,39.663,-75.756,-1.800840319,0.000611846,-0.000154666,0.000185542,0.000583034,-0.000154666,,,
1786043850506304680,1786043850.505969014,/novatel/oem7/inspva,/novatel/oem7/inspva,/novatel/oem7/inspva,39.663,-75.756,-1.800836174,0.000640427,0.000009595,0.000600162,0.000223499,0.000009595,,novatel_oem7_msgs.msg.InertialSolutionStatus(status=3),
1786043850506883589,1786043850.506148599,/novatel/oem7/fix,/novatel/oem7/fix,/novatel/oem7/inspva,39.663,-75.756,-1.800836174,0.000640427,0.000009595,0.000600162,0.000223499,0.000009595,,0,
1786043850507304857,1786043850.506503252,/novatel/oem7/odom,/novatel/oem7/fix,/novatel/oem7/odom,39.663,-75.756,-1.800836174,0.000640383,0.000012161,0.000254435,0.000587668,0.000012161,,,
1786043850511605278,1786043850.511250095,/novatel/oem7/bestpos,/novatel/oem7/bestpos,/novatel/oem7/odom,39.663,-75.756,33.181427731,0.000640383,0.000012161,0.000254435,0.000587668,0.000012161,,novatel_oem7_msgs.msg.SolutionStatus(status=0),novatel_oem7_msgs.msg.PositionOrVelocityType(type=53)
1786043850512204139,1786043850.511591358,/novatel/oem7/bestvel,/novatel/oem7/bestpos,/novatel/oem7/bestvel,39.663,-75.756,33.181427731,0.000713452,0.000005207,,,,9.182663542,novatel_oem7_msgs.msg.SolutionStatus(status=0),novatel_oem7_msgs.msg.PositionOrVelocityType(type=53)
1786043850515057683,1786043850.514358206,/novatel/oem7/odom,/novatel/oem7/bestpos,/novatel/oem7/odom,39.663,-75.756,33.181427731,0.000640383,0.000012161,0.000254435,0.000587668,0.000012161,,,
1786043850526251480,1786043850.525047118,/novatel/oem7/inspva,/novatel/oem7/inspva,/novatel/oem7/inspva,39.663,-75.756,-1.800837123,0.000158307,-0.000152528,0.000150561,0.000048911,-0.000152528,,novatel_oem7_msgs.msg.InertialSolutionStatus(status=3),
1786043850528485786,1786043850.525233690,/novatel/oem7/fix,/novatel/oem7/fix,/novatel/oem7/inspva,39.663,-75.756,-1.800837123,0.000158307,-0.000152528,0.000150561,0.000048911,-0.000152528,,0,
1786043850530476483,1786043850.525648464,/novatel/oem7/odom,/novatel/oem7/fix,/novatel/oem7/odom,39.663,-75.756,-1.800837123,0.000158901,-0.000151909,0.000057315,0.000148205,-0.000151909,,,
1786043850540156192,1786043850.535857505,/novatel/oem7/odom,/novatel/oem7/fix,/novatel/oem7/odom,39.663,-75.756,-1.800837123,0.000158901,-0.000151909,0.000057315,0.000148205,-0.000151909,,,
1786043850548054399,1786043850.545244193,/novatel/oem7/inspva,/novatel/oem7/inspva,/novatel/oem7/inspva,39.663,-75.756,-1.800833263,0.000288340,0.000004096,0.000274543,0.000088124,0.000004096,,novatel_oem7_msgs.msg.InertialSolutionStatus(status=3),
1786043850555310648,1786043850.545547086,/novatel/oem7/fix,/novatel/oem7/fix,/novatel/oem7/inspva,39.663,-75.756,-1.800833263,0.000288340,0.000004096,0.000274543,0.000088124,0.000004096,,0,
1786043850557392926,1786043850.546055855,/novatel/oem7/odom,/novatel/oem7/fix,/novatel/oem7/odom,39.663,-75.756,-1.800833263,0.000288321,0.000005218,0.000102299,0.000269563,0.000005218,,,
1786043850559458181,1786043850.555636094,/novatel/oem7/odom,/novatel/oem7/fix,/novatel/oem7/odom,39.663,-75.756,-1.800833263,0.000288321,0.000005218,0.000102299,0.000269563,0.000005218,,,
1786043850567405316,1786043850.566832029,/novatel/oem7/inspva,/novatel/oem7/inspva,/novatel/oem7/inspva,39.663,-75.756,-1.800832530,0.000452092,-0.000126972,0.000451729,-0.000018093,-0.000126972,,novatel_oem7_msgs.msg.InertialSolutionStatus(status=3),
1786043850568586931,1786043850.567023914,/novatel/oem7/fix,/novatel/oem7/fix,/novatel/oem7/inspva,39.663,-75.756,-1.800832530,0.000452092,-0.000126972,0.000451729,-0.000018093,-0.000126972,,0,
1786043850569488977,1786043850.567268843,/novatel/oem7/odom,/novatel/oem7/fix,/novatel/oem7/odom,39.663,-75.756,-1.800832530,0.000452428,-0.000125768,0.000005996,0.000452388,-0.000125768,,,
1786043850575164252,1786043850.574592408,/novatel/oem7/odom,/novatel/oem7/fix,/novatel/oem7/odom,39.663,-75.756,-1.800832530,0.000452428,-0.000125768,0.000005996,0.000452388,-0.000125768,,,
1786043850585977030,1786043850.585176946,/novatel/oem7/inspva,/novatel/oem7/inspva,/novatel/oem7/inspva,39.663,-75.756,-1.800831949,0.000552623,-0.000215764,0.000548504,0.000067348,-0.000215764,,novatel_oem7_msgs.msg.InertialSolutionStatus(status=3),
1786043850587140231,1786043850.585365348,/novatel/oem7/fix,/novatel/oem7/fix,/novatel/oem7/inspva,39.663,-75.756,-1.800831949,0.000552623,-0.000215764,0.000548504,0.000067348,-0.000215764,,0,
1786043850588082277,1786043850.585722204,/novatel/oem7/odom,/novatel/oem7/fix,/novatel/oem7/odom,39.663,-75.756,-1.800831949,0.000553330,-0.000213947,0.000096733,0.000544809,-0.000213947,,,
1786043850595678452,1786043850.594885774,/novatel/oem7/odom,/novatel/oem7/fix,/novatel/oem7/odom,39.663,-75.756,-1.800831949,0.000553330,-0.000213947,0.000096733,0.000544809,-0.000213947,,,
1786043850606721509,1786043850.606208855,/novatel/oem7/inspva,/novatel/oem7/inspva,/novatel/oem7/inspva,39.663,-75.756,-1.800830197,0.000589679,0.000101183,0.000581246,0.000099370,0.000101183,,novatel_oem7_msgs.msg.InertialSolutionStatus(status=3),
1786043850607818515,1786043850.606405997,/novatel/oem7/fix,/novatel/oem7/fix,/novatel/oem7/inspva,39.663,-75.756,-1.800830197,0.000589679,0.000101183,0.000581246,0.000099370,0.000101183,,0,
1786043850608681192,1786043850.606927780,/novatel/oem7/odom,/novatel/oem7/fix,/novatel/oem7/odom,39.663,-75.756,-1.800830197,0.000589327,0.000103214,0.000129134,0.000575005,0.000103214,,,
1786043850611034368,1786043850.610492473,/novatel/oem7/bestpos,/novatel/oem7/bestpos,/novatel/oem7/odom,39.663,-75.756,33.181430662,0.000589327,0.000103214,0.000129134,0.000575005,0.000103214,,novatel_oem7_msgs.msg.SolutionStatus(status=0),novatel_oem7_msgs.msg.PositionOrVelocityType(type=53)
1786043850612221391,1786043850.610954281,/novatel/oem7/bestvel,/novatel/oem7/bestpos,/novatel/oem7/bestvel,39.663,-75.756,33.181430662,0.000692912,0.000036221,,,,9.052302456,novatel_oem7_msgs.msg.SolutionStatus(status=0),novatel_oem7_msgs.msg.PositionOrVelocityType(type=53)
1786043850615469255,1786043850.614879384,/novatel/oem7/odom,/novatel/oem7/bestpos,/novatel/oem7/odom,39.663,-75.756,33.181430662,0.000589327,0.000103214,0.000129134,0.000575005,0.000103214,,,
1786043850626795190,1786043850.626158002,/novatel/oem7/inspva,/novatel/oem7/inspva,/novatel/oem7/inspva,39.663,-75.756,-1.800830496,0.001056707,-0.000110042,0.001051773,0.000101988,-0.000110042,,novatel_oem7_msgs.msg.InertialSolutionStatus(status=3),
1786043850628044063,1786043850.626361394,/novatel/oem7/fix,/novatel/oem7/fix,/novatel/oem7/inspva,39.663,-75.756,-1.800830496,0.001056707,-0.000110042,0.001051773,0.000101988,-0.000110042,,0,
1786043850628958973,1786043850.626908576,/novatel/oem7/odom,/novatel/oem7/fix,/novatel/oem7/odom,39.663,-75.756,-1.800830496,0.001057052,-0.000106673,0.000157139,0.001045307,-0.000106673,,,
1786043850635928169,1786043850.634569840,/novatel/oem7/odom,/novatel/oem7/fix,/novatel/oem7/odom,39.663,-75.756,-1.800830496,0.001057052,-0.000106673,0.000157139,0.001045307,-0.000106673,,,
1786043850648074252,1786043850.645229416,/novatel/oem7/inspva,/novatel/oem7/inspva,/novatel/oem7/inspva,39.663,-75.756,-1.800831061,0.000557953,-0.000144139,0.000389467,0.000399533,-0.000144139,,novatel_oem7_msgs.msg.InertialSolutionStatus(status=3),
1786043850655364263,1786043850.645475621,/novatel/oem7/fix,/novatel/oem7/fix,/novatel/oem7/inspva,39.663,-75.756,-1.800831061,0.000557953,-0.000144139,0.000389467,0.000399533,-0.000144139,,0,
1786043850658327459,1786043850.645984786,/novatel/oem7/odom,/novatel/oem7/fix,/novatel/oem7/odom,39.663,-75.756,-1.800831061,0.000558633,-0.000141478,0.000419880,0.000368472,-0.000141478,,,
1786043850660077003,1786043850.656648392,/novatel/oem7/odom,/novatel/oem7/fix,/novatel/oem7/odom,39.663,-75.756,-1.800831061,0.000558633,-0.000141478,0.000419880,0.000368472,-0.000141478,,,
1786043850666260271,1786043850.665139071,/novatel/oem7/inspva,/novatel/oem7/inspva,/novatel/oem7/inspva,39.663,-75.756,-1.800830601,0.000871084,-0.000287493,0.000698023,0.000521105,-0.000287493,,novatel_oem7_msgs.msg.InertialSolutionStatus(status=3),
1786043850667665943,1786043850.665364453,/novatel/oem7/fix,/novatel/oem7/fix,/novatel/oem7/inspva,39.663,-75.756,-1.800830601,0.000871084,-0.000287493,0.000698023,0.000521105,-0.000287493,,0,
1786043850668940984,1786043850.665694050,/novatel/oem7/odom,/novatel/oem7/fix,/novatel/oem7/odom,39.663,-75.756,-1.800830601,0.000872397,-0.000283482,0.000557960,0.000670640,-0.000283482,,,
1786043850675382467,1786043850.674629477,/novatel/oem7/odom,/novatel/oem7/fix,/novatel/oem7/odom,39.663,-75.756,-1.800830601,0.000872397,-0.000283482,0.000557960,0.000670640,-0.000283482,,,
1786043850687276465,1786043850.686683453,/novatel/oem7/inspva,/novatel/oem7/inspva,/novatel/oem7/inspva,39.663,-75.756,-1.800828835,0.000413165,0.000106970,0.000412140,0.000029092,0.000106970,,novatel_oem7_msgs.msg.InertialSolutionStatus(status=3),
1786043850688719871,1786043850.686915502,/novatel/oem7/fix,/novatel/oem7/fix,/novatel/oem7/inspva,39.663,-75.756,-1.800828835,0.000413165,0.000106970,0.000412140,0.000029092,0.000106970,,0,
1786043850689811879,1786043850.687269265,/novatel/oem7/odom,/novatel/oem7/fix,/novatel/oem7/odom,39.663,-75.756,-1.800828835,0.000412832,0.000108248,0.000050112,0.000409779,0.000108248,,,
1786043850695813877,1786043850.695120782,/novatel/oem7/odom,/novatel/oem7/fix,/novatel/oem7/odom,39.663,-75.756,-1.800828835,0.000412832,0.000108248,0.000050112,0.000409779,0.000108248,,,
1786043850706753574,1786043850.705783381,/novatel/oem7/inspva,/novatel/oem7/inspva,/novatel/oem7/inspva,39.663,-75.756,-1.800832429,0.000844970,-0.000558333,0.000756653,0.000376100,-0.000558333,,novatel_oem7_msgs.msg.InertialSolutionStatus(status=3),
1786043850708597604,1786043850.706149834,/novatel/oem7/fix,/novatel/oem7/fix,/novatel/oem7/inspva,39.663,-75.756,-1.800832429,0.000844970,-0.000558333,0.000756653,0.000376100,-0.000558333,,0,
1786043850709769067,1786043850.706527865,/novatel/oem7/odom,/novatel/oem7/fix,/novatel/oem7/odom,39.663,-75.756,-1.800832429,0.000847347,-0.000554720,0.000417297,0.000737468,-0.000554720,,,
1786043850711414121,1786043850.709498865,/novatel/oem7/bestpos,/novatel/oem7/bestpos,/novatel/oem7/odom,39.663,-75.756,33.181438264,0.000847347,-0.000554720,0.000417297,0.000737468,-0.000554720,,novatel_oem7_msgs.msg.SolutionStatus(status=0),novatel_oem7_msgs.msg.PositionOrVelocityType(type=53)
1786043850712486567,1786043850.710146841,/novatel/oem7/bestvel,/novatel/oem7/bestpos,/novatel/oem7/bestvel,39.663,-75.756,33.181438264,0.000974107,-0.000571042,,,,10.127757289,novatel_oem7_msgs.msg.SolutionStatus(status=0),novatel_oem7_msgs.msg.PositionOrVelocityType(type=53)
1786043850716148167,1786043850.715463968,/novatel/oem7/odom,/novatel/oem7/bestpos,/novatel/oem7/odom,39.663,-75.756,33.181438264,0.000847347,-0.000554720,0.000417297,0.000737468,-0.000554720,,,
1786043850725786082,1786043850.725174288,/novatel/oem7/inspva,/novatel/oem7/inspva,/novatel/oem7/inspva,39.663,-75.756,-1.800829074,0.000869653,0.000108156,0.000865868,0.000081049,0.000108156,,novatel_oem7_msgs.msg.InertialSolutionStatus(status=3),
1786043850727029834,1786043850.725381653,/novatel/oem7/fix,/novatel/oem7/fix,/novatel/oem7/inspva,39.663,-75.756,-1.800829074,0.000869653,0.000108156,0.000865868,0.000081049,0.000108156,,0,
1786043850727948052,1786043850.725708449,/novatel/oem7/odom,/novatel/oem7/fix,/novatel/oem7/odom,39.663,-75.756,-1.800829074,0.000869305,0.000110917,0.000125668,0.000860174,0.000110917,,,
1786043850735722948,1786043850.734911748,/novatel/oem7/odom,/novatel/oem7/fix,/novatel/oem7/odom,39.663,-75.756,-1.800829074,0.000869305,0.000110917,0.000125668,0.000860174,0.000110917,,,
1786043850746950916,1786043850.746142487,/novatel/oem7/inspva,/novatel/oem7/inspva,/novatel/oem7/inspva,39.663,-75.756,-1.800834614,0.001193994,-0.000390088,0.001138327,0.000360324,-0.000390088,,novatel_oem7_msgs.msg.InertialSolutionStatus(status=3),
1786043850748563416,1786043850.746499837,/novatel/oem7/fix,/novatel/oem7/fix,/novatel/oem7/inspva,39.663,-75.756,-1.800834614,0.001193994,-0.000390088,0.001138327,0.000360324,-0.000390088,,0,
1786043850749790363,1786043850.746992122,/novatel/oem7/odom,/novatel/oem7/fix,/novatel/oem7/odom,39.663,-75.756,-1.800834614,0.001195496,-0.000385460,0.000420783,0.001118996,-0.000385460,,,
1786043850756617095,1786043850.755836622,/novatel/oem7/odom,/novatel/oem7/fix,/novatel/oem7/odom,39.663,-75.756,-1.800834614,0.001195496,-0.000385460,0.000420783,0.001118996,-0.000385460,,,
1786043850765781973,1786043850.765045159,/novatel/oem7/inspva,/novatel/oem7/inspva,/novatel/oem7/inspva,39.663,-75.756,-1.800836936,0.000850585,-0.000298661,0.000841672,0.000122816,-0.000298661,,novatel_oem7_msgs.msg.InertialSolutionStatus(status=3),
1786043850767303420,1786043850.765266895,/novatel/oem7/fix,/novatel/oem7/fix,/novatel/oem7/inspva,39.663,-75.756,-1.800836936,0.000850585,-0.000298661,0.000841672,0.000122816,-0.000298661,,0,
1786043850768460772,1786043850.765719682,/novatel/oem7/odom,/novatel/oem7/fix,/novatel/oem7/odom,39.663,-75.756,-1.800836936,0.000851585,-0.000295796,0.000167754,0.000834899,-0.000295796,,,
1786043850776202259,1786043850.775472332,/novatel/oem7/odom,/novatel/oem7/fix,/novatel/oem7/odom,39.663,-75.756,-1.800836936,0.000851585,-0.000295796,0.000167754,0.000834899,-0.000295796,,,
1786043850785660115,1786043850.784973775,/novatel/oem7/inspva,/novatel/oem7/inspva,/novatel/oem7/inspva,39.663,-75.756,-1.800841047,0.001171440,-0.000476025,0.001107019,0.000383120,-0.000476025,,novatel_oem7_msgs.msg.InertialSolutionStatus(status=3),
1786043850787183822,1786043850.785223914,/novatel/oem7/fix,/novatel/oem7/fix,/novatel/oem7/inspva,39.663,-75.756,-1.800841047,0.001171440,-0.000476025,0.001107019,0.000383120,-0.000476025,,0,
1786043850788403318,1786043850.785688165,/novatel/oem7/odom,/novatel/oem7/fix,/novatel/oem7/odom,39.663,-75.756,-1.800841047,0.001173313,-0.000471388,0.000442274,0.001086765,-0.000471388,,,
1786043850795072917,1786043850.794330211,/novatel/oem7/odom,/novatel/oem7/fix,/novatel/oem7/odom,39.663,-75.756,-1.800841047,0.001173313,-0.000471388,0.000442274,0.001086765,-0.000471388,,,
1786043850807278347,1786043850.806474189,/novatel/oem7/inspva,/novatel/oem7/inspva,/novatel/oem7/inspva,39.663,-75.756,-1.800841849,0.001017984,-0.000160323,0.001017718,-0.000023249,-0.000160323,,novatel_oem7_msgs.msg.InertialSolutionStatus(status=3),
1786043850808989809,1786043850.806731486,/novatel/oem7/fix,/novatel/oem7/fix,/novatel/oem7/inspva,39.663,-75.756,-1.800841849,0.001017984,-0.000160323,0.001017718,-0.000023249,-0.000160323,,0,
1786043850810232939,1786043850.807370280,/novatel/oem7/odom,/novatel/oem7/fix,/novatel/oem7/odom,39.663,-75.756,-1.800841849,0.001018418,-0.000157538,0.000030528,0.001017961,-0.000157538,,,
1786043850811868688,1786043850.810173134,/novatel/oem7/bestpos,/novatel/oem7/bestpos,/novatel/oem7/odom,39.663,-75.756,33.181428766,0.001018418,-0.000157538,0.000030528,0.001017961,-0.000157538,,novatel_oem7_msgs.msg.SolutionStatus(status=0),novatel_oem7_msgs.msg.PositionOrVelocityType(type=53)
1786043850812949455,1786043850.810650622,/novatel/oem7/bestvel,/novatel/oem7/bestpos,/novatel/oem7/bestvel,39.663,-75.756,33.181428766,0.000893036,-0.000068573,,,,356.252458359,novatel_oem7_msgs.msg.SolutionStatus(status=0),novatel_oem7_msgs.msg.PositionOrVelocityType(type=53)
1786043850815258976,1786043850.814574240,/novatel/oem7/odom,/novatel/oem7/bestpos,/novatel/oem7/odom,39.663,-75.756,33.181428766,0.001018418,-0.000157538,0.000030528,0.001017961,-0.000157538,,,
1786043850825548280,1786043850.824887660,/novatel/oem7/inspva,/novatel/oem7/inspva,/novatel/oem7/inspva,39.663,-75.756,-1.800845720,0.001146200,-0.000294270,0.001145111,0.000049954,-0.000294270,,novatel_oem7_msgs.msg.InertialSolutionStatus(status=3),
1786043850826891397,1786043850.825079262,/novatel/oem7/fix,/novatel/oem7/fix,/novatel/oem7/inspva,39.663,-75.756,-1.800845720,0.001146200,-0.000294270,0.001145111,0.000049954,-0.000294270,,0,
1786043850827887570,1786043850.825535920,/novatel/oem7/odom,/novatel/oem7/fix,/novatel/oem7/odom,39.663,-75.756,-1.800845720,0.001147074,-0.000290845,0.000110833,0.001141707,-0.000290845,,,
1786043850836385736,1786043850.835583372,/novatel/oem7/odom,/novatel/oem7/fix,/novatel/oem7/odom,39.663,-75.756,-1.800845720,0.001147074,-0.000290845,0.000110833,0.001141707,-0.000290845,,,
1786043850846068683,1786043850.845304348,/novatel/oem7/inspva,/novatel/oem7/inspva,/novatel/oem7/inspva,39.663,-75.756,-1.800849070,0.001125341,-0.000387028,0.001124941,0.000030015,-0.000387028,,novatel_oem7_msgs.msg.InertialSolutionStatus(status=3),
1786043850847784049,1786043850.845615907,/novatel/oem7/fix,/novatel/oem7/fix,/novatel/oem7/inspva,39.663,-75.756,-1.800849070,0.001125341,-0.000387028,0.001124941,0.000030015,-0.000387028,,0,
1786043850849042976,1786043850.846202367,/novatel/oem7/odom,/novatel/oem7/fix,/novatel/oem7/odom,39.663,-75.756,-1.800849070,0.001126467,-0.000383740,0.000090249,0.001122846,-0.000383740,,,
1786043850857187256,1786043850.856520372,/novatel/oem7/odom,/novatel/oem7/fix,/novatel/oem7/odom,39.663,-75.756,-1.800849070,0.001126467,-0.000383740,0.000090249,0.001122846,-0.000383740,,,
1786043850867030351,1786043850.866116639,/novatel/oem7/inspva,/novatel/oem7/inspva,/novatel/oem7/inspva,39.663,-75.756,-1.800846534,0.001284012,-0.000123988,0.001283052,-0.000049665,-0.000123988,,novatel_oem7_msgs.msg.InertialSolutionStatus(status=3),
1786043850868807986,1786043850.866459036,/novatel/oem7/fix,/novatel/oem7/fix,/novatel/oem7/inspva,39.663,-75.756,-1.800846534,0.001284012,-0.000123988,0.001283052,-0.000049665,-0.000123988,,0,
1786043850870056535,1786043850.866901347,/novatel/oem7/odom,/novatel/oem7/fix,/novatel/oem7/odom,39.663,-75.756,-1.800846534,0.001284339,-0.000120555,0.000017861,0.001284215,-0.000120555,,,
1786043850875396270,1786043850.874676725,/novatel/oem7/odom,/novatel/oem7/fix,/novatel/oem7/odom,39.663,-75.756,-1.800846534,0.001284339,-0.000120555,0.000017861,0.001284215,-0.000120555,,,
1786043850885607019,1786043850.885099458,/novatel/oem7/inspva,/novatel/oem7/inspva,/novatel/oem7/inspva,39.663,-75.756,-1.800846592,0.000780464,0.000029113,0.000780334,-0.000014280,0.000029113,,novatel_oem7_msgs.msg.InertialSolutionStatus(status=3),
1786043850886775377,1786043850.885287030,/novatel/oem7/fix,/novatel/oem7/fix,/novatel/oem7/inspva,39.663,-75.756,-1.800846592,0.000780464,0.000029113,0.000780334,-0.000014280,0.000029113,,0,
1786043850887734184,1786043850.885776472,/novatel/oem7/odom,/novatel/oem7/fix,/novatel/oem7/odom,39.663,-75.756,-1.800846592,0.000780381,0.000031264,0.000026352,0.000779936,0.000031264,,,
1786043850896604399,1786043850.895574108,/novatel/oem7/odom,/novatel/oem7/fix,/novatel/oem7/odom,39.663,-75.756,-1.800846592,0.000780381,0.000031264,0.000026352,0.000779936,0.000031264,,,
1786043850906454885,1786043850.905781748,/novatel/oem7/inspva,/novatel/oem7/inspva,/novatel/oem7/inspva,39.663,-75.756,-1.800844861,0.000916280,-0.000020173,0.000914379,0.000058988,-0.000020173,,novatel_oem7_msgs.msg.InertialSolutionStatus(status=3),
1786043850907983141,1786043850.906012270,/novatel/oem7/fix,/novatel/oem7/fix,/novatel/oem7/inspva,39.663,-75.756,-1.800844861,0.000916280,-0.000020173,0.000914379,0.000058988,-0.000020173,,0,
1786043850909174899,1786043850.906525336,/novatel/oem7/odom,/novatel/oem7/fix,/novatel/oem7/odom,39.663,-75.756,-1.800844861,0.000916337,-0.000017361,0.000106713,0.000910102,-0.000017361,,,
1786043850910910253,1786043850.909265520,/novatel/oem7/bestpos,/novatel/oem7/bestpos,/novatel/oem7/odom,39.663,-75.756,33.181423354,0.000916337,-0.000017361,0.000106713,0.000910102,-0.000017361,,novatel_oem7_msgs.msg.SolutionStatus(status=0),novatel_oem7_msgs.msg.PositionOrVelocityType(type=53)
1786043850912041131,1786043850.909918167,/novatel/oem7/bestvel,/novatel/oem7/bestpos,/novatel/oem7/bestvel,39.663,-75.756,33.181423354,0.000809868,-0.000084775,,,,44.956298287,novatel_oem7_msgs.msg.SolutionStatus(status=0),novatel_oem7_msgs.msg.PositionOrVelocityType(type=53)
1786043850915138545,1786043850.914410679,/novatel/oem7/odom,/novatel/oem7/bestpos,/novatel/oem7/odom,39.663,-75.756,33.181423354,0.000916337,-0.000017361,0.000106713,0.000910102,-0.000017361,,,
1786043850928452028,1786043850.926568619,/novatel/oem7/inspva,/novatel/oem7/inspva,/novatel/oem7/inspva,39.663,-75.756,-1.800844927,0.001103660,-0.000199835,0.001097647,-0.000115050,-0.000199835,,novatel_oem7_msgs.msg.InertialSolutionStatus(status=3),
1786043850930050711,1786043850.926909450,/novatel/oem7/fix,/novatel/oem7/fix,/novatel/oem7/inspva,39.663,-75.756,-1.800844927,0.001103660,-0.000199835,0.001097647,-0.000115050,-0.000199835,,0,
1786043850931383193,1786043850.927439428,/novatel/oem7/odom,/novatel/oem7/fix,/novatel/oem7/odom,39.663,-75.756,-1.800844927,0.000916337,-0.000017363,0.000106718,0.000910102,-0.000017363,,,
1786043850935974511,1786043850.935074053,/novatel/oem7/odom,/novatel/oem7/fix,/novatel/oem7/odom,39.663,-75.756,-1.800844927,0.001104136,-0.000197185,-0.000056791,0.001102675,-0.000197185,,,
1786043850945648715,1786043850.944965083,/novatel/oem7/inspva,/novatel/oem7/inspva,/novatel/oem7/inspva,39.663,-75.756,-1.800839802,0.000834312,0.000040322,0.000824117,0.000130029,0.000040322,,novatel_oem7_msgs.msg.InertialSolutionStatus(status=3),
1786043850947256428,1786043850.945212152,/novatel/oem7/fix,/novatel/oem7/fix,/novatel/oem7/inspva,39.663,-75.756,-1.800839802,0.000834312,0.000040322,0.000824117,0.000130029,0.000040322,,0,
1786043850948614328,1786043850.945702024,/novatel/oem7/odom,/novatel/oem7/fix,/novatel/oem7/odom,39.663,-75.756,-1.800839802,0.000834170,0.000043154,0.000172707,0.000816095,0.000043154,,,
1786043850956564626,1786043850.955738902,/novatel/oem7/odom,/novatel/oem7/fix,/novatel/oem7/odom,39.663,-75.756,-1.800839802,0.000834170,0.000043154,0.000172707,0.000816095,0.000043154,,,
1786043850966072642,1786043850.965341470,/novatel/oem7/inspva,/novatel/oem7/inspva,/novatel/oem7/inspva,39.663,-75.756,-1.800838183,0.001056439,-0.000034688,0.001009996,0.000309793,-0.000034688,,novatel_oem7_msgs.msg.InertialSolutionStatus(status=3),
1786043850967887815,1786043850.965636413,/novatel/oem7/fix,/novatel/oem7/fix,/novatel/oem7/inspva,39.663,-75.756,-1.800838183,0.001056439,-0.000034688,0.001009996,0.000309793,-0.000034688,,0,
1786043850969065198,1786043850.966148422,/novatel/oem7/odom,/novatel/oem7/fix,/novatel/oem7/odom,39.663,-75.756,-1.800838183,0.001056565,-0.000030636,0.000362230,0.000992531,-0.000030636,,,
1786043850975484155,1786043850.974728298,/novatel/oem7/odom,/novatel/oem7/fix,/novatel/oem7/odom,39.663,-75.756,-1.800838183,0.001056565,-0.000030636,0.000362230,0.000992531,-0.000030636,,,
1786043850986945020,1786043850.986311503,/novatel/oem7/inspva,/novatel/oem7/inspva,/novatel/oem7/inspva,39.663,-75.756,-1.800831322,0.000838263,0.000010295,0.000788074,0.000285700,0.000010295,,novatel_oem7_msgs.msg.InertialSolutionStatus(status=3),
1786043850988293871,1786043850.986531908,/novatel/oem7/fix,/novatel/oem7/fix,/novatel/oem7/inspva,39.663,-75.756,-1.800831322,0.000838263,0.000010295,0.000788074,0.000285700,0.000010295,,0,
1786043850989310164,1786043850.987038913,/novatel/oem7/odom,/novatel/oem7/fix,/novatel/oem7/odom,39.663,-75.756,-1.800831322,0.000838216,0.000013629,0.000326408,0.000772051,0.000013629,,,
1786043850995684611,1786043850.994834576,/novatel/oem7/odom,/novatel/oem7/fix,/novatel/oem7/odom,39.663,-75.756,-1.800831322,0.000838216,0.000013629,0.000326408,0.000772051,0.000013629,,,
1786043851010464338,1786043851.009778674,/novatel/oem7/inspva,/novatel/oem7/inspva,/novatel/oem7/inspva,39.663,-75.756,-1.800823345,0.001116842,0.000410339,0.000986632,0.000523348,0.000410339,,novatel_oem7_msgs.msg.InertialSolutionStatus(status=3),
1786043851011987854,1786043851.010008157,/novatel/oem7/fix,/novatel/oem7/fix,/novatel/oem7/inspva,39.663,-75.756,-1.800823345,0.001116842,0.000410339,0.000986632,0.000523348,0.000410339,,0,
1786043851014798545,1786043851.011497686,/novatel/oem7/odom,/novatel/oem7/fix,/novatel/oem7/odom,39.663,-75.756,-1.800823345,0.001115062,0.000415151,0.000572478,0.000956887,0.000415151,,,
1786043851017060486,1786043851.016061685,/novatel/oem7/odom,/novatel/oem7/fix,/novatel/oem7/odom,39.663,-75.756,-1.800823345,0.001115062,0.000415151,0.000572478,0.000956887,0.000415151,,,
1786043851025527529,1786043851.023939428,/novatel/oem7/bestpos,/novatel/oem7/bestpos,/novatel/oem7/odom,39.663,-75.756,33.181458185,0.001115062,0.000415151,0.000572478,0.000956887,0.000415151,,novatel_oem7_msgs.msg.SolutionStatus(status=0),novatel_oem7_msgs.msg.PositionOrVelocityType(type=53)
1786043851026808856,1786043851.024385343,/novatel/oem7/bestvel,/novatel/oem7/bestpos,/novatel/oem7/bestvel,39.663,-75.756,33.181458185,0.000978657,0.000522418,,,,25.621520672,novatel_oem7_msgs.msg.SolutionStatus(status=0),novatel_oem7_msgs.msg.PositionOrVelocityType(type=53)
1786043851028702784,1786043851.026108380,/novatel/oem7/inspva,/novatel/oem7/inspva,/novatel/oem7/inspva,39.663,-75.756,-1.800814984,0.000910234,0.000377741,0.000694125,0.000588827,0.000377741,,novatel_oem7_msgs.msg.InertialSolutionStatus(status=3),
1786043851029924313,1786043851.026303079,/novatel/oem7/fix,/novatel/oem7/fix,/novatel/oem7/inspva,39.663,-75.756,-1.800814984,0.000910234,0.000377741,0.000694125,0.000588827,0.000377741,,0,
1786043851031366628,1786043851.026686352,/novatel/oem7/odom,/novatel/oem7/fix,/novatel/oem7/odom,39.663,-75.756,-1.800814984,0.000908459,0.000381990,0.000622731,0.000661441,0.000381990,,,
1786043851035559525,1786043851.034728902,/novatel/oem7/odom,/novatel/oem7/fix,/novatel/oem7/odom,39.663,-75.756,-1.800814984,0.000908459,0.000381990,0.000622731,0.000661441,0.000381990,,,
1786043851047285333,1786043851.046742154,/novatel/oem7/inspva,/novatel/oem7/inspva,/novatel/oem7/inspva,39.663,-75.756,-1.800814749,0.001290004,-0.000081708,0.001239086,0.000358854,-0.000081708,,novatel_oem7_msgs.msg.InertialSolutionStatus(status=3),
1786043851048441284,1786043851.046938772,/novatel/oem7/fix,/novatel/oem7/fix,/novatel/oem7/inspva,39.663,-75.756,-1.800814749,0.001290004,-0.000081708,0.001239086,0.000358854,-0.000081708,,0,
1786043851049285124,1786043851.047267639,/novatel/oem7/odom,/novatel/oem7/fix,/novatel/oem7/odom,39.663,-75.756,-1.800814749,0.001290304,-0.000076824,0.000423385,0.001218865,-0.000076824,,,
1786043851058104285,1786043851.056818926,/novatel/oem7/odom,/novatel/oem7/fix,/novatel/oem7/odom,39.663,-75.756,-1.800814749,0.001290304,-0.000076824,0.000423385,0.001218865,-0.000076824,,,
1786043851065878351,1786043851.065044186,/novatel/oem7/inspva,/novatel/oem7/inspva,/novatel/oem7/inspva,39.663,-75.756,-1.800804560,0.000962028,0.000305527,0.000871753,0.000406871,0.000305527,,novatel_oem7_msgs.msg.InertialSolutionStatus(status=3),
1786043851067806528,1786043851.065310342,/novatel/oem7/fix,/novatel/oem7/fix,/novatel/oem7/inspva,39.663,-75.756,-1.800804560,0.000962028,0.000305527,0.000871753,0.000406871,0.000305527,,0,
1786043851069175655,1786043851.065688519,/novatel/oem7/odom,/novatel/oem7/fix,/novatel/oem7/odom,39.663,-75.756,-1.800804560,0.000960734,0.000309571,0.000450596,0.000848512,0.000309571,,,
1786043851076470976,1786043851.075654873,/novatel/oem7/odom,/novatel/oem7/fix,/novatel/oem7/odom,39.663,-75.756,-1.800804560,0.000960734,0.000309571,0.000450596,0.000848512,0.000309571,,,
1786043851086314696,1786043851.085826664,/novatel/oem7/inspva,/novatel/oem7/inspva,/novatel/oem7/inspva,39.663,-75.756,-1.800797746,0.001556779,0.000496474,0.001477499,0.000490466,0.000496474,,novatel_oem7_msgs.msg.InertialSolutionStatus(status=3),
1786043851087786787,1786043851.085968418,/novatel/oem7/fix,/novatel/oem7/fix,/novatel/oem7/inspva,39.663,-75.756,-1.800797746,0.001556779,0.000496474,0.001477499,0.000490466,0.000496474,,0,
1786043851088873422,1786043851.086576695,/novatel/oem7/odom,/novatel/oem7/fix,/novatel/oem7/odom,39.663,-75.756,-1.800797746,0.001554829,0.000502548,0.000564913,0.001448573,0.000502548,,,
1786043851096491225,1786043851.095352430,/novatel/oem7/odom,/novatel/oem7/fix,/novatel/oem7/odom,39.663,-75.756,-1.800797746,0.001554829,0.000502548,0.000564913,0.001448573,0.000502548,,,
1786043851106640448,1786043851.105813277,/novatel/oem7/inspva,/novatel/oem7/inspva,/novatel/oem7/inspva,39.663,-75.756,-1.800791079,0.000996098,0.000407330,0.000930621,0.000355184,0.000407330,,novatel_oem7_msgs.msg.InertialSolutionStatus(status=3),
1786043851108388223,1786043851.106018419,/novatel/oem7/fix,/novatel/oem7/fix,/novatel/oem7/inspva,39.663,-75.756,-1.800791079,0.000996098,0.000407330,0.000930621,0.000355184,0.000407330,,0,
1786043851109943666,1786043851.106416066,/novatel/oem7/odom,/novatel/oem7/fix,/novatel/oem7/odom,39.663,-75.756,-1.800791079,0.000994448,0.000411342,0.000401637,0.000909733,0.000411342,,,
1786043851111872518,1786043851.109179068,/novatel/oem7/bestpos,/novatel/oem7/bestpos,/novatel/oem7/odom,39.663,-75.756,33.181474658,0.000994448,0.000411342,0.000401637,0.000909733,0.000411342,,novatel_oem7_msgs.msg.SolutionStatus(status=0),novatel_oem7_msgs.msg.PositionOrVelocityType(type=53)
1786043851112895332,1786043851.109554505,/novatel/oem7/bestvel,/novatel/oem7/bestpos,/novatel/oem7/bestvel,39.663,-75.756,33.181474658,0.001214524,0.000200075,,,,32.538700803,novatel_oem7_msgs.msg.SolutionStatus(status=0),novatel_oem7_msgs.msg.PositionOrVelocityType(type=53)
1786043851115028363,1786043851.114339267,/novatel/oem7/odom,/novatel/oem7/bestpos,/novatel/oem7/odom,39.663,-75.756,33.181474658,0.000994448,0.000411342,0.000401637,0.000909733,0.000411342,,,
1786043851126785813,1786043851.125514497,/novatel/oem7/inspva,/novatel/oem7/inspva,/novatel/oem7/inspva,39.663,-75.756,-1.800784490,0.001413162,0.000462728,0.001352556,0.000409413,0.000462728,,novatel_oem7_msgs.msg.InertialSolutionStatus(status=3),
1786043851128682836,1786043851.125860187,/novatel/oem7/fix,/novatel/oem7/fix,/novatel/oem7/inspva,39.663,-75.756,-1.800784490,0.001413162,0.000462728,0.001352556,0.000409413,0.000462728,,0,
1786043851130257868,1786043851.126382389,/novatel/oem7/odom,/novatel/oem7/fix,/novatel/oem7/odom,39.663,-75.756,-1.800784490,0.000994453,0.000411329,0.000401640,0.000909737,0.000411329,,,
1786043851136612577,1786043851.135644064,/novatel/oem7/odom,/novatel/oem7/fix,/novatel/oem7/odom,39.663,-75.756,-1.800784490,0.001411384,0.000468125,0.000477603,0.001328119,0.000468125,,,
1786043851146138116,1786043851.145444162,/novatel/oem7/inspva,/novatel/oem7/inspva,/novatel/oem7/inspva,39.663,-75.756,-1.800773717,0.001040523,0.000682072,0.000948958,0.000426810,0.000682072,,novatel_oem7_msgs.msg.InertialSolutionStatus(status=3),
1786043851148028126,1786043851.145741285,/novatel/oem7/fix,/novatel/oem7/fix,/novatel/oem7/inspva,39.663,-75.756,-1.800773717,0.001040523,0.000682072,0.000948958,0.000426810,0.000682072,,0,
1786043851149314379,1786043851.146125386,/novatel/oem7/odom,/novatel/oem7/fix,/novatel/oem7/odom,39.663,-75.756,-1.800773717,0.001037669,0.000686407,0.000473007,0.000923592,0.000686407,,,
1786043851156614796,1786043851.155705897,/novatel/oem7/odom,/novatel/oem7/fix,/novatel/oem7/odom,39.663,-75.756,-1.800773717,0.001037669,0.000686407,0.000473007,0.000923592,0.000686407,,,
1786043851167585581,1786043851.166722806,/novatel/oem7/inspva,/novatel/oem7/inspva,/novatel/oem7/inspva,39.663,-75.756,-1.800767072,0.001380008,0.000337400,0.001179087,0.000717061,0.000337400,,novatel_oem7_msgs.msg.InertialSolutionStatus(status=3),
1786043851169358975,1786043851.167003448,/novatel/oem7/fix,/novatel/oem7/fix,/novatel/oem7/inspva,39.663,-75.756,-1.800767072,0.001380008,0.000337400,0.001179087,0.000717061,0.000337400,,0,
1786043851170902118,1786043851.167540921,/novatel/oem7/odom,/novatel/oem7/fix,/novatel/oem7/odom,39.663,-75.756,-1.800767072,0.001378501,0.000343504,0.000776281,0.001139146,0.000343504,,,
1786043851176668953,1786043851.175829596,/novatel/oem7/odom,/novatel/oem7/fix,/novatel/oem7/odom,39.663,-75.756,-1.800767072,0.001378501,0.000343504,0.000776281,0.001139146,0.000343504,,,
1786043851185670271,1786043851.185153233,/novatel/oem7/inspva,/novatel/oem7/inspva,/novatel/oem7/inspva,39.663,-75.756,-1.800755298,0.001019780,0.000467494,0.000998789,0.000205841,0.000467494,,novatel_oem7_msgs.msg.InertialSolutionStatus(status=3),
1786043851187023782,1786043851.185333515,/novatel/oem7/fix,/novatel/oem7/fix,/novatel/oem7/inspva,39.663,-75.756,-1.800755298,0.001019780,0.000467494,0.000998789,0.000205841,0.000467494,,0,
1786043851188188084,1786043851.185635111,/novatel/oem7/odom,/novatel/oem7/fix,/novatel/oem7/odom,39.663,-75.756,-1.800755298,0.001018117,0.000471103,0.000255825,0.000985452,0.000471103,,,
1786043851196651326,1786043851.195538948,/novatel/oem7/odom,/novatel/oem7/fix,/novatel/oem7/odom,39.663,-75.756,-1.800755298,0.001018117,0.000471103,0.000255825,0.000985452,0.000471103,,,
1786043851207318775,1786043851.206536227,/novatel/oem7/inspva,/novatel/oem7/inspva,/novatel/oem7/inspva,39.663,-75.756,-1.800743294,0.001529506,0.000916962,0.001386751,0.000645222,0.000916962,,novatel_oem7_msgs.msg.InertialSolutionStatus(status=3),
1786043851209079693,1786043851.206813020,/novatel/oem7/fix,/novatel/oem7/fix,/novatel/oem7/inspva,39.663,-75.756,-1.800743294,0.001529506,0.000916962,0.001386751,0.000645222,0.000916962,,0,
1786043851210572934,1786043851.207286734,/novatel/oem7/odom,/novatel/oem7/fix,/novatel/oem7/odom,39.663,-75.756,-1.800743294,0.001525643,0.000923375,0.000713044,0.001348760,0.000923375,,,
1786043851212726203,1786043851.210502593,/novatel/oem7/bestpos,/novatel/oem7/bestpos,/novatel/oem7/odom,39.663,-75.756,33.181527995,0.001525643,0.000923375,0.000713044,0.001348760,0.000923375,,novatel_oem7_msgs.msg.SolutionStatus(status=0),novatel_oem7_msgs.msg.PositionOrVelocityType(type=53)
1786043851213726820,1786043851.211045716,/novatel/oem7/bestvel,/novatel/oem7/bestpos,/novatel/oem7/bestvel,39.663,-75.756,33.181527995,0.001492070,0.000914174,,,,31.662735788,novatel_oem7_msgs.msg.SolutionStatus(status=0),novatel_oem7_msgs.msg.PositionOrVelocityType(type=53)
1786043851215305829,1786043851.214457890,/novatel/oem7/odom,/novatel/oem7/bestpos,/novatel/oem7/odom,39.663,-75.756,33.181527995,0.001525643,0.000923375,0.000713044,0.001348760,0.000923375,,,
1786043851227300111,1786043851.226325664,/novatel/oem7/inspva,/novatel/oem7/inspva,/novatel/oem7/inspva,39.663,-75.756,-1.800736969,0.001335925,0.000672482,0.001289079,0.000350674,0.000672482,,novatel_oem7_msgs.msg.InertialSolutionStatus(status=3),
1786043851229512633,1786043851.226597531,/novatel/oem7/fix,/novatel/oem7/fix,/novatel/oem7/inspva,39.663,-75.756,-1.800736969,0.001335925,0.000672482,0.001289079,0.000350674,0.000672482,,0,
1786043851231087386,1786043851.227121882,/novatel/oem7/odom,/novatel/oem7/fix,/novatel/oem7/odom,39.663,-75.756,-1.800736969,0.001333402,0.000677472,0.000414792,0.001267244,0.000677472,,,
1786043851235558658,1786043851.234631488,/novatel/oem7/odom,/novatel/oem7/fix,/novatel/oem7/odom,39.663,-75.756,-1.800736969,0.001333402,0.000677472,0.000414792,0.001267244,0.000677472,,,
1786043851246076692,1786043851.245305367,/novatel/oem7/inspva,/novatel/oem7/inspva,/novatel/oem7/inspva,39.663,-75.756,-1.800729562,0.001516082,0.000494717,0.001346449,0.000696835,0.000494717,,novatel_oem7_msgs.msg.InertialSolutionStatus(status=3),
1786043851248052145,1786043851.245621854,/novatel/oem7/fix,/novatel/oem7/fix,/novatel/oem7/inspva,39.663,-75.756,-1.800729562,0.001516082,0.000494717,0.001346449,0.000696835,0.000494717,,0,
1786043851249492789,1786043851.246085845,/novatel/oem7/odom,/novatel/oem7/fix,/novatel/oem7/odom,39.663,-75.756,-1.800729562,0.001513945,0.000501217,0.000764210,0.001306910,0.000501217,,,
1786043851257346806,1786043851.256486867,/novatel/oem7/odom,/novatel/oem7/fix,/novatel/oem7/odom,39.663,-75.756,-1.800729562,0.001513945,0.000501217,0.000764210,0.001306910,0.000501217,,,
1786043851265750205,1786043851.265170586,/novatel/oem7/inspva,/novatel/oem7/inspva,/novatel/oem7/inspva,39.663,-75.756,-1.800720308,0.001469651,0.000465722,0.001370200,0.000531437,0.000465722,,novatel_oem7_msgs.msg.InertialSolutionStatus(status=3),
1786043851267132752,1786043851.265367664,/novatel/oem7/fix,/novatel/oem7/fix,/novatel/oem7/inspva,39.663,-75.756,-1.800720308,0.001469651,0.000465722,0.001370200,0.000531437,0.000465722,,0,
1786043851268216417,1786043851.265870583,/novatel/oem7/odom,/novatel/oem7/fix,/novatel/oem7/odom,39.663,-75.756,-1.800720308,0.001467761,0.000471643,0.000600421,0.001339335,0.000471643,,,
1786043851275151484,1786043851.274524374,/novatel/oem7/odom,/novatel/oem7/fix,/novatel/oem7/odom,39.663,-75.756,-1.800720308,0.001467761,0.000471643,0.000600421,0.001339335,0.000471643,,,
1786043851286915117,1786043851.286217666,/novatel/oem7/inspva,/novatel/oem7/inspva,/novatel/oem7/inspva,39.663,-75.756,-1.800709408,0.001260906,0.000814698,0.001145372,0.000527264,0.000814698,,novatel_oem7_msgs.msg.InertialSolutionStatus(status=3),
1786043851288576293,1786043851.286415621,/novatel/oem7/fix,/novatel/oem7/fix,/novatel/oem7/inspva,39.663,-75.756,-1.800709408,0.001260906,0.000814698,0.001145372,0.000527264,0.000814698,,0,
1786043851289985931,1786043851.286978664,/novatel/oem7/odom,/novatel/oem7/fix,/novatel/oem7/odom,39.663,-75.756,-1.800709408,0.001257494,0.000819954,0.000583096,0.001114132,0.000819954,,,
1786043851295755666,1786043851.294853157,/novatel/oem7/odom,/novatel/oem7/fix,/novatel/oem7/odom,39.663,-75.756,-1.800709408,0.001257494,0.000819954,0.000583096,0.001114132,0.000819954,,,
1786043851306591899,1786043851.305799958,/novatel/oem7/inspva,/novatel/oem7/inspva,/novatel/oem7/inspva,39.663,-75.756,-1.800702750,0.001385806,0.000501526,0.001219629,0.000657999,0.000501526,,novatel_oem7_msgs.msg.InertialSolutionStatus(status=3),
1786043851308591870,1786043851.306035191,/novatel/oem7/fix,/novatel/oem7/fix,/novatel/oem7/inspva,39.663,-75.756,-1.800702750,0.001385806,0.000501526,0.001219629,0.000657999,0.000501526,,0,
1786043851310190903,1786043851.306492305,/novatel/oem7/odom,/novatel/oem7/fix,/novatel/oem7/odom,39.663,-75.756,-1.800702750,0.001383630,0.000507496,0.000718804,0.001182267,0.000507496,,,
1786043851312050335,1786043851.309282357,/novatel/oem7/bestpos,/novatel/oem7/bestpos,/novatel/oem7/odom,39.663,-75.756,33.181582103,0.001383630,0.000507496,0.000718804,0.001182267,0.000507496,,novatel_oem7_msgs.msg.SolutionStatus(status=0),novatel_oem7_msgs.msg.PositionOrVelocityType(type=53)
1786043851312978178,1786043851.309819079,/novatel/oem7/bestvel,/novatel/oem7/bestpos,/novatel/oem7/bestvel,39.663,-75.756,33.181582103,0.000995870,0.000810119,,,,24.415294965,novatel_oem7_msgs.msg.SolutionStatus(status=0),novatel_oem7_msgs.msg.PositionOrVelocityType(type=53)
1786043851316106933,1786043851.315451389,/novatel/oem7/odom,/novatel/oem7/bestpos,/novatel/oem7/odom,39.663,-75.756,33.181582103,0.001383630,0.000507496,0.000718804,0.001182267,0.000507496,,,
1786043851327754438,1786043851.326578759,/novatel/oem7/inspva,/novatel/oem7/inspva,/novatel/oem7/inspva,39.663,-75.756,-1.800693179,0.001355844,0.000703378,0.001317932,0.000318384,0.000703378,,novatel_oem7_msgs.msg.InertialSolutionStatus(status=3),
1786043851330054395,1786043851.326924123,/novatel/oem7/fix,/novatel/oem7/fix,/novatel/oem7/inspva,39.663,-75.756,-1.800693179,0.001355844,0.000703378,0.001317932,0.000318384,0.000703378,,0,
1786043851331578673,1786043851.327662860,/novatel/oem7/odom,/novatel/oem7/fix,/novatel/oem7/odom,39.663,-75.756,-1.800693179,0.001353279,0.000708299,0.000383972,0.001297663,0.000708299,,,
1786043851336007885,1786043851.335041478,/novatel/oem7/odom,/novatel/oem7/fix,/novatel/oem7/odom,39.663,-75.756,-1.800693179,0.001353279,0.000708299,0.000383972,0.001297663,0.000708299,,,
1786043851346768988,1786043851.345977870,/novatel/oem7/inspva,/novatel/oem7/inspva,/novatel/oem7/inspva,39.663,-75.756,-1.800684400,0.001579078,0.000416233,0.001418302,0.000694194,0.000416233,,novatel_oem7_msgs.msg.InertialSolutionStatus(status=3),
1786043851348091045,1786043851.346267479,/novatel/oem7/fix,/novatel/oem7/fix,/novatel/oem7/inspva,39.663,-75.756,-1.800684400,0.001579078,0.000416233,0.001418302,0.000694194,0.000416233,,0,
1786043851349154852,1786043851.346628143,/novatel/oem7/odom,/novatel/oem7/fix,/novatel/oem7/odom,39.663,-75.756,-1.800684400,0.001577309,0.000422885,0.000765678,0.001379001,0.000422885,,,
1786043851357322995,1786043851.356190437,/novatel/oem7/odom,/novatel/oem7/fix,/novatel/oem7/odom,39.663,-75.756,-1.800684400,0.001577309,0.000422885,0.000765678,0.001379001,0.000422885,,,
1786043851366132374,1786043851.365376870,/novatel/oem7/inspva,/novatel/oem7/inspva,/novatel/oem7/inspva,39.663,-75.756,-1.800673999,0.001245113,0.000607599,0.001041518,0.000682309,0.000607599,,novatel_oem7_msgs.msg.InertialSolutionStatus(status=3),
1786043851367980827,1786043851.365648553,/novatel/oem7/fix,/novatel/oem7/fix,/novatel/oem7/inspva,39.663,-75.756,-1.800673999,0.001245113,0.000607599,0.001041518,0.000682309,0.000607599,,0,
1786043851369447878,1786043851.366122871,/novatel/oem7/odom,/novatel/oem7/fix,/novatel/oem7/odom,39.663,-75.756,-1.800673999,0.001242383,0.000613160,0.000733356,0.001002848,0.000613160,,,
1786043851376335298,1786043851.375512729,/novatel/oem7/odom,/novatel/oem7/fix,/novatel/oem7/odom,39.663,-75.756,-1.800673999,0.001242383,0.000613160,0.000733356,0.001002848,0.000613160,,,
1786043851386662480,1786043851.385963963,/novatel/oem7/inspva,/novatel/oem7/inspva,/novatel/oem7/inspva,39.663,-75.756,-1.800662625,0.001598441,0.000649958,0.001331712,0.000884058,0.000649958,,novatel_oem7_msgs.msg.InertialSolutionStatus(status=3),
1786043851388264586,1786043851.386156574,/novatel/oem7/fix,/novatel/oem7/fix,/novatel/oem7/inspva,39.663,-75.756,-1.800662625,0.001598441,0.000649958,0.001331712,0.000884058,0.000649958,,0,
1786043851389397217,1786043851.386459668,/novatel/oem7/odom,/novatel/oem7/fix,/novatel/oem7/odom,39.663,-75.756,-1.800662625,0.001595513,0.000657114,0.000949827,0.001281987,0.000657114,,,
1786043851395645904,1786043851.394606913,/novatel/oem7/odom,/novatel/oem7/fix,/novatel/oem7/odom,39.663,-75.756,-1.800662625,0.001595513,0.000657114,0.000949827,0.001281987,0.000657114,,,
1786043851406635366,1786043851.405784597,/novatel/oem7/inspva,/novatel/oem7/inspva,/novatel/oem7/inspva,39.663,-75.756,-1.800653617,0.001024766,0.000484968,0.000548359,0.000865707,0.000484968,,novatel_oem7_msgs.msg.InertialSolutionStatus(status=3),
1786043851408384880,1786043851.406041773,/novatel/oem7/fix,/novatel/oem7/fix,/novatel/oem7/inspva,39.663,-75.756,-1.800653617,0.001024766,0.000484968,0.000548359,0.000865707,0.000484968,,0,
1786043851409976603,1786043851.406746251,/novatel/oem7/odom,/novatel/oem7/fix,/novatel/oem7/odom,39.663,-75.756,-1.800653617,0.001022433,0.000489869,0.000891224,0.000501088,0.000489869,,,
1786043851412071578,1786043851.410330917,/novatel/oem7/bestpos,/novatel/oem7/bestpos,/novatel/oem7/odom,39.663,-75.756,33.181632093,0.001022433,0.000489869,0.000891224,0.000501088,0.000489869,,novatel_oem7_msgs.msg.SolutionStatus(status=0),novatel_oem7_msgs.msg.PositionOrVelocityType(type=53)
1786043851413021311,1786043851.410756771,/novatel/oem7/bestvel,/novatel/oem7/bestpos,/novatel/oem7/bestvel,39.663,-75.756,33.181632093,0.000996900,0.000474891,,,,40.210277163,novatel_oem7_msgs.msg.SolutionStatus(status=0),novatel_oem7_msgs.msg.PositionOrVelocityType(type=53)
1786043851415352921,1786043851.414730612,/novatel/oem7/odom,/novatel/oem7/bestpos,/novatel/oem7/odom,39.663,-75.756,33.181632093,0.001022433,0.000489869,0.000891224,0.000501088,0.000489869,,,
1786043851425847505,1786043851.425010942,/novatel/oem7/inspva,/novatel/oem7/inspva,/novatel/oem7/inspva,39.663,-75.756,-1.800639740,0.001497698,0.000667587,0.001236140,0.000845611,0.000667587,,novatel_oem7_msgs.msg.InertialSolutionStatus(status=3),
1786043851427790024,1786043851.425257279,/novatel/oem7/fix,/novatel/oem7/fix,/novatel/oem7/inspva,39.663,-75.756,-1.800639740,0.001497698,0.000667587,0.001236140,0.000845611,0.000667587,,0,
1786043851429288269,1786043851.425615042,/novatel/oem7/odom,/novatel/oem7/fix,/novatel/oem7/odom,39.663,-75.756,-1.800639740,0.001494678,0.000674322,0.000906376,0.001188505,0.000674322,,,
1786043851437139075,1786043851.435895395,/novatel/oem7/odom,/novatel/oem7/fix,/novatel/oem7/odom,39.663,-75.756,-1.800639740,0.001494678,0.000674322,0.000906376,0.001188505,0.000674322,,,
1786043851447286329,1786043851.446601209,/novatel/oem7/inspva,/novatel/oem7/inspva,/novatel/oem7/inspva,39.663,-75.756,-1.800632559,0.000982322,0.000242721,0.000751030,0.000633174,0.000242721,,novatel_oem7_msgs.msg.InertialSolutionStatus(status=3),
1786043851448605146,1786043851.446861161,/novatel/oem7/fix,/novatel/oem7/fix,/novatel/oem7/inspva,39.663,-75.756,-1.800632559,0.000982322,0.000242721,0.000751030,0.000633174,0.000242721,,0,
1786043851449664153,1786043851.447414439,/novatel/oem7/odom,/novatel/oem7/fix,/novatel/oem7/odom,39.663,-75.756,-1.800632559,0.000981185,0.000247277,0.000670588,0.000716265,0.000247277,,,
1786043851457348765,1786043851.456560643,/novatel/oem7/odom,/novatel/oem7/fix,/novatel/oem7/odom,39.663,-75.756,-1.800632559,0.000981185,0.000247277,0.000670588,0.000716265,0.000247277,,,
1786043851466716260,1786043851.466127164,/novatel/oem7/inspva,/novatel/oem7/inspva,/novatel/oem7/inspva,39.663,-75.756,-1.800620480,0.001405475,0.000210111,0.001210706,0.000713828,0.000210111,,novatel_oem7_msgs.msg.InertialSolutionStatus(status=3),
1786043851468050243,1786043851.466316159,/novatel/oem7/fix,/novatel/oem7/fix,/novatel/oem7/inspva,39.663,-75.756,-1.800620480,0.001405475,0.000210111,0.001210706,0.000713828,0.000210111,,0,
1786043851469036253,1786043851.466684509,/novatel/oem7/odom,/novatel/oem7/fix,/novatel/oem7/odom,39.663,-75.756,-1.800620480,0.001404540,0.000216270,0.000775297,0.001171173,0.000216270,,,
1786043851475711011,1786043851.474723054,/novatel/oem7/odom,/novatel/oem7/fix,/novatel/oem7/odom,39.663,-75.756,-1.800620480,0.001404540,0.000216270,0.000775297,0.001171173,0.000216270,,,
1786043851485823847,1786043851.485269831,/novatel/oem7/inspva,/novatel/oem7/inspva,/novatel/oem7/inspva,39.663,-75.756,-1.800608597,0.000938500,0.000603338,0.000734976,0.000583604,0.000603338,,novatel_oem7_msgs.msg.InertialSolutionStatus(status=3),
1786043851487177701,1786043851.485448173,/novatel/oem7/fix,/novatel/oem7/fix,/novatel/oem7/inspva,39.663,-75.756,-1.800608597,0.000938500,0.000603338,0.000734976,0.000583604,0.000603338,,0,
1786043851488241135,1786043851.486000539,/novatel/oem7/odom,/novatel/oem7/fix,/novatel/oem7/odom,39.663,-75.756,-1.800608597,0.000935712,0.000607654,0.000618793,0.000701891,0.000607654,,,
1786043851495393041,1786043851.494756658,/novatel/oem7/odom,/novatel/oem7/fix,/novatel/oem7/odom,39.663,-75.756,-1.800608597,0.000935712,0.000607654,0.000618793,0.000701891,0.000607654,,,
1786043851506676049,1786043851.506041559,/novatel/oem7/inspva,/novatel/oem7/inspva,/novatel/oem7/inspva,39.663,-75.756,-1.800599915,0.001053835,0.000602922,0.000918341,0.000516932,0.000602922,,novatel_oem7_msgs.msg.InertialSolutionStatus(status=3),
1786043851508005952,1786043851.506229211,/novatel/oem7/fix,/novatel/oem7/fix,/novatel/oem7/inspva,39.663,-75.756,-1.800599915,0.001053835,0.000602922,0.000918341,0.000516932,0.000602922,,0,
1786043851509059000,1786043851.506692996,/novatel/oem7/odom,/novatel/oem7/fix,/novatel/oem7/odom,39.663,-75.756,-1.800599915,0.001051209,0.000607489,0.000561797,0.000888496,0.000607489,,,
1786043851512366667,1786043851.511153294,/novatel/oem7/bestpos,/novatel/oem7/bestpos,/novatel/oem7/odom,39.663,-75.756,33.181692576,0.001051209,0.000607489,0.000561797,0.000888496,0.000607489,,novatel_oem7_msgs.msg.SolutionStatus(status=0),novatel_oem7_msgs.msg.PositionOrVelocityType(type=53)
1786043851513010174,1786043851.511571229,/novatel/oem7/bestvel,/novatel/oem7/bestpos,/novatel/oem7/bestvel,39.663,-75.756,33.181692576,0.000863292,0.000784085,,,,18.844090684,novatel_oem7_msgs.msg.SolutionStatus(status=0),novatel_oem7_msgs.msg.PositionOrVelocityType(type=53)
1786043851515373938,1786043851.514714264,/novatel/oem7/odom,/novatel/oem7/bestpos,/novatel/oem7/odom,39.663,-75.756,33.181692576,0.001051209,0.000607489,0.000561797,0.000888496,0.000607489,,,
1786043851525447402,1786043851.524998532,/novatel/oem7/inspva,/novatel/oem7/inspva,/novatel/oem7/inspva,39.663,-75.756,-1.800598297,0.000773646,-0.000133869,0.000572147,0.000520745,-0.000133869,,novatel_oem7_msgs.msg.InertialSolutionStatus(status=3),
1786043851526159868,1786043851.525226214,/novatel/oem7/fix,/novatel/oem7/fix,/novatel/oem7/inspva,39.663,-75.756,-1.800598297,0.000773646,-0.000133869,0.000572147,0.000520745,-0.000133869,,0,
1786043851526704767,1786043851.525464483,/novatel/oem7/odom,/novatel/oem7/fix,/novatel/oem7/odom,39.663,-75.756,-1.800598297,0.000774265,-0.000130242,0.000550479,0.000544481,-0.000130242,,,
1786043851535922847,1786043851.535430094,/novatel/oem7/odom,/novatel/oem7/fix,/novatel/oem7/odom,39.663,-75.756,-1.800598297,0.000774265,-0.000130242,0.000550479,0.000544481,-0.000130242,,,
1786043851545433786,1786043851.544894170,/novatel/oem7/inspva,/novatel/oem7/inspva,/novatel/oem7/inspva,39.663,-75.756,-1.800586829,0.001025548,0.000179055,0.000849962,0.000573858,0.000179055,,novatel_oem7_msgs.msg.InertialSolutionStatus(status=3),
1786043851546647124,1786043851.545108736,/novatel/oem7/fix,/novatel/oem7/fix,/novatel/oem7/inspva,39.663,-75.756,-1.800586829,0.001025548,0.000179055,0.000849962,0.000573858,0.000179055,,0,
1786043851547560983,1786043851.546922508,/novatel/oem7/odom,/novatel/oem7/fix,/novatel/oem7/odom,39.663,-75.756,-1.800586829,0.001024732,0.000183666,0.000616788,0.000818321,0.000183666,,,
1786043851556095860,1786043851.555572847,/novatel/oem7/odom,/novatel/oem7/fix,/novatel/oem7/odom,39.663,-75.756,-1.800586829,0.001024732,0.000183666,0.000616788,0.000818321,0.000183666,,,
1786043851567010876,1786043851.566528904,/novatel/oem7/inspva,/novatel/oem7/inspva,/novatel/oem7/inspva,39.663,-75.756,-1.800579180,0.000894869,0.000280282,0.000880195,0.000161394,0.000280282,,novatel_oem7_msgs.msg.InertialSolutionStatus(status=3),
1786043851567825824,1786043851.566813270,/novatel/oem7/fix,/novatel/oem7/fix,/novatel/oem7/inspva,39.663,-75.756,-1.800579180,0.000894869,0.000280282,0.000880195,0.000161394,0.000280282,,0,
1786043851568434703,1786043851.567295748,/novatel/oem7/odom,/novatel/oem7/fix,/novatel/oem7/odom,39.663,-75.756,-1.800579180,0.000893896,0.000283371,0.000206070,0.000869819,0.000283371,,,
1786043851575360667,1786043851.574808361,/novatel/oem7/odom,/novatel/oem7/fix,/novatel/oem7/odom,39.663,-75.756,-1.800579180,0.000893896,0.000283371,0.000206070,0.000869819,0.000283371,,,
1786043851586054048,1786043851.585382848,/novatel/oem7/inspva,/novatel/oem7/inspva,/novatel/oem7/inspva,39.663,-75.756,-1.800570342,0.000925787,0.000234499,0.000838897,0.000391578,0.000234499,,novatel_oem7_msgs.msg.InertialSolutionStatus(status=3),
1786043851586995980,1786043851.585650961,/novatel/oem7/fix,/novatel/oem7/fix,/novatel/oem7/inspva,39.663,-75.756,-1.800570342,0.000925787,0.000234499,0.000838897,0.000391578,0.000234499,,0,
1786043851587671252,1786043851.586272910,/novatel/oem7/odom,/novatel/oem7/fix,/novatel/oem7/odom,39.663,-75.756,-1.800570342,0.000924798,0.000238368,0.000433959,0.000816659,0.000238368,,,
1786043851595259780,1786043851.594810407,/novatel/oem7/odom,/novatel/oem7/fix,/novatel/oem7/odom,39.663,-75.756,-1.800570342,0.000924798,0.000238368,0.000433959,0.000816659,0.000238368,,,
1786043851607398142,1786043851.606524206,/novatel/oem7/inspva,/novatel/oem7/inspva,/novatel/oem7/inspva,39.663,-75.756,-1.800558375,0.000943316,0.000552306,0.000835307,0.000438300,0.000552306,,novatel_oem7_msgs.msg.InertialSolutionStatus(status=3),
1786043851609034509,1786043851.606735635,/novatel/oem7/fix,/novatel/oem7/fix,/novatel/oem7/inspva,39.663,-75.756,-1.800558375,0.000943316,0.000552306,0.000835307,0.000438300,0.000552306,,0,
1786043851610179643,1786043851.607038585,/novatel/oem7/odom,/novatel/oem7/fix,/novatel/oem7/odom,39.663,-75.756,-1.800558375,0.000940949,0.000556328,0.000479145,0.000809818,0.000556328,,,
1786043851612591255,1786043851.611469926,/novatel/oem7/bestpos,/novatel/oem7/bestpos,/novatel/oem7/odom,39.663,-75.756,33.181736059,0.000940949,0.000556328,0.000479145,0.000809818,0.000556328,,novatel_oem7_msgs.msg.SolutionStatus(status=0),novatel_oem7_msgs.msg.PositionOrVelocityType(type=53)
1786043851614071233,1786043851.612145450,/novatel/oem7/bestvel,/novatel/oem7/bestpos,/novatel/oem7/bestvel,39.663,-75.756,33.181736059,0.000454592,0.000927572,,,,59.094443750,novatel_oem7_msgs.msg.SolutionStatus(status=0),novatel_oem7_msgs.msg.PositionOrVelocityType(type=53)
1786043851616383933,1786043851.615146380,/novatel/oem7/odom,/novatel/oem7/bestpos,/novatel/oem7/odom,39.663,-75.756,33.181736059,0.000940949,0.000556328,0.000479145,0.000809818,0.000556328,,,
1786043851626890370,1786043851.626114069,/novatel/oem7/inspva,/novatel/oem7/inspva,/novatel/oem7/inspva,39.663,-75.756,-1.800547807,0.000968786,0.000654820,0.000750999,0.000612002,0.000654820,,novatel_oem7_msgs.msg.InertialSolutionStatus(status=3),
1786043851628736939,1786043851.626371235,/novatel/oem7/fix,/novatel/oem7/fix,/novatel/oem7/inspva,39.663,-75.756,-1.800547807,0.000968786,0.000654820,0.000750999,0.000612002,0.000654820,,0,
1786043851630092016,1786043851.626957581,/novatel/oem7/odom,/novatel/oem7/fix,/novatel/oem7/odom,39.663,-75.756,-1.800547807,0.000965747,0.000659295,0.000647793,0.000716262,0.000659295,,,
1786043851635191434,1786043851.634545680,/novatel/oem7/odom,/novatel/oem7/fix,/novatel/oem7/odom,39.663,-75.756,-1.800547807,0.000965747,0.000659295,0.000647793,0.000716262,0.000659295,,,
1786043851646539005,1786043851.645150232,/novatel/oem7/inspva,/novatel/oem7/inspva,/novatel/oem7/inspva,39.663,-75.756,-1.800538819,0.000883971,0.000278608,0.000758761,0.000453527,0.000278608,,novatel_oem7_msgs.msg.InertialSolutionStatus(status=3),
1786043851647413460,1786043851.645521572,/novatel/oem7/fix,/novatel/oem7/fix,/novatel/oem7/inspva,39.663,-75.756,-1.800538819,0.000883971,0.000278608,0.000758761,0.000453527,0.000278608,,0,
1786043851647917300,1786043851.645848916,/novatel/oem7/odom,/novatel/oem7/fix,/novatel/oem7/odom,39.663,-75.756,-1.800538819,0.000882736,0.000282498,0.000491464,0.000733270,0.000282498,,,
1786043851657134524,1786043851.656653939,/novatel/oem7/odom,/novatel/oem7/fix,/novatel/oem7/odom,39.663,-75.756,-1.800538819,0.000882736,0.000282498,0.000491464,0.000733270,0.000282498,,,
1786043851665417215,1786043851.665032150,/novatel/oem7/inspva,/novatel/oem7/inspva,/novatel/oem7/inspva,39.663,-75.756,-1.800524476,0.000977542,0.000304600,0.000890669,0.000402861,0.000304600,,novatel_oem7_msgs.msg.InertialSolutionStatus(status=3),
1786043851666189018,1786043851.665259190,/novatel/oem7/fix,/novatel/oem7/fix,/novatel/oem7/inspva,39.663,-75.756,-1.800524476,0.000977542,0.000304600,0.000890669,0.000402861,0.000304600,,0,
1786043851666752252,1786043851.665668274,/novatel/oem7/odom,/novatel/oem7/fix,/novatel/oem7/odom,39.663,-75.756,-1.800524476,0.000976270,0.000308653,0.000447666,0.000867582,0.000308653,,,
1786043851674967712,1786043851.674368662,/novatel/oem7/odom,/novatel/oem7/fix,/novatel/oem7/odom,39.663,-75.756,-1.800524476,0.000976270,0.000308653,0.000447666,0.000867582,0.000308653,,,
1786043851685968266,1786043851.685442005,/novatel/oem7/inspva,/novatel/oem7/inspva,/novatel/oem7/inspva,39.663,-75.756,-1.800506140,0.001151649,0.000839401,0.001147909,-0.000092746,0.000839401,,novatel_oem7_msgs.msg.InertialSolutionStatus(status=3),
1786043851687459385,1786043851.685705504,/novatel/oem7/fix,/novatel/oem7/fix,/novatel/oem7/inspva,39.663,-75.756,-1.800506140,0.001151649,0.000839401,0.001147909,-0.000092746,0.000839401,,0,
1786043851688124712,1786043851.686274963,/novatel/oem7/odom,/novatel/oem7/fix,/novatel/oem7/odom,39.663,-75.756,-1.800506140,0.001149585,0.000842227,-0.000035956,0.001149022,0.000842227,,,
1786043851695566866,1786043851.695162813,/novatel/oem7/odom,/novatel/oem7/fix,/novatel/oem7/odom,39.663,-75.756,-1.800506140,0.001149585,0.000842227,-0.000035956,0.001149022,0.000842227,,,
1786043851706461900,1786043851.705763958,/novatel/oem7/inspva,/novatel/oem7/inspva,/novatel/oem7/inspva,39.663,-75.756,-1.800491446,0.000994987,0.000833442,0.000986618,-0.000128772,0.000833442,,novatel_oem7_msgs.msg.InertialSolutionStatus(status=3),
1786043851707649262,1786043851.706007127,/novatel/oem7/fix,/novatel/oem7/fix,/novatel/oem7/inspva,39.663,-75.756,-1.800491446,0.000994987,0.000833442,0.000986618,-0.000128772,0.000833442,,0,
1786043851708511791,1786043851.706718194,/novatel/oem7/odom,/novatel/oem7/fix,/novatel/oem7/odom,39.663,-75.756,-1.800491446,0.000993110,0.000835677,-0.000080354,0.000989854,0.000835677,,,
1786043851709777819,1786043851.709448889,/novatel/oem7/bestpos,/novatel/oem7/bestpos,/novatel/oem7/odom,39.663,-75.756,33.181795615,0.000993110,0.000835677,-0.000080354,0.000989854,0.000835677,,novatel_oem7_msgs.msg.SolutionStatus(status=0),novatel_oem7_msgs.msg.PositionOrVelocityType(type=53)
1786043851710315641,1786043851.710038171,/novatel/oem7/bestvel,/novatel/oem7/bestpos,/novatel/oem7/bestvel,39.663,-75.756,33.181795615,0.001098693,0.000722896,,,,357.928250799,novatel_oem7_msgs.msg.SolutionStatus(status=0),novatel_oem7_msgs.msg.PositionOrVelocityType(type=53)
1786043851714777833,1786043851.714457443,/novatel/oem7/odom,/novatel/oem7/bestpos,/novatel/oem7/odom,39.663,-75.756,33.181795615,0.000993110,0.000835677,-0.000080354,0.000989854,0.000835677,,,
1786043851725596829,1786043851.725066037,/novatel/oem7/inspva,/novatel/oem7/inspva,/novatel/oem7/inspva,39.663,-75.756,-1.800479776,0.001252743,0.000434427,0.001244671,0.000141987,0.000434427,,novatel_oem7_msgs.msg.InertialSolutionStatus(status=3),
1786043851726223832,1786043851.725244532,/novatel/oem7/fix,/novatel/oem7/fix,/novatel/oem7/inspva,39.663,-75.756,-1.800479776,0.001252743,0.000434427,0.001244671,0.000141987,0.000434427,,0,
1786043851726647934,1786043851.725746561,/novatel/oem7/odom,/novatel/oem7/fix,/novatel/oem7/odom,39.663,-75.756,-1.800479776,0.001251345,0.000438438,0.000205158,0.001234412,0.000438438,,,
1786043851735073998,1786043851.734763086,/novatel/oem7/odom,/novatel/oem7/fix,/novatel/oem7/odom,39.663,-75.756,-1.800479776,0.001251345,0.000438438,0.000205158,0.001234412,0.000438438,,,
1786043851746348546,1786043851.745984640,/novatel/oem7/inspva,/novatel/oem7/inspva,/novatel/oem7/inspva,39.663,-75.756,-1.800461883,0.001111310,0.000737338,0.001109674,0.000060287,0.000737338,,novatel_oem7_msgs.msg.InertialSolutionStatus(status=3),
1786043851747015602,1786043851.746153558,/novatel/oem7/fix,/novatel/oem7/fix,/novatel/oem7/inspva,39.663,-75.756,-1.800461883,0.001111310,0.000737338,0.001109674,0.000060287,0.000737338,,0,
1786043851747617774,1786043851.746613406,/novatel/oem7/odom,/novatel/oem7/fix,/novatel/oem7/odom,39.663,-75.756,-1.800461883,0.001109105,0.000740651,0.000115289,0.001103097,0.000740651,,,
1786043851756040119,1786043851.755636678,/novatel/oem7/odom,/novatel/oem7/fix,/novatel/oem7/odom,39.663,-75.756,-1.800461883,0.001109105,0.000740651,0.000115289,0.001103097,0.000740651,,,
1786043851765357384,1786043851.765010180,/novatel/oem7/inspva,/novatel/oem7/inspva,/novatel/oem7/inspva,39.663,-75.756,-1.800445685,0.000999295,0.000839358,0.000986584,0.000158880,0.000839358,,novatel_oem7_msgs.msg.InertialSolutionStatus(status=3),
1786043851766075742,1786043851.765198088,/novatel/oem7/fix,/novatel/oem7/fix,/novatel/oem7/inspva,39.663,-75.756,-1.800445685,0.000999295,0.000839358,0.000986584,0.000158880,0.000839358,,0,
1786043851766676869,1786043851.765775841,/novatel/oem7/odom,/novatel/oem7/fix,/novatel/oem7/odom,39.663,-75.756,-1.800445685,0.000996464,0.000842717,0.000206882,0.000974751,0.000842717,,,
1786043851776067307,1786043851.775471419,/novatel/oem7/odom,/novatel/oem7/fix,/novatel/oem7/odom,39.663,-75.756,-1.800445685,0.000996464,0.000842717,0.000206882,0.000974751,0.000842717,,,
1786043851785461494,1786043851.784976816,/novatel/oem7/inspva,/novatel/oem7/inspva,/novatel/oem7/inspva,39.663,-75.756,-1.800430059,0.000792623,0.000655623,0.000779770,0.000142163,0.000655623,,novatel_oem7_msgs.msg.InertialSolutionStatus(status=3),
1786043851786327652,1786043851.785216638,/novatel/oem7/fix,/novatel/oem7/fix,/novatel/oem7/inspva,39.663,-75.756,-1.800430059,0.000792623,0.000655623,0.000779770,0.000142163,0.000655623,,0,
1786043851786937718,1786043851.785792654,/novatel/oem7/odom,/novatel/oem7/fix,/novatel/oem7/odom,39.663,-75.756,-1.800430059,0.000790371,0.000658337,0.000180107,0.000769576,0.000658337,,,
1786043851794854350,1786043851.794394764,/novatel/oem7/odom,/novatel/oem7/fix,/novatel/oem7/odom,39.663,-75.756,-1.800430059,0.000790371,0.000658337,0.000180107,0.000769576,0.000658337,,,
1786043851806917452,1786043851.806435404,/novatel/oem7/inspva,/novatel/oem7/inspva,/novatel/oem7/inspva,39.663,-75.756,-1.800410931,0.000991695,0.001074501,0.000954835,-0.000267860,0.001074501,,novatel_oem7_msgs.msg.InertialSolutionStatus(status=3),
1786043851807768570,1786043851.806620606,/novatel/oem7/fix,/novatel/oem7/fix,/novatel/oem7/inspva,39.663,-75.756,-1.800410931,0.000991695,0.001074501,0.000954835,-0.000267860,0.001074501,,0,
1786043851808221492,1786043851.807184718,/novatel/oem7/odom,/novatel/oem7/fix,/novatel/oem7/odom,39.663,-75.756,-1.800410931,0.000989965,0.001076095,-0.000221887,0.000964778,0.001076095,,,
1786043851811042231,1786043851.810073571,/novatel/oem7/bestpos,/novatel/oem7/bestpos,/novatel/oem7/odom,39.663,-75.756,33.181875342,0.000989965,0.001076095,-0.000221887,0.000964778,0.001076095,,novatel_oem7_msgs.msg.SolutionStatus(status=0),novatel_oem7_msgs.msg.PositionOrVelocityType(type=53)
1786043851812746251,1786043851.810624306,/novatel/oem7/bestvel,/novatel/oem7/bestpos,/novatel/oem7/bestvel,39.663,-75.756,33.181875342,0.001047488,0.000935864,,,,354.651363164,novatel_oem7_msgs.msg.SolutionStatus(status=0),novatel_oem7_msgs.msg.PositionOrVelocityType(type=53)
1786043851816030994,1786043851.815071281,/novatel/oem7/odom,/novatel/oem7/bestpos,/novatel/oem7/odom,39.663,-75.756,33.181875342,0.000989965,0.001076095,-0.000221887,0.000964778,0.001076095,,,
1786043851825303472,1786043851.824927065,/novatel/oem7/inspva,/novatel/oem7/inspva,/novatel/oem7/inspva,39.663,-75.756,-1.800392981,0.000655810,0.000987304,0.000655700,0.000012005,0.000987304,,novatel_oem7_msgs.msg.InertialSolutionStatus(status=3),
1786043851826025912,1786043851.825159604,/novatel/oem7/fix,/novatel/oem7/fix,/novatel/oem7/inspva,39.663,-75.756,-1.800392981,0.000655810,0.000987304,0.000655700,0.000012005,0.000987304,,0,
1786043851826753605,1786043851.825776273,/novatel/oem7/odom,/novatel/oem7/fix,/novatel/oem7/odom,39.663,-75.756,-1.800392981,0.000653004,0.000989162,0.000042289,0.000651633,0.000989162,,,
1786043851836333985,1786043851.835499592,/novatel/oem7/odom,/novatel/oem7/fix,/novatel/oem7/odom,39.663,-75.756,-1.800392981,0.000653004,0.000989162,0.000042289,0.000651633,0.000989162,,,
1786043851845925910,1786043851.845238651,/novatel/oem7/inspva,/novatel/oem7/inspva,/novatel/oem7/inspva,39.663,-75.756,-1.800370735,0.001291713,0.001258350,0.001291703,0.000005105,0.001258350,,novatel_oem7_msgs.msg.InertialSolutionStatus(status=3),
1786043851846710901,1786043851.845569494,/novatel/oem7/fix,/novatel/oem7/fix,/novatel/oem7/inspva,39.663,-75.756,-1.800370735,0.001291713,0.001258350,0.001291703,0.000005105,0.001258350,,0,
1786043851847226561,1786043851.846078016,/novatel/oem7/odom,/novatel/oem7/fix,/novatel/oem7/odom,39.663,-75.756,-1.800370735,0.001288203,0.001261943,0.000067584,0.001286429,0.001261943,,,
1786043851856855006,1786043851.856432738,/novatel/oem7/odom,/novatel/oem7/fix,/novatel/oem7/odom,39.663,-75.756,-1.800370735,0.001288203,0.001261943,0.000067584,0.001286429,0.001261943,,,
1786043851866485277,1786043851.866054152,/novatel/oem7/inspva,/novatel/oem7/inspva,/novatel/oem7/inspva,39.663,-75.756,-1.800352772,0.000986563,0.000930456,0.000958409,0.000234007,0.000930456,,novatel_oem7_msgs.msg.InertialSolutionStatus(status=3),
1786043851867377596,1786043851.866332772,/novatel/oem7/fix,/novatel/oem7/fix,/novatel/oem7/inspva,39.663,-75.756,-1.800352772,0.000986563,0.000930456,0.000958409,0.000234007,0.000930456,,0,
1786043851867975105,1786043851.866837370,/novatel/oem7/odom,/novatel/oem7/fix,/novatel/oem7/odom,39.663,-75.756,-1.800352772,0.000983188,0.000934021,0.000280061,0.000942457,0.000934021,,,
1786043851875565453,1786043851.874911009,/novatel/oem7/odom,/novatel/oem7/fix,/novatel/oem7/odom,39.663,-75.756,-1.800352772,0.000983188,0.000934021,0.000280061,0.000942457,0.000934021,,,
1786043851885743811,1786043851.885224664,/novatel/oem7/inspva,/novatel/oem7/inspva,/novatel/oem7/inspva,39.663,-75.756,-1.800332409,0.000609341,0.001028510,0.000592911,0.000140543,0.001028510,,novatel_oem7_msgs.msg.InertialSolutionStatus(status=3),
1786043851886694093,1786043851.885531514,/novatel/oem7/fix,/novatel/oem7/fix,/novatel/oem7/inspva,39.663,-75.756,-1.800332409,0.000609341,0.001028510,0.000592911,0.000140543,0.001028510,,0,
1786043851887315032,1786043851.886219367,/novatel/oem7/odom,/novatel/oem7/fix,/novatel/oem7/odom,39.663,-75.756,-1.800332409,0.000605634,0.001030697,0.000167207,0.000582095,0.001030697,,,
1786043851895595858,1786043851.895213836,/novatel/oem7/odom,/novatel/oem7/fix,/novatel/oem7/odom,39.663,-75.756,-1.800332409,0.000605634,0.001030697,0.000167207,0.000582095,0.001030697,,,
1786043851906614459,1786043851.905857844,/novatel/oem7/inspva,/novatel/oem7/inspva,/novatel/oem7/inspva,39.663,-75.756,-1.800312967,0.000810035,0.000975405,0.000731281,0.000348403,0.000975405,,novatel_oem7_msgs.msg.InertialSolutionStatus(status=3),
1786043851908154170,1786043851.906166664,/novatel/oem7/fix,/novatel/oem7/fix,/novatel/oem7/inspva,39.663,-75.756,-1.800312967,0.000810035,0.000975405,0.000731281,0.000348403,0.000975405,,0,
1786043851908639591,1786043851.906824283,/novatel/oem7/odom,/novatel/oem7/fix,/novatel/oem7/odom,39.663,-75.756,-1.800312967,0.000805945,0.000978788,0.000382245,0.000709532,0.000978788,,,
1786043851910150176,1786043851.909816324,/novatel/oem7/bestpos,/novatel/oem7/bestpos,/novatel/oem7/odom,39.663,-75.756,33.181979244,0.000805945,0.000978788,0.000382245,0.000709532,0.000978788,,novatel_oem7_msgs.msg.SolutionStatus(status=0),novatel_oem7_msgs.msg.PositionOrVelocityType(type=53)
1786043851910745218,1786043851.910308389,/novatel/oem7/bestvel,/novatel/oem7/bestpos,/novatel/oem7/bestvel,39.663,-75.756,33.181979244,0.000704304,0.001187195,,,,357.322278130,novatel_oem7_msgs.msg.SolutionStatus(status=0),novatel_oem7_msgs.msg.PositionOrVelocityType(type=53)
1786043851914833210,1786043851.914480628,/novatel/oem7/odom,/novatel/oem7/bestpos,/novatel/oem7/odom,39.663,-75.756,33.181979244,0.000805945,0.000978788,0.000382245,0.000709532,0.000978788,,,
1786043851927114430,1786043851.926576841,/novatel/oem7/inspva,/novatel/oem7/inspva,/novatel/oem7/inspva,39.663,-75.756,-1.800293582,0.001019836,0.001012313,0.000999611,-0.000202098,0.001012313,,novatel_oem7_msgs.msg.InertialSolutionStatus(status=3),
1786043851927777915,1786043851.926743693,/novatel/oem7/fix,/novatel/oem7/fix,/novatel/oem7/inspva,39.663,-75.756,-1.800293582,0.001019836,0.001012313,0.000999611,-0.000202098,0.001012313,,0,
1786043851928364040,1786043851.927566684,/novatel/oem7/odom,/novatel/oem7/fix,/novatel/oem7/odom,39.663,-75.756,-1.800293582,0.001017877,0.001014283,-0.000153607,0.001006220,0.001014283,,,
1786043851935275598,1786043851.934961939,/novatel/oem7/odom,/novatel/oem7/fix,/novatel/oem7/odom,39.663,-75.756,-1.800293582,0.001017877,0.001014283,-0.000153607,0.001006220,0.001014283,,,
1786043851945837682,1786043851.945125516,/novatel/oem7/inspva,/novatel/oem7/inspva,/novatel/oem7/inspva,39.663,-75.756,-1.800271046,0.000891672,0.000867617,0.000833302,0.000317314,0.000867617,,novatel_oem7_msgs.msg.InertialSolutionStatus(status=3),
1786043851946826916,1786043851.945466793,/novatel/oem7/fix,/novatel/oem7/fix,/novatel/oem7/inspva,39.663,-75.756,-1.800271046,0.000891672,0.000867617,0.000833302,0.000317314,0.000867617,,0,
1786043851947506127,1786043851.946120476,/novatel/oem7/odom,/novatel/oem7/fix,/novatel/oem7/odom,39.663,-75.756,-1.800271046,0.000888204,0.000871167,0.000356973,0.000813312,0.000871167,,,
1786043851956632436,1786043851.956087131,/novatel/oem7/odom,/novatel/oem7/fix,/novatel/oem7/odom,39.663,-75.756,-1.800271046,0.000888204,0.000871167,0.000356973,0.000813312,0.000871167,,,
1786043851965723222,1786043851.965364078,/novatel/oem7/inspva,/novatel/oem7/inspva,/novatel/oem7/inspva,39.663,-75.756,-1.800246182,0.000994016,0.001182622,0.000994009,-0.000003827,0.001182622,,novatel_oem7_msgs.msg.InertialSolutionStatus(status=3),
1786043851966368390,1786043851.965591161,/novatel/oem7/fix,/novatel/oem7/fix,/novatel/oem7/inspva,39.663,-75.756,-1.800246182,0.000994016,0.001182622,0.000994009,-0.000003827,0.001182622,,0,
1786043851966929557,1786043851.966159269,/novatel/oem7/odom,/novatel/oem7/fix,/novatel/oem7/odom,39.663,-75.756,-1.800246182,0.000990770,0.001185343,0.000043404,0.000989819,0.001185343,,,
1786043851976331123,1786043851.974843784,/novatel/oem7/odom,/novatel/oem7/fix,/novatel/oem7/odom,39.663,-75.756,-1.800246182,0.000990770,0.001185343,0.000043404,0.000989819,0.001185343,,,
1786043851987041271,1786043851.986063762,/novatel/oem7/inspva,/novatel/oem7/inspva,/novatel/oem7/inspva,39.663,-75.756,-1.800223544,0.001173375,0.001009861,0.001152162,0.000222105,0.001009861,,novatel_oem7_msgs.msg.InertialSolutionStatus(status=3),
1786043851988762296,1786043851.986333898,/novatel/oem7/fix,/novatel/oem7/fix,/novatel/oem7/inspva,39.663,-75.756,-1.800223544,0.001173375,0.001009861,0.001152162,0.000222105,0.001009861,,0,
1786043851990095402,1786043851.986855640,/novatel/oem7/odom,/novatel/oem7/fix,/novatel/oem7/odom,39.663,-75.756,-1.800223544,0.001169874,0.001013915,0.000278018,0.001136359,0.001013915,,,
1786043851995416723,1786043851.994565045,/novatel/oem7/odom,/novatel/oem7/fix,/novatel/oem7/odom,39.663,-75.756,-1.800223544,0.001169874,0.001013915,0.000278018,0.001136359,0.001013915,,,
1786043852011267271,1786043852.010171086,/novatel/oem7/inspva,/novatel/oem7/inspva,/novatel/oem7/inspva,39.663,-75.756,-1.800201687,0.000885845,0.000991989,0.000833777,0.000299228,0.000991989,,novatel_oem7_msgs.msg.InertialSolutionStatus(status=3),
1786043852013405239,1786043852.010439279,/novatel/oem7/fix,/novatel/oem7/fix,/novatel/oem7/inspva,39.663,-75.756,-1.800201687,0.000885845,0.000991989,0.000833777,0.000299228,0.000991989,,0,
1786043852014866351,1786043852.011814623,/novatel/oem7/odom,/novatel/oem7/fix,/novatel/oem7/odom,39.663,-75.756,-1.800201687,0.000881945,0.000995458,0.000338451,0.000814419,0.000995458,,,
1786043852017724177,1786043852.016880661,/novatel/oem7/odom,/novatel/oem7/fix,/novatel/oem7/odom,39.663,-75.756,-1.800201687,0.000881945,0.000995458,0.000338451,0.000814419,0.000995458,,,
1786043852027039808,1786043852.026276054,/novatel/oem7/bestpos,/novatel/oem7/bestpos,/novatel/oem7/odom,39.663,-75.756,33.182092545,0.000881945,0.000995458,0.000338451,0.000814419,0.000995458,,novatel_oem7_msgs.msg.SolutionStatus(status=0),novatel_oem7_msgs.msg.PositionOrVelocityType(type=53)
1786043852029021535,1786043852.026952114,/novatel/oem7/bestvel,/novatel/oem7/bestpos,/novatel/oem7/bestvel,39.663,-75.756,33.182092545,0.000895694,0.001136209,,,,356.765174174,novatel_oem7_msgs.msg.SolutionStatus(status=0),novatel_oem7_msgs.msg.PositionOrVelocityType(type=53)
1786043852029948764,1786043852.027489682,/novatel/oem7/inspva,/novatel/oem7/inspva,/novatel/oem7/inspva,39.663,-75.756,-1.800176459,0.000902786,0.000926721,0.000870974,0.000237544,0.000926721,,novatel_oem7_msgs.msg.InertialSolutionStatus(status=3),
1786043852030748782,1786043852.027677428,/novatel/oem7/fix,/novatel/oem7/fix,/novatel/oem7/inspva,39.663,-75.756,-1.800176459,0.000902786,0.000926721,0.000870974,0.000237544,0.000926721,,0,
1786043852031779476,1786043852.028051866,/novatel/oem7/odom,/novatel/oem7/fix,/novatel/oem7/odom,39.663,-75.756,-1.800176459,0.000899352,0.000930054,0.000279073,0.000854957,0.000930054,,,
1786043852035133452,1786043852.034743146,/novatel/oem7/odom,/novatel/oem7/fix,/novatel/oem7/odom,39.663,-75.756,-1.800176459,0.000899352,0.000930054,0.000279073,0.000854957,0.000930054,,,
1786043852047478171,1786043852.046810526,/novatel/oem7/inspva,/novatel/oem7/inspva,/novatel/oem7/inspva,39.663,-75.756,-1.800172064,0.001201324,0.001293102,0.001091111,0.000502650,0.001293102,,novatel_oem7_msgs.msg.InertialSolutionStatus(status=3),
1786043852048481411,1786043852.047135906,/novatel/oem7/fix,/novatel/oem7/fix,/novatel/oem7/inspva,39.663,-75.756,-1.800172064,0.001201324,0.001293102,0.001091111,0.000502650,0.001293102,,0,
1786043852049137017,1786043852.047867383,/novatel/oem7/odom,/novatel/oem7/fix,/novatel/oem7/odom,39.663,-75.756,-1.800172064,0.001195941,0.001298082,0.000553867,0.001059956,0.001298082,,,
1786043852057017857,1786043852.056613108,/novatel/oem7/odom,/novatel/oem7/fix,/novatel/oem7/odom,39.663,-75.756,-1.800172064,0.001195941,0.001298082,0.000553867,0.001059956,0.001298082,,,
1786043852065515911,1786043852.065271896,/novatel/oem7/inspva,/novatel/oem7/inspva,/novatel/oem7/inspva,39.663,-75.756,-1.800177379,0.000842409,0.001076636,0.000789827,0.000292961,0.001076636,,novatel_oem7_msgs.msg.InertialSolutionStatus(status=3),
1786043852066005752,1786043852.065438388,/novatel/oem7/fix,/novatel/oem7/fix,/novatel/oem7/inspva,39.663,-75.756,-1.800177379,0.000842409,0.001076636,0.000789827,0.000292961,0.001076636,,0,
1786043852066577924,1786043852.065814459,/novatel/oem7/odom,/novatel/oem7/fix,/novatel/oem7/odom,39.663,-75.756,-1.800177379,0.000838139,0.001079963,0.000329545,0.000770634,0.001079963,,,
1786043852076365275,1786043852.075721776,/novatel/oem7/odom,/novatel/oem7/fix,/novatel/oem7/odom,39.663,-75.756,-1.800177379,0.000838139,0.001079963,0.000329545,0.000770634,0.001079963,,,
1786043852085704028,1786043852.085225196,/novatel/oem7/inspva,/novatel/oem7/inspva,/novatel/oem7/inspva,39.663,-75.756,-1.800176243,0.001228365,0.001083167,0.001108185,0.000529911,0.001083167,,novatel_oem7_msgs.msg.InertialSolutionStatus(status=3),
1786043852086506443,1786043852.085480451,/novatel/oem7/fix,/novatel/oem7/fix,/novatel/oem7/inspva,39.663,-75.756,-1.800176243,0.001228365,0.001083167,0.001108185,0.000529911,0.001083167,,0,
1786043852087078688,1786043852.086055364,/novatel/oem7/odom,/novatel/oem7/fix,/novatel/oem7/odom,39.663,-75.756,-1.800176243,0.001223827,0.001088292,0.000582826,0.001076135,0.001088292,,,
1786043852095523226,1786043852.095099573,/novatel/oem7/odom,/novatel/oem7/fix,/novatel/oem7/odom,39.663,-75.756,-1.800176243,0.001223827,0.001088292,0.000582826,0.001076135,0.001088292,,,
1786043852106486095,1786043852.105900779,/novatel/oem7/inspva,/novatel/oem7/inspva,/novatel/oem7/inspva,39.663,-75.756,-1.800177069,0.001021091,0.001189043,0.001016235,0.000099460,0.001189043,,novatel_oem7_msgs.msg.InertialSolutionStatus(status=3),
1786043852107369402,1786043852.106088475,/novatel/oem7/fix,/novatel/oem7/fix,/novatel/oem7/inspva,39.663,-75.756,-1.800177069,0.001021091,0.001189043,0.001016235,0.000099460,0.001189043,,0,
1786043852107853315,1786043852.106603580,/novatel/oem7/odom,/novatel/oem7/fix,/novatel/oem7/odom,39.663,-75.756,-1.800177069,0.001017379,0.001192220,0.000147728,0.001006597,0.001192220,,,
1786043852110135996,1786043852.109323104,/novatel/oem7/bestpos,/novatel/oem7/bestpos,/novatel/oem7/odom,39.663,-75.756,33.182132712,0.001017379,0.001192220,0.000147728,0.001006597,0.001192220,,novatel_oem7_msgs.msg.SolutionStatus(status=0),novatel_oem7_msgs.msg.PositionOrVelocityType(type=53)
1786043852111996868,1786043852.109781975,/novatel/oem7/bestvel,/novatel/oem7/bestpos,/novatel/oem7/bestvel,39.663,-75.756,33.182132712,0.000580467,0.001659406,,,,333.891015520,novatel_oem7_msgs.msg.SolutionStatus(status=0),novatel_oem7_msgs.msg.PositionOrVelocityType(type=53)
1786043852115504733,1786043852.114588094,/novatel/oem7/odom,/novatel/oem7/bestpos,/novatel/oem7/odom,39.663,-75.756,33.182132712,0.001017379,0.001192220,0.000147728,0.001006597,0.001192220,,,
1786043852126078628,1786043852.125385227,/novatel/oem7/inspva,/novatel/oem7/inspva,/novatel/oem7/inspva,39.663,-75.756,-1.800177865,0.001281500,0.001055808,0.001095383,0.000665115,0.001055808,,novatel_oem7_msgs.msg.InertialSolutionStatus(status=3),
1786043852127798488,1786043852.125595516,/novatel/oem7/fix,/novatel/oem7/fix,/novatel/oem7/inspva,39.663,-75.756,-1.800177865,0.001281500,0.001055808,0.001095383,0.000665115,0.001055808,,0,
1786043852129008851,1786043852.126205255,/novatel/oem7/odom,/novatel/oem7/fix,/novatel/oem7/odom,39.663,-75.756,-1.800177865,0.001276851,0.001061426,0.000717292,0.001056333,0.001061426,,,
1786043852136479130,1786043852.135570034,/novatel/oem7/odom,/novatel/oem7/fix,/novatel/oem7/odom,39.663,-75.756,-1.800177865,0.001276851,0.001061426,0.000717292,0.001056333,0.001061426,,,
1786043852145973086,1786043852.145187642,/novatel/oem7/inspva,/novatel/oem7/inspva,/novatel/oem7/inspva,39.663,-75.756,-1.800180782,0.000796103,0.000907732,0.000648104,0.000462321,0.000907732,,novatel_oem7_msgs.msg.InertialSolutionStatus(status=3),
1786043852147803508,1786043852.145390013,/novatel/oem7/fix,/novatel/oem7/fix,/novatel/oem7/inspva,39.663,-75.756,-1.800180782,0.000796103,0.000907732,0.000648104,0.000462321,0.000907732,,0,
1786043852149177606,1786043852.145999566,/novatel/oem7/odom,/novatel/oem7/fix,/novatel/oem7/odom,39.663,-75.756,-1.800180782,0.000791992,0.000911321,0.000491946,0.000620677,0.000911321,,,
1786043852156539373,1786043852.155658441,/novatel/oem7/odom,/novatel/oem7/fix,/novatel/oem7/odom,39.663,-75.756,-1.800180782,0.000791992,0.000911321,0.000491946,0.000620677,0.000911321,,,
1786043852167174832,1786043852.166399551,/novatel/oem7/inspva,/novatel/oem7/inspva,/novatel/oem7/inspva,39.663,-75.756,-1.800176604,0.001299511,0.001191318,0.001217586,0.000454108,0.001191318,,novatel_oem7_msgs.msg.InertialSolutionStatus(status=3),
1786043852168707781,1786043852.166606683,/novatel/oem7/fix,/novatel/oem7/fix,/novatel/oem7/inspva,39.663,-75.756,-1.800176604,0.001299511,0.001191318,0.001217586,0.000454108,0.001191318,,0,
1786043852169780532,1786043852.167067634,/novatel/oem7/odom,/novatel/oem7/fix,/novatel/oem7/odom,39.663,-75.756,-1.800176604,0.001294818,0.001196417,0.000512445,0.001189098,0.001196417,,,
1786043852176116482,1786043852.175156963,/novatel/oem7/odom,/novatel/oem7/fix,/novatel/oem7/odom,39.663,-75.756,-1.800176604,0.001294818,0.001196417,0.000512445,0.001189098,0.001196417,,,
1786043852185674719,1786043852.184902978,/novatel/oem7/inspva,/novatel/oem7/inspva,/novatel/oem7/inspva,39.663,-75.756,-1.800179782,0.000781438,0.001215175,0.000777190,0.000081365,0.001215175,,novatel_oem7_msgs.msg.InertialSolutionStatus(status=3),
1786043852187610346,1786043852.185190971,/novatel/oem7/fix,/novatel/oem7/fix,/novatel/oem7/inspva,39.663,-75.756,-1.800179782,0.000781438,0.001215175,0.000777190,0.000081365,0.001215175,,0,
1786043852188873692,1786043852.185628836,/novatel/oem7/odom,/novatel/oem7/fix,/novatel/oem7/odom,39.663,-75.756,-1.800179782,0.000777626,0.001217618,0.000117048,0.000768766,0.001217618,,,
1786043852196256597,1786043852.195448419,/novatel/oem7/odom,/novatel/oem7/fix,/novatel/oem7/odom,39.663,-75.756,-1.800179782,0.000777626,0.001217618,0.000117048,0.000768766,0.001217618,,,
1786043852207437147,1786043852.206725137,/novatel/oem7/inspva,/novatel/oem7/inspva,/novatel/oem7/inspva,39.663,-75.756,-1.800179705,0.001300192,0.000914999,0.001236538,0.000401837,0.000914999,,novatel_oem7_msgs.msg.InertialSolutionStatus(status=3),
1786043852208909766,1786043852.206930842,/novatel/oem7/fix,/novatel/oem7/fix,/novatel/oem7/inspva,39.663,-75.756,-1.800179705,0.001300192,0.000914999,0.001236538,0.000401837,0.000914999,,0,
1786043852209957880,1786043852.207665590,/novatel/oem7/odom,/novatel/oem7/fix,/novatel/oem7/odom,39.663,-75.756,-1.800179705,0.001296697,0.000919945,0.000462370,0.001211460,0.000919945,,,
1786043852211476235,1786043852.210218619,/novatel/oem7/bestpos,/novatel/oem7/bestpos,/novatel/oem7/odom,39.663,-75.756,33.182139732,0.001296697,0.000919945,0.000462370,0.001211460,0.000919945,,novatel_oem7_msgs.msg.SolutionStatus(status=0),novatel_oem7_msgs.msg.PositionOrVelocityType(type=53)
1786043852212351894,1786043852.210557466,/novatel/oem7/bestvel,/novatel/oem7/bestpos,/novatel/oem7/bestvel,39.663,-75.756,33.182139732,0.000804708,0.001273219,,,,16.822624928,novatel_oem7_msgs.msg.SolutionStatus(status=0),novatel_oem7_msgs.msg.PositionOrVelocityType(type=53)
1786043852215500993,1786043852.214838263,/novatel/oem7/odom,/novatel/oem7/bestpos,/novatel/oem7/odom,39.663,-75.756,33.182139732,0.001296697,0.000919945,0.000462370,0.001211460,0.000919945,,,
1786043852226666686,1786043852.225990496,/novatel/oem7/inspva,/novatel/oem7/inspva,/novatel/oem7/inspva,39.663,-75.756,-1.800179673,0.000825952,0.001062217,0.000820730,-0.000092730,0.001062217,,novatel_oem7_msgs.msg.InertialSolutionStatus(status=3),
1786043852228065674,1786043852.226163614,/novatel/oem7/fix,/novatel/oem7/fix,/novatel/oem7/inspva,39.663,-75.756,-1.800179673,0.000825952,0.001062217,0.000820730,-0.000092730,0.001062217,,0,
1786043852229093004,1786043852.226724566,/novatel/oem7/odom,/novatel/oem7/fix,/novatel/oem7/odom,39.663,-75.756,-1.800179673,0.000823530,0.001064096,-0.000053899,0.000821764,0.001064096,,,
1786043852235337178,1786043852.234381894,/novatel/oem7/odom,/novatel/oem7/fix,/novatel/oem7/odom,39.663,-75.756,-1.800179673,0.000823530,0.001064096,-0.000053899,0.000821764,0.001064096,,,
1786043852245961892,1786043852.245125178,/novatel/oem7/inspva,/novatel/oem7/inspva,/novatel/oem7/inspva,39.663,-75.756,-1.800174623,0.000878466,0.001390532,0.000759418,0.000441572,0.001390532,,novatel_oem7_msgs.msg.InertialSolutionStatus(status=3),
1786043852247853878,1786043852.245413933,/novatel/oem7/fix,/novatel/oem7/fix,/novatel/oem7/inspva,39.663,-75.756,-1.800174623,0.000878466,0.001390532,0.000759418,0.000441572,0.001390532,,0,
1786043852249287393,1786043852.245990229,/novatel/oem7/odom,/novatel/oem7/fix,/novatel/oem7/odom,39.663,-75.756,-1.800174623,0.000872425,0.001394330,0.000475127,0.000731696,0.001394330,,,
1786043852257478393,1786043852.256530399,/novatel/oem7/odom,/novatel/oem7/fix,/novatel/oem7/odom,39.663,-75.756,-1.800174623,0.000872425,0.001394330,0.000475127,0.000731696,0.001394330,,,
1786043852266315786,1786043852.265132574,/novatel/oem7/inspva,/novatel/oem7/inspva,/novatel/oem7/inspva,39.663,-75.756,-1.800176822,0.000573790,0.001187212,0.000573037,0.000029375,0.001187212,,novatel_oem7_msgs.msg.InertialSolutionStatus(status=3),
1786043852268152654,1786043852.265452047,/novatel/oem7/fix,/novatel/oem7/fix,/novatel/oem7/inspva,39.663,-75.756,-1.800176822,0.000573790,0.001187212,0.000573037,0.000029375,0.001187212,,0,
1786043852269209635,1786043852.266160157,/novatel/oem7/odom,/novatel/oem7/fix,/novatel/oem7/odom,39.663,-75.756,-1.800176822,0.000570315,0.001188886,0.000054562,0.000567699,0.001188886,,,
1786043852275052721,1786043852.274392944,/novatel/oem7/odom,/novatel/oem7/fix,/novatel/oem7/odom,39.663,-75.756,-1.800176822,0.000570315,0.001188886,0.000054562,0.000567699,0.001188886,,,
1786043852287028679,1786043852.286484910,/novatel/oem7/inspva,/novatel/oem7/inspva,/novatel/oem7/inspva,39.663,-75.756,-1.800173753,0.001003576,0.001030665,0.001003425,-0.000017412,0.001030665,,novatel_oem7_msgs.msg.InertialSolutionStatus(status=3),
1786043852288321122,1786043852.286627919,/novatel/oem7/fix,/novatel/oem7/fix,/novatel/oem7/inspva,39.663,-75.756,-1.800173753,0.001003576,0.001030665,0.001003425,-0.000017412,0.001030665,,0,
1786043852289316619,1786043852.287044443,/novatel/oem7/odom,/novatel/oem7/fix,/novatel/oem7/odom,39.663,-75.756,-1.800173753,0.001000830,0.001033332,0.000031046,0.001000348,0.001033332,,,
1786043852295916199,1786043852.295110755,/novatel/oem7/odom,/novatel/oem7/fix,/novatel/oem7/odom,39.663,-75.756,-1.800173753,0.001000830,0.001033332,0.000031046,0.001000348,0.001033332,,,
1786043852306354952,1786043852.305778863,/novatel/oem7/inspva,/novatel/oem7/inspva,/novatel/oem7/inspva,39.663,-75.756,-1.800171209,0.000712122,0.001349973,0.000690039,-0.000175967,0.001349973,,novatel_oem7_msgs.msg.InertialSolutionStatus(status=3),
1786043852307673736,1786043852.305934835,/novatel/oem7/fix,/novatel/oem7/fix,/novatel/oem7/inspva,39.663,-75.756,-1.800171209,0.000712122,0.001349973,0.000690039,-0.000175967,0.001349973,,0,
1786043852308724543,1786043852.306445050,/novatel/oem7/odom,/novatel/oem7/fix,/novatel/oem7/odom,39.663,-75.756,-1.800171209,0.000709876,0.001351156,-0.000144998,0.000694909,0.001351156,,,
1786043852310221692,1786043852.309207424,/novatel/oem7/bestpos,/novatel/oem7/bestpos,/novatel/oem7/odom,39.663,-75.756,33.182154419,0.000709876,0.001351156,-0.000144998,0.000694909,0.001351156,,novatel_oem7_msgs.msg.SolutionStatus(status=0),novatel_oem7_msgs.msg.PositionOrVelocityType(type=53)
1786043852311602293,1786043852.309713806,/novatel/oem7/bestvel,/novatel/oem7/bestpos,/novatel/oem7/bestvel,39.663,-75.756,33.182154419,0.000897674,0.001785856,,,,301.096774755,novatel_oem7_msgs.msg.SolutionStatus(status=0),novatel_oem7_msgs.msg.PositionOrVelocityType(type=53)
1786043852315962133,1786043852.315666257,/novatel/oem7/odom,/novatel/oem7/bestpos,/novatel/oem7/odom,39.663,-75.756,33.182154419,0.000709876,0.001351156,-0.000144998,0.000694909,0.001351156,,,
1786043852325828588,1786043852.325414983,/novatel/oem7/inspva,/novatel/oem7/inspva,/novatel/oem7/inspva,39.663,-75.756,-1.800168435,0.000872667,0.001175147,0.000805716,0.000335217,0.001175147,,novatel_oem7_msgs.msg.InertialSolutionStatus(status=3),
1786043852327238948,1786043852.325609725,/novatel/oem7/fix,/novatel/oem7/fix,/novatel/oem7/inspva,39.663,-75.756,-1.800168435,0.000872667,0.001175147,0.000805716,0.000335217,0.001175147,,0,
1786043852328282052,1786043852.326144783,/novatel/oem7/odom,/novatel/oem7/fix,/novatel/oem7/odom,39.663,-75.756,-1.800168435,0.000867931,0.001178649,0.000372247,0.000784051,0.001178649,,,
1786043852335337540,1786043852.334644563,/novatel/oem7/odom,/novatel/oem7/fix,/novatel/oem7/odom,39.663,-75.756,-1.800168435,0.000867931,0.001178649,0.000372247,0.000784051,0.001178649,,,
1786043852347082786,1786043852.346227191,/novatel/oem7/inspva,/novatel/oem7/inspva,/novatel/oem7/inspva,39.663,-75.756,-1.800166718,0.000765994,0.001228050,0.000765629,-0.000023671,0.001228050,,novatel_oem7_msgs.msg.InertialSolutionStatus(status=3),
1786043852348907428,1786043852.346441393,/novatel/oem7/fix,/novatel/oem7/fix,/novatel/oem7/inspva,39.663,-75.756,-1.800166718,0.000765994,0.001228050,0.000765629,-0.000023671,0.001228050,,0,
1786043852350245075,1786043852.347032406,/novatel/oem7/odom,/novatel/oem7/fix,/novatel/oem7/odom,39.663,-75.756,-1.800166718,0.000762793,0.001230041,0.000011539,0.000762706,0.001230041,,,
1786043852356791142,1786043852.355937036,/novatel/oem7/odom,/novatel/oem7/fix,/novatel/oem7/odom,39.663,-75.756,-1.800166718,0.000762793,0.001230041,0.000011539,0.000762706,0.001230041,,,
1786043852366528587,1786043852.365559267,/novatel/oem7/inspva,/novatel/oem7/inspva,/novatel/oem7/inspva,39.663,-75.756,-1.800160238,0.000363944,0.001468473,0.000361205,0.000044564,0.001468473,,novatel_oem7_msgs.msg.InertialSolutionStatus(status=3),
1786043852368068352,1786043852.365847364,/novatel/oem7/fix,/novatel/oem7/fix,/novatel/oem7/inspva,39.663,-75.756,-1.800160238,0.000363944,0.001468473,0.000361205,0.000044564,0.001468473,,0,
1786043852369121327,1786043852.366514393,/novatel/oem7/odom,/novatel/oem7/fix,/novatel/oem7/odom,39.663,-75.756,-1.800160238,0.000359299,0.001469617,0.000057530,0.000354664,0.001469617,,,
1786043852376212765,1786043852.375556322,/novatel/oem7/odom,/novatel/oem7/fix,/novatel/oem7/odom,39.663,-75.756,-1.800160238,0.000359299,0.001469617,0.000057530,0.000354664,0.001469617,,,
1786043852385907634,1786043852.385348452,/novatel/oem7/inspva,/novatel/oem7/inspva,/novatel/oem7/inspva,39.663,-75.756,-1.800157802,0.000485251,0.001455887,0.000463050,-0.000145099,0.001455887,,novatel_oem7_msgs.msg.InertialSolutionStatus(status=3),
1786043852387174027,1786043852.385507293,/novatel/oem7/fix,/novatel/oem7/fix,/novatel/oem7/inspva,39.663,-75.756,-1.800157802,0.000485251,0.001455887,0.000463050,-0.000145099,0.001455887,,0,
1786043852388175464,1786043852.385839787,/novatel/oem7/odom,/novatel/oem7/fix,/novatel/oem7/odom,39.663,-75.756,-1.800157802,0.000483194,0.001456571,-0.000126491,0.000466344,0.001456571,,,
1786043852395358903,1786043852.394351119,/novatel/oem7/odom,/novatel/oem7/fix,/novatel/oem7/odom,39.663,-75.756,-1.800157802,0.000483194,0.001456571,-0.000126491,0.000466344,0.001456571,,,
1786043852407195640,1786043852.406599268,/novatel/oem7/inspva,/novatel/oem7/inspva,/novatel/oem7/inspva,39.663,-75.756,-1.800153945,0.000417525,0.001085603,0.000417325,-0.000012935,0.001085603,,novatel_oem7_msgs.msg.InertialSolutionStatus(status=3),
1786043852408542634,1786043852.406757209,/novatel/oem7/fix,/novatel/oem7/fix,/novatel/oem7/inspva,39.663,-75.756,-1.800153945,0.000417525,0.001085603,0.000417325,-0.000012935,0.001085603,,0,
1786043852409561008,1786043852.407212657,/novatel/oem7/odom,/novatel/oem7/fix,/novatel/oem7/odom,39.663,-75.756,-1.800153945,0.000414724,0.001086676,0.000004607,0.000414699,0.001086676,,,
1786043852411088913,1786043852.410349962,/novatel/oem7/bestpos,/novatel/oem7/bestpos,/novatel/oem7/odom,39.663,-75.756,33.182187242,0.000414724,0.001086676,0.000004607,0.000414699,0.001086676,,novatel_oem7_msgs.msg.SolutionStatus(status=0),novatel_oem7_msgs.msg.PositionOrVelocityType(type=53)
1786043852412456593,1786043852.410896057,/novatel/oem7/bestvel,/novatel/oem7/bestpos,/novatel/oem7/bestvel,39.663,-75.756,33.182187242,0.000634577,0.001747084,,,,251.698650337,novatel_oem7_msgs.msg.SolutionStatus(status=0),novatel_oem7_msgs.msg.PositionOrVelocityType(type=53)
1786043852415351763,1786043852.414707823,/novatel/oem7/odom,/novatel/oem7/bestpos,/novatel/oem7/odom,39.663,-75.756,33.182187242,0.000414724,0.001086676,0.000004607,0.000414699,0.001086676,,,
1786043852425539660,1786043852.424883827,/novatel/oem7/inspva,/novatel/oem7/inspva,/novatel/oem7/inspva,39.663,-75.756,-1.800150008,0.000557605,0.001155587,0.000532545,-0.000165284,0.001155587,,novatel_oem7_msgs.msg.InertialSolutionStatus(status=3),
1786043852426964988,1786043852.425078058,/novatel/oem7/fix,/novatel/oem7/fix,/novatel/oem7/inspva,39.663,-75.756,-1.800150008,0.000557605,0.001155587,0.000532545,-0.000165284,0.001155587,,0,
1786043852428004748,1786043852.425492496,/novatel/oem7/odom,/novatel/oem7/fix,/novatel/oem7/odom,39.663,-75.756,-1.800150008,0.000555952,0.001156383,-0.000141775,0.000537571,0.001156383,,,
1786043852436513995,1786043852.435480067,/novatel/oem7/odom,/novatel/oem7/fix,/novatel/oem7/odom,39.663,-75.756,-1.800150008,0.000555952,0.001156383,-0.000141775,0.000537571,0.001156383,,,
1786043852445952778,1786043852.445404522,/novatel/oem7/inspva,/novatel/oem7/inspva,/novatel/oem7/inspva,39.663,-75.756,-1.800141261,0.000482633,0.001455429,0.000324047,-0.000357671,0.001455429,,novatel_oem7_msgs.msg.InertialSolutionStatus(status=3),
1786043852446731381,1786043852.445665714,/novatel/oem7/fix,/novatel/oem7/fix,/novatel/oem7/inspva,39.663,-75.756,-1.800141261,0.000482633,0.001455429,0.000324047,-0.000357671,0.001455429,,0,
1786043852447389476,1786043852.446283247,/novatel/oem7/odom,/novatel/oem7/fix,/novatel/oem7/odom,39.663,-75.756,-1.800141261,0.000484195,0.001454910,-0.000346039,0.000338676,0.001454910,,,
1786043852456586034,1786043852.456264088,/novatel/oem7/odom,/novatel/oem7/fix,/novatel/oem7/odom,39.663,-75.756,-1.800141261,0.000484195,0.001454910,-0.000346039,0.000338676,0.001454910,,,
1786043852466505779,1786043852.466004964,/novatel/oem7/inspva,/novatel/oem7/inspva,/novatel/oem7/inspva,39.663,-75.756,-1.800138908,0.000597682,0.001413990,0.000583440,-0.000129702,0.001413990,,novatel_oem7_msgs.msg.InertialSolutionStatus(status=3),
1786043852467280130,1786043852.466221926,/novatel/oem7/fix,/novatel/oem7/fix,/novatel/oem7/inspva,39.663,-75.756,-1.800138908,0.000597682,0.001413990,0.000583440,-0.000129702,0.001413990,,0,
1786043852467725553,1786043852.466702164,/novatel/oem7/odom,/novatel/oem7/fix,/novatel/oem7/odom,39.663,-75.756,-1.800138908,0.000595124,0.001415069,-0.000104633,0.000585853,0.001415069,,,
1786043852475116484,1786043852.474828814,/novatel/oem7/odom,/novatel/oem7/fix,/novatel/oem7/odom,39.663,-75.756,-1.800138908,0.000595124,0.001415069,-0.000104633,0.000585853,0.001415069,,,
1786043852485562073,1786043852.485313230,/novatel/oem7/inspva,/novatel/oem7/inspva,/novatel/oem7/inspva,39.663,-75.756,-1.800134231,0.000394401,0.001094322,-0.000044817,-0.000391846,0.001094322,,novatel_oem7_msgs.msg.InertialSolutionStatus(status=3),
1786043852486041290,1786043852.485468239,/novatel/oem7/fix,/novatel/oem7/fix,/novatel/oem7/inspva,39.663,-75.756,-1.800134231,0.000394401,0.001094322,-0.000044817,-0.000391846,0.001094322,,0,
1786043852486604127,1786043852.486031965,/novatel/oem7/odom,/novatel/oem7/fix,/novatel/oem7/odom,39.663,-75.756,-1.800134231,0.000398975,0.001092663,-0.000398062,-0.000026972,0.001092663,,,
1786043852496212685,1786043852.495640995,/novatel/oem7/odom,/novatel/oem7/fix,/novatel/oem7/odom,39.663,-75.756,-1.800134231,0.000398975,0.001092663,-0.000398062,-0.000026972,0.001092663,,,
1786043852506694269,1786043852.506298504,/novatel/oem7/inspva,/novatel/oem7/inspva,/novatel/oem7/inspva,39.663,-75.756,-1.800130732,0.000477478,0.001000293,0.000411142,-0.000242791,0.001000293,,novatel_oem7_msgs.msg.InertialSolutionStatus(status=3),
1786043852507238810,1786043852.506478412,/novatel/oem7/fix,/novatel/oem7/fix,/novatel/oem7/inspva,39.663,-75.756,-1.800130732,0.000477478,0.001000293,0.000411142,-0.000242791,0.001000293,,0,
1786043852507629888,1786043852.506915370,/novatel/oem7/odom,/novatel/oem7/fix,/novatel/oem7/odom,39.663,-75.756,-1.800130732,0.000477123,0.001000462,-0.000224915,0.000420784,0.001000462,,,
1786043852512692844,1786043852.512171346,/novatel/oem7/bestpos,/novatel/oem7/bestpos,/novatel/oem7/odom,39.663,-75.756,33.182199948,0.000477123,0.001000462,-0.000224915,0.000420784,0.001000462,,novatel_oem7_msgs.msg.SolutionStatus(status=0),novatel_oem7_msgs.msg.PositionOrVelocityType(type=53)
1786043852513221815,1786043852.512511810,/novatel/oem7/bestvel,/novatel/oem7/bestpos,/novatel/oem7/bestvel,39.663,-75.756,33.182199948,0.000872408,0.001232365,,,,301.405840854,novatel_oem7_msgs.msg.SolutionStatus(status=0),novatel_oem7_msgs.msg.PositionOrVelocityType(type=53)
1786043852514852596,1786043852.514431013,/novatel/oem7/odom,/novatel/oem7/bestpos,/novatel/oem7/odom,39.663,-75.756,33.182199948,0.000477123,0.001000462,-0.000224915,0.000420784,0.001000462,,,
1786043852526993204,1786043852.526509679,/novatel/oem7/inspva,/novatel/oem7/inspva,/novatel/oem7/inspva,39.663,-75.756,-1.800123049,0.000558853,0.001166967,-0.000162639,-0.000534663,0.001166967,,novatel_oem7_msgs.msg.InertialSolutionStatus(status=3),
1786043852527783744,1786043852.526687078,/novatel/oem7/fix,/novatel/oem7/fix,/novatel/oem7/inspva,39.663,-75.756,-1.800123049,0.000558853,0.001166967,-0.000162639,-0.000534663,0.001166967,,0,
1786043852528228734,1786043852.527070145,/novatel/oem7/odom,/novatel/oem7/fix,/novatel/oem7/odom,39.663,-75.756,-1.800123049,0.000564104,0.001164437,-0.000547138,-0.000137307,0.001164437,,,
1786043852535740259,1786043852.535164464,/novatel/oem7/odom,/novatel/oem7/fix,/novatel/oem7/odom,39.663,-75.756,-1.800123049,0.000564104,0.001164437,-0.000547138,-0.000137307,0.001164437,,,
1786043852545535753,1786043852.545072281,/novatel/oem7/inspva,/novatel/oem7/inspva,/novatel/oem7/inspva,39.663,-75.756,-1.800118097,0.000375650,0.001034235,0.000213624,-0.000308994,0.001034235,,novatel_oem7_msgs.msg.InertialSolutionStatus(status=3),
1786043852546252828,1786043852.545265926,/novatel/oem7/fix,/novatel/oem7/fix,/novatel/oem7/inspva,39.663,-75.756,-1.800118097,0.000375650,0.001034235,0.000213624,-0.000308994,0.001034235,,0,
1786043852546907448,1786043852.545853319,/novatel/oem7/odom,/novatel/oem7/fix,/novatel/oem7/odom,39.663,-75.756,-1.800118097,0.000377374,0.001033607,-0.000301519,0.000226931,0.001033607,,,
1786043852555902304,1786043852.555581761,/novatel/oem7/odom,/novatel/oem7/fix,/novatel/oem7/odom,39.663,-75.756,-1.800118097,0.000377374,0.001033607,-0.000301519,0.000226931,0.001033607,,,
1786043852565915873,1786043852.565316373,/novatel/oem7/inspva,/novatel/oem7/inspva,/novatel/oem7/inspva,39.663,-75.756,-1.800106740,0.000568765,0.001288276,-0.000101647,-0.000559608,0.001288276,,novatel_oem7_msgs.msg.InertialSolutionStatus(status=3),
1786043852566648731,1786043852.565552372,/novatel/oem7/fix,/novatel/oem7/fix,/novatel/oem7/inspva,39.663,-75.756,-1.800106740,0.000568765,0.001288276,-0.000101647,-0.000559608,0.001288276,,0,
1786043852567118983,1786043852.566111734,/novatel/oem7/odom,/novatel/oem7/fix,/novatel/oem7/odom,39.663,-75.756,-1.800106740,0.000574315,0.001285812,-0.000569343,-0.000075405,0.001285812,,,
1786043852575125214,1786043852.574823697,/novatel/oem7/odom,/novatel/oem7/fix,/novatel/oem7/odom,39.663,-75.756,-1.800106740,0.000574315,0.001285812,-0.000569343,-0.000075405,0.001285812,,,
1786043852586198244,1786043852.585912386,/novatel/oem7/inspva,/novatel/oem7/inspva,/novatel/oem7/inspva,39.663,-75.756,-1.800102179,0.000537636,0.001309593,0.000318291,-0.000433293,0.001309593,,novatel_oem7_msgs.msg.InertialSolutionStatus(status=3),
1786043852586716963,1786043852.586074924,/novatel/oem7/fix,/novatel/oem7/fix,/novatel/oem7/inspva,39.663,-75.756,-1.800102179,0.000537636,0.001309593,0.000318291,-0.000433293,0.001309593,,0,
1786043852587144421,1786043852.586411338,/novatel/oem7/odom,/novatel/oem7/fix,/novatel/oem7/odom,39.663,-75.756,-1.800102179,0.000539649,0.001308765,-0.000421263,0.000337282,0.001308765,,,
1786043852594987663,1786043852.594537297,/novatel/oem7/odom,/novatel/oem7/fix,/novatel/oem7/odom,39.663,-75.756,-1.800102179,0.000539649,0.001308765,-0.000421263,0.000337282,0.001308765,,,
1786043852606864461,1786043852.606383667,/novatel/oem7/inspva,/novatel/oem7/inspva,/novatel/oem7/inspva,39.663,-75.756,-1.800096896,0.000413404,0.000746154,-0.000292112,-0.000292529,0.000746154,,novatel_oem7_msgs.msg.InertialSolutionStatus(status=3),
1786043852607399985,1786043852.606575829,/novatel/oem7/fix,/novatel/oem7/fix,/novatel/oem7/inspva,39.663,-75.756,-1.800096896,0.000413404,0.000746154,-0.000292112,-0.000292529,0.000746154,,0,
1786043852607788849,1786043852.607019510,/novatel/oem7/odom,/novatel/oem7/fix,/novatel/oem7/odom,39.663,-75.756,-1.800096896,0.000416890,0.000744212,-0.000310446,-0.000278246,0.000744212,,,
1786043852610574519,1786043852.610105128,/novatel/oem7/bestpos,/novatel/oem7/bestpos,/novatel/oem7/odom,39.663,-75.756,33.182232902,0.000416890,0.000744212,-0.000310446,-0.000278246,0.000744212,,novatel_oem7_msgs.msg.SolutionStatus(status=0),novatel_oem7_msgs.msg.PositionOrVelocityType(type=53)
1786043852611102537,1786043852.610548093,/novatel/oem7/bestvel,/novatel/oem7/bestpos,/novatel/oem7/bestvel,39.663,-75.756,33.182232902,0.000235348,0.000586536,,,,249.845699536,novatel_oem7_msgs.msg.SolutionStatus(status=0),novatel_oem7_msgs.msg.PositionOrVelocityType(type=53)
1786043852615721942,1786043852.615445932,/novatel/oem7/odom,/novatel/oem7/bestpos,/novatel/oem7/odom,39.663,-75.756,33.182232902,0.000416890,0.000744212,-0.000310446,-0.000278246,0.000744212,,,
1786043852625609099,1786043852.625294489,/novatel/oem7/inspva,/novatel/oem7/inspva,/novatel/oem7/inspva,39.663,-75.756,-1.800090926,0.000440175,0.000847549,0.000271875,-0.000346176,0.000847549,,novatel_oem7_msgs.msg.InertialSolutionStatus(status=3),
1786043852626157817,1786043852.625480734,/novatel/oem7/fix,/novatel/oem7/fix,/novatel/oem7/inspva,39.663,-75.756,-1.800090926,0.000440175,0.000847549,0.000271875,-0.000346176,0.000847549,,0,
1786043852626580081,1786043852.625819471,/novatel/oem7/odom,/novatel/oem7/fix,/novatel/oem7/odom,39.663,-75.756,-1.800090926,0.000441350,0.000846937,-0.000334838,0.000287530,0.000846937,,,
1786043852639174244,1786043852.634449845,/novatel/oem7/odom,/novatel/oem7/fix,/novatel/oem7/odom,39.663,-75.756,-1.800090926,0.000441350,0.000846937,-0.000334838,0.000287530,0.000846937,,,
1786043852649731858,1786043852.645045850,/novatel/oem7/inspva,/novatel/oem7/inspva,/novatel/oem7/inspva,39.663,-75.756,-1.800083970,0.000640690,0.000847775,-0.000242753,-0.000592921,0.000847775,,novatel_oem7_msgs.msg.InertialSolutionStatus(status=3),
1786043852654582293,1786043852.645377587,/novatel/oem7/fix,/novatel/oem7/fix,/novatel/oem7/inspva,39.663,-75.756,-1.800083970,0.000640690,0.000847775,-0.000242753,-0.000592921,0.000847775,,0,
1786043852657115812,1786043852.645853255,/novatel/oem7/odom,/novatel/oem7/fix,/novatel/oem7/odom,39.663,-75.756,-1.800083970,0.000644602,0.000844805,-0.000608239,-0.000213441,0.000844805,,,
1786043852659355018,1786043852.656382275,/novatel/oem7/odom,/novatel/oem7/fix,/novatel/oem7/odom,39.663,-75.756,-1.800083970,0.000644602,0.000844805,-0.000608239,-0.000213441,0.000844805,,,
1786043852665596433,1786043852.664985083,/novatel/oem7/inspva,/novatel/oem7/inspva,/novatel/oem7/inspva,39.663,-75.756,-1.800077436,0.000456914,0.001097114,-0.000093393,-0.000447268,0.001097114,,novatel_oem7_msgs.msg.InertialSolutionStatus(status=3),
1786043852666901791,1786043852.665213621,/novatel/oem7/fix,/novatel/oem7/fix,/novatel/oem7/inspva,39.663,-75.756,-1.800077436,0.000456914,0.001097114,-0.000093393,-0.000447268,0.001097114,,0,
1786043852668033177,1786043852.665753537,/novatel/oem7/odom,/novatel/oem7/fix,/novatel/oem7/odom,39.663,-75.756,-1.800077436,0.000461692,0.001095113,-0.000455953,-0.000072565,0.001095113,,,
1786043852675203750,1786043852.674503762,/novatel/oem7/odom,/novatel/oem7/fix,/novatel/oem7/odom,39.663,-75.756,-1.800077436,0.000461692,0.001095113,-0.000455953,-0.000072565,0.001095113,,,
1786043852686232540,1786043852.685621122,/novatel/oem7/inspva,/novatel/oem7/inspva,/novatel/oem7/inspva,39.663,-75.756,-1.800071923,0.000728130,0.000673648,-0.000034083,-0.000727332,0.000673648,,novatel_oem7_msgs.msg.InertialSolutionStatus(status=3),
1786043852687722612,1786043852.685849575,/novatel/oem7/fix,/novatel/oem7/fix,/novatel/oem7/inspva,39.663,-75.756,-1.800071923,0.000728130,0.000673648,-0.000034083,-0.000727332,0.000673648,,0,
1786043852688875279,1786043852.686571728,/novatel/oem7/odom,/novatel/oem7/fix,/novatel/oem7/odom,39.663,-75.756,-1.800071923,0.000730831,0.000670717,-0.000730827,0.000002421,0.000670717,,,
1786043852695703171,1786043852.694936133,/novatel/oem7/odom,/novatel/oem7/fix,/novatel/oem7/odom,39.663,-75.756,-1.800071923,0.000730831,0.000670717,-0.000730827,0.000002421,0.000670717,,,
1786043852709250402,1786043852.706034930,/novatel/oem7/inspva,/novatel/oem7/inspva,/novatel/oem7/inspva,39.663,-75.756,-1.800064298,0.000483560,0.000835233,-0.000077657,-0.000477283,0.000835233,,novatel_oem7_msgs.msg.InertialSolutionStatus(status=3),
1786043852718471269,1786043852.709241112,/novatel/oem7/bestpos,/novatel/oem7/bestpos,/novatel/oem7/inspva,39.663,-75.756,33.182273950,0.000483560,0.000835233,-0.000077657,-0.000477283,0.000835233,,novatel_oem7_msgs.msg.SolutionStatus(status=0),novatel_oem7_msgs.msg.PositionOrVelocityType(type=53)
1786043852720460131,1786043852.709757531,/novatel/oem7/bestvel,/novatel/oem7/bestpos,/novatel/oem7/bestvel,39.663,-75.756,33.182273950,0.000907647,0.001077304,,,,262.308789012,novatel_oem7_msgs.msg.SolutionStatus(status=0),novatel_oem7_msgs.msg.PositionOrVelocityType(type=53)
1786043852720872052,1786043852.706264038,/novatel/oem7/fix,/novatel/oem7/fix,/novatel/oem7/bestvel,39.663,-75.756,-1.800064298,0.000907647,0.001077304,,,,262.308789012,0,
1786043852721341672,1786043852.706722690,/novatel/oem7/odom,/novatel/oem7/fix,/novatel/oem7/odom,39.663,-75.756,-1.800064298,0.000487118,0.000833162,-0.000484048,-0.000054610,0.000833162,,,
1786043852722046286,1786043852.714642883,/novatel/oem7/odom,/novatel/oem7/fix,/novatel/oem7/odom,39.663,-75.756,-1.800064298,0.000487118,0.000833162,-0.000484048,-0.000054610,0.000833162,,,
1786043852725957668,1786043852.725178297,/novatel/oem7/inspva,/novatel/oem7/inspva,/novatel/oem7/inspva,39.663,-75.756,-1.800051920,0.000699336,0.001090251,-0.000124941,-0.000688085,0.001090251,,novatel_oem7_msgs.msg.InertialSolutionStatus(status=3),
1786043852727198972,1786043852.725454947,/novatel/oem7/fix,/novatel/oem7/fix,/novatel/oem7/inspva,39.663,-75.756,-1.800051920,0.000699336,0.001090251,-0.000124941,-0.000688085,0.001090251,,0,
1786043852728361573,1786043852.725957565,/novatel/oem7/odom,/novatel/oem7/fix,/novatel/oem7/odom,39.663,-75.756,-1.800051920,0.000704023,0.001087230,-0.000698064,-0.000091408,0.001087230,,,
1786043852740396089,1786043852.735207579,/novatel/oem7/odom,/novatel/oem7/fix,/novatel/oem7/odom,39.663,-75.756,-1.800051920,0.000704023,0.001087230,-0.000698064,-0.000091408,0.001087230,,,
1786043852750230214,1786043852.745212038,/novatel/oem7/inspva,/novatel/oem7/inspva,/novatel/oem7/inspva,39.663,-75.756,-1.800042782,0.000836492,0.001274949,-0.000627155,-0.000553531,0.001274949,,novatel_oem7_msgs.msg.InertialSolutionStatus(status=3),
1786043852755495510,1786043852.745508744,/novatel/oem7/fix,/novatel/oem7/fix,/novatel/oem7/inspva,39.663,-75.756,-1.800042782,0.000836492,0.001274949,-0.000627155,-0.000553531,0.001274949,,0,
1786043852756330407,1786043852.745890851,/novatel/oem7/odom,/novatel/oem7/fix,/novatel/oem7/odom,39.663,-75.756,-1.800042782,0.000842341,0.001271092,-0.000590770,-0.000600441,0.001271092,,,
1786043852757745619,1786043852.755594983,/novatel/oem7/odom,/novatel/oem7/fix,/novatel/oem7/odom,39.663,-75.756,-1.800042782,0.000842341,0.001271092,-0.000590770,-0.000600441,0.001271092,,,
1786043852766466404,1786043852.765522290,/novatel/oem7/inspva,/novatel/oem7/inspva,/novatel/oem7/inspva,39.663,-75.756,-1.800031342,0.000727086,0.000935919,-0.000409011,-0.000601135,0.000935919,,novatel_oem7_msgs.msg.InertialSolutionStatus(status=3),
1786043852775075956,1786043852.765766860,/novatel/oem7/fix,/novatel/oem7/fix,/novatel/oem7/inspva,39.663,-75.756,-1.800031342,0.000727086,0.000935919,-0.000409011,-0.000601135,0.000935919,,0,
1786043852782440439,1786043852.766250235,/novatel/oem7/odom,/novatel/oem7/fix,/novatel/oem7/odom,39.663,-75.756,-1.800031342,0.000731498,0.000932475,-0.000625501,-0.000379259,0.000932475,,,
1786043852785203280,1786043852.775341177,/novatel/oem7/odom,/novatel/oem7/fix,/novatel/oem7/odom,39.663,-75.756,-1.800031342,0.000731498,0.000932475,-0.000625501,-0.000379259,0.000932475,,,
1786043852786151689,1786043852.785284558,/novatel/oem7/inspva,/novatel/oem7/inspva,/novatel/oem7/inspva,39.663,-75.756,-1.800018593,0.000859128,0.001314681,-0.000693386,-0.000507264,0.001314681,,novatel_oem7_msgs.msg.InertialSolutionStatus(status=3),
1786043852786643000,1786043852.785571378,/novatel/oem7/fix,/novatel/oem7/fix,/novatel/oem7/inspva,39.663,-75.756,-1.800018593,0.000859128,0.001314681,-0.000693386,-0.000507264,0.001314681,,0,
1786043852787309815,1786043852.786033056,/novatel/oem7/odom,/novatel/oem7/fix,/novatel/oem7/odom,39.663,-75.756,-1.800018593,0.000864987,0.001310834,-0.000548184,-0.000669101,0.001310834,,,
1786043852795237477,1786043852.794594066,/novatel/oem7/odom,/novatel/oem7/fix,/novatel/oem7/odom,39.663,-75.756,-1.800018593,0.000864987,0.001310834,-0.000548184,-0.000669101,0.001310834,,,
1786043852807396056,1786043852.806799010,/novatel/oem7/inspva,/novatel/oem7/inspva,/novatel/oem7/inspva,39.663,-75.756,-1.800008427,0.001074771,0.000887249,-0.000251976,-0.001044816,0.000887249,,novatel_oem7_msgs.msg.InertialSolutionStatus(status=3),
1786043852808446746,1786043852.807096340,/novatel/oem7/fix,/novatel/oem7/fix,/novatel/oem7/inspva,39.663,-75.756,-1.800008427,0.001074771,0.000887249,-0.000251976,-0.001044816,0.000887249,,0,
1786043852809122702,1786043852.807850977,/novatel/oem7/odom,/novatel/oem7/fix,/novatel/oem7/odom,39.663,-75.756,-1.800008427,0.001078662,0.000882514,-0.001060140,-0.000199040,0.000882514,,,
1786043852810692964,1786043852.810194158,/novatel/oem7/bestpos,/novatel/oem7/bestpos,/novatel/oem7/odom,39.663,-75.756,33.182336825,0.001078662,0.000882514,-0.001060140,-0.000199040,0.000882514,,novatel_oem7_msgs.msg.SolutionStatus(status=0),novatel_oem7_msgs.msg.PositionOrVelocityType(type=53)
1786043852811573983,1786043852.810617828,/novatel/oem7/bestvel,/novatel/oem7/bestpos,/novatel/oem7/bestvel,39.663,-75.756,33.182336825,0.000886086,0.000866158,,,,237.202955462,novatel_oem7_msgs.msg.SolutionStatus(status=0),novatel_oem7_msgs.msg.PositionOrVelocityType(type=53)
1786043852815237985,1786043852.814656593,/novatel/oem7/odom,/novatel/oem7/bestpos,/novatel/oem7/odom,39.663,-75.756,33.182336825,0.001078662,0.000882514,-0.001060140,-0.000199040,0.000882514,,,
1786043852826649568,1786043852.825283739,/novatel/oem7/inspva,/novatel/oem7/inspva,/novatel/oem7/inspva,39.663,-75.756,-1.799998023,0.000988899,0.001018919,-0.000425809,-0.000892529,0.001018919,,novatel_oem7_msgs.msg.InertialSolutionStatus(status=3),
1786043852827783156,1786043852.825502545,/novatel/oem7/fix,/novatel/oem7/fix,/novatel/oem7/inspva,39.663,-75.756,-1.799998023,0.000988899,0.001018919,-0.000425809,-0.000892529,0.001018919,,0,
1786043852828410040,1786043852.826140896,/novatel/oem7/odom,/novatel/oem7/fix,/novatel/oem7/odom,39.663,-75.756,-1.799998023,0.001078659,0.000882518,-0.001060138,-0.000199029,0.000882518,,,
1786043852835365557,1786043852.834885039,/novatel/oem7/odom,/novatel/oem7/fix,/novatel/oem7/odom,39.663,-75.756,-1.799998023,0.000993631,0.001014305,-0.000917707,-0.000380940,0.001014305,,,
1786043852845711418,1786043852.845307358,/novatel/oem7/inspva,/novatel/oem7/inspva,/novatel/oem7/inspva,39.663,-75.756,-1.799981741,0.000998935,0.001449664,-0.000422907,-0.000904998,0.001449664,,novatel_oem7_msgs.msg.InertialSolutionStatus(status=3),
1786043852846495191,1786043852.845512483,/novatel/oem7/fix,/novatel/oem7/fix,/novatel/oem7/inspva,39.663,-75.756,-1.799981741,0.000998935,0.001449664,-0.000422907,-0.000904998,0.001449664,,0,
1786043852847053636,1786043852.846049122,/novatel/oem7/odom,/novatel/oem7/fix,/novatel/oem7/odom,39.663,-75.756,-1.799981741,0.001005665,0.001445004,-0.000931735,-0.000378460,0.001445004,,,
1786043852856773125,1786043852.856374072,/novatel/oem7/odom,/novatel/oem7/fix,/novatel/oem7/odom,39.663,-75.756,-1.799981741,0.001005665,0.001445004,-0.000931735,-0.000378460,0.001445004,,,
1786043852866093354,1786043852.865268264,/novatel/oem7/inspva,/novatel/oem7/inspva,/novatel/oem7/inspva,39.663,-75.756,-1.799971435,0.000927403,0.001451441,-0.000551548,-0.000745567,0.001451441,,novatel_oem7_msgs.msg.InertialSolutionStatus(status=3),
1786043852867316186,1786043852.865555780,/novatel/oem7/fix,/novatel/oem7/fix,/novatel/oem7/inspva,39.663,-75.756,-1.799971435,0.000927403,0.001451441,-0.000551548,-0.000745567,0.001451441,,0,
1786043852868136555,1786043852.866159046,/novatel/oem7/odom,/novatel/oem7/fix,/novatel/oem7/odom,39.663,-75.756,-1.799971435,0.000934245,0.001447046,-0.000779294,-0.000515281,0.001447046,,,
1786043852875103804,1786043852.874538845,/novatel/oem7/odom,/novatel/oem7/fix,/novatel/oem7/odom,39.663,-75.756,-1.799971435,0.000934245,0.001447046,-0.000779294,-0.000515281,0.001447046,,,
1786043852885372353,1786043852.884950004,/novatel/oem7/inspva,/novatel/oem7/inspva,/novatel/oem7/inspva,39.663,-75.756,-1.799959168,0.001293038,0.001173637,-0.000668101,-0.001107063,0.001173637,,novatel_oem7_msgs.msg.InertialSolutionStatus(status=3),
1786043852886126267,1786043852.885112139,/novatel/oem7/fix,/novatel/oem7/fix,/novatel/oem7/inspva,39.663,-75.756,-1.799959168,0.001293038,0.001173637,-0.000668101,-0.001107063,0.001173637,,0,
1786043852886685650,1786043852.885594557,/novatel/oem7/odom,/novatel/oem7/fix,/novatel/oem7/odom,39.663,-75.756,-1.799959168,0.001298563,0.001167521,-0.001145285,-0.000612036,0.001167521,,,
1786043852895746474,1786043852.895115637,/novatel/oem7/odom,/novatel/oem7/fix,/novatel/oem7/odom,39.663,-75.756,-1.799959168,0.001298563,0.001167521,-0.001145285,-0.000612036,0.001167521,,,
1786043852906371528,1786043852.905907670,/novatel/oem7/inspva,/novatel/oem7/inspva,/novatel/oem7/inspva,39.663,-75.756,-1.799946855,0.001127838,0.001085052,-0.000560982,-0.000978426,0.001085052,,novatel_oem7_msgs.msg.InertialSolutionStatus(status=3),
1786043852907152194,1786043852.906125436,/novatel/oem7/fix,/novatel/oem7/fix,/novatel/oem7/inspva,39.663,-75.756,-1.799946855,0.001127838,0.001085052,-0.000560982,-0.000978426,0.001085052,,0,
1786043852907708451,1786043852.906732472,/novatel/oem7/odom,/novatel/oem7/fix,/novatel/oem7/odom,39.663,-75.756,-1.799946855,0.001132929,0.001079735,-0.001010844,-0.000511589,0.001079735,,,
1786043852909609538,1786043852.909156386,/novatel/oem7/bestpos,/novatel/oem7/bestpos,/novatel/oem7/odom,39.663,-75.756,33.182394879,0.001132929,0.001079735,-0.001010844,-0.000511589,0.001079735,,novatel_oem7_msgs.msg.SolutionStatus(status=0),novatel_oem7_msgs.msg.PositionOrVelocityType(type=53)
1786043852910395707,1786043852.909615021,/novatel/oem7/bestvel,/novatel/oem7/bestpos,/novatel/oem7/bestvel,39.663,-75.756,33.182394879,0.000976530,0.000955061,,,,244.182535484,novatel_oem7_msgs.msg.SolutionStatus(status=0),novatel_oem7_msgs.msg.PositionOrVelocityType(type=53)
1786043852914900268,1786043852.914348232,/novatel/oem7/odom,/novatel/oem7/bestpos,/novatel/oem7/odom,39.663,-75.756,33.182394879,0.001132929,0.001079735,-0.001010844,-0.000511589,0.001079735,,,
1786043852927360998,1786043852.926702682,/novatel/oem7/inspva,/novatel/oem7/inspva,/novatel/oem7/inspva,39.663,-75.756,-1.799924028,0.001424219,0.001825809,-0.000341535,-0.001382662,0.001825809,,novatel_oem7_msgs.msg.InertialSolutionStatus(status=3),
1786043852928386824,1786043852.926965304,/novatel/oem7/fix,/novatel/oem7/fix,/novatel/oem7/inspva,39.663,-75.756,-1.799924028,0.001424219,0.001825809,-0.000341535,-0.001382662,0.001825809,,0,
1786043852929178369,1786043852.927522763,/novatel/oem7/odom,/novatel/oem7/fix,/novatel/oem7/odom,39.663,-75.756,-1.799924028,0.001432267,0.001819503,-0.001405991,-0.000273086,0.001819503,,,
1786043852935326970,1786043852.934856871,/novatel/oem7/odom,/novatel/oem7/fix,/novatel/oem7/odom,39.663,-75.756,-1.799924028,0.001432267,0.001819503,-0.001405991,-0.000273086,0.001819503,,,
1786043852947112572,1786043852.945225107,/novatel/oem7/inspva,/novatel/oem7/inspva,/novatel/oem7/inspva,39.663,-75.756,-1.799913240,0.001176898,0.001409110,-0.000576752,-0.001025888,0.001409110,,novatel_oem7_msgs.msg.InertialSolutionStatus(status=3),
1786043852948986014,1786043852.945476190,/novatel/oem7/fix,/novatel/oem7/fix,/novatel/oem7/inspva,39.663,-75.756,-1.799913240,0.001176898,0.001409110,-0.000576752,-0.001025888,0.001409110,,0,
1786043852950613404,1786043852.946655470,/novatel/oem7/odom,/novatel/oem7/fix,/novatel/oem7/odom,39.663,-75.756,-1.799913240,0.001432286,0.001819488,-0.001406010,-0.000273090,0.001819488,,,
1786043852956935512,1786043852.955928318,/novatel/oem7/odom,/novatel/oem7/fix,/novatel/oem7/odom,39.663,-75.756,-1.799913240,0.001183535,0.001403541,-0.001060395,-0.000525659,0.001403541,,,
1786043852965993214,1786043852.965366938,/novatel/oem7/inspva,/novatel/oem7/inspva,/novatel/oem7/inspva,39.663,-75.756,-1.799889612,0.001227716,0.001840856,-0.000615739,-0.001062145,0.001840856,,novatel_oem7_msgs.msg.InertialSolutionStatus(status=3),
1786043852967921573,1786043852.965509967,/novatel/oem7/fix,/novatel/oem7/fix,/novatel/oem7/inspva,39.663,-75.756,-1.799889612,0.001227716,0.001840856,-0.000615739,-0.001062145,0.001840856,,0,
1786043852978130596,1786043852.966288954,/novatel/oem7/odom,/novatel/oem7/fix,/novatel/oem7/odom,39.663,-75.756,-1.799889612,0.001236396,0.001835037,-0.001100393,-0.000563745,0.001835037,,,
1786043852979993281,1786043852.975018756,/novatel/oem7/odom,/novatel/oem7/fix,/novatel/oem7/odom,39.663,-75.756,-1.799889612,0.001236396,0.001835037,-0.001100393,-0.000563745,0.001835037,,,
1786043852986158509,1786043852.985396316,/novatel/oem7/inspva,/novatel/oem7/inspva,/novatel/oem7/inspva,39.663,-75.756,-1.799874352,0.001333368,0.001721275,-0.000680543,-0.001146618,0.001721275,,novatel_oem7_msgs.msg.InertialSolutionStatus(status=3),
1786043852987911757,1786043852.985627998,/novatel/oem7/fix,/novatel/oem7/fix,/novatel/oem7/inspva,39.663,-75.756,-1.799874352,0.001333368,0.001721275,-0.000680543,-0.001146618,0.001721275,,0,
1786043852989317911,1786043852.986252093,/novatel/oem7/odom,/novatel/oem7/fix,/novatel/oem7/odom,39.663,-75.756,-1.799874352,0.001341484,0.001714957,-0.001187657,-0.000623740,0.001714957,,,
1786043852995254441,1786043852.994354672,/novatel/oem7/odom,/novatel/oem7/fix,/novatel/oem7/odom,39.663,-75.756,-1.799874352,0.001341484,0.001714957,-0.001187657,-0.000623740,0.001714957,,,
1786043853011058615,1786043853.010043194,/novatel/oem7/inspva,/novatel/oem7/inspva,/novatel/oem7/inspva,39.663,-75.756,-1.799852959,0.001267306,0.001573051,-0.000732621,-0.001034085,0.001573051,,novatel_oem7_msgs.msg.InertialSolutionStatus(status=3),
1786043853012871167,1786043853.010262050,/novatel/oem7/fix,/novatel/oem7/fix,/novatel/oem7/inspva,39.663,-75.756,-1.799852959,0.001267306,0.001573051,-0.000732621,-0.001034085,0.001573051,,0,
1786043853014298438,1786043853.011795272,/novatel/oem7/odom,/novatel/oem7/fix,/novatel/oem7/odom,39.663,-75.756,-1.799852959,0.001274739,0.001567033,-0.001077417,-0.000681273,0.001567033,,,
1786043853017507694,1786043853.016650482,/novatel/oem7/odom,/novatel/oem7/fix,/novatel/oem7/odom,39.663,-75.756,-1.799852959,0.001274739,0.001567033,-0.001077417,-0.000681273,0.001567033,,,
1786043853026373757,1786043853.025547386,/novatel/oem7/bestpos,/novatel/oem7/bestpos,/novatel/oem7/odom,39.663,-75.756,33.182483957,0.001274739,0.001567033,-0.001077417,-0.000681273,0.001567033,,novatel_oem7_msgs.msg.SolutionStatus(status=0),novatel_oem7_msgs.msg.PositionOrVelocityType(type=53)
1786043853028328884,1786043853.026622133,/novatel/oem7/bestvel,/novatel/oem7/bestpos,/novatel/oem7/bestvel,39.663,-75.756,33.182483957,0.001170091,0.001523368,,,,219.184283163,novatel_oem7_msgs.msg.SolutionStatus(status=0),novatel_oem7_msgs.msg.PositionOrVelocityType(type=53)
1786043853029533586,1786043853.027174869,/novatel/oem7/inspva,/novatel/oem7/inspva,/novatel/oem7/inspva,39.663,-75.756,-1.799832420,0.001258488,0.001594541,-0.000742163,-0.001016359,0.001594541,,novatel_oem7_msgs.msg.InertialSolutionStatus(status=3),
1786043853030776342,1786043853.027477819,/novatel/oem7/fix,/novatel/oem7/fix,/novatel/oem7/inspva,39.663,-75.756,-1.799832420,0.001258488,0.001594541,-0.000742163,-0.001016359,0.001594541,,0,
1786043853032721982,1786043853.028162775,/novatel/oem7/odom,/novatel/oem7/fix,/novatel/oem7/odom,39.663,-75.756,-1.799832420,0.001266013,0.001588573,-0.001060284,-0.000691799,0.001588573,,,
1786043853035125266,1786043853.034430586,/novatel/oem7/odom,/novatel/oem7/fix,/novatel/oem7/odom,39.663,-75.756,-1.799832420,0.001266013,0.001588573,-0.001060284,-0.000691799,0.001588573,,,
1786043853048903553,1786043853.046607741,/novatel/oem7/inspva,/novatel/oem7/inspva,/novatel/oem7/inspva,39.663,-75.756,-1.799835490,0.001656574,0.001743264,-0.000697367,-0.001502637,0.001743264,,novatel_oem7_msgs.msg.InertialSolutionStatus(status=3),
1786043853050453449,1786043853.046909539,/novatel/oem7/fix,/novatel/oem7/fix,/novatel/oem7/inspva,39.663,-75.756,-1.799835490,0.001656574,0.001743264,-0.000697367,-0.001502637,0.001743264,,0,
1786043853051908424,1786043853.047694521,/novatel/oem7/odom,/novatel/oem7/fix,/novatel/oem7/odom,39.663,-75.756,-1.799835490,0.001664665,0.001735540,-0.001544124,-0.000621926,0.001735540,,,
1786043853057867700,1786043853.056924518,/novatel/oem7/odom,/novatel/oem7/fix,/novatel/oem7/odom,39.663,-75.756,-1.799835490,0.001664665,0.001735540,-0.001544124,-0.000621926,0.001735540,,,
1786043853065689107,1786043853.065091234,/novatel/oem7/inspva,/novatel/oem7/inspva,/novatel/oem7/inspva,39.663,-75.756,-1.799845795,0.001424646,0.001890464,-0.000661269,-0.001261880,0.001890464,,novatel_oem7_msgs.msg.InertialSolutionStatus(status=3),
1786043853067873512,1786043853.065267372,/novatel/oem7/fix,/novatel/oem7/fix,/novatel/oem7/inspva,39.663,-75.756,-1.799845795,0.001424646,0.001890464,-0.000661269,-0.001261880,0.001890464,,0,
1786043853069751965,1786043853.065750654,/novatel/oem7/odom,/novatel/oem7/fix,/novatel/oem7/odom,39.663,-75.756,-1.799845795,0.001433490,0.001883767,-0.001302393,-0.000598886,0.001883767,,,
1786043853076677848,1786043853.075815237,/novatel/oem7/odom,/novatel/oem7/fix,/novatel/oem7/odom,39.663,-75.756,-1.799845795,0.001433490,0.001883767,-0.001302393,-0.000598886,0.001883767,,,
1786043853086441198,1786043853.085495241,/novatel/oem7/inspva,/novatel/oem7/inspva,/novatel/oem7/inspva,39.663,-75.756,-1.799852377,0.001136630,0.001561020,-0.000669016,-0.000918883,0.001561020,,novatel_oem7_msgs.msg.InertialSolutionStatus(status=3),
1786043853088227123,1786043853.085822931,/novatel/oem7/fix,/novatel/oem7/fix,/novatel/oem7/inspva,39.663,-75.756,-1.799852377,0.001136630,0.001561020,-0.000669016,-0.000918883,0.001561020,,0,
1786043853089621230,1786043853.086289286,/novatel/oem7/odom,/novatel/oem7/fix,/novatel/oem7/odom,39.663,-75.756,-1.799852377,0.001144015,0.001555616,-0.000958982,-0.000623798,0.001555616,,,
1786043853095583434,1786043853.094717759,/novatel/oem7/odom,/novatel/oem7/fix,/novatel/oem7/odom,39.663,-75.756,-1.799852377,0.001144015,0.001555616,-0.000958982,-0.000623798,0.001555616,,,
1786043853106763174,1786043853.105890213,/novatel/oem7/inspva,/novatel/oem7/inspva,/novatel/oem7/inspva,39.663,-75.756,-1.799863537,0.001318020,0.001434489,-0.000463131,-0.001233972,0.001434489,,novatel_oem7_msgs.msg.InertialSolutionStatus(status=3),
1786043853108317810,1786043853.106043817,/novatel/oem7/fix,/novatel/oem7/fix,/novatel/oem7/inspva,39.663,-75.756,-1.799863537,0.001318020,0.001434489,-0.000463131,-0.001233972,0.001434489,,0,
1786043853109636903,1786043853.106448288,/novatel/oem7/odom,/novatel/oem7/fix,/novatel/oem7/odom,39.663,-75.756,-1.799863537,0.001324589,0.001428426,-0.001262317,-0.000401362,0.001428426,,,
1786043853111660441,1786043853.109003534,/novatel/oem7/bestpos,/novatel/oem7/bestpos,/novatel/oem7/odom,39.663,-75.756,33.182442336,0.001324589,0.001428426,-0.001262317,-0.000401362,0.001428426,,novatel_oem7_msgs.msg.SolutionStatus(status=0),novatel_oem7_msgs.msg.PositionOrVelocityType(type=53)
1786043853112949897,1786043853.109293120,/novatel/oem7/bestvel,/novatel/oem7/bestpos,/novatel/oem7/bestvel,39.663,-75.756,33.182442336,0.001169617,0.001202869,,,,263.698679995,novatel_oem7_msgs.msg.SolutionStatus(status=0),novatel_oem7_msgs.msg.PositionOrVelocityType(type=53)
1786043853115561284,1786043853.114325368,/novatel/oem7/odom,/novatel/oem7/bestpos,/novatel/oem7/odom,39.663,-75.756,33.182442336,0.001324589,0.001428426,-0.001262317,-0.000401362,0.001428426,,,
1786043853126120334,1786043853.125108886,/novatel/oem7/inspva,/novatel/oem7/inspva,/novatel/oem7/inspva,39.663,-75.756,-1.799866420,0.001294979,0.001637747,-0.000930662,-0.000900466,0.001637747,,novatel_oem7_msgs.msg.InertialSolutionStatus(status=3),
1786043853128777738,1786043853.125208312,/novatel/oem7/fix,/novatel/oem7/fix,/novatel/oem7/inspva,39.663,-75.756,-1.799866420,0.001294979,0.001637747,-0.000930662,-0.000900466,0.001637747,,0,
1786043853130461462,1786043853.125773000,/novatel/oem7/odom,/novatel/oem7/fix,/novatel/oem7/odom,39.663,-75.756,-1.799866420,0.001302586,0.001631702,-0.000954596,-0.000886272,0.001631702,,,
1786043853136641078,1786043853.135439554,/novatel/oem7/odom,/novatel/oem7/fix,/novatel/oem7/odom,39.663,-75.756,-1.799866420,0.001302586,0.001631702,-0.000954596,-0.000886272,0.001631702,,,
1786043853145804131,1786043853.144973449,/novatel/oem7/inspva,/novatel/oem7/inspva,/novatel/oem7/inspva,39.663,-75.756,-1.799877383,0.001369478,0.001444752,-0.000795910,-0.001114450,0.001444752,,novatel_oem7_msgs.msg.InertialSolutionStatus(status=3),
1786043853147838178,1786043853.145091212,/novatel/oem7/fix,/novatel/oem7/fix,/novatel/oem7/inspva,39.663,-75.756,-1.799877383,0.001369478,0.001444752,-0.000795910,-0.001114450,0.001444752,,0,
1786043853149410867,1786043853.145456346,/novatel/oem7/odom,/novatel/oem7/fix,/novatel/oem7/odom,39.663,-75.756,-1.799877383,0.001376324,0.001438231,-0.001160470,-0.000739985,0.001438231,,,
1786043853156556137,1786043853.155536183,/novatel/oem7/odom,/novatel/oem7/fix,/novatel/oem7/odom,39.663,-75.756,-1.799877383,0.001376324,0.001438231,-0.001160470,-0.000739985,0.001438231,,,
1786043853167864955,1786043853.166947683,/novatel/oem7/inspva,/novatel/oem7/inspva,/novatel/oem7/inspva,39.663,-75.756,-1.799880178,0.001404461,0.001540387,-0.000562227,-0.001287016,0.001540387,,novatel_oem7_msgs.msg.InertialSolutionStatus(status=3),
1786043853170164791,1786043853.167151795,/novatel/oem7/fix,/novatel/oem7/fix,/novatel/oem7/inspva,39.663,-75.756,-1.799880178,0.001404461,0.001540387,-0.000562227,-0.001287016,0.001540387,,0,
1786043853171810292,1786043853.167575039,/novatel/oem7/odom,/novatel/oem7/fix,/novatel/oem7/odom,39.663,-75.756,-1.799880178,0.001411615,0.001533833,-0.001320926,-0.000497807,0.001533833,,,
1786043853175871716,1786043853.174893530,/novatel/oem7/odom,/novatel/oem7/fix,/novatel/oem7/odom,39.663,-75.756,-1.799880178,0.001411615,0.001533833,-0.001320926,-0.000497807,0.001533833,,,
1786043853186081673,1786043853.184916245,/novatel/oem7/inspva,/novatel/oem7/inspva,/novatel/oem7/inspva,39.663,-75.756,-1.799886512,0.001078710,0.001601222,-0.000512734,-0.000949062,0.001601222,,novatel_oem7_msgs.msg.InertialSolutionStatus(status=3),
1786043853188947001,1786043853.185173758,/novatel/oem7/fix,/novatel/oem7/fix,/novatel/oem7/inspva,39.663,-75.756,-1.799886512,0.001078710,0.001601222,-0.000512734,-0.000949062,0.001601222,,0,
1786043853190525963,1786043853.185678099,/novatel/oem7/odom,/novatel/oem7/fix,/novatel/oem7/odom,39.663,-75.756,-1.799886512,0.001086244,0.001596120,-0.000981069,-0.000466294,0.001596120,,,
1786043853196467295,1786043853.195538526,/novatel/oem7/odom,/novatel/oem7/fix,/novatel/oem7/odom,39.663,-75.756,-1.799886512,0.001086244,0.001596120,-0.000981069,-0.000466294,0.001596120,,,
1786043853207040319,1786043853.206519581,/novatel/oem7/inspva,/novatel/oem7/inspva,/novatel/oem7/inspva,39.663,-75.756,-1.799885415,0.000837772,0.001683058,-0.000316425,-0.000775717,0.001683058,,novatel_oem7_msgs.msg.InertialSolutionStatus(status=3),
1786043853208357244,1786043853.206696113,/novatel/oem7/fix,/novatel/oem7/fix,/novatel/oem7/inspva,39.663,-75.756,-1.799885415,0.000837772,0.001683058,-0.000316425,-0.000775717,0.001683058,,0,
1786043853209374654,1786043853.207184221,/novatel/oem7/odom,/novatel/oem7/fix,/novatel/oem7/odom,39.663,-75.756,-1.799885415,0.000845550,0.001679163,-0.000797998,-0.000279563,0.001679163,,,
1786043853210888495,1786043853.210202421,/novatel/oem7/bestpos,/novatel/oem7/bestpos,/novatel/oem7/odom,39.663,-75.756,33.182414870,0.000845550,0.001679163,-0.000797998,-0.000279563,0.001679163,,novatel_oem7_msgs.msg.SolutionStatus(status=0),novatel_oem7_msgs.msg.PositionOrVelocityType(type=53)
1786043853212234989,1786043853.210659623,/novatel/oem7/bestvel,/novatel/oem7/bestpos,/novatel/oem7/bestvel,39.663,-75.756,33.182414870,0.000829238,0.001663104,,,,250.487254752,novatel_oem7_msgs.msg.SolutionStatus(status=0),novatel_oem7_msgs.msg.PositionOrVelocityType(type=53)
1786043853215414978,1786043853.214799463,/novatel/oem7/odom,/novatel/oem7/bestpos,/novatel/oem7/odom,39.663,-75.756,33.182414870,0.000845550,0.001679163,-0.000797998,-0.000279563,0.001679163,,,
1786043853227036056,1786043853.226130868,/novatel/oem7/inspva,/novatel/oem7/inspva,/novatel/oem7/inspva,39.663,-75.756,-1.799892335,0.001257005,0.001399589,-0.000409624,-0.001188389,0.001399589,,novatel_oem7_msgs.msg.InertialSolutionStatus(status=3),
1786043853229066509,1786043853.226287898,/novatel/oem7/fix,/novatel/oem7/fix,/novatel/oem7/inspva,39.663,-75.756,-1.799892335,0.001257005,0.001399589,-0.000409624,-0.001188389,0.001399589,,0,
1786043853230581013,1786043853.226726330,/novatel/oem7/odom,/novatel/oem7/fix,/novatel/oem7/odom,39.663,-75.756,-1.799892335,0.001263373,0.001393843,-0.001213855,-0.000350239,0.001393843,,,
1786043853235318401,1786043853.234502980,/novatel/oem7/odom,/novatel/oem7/fix,/novatel/oem7/odom,39.663,-75.756,-1.799892335,0.001263373,0.001393843,-0.001213855,-0.000350239,0.001393843,,,
1786043853245934326,1786043853.245316132,/novatel/oem7/inspva,/novatel/oem7/inspva,/novatel/oem7/inspva,39.663,-75.756,-1.799887368,0.000840353,0.001808460,-0.000374722,-0.000752181,0.001808460,,novatel_oem7_msgs.msg.InertialSolutionStatus(status=3),
1786043853247374049,1786043853.245437374,/novatel/oem7/fix,/novatel/oem7/fix,/novatel/oem7/inspva,39.663,-75.756,-1.799887368,0.000840353,0.001808460,-0.000374722,-0.000752181,0.001808460,,0,
1786043853248354630,1786043853.246086023,/novatel/oem7/odom,/novatel/oem7/fix,/novatel/oem7/odom,39.663,-75.756,-1.799887368,0.000848811,0.001804505,-0.000778039,-0.000339315,0.001804505,,,
1786043853257385959,1786043853.256642822,/novatel/oem7/odom,/novatel/oem7/fix,/novatel/oem7/odom,39.663,-75.756,-1.799887368,0.000848811,0.001804505,-0.000778039,-0.000339315,0.001804505,,,
1786043853266053122,1786043853.265054246,/novatel/oem7/inspva,/novatel/oem7/inspva,/novatel/oem7/inspva,39.663,-75.756,-1.799890342,0.001146058,0.001669808,-0.000764226,-0.000854053,0.001669808,,novatel_oem7_msgs.msg.InertialSolutionStatus(status=3),
1786043853268125497,1786043853.265244625,/novatel/oem7/fix,/novatel/oem7/fix,/novatel/oem7/inspva,39.663,-75.756,-1.799890342,0.001146058,0.001669808,-0.000764226,-0.000854053,0.001669808,,0,
1786043853269648827,1786043853.265662985,/novatel/oem7/odom,/novatel/oem7/fix,/novatel/oem7/odom,39.663,-75.756,-1.799890342,0.001153925,0.001664381,-0.000899675,-0.000722583,0.001664381,,,
1786043853275205737,1786043853.274403993,/novatel/oem7/odom,/novatel/oem7/fix,/novatel/oem7/odom,39.663,-75.756,-1.799890342,0.001153925,0.001664381,-0.000899675,-0.000722583,0.001664381,,,
1786043853287434479,1786043853.286640759,/novatel/oem7/inspva,/novatel/oem7/inspva,/novatel/oem7/inspva,39.663,-75.756,-1.799884605,0.000576834,0.001790797,-0.000261169,-0.000514323,0.001790797,,novatel_oem7_msgs.msg.InertialSolutionStatus(status=3),
1786043853289117996,1786043853.286860381,/novatel/oem7/fix,/novatel/oem7/fix,/novatel/oem7/inspva,39.663,-75.756,-1.799884605,0.000576834,0.001790797,-0.000261169,-0.000514323,0.001790797,,0,
1786043853290074651,1786043853.287748920,/novatel/oem7/odom,/novatel/oem7/fix,/novatel/oem7/odom,39.663,-75.756,-1.799884605,0.000585243,0.001788067,-0.000534501,-0.000238364,0.001788067,,,
1786043853295905291,1786043853.295191673,/novatel/oem7/odom,/novatel/oem7/fix,/novatel/oem7/odom,39.663,-75.756,-1.799884605,0.000585243,0.001788067,-0.000534501,-0.000238364,0.001788067,,,
1786043853306875579,1786043853.305869584,/novatel/oem7/inspva,/novatel/oem7/inspva,/novatel/oem7/inspva,39.663,-75.756,-1.799885006,0.001046513,0.001883664,-0.000606134,-0.000853107,0.001883664,,novatel_oem7_msgs.msg.InertialSolutionStatus(status=3),
1786043853308843388,1786043853.306165087,/novatel/oem7/fix,/novatel/oem7/fix,/novatel/oem7/inspva,39.663,-75.756,-1.799885006,0.001046513,0.001883664,-0.000606134,-0.000853107,0.001883664,,0,
1786043853310357066,1786043853.306478020,/novatel/oem7/odom,/novatel/oem7/fix,/novatel/oem7/odom,39.663,-75.756,-1.799885006,0.001055468,0.001878661,-0.000891316,-0.000565304,0.001878661,,,
1786043853312308606,1786043853.309568645,/novatel/oem7/bestpos,/novatel/oem7/bestpos,/novatel/oem7/odom,39.663,-75.756,33.182413788,0.001055468,0.001878661,-0.000891316,-0.000565304,0.001878661,,novatel_oem7_msgs.msg.SolutionStatus(status=0),novatel_oem7_msgs.msg.PositionOrVelocityType(type=53)
1786043853313561162,1786043853.310283452,/novatel/oem7/bestvel,/novatel/oem7/bestpos,/novatel/oem7/bestvel,39.663,-75.756,33.182413788,0.000896185,0.001788553,,,,220.863686328,novatel_oem7_msgs.msg.SolutionStatus(status=0),novatel_oem7_msgs.msg.PositionOrVelocityType(type=53)
1786043853316465748,1786043853.315544255,/novatel/oem7/odom,/novatel/oem7/bestpos,/novatel/oem7/odom,39.663,-75.756,33.182413788,0.001055468,0.001878661,-0.000891316,-0.000565304,0.001878661,,,
1786043853325804174,1786043853.325262717,/novatel/oem7/inspva,/novatel/oem7/inspva,/novatel/oem7/inspva,39.663,-75.756,-1.799878614,0.000611467,0.001710508,-0.000269158,-0.000549041,0.001710508,,novatel_oem7_msgs.msg.InertialSolutionStatus(status=3),
1786043853327145396,1786043853.325442113,/novatel/oem7/fix,/novatel/oem7/fix,/novatel/oem7/inspva,39.663,-75.756,-1.799878614,0.000611467,0.001710508,-0.000269158,-0.000549041,0.001710508,,0,
1786043853328147539,1786043853.325902240,/novatel/oem7/odom,/novatel/oem7/fix,/novatel/oem7/odom,39.663,-75.756,-1.799878614,0.000619474,0.001707625,-0.000569258,-0.000244321,0.001707625,,,
1786043853335813862,1786043853.334921922,/novatel/oem7/odom,/novatel/oem7/fix,/novatel/oem7/odom,39.663,-75.756,-1.799878614,0.000619474,0.001707625,-0.000569258,-0.000244321,0.001707625,,,
1786043853346953428,1786043853.346015315,/novatel/oem7/inspva,/novatel/oem7/inspva,/novatel/oem7/inspva,39.663,-75.756,-1.799873448,0.001008764,0.002206707,-0.000621602,-0.000794491,0.002206707,,novatel_oem7_msgs.msg.InertialSolutionStatus(status=3),
1786043853349139834,1786043853.346298601,/novatel/oem7/fix,/novatel/oem7/fix,/novatel/oem7/inspva,39.663,-75.756,-1.799873448,0.001008764,0.002206707,-0.000621602,-0.000794491,0.002206707,,0,
1786043853350873275,1786043853.346693135,/novatel/oem7/odom,/novatel/oem7/fix,/novatel/oem7/odom,39.663,-75.756,-1.799873448,0.001019259,0.002201879,-0.000834897,-0.000584668,0.002201879,,,
1786043853356942569,1786043853.356048540,/novatel/oem7/odom,/novatel/oem7/fix,/novatel/oem7/odom,39.663,-75.756,-1.799873448,0.001019259,0.002201879,-0.000834897,-0.000584668,0.002201879,,,
1786043853366134243,1786043853.365347998,/novatel/oem7/inspva,/novatel/oem7/inspva,/novatel/oem7/inspva,39.663,-75.756,-1.799869063,0.000723082,0.001662831,-0.000644153,-0.000328504,0.001662831,,novatel_oem7_msgs.msg.InertialSolutionStatus(status=3),
1786043853367793736,1786043853.365573347,/novatel/oem7/fix,/novatel/oem7/fix,/novatel/oem7/inspva,39.663,-75.756,-1.799869063,0.000723082,0.001662831,-0.000644153,-0.000328504,0.001662831,,0,
1786043853368989642,1786043853.366129822,/novatel/oem7/odom,/novatel/oem7/fix,/novatel/oem7/odom,39.663,-75.756,-1.799869063,0.000730102,0.001659761,-0.000368547,-0.000630255,0.001659761,,,
1786043853376409481,1786043853.375509752,/novatel/oem7/odom,/novatel/oem7/fix,/novatel/oem7/odom,39.663,-75.756,-1.799869063,0.000730102,0.001659761,-0.000368547,-0.000630255,0.001659761,,,
1786043853385857490,1786043853.385068019,/novatel/oem7/inspva,/novatel/oem7/inspva,/novatel/oem7/inspva,39.663,-75.756,-1.799863894,0.000947788,0.001926904,-0.000815075,-0.000483689,0.001926904,,novatel_oem7_msgs.msg.InertialSolutionStatus(status=3),
1786043853387725646,1786043853.385266917,/novatel/oem7/fix,/novatel/oem7/fix,/novatel/oem7/inspva,39.663,-75.756,-1.799863894,0.000947788,0.001926904,-0.000815075,-0.000483689,0.001926904,,0,
1786043853389163630,1786043853.385621127,/novatel/oem7/odom,/novatel/oem7/fix,/novatel/oem7/odom,39.663,-75.756,-1.799863894,0.000956181,0.001922753,-0.000533568,-0.000793466,0.001922753,,,
1786043853395197035,1786043853.394359866,/novatel/oem7/odom,/novatel/oem7/fix,/novatel/oem7/odom,39.663,-75.756,-1.799863894,0.000956181,0.001922753,-0.000533568,-0.000793466,0.001922753,,,
1786043853407568870,1786043853.406496337,/novatel/oem7/inspva,/novatel/oem7/inspva,/novatel/oem7/inspva,39.663,-75.756,-1.799853225,0.000851425,0.002142294,-0.000669838,-0.000525587,0.002142294,,novatel_oem7_msgs.msg.InertialSolutionStatus(status=3),
1786043853409670832,1786043853.406744959,/novatel/oem7/fix,/novatel/oem7/fix,/novatel/oem7/inspva,39.663,-75.756,-1.799853225,0.000851425,0.002142294,-0.000669838,-0.000525587,0.002142294,,0,
1786043853411467273,1786043853.407038478,/novatel/oem7/odom,/novatel/oem7/fix,/novatel/oem7/odom,39.663,-75.756,-1.799853225,0.000861216,0.002138377,-0.000568652,-0.000646783,0.002138377,,,
1786043853413602109,1786043853.410301968,/novatel/oem7/bestpos,/novatel/oem7/bestpos,/novatel/oem7/odom,39.663,-75.756,33.182441861,0.000861216,0.002138377,-0.000568652,-0.000646783,0.002138377,,novatel_oem7_msgs.msg.SolutionStatus(status=0),novatel_oem7_msgs.msg.PositionOrVelocityType(type=53)
1786043853415035289,1786043853.410797773,/novatel/oem7/bestvel,/novatel/oem7/bestpos,/novatel/oem7/bestvel,39.663,-75.756,33.182441861,0.000912652,0.002173015,,,,208.472172748,novatel_oem7_msgs.msg.SolutionStatus(status=0),novatel_oem7_msgs.msg.PositionOrVelocityType(type=53)
1786043853417111104,1786043853.414686616,/novatel/oem7/odom,/novatel/oem7/bestpos,/novatel/oem7/odom,39.663,-75.756,33.182441861,0.000861216,0.002138377,-0.000568652,-0.000646783,0.002138377,,,
1786043853425456275,1786043853.424930610,/novatel/oem7/inspva,/novatel/oem7/inspva,/novatel/oem7/inspva,39.663,-75.756,-1.799850067,0.000867474,0.002041458,-0.000632057,-0.000594151,0.002041458,,novatel_oem7_msgs.msg.InertialSolutionStatus(status=3),
1786043853426753099,1786043853.425104862,/novatel/oem7/fix,/novatel/oem7/fix,/novatel/oem7/inspva,39.663,-75.756,-1.799850067,0.000867474,0.002041458,-0.000632057,-0.000594151,0.002041458,,0,
1786043853427874054,1786043853.425526233,/novatel/oem7/odom,/novatel/oem7/fix,/novatel/oem7/odom,39.663,-75.756,-1.799850067,0.000877004,0.002037382,-0.000634742,-0.000605177,0.002037382,,,
1786043853437121014,1786043853.435824401,/novatel/oem7/odom,/novatel/oem7/fix,/novatel/oem7/odom,39.663,-75.756,-1.799850067,0.000877004,0.002037382,-0.000634742,-0.000605177,0.002037382,,,
1786043853446327754,1786043853.445497039,/novatel/oem7/inspva,/novatel/oem7/inspva,/novatel/oem7/inspva,39.663,-75.756,-1.799841446,0.000527659,0.001876123,-0.000352120,-0.000392983,0.001876123,,novatel_oem7_msgs.msg.InertialSolutionStatus(status=3),
1786043853448336658,1786043853.445805349,/novatel/oem7/fix,/novatel/oem7/fix,/novatel/oem7/inspva,39.663,-75.756,-1.799841446,0.000527659,0.001876123,-0.000352120,-0.000392983,0.001876123,,0,
1786043853450151213,1786043853.446343182,/novatel/oem7/odom,/novatel/oem7/fix,/novatel/oem7/odom,39.663,-75.756,-1.799841446,0.000536529,0.001873605,-0.000418480,-0.000335766,0.001873605,,,
1786043853456862074,1786043853.456256186,/novatel/oem7/odom,/novatel/oem7/fix,/novatel/oem7/odom,39.663,-75.756,-1.799841446,0.000536529,0.001873605,-0.000418480,-0.000335766,0.001873605,,,
1786043853467029061,1786043853.466292400,/novatel/oem7/inspva,/novatel/oem7/inspva,/novatel/oem7/inspva,39.663,-75.756,-1.799838337,0.000652235,0.001829539,-0.000347313,-0.000552073,0.001829539,,novatel_oem7_msgs.msg.InertialSolutionStatus(status=3),
1786043853468677068,1786043853.466555760,/novatel/oem7/fix,/novatel/oem7/fix,/novatel/oem7/inspva,39.663,-75.756,-1.799838337,0.000652235,0.001829539,-0.000347313,-0.000552073,0.001829539,,0,
1786043853469837780,1786043853.466918944,/novatel/oem7/odom,/novatel/oem7/fix,/novatel/oem7/odom,39.663,-75.756,-1.799838337,0.000660929,0.001826416,-0.000576907,-0.000322498,0.001826416,,,
1786043853475352802,1786043853.474686922,/novatel/oem7/odom,/novatel/oem7/fix,/novatel/oem7/odom,39.663,-75.756,-1.799838337,0.000660929,0.001826416,-0.000576907,-0.000322498,0.001826416,,,
1786043853485861146,1786043853.485303357,/novatel/oem7/inspva,/novatel/oem7/inspva,/novatel/oem7/inspva,39.663,-75.756,-1.799829754,0.000785796,0.001929080,-0.000774809,-0.000130944,0.001929080,,novatel_oem7_msgs.msg.InertialSolutionStatus(status=3),
1786043853487208860,1786043853.485497772,/novatel/oem7/fix,/novatel/oem7/fix,/novatel/oem7/inspva,39.663,-75.756,-1.799829754,0.000785796,0.001929080,-0.000774809,-0.000130944,0.001929080,,0,
1786043853488278941,1786043853.486089978,/novatel/oem7/odom,/novatel/oem7/fix,/novatel/oem7/odom,39.663,-75.756,-1.799829754,0.000792334,0.001926404,-0.000179231,-0.000771796,0.001926404,,,
1786043853496329042,1786043853.495493802,/novatel/oem7/odom,/novatel/oem7/fix,/novatel/oem7/odom,39.663,-75.756,-1.799829754,0.000792334,0.001926404,-0.000179231,-0.000771796,0.001926404,,,
1786043853506872306,1786043853.505956960,/novatel/oem7/inspva,/novatel/oem7/inspva,/novatel/oem7/inspva,39.663,-75.756,-1.799829706,0.000481471,0.001734773,-0.000457352,-0.000150477,0.001734773,,novatel_oem7_msgs.msg.InertialSolutionStatus(status=3),
1786043853508985841,1786043853.506188349,/novatel/oem7/fix,/novatel/oem7/fix,/novatel/oem7/inspva,39.663,-75.756,-1.799829706,0.000481471,0.001734773,-0.000457352,-0.000150477,0.001734773,,0,
1786043853510531850,1786043853.506756298,/novatel/oem7/odom,/novatel/oem7/fix,/novatel/oem7/odom,39.663,-75.756,-1.799829706,0.000488158,0.001732903,-0.000181270,-0.000453254,0.001732903,,,
1786043853513239834,1786043853.512373789,/novatel/oem7/bestpos,/novatel/oem7/bestpos,/novatel/oem7/odom,39.663,-75.756,33.182466436,0.000488158,0.001732903,-0.000181270,-0.000453254,0.001732903,,novatel_oem7_msgs.msg.SolutionStatus(status=0),novatel_oem7_msgs.msg.PositionOrVelocityType(type=53)
1786043853515305225,1786043853.512893214,/novatel/oem7/bestvel,/novatel/oem7/bestpos,/novatel/oem7/bestvel,39.663,-75.756,33.182466436,0.000380671,0.001583194,,,,270.830290383,novatel_oem7_msgs.msg.SolutionStatus(status=0),novatel_oem7_msgs.msg.PositionOrVelocityType(type=53)
1786043853516887208,1786043853.514480054,/novatel/oem7/odom,/novatel/oem7/bestpos,/novatel/oem7/odom,39.663,-75.756,33.182466436,0.000488158,0.001732903,-0.000181270,-0.000453254,0.001732903,,,
1786043853526895170,1786043853.526348427,/novatel/oem7/inspva,/novatel/oem7/inspva,/novatel/oem7/inspva,39.663,-75.756,-1.799820420,0.000805059,0.001764170,-0.000446362,-0.000669986,0.001764170,,novatel_oem7_msgs.msg.InertialSolutionStatus(status=3),
1786043853528365261,1786043853.526518629,/novatel/oem7/fix,/novatel/oem7/fix,/novatel/oem7/inspva,39.663,-75.756,-1.799820420,0.000805059,0.001764170,-0.000446362,-0.000669986,0.001764170,,0,
1786043853529499793,1786043853.526917852,/novatel/oem7/odom,/novatel/oem7/fix,/novatel/oem7/odom,39.663,-75.756,-1.799820420,0.000813457,0.001760313,-0.000699593,-0.000415068,0.001760313,,,
1786043853536406183,1786043853.535196680,/novatel/oem7/odom,/novatel/oem7/fix,/novatel/oem7/odom,39.663,-75.756,-1.799820420,0.000813457,0.001760313,-0.000699593,-0.000415068,0.001760313,,,
1786043853545775582,1786043853.544898189,/novatel/oem7/inspva,/novatel/oem7/inspva,/novatel/oem7/inspva,39.663,-75.756,-1.799818944,0.000574914,0.001684033,-0.000078208,-0.000569570,0.001684033,,novatel_oem7_msgs.msg.InertialSolutionStatus(status=3),
1786043853547834446,1786043853.545168549,/novatel/oem7/fix,/novatel/oem7/fix,/novatel/oem7/inspva,39.663,-75.756,-1.799818944,0.000574914,0.001684033,-0.000078208,-0.000569570,0.001684033,,0,
1786043853549441199,1786043853.545611621,/novatel/oem7/odom,/novatel/oem7/fix,/novatel/oem7/odom,39.663,-75.756,-1.799818944,0.000582046,0.001681582,-0.000579675,-0.000052491,0.001681582,,,
1786043853556483151,1786043853.555660105,/novatel/oem7/odom,/novatel/oem7/fix,/novatel/oem7/odom,39.663,-75.756,-1.799818944,0.000582046,0.001681582,-0.000579675,-0.000052491,0.001681582,,,
1786043853567219193,1786043853.565383191,/novatel/oem7/inspva,/novatel/oem7/inspva,/novatel/oem7/inspva,39.663,-75.756,-1.799809825,0.000843723,0.001784160,-0.000411044,-0.000736825,0.001784160,,novatel_oem7_msgs.msg.InertialSolutionStatus(status=3),
1786043853568512019,1786043853.565759388,/novatel/oem7/fix,/novatel/oem7/fix,/novatel/oem7/inspva,39.663,-75.756,-1.799809825,0.000843723,0.001784160,-0.000411044,-0.000736825,0.001784160,,0,
1786043853570586917,1786043853.566397708,/novatel/oem7/odom,/novatel/oem7/fix,/novatel/oem7/odom,39.663,-75.756,-1.799809825,0.000852188,0.001780133,-0.000764585,-0.000376342,0.001780133,,,
1786043853575589898,1786043853.574624118,/novatel/oem7/odom,/novatel/oem7/fix,/novatel/oem7/odom,39.663,-75.756,-1.799809825,0.000852188,0.001780133,-0.000764585,-0.000376342,0.001780133,,,
1786043853586617600,1786043853.585867272,/novatel/oem7/inspva,/novatel/oem7/inspva,/novatel/oem7/inspva,39.663,-75.756,-1.799807077,0.000694384,0.001607736,0.000033514,-0.000693575,0.001607736,,novatel_oem7_msgs.msg.InertialSolutionStatus(status=3),
1786043853588217659,1786043853.586129508,/novatel/oem7/fix,/novatel/oem7/fix,/novatel/oem7/inspva,39.663,-75.756,-1.799807077,0.000694384,0.001607736,0.000033514,-0.000693575,0.001607736,,0,
1786043853589261347,1786043853.586474089,/novatel/oem7/odom,/novatel/oem7/fix,/novatel/oem7/odom,39.663,-75.756,-1.799807077,0.000700427,0.001605113,-0.000697330,0.000065794,0.001605113,,,
1786043853595463923,1786043853.594582838,/novatel/oem7/odom,/novatel/oem7/fix,/novatel/oem7/odom,39.663,-75.756,-1.799807077,0.000700427,0.001605113,-0.000697330,0.000065794,0.001605113,,,
1786043853607510115,1786043853.606415411,/novatel/oem7/inspva,/novatel/oem7/inspva,/novatel/oem7/inspva,39.663,-75.756,-1.799796481,0.001034705,0.001722418,-0.000454608,-0.000929487,0.001722418,,novatel_oem7_msgs.msg.InertialSolutionStatus(status=3),
1786043853609712218,1786043853.606722927,/novatel/oem7/fix,/novatel/oem7/fix,/novatel/oem7/inspva,39.663,-75.756,-1.799796481,0.001034705,0.001722418,-0.000454608,-0.000929487,0.001722418,,0,
1786043853611260210,1786043853.607101251,/novatel/oem7/odom,/novatel/oem7/fix,/novatel/oem7/odom,39.663,-75.756,-1.799796481,0.001042812,0.001717522,-0.000959029,-0.000409535,0.001717522,,,
1786043853613532283,1786043853.610064428,/novatel/oem7/bestpos,/novatel/oem7/bestpos,/novatel/oem7/odom,39.663,-75.756,33.182499235,0.001042812,0.001717522,-0.000959029,-0.000409535,0.001717522,,novatel_oem7_msgs.msg.SolutionStatus(status=0),novatel_oem7_msgs.msg.PositionOrVelocityType(type=53)
1786043853615050879,1786043853.610491049,/novatel/oem7/bestvel,/novatel/oem7/bestpos,/novatel/oem7/bestvel,39.663,-75.756,33.182499235,0.001082244,0.001714531,,,,250.502907580,novatel_oem7_msgs.msg.SolutionStatus(status=0),novatel_oem7_msgs.msg.PositionOrVelocityType(type=53)
1786043853617213688,1786043853.615389162,/novatel/oem7/odom,/novatel/oem7/bestpos,/novatel/oem7/odom,39.663,-75.756,33.182499235,0.001042812,0.001717522,-0.000959029,-0.000409535,0.001717522,,,
1786043853625722917,1786043853.625205405,/novatel/oem7/inspva,/novatel/oem7/inspva,/novatel/oem7/inspva,39.663,-75.756,-1.799793254,0.000644667,0.001861935,0.000055924,-0.000642237,0.001861935,,novatel_oem7_msgs.msg.InertialSolutionStatus(status=3),
1786043853627048224,1786043853.625369050,/novatel/oem7/fix,/novatel/oem7/fix,/novatel/oem7/inspva,39.663,-75.756,-1.799793254,0.000644667,0.001861935,0.000055924,-0.000642237,0.001861935,,0,
1786043853628202942,1786043853.625768886,/novatel/oem7/odom,/novatel/oem7/fix,/novatel/oem7/odom,39.663,-75.756,-1.799793254,0.000651469,0.001859566,-0.000645923,0.000084825,0.001859566,,,
1786043853635948381,1786043853.634621951,/novatel/oem7/odom,/novatel/oem7/fix,/novatel/oem7/odom,39.663,-75.756,-1.799793254,0.000651469,0.001859566,-0.000645923,0.000084825,0.001859566,,,
1786043853647120031,1786043853.646250093,/novatel/oem7/inspva,/novatel/oem7/inspva,/novatel/oem7/inspva,39.663,-75.756,-1.799788641,0.001060438,0.001179088,-0.000381607,-0.000989397,0.001179088,,novatel_oem7_msgs.msg.InertialSolutionStatus(status=3),
1786043853649234789,1786043853.646535732,/novatel/oem7/fix,/novatel/oem7/fix,/novatel/oem7/inspva,39.663,-75.756,-1.799788641,0.001060438,0.001179088,-0.000381607,-0.000989397,0.001179088,,0,
1786043853650897506,1786043853.647036938,/novatel/oem7/odom,/novatel/oem7/fix,/novatel/oem7/odom,39.663,-75.756,-1.799788641,0.001065907,0.001174147,-0.001012853,-0.000332093,0.001174147,,,
1786043853657394572,1786043853.656759099,/novatel/oem7/odom,/novatel/oem7/fix,/novatel/oem7/odom,39.663,-75.756,-1.799788641,0.001065907,0.001174147,-0.001012853,-0.000332093,0.001174147,,,
1786043853665976139,1786043853.664913462,/novatel/oem7/inspva,/novatel/oem7/inspva,/novatel/oem7/inspva,39.663,-75.756,-1.799783913,0.000904359,0.001198563,0.000314742,-0.000847822,0.001198563,,novatel_oem7_msgs.msg.InertialSolutionStatus(status=3),
1786043853667929103,1786043853.665205598,/novatel/oem7/fix,/novatel/oem7/fix,/novatel/oem7/inspva,39.663,-75.756,-1.799783913,0.000904359,0.001198563,0.000314742,-0.000847822,0.001198563,,0,
1786043853669731331,1786043853.665711967,/novatel/oem7/odom,/novatel/oem7/fix,/novatel/oem7/odom,39.663,-75.756,-1.799783913,0.000907602,0.001196109,-0.000834959,0.000355788,0.001196109,,,
1786043853676320851,1786043853.675440229,/novatel/oem7/odom,/novatel/oem7/fix,/novatel/oem7/odom,39.663,-75.756,-1.799783913,0.000907602,0.001196109,-0.000834959,0.000355788,0.001196109,,,
1786043853686610486,1786043853.685863455,/novatel/oem7/inspva,/novatel/oem7/inspva,/novatel/oem7/inspva,39.663,-75.756,-1.799771859,0.000927689,0.001730112,-0.000045150,-0.000926590,0.001730112,,novatel_oem7_msgs.msg.InertialSolutionStatus(status=3),
1786043853688087154,1786043853.686076900,/novatel/oem7/fix,/novatel/oem7/fix,/novatel/oem7/inspva,39.663,-75.756,-1.799771859,0.000927689,0.001730112,-0.000045150,-0.000926590,0.001730112,,0,
1786043853689121054,1786043853.686639743,/novatel/oem7/odom,/novatel/oem7/fix,/novatel/oem7/odom,39.663,-75.756,-1.799771859,0.000934714,0.001726328,-0.000934713,-0.000000831,0.001726328,,,
1786043853695547177,1786043853.694814369,/novatel/oem7/odom,/novatel/oem7/fix,/novatel/oem7/odom,39.663,-75.756,-1.799771859,0.000934714,0.001726328,-0.000934713,-0.000000831,0.001726328,,,
1786043853706458121,1786043853.705826331,/novatel/oem7/inspva,/novatel/oem7/inspva,/novatel/oem7/inspva,39.663,-75.756,-1.799773235,0.000878626,0.001279080,0.000401318,-0.000781618,0.001279080,,novatel_oem7_msgs.msg.InertialSolutionStatus(status=3),
1786043853707875942,1786043853.706023503,/novatel/oem7/fix,/novatel/oem7/fix,/novatel/oem7/inspva,39.663,-75.756,-1.799773235,0.000878626,0.001279080,0.000401318,-0.000781618,0.001279080,,0,
1786043853708942746,1786043853.706417510,/novatel/oem7/odom,/novatel/oem7/fix,/novatel/oem7/odom,39.663,-75.756,-1.799773235,0.000881474,0.001277118,-0.000764642,0.000438543,0.001277118,,,
1786043853710483048,1786043853.709157432,/novatel/oem7/bestpos,/novatel/oem7/bestpos,/novatel/oem7/odom,39.663,-75.756,33.182501045,0.000881474,0.001277118,-0.000764642,0.000438543,0.001277118,,novatel_oem7_msgs.msg.SolutionStatus(status=0),novatel_oem7_msgs.msg.PositionOrVelocityType(type=53)
1786043853711397081,1786043853.709503148,/novatel/oem7/bestvel,/novatel/oem7/bestpos,/novatel/oem7/bestvel,39.663,-75.756,33.182501045,0.001075612,0.000982648,,,,320.273165881,novatel_oem7_msgs.msg.SolutionStatus(status=0),novatel_oem7_msgs.msg.PositionOrVelocityType(type=53)
1786043853715304700,1786043853.714650244,/novatel/oem7/odom,/novatel/oem7/bestpos,/novatel/oem7/odom,39.663,-75.756,33.182501045,0.000881474,0.001277118,-0.000764642,0.000438543,0.001277118,,,
1786043853726043056,1786043853.725365063,/novatel/oem7/inspva,/novatel/oem7/inspva,/novatel/oem7/inspva,39.663,-75.756,-1.799762920,0.000738765,0.001411308,-0.000294003,-0.000677743,0.001411308,,novatel_oem7_msgs.msg.InertialSolutionStatus(status=3),
1786043853727646650,1786043853.725567082,/novatel/oem7/fix,/novatel/oem7/fix,/novatel/oem7/inspva,39.663,-75.756,-1.799762920,0.000738765,0.001411308,-0.000294003,-0.000677743,0.001411308,,0,
1786043853728829768,1786043853.726121190,/novatel/oem7/odom,/novatel/oem7/fix,/novatel/oem7/odom,39.663,-75.756,-1.799762920,0.000745397,0.001407816,-0.000697979,-0.000261613,0.001407816,,,
1786043853736836043,1786043853.735588893,/novatel/oem7/odom,/novatel/oem7/fix,/novatel/oem7/odom,39.663,-75.756,-1.799762920,0.000745397,0.001407816,-0.000697979,-0.000261613,0.001407816,,,
1786043853746223905,1786043853.745232895,/novatel/oem7/inspva,/novatel/oem7/inspva,/novatel/oem7/inspva,39.663,-75.756,-1.799760750,0.000492298,0.001323048,0.000237896,-0.000431002,0.001323048,,novatel_oem7_msgs.msg.InertialSolutionStatus(status=3),
1786043853748310286,1786043853.745482131,/novatel/oem7/fix,/novatel/oem7/fix,/novatel/oem7/inspva,39.663,-75.756,-1.799760750,0.000492298,0.001323048,0.000237896,-0.000431002,0.001323048,,0,
1786043853749947999,1786043853.746107417,/novatel/oem7/odom,/novatel/oem7/fix,/novatel/oem7/odom,39.663,-75.756,-1.799760750,0.000495075,0.001322011,-0.000423262,0.000256804,0.001322011,,,
1786043853756373925,1786043853.755691148,/novatel/oem7/odom,/novatel/oem7/fix,/novatel/oem7/odom,39.663,-75.756,-1.799760750,0.000495075,0.001322011,-0.000423262,0.000256804,0.001322011,,,
1786043853767209275,1786043853.766246572,/novatel/oem7/inspva,/novatel/oem7/inspva,/novatel/oem7/inspva,39.663,-75.756,-1.799756681,0.000769961,0.000857859,0.000042298,-0.000768798,0.000857859,,novatel_oem7_msgs.msg.InertialSolutionStatus(status=3),
1786043853769553379,1786043853.766522601,/novatel/oem7/fix,/novatel/oem7/fix,/novatel/oem7/inspva,39.663,-75.756,-1.799756681,0.000769961,0.000857859,0.000042298,-0.000768798,0.000857859,,0,
1786043853771075331,1786043853.767036276,/novatel/oem7/odom,/novatel/oem7/fix,/novatel/oem7/odom,39.663,-75.756,-1.799756681,0.000773181,0.000854958,-0.000768986,0.000080435,0.000854958,,,
1786043853776365351,1786043853.775380425,/novatel/oem7/odom,/novatel/oem7/fix,/novatel/oem7/odom,39.663,-75.756,-1.799756681,0.000773181,0.000854958,-0.000768986,0.000080435,0.000854958,,,
1786043853785844421,1786043853.784856221,/novatel/oem7/inspva,/novatel/oem7/inspva,/novatel/oem7/inspva,39.663,-75.756,-1.799755138,0.000653614,0.000782444,0.000267361,-0.000596430,0.000782444,,novatel_oem7_msgs.msg.InertialSolutionStatus(status=3),
1786043853787473674,1786043853.785057519,/novatel/oem7/fix,/novatel/oem7/fix,/novatel/oem7/inspva,39.663,-75.756,-1.799755138,0.000653614,0.000782444,0.000267361,-0.000596430,0.000782444,,0,
1786043853788511451,1786043853.785569458,/novatel/oem7/odom,/novatel/oem7/fix,/novatel/oem7/odom,39.663,-75.756,-1.799755138,0.000655515,0.000780852,-0.000584719,0.000296316,0.000780852,,,
1786043853796464329,1786043853.795516329,/novatel/oem7/odom,/novatel/oem7/fix,/novatel/oem7/odom,39.663,-75.756,-1.799755138,0.000655515,0.000780852,-0.000584719,0.000296316,0.000780852,,,
1786043853807335596,1786043853.806665576,/novatel/oem7/inspva,/novatel/oem7/inspva,/novatel/oem7/inspva,39.663,-75.756,-1.799744703,0.000878571,0.001340550,0.000135468,-0.000868064,0.001340550,,novatel_oem7_msgs.msg.InertialSolutionStatus(status=3),
1786043853808915302,1786043853.806888851,/novatel/oem7/fix,/novatel/oem7/fix,/novatel/oem7/inspva,39.663,-75.756,-1.799744703,0.000878571,0.001340550,0.000135468,-0.000868064,0.001340550,,0,
1786043853810032870,1786043853.807380636,/novatel/oem7/odom,/novatel/oem7/fix,/novatel/oem7/odom,39.663,-75.756,-1.799744703,0.000883188,0.001337513,-0.000865176,0.000177458,0.001337513,,,
1786043853811569455,1786043853.810185681,/novatel/oem7/bestpos,/novatel/oem7/bestpos,/novatel/oem7/odom,39.663,-75.756,33.182537887,0.000883188,0.001337513,-0.000865176,0.000177458,0.001337513,,novatel_oem7_msgs.msg.SolutionStatus(status=0),novatel_oem7_msgs.msg.PositionOrVelocityType(type=53)
1786043853812566079,1786043853.810661533,/novatel/oem7/bestvel,/novatel/oem7/bestpos,/novatel/oem7/bestvel,39.663,-75.756,33.182537887,0.000792692,0.001328271,,,,276.232418959,novatel_oem7_msgs.msg.SolutionStatus(status=0),novatel_oem7_msgs.msg.PositionOrVelocityType(type=53)
1786043853815678650,1786043853.814898522,/novatel/oem7/odom,/novatel/oem7/bestpos,/novatel/oem7/odom,39.663,-75.756,33.182537887,0.000883188,0.001337513,-0.000865176,0.000177458,0.001337513,,,
1786043853825526694,1786043853.824953498,/novatel/oem7/inspva,/novatel/oem7/inspva,/novatel/oem7/inspva,39.663,-75.756,-1.799745950,0.000610649,0.001248237,0.000196616,-0.000578130,0.001248237,,novatel_oem7_msgs.msg.InertialSolutionStatus(status=3),
1786043853827178921,1786043853.825123616,/novatel/oem7/fix,/novatel/oem7/fix,/novatel/oem7/inspva,39.663,-75.756,-1.799745950,0.000610649,0.001248237,0.000196616,-0.000578130,0.001248237,,0,
1786043853828234565,1786043853.825415806,/novatel/oem7/odom,/novatel/oem7/fix,/novatel/oem7/odom,39.663,-75.756,-1.799745950,0.000614177,0.001246505,-0.000572069,0.000223495,0.001246505,,,
1786043853835774654,1786043853.834614486,/novatel/oem7/odom,/novatel/oem7/fix,/novatel/oem7/odom,39.663,-75.756,-1.799745950,0.000614177,0.001246505,-0.000572069,0.000223495,0.001246505,,,
1786043853846213357,1786043853.845256628,/novatel/oem7/inspva,/novatel/oem7/inspva,/novatel/oem7/inspva,39.663,-75.756,-1.799740477,0.000817163,0.000903672,0.000367828,-0.000729698,0.000903672,,novatel_oem7_msgs.msg.InertialSolutionStatus(status=3),
1786043853848357116,1786043853.845527314,/novatel/oem7/fix,/novatel/oem7/fix,/novatel/oem7/inspva,39.663,-75.756,-1.799740477,0.000817163,0.000903672,0.000367828,-0.000729698,0.000903672,,0,
1786043853849991336,1786043853.846011985,/novatel/oem7/odom,/novatel/oem7/fix,/novatel/oem7/odom,39.663,-75.756,-1.799740477,0.000819197,0.000901829,-0.000713021,0.000403342,0.000901829,,,
1786043853857197382,1786043853.856402601,/novatel/oem7/odom,/novatel/oem7/fix,/novatel/oem7/odom,39.663,-75.756,-1.799740477,0.000819197,0.000901829,-0.000713021,0.000403342,0.000901829,,,
1786043853866899511,1786043853.866022339,/novatel/oem7/inspva,/novatel/oem7/inspva,/novatel/oem7/inspva,39.663,-75.756,-1.799738403,0.000811781,0.001003527,0.000274519,-0.000763955,0.001003527,,novatel_oem7_msgs.msg.InertialSolutionStatus(status=3),
1786043853868078153,1786043853.866360182,/novatel/oem7/fix,/novatel/oem7/fix,/novatel/oem7/inspva,39.663,-75.756,-1.799738403,0.000811781,0.001003527,0.000274519,-0.000763955,0.001003527,,0,
1786043853869151311,1786043853.866851014,/novatel/oem7/odom,/novatel/oem7/fix,/novatel/oem7/odom,39.663,-75.756,-1.799738403,0.000819192,0.000901833,-0.000713020,0.000403334,0.000901833,,,
1786043853875099104,1786043853.874446391,/novatel/oem7/odom,/novatel/oem7/fix,/novatel/oem7/odom,39.663,-75.756,-1.799738403,0.000814537,0.001001292,-0.000752539,0.000311697,0.001001292,,,
1786043853885665361,1786043853.885064662,/novatel/oem7/inspva,/novatel/oem7/inspva,/novatel/oem7/inspva,39.663,-75.756,-1.799731811,0.000660128,0.000942199,0.000295480,-0.000590305,0.000942199,,novatel_oem7_msgs.msg.InertialSolutionStatus(status=3),
1786043853886986069,1786043853.885245494,/novatel/oem7/fix,/novatel/oem7/fix,/novatel/oem7/inspva,39.663,-75.756,-1.799731811,0.000660128,0.000942199,0.000295480,-0.000590305,0.000942199,,0,
1786043853888029042,1786043853.885674938,/novatel/oem7/odom,/novatel/oem7/fix,/novatel/oem7/odom,39.663,-75.756,-1.799731811,0.000662260,0.000940702,-0.000577785,0.000323655,0.000940702,,,
1786043853895795474,1786043853.895147064,/novatel/oem7/odom,/novatel/oem7/fix,/novatel/oem7/odom,39.663,-75.756,-1.799731811,0.000662260,0.000940702,-0.000577785,0.000323655,0.000940702,,,
1786043853906725935,1786043853.905738355,/novatel/oem7/inspva,/novatel/oem7/inspva,/novatel/oem7/inspva,39.663,-75.756,-1.799729495,0.000769797,0.001187705,0.000148554,-0.000755328,0.001187705,,novatel_oem7_msgs.msg.InertialSolutionStatus(status=3),
1786043853908595671,1786043853.905935431,/novatel/oem7/fix,/novatel/oem7/fix,/novatel/oem7/inspva,39.663,-75.756,-1.799729495,0.000769797,0.001187705,0.000148554,-0.000755328,0.001187705,,0,
1786043853910064896,1786043853.906509073,/novatel/oem7/odom,/novatel/oem7/fix,/novatel/oem7/odom,39.663,-75.756,-1.799729495,0.000773738,0.001185142,-0.000751306,0.000184959,0.001185142,,,
1786043853912299746,1786043853.909545531,/novatel/oem7/bestpos,/novatel/oem7/bestpos,/novatel/oem7/odom,39.663,-75.756,33.182538622,0.000773738,0.001185142,-0.000751306,0.000184959,0.001185142,,novatel_oem7_msgs.msg.SolutionStatus(status=0),novatel_oem7_msgs.msg.PositionOrVelocityType(type=53)
1786043853913754964,1786043853.910346686,/novatel/oem7/bestvel,/novatel/oem7/bestpos,/novatel/oem7/bestvel,39.663,-75.756,33.182538622,0.000414064,0.000943554,,,,301.193167279,novatel_oem7_msgs.msg.SolutionStatus(status=0),novatel_oem7_msgs.msg.PositionOrVelocityType(type=53)
1786043853915862185,1786043853.914520242,/novatel/oem7/odom,/novatel/oem7/bestpos,/novatel/oem7/odom,39.663,-75.756,33.182538622,0.000773738,0.001185142,-0.000751306,0.000184959,0.001185142,,,
1786043853926643812,1786043853.926084569,/novatel/oem7/inspva,/novatel/oem7/inspva,/novatel/oem7/inspva,39.663,-75.756,-1.799722606,0.001067273,0.001047774,0.000534147,-0.000923990,0.001047774,,novatel_oem7_msgs.msg.InertialSolutionStatus(status=3),
1786043853928007445,1786043853.926276084,/novatel/oem7/fix,/novatel/oem7/fix,/novatel/oem7/inspva,39.663,-75.756,-1.799722606,0.001067273,0.001047774,0.000534147,-0.000923990,0.001047774,,0,
1786043853929061696,1786043853.926744856,/novatel/oem7/odom,/novatel/oem7/fix,/novatel/oem7/odom,39.663,-75.756,-1.799722606,0.001069371,0.001045633,-0.000898902,0.000579249,0.001045633,,,
1786043853935375673,1786043853.934718370,/novatel/oem7/odom,/novatel/oem7/fix,/novatel/oem7/odom,39.663,-75.756,-1.799722606,0.001069371,0.001045633,-0.000898902,0.000579249,0.001045633,,,
1786043853945569614,1786043853.945003568,/novatel/oem7/inspva,/novatel/oem7/inspva,/novatel/oem7/inspva,39.663,-75.756,-1.799718822,0.000822582,0.001236537,0.000256783,-0.000781476,0.001236537,,novatel_oem7_msgs.msg.InertialSolutionStatus(status=3),
1786043853946970808,1786043853.945170083,/novatel/oem7/fix,/novatel/oem7/fix,/novatel/oem7/inspva,39.663,-75.756,-1.799718822,0.000822582,0.001236537,0.000256783,-0.000781476,0.001236537,,0,
1786043853948137990,1786043853.945487079,/novatel/oem7/odom,/novatel/oem7/fix,/novatel/oem7/odom,39.663,-75.756,-1.799718822,0.000826116,0.001234179,-0.000771917,0.000294300,0.001234179,,,
1786043853956753611,1786043853.956044923,/novatel/oem7/odom,/novatel/oem7/fix,/novatel/oem7/odom,39.663,-75.756,-1.799718822,0.000826116,0.001234179,-0.000771917,0.000294300,0.001234179,,,
1786043853965842033,1786043853.965288234,/novatel/oem7/inspva,/novatel/oem7/inspva,/novatel/oem7/inspva,39.663,-75.756,-1.799710590,0.000663138,0.001146575,0.000364214,-0.000554166,0.001146575,,novatel_oem7_msgs.msg.InertialSolutionStatus(status=3),
1786043853967197524,1786043853.965521887,/novatel/oem7/fix,/novatel/oem7/fix,/novatel/oem7/inspva,39.663,-75.756,-1.799710590,0.000663138,0.001146575,0.000364214,-0.000554166,0.001146575,,0,
1786043853968310098,1786043853.965997608,/novatel/oem7/odom,/novatel/oem7/fix,/novatel/oem7/odom,39.663,-75.756,-1.799710590,0.000665145,0.001145412,-0.000538914,0.000389858,0.001145412,,,
1786043853975551345,1786043853.974870252,/novatel/oem7/odom,/novatel/oem7/fix,/novatel/oem7/odom,39.663,-75.756,-1.799710590,0.000665145,0.001145412,-0.000538914,0.000389858,0.001145412,,,
1786043853986472856,1786043853.985942447,/novatel/oem7/inspva,/novatel/oem7/inspva,/novatel/oem7/inspva,39.663,-75.756,-1.799707655,0.000639459,0.001032272,0.000049254,-0.000637560,0.001032272,,novatel_oem7_msgs.msg.InertialSolutionStatus(status=3),
1786043853987826376,1786043853.986125189,/novatel/oem7/fix,/novatel/oem7/fix,/novatel/oem7/inspva,39.663,-75.756,-1.799707655,0.000639459,0.001032272,0.000049254,-0.000637560,0.001032272,,0,
1786043853988873247,1786043853.986633701,/novatel/oem7/odom,/novatel/oem7/fix,/novatel/oem7/odom,39.663,-75.756,-1.799707655,0.000643279,0.001029895,-0.000638282,0.000080025,0.001029895,,,
1786043853994932515,1786043853.994263732,/novatel/oem7/odom,/novatel/oem7/fix,/novatel/oem7/odom,39.663,-75.756,-1.799707655,0.000643279,0.001029895,-0.000638282,0.000080025,0.001029895,,,
1786043854010586331,1786043854.010037725,/novatel/oem7/inspva,/novatel/oem7/inspva,/novatel/oem7/inspva,39.663,-75.756,-1.799694990,0.000602446,0.001471676,0.000066146,-0.000598804,0.001471676,,novatel_oem7_msgs.msg.InertialSolutionStatus(status=3),
1786043854011918958,1786043854.010213757,/novatel/oem7/fix,/novatel/oem7/fix,/novatel/oem7/inspva,39.663,-75.756,-1.799694990,0.000602446,0.001471676,0.000066146,-0.000598804,0.001471676,,0,
1786043854014368559,1786043854.013564658,/novatel/oem7/odom,/novatel/oem7/fix,/novatel/oem7/odom,39.663,-75.756,-1.799694990,0.000607748,0.001469495,-0.000600479,0.000093715,0.001469495,,,
1786043854016945255,1786043854.016278646,/novatel/oem7/odom,/novatel/oem7/fix,/novatel/oem7/odom,39.663,-75.756,-1.799694990,0.000607748,0.001469495,-0.000600479,0.000093715,0.001469495,,,
1786043854025516009,1786043854.024919300,/novatel/oem7/bestpos,/novatel/oem7/bestpos,/novatel/oem7/odom,39.663,-75.756,33.182579338,0.000607748,0.001469495,-0.000600479,0.000093715,0.001469495,,novatel_oem7_msgs.msg.SolutionStatus(status=0),novatel_oem7_msgs.msg.PositionOrVelocityType(type=53)
1786043854027064538,1786043854.025918853,/novatel/oem7/bestvel,/novatel/oem7/bestpos,/novatel/oem7/bestvel,39.663,-75.756,33.182579338,0.000587604,0.001437624,,,,280.414033180,novatel_oem7_msgs.msg.SolutionStatus(status=0),novatel_oem7_msgs.msg.PositionOrVelocityType(type=53)
1786043854028601074,1786043854.026887953,/novatel/oem7/inspva,/novatel/oem7/inspva,/novatel/oem7/inspva,39.663,-75.756,-1.799692520,0.000705067,0.001301412,-0.000046677,-0.000703520,0.001301412,,novatel_oem7_msgs.msg.InertialSolutionStatus(status=3),
1786043854029544297,1786043854.027070145,/novatel/oem7/fix,/novatel/oem7/fix,/novatel/oem7/inspva,39.663,-75.756,-1.799692520,0.000705067,0.001301412,-0.000046677,-0.000703520,0.001301412,,0,
1786043854030663909,1786043854.027352605,/novatel/oem7/odom,/novatel/oem7/fix,/novatel/oem7/odom,39.663,-75.756,-1.799692520,0.000710396,0.001298511,-0.000710276,-0.000013010,0.001298511,,,
1786043854035083113,1786043854.034449288,/novatel/oem7/odom,/novatel/oem7/fix,/novatel/oem7/odom,39.663,-75.756,-1.799692520,0.000710396,0.001298511,-0.000710276,-0.000013010,0.001298511,,,
1786043854046070338,1786043854.045513319,/novatel/oem7/inspva,/novatel/oem7/inspva,/novatel/oem7/inspva,39.663,-75.756,-1.799707440,0.000977817,0.001116315,0.000417761,-0.000884083,0.001116315,,novatel_oem7_msgs.msg.InertialSolutionStatus(status=3),
1786043854047862183,1786043854.045695668,/novatel/oem7/fix,/novatel/oem7/fix,/novatel/oem7/inspva,39.663,-75.756,-1.799707440,0.000977817,0.001116315,0.000417761,-0.000884083,0.001116315,,0,
1786043854048969751,1786043854.046604750,/novatel/oem7/odom,/novatel/oem7/fix,/novatel/oem7/odom,39.663,-75.756,-1.799707440,0.000980428,0.001114023,-0.000865414,0.000460758,0.001114023,,,
1786043854057276269,1786043854.056594882,/novatel/oem7/odom,/novatel/oem7/fix,/novatel/oem7/odom,39.663,-75.756,-1.799707440,0.000980428,0.001114023,-0.000865414,0.000460758,0.001114023,,,
1786043854065833702,1786043854.065267943,/novatel/oem7/inspva,/novatel/oem7/inspva,/novatel/oem7/inspva,39.663,-75.756,-1.799725944,0.000873584,0.001046147,0.000295305,-0.000822158,0.001046147,,novatel_oem7_msgs.msg.InertialSolutionStatus(status=3),
1786043854067159226,1786043854.065488022,/novatel/oem7/fix,/novatel/oem7/fix,/novatel/oem7/inspva,39.663,-75.756,-1.799725944,0.000873584,0.001046147,0.000295305,-0.000822158,0.001046147,,0,
1786043854068195420,1786043854.065857349,/novatel/oem7/odom,/novatel/oem7/fix,/novatel/oem7/odom,39.663,-75.756,-1.799725944,0.000876442,0.001043754,-0.000809726,0.000335401,0.001043754,,,
1786043854075318825,1786043854.074639862,/novatel/oem7/odom,/novatel/oem7/fix,/novatel/oem7/odom,39.663,-75.756,-1.799725944,0.000876442,0.001043754,-0.000809726,0.000335401,0.001043754,,,
1786043854086733031,1786043854.085713449,/novatel/oem7/inspva,/novatel/oem7/inspva,/novatel/oem7/inspva,39.663,-75.756,-1.799736519,0.000909871,0.001249347,0.000211227,-0.000885014,0.001249347,,novatel_oem7_msgs.msg.InertialSolutionStatus(status=3),
1786043854088494322,1786043854.086892336,/novatel/oem7/fix,/novatel/oem7/fix,/novatel/oem7/inspva,39.663,-75.756,-1.799736519,0.000909871,0.001249347,0.000211227,-0.000885014,0.001249347,,0,
1786043854090650338,1786043854.088104889,/novatel/oem7/odom,/novatel/oem7/fix,/novatel/oem7/odom,39.663,-75.756,-1.799736519,0.000913831,0.001246454,-0.000877761,0.000254211,0.001246454,,,
1786043854096494891,1786043854.095510744,/novatel/oem7/odom,/novatel/oem7/fix,/novatel/oem7/odom,39.663,-75.756,-1.799736519,0.000913831,0.001246454,-0.000877761,0.000254211,0.001246454,,,
1786043854106730795,1786043854.106009580,/novatel/oem7/inspva,/novatel/oem7/inspva,/novatel/oem7/inspva,39.663,-75.756,-1.799755306,0.000650503,0.001339804,0.000106203,-0.000641775,0.001339804,,novatel_oem7_msgs.msg.InertialSolutionStatus(status=3),
1786043854108317334,1786043854.106255272,/novatel/oem7/fix,/novatel/oem7/fix,/novatel/oem7/inspva,39.663,-75.756,-1.799755306,0.000650503,0.001339804,0.000106203,-0.000641775,0.001339804,,0,
1786043854109591934,1786043854.106558486,/novatel/oem7/odom,/novatel/oem7/fix,/novatel/oem7/odom,39.663,-75.756,-1.799755306,0.000655087,0.001337569,-0.000640744,0.000136328,0.001337569,,,
1786043854111180640,1786043854.109156522,/novatel/oem7/bestpos,/novatel/oem7/bestpos,/novatel/oem7/odom,39.663,-75.756,33.182517381,0.000655087,0.001337569,-0.000640744,0.000136328,0.001337569,,novatel_oem7_msgs.msg.SolutionStatus(status=0),novatel_oem7_msgs.msg.PositionOrVelocityType(type=53)
1786043854112458170,1786043854.109594098,/novatel/oem7/bestvel,/novatel/oem7/bestpos,/novatel/oem7/bestvel,39.663,-75.756,33.182517381,0.000239034,0.001222233,,,,257.558911214,novatel_oem7_msgs.msg.SolutionStatus(status=0),novatel_oem7_msgs.msg.PositionOrVelocityType(type=53)
1786043854116068023,1786043854.115182277,/novatel/oem7/odom,/novatel/oem7/bestpos,/novatel/oem7/odom,39.663,-75.756,33.182517381,0.000655087,0.001337569,-0.000640744,0.000136328,0.001337569,,,
1786043854126471248,1786043854.125473704,/novatel/oem7/inspva,/novatel/oem7/inspva,/novatel/oem7/inspva,39.663,-75.756,-1.799769616,0.000527290,0.001001788,0.000182593,-0.000494666,0.001001788,,novatel_oem7_msgs.msg.InertialSolutionStatus(status=3),
1786043854128258843,1786043854.126737541,/novatel/oem7/fix,/novatel/oem7/fix,/novatel/oem7/inspva,39.663,-75.756,-1.799769616,0.000527290,0.001001788,0.000182593,-0.000494666,0.001001788,,0,
1786043854130346452,1786043854.128033454,/novatel/oem7/odom,/novatel/oem7/fix,/novatel/oem7/odom,39.663,-75.756,-1.799769616,0.000530009,0.001000353,-0.000488442,0.000205752,0.001000353,,,
1786043854135870051,1786043854.135129526,/novatel/oem7/odom,/novatel/oem7/fix,/novatel/oem7/odom,39.663,-75.756,-1.799769616,0.000530009,0.001000353,-0.000488442,0.000205752,0.001000353,,,
1786043854145745146,1786043854.144885021,/novatel/oem7/inspva,/novatel/oem7/inspva,/novatel/oem7/inspva,39.663,-75.756,-1.799786989,0.000541318,0.001016679,0.000092274,-0.000533395,0.001016679,,novatel_oem7_msgs.msg.InertialSolutionStatus(status=3),
1786043854147639145,1786043854.145041345,/novatel/oem7/fix,/novatel/oem7/fix,/novatel/oem7/inspva,39.663,-75.756,-1.799786989,0.000541318,0.001016679,0.000092274,-0.000533395,0.001016679,,0,
1786043854149242984,1786043854.145502812,/novatel/oem7/odom,/novatel/oem7/fix,/novatel/oem7/odom,39.663,-75.756,-1.799786989,0.000544764,0.001014837,-0.000531927,0.000117564,0.001014837,,,
1786043854156649274,1786043854.155665148,/novatel/oem7/odom,/novatel/oem7/fix,/novatel/oem7/odom,39.663,-75.756,-1.799786989,0.000544764,0.001014837,-0.000531927,0.000117564,0.001014837,,,
1786043854167204361,1786043854.166530399,/novatel/oem7/inspva,/novatel/oem7/inspva,/novatel/oem7/inspva,39.663,-75.756,-1.799796770,0.000974054,0.001219754,0.000650271,-0.000725210,0.001219754,,novatel_oem7_msgs.msg.InertialSolutionStatus(status=3),
1786043854168533012,1786043854.166731998,/novatel/oem7/fix,/novatel/oem7/fix,/novatel/oem7/inspva,39.663,-75.756,-1.799796770,0.000974054,0.001219754,0.000650271,-0.000725210,0.001219754,,0,
1786043854169528294,1786043854.167112675,/novatel/oem7/odom,/novatel/oem7/fix,/novatel/oem7/odom,39.663,-75.756,-1.799796770,0.000975338,0.001218728,-0.000694950,0.000684345,0.001218728,,,
1786043854176021859,1786043854.174854807,/novatel/oem7/odom,/novatel/oem7/fix,/novatel/oem7/odom,39.663,-75.756,-1.799796770,0.000975338,0.001218728,-0.000694950,0.000684345,0.001218728,,,
1786043854185400866,1786043854.184868492,/novatel/oem7/inspva,/novatel/oem7/inspva,/novatel/oem7/inspva,39.663,-75.756,-1.799817747,0.000970685,0.000890333,0.000572122,-0.000784160,0.000890333,,novatel_oem7_msgs.msg.InertialSolutionStatus(status=3),
1786043854186688617,1786043854.185038807,/novatel/oem7/fix,/novatel/oem7/fix,/novatel/oem7/inspva,39.663,-75.756,-1.799817747,0.000970685,0.000890333,0.000572122,-0.000784160,0.000890333,,0,
1786043854187720410,1786043854.185413197,/novatel/oem7/odom,/novatel/oem7/fix,/novatel/oem7/odom,39.663,-75.756,-1.799817747,0.000972032,0.000888863,-0.000756597,0.000610251,0.000888863,,,
1786043854196056623,1786043854.195382751,/novatel/oem7/odom,/novatel/oem7/fix,/novatel/oem7/odom,39.663,-75.756,-1.799817747,0.000972032,0.000888863,-0.000756597,0.000610251,0.000888863,,,
1786043854206906207,1786043854.206313160,/novatel/oem7/inspva,/novatel/oem7/inspva,/novatel/oem7/inspva,39.663,-75.756,-1.799826594,0.000417037,0.001177756,0.000354092,-0.000220315,0.001177756,,novatel_oem7_msgs.msg.InertialSolutionStatus(status=3),
1786043854208222838,1786043854.206505522,/novatel/oem7/fix,/novatel/oem7/fix,/novatel/oem7/inspva,39.663,-75.756,-1.799826594,0.000417037,0.001177756,0.000354092,-0.000220315,0.001177756,,0,
1786043854209217479,1786043854.207042977,/novatel/oem7/odom,/novatel/oem7/fix,/novatel/oem7/odom,39.663,-75.756,-1.799826594,0.000416714,0.001177870,-0.000206153,0.000362148,0.001177870,,,
1786043854211018838,1786043854.210226436,/novatel/oem7/bestpos,/novatel/oem7/bestpos,/novatel/oem7/odom,39.663,-75.756,33.182461185,0.000416714,0.001177870,-0.000206153,0.000362148,0.001177870,,novatel_oem7_msgs.msg.SolutionStatus(status=0),novatel_oem7_msgs.msg.PositionOrVelocityType(type=53)
1786043854212350351,1786043854.210604517,/novatel/oem7/bestvel,/novatel/oem7/bestpos,/novatel/oem7/bestvel,39.663,-75.756,33.182461185,0.000540825,0.001345465,,,,301.148303691,novatel_oem7_msgs.msg.SolutionStatus(status=0),novatel_oem7_msgs.msg.PositionOrVelocityType(type=53)
1786043854215379456,1786043854.214800593,/novatel/oem7/odom,/novatel/oem7/bestpos,/novatel/oem7/odom,39.663,-75.756,33.182461185,0.000416714,0.001177870,-0.000206153,0.000362148,0.001177870,,,
1786043854226777695,1786043854.226266946,/novatel/oem7/inspva,/novatel/oem7/inspva,/novatel/oem7/inspva,39.663,-75.756,-1.799844388,0.000677279,0.001251100,0.000496779,-0.000460346,0.001251100,,novatel_oem7_msgs.msg.InertialSolutionStatus(status=3),
1786043854228043642,1786043854.226412938,/novatel/oem7/fix,/novatel/oem7/fix,/novatel/oem7/inspva,39.663,-75.756,-1.799844388,0.000677279,0.001251100,0.000496779,-0.000460346,0.001251100,,0,
1786043854229073413,1786043854.226850165,/novatel/oem7/odom,/novatel/oem7/fix,/novatel/oem7/odom,39.663,-75.756,-1.799844388,0.000678044,0.001250686,-0.000438638,0.000517050,0.001250686,,,
1786043854235384659,1786043854.234628241,/novatel/oem7/odom,/novatel/oem7/fix,/novatel/oem7/odom,39.663,-75.756,-1.799844388,0.000678044,0.001250686,-0.000438638,0.000517050,0.001250686,,,
1786043854246278016,1786043854.245301893,/novatel/oem7/inspva,/novatel/oem7/inspva,/novatel/oem7/inspva,39.663,-75.756,-1.799859914,0.000438044,0.000688131,0.000433158,0.000065240,0.000688131,,novatel_oem7_msgs.msg.InertialSolutionStatus(status=3),
1786043854248297693,1786043854.245568769,/novatel/oem7/fix,/novatel/oem7/fix,/novatel/oem7/inspva,39.663,-75.756,-1.799859914,0.000438044,0.000688131,0.000433158,0.000065240,0.000688131,,0,
1786043854249912633,1786043854.246183705,/novatel/oem7/odom,/novatel/oem7/fix,/novatel/oem7/odom,39.663,-75.756,-1.799859914,0.000435732,0.000689598,0.000085153,0.000427330,0.000689598,,,
1786043854257456946,1786043854.256594014,/novatel/oem7/odom,/novatel/oem7/fix,/novatel/oem7/odom,39.663,-75.756,-1.799859914,0.000435732,0.000689598,0.000085153,0.000427330,0.000689598,,,
1786043854265613421,1786043854.265062640,/novatel/oem7/inspva,/novatel/oem7/inspva,/novatel/oem7/inspva,39.663,-75.756,-1.799878125,0.000487160,0.000545689,0.000487160,-0.000000628,0.000545689,,novatel_oem7_msgs.msg.InertialSolutionStatus(status=3),
1786043854267500992,1786043854.265240282,/novatel/oem7/fix,/novatel/oem7/fix,/novatel/oem7/inspva,39.663,-75.756,-1.799878125,0.000487160,0.000545689,0.000487160,-0.000000628,0.000545689,,0,
1786043854268384497,1786043854.265700400,/novatel/oem7/odom,/novatel/oem7/fix,/novatel/oem7/odom,39.663,-75.756,-1.799878125,0.000485628,0.000547053,0.000022793,0.000485093,0.000547053,,,
1786043854274996320,1786043854.274545119,/novatel/oem7/odom,/novatel/oem7/fix,/novatel/oem7/odom,39.663,-75.756,-1.799878125,0.000485628,0.000547053,0.000022793,0.000485093,0.000547053,,,
1786043854287016374,1786043854.286520635,/novatel/oem7/inspva,/novatel/oem7/inspva,/novatel/oem7/inspva,39.663,-75.756,-1.799886857,0.000857009,0.001010689,0.000824176,-0.000234946,0.001010689,,novatel_oem7_msgs.msg.InertialSolutionStatus(status=3),
1786043854287991267,1786043854.286690803,/novatel/oem7/fix,/novatel/oem7/fix,/novatel/oem7/inspva,39.663,-75.756,-1.799886857,0.000857009,0.001010689,0.000824176,-0.000234946,0.001010689,,0,
1786043854288761050,1786043854.287104524,/novatel/oem7/odom,/novatel/oem7/fix,/novatel/oem7/odom,39.663,-75.756,-1.799886857,0.000855343,0.001012099,-0.000195356,0.000832735,0.001012099,,,
1786043854295717452,1786043854.294947784,/novatel/oem7/odom,/novatel/oem7/fix,/novatel/oem7/odom,39.663,-75.756,-1.799886857,0.000855343,0.001012099,-0.000195356,0.000832735,0.001012099,,,
1786043854306382970,1786043854.305782357,/novatel/oem7/inspva,/novatel/oem7/inspva,/novatel/oem7/inspva,39.663,-75.756,-1.799907474,0.000666520,0.000822873,0.000655098,-0.000122861,0.000822873,,novatel_oem7_msgs.msg.InertialSolutionStatus(status=3),
1786043854307659020,1786043854.305968022,/novatel/oem7/fix,/novatel/oem7/fix,/novatel/oem7/inspva,39.663,-75.756,-1.799907474,0.000666520,0.000822873,0.000655098,-0.000122861,0.000822873,,0,
1786043854308634635,1786043854.306527872,/novatel/oem7/odom,/novatel/oem7/fix,/novatel/oem7/odom,39.663,-75.756,-1.799907474,0.000664826,0.000824242,-0.000091563,0.000658491,0.000824242,,,
1786043854310293101,1786043854.309443322,/novatel/oem7/bestpos,/novatel/oem7/bestpos,/novatel/oem7/odom,39.663,-75.756,33.182363051,0.000664826,0.000824242,-0.000091563,0.000658491,0.000824242,,novatel_oem7_msgs.msg.SolutionStatus(status=0),novatel_oem7_msgs.msg.PositionOrVelocityType(type=53)
1786043854311659080,1786043854.310197185,/novatel/oem7/bestvel,/novatel/oem7/bestpos,/novatel/oem7/bestvel,39.663,-75.756,33.182363051,0.000962552,0.000527903,,,,6.573225191,novatel_oem7_msgs.msg.SolutionStatus(status=0),novatel_oem7_msgs.msg.PositionOrVelocityType(type=53)
1786043854316114972,1786043854.315456379,/novatel/oem7/odom,/novatel/oem7/bestpos,/novatel/oem7/odom,39.663,-75.756,33.182363051,0.000664826,0.000824242,-0.000091563,0.000658491,0.000824242,,,
1786043854325722877,1786043854.325203165,/novatel/oem7/inspva,/novatel/oem7/inspva,/novatel/oem7/inspva,39.663,-75.756,-1.799919520,0.000770996,0.000879625,0.000694073,0.000335705,0.000879625,,novatel_oem7_msgs.msg.InertialSolutionStatus(status=3),
1786043854328251169,1786043854.325348789,/novatel/oem7/fix,/novatel/oem7/fix,/novatel/oem7/inspva,39.663,-75.756,-1.799919520,0.000770996,0.000879625,0.000694073,0.000335705,0.000879625,,0,
1786043854330433055,1786043854.326042060,/novatel/oem7/odom,/novatel/oem7/fix,/novatel/oem7/odom,39.663,-75.756,-1.799919520,0.000767254,0.000882891,0.000368184,0.000673141,0.000882891,,,
1786043854336321708,1786043854.335187643,/novatel/oem7/odom,/novatel/oem7/fix,/novatel/oem7/odom,39.663,-75.756,-1.799919520,0.000767254,0.000882891,0.000368184,0.000673141,0.000882891,,,
1786043854349207836,1786043854.346252952,/novatel/oem7/inspva,/novatel/oem7/inspva,/novatel/oem7/inspva,39.663,-75.756,-1.799939059,0.000960796,0.000694976,0.000956370,0.000092113,0.000694976,,novatel_oem7_msgs.msg.InertialSolutionStatus(status=3),
1786043854356626624,1786043854.346505398,/novatel/oem7/fix,/novatel/oem7/fix,/novatel/oem7/inspva,39.663,-75.756,-1.799939059,0.000960796,0.000694976,0.000956370,0.000092113,0.000694976,,0,
1786043854362002012,1786043854.346934975,/novatel/oem7/odom,/novatel/oem7/fix,/novatel/oem7/odom,39.663,-75.756,-1.799939059,0.000958574,0.000698038,0.000139464,0.000948374,0.000698038,,,
1786043854364992082,1786043854.355918024,/novatel/oem7/odom,/novatel/oem7/fix,/novatel/oem7/odom,39.663,-75.756,-1.799939059,0.000958574,0.000698038,0.000139464,0.000948374,0.000698038,,,
1786043854366663184,1786043854.365350883,/novatel/oem7/inspva,/novatel/oem7/inspva,/novatel/oem7/inspva,39.663,-75.756,-1.799951492,0.000954287,0.000688374,0.000881887,0.000364608,0.000688374,,novatel_oem7_msgs.msg.InertialSolutionStatus(status=3),
1786043854368299956,1786043854.365530068,/novatel/oem7/fix,/novatel/oem7/fix,/novatel/oem7/inspva,39.663,-75.756,-1.799951492,0.000954287,0.000688374,0.000881887,0.000364608,0.000688374,,0,
1786043854370028497,1786043854.366381100,/novatel/oem7/odom,/novatel/oem7/fix,/novatel/oem7/odom,39.663,-75.756,-1.799951492,0.000951449,0.000692292,0.000407690,0.000859677,0.000692292,,,
1786043854376211053,1786043854.375589364,/novatel/oem7/odom,/novatel/oem7/fix,/novatel/oem7/odom,39.663,-75.756,-1.799951492,0.000951449,0.000692292,0.000407690,0.000859677,0.000692292,,,
1786043854385771473,1786043854.385190164,/novatel/oem7/inspva,/novatel/oem7/inspva,/novatel/oem7/inspva,39.663,-75.756,-1.799972774,0.001088603,0.000381119,0.000986002,0.000461364,0.000381119,,novatel_oem7_msgs.msg.InertialSolutionStatus(status=3),
1786043854386933348,1786043854.385368426,/novatel/oem7/fix,/novatel/oem7/fix,/novatel/oem7/inspva,39.663,-75.756,-1.799972774,0.001088603,0.000381119,0.000986002,0.000461364,0.000381119,,0,
1786043854387893062,1786043854.385815124,/novatel/oem7/odom,/novatel/oem7/fix,/novatel/oem7/odom,39.663,-75.756,-1.799972774,0.001086987,0.000385705,0.000511027,0.000959370,0.000385705,,,
1786043854395884155,1786043854.394332013,/novatel/oem7/odom,/novatel/oem7/fix,/novatel/oem7/odom,39.663,-75.756,-1.799972774,0.001086987,0.000385705,0.000511027,0.000959370,0.000385705,,,
1786043854407159358,1786043854.406477464,/novatel/oem7/inspva,/novatel/oem7/inspva,/novatel/oem7/inspva,39.663,-75.756,-1.799984477,0.001393244,0.000611317,0.001376488,0.000215429,0.000611317,,novatel_oem7_msgs.msg.InertialSolutionStatus(status=3),
1786043854408580089,1786043854.406689066,/novatel/oem7/fix,/novatel/oem7/fix,/novatel/oem7/inspva,39.663,-75.756,-1.799984477,0.001393244,0.000611317,0.001376488,0.000215429,0.000611317,,0,
1786043854409702557,1786043854.407115230,/novatel/oem7/odom,/novatel/oem7/fix,/novatel/oem7/odom,39.663,-75.756,-1.799984477,0.001391162,0.000616041,0.000285051,0.001361645,0.000616041,,,
1786043854411281203,1786043854.410325870,/novatel/oem7/bestpos,/novatel/oem7/bestpos,/novatel/oem7/odom,39.663,-75.756,33.182289073,0.001391162,0.000616041,0.000285051,0.001361645,0.000616041,,novatel_oem7_msgs.msg.SolutionStatus(status=0),novatel_oem7_msgs.msg.PositionOrVelocityType(type=53)
1786043854412753481,1786043854.410801682,/novatel/oem7/bestvel,/novatel/oem7/bestpos,/novatel/oem7/bestvel,39.663,-75.756,33.182289073,0.001250827,0.000876396,,,,353.177346563,novatel_oem7_msgs.msg.SolutionStatus(status=0),novatel_oem7_msgs.msg.PositionOrVelocityType(type=53)
1786043854415931997,1786043854.415261260,/novatel/oem7/odom,/novatel/oem7/bestpos,/novatel/oem7/odom,39.663,-75.756,33.182289073,0.001391162,0.000616041,0.000285051,0.001361645,0.000616041,,,
1786043854425564222,1786043854.425024846,/novatel/oem7/inspva,/novatel/oem7/inspva,/novatel/oem7/inspva,39.663,-75.756,-1.800002975,0.001139125,0.000724757,0.001109749,0.000257026,0.000724757,,novatel_oem7_msgs.msg.InertialSolutionStatus(status=3),
1786043854428236245,1786043854.425180864,/novatel/oem7/fix,/novatel/oem7/fix,/novatel/oem7/inspva,39.663,-75.756,-1.800002975,0.001139125,0.000724757,0.001109749,0.000257026,0.000724757,,0,
1786043854430128098,1786043854.425521194,/novatel/oem7/odom,/novatel/oem7/fix,/novatel/oem7/odom,39.663,-75.756,-1.800002975,0.001136487,0.000728886,0.000312095,0.001092795,0.000728886,,,
1786043854436912897,1786043854.435611430,/novatel/oem7/odom,/novatel/oem7/fix,/novatel/oem7/odom,39.663,-75.756,-1.800002975,0.001136487,0.000728886,0.000312095,0.001092795,0.000728886,,,
1786043854448304326,1786043854.445331706,/novatel/oem7/inspva,/novatel/oem7/inspva,/novatel/oem7/inspva,39.663,-75.756,-1.800017584,0.001544554,0.000523790,0.001269218,0.000880189,0.000523790,,novatel_oem7_msgs.msg.InertialSolutionStatus(status=3),
1786043854455563366,1786043854.445654139,/novatel/oem7/fix,/novatel/oem7/fix,/novatel/oem7/inspva,39.663,-75.756,-1.800017584,0.001544554,0.000523790,0.001269218,0.000880189,0.000523790,,0,
1786043854461843386,1786043854.446103343,/novatel/oem7/odom,/novatel/oem7/fix,/novatel/oem7/odom,39.663,-75.756,-1.800017584,0.001542161,0.000530795,0.000943591,0.001219793,0.000530795,,,
1786043854465623252,1786043854.456216139,/novatel/oem7/odom,/novatel/oem7/fix,/novatel/oem7/odom,39.663,-75.756,-1.800017584,0.001542161,0.000530795,0.000943591,0.001219793,0.000530795,,,
1786043854467438958,1786043854.466020839,/novatel/oem7/inspva,/novatel/oem7/inspva,/novatel/oem7/inspva,39.663,-75.756,-1.800035971,0.001373433,0.000606883,0.001212926,0.000644303,0.000606883,,novatel_oem7_msgs.msg.InertialSolutionStatus(status=3),
1786043854469035480,1786043854.466218325,/novatel/oem7/fix,/novatel/oem7/fix,/novatel/oem7/inspva,39.663,-75.756,-1.800035971,0.001373433,0.000606883,0.001212926,0.000644303,0.000606883,,0,
1786043854470523445,1786043854.466697876,/novatel/oem7/odom,/novatel/oem7/fix,/novatel/oem7/odom,39.663,-75.756,-1.800035971,0.001370800,0.000612806,0.000704740,0.001175769,0.000612806,,,
1786043854475516280,1786043854.474725167,/novatel/oem7/odom,/novatel/oem7/fix,/novatel/oem7/odom,39.663,-75.756,-1.800035971,0.001370800,0.000612806,0.000704740,0.001175769,0.000612806,,,
1786043854485760930,1786043854.485206434,/novatel/oem7/inspva,/novatel/oem7/inspva,/novatel/oem7/inspva,39.663,-75.756,-1.800052268,0.001252138,0.000275303,0.001034955,0.000704782,0.000275303,,novatel_oem7_msgs.msg.InertialSolutionStatus(status=3),
1786043854486947009,1786043854.485415670,/novatel/oem7/fix,/novatel/oem7/fix,/novatel/oem7/inspva,39.663,-75.756,-1.800052268,0.001252138,0.000275303,0.001034955,0.000704782,0.000275303,,0,
1786043854487848468,1786043854.486010792,/novatel/oem7/odom,/novatel/oem7/fix,/novatel/oem7/odom,39.663,-75.756,-1.800052268,0.001250882,0.000280957,0.000757132,0.000995719,0.000280957,,,
1786043854496170640,1786043854.495467998,/novatel/oem7/odom,/novatel/oem7/fix,/novatel/oem7/odom,39.663,-75.756,-1.800052268,0.001250882,0.000280957,0.000757132,0.000995719,0.000280957,,,
1786043854506791931,1786043854.506138693,/novatel/oem7/inspva,/novatel/oem7/inspva,/novatel/oem7/inspva,39.663,-75.756,-1.800072909,0.001305198,0.000411401,0.001236046,0.000419205,0.000411401,,novatel_oem7_msgs.msg.InertialSolutionStatus(status=3),
1786043854508035643,1786043854.506355953,/novatel/oem7/fix,/novatel/oem7/fix,/novatel/oem7/inspva,39.663,-75.756,-1.800072909,0.001305198,0.000411401,0.001236046,0.000419205,0.000411401,,0,
1786043854508969405,1786043854.506926502,/novatel/oem7/odom,/novatel/oem7/fix,/novatel/oem7/odom,39.663,-75.756,-1.800072909,0.001303578,0.000416506,0.000481980,0.001211202,0.000416506,,,
1786043854511933660,1786043854.511259459,/novatel/oem7/bestpos,/novatel/oem7/bestpos,/novatel/oem7/odom,39.663,-75.756,33.182209390,0.001303578,0.000416506,0.000481980,0.001211202,0.000416506,,novatel_oem7_msgs.msg.SolutionStatus(status=0),novatel_oem7_msgs.msg.PositionOrVelocityType(type=53)
1786043854513194641,1786043854.512241102,/novatel/oem7/bestvel,/novatel/oem7/bestpos,/novatel/oem7/bestvel,39.663,-75.756,33.182209390,0.000940451,0.000736306,,,,8.073553607,novatel_oem7_msgs.msg.SolutionStatus(status=0),novatel_oem7_msgs.msg.PositionOrVelocityType(type=53)
1786043854515051772,1786043854.514464075,/novatel/oem7/odom,/novatel/oem7/bestpos,/novatel/oem7/odom,39.663,-75.756,33.182209390,0.001303578,0.000416506,0.000481980,0.001211202,0.000416506,,,
1786043854527187258,1786043854.526526599,/novatel/oem7/inspva,/novatel/oem7/inspva,/novatel/oem7/inspva,39.663,-75.756,-1.800091333,0.001439599,0.000326795,0.001353422,0.000490608,0.000326795,,novatel_oem7_msgs.msg.InertialSolutionStatus(status=3),
1786043854528443788,1786043854.526729941,/novatel/oem7/fix,/novatel/oem7/fix,/novatel/oem7/inspva,39.663,-75.756,-1.800091333,0.001439599,0.000326795,0.001353422,0.000490608,0.000326795,,0,
1786043854529393838,1786043854.527301385,/novatel/oem7/odom,/novatel/oem7/fix,/novatel/oem7/odom,39.663,-75.756,-1.800091333,0.001438290,0.000332511,0.000559813,0.001324873,0.000332511,,,
1786043854536544258,1786043854.535329973,/novatel/oem7/odom,/novatel/oem7/fix,/novatel/oem7/odom,39.663,-75.756,-1.800091333,0.001438290,0.000332511,0.000559813,0.001324873,0.000332511,,,
1786043854545695646,1786043854.544904770,/novatel/oem7/inspva,/novatel/oem7/inspva,/novatel/oem7/inspva,39.663,-75.756,-1.800113407,0.001308469,0.000400337,0.001246053,0.000399303,0.000400337,,novatel_oem7_msgs.msg.InertialSolutionStatus(status=3),
1786043854547557371,1786043854.545175453,/novatel/oem7/fix,/novatel/oem7/fix,/novatel/oem7/inspva,39.663,-75.756,-1.800113407,0.001308469,0.000400337,0.001246053,0.000399303,0.000400337,,0,
1786043854549036136,1786043854.545534864,/novatel/oem7/odom,/novatel/oem7/fix,/novatel/oem7/odom,39.663,-75.756,-1.800113407,0.001306908,0.000405403,0.000462689,0.001222263,0.000405403,,,
1786043854556270413,1786043854.555613404,/novatel/oem7/odom,/novatel/oem7/fix,/novatel/oem7/odom,39.663,-75.756,-1.800113407,0.001306908,0.000405403,0.000462689,0.001222263,0.000405403,,,
1786043854566070089,1786043854.565257021,/novatel/oem7/inspva,/novatel/oem7/inspva,/novatel/oem7/inspva,39.663,-75.756,-1.800131466,0.001451831,0.000275464,0.001124359,0.000918492,0.000275464,,novatel_oem7_msgs.msg.InertialSolutionStatus(status=3),
1786043854568869364,1786043854.565488950,/novatel/oem7/fix,/novatel/oem7/fix,/novatel/oem7/inspva,39.663,-75.756,-1.800131466,0.001451831,0.000275464,0.001124359,0.000918492,0.000275464,,0,
1786043854571083557,1786043854.565988372,/novatel/oem7/odom,/novatel/oem7/fix,/novatel/oem7/odom,39.663,-75.756,-1.800131466,0.001450532,0.000282226,0.000975267,0.001073730,0.000282226,,,
1786043854575466588,1786043854.574674754,/novatel/oem7/odom,/novatel/oem7/fix,/novatel/oem7/odom,39.663,-75.756,-1.800131466,0.001450532,0.000282226,0.000975267,0.001073730,0.000282226,,,
1786043854586667602,1786043854.586000645,/novatel/oem7/inspva,/novatel/oem7/inspva,/novatel/oem7/inspva,39.663,-75.756,-1.800157274,0.001534234,0.000274828,0.001221223,0.000928702,0.000274828,,novatel_oem7_msgs.msg.InertialSolutionStatus(status=3),
1786043854588124387,1786043854.586201237,/novatel/oem7/fix,/novatel/oem7/fix,/novatel/oem7/inspva,39.663,-75.756,-1.800157274,0.001534234,0.000274828,0.001221223,0.000928702,0.000274828,,0,
1786043854589271448,1786043854.586637021,/novatel/oem7/odom,/novatel/oem7/fix,/novatel/oem7/odom,39.663,-75.756,-1.800157274,0.001532949,0.000281904,0.000990560,0.001169926,0.000281904,,,
1786043854595508795,1786043854.594664040,/novatel/oem7/odom,/novatel/oem7/fix,/novatel/oem7/odom,39.663,-75.756,-1.800157274,0.001532949,0.000281904,0.000990560,0.001169926,0.000281904,,,
1786043854607484103,1786043854.606534540,/novatel/oem7/inspva,/novatel/oem7/inspva,/novatel/oem7/inspva,39.663,-75.756,-1.800178167,0.001274980,0.000123032,0.000811169,0.000983656,0.000123032,,novatel_oem7_msgs.msg.InertialSolutionStatus(status=3),
1786043854609026409,1786043854.606756596,/novatel/oem7/fix,/novatel/oem7/fix,/novatel/oem7/inspva,39.663,-75.756,-1.800178167,0.001274980,0.000123032,0.000811169,0.000983656,0.000123032,,0,
1786043854610175861,1786043854.607249944,/novatel/oem7/odom,/novatel/oem7/fix,/novatel/oem7/odom,39.663,-75.756,-1.800178167,0.001274374,0.000129157,0.001024475,0.000757945,0.000129157,,,
1786043854611773074,1786043854.610213191,/novatel/oem7/bestpos,/novatel/oem7/bestpos,/novatel/oem7/odom,39.663,-75.756,33.182095767,0.001274374,0.000129157,0.001024475,0.000757945,0.000129157,,novatel_oem7_msgs.msg.SolutionStatus(status=0),novatel_oem7_msgs.msg.PositionOrVelocityType(type=53)
1786043854612814537,1786043854.610606428,/novatel/oem7/bestvel,/novatel/oem7/bestpos,/novatel/oem7/bestvel,39.663,-75.756,33.182095767,0.001078887,0.000263753,,,,44.236026817,novatel_oem7_msgs.msg.SolutionStatus(status=0),novatel_oem7_msgs.msg.PositionOrVelocityType(type=53)
1786043854616230332,1786043854.615514758,/novatel/oem7/odom,/novatel/oem7/bestpos,/novatel/oem7/odom,39.663,-75.756,33.182095767,0.001274374,0.000129157,0.001024475,0.000757945,0.000129157,,,
1786043854625931698,1786043854.625190726,/novatel/oem7/inspva,/novatel/oem7/inspva,/novatel/oem7/inspva,39.663,-75.756,-1.800203444,0.001520346,0.000218099,0.000852530,0.001258827,0.000218099,,novatel_oem7_msgs.msg.InertialSolutionStatus(status=3),
1786043854627319712,1786043854.625368358,/novatel/oem7/fix,/novatel/oem7/fix,/novatel/oem7/inspva,39.663,-75.756,-1.800203444,0.001520346,0.000218099,0.000852530,0.001258827,0.000218099,,0,
1786043854628440009,1786043854.625775142,/novatel/oem7/odom,/novatel/oem7/fix,/novatel/oem7/odom,39.663,-75.756,-1.800203444,0.001519279,0.000225409,0.001301063,0.000784503,0.000225409,,,
1786043854635609352,1786043854.634524330,/novatel/oem7/odom,/novatel/oem7/fix,/novatel/oem7/odom,39.663,-75.756,-1.800203444,0.001519279,0.000225409,0.001301063,0.000784503,0.000225409,,,
1786043854647545617,1786043854.646410872,/novatel/oem7/inspva,/novatel/oem7/inspva,/novatel/oem7/inspva,39.663,-75.756,-1.800223821,0.001357449,0.000123156,0.000839418,0.001066792,0.000123156,,novatel_oem7_msgs.msg.InertialSolutionStatus(status=3),
1786043854649696129,1786043854.646766669,/novatel/oem7/fix,/novatel/oem7/fix,/novatel/oem7/inspva,39.663,-75.756,-1.800223821,0.001357449,0.000123156,0.000839418,0.001066792,0.000123156,,0,
1786043854651271991,1786043854.647716085,/novatel/oem7/odom,/novatel/oem7/fix,/novatel/oem7/odom,39.663,-75.756,-1.800223821,0.001356840,0.000129694,0.001108993,0.000781761,0.000129694,,,
1786043854657951396,1786043854.656989076,/novatel/oem7/odom,/novatel/oem7/fix,/novatel/oem7/odom,39.663,-75.756,-1.800223821,0.001356840,0.000129694,0.001108993,0.000781761,0.000129694,,,
1786043854665661211,1786043854.664906347,/novatel/oem7/inspva,/novatel/oem7/inspva,/novatel/oem7/inspva,39.663,-75.756,-1.800246807,0.001773638,0.000381093,0.000778387,0.001593708,0.000381093,,novatel_oem7_msgs.msg.InertialSolutionStatus(status=3),
1786043854667354429,1786043854.665122229,/novatel/oem7/fix,/novatel/oem7/fix,/novatel/oem7/inspva,39.663,-75.756,-1.800246807,0.001773638,0.000381093,0.000778387,0.001593708,0.000381093,,0,
1786043854668657438,1786043854.665638374,/novatel/oem7/odom,/novatel/oem7/fix,/novatel/oem7/odom,39.663,-75.756,-1.800246807,0.001771810,0.000389501,0.001630918,0.000692401,0.000389501,,,
1786043854676936879,1786043854.675753441,/novatel/oem7/odom,/novatel/oem7/fix,/novatel/oem7/odom,39.663,-75.756,-1.800246807,0.001771810,0.000389501,0.001630918,0.000692401,0.000389501,,,
1786043854686279044,1786043854.685405612,/novatel/oem7/inspva,/novatel/oem7/inspva,/novatel/oem7/inspva,39.663,-75.756,-1.800266060,0.001464848,-0.000018263,0.000466620,0.001388541,-0.000018263,,novatel_oem7_msgs.msg.InertialSolutionStatus(status=3),
1786043854688440183,1786043854.685685298,/novatel/oem7/fix,/novatel/oem7/fix,/novatel/oem7/inspva,39.663,-75.756,-1.800266060,0.001464848,-0.000018263,0.000466620,0.001388541,-0.000018263,,0,
1786043854690093610,1786043854.686327438,/novatel/oem7/odom,/novatel/oem7/fix,/novatel/oem7/odom,39.663,-75.756,-1.800266060,0.001464916,-0.000011547,0.001411240,0.000392913,-0.000011547,,,
1786043854695699103,1786043854.694716745,/novatel/oem7/odom,/novatel/oem7/fix,/novatel/oem7/odom,39.663,-75.756,-1.800266060,0.001464916,-0.000011547,0.001411240,0.000392913,-0.000011547,,,
1786043854706874146,1786043854.705847553,/novatel/oem7/inspva,/novatel/oem7/inspva,/novatel/oem7/inspva,39.663,-75.756,-1.800287733,0.001649968,0.000181063,0.000612609,0.001532027,0.000181063,,novatel_oem7_msgs.msg.InertialSolutionStatus(status=3),
1786043854709282811,1786043854.706113829,/novatel/oem7/fix,/novatel/oem7/fix,/novatel/oem7/inspva,39.663,-75.756,-1.800287733,0.001649968,0.000181063,0.000612609,0.001532027,0.000181063,,0,
1786043854710617801,1786043854.706713572,/novatel/oem7/odom,/novatel/oem7/fix,/novatel/oem7/odom,39.663,-75.756,-1.800287733,0.001649107,0.000188745,0.001561406,0.000530627,0.000188745,,,
1786043854713009929,1786043854.709099815,/novatel/oem7/bestpos,/novatel/oem7/bestpos,/novatel/oem7/odom,39.663,-75.756,33.181991357,0.001649107,0.000188745,0.001561406,0.000530627,0.000188745,,novatel_oem7_msgs.msg.SolutionStatus(status=0),novatel_oem7_msgs.msg.PositionOrVelocityType(type=53)
1786043854714624139,1786043854.709515965,/novatel/oem7/bestvel,/novatel/oem7/bestpos,/novatel/oem7/bestvel,39.663,-75.756,33.181991357,0.001426517,0.000301081,,,,63.903620954,novatel_oem7_msgs.msg.SolutionStatus(status=0),novatel_oem7_msgs.msg.PositionOrVelocityType(type=53)
1786043854716895065,1786043854.714745561,/novatel/oem7/odom,/novatel/oem7/bestpos,/novatel/oem7/odom,39.663,-75.756,33.181991357,0.001649107,0.000188745,0.001561406,0.000530627,0.000188745,,,
1786043854726076955,1786043854.725339224,/novatel/oem7/inspva,/novatel/oem7/inspva,/novatel/oem7/inspva,39.663,-75.756,-1.800304088,0.001514333,0.000319944,0.000267094,0.001490592,0.000319944,,novatel_oem7_msgs.msg.InertialSolutionStatus(status=3),
1786043854727999558,1786043854.725532361,/novatel/oem7/fix,/novatel/oem7/fix,/novatel/oem7/inspva,39.663,-75.756,-1.800304088,0.001514333,0.000319944,0.000267094,0.001490592,0.000319944,,0,
1786043854729493696,1786043854.726187258,/novatel/oem7/odom,/novatel/oem7/fix,/novatel/oem7/odom,39.663,-75.756,-1.800304088,0.001512936,0.000326486,0.001501286,0.000187390,0.000326486,,,
1786043854736628346,1786043854.735567215,/novatel/oem7/odom,/novatel/oem7/fix,/novatel/oem7/odom,39.663,-75.756,-1.800304088,0.001512936,0.000326486,0.001501286,0.000187390,0.000326486,,,
1786043854746207393,1786043854.745256370,/novatel/oem7/inspva,/novatel/oem7/inspva,/novatel/oem7/inspva,39.663,-75.756,-1.800327078,0.001819977,0.000202113,0.000331641,0.001789506,0.000202113,,novatel_oem7_msgs.msg.InertialSolutionStatus(status=3),
1786043854748594124,1786043854.745578664,/novatel/oem7/fix,/novatel/oem7/fix,/novatel/oem7/inspva,39.663,-75.756,-1.800327078,0.001819977,0.000202113,0.000331641,0.001789506,0.000202113,,0,
1786043854750962628,1786043854.745908207,/novatel/oem7/odom,/novatel/oem7/fix,/novatel/oem7/odom,39.663,-75.756,-1.800327078,0.001819082,0.000210019,0.001803656,0.000236401,0.000210019,,,
1786043854756937035,1786043854.755781017,/novatel/oem7/odom,/novatel/oem7/fix,/novatel/oem7/odom,39.663,-75.756,-1.800327078,0.001819082,0.000210019,0.001803656,0.000236401,0.000210019,,,
1786043854767300584,1786043854.766486152,/novatel/oem7/inspva,/novatel/oem7/inspva,/novatel/oem7/inspva,39.663,-75.756,-1.800344197,0.001674969,-0.000009903,0.000380485,0.001631182,-0.000009903,,novatel_oem7_msgs.msg.InertialSolutionStatus(status=3),
1786043854769522333,1786043854.766769399,/novatel/oem7/fix,/novatel/oem7/fix,/novatel/oem7/inspva,39.663,-75.756,-1.800344197,0.001674969,-0.000009903,0.000380485,0.001631182,-0.000009903,,0,
1786043854771333608,1786043854.767289052,/novatel/oem7/odom,/novatel/oem7/fix,/novatel/oem7/odom,39.663,-75.756,-1.800344197,0.001674997,-0.000002462,0.001648982,0.000294061,-0.000002462,,,
1786043854776489791,1786043854.775584965,/novatel/oem7/odom,/novatel/oem7/fix,/novatel/oem7/odom,39.663,-75.756,-1.800344197,0.001674997,-0.000002462,0.001648982,0.000294061,-0.000002462,,,
1786043854786376588,1786043854.784939567,/novatel/oem7/inspva,/novatel/oem7/inspva,/novatel/oem7/inspva,39.663,-75.756,-1.800367065,0.001904144,0.000039437,0.000607830,0.001804524,0.000039437,,novatel_oem7_msgs.msg.InertialSolutionStatus(status=3),
1786043854789064345,1786043854.785328501,/novatel/oem7/fix,/novatel/oem7/fix,/novatel/oem7/inspva,39.663,-75.756,-1.800367065,0.001904144,0.000039437,0.000607830,0.001804524,0.000039437,,0,
1786043854790813146,1786043854.785684797,/novatel/oem7/odom,/novatel/oem7/fix,/novatel/oem7/odom,39.663,-75.756,-1.800367065,0.001903942,0.000048184,0.001833862,0.000511809,0.000048184,,,
1786043854796378963,1786043854.795445906,/novatel/oem7/odom,/novatel/oem7/fix,/novatel/oem7/odom,39.663,-75.756,-1.800367065,0.001903942,0.000048184,0.001833862,0.000511809,0.000048184,,,
1786043854807331447,1786043854.806308087,/novatel/oem7/inspva,/novatel/oem7/inspva,/novatel/oem7/inspva,39.663,-75.756,-1.800386414,0.001902668,-0.000168649,0.000618620,0.001799293,-0.000168649,,novatel_oem7_msgs.msg.InertialSolutionStatus(status=3),
1786043854809444443,1786043854.806528063,/novatel/oem7/fix,/novatel/oem7/fix,/novatel/oem7/inspva,39.663,-75.756,-1.800386414,0.001902668,-0.000168649,0.000618620,0.001799293,-0.000168649,,0,
1786043854810677651,1786043854.806831877,/novatel/oem7/odom,/novatel/oem7/fix,/novatel/oem7/odom,39.663,-75.756,-1.800386414,0.001903426,-0.000159875,0.001830049,0.000523401,-0.000159875,,,
1786043854812492954,1786043854.810027905,/novatel/oem7/bestpos,/novatel/oem7/bestpos,/novatel/oem7/odom,39.663,-75.756,33.181886852,0.001903426,-0.000159875,0.001830049,0.000523401,-0.000159875,,novatel_oem7_msgs.msg.SolutionStatus(status=0),novatel_oem7_msgs.msg.PositionOrVelocityType(type=53)
1786043854813562851,1786043854.810398065,/novatel/oem7/bestvel,/novatel/oem7/bestpos,/novatel/oem7/bestvel,39.663,-75.756,33.181886852,0.002048137,-0.000261994,,,,71.371307663,novatel_oem7_msgs.msg.SolutionStatus(status=0),novatel_oem7_msgs.msg.PositionOrVelocityType(type=53)
1786043854815731640,1786043854.814891084,/novatel/oem7/odom,/novatel/oem7/bestpos,/novatel/oem7/odom,39.663,-75.756,33.181886852,0.001903426,-0.000159875,0.001830049,0.000523401,-0.000159875,,,
1786043854827008751,1786043854.826210622,/novatel/oem7/inspva,/novatel/oem7/inspva,/novatel/oem7/inspva,39.663,-75.756,-1.800412335,0.002051344,-0.000361253,0.000760951,0.001904984,-0.000361253,,novatel_oem7_msgs.msg.InertialSolutionStatus(status=3),
1786043854829011575,1786043854.826369521,/novatel/oem7/fix,/novatel/oem7/fix,/novatel/oem7/inspva,39.663,-75.756,-1.800412335,0.002051344,-0.000361253,0.000760951,0.001904984,-0.000361253,,0,
1786043854830639478,1786043854.826831384,/novatel/oem7/odom,/novatel/oem7/fix,/novatel/oem7/odom,39.663,-75.756,-1.800412335,0.001903425,-0.000159883,0.001830045,0.000523413,-0.000159883,,,
1786043854835505124,1786043854.834582735,/novatel/oem7/odom,/novatel/oem7/fix,/novatel/oem7/odom,39.663,-75.756,-1.800412335,0.002053009,-0.000351669,0.001943863,0.000660484,-0.000351669,,,
1786043854846273543,1786043854.845357235,/novatel/oem7/inspva,/novatel/oem7/inspva,/novatel/oem7/inspva,39.663,-75.756,-1.800427952,0.002216843,0.000206972,0.000441259,0.002172483,0.000206972,,novatel_oem7_msgs.msg.InertialSolutionStatus(status=3),
1786043854848069768,1786043854.845569622,/novatel/oem7/fix,/novatel/oem7/fix,/novatel/oem7/inspva,39.663,-75.756,-1.800427952,0.002216843,0.000206972,0.000441259,0.002172483,0.000206972,,0,
1786043854849337901,1786043854.846043699,/novatel/oem7/odom,/novatel/oem7/fix,/novatel/oem7/odom,39.663,-75.756,-1.800427952,0.002215917,0.000216662,0.002191856,0.000325663,0.000216662,,,
1786043854858003106,1786043854.856682579,/novatel/oem7/odom,/novatel/oem7/fix,/novatel/oem7/odom,39.663,-75.756,-1.800427952,0.002215917,0.000216662,0.002191856,0.000325663,0.000216662,,,
1786043854866074318,1786043854.865313727,/novatel/oem7/inspva,/novatel/oem7/inspva,/novatel/oem7/inspva,39.663,-75.756,-1.800456166,0.002365481,-0.000206827,0.000662754,0.002270740,-0.000206827,,novatel_oem7_msgs.msg.InertialSolutionStatus(status=3),
1786043854868074048,1786043854.865482865,/novatel/oem7/fix,/novatel/oem7/fix,/novatel/oem7/inspva,39.663,-75.756,-1.800456166,0.002365481,-0.000206827,0.000662754,0.002270740,-0.000206827,,0,
1786043854869859040,1786043854.865924297,/novatel/oem7/odom,/novatel/oem7/fix,/novatel/oem7/odom,39.663,-75.756,-1.800456166,0.002366392,-0.000196127,0.002303311,0.000542745,-0.000196127,,,
1786043854875455943,1786043854.874466201,/novatel/oem7/odom,/novatel/oem7/fix,/novatel/oem7/odom,39.663,-75.756,-1.800456166,0.002366392,-0.000196127,0.002303311,0.000542745,-0.000196127,,,
1786043854887685821,1786043854.886738861,/novatel/oem7/inspva,/novatel/oem7/inspva,/novatel/oem7/inspva,39.663,-75.756,-1.800477737,0.002170363,-0.000553504,0.001022745,0.001914280,-0.000553504,,novatel_oem7_msgs.msg.InertialSolutionStatus(status=3),
1786043854889645371,1786043854.886914275,/novatel/oem7/fix,/novatel/oem7/fix,/novatel/oem7/inspva,39.663,-75.756,-1.800477737,0.002170363,-0.000553504,0.001022745,0.001914280,-0.000553504,,0,
1786043854891115266,1786043854.887306464,/novatel/oem7/odom,/novatel/oem7/fix,/novatel/oem7/odom,39.663,-75.756,-1.800477737,0.002172970,-0.000543179,0.001967703,0.000921925,-0.000543179,,,
1786043854895992438,1786043854.895152500,/novatel/oem7/odom,/novatel/oem7/fix,/novatel/oem7/odom,39.663,-75.756,-1.800477737,0.002172970,-0.000543179,0.001967703,0.000921925,-0.000543179,,,
1786043854906256466,1786043854.905685601,/novatel/oem7/inspva,/novatel/oem7/inspva,/novatel/oem7/inspva,39.663,-75.756,-1.800503386,0.002304266,-0.000581146,0.001145718,0.001999244,-0.000581146,,novatel_oem7_msgs.msg.InertialSolutionStatus(status=3),
1786043854908002014,1786043854.905801580,/novatel/oem7/fix,/novatel/oem7/fix,/novatel/oem7/inspva,39.663,-75.756,-1.800503386,0.002304266,-0.000581146,0.001145718,0.001999244,-0.000581146,,0,
1786043854909059111,1786043854.906404651,/novatel/oem7/odom,/novatel/oem7/fix,/novatel/oem7/odom,39.663,-75.756,-1.800503386,0.002307007,-0.000570168,0.002059139,0.001040302,-0.000570168,,,
1786043854910699681,1786043854.908964565,/novatel/oem7/bestpos,/novatel/oem7/bestpos,/novatel/oem7/odom,39.663,-75.756,33.181786497,0.002307007,-0.000570168,0.002059139,0.001040302,-0.000570168,,novatel_oem7_msgs.msg.SolutionStatus(status=0),novatel_oem7_msgs.msg.PositionOrVelocityType(type=53)
1786043854911640634,1786043854.909486545,/novatel/oem7/bestvel,/novatel/oem7/bestpos,/novatel/oem7/bestvel,39.663,-75.756,33.181786497,0.001592464,-0.000117381,,,,47.454650776,novatel_oem7_msgs.msg.SolutionStatus(status=0),novatel_oem7_msgs.msg.PositionOrVelocityType(type=53)
1786043854916374815,1786043854.915462173,/novatel/oem7/odom,/novatel/oem7/bestpos,/novatel/oem7/odom,39.663,-75.756,33.181786497,0.002307007,-0.000570168,0.002059139,0.001040302,-0.000570168,,,
1786043854927065801,1786043854.926308741,/novatel/oem7/inspva,/novatel/oem7/inspva,/novatel/oem7/inspva,39.663,-75.756,-1.800519777,0.002433188,0.000034691,0.001381569,0.002002915,0.000034691,,novatel_oem7_msgs.msg.InertialSolutionStatus(status=3),
1786043854928966297,1786043854.926493600,/novatel/oem7/fix,/novatel/oem7/fix,/novatel/oem7/inspva,39.663,-75.756,-1.800519777,0.002433188,0.000034691,0.001381569,0.002002915,0.000034691,,0,
1786043854930472152,1786043854.926938248,/novatel/oem7/odom,/novatel/oem7/fix,/novatel/oem7/odom,39.663,-75.756,-1.800519777,0.002432993,0.000046377,0.002072761,0.001274017,0.000046377,,,
1786043854935686289,1786043854.934838517,/novatel/oem7/odom,/novatel/oem7/fix,/novatel/oem7/odom,39.663,-75.756,-1.800519777,0.002432993,0.000046377,0.002072761,0.001274017,0.000046377,,,
1786043854946557969,1786043854.945859890,/novatel/oem7/inspva,/novatel/oem7/inspva,/novatel/oem7/inspva,39.663,-75.756,-1.800549990,0.002573376,-0.000341442,0.000966366,0.002385037,-0.000341442,,novatel_oem7_msgs.msg.InertialSolutionStatus(status=3),
1786043854948246633,1786043854.946000056,/novatel/oem7/fix,/novatel/oem7/fix,/novatel/oem7/inspva,39.663,-75.756,-1.800549990,0.002573376,-0.000341442,0.000966366,0.002385037,-0.000341442,,0,
1786043854949373778,1786043854.946304371,/novatel/oem7/odom,/novatel/oem7/fix,/novatel/oem7/odom,39.663,-75.756,-1.800549990,0.002574945,-0.000329406,0.002433992,0.000840253,-0.000329406,,,
1786043854956953978,1786043854.955924191,/novatel/oem7/odom,/novatel/oem7/fix,/novatel/oem7/odom,39.663,-75.756,-1.800549990,0.002574945,-0.000329406,0.002433992,0.000840253,-0.000329406,,,
1786043854965926809,1786043854.965189999,/novatel/oem7/inspva,/novatel/oem7/inspva,/novatel/oem7/inspva,39.663,-75.756,-1.800565884,0.002812347,-0.000038288,0.001056688,0.002606282,-0.000038288,,novatel_oem7_msgs.msg.InertialSolutionStatus(status=3),
1786043854967841485,1786043854.965342538,/novatel/oem7/fix,/novatel/oem7/fix,/novatel/oem7/inspva,39.663,-75.756,-1.800565884,0.002812347,-0.000038288,0.001056688,0.002606282,-0.000038288,,0,
1786043854969288087,1786043854.966006357,/novatel/oem7/odom,/novatel/oem7/fix,/novatel/oem7/odom,39.663,-75.756,-1.800565884,0.002812495,-0.000025184,0.002658456,0.000918007,-0.000025184,,,
1786043854975415092,1786043854.974721242,/novatel/oem7/odom,/novatel/oem7/fix,/novatel/oem7/odom,39.663,-75.756,-1.800565884,0.002812495,-0.000025184,0.002658456,0.000918007,-0.000025184,,,
1786043854986809328,1786043854.985945035,/novatel/oem7/inspva,/novatel/oem7/inspva,/novatel/oem7/inspva,39.663,-75.756,-1.800590058,0.002864954,0.000036934,0.000982445,0.002691238,0.000036934,,novatel_oem7_msgs.msg.InertialSolutionStatus(status=3),
1786043854988900209,1786043854.986105970,/novatel/oem7/fix,/novatel/oem7/fix,/novatel/oem7/inspva,39.663,-75.756,-1.800590058,0.002864954,0.000036934,0.000982445,0.002691238,0.000036934,,0,
1786043854990277656,1786043854.986442799,/novatel/oem7/odom,/novatel/oem7/fix,/novatel/oem7/odom,39.663,-75.756,-1.800590058,0.002864753,0.000050159,0.002739079,0.000839200,0.000050159,,,
1786043854995233054,1786043854.994268604,/novatel/oem7/odom,/novatel/oem7/fix,/novatel/oem7/odom,39.663,-75.756,-1.800590058,0.002864753,0.000050159,0.002739079,0.000839200,0.000050159,,,
1786043855010490009,1786043855.009796054,/novatel/oem7/inspva,/novatel/oem7/inspva,/novatel/oem7/inspva,39.663,-75.756,-1.800610759,0.002878634,-0.000515194,0.001269096,0.002583783,-0.000515194,,novatel_oem7_msgs.msg.InertialSolutionStatus(status=3),
1786043855011977487,1786043855.009954253,/novatel/oem7/fix,/novatel/oem7/fix,/novatel/oem7/inspva,39.663,-75.756,-1.800610759,0.002878634,-0.000515194,0.001269096,0.002583783,-0.000515194,,0,
1786043855013152736,1786043855.011404278,/novatel/oem7/odom,/novatel/oem7/fix,/novatel/oem7/odom,39.663,-75.756,-1.800610759,0.002881038,-0.000501577,0.002649092,0.001132560,-0.000501577,,,
1786043855017828256,1786043855.017083178,/novatel/oem7/odom,/novatel/oem7/fix,/novatel/oem7/odom,39.663,-75.756,-1.800610759,0.002881038,-0.000501577,0.002649092,0.001132560,-0.000501577,,,
1786043855025674803,1786043855.024525461,/novatel/oem7/bestpos,/novatel/oem7/bestpos,/novatel/oem7/odom,39.663,-75.756,33.181672147,0.002881038,-0.000501577,0.002649092,0.001132560,-0.000501577,,novatel_oem7_msgs.msg.SolutionStatus(status=0),novatel_oem7_msgs.msg.PositionOrVelocityType(type=53)
1786043855027718597,1786043855.025408280,/novatel/oem7/bestvel,/novatel/oem7/bestpos,/novatel/oem7/bestvel,39.663,-75.756,33.181672147,0.002835510,-0.000501300,,,,62.651411875,novatel_oem7_msgs.msg.SolutionStatus(status=0),novatel_oem7_msgs.msg.PositionOrVelocityType(type=53)
1786043855029179629,1786043855.026368903,/novatel/oem7/inspva,/novatel/oem7/inspva,/novatel/oem7/inspva,39.663,-75.756,-1.800635188,0.002623901,-0.000556786,0.001190719,0.002338172,-0.000556786,,novatel_oem7_msgs.msg.InertialSolutionStatus(status=3),
1786043855030412121,1786043855.026624986,/novatel/oem7/fix,/novatel/oem7/fix,/novatel/oem7/inspva,39.663,-75.756,-1.800635188,0.002623901,-0.000556786,0.001190719,0.002338172,-0.000556786,,0,
1786043855031939967,1786043855.026916915,/novatel/oem7/odom,/novatel/oem7/fix,/novatel/oem7/odom,39.663,-75.756,-1.800635188,0.002626511,-0.000544340,0.002399872,0.001067322,-0.000544340,,,
1786043855035392245,1786043855.034414989,/novatel/oem7/odom,/novatel/oem7/fix,/novatel/oem7/odom,39.663,-75.756,-1.800635188,0.002626511,-0.000544340,0.002399872,0.001067322,-0.000544340,,,
1786043855046731597,1786043855.045728100,/novatel/oem7/inspva,/novatel/oem7/inspva,/novatel/oem7/inspva,39.663,-75.756,-1.800637343,0.002894350,0.000082588,0.001341906,0.002564479,0.000082588,,novatel_oem7_msgs.msg.InertialSolutionStatus(status=3),
1786043855048805725,1786043855.046046930,/novatel/oem7/fix,/novatel/oem7/fix,/novatel/oem7/inspva,39.663,-75.756,-1.800637343,0.002894350,0.000082588,0.001341906,0.002564479,0.000082588,,0,
1786043855050641437,1786043855.046746217,/novatel/oem7/odom,/novatel/oem7/fix,/novatel/oem7/odom,39.663,-75.756,-1.800637343,0.002893926,0.000096301,0.002631257,0.001204698,0.000096301,,,
1786043855057552024,1786043855.056449649,/novatel/oem7/odom,/novatel/oem7/fix,/novatel/oem7/odom,39.663,-75.756,-1.800637343,0.002893926,0.000096301,0.002631257,0.001204698,0.000096301,,,
1786043855066385210,1786043855.065344108,/novatel/oem7/inspva,/novatel/oem7/inspva,/novatel/oem7/inspva,39.663,-75.756,-1.800636566,0.002767662,-0.000023046,0.001326143,0.002429259,-0.000023046,,novatel_oem7_msgs.msg.InertialSolutionStatus(status=3),
1786043855068504842,1786043855.065479749,/novatel/oem7/fix,/novatel/oem7/fix,/novatel/oem7/inspva,39.663,-75.756,-1.800636566,0.002767662,-0.000023046,0.001326143,0.002429259,-0.000023046,,0,
1786043855070025844,1786043855.066182528,/novatel/oem7/odom,/novatel/oem7/fix,/novatel/oem7/odom,39.663,-75.756,-1.800636566,0.002767741,-0.000009851,0.002495822,0.001196354,-0.000009851,,,
1786043855076404482,1786043855.075551853,/novatel/oem7/odom,/novatel/oem7/fix,/novatel/oem7/odom,39.663,-75.756,-1.800636566,0.002767741,-0.000009851,0.002495822,0.001196354,-0.000009851,,,
1786043855086376033,1786043855.085325430,/novatel/oem7/inspva,/novatel/oem7/inspva,/novatel/oem7/inspva,39.663,-75.756,-1.800636175,0.003152844,-0.000283074,0.001507299,0.002769201,-0.000283074,,novatel_oem7_msgs.msg.InertialSolutionStatus(status=3),
1786043855089278476,1786043855.085506606,/novatel/oem7/fix,/novatel/oem7/fix,/novatel/oem7/inspva,39.663,-75.756,-1.800636175,0.003152844,-0.000283074,0.001507299,0.002769201,-0.000283074,,0,
1786043855091138395,1786043855.086089729,/novatel/oem7/odom,/novatel/oem7/fix,/novatel/oem7/odom,39.663,-75.756,-1.800636175,0.003154153,-0.000268099,0.002845885,0.001360006,-0.000268099,,,
1786043855096078379,1786043855.095175173,/novatel/oem7/odom,/novatel/oem7/fix,/novatel/oem7/odom,39.663,-75.756,-1.800636175,0.003154153,-0.000268099,0.002845885,0.001360006,-0.000268099,,,
1786043855106699833,1786043855.105896351,/novatel/oem7/inspva,/novatel/oem7/inspva,/novatel/oem7/inspva,39.663,-75.756,-1.800631758,0.002679475,-0.000176661,0.001324077,0.002329465,-0.000176661,,novatel_oem7_msgs.msg.InertialSolutionStatus(status=3),
1786043855108320813,1786043855.106038133,/novatel/oem7/fix,/novatel/oem7/fix,/novatel/oem7/inspva,39.663,-75.756,-1.800631758,0.002679475,-0.000176661,0.001324077,0.002329465,-0.000176661,,0,
1786043855109581033,1786043855.106452250,/novatel/oem7/odom,/novatel/oem7/fix,/novatel/oem7/odom,39.663,-75.756,-1.800631758,0.002680288,-0.000163880,0.002396688,0.001199929,-0.000163880,,,
1786043855111177355,1786043855.109236898,/novatel/oem7/bestpos,/novatel/oem7/bestpos,/novatel/oem7/odom,39.663,-75.756,33.181698322,0.002680288,-0.000163880,0.002396688,0.001199929,-0.000163880,,novatel_oem7_msgs.msg.SolutionStatus(status=0),novatel_oem7_msgs.msg.PositionOrVelocityType(type=53)
1786043855112184649,1786043855.109907201,/novatel/oem7/bestvel,/novatel/oem7/bestpos,/novatel/oem7/bestvel,39.663,-75.756,33.181698322,0.002909216,-0.000252946,,,,66.600074082,novatel_oem7_msgs.msg.SolutionStatus(status=0),novatel_oem7_msgs.msg.PositionOrVelocityType(type=53)
1786043855116642141,1786043855.115372838,/novatel/oem7/odom,/novatel/oem7/bestpos,/novatel/oem7/odom,39.663,-75.756,33.181698322,0.002680288,-0.000163880,0.002396688,0.001199929,-0.000163880,,,
1786043855126623282,1786043855.125452724,/novatel/oem7/inspva,/novatel/oem7/inspva,/novatel/oem7/inspva,39.663,-75.756,-1.800631129,0.002999848,-0.000298744,0.001595494,0.002540372,-0.000298744,,novatel_oem7_msgs.msg.InertialSolutionStatus(status=3),
1786043855128681243,1786043855.126565265,/novatel/oem7/fix,/novatel/oem7/fix,/novatel/oem7/inspva,39.663,-75.756,-1.800631129,0.002999848,-0.000298744,0.001595494,0.002540372,-0.000298744,,0,
1786043855130172678,1786043855.127900920,/novatel/oem7/odom,/novatel/oem7/fix,/novatel/oem7/odom,39.663,-75.756,-1.800631129,0.003001246,-0.000284361,0.002622094,0.001460171,-0.000284361,,,
1786043855136377801,1786043855.135610310,/novatel/oem7/odom,/novatel/oem7/fix,/novatel/oem7/odom,39.663,-75.756,-1.800631129,0.003001246,-0.000284361,0.002622094,0.001460171,-0.000284361,,,
1786043855145794967,1786043855.144980879,/novatel/oem7/inspva,/novatel/oem7/inspva,/novatel/oem7/inspva,39.663,-75.756,-1.800627788,0.002678375,-0.000166522,0.001191821,0.002398594,-0.000166522,,novatel_oem7_msgs.msg.InertialSolutionStatus(status=3),
1786043855147606132,1786043855.145126843,/novatel/oem7/fix,/novatel/oem7/fix,/novatel/oem7/inspva,39.663,-75.756,-1.800627788,0.002678375,-0.000166522,0.001191821,0.002398594,-0.000166522,,0,
1786043855149342370,1786043855.145675850,/novatel/oem7/odom,/novatel/oem7/fix,/novatel/oem7/odom,39.663,-75.756,-1.800627788,0.002679133,-0.000153841,0.002458710,0.001064189,-0.000153841,,,
1786043855157207150,1786043855.156180179,/novatel/oem7/odom,/novatel/oem7/fix,/novatel/oem7/odom,39.663,-75.756,-1.800627788,0.002679133,-0.000153841,0.002458710,0.001064189,-0.000153841,,,
1786043855168159861,1786043855.166942519,/novatel/oem7/inspva,/novatel/oem7/inspva,/novatel/oem7/inspva,39.663,-75.756,-1.800626096,0.002799943,-0.000086506,0.001530472,0.002344639,-0.000086506,,novatel_oem7_msgs.msg.InertialSolutionStatus(status=3),
1786043855169556965,1786043855.167899717,/novatel/oem7/fix,/novatel/oem7/fix,/novatel/oem7/inspva,39.663,-75.756,-1.800626096,0.002799943,-0.000086506,0.001530472,0.002344639,-0.000086506,,0,
1786043855170667844,1786043855.168240722,/novatel/oem7/odom,/novatel/oem7/fix,/novatel/oem7/odom,39.663,-75.756,-1.800626096,0.002800324,-0.000073114,0.002422347,0.001405009,-0.000073114,,,
1786043855175632277,1786043855.174759931,/novatel/oem7/odom,/novatel/oem7/fix,/novatel/oem7/odom,39.663,-75.756,-1.800626096,0.002800324,-0.000073114,0.002422347,0.001405009,-0.000073114,,,
1786043855186718090,1786043855.185505652,/novatel/oem7/inspva,/novatel/oem7/inspva,/novatel/oem7/inspva,39.663,-75.756,-1.800623231,0.002748899,0.000094775,0.001217051,0.002464799,0.000094775,,novatel_oem7_msgs.msg.InertialSolutionStatus(status=3),
1786043855189362733,1786043855.186821887,/novatel/oem7/fix,/novatel/oem7/fix,/novatel/oem7/inspva,39.663,-75.756,-1.800623231,0.002748899,0.000094775,0.001217051,0.002464799,0.000094775,,0,
1786043855191579596,1786043855.188310629,/novatel/oem7/odom,/novatel/oem7/fix,/novatel/oem7/odom,39.663,-75.756,-1.800623231,0.002748421,0.000107766,0.002525104,0.001085204,0.000107766,,,
1786043855196933704,1786043855.195960854,/novatel/oem7/odom,/novatel/oem7/fix,/novatel/oem7/odom,39.663,-75.756,-1.800623231,0.002748421,0.000107766,0.002525104,0.001085204,0.000107766,,,
1786043855207247385,1786043855.206405293,/novatel/oem7/inspva,/novatel/oem7/inspva,/novatel/oem7/inspva,39.663,-75.756,-1.800625344,0.002919166,-0.000262510,0.001435730,0.002541694,-0.000262510,,novatel_oem7_msgs.msg.InertialSolutionStatus(status=3),
1786043855208964539,1786043855.206577727,/novatel/oem7/fix,/novatel/oem7/fix,/novatel/oem7/inspva,39.663,-75.756,-1.800625344,0.002919166,-0.000262510,0.001435730,0.002541694,-0.000262510,,0,
1786043855210229322,1786043855.207166948,/novatel/oem7/odom,/novatel/oem7/fix,/novatel/oem7/odom,39.663,-75.756,-1.800625344,0.002920381,-0.000248624,0.002614848,0.001300460,-0.000248624,,,
1786043855211892366,1786043855.209900705,/novatel/oem7/bestpos,/novatel/oem7/bestpos,/novatel/oem7/odom,39.663,-75.756,33.181709407,0.002920381,-0.000248624,0.002614848,0.001300460,-0.000248624,,novatel_oem7_msgs.msg.SolutionStatus(status=0),novatel_oem7_msgs.msg.PositionOrVelocityType(type=53)
1786043855213190749,1786043855.210300416,/novatel/oem7/bestvel,/novatel/oem7/bestpos,/novatel/oem7/bestvel,39.663,-75.756,33.181709407,0.002840123,-0.000070646,,,,69.261021707,novatel_oem7_msgs.msg.SolutionStatus(status=0),novatel_oem7_msgs.msg.PositionOrVelocityType(type=53)
1786043855216149839,1786043855.215053018,/novatel/oem7/odom,/novatel/oem7/bestpos,/novatel/oem7/odom,39.663,-75.756,33.181709407,0.002920381,-0.000248624,0.002614848,0.001300460,-0.000248624,,,
1786043855226793124,1786043855.225990529,/novatel/oem7/inspva,/novatel/oem7/inspva,/novatel/oem7/inspva,39.663,-75.756,-1.800622270,0.002889695,-0.000253323,0.001198591,0.002629395,-0.000253323,,novatel_oem7_msgs.msg.InertialSolutionStatus(status=3),
1786043855228807855,1786043855.226207491,/novatel/oem7/fix,/novatel/oem7/fix,/novatel/oem7/inspva,39.663,-75.756,-1.800622270,0.002889695,-0.000253323,0.001198591,0.002629395,-0.000253323,,0,
1786043855230327276,1786043855.226527313,/novatel/oem7/odom,/novatel/oem7/fix,/novatel/oem7/odom,39.663,-75.756,-1.800622270,0.002890854,-0.000239737,0.002689901,0.001058994,-0.000239737,,,
1786043855235637414,1786043855.234357757,/novatel/oem7/odom,/novatel/oem7/fix,/novatel/oem7/odom,39.663,-75.756,-1.800622270,0.002890854,-0.000239737,0.002689901,0.001058994,-0.000239737,,,
1786043855246209308,1786043855.244908491,/novatel/oem7/inspva,/novatel/oem7/inspva,/novatel/oem7/inspva,39.663,-75.756,-1.800619197,0.002851037,-0.000010716,0.001353377,0.002509339,-0.000010716,,novatel_oem7_msgs.msg.InertialSolutionStatus(status=3),
1786043855248708507,1786043855.245249518,/novatel/oem7/fix,/novatel/oem7/fix,/novatel/oem7/inspva,39.663,-75.756,-1.800619197,0.002851037,-0.000010716,0.001353377,0.002509339,-0.000010716,,0,
1786043855250368967,1786043855.246070296,/novatel/oem7/odom,/novatel/oem7/fix,/novatel/oem7/odom,39.663,-75.756,-1.800619197,0.002851056,0.000002812,0.002577194,0.001219257,0.000002812,,,
1786043855257644751,1786043855.256510676,/novatel/oem7/odom,/novatel/oem7/fix,/novatel/oem7/odom,39.663,-75.756,-1.800619197,0.002851056,0.000002812,0.002577194,0.001219257,0.000002812,,,
1786043855265786147,1786043855.264947942,/novatel/oem7/inspva,/novatel/oem7/inspva,/novatel/oem7/inspva,39.663,-75.756,-1.800618545,0.002711459,0.000031344,0.001157162,0.002452139,0.000031344,,novatel_oem7_msgs.msg.InertialSolutionStatus(status=3),
1786043855267529788,1786043855.265194160,/novatel/oem7/fix,/novatel/oem7/fix,/novatel/oem7/inspva,39.663,-75.756,-1.800618545,0.002711459,0.000031344,0.001157162,0.002452139,0.000031344,,0,
1786043855269605435,1786043855.265753886,/novatel/oem7/odom,/novatel/oem7/fix,/novatel/oem7/odom,39.663,-75.756,-1.800618545,0.002711281,0.000044108,0.002509570,0.001026210,0.000044108,,,
1786043855275365881,1786043855.274508305,/novatel/oem7/odom,/novatel/oem7/fix,/novatel/oem7/odom,39.663,-75.756,-1.800618545,0.002711281,0.000044108,0.002509570,0.001026210,0.000044108,,,
1786043855287089627,1786043855.286472060,/novatel/oem7/inspva,/novatel/oem7/inspva,/novatel/oem7/inspva,39.663,-75.756,-1.800617494,0.003041963,-0.000081120,0.001609673,0.002581180,-0.000081120,,novatel_oem7_msgs.msg.InertialSolutionStatus(status=3),
1786043855289128294,1786043855.286669299,/novatel/oem7/fix,/novatel/oem7/fix,/novatel/oem7/inspva,39.663,-75.756,-1.800617494,0.003041963,-0.000081120,0.001609673,0.002581180,-0.000081120,,0,
1786043855290736210,1786043855.287003612,/novatel/oem7/odom,/novatel/oem7/fix,/novatel/oem7/odom,39.663,-75.756,-1.800617494,0.003042315,-0.000066608,0.002662707,0.001471624,-0.000066608,,,
1786043855295865832,1786043855.295100835,/novatel/oem7/odom,/novatel/oem7/fix,/novatel/oem7/odom,39.663,-75.756,-1.800617494,0.003042315,-0.000066608,0.002662707,0.001471624,-0.000066608,,,
1786043855306930652,1786043855.305793507,/novatel/oem7/inspva,/novatel/oem7/inspva,/novatel/oem7/inspva,39.663,-75.756,-1.800616741,0.002604696,-0.000117491,0.001376234,0.002211429,-0.000117491,,novatel_oem7_msgs.msg.InertialSolutionStatus(status=3),
1786043855309280469,1786043855.306091010,/novatel/oem7/fix,/novatel/oem7/fix,/novatel/oem7/inspva,39.663,-75.756,-1.800616741,0.002604696,-0.000117491,0.001376234,0.002211429,-0.000117491,,0,
1786043855311075991,1786043855.306788120,/novatel/oem7/odom,/novatel/oem7/fix,/novatel/oem7/odom,39.663,-75.756,-1.800616741,0.002605226,-0.000105070,0.002281335,0.001258059,-0.000105070,,,
1786043855313416248,1786043855.309201492,/novatel/oem7/bestpos,/novatel/oem7/bestpos,/novatel/oem7/odom,39.663,-75.756,33.181717986,0.002605226,-0.000105070,0.002281335,0.001258059,-0.000105070,,novatel_oem7_msgs.msg.SolutionStatus(status=0),novatel_oem7_msgs.msg.PositionOrVelocityType(type=53)
1786043855314824949,1786043855.309618249,/novatel/oem7/bestvel,/novatel/oem7/bestpos,/novatel/oem7/bestvel,39.663,-75.756,33.181717986,0.002466498,0.000010484,,,,60.556351901,novatel_oem7_msgs.msg.SolutionStatus(status=0),novatel_oem7_msgs.msg.PositionOrVelocityType(type=53)
1786043855316959487,1786043855.315459651,/novatel/oem7/odom,/novatel/oem7/bestpos,/novatel/oem7/odom,39.663,-75.756,33.181717986,0.002605226,-0.000105070,0.002281335,0.001258059,-0.000105070,,,
1786043855326128634,1786043855.325371536,/novatel/oem7/inspva,/novatel/oem7/inspva,/novatel/oem7/inspva,39.663,-75.756,-1.800618286,0.002996225,-0.000271636,0.001268478,0.002714466,-0.000271636,,novatel_oem7_msgs.msg.InertialSolutionStatus(status=3),
1786043855328243598,1786043855.325568158,/novatel/oem7/fix,/novatel/oem7/fix,/novatel/oem7/inspva,39.663,-75.756,-1.800618286,0.002996225,-0.000271636,0.001268478,0.002714466,-0.000271636,,0,
1786043855329932632,1786043855.326256727,/novatel/oem7/odom,/novatel/oem7/fix,/novatel/oem7/odom,39.663,-75.756,-1.800618286,0.002997465,-0.000257590,0.002778621,0.001124307,-0.000257590,,,
1786043855336030577,1786043855.335032524,/novatel/oem7/odom,/novatel/oem7/fix,/novatel/oem7/odom,39.663,-75.756,-1.800618286,0.002997465,-0.000257590,0.002778621,0.001124307,-0.000257590,,,
1786043855347344045,1786043855.346371945,/novatel/oem7/inspva,/novatel/oem7/inspva,/novatel/oem7/inspva,39.663,-75.756,-1.800618206,0.002900285,-0.000247420,0.001317581,0.002583725,-0.000247420,,novatel_oem7_msgs.msg.InertialSolutionStatus(status=3),
1786043855349299919,1786043855.346662325,/novatel/oem7/fix,/novatel/oem7/fix,/novatel/oem7/inspva,39.663,-75.756,-1.800618206,0.002900285,-0.000247420,0.001317581,0.002583725,-0.000247420,,0,
1786043855350896912,1786043855.347077813,/novatel/oem7/odom,/novatel/oem7/fix,/novatel/oem7/odom,39.663,-75.756,-1.800618206,0.002901420,-0.000233743,0.002650543,0.001180195,-0.000233743,,,
1786043855356994424,1786043855.355589039,/novatel/oem7/odom,/novatel/oem7/fix,/novatel/oem7/odom,39.663,-75.756,-1.800618206,0.002901420,-0.000233743,0.002650543,0.001180195,-0.000233743,,,
1786043855365862557,1786043855.365088726,/novatel/oem7/inspva,/novatel/oem7/inspva,/novatel/oem7/inspva,39.663,-75.756,-1.800620248,0.003385555,-0.000342041,0.000992218,0.003236894,-0.000342041,,novatel_oem7_msgs.msg.InertialSolutionStatus(status=3),
1786043855367495984,1786043855.365262421,/novatel/oem7/fix,/novatel/oem7/fix,/novatel/oem7/inspva,39.663,-75.756,-1.800620248,0.003385555,-0.000342041,0.000992218,0.003236894,-0.000342041,,0,
1786043855368682356,1786043855.365602281,/novatel/oem7/odom,/novatel/oem7/fix,/novatel/oem7/odom,39.663,-75.756,-1.800620248,0.003387063,-0.000326767,0.003286032,0.000821092,-0.000326767,,,
1786043855376820059,1786043855.375805172,/novatel/oem7/odom,/novatel/oem7/fix,/novatel/oem7/odom,39.663,-75.756,-1.800620248,0.003387063,-0.000326767,0.003286032,0.000821092,-0.000326767,,,
1786043855385860151,1786043855.385065563,/novatel/oem7/inspva,/novatel/oem7/inspva,/novatel/oem7/inspva,39.663,-75.756,-1.800618652,0.002901705,-0.000220746,0.001158675,0.002660332,-0.000220746,,novatel_oem7_msgs.msg.InertialSolutionStatus(status=3),
1786043855387703452,1786043855.385303141,/novatel/oem7/fix,/novatel/oem7/fix,/novatel/oem7/inspva,39.663,-75.756,-1.800618652,0.002901705,-0.000220746,0.001158675,0.002660332,-0.000220746,,0,
1786043855389293339,1786043855.385703539,/novatel/oem7/odom,/novatel/oem7/fix,/novatel/oem7/odom,39.663,-75.756,-1.800618652,0.002902702,-0.000207228,0.002718568,0.001017384,-0.000207228,,,
1786043855395552979,1786043855.394491115,/novatel/oem7/odom,/novatel/oem7/fix,/novatel/oem7/odom,39.663,-75.756,-1.800618652,0.002902702,-0.000207228,0.002718568,0.001017384,-0.000207228,,,
1786043855407354889,1786043855.406248408,/novatel/oem7/inspva,/novatel/oem7/inspva,/novatel/oem7/inspva,39.663,-75.756,-1.800618421,0.003038666,-0.000061864,0.001187507,0.002797020,-0.000061864,,novatel_oem7_msgs.msg.InertialSolutionStatus(status=3),
1786043855409702149,1786043855.406524451,/novatel/oem7/fix,/novatel/oem7/fix,/novatel/oem7/inspva,39.663,-75.756,-1.800618421,0.003038666,-0.000061864,0.001187507,0.002797020,-0.000061864,,0,
1786043855411572328,1786043855.407249128,/novatel/oem7/odom,/novatel/oem7/fix,/novatel/oem7/odom,39.663,-75.756,-1.800618421,0.003038921,-0.000047732,0.002855943,0.001038571,-0.000047732,,,
1786043855413739287,1786043855.410279499,/novatel/oem7/bestpos,/novatel/oem7/bestpos,/novatel/oem7/odom,39.663,-75.756,33.181718215,0.003038921,-0.000047732,0.002855943,0.001038571,-0.000047732,,novatel_oem7_msgs.msg.SolutionStatus(status=0),novatel_oem7_msgs.msg.PositionOrVelocityType(type=53)
1786043855415168919,1786043855.410772654,/novatel/oem7/bestvel,/novatel/oem7/bestpos,/novatel/oem7/bestvel,39.663,-75.756,33.181718215,0.003176320,-0.000015886,,,,73.810104267,novatel_oem7_msgs.msg.SolutionStatus(status=0),novatel_oem7_msgs.msg.PositionOrVelocityType(type=53)
1786043855417308987,1786043855.415107571,/novatel/oem7/odom,/novatel/oem7/bestpos,/novatel/oem7/odom,39.663,-75.756,33.181718215,0.003038921,-0.000047732,0.002855943,0.001038571,-0.000047732,,,
1786043855425657395,1786043855.424888057,/novatel/oem7/inspva,/novatel/oem7/inspva,/novatel/oem7/inspva,39.663,-75.756,-1.800617835,0.003196565,-0.000313500,0.001256724,0.002939162,-0.000313500,,novatel_oem7_msgs.msg.InertialSolutionStatus(status=3),
1786043855427596948,1786043855.425140770,/novatel/oem7/fix,/novatel/oem7/fix,/novatel/oem7/inspva,39.663,-75.756,-1.800617835,0.003196565,-0.000313500,0.001256724,0.002939162,-0.000313500,,0,
1786043855429251648,1786043855.425598425,/novatel/oem7/odom,/novatel/oem7/fix,/novatel/oem7/odom,39.663,-75.756,-1.800617835,0.003197987,-0.000298644,0.003002539,0.001100855,-0.000298644,,,
1786043855436518969,1786043855.435491721,/novatel/oem7/odom,/novatel/oem7/fix,/novatel/oem7/odom,39.663,-75.756,-1.800617835,0.003197987,-0.000298644,0.003002539,0.001100855,-0.000298644,,,
1786043855446444540,1786043855.445387692,/novatel/oem7/inspva,/novatel/oem7/inspva,/novatel/oem7/inspva,39.663,-75.756,-1.800612327,0.003300603,0.000125394,0.000896784,0.003176438,0.000125394,,novatel_oem7_msgs.msg.InertialSolutionStatus(status=3),
1786043855448569534,1786043855.445721342,/novatel/oem7/fix,/novatel/oem7/fix,/novatel/oem7/inspva,39.663,-75.756,-1.800612327,0.003300603,0.000125394,0.000896784,0.003176438,0.000125394,,0,
1786043855450222081,1786043855.446182764,/novatel/oem7/odom,/novatel/oem7/fix,/novatel/oem7/odom,39.663,-75.756,-1.800612327,0.003300007,0.000140193,0.003218755,0.000727780,0.000140193,,,
1786043855457884993,1786043855.456432268,/novatel/oem7/odom,/novatel/oem7/fix,/novatel/oem7/odom,39.663,-75.756,-1.800612327,0.003300007,0.000140193,0.003218755,0.000727780,0.000140193,,,
1786043855466843587,1786043855.466064099,/novatel/oem7/inspva,/novatel/oem7/inspva,/novatel/oem7/inspva,39.663,-75.756,-1.800610773,0.003381209,-0.000099102,0.001293995,0.003123804,-0.000099102,,novatel_oem7_msgs.msg.InertialSolutionStatus(status=3),
1786043855468705876,1786043855.466282264,/novatel/oem7/fix,/novatel/oem7/fix,/novatel/oem7/inspva,39.663,-75.756,-1.800610773,0.003381209,-0.000099102,0.001293995,0.003123804,-0.000099102,,0,
1786043855470471631,1786043855.467028012,/novatel/oem7/odom,/novatel/oem7/fix,/novatel/oem7/odom,39.663,-75.756,-1.800610773,0.003381632,-0.000083432,0.003188034,0.001127773,-0.000083432,,,
1786043855475141058,1786043855.474461347,/novatel/oem7/odom,/novatel/oem7/fix,/novatel/oem7/odom,39.663,-75.756,-1.800610773,0.003381632,-0.000083432,0.003188034,0.001127773,-0.000083432,,,
1786043855485761356,1786043855.485157240,/novatel/oem7/inspva,/novatel/oem7/inspva,/novatel/oem7/inspva,39.663,-75.756,-1.800609684,0.003317245,-0.000094581,0.001210278,0.003088582,-0.000094581,,novatel_oem7_msgs.msg.InertialSolutionStatus(status=3),
1786043855487138550,1786043855.485343182,/novatel/oem7/fix,/novatel/oem7/fix,/novatel/oem7/inspva,39.663,-75.756,-1.800609684,0.003317245,-0.000094581,0.001210278,0.003088582,-0.000094581,,0,
1786043855488230537,1786043855.485868747,/novatel/oem7/odom,/novatel/oem7/fix,/novatel/oem7/odom,39.663,-75.756,-1.800609684,0.003317647,-0.000079229,0.003148421,0.001046053,-0.000079229,,,
1786043855496194205,1786043855.495444344,/novatel/oem7/odom,/novatel/oem7/fix,/novatel/oem7/odom,39.663,-75.756,-1.800609684,0.003317647,-0.000079229,0.003148421,0.001046053,-0.000079229,,,
1786043855507178390,1786043855.506091139,/novatel/oem7/inspva,/novatel/oem7/inspva,/novatel/oem7/inspva,39.663,-75.756,-1.800610356,0.003509892,-0.000468815,0.001239925,0.003283584,-0.000468815,,novatel_oem7_msgs.msg.InertialSolutionStatus(status=3),
1786043855509530391,1786043855.506354558,/novatel/oem7/fix,/novatel/oem7/fix,/novatel/oem7/inspva,39.663,-75.756,-1.800610356,0.003509892,-0.000468815,0.001239925,0.003283584,-0.000468815,,0,
1786043855511252295,1786043855.507223130,/novatel/oem7/odom,/novatel/oem7/fix,/novatel/oem7/odom,39.663,-75.756,-1.800610356,0.003512010,-0.000452670,0.003346213,0.001066337,-0.000452670,,,
1786043855513562902,1786043855.512296306,/novatel/oem7/bestpos,/novatel/oem7/bestpos,/novatel/oem7/odom,39.663,-75.756,33.181722346,0.003512010,-0.000452670,0.003346213,0.001066337,-0.000452670,,novatel_oem7_msgs.msg.SolutionStatus(status=0),novatel_oem7_msgs.msg.PositionOrVelocityType(type=53)
1786043855515534955,1786043855.512832821,/novatel/oem7/bestvel,/novatel/oem7/bestpos,/novatel/oem7/bestvel,39.663,-75.756,33.181722346,0.003303932,-0.000333012,,,,69.055624911,novatel_oem7_msgs.msg.SolutionStatus(status=0),novatel_oem7_msgs.msg.PositionOrVelocityType(type=53)
1786043855516977709,1786043855.514496578,/novatel/oem7/odom,/novatel/oem7/bestpos,/novatel/oem7/odom,39.663,-75.756,33.181722346,0.003512010,-0.000452670,0.003346213,0.001066337,-0.000452670,,,
1786043855527270371,1786043855.526506953,/novatel/oem7/inspva,/novatel/oem7/inspva,/novatel/oem7/inspva,39.663,-75.756,-1.800604071,0.002896244,0.000194650,0.001221501,0.002626055,0.000194650,,novatel_oem7_msgs.msg.InertialSolutionStatus(status=3),
1786043855529376642,1786043855.526681088,/novatel/oem7/fix,/novatel/oem7/fix,/novatel/oem7/inspva,39.663,-75.756,-1.800604071,0.002896244,0.000194650,0.001221501,0.002626055,0.000194650,,0,
1786043855531067996,1786043855.527040659,/novatel/oem7/odom,/novatel/oem7/fix,/novatel/oem7/odom,39.663,-75.756,-1.800604071,0.002895302,0.000208195,0.002685982,0.001080865,0.000208195,,,
1786043855536085364,1786043855.535200349,/novatel/oem7/odom,/novatel/oem7/fix,/novatel/oem7/odom,39.663,-75.756,-1.800604071,0.002895302,0.000208195,0.002685982,0.001080865,0.000208195,,,
1786043855546048825,1786043855.544882017,/novatel/oem7/inspva,/novatel/oem7/inspva,/novatel/oem7/inspva,39.663,-75.756,-1.800604392,0.003218135,-0.000021620,0.001447625,0.002874157,-0.000021620,,novatel_oem7_msgs.msg.InertialSolutionStatus(status=3),
1786043855548151286,1786043855.545150610,/novatel/oem7/fix,/novatel/oem7/fix,/novatel/oem7/inspva,39.663,-75.756,-1.800604392,0.003218135,-0.000021620,0.001447625,0.002874157,-0.000021620,,0,
1786043855549955365,1786043855.546000874,/novatel/oem7/odom,/novatel/oem7/fix,/novatel/oem7/odom,39.663,-75.756,-1.800604392,0.003218201,-0.000006535,0.002946514,0.001294170,-0.000006535,,,
1786043855557497988,1786043855.555852858,/novatel/oem7/odom,/novatel/oem7/fix,/novatel/oem7/odom,39.663,-75.756,-1.800604392,0.003218201,-0.000006535,0.002946514,0.001294170,-0.000006535,,,
1786043855566054012,1786043855.565183053,/novatel/oem7/inspva,/novatel/oem7/inspva,/novatel/oem7/inspva,39.663,-75.756,-1.800605070,0.003200580,-0.000296350,0.001069344,0.003016657,-0.000296350,,novatel_oem7_msgs.msg.InertialSolutionStatus(status=3),
1786043855567919164,1786043855.565358835,/novatel/oem7/fix,/novatel/oem7/fix,/novatel/oem7/inspva,39.663,-75.756,-1.800605070,0.003200580,-0.000296350,0.001069344,0.003016657,-0.000296350,,0,
1786043855569103043,1786043855.566052852,/novatel/oem7/odom,/novatel/oem7/fix,/novatel/oem7/odom,39.663,-75.756,-1.800605070,0.003201899,-0.000281745,0.003069982,0.000909598,-0.000281745,,,
1786043855576471261,1786043855.575129297,/novatel/oem7/odom,/novatel/oem7/fix,/novatel/oem7/odom,39.663,-75.756,-1.800605070,0.003201899,-0.000281745,0.003069982,0.000909598,-0.000281745,,,
1786043855587117366,1786043855.586195500,/novatel/oem7/inspva,/novatel/oem7/inspva,/novatel/oem7/inspva,39.663,-75.756,-1.800600677,0.003124528,0.000023216,0.001270797,0.002854426,0.000023216,,novatel_oem7_msgs.msg.InertialSolutionStatus(status=3),
1786043855589071246,1786043855.586483280,/novatel/oem7/fix,/novatel/oem7/fix,/novatel/oem7/inspva,39.663,-75.756,-1.800600677,0.003124528,0.000023216,0.001270797,0.002854426,0.000023216,,0,
1786043855590684772,1786043855.587078842,/novatel/oem7/odom,/novatel/oem7/fix,/novatel/oem7/odom,39.663,-75.756,-1.800600677,0.003124387,0.000037728,0.002917316,0.001118508,0.000037728,,,
1786043855595639536,1786043855.594631846,/novatel/oem7/odom,/novatel/oem7/fix,/novatel/oem7/odom,39.663,-75.756,-1.800600677,0.003124387,0.000037728,0.002917316,0.001118508,0.000037728,,,
1786043855607503726,1786043855.606633771,/novatel/oem7/inspva,/novatel/oem7/inspva,/novatel/oem7/inspva,39.663,-75.756,-1.800604620,0.002976837,-0.000349256,0.001118585,0.002758682,-0.000349256,,novatel_oem7_msgs.msg.InertialSolutionStatus(status=3),
1786043855609783120,1786043855.606876900,/novatel/oem7/fix,/novatel/oem7/fix,/novatel/oem7/inspva,39.663,-75.756,-1.800604620,0.002976837,-0.000349256,0.001118585,0.002758682,-0.000349256,,0,
1786043855611402339,1786043855.607560484,/novatel/oem7/odom,/novatel/oem7/fix,/novatel/oem7/odom,39.663,-75.756,-1.800604620,0.002978414,-0.000335542,0.002815171,0.000972505,-0.000335542,,,
1786043855613555205,1786043855.610187897,/novatel/oem7/bestpos,/novatel/oem7/bestpos,/novatel/oem7/odom,39.663,-75.756,33.181729524,0.002978414,-0.000335542,0.002815171,0.000972505,-0.000335542,,novatel_oem7_msgs.msg.SolutionStatus(status=0),novatel_oem7_msgs.msg.PositionOrVelocityType(type=53)
1786043855614879581,1786043855.610547167,/novatel/oem7/bestvel,/novatel/oem7/bestpos,/novatel/oem7/bestvel,39.663,-75.756,33.181729524,0.002864089,-0.000439227,,,,55.418304575,novatel_oem7_msgs.msg.SolutionStatus(status=0),novatel_oem7_msgs.msg.PositionOrVelocityType(type=53)
1786043855617024886,1786043855.615576232,/novatel/oem7/odom,/novatel/oem7/bestpos,/novatel/oem7/odom,39.663,-75.756,33.181729524,0.002978414,-0.000335542,0.002815171,0.000972505,-0.000335542,,,
1786043855626304054,1786043855.625373265,/novatel/oem7/inspva,/novatel/oem7/inspva,/novatel/oem7/inspva,39.663,-75.756,-1.800604353,0.003136478,-0.000318081,0.001272259,0.002866853,-0.000318081,,novatel_oem7_msgs.msg.InertialSolutionStatus(status=3),
1786043855628659398,1786043855.625555877,/novatel/oem7/fix,/novatel/oem7/fix,/novatel/oem7/inspva,39.663,-75.756,-1.800604353,0.003136478,-0.000318081,0.001272259,0.002866853,-0.000318081,,0,
1786043855630275005,1786043855.626050042,/novatel/oem7/odom,/novatel/oem7/fix,/novatel/oem7/odom,39.663,-75.756,-1.800604353,0.003137916,-0.000303565,0.002931150,0.001120213,-0.000303565,,,
1786043855635771754,1786043855.634539764,/novatel/oem7/odom,/novatel/oem7/fix,/novatel/oem7/odom,39.663,-75.756,-1.800604353,0.003137916,-0.000303565,0.002931150,0.001120213,-0.000303565,,,
1786043855647831276,1786043855.646737318,/novatel/oem7/inspva,/novatel/oem7/inspva,/novatel/oem7/inspva,39.663,-75.756,-1.800604128,0.002992404,-0.000221236,0.001189462,0.002745844,-0.000221236,,novatel_oem7_msgs.msg.InertialSolutionStatus(status=3),
1786043855650367229,1786043855.647050725,/novatel/oem7/fix,/novatel/oem7/fix,/novatel/oem7/inspva,39.663,-75.756,-1.800604128,0.002992404,-0.000221236,0.001189462,0.002745844,-0.000221236,,0,
1786043855652060999,1786043855.647775339,/novatel/oem7/odom,/novatel/oem7/fix,/novatel/oem7/odom,39.663,-75.756,-1.800604128,0.002993393,-0.000207418,0.002805565,0.001043653,-0.000207418,,,
1786043855657610819,1786043855.656694199,/novatel/oem7/odom,/novatel/oem7/fix,/novatel/oem7/odom,39.663,-75.756,-1.800604128,0.002993393,-0.000207418,0.002805565,0.001043653,-0.000207418,,,
1786043855665622754,1786043855.664845759,/novatel/oem7/inspva,/novatel/oem7/inspva,/novatel/oem7/inspva,39.663,-75.756,-1.800603157,0.002838498,-0.000038378,0.001286378,0.002530277,-0.000038378,,novatel_oem7_msgs.msg.InertialSolutionStatus(status=3),
1786043855667782466,1786043855.664977511,/novatel/oem7/fix,/novatel/oem7/fix,/novatel/oem7/inspva,39.663,-75.756,-1.800603157,0.002838498,-0.000038378,0.001286378,0.002530277,-0.000038378,,0,
1786043855669554604,1786043855.665472166,/novatel/oem7/odom,/novatel/oem7/fix,/novatel/oem7/odom,39.663,-75.756,-1.800603157,0.002838646,-0.000025107,0.002594661,0.001151367,-0.000025107,,,
1786043855676585335,1786043855.675553145,/novatel/oem7/odom,/novatel/oem7/fix,/novatel/oem7/odom,39.663,-75.756,-1.800603157,0.002838646,-0.000025107,0.002594661,0.001151367,-0.000025107,,,
1786043855686107102,1786043855.685321890,/novatel/oem7/inspva,/novatel/oem7/inspva,/novatel/oem7/inspva,39.663,-75.756,-1.800606655,0.003218578,-0.000351815,0.001207703,0.002983404,-0.000351815,,novatel_oem7_msgs.msg.InertialSolutionStatus(status=3),
1786043855688058388,1786043855.685567443,/novatel/oem7/fix,/novatel/oem7/fix,/novatel/oem7/inspva,39.663,-75.756,-1.800606655,0.003218578,-0.000351815,0.001207703,0.002983404,-0.000351815,,0,
1786043855689556877,1786043855.686252447,/novatel/oem7/odom,/novatel/oem7/fix,/novatel/oem7/odom,39.663,-75.756,-1.800606655,0.003220158,-0.000337043,0.003044251,0.001049741,-0.000337043,,,
1786043855696024483,1786043855.694887571,/novatel/oem7/odom,/novatel/oem7/fix,/novatel/oem7/odom,39.663,-75.756,-1.800606655,0.003220158,-0.000337043,0.003044251,0.001049741,-0.000337043,,,
1786043855707650321,1786043855.706390561,/novatel/oem7/inspva,/novatel/oem7/inspva,/novatel/oem7/inspva,39.663,-75.756,-1.800606348,0.002952292,-0.000121621,0.001149593,0.002719277,-0.000121621,,novatel_oem7_msgs.msg.InertialSolutionStatus(status=3),
1786043855709415725,1786043855.706782302,/novatel/oem7/fix,/novatel/oem7/fix,/novatel/oem7/inspva,39.663,-75.756,-1.800606348,0.002952292,-0.000121621,0.001149593,0.002719277,-0.000121621,,0,
1786043855710602617,1786043855.707458349,/novatel/oem7/odom,/novatel/oem7/fix,/novatel/oem7/odom,39.663,-75.756,-1.800606348,0.002952821,-0.000108025,0.002776522,0.001005026,-0.000108025,,,
1786043855712102253,1786043855.709086439,/novatel/oem7/bestpos,/novatel/oem7/bestpos,/novatel/oem7/odom,39.663,-75.756,33.181732955,0.002952821,-0.000108025,0.002776522,0.001005026,-0.000108025,,novatel_oem7_msgs.msg.SolutionStatus(status=0),novatel_oem7_msgs.msg.PositionOrVelocityType(type=53)
1786043855713105383,1786043855.709386029,/novatel/oem7/bestvel,/novatel/oem7/bestpos,/novatel/oem7/bestvel,39.663,-75.756,33.181732955,0.002948135,-0.000013791,,,,72.594472638,novatel_oem7_msgs.msg.SolutionStatus(status=0),novatel_oem7_msgs.msg.PositionOrVelocityType(type=53)
1786043855715329332,1786043855.714674543,/novatel/oem7/odom,/novatel/oem7/bestpos,/novatel/oem7/odom,39.663,-75.756,33.181732955,0.002952821,-0.000108025,0.002776522,0.001005026,-0.000108025,,,
1786043855725731021,1786043855.725175156,/novatel/oem7/inspva,/novatel/oem7/inspva,/novatel/oem7/inspva,39.663,-75.756,-1.800612140,0.002942243,-0.000531560,0.000938711,0.002788479,-0.000531560,,novatel_oem7_msgs.msg.InertialSolutionStatus(status=3),
1786043855727458052,1786043855.725359937,/novatel/oem7/fix,/novatel/oem7/fix,/novatel/oem7/inspva,39.663,-75.756,-1.800612140,0.002942243,-0.000531560,0.000938711,0.002788479,-0.000531560,,0,
1786043855729051182,1786043855.725608195,/novatel/oem7/odom,/novatel/oem7/fix,/novatel/oem7/odom,39.663,-75.756,-1.800612140,0.002944602,-0.000518335,0.002836134,0.000791847,-0.000518335,,,
1786043855736511488,1786043855.735508404,/novatel/oem7/odom,/novatel/oem7/fix,/novatel/oem7/odom,39.663,-75.756,-1.800612140,0.002944602,-0.000518335,0.002836134,0.000791847,-0.000518335,,,
1786043855746609120,1786043855.745056061,/novatel/oem7/inspva,/novatel/oem7/inspva,/novatel/oem7/inspva,39.663,-75.756,-1.800612583,0.003064529,-0.000337475,0.000988071,0.002900872,-0.000337475,,novatel_oem7_msgs.msg.InertialSolutionStatus(status=3),
1786043855748939287,1786043855.745344541,/novatel/oem7/fix,/novatel/oem7/fix,/novatel/oem7/inspva,39.663,-75.756,-1.800612583,0.003064529,-0.000337475,0.000988071,0.002900872,-0.000337475,,0,
1786043855750649991,1786043855.746228450,/novatel/oem7/odom,/novatel/oem7/fix,/novatel/oem7/odom,39.663,-75.756,-1.800612583,0.003066017,-0.000323679,0.002950205,0.000834717,-0.000323679,,,
1786043855756883285,1786043855.755724316,/novatel/oem7/odom,/novatel/oem7/fix,/novatel/oem7/odom,39.663,-75.756,-1.800612583,0.003066017,-0.000323679,0.002950205,0.000834717,-0.000323679,,,
1786043855767288654,1786043855.766354688,/novatel/oem7/inspva,/novatel/oem7/inspva,/novatel/oem7/inspva,39.663,-75.756,-1.800617730,0.002459287,-0.000466648,0.001131175,0.002183698,-0.000466648,,novatel_oem7_msgs.msg.InertialSolutionStatus(status=3),
1786043855769414979,1786043855.766595563,/novatel/oem7/fix,/novatel/oem7/fix,/novatel/oem7/inspva,39.663,-75.756,-1.800617730,0.002459287,-0.000466648,0.001131175,0.002183698,-0.000466648,,0,
1786043855770600677,1786043855.766944921,/novatel/oem7/odom,/novatel/oem7/fix,/novatel/oem7/odom,39.663,-75.756,-1.800617730,0.002461444,-0.000455138,0.002242086,0.001015753,-0.000455138,,,
1786043855776611595,1786043855.775580931,/novatel/oem7/odom,/novatel/oem7/fix,/novatel/oem7/odom,39.663,-75.756,-1.800617730,0.002461444,-0.000455138,0.002242086,0.001015753,-0.000455138,,,
1786043855785912517,1786043855.785175229,/novatel/oem7/inspva,/novatel/oem7/inspva,/novatel/oem7/inspva,39.663,-75.756,-1.800620915,0.002585549,-0.000443926,0.001002081,0.002383464,-0.000443926,,novatel_oem7_msgs.msg.InertialSolutionStatus(status=3),
1786043855787911793,1786043855.785459678,/novatel/oem7/fix,/novatel/oem7/fix,/novatel/oem7/inspva,39.663,-75.756,-1.800620915,0.002585549,-0.000443926,0.001002081,0.002383464,-0.000443926,,0,
1786043855789551477,1786043855.785718575,/novatel/oem7/odom,/novatel/oem7/fix,/novatel/oem7/odom,39.663,-75.756,-1.800620915,0.002587563,-0.000432034,0.002434681,0.000876248,-0.000432034,,,
1786043855796601541,1786043855.795551031,/novatel/oem7/odom,/novatel/oem7/fix,/novatel/oem7/odom,39.663,-75.756,-1.800620915,0.002587563,-0.000432034,0.002434681,0.000876248,-0.000432034,,,
1786043855807681218,1786043855.806581663,/novatel/oem7/inspva,/novatel/oem7/inspva,/novatel/oem7/inspva,39.663,-75.756,-1.800622550,0.002608403,-0.000108164,0.000946807,0.002430498,-0.000108164,,novatel_oem7_msgs.msg.InertialSolutionStatus(status=3),
1786043855809626911,1786043855.806819589,/novatel/oem7/fix,/novatel/oem7/fix,/novatel/oem7/inspva,39.663,-75.756,-1.800622550,0.002608403,-0.000108164,0.000946807,0.002430498,-0.000108164,,0,
1786043855811439202,1786043855.808645304,/novatel/oem7/odom,/novatel/oem7/fix,/novatel/oem7/odom,39.663,-75.756,-1.800622550,0.002608869,-0.000096270,0.002477408,0.000817707,-0.000096270,,,
1786043855813593594,1786043855.810655501,/novatel/oem7/bestpos,/novatel/oem7/bestpos,/novatel/oem7/odom,39.663,-75.756,33.181720175,0.002608869,-0.000096270,0.002477408,0.000817707,-0.000096270,,novatel_oem7_msgs.msg.SolutionStatus(status=0),novatel_oem7_msgs.msg.PositionOrVelocityType(type=53)
1786043855814914298,1786043855.811134613,/novatel/oem7/bestvel,/novatel/oem7/bestpos,/novatel/oem7/bestvel,39.663,-75.756,33.181720175,0.002432867,0.000097524,,,,73.868832741,novatel_oem7_msgs.msg.SolutionStatus(status=0),novatel_oem7_msgs.msg.PositionOrVelocityType(type=53)
1786043855817024089,1786043855.814969268,/novatel/oem7/odom,/novatel/oem7/bestpos,/novatel/oem7/odom,39.663,-75.756,33.181720175,0.002608869,-0.000096270,0.002477408,0.000817707,-0.000096270,,,
1786043855827278910,1786043855.826452422,/novatel/oem7/inspva,/novatel/oem7/inspva,/novatel/oem7/inspva,39.663,-75.756,-1.800626191,0.002647072,-0.000001826,0.000693004,0.002554747,-0.000001826,,novatel_oem7_msgs.msg.InertialSolutionStatus(status=3),
1786043855829891910,1786043855.826776855,/novatel/oem7/fix,/novatel/oem7/fix,/novatel/oem7/inspva,39.663,-75.756,-1.800626191,0.002647072,-0.000001826,0.000693004,0.002554747,-0.000001826,,0,
1786043855831525980,1786043855.827384384,/novatel/oem7/odom,/novatel/oem7/fix,/novatel/oem7/odom,39.663,-75.756,-1.800626191,0.002647054,0.000009830,0.002587692,0.000557445,0.000009830,,,
1786043855836048282,1786043855.834894227,/novatel/oem7/odom,/novatel/oem7/fix,/novatel/oem7/odom,39.663,-75.756,-1.800626191,0.002647054,0.000009830,0.002587692,0.000557445,0.000009830,,,
1786043855846212259,1786043855.845324387,/novatel/oem7/inspva,/novatel/oem7/inspva,/novatel/oem7/inspva,39.663,-75.756,-1.800633332,0.002547291,-0.000680868,0.000311275,0.002528201,-0.000680868,,novatel_oem7_msgs.msg.InertialSolutionStatus(status=3),
1786043855848584053,1786043855.845576839,/novatel/oem7/fix,/novatel/oem7/fix,/novatel/oem7/inspva,39.663,-75.756,-1.800633332,0.002547291,-0.000680868,0.000311275,0.002528201,-0.000680868,,0,
1786043855850229020,1786043855.846159509,/novatel/oem7/odom,/novatel/oem7/fix,/novatel/oem7/odom,39.663,-75.756,-1.800633332,0.002550070,-0.000670387,0.002543751,0.000179399,-0.000670387,,,
1786043855857315672,1786043855.856396739,/novatel/oem7/odom,/novatel/oem7/fix,/novatel/oem7/odom,39.663,-75.756,-1.800633332,0.002550070,-0.000670387,0.002543751,0.000179399,-0.000670387,,,
1786043855866055311,1786043855.865205616,/novatel/oem7/inspva,/novatel/oem7/inspva,/novatel/oem7/inspva,39.663,-75.756,-1.800631401,0.002910223,-0.000139651,0.000234378,0.002900770,-0.000139651,,novatel_oem7_msgs.msg.InertialSolutionStatus(status=3),
1786043855867739978,1786043855.865442245,/novatel/oem7/fix,/novatel/oem7/fix,/novatel/oem7/inspva,39.663,-75.756,-1.800631401,0.002910223,-0.000139651,0.000234378,0.002900770,-0.000139651,,0,
1786043855868831339,1786043855.865885656,/novatel/oem7/odom,/novatel/oem7/fix,/novatel/oem7/odom,39.663,-75.756,-1.800631401,0.002910759,-0.000127986,0.002909616,0.000081583,-0.000127986,,,
1786043855875354949,1786043855.874452640,/novatel/oem7/odom,/novatel/oem7/fix,/novatel/oem7/odom,39.663,-75.756,-1.800631401,0.002910759,-0.000127986,0.002909616,0.000081583,-0.000127986,,,
1786043855887008067,1786043855.886132985,/novatel/oem7/inspva,/novatel/oem7/inspva,/novatel/oem7/inspva,39.663,-75.756,-1.800634118,0.002615031,-0.000173580,0.000440257,0.002577704,-0.000173580,,novatel_oem7_msgs.msg.InertialSolutionStatus(status=3),
1786043855888949060,1786043855.886397184,/novatel/oem7/fix,/novatel/oem7/fix,/novatel/oem7/inspva,39.663,-75.756,-1.800634118,0.002615031,-0.000173580,0.000440257,0.002577704,-0.000173580,,0,
1786043855890482272,1786043855.886851102,/novatel/oem7/odom,/novatel/oem7/fix,/novatel/oem7/odom,39.663,-75.756,-1.800634118,0.002615741,-0.000162518,0.002597983,0.000304282,-0.000162518,,,
1786043855896099043,1786043855.895194540,/novatel/oem7/odom,/novatel/oem7/fix,/novatel/oem7/odom,39.663,-75.756,-1.800634118,0.002615741,-0.000162518,0.002597983,0.000304282,-0.000162518,,,
1786043855907013200,1786043855.905854359,/novatel/oem7/inspva,/novatel/oem7/inspva,/novatel/oem7/inspva,39.663,-75.756,-1.800635532,0.002773987,-0.000221549,0.000459894,0.002735599,-0.000221549,,novatel_oem7_msgs.msg.InertialSolutionStatus(status=3),
1786043855908706128,1786043855.906165705,/novatel/oem7/fix,/novatel/oem7/fix,/novatel/oem7/inspva,39.663,-75.756,-1.800635532,0.002773987,-0.000221549,0.000459894,0.002735599,-0.000221549,,0,
1786043855909909803,1786043855.906665827,/novatel/oem7/odom,/novatel/oem7/fix,/novatel/oem7/odom,39.663,-75.756,-1.800635532,0.002774897,-0.000209844,0.002756880,0.000315693,-0.000209844,,,
1786043855911582717,1786043855.909477489,/novatel/oem7/bestpos,/novatel/oem7/bestpos,/novatel/oem7/odom,39.663,-75.756,33.181698525,0.002774897,-0.000209844,0.002756880,0.000315693,-0.000209844,,novatel_oem7_msgs.msg.SolutionStatus(status=0),novatel_oem7_msgs.msg.PositionOrVelocityType(type=53)
1786043855912551294,1786043855.910096985,/novatel/oem7/bestvel,/novatel/oem7/bestpos,/novatel/oem7/bestvel,39.663,-75.756,33.181698525,0.002835424,-0.000321627,,,,77.774632755,novatel_oem7_msgs.msg.SolutionStatus(status=0),novatel_oem7_msgs.msg.PositionOrVelocityType(type=53)
1786043855916032409,1786043855.915382275,/novatel/oem7/odom,/novatel/oem7/bestpos,/novatel/oem7/odom,39.663,-75.756,33.181698525,0.002774897,-0.000209844,0.002756880,0.000315693,-0.000209844,,,
1786043855925931073,1786043855.925381764,/novatel/oem7/inspva,/novatel/oem7/inspva,/novatel/oem7/inspva,39.663,-75.756,-1.800635979,0.002598044,-0.000008608,0.000597651,0.002528368,-0.000008608,,novatel_oem7_msgs.msg.InertialSolutionStatus(status=3),
1786043855927412275,1786043855.925564779,/novatel/oem7/fix,/novatel/oem7/fix,/novatel/oem7/inspva,39.663,-75.756,-1.800635979,0.002598044,-0.000008608,0.000597651,0.002528368,-0.000008608,,0,
1786043855929003011,1786043855.926181982,/novatel/oem7/odom,/novatel/oem7/fix,/novatel/oem7/odom,39.663,-75.756,-1.800635979,0.002598057,0.000002674,0.002556351,0.000463646,0.000002674,,,
1786043855936261231,1786043855.934906937,/novatel/oem7/odom,/novatel/oem7/fix,/novatel/oem7/odom,39.663,-75.756,-1.800635979,0.002598057,0.000002674,0.002556351,0.000463646,0.000002674,,,
1786043855947055460,1786043855.945928189,/novatel/oem7/inspva,/novatel/oem7/inspva,/novatel/oem7/inspva,39.663,-75.756,-1.800639675,0.002956604,-0.000239422,0.000717463,0.002868232,-0.000239422,,novatel_oem7_msgs.msg.InertialSolutionStatus(status=3),
1786043855949414645,1786043855.946230646,/novatel/oem7/fix,/novatel/oem7/fix,/novatel/oem7/inspva,39.663,-75.756,-1.800639675,0.002956604,-0.000239422,0.000717463,0.002868232,-0.000239422,,0,
1786043855951068881,1786043855.946886873,/novatel/oem7/odom,/novatel/oem7/fix,/novatel/oem7/odom,39.663,-75.756,-1.800639675,0.002957622,-0.000226506,0.002902967,0.000565957,-0.000226506,,,
1786043855957074569,1786043855.956074832,/novatel/oem7/odom,/novatel/oem7/fix,/novatel/oem7/odom,39.663,-75.756,-1.800639675,0.002957622,-0.000226506,0.002902967,0.000565957,-0.000226506,,,
1786043855965927496,1786043855.965163645,/novatel/oem7/inspva,/novatel/oem7/inspva,/novatel/oem7/inspva,39.663,-75.756,-1.800639883,0.002748480,-0.000032445,0.000556504,0.002691550,-0.000032445,,novatel_oem7_msgs.msg.InertialSolutionStatus(status=3),
1786043855968091658,1786043855.965324726,/novatel/oem7/fix,/novatel/oem7/fix,/novatel/oem7/inspva,39.663,-75.756,-1.800639883,0.002748480,-0.000032445,0.000556504,0.002691550,-0.000032445,,0,
1786043855969866646,1786043855.965813845,/novatel/oem7/odom,/novatel/oem7/fix,/novatel/oem7/odom,39.663,-75.756,-1.800639883,0.002748593,-0.000020675,0.002717235,0.000414004,-0.000020675,,,
1786043855976236167,1786043855.975383832,/novatel/oem7/odom,/novatel/oem7/fix,/novatel/oem7/odom,39.663,-75.756,-1.800639883,0.002748593,-0.000020675,0.002717235,0.000414004,-0.000020675,,,
1786043855985873959,1786043855.985063774,/novatel/oem7/inspva,/novatel/oem7/inspva,/novatel/oem7/inspva,39.663,-75.756,-1.800644958,0.002791412,-0.000420118,0.000556178,0.002735442,-0.000420118,,novatel_oem7_msgs.msg.InertialSolutionStatus(status=3),
1786043855987718671,1786043855.985341457,/novatel/oem7/fix,/novatel/oem7/fix,/novatel/oem7/inspva,39.663,-75.756,-1.800644958,0.002791412,-0.000420118,0.000556178,0.002735442,-0.000420118,,0,
1786043855989256089,1786043855.985851269,/novatel/oem7/odom,/novatel/oem7/fix,/novatel/oem7/odom,39.663,-75.756,-1.800644958,0.002793181,-0.000408190,0.002762572,0.000412375,-0.000408190,,,
1786043855995781496,1786043855.994359718,/novatel/oem7/odom,/novatel/oem7/fix,/novatel/oem7/odom,39.663,-75.756,-1.800644958,0.002793181,-0.000408190,0.002762572,0.000412375,-0.000408190,,,
1786043856009534496,1786043856.008480162,/novatel/oem7/inspva,/novatel/oem7/inspva,/novatel/oem7/inspva,39.663,-75.756,-1.800645490,0.002548917,-0.000051744,0.000723870,0.002443970,-0.000051744,,novatel_oem7_msgs.msg.InertialSolutionStatus(status=3),
1786043856011692511,1786043856.008711501,/novatel/oem7/fix,/novatel/oem7/fix,/novatel/oem7/inspva,39.663,-75.756,-1.800645490,0.002548917,-0.000051744,0.000723870,0.002443970,-0.000051744,,0,
1786043856013345024,1786043856.010016580,/novatel/oem7/odom,/novatel/oem7/fix,/novatel/oem7/odom,39.663,-75.756,-1.800645490,0.002549121,-0.000040421,0.002478896,0.000594215,-0.000040421,,,
1786043856017044262,1786043856.016133468,/novatel/oem7/odom,/novatel/oem7/fix,/novatel/oem7/odom,39.663,-75.756,-1.800645490,0.002549121,-0.000040421,0.002478896,0.000594215,-0.000040421,,,
1786043856027329636,1786043856.026328086,/novatel/oem7/bestpos,/novatel/oem7/bestpos,/novatel/oem7/odom,39.663,-75.756,33.181684860,0.002549121,-0.000040421,0.002478896,0.000594215,-0.000040421,,novatel_oem7_msgs.msg.SolutionStatus(status=0),novatel_oem7_msgs.msg.PositionOrVelocityType(type=53)
1786043856029469085,1786043856.026793761,/novatel/oem7/bestvel,/novatel/oem7/bestpos,/novatel/oem7/bestvel,39.663,-75.756,33.181684860,0.002932894,-0.000362535,,,,70.617329261,novatel_oem7_msgs.msg.SolutionStatus(status=0),novatel_oem7_msgs.msg.PositionOrVelocityType(type=53)
1786043856031376855,1786043856.027269540,/novatel/oem7/inspva,/novatel/oem7/inspva,/novatel/oem7/inspva,39.663,-75.756,-1.800653798,0.002811249,-0.000418733,0.000778746,0.002701236,-0.000418733,,novatel_oem7_msgs.msg.InertialSolutionStatus(status=3),
1786043856032623610,1786043856.027515472,/novatel/oem7/fix,/novatel/oem7/fix,/novatel/oem7/inspva,39.663,-75.756,-1.800653798,0.002811249,-0.000418733,0.000778746,0.002701236,-0.000418733,,0,
1786043856034322761,1786043856.027864536,/novatel/oem7/odom,/novatel/oem7/fix,/novatel/oem7/odom,39.663,-75.756,-1.800653798,0.002813074,-0.000406294,0.002740142,0.000636403,-0.000406294,,,
1786043856036886464,1786043856.035612214,/novatel/oem7/odom,/novatel/oem7/fix,/novatel/oem7/odom,39.663,-75.756,-1.800653798,0.002813074,-0.000406294,0.002740142,0.000636403,-0.000406294,,,
1786043856047931373,1786043856.045998732,/novatel/oem7/inspva,/novatel/oem7/inspva,/novatel/oem7/inspva,39.663,-75.756,-1.800657298,0.002545721,-0.000629561,0.000933940,0.002368217,-0.000629561,,novatel_oem7_msgs.msg.InertialSolutionStatus(status=3),
1786043856049709278,1786043856.046331066,/novatel/oem7/fix,/novatel/oem7/fix,/novatel/oem7/inspva,39.663,-75.756,-1.800657298,0.002545721,-0.000629561,0.000933940,0.002368217,-0.000629561,,0,
1786043856051269340,1786043856.047456145,/novatel/oem7/odom,/novatel/oem7/fix,/novatel/oem7/odom,39.663,-75.756,-1.800657298,0.002548562,-0.000617962,0.002416597,0.000809461,-0.000617962,,,
1786043856056998655,1786043856.056137618,/novatel/oem7/odom,/novatel/oem7/fix,/novatel/oem7/odom,39.663,-75.756,-1.800657298,0.002548562,-0.000617962,0.002416597,0.000809461,-0.000617962,,,
1786043856067173281,1786043856.066513936,/novatel/oem7/inspva,/novatel/oem7/inspva,/novatel/oem7/inspva,39.663,-75.756,-1.800660423,0.002660921,-0.000703776,0.001005589,0.002463593,-0.000703776,,novatel_oem7_msgs.msg.InertialSolutionStatus(status=3),
1786043856068978737,1786043856.066641115,/novatel/oem7/fix,/novatel/oem7/fix,/novatel/oem7/inspva,39.663,-75.756,-1.800660423,0.002660921,-0.000703776,0.001005589,0.002463593,-0.000703776,,0,
1786043856070403004,1786043856.067083721,/novatel/oem7/odom,/novatel/oem7/fix,/novatel/oem7/odom,39.663,-75.756,-1.800660423,0.002664107,-0.000691619,0.002515914,0.000876152,-0.000691619,,,
1786043856075645101,1786043856.074814087,/novatel/oem7/odom,/novatel/oem7/fix,/novatel/oem7/odom,39.663,-75.756,-1.800660423,0.002664107,-0.000691619,0.002515914,0.000876152,-0.000691619,,,
1786043856086519538,1786043856.085366843,/novatel/oem7/inspva,/novatel/oem7/inspva,/novatel/oem7/inspva,39.663,-75.756,-1.800660252,0.002726640,-0.000103120,0.001068704,0.002508474,-0.000103120,,novatel_oem7_msgs.msg.InertialSolutionStatus(status=3),
1786043856088443101,1786043856.085544843,/novatel/oem7/fix,/novatel/oem7/fix,/novatel/oem7/inspva,39.663,-75.756,-1.800660252,0.002726640,-0.000103120,0.001068704,0.002508474,-0.000103120,,0,
1786043856090020021,1786043856.086142978,/novatel/oem7/odom,/novatel/oem7/fix,/novatel/oem7/odom,39.663,-75.756,-1.800660252,0.002727085,-0.000090608,0.002561693,0.000935266,-0.000090608,,,
1786043856096577530,1786043856.095568063,/novatel/oem7/odom,/novatel/oem7/fix,/novatel/oem7/odom,39.663,-75.756,-1.800660252,0.002727085,-0.000090608,0.002561693,0.000935266,-0.000090608,,,
1786043856106859509,1786043856.106095077,/novatel/oem7/inspva,/novatel/oem7/inspva,/novatel/oem7/inspva,39.663,-75.756,-1.800665884,0.002917643,-0.000364759,0.000984884,0.002746388,-0.000364759,,novatel_oem7_msgs.msg.InertialSolutionStatus(status=3),
1786043856108503772,1786043856.106234402,/novatel/oem7/fix,/novatel/oem7/fix,/novatel/oem7/inspva,39.663,-75.756,-1.800665884,0.002917643,-0.000364759,0.000984884,0.002746388,-0.000364759,,0,
1786043856109667603,1786043856.106730320,/novatel/oem7/odom,/novatel/oem7/fix,/novatel/oem7/odom,39.663,-75.756,-1.800665884,0.002919259,-0.000351593,0.002795887,0.000839697,-0.000351593,,,
1786043856111326960,1786043856.109821441,/novatel/oem7/bestpos,/novatel/oem7/bestpos,/novatel/oem7/odom,39.663,-75.756,33.181697636,0.002919259,-0.000351593,0.002795887,0.000839697,-0.000351593,,novatel_oem7_msgs.msg.SolutionStatus(status=0),novatel_oem7_msgs.msg.PositionOrVelocityType(type=53)
1786043856112633150,1786043856.110373746,/novatel/oem7/bestvel,/novatel/oem7/bestpos,/novatel/oem7/bestvel,39.663,-75.756,33.181697636,0.002879840,-0.000310579,,,,71.748190047,novatel_oem7_msgs.msg.SolutionStatus(status=0),novatel_oem7_msgs.msg.PositionOrVelocityType(type=53)
1786043856115610734,1786043856.114532260,/novatel/oem7/odom,/novatel/oem7/bestpos,/novatel/oem7/odom,39.663,-75.756,33.181697636,0.002919259,-0.000351593,0.002795887,0.000839697,-0.000351593,,,
1786043856125877745,1786043856.125030313,/novatel/oem7/inspva,/novatel/oem7/inspva,/novatel/oem7/inspva,39.663,-75.756,-1.800669546,0.002865458,-0.000515476,0.001039001,0.002670454,-0.000515476,,novatel_oem7_msgs.msg.InertialSolutionStatus(status=3),
1786043856127569419,1786043856.125167931,/novatel/oem7/fix,/novatel/oem7/fix,/novatel/oem7/inspva,39.663,-75.756,-1.800669546,0.002865458,-0.000515476,0.001039001,0.002670454,-0.000515476,,0,
1786043856128846625,1786043856.125624796,/novatel/oem7/odom,/novatel/oem7/fix,/novatel/oem7/odom,39.663,-75.756,-1.800669546,0.002867774,-0.000502434,0.002723503,0.000898139,-0.000502434,,,
1786043856136344604,1786043856.135535826,/novatel/oem7/odom,/novatel/oem7/fix,/novatel/oem7/odom,39.663,-75.756,-1.800669546,0.002867774,-0.000502434,0.002723503,0.000898139,-0.000502434,,,
1786043856146336576,1786043856.145053836,/novatel/oem7/inspva,/novatel/oem7/inspva,/novatel/oem7/inspva,39.663,-75.756,-1.800670485,0.003006140,-0.000389919,0.001006166,0.002832757,-0.000389919,,novatel_oem7_msgs.msg.InertialSolutionStatus(status=3),
1786043856148527138,1786043856.145257425,/novatel/oem7/fix,/novatel/oem7/fix,/novatel/oem7/inspva,39.663,-75.756,-1.800670485,0.003006140,-0.000389919,0.001006166,0.002832757,-0.000389919,,0,
1786043856150173935,1786043856.145691911,/novatel/oem7/odom,/novatel/oem7/fix,/novatel/oem7/odom,39.663,-75.756,-1.800670485,0.003007866,-0.000376374,0.002883353,0.000856466,-0.000376374,,,
1786043856156722585,1786043856.155649758,/novatel/oem7/odom,/novatel/oem7/fix,/novatel/oem7/odom,39.663,-75.756,-1.800670485,0.003007866,-0.000376374,0.002883353,0.000856466,-0.000376374,,,
1786043856166357180,1786043856.165852112,/novatel/oem7/inspva,/novatel/oem7/inspva,/novatel/oem7/inspva,39.663,-75.756,-1.800675063,0.002996149,-0.000492116,0.001211184,0.002740427,-0.000492116,,novatel_oem7_msgs.msg.InertialSolutionStatus(status=3),
1786043856167844822,1786043856.165930969,/novatel/oem7/fix,/novatel/oem7/fix,/novatel/oem7/inspva,39.663,-75.756,-1.800675063,0.002996149,-0.000492116,0.001211184,0.002740427,-0.000492116,,0,
1786043856168901012,1786043856.166529685,/novatel/oem7/odom,/novatel/oem7/fix,/novatel/oem7/odom,39.663,-75.756,-1.800675063,0.002998383,-0.000478317,0.002802369,0.001066316,-0.000478317,,,
1786043856175818190,1786043856.174935334,/novatel/oem7/odom,/novatel/oem7/fix,/novatel/oem7/odom,39.663,-75.756,-1.800675063,0.002998383,-0.000478317,0.002802369,0.001066316,-0.000478317,,,
1786043856185855782,1786043856.184959658,/novatel/oem7/inspva,/novatel/oem7/inspva,/novatel/oem7/inspva,39.663,-75.756,-1.800677145,0.002766463,-0.000452112,0.001040248,0.002563436,-0.000452112,,novatel_oem7_msgs.msg.InertialSolutionStatus(status=3),
1786043856187672833,1786043856.185111678,/novatel/oem7/fix,/novatel/oem7/fix,/novatel/oem7/inspva,39.663,-75.756,-1.800677145,0.002766463,-0.000452112,0.001040248,0.002563436,-0.000452112,,0,
1786043856189067167,1786043856.185603795,/novatel/oem7/odom,/novatel/oem7/fix,/novatel/oem7/odom,39.663,-75.756,-1.800677145,0.002768499,-0.000439475,0.002616449,0.000904863,-0.000439475,,,
1786043856195597541,1786043856.194552080,/novatel/oem7/odom,/novatel/oem7/fix,/novatel/oem7/odom,39.663,-75.756,-1.800677145,0.002768499,-0.000439475,0.002616449,0.000904863,-0.000439475,,,
1786043856207838681,1786043856.206575038,/novatel/oem7/inspva,/novatel/oem7/inspva,/novatel/oem7/inspva,39.663,-75.756,-1.800678181,0.002947017,-0.000139493,0.000966527,0.002784014,-0.000139493,,novatel_oem7_msgs.msg.InertialSolutionStatus(status=3),
1786043856209395037,1786043856.206789159,/novatel/oem7/fix,/novatel/oem7/fix,/novatel/oem7/inspva,39.663,-75.756,-1.800678181,0.002947017,-0.000139493,0.000966527,0.002784014,-0.000139493,,0,
1786043856210568903,1786043856.207531623,/novatel/oem7/odom,/novatel/oem7/fix,/novatel/oem7/odom,39.663,-75.756,-1.800678181,0.002947614,-0.000126238,0.002831613,0.000818778,-0.000126238,,,
1786043856212015561,1786043856.210650956,/novatel/oem7/bestpos,/novatel/oem7/bestpos,/novatel/oem7/odom,39.663,-75.756,33.181672981,0.002947614,-0.000126238,0.002831613,0.000818778,-0.000126238,,novatel_oem7_msgs.msg.SolutionStatus(status=0),novatel_oem7_msgs.msg.PositionOrVelocityType(type=53)
1786043856212981630,1786043856.211163738,/novatel/oem7/bestvel,/novatel/oem7/bestpos,/novatel/oem7/bestvel,39.663,-75.756,33.181672981,0.002955452,-0.000277373,,,,63.235824289,novatel_oem7_msgs.msg.SolutionStatus(status=0),novatel_oem7_msgs.msg.PositionOrVelocityType(type=53)
1786043856215460056,1786043856.214801929,/novatel/oem7/odom,/novatel/oem7/bestpos,/novatel/oem7/odom,39.663,-75.756,33.181672981,0.002947614,-0.000126238,0.002831613,0.000818778,-0.000126238,,,
1786043856226672890,1786043856.226154498,/novatel/oem7/inspva,/novatel/oem7/inspva,/novatel/oem7/inspva,39.663,-75.756,-1.800683111,0.002675252,-0.000250217,0.000758386,0.002565506,-0.000250217,,novatel_oem7_msgs.msg.InertialSolutionStatus(status=3),
1786043856228021000,1786043856.226264160,/novatel/oem7/fix,/novatel/oem7/fix,/novatel/oem7/inspva,39.663,-75.756,-1.800683111,0.002675252,-0.000250217,0.000758386,0.002565506,-0.000250217,,0,
1786043856229036597,1786043856.226676187,/novatel/oem7/odom,/novatel/oem7/fix,/novatel/oem7/odom,39.663,-75.756,-1.800683111,0.002676333,-0.000238371,0.002602882,0.000622709,-0.000238371,,,
1786043856235456469,1786043856.234515629,/novatel/oem7/odom,/novatel/oem7/fix,/novatel/oem7/odom,39.663,-75.756,-1.800683111,0.002676333,-0.000238371,0.002602882,0.000622709,-0.000238371,,,
1786043856246032446,1786043856.245052323,/novatel/oem7/inspva,/novatel/oem7/inspva,/novatel/oem7/inspva,39.663,-75.756,-1.800690581,0.003106405,-0.000809486,0.001341002,0.002802047,-0.000809486,,novatel_oem7_msgs.msg.InertialSolutionStatus(status=3),
1786043856248034844,1786043856.245234060,/novatel/oem7/fix,/novatel/oem7/fix,/novatel/oem7/inspva,39.663,-75.756,-1.800690581,0.003106405,-0.000809486,0.001341002,0.002802047,-0.000809486,,0,
1786043856249501845,1786043856.245582601,/novatel/oem7/odom,/novatel/oem7/fix,/novatel/oem7/odom,39.663,-75.756,-1.800690581,0.003110108,-0.000795139,0.002871997,0.001193486,-0.000795139,,,
1786043856257524966,1786043856.256310121,/novatel/oem7/odom,/novatel/oem7/fix,/novatel/oem7/odom,39.663,-75.756,-1.800690581,0.003110108,-0.000795139,0.002871997,0.001193486,-0.000795139,,,
1786043856265607502,1786043856.265068050,/novatel/oem7/inspva,/novatel/oem7/inspva,/novatel/oem7/inspva,39.663,-75.756,-1.800691974,0.002477712,-0.000552754,0.001069808,0.002234852,-0.000552754,,novatel_oem7_msgs.msg.InertialSolutionStatus(status=3),
1786043856267060017,1786043856.265170665,/novatel/oem7/fix,/novatel/oem7/fix,/novatel/oem7/inspva,39.663,-75.756,-1.800691974,0.002477712,-0.000552754,0.001069808,0.002234852,-0.000552754,,0,
1786043856268268376,1786043856.265616519,/novatel/oem7/odom,/novatel/oem7/fix,/novatel/oem7/odom,39.663,-75.756,-1.800691974,0.002480238,-0.000541304,0.002290298,0.000951902,-0.000541304,,,
1786043856275275537,1786043856.274537013,/novatel/oem7/odom,/novatel/oem7/fix,/novatel/oem7/odom,39.663,-75.756,-1.800691974,0.002480238,-0.000541304,0.002290298,0.000951902,-0.000541304,,,
1786043856286203782,1786043856.285623049,/novatel/oem7/inspva,/novatel/oem7/inspva,/novatel/oem7/inspva,39.663,-75.756,-1.800694295,0.002872686,-0.000286328,0.001406124,0.002505023,-0.000286328,,novatel_oem7_msgs.msg.InertialSolutionStatus(status=3),
1786043856287670730,1786043856.285836021,/novatel/oem7/fix,/novatel/oem7/fix,/novatel/oem7/inspva,39.663,-75.756,-1.800694295,0.002872686,-0.000286328,0.001406124,0.002505023,-0.000286328,,0,
1786043856288712500,1786043856.286551565,/novatel/oem7/odom,/novatel/oem7/fix,/novatel/oem7/odom,39.663,-75.756,-1.800694295,0.002873991,-0.000272908,0.002576775,0.001272815,-0.000272908,,,
1786043856295395695,1786043856.294757675,/novatel/oem7/odom,/novatel/oem7/fix,/novatel/oem7/odom,39.663,-75.756,-1.800694295,0.002873991,-0.000272908,0.002576775,0.001272815,-0.000272908,,,
1786043856306717800,1786043856.305852644,/novatel/oem7/inspva,/novatel/oem7/inspva,/novatel/oem7/inspva,39.663,-75.756,-1.800700168,0.002607360,-0.000272291,0.001052471,0.002385505,-0.000272291,,novatel_oem7_msgs.msg.InertialSolutionStatus(status=3),
1786043856308409847,1786043856.306094070,/novatel/oem7/fix,/novatel/oem7/fix,/novatel/oem7/inspva,39.663,-75.756,-1.800700168,0.002607360,-0.000272291,0.001052471,0.002385505,-0.000272291,,0,
1786043856309565749,1786043856.306590395,/novatel/oem7/odom,/novatel/oem7/fix,/novatel/oem7/odom,39.663,-75.756,-1.800700168,0.002608583,-0.000260319,0.002438719,0.000925934,-0.000260319,,,
1786043856311168502,1786043856.309229459,/novatel/oem7/bestpos,/novatel/oem7/bestpos,/novatel/oem7/odom,39.663,-75.756,33.181651258,0.002608583,-0.000260319,0.002438719,0.000925934,-0.000260319,,novatel_oem7_msgs.msg.SolutionStatus(status=0),novatel_oem7_msgs.msg.PositionOrVelocityType(type=53)
1786043856312137098,1786043856.309637671,/novatel/oem7/bestvel,/novatel/oem7/bestpos,/novatel/oem7/bestvel,39.663,-75.756,33.181651258,0.002917784,-0.000388945,,,,71.755408471,novatel_oem7_msgs.msg.SolutionStatus(status=0),novatel_oem7_msgs.msg.PositionOrVelocityType(type=53)
1786043856315158152,1786043856.314471286,/novatel/oem7/odom,/novatel/oem7/bestpos,/novatel/oem7/odom,39.663,-75.756,33.181651258,0.002608583,-0.000260319,0.002438719,0.000925934,-0.000260319,,,
1786043856325700579,1786043856.325151388,/novatel/oem7/inspva,/novatel/oem7/inspva,/novatel/oem7/inspva,39.663,-75.756,-1.800708860,0.003096257,-0.000724127,0.001462516,0.002729076,-0.000724127,,novatel_oem7_msgs.msg.InertialSolutionStatus(status=3),
1786043856327057573,1786043856.325306272,/novatel/oem7/fix,/novatel/oem7/fix,/novatel/oem7/inspva,39.663,-75.756,-1.800708860,0.003096257,-0.000724127,0.001462516,0.002729076,-0.000724127,,0,
1786043856328219392,1786043856.325906095,/novatel/oem7/odom,/novatel/oem7/fix,/novatel/oem7/odom,39.663,-75.756,-1.800708860,0.003099592,-0.000709717,0.002805201,0.001318452,-0.000709717,,,
1786043856335850863,1786043856.334948667,/novatel/oem7/odom,/novatel/oem7/fix,/novatel/oem7/odom,39.663,-75.756,-1.800708860,0.003099592,-0.000709717,0.002805201,0.001318452,-0.000709717,,,
1786043856347339029,1786043856.345943225,/novatel/oem7/inspva,/novatel/oem7/inspva,/novatel/oem7/inspva,39.663,-75.756,-1.800713479,0.002632640,-0.000464920,0.001272374,0.002304746,-0.000464920,,novatel_oem7_msgs.msg.InertialSolutionStatus(status=3),
1786043856349582329,1786043856.346239105,/novatel/oem7/fix,/novatel/oem7/fix,/novatel/oem7/inspva,39.663,-75.756,-1.800713479,0.002632640,-0.000464920,0.001272374,0.002304746,-0.000464920,,0,
1786043856351311930,1786043856.346710903,/novatel/oem7/odom,/novatel/oem7/fix,/novatel/oem7/odom,39.663,-75.756,-1.800713479,0.002634778,-0.000452642,0.002370426,0.001150276,-0.000452642,,,
1786043856356851023,1786043856.355757624,/novatel/oem7/odom,/novatel/oem7/fix,/novatel/oem7/odom,39.663,-75.756,-1.800713479,0.002634778,-0.000452642,0.002370426,0.001150276,-0.000452642,,,
1786043856365857948,1786043856.365037826,/novatel/oem7/inspva,/novatel/oem7/inspva,/novatel/oem7/inspva,39.663,-75.756,-1.800722939,0.002903484,-0.000758622,0.001538292,0.002462494,-0.000758622,,novatel_oem7_msgs.msg.InertialSolutionStatus(status=3),
1786043856367400363,1786043856.365206898,/novatel/oem7/fix,/novatel/oem7/fix,/novatel/oem7/inspva,39.663,-75.756,-1.800722939,0.002903484,-0.000758622,0.001538292,0.002462494,-0.000758622,,0,
1786043856368667790,1786043856.365568685,/novatel/oem7/odom,/novatel/oem7/fix,/novatel/oem7/odom,39.663,-75.756,-1.800722939,0.002907002,-0.000745026,0.002543105,0.001408290,-0.000745026,,,
1786043856376488666,1786043856.375548106,/novatel/oem7/odom,/novatel/oem7/fix,/novatel/oem7/odom,39.663,-75.756,-1.800722939,0.002907002,-0.000745026,0.002543105,0.001408290,-0.000745026,,,
1786043856385771690,1786043856.384934285,/novatel/oem7/inspva,/novatel/oem7/inspva,/novatel/oem7/inspva,39.663,-75.756,-1.800730259,0.002516185,-0.000607343,0.001397214,0.002092602,-0.000607343,,novatel_oem7_msgs.msg.InertialSolutionStatus(status=3),
1786043856387252309,1786043856.385121467,/novatel/oem7/fix,/novatel/oem7/fix,/novatel/oem7/inspva,39.663,-75.756,-1.800730259,0.002516185,-0.000607343,0.001397214,0.002092602,-0.000607343,,0,
1786043856388377970,1786043856.385525967,/novatel/oem7/odom,/novatel/oem7/fix,/novatel/oem7/odom,39.663,-75.756,-1.800730259,0.002519009,-0.000595521,0.002165703,0.001286522,-0.000595521,,,
1786043856395107279,1786043856.394341655,/novatel/oem7/odom,/novatel/oem7/fix,/novatel/oem7/odom,39.663,-75.756,-1.800730259,0.002519009,-0.000595521,0.002165703,0.001286522,-0.000595521,,,
1786043856407717937,1786043856.406666579,/novatel/oem7/inspva,/novatel/oem7/inspva,/novatel/oem7/inspva,39.663,-75.756,-1.800736257,0.002955008,-0.000453167,0.001673207,0.002435663,-0.000453167,,novatel_oem7_msgs.msg.InertialSolutionStatus(status=3),
1786043856409401920,1786043856.406926955,/novatel/oem7/fix,/novatel/oem7/fix,/novatel/oem7/inspva,39.663,-75.756,-1.800736257,0.002955008,-0.000453167,0.001673207,0.002435663,-0.000453167,,0,
1786043856410684693,1786043856.407343803,/novatel/oem7/odom,/novatel/oem7/fix,/novatel/oem7/odom,39.663,-75.756,-1.800736257,0.002957101,-0.000439306,0.002522221,0.001543647,-0.000439306,,,
1786043856412456965,1786043856.410566649,/novatel/oem7/bestpos,/novatel/oem7/bestpos,/novatel/oem7/odom,39.663,-75.756,33.181623155,0.002957101,-0.000439306,0.002522221,0.001543647,-0.000439306,,novatel_oem7_msgs.msg.SolutionStatus(status=0),novatel_oem7_msgs.msg.PositionOrVelocityType(type=53)
1786043856413477715,1786043856.411055234,/novatel/oem7/bestvel,/novatel/oem7/bestpos,/novatel/oem7/bestvel,39.663,-75.756,33.181623155,0.002729848,-0.000185442,,,,63.948546808,novatel_oem7_msgs.msg.SolutionStatus(status=0),novatel_oem7_msgs.msg.PositionOrVelocityType(type=53)
1786043856415894216,1786043856.415145738,/novatel/oem7/odom,/novatel/oem7/bestpos,/novatel/oem7/odom,39.663,-75.756,33.181623155,0.002957101,-0.000439306,0.002522221,0.001543647,-0.000439306,,,
1786043856425549668,1786043856.424993212,/novatel/oem7/inspva,/novatel/oem7/inspva,/novatel/oem7/inspva,39.663,-75.756,-1.800744665,0.002625166,-0.000280747,0.001653939,0.002038623,-0.000280747,,novatel_oem7_msgs.msg.InertialSolutionStatus(status=3),
1786043856426911868,1786043856.425171597,/novatel/oem7/fix,/novatel/oem7/fix,/novatel/oem7/inspva,39.663,-75.756,-1.800744665,0.002625166,-0.000280747,0.001653939,0.002038623,-0.000280747,,0,
1786043856428057810,1786043856.425445908,/novatel/oem7/odom,/novatel/oem7/fix,/novatel/oem7/odom,39.663,-75.756,-1.800744665,0.002626452,-0.000268449,0.002124057,0.001544873,-0.000268449,,,
1786043856436673187,1786043856.435642927,/novatel/oem7/odom,/novatel/oem7/fix,/novatel/oem7/odom,39.663,-75.756,-1.800744665,0.002626452,-0.000268449,0.002124057,0.001544873,-0.000268449,,,
1786043856446386363,1786043856.445364776,/novatel/oem7/inspva,/novatel/oem7/inspva,/novatel/oem7/inspva,39.663,-75.756,-1.800759552,0.002957679,-0.001060180,0.001566454,0.002508801,-0.001060180,,novatel_oem7_msgs.msg.InertialSolutionStatus(status=3),
1786043856448270739,1786043856.445735389,/novatel/oem7/fix,/novatel/oem7/fix,/novatel/oem7/inspva,39.663,-75.756,-1.800759552,0.002957679,-0.001060180,0.001566454,0.002508801,-0.001060180,,0,
1786043856449798765,1786043856.446225146,/novatel/oem7/odom,/novatel/oem7/fix,/novatel/oem7/odom,39.663,-75.756,-1.800759552,0.002962590,-0.001046377,0.002592003,0.001434734,-0.001046377,,,
1786043856457201380,1786043856.456320644,/novatel/oem7/odom,/novatel/oem7/fix,/novatel/oem7/odom,39.663,-75.756,-1.800759552,0.002962590,-0.001046377,0.002592003,0.001434734,-0.001046377,,,
1786043856466616949,1786043856.466019269,/novatel/oem7/inspva,/novatel/oem7/inspva,/novatel/oem7/inspva,39.663,-75.756,-1.800767212,0.002604165,-0.000786687,0.001552444,0.002090836,-0.000786687,,novatel_oem7_msgs.msg.InertialSolutionStatus(status=3),
1786043856468077380,1786043856.466191257,/novatel/oem7/fix,/novatel/oem7/fix,/novatel/oem7/inspva,39.663,-75.756,-1.800767212,0.002604165,-0.000786687,0.001552444,0.002090836,-0.000786687,,0,
1786043856469241352,1786043856.466576675,/novatel/oem7/odom,/novatel/oem7/fix,/novatel/oem7/odom,39.663,-75.756,-1.800767212,0.002607809,-0.000774524,0.002172822,0.001442051,-0.000774524,,,
1786043856475916960,1786043856.474726814,/novatel/oem7/odom,/novatel/oem7/fix,/novatel/oem7/odom,39.663,-75.756,-1.800767212,0.002607809,-0.000774524,0.002172822,0.001442051,-0.000774524,,,
1786043856485831194,1786043856.485144060,/novatel/oem7/inspva,/novatel/oem7/inspva,/novatel/oem7/inspva,39.663,-75.756,-1.800779328,0.002522055,-0.000768439,0.001485718,0.002037990,-0.000768439,,novatel_oem7_msgs.msg.InertialSolutionStatus(status=3),
1786043856487204338,1786043856.485362262,/novatel/oem7/fix,/novatel/oem7/fix,/novatel/oem7/inspva,39.663,-75.756,-1.800779328,0.002522055,-0.000768439,0.001485718,0.002037990,-0.000768439,,0,
1786043856488262752,1786043856.485631346,/novatel/oem7/odom,/novatel/oem7/fix,/novatel/oem7/odom,39.663,-75.756,-1.800779328,0.002525612,-0.000756665,0.002116451,0.001378169,-0.000756665,,,
1786043856496337848,1786043856.495657931,/novatel/oem7/odom,/novatel/oem7/fix,/novatel/oem7/odom,39.663,-75.756,-1.800779328,0.002525612,-0.000756665,0.002116451,0.001378169,-0.000756665,,,
1786043856507055143,1786043856.506130850,/novatel/oem7/inspva,/novatel/oem7/inspva,/novatel/oem7/inspva,39.663,-75.756,-1.800792152,0.002538180,-0.000756767,0.001598326,0.001971728,-0.000756767,,novatel_oem7_msgs.msg.InertialSolutionStatus(status=3),
1786043856508735537,1786043856.506398616,/novatel/oem7/fix,/novatel/oem7/fix,/novatel/oem7/inspva,39.663,-75.756,-1.800792152,0.002538180,-0.000756767,0.001598326,0.001971728,-0.000756767,,0,
1786043856509890628,1786043856.506706259,/novatel/oem7/odom,/novatel/oem7/fix,/novatel/oem7/odom,39.663,-75.756,-1.800792152,0.002541682,-0.000744920,0.002056189,0.001494065,-0.000744920,,,
1786043856511901169,1786043856.511191802,/novatel/oem7/bestpos,/novatel/oem7/bestpos,/novatel/oem7/odom,39.663,-75.756,33.181578827,0.002541682,-0.000744920,0.002056189,0.001494065,-0.000744920,,novatel_oem7_msgs.msg.SolutionStatus(status=0),novatel_oem7_msgs.msg.PositionOrVelocityType(type=53)
1786043856513389231,1786043856.512150825,/novatel/oem7/bestvel,/novatel/oem7/bestpos,/novatel/oem7/bestvel,39.663,-75.756,33.181578827,0.002529980,-0.000725628,,,,54.624146538,novatel_oem7_msgs.msg.SolutionStatus(status=0),novatel_oem7_msgs.msg.PositionOrVelocityType(type=53)
1786043856515445558,1786043856.514443708,/novatel/oem7/odom,/novatel/oem7/bestpos,/novatel/oem7/odom,39.663,-75.756,33.181578827,0.002541682,-0.000744920,0.002056189,0.001494065,-0.000744920,,,
1786043856527202238,1786043856.526629349,/novatel/oem7/inspva,/novatel/oem7/inspva,/novatel/oem7/inspva,39.663,-75.756,-1.800803828,0.002675463,-0.000650015,0.001774059,0.002002703,-0.000650015,,novatel_oem7_msgs.msg.InertialSolutionStatus(status=3),
1786043856528599849,1786043856.526812074,/novatel/oem7/fix,/novatel/oem7/fix,/novatel/oem7/inspva,39.663,-75.756,-1.800803828,0.002675463,-0.000650015,0.001774059,0.002002703,-0.000650015,,0,
1786043856529686630,1786043856.527250922,/novatel/oem7/odom,/novatel/oem7/fix,/novatel/oem7/odom,39.663,-75.756,-1.800803828,0.002678462,-0.000637549,0.002095964,0.001667661,-0.000637549,,,
1786043856535814929,1786043856.535010826,/novatel/oem7/odom,/novatel/oem7/fix,/novatel/oem7/odom,39.663,-75.756,-1.800803828,0.002678462,-0.000637549,0.002095964,0.001667661,-0.000637549,,,
1786043856546298715,1786043856.545214524,/novatel/oem7/inspva,/novatel/oem7/inspva,/novatel/oem7/inspva,39.663,-75.756,-1.800817649,0.002707594,-0.000835081,0.001871316,0.001956845,-0.000835081,,novatel_oem7_msgs.msg.InertialSolutionStatus(status=3),
1786043856548358089,1786043856.545515387,/novatel/oem7/fix,/novatel/oem7/fix,/novatel/oem7/inspva,39.663,-75.756,-1.800817649,0.002707594,-0.000835081,0.001871316,0.001956845,-0.000835081,,0,
1786043856550058407,1786043856.545926258,/novatel/oem7/odom,/novatel/oem7/fix,/novatel/oem7/odom,39.663,-75.756,-1.800817649,0.002711430,-0.000822542,0.002056008,0.001767678,-0.000822542,,,
1786043856556789025,1786043856.555873244,/novatel/oem7/odom,/novatel/oem7/fix,/novatel/oem7/odom,39.663,-75.756,-1.800817649,0.002711430,-0.000822542,0.002056008,0.001767678,-0.000822542,,,
1786043856565845257,1786043856.565253278,/novatel/oem7/inspva,/novatel/oem7/inspva,/novatel/oem7/inspva,39.663,-75.756,-1.800829834,0.002489939,-0.000598638,0.001655248,0.001860094,-0.000598638,,novatel_oem7_msgs.msg.InertialSolutionStatus(status=3),
1786043856567279625,1786043856.565463290,/novatel/oem7/fix,/novatel/oem7/fix,/novatel/oem7/inspva,39.663,-75.756,-1.800829834,0.002489939,-0.000598638,0.001655248,0.001860094,-0.000598638,,0,
1786043856568390453,1786043856.566000139,/novatel/oem7/odom,/novatel/oem7/fix,/novatel/oem7/odom,39.663,-75.756,-1.800829834,0.002492695,-0.000587059,0.001947097,0.001556386,-0.000587059,,,
1786043856576343894,1786043856.575143322,/novatel/oem7/odom,/novatel/oem7/fix,/novatel/oem7/odom,39.663,-75.756,-1.800829834,0.002492695,-0.000587059,0.001947097,0.001556386,-0.000587059,,,
1786043856586671029,1786043856.585967442,/novatel/oem7/inspva,/novatel/oem7/inspva,/novatel/oem7/inspva,39.663,-75.756,-1.800847550,0.002638146,-0.000954182,0.001996961,0.001723938,-0.000954182,,novatel_oem7_msgs.msg.InertialSolutionStatus(status=3),
1786043856588118621,1786043856.586193241,/novatel/oem7/fix,/novatel/oem7/fix,/novatel/oem7/inspva,39.663,-75.756,-1.800847550,0.002638146,-0.000954182,0.001996961,0.001723938,-0.000954182,,0,
1786043856589182684,1786043856.586497076,/novatel/oem7/odom,/novatel/oem7/fix,/novatel/oem7/odom,39.663,-75.756,-1.800847550,0.002642463,-0.000942161,0.001830522,0.001905728,-0.000942161,,,
1786043856595116075,1786043856.594374134,/novatel/oem7/odom,/novatel/oem7/fix,/novatel/oem7/odom,39.663,-75.756,-1.800847550,0.002642463,-0.000942161,0.001830522,0.001905728,-0.000942161,,,
1786043856607455127,1786043856.606472127,/novatel/oem7/inspva,/novatel/oem7/inspva,/novatel/oem7/inspva,39.663,-75.756,-1.800860540,0.002465967,-0.000728403,0.001528456,0.001935152,-0.000728403,,novatel_oem7_msgs.msg.InertialSolutionStatus(status=3),
1786043856609116857,1786043856.606822337,/novatel/oem7/fix,/novatel/oem7/fix,/novatel/oem7/inspva,39.663,-75.756,-1.800860540,0.002465967,-0.000728403,0.001528456,0.001935152,-0.000728403,,0,
1786043856610355263,1786043856.607229105,/novatel/oem7/odom,/novatel/oem7/fix,/novatel/oem7/odom,39.663,-75.756,-1.800860540,0.002469328,-0.000716926,0.002015874,0.001426125,-0.000716926,,,
1786043856611936129,1786043856.610166195,/novatel/oem7/bestpos,/novatel/oem7/bestpos,/novatel/oem7/odom,39.663,-75.756,33.181514424,0.002469328,-0.000716926,0.002015874,0.001426125,-0.000716926,,novatel_oem7_msgs.msg.SolutionStatus(status=0),novatel_oem7_msgs.msg.PositionOrVelocityType(type=53)
1786043856613002167,1786043856.610558075,/novatel/oem7/bestvel,/novatel/oem7/bestpos,/novatel/oem7/bestvel,39.663,-75.756,33.181514424,0.002350844,-0.000646945,,,,50.509307227,novatel_oem7_msgs.msg.SolutionStatus(status=0),novatel_oem7_msgs.msg.PositionOrVelocityType(type=53)
1786043856616141022,1786043856.615497431,/novatel/oem7/odom,/novatel/oem7/bestpos,/novatel/oem7/odom,39.663,-75.756,33.181514424,0.002469328,-0.000716926,0.002015874,0.001426125,-0.000716926,,,
1786043856625547244,1786043856.624999332,/novatel/oem7/inspva,/novatel/oem7/inspva,/novatel/oem7/inspva,39.663,-75.756,-1.800879951,0.002737582,-0.001004685,0.002054422,0.001809339,-0.001004685,,novatel_oem7_msgs.msg.InertialSolutionStatus(status=3),
1786043856626922665,1786043856.625173720,/novatel/oem7/fix,/novatel/oem7/fix,/novatel/oem7/inspva,39.663,-75.756,-1.800879951,0.002737582,-0.001004685,0.002054422,0.001809339,-0.001004685,,0,
1786043856628093817,1786043856.625561001,/novatel/oem7/odom,/novatel/oem7/fix,/novatel/oem7/odom,39.663,-75.756,-1.800879951,0.002742138,-0.000992184,0.001919046,0.001958720,-0.000992184,,,
1786043856635078081,1786043856.634338960,/novatel/oem7/odom,/novatel/oem7/fix,/novatel/oem7/odom,39.663,-75.756,-1.800879951,0.002742138,-0.000992184,0.001919046,0.001958720,-0.000992184,,,
1786043856647602478,1786043856.646623325,/novatel/oem7/inspva,/novatel/oem7/inspva,/novatel/oem7/inspva,39.663,-75.756,-1.800899095,0.002105854,-0.001098562,0.001676027,0.001274973,-0.001098562,,novatel_oem7_msgs.msg.InertialSolutionStatus(status=3),
1786043856649771310,1786043856.646932711,/novatel/oem7/fix,/novatel/oem7/fix,/novatel/oem7/inspva,39.663,-75.756,-1.800899095,0.002105854,-0.001098562,0.001676027,0.001274973,-0.001098562,,0,
1786043856651312943,1786043856.647254872,/novatel/oem7/odom,/novatel/oem7/fix,/novatel/oem7/odom,39.663,-75.756,-1.800899095,0.002110756,-0.001089114,0.001365848,0.001609270,-0.001089114,,,
1786043856657952964,1786043856.657022182,/novatel/oem7/odom,/novatel/oem7/fix,/novatel/oem7/odom,39.663,-75.756,-1.800899095,0.002110756,-0.001089114,0.001365848,0.001609270,-0.001089114,,,
1786043856665705899,1786043856.664967695,/novatel/oem7/inspva,/novatel/oem7/inspva,/novatel/oem7/inspva,39.663,-75.756,-1.800922629,0.002714490,-0.001331892,0.002288808,0.001459388,-0.001331892,,novatel_oem7_msgs.msg.InertialSolutionStatus(status=3),
1786043856667452683,1786043856.665219967,/novatel/oem7/fix,/novatel/oem7/fix,/novatel/oem7/inspva,39.663,-75.756,-1.800922629,0.002714490,-0.001331892,0.002288808,0.001459388,-0.001331892,,0,
1786043856668888401,1786043856.665671475,/novatel/oem7/odom,/novatel/oem7/fix,/novatel/oem7/odom,39.663,-75.756,-1.800922629,0.002720287,-0.001320013,0.001583208,0.002212106,-0.001320013,,,
1786043856676716377,1786043856.675794544,/novatel/oem7/odom,/novatel/oem7/fix,/novatel/oem7/odom,39.663,-75.756,-1.800922629,0.002720287,-0.001320013,0.001583208,0.002212106,-0.001320013,,,
1786043856686457983,1786043856.685366659,/novatel/oem7/inspva,/novatel/oem7/inspva,/novatel/oem7/inspva,39.663,-75.756,-1.800944912,0.002107908,-0.001260486,0.001623914,0.001343942,-0.001260486,,novatel_oem7_msgs.msg.InertialSolutionStatus(status=3),
1786043856688488904,1786043856.685700739,/novatel/oem7/fix,/novatel/oem7/fix,/novatel/oem7/inspva,39.663,-75.756,-1.800944912,0.002107908,-0.001260486,0.001623914,0.001343942,-0.001260486,,0,
1786043856689920758,1786043856.686326782,/novatel/oem7/odom,/novatel/oem7/fix,/novatel/oem7/odom,39.663,-75.756,-1.800944912,0.002113587,-0.001250941,0.001432587,0.001554009,-0.001250941,,,
1786043856695981443,1786043856.695114661,/novatel/oem7/odom,/novatel/oem7/fix,/novatel/oem7/odom,39.663,-75.756,-1.800944912,0.002113587,-0.001250941,0.001432587,0.001554009,-0.001250941,,,
1786043856706514287,1786043856.705895974,/novatel/oem7/inspva,/novatel/oem7/inspva,/novatel/oem7/inspva,39.663,-75.756,-1.800969412,0.002539639,-0.001177674,0.002151254,0.001349768,-0.001177674,,novatel_oem7_msgs.msg.InertialSolutionStatus(status=3),
1786043856707906881,1786043856.706084180,/novatel/oem7/fix,/novatel/oem7/fix,/novatel/oem7/inspva,39.663,-75.756,-1.800969412,0.002539639,-0.001177674,0.002151254,0.001349768,-0.001177674,,0,
1786043856709073850,1786043856.706415012,/novatel/oem7/odom,/novatel/oem7/fix,/novatel/oem7/odom,39.663,-75.756,-1.800969412,0.002544735,-0.001166622,0.001465926,0.002080080,-0.001166622,,,
1786043856710775977,1786043856.709219015,/novatel/oem7/bestpos,/novatel/oem7/bestpos,/novatel/oem7/odom,39.663,-75.756,33.181405067,0.002544735,-0.001166622,0.001465926,0.002080080,-0.001166622,,novatel_oem7_msgs.msg.SolutionStatus(status=0),novatel_oem7_msgs.msg.PositionOrVelocityType(type=53)
1786043856711761217,1786043856.709641379,/novatel/oem7/bestvel,/novatel/oem7/bestpos,/novatel/oem7/bestvel,39.663,-75.756,33.181405067,0.002671560,-0.001219523,,,,24.772009901,novatel_oem7_msgs.msg.SolutionStatus(status=0),novatel_oem7_msgs.msg.PositionOrVelocityType(type=53)
1786043856715555646,1786043856.714702438,/novatel/oem7/odom,/novatel/oem7/bestpos,/novatel/oem7/odom,39.663,-75.756,33.181405067,0.002544735,-0.001166622,0.001465926,0.002080080,-0.001166622,,,
1786043856726197757,1786043856.725348685,/novatel/oem7/inspva,/novatel/oem7/inspva,/novatel/oem7/inspva,39.663,-75.756,-1.800998874,0.001961363,-0.001771142,0.001533920,0.001222306,-0.001771142,,novatel_oem7_msgs.msg.InertialSolutionStatus(status=3),
1786043856727917508,1786043856.725653512,/novatel/oem7/fix,/novatel/oem7/fix,/novatel/oem7/inspva,39.663,-75.756,-1.800998874,0.001961363,-0.001771142,0.001533920,0.001222306,-0.001771142,,0,
1786043856729307796,1786043856.726259105,/novatel/oem7/odom,/novatel/oem7/fix,/novatel/oem7/odom,39.663,-75.756,-1.800998874,0.001969299,-0.001762314,0.001308335,0.001471868,-0.001762314,,,
1786043856736601430,1786043856.735664010,/novatel/oem7/odom,/novatel/oem7/fix,/novatel/oem7/odom,39.663,-75.756,-1.800998874,0.001969299,-0.001762314,0.001308335,0.001471868,-0.001762314,,,
1786043856746058322,1786043856.745190923,/novatel/oem7/inspva,/novatel/oem7/inspva,/novatel/oem7/inspva,39.663,-75.756,-1.801022981,0.002569458,-0.001594721,0.002296121,0.001153231,-0.001594721,,novatel_oem7_msgs.msg.InertialSolutionStatus(status=3),
1786043856747705936,1786043856.745529361,/novatel/oem7/fix,/novatel/oem7/fix,/novatel/oem7/inspva,39.663,-75.756,-1.801022981,0.002569458,-0.001594721,0.002296121,0.001153231,-0.001594721,,0,
1786043856748848707,1786043856.745893254,/novatel/oem7/odom,/novatel/oem7/fix,/novatel/oem7/odom,39.663,-75.756,-1.801022981,0.002576061,-0.001584031,0.001278884,0.002236191,-0.001584031,,,
1786043856756584126,1786043856.755699644,/novatel/oem7/odom,/novatel/oem7/fix,/novatel/oem7/odom,39.663,-75.756,-1.801022981,0.002576061,-0.001584031,0.001278884,0.002236191,-0.001584031,,,
1786043856767488654,1786043856.766604415,/novatel/oem7/inspva,/novatel/oem7/inspva,/novatel/oem7/inspva,39.663,-75.756,-1.801050926,0.001884947,-0.001583329,0.001741815,0.000720489,-0.001583329,,novatel_oem7_msgs.msg.InertialSolutionStatus(status=3),
1786043856769257048,1786043856.766881208,/novatel/oem7/fix,/novatel/oem7/fix,/novatel/oem7/inspva,39.663,-75.756,-1.801050926,0.001884947,-0.001583329,0.001741815,0.000720489,-0.001583329,,0,
1786043856770696389,1786043856.767442108,/novatel/oem7/odom,/novatel/oem7/fix,/novatel/oem7/odom,39.663,-75.756,-1.801050926,0.001891254,-0.001575789,0.000817455,0.001705464,-0.001575789,,,
1786043856775761054,1786043856.774811018,/novatel/oem7/odom,/novatel/oem7/fix,/novatel/oem7/odom,39.663,-75.756,-1.801050926,0.001891254,-0.001575789,0.000817455,0.001705464,-0.001575789,,,
1786043856786104269,1786043856.785147430,/novatel/oem7/inspva,/novatel/oem7/inspva,/novatel/oem7/inspva,39.663,-75.756,-1.801081934,0.002369364,-0.001807934,0.002209017,0.000856815,-0.001807934,,novatel_oem7_msgs.msg.InertialSolutionStatus(status=3),
1786043856787870781,1786043856.785401519,/novatel/oem7/fix,/novatel/oem7/fix,/novatel/oem7/inspva,39.663,-75.756,-1.801081934,0.002369364,-0.001807934,0.002209017,0.000856815,-0.001807934,,0,
1786043856789048446,1786043856.785844167,/novatel/oem7/odom,/novatel/oem7/fix,/novatel/oem7/odom,39.663,-75.756,-1.801081934,0.002376472,-0.001798581,0.000979119,0.002165397,-0.001798581,,,
1786043856796485835,1786043856.795582416,/novatel/oem7/odom,/novatel/oem7/fix,/novatel/oem7/odom,39.663,-75.756,-1.801081934,0.002376472,-0.001798581,0.000979119,0.002165397,-0.001798581,,,
1786043856807520927,1786043856.806727476,/novatel/oem7/inspva,/novatel/oem7/inspva,/novatel/oem7/inspva,39.663,-75.756,-1.801112423,0.001860602,-0.001786333,0.001654170,0.000851799,-0.001786333,,novatel_oem7_msgs.msg.InertialSolutionStatus(status=3),
1786043856809218321,1786043856.806974021,/novatel/oem7/fix,/novatel/oem7/fix,/novatel/oem7/inspva,39.663,-75.756,-1.801112423,0.001860602,-0.001786333,0.001654170,0.000851799,-0.001786333,,0,
1786043856810565975,1786043856.807463476,/novatel/oem7/odom,/novatel/oem7/fix,/novatel/oem7/odom,39.663,-75.756,-1.801112423,0.001868037,-0.001778557,0.000944763,0.001611516,-0.001778557,,,
1786043856812364790,1786043856.810289182,/novatel/oem7/bestpos,/novatel/oem7/bestpos,/novatel/oem7/odom,39.663,-75.756,33.181273627,0.001868037,-0.001778557,0.000944763,0.001611516,-0.001778557,,novatel_oem7_msgs.msg.SolutionStatus(status=0),novatel_oem7_msgs.msg.PositionOrVelocityType(type=53)
1786043856813331696,1786043856.810741270,/novatel/oem7/bestvel,/novatel/oem7/bestpos,/novatel/oem7/bestvel,39.663,-75.756,33.181273627,0.001874829,-0.001768091,,,,23.143754665,novatel_oem7_msgs.msg.SolutionStatus(status=0),novatel_oem7_msgs.msg.PositionOrVelocityType(type=53)
1786043856815378197,1786043856.814649036,/novatel/oem7/odom,/novatel/oem7/bestpos,/novatel/oem7/odom,39.663,-75.756,33.181273627,0.001868037,-0.001778557,0.000944763,0.001611516,-0.001778557,,,
1786043856827502204,1786043856.826299922,/novatel/oem7/inspva,/novatel/oem7/inspva,/novatel/oem7/inspva,39.663,-75.756,-1.801145847,0.002046102,-0.001959594,0.001782684,0.001004275,-0.001959594,,novatel_oem7_msgs.msg.InertialSolutionStatus(status=3),
1786043856829604588,1786043856.826668862,/novatel/oem7/fix,/novatel/oem7/fix,/novatel/oem7/inspva,39.663,-75.756,-1.801145847,0.002046102,-0.001959594,0.001782684,0.001004275,-0.001959594,,0,
1786043856831060963,1786043856.827362532,/novatel/oem7/odom,/novatel/oem7/fix,/novatel/oem7/odom,39.663,-75.756,-1.801145847,0.002054395,-0.001950898,0.001104490,0.001732236,-0.001950898,,,
1786043856835463241,1786043856.834546718,/novatel/oem7/odom,/novatel/oem7/fix,/novatel/oem7/odom,39.663,-75.756,-1.801145847,0.002054395,-0.001950898,0.001104490,0.001732236,-0.001950898,,,
1786043856845794303,1786043856.845263587,/novatel/oem7/inspva,/novatel/oem7/inspva,/novatel/oem7/inspva,39.663,-75.756,-1.801181851,0.001799066,-0.002055597,0.001550217,0.000912942,-0.002055597,,novatel_oem7_msgs.msg.InertialSolutionStatus(status=3),
1786043856847126716,1786043856.845441082,/novatel/oem7/fix,/novatel/oem7/fix,/novatel/oem7/inspva,39.663,-75.756,-1.801181851,0.001799066,-0.002055597,0.001550217,0.000912942,-0.002055597,,0,
1786043856848315968,1786043856.845877037,/novatel/oem7/odom,/novatel/oem7/fix,/novatel/oem7/odom,39.663,-75.756,-1.801181851,0.001807857,-0.002047869,0.001001416,0.001505162,-0.002047869,,,
1786043856857685372,1786043856.856488808,/novatel/oem7/odom,/novatel/oem7/fix,/novatel/oem7/odom,39.663,-75.756,-1.801181851,0.001807857,-0.002047869,0.001001416,0.001505162,-0.002047869,,,
1786043856865991878,1786043856.865171223,/novatel/oem7/inspva,/novatel/oem7/inspva,/novatel/oem7/inspva,39.663,-75.756,-1.801215640,0.001895595,-0.002053463,0.001736584,0.000759972,-0.002053463,,novatel_oem7_msgs.msg.InertialSolutionStatus(status=3),
1786043856867715279,1786043856.865480623,/novatel/oem7/fix,/novatel/oem7/fix,/novatel/oem7/inspva,39.663,-75.756,-1.801215640,0.001895595,-0.002053463,0.001736584,0.000759972,-0.002053463,,0,
1786043856869016384,1786043856.866134987,/novatel/oem7/odom,/novatel/oem7/fix,/novatel/oem7/odom,39.663,-75.756,-1.801215640,0.001903854,-0.002045809,0.000858479,0.001699316,-0.002045809,,,
1786043856875279176,1786043856.874376357,/novatel/oem7/odom,/novatel/oem7/fix,/novatel/oem7/odom,39.663,-75.756,-1.801215640,0.001903854,-0.002045809,0.000858479,0.001699316,-0.002045809,,,
1786043856887395536,1786043856.886584251,/novatel/oem7/inspva,/novatel/oem7/inspva,/novatel/oem7/inspva,39.663,-75.756,-1.801250986,0.002055187,-0.002086427,0.002036388,0.000277345,-0.002086427,,novatel_oem7_msgs.msg.InertialSolutionStatus(status=3),
1786043856888611894,1786043856.886846700,/novatel/oem7/fix,/novatel/oem7/fix,/novatel/oem7/inspva,39.663,-75.756,-1.801250986,0.002055187,-0.002086427,0.002036388,0.000277345,-0.002086427,,0,
1786043856889182809,1786043856.887251697,/novatel/oem7/odom,/novatel/oem7/fix,/novatel/oem7/odom,39.663,-75.756,-1.801250986,0.002061985,-0.002079709,0.000392503,0.002024283,-0.002079709,,,
1786043856895694216,1786043856.895209445,/novatel/oem7/odom,/novatel/oem7/fix,/novatel/oem7/odom,39.663,-75.756,-1.801250986,0.002061985,-0.002079709,0.000392503,0.002024283,-0.002079709,,,
1786043856906390079,1786043856.905963858,/novatel/oem7/inspva,/novatel/oem7/inspva,/novatel/oem7/inspva,39.663,-75.756,-1.801284428,0.001847494,-0.001834637,0.001802766,0.000404067,-0.001834637,,novatel_oem7_msgs.msg.InertialSolutionStatus(status=3),
1786043856907303903,1786043856.906175743,/novatel/oem7/fix,/novatel/oem7/fix,/novatel/oem7/inspva,39.663,-75.756,-1.801284428,0.001847494,-0.001834637,0.001802766,0.000404067,-0.001834637,,0,
1786043856907995855,1786043856.906662448,/novatel/oem7/odom,/novatel/oem7/fix,/novatel/oem7/odom,39.663,-75.756,-1.801284428,0.001853944,-0.001828119,0.000505733,0.001783632,-0.001828119,,,
1786043856909879112,1786043856.909383962,/novatel/oem7/bestpos,/novatel/oem7/bestpos,/novatel/oem7/odom,39.663,-75.756,33.181101545,0.001853944,-0.001828119,0.000505733,0.001783632,-0.001828119,,novatel_oem7_msgs.msg.SolutionStatus(status=0),novatel_oem7_msgs.msg.PositionOrVelocityType(type=53)
1786043856910814034,1786043856.909960582,/novatel/oem7/bestvel,/novatel/oem7/bestpos,/novatel/oem7/bestvel,39.663,-75.756,33.181101545,0.001506402,-0.001624207,,,,14.933536761,novatel_oem7_msgs.msg.SolutionStatus(status=0),novatel_oem7_msgs.msg.PositionOrVelocityType(type=53)
1786043856916147177,1786043856.915511128,/novatel/oem7/odom,/novatel/oem7/bestpos,/novatel/oem7/odom,39.663,-75.756,33.181101545,0.001853944,-0.001828119,0.000505733,0.001783632,-0.001828119,,,
1786043856926118857,1786043856.925478223,/novatel/oem7/inspva,/novatel/oem7/inspva,/novatel/oem7/inspva,39.663,-75.756,-1.801320473,0.001849426,-0.002009517,0.001808882,0.000385128,-0.002009517,,novatel_oem7_msgs.msg.InertialSolutionStatus(status=3),
1786043856927100581,1786043856.925801499,/novatel/oem7/fix,/novatel/oem7/fix,/novatel/oem7/inspva,39.663,-75.756,-1.801320473,0.001849426,-0.002009517,0.001808882,0.000385128,-0.002009517,,0,
1786043856927937026,1786043856.926366049,/novatel/oem7/odom,/novatel/oem7/fix,/novatel/oem7/odom,39.663,-75.756,-1.801320473,0.001856438,-0.002003041,0.000487837,0.001791194,-0.002003041,,,
1786043856935181853,1786043856.934737084,/novatel/oem7/odom,/novatel/oem7/fix,/novatel/oem7/odom,39.663,-75.756,-1.801320473,0.001856438,-0.002003041,0.000487837,0.001791194,-0.002003041,,,
1786043856946883140,1786043856.946257774,/novatel/oem7/inspva,/novatel/oem7/inspva,/novatel/oem7/inspva,39.663,-75.756,-1.801353753,0.001762576,-0.001885676,0.001738192,0.000292169,-0.001885676,,novatel_oem7_msgs.msg.InertialSolutionStatus(status=3),
1786043856947801177,1786043856.946523694,/novatel/oem7/fix,/novatel/oem7/fix,/novatel/oem7/inspva,39.663,-75.756,-1.801353753,0.001762576,-0.001885676,0.001738192,0.000292169,-0.001885676,,0,
1786043856948335188,1786043856.946994991,/novatel/oem7/odom,/novatel/oem7/fix,/novatel/oem7/odom,39.663,-75.756,-1.801353753,0.001768891,-0.001879753,0.000390791,0.001725183,-0.001879753,,,
1786043856956613860,1786043856.955981900,/novatel/oem7/odom,/novatel/oem7/fix,/novatel/oem7/odom,39.663,-75.756,-1.801353753,0.001768891,-0.001879753,0.000390791,0.001725183,-0.001879753,,,
1786043856966053672,1786043856.965323011,/novatel/oem7/inspva,/novatel/oem7/inspva,/novatel/oem7/inspva,39.663,-75.756,-1.801388550,0.001847419,-0.001864106,0.001832912,0.000231063,-0.001864106,,novatel_oem7_msgs.msg.InertialSolutionStatus(status=3),
1786043856968136479,1786043856.965601364,/novatel/oem7/fix,/novatel/oem7/fix,/novatel/oem7/inspva,39.663,-75.756,-1.801388550,0.001847419,-0.001864106,0.001832912,0.000231063,-0.001864106,,0,
1786043856969714392,1786043856.966134549,/novatel/oem7/odom,/novatel/oem7/fix,/novatel/oem7/odom,39.663,-75.756,-1.801388550,0.001853406,-0.001858153,0.000334699,0.001822935,-0.001858153,,,
1786043856976801315,1786043856.975575392,/novatel/oem7/odom,/novatel/oem7/fix,/novatel/oem7/odom,39.663,-75.756,-1.801388550,0.001853406,-0.001858153,0.000334699,0.001822935,-0.001858153,,,
1786043856986725539,1786043856.985318494,/novatel/oem7/inspva,/novatel/oem7/inspva,/novatel/oem7/inspva,39.663,-75.756,-1.801425948,0.001889071,-0.001942009,0.001888089,0.000060917,-0.001942009,,novatel_oem7_msgs.msg.InertialSolutionStatus(status=3),
1786043856987959838,1786043856.985636737,/novatel/oem7/fix,/novatel/oem7/fix,/novatel/oem7/inspva,39.663,-75.756,-1.801425948,0.001889071,-0.001942009,0.001888089,0.000060917,-0.001942009,,0,
1786043856990300872,1786043856.986373265,/novatel/oem7/odom,/novatel/oem7/fix,/novatel/oem7/odom,39.663,-75.756,-1.801425948,0.001894690,-0.001936527,0.000168001,0.001887227,-0.001936527,,,
1786043856995257525,1786043856.994348736,/novatel/oem7/odom,/novatel/oem7/fix,/novatel/oem7/odom,39.663,-75.756,-1.801425948,0.001894690,-0.001936527,0.000168001,0.001887227,-0.001936527,,,
1786043857011004395,1786043857.009925884,/novatel/oem7/inspva,/novatel/oem7/inspva,/novatel/oem7/inspva,39.663,-75.756,-1.801464844,0.002145390,-0.002191325,0.002140946,-0.000138015,-0.002191325,,novatel_oem7_msgs.msg.InertialSolutionStatus(status=3),
1786043857012823064,1786043857.010155634,/novatel/oem7/fix,/novatel/oem7/fix,/novatel/oem7/inspva,39.663,-75.756,-1.801464844,0.002145390,-0.002191325,0.002140946,-0.000138015,-0.002191325,,0,
1786043857014017246,1786043857.011289865,/novatel/oem7/odom,/novatel/oem7/fix,/novatel/oem7/odom,39.663,-75.756,-1.801464844,0.002150939,-0.002185879,-0.000016343,0.002150877,-0.002185879,,,
1786043857017918982,1786043857.016873565,/novatel/oem7/odom,/novatel/oem7/fix,/novatel/oem7/odom,39.663,-75.756,-1.801464844,0.002150939,-0.002185879,-0.000016343,0.002150877,-0.002185879,,,
1786043857025960341,1786043857.025005328,/novatel/oem7/bestpos,/novatel/oem7/bestpos,/novatel/oem7/odom,39.663,-75.756,33.180920083,0.002150939,-0.002185879,-0.000016343,0.002150877,-0.002185879,,novatel_oem7_msgs.msg.SolutionStatus(status=0),novatel_oem7_msgs.msg.PositionOrVelocityType(type=53)
1786043857027901277,1786043857.025597074,/novatel/oem7/bestvel,/novatel/oem7/bestpos,/novatel/oem7/bestvel,39.663,-75.756,33.180920083,0.001984349,-0.002136162,,,,358.083089115,novatel_oem7_msgs.msg.SolutionStatus(status=0),novatel_oem7_msgs.msg.PositionOrVelocityType(type=53)
1786043857029099049,1786043857.026592898,/novatel/oem7/inspva,/novatel/oem7/inspva,/novatel/oem7/inspva,39.663,-75.756,-1.801502410,0.002089410,-0.002030257,0.002018182,-0.000540902,-0.002030257,,novatel_oem7_msgs.msg.InertialSolutionStatus(status=3),
1786043857030153584,1786043857.026829003,/novatel/oem7/fix,/novatel/oem7/fix,/novatel/oem7/inspva,39.663,-75.756,-1.801502410,0.002089410,-0.002030257,0.002018182,-0.000540902,-0.002030257,,0,
1786043857031533198,1786043857.027224216,/novatel/oem7/odom,/novatel/oem7/fix,/novatel/oem7/odom,39.663,-75.756,-1.801502410,0.002092907,-0.002026651,-0.000425743,0.002049147,-0.002026651,,,
1786043857036244149,1786043857.035437387,/novatel/oem7/odom,/novatel/oem7/fix,/novatel/oem7/odom,39.663,-75.756,-1.801502410,0.002092907,-0.002026651,-0.000425743,0.002049147,-0.002026651,,,
1786043857046335495,1786043857.045532853,/novatel/oem7/inspva,/novatel/oem7/inspva,/novatel/oem7/inspva,39.663,-75.756,-1.801507396,0.002395505,-0.001871996,0.002365620,-0.000377208,-0.001871996,,novatel_oem7_msgs.msg.InertialSolutionStatus(status=3),
1786043857048366932,1786043857.045786096,/novatel/oem7/fix,/novatel/oem7/fix,/novatel/oem7/inspva,39.663,-75.756,-1.801507396,0.002395505,-0.001871996,0.002365620,-0.000377208,-0.001871996,,0,
1786043857049564967,1786043857.046264085,/novatel/oem7/odom,/novatel/oem7/fix,/novatel/oem7/odom,39.663,-75.756,-1.801507396,0.002399551,-0.001866807,-0.000244542,0.002387057,-0.001866807,,,
1786043857057259396,1786043857.056390819,/novatel/oem7/odom,/novatel/oem7/fix,/novatel/oem7/odom,39.663,-75.756,-1.801507396,0.002399551,-0.001866807,-0.000244542,0.002387057,-0.001866807,,,
1786043857066918471,1786043857.066186726,/novatel/oem7/inspva,/novatel/oem7/inspva,/novatel/oem7/inspva,39.663,-75.756,-1.801507871,0.002248197,-0.002149629,0.002183170,-0.000536804,-0.002149629,,novatel_oem7_msgs.msg.InertialSolutionStatus(status=3),
1786043857068753709,1786043857.066496890,/novatel/oem7/fix,/novatel/oem7/fix,/novatel/oem7/inspva,39.663,-75.756,-1.801507871,0.002248197,-0.002149629,0.002183170,-0.000536804,-0.002149629,,0,
1786043857070210634,1786043857.066983611,/novatel/oem7/odom,/novatel/oem7/fix,/novatel/oem7/odom,39.663,-75.756,-1.801507871,0.002252101,-0.002145540,-0.000412473,0.002214006,-0.002145540,,,
1786043857075592706,1786043857.074770410,/novatel/oem7/odom,/novatel/oem7/fix,/novatel/oem7/odom,39.663,-75.756,-1.801507871,0.002252101,-0.002145540,-0.000412473,0.002214006,-0.002145540,,,
1786043857086321938,1786043857.085369268,/novatel/oem7/inspva,/novatel/oem7/inspva,/novatel/oem7/inspva,39.663,-75.756,-1.801512098,0.002101441,-0.002076285,0.002017551,-0.000587829,-0.002076285,,novatel_oem7_msgs.msg.InertialSolutionStatus(status=3),
1786043857088285948,1786043857.085680901,/novatel/oem7/fix,/novatel/oem7/fix,/novatel/oem7/inspva,39.663,-75.756,-1.801512098,0.002101441,-0.002076285,0.002017551,-0.000587829,-0.002076285,,0,
1786043857089705305,1786043857.086091140,/novatel/oem7/odom,/novatel/oem7/fix,/novatel/oem7/odom,39.663,-75.756,-1.801512098,0.002104846,-0.002072834,-0.000472488,0.002051129,-0.002072834,,,
1786043857096409217,1786043857.095586364,/novatel/oem7/odom,/novatel/oem7/fix,/novatel/oem7/odom,39.663,-75.756,-1.801512098,0.002104846,-0.002072834,-0.000472488,0.002051129,-0.002072834,,,
1786043857106673898,1786043857.105982958,/novatel/oem7/inspva,/novatel/oem7/inspva,/novatel/oem7/inspva,39.663,-75.756,-1.801513078,0.001854472,-0.002206578,0.001831319,-0.000292122,-0.002206578,,novatel_oem7_msgs.msg.InertialSolutionStatus(status=3),
1786043857108154420,1786043857.106194563,/novatel/oem7/fix,/novatel/oem7/fix,/novatel/oem7/inspva,39.663,-75.756,-1.801513078,0.001854472,-0.002206578,0.001831319,-0.000292122,-0.002206578,,0,
1786043857109224514,1786043857.106614714,/novatel/oem7/odom,/novatel/oem7/fix,/novatel/oem7/odom,39.663,-75.756,-1.801513078,0.001859256,-0.002202548,-0.000186545,0.001849874,-0.002202548,,,
1786043857111072086,1786043857.110268658,/novatel/oem7/bestpos,/novatel/oem7/bestpos,/novatel/oem7/odom,39.663,-75.756,33.180882141,0.001859256,-0.002202548,-0.000186545,0.001849874,-0.002202548,,novatel_oem7_msgs.msg.SolutionStatus(status=0),novatel_oem7_msgs.msg.PositionOrVelocityType(type=53)
1786043857112484667,1786043857.110737649,/novatel/oem7/bestvel,/novatel/oem7/bestpos,/novatel/oem7/bestvel,39.663,-75.756,33.180882141,0.001855774,-0.002226949,,,,351.963316166,novatel_oem7_msgs.msg.SolutionStatus(status=0),novatel_oem7_msgs.msg.PositionOrVelocityType(type=53)
1786043857115091493,1786043857.114363515,/novatel/oem7/odom,/novatel/oem7/bestpos,/novatel/oem7/odom,39.663,-75.756,33.180882141,0.001859256,-0.002202548,-0.000186545,0.001849874,-0.002202548,,,
1786043857129783882,1786043857.126802606,/novatel/oem7/inspva,/novatel/oem7/inspva,/novatel/oem7/inspva,39.663,-75.756,-1.801519343,0.002289361,-0.002062644,0.002178546,-0.000703643,-0.002062644,,novatel_oem7_msgs.msg.InertialSolutionStatus(status=3),
1786043857135932990,1786043857.127095879,/novatel/oem7/fix,/novatel/oem7/fix,/novatel/oem7/inspva,39.663,-75.756,-1.801519343,0.002289361,-0.002062644,0.002178546,-0.000703643,-0.002062644,,0,
1786043857137145813,1786043857.127617318,/novatel/oem7/odom,/novatel/oem7/fix,/novatel/oem7/odom,39.663,-75.756,-1.801519343,0.002292486,-0.002059171,-0.000579686,0.002217984,-0.002059171,,,
1786043857138163999,1786043857.135662759,/novatel/oem7/odom,/novatel/oem7/fix,/novatel/oem7/odom,39.663,-75.756,-1.801519343,0.002292486,-0.002059171,-0.000579686,0.002217984,-0.002059171,,,
1786043857145902195,1786043857.145213176,/novatel/oem7/inspva,/novatel/oem7/inspva,/novatel/oem7/inspva,39.663,-75.756,-1.801524729,0.001679797,-0.002359113,0.001633923,-0.000389889,-0.002359113,,novatel_oem7_msgs.msg.InertialSolutionStatus(status=3),
1786043857146997194,1786043857.145451862,/novatel/oem7/fix,/novatel/oem7/fix,/novatel/oem7/inspva,39.663,-75.756,-1.801524729,0.001679797,-0.002359113,0.001633923,-0.000389889,-0.002359113,,0,
1786043857147528958,1786043857.145961367,/novatel/oem7/odom,/novatel/oem7/fix,/novatel/oem7/odom,39.663,-75.756,-1.801524729,0.001684175,-0.002355990,-0.000293987,0.001658317,-0.002355990,,,
1786043857156411773,1786043857.155716293,/novatel/oem7/odom,/novatel/oem7/fix,/novatel/oem7/odom,39.663,-75.756,-1.801524729,0.001684175,-0.002355990,-0.000293987,0.001658317,-0.002355990,,,
1786043857166466801,1786043857.165912280,/novatel/oem7/inspva,/novatel/oem7/inspva,/novatel/oem7/inspva,39.663,-75.756,-1.801530820,0.001685237,-0.001850407,0.001667337,-0.000244972,-0.001850407,,novatel_oem7_msgs.msg.InertialSolutionStatus(status=3),
1786043857167710543,1786043857.166153306,/novatel/oem7/fix,/novatel/oem7/fix,/novatel/oem7/inspva,39.663,-75.756,-1.801530820,0.001685237,-0.001850407,0.001667337,-0.000244972,-0.001850407,,0,
1786043857168760067,1786043857.166645961,/novatel/oem7/odom,/novatel/oem7/fix,/novatel/oem7/odom,39.663,-75.756,-1.801530820,0.001689355,-0.001846648,-0.000149471,0.001682729,-0.001846648,,,
1786043857175217297,1786043857.174645443,/novatel/oem7/odom,/novatel/oem7/fix,/novatel/oem7/odom,39.663,-75.756,-1.801530820,0.001689355,-0.001846648,-0.000149471,0.001682729,-0.001846648,,,
1786043857186867196,1786043857.186056969,/novatel/oem7/inspva,/novatel/oem7/inspva,/novatel/oem7/inspva,39.663,-75.756,-1.801541992,0.001767786,-0.002328032,0.001758564,-0.000180333,-0.002328032,,novatel_oem7_msgs.msg.InertialSolutionStatus(status=3),
1786043857188490336,1786043857.186395195,/novatel/oem7/fix,/novatel/oem7/fix,/novatel/oem7/inspva,39.663,-75.756,-1.801541992,0.001767786,-0.002328032,0.001758564,-0.000180333,-0.002328032,,0,
1786043857189509111,1786043857.187145645,/novatel/oem7/odom,/novatel/oem7/fix,/novatel/oem7/odom,39.663,-75.756,-1.801541992,0.001773365,-0.002323785,-0.000078252,0.001771638,-0.002323785,,,
1786043857195873866,1786043857.194702399,/novatel/oem7/odom,/novatel/oem7/fix,/novatel/oem7/odom,39.663,-75.756,-1.801541992,0.001773365,-0.002323785,-0.000078252,0.001771638,-0.002323785,,,
1786043857207268082,1786043857.206369061,/novatel/oem7/inspva,/novatel/oem7/inspva,/novatel/oem7/inspva,39.663,-75.756,-1.801558718,0.001601283,-0.002712852,0.001565761,-0.000335407,-0.002712852,,novatel_oem7_msgs.msg.InertialSolutionStatus(status=3),
1786043857208828344,1786043857.206595791,/novatel/oem7/fix,/novatel/oem7/fix,/novatel/oem7/inspva,39.663,-75.756,-1.801558718,0.001601283,-0.002712852,0.001565761,-0.000335407,-0.002712852,,0,
1786043857209974104,1786043857.206977826,/novatel/oem7/odom,/novatel/oem7/fix,/novatel/oem7/odom,39.663,-75.756,-1.801558718,0.001606596,-0.002709708,-0.000241807,0.001588295,-0.002709708,,,
1786043857211607329,1786043857.209828277,/novatel/oem7/bestpos,/novatel/oem7/bestpos,/novatel/oem7/odom,39.663,-75.756,33.180828010,0.001606596,-0.002709708,-0.000241807,0.001588295,-0.002709708,,novatel_oem7_msgs.msg.SolutionStatus(status=0),novatel_oem7_msgs.msg.PositionOrVelocityType(type=53)
1786043857212556959,1786043857.210304825,/novatel/oem7/bestvel,/novatel/oem7/bestpos,/novatel/oem7/bestvel,39.663,-75.756,33.180828010,0.001810801,-0.002852050,,,,350.090168728,novatel_oem7_msgs.msg.SolutionStatus(status=0),novatel_oem7_msgs.msg.PositionOrVelocityType(type=53)
1786043857216640512,1786043857.215510984,/novatel/oem7/odom,/novatel/oem7/bestpos,/novatel/oem7/odom,39.663,-75.756,33.180828010,0.001606596,-0.002709708,-0.000241807,0.001588295,-0.002709708,,,
1786043857227119039,1786043857.226021965,/novatel/oem7/inspva,/novatel/oem7/inspva,/novatel/oem7/inspva,39.663,-75.756,-1.801566906,0.001568914,-0.002443001,0.001568218,-0.000046742,-0.002443001,,novatel_oem7_msgs.msg.InertialSolutionStatus(status=3),
1786043857229028089,1786043857.226271864,/novatel/oem7/fix,/novatel/oem7/fix,/novatel/oem7/inspva,39.663,-75.756,-1.801566906,0.001568914,-0.002443001,0.001568218,-0.000046742,-0.002443001,,0,
1786043857230541039,1786043857.226544622,/novatel/oem7/odom,/novatel/oem7/fix,/novatel/oem7/odom,39.663,-75.756,-1.801566906,0.001575455,-0.002438788,0.000045524,0.001574797,-0.002438788,,,
1786043857235273312,1786043857.234310320,/novatel/oem7/odom,/novatel/oem7/fix,/novatel/oem7/odom,39.663,-75.756,-1.801566906,0.001575455,-0.002438788,0.000045524,0.001574797,-0.002438788,,,
1786043857247172236,1786043857.246125989,/novatel/oem7/inspva,/novatel/oem7/inspva,/novatel/oem7/inspva,39.663,-75.756,-1.801583812,0.001517954,-0.002528974,0.001515301,0.000089699,-0.002528974,,novatel_oem7_msgs.msg.InertialSolutionStatus(status=3),
1786043857248935406,1786043857.246361282,/novatel/oem7/fix,/novatel/oem7/fix,/novatel/oem7/inspva,39.663,-75.756,-1.801583812,0.001517954,-0.002528974,0.001515301,0.000089699,-0.002528974,,0,
1786043857250283728,1786043857.246788809,/novatel/oem7/odom,/novatel/oem7/fix,/novatel/oem7/odom,39.663,-75.756,-1.801583812,0.001525534,-0.002524409,0.000179311,0.001514959,-0.002524409,,,
1786043857257568408,1786043857.256455391,/novatel/oem7/odom,/novatel/oem7/fix,/novatel/oem7/odom,39.663,-75.756,-1.801583812,0.001525534,-0.002524409,0.000179311,0.001514959,-0.002524409,,,
1786043857265967882,1786043857.264915613,/novatel/oem7/inspva,/novatel/oem7/inspva,/novatel/oem7/inspva,39.663,-75.756,-1.801595666,0.001819603,-0.002517535,0.001814419,0.000137247,-0.002517535,,novatel_oem7_msgs.msg.InertialSolutionStatus(status=3),
1786043857268236417,1786043857.265212963,/novatel/oem7/fix,/novatel/oem7/fix,/novatel/oem7/inspva,39.663,-75.756,-1.801595666,0.001819603,-0.002517535,0.001814419,0.000137247,-0.002517535,,0,
1786043857269891104,1786043857.265856250,/novatel/oem7/odom,/novatel/oem7/fix,/novatel/oem7/odom,39.663,-75.756,-1.801595666,0.001827289,-0.002511961,0.000242537,0.001811121,-0.002511961,,,
1786043857275577325,1786043857.274595355,/novatel/oem7/odom,/novatel/oem7/fix,/novatel/oem7/odom,39.663,-75.756,-1.801595666,0.001827289,-0.002511961,0.000242537,0.001811121,-0.002511961,,,
1786043857287137546,1786043857.286480156,/novatel/oem7/inspva,/novatel/oem7/inspva,/novatel/oem7/inspva,39.663,-75.756,-1.801615800,0.001842426,-0.002706248,0.001822596,0.000269587,-0.002706248,,novatel_oem7_msgs.msg.InertialSolutionStatus(status=3),
1786043857288544631,1786043857.286703538,/novatel/oem7/fix,/novatel/oem7/fix,/novatel/oem7/inspva,39.663,-75.756,-1.801615800,0.001842426,-0.002706248,0.001822596,0.000269587,-0.002706248,,0,
1786043857289579493,1786043857.287096379,/novatel/oem7/odom,/novatel/oem7/fix,/novatel/oem7/odom,39.663,-75.756,-1.801615800,0.001851331,-0.002700164,0.000375851,0.001812778,-0.002700164,,,
1786043857295254079,1786043857.294571912,/novatel/oem7/odom,/novatel/oem7/fix,/novatel/oem7/odom,39.663,-75.756,-1.801615800,0.001851331,-0.002700164,0.000375851,0.001812778,-0.002700164,,,
1786043857306394887,1786043857.305665858,/novatel/oem7/inspva,/novatel/oem7/inspva,/novatel/oem7/inspva,39.663,-75.756,-1.801628586,0.001845164,-0.002695884,0.001807522,0.000370803,-0.002695884,,novatel_oem7_msgs.msg.InertialSolutionStatus(status=3),
1786043857308067887,1786043857.305866670,/novatel/oem7/fix,/novatel/oem7/fix,/novatel/oem7/inspva,39.663,-75.756,-1.801628586,0.001845164,-0.002695884,0.001807522,0.000370803,-0.002695884,,0,
1786043857309144138,1786043857.306398718,/novatel/oem7/odom,/novatel/oem7/fix,/novatel/oem7/odom,39.663,-75.756,-1.801628586,0.001854500,-0.002689470,0.000476063,0.001792355,-0.002689470,,,
1786043857310721537,1786043857.309225667,/novatel/oem7/bestpos,/novatel/oem7/bestpos,/novatel/oem7/odom,39.663,-75.756,33.180764813,0.001854500,-0.002689470,0.000476063,0.001792355,-0.002689470,,novatel_oem7_msgs.msg.SolutionStatus(status=0),novatel_oem7_msgs.msg.PositionOrVelocityType(type=53)
1786043857311665443,1786043857.309602835,/novatel/oem7/bestvel,/novatel/oem7/bestpos,/novatel/oem7/bestvel,39.663,-75.756,33.180764813,0.001790289,-0.002618344,,,,8.376232016,novatel_oem7_msgs.msg.SolutionStatus(status=0),novatel_oem7_msgs.msg.PositionOrVelocityType(type=53)
1786043857315584172,1786043857.314610202,/novatel/oem7/odom,/novatel/oem7/bestpos,/novatel/oem7/odom,39.663,-75.756,33.180764813,0.001854500,-0.002689470,0.000476063,0.001792355,-0.002689470,,,
1786043857326089608,1786043857.325183099,/novatel/oem7/inspva,/novatel/oem7/inspva,/novatel/oem7/inspva,39.663,-75.756,-1.801650855,0.001628282,-0.002782345,0.001435208,0.000769078,-0.002782345,,novatel_oem7_msgs.msg.InertialSolutionStatus(status=3),
1786043857328048441,1786043857.325322448,/novatel/oem7/fix,/novatel/oem7/fix,/novatel/oem7/inspva,39.663,-75.756,-1.801650855,0.001628282,-0.002782345,0.001435208,0.000769078,-0.002782345,,0,
1786043857329534071,1786043857.326110876,/novatel/oem7/odom,/novatel/oem7/fix,/novatel/oem7/odom,39.663,-75.756,-1.801650855,0.001639935,-0.002775493,0.000854446,0.001399753,-0.002775493,,,
1786043857335521189,1786043857.334775734,/novatel/oem7/odom,/novatel/oem7/fix,/novatel/oem7/odom,39.663,-75.756,-1.801650855,0.001639935,-0.002775493,0.000854446,0.001399753,-0.002775493,,,
1786043857346943882,1786043857.345922104,/novatel/oem7/inspva,/novatel/oem7/inspva,/novatel/oem7/inspva,39.663,-75.756,-1.801668594,0.001782384,-0.002870005,0.001717742,0.000475663,-0.002870005,,novatel_oem7_msgs.msg.InertialSolutionStatus(status=3),
1786043857348929271,1786043857.346169550,/novatel/oem7/fix,/novatel/oem7/fix,/novatel/oem7/inspva,39.663,-75.756,-1.801668594,0.001782384,-0.002870005,0.001717742,0.000475663,-0.002870005,,0,
1786043857350229970,1786043857.347148186,/novatel/oem7/odom,/novatel/oem7/fix,/novatel/oem7/odom,39.663,-75.756,-1.801668594,0.001792861,-0.002863471,0.000576719,0.001697571,-0.002863471,,,
1786043857356745939,1786043857.355786147,/novatel/oem7/odom,/novatel/oem7/fix,/novatel/oem7/odom,39.663,-75.756,-1.801668594,0.001792861,-0.002863471,0.000576719,0.001697571,-0.002863471,,,
1786043857365750648,1786043857.364990278,/novatel/oem7/inspva,/novatel/oem7/inspva,/novatel/oem7/inspva,39.663,-75.756,-1.801693059,0.001892514,-0.002818433,0.001785978,0.000626013,-0.002818433,,novatel_oem7_msgs.msg.InertialSolutionStatus(status=3),
1786043857367713202,1786043857.365211646,/novatel/oem7/fix,/novatel/oem7/fix,/novatel/oem7/inspva,39.663,-75.756,-1.801693059,0.001892514,-0.002818433,0.001785978,0.000626013,-0.002818433,,0,
1786043857369264429,1786043857.365559472,/novatel/oem7/odom,/novatel/oem7/fix,/novatel/oem7/odom,39.663,-75.756,-1.801693059,0.001903314,-0.002811152,0.000730254,0.001757649,-0.002811152,,,
1786043857376114824,1786043857.375219742,/novatel/oem7/odom,/novatel/oem7/fix,/novatel/oem7/odom,39.663,-75.756,-1.801693059,0.001903314,-0.002811152,0.000730254,0.001757649,-0.002811152,,,
1786043857386232699,1786043857.385127389,/novatel/oem7/inspva,/novatel/oem7/inspva,/novatel/oem7/inspva,39.663,-75.756,-1.801713659,0.001815560,-0.002887421,0.001750342,0.000482248,-0.002887421,,novatel_oem7_msgs.msg.InertialSolutionStatus(status=3),
1786043857388449050,1786043857.385509489,/novatel/oem7/fix,/novatel/oem7/fix,/novatel/oem7/inspva,39.663,-75.756,-1.801713659,0.001815560,-0.002887421,0.001750342,0.000482248,-0.002887421,,0,
1786043857389981322,1786043857.385875090,/novatel/oem7/odom,/novatel/oem7/fix,/novatel/oem7/odom,39.663,-75.756,-1.801713659,0.001826120,-0.002880754,0.000585103,0.001729846,-0.002880754,,,
1786043857395519831,1786043857.394572565,/novatel/oem7/odom,/novatel/oem7/fix,/novatel/oem7/odom,39.663,-75.756,-1.801713659,0.001826120,-0.002880754,0.000585103,0.001729846,-0.002880754,,,
1786043857407246384,1786043857.406534183,/novatel/oem7/inspva,/novatel/oem7/inspva,/novatel/oem7/inspva,39.663,-75.756,-1.801744754,0.002293334,-0.003305091,0.002188841,0.000684366,-0.003305091,,novatel_oem7_msgs.msg.InertialSolutionStatus(status=3),
1786043857408822680,1786043857.406739805,/novatel/oem7/fix,/novatel/oem7/fix,/novatel/oem7/inspva,39.663,-75.756,-1.801744754,0.002293334,-0.003305091,0.002188841,0.000684366,-0.003305091,,0,
1786043857410051475,1786043857.407034189,/novatel/oem7/odom,/novatel/oem7/fix,/novatel/oem7/odom,39.663,-75.756,-1.801744754,0.002305721,-0.003296462,0.000811688,0.002158127,-0.003296462,,,
1786043857411739295,1786043857.410504727,/novatel/oem7/bestpos,/novatel/oem7/bestpos,/novatel/oem7/odom,39.663,-75.756,33.180648402,0.002305721,-0.003296462,0.000811688,0.002158127,-0.003296462,,novatel_oem7_msgs.msg.SolutionStatus(status=0),novatel_oem7_msgs.msg.PositionOrVelocityType(type=53)
1786043857412941825,1786043857.410898998,/novatel/oem7/bestvel,/novatel/oem7/bestpos,/novatel/oem7/bestvel,39.663,-75.756,33.180648402,0.002272098,-0.003257410,,,,14.873517754,novatel_oem7_msgs.msg.SolutionStatus(status=0),novatel_oem7_msgs.msg.PositionOrVelocityType(type=53)
1786043857415792965,1786043857.414847958,/novatel/oem7/odom,/novatel/oem7/bestpos,/novatel/oem7/odom,39.663,-75.756,33.180648402,0.002305721,-0.003296462,0.000811688,0.002158127,-0.003296462,,,
1786043857426067021,1786043857.425236613,/novatel/oem7/inspva,/novatel/oem7/inspva,/novatel/oem7/inspva,39.663,-75.756,-1.801766756,0.002158419,-0.003185767,0.002115885,0.000426387,-0.003185767,,novatel_oem7_msgs.msg.InertialSolutionStatus(status=3),
1786043857428020092,1786043857.425543553,/novatel/oem7/fix,/novatel/oem7/fix,/novatel/oem7/inspva,39.663,-75.756,-1.801766756,0.002158419,-0.003185767,0.002115885,0.000426387,-0.003185767,,0,
1786043857429459561,1786043857.425929000,/novatel/oem7/odom,/novatel/oem7/fix,/novatel/oem7/odom,39.663,-75.756,-1.801766756,0.002169397,-0.003178302,0.000549748,0.002098585,-0.003178302,,,
1786043857435276734,1786043857.434617341,/novatel/oem7/odom,/novatel/oem7/fix,/novatel/oem7/odom,39.663,-75.756,-1.801766756,0.002169397,-0.003178302,0.000549748,0.002098585,-0.003178302,,,
1786043857446173179,1786043857.445336514,/novatel/oem7/inspva,/novatel/oem7/inspva,/novatel/oem7/inspva,39.663,-75.756,-1.801796544,0.002288342,-0.002953998,0.002205300,0.000610869,-0.002953998,,novatel_oem7_msgs.msg.InertialSolutionStatus(status=3),
1786043857447237861,1786043857.445654481,/novatel/oem7/fix,/novatel/oem7/fix,/novatel/oem7/inspva,39.663,-75.756,-1.801796544,0.002288342,-0.002953998,0.002205300,0.000610869,-0.002953998,,0,
1786043857447978500,1786043857.446964727,/novatel/oem7/odom,/novatel/oem7/fix,/novatel/oem7/odom,39.663,-75.756,-1.801796544,0.002169389,-0.003178308,0.000549739,0.002098579,-0.003178308,,,
1786043857456903765,1786043857.456432047,/novatel/oem7/odom,/novatel/oem7/fix,/novatel/oem7/odom,39.663,-75.756,-1.801796544,0.002299124,-0.002945613,0.000737800,0.002177527,-0.002945613,,,
1786043857466449324,1786043857.466015265,/novatel/oem7/inspva,/novatel/oem7/inspva,/novatel/oem7/inspva,39.663,-75.756,-1.801823309,0.001893897,-0.003039016,0.001828806,0.000492255,-0.003039016,,novatel_oem7_msgs.msg.InertialSolutionStatus(status=3),
1786043857467212906,1786043857.466281994,/novatel/oem7/fix,/novatel/oem7/fix,/novatel/oem7/inspva,39.663,-75.756,-1.801823309,0.001893897,-0.003039016,0.001828806,0.000492255,-0.003039016,,0,
1786043857468050903,1786043857.466872443,/novatel/oem7/odom,/novatel/oem7/fix,/novatel/oem7/odom,39.663,-75.756,-1.801823309,0.001904943,-0.003032104,0.000599818,0.001808045,-0.003032104,,,
1786043857474949721,1786043857.474350176,/novatel/oem7/odom,/novatel/oem7/fix,/novatel/oem7/odom,39.663,-75.756,-1.801823309,0.001904943,-0.003032104,0.000599818,0.001808045,-0.003032104,,,
1786043857486045355,1786043857.485146149,/novatel/oem7/inspva,/novatel/oem7/inspva,/novatel/oem7/inspva,39.663,-75.756,-1.801859755,0.002505694,-0.003482900,0.002370422,0.000812161,-0.003482900,,novatel_oem7_msgs.msg.InertialSolutionStatus(status=3),
1786043857486998564,1786043857.485530229,/novatel/oem7/fix,/novatel/oem7/fix,/novatel/oem7/inspva,39.663,-75.756,-1.801859755,0.002505694,-0.003482900,0.002370422,0.000812161,-0.003482900,,0,
1786043857487694539,1786043857.486124332,/novatel/oem7/odom,/novatel/oem7/fix,/novatel/oem7/odom,39.663,-75.756,-1.801859755,0.002518962,-0.003473317,0.000949581,0.002333123,-0.003473317,,,
1786043857495754325,1786043857.495159337,/novatel/oem7/odom,/novatel/oem7/fix,/novatel/oem7/odom,39.663,-75.756,-1.801859755,0.002518962,-0.003473317,0.000949581,0.002333123,-0.003473317,,,
1786043857506589712,1786043857.506073758,/novatel/oem7/inspva,/novatel/oem7/inspva,/novatel/oem7/inspva,39.663,-75.756,-1.801885715,0.001959204,-0.003244739,0.001923942,0.000370037,-0.003244739,,novatel_oem7_msgs.msg.InertialSolutionStatus(status=3),
1786043857507462449,1786043857.506302471,/novatel/oem7/fix,/novatel/oem7/fix,/novatel/oem7/inspva,39.663,-75.756,-1.801885715,0.001959204,-0.003244739,0.001923942,0.000370037,-0.003244739,,0,
1786043857508065098,1786043857.506802346,/novatel/oem7/odom,/novatel/oem7/fix,/novatel/oem7/odom,39.663,-75.756,-1.801885715,0.001970295,-0.003238016,0.000483633,0.001910016,-0.003238016,,,
1786043857511501393,1786043857.511143833,/novatel/oem7/bestpos,/novatel/oem7/bestpos,/novatel/oem7/odom,39.663,-75.756,33.180503584,0.001970295,-0.003238016,0.000483633,0.001910016,-0.003238016,,novatel_oem7_msgs.msg.SolutionStatus(status=0),novatel_oem7_msgs.msg.PositionOrVelocityType(type=53)
1786043857512099111,1786043857.511550454,/novatel/oem7/bestvel,/novatel/oem7/bestpos,/novatel/oem7/bestvel,39.663,-75.756,33.180503584,0.001826669,-0.003279518,,,,22.988114581,novatel_oem7_msgs.msg.SolutionStatus(status=0),novatel_oem7_msgs.msg.PositionOrVelocityType(type=53)
1786043857514723355,1786043857.514370816,/novatel/oem7/odom,/novatel/oem7/bestpos,/novatel/oem7/odom,39.663,-75.756,33.180503584,0.001970295,-0.003238016,0.000483633,0.001910016,-0.003238016,,,
1786043857526880854,1786043857.526506110,/novatel/oem7/inspva,/novatel/oem7/inspva,/novatel/oem7/inspva,39.663,-75.756,-1.801921526,0.002333628,-0.003242594,0.002173951,0.000848386,-0.003242594,,novatel_oem7_msgs.msg.InertialSolutionStatus(status=3),
1786043857527456616,1786043857.526668501,/novatel/oem7/fix,/novatel/oem7/fix,/novatel/oem7/inspva,39.663,-75.756,-1.801921526,0.002333628,-0.003242594,0.002173951,0.000848386,-0.003242594,,0,
1786043857527895275,1786043857.527019565,/novatel/oem7/odom,/novatel/oem7/fix,/novatel/oem7/odom,39.663,-75.756,-1.801921526,0.002346369,-0.003233387,0.000974531,0.002134417,-0.003233387,,,
1786043857535521674,1786043857.534834431,/novatel/oem7/odom,/novatel/oem7/fix,/novatel/oem7/odom,39.663,-75.756,-1.801921526,0.002346369,-0.003233387,0.000974531,0.002134417,-0.003233387,,,
1786043857546728142,1786043857.545108795,/novatel/oem7/inspva,/novatel/oem7/inspva,/novatel/oem7/inspva,39.663,-75.756,-1.801951520,0.002174546,-0.003167546,0.002111489,0.000519869,-0.003167546,,novatel_oem7_msgs.msg.InertialSolutionStatus(status=3),
1786043857548411375,1786043857.545392362,/novatel/oem7/fix,/novatel/oem7/fix,/novatel/oem7/inspva,39.663,-75.756,-1.801951520,0.002174546,-0.003167546,0.002111489,0.000519869,-0.003167546,,0,
1786043857549953171,1786043857.545874127,/novatel/oem7/odom,/novatel/oem7/fix,/novatel/oem7/odom,39.663,-75.756,-1.801951520,0.002185838,-0.003159764,0.000642866,0.002089165,-0.003159764,,,
1786043857557204255,1786043857.556120397,/novatel/oem7/odom,/novatel/oem7/fix,/novatel/oem7/odom,39.663,-75.756,-1.801951520,0.002185838,-0.003159764,0.000642866,0.002089165,-0.003159764,,,
1786043857565830171,1786043857.565232490,/novatel/oem7/inspva,/novatel/oem7/inspva,/novatel/oem7/inspva,39.663,-75.756,-1.801991525,0.002322664,-0.003325139,0.002139501,0.000904047,-0.003325139,,novatel_oem7_msgs.msg.InertialSolutionStatus(status=3),
1786043857566708538,1786043857.565518879,/novatel/oem7/fix,/novatel/oem7/fix,/novatel/oem7/inspva,39.663,-75.756,-1.801991525,0.002322664,-0.003325139,0.002139501,0.000904047,-0.003325139,,0,
1786043857567508964,1786043857.566166249,/novatel/oem7/odom,/novatel/oem7/fix,/novatel/oem7/odom,39.663,-75.756,-1.801991525,0.002335874,-0.003315872,0.001028565,0.002097227,-0.003315872,,,
1786043857575860600,1786043857.575204238,/novatel/oem7/odom,/novatel/oem7/fix,/novatel/oem7/odom,39.663,-75.756,-1.801991525,0.002335874,-0.003315872,0.001028565,0.002097227,-0.003315872,,,
1786043857587069674,1786043857.586329814,/novatel/oem7/inspva,/novatel/oem7/inspva,/novatel/oem7/inspva,39.663,-75.756,-1.802025101,0.002312176,-0.003270952,0.002236931,0.000585064,-0.003270952,,novatel_oem7_msgs.msg.InertialSolutionStatus(status=3),
1786043857587987177,1786043857.586659291,/novatel/oem7/fix,/novatel/oem7/fix,/novatel/oem7/inspva,39.663,-75.756,-1.802025101,0.002312176,-0.003270952,0.002236931,0.000585064,-0.003270952,,0,
1786043857588696246,1786043857.587367985,/novatel/oem7/odom,/novatel/oem7/fix,/novatel/oem7/odom,39.663,-75.756,-1.802025101,0.002323934,-0.003262609,0.000714977,0.002211216,-0.003262609,,,
1786043857595119920,1786043857.594564825,/novatel/oem7/odom,/novatel/oem7/fix,/novatel/oem7/odom,39.663,-75.756,-1.802025101,0.002323934,-0.003262609,0.000714977,0.002211216,-0.003262609,,,
1786043857606477760,1786043857.605924793,/novatel/oem7/inspva,/novatel/oem7/inspva,/novatel/oem7/inspva,39.663,-75.756,-1.802070931,0.002412445,-0.003605371,0.002291802,0.000753351,-0.003605371,,novatel_oem7_msgs.msg.InertialSolutionStatus(status=3),
1786043857607327558,1786043857.606239073,/novatel/oem7/fix,/novatel/oem7/fix,/novatel/oem7/inspva,39.663,-75.756,-1.802070931,0.002412445,-0.003605371,0.002291802,0.000753351,-0.003605371,,0,
1786043857607879488,1786043857.606892117,/novatel/oem7/odom,/novatel/oem7/fix,/novatel/oem7/odom,39.663,-75.756,-1.802070931,0.002426006,-0.003596260,0.000887202,0.002257959,-0.003596260,,,
1786043857610613921,1786043857.610206754,/novatel/oem7/bestpos,/novatel/oem7/bestpos,/novatel/oem7/odom,39.663,-75.756,33.180329447,0.002426006,-0.003596260,0.000887202,0.002257959,-0.003596260,,novatel_oem7_msgs.msg.SolutionStatus(status=0),novatel_oem7_msgs.msg.PositionOrVelocityType(type=53)
1786043857611339596,1786043857.610583601,/novatel/oem7/bestvel,/novatel/oem7/bestpos,/novatel/oem7/bestvel,39.663,-75.756,33.180329447,0.002225332,-0.003442821,,,,15.854544168,novatel_oem7_msgs.msg.SolutionStatus(status=0),novatel_oem7_msgs.msg.PositionOrVelocityType(type=53)
1786043857616309880,1786043857.615649136,/novatel/oem7/odom,/novatel/oem7/bestpos,/novatel/oem7/odom,39.663,-75.756,33.180329447,0.002426006,-0.003596260,0.000887202,0.002257959,-0.003596260,,,
1786043857625794620,1786043857.625189609,/novatel/oem7/inspva,/novatel/oem7/inspva,/novatel/oem7/inspva,39.663,-75.756,-1.802110099,0.002245919,-0.003735916,0.002158156,0.000621705,-0.003735916,,novatel_oem7_msgs.msg.InertialSolutionStatus(status=3),
1786043857626599156,1786043857.625402445,/novatel/oem7/fix,/novatel/oem7/fix,/novatel/oem7/inspva,39.663,-75.756,-1.802110099,0.002245919,-0.003735916,0.002158156,0.000621705,-0.003735916,,0,
1786043857627237046,1786043857.626035215,/novatel/oem7/odom,/novatel/oem7/fix,/novatel/oem7/odom,39.663,-75.756,-1.802110099,0.002259579,-0.003727671,0.000749145,0.002131778,-0.003727671,,,
1786043857634834380,1786043857.634480337,/novatel/oem7/odom,/novatel/oem7/fix,/novatel/oem7/odom,39.663,-75.756,-1.802110099,0.002259579,-0.003727671,0.000749145,0.002131778,-0.003727671,,,
1786043857647873336,1786043857.647236823,/novatel/oem7/inspva,/novatel/oem7/inspva,/novatel/oem7/inspva,39.663,-75.756,-1.802151731,0.002251965,-0.003063864,0.002187340,0.000535621,-0.003063864,,novatel_oem7_msgs.msg.InertialSolutionStatus(status=3),
1786043857649072313,1786043857.647519383,/novatel/oem7/fix,/novatel/oem7/fix,/novatel/oem7/inspva,39.663,-75.756,-1.802151731,0.002251965,-0.003063864,0.002187340,0.000535621,-0.003063864,,0,
1786043857649845310,1786043857.648063002,/novatel/oem7/odom,/novatel/oem7/fix,/novatel/oem7/odom,39.663,-75.756,-1.802151731,0.002262840,-0.003055841,0.000662192,0.002163781,-0.003055841,,,
1786043857657524235,1786043857.657053750,/novatel/oem7/odom,/novatel/oem7/fix,/novatel/oem7/odom,39.663,-75.756,-1.802151731,0.002262840,-0.003055841,0.000662192,0.002163781,-0.003055841,,,
1786043857665447862,1786043857.665016721,/novatel/oem7/inspva,/novatel/oem7/inspva,/novatel/oem7/inspva,39.663,-75.756,-1.802194307,0.002275536,-0.003206082,0.002122776,0.000819687,-0.003206082,,novatel_oem7_msgs.msg.InertialSolutionStatus(status=3),
1786043857666283924,1786043857.665307457,/novatel/oem7/fix,/novatel/oem7/fix,/novatel/oem7/inspva,39.663,-75.756,-1.802194307,0.002275536,-0.003206082,0.002122776,0.000819687,-0.003206082,,0,
1786043857667171030,1786043857.665959341,/novatel/oem7/odom,/novatel/oem7/fix,/novatel/oem7/odom,39.663,-75.756,-1.802194307,0.002288001,-0.003197198,0.000942993,0.002084638,-0.003197198,,,
1786043857676139067,1786043857.675524755,/novatel/oem7/odom,/novatel/oem7/fix,/novatel/oem7/odom,39.663,-75.756,-1.802194307,0.002288001,-0.003197198,0.000942993,0.002084638,-0.003197198,,,
1786043857685945457,1786043857.685385048,/novatel/oem7/inspva,/novatel/oem7/inspva,/novatel/oem7/inspva,39.663,-75.756,-1.802243979,0.002197953,-0.003597267,0.002031844,0.000838216,-0.003597267,,novatel_oem7_msgs.msg.InertialSolutionStatus(status=3),
1786043857686746690,1786043857.685706271,/novatel/oem7/fix,/novatel/oem7/fix,/novatel/oem7/inspva,39.663,-75.756,-1.802243979,0.002197953,-0.003597267,0.002031844,0.000838216,-0.003597267,,0,
1786043857687657127,1786043857.686489766,/novatel/oem7/odom,/novatel/oem7/fix,/novatel/oem7/odom,39.663,-75.756,-1.802243979,0.002212137,-0.003588562,0.000958244,0.001993820,-0.003588562,,,
1786043857695413672,1786043857.695001566,/novatel/oem7/odom,/novatel/oem7/fix,/novatel/oem7/odom,39.663,-75.756,-1.802243979,0.002212137,-0.003588562,0.000958244,0.001993820,-0.003588562,,,
1786043857706471296,1786043857.705960617,/novatel/oem7/inspva,/novatel/oem7/inspva,/novatel/oem7/inspva,39.663,-75.756,-1.802284331,0.002000450,-0.003461650,0.001810543,0.000850726,-0.003461650,,novatel_oem7_msgs.msg.InertialSolutionStatus(status=3),
1786043857707327914,1786043857.706180946,/novatel/oem7/fix,/novatel/oem7/fix,/novatel/oem7/inspva,39.663,-75.756,-1.802284331,0.002000450,-0.003461650,0.001810543,0.000850726,-0.003461650,,0,
1786043857707876856,1786043857.706643644,/novatel/oem7/odom,/novatel/oem7/fix,/novatel/oem7/odom,39.663,-75.756,-1.802284331,0.002014463,-0.003453514,0.000958448,0.001771846,-0.003453514,,,
1786043857709583655,1786043857.709185747,/novatel/oem7/bestpos,/novatel/oem7/bestpos,/novatel/oem7/odom,39.663,-75.756,33.180119621,0.002014463,-0.003453514,0.000958448,0.001771846,-0.003453514,,novatel_oem7_msgs.msg.SolutionStatus(status=0),novatel_oem7_msgs.msg.PositionOrVelocityType(type=53)
1786043857710211280,1786043857.709559257,/novatel/oem7/bestvel,/novatel/oem7/bestpos,/novatel/oem7/bestvel,39.663,-75.756,33.180119621,0.001956916,-0.003359386,,,,17.465666984,novatel_oem7_msgs.msg.SolutionStatus(status=0),novatel_oem7_msgs.msg.PositionOrVelocityType(type=53)
1786043857715037185,1786043857.714499644,/novatel/oem7/odom,/novatel/oem7/bestpos,/novatel/oem7/odom,39.663,-75.756,33.180119621,0.002014463,-0.003453514,0.000958448,0.001771846,-0.003453514,,,
1786043857725948213,1786043857.725165382,/novatel/oem7/inspva,/novatel/oem7/inspva,/novatel/oem7/inspva,39.663,-75.756,-1.802332430,0.001796276,-0.003421936,0.001699932,0.000580380,-0.003421936,,novatel_oem7_msgs.msg.InertialSolutionStatus(status=3),
1786043857727758472,1786043857.725312482,/novatel/oem7/fix,/novatel/oem7/fix,/novatel/oem7/inspva,39.663,-75.756,-1.802332430,0.001796276,-0.003421936,0.001699932,0.000580380,-0.003421936,,0,
1786043857729109019,1786043857.725629310,/novatel/oem7/odom,/novatel/oem7/fix,/novatel/oem7/odom,39.663,-75.756,-1.802332430,0.001809226,-0.003415107,0.000682501,0.001675557,-0.003415107,,,
1786043857736040646,1786043857.735346369,/novatel/oem7/odom,/novatel/oem7/fix,/novatel/oem7/odom,39.663,-75.756,-1.802332430,0.001809226,-0.003415107,0.000682501,0.001675557,-0.003415107,,,
1786043857746080112,1786043857.745040824,/novatel/oem7/inspva,/novatel/oem7/inspva,/novatel/oem7/inspva,39.663,-75.756,-1.802374742,0.001874909,-0.003406126,0.001743642,0.000689200,-0.003406126,,novatel_oem7_msgs.msg.InertialSolutionStatus(status=3),
1786043857748298178,1786043857.745250592,/novatel/oem7/fix,/novatel/oem7/fix,/novatel/oem7/inspva,39.663,-75.756,-1.802374742,0.001874909,-0.003406126,0.001743642,0.000689200,-0.003406126,,0,
1786043857749872294,1786043857.746141873,/novatel/oem7/odom,/novatel/oem7/fix,/novatel/oem7/odom,39.663,-75.756,-1.802374742,0.001809205,-0.003415118,0.000682506,0.001675533,-0.003415118,,,
1786043857756473171,1786043857.755588192,/novatel/oem7/odom,/novatel/oem7/fix,/novatel/oem7/odom,39.663,-75.756,-1.802374742,0.001888180,-0.003398787,0.000793422,0.001713390,-0.003398787,,,
1786043857766920400,1786043857.766438146,/novatel/oem7/inspva,/novatel/oem7/inspva,/novatel/oem7/inspva,39.663,-75.756,-1.802421084,0.001751340,-0.003259895,0.001660201,0.000557608,-0.003259895,,novatel_oem7_msgs.msg.InertialSolutionStatus(status=3),
1786043857768231730,1786043857.766508831,/novatel/oem7/fix,/novatel/oem7/fix,/novatel/oem7/inspva,39.663,-75.756,-1.802421084,0.001751340,-0.003259895,0.001660201,0.000557608,-0.003259895,,0,
1786043857769268031,1786043857.766898494,/novatel/oem7/odom,/novatel/oem7/fix,/novatel/oem7/odom,39.663,-75.756,-1.802421084,0.001763626,-0.003253265,0.000657043,0.001636665,-0.003253265,,,
1786043857775879631,1786043857.774703340,/novatel/oem7/odom,/novatel/oem7/fix,/novatel/oem7/odom,39.663,-75.756,-1.802421084,0.001763626,-0.003253265,0.000657043,0.001636665,-0.003253265,,,
1786043857785705855,1786043857.784873533,/novatel/oem7/inspva,/novatel/oem7/inspva,/novatel/oem7/inspva,39.663,-75.756,-1.802462109,0.001992495,-0.003063843,0.001908155,0.000573567,-0.003063843,,novatel_oem7_msgs.msg.InertialSolutionStatus(status=3),
1786043857787391055,1786043857.785197093,/novatel/oem7/fix,/novatel/oem7/fix,/novatel/oem7/inspva,39.663,-75.756,-1.802462109,0.001992495,-0.003063843,0.001908155,0.000573567,-0.003063843,,0,
1786043857788766299,1786043857.785545379,/novatel/oem7/odom,/novatel/oem7/fix,/novatel/oem7/odom,39.663,-75.756,-1.802462109,0.002003787,-0.003056470,0.000685363,0.001882934,-0.003056470,,,
1786043857796332849,1786043857.795540157,/novatel/oem7/odom,/novatel/oem7/fix,/novatel/oem7/odom,39.663,-75.756,-1.802462109,0.002003787,-0.003056470,0.000685363,0.001882934,-0.003056470,,,
1786043857807379628,1786043857.806629837,/novatel/oem7/inspva,/novatel/oem7/inspva,/novatel/oem7/inspva,39.663,-75.756,-1.802514213,0.001593639,-0.003599847,0.001526950,0.000456190,-0.003599847,,novatel_oem7_msgs.msg.InertialSolutionStatus(status=3),
1786043857809008345,1786043857.806895070,/novatel/oem7/fix,/novatel/oem7/fix,/novatel/oem7/inspva,39.663,-75.756,-1.802514213,0.001593639,-0.003599847,0.001526950,0.000456190,-0.003599847,,0,
1786043857810157856,1786043857.807349968,/novatel/oem7/odom,/novatel/oem7/fix,/novatel/oem7/odom,39.663,-75.756,-1.802514213,0.001606846,-0.003593972,0.000550044,0.001509770,-0.003593972,,,
1786043857812110919,1786043857.809817843,/novatel/oem7/bestpos,/novatel/oem7/bestpos,/novatel/oem7/odom,39.663,-75.756,33.179895910,0.001606846,-0.003593972,0.000550044,0.001509770,-0.003593972,,novatel_oem7_msgs.msg.SolutionStatus(status=0),novatel_oem7_msgs.msg.PositionOrVelocityType(type=53)
1786043857813079989,1786043857.810217930,/novatel/oem7/bestvel,/novatel/oem7/bestpos,/novatel/oem7/bestvel,39.663,-75.756,33.179895910,0.001372156,-0.003442167,,,,16.432616740,novatel_oem7_msgs.msg.SolutionStatus(status=0),novatel_oem7_msgs.msg.PositionOrVelocityType(type=53)
1786043857815785751,1786043857.814950515,/novatel/oem7/odom,/novatel/oem7/bestpos,/novatel/oem7/odom,39.663,-75.756,33.179895910,0.001606846,-0.003593972,0.000550044,0.001509770,-0.003593972,,,
1786043857826822729,1786043857.826154299,/novatel/oem7/inspva,/novatel/oem7/inspva,/novatel/oem7/inspva,39.663,-75.756,-1.802554234,0.001840550,-0.003358836,0.001745743,0.000583100,-0.003358836,,novatel_oem7_msgs.msg.InertialSolutionStatus(status=3),
1786043857828447882,1786043857.826437642,/novatel/oem7/fix,/novatel/oem7/fix,/novatel/oem7/inspva,39.663,-75.756,-1.802554234,0.001840550,-0.003358836,0.001745743,0.000583100,-0.003358836,,0,
1786043857829693305,1786043857.826898564,/novatel/oem7/odom,/novatel/oem7/fix,/novatel/oem7/odom,39.663,-75.756,-1.802554234,0.001853207,-0.003351869,0.000687425,0.001720995,-0.003351869,,,
1786043857835445760,1786043857.834796940,/novatel/oem7/odom,/novatel/oem7/fix,/novatel/oem7/odom,39.663,-75.756,-1.802554234,0.001853207,-0.003351869,0.000687425,0.001720995,-0.003351869,,,
1786043857846251433,1786043857.845400735,/novatel/oem7/inspva,/novatel/oem7/inspva,/novatel/oem7/inspva,39.663,-75.756,-1.802602077,0.001369950,-0.003291891,0.001289438,0.000462723,-0.003291891,,novatel_oem7_msgs.msg.InertialSolutionStatus(status=3),
1786043857848509763,1786043857.845660927,/novatel/oem7/fix,/novatel/oem7/fix,/novatel/oem7/inspva,39.663,-75.756,-1.802602077,0.001369950,-0.003291891,0.001289438,0.000462723,-0.003291891,,0,
1786043857850137326,1786043857.846240426,/novatel/oem7/odom,/novatel/oem7/fix,/novatel/oem7/odom,39.663,-75.756,-1.802602077,0.001382560,-0.003286615,0.000542836,0.001271535,-0.003286615,,,
1786043857857412770,1786043857.856467660,/novatel/oem7/odom,/novatel/oem7/fix,/novatel/oem7/odom,39.663,-75.756,-1.802602077,0.001382560,-0.003286615,0.000542836,0.001271535,-0.003286615,,,
1786043857866081455,1786043857.865186643,/novatel/oem7/inspva,/novatel/oem7/inspva,/novatel/oem7/inspva,39.663,-75.756,-1.802643751,0.001828919,-0.003321080,0.001739366,0.000565291,-0.003321080,,novatel_oem7_msgs.msg.InertialSolutionStatus(status=3),
1786043857867762032,1786043857.865628100,/novatel/oem7/fix,/novatel/oem7/fix,/novatel/oem7/inspva,39.663,-75.756,-1.802643751,0.001828919,-0.003321080,0.001739366,0.000565291,-0.003321080,,0,
1786043857868794053,1786043857.866098288,/novatel/oem7/odom,/novatel/oem7/fix,/novatel/oem7/odom,39.663,-75.756,-1.802643751,0.001841378,-0.003314188,0.000669143,0.001715494,-0.003314188,,,
1786043857875466334,1786043857.874533404,/novatel/oem7/odom,/novatel/oem7/fix,/novatel/oem7/odom,39.663,-75.756,-1.802643751,0.001841378,-0.003314188,0.000669143,0.001715494,-0.003314188,,,
1786043857887480439,1786043857.886634387,/novatel/oem7/inspva,/novatel/oem7/inspva,/novatel/oem7/inspva,39.663,-75.756,-1.802694585,0.001625371,-0.003423105,0.001602041,0.000274402,-0.003423105,,novatel_oem7_msgs.msg.InertialSolutionStatus(status=3),
1786043857889200257,1786043857.886908780,/novatel/oem7/fix,/novatel/oem7/fix,/novatel/oem7/inspva,39.663,-75.756,-1.802694585,0.001625371,-0.003423105,0.001602041,0.000274402,-0.003423105,,0,
1786043857890651845,1786043857.887801436,/novatel/oem7/odom,/novatel/oem7/fix,/novatel/oem7/odom,39.663,-75.756,-1.802694585,0.001636758,-0.003417675,0.000371844,0.001593960,-0.003417675,,,
1786043857895576442,1786043857.894758733,/novatel/oem7/odom,/novatel/oem7/fix,/novatel/oem7/odom,39.663,-75.756,-1.802694585,0.001636758,-0.003417675,0.000371844,0.001593960,-0.003417675,,,
1786043857906480096,1786043857.905707785,/novatel/oem7/inspva,/novatel/oem7/inspva,/novatel/oem7/inspva,39.663,-75.756,-1.802738063,0.001811051,-0.003503506,0.001682163,0.000670993,-0.003503506,,novatel_oem7_msgs.msg.InertialSolutionStatus(status=3),
1786043857908071485,1786043857.905927997,/novatel/oem7/fix,/novatel/oem7/fix,/novatel/oem7/inspva,39.663,-75.756,-1.802738063,0.001811051,-0.003503506,0.001682163,0.000670993,-0.003503506,,0,
1786043857909190093,1786043857.906338017,/novatel/oem7/odom,/novatel/oem7/fix,/novatel/oem7/odom,39.663,-75.756,-1.802738063,0.001824744,-0.003496393,0.000772383,0.001653214,-0.003496393,,,
1786043857910870907,1786043857.909275947,/novatel/oem7/bestpos,/novatel/oem7/bestpos,/novatel/oem7/odom,39.663,-75.756,33.179667228,0.001824744,-0.003496393,0.000772383,0.001653214,-0.003496393,,novatel_oem7_msgs.msg.SolutionStatus(status=0),novatel_oem7_msgs.msg.PositionOrVelocityType(type=53)
1786043857912056576,1786043857.909872457,/novatel/oem7/bestvel,/novatel/oem7/bestpos,/novatel/oem7/bestvel,39.663,-75.756,33.179667228,0.002151188,-0.003562793,,,,7.299356687,novatel_oem7_msgs.msg.SolutionStatus(status=0),novatel_oem7_msgs.msg.PositionOrVelocityType(type=53)
1786043857916552805,1786043857.915638402,/novatel/oem7/odom,/novatel/oem7/bestpos,/novatel/oem7/odom,39.663,-75.756,33.179667228,0.001824744,-0.003496393,0.000772383,0.001653214,-0.003496393,,,
1786043857925939080,1786043857.925241520,/novatel/oem7/inspva,/novatel/oem7/inspva,/novatel/oem7/inspva,39.663,-75.756,-1.802788268,0.001516470,-0.003347909,0.001325326,0.000737016,-0.003347909,,novatel_oem7_msgs.msg.InertialSolutionStatus(status=3),
1786043857927724442,1786043857.925510369,/novatel/oem7/fix,/novatel/oem7/fix,/novatel/oem7/inspva,39.663,-75.756,-1.802788268,0.001516470,-0.003347909,0.001325326,0.000737016,-0.003347909,,0,
1786043857929079575,1786043857.925970944,/novatel/oem7/odom,/novatel/oem7/fix,/novatel/oem7/odom,39.663,-75.756,-1.802788268,0.001530457,-0.003341539,0.000818845,0.001292977,-0.003341539,,,
1786043857935357886,1786043857.934707223,/novatel/oem7/odom,/novatel/oem7/fix,/novatel/oem7/odom,39.663,-75.756,-1.802788268,0.001530457,-0.003341539,0.000818845,0.001292977,-0.003341539,,,
1786043857947135776,1786043857.946021598,/novatel/oem7/inspva,/novatel/oem7/inspva,/novatel/oem7/inspva,39.663,-75.756,-1.802833740,0.001815363,-0.003443301,0.001618514,0.000822166,-0.003443301,,novatel_oem7_msgs.msg.InertialSolutionStatus(status=3),
1786043857949269991,1786043857.946331888,/novatel/oem7/fix,/novatel/oem7/fix,/novatel/oem7/inspva,39.663,-75.756,-1.802833740,0.001815363,-0.003443301,0.001618514,0.000822166,-0.003443301,,0,
1786043857950799009,1786043857.946763952,/novatel/oem7/odom,/novatel/oem7/fix,/novatel/oem7/odom,39.663,-75.756,-1.802833740,0.001829466,-0.003435829,0.000919729,0.001581469,-0.003435829,,,
1786043857957316742,1786043857.956161273,/novatel/oem7/odom,/novatel/oem7/fix,/novatel/oem7/odom,39.663,-75.756,-1.802833740,0.001829466,-0.003435829,0.000919729,0.001581469,-0.003435829,,,
1786043857965840086,1786043857.965123315,/novatel/oem7/inspva,/novatel/oem7/inspva,/novatel/oem7/inspva,39.663,-75.756,-1.802885772,0.001676241,-0.003511326,0.001482851,0.000781625,-0.003511326,,novatel_oem7_msgs.msg.InertialSolutionStatus(status=3),
1786043857967370052,1786043857.965376994,/novatel/oem7/fix,/novatel/oem7/fix,/novatel/oem7/inspva,39.663,-75.756,-1.802885772,0.001676241,-0.003511326,0.001482851,0.000781625,-0.003511326,,0,
1786043857968383298,1786043857.965788859,/novatel/oem7/odom,/novatel/oem7/fix,/novatel/oem7/odom,39.663,-75.756,-1.802885772,0.001690754,-0.003504361,0.000872309,0.001448353,-0.003504361,,,
1786043857976358429,1786043857.975446860,/novatel/oem7/odom,/novatel/oem7/fix,/novatel/oem7/odom,39.663,-75.756,-1.802885772,0.001690754,-0.003504361,0.000872309,0.001448353,-0.003504361,,,
1786043857985847873,1786043857.985058098,/novatel/oem7/inspva,/novatel/oem7/inspva,/novatel/oem7/inspva,39.663,-75.756,-1.802932176,0.001650882,-0.003561518,0.001332190,0.000975029,-0.003561518,,novatel_oem7_msgs.msg.InertialSolutionStatus(status=3),
1786043857987565320,1786043857.985301034,/novatel/oem7/fix,/novatel/oem7/fix,/novatel/oem7/inspva,39.663,-75.756,-1.802932176,0.001650882,-0.003561518,0.001332190,0.000975029,-0.003561518,,0,
1786043857988933097,1786043857.986024334,/novatel/oem7/odom,/novatel/oem7/fix,/novatel/oem7/odom,39.663,-75.756,-1.802932176,0.001666421,-0.003554274,0.001057630,0.001287780,-0.003554274,,,
1786043857995246961,1786043857.994344072,/novatel/oem7/odom,/novatel/oem7/fix,/novatel/oem7/odom,39.663,-75.756,-1.802932176,0.001666421,-0.003554274,0.001057630,0.001287780,-0.003554274,,,
1786043858009250617,1786043858.008327551,/novatel/oem7/inspva,/novatel/oem7/inspva,/novatel/oem7/inspva,39.663,-75.756,-1.802982607,0.001714457,-0.003280963,0.001558068,0.000715394,-0.003280963,,novatel_oem7_msgs.msg.InertialSolutionStatus(status=3),
1786043858011245681,1786043858.008566214,/novatel/oem7/fix,/novatel/oem7/fix,/novatel/oem7/inspva,39.663,-75.756,-1.802982607,0.001714457,-0.003280963,0.001558068,0.000715394,-0.003280963,,0,
1786043858013281048,1786043858.011383802,/novatel/oem7/odom,/novatel/oem7/fix,/novatel/oem7/odom,39.663,-75.756,-1.802982607,0.001727637,-0.003274042,0.000809282,0.001526365,-0.003274042,,,
1786043858016816107,1786043858.015901648,/novatel/oem7/odom,/novatel/oem7/fix,/novatel/oem7/odom,39.663,-75.756,-1.802982607,0.001727637,-0.003274042,0.000809282,0.001526365,-0.003274042,,,
1786043858025895080,1786043858.024936193,/novatel/oem7/bestpos,/novatel/oem7/bestpos,/novatel/oem7/odom,39.663,-75.756,33.179427125,0.001727637,-0.003274042,0.000809282,0.001526365,-0.003274042,,novatel_oem7_msgs.msg.SolutionStatus(status=0),novatel_oem7_msgs.msg.PositionOrVelocityType(type=53)
1786043858028138806,1786043858.026259150,/novatel/oem7/bestvel,/novatel/oem7/bestpos,/novatel/oem7/bestvel,39.663,-75.756,33.179427125,0.001961584,-0.003492242,,,,28.783517541,novatel_oem7_msgs.msg.SolutionStatus(status=0),novatel_oem7_msgs.msg.PositionOrVelocityType(type=53)
1786043858029342272,1786043858.026947497,/novatel/oem7/inspva,/novatel/oem7/inspva,/novatel/oem7/inspva,39.663,-75.756,-1.803030525,0.001667406,-0.003460026,0.001548048,0.000619508,-0.003460026,,novatel_oem7_msgs.msg.InertialSolutionStatus(status=3),
1786043858030512640,1786043858.027193193,/novatel/oem7/fix,/novatel/oem7/fix,/novatel/oem7/inspva,39.663,-75.756,-1.803030525,0.001667406,-0.003460026,0.001548048,0.000619508,-0.003460026,,0,
1786043858032164340,1786043858.027642834,/novatel/oem7/odom,/novatel/oem7/fix,/novatel/oem7/odom,39.663,-75.756,-1.803030525,0.001680881,-0.003453500,0.000713682,0.001521847,-0.003453500,,,
1786043858036188544,1786043858.035506454,/novatel/oem7/odom,/novatel/oem7/fix,/novatel/oem7/odom,39.663,-75.756,-1.803030525,0.001680881,-0.003453500,0.000713682,0.001521847,-0.003453500,,,
1786043858046707928,1786043858.045569523,/novatel/oem7/inspva,/novatel/oem7/inspva,/novatel/oem7/inspva,39.663,-75.756,-1.803014016,0.001832721,-0.003425652,0.001642025,0.000814016,-0.003425652,,novatel_oem7_msgs.msg.InertialSolutionStatus(status=3),
1786043858048914841,1786043858.045872453,/novatel/oem7/fix,/novatel/oem7/fix,/novatel/oem7/inspva,39.663,-75.756,-1.803014016,0.001832721,-0.003425652,0.001642025,0.000814016,-0.003425652,,0,
1786043858050384555,1786043858.046602590,/novatel/oem7/odom,/novatel/oem7/fix,/novatel/oem7/odom,39.663,-75.756,-1.803014016,0.001846640,-0.003418169,0.000912753,0.001605292,-0.003418169,,,
1786043858057506311,1786043858.056634835,/novatel/oem7/odom,/novatel/oem7/fix,/novatel/oem7/odom,39.663,-75.756,-1.803014016,0.001846640,-0.003418169,0.000912753,0.001605292,-0.003418169,,,
1786043858066920647,1786043858.066370788,/novatel/oem7/inspva,/novatel/oem7/inspva,/novatel/oem7/inspva,39.663,-75.756,-1.802973781,0.001503332,-0.003295234,0.001270952,0.000802924,-0.003295234,,novatel_oem7_msgs.msg.InertialSolutionStatus(status=3),
1786043858068220210,1786043858.066553250,/novatel/oem7/fix,/novatel/oem7/fix,/novatel/oem7/inspva,39.663,-75.756,-1.802973781,0.001503332,-0.003295234,0.001270952,0.000802924,-0.003295234,,0,
1786043858069225753,1786043858.066896246,/novatel/oem7/odom,/novatel/oem7/fix,/novatel/oem7/odom,39.663,-75.756,-1.802973781,0.001517379,-0.003288790,0.000881551,0.001235033,-0.003288790,,,
1786043858075839681,1786043858.074720559,/novatel/oem7/odom,/novatel/oem7/fix,/novatel/oem7/odom,39.663,-75.756,-1.802973781,0.001517379,-0.003288790,0.000881551,0.001235033,-0.003288790,,,
1786043858086372618,1786043858.085546183,/novatel/oem7/inspva,/novatel/oem7/inspva,/novatel/oem7/inspva,39.663,-75.756,-1.802953218,0.001665016,-0.003339697,0.001420228,0.000869042,-0.003339697,,novatel_oem7_msgs.msg.InertialSolutionStatus(status=3),
1786043858088220810,1786043858.085785522,/novatel/oem7/fix,/novatel/oem7/fix,/novatel/oem7/inspva,39.663,-75.756,-1.802953218,0.001665016,-0.003339697,0.001420228,0.000869042,-0.003339697,,0,
1786043858089663571,1786043858.086508393,/novatel/oem7/odom,/novatel/oem7/fix,/novatel/oem7/odom,39.663,-75.756,-1.802953218,0.001679187,-0.003332595,0.000955649,0.001380726,-0.003332595,,,
1786043858096497434,1786043858.095632849,/novatel/oem7/odom,/novatel/oem7/fix,/novatel/oem7/odom,39.663,-75.756,-1.802953218,0.001679187,-0.003332595,0.000955649,0.001380726,-0.003332595,,,
1786043858106728075,1786043858.105935203,/novatel/oem7/inspva,/novatel/oem7/inspva,/novatel/oem7/inspva,39.663,-75.756,-1.802915855,0.001382079,-0.003565463,0.001148838,0.000768319,-0.003565463,,novatel_oem7_msgs.msg.InertialSolutionStatus(status=3),
1786043858108775199,1786043858.106146126,/novatel/oem7/fix,/novatel/oem7/fix,/novatel/oem7/inspva,39.663,-75.756,-1.802915855,0.001382079,-0.003565463,0.001148838,0.000768319,-0.003565463,,0,
1786043858110181604,1786043858.106707415,/novatel/oem7/odom,/novatel/oem7/fix,/novatel/oem7/odom,39.663,-75.756,-1.802915855,0.001397438,-0.003559471,0.000841597,0.001115592,-0.003559471,,,
1786043858112267448,1786043858.109840346,/novatel/oem7/bestpos,/novatel/oem7/bestpos,/novatel/oem7/odom,39.663,-75.756,33.179508851,0.001397438,-0.003559471,0.000841597,0.001115592,-0.003559471,,novatel_oem7_msgs.msg.SolutionStatus(status=0),novatel_oem7_msgs.msg.PositionOrVelocityType(type=53)
1786043858113552774,1786043858.110582694,/novatel/oem7/bestvel,/novatel/oem7/bestpos,/novatel/oem7/bestvel,39.663,-75.756,33.179508851,0.001517411,-0.003577510,,,,65.390407140,novatel_oem7_msgs.msg.SolutionStatus(status=0),novatel_oem7_msgs.msg.PositionOrVelocityType(type=53)
1786043858115584425,1786043858.114560391,/novatel/oem7/odom,/novatel/oem7/bestpos,/novatel/oem7/odom,39.663,-75.756,33.179508851,0.001397438,-0.003559471,0.000841597,0.001115592,-0.003559471,,,
1786043858127306591,1786043858.126576310,/novatel/oem7/inspva,/novatel/oem7/inspva,/novatel/oem7/inspva,39.663,-75.756,-1.802889843,0.001849531,-0.002857941,0.001634655,0.000865255,-0.002857941,,novatel_oem7_msgs.msg.InertialSolutionStatus(status=3),
1786043858128460799,1786043858.126794322,/novatel/oem7/fix,/novatel/oem7/fix,/novatel/oem7/inspva,39.663,-75.756,-1.802889843,0.001849531,-0.002857941,0.001634655,0.000865255,-0.002857941,,0,
1786043858129301693,1786043858.127304458,/novatel/oem7/odom,/novatel/oem7/fix,/novatel/oem7/odom,39.663,-75.756,-1.802889843,0.001861307,-0.002850285,0.000961345,0.001593825,-0.002850285,,,
1786043858136178329,1786043858.135751204,/novatel/oem7/odom,/novatel/oem7/fix,/novatel/oem7/odom,39.663,-75.756,-1.802889843,0.001861307,-0.002850285,0.000961345,0.001593825,-0.002850285,,,
1786043858145622692,1786043858.145155073,/novatel/oem7/inspva,/novatel/oem7/inspva,/novatel/oem7/inspva,39.663,-75.756,-1.802851813,0.001359500,-0.002829401,0.001241614,0.000553747,-0.002829401,,novatel_oem7_msgs.msg.InertialSolutionStatus(status=3),
1786043858146567390,1786043858.145279484,/novatel/oem7/fix,/novatel/oem7/fix,/novatel/oem7/inspva,39.663,-75.756,-1.802851813,0.001359500,-0.002829401,0.001241614,0.000553747,-0.002829401,,0,
1786043858147179825,1786043858.145752779,/novatel/oem7/odom,/novatel/oem7/fix,/novatel/oem7/odom,39.663,-75.756,-1.802851813,0.001370778,-0.002823954,0.000629382,0.001217749,-0.002823954,,,
1786043858157401132,1786043858.156625956,/novatel/oem7/odom,/novatel/oem7/fix,/novatel/oem7/odom,39.663,-75.756,-1.802851813,0.001370778,-0.002823954,0.000629382,0.001217749,-0.002823954,,,
1786043858166552747,1786043858.165679870,/novatel/oem7/inspva,/novatel/oem7/inspva,/novatel/oem7/inspva,39.663,-75.756,-1.802834049,0.001725763,-0.003337298,0.001366955,0.001053420,-0.003337298,,novatel_oem7_msgs.msg.InertialSolutionStatus(status=3),
1786043858167797264,1786043858.166988393,/novatel/oem7/fix,/novatel/oem7/fix,/novatel/oem7/inspva,39.663,-75.756,-1.802834049,0.001725763,-0.003337298,0.001366955,0.001053420,-0.003337298,,0,
1786043858169194449,1786043858.168354298,/novatel/oem7/odom,/novatel/oem7/fix,/novatel/oem7/odom,39.663,-75.756,-1.802834049,0.001740432,-0.003329672,0.001136923,0.001317767,-0.003329672,,,
1786043858175322708,1786043858.174856044,/novatel/oem7/odom,/novatel/oem7/fix,/novatel/oem7/odom,39.663,-75.756,-1.802834049,0.001740432,-0.003329672,0.001136923,0.001317767,-0.003329672,,,
1786043858187656084,1786043858.185856053,/novatel/oem7/inspva,/novatel/oem7/inspva,/novatel/oem7/inspva,39.663,-75.756,-1.802791772,0.001349781,-0.002825058,0.000891175,0.001013763,-0.002825058,,novatel_oem7_msgs.msg.InertialSolutionStatus(status=3),
1786043858188360212,1786043858.186063042,/novatel/oem7/fix,/novatel/oem7/fix,/novatel/oem7/inspva,39.663,-75.756,-1.802791772,0.001349781,-0.002825058,0.000891175,0.001013763,-0.002825058,,0,
1786043858188995227,1786043858.186398919,/novatel/oem7/odom,/novatel/oem7/fix,/novatel/oem7/odom,39.663,-75.756,-1.802791772,0.001362637,-0.002818879,0.001070217,0.000843455,-0.002818879,,,
1786043858195008391,1786043858.194454807,/novatel/oem7/odom,/novatel/oem7/fix,/novatel/oem7/odom,39.663,-75.756,-1.802791772,0.001362637,-0.002818879,0.001070217,0.000843455,-0.002818879,,,
1786043858206827617,1786043858.206356042,/novatel/oem7/inspva,/novatel/oem7/inspva,/novatel/oem7/inspva,39.663,-75.756,-1.802770530,0.001432465,-0.002669823,0.001118687,0.000894704,-0.002669823,,novatel_oem7_msgs.msg.InertialSolutionStatus(status=3),
1786043858207863988,1786043858.206532719,/novatel/oem7/fix,/novatel/oem7/fix,/novatel/oem7/inspva,39.663,-75.756,-1.802770530,0.001432465,-0.002669823,0.001118687,0.000894704,-0.002669823,,0,
1786043858208614291,1786043858.207088025,/novatel/oem7/odom,/novatel/oem7/fix,/novatel/oem7/odom,39.663,-75.756,-1.802770530,0.001444250,-0.002663466,0.000962733,0.001076570,-0.002663466,,,
1786043858210707491,1786043858.210236600,/novatel/oem7/bestpos,/novatel/oem7/bestpos,/novatel/oem7/odom,39.663,-75.756,33.179656755,0.001444250,-0.002663466,0.000962733,0.001076570,-0.002663466,,novatel_oem7_msgs.msg.SolutionStatus(status=0),novatel_oem7_msgs.msg.PositionOrVelocityType(type=53)
1786043858211551156,1786043858.210659480,/novatel/oem7/bestvel,/novatel/oem7/bestpos,/novatel/oem7/bestvel,39.663,-75.756,33.179656755,0.001362998,-0.002609748,,,,48.113781255,novatel_oem7_msgs.msg.SolutionStatus(status=0),novatel_oem7_msgs.msg.PositionOrVelocityType(type=53)
1786043858216200015,1786043858.215430667,/novatel/oem7/odom,/novatel/oem7/bestpos,/novatel/oem7/odom,39.663,-75.756,33.179656755,0.001444250,-0.002663466,0.000962733,0.001076570,-0.002663466,,,
1786043858225408191,1786043858.225027167,/novatel/oem7/inspva,/novatel/oem7/inspva,/novatel/oem7/inspva,39.663,-75.756,-1.802731761,0.001091803,-0.002842936,0.000851087,0.000683875,-0.002842936,,novatel_oem7_msgs.msg.InertialSolutionStatus(status=3),
1786043858226144351,1786043858.225157157,/novatel/oem7/fix,/novatel/oem7/fix,/novatel/oem7/inspva,39.663,-75.756,-1.802731761,0.001091803,-0.002842936,0.000851087,0.000683875,-0.002842936,,0,
1786043858226688378,1786043858.225564555,/novatel/oem7/odom,/novatel/oem7/fix,/novatel/oem7/odom,39.663,-75.756,-1.802731761,0.001104364,-0.002838081,0.000738730,0.000820912,-0.002838081,,,
1786043858234981755,1786043858.234417487,/novatel/oem7/odom,/novatel/oem7/fix,/novatel/oem7/odom,39.663,-75.756,-1.802731761,0.001104364,-0.002838081,0.000738730,0.000820912,-0.002838081,,,
1786043858246696911,1786043858.246173109,/novatel/oem7/inspva,/novatel/oem7/inspva,/novatel/oem7/inspva,39.663,-75.756,-1.802705290,0.001538796,-0.002439006,0.001462224,0.000479370,-0.002439006,,novatel_oem7_msgs.msg.InertialSolutionStatus(status=3),
1786043858247820836,1786043858.246372533,/novatel/oem7/fix,/novatel/oem7/fix,/novatel/oem7/inspva,39.663,-75.756,-1.802705290,0.001538796,-0.002439006,0.001462224,0.000479370,-0.002439006,,0,
1786043858248650195,1786043858.247082806,/novatel/oem7/odom,/novatel/oem7/fix,/novatel/oem7/odom,39.663,-75.756,-1.802705290,0.001547878,-0.002433253,0.000565243,0.001440981,-0.002433253,,,
1786043858257245910,1786043858.256841981,/novatel/oem7/odom,/novatel/oem7/fix,/novatel/oem7/odom,39.663,-75.756,-1.802705290,0.001547878,-0.002433253,0.000565243,0.001440981,-0.002433253,,,
1786043858265936588,1786043858.265007964,/novatel/oem7/inspva,/novatel/oem7/inspva,/novatel/oem7/inspva,39.663,-75.756,-1.802665794,0.001096369,-0.002330593,0.001086585,0.000146139,-0.002330593,,novatel_oem7_msgs.msg.InertialSolutionStatus(status=3),
1786043858267386868,1786043858.265355908,/novatel/oem7/fix,/novatel/oem7/fix,/novatel/oem7/inspva,39.663,-75.756,-1.802665794,0.001096369,-0.002330593,0.001086585,0.000146139,-0.002330593,,0,
1786043858267999470,1786043858.266044361,/novatel/oem7/odom,/novatel/oem7/fix,/novatel/oem7/odom,39.663,-75.756,-1.802665794,0.001103818,-0.002327075,0.000212235,0.001083222,-0.002327075,,,
1786043858276135725,1786043858.275513221,/novatel/oem7/odom,/novatel/oem7/fix,/novatel/oem7/odom,39.663,-75.756,-1.802665794,0.001103818,-0.002327075,0.000212235,0.001083222,-0.002327075,,,
1786043858286237177,1786043858.285853056,/novatel/oem7/inspva,/novatel/oem7/inspva,/novatel/oem7/inspva,39.663,-75.756,-1.802644229,0.001529886,-0.002521894,0.001338055,0.000741727,-0.002521894,,novatel_oem7_msgs.msg.InertialSolutionStatus(status=3),
1786043858286982162,1786043858.286016551,/novatel/oem7/fix,/novatel/oem7/fix,/novatel/oem7/inspva,39.663,-75.756,-1.802644229,0.001529886,-0.002521894,0.001338055,0.000741727,-0.002521894,,0,
1786043858287544992,1786043858.286564230,/novatel/oem7/odom,/novatel/oem7/fix,/novatel/oem7/odom,39.663,-75.756,-1.802644229,0.001540373,-0.002515502,0.000820995,0.001303348,-0.002515502,,,
1786043858295015319,1786043858.294627352,/novatel/oem7/odom,/novatel/oem7/fix,/novatel/oem7/odom,39.663,-75.756,-1.802644229,0.001540373,-0.002515502,0.000820995,0.001303348,-0.002515502,,,
1786043858306408236,1786043858.305778009,/novatel/oem7/inspva,/novatel/oem7/inspva,/novatel/oem7/inspva,39.663,-75.756,-1.802604014,0.001360730,-0.002237284,0.001339410,0.000239931,-0.002237284,,novatel_oem7_msgs.msg.InertialSolutionStatus(status=3),
1786043858307315904,1786043858.305986704,/novatel/oem7/fix,/novatel/oem7/fix,/novatel/oem7/inspva,39.663,-75.756,-1.802604014,0.001360730,-0.002237284,0.001339410,0.000239931,-0.002237284,,0,
1786043858307909949,1786043858.306621324,/novatel/oem7/odom,/novatel/oem7/fix,/novatel/oem7/odom,39.663,-75.756,-1.802604014,0.001368191,-0.002232729,0.000318902,0.001330507,-0.002232729,,,
1786043858309367868,1786043858.308957195,/novatel/oem7/bestpos,/novatel/oem7/bestpos,/novatel/oem7/odom,39.663,-75.756,33.179824647,0.001368191,-0.002232729,0.000318902,0.001330507,-0.002232729,,novatel_oem7_msgs.msg.SolutionStatus(status=0),novatel_oem7_msgs.msg.PositionOrVelocityType(type=53)
1786043858310142117,1786043858.309318325,/novatel/oem7/bestvel,/novatel/oem7/bestpos,/novatel/oem7/bestvel,39.663,-75.756,33.179824647,0.001310156,-0.002286486,,,,20.887826843,novatel_oem7_msgs.msg.SolutionStatus(status=0),novatel_oem7_msgs.msg.PositionOrVelocityType(type=53)
1786043858315281274,1786043858.314883825,/novatel/oem7/odom,/novatel/oem7/bestpos,/novatel/oem7/odom,39.663,-75.756,33.179824647,0.001368191,-0.002232729,0.000318902,0.001330507,-0.002232729,,,
1786043858325569420,1786043858.325251882,/novatel/oem7/inspva,/novatel/oem7/inspva,/novatel/oem7/inspva,39.663,-75.756,-1.802584878,0.001405124,-0.002626630,0.001228493,0.000682041,-0.002626630,,novatel_oem7_msgs.msg.InertialSolutionStatus(status=3),
1786043858326788256,1786043858.325319948,/novatel/oem7/fix,/novatel/oem7/fix,/novatel/oem7/inspva,39.663,-75.756,-1.802584878,0.001405124,-0.002626630,0.001228493,0.000682041,-0.002626630,,0,
1786043858327784722,1786043858.326025968,/novatel/oem7/odom,/novatel/oem7/fix,/novatel/oem7/odom,39.663,-75.756,-1.802584878,0.001416027,-0.002620768,0.000755976,0.001197344,-0.002620768,,,
1786043858336284596,1786043858.335457274,/novatel/oem7/odom,/novatel/oem7/fix,/novatel/oem7/odom,39.663,-75.756,-1.802584878,0.001416027,-0.002620768,0.000755976,0.001197344,-0.002620768,,,
1786043858346099272,1786043858.345199626,/novatel/oem7/inspva,/novatel/oem7/inspva,/novatel/oem7/inspva,39.663,-75.756,-1.802545228,0.001401332,-0.002258386,0.001295671,0.000533824,-0.002258386,,novatel_oem7_msgs.msg.InertialSolutionStatus(status=3),
1786043858347949571,1786043858.345416722,/novatel/oem7/fix,/novatel/oem7/fix,/novatel/oem7/inspva,39.663,-75.756,-1.802545228,0.001401332,-0.002258386,0.001295671,0.000533824,-0.002258386,,0,
1786043858349391029,1786043858.345992654,/novatel/oem7/odom,/novatel/oem7/fix,/novatel/oem7/odom,39.663,-75.756,-1.802545228,0.001410176,-0.002252874,0.000610131,0.001271353,-0.002252874,,,
1786043858356798894,1786043858.355792897,/novatel/oem7/odom,/novatel/oem7/fix,/novatel/oem7/odom,39.663,-75.756,-1.802545228,0.001410176,-0.002252874,0.000610131,0.001271353,-0.002252874,,,
1786043858367182510,1786043858.366360241,/novatel/oem7/inspva,/novatel/oem7/inspva,/novatel/oem7/inspva,39.663,-75.756,-1.802527587,0.001437782,-0.002628738,0.001367903,0.000442785,-0.002628738,,novatel_oem7_msgs.msg.InertialSolutionStatus(status=3),
1786043858368731595,1786043858.366571914,/novatel/oem7/fix,/novatel/oem7/fix,/novatel/oem7/inspva,39.663,-75.756,-1.802527587,0.001437782,-0.002628738,0.001367903,0.000442785,-0.002628738,,0,
1786043858369786186,1786043858.367139716,/novatel/oem7/odom,/novatel/oem7/fix,/novatel/oem7/odom,39.663,-75.756,-1.802527587,0.001447593,-0.002623348,0.000524403,0.001349269,-0.002623348,,,
1786043858375742634,1786043858.374963272,/novatel/oem7/odom,/novatel/oem7/fix,/novatel/oem7/odom,39.663,-75.756,-1.802527587,0.001447593,-0.002623348,0.000524403,0.001349269,-0.002623348,,,
1786043858385495726,1786043858.384883390,/novatel/oem7/inspva,/novatel/oem7/inspva,/novatel/oem7/inspva,39.663,-75.756,-1.802487318,0.001440904,-0.002419385,0.001397031,0.000352861,-0.002419385,,novatel_oem7_msgs.msg.InertialSolutionStatus(status=3),
1786043858386810809,1786043858.385036324,/novatel/oem7/fix,/novatel/oem7/fix,/novatel/oem7/inspva,39.663,-75.756,-1.802487318,0.001440904,-0.002419385,0.001397031,0.000352861,-0.002419385,,0,
1786043858387801179,1786043858.385462466,/novatel/oem7/odom,/novatel/oem7/fix,/novatel/oem7/odom,39.663,-75.756,-1.802487318,0.001449540,-0.002414221,0.000435389,0.001382607,-0.002414221,,,
1786043858396573645,1786043858.395534095,/novatel/oem7/odom,/novatel/oem7/fix,/novatel/oem7/odom,39.663,-75.756,-1.802487318,0.001449540,-0.002414221,0.000435389,0.001382607,-0.002414221,,,
1786043858407211347,1786043858.406521600,/novatel/oem7/inspva,/novatel/oem7/inspva,/novatel/oem7/inspva,39.663,-75.756,-1.802464995,0.001458283,-0.002060766,0.001159345,0.000884595,-0.002060766,,novatel_oem7_msgs.msg.InertialSolutionStatus(status=3),
1786043858408678122,1786043858.406697721,/novatel/oem7/fix,/novatel/oem7/fix,/novatel/oem7/inspva,39.663,-75.756,-1.802464995,0.001458283,-0.002060766,0.001159345,0.000884595,-0.002060766,,0,
1786043858409735606,1786043858.407186720,/novatel/oem7/odom,/novatel/oem7/fix,/novatel/oem7/odom,39.663,-75.756,-1.802464995,0.001467320,-0.002054341,0.000952443,0.001116191,-0.002054341,,,
1786043858411860794,1786043858.411149257,/novatel/oem7/bestpos,/novatel/oem7/bestpos,/novatel/oem7/odom,39.663,-75.756,33.179960923,0.001467320,-0.002054341,0.000952443,0.001116191,-0.002054341,,novatel_oem7_msgs.msg.SolutionStatus(status=0),novatel_oem7_msgs.msg.PositionOrVelocityType(type=53)
1786043858413208145,1786043858.411514387,/novatel/oem7/bestvel,/novatel/oem7/bestpos,/novatel/oem7/bestvel,39.663,-75.756,33.179960923,0.001464498,-0.002004841,,,,22.086322306,novatel_oem7_msgs.msg.SolutionStatus(status=0),novatel_oem7_msgs.msg.PositionOrVelocityType(type=53)
1786043858415790287,1786043858.415098617,/novatel/oem7/odom,/novatel/oem7/bestpos,/novatel/oem7/odom,39.663,-75.756,33.179960923,0.001467320,-0.002054341,0.000952443,0.001116191,-0.002054341,,,
1786043858426579914,1786043858.425992798,/novatel/oem7/inspva,/novatel/oem7/inspva,/novatel/oem7/inspva,39.663,-75.756,-1.802428424,0.001664218,-0.002261228,0.001408402,0.000886582,-0.002261228,,novatel_oem7_msgs.msg.InertialSolutionStatus(status=3),
1786043858427872034,1786043858.426127142,/novatel/oem7/fix,/novatel/oem7/fix,/novatel/oem7/inspva,39.663,-75.756,-1.802428424,0.001664218,-0.002261228,0.001408402,0.000886582,-0.002261228,,0,
1786043858428859114,1786043858.426603961,/novatel/oem7/odom,/novatel/oem7/fix,/novatel/oem7/odom,39.663,-75.756,-1.802428424,0.001673843,-0.002254112,0.000968370,0.001365288,-0.002254112,,,
1786043858436101124,1786043858.434948359,/novatel/oem7/odom,/novatel/oem7/fix,/novatel/oem7/odom,39.663,-75.756,-1.802428424,0.001673843,-0.002254112,0.000968370,0.001365288,-0.002254112,,,
1786043858446164260,1786043858.445234970,/novatel/oem7/inspva,/novatel/oem7/inspva,/novatel/oem7/inspva,39.663,-75.756,-1.802410923,0.001310208,-0.002525052,0.000809960,0.001029859,-0.002525052,,novatel_oem7_msgs.msg.InertialSolutionStatus(status=3),
1786043858448058979,1786043858.445522823,/novatel/oem7/fix,/novatel/oem7/fix,/novatel/oem7/inspva,39.663,-75.756,-1.802410923,0.001310208,-0.002525052,0.000809960,0.001029859,-0.002525052,,0,
1786043858449503364,1786043858.446178726,/novatel/oem7/odom,/novatel/oem7/fix,/novatel/oem7/odom,39.663,-75.756,-1.802410923,0.001321669,-0.002519072,0.001080742,0.000760793,-0.002519072,,,
1786043858456914375,1786043858.456196952,/novatel/oem7/odom,/novatel/oem7/fix,/novatel/oem7/odom,39.663,-75.756,-1.802410923,0.001321669,-0.002519072,0.001080742,0.000760793,-0.002519072,,,
1786043858466017095,1786043858.465212433,/novatel/oem7/inspva,/novatel/oem7/inspva,/novatel/oem7/inspva,39.663,-75.756,-1.802374068,0.001559301,-0.002484944,0.001105928,0.001099246,-0.002484944,,novatel_oem7_msgs.msg.InertialSolutionStatus(status=3),
1786043858467538200,1786043858.465444706,/novatel/oem7/fix,/novatel/oem7/fix,/novatel/oem7/inspva,39.663,-75.756,-1.802374068,0.001559301,-0.002484944,0.001105928,0.001099246,-0.002484944,,0,
1786043858468596001,1786043858.465941294,/novatel/oem7/odom,/novatel/oem7/fix,/novatel/oem7/odom,39.663,-75.756,-1.802374068,0.001570487,-0.002477889,0.001165550,0.001052580,-0.002477889,,,
1786043858475272386,1786043858.474486211,/novatel/oem7/odom,/novatel/oem7/fix,/novatel/oem7/odom,39.663,-75.756,-1.802374068,0.001570487,-0.002477889,0.001165550,0.001052580,-0.002477889,,,
1786043858485693602,1786043858.485050241,/novatel/oem7/inspva,/novatel/oem7/inspva,/novatel/oem7/inspva,39.663,-75.756,-1.802355447,0.001532067,-0.002300581,0.001246101,0.000891327,-0.002300581,,novatel_oem7_msgs.msg.InertialSolutionStatus(status=3),
1786043858487019391,1786043858.485229517,/novatel/oem7/fix,/novatel/oem7/fix,/novatel/oem7/inspva,39.663,-75.756,-1.802355447,0.001532067,-0.002300581,0.001246101,0.000891327,-0.002300581,,0,
1786043858488019555,1786043858.485803266,/novatel/oem7/odom,/novatel/oem7/fix,/novatel/oem7/odom,39.663,-75.756,-1.802355447,0.001542057,-0.002293897,0.000964671,0.001203059,-0.002293897,,,
1786043858496352783,1786043858.495665169,/novatel/oem7/odom,/novatel/oem7/fix,/novatel/oem7/odom,39.663,-75.756,-1.802355447,0.001542057,-0.002293897,0.000964671,0.001203059,-0.002293897,,,
1786043858506797056,1786043858.506012731,/novatel/oem7/inspva,/novatel/oem7/inspva,/novatel/oem7/inspva,39.663,-75.756,-1.802323165,0.001678208,-0.002632668,0.001438653,0.000864095,-0.002632668,,novatel_oem7_msgs.msg.InertialSolutionStatus(status=3),
1786043858508190310,1786043858.506210433,/novatel/oem7/fix,/novatel/oem7/fix,/novatel/oem7/inspva,39.663,-75.756,-1.802323165,0.001678208,-0.002632668,0.001438653,0.000864095,-0.002632668,,0,
1786043858509217044,1786043858.506583750,/novatel/oem7/odom,/novatel/oem7/fix,/novatel/oem7/odom,39.663,-75.756,-1.802323165,0.001689313,-0.002625556,0.000948913,0.001397620,-0.002625556,,,
1786043858511889888,1786043858.511162984,/novatel/oem7/bestpos,/novatel/oem7/bestpos,/novatel/oem7/odom,39.663,-75.756,33.180104882,0.001689313,-0.002625556,0.000948913,0.001397620,-0.002625556,,novatel_oem7_msgs.msg.SolutionStatus(status=0),novatel_oem7_msgs.msg.PositionOrVelocityType(type=53)
1786043858513246735,1786043858.511608348,/novatel/oem7/bestvel,/novatel/oem7/bestpos,/novatel/oem7/bestvel,39.663,-75.756,33.180104882,0.001697338,-0.002666647,,,,38.166185732,novatel_oem7_msgs.msg.SolutionStatus(status=0),novatel_oem7_msgs.msg.PositionOrVelocityType(type=53)
1786043858515163954,1786043858.514461904,/novatel/oem7/odom,/novatel/oem7/bestpos,/novatel/oem7/odom,39.663,-75.756,33.180104882,0.001689313,-0.002625556,0.000948913,0.001397620,-0.002625556,,,
1786043858526121113,1786043858.525505196,/novatel/oem7/inspva,/novatel/oem7/inspva,/novatel/oem7/inspva,39.663,-75.756,-1.802305216,0.001698014,-0.002199945,0.001369597,0.001003722,-0.002199945,,novatel_oem7_msgs.msg.InertialSolutionStatus(status=3),
1786043858527614948,1786043858.525678651,/novatel/oem7/fix,/novatel/oem7/fix,/novatel/oem7/inspva,39.663,-75.756,-1.802305216,0.001698014,-0.002199945,0.001369597,0.001003722,-0.002199945,,0,
1786043858528939291,1786043858.526496870,/novatel/oem7/odom,/novatel/oem7/fix,/novatel/oem7/odom,39.663,-75.756,-1.802305216,0.001707577,-0.002192531,0.001083045,0.001320164,-0.002192531,,,
1786043858536032493,1786043858.535093477,/novatel/oem7/odom,/novatel/oem7/fix,/novatel/oem7/odom,39.663,-75.756,-1.802305216,0.001707577,-0.002192531,0.001083045,0.001320164,-0.002192531,,,
1786043858545998518,1786043858.545068552,/novatel/oem7/inspva,/novatel/oem7/inspva,/novatel/oem7/inspva,39.663,-75.756,-1.802275822,0.001942011,-0.002368770,0.001535723,0.001188681,-0.002368770,,novatel_oem7_msgs.msg.InertialSolutionStatus(status=3),
1786043858547945724,1786043858.545305778,/novatel/oem7/fix,/novatel/oem7/fix,/novatel/oem7/inspva,39.663,-75.756,-1.802275822,0.001942011,-0.002368770,0.001535723,0.001188681,-0.002368770,,0,
1786043858549349675,1786043858.545648671,/novatel/oem7/odom,/novatel/oem7/fix,/novatel/oem7/odom,39.663,-75.756,-1.802275822,0.001952367,-0.002360241,0.001277145,0.001476699,-0.002360241,,,
1786043858557150654,1786043858.556169168,/novatel/oem7/odom,/novatel/oem7/fix,/novatel/oem7/odom,39.663,-75.756,-1.802275822,0.001952367,-0.002360241,0.001277145,0.001476699,-0.002360241,,,
1786043858565707131,1786043858.565062289,/novatel/oem7/inspva,/novatel/oem7/inspva,/novatel/oem7/inspva,39.663,-75.756,-1.802264608,0.001683646,-0.002715439,0.001160985,0.001219335,-0.002715439,,novatel_oem7_msgs.msg.InertialSolutionStatus(status=3),
1786043858567019608,1786043858.565252387,/novatel/oem7/fix,/novatel/oem7/fix,/novatel/oem7/inspva,39.663,-75.756,-1.802264608,0.001683646,-0.002715439,0.001160985,0.001219335,-0.002715439,,0,
1786043858568017142,1786043858.565714775,/novatel/oem7/odom,/novatel/oem7/fix,/novatel/oem7/odom,39.663,-75.756,-1.802264608,0.001695872,-0.002707820,0.001289257,0.001101725,-0.002707820,,,
1786043858575615132,1786043858.574809834,/novatel/oem7/odom,/novatel/oem7/fix,/novatel/oem7/odom,39.663,-75.756,-1.802264608,0.001695872,-0.002707820,0.001289257,0.001101725,-0.002707820,,,
1786043858586596571,1786043858.585952661,/novatel/oem7/inspva,/novatel/oem7/inspva,/novatel/oem7/inspva,39.663,-75.756,-1.802232708,0.002044072,-0.002462294,0.001578244,0.001298989,-0.002462294,,novatel_oem7_msgs.msg.InertialSolutionStatus(status=3),
1786043858587916477,1786043858.586136263,/novatel/oem7/fix,/novatel/oem7/fix,/novatel/oem7/inspva,39.663,-75.756,-1.802232708,0.002044072,-0.002462294,0.001578244,0.001298989,-0.002462294,,0,
1786043858589087433,1786043858.586558430,/novatel/oem7/odom,/novatel/oem7/fix,/novatel/oem7/odom,39.663,-75.756,-1.802232708,0.002054898,-0.002453266,0.001389904,0.001513530,-0.002453266,,,
1786043858595008369,1786043858.594286079,/novatel/oem7/odom,/novatel/oem7/fix,/novatel/oem7/odom,39.663,-75.756,-1.802232708,0.002054898,-0.002453266,0.001389904,0.001513530,-0.002453266,,,
1786043858606525533,1786043858.605821383,/novatel/oem7/inspva,/novatel/oem7/inspva,/novatel/oem7/inspva,39.663,-75.756,-1.802220012,0.001735845,-0.002370408,0.001322969,0.001123794,-0.002370408,,novatel_oem7_msgs.msg.InertialSolutionStatus(status=3),
1786043858607953345,1786043858.606012531,/novatel/oem7/fix,/novatel/oem7/fix,/novatel/oem7/inspva,39.663,-75.756,-1.802220012,0.001735845,-0.002370408,0.001322969,0.001123794,-0.002370408,,0,
1786043858608980345,1786043858.606791356,/novatel/oem7/odom,/novatel/oem7/fix,/novatel/oem7/odom,39.663,-75.756,-1.802220012,0.001746320,-0.002362702,0.001201124,0.001267649,-0.002362702,,,
1786043858610889831,1786043858.610203574,/novatel/oem7/bestpos,/novatel/oem7/bestpos,/novatel/oem7/odom,39.663,-75.756,33.180217294,0.001746320,-0.002362702,0.001201124,0.001267649,-0.002362702,,novatel_oem7_msgs.msg.SolutionStatus(status=0),novatel_oem7_msgs.msg.PositionOrVelocityType(type=53)
1786043858612239191,1786043858.610693843,/novatel/oem7/bestvel,/novatel/oem7/bestpos,/novatel/oem7/bestvel,39.663,-75.756,33.180217294,0.001687281,-0.002332731,,,,40.329016848,novatel_oem7_msgs.msg.SolutionStatus(status=0),novatel_oem7_msgs.msg.PositionOrVelocityType(type=53)
1786043858616002613,1786043858.615330926,/novatel/oem7/odom,/novatel/oem7/bestpos,/novatel/oem7/odom,39.663,-75.756,33.180217294,0.001746320,-0.002362702,0.001201124,0.001267649,-0.002362702,,,
1786043858625457919,1786043858.624873497,/novatel/oem7/inspva,/novatel/oem7/inspva,/novatel/oem7/inspva,39.663,-75.756,-1.802190667,0.001898085,-0.002244293,0.001605811,0.001011977,-0.002244293,,novatel_oem7_msgs.msg.InertialSolutionStatus(status=3),
1786043858626773986,1786043858.625035335,/novatel/oem7/fix,/novatel/oem7/fix,/novatel/oem7/inspva,39.663,-75.756,-1.802190667,0.001898085,-0.002244293,0.001605811,0.001011977,-0.002244293,,0,
1786043858627798946,1786043858.625491006,/novatel/oem7/odom,/novatel/oem7/fix,/novatel/oem7/odom,39.663,-75.756,-1.802190667,0.001907582,-0.002236227,0.001103921,0.001555707,-0.002236227,,,
1786043858635055160,1786043858.634341346,/novatel/oem7/odom,/novatel/oem7/fix,/novatel/oem7/odom,39.663,-75.756,-1.802190667,0.001907582,-0.002236227,0.001103921,0.001555707,-0.002236227,,,
1786043858645851730,1786043858.645260764,/novatel/oem7/inspva,/novatel/oem7/inspva,/novatel/oem7/inspva,39.663,-75.756,-1.802182054,0.001989741,-0.002528245,0.001566258,0.001227152,-0.002528245,,novatel_oem7_msgs.msg.InertialSolutionStatus(status=3),
1786043858647177340,1786043858.645441706,/novatel/oem7/fix,/novatel/oem7/fix,/novatel/oem7/inspva,39.663,-75.756,-1.802182054,0.001989741,-0.002528245,0.001566258,0.001227152,-0.002528245,,0,
1786043858648183017,1786043858.645996068,/novatel/oem7/odom,/novatel/oem7/fix,/novatel/oem7/odom,39.663,-75.756,-1.802182054,0.002000782,-0.002519517,0.001317771,0.001505525,-0.002519517,,,
1786043858657317490,1786043858.656645073,/novatel/oem7/odom,/novatel/oem7/fix,/novatel/oem7/odom,39.663,-75.756,-1.802182054,0.002000782,-0.002519517,0.001317771,0.001505525,-0.002519517,,,
1786043858665628047,1786043858.664974097,/novatel/oem7/inspva,/novatel/oem7/inspva,/novatel/oem7/inspva,39.663,-75.756,-1.802149541,0.001857819,-0.002198638,0.001594382,0.000953644,-0.002198638,,novatel_oem7_msgs.msg.InertialSolutionStatus(status=3),
1786043858667451010,1786043858.665156870,/novatel/oem7/fix,/novatel/oem7/fix,/novatel/oem7/inspva,39.663,-75.756,-1.802149541,0.001857819,-0.002198638,0.001594382,0.000953644,-0.002198638,,0,
1786043858668811496,1786043858.665579640,/novatel/oem7/odom,/novatel/oem7/fix,/novatel/oem7/odom,39.663,-75.756,-1.802149541,0.001867017,-0.002190832,0.001044878,0.001547250,-0.002190832,,,
1786043858675377423,1786043858.674615412,/novatel/oem7/odom,/novatel/oem7/fix,/novatel/oem7/odom,39.663,-75.756,-1.802149541,0.001867017,-0.002190832,0.001044878,0.001547250,-0.002190832,,,
1786043858685977261,1786043858.685287086,/novatel/oem7/inspva,/novatel/oem7/inspva,/novatel/oem7/inspva,39.663,-75.756,-1.802135833,0.001685074,-0.001986423,0.001209138,0.001173653,-0.001986423,,novatel_oem7_msgs.msg.InertialSolutionStatus(status=3),
1786043858687363618,1786043858.685545830,/novatel/oem7/fix,/novatel/oem7/fix,/novatel/oem7/inspva,39.663,-75.756,-1.802135833,0.001685074,-0.001986423,0.001209138,0.001173653,-0.001986423,,0,
1786043858688453633,1786043858.686122829,/novatel/oem7/odom,/novatel/oem7/fix,/novatel/oem7/odom,39.663,-75.756,-1.802135833,0.001693968,-0.001978844,0.001243440,0.001150385,-0.001978844,,,
1786043858696342826,1786043858.695374440,/novatel/oem7/odom,/novatel/oem7/fix,/novatel/oem7/odom,39.663,-75.756,-1.802135833,0.001693968,-0.001978844,0.001243440,0.001150385,-0.001978844,,,
1786043858706626638,1786043858.705869136,/novatel/oem7/inspva,/novatel/oem7/inspva,/novatel/oem7/inspva,39.663,-75.756,-1.802104439,0.001688222,-0.001824209,0.001202872,0.001184565,-0.001824209,,novatel_oem7_msgs.msg.InertialSolutionStatus(status=3),
1786043858708373296,1786043858.706106579,/novatel/oem7/fix,/novatel/oem7/fix,/novatel/oem7/inspva,39.663,-75.756,-1.802104439,0.001688222,-0.001824209,0.001202872,0.001184565,-0.001824209,,0,
1786043858709765863,1786043858.706601718,/novatel/oem7/odom,/novatel/oem7/fix,/novatel/oem7/odom,39.663,-75.756,-1.802104439,0.001693941,-0.001978867,0.001243409,0.001150378,-0.001978867,,,
1786043858711683986,1786043858.709341489,/novatel/oem7/bestpos,/novatel/oem7/bestpos,/novatel/oem7/odom,39.663,-75.756,33.180337480,0.001693941,-0.001978867,0.001243409,0.001150378,-0.001978867,,novatel_oem7_msgs.msg.SolutionStatus(status=0),novatel_oem7_msgs.msg.PositionOrVelocityType(type=53)
1786043858712826194,1786043858.710096313,/novatel/oem7/bestvel,/novatel/oem7/bestpos,/novatel/oem7/bestvel,39.663,-75.756,33.180337480,0.001533253,-0.001690306,,,,50.669956818,novatel_oem7_msgs.msg.SolutionStatus(status=0),novatel_oem7_msgs.msg.PositionOrVelocityType(type=53)
1786043858715145838,1786043858.714368740,/novatel/oem7/odom,/novatel/oem7/bestpos,/novatel/oem7/odom,39.663,-75.756,33.180337480,0.001696372,-0.001816632,0.001253364,0.001143135,-0.001816632,,,
1786043858726014931,1786043858.725135919,/novatel/oem7/inspva,/novatel/oem7/inspva,/novatel/oem7/inspva,39.663,-75.756,-1.802092951,0.001650953,-0.002096056,0.001153935,0.001180712,-0.002096056,,novatel_oem7_msgs.msg.InertialSolutionStatus(status=3),
1786043858728102979,1786043858.725417175,/novatel/oem7/fix,/novatel/oem7/fix,/novatel/oem7/inspva,39.663,-75.756,-1.802092951,0.001650953,-0.002096056,0.001153935,0.001180712,-0.002096056,,0,
1786043858729229904,1786043858.725754619,/novatel/oem7/odom,/novatel/oem7/fix,/novatel/oem7/odom,39.663,-75.756,-1.802092951,0.001660348,-0.002088622,0.001247964,0.001095144,-0.002088622,,,
1786043858737217375,1786043858.736182128,/novatel/oem7/odom,/novatel/oem7/fix,/novatel/oem7/odom,39.663,-75.756,-1.802092951,0.001660348,-0.002088622,0.001247964,0.001095144,-0.002088622,,,
1786043858745725015,1786043858.745034332,/novatel/oem7/inspva,/novatel/oem7/inspva,/novatel/oem7/inspva,39.663,-75.756,-1.802062383,0.001498132,-0.001851813,0.001049215,0.001069368,-0.001851813,,novatel_oem7_msgs.msg.InertialSolutionStatus(status=3),
1786043858747453269,1786043858.745238237,/novatel/oem7/fix,/novatel/oem7/fix,/novatel/oem7/inspva,39.663,-75.756,-1.802062383,0.001498132,-0.001851813,0.001049215,0.001069368,-0.001851813,,0,
1786043858748803473,1786043858.745744942,/novatel/oem7/odom,/novatel/oem7/fix,/novatel/oem7/odom,39.663,-75.756,-1.802062383,0.001506418,-0.001845079,0.001130300,0.000995850,-0.001845079,,,
1786043858756850912,1786043858.755866318,/novatel/oem7/odom,/novatel/oem7/fix,/novatel/oem7/odom,39.663,-75.756,-1.802062383,0.001506418,-0.001845079,0.001130300,0.000995850,-0.001845079,,,
1786043858766697219,1786043858.765661531,/novatel/oem7/inspva,/novatel/oem7/inspva,/novatel/oem7/inspva,39.663,-75.756,-1.802052774,0.001679032,-0.002019944,0.001256812,0.001113361,-0.002019944,,novatel_oem7_msgs.msg.InertialSolutionStatus(status=3),
1786043858768588464,1786043858.765961817,/novatel/oem7/fix,/novatel/oem7/fix,/novatel/oem7/inspva,39.663,-75.756,-1.802052774,0.001679032,-0.002019944,0.001256812,0.001113361,-0.002019944,,0,
1786043858769914508,1786043858.766817453,/novatel/oem7/odom,/novatel/oem7/fix,/novatel/oem7/odom,39.663,-75.756,-1.802052774,0.001687960,-0.002012490,0.001185835,0.001201251,-0.002012490,,,
1786043858775845702,1786043858.774940879,/novatel/oem7/odom,/novatel/oem7/fix,/novatel/oem7/odom,39.663,-75.756,-1.802052774,0.001687960,-0.002012490,0.001185835,0.001201251,-0.002012490,,,
1786043858785953468,1786043858.785115476,/novatel/oem7/inspva,/novatel/oem7/inspva,/novatel/oem7/inspva,39.663,-75.756,-1.802024302,0.001588924,-0.001955418,0.001186239,0.001057126,-0.001955418,,novatel_oem7_msgs.msg.InertialSolutionStatus(status=3),
1786043858787623681,1786043858.785384385,/novatel/oem7/fix,/novatel/oem7/fix,/novatel/oem7/inspva,39.663,-75.756,-1.802024302,0.001588924,-0.001955418,0.001186239,0.001057126,-0.001955418,,0,
1786043858788768819,1786043858.785843306,/novatel/oem7/odom,/novatel/oem7/fix,/novatel/oem7/odom,39.663,-75.756,-1.802024302,0.001597564,-0.001948365,0.001125699,0.001133584,-0.001948365,,,
1786043858796506628,1786043858.795244910,/novatel/oem7/odom,/novatel/oem7/fix,/novatel/oem7/odom,39.663,-75.756,-1.802024302,0.001597564,-0.001948365,0.001125699,0.001133584,-0.001948365,,,
1786043858807580394,1786043858.806803696,/novatel/oem7/inspva,/novatel/oem7/inspva,/novatel/oem7/inspva,39.663,-75.756,-1.802009762,0.001160175,-0.001434354,0.001019945,0.000552918,-0.001434354,,novatel_oem7_msgs.msg.InertialSolutionStatus(status=3),
1786043858809178477,1786043858.807056449,/novatel/oem7/fix,/novatel/oem7/fix,/novatel/oem7/inspva,39.663,-75.756,-1.802009762,0.001160175,-0.001434354,0.001019945,0.000552918,-0.001434354,,0,
1786043858810541468,1786043858.807542437,/novatel/oem7/odom,/novatel/oem7/fix,/novatel/oem7/odom,39.663,-75.756,-1.802009762,0.001166066,-0.001429570,0.000611473,0.000992880,-0.001429570,,,
1786043858812095073,1786043858.810464437,/novatel/oem7/bestpos,/novatel/oem7/bestpos,/novatel/oem7/odom,39.663,-75.756,33.180432660,0.001166066,-0.001429570,0.000611473,0.000992880,-0.001429570,,novatel_oem7_msgs.msg.SolutionStatus(status=0),novatel_oem7_msgs.msg.PositionOrVelocityType(type=53)
1786043858813060493,1786043858.811021492,/novatel/oem7/bestvel,/novatel/oem7/bestpos,/novatel/oem7/bestvel,39.663,-75.756,33.180432660,0.001331968,-0.001588292,,,,37.819954374,novatel_oem7_msgs.msg.SolutionStatus(status=0),novatel_oem7_msgs.msg.PositionOrVelocityType(type=53)
1786043858815679520,1786043858.814897589,/novatel/oem7/odom,/novatel/oem7/bestpos,/novatel/oem7/odom,39.663,-75.756,33.180432660,0.001166066,-0.001429570,0.000611473,0.000992880,-0.001429570,,,
1786043858826678669,1786043858.825970271,/novatel/oem7/inspva,/novatel/oem7/inspva,/novatel/oem7/inspva,39.663,-75.756,-1.801983688,0.001365698,-0.001418807,0.001180832,0.000686125,-0.001418807,,novatel_oem7_msgs.msg.InertialSolutionStatus(status=3),
1786043858828064196,1786043858.826177077,/novatel/oem7/fix,/novatel/oem7/fix,/novatel/oem7/inspva,39.663,-75.756,-1.801983688,0.001365698,-0.001418807,0.001180832,0.000686125,-0.001418807,,0,
1786043858829163904,1786043858.826464053,/novatel/oem7/odom,/novatel/oem7/fix,/novatel/oem7/odom,39.663,-75.756,-1.801983688,0.001371608,-0.001413094,0.000752931,0.001146475,-0.001413094,,,
1786043858835231956,1786043858.834620948,/novatel/oem7/odom,/novatel/oem7/fix,/novatel/oem7/odom,39.663,-75.756,-1.801983688,0.001371608,-0.001413094,0.000752931,0.001146475,-0.001413094,,,
1786043858845881157,1786043858.845051348,/novatel/oem7/inspva,/novatel/oem7/inspva,/novatel/oem7/inspva,39.663,-75.756,-1.801977399,0.001165287,-0.002027042,0.001105514,0.000368419,-0.002027042,,novatel_oem7_msgs.msg.InertialSolutionStatus(status=3),
1786043858847484923,1786043858.845267468,/novatel/oem7/fix,/novatel/oem7/fix,/novatel/oem7/inspva,39.663,-75.756,-1.801977399,0.001165287,-0.002027042,0.001105514,0.000368419,-0.002027042,,0,
1786043858848586318,1786043858.845594008,/novatel/oem7/odom,/novatel/oem7/fix,/novatel/oem7/odom,39.663,-75.756,-1.801977399,0.001172836,-0.002022683,0.000433973,0.001089593,-0.002022683,,,
1786043858857234075,1786043858.856344213,/novatel/oem7/odom,/novatel/oem7/fix,/novatel/oem7/odom,39.663,-75.756,-1.801977399,0.001172836,-0.002022683,0.000433973,0.001089593,-0.002022683,,,
1786043858865748156,1786043858.864995861,/novatel/oem7/inspva,/novatel/oem7/inspva,/novatel/oem7/inspva,39.663,-75.756,-1.801945968,0.001270415,-0.001693673,0.001089371,0.000653625,-0.001693673,,novatel_oem7_msgs.msg.InertialSolutionStatus(status=3),
1786043858867381902,1786043858.865219680,/novatel/oem7/fix,/novatel/oem7/fix,/novatel/oem7/inspva,39.663,-75.756,-1.801945968,0.001270415,-0.001693673,0.001089371,0.000653625,-0.001693673,,0,
1786043858868720252,1786043858.865541941,/novatel/oem7/odom,/novatel/oem7/fix,/novatel/oem7/odom,39.663,-75.756,-1.801945968,0.001277506,-0.001688331,0.000716667,0.001057549,-0.001688331,,,
1786043858875384230,1786043858.874455877,/novatel/oem7/odom,/novatel/oem7/fix,/novatel/oem7/odom,39.663,-75.756,-1.801945968,0.001277506,-0.001688331,0.000716667,0.001057549,-0.001688331,,,
1786043858887585911,1786043858.886546497,/novatel/oem7/inspva,/novatel/oem7/inspva,/novatel/oem7/inspva,39.663,-75.756,-1.801933843,0.001186100,-0.001454378,0.001173034,0.000175564,-0.001454378,,novatel_oem7_msgs.msg.InertialSolutionStatus(status=3),
1786043858889457033,1786043858.886845166,/novatel/oem7/fix,/novatel/oem7/fix,/novatel/oem7/inspva,39.663,-75.756,-1.801933843,0.001186100,-0.001454378,0.001173034,0.000175564,-0.001454378,,0,
1786043858890876314,1786043858.887163589,/novatel/oem7/odom,/novatel/oem7/fix,/novatel/oem7/odom,39.663,-75.756,-1.801933843,0.001190782,-0.001450547,0.000242807,0.001165764,-0.001450547,,,
1786043858895891582,1786043858.895095970,/novatel/oem7/odom,/novatel/oem7/fix,/novatel/oem7/odom,39.663,-75.756,-1.801933843,0.001190782,-0.001450547,0.000242807,0.001165764,-0.001450547,,,
1786043858906342439,1786043858.905701542,/novatel/oem7/inspva,/novatel/oem7/inspva,/novatel/oem7/inspva,39.663,-75.756,-1.801906427,0.001293832,-0.001360871,0.001205331,0.000470296,-0.001360871,,novatel_oem7_msgs.msg.InertialSolutionStatus(status=3),
1786043858907932108,1786043858.905870984,/novatel/oem7/fix,/novatel/oem7/fix,/novatel/oem7/inspva,39.663,-75.756,-1.801906427,0.001293832,-0.001360871,0.001205331,0.000470296,-0.001360871,,0,
1786043858909073622,1786043858.906282947,/novatel/oem7/odom,/novatel/oem7/fix,/novatel/oem7/odom,39.663,-75.756,-1.801906427,0.001299075,-0.001355867,0.000538491,0.001182211,-0.001355867,,,
1786043858910831410,1786043858.909400233,/novatel/oem7/bestpos,/novatel/oem7/bestpos,/novatel/oem7/odom,39.663,-75.756,33.180528706,0.001299075,-0.001355867,0.000538491,0.001182211,-0.001355867,,novatel_oem7_msgs.msg.SolutionStatus(status=0),novatel_oem7_msgs.msg.PositionOrVelocityType(type=53)
1786043858912720830,1786043858.910193541,/novatel/oem7/bestvel,/novatel/oem7/bestpos,/novatel/oem7/bestvel,39.663,-75.756,33.180528706,0.001909753,-0.001790331,,,,19.218169775,novatel_oem7_msgs.msg.SolutionStatus(status=0),novatel_oem7_msgs.msg.PositionOrVelocityType(type=53)
1786043858915759850,1786043858.914837978,/novatel/oem7/odom,/novatel/oem7/bestpos,/novatel/oem7/odom,39.663,-75.756,33.180528706,0.001299075,-0.001355867,0.000538491,0.001182211,-0.001355867,,,
1786043858926178083,1786043858.925401575,/novatel/oem7/inspva,/novatel/oem7/inspva,/novatel/oem7/inspva,39.663,-75.756,-1.801900766,0.001069801,-0.001871888,0.000881813,0.000605706,-0.001871888,,novatel_oem7_msgs.msg.InertialSolutionStatus(status=3),
1786043858927931728,1786043858.925671288,/novatel/oem7/fix,/novatel/oem7/fix,/novatel/oem7/inspva,39.663,-75.756,-1.801900766,0.001069801,-0.001871888,0.000881813,0.000605706,-0.001871888,,0,
1786043858929208947,1786043858.926236764,/novatel/oem7/odom,/novatel/oem7/fix,/novatel/oem7/odom,39.663,-75.756,-1.801900766,0.001077827,-0.001867278,0.000658517,0.000853268,-0.001867278,,,
1786043858935544505,1786043858.934878845,/novatel/oem7/odom,/novatel/oem7/fix,/novatel/oem7/odom,39.663,-75.756,-1.801900766,0.001077827,-0.001867278,0.000658517,0.000853268,-0.001867278,,,
1786043858947239407,1786043858.946305608,/novatel/oem7/inspva,/novatel/oem7/inspva,/novatel/oem7/inspva,39.663,-75.756,-1.801873379,0.001161693,-0.001504495,0.000984160,0.000617221,-0.001504495,,novatel_oem7_msgs.msg.InertialSolutionStatus(status=3),
1786043858949253945,1786043858.946560891,/novatel/oem7/fix,/novatel/oem7/fix,/novatel/oem7/inspva,39.663,-75.756,-1.801873379,0.001161693,-0.001504495,0.000984160,0.000617221,-0.001504495,,0,
1786043858950670759,1786043858.947191627,/novatel/oem7/odom,/novatel/oem7/fix,/novatel/oem7/odom,39.663,-75.756,-1.801873379,0.001168035,-0.001499577,0.000674031,0.000953933,-0.001499577,,,
1786043858956750811,1786043858.955914043,/novatel/oem7/odom,/novatel/oem7/fix,/novatel/oem7/odom,39.663,-75.756,-1.801873379,0.001168035,-0.001499577,0.000674031,0.000953933,-0.001499577,,,
1786043858966005628,1786043858.965300964,/novatel/oem7/inspva,/novatel/oem7/inspva,/novatel/oem7/inspva,39.663,-75.756,-1.801868208,0.001371843,-0.001873462,0.001293200,0.000457808,-0.001873462,,novatel_oem7_msgs.msg.InertialSolutionStatus(status=3),
1786043858967750126,1786043858.965526067,/novatel/oem7/fix,/novatel/oem7/fix,/novatel/oem7/inspva,39.663,-75.756,-1.801868208,0.001371843,-0.001873462,0.001293200,0.000457808,-0.001873462,,0,
1786043858968778136,1786043858.966175807,/novatel/oem7/odom,/novatel/oem7/fix,/novatel/oem7/odom,39.663,-75.756,-1.801868208,0.001378902,-0.001868272,0.000532585,0.001271898,-0.001868272,,,
1786043858976561932,1786043858.975617103,/novatel/oem7/odom,/novatel/oem7/fix,/novatel/oem7/odom,39.663,-75.756,-1.801868208,0.001378902,-0.001868272,0.000532585,0.001271898,-0.001868272,,,
1786043858985830803,1786043858.985061629,/novatel/oem7/inspva,/novatel/oem7/inspva,/novatel/oem7/inspva,39.663,-75.756,-1.801840743,0.001338669,-0.001741470,0.001238059,0.000509161,-0.001741470,,novatel_oem7_msgs.msg.InertialSolutionStatus(status=3),
1786043858987646558,1786043858.985316345,/novatel/oem7/fix,/novatel/oem7/fix,/novatel/oem7/inspva,39.663,-75.756,-1.801840743,0.001338669,-0.001741470,0.001238059,0.000509161,-0.001741470,,0,
1786043858989016915,1786043858.985646715,/novatel/oem7/odom,/novatel/oem7/fix,/novatel/oem7/odom,39.663,-75.756,-1.801840743,0.001345437,-0.001736246,0.000580444,0.001213790,-0.001736246,,,
1786043858995249799,1786043858.994433140,/novatel/oem7/odom,/novatel/oem7/fix,/novatel/oem7/odom,39.663,-75.756,-1.801840743,0.001345437,-0.001736246,0.000580444,0.001213790,-0.001736246,,,
1786043859009154370,1786043859.008376109,/novatel/oem7/inspva,/novatel/oem7/inspva,/novatel/oem7/inspva,39.663,-75.756,-1.801829936,0.001401007,-0.001243216,0.001371432,0.000286349,-0.001243216,,novatel_oem7_msgs.msg.InertialSolutionStatus(status=3),
1786043859011255815,1786043859.008609898,/novatel/oem7/fix,/novatel/oem7/fix,/novatel/oem7/inspva,39.663,-75.756,-1.801829936,0.001401007,-0.001243216,0.001371432,0.000286349,-0.001243216,,0,
1786043859013189945,1786043859.011285149,/novatel/oem7/odom,/novatel/oem7/fix,/novatel/oem7/odom,39.663,-75.756,-1.801829936,0.001405242,-0.001238428,0.000363140,0.001357510,-0.001238428,,,
1786043859017070281,1786043859.016243169,/novatel/oem7/odom,/novatel/oem7/fix,/novatel/oem7/odom,39.663,-75.756,-1.801829936,0.001405242,-0.001238428,0.000363140,0.001357510,-0.001238428,,,
1786043859025614224,1786043859.024792163,/novatel/oem7/bestpos,/novatel/oem7/bestpos,/novatel/oem7/odom,39.663,-75.756,33.180604648,0.001405242,-0.001238428,0.000363140,0.001357510,-0.001238428,,novatel_oem7_msgs.msg.SolutionStatus(status=0),novatel_oem7_msgs.msg.PositionOrVelocityType(type=53)
1786043859027372042,1786043859.025554124,/novatel/oem7/bestvel,/novatel/oem7/bestpos,/novatel/oem7/bestvel,39.663,-75.756,33.180604648,0.001615997,-0.001497604,,,,24.507567378,novatel_oem7_msgs.msg.SolutionStatus(status=0),novatel_oem7_msgs.msg.PositionOrVelocityType(type=53)
1786043859028594335,1786043859.026609721,/novatel/oem7/inspva,/novatel/oem7/inspva,/novatel/oem7/inspva,39.663,-75.756,-1.801804878,0.001447434,-0.001234792,0.001268042,0.000697951,-0.001234792,,novatel_oem7_msgs.msg.InertialSolutionStatus(status=3),
1786043859030243548,1786043859.026824967,/novatel/oem7/fix,/novatel/oem7/fix,/novatel/oem7/inspva,39.663,-75.756,-1.801804878,0.001447434,-0.001234792,0.001268042,0.000697951,-0.001234792,,0,
1786043859031640042,1786043859.027410346,/novatel/oem7/odom,/novatel/oem7/fix,/novatel/oem7/odom,39.663,-75.756,-1.801804878,0.001452524,-0.001228801,0.000768641,0.001232484,-0.001228801,,,
1786043859036260959,1786043859.035589083,/novatel/oem7/odom,/novatel/oem7/fix,/novatel/oem7/odom,39.663,-75.756,-1.801804878,0.001452524,-0.001228801,0.000768641,0.001232484,-0.001228801,,,
1786043859046557407,1786043859.045412793,/novatel/oem7/inspva,/novatel/oem7/inspva,/novatel/oem7/inspva,39.663,-75.756,-1.801783639,0.001528457,-0.001602602,0.001356489,0.000704356,-0.001602602,,novatel_oem7_msgs.msg.InertialSolutionStatus(status=3),
1786043859048760767,1786043859.045756212,/novatel/oem7/fix,/novatel/oem7/fix,/novatel/oem7/inspva,39.663,-75.756,-1.801783639,0.001528457,-0.001602602,0.001356489,0.000704356,-0.001602602,,0,
1786043859050217084,1786043859.046471100,/novatel/oem7/odom,/novatel/oem7/fix,/novatel/oem7/odom,39.663,-75.756,-1.801783639,0.001534983,-0.001596353,0.000781113,0.001321376,-0.001596353,,,
1786043859057277079,1786043859.056415861,/novatel/oem7/odom,/novatel/oem7/fix,/novatel/oem7/odom,39.663,-75.756,-1.801783639,0.001534983,-0.001596353,0.000781113,0.001321376,-0.001596353,,,
1786043859066662995,1786043859.066106433,/novatel/oem7/inspva,/novatel/oem7/inspva,/novatel/oem7/inspva,39.663,-75.756,-1.801762908,0.001609603,-0.001704231,0.001304512,0.000942904,-0.001704231,,novatel_oem7_msgs.msg.InertialSolutionStatus(status=3),
1786043859067976828,1786043859.066271771,/novatel/oem7/fix,/novatel/oem7/fix,/novatel/oem7/inspva,39.663,-75.756,-1.801762908,0.001609603,-0.001704231,0.001304512,0.000942904,-0.001704231,,0,
1786043859069014856,1786043859.066746069,/novatel/oem7/odom,/novatel/oem7/fix,/novatel/oem7/odom,39.663,-75.756,-1.801762908,0.001616954,-0.001697258,0.001016959,0.001257113,-0.001697258,,,
1786043859076112188,1786043859.074677280,/novatel/oem7/odom,/novatel/oem7/fix,/novatel/oem7/odom,39.663,-75.756,-1.801762908,0.001616954,-0.001697258,0.001016959,0.001257113,-0.001697258,,,
1786043859086562357,1786043859.085738636,/novatel/oem7/inspva,/novatel/oem7/inspva,/novatel/oem7/inspva,39.663,-75.756,-1.801744743,0.001666616,-0.000929524,0.001568290,0.000563981,-0.000929524,,novatel_oem7_msgs.msg.InertialSolutionStatus(status=3),
1786043859088990479,1786043859.085978951,/novatel/oem7/fix,/novatel/oem7/fix,/novatel/oem7/inspva,39.663,-75.756,-1.801744743,0.001666616,-0.000929524,0.001568290,0.000563981,-0.000929524,,0,
1786043859090717370,1786043859.086656732,/novatel/oem7/odom,/novatel/oem7/fix,/novatel/oem7/odom,39.663,-75.756,-1.801744743,0.001670122,-0.000923210,0.000649601,0.001538612,-0.000923210,,,
1786043859096278330,1786043859.095565626,/novatel/oem7/odom,/novatel/oem7/fix,/novatel/oem7/odom,39.663,-75.756,-1.801744743,0.001670122,-0.000923210,0.000649601,0.001538612,-0.000923210,,,
1786043859107179451,1786043859.106196781,/novatel/oem7/inspva,/novatel/oem7/inspva,/novatel/oem7/inspva,39.663,-75.756,-1.801725865,0.001538723,-0.001362026,0.001262653,0.000879419,-0.001362026,,novatel_oem7_msgs.msg.InertialSolutionStatus(status=3),
1786043859109529245,1786043859.106491177,/novatel/oem7/fix,/novatel/oem7/fix,/novatel/oem7/inspva,39.663,-75.756,-1.801725865,0.001538723,-0.001362026,0.001262653,0.000879419,-0.001362026,,0,
1786043859111195155,1786043859.106816987,/novatel/oem7/odom,/novatel/oem7/fix,/novatel/oem7/odom,39.663,-75.756,-1.801725865,0.001544561,-0.001355402,0.000950064,0.001217805,-0.001355402,,,
1786043859113503188,1786043859.109379129,/novatel/oem7/bestpos,/novatel/oem7/bestpos,/novatel/oem7/odom,39.663,-75.756,33.180734891,0.001544561,-0.001355402,0.000950064,0.001217805,-0.001355402,,novatel_oem7_msgs.msg.SolutionStatus(status=0),novatel_oem7_msgs.msg.PositionOrVelocityType(type=53)
1786043859114942483,1786043859.110082550,/novatel/oem7/bestvel,/novatel/oem7/bestpos,/novatel/oem7/bestvel,39.663,-75.756,33.180734891,0.001593443,-0.001410756,,,,38.678494993,novatel_oem7_msgs.msg.SolutionStatus(status=0),novatel_oem7_msgs.msg.PositionOrVelocityType(type=53)
1786043859117433105,1786043859.114336433,/novatel/oem7/odom,/novatel/oem7/bestpos,/novatel/oem7/odom,39.663,-75.756,33.180734891,0.001544561,-0.001355402,0.000950064,0.001217805,-0.001355402,,,
1786043859127382279,1786043859.126552974,/novatel/oem7/inspva,/novatel/oem7/inspva,/novatel/oem7/inspva,39.663,-75.756,-1.801706257,0.001879452,-0.000786965,0.001673759,0.000854910,-0.000786965,,novatel_oem7_msgs.msg.InertialSolutionStatus(status=3),
1786043859129025876,1786043859.126771973,/novatel/oem7/fix,/novatel/oem7/fix,/novatel/oem7/inspva,39.663,-75.756,-1.801706257,0.001879452,-0.000786965,0.001673759,0.000854910,-0.000786965,,0,
1786043859130349516,1786043859.127216394,/novatel/oem7/odom,/novatel/oem7/fix,/novatel/oem7/odom,39.663,-75.756,-1.801706257,0.001882643,-0.000779300,0.000945187,0.001628179,-0.000779300,,,
1786043859136099468,1786043859.135324356,/novatel/oem7/odom,/novatel/oem7/fix,/novatel/oem7/odom,39.663,-75.756,-1.801706257,0.001882643,-0.000779300,0.000945187,0.001628179,-0.000779300,,,
1786043859145707589,1786043859.144875654,/novatel/oem7/inspva,/novatel/oem7/inspva,/novatel/oem7/inspva,39.663,-75.756,-1.801683875,0.001465720,-0.000957873,0.001144811,0.000915283,-0.000957873,,novatel_oem7_msgs.msg.InertialSolutionStatus(status=3),
1786043859148096507,1786043859.145113200,/novatel/oem7/fix,/novatel/oem7/fix,/novatel/oem7/inspva,39.663,-75.756,-1.801683875,0.001465720,-0.000957873,0.001144811,0.000915283,-0.000957873,,0,
1786043859150052043,1786043859.145487883,/novatel/oem7/odom,/novatel/oem7/fix,/novatel/oem7/odom,39.663,-75.756,-1.801683875,0.001469910,-0.000951429,0.000978144,0.001097211,-0.000951429,,,
1786043859156650454,1786043859.155661585,/novatel/oem7/odom,/novatel/oem7/fix,/novatel/oem7/odom,39.663,-75.756,-1.801683875,0.001469910,-0.000951429,0.000978144,0.001097211,-0.000951429,,,
1786043859166550908,1786043859.165386696,/novatel/oem7/inspva,/novatel/oem7/inspva,/novatel/oem7/inspva,39.663,-75.756,-1.801664243,0.001963150,-0.000802083,0.001621588,0.001106531,-0.000802083,,novatel_oem7_msgs.msg.InertialSolutionStatus(status=3),
1786043859168681526,1786043859.165738462,/novatel/oem7/fix,/novatel/oem7/fix,/novatel/oem7/inspva,39.663,-75.756,-1.801664243,0.001963150,-0.000802083,0.001621588,0.001106531,-0.000802083,,0,
1786043859170362599,1786043859.166320415,/novatel/oem7/odom,/novatel/oem7/fix,/novatel/oem7/odom,39.663,-75.756,-1.801664243,0.001966577,-0.000793644,0.001193772,0.001562797,-0.000793644,,,
1786043859175950723,1786043859.175025887,/novatel/oem7/odom,/novatel/oem7/fix,/novatel/oem7/odom,39.663,-75.756,-1.801664243,0.001966577,-0.000793644,0.001193772,0.001562797,-0.000793644,,,
1786043859186964085,1786043859.186204567,/novatel/oem7/inspva,/novatel/oem7/inspva,/novatel/oem7/inspva,39.663,-75.756,-1.801637688,0.001582351,-0.000716741,0.001312029,0.000884542,-0.000716741,,novatel_oem7_msgs.msg.InertialSolutionStatus(status=3),
1786043859188497828,1786043859.186410803,/novatel/oem7/fix,/novatel/oem7/fix,/novatel/oem7/inspva,39.663,-75.756,-1.801637688,0.001582351,-0.000716741,0.001312029,0.000884542,-0.000716741,,0,
1786043859189642855,1786043859.186990532,/novatel/oem7/odom,/novatel/oem7/fix,/novatel/oem7/odom,39.663,-75.756,-1.801637688,0.001585403,-0.000709965,0.000955397,0.001265196,-0.000709965,,,
1786043859195847145,1786043859.194870716,/novatel/oem7/odom,/novatel/oem7/fix,/novatel/oem7/odom,39.663,-75.756,-1.801637688,0.001585403,-0.000709965,0.000955397,0.001265196,-0.000709965,,,
1786043859207467453,1786043859.206539381,/novatel/oem7/inspva,/novatel/oem7/inspva,/novatel/oem7/inspva,39.663,-75.756,-1.801617280,0.001942869,-0.000756827,0.001573501,0.001139664,-0.000756827,,novatel_oem7_msgs.msg.InertialSolutionStatus(status=3),
1786043859209494164,1786043859.206781380,/novatel/oem7/fix,/novatel/oem7/fix,/novatel/oem7/inspva,39.663,-75.756,-1.801617280,0.001942869,-0.000756827,0.001573501,0.001139664,-0.000756827,,0,
1786043859211082140,1786043859.207210714,/novatel/oem7/odom,/novatel/oem7/fix,/novatel/oem7/odom,39.663,-75.756,-1.801617280,0.001946124,-0.000748417,0.001224137,0.001512906,-0.000748417,,,
1786043859213477038,1786043859.210395206,/novatel/oem7/bestpos,/novatel/oem7/bestpos,/novatel/oem7/odom,39.663,-75.756,33.180838082,0.001946124,-0.000748417,0.001224137,0.001512906,-0.000748417,,novatel_oem7_msgs.msg.SolutionStatus(status=0),novatel_oem7_msgs.msg.PositionOrVelocityType(type=53)
1786043859214985437,1786043859.210859991,/novatel/oem7/bestvel,/novatel/oem7/bestpos,/novatel/oem7/bestvel,39.663,-75.756,33.180838082,0.001801125,-0.000647521,,,,46.671987088,novatel_oem7_msgs.msg.SolutionStatus(status=0),novatel_oem7_msgs.msg.PositionOrVelocityType(type=53)
1786043859217313107,1786043859.215533574,/novatel/oem7/odom,/novatel/oem7/bestpos,/novatel/oem7/odom,39.663,-75.756,33.180838082,0.001946124,-0.000748417,0.001224137,0.001512906,-0.000748417,,,
1786043859226236297,1786043859.225387139,/novatel/oem7/inspva,/novatel/oem7/inspva,/novatel/oem7/inspva,39.663,-75.756,-1.801587713,0.001564472,-0.000530455,0.001228976,0.000968087,-0.000530455,,novatel_oem7_msgs.msg.InertialSolutionStatus(status=3),
1786043859228007589,1786043859.225627805,/novatel/oem7/fix,/novatel/oem7/fix,/novatel/oem7/inspva,39.663,-75.756,-1.801587713,0.001564472,-0.000530455,0.001228976,0.000968087,-0.000530455,,0,
1786043859229631399,1786043859.226106713,/novatel/oem7/odom,/novatel/oem7/fix,/novatel/oem7/odom,39.663,-75.756,-1.801587713,0.001566780,-0.000523601,0.001033733,0.001177367,-0.000523601,,,
1786043859235126773,1786043859.234657149,/novatel/oem7/odom,/novatel/oem7/fix,/novatel/oem7/odom,39.663,-75.756,-1.801587713,0.001566780,-0.000523601,0.001033733,0.001177367,-0.000523601,,,
1786043859246749076,1786043859.246357442,/novatel/oem7/inspva,/novatel/oem7/inspva,/novatel/oem7/inspva,39.663,-75.756,-1.801564863,0.002192326,-0.000476957,0.001735652,0.001339330,-0.000476957,,novatel_oem7_msgs.msg.InertialSolutionStatus(status=3),
1786043859247610245,1786043859.246601612,/novatel/oem7/fix,/novatel/oem7/fix,/novatel/oem7/inspva,39.663,-75.756,-1.801564863,0.002192326,-0.000476957,0.001735652,0.001339330,-0.000476957,,0,
1786043859248285832,1786043859.247187437,/novatel/oem7/odom,/novatel/oem7/fix,/novatel/oem7/odom,39.663,-75.756,-1.801564863,0.002194386,-0.000467387,0.001431035,0.001663572,-0.000467387,,,
1786043859257753529,1786043859.256973007,/novatel/oem7/odom,/novatel/oem7/fix,/novatel/oem7/odom,39.663,-75.756,-1.801564863,0.002194386,-0.000467387,0.001431035,0.001663572,-0.000467387,,,
1786043859265295209,1786043859.264884761,/novatel/oem7/inspva,/novatel/oem7/inspva,/novatel/oem7/inspva,39.663,-75.756,-1.801536187,0.001506973,-0.000478931,0.001272746,0.000806899,-0.000478931,,novatel_oem7_msgs.msg.InertialSolutionStatus(status=3),
1786043859265883303,1786043859.265069616,/novatel/oem7/fix,/novatel/oem7/fix,/novatel/oem7/inspva,39.663,-75.756,-1.801536187,0.001506973,-0.000478931,0.001272746,0.000806899,-0.000478931,,0,
1786043859266318143,1786043859.265559681,/novatel/oem7/odom,/novatel/oem7/fix,/novatel/oem7/odom,39.663,-75.756,-1.801536187,0.001508986,-0.000472553,0.000874895,0.001229470,-0.000472553,,,
1786043859275880919,1786043859.275381941,/novatel/oem7/odom,/novatel/oem7/fix,/novatel/oem7/odom,39.663,-75.756,-1.801536187,0.001508986,-0.000472553,0.000874895,0.001229470,-0.000472553,,,
1786043859285969315,1786043859.285379533,/novatel/oem7/inspva,/novatel/oem7/inspva,/novatel/oem7/inspva,39.663,-75.756,-1.801513359,0.002182568,-0.000418010,0.001595910,0.001488851,-0.000418010,,novatel_oem7_msgs.msg.InertialSolutionStatus(status=3),
1786043859287331140,1786043859.285568468,/novatel/oem7/fix,/novatel/oem7/fix,/novatel/oem7/inspva,39.663,-75.756,-1.801513359,0.002182568,-0.000418010,0.001595910,0.001488851,-0.000418010,,0,
1786043859287795277,1786043859.286090276,/novatel/oem7/odom,/novatel/oem7/fix,/novatel/oem7/odom,39.663,-75.756,-1.801513359,0.002184405,-0.000408303,0.001572746,0.001515948,-0.000408303,,,
1786043859295696885,1786043859.295097975,/novatel/oem7/odom,/novatel/oem7/fix,/novatel/oem7/odom,39.663,-75.756,-1.801513359,0.002184405,-0.000408303,0.001572746,0.001515948,-0.000408303,,,
1786043859306775239,1786043859.306345919,/novatel/oem7/inspva,/novatel/oem7/inspva,/novatel/oem7/inspva,39.663,-75.756,-1.801483368,0.001734174,-0.000210866,0.001390468,0.001036320,-0.000210866,,novatel_oem7_msgs.msg.InertialSolutionStatus(status=3),
1786043859307545011,1786043859.306603522,/novatel/oem7/fix,/novatel/oem7/fix,/novatel/oem7/inspva,39.663,-75.756,-1.801483368,0.001734174,-0.000210866,0.001390468,0.001036320,-0.000210866,,0,
1786043859308162886,1786043859.307163271,/novatel/oem7/odom,/novatel/oem7/fix,/novatel/oem7/odom,39.663,-75.756,-1.801483368,0.001735074,-0.000203334,0.001109223,0.001334206,-0.000203334,,,
1786043859309799012,1786043859.309330983,/novatel/oem7/bestpos,/novatel/oem7/bestpos,/novatel/oem7/odom,39.663,-75.756,33.180970699,0.001735074,-0.000203334,0.001109223,0.001334206,-0.000203334,,novatel_oem7_msgs.msg.SolutionStatus(status=0),novatel_oem7_msgs.msg.PositionOrVelocityType(type=53)
1786043859310654200,1786043859.309831605,/novatel/oem7/bestvel,/novatel/oem7/bestpos,/novatel/oem7/bestvel,39.663,-75.756,33.180970699,0.001961998,-0.000389767,,,,38.234057979,novatel_oem7_msgs.msg.SolutionStatus(status=0),novatel_oem7_msgs.msg.PositionOrVelocityType(type=53)
1786043859314858514,1786043859.314397058,/novatel/oem7/odom,/novatel/oem7/bestpos,/novatel/oem7/odom,39.663,-75.756,33.180970699,0.001735074,-0.000203334,0.001109223,0.001334206,-0.000203334,,,
1786043859326236601,1786043859.325342649,/novatel/oem7/inspva,/novatel/oem7/inspva,/novatel/oem7/inspva,39.663,-75.756,-1.801463660,0.001759545,-0.000547241,0.001364207,0.001111277,-0.000547241,,novatel_oem7_msgs.msg.InertialSolutionStatus(status=3),
1786043859328162074,1786043859.325606312,/novatel/oem7/fix,/novatel/oem7/fix,/novatel/oem7/inspva,39.663,-75.756,-1.801463660,0.001759545,-0.000547241,0.001364207,0.001111277,-0.000547241,,0,
1786043859329710367,1786043859.326033122,/novatel/oem7/odom,/novatel/oem7/fix,/novatel/oem7/odom,39.663,-75.756,-1.801463660,0.001761936,-0.000539494,0.001183925,0.001304890,-0.000539494,,,
1786043859336398278,1786043859.335406125,/novatel/oem7/odom,/novatel/oem7/fix,/novatel/oem7/odom,39.663,-75.756,-1.801463660,0.001761936,-0.000539494,0.001183925,0.001304890,-0.000539494,,,
1786043859345851364,1786043859.345114840,/novatel/oem7/inspva,/novatel/oem7/inspva,/novatel/oem7/inspva,39.663,-75.756,-1.801432048,0.001583332,-0.000390171,0.001246677,0.000976082,-0.000390171,,novatel_oem7_msgs.msg.InertialSolutionStatus(status=3),
1786043859347635646,1786043859.345355173,/novatel/oem7/fix,/novatel/oem7/fix,/novatel/oem7/inspva,39.663,-75.756,-1.801432048,0.001583332,-0.000390171,0.001246677,0.000976082,-0.000390171,,0,
1786043859348827438,1786043859.345667611,/novatel/oem7/odom,/novatel/oem7/fix,/novatel/oem7/odom,39.663,-75.756,-1.801432048,0.001585027,-0.000383227,0.001042120,0.001194276,-0.000383227,,,
1786043859356961547,1786043859.355758815,/novatel/oem7/odom,/novatel/oem7/fix,/novatel/oem7/odom,39.663,-75.756,-1.801432048,0.001585027,-0.000383227,0.001042120,0.001194276,-0.000383227,,,
1786043859367458151,1786043859.366626269,/novatel/oem7/inspva,/novatel/oem7/inspva,/novatel/oem7/inspva,39.663,-75.756,-1.801407003,0.002041305,-0.000095046,0.001829725,0.000905003,-0.000095046,,novatel_oem7_msgs.msg.InertialSolutionStatus(status=3),
1786043859369230378,1786043859.366869408,/novatel/oem7/fix,/novatel/oem7/fix,/novatel/oem7/inspva,39.663,-75.756,-1.801407003,0.002041305,-0.000095046,0.001829725,0.000905003,-0.000095046,,0,
1786043859370698470,1786043859.367252758,/novatel/oem7/odom,/novatel/oem7/fix,/novatel/oem7/odom,39.663,-75.756,-1.801407003,0.002041673,-0.000086771,0.001000887,0.001779509,-0.000086771,,,
1786043859376127832,1786043859.375262587,/novatel/oem7/odom,/novatel/oem7/fix,/novatel/oem7/odom,39.663,-75.756,-1.801407003,0.002041673,-0.000086771,0.001000887,0.001779509,-0.000086771,,,
1786043859385695743,1786043859.384971202,/novatel/oem7/inspva,/novatel/oem7/inspva,/novatel/oem7/inspva,39.663,-75.756,-1.801374580,0.001638180,0.000093061,0.001480481,0.000701291,0.000093061,,novatel_oem7_msgs.msg.InertialSolutionStatus(status=3),
1786043859387176351,1786043859.385158814,/novatel/oem7/fix,/novatel/oem7/fix,/novatel/oem7/inspva,39.663,-75.756,-1.801374580,0.001638180,0.000093061,0.001480481,0.000701291,0.000093061,,0,
1786043859388272002,1786043859.385590998,/novatel/oem7/odom,/novatel/oem7/fix,/novatel/oem7/odom,39.663,-75.756,-1.801374580,0.001637791,0.000099668,0.000778290,0.001441050,0.000099668,,,
1786043859396146619,1786043859.395527023,/novatel/oem7/odom,/novatel/oem7/fix,/novatel/oem7/odom,39.663,-75.756,-1.801374580,0.001637791,0.000099668,0.000778290,0.001441050,0.000099668,,,
1786043859407098577,1786043859.406525168,/novatel/oem7/inspva,/novatel/oem7/inspva,/novatel/oem7/inspva,39.663,-75.756,-1.801349830,0.001732102,-0.000164118,0.001355150,0.001078770,-0.000164118,,novatel_oem7_msgs.msg.InertialSolutionStatus(status=3),
1786043859408593882,1786043859.406679872,/novatel/oem7/fix,/novatel/oem7/fix,/novatel/oem7/inspva,39.663,-75.756,-1.801349830,0.001732102,-0.000164118,0.001355150,0.001078770,-0.000164118,,0,
1786043859409698387,1786043859.407268382,/novatel/oem7/odom,/novatel/oem7/fix,/novatel/oem7/odom,39.663,-75.756,-1.801349830,0.001732806,-0.000156505,0.001149561,0.001296582,-0.000156505,,,
1786043859411261176,1786043859.410300103,/novatel/oem7/bestpos,/novatel/oem7/bestpos,/novatel/oem7/odom,39.663,-75.756,33.181094507,0.001732806,-0.000156505,0.001149561,0.001296582,-0.000156505,,novatel_oem7_msgs.msg.SolutionStatus(status=0),novatel_oem7_msgs.msg.PositionOrVelocityType(type=53)
1786043859412719268,1786043859.410653810,/novatel/oem7/bestvel,/novatel/oem7/bestpos,/novatel/oem7/bestvel,39.663,-75.756,33.181094507,0.001531879,-0.000005549,,,,46.506346297,novatel_oem7_msgs.msg.SolutionStatus(status=0),novatel_oem7_msgs.msg.PositionOrVelocityType(type=53)
1786043859415499986,1786043859.414780912,/novatel/oem7/odom,/novatel/oem7/bestpos,/novatel/oem7/odom,39.663,-75.756,33.181094507,0.001732806,-0.000156505,0.001149561,0.001296582,-0.000156505,,,
1786043859427005349,1786043859.426252115,/novatel/oem7/inspva,/novatel/oem7/inspva,/novatel/oem7/inspva,39.663,-75.756,-1.801312182,0.001823438,0.000208788,0.001309863,0.001268537,0.000208788,,novatel_oem7_msgs.msg.InertialSolutionStatus(status=3),
1786043859428726883,1786043859.426497218,/novatel/oem7/fix,/novatel/oem7/fix,/novatel/oem7/inspva,39.663,-75.756,-1.801312182,0.001823438,0.000208788,0.001309863,0.001268537,0.000208788,,0,
1786043859430155968,1786043859.426913272,/novatel/oem7/odom,/novatel/oem7/fix,/novatel/oem7/odom,39.663,-75.756,-1.801312182,0.001822485,0.000216949,0.001335271,0.001240364,0.000216949,,,
1786043859435452462,1786043859.434595823,/novatel/oem7/odom,/novatel/oem7/fix,/novatel/oem7/odom,39.663,-75.756,-1.801312182,0.001822485,0.000216949,0.001335271,0.001240364,0.000216949,,,
1786043859446168258,1786043859.445316149,/novatel/oem7/inspva,/novatel/oem7/inspva,/novatel/oem7/inspva,39.663,-75.756,-1.801287158,0.001719777,-0.000000587,0.001209992,0.001222110,-0.000000587,,novatel_oem7_msgs.msg.InertialSolutionStatus(status=3),
1786043859448244442,1786043859.445566818,/novatel/oem7/fix,/novatel/oem7/fix,/novatel/oem7/inspva,39.663,-75.756,-1.801287158,0.001719777,-0.000000587,0.001209992,0.001222110,-0.000000587,,0,
1786043859449545512,1786043859.446070113,/novatel/oem7/odom,/novatel/oem7/fix,/novatel/oem7/odom,39.663,-75.756,-1.801287158,0.001719762,0.000007144,0.001284415,0.001143617,0.000007144,,,
1786043859457394902,1786043859.456436745,/novatel/oem7/odom,/novatel/oem7/fix,/novatel/oem7/odom,39.663,-75.756,-1.801287158,0.001719762,0.000007144,0.001284415,0.001143617,0.000007144,,,
1786043859465915022,1786043859.465137914,/novatel/oem7/inspva,/novatel/oem7/inspva,/novatel/oem7/inspva,39.663,-75.756,-1.801249104,0.001775267,0.000062152,0.001235733,0.001274573,0.000062152,,novatel_oem7_msgs.msg.InertialSolutionStatus(status=3),
1786043859467847591,1786043859.465415874,/novatel/oem7/fix,/novatel/oem7/fix,/novatel/oem7/inspva,39.663,-75.756,-1.801249104,0.001775267,0.000062152,0.001235733,0.001274573,0.000062152,,0,
1786043859469171362,1786043859.465901078,/novatel/oem7/odom,/novatel/oem7/fix,/novatel/oem7/odom,39.663,-75.756,-1.801249104,0.001774970,0.000070134,0.001337932,0.001166386,0.000070134,,,
1786043859475228266,1786043859.474403611,/novatel/oem7/odom,/novatel/oem7/fix,/novatel/oem7/odom,39.663,-75.756,-1.801249104,0.001774970,0.000070134,0.001337932,0.001166386,0.000070134,,,
1786043859486826016,1786043859.486208028,/novatel/oem7/inspva,/novatel/oem7/inspva,/novatel/oem7/inspva,39.663,-75.756,-1.801216867,0.001632448,0.000326046,0.001334395,0.000940360,0.000326046,,novatel_oem7_msgs.msg.InertialSolutionStatus(status=3),
1786043859487639138,1786043859.486460184,/novatel/oem7/fix,/novatel/oem7/fix,/novatel/oem7/inspva,39.663,-75.756,-1.801216867,0.001632448,0.000326046,0.001334395,0.000940360,0.000326046,,0,
1786043859488154923,1786043859.486932335,/novatel/oem7/odom,/novatel/oem7/fix,/novatel/oem7/odom,39.663,-75.756,-1.801216867,0.001631028,0.000333077,0.001008427,0.001281923,0.000333077,,,
1786043859495101723,1786043859.494585830,/novatel/oem7/odom,/novatel/oem7/fix,/novatel/oem7/odom,39.663,-75.756,-1.801216867,0.001631028,0.000333077,0.001008427,0.001281923,0.000333077,,,
1786043859506680956,1786043859.506007126,/novatel/oem7/inspva,/novatel/oem7/inspva,/novatel/oem7/inspva,39.663,-75.756,-1.801180065,0.001867331,0.000240428,0.001599405,0.000963758,0.000240428,,novatel_oem7_msgs.msg.InertialSolutionStatus(status=3),
1786043859507685716,1786043859.506171434,/novatel/oem7/fix,/novatel/oem7/fix,/novatel/oem7/inspva,39.663,-75.756,-1.801180065,0.001867331,0.000240428,0.001599405,0.000963758,0.000240428,,0,
1786043859508153559,1786043859.506767224,/novatel/oem7/odom,/novatel/oem7/fix,/novatel/oem7/odom,39.663,-75.756,-1.801180065,0.001866304,0.000248275,0.001046154,0.001545526,0.000248275,,,
1786043859511766494,1786043859.511252050,/novatel/oem7/bestpos,/novatel/oem7/bestpos,/novatel/oem7/odom,39.663,-75.756,33.181268307,0.001866304,0.000248275,0.001046154,0.001545526,0.000248275,,novatel_oem7_msgs.msg.SolutionStatus(status=0),novatel_oem7_msgs.msg.PositionOrVelocityType(type=53)
1786043859512449523,1786043859.512091061,/novatel/oem7/bestvel,/novatel/oem7/bestpos,/novatel/oem7/bestvel,39.663,-75.756,33.181268307,0.001841918,0.000358203,,,,17.557303356,novatel_oem7_msgs.msg.SolutionStatus(status=0),novatel_oem7_msgs.msg.PositionOrVelocityType(type=53)
1786043859515746933,1786043859.515416126,/novatel/oem7/odom,/novatel/oem7/bestpos,/novatel/oem7/odom,39.663,-75.756,33.181268307,0.001866304,0.000248275,0.001046154,0.001545526,0.000248275,,,
1786043859526744873,1786043859.526442194,/novatel/oem7/inspva,/novatel/oem7/inspva,/novatel/oem7/inspva,39.663,-75.756,-1.801152196,0.001904131,-0.000001031,0.001426390,0.001261398,-0.000001031,,novatel_oem7_msgs.msg.InertialSolutionStatus(status=3),
1786043859527447854,1786043859.526611726,/novatel/oem7/fix,/novatel/oem7/fix,/novatel/oem7/inspva,39.663,-75.756,-1.801152196,0.001904131,-0.000001031,0.001426390,0.001261398,-0.000001031,,0,
1786043859527924858,1786043859.526974833,/novatel/oem7/odom,/novatel/oem7/fix,/novatel/oem7/odom,39.663,-75.756,-1.801152196,0.001904116,0.000007421,0.001335123,0.001357610,0.000007421,,,
1786043859535745375,1786043859.535037231,/novatel/oem7/odom,/novatel/oem7/fix,/novatel/oem7/odom,39.663,-75.756,-1.801152196,0.001904116,0.000007421,0.001335123,0.001357610,0.000007421,,,
1786043859546341363,1786043859.545935282,/novatel/oem7/inspva,/novatel/oem7/inspva,/novatel/oem7/inspva,39.663,-75.756,-1.801114335,0.002111971,0.000090405,0.001818806,0.001073483,0.000090405,,novatel_oem7_msgs.msg.InertialSolutionStatus(status=3),
1786043859547009766,1786043859.546092767,/novatel/oem7/fix,/novatel/oem7/fix,/novatel/oem7/inspva,39.663,-75.756,-1.801114335,0.002111971,0.000090405,0.001818806,0.001073483,0.000090405,,0,
1786043859547525407,1786043859.546577585,/novatel/oem7/odom,/novatel/oem7/fix,/novatel/oem7/odom,39.663,-75.756,-1.801114335,0.002111574,0.000099241,0.001167897,0.001759194,0.000099241,,,
1786043859556230492,1786043859.555884055,/novatel/oem7/odom,/novatel/oem7/fix,/novatel/oem7/odom,39.663,-75.756,-1.801114335,0.002111574,0.000099241,0.001167897,0.001759194,0.000099241,,,
1786043859565354783,1786043859.565040683,/novatel/oem7/inspva,/novatel/oem7/inspva,/novatel/oem7/inspva,39.663,-75.756,-1.801086062,0.001874869,0.000139625,0.001445300,0.001194254,0.000139625,,novatel_oem7_msgs.msg.InertialSolutionStatus(status=3),
1786043859566090962,1786043859.565203108,/novatel/oem7/fix,/novatel/oem7/fix,/novatel/oem7/inspva,39.663,-75.756,-1.801086062,0.001874869,0.000139625,0.001445300,0.001194254,0.000139625,,0,
1786043859566612620,1786043859.565693959,/novatel/oem7/odom,/novatel/oem7/fix,/novatel/oem7/odom,39.663,-75.756,-1.801086062,0.001874236,0.000147883,0.001268547,0.001379692,0.000147883,,,
1786043859575680768,1786043859.575337725,/novatel/oem7/odom,/novatel/oem7/fix,/novatel/oem7/odom,39.663,-75.756,-1.801086062,0.001874236,0.000147883,0.001268547,0.001379692,0.000147883,,,
1786043859585998042,1786043859.585325433,/novatel/oem7/inspva,/novatel/oem7/inspva,/novatel/oem7/inspva,39.663,-75.756,-1.801051482,0.002117166,-0.000023990,0.001746184,0.001197177,-0.000023990,,novatel_oem7_msgs.msg.InertialSolutionStatus(status=3),
1786043859586874281,1786043859.586205283,/novatel/oem7/fix,/novatel/oem7/fix,/novatel/oem7/inspva,39.663,-75.756,-1.801051482,0.002117166,-0.000023990,0.001746184,0.001197177,-0.000023990,,0,
1786043859587844863,1786043859.587255362,/novatel/oem7/odom,/novatel/oem7/fix,/novatel/oem7/odom,39.663,-75.756,-1.801051482,0.002117249,-0.000014908,0.001288012,0.001680408,-0.000014908,,,
1786043859595044268,1786043859.594633639,/novatel/oem7/odom,/novatel/oem7/fix,/novatel/oem7/odom,39.663,-75.756,-1.801051482,0.002117249,-0.000014908,0.001288012,0.001680408,-0.000014908,,,
1786043859606306576,1786043859.605740353,/novatel/oem7/inspva,/novatel/oem7/inspva,/novatel/oem7/inspva,39.663,-75.756,-1.801023011,0.001956910,0.000002839,0.001754558,0.000866616,0.000002839,,novatel_oem7_msgs.msg.InertialSolutionStatus(status=3),
1786043859607742807,1786043859.605823131,/novatel/oem7/fix,/novatel/oem7/fix,/novatel/oem7/inspva,39.663,-75.756,-1.801023011,0.001956910,0.000002839,0.001754558,0.000866616,0.000002839,,0,
1786043859608848495,1786043859.606645500,/novatel/oem7/odom,/novatel/oem7/fix,/novatel/oem7/odom,39.663,-75.756,-1.801023011,0.001956882,0.000010762,0.000958255,0.001706205,0.000010762,,,
1786043859610838448,1786043859.610190894,/novatel/oem7/bestpos,/novatel/oem7/bestpos,/novatel/oem7/odom,39.663,-75.756,33.181424516,0.001956882,0.000010762,0.000958255,0.001706205,0.000010762,,novatel_oem7_msgs.msg.SolutionStatus(status=0),novatel_oem7_msgs.msg.PositionOrVelocityType(type=53)
1786043859612293970,1786043859.610594453,/novatel/oem7/bestvel,/novatel/oem7/bestpos,/novatel/oem7/bestvel,39.663,-75.756,33.181424516,0.001878125,0.000110016,,,,20.184600780,novatel_oem7_msgs.msg.SolutionStatus(status=0),novatel_oem7_msgs.msg.PositionOrVelocityType(type=53)
1786043859616067939,1786043859.615380452,/novatel/oem7/odom,/novatel/oem7/bestpos,/novatel/oem7/odom,39.663,-75.756,33.181424516,0.001956882,0.000010762,0.000958255,0.001706205,0.000010762,,,
1786043859625842201,1786043859.625271142,/novatel/oem7/inspva,/novatel/oem7/inspva,/novatel/oem7/inspva,39.663,-75.756,-1.800988480,0.002102960,-0.000112190,0.001744584,0.001174251,-0.000112190,,novatel_oem7_msgs.msg.InertialSolutionStatus(status=3),
1786043859627258486,1786043859.625443251,/novatel/oem7/fix,/novatel/oem7/fix,/novatel/oem7/inspva,39.663,-75.756,-1.800988480,0.002102960,-0.000112190,0.001744584,0.001174251,-0.000112190,,0,
1786043859628399164,1786043859.625796341,/novatel/oem7/odom,/novatel/oem7/fix,/novatel/oem7/odom,39.663,-75.756,-1.800988480,0.002103421,-0.000103180,0.001265349,0.001680260,-0.000103180,,,
1786043859635212703,1786043859.634573640,/novatel/oem7/odom,/novatel/oem7/fix,/novatel/oem7/odom,39.663,-75.756,-1.800988480,0.002103421,-0.000103180,0.001265349,0.001680260,-0.000103180,,,
1786043859646305606,1786043859.645760777,/novatel/oem7/inspva,/novatel/oem7/inspva,/novatel/oem7/inspva,39.663,-75.756,-1.800960518,0.001990236,0.000154177,0.001558492,0.001237797,0.000154177,,novatel_oem7_msgs.msg.InertialSolutionStatus(status=3),
1786043859648005493,1786043859.645920279,/novatel/oem7/fix,/novatel/oem7/fix,/novatel/oem7/inspva,39.663,-75.756,-1.800960518,0.001990236,0.000154177,0.001558492,0.001237797,0.000154177,,0,
1786043859649413668,1786043859.646576826,/novatel/oem7/odom,/novatel/oem7/fix,/novatel/oem7/odom,39.663,-75.756,-1.800960518,0.001989540,0.000162908,0.001317952,0.001490393,0.000162908,,,
1786043859657774890,1786043859.656907048,/novatel/oem7/odom,/novatel/oem7/fix,/novatel/oem7/odom,39.663,-75.756,-1.800960518,0.001989540,0.000162908,0.001317952,0.001490393,0.000162908,,,
1786043859665813847,1786043859.665061897,/novatel/oem7/inspva,/novatel/oem7/inspva,/novatel/oem7/inspva,39.663,-75.756,-1.800926090,0.002322846,0.000252447,0.001845724,0.001410289,0.000252447,,novatel_oem7_msgs.msg.InertialSolutionStatus(status=3),
1786043859667615066,1786043859.665276862,/novatel/oem7/fix,/novatel/oem7/fix,/novatel/oem7/inspva,39.663,-75.756,-1.800926090,0.002322846,0.000252447,0.001845724,0.001410289,0.000252447,,0,
1786043859669151955,1786043859.665817348,/novatel/oem7/odom,/novatel/oem7/fix,/novatel/oem7/odom,39.663,-75.756,-1.800926090,0.002321724,0.000262562,0.001505044,0.001767836,0.000262562,,,
1786043859675383349,1786043859.674724202,/novatel/oem7/odom,/novatel/oem7/fix,/novatel/oem7/odom,39.663,-75.756,-1.800926090,0.002321724,0.000262562,0.001505044,0.001767836,0.000262562,,,
1786043859685865475,1786043859.685296449,/novatel/oem7/inspva,/novatel/oem7/inspva,/novatel/oem7/inspva,39.663,-75.756,-1.800898707,0.001916111,0.000030682,0.001556589,0.001117367,0.000030682,,novatel_oem7_msgs.msg.InertialSolutionStatus(status=3),
1786043859687242952,1786043859.685472557,/novatel/oem7/fix,/novatel/oem7/fix,/novatel/oem7/inspva,39.663,-75.756,-1.800898707,0.001916111,0.000030682,0.001556589,0.001117367,0.000030682,,0,
1786043859688345397,1786043859.686044967,/novatel/oem7/odom,/novatel/oem7/fix,/novatel/oem7/odom,39.663,-75.756,-1.800898707,0.001915961,0.000038947,0.001198067,0.001495173,0.000038947,,,
1786043859695731722,1786043859.695063244,/novatel/oem7/odom,/novatel/oem7/fix,/novatel/oem7/odom,39.663,-75.756,-1.800898707,0.001915961,0.000038947,0.001198067,0.001495173,0.000038947,,,
1786043859706638506,1786043859.706045063,/novatel/oem7/inspva,/novatel/oem7/inspva,/novatel/oem7/inspva,39.663,-75.756,-1.800859296,0.002119551,0.000333747,0.001634352,0.001349589,0.000333747,,novatel_oem7_msgs.msg.InertialSolutionStatus(status=3),
1786043859707987706,1786043859.706196162,/novatel/oem7/fix,/novatel/oem7/fix,/novatel/oem7/inspva,39.663,-75.756,-1.800859296,0.002119551,0.000333747,0.001634352,0.001349589,0.000333747,,0,
1786043859709122742,1786043859.706888855,/novatel/oem7/odom,/novatel/oem7/fix,/novatel/oem7/odom,39.663,-75.756,-1.800859296,0.002118065,0.000343053,0.001432940,0.001559770,0.000343053,,,
1786043859710737994,1786043859.710005004,/novatel/oem7/bestpos,/novatel/oem7/bestpos,/novatel/oem7/odom,39.663,-75.756,33.181591488,0.002118065,0.000343053,0.001432940,0.001559770,0.000343053,,novatel_oem7_msgs.msg.SolutionStatus(status=0),novatel_oem7_msgs.msg.PositionOrVelocityType(type=53)
1786043859712175496,1786043859.710551316,/novatel/oem7/bestvel,/novatel/oem7/bestpos,/novatel/oem7/bestvel,39.663,-75.756,33.181591488,0.001947920,0.000477226,,,,34.368460300,novatel_oem7_msgs.msg.SolutionStatus(status=0),novatel_oem7_msgs.msg.PositionOrVelocityType(type=53)
1786043859714950797,1786043859.714294951,/novatel/oem7/odom,/novatel/oem7/bestpos,/novatel/oem7/odom,39.663,-75.756,33.181591488,0.002118065,0.000343053,0.001432940,0.001559770,0.000343053,,,
1786043859725521401,1786043859.724946953,/novatel/oem7/inspva,/novatel/oem7/inspva,/novatel/oem7/inspva,39.663,-75.756,-1.800829801,0.001921043,0.000241632,0.001577922,0.001095705,0.000241632,,novatel_oem7_msgs.msg.InertialSolutionStatus(status=3),
1786043859726906266,1786043859.725108344,/novatel/oem7/fix,/novatel/oem7/fix,/novatel/oem7/inspva,39.663,-75.756,-1.800829801,0.001921043,0.000241632,0.001577922,0.001095705,0.000241632,,0,
1786043859727985927,1786043859.725411951,/novatel/oem7/odom,/novatel/oem7/fix,/novatel/oem7/odom,39.663,-75.756,-1.800829801,0.001919988,0.000249874,0.001176760,0.001517099,0.000249874,,,
1786043859736002045,1786043859.735338001,/novatel/oem7/odom,/novatel/oem7/fix,/novatel/oem7/odom,39.663,-75.756,-1.800829801,0.001919988,0.000249874,0.001176760,0.001517099,0.000249874,,,
1786043859745469748,1786043859.744907726,/novatel/oem7/inspva,/novatel/oem7/inspva,/novatel/oem7/inspva,39.663,-75.756,-1.800792600,0.002131200,0.000234222,0.001787091,0.001161171,0.000234222,,novatel_oem7_msgs.msg.InertialSolutionStatus(status=3),
1786043859746880786,1786043859.745074710,/novatel/oem7/fix,/novatel/oem7/fix,/novatel/oem7/inspva,39.663,-75.756,-1.800792600,0.002131200,0.000234222,0.001787091,0.001161171,0.000234222,,0,
1786043859748026694,1786043859.745510778,/novatel/oem7/odom,/novatel/oem7/fix,/novatel/oem7/odom,39.663,-75.756,-1.800792600,0.002130188,0.000243254,0.001253230,0.001722532,0.000243254,,,
1786043859756264314,1786043859.755598751,/novatel/oem7/odom,/novatel/oem7/fix,/novatel/oem7/odom,39.663,-75.756,-1.800792600,0.002130188,0.000243254,0.001253230,0.001722532,0.000243254,,,
1786043859766958973,1786043859.766406447,/novatel/oem7/inspva,/novatel/oem7/inspva,/novatel/oem7/inspva,39.663,-75.756,-1.800761153,0.001887183,0.000575502,0.001475480,0.001176614,0.000575502,,novatel_oem7_msgs.msg.InertialSolutionStatus(status=3),
1786043859768308937,1786043859.766581356,/novatel/oem7/fix,/novatel/oem7/fix,/novatel/oem7/inspva,39.663,-75.756,-1.800761153,0.001887183,0.000575502,0.001475480,0.001176614,0.000575502,,0,
1786043859769407025,1786043859.766895784,/novatel/oem7/odom,/novatel/oem7/fix,/novatel/oem7/odom,39.663,-75.756,-1.800761153,0.001884651,0.000583741,0.001250901,0.001409666,0.000583741,,,
1786043859775282404,1786043859.774581650,/novatel/oem7/odom,/novatel/oem7/fix,/novatel/oem7/odom,39.663,-75.756,-1.800761153,0.001884651,0.000583741,0.001250901,0.001409666,0.000583741,,,
1786043859785544092,1786043859.784981009,/novatel/oem7/inspva,/novatel/oem7/inspva,/novatel/oem7/inspva,39.663,-75.756,-1.800725797,0.001987848,0.000619907,0.001561247,0.001230465,0.000619907,,novatel_oem7_msgs.msg.InertialSolutionStatus(status=3),
1786043859786964136,1786043859.785155481,/novatel/oem7/fix,/novatel/oem7/fix,/novatel/oem7/inspva,39.663,-75.756,-1.800725797,0.001987848,0.000619907,0.001561247,0.001230465,0.000619907,,0,
1786043859788090851,1786043859.785434471,/novatel/oem7/odom,/novatel/oem7/fix,/novatel/oem7/odom,39.663,-75.756,-1.800725797,0.001985123,0.000628578,0.001309051,0.001492346,0.000628578,,,
1786043859795176000,1786043859.794568858,/novatel/oem7/odom,/novatel/oem7/fix,/novatel/oem7/odom,39.663,-75.756,-1.800725797,0.001985123,0.000628578,0.001309051,0.001492346,0.000628578,,,
1786043859807143462,1786043859.806597413,/novatel/oem7/inspva,/novatel/oem7/inspva,/novatel/oem7/inspva,39.663,-75.756,-1.800701629,0.001758242,-0.000086447,0.001395356,0.001069765,-0.000086447,,novatel_oem7_msgs.msg.InertialSolutionStatus(status=3),
1786043859808597349,1786043859.806765465,/novatel/oem7/fix,/novatel/oem7/fix,/novatel/oem7/inspva,39.663,-75.756,-1.800701629,0.001758242,-0.000086447,0.001395356,0.001069765,-0.000086447,,0,
1786043859809711391,1786043859.807231526,/novatel/oem7/odom,/novatel/oem7/fix,/novatel/oem7/odom,39.663,-75.756,-1.800701629,0.001758601,-0.000078811,0.001142444,0.001336973,-0.000078811,,,
1786043859811301914,1786043859.810135079,/novatel/oem7/bestpos,/novatel/oem7/bestpos,/novatel/oem7/odom,39.663,-75.756,33.181752935,0.001758601,-0.000078811,0.001142444,0.001336973,-0.000078811,,novatel_oem7_msgs.msg.SolutionStatus(status=0),novatel_oem7_msgs.msg.PositionOrVelocityType(type=53)
1786043859812311691,1786043859.810611127,/novatel/oem7/bestvel,/novatel/oem7/bestpos,/novatel/oem7/bestvel,39.663,-75.756,33.181752935,0.001553208,0.000136898,,,,22.075870847,novatel_oem7_msgs.msg.SolutionStatus(status=0),novatel_oem7_msgs.msg.PositionOrVelocityType(type=53)
1786043859815523160,1786043859.814831840,/novatel/oem7/odom,/novatel/oem7/bestpos,/novatel/oem7/odom,39.663,-75.756,33.181752935,0.001758601,-0.000078811,0.001142444,0.001336973,-0.000078811,,,
1786043859825936586,1786043859.825365504,/novatel/oem7/inspva,/novatel/oem7/inspva,/novatel/oem7/inspva,39.663,-75.756,-1.800662317,0.001732716,0.000366862,0.001430817,0.000977275,0.000366862,,novatel_oem7_msgs.msg.InertialSolutionStatus(status=3),
1786043859827348400,1786043859.825529619,/novatel/oem7/fix,/novatel/oem7/fix,/novatel/oem7/inspva,39.663,-75.756,-1.800662317,0.001732716,0.000366862,0.001430817,0.000977275,0.000366862,,0,
1786043859828447378,1786043859.825955905,/novatel/oem7/odom,/novatel/oem7/fix,/novatel/oem7/odom,39.663,-75.756,-1.800662317,0.001731138,0.000374236,0.001050264,0.001376149,0.000374236,,,
1786043859835204170,1786043859.834538790,/novatel/oem7/odom,/novatel/oem7/fix,/novatel/oem7/odom,39.663,-75.756,-1.800662317,0.001731138,0.000374236,0.001050264,0.001376149,0.000374236,,,
1786043859846440194,1786043859.845237529,/novatel/oem7/inspva,/novatel/oem7/inspva,/novatel/oem7/inspva,39.663,-75.756,-1.800634098,0.001743950,0.000456646,0.001490669,0.000905133,0.000456646,,novatel_oem7_msgs.msg.InertialSolutionStatus(status=3),
1786043859848617296,1786043859.845598473,/novatel/oem7/fix,/novatel/oem7/fix,/novatel/oem7/inspva,39.663,-75.756,-1.800634098,0.001743950,0.000456646,0.001490669,0.000905133,0.000456646,,0,
1786043859850220703,1786043859.846325240,/novatel/oem7/odom,/novatel/oem7/fix,/novatel/oem7/odom,39.663,-75.756,-1.800634098,0.001742023,0.000463941,0.000981057,0.001439504,0.000463941,,,
1786043859857189820,1786043859.856304818,/novatel/oem7/odom,/novatel/oem7/fix,/novatel/oem7/odom,39.663,-75.756,-1.800634098,0.001742023,0.000463941,0.000981057,0.001439504,0.000463941,,,
1786043859865467211,1786043859.864944759,/novatel/oem7/inspva,/novatel/oem7/inspva,/novatel/oem7/inspva,39.663,-75.756,-1.800596035,0.001726169,0.000628289,0.001517523,0.000822669,0.000628289,,novatel_oem7_msgs.msg.InertialSolutionStatus(status=3),
1786043859866816225,1786043859.865030107,/novatel/oem7/fix,/novatel/oem7/fix,/novatel/oem7/inspva,39.663,-75.756,-1.800596035,0.001726169,0.000628289,0.001517523,0.000822669,0.000628289,,0,
1786043859867892466,1786043859.865505126,/novatel/oem7/odom,/novatel/oem7/fix,/novatel/oem7/odom,39.663,-75.756,-1.800596035,0.001723582,0.000635353,0.000899493,0.001470253,0.000635353,,,
1786043859875524770,1786043859.874528884,/novatel/oem7/odom,/novatel/oem7/fix,/novatel/oem7/odom,39.663,-75.756,-1.800596035,0.001723582,0.000635353,0.000899493,0.001470253,0.000635353,,,
1786043859887380791,1786043859.886649922,/novatel/oem7/inspva,/novatel/oem7/inspva,/novatel/oem7/inspva,39.663,-75.756,-1.800569209,0.001619250,0.000363584,0.001509597,0.000585734,0.000363584,,novatel_oem7_msgs.msg.InertialSolutionStatus(status=3),
1786043859889219906,1786043859.886797323,/novatel/oem7/fix,/novatel/oem7/fix,/novatel/oem7/inspva,39.663,-75.756,-1.800569209,0.001619250,0.000363584,0.001509597,0.000585734,0.000363584,,0,
1786043859890726875,1786043859.887541385,/novatel/oem7/odom,/novatel/oem7/fix,/novatel/oem7/odom,39.663,-75.756,-1.800569209,0.001617842,0.000369796,0.000663459,0.001475546,0.000369796,,,
1786043859895344475,1786043859.894630018,/novatel/oem7/odom,/novatel/oem7/fix,/novatel/oem7/odom,39.663,-75.756,-1.800569209,0.001617842,0.000369796,0.000663459,0.001475546,0.000369796,,,
1786043859907057541,1786043859.905918346,/novatel/oem7/inspva,/novatel/oem7/inspva,/novatel/oem7/inspva,39.663,-75.756,-1.800530164,0.001678883,0.000571012,0.001486085,0.000781151,0.000571012,,novatel_oem7_msgs.msg.InertialSolutionStatus(status=3),
1786043859909245617,1786043859.906220812,/novatel/oem7/fix,/novatel/oem7/fix,/novatel/oem7/inspva,39.663,-75.756,-1.800530164,0.001678883,0.000571012,0.001486085,0.000781151,0.000571012,,0,
1786043859910877226,1786043859.906642205,/novatel/oem7/odom,/novatel/oem7/fix,/novatel/oem7/odom,39.663,-75.756,-1.800530164,0.001676543,0.000577846,0.000856593,0.001441195,0.000577846,,,
1786043859912989101,1786043859.909484635,/novatel/oem7/bestpos,/novatel/oem7/bestpos,/novatel/oem7/odom,39.663,-75.756,33.181924312,0.001676543,0.000577846,0.000856593,0.001441195,0.000577846,,novatel_oem7_msgs.msg.SolutionStatus(status=0),novatel_oem7_msgs.msg.PositionOrVelocityType(type=53)
1786043859914341022,1786043859.910165872,/novatel/oem7/bestvel,/novatel/oem7/bestpos,/novatel/oem7/bestvel,39.663,-75.756,33.181924312,0.001752293,0.000518134,,,,27.292175336,novatel_oem7_msgs.msg.SolutionStatus(status=0),novatel_oem7_msgs.msg.PositionOrVelocityType(type=53)
1786043859916446533,1786043859.914575718,/novatel/oem7/odom,/novatel/oem7/bestpos,/novatel/oem7/odom,39.663,-75.756,33.181924312,0.001676543,0.000577846,0.000856593,0.001441195,0.000577846,,,
1786043859926126308,1786043859.925325176,/novatel/oem7/inspva,/novatel/oem7/inspva,/novatel/oem7/inspva,39.663,-75.756,-1.800499768,0.001380790,0.000705754,0.001269694,0.000542640,0.000705754,,novatel_oem7_msgs.msg.InertialSolutionStatus(status=3),
1786043859927720795,1786043859.925553296,/novatel/oem7/fix,/novatel/oem7/fix,/novatel/oem7/inspva,39.663,-75.756,-1.800499768,0.001380790,0.000705754,0.001269694,0.000542640,0.000705754,,0,
1786043859928878979,1786043859.926131745,/novatel/oem7/odom,/novatel/oem7/fix,/novatel/oem7/odom,39.663,-75.756,-1.800499768,0.001378028,0.000711131,0.000606467,0.001237400,0.000711131,,,
1786043859935967785,1786043859.934879264,/novatel/oem7/odom,/novatel/oem7/fix,/novatel/oem7/odom,39.663,-75.756,-1.800499768,0.001378028,0.000711131,0.000606467,0.001237400,0.000711131,,,
1786043859946364420,1786043859.945452025,/novatel/oem7/inspva,/novatel/oem7/inspva,/novatel/oem7/inspva,39.663,-75.756,-1.800462587,0.001544206,0.000725781,0.001197105,0.000975455,0.000725781,,novatel_oem7_msgs.msg.InertialSolutionStatus(status=3),
1786043859948192393,1786043859.945701544,/novatel/oem7/fix,/novatel/oem7/fix,/novatel/oem7/inspva,39.663,-75.756,-1.800462587,0.001544206,0.000725781,0.001197105,0.000975455,0.000725781,,0,
1786043859949586163,1786043859.946271899,/novatel/oem7/odom,/novatel/oem7/fix,/novatel/oem7/odom,39.663,-75.756,-1.800462587,0.001541025,0.000732511,0.001034757,0.001141944,0.000732511,,,
1786043859956582208,1786043859.955899811,/novatel/oem7/odom,/novatel/oem7/fix,/novatel/oem7/odom,39.663,-75.756,-1.800462587,0.001541025,0.000732511,0.001034757,0.001141944,0.000732511,,,
1786043859966160029,1786043859.965100561,/novatel/oem7/inspva,/novatel/oem7/inspva,/novatel/oem7/inspva,39.663,-75.756,-1.800430705,0.001488439,0.000892081,0.001335513,0.000657157,0.000892081,,novatel_oem7_msgs.msg.InertialSolutionStatus(status=3),
1786043859967986980,1786043859.965482835,/novatel/oem7/fix,/novatel/oem7/fix,/novatel/oem7/inspva,39.663,-75.756,-1.800430705,0.001488439,0.000892081,0.001335513,0.000657157,0.000892081,,0,
1786043859969454042,1786043859.966203316,/novatel/oem7/odom,/novatel/oem7/fix,/novatel/oem7/odom,39.663,-75.756,-1.800430705,0.001484849,0.000898045,0.000723628,0.001296587,0.000898045,,,
1786043859976861090,1786043859.975754138,/novatel/oem7/odom,/novatel/oem7/fix,/novatel/oem7/odom,39.663,-75.756,-1.800430705,0.001484849,0.000898045,0.000723628,0.001296587,0.000898045,,,
1786043859985662764,1786043859.984938963,/novatel/oem7/inspva,/novatel/oem7/inspva,/novatel/oem7/inspva,39.663,-75.756,-1.800394312,0.001464008,0.000935192,0.001148957,0.000907314,0.000935192,,novatel_oem7_msgs.msg.InertialSolutionStatus(status=3),
1786043859987210356,1786043859.985155265,/novatel/oem7/fix,/novatel/oem7/fix,/novatel/oem7/inspva,39.663,-75.756,-1.800394312,0.001464008,0.000935192,0.001148957,0.000907314,0.000935192,,0,
1786043859988253756,1786043859.985664194,/novatel/oem7/odom,/novatel/oem7/fix,/novatel/oem7/odom,39.663,-75.756,-1.800394312,0.001459931,0.000941545,0.000963404,0.001096927,0.000941545,,,
1786043859995655022,1786043859.994536084,/novatel/oem7/odom,/novatel/oem7/fix,/novatel/oem7/odom,39.663,-75.756,-1.800394312,0.001459931,0.000941545,0.000963404,0.001096927,0.000941545,,,
1786043860011105229,1786043860.010282684,/novatel/oem7/inspva,/novatel/oem7/inspva,/novatel/oem7/inspva,39.663,-75.756,-1.800367593,0.001680292,0.000472966,0.001587872,0.000549583,0.000472966,,novatel_oem7_msgs.msg.InertialSolutionStatus(status=3),
1786043860013026388,1786043860.010552067,/novatel/oem7/fix,/novatel/oem7/fix,/novatel/oem7/inspva,39.663,-75.756,-1.800367593,0.001680292,0.000472966,0.001587872,0.000549583,0.000472966,,0,
1786043860014351002,1786043860.011640715,/novatel/oem7/odom,/novatel/oem7/fix,/novatel/oem7/odom,39.663,-75.756,-1.800367593,0.001678513,0.000479239,0.000631132,0.001555339,0.000479239,,,
1786043860016321089,1786043860.015064799,/novatel/oem7/odom,/novatel/oem7/fix,/novatel/oem7/odom,39.663,-75.756,-1.800367593,0.001678513,0.000479239,0.000631132,0.001555339,0.000479239,,,
1786043860026587396,1786043860.025591073,/novatel/oem7/bestpos,/novatel/oem7/bestpos,/novatel/oem7/odom,39.663,-75.756,33.182089575,0.001678513,0.000479239,0.000631132,0.001555339,0.000479239,,novatel_oem7_msgs.msg.SolutionStatus(status=0),novatel_oem7_msgs.msg.PositionOrVelocityType(type=53)
1786043860028759992,1786043860.026498289,/novatel/oem7/bestvel,/novatel/oem7/bestpos,/novatel/oem7/bestvel,39.663,-75.756,33.182089575,0.001757419,0.000363569,,,,26.180239384,novatel_oem7_msgs.msg.SolutionStatus(status=0),novatel_oem7_msgs.msg.PositionOrVelocityType(type=53)
1786043860030327634,1786043860.027515162,/novatel/oem7/inspva,/novatel/oem7/inspva,/novatel/oem7/inspva,39.663,-75.756,-1.800330758,0.001535546,0.000678037,0.001268558,0.000865251,0.000678037,,novatel_oem7_msgs.msg.InertialSolutionStatus(status=3),
1786043860031668415,1786043860.027796292,/novatel/oem7/fix,/novatel/oem7/fix,/novatel/oem7/inspva,39.663,-75.756,-1.800330758,0.001535546,0.000678037,0.001268558,0.000865251,0.000678037,,0,
1786043860033302954,1786043860.028093470,/novatel/oem7/odom,/novatel/oem7/fix,/novatel/oem7/odom,39.663,-75.756,-1.800330758,0.001532648,0.000684562,0.000928685,0.001219243,0.000684562,,,
1786043860036688569,1786043860.035382758,/novatel/oem7/odom,/novatel/oem7/fix,/novatel/oem7/odom,39.663,-75.756,-1.800330758,0.001532648,0.000684562,0.000928685,0.001219243,0.000684562,,,
1786043860046091811,1786043860.045356471,/novatel/oem7/inspva,/novatel/oem7/inspva,/novatel/oem7/inspva,39.663,-75.756,-1.800325065,0.001505242,0.000870760,0.001267239,0.000812315,0.000870760,,novatel_oem7_msgs.msg.InertialSolutionStatus(status=3),
1786043860048104802,1786043860.045612630,/novatel/oem7/fix,/novatel/oem7/fix,/novatel/oem7/inspva,39.663,-75.756,-1.800325065,0.001505242,0.000870760,0.001267239,0.000812315,0.000870760,,0,
1786043860049840370,1786043860.046115859,/novatel/oem7/odom,/novatel/oem7/fix,/novatel/oem7/odom,39.663,-75.756,-1.800325065,0.001501561,0.000877091,0.000875034,0.001220247,0.000877091,,,
1786043860057488104,1786043860.056521228,/novatel/oem7/odom,/novatel/oem7/fix,/novatel/oem7/odom,39.663,-75.756,-1.800325065,0.001501561,0.000877091,0.000875034,0.001220247,0.000877091,,,
1786043860066379408,1786043860.065462518,/novatel/oem7/inspva,/novatel/oem7/inspva,/novatel/oem7/inspva,39.663,-75.756,-1.800334617,0.001571106,0.001011672,0.001232708,0.000974067,0.001011672,,novatel_oem7_msgs.msg.InertialSolutionStatus(status=3),
1786043860068533600,1786043860.065745974,/novatel/oem7/fix,/novatel/oem7/fix,/novatel/oem7/inspva,39.663,-75.756,-1.800334617,0.001571106,0.001011672,0.001232708,0.000974067,0.001011672,,0,
1786043860070192906,1786043860.066198749,/novatel/oem7/odom,/novatel/oem7/fix,/novatel/oem7/odom,39.663,-75.756,-1.800334617,0.001566685,0.001018505,0.001034203,0.001176830,0.001018505,,,
1786043860075757486,1786043860.074901914,/novatel/oem7/odom,/novatel/oem7/fix,/novatel/oem7/odom,39.663,-75.756,-1.800334617,0.001566685,0.001018505,0.001034203,0.001176830,0.001018505,,,
1786043860086311173,1786043860.085602063,/novatel/oem7/inspva,/novatel/oem7/inspva,/novatel/oem7/inspva,39.663,-75.756,-1.800343867,0.001590843,0.000344915,0.001244540,0.000990909,0.000344915,,novatel_oem7_msgs.msg.InertialSolutionStatus(status=3),
1786043860087946267,1786043860.085800082,/novatel/oem7/fix,/novatel/oem7/fix,/novatel/oem7/inspva,39.663,-75.756,-1.800343867,0.001590843,0.000344915,0.001244540,0.000990909,0.000344915,,0,
1786043860089070778,1786043860.086643967,/novatel/oem7/odom,/novatel/oem7/fix,/novatel/oem7/odom,39.663,-75.756,-1.800343867,0.001589322,0.000351853,0.001054120,0.001189443,0.000351853,,,
1786043860097040600,1786043860.095913511,/novatel/oem7/odom,/novatel/oem7/fix,/novatel/oem7/odom,39.663,-75.756,-1.800343867,0.001589322,0.000351853,0.001054120,0.001189443,0.000351853,,,
1786043860106784739,1786043860.105961570,/novatel/oem7/inspva,/novatel/oem7/inspva,/novatel/oem7/inspva,39.663,-75.756,-1.800350108,0.001828144,0.000510877,0.001138599,0.001430280,0.000510877,,novatel_oem7_msgs.msg.InertialSolutionStatus(status=3),
1786043860108619607,1786043860.106217096,/novatel/oem7/fix,/novatel/oem7/fix,/novatel/oem7/inspva,39.663,-75.756,-1.800350108,0.001828144,0.000510877,0.001138599,0.001430280,0.000510877,,0,
1786043860110197413,1786043860.106562400,/novatel/oem7/odom,/novatel/oem7/fix,/novatel/oem7/odom,39.663,-75.756,-1.800350108,0.001825832,0.000519077,0.001486658,0.001059959,0.000519077,,,
1786043860112380662,1786043860.109513376,/novatel/oem7/bestpos,/novatel/oem7/bestpos,/novatel/oem7/odom,39.663,-75.756,33.182124625,0.001825832,0.000519077,0.001486658,0.001059959,0.000519077,,novatel_oem7_msgs.msg.SolutionStatus(status=0),novatel_oem7_msgs.msg.PositionOrVelocityType(type=53)
1786043860113782330,1786043860.110298911,/novatel/oem7/bestvel,/novatel/oem7/bestpos,/novatel/oem7/bestvel,39.663,-75.756,33.182124625,0.001641636,0.000639374,,,,35.736019903,novatel_oem7_msgs.msg.SolutionStatus(status=0),novatel_oem7_msgs.msg.PositionOrVelocityType(type=53)
1786043860115717983,1786043860.114370643,/novatel/oem7/odom,/novatel/oem7/bestpos,/novatel/oem7/odom,39.663,-75.756,33.182124625,0.001825832,0.000519077,0.001486658,0.001059959,0.000519077,,,
1786043860128021748,1786043860.126806412,/novatel/oem7/inspva,/novatel/oem7/inspva,/novatel/oem7/inspva,39.663,-75.756,-1.800352929,0.001764603,0.000849084,0.001418492,0.001049622,0.000849084,,novatel_oem7_msgs.msg.InertialSolutionStatus(status=3),
1786043860130516010,1786043860.127129879,/novatel/oem7/fix,/novatel/oem7/fix,/novatel/oem7/inspva,39.663,-75.756,-1.800352929,0.001764603,0.000849084,0.001418492,0.001049622,0.000849084,,0,
1786043860132258365,1786043860.127802936,/novatel/oem7/odom,/novatel/oem7/fix,/novatel/oem7/odom,39.663,-75.756,-1.800352929,0.001760923,0.000856690,0.001120094,0.001358764,0.000856690,,,
1786043860135651692,1786043860.134736229,/novatel/oem7/odom,/novatel/oem7/fix,/novatel/oem7/odom,39.663,-75.756,-1.800352929,0.001760923,0.000856690,0.001120094,0.001358764,0.000856690,,,
1786043860146180852,1786043860.145373284,/novatel/oem7/inspva,/novatel/oem7/inspva,/novatel/oem7/inspva,39.663,-75.756,-1.800361922,0.001789982,0.000590676,0.001214173,0.001315226,0.000590676,,novatel_oem7_msgs.msg.InertialSolutionStatus(status=3),
1786043860147723812,1786043860.145627811,/novatel/oem7/fix,/novatel/oem7/fix,/novatel/oem7/inspva,39.663,-75.756,-1.800361922,0.001789982,0.000590676,0.001214173,0.001315226,0.000590676,,0,
1786043860148804213,1786043860.146039431,/novatel/oem7/odom,/novatel/oem7/fix,/novatel/oem7/odom,39.663,-75.756,-1.800361922,0.001787330,0.000598651,0.001375484,0.001141312,0.000598651,,,
1786043860156436684,1786043860.155732236,/novatel/oem7/odom,/novatel/oem7/fix,/novatel/oem7/odom,39.663,-75.756,-1.800361922,0.001787330,0.000598651,0.001375484,0.001141312,0.000598651,,,
1786043860165921730,1786043860.165323967,/novatel/oem7/inspva,/novatel/oem7/inspva,/novatel/oem7/inspva,39.663,-75.756,-1.800359949,0.001846003,0.001092730,0.001197004,0.001405315,0.001092730,,novatel_oem7_msgs.msg.InertialSolutionStatus(status=3),
1786043860167282764,1786043860.165499763,/novatel/oem7/fix,/novatel/oem7/fix,/novatel/oem7/inspva,39.663,-75.756,-1.800359949,0.001846003,0.001092730,0.001197004,0.001405315,0.001092730,,0,
1786043860168347198,1786043860.166161033,/novatel/oem7/odom,/novatel/oem7/fix,/novatel/oem7/odom,39.663,-75.756,-1.800359949,0.001841089,0.001100989,0.001462683,0.001118110,0.001100989,,,
1786043860175560341,1786043860.174859914,/novatel/oem7/odom,/novatel/oem7/fix,/novatel/oem7/odom,39.663,-75.756,-1.800359949,0.001841089,0.001100989,0.001462683,0.001118110,0.001100989,,,
1786043860186857686,1786043860.186163109,/novatel/oem7/inspva,/novatel/oem7/inspva,/novatel/oem7/inspva,39.663,-75.756,-1.800368444,0.001789961,0.000729253,0.001157061,0.001365713,0.000729253,,novatel_oem7_msgs.msg.InertialSolutionStatus(status=3),
1786043860188329768,1786043860.186368325,/novatel/oem7/fix,/novatel/oem7/fix,/novatel/oem7/inspva,39.663,-75.756,-1.800368444,0.001789961,0.000729253,0.001157061,0.001365713,0.000729253,,0,
1786043860189474913,1786043860.186781579,/novatel/oem7/odom,/novatel/oem7/fix,/novatel/oem7/odom,39.663,-75.756,-1.800368444,0.001786684,0.000737245,0.001422382,0.001081236,0.000737245,,,
1786043860194999906,1786043860.194321419,/novatel/oem7/odom,/novatel/oem7/fix,/novatel/oem7/odom,39.663,-75.756,-1.800368444,0.001786684,0.000737245,0.001422382,0.001081236,0.000737245,,,
1786043860206897044,1786043860.206335694,/novatel/oem7/inspva,/novatel/oem7/inspva,/novatel/oem7/inspva,39.663,-75.756,-1.800371796,0.001993756,0.000668503,0.001391492,0.001427871,0.000668503,,novatel_oem7_msgs.msg.InertialSolutionStatus(status=3),
1786043860208532894,1786043860.206528110,/novatel/oem7/fix,/novatel/oem7/fix,/novatel/oem7/inspva,39.663,-75.756,-1.800371796,0.001993756,0.000668503,0.001391492,0.001427871,0.000668503,,0,
1786043860209690402,1786043860.207156179,/novatel/oem7/odom,/novatel/oem7/fix,/novatel/oem7/odom,39.663,-75.756,-1.800371796,0.001990770,0.000677345,0.001497091,0.001312205,0.000677345,,,
1786043860211708416,1786043860.210187783,/novatel/oem7/bestpos,/novatel/oem7/bestpos,/novatel/oem7/odom,39.663,-75.756,33.182112189,0.001990770,0.000677345,0.001497091,0.001312205,0.000677345,,novatel_oem7_msgs.msg.SolutionStatus(status=0),novatel_oem7_msgs.msg.PositionOrVelocityType(type=53)
1786043860212996962,1786043860.210591367,/novatel/oem7/bestvel,/novatel/oem7/bestpos,/novatel/oem7/bestvel,39.663,-75.756,33.182112189,0.001898857,0.000748794,,,,48.415477672,novatel_oem7_msgs.msg.SolutionStatus(status=0),novatel_oem7_msgs.msg.PositionOrVelocityType(type=53)
1786043860216140321,1786043860.215449211,/novatel/oem7/odom,/novatel/oem7/bestpos,/novatel/oem7/odom,39.663,-75.756,33.182112189,0.001990770,0.000677345,0.001497091,0.001312205,0.000677345,,,
1786043860225609930,1786043860.224976161,/novatel/oem7/inspva,/novatel/oem7/inspva,/novatel/oem7/inspva,39.663,-75.756,-1.800379723,0.001858076,0.000358383,0.001296292,0.001331192,0.000358383,,novatel_oem7_msgs.msg.InertialSolutionStatus(status=3),
1786043860227013931,1786043860.225151849,/novatel/oem7/fix,/novatel/oem7/fix,/novatel/oem7/inspva,39.663,-75.756,-1.800379723,0.001858076,0.000358383,0.001296292,0.001331192,0.000358383,,0,
1786043860228139520,1786043860.225654311,/novatel/oem7/odom,/novatel/oem7/fix,/novatel/oem7/odom,39.663,-75.756,-1.800379723,0.001856467,0.000366626,0.001396653,0.001223041,0.000366626,,,
1786043860235112924,1786043860.234438427,/novatel/oem7/odom,/novatel/oem7/fix,/novatel/oem7/odom,39.663,-75.756,-1.800379723,0.001856467,0.000366626,0.001396653,0.001223041,0.000366626,,,
1786043860247318691,1786043860.246381542,/novatel/oem7/inspva,/novatel/oem7/inspva,/novatel/oem7/inspva,39.663,-75.756,-1.800374866,0.001994122,0.001287747,0.001492098,0.001322939,0.001287747,,novatel_oem7_msgs.msg.InertialSolutionStatus(status=3),
1786043860249649129,1786043860.246673448,/novatel/oem7/fix,/novatel/oem7/fix,/novatel/oem7/inspva,39.663,-75.756,-1.800374866,0.001994122,0.001287747,0.001492098,0.001322939,0.001287747,,0,
1786043860250999205,1786043860.247262697,/novatel/oem7/odom,/novatel/oem7/fix,/novatel/oem7/odom,39.663,-75.756,-1.800374866,0.001988447,0.001296493,0.001395350,0.001416658,0.001296493,,,
1786043860258001183,1786043860.257005296,/novatel/oem7/odom,/novatel/oem7/fix,/novatel/oem7/odom,39.663,-75.756,-1.800374866,0.001988447,0.001296493,0.001395350,0.001416658,0.001296493,,,
1786043860266163436,1786043860.265315918,/novatel/oem7/inspva,/novatel/oem7/inspva,/novatel/oem7/inspva,39.663,-75.756,-1.800383445,0.001873862,0.001060591,0.001456760,0.001178647,0.001060591,,novatel_oem7_msgs.msg.InertialSolutionStatus(status=3),
1786043860268123590,1786043860.265625674,/novatel/oem7/fix,/novatel/oem7/fix,/novatel/oem7/inspva,39.663,-75.756,-1.800383445,0.001873862,0.001060591,0.001456760,0.001178647,0.001060591,,0,
1786043860269808687,1786043860.266284054,/novatel/oem7/odom,/novatel/oem7/fix,/novatel/oem7/odom,39.663,-75.756,-1.800383445,0.001869230,0.001068734,0.001250230,0.001389585,0.001068734,,,
1786043860276246422,1786043860.275526455,/novatel/oem7/odom,/novatel/oem7/fix,/novatel/oem7/odom,39.663,-75.756,-1.800383445,0.001869230,0.001068734,0.001250230,0.001389585,0.001068734,,,
1786043860286555914,1786043860.285608787,/novatel/oem7/inspva,/novatel/oem7/inspva,/novatel/oem7/inspva,39.663,-75.756,-1.800384957,0.002145868,0.000738256,0.001413060,0.001614933,0.000738256,,novatel_oem7_msgs.msg.InertialSolutionStatus(status=3),
1786043860288278038,1786043860.285873190,/novatel/oem7/fix,/novatel/oem7/fix,/novatel/oem7/inspva,39.663,-75.756,-1.800384957,0.002145868,0.000738256,0.001413060,0.001614933,0.000738256,,0,
1786043860289522104,1786043860.286467103,/novatel/oem7/odom,/novatel/oem7/fix,/novatel/oem7/odom,39.663,-75.756,-1.800384957,0.002142558,0.000747806,0.001684800,0.001323633,0.000747806,,,
1786043860295731737,1786043860.295014920,/novatel/oem7/odom,/novatel/oem7/fix,/novatel/oem7/odom,39.663,-75.756,-1.800384957,0.002142558,0.000747806,0.001684800,0.001323633,0.000747806,,,
1786043860306738185,1786043860.305879047,/novatel/oem7/inspva,/novatel/oem7/inspva,/novatel/oem7/inspva,39.663,-75.756,-1.800387749,0.001746846,0.000805622,0.001225322,0.001245012,0.000805622,,novatel_oem7_msgs.msg.InertialSolutionStatus(status=3),
1786043860308475440,1786043860.306131139,/novatel/oem7/fix,/novatel/oem7/fix,/novatel/oem7/inspva,39.663,-75.756,-1.800387749,0.001746846,0.000805622,0.001225322,0.001245012,0.000805622,,0,
1786043860309755023,1786043860.306820020,/novatel/oem7/odom,/novatel/oem7/fix,/novatel/oem7/odom,39.663,-75.756,-1.800387749,0.001743250,0.000813373,0.001305197,0.001155586,0.000813373,,,
1786043860311378076,1786043860.309155134,/novatel/oem7/bestpos,/novatel/oem7/bestpos,/novatel/oem7/odom,39.663,-75.756,33.182089874,0.001743250,0.000813373,0.001305197,0.001155586,0.000813373,,novatel_oem7_msgs.msg.SolutionStatus(status=0),novatel_oem7_msgs.msg.PositionOrVelocityType(type=53)
1786043860312471777,1786043860.309578461,/novatel/oem7/bestvel,/novatel/oem7/bestpos,/novatel/oem7/bestvel,39.663,-75.756,33.182089874,0.001982213,0.000632546,,,,48.781794440,novatel_oem7_msgs.msg.SolutionStatus(status=0),novatel_oem7_msgs.msg.PositionOrVelocityType(type=53)
1786043860315619436,1786043860.314883369,/novatel/oem7/odom,/novatel/oem7/bestpos,/novatel/oem7/odom,39.663,-75.756,33.182089874,0.001743250,0.000813373,0.001305197,0.001155586,0.000813373,,,
1786043860325900914,1786043860.325281284,/novatel/oem7/inspva,/novatel/oem7/inspva,/novatel/oem7/inspva,39.663,-75.756,-1.800389026,0.002086508,0.000796004,0.001424905,0.001524192,0.000796004,,novatel_oem7_msgs.msg.InertialSolutionStatus(status=3),
1786043860327342192,1786043860.325480266,/novatel/oem7/fix,/novatel/oem7/fix,/novatel/oem7/inspva,39.663,-75.756,-1.800389026,0.002086508,0.000796004,0.001424905,0.001524192,0.000796004,,0,
1786043860328502580,1786043860.326110119,/novatel/oem7/odom,/novatel/oem7/fix,/novatel/oem7/odom,39.663,-75.756,-1.800389026,0.002082946,0.000805281,0.001594595,0.001340123,0.000805281,,,
1786043860336329450,1786043860.335609296,/novatel/oem7/odom,/novatel/oem7/fix,/novatel/oem7/odom,39.663,-75.756,-1.800389026,0.002082946,0.000805281,0.001594595,0.001340123,0.000805281,,,
1786043860346130146,1786043860.345236481,/novatel/oem7/inspva,/novatel/oem7/inspva,/novatel/oem7/inspva,39.663,-75.756,-1.800393786,0.001613821,0.000749520,0.001169105,0.001112481,0.000749520,,novatel_oem7_msgs.msg.InertialSolutionStatus(status=3),
1786043860348219561,1786043860.345562547,/novatel/oem7/fix,/novatel/oem7/fix,/novatel/oem7/inspva,39.663,-75.756,-1.800393786,0.001613821,0.000749520,0.001169105,0.001112481,0.000749520,,0,
1786043860349853988,1786043860.346009845,/novatel/oem7/odom,/novatel/oem7/fix,/novatel/oem7/odom,39.663,-75.756,-1.800393786,0.001610498,0.000756635,0.001170086,0.001106617,0.000756635,,,
1786043860356670400,1786043860.355710013,/novatel/oem7/odom,/novatel/oem7/fix,/novatel/oem7/odom,39.663,-75.756,-1.800393786,0.001610498,0.000756635,0.001170086,0.001106617,0.000756635,,,
1786043860367716279,1786043860.366955062,/novatel/oem7/inspva,/novatel/oem7/inspva,/novatel/oem7/inspva,39.663,-75.756,-1.800391545,0.001995592,0.000947946,0.001320238,0.001496449,0.000947946,,novatel_oem7_msgs.msg.InertialSolutionStatus(status=3),
1786043860369330576,1786043860.367149767,/novatel/oem7/fix,/novatel/oem7/fix,/novatel/oem7/inspva,39.663,-75.756,-1.800391545,0.001995592,0.000947946,0.001320238,0.001496449,0.000947946,,0,
1786043860370639772,1786043860.367729606,/novatel/oem7/odom,/novatel/oem7/fix,/novatel/oem7/odom,39.663,-75.756,-1.800391545,0.001991341,0.000956845,0.001560794,0.001236673,0.000956845,,,
1786043860376016357,1786043860.374851205,/novatel/oem7/odom,/novatel/oem7/fix,/novatel/oem7/odom,39.663,-75.756,-1.800391545,0.001991341,0.000956845,0.001560794,0.001236673,0.000956845,,,
1786043860385753276,1786043860.384924761,/novatel/oem7/inspva,/novatel/oem7/inspva,/novatel/oem7/inspva,39.663,-75.756,-1.800394670,0.001522317,0.001122390,0.000990686,0.001155851,0.001122390,,novatel_oem7_msgs.msg.InertialSolutionStatus(status=3),
1786043860387410176,1786043860.385147673,/novatel/oem7/fix,/novatel/oem7/fix,/novatel/oem7/inspva,39.663,-75.756,-1.800394670,0.001522317,0.001122390,0.000990686,0.001155851,0.001122390,,0,
1786043860388668232,1786043860.385568881,/novatel/oem7/odom,/novatel/oem7/fix,/novatel/oem7/odom,39.663,-75.756,-1.800394670,0.001517290,0.001129177,0.001202556,0.000925217,0.001129177,,,
1786043860396197322,1786043860.395454531,/novatel/oem7/odom,/novatel/oem7/fix,/novatel/oem7/odom,39.663,-75.756,-1.800394670,0.001517290,0.001129177,0.001202556,0.000925217,0.001129177,,,
1786043860407188354,1786043860.406551370,/novatel/oem7/inspva,/novatel/oem7/inspva,/novatel/oem7/inspva,39.663,-75.756,-1.800398382,0.002060653,0.000609049,0.000973105,0.001816414,0.000609049,,novatel_oem7_msgs.msg.InertialSolutionStatus(status=3),
1786043860408668396,1786043860.406735426,/novatel/oem7/fix,/novatel/oem7/fix,/novatel/oem7/inspva,39.663,-75.756,-1.800398382,0.002060653,0.000609049,0.000973105,0.001816414,0.000609049,,0,
1786043860409823581,1786043860.407100280,/novatel/oem7/odom,/novatel/oem7/fix,/novatel/oem7/odom,39.663,-75.756,-1.800398382,0.002057949,0.000618126,0.001863156,0.000873958,0.000618126,,,
1786043860411525845,1786043860.410221275,/novatel/oem7/bestpos,/novatel/oem7/bestpos,/novatel/oem7/odom,39.663,-75.756,33.182081804,0.002057949,0.000618126,0.001863156,0.000873958,0.000618126,,novatel_oem7_msgs.msg.SolutionStatus(status=0),novatel_oem7_msgs.msg.PositionOrVelocityType(type=53)
1786043860412582496,1786043860.410724213,/novatel/oem7/bestvel,/novatel/oem7/bestpos,/novatel/oem7/bestvel,39.663,-75.756,33.182081804,0.001968977,0.000654622,,,,59.433844278,novatel_oem7_msgs.msg.SolutionStatus(status=0),novatel_oem7_msgs.msg.PositionOrVelocityType(type=53)
1786043860415439908,1786043860.414659113,/novatel/oem7/odom,/novatel/oem7/bestpos,/novatel/oem7/odom,39.663,-75.756,33.182081804,0.002057949,0.000618126,0.001863156,0.000873958,0.000618126,,,
1786043860426658815,1786043860.425993168,/novatel/oem7/inspva,/novatel/oem7/inspva,/novatel/oem7/inspva,39.663,-75.756,-1.800400141,0.001544320,0.000777360,0.000657941,0.001397153,0.000777360,,novatel_oem7_msgs.msg.InertialSolutionStatus(status=3),
1786043860428118784,1786043860.426265088,/novatel/oem7/fix,/novatel/oem7/fix,/novatel/oem7/inspva,39.663,-75.756,-1.800400141,0.001544320,0.000777360,0.000657941,0.001397153,0.000777360,,0,
1786043860429270238,1786043860.426777760,/novatel/oem7/odom,/novatel/oem7/fix,/novatel/oem7/odom,39.663,-75.756,-1.800400141,0.001540911,0.000784096,0.001427173,0.000581018,0.000784096,,,
1786043860436244286,1786043860.435369364,/novatel/oem7/odom,/novatel/oem7/fix,/novatel/oem7/odom,39.663,-75.756,-1.800400141,0.001540911,0.000784096,0.001427173,0.000581018,0.000784096,,,
1786043860446277314,1786043860.445406006,/novatel/oem7/inspva,/novatel/oem7/inspva,/novatel/oem7/inspva,39.663,-75.756,-1.800398847,0.001742735,0.000851952,0.000623867,0.001627241,0.000851952,,novatel_oem7_msgs.msg.InertialSolutionStatus(status=3),
1786043860448275969,1786043860.445733859,/novatel/oem7/fix,/novatel/oem7/fix,/novatel/oem7/inspva,39.663,-75.756,-1.800398847,0.001742735,0.000851952,0.000623867,0.001627241,0.000851952,,0,
1786043860449973566,1786043860.446375892,/novatel/oem7/odom,/novatel/oem7/fix,/novatel/oem7/odom,39.663,-75.756,-1.800398847,0.001739083,0.000859382,0.001654877,0.000534593,0.000859382,,,
1786043860457279086,1786043860.456430708,/novatel/oem7/odom,/novatel/oem7/fix,/novatel/oem7/odom,39.663,-75.756,-1.800398847,0.001739083,0.000859382,0.001654877,0.000534593,0.000859382,,,
1786043860465988455,1786043860.465088450,/novatel/oem7/inspva,/novatel/oem7/inspva,/novatel/oem7/inspva,39.663,-75.756,-1.800402508,0.001657019,0.000888725,0.000529948,0.001569990,0.000888725,,novatel_oem7_msgs.msg.InertialSolutionStatus(status=3),
1786043860468127867,1786043860.465336385,/novatel/oem7/fix,/novatel/oem7/fix,/novatel/oem7/inspva,39.663,-75.756,-1.800402508,0.001657019,0.000888725,0.000529948,0.001569990,0.000888725,,0,
1786043860469872351,1786043860.465867084,/novatel/oem7/odom,/novatel/oem7/fix,/novatel/oem7/odom,39.663,-75.756,-1.800402508,0.001653249,0.000895720,0.001592581,0.000443752,0.000895720,,,
1786043860475013680,1786043860.474285249,/novatel/oem7/odom,/novatel/oem7/fix,/novatel/oem7/odom,39.663,-75.756,-1.800402508,0.001653249,0.000895720,0.001592581,0.000443752,0.000895720,,,
1786043860487142827,1786043860.486359616,/novatel/oem7/inspva,/novatel/oem7/inspva,/novatel/oem7/inspva,39.663,-75.756,-1.800404393,0.001561128,0.000659601,0.000578438,0.001450010,0.000659601,,novatel_oem7_msgs.msg.InertialSolutionStatus(status=3),
1786043860488818531,1786043860.486606665,/novatel/oem7/fix,/novatel/oem7/fix,/novatel/oem7/inspva,39.663,-75.756,-1.800404393,0.001561128,0.000659601,0.000578438,0.001450010,0.000659601,,0,
1786043860490016286,1786043860.487203021,/novatel/oem7/odom,/novatel/oem7/fix,/novatel/oem7/odom,39.663,-75.756,-1.800404393,0.001558277,0.000666308,0.001476183,0.000499110,0.000666308,,,
1786043860496583673,1786043860.495630066,/novatel/oem7/odom,/novatel/oem7/fix,/novatel/oem7/odom,39.663,-75.756,-1.800404393,0.001558277,0.000666308,0.001476183,0.000499110,0.000666308,,,
1786043860506677886,1786043860.505859337,/novatel/oem7/inspva,/novatel/oem7/inspva,/novatel/oem7/inspva,39.663,-75.756,-1.800405648,0.001448449,0.000875009,0.000418899,0.001386553,0.000875009,,novatel_oem7_msgs.msg.InertialSolutionStatus(status=3),
1786043860508102127,1786043860.506119897,/novatel/oem7/fix,/novatel/oem7/fix,/novatel/oem7/inspva,39.663,-75.756,-1.800405648,0.001448449,0.000875009,0.000418899,0.001386553,0.000875009,,0,
1786043860509239349,1786043860.506487934,/novatel/oem7/odom,/novatel/oem7/fix,/novatel/oem7/odom,39.663,-75.756,-1.800405648,0.001444785,0.000881047,0.001403576,0.000342605,0.000881047,,,
1786043860512131988,1786043860.511268509,/novatel/oem7/bestpos,/novatel/oem7/bestpos,/novatel/oem7/odom,39.663,-75.756,33.182069727,0.001444785,0.000881047,0.001403576,0.000342605,0.000881047,,novatel_oem7_msgs.msg.SolutionStatus(status=0),novatel_oem7_msgs.msg.PositionOrVelocityType(type=53)
1786043860513756901,1786043860.511892029,/novatel/oem7/bestvel,/novatel/oem7/bestpos,/novatel/oem7/bestvel,39.663,-75.756,33.182069727,0.001501125,0.000792729,,,,68.432385901,novatel_oem7_msgs.msg.SolutionStatus(status=0),novatel_oem7_msgs.msg.PositionOrVelocityType(type=53)
1786043860516786055,1786043860.516001797,/novatel/oem7/odom,/novatel/oem7/bestpos,/novatel/oem7/odom,39.663,-75.756,33.182069727,0.001444785,0.000881047,0.001403576,0.000342605,0.000881047,,,
1786043860525995055,1786043860.525195564,/novatel/oem7/inspva,/novatel/oem7/inspva,/novatel/oem7/inspva,39.663,-75.756,-1.800403014,0.001753959,0.000973697,0.000411554,0.001704991,0.000973697,,novatel_oem7_msgs.msg.InertialSolutionStatus(status=3),
1786043860527574525,1786043860.525471230,/novatel/oem7/fix,/novatel/oem7/fix,/novatel/oem7/inspva,39.663,-75.756,-1.800403014,0.001753959,0.000973697,0.000411554,0.001704991,0.000973697,,0,
1786043860528777117,1786043860.526038963,/novatel/oem7/odom,/novatel/oem7/fix,/novatel/oem7/odom,39.663,-75.756,-1.800403014,0.001749975,0.000980838,0.001720809,0.000318168,0.000980838,,,
1786043860536203266,1786043860.535124478,/novatel/oem7/odom,/novatel/oem7/fix,/novatel/oem7/odom,39.663,-75.756,-1.800403014,0.001749975,0.000980838,0.001720809,0.000318168,0.000980838,,,
1786043860547132404,1786043860.545964172,/novatel/oem7/inspva,/novatel/oem7/inspva,/novatel/oem7/inspva,39.663,-75.756,-1.800403921,0.001819914,0.001007216,0.000199040,0.001808997,0.001007216,,novatel_oem7_msgs.msg.InertialSolutionStatus(status=3),
1786043860549136411,1786043860.546305739,/novatel/oem7/fix,/novatel/oem7/fix,/novatel/oem7/inspva,39.663,-75.756,-1.800403921,0.001819914,0.001007216,0.000199040,0.001808997,0.001007216,,0,
1786043860550793671,1786043860.546910718,/novatel/oem7/odom,/novatel/oem7/fix,/novatel/oem7/odom,39.663,-75.756,-1.800403921,0.001816059,0.001014150,0.001813285,0.000100346,0.001014150,,,
1786043860556682341,1786043860.555902133,/novatel/oem7/odom,/novatel/oem7/fix,/novatel/oem7/odom,39.663,-75.756,-1.800403921,0.001816059,0.001014150,0.001813285,0.000100346,0.001014150,,,
1786043860566320322,1786043860.565378207,/novatel/oem7/inspva,/novatel/oem7/inspva,/novatel/oem7/inspva,39.663,-75.756,-1.800401224,0.001805659,0.000705586,-0.000087083,0.001803557,0.000705586,,novatel_oem7_msgs.msg.InertialSolutionStatus(status=3),
1786043860567718869,1786043860.565719785,/novatel/oem7/fix,/novatel/oem7/fix,/novatel/oem7/inspva,39.663,-75.756,-1.800401224,0.001805659,0.000705586,-0.000087083,0.001803557,0.000705586,,0,
1786043860568614705,1786043860.566194911,/novatel/oem7/odom,/novatel/oem7/fix,/novatel/oem7/odom,39.663,-75.756,-1.800401224,0.001803249,0.000711723,0.001793804,-0.000184319,0.000711723,,,
1786043860575907874,1786043860.575366904,/novatel/oem7/odom,/novatel/oem7/fix,/novatel/oem7/odom,39.663,-75.756,-1.800401224,0.001803249,0.000711723,0.001793804,-0.000184319,0.000711723,,,
1786043860586693149,1786043860.585925441,/novatel/oem7/inspva,/novatel/oem7/inspva,/novatel/oem7/inspva,39.663,-75.756,-1.800398519,0.001798671,0.001052278,0.000041717,0.001798188,0.001052278,,novatel_oem7_msgs.msg.InertialSolutionStatus(status=3),
1786043860588011315,1786043860.586139336,/novatel/oem7/fix,/novatel/oem7/fix,/novatel/oem7/inspva,39.663,-75.756,-1.800398519,0.001798671,0.001052278,0.000041717,0.001798188,0.001052278,,0,
1786043860588905530,1786043860.586603812,/novatel/oem7/odom,/novatel/oem7/fix,/novatel/oem7/odom,39.663,-75.756,-1.800398519,0.001794864,0.001058760,0.001793981,-0.000056289,0.001058760,,,
1786043860594817411,1786043860.594287144,/novatel/oem7/odom,/novatel/oem7/fix,/novatel/oem7/odom,39.663,-75.756,-1.800398519,0.001794864,0.001058760,0.001793981,-0.000056289,0.001058760,,,
1786043860606240470,1786043860.605747818,/novatel/oem7/inspva,/novatel/oem7/inspva,/novatel/oem7/inspva,39.663,-75.756,-1.800394590,0.002049495,0.000821769,0.000081790,0.002047862,0.000821769,,novatel_oem7_msgs.msg.InertialSolutionStatus(status=3),
1786043860607279502,1786043860.605902730,/novatel/oem7/fix,/novatel/oem7/fix,/novatel/oem7/inspva,39.663,-75.756,-1.800394590,0.002049495,0.000821769,0.000081790,0.002047862,0.000821769,,0,
1786043860608140724,1786043860.606711146,/novatel/oem7/odom,/novatel/oem7/fix,/novatel/oem7/odom,39.663,-75.756,-1.800394590,0.002046475,0.000829263,0.002046270,-0.000028931,0.000829263,,,
1786043860610870142,1786043860.610234252,/novatel/oem7/bestpos,/novatel/oem7/bestpos,/novatel/oem7/odom,39.663,-75.756,33.182071562,0.002046475,0.000829263,0.002046270,-0.000028931,0.000829263,,novatel_oem7_msgs.msg.SolutionStatus(status=0),novatel_oem7_msgs.msg.PositionOrVelocityType(type=53)
1786043860611954808,1786043860.610661886,/novatel/oem7/bestvel,/novatel/oem7/bestpos,/novatel/oem7/bestvel,39.663,-75.756,33.182071562,0.002232759,0.000572157,,,,80.312923571,novatel_oem7_msgs.msg.SolutionStatus(status=0),novatel_oem7_msgs.msg.PositionOrVelocityType(type=53)
1786043860615269509,1786043860.614646034,/novatel/oem7/odom,/novatel/oem7/bestpos,/novatel/oem7/odom,39.663,-75.756,33.182071562,0.002046475,0.000829263,0.002046270,-0.000028931,0.000829263,,,
1786043860626067413,1786043860.624913997,/novatel/oem7/inspva,/novatel/oem7/inspva,/novatel/oem7/inspva,39.663,-75.756,-1.800390625,0.001779230,0.000951097,0.000090015,0.001776952,0.000951097,,novatel_oem7_msgs.msg.InertialSolutionStatus(status=3),
1786043860628529335,1786043860.625121603,/novatel/oem7/fix,/novatel/oem7/fix,/novatel/oem7/inspva,39.663,-75.756,-1.800390625,0.001779230,0.000951097,0.000090015,0.001776952,0.000951097,,0,
1786043860630051993,1786043860.625614798,/novatel/oem7/odom,/novatel/oem7/fix,/novatel/oem7/odom,39.663,-75.756,-1.800390625,0.001775715,0.000957644,0.001775703,-0.000006693,0.000957644,,,
1786043860636725901,1786043860.635555296,/novatel/oem7/odom,/novatel/oem7/fix,/novatel/oem7/odom,39.663,-75.756,-1.800390625,0.001775715,0.000957644,0.001775703,-0.000006693,0.000957644,,,
1786043860646591672,1786043860.645613845,/novatel/oem7/inspva,/novatel/oem7/inspva,/novatel/oem7/inspva,39.663,-75.756,-1.800385424,0.002020514,0.000856992,-0.000143275,0.002015428,0.000856992,,novatel_oem7_msgs.msg.InertialSolutionStatus(status=3),
1786043860648541728,1786043860.645852451,/novatel/oem7/fix,/novatel/oem7/fix,/novatel/oem7/inspva,39.663,-75.756,-1.800385424,0.002020514,0.000856992,-0.000143275,0.002015428,0.000856992,,0,
1786043860650086651,1786043860.646685199,/novatel/oem7/odom,/novatel/oem7/fix,/novatel/oem7/odom,39.663,-75.756,-1.800385424,0.002017631,0.000863758,0.002001824,-0.000252066,0.000863758,,,
1786043860657281127,1786043860.656397482,/novatel/oem7/odom,/novatel/oem7/fix,/novatel/oem7/odom,39.663,-75.756,-1.800385424,0.002017631,0.000863758,0.002001824,-0.000252066,0.000863758,,,
1786043860666947469,1786043860.666151274,/novatel/oem7/inspva,/novatel/oem7/inspva,/novatel/oem7/inspva,39.663,-75.756,-1.800381559,0.001919575,0.000920468,0.000098244,0.001917059,0.000920468,,novatel_oem7_msgs.msg.InertialSolutionStatus(status=3),
1786043860668472941,1786043860.666366933,/novatel/oem7/fix,/novatel/oem7/fix,/novatel/oem7/inspva,39.663,-75.756,-1.800381559,0.001919575,0.000920468,0.000098244,0.001917059,0.000920468,,0,
1786043860669586306,1786043860.666849441,/novatel/oem7/odom,/novatel/oem7/fix,/novatel/oem7/odom,39.663,-75.756,-1.800381559,0.001916169,0.000927537,0.001916160,-0.000005825,0.000927537,,,
1786043860675548323,1786043860.674758172,/novatel/oem7/odom,/novatel/oem7/fix,/novatel/oem7/odom,39.663,-75.756,-1.800381559,0.001916169,0.000927537,0.001916160,-0.000005825,0.000927537,,,
1786043860686490634,1786043860.685368140,/novatel/oem7/inspva,/novatel/oem7/inspva,/novatel/oem7/inspva,39.663,-75.756,-1.800372716,0.002311472,0.001128238,-0.000237609,0.002299227,0.001128238,,novatel_oem7_msgs.msg.InertialSolutionStatus(status=3),
1786043860688729077,1786043860.685648979,/novatel/oem7/fix,/novatel/oem7/fix,/novatel/oem7/inspva,39.663,-75.756,-1.800372716,0.002311472,0.001128238,-0.000237609,0.002299227,0.001128238,,0,
1786043860689903912,1786043860.686211928,/novatel/oem7/odom,/novatel/oem7/fix,/novatel/oem7/odom,39.663,-75.756,-1.800372716,0.002307794,0.001135743,0.002279227,-0.000361993,0.001135743,,,
1786043860696641394,1786043860.695596747,/novatel/oem7/odom,/novatel/oem7/fix,/novatel/oem7/odom,39.663,-75.756,-1.800372716,0.002307794,0.001135743,0.002279227,-0.000361993,0.001135743,,,
1786043860707219922,1786043860.706383807,/novatel/oem7/inspva,/novatel/oem7/inspva,/novatel/oem7/inspva,39.663,-75.756,-1.800370215,0.002081265,0.000879468,0.000252669,0.002065871,0.000879468,,novatel_oem7_msgs.msg.InertialSolutionStatus(status=3),
1786043860709165518,1786043860.706618012,/novatel/oem7/fix,/novatel/oem7/fix,/novatel/oem7/inspva,39.663,-75.756,-1.800370215,0.002081265,0.000879468,0.000252669,0.002065871,0.000879468,,0,
1786043860710677407,1786043860.707082787,/novatel/oem7/odom,/novatel/oem7/fix,/novatel/oem7/odom,39.663,-75.756,-1.800370215,0.002077852,0.000887500,0.002073090,0.000140600,0.000887500,,,
1786043860712191159,1786043860.709478678,/novatel/oem7/bestpos,/novatel/oem7/bestpos,/novatel/oem7/odom,39.663,-75.756,33.182088488,0.002077852,0.000887500,0.002073090,0.000140600,0.000887500,,novatel_oem7_msgs.msg.SolutionStatus(status=0),novatel_oem7_msgs.msg.PositionOrVelocityType(type=53)
1786043860713161926,1786043860.710133865,/novatel/oem7/bestvel,/novatel/oem7/bestpos,/novatel/oem7/bestvel,39.663,-75.756,33.182088488,0.002228980,0.000880782,,,,87.187467071,novatel_oem7_msgs.msg.SolutionStatus(status=0),novatel_oem7_msgs.msg.PositionOrVelocityType(type=53)
1786043860715339795,1786043860.714411585,/novatel/oem7/odom,/novatel/oem7/bestpos,/novatel/oem7/odom,39.663,-75.756,33.182088488,0.002077852,0.000887500,0.002073090,0.000140600,0.000887500,,,
1786043860728243256,1786043860.726780954,/novatel/oem7/inspva,/novatel/oem7/inspva,/novatel/oem7/inspva,39.663,-75.756,-1.800359298,0.001918612,0.001165156,0.000080305,0.001916930,0.001165156,,novatel_oem7_msgs.msg.InertialSolutionStatus(status=3),
1786043860730573416,1786043860.727195105,/novatel/oem7/fix,/novatel/oem7/fix,/novatel/oem7/inspva,39.663,-75.756,-1.800359298,0.001918612,0.001165156,0.000080305,0.001916930,0.001165156,,0,
1786043860732104225,1786043860.727969879,/novatel/oem7/odom,/novatel/oem7/fix,/novatel/oem7/odom,39.663,-75.756,-1.800359298,0.001914333,0.001172173,0.001914178,-0.000024359,0.001172173,,,
1786043860736176073,1786043860.735190967,/novatel/oem7/odom,/novatel/oem7/fix,/novatel/oem7/odom,39.663,-75.756,-1.800359298,0.001914333,0.001172173,0.001914178,-0.000024359,0.001172173,,,
1786043860745839475,1786043860.745078513,/novatel/oem7/inspva,/novatel/oem7/inspva,/novatel/oem7/inspva,39.663,-75.756,-1.800355714,0.001994385,0.001002776,0.000288748,0.001973372,0.001002776,,novatel_oem7_msgs.msg.InertialSolutionStatus(status=3),
1786043860747236585,1786043860.745252782,/novatel/oem7/fix,/novatel/oem7/fix,/novatel/oem7/inspva,39.663,-75.756,-1.800355714,0.001994385,0.001002776,0.000288748,0.001973372,0.001002776,,0,
1786043860748354120,1786043860.745591522,/novatel/oem7/odom,/novatel/oem7/fix,/novatel/oem7/odom,39.663,-75.756,-1.800355714,0.001990451,0.001010562,0.001982184,0.000181222,0.001010562,,,
1786043860757107349,1786043860.755860347,/novatel/oem7/odom,/novatel/oem7/fix,/novatel/oem7/odom,39.663,-75.756,-1.800355714,0.001990451,0.001010562,0.001982184,0.000181222,0.001010562,,,
1786043860767699067,1786043860.766639926,/novatel/oem7/inspva,/novatel/oem7/inspva,/novatel/oem7/inspva,39.663,-75.756,-1.800346056,0.002088379,0.001028738,-0.000269442,0.002070924,0.001028738,,novatel_oem7_msgs.msg.InertialSolutionStatus(status=3),
1786043860769736351,1786043860.766979693,/novatel/oem7/fix,/novatel/oem7/fix,/novatel/oem7/inspva,39.663,-75.756,-1.800346056,0.002088379,0.001028738,-0.000269442,0.002070924,0.001028738,,0,
1786043860771149009,1786043860.767653733,/novatel/oem7/odom,/novatel/oem7/fix,/novatel/oem7/odom,39.663,-75.756,-1.800346056,0.002085124,0.001035320,0.002049939,-0.000381431,0.001035320,,,
1786043860775834666,1786043860.774781892,/novatel/oem7/odom,/novatel/oem7/fix,/novatel/oem7/odom,39.663,-75.756,-1.800346056,0.002085124,0.001035320,0.002049939,-0.000381431,0.001035320,,,
1786043860786065860,1786043860.785084944,/novatel/oem7/inspva,/novatel/oem7/inspva,/novatel/oem7/inspva,39.663,-75.756,-1.800339729,0.002490269,0.001012141,0.000017312,0.002490209,0.001012141,,novatel_oem7_msgs.msg.InertialSolutionStatus(status=3),
1786043860787711834,1786043860.785294122,/novatel/oem7/fix,/novatel/oem7/fix,/novatel/oem7/inspva,39.663,-75.756,-1.800339729,0.002490269,0.001012141,0.000017312,0.002490209,0.001012141,,0,
1786043860788961746,1786043860.785607042,/novatel/oem7/odom,/novatel/oem7/fix,/novatel/oem7/odom,39.663,-75.756,-1.800339729,0.002486656,0.001020987,0.002483890,-0.000117237,0.001020987,,,
1786043860795942748,1786043860.794765199,/novatel/oem7/odom,/novatel/oem7/fix,/novatel/oem7/odom,39.663,-75.756,-1.800339729,0.002486656,0.001020987,0.002483890,-0.000117237,0.001020987,,,
1786043860807471362,1786043860.806366754,/novatel/oem7/inspva,/novatel/oem7/inspva,/novatel/oem7/inspva,39.663,-75.756,-1.800328585,0.002216363,0.001203689,-0.000647338,0.002119722,0.001203689,,novatel_oem7_msgs.msg.InertialSolutionStatus(status=3),
1786043860809327004,1786043860.806634636,/novatel/oem7/fix,/novatel/oem7/fix,/novatel/oem7/inspva,39.663,-75.756,-1.800328585,0.002216363,0.001203689,-0.000647338,0.002119722,0.001203689,,0,
1786043860811051621,1786043860.807028123,/novatel/oem7/odom,/novatel/oem7/fix,/novatel/oem7/odom,39.663,-75.756,-1.800328585,0.002213247,0.001209409,0.002078002,-0.000761820,0.001209409,,,
1786043860812962811,1786043860.810162959,/novatel/oem7/bestpos,/novatel/oem7/bestpos,/novatel/oem7/odom,39.663,-75.756,33.182133856,0.002213247,0.001209409,0.002078002,-0.000761820,0.001209409,,novatel_oem7_msgs.msg.SolutionStatus(status=0),novatel_oem7_msgs.msg.PositionOrVelocityType(type=53)
1786043860814139599,1786043860.810576629,/novatel/oem7/bestvel,/novatel/oem7/bestpos,/novatel/oem7/bestvel,39.663,-75.756,33.182133856,0.002132000,0.001117755,,,,102.609213853,novatel_oem7_msgs.msg.SolutionStatus(status=0),novatel_oem7_msgs.msg.PositionOrVelocityType(type=53)
1786043860815918844,1786043860.814895597,/novatel/oem7/odom,/novatel/oem7/bestpos,/novatel/oem7/odom,39.663,-75.756,33.182133856,0.002213247,0.001209409,0.002078002,-0.000761820,0.001209409,,,
1786043860827399011,1786043860.825411187,/novatel/oem7/inspva,/novatel/oem7/inspva,/novatel/oem7/inspva,39.663,-75.756,-1.800323811,0.002383089,0.000870017,-0.000063155,0.002382252,0.000870017,,novatel_oem7_msgs.msg.InertialSolutionStatus(status=3),
1786043860829497319,1786043860.825766221,/novatel/oem7/fix,/novatel/oem7/fix,/novatel/oem7/inspva,39.663,-75.756,-1.800323811,0.002383089,0.000870017,-0.000063155,0.002382252,0.000870017,,0,
1786043860830979447,1786043860.826702733,/novatel/oem7/odom,/novatel/oem7/fix,/novatel/oem7/odom,39.663,-75.756,-1.800323811,0.002213260,0.001209386,0.002078016,-0.000761818,0.001209386,,,
1786043860835258580,1786043860.834363085,/novatel/oem7/odom,/novatel/oem7/fix,/novatel/oem7/odom,39.663,-75.756,-1.800323811,0.002380066,0.000878253,0.002372349,-0.000191513,0.000878253,,,
1786043860845870555,1786043860.844931329,/novatel/oem7/inspva,/novatel/oem7/inspva,/novatel/oem7/inspva,39.663,-75.756,-1.800310624,0.001858188,0.001161415,-0.000377939,0.001819348,0.001161415,,novatel_oem7_msgs.msg.InertialSolutionStatus(status=3),
1786043860847719914,1786043860.845143101,/novatel/oem7/fix,/novatel/oem7/fix,/novatel/oem7/inspva,39.663,-75.756,-1.800310624,0.001858188,0.001161415,-0.000377939,0.001819348,0.001161415,,0,
1786043860849257613,1786043860.845760711,/novatel/oem7/odom,/novatel/oem7/fix,/novatel/oem7/odom,39.663,-75.756,-1.800310624,0.001854813,0.001166798,0.001792486,-0.000476785,0.001166798,,,
1786043860857607658,1786043860.856440020,/novatel/oem7/odom,/novatel/oem7/fix,/novatel/oem7/odom,39.663,-75.756,-1.800310624,0.001854813,0.001166798,0.001792486,-0.000476785,0.001166798,,,
1786043860866111871,1786043860.864958763,/novatel/oem7/inspva,/novatel/oem7/inspva,/novatel/oem7/inspva,39.663,-75.756,-1.800299938,0.002284581,0.001184317,-0.000092854,0.002282693,0.001184317,,novatel_oem7_msgs.msg.InertialSolutionStatus(status=3),
1786043860868757788,1786043860.865258969,/novatel/oem7/fix,/novatel/oem7/fix,/novatel/oem7/inspva,39.663,-75.756,-1.800299938,0.002284581,0.001184317,-0.000092854,0.002282693,0.001184317,,0,
1786043860870233196,1786043860.865698044,/novatel/oem7/odom,/novatel/oem7/fix,/novatel/oem7/odom,39.663,-75.756,-1.800299938,0.002280535,0.001192090,0.002270215,-0.000216707,0.001192090,,,
1786043860875311438,1786043860.874540187,/novatel/oem7/odom,/novatel/oem7/fix,/novatel/oem7/odom,39.663,-75.756,-1.800299938,0.002280535,0.001192090,0.002270215,-0.000216707,0.001192090,,,
1786043860887572823,1786043860.886502095,/novatel/oem7/inspva,/novatel/oem7/inspva,/novatel/oem7/inspva,39.663,-75.756,-1.800283254,0.002313031,0.001387905,-0.000291365,0.002294607,0.001387905,,novatel_oem7_msgs.msg.InertialSolutionStatus(status=3),
1786043860889259263,1786043860.886719434,/novatel/oem7/fix,/novatel/oem7/fix,/novatel/oem7/inspva,39.663,-75.756,-1.800283254,0.002313031,0.001387905,-0.000291365,0.002294607,0.001387905,,0,
1786043860890396831,1786043860.887504096,/novatel/oem7/odom,/novatel/oem7/fix,/novatel/oem7/odom,39.663,-75.756,-1.800283254,0.002308626,0.001395220,0.002270817,-0.000416103,0.001395220,,,
1786043860895932961,1786043860.895021845,/novatel/oem7/odom,/novatel/oem7/fix,/novatel/oem7/odom,39.663,-75.756,-1.800283254,0.002308626,0.001395220,0.002270817,-0.000416103,0.001395220,,,
1786043860906628603,1786043860.905672800,/novatel/oem7/inspva,/novatel/oem7/inspva,/novatel/oem7/inspva,39.663,-75.756,-1.800273671,0.002547337,0.001146279,-0.000125969,0.002544220,0.001146279,,novatel_oem7_msgs.msg.InertialSolutionStatus(status=3),
1786043860908436245,1786043860.905885246,/novatel/oem7/fix,/novatel/oem7/fix,/novatel/oem7/inspva,39.663,-75.756,-1.800273671,0.002547337,0.001146279,-0.000125969,0.002544220,0.001146279,,0,
1786043860910090055,1786043860.906482122,/novatel/oem7/odom,/novatel/oem7/fix,/novatel/oem7/odom,39.663,-75.756,-1.800273671,0.002543435,0.001154910,0.002529746,-0.000263529,0.001154910,,,
1786043860912122492,1786043860.909288600,/novatel/oem7/bestpos,/novatel/oem7/bestpos,/novatel/oem7/odom,39.663,-75.756,33.182194483,0.002543435,0.001154910,0.002529746,-0.000263529,0.001154910,,novatel_oem7_msgs.msg.SolutionStatus(status=0),novatel_oem7_msgs.msg.PositionOrVelocityType(type=53)
1786043860913353912,1786043860.909680847,/novatel/oem7/bestvel,/novatel/oem7/bestpos,/novatel/oem7/bestvel,39.663,-75.756,33.182194483,0.002644540,0.001372751,,,,102.042526502,novatel_oem7_msgs.msg.SolutionStatus(status=0),novatel_oem7_msgs.msg.PositionOrVelocityType(type=53)
1786043860916587168,1786043860.915455846,/novatel/oem7/odom,/novatel/oem7/bestpos,/novatel/oem7/odom,39.663,-75.756,33.182194483,0.002543435,0.001154910,0.002529746,-0.000263529,0.001154910,,,
1786043860926732538,1786043860.925198695,/novatel/oem7/inspva,/novatel/oem7/inspva,/novatel/oem7/inspva,39.663,-75.756,-1.800258731,0.002723939,0.001086990,-0.000599862,0.002657068,0.001086990,,novatel_oem7_msgs.msg.InertialSolutionStatus(status=3),
1786043860927635535,1786043860.925536715,/novatel/oem7/fix,/novatel/oem7/fix,/novatel/oem7/inspva,39.663,-75.756,-1.800258731,0.002723939,0.001086990,-0.000599862,0.002657068,0.001086990,,0,
1786043860928362537,1786043860.926301500,/novatel/oem7/odom,/novatel/oem7/fix,/novatel/oem7/odom,39.663,-75.756,-1.800258731,0.002720855,0.001094688,0.002617564,-0.000742568,0.001094688,,,
1786043860935352256,1786043860.934938710,/novatel/oem7/odom,/novatel/oem7/fix,/novatel/oem7/odom,39.663,-75.756,-1.800258731,0.002720855,0.001094688,0.002617564,-0.000742568,0.001094688,,,
1786043860946874643,1786043860.945948453,/novatel/oem7/inspva,/novatel/oem7/inspva,/novatel/oem7/inspva,39.663,-75.756,-1.800245757,0.002539656,0.001249757,-0.000445867,0.002500211,0.001249757,,novatel_oem7_msgs.msg.InertialSolutionStatus(status=3),
1786043860948756412,1786043860.946218119,/novatel/oem7/fix,/novatel/oem7/fix,/novatel/oem7/inspva,39.663,-75.756,-1.800245757,0.002539656,0.001249757,-0.000445867,0.002500211,0.001249757,,0,
1786043860950409048,1786043860.946865426,/novatel/oem7/odom,/novatel/oem7/fix,/novatel/oem7/odom,39.663,-75.756,-1.800245757,0.002535915,0.001257329,0.002468482,-0.000580916,0.001257329,,,
1786043860956649969,1786043860.955799210,/novatel/oem7/odom,/novatel/oem7/fix,/novatel/oem7/odom,39.663,-75.756,-1.800245757,0.002535915,0.001257329,0.002468482,-0.000580916,0.001257329,,,
1786043860965978064,1786043860.965060354,/novatel/oem7/inspva,/novatel/oem7/inspva,/novatel/oem7/inspva,39.663,-75.756,-1.800231556,0.002384180,0.000906677,-0.000385810,0.002352757,0.000906677,,novatel_oem7_msgs.msg.InertialSolutionStatus(status=3),
1786043860967956734,1786043860.965299127,/novatel/oem7/fix,/novatel/oem7/fix,/novatel/oem7/inspva,39.663,-75.756,-1.800231556,0.002384180,0.000906677,-0.000385810,0.002352757,0.000906677,,0,
1786043860969553436,1786043860.965918796,/novatel/oem7/odom,/novatel/oem7/fix,/novatel/oem7/odom,39.663,-75.756,-1.800231556,0.002381423,0.000913895,0.002325675,-0.000512259,0.000913895,,,
1786043860976040286,1786043860.975139893,/novatel/oem7/odom,/novatel/oem7/fix,/novatel/oem7/odom,39.663,-75.756,-1.800231556,0.002381423,0.000913895,0.002325675,-0.000512259,0.000913895,,,
1786043860985578923,1786043860.984901159,/novatel/oem7/inspva,/novatel/oem7/inspva,/novatel/oem7/inspva,39.663,-75.756,-1.800214287,0.002562896,0.001191976,-0.000457667,0.002521702,0.001191976,,novatel_oem7_msgs.msg.InertialSolutionStatus(status=3),
1786043860987921427,1786043860.985049961,/novatel/oem7/fix,/novatel/oem7/fix,/novatel/oem7/inspva,39.663,-75.756,-1.800214287,0.002562896,0.001191976,-0.000457667,0.002521702,0.001191976,,0,
1786043860989897127,1786043860.985536409,/novatel/oem7/odom,/novatel/oem7/fix,/novatel/oem7/odom,39.663,-75.756,-1.800214287,0.002559344,0.001199585,0.002489527,-0.000593713,0.001199585,,,
1786043860996465293,1786043860.994467880,/novatel/oem7/odom,/novatel/oem7/fix,/novatel/oem7/odom,39.663,-75.756,-1.800214287,0.002559344,0.001199585,0.002489527,-0.000593713,0.001199585,,,
1786043861013078611,1786043861.010045622,/novatel/oem7/inspva,/novatel/oem7/inspva,/novatel/oem7/inspva,39.663,-75.756,-1.800192907,0.002191146,0.001550152,-0.000270305,0.002174410,0.001550152,,novatel_oem7_msgs.msg.InertialSolutionStatus(status=3),
1786043861017416012,1786043861.010273640,/novatel/oem7/fix,/novatel/oem7/fix,/novatel/oem7/inspva,39.663,-75.756,-1.800192907,0.002191146,0.001550152,-0.000270305,0.002174410,0.001550152,,0,
1786043861018591016,1786043861.011548600,/novatel/oem7/odom,/novatel/oem7/fix,/novatel/oem7/odom,39.663,-75.756,-1.800192907,0.002186246,0.001557056,0.002151334,-0.000389145,0.001557056,,,
1786043861019328252,1786043861.015992759,/novatel/oem7/odom,/novatel/oem7/fix,/novatel/oem7/odom,39.663,-75.756,-1.800192907,0.002186246,0.001557056,0.002151334,-0.000389145,0.001557056,,,
1786043861026168006,1786043861.025448858,/novatel/oem7/bestpos,/novatel/oem7/bestpos,/novatel/oem7/odom,39.663,-75.756,33.182267653,0.002186246,0.001557056,0.002151334,-0.000389145,0.001557056,,novatel_oem7_msgs.msg.SolutionStatus(status=0),novatel_oem7_msgs.msg.PositionOrVelocityType(type=53)
1786043861027431659,1786043861.026091461,/novatel/oem7/bestvel,/novatel/oem7/bestpos,/novatel/oem7/bestvel,39.663,-75.756,33.182267653,0.002264201,0.001293341,,,,87.639327467,novatel_oem7_msgs.msg.SolutionStatus(status=0),novatel_oem7_msgs.msg.PositionOrVelocityType(type=53)
1786043861028122396,1786043861.027115425,/novatel/oem7/inspva,/novatel/oem7/inspva,/novatel/oem7/inspva,39.663,-75.756,-1.800178391,0.002331663,0.001454528,-0.000308614,0.002311149,0.001454528,,novatel_oem7_msgs.msg.InertialSolutionStatus(status=3),
1786043861028560013,1786043861.027277741,/novatel/oem7/fix,/novatel/oem7/fix,/novatel/oem7/inspva,39.663,-75.756,-1.800178391,0.002331663,0.001454528,-0.000308614,0.002311149,0.001454528,,0,
1786043861029285549,1786043861.027572870,/novatel/oem7/odom,/novatel/oem7/fix,/novatel/oem7/odom,39.663,-75.756,-1.800178391,0.002327116,0.001461793,0.002286213,-0.000434392,0.001461793,,,
1786043861036025536,1786043861.035524757,/novatel/oem7/odom,/novatel/oem7/fix,/novatel/oem7/odom,39.663,-75.756,-1.800178391,0.002327116,0.001461793,0.002286213,-0.000434392,0.001461793,,,
1786043861045967779,1786043861.045362333,/novatel/oem7/inspva,/novatel/oem7/inspva,/novatel/oem7/inspva,39.663,-75.756,-1.800186915,0.002132639,0.000917137,-0.000162855,0.002126412,0.000917137,,novatel_oem7_msgs.msg.InertialSolutionStatus(status=3),
1786043861047416192,1786043861.045585002,/novatel/oem7/fix,/novatel/oem7/fix,/novatel/oem7/inspva,39.663,-75.756,-1.800186915,0.002132639,0.000917137,-0.000162855,0.002126412,0.000917137,,0,
1786043861048345255,1786043861.046229160,/novatel/oem7/odom,/novatel/oem7/fix,/novatel/oem7/odom,39.663,-75.756,-1.800186915,0.002129611,0.000924147,0.002111435,-0.000277643,0.000924147,,,
1786043861057796686,1786043861.056715760,/novatel/oem7/odom,/novatel/oem7/fix,/novatel/oem7/odom,39.663,-75.756,-1.800186915,0.002129611,0.000924147,0.002111435,-0.000277643,0.000924147,,,
1786043861066865924,1786043861.066325151,/novatel/oem7/inspva,/novatel/oem7/inspva,/novatel/oem7/inspva,39.663,-75.756,-1.800193194,0.002199265,0.001273089,-0.000372606,0.002167471,0.001273089,,novatel_oem7_msgs.msg.InertialSolutionStatus(status=3),
1786043861067906807,1786043861.066547997,/novatel/oem7/fix,/novatel/oem7/fix,/novatel/oem7/inspva,39.663,-75.756,-1.800193194,0.002199265,0.001273089,-0.000372606,0.002167471,0.001273089,,0,
1786043861068775860,1786043861.066865673,/novatel/oem7/odom,/novatel/oem7/fix,/novatel/oem7/odom,39.663,-75.756,-1.800193194,0.002195444,0.001279668,0.002140020,-0.000490195,0.001279668,,,
1786043861074928483,1786043861.074434498,/novatel/oem7/odom,/novatel/oem7/fix,/novatel/oem7/odom,39.663,-75.756,-1.800193194,0.002195444,0.001279668,0.002140020,-0.000490195,0.001279668,,,
1786043861085634542,1786043861.085098058,/novatel/oem7/inspva,/novatel/oem7/inspva,/novatel/oem7/inspva,39.663,-75.756,-1.800198245,0.001707728,0.001175534,0.000052687,0.001706915,0.001175534,,novatel_oem7_msgs.msg.InertialSolutionStatus(status=3),
1786043861086685718,1786043861.085267213,/novatel/oem7/fix,/novatel/oem7/fix,/novatel/oem7/inspva,39.663,-75.756,-1.800198245,0.001707728,0.001175534,0.000052687,0.001706915,0.001175534,,0,
1786043861087789954,1786043861.085590190,/novatel/oem7/odom,/novatel/oem7/fix,/novatel/oem7/odom,39.663,-75.756,-1.800198245,0.001703494,0.001181662,0.001703004,-0.000040850,0.001181662,,,
1786043861096069008,1786043861.095563642,/novatel/oem7/odom,/novatel/oem7/fix,/novatel/oem7/odom,39.663,-75.756,-1.800198245,0.001703494,0.001181662,0.001703004,-0.000040850,0.001181662,,,
1786043861106135223,1786043861.105694451,/novatel/oem7/inspva,/novatel/oem7/inspva,/novatel/oem7/inspva,39.663,-75.756,-1.800204595,0.001800943,0.001412470,-0.000174057,0.001792512,0.001412470,,novatel_oem7_msgs.msg.InertialSolutionStatus(status=3),
1786043861107150688,1786043861.105877827,/novatel/oem7/fix,/novatel/oem7/fix,/novatel/oem7/inspva,39.663,-75.756,-1.800204595,0.001800943,0.001412470,-0.000174057,0.001792512,0.001412470,,0,
1786043861107959264,1786043861.106378445,/novatel/oem7/odom,/novatel/oem7/fix,/novatel/oem7/odom,39.663,-75.756,-1.800204595,0.001796375,0.001418275,0.001775601,-0.000272403,0.001418275,,,
1786043861110203299,1786043861.109496243,/novatel/oem7/bestpos,/novatel/oem7/bestpos,/novatel/oem7/odom,39.663,-75.756,33.182278614,0.001796375,0.001418275,0.001775601,-0.000272403,0.001418275,,novatel_oem7_msgs.msg.SolutionStatus(status=0),novatel_oem7_msgs.msg.PositionOrVelocityType(type=53)
1786043861111849111,1786043861.110260297,/novatel/oem7/bestvel,/novatel/oem7/bestpos,/novatel/oem7/bestvel,39.663,-75.756,33.182278614,0.002226257,0.001353868,,,,100.864267753,novatel_oem7_msgs.msg.SolutionStatus(status=0),novatel_oem7_msgs.msg.PositionOrVelocityType(type=53)
1786043861114943665,1786043861.114325979,/novatel/oem7/odom,/novatel/oem7/bestpos,/novatel/oem7/odom,39.663,-75.756,33.182278614,0.001796375,0.001418275,0.001775601,-0.000272403,0.001418275,,,
1786043861127334924,1786043861.126756652,/novatel/oem7/inspva,/novatel/oem7/inspva,/novatel/oem7/inspva,39.663,-75.756,-1.800203971,0.002023776,0.001641646,-0.000013868,0.002023728,0.001641646,,novatel_oem7_msgs.msg.InertialSolutionStatus(status=3),
1786043861128385252,1786043861.126910927,/novatel/oem7/fix,/novatel/oem7/fix,/novatel/oem7/inspva,39.663,-75.756,-1.800203971,0.002023776,0.001641646,-0.000013868,0.002023728,0.001641646,,0,
1786043861129211190,1786043861.127386438,/novatel/oem7/odom,/novatel/oem7/fix,/novatel/oem7/odom,39.663,-75.756,-1.800203971,0.002018018,0.001648718,0.002014127,-0.000125261,0.001648718,,,
1786043861135222149,1786043861.134714390,/novatel/oem7/odom,/novatel/oem7/fix,/novatel/oem7/odom,39.663,-75.756,-1.800203971,0.002018018,0.001648718,0.002014127,-0.000125261,0.001648718,,,
1786043861145685240,1786043861.145221057,/novatel/oem7/inspva,/novatel/oem7/inspva,/novatel/oem7/inspva,39.663,-75.756,-1.800208573,0.002050040,0.001564490,-0.000252267,0.002034459,0.001564490,,novatel_oem7_msgs.msg.InertialSolutionStatus(status=3),
1786043861146720906,1786043861.145368175,/novatel/oem7/fix,/novatel/oem7/fix,/novatel/oem7/inspva,39.663,-75.756,-1.800208573,0.002050040,0.001564490,-0.000252267,0.002034459,0.001564490,,0,
1786043861147544264,1786043861.145746462,/novatel/oem7/odom,/novatel/oem7/fix,/novatel/oem7/odom,39.663,-75.756,-1.800208573,0.002045098,0.001570945,0.002012490,-0.000363739,0.001570945,,,
1786043861156690895,1786043861.156113758,/novatel/oem7/odom,/novatel/oem7/fix,/novatel/oem7/odom,39.663,-75.756,-1.800208573,0.002045098,0.001570945,0.002012490,-0.000363739,0.001570945,,,
1786043861165739102,1786043861.165312237,/novatel/oem7/inspva,/novatel/oem7/inspva,/novatel/oem7/inspva,39.663,-75.756,-1.800206700,0.002297377,0.001515789,-0.000073541,0.002296200,0.001515789,,novatel_oem7_msgs.msg.InertialSolutionStatus(status=3),
1786043861166784032,1786043861.165518436,/novatel/oem7/fix,/novatel/oem7/fix,/novatel/oem7/inspva,39.663,-75.756,-1.800206700,0.002297377,0.001515789,-0.000073541,0.002296200,0.001515789,,0,
1786043861167647414,1786043861.166309664,/novatel/oem7/odom,/novatel/oem7/fix,/novatel/oem7/odom,39.663,-75.756,-1.800206700,0.002292179,0.001523638,0.002283528,-0.000198960,0.001523638,,,
1786043861175522991,1786043861.174994280,/novatel/oem7/odom,/novatel/oem7/fix,/novatel/oem7/odom,39.663,-75.756,-1.800206700,0.002292179,0.001523638,0.002283528,-0.000198960,0.001523638,,,
1786043861187074241,1786043861.186224564,/novatel/oem7/inspva,/novatel/oem7/inspva,/novatel/oem7/inspva,39.663,-75.756,-1.800207701,0.002156799,0.001604705,-0.000220079,0.002145541,0.001604705,,novatel_oem7_msgs.msg.InertialSolutionStatus(status=3),
1786043861188113894,1786043861.186542513,/novatel/oem7/fix,/novatel/oem7/fix,/novatel/oem7/inspva,39.663,-75.756,-1.800207701,0.002156799,0.001604705,-0.000220079,0.002145541,0.001604705,,0,
1786043861188576527,1786043861.187206307,/novatel/oem7/odom,/novatel/oem7/fix,/novatel/oem7/odom,39.663,-75.756,-1.800207701,0.002151631,0.001611627,0.002124987,-0.000337561,0.001611627,,,
1786043861194973977,1786043861.194631636,/novatel/oem7/odom,/novatel/oem7/fix,/novatel/oem7/odom,39.663,-75.756,-1.800207701,0.002151631,0.001611627,0.002124987,-0.000337561,0.001611627,,,
1786043861206739781,1786043861.206457213,/novatel/oem7/inspva,/novatel/oem7/inspva,/novatel/oem7/inspva,39.663,-75.756,-1.800199820,0.002296321,0.001919065,0.000166372,0.002290286,0.001919065,,novatel_oem7_msgs.msg.InertialSolutionStatus(status=3),
1786043861207324958,1786043861.206638765,/novatel/oem7/fix,/novatel/oem7/fix,/novatel/oem7/inspva,39.663,-75.756,-1.800199820,0.002296321,0.001919065,0.000166372,0.002290286,0.001919065,,0,
1786043861207972098,1786043861.207340385,/novatel/oem7/odom,/novatel/oem7/fix,/novatel/oem7/odom,39.663,-75.756,-1.800199820,0.002289194,0.001927561,0.002288846,0.000039886,0.001927561,,,
1786043861210608668,1786043861.210315345,/novatel/oem7/bestpos,/novatel/oem7/bestpos,/novatel/oem7/odom,39.663,-75.756,33.182276214,0.002289194,0.001927561,0.002288846,0.000039886,0.001927561,,novatel_oem7_msgs.msg.SolutionStatus(status=0),novatel_oem7_msgs.msg.PositionOrVelocityType(type=53)
1786043861211188195,1786043861.210888978,/novatel/oem7/bestvel,/novatel/oem7/bestpos,/novatel/oem7/bestvel,39.663,-75.756,33.182276214,0.002749798,0.001712920,,,,87.528604484,novatel_oem7_msgs.msg.SolutionStatus(status=0),novatel_oem7_msgs.msg.PositionOrVelocityType(type=53)
1786043861216000927,1786043861.215684687,/novatel/oem7/odom,/novatel/oem7/bestpos,/novatel/oem7/odom,39.663,-75.756,33.182276214,0.002289194,0.001927561,0.002288846,0.000039886,0.001927561,,,
1786043861225521300,1786043861.225088862,/novatel/oem7/inspva,/novatel/oem7/inspva,/novatel/oem7/inspva,39.663,-75.756,-1.800199438,0.002133123,0.001815253,0.000095810,0.002130970,0.001815253,,novatel_oem7_msgs.msg.InertialSolutionStatus(status=3),
1786043861226276266,1786043861.225331365,/novatel/oem7/fix,/novatel/oem7/fix,/novatel/oem7/inspva,39.663,-75.756,-1.800199438,0.002133123,0.001815253,0.000095810,0.002130970,0.001815253,,0,
1786043861226909054,1786043861.225711915,/novatel/oem7/odom,/novatel/oem7/fix,/novatel/oem7/odom,39.663,-75.756,-1.800199438,0.002126521,0.001822983,0.002126408,-0.000021862,0.001822983,,,
1786043861235040329,1786043861.234567899,/novatel/oem7/odom,/novatel/oem7/fix,/novatel/oem7/odom,39.663,-75.756,-1.800199438,0.002126521,0.001822983,0.002126408,-0.000021862,0.001822983,,,
1786043861247195024,1786043861.246838357,/novatel/oem7/inspva,/novatel/oem7/inspva,/novatel/oem7/inspva,39.663,-75.756,-1.800192328,0.002340522,0.001804807,0.000422702,0.002302035,0.001804807,,novatel_oem7_msgs.msg.InertialSolutionStatus(status=3),
1786043861247846939,1786043861.246997182,/novatel/oem7/fix,/novatel/oem7/fix,/novatel/oem7/inspva,39.663,-75.756,-1.800192328,0.002340522,0.001804807,0.000422702,0.002302035,0.001804807,,0,
1786043861248334156,1786043861.247438936,/novatel/oem7/odom,/novatel/oem7/fix,/novatel/oem7/odom,39.663,-75.756,-1.800192328,0.002333391,0.001814017,0.002314601,0.000295529,0.001814017,,,
1786043861257959546,1786043861.257137050,/novatel/oem7/odom,/novatel/oem7/fix,/novatel/oem7/odom,39.663,-75.756,-1.800192328,0.002333391,0.001814017,0.002314601,0.000295529,0.001814017,,,
1786043861265865617,1786043861.265163873,/novatel/oem7/inspva,/novatel/oem7/inspva,/novatel/oem7/inspva,39.663,-75.756,-1.800192024,0.002566528,0.001448945,0.000387419,0.002537119,0.001448945,,novatel_oem7_msgs.msg.InertialSolutionStatus(status=3),
1786043861267678819,1786043861.265431169,/novatel/oem7/fix,/novatel/oem7/fix,/novatel/oem7/inspva,39.663,-75.756,-1.800192024,0.002566528,0.001448945,0.000387419,0.002537119,0.001448945,,0,
1786043861269006749,1786043861.265750452,/novatel/oem7/odom,/novatel/oem7/fix,/novatel/oem7/odom,39.663,-75.756,-1.800192024,0.002560896,0.001458876,0.002548787,0.000248740,0.001458876,,,
1786043861276272250,1786043861.275538952,/novatel/oem7/odom,/novatel/oem7/fix,/novatel/oem7/odom,39.663,-75.756,-1.800192024,0.002560896,0.001458876,0.002548787,0.000248740,0.001458876,,,
1786043861286043612,1786043861.285238474,/novatel/oem7/inspva,/novatel/oem7/inspva,/novatel/oem7/inspva,39.663,-75.756,-1.800178523,0.002540310,0.002231828,0.000254804,0.002527499,0.002231828,,novatel_oem7_msgs.msg.InertialSolutionStatus(status=3),
1786043861287622698,1786043861.285505824,/novatel/oem7/fix,/novatel/oem7/fix,/novatel/oem7/inspva,39.663,-75.756,-1.800178523,0.002540310,0.002231828,0.000254804,0.002527499,0.002231828,,0,
1786043861288709323,1786043861.285962752,/novatel/oem7/odom,/novatel/oem7/fix,/novatel/oem7/odom,39.663,-75.756,-1.800178523,0.002531889,0.002241377,0.002529283,0.000114830,0.002241377,,,
1786043861295409914,1786043861.294758688,/novatel/oem7/odom,/novatel/oem7/fix,/novatel/oem7/odom,39.663,-75.756,-1.800178523,0.002531889,0.002241377,0.002529283,0.000114830,0.002241377,,,
1786043861306641762,1786043861.305751906,/novatel/oem7/inspva,/novatel/oem7/inspva,/novatel/oem7/inspva,39.663,-75.756,-1.800179932,0.002714512,0.001758345,0.000345411,0.002692446,0.001758345,,novatel_oem7_msgs.msg.InertialSolutionStatus(status=3),
1786043861308566071,1786043861.306066579,/novatel/oem7/fix,/novatel/oem7/fix,/novatel/oem7/inspva,39.663,-75.756,-1.800179932,0.002714512,0.001758345,0.000345411,0.002692446,0.001758345,,0,
1786043861310065027,1786043861.306378322,/novatel/oem7/odom,/novatel/oem7/fix,/novatel/oem7/odom,39.663,-75.756,-1.800179932,0.002707768,0.001768713,0.002700535,0.000197778,0.001768713,,,
1786043861311961513,1786043861.308919232,/novatel/oem7/bestpos,/novatel/oem7/bestpos,/novatel/oem7/odom,39.663,-75.756,33.182305583,0.002707768,0.001768713,0.002700535,0.000197778,0.001768713,,novatel_oem7_msgs.msg.SolutionStatus(status=0),novatel_oem7_msgs.msg.PositionOrVelocityType(type=53)
1786043861313274526,1786043861.309266225,/novatel/oem7/bestvel,/novatel/oem7/bestpos,/novatel/oem7/bestvel,39.663,-75.756,33.182305583,0.002879762,0.001909802,,,,91.557287372,novatel_oem7_msgs.msg.SolutionStatus(status=0),novatel_oem7_msgs.msg.PositionOrVelocityType(type=53)
1786043861315762075,1786043861.314492557,/novatel/oem7/odom,/novatel/oem7/bestpos,/novatel/oem7/odom,39.663,-75.756,33.182305583,0.002707768,0.001768713,0.002700535,0.000197778,0.001768713,,,
1786043861325844640,1786043861.325122093,/novatel/oem7/inspva,/novatel/oem7/inspva,/novatel/oem7/inspva,39.663,-75.756,-1.800171965,0.002596145,0.001690603,0.000389621,0.002566742,0.001690603,,novatel_oem7_msgs.msg.InertialSolutionStatus(status=3),
1786043861327399236,1786043861.325335942,/novatel/oem7/fix,/novatel/oem7/fix,/novatel/oem7/inspva,39.663,-75.756,-1.800171965,0.002596145,0.001690603,0.000389621,0.002566742,0.001690603,,0,
1786043861328507311,1786043861.325770279,/novatel/oem7/odom,/novatel/oem7/fix,/novatel/oem7/odom,39.663,-75.756,-1.800171965,0.002589571,0.001700657,0.002577596,0.000248750,0.001700657,,,
1786043861336389424,1786043861.335561920,/novatel/oem7/odom,/novatel/oem7/fix,/novatel/oem7/odom,39.663,-75.756,-1.800171965,0.002589571,0.001700657,0.002577596,0.000248750,0.001700657,,,
1786043861345826953,1786043861.345095846,/novatel/oem7/inspva,/novatel/oem7/inspva,/novatel/oem7/inspva,39.663,-75.756,-1.800169746,0.002703973,0.001635123,0.000709024,0.002609360,0.001635123,,novatel_oem7_msgs.msg.InertialSolutionStatus(status=3),
1786043861347720436,1786043861.345353122,/novatel/oem7/fix,/novatel/oem7/fix,/novatel/oem7/inspva,39.663,-75.756,-1.800169746,0.002703973,0.001635123,0.000709024,0.002609360,0.001635123,,0,
1786043861349125904,1786043861.345728576,/novatel/oem7/odom,/novatel/oem7/fix,/novatel/oem7/odom,39.663,-75.756,-1.800169746,0.002697254,0.001646183,0.002637298,0.000565545,0.001646183,,,
1786043861356510562,1786043861.355636852,/novatel/oem7/odom,/novatel/oem7/fix,/novatel/oem7/odom,39.663,-75.756,-1.800169746,0.002697254,0.001646183,0.002637298,0.000565545,0.001646183,,,
1786043861368134148,1786043861.366727300,/novatel/oem7/inspva,/novatel/oem7/inspva,/novatel/oem7/inspva,39.663,-75.756,-1.800163168,0.002720859,0.001581788,0.000711699,0.002626130,0.001581788,,novatel_oem7_msgs.msg.InertialSolutionStatus(status=3),
1786043861369050580,1786043861.367072763,/novatel/oem7/fix,/novatel/oem7/fix,/novatel/oem7/inspva,39.663,-75.756,-1.800163168,0.002720859,0.001581788,0.000711699,0.002626130,0.001581788,,0,
1786043861369710138,1786043861.367777081,/novatel/oem7/odom,/novatel/oem7/fix,/novatel/oem7/odom,39.663,-75.756,-1.800163168,0.002714357,0.001592920,0.002654378,0.000567456,0.001592920,,,
1786043861375082334,1786043861.374659037,/novatel/oem7/odom,/novatel/oem7/fix,/novatel/oem7/odom,39.663,-75.756,-1.800163168,0.002714357,0.001592920,0.002654378,0.000567456,0.001592920,,,
1786043861385577118,1786043861.384872494,/novatel/oem7/inspva,/novatel/oem7/inspva,/novatel/oem7/inspva,39.663,-75.756,-1.800160655,0.002858979,0.001371541,0.000972723,0.002688414,0.001371541,,novatel_oem7_msgs.msg.InertialSolutionStatus(status=3),
1786043861387266565,1786043861.385088733,/novatel/oem7/fix,/novatel/oem7/fix,/novatel/oem7/inspva,39.663,-75.756,-1.800160655,0.002858979,0.001371541,0.000972723,0.002688414,0.001371541,,0,
1786043861388579428,1786043861.385648795,/novatel/oem7/odom,/novatel/oem7/fix,/novatel/oem7/odom,39.663,-75.756,-1.800160655,0.002853167,0.001383592,0.002731182,0.000825351,0.001383592,,,
1786043861396563140,1786043861.395610017,/novatel/oem7/odom,/novatel/oem7/fix,/novatel/oem7/odom,39.663,-75.756,-1.800160655,0.002853167,0.001383592,0.002731182,0.000825351,0.001383592,,,
1786043861407561488,1786043861.406657416,/novatel/oem7/inspva,/novatel/oem7/inspva,/novatel/oem7/inspva,39.663,-75.756,-1.800151025,0.002755057,0.001722731,0.000487198,0.002711637,0.001722731,,novatel_oem7_msgs.msg.InertialSolutionStatus(status=3),
1786043861409271322,1786043861.406913305,/novatel/oem7/fix,/novatel/oem7/fix,/novatel/oem7/inspva,39.663,-75.756,-1.800151025,0.002755057,0.001722731,0.000487198,0.002711637,0.001722731,,0,
1786043861410696563,1786043861.407480984,/novatel/oem7/odom,/novatel/oem7/fix,/novatel/oem7/odom,39.663,-75.756,-1.800151025,0.002748272,0.001733534,0.002727362,0.000338376,0.001733534,,,
1786043861412637220,1786043861.410500798,/novatel/oem7/bestpos,/novatel/oem7/bestpos,/novatel/oem7/odom,39.663,-75.756,33.182329465,0.002748272,0.001733534,0.002727362,0.000338376,0.001733534,,novatel_oem7_msgs.msg.SolutionStatus(status=0),novatel_oem7_msgs.msg.PositionOrVelocityType(type=53)
1786043861413824775,1786043861.410941470,/novatel/oem7/bestvel,/novatel/oem7/bestpos,/novatel/oem7/bestvel,39.663,-75.756,33.182329465,0.002826018,0.001630259,,,,77.690428758,novatel_oem7_msgs.msg.SolutionStatus(status=0),novatel_oem7_msgs.msg.PositionOrVelocityType(type=53)
1786043861415836982,1786043861.414906080,/novatel/oem7/odom,/novatel/oem7/bestpos,/novatel/oem7/odom,39.663,-75.756,33.182329465,0.002748272,0.001733534,0.002727362,0.000338376,0.001733534,,,
1786043861426751783,1786043861.426017543,/novatel/oem7/inspva,/novatel/oem7/inspva,/novatel/oem7/inspva,39.663,-75.756,-1.800150775,0.002739036,0.001548619,0.000740216,0.002637119,0.001548619,,novatel_oem7_msgs.msg.InertialSolutionStatus(status=3),
1786043861428359343,1786043861.426244371,/novatel/oem7/fix,/novatel/oem7/fix,/novatel/oem7/inspva,39.663,-75.756,-1.800150775,0.002739036,0.001548619,0.000740216,0.002637119,0.001548619,,0,
1786043861429470751,1786043861.426675510,/novatel/oem7/odom,/novatel/oem7/fix,/novatel/oem7/odom,39.663,-75.756,-1.800150775,0.002732656,0.001559849,0.002667000,0.000595415,0.001559849,,,
1786043861435697494,1786043861.434665017,/novatel/oem7/odom,/novatel/oem7/fix,/novatel/oem7/odom,39.663,-75.756,-1.800150775,0.002732656,0.001559849,0.002667000,0.000595415,0.001559849,,,
1786043861446024320,1786043861.445263992,/novatel/oem7/inspva,/novatel/oem7/inspva,/novatel/oem7/inspva,39.663,-75.756,-1.800149028,0.002883331,0.001007882,0.000824035,0.002763071,0.001007882,,novatel_oem7_msgs.msg.InertialSolutionStatus(status=3),
1786043861447767257,1786043861.445607798,/novatel/oem7/fix,/novatel/oem7/fix,/novatel/oem7/inspva,39.663,-75.756,-1.800149028,0.002883331,0.001007882,0.000824035,0.002763071,0.001007882,,0,
1786043861449103671,1786043861.446028960,/novatel/oem7/odom,/novatel/oem7/fix,/novatel/oem7/odom,39.663,-75.756,-1.800149028,0.002879152,0.001019757,0.002799192,0.000673828,0.001019757,,,
1786043861457056572,1786043861.456390192,/novatel/oem7/odom,/novatel/oem7/fix,/novatel/oem7/odom,39.663,-75.756,-1.800149028,0.002879152,0.001019757,0.002799192,0.000673828,0.001019757,,,
1786043861465831421,1786043861.465017882,/novatel/oem7/inspva,/novatel/oem7/inspva,/novatel/oem7/inspva,39.663,-75.756,-1.800146638,0.002690167,0.001206490,0.000792522,0.002570779,0.001206490,,novatel_oem7_msgs.msg.InertialSolutionStatus(status=3),
1786043861467320436,1786043861.465195880,/novatel/oem7/fix,/novatel/oem7/fix,/novatel/oem7/inspva,39.663,-75.756,-1.800146638,0.002690167,0.001206490,0.000792522,0.002570779,0.001206490,,0,
1786043861468385830,1786043861.465754217,/novatel/oem7/odom,/novatel/oem7/fix,/novatel/oem7/odom,39.663,-75.756,-1.800146638,0.002685153,0.001217608,0.002604776,0.000652065,0.001217608,,,
1786043861474936564,1786043861.474287997,/novatel/oem7/odom,/novatel/oem7/fix,/novatel/oem7/odom,39.663,-75.756,-1.800146638,0.002685153,0.001217608,0.002604776,0.000652065,0.001217608,,,
1786043861487128098,1786043861.486492476,/novatel/oem7/inspva,/novatel/oem7/inspva,/novatel/oem7/inspva,39.663,-75.756,-1.800137648,0.003160527,0.001516231,0.000747010,0.003070978,0.001516231,,novatel_oem7_msgs.msg.InertialSolutionStatus(status=3),
1786043861488580675,1786043861.486624401,/novatel/oem7/fix,/novatel/oem7/fix,/novatel/oem7/inspva,39.663,-75.756,-1.800137648,0.003160527,0.001516231,0.000747010,0.003070978,0.001516231,,0,
1786043861489623873,1786043861.487163918,/novatel/oem7/odom,/novatel/oem7/fix,/novatel/oem7/odom,39.663,-75.756,-1.800137648,0.003154378,0.001528984,0.003100728,0.000579299,0.001528984,,,
1786043861495155926,1786043861.494508380,/novatel/oem7/odom,/novatel/oem7/fix,/novatel/oem7/odom,39.663,-75.756,-1.800137648,0.003154378,0.001528984,0.003100728,0.000579299,0.001528984,,,
1786043861506680493,1786043861.505892059,/novatel/oem7/inspva,/novatel/oem7/inspva,/novatel/oem7/inspva,39.663,-75.756,-1.800136084,0.002730387,0.001583591,0.000829468,0.002601345,0.001583591,,novatel_oem7_msgs.msg.InertialSolutionStatus(status=3),
1786043861508357860,1786043861.506047792,/novatel/oem7/fix,/novatel/oem7/fix,/novatel/oem7/inspva,39.663,-75.756,-1.800136084,0.002730387,0.001583591,0.000829468,0.002601345,0.001583591,,0,
1786043861509656840,1786043861.506596559,/novatel/oem7/odom,/novatel/oem7/fix,/novatel/oem7/odom,39.663,-75.756,-1.800136084,0.002723777,0.001594935,0.002635882,0.000686356,0.001594935,,,
1786043861511913863,1786043861.511007936,/novatel/oem7/bestpos,/novatel/oem7/bestpos,/novatel/oem7/odom,39.663,-75.756,33.182345582,0.002723777,0.001594935,0.002635882,0.000686356,0.001594935,,novatel_oem7_msgs.msg.SolutionStatus(status=0),novatel_oem7_msgs.msg.PositionOrVelocityType(type=53)
1786043861513675308,1786043861.511385917,/novatel/oem7/bestvel,/novatel/oem7/bestpos,/novatel/oem7/bestvel,39.663,-75.756,33.182345582,0.002771159,0.001581008,,,,73.561244716,novatel_oem7_msgs.msg.SolutionStatus(status=0),novatel_oem7_msgs.msg.PositionOrVelocityType(type=53)
1786043861516345178,1786043861.515611307,/novatel/oem7/odom,/novatel/oem7/bestpos,/novatel/oem7/odom,39.663,-75.756,33.182345582,0.002723777,0.001594935,0.002635882,0.000686356,0.001594935,,,
1786043861526083811,1786043861.525314682,/novatel/oem7/inspva,/novatel/oem7/inspva,/novatel/oem7/inspva,39.663,-75.756,-1.800133201,0.003185183,0.000984783,0.000478740,0.003149000,0.000984783,,novatel_oem7_msgs.msg.InertialSolutionStatus(status=3),
1786043861527662617,1786043861.525488469,/novatel/oem7/fix,/novatel/oem7/fix,/novatel/oem7/inspva,39.663,-75.756,-1.800133201,0.003185183,0.000984783,0.000478740,0.003149000,0.000984783,,0,
1786043861528752528,1786043861.525955923,/novatel/oem7/odom,/novatel/oem7/fix,/novatel/oem7/odom,39.663,-75.756,-1.800133201,0.003181372,0.000997027,0.003166370,0.000308593,0.000997027,,,
1786043861535890740,1786043861.534903774,/novatel/oem7/odom,/novatel/oem7/fix,/novatel/oem7/odom,39.663,-75.756,-1.800133201,0.003181372,0.000997027,0.003166370,0.000308593,0.000997027,,,
1786043861546786448,1786043861.546006363,/novatel/oem7/inspva,/novatel/oem7/inspva,/novatel/oem7/inspva,39.663,-75.756,-1.800126882,0.002811613,0.001459300,0.000457951,0.002774067,0.001459300,,novatel_oem7_msgs.msg.InertialSolutionStatus(status=3),
1786043861548519442,1786043861.546161380,/novatel/oem7/fix,/novatel/oem7/fix,/novatel/oem7/inspva,39.663,-75.756,-1.800126882,0.002811613,0.001459300,0.000457951,0.002774067,0.001459300,,0,
1786043861549875633,1786043861.546872725,/novatel/oem7/odom,/novatel/oem7/fix,/novatel/oem7/odom,39.663,-75.756,-1.800126882,0.002805922,0.001470212,0.002789130,0.000306514,0.001470212,,,
1786043861556352025,1786043861.555732181,/novatel/oem7/odom,/novatel/oem7/fix,/novatel/oem7/odom,39.663,-75.756,-1.800126882,0.002805922,0.001470212,0.002789130,0.000306514,0.001470212,,,
1786043861567250329,1786043861.565235639,/novatel/oem7/inspva,/novatel/oem7/inspva,/novatel/oem7/inspva,39.663,-75.756,-1.800121697,0.003110537,0.001112600,0.000572671,0.003057366,0.001112600,,novatel_oem7_msgs.msg.InertialSolutionStatus(status=3),
1786043861569260670,1786043861.565446350,/novatel/oem7/fix,/novatel/oem7/fix,/novatel/oem7/inspva,39.663,-75.756,-1.800121697,0.003110537,0.001112600,0.000572671,0.003057366,0.001112600,,0,
1786043861570627484,1786043861.566518898,/novatel/oem7/odom,/novatel/oem7/fix,/novatel/oem7/odom,39.663,-75.756,-1.800121697,0.003106147,0.001124796,0.003079372,0.000406961,0.001124796,,,
1786043861576118206,1786043861.575375311,/novatel/oem7/odom,/novatel/oem7/fix,/novatel/oem7/odom,39.663,-75.756,-1.800121697,0.003106147,0.001124796,0.003079372,0.000406961,0.001124796,,,
1786043861585926633,1786043861.585267929,/novatel/oem7/inspva,/novatel/oem7/inspva,/novatel/oem7/inspva,39.663,-75.756,-1.800116427,0.002657077,0.001196528,0.000600804,0.002588261,0.001196528,,novatel_oem7_msgs.msg.InertialSolutionStatus(status=3),
1786043861587607137,1786043861.585360086,/novatel/oem7/fix,/novatel/oem7/fix,/novatel/oem7/inspva,39.663,-75.756,-1.800116427,0.002657077,0.001196528,0.000600804,0.002588261,0.001196528,,0,
1786043861588626940,1786043861.585792121,/novatel/oem7/odom,/novatel/oem7/fix,/novatel/oem7/odom,39.663,-75.756,-1.800116427,0.002652265,0.001207158,0.002612121,0.000459711,0.001207158,,,
1786043861595439129,1786043861.594272432,/novatel/oem7/odom,/novatel/oem7/fix,/novatel/oem7/odom,39.663,-75.756,-1.800116427,0.002652265,0.001207158,0.002612121,0.000459711,0.001207158,,,
1786043861606575296,1786043861.605778491,/novatel/oem7/inspva,/novatel/oem7/inspva,/novatel/oem7/inspva,39.663,-75.756,-1.800105335,0.002609934,0.001477488,0.000644538,0.002529096,0.001477488,,novatel_oem7_msgs.msg.InertialSolutionStatus(status=3),
1786043861608236073,1786043861.605947949,/novatel/oem7/fix,/novatel/oem7/fix,/novatel/oem7/inspva,39.663,-75.756,-1.800105335,0.002609934,0.001477488,0.000644538,0.002529096,0.001477488,,0,
1786043861609602523,1786043861.606775301,/novatel/oem7/odom,/novatel/oem7/fix,/novatel/oem7/odom,39.663,-75.756,-1.800105335,0.002603932,0.001488040,0.002554336,0.000505795,0.001488040,,,
1786043861611407352,1786043861.610290428,/novatel/oem7/bestpos,/novatel/oem7/bestpos,/novatel/oem7/odom,39.663,-75.756,33.182380318,0.002603932,0.001488040,0.002554336,0.000505795,0.001488040,,novatel_oem7_msgs.msg.SolutionStatus(status=0),novatel_oem7_msgs.msg.PositionOrVelocityType(type=53)
1786043861613205343,1786043861.610748983,/novatel/oem7/bestvel,/novatel/oem7/bestpos,/novatel/oem7/bestvel,39.663,-75.756,33.182380318,0.002557854,0.001539427,,,,77.138941120,novatel_oem7_msgs.msg.SolutionStatus(status=0),novatel_oem7_msgs.msg.PositionOrVelocityType(type=53)
1786043861615503876,1786043861.614563927,/novatel/oem7/odom,/novatel/oem7/bestpos,/novatel/oem7/odom,39.663,-75.756,33.182380318,0.002603932,0.001488040,0.002554336,0.000505795,0.001488040,,,
1786043861626004740,1786043861.625208749,/novatel/oem7/inspva,/novatel/oem7/inspva,/novatel/oem7/inspva,39.663,-75.756,-1.800099497,0.002670729,0.001733311,0.000599387,0.002602600,0.001733311,,novatel_oem7_msgs.msg.InertialSolutionStatus(status=3),
1786043861627746451,1786043861.625449281,/novatel/oem7/fix,/novatel/oem7/fix,/novatel/oem7/inspva,39.663,-75.756,-1.800099497,0.002670729,0.001733311,0.000599387,0.002602600,0.001733311,,0,
1786043861629176142,1786043861.625713053,/novatel/oem7/odom,/novatel/oem7/fix,/novatel/oem7/odom,39.663,-75.756,-1.800099497,0.002663763,0.001743997,0.002624416,0.000456149,0.001743997,,,
1786043861636759816,1786043861.635802603,/novatel/oem7/odom,/novatel/oem7/fix,/novatel/oem7/odom,39.663,-75.756,-1.800099497,0.002663763,0.001743997,0.002624416,0.000456149,0.001743997,,,
1786043861646197166,1786043861.645468159,/novatel/oem7/inspva,/novatel/oem7/inspva,/novatel/oem7/inspva,39.663,-75.756,-1.800094009,0.002916483,0.001025223,0.000433141,0.002884139,0.001025223,,novatel_oem7_msgs.msg.InertialSolutionStatus(status=3),
1786043861648056008,1786043861.645591994,/novatel/oem7/fix,/novatel/oem7/fix,/novatel/oem7/inspva,39.663,-75.756,-1.800094009,0.002916483,0.001025223,0.000433141,0.002884139,0.001025223,,0,
1786043861649490456,1786043861.646461005,/novatel/oem7/odom,/novatel/oem7/fix,/novatel/oem7/odom,39.663,-75.756,-1.800094009,0.002912498,0.001036488,0.002899294,0.000277017,0.001036488,,,
1786043861656659412,1786043861.655993768,/novatel/oem7/odom,/novatel/oem7/fix,/novatel/oem7/odom,39.663,-75.756,-1.800094009,0.002912498,0.001036488,0.002899294,0.000277017,0.001036488,,,
1786043861667334701,1786043861.666238689,/novatel/oem7/inspva,/novatel/oem7/inspva,/novatel/oem7/inspva,39.663,-75.756,-1.800085136,0.002477019,0.001359443,0.000607345,0.002401407,0.001359443,,novatel_oem7_msgs.msg.InertialSolutionStatus(status=3),
1786043861669258693,1786043861.666493279,/novatel/oem7/fix,/novatel/oem7/fix,/novatel/oem7/inspva,39.663,-75.756,-1.800085136,0.002477019,0.001359443,0.000607345,0.002401407,0.001359443,,0,
1786043861670672125,1786043861.666922896,/novatel/oem7/odom,/novatel/oem7/fix,/novatel/oem7/odom,39.663,-75.756,-1.800085136,0.002471498,0.001369456,0.002425282,0.000475718,0.001369456,,,
1786043861675536721,1786043861.674679805,/novatel/oem7/odom,/novatel/oem7/fix,/novatel/oem7/odom,39.663,-75.756,-1.800085136,0.002471498,0.001369456,0.002425282,0.000475718,0.001369456,,,
1786043861686062744,1786043861.685337527,/novatel/oem7/inspva,/novatel/oem7/inspva,/novatel/oem7/inspva,39.663,-75.756,-1.800075198,0.002380010,0.001305855,0.000694076,0.002276555,0.001305855,,novatel_oem7_msgs.msg.InertialSolutionStatus(status=3),
1786043861687544263,1786043861.685561949,/novatel/oem7/fix,/novatel/oem7/fix,/novatel/oem7/inspva,39.663,-75.756,-1.800075198,0.002380010,0.001305855,0.000694076,0.002276555,0.001305855,,0,
1786043861688593407,1786043861.686153149,/novatel/oem7/odom,/novatel/oem7/fix,/novatel/oem7/odom,39.663,-75.756,-1.800075198,0.002374593,0.001315679,0.002305385,0.000569115,0.001315679,,,
1786043861697033363,1786043861.696134840,/novatel/oem7/odom,/novatel/oem7/fix,/novatel/oem7/odom,39.663,-75.756,-1.800075198,0.002374593,0.001315679,0.002305385,0.000569115,0.001315679,,,
1786043861706667048,1786043861.705965627,/novatel/oem7/inspva,/novatel/oem7/inspva,/novatel/oem7/inspva,39.663,-75.756,-1.800068261,0.002441097,0.001364341,0.000911502,0.002264535,0.001364341,,novatel_oem7_msgs.msg.InertialSolutionStatus(status=3),
1786043861708030715,1786043861.706158229,/novatel/oem7/fix,/novatel/oem7/fix,/novatel/oem7/inspva,39.663,-75.756,-1.800068261,0.002441097,0.001364341,0.000911502,0.002264535,0.001364341,,0,
1786043861709048755,1786043861.706509728,/novatel/oem7/odom,/novatel/oem7/fix,/novatel/oem7/odom,39.663,-75.756,-1.800068261,0.002435271,0.001374714,0.002304705,0.000786689,0.001374714,,,
1786043861710653688,1786043861.709785189,/novatel/oem7/bestpos,/novatel/oem7/bestpos,/novatel/oem7/odom,39.663,-75.756,33.182414358,0.002435271,0.001374714,0.002304705,0.000786689,0.001374714,,novatel_oem7_msgs.msg.SolutionStatus(status=0),novatel_oem7_msgs.msg.PositionOrVelocityType(type=53)
1786043861712039068,1786043861.710352996,/novatel/oem7/bestvel,/novatel/oem7/bestpos,/novatel/oem7/bestvel,39.663,-75.756,33.182414358,0.002265282,0.001399407,,,,60.882713538,novatel_oem7_msgs.msg.SolutionStatus(status=0),novatel_oem7_msgs.msg.PositionOrVelocityType(type=53)
1786043861715152594,1786043861.714467357,/novatel/oem7/odom,/novatel/oem7/bestpos,/novatel/oem7/odom,39.663,-75.756,33.182414358,0.002435271,0.001374714,0.002304705,0.000786689,0.001374714,,,
1786043861727532243,1786043861.726699688,/novatel/oem7/inspva,/novatel/oem7/inspva,/novatel/oem7/inspva,39.663,-75.756,-1.800057599,0.002278430,0.001295342,0.000827636,0.002122796,0.001295342,,novatel_oem7_msgs.msg.InertialSolutionStatus(status=3),
1786043861729660708,1786043861.726935741,/novatel/oem7/fix,/novatel/oem7/fix,/novatel/oem7/inspva,39.663,-75.756,-1.800057599,0.002278430,0.001295342,0.000827636,0.002122796,0.001295342,,0,
1786043861731081686,1786043861.727227264,/novatel/oem7/odom,/novatel/oem7/fix,/novatel/oem7/odom,39.663,-75.756,-1.800057599,0.002272919,0.001304988,0.002158977,0.000710618,0.001304988,,,
1786043861736713439,1786043861.735751123,/novatel/oem7/odom,/novatel/oem7/fix,/novatel/oem7/odom,39.663,-75.756,-1.800057599,0.002272919,0.001304988,0.002158977,0.000710618,0.001304988,,,
1786043861746784632,1786043861.745742025,/novatel/oem7/inspva,/novatel/oem7/inspva,/novatel/oem7/inspva,39.663,-75.756,-1.800049793,0.002266736,0.001367844,0.001008271,0.002030143,0.001367844,,novatel_oem7_msgs.msg.InertialSolutionStatus(status=3),
1786043861748563040,1786043861.747005479,/novatel/oem7/fix,/novatel/oem7/fix,/novatel/oem7/inspva,39.663,-75.756,-1.800049793,0.002266736,0.001367844,0.001008271,0.002030143,0.001367844,,0,
1786043861749970611,1786043861.747858399,/novatel/oem7/odom,/novatel/oem7/fix,/novatel/oem7/odom,39.663,-75.756,-1.800049793,0.002260765,0.001377691,0.002075756,0.000895708,0.001377691,,,
1786043861756331093,1786043861.755579945,/novatel/oem7/odom,/novatel/oem7/fix,/novatel/oem7/odom,39.663,-75.756,-1.800049793,0.002260765,0.001377691,0.002075756,0.000895708,0.001377691,,,
1786043861766462669,1786043861.765518457,/novatel/oem7/inspva,/novatel/oem7/inspva,/novatel/oem7/inspva,39.663,-75.756,-1.800037283,0.002258446,0.001503610,0.000876163,0.002081566,0.001503610,,novatel_oem7_msgs.msg.InertialSolutionStatus(status=3),
1786043861768523590,1786043861.766465347,/novatel/oem7/fix,/novatel/oem7/fix,/novatel/oem7/inspva,39.663,-75.756,-1.800037283,0.002258446,0.001503610,0.000876163,0.002081566,0.001503610,,0,
1786043861769903024,1786043861.767733459,/novatel/oem7/odom,/novatel/oem7/fix,/novatel/oem7/odom,39.663,-75.756,-1.800037283,0.002251981,0.001513276,0.002119609,0.000760708,0.001513276,,,
1786043861775840017,1786043861.775003993,/novatel/oem7/odom,/novatel/oem7/fix,/novatel/oem7/odom,39.663,-75.756,-1.800037283,0.002251981,0.001513276,0.002119609,0.000760708,0.001513276,,,
1786043861786500943,1786043861.785906227,/novatel/oem7/inspva,/novatel/oem7/inspva,/novatel/oem7/inspva,39.663,-75.756,-1.800031407,0.002481296,0.001249642,0.001077387,0.002235188,0.001249642,,novatel_oem7_msgs.msg.InertialSolutionStatus(status=3),
1786043861787870310,1786043861.786062598,/novatel/oem7/fix,/novatel/oem7/fix,/novatel/oem7/inspva,39.663,-75.756,-1.800031407,0.002481296,0.001249642,0.001077387,0.002235188,0.001249642,,0,
1786043861788972145,1786043861.786361671,/novatel/oem7/odom,/novatel/oem7/fix,/novatel/oem7/odom,39.663,-75.756,-1.800031407,0.002475863,0.001260372,0.002284623,0.000954146,0.001260372,,,
1786043861795711533,1786043861.794529791,/novatel/oem7/odom,/novatel/oem7/fix,/novatel/oem7/odom,39.663,-75.756,-1.800031407,0.002475863,0.001260372,0.002284623,0.000954146,0.001260372,,,
1786043861808043409,1786043861.806854674,/novatel/oem7/inspva,/novatel/oem7/inspva,/novatel/oem7/inspva,39.663,-75.756,-1.800015648,0.002091502,0.001628012,0.000719057,0.001964010,0.001628012,,novatel_oem7_msgs.msg.InertialSolutionStatus(status=3),
1786043861809793930,1786043861.808221774,/novatel/oem7/fix,/novatel/oem7/fix,/novatel/oem7/inspva,39.663,-75.756,-1.800015648,0.002091502,0.001628012,0.000719057,0.001964010,0.001628012,,0,
1786043861811787670,1786043861.809548277,/novatel/oem7/odom,/novatel/oem7/fix,/novatel/oem7/odom,39.663,-75.756,-1.800015648,0.002084616,0.001636820,0.001993454,0.000609723,0.001636820,,,
1786043861813698359,1786043861.811215983,/novatel/oem7/bestpos,/novatel/oem7/bestpos,/novatel/oem7/odom,39.663,-75.756,33.182461658,0.002084616,0.001636820,0.001993454,0.000609723,0.001636820,,novatel_oem7_msgs.msg.SolutionStatus(status=0),novatel_oem7_msgs.msg.PositionOrVelocityType(type=53)
1786043861814857074,1786043861.812141023,/novatel/oem7/bestvel,/novatel/oem7/bestpos,/novatel/oem7/bestvel,39.663,-75.756,33.182461658,0.002216993,0.001527032,,,,68.792471682,novatel_oem7_msgs.msg.SolutionStatus(status=0),novatel_oem7_msgs.msg.PositionOrVelocityType(type=53)
1786043861816810464,1786043861.815749260,/novatel/oem7/odom,/novatel/oem7/bestpos,/novatel/oem7/odom,39.663,-75.756,33.182461658,0.002084616,0.001636820,0.001993454,0.000609723,0.001636820,,,
1786043861826719665,1786043861.825923543,/novatel/oem7/inspva,/novatel/oem7/inspva,/novatel/oem7/inspva,39.663,-75.756,-1.800007915,0.002505038,0.001247358,0.000924330,0.002328267,0.001247358,,novatel_oem7_msgs.msg.InertialSolutionStatus(status=3),
1786043861828260261,1786043861.826073055,/novatel/oem7/fix,/novatel/oem7/fix,/novatel/oem7/inspva,39.663,-75.756,-1.800007915,0.002505038,0.001247358,0.000924330,0.002328267,0.001247358,,0,
1786043861829500653,1786043861.826444411,/novatel/oem7/odom,/novatel/oem7/fix,/novatel/oem7/odom,39.663,-75.756,-1.800007915,0.002499723,0.001257974,0.002369478,0.000796362,0.001257974,,,
1786043861836246756,1786043861.835002949,/novatel/oem7/odom,/novatel/oem7/fix,/novatel/oem7/odom,39.663,-75.756,-1.800007915,0.002499723,0.001257974,0.002369478,0.000796362,0.001257974,,,
1786043861847027165,1786043861.846217017,/novatel/oem7/inspva,/novatel/oem7/inspva,/novatel/oem7/inspva,39.663,-75.756,-1.799989904,0.002323690,0.001718860,0.000997033,0.002098918,0.001718860,,novatel_oem7_msgs.msg.InertialSolutionStatus(status=3),
1786043861848735949,1786043861.846512176,/novatel/oem7/fix,/novatel/oem7/fix,/novatel/oem7/inspva,39.663,-75.756,-1.799989904,0.002323690,0.001718860,0.000997033,0.002098918,0.001718860,,0,
1786043861850066486,1786043861.847169268,/novatel/oem7/odom,/novatel/oem7/fix,/novatel/oem7/odom,39.663,-75.756,-1.799989904,0.002316213,0.001728921,0.002142564,0.000879922,0.001728921,,,
1786043861857543152,1786043861.856659112,/novatel/oem7/odom,/novatel/oem7/fix,/novatel/oem7/odom,39.663,-75.756,-1.799989904,0.002316213,0.001728921,0.002142564,0.000879922,0.001728921,,,
1786043861865924114,1786043861.864972954,/novatel/oem7/inspva,/novatel/oem7/inspva,/novatel/oem7/inspva,39.663,-75.756,-1.799982955,0.002706709,0.001239134,0.001273727,0.002388282,0.001239134,,novatel_oem7_msgs.msg.InertialSolutionStatus(status=3),
1786043861867876774,1786043861.865247084,/novatel/oem7/fix,/novatel/oem7/fix,/novatel/oem7/inspva,39.663,-75.756,-1.799982955,0.002706709,0.001239134,0.001273727,0.002388282,0.001239134,,0,
1786043861869345549,1786043861.865745922,/novatel/oem7/odom,/novatel/oem7/fix,/novatel/oem7/odom,39.663,-75.756,-1.799982955,0.002701261,0.001250967,0.002447950,0.001142082,0.001250967,,,
1786043861876164525,1786043861.875387056,/novatel/oem7/odom,/novatel/oem7/fix,/novatel/oem7/odom,39.663,-75.756,-1.799982955,0.002701261,0.001250967,0.002447950,0.001142082,0.001250967,,,
1786043861887200957,1786043861.886493043,/novatel/oem7/inspva,/novatel/oem7/inspva,/novatel/oem7/inspva,39.663,-75.756,-1.799962903,0.002317712,0.001749186,0.000918878,0.002127781,0.001749186,,novatel_oem7_msgs.msg.InertialSolutionStatus(status=3),
1786043861888690092,1786043861.886673222,/novatel/oem7/fix,/novatel/oem7/fix,/novatel/oem7/inspva,39.663,-75.756,-1.799962903,0.002317712,0.001749186,0.000918878,0.002127781,0.001749186,,0,
1786043861889789110,1786043861.887045058,/novatel/oem7/odom,/novatel/oem7/fix,/novatel/oem7/odom,39.663,-75.756,-1.799962903,0.002310186,0.001759113,0.002167149,0.000800265,0.001759113,,,
1786043861895553121,1786043861.895049940,/novatel/oem7/odom,/novatel/oem7/fix,/novatel/oem7/odom,39.663,-75.756,-1.799962903,0.002310186,0.001759113,0.002167149,0.000800265,0.001759113,,,
1786043861906183691,1786043861.905836196,/novatel/oem7/inspva,/novatel/oem7/inspva,/novatel/oem7/inspva,39.663,-75.756,-1.799954662,0.002797445,0.001441376,0.001335525,0.002458063,0.001441376,,novatel_oem7_msgs.msg.InertialSolutionStatus(status=3),
1786043861907311448,1786043861.906040205,/novatel/oem7/fix,/novatel/oem7/fix,/novatel/oem7/inspva,39.663,-75.756,-1.799954662,0.002797445,0.001441376,0.001335525,0.002458063,0.001441376,,0,
1786043861908341925,1786043861.906643922,/novatel/oem7/odom,/novatel/oem7/fix,/novatel/oem7/odom,39.663,-75.756,-1.799954662,0.002791111,0.001453603,0.002520175,0.001199591,0.001453603,,,
1786043861909870754,1786043861.909103073,/novatel/oem7/bestpos,/novatel/oem7/bestpos,/novatel/oem7/odom,39.663,-75.756,33.182519309,0.002791111,0.001453603,0.002520175,0.001199591,0.001453603,,novatel_oem7_msgs.msg.SolutionStatus(status=0),novatel_oem7_msgs.msg.PositionOrVelocityType(type=53)
1786043861911249952,1786043861.909451286,/novatel/oem7/bestvel,/novatel/oem7/bestpos,/novatel/oem7/bestvel,39.663,-75.756,33.182519309,0.002777643,0.001432300,,,,59.585716988,novatel_oem7_msgs.msg.SolutionStatus(status=0),novatel_oem7_msgs.msg.PositionOrVelocityType(type=53)
1786043861915255289,1786043861.914562565,/novatel/oem7/odom,/novatel/oem7/bestpos,/novatel/oem7/odom,39.663,-75.756,33.182519309,0.002791111,0.001453603,0.002520175,0.001199591,0.001453603,,,
1786043861925676911,1786043861.925079829,/novatel/oem7/inspva,/novatel/oem7/inspva,/novatel/oem7/inspva,39.663,-75.756,-1.799938786,0.002621313,0.001299555,0.001261312,0.002297907,0.001299555,,novatel_oem7_msgs.msg.InertialSolutionStatus(status=3),
1786043861926957971,1786043861.925267047,/novatel/oem7/fix,/novatel/oem7/fix,/novatel/oem7/inspva,39.663,-75.756,-1.799938786,0.002621313,0.001299555,0.001261312,0.002297907,0.001299555,,0,
1786043861928019739,1786043861.925766842,/novatel/oem7/odom,/novatel/oem7/fix,/novatel/oem7/odom,39.663,-75.756,-1.799938786,0.002615591,0.001311034,0.002356829,0.001134318,0.001311034,,,
1786043861935458098,1786043861.934811824,/novatel/oem7/odom,/novatel/oem7/fix,/novatel/oem7/odom,39.663,-75.756,-1.799938786,0.002615591,0.001311034,0.002356829,0.001134318,0.001311034,,,
1786043861946463647,1786043861.945908697,/novatel/oem7/inspva,/novatel/oem7/inspva,/novatel/oem7/inspva,39.663,-75.756,-1.799926861,0.002913135,0.001284979,0.001550663,0.002466130,0.001284979,,novatel_oem7_msgs.msg.InertialSolutionStatus(status=3),
1786043861947769890,1786043861.946055689,/novatel/oem7/fix,/novatel/oem7/fix,/novatel/oem7/inspva,39.663,-75.756,-1.799926861,0.002913135,0.001284979,0.001550663,0.002466130,0.001284979,,0,
1786043861948773893,1786043861.946394836,/novatel/oem7/odom,/novatel/oem7/fix,/novatel/oem7/odom,39.663,-75.756,-1.799926861,0.002907427,0.001297843,0.002540225,0.001414350,0.001297843,,,
1786043861956317693,1786043861.955617513,/novatel/oem7/odom,/novatel/oem7/fix,/novatel/oem7/odom,39.663,-75.756,-1.799926861,0.002907427,0.001297843,0.002540225,0.001414350,0.001297843,,,
1786043861965578714,1786043861.964992421,/novatel/oem7/inspva,/novatel/oem7/inspva,/novatel/oem7/inspva,39.663,-75.756,-1.799908895,0.002593939,0.001467279,0.001343828,0.002218704,0.001467279,,novatel_oem7_msgs.msg.InertialSolutionStatus(status=3),
1786043861966856480,1786043861.965132787,/novatel/oem7/fix,/novatel/oem7/fix,/novatel/oem7/inspva,39.663,-75.756,-1.799908895,0.002593939,0.001467279,0.001343828,0.002218704,0.001467279,,0,
1786043861967930868,1786043861.965538921,/novatel/oem7/odom,/novatel/oem7/fix,/novatel/oem7/odom,39.663,-75.756,-1.799908895,0.002587426,0.001478735,0.002281504,0.001220455,0.001478735,,,
1786043861976041617,1786043861.975400171,/novatel/oem7/odom,/novatel/oem7/fix,/novatel/oem7/odom,39.663,-75.756,-1.799908895,0.002587426,0.001478735,0.002281504,0.001220455,0.001478735,,,
1786043861985518524,1786043861.984942464,/novatel/oem7/inspva,/novatel/oem7/inspva,/novatel/oem7/inspva,39.663,-75.756,-1.799895450,0.002748484,0.001545768,0.001640563,0.002205157,0.001545768,,novatel_oem7_msgs.msg.InertialSolutionStatus(status=3),
1786043861986789390,1786043861.985087616,/novatel/oem7/fix,/novatel/oem7/fix,/novatel/oem7/inspva,39.663,-75.756,-1.799895450,0.002748484,0.001545768,0.001640563,0.002205157,0.001545768,,0,
1786043861987814220,1786043861.985513634,/novatel/oem7/odom,/novatel/oem7/fix,/novatel/oem7/odom,39.663,-75.756,-1.799895450,0.002741554,0.001558025,0.002283412,0.001517283,0.001558025,,,
1786043861995352094,1786043861.994482028,/novatel/oem7/odom,/novatel/oem7/fix,/novatel/oem7/odom,39.663,-75.756,-1.799895450,0.002741554,0.001558025,0.002283412,0.001517283,0.001558025,,,
1786043862011502858,1786043862.008511511,/novatel/oem7/inspva,/novatel/oem7/inspva,/novatel/oem7/inspva,39.663,-75.756,-1.799881632,0.002705856,0.000972986,0.001461909,0.002276945,0.000972986,,novatel_oem7_msgs.msg.InertialSolutionStatus(status=3),
1786043862012647585,1786043862.008715516,/novatel/oem7/fix,/novatel/oem7/fix,/novatel/oem7/inspva,39.663,-75.756,-1.799881632,0.002705856,0.000972986,0.001461909,0.002276945,0.000972986,,0,
1786043862013090777,1786043862.010032713,/novatel/oem7/odom,/novatel/oem7/fix,/novatel/oem7/odom,39.663,-75.756,-1.799881632,0.002701523,0.000984954,0.002347739,0.001336543,0.000984954,,,
1786043862016069908,1786043862.015753068,/novatel/oem7/odom,/novatel/oem7/fix,/novatel/oem7/odom,39.663,-75.756,-1.799881632,0.002701523,0.000984954,0.002347739,0.001336543,0.000984954,,,
1786043862027242421,1786043862.026503504,/novatel/oem7/bestpos,/novatel/oem7/bestpos,/novatel/oem7/odom,39.663,-75.756,33.182584937,0.002701523,0.000984954,0.002347739,0.001336543,0.000984954,,novatel_oem7_msgs.msg.SolutionStatus(status=0),novatel_oem7_msgs.msg.PositionOrVelocityType(type=53)
1786043862029237125,1786043862.027462274,/novatel/oem7/bestvel,/novatel/oem7/bestpos,/novatel/oem7/bestvel,39.663,-75.756,33.182584937,0.002435437,0.001125037,,,,50.347545737,novatel_oem7_msgs.msg.SolutionStatus(status=0),novatel_oem7_msgs.msg.PositionOrVelocityType(type=53)
1786043862030459697,1786043862.027927118,/novatel/oem7/inspva,/novatel/oem7/inspva,/novatel/oem7/inspva,39.663,-75.756,-1.799865213,0.002770732,0.001400677,0.001523143,0.002314517,0.001400677,,novatel_oem7_msgs.msg.InertialSolutionStatus(status=3),
1786043862031342800,1786043862.028068063,/novatel/oem7/fix,/novatel/oem7/fix,/novatel/oem7/inspva,39.663,-75.756,-1.799865213,0.002770732,0.001400677,0.001523143,0.002314517,0.001400677,,0,
1786043862032944979,1786043862.028530581,/novatel/oem7/odom,/novatel/oem7/fix,/novatel/oem7/odom,39.663,-75.756,-1.799865213,0.002764488,0.001412961,0.002386950,0.001394582,0.001412961,,,
1786043862035782835,1786043862.035040561,/novatel/oem7/odom,/novatel/oem7/fix,/novatel/oem7/odom,39.663,-75.756,-1.799865213,0.002764488,0.001412961,0.002386950,0.001394582,0.001412961,,,
1786043862046034679,1786043862.045282742,/novatel/oem7/inspva,/novatel/oem7/inspva,/novatel/oem7/inspva,39.663,-75.756,-1.799870905,0.002598290,0.001448912,0.001371142,0.002207052,0.001448912,,novatel_oem7_msgs.msg.InertialSolutionStatus(status=3),
1786043862047663752,1786043862.045449697,/novatel/oem7/fix,/novatel/oem7/fix,/novatel/oem7/inspva,39.663,-75.756,-1.799870905,0.002598290,0.001448912,0.001371142,0.002207052,0.001448912,,0,
1786043862048967206,1786043862.046087290,/novatel/oem7/odom,/novatel/oem7/fix,/novatel/oem7/odom,39.663,-75.756,-1.799870905,0.002591830,0.001460436,0.002271381,0.001248363,0.001460436,,,
1786043862057239280,1786043862.056470312,/novatel/oem7/odom,/novatel/oem7/fix,/novatel/oem7/odom,39.663,-75.756,-1.799870905,0.002591830,0.001460436,0.002271381,0.001248363,0.001460436,,,
1786043862066708860,1786043862.065994863,/novatel/oem7/inspva,/novatel/oem7/inspva,/novatel/oem7/inspva,39.663,-75.756,-1.799884334,0.002656694,0.001213506,0.001396351,0.002260139,0.001213506,,novatel_oem7_msgs.msg.InertialSolutionStatus(status=3),
1786043862068088607,1786043862.066147184,/novatel/oem7/fix,/novatel/oem7/fix,/novatel/oem7/inspva,39.663,-75.756,-1.799884334,0.002656694,0.001213506,0.001396351,0.002260139,0.001213506,,0,
1786043862069107487,1786043862.066615365,/novatel/oem7/odom,/novatel/oem7/fix,/novatel/oem7/odom,39.663,-75.756,-1.799884334,0.002651287,0.001225275,0.002326601,0.001271319,0.001225275,,,
1786043862075245467,1786043862.074507895,/novatel/oem7/odom,/novatel/oem7/fix,/novatel/oem7/odom,39.663,-75.756,-1.799884334,0.002651287,0.001225275,0.002326601,0.001271319,0.001225275,,,
1786043862085892931,1786043862.085167991,/novatel/oem7/inspva,/novatel/oem7/inspva,/novatel/oem7/inspva,39.663,-75.756,-1.799888247,0.002742759,0.001425240,0.001745488,0.002115655,0.001425240,,novatel_oem7_msgs.msg.InertialSolutionStatus(status=3),
1786043862087274252,1786043862.085321199,/novatel/oem7/fix,/novatel/oem7/fix,/novatel/oem7/inspva,39.663,-75.756,-1.799888247,0.002742759,0.001425240,0.001745488,0.002115655,0.001425240,,0,
1786043862088379683,1786043862.085845528,/novatel/oem7/odom,/novatel/oem7/fix,/novatel/oem7/odom,39.663,-75.756,-1.799888247,0.002736385,0.001437439,0.002200079,0.001627101,0.001437439,,,
1786043862096382272,1786043862.095633604,/novatel/oem7/odom,/novatel/oem7/fix,/novatel/oem7/odom,39.663,-75.756,-1.799888247,0.002736385,0.001437439,0.002200079,0.001627101,0.001437439,,,
1786043862106579308,1786043862.105868438,/novatel/oem7/inspva,/novatel/oem7/inspva,/novatel/oem7/inspva,39.663,-75.756,-1.799901588,0.002554828,0.001340978,0.001254538,0.002225597,0.001340978,,novatel_oem7_msgs.msg.InertialSolutionStatus(status=3),
1786043862107999533,1786043862.106009190,/novatel/oem7/fix,/novatel/oem7/fix,/novatel/oem7/inspva,39.663,-75.756,-1.799901588,0.002554828,0.001340978,0.001254538,0.002225597,0.001340978,,0,
1786043862109057884,1786043862.106471074,/novatel/oem7/odom,/novatel/oem7/fix,/novatel/oem7/odom,39.663,-75.756,-1.799901588,0.002548900,0.001352211,0.002284126,0.001131222,0.001352211,,,
1786043862110769408,1786043862.109527295,/novatel/oem7/bestpos,/novatel/oem7/bestpos,/novatel/oem7/odom,39.663,-75.756,33.182602356,0.002548900,0.001352211,0.002284126,0.001131222,0.001352211,,novatel_oem7_msgs.msg.SolutionStatus(status=0),novatel_oem7_msgs.msg.PositionOrVelocityType(type=53)
1786043862112207119,1786043862.110259236,/novatel/oem7/bestvel,/novatel/oem7/bestpos,/novatel/oem7/bestvel,39.663,-75.756,33.182602356,0.002788961,0.001280075,,,,68.078182545,novatel_oem7_msgs.msg.SolutionStatus(status=0),novatel_oem7_msgs.msg.PositionOrVelocityType(type=53)
1786043862115849843,1786043862.114652134,/novatel/oem7/odom,/novatel/oem7/bestpos,/novatel/oem7/odom,39.663,-75.756,33.182602356,0.002548900,0.001352211,0.002284126,0.001131222,0.001352211,,,
1786043862127184238,1786043862.126469774,/novatel/oem7/inspva,/novatel/oem7/inspva,/novatel/oem7/inspva,39.663,-75.756,-1.799907378,0.002765951,0.001230974,0.001579622,0.002270524,0.001230974,,novatel_oem7_msgs.msg.InertialSolutionStatus(status=3),
1786043862128608589,1786043862.126630892,/novatel/oem7/fix,/novatel/oem7/fix,/novatel/oem7/inspva,39.663,-75.756,-1.799907378,0.002765951,0.001230974,0.001579622,0.002270524,0.001230974,,0,
1786043862129640343,1786043862.127112757,/novatel/oem7/odom,/novatel/oem7/fix,/novatel/oem7/odom,39.663,-75.756,-1.799907378,0.002760455,0.001243249,0.002346628,0.001453771,0.001243249,,,
1786043862135409492,1786043862.134614500,/novatel/oem7/odom,/novatel/oem7/fix,/novatel/oem7/odom,39.663,-75.756,-1.799907378,0.002760455,0.001243249,0.002346628,0.001453771,0.001243249,,,
1786043862146692904,1786043862.145977146,/novatel/oem7/inspva,/novatel/oem7/inspva,/novatel/oem7/inspva,39.663,-75.756,-1.799917978,0.002381807,0.001303856,0.001214256,0.002049046,0.001303856,,novatel_oem7_msgs.msg.InertialSolutionStatus(status=3),
1786043862148042570,1786043862.146138701,/novatel/oem7/fix,/novatel/oem7/fix,/novatel/oem7/inspva,39.663,-75.756,-1.799917978,0.002381807,0.001303856,0.001214256,0.002049046,0.001303856,,0,
1786043862149059018,1786043862.146614209,/novatel/oem7/odom,/novatel/oem7/fix,/novatel/oem7/odom,39.663,-75.756,-1.799917978,0.002376043,0.001314332,0.002105835,0.001100471,0.001314332,,,
1786043862156839277,1786043862.156060842,/novatel/oem7/odom,/novatel/oem7/fix,/novatel/oem7/odom,39.663,-75.756,-1.799917978,0.002376043,0.001314332,0.002105835,0.001100471,0.001314332,,,
1786043862165853041,1786043862.165137757,/novatel/oem7/inspva,/novatel/oem7/inspva,/novatel/oem7/inspva,39.663,-75.756,-1.799923053,0.002412017,0.001304032,0.001524849,0.001868866,0.001304032,,novatel_oem7_msgs.msg.InertialSolutionStatus(status=3),
1786043862167262666,1786043862.165286929,/novatel/oem7/fix,/novatel/oem7/fix,/novatel/oem7/inspva,39.663,-75.756,-1.799923053,0.002412017,0.001304032,0.001524849,0.001868866,0.001304032,,0,
1786043862168286873,1786043862.165952739,/novatel/oem7/odom,/novatel/oem7/fix,/novatel/oem7/odom,39.663,-75.756,-1.799923053,0.002406204,0.001314728,0.001942391,0.001420188,0.001314728,,,
1786043862175787716,1786043862.175044845,/novatel/oem7/odom,/novatel/oem7/fix,/novatel/oem7/odom,39.663,-75.756,-1.799923053,0.002406204,0.001314728,0.001942391,0.001420188,0.001314728,,,
1786043862186200188,1786043862.185509392,/novatel/oem7/inspva,/novatel/oem7/inspva,/novatel/oem7/inspva,39.663,-75.756,-1.799935305,0.002235751,0.001347957,0.001172350,0.001903728,0.001347957,,novatel_oem7_msgs.msg.InertialSolutionStatus(status=3),
1786043862187589636,1786043862.185660783,/novatel/oem7/fix,/novatel/oem7/fix,/novatel/oem7/inspva,39.663,-75.756,-1.799935305,0.002235751,0.001347957,0.001172350,0.001903728,0.001347957,,0,
1786043862188614116,1786043862.186125445,/novatel/oem7/odom,/novatel/oem7/fix,/novatel/oem7/odom,39.663,-75.756,-1.799935305,0.002229799,0.001357780,0.001958363,0.001066217,0.001357780,,,
1786043862195123476,1786043862.194385425,/novatel/oem7/odom,/novatel/oem7/fix,/novatel/oem7/odom,39.663,-75.756,-1.799935305,0.002229799,0.001357780,0.001958363,0.001066217,0.001357780,,,
1786043862207148758,1786043862.206471502,/novatel/oem7/inspva,/novatel/oem7/inspva,/novatel/oem7/inspva,39.663,-75.756,-1.799944485,0.002344740,0.000866309,0.001685656,0.001629837,0.000866309,,novatel_oem7_msgs.msg.InertialSolutionStatus(status=3),
1786043862208520615,1786043862.206620946,/novatel/oem7/fix,/novatel/oem7/fix,/novatel/oem7/inspva,39.663,-75.756,-1.799944485,0.002344740,0.000866309,0.001685656,0.001629837,0.000866309,,0,
1786043862209543179,1786043862.207114064,/novatel/oem7/odom,/novatel/oem7/fix,/novatel/oem7/odom,39.663,-75.756,-1.799944485,0.002340926,0.000876563,0.001713837,0.001594583,0.000876563,,,
1786043862211108235,1786043862.210201573,/novatel/oem7/bestpos,/novatel/oem7/bestpos,/novatel/oem7/odom,39.663,-75.756,33.182583652,0.002340926,0.000876563,0.001713837,0.001594583,0.000876563,,novatel_oem7_msgs.msg.SolutionStatus(status=0),novatel_oem7_msgs.msg.PositionOrVelocityType(type=53)
1786043862212477076,1786043862.210562856,/novatel/oem7/bestvel,/novatel/oem7/bestpos,/novatel/oem7/bestvel,39.663,-75.756,33.182583652,0.001752694,0.001331973,,,,47.741328348,novatel_oem7_msgs.msg.SolutionStatus(status=0),novatel_oem7_msgs.msg.PositionOrVelocityType(type=53)
1786043862216350328,1786043862.215621195,/novatel/oem7/odom,/novatel/oem7/bestpos,/novatel/oem7/odom,39.663,-75.756,33.182583652,0.002340926,0.000876563,0.001713837,0.001594583,0.000876563,,,
1786043862225785851,1786043862.225097841,/novatel/oem7/inspva,/novatel/oem7/inspva,/novatel/oem7/inspva,39.663,-75.756,-1.799955579,0.002164390,0.001134313,0.001344727,0.001695964,0.001134313,,novatel_oem7_msgs.msg.InertialSolutionStatus(status=3),
1786043862227136198,1786043862.225244516,/novatel/oem7/fix,/novatel/oem7/fix,/novatel/oem7/inspva,39.663,-75.756,-1.799955579,0.002164390,0.001134313,0.001344727,0.001695964,0.001134313,,0,
1786043862228150998,1786043862.225694787,/novatel/oem7/odom,/novatel/oem7/fix,/novatel/oem7/odom,39.663,-75.756,-1.799955579,0.002159361,0.001143857,0.001760828,0.001249929,0.001143857,,,
1786043862235191704,1786043862.234464243,/novatel/oem7/odom,/novatel/oem7/fix,/novatel/oem7/odom,39.663,-75.756,-1.799955579,0.002159361,0.001143857,0.001760828,0.001249929,0.001143857,,,
1786043862247059088,1786043862.245928679,/novatel/oem7/inspva,/novatel/oem7/inspva,/novatel/oem7/inspva,39.663,-75.756,-1.799960540,0.002441054,0.001360708,0.001455922,0.001959346,0.001360708,,novatel_oem7_msgs.msg.InertialSolutionStatus(status=3),
1786043862248883413,1786043862.246136248,/novatel/oem7/fix,/novatel/oem7/fix,/novatel/oem7/inspva,39.663,-75.756,-1.799960540,0.002441054,0.001360708,0.001455922,0.001959346,0.001360708,,0,
1786043862250310511,1786043862.246729331,/novatel/oem7/odom,/novatel/oem7/fix,/novatel/oem7/odom,39.663,-75.756,-1.799960540,0.002435010,0.001371495,0.002028912,0.001346398,0.001371495,,,
1786043862257627902,1786043862.256571994,/novatel/oem7/odom,/novatel/oem7/fix,/novatel/oem7/odom,39.663,-75.756,-1.799960540,0.002435010,0.001371495,0.002028912,0.001346398,0.001371495,,,
1786043862265683077,1786043862.265012727,/novatel/oem7/inspva,/novatel/oem7/inspva,/novatel/oem7/inspva,39.663,-75.756,-1.799973099,0.002024203,0.001346705,0.001097457,0.001700878,0.001346705,,novatel_oem7_msgs.msg.InertialSolutionStatus(status=3),
1786043862267445463,1786043862.265177069,/novatel/oem7/fix,/novatel/oem7/fix,/novatel/oem7/inspva,39.663,-75.756,-1.799973099,0.002024203,0.001346705,0.001097457,0.001700878,0.001346705,,0,
1786043862268112132,1786043862.265598259,/novatel/oem7/odom,/novatel/oem7/fix,/novatel/oem7/odom,39.663,-75.756,-1.799973099,0.002018261,0.001355594,0.001751856,0.001002186,0.001355594,,,
1786043862275285857,1786043862.274909498,/novatel/oem7/odom,/novatel/oem7/fix,/novatel/oem7/odom,39.663,-75.756,-1.799973099,0.002018261,0.001355594,0.001751856,0.001002186,0.001355594,,,
1786043862285803804,1786043862.285385123,/novatel/oem7/inspva,/novatel/oem7/inspva,/novatel/oem7/inspva,39.663,-75.756,-1.799980569,0.002388945,0.001095734,0.001166362,0.002084864,0.001095734,,novatel_oem7_msgs.msg.InertialSolutionStatus(status=3),
1786043862286503748,1786043862.285646083,/novatel/oem7/fix,/novatel/oem7/fix,/novatel/oem7/inspva,39.663,-75.756,-1.799980569,0.002388945,0.001095734,0.001166362,0.002084864,0.001095734,,0,
1786043862289058572,1786043862.286235333,/novatel/oem7/odom,/novatel/oem7/fix,/novatel/oem7/odom,39.663,-75.756,-1.799980569,0.002384157,0.001106111,0.002139874,0.001051258,0.001106111,,,
1786043862295242517,1786043862.294862537,/novatel/oem7/odom,/novatel/oem7/fix,/novatel/oem7/odom,39.663,-75.756,-1.799980569,0.002384157,0.001106111,0.002139874,0.001051258,0.001106111,,,
1786043862306359876,1786043862.305953238,/novatel/oem7/inspva,/novatel/oem7/inspva,/novatel/oem7/inspva,39.663,-75.756,-1.799993852,0.001993497,0.001114875,0.001091819,0.001667921,0.001114875,,novatel_oem7_msgs.msg.InertialSolutionStatus(status=3),
1786043862307053329,1786043862.306106066,/novatel/oem7/fix,/novatel/oem7/fix,/novatel/oem7/inspva,39.663,-75.756,-1.799993852,0.001993497,0.001114875,0.001091819,0.001667921,0.001114875,,0,
1786043862307605613,1786043862.306581343,/novatel/oem7/odom,/novatel/oem7/fix,/novatel/oem7/odom,39.663,-75.756,-1.799993852,0.001988600,0.001123587,0.001719512,0.000998902,0.001123587,,,
1786043862309902528,1786043862.309472571,/novatel/oem7/bestpos,/novatel/oem7/bestpos,/novatel/oem7/odom,39.663,-75.756,33.182535289,0.001988600,0.001123587,0.001719512,0.000998902,0.001123587,,novatel_oem7_msgs.msg.SolutionStatus(status=0),novatel_oem7_msgs.msg.PositionOrVelocityType(type=53)
1786043862310607025,1786043862.310121100,/novatel/oem7/bestvel,/novatel/oem7/bestpos,/novatel/oem7/bestvel,39.663,-75.756,33.182535289,0.001626377,0.001464242,,,,66.583355531,novatel_oem7_msgs.msg.SolutionStatus(status=0),novatel_oem7_msgs.msg.PositionOrVelocityType(type=53)
1786043862314820974,1786043862.314399030,/novatel/oem7/odom,/novatel/oem7/bestpos,/novatel/oem7/odom,39.663,-75.756,33.182535289,0.001988600,0.001123587,0.001719512,0.000998902,0.001123587,,,
1786043862325598556,1786043862.325100120,/novatel/oem7/inspva,/novatel/oem7/inspva,/novatel/oem7/inspva,39.663,-75.756,-1.800003891,0.002439516,0.000918790,0.001521082,0.001907237,0.000918790,,novatel_oem7_msgs.msg.InertialSolutionStatus(status=3),
1786043862326412974,1786043862.325222771,/novatel/oem7/fix,/novatel/oem7/fix,/novatel/oem7/inspva,39.663,-75.756,-1.800003891,0.002439516,0.000918790,0.001521082,0.001907237,0.000918790,,0,
1786043862326950071,1786043862.325765588,/novatel/oem7/odom,/novatel/oem7/fix,/novatel/oem7/odom,39.663,-75.756,-1.800003891,0.002435444,0.000929531,0.001981963,0.001415349,0.000929531,,,
1786043862336127303,1786043862.335703162,/novatel/oem7/odom,/novatel/oem7/fix,/novatel/oem7/odom,39.663,-75.756,-1.800003891,0.002435444,0.000929531,0.001981963,0.001415349,0.000929531,,,
1786043862346038479,1786043862.345482249,/novatel/oem7/inspva,/novatel/oem7/inspva,/novatel/oem7/inspva,39.663,-75.756,-1.800020030,0.001930863,0.000941580,0.001310359,0.001418165,0.000941580,,novatel_oem7_msgs.msg.InertialSolutionStatus(status=3),
1786043862346972463,1786043862.345735168,/novatel/oem7/fix,/novatel/oem7/fix,/novatel/oem7/inspva,39.663,-75.756,-1.800020030,0.001930863,0.000941580,0.001310359,0.001418165,0.000941580,,0,
1786043862347742599,1786043862.346359575,/novatel/oem7/odom,/novatel/oem7/fix,/novatel/oem7/odom,39.663,-75.756,-1.800020030,0.001926715,0.000950041,0.001482326,0.001230828,0.000950041,,,
1786043862356449480,1786043862.355906535,/novatel/oem7/odom,/novatel/oem7/fix,/novatel/oem7/odom,39.663,-75.756,-1.800020030,0.001926715,0.000950041,0.001482326,0.001230828,0.000950041,,,
1786043862366600427,1786043862.365977960,/novatel/oem7/inspva,/novatel/oem7/inspva,/novatel/oem7/inspva,39.663,-75.756,-1.800024809,0.002548758,0.001455460,0.001514437,0.002050036,0.001455460,,novatel_oem7_msgs.msg.InertialSolutionStatus(status=3),
1786043862367588904,1786043862.366198336,/novatel/oem7/fix,/novatel/oem7/fix,/novatel/oem7/inspva,39.663,-75.756,-1.800024809,0.002548758,0.001455460,0.001514437,0.002050036,0.001455460,,0,
1786043862368257799,1786043862.366865436,/novatel/oem7/odom,/novatel/oem7/fix,/novatel/oem7/odom,39.663,-75.756,-1.800024809,0.002542333,0.001466655,0.002122289,0.001399766,0.001466655,,,
1786043862375359735,1786043862.374972159,/novatel/oem7/odom,/novatel/oem7/fix,/novatel/oem7/odom,39.663,-75.756,-1.800024809,0.002542333,0.001466655,0.002122289,0.001399766,0.001466655,,,
1786043862385253537,1786043862.384888917,/novatel/oem7/inspva,/novatel/oem7/inspva,/novatel/oem7/inspva,39.663,-75.756,-1.800044332,0.002273437,0.001096565,0.001388743,0.001799974,0.001096565,,novatel_oem7_msgs.msg.InertialSolutionStatus(status=3),
1786043862385898069,1786043862.385074005,/novatel/oem7/fix,/novatel/oem7/fix,/novatel/oem7/inspva,39.663,-75.756,-1.800044332,0.002273437,0.001096565,0.001388743,0.001799974,0.001096565,,0,
1786043862386367487,1786043862.385564437,/novatel/oem7/odom,/novatel/oem7/fix,/novatel/oem7/odom,39.663,-75.756,-1.800044332,0.002268589,0.001106559,0.001867197,0.001288439,0.001106559,,,
1786043862395058861,1786043862.394686833,/novatel/oem7/odom,/novatel/oem7/fix,/novatel/oem7/odom,39.663,-75.756,-1.800044332,0.002268589,0.001106559,0.001867197,0.001288439,0.001106559,,,
1786043862406967892,1786043862.406568957,/novatel/oem7/inspva,/novatel/oem7/inspva,/novatel/oem7/inspva,39.663,-75.756,-1.800056265,0.002111444,0.000918300,0.001368407,0.001607998,0.000918300,,novatel_oem7_msgs.msg.InertialSolutionStatus(status=3),
1786043862407653943,1786043862.406768128,/novatel/oem7/fix,/novatel/oem7/fix,/novatel/oem7/inspva,39.663,-75.756,-1.800056265,0.002111444,0.000918300,0.001368407,0.001607998,0.000918300,,0,
1786043862408124124,1786043862.407264804,/novatel/oem7/odom,/novatel/oem7/fix,/novatel/oem7/odom,39.663,-75.756,-1.800056265,0.002107377,0.000927595,0.001675038,0.001278783,0.000927595,,,
1786043862410605646,1786043862.410077433,/novatel/oem7/bestpos,/novatel/oem7/bestpos,/novatel/oem7/odom,39.663,-75.756,33.182462869,0.002107377,0.000927595,0.001675038,0.001278783,0.000927595,,novatel_oem7_msgs.msg.SolutionStatus(status=0),novatel_oem7_msgs.msg.PositionOrVelocityType(type=53)
1786043862411250535,1786043862.410584044,/novatel/oem7/bestvel,/novatel/oem7/bestpos,/novatel/oem7/bestvel,39.663,-75.756,33.182462869,0.002453051,0.000678728,,,,53.438904902,novatel_oem7_msgs.msg.SolutionStatus(status=0),novatel_oem7_msgs.msg.PositionOrVelocityType(type=53)
1786043862415176866,1786043862.414824494,/novatel/oem7/odom,/novatel/oem7/bestpos,/novatel/oem7/odom,39.663,-75.756,33.182462869,0.002107377,0.000927595,0.001675038,0.001278783,0.000927595,,,
1786043862426504629,1786043862.426009121,/novatel/oem7/inspva,/novatel/oem7/inspva,/novatel/oem7/inspva,39.663,-75.756,-1.800075632,0.002147466,0.000596670,0.001370269,0.001653473,0.000596670,,novatel_oem7_msgs.msg.InertialSolutionStatus(status=3),
1786043862427344663,1786043862.426199428,/novatel/oem7/fix,/novatel/oem7/fix,/novatel/oem7/inspva,39.663,-75.756,-1.800075632,0.002147466,0.000596670,0.001370269,0.001653473,0.000596670,,0,
1786043862427873940,1786043862.426738765,/novatel/oem7/odom,/novatel/oem7/fix,/novatel/oem7/odom,39.663,-75.756,-1.800075632,0.002144817,0.000606126,0.001721710,0.001279044,0.000606126,,,
1786043862436108674,1786043862.434520735,/novatel/oem7/odom,/novatel/oem7/fix,/novatel/oem7/odom,39.663,-75.756,-1.800075632,0.002144817,0.000606126,0.001721710,0.001279044,0.000606126,,,
1786043862445873859,1786043862.445287277,/novatel/oem7/inspva,/novatel/oem7/inspva,/novatel/oem7/inspva,39.663,-75.756,-1.800081401,0.001958720,0.001283386,0.001293143,0.001471178,0.001283386,,novatel_oem7_msgs.msg.InertialSolutionStatus(status=3),
1786043862446760328,1786043862.445622394,/novatel/oem7/fix,/novatel/oem7/fix,/novatel/oem7/inspva,39.663,-75.756,-1.800081401,0.001958720,0.001283386,0.001293143,0.001471178,0.001283386,,0,
1786043862447521864,1786043862.446197246,/novatel/oem7/odom,/novatel/oem7/fix,/novatel/oem7/odom,39.663,-75.756,-1.800081401,0.001953071,0.001291965,0.001533142,0.001209944,0.001291965,,,
1786043862456933482,1786043862.456488555,/novatel/oem7/odom,/novatel/oem7/fix,/novatel/oem7/odom,39.663,-75.756,-1.800081401,0.001953071,0.001291965,0.001533142,0.001209944,0.001291965,,,
1786043862465672803,1786043862.465045812,/novatel/oem7/inspva,/novatel/oem7/inspva,/novatel/oem7/inspva,39.663,-75.756,-1.800103519,0.002024924,0.000901932,0.001640385,0.001187204,0.000901932,,novatel_oem7_msgs.msg.InertialSolutionStatus(status=3),
1786043862466649168,1786043862.465301675,/novatel/oem7/fix,/novatel/oem7/fix,/novatel/oem7/inspva,39.663,-75.756,-1.800103519,0.002024924,0.000901932,0.001640385,0.001187204,0.000901932,,0,
1786043862467349195,1786043862.465830550,/novatel/oem7/odom,/novatel/oem7/fix,/novatel/oem7/odom,39.663,-75.756,-1.800103519,0.002021073,0.000910528,0.001269353,0.001572729,0.000910528,,,
1786043862474980019,1786043862.474530059,/novatel/oem7/odom,/novatel/oem7/fix,/novatel/oem7/odom,39.663,-75.756,-1.800103519,0.002021073,0.000910528,0.001269353,0.001572729,0.000910528,,,
1786043862486992928,1786043862.486519977,/novatel/oem7/inspva,/novatel/oem7/inspva,/novatel/oem7/inspva,39.663,-75.756,-1.800116121,0.001790572,0.000705218,0.001406611,0.001107969,0.000705218,,novatel_oem7_msgs.msg.InertialSolutionStatus(status=3),
1786043862488567084,1786043862.486741223,/novatel/oem7/fix,/novatel/oem7/fix,/novatel/oem7/inspva,39.663,-75.756,-1.800116121,0.001790572,0.000705218,0.001406611,0.001107969,0.000705218,,0,
1786043862489750711,1786043862.487391052,/novatel/oem7/odom,/novatel/oem7/fix,/novatel/oem7/odom,39.663,-75.756,-1.800116121,0.001787531,0.000712890,0.001178547,0.001343985,0.000712890,,,
1786043862495135486,1786043862.494733577,/novatel/oem7/odom,/novatel/oem7/fix,/novatel/oem7/odom,39.663,-75.756,-1.800116121,0.001787531,0.000712890,0.001178547,0.001343985,0.000712890,,,
1786043862506476926,1786043862.505939004,/novatel/oem7/inspva,/novatel/oem7/inspva,/novatel/oem7/inspva,39.663,-75.756,-1.800135790,0.002053499,0.000709565,0.001660799,0.001207728,0.000709565,,novatel_oem7_msgs.msg.InertialSolutionStatus(status=3),
1786043862507223622,1786043862.506155060,/novatel/oem7/fix,/novatel/oem7/fix,/novatel/oem7/inspva,39.663,-75.756,-1.800135790,0.002053499,0.000709565,0.001660799,0.001207728,0.000709565,,0,
1786043862507762847,1786043862.506674689,/novatel/oem7/odom,/novatel/oem7/fix,/novatel/oem7/odom,39.663,-75.756,-1.800135790,0.002050461,0.000718297,0.001291615,0.001592521,0.000718297,,,
1786043862511768592,1786043862.511172217,/novatel/oem7/bestpos,/novatel/oem7/bestpos,/novatel/oem7/odom,39.663,-75.756,33.182380276,0.002050461,0.000718297,0.001291615,0.001592521,0.000718297,,novatel_oem7_msgs.msg.SolutionStatus(status=0),novatel_oem7_msgs.msg.PositionOrVelocityType(type=53)
1786043862512566317,1786043862.511601966,/novatel/oem7/bestvel,/novatel/oem7/bestpos,/novatel/oem7/bestvel,39.663,-75.756,33.182380276,0.002370899,0.000458304,,,,38.868965266,novatel_oem7_msgs.msg.SolutionStatus(status=0),novatel_oem7_msgs.msg.PositionOrVelocityType(type=53)
1786043862515933637,1786043862.515414131,/novatel/oem7/odom,/novatel/oem7/bestpos,/novatel/oem7/odom,39.663,-75.756,33.182380276,0.002050461,0.000718297,0.001291615,0.001592521,0.000718297,,,
1786043862525848456,1786043862.525217297,/novatel/oem7/inspva,/novatel/oem7/inspva,/novatel/oem7/inspva,39.663,-75.756,-1.800151000,0.001562063,0.000410440,0.001039117,0.001166309,0.000410440,,novatel_oem7_msgs.msg.InertialSolutionStatus(status=3),
1786043862526836412,1786043862.525491077,/novatel/oem7/fix,/novatel/oem7/fix,/novatel/oem7/inspva,39.663,-75.756,-1.800151000,0.001562063,0.000410440,0.001039117,0.001166309,0.000410440,,0,
1786043862527519617,1786043862.526017689,/novatel/oem7/odom,/novatel/oem7/fix,/novatel/oem7/odom,39.663,-75.756,-1.800151000,0.001560244,0.000417304,0.001218341,0.000974682,0.000417304,,,
1786043862535409464,1786043862.534882006,/novatel/oem7/odom,/novatel/oem7/fix,/novatel/oem7/odom,39.663,-75.756,-1.800151000,0.001560244,0.000417304,0.001218341,0.000974682,0.000417304,,,
1786043862546573774,1786043862.546016439,/novatel/oem7/inspva,/novatel/oem7/inspva,/novatel/oem7/inspva,39.663,-75.756,-1.800171459,0.001872761,0.000497913,0.001480320,0.001147120,0.000497913,,novatel_oem7_msgs.msg.InertialSolutionStatus(status=3),
1786043862547612437,1786043862.546344402,/novatel/oem7/fix,/novatel/oem7/fix,/novatel/oem7/inspva,39.663,-75.756,-1.800171459,0.001872761,0.000497913,0.001480320,0.001147120,0.000497913,,0,
1786043862548373591,1786043862.546756416,/novatel/oem7/odom,/novatel/oem7/fix,/novatel/oem7/odom,39.663,-75.756,-1.800171459,0.001870610,0.000505934,0.001222281,0.001416055,0.000505934,,,
1786043862556391866,1786043862.555875076,/novatel/oem7/odom,/novatel/oem7/fix,/novatel/oem7/odom,39.663,-75.756,-1.800171459,0.001870610,0.000505934,0.001222281,0.001416055,0.000505934,,,
1786043862566076840,1786043862.565208321,/novatel/oem7/inspva,/novatel/oem7/inspva,/novatel/oem7/inspva,39.663,-75.756,-1.800188546,0.001383059,0.000190672,0.000983630,0.000972279,0.000190672,,novatel_oem7_msgs.msg.InertialSolutionStatus(status=3),
1786043862567452226,1786043862.565497567,/novatel/oem7/fix,/novatel/oem7/fix,/novatel/oem7/inspva,39.663,-75.756,-1.800188546,0.001383059,0.000190672,0.000983630,0.000972279,0.000190672,,0,
1786043862568408023,1786043862.566019209,/novatel/oem7/odom,/novatel/oem7/fix,/novatel/oem7/odom,39.663,-75.756,-1.800188546,0.001382212,0.000196719,0.001022420,0.000930144,0.000196719,,,
1786043862575847817,1786043862.575407965,/novatel/oem7/odom,/novatel/oem7/fix,/novatel/oem7/odom,39.663,-75.756,-1.800188546,0.001382212,0.000196719,0.001022420,0.000930144,0.000196719,,,
1786043862585399396,1786043862.585048199,/novatel/oem7/inspva,/novatel/oem7/inspva,/novatel/oem7/inspva,39.663,-75.756,-1.800209896,0.001764126,0.000420008,0.001448362,0.001007168,0.000420008,,novatel_oem7_msgs.msg.InertialSolutionStatus(status=3),
1786043862586084998,1786043862.585224498,/novatel/oem7/fix,/novatel/oem7/fix,/novatel/oem7/inspva,39.663,-75.756,-1.800209896,0.001764126,0.000420008,0.001448362,0.001007168,0.000420008,,0,
1786043862586636239,1786043862.585714366,/novatel/oem7/odom,/novatel/oem7/fix,/novatel/oem7/odom,39.663,-75.756,-1.800209896,0.001762343,0.000427427,0.001081104,0.001391785,0.000427427,,,
1786043862595377918,1786043862.594638683,/novatel/oem7/odom,/novatel/oem7/fix,/novatel/oem7/odom,39.663,-75.756,-1.800209896,0.001762343,0.000427427,0.001081104,0.001391785,0.000427427,,,
1786043862607013982,1786043862.606481154,/novatel/oem7/inspva,/novatel/oem7/inspva,/novatel/oem7/inspva,39.663,-75.756,-1.800229661,0.001495497,0.000056833,0.001165098,0.000937581,0.000056833,,novatel_oem7_msgs.msg.InertialSolutionStatus(status=3),
1786043862607774749,1786043862.606702959,/novatel/oem7/fix,/novatel/oem7/fix,/novatel/oem7/inspva,39.663,-75.756,-1.800229661,0.001495497,0.000056833,0.001165098,0.000937581,0.000056833,,0,
1786043862608309047,1786043862.607124717,/novatel/oem7/odom,/novatel/oem7/fix,/novatel/oem7/odom,39.663,-75.756,-1.800229661,0.001495239,0.000063270,0.000997873,0.001113548,0.000063270,,,
1786043862610575982,1786043862.610128924,/novatel/oem7/bestpos,/novatel/oem7/bestpos,/novatel/oem7/odom,39.663,-75.756,33.182282406,0.001495239,0.000063270,0.000997873,0.001113548,0.000063270,,novatel_oem7_msgs.msg.SolutionStatus(status=0),novatel_oem7_msgs.msg.PositionOrVelocityType(type=53)
1786043862611296271,1786043862.610598449,/novatel/oem7/bestvel,/novatel/oem7/bestpos,/novatel/oem7/bestvel,39.663,-75.756,33.182282406,0.002049410,-0.000372373,,,,43.776186134,novatel_oem7_msgs.msg.SolutionStatus(status=0),novatel_oem7_msgs.msg.PositionOrVelocityType(type=53)
1786043862615168235,1786043862.614784971,/novatel/oem7/odom,/novatel/oem7/bestpos,/novatel/oem7/odom,39.663,-75.756,33.182282406,0.001495239,0.000063270,0.000997873,0.001113548,0.000063270,,,
1786043862625596685,1786043862.624962205,/novatel/oem7/inspva,/novatel/oem7/inspva,/novatel/oem7/inspva,39.663,-75.756,-1.800252420,0.001836043,-0.000058118,0.001554788,0.000976569,-0.000058118,,novatel_oem7_msgs.msg.InertialSolutionStatus(status=3),
1786043862626589085,1786043862.625169791,/novatel/oem7/fix,/novatel/oem7/fix,/novatel/oem7/inspva,39.663,-75.756,-1.800252420,0.001836043,-0.000058118,0.001554788,0.000976569,-0.000058118,,0,
1786043862627282549,1786043862.625780880,/novatel/oem7/odom,/novatel/oem7/fix,/novatel/oem7/odom,39.663,-75.756,-1.800252420,0.001836268,-0.000050515,0.001057895,0.001500912,-0.000050515,,,
1786043862636461258,1786043862.635851690,/novatel/oem7/odom,/novatel/oem7/fix,/novatel/oem7/odom,39.663,-75.756,-1.800252420,0.001836268,-0.000050515,0.001057895,0.001500912,-0.000050515,,,
1786043862646643149,1786043862.645543584,/novatel/oem7/inspva,/novatel/oem7/inspva,/novatel/oem7/inspva,39.663,-75.756,-1.800264463,0.001220145,0.000484140,0.000861450,0.000864094,0.000484140,,novatel_oem7_msgs.msg.InertialSolutionStatus(status=3),
1786043862648741997,1786043862.645872101,/novatel/oem7/fix,/novatel/oem7/fix,/novatel/oem7/inspva,39.663,-75.756,-1.800264463,0.001220145,0.000484140,0.000861450,0.000864094,0.000484140,,0,
1786043862650191772,1786043862.646702422,/novatel/oem7/odom,/novatel/oem7/fix,/novatel/oem7/odom,39.663,-75.756,-1.800264463,0.001218033,0.000489429,0.000906875,0.000813131,0.000489429,,,
1786043862657417805,1786043862.656552623,/novatel/oem7/odom,/novatel/oem7/fix,/novatel/oem7/odom,39.663,-75.756,-1.800264463,0.001218033,0.000489429,0.000906875,0.000813131,0.000489429,,,
1786043862667212332,1786043862.666274132,/novatel/oem7/inspva,/novatel/oem7/inspva,/novatel/oem7/inspva,39.663,-75.756,-1.800288464,0.001518739,0.000309904,0.001189173,0.000944688,0.000309904,,novatel_oem7_msgs.msg.InertialSolutionStatus(status=3),
1786043862668881986,1786043862.666536972,/novatel/oem7/fix,/novatel/oem7/fix,/novatel/oem7/inspva,39.663,-75.756,-1.800288464,0.001518739,0.000309904,0.001189173,0.000944688,0.000309904,,0,
1786043862670179112,1786043862.666997183,/novatel/oem7/odom,/novatel/oem7/fix,/novatel/oem7/odom,39.663,-75.756,-1.800288464,0.001517407,0.000316363,0.001005367,0.001136556,0.000316363,,,
1786043862675791749,1786043862.674655037,/novatel/oem7/odom,/novatel/oem7/fix,/novatel/oem7/odom,39.663,-75.756,-1.800288464,0.001517407,0.000316363,0.001005367,0.001136556,0.000316363,,,
1786043862686446481,1786043862.685341619,/novatel/oem7/inspva,/novatel/oem7/inspva,/novatel/oem7/inspva,39.663,-75.756,-1.800306641,0.001364074,-0.000105781,0.001011238,0.000915475,-0.000105781,,novatel_oem7_msgs.msg.InertialSolutionStatus(status=3),
1786043862688452891,1786043862.685673899,/novatel/oem7/fix,/novatel/oem7/fix,/novatel/oem7/inspva,39.663,-75.756,-1.800306641,0.001364074,-0.000105781,0.001011238,0.000915475,-0.000105781,,0,
1786043862689874275,1786043862.686198868,/novatel/oem7/odom,/novatel/oem7/fix,/novatel/oem7/odom,39.663,-75.756,-1.800306641,0.001364517,-0.000099908,0.000968220,0.000961487,-0.000099908,,,
1786043862696473606,1786043862.695523433,/novatel/oem7/odom,/novatel/oem7/fix,/novatel/oem7/odom,39.663,-75.756,-1.800306641,0.001364517,-0.000099908,0.000968220,0.000961487,-0.000099908,,,
1786043862707045017,1786043862.706012826,/novatel/oem7/inspva,/novatel/oem7/inspva,/novatel/oem7/inspva,39.663,-75.756,-1.800327946,0.001289349,-0.000001867,0.000950295,0.000871413,-0.000001867,,novatel_oem7_msgs.msg.InertialSolutionStatus(status=3),
1786043862708759484,1786043862.706251292,/novatel/oem7/fix,/novatel/oem7/fix,/novatel/oem7/inspva,39.663,-75.756,-1.800327946,0.001289349,-0.000001867,0.000950295,0.000871413,-0.000001867,,0,
1786043862710002070,1786043862.706657723,/novatel/oem7/odom,/novatel/oem7/fix,/novatel/oem7/odom,39.663,-75.756,-1.800327946,0.001289345,0.000003688,0.000920625,0.000902696,0.000003688,,,
1786043862711731748,1786043862.709231579,/novatel/oem7/bestpos,/novatel/oem7/bestpos,/novatel/oem7/odom,39.663,-75.756,33.182208089,0.001289345,0.000003688,0.000920625,0.000902696,0.000003688,,novatel_oem7_msgs.msg.SolutionStatus(status=0),novatel_oem7_msgs.msg.PositionOrVelocityType(type=53)
1786043862712894030,1786043862.709914009,/novatel/oem7/bestvel,/novatel/oem7/bestpos,/novatel/oem7/bestvel,39.663,-75.756,33.182208089,0.001255837,0.000131444,,,,14.126533627,novatel_oem7_msgs.msg.SolutionStatus(status=0),novatel_oem7_msgs.msg.PositionOrVelocityType(type=53)
1786043862715663865,1786043862.714613617,/novatel/oem7/odom,/novatel/oem7/bestpos,/novatel/oem7/odom,39.663,-75.756,33.182208089,0.001289345,0.000003688,0.000920625,0.000902696,0.000003688,,,
1786043862727777555,1786043862.726734890,/novatel/oem7/inspva,/novatel/oem7/inspva,/novatel/oem7/inspva,39.663,-75.756,-1.800344284,0.001245268,-0.000003682,0.001025264,0.000706772,-0.000003682,,novatel_oem7_msgs.msg.InertialSolutionStatus(status=3),
1786043862729521289,1786043862.726963786,/novatel/oem7/fix,/novatel/oem7/fix,/novatel/oem7/inspva,39.663,-75.756,-1.800344284,0.001245268,-0.000003682,0.001025264,0.000706772,-0.000003682,,0,
1786043862730881563,1786043862.727203421,/novatel/oem7/odom,/novatel/oem7/fix,/novatel/oem7/odom,39.663,-75.756,-1.800344284,0.001245272,0.000001518,0.000760193,0.000986311,0.000001518,,,
1786043862735846313,1786043862.735052320,/novatel/oem7/odom,/novatel/oem7/fix,/novatel/oem7/odom,39.663,-75.756,-1.800344284,0.001245272,0.000001518,0.000760193,0.000986311,0.000001518,,,
1786043862747183152,1786043862.745015646,/novatel/oem7/inspva,/novatel/oem7/inspva,/novatel/oem7/inspva,39.663,-75.756,-1.800368163,0.001358708,0.000073736,0.000928924,0.000991559,0.000073736,,novatel_oem7_msgs.msg.InertialSolutionStatus(status=3),
1786043862748384617,1786043862.745273889,/novatel/oem7/fix,/novatel/oem7/fix,/novatel/oem7/inspva,39.663,-75.756,-1.800368163,0.001358708,0.000073736,0.000928924,0.000991559,0.000073736,,0,
1786043862750348424,1786043862.746613973,/novatel/oem7/odom,/novatel/oem7/fix,/novatel/oem7/odom,39.663,-75.756,-1.800368163,0.001358375,0.000079633,0.001039207,0.000874776,0.000079633,,,
1786043862756721819,1786043862.755641124,/novatel/oem7/odom,/novatel/oem7/fix,/novatel/oem7/odom,39.663,-75.756,-1.800368163,0.001358375,0.000079633,0.001039207,0.000874776,0.000079633,,,
1786043862766855918,1786043862.765829422,/novatel/oem7/inspva,/novatel/oem7/inspva,/novatel/oem7/inspva,39.663,-75.756,-1.800384589,0.000964067,0.000056236,0.000647681,0.000714096,0.000056236,,novatel_oem7_msgs.msg.InertialSolutionStatus(status=3),
1786043862768797295,1786043862.766082221,/novatel/oem7/fix,/novatel/oem7/fix,/novatel/oem7/inspva,39.663,-75.756,-1.800384589,0.000964067,0.000056236,0.000647681,0.000714096,0.000056236,,0,
1786043862770240007,1786043862.766538093,/novatel/oem7/odom,/novatel/oem7/fix,/novatel/oem7/odom,39.663,-75.756,-1.800384589,0.000963813,0.000060426,0.000747270,0.000608707,0.000060426,,,
1786043862775541197,1786043862.774639348,/novatel/oem7/odom,/novatel/oem7/fix,/novatel/oem7/odom,39.663,-75.756,-1.800384589,0.000963813,0.000060426,0.000747270,0.000608707,0.000060426,,,
1786043862787230029,1786043862.786328203,/novatel/oem7/inspva,/novatel/oem7/inspva,/novatel/oem7/inspva,39.663,-75.756,-1.800406452,0.000917309,0.000168668,0.000461913,0.000792522,0.000168668,,novatel_oem7_msgs.msg.InertialSolutionStatus(status=3),
1786043862789221866,1786043862.786628726,/novatel/oem7/fix,/novatel/oem7/fix,/novatel/oem7/inspva,39.663,-75.756,-1.800406452,0.000917309,0.000168668,0.000461913,0.000792522,0.000168668,,0,
1786043862790599414,1786043862.787126801,/novatel/oem7/odom,/novatel/oem7/fix,/novatel/oem7/odom,39.663,-75.756,-1.800406452,0.000916575,0.000172611,0.000815327,0.000418750,0.000172611,,,
1786043862795417823,1786043862.794599084,/novatel/oem7/odom,/novatel/oem7/fix,/novatel/oem7/odom,39.663,-75.756,-1.800406452,0.000916575,0.000172611,0.000815327,0.000418750,0.000172611,,,
1786043862807169389,1786043862.806489315,/novatel/oem7/inspva,/novatel/oem7/inspva,/novatel/oem7/inspva,39.663,-75.756,-1.800426925,0.001020789,-0.000240496,0.000690515,0.000751798,-0.000240496,,novatel_oem7_msgs.msg.InertialSolutionStatus(status=3),
1786043862808702041,1786043862.806697688,/novatel/oem7/fix,/novatel/oem7/fix,/novatel/oem7/inspva,39.663,-75.756,-1.800426925,0.001020789,-0.000240496,0.000690515,0.000751798,-0.000240496,,0,
1786043862809819842,1786043862.807317184,/novatel/oem7/odom,/novatel/oem7/fix,/novatel/oem7/odom,39.663,-75.756,-1.800426925,0.001021825,-0.000236058,0.000788242,0.000650231,-0.000236058,,,
1786043862811351065,1786043862.810161719,/novatel/oem7/bestpos,/novatel/oem7/bestpos,/novatel/oem7/odom,39.663,-75.756,33.182106543,0.001021825,-0.000236058,0.000788242,0.000650231,-0.000236058,,novatel_oem7_msgs.msg.SolutionStatus(status=0),novatel_oem7_msgs.msg.PositionOrVelocityType(type=53)
1786043862812407006,1786043862.810667798,/novatel/oem7/bestvel,/novatel/oem7/bestpos,/novatel/oem7/bestvel,39.663,-75.756,33.182106543,0.001067393,-0.000278443,,,,45.949927054,novatel_oem7_msgs.msg.SolutionStatus(status=0),novatel_oem7_msgs.msg.PositionOrVelocityType(type=53)
1786043862816750676,1786043862.815674309,/novatel/oem7/odom,/novatel/oem7/bestpos,/novatel/oem7/odom,39.663,-75.756,33.182106543,0.001021825,-0.000236058,0.000788242,0.000650231,-0.000236058,,,
1786043862825872163,1786043862.825070521,/novatel/oem7/inspva,/novatel/oem7/inspva,/novatel/oem7/inspva,39.663,-75.756,-1.800451794,0.000808554,-0.000315623,0.000626636,0.000510967,-0.000315623,,novatel_oem7_msgs.msg.InertialSolutionStatus(status=3),
1786043862827882616,1786043862.825300397,/novatel/oem7/fix,/novatel/oem7/fix,/novatel/oem7/inspva,39.663,-75.756,-1.800451794,0.000808554,-0.000315623,0.000626636,0.000510967,-0.000315623,,0,
1786043862829493953,1786043862.825553210,/novatel/oem7/odom,/novatel/oem7/fix,/novatel/oem7/odom,39.663,-75.756,-1.800451794,0.000809888,-0.000312182,0.000544624,0.000599420,-0.000312182,,,
1786043862835111210,1786043862.834368195,/novatel/oem7/odom,/novatel/oem7/fix,/novatel/oem7/odom,39.663,-75.756,-1.800451794,0.000809888,-0.000312182,0.000544624,0.000599420,-0.000312182,,,
1786043862847301507,1786043862.846157262,/novatel/oem7/inspva,/novatel/oem7/inspva,/novatel/oem7/inspva,39.663,-75.756,-1.800465634,0.000862131,0.000183770,0.000722314,0.000470673,0.000183770,,novatel_oem7_msgs.msg.InertialSolutionStatus(status=3),
1786043862849787492,1786043862.846506922,/novatel/oem7/fix,/novatel/oem7/fix,/novatel/oem7/inspva,39.663,-75.756,-1.800465634,0.000862131,0.000183770,0.000722314,0.000470673,0.000183770,,0,
1786043862851654671,1786043862.847164892,/novatel/oem7/odom,/novatel/oem7/fix,/novatel/oem7/odom,39.663,-75.756,-1.800465634,0.000861365,0.000187331,0.000507716,0.000695826,0.000187331,,,
1786043862858061200,1786043862.857080633,/novatel/oem7/odom,/novatel/oem7/fix,/novatel/oem7/odom,39.663,-75.756,-1.800465634,0.000861365,0.000187331,0.000507716,0.000695826,0.000187331,,,
1786043862866124135,1786043862.865212312,/novatel/oem7/inspva,/novatel/oem7/inspva,/novatel/oem7/inspva,39.663,-75.756,-1.800490632,0.000553475,0.000301127,0.000426492,0.000352759,0.000301127,,novatel_oem7_msgs.msg.InertialSolutionStatus(status=3),
1786043862868005787,1786043862.866185195,/novatel/oem7/fix,/novatel/oem7/fix,/novatel/oem7/inspva,39.663,-75.756,-1.800490632,0.000553475,0.000301127,0.000426492,0.000352759,0.000301127,,0,
1786043862869369625,1786043862.867376458,/novatel/oem7/odom,/novatel/oem7/fix,/novatel/oem7/odom,39.663,-75.756,-1.800490632,0.000552184,0.000303487,0.000373842,0.000406387,0.000303487,,,
1786043862875977002,1786043862.875396663,/novatel/oem7/odom,/novatel/oem7/fix,/novatel/oem7/odom,39.663,-75.756,-1.800490632,0.000552184,0.000303487,0.000373842,0.000406387,0.000303487,,,
1786043862886250480,1786043862.885332491,/novatel/oem7/inspva,/novatel/oem7/inspva,/novatel/oem7/inspva,39.663,-75.756,-1.800511026,0.000868821,-0.000169510,0.000399403,0.000771575,-0.000169510,,novatel_oem7_msgs.msg.InertialSolutionStatus(status=3),
1786043862888319848,1786043862.885627504,/novatel/oem7/fix,/novatel/oem7/fix,/novatel/oem7/inspva,39.663,-75.756,-1.800511026,0.000868821,-0.000169510,0.000399403,0.000771575,-0.000169510,,0,
1786043862889902784,1786043862.886340681,/novatel/oem7/odom,/novatel/oem7/fix,/novatel/oem7/odom,39.663,-75.756,-1.800511026,0.000869536,-0.000165806,0.000792286,0.000358294,-0.000165806,,,
1786043862895903008,1786043862.894923735,/novatel/oem7/odom,/novatel/oem7/fix,/novatel/oem7/odom,39.663,-75.756,-1.800511026,0.000869536,-0.000165806,0.000792286,0.000358294,-0.000165806,,,
1786043862906848900,1786043862.905869429,/novatel/oem7/inspva,/novatel/oem7/inspva,/novatel/oem7/inspva,39.663,-75.756,-1.800534350,0.000490362,0.000088081,0.000075208,0.000484560,0.000088081,,novatel_oem7_msgs.msg.InertialSolutionStatus(status=3),
1786043862908051442,1786043862.906105745,/novatel/oem7/fix,/novatel/oem7/fix,/novatel/oem7/inspva,39.663,-75.756,-1.800534350,0.000490362,0.000088081,0.000075208,0.000484560,0.000088081,,0,
1786043862908621904,1786043862.906517539,/novatel/oem7/odom,/novatel/oem7/fix,/novatel/oem7/odom,39.663,-75.756,-1.800534350,0.000490027,0.000089922,0.000487557,0.000049142,0.000089922,,,
1786043862910252207,1786043862.909572132,/novatel/oem7/bestpos,/novatel/oem7/bestpos,/novatel/oem7/odom,39.663,-75.756,33.182000792,0.000490027,0.000089922,0.000487557,0.000049142,0.000089922,,novatel_oem7_msgs.msg.SolutionStatus(status=0),novatel_oem7_msgs.msg.PositionOrVelocityType(type=53)
1786043862910982438,1786043862.909713810,/novatel/oem7/bestvel,/novatel/oem7/bestpos,/novatel/oem7/bestvel,39.663,-75.756,33.182000792,0.000426049,0.000309476,,,,118.991579779,novatel_oem7_msgs.msg.SolutionStatus(status=0),novatel_oem7_msgs.msg.PositionOrVelocityType(type=53)
1786043862915540611,1786043862.914542817,/novatel/oem7/odom,/novatel/oem7/bestpos,/novatel/oem7/odom,39.663,-75.756,33.182000792,0.000490027,0.000089922,0.000487557,0.000049142,0.000089922,,,
1786043862926181106,1786043862.925269577,/novatel/oem7/inspva,/novatel/oem7/inspva,/novatel/oem7/inspva,39.663,-75.756,-1.800553673,0.000361915,-0.000153487,0.000284969,0.000223103,-0.000153487,,novatel_oem7_msgs.msg.InertialSolutionStatus(status=3),
1786043862927941144,1786043862.925516766,/novatel/oem7/fix,/novatel/oem7/fix,/novatel/oem7/inspva,39.663,-75.756,-1.800553673,0.000361915,-0.000153487,0.000284969,0.000223103,-0.000153487,,0,
1786043862929242280,1786043862.926065105,/novatel/oem7/odom,/novatel/oem7/fix,/novatel/oem7/odom,39.663,-75.756,-1.800553673,0.000362562,-0.000151952,0.000238461,0.000273107,-0.000151952,,,
1786043862936274906,1786043862.935357309,/novatel/oem7/odom,/novatel/oem7/fix,/novatel/oem7/odom,39.663,-75.756,-1.800553673,0.000362562,-0.000151952,0.000238461,0.000273107,-0.000151952,,,
1786043862946274661,1786043862.945244100,/novatel/oem7/inspva,/novatel/oem7/inspva,/novatel/oem7/inspva,39.663,-75.756,-1.800580123,0.000508552,-0.000126110,0.000000479,0.000508552,-0.000126110,,novatel_oem7_msgs.msg.InertialSolutionStatus(status=3),
1786043862948445779,1786043862.945597777,/novatel/oem7/fix,/novatel/oem7/fix,/novatel/oem7/inspva,39.663,-75.756,-1.800580123,0.000508552,-0.000126110,0.000000479,0.000508552,-0.000126110,,0,
1786043862950064986,1786043862.946011255,/novatel/oem7/odom,/novatel/oem7/fix,/novatel/oem7/odom,39.663,-75.756,-1.800580123,0.000508976,-0.000124384,0.000508301,-0.000026210,-0.000124384,,,
1786043862956619916,1786043862.955720229,/novatel/oem7/odom,/novatel/oem7/fix,/novatel/oem7/odom,39.663,-75.756,-1.800580123,0.000508976,-0.000124384,0.000508301,-0.000026210,-0.000124384,,,
1786043862966756966,1786043862.966200156,/novatel/oem7/inspva,/novatel/oem7/inspva,/novatel/oem7/inspva,39.663,-75.756,-1.800599323,0.000138241,-0.000068148,0.000123133,-0.000062840,-0.000068148,,novatel_oem7_msgs.msg.InertialSolutionStatus(status=3),
1786043862968167063,1786043862.966362972,/novatel/oem7/fix,/novatel/oem7/fix,/novatel/oem7/inspva,39.663,-75.756,-1.800599323,0.000138241,-0.000068148,0.000123133,-0.000062840,-0.000068148,,0,
1786043862969204187,1786043862.966965768,/novatel/oem7/odom,/novatel/oem7/fix,/novatel/oem7/odom,39.663,-75.756,-1.800599323,0.000138302,-0.000068024,-0.000055972,0.000126470,-0.000068024,,,
1786043862975568066,1786043862.974746383,/novatel/oem7/odom,/novatel/oem7/fix,/novatel/oem7/odom,39.663,-75.756,-1.800599323,0.000138302,-0.000068024,-0.000055972,0.000126470,-0.000068024,,,
1786043862985843450,1786043862.985042668,/novatel/oem7/inspva,/novatel/oem7/inspva,/novatel/oem7/inspva,39.663,-75.756,-1.800628618,0.000281716,-0.000291898,-0.000113690,0.000257757,-0.000291898,,novatel_oem7_msgs.msg.InertialSolutionStatus(status=3),
1786043862987582741,1786043862.985284511,/novatel/oem7/fix,/novatel/oem7/fix,/novatel/oem7/inspva,39.663,-75.756,-1.800628618,0.000281716,-0.000291898,-0.000113690,0.000257757,-0.000291898,,0,
1786043862988937148,1786043862.985640411,/novatel/oem7/odom,/novatel/oem7/fix,/novatel/oem7/odom,39.663,-75.756,-1.800628618,0.000282300,-0.000291333,0.000252384,-0.000126474,-0.000291333,,,
1786043862995904319,1786043862.995293430,/novatel/oem7/odom,/novatel/oem7/fix,/novatel/oem7/odom,39.663,-75.756,-1.800628618,0.000282300,-0.000291333,0.000252384,-0.000126474,-0.000291333,,,
1786043863011195764,1786043863.010210024,/novatel/oem7/inspva,/novatel/oem7/inspva,/novatel/oem7/inspva,39.663,-75.756,-1.800648668,0.000136080,0.000029851,-0.000135915,-0.000006692,0.000029851,,novatel_oem7_msgs.msg.InertialSolutionStatus(status=3),
1786043863013309799,1786043863.010453803,/novatel/oem7/fix,/novatel/oem7/fix,/novatel/oem7/inspva,39.663,-75.756,-1.800648668,0.000136080,0.000029851,-0.000135915,-0.000006692,0.000029851,,0,
1786043863014852238,1786043863.011760485,/novatel/oem7/odom,/novatel/oem7/fix,/novatel/oem7/odom,39.663,-75.756,-1.800648668,0.000136166,0.000029457,-0.000014006,-0.000135444,0.000029457,,,
1786043863017325060,1786043863.016025240,/novatel/oem7/odom,/novatel/oem7/fix,/novatel/oem7/odom,39.663,-75.756,-1.800648668,0.000136166,0.000029457,-0.000014006,-0.000135444,0.000029457,,,
1786043863025669611,1786043863.024821210,/novatel/oem7/bestpos,/novatel/oem7/bestpos,/novatel/oem7/odom,39.663,-75.756,33.181872437,0.000136166,0.000029457,-0.000014006,-0.000135444,0.000029457,,novatel_oem7_msgs.msg.SolutionStatus(status=0),novatel_oem7_msgs.msg.PositionOrVelocityType(type=53)
1786043863027056395,1786043863.026230391,/novatel/oem7/bestvel,/novatel/oem7/bestpos,/novatel/oem7/bestvel,39.663,-75.756,33.181872437,0.000626443,-0.000172112,,,,117.085149120,novatel_oem7_msgs.msg.SolutionStatus(status=0),novatel_oem7_msgs.msg.PositionOrVelocityType(type=53)
1786043863028534281,1786043863.026990289,/novatel/oem7/inspva,/novatel/oem7/inspva,/novatel/oem7/inspva,39.663,-75.756,-1.800684131,0.000430577,-0.000706110,-0.000334546,0.000271064,-0.000706110,,novatel_oem7_msgs.msg.InertialSolutionStatus(status=3),
1786043863029342969,1786043863.027133990,/novatel/oem7/fix,/novatel/oem7/fix,/novatel/oem7/inspva,39.663,-75.756,-1.800684131,0.000430577,-0.000706110,-0.000334546,0.000271064,-0.000706110,,0,
1786043863030439314,1786043863.027612351,/novatel/oem7/odom,/novatel/oem7/fix,/novatel/oem7/odom,39.663,-75.756,-1.800684131,0.000430596,-0.000706098,0.000255397,-0.000346678,-0.000706098,,,
1786043863035406487,1786043863.034743933,/novatel/oem7/odom,/novatel/oem7/fix,/novatel/oem7/odom,39.663,-75.756,-1.800684131,0.000430596,-0.000706098,0.000255397,-0.000346678,-0.000706098,,,
1786043863046171064,1786043863.045644531,/novatel/oem7/inspva,/novatel/oem7/inspva,/novatel/oem7/inspva,39.663,-75.756,-1.800701674,0.000347409,-0.000347370,-0.000337954,-0.000080499,-0.000347370,,novatel_oem7_msgs.msg.InertialSolutionStatus(status=3),
1786043863047476910,1786043863.045851200,/novatel/oem7/fix,/novatel/oem7/fix,/novatel/oem7/inspva,39.663,-75.756,-1.800701674,0.000347409,-0.000347370,-0.000337954,-0.000080499,-0.000347370,,0,
1786043863048472387,1786043863.046631698,/novatel/oem7/odom,/novatel/oem7/fix,/novatel/oem7/odom,39.663,-75.756,-1.800701674,0.000346213,-0.000348561,-0.000097116,-0.000332313,-0.000348561,,,
1786043863056959867,1786043863.056314507,/novatel/oem7/odom,/novatel/oem7/fix,/novatel/oem7/odom,39.663,-75.756,-1.800701674,0.000346213,-0.000348561,-0.000097116,-0.000332313,-0.000348561,,,
1786043863065869957,1786043863.065348025,/novatel/oem7/inspva,/novatel/oem7/inspva,/novatel/oem7/inspva,39.663,-75.756,-1.800722397,0.000509961,-0.000527829,-0.000465817,0.000207544,-0.000527829,,novatel_oem7_msgs.msg.InertialSolutionStatus(status=3),
1786043863067147827,1786043863.065552384,/novatel/oem7/fix,/novatel/oem7/fix,/novatel/oem7/inspva,39.663,-75.756,-1.800722397,0.000509961,-0.000527829,-0.000465817,0.000207544,-0.000527829,,0,
1786043863068150650,1786043863.066148947,/novatel/oem7/odom,/novatel/oem7/fix,/novatel/oem7/odom,39.663,-75.756,-1.800722397,0.000509371,-0.000528398,0.000184370,-0.000474833,-0.000528398,,,
1786043863075063388,1786043863.074416301,/novatel/oem7/odom,/novatel/oem7/fix,/novatel/oem7/odom,39.663,-75.756,-1.800722397,0.000509371,-0.000528398,0.000184370,-0.000474833,-0.000528398,,,
1786043863085812620,1786043863.085307715,/novatel/oem7/inspva,/novatel/oem7/inspva,/novatel/oem7/inspva,39.663,-75.756,-1.800741606,0.000194397,-0.000693069,-0.000190962,-0.000036379,-0.000693069,,novatel_oem7_msgs.msg.InertialSolutionStatus(status=3),
1786043863087094113,1786043863.085503674,/novatel/oem7/fix,/novatel/oem7/fix,/novatel/oem7/inspva,39.663,-75.756,-1.800741606,0.000194397,-0.000693069,-0.000190962,-0.000036379,-0.000693069,,0,
1786043863088093497,1786043863.085983375,/novatel/oem7/odom,/novatel/oem7/fix,/novatel/oem7/odom,39.663,-75.756,-1.800741606,0.000192109,-0.000693706,-0.000044021,-0.000186997,-0.000693706,,,
1786043863096208646,1786043863.095620020,/novatel/oem7/odom,/novatel/oem7/fix,/novatel/oem7/odom,39.663,-75.756,-1.800741606,0.000192109,-0.000693706,-0.000044021,-0.000186997,-0.000693706,,,
1786043863106205975,1786043863.105702356,/novatel/oem7/inspva,/novatel/oem7/inspva,/novatel/oem7/inspva,39.663,-75.756,-1.800761311,0.000444725,-0.000688633,-0.000372900,0.000242335,-0.000688633,,novatel_oem7_msgs.msg.InertialSolutionStatus(status=3),
1786043863107521631,1786043863.105881851,/novatel/oem7/fix,/novatel/oem7/fix,/novatel/oem7/inspva,39.663,-75.756,-1.800761311,0.000444725,-0.000688633,-0.000372900,0.000242335,-0.000688633,,0,
1786043863108539305,1786043863.106383746,/novatel/oem7/odom,/novatel/oem7/fix,/novatel/oem7/odom,39.663,-75.756,-1.800761311,0.000444430,-0.000688823,0.000224616,-0.000383491,-0.000688823,,,
1786043863109966746,1786043863.108883938,/novatel/oem7/bestpos,/novatel/oem7/bestpos,/novatel/oem7/odom,39.663,-75.756,33.181745428,0.000444430,-0.000688823,0.000224616,-0.000383491,-0.000688823,,novatel_oem7_msgs.msg.SolutionStatus(status=0),novatel_oem7_msgs.msg.PositionOrVelocityType(type=53)
1786043863111297279,1786043863.109483781,/novatel/oem7/bestvel,/novatel/oem7/bestpos,/novatel/oem7/bestvel,39.663,-75.756,33.181745428,0.000637799,-0.000892885,,,,118.331007914,novatel_oem7_msgs.msg.SolutionStatus(status=0),novatel_oem7_msgs.msg.PositionOrVelocityType(type=53)
1786043863114951230,1786043863.114321257,/novatel/oem7/odom,/novatel/oem7/bestpos,/novatel/oem7/odom,39.663,-75.756,33.181745428,0.000444430,-0.000688823,0.000224616,-0.000383491,-0.000688823,,,
1786043863126968479,1786043863.126470084,/novatel/oem7/inspva,/novatel/oem7/inspva,/novatel/oem7/inspva,39.663,-75.756,-1.800780215,0.000645428,-0.000594126,-0.000530655,0.000367400,-0.000594126,,novatel_oem7_msgs.msg.InertialSolutionStatus(status=3),
1786043863128223529,1786043863.126649052,/novatel/oem7/fix,/novatel/oem7/fix,/novatel/oem7/inspva,39.663,-75.756,-1.800780215,0.000645428,-0.000594126,-0.000530655,0.000367400,-0.000594126,,0,
1786043863129208609,1786043863.126994969,/novatel/oem7/odom,/novatel/oem7/fix,/novatel/oem7/odom,39.663,-75.756,-1.800780215,0.000645251,-0.000594319,0.000340793,-0.000547913,-0.000594319,,,
1786043863135373388,1786043863.134791330,/novatel/oem7/odom,/novatel/oem7/fix,/novatel/oem7/odom,39.663,-75.756,-1.800780215,0.000645251,-0.000594319,0.000340793,-0.000547913,-0.000594319,,,
1786043863145376733,1786043863.144908460,/novatel/oem7/inspva,/novatel/oem7/inspva,/novatel/oem7/inspva,39.663,-75.756,-1.800802419,0.000512866,-0.000775053,-0.000461909,0.000222872,-0.000775053,,novatel_oem7_msgs.msg.InertialSolutionStatus(status=3),
1786043863146657962,1786043863.145001736,/novatel/oem7/fix,/novatel/oem7/fix,/novatel/oem7/inspva,39.663,-75.756,-1.800802419,0.000512866,-0.000775053,-0.000461909,0.000222872,-0.000775053,,0,
1786043863147645242,1786043863.145335539,/novatel/oem7/odom,/novatel/oem7/fix,/novatel/oem7/odom,39.663,-75.756,-1.800802419,0.000512116,-0.000775549,0.000200757,-0.000471126,-0.000775549,,,
1786043863156718368,1786043863.156047542,/novatel/oem7/odom,/novatel/oem7/fix,/novatel/oem7/odom,39.663,-75.756,-1.800802419,0.000512116,-0.000775549,0.000200757,-0.000471126,-0.000775549,,,
1786043863165623159,1786043863.165074687,/novatel/oem7/inspva,/novatel/oem7/inspva,/novatel/oem7/inspva,39.663,-75.756,-1.800824733,0.000702858,-0.000952395,-0.000627080,0.000317457,-0.000952395,,novatel_oem7_msgs.msg.InertialSolutionStatus(status=3),
1786043863166897085,1786043863.165239981,/novatel/oem7/fix,/novatel/oem7/fix,/novatel/oem7/inspva,39.663,-75.756,-1.800824733,0.000702858,-0.000952395,-0.000627080,0.000317457,-0.000952395,,0,
1786043863167881182,1786043863.165636062,/novatel/oem7/odom,/novatel/oem7/fix,/novatel/oem7/odom,39.663,-75.756,-1.800824733,0.000702011,-0.000953020,0.000287057,-0.000640638,-0.000953020,,,
1786043863175747938,1786043863.174915612,/novatel/oem7/odom,/novatel/oem7/fix,/novatel/oem7/odom,39.663,-75.756,-1.800824733,0.000702011,-0.000953020,0.000287057,-0.000640638,-0.000953020,,,
1786043863187064973,1786043863.186147459,/novatel/oem7/inspva,/novatel/oem7/inspva,/novatel/oem7/inspva,39.663,-75.756,-1.800848296,0.000467070,-0.001061147,-0.000376256,0.000276742,-0.001061147,,novatel_oem7_msgs.msg.InertialSolutionStatus(status=3),
1786043863188979918,1786043863.186321303,/novatel/oem7/fix,/novatel/oem7/fix,/novatel/oem7/inspva,39.663,-75.756,-1.800848296,0.000467070,-0.001061147,-0.000376256,0.000276742,-0.001061147,,0,
1786043863190343671,1786043863.186733716,/novatel/oem7/odom,/novatel/oem7/fix,/novatel/oem7/odom,39.663,-75.756,-1.800848296,0.000466882,-0.001061230,0.000260098,-0.000387722,-0.001061230,,,
1786043863195178518,1786043863.194463376,/novatel/oem7/odom,/novatel/oem7/fix,/novatel/oem7/odom,39.663,-75.756,-1.800848296,0.000466882,-0.001061230,0.000260098,-0.000387722,-0.001061230,,,
1786043863206551230,1786043863.205858878,/novatel/oem7/inspva,/novatel/oem7/inspva,/novatel/oem7/inspva,39.663,-75.756,-1.800870487,0.000330450,-0.000812260,-0.000307703,0.000120481,-0.000812260,,novatel_oem7_msgs.msg.InertialSolutionStatus(status=3),
1786043863207903827,1786043863.206022675,/novatel/oem7/fix,/novatel/oem7/fix,/novatel/oem7/inspva,39.663,-75.756,-1.800870487,0.000330450,-0.000812260,-0.000307703,0.000120481,-0.000812260,,0,
1786043863208827828,1786043863.206729781,/novatel/oem7/odom,/novatel/oem7/fix,/novatel/oem7/odom,39.663,-75.756,-1.800870487,0.000329412,-0.000812681,0.000106839,-0.000311605,-0.000812681,,,
1786043863210822948,1786043863.210284434,/novatel/oem7/bestpos,/novatel/oem7/bestpos,/novatel/oem7/odom,39.663,-75.756,33.181640305,0.000329412,-0.000812681,0.000106839,-0.000311605,-0.000812681,,novatel_oem7_msgs.msg.SolutionStatus(status=0),novatel_oem7_msgs.msg.PositionOrVelocityType(type=53)
1786043863212176496,1786043863.210775025,/novatel/oem7/bestvel,/novatel/oem7/bestpos,/novatel/oem7/bestvel,39.663,-75.756,33.181640305,0.000821706,-0.000971637,,,,127.545223444,novatel_oem7_msgs.msg.SolutionStatus(status=0),novatel_oem7_msgs.msg.PositionOrVelocityType(type=53)
1786043863216077119,1786043863.215622670,/novatel/oem7/odom,/novatel/oem7/bestpos,/novatel/oem7/odom,39.663,-75.756,33.181640305,0.000329412,-0.000812681,0.000106839,-0.000311605,-0.000812681,,,
1786043863225571908,1786043863.225156424,/novatel/oem7/inspva,/novatel/oem7/inspva,/novatel/oem7/inspva,39.663,-75.756,-1.800898532,0.000337510,-0.001089094,-0.000281151,0.000186727,-0.001089094,,novatel_oem7_msgs.msg.InertialSolutionStatus(status=3),
1786043863226502721,1786043863.225354753,/novatel/oem7/fix,/novatel/oem7/fix,/novatel/oem7/inspva,39.663,-75.756,-1.800898532,0.000337510,-0.001089094,-0.000281151,0.000186727,-0.001089094,,0,
1786043863227201907,1786043863.225767834,/novatel/oem7/odom,/novatel/oem7/fix,/novatel/oem7/odom,39.663,-75.756,-1.800898532,0.000337100,-0.001089220,0.000175366,-0.000287895,-0.001089220,,,
1786043863234907438,1786043863.234502284,/novatel/oem7/odom,/novatel/oem7/fix,/novatel/oem7/odom,39.663,-75.756,-1.800898532,0.000337100,-0.001089220,0.000175366,-0.000287895,-0.001089220,,,
1786043863246777519,1786043863.246079684,/novatel/oem7/inspva,/novatel/oem7/inspva,/novatel/oem7/inspva,39.663,-75.756,-1.800923377,0.000457271,-0.001071844,-0.000193035,0.000414529,-0.001071844,,novatel_oem7_msgs.msg.InertialSolutionStatus(status=3),
1786043863247747748,1786043863.246417957,/novatel/oem7/fix,/novatel/oem7/fix,/novatel/oem7/inspva,39.663,-75.756,-1.800923377,0.000457271,-0.001071844,-0.000193035,0.000414529,-0.001071844,,0,
1786043863248575467,1786043863.246993307,/novatel/oem7/odom,/novatel/oem7/fix,/novatel/oem7/odom,39.663,-75.756,-1.800923377,0.000459342,-0.001070958,0.000407470,-0.000212046,-0.001070958,,,
1786043863256995145,1786043863.256485018,/novatel/oem7/odom,/novatel/oem7/fix,/novatel/oem7/odom,39.663,-75.756,-1.800923377,0.000459342,-0.001070958,0.000407470,-0.000212046,-0.001070958,,,
1786043863265849287,1786043863.265450845,/novatel/oem7/inspva,/novatel/oem7/inspva,/novatel/oem7/inspva,39.663,-75.756,-1.800951270,0.000564856,-0.001250365,-0.000284616,0.000487910,-0.001250365,,novatel_oem7_msgs.msg.InertialSolutionStatus(status=3),
1786043863266742615,1786043863.265700000,/novatel/oem7/fix,/novatel/oem7/fix,/novatel/oem7/inspva,39.663,-75.756,-1.800951270,0.000564856,-0.001250365,-0.000284616,0.000487910,-0.001250365,,0,
1786043863267484059,1786043863.266002757,/novatel/oem7/odom,/novatel/oem7/fix,/novatel/oem7/odom,39.663,-75.756,-1.800951270,0.000566809,-0.001249481,0.000476507,-0.000306943,-0.001249481,,,
1786043863275815619,1786043863.274973998,/novatel/oem7/odom,/novatel/oem7/fix,/novatel/oem7/odom,39.663,-75.756,-1.800951270,0.000566809,-0.001249481,0.000476507,-0.000306943,-0.001249481,,,
1786043863285736432,1786043863.285361390,/novatel/oem7/inspva,/novatel/oem7/inspva,/novatel/oem7/inspva,39.663,-75.756,-1.800977180,0.000642138,-0.001093294,-0.000315555,0.000559255,-0.001093294,,novatel_oem7_msgs.msg.InertialSolutionStatus(status=3),
1786043863286403813,1786043863.285609113,/novatel/oem7/fix,/novatel/oem7/fix,/novatel/oem7/inspva,39.663,-75.756,-1.800977180,0.000642138,-0.001093294,-0.000315555,0.000559255,-0.001093294,,0,
1786043863286925178,1786043863.286132251,/novatel/oem7/odom,/novatel/oem7/fix,/novatel/oem7/odom,39.663,-75.756,-1.800977180,0.000643912,-0.001092250,0.000545568,-0.000342020,-0.001092250,,,
1786043863295721036,1786043863.294951937,/novatel/oem7/odom,/novatel/oem7/fix,/novatel/oem7/odom,39.663,-75.756,-1.800977180,0.000643912,-0.001092250,0.000545568,-0.000342020,-0.001092250,,,
1786043863306919530,1786043863.306037154,/novatel/oem7/inspva,/novatel/oem7/inspva,/novatel/oem7/inspva,39.663,-75.756,-1.801010669,0.000513607,-0.001576259,-0.000168346,0.000485234,-0.001576259,,novatel_oem7_msgs.msg.InertialSolutionStatus(status=3),
1786043863308609680,1786043863.306344877,/novatel/oem7/fix,/novatel/oem7/fix,/novatel/oem7/inspva,39.663,-75.756,-1.801010669,0.000513607,-0.001576259,-0.000168346,0.000485234,-0.001576259,,0,
1786043863309982298,1786043863.306867782,/novatel/oem7/odom,/novatel/oem7/fix,/novatel/oem7/odom,39.663,-75.756,-1.801010669,0.000517283,-0.001575057,0.000481187,-0.000189844,-0.001575057,,,
1786043863311863820,1786043863.309719461,/novatel/oem7/bestpos,/novatel/oem7/bestpos,/novatel/oem7/odom,39.663,-75.756,33.181485782,0.000517283,-0.001575057,0.000481187,-0.000189844,-0.001575057,,novatel_oem7_msgs.msg.SolutionStatus(status=0),novatel_oem7_msgs.msg.PositionOrVelocityType(type=53)
1786043863313063745,1786043863.310605554,/novatel/oem7/bestvel,/novatel/oem7/bestpos,/novatel/oem7/bestvel,39.663,-75.756,33.181485782,0.000669611,-0.001827540,,,,80.655225926,novatel_oem7_msgs.msg.SolutionStatus(status=0),novatel_oem7_msgs.msg.PositionOrVelocityType(type=53)
1786043863316105670,1786043863.314998815,/novatel/oem7/odom,/novatel/oem7/bestpos,/novatel/oem7/odom,39.663,-75.756,33.181485782,0.000517283,-0.001575057,0.000481187,-0.000189844,-0.001575057,,,
1786043863325728018,1786043863.325087491,/novatel/oem7/inspva,/novatel/oem7/inspva,/novatel/oem7/inspva,39.663,-75.756,-1.801038910,0.000266781,-0.001261636,0.000111968,0.000242148,-0.001261636,,novatel_oem7_msgs.msg.InertialSolutionStatus(status=3),
1786043863327223736,1786043863.325294060,/novatel/oem7/fix,/novatel/oem7/fix,/novatel/oem7/inspva,39.663,-75.756,-1.801038910,0.000266781,-0.001261636,0.000111968,0.000242148,-0.001261636,,0,
1786043863328342145,1786043863.325691676,/novatel/oem7/odom,/novatel/oem7/fix,/novatel/oem7/odom,39.663,-75.756,-1.801038910,0.000272142,-0.001260491,0.000252231,0.000102179,-0.001260491,,,
1786043863336934505,1786043863.335875321,/novatel/oem7/odom,/novatel/oem7/fix,/novatel/oem7/odom,39.663,-75.756,-1.801038910,0.000272142,-0.001260491,0.000252231,0.000102179,-0.001260491,,,
1786043863345695964,1786043863.344950604,/novatel/oem7/inspva,/novatel/oem7/inspva,/novatel/oem7/inspva,39.663,-75.756,-1.801076005,0.000266999,-0.001513913,0.000116127,0.000240422,-0.001513913,,novatel_oem7_msgs.msg.InertialSolutionStatus(status=3),
1786043863347485006,1786043863.345267583,/novatel/oem7/fix,/novatel/oem7/fix,/novatel/oem7/inspva,39.663,-75.756,-1.801076005,0.000266999,-0.001513913,0.000116127,0.000240422,-0.001513913,,0,
1786043863348899064,1786043863.346234328,/novatel/oem7/odom,/novatel/oem7/fix,/novatel/oem7/odom,39.663,-75.756,-1.801076005,0.000273455,-0.001512760,0.000251618,0.000107080,-0.001512760,,,
1786043863356196748,1786043863.355561105,/novatel/oem7/odom,/novatel/oem7/fix,/novatel/oem7/odom,39.663,-75.756,-1.801076005,0.000273455,-0.001512760,0.000251618,0.000107080,-0.001512760,,,
1786043863367624514,1786043863.366614597,/novatel/oem7/inspva,/novatel/oem7/inspva,/novatel/oem7/inspva,39.663,-75.756,-1.801112590,0.000527665,-0.001785971,0.000279246,0.000447719,-0.001785971,,novatel_oem7_msgs.msg.InertialSolutionStatus(status=3),
1786043863369570200,1786043863.366910177,/novatel/oem7/fix,/novatel/oem7/fix,/novatel/oem7/inspva,39.663,-75.756,-1.801112590,0.000527665,-0.001785971,0.000279246,0.000447719,-0.001785971,,0,
1786043863370890391,1786043863.368168996,/novatel/oem7/odom,/novatel/oem7/fix,/novatel/oem7/odom,39.663,-75.756,-1.801112590,0.000535416,-0.001783663,0.000468244,0.000259649,-0.001783663,,,
1786043863375872314,1786043863.375024616,/novatel/oem7/odom,/novatel/oem7/fix,/novatel/oem7/odom,39.663,-75.756,-1.801112590,0.000535416,-0.001783663,0.000468244,0.000259649,-0.001783663,,,
1786043863385484969,1786043863.384945440,/novatel/oem7/inspva,/novatel/oem7/inspva,/novatel/oem7/inspva,39.663,-75.756,-1.801150639,0.000266830,-0.001857522,0.000198727,0.000178062,-0.001857522,,novatel_oem7_msgs.msg.InertialSolutionStatus(status=3),
1786043863386732015,1786043863.385166373,/novatel/oem7/fix,/novatel/oem7/fix,/novatel/oem7/inspva,39.663,-75.756,-1.801150639,0.000266830,-0.001857522,0.000198727,0.000178062,-0.001857522,,0,
1786043863387746472,1786043863.385539857,/novatel/oem7/odom,/novatel/oem7/fix,/novatel/oem7/odom,39.663,-75.756,-1.801150639,0.000274868,-0.001856349,0.000194944,0.000193775,-0.001856349,,,
1786043863396773951,1786043863.394907152,/novatel/oem7/odom,/novatel/oem7/fix,/novatel/oem7/odom,39.663,-75.756,-1.801150639,0.000274868,-0.001856349,0.000194944,0.000193775,-0.001856349,,,
1786043863407116862,1786043863.406393189,/novatel/oem7/inspva,/novatel/oem7/inspva,/novatel/oem7/inspva,39.663,-75.756,-1.801186134,0.000673331,-0.001566402,0.000520416,0.000427248,-0.001566402,,novatel_oem7_msgs.msg.InertialSolutionStatus(status=3),
1786043863408886550,1786043863.406647574,/novatel/oem7/fix,/novatel/oem7/fix,/novatel/oem7/inspva,39.663,-75.756,-1.801186134,0.000673331,-0.001566402,0.000520416,0.000427248,-0.001566402,,0,
1786043863410209417,1786043863.407383249,/novatel/oem7/odom,/novatel/oem7/fix,/novatel/oem7/odom,39.663,-75.756,-1.801186134,0.000680050,-0.001563496,0.000459837,0.000501017,-0.001563496,,,
1786043863412091180,1786043863.410265874,/novatel/oem7/bestpos,/novatel/oem7/bestpos,/novatel/oem7/odom,39.663,-75.756,33.181307292,0.000680050,-0.001563496,0.000459837,0.000501017,-0.001563496,,novatel_oem7_msgs.msg.SolutionStatus(status=0),novatel_oem7_msgs.msg.PositionOrVelocityType(type=53)
1786043863413313759,1786043863.410680152,/novatel/oem7/bestvel,/novatel/oem7/bestpos,/novatel/oem7/bestvel,39.663,-75.756,33.181307292,0.000525697,-0.001449957,,,,47.294920684,novatel_oem7_msgs.msg.SolutionStatus(status=0),novatel_oem7_msgs.msg.PositionOrVelocityType(type=53)
1786043863415805994,1786043863.414875688,/novatel/oem7/odom,/novatel/oem7/bestpos,/novatel/oem7/odom,39.663,-75.756,33.181307292,0.000680050,-0.001563496,0.000459837,0.000501017,-0.001563496,,,
1786043863426786262,1786043863.426021798,/novatel/oem7/inspva,/novatel/oem7/inspva,/novatel/oem7/inspva,39.663,-75.756,-1.801230790,0.000465909,-0.001912512,0.000273146,0.000377443,-0.001912512,,novatel_oem7_msgs.msg.InertialSolutionStatus(status=3),
1786043863428501990,1786043863.426230641,/novatel/oem7/fix,/novatel/oem7/fix,/novatel/oem7/inspva,39.663,-75.756,-1.801230790,0.000465909,-0.001912512,0.000273146,0.000377443,-0.001912512,,0,
1786043863429897011,1786043863.426686785,/novatel/oem7/odom,/novatel/oem7/fix,/novatel/oem7/odom,39.663,-75.756,-1.801230790,0.000474270,-0.001910456,0.000398198,0.000257624,-0.001910456,,,
1786043863436033003,1786043863.435098741,/novatel/oem7/odom,/novatel/oem7/fix,/novatel/oem7/odom,39.663,-75.756,-1.801230790,0.000474270,-0.001910456,0.000398198,0.000257624,-0.001910456,,,
1786043863445867313,1786043863.445138903,/novatel/oem7/inspva,/novatel/oem7/inspva,/novatel/oem7/inspva,39.663,-75.756,-1.801273717,0.000658822,-0.002112160,0.000596650,0.000279385,-0.002112160,,novatel_oem7_msgs.msg.InertialSolutionStatus(status=3),
1786043863447615231,1786043863.445405999,/novatel/oem7/fix,/novatel/oem7/fix,/novatel/oem7/inspva,39.663,-75.756,-1.801273717,0.000658822,-0.002112160,0.000596650,0.000279385,-0.002112160,,0,
1786043863449017119,1786043863.446082603,/novatel/oem7/odom,/novatel/oem7/fix,/novatel/oem7/odom,39.663,-75.756,-1.801273717,0.000667139,-0.002109548,0.000318174,0.000586378,-0.002109548,,,
1786043863457384797,1786043863.456463958,/novatel/oem7/odom,/novatel/oem7/fix,/novatel/oem7/odom,39.663,-75.756,-1.801273717,0.000667139,-0.002109548,0.000318174,0.000586378,-0.002109548,,,
1786043863465539427,1786043863.464978451,/novatel/oem7/inspva,/novatel/oem7/inspva,/novatel/oem7/inspva,39.663,-75.756,-1.801316684,0.000469059,-0.001950764,0.000447288,0.000141243,-0.001950764,,novatel_oem7_msgs.msg.InertialSolutionStatus(status=3),
1786043863466816717,1786043863.465149366,/novatel/oem7/fix,/novatel/oem7/fix,/novatel/oem7/inspva,39.663,-75.756,-1.801316684,0.000469059,-0.001950764,0.000447288,0.000141243,-0.001950764,,0,
1786043863467846180,1786043863.465575427,/novatel/oem7/odom,/novatel/oem7/fix,/novatel/oem7/odom,39.663,-75.756,-1.801316684,0.000476207,-0.001949031,0.000171724,0.000444166,-0.001949031,,,
1786043863475045793,1786043863.474402811,/novatel/oem7/odom,/novatel/oem7/fix,/novatel/oem7/odom,39.663,-75.756,-1.801316684,0.000476207,-0.001949031,0.000171724,0.000444166,-0.001949031,,,
1786043863486948781,1786043863.486467226,/novatel/oem7/inspva,/novatel/oem7/inspva,/novatel/oem7/inspva,39.663,-75.756,-1.801361528,0.000802589,-0.002012415,0.000494470,0.000632177,-0.002012415,,novatel_oem7_msgs.msg.InertialSolutionStatus(status=3),
1786043863488212624,1786043863.486643621,/novatel/oem7/fix,/novatel/oem7/fix,/novatel/oem7/inspva,39.663,-75.756,-1.801361528,0.000802589,-0.002012415,0.000494470,0.000632177,-0.002012415,,0,
1786043863489204374,1786043863.487014312,/novatel/oem7/odom,/novatel/oem7/fix,/novatel/oem7/odom,39.663,-75.756,-1.801361528,0.000811381,-0.002008887,0.000664681,0.000465336,-0.002008887,,,
1786043863496113922,1786043863.495198915,/novatel/oem7/odom,/novatel/oem7/fix,/novatel/oem7/odom,39.663,-75.756,-1.801361528,0.000811381,-0.002008887,0.000664681,0.000465336,-0.002008887,,,
1786043863506695092,1786043863.505943458,/novatel/oem7/inspva,/novatel/oem7/inspva,/novatel/oem7/inspva,39.663,-75.756,-1.801408440,0.000519145,-0.002190454,0.000336600,0.000395237,-0.002190454,,novatel_oem7_msgs.msg.InertialSolutionStatus(status=3),
1786043863508374633,1786043863.506197090,/novatel/oem7/fix,/novatel/oem7/fix,/novatel/oem7/inspva,39.663,-75.756,-1.801408440,0.000519145,-0.002190454,0.000336600,0.000395237,-0.002190454,,0,
1786043863509790724,1786043863.506899274,/novatel/oem7/odom,/novatel/oem7/fix,/novatel/oem7/odom,39.663,-75.756,-1.801408440,0.000528707,-0.002188165,0.000420307,0.000320738,-0.002188165,,,
1786043863512130711,1786043863.511003189,/novatel/oem7/bestpos,/novatel/oem7/bestpos,/novatel/oem7/odom,39.663,-75.756,33.181095098,0.000528707,-0.002188165,0.000420307,0.000320738,-0.002188165,,novatel_oem7_msgs.msg.SolutionStatus(status=0),novatel_oem7_msgs.msg.PositionOrVelocityType(type=53)
1786043863513967639,1786043863.511492634,/novatel/oem7/bestvel,/novatel/oem7/bestpos,/novatel/oem7/bestvel,39.663,-75.756,33.181095098,0.000417541,-0.001867772,,,,117.771592181,novatel_oem7_msgs.msg.SolutionStatus(status=0),novatel_oem7_msgs.msg.PositionOrVelocityType(type=53)
1786043863516298847,1786043863.515475598,/novatel/oem7/odom,/novatel/oem7/bestpos,/novatel/oem7/odom,39.663,-75.756,33.181095098,0.000528707,-0.002188165,0.000420307,0.000320738,-0.002188165,,,
1786043863526061136,1786043863.525327002,/novatel/oem7/inspva,/novatel/oem7/inspva,/novatel/oem7/inspva,39.663,-75.756,-1.801452181,0.000665991,-0.001942350,0.000388187,0.000541161,-0.001942350,,novatel_oem7_msgs.msg.InertialSolutionStatus(status=3),
1786043863527783037,1786043863.525555751,/novatel/oem7/fix,/novatel/oem7/fix,/novatel/oem7/inspva,39.663,-75.756,-1.801452181,0.000665991,-0.001942350,0.000388187,0.000541161,-0.001942350,,0,
1786043863529259272,1786043863.526077863,/novatel/oem7/odom,/novatel/oem7/fix,/novatel/oem7/odom,39.663,-75.756,-1.801452181,0.000674441,-0.001939433,0.000567872,0.000363857,-0.001939433,,,
1786043863535796231,1786043863.534816558,/novatel/oem7/odom,/novatel/oem7/fix,/novatel/oem7/odom,39.663,-75.756,-1.801452181,0.000674441,-0.001939433,0.000567872,0.000363857,-0.001939433,,,
1786043863546877041,1786043863.546104246,/novatel/oem7/inspva,/novatel/oem7/inspva,/novatel/oem7/inspva,39.663,-75.756,-1.801498147,0.000548027,-0.001853315,0.000181081,0.000517246,-0.001853315,,novatel_oem7_msgs.msg.InertialSolutionStatus(status=3),
1786043863548834238,1786043863.546342119,/novatel/oem7/fix,/novatel/oem7/fix,/novatel/oem7/inspva,39.663,-75.756,-1.801498147,0.000548027,-0.001853315,0.000181081,0.000517246,-0.001853315,,0,
1786043863550383724,1786043863.547017469,/novatel/oem7/odom,/novatel/oem7/fix,/novatel/oem7/odom,39.663,-75.756,-1.801498147,0.000555664,-0.001851040,0.000532697,0.000158102,-0.001851040,,,
1786043863556602450,1786043863.555779532,/novatel/oem7/odom,/novatel/oem7/fix,/novatel/oem7/odom,39.663,-75.756,-1.801498147,0.000555664,-0.001851040,0.000532697,0.000158102,-0.001851040,,,
1786043863565987231,1786043863.565063899,/novatel/oem7/inspva,/novatel/oem7/inspva,/novatel/oem7/inspva,39.663,-75.756,-1.801545944,0.000574722,-0.002320321,0.000451169,0.000356022,-0.002320321,,novatel_oem7_msgs.msg.InertialSolutionStatus(status=3),
1786043863567912587,1786043863.565404320,/novatel/oem7/fix,/novatel/oem7/fix,/novatel/oem7/inspva,39.663,-75.756,-1.801545944,0.000574722,-0.002320321,0.000451169,0.000356022,-0.002320321,,0,
1786043863569218386,1786043863.566084573,/novatel/oem7/odom,/novatel/oem7/fix,/novatel/oem7/odom,39.663,-75.756,-1.801545944,0.000584585,-0.002317856,0.000387674,0.000437548,-0.002317856,,,
1786043863576254689,1786043863.575451459,/novatel/oem7/odom,/novatel/oem7/fix,/novatel/oem7/odom,39.663,-75.756,-1.801545944,0.000584585,-0.002317856,0.000387674,0.000437548,-0.002317856,,,
1786043863585409754,1786043863.584941515,/novatel/oem7/inspva,/novatel/oem7/inspva,/novatel/oem7/inspva,39.663,-75.756,-1.801590505,0.000323693,-0.002119647,0.000086893,0.000311812,-0.002119647,,novatel_oem7_msgs.msg.InertialSolutionStatus(status=3),
1786043863586603329,1786043863.585094633,/novatel/oem7/fix,/novatel/oem7/fix,/novatel/oem7/inspva,39.663,-75.756,-1.801590505,0.000323693,-0.002119647,0.000086893,0.000311812,-0.002119647,,0,
1786043863587610439,1786043863.585484361,/novatel/oem7/odom,/novatel/oem7/fix,/novatel/oem7/odom,39.663,-75.756,-1.801590505,0.000332190,-0.002118332,0.000323468,0.000075624,-0.002118332,,,
1786043863595597697,1786043863.594496502,/novatel/oem7/odom,/novatel/oem7/fix,/novatel/oem7/odom,39.663,-75.756,-1.801590505,0.000332190,-0.002118332,0.000323468,0.000075624,-0.002118332,,,
1786043863607633560,1786043863.606957025,/novatel/oem7/inspva,/novatel/oem7/inspva,/novatel/oem7/inspva,39.663,-75.756,-1.801633224,0.000362666,-0.001758842,0.000045335,0.000359821,-0.001758842,,novatel_oem7_msgs.msg.InertialSolutionStatus(status=3),
1786043863609208561,1786043863.607190205,/novatel/oem7/fix,/novatel/oem7/fix,/novatel/oem7/inspva,39.663,-75.756,-1.801633224,0.000362666,-0.001758842,0.000045335,0.000359821,-0.001758842,,0,
1786043863610498546,1786043863.607692360,/novatel/oem7/odom,/novatel/oem7/fix,/novatel/oem7/odom,39.663,-75.756,-1.801633224,0.000369221,-0.001757477,0.000367946,0.000030662,-0.001757477,,,
1786043863612279644,1786043863.610935570,/novatel/oem7/bestpos,/novatel/oem7/bestpos,/novatel/oem7/odom,39.663,-75.756,33.180870793,0.000369221,-0.001757477,0.000367946,0.000030662,-0.001757477,,novatel_oem7_msgs.msg.SolutionStatus(status=0),novatel_oem7_msgs.msg.PositionOrVelocityType(type=53)
1786043863613398610,1786043863.611326040,/novatel/oem7/bestvel,/novatel/oem7/bestpos,/novatel/oem7/bestvel,39.663,-75.756,33.180870793,0.000532997,-0.001960106,,,,46.193658485,novatel_oem7_msgs.msg.SolutionStatus(status=0),novatel_oem7_msgs.msg.PositionOrVelocityType(type=53)
1786043863615333472,1786043863.614685654,/novatel/oem7/odom,/novatel/oem7/bestpos,/novatel/oem7/odom,39.663,-75.756,33.180870793,0.000369221,-0.001757477,0.000367946,0.000030662,-0.001757477,,,
1786043863625775770,1786043863.625130617,/novatel/oem7/inspva,/novatel/oem7/inspva,/novatel/oem7/inspva,39.663,-75.756,-1.801681618,0.000507976,-0.001911022,-0.000116399,0.000494460,-0.001911022,,novatel_oem7_msgs.msg.InertialSolutionStatus(status=3),
1786043863627124344,1786043863.625303119,/novatel/oem7/fix,/novatel/oem7/fix,/novatel/oem7/inspva,39.663,-75.756,-1.801681618,0.000507976,-0.001911022,-0.000116399,0.000494460,-0.001911022,,0,
1786043863628168112,1786043863.625783594,/novatel/oem7/odom,/novatel/oem7/fix,/novatel/oem7/odom,39.663,-75.756,-1.801681618,0.000513134,-0.001909643,0.000494333,-0.000137627,-0.001909643,,,
1786043863636314171,1786043863.635670314,/novatel/oem7/odom,/novatel/oem7/fix,/novatel/oem7/odom,39.663,-75.756,-1.801681618,0.000513134,-0.001909643,0.000494333,-0.000137627,-0.001909643,,,
1786043863646013776,1786043863.645497035,/novatel/oem7/inspva,/novatel/oem7/inspva,/novatel/oem7/inspva,39.663,-75.756,-1.801729562,0.000549601,-0.002253529,-0.000339715,0.000432036,-0.002253529,,novatel_oem7_msgs.msg.InertialSolutionStatus(status=3),
1786043863647285132,1786043863.645679739,/novatel/oem7/fix,/novatel/oem7/fix,/novatel/oem7/inspva,39.663,-75.756,-1.801729562,0.000549601,-0.002253529,-0.000339715,0.000432036,-0.002253529,,0,
1786043863648514247,1786043863.646251075,/novatel/oem7/odom,/novatel/oem7/fix,/novatel/oem7/odom,39.663,-75.756,-1.801729562,0.000551883,-0.002252971,0.000421343,-0.000356433,-0.002252971,,,
1786043863657606363,1786043863.656651745,/novatel/oem7/odom,/novatel/oem7/fix,/novatel/oem7/odom,39.663,-75.756,-1.801729562,0.000551883,-0.002252971,0.000421343,-0.000356433,-0.002252971,,,
1786043863666826559,1786043863.666169295,/novatel/oem7/inspva,/novatel/oem7/inspva,/novatel/oem7/inspva,39.663,-75.756,-1.801776613,0.000316642,-0.002066501,-0.000172276,0.000265676,-0.002066501,,novatel_oem7_msgs.msg.InertialSolutionStatus(status=3),
1786043863668373124,1786043863.666395834,/novatel/oem7/fix,/novatel/oem7/fix,/novatel/oem7/inspva,39.663,-75.756,-1.801776613,0.000316642,-0.002066501,-0.000172276,0.000265676,-0.002066501,,0,
1786043863669562424,1786043863.666998090,/novatel/oem7/odom,/novatel/oem7/fix,/novatel/oem7/odom,39.663,-75.756,-1.801776613,0.000319554,-0.002066053,0.000263448,-0.000180859,-0.002066053,,,
1786043863675449824,1786043863.674690805,/novatel/oem7/odom,/novatel/oem7/fix,/novatel/oem7/odom,39.663,-75.756,-1.801776613,0.000319554,-0.002066053,0.000263448,-0.000180859,-0.002066053,,,
1786043863686382701,1786043863.685451168,/novatel/oem7/inspva,/novatel/oem7/inspva,/novatel/oem7/inspva,39.663,-75.756,-1.801825586,0.000575694,-0.002403474,-0.000467573,0.000335855,-0.002403474,,novatel_oem7_msgs.msg.InertialSolutionStatus(status=3),
1786043863688186013,1786043863.685776181,/novatel/oem7/fix,/novatel/oem7/fix,/novatel/oem7/inspva,39.663,-75.756,-1.801825586,0.000575694,-0.002403474,-0.000467573,0.000335855,-0.002403474,,0,
1786043863689608028,1786043863.686537497,/novatel/oem7/odom,/novatel/oem7/fix,/novatel/oem7/odom,39.663,-75.756,-1.801825586,0.000575204,-0.002403591,0.000319035,-0.000478619,-0.002403591,,,
1786043863696309394,1786043863.695575127,/novatel/oem7/odom,/novatel/oem7/fix,/novatel/oem7/odom,39.663,-75.756,-1.801825586,0.000575204,-0.002403591,0.000319035,-0.000478619,-0.002403591,,,
1786043863706748057,1786043863.706114058,/novatel/oem7/inspva,/novatel/oem7/inspva,/novatel/oem7/inspva,39.663,-75.756,-1.801871400,0.000628975,-0.002109337,-0.000562987,0.000280454,-0.002109337,,novatel_oem7_msgs.msg.InertialSolutionStatus(status=3),
1786043863708091242,1786043863.706312020,/novatel/oem7/fix,/novatel/oem7/fix,/novatel/oem7/inspva,39.663,-75.756,-1.801871400,0.000628975,-0.002109337,-0.000562987,0.000280454,-0.002109337,,0,
1786043863709130967,1786043863.706716247,/novatel/oem7/odom,/novatel/oem7/fix,/novatel/oem7/odom,39.663,-75.756,-1.801871400,0.000627065,-0.002109906,0.000257604,-0.000571708,-0.002109906,,,
1786043863710650860,1786043863.709576066,/novatel/oem7/bestpos,/novatel/oem7/bestpos,/novatel/oem7/odom,39.663,-75.756,33.180640456,0.000627065,-0.002109906,0.000257604,-0.000571708,-0.002109906,,novatel_oem7_msgs.msg.SolutionStatus(status=0),novatel_oem7_msgs.msg.PositionOrVelocityType(type=53)
1786043863711921801,1786043863.710367191,/novatel/oem7/bestvel,/novatel/oem7/bestpos,/novatel/oem7/bestvel,39.663,-75.756,33.180640456,0.000755026,-0.001973070,,,,164.511559974,novatel_oem7_msgs.msg.SolutionStatus(status=0),novatel_oem7_msgs.msg.PositionOrVelocityType(type=53)
1786043863715283412,1786043863.714462393,/novatel/oem7/odom,/novatel/oem7/bestpos,/novatel/oem7/odom,39.663,-75.756,33.180640456,0.000627065,-0.002109906,0.000257604,-0.000571708,-0.002109906,,,
1786043863727190290,1786043863.726511379,/novatel/oem7/inspva,/novatel/oem7/inspva,/novatel/oem7/inspva,39.663,-75.756,-1.801919358,0.000940344,-0.002163705,-0.000848463,0.000405409,-0.002163705,,novatel_oem7_msgs.msg.InertialSolutionStatus(status=3),
1786043863728812324,1786043863.726779915,/novatel/oem7/fix,/novatel/oem7/fix,/novatel/oem7/inspva,39.663,-75.756,-1.801919358,0.000940344,-0.002163705,-0.000848463,0.000405409,-0.002163705,,0,
1786043863730060940,1786043863.727116142,/novatel/oem7/odom,/novatel/oem7/fix,/novatel/oem7/odom,39.663,-75.756,-1.801919358,0.000938228,-0.002164623,0.000367426,-0.000863291,-0.002164623,,,
1786043863735154726,1786043863.734574701,/novatel/oem7/odom,/novatel/oem7/fix,/novatel/oem7/odom,39.663,-75.756,-1.801919358,0.000938228,-0.002164623,0.000367426,-0.000863291,-0.002164623,,,
1786043863745469431,1786043863.744885516,/novatel/oem7/inspva,/novatel/oem7/inspva,/novatel/oem7/inspva,39.663,-75.756,-1.801970483,0.000862600,-0.002354575,-0.000707356,0.000493687,-0.002354575,,novatel_oem7_msgs.msg.InertialSolutionStatus(status=3),
1786043863746641754,1786043863.745109241,/novatel/oem7/fix,/novatel/oem7/fix,/novatel/oem7/inspva,39.663,-75.756,-1.801970483,0.000862600,-0.002354575,-0.000707356,0.000493687,-0.002354575,,0,
1786043863747439907,1786043863.745539505,/novatel/oem7/odom,/novatel/oem7/fix,/novatel/oem7/odom,39.663,-75.756,-1.801970483,0.000861956,-0.002354811,0.000463750,-0.000726569,-0.002354811,,,
1786043863756331415,1786043863.755901191,/novatel/oem7/odom,/novatel/oem7/fix,/novatel/oem7/odom,39.663,-75.756,-1.801970483,0.000861956,-0.002354811,0.000463750,-0.000726569,-0.002354811,,,
1786043863765828738,1786043863.765449460,/novatel/oem7/inspva,/novatel/oem7/inspva,/novatel/oem7/inspva,39.663,-75.756,-1.802022078,0.000922769,-0.002457451,-0.000679415,0.000624417,-0.002457451,,novatel_oem7_msgs.msg.InertialSolutionStatus(status=3),
1786043863766625815,1786043863.765655130,/novatel/oem7/fix,/novatel/oem7/fix,/novatel/oem7/inspva,39.663,-75.756,-1.802022078,0.000922769,-0.002457451,-0.000679415,0.000624417,-0.002457451,,0,
1786043863767081167,1786043863.766314996,/novatel/oem7/odom,/novatel/oem7/fix,/novatel/oem7/odom,39.663,-75.756,-1.802022078,0.000923511,-0.002457172,0.000596134,-0.000705334,-0.002457172,,,
1786043863775494034,1786043863.774765170,/novatel/oem7/odom,/novatel/oem7/fix,/novatel/oem7/odom,39.663,-75.756,-1.802022078,0.000923511,-0.002457172,0.000596134,-0.000705334,-0.002457172,,,
1786043863789927996,1786043863.786167342,/novatel/oem7/inspva,/novatel/oem7/inspva,/novatel/oem7/inspva,39.663,-75.756,-1.802078757,0.000771930,-0.002810145,-0.000572591,0.000517701,-0.002810145,,novatel_oem7_msgs.msg.InertialSolutionStatus(status=3),
1786043863796134431,1786043863.786332516,/novatel/oem7/fix,/novatel/oem7/fix,/novatel/oem7/inspva,39.663,-75.756,-1.802078757,0.000771930,-0.002810145,-0.000572591,0.000517701,-0.002810145,,0,
1786043863798792543,1786043863.786922213,/novatel/oem7/odom,/novatel/oem7/fix,/novatel/oem7/odom,39.663,-75.756,-1.802078757,0.000772729,-0.002809925,0.000496487,-0.000592124,-0.002809925,,,
1786043863799600754,1786043863.794679149,/novatel/oem7/odom,/novatel/oem7/fix,/novatel/oem7/odom,39.663,-75.756,-1.802078757,0.000772729,-0.002809925,0.000496487,-0.000592124,-0.002809925,,,
1786043863807068016,1786043863.806562283,/novatel/oem7/inspva,/novatel/oem7/inspva,/novatel/oem7/inspva,39.663,-75.756,-1.802130865,0.000943664,-0.002491843,-0.000855819,0.000397586,-0.002491843,,novatel_oem7_msgs.msg.InertialSolutionStatus(status=3),
1786043863808165290,1786043863.806786749,/novatel/oem7/fix,/novatel/oem7/fix,/novatel/oem7/inspva,39.663,-75.756,-1.802130865,0.000943664,-0.002491843,-0.000855819,0.000397586,-0.002491843,,0,
1786043863809738656,1786043863.808447268,/novatel/oem7/odom,/novatel/oem7/fix,/novatel/oem7/odom,39.663,-75.756,-1.802130865,0.000941110,-0.002492809,0.000360388,-0.000869373,-0.002492809,,,
1786043863819844940,1786043863.810325015,/novatel/oem7/bestpos,/novatel/oem7/bestpos,/novatel/oem7/odom,39.663,-75.756,33.180376018,0.000941110,-0.002492809,0.000360388,-0.000869373,-0.002492809,,novatel_oem7_msgs.msg.SolutionStatus(status=0),novatel_oem7_msgs.msg.PositionOrVelocityType(type=53)
1786043863826191236,1786043863.810790719,/novatel/oem7/bestvel,/novatel/oem7/bestpos,/novatel/oem7/bestvel,39.663,-75.756,33.180376018,0.000955401,-0.002575149,,,,147.911668785,novatel_oem7_msgs.msg.SolutionStatus(status=0),novatel_oem7_msgs.msg.PositionOrVelocityType(type=53)
1786043863829841553,1786043863.815721382,/novatel/oem7/odom,/novatel/oem7/bestpos,/novatel/oem7/odom,39.663,-75.756,33.180376018,0.000941110,-0.002492809,0.000360388,-0.000869373,-0.002492809,,,
1786043863830987850,1786043863.825231610,/novatel/oem7/inspva,/novatel/oem7/inspva,/novatel/oem7/inspva,39.663,-75.756,-1.802188230,0.000821497,-0.002554743,-0.000577183,0.000584565,-0.002554743,,novatel_oem7_msgs.msg.InertialSolutionStatus(status=3),
1786043863831340880,1786043863.825455412,/novatel/oem7/fix,/novatel/oem7/fix,/novatel/oem7/inspva,39.663,-75.756,-1.802188230,0.000821497,-0.002554743,-0.000577183,0.000584565,-0.002554743,,0,
1786043863831770295,1786043863.826005338,/novatel/oem7/odom,/novatel/oem7/fix,/novatel/oem7/odom,39.663,-75.756,-1.802188230,0.000822846,-0.002554309,0.000562126,-0.000600908,-0.002554309,,,
1786043863835148577,1786043863.834475956,/novatel/oem7/odom,/novatel/oem7/fix,/novatel/oem7/odom,39.663,-75.756,-1.802188230,0.000822846,-0.002554309,0.000562126,-0.000600908,-0.002554309,,,
1786043863851767812,1786043863.846437626,/novatel/oem7/inspva,/novatel/oem7/inspva,/novatel/oem7/inspva,39.663,-75.756,-1.802246922,0.000755442,-0.002837707,-0.000609644,0.000446124,-0.002837707,,novatel_oem7_msgs.msg.InertialSolutionStatus(status=3),
1786043863863467354,1786043863.846738755,/novatel/oem7/fix,/novatel/oem7/fix,/novatel/oem7/inspva,39.663,-75.756,-1.802246922,0.000755442,-0.002837707,-0.000609644,0.000446124,-0.002837707,,0,
1786043863864025615,1786043863.847119359,/novatel/oem7/odom,/novatel/oem7/fix,/novatel/oem7/odom,39.663,-75.756,-1.802246922,0.000754983,-0.002837829,0.000423173,-0.000625239,-0.002837829,,,
1786043863864621428,1786043863.856851684,/novatel/oem7/odom,/novatel/oem7/fix,/novatel/oem7/odom,39.663,-75.756,-1.802246922,0.000754983,-0.002837829,0.000423173,-0.000625239,-0.002837829,,,
1786043863865326584,1786043863.864956537,/novatel/oem7/inspva,/novatel/oem7/inspva,/novatel/oem7/inspva,39.663,-75.756,-1.802307003,0.000913938,-0.003014579,-0.000343424,0.000846960,-0.003014579,,novatel_oem7_msgs.msg.InertialSolutionStatus(status=3),
1786043863865862091,1786043863.865164679,/novatel/oem7/fix,/novatel/oem7/fix,/novatel/oem7/inspva,39.663,-75.756,-1.802307003,0.000913938,-0.003014579,-0.000343424,0.000846960,-0.003014579,,0,
1786043863866471397,1786043863.865697852,/novatel/oem7/odom,/novatel/oem7/fix,/novatel/oem7/odom,39.663,-75.756,-1.802307003,0.000920400,-0.003012612,0.000838180,-0.000380251,-0.003012612,,,
1786043863876265333,1786043863.875445418,/novatel/oem7/odom,/novatel/oem7/fix,/novatel/oem7/odom,39.663,-75.756,-1.802307003,0.000920400,-0.003012612,0.000838180,-0.000380251,-0.003012612,,,
1786043863885933691,1786043863.885477696,/novatel/oem7/inspva,/novatel/oem7/inspva,/novatel/oem7/inspva,39.663,-75.756,-1.802361860,0.001013676,-0.002653814,-0.000682542,0.000749450,-0.002653814,,novatel_oem7_msgs.msg.InertialSolutionStatus(status=3),
1786043863886820538,1786043863.885743942,/novatel/oem7/fix,/novatel/oem7/fix,/novatel/oem7/inspva,39.663,-75.756,-1.802361860,0.001013676,-0.002653814,-0.000682542,0.000749450,-0.002653814,,0,
1786043863887540825,1786043863.886187578,/novatel/oem7/odom,/novatel/oem7/fix,/novatel/oem7/odom,39.663,-75.756,-1.802361860,0.001015531,-0.002653104,0.000721522,-0.000714639,-0.002653104,,,
1786043863895018841,1786043863.894553995,/novatel/oem7/odom,/novatel/oem7/fix,/novatel/oem7/odom,39.663,-75.756,-1.802361860,0.001015531,-0.002653104,0.000721522,-0.000714639,-0.002653104,,,
1786043863907052697,1786043863.905981845,/novatel/oem7/inspva,/novatel/oem7/inspva,/novatel/oem7/inspva,39.663,-75.756,-1.802422420,0.001178731,-0.002818378,-0.000460032,0.001085254,-0.002818378,,novatel_oem7_msgs.msg.InertialSolutionStatus(status=3),
1786043863908544238,1786043863.906306525,/novatel/oem7/fix,/novatel/oem7/fix,/novatel/oem7/inspva,39.663,-75.756,-1.802422420,0.001178731,-0.002818378,-0.000460032,0.001085254,-0.002818378,,0,
1786043863909499426,1786043863.906913070,/novatel/oem7/odom,/novatel/oem7/fix,/novatel/oem7/odom,39.663,-75.756,-1.802422420,0.001184602,-0.002815915,0.001069264,-0.000509858,-0.002815915,,,
1786043863910741216,1786043863.909128934,/novatel/oem7/bestpos,/novatel/oem7/bestpos,/novatel/oem7/odom,39.663,-75.756,33.180087847,0.001184602,-0.002815915,0.001069264,-0.000509858,-0.002815915,,novatel_oem7_msgs.msg.SolutionStatus(status=0),novatel_oem7_msgs.msg.PositionOrVelocityType(type=53)
1786043863911499374,1786043863.909468980,/novatel/oem7/bestvel,/novatel/oem7/bestpos,/novatel/oem7/bestvel,39.663,-75.756,33.180087847,0.001053596,-0.002788769,,,,112.903874343,novatel_oem7_msgs.msg.SolutionStatus(status=0),novatel_oem7_msgs.msg.PositionOrVelocityType(type=53)
1786043863915316827,1786043863.914726047,/novatel/oem7/odom,/novatel/oem7/bestpos,/novatel/oem7/odom,39.663,-75.756,33.180087847,0.001184602,-0.002815915,0.001069264,-0.000509858,-0.002815915,,,
1786043863925598046,1786043863.925121263,/novatel/oem7/inspva,/novatel/oem7/inspva,/novatel/oem7/inspva,39.663,-75.756,-1.802481285,0.001194754,-0.002927899,-0.000853101,0.000836455,-0.002927899,,novatel_oem7_msgs.msg.InertialSolutionStatus(status=3),
1786043863926539825,1786043863.925342409,/novatel/oem7/fix,/novatel/oem7/fix,/novatel/oem7/inspva,39.663,-75.756,-1.802481285,0.001194754,-0.002927899,-0.000853101,0.000836455,-0.002927899,,0,
1786043863927137755,1786043863.925804583,/novatel/oem7/odom,/novatel/oem7/fix,/novatel/oem7/odom,39.663,-75.756,-1.802481285,0.001196071,-0.002927361,0.000800336,-0.000888846,-0.002927361,,,
1786043863936671827,1786043863.935613426,/novatel/oem7/odom,/novatel/oem7/fix,/novatel/oem7/odom,39.663,-75.756,-1.802481285,0.001196071,-0.002927361,0.000800336,-0.000888846,-0.002927361,,,
1786043863945774590,1786043863.945150213,/novatel/oem7/inspva,/novatel/oem7/inspva,/novatel/oem7/inspva,39.663,-75.756,-1.802542313,0.001284373,-0.002964628,-0.000529248,0.001170261,-0.002964628,,novatel_oem7_msgs.msg.InertialSolutionStatus(status=3),
1786043863947154580,1786043863.945575584,/novatel/oem7/fix,/novatel/oem7/fix,/novatel/oem7/inspva,39.663,-75.756,-1.802542313,0.001284373,-0.002964628,-0.000529248,0.001170261,-0.002964628,,0,
1786043863948065576,1786043863.946113551,/novatel/oem7/odom,/novatel/oem7/fix,/novatel/oem7/odom,39.663,-75.756,-1.802542313,0.001290274,-0.002962065,0.001150991,-0.000583117,-0.002962065,,,
1786043863956059599,1786043863.955593173,/novatel/oem7/odom,/novatel/oem7/fix,/novatel/oem7/odom,39.663,-75.756,-1.802542313,0.001290274,-0.002962065,0.001150991,-0.000583117,-0.002962065,,,
1786043863967028117,1786043863.966196390,/novatel/oem7/inspva,/novatel/oem7/inspva,/novatel/oem7/inspva,39.663,-75.756,-1.802605281,0.001164564,-0.003124948,-0.000491199,0.001055904,-0.003124948,,novatel_oem7_msgs.msg.InertialSolutionStatus(status=3),
1786043863968570580,1786043863.966490350,/novatel/oem7/fix,/novatel/oem7/fix,/novatel/oem7/inspva,39.663,-75.756,-1.802605281,0.001164564,-0.003124948,-0.000491199,0.001055904,-0.003124948,,0,
1786043863969577132,1786043863.967020727,/novatel/oem7/odom,/novatel/oem7/fix,/novatel/oem7/odom,39.663,-75.756,-1.802605281,0.001170688,-0.003122659,0.001039419,-0.000538625,-0.003122659,,,
1786043863975342422,1786043863.974715704,/novatel/oem7/odom,/novatel/oem7/fix,/novatel/oem7/odom,39.663,-75.756,-1.802605281,0.001170688,-0.003122659,0.001039419,-0.000538625,-0.003122659,,,
1786043863985499521,1786043863.984958485,/novatel/oem7/inspva,/novatel/oem7/inspva,/novatel/oem7/inspva,39.663,-75.756,-1.802669424,0.001530606,-0.003267284,-0.000467764,0.001457379,-0.003267284,,novatel_oem7_msgs.msg.InertialSolutionStatus(status=3),
1786043863986600315,1786043863.985158663,/novatel/oem7/fix,/novatel/oem7/fix,/novatel/oem7/inspva,39.663,-75.756,-1.802669424,0.001530606,-0.003267284,-0.000467764,0.001457379,-0.003267284,,0,
1786043863987139199,1786043863.985906658,/novatel/oem7/odom,/novatel/oem7/fix,/novatel/oem7/odom,39.663,-75.756,-1.802669424,0.001538517,-0.003263567,0.001442061,-0.000536185,-0.003263567,,,
1786043863996755133,1786043863.995488085,/novatel/oem7/odom,/novatel/oem7/fix,/novatel/oem7/odom,39.663,-75.756,-1.802669424,0.001538517,-0.003263567,0.001442061,-0.000536185,-0.003263567,,,
1786043864009392076,1786043864.008479515,/novatel/oem7/inspva,/novatel/oem7/inspva,/novatel/oem7/inspva,39.663,-75.756,-1.802731548,0.001452937,-0.003020439,-0.000769053,0.001232714,-0.003020439,,novatel_oem7_msgs.msg.InertialSolutionStatus(status=3),
1786043864011038687,1786043864.008772924,/novatel/oem7/fix,/novatel/oem7/fix,/novatel/oem7/inspva,39.663,-75.756,-1.802731548,0.001452937,-0.003020439,-0.000769053,0.001232714,-0.003020439,,0,
1786043864012967249,1786043864.011934853,/novatel/oem7/odom,/novatel/oem7/fix,/novatel/oem7/odom,39.663,-75.756,-1.802731548,0.001457323,-0.003018326,0.001200821,-0.000825724,-0.003018326,,,
1786043864016808737,1786043864.016053323,/novatel/oem7/odom,/novatel/oem7/fix,/novatel/oem7/odom,39.663,-75.756,-1.802731548,0.001457323,-0.003018326,0.001200821,-0.000825724,-0.003018326,,,
1786043864027507880,1786043864.026585339,/novatel/oem7/bestpos,/novatel/oem7/bestpos,/novatel/oem7/odom,39.663,-75.756,33.179773238,0.001457323,-0.003018326,0.001200821,-0.000825724,-0.003018326,,novatel_oem7_msgs.msg.SolutionStatus(status=0),novatel_oem7_msgs.msg.PositionOrVelocityType(type=53)
1786043864029510792,1786043864.027066256,/novatel/oem7/bestvel,/novatel/oem7/bestpos,/novatel/oem7/bestvel,39.663,-75.756,33.179773238,0.001364106,-0.003001774,,,,122.368869603,novatel_oem7_msgs.msg.SolutionStatus(status=0),novatel_oem7_msgs.msg.PositionOrVelocityType(type=53)
1786043864030357812,1786043864.027527446,/novatel/oem7/inspva,/novatel/oem7/inspva,/novatel/oem7/inspva,39.663,-75.756,-1.802795960,0.001456532,-0.002870940,-0.000736188,0.001256786,-0.002870940,,novatel_oem7_msgs.msg.InertialSolutionStatus(status=3),
1786043864031179686,1786043864.027738551,/novatel/oem7/fix,/novatel/oem7/fix,/novatel/oem7/inspva,39.663,-75.756,-1.802795960,0.001456532,-0.002870940,-0.000736188,0.001256786,-0.002870940,,0,
1786043864032577686,1786043864.028141106,/novatel/oem7/odom,/novatel/oem7/fix,/novatel/oem7/odom,39.663,-75.756,-1.802795960,0.001460993,-0.002868672,0.001226047,-0.000794550,-0.002868672,,,
1786043864035623034,1786043864.034906889,/novatel/oem7/odom,/novatel/oem7/fix,/novatel/oem7/odom,39.663,-75.756,-1.802795960,0.001460993,-0.002868672,0.001226047,-0.000794550,-0.002868672,,,
1786043864046008662,1786043864.045389680,/novatel/oem7/inspva,/novatel/oem7/inspva,/novatel/oem7/inspva,39.663,-75.756,-1.802788793,0.001714361,-0.003073964,-0.000542315,0.001626324,-0.003073964,,novatel_oem7_msgs.msg.InertialSolutionStatus(status=3),
1786043864047576636,1786043864.045688149,/novatel/oem7/fix,/novatel/oem7/fix,/novatel/oem7/inspva,39.663,-75.756,-1.802788793,0.001714361,-0.003073964,-0.000542315,0.001626324,-0.003073964,,0,
1786043864048862397,1786043864.046282469,/novatel/oem7/odom,/novatel/oem7/fix,/novatel/oem7/odom,39.663,-75.756,-1.802788793,0.001721613,-0.003069909,0.001606074,-0.000620062,-0.003069909,,,
1786043864057038484,1786043864.056437069,/novatel/oem7/odom,/novatel/oem7/fix,/novatel/oem7/odom,39.663,-75.756,-1.802788793,0.001721613,-0.003069909,0.001606074,-0.000620062,-0.003069909,,,
1786043864066969547,1786043864.066055003,/novatel/oem7/inspva,/novatel/oem7/inspva,/novatel/oem7/inspva,39.663,-75.756,-1.802752639,0.001518304,-0.003274560,-0.000537539,0.001419965,-0.003274560,,novatel_oem7_msgs.msg.InertialSolutionStatus(status=3),
1786043864068759788,1786043864.066372833,/novatel/oem7/fix,/novatel/oem7/fix,/novatel/oem7/inspva,39.663,-75.756,-1.802752639,0.001518304,-0.003274560,-0.000537539,0.001419965,-0.003274560,,0,
1786043864070045639,1786043864.066912845,/novatel/oem7/odom,/novatel/oem7/fix,/novatel/oem7/odom,39.663,-75.756,-1.802752639,0.001525554,-0.003271189,0.001400965,-0.000603833,-0.003271189,,,
1786043864075358647,1786043864.074696064,/novatel/oem7/odom,/novatel/oem7/fix,/novatel/oem7/odom,39.663,-75.756,-1.802752639,0.001525554,-0.003271189,0.001400965,-0.000603833,-0.003271189,,,
1786043864087152738,1786043864.086710350,/novatel/oem7/inspva,/novatel/oem7/inspva,/novatel/oem7/inspva,39.663,-75.756,-1.802726937,0.001142291,-0.002675541,-0.000427802,0.001059157,-0.002675541,,novatel_oem7_msgs.msg.InertialSolutionStatus(status=3),
1786043864088318610,1786043864.086901752,/novatel/oem7/fix,/novatel/oem7/fix,/novatel/oem7/inspva,39.663,-75.756,-1.802726937,0.001142291,-0.002675541,-0.000427802,0.001059157,-0.002675541,,0,
1786043864089218617,1786043864.087387177,/novatel/oem7/odom,/novatel/oem7/fix,/novatel/oem7/odom,39.663,-75.756,-1.802726937,0.001147963,-0.002673113,0.001044354,-0.000476595,-0.002673113,,,
1786043864096372107,1786043864.095299885,/novatel/oem7/odom,/novatel/oem7/fix,/novatel/oem7/odom,39.663,-75.756,-1.802726937,0.001147963,-0.002673113,0.001044354,-0.000476595,-0.002673113,,,
1786043864106694197,1786043864.105854917,/novatel/oem7/inspva,/novatel/oem7/inspva,/novatel/oem7/inspva,39.663,-75.756,-1.802692287,0.001158894,-0.002752224,-0.000628528,0.000973647,-0.002752224,,novatel_oem7_msgs.msg.InertialSolutionStatus(status=3),
1786043864108252107,1786043864.106126423,/novatel/oem7/fix,/novatel/oem7/fix,/novatel/oem7/inspva,39.663,-75.756,-1.802692287,0.001158894,-0.002752224,-0.000628528,0.000973647,-0.002752224,,0,
1786043864109612090,1786043864.106700490,/novatel/oem7/odom,/novatel/oem7/fix,/novatel/oem7/odom,39.663,-75.756,-1.802692287,0.001162681,-0.002750627,0.000948596,-0.000672304,-0.002750627,,,
1786043864111457760,1786043864.109481160,/novatel/oem7/bestpos,/novatel/oem7/bestpos,/novatel/oem7/odom,39.663,-75.756,33.179824989,0.001162681,-0.002750627,0.000948596,-0.000672304,-0.002750627,,novatel_oem7_msgs.msg.SolutionStatus(status=0),novatel_oem7_msgs.msg.PositionOrVelocityType(type=53)
1786043864112451027,1786043864.110073874,/novatel/oem7/bestvel,/novatel/oem7/bestpos,/novatel/oem7/bestvel,39.663,-75.756,33.179824989,0.001383001,-0.002828925,,,,120.070514203,novatel_oem7_msgs.msg.SolutionStatus(status=0),novatel_oem7_msgs.msg.PositionOrVelocityType(type=53)
1786043864115925543,1786043864.115350648,/novatel/oem7/odom,/novatel/oem7/bestpos,/novatel/oem7/odom,39.663,-75.756,33.179824989,0.001162681,-0.002750627,0.000948596,-0.000672304,-0.002750627,,,
1786043864126501642,1786043864.125632684,/novatel/oem7/inspva,/novatel/oem7/inspva,/novatel/oem7/inspva,39.663,-75.756,-1.802675516,0.001249471,-0.003129198,-0.000653697,0.001064828,-0.003129198,,novatel_oem7_msgs.msg.InertialSolutionStatus(status=3),
1786043864128299643,1786043864.125874050,/novatel/oem7/fix,/novatel/oem7/fix,/novatel/oem7/inspva,39.663,-75.756,-1.802675516,0.001249471,-0.003129198,-0.000653697,0.001064828,-0.003129198,,0,
1786043864129375817,1786043864.126480288,/novatel/oem7/odom,/novatel/oem7/fix,/novatel/oem7/odom,39.663,-75.756,-1.802675516,0.001254079,-0.003127354,0.001039639,-0.000701331,-0.003127354,,,
1786043864135750707,1786043864.134896004,/novatel/oem7/odom,/novatel/oem7/fix,/novatel/oem7/odom,39.663,-75.756,-1.802675516,0.001254079,-0.003127354,0.001039639,-0.000701331,-0.003127354,,,
1786043864146820548,1786043864.146121491,/novatel/oem7/inspva,/novatel/oem7/inspva,/novatel/oem7/inspva,39.663,-75.756,-1.802639365,0.001407024,-0.002599896,-0.000923085,0.001061900,-0.002599896,,novatel_oem7_msgs.msg.InertialSolutionStatus(status=3),
1786043864148390133,1786043864.146390088,/novatel/oem7/fix,/novatel/oem7/fix,/novatel/oem7/inspva,39.663,-75.756,-1.802639365,0.001407024,-0.002599896,-0.000923085,0.001061900,-0.002599896,,0,
1786043864149641137,1786043864.146991977,/novatel/oem7/odom,/novatel/oem7/fix,/novatel/oem7/odom,39.663,-75.756,-1.802639365,0.001409043,-0.002598803,0.001020548,-0.000971537,-0.002598803,,,
1786043864157272935,1786043864.156297195,/novatel/oem7/odom,/novatel/oem7/fix,/novatel/oem7/odom,39.663,-75.756,-1.802639365,0.001409043,-0.002598803,0.001020548,-0.000971537,-0.002598803,,,
1786043864165827816,1786043864.165293686,/novatel/oem7/inspva,/novatel/oem7/inspva,/novatel/oem7/inspva,39.663,-75.756,-1.802626238,0.001269621,-0.003137469,-0.000710435,0.001052245,-0.003137469,,novatel_oem7_msgs.msg.InertialSolutionStatus(status=3),
1786043864166992151,1786043864.165510702,/novatel/oem7/fix,/novatel/oem7/fix,/novatel/oem7/inspva,39.663,-75.756,-1.802626238,0.001269621,-0.003137469,-0.000710435,0.001052245,-0.003137469,,0,
1786043864167878300,1786043864.166070311,/novatel/oem7/odom,/novatel/oem7/fix,/novatel/oem7/odom,39.663,-75.756,-1.802626238,0.001273648,-0.003135836,0.001024064,-0.000757280,-0.003135836,,,
1786043864176076820,1786043864.175504914,/novatel/oem7/odom,/novatel/oem7/fix,/novatel/oem7/odom,39.663,-75.756,-1.802626238,0.001273648,-0.003135836,0.001024064,-0.000757280,-0.003135836,,,
1786043864186141414,1786043864.185415071,/novatel/oem7/inspva,/novatel/oem7/inspva,/novatel/oem7/inspva,39.663,-75.756,-1.802595059,0.001151564,-0.003041388,-0.000713715,0.000903721,-0.003041388,,novatel_oem7_msgs.msg.InertialSolutionStatus(status=3),
1786043864187833280,1786043864.185707098,/novatel/oem7/fix,/novatel/oem7/fix,/novatel/oem7/inspva,39.663,-75.756,-1.802595059,0.001151564,-0.003041388,-0.000713715,0.000903721,-0.003041388,,0,
1786043864188788033,1786043864.186368784,/novatel/oem7/odom,/novatel/oem7/fix,/novatel/oem7/odom,39.663,-75.756,-1.802595059,0.001154522,-0.003040266,0.000875229,-0.000752924,-0.003040266,,,
1786043864195139526,1786043864.194467370,/novatel/oem7/odom,/novatel/oem7/fix,/novatel/oem7/odom,39.663,-75.756,-1.802595059,0.001154522,-0.003040266,0.000875229,-0.000752924,-0.003040266,,,
1786043864206140769,1786043864.205674324,/novatel/oem7/inspva,/novatel/oem7/inspva,/novatel/oem7/inspva,39.663,-75.756,-1.802579002,0.000930201,-0.002931383,-0.000448336,0.000815027,-0.002931383,,novatel_oem7_msgs.msg.InertialSolutionStatus(status=3),
1786043864207252695,1786043864.205835359,/novatel/oem7/fix,/novatel/oem7/fix,/novatel/oem7/inspva,39.663,-75.756,-1.802579002,0.000930201,-0.002931383,-0.000448336,0.000815027,-0.002931383,,0,
1786043864208116155,1786043864.206705501,/novatel/oem7/odom,/novatel/oem7/fix,/novatel/oem7/odom,39.663,-75.756,-1.802579002,0.000935051,-0.002929840,0.000800352,-0.000483484,-0.002929840,,,
1786043864210867149,1786043864.210229248,/novatel/oem7/bestpos,/novatel/oem7/bestpos,/novatel/oem7/odom,39.663,-75.756,33.179945746,0.000935051,-0.002929840,0.000800352,-0.000483484,-0.002929840,,novatel_oem7_msgs.msg.SolutionStatus(status=0),novatel_oem7_msgs.msg.PositionOrVelocityType(type=53)
1786043864212044275,1786043864.210747525,/novatel/oem7/bestvel,/novatel/oem7/bestpos,/novatel/oem7/bestvel,39.663,-75.756,33.179945746,0.000822364,-0.002814921,,,,127.749431476,novatel_oem7_msgs.msg.SolutionStatus(status=0),novatel_oem7_msgs.msg.PositionOrVelocityType(type=53)
1786043864215668132,1786043864.215129729,/novatel/oem7/odom,/novatel/oem7/bestpos,/novatel/oem7/odom,39.663,-75.756,33.179945746,0.000935051,-0.002929840,0.000800352,-0.000483484,-0.002929840,,,
1786043864225690417,1786043864.224972492,/novatel/oem7/inspva,/novatel/oem7/inspva,/novatel/oem7/inspva,39.663,-75.756,-1.802547260,0.000875884,-0.002484844,-0.000629550,0.000608967,-0.002484844,,novatel_oem7_msgs.msg.InertialSolutionStatus(status=3),
1786043864226918347,1786043864.225177469,/novatel/oem7/fix,/novatel/oem7/fix,/novatel/oem7/inspva,39.663,-75.756,-1.802547260,0.000875884,-0.002484844,-0.000629550,0.000608967,-0.002484844,,0,
1786043864227863050,1786043864.225665114,/novatel/oem7/odom,/novatel/oem7/fix,/novatel/oem7/odom,39.663,-75.756,-1.802547260,0.000876889,-0.002484490,0.000583421,-0.000654640,-0.002484490,,,
1786043864234937425,1786043864.234407179,/novatel/oem7/odom,/novatel/oem7/fix,/novatel/oem7/odom,39.663,-75.756,-1.802547260,0.000876889,-0.002484490,0.000583421,-0.000654640,-0.002484490,,,
1786043864247651941,1786043864.246571181,/novatel/oem7/inspva,/novatel/oem7/inspva,/novatel/oem7/inspva,39.663,-75.756,-1.802535407,0.001220209,-0.002844057,-0.000761880,0.000953125,-0.002844057,,novatel_oem7_msgs.msg.InertialSolutionStatus(status=3),
1786043864249457503,1786043864.246796932,/novatel/oem7/fix,/novatel/oem7/fix,/novatel/oem7/inspva,39.663,-75.756,-1.802535407,0.001220209,-0.002844057,-0.000761880,0.000953125,-0.002844057,,0,
1786043864250472850,1786043864.247588788,/novatel/oem7/odom,/novatel/oem7/fix,/novatel/oem7/odom,39.663,-75.756,-1.802535407,0.001222910,-0.002842896,0.000921301,-0.000804185,-0.002842896,,,
1786043864257249579,1786043864.256564432,/novatel/oem7/odom,/novatel/oem7/fix,/novatel/oem7/odom,39.663,-75.756,-1.802535407,0.001222910,-0.002842896,0.000921301,-0.000804185,-0.002842896,,,
1786043864265749945,1786043864.265015621,/novatel/oem7/inspva,/novatel/oem7/inspva,/novatel/oem7/inspva,39.663,-75.756,-1.802504088,0.001212263,-0.002709836,-0.000904653,0.000806961,-0.002709836,,novatel_oem7_msgs.msg.InertialSolutionStatus(status=3),
1786043864267064296,1786043864.265232253,/novatel/oem7/fix,/novatel/oem7/fix,/novatel/oem7/inspva,39.663,-75.756,-1.802504088,0.001212263,-0.002709836,-0.000904653,0.000806961,-0.002709836,,0,
1786043864268071716,1786043864.265587094,/novatel/oem7/odom,/novatel/oem7/fix,/novatel/oem7/odom,39.663,-75.756,-1.802504088,0.001212863,-0.002709568,0.000767282,-0.000939316,-0.002709568,,,
1786043864275946452,1786043864.274780078,/novatel/oem7/odom,/novatel/oem7/fix,/novatel/oem7/odom,39.663,-75.756,-1.802504088,0.001212863,-0.002709568,0.000767282,-0.000939316,-0.002709568,,,
1786043864285883040,1786043864.285297807,/novatel/oem7/inspva,/novatel/oem7/inspva,/novatel/oem7/inspva,39.663,-75.756,-1.802491488,0.001361483,-0.002860243,-0.001010502,0.000912426,-0.002860243,,novatel_oem7_msgs.msg.InertialSolutionStatus(status=3),
1786043864287307358,1786043864.285500336,/novatel/oem7/fix,/novatel/oem7/fix,/novatel/oem7/inspva,39.663,-75.756,-1.802491488,0.001361483,-0.002860243,-0.001010502,0.000912426,-0.002860243,,0,
1786043864288377839,1786043864.286044349,/novatel/oem7/odom,/novatel/oem7/fix,/novatel/oem7/odom,39.663,-75.756,-1.802491488,0.001362179,-0.002859912,0.000867471,-0.001050250,-0.002859912,,,
1786043864295574129,1786043864.294843251,/novatel/oem7/odom,/novatel/oem7/fix,/novatel/oem7/odom,39.663,-75.756,-1.802491488,0.001362179,-0.002859912,0.000867471,-0.001050250,-0.002859912,,,
1786043864307210677,1786043864.306187147,/novatel/oem7/inspva,/novatel/oem7/inspva,/novatel/oem7/inspva,39.663,-75.756,-1.802463572,0.001368070,-0.002915887,-0.001124004,0.000779891,-0.002915887,,novatel_oem7_msgs.msg.InertialSolutionStatus(status=3),
1786043864309611175,1786043864.306510143,/novatel/oem7/fix,/novatel/oem7/fix,/novatel/oem7/inspva,39.663,-75.756,-1.802463572,0.001368070,-0.002915887,-0.001124004,0.000779891,-0.002915887,,0,
1786043864310934165,1786043864.306897764,/novatel/oem7/odom,/novatel/oem7/fix,/novatel/oem7/odom,39.663,-75.756,-1.802463572,0.001367170,-0.002916309,0.000729283,-0.001156417,-0.002916309,,,
1786043864312520548,1786043864.309717966,/novatel/oem7/bestpos,/novatel/oem7/bestpos,/novatel/oem7/odom,39.663,-75.756,33.180068539,0.001367170,-0.002916309,0.000729283,-0.001156417,-0.002916309,,novatel_oem7_msgs.msg.SolutionStatus(status=0),novatel_oem7_msgs.msg.PositionOrVelocityType(type=53)
1786043864313475028,1786043864.310311979,/novatel/oem7/bestvel,/novatel/oem7/bestpos,/novatel/oem7/bestvel,39.663,-75.756,33.180068539,0.001292547,-0.002785806,,,,153.934148277,novatel_oem7_msgs.msg.SolutionStatus(status=0),novatel_oem7_msgs.msg.PositionOrVelocityType(type=53)
1786043864315085354,1786043864.314312728,/novatel/oem7/odom,/novatel/oem7/bestpos,/novatel/oem7/odom,39.663,-75.756,33.180068539,0.001367170,-0.002916309,0.000729283,-0.001156417,-0.002916309,,,
1786043864325626792,1786043864.324982558,/novatel/oem7/inspva,/novatel/oem7/inspva,/novatel/oem7/inspva,39.663,-75.756,-1.802448853,0.000929134,-0.002546957,-0.000587021,0.000720205,-0.002546957,,novatel_oem7_msgs.msg.InertialSolutionStatus(status=3),
1786043864327137923,1786043864.325142193,/novatel/oem7/fix,/novatel/oem7/fix,/novatel/oem7/inspva,39.663,-75.756,-1.802448853,0.000929134,-0.002546957,-0.000587021,0.000720205,-0.002546957,,0,
1786043864328297745,1786043864.325512887,/novatel/oem7/odom,/novatel/oem7/fix,/novatel/oem7/odom,39.663,-75.756,-1.802448853,0.000931414,-0.002546124,0.000696913,-0.000617935,-0.002546124,,,
1786043864336050851,1786043864.335409773,/novatel/oem7/odom,/novatel/oem7/fix,/novatel/oem7/odom,39.663,-75.756,-1.802448853,0.000931414,-0.002546124,0.000696913,-0.000617935,-0.002546124,,,
1786043864345897001,1786043864.344920024,/novatel/oem7/inspva,/novatel/oem7/inspva,/novatel/oem7/inspva,39.663,-75.756,-1.802423849,0.001176050,-0.002766882,-0.000731232,0.000921083,-0.002766882,,novatel_oem7_msgs.msg.InertialSolutionStatus(status=3),
1786043864348221225,1786043864.345144963,/novatel/oem7/fix,/novatel/oem7/fix,/novatel/oem7/inspva,39.663,-75.756,-1.802423849,0.001176050,-0.002766882,-0.000731232,0.000921083,-0.002766882,,0,
1786043864349982503,1786043864.345566828,/novatel/oem7/odom,/novatel/oem7/fix,/novatel/oem7/odom,39.663,-75.756,-1.802423849,0.001178686,-0.002765760,0.000890624,-0.000772068,-0.002765760,,,
1786043864356568426,1786043864.355663020,/novatel/oem7/odom,/novatel/oem7/fix,/novatel/oem7/odom,39.663,-75.756,-1.802423849,0.001178686,-0.002765760,0.000890624,-0.000772068,-0.002765760,,,
1786043864367086956,1786043864.366553631,/novatel/oem7/inspva,/novatel/oem7/inspva,/novatel/oem7/inspva,39.663,-75.756,-1.802410647,0.000920107,-0.002428276,-0.000534268,0.000749103,-0.002428276,,novatel_oem7_msgs.msg.InertialSolutionStatus(status=3),
1786043864368557682,1786043864.366721896,/novatel/oem7/fix,/novatel/oem7/fix,/novatel/oem7/inspva,39.663,-75.756,-1.802410647,0.000920107,-0.002428276,-0.000534268,0.000749103,-0.002428276,,0,
1786043864369670130,1786043864.367448847,/novatel/oem7/odom,/novatel/oem7/fix,/novatel/oem7/odom,39.663,-75.756,-1.802410647,0.000922962,-0.002427192,0.000728159,-0.000567136,-0.002427192,,,
1786043864376075215,1786043864.374839216,/novatel/oem7/odom,/novatel/oem7/fix,/novatel/oem7/odom,39.663,-75.756,-1.802410647,0.000922962,-0.002427192,0.000728159,-0.000567136,-0.002427192,,,
1786043864385543077,1786043864.384937805,/novatel/oem7/inspva,/novatel/oem7/inspva,/novatel/oem7/inspva,39.663,-75.756,-1.802388476,0.000833113,-0.002740469,-0.000540781,0.000633746,-0.002740469,,novatel_oem7_msgs.msg.InertialSolutionStatus(status=3),
1786043864386926431,1786043864.385099380,/novatel/oem7/fix,/novatel/oem7/fix,/novatel/oem7/inspva,39.663,-75.756,-1.802388476,0.000833113,-0.002740469,-0.000540781,0.000633746,-0.002740469,,0,
1786043864388049230,1786043864.385451227,/novatel/oem7/odom,/novatel/oem7/fix,/novatel/oem7/odom,39.663,-75.756,-1.802388476,0.000835324,-0.002739796,0.000613720,-0.000566669,-0.002739796,,,
1786043864395377401,1786043864.394579406,/novatel/oem7/odom,/novatel/oem7/fix,/novatel/oem7/odom,39.663,-75.756,-1.802388476,0.000835324,-0.002739796,0.000613720,-0.000566669,-0.002739796,,,
1786043864407508085,1786043864.406739543,/novatel/oem7/inspva,/novatel/oem7/inspva,/novatel/oem7/inspva,39.663,-75.756,-1.802379732,0.000725569,-0.002789942,-0.000534934,0.000490200,-0.002789942,,novatel_oem7_msgs.msg.InertialSolutionStatus(status=3),
1786043864408913879,1786043864.406985569,/novatel/oem7/fix,/novatel/oem7/fix,/novatel/oem7/inspva,39.663,-75.756,-1.802379732,0.000725569,-0.002789942,-0.000534934,0.000490200,-0.002789942,,0,
1786043864410046421,1786043864.407614702,/novatel/oem7/odom,/novatel/oem7/fix,/novatel/oem7/odom,39.663,-75.756,-1.802379732,0.000726326,-0.002789745,0.000470831,-0.000553053,-0.002789745,,,
1786043864411684143,1786043864.410162838,/novatel/oem7/bestpos,/novatel/oem7/bestpos,/novatel/oem7/odom,39.663,-75.756,33.180149739,0.000726326,-0.002789745,0.000470831,-0.000553053,-0.002789745,,novatel_oem7_msgs.msg.SolutionStatus(status=0),novatel_oem7_msgs.msg.PositionOrVelocityType(type=53)
1786043864412696491,1786043864.410685727,/novatel/oem7/bestvel,/novatel/oem7/bestpos,/novatel/oem7/bestvel,39.663,-75.756,33.180149739,0.000377641,-0.002802528,,,,140.769561892,novatel_oem7_msgs.msg.SolutionStatus(status=0),novatel_oem7_msgs.msg.PositionOrVelocityType(type=53)
1786043864415380128,1786043864.414742673,/novatel/oem7/odom,/novatel/oem7/bestpos,/novatel/oem7/odom,39.663,-75.756,33.180149739,0.000726326,-0.002789745,0.000470831,-0.000553053,-0.002789745,,,
1786043864426630096,1786043864.425945272,/novatel/oem7/inspva,/novatel/oem7/inspva,/novatel/oem7/inspva,39.663,-75.756,-1.802358473,0.000916525,-0.002849388,-0.000591789,0.000699859,-0.002849388,,novatel_oem7_msgs.msg.InertialSolutionStatus(status=3),
1786043864428144745,1786043864.426124450,/novatel/oem7/fix,/novatel/oem7/fix,/novatel/oem7/inspva,39.663,-75.756,-1.802358473,0.000916525,-0.002849388,-0.000591789,0.000699859,-0.002849388,,0,
1786043864429281426,1786043864.426471561,/novatel/oem7/odom,/novatel/oem7/fix,/novatel/oem7/odom,39.663,-75.756,-1.802358473,0.000918824,-0.002848648,0.000677366,-0.000620816,-0.002848648,,,
1786043864434967367,1786043864.434244419,/novatel/oem7/odom,/novatel/oem7/fix,/novatel/oem7/odom,39.663,-75.756,-1.802358473,0.000918824,-0.002848648,0.000677366,-0.000620816,-0.002848648,,,
1786043864445614309,1786043864.444962529,/novatel/oem7/inspva,/novatel/oem7/inspva,/novatel/oem7/inspva,39.663,-75.756,-1.802347566,0.000630042,-0.002284579,-0.000464383,0.000425795,-0.002284579,,novatel_oem7_msgs.msg.InertialSolutionStatus(status=3),
1786043864447089891,1786043864.445153648,/novatel/oem7/fix,/novatel/oem7/fix,/novatel/oem7/inspva,39.663,-75.756,-1.802347566,0.000630042,-0.002284579,-0.000464383,0.000425795,-0.002284579,,0,
1786043864448227455,1786043864.445478097,/novatel/oem7/odom,/novatel/oem7/fix,/novatel/oem7/odom,39.663,-75.756,-1.802347566,0.000630668,-0.002284406,0.000408504,-0.000480486,-0.002284406,,,
1786043864457063812,1786043864.456385942,/novatel/oem7/odom,/novatel/oem7/fix,/novatel/oem7/odom,39.663,-75.756,-1.802347566,0.000630668,-0.002284406,0.000408504,-0.000480486,-0.002284406,,,
1786043864465451621,1786043864.464918259,/novatel/oem7/inspva,/novatel/oem7/inspva,/novatel/oem7/inspva,39.663,-75.756,-1.802328495,0.000680252,-0.002549174,-0.000348644,0.000584115,-0.002549174,,novatel_oem7_msgs.msg.InertialSolutionStatus(status=3),
1786043864466842678,1786043864.465083071,/novatel/oem7/fix,/novatel/oem7/fix,/novatel/oem7/inspva,39.663,-75.756,-1.802328495,0.000680252,-0.002549174,-0.000348644,0.000584115,-0.002549174,,0,
1786043864467970266,1786043864.465481935,/novatel/oem7/odom,/novatel/oem7/fix,/novatel/oem7/odom,39.663,-75.756,-1.802328495,0.000684083,-0.002548149,0.000573689,-0.000372627,-0.002548149,,,
1786043864475107659,1786043864.474293094,/novatel/oem7/odom,/novatel/oem7/fix,/novatel/oem7/odom,39.663,-75.756,-1.802328495,0.000684083,-0.002548149,0.000573689,-0.000372627,-0.002548149,,,
1786043864487100351,1786043864.486496835,/novatel/oem7/inspva,/novatel/oem7/inspva,/novatel/oem7/inspva,39.663,-75.756,-1.802322855,0.000974151,-0.002642726,-0.000531682,0.000816263,-0.002642726,,novatel_oem7_msgs.msg.InertialSolutionStatus(status=3),
1786043864488662617,1786043864.486670580,/novatel/oem7/fix,/novatel/oem7/fix,/novatel/oem7/inspva,39.663,-75.756,-1.802322855,0.000974151,-0.002642726,-0.000531682,0.000816263,-0.002642726,,0,
1786043864489808712,1786043864.487376037,/novatel/oem7/odom,/novatel/oem7/fix,/novatel/oem7/odom,39.663,-75.756,-1.802322855,0.000977674,-0.002641425,0.000796100,-0.000567513,-0.002641425,,,
1786043864495363889,1786043864.494583324,/novatel/oem7/odom,/novatel/oem7/fix,/novatel/oem7/odom,39.663,-75.756,-1.802322855,0.000977674,-0.002641425,0.000796100,-0.000567513,-0.002641425,,,
1786043864506467212,1786043864.505884309,/novatel/oem7/inspva,/novatel/oem7/inspva,/novatel/oem7/inspva,39.663,-75.756,-1.802301061,0.000797764,-0.002471196,-0.000365979,0.000708863,-0.002471196,,novatel_oem7_msgs.msg.InertialSolutionStatus(status=3),
1786043864507938550,1786043864.506053481,/novatel/oem7/fix,/novatel/oem7/fix,/novatel/oem7/inspva,39.663,-75.756,-1.802301061,0.000797764,-0.002471196,-0.000365979,0.000708863,-0.002471196,,0,
1786043864509075401,1786043864.506536542,/novatel/oem7/odom,/novatel/oem7/fix,/novatel/oem7/odom,39.663,-75.756,-1.802301061,0.000802111,-0.002469789,0.000697089,-0.000396798,-0.002469789,,,
1786043864512071272,1786043864.511315326,/novatel/oem7/bestpos,/novatel/oem7/bestpos,/novatel/oem7/odom,39.663,-75.756,33.180222778,0.000802111,-0.002469789,0.000697089,-0.000396798,-0.002469789,,novatel_oem7_msgs.msg.SolutionStatus(status=0),novatel_oem7_msgs.msg.PositionOrVelocityType(type=53)
1786043864513658355,1786043864.511774213,/novatel/oem7/bestvel,/novatel/oem7/bestpos,/novatel/oem7/bestvel,39.663,-75.756,33.180222778,0.001324842,-0.002399930,,,,126.926494764,novatel_oem7_msgs.msg.SolutionStatus(status=0),novatel_oem7_msgs.msg.PositionOrVelocityType(type=53)
1786043864515330645,1786043864.514578017,/novatel/oem7/odom,/novatel/oem7/bestpos,/novatel/oem7/odom,39.663,-75.756,33.180222778,0.000802111,-0.002469789,0.000697089,-0.000396798,-0.002469789,,,
1786043864525766178,1786043864.525058151,/novatel/oem7/inspva,/novatel/oem7/inspva,/novatel/oem7/inspva,39.663,-75.756,-1.802295801,0.001254806,-0.002602223,-0.000869601,0.000904617,-0.002602223,,novatel_oem7_msgs.msg.InertialSolutionStatus(status=3),
1786043864527336127,1786043864.525168761,/novatel/oem7/fix,/novatel/oem7/fix,/novatel/oem7/inspva,39.663,-75.756,-1.802295801,0.001254806,-0.002602223,-0.000869601,0.000904617,-0.002602223,,0,
1786043864528468896,1786043864.525878022,/novatel/oem7/odom,/novatel/oem7/fix,/novatel/oem7/odom,39.663,-75.756,-1.802295801,0.001256165,-0.002601567,0.000866225,-0.000909728,-0.002601567,,,
1786043864535627858,1786043864.534823903,/novatel/oem7/odom,/novatel/oem7/fix,/novatel/oem7/odom,39.663,-75.756,-1.802295801,0.001256165,-0.002601567,0.000866225,-0.000909728,-0.002601567,,,
1786043864546837879,1786043864.546004120,/novatel/oem7/inspva,/novatel/oem7/inspva,/novatel/oem7/inspva,39.663,-75.756,-1.802273199,0.000815560,-0.002526852,-0.000499952,0.000644350,-0.002526852,,novatel_oem7_msgs.msg.InertialSolutionStatus(status=3),
1786043864548324324,1786043864.546183709,/novatel/oem7/fix,/novatel/oem7/fix,/novatel/oem7/inspva,39.663,-75.756,-1.802273199,0.000815560,-0.002526852,-0.000499952,0.000644350,-0.002526852,,0,
1786043864549505423,1786043864.546650201,/novatel/oem7/odom,/novatel/oem7/fix,/novatel/oem7/odom,39.663,-75.756,-1.802273199,0.000818060,-0.002526044,0.000625707,-0.000526985,-0.002526044,,,
1786043864556760107,1786043864.555906741,/novatel/oem7/odom,/novatel/oem7/fix,/novatel/oem7/odom,39.663,-75.756,-1.802273199,0.000818060,-0.002526044,0.000625707,-0.000526985,-0.002526044,,,
1786043864565626550,1786043864.564867436,/novatel/oem7/inspva,/novatel/oem7/inspva,/novatel/oem7/inspva,39.663,-75.756,-1.802266656,0.000948034,-0.002348426,-0.000740737,0.000591673,-0.002348426,,novatel_oem7_msgs.msg.InertialSolutionStatus(status=3),
1786043864567140962,1786043864.564966921,/novatel/oem7/fix,/novatel/oem7/fix,/novatel/oem7/inspva,39.663,-75.756,-1.802266656,0.000948034,-0.002348426,-0.000740737,0.000591673,-0.002348426,,0,
1786043864568367928,1786043864.565363227,/novatel/oem7/odom,/novatel/oem7/fix,/novatel/oem7/odom,39.663,-75.756,-1.802266656,0.000947930,-0.002348467,0.000559652,-0.000765089,-0.002348467,,,
1786043864576306366,1786043864.575542791,/novatel/oem7/odom,/novatel/oem7/fix,/novatel/oem7/odom,39.663,-75.756,-1.802266656,0.000947930,-0.002348467,0.000559652,-0.000765089,-0.002348467,,,
1786043864585816222,1786043864.585118498,/novatel/oem7/inspva,/novatel/oem7/inspva,/novatel/oem7/inspva,39.663,-75.756,-1.802246570,0.000593348,-0.002208371,-0.000538515,0.000249125,-0.002208371,,novatel_oem7_msgs.msg.InertialSolutionStatus(status=3),
1786043864587395515,1786043864.585293290,/novatel/oem7/fix,/novatel/oem7/fix,/novatel/oem7/inspva,39.663,-75.756,-1.802246570,0.000593348,-0.002208371,-0.000538515,0.000249125,-0.002208371,,0,
1786043864588614158,1786043864.585732048,/novatel/oem7/odom,/novatel/oem7/fix,/novatel/oem7/odom,39.663,-75.756,-1.802246570,0.000591000,-0.002209000,0.000227870,-0.000545304,-0.002209000,,,
1786043864595275502,1786043864.594490664,/novatel/oem7/odom,/novatel/oem7/fix,/novatel/oem7/odom,39.663,-75.756,-1.802246570,0.000591000,-0.002209000,0.000227870,-0.000545304,-0.002209000,,,
1786043864607449682,1786043864.606681158,/novatel/oem7/inspva,/novatel/oem7/inspva,/novatel/oem7/inspva,39.663,-75.756,-1.802247460,0.000934215,-0.002767646,-0.000771496,0.000526830,-0.002767646,,novatel_oem7_msgs.msg.InertialSolutionStatus(status=3),
1786043864609010581,1786043864.606858329,/novatel/oem7/fix,/novatel/oem7/fix,/novatel/oem7/inspva,39.663,-75.756,-1.802247460,0.000934215,-0.002767646,-0.000771496,0.000526830,-0.002767646,,0,
1786043864610178243,1786043864.607357871,/novatel/oem7/odom,/novatel/oem7/fix,/novatel/oem7/odom,39.663,-75.756,-1.802247460,0.000933174,-0.002767997,0.000494687,-0.000791264,-0.002767997,,,
1786043864611861237,1786043864.610447180,/novatel/oem7/bestpos,/novatel/oem7/bestpos,/novatel/oem7/odom,39.663,-75.756,33.180282284,0.000933174,-0.002767997,0.000494687,-0.000791264,-0.002767997,,novatel_oem7_msgs.msg.SolutionStatus(status=0),novatel_oem7_msgs.msg.PositionOrVelocityType(type=53)
1786043864612919271,1786043864.610875150,/novatel/oem7/bestvel,/novatel/oem7/bestpos,/novatel/oem7/bestvel,39.663,-75.756,33.180282284,0.000514800,-0.002554533,,,,211.146003569,novatel_oem7_msgs.msg.SolutionStatus(status=0),novatel_oem7_msgs.msg.PositionOrVelocityType(type=53)
1786043864615469984,1786043864.614714518,/novatel/oem7/odom,/novatel/oem7/bestpos,/novatel/oem7/odom,39.663,-75.756,33.180282284,0.000933174,-0.002767997,0.000494687,-0.000791264,-0.002767997,,,
1786043864625868877,1786043864.625279394,/novatel/oem7/inspva,/novatel/oem7/inspva,/novatel/oem7/inspva,39.663,-75.756,-1.802225450,0.000906332,-0.002507785,-0.000802317,0.000421574,-0.002507785,,novatel_oem7_msgs.msg.InertialSolutionStatus(status=3),
1786043864627394658,1786043864.625447206,/novatel/oem7/fix,/novatel/oem7/fix,/novatel/oem7/inspva,39.663,-75.756,-1.802225450,0.000906332,-0.002507785,-0.000802317,0.000421574,-0.002507785,,0,
1786043864628599691,1786043864.625847660,/novatel/oem7/odom,/novatel/oem7/fix,/novatel/oem7/odom,39.663,-75.756,-1.802225450,0.000904179,-0.002508562,0.000387067,-0.000817141,-0.002508562,,,
1786043864635486161,1786043864.634670369,/novatel/oem7/odom,/novatel/oem7/fix,/novatel/oem7/odom,39.663,-75.756,-1.802225450,0.000904179,-0.002508562,0.000387067,-0.000817141,-0.002508562,,,
1786043864646878814,1786043864.645373595,/novatel/oem7/inspva,/novatel/oem7/inspva,/novatel/oem7/inspva,39.663,-75.756,-1.802221901,0.000924103,-0.002285303,-0.000813328,0.000438707,-0.002285303,,novatel_oem7_msgs.msg.InertialSolutionStatus(status=3),
1786043864649209730,1786043864.645674404,/novatel/oem7/fix,/novatel/oem7/fix,/novatel/oem7/inspva,39.663,-75.756,-1.802221901,0.000924103,-0.002285303,-0.000813328,0.000438707,-0.002285303,,0,
1786043864650976785,1786043864.646477493,/novatel/oem7/odom,/novatel/oem7/fix,/novatel/oem7/odom,39.663,-75.756,-1.802221901,0.000922198,-0.002286073,0.000402797,-0.000829580,-0.002286073,,,
1786043864657615103,1786043864.656350750,/novatel/oem7/odom,/novatel/oem7/fix,/novatel/oem7/odom,39.663,-75.756,-1.802221901,0.000922198,-0.002286073,0.000402797,-0.000829580,-0.002286073,,,
1786043864666910507,1786043864.666036552,/novatel/oem7/inspva,/novatel/oem7/inspva,/novatel/oem7/inspva,39.663,-75.756,-1.802204072,0.000835018,-0.002343227,-0.000810434,0.000201126,-0.002343227,,novatel_oem7_msgs.msg.InertialSolutionStatus(status=3),
1786043864668540811,1786043864.666204510,/novatel/oem7/fix,/novatel/oem7/fix,/novatel/oem7/inspva,39.663,-75.756,-1.802204072,0.000835018,-0.002343227,-0.000810434,0.000201126,-0.002343227,,0,
1786043864669770990,1786043864.666664495,/novatel/oem7/odom,/novatel/oem7/fix,/novatel/oem7/odom,39.663,-75.756,-1.802204072,0.000830656,-0.002344777,0.000165908,-0.000813918,-0.002344777,,,
1786043864675762521,1786043864.674718574,/novatel/oem7/odom,/novatel/oem7/fix,/novatel/oem7/odom,39.663,-75.756,-1.802204072,0.000830656,-0.002344777,0.000165908,-0.000813918,-0.002344777,,,
1786043864686323185,1786043864.685138352,/novatel/oem7/inspva,/novatel/oem7/inspva,/novatel/oem7/inspva,39.663,-75.756,-1.802202394,0.000655591,-0.002486422,-0.000642045,0.000132585,-0.002486422,,novatel_oem7_msgs.msg.InertialSolutionStatus(status=3),
1786043864688653862,1786043864.685323069,/novatel/oem7/fix,/novatel/oem7/fix,/novatel/oem7/inspva,39.663,-75.756,-1.802202394,0.000655591,-0.002486422,-0.000642045,0.000132585,-0.002486422,,0,
1786043864690308335,1786043864.685717012,/novatel/oem7/odom,/novatel/oem7/fix,/novatel/oem7/odom,39.663,-75.756,-1.802202394,0.000650593,-0.002487734,0.000106907,-0.000641749,-0.002487734,,,
1786043864696757848,1786043864.695736814,/novatel/oem7/odom,/novatel/oem7/fix,/novatel/oem7/odom,39.663,-75.756,-1.802202394,0.000650593,-0.002487734,0.000106907,-0.000641749,-0.002487734,,,
1786043864706831010,1786043864.705952553,/novatel/oem7/inspva,/novatel/oem7/inspva,/novatel/oem7/inspva,39.663,-75.756,-1.802181777,0.000788580,-0.001989656,-0.000785018,-0.000074876,-0.001989656,,novatel_oem7_msgs.msg.InertialSolutionStatus(status=3),
1786043864708659159,1786043864.706078387,/novatel/oem7/fix,/novatel/oem7/fix,/novatel/oem7/inspva,39.663,-75.756,-1.802181777,0.000788580,-0.001989656,-0.000785018,-0.000074876,-0.001989656,,0,
1786043864710113047,1786043864.706634305,/novatel/oem7/odom,/novatel/oem7/fix,/novatel/oem7/odom,39.663,-75.756,-1.802181777,0.000782484,-0.001992061,-0.000109610,-0.000774769,-0.001992061,,,
1786043864711952553,1786043864.709814985,/novatel/oem7/bestpos,/novatel/oem7/bestpos,/novatel/oem7/odom,39.663,-75.756,33.180350171,0.000782484,-0.001992061,-0.000109610,-0.000774769,-0.001992061,,novatel_oem7_msgs.msg.SolutionStatus(status=0),novatel_oem7_msgs.msg.PositionOrVelocityType(type=53)
1786043864713001546,1786043864.710477305,/novatel/oem7/bestvel,/novatel/oem7/bestpos,/novatel/oem7/bestvel,39.663,-75.756,33.180350171,0.000824645,-0.001846042,,,,219.870456826,novatel_oem7_msgs.msg.SolutionStatus(status=0),novatel_oem7_msgs.msg.PositionOrVelocityType(type=53)
1786043864715407888,1786043864.714530642,/novatel/oem7/odom,/novatel/oem7/bestpos,/novatel/oem7/odom,39.663,-75.756,33.180350171,0.000782484,-0.001992061,-0.000109610,-0.000774769,-0.001992061,,,
1786043864728132237,1786043864.726757573,/novatel/oem7/inspva,/novatel/oem7/inspva,/novatel/oem7/inspva,39.663,-75.756,-1.802184226,0.000762077,-0.002537036,-0.000751461,-0.000126758,-0.002537036,,novatel_oem7_msgs.msg.InertialSolutionStatus(status=3),
1786043864730216238,1786043864.727047766,/novatel/oem7/fix,/novatel/oem7/fix,/novatel/oem7/inspva,39.663,-75.756,-1.802184226,0.000762077,-0.002537036,-0.000751461,-0.000126758,-0.002537036,,0,
1786043864731896369,1786043864.727834947,/novatel/oem7/odom,/novatel/oem7/fix,/novatel/oem7/odom,39.663,-75.756,-1.802184226,0.000753751,-0.002539522,-0.000157702,-0.000737068,-0.002539522,,,
1786043864736127759,1786043864.735047454,/novatel/oem7/odom,/novatel/oem7/fix,/novatel/oem7/odom,39.663,-75.756,-1.802184226,0.000753751,-0.002539522,-0.000157702,-0.000737068,-0.002539522,,,
1786043864746194237,1786043864.745092026,/novatel/oem7/inspva,/novatel/oem7/inspva,/novatel/oem7/inspva,39.663,-75.756,-1.802165106,0.000871494,-0.002144634,-0.000851556,-0.000185349,-0.002144634,,novatel_oem7_msgs.msg.InertialSolutionStatus(status=3),
1786043864748058656,1786043864.745247255,/novatel/oem7/fix,/novatel/oem7/fix,/novatel/oem7/inspva,39.663,-75.756,-1.802165106,0.000871494,-0.002144634,-0.000851556,-0.000185349,-0.002144634,,0,
1786043864749340933,1786043864.745922388,/novatel/oem7/odom,/novatel/oem7/fix,/novatel/oem7/odom,39.663,-75.756,-1.802165106,0.000864171,-0.002147595,-0.000222889,-0.000834932,-0.002147595,,,
1786043864757903670,1786043864.756728231,/novatel/oem7/odom,/novatel/oem7/fix,/novatel/oem7/odom,39.663,-75.756,-1.802165106,0.000864171,-0.002147595,-0.000222889,-0.000834932,-0.002147595,,,
1786043864766920218,1786043864.765327275,/novatel/oem7/inspva,/novatel/oem7/inspva,/novatel/oem7/inspva,39.663,-75.756,-1.802163317,0.001081869,-0.002175535,-0.001068217,-0.000171330,-0.002175535,,novatel_oem7_msgs.msg.InertialSolutionStatus(status=3),
1786043864769288802,1786043864.765576713,/novatel/oem7/fix,/novatel/oem7/fix,/novatel/oem7/inspva,39.663,-75.756,-1.802163317,0.001081869,-0.002175535,-0.001068217,-0.000171330,-0.002175535,,0,
1786043864771075164,1786043864.766652952,/novatel/oem7/odom,/novatel/oem7/fix,/novatel/oem7/odom,39.663,-75.756,-1.802163317,0.001074775,-0.002179049,-0.000220315,-0.001051952,-0.002179049,,,
1786043864775843933,1786043864.774767278,/novatel/oem7/odom,/novatel/oem7/fix,/novatel/oem7/odom,39.663,-75.756,-1.802163317,0.001074775,-0.002179049,-0.000220315,-0.001051952,-0.002179049,,,
1786043864786646989,1786043864.785930728,/novatel/oem7/inspva,/novatel/oem7/inspva,/novatel/oem7/inspva,39.663,-75.756,-1.802147047,0.000859483,-0.001932108,-0.000750565,-0.000418765,-0.001932108,,novatel_oem7_msgs.msg.InertialSolutionStatus(status=3),
1786043864788171344,1786043864.786008869,/novatel/oem7/fix,/novatel/oem7/fix,/novatel/oem7/inspva,39.663,-75.756,-1.802147047,0.000859483,-0.001932108,-0.000750565,-0.000418765,-0.001932108,,0,
1786043864789282933,1786043864.786706863,/novatel/oem7/odom,/novatel/oem7/fix,/novatel/oem7/odom,39.663,-75.756,-1.802147047,0.000851660,-0.001935569,-0.000451341,-0.000722229,-0.001935569,,,
1786043864795690088,1786043864.794402492,/novatel/oem7/odom,/novatel/oem7/fix,/novatel/oem7/odom,39.663,-75.756,-1.802147047,0.000851660,-0.001935569,-0.000451341,-0.000722229,-0.001935569,,,
1786043864807671533,1786043864.806371030,/novatel/oem7/inspva,/novatel/oem7/inspva,/novatel/oem7/inspva,39.663,-75.756,-1.802151285,0.000864625,-0.002605931,-0.000591895,-0.000630267,-0.002605931,,novatel_oem7_msgs.msg.InertialSolutionStatus(status=3),
1786043864810033927,1786043864.806537274,/novatel/oem7/fix,/novatel/oem7/fix,/novatel/oem7/inspva,39.663,-75.756,-1.802151285,0.000864625,-0.002605931,-0.000591895,-0.000630267,-0.002605931,,0,
1786043864811805242,1786043864.807313423,/novatel/oem7/odom,/novatel/oem7/fix,/novatel/oem7/odom,39.663,-75.756,-1.802151285,0.000853323,-0.002609654,-0.000651768,-0.000550781,-0.002609654,,,
1786043864814125892,1786043864.810212209,/novatel/oem7/bestpos,/novatel/oem7/bestpos,/novatel/oem7/odom,39.663,-75.756,33.180375283,0.000853323,-0.002609654,-0.000651768,-0.000550781,-0.002609654,,novatel_oem7_msgs.msg.SolutionStatus(status=0),novatel_oem7_msgs.msg.PositionOrVelocityType(type=53)
1786043864815341315,1786043864.810584217,/novatel/oem7/bestvel,/novatel/oem7/bestpos,/novatel/oem7/bestvel,39.663,-75.756,33.180375283,0.001040583,-0.002504148,,,,238.894968232,novatel_oem7_msgs.msg.SolutionStatus(status=0),novatel_oem7_msgs.msg.PositionOrVelocityType(type=53)
1786043864817114999,1786043864.815499366,/novatel/oem7/odom,/novatel/oem7/bestpos,/novatel/oem7/odom,39.663,-75.756,33.180375283,0.000853323,-0.002609654,-0.000651768,-0.000550781,-0.002609654,,,
1786043864826539039,1786043864.825087912,/novatel/oem7/inspva,/novatel/oem7/inspva,/novatel/oem7/inspva,39.663,-75.756,-1.802131797,0.001115031,-0.002016831,-0.000780323,-0.000796485,-0.002016831,,novatel_oem7_msgs.msg.InertialSolutionStatus(status=3),
1786043864828353137,1786043864.825294271,/novatel/oem7/fix,/novatel/oem7/fix,/novatel/oem7/inspva,39.663,-75.756,-1.802131797,0.001115031,-0.002016831,-0.000780323,-0.000796485,-0.002016831,,0,
1786043864831812939,1786043864.826788197,/novatel/oem7/odom,/novatel/oem7/fix,/novatel/oem7/odom,39.663,-75.756,-1.802131797,0.000853345,-0.002609646,-0.000651787,-0.000550792,-0.002609646,,,
1786043864835972865,1786043864.834530523,/novatel/oem7/odom,/novatel/oem7/fix,/novatel/oem7/odom,39.663,-75.756,-1.802131797,0.001106310,-0.002021628,-0.000829842,-0.000731631,-0.002021628,,,
1786043864847380761,1786043864.846638189,/novatel/oem7/inspva,/novatel/oem7/inspva,/novatel/oem7/inspva,39.663,-75.756,-1.802134008,0.001389082,-0.002110240,-0.001105135,-0.000841561,-0.002110240,,novatel_oem7_msgs.msg.InertialSolutionStatus(status=3),
1786043864848816335,1786043864.846931249,/novatel/oem7/fix,/novatel/oem7/fix,/novatel/oem7/inspva,39.663,-75.756,-1.802134008,0.001389082,-0.002110240,-0.001105135,-0.000841561,-0.002110240,,0,
1786043864849845366,1786043864.847912022,/novatel/oem7/odom,/novatel/oem7/fix,/novatel/oem7/odom,39.663,-75.756,-1.802134008,0.001380152,-0.002116091,-0.000891785,-0.001053346,-0.002116091,,,
1786043864857530497,1786043864.856779949,/novatel/oem7/odom,/novatel/oem7/fix,/novatel/oem7/odom,39.663,-75.756,-1.802134008,0.001380152,-0.002116091,-0.000891785,-0.001053346,-0.002116091,,,
1786043864866200512,1786043864.865184005,/novatel/oem7/inspva,/novatel/oem7/inspva,/novatel/oem7/inspva,39.663,-75.756,-1.802116615,0.001241652,-0.001891138,-0.001026045,-0.000699236,-0.001891138,,novatel_oem7_msgs.msg.InertialSolutionStatus(status=3),
1786043864868415088,1786043864.865549139,/novatel/oem7/fix,/novatel/oem7/fix,/novatel/oem7/inspva,39.663,-75.756,-1.802116615,0.001241652,-0.001891138,-0.001026045,-0.000699236,-0.001891138,,0,
1786043864869939453,1786043864.866089767,/novatel/oem7/odom,/novatel/oem7/fix,/novatel/oem7/odom,39.663,-75.756,-1.802116615,0.001233763,-0.001896294,-0.000746231,-0.000982502,-0.001896294,,,
1786043864876454263,1786043864.875571131,/novatel/oem7/odom,/novatel/oem7/fix,/novatel/oem7/odom,39.663,-75.756,-1.802116615,0.001233763,-0.001896294,-0.000746231,-0.000982502,-0.001896294,,,
1786043864885799705,1786043864.885282809,/novatel/oem7/inspva,/novatel/oem7/inspva,/novatel/oem7/inspva,39.663,-75.756,-1.802114948,0.001567002,-0.001812911,-0.001360055,-0.000778297,-0.001812911,,novatel_oem7_msgs.msg.InertialSolutionStatus(status=3),
1786043864887087868,1786043864.885484871,/novatel/oem7/fix,/novatel/oem7/fix,/novatel/oem7/inspva,39.663,-75.756,-1.802114948,0.001567002,-0.001812911,-0.001360055,-0.000778297,-0.001812911,,0,
1786043864888095255,1786043864.886095681,/novatel/oem7/odom,/novatel/oem7/fix,/novatel/oem7/odom,39.663,-75.756,-1.802114948,0.001559633,-0.001819254,-0.000843211,-0.001312041,-0.001819254,,,
1786043864896064056,1786043864.894964378,/novatel/oem7/odom,/novatel/oem7/fix,/novatel/oem7/odom,39.663,-75.756,-1.802114948,0.001559633,-0.001819254,-0.000843211,-0.001312041,-0.001819254,,,
1786043864906637060,1786043864.905871672,/novatel/oem7/inspva,/novatel/oem7/inspva,/novatel/oem7/inspva,39.663,-75.756,-1.802101016,0.001517833,-0.002014896,-0.001376852,-0.000638823,-0.002014896,,novatel_oem7_msgs.msg.InertialSolutionStatus(status=3),
1786043864908507306,1786043864.906134645,/novatel/oem7/fix,/novatel/oem7/fix,/novatel/oem7/inspva,39.663,-75.756,-1.802101016,0.001517833,-0.002014896,-0.001376852,-0.000638823,-0.002014896,,0,
1786043864909874337,1786043864.906614217,/novatel/oem7/odom,/novatel/oem7/fix,/novatel/oem7/odom,39.663,-75.756,-1.802101016,0.001509940,-0.002020817,-0.000704162,-0.001335693,-0.002020817,,,
1786043864911814639,1786043864.909190573,/novatel/oem7/bestpos,/novatel/oem7/bestpos,/novatel/oem7/odom,39.663,-75.756,33.180430113,0.001509940,-0.002020817,-0.000704162,-0.001335693,-0.002020817,,novatel_oem7_msgs.msg.SolutionStatus(status=0),novatel_oem7_msgs.msg.PositionOrVelocityType(type=53)
1786043864913024149,1786043864.909551723,/novatel/oem7/bestvel,/novatel/oem7/bestpos,/novatel/oem7/bestvel,39.663,-75.756,33.180430113,0.001528340,-0.001958956,,,,222.173205168,novatel_oem7_msgs.msg.SolutionStatus(status=0),novatel_oem7_msgs.msg.PositionOrVelocityType(type=53)
1786043864915039032,1786043864.914431613,/novatel/oem7/odom,/novatel/oem7/bestpos,/novatel/oem7/odom,39.663,-75.756,33.180430113,0.001509940,-0.002020817,-0.000704162,-0.001335693,-0.002020817,,,
1786043864925928013,1786043864.925129028,/novatel/oem7/inspva,/novatel/oem7/inspva,/novatel/oem7/inspva,39.663,-75.756,-1.802098102,0.001635141,-0.001672790,-0.001369305,-0.000893695,-0.001672790,,novatel_oem7_msgs.msg.InertialSolutionStatus(status=3),
1786043864927823775,1786043864.925365287,/novatel/oem7/fix,/novatel/oem7/fix,/novatel/oem7/inspva,39.663,-75.756,-1.802098102,0.001635141,-0.001672790,-0.001369305,-0.000893695,-0.001672790,,0,
1786043864929250077,1786043864.925979394,/novatel/oem7/odom,/novatel/oem7/fix,/novatel/oem7/odom,39.663,-75.756,-1.802098102,0.001628196,-0.001679551,-0.000959445,-0.001315480,-0.001679551,,,
1786043864936303509,1786043864.935528171,/novatel/oem7/odom,/novatel/oem7/fix,/novatel/oem7/odom,39.663,-75.756,-1.802098102,0.001628196,-0.001679551,-0.000959445,-0.001315480,-0.001679551,,,
1786043864945767742,1786043864.945092295,/novatel/oem7/inspva,/novatel/oem7/inspva,/novatel/oem7/inspva,39.663,-75.756,-1.802086528,0.001536999,-0.001927979,-0.001293159,-0.000830726,-0.001927979,,novatel_oem7_msgs.msg.InertialSolutionStatus(status=3),
1786043864947197986,1786043864.945374931,/novatel/oem7/fix,/novatel/oem7/fix,/novatel/oem7/inspva,39.663,-75.756,-1.802086528,0.001536999,-0.001927979,-0.001293159,-0.000830726,-0.001927979,,0,
1786043864948220203,1786043864.945867786,/novatel/oem7/odom,/novatel/oem7/fix,/novatel/oem7/odom,39.663,-75.756,-1.802086528,0.001529028,-0.001934306,-0.000891641,-0.001242136,-0.001934306,,,
1786043864956804890,1786043864.955658082,/novatel/oem7/odom,/novatel/oem7/fix,/novatel/oem7/odom,39.663,-75.756,-1.802086528,0.001529028,-0.001934306,-0.000891641,-0.001242136,-0.001934306,,,
1786043864967634967,1786043864.966604650,/novatel/oem7/inspva,/novatel/oem7/inspva,/novatel/oem7/inspva,39.663,-75.756,-1.802084229,0.001843913,-0.001470675,-0.001416491,-0.001180495,-0.001470675,,novatel_oem7_msgs.msg.InertialSolutionStatus(status=3),
1786043864969599164,1786043864.966911633,/novatel/oem7/fix,/novatel/oem7/fix,/novatel/oem7/inspva,39.663,-75.756,-1.802084229,0.001843913,-0.001470675,-0.001416491,-0.001180495,-0.001470675,,0,
1786043864971098119,1786043864.967617807,/novatel/oem7/odom,/novatel/oem7/fix,/novatel/oem7/odom,39.663,-75.756,-1.802084229,0.001837611,-0.001478541,-0.001249045,-0.001347851,-0.001478541,,,
1786043864975573238,1786043864.974753800,/novatel/oem7/odom,/novatel/oem7/fix,/novatel/oem7/odom,39.663,-75.756,-1.802084229,0.001837611,-0.001478541,-0.001249045,-0.001347851,-0.001478541,,,
1786043864985596833,1786043864.985082052,/novatel/oem7/inspva,/novatel/oem7/inspva,/novatel/oem7/inspva,39.663,-75.756,-1.802073076,0.001560825,-0.001678083,-0.001317616,-0.000836698,-0.001678083,,novatel_oem7_msgs.msg.InertialSolutionStatus(status=3),
1786043864986982011,1786043864.985180000,/novatel/oem7/fix,/novatel/oem7/fix,/novatel/oem7/inspva,39.663,-75.756,-1.802073076,0.001560825,-0.001678083,-0.001317616,-0.000836698,-0.001678083,,0,
1786043864988403086,1786043864.985614143,/novatel/oem7/odom,/novatel/oem7/fix,/novatel/oem7/odom,39.663,-75.756,-1.802073076,0.001553898,-0.001684499,-0.000899777,-0.001266886,-0.001684499,,,
1786043864996791701,1786043864.995534044,/novatel/oem7/odom,/novatel/oem7/fix,/novatel/oem7/odom,39.663,-75.756,-1.802073076,0.001553898,-0.001684499,-0.000899777,-0.001266886,-0.001684499,,,
1786043865010949288,1786043865.010230684,/novatel/oem7/inspva,/novatel/oem7/inspva,/novatel/oem7/inspva,39.663,-75.756,-1.802073528,0.001874475,-0.001573480,-0.001553486,-0.001048970,-0.001573480,,novatel_oem7_msgs.msg.InertialSolutionStatus(status=3),
1786043865012500124,1786043865.010480836,/novatel/oem7/fix,/novatel/oem7/fix,/novatel/oem7/inspva,39.663,-75.756,-1.802073528,0.001874475,-0.001573480,-0.001553486,-0.001048970,-0.001573480,,0,
1786043865013722826,1786043865.011665949,/novatel/oem7/odom,/novatel/oem7/fix,/novatel/oem7/odom,39.663,-75.756,-1.802073528,0.001867904,-0.001581275,-0.001124665,-0.001491373,-0.001581275,,,
1786043865016114614,1786043865.015443621,/novatel/oem7/odom,/novatel/oem7/fix,/novatel/oem7/odom,39.663,-75.756,-1.802073528,0.001867904,-0.001581275,-0.001124665,-0.001491373,-0.001581275,,,
1786043865025243641,1786043865.024241860,/novatel/oem7/bestpos,/novatel/oem7/bestpos,/novatel/oem7/odom,39.663,-75.756,33.180453034,0.001867904,-0.001581275,-0.001124665,-0.001491373,-0.001581275,,novatel_oem7_msgs.msg.SolutionStatus(status=0),novatel_oem7_msgs.msg.PositionOrVelocityType(type=53)
1786043865027152700,1786043865.024692708,/novatel/oem7/bestvel,/novatel/oem7/bestpos,/novatel/oem7/bestvel,39.663,-75.756,33.180453034,0.001456422,-0.001888560,,,,225.144557868,novatel_oem7_msgs.msg.SolutionStatus(status=0),novatel_oem7_msgs.msg.PositionOrVelocityType(type=53)
1786043865028806563,1786043865.026782666,/novatel/oem7/inspva,/novatel/oem7/inspva,/novatel/oem7/inspva,39.663,-75.756,-1.802059969,0.001671631,-0.001719772,-0.001282057,-0.001072698,-0.001719772,,novatel_oem7_msgs.msg.InertialSolutionStatus(status=3),
1786043865029880424,1786043865.027020285,/novatel/oem7/fix,/novatel/oem7/fix,/novatel/oem7/inspva,39.663,-75.756,-1.802059969,0.001671631,-0.001719772,-0.001282057,-0.001072698,-0.001719772,,0,
1786043865031304448,1786043865.027330072,/novatel/oem7/odom,/novatel/oem7/fix,/novatel/oem7/odom,39.663,-75.756,-1.802059969,0.001664295,-0.001726872,-0.001133425,-0.001218699,-0.001726872,,,
1786043865035679233,1786043865.034829808,/novatel/oem7/odom,/novatel/oem7/fix,/novatel/oem7/odom,39.663,-75.756,-1.802059969,0.001664295,-0.001726872,-0.001133425,-0.001218699,-0.001726872,,,
1786043865045573774,1786043865.045056292,/novatel/oem7/inspva,/novatel/oem7/inspva,/novatel/oem7/inspva,39.663,-75.756,-1.802033609,0.002132717,-0.001294082,-0.001781255,-0.001172866,-0.001294082,,novatel_oem7_msgs.msg.InertialSolutionStatus(status=3),
1786043865046938544,1786043865.045217364,/novatel/oem7/fix,/novatel/oem7/fix,/novatel/oem7/inspva,39.663,-75.756,-1.802033609,0.002132717,-0.001294082,-0.001781255,-0.001172866,-0.001294082,,0,
1786043865048023569,1786043865.045757062,/novatel/oem7/odom,/novatel/oem7/fix,/novatel/oem7/odom,39.663,-75.756,-1.802033609,0.002127324,-0.001302929,-0.001261498,-0.001712931,-0.001302929,,,
1786043865057792242,1786043865.056630272,/novatel/oem7/odom,/novatel/oem7/fix,/novatel/oem7/odom,39.663,-75.756,-1.802033609,0.002127324,-0.001302929,-0.001261498,-0.001712931,-0.001302929,,,
1786043865066281734,1786043865.065526574,/novatel/oem7/inspva,/novatel/oem7/inspva,/novatel/oem7/inspva,39.663,-75.756,-1.802010194,0.001790212,-0.001425604,-0.001447082,-0.001053951,-0.001425604,,novatel_oem7_msgs.msg.InertialSolutionStatus(status=3),
1786043865067964991,1786043865.065763519,/novatel/oem7/fix,/novatel/oem7/fix,/novatel/oem7/inspva,39.663,-75.756,-1.802010194,0.001790212,-0.001425604,-0.001447082,-0.001053951,-0.001425604,,0,
1786043865069408423,1786043865.066172720,/novatel/oem7/odom,/novatel/oem7/fix,/novatel/oem7/odom,39.663,-75.756,-1.802010194,0.001784197,-0.001433126,-0.001124517,-0.001385214,-0.001433126,,,
1786043865075280503,1786043865.074520613,/novatel/oem7/odom,/novatel/oem7/fix,/novatel/oem7/odom,39.663,-75.756,-1.802010194,0.001784197,-0.001433126,-0.001124517,-0.001385214,-0.001433126,,,
1786043865088127434,1786043865.087225184,/novatel/oem7/inspva,/novatel/oem7/inspva,/novatel/oem7/inspva,39.663,-75.756,-1.801994892,0.001789232,-0.001418434,-0.001590483,-0.000819582,-0.001418434,,novatel_oem7_msgs.msg.InertialSolutionStatus(status=3),
1786043865090069366,1786043865.087454117,/novatel/oem7/fix,/novatel/oem7/fix,/novatel/oem7/inspva,39.663,-75.756,-1.801994892,0.001789232,-0.001418434,-0.001590483,-0.000819582,-0.001418434,,0,
1786043865091513121,1786043865.087799531,/novatel/oem7/odom,/novatel/oem7/fix,/novatel/oem7/odom,39.663,-75.756,-1.801994892,0.001783547,-0.001425576,-0.000898135,-0.001540907,-0.001425576,,,
1786043865095876086,1786043865.095108416,/novatel/oem7/odom,/novatel/oem7/fix,/novatel/oem7/odom,39.663,-75.756,-1.801994892,0.001783547,-0.001425576,-0.000898135,-0.001540907,-0.001425576,,,
1786043865106370799,1786043865.105761880,/novatel/oem7/inspva,/novatel/oem7/inspva,/novatel/oem7/inspva,39.663,-75.756,-1.801970850,0.001872774,-0.001409964,-0.001509714,-0.001108173,-0.001409964,,novatel_oem7_msgs.msg.InertialSolutionStatus(status=3),
1786043865107813934,1786043865.105987292,/novatel/oem7/fix,/novatel/oem7/fix,/novatel/oem7/inspva,39.663,-75.756,-1.801970850,0.001872774,-0.001409964,-0.001509714,-0.001108173,-0.001409964,,0,
1786043865108827421,1786043865.106369597,/novatel/oem7/odom,/novatel/oem7/fix,/novatel/oem7/odom,39.663,-75.756,-1.801970850,0.001866826,-0.001417829,-0.001182046,-0.001444925,-0.001417829,,,
1786043865110375653,1786043865.109558775,/novatel/oem7/bestpos,/novatel/oem7/bestpos,/novatel/oem7/odom,39.663,-75.756,33.180532497,0.001866826,-0.001417829,-0.001182046,-0.001444925,-0.001417829,,novatel_oem7_msgs.msg.SolutionStatus(status=0),novatel_oem7_msgs.msg.PositionOrVelocityType(type=53)
1786043865111806498,1786043865.110339523,/novatel/oem7/bestvel,/novatel/oem7/bestpos,/novatel/oem7/bestvel,39.663,-75.756,33.180532497,0.001729433,-0.001522811,,,,215.341489613,novatel_oem7_msgs.msg.SolutionStatus(status=0),novatel_oem7_msgs.msg.PositionOrVelocityType(type=53)
1786043865116360578,1786043865.115532854,/novatel/oem7/odom,/novatel/oem7/bestpos,/novatel/oem7/odom,39.663,-75.756,33.180532497,0.001866826,-0.001417829,-0.001182046,-0.001444925,-0.001417829,,,
1786043865126607678,1786043865.125528854,/novatel/oem7/inspva,/novatel/oem7/inspva,/novatel/oem7/inspva,39.663,-75.756,-1.801954585,0.001704606,-0.001307168,-0.001509636,-0.000791631,-0.001307168,,novatel_oem7_msgs.msg.InertialSolutionStatus(status=3),
1786043865128453374,1786043865.125782207,/novatel/oem7/fix,/novatel/oem7/fix,/novatel/oem7/inspva,39.663,-75.756,-1.801954585,0.001704606,-0.001307168,-0.001509636,-0.000791631,-0.001307168,,0,
1786043865129806228,1786043865.126460217,/novatel/oem7/odom,/novatel/oem7/fix,/novatel/oem7/odom,39.663,-75.756,-1.801954585,0.001699350,-0.001313993,-0.000866313,-0.001461948,-0.001313993,,,
1786043865135734218,1786043865.134627336,/novatel/oem7/odom,/novatel/oem7/fix,/novatel/oem7/odom,39.663,-75.756,-1.801954585,0.001699350,-0.001313993,-0.000866313,-0.001461948,-0.001313993,,,
1786043865147043843,1786043865.146085587,/novatel/oem7/inspva,/novatel/oem7/inspva,/novatel/oem7/inspva,39.663,-75.756,-1.801928263,0.001863991,-0.001228667,-0.001635600,-0.000894021,-0.001228667,,novatel_oem7_msgs.msg.InertialSolutionStatus(status=3),
1786043865148652739,1786043865.146295536,/novatel/oem7/fix,/novatel/oem7/fix,/novatel/oem7/inspva,39.663,-75.756,-1.801928263,0.001863991,-0.001228667,-0.001635600,-0.000894021,-0.001228667,,0,
1786043865149826565,1786043865.146713270,/novatel/oem7/odom,/novatel/oem7/fix,/novatel/oem7/odom,39.663,-75.756,-1.801928263,0.001859016,-0.001236182,-0.000975543,-0.001582484,-0.001236182,,,
1786043865157272670,1786043865.156150645,/novatel/oem7/odom,/novatel/oem7/fix,/novatel/oem7/odom,39.663,-75.756,-1.801928263,0.001859016,-0.001236182,-0.000975543,-0.001582484,-0.001236182,,,
1786043865166252689,1786043865.165302469,/novatel/oem7/inspva,/novatel/oem7/inspva,/novatel/oem7/inspva,39.663,-75.756,-1.801911773,0.001782361,-0.001408837,-0.001511675,-0.000944273,-0.001408837,,novatel_oem7_msgs.msg.InertialSolutionStatus(status=3),
1786043865168086904,1786043865.165542544,/novatel/oem7/fix,/novatel/oem7/fix,/novatel/oem7/inspva,39.663,-75.756,-1.801911773,0.001782361,-0.001408837,-0.001511675,-0.000944273,-0.001408837,,0,
1786043865169577536,1786043865.166132069,/novatel/oem7/odom,/novatel/oem7/fix,/novatel/oem7/odom,39.663,-75.756,-1.801911773,0.001776527,-0.001416187,-0.001018487,-0.001455586,-0.001416187,,,
1786043865176261797,1786043865.175535873,/novatel/oem7/odom,/novatel/oem7/fix,/novatel/oem7/odom,39.663,-75.756,-1.801911773,0.001776527,-0.001416187,-0.001018487,-0.001455586,-0.001416187,,,
1786043865186225629,1786043865.185272075,/novatel/oem7/inspva,/novatel/oem7/inspva,/novatel/oem7/inspva,39.663,-75.756,-1.801881898,0.001816138,-0.001114073,-0.001514293,-0.001002633,-0.001114073,,novatel_oem7_msgs.msg.InertialSolutionStatus(status=3),
1786043865188196162,1786043865.185625099,/novatel/oem7/fix,/novatel/oem7/fix,/novatel/oem7/inspva,39.663,-75.756,-1.801881898,0.001816138,-0.001114073,-0.001514293,-0.001002633,-0.001114073,,0,
1786043865189538222,1786043865.185975359,/novatel/oem7/odom,/novatel/oem7/fix,/novatel/oem7/odom,39.663,-75.756,-1.801881898,0.001811480,-0.001121631,-0.001077938,-0.001455854,-0.001121631,,,
1786043865195584007,1786043865.194570737,/novatel/oem7/odom,/novatel/oem7/fix,/novatel/oem7/odom,39.663,-75.756,-1.801881898,0.001811480,-0.001121631,-0.001077938,-0.001455854,-0.001121631,,,
1786043865207613503,1786043865.206560856,/novatel/oem7/inspva,/novatel/oem7/inspva,/novatel/oem7/inspva,39.663,-75.756,-1.801866873,0.001501812,-0.001322909,-0.001112822,-0.001008497,-0.001322909,,novatel_oem7_msgs.msg.InertialSolutionStatus(status=3),
1786043865209185299,1786043865.206765511,/novatel/oem7/fix,/novatel/oem7/fix,/novatel/oem7/inspva,39.663,-75.756,-1.801866873,0.001501812,-0.001322909,-0.001112822,-0.001008497,-0.001322909,,0,
1786043865210261330,1786043865.207286286,/novatel/oem7/odom,/novatel/oem7/fix,/novatel/oem7/odom,39.663,-75.756,-1.801866873,0.001496116,-0.001329347,-0.001061701,-0.001054112,-0.001329347,,,
1786043865211844910,1786043865.210218413,/novatel/oem7/bestpos,/novatel/oem7/bestpos,/novatel/oem7/odom,39.663,-75.756,33.180636606,0.001496116,-0.001329347,-0.001061701,-0.001054112,-0.001329347,,novatel_oem7_msgs.msg.SolutionStatus(status=0),novatel_oem7_msgs.msg.PositionOrVelocityType(type=53)
1786043865212765282,1786043865.210683371,/novatel/oem7/bestvel,/novatel/oem7/bestpos,/novatel/oem7/bestvel,39.663,-75.756,33.180636606,0.001734705,-0.001150803,,,,214.782574433,novatel_oem7_msgs.msg.SolutionStatus(status=0),novatel_oem7_msgs.msg.PositionOrVelocityType(type=53)
1786043865215979655,1786043865.215126818,/novatel/oem7/odom,/novatel/oem7/bestpos,/novatel/oem7/odom,39.663,-75.756,33.180636606,0.001496116,-0.001329347,-0.001061701,-0.001054112,-0.001329347,,,
1786043865226199669,1786043865.225009617,/novatel/oem7/inspva,/novatel/oem7/inspva,/novatel/oem7/inspva,39.663,-75.756,-1.801840257,0.001859567,-0.001335117,-0.001406285,-0.001216697,-0.001335117,,novatel_oem7_msgs.msg.InertialSolutionStatus(status=3),
1786043865227914569,1786043865.225287483,/novatel/oem7/fix,/novatel/oem7/fix,/novatel/oem7/inspva,39.663,-75.756,-1.801840257,0.001859567,-0.001335117,-0.001406285,-0.001216697,-0.001335117,,0,
1786043865229346911,1786043865.225643206,/novatel/oem7/odom,/novatel/oem7/fix,/novatel/oem7/odom,39.663,-75.756,-1.801840257,0.001853827,-0.001343075,-0.001285175,-0.001336039,-0.001343075,,,
1786043865236255901,1786043865.235352360,/novatel/oem7/odom,/novatel/oem7/fix,/novatel/oem7/odom,39.663,-75.756,-1.801840257,0.001853827,-0.001343075,-0.001285175,-0.001336039,-0.001343075,,,
1786043865247203623,1786043865.246353691,/novatel/oem7/inspva,/novatel/oem7/inspva,/novatel/oem7/inspva,39.663,-75.756,-1.801821883,0.001754632,-0.001034284,-0.001424983,-0.001023795,-0.001034284,,novatel_oem7_msgs.msg.InertialSolutionStatus(status=3),
1786043865248837902,1786043865.246604409,/novatel/oem7/fix,/novatel/oem7/fix,/novatel/oem7/inspva,39.663,-75.756,-1.801821883,0.001754632,-0.001034284,-0.001424983,-0.001023795,-0.001034284,,0,
1786043865249922680,1786043865.246943824,/novatel/oem7/odom,/novatel/oem7/fix,/novatel/oem7/odom,39.663,-75.756,-1.801821883,0.001750272,-0.001041645,-0.001094612,-0.001365751,-0.001041645,,,
1786043865258148317,1786043865.256764893,/novatel/oem7/odom,/novatel/oem7/fix,/novatel/oem7/odom,39.663,-75.756,-1.801821883,0.001750272,-0.001041645,-0.001094612,-0.001365751,-0.001041645,,,
1786043865267052031,1786043865.265971030,/novatel/oem7/inspva,/novatel/oem7/inspva,/novatel/oem7/inspva,39.663,-75.756,-1.801796933,0.002116354,-0.000909657,-0.001705272,-0.001253396,-0.000909657,,novatel_oem7_msgs.msg.InertialSolutionStatus(status=3),
1786043865268883653,1786043865.266210463,/novatel/oem7/fix,/novatel/oem7/fix,/novatel/oem7/inspva,39.663,-75.756,-1.801796933,0.002116354,-0.000909657,-0.001705272,-0.001253396,-0.000909657,,0,
1786043865270283914,1786043865.266574810,/novatel/oem7/odom,/novatel/oem7/fix,/novatel/oem7/odom,39.663,-75.756,-1.801796933,0.002112500,-0.000918571,-0.001339201,-0.001633768,-0.000918571,,,
1786043865275311772,1786043865.274643595,/novatel/oem7/odom,/novatel/oem7/fix,/novatel/oem7/odom,39.663,-75.756,-1.801796933,0.002112500,-0.000918571,-0.001339201,-0.001633768,-0.000918571,,,
1786043865286258527,1786043865.285337001,/novatel/oem7/inspva,/novatel/oem7/inspva,/novatel/oem7/inspva,39.663,-75.756,-1.801782487,0.001518296,-0.001317637,-0.001206417,-0.000921835,-0.001317637,,novatel_oem7_msgs.msg.InertialSolutionStatus(status=3),
1786043865287799042,1786043865.285581410,/novatel/oem7/fix,/novatel/oem7/fix,/novatel/oem7/inspva,39.663,-75.756,-1.801782487,0.001518296,-0.001317637,-0.001206417,-0.000921835,-0.001317637,,0,
1786043865288892140,1786043865.285981790,/novatel/oem7/odom,/novatel/oem7/fix,/novatel/oem7/odom,39.663,-75.756,-1.801782487,0.001512709,-0.001324046,-0.000980153,-0.001152211,-0.001324046,,,
1786043865296358133,1786043865.295448473,/novatel/oem7/odom,/novatel/oem7/fix,/novatel/oem7/odom,39.663,-75.756,-1.801782487,0.001512709,-0.001324046,-0.000980153,-0.001152211,-0.001324046,,,
1786043865307285067,1786043865.306077992,/novatel/oem7/inspva,/novatel/oem7/inspva,/novatel/oem7/inspva,39.663,-75.756,-1.801755249,0.002001555,-0.000980675,-0.001673044,-0.001098701,-0.000980675,,novatel_oem7_msgs.msg.InertialSolutionStatus(status=3),
1786043865309206323,1786043865.306346561,/novatel/oem7/fix,/novatel/oem7/fix,/novatel/oem7/inspva,39.663,-75.756,-1.801755249,0.002001555,-0.000980675,-0.001673044,-0.001098701,-0.000980675,,0,
1786043865310706159,1786043865.306631058,/novatel/oem7/odom,/novatel/oem7/fix,/novatel/oem7/odom,39.663,-75.756,-1.801755249,0.001997466,-0.000988975,-0.001182774,-0.001609633,-0.000988975,,,
1786043865312614245,1786043865.309904607,/novatel/oem7/bestpos,/novatel/oem7/bestpos,/novatel/oem7/odom,39.663,-75.756,33.180750565,0.001997466,-0.000988975,-0.001182774,-0.001609633,-0.000988975,,novatel_oem7_msgs.msg.SolutionStatus(status=0),novatel_oem7_msgs.msg.PositionOrVelocityType(type=53)
1786043865313815440,1786043865.310509660,/novatel/oem7/bestvel,/novatel/oem7/bestpos,/novatel/oem7/bestvel,39.663,-75.756,33.180750565,0.002152146,-0.000917489,,,,204.794382358,novatel_oem7_msgs.msg.SolutionStatus(status=0),novatel_oem7_msgs.msg.PositionOrVelocityType(type=53)
1786043865315791607,1786043865.314424835,/novatel/oem7/odom,/novatel/oem7/bestpos,/novatel/oem7/odom,39.663,-75.756,33.180750565,0.001997466,-0.000988975,-0.001182774,-0.001609633,-0.000988975,,,
1786043865326937971,1786043865.326180253,/novatel/oem7/inspva,/novatel/oem7/inspva,/novatel/oem7/inspva,39.663,-75.756,-1.801737725,0.001698078,-0.000929881,-0.001222901,-0.001178127,-0.000929881,,novatel_oem7_msgs.msg.InertialSolutionStatus(status=3),
1786043865328537000,1786043865.326371811,/novatel/oem7/fix,/novatel/oem7/fix,/novatel/oem7/inspva,39.663,-75.756,-1.801737725,0.001698078,-0.000929881,-0.001222901,-0.001178127,-0.000929881,,0,
1786043865329657062,1786043865.326954617,/novatel/oem7/odom,/novatel/oem7/fix,/novatel/oem7/odom,39.663,-75.756,-1.801737725,0.001694062,-0.000937178,-0.001238304,-0.001156049,-0.000937178,,,
1786043865335750000,1786043865.334860815,/novatel/oem7/odom,/novatel/oem7/fix,/novatel/oem7/odom,39.663,-75.756,-1.801737725,0.001694062,-0.000937178,-0.001238304,-0.001156049,-0.000937178,,,
1786043865345772219,1786043865.344890910,/novatel/oem7/inspva,/novatel/oem7/inspva,/novatel/oem7/inspva,39.663,-75.756,-1.801709865,0.001954918,-0.000759415,-0.001594781,-0.001130654,-0.000759415,,novatel_oem7_msgs.msg.InertialSolutionStatus(status=3),
1786043865347528620,1786043865.345145272,/novatel/oem7/fix,/novatel/oem7/fix,/novatel/oem7/inspva,39.663,-75.756,-1.801709865,0.001954918,-0.000759415,-0.001594781,-0.001130654,-0.000759415,,0,
1786043865348833797,1786043865.345468793,/novatel/oem7/odom,/novatel/oem7/fix,/novatel/oem7/odom,39.663,-75.756,-1.801709865,0.001951715,-0.000767611,-0.001211292,-0.001530347,-0.000767611,,,
1786043865356799211,1786043865.355656786,/novatel/oem7/odom,/novatel/oem7/fix,/novatel/oem7/odom,39.663,-75.756,-1.801709865,0.001951715,-0.000767611,-0.001211292,-0.001530347,-0.000767611,,,
1786043865367920874,1786043865.366603789,/novatel/oem7/inspva,/novatel/oem7/inspva,/novatel/oem7/inspva,39.663,-75.756,-1.801692588,0.001901238,-0.000937615,-0.001676357,-0.000896958,-0.000937615,,novatel_oem7_msgs.msg.InertialSolutionStatus(status=3),
1786043865369186601,1786043865.366986088,/novatel/oem7/fix,/novatel/oem7/fix,/novatel/oem7/inspva,39.663,-75.756,-1.801692588,0.001901238,-0.000937615,-0.001676357,-0.000896958,-0.000937615,,0,
1786043865371311205,1786043865.367617858,/novatel/oem7/odom,/novatel/oem7/fix,/novatel/oem7/odom,39.663,-75.756,-1.801692588,0.001897448,-0.000945261,-0.000981646,-0.001623785,-0.000945261,,,
1786043865375806688,1786043865.374948662,/novatel/oem7/odom,/novatel/oem7/fix,/novatel/oem7/odom,39.663,-75.756,-1.801692588,0.001897448,-0.000945261,-0.000981646,-0.001623785,-0.000945261,,,
1786043865385766086,1786043865.385015768,/novatel/oem7/inspva,/novatel/oem7/inspva,/novatel/oem7/inspva,39.663,-75.756,-1.801665004,0.002117015,-0.000814752,-0.001869046,-0.000994194,-0.000814752,,novatel_oem7_msgs.msg.InertialSolutionStatus(status=3),
1786043865387529207,1786043865.385161920,/novatel/oem7/fix,/novatel/oem7/fix,/novatel/oem7/inspva,39.663,-75.756,-1.801665004,0.002117015,-0.000814752,-0.001869046,-0.000994194,-0.000814752,,0,
1786043865388702162,1786043865.385624024,/novatel/oem7/odom,/novatel/oem7/fix,/novatel/oem7/odom,39.663,-75.756,-1.801665004,0.002113714,-0.000823279,-0.001089418,-0.001811341,-0.000823279,,,
1786043865395678527,1786043865.394726837,/novatel/oem7/odom,/novatel/oem7/fix,/novatel/oem7/odom,39.663,-75.756,-1.801665004,0.002113714,-0.000823279,-0.001089418,-0.001811341,-0.000823279,,,
1786043865407433773,1786043865.406490972,/novatel/oem7/inspva,/novatel/oem7/inspva,/novatel/oem7/inspva,39.663,-75.756,-1.801646574,0.001798976,-0.000729119,-0.001703359,-0.000578692,-0.000729119,,novatel_oem7_msgs.msg.InertialSolutionStatus(status=3),
1786043865409533124,1786043865.406690601,/novatel/oem7/fix,/novatel/oem7/fix,/novatel/oem7/inspva,39.663,-75.756,-1.801646574,0.001798976,-0.000729119,-0.001703359,-0.000578692,-0.000729119,,0,
1786043865411027147,1786043865.407495334,/novatel/oem7/odom,/novatel/oem7/fix,/novatel/oem7/odom,39.663,-75.756,-1.801646574,0.001796260,-0.000735785,-0.000665982,-0.001668238,-0.000735785,,,
1786043865412996673,1786043865.410285212,/novatel/oem7/bestpos,/novatel/oem7/bestpos,/novatel/oem7/odom,39.663,-75.756,33.180858689,0.001796260,-0.000735785,-0.000665982,-0.001668238,-0.000735785,,novatel_oem7_msgs.msg.SolutionStatus(status=0),novatel_oem7_msgs.msg.PositionOrVelocityType(type=53)
1786043865414225502,1786043865.410694899,/novatel/oem7/bestvel,/novatel/oem7/bestpos,/novatel/oem7/bestvel,39.663,-75.756,33.180858689,0.002122750,-0.000584407,,,,191.832427241,novatel_oem7_msgs.msg.SolutionStatus(status=0),novatel_oem7_msgs.msg.PositionOrVelocityType(type=53)
1786043865416334971,1786043865.414924586,/novatel/oem7/odom,/novatel/oem7/bestpos,/novatel/oem7/odom,39.663,-75.756,33.180858689,0.001796260,-0.000735785,-0.000665982,-0.001668238,-0.000735785,,,
1786043865425823863,1786043865.425162194,/novatel/oem7/inspva,/novatel/oem7/inspva,/novatel/oem7/inspva,39.663,-75.756,-1.801620600,0.001933001,-0.000910172,-0.001599989,-0.001084679,-0.000910172,,novatel_oem7_msgs.msg.InertialSolutionStatus(status=3),
1786043865427243445,1786043865.425341288,/novatel/oem7/fix,/novatel/oem7/fix,/novatel/oem7/inspva,39.663,-75.756,-1.801620600,0.001933001,-0.000910172,-0.001599989,-0.001084679,-0.000910172,,0,
1786043865428343513,1786043865.425681429,/novatel/oem7/odom,/novatel/oem7/fix,/novatel/oem7/odom,39.663,-75.756,-1.801620600,0.001929179,-0.000918245,-0.001165124,-0.001537602,-0.000918245,,,
1786043865435817823,1786043865.434409641,/novatel/oem7/odom,/novatel/oem7/fix,/novatel/oem7/odom,39.663,-75.756,-1.801620600,0.001929179,-0.000918245,-0.001165124,-0.001537602,-0.000918245,,,
1786043865451627822,1786043865.444963719,/novatel/oem7/inspva,/novatel/oem7/inspva,/novatel/oem7/inspva,39.663,-75.756,-1.801601141,0.001673188,-0.000685283,-0.001270773,-0.001088437,-0.000685283,,novatel_oem7_msgs.msg.InertialSolutionStatus(status=3),
1786043865457090236,1786043865.445127181,/novatel/oem7/fix,/novatel/oem7/fix,/novatel/oem7/inspva,39.663,-75.756,-1.801601141,0.001673188,-0.000685283,-0.001270773,-0.001088437,-0.000685283,,0,
1786043865457562710,1786043865.445455340,/novatel/oem7/odom,/novatel/oem7/fix,/novatel/oem7/odom,39.663,-75.756,-1.801601141,0.001670235,-0.000692451,-0.001152156,-0.001209223,-0.000692451,,,
1786043865458984193,1786043865.456399685,/novatel/oem7/odom,/novatel/oem7/fix,/novatel/oem7/odom,39.663,-75.756,-1.801601141,0.001670235,-0.000692451,-0.001152156,-0.001209223,-0.000692451,,,
1786043865466431138,1786043865.465337059,/novatel/oem7/inspva,/novatel/oem7/inspva,/novatel/oem7/inspva,39.663,-75.756,-1.801576207,0.001834606,-0.000675790,-0.001376282,-0.001213107,-0.000675790,,novatel_oem7_msgs.msg.InertialSolutionStatus(status=3),
1786043865467247895,1786043865.465695006,/novatel/oem7/fix,/novatel/oem7/fix,/novatel/oem7/inspva,39.663,-75.756,-1.801576207,0.001834606,-0.000675790,-0.001376282,-0.001213107,-0.000675790,,0,
1786043865467797462,1786043865.466340746,/novatel/oem7/odom,/novatel/oem7/fix,/novatel/oem7/odom,39.663,-75.756,-1.801576207,0.001831687,-0.000683665,-0.001282298,-0.001307971,-0.000683665,,,
1786043865475056671,1786043865.474499513,/novatel/oem7/odom,/novatel/oem7/fix,/novatel/oem7/odom,39.663,-75.756,-1.801576207,0.001831687,-0.000683665,-0.001282298,-0.001307971,-0.000683665,,,
1786043865487012537,1786043865.486573665,/novatel/oem7/inspva,/novatel/oem7/inspva,/novatel/oem7/inspva,39.663,-75.756,-1.801560674,0.001868157,-0.000727512,-0.001529208,-0.001073095,-0.000727512,,novatel_oem7_msgs.msg.InertialSolutionStatus(status=3),
1786043865487874984,1786043865.486755443,/novatel/oem7/fix,/novatel/oem7/fix,/novatel/oem7/inspva,39.663,-75.756,-1.801560674,0.001868157,-0.000727512,-0.001529208,-0.001073095,-0.000727512,,0,
1786043865488779248,1786043865.487621466,/novatel/oem7/odom,/novatel/oem7/fix,/novatel/oem7/odom,39.663,-75.756,-1.801560674,0.001865078,-0.000735369,-0.001150451,-0.001467985,-0.000735369,,,
1786043865495288657,1786043865.494690767,/novatel/oem7/odom,/novatel/oem7/fix,/novatel/oem7/odom,39.663,-75.756,-1.801560674,0.001865078,-0.000735369,-0.001150451,-0.001467985,-0.000735369,,,
1786043865506910642,1786043865.506084100,/novatel/oem7/inspva,/novatel/oem7/inspva,/novatel/oem7/inspva,39.663,-75.756,-1.801537226,0.001826464,-0.000887276,-0.001446420,-0.001115276,-0.000887276,,novatel_oem7_msgs.msg.InertialSolutionStatus(status=3),
1786043865508216513,1786043865.506439078,/novatel/oem7/fix,/novatel/oem7/fix,/novatel/oem7/inspva,39.663,-75.756,-1.801537226,0.001826464,-0.000887276,-0.001446420,-0.001115276,-0.000887276,,0,
1786043865509093843,1786043865.506853795,/novatel/oem7/odom,/novatel/oem7/fix,/novatel/oem7/odom,39.663,-75.756,-1.801537226,0.001822670,-0.000895045,-0.001187604,-0.001382650,-0.000895045,,,
1786043865511906007,1786043865.511258087,/novatel/oem7/bestpos,/novatel/oem7/bestpos,/novatel/oem7/odom,39.663,-75.756,33.180960370,0.001822670,-0.000895045,-0.001187604,-0.001382650,-0.000895045,,novatel_oem7_msgs.msg.SolutionStatus(status=0),novatel_oem7_msgs.msg.PositionOrVelocityType(type=53)
1786043865513036138,1786043865.511815162,/novatel/oem7/bestvel,/novatel/oem7/bestpos,/novatel/oem7/bestvel,39.663,-75.756,33.180960370,0.001773063,-0.000946068,,,,211.444310125,novatel_oem7_msgs.msg.SolutionStatus(status=0),novatel_oem7_msgs.msg.PositionOrVelocityType(type=53)
1786043865515204844,1786043865.514634887,/novatel/oem7/odom,/novatel/oem7/bestpos,/novatel/oem7/odom,39.663,-75.756,33.180960370,0.001822670,-0.000895045,-0.001187604,-0.001382650,-0.000895045,,,
1786043865525726053,1786043865.525318740,/novatel/oem7/inspva,/novatel/oem7/inspva,/novatel/oem7/inspva,39.663,-75.756,-1.801519364,0.002081328,-0.000540007,-0.001744725,-0.001134840,-0.000540007,,novatel_oem7_msgs.msg.InertialSolutionStatus(status=3),
1786043865526652464,1786043865.525508115,/novatel/oem7/fix,/novatel/oem7/fix,/novatel/oem7/inspva,39.663,-75.756,-1.801519364,0.002081328,-0.000540007,-0.001744725,-0.001134840,-0.000540007,,0,
1786043865527295445,1786043865.526198335,/novatel/oem7/odom,/novatel/oem7/fix,/novatel/oem7/odom,39.663,-75.756,-1.801519364,0.002079054,-0.000548697,-0.001224223,-0.001680400,-0.000548697,,,
1786043865535863769,1786043865.535003454,/novatel/oem7/odom,/novatel/oem7/fix,/novatel/oem7/odom,39.663,-75.756,-1.801519364,0.002079054,-0.000548697,-0.001224223,-0.001680400,-0.000548697,,,
1786043865545970119,1786043865.545347610,/novatel/oem7/inspva,/novatel/oem7/inspva,/novatel/oem7/inspva,39.663,-75.756,-1.801495221,0.001697394,-0.000686483,-0.001403041,-0.000955313,-0.000686483,,novatel_oem7_msgs.msg.InertialSolutionStatus(status=3),
1786043865547131282,1786043865.545662797,/novatel/oem7/fix,/novatel/oem7/fix,/novatel/oem7/inspva,39.663,-75.756,-1.801495221,0.001697394,-0.000686483,-0.001403041,-0.000955313,-0.000686483,,0,
1786043865547987690,1786043865.546077343,/novatel/oem7/odom,/novatel/oem7/fix,/novatel/oem7/odom,39.663,-75.756,-1.801495221,0.001694496,-0.000693604,-0.001026263,-0.001348370,-0.000693604,,,
1786043865556304266,1786043865.555704462,/novatel/oem7/odom,/novatel/oem7/fix,/novatel/oem7/odom,39.663,-75.756,-1.801495221,0.001694496,-0.000693604,-0.001026263,-0.001348370,-0.000693604,,,
1786043865565813392,1786043865.565043870,/novatel/oem7/inspva,/novatel/oem7/inspva,/novatel/oem7/inspva,39.663,-75.756,-1.801478700,0.002029905,-0.000695542,-0.001594119,-0.001256701,-0.000695542,,novatel_oem7_msgs.msg.InertialSolutionStatus(status=3),
1786043865567006181,1786043865.565316997,/novatel/oem7/fix,/novatel/oem7/fix,/novatel/oem7/inspva,39.663,-75.756,-1.801478700,0.002029905,-0.000695542,-0.001594119,-0.001256701,-0.000695542,,0,
1786043865567748174,1786043865.565835668,/novatel/oem7/odom,/novatel/oem7/fix,/novatel/oem7/odom,39.663,-75.756,-1.801478700,0.002026902,-0.000704243,-0.001337349,-0.001523099,-0.000704243,,,
1786043865576145707,1786043865.575591857,/novatel/oem7/odom,/novatel/oem7/fix,/novatel/oem7/odom,39.663,-75.756,-1.801478700,0.002026902,-0.000704243,-0.001337349,-0.001523099,-0.000704243,,,
1786043865585811142,1786043865.585317937,/novatel/oem7/inspva,/novatel/oem7/inspva,/novatel/oem7/inspva,39.663,-75.756,-1.801453166,0.001784585,-0.000680944,-0.001196024,-0.001324488,-0.000680944,,novatel_oem7_msgs.msg.InertialSolutionStatus(status=3),
1786043865586878182,1786043865.585574936,/novatel/oem7/fix,/novatel/oem7/fix,/novatel/oem7/inspva,39.663,-75.756,-1.801453166,0.001784585,-0.000680944,-0.001196024,-0.001324488,-0.000680944,,0,
1786043865587637653,1786043865.586163085,/novatel/oem7/odom,/novatel/oem7/fix,/novatel/oem7/odom,39.663,-75.756,-1.801453166,0.001781601,-0.000688712,-0.001383910,-0.001122005,-0.000688712,,,
1786043865594971270,1786043865.594457953,/novatel/oem7/odom,/novatel/oem7/fix,/novatel/oem7/odom,39.663,-75.756,-1.801453166,0.001781601,-0.000688712,-0.001383910,-0.001122005,-0.000688712,,,
1786043865607672808,1786043865.606617783,/novatel/oem7/inspva,/novatel/oem7/inspva,/novatel/oem7/inspva,39.663,-75.756,-1.801435514,0.002126053,-0.000437741,-0.001770701,-0.001176742,-0.000437741,,novatel_oem7_msgs.msg.InertialSolutionStatus(status=3),
1786043865609661444,1786043865.606989674,/novatel/oem7/fix,/novatel/oem7/fix,/novatel/oem7/inspva,39.663,-75.756,-1.801435514,0.002126053,-0.000437741,-0.001770701,-0.001176742,-0.000437741,,0,
1786043865611179893,1786043865.607620787,/novatel/oem7/odom,/novatel/oem7/fix,/novatel/oem7/odom,39.663,-75.756,-1.801435514,0.002124203,-0.000446632,-0.001267835,-0.001704357,-0.000446632,,,
1786043865612997675,1786043865.610165239,/novatel/oem7/bestpos,/novatel/oem7/bestpos,/novatel/oem7/odom,39.663,-75.756,33.181063145,0.002124203,-0.000446632,-0.001267835,-0.001704357,-0.000446632,,novatel_oem7_msgs.msg.SolutionStatus(status=0),novatel_oem7_msgs.msg.PositionOrVelocityType(type=53)
1786043865614148580,1786043865.610707749,/novatel/oem7/bestvel,/novatel/oem7/bestpos,/novatel/oem7/bestvel,39.663,-75.756,33.181063145,0.002097493,-0.000445264,,,,220.439042186,novatel_oem7_msgs.msg.SolutionStatus(status=0),novatel_oem7_msgs.msg.PositionOrVelocityType(type=53)
1786043865616024836,1786043865.614648632,/novatel/oem7/odom,/novatel/oem7/bestpos,/novatel/oem7/odom,39.663,-75.756,33.181063145,0.002124203,-0.000446632,-0.001267835,-0.001704357,-0.000446632,,,
1786043865625616653,1786043865.625067111,/novatel/oem7/inspva,/novatel/oem7/inspva,/novatel/oem7/inspva,39.663,-75.756,-1.801411275,0.001813453,-0.000514816,-0.001419579,-0.001128454,-0.000514816,,novatel_oem7_msgs.msg.InertialSolutionStatus(status=3),
1786043865626909990,1786043865.625246887,/novatel/oem7/fix,/novatel/oem7/fix,/novatel/oem7/inspva,39.663,-75.756,-1.801411275,0.001813453,-0.000514816,-0.001419579,-0.001128454,-0.000514816,,0,
1786043865627923207,1786043865.625670364,/novatel/oem7/odom,/novatel/oem7/fix,/novatel/oem7/odom,39.663,-75.756,-1.801411275,0.001811239,-0.000522552,-0.001200643,-0.001356113,-0.000522552,,,
1786043865635848491,1786043865.634799237,/novatel/oem7/odom,/novatel/oem7/fix,/novatel/oem7/odom,39.663,-75.756,-1.801411275,0.001811239,-0.000522552,-0.001200643,-0.001356113,-0.000522552,,,
1786043865646151969,1786043865.645355001,/novatel/oem7/inspva,/novatel/oem7/inspva,/novatel/oem7/inspva,39.663,-75.756,-1.801395882,0.002213547,-0.000806627,-0.001931549,-0.001081159,-0.000806627,,novatel_oem7_msgs.msg.InertialSolutionStatus(status=3),
1786043865647897823,1786043865.645681031,/novatel/oem7/fix,/novatel/oem7/fix,/novatel/oem7/inspva,39.663,-75.756,-1.801395882,0.002213547,-0.000806627,-0.001931549,-0.001081159,-0.000806627,,0,
1786043865649253584,1786043865.646200266,/novatel/oem7/odom,/novatel/oem7/fix,/novatel/oem7/odom,39.663,-75.756,-1.801395882,0.002210244,-0.000815633,-0.001179681,-0.001869099,-0.000815633,,,
1786043865657308833,1786043865.656539831,/novatel/oem7/odom,/novatel/oem7/fix,/novatel/oem7/odom,39.663,-75.756,-1.801395882,0.002210244,-0.000815633,-0.001179681,-0.001869099,-0.000815633,,,
1786043865667502763,1786043865.666065710,/novatel/oem7/inspva,/novatel/oem7/inspva,/novatel/oem7/inspva,39.663,-75.756,-1.801366838,0.001876389,-0.000453022,-0.001463229,-0.001174648,-0.000453022,,novatel_oem7_msgs.msg.InertialSolutionStatus(status=3),
1786043865669138923,1786043865.666291566,/novatel/oem7/fix,/novatel/oem7/fix,/novatel/oem7/inspva,39.663,-75.756,-1.801366838,0.001876389,-0.000453022,-0.001463229,-0.001174648,-0.000453022,,0,
1786043865670232001,1786043865.666786517,/novatel/oem7/odom,/novatel/oem7/fix,/novatel/oem7/odom,39.663,-75.756,-1.801366838,0.002210234,-0.000815660,-0.001179657,-0.001869102,-0.000815660,,,
1786043865674894222,1786043865.674258899,/novatel/oem7/odom,/novatel/oem7/fix,/novatel/oem7/odom,39.663,-75.756,-1.801366838,0.001874431,-0.000461058,-0.001249311,-0.001397396,-0.000461058,,,
1786043865685416352,1786043865.684955556,/novatel/oem7/inspva,/novatel/oem7/inspva,/novatel/oem7/inspva,39.663,-75.756,-1.801349240,0.002223906,-0.000563003,-0.001910677,-0.001138010,-0.000563003,,novatel_oem7_msgs.msg.InertialSolutionStatus(status=3),
1786043865686714032,1786043865.685035424,/novatel/oem7/fix,/novatel/oem7/fix,/novatel/oem7/inspva,39.663,-75.756,-1.801349240,0.002223906,-0.000563003,-0.001910677,-0.001138010,-0.000563003,,0,
1786043865687732386,1786043865.685385014,/novatel/oem7/odom,/novatel/oem7/fix,/novatel/oem7/odom,39.663,-75.756,-1.801349240,0.002221559,-0.000572192,-0.001236187,-0.001845851,-0.000572192,,,
1786043865696672647,1786043865.695679730,/novatel/oem7/odom,/novatel/oem7/fix,/novatel/oem7/odom,39.663,-75.756,-1.801349240,0.002221559,-0.000572192,-0.001236187,-0.001845851,-0.000572192,,,
1786043865706293995,1786043865.705737056,/novatel/oem7/inspva,/novatel/oem7/inspva,/novatel/oem7/inspva,39.663,-75.756,-1.801320885,0.002019887,-0.000472279,-0.001581630,-0.001256341,-0.000472279,,novatel_oem7_msgs.msg.InertialSolutionStatus(status=3),
1786043865707638661,1786043865.705920121,/novatel/oem7/fix,/novatel/oem7/fix,/novatel/oem7/inspva,39.663,-75.756,-1.801320885,0.002019887,-0.000472279,-0.001581630,-0.001256341,-0.000472279,,0,
1786043865708676666,1786043865.706273880,/novatel/oem7/odom,/novatel/oem7/fix,/novatel/oem7/odom,39.663,-75.756,-1.801320885,0.002017845,-0.000480929,-0.001337137,-0.001511213,-0.000480929,,,
1786043865710110573,1786043865.709179324,/novatel/oem7/bestpos,/novatel/oem7/bestpos,/novatel/oem7/odom,39.663,-75.756,33.181173688,0.002017845,-0.000480929,-0.001337137,-0.001511213,-0.000480929,,novatel_oem7_msgs.msg.SolutionStatus(status=0),novatel_oem7_msgs.msg.PositionOrVelocityType(type=53)
1786043865711517031,1786043865.709801323,/novatel/oem7/bestvel,/novatel/oem7/bestpos,/novatel/oem7/bestvel,39.663,-75.756,33.181173688,0.002226784,-0.000309902,,,,221.467942468,novatel_oem7_msgs.msg.SolutionStatus(status=0),novatel_oem7_msgs.msg.PositionOrVelocityType(type=53)
1786043865714890832,1786043865.714265626,/novatel/oem7/odom,/novatel/oem7/bestpos,/novatel/oem7/odom,39.663,-75.756,33.181173688,0.002017845,-0.000480929,-0.001337137,-0.001511213,-0.000480929,,,
1786043865727237885,1786043865.726520170,/novatel/oem7/inspva,/novatel/oem7/inspva,/novatel/oem7/inspva,39.663,-75.756,-1.801301583,0.002072247,-0.000408720,-0.001843812,-0.000945815,-0.000408720,,novatel_oem7_msgs.msg.InertialSolutionStatus(status=3),
1786043865728825814,1786043865.726742103,/novatel/oem7/fix,/novatel/oem7/fix,/novatel/oem7/inspva,39.663,-75.756,-1.801301583,0.002072247,-0.000408720,-0.001843812,-0.000945815,-0.000408720,,0,
1786043865729953585,1786043865.727315105,/novatel/oem7/odom,/novatel/oem7/fix,/novatel/oem7/odom,39.663,-75.756,-1.801301583,0.002070584,-0.000417064,-0.001041278,-0.001789709,-0.000417064,,,
1786043865735999910,1786043865.734991773,/novatel/oem7/odom,/novatel/oem7/fix,/novatel/oem7/odom,39.663,-75.756,-1.801301583,0.002070584,-0.000417064,-0.001041278,-0.001789709,-0.000417064,,,
1786043865745942821,1786043865.745022802,/novatel/oem7/inspva,/novatel/oem7/inspva,/novatel/oem7/inspva,39.663,-75.756,-1.801272432,0.001872873,-0.000276067,-0.001526079,-0.001085698,-0.000276067,,novatel_oem7_msgs.msg.InertialSolutionStatus(status=3),
1786043865747755996,1786043865.745299485,/novatel/oem7/fix,/novatel/oem7/fix,/novatel/oem7/inspva,39.663,-75.756,-1.801272432,0.001872873,-0.000276067,-0.001526079,-0.001085698,-0.000276067,,0,
1786043865749142574,1786043865.745730132,/novatel/oem7/odom,/novatel/oem7/fix,/novatel/oem7/odom,39.663,-75.756,-1.801272432,0.001871687,-0.000284000,-0.001164486,-0.001465328,-0.000284000,,,
1786043865756472412,1786043865.755809496,/novatel/oem7/odom,/novatel/oem7/fix,/novatel/oem7/odom,39.663,-75.756,-1.801272432,0.001871687,-0.000284000,-0.001164486,-0.001465328,-0.000284000,,,
1786043865766046236,1786043865.765297552,/novatel/oem7/inspva,/novatel/oem7/inspva,/novatel/oem7/inspva,39.663,-75.756,-1.801254974,0.002393207,-0.000596460,-0.002158229,-0.001034159,-0.000596460,,novatel_oem7_msgs.msg.InertialSolutionStatus(status=3),
1786043865767261403,1786043865.765566541,/novatel/oem7/fix,/novatel/oem7/fix,/novatel/oem7/inspva,39.663,-75.756,-1.801254974,0.002393207,-0.000596460,-0.002158229,-0.001034159,-0.000596460,,0,
1786043865768007767,1786043865.767307885,/novatel/oem7/odom,/novatel/oem7/fix,/novatel/oem7/odom,39.663,-75.756,-1.801254974,0.002390806,-0.000606012,-0.001145567,-0.002098482,-0.000606012,,,
1786043865775215118,1786043865.774756311,/novatel/oem7/odom,/novatel/oem7/fix,/novatel/oem7/odom,39.663,-75.756,-1.801254974,0.002390806,-0.000606012,-0.001145567,-0.002098482,-0.000606012,,,
1786043865786428109,1786043865.786011409,/novatel/oem7/inspva,/novatel/oem7/inspva,/novatel/oem7/inspva,39.663,-75.756,-1.801225205,0.002233207,-0.000450279,-0.002040018,-0.000908594,-0.000450279,,novatel_oem7_msgs.msg.InertialSolutionStatus(status=3),
1786043865787130123,1786043865.786285919,/novatel/oem7/fix,/novatel/oem7/fix,/novatel/oem7/inspva,39.663,-75.756,-1.801225205,0.002233207,-0.000450279,-0.002040018,-0.000908594,-0.000450279,,0,
1786043865787973268,1786043865.786895922,/novatel/oem7/odom,/novatel/oem7/fix,/novatel/oem7/odom,39.663,-75.756,-1.801225205,0.002231414,-0.000459084,-0.001014376,-0.001987523,-0.000459084,,,
1786043865795072505,1786043865.794668071,/novatel/oem7/odom,/novatel/oem7/fix,/novatel/oem7/odom,39.663,-75.756,-1.801225205,0.002231414,-0.000459084,-0.001014376,-0.001987523,-0.000459084,,,
1786043865806531190,1786043865.805784067,/novatel/oem7/inspva,/novatel/oem7/inspva,/novatel/oem7/inspva,39.663,-75.756,-1.801205822,0.002102574,-0.000325432,-0.001759986,-0.001150333,-0.000325432,,novatel_oem7_msgs.msg.InertialSolutionStatus(status=3),
1786043865807625399,1786043865.806114520,/novatel/oem7/fix,/novatel/oem7/fix,/novatel/oem7/inspva,39.663,-75.756,-1.801205822,0.002102574,-0.000325432,-0.001759986,-0.001150333,-0.000325432,,0,
1786043865808290351,1786043865.806798690,/novatel/oem7/odom,/novatel/oem7/fix,/novatel/oem7/odom,39.663,-75.756,-1.801205822,0.002101186,-0.000334279,-0.001241283,-0.001695346,-0.000334279,,,
1786043865810504938,1786043865.810075008,/novatel/oem7/bestpos,/novatel/oem7/bestpos,/novatel/oem7/odom,39.663,-75.756,33.181277032,0.002101186,-0.000334279,-0.001241283,-0.001695346,-0.000334279,,novatel_oem7_msgs.msg.SolutionStatus(status=0),novatel_oem7_msgs.msg.PositionOrVelocityType(type=53)
1786043865811301598,1786043865.810539175,/novatel/oem7/bestvel,/novatel/oem7/bestpos,/novatel/oem7/bestvel,39.663,-75.756,33.181277032,0.001890748,-0.000506389,,,,209.110854302,novatel_oem7_msgs.msg.SolutionStatus(status=0),novatel_oem7_msgs.msg.PositionOrVelocityType(type=53)
1786043865816142659,1786043865.815742321,/novatel/oem7/odom,/novatel/oem7/bestpos,/novatel/oem7/odom,39.663,-75.756,33.181277032,0.002101186,-0.000334279,-0.001241283,-0.001695346,-0.000334279,,,
1786043865825300569,1786043865.824982866,/novatel/oem7/inspva,/novatel/oem7/inspva,/novatel/oem7/inspva,39.663,-75.756,-1.801178971,0.002160590,-0.000120068,-0.001852707,-0.001111586,-0.000120068,,novatel_oem7_msgs.msg.InertialSolutionStatus(status=3),
1786043865826554605,1786043865.825152277,/novatel/oem7/fix,/novatel/oem7/fix,/novatel/oem7/inspva,39.663,-75.756,-1.801178971,0.002160590,-0.000120068,-0.001852707,-0.001111586,-0.000120068,,0,
1786043865827612689,1786043865.825507601,/novatel/oem7/odom,/novatel/oem7/fix,/novatel/oem7/odom,39.663,-75.756,-1.801178971,0.002160070,-0.000129071,-0.001208253,-0.001790538,-0.000129071,,,
1786043865835972107,1786043865.834614610,/novatel/oem7/odom,/novatel/oem7/fix,/novatel/oem7/odom,39.663,-75.756,-1.801178971,0.002160070,-0.000129071,-0.001208253,-0.001790538,-0.000129071,,,
1786043865847410447,1786043865.846598042,/novatel/oem7/inspva,/novatel/oem7/inspva,/novatel/oem7/inspva,39.663,-75.756,-1.801165645,0.002284357,-0.000697556,-0.001995637,-0.001111630,-0.000697556,,novatel_oem7_msgs.msg.InertialSolutionStatus(status=3),
1786043865849209179,1786043865.846874922,/novatel/oem7/fix,/novatel/oem7/fix,/novatel/oem7/inspva,39.663,-75.756,-1.801165645,0.002284357,-0.000697556,-0.001995637,-0.001111630,-0.000697556,,0,
1786043865850622206,1786043865.847328083,/novatel/oem7/odom,/novatel/oem7/fix,/novatel/oem7/odom,39.663,-75.756,-1.801165645,0.002281472,-0.000706934,-0.001213893,-0.001931729,-0.000706934,,,
1786043865857453076,1786043865.856511336,/novatel/oem7/odom,/novatel/oem7/fix,/novatel/oem7/odom,39.663,-75.756,-1.801165645,0.002281472,-0.000706934,-0.001213893,-0.001931729,-0.000706934,,,
1786043865865973406,1786043865.865055530,/novatel/oem7/inspva,/novatel/oem7/inspva,/novatel/oem7/inspva,39.663,-75.756,-1.801137035,0.002271944,-0.000301988,-0.001970118,-0.001131532,-0.000301988,,novatel_oem7_msgs.msg.InertialSolutionStatus(status=3),
1786043865867840035,1786043865.865284959,/novatel/oem7/fix,/novatel/oem7/fix,/novatel/oem7/inspva,39.663,-75.756,-1.801137035,0.002271944,-0.000301988,-0.001970118,-0.001131532,-0.000301988,,0,
1786043865869105135,1786043865.865782964,/novatel/oem7/odom,/novatel/oem7/fix,/novatel/oem7/odom,39.663,-75.756,-1.801137035,0.002270672,-0.000311402,-0.001233774,-0.001906241,-0.000311402,,,
1786043865876328968,1786043865.875448293,/novatel/oem7/odom,/novatel/oem7/fix,/novatel/oem7/odom,39.663,-75.756,-1.801137035,0.002270672,-0.000311402,-0.001233774,-0.001906241,-0.000311402,,,
1786043865886006060,1786043865.885234899,/novatel/oem7/inspva,/novatel/oem7/inspva,/novatel/oem7/inspva,39.663,-75.756,-1.801123350,0.002251706,-0.000578644,-0.002009106,-0.001016699,-0.000578644,,novatel_oem7_msgs.msg.InertialSolutionStatus(status=3),
1786043865887715121,1786043865.885493161,/novatel/oem7/fix,/novatel/oem7/fix,/novatel/oem7/inspva,39.663,-75.756,-1.801123350,0.002251706,-0.000578644,-0.002009106,-0.001016699,-0.000578644,,0,
1786043865889166666,1786043865.885974866,/novatel/oem7/odom,/novatel/oem7/fix,/novatel/oem7/odom,39.663,-75.756,-1.801123350,0.002249339,-0.000587778,-0.001120209,-0.001950554,-0.000587778,,,
1786043865896127183,1786043865.894892414,/novatel/oem7/odom,/novatel/oem7/fix,/novatel/oem7/odom,39.663,-75.756,-1.801123350,0.002249339,-0.000587778,-0.001120209,-0.001950554,-0.000587778,,,
1786043865906549506,1786043865.905896063,/novatel/oem7/inspva,/novatel/oem7/inspva,/novatel/oem7/inspva,39.663,-75.756,-1.801098304,0.002290227,-0.000439282,-0.001995755,-0.001123434,-0.000439282,,novatel_oem7_msgs.msg.InertialSolutionStatus(status=3),
1786043865907888806,1786043865.906067228,/novatel/oem7/fix,/novatel/oem7/fix,/novatel/oem7/inspva,39.663,-75.756,-1.801098304,0.002290227,-0.000439282,-0.001995755,-0.001123434,-0.000439282,,0,
1786043865908913353,1786043865.906480036,/novatel/oem7/odom,/novatel/oem7/fix,/novatel/oem7/odom,39.663,-75.756,-1.801098304,0.002288390,-0.000448755,-0.001226596,-0.001931888,-0.000448755,,,
1786043865910401599,1786043865.908958844,/novatel/oem7/bestpos,/novatel/oem7/bestpos,/novatel/oem7/odom,39.663,-75.756,33.181374618,0.002288390,-0.000448755,-0.001226596,-0.001931888,-0.000448755,,novatel_oem7_msgs.msg.SolutionStatus(status=0),novatel_oem7_msgs.msg.PositionOrVelocityType(type=53)
1786043865911312081,1786043865.909273577,/novatel/oem7/bestvel,/novatel/oem7/bestpos,/novatel/oem7/bestvel,39.663,-75.756,33.181374618,0.002217394,-0.000461373,,,,217.445756583,novatel_oem7_msgs.msg.SolutionStatus(status=0),novatel_oem7_msgs.msg.PositionOrVelocityType(type=53)
1786043865915110867,1786043865.914444183,/novatel/oem7/odom,/novatel/oem7/bestpos,/novatel/oem7/odom,39.663,-75.756,33.181374618,0.002288390,-0.000448755,-0.001226596,-0.001931888,-0.000448755,,,
1786043865925772576,1786043865.925308916,/novatel/oem7/inspva,/novatel/oem7/inspva,/novatel/oem7/inspva,39.663,-75.756,-1.801081553,0.002577658,-0.000183754,-0.002106351,-0.001485802,-0.000183754,,novatel_oem7_msgs.msg.InertialSolutionStatus(status=3),
1786043865927688577,1786043865.925516345,/novatel/oem7/fix,/novatel/oem7/fix,/novatel/oem7/inspva,39.663,-75.756,-1.801081553,0.002577658,-0.000183754,-0.002106351,-0.001485802,-0.000183754,,0,
1786043865929106085,1786043865.926087914,/novatel/oem7/odom,/novatel/oem7/fix,/novatel/oem7/odom,39.663,-75.756,-1.801081553,0.002576851,-0.000194754,-0.001595221,-0.002023716,-0.000194754,,,
1786043865940046668,1786043865.935680732,/novatel/oem7/odom,/novatel/oem7/fix,/novatel/oem7/odom,39.663,-75.756,-1.801081553,0.002576851,-0.000194754,-0.001595221,-0.002023716,-0.000194754,,,
1786043865950853496,1786043865.945397011,/novatel/oem7/inspva,/novatel/oem7/inspva,/novatel/oem7/inspva,39.663,-75.756,-1.801056278,0.002284882,-0.000053163,-0.001925753,-0.001229700,-0.000053163,,novatel_oem7_msgs.msg.InertialSolutionStatus(status=3),
1786043865951438147,1786043865.945587899,/novatel/oem7/fix,/novatel/oem7/fix,/novatel/oem7/inspva,39.663,-75.756,-1.801056278,0.002284882,-0.000053163,-0.001925753,-0.001229700,-0.000053163,,0,
1786043865951916337,1786043865.946096002,/novatel/oem7/odom,/novatel/oem7/fix,/novatel/oem7/odom,39.663,-75.756,-1.801056278,0.002284637,-0.000062801,-0.001330345,-0.001857351,-0.000062801,,,
1786043865956083498,1786043865.955586562,/novatel/oem7/odom,/novatel/oem7/fix,/novatel/oem7/odom,39.663,-75.756,-1.801056278,0.002284637,-0.000062801,-0.001330345,-0.001857351,-0.000062801,,,
1786043865970488236,1786043865.966756343,/novatel/oem7/inspva,/novatel/oem7/inspva,/novatel/oem7/inspva,39.663,-75.756,-1.801043107,0.002036397,-0.000377798,-0.001460945,-0.001418644,-0.000377798,,novatel_oem7_msgs.msg.InertialSolutionStatus(status=3),
1786043865979246980,1786043865.967009282,/novatel/oem7/fix,/novatel/oem7/fix,/novatel/oem7/inspva,39.663,-75.756,-1.801043107,0.002036397,-0.000377798,-0.001460945,-0.001418644,-0.000377798,,0,
1786043865982945189,1786043865.967568923,/novatel/oem7/odom,/novatel/oem7/fix,/novatel/oem7/odom,39.663,-75.756,-1.801043107,0.002034714,-0.000386761,-0.001493112,-0.001382272,-0.000386761,,,
1786043865983600882,1786043865.974999099,/novatel/oem7/odom,/novatel/oem7/fix,/novatel/oem7/odom,39.663,-75.756,-1.801043107,0.002034714,-0.000386761,-0.001493112,-0.001382272,-0.000386761,,,
1786043865985664918,1786043865.985426927,/novatel/oem7/inspva,/novatel/oem7/inspva,/novatel/oem7/inspva,39.663,-75.756,-1.801020561,0.002287948,-0.000579636,-0.001788104,-0.001427371,-0.000579636,,novatel_oem7_msgs.msg.InertialSolutionStatus(status=3),
1786043865986859703,1786043865.985514727,/novatel/oem7/fix,/novatel/oem7/fix,/novatel/oem7/inspva,39.663,-75.756,-1.801020561,0.002287948,-0.000579636,-0.001788104,-0.001427371,-0.000579636,,0,
1786043865987802105,1786043865.985951844,/novatel/oem7/odom,/novatel/oem7/fix,/novatel/oem7/odom,39.663,-75.756,-1.801020561,0.002285413,-0.000589553,-0.001518551,-0.001707956,-0.000589553,,,
1786043865996454089,1786043865.995570512,/novatel/oem7/odom,/novatel/oem7/fix,/novatel/oem7/odom,39.663,-75.756,-1.801020561,0.002285413,-0.000589553,-0.001518551,-0.001707956,-0.000589553,,,
1786043866008865591,1786043866.008183604,/novatel/oem7/inspva,/novatel/oem7/inspva,/novatel/oem7/inspva,39.663,-75.756,-1.801001215,0.002550718,0.000227767,-0.001895998,-0.001706270,0.000227767,,novatel_oem7_msgs.msg.InertialSolutionStatus(status=3),
1786043866010013694,1786043866.008376729,/novatel/oem7/fix,/novatel/oem7/fix,/novatel/oem7/inspva,39.663,-75.756,-1.801001215,0.002550718,0.000227767,-0.001895998,-0.001706270,0.000227767,,0,
1786043866011927995,1786043866.011314749,/novatel/oem7/odom,/novatel/oem7/fix,/novatel/oem7/odom,39.663,-75.756,-1.801001215,0.002551695,0.000216544,-0.001805646,-0.001802995,0.000216544,,,
1786043866016021053,1786043866.015570364,/novatel/oem7/odom,/novatel/oem7/fix,/novatel/oem7/odom,39.663,-75.756,-1.801001215,0.002551695,0.000216544,-0.001805646,-0.001802995,0.000216544,,,
1786043866025104153,1786043866.024627175,/novatel/oem7/bestpos,/novatel/oem7/bestpos,/novatel/oem7/odom,39.663,-75.756,33.181459883,0.002551695,0.000216544,-0.001805646,-0.001802995,0.000216544,,novatel_oem7_msgs.msg.SolutionStatus(status=0),novatel_oem7_msgs.msg.PositionOrVelocityType(type=53)
1786043866026136591,1786043866.025129671,/novatel/oem7/bestvel,/novatel/oem7/bestpos,/novatel/oem7/bestvel,39.663,-75.756,33.181459883,0.001991855,-0.000219441,,,,213.615094939,novatel_oem7_msgs.msg.SolutionStatus(status=0),novatel_oem7_msgs.msg.PositionOrVelocityType(type=53)
1786043866027557188,1786043866.027067142,/novatel/oem7/inspva,/novatel/oem7/inspva,/novatel/oem7/inspva,39.663,-75.756,-1.800981809,0.002511016,-0.000046591,-0.001961121,-0.001568186,-0.000046591,,novatel_oem7_msgs.msg.InertialSolutionStatus(status=3),
1786043866028363572,1786043866.027218011,/novatel/oem7/fix,/novatel/oem7/fix,/novatel/oem7/inspva,39.663,-75.756,-1.800981809,0.002511016,-0.000046591,-0.001961121,-0.001568186,-0.000046591,,0,
1786043866029007290,1786043866.027600480,/novatel/oem7/odom,/novatel/oem7/fix,/novatel/oem7/odom,39.663,-75.756,-1.800981809,0.002510790,-0.000057512,-0.001670265,-0.001874641,-0.000057512,,,
1786043866035308780,1786043866.034667964,/novatel/oem7/odom,/novatel/oem7/fix,/novatel/oem7/odom,39.663,-75.756,-1.800981809,0.002510790,-0.000057512,-0.001670265,-0.001874641,-0.000057512,,,
1786043866045809970,1786043866.045281380,/novatel/oem7/inspva,/novatel/oem7/inspva,/novatel/oem7/inspva,39.663,-75.756,-1.800974028,0.002464913,-0.000301111,-0.001624194,-0.001854128,-0.000301111,,novatel_oem7_msgs.msg.InertialSolutionStatus(status=3),
1786043866046949160,1786043866.045484386,/novatel/oem7/fix,/novatel/oem7/fix,/novatel/oem7/inspva,39.663,-75.756,-1.800974028,0.002464913,-0.000301111,-0.001624194,-0.001854128,-0.000301111,,0,
1786043866047757880,1786043866.046184816,/novatel/oem7/odom,/novatel/oem7/fix,/novatel/oem7/odom,39.663,-75.756,-1.800974028,0.002463554,-0.000312038,-0.001936948,-0.001522278,-0.000312038,,,
1786043866056769005,1786043866.056303830,/novatel/oem7/odom,/novatel/oem7/fix,/novatel/oem7/odom,39.663,-75.756,-1.800974028,0.002463554,-0.000312038,-0.001936948,-0.001522278,-0.000312038,,,
1786043866066176730,1786043866.065255998,/novatel/oem7/inspva,/novatel/oem7/inspva,/novatel/oem7/inspva,39.663,-75.756,-1.800970991,0.002389688,-0.000217382,-0.001736496,-0.001641704,-0.000217382,,novatel_oem7_msgs.msg.InertialSolutionStatus(status=3),
1786043866067617377,1786043866.065637325,/novatel/oem7/fix,/novatel/oem7/fix,/novatel/oem7/inspva,39.663,-75.756,-1.800970991,0.002389688,-0.000217382,-0.001736496,-0.001641704,-0.000217382,,0,
1786043866068499626,1786043866.066271646,/novatel/oem7/odom,/novatel/oem7/fix,/novatel/oem7/odom,39.663,-75.756,-1.800970991,0.002388710,-0.000227876,-0.001731118,-0.001645955,-0.000227876,,,
1786043866075146736,1786043866.074567299,/novatel/oem7/odom,/novatel/oem7/fix,/novatel/oem7/odom,39.663,-75.756,-1.800970991,0.002388710,-0.000227876,-0.001731118,-0.001645955,-0.000227876,,,
1786043866087169030,1786043866.086813284,/novatel/oem7/inspva,/novatel/oem7/inspva,/novatel/oem7/inspva,39.663,-75.756,-1.800967616,0.002145387,0.000064533,-0.001528922,-0.001505019,0.000064533,,novatel_oem7_msgs.msg.InertialSolutionStatus(status=3),
1786043866087980249,1786043866.086972469,/novatel/oem7/fix,/novatel/oem7/fix,/novatel/oem7/inspva,39.663,-75.756,-1.800967616,0.002145387,0.000064533,-0.001528922,-0.001505019,0.000064533,,0,
1786043866088566436,1786043866.087403679,/novatel/oem7/odom,/novatel/oem7/fix,/novatel/oem7/odom,39.663,-75.756,-1.800967616,0.002145651,0.000055072,-0.001584562,-0.001446713,0.000055072,,,
1786043866095996841,1786043866.095244786,/novatel/oem7/odom,/novatel/oem7/fix,/novatel/oem7/odom,39.663,-75.756,-1.800967616,0.002145651,0.000055072,-0.001584562,-0.001446713,0.000055072,,,
1786043866106446794,1786043866.105829551,/novatel/oem7/inspva,/novatel/oem7/inspva,/novatel/oem7/inspva,39.663,-75.756,-1.800967594,0.001954099,-0.000113167,-0.001558426,-0.001178903,-0.000113167,,novatel_oem7_msgs.msg.InertialSolutionStatus(status=3),
1786043866107539457,1786043866.106091013,/novatel/oem7/fix,/novatel/oem7/fix,/novatel/oem7/inspva,39.663,-75.756,-1.800967594,0.001954099,-0.000113167,-0.001558426,-0.001178903,-0.000113167,,0,
1786043866108305213,1786043866.106720237,/novatel/oem7/odom,/novatel/oem7/fix,/novatel/oem7/odom,39.663,-75.756,-1.800967594,0.001953593,-0.000121597,-0.001259865,-0.001493072,-0.000121597,,,
1786043866110118590,1786043866.109578496,/novatel/oem7/bestpos,/novatel/oem7/bestpos,/novatel/oem7/odom,39.663,-75.756,33.181473169,0.001953593,-0.000121597,-0.001259865,-0.001493072,-0.000121597,,novatel_oem7_msgs.msg.SolutionStatus(status=0),novatel_oem7_msgs.msg.PositionOrVelocityType(type=53)
1786043866111155734,1786043866.110495371,/novatel/oem7/bestvel,/novatel/oem7/bestpos,/novatel/oem7/bestvel,39.663,-75.756,33.181473169,0.001877622,-0.000169706,,,,218.918300305,novatel_oem7_msgs.msg.SolutionStatus(status=0),novatel_oem7_msgs.msg.PositionOrVelocityType(type=53)
1786043866116337141,1786043866.115790304,/novatel/oem7/odom,/novatel/oem7/bestpos,/novatel/oem7/odom,39.663,-75.756,33.181473169,0.001953593,-0.000121597,-0.001259865,-0.001493072,-0.000121597,,,
1786043866126506946,1786043866.125550311,/novatel/oem7/inspva,/novatel/oem7/inspva,/novatel/oem7/inspva,39.663,-75.756,-1.800966979,0.002550174,-0.000080869,-0.001930659,-0.001666116,-0.000080869,,novatel_oem7_msgs.msg.InertialSolutionStatus(status=3),
1786043866127957677,1786043866.125902465,/novatel/oem7/fix,/novatel/oem7/fix,/novatel/oem7/inspva,39.663,-75.756,-1.800966979,0.002550174,-0.000080869,-0.001930659,-0.001666116,-0.000080869,,0,
1786043866128843835,1786043866.126566362,/novatel/oem7/odom,/novatel/oem7/fix,/novatel/oem7/odom,39.663,-75.756,-1.800966979,0.002549797,-0.000091977,-0.001766331,-0.001838897,-0.000091977,,,
1786043866135133841,1786043866.134624825,/novatel/oem7/odom,/novatel/oem7/fix,/novatel/oem7/odom,39.663,-75.756,-1.800966979,0.002549797,-0.000091977,-0.001766331,-0.001838897,-0.000091977,,,
1786043866146577638,1786043866.146199127,/novatel/oem7/inspva,/novatel/oem7/inspva,/novatel/oem7/inspva,39.663,-75.756,-1.800965982,0.002168805,-0.000144743,-0.001779001,-0.001240513,-0.000144743,,novatel_oem7_msgs.msg.InertialSolutionStatus(status=3),
1786043866147388022,1786043866.146297911,/novatel/oem7/fix,/novatel/oem7/fix,/novatel/oem7/inspva,39.663,-75.756,-1.800965982,0.002168805,-0.000144743,-0.001779001,-0.001240513,-0.000144743,,0,
1786043866147989381,1786043866.146842878,/novatel/oem7/odom,/novatel/oem7/fix,/novatel/oem7/odom,39.663,-75.756,-1.800965982,0.002168168,-0.000153998,-0.001333027,-0.001709968,-0.000153998,,,
1786043866156725542,1786043866.156059145,/novatel/oem7/odom,/novatel/oem7/fix,/novatel/oem7/odom,39.663,-75.756,-1.800965982,0.002168168,-0.000153998,-0.001333027,-0.001709968,-0.000153998,,,
1786043866165523703,1786043866.164920451,/novatel/oem7/inspva,/novatel/oem7/inspva,/novatel/oem7/inspva,39.663,-75.756,-1.800967247,0.002207379,-0.000264202,-0.001543363,-0.001578149,-0.000264202,,novatel_oem7_msgs.msg.InertialSolutionStatus(status=3),
1786043866166590113,1786043866.165085501,/novatel/oem7/fix,/novatel/oem7/fix,/novatel/oem7/inspva,39.663,-75.756,-1.800967247,0.002207379,-0.000264202,-0.001543363,-0.001578149,-0.000264202,,0,
1786043866167373579,1786043866.165766758,/novatel/oem7/odom,/novatel/oem7/fix,/novatel/oem7/odom,39.663,-75.756,-1.800967247,0.002206191,-0.000273944,-0.001657203,-0.001456351,-0.000273944,,,
1786043866175878960,1786043866.175400929,/novatel/oem7/odom,/novatel/oem7/fix,/novatel/oem7/odom,39.663,-75.756,-1.800967247,0.002206191,-0.000273944,-0.001657203,-0.001456351,-0.000273944,,,
1786043866186121017,1786043866.185110044,/novatel/oem7/inspva,/novatel/oem7/inspva,/novatel/oem7/inspva,39.663,-75.756,-1.800968409,0.002191252,-0.000536999,-0.001607400,-0.001489245,-0.000536999,,novatel_oem7_msgs.msg.InertialSolutionStatus(status=3),
1786043866187528013,1786043866.185417661,/novatel/oem7/fix,/novatel/oem7/fix,/novatel/oem7/inspva,39.663,-75.756,-1.800968409,0.002191252,-0.000536999,-0.001607400,-0.001489245,-0.000536999,,0,
1786043866188306027,1786043866.186128991,/novatel/oem7/odom,/novatel/oem7/fix,/novatel/oem7/odom,39.663,-75.756,-1.800968409,0.002188870,-0.000546629,-0.001570874,-0.001524305,-0.000546629,,,
1786043866194678362,1786043866.194268528,/novatel/oem7/odom,/novatel/oem7/fix,/novatel/oem7/odom,39.663,-75.756,-1.800968409,0.002188870,-0.000546629,-0.001570874,-0.001524305,-0.000546629,,,
1786043866206196486,1786043866.205759031,/novatel/oem7/inspva,/novatel/oem7/inspva,/novatel/oem7/inspva,39.663,-75.756,-1.800964558,0.002351971,0.000174373,-0.001740151,-0.001582291,0.000174373,,novatel_oem7_msgs.msg.InertialSolutionStatus(status=3),
1786043866207085490,1786043866.205963960,/novatel/oem7/fix,/novatel/oem7/fix,/novatel/oem7/inspva,39.663,-75.756,-1.800964558,0.002351971,0.000174373,-0.001740151,-0.001582291,0.000174373,,0,
1786043866207699820,1786043866.206600663,/novatel/oem7/odom,/novatel/oem7/fix,/novatel/oem7/odom,39.663,-75.756,-1.800964558,0.002352716,0.000164027,-0.001673367,-0.001653818,0.000164027,,,
1786043866210643839,1786043866.210092949,/novatel/oem7/bestpos,/novatel/oem7/bestpos,/novatel/oem7/odom,39.663,-75.756,33.181471608,0.002352716,0.000164027,-0.001673367,-0.001653818,0.000164027,,novatel_oem7_msgs.msg.SolutionStatus(status=0),novatel_oem7_msgs.msg.PositionOrVelocityType(type=53)
1786043866211437738,1786043866.210522603,/novatel/oem7/bestvel,/novatel/oem7/bestpos,/novatel/oem7/bestvel,39.663,-75.756,33.181471608,0.002073305,-0.000042373,,,,223.137394380,novatel_oem7_msgs.msg.SolutionStatus(status=0),novatel_oem7_msgs.msg.PositionOrVelocityType(type=53)
1786043866215074474,1786043866.214617881,/novatel/oem7/odom,/novatel/oem7/bestpos,/novatel/oem7/odom,39.663,-75.756,33.181471608,0.002352716,0.000164027,-0.001673367,-0.001653818,0.000164027,,,
1786043866225731490,1786043866.224907976,/novatel/oem7/inspva,/novatel/oem7/inspva,/novatel/oem7/inspva,39.663,-75.756,-1.800969138,0.002198312,-0.000217319,-0.001621319,-0.001484555,-0.000217319,,novatel_oem7_msgs.msg.InertialSolutionStatus(status=3),
1786043866227085598,1786043866.225180525,/novatel/oem7/fix,/novatel/oem7/fix,/novatel/oem7/inspva,39.663,-75.756,-1.800969138,0.002198312,-0.000217319,-0.001621319,-0.001484555,-0.000217319,,0,
1786043866227934594,1786043866.225877159,/novatel/oem7/odom,/novatel/oem7/fix,/novatel/oem7/odom,39.663,-75.756,-1.800969138,0.002197335,-0.000226991,-0.001568035,-0.001539333,-0.000226991,,,
1786043866235965042,1786043866.235379056,/novatel/oem7/odom,/novatel/oem7/fix,/novatel/oem7/odom,39.663,-75.756,-1.800969138,0.002197335,-0.000226991,-0.001568035,-0.001539333,-0.000226991,,,
1786043866245792033,1786043866.245267487,/novatel/oem7/inspva,/novatel/oem7/inspva,/novatel/oem7/inspva,39.663,-75.756,-1.800975764,0.001882100,-0.000608055,-0.001339545,-0.001322090,-0.000608055,,novatel_oem7_msgs.msg.InertialSolutionStatus(status=3),
1786043866246751790,1786043866.245446369,/novatel/oem7/fix,/novatel/oem7/fix,/novatel/oem7/inspva,39.663,-75.756,-1.800975764,0.001882100,-0.000608055,-0.001339545,-0.001322090,-0.000608055,,0,
1786043866247399563,1786043866.246064188,/novatel/oem7/odom,/novatel/oem7/fix,/novatel/oem7/odom,39.663,-75.756,-1.800975764,0.001879396,-0.000616363,-0.001389412,-0.001265568,-0.000616363,,,
1786043866257064523,1786043866.256455364,/novatel/oem7/odom,/novatel/oem7/fix,/novatel/oem7/odom,39.663,-75.756,-1.800975764,0.001879396,-0.000616363,-0.001389412,-0.001265568,-0.000616363,,,
1786043866266534798,1786043866.265939320,/novatel/oem7/inspva,/novatel/oem7/inspva,/novatel/oem7/inspva,39.663,-75.756,-1.800978284,0.002146748,-0.000539242,-0.001381088,-0.001643509,-0.000539242,,novatel_oem7_msgs.msg.InertialSolutionStatus(status=3),
1786043866267590571,1786043866.266129502,/novatel/oem7/fix,/novatel/oem7/fix,/novatel/oem7/inspva,39.663,-75.756,-1.800978284,0.002146748,-0.000539242,-0.001381088,-0.001643509,-0.000539242,,0,
1786043866268240930,1786043866.266672082,/novatel/oem7/odom,/novatel/oem7/fix,/novatel/oem7/odom,39.663,-75.756,-1.800978284,0.002144338,-0.000548749,-0.001712830,-0.001290116,-0.000548749,,,
1786043866275156094,1786043866.274704146,/novatel/oem7/odom,/novatel/oem7/fix,/novatel/oem7/odom,39.663,-75.756,-1.800978284,0.002144338,-0.000548749,-0.001712830,-0.001290116,-0.000548749,,,
1786043866285585060,1786043866.285074648,/novatel/oem7/inspva,/novatel/oem7/inspva,/novatel/oem7/inspva,39.663,-75.756,-1.800982029,0.001954908,-0.000445139,-0.001326528,-0.001435962,-0.000445139,,novatel_oem7_msgs.msg.InertialSolutionStatus(status=3),
1786043866286456541,1786043866.285216243,/novatel/oem7/fix,/novatel/oem7/fix,/novatel/oem7/inspva,39.663,-75.756,-1.800982029,0.001954908,-0.000445139,-0.001326528,-0.001435962,-0.000445139,,0,
1786043866287066480,1786043866.285779963,/novatel/oem7/odom,/novatel/oem7/fix,/novatel/oem7/odom,39.663,-75.756,-1.800982029,0.001952917,-0.000453795,-0.001503008,-0.001246937,-0.000453795,,,
1786043866295883613,1786043866.295403997,/novatel/oem7/odom,/novatel/oem7/fix,/novatel/oem7/odom,39.663,-75.756,-1.800982029,0.001952917,-0.000453795,-0.001503008,-0.001246937,-0.000453795,,,
1786043866306806443,1786043866.306014435,/novatel/oem7/inspva,/novatel/oem7/inspva,/novatel/oem7/inspva,39.663,-75.756,-1.800985006,0.002059384,-0.000411301,-0.001486977,-0.001424768,-0.000411301,,novatel_oem7_msgs.msg.InertialSolutionStatus(status=3),
1786043866309082486,1786043866.306198757,/novatel/oem7/fix,/novatel/oem7/fix,/novatel/oem7/inspva,39.663,-75.756,-1.800985006,0.002059384,-0.000411301,-0.001486977,-0.001424768,-0.000411301,,0,
1786043866310791580,1786043866.306752162,/novatel/oem7/odom,/novatel/oem7/fix,/novatel/oem7/odom,39.663,-75.756,-1.800985006,0.002057553,-0.000420369,-0.001500502,-0.001407841,-0.000420369,,,
1786043866312458981,1786043866.309487780,/novatel/oem7/bestpos,/novatel/oem7/bestpos,/novatel/oem7/odom,39.663,-75.756,33.181458812,0.002057553,-0.000420369,-0.001500502,-0.001407841,-0.000420369,,novatel_oem7_msgs.msg.SolutionStatus(status=0),novatel_oem7_msgs.msg.PositionOrVelocityType(type=53)
1786043866313511491,1786043866.310157867,/novatel/oem7/bestvel,/novatel/oem7/bestpos,/novatel/oem7/bestvel,39.663,-75.756,33.181458812,0.002154502,-0.000340409,,,,225.447841014,novatel_oem7_msgs.msg.SolutionStatus(status=0),novatel_oem7_msgs.msg.PositionOrVelocityType(type=53)
1786043866315131791,1786043866.314292221,/novatel/oem7/odom,/novatel/oem7/bestpos,/novatel/oem7/odom,39.663,-75.756,33.181458812,0.002057553,-0.000420369,-0.001500502,-0.001407841,-0.000420369,,,
1786043866326798450,1786043866.326206521,/novatel/oem7/inspva,/novatel/oem7/inspva,/novatel/oem7/inspva,39.663,-75.756,-1.800990139,0.001922555,-0.000488219,-0.001387085,-0.001331245,-0.000488219,,novatel_oem7_msgs.msg.InertialSolutionStatus(status=3),
1786043866328232584,1786043866.326370558,/novatel/oem7/fix,/novatel/oem7/fix,/novatel/oem7/inspva,39.663,-75.756,-1.800990139,0.001922555,-0.000488219,-0.001387085,-0.001331245,-0.000488219,,0,
1786043866329464500,1786043866.326939374,/novatel/oem7/odom,/novatel/oem7/fix,/novatel/oem7/odom,39.663,-75.756,-1.800990139,0.001920387,-0.000496679,-0.001401518,-0.001312872,-0.000496679,,,
1786043866335468355,1786043866.334666327,/novatel/oem7/odom,/novatel/oem7/fix,/novatel/oem7/odom,39.663,-75.756,-1.800990139,0.001920387,-0.000496679,-0.001401518,-0.001312872,-0.000496679,,,
1786043866346587861,1786043866.345697759,/novatel/oem7/inspva,/novatel/oem7/inspva,/novatel/oem7/inspva,39.663,-75.756,-1.800993791,0.002268703,-0.000346651,-0.001681424,-0.001523098,-0.000346651,,novatel_oem7_msgs.msg.InertialSolutionStatus(status=3),
1786043866348228408,1786043866.346006452,/novatel/oem7/fix,/novatel/oem7/fix,/novatel/oem7/inspva,39.663,-75.756,-1.800993791,0.002268703,-0.000346651,-0.001681424,-0.001523098,-0.000346651,,0,
1786043866349988536,1786043866.346604281,/novatel/oem7/odom,/novatel/oem7/fix,/novatel/oem7/odom,39.663,-75.756,-1.800993791,0.002267162,-0.000356595,-0.001609277,-0.001596950,-0.000356595,,,
1786043866356717747,1786043866.355670897,/novatel/oem7/odom,/novatel/oem7/fix,/novatel/oem7/odom,39.663,-75.756,-1.800993791,0.002267162,-0.000356595,-0.001609277,-0.001596950,-0.000356595,,,
1786043866366214544,1786043866.365399029,/novatel/oem7/inspva,/novatel/oem7/inspva,/novatel/oem7/inspva,39.663,-75.756,-1.801003740,0.001922102,-0.000791358,-0.001141472,-0.001546453,-0.000791358,,novatel_oem7_msgs.msg.InertialSolutionStatus(status=3),
1786043866368496684,1786043866.365697646,/novatel/oem7/fix,/novatel/oem7/fix,/novatel/oem7/inspva,39.663,-75.756,-1.801003740,0.001922102,-0.000791358,-0.001141472,-0.001546453,-0.000791358,,0,
1786043866369821898,1786043866.366310792,/novatel/oem7/odom,/novatel/oem7/fix,/novatel/oem7/odom,39.663,-75.756,-1.801003740,0.001918598,-0.000799817,-0.001602272,-0.001055340,-0.000799817,,,
1786043866375795211,1786043866.374705384,/novatel/oem7/odom,/novatel/oem7/fix,/novatel/oem7/odom,39.663,-75.756,-1.801003740,0.001918598,-0.000799817,-0.001602272,-0.001055340,-0.000799817,,,
1786043866386887048,1786043866.386094293,/novatel/oem7/inspva,/novatel/oem7/inspva,/novatel/oem7/inspva,39.663,-75.756,-1.801006539,0.002188246,-0.000519905,-0.001546125,-0.001548521,-0.000519905,,novatel_oem7_msgs.msg.InertialSolutionStatus(status=3),
1786043866388287882,1786043866.386328656,/novatel/oem7/fix,/novatel/oem7/fix,/novatel/oem7/inspva,39.663,-75.756,-1.801006539,0.002188246,-0.000519905,-0.001546125,-0.001548521,-0.000519905,,0,
1786043866389377313,1786043866.386675046,/novatel/oem7/odom,/novatel/oem7/fix,/novatel/oem7/odom,39.663,-75.756,-1.801006539,0.002185935,-0.000529538,-0.001626848,-0.001460026,-0.000529538,,,
1786043866395644757,1786043866.394880029,/novatel/oem7/odom,/novatel/oem7/fix,/novatel/oem7/odom,39.663,-75.756,-1.801006539,0.002185935,-0.000529538,-0.001626848,-0.001460026,-0.000529538,,,
1786043866407554039,1786043866.406430293,/novatel/oem7/inspva,/novatel/oem7/inspva,/novatel/oem7/inspva,39.663,-75.756,-1.801012350,0.002175317,-0.000593280,-0.001107196,-0.001872464,-0.000593280,,novatel_oem7_msgs.msg.InertialSolutionStatus(status=3),
1786043866409437568,1786043866.406772597,/novatel/oem7/fix,/novatel/oem7/fix,/novatel/oem7/inspva,39.663,-75.756,-1.801012350,0.002175317,-0.000593280,-0.001107196,-0.001872464,-0.000593280,,0,
1786043866410718611,1786043866.407318096,/novatel/oem7/odom,/novatel/oem7/fix,/novatel/oem7/odom,39.663,-75.756,-1.801012350,0.002172711,-0.000602754,-0.001926681,-0.001004276,-0.000602754,,,
1786043866412266540,1786043866.409830755,/novatel/oem7/bestpos,/novatel/oem7/bestpos,/novatel/oem7/odom,39.663,-75.756,33.181440635,0.002172711,-0.000602754,-0.001926681,-0.001004276,-0.000602754,,novatel_oem7_msgs.msg.SolutionStatus(status=0),novatel_oem7_msgs.msg.PositionOrVelocityType(type=53)
1786043866413256667,1786043866.410300136,/novatel/oem7/bestvel,/novatel/oem7/bestpos,/novatel/oem7/bestvel,39.663,-75.756,33.181440635,0.002318137,-0.000416642,,,,229.356026469,novatel_oem7_msgs.msg.SolutionStatus(status=0),novatel_oem7_msgs.msg.PositionOrVelocityType(type=53)
1786043866416248013,1786043866.415530773,/novatel/oem7/odom,/novatel/oem7/bestpos,/novatel/oem7/odom,39.663,-75.756,33.181440635,0.002172711,-0.000602754,-0.001926681,-0.001004276,-0.000602754,,,
1786043866425837641,1786043866.425195864,/novatel/oem7/inspva,/novatel/oem7/inspva,/novatel/oem7/inspva,39.663,-75.756,-1.801017344,0.002429291,-0.000296182,-0.001506525,-0.001905738,-0.000296182,,novatel_oem7_msgs.msg.InertialSolutionStatus(status=3),
1786043866427251095,1786043866.425369820,/novatel/oem7/fix,/novatel/oem7/fix,/novatel/oem7/inspva,39.663,-75.756,-1.801017344,0.002429291,-0.000296182,-0.001506525,-0.001905738,-0.000296182,,0,
1786043866428346403,1786043866.425849691,/novatel/oem7/odom,/novatel/oem7/fix,/novatel/oem7/odom,39.663,-75.756,-1.801017344,0.002427955,-0.000306943,-0.001982230,-0.001402045,-0.000306943,,,
1786043866435544423,1786043866.434586990,/novatel/oem7/odom,/novatel/oem7/fix,/novatel/oem7/odom,39.663,-75.756,-1.801017344,0.002427955,-0.000306943,-0.001982230,-0.001402045,-0.000306943,,,
1786043866447813685,1786043866.446807924,/novatel/oem7/inspva,/novatel/oem7/inspva,/novatel/oem7/inspva,39.663,-75.756,-1.801029145,0.001898448,-0.000858681,-0.001067236,-0.001570067,-0.000858681,,novatel_oem7_msgs.msg.InertialSolutionStatus(status=3),
1786043866449867135,1786043866.447093977,/novatel/oem7/fix,/novatel/oem7/fix,/novatel/oem7/inspva,39.663,-75.756,-1.801029145,0.001898448,-0.000858681,-0.001067236,-0.001570067,-0.000858681,,0,
1786043866451409648,1786043866.447872069,/novatel/oem7/odom,/novatel/oem7/fix,/novatel/oem7/odom,39.663,-75.756,-1.801029145,0.001894642,-0.000867045,-0.001621653,-0.000979751,-0.000867045,,,
1786043866457630441,1786043866.456650598,/novatel/oem7/odom,/novatel/oem7/fix,/novatel/oem7/odom,39.663,-75.756,-1.801029145,0.001894642,-0.000867045,-0.001621653,-0.000979751,-0.000867045,,,
1786043866465802005,1786043866.464967486,/novatel/oem7/inspva,/novatel/oem7/inspva,/novatel/oem7/inspva,39.663,-75.756,-1.801036006,0.002182642,-0.000656774,-0.001336071,-0.001725933,-0.000656774,,novatel_oem7_msgs.msg.InertialSolutionStatus(status=3),
1786043866467288487,1786043866.465162451,/novatel/oem7/fix,/novatel/oem7/fix,/novatel/oem7/inspva,39.663,-75.756,-1.801036006,0.002182642,-0.000656774,-0.001336071,-0.001725933,-0.000656774,,0,
1786043866468379701,1786043866.465783934,/novatel/oem7/odom,/novatel/oem7/fix,/novatel/oem7/odom,39.663,-75.756,-1.801036006,0.002179715,-0.000666426,-0.001792344,-0.001240427,-0.000666426,,,
1786043866477118830,1786043866.475706638,/novatel/oem7/odom,/novatel/oem7/fix,/novatel/oem7/odom,39.663,-75.756,-1.801036006,0.002179715,-0.000666426,-0.001792344,-0.001240427,-0.000666426,,,
1786043866487203872,1786043866.486528905,/novatel/oem7/inspva,/novatel/oem7/inspva,/novatel/oem7/inspva,39.663,-75.756,-1.801045168,0.001924336,-0.000575844,-0.001296439,-0.001422081,-0.000575844,,novatel_oem7_msgs.msg.InertialSolutionStatus(status=3),
1786043866488662724,1786043866.486711407,/novatel/oem7/fix,/novatel/oem7/fix,/novatel/oem7/inspva,39.663,-75.756,-1.801045168,0.001924336,-0.000575844,-0.001296439,-0.001422081,-0.000575844,,0,
1786043866489746248,1786043866.487637900,/novatel/oem7/odom,/novatel/oem7/fix,/novatel/oem7/odom,39.663,-75.756,-1.801045168,0.001921761,-0.000584380,-0.001487092,-0.001217260,-0.000584380,,,
1786043866495561821,1786043866.494817040,/novatel/oem7/odom,/novatel/oem7/fix,/novatel/oem7/odom,39.663,-75.756,-1.801045168,0.001921761,-0.000584380,-0.001487092,-0.001217260,-0.000584380,,,
1786043866507220146,1786043866.506212949,/novatel/oem7/inspva,/novatel/oem7/inspva,/novatel/oem7/inspva,39.663,-75.756,-1.801054102,0.002017597,-0.000571159,-0.001388061,-0.001464235,-0.000571159,,novatel_oem7_msgs.msg.InertialSolutionStatus(status=3),
1786043866508911330,1786043866.506528919,/novatel/oem7/fix,/novatel/oem7/fix,/novatel/oem7/inspva,39.663,-75.756,-1.801054102,0.002017597,-0.000571159,-0.001388061,-0.001464235,-0.000571159,,0,
1786043866510072905,1786043866.507199606,/novatel/oem7/odom,/novatel/oem7/fix,/novatel/oem7/odom,39.663,-75.756,-1.801054102,0.002015040,-0.000580114,-0.001534092,-0.001306503,-0.000580114,,,
1786043866512150499,1786043866.511025108,/novatel/oem7/bestpos,/novatel/oem7/bestpos,/novatel/oem7/odom,39.663,-75.756,33.181385244,0.002015040,-0.000580114,-0.001534092,-0.001306503,-0.000580114,,novatel_oem7_msgs.msg.SolutionStatus(status=0),novatel_oem7_msgs.msg.PositionOrVelocityType(type=53)
1786043866513634114,1786043866.511510980,/novatel/oem7/bestvel,/novatel/oem7/bestpos,/novatel/oem7/bestvel,39.663,-75.756,33.181385244,0.001820415,-0.000726374,,,,227.685281296,novatel_oem7_msgs.msg.SolutionStatus(status=0),novatel_oem7_msgs.msg.PositionOrVelocityType(type=53)
1786043866515686372,1786043866.514586268,/novatel/oem7/odom,/novatel/oem7/bestpos,/novatel/oem7/odom,39.663,-75.756,33.181385244,0.002015040,-0.000580114,-0.001534092,-0.001306503,-0.000580114,,,
1786043866525959567,1786043866.525347908,/novatel/oem7/inspva,/novatel/oem7/inspva,/novatel/oem7/inspva,39.663,-75.756,-1.801066177,0.001711362,-0.000722392,-0.001105043,-0.001306767,-0.000722392,,novatel_oem7_msgs.msg.InertialSolutionStatus(status=3),
1786043866527370888,1786043866.525530209,/novatel/oem7/fix,/novatel/oem7/fix,/novatel/oem7/inspva,39.663,-75.756,-1.801066177,0.001711362,-0.000722392,-0.001105043,-0.001306767,-0.000722392,,0,
1786043866528473749,1786043866.526204259,/novatel/oem7/odom,/novatel/oem7/fix,/novatel/oem7/odom,39.663,-75.756,-1.801066177,0.001708137,-0.000729984,-0.001361231,-0.001031884,-0.000729984,,,
1786043866536439330,1786043866.535467620,/novatel/oem7/odom,/novatel/oem7/fix,/novatel/oem7/odom,39.663,-75.756,-1.801066177,0.001708137,-0.000729984,-0.001361231,-0.001031884,-0.000729984,,,
1786043866546568160,1786043866.545578223,/novatel/oem7/inspva,/novatel/oem7/inspva,/novatel/oem7/inspva,39.663,-75.756,-1.801078760,0.001900681,-0.000937618,-0.001094874,-0.001553653,-0.000937618,,novatel_oem7_msgs.msg.InertialSolutionStatus(status=3),
1786043866548636301,1786043866.545889553,/novatel/oem7/fix,/novatel/oem7/fix,/novatel/oem7/inspva,39.663,-75.756,-1.801078760,0.001900681,-0.000937618,-0.001094874,-0.001553653,-0.000937618,,0,
1786043866550152250,1786043866.546483463,/novatel/oem7/odom,/novatel/oem7/fix,/novatel/oem7/odom,39.663,-75.756,-1.801078760,0.001896505,-0.000946035,-0.001606462,-0.001007974,-0.000946035,,,
1786043866556590569,1786043866.555683246,/novatel/oem7/odom,/novatel/oem7/fix,/novatel/oem7/odom,39.663,-75.756,-1.801078760,0.001896505,-0.000946035,-0.001606462,-0.001007974,-0.000946035,,,
1786043866565575023,1786043866.564964047,/novatel/oem7/inspva,/novatel/oem7/inspva,/novatel/oem7/inspva,39.663,-75.756,-1.801089310,0.001743040,-0.000459139,-0.000770849,-0.001563324,-0.000459139,,novatel_oem7_msgs.msg.InertialSolutionStatus(status=3),
1786043866566972421,1786043866.565135152,/novatel/oem7/fix,/novatel/oem7/fix,/novatel/oem7/inspva,39.663,-75.756,-1.801089310,0.001743040,-0.000459139,-0.000770849,-0.001563324,-0.000459139,,0,
1786043866568077785,1786043866.565480409,/novatel/oem7/odom,/novatel/oem7/fix,/novatel/oem7/odom,39.663,-75.756,-1.801089310,0.001741035,-0.000466685,-0.001600541,-0.000685179,-0.000466685,,,
1786043866576623559,1786043866.575594632,/novatel/oem7/odom,/novatel/oem7/fix,/novatel/oem7/odom,39.663,-75.756,-1.801089310,0.001741035,-0.000466685,-0.001600541,-0.000685179,-0.000466685,,,
1786043866585565790,1786043866.584884266,/novatel/oem7/inspva,/novatel/oem7/inspva,/novatel/oem7/inspva,39.663,-75.756,-1.801106660,0.001678751,-0.001049644,-0.000983455,-0.001360522,-0.001049644,,novatel_oem7_msgs.msg.InertialSolutionStatus(status=3),
1786043866586974375,1786043866.585092985,/novatel/oem7/fix,/novatel/oem7/fix,/novatel/oem7/inspva,39.663,-75.756,-1.801106660,0.001678751,-0.001049644,-0.000983455,-0.001360522,-0.001049644,,0,
1786043866588021748,1786043866.585539796,/novatel/oem7/odom,/novatel/oem7/fix,/novatel/oem7/odom,39.663,-75.756,-1.801106660,0.001674046,-0.001057130,-0.001407249,-0.000906687,-0.001057130,,,
1786043866595044327,1786043866.594313543,/novatel/oem7/odom,/novatel/oem7/fix,/novatel/oem7/odom,39.663,-75.756,-1.801106660,0.001674046,-0.001057130,-0.001407249,-0.000906687,-0.001057130,,,
1786043866607535254,1786043866.606589681,/novatel/oem7/inspva,/novatel/oem7/inspva,/novatel/oem7/inspva,39.663,-75.756,-1.801116678,0.001572188,-0.000510050,-0.000947533,-0.001254574,-0.000510050,,novatel_oem7_msgs.msg.InertialSolutionStatus(status=3),
1786043866609181681,1786043866.606854353,/novatel/oem7/fix,/novatel/oem7/fix,/novatel/oem7/inspva,39.663,-75.756,-1.801116678,0.001572188,-0.000510050,-0.000947533,-0.001254574,-0.000510050,,0,
1786043866610385929,1786043866.607323188,/novatel/oem7/odom,/novatel/oem7/fix,/novatel/oem7/odom,39.663,-75.756,-1.801116678,0.001569898,-0.000517056,-0.001301476,-0.000877917,-0.000517056,,,
1786043866611998933,1786043866.610186437,/novatel/oem7/bestpos,/novatel/oem7/bestpos,/novatel/oem7/odom,39.663,-75.756,33.181315226,0.001569898,-0.000517056,-0.001301476,-0.000877917,-0.000517056,,novatel_oem7_msgs.msg.SolutionStatus(status=0),novatel_oem7_msgs.msg.PositionOrVelocityType(type=53)
1786043866612982556,1786043866.610619788,/novatel/oem7/bestvel,/novatel/oem7/bestpos,/novatel/oem7/bestvel,39.663,-75.756,33.181315226,0.001877111,-0.000308117,,,,237.757648287,novatel_oem7_msgs.msg.SolutionStatus(status=0),novatel_oem7_msgs.msg.PositionOrVelocityType(type=53)
1786043866615196372,1786043866.614498415,/novatel/oem7/odom,/novatel/oem7/bestpos,/novatel/oem7/odom,39.663,-75.756,33.181315226,0.001569898,-0.000517056,-0.001301476,-0.000877917,-0.000517056,,,
1786043866625669192,1786043866.625056535,/novatel/oem7/inspva,/novatel/oem7/inspva,/novatel/oem7/inspva,39.663,-75.756,-1.801133746,0.001559578,-0.000695274,-0.000914874,-0.001263047,-0.000695274,,novatel_oem7_msgs.msg.InertialSolutionStatus(status=3),
1786043866627083286,1786043866.625224964,/novatel/oem7/fix,/novatel/oem7/fix,/novatel/oem7/inspva,39.663,-75.756,-1.801133746,0.001559578,-0.000695274,-0.000914874,-0.001263047,-0.000695274,,0,
1786043866628158414,1786043866.625593241,/novatel/oem7/odom,/novatel/oem7/fix,/novatel/oem7/odom,39.663,-75.756,-1.801133746,0.001556453,-0.000702241,-0.001307517,-0.000844361,-0.000702241,,,
1786043866635635400,1786043866.634649040,/novatel/oem7/odom,/novatel/oem7/fix,/novatel/oem7/odom,39.663,-75.756,-1.801133746,0.001556453,-0.000702241,-0.001307517,-0.000844361,-0.000702241,,,
1786043866646341479,1786043866.645313998,/novatel/oem7/inspva,/novatel/oem7/inspva,/novatel/oem7/inspva,39.663,-75.756,-1.801150761,0.001412640,-0.000882899,-0.000855802,-0.001123902,-0.000882899,,novatel_oem7_msgs.msg.InertialSolutionStatus(status=3),
1786043866648321942,1786043866.645582934,/novatel/oem7/fix,/novatel/oem7/fix,/novatel/oem7/inspva,39.663,-75.756,-1.801150761,0.001412640,-0.000882899,-0.000855802,-0.001123902,-0.000882899,,0,
1786043866650139114,1786043866.645938221,/novatel/oem7/odom,/novatel/oem7/fix,/novatel/oem7/odom,39.663,-75.756,-1.801150761,0.001408678,-0.000889207,-0.001164764,-0.000792274,-0.000889207,,,
1786043866657506456,1786043866.656365254,/novatel/oem7/odom,/novatel/oem7/fix,/novatel/oem7/odom,39.663,-75.756,-1.801150761,0.001408678,-0.000889207,-0.001164764,-0.000792274,-0.000889207,,,
1786043866667006256,1786043866.666067806,/novatel/oem7/inspva,/novatel/oem7/inspva,/novatel/oem7/inspva,39.663,-75.756,-1.801167974,0.001274993,-0.001092165,-0.000398215,-0.001211211,-0.001092165,,novatel_oem7_msgs.msg.InertialSolutionStatus(status=3),
1786043866668928445,1786043866.666249978,/novatel/oem7/fix,/novatel/oem7/fix,/novatel/oem7/inspva,39.663,-75.756,-1.801167974,0.001274993,-0.001092165,-0.000398215,-0.001211211,-0.001092165,,0,
1786043866670109154,1786043866.666777030,/novatel/oem7/odom,/novatel/oem7/fix,/novatel/oem7/odom,39.663,-75.756,-1.801167974,0.001270438,-0.001097460,-0.001226798,-0.000330120,-0.001097460,,,
1786043866675473019,1786043866.674404551,/novatel/oem7/odom,/novatel/oem7/fix,/novatel/oem7/odom,39.663,-75.756,-1.801167974,0.001270438,-0.001097460,-0.001226798,-0.000330120,-0.001097460,,,
1786043866686410997,1786043866.685066963,/novatel/oem7/inspva,/novatel/oem7/inspva,/novatel/oem7/inspva,39.663,-75.756,-1.801179874,0.001446095,-0.000651764,-0.000483279,-0.001362950,-0.000651764,,novatel_oem7_msgs.msg.InertialSolutionStatus(status=3),
1786043866688789401,1786043866.685355219,/novatel/oem7/fix,/novatel/oem7/fix,/novatel/oem7/inspva,39.663,-75.756,-1.801179874,0.001446095,-0.000651764,-0.000483279,-0.001362950,-0.000651764,,0,
1786043866690500152,1786043866.685977335,/novatel/oem7/odom,/novatel/oem7/fix,/novatel/oem7/odom,39.663,-75.756,-1.801179874,0.001443350,-0.000657819,-0.001384439,-0.000408154,-0.000657819,,,
1786043866696502580,1786043866.695461852,/novatel/oem7/odom,/novatel/oem7/fix,/novatel/oem7/odom,39.663,-75.756,-1.801179874,0.001443350,-0.000657819,-0.001384439,-0.000408154,-0.000657819,,,
1786043866706589255,1786043866.705811377,/novatel/oem7/inspva,/novatel/oem7/inspva,/novatel/oem7/inspva,39.663,-75.756,-1.801198239,0.001255706,-0.000840764,-0.000137602,-0.001248144,-0.000840764,,novatel_oem7_msgs.msg.InertialSolutionStatus(status=3),
1786043866708319600,1786043866.705973232,/novatel/oem7/fix,/novatel/oem7/fix,/novatel/oem7/inspva,39.663,-75.756,-1.801198239,0.001255706,-0.000840764,-0.000137602,-0.001248144,-0.000840764,,0,
1786043866709806958,1786043866.706458501,/novatel/oem7/odom,/novatel/oem7/fix,/novatel/oem7/odom,39.663,-75.756,-1.801198239,0.001252573,-0.000845425,-0.001250693,-0.000068594,-0.000845425,,,
1786043866711502072,1786043866.708868032,/novatel/oem7/bestpos,/novatel/oem7/bestpos,/novatel/oem7/odom,39.663,-75.756,33.181225440,0.001252573,-0.000845425,-0.001250693,-0.000068594,-0.000845425,,novatel_oem7_msgs.msg.SolutionStatus(status=0),novatel_oem7_msgs.msg.PositionOrVelocityType(type=53)
1786043866712611424,1786043866.709498125,/novatel/oem7/bestvel,/novatel/oem7/bestpos,/novatel/oem7/bestvel,39.663,-75.756,33.181225440,0.001474303,-0.000600068,,,,254.233037210,novatel_oem7_msgs.msg.SolutionStatus(status=0),novatel_oem7_msgs.msg.PositionOrVelocityType(type=53)
1786043866715601490,1786043866.714442152,/novatel/oem7/odom,/novatel/oem7/bestpos,/novatel/oem7/odom,39.663,-75.756,33.181225440,0.001252573,-0.000845425,-0.001250693,-0.000068594,-0.000845425,,,
1786043866727500055,1786043866.726469946,/novatel/oem7/inspva,/novatel/oem7/inspva,/novatel/oem7/inspva,39.663,-75.756,-1.801218510,0.001224782,-0.001176366,-0.000653180,-0.001036073,-0.001176366,,novatel_oem7_msgs.msg.InertialSolutionStatus(status=3),
1786043866729524999,1786043866.726695516,/novatel/oem7/fix,/novatel/oem7/fix,/novatel/oem7/inspva,39.663,-75.756,-1.801218510,0.001224782,-0.001176366,-0.000653180,-0.001036073,-0.001176366,,0,
1786043866731028747,1786043866.727259649,/novatel/oem7/odom,/novatel/oem7/fix,/novatel/oem7/odom,39.663,-75.756,-1.801218510,0.001219535,-0.001181804,-0.001065198,-0.000593818,-0.001181804,,,
1786043866735889133,1786043866.734956407,/novatel/oem7/odom,/novatel/oem7/fix,/novatel/oem7/odom,39.663,-75.756,-1.801218510,0.001219535,-0.001181804,-0.001065198,-0.000593818,-0.001181804,,,
1786043866746222966,1786043866.745062910,/novatel/oem7/inspva,/novatel/oem7/inspva,/novatel/oem7/inspva,39.663,-75.756,-1.801234396,0.001090406,-0.000959128,-0.000108697,-0.001084975,-0.000959128,,novatel_oem7_msgs.msg.InertialSolutionStatus(status=3),
1786043866748142775,1786043866.745293446,/novatel/oem7/fix,/novatel/oem7/fix,/novatel/oem7/inspva,39.663,-75.756,-1.801234396,0.001090406,-0.000959128,-0.000108697,-0.001084975,-0.000959128,,0,
1786043866749386924,1786043866.745823965,/novatel/oem7/odom,/novatel/oem7/fix,/novatel/oem7/odom,39.663,-75.756,-1.801234396,0.001086850,-0.000963155,-0.001085785,-0.000048103,-0.000963155,,,
1786043866757304815,1786043866.756027465,/novatel/oem7/odom,/novatel/oem7/fix,/novatel/oem7/odom,39.663,-75.756,-1.801234396,0.001086850,-0.000963155,-0.001085785,-0.000048103,-0.000963155,,,
1786043866766331743,1786043866.765336266,/novatel/oem7/inspva,/novatel/oem7/inspva,/novatel/oem7/inspva,39.663,-75.756,-1.801256189,0.001225352,-0.001240862,-0.000678196,-0.001020557,-0.001240862,,novatel_oem7_msgs.msg.InertialSolutionStatus(status=3),
1786043866768553136,1786043866.765592529,/novatel/oem7/fix,/novatel/oem7/fix,/novatel/oem7/inspva,39.663,-75.756,-1.801256189,0.001225352,-0.001240862,-0.000678196,-0.001020557,-0.001240862,,0,
1786043866770111822,1786043866.766235579,/novatel/oem7/odom,/novatel/oem7/fix,/novatel/oem7/odom,39.663,-75.756,-1.801256189,0.001219794,-0.001246326,-0.001050795,-0.000619456,-0.001246326,,,
1786043866775712466,1786043866.774858280,/novatel/oem7/odom,/novatel/oem7/fix,/novatel/oem7/odom,39.663,-75.756,-1.801256189,0.001219794,-0.001246326,-0.001050795,-0.000619456,-0.001246326,,,
1786043866787040492,1786043866.785220432,/novatel/oem7/inspva,/novatel/oem7/inspva,/novatel/oem7/inspva,39.663,-75.756,-1.801273043,0.001000123,-0.001236958,0.000039503,-0.000999343,-0.001236958,,novatel_oem7_msgs.msg.InertialSolutionStatus(status=3),
1786043866788623053,1786043866.785592659,/novatel/oem7/fix,/novatel/oem7/fix,/novatel/oem7/inspva,39.663,-75.756,-1.801273043,0.001000123,-0.001236958,0.000039503,-0.000999343,-0.001236958,,0,
1786043866789887364,1786043866.786689200,/novatel/oem7/odom,/novatel/oem7/fix,/novatel/oem7/odom,39.663,-75.756,-1.801273043,0.001219801,-0.001246320,-0.001050803,-0.000619456,-0.001246320,,,
1786043866795030787,1786043866.794342521,/novatel/oem7/odom,/novatel/oem7/fix,/novatel/oem7/odom,39.663,-75.756,-1.801273043,0.000996028,-0.001240258,-0.000991383,0.000096079,-0.001240258,,,
1786043866806406651,1786043866.805809165,/novatel/oem7/inspva,/novatel/oem7/inspva,/novatel/oem7/inspva,39.663,-75.756,-1.801292999,0.001192328,-0.001264304,-0.000276994,-0.001159707,-0.001264304,,novatel_oem7_msgs.msg.InertialSolutionStatus(status=3),
1786043866807707494,1786043866.806099141,/novatel/oem7/fix,/novatel/oem7/fix,/novatel/oem7/inspva,39.663,-75.756,-1.801292999,0.001192328,-0.001264304,-0.000276994,-0.001159707,-0.001264304,,0,
1786043866808557644,1786043866.806818889,/novatel/oem7/odom,/novatel/oem7/fix,/novatel/oem7/odom,39.663,-75.756,-1.801292999,0.001187243,-0.001269081,-0.001168282,-0.000211338,-0.001269081,,,
1786043866810531864,1786043866.809920060,/novatel/oem7/bestpos,/novatel/oem7/bestpos,/novatel/oem7/odom,39.663,-75.756,33.181124677,0.001187243,-0.001269081,-0.001168282,-0.000211338,-0.001269081,,novatel_oem7_msgs.msg.SolutionStatus(status=0),novatel_oem7_msgs.msg.PositionOrVelocityType(type=53)
1786043866811667531,1786043866.810260060,/novatel/oem7/bestvel,/novatel/oem7/bestpos,/novatel/oem7/bestvel,39.663,-75.756,33.181124677,0.001245416,-0.001248656,,,,258.372387273,novatel_oem7_msgs.msg.SolutionStatus(status=0),novatel_oem7_msgs.msg.PositionOrVelocityType(type=53)
1786043866816711139,1786043866.815537224,/novatel/oem7/odom,/novatel/oem7/bestpos,/novatel/oem7/odom,39.663,-75.756,33.181124677,0.001187243,-0.001269081,-0.001168282,-0.000211338,-0.001269081,,,
1786043866826006198,1786043866.824945323,/novatel/oem7/inspva,/novatel/oem7/inspva,/novatel/oem7/inspva,39.663,-75.756,-1.801309724,0.000929615,-0.001016294,-0.000228189,-0.000901174,-0.001016294,,novatel_oem7_msgs.msg.InertialSolutionStatus(status=3),
1786043866827962564,1786043866.825210356,/novatel/oem7/fix,/novatel/oem7/fix,/novatel/oem7/inspva,39.663,-75.756,-1.801309724,0.000929615,-0.001016294,-0.000228189,-0.000901174,-0.001016294,,0,
1786043866829396498,1786043866.826027741,/novatel/oem7/odom,/novatel/oem7/fix,/novatel/oem7/odom,39.663,-75.756,-1.801309724,0.000925503,-0.001020040,-0.000908409,-0.000177057,-0.001020040,,,
1786043866835727700,1786043866.834665636,/novatel/oem7/odom,/novatel/oem7/fix,/novatel/oem7/odom,39.663,-75.756,-1.801309724,0.000925503,-0.001020040,-0.000908409,-0.000177057,-0.001020040,,,
1786043866847786862,1786043866.846645494,/novatel/oem7/inspva,/novatel/oem7/inspva,/novatel/oem7/inspva,39.663,-75.756,-1.801332510,0.000873387,-0.001294545,-0.000564268,-0.000666639,-0.001294545,,novatel_oem7_msgs.msg.InertialSolutionStatus(status=3),
1786043866849596718,1786043866.846892236,/novatel/oem7/fix,/novatel/oem7/fix,/novatel/oem7/inspva,39.663,-75.756,-1.801332510,0.000873387,-0.001294545,-0.000564268,-0.000666639,-0.001294545,,0,
1786043866850830483,1786043866.847364108,/novatel/oem7/odom,/novatel/oem7/fix,/novatel/oem7/odom,39.663,-75.756,-1.801332510,0.000867532,-0.001298476,-0.000691109,-0.000524385,-0.001298476,,,
1786043866857704660,1786043866.856601655,/novatel/oem7/odom,/novatel/oem7/fix,/novatel/oem7/odom,39.663,-75.756,-1.801332510,0.000867532,-0.001298476,-0.000691109,-0.000524385,-0.001298476,,,
1786043866866272507,1786043866.865263627,/novatel/oem7/inspva,/novatel/oem7/inspva,/novatel/oem7/inspva,39.663,-75.756,-1.801349298,0.000768194,-0.001155493,-0.000364199,-0.000676374,-0.001155493,,novatel_oem7_msgs.msg.InertialSolutionStatus(status=3),
1786043866868265741,1786043866.865559193,/novatel/oem7/fix,/novatel/oem7/fix,/novatel/oem7/inspva,39.663,-75.756,-1.801349298,0.000768194,-0.001155493,-0.000364199,-0.000676374,-0.001155493,,0,
1786043866869753483,1786043866.866013548,/novatel/oem7/odom,/novatel/oem7/fix,/novatel/oem7/odom,39.663,-75.756,-1.801349298,0.000763083,-0.001158875,-0.000690663,-0.000324469,-0.001158875,,,
1786043866875670556,1786043866.874880915,/novatel/oem7/odom,/novatel/oem7/fix,/novatel/oem7/odom,39.663,-75.756,-1.801349298,0.000763083,-0.001158875,-0.000690663,-0.000324469,-0.001158875,,,
1786043866886981758,1786043866.885490663,/novatel/oem7/inspva,/novatel/oem7/inspva,/novatel/oem7/inspva,39.663,-75.756,-1.801371279,0.000891908,-0.001389984,-0.000576611,-0.000680455,-0.001389984,,novatel_oem7_msgs.msg.InertialSolutionStatus(status=3),
1786043866889223854,1786043866.885844907,/novatel/oem7/fix,/novatel/oem7/fix,/novatel/oem7/inspva,39.663,-75.756,-1.801371279,0.000891908,-0.001389984,-0.000576611,-0.000680455,-0.001389984,,0,
1786043866890834814,1786043866.886380948,/novatel/oem7/odom,/novatel/oem7/fix,/novatel/oem7/odom,39.663,-75.756,-1.801371279,0.000885619,-0.001393999,-0.000705222,-0.000535707,-0.001393999,,,
1786043866895953939,1786043866.894923009,/novatel/oem7/odom,/novatel/oem7/fix,/novatel/oem7/odom,39.663,-75.756,-1.801371279,0.000885619,-0.001393999,-0.000705222,-0.000535707,-0.001393999,,,
1786043866906806463,1786043866.906030082,/novatel/oem7/inspva,/novatel/oem7/inspva,/novatel/oem7/inspva,39.663,-75.756,-1.801388759,0.000934907,-0.001199891,-0.000663808,-0.000658338,-0.001199891,,novatel_oem7_msgs.msg.InertialSolutionStatus(status=3),
1786043866908323539,1786043866.906213250,/novatel/oem7/fix,/novatel/oem7/fix,/novatel/oem7/inspva,39.663,-75.756,-1.801388759,0.000934907,-0.001199891,-0.000663808,-0.000658338,-0.001199891,,0,
1786043866909516854,1786043866.906627008,/novatel/oem7/odom,/novatel/oem7/fix,/novatel/oem7/odom,39.663,-75.756,-1.801388759,0.000929502,-0.001204083,-0.000688474,-0.000624481,-0.001204083,,,
1786043866911290056,1786043866.909484497,/novatel/oem7/bestpos,/novatel/oem7/bestpos,/novatel/oem7/odom,39.663,-75.756,33.181023723,0.000929502,-0.001204083,-0.000688474,-0.000624481,-0.001204083,,novatel_oem7_msgs.msg.SolutionStatus(status=0),novatel_oem7_msgs.msg.PositionOrVelocityType(type=53)
1786043866912377443,1786043866.910162820,/novatel/oem7/bestvel,/novatel/oem7/bestpos,/novatel/oem7/bestvel,39.663,-75.756,33.181023723,0.001416169,-0.000915177,,,,244.642004233,novatel_oem7_msgs.msg.SolutionStatus(status=0),novatel_oem7_msgs.msg.PositionOrVelocityType(type=53)
1786043866915412654,1786043866.914596066,/novatel/oem7/odom,/novatel/oem7/bestpos,/novatel/oem7/odom,39.663,-75.756,33.181023723,0.000929502,-0.001204083,-0.000688474,-0.000624481,-0.001204083,,,
1786043866926002305,1786043866.925016008,/novatel/oem7/inspva,/novatel/oem7/inspva,/novatel/oem7/inspva,39.663,-75.756,-1.801409834,0.001000302,-0.001275784,-0.000171559,-0.000985481,-0.001275784,,novatel_oem7_msgs.msg.InertialSolutionStatus(status=3),
1786043866928029136,1786043866.925149817,/novatel/oem7/fix,/novatel/oem7/fix,/novatel/oem7/inspva,39.663,-75.756,-1.801409834,0.001000302,-0.001275784,-0.000171559,-0.000985481,-0.001275784,,0,
1786043866929613028,1786043866.925607968,/novatel/oem7/odom,/novatel/oem7/fix,/novatel/oem7/odom,39.663,-75.756,-1.801409834,0.000995334,-0.001279664,-0.000988634,-0.000115286,-0.001279664,,,
1786043866936197142,1786043866.935402834,/novatel/oem7/odom,/novatel/oem7/fix,/novatel/oem7/odom,39.663,-75.756,-1.801409834,0.000995334,-0.001279664,-0.000988634,-0.000115286,-0.001279664,,,
1786043866946573418,1786043866.945081083,/novatel/oem7/inspva,/novatel/oem7/inspva,/novatel/oem7/inspva,39.663,-75.756,-1.801429428,0.000827094,-0.001150186,-0.000561377,-0.000607404,-0.001150186,,novatel_oem7_msgs.msg.InertialSolutionStatus(status=3),
1786043866948629512,1786043866.945307393,/novatel/oem7/fix,/novatel/oem7/fix,/novatel/oem7/inspva,39.663,-75.756,-1.801429428,0.000827094,-0.001150186,-0.000561377,-0.000607404,-0.001150186,,0,
1786043866950356239,1786043866.945930421,/novatel/oem7/odom,/novatel/oem7/fix,/novatel/oem7/odom,39.663,-75.756,-1.801429428,0.000995332,-0.001279666,-0.000988635,-0.000115266,-0.001279666,,,
1786043866956633377,1786043866.955672834,/novatel/oem7/odom,/novatel/oem7/fix,/novatel/oem7/odom,39.663,-75.756,-1.801429428,0.000821883,-0.001153915,-0.000632326,-0.000525029,-0.001153915,,,
1786043866967693346,1786043866.966532050,/novatel/oem7/inspva,/novatel/oem7/inspva,/novatel/oem7/inspva,39.663,-75.756,-1.801451184,0.000787764,-0.001260946,-0.000610668,-0.000497651,-0.001260946,,novatel_oem7_msgs.msg.InertialSolutionStatus(status=3),
1786043866969481958,1786043866.966672693,/novatel/oem7/fix,/novatel/oem7/fix,/novatel/oem7/inspva,39.663,-75.756,-1.801451184,0.000787764,-0.001260946,-0.000610668,-0.000497651,-0.001260946,,0,
1786043866970662566,1786043866.967109144,/novatel/oem7/odom,/novatel/oem7/fix,/novatel/oem7/odom,39.663,-75.756,-1.801451184,0.000782137,-0.001264444,-0.000524945,-0.000579802,-0.001264444,,,
1786043866976215206,1786043866.975176836,/novatel/oem7/odom,/novatel/oem7/fix,/novatel/oem7/odom,39.663,-75.756,-1.801451184,0.000782137,-0.001264444,-0.000524945,-0.000579802,-0.001264444,,,
1786043866986248229,1786043866.985207624,/novatel/oem7/inspva,/novatel/oem7/inspva,/novatel/oem7/inspva,39.663,-75.756,-1.801470463,0.000750649,-0.000993579,-0.000527419,-0.000534137,-0.000993579,,novatel_oem7_msgs.msg.InertialSolutionStatus(status=3),
1786043866988541922,1786043866.985357343,/novatel/oem7/fix,/novatel/oem7/fix,/novatel/oem7/inspva,39.663,-75.756,-1.801470463,0.000750649,-0.000993579,-0.000527419,-0.000534137,-0.000993579,,0,
1786043866990333603,1786043866.985905125,/novatel/oem7/odom,/novatel/oem7/fix,/novatel/oem7/odom,39.663,-75.756,-1.801470463,0.000746147,-0.000996964,-0.000557901,-0.000495462,-0.000996964,,,
1786043866995590704,1786043866.994675367,/novatel/oem7/odom,/novatel/oem7/fix,/novatel/oem7/odom,39.663,-75.756,-1.801470463,0.000746147,-0.000996964,-0.000557901,-0.000495462,-0.000996964,,,
1786043867011346500,1786043867.010484250,/novatel/oem7/inspva,/novatel/oem7/inspva,/novatel/oem7/inspva,39.663,-75.756,-1.801494444,0.000860535,-0.001403354,-0.000496457,-0.000702887,-0.001403354,,novatel_oem7_msgs.msg.InertialSolutionStatus(status=3),
1786043867013009227,1786043867.010638769,/novatel/oem7/fix,/novatel/oem7/fix,/novatel/oem7/inspva,39.663,-75.756,-1.801494444,0.000860535,-0.001403354,-0.000496457,-0.000702887,-0.001403354,,0,
1786043867014127195,1786043867.011794350,/novatel/oem7/odom,/novatel/oem7/fix,/novatel/oem7/odom,39.663,-75.756,-1.801494444,0.000854192,-0.001407223,-0.000723287,-0.000454422,-0.001407223,,,
1786043867016232227,1786043867.015570323,/novatel/oem7/odom,/novatel/oem7/fix,/novatel/oem7/odom,39.663,-75.756,-1.801494444,0.000854192,-0.001407223,-0.000723287,-0.000454422,-0.001407223,,,
1786043867025665166,1786043867.024313720,/novatel/oem7/bestpos,/novatel/oem7/bestpos,/novatel/oem7/odom,39.663,-75.756,33.180909848,0.000854192,-0.001407223,-0.000723287,-0.000454422,-0.001407223,,novatel_oem7_msgs.msg.SolutionStatus(status=0),novatel_oem7_msgs.msg.PositionOrVelocityType(type=53)
1786043867027656946,1786043867.025418213,/novatel/oem7/bestvel,/novatel/oem7/bestpos,/novatel/oem7/bestvel,39.663,-75.756,33.180909848,0.000937114,-0.001332074,,,,228.968059866,novatel_oem7_msgs.msg.SolutionStatus(status=0),novatel_oem7_msgs.msg.PositionOrVelocityType(type=53)
1786043867028944909,1786043867.026462068,/novatel/oem7/inspva,/novatel/oem7/inspva,/novatel/oem7/inspva,39.663,-75.756,-1.801513322,0.000847714,-0.001249601,-0.000588948,-0.000609720,-0.001249601,,novatel_oem7_msgs.msg.InertialSolutionStatus(status=3),
1786043867030109861,1786043867.026629290,/novatel/oem7/fix,/novatel/oem7/fix,/novatel/oem7/inspva,39.663,-75.756,-1.801513322,0.000847714,-0.001249601,-0.000588948,-0.000609720,-0.001249601,,0,
1786043867032329101,1786043867.027205269,/novatel/oem7/odom,/novatel/oem7/fix,/novatel/oem7/odom,39.663,-75.756,-1.801513322,0.000842071,-0.001253411,-0.000635751,-0.000552181,-0.001253411,,,
1786043867035728545,1786043867.034873024,/novatel/oem7/odom,/novatel/oem7/fix,/novatel/oem7/odom,39.663,-75.756,-1.801513322,0.000842071,-0.001253411,-0.000635751,-0.000552181,-0.001253411,,,
1786043867045972546,1786043867.045288363,/novatel/oem7/inspva,/novatel/oem7/inspva,/novatel/oem7/inspva,39.663,-75.756,-1.801511802,0.000787473,-0.000926176,-0.000361699,-0.000699491,-0.000926176,,novatel_oem7_msgs.msg.InertialSolutionStatus(status=3),
1786043867047854376,1786043867.045494795,/novatel/oem7/fix,/novatel/oem7/fix,/novatel/oem7/inspva,39.663,-75.756,-1.801511802,0.000787473,-0.000926176,-0.000361699,-0.000699491,-0.000926176,,0,
1786043867048897349,1786043867.046084605,/novatel/oem7/odom,/novatel/oem7/fix,/novatel/oem7/odom,39.663,-75.756,-1.801511802,0.000783379,-0.000929641,-0.000714434,-0.000321353,-0.000929641,,,
1786043867057633291,1786043867.056662452,/novatel/oem7/odom,/novatel/oem7/fix,/novatel/oem7/odom,39.663,-75.756,-1.801511802,0.000783379,-0.000929641,-0.000714434,-0.000321353,-0.000929641,,,
1786043867066064567,1786043867.065310740,/novatel/oem7/inspva,/novatel/oem7/inspva,/novatel/oem7/inspva,39.663,-75.756,-1.801506388,0.000716696,-0.001060101,-0.000505413,-0.000508145,-0.001060101,,novatel_oem7_msgs.msg.InertialSolutionStatus(status=3),
1786043867067746711,1786043867.065555379,/novatel/oem7/fix,/novatel/oem7/fix,/novatel/oem7/inspva,39.663,-75.756,-1.801506388,0.000716696,-0.001060101,-0.000505413,-0.000508145,-0.001060101,,0,
1786043867069061745,1786043867.066210043,/novatel/oem7/odom,/novatel/oem7/fix,/novatel/oem7/odom,39.663,-75.756,-1.801506388,0.000711899,-0.001063329,-0.000530537,-0.000474691,-0.001063329,,,
1786043867075363786,1786043867.074627471,/novatel/oem7/odom,/novatel/oem7/fix,/novatel/oem7/odom,39.663,-75.756,-1.801506388,0.000711899,-0.001063329,-0.000530537,-0.000474691,-0.001063329,,,
1786043867088194969,1786043867.087183746,/novatel/oem7/inspva,/novatel/oem7/inspva,/novatel/oem7/inspva,39.663,-75.756,-1.801502964,0.000715991,-0.000978299,-0.000615960,-0.000365017,-0.000978299,,novatel_oem7_msgs.msg.InertialSolutionStatus(status=3),
1786043867089916700,1786043867.087390938,/novatel/oem7/fix,/novatel/oem7/fix,/novatel/oem7/inspva,39.663,-75.756,-1.801502964,0.000715991,-0.000978299,-0.000615960,-0.000365017,-0.000978299,,0,
1786043867091004615,1786043867.088059291,/novatel/oem7/odom,/novatel/oem7/fix,/novatel/oem7/odom,39.663,-75.756,-1.801502964,0.000711795,-0.000981356,-0.000393802,-0.000592935,-0.000981356,,,
1786043867095511517,1786043867.094830100,/novatel/oem7/odom,/novatel/oem7/fix,/novatel/oem7/odom,39.663,-75.756,-1.801502964,0.000711795,-0.000981356,-0.000393802,-0.000592935,-0.000981356,,,
1786043867106454218,1786043867.105882423,/novatel/oem7/inspva,/novatel/oem7/inspva,/novatel/oem7/inspva,39.663,-75.756,-1.801497278,0.000527978,-0.001102988,-0.000452790,-0.000271555,-0.001102988,,novatel_oem7_msgs.msg.InertialSolutionStatus(status=3),
1786043867107830099,1786043867.106033308,/novatel/oem7/fix,/novatel/oem7/fix,/novatel/oem7/inspva,39.663,-75.756,-1.801497278,0.000527978,-0.001102988,-0.000452790,-0.000271555,-0.001102988,,0,
1786043867108863160,1786043867.106517426,/novatel/oem7/odom,/novatel/oem7/fix,/novatel/oem7/odom,39.663,-75.756,-1.801497278,0.000523232,-0.001105248,-0.000291328,-0.000434626,-0.001105248,,,
1786043867110365635,1786043867.109679841,/novatel/oem7/bestpos,/novatel/oem7/bestpos,/novatel/oem7/odom,39.663,-75.756,33.180893769,0.000523232,-0.001105248,-0.000291328,-0.000434626,-0.001105248,,novatel_oem7_msgs.msg.SolutionStatus(status=0),novatel_oem7_msgs.msg.PositionOrVelocityType(type=53)
1786043867111773553,1786043867.110493790,/novatel/oem7/bestvel,/novatel/oem7/bestpos,/novatel/oem7/bestvel,39.663,-75.756,33.180893769,0.000365128,-0.001334095,,,,273.927762531,novatel_oem7_msgs.msg.SolutionStatus(status=0),novatel_oem7_msgs.msg.PositionOrVelocityType(type=53)
1786043867116070573,1786043867.115396536,/novatel/oem7/odom,/novatel/oem7/bestpos,/novatel/oem7/odom,39.663,-75.756,33.180893769,0.000523232,-0.001105248,-0.000291328,-0.000434626,-0.001105248,,,
1786043867126410712,1786043867.125365435,/novatel/oem7/inspva,/novatel/oem7/inspva,/novatel/oem7/inspva,39.663,-75.756,-1.801495980,0.000835611,-0.001058322,-0.000718460,-0.000426688,-0.001058322,,novatel_oem7_msgs.msg.InertialSolutionStatus(status=3),
1786043867128310785,1786043867.125614510,/novatel/oem7/fix,/novatel/oem7/fix,/novatel/oem7/inspva,39.663,-75.756,-1.801495980,0.000835611,-0.001058322,-0.000718460,-0.000426688,-0.001058322,,0,
1786043867129774650,1786043867.126125526,/novatel/oem7/odom,/novatel/oem7/fix,/novatel/oem7/odom,39.663,-75.756,-1.801495980,0.000831058,-0.001061902,-0.000460548,-0.000691775,-0.001061902,,,
1786043867135778167,1786043867.134902645,/novatel/oem7/odom,/novatel/oem7/fix,/novatel/oem7/odom,39.663,-75.756,-1.801495980,0.000831058,-0.001061902,-0.000460548,-0.000691775,-0.001061902,,,
1786043867146583957,1786043867.145967471,/novatel/oem7/inspva,/novatel/oem7/inspva,/novatel/oem7/inspva,39.663,-75.756,-1.801492044,0.000673611,-0.001412135,-0.000673611,-0.000000239,-0.001412135,,novatel_oem7_msgs.msg.InertialSolutionStatus(status=3),
1786043867148022165,1786043867.146117136,/novatel/oem7/fix,/novatel/oem7/fix,/novatel/oem7/inspva,39.663,-75.756,-1.801492044,0.000673611,-0.001412135,-0.000673611,-0.000000239,-0.001412135,,0,
1786043867149076482,1786043867.146547837,/novatel/oem7/odom,/novatel/oem7/fix,/novatel/oem7/odom,39.663,-75.756,-1.801492044,0.000669476,-0.001414099,-0.000031050,-0.000668756,-0.001414099,,,
1786043867157046700,1786043867.156091637,/novatel/oem7/odom,/novatel/oem7/fix,/novatel/oem7/odom,39.663,-75.756,-1.801492044,0.000669476,-0.001414099,-0.000031050,-0.000668756,-0.001414099,,,
1786043867165906344,1786043867.165116306,/novatel/oem7/inspva,/novatel/oem7/inspva,/novatel/oem7/inspva,39.663,-75.756,-1.801486907,0.000656788,-0.000811974,-0.000510534,-0.000413189,-0.000811974,,novatel_oem7_msgs.msg.InertialSolutionStatus(status=3),
1786043867167677125,1786043867.165334851,/novatel/oem7/fix,/novatel/oem7/fix,/novatel/oem7/inspva,39.663,-75.756,-1.801486907,0.000656788,-0.000811974,-0.000510534,-0.000413189,-0.000811974,,0,
1786043867168984849,1786043867.165787539,/novatel/oem7/odom,/novatel/oem7/fix,/novatel/oem7/odom,39.663,-75.756,-1.801486907,0.000653159,-0.000814896,-0.000436875,-0.000485548,-0.000814896,,,
1786043867176417437,1786043867.175609466,/novatel/oem7/odom,/novatel/oem7/fix,/novatel/oem7/odom,39.663,-75.756,-1.801486907,0.000653159,-0.000814896,-0.000436875,-0.000485548,-0.000814896,,,
1786043867186064106,1786043867.185166140,/novatel/oem7/inspva,/novatel/oem7/inspva,/novatel/oem7/inspva,39.663,-75.756,-1.801484440,0.000340455,-0.001215576,-0.000287505,-0.000182347,-0.001215576,,novatel_oem7_msgs.msg.InertialSolutionStatus(status=3),
1786043867187820920,1786043867.185372072,/novatel/oem7/fix,/novatel/oem7/fix,/novatel/oem7/inspva,39.663,-75.756,-1.801484440,0.000340455,-0.001215576,-0.000287505,-0.000182347,-0.001215576,,0,
1786043867189111810,1786043867.185647527,/novatel/oem7/odom,/novatel/oem7/fix,/novatel/oem7/odom,39.663,-75.756,-1.801484440,0.000335198,-0.001217036,-0.000193015,-0.000274049,-0.001217036,,,
1786043867195308757,1786043867.194450981,/novatel/oem7/odom,/novatel/oem7/fix,/novatel/oem7/odom,39.663,-75.756,-1.801484440,0.000335198,-0.001217036,-0.000193015,-0.000274049,-0.001217036,,,
1786043867206761129,1786043867.205973241,/novatel/oem7/inspva,/novatel/oem7/inspva,/novatel/oem7/inspva,39.663,-75.756,-1.801485483,0.000534132,-0.001193856,-0.000225670,-0.000484118,-0.001193856,,novatel_oem7_msgs.msg.InertialSolutionStatus(status=3),
1786043867209927619,1786043867.206173850,/novatel/oem7/fix,/novatel/oem7/fix,/novatel/oem7/inspva,39.663,-75.756,-1.801485483,0.000534132,-0.001193856,-0.000225670,-0.000484118,-0.001193856,,0,
1786043867211070787,1786043867.206764809,/novatel/oem7/odom,/novatel/oem7/fix,/novatel/oem7/odom,39.663,-75.756,-1.801485483,0.000528898,-0.001196185,-0.000491133,-0.000196268,-0.001196185,,,
1786043867212671450,1786043867.210255609,/novatel/oem7/bestpos,/novatel/oem7/bestpos,/novatel/oem7/odom,39.663,-75.756,33.180909641,0.000528898,-0.001196185,-0.000491133,-0.000196268,-0.001196185,,novatel_oem7_msgs.msg.SolutionStatus(status=0),novatel_oem7_msgs.msg.PositionOrVelocityType(type=53)
1786043867213596286,1786043867.210703590,/novatel/oem7/bestvel,/novatel/oem7/bestpos,/novatel/oem7/bestvel,39.663,-75.756,33.180909641,0.000355846,-0.001299067,,,,228.000943929,novatel_oem7_msgs.msg.SolutionStatus(status=0),novatel_oem7_msgs.msg.PositionOrVelocityType(type=53)
1786043867215513842,1786043867.214822051,/novatel/oem7/odom,/novatel/oem7/bestpos,/novatel/oem7/odom,39.663,-75.756,33.180909641,0.000528898,-0.001196185,-0.000491133,-0.000196268,-0.001196185,,,
1786043867226053853,1786043867.224988602,/novatel/oem7/inspva,/novatel/oem7/inspva,/novatel/oem7/inspva,39.663,-75.756,-1.801481970,0.000346305,-0.001310451,-0.000194082,-0.000286809,-0.001310451,,novatel_oem7_msgs.msg.InertialSolutionStatus(status=3),
1786043867228122597,1786043867.225341309,/novatel/oem7/fix,/novatel/oem7/fix,/novatel/oem7/inspva,39.663,-75.756,-1.801481970,0.000346305,-0.001310451,-0.000194082,-0.000286809,-0.001310451,,0,
1786043867229657763,1786043867.225697245,/novatel/oem7/odom,/novatel/oem7/fix,/novatel/oem7/odom,39.663,-75.756,-1.801481970,0.000340393,-0.001311999,-0.000292012,-0.000174919,-0.001311999,,,
1786043867236409748,1786043867.235506326,/novatel/oem7/odom,/novatel/oem7/fix,/novatel/oem7/odom,39.663,-75.756,-1.801481970,0.000340393,-0.001311999,-0.000292012,-0.000174919,-0.001311999,,,
1786043867246009306,1786043867.245376463,/novatel/oem7/inspva,/novatel/oem7/inspva,/novatel/oem7/inspva,39.663,-75.756,-1.801481065,0.000523679,-0.001029714,-0.000348493,-0.000390887,-0.001029714,,novatel_oem7_msgs.msg.InertialSolutionStatus(status=3),
1786043867247319162,1786043867.245683026,/novatel/oem7/fix,/novatel/oem7/fix,/novatel/oem7/inspva,39.663,-75.756,-1.801481065,0.000523679,-0.001029714,-0.000348493,-0.000390887,-0.001029714,,0,
1786043867248359010,1786043867.246129990,/novatel/oem7/odom,/novatel/oem7/fix,/novatel/oem7/odom,39.663,-75.756,-1.801481065,0.000518986,-0.001032087,-0.000405173,-0.000324317,-0.001032087,,,
1786043867257539073,1786043867.256380391,/novatel/oem7/odom,/novatel/oem7/fix,/novatel/oem7/odom,39.663,-75.756,-1.801481065,0.000518986,-0.001032087,-0.000405173,-0.000324317,-0.001032087,,,
1786043867266813471,1786043867.266039700,/novatel/oem7/inspva,/novatel/oem7/inspva,/novatel/oem7/inspva,39.663,-75.756,-1.801476995,0.000332332,-0.001043930,-0.000303367,-0.000135694,-0.001043930,,novatel_oem7_msgs.msg.InertialSolutionStatus(status=3),
1786043867268556225,1786043867.266289405,/novatel/oem7/fix,/novatel/oem7/fix,/novatel/oem7/inspva,39.663,-75.756,-1.801476995,0.000332332,-0.001043930,-0.000303367,-0.000135694,-0.001043930,,0,
1786043867278195834,1786043867.266684146,/novatel/oem7/odom,/novatel/oem7/fix,/novatel/oem7/odom,39.663,-75.756,-1.801476995,0.000328054,-0.001045283,-0.000147884,-0.000292830,-0.001045283,,,
1786043867279778413,1786043867.274655698,/novatel/oem7/odom,/novatel/oem7/fix,/novatel/oem7/odom,39.663,-75.756,-1.801476995,0.000328054,-0.001045283,-0.000147884,-0.000292830,-0.001045283,,,
1786043867286037230,1786043867.285313609,/novatel/oem7/inspva,/novatel/oem7/inspva,/novatel/oem7/inspva,39.663,-75.756,-1.801478233,0.000306432,-0.001270053,0.000045852,-0.000302982,-0.001270053,,novatel_oem7_msgs.msg.InertialSolutionStatus(status=3),
1786043867287533749,1786043867.285579486,/novatel/oem7/fix,/novatel/oem7/fix,/novatel/oem7/inspva,39.663,-75.756,-1.801478233,0.000306432,-0.001270053,0.000045852,-0.000302982,-0.001270053,,0,
1786043867289005357,1786043867.286098857,/novatel/oem7/odom,/novatel/oem7/fix,/novatel/oem7/odom,39.663,-75.756,-1.801478233,0.000302635,-0.001270963,-0.000295478,0.000065426,-0.001270963,,,
1786043867296481490,1786043867.295630158,/novatel/oem7/odom,/novatel/oem7/fix,/novatel/oem7/odom,39.663,-75.756,-1.801478233,0.000302635,-0.001270963,-0.000295478,0.000065426,-0.001270963,,,
1786043867306709137,1786043867.305984316,/novatel/oem7/inspva,/novatel/oem7/inspva,/novatel/oem7/inspva,39.663,-75.756,-1.801471109,0.000241451,-0.001112317,0.000022267,-0.000240422,-0.001112317,,novatel_oem7_msgs.msg.InertialSolutionStatus(status=3),
1786043867308338713,1786043867.306291839,/novatel/oem7/fix,/novatel/oem7/fix,/novatel/oem7/inspva,39.663,-75.756,-1.801471109,0.000241451,-0.001112317,0.000022267,-0.000240422,-0.001112317,,0,
1786043867309646557,1786043867.306731827,/novatel/oem7/odom,/novatel/oem7/fix,/novatel/oem7/odom,39.663,-75.756,-1.801471109,0.000237914,-0.001113079,-0.000234841,0.000038116,-0.001113079,,,
1786043867311152542,1786043867.309931183,/novatel/oem7/bestpos,/novatel/oem7/bestpos,/novatel/oem7/odom,39.663,-75.756,33.180910315,0.000237914,-0.001113079,-0.000234841,0.000038116,-0.001113079,,novatel_oem7_msgs.msg.SolutionStatus(status=0),novatel_oem7_msgs.msg.PositionOrVelocityType(type=53)
1786043867312102556,1786043867.310465862,/novatel/oem7/bestvel,/novatel/oem7/bestpos,/novatel/oem7/bestvel,39.663,-75.756,33.180910315,0.000060196,-0.001222463,,,,311.334216157,novatel_oem7_msgs.msg.SolutionStatus(status=0),novatel_oem7_msgs.msg.PositionOrVelocityType(type=53)
1786043867315361922,1786043867.314619347,/novatel/oem7/odom,/novatel/oem7/bestpos,/novatel/oem7/odom,39.663,-75.756,33.180910315,0.000237914,-0.001113079,-0.000234841,0.000038116,-0.001113079,,,
1786043867328094771,1786043867.326798901,/novatel/oem7/inspva,/novatel/oem7/inspva,/novatel/oem7/inspva,39.663,-75.756,-1.801472164,0.000252031,-0.001075889,0.000217027,-0.000128136,-0.001075889,,novatel_oem7_msgs.msg.InertialSolutionStatus(status=3),
1786043867330152675,1786043867.327268763,/novatel/oem7/fix,/novatel/oem7/fix,/novatel/oem7/inspva,39.663,-75.756,-1.801472164,0.000252031,-0.001075889,0.000217027,-0.000128136,-0.001075889,,0,
1786043867331578600,1786043867.327833039,/novatel/oem7/odom,/novatel/oem7/fix,/novatel/oem7/odom,39.663,-75.756,-1.801472164,0.000252888,-0.001075688,-0.000112458,0.000226507,-0.001075688,,,
1786043867335904511,1786043867.335005225,/novatel/oem7/odom,/novatel/oem7/fix,/novatel/oem7/odom,39.663,-75.756,-1.801472164,0.000252888,-0.001075688,-0.000112458,0.000226507,-0.001075688,,,
1786043867345847292,1786043867.344991637,/novatel/oem7/inspva,/novatel/oem7/inspva,/novatel/oem7/inspva,39.663,-75.756,-1.801465512,0.000253248,-0.001147326,0.000113505,-0.000226388,-0.001147326,,novatel_oem7_msgs.msg.InertialSolutionStatus(status=3),
1786043867347190689,1786043867.345257659,/novatel/oem7/fix,/novatel/oem7/fix,/novatel/oem7/inspva,39.663,-75.756,-1.801465512,0.000253248,-0.001147326,0.000113505,-0.000226388,-0.001147326,,0,
1786043867348234316,1786043867.345834172,/novatel/oem7/odom,/novatel/oem7/fix,/novatel/oem7/odom,39.663,-75.756,-1.801465512,0.000251231,-0.001147770,-0.000215843,0.000128564,-0.001147770,,,
1786043867357340642,1786043867.356376776,/novatel/oem7/odom,/novatel/oem7/fix,/novatel/oem7/odom,39.663,-75.756,-1.801465512,0.000251231,-0.001147770,-0.000215843,0.000128564,-0.001147770,,,
1786043867366333898,1786043867.365518704,/novatel/oem7/inspva,/novatel/oem7/inspva,/novatel/oem7/inspva,39.663,-75.756,-1.801463430,0.000297613,-0.000889784,0.000102274,-0.000279488,-0.000889784,,novatel_oem7_msgs.msg.InertialSolutionStatus(status=3),
1786043867368099476,1786043867.365675155,/novatel/oem7/fix,/novatel/oem7/fix,/novatel/oem7/inspva,39.663,-75.756,-1.801463430,0.000297613,-0.000889784,0.000102274,-0.000279488,-0.000889784,,0,
1786043867369400275,1786043867.366398775,/novatel/oem7/odom,/novatel/oem7/fix,/novatel/oem7/odom,39.663,-75.756,-1.801463430,0.000295622,-0.000890447,-0.000270404,0.000119474,-0.000890447,,,
1786043867375823057,1786043867.374950087,/novatel/oem7/odom,/novatel/oem7/fix,/novatel/oem7/odom,39.663,-75.756,-1.801463430,0.000295622,-0.000890447,-0.000270404,0.000119474,-0.000890447,,,
1786043867386810566,1786043867.385911178,/novatel/oem7/inspva,/novatel/oem7/inspva,/novatel/oem7/inspva,39.663,-75.756,-1.801458626,0.000482696,-0.000854137,-0.000178171,-0.000448610,-0.000854137,,novatel_oem7_msgs.msg.InertialSolutionStatus(status=3),
1786043867388654515,1786043867.386059895,/novatel/oem7/fix,/novatel/oem7/fix,/novatel/oem7/inspva,39.663,-75.756,-1.801458626,0.000482696,-0.000854137,-0.000178171,-0.000448610,-0.000854137,,0,
1786043867389878330,1786043867.386456492,/novatel/oem7/odom,/novatel/oem7/fix,/novatel/oem7/odom,39.663,-75.756,-1.801458626,0.000479006,-0.000856212,-0.000454366,-0.000151651,-0.000856212,,,
1786043867395404230,1786043867.394554422,/novatel/oem7/odom,/novatel/oem7/fix,/novatel/oem7/odom,39.663,-75.756,-1.801458626,0.000479006,-0.000856212,-0.000454366,-0.000151651,-0.000856212,,,
1786043867407135336,1786043867.406432063,/novatel/oem7/inspva,/novatel/oem7/inspva,/novatel/oem7/inspva,39.663,-75.756,-1.801462878,0.000639157,-0.001325809,0.000603602,-0.000210205,-0.001325809,,novatel_oem7_msgs.msg.InertialSolutionStatus(status=3),
1786043867408860350,1786043867.406555246,/novatel/oem7/fix,/novatel/oem7/fix,/novatel/oem7/inspva,39.663,-75.756,-1.801462878,0.000639157,-0.001325809,0.000603602,-0.000210205,-0.001325809,,0,
1786043867410111439,1786043867.407090149,/novatel/oem7/odom,/novatel/oem7/fix,/novatel/oem7/odom,39.663,-75.756,-1.801462878,0.000641340,-0.001324754,-0.000172922,0.000617588,-0.001324754,,,
1786043867411681582,1786043867.410026771,/novatel/oem7/bestpos,/novatel/oem7/bestpos,/novatel/oem7/odom,39.663,-75.756,33.180932506,0.000641340,-0.001324754,-0.000172922,0.000617588,-0.001324754,,novatel_oem7_msgs.msg.SolutionStatus(status=0),novatel_oem7_msgs.msg.PositionOrVelocityType(type=53)
1786043867412623672,1786043867.410318993,/novatel/oem7/bestvel,/novatel/oem7/bestpos,/novatel/oem7/bestvel,39.663,-75.756,33.180932506,0.000627456,-0.001178072,,,,322.726475505,novatel_oem7_msgs.msg.SolutionStatus(status=0),novatel_oem7_msgs.msg.PositionOrVelocityType(type=53)
1786043867416176115,1786043867.415394687,/novatel/oem7/odom,/novatel/oem7/bestpos,/novatel/oem7/odom,39.663,-75.756,33.180932506,0.000641340,-0.001324754,-0.000172922,0.000617588,-0.001324754,,,
1786043867426308681,1786043867.425120316,/novatel/oem7/inspva,/novatel/oem7/inspva,/novatel/oem7/inspva,39.663,-75.756,-1.801457893,0.000622591,-0.001249547,0.000189167,-0.000593158,-0.001249547,,novatel_oem7_msgs.msg.InertialSolutionStatus(status=3),
1786043867428704746,1786043867.425432885,/novatel/oem7/fix,/novatel/oem7/fix,/novatel/oem7/inspva,39.663,-75.756,-1.801457893,0.000622591,-0.001249547,0.000189167,-0.000593158,-0.001249547,,0,
1786043867430463347,1786043867.425829757,/novatel/oem7/odom,/novatel/oem7/fix,/novatel/oem7/odom,39.663,-75.756,-1.801457893,0.000619582,-0.001251041,-0.000577690,0.000223955,-0.001251041,,,
1786043867435276819,1786043867.434331623,/novatel/oem7/odom,/novatel/oem7/fix,/novatel/oem7/odom,39.663,-75.756,-1.801457893,0.000619582,-0.001251041,-0.000577690,0.000223955,-0.001251041,,,
1786043867446809403,1786043867.446169346,/novatel/oem7/inspva,/novatel/oem7/inspva,/novatel/oem7/inspva,39.663,-75.756,-1.801458732,0.000813488,-0.000982738,0.000681297,-0.000444520,-0.000982738,,novatel_oem7_msgs.msg.InertialSolutionStatus(status=3),
1786043867448245168,1786043867.446370975,/novatel/oem7/fix,/novatel/oem7/fix,/novatel/oem7/inspva,39.663,-75.756,-1.801458732,0.000813488,-0.000982738,0.000681297,-0.000444520,-0.000982738,,0,
1786043867449404453,1786043867.446952278,/novatel/oem7/odom,/novatel/oem7/fix,/novatel/oem7/odom,39.663,-75.756,-1.801458732,0.000814039,-0.000982283,-0.000403994,0.000706716,-0.000982283,,,
1786043867457662967,1786043867.456710904,/novatel/oem7/odom,/novatel/oem7/fix,/novatel/oem7/odom,39.663,-75.756,-1.801458732,0.000814039,-0.000982283,-0.000403994,0.000706716,-0.000982283,,,
1786043867465764903,1786043867.464865307,/novatel/oem7/inspva,/novatel/oem7/inspva,/novatel/oem7/inspva,39.663,-75.756,-1.801457883,0.000480571,-0.000826063,0.000320433,-0.000358150,-0.000826063,,novatel_oem7_msgs.msg.InertialSolutionStatus(status=3),
1786043867467816321,1786043867.465057933,/novatel/oem7/fix,/novatel/oem7/fix,/novatel/oem7/inspva,39.663,-75.756,-1.801457883,0.000480571,-0.000826063,0.000320433,-0.000358150,-0.000826063,,0,
1786043867469394497,1786043867.465556594,/novatel/oem7/odom,/novatel/oem7/fix,/novatel/oem7/odom,39.663,-75.756,-1.801457883,0.000480053,-0.000826364,-0.000337554,0.000341333,-0.000826364,,,
1786043867476683754,1786043867.475643880,/novatel/oem7/odom,/novatel/oem7/fix,/novatel/oem7/odom,39.663,-75.756,-1.801457883,0.000480053,-0.000826364,-0.000337554,0.000341333,-0.000826364,,,
1786043867486392813,1786043867.485552387,/novatel/oem7/inspva,/novatel/oem7/inspva,/novatel/oem7/inspva,39.663,-75.756,-1.801465274,0.000711173,-0.001318455,0.000591938,-0.000394178,-0.001318455,,novatel_oem7_msgs.msg.InertialSolutionStatus(status=3),
1786043867488294085,1786043867.485772567,/novatel/oem7/fix,/novatel/oem7/fix,/novatel/oem7/inspva,39.663,-75.756,-1.801465274,0.000711173,-0.001318455,0.000591938,-0.000394178,-0.001318455,,0,
1786043867489697973,1786043867.486479384,/novatel/oem7/odom,/novatel/oem7/fix,/novatel/oem7/odom,39.663,-75.756,-1.801465274,0.000711866,-0.001318081,-0.000357272,0.000615720,-0.001318081,,,
1786043867495884176,1786043867.494800808,/novatel/oem7/odom,/novatel/oem7/fix,/novatel/oem7/odom,39.663,-75.756,-1.801465274,0.000711866,-0.001318081,-0.000357272,0.000615720,-0.001318081,,,
1786043867506997799,1786043867.506269555,/novatel/oem7/inspva,/novatel/oem7/inspva,/novatel/oem7/inspva,39.663,-75.756,-1.801463099,0.000483343,-0.001122941,0.000306072,-0.000374086,-0.001122941,,novatel_oem7_msgs.msg.InertialSolutionStatus(status=3),
1786043867508989733,1786043867.506492927,/novatel/oem7/fix,/novatel/oem7/fix,/novatel/oem7/inspva,39.663,-75.756,-1.801463099,0.000483343,-0.001122941,0.000306072,-0.000374086,-0.001122941,,0,
1786043867510561822,1786043867.506907062,/novatel/oem7/odom,/novatel/oem7/fix,/novatel/oem7/odom,39.663,-75.756,-1.801463099,0.000482434,-0.001123332,-0.000353164,0.000328661,-0.001123332,,,
1786043867513040167,1786043867.512293303,/novatel/oem7/bestpos,/novatel/oem7/bestpos,/novatel/oem7/odom,39.663,-75.756,33.180936247,0.000482434,-0.001123332,-0.000353164,0.000328661,-0.001123332,,novatel_oem7_msgs.msg.SolutionStatus(status=0),novatel_oem7_msgs.msg.PositionOrVelocityType(type=53)
1786043867514663231,1786043867.512719091,/novatel/oem7/bestvel,/novatel/oem7/bestpos,/novatel/oem7/bestvel,39.663,-75.756,33.180936247,0.000588958,-0.001092205,,,,305.785685799,novatel_oem7_msgs.msg.SolutionStatus(status=0),novatel_oem7_msgs.msg.PositionOrVelocityType(type=53)
1786043867516371048,1786043867.515579657,/novatel/oem7/odom,/novatel/oem7/bestpos,/novatel/oem7/odom,39.663,-75.756,33.180936247,0.000482434,-0.001123332,-0.000353164,0.000328661,-0.001123332,,,
1786043867526720516,1786043867.525562765,/novatel/oem7/inspva,/novatel/oem7/inspva,/novatel/oem7/inspva,39.663,-75.756,-1.801469384,0.001036849,-0.001205210,0.000840011,-0.000607813,-0.001205210,,novatel_oem7_msgs.msg.InertialSolutionStatus(status=3),
1786043867529037980,1786043867.525826127,/novatel/oem7/fix,/novatel/oem7/fix,/novatel/oem7/inspva,39.663,-75.756,-1.801469384,0.001036849,-0.001205210,0.000840011,-0.000607813,-0.001205210,,0,
1786043867530699561,1786043867.526449161,/novatel/oem7/odom,/novatel/oem7/fix,/novatel/oem7/odom,39.663,-75.756,-1.801469384,0.001037258,-0.001204858,-0.000557771,0.000874526,-0.001204858,,,
1786043867536503646,1786043867.535552453,/novatel/oem7/odom,/novatel/oem7/fix,/novatel/oem7/odom,39.663,-75.756,-1.801469384,0.001037258,-0.001204858,-0.000557771,0.000874526,-0.001204858,,,
1786043867546733894,1786043867.546175284,/novatel/oem7/inspva,/novatel/oem7/inspva,/novatel/oem7/inspva,39.663,-75.756,-1.801471837,0.000956755,-0.001331446,0.000670752,-0.000682255,-0.001331446,,novatel_oem7_msgs.msg.InertialSolutionStatus(status=3),
1786043867548151062,1786043867.546333983,/novatel/oem7/fix,/novatel/oem7/fix,/novatel/oem7/inspva,39.663,-75.756,-1.801471837,0.000956755,-0.001331446,0.000670752,-0.000682255,-0.001331446,,0,
1786043867549325027,1786043867.546762367,/novatel/oem7/odom,/novatel/oem7/fix,/novatel/oem7/odom,39.663,-75.756,-1.801471837,0.000956202,-0.001331843,-0.000640684,0.000709821,-0.001331843,,,
1786043867556889597,1786043867.555801119,/novatel/oem7/odom,/novatel/oem7/fix,/novatel/oem7/odom,39.663,-75.756,-1.801471837,0.000956202,-0.001331843,-0.000640684,0.000709821,-0.001331843,,,
1786043867567197389,1786043867.566314790,/novatel/oem7/inspva,/novatel/oem7/inspva,/novatel/oem7/inspva,39.663,-75.756,-1.801474076,0.000776227,-0.000826146,0.000519487,-0.000576767,-0.000826146,,novatel_oem7_msgs.msg.InertialSolutionStatus(status=3),
1786043867568948896,1786043867.566660377,/novatel/oem7/fix,/novatel/oem7/fix,/novatel/oem7/inspva,39.663,-75.756,-1.801474076,0.000776227,-0.000826146,0.000519487,-0.000576767,-0.000826146,,0,
1786043867570337910,1786043867.567455805,/novatel/oem7/odom,/novatel/oem7/fix,/novatel/oem7/odom,39.663,-75.756,-1.801474076,0.000775722,-0.000826620,-0.000545245,0.000551772,-0.000826620,,,
1786043867575540150,1786043867.574693885,/novatel/oem7/odom,/novatel/oem7/fix,/novatel/oem7/odom,39.663,-75.756,-1.801474076,0.000775722,-0.000826620,-0.000545245,0.000551772,-0.000826620,,,
1786043867585751091,1786043867.584966779,/novatel/oem7/inspva,/novatel/oem7/inspva,/novatel/oem7/inspva,39.663,-75.756,-1.801474970,0.000798984,-0.000846088,0.000539129,-0.000589674,-0.000846088,,novatel_oem7_msgs.msg.InertialSolutionStatus(status=3),
1786043867587360191,1786043867.585211956,/novatel/oem7/fix,/novatel/oem7/fix,/novatel/oem7/inspva,39.663,-75.756,-1.801474970,0.000798984,-0.000846088,0.000539129,-0.000589674,-0.000846088,,0,
1786043867588792575,1786043867.585785592,/novatel/oem7/odom,/novatel/oem7/fix,/novatel/oem7/odom,39.663,-75.756,-1.801474970,0.000798497,-0.000846547,-0.000557007,0.000572137,-0.000846547,,,
1786043867596315399,1786043867.595516275,/novatel/oem7/odom,/novatel/oem7/fix,/novatel/oem7/odom,39.663,-75.756,-1.801474970,0.000798497,-0.000846547,-0.000557007,0.000572137,-0.000846547,,,
1786043867607440842,1786043867.606640994,/novatel/oem7/inspva,/novatel/oem7/inspva,/novatel/oem7/inspva,39.663,-75.756,-1.801483551,0.000620861,-0.001136217,0.000513402,-0.000349124,-0.001136217,,novatel_oem7_msgs.msg.InertialSolutionStatus(status=3),
1786043867609178620,1786043867.606881686,/novatel/oem7/fix,/novatel/oem7/fix,/novatel/oem7/inspva,39.663,-75.756,-1.801483551,0.000620861,-0.001136217,0.000513402,-0.000349124,-0.001136217,,0,
1786043867610283834,1786043867.607543993,/novatel/oem7/odom,/novatel/oem7/fix,/novatel/oem7/odom,39.663,-75.756,-1.801483551,0.000621404,-0.001135920,-0.000317123,0.000534393,-0.001135920,,,
1786043867611772822,1786043867.610168146,/novatel/oem7/bestpos,/novatel/oem7/bestpos,/novatel/oem7/odom,39.663,-75.756,33.180921040,0.000621404,-0.001135920,-0.000317123,0.000534393,-0.001135920,,novatel_oem7_msgs.msg.SolutionStatus(status=0),novatel_oem7_msgs.msg.PositionOrVelocityType(type=53)
1786043867612735136,1786043867.610536480,/novatel/oem7/bestvel,/novatel/oem7/bestpos,/novatel/oem7/bestvel,39.663,-75.756,33.180921040,0.000391300,-0.000927623,,,,294.435107500,novatel_oem7_msgs.msg.SolutionStatus(status=0),novatel_oem7_msgs.msg.PositionOrVelocityType(type=53)
1786043867615648052,1786043867.614939394,/novatel/oem7/odom,/novatel/oem7/bestpos,/novatel/oem7/odom,39.663,-75.756,33.180921040,0.000621404,-0.001135920,-0.000317123,0.000534393,-0.001135920,,,
1786043867627067712,1786043867.626083745,/novatel/oem7/inspva,/novatel/oem7/inspva,/novatel/oem7/inspva,39.663,-75.756,-1.801484702,0.000675075,-0.001412549,0.000457613,-0.000496303,-0.001412549,,novatel_oem7_msgs.msg.InertialSolutionStatus(status=3),
1786043867629088362,1786043867.626368261,/novatel/oem7/fix,/novatel/oem7/fix,/novatel/oem7/inspva,39.663,-75.756,-1.801484702,0.000675075,-0.001412549,0.000457613,-0.000496303,-0.001412549,,0,
1786043867630614228,1786043867.626767972,/novatel/oem7/odom,/novatel/oem7/fix,/novatel/oem7/odom,39.663,-75.756,-1.801484702,0.000674326,-0.001412907,-0.000466093,0.000487312,-0.001412907,,,
1786043867635507968,1786043867.634618872,/novatel/oem7/odom,/novatel/oem7/fix,/novatel/oem7/odom,39.663,-75.756,-1.801484702,0.000674326,-0.001412907,-0.000466093,0.000487312,-0.001412907,,,
1786043867645751942,1786043867.645236673,/novatel/oem7/inspva,/novatel/oem7/inspva,/novatel/oem7/inspva,39.663,-75.756,-1.801487037,0.000690234,-0.000808184,0.000523780,-0.000449530,-0.000808184,,novatel_oem7_msgs.msg.InertialSolutionStatus(status=3),
1786043867647055998,1786043867.645401245,/novatel/oem7/fix,/novatel/oem7/fix,/novatel/oem7/inspva,39.663,-75.756,-1.801487037,0.000690234,-0.000808184,0.000523780,-0.000449530,-0.000808184,,0,
1786043867648168790,1786043867.645928124,/novatel/oem7/odom,/novatel/oem7/fix,/novatel/oem7/odom,39.663,-75.756,-1.801487037,0.000690222,-0.000808193,-0.000418030,0.000549234,-0.000808193,,,
1786043867657144891,1786043867.656480612,/novatel/oem7/odom,/novatel/oem7/fix,/novatel/oem7/odom,39.663,-75.756,-1.801487037,0.000690222,-0.000808193,-0.000418030,0.000549234,-0.000808193,,,
1786043867665714175,1786043867.665133262,/novatel/oem7/inspva,/novatel/oem7/inspva,/novatel/oem7/inspva,39.663,-75.756,-1.801489849,0.000703593,-0.000956836,0.000490513,-0.000504420,-0.000956836,,novatel_oem7_msgs.msg.InertialSolutionStatus(status=3),
1786043867667051632,1786043867.665313091,/novatel/oem7/fix,/novatel/oem7/fix,/novatel/oem7/inspva,39.663,-75.756,-1.801489849,0.000703593,-0.000956836,0.000490513,-0.000504420,-0.000956836,,0,
1786043867668134090,1786043867.665837466,/novatel/oem7/odom,/novatel/oem7/fix,/novatel/oem7/odom,39.663,-75.756,-1.801489849,0.000703181,-0.000957139,-0.000474078,0.000519339,-0.000957139,,,
1786043867675040766,1786043867.674407822,/novatel/oem7/odom,/novatel/oem7/fix,/novatel/oem7/odom,39.663,-75.756,-1.801489849,0.000703181,-0.000957139,-0.000474078,0.000519339,-0.000957139,,,
1786043867686791250,1786043867.686097096,/novatel/oem7/inspva,/novatel/oem7/inspva,/novatel/oem7/inspva,39.663,-75.756,-1.801494410,0.000402083,-0.000912012,0.000293196,-0.000275150,-0.000912012,,novatel_oem7_msgs.msg.InertialSolutionStatus(status=3),
1786043867688704332,1786043867.686295831,/novatel/oem7/fix,/novatel/oem7/fix,/novatel/oem7/inspva,39.663,-75.756,-1.801494410,0.000402083,-0.000912012,0.000293196,-0.000275150,-0.000912012,,0,
1786043867690157134,1786043867.686890974,/novatel/oem7/odom,/novatel/oem7/fix,/novatel/oem7/odom,39.663,-75.756,-1.801494410,0.000401889,-0.000912097,-0.000255813,0.000309959,-0.000912097,,,
1786043867695615893,1786043867.694669820,/novatel/oem7/odom,/novatel/oem7/fix,/novatel/oem7/odom,39.663,-75.756,-1.801494410,0.000401889,-0.000912097,-0.000255813,0.000309959,-0.000912097,,,
1786043867706480160,1786043867.705747036,/novatel/oem7/inspva,/novatel/oem7/inspva,/novatel/oem7/inspva,39.663,-75.756,-1.801495997,0.000626311,-0.000956111,0.000619047,-0.000095113,-0.000956111,,novatel_oem7_msgs.msg.InertialSolutionStatus(status=3),
1786043867707874897,1786043867.705952378,/novatel/oem7/fix,/novatel/oem7/fix,/novatel/oem7/inspva,39.663,-75.756,-1.801495997,0.000626311,-0.000956111,0.000619047,-0.000095113,-0.000956111,,0,
1786043867708914468,1786043867.706721192,/novatel/oem7/odom,/novatel/oem7/fix,/novatel/oem7/odom,39.663,-75.756,-1.801495997,0.000628581,-0.000954620,-0.000058504,0.000625852,-0.000954620,,,
1786043867710542918,1786043867.709394593,/novatel/oem7/bestpos,/novatel/oem7/bestpos,/novatel/oem7/odom,39.663,-75.756,33.180911139,0.000628581,-0.000954620,-0.000058504,0.000625852,-0.000954620,,novatel_oem7_msgs.msg.SolutionStatus(status=0),novatel_oem7_msgs.msg.PositionOrVelocityType(type=53)
1786043867712054693,1786043867.710086530,/novatel/oem7/bestvel,/novatel/oem7/bestpos,/novatel/oem7/bestvel,39.663,-75.756,33.180911139,0.000736456,-0.000707956,,,,317.723353117,novatel_oem7_msgs.msg.SolutionStatus(status=0),novatel_oem7_msgs.msg.PositionOrVelocityType(type=53)
1786043867715076981,1786043867.714307606,/novatel/oem7/odom,/novatel/oem7/bestpos,/novatel/oem7/odom,39.663,-75.756,33.180911139,0.000628581,-0.000954620,-0.000058504,0.000625852,-0.000954620,,,
1786043867726151550,1786043867.725625968,/novatel/oem7/inspva,/novatel/oem7/inspva,/novatel/oem7/inspva,39.663,-75.756,-1.801503956,0.000402339,-0.001165406,0.000157242,-0.000370339,-0.001165406,,novatel_oem7_msgs.msg.InertialSolutionStatus(status=3),
1786043867727502430,1786043867.725762101,/novatel/oem7/fix,/novatel/oem7/fix,/novatel/oem7/inspva,39.663,-75.756,-1.801503956,0.000402339,-0.001165406,0.000157242,-0.000370339,-0.001165406,,0,
1786043867728498814,1786043867.726272082,/novatel/oem7/odom,/novatel/oem7/fix,/novatel/oem7/odom,39.663,-75.756,-1.801503956,0.000399988,-0.001166215,-0.000357217,0.000179962,-0.001166215,,,
1786043867735342020,1786043867.734646843,/novatel/oem7/odom,/novatel/oem7/fix,/novatel/oem7/odom,39.663,-75.756,-1.801503956,0.000399988,-0.001166215,-0.000357217,0.000179962,-0.001166215,,,
1786043867746233685,1786043867.745303263,/novatel/oem7/inspva,/novatel/oem7/inspva,/novatel/oem7/inspva,39.663,-75.756,-1.801503951,0.000722056,-0.001236131,0.000699780,-0.000177968,-0.001236131,,novatel_oem7_msgs.msg.InertialSolutionStatus(status=3),
1786043867748232488,1786043867.745500234,/novatel/oem7/fix,/novatel/oem7/fix,/novatel/oem7/inspva,39.663,-75.756,-1.801503951,0.000722056,-0.001236131,0.000699780,-0.000177968,-0.001236131,,0,
1786043867749705833,1786043867.746185680,/novatel/oem7/odom,/novatel/oem7/fix,/novatel/oem7/odom,39.663,-75.756,-1.801503951,0.000724529,-0.001234683,-0.000135955,0.000711659,-0.001234683,,,
1786043867756799855,1786043867.755948767,/novatel/oem7/odom,/novatel/oem7/fix,/novatel/oem7/odom,39.663,-75.756,-1.801503951,0.000724529,-0.001234683,-0.000135955,0.000711659,-0.001234683,,,
1786043867765762644,1786043867.765266806,/novatel/oem7/inspva,/novatel/oem7/inspva,/novatel/oem7/inspva,39.663,-75.756,-1.801509652,0.000846582,-0.001021975,0.000540769,-0.000651361,-0.001021975,,novatel_oem7_msgs.msg.InertialSolutionStatus(status=3),
1786043867767078540,1786043867.765346087,/novatel/oem7/fix,/novatel/oem7/fix,/novatel/oem7/inspva,39.663,-75.756,-1.801509652,0.000846582,-0.001021975,0.000540769,-0.000651361,-0.001021975,,0,
1786043867768169208,1786043867.766093703,/novatel/oem7/odom,/novatel/oem7/fix,/novatel/oem7/odom,39.663,-75.756,-1.801509652,0.000845792,-0.001022629,-0.000617903,0.000577547,-0.001022629,,,
1786043867776960411,1786043867.774904710,/novatel/oem7/odom,/novatel/oem7/fix,/novatel/oem7/odom,39.663,-75.756,-1.801509652,0.000845792,-0.001022629,-0.000617903,0.000577547,-0.001022629,,,
1786043867786941505,1786043867.786191581,/novatel/oem7/inspva,/novatel/oem7/inspva,/novatel/oem7/inspva,39.663,-75.756,-1.801511528,0.000851793,-0.001078879,0.000734913,-0.000430644,-0.001078879,,novatel_oem7_msgs.msg.InertialSolutionStatus(status=3),
1786043867788833972,1786043867.786498331,/novatel/oem7/fix,/novatel/oem7/fix,/novatel/oem7/inspva,39.663,-75.756,-1.801511528,0.000851793,-0.001078879,0.000734913,-0.000430644,-0.001078879,,0,
1786043867790220496,1786043867.786881895,/novatel/oem7/odom,/novatel/oem7/fix,/novatel/oem7/odom,39.663,-75.756,-1.801511528,0.000852658,-0.001078196,-0.000386944,0.000759803,-0.001078196,,,
1786043867795235213,1786043867.794333581,/novatel/oem7/odom,/novatel/oem7/fix,/novatel/oem7/odom,39.663,-75.756,-1.801511528,0.000852658,-0.001078196,-0.000386944,0.000759803,-0.001078196,,,
1786043867807004240,1786043867.805896062,/novatel/oem7/inspva,/novatel/oem7/inspva,/novatel/oem7/inspva,39.663,-75.756,-1.801517550,0.001023181,-0.000940389,0.000747314,-0.000698871,-0.000940389,,novatel_oem7_msgs.msg.InertialSolutionStatus(status=3),
1786043867809460882,1786043867.806122334,/novatel/oem7/fix,/novatel/oem7/fix,/novatel/oem7/inspva,39.663,-75.756,-1.801517550,0.001023181,-0.000940389,0.000747314,-0.000698871,-0.000940389,,0,
1786043867811528799,1786043867.806846045,/novatel/oem7/odom,/novatel/oem7/fix,/novatel/oem7/odom,39.663,-75.756,-1.801517550,0.001023000,-0.000940586,-0.000654616,0.000786134,-0.000940586,,,
1786043867814652391,1786043867.810313173,/novatel/oem7/bestpos,/novatel/oem7/bestpos,/novatel/oem7/odom,39.663,-75.756,33.180882149,0.001023000,-0.000940586,-0.000654616,0.000786134,-0.000940586,,novatel_oem7_msgs.msg.SolutionStatus(status=0),novatel_oem7_msgs.msg.PositionOrVelocityType(type=53)
1786043867816468643,1786043867.810748998,/novatel/oem7/bestvel,/novatel/oem7/bestpos,/novatel/oem7/bestvel,39.663,-75.756,33.180882149,0.001500606,-0.001274515,,,,332.012296614,novatel_oem7_msgs.msg.SolutionStatus(status=0),novatel_oem7_msgs.msg.PositionOrVelocityType(type=53)
1786043867819688532,1786043867.815613394,/novatel/oem7/odom,/novatel/oem7/bestpos,/novatel/oem7/odom,39.663,-75.756,33.180882149,0.001023000,-0.000940586,-0.000654616,0.000786134,-0.000940586,,,
1786043867825955216,1786043867.824906016,/novatel/oem7/inspva,/novatel/oem7/inspva,/novatel/oem7/inspva,39.663,-75.756,-1.801518253,0.000886927,-0.000870254,0.000654112,-0.000598981,-0.000870254,,novatel_oem7_msgs.msg.InertialSolutionStatus(status=3),
1786043867828676137,1786043867.825113598,/novatel/oem7/fix,/novatel/oem7/fix,/novatel/oem7/inspva,39.663,-75.756,-1.801518253,0.000886927,-0.000870254,0.000654112,-0.000598981,-0.000870254,,0,
1786043867830638770,1786043867.825632099,/novatel/oem7/odom,/novatel/oem7/fix,/novatel/oem7/odom,39.663,-75.756,-1.801518253,0.000886797,-0.000870387,-0.000560099,0.000687531,-0.000870387,,,
1786043867835739239,1786043867.834528474,/novatel/oem7/odom,/novatel/oem7/fix,/novatel/oem7/odom,39.663,-75.756,-1.801518253,0.000886797,-0.000870387,-0.000560099,0.000687531,-0.000870387,,,
1786043867846529406,1786043867.845440538,/novatel/oem7/inspva,/novatel/oem7/inspva,/novatel/oem7/inspva,39.663,-75.756,-1.801526206,0.000379465,-0.001259653,0.000184855,-0.000331394,-0.001259653,,novatel_oem7_msgs.msg.InertialSolutionStatus(status=3),
1786043867848696588,1786043867.845833505,/novatel/oem7/fix,/novatel/oem7/fix,/novatel/oem7/inspva,39.663,-75.756,-1.801526206,0.000379465,-0.001259653,0.000184855,-0.000331394,-0.001259653,,0,
1786043867850209563,1786043867.846352077,/novatel/oem7/odom,/novatel/oem7/fix,/novatel/oem7/odom,39.663,-75.756,-1.801526206,0.000377517,-0.001260238,-0.000316523,0.000205748,-0.001260238,,,
1786043867857359692,1786043867.856490467,/novatel/oem7/odom,/novatel/oem7/fix,/novatel/oem7/odom,39.663,-75.756,-1.801526206,0.000377517,-0.001260238,-0.000316523,0.000205748,-0.001260238,,,
1786043867865748454,1786043867.865045817,/novatel/oem7/inspva,/novatel/oem7/inspva,/novatel/oem7/inspva,39.663,-75.756,-1.801522707,0.000747177,-0.000679421,0.000437257,-0.000605871,-0.000679421,,novatel_oem7_msgs.msg.InertialSolutionStatus(status=3),
1786043867867079135,1786043867.865268466,/novatel/oem7/fix,/novatel/oem7/fix,/novatel/oem7/inspva,39.663,-75.756,-1.801522707,0.000747177,-0.000679421,0.000437257,-0.000605871,-0.000679421,,0,
1786043867868106375,1786043867.865696107,/novatel/oem7/odom,/novatel/oem7/fix,/novatel/oem7/odom,39.663,-75.756,-1.801522707,0.000746454,-0.000680215,-0.000579234,0.000470831,-0.000680215,,,
1786043867875752753,1786043867.874713419,/novatel/oem7/odom,/novatel/oem7/fix,/novatel/oem7/odom,39.663,-75.756,-1.801522707,0.000746454,-0.000680215,-0.000579234,0.000470831,-0.000680215,,,
1786043867886102565,1786043867.885309120,/novatel/oem7/inspva,/novatel/oem7/inspva,/novatel/oem7/inspva,39.663,-75.756,-1.801536521,0.000563545,-0.001473946,0.000222132,-0.000517919,-0.001473946,,novatel_oem7_msgs.msg.InertialSolutionStatus(status=3),
1786043867887889783,1786043867.885574503,/novatel/oem7/fix,/novatel/oem7/fix,/novatel/oem7/inspva,39.663,-75.756,-1.801536521,0.000563545,-0.001473946,0.000222132,-0.000517919,-0.001473946,,0,
1786043867889277531,1786043867.886148465,/novatel/oem7/odom,/novatel/oem7/fix,/novatel/oem7/odom,39.663,-75.756,-1.801536521,0.000560607,-0.001475066,-0.000500014,0.000253509,-0.001475066,,,
1786043867895774423,1786043867.894948709,/novatel/oem7/odom,/novatel/oem7/fix,/novatel/oem7/odom,39.663,-75.756,-1.801536521,0.000560607,-0.001475066,-0.000500014,0.000253509,-0.001475066,,,
1786043867907066588,1786043867.906130655,/novatel/oem7/inspva,/novatel/oem7/inspva,/novatel/oem7/inspva,39.663,-75.756,-1.801536271,0.000742928,-0.001196051,0.000259493,-0.000696136,-0.001196051,,novatel_oem7_msgs.msg.InertialSolutionStatus(status=3),
1786043867908769132,1786043867.906409131,/novatel/oem7/fix,/novatel/oem7/fix,/novatel/oem7/inspva,39.663,-75.756,-1.801536271,0.000742928,-0.001196051,0.000259493,-0.000696136,-0.001196051,,0,
1786043867909955335,1786043867.906926724,/novatel/oem7/odom,/novatel/oem7/fix,/novatel/oem7/odom,39.663,-75.756,-1.801536271,0.000740319,-0.001197668,-0.000677001,0.000299570,-0.001197668,,,
1786043867911542844,1786043867.909475053,/novatel/oem7/bestpos,/novatel/oem7/bestpos,/novatel/oem7/odom,39.663,-75.756,33.180868208,0.000740319,-0.001197668,-0.000677001,0.000299570,-0.001197668,,novatel_oem7_msgs.msg.SolutionStatus(status=0),novatel_oem7_msgs.msg.PositionOrVelocityType(type=53)
1786043867912496210,1786043867.910138779,/novatel/oem7/bestvel,/novatel/oem7/bestpos,/novatel/oem7/bestvel,39.663,-75.756,33.180868208,0.001223809,-0.001029311,,,,288.231789626,novatel_oem7_msgs.msg.SolutionStatus(status=0),novatel_oem7_msgs.msg.PositionOrVelocityType(type=53)
1786043867914982943,1786043867.914290349,/novatel/oem7/odom,/novatel/oem7/bestpos,/novatel/oem7/odom,39.663,-75.756,33.180868208,0.000740319,-0.001197668,-0.000677001,0.000299570,-0.001197668,,,
1786043867925669024,1786043867.925066718,/novatel/oem7/inspva,/novatel/oem7/inspva,/novatel/oem7/inspva,39.663,-75.756,-1.801543385,0.000866100,-0.000968135,0.000421650,-0.000756531,-0.000968135,,novatel_oem7_msgs.msg.InertialSolutionStatus(status=3),
1786043867927057879,1786043867.925232293,/novatel/oem7/fix,/novatel/oem7/fix,/novatel/oem7/inspva,39.663,-75.756,-1.801543385,0.000866100,-0.000968135,0.000421650,-0.000756531,-0.000968135,,0,
1786043867928183123,1786043867.925555030,/novatel/oem7/odom,/novatel/oem7/fix,/novatel/oem7/odom,39.663,-75.756,-1.801543385,0.000864587,-0.000969487,-0.000729482,0.000464076,-0.000969487,,,
1786043867936483341,1786043867.935571786,/novatel/oem7/odom,/novatel/oem7/fix,/novatel/oem7/odom,39.663,-75.756,-1.801543385,0.000864587,-0.000969487,-0.000729482,0.000464076,-0.000969487,,,
1786043867945789646,1786043867.945119916,/novatel/oem7/inspva,/novatel/oem7/inspva,/novatel/oem7/inspva,39.663,-75.756,-1.801544783,0.001135612,-0.000801517,0.000499180,-0.001020017,-0.000801517,,novatel_oem7_msgs.msg.InertialSolutionStatus(status=3),
1786043867947311605,1786043867.945322115,/novatel/oem7/fix,/novatel/oem7/fix,/novatel/oem7/inspva,39.663,-75.756,-1.801544783,0.001135612,-0.000801517,0.000499180,-0.001020017,-0.000801517,,0,
1786043867948444876,1786043867.945666241,/novatel/oem7/odom,/novatel/oem7/fix,/novatel/oem7/odom,39.663,-75.756,-1.801544783,0.001134179,-0.000803544,-0.000989050,0.000555104,-0.000803544,,,
1786043867956347317,1786043867.955647077,/novatel/oem7/odom,/novatel/oem7/fix,/novatel/oem7/odom,39.663,-75.756,-1.801544783,0.001134179,-0.000803544,-0.000989050,0.000555104,-0.000803544,,,
1786043867966215404,1786043867.965530030,/novatel/oem7/inspva,/novatel/oem7/inspva,/novatel/oem7/inspva,39.663,-75.756,-1.801551335,0.000638805,-0.000951433,0.000108367,-0.000629546,-0.000951433,,novatel_oem7_msgs.msg.InertialSolutionStatus(status=3),
1786043867967752660,1786043867.965704105,/novatel/oem7/fix,/novatel/oem7/fix,/novatel/oem7/inspva,39.663,-75.756,-1.801551335,0.000638805,-0.000951433,0.000108367,-0.000629546,-0.000951433,,0,
1786043867968750486,1786043867.966232864,/novatel/oem7/odom,/novatel/oem7/fix,/novatel/oem7/odom,39.663,-75.756,-1.801551335,0.000636066,-0.000953266,-0.000619451,0.000144430,-0.000953266,,,
1786043867977120327,1786043867.974777994,/novatel/oem7/odom,/novatel/oem7/fix,/novatel/oem7/odom,39.663,-75.756,-1.801551335,0.000636066,-0.000953266,-0.000619451,0.000144430,-0.000953266,,,
1786043867992696360,1786043867.985446493,/novatel/oem7/inspva,/novatel/oem7/inspva,/novatel/oem7/inspva,39.663,-75.756,-1.801548353,0.000954642,-0.000755217,0.000249285,-0.000921520,-0.000755217,,novatel_oem7_msgs.msg.InertialSolutionStatus(status=3),
1786043867995774957,1786043867.985713146,/novatel/oem7/fix,/novatel/oem7/fix,/novatel/oem7/inspva,39.663,-75.756,-1.801548353,0.000954642,-0.000755217,0.000249285,-0.000921520,-0.000755217,,0,
1786043867996367017,1786043867.986110748,/novatel/oem7/odom,/novatel/oem7/fix,/novatel/oem7/odom,39.663,-75.756,-1.801548353,0.000952721,-0.000757639,-0.000904194,0.000300182,-0.000757639,,,
1786043867997075122,1786043867.994788078,/novatel/oem7/odom,/novatel/oem7/fix,/novatel/oem7/odom,39.663,-75.756,-1.801548353,0.000952721,-0.000757639,-0.000904194,0.000300182,-0.000757639,,,
1786043868016021430,1786043868.009998330,/novatel/oem7/inspva,/novatel/oem7/inspva,/novatel/oem7/inspva,39.663,-75.756,-1.801555961,0.001065220,-0.001041810,0.000262296,-0.001032422,-0.001041810,,novatel_oem7_msgs.msg.InertialSolutionStatus(status=3),
1786043868027306648,1786043868.024539768,/novatel/oem7/bestpos,/novatel/oem7/bestpos,/novatel/oem7/inspva,39.663,-75.756,33.180841861,0.001065220,-0.001041810,0.000262296,-0.001032422,-0.001041810,,novatel_oem7_msgs.msg.SolutionStatus(status=0),novatel_oem7_msgs.msg.PositionOrVelocityType(type=53)
1786043868027746824,1786043868.025205408,/novatel/oem7/bestvel,/novatel/oem7/bestpos,/novatel/oem7/bestvel,39.663,-75.756,33.180841861,0.000496046,-0.001329212,,,,298.036694158,novatel_oem7_msgs.msg.SolutionStatus(status=0),novatel_oem7_msgs.msg.PositionOrVelocityType(type=53)
1786043868028150776,1786043868.010300086,/novatel/oem7/fix,/novatel/oem7/fix,/novatel/oem7/bestvel,39.663,-75.756,-1.801555961,0.000496046,-0.001329212,,,,298.036694158,0,
1786043868028727453,1786043868.011350790,/novatel/oem7/odom,/novatel/oem7/fix,/novatel/oem7/odom,39.663,-75.756,-1.801555961,0.001062499,-0.001044585,-0.001013204,0.000319875,-0.001044585,,,
1786043868029379958,1786043868.026999009,/novatel/oem7/inspva,/novatel/oem7/inspva,/novatel/oem7/inspva,39.663,-75.756,-1.801554197,0.000953068,-0.000874329,0.000093363,-0.000948484,-0.000874329,,novatel_oem7_msgs.msg.InertialSolutionStatus(status=3),
1786043868029784646,1786043868.027177898,/novatel/oem7/fix,/novatel/oem7/fix,/novatel/oem7/inspva,39.663,-75.756,-1.801554197,0.000953068,-0.000874329,0.000093363,-0.000948484,-0.000874329,,0,
1786043868030249951,1786043868.016593603,/novatel/oem7/odom,/novatel/oem7/fix,/novatel/oem7/odom,39.663,-75.756,-1.801554197,0.001062499,-0.001044585,-0.001013204,0.000319875,-0.001044585,,,
1786043868030933367,1786043868.027432970,/novatel/oem7/odom,/novatel/oem7/fix,/novatel/oem7/odom,39.663,-75.756,-1.801554197,0.000950320,-0.000877315,-0.000938999,0.000146252,-0.000877315,,,
1786043868035217021,1786043868.034473062,/novatel/oem7/odom,/novatel/oem7/fix,/novatel/oem7/odom,39.663,-75.756,-1.801554197,0.000950320,-0.000877315,-0.000938999,0.000146252,-0.000877315,,,
1786043868051013263,1786043868.045139781,/novatel/oem7/inspva,/novatel/oem7/inspva,/novatel/oem7/inspva,39.663,-75.756,-1.801544264,0.001204007,-0.000914423,0.000255153,-0.001176660,-0.000914423,,novatel_oem7_msgs.msg.InertialSolutionStatus(status=3),
1786043868063856894,1786043868.045496114,/novatel/oem7/fix,/novatel/oem7/fix,/novatel/oem7/inspva,39.663,-75.756,-1.801544264,0.001204007,-0.000914423,0.000255153,-0.001176660,-0.000914423,,0,
1786043868064389905,1786043868.046025437,/novatel/oem7/odom,/novatel/oem7/fix,/novatel/oem7/odom,39.663,-75.756,-1.801544264,0.001201496,-0.000917720,-0.001158079,0.000320072,-0.000917720,,,
1786043868065663063,1786043868.056436246,/novatel/oem7/odom,/novatel/oem7/fix,/novatel/oem7/odom,39.663,-75.756,-1.801544264,0.001201496,-0.000917720,-0.001158079,0.000320072,-0.000917720,,,
1786043868066658522,1786043868.065314146,/novatel/oem7/inspva,/novatel/oem7/inspva,/novatel/oem7/inspva,39.663,-75.756,-1.801528939,0.000922237,-0.000754362,0.000252799,-0.000886912,-0.000754362,,novatel_oem7_msgs.msg.InertialSolutionStatus(status=3),
1786043868067023417,1786043868.065535888,/novatel/oem7/fix,/novatel/oem7/fix,/novatel/oem7/inspva,39.663,-75.756,-1.801528939,0.000922237,-0.000754362,0.000252799,-0.000886912,-0.000754362,,0,
1786043868068124675,1786043868.065854085,/novatel/oem7/odom,/novatel/oem7/fix,/novatel/oem7/odom,39.663,-75.756,-1.801528939,0.000920349,-0.000756665,-0.000869445,0.000301839,-0.000756665,,,
1786043868076589116,1786043868.074642158,/novatel/oem7/odom,/novatel/oem7/fix,/novatel/oem7/odom,39.663,-75.756,-1.801528939,0.000920349,-0.000756665,-0.000869445,0.000301839,-0.000756665,,,
1786043868091002507,1786043868.085861108,/novatel/oem7/inspva,/novatel/oem7/inspva,/novatel/oem7/inspva,39.663,-75.756,-1.801521996,0.000966571,-0.000818680,0.000147886,-0.000955191,-0.000818680,,novatel_oem7_msgs.msg.InertialSolutionStatus(status=3),
1786043868095567251,1786043868.086062434,/novatel/oem7/fix,/novatel/oem7/fix,/novatel/oem7/inspva,39.663,-75.756,-1.801521996,0.000966571,-0.000818680,0.000147886,-0.000955191,-0.000818680,,0,
1786043868096202085,1786043868.086666427,/novatel/oem7/odom,/novatel/oem7/fix,/novatel/oem7/odom,39.663,-75.756,-1.801521996,0.000964142,-0.000821539,-0.000942978,0.000200901,-0.000821539,,,
1786043868096836494,1786043868.094724325,/novatel/oem7/odom,/novatel/oem7/fix,/novatel/oem7/odom,39.663,-75.756,-1.801521996,0.000964142,-0.000821539,-0.000942978,0.000200901,-0.000821539,,,
1786043868106608543,1786043868.105899599,/novatel/oem7/inspva,/novatel/oem7/inspva,/novatel/oem7/inspva,39.663,-75.756,-1.801509092,0.000732173,-0.000902659,0.000228533,-0.000695593,-0.000902659,,novatel_oem7_msgs.msg.InertialSolutionStatus(status=3),
1786043868107714532,1786043868.106194259,/novatel/oem7/fix,/novatel/oem7/fix,/novatel/oem7/inspva,39.663,-75.756,-1.801509092,0.000732173,-0.000902659,0.000228533,-0.000695593,-0.000902659,,0,
1786043868108450272,1786043868.107504541,/novatel/oem7/odom,/novatel/oem7/fix,/novatel/oem7/odom,39.663,-75.756,-1.801509092,0.000730045,-0.000904380,-0.000679147,0.000267815,-0.000904380,,,
1786043868110040498,1786043868.109457912,/novatel/oem7/bestpos,/novatel/oem7/bestpos,/novatel/oem7/odom,39.663,-75.756,33.180857694,0.000730045,-0.000904380,-0.000679147,0.000267815,-0.000904380,,novatel_oem7_msgs.msg.SolutionStatus(status=0),novatel_oem7_msgs.msg.PositionOrVelocityType(type=53)
1786043868110923203,1786043868.110163700,/novatel/oem7/bestvel,/novatel/oem7/bestpos,/novatel/oem7/bestvel,39.663,-75.756,33.180857694,0.000425896,-0.000959099,,,,281.046615107,novatel_oem7_msgs.msg.SolutionStatus(status=0),novatel_oem7_msgs.msg.PositionOrVelocityType(type=53)
1786043868115723464,1786043868.115359374,/novatel/oem7/odom,/novatel/oem7/bestpos,/novatel/oem7/odom,39.663,-75.756,33.180857694,0.000730045,-0.000904380,-0.000679147,0.000267815,-0.000904380,,,
1786043868125619819,1786043868.125243323,/novatel/oem7/inspva,/novatel/oem7/inspva,/novatel/oem7/inspva,39.663,-75.756,-1.801499568,0.000962466,-0.000683559,0.000136191,-0.000952782,-0.000683559,,novatel_oem7_msgs.msg.InertialSolutionStatus(status=3),
1786043868126463982,1786043868.125440275,/novatel/oem7/fix,/novatel/oem7/fix,/novatel/oem7/inspva,39.663,-75.756,-1.801499568,0.000962466,-0.000683559,0.000136191,-0.000952782,-0.000683559,,0,
1786043868127109330,1786043868.125933174,/novatel/oem7/odom,/novatel/oem7/fix,/novatel/oem7/odom,39.663,-75.756,-1.801499568,0.000960408,-0.000686448,-0.000941686,0.000188709,-0.000686448,,,
1786043868135313302,1786043868.134755122,/novatel/oem7/odom,/novatel/oem7/fix,/novatel/oem7/odom,39.663,-75.756,-1.801499568,0.000960408,-0.000686448,-0.000941686,0.000188709,-0.000686448,,,
1786043868146286555,1786043868.145940556,/novatel/oem7/inspva,/novatel/oem7/inspva,/novatel/oem7/inspva,39.663,-75.756,-1.801485373,0.000573435,-0.000613368,0.000178116,-0.000545071,-0.000613368,,novatel_oem7_msgs.msg.InertialSolutionStatus(status=3),
1786043868146920896,1786043868.146091428,/novatel/oem7/fix,/novatel/oem7/fix,/novatel/oem7/inspva,39.663,-75.756,-1.801485373,0.000573435,-0.000613368,0.000178116,-0.000545071,-0.000613368,,0,
1786043868147404179,1786043868.146502275,/novatel/oem7/odom,/novatel/oem7/fix,/novatel/oem7/odom,39.663,-75.756,-1.801485373,0.000571991,-0.000614715,-0.000532583,0.000208635,-0.000614715,,,
1786043868156338080,1786043868.155941883,/novatel/oem7/odom,/novatel/oem7/fix,/novatel/oem7/odom,39.663,-75.756,-1.801485373,0.000571991,-0.000614715,-0.000532583,0.000208635,-0.000614715,,,
1786043868165617019,1786043868.165003664,/novatel/oem7/inspva,/novatel/oem7/inspva,/novatel/oem7/inspva,39.663,-75.756,-1.801476118,0.000904884,-0.000627510,0.000124827,-0.000896233,-0.000627510,,novatel_oem7_msgs.msg.InertialSolutionStatus(status=3),
1786043868166616462,1786043868.165280267,/novatel/oem7/fix,/novatel/oem7/fix,/novatel/oem7/inspva,39.663,-75.756,-1.801476118,0.000904884,-0.000627510,0.000124827,-0.000896233,-0.000627510,,0,
1786043868167355265,1786043868.165788955,/novatel/oem7/odom,/novatel/oem7/fix,/novatel/oem7/odom,39.663,-75.756,-1.801476118,0.000902987,-0.000630237,-0.000886027,0.000174193,-0.000630237,,,
1786043868176037209,1786043868.175601119,/novatel/oem7/odom,/novatel/oem7/fix,/novatel/oem7/odom,39.663,-75.756,-1.801476118,0.000902987,-0.000630237,-0.000886027,0.000174193,-0.000630237,,,
1786043868185566800,1786043868.185154716,/novatel/oem7/inspva,/novatel/oem7/inspva,/novatel/oem7/inspva,39.663,-75.756,-1.801461922,0.000687722,-0.000761283,0.000368462,-0.000580687,-0.000761283,,novatel_oem7_msgs.msg.InertialSolutionStatus(status=3),
1786043868186300750,1786043868.185355195,/novatel/oem7/fix,/novatel/oem7/fix,/novatel/oem7/inspva,39.663,-75.756,-1.801461922,0.000687722,-0.000761283,0.000368462,-0.000580687,-0.000761283,,0,
1786043868186820022,1786043868.185706301,/novatel/oem7/odom,/novatel/oem7/fix,/novatel/oem7/odom,39.663,-75.756,-1.801461922,0.000686707,-0.000762198,-0.000557455,0.000401012,-0.000762198,,,
1786043868194937011,1786043868.194503271,/novatel/oem7/odom,/novatel/oem7/fix,/novatel/oem7/odom,39.663,-75.756,-1.801461922,0.000686707,-0.000762198,-0.000557455,0.000401012,-0.000762198,,,
1786043868207313322,1786043868.206549861,/novatel/oem7/inspva,/novatel/oem7/inspva,/novatel/oem7/inspva,39.663,-75.756,-1.801452028,0.000559118,-0.000406530,0.000283318,-0.000482020,-0.000406530,,novatel_oem7_msgs.msg.InertialSolutionStatus(status=3),
1786043868208493478,1786043868.206890254,/novatel/oem7/fix,/novatel/oem7/fix,/novatel/oem7/inspva,39.663,-75.756,-1.801452028,0.000559118,-0.000406530,0.000283318,-0.000482020,-0.000406530,,0,
1786043868209265896,1786043868.207572477,/novatel/oem7/odom,/novatel/oem7/fix,/novatel/oem7/odom,39.663,-75.756,-1.801452028,0.000558519,-0.000407352,-0.000464753,0.000309756,-0.000407352,,,
1786043868210846726,1786043868.210375686,/novatel/oem7/bestpos,/novatel/oem7/bestpos,/novatel/oem7/odom,39.663,-75.756,33.180918789,0.000558519,-0.000407352,-0.000464753,0.000309756,-0.000407352,,novatel_oem7_msgs.msg.SolutionStatus(status=0),novatel_oem7_msgs.msg.PositionOrVelocityType(type=53)
1786043868211758778,1786043868.210925355,/novatel/oem7/bestvel,/novatel/oem7/bestpos,/novatel/oem7/bestvel,39.663,-75.756,33.180918789,0.000872200,-0.000699211,,,,329.459227242,novatel_oem7_msgs.msg.SolutionStatus(status=0),novatel_oem7_msgs.msg.PositionOrVelocityType(type=53)
1786043868215624141,1786043868.215141034,/novatel/oem7/odom,/novatel/oem7/bestpos,/novatel/oem7/odom,39.663,-75.756,33.180918789,0.000558519,-0.000407352,-0.000464753,0.000309756,-0.000407352,,,
1786043868225842805,1786043868.225399246,/novatel/oem7/inspva,/novatel/oem7/inspva,/novatel/oem7/inspva,39.663,-75.756,-1.801439337,0.000255204,-0.000700662,0.000236448,-0.000096029,-0.000700662,,novatel_oem7_msgs.msg.InertialSolutionStatus(status=3),
1786043868226842120,1786043868.225681576,/novatel/oem7/fix,/novatel/oem7/fix,/novatel/oem7/inspva,39.663,-75.756,-1.801439337,0.000255204,-0.000700662,0.000236448,-0.000096029,-0.000700662,,0,
1786043868227550006,1786043868.226293932,/novatel/oem7/odom,/novatel/oem7/fix,/novatel/oem7/odom,39.663,-75.756,-1.801439337,0.000256231,-0.000700287,-0.000080752,0.000243174,-0.000700287,,,
1786043868236078025,1786043868.235586173,/novatel/oem7/odom,/novatel/oem7/fix,/novatel/oem7/odom,39.663,-75.756,-1.801439337,0.000256231,-0.000700287,-0.000080752,0.000243174,-0.000700287,,,
1786043868246325941,1786043868.245524124,/novatel/oem7/inspva,/novatel/oem7/inspva,/novatel/oem7/inspva,39.663,-75.756,-1.801428874,0.000679647,-0.000554712,0.000174831,-0.000656776,-0.000554712,,novatel_oem7_msgs.msg.InertialSolutionStatus(status=3),
1786043868247573156,1786043868.245875657,/novatel/oem7/fix,/novatel/oem7/fix,/novatel/oem7/inspva,39.663,-75.756,-1.801428874,0.000679647,-0.000554712,0.000174831,-0.000656776,-0.000554712,,0,
1786043868248392627,1786043868.246459730,/novatel/oem7/odom,/novatel/oem7/fix,/novatel/oem7/odom,39.663,-75.756,-1.801428874,0.000678218,-0.000556459,-0.000644509,0.000211158,-0.000556459,,,
1786043868256923577,1786043868.256454385,/novatel/oem7/odom,/novatel/oem7/fix,/novatel/oem7/odom,39.663,-75.756,-1.801428874,0.000678218,-0.000556459,-0.000644509,0.000211158,-0.000556459,,,
1786043868266255259,1786043868.266010529,/novatel/oem7/inspva,/novatel/oem7/inspva,/novatel/oem7/inspva,39.663,-75.756,-1.801416839,0.000310062,-0.000817586,0.000195952,-0.000240294,-0.000817586,,novatel_oem7_msgs.msg.InertialSolutionStatus(status=3),
1786043868266845347,1786043868.266199081,/novatel/oem7/fix,/novatel/oem7/fix,/novatel/oem7/inspva,39.663,-75.756,-1.801416839,0.000310062,-0.000817586,0.000195952,-0.000240294,-0.000817586,,0,
1786043868267305706,1786043868.266586648,/novatel/oem7/odom,/novatel/oem7/fix,/novatel/oem7/odom,39.663,-75.756,-1.801416839,0.000309418,-0.000817829,-0.000226553,0.000210744,-0.000817829,,,
1786043868275413383,1786043868.274838569,/novatel/oem7/odom,/novatel/oem7/fix,/novatel/oem7/odom,39.663,-75.756,-1.801416839,0.000309418,-0.000817829,-0.000226553,0.000210744,-0.000817829,,,
1786043868285439236,1786043868.285107567,/novatel/oem7/inspva,/novatel/oem7/inspva,/novatel/oem7/inspva,39.663,-75.756,-1.801408014,0.000675643,-0.000592425,0.000475683,-0.000479811,-0.000592425,,novatel_oem7_msgs.msg.InertialSolutionStatus(status=3),
1786043868286012116,1786043868.285311533,/novatel/oem7/fix,/novatel/oem7/fix,/novatel/oem7/inspva,39.663,-75.756,-1.801408014,0.000675643,-0.000592425,0.000475683,-0.000479811,-0.000592425,,0,
1786043868286473838,1786043868.285744380,/novatel/oem7/odom,/novatel/oem7/fix,/novatel/oem7/odom,39.663,-75.756,-1.801408014,0.000675420,-0.000592678,-0.000451614,0.000502232,-0.000592678,,,
1786043868296035675,1786043868.295366395,/novatel/oem7/odom,/novatel/oem7/fix,/novatel/oem7/odom,39.663,-75.756,-1.801408014,0.000675420,-0.000592678,-0.000451614,0.000502232,-0.000592678,,,
1786043868306655996,1786043868.305928699,/novatel/oem7/inspva,/novatel/oem7/inspva,/novatel/oem7/inspva,39.663,-75.756,-1.801398824,0.000628975,-0.000864276,0.000274067,-0.000566125,-0.000864276,,novatel_oem7_msgs.msg.InertialSolutionStatus(status=3),
1786043868308170785,1786043868.306144478,/novatel/oem7/fix,/novatel/oem7/fix,/novatel/oem7/inspva,39.663,-75.756,-1.801398824,0.000628975,-0.000864276,0.000274067,-0.000566125,-0.000864276,,0,
1786043868309225139,1786043868.306702894,/novatel/oem7/odom,/novatel/oem7/fix,/novatel/oem7/odom,39.663,-75.756,-1.801398824,0.000627388,-0.000865430,-0.000547565,0.000306247,-0.000865430,,,
1786043868310686281,1786043868.309105185,/novatel/oem7/bestpos,/novatel/oem7/bestpos,/novatel/oem7/odom,39.663,-75.756,33.180984941,0.000627388,-0.000865430,-0.000547565,0.000306247,-0.000865430,,novatel_oem7_msgs.msg.SolutionStatus(status=0),novatel_oem7_msgs.msg.PositionOrVelocityType(type=53)
1786043868311582510,1786043868.309516645,/novatel/oem7/bestvel,/novatel/oem7/bestpos,/novatel/oem7/bestvel,39.663,-75.756,33.180984941,0.000355255,-0.000719924,,,,226.765997172,novatel_oem7_msgs.msg.SolutionStatus(status=0),novatel_oem7_msgs.msg.PositionOrVelocityType(type=53)
1786043868315028235,1786043868.314369853,/novatel/oem7/odom,/novatel/oem7/bestpos,/novatel/oem7/odom,39.663,-75.756,33.180984941,0.000627388,-0.000865430,-0.000547565,0.000306247,-0.000865430,,,
1786043868326994377,1786043868.326503102,/novatel/oem7/inspva,/novatel/oem7/inspva,/novatel/oem7/inspva,39.663,-75.756,-1.801392740,0.000488549,-0.000718845,0.000242921,-0.000423874,-0.000718845,,novatel_oem7_msgs.msg.InertialSolutionStatus(status=3),
1786043868328267506,1786043868.326655907,/novatel/oem7/fix,/novatel/oem7/fix,/novatel/oem7/inspva,39.663,-75.756,-1.801392740,0.000488549,-0.000718845,0.000242921,-0.000423874,-0.000718845,,0,
1786043868329261100,1786043868.327322673,/novatel/oem7/odom,/novatel/oem7/fix,/novatel/oem7/odom,39.663,-75.756,-1.801392740,0.000487449,-0.000719591,-0.000407716,0.000267159,-0.000719591,,,
1786043868336170947,1786043868.335124692,/novatel/oem7/odom,/novatel/oem7/fix,/novatel/oem7/odom,39.663,-75.756,-1.801392740,0.000487449,-0.000719591,-0.000407716,0.000267159,-0.000719591,,,
1786043868345761374,1786043868.344957780,/novatel/oem7/inspva,/novatel/oem7/inspva,/novatel/oem7/inspva,39.663,-75.756,-1.801382456,0.000505809,-0.000610989,0.000121284,-0.000491053,-0.000610989,,novatel_oem7_msgs.msg.InertialSolutionStatus(status=3),
1786043868347683491,1786043868.345253359,/novatel/oem7/fix,/novatel/oem7/fix,/novatel/oem7/inspva,39.663,-75.756,-1.801382456,0.000505809,-0.000610989,0.000121284,-0.000491053,-0.000610989,,0,
1786043868349043061,1786043868.345923783,/novatel/oem7/odom,/novatel/oem7/fix,/novatel/oem7/odom,39.663,-75.756,-1.801382456,0.000504185,-0.000612329,-0.000481672,0.000148979,-0.000612329,,,
1786043868356745133,1786043868.355926663,/novatel/oem7/odom,/novatel/oem7/fix,/novatel/oem7/odom,39.663,-75.756,-1.801382456,0.000504185,-0.000612329,-0.000481672,0.000148979,-0.000612329,,,
1786043868365956264,1786043868.365405388,/novatel/oem7/inspva,/novatel/oem7/inspva,/novatel/oem7/inspva,39.663,-75.756,-1.801380740,0.000783927,-0.001044451,0.000188418,-0.000760947,-0.001044451,,novatel_oem7_msgs.msg.InertialSolutionStatus(status=3),
1786043868367351084,1786043868.365590330,/novatel/oem7/fix,/novatel/oem7/fix,/novatel/oem7/inspva,39.663,-75.756,-1.801380740,0.000783927,-0.001044451,0.000188418,-0.000760947,-0.001044451,,0,
1786043868368402522,1786043868.366112751,/novatel/oem7/odom,/novatel/oem7/fix,/novatel/oem7/odom,39.663,-75.756,-1.801380740,0.000781153,-0.001046528,-0.000746031,0.000231598,-0.001046528,,,
1786043868375652846,1786043868.374990281,/novatel/oem7/odom,/novatel/oem7/fix,/novatel/oem7/odom,39.663,-75.756,-1.801380740,0.000781153,-0.001046528,-0.000746031,0.000231598,-0.001046528,,,
1786043868386694151,1786043868.386158556,/novatel/oem7/inspva,/novatel/oem7/inspva,/novatel/oem7/inspva,39.663,-75.756,-1.801370012,0.000913694,-0.000902912,0.000113840,-0.000906575,-0.000902912,,novatel_oem7_msgs.msg.InertialSolutionStatus(status=3),
1786043868388017718,1786043868.386330827,/novatel/oem7/fix,/novatel/oem7/fix,/novatel/oem7/inspva,39.663,-75.756,-1.801370012,0.000913694,-0.000902912,0.000113840,-0.000906575,-0.000902912,,0,
1786043868389008485,1786043868.386814792,/novatel/oem7/odom,/novatel/oem7/fix,/novatel/oem7/odom,39.663,-75.756,-1.801370012,0.000910921,-0.000905709,-0.000895942,0.000164514,-0.000905709,,,
1786043868395681056,1786043868.394847674,/novatel/oem7/odom,/novatel/oem7/fix,/novatel/oem7/odom,39.663,-75.756,-1.801370012,0.000910921,-0.000905709,-0.000895942,0.000164514,-0.000905709,,,
1786043868407332931,1786043868.406657634,/novatel/oem7/inspva,/novatel/oem7/inspva,/novatel/oem7/inspva,39.663,-75.756,-1.801368107,0.001061870,-0.000956410,0.000568299,-0.000896997,-0.000956410,,novatel_oem7_msgs.msg.InertialSolutionStatus(status=3),
1786043868408738745,1786043868.406897187,/novatel/oem7/fix,/novatel/oem7/fix,/novatel/oem7/inspva,39.663,-75.756,-1.801368107,0.001061870,-0.000956410,0.000568299,-0.000896997,-0.000956410,,0,
1786043868409828480,1786043868.407436226,/novatel/oem7/odom,/novatel/oem7/fix,/novatel/oem7/odom,39.663,-75.756,-1.801368107,0.001060575,-0.000957846,-0.000861944,0.000617958,-0.000957846,,,
1786043868411247781,1786043868.410148574,/novatel/oem7/bestpos,/novatel/oem7/bestpos,/novatel/oem7/odom,39.663,-75.756,33.181013659,0.001060575,-0.000957846,-0.000861944,0.000617958,-0.000957846,,novatel_oem7_msgs.msg.SolutionStatus(status=0),novatel_oem7_msgs.msg.PositionOrVelocityType(type=53)
1786043868412131174,1786043868.410508584,/novatel/oem7/bestvel,/novatel/oem7/bestpos,/novatel/oem7/bestvel,39.663,-75.756,33.181013659,0.000808046,-0.001149311,,,,317.237823075,novatel_oem7_msgs.msg.SolutionStatus(status=0),novatel_oem7_msgs.msg.PositionOrVelocityType(type=53)
1786043868416123894,1786043868.415512254,/novatel/oem7/odom,/novatel/oem7/bestpos,/novatel/oem7/odom,39.663,-75.756,33.181013659,0.001060575,-0.000957846,-0.000861944,0.000617958,-0.000957846,,,
1786043868425666008,1786043868.425181603,/novatel/oem7/inspva,/novatel/oem7/inspva,/novatel/oem7/inspva,39.663,-75.756,-1.801357513,0.001022199,-0.000637667,0.000310488,-0.000973903,-0.000637667,,novatel_oem7_msgs.msg.InertialSolutionStatus(status=3),
1786043868426924521,1786043868.425356078,/novatel/oem7/fix,/novatel/oem7/fix,/novatel/oem7/inspva,39.663,-75.756,-1.801357513,0.001022199,-0.000637667,0.000310488,-0.000973903,-0.000637667,,0,
1786043868427968665,1786043868.425798403,/novatel/oem7/odom,/novatel/oem7/fix,/novatel/oem7/odom,39.663,-75.756,-1.801357513,0.001020653,-0.000640138,-0.000953636,0.000363746,-0.000640138,,,
1786043868435656849,1786043868.434657199,/novatel/oem7/odom,/novatel/oem7/fix,/novatel/oem7/odom,39.663,-75.756,-1.801357513,0.001020653,-0.000640138,-0.000953636,0.000363746,-0.000640138,,,
1786043868447270188,1786043868.446561360,/novatel/oem7/inspva,/novatel/oem7/inspva,/novatel/oem7/inspva,39.663,-75.756,-1.801358218,0.000639676,-0.001069784,0.000309821,-0.000559639,-0.001069784,,novatel_oem7_msgs.msg.InertialSolutionStatus(status=3),
1786043868449119403,1786043868.446843010,/novatel/oem7/fix,/novatel/oem7/fix,/novatel/oem7/inspva,39.663,-75.756,-1.801358218,0.000639676,-0.001069784,0.000309821,-0.000559639,-0.001069784,,0,
1786043868450533895,1786043868.447278472,/novatel/oem7/odom,/novatel/oem7/fix,/novatel/oem7/odom,39.663,-75.756,-1.801358218,0.000637977,-0.001070798,-0.000538457,0.000342169,-0.001070798,,,
1786043868457828095,1786043868.457087235,/novatel/oem7/odom,/novatel/oem7/fix,/novatel/oem7/odom,39.663,-75.756,-1.801358218,0.000637977,-0.001070798,-0.000538457,0.000342169,-0.001070798,,,
1786043868465490173,1786043868.464865084,/novatel/oem7/inspva,/novatel/oem7/inspva,/novatel/oem7/inspva,39.663,-75.756,-1.801345715,0.000573527,-0.000700026,-0.000019548,-0.000573194,-0.000700026,,novatel_oem7_msgs.msg.InertialSolutionStatus(status=3),
1786043868466877844,1786043868.465069929,/novatel/oem7/fix,/novatel/oem7/fix,/novatel/oem7/inspva,39.663,-75.756,-1.801345715,0.000573527,-0.000700026,-0.000019548,-0.000573194,-0.000700026,,0,
1786043868468016509,1786043868.465588924,/novatel/oem7/odom,/novatel/oem7/fix,/novatel/oem7/odom,39.663,-75.756,-1.801345715,0.000571040,-0.000702056,-0.000570892,0.000012976,-0.000702056,,,
1786043868475978647,1786043868.475322617,/novatel/oem7/odom,/novatel/oem7/fix,/novatel/oem7/odom,39.663,-75.756,-1.801345715,0.000571040,-0.000702056,-0.000570892,0.000012976,-0.000702056,,,
1786043868485845364,1786043868.485311065,/novatel/oem7/inspva,/novatel/oem7/inspva,/novatel/oem7/inspva,39.663,-75.756,-1.801342492,0.000612838,-0.000768594,-0.000104477,-0.000603866,-0.000768594,,novatel_oem7_msgs.msg.InertialSolutionStatus(status=3),
1786043868487100340,1786043868.485550754,/novatel/oem7/fix,/novatel/oem7/fix,/novatel/oem7/inspva,39.663,-75.756,-1.801342492,0.000612838,-0.000768594,-0.000104477,-0.000603866,-0.000768594,,0,
1786043868488133627,1786043868.486077770,/novatel/oem7/odom,/novatel/oem7/fix,/novatel/oem7/odom,39.663,-75.756,-1.801342492,0.000609847,-0.000770969,-0.000605816,-0.000070002,-0.000770969,,,
1786043868495846586,1786043868.494941170,/novatel/oem7/odom,/novatel/oem7/fix,/novatel/oem7/odom,39.663,-75.756,-1.801342492,0.000609847,-0.000770969,-0.000605816,-0.000070002,-0.000770969,,,
1786043868506700717,1786043868.506062873,/novatel/oem7/inspva,/novatel/oem7/inspva,/novatel/oem7/inspva,39.663,-75.756,-1.801334324,0.000650644,-0.000810564,-0.000295571,-0.000579633,-0.000810564,,novatel_oem7_msgs.msg.InertialSolutionStatus(status=3),
1786043868508136484,1786043868.506272875,/novatel/oem7/fix,/novatel/oem7/fix,/novatel/oem7/inspva,39.663,-75.756,-1.801334324,0.000650644,-0.000810564,-0.000295571,-0.000579633,-0.000810564,,0,
1786043868509181938,1786043868.506741443,/novatel/oem7/odom,/novatel/oem7/fix,/novatel/oem7/odom,39.663,-75.756,-1.801334324,0.000647064,-0.000813425,-0.000591651,-0.000261994,-0.000813425,,,
1786043868511936396,1786043868.511346274,/novatel/oem7/bestpos,/novatel/oem7/bestpos,/novatel/oem7/odom,39.663,-75.756,33.181059002,0.000647064,-0.000813425,-0.000591651,-0.000261994,-0.000813425,,novatel_oem7_msgs.msg.SolutionStatus(status=0),novatel_oem7_msgs.msg.PositionOrVelocityType(type=53)
1786043868513334280,1786043868.511737864,/novatel/oem7/bestvel,/novatel/oem7/bestpos,/novatel/oem7/bestvel,39.663,-75.756,33.181059002,0.000451821,-0.000989509,,,,255.434862259,novatel_oem7_msgs.msg.SolutionStatus(status=0),novatel_oem7_msgs.msg.PositionOrVelocityType(type=53)
1786043868515230523,1786043868.514377805,/novatel/oem7/odom,/novatel/oem7/bestpos,/novatel/oem7/odom,39.663,-75.756,33.181059002,0.000647064,-0.000813425,-0.000591651,-0.000261994,-0.000813425,,,
1786043868525812904,1786043868.525043040,/novatel/oem7/inspva,/novatel/oem7/inspva,/novatel/oem7/inspva,39.663,-75.756,-1.801329789,0.000692010,-0.000570695,0.000276440,-0.000634397,-0.000570695,,novatel_oem7_msgs.msg.InertialSolutionStatus(status=3),
1786043868527215305,1786043868.525222831,/novatel/oem7/fix,/novatel/oem7/fix,/novatel/oem7/inspva,39.663,-75.756,-1.801329789,0.000692010,-0.000570695,0.000276440,-0.000634397,-0.000570695,,0,
1786043868528577502,1786043868.525670153,/novatel/oem7/odom,/novatel/oem7/fix,/novatel/oem7/odom,39.663,-75.756,-1.801329789,0.000690876,-0.000572068,-0.000616688,0.000311458,-0.000572068,,,
1786043868536609591,1786043868.535504420,/novatel/oem7/odom,/novatel/oem7/fix,/novatel/oem7/odom,39.663,-75.756,-1.801329789,0.000690876,-0.000572068,-0.000616688,0.000311458,-0.000572068,,,
1786043868545951272,1786043868.545034890,/novatel/oem7/inspva,/novatel/oem7/inspva,/novatel/oem7/inspva,39.663,-75.756,-1.801321477,0.000814746,-0.000649853,-0.000134215,-0.000803615,-0.000649853,,novatel_oem7_msgs.msg.InertialSolutionStatus(status=3),
1786043868548008330,1786043868.545270409,/novatel/oem7/fix,/novatel/oem7/fix,/novatel/oem7/inspva,39.663,-75.756,-1.801321477,0.000814746,-0.000649853,-0.000134215,-0.000803615,-0.000649853,,0,
1786043868549434772,1786043868.545843921,/novatel/oem7/odom,/novatel/oem7/fix,/novatel/oem7/odom,39.663,-75.756,-1.801321477,0.000812208,-0.000653021,-0.000807277,-0.000089363,-0.000653021,,,
1786043868556789476,1786043868.555754156,/novatel/oem7/odom,/novatel/oem7/fix,/novatel/oem7/odom,39.663,-75.756,-1.801321477,0.000812208,-0.000653021,-0.000807277,-0.000089363,-0.000653021,,,
1786043868567130995,1786043868.566337041,/novatel/oem7/inspva,/novatel/oem7/inspva,/novatel/oem7/inspva,39.663,-75.756,-1.801319752,0.000504131,-0.000773189,0.000246988,-0.000439483,-0.000773189,,novatel_oem7_msgs.msg.InertialSolutionStatus(status=3),
1786043868568695111,1786043868.566622476,/novatel/oem7/fix,/novatel/oem7/fix,/novatel/oem7/inspva,39.663,-75.756,-1.801319752,0.000504131,-0.000773189,0.000246988,-0.000439483,-0.000773189,,0,
1786043868569810855,1786043868.567178492,/novatel/oem7/odom,/novatel/oem7/fix,/novatel/oem7/odom,39.663,-75.756,-1.801319752,0.000502932,-0.000773970,-0.000422898,0.000272209,-0.000773970,,,
1786043868576337425,1786043868.575591931,/novatel/oem7/odom,/novatel/oem7/fix,/novatel/oem7/odom,39.663,-75.756,-1.801319752,0.000502932,-0.000773970,-0.000422898,0.000272209,-0.000773970,,,
1786043868585544136,1786043868.584862059,/novatel/oem7/inspva,/novatel/oem7/inspva,/novatel/oem7/inspva,39.663,-75.756,-1.801312041,0.000555733,-0.000801661,-0.000137403,-0.000538478,-0.000801661,,novatel_oem7_msgs.msg.InertialSolutionStatus(status=3),
1786043868586912713,1786043868.584979183,/novatel/oem7/fix,/novatel/oem7/fix,/novatel/oem7/inspva,39.663,-75.756,-1.801312041,0.000555733,-0.000801661,-0.000137403,-0.000538478,-0.000801661,,0,
1786043868587958390,1786043868.585397291,/novatel/oem7/odom,/novatel/oem7/fix,/novatel/oem7/odom,39.663,-75.756,-1.801312041,0.000552463,-0.000803918,-0.000542148,-0.000106257,-0.000803918,,,
1786043868596099147,1786043868.595333922,/novatel/oem7/odom,/novatel/oem7/fix,/novatel/oem7/odom,39.663,-75.756,-1.801312041,0.000552463,-0.000803918,-0.000542148,-0.000106257,-0.000803918,,,
1786043868607467372,1786043868.606611872,/novatel/oem7/inspva,/novatel/oem7/inspva,/novatel/oem7/inspva,39.663,-75.756,-1.801305720,0.000455720,-0.000425724,-0.000245618,-0.000383866,-0.000425724,,novatel_oem7_msgs.msg.InertialSolutionStatus(status=3),
1786043868608951068,1786043868.606744736,/novatel/oem7/fix,/novatel/oem7/fix,/novatel/oem7/inspva,39.663,-75.756,-1.801305720,0.000455720,-0.000425724,-0.000245618,-0.000383866,-0.000425724,,0,
1786043868610013771,1786043868.607214180,/novatel/oem7/odom,/novatel/oem7/fix,/novatel/oem7/odom,39.663,-75.756,-1.801305720,0.000453799,-0.000427772,-0.000394886,-0.000223602,-0.000427772,,,
1786043868611653268,1786043868.610525587,/novatel/oem7/bestpos,/novatel/oem7/bestpos,/novatel/oem7/odom,39.663,-75.756,33.181077245,0.000453799,-0.000427772,-0.000394886,-0.000223602,-0.000427772,,novatel_oem7_msgs.msg.SolutionStatus(status=0),novatel_oem7_msgs.msg.PositionOrVelocityType(type=53)
1786043868613039639,1786043868.611029261,/novatel/oem7/bestvel,/novatel/oem7/bestpos,/novatel/oem7/bestvel,39.663,-75.756,33.181077245,0.000468325,-0.000605702,,,,285.204579932,novatel_oem7_msgs.msg.SolutionStatus(status=0),novatel_oem7_msgs.msg.PositionOrVelocityType(type=53)
1786043868615164457,1786043868.614444590,/novatel/oem7/odom,/novatel/oem7/bestpos,/novatel/oem7/odom,39.663,-75.756,33.181077245,0.000453799,-0.000427772,-0.000394886,-0.000223602,-0.000427772,,,
1786043868626962544,1786043868.626285318,/novatel/oem7/inspva,/novatel/oem7/inspva,/novatel/oem7/inspva,39.663,-75.756,-1.801299291,0.000601310,-0.000447562,-0.000352212,-0.000487361,-0.000447562,,novatel_oem7_msgs.msg.InertialSolutionStatus(status=3),
1786043868628318451,1786043868.626360737,/novatel/oem7/fix,/novatel/oem7/fix,/novatel/oem7/inspva,39.663,-75.756,-1.801299291,0.000601310,-0.000447562,-0.000352212,-0.000487361,-0.000447562,,0,
1786043868629350768,1786043868.626823296,/novatel/oem7/odom,/novatel/oem7/fix,/novatel/oem7/odom,39.663,-75.756,-1.801299291,0.000599268,-0.000450294,-0.000503834,-0.000324458,-0.000450294,,,
1786043868635971539,1786043868.634953889,/novatel/oem7/odom,/novatel/oem7/fix,/novatel/oem7/odom,39.663,-75.756,-1.801299291,0.000599268,-0.000450294,-0.000503834,-0.000324458,-0.000450294,,,
1786043868646265531,1786043868.645337064,/novatel/oem7/inspva,/novatel/oem7/inspva,/novatel/oem7/inspva,39.663,-75.756,-1.801299879,0.000205386,-0.000839199,-0.000071449,-0.000192557,-0.000839199,,novatel_oem7_msgs.msg.InertialSolutionStatus(status=3),
1786043868648098209,1786043868.645648897,/novatel/oem7/fix,/novatel/oem7/fix,/novatel/oem7/inspva,39.663,-75.756,-1.801299879,0.000205386,-0.000839199,-0.000071449,-0.000192557,-0.000839199,,0,
1786043868649551294,1786043868.646258597,/novatel/oem7/odom,/novatel/oem7/fix,/novatel/oem7/odom,39.663,-75.756,-1.801299879,0.000201799,-0.000840069,-0.000193063,-0.000058733,-0.000840069,,,
1786043868657687520,1786043868.656508095,/novatel/oem7/odom,/novatel/oem7/fix,/novatel/oem7/odom,39.663,-75.756,-1.801299879,0.000201799,-0.000840069,-0.000193063,-0.000058733,-0.000840069,,,
1786043868666531470,1786043868.665354172,/novatel/oem7/inspva,/novatel/oem7/inspva,/novatel/oem7/inspva,39.663,-75.756,-1.801291370,0.000388199,-0.000761653,-0.000293786,-0.000253749,-0.000761653,,novatel_oem7_msgs.msg.InertialSolutionStatus(status=3),
1786043868668587148,1786043868.665609161,/novatel/oem7/fix,/novatel/oem7/fix,/novatel/oem7/inspva,39.663,-75.756,-1.801291370,0.000388199,-0.000761653,-0.000293786,-0.000253749,-0.000761653,,0,
1786043868669980365,1786043868.666168876,/novatel/oem7/odom,/novatel/oem7/fix,/novatel/oem7/odom,39.663,-75.756,-1.801291370,0.000384760,-0.000763396,-0.000266315,-0.000277698,-0.000763396,,,
1786043868675600202,1786043868.674672990,/novatel/oem7/odom,/novatel/oem7/fix,/novatel/oem7/odom,39.663,-75.756,-1.801291370,0.000384760,-0.000763396,-0.000266315,-0.000277698,-0.000763396,,,
1786043868687609808,1786043868.686763393,/novatel/oem7/inspva,/novatel/oem7/inspva,/novatel/oem7/inspva,39.663,-75.756,-1.801287164,0.000349188,-0.000452554,-0.000323892,-0.000130485,-0.000452554,,novatel_oem7_msgs.msg.InertialSolutionStatus(status=3),
1786043868689784247,1786043868.686970145,/novatel/oem7/fix,/novatel/oem7/fix,/novatel/oem7/inspva,39.663,-75.756,-1.801287164,0.000349188,-0.000452554,-0.000323892,-0.000130485,-0.000452554,,0,
1786043868691093374,1786043868.687275768,/novatel/oem7/odom,/novatel/oem7/fix,/novatel/oem7/odom,39.663,-75.756,-1.801287164,0.000347354,-0.000453964,-0.000145950,-0.000315204,-0.000453964,,,
1786043868696099965,1786043868.695214272,/novatel/oem7/odom,/novatel/oem7/fix,/novatel/oem7/odom,39.663,-75.756,-1.801287164,0.000347354,-0.000453964,-0.000145950,-0.000315204,-0.000453964,,,
1786043868706576658,1786043868.705823734,/novatel/oem7/inspva,/novatel/oem7/inspva,/novatel/oem7/inspva,39.663,-75.756,-1.801283909,0.000306283,-0.000675442,-0.000294786,-0.000083129,-0.000675442,,novatel_oem7_msgs.msg.InertialSolutionStatus(status=3),
1786043868708249708,1786043868.706071122,/novatel/oem7/fix,/novatel/oem7/fix,/novatel/oem7/inspva,39.663,-75.756,-1.801283909,0.000306283,-0.000675442,-0.000294786,-0.000083129,-0.000675442,,0,
1786043868709639899,1786043868.706520064,/novatel/oem7/odom,/novatel/oem7/fix,/novatel/oem7/odom,39.663,-75.756,-1.801283909,0.000303713,-0.000676601,-0.000096294,-0.000288043,-0.000676601,,,
1786043868711589132,1786043868.709327640,/novatel/oem7/bestpos,/novatel/oem7/bestpos,/novatel/oem7/odom,39.663,-75.756,33.181087872,0.000303713,-0.000676601,-0.000096294,-0.000288043,-0.000676601,,novatel_oem7_msgs.msg.SolutionStatus(status=0),novatel_oem7_msgs.msg.PositionOrVelocityType(type=53)
1786043868712756978,1786043868.710055820,/novatel/oem7/bestvel,/novatel/oem7/bestpos,/novatel/oem7/bestvel,39.663,-75.756,33.181087872,0.000571024,-0.001096846,,,,103.437107917,novatel_oem7_msgs.msg.SolutionStatus(status=0),novatel_oem7_msgs.msg.PositionOrVelocityType(type=53)
1786043868716643857,1786043868.715361797,/novatel/oem7/odom,/novatel/oem7/bestpos,/novatel/oem7/odom,39.663,-75.756,33.181087872,0.000303713,-0.000676601,-0.000096294,-0.000288043,-0.000676601,,,
1786043868727226882,1786043868.726396576,/novatel/oem7/inspva,/novatel/oem7/inspva,/novatel/oem7/inspva,39.663,-75.756,-1.801284751,0.000508127,-0.000703796,-0.000507899,-0.000015198,-0.000703796,,novatel_oem7_msgs.msg.InertialSolutionStatus(status=3),
1786043868729161604,1786043868.726657002,/novatel/oem7/fix,/novatel/oem7/fix,/novatel/oem7/inspva,39.663,-75.756,-1.801284751,0.000508127,-0.000703796,-0.000507899,-0.000015198,-0.000703796,,0,
1786043868730466878,1786043868.727234222,/novatel/oem7/odom,/novatel/oem7/fix,/novatel/oem7/odom,39.663,-75.756,-1.801284751,0.000505958,-0.000705357,-0.000039744,-0.000504395,-0.000705357,,,
1786043868735962481,1786043868.735032817,/novatel/oem7/odom,/novatel/oem7/fix,/novatel/oem7/odom,39.663,-75.756,-1.801284751,0.000505958,-0.000705357,-0.000039744,-0.000504395,-0.000705357,,,
1786043868746662796,1786043868.745930612,/novatel/oem7/inspva,/novatel/oem7/inspva,/novatel/oem7/inspva,39.663,-75.756,-1.801282560,0.000412849,-0.000828463,-0.000349053,-0.000220469,-0.000828463,,novatel_oem7_msgs.msg.InertialSolutionStatus(status=3),
1786043868748562795,1786043868.746166431,/novatel/oem7/fix,/novatel/oem7/fix,/novatel/oem7/inspva,39.663,-75.756,-1.801282560,0.000412849,-0.000828463,-0.000349053,-0.000220469,-0.000828463,,0,
1786043868750594096,1786043868.746626422,/novatel/oem7/odom,/novatel/oem7/fix,/novatel/oem7/odom,39.663,-75.756,-1.801282560,0.000409232,-0.000830256,-0.000235789,-0.000334477,-0.000830256,,,
1786043868756852343,1786043868.755929384,/novatel/oem7/odom,/novatel/oem7/fix,/novatel/oem7/odom,39.663,-75.756,-1.801282560,0.000409232,-0.000830256,-0.000235789,-0.000334477,-0.000830256,,,
1786043868765852635,1786043868.765248545,/novatel/oem7/inspva,/novatel/oem7/inspva,/novatel/oem7/inspva,39.663,-75.756,-1.801289671,0.000449988,-0.001162423,-0.000449507,-0.000020789,-0.001162423,,novatel_oem7_msgs.msg.InertialSolutionStatus(status=3),
1786043868767239715,1786043868.765462674,/novatel/oem7/fix,/novatel/oem7/fix,/novatel/oem7/inspva,39.663,-75.756,-1.801289671,0.000449988,-0.001162423,-0.000449507,-0.000020789,-0.001162423,,0,
1786043868768331323,1786043868.765924651,/novatel/oem7/odom,/novatel/oem7/fix,/novatel/oem7/odom,39.663,-75.756,-1.801289671,0.000446349,-0.001163825,-0.000040565,-0.000444502,-0.001163825,,,
1786043868776048669,1786043868.775354972,/novatel/oem7/odom,/novatel/oem7/fix,/novatel/oem7/odom,39.663,-75.756,-1.801289671,0.000446349,-0.001163825,-0.000040565,-0.000444502,-0.001163825,,,
1786043868786704534,1786043868.785886655,/novatel/oem7/inspva,/novatel/oem7/inspva,/novatel/oem7/inspva,39.663,-75.756,-1.801289299,0.000067572,-0.001237947,0.000028002,-0.000061498,-0.001237947,,novatel_oem7_msgs.msg.InertialSolutionStatus(status=3),
1786043868788721501,1786043868.786062031,/novatel/oem7/fix,/novatel/oem7/fix,/novatel/oem7/inspva,39.663,-75.756,-1.801289299,0.000067572,-0.001237947,0.000028002,-0.000061498,-0.001237947,,0,
1786043868790194793,1786043868.786354062,/novatel/oem7/odom,/novatel/oem7/fix,/novatel/oem7/odom,39.663,-75.756,-1.801289299,0.000065417,-0.001238063,-0.000055455,0.000034700,-0.001238063,,,
1786043868795240440,1786043868.794463559,/novatel/oem7/odom,/novatel/oem7/fix,/novatel/oem7/odom,39.663,-75.756,-1.801289299,0.000065417,-0.001238063,-0.000055455,0.000034700,-0.001238063,,,
1786043868806917126,1786043868.805843368,/novatel/oem7/inspva,/novatel/oem7/inspva,/novatel/oem7/inspva,39.663,-75.756,-1.801292780,0.000428260,-0.000829424,-0.000343267,-0.000256074,-0.000829424,,novatel_oem7_msgs.msg.InertialSolutionStatus(status=3),
1786043868808936604,1786043868.806155691,/novatel/oem7/fix,/novatel/oem7/fix,/novatel/oem7/inspva,39.663,-75.756,-1.801292780,0.000428260,-0.000829424,-0.000343267,-0.000256074,-0.000829424,,0,
1786043868810686211,1786043868.806839386,/novatel/oem7/odom,/novatel/oem7/fix,/novatel/oem7/odom,39.663,-75.756,-1.801292780,0.000424556,-0.000831326,-0.000271034,-0.000326785,-0.000831326,,,
1786043868812711992,1786043868.810347878,/novatel/oem7/bestpos,/novatel/oem7/bestpos,/novatel/oem7/odom,39.663,-75.756,33.181082081,0.000424556,-0.000831326,-0.000271034,-0.000326785,-0.000831326,,novatel_oem7_msgs.msg.SolutionStatus(status=0),novatel_oem7_msgs.msg.PositionOrVelocityType(type=53)
1786043868813941641,1786043868.810764785,/novatel/oem7/bestvel,/novatel/oem7/bestpos,/novatel/oem7/bestvel,39.663,-75.756,33.181082081,0.000371144,-0.000945267,,,,262.867152701,novatel_oem7_msgs.msg.SolutionStatus(status=0),novatel_oem7_msgs.msg.PositionOrVelocityType(type=53)
1786043868816634355,1786043868.815289438,/novatel/oem7/odom,/novatel/oem7/bestpos,/novatel/oem7/odom,39.663,-75.756,33.181082081,0.000424556,-0.000831326,-0.000271034,-0.000326785,-0.000831326,,,
1786043868826005864,1786043868.825032367,/novatel/oem7/inspva,/novatel/oem7/inspva,/novatel/oem7/inspva,39.663,-75.756,-1.801295987,0.000441617,-0.000988245,0.000010375,-0.000441496,-0.000988245,,novatel_oem7_msgs.msg.InertialSolutionStatus(status=3),
1786043868827678807,1786043868.825312650,/novatel/oem7/fix,/novatel/oem7/fix,/novatel/oem7/inspva,39.663,-75.756,-1.801295987,0.000441617,-0.000988245,0.000010375,-0.000441496,-0.000988245,,0,
1786043868828997844,1786043868.825913623,/novatel/oem7/odom,/novatel/oem7/fix,/novatel/oem7/odom,39.663,-75.756,-1.801295987,0.000438288,-0.000989726,-0.000436749,0.000036687,-0.000989726,,,
1786043868836646626,1786043868.835685032,/novatel/oem7/odom,/novatel/oem7/fix,/novatel/oem7/odom,39.663,-75.756,-1.801295987,0.000438288,-0.000989726,-0.000436749,0.000036687,-0.000989726,,,
1786043868847693134,1786043868.846652384,/novatel/oem7/inspva,/novatel/oem7/inspva,/novatel/oem7/inspva,39.663,-75.756,-1.801309180,0.000213859,-0.001368039,-0.000044629,-0.000209150,-0.001368039,,novatel_oem7_msgs.msg.InertialSolutionStatus(status=3),
1786043868849526177,1786043868.846959877,/novatel/oem7/fix,/novatel/oem7/fix,/novatel/oem7/inspva,39.663,-75.756,-1.801309180,0.000213859,-0.001368039,-0.000044629,-0.000209150,-0.001368039,,0,
1786043868850959835,1786043868.847550297,/novatel/oem7/odom,/novatel/oem7/fix,/novatel/oem7/odom,39.663,-75.756,-1.801309180,0.000208407,-0.001368880,-0.000206300,-0.000029560,-0.001368880,,,
1786043868856894545,1786043868.856099290,/novatel/oem7/odom,/novatel/oem7/fix,/novatel/oem7/odom,39.663,-75.756,-1.801309180,0.000208407,-0.001368880,-0.000206300,-0.000029560,-0.001368880,,,
1786043868866177479,1786043868.865138949,/novatel/oem7/inspva,/novatel/oem7/inspva,/novatel/oem7/inspva,39.663,-75.756,-1.801312848,0.000477972,-0.001475347,0.000205037,-0.000431760,-0.001475347,,novatel_oem7_msgs.msg.InertialSolutionStatus(status=3),
1786043868868155936,1786043868.865473302,/novatel/oem7/fix,/novatel/oem7/fix,/novatel/oem7/inspva,39.663,-75.756,-1.801312848,0.000477972,-0.001475347,0.000205037,-0.000431760,-0.001475347,,0,
1786043868869785943,1786043868.866164496,/novatel/oem7/odom,/novatel/oem7/fix,/novatel/oem7/odom,39.663,-75.756,-1.801312848,0.000475313,-0.001476205,-0.000414890,0.000231924,-0.001476205,,,
1786043868876358230,1786043868.875555695,/novatel/oem7/odom,/novatel/oem7/fix,/novatel/oem7/odom,39.663,-75.756,-1.801312848,0.000475313,-0.001476205,-0.000414890,0.000231924,-0.001476205,,,
1786043868885897433,1786043868.885301237,/novatel/oem7/inspva,/novatel/oem7/inspva,/novatel/oem7/inspva,39.663,-75.756,-1.801322070,0.000534714,-0.001236575,0.000089528,-0.000527166,-0.001236575,,novatel_oem7_msgs.msg.InertialSolutionStatus(status=3),
1786043868887315022,1786043868.885472873,/novatel/oem7/fix,/novatel/oem7/fix,/novatel/oem7/inspva,39.663,-75.756,-1.801322070,0.000534714,-0.001236575,0.000089528,-0.000527166,-0.001236575,,0,
1786043868888450719,1786043868.886096179,/novatel/oem7/odom,/novatel/oem7/fix,/novatel/oem7/odom,39.663,-75.756,-1.801322070,0.000531143,-0.001238113,-0.000517173,0.000121018,-0.001238113,,,
1786043868896199722,1786043868.895141844,/novatel/oem7/odom,/novatel/oem7/fix,/novatel/oem7/odom,39.663,-75.756,-1.801322070,0.000531143,-0.001238113,-0.000517173,0.000121018,-0.001238113,,,
1786043868907050482,1786043868.906229277,/novatel/oem7/inspva,/novatel/oem7/inspva,/novatel/oem7/inspva,39.663,-75.756,-1.801327365,0.000775599,-0.001139637,0.000349214,-0.000692534,-0.001139637,,novatel_oem7_msgs.msg.InertialSolutionStatus(status=3),
1786043868909087643,1786043868.906496010,/novatel/oem7/fix,/novatel/oem7/fix,/novatel/oem7/inspva,39.663,-75.756,-1.801327365,0.000775599,-0.001139637,0.000349214,-0.000692534,-0.001139637,,0,
1786043868910622822,1786043868.907150193,/novatel/oem7/odom,/novatel/oem7/fix,/novatel/oem7/odom,39.663,-75.756,-1.801327365,0.000773640,-0.001140968,-0.000668793,0.000388888,-0.001140968,,,
1786043868912707906,1786043868.909621359,/novatel/oem7/bestpos,/novatel/oem7/bestpos,/novatel/oem7/odom,39.663,-75.756,33.181049932,0.000773640,-0.001140968,-0.000668793,0.000388888,-0.001140968,,novatel_oem7_msgs.msg.SolutionStatus(status=0),novatel_oem7_msgs.msg.PositionOrVelocityType(type=53)
1786043868913993849,1786043868.910353586,/novatel/oem7/bestvel,/novatel/oem7/bestpos,/novatel/oem7/bestvel,39.663,-75.756,33.181049932,0.000989874,-0.001105960,,,,297.376462897,novatel_oem7_msgs.msg.SolutionStatus(status=0),novatel_oem7_msgs.msg.PositionOrVelocityType(type=53)
1786043868916055760,1786043868.914464511,/novatel/oem7/odom,/novatel/oem7/bestpos,/novatel/oem7/odom,39.663,-75.756,33.181049932,0.000773640,-0.001140968,-0.000668793,0.000388888,-0.001140968,,,
1786043868925867844,1786043868.925028005,/novatel/oem7/inspva,/novatel/oem7/inspva,/novatel/oem7/inspva,39.663,-75.756,-1.801342443,0.000325403,-0.001504123,0.000117581,-0.000303417,-0.001504123,,novatel_oem7_msgs.msg.InertialSolutionStatus(status=3),
1786043868927519077,1786043868.925287154,/novatel/oem7/fix,/novatel/oem7/fix,/novatel/oem7/inspva,39.663,-75.756,-1.801342443,0.000325403,-0.001504123,0.000117581,-0.000303417,-0.001504123,,0,
1786043868929037439,1786043868.925847754,/novatel/oem7/odom,/novatel/oem7/fix,/novatel/oem7/odom,39.663,-75.756,-1.801342443,0.000322253,-0.001504801,-0.000291284,0.000137844,-0.001504801,,,
1786043868936000450,1786043868.935067634,/novatel/oem7/odom,/novatel/oem7/fix,/novatel/oem7/odom,39.663,-75.756,-1.801342443,0.000322253,-0.001504801,-0.000291284,0.000137844,-0.001504801,,,
1786043868945778140,1786043868.944912914,/novatel/oem7/inspva,/novatel/oem7/inspva,/novatel/oem7/inspva,39.663,-75.756,-1.801346616,0.000492205,-0.001116820,0.000166760,-0.000463095,-0.001116820,,novatel_oem7_msgs.msg.InertialSolutionStatus(status=3),
1786043868947574618,1786043868.945171744,/novatel/oem7/fix,/novatel/oem7/fix,/novatel/oem7/inspva,39.663,-75.756,-1.801346616,0.000492205,-0.001116820,0.000166760,-0.000463095,-0.001116820,,0,
1786043868948995483,1786043868.945686579,/novatel/oem7/odom,/novatel/oem7/fix,/novatel/oem7/odom,39.663,-75.756,-1.801346616,0.000489732,-0.001117906,-0.000449499,0.000194392,-0.001117906,,,
1786043868956508252,1786043868.955651323,/novatel/oem7/odom,/novatel/oem7/fix,/novatel/oem7/odom,39.663,-75.756,-1.801346616,0.000489732,-0.001117906,-0.000449499,0.000194392,-0.001117906,,,
1786043868967445574,1786043868.966522011,/novatel/oem7/inspva,/novatel/oem7/inspva,/novatel/oem7/inspva,39.663,-75.756,-1.801360975,0.000051275,-0.001414618,0.000047226,-0.000019972,-0.001414618,,novatel_oem7_msgs.msg.InertialSolutionStatus(status=3),
1786043868969479781,1786043868.966854871,/novatel/oem7/fix,/novatel/oem7/fix,/novatel/oem7/inspva,39.663,-75.756,-1.801360975,0.000051275,-0.001414618,0.000047226,-0.000019972,-0.001414618,,0,
1786043868970978186,1786043868.967526754,/novatel/oem7/odom,/novatel/oem7/fix,/novatel/oem7/odom,39.663,-75.756,-1.801360975,0.000053642,-0.001414530,-0.000012322,0.000052208,-0.001414530,,,
1786043868975804145,1786043868.974928800,/novatel/oem7/odom,/novatel/oem7/fix,/novatel/oem7/odom,39.663,-75.756,-1.801360975,0.000053642,-0.001414530,-0.000012322,0.000052208,-0.001414530,,,
1786043868985632232,1786043868.984976112,/novatel/oem7/inspva,/novatel/oem7/inspva,/novatel/oem7/inspva,39.663,-75.756,-1.801364823,0.000455604,-0.001074844,0.000114283,-0.000441038,-0.001074844,,novatel_oem7_msgs.msg.InertialSolutionStatus(status=3),
1786043868987140754,1786043868.985180064,/novatel/oem7/fix,/novatel/oem7/fix,/novatel/oem7/inspva,39.663,-75.756,-1.801364823,0.000455604,-0.001074844,0.000114283,-0.000441038,-0.001074844,,0,
1786043868988258042,1786043868.985651083,/novatel/oem7/odom,/novatel/oem7/fix,/novatel/oem7/odom,39.663,-75.756,-1.801364823,0.000452832,-0.001076015,-0.000430420,0.000140694,-0.001076015,,,
1786043868996130266,1786043868.995407305,/novatel/oem7/odom,/novatel/oem7/fix,/novatel/oem7/odom,39.663,-75.756,-1.801364823,0.000452832,-0.001076015,-0.000430420,0.000140694,-0.001076015,,,
1786043869010473852,1786043869.009795615,/novatel/oem7/inspva,/novatel/oem7/inspva,/novatel/oem7/inspva,39.663,-75.756,-1.801379875,0.000661939,-0.001513446,-0.000301652,-0.000589210,-0.001513446,,novatel_oem7_msgs.msg.InertialSolutionStatus(status=3),
1786043869011961751,1786043869.010023277,/novatel/oem7/fix,/novatel/oem7/fix,/novatel/oem7/inspva,39.663,-75.756,-1.801379875,0.000661939,-0.001513446,-0.000301652,-0.000589210,-0.001513446,,0,
1786043869013052018,1786043869.011207909,/novatel/oem7/odom,/novatel/oem7/fix,/novatel/oem7/odom,39.663,-75.756,-1.801379875,0.000655233,-0.001516361,-0.000599037,-0.000265491,-0.001516361,,,
1786043869016125166,1786043869.015505213,/novatel/oem7/odom,/novatel/oem7/fix,/novatel/oem7/odom,39.663,-75.756,-1.801379875,0.000655233,-0.001516361,-0.000599037,-0.000265491,-0.001516361,,,
1786043869026799895,1786043869.025867708,/novatel/oem7/bestpos,/novatel/oem7/bestpos,/novatel/oem7/odom,39.663,-75.756,33.180999069,0.000655233,-0.001516361,-0.000599037,-0.000265491,-0.001516361,,novatel_oem7_msgs.msg.SolutionStatus(status=0),novatel_oem7_msgs.msg.PositionOrVelocityType(type=53)
1786043869028660067,1786043869.026835368,/novatel/oem7/bestvel,/novatel/oem7/bestpos,/novatel/oem7/bestvel,39.663,-75.756,33.180999069,0.001427758,-0.001145340,,,,261.524431232,novatel_oem7_msgs.msg.SolutionStatus(status=0),novatel_oem7_msgs.msg.PositionOrVelocityType(type=53)
1786043869029651407,1786043869.027362497,/novatel/oem7/inspva,/novatel/oem7/inspva,/novatel/oem7/inspva,39.663,-75.756,-1.801381836,0.000611636,-0.001098323,-0.000168932,-0.000587844,-0.001098323,,novatel_oem7_msgs.msg.InertialSolutionStatus(status=3),
1786043869030846273,1786043869.027623710,/novatel/oem7/fix,/novatel/oem7/fix,/novatel/oem7/inspva,39.663,-75.756,-1.801381836,0.000611636,-0.001098323,-0.000168932,-0.000587844,-0.001098323,,0,
1786043869032259517,1786043869.027883911,/novatel/oem7/odom,/novatel/oem7/fix,/novatel/oem7/odom,39.663,-75.756,-1.801381836,0.000607099,-0.001100837,-0.000592078,-0.000134213,-0.001100837,,,
1786043869035546034,1786043869.034685605,/novatel/oem7/odom,/novatel/oem7/fix,/novatel/oem7/odom,39.663,-75.756,-1.801381836,0.000607099,-0.001100837,-0.000592078,-0.000134213,-0.001100837,,,
1786043869046009437,1786043869.045314640,/novatel/oem7/inspva,/novatel/oem7/inspva,/novatel/oem7/inspva,39.663,-75.756,-1.801380895,0.000519947,-0.001225586,-0.000242321,-0.000460027,-0.001225586,,novatel_oem7_msgs.msg.InertialSolutionStatus(status=3),
1786043869047843669,1786043869.045603666,/novatel/oem7/fix,/novatel/oem7/fix,/novatel/oem7/inspva,39.663,-75.756,-1.801380895,0.000519947,-0.001225586,-0.000242321,-0.000460027,-0.001225586,,0,
1786043869049293537,1786043869.045917068,/novatel/oem7/odom,/novatel/oem7/fix,/novatel/oem7/odom,39.663,-75.756,-1.801380895,0.000514501,-0.001227881,-0.000467902,-0.000213962,-0.001227881,,,
1786043869057329406,1786043869.056359643,/novatel/oem7/odom,/novatel/oem7/fix,/novatel/oem7/odom,39.663,-75.756,-1.801380895,0.000514501,-0.001227881,-0.000467902,-0.000213962,-0.001227881,,,
1786043869066107805,1786043869.065172805,/novatel/oem7/inspva,/novatel/oem7/inspva,/novatel/oem7/inspva,39.663,-75.756,-1.801374697,0.000511593,-0.001273181,-0.000051248,-0.000509020,-0.001273181,,novatel_oem7_msgs.msg.InertialSolutionStatus(status=3),
1786043869068041945,1786043869.065460165,/novatel/oem7/fix,/novatel/oem7/fix,/novatel/oem7/inspva,39.663,-75.756,-1.801374697,0.000511593,-0.001273181,-0.000051248,-0.000509020,-0.001273181,,0,
1786043869069462546,1786043869.065885026,/novatel/oem7/odom,/novatel/oem7/fix,/novatel/oem7/odom,39.663,-75.756,-1.801374697,0.000506856,-0.001275074,-0.000506445,-0.000020425,-0.001275074,,,
1786043869075357069,1786043869.074565538,/novatel/oem7/odom,/novatel/oem7/fix,/novatel/oem7/odom,39.663,-75.756,-1.801374697,0.000506856,-0.001275074,-0.000506445,-0.000020425,-0.001275074,,,
1786043869087923964,1786043869.087175969,/novatel/oem7/inspva,/novatel/oem7/inspva,/novatel/oem7/inspva,39.663,-75.756,-1.801372446,0.000428110,-0.001077729,-0.000356985,-0.000236304,-0.001077729,,novatel_oem7_msgs.msg.InertialSolutionStatus(status=3),
1786043869089672835,1786043869.087389115,/novatel/oem7/fix,/novatel/oem7/fix,/novatel/oem7/inspva,39.663,-75.756,-1.801372446,0.000428110,-0.001077729,-0.000356985,-0.000236304,-0.001077729,,0,
1786043869090878700,1786043869.088084672,/novatel/oem7/odom,/novatel/oem7/fix,/novatel/oem7/odom,39.663,-75.756,-1.801372446,0.000423363,-0.001079602,-0.000251148,-0.000340824,-0.001079602,,,
1786043869095704809,1786043869.094766064,/novatel/oem7/odom,/novatel/oem7/fix,/novatel/oem7/odom,39.663,-75.756,-1.801372446,0.000423363,-0.001079602,-0.000251148,-0.000340824,-0.001079602,,,
1786043869106684551,1786043869.105829876,/novatel/oem7/inspva,/novatel/oem7/inspva,/novatel/oem7/inspva,39.663,-75.756,-1.801369306,0.000472441,-0.001111863,-0.000443402,-0.000163081,-0.001111863,,novatel_oem7_msgs.msg.InertialSolutionStatus(status=3),
1786043869108520510,1786043869.106041192,/novatel/oem7/fix,/novatel/oem7/fix,/novatel/oem7/inspva,39.663,-75.756,-1.801369306,0.000472441,-0.001111863,-0.000443402,-0.000163081,-0.001111863,,0,
1786043869109945271,1786043869.106626057,/novatel/oem7/odom,/novatel/oem7/fix,/novatel/oem7/odom,39.663,-75.756,-1.801369306,0.000467983,-0.001113747,-0.000182511,-0.000430927,-0.001113747,,,
1786043869111946455,1786043869.109519707,/novatel/oem7/bestpos,/novatel/oem7/bestpos,/novatel/oem7/odom,39.663,-75.756,33.180992476,0.000467983,-0.001113747,-0.000182511,-0.000430927,-0.001113747,,novatel_oem7_msgs.msg.SolutionStatus(status=0),novatel_oem7_msgs.msg.PositionOrVelocityType(type=53)
1786043869113221978,1786043869.110289772,/novatel/oem7/bestvel,/novatel/oem7/bestpos,/novatel/oem7/bestvel,39.663,-75.756,33.180992476,0.000415571,-0.001150398,,,,241.020269500,novatel_oem7_msgs.msg.SolutionStatus(status=0),novatel_oem7_msgs.msg.PositionOrVelocityType(type=53)
1786043869116068371,1786043869.115395480,/novatel/oem7/odom,/novatel/oem7/bestpos,/novatel/oem7/odom,39.663,-75.756,33.180992476,0.000467983,-0.001113747,-0.000182511,-0.000430927,-0.001113747,,,
1786043869127276378,1786043869.125393959,/novatel/oem7/inspva,/novatel/oem7/inspva,/novatel/oem7/inspva,39.663,-75.756,-1.801371689,0.000440096,-0.001317824,-0.000435293,0.000064843,-0.001317824,,novatel_oem7_msgs.msg.InertialSolutionStatus(status=3),
1786043869128404476,1786043869.125760055,/novatel/oem7/fix,/novatel/oem7/fix,/novatel/oem7/inspva,39.663,-75.756,-1.801371689,0.000440096,-0.001317824,-0.000435293,0.000064843,-0.001317824,,0,
1786043869130543894,1786043869.126868337,/novatel/oem7/odom,/novatel/oem7/fix,/novatel/oem7/odom,39.663,-75.756,-1.801371689,0.000467982,-0.001113747,-0.000182508,-0.000430927,-0.001113747,,,
1786043869136177435,1786043869.135256362,/novatel/oem7/odom,/novatel/oem7/fix,/novatel/oem7/odom,39.663,-75.756,-1.801371689,0.000436871,-0.001318897,0.000046263,-0.000434415,-0.001318897,,,
1786043869146967798,1786043869.146158733,/novatel/oem7/inspva,/novatel/oem7/inspva,/novatel/oem7/inspva,39.663,-75.756,-1.801369794,0.000498375,-0.001353101,-0.000426232,0.000258272,-0.001353101,,novatel_oem7_msgs.msg.InertialSolutionStatus(status=3),
1786043869148867585,1786043869.146403292,/novatel/oem7/fix,/novatel/oem7/fix,/novatel/oem7/inspva,39.663,-75.756,-1.801369794,0.000498375,-0.001353101,-0.000426232,0.000258272,-0.001353101,,0,
1786043869150120777,1786043869.147189567,/novatel/oem7/odom,/novatel/oem7/fix,/novatel/oem7/odom,39.663,-75.756,-1.801369794,0.000497346,-0.001353479,0.000240024,-0.000435594,-0.001353479,,,
1786043869156739815,1786043869.155792168,/novatel/oem7/odom,/novatel/oem7/fix,/novatel/oem7/odom,39.663,-75.756,-1.801369794,0.000497346,-0.001353479,0.000240024,-0.000435594,-0.001353479,,,
1786043869166098273,1786043869.165172434,/novatel/oem7/inspva,/novatel/oem7/inspva,/novatel/oem7/inspva,39.663,-75.756,-1.801371614,0.000225279,-0.001196780,-0.000214945,-0.000067451,-0.001196780,,novatel_oem7_msgs.msg.InertialSolutionStatus(status=3),
1786043869168004322,1786043869.165412726,/novatel/oem7/fix,/novatel/oem7/fix,/novatel/oem7/inspva,39.663,-75.756,-1.801371614,0.000225279,-0.001196780,-0.000214945,-0.000067451,-0.001196780,,0,
1786043869169363449,1786043869.166099483,/novatel/oem7/odom,/novatel/oem7/fix,/novatel/oem7/odom,39.663,-75.756,-1.801371614,0.000220626,-0.001197646,-0.000074493,-0.000207669,-0.001197646,,,
1786043869176342007,1786043869.175557986,/novatel/oem7/odom,/novatel/oem7/fix,/novatel/oem7/odom,39.663,-75.756,-1.801371614,0.000220626,-0.001197646,-0.000074493,-0.000207669,-0.001197646,,,
1786043869185851687,1786043869.185127790,/novatel/oem7/inspva,/novatel/oem7/inspva,/novatel/oem7/inspva,39.663,-75.756,-1.801369970,0.000196100,-0.001168690,0.000039613,0.000192058,-0.001168690,,novatel_oem7_msgs.msg.InertialSolutionStatus(status=3),
1786043869187447374,1786043869.185331842,/novatel/oem7/fix,/novatel/oem7/fix,/novatel/oem7/inspva,39.663,-75.756,-1.801369970,0.000196100,-0.001168690,0.000039613,0.000192058,-0.001168690,,0,
1786043869188640976,1786043869.185859551,/novatel/oem7/odom,/novatel/oem7/fix,/novatel/oem7/odom,39.663,-75.756,-1.801369970,0.000200787,-0.001167894,0.000198122,0.000032606,-0.001167894,,,
1786043869195631317,1786043869.194634291,/novatel/oem7/odom,/novatel/oem7/fix,/novatel/oem7/odom,39.663,-75.756,-1.801369970,0.000200787,-0.001167894,0.000198122,0.000032606,-0.001167894,,,
1786043869207243375,1786043869.206495524,/novatel/oem7/inspva,/novatel/oem7/inspva,/novatel/oem7/inspva,39.663,-75.756,-1.801373833,0.000294462,-0.001308346,-0.000290176,-0.000050059,-0.001308346,,novatel_oem7_msgs.msg.InertialSolutionStatus(status=3),
1786043869209059267,1786043869.206713417,/novatel/oem7/fix,/novatel/oem7/fix,/novatel/oem7/inspva,39.663,-75.756,-1.801373833,0.000294462,-0.001308346,-0.000290176,-0.000050059,-0.001308346,,0,
1786043869210614226,1786043869.207322693,/novatel/oem7/odom,/novatel/oem7/fix,/novatel/oem7/odom,39.663,-75.756,-1.801373833,0.000289839,-0.001309378,-0.000060747,-0.000283401,-0.001309378,,,
1786043869212574589,1786043869.210075448,/novatel/oem7/bestpos,/novatel/oem7/bestpos,/novatel/oem7/odom,39.663,-75.756,33.180983512,0.000289839,-0.001309378,-0.000060747,-0.000283401,-0.001309378,,novatel_oem7_msgs.msg.SolutionStatus(status=0),novatel_oem7_msgs.msg.PositionOrVelocityType(type=53)
1786043869213597190,1786043869.210489048,/novatel/oem7/bestvel,/novatel/oem7/bestpos,/novatel/oem7/bestvel,39.663,-75.756,33.180983512,0.000303995,-0.001300983,,,,190.282176328,novatel_oem7_msgs.msg.SolutionStatus(status=0),novatel_oem7_msgs.msg.PositionOrVelocityType(type=53)
1786043869215576950,1786043869.214649787,/novatel/oem7/odom,/novatel/oem7/bestpos,/novatel/oem7/odom,39.663,-75.756,33.180983512,0.000289839,-0.001309378,-0.000060747,-0.000283401,-0.001309378,,,
1786043869225951979,1786043869.224880452,/novatel/oem7/inspva,/novatel/oem7/inspva,/novatel/oem7/inspva,39.663,-75.756,-1.801374763,0.000533720,-0.001533405,-0.000216927,0.000487647,-0.001533405,,novatel_oem7_msgs.msg.InertialSolutionStatus(status=3),
1786043869227920883,1786043869.225126151,/novatel/oem7/fix,/novatel/oem7/fix,/novatel/oem7/inspva,39.663,-75.756,-1.801374763,0.000533720,-0.001533405,-0.000216927,0.000487647,-0.001533405,,0,
1786043869229407198,1786043869.226631399,/novatel/oem7/odom,/novatel/oem7/fix,/novatel/oem7/odom,39.663,-75.756,-1.801374763,0.000289833,-0.001309380,-0.000060757,-0.000283393,-0.001309380,,,
1786043869236494963,1786043869.235569460,/novatel/oem7/odom,/novatel/oem7/fix,/novatel/oem7/odom,39.663,-75.756,-1.801374763,0.000536717,-0.001532359,0.000480902,-0.000238325,-0.001532359,,,
1786043869246103215,1786043869.245316333,/novatel/oem7/inspva,/novatel/oem7/inspva,/novatel/oem7/inspva,39.663,-75.756,-1.801377509,0.000205092,-0.001053158,-0.000156160,0.000132953,-0.001053158,,novatel_oem7_msgs.msg.InertialSolutionStatus(status=3),
1786043869248073171,1786043869.245637896,/novatel/oem7/fix,/novatel/oem7/fix,/novatel/oem7/inspva,39.663,-75.756,-1.801377509,0.000205092,-0.001053158,-0.000156160,0.000132953,-0.001053158,,0,
1786043869249497875,1786043869.246182408,/novatel/oem7/odom,/novatel/oem7/fix,/novatel/oem7/odom,39.663,-75.756,-1.801377509,0.000205102,-0.001053156,0.000128246,-0.000160061,-0.001053156,,,
1786043869257542927,1786043869.256492727,/novatel/oem7/odom,/novatel/oem7/fix,/novatel/oem7/odom,39.663,-75.756,-1.801377509,0.000205102,-0.001053156,0.000128246,-0.000160061,-0.001053156,,,
1786043869267012124,1786043869.266081984,/novatel/oem7/inspva,/novatel/oem7/inspva,/novatel/oem7/inspva,39.663,-75.756,-1.801381471,0.000476531,-0.001511315,0.000016573,0.000476242,-0.001511315,,novatel_oem7_msgs.msg.InertialSolutionStatus(status=3),
1786043869268874080,1786043869.266316967,/novatel/oem7/fix,/novatel/oem7/fix,/novatel/oem7/inspva,39.663,-75.756,-1.801381471,0.000476531,-0.001511315,0.000016573,0.000476242,-0.001511315,,0,
1786043869270282357,1786043869.266867682,/novatel/oem7/odom,/novatel/oem7/fix,/novatel/oem7/odom,39.663,-75.756,-1.801381471,0.000481922,-0.001509605,0.000481900,-0.000004615,-0.001509605,,,
1786043869275381666,1786043869.274505514,/novatel/oem7/odom,/novatel/oem7/fix,/novatel/oem7/odom,39.663,-75.756,-1.801381471,0.000481922,-0.001509605,0.000481900,-0.000004615,-0.001509605,,,
1786043869285909423,1786043869.285132272,/novatel/oem7/inspva,/novatel/oem7/inspva,/novatel/oem7/inspva,39.663,-75.756,-1.801384420,0.000534020,-0.001222198,-0.000174768,0.000504613,-0.001222198,,novatel_oem7_msgs.msg.InertialSolutionStatus(status=3),
1786043869287649544,1786043869.285333027,/novatel/oem7/fix,/novatel/oem7/fix,/novatel/oem7/inspva,39.663,-75.756,-1.801384420,0.000534020,-0.001222198,-0.000174768,0.000504613,-0.001222198,,0,
1786043869288841283,1786043869.285904410,/novatel/oem7/odom,/novatel/oem7/fix,/novatel/oem7/odom,39.663,-75.756,-1.801384420,0.000536830,-0.001220966,0.000498976,-0.000198014,-0.001220966,,,
1786043869296745826,1786043869.295798254,/novatel/oem7/odom,/novatel/oem7/fix,/novatel/oem7/odom,39.663,-75.756,-1.801384420,0.000536830,-0.001220966,0.000498976,-0.000198014,-0.001220966,,,
1786043869306701952,1786043869.305836019,/novatel/oem7/inspva,/novatel/oem7/inspva,/novatel/oem7/inspva,39.663,-75.756,-1.801385390,0.000722929,-0.001151321,-0.000106158,0.000715093,-0.001151321,,novatel_oem7_msgs.msg.InertialSolutionStatus(status=3),
1786043869308586197,1786043869.306049485,/novatel/oem7/fix,/novatel/oem7/fix,/novatel/oem7/inspva,39.663,-75.756,-1.801385390,0.000722929,-0.001151321,-0.000106158,0.000715093,-0.001151321,,0,
1786043869310140663,1786043869.306593960,/novatel/oem7/odom,/novatel/oem7/fix,/novatel/oem7/odom,39.663,-75.756,-1.801385390,0.000726362,-0.001149158,0.000712558,-0.000140935,-0.001149158,,,
1786043869312239334,1786043869.309553797,/novatel/oem7/bestpos,/novatel/oem7/bestpos,/novatel/oem7/odom,39.663,-75.756,33.180973831,0.000726362,-0.001149158,0.000712558,-0.000140935,-0.001149158,,novatel_oem7_msgs.msg.SolutionStatus(status=0),novatel_oem7_msgs.msg.PositionOrVelocityType(type=53)
1786043869313178454,1786043869.310292758,/novatel/oem7/bestvel,/novatel/oem7/bestpos,/novatel/oem7/bestvel,39.663,-75.756,33.180973831,0.000523089,-0.001148687,,,,83.300969620,novatel_oem7_msgs.msg.SolutionStatus(status=0),novatel_oem7_msgs.msg.PositionOrVelocityType(type=53)
1786043869315760307,1786043869.314616058,/novatel/oem7/odom,/novatel/oem7/bestpos,/novatel/oem7/odom,39.663,-75.756,33.180973831,0.000726362,-0.001149158,0.000712558,-0.000140935,-0.001149158,,,
1786043869327464733,1786043869.326848747,/novatel/oem7/inspva,/novatel/oem7/inspva,/novatel/oem7/inspva,39.663,-75.756,-1.801390918,0.000900983,-0.001201919,-0.000307239,0.000846979,-0.001201919,,novatel_oem7_msgs.msg.InertialSolutionStatus(status=3),
1786043869328339148,1786043869.327018620,/novatel/oem7/fix,/novatel/oem7/fix,/novatel/oem7/inspva,39.663,-75.756,-1.801390918,0.000900983,-0.001201919,-0.000307239,0.000846979,-0.001201919,,0,
1786043869328929228,1786043869.327619501,/novatel/oem7/odom,/novatel/oem7/fix,/novatel/oem7/odom,39.663,-75.756,-1.801390918,0.000903660,-0.001199907,0.000833704,-0.000348625,-0.001199907,,,
1786043869335540573,1786043869.335038600,/novatel/oem7/odom,/novatel/oem7/fix,/novatel/oem7/odom,39.663,-75.756,-1.801390918,0.000903660,-0.001199907,0.000833704,-0.000348625,-0.001199907,,,
1786043869345786536,1786043869.345182327,/novatel/oem7/inspva,/novatel/oem7/inspva,/novatel/oem7/inspva,39.663,-75.756,-1.801393003,0.000863944,-0.001429064,-0.000076370,0.000860562,-0.001429064,,novatel_oem7_msgs.msg.InertialSolutionStatus(status=3),
1786043869346885029,1786043869.345554483,/novatel/oem7/fix,/novatel/oem7/fix,/novatel/oem7/inspva,39.663,-75.756,-1.801393003,0.000863944,-0.001429064,-0.000076370,0.000860562,-0.001429064,,0,
1786043869347522829,1786043869.346033658,/novatel/oem7/odom,/novatel/oem7/fix,/novatel/oem7/odom,39.663,-75.756,-1.801393003,0.000868476,-0.001426315,0.000860398,-0.000118174,-0.001426315,,,
1786043869356714513,1786043869.356050850,/novatel/oem7/odom,/novatel/oem7/fix,/novatel/oem7/odom,39.663,-75.756,-1.801393003,0.000868476,-0.001426315,0.000860398,-0.000118174,-0.001426315,,,
1786043869369398319,1786043869.365394533,/novatel/oem7/inspva,/novatel/oem7/inspva,/novatel/oem7/inspva,39.663,-75.756,-1.801396540,0.000911228,-0.001097576,-0.000319358,0.000853433,-0.001097576,,novatel_oem7_msgs.msg.InertialSolutionStatus(status=3),
1786043869378117412,1786043869.365580776,/novatel/oem7/fix,/novatel/oem7/fix,/novatel/oem7/inspva,39.663,-75.756,-1.801396540,0.000911228,-0.001097576,-0.000319358,0.000853433,-0.001097576,,0,
1786043869380452835,1786043869.366087089,/novatel/oem7/odom,/novatel/oem7/fix,/novatel/oem7/odom,39.663,-75.756,-1.801396540,0.000913621,-0.001095586,0.000839126,-0.000361346,-0.001095586,,,
1786043869381660595,1786043869.375038767,/novatel/oem7/odom,/novatel/oem7/fix,/novatel/oem7/odom,39.663,-75.756,-1.801396540,0.000913621,-0.001095586,0.000839126,-0.000361346,-0.001095586,,,
1786043869386544456,1786043869.386023874,/novatel/oem7/inspva,/novatel/oem7/inspva,/novatel/oem7/inspva,39.663,-75.756,-1.801397499,0.001045217,-0.001118015,-0.000418548,0.000957755,-0.001118015,,novatel_oem7_msgs.msg.InertialSolutionStatus(status=3),
1786043869387347285,1786043869.386274667,/novatel/oem7/fix,/novatel/oem7/fix,/novatel/oem7/inspva,39.663,-75.756,-1.801397499,0.001045217,-0.001118015,-0.000418548,0.000957755,-0.001118015,,0,
1786043869387876287,1786043869.386822881,/novatel/oem7/odom,/novatel/oem7/fix,/novatel/oem7/odom,39.663,-75.756,-1.801397499,0.001047411,-0.001115960,0.000938072,-0.000465930,-0.001115960,,,
1786043869396013403,1786043869.395443265,/novatel/oem7/odom,/novatel/oem7/fix,/novatel/oem7/odom,39.663,-75.756,-1.801397499,0.001047411,-0.001115960,0.000938072,-0.000465930,-0.001115960,,,
1786043869407514637,1786043869.406835887,/novatel/oem7/inspva,/novatel/oem7/inspva,/novatel/oem7/inspva,39.663,-75.756,-1.801404466,0.000765778,-0.001476982,-0.000170744,0.000746500,-0.001476982,,novatel_oem7_msgs.msg.InertialSolutionStatus(status=3),
1786043869408476357,1786043869.407891536,/novatel/oem7/fix,/novatel/oem7/fix,/novatel/oem7/inspva,39.663,-75.756,-1.801404466,0.000765778,-0.001476982,-0.000170744,0.000746500,-0.001476982,,0,
1786043869410001857,1786043869.409221192,/novatel/oem7/odom,/novatel/oem7/fix,/novatel/oem7/odom,39.663,-75.756,-1.801404466,0.000769782,-0.001474899,0.000741655,-0.000206185,-0.001474899,,,
1786043869411454564,1786043869.410709107,/novatel/oem7/bestpos,/novatel/oem7/bestpos,/novatel/oem7/odom,39.663,-75.756,33.180951642,0.000769782,-0.001474899,0.000741655,-0.000206185,-0.001474899,,novatel_oem7_msgs.msg.SolutionStatus(status=0),novatel_oem7_msgs.msg.PositionOrVelocityType(type=53)
1786043869412314752,1786043869.411249841,/novatel/oem7/bestvel,/novatel/oem7/bestpos,/novatel/oem7/bestvel,39.663,-75.756,33.180951642,0.001000166,-0.001568628,,,,102.450332351,novatel_oem7_msgs.msg.SolutionStatus(status=0),novatel_oem7_msgs.msg.PositionOrVelocityType(type=53)
1786043869416037761,1786043869.415499323,/novatel/oem7/odom,/novatel/oem7/bestpos,/novatel/oem7/odom,39.663,-75.756,33.180951642,0.000769782,-0.001474899,0.000741655,-0.000206185,-0.001474899,,,
1786043869426638740,1786043869.425406824,/novatel/oem7/inspva,/novatel/oem7/inspva,/novatel/oem7/inspva,39.663,-75.756,-1.801404209,0.000910965,-0.001290998,-0.000327253,0.000850154,-0.001290998,,novatel_oem7_msgs.msg.InertialSolutionStatus(status=3),
1786043869427777226,1786043869.427008502,/novatel/oem7/fix,/novatel/oem7/fix,/novatel/oem7/inspva,39.663,-75.756,-1.801404209,0.000910965,-0.001290998,-0.000327253,0.000850154,-0.001290998,,0,
1786043869428788552,1786043869.428060057,/novatel/oem7/odom,/novatel/oem7/fix,/novatel/oem7/odom,39.663,-75.756,-1.801404209,0.000913730,-0.001289043,0.000836116,-0.000368528,-0.001289043,,,
1786043869435216381,1786043869.434778232,/novatel/oem7/odom,/novatel/oem7/fix,/novatel/oem7/odom,39.663,-75.756,-1.801404209,0.000913730,-0.001289043,0.000836116,-0.000368528,-0.001289043,,,
1786043869447310072,1786043869.446544257,/novatel/oem7/inspva,/novatel/oem7/inspva,/novatel/oem7/inspva,39.663,-75.756,-1.801410595,0.001009365,-0.001099999,-0.000314263,0.000959196,-0.001099999,,novatel_oem7_msgs.msg.InertialSolutionStatus(status=3),
1786043869448661148,1786043869.446736377,/novatel/oem7/fix,/novatel/oem7/fix,/novatel/oem7/inspva,39.663,-75.756,-1.801410595,0.001009365,-0.001099999,-0.000314263,0.000959196,-0.001099999,,0,
1786043869449516080,1786043869.447118014,/novatel/oem7/odom,/novatel/oem7/fix,/novatel/oem7/odom,39.663,-75.756,-1.801410595,0.001011960,-0.001097612,0.000945032,-0.000361911,-0.001097612,,,
1786043869457888315,1786043869.457098059,/novatel/oem7/odom,/novatel/oem7/fix,/novatel/oem7/odom,39.663,-75.756,-1.801410595,0.001011960,-0.001097612,0.000945032,-0.000361911,-0.001097612,,,
1786043869466133836,1786043869.465325800,/novatel/oem7/inspva,/novatel/oem7/inspva,/novatel/oem7/inspva,39.663,-75.756,-1.801413303,0.001013358,-0.001155801,-0.000469489,0.000898039,-0.001155801,,novatel_oem7_msgs.msg.InertialSolutionStatus(status=3),
1786043869467387884,1786043869.466413885,/novatel/oem7/fix,/novatel/oem7/fix,/novatel/oem7/inspva,39.663,-75.756,-1.801413303,0.001013358,-0.001155801,-0.000469489,0.000898039,-0.001155801,,0,
1786043869468843899,1786043869.467578723,/novatel/oem7/odom,/novatel/oem7/fix,/novatel/oem7/odom,39.663,-75.756,-1.801413303,0.001015295,-0.001154100,0.000875873,-0.000513489,-0.001154100,,,
1786043869476125765,1786043869.475404486,/novatel/oem7/odom,/novatel/oem7/fix,/novatel/oem7/odom,39.663,-75.756,-1.801413303,0.001015295,-0.001154100,0.000875873,-0.000513489,-0.001154100,,,
1786043869486922809,1786043869.485323968,/novatel/oem7/inspva,/novatel/oem7/inspva,/novatel/oem7/inspva,39.663,-75.756,-1.801422403,0.000791306,-0.001467556,-0.000346247,0.000711532,-0.001467556,,novatel_oem7_msgs.msg.InertialSolutionStatus(status=3),
1786043869488730548,1786043869.485526387,/novatel/oem7/fix,/novatel/oem7/fix,/novatel/oem7/inspva,39.663,-75.756,-1.801422403,0.000791306,-0.001467556,-0.000346247,0.000711532,-0.001467556,,0,
1786043869490058809,1786043869.486565843,/novatel/oem7/odom,/novatel/oem7/fix,/novatel/oem7/odom,39.663,-75.756,-1.801422403,0.001015283,-0.001154111,0.000875853,-0.000513498,-0.001154111,,,
1786043869495605717,1786043869.494779660,/novatel/oem7/odom,/novatel/oem7/fix,/novatel/oem7/odom,39.663,-75.756,-1.801422403,0.000793939,-0.001466134,0.000697316,-0.000379591,-0.001466134,,,
1786043869506800028,1786043869.506123242,/novatel/oem7/inspva,/novatel/oem7/inspva,/novatel/oem7/inspva,39.663,-75.756,-1.801425049,0.000949467,-0.001194043,-0.000531802,0.000786559,-0.001194043,,novatel_oem7_msgs.msg.InertialSolutionStatus(status=3),
1786043869508407130,1786043869.506374795,/novatel/oem7/fix,/novatel/oem7/fix,/novatel/oem7/inspva,39.663,-75.756,-1.801425049,0.000949467,-0.001194043,-0.000531802,0.000786559,-0.001194043,,0,
1786043869509797610,1786043869.507013011,/novatel/oem7/odom,/novatel/oem7/fix,/novatel/oem7/odom,39.663,-75.756,-1.801425049,0.000950876,-0.001192921,0.000761350,-0.000569660,-0.001192921,,,
1786043869511706695,1786043869.511042962,/novatel/oem7/bestpos,/novatel/oem7/bestpos,/novatel/oem7/odom,39.663,-75.756,33.180935498,0.000950876,-0.001192921,0.000761350,-0.000569660,-0.001192921,,novatel_oem7_msgs.msg.SolutionStatus(status=0),novatel_oem7_msgs.msg.PositionOrVelocityType(type=53)
1786043869512987403,1786043869.511574144,/novatel/oem7/bestvel,/novatel/oem7/bestpos,/novatel/oem7/bestvel,39.663,-75.756,33.180935498,0.001095575,-0.001147441,,,,128.181256733,novatel_oem7_msgs.msg.SolutionStatus(status=0),novatel_oem7_msgs.msg.PositionOrVelocityType(type=53)
1786043869515625579,1786043869.514536874,/novatel/oem7/odom,/novatel/oem7/bestpos,/novatel/oem7/odom,39.663,-75.756,33.180935498,0.000950876,-0.001192921,0.000761350,-0.000569660,-0.001192921,,,
1786043869525827943,1786043869.525265163,/novatel/oem7/inspva,/novatel/oem7/inspva,/novatel/oem7/inspva,39.663,-75.756,-1.801432619,0.001110930,-0.001319614,-0.000152098,0.001100469,-0.001319614,,novatel_oem7_msgs.msg.InertialSolutionStatus(status=3),
1786043869527154109,1786043869.525452199,/novatel/oem7/fix,/novatel/oem7/fix,/novatel/oem7/inspva,39.663,-75.756,-1.801432619,0.001110930,-0.001319614,-0.000152098,0.001100469,-0.001319614,,0,
1786043869528214853,1786043869.526138126,/novatel/oem7/odom,/novatel/oem7/fix,/novatel/oem7/odom,39.663,-75.756,-1.801432619,0.001114904,-0.001316259,0.001095535,-0.000206914,-0.001316259,,,
1786043869536038320,1786043869.535382643,/novatel/oem7/odom,/novatel/oem7/fix,/novatel/oem7/odom,39.663,-75.756,-1.801432619,0.001114904,-0.001316259,0.001095535,-0.000206914,-0.001316259,,,
1786043869546031538,1786043869.545075792,/novatel/oem7/inspva,/novatel/oem7/inspva,/novatel/oem7/inspva,39.663,-75.756,-1.801432662,0.000825075,-0.000921666,-0.000481603,0.000669931,-0.000921666,,novatel_oem7_msgs.msg.InertialSolutionStatus(status=3),
1786043869548129563,1786043869.545295414,/novatel/oem7/fix,/novatel/oem7/fix,/novatel/oem7/inspva,39.663,-75.756,-1.801432662,0.000825075,-0.000921666,-0.000481603,0.000669931,-0.000921666,,0,
1786043869549586621,1786043869.546073642,/novatel/oem7/odom,/novatel/oem7/fix,/novatel/oem7/odom,39.663,-75.756,-1.801432662,0.000826052,-0.000920790,0.000646592,-0.000514083,-0.000920790,,,
1786043869556643173,1786043869.555770924,/novatel/oem7/odom,/novatel/oem7/fix,/novatel/oem7/odom,39.663,-75.756,-1.801432662,0.000826052,-0.000920790,0.000646592,-0.000514083,-0.000920790,,,
1786043869567079176,1786043869.566591771,/novatel/oem7/inspva,/novatel/oem7/inspva,/novatel/oem7/inspva,39.663,-75.756,-1.801440625,0.001322163,-0.001115866,-0.000393002,0.001262404,-0.001115866,,novatel_oem7_msgs.msg.InertialSolutionStatus(status=3),
1786043869568412886,1786043869.566732409,/novatel/oem7/fix,/novatel/oem7/fix,/novatel/oem7/inspva,39.663,-75.756,-1.801440625,0.001322163,-0.001115866,-0.000393002,0.001262404,-0.001115866,,0,
1786043869569444070,1786043869.567133526,/novatel/oem7/odom,/novatel/oem7/fix,/novatel/oem7/odom,39.663,-75.756,-1.801440625,0.001324850,-0.001112674,0.001243648,-0.000456690,-0.001112674,,,
1786043869575959816,1786043869.575002403,/novatel/oem7/odom,/novatel/oem7/fix,/novatel/oem7/odom,39.663,-75.756,-1.801440625,0.001324850,-0.001112674,0.001243648,-0.000456690,-0.001112674,,,
1786043869586380195,1786043869.585335227,/novatel/oem7/inspva,/novatel/oem7/inspva,/novatel/oem7/inspva,39.663,-75.756,-1.801442035,0.000919831,-0.001011451,-0.000465514,0.000793339,-0.001011451,,novatel_oem7_msgs.msg.InertialSolutionStatus(status=3),
1786043869588019232,1786043869.586529619,/novatel/oem7/fix,/novatel/oem7/fix,/novatel/oem7/inspva,39.663,-75.756,-1.801442035,0.000919831,-0.001011451,-0.000465514,0.000793339,-0.001011451,,0,
1786043869589982249,1786043869.587497621,/novatel/oem7/odom,/novatel/oem7/fix,/novatel/oem7/odom,39.663,-75.756,-1.801442035,0.000921314,-0.001010101,0.000771009,-0.000504345,-0.001010101,,,
1786043869596526679,1786043869.595755708,/novatel/oem7/odom,/novatel/oem7/fix,/novatel/oem7/odom,39.663,-75.756,-1.801442035,0.000921314,-0.001010101,0.000771009,-0.000504345,-0.001010101,,,
1786043869607725127,1786043869.606885051,/novatel/oem7/inspva,/novatel/oem7/inspva,/novatel/oem7/inspva,39.663,-75.756,-1.801453872,0.001025801,-0.001420792,-0.000356811,0.000961745,-0.001420792,,novatel_oem7_msgs.msg.InertialSolutionStatus(status=3),
1786043869609668293,1786043869.607164048,/novatel/oem7/fix,/novatel/oem7/fix,/novatel/oem7/inspva,39.663,-75.756,-1.801453872,0.001025801,-0.001420792,-0.000356811,0.000961745,-0.001420792,,0,
1786043869610950296,1786043869.607715350,/novatel/oem7/odom,/novatel/oem7/fix,/novatel/oem7/odom,39.663,-75.756,-1.801453872,0.001028936,-0.001418523,0.000946459,-0.000403639,-0.001418523,,,
1786043869612919866,1786043869.610256339,/novatel/oem7/bestpos,/novatel/oem7/bestpos,/novatel/oem7/odom,39.663,-75.756,33.180903036,0.001028936,-0.001418523,0.000946459,-0.000403639,-0.001418523,,novatel_oem7_msgs.msg.SolutionStatus(status=0),novatel_oem7_msgs.msg.PositionOrVelocityType(type=53)
1786043869614104112,1786043869.610605586,/novatel/oem7/bestvel,/novatel/oem7/bestpos,/novatel/oem7/bestvel,39.663,-75.756,33.180903036,0.001419579,-0.001267576,,,,124.446006275,novatel_oem7_msgs.msg.SolutionStatus(status=0),novatel_oem7_msgs.msg.PositionOrVelocityType(type=53)
1786043869616091462,1786043869.615053787,/novatel/oem7/odom,/novatel/oem7/bestpos,/novatel/oem7/odom,39.663,-75.756,33.180903036,0.001028936,-0.001418523,0.000946459,-0.000403639,-0.001418523,,,
1786043869626840928,1786043869.626194993,/novatel/oem7/inspva,/novatel/oem7/inspva,/novatel/oem7/inspva,39.663,-75.756,-1.801457100,0.001069566,-0.001400508,-0.000555041,0.000914276,-0.001400508,,novatel_oem7_msgs.msg.InertialSolutionStatus(status=3),
1786043869628553445,1786043869.626327624,/novatel/oem7/fix,/novatel/oem7/fix,/novatel/oem7/inspva,39.663,-75.756,-1.801457100,0.001069566,-0.001400508,-0.000555041,0.000914276,-0.001400508,,0,
1786043869629874222,1786043869.626941049,/novatel/oem7/odom,/novatel/oem7/fix,/novatel/oem7/odom,39.663,-75.756,-1.801457100,0.001071544,-0.001398996,0.000888409,-0.000599112,-0.001398996,,,
1786043869635370524,1786043869.634750772,/novatel/oem7/odom,/novatel/oem7/fix,/novatel/oem7/odom,39.663,-75.756,-1.801457100,0.001071544,-0.001398996,0.000888409,-0.000599112,-0.001398996,,,
1786043869646662376,1786043869.645415827,/novatel/oem7/inspva,/novatel/oem7/inspva,/novatel/oem7/inspva,39.663,-75.756,-1.801463514,0.000889588,-0.000983842,-0.000104495,0.000883429,-0.000983842,,novatel_oem7_msgs.msg.InertialSolutionStatus(status=3),
1786043869648903066,1786043869.645756931,/novatel/oem7/fix,/novatel/oem7/fix,/novatel/oem7/inspva,39.663,-75.756,-1.801463514,0.000889588,-0.000983842,-0.000104495,0.000883429,-0.000983842,,0,
1786043869650437282,1786043869.646233894,/novatel/oem7/odom,/novatel/oem7/fix,/novatel/oem7/odom,39.663,-75.756,-1.801463514,0.000892634,-0.000981079,0.000880155,-0.000148738,-0.000981079,,,
1786043869656939994,1786043869.655982584,/novatel/oem7/odom,/novatel/oem7/fix,/novatel/oem7/odom,39.663,-75.756,-1.801463514,0.000892634,-0.000981079,0.000880155,-0.000148738,-0.000981079,,,
1786043869665985190,1786043869.665289079,/novatel/oem7/inspva,/novatel/oem7/inspva,/novatel/oem7/inspva,39.663,-75.756,-1.801470476,0.000875302,-0.001148830,-0.000108441,0.000868559,-0.001148830,,novatel_oem7_msgs.msg.InertialSolutionStatus(status=3),
1786043869667400787,1786043869.665405109,/novatel/oem7/fix,/novatel/oem7/fix,/novatel/oem7/inspva,39.663,-75.756,-1.801470476,0.000875302,-0.001148830,-0.000108441,0.000868559,-0.001148830,,0,
1786043869668408215,1786043869.665845445,/novatel/oem7/odom,/novatel/oem7/fix,/novatel/oem7/odom,39.663,-75.756,-1.801470476,0.000878833,-0.001146131,0.000865688,-0.000151432,-0.001146131,,,
1786043869675347935,1786043869.674492256,/novatel/oem7/odom,/novatel/oem7/fix,/novatel/oem7/odom,39.663,-75.756,-1.801470476,0.000878833,-0.001146131,0.000865688,-0.000151432,-0.001146131,,,
1786043869687141531,1786043869.686571376,/novatel/oem7/inspva,/novatel/oem7/inspva,/novatel/oem7/inspva,39.663,-75.756,-1.801480656,0.000989287,-0.001103385,-0.000040498,0.000988458,-0.001103385,,novatel_oem7_msgs.msg.InertialSolutionStatus(status=3),
1786043869688463372,1786043869.686747911,/novatel/oem7/fix,/novatel/oem7/fix,/novatel/oem7/inspva,39.663,-75.756,-1.801480656,0.000989287,-0.001103385,-0.000040498,0.000988458,-0.001103385,,0,
1786043869689473009,1786043869.687480715,/novatel/oem7/odom,/novatel/oem7/fix,/novatel/oem7/odom,39.663,-75.756,-1.801480656,0.000992980,-0.001100063,0.000988884,-0.000090099,-0.001100063,,,
1786043869695829354,1786043869.695187947,/novatel/oem7/odom,/novatel/oem7/fix,/novatel/oem7/odom,39.663,-75.756,-1.801480656,0.000992980,-0.001100063,0.000988884,-0.000090099,-0.001100063,,,
1786043869706554153,1786043869.705754031,/novatel/oem7/inspva,/novatel/oem7/inspva,/novatel/oem7/inspva,39.663,-75.756,-1.801489515,0.000946426,-0.001427203,-0.000004737,0.000946415,-0.001427203,,novatel_oem7_msgs.msg.InertialSolutionStatus(status=3),
1786043869708158285,1786043869.705911055,/novatel/oem7/fix,/novatel/oem7/fix,/novatel/oem7/inspva,39.663,-75.756,-1.801489515,0.000946426,-0.001427203,-0.000004737,0.000946415,-0.001427203,,0,
1786043869709682358,1786043869.706357407,/novatel/oem7/odom,/novatel/oem7/fix,/novatel/oem7/odom,39.663,-75.756,-1.801489515,0.000951362,-0.001423918,0.000949981,-0.000051238,-0.001423918,,,
1786043869711270511,1786043869.709503599,/novatel/oem7/bestpos,/novatel/oem7/bestpos,/novatel/oem7/odom,39.663,-75.756,33.180865062,0.000951362,-0.001423918,0.000949981,-0.000051238,-0.001423918,,novatel_oem7_msgs.msg.SolutionStatus(status=0),novatel_oem7_msgs.msg.PositionOrVelocityType(type=53)
1786043869712501263,1786043869.709994584,/novatel/oem7/bestvel,/novatel/oem7/bestpos,/novatel/oem7/bestvel,39.663,-75.756,33.180865062,0.001135114,-0.001501718,,,,92.117294633,novatel_oem7_msgs.msg.SolutionStatus(status=0),novatel_oem7_msgs.msg.PositionOrVelocityType(type=53)
1786043869716236195,1786043869.715477644,/novatel/oem7/odom,/novatel/oem7/bestpos,/novatel/oem7/odom,39.663,-75.756,33.180865062,0.000951362,-0.001423918,0.000949981,-0.000051238,-0.001423918,,,
1786043869726024717,1786043869.725375475,/novatel/oem7/inspva,/novatel/oem7/inspva,/novatel/oem7/inspva,39.663,-75.756,-1.801497342,0.001204405,-0.001022731,0.000063241,0.001202743,-0.001022731,,novatel_oem7_msgs.msg.InertialSolutionStatus(status=3),
1786043869727744192,1786043869.725632137,/novatel/oem7/fix,/novatel/oem7/fix,/novatel/oem7/inspva,39.663,-75.756,-1.801497342,0.001204405,-0.001022731,0.000063241,0.001202743,-0.001022731,,0,
1786043869729010485,1786043869.726272074,/novatel/oem7/odom,/novatel/oem7/fix,/novatel/oem7/odom,39.663,-75.756,-1.801497342,0.001208117,-0.001018343,0.001208116,0.000001818,-0.001018343,,,
1786043869735512364,1786043869.734867824,/novatel/oem7/odom,/novatel/oem7/fix,/novatel/oem7/odom,39.663,-75.756,-1.801497342,0.001208117,-0.001018343,0.001208116,0.000001818,-0.001018343,,,
1786043869747115306,1786043869.746034095,/novatel/oem7/inspva,/novatel/oem7/inspva,/novatel/oem7/inspva,39.663,-75.756,-1.801507972,0.001010661,-0.001193954,0.000098985,0.001005802,-0.001193954,,novatel_oem7_msgs.msg.InertialSolutionStatus(status=3),
1786043869749211020,1786043869.746340011,/novatel/oem7/fix,/novatel/oem7/fix,/novatel/oem7/inspva,39.663,-75.756,-1.801507972,0.001010661,-0.001193954,0.000098985,0.001005802,-0.001193954,,0,
1786043869750749049,1786043869.746979921,/novatel/oem7/odom,/novatel/oem7/fix,/novatel/oem7/odom,39.663,-75.756,-1.801507972,0.001015145,-0.001190144,0.001013986,0.000048511,-0.001190144,,,
1786043869756806411,1786043869.755979182,/novatel/oem7/odom,/novatel/oem7/fix,/novatel/oem7/odom,39.663,-75.756,-1.801507972,0.001015145,-0.001190144,0.001013986,0.000048511,-0.001190144,,,
1786043869765945898,1786043869.765334011,/novatel/oem7/inspva,/novatel/oem7/inspva,/novatel/oem7/inspva,39.663,-75.756,-1.801521190,0.001143950,-0.001319449,0.000214674,0.001123626,-0.001319449,,novatel_oem7_msgs.msg.InertialSolutionStatus(status=3),
1786043869767487420,1786043869.765560520,/novatel/oem7/fix,/novatel/oem7/fix,/novatel/oem7/inspva,39.663,-75.756,-1.801521190,0.001143950,-0.001319449,0.000214674,0.001123626,-0.001319449,,0,
1786043869768517477,1786043869.766068659,/novatel/oem7/odom,/novatel/oem7/fix,/novatel/oem7/odom,39.663,-75.756,-1.801521190,0.001149201,-0.001314878,0.001138276,0.000158083,-0.001314878,,,
1786043869776902152,1786043869.775617499,/novatel/oem7/odom,/novatel/oem7/fix,/novatel/oem7/odom,39.663,-75.756,-1.801521190,0.001149201,-0.001314878,0.001138276,0.000158083,-0.001314878,,,
1786043869785971748,1786043869.785276231,/novatel/oem7/inspva,/novatel/oem7/inspva,/novatel/oem7/inspva,39.663,-75.756,-1.801530942,0.001216754,-0.001159120,0.000473104,0.001121010,-0.001159120,,novatel_oem7_msgs.msg.InertialSolutionStatus(status=3),
1786043869787688729,1786043869.785570787,/novatel/oem7/fix,/novatel/oem7/fix,/novatel/oem7/inspva,39.663,-75.756,-1.801530942,0.001216754,-0.001159120,0.000473104,0.001121010,-0.001159120,,0,
1786043869789009509,1786043869.786004225,/novatel/oem7/odom,/novatel/oem7/fix,/novatel/oem7/odom,39.663,-75.756,-1.801530942,0.001221833,-0.001153765,0.001148888,0.000415853,-0.001153765,,,
1786043869795418281,1786043869.794604683,/novatel/oem7/odom,/novatel/oem7/fix,/novatel/oem7/odom,39.663,-75.756,-1.801530942,0.001221833,-0.001153765,0.001148888,0.000415853,-0.001153765,,,
1786043869806574861,1786043869.805853490,/novatel/oem7/inspva,/novatel/oem7/inspva,/novatel/oem7/inspva,39.663,-75.756,-1.801549312,0.001374681,-0.001555921,0.000387537,0.001318925,-0.001555921,,novatel_oem7_msgs.msg.InertialSolutionStatus(status=3),
1786043869808142184,1786043869.806070956,/novatel/oem7/fix,/novatel/oem7/fix,/novatel/oem7/inspva,39.663,-75.756,-1.801549312,0.001374681,-0.001555921,0.000387537,0.001318925,-0.001555921,,0,
1786043869809251325,1786043869.806798716,/novatel/oem7/odom,/novatel/oem7/fix,/novatel/oem7/odom,39.663,-75.756,-1.801549312,0.001381198,-0.001550140,0.001343390,0.000320952,-0.001550140,,,
1786043869811344200,1786043869.810207758,/novatel/oem7/bestpos,/novatel/oem7/bestpos,/novatel/oem7/odom,39.663,-75.756,33.180797859,0.001381198,-0.001550140,0.001343390,0.000320952,-0.001550140,,novatel_oem7_msgs.msg.SolutionStatus(status=0),novatel_oem7_msgs.msg.PositionOrVelocityType(type=53)
1786043869813123228,1786043869.810716153,/novatel/oem7/bestvel,/novatel/oem7/bestpos,/novatel/oem7/bestvel,39.663,-75.756,33.180797859,0.001292626,-0.001556152,,,,67.292918414,novatel_oem7_msgs.msg.SolutionStatus(status=0),novatel_oem7_msgs.msg.PositionOrVelocityType(type=53)
1786043869816005320,1786043869.815150729,/novatel/oem7/odom,/novatel/oem7/bestpos,/novatel/oem7/odom,39.663,-75.756,33.180797859,0.001381198,-0.001550140,0.001343390,0.000320952,-0.001550140,,,
1786043869825793357,1786043869.825167806,/novatel/oem7/inspva,/novatel/oem7/inspva,/novatel/oem7/inspva,39.663,-75.756,-1.801559938,0.001467714,-0.001424538,0.000633142,0.001324128,-0.001424538,,novatel_oem7_msgs.msg.InertialSolutionStatus(status=3),
1786043869827462427,1786043869.825291827,/novatel/oem7/fix,/novatel/oem7/fix,/novatel/oem7/inspva,39.663,-75.756,-1.801559938,0.001467714,-0.001424538,0.000633142,0.001324128,-0.001424538,,0,
1786043869828772007,1786043869.825745443,/novatel/oem7/odom,/novatel/oem7/fix,/novatel/oem7/odom,39.663,-75.756,-1.801559938,0.001474037,-0.001417995,0.001361223,0.000565559,-0.001417995,,,
1786043869836141992,1786043869.835516756,/novatel/oem7/odom,/novatel/oem7/fix,/novatel/oem7/odom,39.663,-75.756,-1.801559938,0.001474037,-0.001417995,0.001361223,0.000565559,-0.001417995,,,
1786043869847002843,1786043869.845937026,/novatel/oem7/inspva,/novatel/oem7/inspva,/novatel/oem7/inspva,39.663,-75.756,-1.801574031,0.001376704,-0.001242843,-0.000058214,0.001375473,-0.001242843,,novatel_oem7_msgs.msg.InertialSolutionStatus(status=3),
1786043869849022337,1786043869.846143178,/novatel/oem7/fix,/novatel/oem7/fix,/novatel/oem7/inspva,39.663,-75.756,-1.801574031,0.001376704,-0.001242843,-0.000058214,0.001375473,-0.001242843,,0,
1786043869850510422,1786043869.846585562,/novatel/oem7/odom,/novatel/oem7/fix,/novatel/oem7/odom,39.663,-75.756,-1.801574031,0.001474032,-0.001418000,0.001361211,0.000565576,-0.001418000,,,
1786043869857250807,1786043869.856366678,/novatel/oem7/odom,/novatel/oem7/fix,/novatel/oem7/odom,39.663,-75.756,-1.801574031,0.001380854,-0.001238230,0.001374904,-0.000128051,-0.001238230,,,
1786043869866771500,1786043869.865962678,/novatel/oem7/inspva,/novatel/oem7/inspva,/novatel/oem7/inspva,39.663,-75.756,-1.801589021,0.001378164,-0.001319690,0.000446081,0.001303974,-0.001319690,,novatel_oem7_msgs.msg.InertialSolutionStatus(status=3),
1786043869868505345,1786043869.866066671,/novatel/oem7/fix,/novatel/oem7/fix,/novatel/oem7/inspva,39.663,-75.756,-1.801589021,0.001378164,-0.001319690,0.000446081,0.001303974,-0.001319690,,0,
1786043869869550336,1786043869.866494665,/novatel/oem7/odom,/novatel/oem7/fix,/novatel/oem7/odom,39.663,-75.756,-1.801589021,0.001383784,-0.001313796,0.001330717,0.000379541,-0.001313796,,,
1786043869875532110,1786043869.874582647,/novatel/oem7/odom,/novatel/oem7/fix,/novatel/oem7/odom,39.663,-75.756,-1.801589021,0.001383784,-0.001313796,0.001330717,0.000379541,-0.001313796,,,
1786043869886234382,1786043869.885259299,/novatel/oem7/inspva,/novatel/oem7/inspva,/novatel/oem7/inspva,39.663,-75.756,-1.801613549,0.001191094,-0.001840470,0.000349754,0.001138585,-0.001840470,,novatel_oem7_msgs.msg.InertialSolutionStatus(status=3),
1786043869888019027,1786043869.885558329,/novatel/oem7/fix,/novatel/oem7/fix,/novatel/oem7/inspva,39.663,-75.756,-1.801613549,0.001191094,-0.001840470,0.000349754,0.001138585,-0.001840470,,0,
1786043869889454215,1786043869.886071577,/novatel/oem7/odom,/novatel/oem7/fix,/novatel/oem7/odom,39.663,-75.756,-1.801613549,0.001198835,-0.001835437,0.001162310,0.000293667,-0.001835437,,,
1786043869896259671,1786043869.895398699,/novatel/oem7/odom,/novatel/oem7/fix,/novatel/oem7/odom,39.663,-75.756,-1.801613549,0.001198835,-0.001835437,0.001162310,0.000293667,-0.001835437,,,
1786043869907188006,1786043869.905930237,/novatel/oem7/inspva,/novatel/oem7/inspva,/novatel/oem7/inspva,39.663,-75.756,-1.801629209,0.001352402,-0.001787870,0.000698331,0.001158157,-0.001787870,,novatel_oem7_msgs.msg.InertialSolutionStatus(status=3),
1786043869908834409,1786043869.906219966,/novatel/oem7/fix,/novatel/oem7/fix,/novatel/oem7/inspva,39.663,-75.756,-1.801629209,0.001352402,-0.001787870,0.000698331,0.001158157,-0.001787870,,0,
1786043869909981067,1786043869.906770458,/novatel/oem7/odom,/novatel/oem7/fix,/novatel/oem7/odom,39.663,-75.756,-1.801629209,0.001360499,-0.001781716,0.001200277,0.000640540,-0.001781716,,,
1786043869911445052,1786043869.909238842,/novatel/oem7/bestpos,/novatel/oem7/bestpos,/novatel/oem7/odom,39.663,-75.756,33.180724519,0.001360499,-0.001781716,0.001200277,0.000640540,-0.001781716,,novatel_oem7_msgs.msg.SolutionStatus(status=0),novatel_oem7_msgs.msg.PositionOrVelocityType(type=53)
1786043869912330581,1786043869.909896890,/novatel/oem7/bestvel,/novatel/oem7/bestpos,/novatel/oem7/bestvel,39.663,-75.756,33.180724519,0.001320632,-0.001769638,,,,57.912217730,novatel_oem7_msgs.msg.SolutionStatus(status=0),novatel_oem7_msgs.msg.PositionOrVelocityType(type=53)
1786043869914989985,1786043869.914318378,/novatel/oem7/odom,/novatel/oem7/bestpos,/novatel/oem7/odom,39.663,-75.756,33.180724519,0.001360499,-0.001781716,0.001200277,0.000640540,-0.001781716,,,
1786043869926656730,1786043869.926106298,/novatel/oem7/inspva,/novatel/oem7/inspva,/novatel/oem7/inspva,39.663,-75.756,-1.801649882,0.001358508,-0.001542766,0.000383132,0.001303362,-0.001542766,,novatel_oem7_msgs.msg.InertialSolutionStatus(status=3),
1786043869927950657,1786043869.926267343,/novatel/oem7/fix,/novatel/oem7/fix,/novatel/oem7/inspva,39.663,-75.756,-1.801649882,0.001358508,-0.001542766,0.000383132,0.001303362,-0.001542766,,0,
1786043869928976281,1786043869.926737181,/novatel/oem7/odom,/novatel/oem7/fix,/novatel/oem7/odom,39.663,-75.756,-1.801649882,0.001364951,-0.001537068,0.001327543,0.000317365,-0.001537068,,,
1786043869935526027,1786043869.934880403,/novatel/oem7/odom,/novatel/oem7/fix,/novatel/oem7/odom,39.663,-75.756,-1.801649882,0.001364951,-0.001537068,0.001327543,0.000317365,-0.001537068,,,
1786043869945769155,1786043869.944903811,/novatel/oem7/inspva,/novatel/oem7/inspva,/novatel/oem7/inspva,39.663,-75.756,-1.801668866,0.001646065,-0.001521235,0.000572756,0.001543204,-0.001521235,,novatel_oem7_msgs.msg.InertialSolutionStatus(status=3),
1786043869947900820,1786043869.945051670,/novatel/oem7/fix,/novatel/oem7/fix,/novatel/oem7/inspva,39.663,-75.756,-1.801668866,0.001646065,-0.001521235,0.000572756,0.001543204,-0.001521235,,0,
1786043869949383209,1786043869.945447525,/novatel/oem7/odom,/novatel/oem7/fix,/novatel/oem7/odom,39.663,-75.756,-1.801668866,0.001652595,-0.001514139,0.001577094,0.000493805,-0.001514139,,,
1786043869956359799,1786043869.955579227,/novatel/oem7/odom,/novatel/oem7/fix,/novatel/oem7/odom,39.663,-75.756,-1.801668866,0.001652595,-0.001514139,0.001577094,0.000493805,-0.001514139,,,
1786043869965999935,1786043869.965307263,/novatel/oem7/inspva,/novatel/oem7/inspva,/novatel/oem7/inspva,39.663,-75.756,-1.801692906,0.001596115,-0.001799046,0.000160104,0.001588065,-0.001799046,,novatel_oem7_msgs.msg.InertialSolutionStatus(status=3),
1786043869967588997,1786043869.965442318,/novatel/oem7/fix,/novatel/oem7/fix,/novatel/oem7/inspva,39.663,-75.756,-1.801692906,0.001596115,-0.001799046,0.000160104,0.001588065,-0.001799046,,0,
1786043869968609354,1786043869.966171526,/novatel/oem7/odom,/novatel/oem7/fix,/novatel/oem7/odom,39.663,-75.756,-1.801692906,0.001602871,-0.001793030,0.001600866,0.000080158,-0.001793030,,,
1786043869975773434,1786043869.974825167,/novatel/oem7/odom,/novatel/oem7/fix,/novatel/oem7/odom,39.663,-75.756,-1.801692906,0.001602871,-0.001793030,0.001600866,0.000080158,-0.001793030,,,
1786043869986831310,1786043869.985956727,/novatel/oem7/inspva,/novatel/oem7/inspva,/novatel/oem7/inspva,39.663,-75.756,-1.801708787,0.001624405,-0.001560928,0.000392711,0.001576220,-0.001560928,,novatel_oem7_msgs.msg.InertialSolutionStatus(status=3),
1786043869988569944,1786043869.986089702,/novatel/oem7/fix,/novatel/oem7/fix,/novatel/oem7/inspva,39.663,-75.756,-1.801708787,0.001624405,-0.001560928,0.000392711,0.001576220,-0.001560928,,0,
1786043869989909921,1786043869.986497326,/novatel/oem7/odom,/novatel/oem7/fix,/novatel/oem7/odom,39.663,-75.756,-1.801708787,0.001630804,-0.001554241,0.001600606,0.000312382,-0.001554241,,,
1786043869995248135,1786043869.994455169,/novatel/oem7/odom,/novatel/oem7/fix,/novatel/oem7/odom,39.663,-75.756,-1.801708787,0.001630804,-0.001554241,0.001600606,0.000312382,-0.001554241,,,
1786043870010904952,1786043870.009939582,/novatel/oem7/inspva,/novatel/oem7/inspva,/novatel/oem7/inspva,39.663,-75.756,-1.801735065,0.001565673,-0.001927512,0.000454000,0.001498404,-0.001927512,,novatel_oem7_msgs.msg.InertialSolutionStatus(status=3),
1786043870012892148,1786043870.010157224,/novatel/oem7/fix,/novatel/oem7/fix,/novatel/oem7/inspva,39.663,-75.756,-1.801735065,0.001565673,-0.001927512,0.000454000,0.001498404,-0.001927512,,0,
1786043870014182021,1786043870.011646232,/novatel/oem7/odom,/novatel/oem7/fix,/novatel/oem7/odom,39.663,-75.756,-1.801735065,0.001573772,-0.001920905,0.001527518,0.000378743,-0.001920905,,,
1786043870017415738,1786043870.016547882,/novatel/oem7/odom,/novatel/oem7/fix,/novatel/oem7/odom,39.663,-75.756,-1.801735065,0.001573772,-0.001920905,0.001527518,0.000378743,-0.001920905,,,
1786043870025582091,1786043870.024781469,/novatel/oem7/bestpos,/novatel/oem7/bestpos,/novatel/oem7/odom,39.663,-75.756,33.180620955,0.001573772,-0.001920905,0.001527518,0.000378743,-0.001920905,,novatel_oem7_msgs.msg.SolutionStatus(status=0),novatel_oem7_msgs.msg.PositionOrVelocityType(type=53)
1786043870027403330,1786043870.026144179,/novatel/oem7/bestvel,/novatel/oem7/bestpos,/novatel/oem7/bestvel,39.663,-75.756,33.180620955,0.001390468,-0.001758216,,,,78.205180472,novatel_oem7_msgs.msg.SolutionStatus(status=0),novatel_oem7_msgs.msg.PositionOrVelocityType(type=53)
1786043870028537888,1786043870.026588421,/novatel/oem7/inspva,/novatel/oem7/inspva,/novatel/oem7/inspva,39.663,-75.756,-1.801750843,0.001584647,-0.001696050,0.000457933,0.001517038,-0.001696050,,novatel_oem7_msgs.msg.InertialSolutionStatus(status=3),
1786043870029642929,1786043870.026689619,/novatel/oem7/fix,/novatel/oem7/fix,/novatel/oem7/inspva,39.663,-75.756,-1.801750843,0.001584647,-0.001696050,0.000457933,0.001517038,-0.001696050,,0,
1786043870031477841,1786043870.027217558,/novatel/oem7/odom,/novatel/oem7/fix,/novatel/oem7/odom,39.663,-75.756,-1.801750843,0.001591755,-0.001689381,0.001545477,0.000381032,-0.001689381,,,
1786043870035035848,1786043870.034363321,/novatel/oem7/odom,/novatel/oem7/fix,/novatel/oem7/odom,39.663,-75.756,-1.801750843,0.001591755,-0.001689381,0.001545477,0.000381032,-0.001689381,,,
1786043870046358566,1786043870.045407383,/novatel/oem7/inspva,/novatel/oem7/inspva,/novatel/oem7/inspva,39.663,-75.756,-1.801744565,0.001579940,-0.001510913,0.000239752,0.001561643,-0.001510913,,novatel_oem7_msgs.msg.InertialSolutionStatus(status=3),
1786043870048205775,1786043870.045599861,/novatel/oem7/fix,/novatel/oem7/fix,/novatel/oem7/inspva,39.663,-75.756,-1.801744565,0.001579940,-0.001510913,0.000239752,0.001561643,-0.001510913,,0,
1786043870049668523,1786043870.046089890,/novatel/oem7/odom,/novatel/oem7/fix,/novatel/oem7/odom,39.663,-75.756,-1.801744565,0.001585805,-0.001504756,0.001577687,0.000160258,-0.001504756,,,
1786043870057591937,1786043870.056689118,/novatel/oem7/odom,/novatel/oem7/fix,/novatel/oem7/odom,39.663,-75.756,-1.801744565,0.001585805,-0.001504756,0.001577687,0.000160258,-0.001504756,,,
1786043870065652172,1786043870.064933181,/novatel/oem7/inspva,/novatel/oem7/inspva,/novatel/oem7/inspva,39.663,-75.756,-1.801731870,0.001629850,-0.001293582,0.000276075,0.001606298,-0.001293582,,novatel_oem7_msgs.msg.InertialSolutionStatus(status=3),
1786043870067498641,1786043870.065055758,/novatel/oem7/fix,/novatel/oem7/fix,/novatel/oem7/inspva,39.663,-75.756,-1.801731870,0.001629850,-0.001293582,0.000276075,0.001606298,-0.001293582,,0,
1786043870068710970,1786043870.065685213,/novatel/oem7/odom,/novatel/oem7/fix,/novatel/oem7/odom,39.663,-75.756,-1.801731870,0.001634930,-0.001287155,0.001623437,0.000193513,-0.001287155,,,
1786043870075457986,1786043870.074525463,/novatel/oem7/odom,/novatel/oem7/fix,/novatel/oem7/odom,39.663,-75.756,-1.801731870,0.001634930,-0.001287155,0.001623437,0.000193513,-0.001287155,,,
1786043870086344773,1786043870.085555785,/novatel/oem7/inspva,/novatel/oem7/inspva,/novatel/oem7/inspva,39.663,-75.756,-1.801731130,0.001722395,-0.001923994,0.000110478,0.001718848,-0.001923994,,novatel_oem7_msgs.msg.InertialSolutionStatus(status=3),
1786043870088148125,1786043870.085808491,/novatel/oem7/fix,/novatel/oem7/fix,/novatel/oem7/inspva,39.663,-75.756,-1.801731130,0.001722395,-0.001923994,0.000110478,0.001718848,-0.001923994,,0,
1786043870089551239,1786043870.086480861,/novatel/oem7/odom,/novatel/oem7/fix,/novatel/oem7/odom,39.663,-75.756,-1.801731130,0.001729438,-0.001917666,0.001729272,0.000023903,-0.001917666,,,
1786043870095920481,1786043870.094651701,/novatel/oem7/odom,/novatel/oem7/fix,/novatel/oem7/odom,39.663,-75.756,-1.801731130,0.001729438,-0.001917666,0.001729272,0.000023903,-0.001917666,,,
1786043870107160582,1786043870.105818111,/novatel/oem7/inspva,/novatel/oem7/inspva,/novatel/oem7/inspva,39.663,-75.756,-1.801716032,0.001557031,-0.001586454,0.000164063,0.001548363,-0.001586454,,novatel_oem7_msgs.msg.InertialSolutionStatus(status=3),
1786043870109273430,1786043870.106098144,/novatel/oem7/fix,/novatel/oem7/fix,/novatel/oem7/inspva,39.663,-75.756,-1.801716032,0.001557031,-0.001586454,0.000164063,0.001548363,-0.001586454,,0,
1786043870110524002,1786043870.106817252,/novatel/oem7/odom,/novatel/oem7/fix,/novatel/oem7/odom,39.663,-75.756,-1.801716032,0.001563015,-0.001580559,0.001560671,0.000085559,-0.001580559,,,
1786043870112126566,1786043870.108889896,/novatel/oem7/bestpos,/novatel/oem7/bestpos,/novatel/oem7/odom,39.663,-75.756,33.180653652,0.001563015,-0.001580559,0.001560671,0.000085559,-0.001580559,,novatel_oem7_msgs.msg.SolutionStatus(status=0),novatel_oem7_msgs.msg.PositionOrVelocityType(type=53)
1786043870113147093,1786043870.109215759,/novatel/oem7/bestvel,/novatel/oem7/bestpos,/novatel/oem7/bestvel,39.663,-75.756,33.180653652,0.001307762,-0.001424712,,,,85.554494218,novatel_oem7_msgs.msg.SolutionStatus(status=0),novatel_oem7_msgs.msg.PositionOrVelocityType(type=53)
1786043870115321315,1786043870.114570918,/novatel/oem7/odom,/novatel/oem7/bestpos,/novatel/oem7/odom,39.663,-75.756,33.180653652,0.001563015,-0.001580559,0.001560671,0.000085559,-0.001580559,,,
1786043870125669977,1786043870.125062307,/novatel/oem7/inspva,/novatel/oem7/inspva,/novatel/oem7/inspva,39.663,-75.756,-1.801711217,0.001293394,-0.001623019,0.000319561,0.001253295,-0.001623019,,novatel_oem7_msgs.msg.InertialSolutionStatus(status=3),
1786043870127168052,1786043870.125207069,/novatel/oem7/fix,/novatel/oem7/fix,/novatel/oem7/inspva,39.663,-75.756,-1.801711217,0.001293394,-0.001623019,0.000319561,0.001253295,-0.001623019,,0,
1786043870128303304,1786043870.125660170,/novatel/oem7/odom,/novatel/oem7/fix,/novatel/oem7/odom,39.663,-75.756,-1.801711217,0.001300048,-0.001617694,0.001274451,0.000256709,-0.001617694,,,
1786043870135539174,1786043870.134769816,/novatel/oem7/odom,/novatel/oem7/fix,/novatel/oem7/odom,39.663,-75.756,-1.801711217,0.001300048,-0.001617694,0.001274451,0.000256709,-0.001617694,,,
1786043870146753408,1786043870.145342414,/novatel/oem7/inspva,/novatel/oem7/inspva,/novatel/oem7/inspva,39.663,-75.756,-1.801697882,0.001365651,-0.001441694,0.000109229,0.001361276,-0.001441694,,novatel_oem7_msgs.msg.InertialSolutionStatus(status=3),
1786043870149612381,1786043870.145647414,/novatel/oem7/fix,/novatel/oem7/fix,/novatel/oem7/inspva,39.663,-75.756,-1.801697882,0.001365651,-0.001441694,0.000109229,0.001361276,-0.001441694,,0,
1786043870151630515,1786043870.146288677,/novatel/oem7/odom,/novatel/oem7/fix,/novatel/oem7/odom,39.663,-75.756,-1.801697882,0.001370990,-0.001436618,0.001370395,0.000040400,-0.001436618,,,
1786043870156757467,1786043870.155713263,/novatel/oem7/odom,/novatel/oem7/fix,/novatel/oem7/odom,39.663,-75.756,-1.801697882,0.001370990,-0.001436618,0.001370395,0.000040400,-0.001436618,,,
1786043870165627507,1786043870.165005387,/novatel/oem7/inspva,/novatel/oem7/inspva,/novatel/oem7/inspva,39.663,-75.756,-1.801692295,0.001056960,-0.001398768,0.000183834,0.001040850,-0.001398768,,novatel_oem7_msgs.msg.InertialSolutionStatus(status=3),
1786043870167066722,1786043870.165145759,/novatel/oem7/fix,/novatel/oem7/fix,/novatel/oem7/inspva,39.663,-75.756,-1.801692295,0.001056960,-0.001398768,0.000183834,0.001040850,-0.001398768,,0,
1786043870168274621,1786043870.165510186,/novatel/oem7/odom,/novatel/oem7/fix,/novatel/oem7/odom,39.663,-75.756,-1.801692295,0.001062483,-0.001394577,0.001054265,0.000131890,-0.001394577,,,
1786043870177155498,1786043870.175771874,/novatel/oem7/odom,/novatel/oem7/fix,/novatel/oem7/odom,39.663,-75.756,-1.801692295,0.001062483,-0.001394577,0.001054265,0.000131890,-0.001394577,,,
1786043870186128982,1786043870.185114593,/novatel/oem7/inspva,/novatel/oem7/inspva,/novatel/oem7/inspva,39.663,-75.756,-1.801680701,0.001174488,-0.001448221,-0.000004874,0.001174478,-0.001448221,,novatel_oem7_msgs.msg.InertialSolutionStatus(status=3),
1786043870188337502,1786043870.185278786,/novatel/oem7/fix,/novatel/oem7/fix,/novatel/oem7/inspva,39.663,-75.756,-1.801680701,0.001174488,-0.001448221,-0.000004874,0.001174478,-0.001448221,,0,
1786043870189994371,1786043870.185796593,/novatel/oem7/odom,/novatel/oem7/fix,/novatel/oem7/odom,39.663,-75.756,-1.801680701,0.001179482,-0.001444157,0.001177769,-0.000063544,-0.001444157,,,
1786043870195373111,1786043870.194522215,/novatel/oem7/odom,/novatel/oem7/fix,/novatel/oem7/odom,39.663,-75.756,-1.801680701,0.001179482,-0.001444157,0.001177769,-0.000063544,-0.001444157,,,
1786043870207341153,1786043870.206598140,/novatel/oem7/inspva,/novatel/oem7/inspva,/novatel/oem7/inspva,39.663,-75.756,-1.801677275,0.001231503,-0.001443914,-0.000002622,0.001231500,-0.001443914,,novatel_oem7_msgs.msg.InertialSolutionStatus(status=3),
1786043870208951304,1786043870.206753321,/novatel/oem7/fix,/novatel/oem7/fix,/novatel/oem7/inspva,39.663,-75.756,-1.801677275,0.001231503,-0.001443914,-0.000002622,0.001231500,-0.001443914,,0,
1786043870210068223,1786043870.207299575,/novatel/oem7/odom,/novatel/oem7/fix,/novatel/oem7/odom,39.663,-75.756,-1.801677275,0.001236510,-0.001439629,0.001234834,-0.000064367,-0.001439629,,,
1786043870211569776,1786043870.210457176,/novatel/oem7/bestpos,/novatel/oem7/bestpos,/novatel/oem7/odom,39.663,-75.756,33.180695571,0.001236510,-0.001439629,0.001234834,-0.000064367,-0.001439629,,novatel_oem7_msgs.msg.SolutionStatus(status=0),novatel_oem7_msgs.msg.PositionOrVelocityType(type=53)
1786043870212457925,1786043870.210836948,/novatel/oem7/bestvel,/novatel/oem7/bestpos,/novatel/oem7/bestvel,39.663,-75.756,33.180695571,0.001619981,-0.001575922,,,,94.026667599,novatel_oem7_msgs.msg.SolutionStatus(status=0),novatel_oem7_msgs.msg.PositionOrVelocityType(type=53)
1786043870215288488,1786043870.214621273,/novatel/oem7/odom,/novatel/oem7/bestpos,/novatel/oem7/odom,39.663,-75.756,33.180695571,0.001236510,-0.001439629,0.001234834,-0.000064367,-0.001439629,,,
1786043870225601668,1786043870.225055774,/novatel/oem7/inspva,/novatel/oem7/inspva,/novatel/oem7/inspva,39.663,-75.756,-1.801669138,0.001274941,-0.001591130,-0.000085166,0.001272093,-0.001591130,,novatel_oem7_msgs.msg.InertialSolutionStatus(status=3),
1786043870226842234,1786043870.225149810,/novatel/oem7/fix,/novatel/oem7/fix,/novatel/oem7/inspva,39.663,-75.756,-1.801669138,0.001274941,-0.001591130,-0.000085166,0.001272093,-0.001591130,,0,
1786043870227825490,1786043870.225713672,/novatel/oem7/odom,/novatel/oem7/fix,/novatel/oem7/odom,39.663,-75.756,-1.801669138,0.001280132,-0.001586956,0.001271483,-0.000148559,-0.001586956,,,
1786043870235745405,1786043870.234948361,/novatel/oem7/odom,/novatel/oem7/fix,/novatel/oem7/odom,39.663,-75.756,-1.801669138,0.001280132,-0.001586956,0.001271483,-0.000148559,-0.001586956,,,
1786043870246337395,1786043870.245310711,/novatel/oem7/inspva,/novatel/oem7/inspva,/novatel/oem7/inspva,39.663,-75.756,-1.801665579,0.000712501,-0.001433850,-0.000023872,0.000712101,-0.001433850,,novatel_oem7_msgs.msg.InertialSolutionStatus(status=3),
1786043870248268132,1786043870.245477017,/novatel/oem7/fix,/novatel/oem7/fix,/novatel/oem7/inspva,39.663,-75.756,-1.801665579,0.000712501,-0.001433850,-0.000023872,0.000712101,-0.001433850,,0,
1786043870249819557,1786043870.246080493,/novatel/oem7/odom,/novatel/oem7/fix,/novatel/oem7/odom,39.663,-75.756,-1.801665579,0.000717353,-0.001431429,0.000715015,-0.000057864,-0.001431429,,,
1786043870257338736,1786043870.256434018,/novatel/oem7/odom,/novatel/oem7/fix,/novatel/oem7/odom,39.663,-75.756,-1.801665579,0.000717353,-0.001431429,0.000715015,-0.000057864,-0.001431429,,,
1786043870267289646,1786043870.266006023,/novatel/oem7/inspva,/novatel/oem7/inspva,/novatel/oem7/inspva,39.663,-75.756,-1.801655812,0.001129256,-0.001226248,-0.000091712,0.001125526,-0.001226248,,novatel_oem7_msgs.msg.InertialSolutionStatus(status=3),
1786043870269042655,1786043870.266200188,/novatel/oem7/fix,/novatel/oem7/fix,/novatel/oem7/inspva,39.663,-75.756,-1.801655812,0.001129256,-0.001226248,-0.000091712,0.001125526,-0.001226248,,0,
1786043870270099292,1786043870.266838804,/novatel/oem7/odom,/novatel/oem7/fix,/novatel/oem7/odom,39.663,-75.756,-1.801655812,0.001133214,-0.001222591,0.001123471,-0.000148287,-0.001222591,,,
1786043870275278499,1786043870.274509732,/novatel/oem7/odom,/novatel/oem7/fix,/novatel/oem7/odom,39.663,-75.756,-1.801655812,0.001133214,-0.001222591,0.001123471,-0.000148287,-0.001222591,,,
1786043870285798526,1786043870.285124081,/novatel/oem7/inspva,/novatel/oem7/inspva,/novatel/oem7/inspva,39.663,-75.756,-1.801652770,0.000811071,-0.001291971,0.000305708,0.000751252,-0.001291971,,novatel_oem7_msgs.msg.InertialSolutionStatus(status=3),
1786043870287097508,1786043870.285308406,/novatel/oem7/fix,/novatel/oem7/fix,/novatel/oem7/inspva,39.663,-75.756,-1.801652770,0.000811071,-0.001291971,0.000305708,0.000751252,-0.001291971,,0,
1786043870288126135,1786043870.285755664,/novatel/oem7/odom,/novatel/oem7/fix,/novatel/oem7/odom,39.663,-75.756,-1.801652770,0.000816719,-0.001288408,0.000771233,0.000268756,-0.001288408,,,
1786043870296295989,1786043870.295549917,/novatel/oem7/odom,/novatel/oem7/fix,/novatel/oem7/odom,39.663,-75.756,-1.801652770,0.000816719,-0.001288408,0.000771233,0.000268756,-0.001288408,,,
1786043870306386947,1786043870.305704739,/novatel/oem7/inspva,/novatel/oem7/inspva,/novatel/oem7/inspva,39.663,-75.756,-1.801642930,0.001083994,-0.001416663,0.000250888,0.001054561,-0.001416663,,novatel_oem7_msgs.msg.InertialSolutionStatus(status=3),
1786043870307995127,1786043870.305823690,/novatel/oem7/fix,/novatel/oem7/fix,/novatel/oem7/inspva,39.663,-75.756,-1.801642930,0.001083994,-0.001416663,0.000250888,0.001054561,-0.001416663,,0,
1786043870309135012,1786043870.306310066,/novatel/oem7/odom,/novatel/oem7/fix,/novatel/oem7/odom,39.663,-75.756,-1.801642930,0.001089780,-0.001412216,0.001071613,0.000198160,-0.001412216,,,
1786043870310730057,1786043870.309553274,/novatel/oem7/bestpos,/novatel/oem7/bestpos,/novatel/oem7/odom,39.663,-75.756,33.180720678,0.001089780,-0.001412216,0.001071613,0.000198160,-0.001412216,,novatel_oem7_msgs.msg.SolutionStatus(status=0),novatel_oem7_msgs.msg.PositionOrVelocityType(type=53)
1786043870312160746,1786043870.310443688,/novatel/oem7/bestvel,/novatel/oem7/bestpos,/novatel/oem7/bestvel,39.663,-75.756,33.180720678,0.001202417,-0.001636799,,,,55.028951440,novatel_oem7_msgs.msg.SolutionStatus(status=0),novatel_oem7_msgs.msg.PositionOrVelocityType(type=53)
1786043870315131982,1786043870.314475959,/novatel/oem7/odom,/novatel/oem7/bestpos,/novatel/oem7/odom,39.663,-75.756,33.180720678,0.001089780,-0.001412216,0.001071613,0.000198160,-0.001412216,,,
1786043870326032440,1786043870.325527614,/novatel/oem7/inspva,/novatel/oem7/inspva,/novatel/oem7/inspva,39.663,-75.756,-1.801637151,0.000928255,-0.001090605,-0.000130160,0.000919084,-0.001090605,,novatel_oem7_msgs.msg.InertialSolutionStatus(status=3),
1786043870327446623,1786043870.325635183,/novatel/oem7/fix,/novatel/oem7/fix,/novatel/oem7/inspva,39.663,-75.756,-1.801637151,0.000928255,-0.001090605,-0.000130160,0.000919084,-0.001090605,,0,
1786043870328518137,1786043870.326247516,/novatel/oem7/odom,/novatel/oem7/fix,/novatel/oem7/odom,39.663,-75.756,-1.801637151,0.000931561,-0.001087781,0.000914781,-0.000176017,-0.001087781,,,
1786043870335198470,1786043870.334737075,/novatel/oem7/odom,/novatel/oem7/fix,/novatel/oem7/odom,39.663,-75.756,-1.801637151,0.000931561,-0.001087781,0.000914781,-0.000176017,-0.001087781,,,
1786043870346446555,1786043870.345458675,/novatel/oem7/inspva,/novatel/oem7/inspva,/novatel/oem7/inspva,39.663,-75.756,-1.801630761,0.001113305,-0.001374613,0.000209527,0.001093410,-0.001374613,,novatel_oem7_msgs.msg.InertialSolutionStatus(status=3),
1786043870348008041,1786043870.345736488,/novatel/oem7/fix,/novatel/oem7/fix,/novatel/oem7/inspva,39.663,-75.756,-1.801630761,0.001113305,-0.001374613,0.000209527,0.001093410,-0.001374613,,0,
1786043870348745933,1786043870.346273527,/novatel/oem7/odom,/novatel/oem7/fix,/novatel/oem7/odom,39.663,-75.756,-1.801630761,0.001118795,-0.001370148,0.001108053,0.000154665,-0.001370148,,,
1786043870356475262,1786043870.355954862,/novatel/oem7/odom,/novatel/oem7/fix,/novatel/oem7/odom,39.663,-75.756,-1.801630761,0.001118795,-0.001370148,0.001108053,0.000154665,-0.001370148,,,
1786043870366677358,1786043870.365378478,/novatel/oem7/inspva,/novatel/oem7/inspva,/novatel/oem7/inspva,39.663,-75.756,-1.801628886,0.000991045,-0.001351881,0.000073431,0.000988321,-0.001351881,,novatel_oem7_msgs.msg.InertialSolutionStatus(status=3),
1786043870368391651,1786043870.365758682,/novatel/oem7/fix,/novatel/oem7/fix,/novatel/oem7/inspva,39.663,-75.756,-1.801628886,0.000991045,-0.001351881,0.000073431,0.000988321,-0.001351881,,0,
1786043870369033436,1786043870.366467303,/novatel/oem7/odom,/novatel/oem7/fix,/novatel/oem7/odom,39.663,-75.756,-1.801628886,0.000996068,-0.001348184,0.000995771,0.000024319,-0.001348184,,,
1786043870375327922,1786043870.374806568,/novatel/oem7/odom,/novatel/oem7/fix,/novatel/oem7/odom,39.663,-75.756,-1.801628886,0.000996068,-0.001348184,0.000995771,0.000024319,-0.001348184,,,
1786043870386336601,1786043870.385969324,/novatel/oem7/inspva,/novatel/oem7/inspva,/novatel/oem7/inspva,39.663,-75.756,-1.801620638,0.001130400,-0.001439377,0.000343160,0.001077054,-0.001439377,,novatel_oem7_msgs.msg.InertialSolutionStatus(status=3),
1786043870387044908,1786043870.386112718,/novatel/oem7/fix,/novatel/oem7/fix,/novatel/oem7/inspva,39.663,-75.756,-1.801620638,0.001130400,-0.001439377,0.000343160,0.001077054,-0.001439377,,0,
1786043870387595025,1786043870.386506087,/novatel/oem7/odom,/novatel/oem7/fix,/novatel/oem7/odom,39.663,-75.756,-1.801620638,0.001136503,-0.001434563,0.001099101,0.000289166,-0.001434563,,,
1786043870395628586,1786043870.394620772,/novatel/oem7/odom,/novatel/oem7/fix,/novatel/oem7/odom,39.663,-75.756,-1.801620638,0.001136503,-0.001434563,0.001099101,0.000289166,-0.001434563,,,
1786043870406248600,1786043870.405803766,/novatel/oem7/inspva,/novatel/oem7/inspva,/novatel/oem7/inspva,39.663,-75.756,-1.801617554,0.000782577,-0.001094372,0.000299515,0.000722991,-0.001094372,,novatel_oem7_msgs.msg.InertialSolutionStatus(status=3),
1786043870407064137,1786043870.406027716,/novatel/oem7/fix,/novatel/oem7/fix,/novatel/oem7/inspva,39.663,-75.756,-1.801617554,0.000782577,-0.001094372,0.000299515,0.000722991,-0.001094372,,0,
1786043870407665311,1786043870.406597774,/novatel/oem7/odom,/novatel/oem7/fix,/novatel/oem7/odom,39.663,-75.756,-1.801617554,0.000787380,-0.001090921,0.000741972,0.000263525,-0.001090921,,,
1786043870410651600,1786043870.410133344,/novatel/oem7/bestpos,/novatel/oem7/bestpos,/novatel/oem7/odom,39.663,-75.756,33.180737362,0.000787380,-0.001090921,0.000741972,0.000263525,-0.001090921,,novatel_oem7_msgs.msg.SolutionStatus(status=0),novatel_oem7_msgs.msg.PositionOrVelocityType(type=53)
1786043870411336210,1786043870.410446607,/novatel/oem7/bestvel,/novatel/oem7/bestpos,/novatel/oem7/bestvel,39.663,-75.756,33.180737362,0.001294566,-0.001402013,,,,73.223932185,novatel_oem7_msgs.msg.SolutionStatus(status=0),novatel_oem7_msgs.msg.PositionOrVelocityType(type=53)
1786043870415946064,1786043870.415472405,/novatel/oem7/odom,/novatel/oem7/bestpos,/novatel/oem7/odom,39.663,-75.756,33.180737362,0.000787380,-0.001090921,0.000741972,0.000263525,-0.001090921,,,
1786043870425264404,1786043870.424942838,/novatel/oem7/inspva,/novatel/oem7/inspva,/novatel/oem7/inspva,39.663,-75.756,-1.801612286,0.001011361,-0.001417132,0.000572270,0.000833882,-0.001417132,,novatel_oem7_msgs.msg.InertialSolutionStatus(status=3),
1786043870425910008,1786043870.425126736,/novatel/oem7/fix,/novatel/oem7/fix,/novatel/oem7/inspva,39.663,-75.756,-1.801612286,0.001011361,-0.001417132,0.000572270,0.000833882,-0.001417132,,0,
1786043870426620706,1786043870.425686956,/novatel/oem7/odom,/novatel/oem7/fix,/novatel/oem7/odom,39.663,-75.756,-1.801612286,0.001017839,-0.001412487,0.000868435,0.000530864,-0.001412487,,,
1786043870435181716,1786043870.434607243,/novatel/oem7/odom,/novatel/oem7/fix,/novatel/oem7/odom,39.663,-75.756,-1.801612286,0.001017839,-0.001412487,0.000868435,0.000530864,-0.001412487,,,
1786043870447003434,1786043870.446568772,/novatel/oem7/inspva,/novatel/oem7/inspva,/novatel/oem7/inspva,39.663,-75.756,-1.801608996,0.001078838,-0.001151989,0.000391144,0.001005434,-0.001151989,,novatel_oem7_msgs.msg.InertialSolutionStatus(status=3),
1786043870447887433,1786043870.446832801,/novatel/oem7/fix,/novatel/oem7/fix,/novatel/oem7/inspva,39.663,-75.756,-1.801608996,0.001078838,-0.001151989,0.000391144,0.001005434,-0.001151989,,0,
1786043870448591789,1786043870.447348763,/novatel/oem7/odom,/novatel/oem7/fix,/novatel/oem7/odom,39.663,-75.756,-1.801608996,0.001083835,-0.001147288,0.001029097,0.000340087,-0.001147288,,,
1786043870457152642,1786043870.456686351,/novatel/oem7/odom,/novatel/oem7/fix,/novatel/oem7/odom,39.663,-75.756,-1.801608996,0.001083835,-0.001147288,0.001029097,0.000340087,-0.001147288,,,
1786043870465485548,1786043870.464901731,/novatel/oem7/inspva,/novatel/oem7/inspva,/novatel/oem7/inspva,39.663,-75.756,-1.801601779,0.001067479,-0.001300704,0.000436023,0.000974369,-0.001300704,,novatel_oem7_msgs.msg.InertialSolutionStatus(status=3),
1786043870466387313,1786043870.465111030,/novatel/oem7/fix,/novatel/oem7/fix,/novatel/oem7/inspva,39.663,-75.756,-1.801601779,0.001067479,-0.001300704,0.000436023,0.000974369,-0.001300704,,0,
1786043870466975104,1786043870.465626759,/novatel/oem7/odom,/novatel/oem7/fix,/novatel/oem7/odom,39.663,-75.756,-1.801601779,0.001073207,-0.001295982,0.001001007,0.000386986,-0.001295982,,,
1786043870476130929,1786043870.475588327,/novatel/oem7/odom,/novatel/oem7/fix,/novatel/oem7/odom,39.663,-75.756,-1.801601779,0.001073207,-0.001295982,0.001001007,0.000386986,-0.001295982,,,
1786043870485848521,1786043870.485260182,/novatel/oem7/inspva,/novatel/oem7/inspva,/novatel/oem7/inspva,39.663,-75.756,-1.801600923,0.001099052,-0.001230567,0.000525622,0.000965214,-0.001230567,,novatel_oem7_msgs.msg.InertialSolutionStatus(status=3),
1786043870487270823,1786043870.485490605,/novatel/oem7/fix,/novatel/oem7/fix,/novatel/oem7/inspva,39.663,-75.756,-1.801600923,0.001099052,-0.001230567,0.000525622,0.000965214,-0.001230567,,0,
1786043870487975759,1786043870.485934955,/novatel/oem7/odom,/novatel/oem7/fix,/novatel/oem7/odom,39.663,-75.756,-1.801600923,0.001104585,-0.001225603,0.000996397,0.000476762,-0.001225603,,,
1786043870495465401,1786043870.494935624,/novatel/oem7/odom,/novatel/oem7/fix,/novatel/oem7/odom,39.663,-75.756,-1.801600923,0.001104585,-0.001225603,0.000996397,0.000476762,-0.001225603,,,
1786043870506388488,1786043870.505989543,/novatel/oem7/inspva,/novatel/oem7/inspva,/novatel/oem7/inspva,39.663,-75.756,-1.801594303,0.001301916,-0.001420786,0.000466332,0.001215532,-0.001420786,,novatel_oem7_msgs.msg.InertialSolutionStatus(status=3),
1786043870507778629,1786043870.506172242,/novatel/oem7/fix,/novatel/oem7/fix,/novatel/oem7/inspva,39.663,-75.756,-1.801594303,0.001301916,-0.001420786,0.000466332,0.001215532,-0.001420786,,0,
1786043870508370373,1786043870.506642036,/novatel/oem7/odom,/novatel/oem7/fix,/novatel/oem7/odom,39.663,-75.756,-1.801594303,0.001308074,-0.001415119,0.001243894,0.000404701,-0.001415119,,,
1786043870511673798,1786043870.510854549,/novatel/oem7/bestpos,/novatel/oem7/bestpos,/novatel/oem7/odom,39.663,-75.756,33.180768299,0.001308074,-0.001415119,0.001243894,0.000404701,-0.001415119,,novatel_oem7_msgs.msg.SolutionStatus(status=0),novatel_oem7_msgs.msg.PositionOrVelocityType(type=53)
1786043870512829503,1786043870.511353978,/novatel/oem7/bestvel,/novatel/oem7/bestpos,/novatel/oem7/bestvel,39.663,-75.756,33.180768299,0.001585169,-0.001587933,,,,71.640568865,novatel_oem7_msgs.msg.SolutionStatus(status=0),novatel_oem7_msgs.msg.PositionOrVelocityType(type=53)
1786043870514796186,1786043870.514369125,/novatel/oem7/odom,/novatel/oem7/bestpos,/novatel/oem7/odom,39.663,-75.756,33.180768299,0.001308074,-0.001415119,0.001243894,0.000404701,-0.001415119,,,
1786043870525396359,1786043870.525039601,/novatel/oem7/inspva,/novatel/oem7/inspva,/novatel/oem7/inspva,39.663,-75.756,-1.801592634,0.001219693,-0.001214215,0.000670756,0.001018694,-0.001214215,,novatel_oem7_msgs.msg.InertialSolutionStatus(status=3),
1786043870526184872,1786043870.525245239,/novatel/oem7/fix,/novatel/oem7/fix,/novatel/oem7/inspva,39.663,-75.756,-1.801592634,0.001219693,-0.001214215,0.000670756,0.001018694,-0.001214215,,0,
1786043870526782981,1786043870.525736761,/novatel/oem7/odom,/novatel/oem7/fix,/novatel/oem7/odom,39.663,-75.756,-1.801592634,0.001225228,-0.001208629,0.001057507,0.000618759,-0.001208629,,,
1786043870536411146,1786043870.535468730,/novatel/oem7/odom,/novatel/oem7/fix,/novatel/oem7/odom,39.663,-75.756,-1.801592634,0.001225228,-0.001208629,0.001057507,0.000618759,-0.001208629,,,
1786043870545922876,1786043870.545040294,/novatel/oem7/inspva,/novatel/oem7/inspva,/novatel/oem7/inspva,39.663,-75.756,-1.801585533,0.001175884,-0.001028395,0.000582302,0.001021581,-0.001028395,,novatel_oem7_msgs.msg.InertialSolutionStatus(status=3),
1786043870547848256,1786043870.545293827,/novatel/oem7/fix,/novatel/oem7/fix,/novatel/oem7/inspva,39.663,-75.756,-1.801585533,0.001175884,-0.001028395,0.000582302,0.001021581,-0.001028395,,0,
1786043870549252950,1786043870.545733448,/novatel/oem7/odom,/novatel/oem7/fix,/novatel/oem7/odom,39.663,-75.756,-1.801585533,0.001180525,-0.001023065,0.001054981,0.000529767,-0.001023065,,,
1786043870556503954,1786043870.555690056,/novatel/oem7/odom,/novatel/oem7/fix,/novatel/oem7/odom,39.663,-75.756,-1.801585533,0.001180525,-0.001023065,0.001054981,0.000529767,-0.001023065,,,
1786043870567320688,1786043870.566503843,/novatel/oem7/inspva,/novatel/oem7/inspva,/novatel/oem7/inspva,39.663,-75.756,-1.801587868,0.001654960,-0.001555965,0.000565413,0.001555378,-0.001555965,,novatel_oem7_msgs.msg.InertialSolutionStatus(status=3),
1786043870568903174,1786043870.566703782,/novatel/oem7/fix,/novatel/oem7/fix,/novatel/oem7/inspva,39.663,-75.756,-1.801587868,0.001654960,-0.001555965,0.000565413,0.001555378,-0.001555965,,0,
1786043870570051082,1786043870.567132389,/novatel/oem7/odom,/novatel/oem7/fix,/novatel/oem7/odom,39.663,-75.756,-1.801587868,0.001661636,-0.001548834,0.001589019,0.000485852,-0.001548834,,,
1786043870575833131,1786043870.574992989,/novatel/oem7/odom,/novatel/oem7/fix,/novatel/oem7/odom,39.663,-75.756,-1.801587868,0.001661636,-0.001548834,0.001589019,0.000485852,-0.001548834,,,
1786043870585595574,1786043870.584917424,/novatel/oem7/inspva,/novatel/oem7/inspva,/novatel/oem7/inspva,39.663,-75.756,-1.801576493,0.001494723,-0.001228747,0.000184169,0.001483334,-0.001228747,,novatel_oem7_msgs.msg.InertialSolutionStatus(status=3),
1786043870587066139,1786043870.585084885,/novatel/oem7/fix,/novatel/oem7/fix,/novatel/oem7/inspva,39.663,-75.756,-1.801576493,0.001494723,-0.001228747,0.000184169,0.001483334,-0.001228747,,0,
1786043870588160253,1786043870.585517053,/novatel/oem7/odom,/novatel/oem7/fix,/novatel/oem7/odom,39.663,-75.756,-1.801576493,0.001499428,-0.001223001,0.001495526,0.000108105,-0.001223001,,,
1786043870596179348,1786043870.595460171,/novatel/oem7/odom,/novatel/oem7/fix,/novatel/oem7/odom,39.663,-75.756,-1.801576493,0.001499428,-0.001223001,0.001495526,0.000108105,-0.001223001,,,
1786043870607257718,1786043870.606582838,/novatel/oem7/inspva,/novatel/oem7/inspva,/novatel/oem7/inspva,39.663,-75.756,-1.801574430,0.001480584,-0.001048821,0.000581314,0.001361691,-0.001048821,,novatel_oem7_msgs.msg.InertialSolutionStatus(status=3),
1786043870608875367,1786043870.606781156,/novatel/oem7/fix,/novatel/oem7/fix,/novatel/oem7/inspva,39.663,-75.756,-1.801574430,0.001480584,-0.001048821,0.000581314,0.001361691,-0.001048821,,0,
1786043870610026979,1786043870.607314228,/novatel/oem7/odom,/novatel/oem7/fix,/novatel/oem7/odom,39.663,-75.756,-1.801574430,0.001485183,-0.001042297,0.001394627,0.000510671,-0.001042297,,,
1786043870611656319,1786043870.610430357,/novatel/oem7/bestpos,/novatel/oem7/bestpos,/novatel/oem7/odom,39.663,-75.756,33.180783956,0.001485183,-0.001042297,0.001394627,0.000510671,-0.001042297,,novatel_oem7_msgs.msg.SolutionStatus(status=0),novatel_oem7_msgs.msg.PositionOrVelocityType(type=53)
1786043870612645863,1786043870.610965386,/novatel/oem7/bestvel,/novatel/oem7/bestpos,/novatel/oem7/bestvel,39.663,-75.756,33.180783956,0.001757475,-0.001174915,,,,72.828930202,novatel_oem7_msgs.msg.SolutionStatus(status=0),novatel_oem7_msgs.msg.PositionOrVelocityType(type=53)
1786043870615690697,1786043870.614915819,/novatel/oem7/odom,/novatel/oem7/bestpos,/novatel/oem7/odom,39.663,-75.756,33.180783956,0.001485183,-0.001042297,0.001394627,0.000510671,-0.001042297,,,
1786043870626960258,1786043870.626233218,/novatel/oem7/inspva,/novatel/oem7/inspva,/novatel/oem7/inspva,39.663,-75.756,-1.801565341,0.001217585,-0.000997287,0.000170748,0.001205553,-0.000997287,,novatel_oem7_msgs.msg.InertialSolutionStatus(status=3),
1786043870628458644,1786043870.626409100,/novatel/oem7/fix,/novatel/oem7/fix,/novatel/oem7/inspva,39.663,-75.756,-1.801565341,0.001217585,-0.000997287,0.000170748,0.001205553,-0.000997287,,0,
1786043870629592178,1786043870.627044592,/novatel/oem7/odom,/novatel/oem7/fix,/novatel/oem7/odom,39.663,-75.756,-1.801565341,0.001221459,-0.000992538,0.001216596,0.000108897,-0.000992538,,,
1786043870635572503,1786043870.634501588,/novatel/oem7/odom,/novatel/oem7/fix,/novatel/oem7/odom,39.663,-75.756,-1.801565341,0.001221459,-0.000992538,0.001216596,0.000108897,-0.000992538,,,
1786043870646150557,1786043870.645310538,/novatel/oem7/inspva,/novatel/oem7/inspva,/novatel/oem7/inspva,39.663,-75.756,-1.801562599,0.001749605,-0.001199983,0.000746637,0.001582292,-0.001199983,,novatel_oem7_msgs.msg.InertialSolutionStatus(status=3),
1786043870648015833,1786043870.645614012,/novatel/oem7/fix,/novatel/oem7/fix,/novatel/oem7/inspva,39.663,-75.756,-1.801562599,0.001749605,-0.001199983,0.000746637,0.001582292,-0.001199983,,0,
1786043870649434870,1786043870.646485077,/novatel/oem7/odom,/novatel/oem7/fix,/novatel/oem7/odom,39.663,-75.756,-1.801562599,0.001754928,-0.001192184,0.001624297,0.000664404,-0.001192184,,,
1786043870657277897,1786043870.656566353,/novatel/oem7/odom,/novatel/oem7/fix,/novatel/oem7/odom,39.663,-75.756,-1.801562599,0.001754928,-0.001192184,0.001624297,0.000664404,-0.001192184,,,
1786043870666134601,1786043870.665204865,/novatel/oem7/inspva,/novatel/oem7/inspva,/novatel/oem7/inspva,39.663,-75.756,-1.801547542,0.001277662,-0.000747651,0.000297154,0.001242626,-0.000747651,,novatel_oem7_msgs.msg.InertialSolutionStatus(status=3),
1786043870668803251,1786043870.665500404,/novatel/oem7/fix,/novatel/oem7/fix,/novatel/oem7/inspva,39.663,-75.756,-1.801547542,0.001277662,-0.000747651,0.000297154,0.001242626,-0.000747651,,0,
1786043870670227152,1786043870.666111334,/novatel/oem7/odom,/novatel/oem7/fix,/novatel/oem7/odom,39.663,-75.756,-1.801547542,0.001280725,-0.000742391,0.001259458,0.000232428,-0.000742391,,,
1786043870675505326,1786043870.674633847,/novatel/oem7/odom,/novatel/oem7/fix,/novatel/oem7/odom,39.663,-75.756,-1.801547542,0.001280725,-0.000742391,0.001259458,0.000232428,-0.000742391,,,
1786043870687392521,1786043870.686727620,/novatel/oem7/inspva,/novatel/oem7/inspva,/novatel/oem7/inspva,39.663,-75.756,-1.801546086,0.001994156,-0.001077948,0.000678621,0.001875135,-0.001077948,,novatel_oem7_msgs.msg.InertialSolutionStatus(status=3),
1786043870689151512,1786043870.686954036,/novatel/oem7/fix,/novatel/oem7/fix,/novatel/oem7/inspva,39.663,-75.756,-1.801546086,0.001994156,-0.001077948,0.000678621,0.001875135,-0.001077948,,0,
1786043870690485555,1786043870.687736687,/novatel/oem7/odom,/novatel/oem7/fix,/novatel/oem7/odom,39.663,-75.756,-1.801546086,0.001998798,-0.001069317,0.001912654,0.000580471,-0.001069317,,,
1786043870696076085,1786043870.695158886,/novatel/oem7/odom,/novatel/oem7/fix,/novatel/oem7/odom,39.663,-75.756,-1.801546086,0.001998798,-0.001069317,0.001912654,0.000580471,-0.001069317,,,
1786043870706948456,1786043870.705902412,/novatel/oem7/inspva,/novatel/oem7/inspva,/novatel/oem7/inspva,39.663,-75.756,-1.801531939,0.001510658,-0.000867255,0.000069121,0.001509076,-0.000867255,,novatel_oem7_msgs.msg.InertialSolutionStatus(status=3),
1786043870709019994,1786043870.706207549,/novatel/oem7/fix,/novatel/oem7/fix,/novatel/oem7/inspva,39.663,-75.756,-1.801531939,0.001510658,-0.000867255,0.000069121,0.001509076,-0.000867255,,0,
1786043870710416922,1786043870.706921856,/novatel/oem7/odom,/novatel/oem7/fix,/novatel/oem7/odom,39.663,-75.756,-1.801531939,0.001513816,-0.000861730,0.001513788,-0.000009224,-0.000861730,,,
1786043870712318555,1786043870.709564463,/novatel/oem7/bestpos,/novatel/oem7/bestpos,/novatel/oem7/odom,39.663,-75.756,33.180825355,0.001513816,-0.000861730,0.001513788,-0.000009224,-0.000861730,,novatel_oem7_msgs.msg.SolutionStatus(status=0),novatel_oem7_msgs.msg.PositionOrVelocityType(type=53)
1786043870713516787,1786043870.710335318,/novatel/oem7/bestvel,/novatel/oem7/bestpos,/novatel/oem7/bestvel,39.663,-75.756,33.180825355,0.001565618,-0.000700815,,,,99.133272407,novatel_oem7_msgs.msg.SolutionStatus(status=0),novatel_oem7_msgs.msg.PositionOrVelocityType(type=53)
1786043870716280285,1786043870.715480063,/novatel/oem7/odom,/novatel/oem7/bestpos,/novatel/oem7/odom,39.663,-75.756,33.180825355,0.001513816,-0.000861730,0.001513788,-0.000009224,-0.000861730,,,
1786043870726012994,1786043870.725462322,/novatel/oem7/inspva,/novatel/oem7/inspva,/novatel/oem7/inspva,39.663,-75.756,-1.801527651,0.001979149,-0.000784930,0.000608981,0.001883128,-0.000784930,,novatel_oem7_msgs.msg.InertialSolutionStatus(status=3),
1786043870727763982,1786043870.725626206,/novatel/oem7/fix,/novatel/oem7/fix,/novatel/oem7/inspva,39.663,-75.756,-1.801527651,0.001979149,-0.000784930,0.000608981,0.001883128,-0.000784930,,0,
1786043870728913544,1786043870.726270143,/novatel/oem7/odom,/novatel/oem7/fix,/novatel/oem7/odom,39.663,-75.756,-1.801527651,0.001982478,-0.000776483,0.001915846,0.000509660,-0.000776483,,,
1786043870737069880,1786043870.735965929,/novatel/oem7/odom,/novatel/oem7/fix,/novatel/oem7/odom,39.663,-75.756,-1.801527651,0.001982478,-0.000776483,0.001915846,0.000509660,-0.000776483,,,
1786043870747462492,1786043870.746406398,/novatel/oem7/inspva,/novatel/oem7/inspva,/novatel/oem7/inspva,39.663,-75.756,-1.801519387,0.001645963,-0.000803979,0.000207767,0.001632797,-0.000803979,,novatel_oem7_msgs.msg.InertialSolutionStatus(status=3),
1786043870749307348,1786043870.746739555,/novatel/oem7/fix,/novatel/oem7/fix,/novatel/oem7/inspva,39.663,-75.756,-1.801519387,0.001645963,-0.000803979,0.000207767,0.001632797,-0.000803979,,0,
1786043870750739932,1786043870.747298991,/novatel/oem7/odom,/novatel/oem7/fix,/novatel/oem7/odom,39.663,-75.756,-1.801519387,0.001649063,-0.000797602,0.001644513,0.000122419,-0.000797602,,,
1786043870756901622,1786043870.756014833,/novatel/oem7/odom,/novatel/oem7/fix,/novatel/oem7/odom,39.663,-75.756,-1.801519387,0.001649063,-0.000797602,0.001644513,0.000122419,-0.000797602,,,
1786043870766753149,1786043870.765410501,/novatel/oem7/inspva,/novatel/oem7/inspva,/novatel/oem7/inspva,39.663,-75.756,-1.801518020,0.001685607,-0.000971908,0.000551327,0.001592893,-0.000971908,,novatel_oem7_msgs.msg.InertialSolutionStatus(status=3),
1786043870768845800,1786043870.765803399,/novatel/oem7/fix,/novatel/oem7/fix,/novatel/oem7/inspva,39.663,-75.756,-1.801518020,0.001685607,-0.000971908,0.000551327,0.001592893,-0.000971908,,0,
1786043870769959568,1786043870.766613728,/novatel/oem7/odom,/novatel/oem7/fix,/novatel/oem7/odom,39.663,-75.756,-1.801518020,0.001689768,-0.000964655,0.001623636,0.000468104,-0.000964655,,,
1786043870776460638,1786043870.775626272,/novatel/oem7/odom,/novatel/oem7/fix,/novatel/oem7/odom,39.663,-75.756,-1.801518020,0.001689768,-0.000964655,0.001623636,0.000468104,-0.000964655,,,
1786043870786085992,1786043870.785325004,/novatel/oem7/inspva,/novatel/oem7/inspva,/novatel/oem7/inspva,39.663,-75.756,-1.801506993,0.001387572,-0.000811314,0.000041279,0.001386958,-0.000811314,,novatel_oem7_msgs.msg.InertialSolutionStatus(status=3),
1786043870787452070,1786043870.785581234,/novatel/oem7/fix,/novatel/oem7/fix,/novatel/oem7/inspva,39.663,-75.756,-1.801506993,0.001387572,-0.000811314,0.000041279,0.001386958,-0.000811314,,0,
1786043870788517067,1786043870.785944674,/novatel/oem7/odom,/novatel/oem7/fix,/novatel/oem7/odom,39.663,-75.756,-1.801506993,0.001390487,-0.000806308,0.001390150,-0.000030646,-0.000806308,,,
1786043870795629713,1786043870.794642969,/novatel/oem7/odom,/novatel/oem7/fix,/novatel/oem7/odom,39.663,-75.756,-1.801506993,0.001390487,-0.000806308,0.001390150,-0.000030646,-0.000806308,,,
1786043870807107750,1786043870.805977668,/novatel/oem7/inspva,/novatel/oem7/inspva,/novatel/oem7/inspva,39.663,-75.756,-1.801502807,0.001920625,-0.000445222,0.000462153,0.001864192,-0.000445222,,novatel_oem7_msgs.msg.InertialSolutionStatus(status=3),
1786043870809913018,1786043870.806251007,/novatel/oem7/fix,/novatel/oem7/fix,/novatel/oem7/inspva,39.663,-75.756,-1.801502807,0.001920625,-0.000445222,0.000462153,0.001864192,-0.000445222,,0,
1786043870812029223,1786043870.807024425,/novatel/oem7/odom,/novatel/oem7/fix,/novatel/oem7/odom,39.663,-75.756,-1.801502807,0.001922452,-0.000437261,0.001887858,0.000363064,-0.000437261,,,
1786043870814630740,1786043870.810398940,/novatel/oem7/bestpos,/novatel/oem7/bestpos,/novatel/oem7/odom,39.663,-75.756,33.180844580,0.001922452,-0.000437261,0.001887858,0.000363064,-0.000437261,,novatel_oem7_msgs.msg.SolutionStatus(status=0),novatel_oem7_msgs.msg.PositionOrVelocityType(type=53)
1786043870816192829,1786043870.810878025,/novatel/oem7/bestvel,/novatel/oem7/bestpos,/novatel/oem7/bestvel,39.663,-75.756,33.180844580,0.002160243,-0.000539862,,,,79.415547575,novatel_oem7_msgs.msg.SolutionStatus(status=0),novatel_oem7_msgs.msg.PositionOrVelocityType(type=53)
1786043870818907020,1786043870.815056154,/novatel/oem7/odom,/novatel/oem7/bestpos,/novatel/oem7/odom,39.663,-75.756,33.180844580,0.001922452,-0.000437261,0.001887858,0.000363064,-0.000437261,,,
1786043870826672965,1786043870.824964278,/novatel/oem7/inspva,/novatel/oem7/inspva,/novatel/oem7/inspva,39.663,-75.756,-1.801496066,0.001979803,-0.000577289,-0.000043455,0.001979326,-0.000577289,,novatel_oem7_msgs.msg.InertialSolutionStatus(status=3),
1786043870828884688,1786043870.825303218,/novatel/oem7/fix,/novatel/oem7/fix,/novatel/oem7/inspva,39.663,-75.756,-1.801496066,0.001979803,-0.000577289,-0.000043455,0.001979326,-0.000577289,,0,
1786043870830611999,1786043870.826063473,/novatel/oem7/odom,/novatel/oem7/fix,/novatel/oem7/odom,39.663,-75.756,-1.801496066,0.001922452,-0.000437261,0.001887858,0.000363065,-0.000437261,,,
1786043870836487852,1786043870.835361334,/novatel/oem7/odom,/novatel/oem7/fix,/novatel/oem7/odom,39.663,-75.756,-1.801496066,0.001981785,-0.000570446,0.001976281,-0.000147602,-0.000570446,,,
1786043870846034793,1786043870.845513107,/novatel/oem7/inspva,/novatel/oem7/inspva,/novatel/oem7/inspva,39.663,-75.756,-1.801493370,0.001616364,-0.000736253,0.000042560,0.001615803,-0.000736253,,novatel_oem7_msgs.msg.InertialSolutionStatus(status=3),
1786043870847451134,1786043870.845663129,/novatel/oem7/fix,/novatel/oem7/fix,/novatel/oem7/inspva,39.663,-75.756,-1.801493370,0.001616364,-0.000736253,0.000042560,0.001615803,-0.000736253,,0,
1786043870848506161,1786043870.846432550,/novatel/oem7/odom,/novatel/oem7/fix,/novatel/oem7/odom,39.663,-75.756,-1.801493370,0.001618992,-0.000730457,0.001618451,-0.000041832,-0.000730457,,,
1786043870856973338,1786043870.856308954,/novatel/oem7/odom,/novatel/oem7/fix,/novatel/oem7/odom,39.663,-75.756,-1.801493370,0.001618992,-0.000730457,0.001618451,-0.000041832,-0.000730457,,,
1786043870866551588,1786043870.865999733,/novatel/oem7/inspva,/novatel/oem7/inspva,/novatel/oem7/inspva,39.663,-75.756,-1.801484765,0.001909605,-0.000599499,-0.000036684,0.001909252,-0.000599499,,novatel_oem7_msgs.msg.InertialSolutionStatus(status=3),
1786043870867843595,1786043870.866144434,/novatel/oem7/fix,/novatel/oem7/fix,/novatel/oem7/inspva,39.663,-75.756,-1.801484765,0.001909605,-0.000599499,-0.000036684,0.001909252,-0.000599499,,0,
1786043870868869742,1786043870.866571259,/novatel/oem7/odom,/novatel/oem7/fix,/novatel/oem7/odom,39.663,-75.756,-1.801484765,0.001911664,-0.000592899,0.001906745,-0.000137055,-0.000592899,,,
1786043870875317608,1786043870.874684268,/novatel/oem7/odom,/novatel/oem7/fix,/novatel/oem7/odom,39.663,-75.756,-1.801484765,0.001911664,-0.000592899,0.001906745,-0.000137055,-0.000592899,,,
1786043870885648146,1786043870.885144085,/novatel/oem7/inspva,/novatel/oem7/inspva,/novatel/oem7/inspva,39.663,-75.756,-1.801482996,0.001743093,-0.000679127,0.000127345,0.001738435,-0.000679127,,novatel_oem7_msgs.msg.InertialSolutionStatus(status=3),
1786043870886987590,1786043870.885286976,/novatel/oem7/fix,/novatel/oem7/fix,/novatel/oem7/inspva,39.663,-75.756,-1.801482996,0.001743093,-0.000679127,0.000127345,0.001738435,-0.000679127,,0,
1786043870888032134,1786043870.885813931,/novatel/oem7/odom,/novatel/oem7/fix,/novatel/oem7/odom,39.663,-75.756,-1.801482996,0.001745613,-0.000672624,0.001745239,0.000036109,-0.000672624,,,
1786043870896060029,1786043870.895418342,/novatel/oem7/odom,/novatel/oem7/fix,/novatel/oem7/odom,39.663,-75.756,-1.801482996,0.001745613,-0.000672624,0.001745239,0.000036109,-0.000672624,,,
1786043870906546586,1786043870.905999527,/novatel/oem7/inspva,/novatel/oem7/inspva,/novatel/oem7/inspva,39.663,-75.756,-1.801475259,0.001460774,-0.000758898,0.000273058,0.001435026,-0.000758898,,novatel_oem7_msgs.msg.InertialSolutionStatus(status=3),
1786043870907885662,1786043870.906140598,/novatel/oem7/fix,/novatel/oem7/fix,/novatel/oem7/inspva,39.663,-75.756,-1.801475259,0.001460774,-0.000758898,0.000273058,0.001435026,-0.000758898,,0,
1786043870908993237,1786043870.906587843,/novatel/oem7/odom,/novatel/oem7/fix,/novatel/oem7/odom,39.663,-75.756,-1.801475259,0.001463814,-0.000753017,0.001450352,0.000198070,-0.000753017,,,
1786043870910573797,1786043870.909499213,/novatel/oem7/bestpos,/novatel/oem7/bestpos,/novatel/oem7/odom,39.663,-75.756,33.180867435,0.001463814,-0.000753017,0.001450352,0.000198070,-0.000753017,,novatel_oem7_msgs.msg.SolutionStatus(status=0),novatel_oem7_msgs.msg.PositionOrVelocityType(type=53)
1786043870911970758,1786043870.910173503,/novatel/oem7/bestvel,/novatel/oem7/bestpos,/novatel/oem7/bestvel,39.663,-75.756,33.180867435,0.001698990,-0.000886505,,,,80.492744803,novatel_oem7_msgs.msg.SolutionStatus(status=0),novatel_oem7_msgs.msg.PositionOrVelocityType(type=53)
1786043870914998502,1786043870.914309145,/novatel/oem7/odom,/novatel/oem7/bestpos,/novatel/oem7/odom,39.663,-75.756,33.180867435,0.001463814,-0.000753017,0.001450352,0.000198070,-0.000753017,,,
1786043870926947453,1786043870.926382518,/novatel/oem7/inspva,/novatel/oem7/inspva,/novatel/oem7/inspva,39.663,-75.756,-1.801473702,0.001690425,-0.000465026,0.000130818,0.001685356,-0.000465026,,novatel_oem7_msgs.msg.InertialSolutionStatus(status=3),
1786043870928302014,1786043870.926547829,/novatel/oem7/fix,/novatel/oem7/fix,/novatel/oem7/inspva,39.663,-75.756,-1.801473702,0.001690425,-0.000465026,0.000130818,0.001685356,-0.000465026,,0,
1786043870929320664,1786043870.926946390,/novatel/oem7/odom,/novatel/oem7/fix,/novatel/oem7/odom,39.663,-75.756,-1.801473702,0.001692151,-0.000458706,0.001691634,0.000041814,-0.000458706,,,
1786043870935724306,1786043870.935012786,/novatel/oem7/odom,/novatel/oem7/fix,/novatel/oem7/odom,39.663,-75.756,-1.801473702,0.001692151,-0.000458706,0.001691634,0.000041814,-0.000458706,,,
1786043870945757825,1786043870.945221090,/novatel/oem7/inspva,/novatel/oem7/inspva,/novatel/oem7/inspva,39.663,-75.756,-1.801469230,0.001713592,-0.000583083,0.000455796,0.001651861,-0.000583083,,novatel_oem7_msgs.msg.InertialSolutionStatus(status=3),
1786043870947039168,1786043870.945351461,/novatel/oem7/fix,/novatel/oem7/fix,/novatel/oem7/inspva,39.663,-75.756,-1.801469230,0.001713592,-0.000583083,0.000455796,0.001651861,-0.000583083,,0,
1786043870948066435,1786043870.945810285,/novatel/oem7/odom,/novatel/oem7/fix,/novatel/oem7/odom,39.663,-75.756,-1.801469230,0.001716021,-0.000575893,0.001676000,0.000368446,-0.000575893,,,
1786043870957021963,1786043870.955673636,/novatel/oem7/odom,/novatel/oem7/fix,/novatel/oem7/odom,39.663,-75.756,-1.801469230,0.001716021,-0.000575893,0.001676000,0.000368446,-0.000575893,,,
1786043870966250440,1786043870.965367161,/novatel/oem7/inspva,/novatel/oem7/inspva,/novatel/oem7/inspva,39.663,-75.756,-1.801471598,0.001684005,-0.000965026,0.000006309,0.001683994,-0.000965026,,novatel_oem7_msgs.msg.InertialSolutionStatus(status=3),
1786043870968086552,1786043870.965541733,/novatel/oem7/fix,/novatel/oem7/fix,/novatel/oem7/inspva,39.663,-75.756,-1.801471598,0.001684005,-0.000965026,0.000006309,0.001683994,-0.000965026,,0,
1786043870969390272,1786043870.966064315,/novatel/oem7/odom,/novatel/oem7/fix,/novatel/oem7/odom,39.663,-75.756,-1.801471598,0.001687398,-0.000959082,0.001685450,-0.000081049,-0.000959082,,,
1786043870975602656,1786043870.974656606,/novatel/oem7/odom,/novatel/oem7/fix,/novatel/oem7/odom,39.663,-75.756,-1.801471598,0.001687398,-0.000959082,0.001685450,-0.000081049,-0.000959082,,,
1786043870987049175,1786043870.986093896,/novatel/oem7/inspva,/novatel/oem7/inspva,/novatel/oem7/inspva,39.663,-75.756,-1.801461929,0.001758336,-0.000741162,0.000403713,0.001711362,-0.000741162,,novatel_oem7_msgs.msg.InertialSolutionStatus(status=3),
1786043870988772200,1786043870.986364848,/novatel/oem7/fix,/novatel/oem7/fix,/novatel/oem7/inspva,39.663,-75.756,-1.801461929,0.001758336,-0.000741162,0.000403713,0.001711362,-0.000741162,,0,
1786043870989937045,1786043870.986790590,/novatel/oem7/odom,/novatel/oem7/fix,/novatel/oem7/odom,39.663,-75.756,-1.801461929,0.001761370,-0.000733922,0.001733213,0.000313684,-0.000733922,,,
1786043870995230972,1786043870.994577729,/novatel/oem7/odom,/novatel/oem7/fix,/novatel/oem7/odom,39.663,-75.756,-1.801461929,0.001761370,-0.000733922,0.001733213,0.000313684,-0.000733922,,,
1786043871010519278,1786043871.009838701,/novatel/oem7/inspva,/novatel/oem7/inspva,/novatel/oem7/inspva,39.663,-75.756,-1.801460085,0.001593121,-0.000505265,0.000112435,0.001589149,-0.000505265,,novatel_oem7_msgs.msg.InertialSolutionStatus(status=3),
1786043871012056923,1786043871.009999652,/novatel/oem7/fix,/novatel/oem7/fix,/novatel/oem7/inspva,39.663,-75.756,-1.801460085,0.001593121,-0.000505265,0.000112435,0.001589149,-0.000505265,,0,
1786043871013339910,1786043871.011255689,/novatel/oem7/odom,/novatel/oem7/fix,/novatel/oem7/odom,39.663,-75.756,-1.801460085,0.001594995,-0.000499319,0.001594737,0.000028694,-0.000499319,,,
1786043871016828106,1786043871.016103328,/novatel/oem7/odom,/novatel/oem7/fix,/novatel/oem7/odom,39.663,-75.756,-1.801460085,0.001594995,-0.000499319,0.001594737,0.000028694,-0.000499319,,,
1786043871025072406,1786043871.024451000,/novatel/oem7/bestpos,/novatel/oem7/bestpos,/novatel/oem7/odom,39.663,-75.756,33.180878452,0.001594995,-0.000499319,0.001594737,0.000028694,-0.000499319,,novatel_oem7_msgs.msg.SolutionStatus(status=0),novatel_oem7_msgs.msg.PositionOrVelocityType(type=53)
1786043871026660906,1786043871.025693692,/novatel/oem7/bestvel,/novatel/oem7/bestpos,/novatel/oem7/bestvel,39.663,-75.756,33.180878452,0.001706391,-0.000542669,,,,87.477572175,novatel_oem7_msgs.msg.SolutionStatus(status=0),novatel_oem7_msgs.msg.PositionOrVelocityType(type=53)
1786043871028064493,1786043871.026310508,/novatel/oem7/inspva,/novatel/oem7/inspva,/novatel/oem7/inspva,39.663,-75.756,-1.801455734,0.001735110,-0.000747103,0.000541286,0.001648519,-0.000747103,,novatel_oem7_msgs.msg.InertialSolutionStatus(status=3),
1786043871028888485,1786043871.026464227,/novatel/oem7/fix,/novatel/oem7/fix,/novatel/oem7/inspva,39.663,-75.756,-1.801455734,0.001735110,-0.000747103,0.000541286,0.001648519,-0.000747103,,0,
1786043871029899115,1786043871.026793372,/novatel/oem7/odom,/novatel/oem7/fix,/novatel/oem7/odom,39.663,-75.756,-1.801455734,0.001738292,-0.000739670,0.001677843,0.000454423,-0.000739670,,,
1786043871035153342,1786043871.034495146,/novatel/oem7/odom,/novatel/oem7/fix,/novatel/oem7/odom,39.663,-75.756,-1.801455734,0.001738292,-0.000739670,0.001677843,0.000454423,-0.000739670,,,
1786043871047319622,1786043871.046719776,/novatel/oem7/inspva,/novatel/oem7/inspva,/novatel/oem7/inspva,39.663,-75.756,-1.801444283,0.001567775,-0.000765175,0.000034582,0.001567394,-0.000765175,,novatel_oem7_msgs.msg.InertialSolutionStatus(status=3),
1786043871048691200,1786043871.046865435,/novatel/oem7/fix,/novatel/oem7/fix,/novatel/oem7/inspva,39.663,-75.756,-1.801444283,0.001567775,-0.000765175,0.000034582,0.001567394,-0.000765175,,0,
1786043871049740827,1786043871.047156425,/novatel/oem7/odom,/novatel/oem7/fix,/novatel/oem7/odom,39.663,-75.756,-1.801444283,0.001570504,-0.000759558,0.001569795,-0.000047167,-0.000759558,,,
1786043871057530850,1786043871.056866890,/novatel/oem7/odom,/novatel/oem7/fix,/novatel/oem7/odom,39.663,-75.756,-1.801444283,0.001570504,-0.000759558,0.001569795,-0.000047167,-0.000759558,,,
1786043871065540965,1786043871.064970752,/novatel/oem7/inspva,/novatel/oem7/inspva,/novatel/oem7/inspva,39.663,-75.756,-1.801429244,0.002037402,-0.000536110,0.000513886,0.001971529,-0.000536110,,novatel_oem7_msgs.msg.InertialSolutionStatus(status=3),
1786043871066857738,1786043871.065112540,/novatel/oem7/fix,/novatel/oem7/fix,/novatel/oem7/inspva,39.663,-75.756,-1.801429244,0.002037402,-0.000536110,0.000513886,0.001971529,-0.000536110,,0,
1786043871067908066,1786043871.065556272,/novatel/oem7/odom,/novatel/oem7/fix,/novatel/oem7/odom,39.663,-75.756,-1.801429244,0.002039612,-0.000527640,0.001998144,0.000409189,-0.000527640,,,
1786043871076087842,1786043871.075432309,/novatel/oem7/odom,/novatel/oem7/fix,/novatel/oem7/odom,39.663,-75.756,-1.801429244,0.002039612,-0.000527640,0.001998144,0.000409189,-0.000527640,,,
1786043871087162318,1786043871.086626353,/novatel/oem7/inspva,/novatel/oem7/inspva,/novatel/oem7/inspva,39.663,-75.756,-1.801422053,0.001649603,-0.000856369,-0.000127497,0.001644669,-0.000856369,,novatel_oem7_msgs.msg.InertialSolutionStatus(status=3),
1786043871088551316,1786043871.086768151,/novatel/oem7/fix,/novatel/oem7/fix,/novatel/oem7/inspva,39.663,-75.756,-1.801422053,0.001649603,-0.000856369,-0.000127497,0.001644669,-0.000856369,,0,
1786043871089581757,1786043871.087614753,/novatel/oem7/odom,/novatel/oem7/fix,/novatel/oem7/odom,39.663,-75.756,-1.801422053,0.001652397,-0.000850965,0.001638626,-0.000212887,-0.000850965,,,
1786043871095287201,1786043871.094590171,/novatel/oem7/odom,/novatel/oem7/fix,/novatel/oem7/odom,39.663,-75.756,-1.801422053,0.001652397,-0.000850965,0.001638626,-0.000212887,-0.000850965,,,
1786043871106410288,1786043871.105879989,/novatel/oem7/inspva,/novatel/oem7/inspva,/novatel/oem7/inspva,39.663,-75.756,-1.801408825,0.001928605,-0.000941280,0.000170983,0.001921011,-0.000941280,,novatel_oem7_msgs.msg.InertialSolutionStatus(status=3),
1786043871107722774,1786043871.106014680,/novatel/oem7/fix,/novatel/oem7/fix,/novatel/oem7/inspva,39.663,-75.756,-1.801408825,0.001928605,-0.000941280,0.000170983,0.001921011,-0.000941280,,0,
1786043871108826872,1786043871.106485309,/novatel/oem7/odom,/novatel/oem7/fix,/novatel/oem7/odom,39.663,-75.756,-1.801408825,0.001932122,-0.000934041,0.001930831,0.000070614,-0.000934041,,,
1786043871110298181,1786043871.109140992,/novatel/oem7/bestpos,/novatel/oem7/bestpos,/novatel/oem7/odom,39.663,-75.756,33.180955327,0.001932122,-0.000934041,0.001930831,0.000070614,-0.000934041,,novatel_oem7_msgs.msg.SolutionStatus(status=0),novatel_oem7_msgs.msg.PositionOrVelocityType(type=53)
1786043871111255993,1786043871.109487265,/novatel/oem7/bestvel,/novatel/oem7/bestpos,/novatel/oem7/bestvel,39.663,-75.756,33.180955327,0.001227979,-0.000701424,,,,69.037570564,novatel_oem7_msgs.msg.SolutionStatus(status=0),novatel_oem7_msgs.msg.PositionOrVelocityType(type=53)
1786043871115663932,1786043871.114969251,/novatel/oem7/odom,/novatel/oem7/bestpos,/novatel/oem7/odom,39.663,-75.756,33.180955327,0.001932122,-0.000934041,0.001930831,0.000070614,-0.000934041,,,
1786043871125774748,1786043871.125175262,/novatel/oem7/inspva,/novatel/oem7/inspva,/novatel/oem7/inspva,39.663,-75.756,-1.801398976,0.001635874,-0.000563199,-0.000068119,0.001634455,-0.000563199,,novatel_oem7_msgs.msg.InertialSolutionStatus(status=3),
1786043871127165266,1786043871.125350964,/novatel/oem7/fix,/novatel/oem7/fix,/novatel/oem7/inspva,39.663,-75.756,-1.801398976,0.001635874,-0.000563199,-0.000068119,0.001634455,-0.000563199,,0,
1786043871128235793,1786043871.125843662,/novatel/oem7/odom,/novatel/oem7/fix,/novatel/oem7/odom,39.663,-75.756,-1.801398976,0.001637768,-0.000557666,0.001630521,-0.000153904,-0.000557666,,,
1786043871136072506,1786043871.135411193,/novatel/oem7/odom,/novatel/oem7/fix,/novatel/oem7/odom,39.663,-75.756,-1.801398976,0.001637768,-0.000557666,0.001630521,-0.000153904,-0.000557666,,,
1786043871145801142,1786043871.145293534,/novatel/oem7/inspva,/novatel/oem7/inspva,/novatel/oem7/inspva,39.663,-75.756,-1.801387914,0.001933083,-0.000683075,0.000266320,0.001914650,-0.000683075,,novatel_oem7_msgs.msg.InertialSolutionStatus(status=3),
1786043871147126916,1786043871.145451052,/novatel/oem7/fix,/novatel/oem7/fix,/novatel/oem7/inspva,39.663,-75.756,-1.801387914,0.001933083,-0.000683075,0.000266320,0.001914650,-0.000683075,,0,
1786043871148465346,1786043871.145967661,/novatel/oem7/odom,/novatel/oem7/fix,/novatel/oem7/odom,39.663,-75.756,-1.801387914,0.001935725,-0.000675552,0.001928646,0.000165402,-0.000675552,,,
1786043871156307866,1786043871.155655096,/novatel/oem7/odom,/novatel/oem7/fix,/novatel/oem7/odom,39.663,-75.756,-1.801387914,0.001935725,-0.000675552,0.001928646,0.000165402,-0.000675552,,,
1786043871166752056,1786043871.166219200,/novatel/oem7/inspva,/novatel/oem7/inspva,/novatel/oem7/inspva,39.663,-75.756,-1.801381313,0.001951573,-0.001050536,0.000060541,0.001950634,-0.001050536,,novatel_oem7_msgs.msg.InertialSolutionStatus(status=3),
1786043871168069199,1786043871.166375702,/novatel/oem7/fix,/novatel/oem7/fix,/novatel/oem7/inspva,39.663,-75.756,-1.801381313,0.001951573,-0.001050536,0.000060541,0.001950634,-0.001050536,,0,
1786043871169119670,1786043871.166959248,/novatel/oem7/odom,/novatel/oem7/fix,/novatel/oem7/odom,39.663,-75.756,-1.801381313,0.001955337,-0.001043513,0.001954908,-0.000040993,-0.001043513,,,
1786043871175696460,1786043871.175028737,/novatel/oem7/odom,/novatel/oem7/fix,/novatel/oem7/odom,39.663,-75.756,-1.801381313,0.001955337,-0.001043513,0.001954908,-0.000040993,-0.001043513,,,
1786043871185762959,1786043871.185229317,/novatel/oem7/inspva,/novatel/oem7/inspva,/novatel/oem7/inspva,39.663,-75.756,-1.801363647,0.001846829,-0.000548313,0.000216546,0.001834090,-0.000548313,,novatel_oem7_msgs.msg.InertialSolutionStatus(status=3),
1786043871187142996,1786043871.185382002,/novatel/oem7/fix,/novatel/oem7/fix,/novatel/oem7/inspva,39.663,-75.756,-1.801363647,0.001846829,-0.000548313,0.000216546,0.001834090,-0.000548313,,0,
1786043871188206534,1786043871.185758589,/novatel/oem7/odom,/novatel/oem7/fix,/novatel/oem7/odom,39.663,-75.756,-1.801363647,0.001848910,-0.000541255,0.001845037,0.000119610,-0.000541255,,,
1786043871195112311,1786043871.194476521,/novatel/oem7/odom,/novatel/oem7/fix,/novatel/oem7/odom,39.663,-75.756,-1.801363647,0.001848910,-0.000541255,0.001845037,0.000119610,-0.000541255,,,
1786043871207414917,1786043871.206917305,/novatel/oem7/inspva,/novatel/oem7/inspva,/novatel/oem7/inspva,39.663,-75.756,-1.801354864,0.001884992,-0.000633963,-0.000174034,0.001876941,-0.000633963,,novatel_oem7_msgs.msg.InertialSolutionStatus(status=3),
1786043871208727390,1786043871.207089443,/novatel/oem7/fix,/novatel/oem7/fix,/novatel/oem7/inspva,39.663,-75.756,-1.801354864,0.001884992,-0.000633963,-0.000174034,0.001876941,-0.000633963,,0,
1786043871209762434,1786043871.207501167,/novatel/oem7/odom,/novatel/oem7/fix,/novatel/oem7/odom,39.663,-75.756,-1.801354864,0.001887019,-0.000627906,0.001867245,-0.000272461,-0.000627906,,,
1786043871211182921,1786043871.210475821,/novatel/oem7/bestpos,/novatel/oem7/bestpos,/novatel/oem7/odom,39.663,-75.756,33.181000340,0.001887019,-0.000627906,0.001867245,-0.000272461,-0.000627906,,novatel_oem7_msgs.msg.SolutionStatus(status=0),novatel_oem7_msgs.msg.PositionOrVelocityType(type=53)
1786043871212608286,1786043871.210919802,/novatel/oem7/bestvel,/novatel/oem7/bestpos,/novatel/oem7/bestvel,39.663,-75.756,33.181000340,0.002050724,-0.000780353,,,,92.078294734,novatel_oem7_msgs.msg.SolutionStatus(status=0),novatel_oem7_msgs.msg.PositionOrVelocityType(type=53)
1786043871215702881,1786043871.215013804,/novatel/oem7/odom,/novatel/oem7/bestpos,/novatel/oem7/odom,39.663,-75.756,33.181000340,0.001887019,-0.000627906,0.001867245,-0.000272461,-0.000627906,,,
1786043871225889208,1786043871.225373600,/novatel/oem7/inspva,/novatel/oem7/inspva,/novatel/oem7/inspva,39.663,-75.756,-1.801339786,0.001643596,-0.000680806,0.000054541,0.001642690,-0.000680806,,novatel_oem7_msgs.msg.InertialSolutionStatus(status=3),
1786043871227195754,1786043871.225539791,/novatel/oem7/fix,/novatel/oem7/fix,/novatel/oem7/inspva,39.663,-75.756,-1.801339786,0.001643596,-0.000680806,0.000054541,0.001642690,-0.000680806,,0,
1786043871228241292,1786043871.225972299,/novatel/oem7/odom,/novatel/oem7/fix,/novatel/oem7/odom,39.663,-75.756,-1.801339786,0.001646039,-0.000674877,0.001645737,-0.000031537,-0.000674877,,,
1786043871235507439,1786043871.234833472,/novatel/oem7/odom,/novatel/oem7/fix,/novatel/oem7/odom,39.663,-75.756,-1.801339786,0.001646039,-0.000674877,0.001645737,-0.000031537,-0.000674877,,,
1786043871245788057,1786043871.245293136,/novatel/oem7/inspva,/novatel/oem7/inspva,/novatel/oem7/inspva,39.663,-75.756,-1.801330916,0.001421044,-0.000715997,0.000228754,0.001402511,-0.000715997,,novatel_oem7_msgs.msg.InertialSolutionStatus(status=3),
1786043871247519605,1786043871.245445210,/novatel/oem7/fix,/novatel/oem7/fix,/novatel/oem7/inspva,39.663,-75.756,-1.801330916,0.001421044,-0.000715997,0.000228754,0.001402511,-0.000715997,,0,
1786043871248719047,1786043871.246004636,/novatel/oem7/odom,/novatel/oem7/fix,/novatel/oem7/odom,39.663,-75.756,-1.801330916,0.001423863,-0.000710374,0.001415360,0.000155378,-0.000710374,,,
1786043871257077849,1786043871.256433286,/novatel/oem7/odom,/novatel/oem7/fix,/novatel/oem7/odom,39.663,-75.756,-1.801330916,0.001423863,-0.000710374,0.001415360,0.000155378,-0.000710374,,,
1786043871266653590,1786043871.266153168,/novatel/oem7/inspva,/novatel/oem7/inspva,/novatel/oem7/inspva,39.663,-75.756,-1.801314928,0.001572839,-0.000646869,0.000092389,0.001570123,-0.000646869,,novatel_oem7_msgs.msg.InertialSolutionStatus(status=3),
1786043871267942296,1786043871.266327807,/novatel/oem7/fix,/novatel/oem7/fix,/novatel/oem7/inspva,39.663,-75.756,-1.801314928,0.001572839,-0.000646869,0.000092389,0.001570123,-0.000646869,,0,
1786043871268973494,1786043871.266706520,/novatel/oem7/odom,/novatel/oem7/fix,/novatel/oem7/odom,39.663,-75.756,-1.801314928,0.001575211,-0.000641071,0.001575179,0.000010038,-0.000641071,,,
1786043871275122309,1786043871.274487570,/novatel/oem7/odom,/novatel/oem7/fix,/novatel/oem7/odom,39.663,-75.756,-1.801314928,0.001575211,-0.000641071,0.001575179,0.000010038,-0.000641071,,,
1786043871285535122,1786043871.285021520,/novatel/oem7/inspva,/novatel/oem7/inspva,/novatel/oem7/inspva,39.663,-75.756,-1.801301731,0.001278599,-0.000345083,0.000344354,0.001231356,-0.000345083,,novatel_oem7_msgs.msg.InertialSolutionStatus(status=3),
1786043871286833239,1786043871.285192602,/novatel/oem7/fix,/novatel/oem7/fix,/novatel/oem7/inspva,39.663,-75.756,-1.801301731,0.001278599,-0.000345083,0.000344354,0.001231356,-0.000345083,,0,
1786043871287855019,1786043871.285588019,/novatel/oem7/odom,/novatel/oem7/fix,/novatel/oem7/odom,39.663,-75.756,-1.801301731,0.001280040,-0.000339700,0.001249282,0.000278921,-0.000339700,,,
1786043871296283598,1786043871.295654205,/novatel/oem7/odom,/novatel/oem7/fix,/novatel/oem7/odom,39.663,-75.756,-1.801301731,0.001280040,-0.000339700,0.001249282,0.000278921,-0.000339700,,,
1786043871306087045,1786043871.305607733,/novatel/oem7/inspva,/novatel/oem7/inspva,/novatel/oem7/inspva,39.663,-75.756,-1.801287875,0.001391683,-0.000575078,0.000007034,0.001391665,-0.000575078,,novatel_oem7_msgs.msg.InertialSolutionStatus(status=3),
1786043871307357151,1786043871.305777862,/novatel/oem7/fix,/novatel/oem7/fix,/novatel/oem7/inspva,39.663,-75.756,-1.801287875,0.001391683,-0.000575078,0.000007034,0.001391665,-0.000575078,,0,
1786043871308373201,1786043871.306331794,/novatel/oem7/odom,/novatel/oem7/fix,/novatel/oem7/odom,39.663,-75.756,-1.801287875,0.001393705,-0.000570159,0.001392149,-0.000065840,-0.000570159,,,
1786043871310148203,1786043871.309304281,/novatel/oem7/bestpos,/novatel/oem7/bestpos,/novatel/oem7/odom,39.663,-75.756,33.181062305,0.001393705,-0.000570159,0.001392149,-0.000065840,-0.000570159,,novatel_oem7_msgs.msg.SolutionStatus(status=0),novatel_oem7_msgs.msg.PositionOrVelocityType(type=53)
1786043871311513403,1786043871.309922631,/novatel/oem7/bestvel,/novatel/oem7/bestpos,/novatel/oem7/bestvel,39.663,-75.756,33.181062305,0.001372320,-0.000704283,,,,78.699968560,novatel_oem7_msgs.msg.SolutionStatus(status=0),novatel_oem7_msgs.msg.PositionOrVelocityType(type=53)
1786043871315149640,1786043871.314505970,/novatel/oem7/odom,/novatel/oem7/bestpos,/novatel/oem7/odom,39.663,-75.756,33.181062305,0.001393705,-0.000570159,0.001392149,-0.000065840,-0.000570159,,,
1786043871327027445,1786043871.326534206,/novatel/oem7/inspva,/novatel/oem7/inspva,/novatel/oem7/inspva,39.663,-75.756,-1.801276120,0.001339351,-0.000315317,-0.000037352,0.001338830,-0.000315317,,novatel_oem7_msgs.msg.InertialSolutionStatus(status=3),
1786043871328299848,1786043871.326679364,/novatel/oem7/fix,/novatel/oem7/fix,/novatel/oem7/inspva,39.663,-75.756,-1.801276120,0.001339351,-0.000315317,-0.000037352,0.001338830,-0.000315317,,0,
1786043871329315428,1786043871.327042201,/novatel/oem7/odom,/novatel/oem7/fix,/novatel/oem7/odom,39.663,-75.756,-1.801276120,0.001340426,-0.000310718,0.001336063,-0.000108065,-0.000310718,,,
1786043871335564988,1786043871.334927758,/novatel/oem7/odom,/novatel/oem7/fix,/novatel/oem7/odom,39.663,-75.756,-1.801276120,0.001340426,-0.000310718,0.001336063,-0.000108065,-0.000310718,,,
1786043871345485313,1786043871.344984348,/novatel/oem7/inspva,/novatel/oem7/inspva,/novatel/oem7/inspva,39.663,-75.756,-1.801264608,0.001248165,-0.000354969,-0.000117571,0.001242615,-0.000354969,,novatel_oem7_msgs.msg.InertialSolutionStatus(status=3),
1786043871346899343,1786043871.345137275,/novatel/oem7/fix,/novatel/oem7/fix,/novatel/oem7/inspva,39.663,-75.756,-1.801264608,0.001248165,-0.000354969,-0.000117571,0.001242615,-0.000354969,,0,
1786043871348202341,1786043871.345480606,/novatel/oem7/odom,/novatel/oem7/fix,/novatel/oem7/odom,39.663,-75.756,-1.801264608,0.001249299,-0.000350956,0.001235836,-0.000182912,-0.000350956,,,
1786043871360559108,1786043871.356046494,/novatel/oem7/odom,/novatel/oem7/fix,/novatel/oem7/odom,39.663,-75.756,-1.801264608,0.001249299,-0.000350956,0.001235836,-0.000182912,-0.000350956,,,
1786043871369829283,1786043871.365211740,/novatel/oem7/inspva,/novatel/oem7/inspva,/novatel/oem7/inspva,39.663,-75.756,-1.801259174,0.001002989,-0.000886341,0.000195102,0.000983830,-0.000886341,,novatel_oem7_msgs.msg.InertialSolutionStatus(status=3),
1786043871371114344,1786043871.365449539,/novatel/oem7/fix,/novatel/oem7/fix,/novatel/oem7/inspva,39.663,-75.756,-1.801259174,0.001002989,-0.000886341,0.000195102,0.000983830,-0.000886341,,0,
1786043871371556382,1786043871.365971528,/novatel/oem7/odom,/novatel/oem7/fix,/novatel/oem7/odom,39.663,-75.756,-1.801259174,0.001006542,-0.000882303,0.000996092,0.000144667,-0.000882303,,,
1786043871374990937,1786043871.374680303,/novatel/oem7/odom,/novatel/oem7/fix,/novatel/oem7/odom,39.663,-75.756,-1.801259174,0.001006542,-0.000882303,0.000996092,0.000144667,-0.000882303,,,
1786043871386387488,1786043871.385979258,/novatel/oem7/inspva,/novatel/oem7/inspva,/novatel/oem7/inspva,39.663,-75.756,-1.801244651,0.001097867,-0.000518969,0.000120525,0.001091231,-0.000518969,,novatel_oem7_msgs.msg.InertialSolutionStatus(status=3),
1786043871387382296,1786043871.386126920,/novatel/oem7/fix,/novatel/oem7/fix,/novatel/oem7/inspva,39.663,-75.756,-1.801244651,0.001097867,-0.000518969,0.000120525,0.001091231,-0.000518969,,0,
1786043871388172799,1786043871.386532864,/novatel/oem7/odom,/novatel/oem7/fix,/novatel/oem7/odom,39.663,-75.756,-1.801244651,0.001099832,-0.000514792,0.001098003,0.000063400,-0.000514792,,,
1786043871394959898,1786043871.394410557,/novatel/oem7/odom,/novatel/oem7/fix,/novatel/oem7/odom,39.663,-75.756,-1.801244651,0.001099832,-0.000514792,0.001098003,0.000063400,-0.000514792,,,
1786043871406138284,1786043871.405728223,/novatel/oem7/inspva,/novatel/oem7/inspva,/novatel/oem7/inspva,39.663,-75.756,-1.801234861,0.000771757,-0.000207193,0.000208193,0.000743146,-0.000207193,,novatel_oem7_msgs.msg.InertialSolutionStatus(status=3),
1786043871407113637,1786043871.405875348,/novatel/oem7/fix,/novatel/oem7/fix,/novatel/oem7/inspva,39.663,-75.756,-1.801234861,0.000771757,-0.000207193,0.000208193,0.000743146,-0.000207193,,0,
1786043871408230163,1786043871.406802467,/novatel/oem7/odom,/novatel/oem7/fix,/novatel/oem7/odom,39.663,-75.756,-1.801234861,0.000772619,-0.000203957,0.000753976,0.000168700,-0.000203957,,,
1786043871410613305,1786043871.410147528,/novatel/oem7/bestpos,/novatel/oem7/bestpos,/novatel/oem7/odom,39.663,-75.756,33.181121327,0.000772619,-0.000203957,0.000753976,0.000168700,-0.000203957,,novatel_oem7_msgs.msg.SolutionStatus(status=0),novatel_oem7_msgs.msg.PositionOrVelocityType(type=53)
1786043871411656953,1786043871.410621682,/novatel/oem7/bestvel,/novatel/oem7/bestpos,/novatel/oem7/bestvel,39.663,-75.756,33.181121327,0.001248092,-0.000390706,,,,86.231194021,novatel_oem7_msgs.msg.SolutionStatus(status=0),novatel_oem7_msgs.msg.PositionOrVelocityType(type=53)
1786043871415914086,1786043871.415390841,/novatel/oem7/odom,/novatel/oem7/bestpos,/novatel/oem7/odom,39.663,-75.756,33.181121327,0.000772619,-0.000203957,0.000753976,0.000168700,-0.000203957,,,
1786043871425288942,1786043871.424891865,/novatel/oem7/inspva,/novatel/oem7/inspva,/novatel/oem7/inspva,39.663,-75.756,-1.801222875,0.000860972,-0.000284618,0.000107891,0.000854185,-0.000284618,,novatel_oem7_msgs.msg.InertialSolutionStatus(status=3),
1786043871426288560,1786043871.425058910,/novatel/oem7/fix,/novatel/oem7/fix,/novatel/oem7/inspva,39.663,-75.756,-1.801222875,0.000860972,-0.000284618,0.000107891,0.000854185,-0.000284618,,0,
1786043871427074860,1786043871.425456530,/novatel/oem7/odom,/novatel/oem7/fix,/novatel/oem7/odom,39.663,-75.756,-1.801222875,0.000862062,-0.000281300,0.000859771,0.000062813,-0.000281300,,,
1786043871434891010,1786043871.434368711,/novatel/oem7/odom,/novatel/oem7/fix,/novatel/oem7/odom,39.663,-75.756,-1.801222875,0.000862062,-0.000281300,0.000859771,0.000062813,-0.000281300,,,
1786043871447690634,1786043871.446564408,/novatel/oem7/inspva,/novatel/oem7/inspva,/novatel/oem7/inspva,39.663,-75.756,-1.801216341,0.001081292,-0.000483316,0.000004500,0.001081283,-0.000483316,,novatel_oem7_msgs.msg.InertialSolutionStatus(status=3),
1786043871449022944,1786043871.446768556,/novatel/oem7/fix,/novatel/oem7/fix,/novatel/oem7/inspva,39.663,-75.756,-1.801216341,0.001081292,-0.000483316,0.000004500,0.001081283,-0.000483316,,0,
1786043871450050001,1786043871.447300900,/novatel/oem7/odom,/novatel/oem7/fix,/novatel/oem7/odom,39.663,-75.756,-1.801216341,0.001082984,-0.000479512,0.001081734,-0.000052019,-0.000479512,,,
1786043871456953731,1786043871.456313628,/novatel/oem7/odom,/novatel/oem7/fix,/novatel/oem7/odom,39.663,-75.756,-1.801216341,0.001082984,-0.000479512,0.001081734,-0.000052019,-0.000479512,,,
1786043871465460685,1786043871.464963550,/novatel/oem7/inspva,/novatel/oem7/inspva,/novatel/oem7/inspva,39.663,-75.756,-1.801203457,0.000792568,-0.000260515,-0.000047703,0.000791131,-0.000260515,,novatel_oem7_msgs.msg.InertialSolutionStatus(status=3),
1786043871466735281,1786043871.465109971,/novatel/oem7/fix,/novatel/oem7/fix,/novatel/oem7/inspva,39.663,-75.756,-1.801203457,0.000792568,-0.000260515,-0.000047703,0.000791131,-0.000260515,,0,
1786043871467751578,1786043871.465598359,/novatel/oem7/odom,/novatel/oem7/fix,/novatel/oem7/odom,39.663,-75.756,-1.801203457,0.000793426,-0.000257889,0.000788391,-0.000089246,-0.000257889,,,
1786043871475203224,1786043871.474554474,/novatel/oem7/odom,/novatel/oem7/fix,/novatel/oem7/odom,39.663,-75.756,-1.801203457,0.000793426,-0.000257889,0.000788391,-0.000089246,-0.000257889,,,
1786043871485818455,1786043871.485319760,/novatel/oem7/inspva,/novatel/oem7/inspva,/novatel/oem7/inspva,39.663,-75.756,-1.801199073,0.000825114,-0.000645316,0.000107389,0.000818095,-0.000645316,,novatel_oem7_msgs.msg.InertialSolutionStatus(status=3),
1786043871487089158,1786043871.485492092,/novatel/oem7/fix,/novatel/oem7/fix,/novatel/oem7/inspva,39.663,-75.756,-1.801199073,0.000825114,-0.000645316,0.000107389,0.000818095,-0.000645316,,0,
1786043871488089561,1786043871.486077845,/novatel/oem7/odom,/novatel/oem7/fix,/novatel/oem7/odom,39.663,-75.756,-1.801199073,0.000827599,-0.000642126,0.000825021,0.000065268,-0.000642126,,,
1786043871495395720,1786043871.494769893,/novatel/oem7/odom,/novatel/oem7/fix,/novatel/oem7/odom,39.663,-75.756,-1.801199073,0.000827599,-0.000642126,0.000825021,0.000065268,-0.000642126,,,
1786043871506463885,1786043871.505968790,/novatel/oem7/inspva,/novatel/oem7/inspva,/novatel/oem7/inspva,39.663,-75.756,-1.801185976,0.000657056,-0.000451610,0.000056556,0.000654618,-0.000451610,,novatel_oem7_msgs.msg.InertialSolutionStatus(status=3),
1786043871507859607,1786043871.506106542,/novatel/oem7/fix,/novatel/oem7/fix,/novatel/oem7/inspva,39.663,-75.756,-1.801185976,0.000657056,-0.000451610,0.000056556,0.000654618,-0.000451610,,0,
1786043871509190856,1786043871.506549443,/novatel/oem7/odom,/novatel/oem7/fix,/novatel/oem7/odom,39.663,-75.756,-1.801185976,0.000658742,-0.000449148,0.000658350,0.000022707,-0.000449148,,,
1786043871511878987,1786043871.511313715,/novatel/oem7/bestpos,/novatel/oem7/bestpos,/novatel/oem7/odom,39.663,-75.756,33.181169130,0.000658742,-0.000449148,0.000658350,0.000022707,-0.000449148,,novatel_oem7_msgs.msg.SolutionStatus(status=0),novatel_oem7_msgs.msg.PositionOrVelocityType(type=53)
1786043871513245368,1786043871.511707692,/novatel/oem7/bestvel,/novatel/oem7/bestpos,/novatel/oem7/bestvel,39.663,-75.756,33.181169130,0.000679476,-0.000301085,,,,106.904910290,novatel_oem7_msgs.msg.SolutionStatus(status=0),novatel_oem7_msgs.msg.PositionOrVelocityType(type=53)
1786043871515139191,1786043871.514312295,/novatel/oem7/odom,/novatel/oem7/bestpos,/novatel/oem7/odom,39.663,-75.756,33.181169130,0.000658742,-0.000449148,0.000658350,0.000022707,-0.000449148,,,
1786043871525339738,1786043871.524850243,/novatel/oem7/inspva,/novatel/oem7/inspva,/novatel/oem7/inspva,39.663,-75.756,-1.801177773,0.000794261,-0.000248552,0.000194781,0.000770007,-0.000248552,,novatel_oem7_msgs.msg.InertialSolutionStatus(status=3),
1786043871526677348,1786043871.525001891,/novatel/oem7/fix,/novatel/oem7/fix,/novatel/oem7/inspva,39.663,-75.756,-1.801177773,0.000794261,-0.000248552,0.000194781,0.000770007,-0.000248552,,0,
1786043871527718312,1786043871.525411228,/novatel/oem7/odom,/novatel/oem7/fix,/novatel/oem7/odom,39.663,-75.756,-1.801177773,0.000795283,-0.000245263,0.000780234,0.000153977,-0.000245263,,,
1786043871536024253,1786043871.535378000,/novatel/oem7/odom,/novatel/oem7/fix,/novatel/oem7/odom,39.663,-75.756,-1.801177773,0.000795283,-0.000245263,0.000780234,0.000153977,-0.000245263,,,
1786043871545557731,1786043871.544959358,/novatel/oem7/inspva,/novatel/oem7/inspva,/novatel/oem7/inspva,39.663,-75.756,-1.801167605,0.000877401,-0.000254982,0.000178569,0.000859037,-0.000254982,,novatel_oem7_msgs.msg.InertialSolutionStatus(status=3),
1786043871546909277,1786043871.545163903,/novatel/oem7/fix,/novatel/oem7/fix,/novatel/oem7/inspva,39.663,-75.756,-1.801167605,0.000877401,-0.000254982,0.000178569,0.000859037,-0.000254982,,0,
1786043871547934668,1786043871.545696102,/novatel/oem7/odom,/novatel/oem7/fix,/novatel/oem7/odom,39.663,-75.756,-1.801167605,0.000878425,-0.000251429,0.000868293,0.000133036,-0.000251429,,,
1786043871556179379,1786043871.555553584,/novatel/oem7/odom,/novatel/oem7/fix,/novatel/oem7/odom,39.663,-75.756,-1.801167605,0.000878425,-0.000251429,0.000868293,0.000133036,-0.000251429,,,
1786043871567057673,1786043871.566530064,/novatel/oem7/inspva,/novatel/oem7/inspva,/novatel/oem7/inspva,39.663,-75.756,-1.801163412,0.000941548,-0.000562434,0.000122017,0.000933608,-0.000562434,,novatel_oem7_msgs.msg.InertialSolutionStatus(status=3),
1786043871568341843,1786043871.566724482,/novatel/oem7/fix,/novatel/oem7/fix,/novatel/oem7/inspva,39.663,-75.756,-1.801163412,0.000941548,-0.000562434,0.000122017,0.000933608,-0.000562434,,0,
1786043871569344133,1786043871.567018612,/novatel/oem7/odom,/novatel/oem7/fix,/novatel/oem7/odom,39.663,-75.756,-1.801163412,0.000943708,-0.000558802,0.000940846,0.000073435,-0.000558802,,,
1786043871575238923,1786043871.574596222,/novatel/oem7/odom,/novatel/oem7/fix,/novatel/oem7/odom,39.663,-75.756,-1.801163412,0.000943708,-0.000558802,0.000940846,0.000073435,-0.000558802,,,
1786043871585407383,1786043871.584886954,/novatel/oem7/inspva,/novatel/oem7/inspva,/novatel/oem7/inspva,39.663,-75.756,-1.801151827,0.000996819,-0.000555223,0.000129048,0.000988430,-0.000555223,,novatel_oem7_msgs.msg.InertialSolutionStatus(status=3),
1786043871586747106,1786043871.585073999,/novatel/oem7/fix,/novatel/oem7/fix,/novatel/oem7/inspva,39.663,-75.756,-1.801151827,0.000996819,-0.000555223,0.000129048,0.000988430,-0.000555223,,0,
1786043871587755403,1786043871.585435643,/novatel/oem7/odom,/novatel/oem7/fix,/novatel/oem7/odom,39.663,-75.756,-1.801151827,0.000998949,-0.000551381,0.000995939,0.000077490,-0.000551381,,,
1786043871595166539,1786043871.594528155,/novatel/oem7/odom,/novatel/oem7/fix,/novatel/oem7/odom,39.663,-75.756,-1.801151827,0.000998949,-0.000551381,0.000995939,0.000077490,-0.000551381,,,
1786043871606963199,1786043871.606453057,/novatel/oem7/inspva,/novatel/oem7/inspva,/novatel/oem7/inspva,39.663,-75.756,-1.801143653,0.000438719,-0.000185448,0.000242949,0.000365308,-0.000185448,,novatel_oem7_msgs.msg.InertialSolutionStatus(status=3),
1786043871608252159,1786043871.606628602,/novatel/oem7/fix,/novatel/oem7/fix,/novatel/oem7/inspva,39.663,-75.756,-1.801143653,0.000438719,-0.000185448,0.000242949,0.000365308,-0.000185448,,0,
1786043871609258929,1786043871.606998486,/novatel/oem7/odom,/novatel/oem7/fix,/novatel/oem7/odom,39.663,-75.756,-1.801143653,0.000439562,-0.000183440,0.000378465,0.000223560,-0.000183440,,,
1786043871611094401,1786043871.610248623,/novatel/oem7/bestpos,/novatel/oem7/bestpos,/novatel/oem7/odom,39.663,-75.756,33.181218166,0.000439562,-0.000183440,0.000378465,0.000223560,-0.000183440,,novatel_oem7_msgs.msg.SolutionStatus(status=0),novatel_oem7_msgs.msg.PositionOrVelocityType(type=53)
1786043871612638140,1786043871.610587769,/novatel/oem7/bestvel,/novatel/oem7/bestpos,/novatel/oem7/bestvel,39.663,-75.756,33.181218166,0.000481392,-0.000210571,,,,59.985646027,novatel_oem7_msgs.msg.SolutionStatus(status=0),novatel_oem7_msgs.msg.PositionOrVelocityType(type=53)
1786043871615393002,1786043871.614788662,/novatel/oem7/odom,/novatel/oem7/bestpos,/novatel/oem7/odom,39.663,-75.756,33.181218166,0.000439562,-0.000183440,0.000378465,0.000223560,-0.000183440,,,
1786043871626896109,1786043871.626356637,/novatel/oem7/inspva,/novatel/oem7/inspva,/novatel/oem7/inspva,39.663,-75.756,-1.801134826,0.000547233,-0.000612048,0.000350622,0.000420153,-0.000612048,,novatel_oem7_msgs.msg.InertialSolutionStatus(status=3),
1786043871628198245,1786043871.626560285,/novatel/oem7/fix,/novatel/oem7/fix,/novatel/oem7/inspva,39.663,-75.756,-1.801134826,0.000547233,-0.000612048,0.000350622,0.000420153,-0.000612048,,0,
1786043871629224553,1786043871.626926372,/novatel/oem7/odom,/novatel/oem7/fix,/novatel/oem7/odom,39.663,-75.756,-1.801134826,0.000550052,-0.000609516,0.000440554,0.000329346,-0.000609516,,,
1786043871635338458,1786043871.634695333,/novatel/oem7/odom,/novatel/oem7/fix,/novatel/oem7/odom,39.663,-75.756,-1.801134826,0.000550052,-0.000609516,0.000440554,0.000329346,-0.000609516,,,
1786043871645751967,1786043871.645120805,/novatel/oem7/inspva,/novatel/oem7/inspva,/novatel/oem7/inspva,39.663,-75.756,-1.801123567,0.000697581,-0.000111168,0.000529374,0.000454293,-0.000111168,,novatel_oem7_msgs.msg.InertialSolutionStatus(status=3),
1786043871647497529,1786043871.645289933,/novatel/oem7/fix,/novatel/oem7/fix,/novatel/oem7/inspva,39.663,-75.756,-1.801123567,0.000697581,-0.000111168,0.000529374,0.000454293,-0.000111168,,0,
1786043871648565860,1786043871.645796081,/novatel/oem7/odom,/novatel/oem7/fix,/novatel/oem7/odom,39.663,-75.756,-1.801123567,0.000698081,-0.000107984,0.000482389,0.000504596,-0.000107984,,,
1786043871657267311,1786043871.656619452,/novatel/oem7/odom,/novatel/oem7/fix,/novatel/oem7/odom,39.663,-75.756,-1.801123567,0.000698081,-0.000107984,0.000482389,0.000504596,-0.000107984,,,
1786043871665762761,1786043871.665244760,/novatel/oem7/inspva,/novatel/oem7/inspva,/novatel/oem7/inspva,39.663,-75.756,-1.801114123,0.000837990,-0.000211936,0.000413774,0.000728710,-0.000211936,,novatel_oem7_msgs.msg.InertialSolutionStatus(status=3),
1786043871667063131,1786043871.665406741,/novatel/oem7/fix,/novatel/oem7/fix,/novatel/oem7/inspva,39.663,-75.756,-1.801114123,0.000837990,-0.000211936,0.000413774,0.000728710,-0.000211936,,0,
1786043871668087468,1786043871.665739441,/novatel/oem7/odom,/novatel/oem7/fix,/novatel/oem7/odom,39.663,-75.756,-1.801114123,0.000838940,-0.000208143,0.000750589,0.000374748,-0.000208143,,,
1786043871675067190,1786043871.674458058,/novatel/oem7/odom,/novatel/oem7/fix,/novatel/oem7/odom,39.663,-75.756,-1.801114123,0.000838940,-0.000208143,0.000750589,0.000374748,-0.000208143,,,
1786043871687157486,1786043871.686639574,/novatel/oem7/inspva,/novatel/oem7/inspva,/novatel/oem7/inspva,39.663,-75.756,-1.801109696,0.000845118,-0.000544661,0.000527748,0.000660081,-0.000544661,,novatel_oem7_msgs.msg.InertialSolutionStatus(status=3),
1786043871688488823,1786043871.686792189,/novatel/oem7/fix,/novatel/oem7/fix,/novatel/oem7/inspva,39.663,-75.756,-1.801109696,0.000845118,-0.000544661,0.000527748,0.000660081,-0.000544661,,0,
1786043871689503963,1786043871.687283907,/novatel/oem7/odom,/novatel/oem7/fix,/novatel/oem7/odom,39.663,-75.756,-1.801109696,0.000847615,-0.000540768,0.000689367,0.000493177,-0.000540768,,,
1786043871695832307,1786043871.695205680,/novatel/oem7/odom,/novatel/oem7/fix,/novatel/oem7/odom,39.663,-75.756,-1.801109696,0.000847615,-0.000540768,0.000689367,0.000493177,-0.000540768,,,
1786043871706725902,1786043871.706032365,/novatel/oem7/inspva,/novatel/oem7/inspva,/novatel/oem7/inspva,39.663,-75.756,-1.801096890,0.000794371,-0.000487375,0.000353803,0.000711230,-0.000487375,,novatel_oem7_msgs.msg.InertialSolutionStatus(status=3),
1786043871708028221,1786043871.706259647,/novatel/oem7/fix,/novatel/oem7/fix,/novatel/oem7/inspva,39.663,-75.756,-1.801096890,0.000794371,-0.000487375,0.000353803,0.000711230,-0.000487375,,0,
1786043871709063362,1786043871.706698385,/novatel/oem7/odom,/novatel/oem7/fix,/novatel/oem7/odom,39.663,-75.756,-1.801096890,0.000796533,-0.000483833,0.000730918,0.000316580,-0.000483833,,,
1786043871710519264,1786043871.709538913,/novatel/oem7/bestpos,/novatel/oem7/bestpos,/novatel/oem7/odom,39.663,-75.756,33.181268909,0.000796533,-0.000483833,0.000730918,0.000316580,-0.000483833,,novatel_oem7_msgs.msg.SolutionStatus(status=0),novatel_oem7_msgs.msg.PositionOrVelocityType(type=53)
1786043871711878028,1786043871.710238480,/novatel/oem7/bestvel,/novatel/oem7/bestpos,/novatel/oem7/bestvel,39.663,-75.756,33.181268909,0.000811144,-0.000218304,,,,102.669631348,novatel_oem7_msgs.msg.SolutionStatus(status=0),novatel_oem7_msgs.msg.PositionOrVelocityType(type=53)
1786043871716148634,1786043871.715547349,/novatel/oem7/odom,/novatel/oem7/bestpos,/novatel/oem7/odom,39.663,-75.756,33.181268909,0.000796533,-0.000483833,0.000730918,0.000316580,-0.000483833,,,
1786043871725958151,1786043871.725436556,/novatel/oem7/inspva,/novatel/oem7/inspva,/novatel/oem7/inspva,39.663,-75.756,-1.801088004,0.000993928,-0.000210423,0.000693895,0.000711619,-0.000210423,,novatel_oem7_msgs.msg.InertialSolutionStatus(status=3),
1786043871727255331,1786043871.725550201,/novatel/oem7/fix,/novatel/oem7/fix,/novatel/oem7/inspva,39.663,-75.756,-1.801088004,0.000993928,-0.000210423,0.000693895,0.000711619,-0.000210423,,0,
1786043871728272555,1786043871.726271094,/novatel/oem7/odom,/novatel/oem7/fix,/novatel/oem7/odom,39.663,-75.756,-1.801088004,0.000994886,-0.000205845,0.000748516,0.000655379,-0.000205845,,,
1786043871735359900,1786043871.734759810,/novatel/oem7/odom,/novatel/oem7/fix,/novatel/oem7/odom,39.663,-75.756,-1.801088004,0.000994886,-0.000205845,0.000748516,0.000655379,-0.000205845,,,
1786043871746739033,1786043871.746201564,/novatel/oem7/inspva,/novatel/oem7/inspva,/novatel/oem7/inspva,39.663,-75.756,-1.801079084,0.001057447,-0.000497488,0.000671314,0.000817026,-0.000497488,,novatel_oem7_msgs.msg.InertialSolutionStatus(status=3),
1786043871748064569,1786043871.746356416,/novatel/oem7/fix,/novatel/oem7/fix,/novatel/oem7/inspva,39.663,-75.756,-1.801079084,0.001057447,-0.000497488,0.000671314,0.000817026,-0.000497488,,0,
1786043871749109560,1786043871.746875671,/novatel/oem7/odom,/novatel/oem7/fix,/novatel/oem7/odom,39.663,-75.756,-1.801079084,0.001059722,-0.000492625,0.000853601,0.000627993,-0.000492625,,,
1786043871756450792,1786043871.755823032,/novatel/oem7/odom,/novatel/oem7/fix,/novatel/oem7/odom,39.663,-75.756,-1.801079084,0.001059722,-0.000492625,0.000853601,0.000627993,-0.000492625,,,
1786043871765722513,1786043871.765227681,/novatel/oem7/inspva,/novatel/oem7/inspva,/novatel/oem7/inspva,39.663,-75.756,-1.801071323,0.001174398,-0.000360063,0.000997167,0.000620377,-0.000360063,,novatel_oem7_msgs.msg.InertialSolutionStatus(status=3),
1786043871767041019,1786043871.765305450,/novatel/oem7/fix,/novatel/oem7/fix,/novatel/oem7/inspva,39.663,-75.756,-1.801071323,0.001174398,-0.000360063,0.000997167,0.000620377,-0.000360063,,0,
1786043871768091330,1786043871.766124543,/novatel/oem7/odom,/novatel/oem7/fix,/novatel/oem7/odom,39.663,-75.756,-1.801071323,0.001175969,-0.000354899,0.000674197,0.000963515,-0.000354899,,,
1786043871776156122,1786043871.775494629,/novatel/oem7/odom,/novatel/oem7/fix,/novatel/oem7/odom,39.663,-75.756,-1.801071323,0.001175969,-0.000354899,0.000674197,0.000963515,-0.000354899,,,
1786043871785466840,1786043871.784969338,/novatel/oem7/inspva,/novatel/oem7/inspva,/novatel/oem7/inspva,39.663,-75.756,-1.801061644,0.000900675,-0.000409225,0.000856483,0.000278664,-0.000409225,,novatel_oem7_msgs.msg.InertialSolutionStatus(status=3),
1786043871786796781,1786043871.785046557,/novatel/oem7/fix,/novatel/oem7/fix,/novatel/oem7/inspva,39.663,-75.756,-1.801061644,0.000900675,-0.000409225,0.000856483,0.000278664,-0.000409225,,0,
1786043871787860325,1786043871.785473434,/novatel/oem7/odom,/novatel/oem7/fix,/novatel/oem7/odom,39.663,-75.756,-1.801061644,0.000902275,-0.000405685,0.000325616,0.000841472,-0.000405685,,,
1786043871794948344,1786043871.794289964,/novatel/oem7/odom,/novatel/oem7/fix,/novatel/oem7/odom,39.663,-75.756,-1.801061644,0.000902275,-0.000405685,0.000325616,0.000841472,-0.000405685,,,
1786043871806661576,1786043871.806133232,/novatel/oem7/inspva,/novatel/oem7/inspva,/novatel/oem7/inspva,39.663,-75.756,-1.801056759,0.001491916,-0.000435511,0.001106593,0.001000633,-0.000435511,,novatel_oem7_msgs.msg.InertialSolutionStatus(status=3),
1786043871808005423,1786043871.806226354,/novatel/oem7/fix,/novatel/oem7/fix,/novatel/oem7/inspva,39.663,-75.756,-1.801056759,0.001491916,-0.000435511,0.001106593,0.001000633,-0.000435511,,0,
1786043871809043357,1786043871.806924709,/novatel/oem7/odom,/novatel/oem7/fix,/novatel/oem7/odom,39.663,-75.756,-1.801056759,0.001493881,-0.000428722,0.001060030,0.001052624,-0.000428722,,,
1786043871810898319,1786043871.810151947,/novatel/oem7/bestpos,/novatel/oem7/bestpos,/novatel/oem7/odom,39.663,-75.756,33.181319201,0.001493881,-0.000428722,0.001060030,0.001052624,-0.000428722,,novatel_oem7_msgs.msg.SolutionStatus(status=0),novatel_oem7_msgs.msg.PositionOrVelocityType(type=53)
1786043871812277527,1786043871.810525584,/novatel/oem7/bestvel,/novatel/oem7/bestpos,/novatel/oem7/bestvel,39.663,-75.756,33.181319201,0.001251140,-0.000248658,,,,42.283481313,novatel_oem7_msgs.msg.SolutionStatus(status=0),novatel_oem7_msgs.msg.PositionOrVelocityType(type=53)
1786043871815574357,1786043871.814930773,/novatel/oem7/odom,/novatel/oem7/bestpos,/novatel/oem7/odom,39.663,-75.756,33.181319201,0.001493881,-0.000428722,0.001060030,0.001052624,-0.000428722,,,
1786043871825608599,1786043871.825110836,/novatel/oem7/inspva,/novatel/oem7/inspva,/novatel/oem7/inspva,39.663,-75.756,-1.801045824,0.000852344,-0.000476514,0.000725523,0.000447334,-0.000476514,,novatel_oem7_msgs.msg.InertialSolutionStatus(status=3),
1786043871826920839,1786043871.825192753,/novatel/oem7/fix,/novatel/oem7/fix,/novatel/oem7/inspva,39.663,-75.756,-1.801045824,0.000852344,-0.000476514,0.000725523,0.000447334,-0.000476514,,0,
1786043871827952380,1786043871.825552405,/novatel/oem7/odom,/novatel/oem7/fix,/novatel/oem7/odom,39.663,-75.756,-1.801045824,0.000854423,-0.000472775,0.000487274,0.000701857,-0.000472775,,,
1786043871836201594,1786043871.835375652,/novatel/oem7/odom,/novatel/oem7/fix,/novatel/oem7/odom,39.663,-75.756,-1.801045824,0.000854423,-0.000472775,0.000487274,0.000701857,-0.000472775,,,
1786043871845672030,1786043871.845151936,/novatel/oem7/inspva,/novatel/oem7/inspva,/novatel/oem7/inspva,39.663,-75.756,-1.801038158,0.001100241,-0.000240119,0.000749506,0.000805463,-0.000240119,,novatel_oem7_msgs.msg.InertialSolutionStatus(status=3),
1786043871846982414,1786043871.845304263,/novatel/oem7/fix,/novatel/oem7/fix,/novatel/oem7/inspva,39.663,-75.756,-1.801038158,0.001100241,-0.000240119,0.000749506,0.000805463,-0.000240119,,0,
1786043871848010337,1786043871.845941996,/novatel/oem7/odom,/novatel/oem7/fix,/novatel/oem7/odom,39.663,-75.756,-1.801038158,0.001101330,-0.000235073,0.000845316,0.000705953,-0.000235073,,,
1786043871857029523,1786043871.856382222,/novatel/oem7/odom,/novatel/oem7/fix,/novatel/oem7/odom,39.663,-75.756,-1.801038158,0.001101330,-0.000235073,0.000845316,0.000705953,-0.000235073,,,
1786043871866485289,1786043871.865971887,/novatel/oem7/inspva,/novatel/oem7/inspva,/novatel/oem7/inspva,39.663,-75.756,-1.801029561,0.000851213,-0.000252176,0.000482594,0.000701189,-0.000252176,,novatel_oem7_msgs.msg.InertialSolutionStatus(status=3),
1786043871867782725,1786043871.866115782,/novatel/oem7/fix,/novatel/oem7/fix,/novatel/oem7/inspva,39.663,-75.756,-1.801029561,0.000851213,-0.000252176,0.000482594,0.000701189,-0.000252176,,0,
1786043871869072655,1786043871.866564890,/novatel/oem7/odom,/novatel/oem7/fix,/novatel/oem7/odom,39.663,-75.756,-1.801029561,0.000852353,-0.000248295,0.000726937,0.000445048,-0.000248295,,,
1786043871875333729,1786043871.874698119,/novatel/oem7/odom,/novatel/oem7/fix,/novatel/oem7/odom,39.663,-75.756,-1.801029561,0.000852353,-0.000248295,0.000726937,0.000445048,-0.000248295,,,
1786043871885670034,1786043871.885179543,/novatel/oem7/inspva,/novatel/oem7/inspva,/novatel/oem7/inspva,39.663,-75.756,-1.801024746,0.001375167,-0.000314657,0.000961843,0.000982823,-0.000314657,,novatel_oem7_msgs.msg.InertialSolutionStatus(status=3),
1786043871886968321,1786043871.885251025,/novatel/oem7/fix,/novatel/oem7/fix,/novatel/oem7/inspva,39.663,-75.756,-1.801024746,0.001375167,-0.000314657,0.000961843,0.000982823,-0.000314657,,0,
1786043871887977814,1786043871.885676794,/novatel/oem7/odom,/novatel/oem7/fix,/novatel/oem7/odom,39.663,-75.756,-1.801024746,0.001376593,-0.000308358,0.001034057,0.000908699,-0.000308358,,,
1786043871896032776,1786043871.895393973,/novatel/oem7/odom,/novatel/oem7/fix,/novatel/oem7/odom,39.663,-75.756,-1.801024746,0.001376593,-0.000308358,0.001034057,0.000908699,-0.000308358,,,
1786043871906442609,1786043871.905939621,/novatel/oem7/inspva,/novatel/oem7/inspva,/novatel/oem7/inspva,39.663,-75.756,-1.801014014,0.000794404,-0.000290154,0.000519268,0.000601197,-0.000290154,,novatel_oem7_msgs.msg.InertialSolutionStatus(status=3),
1786043871907755103,1786043871.906013380,/novatel/oem7/fix,/novatel/oem7/fix,/novatel/oem7/inspva,39.663,-75.756,-1.801014014,0.000794404,-0.000290154,0.000519268,0.000601197,-0.000290154,,0,
1786043871908785766,1786043871.906452899,/novatel/oem7/odom,/novatel/oem7/fix,/novatel/oem7/odom,39.663,-75.756,-1.801014014,0.000795727,-0.000286506,0.000629189,0.000487137,-0.000286506,,,
1786043871910228508,1786043871.909101756,/novatel/oem7/bestpos,/novatel/oem7/bestpos,/novatel/oem7/odom,39.663,-75.756,33.181355107,0.000795727,-0.000286506,0.000629189,0.000487137,-0.000286506,,novatel_oem7_msgs.msg.SolutionStatus(status=0),novatel_oem7_msgs.msg.PositionOrVelocityType(type=53)
1786043871911132177,1786043871.909554222,/novatel/oem7/bestvel,/novatel/oem7/bestpos,/novatel/oem7/bestvel,39.663,-75.756,33.181355107,0.000783252,-0.000144444,,,,81.378145712,novatel_oem7_msgs.msg.SolutionStatus(status=0),novatel_oem7_msgs.msg.PositionOrVelocityType(type=53)
1786043871914920222,1786043871.914278232,/novatel/oem7/odom,/novatel/oem7/bestpos,/novatel/oem7/odom,39.663,-75.756,33.181355107,0.000795727,-0.000286506,0.000629189,0.000487137,-0.000286506,,,
1786043871926954071,1786043871.926457273,/novatel/oem7/inspva,/novatel/oem7/inspva,/novatel/oem7/inspva,39.663,-75.756,-1.801008900,0.001063867,-0.000124877,0.000673104,0.000823860,-0.000124877,,novatel_oem7_msgs.msg.InertialSolutionStatus(status=3),
1786043871928235488,1786043871.926601991,/novatel/oem7/fix,/novatel/oem7/fix,/novatel/oem7/inspva,39.663,-75.756,-1.801008900,0.001063867,-0.000124877,0.000673104,0.000823860,-0.000124877,,0,
1786043871929242715,1786043871.926929341,/novatel/oem7/odom,/novatel/oem7/fix,/novatel/oem7/odom,39.663,-75.756,-1.801008900,0.001064429,-0.000119997,0.000859174,0.000628354,-0.000119997,,,
1786043871935273673,1786043871.934617519,/novatel/oem7/odom,/novatel/oem7/fix,/novatel/oem7/odom,39.663,-75.756,-1.801008900,0.001064429,-0.000119997,0.000859174,0.000628354,-0.000119997,,,
1786043871945336872,1786043871.944866205,/novatel/oem7/inspva,/novatel/oem7/inspva,/novatel/oem7/inspva,39.663,-75.756,-1.800999715,0.000961381,-0.000073576,0.000411967,0.000868640,-0.000073576,,novatel_oem7_msgs.msg.InertialSolutionStatus(status=3),
1786043871946650809,1786043871.944937557,/novatel/oem7/fix,/novatel/oem7/fix,/novatel/oem7/inspva,39.663,-75.756,-1.800999715,0.000961381,-0.000073576,0.000411967,0.000868640,-0.000073576,,0,
1786043871947681366,1786043871.945385093,/novatel/oem7/odom,/novatel/oem7/fix,/novatel/oem7/odom,39.663,-75.756,-1.800999715,0.000961696,-0.000069328,0.000889719,0.000365047,-0.000069328,,,
1786043871956185449,1786043871.955562983,/novatel/oem7/odom,/novatel/oem7/fix,/novatel/oem7/odom,39.663,-75.756,-1.800999715,0.000961696,-0.000069328,0.000889719,0.000365047,-0.000069328,,,
1786043871966036613,1786043871.965314188,/novatel/oem7/inspva,/novatel/oem7/inspva,/novatel/oem7/inspva,39.663,-75.756,-1.800992741,0.000911336,-0.000081779,0.000609659,0.000677384,-0.000081779,,novatel_oem7_msgs.msg.InertialSolutionStatus(status=3),
1786043871967470988,1786043871.965399315,/novatel/oem7/fix,/novatel/oem7/fix,/novatel/oem7/inspva,39.663,-75.756,-1.800992741,0.000911336,-0.000081779,0.000609659,0.000677384,-0.000081779,,0,
1786043871968494444,1786043871.966164464,/novatel/oem7/odom,/novatel/oem7/fix,/novatel/oem7/odom,39.663,-75.756,-1.800992741,0.000911700,-0.000077613,0.000709358,0.000572720,-0.000077613,,,
1786043871975498562,1786043871.974777628,/novatel/oem7/odom,/novatel/oem7/fix,/novatel/oem7/odom,39.663,-75.756,-1.800992741,0.000911700,-0.000077613,0.000709358,0.000572720,-0.000077613,,,
1786043871986668566,1786043871.985906355,/novatel/oem7/inspva,/novatel/oem7/inspva,/novatel/oem7/inspva,39.663,-75.756,-1.800980512,0.000784101,0.000173849,0.000501979,0.000602354,0.000173849,,novatel_oem7_msgs.msg.InertialSolutionStatus(status=3),
1786043871987983676,1786043871.986054330,/novatel/oem7/fix,/novatel/oem7/fix,/novatel/oem7/inspva,39.663,-75.756,-1.800980512,0.000784101,0.000173849,0.000501979,0.000602354,0.000173849,,0,
1786043871988989177,1786043871.986386946,/novatel/oem7/odom,/novatel/oem7/fix,/novatel/oem7/odom,39.663,-75.756,-1.800980512,0.000783297,0.000177436,0.000627750,0.000468490,0.000177436,,,
1786043871995059322,1786043871.994364265,/novatel/oem7/odom,/novatel/oem7/fix,/novatel/oem7/odom,39.663,-75.756,-1.800980512,0.000783297,0.000177436,0.000627750,0.000468490,0.000177436,,,
1786043872010737078,1786043872.010053401,/novatel/oem7/inspva,/novatel/oem7/inspva,/novatel/oem7/inspva,39.663,-75.756,-1.800978716,0.001106264,-0.000364017,0.000840118,0.000719737,-0.000364017,,novatel_oem7_msgs.msg.InertialSolutionStatus(status=3),
1786043872012131469,1786043872.010206273,/novatel/oem7/fix,/novatel/oem7/fix,/novatel/oem7/inspva,39.663,-75.756,-1.800978716,0.001106264,-0.000364017,0.000840118,0.000719737,-0.000364017,,0,
1786043872013175409,1786043872.011508246,/novatel/oem7/odom,/novatel/oem7/fix,/novatel/oem7/odom,39.663,-75.756,-1.800978716,0.001107901,-0.000359006,0.000765008,0.000801378,-0.000359006,,,
1786043872017509204,1786043872.016766756,/novatel/oem7/odom,/novatel/oem7/fix,/novatel/oem7/odom,39.663,-75.756,-1.800978716,0.001107901,-0.000359006,0.000765008,0.000801378,-0.000359006,,,
1786043872026676874,1786043872.025960096,/novatel/oem7/bestpos,/novatel/oem7/bestpos,/novatel/oem7/odom,39.663,-75.756,33.181397179,0.001107901,-0.000359006,0.000765008,0.000801378,-0.000359006,,novatel_oem7_msgs.msg.SolutionStatus(status=0),novatel_oem7_msgs.msg.PositionOrVelocityType(type=53)
1786043872028300583,1786043872.026408358,/novatel/oem7/bestvel,/novatel/oem7/bestpos,/novatel/oem7/bestvel,39.663,-75.756,33.181397179,0.001010949,-0.000211273,,,,67.180134194,novatel_oem7_msgs.msg.SolutionStatus(status=0),novatel_oem7_msgs.msg.PositionOrVelocityType(type=53)
1786043872029202613,1786043872.026988604,/novatel/oem7/inspva,/novatel/oem7/inspva,/novatel/oem7/inspva,39.663,-75.756,-1.800967120,0.001092082,-0.000158136,0.001022379,0.000383906,-0.000158136,,novatel_oem7_msgs.msg.InertialSolutionStatus(status=3),
1786043872029997711,1786043872.027189059,/novatel/oem7/fix,/novatel/oem7/fix,/novatel/oem7/inspva,39.663,-75.756,-1.800967120,0.001092082,-0.000158136,0.001022379,0.000383906,-0.000158136,,0,
1786043872030985394,1786043872.027478639,/novatel/oem7/odom,/novatel/oem7/fix,/novatel/oem7/odom,39.663,-75.756,-1.800967120,0.001092708,-0.000153745,0.000438681,0.001000785,-0.000153745,,,
1786043872035060249,1786043872.034358488,/novatel/oem7/odom,/novatel/oem7/fix,/novatel/oem7/odom,39.663,-75.756,-1.800967120,0.001092708,-0.000153745,0.000438681,0.001000785,-0.000153745,,,
1786043872047368161,1786043872.046716048,/novatel/oem7/inspva,/novatel/oem7/inspva,/novatel/oem7/inspva,39.663,-75.756,-1.800964210,0.001047283,0.000060007,0.000499013,0.000920754,0.000060007,,novatel_oem7_msgs.msg.InertialSolutionStatus(status=3),
1786043872048748202,1786043872.046872033,/novatel/oem7/fix,/novatel/oem7/fix,/novatel/oem7/inspva,39.663,-75.756,-1.800964210,0.001047283,0.000060007,0.000499013,0.000920754,0.000060007,,0,
1786043872049770532,1786043872.047255866,/novatel/oem7/odom,/novatel/oem7/fix,/novatel/oem7/odom,39.663,-75.756,-1.800964210,0.001047005,0.000064674,0.000945941,0.000448793,0.000064674,,,
1786043872057414657,1786043872.056715725,/novatel/oem7/odom,/novatel/oem7/fix,/novatel/oem7/odom,39.663,-75.756,-1.800964210,0.001047005,0.000064674,0.000945941,0.000448793,0.000064674,,,
1786043872065591267,1786043872.064946570,/novatel/oem7/inspva,/novatel/oem7/inspva,/novatel/oem7/inspva,39.663,-75.756,-1.800966271,0.001116673,0.000088318,0.000756336,0.000821532,0.000088318,,novatel_oem7_msgs.msg.InertialSolutionStatus(status=3),
1786043872066960831,1786043872.065019314,/novatel/oem7/fix,/novatel/oem7/fix,/novatel/oem7/inspva,39.663,-75.756,-1.800966271,0.001116673,0.000088318,0.000756336,0.000821532,0.000088318,,0,
1786043872067983414,1786043872.065504682,/novatel/oem7/odom,/novatel/oem7/fix,/novatel/oem7/odom,39.663,-75.756,-1.800966271,0.001116258,0.000093415,0.000860542,0.000710985,0.000093415,,,
1786043872076295356,1786043872.075591368,/novatel/oem7/odom,/novatel/oem7/fix,/novatel/oem7/odom,39.663,-75.756,-1.800966271,0.001116258,0.000093415,0.000860542,0.000710985,0.000093415,,,
1786043872086101409,1786043872.085457486,/novatel/oem7/inspva,/novatel/oem7/inspva,/novatel/oem7/inspva,39.663,-75.756,-1.800972931,0.000767056,-0.000423262,0.000495076,0.000585897,-0.000423262,,novatel_oem7_msgs.msg.InertialSolutionStatus(status=3),
1786043872087509450,1786043872.085610107,/novatel/oem7/fix,/novatel/oem7/fix,/novatel/oem7/inspva,39.663,-75.756,-1.800972931,0.000767056,-0.000423262,0.000495076,0.000585897,-0.000423262,,0,
1786043872088530657,1786043872.086345232,/novatel/oem7/odom,/novatel/oem7/fix,/novatel/oem7/odom,39.663,-75.756,-1.800972931,0.000768976,-0.000419764,0.000613091,0.000464160,-0.000419764,,,
1786043872096045927,1786043872.095303026,/novatel/oem7/odom,/novatel/oem7/fix,/novatel/oem7/odom,39.663,-75.756,-1.800972931,0.000768976,-0.000419764,0.000613091,0.000464160,-0.000419764,,,
1786043872106405116,1786043872.105744286,/novatel/oem7/inspva,/novatel/oem7/inspva,/novatel/oem7/inspva,39.663,-75.756,-1.800970851,0.001026527,-0.000161124,0.000760831,0.000689124,-0.000161124,,novatel_oem7_msgs.msg.InertialSolutionStatus(status=3),
1786043872107789070,1786043872.105897588,/novatel/oem7/fix,/novatel/oem7/fix,/novatel/oem7/inspva,39.663,-75.756,-1.800970851,0.001026527,-0.000161124,0.000760831,0.000689124,-0.000161124,,0,
1786043872108832114,1786043872.106280658,/novatel/oem7/odom,/novatel/oem7/fix,/novatel/oem7/odom,39.663,-75.756,-1.800970851,0.001027244,-0.000156484,0.000729459,0.000723270,-0.000156484,,,
1786043872110382159,1786043872.108985192,/novatel/oem7/bestpos,/novatel/oem7/bestpos,/novatel/oem7/odom,39.663,-75.756,33.181425454,0.001027244,-0.000156484,0.000729459,0.000723270,-0.000156484,,novatel_oem7_msgs.msg.SolutionStatus(status=0),novatel_oem7_msgs.msg.PositionOrVelocityType(type=53)
1786043872111298416,1786043872.109286875,/novatel/oem7/bestvel,/novatel/oem7/bestpos,/novatel/oem7/bestvel,39.663,-75.756,33.181425454,0.000653064,0.000146483,,,,25.976861040,novatel_oem7_msgs.msg.SolutionStatus(status=0),novatel_oem7_msgs.msg.PositionOrVelocityType(type=53)
1786043872115062484,1786043872.114337384,/novatel/oem7/odom,/novatel/oem7/bestpos,/novatel/oem7/odom,39.663,-75.756,33.181425454,0.001027244,-0.000156484,0.000729459,0.000723270,-0.000156484,,,
1786043872125968712,1786043872.125276095,/novatel/oem7/inspva,/novatel/oem7/inspva,/novatel/oem7/inspva,39.663,-75.756,-1.800968501,0.000806652,0.000162025,0.000533054,0.000605426,0.000162025,,novatel_oem7_msgs.msg.InertialSolutionStatus(status=3),
1786043872127319182,1786043872.125456110,/novatel/oem7/fix,/novatel/oem7/fix,/novatel/oem7/inspva,39.663,-75.756,-1.800968501,0.000806652,0.000162025,0.000533054,0.000605426,0.000162025,,0,
1786043872128330022,1786043872.125993822,/novatel/oem7/odom,/novatel/oem7/fix,/novatel/oem7/odom,39.663,-75.756,-1.800968501,0.000805905,0.000165702,0.000632524,0.000499395,0.000165702,,,
1786043872136283430,1786043872.135530386,/novatel/oem7/odom,/novatel/oem7/fix,/novatel/oem7/odom,39.663,-75.756,-1.800968501,0.000805905,0.000165702,0.000632524,0.000499395,0.000165702,,,
1786043872145897258,1786043872.145255141,/novatel/oem7/inspva,/novatel/oem7/inspva,/novatel/oem7/inspva,39.663,-75.756,-1.800967896,0.001118465,-0.000094752,0.000929997,0.000621344,-0.000094752,,novatel_oem7_msgs.msg.InertialSolutionStatus(status=3),
1786043872147256165,1786043872.145329265,/novatel/oem7/fix,/novatel/oem7/fix,/novatel/oem7/inspva,39.663,-75.756,-1.800967896,0.001118465,-0.000094752,0.000929997,0.000621344,-0.000094752,,0,
1786043872148275395,1786043872.145846624,/novatel/oem7/odom,/novatel/oem7/fix,/novatel/oem7/odom,39.663,-75.756,-1.800967896,0.001118871,-0.000089833,0.000670604,0.000895635,-0.000089833,,,
1786043872156299834,1786043872.155575604,/novatel/oem7/odom,/novatel/oem7/fix,/novatel/oem7/odom,39.663,-75.756,-1.800967896,0.001118871,-0.000089833,0.000670604,0.000895635,-0.000089833,,,
1786043872167363727,1786043872.166692454,/novatel/oem7/inspva,/novatel/oem7/inspva,/novatel/oem7/inspva,39.663,-75.756,-1.800965824,0.000830238,0.000136005,0.000512163,0.000653440,0.000136005,,novatel_oem7_msgs.msg.InertialSolutionStatus(status=3),
1786043872168668103,1786043872.166767110,/novatel/oem7/fix,/novatel/oem7/fix,/novatel/oem7/inspva,39.663,-75.756,-1.800965824,0.000830238,0.000136005,0.000512163,0.000653440,0.000136005,,0,
1786043872169678847,1786043872.167120121,/novatel/oem7/odom,/novatel/oem7/fix,/novatel/oem7/odom,39.663,-75.756,-1.800965824,0.000829609,0.000139789,0.000679442,0.000476036,0.000139789,,,
1786043872176559024,1786043872.175812423,/novatel/oem7/odom,/novatel/oem7/fix,/novatel/oem7/odom,39.663,-75.756,-1.800965824,0.000829609,0.000139789,0.000679442,0.000476036,0.000139789,,,
1786043872185883042,1786043872.185216407,/novatel/oem7/inspva,/novatel/oem7/inspva,/novatel/oem7/inspva,39.663,-75.756,-1.800966170,0.001227294,0.000067546,0.000988765,0.000727045,0.000067546,,novatel_oem7_msgs.msg.InertialSolutionStatus(status=3),
1786043872187234826,1786043872.185288605,/novatel/oem7/fix,/novatel/oem7/fix,/novatel/oem7/inspva,39.663,-75.756,-1.800966170,0.001227294,0.000067546,0.000988765,0.000727045,0.000067546,,0,
1786043872188254463,1786043872.185711517,/novatel/oem7/odom,/novatel/oem7/fix,/novatel/oem7/odom,39.663,-75.756,-1.800966170,0.001226981,0.000073005,0.000778712,0.000948204,0.000073005,,,
1786043872196114363,1786043872.195366739,/novatel/oem7/odom,/novatel/oem7/fix,/novatel/oem7/odom,39.663,-75.756,-1.800966170,0.001226981,0.000073005,0.000778712,0.000948204,0.000073005,,,
1786043872207258793,1786043872.206676634,/novatel/oem7/inspva,/novatel/oem7/inspva,/novatel/oem7/inspva,39.663,-75.756,-1.800966660,0.000827656,-0.000256469,0.000678338,0.000474207,-0.000256469,,novatel_oem7_msgs.msg.InertialSolutionStatus(status=3),
1786043872208690261,1786043872.206826706,/novatel/oem7/fix,/novatel/oem7/fix,/novatel/oem7/inspva,39.663,-75.756,-1.800966660,0.000827656,-0.000256469,0.000678338,0.000474207,-0.000256469,,0,
1786043872209721475,1786043872.207193553,/novatel/oem7/odom,/novatel/oem7/fix,/novatel/oem7/odom,39.663,-75.756,-1.800966660,0.000828781,-0.000252810,0.000510780,0.000652673,-0.000252810,,,
1786043872211317824,1786043872.210105640,/novatel/oem7/bestpos,/novatel/oem7/bestpos,/novatel/oem7/odom,39.663,-75.756,33.181427203,0.000828781,-0.000252810,0.000510780,0.000652673,-0.000252810,,novatel_oem7_msgs.msg.SolutionStatus(status=0),novatel_oem7_msgs.msg.PositionOrVelocityType(type=53)
1786043872212234884,1786043872.210512634,/novatel/oem7/bestvel,/novatel/oem7/bestpos,/novatel/oem7/bestvel,39.663,-75.756,33.181427203,0.000725785,-0.000105010,,,,11.093316146,novatel_oem7_msgs.msg.SolutionStatus(status=0),novatel_oem7_msgs.msg.PositionOrVelocityType(type=53)
1786043872215441327,1786043872.214703372,/novatel/oem7/odom,/novatel/oem7/bestpos,/novatel/oem7/odom,39.663,-75.756,33.181427203,0.000828781,-0.000252810,0.000510780,0.000652673,-0.000252810,,,
1786043872227011891,1786043872.226275190,/novatel/oem7/inspva,/novatel/oem7/inspva,/novatel/oem7/inspva,39.663,-75.756,-1.800963135,0.001243352,-0.000140048,0.001090213,0.000597795,-0.000140048,,novatel_oem7_msgs.msg.InertialSolutionStatus(status=3),
1786043872228410055,1786043872.226445682,/novatel/oem7/fix,/novatel/oem7/fix,/novatel/oem7/inspva,39.663,-75.756,-1.800963135,0.001243352,-0.000140048,0.001090213,0.000597795,-0.000140048,,0,
1786043872229473709,1786043872.226923367,/novatel/oem7/odom,/novatel/oem7/fix,/novatel/oem7/odom,39.663,-75.756,-1.800963135,0.001243939,-0.000134733,0.000655839,0.001057005,-0.000134733,,,
1786043872236279396,1786043872.235545674,/novatel/oem7/odom,/novatel/oem7/fix,/novatel/oem7/odom,39.663,-75.756,-1.800963135,0.001243939,-0.000134733,0.000655839,0.001057005,-0.000134733,,,
1786043872245988591,1786043872.245298011,/novatel/oem7/inspva,/novatel/oem7/inspva,/novatel/oem7/inspva,39.663,-75.756,-1.800959463,0.000833068,0.000027077,0.000634555,0.000539760,0.000027077,,novatel_oem7_msgs.msg.InertialSolutionStatus(status=3),
1786043872247389095,1786043872.245473826,/novatel/oem7/fix,/novatel/oem7/fix,/novatel/oem7/inspva,39.663,-75.756,-1.800959463,0.000833068,0.000027077,0.000634555,0.000539760,0.000027077,,0,
1786043872248493020,1786043872.246066421,/novatel/oem7/odom,/novatel/oem7/fix,/novatel/oem7/odom,39.663,-75.756,-1.800959463,0.000832937,0.000030841,0.000572881,0.000604641,0.000030841,,,
1786043872257199962,1786043872.256417087,/novatel/oem7/odom,/novatel/oem7/fix,/novatel/oem7/odom,39.663,-75.756,-1.800959463,0.000832937,0.000030841,0.000572881,0.000604641,0.000030841,,,
1786043872266659205,1786043872.265938971,/novatel/oem7/inspva,/novatel/oem7/inspva,/novatel/oem7/inspva,39.663,-75.756,-1.800956598,0.001347266,0.000116115,0.001177125,0.000655364,0.000116115,,novatel_oem7_msgs.msg.InertialSolutionStatus(status=3),
1786043872268121420,1786043872.266107832,/novatel/oem7/fix,/novatel/oem7/fix,/novatel/oem7/inspva,39.663,-75.756,-1.800956598,0.001347266,0.000116115,0.001177125,0.000655364,0.000116115,,0,
1786043872269217221,1786043872.266644665,/novatel/oem7/odom,/novatel/oem7/fix,/novatel/oem7/odom,39.663,-75.756,-1.800956598,0.001346756,0.000121891,0.000717069,0.001139984,0.000121891,,,
1786043872275102634,1786043872.274318909,/novatel/oem7/odom,/novatel/oem7/fix,/novatel/oem7/odom,39.663,-75.756,-1.800956598,0.001346756,0.000121891,0.000717069,0.001139984,0.000121891,,,
1786043872286559709,1786043872.286159707,/novatel/oem7/inspva,/novatel/oem7/inspva,/novatel/oem7/inspva,39.663,-75.756,-1.800956314,0.001057586,-0.000192479,0.000870637,0.000600400,-0.000192479,,novatel_oem7_msgs.msg.InertialSolutionStatus(status=3),
1786043872287229592,1786043872.286287108,/novatel/oem7/fix,/novatel/oem7/fix,/novatel/oem7/inspva,39.663,-75.756,-1.800956314,0.001057586,-0.000192479,0.000870637,0.000600400,-0.000192479,,0,
1786043872287721543,1786043872.286852724,/novatel/oem7/odom,/novatel/oem7/fix,/novatel/oem7/odom,39.663,-75.756,-1.800956314,0.001058427,-0.000187801,0.000646878,0.000837745,-0.000187801,,,
1786043872295068842,1786043872.294549719,/novatel/oem7/odom,/novatel/oem7/fix,/novatel/oem7/odom,39.663,-75.756,-1.800956314,0.001058427,-0.000187801,0.000646878,0.000837745,-0.000187801,,,
1786043872306168130,1786043872.305769643,/novatel/oem7/inspva,/novatel/oem7/inspva,/novatel/oem7/inspva,39.663,-75.756,-1.800953074,0.001498654,-0.000245176,0.001380895,0.000582318,-0.000245176,,novatel_oem7_msgs.msg.InertialSolutionStatus(status=3),
1786043872306867456,1786043872.305908337,/novatel/oem7/fix,/novatel/oem7/fix,/novatel/oem7/inspva,39.663,-75.756,-1.800953074,0.001498654,-0.000245176,0.001380895,0.000582318,-0.000245176,,0,
1786043872307379736,1786043872.306335442,/novatel/oem7/odom,/novatel/oem7/fix,/novatel/oem7/odom,39.663,-75.756,-1.800953074,0.001499646,-0.000239034,0.000656351,0.001348385,-0.000239034,,,
1786043872309558005,1786043872.309164231,/novatel/oem7/bestpos,/novatel/oem7/bestpos,/novatel/oem7/odom,39.663,-75.756,33.181434895,0.001499646,-0.000239034,0.000656351,0.001348385,-0.000239034,,novatel_oem7_msgs.msg.SolutionStatus(status=0),novatel_oem7_msgs.msg.PositionOrVelocityType(type=53)
1786043872310278214,1786043872.309717004,/novatel/oem7/bestvel,/novatel/oem7/bestpos,/novatel/oem7/bestvel,39.663,-75.756,33.181434895,0.001479383,-0.000127558,,,,10.444728720,novatel_oem7_msgs.msg.SolutionStatus(status=0),novatel_oem7_msgs.msg.PositionOrVelocityType(type=53)
1786043872315880339,1786043872.315399938,/novatel/oem7/odom,/novatel/oem7/bestpos,/novatel/oem7/odom,39.663,-75.756,33.181434895,0.001499646,-0.000239034,0.000656351,0.001348385,-0.000239034,,,
1786043872327002311,1786043872.326453730,/novatel/oem7/inspva,/novatel/oem7/inspva,/novatel/oem7/inspva,39.663,-75.756,-1.800948650,0.001080497,0.000044803,0.001032401,0.000318780,0.000044803,,novatel_oem7_msgs.msg.InertialSolutionStatus(status=3),
1786043872327712547,1786043872.326619966,/novatel/oem7/fix,/novatel/oem7/fix,/novatel/oem7/inspva,39.663,-75.756,-1.800948650,0.001080497,0.000044803,0.001032401,0.000318780,0.000044803,,0,
1786043872328242415,1786043872.327073223,/novatel/oem7/odom,/novatel/oem7/fix,/novatel/oem7/odom,39.663,-75.756,-1.800948650,0.001080315,0.000048993,0.000373480,0.001013702,0.000048993,,,
1786043872335343950,1786043872.334921170,/novatel/oem7/odom,/novatel/oem7/fix,/novatel/oem7/odom,39.663,-75.756,-1.800948650,0.001080315,0.000048993,0.000373480,0.001013702,0.000048993,,,
1786043872345308502,1786043872.344931197,/novatel/oem7/inspva,/novatel/oem7/inspva,/novatel/oem7/inspva,39.663,-75.756,-1.800944647,0.001243408,-0.000103859,0.001076100,0.000622956,-0.000103859,,novatel_oem7_msgs.msg.InertialSolutionStatus(status=3),
1786043872346025665,1786043872.345033185,/novatel/oem7/fix,/novatel/oem7/fix,/novatel/oem7/inspva,39.663,-75.756,-1.800944647,0.001243408,-0.000103859,0.001076100,0.000622956,-0.000103859,,0,
1786043872346574934,1786043872.345347583,/novatel/oem7/odom,/novatel/oem7/fix,/novatel/oem7/odom,39.663,-75.756,-1.800944647,0.001243846,-0.000098479,0.000680101,0.001041449,-0.000098479,,,
1786043872356972646,1786043872.356181777,/novatel/oem7/odom,/novatel/oem7/fix,/novatel/oem7/odom,39.663,-75.756,-1.800944647,0.001243846,-0.000098479,0.000680101,0.001041449,-0.000098479,,,
1786043872365816813,1786043872.365264166,/novatel/oem7/inspva,/novatel/oem7/inspva,/novatel/oem7/inspva,39.663,-75.756,-1.800936484,0.001361362,0.000295849,0.001314644,0.000353580,0.000295849,,novatel_oem7_msgs.msg.InertialSolutionStatus(status=3),
1786043872366833233,1786043872.365556945,/novatel/oem7/fix,/novatel/oem7/fix,/novatel/oem7/inspva,39.663,-75.756,-1.800936484,0.001361362,0.000295849,0.001314644,0.000353580,0.000295849,,0,
1786043872367589748,1786043872.366077464,/novatel/oem7/odom,/novatel/oem7/fix,/novatel/oem7/odom,39.663,-75.756,-1.800936484,0.001360230,0.000301012,0.000422453,0.001292965,0.000301012,,,
1786043872375532515,1786043872.374902124,/novatel/oem7/odom,/novatel/oem7/fix,/novatel/oem7/odom,39.663,-75.756,-1.800936484,0.001360230,0.000301012,0.000422453,0.001292965,0.000301012,,,
1786043872386973708,1786043872.385997503,/novatel/oem7/inspva,/novatel/oem7/inspva,/novatel/oem7/inspva,39.663,-75.756,-1.800930451,0.001362283,0.000303287,0.001314570,0.000357380,0.000303287,,novatel_oem7_msgs.msg.InertialSolutionStatus(status=3),
1786043872388317357,1786043872.386275873,/novatel/oem7/fix,/novatel/oem7/fix,/novatel/oem7/inspva,39.663,-75.756,-1.800930451,0.001362283,0.000303287,0.001314570,0.000357380,0.000303287,,0,
1786043872388924773,1786043872.386971671,/novatel/oem7/odom,/novatel/oem7/fix,/novatel/oem7/odom,39.663,-75.756,-1.800930451,0.001361122,0.000308452,0.000426210,0.001292671,0.000308452,,,
1786043872394773668,1786043872.394274711,/novatel/oem7/odom,/novatel/oem7/fix,/novatel/oem7/odom,39.663,-75.756,-1.800930451,0.001361122,0.000308452,0.000426210,0.001292671,0.000308452,,,
1786043872406168201,1786043872.405793404,/novatel/oem7/inspva,/novatel/oem7/inspva,/novatel/oem7/inspva,39.663,-75.756,-1.800925985,0.001378770,0.000083818,0.001357765,0.000239752,0.000083818,,novatel_oem7_msgs.msg.InertialSolutionStatus(status=3),
1786043872407759565,1786043872.405886482,/novatel/oem7/fix,/novatel/oem7/fix,/novatel/oem7/inspva,39.663,-75.756,-1.800925985,0.001378770,0.000083818,0.001357765,0.000239752,0.000083818,,0,
1786043872409031201,1786043872.406787699,/novatel/oem7/odom,/novatel/oem7/fix,/novatel/oem7/odom,39.663,-75.756,-1.800925985,0.001378464,0.000088710,0.000311874,0.001342720,0.000088710,,,
1786043872411325445,1786043872.410012172,/novatel/oem7/bestpos,/novatel/oem7/bestpos,/novatel/oem7/odom,39.663,-75.756,33.181452179,0.001378464,0.000088710,0.000311874,0.001342720,0.000088710,,novatel_oem7_msgs.msg.SolutionStatus(status=0),novatel_oem7_msgs.msg.PositionOrVelocityType(type=53)
1786043872412555061,1786043872.410356341,/novatel/oem7/bestvel,/novatel/oem7/bestpos,/novatel/oem7/bestvel,39.663,-75.756,33.181452179,0.001497053,0.000002334,,,,10.302702537,novatel_oem7_msgs.msg.SolutionStatus(status=0),novatel_oem7_msgs.msg.PositionOrVelocityType(type=53)
1786043872416471117,1786043872.415441367,/novatel/oem7/odom,/novatel/oem7/bestpos,/novatel/oem7/odom,39.663,-75.756,33.181452179,0.001378464,0.000088710,0.000311874,0.001342720,0.000088710,,,
1786043872425749019,1786043872.424863947,/novatel/oem7/inspva,/novatel/oem7/inspva,/novatel/oem7/inspva,39.663,-75.756,-1.800917157,0.001398941,0.000036695,0.001354070,0.000351469,0.000036695,,novatel_oem7_msgs.msg.InertialSolutionStatus(status=3),
1786043872427144756,1786043872.425019416,/novatel/oem7/fix,/novatel/oem7/fix,/novatel/oem7/inspva,39.663,-75.756,-1.800917157,0.001398941,0.000036695,0.001354070,0.000351469,0.000036695,,0,
1786043872428212761,1786043872.425489513,/novatel/oem7/odom,/novatel/oem7/fix,/novatel/oem7/odom,39.663,-75.756,-1.800917157,0.001398793,0.000041962,0.000423399,0.001333175,0.000041962,,,
1786043872435085244,1786043872.434294406,/novatel/oem7/odom,/novatel/oem7/fix,/novatel/oem7/odom,39.663,-75.756,-1.800917157,0.001398793,0.000041962,0.000423399,0.001333175,0.000041962,,,
1786043872446046725,1786043872.445345733,/novatel/oem7/inspva,/novatel/oem7/inspva,/novatel/oem7/inspva,39.663,-75.756,-1.800907180,0.000965968,0.000470030,0.000965791,0.000018509,0.000470030,,novatel_oem7_msgs.msg.InertialSolutionStatus(status=3),
1786043872447696142,1786043872.445482993,/novatel/oem7/fix,/novatel/oem7/fix,/novatel/oem7/inspva,39.663,-75.756,-1.800907180,0.000965968,0.000470030,0.000965791,0.000018509,0.000470030,,0,
1786043872448933798,1786043872.446261634,/novatel/oem7/odom,/novatel/oem7/fix,/novatel/oem7/odom,39.663,-75.756,-1.800907180,0.000964529,0.000472976,0.000068548,0.000962090,0.000472976,,,
1786043872457455082,1786043872.456398654,/novatel/oem7/odom,/novatel/oem7/fix,/novatel/oem7/odom,39.663,-75.756,-1.800907180,0.000964529,0.000472976,0.000068548,0.000962090,0.000472976,,,
1786043872465816720,1786043872.465018386,/novatel/oem7/inspva,/novatel/oem7/inspva,/novatel/oem7/inspva,39.663,-75.756,-1.800899608,0.001058011,0.000391980,0.001040703,0.000190594,0.000391980,,novatel_oem7_msgs.msg.InertialSolutionStatus(status=3),
1786043872467609755,1786043872.465227571,/novatel/oem7/fix,/novatel/oem7/fix,/novatel/oem7/inspva,39.663,-75.756,-1.800899608,0.001058011,0.000391980,0.001040703,0.000190594,0.000391980,,0,
1786043872469079540,1786043872.466055149,/novatel/oem7/odom,/novatel/oem7/fix,/novatel/oem7/odom,39.663,-75.756,-1.800899608,0.001056608,0.000395747,0.000244691,0.001027885,0.000395747,,,
1786043872475607837,1786043872.474531373,/novatel/oem7/odom,/novatel/oem7/fix,/novatel/oem7/odom,39.663,-75.756,-1.800899608,0.001056608,0.000395747,0.000244691,0.001027885,0.000395747,,,
1786043872486639539,1786043872.485179086,/novatel/oem7/inspva,/novatel/oem7/inspva,/novatel/oem7/inspva,39.663,-75.756,-1.800890171,0.001415159,0.000430593,0.001404991,-0.000169341,0.000430593,,novatel_oem7_msgs.msg.InertialSolutionStatus(status=3),
1786043872488844184,1786043872.485395008,/novatel/oem7/fix,/novatel/oem7/fix,/novatel/oem7/inspva,39.663,-75.756,-1.800890171,0.001415159,0.000430593,0.001404991,-0.000169341,0.000430593,,0,
1786043872490020666,1786043872.485953329,/novatel/oem7/odom,/novatel/oem7/fix,/novatel/oem7/odom,39.663,-75.756,-1.800890171,0.001414058,0.000434197,-0.000095340,0.001410840,0.000434197,,,
1786043872495599257,1786043872.494790579,/novatel/oem7/odom,/novatel/oem7/fix,/novatel/oem7/odom,39.663,-75.756,-1.800890171,0.001414058,0.000434197,-0.000095340,0.001410840,0.000434197,,,
1786043872506565965,1786043872.505855277,/novatel/oem7/inspva,/novatel/oem7/inspva,/novatel/oem7/inspva,39.663,-75.756,-1.800877715,0.001207663,0.000555213,0.001205178,0.000077444,0.000555213,,novatel_oem7_msgs.msg.InertialSolutionStatus(status=3),
1786043872508027527,1786043872.505958825,/novatel/oem7/fix,/novatel/oem7/fix,/novatel/oem7/inspva,39.663,-75.756,-1.800877715,0.001207663,0.000555213,0.001205178,0.000077444,0.000555213,,0,
1786043872509259666,1786043872.506559135,/novatel/oem7/odom,/novatel/oem7/fix,/novatel/oem7/odom,39.663,-75.756,-1.800877715,0.001205879,0.000559077,0.000139934,0.001197733,0.000559077,,,
1786043872511700494,1786043872.510784409,/novatel/oem7/bestpos,/novatel/oem7/bestpos,/novatel/oem7/odom,39.663,-75.756,33.181505478,0.001205879,0.000559077,0.000139934,0.001197733,0.000559077,,novatel_oem7_msgs.msg.SolutionStatus(status=0),novatel_oem7_msgs.msg.PositionOrVelocityType(type=53)
1786043872513468605,1786043872.511228634,/novatel/oem7/bestvel,/novatel/oem7/bestpos,/novatel/oem7/bestvel,39.663,-75.756,33.181505478,0.001293183,0.000627129,,,,353.204794052,novatel_oem7_msgs.msg.SolutionStatus(status=0),novatel_oem7_msgs.msg.PositionOrVelocityType(type=53)
1786043872515970108,1786043872.514775792,/novatel/oem7/odom,/novatel/oem7/bestpos,/novatel/oem7/odom,39.663,-75.756,33.181505478,0.001205879,0.000559077,0.000139934,0.001197733,0.000559077,,,
1786043872525751124,1786043872.524958714,/novatel/oem7/inspva,/novatel/oem7/inspva,/novatel/oem7/inspva,39.663,-75.756,-1.800865989,0.001494757,0.000544870,0.001469472,-0.000273769,0.000544870,,novatel_oem7_msgs.msg.InertialSolutionStatus(status=3),
1786043872527202935,1786043872.525077991,/novatel/oem7/fix,/novatel/oem7/fix,/novatel/oem7/inspva,39.663,-75.756,-1.800865989,0.001494757,0.000544870,0.001469472,-0.000273769,0.000544870,,0,
1786043872528284886,1786043872.525530515,/novatel/oem7/odom,/novatel/oem7/fix,/novatel/oem7/odom,39.663,-75.756,-1.800865989,0.001493499,0.000548309,-0.000196581,0.001480505,0.000548309,,,
1786043872535801170,1786043872.534998675,/novatel/oem7/odom,/novatel/oem7/fix,/novatel/oem7/odom,39.663,-75.756,-1.800865989,0.001493499,0.000548309,-0.000196581,0.001480505,0.000548309,,,
1786043872545942453,1786043872.544913139,/novatel/oem7/inspva,/novatel/oem7/inspva,/novatel/oem7/inspva,39.663,-75.756,-1.800853084,0.001259007,0.000581501,0.001257313,-0.000065301,0.000581501,,novatel_oem7_msgs.msg.InertialSolutionStatus(status=3),
1786043872547780045,1786043872.545111943,/novatel/oem7/fix,/novatel/oem7/fix,/novatel/oem7/inspva,39.663,-75.756,-1.800853084,0.001259007,0.000581501,0.001257313,-0.000065301,0.000581501,,0,
1786043872549108912,1786043872.545514785,/novatel/oem7/odom,/novatel/oem7/fix,/novatel/oem7/odom,39.663,-75.756,-1.800853084,0.001257371,0.000585031,0.000000085,0.001257371,0.000585031,,,
1786043872557282758,1786043872.556014482,/novatel/oem7/odom,/novatel/oem7/fix,/novatel/oem7/odom,39.663,-75.756,-1.800853084,0.001257371,0.000585031,0.000000085,0.001257371,0.000585031,,,
1786043872567583663,1786043872.566545946,/novatel/oem7/inspva,/novatel/oem7/inspva,/novatel/oem7/inspva,39.663,-75.756,-1.800842675,0.001042330,0.000468562,0.001039133,-0.000081579,0.000468562,,novatel_oem7_msgs.msg.InertialSolutionStatus(status=3),
1786043872569475073,1786043872.566834886,/novatel/oem7/fix,/novatel/oem7/fix,/novatel/oem7/inspva,39.663,-75.756,-1.800842675,0.001042330,0.000468562,0.001039133,-0.000081579,0.000468562,,0,
1786043872570882480,1786043872.567221643,/novatel/oem7/odom,/novatel/oem7/fix,/novatel/oem7/odom,39.663,-75.756,-1.800842675,0.001041063,0.000471372,-0.000027449,0.001040701,0.000471372,,,
1786043872575371743,1786043872.574605238,/novatel/oem7/odom,/novatel/oem7/fix,/novatel/oem7/odom,39.663,-75.756,-1.800842675,0.001041063,0.000471372,-0.000027449,0.001040701,0.000471372,,,
1786043872586321691,1786043872.585195588,/novatel/oem7/inspva,/novatel/oem7/inspva,/novatel/oem7/inspva,39.663,-75.756,-1.800829464,0.001088817,0.000761818,0.001076633,-0.000162428,0.000761818,,novatel_oem7_msgs.msg.InertialSolutionStatus(status=3),
1786043872588089752,1786043872.585394108,/novatel/oem7/fix,/novatel/oem7/fix,/novatel/oem7/inspva,39.663,-75.756,-1.800829464,0.001088817,0.000761818,0.001076633,-0.000162428,0.000761818,,0,
1786043872589268794,1786043872.585911107,/novatel/oem7/odom,/novatel/oem7/fix,/novatel/oem7/odom,39.663,-75.756,-1.800829464,0.001086964,0.000764459,-0.000107238,0.001081661,0.000764459,,,
1786043872595536861,1786043872.594771070,/novatel/oem7/odom,/novatel/oem7/fix,/novatel/oem7/odom,39.663,-75.756,-1.800829464,0.001086964,0.000764459,-0.000107238,0.001081661,0.000764459,,,
1786043872607026942,1786043872.606436674,/novatel/oem7/inspva,/novatel/oem7/inspva,/novatel/oem7/inspva,39.663,-75.756,-1.800824004,0.001278613,0.000178824,0.001273789,-0.000110971,0.000178824,,novatel_oem7_msgs.msg.InertialSolutionStatus(status=3),
1786043872608471800,1786043872.606547537,/novatel/oem7/fix,/novatel/oem7/fix,/novatel/oem7/inspva,39.663,-75.756,-1.800824004,0.001278613,0.000178824,0.001273789,-0.000110971,0.000178824,,0,
1786043872609620558,1786043872.607556130,/novatel/oem7/odom,/novatel/oem7/fix,/novatel/oem7/odom,39.663,-75.756,-1.800824004,0.001278131,0.000182240,-0.000043171,0.001277402,0.000182240,,,
1786043872611326019,1786043872.610133142,/novatel/oem7/bestpos,/novatel/oem7/bestpos,/novatel/oem7/odom,39.663,-75.756,33.181555908,0.001278131,0.000182240,-0.000043171,0.001277402,0.000182240,,novatel_oem7_msgs.msg.SolutionStatus(status=0),novatel_oem7_msgs.msg.PositionOrVelocityType(type=53)
1786043872612375846,1786043872.610519036,/novatel/oem7/bestvel,/novatel/oem7/bestpos,/novatel/oem7/bestvel,39.663,-75.756,33.181555908,0.001420146,0.000008424,,,,2.279311992,novatel_oem7_msgs.msg.SolutionStatus(status=0),novatel_oem7_msgs.msg.PositionOrVelocityType(type=53)
1786043872615904029,1786043872.614909445,/novatel/oem7/odom,/novatel/oem7/bestpos,/novatel/oem7/odom,39.663,-75.756,33.181555908,0.001278131,0.000182240,-0.000043171,0.001277402,0.000182240,,,
1786043872627006105,1786043872.626121339,/novatel/oem7/inspva,/novatel/oem7/inspva,/novatel/oem7/inspva,39.663,-75.756,-1.800811259,0.001232714,0.000186845,0.001231009,-0.000064815,0.000186845,,novatel_oem7_msgs.msg.InertialSolutionStatus(status=3),
1786043872628950182,1786043872.626314651,/novatel/oem7/fix,/novatel/oem7/fix,/novatel/oem7/inspva,39.663,-75.756,-1.800811259,0.001232714,0.000186845,0.001231009,-0.000064815,0.000186845,,0,
1786043872630568802,1786043872.626959661,/novatel/oem7/odom,/novatel/oem7/fix,/novatel/oem7/odom,39.663,-75.756,-1.800811259,0.001232185,0.000190300,0.000000599,0.001232185,0.000190300,,,
1786043872635318173,1786043872.634367204,/novatel/oem7/odom,/novatel/oem7/fix,/novatel/oem7/odom,39.663,-75.756,-1.800811259,0.001232185,0.000190300,0.000000599,0.001232185,0.000190300,,,
1786043872645956715,1786043872.645087110,/novatel/oem7/inspva,/novatel/oem7/inspva,/novatel/oem7/inspva,39.663,-75.756,-1.800795527,0.001268287,0.000958108,0.001259573,-0.000148416,0.000958108,,novatel_oem7_msgs.msg.InertialSolutionStatus(status=3),
1786043872647767780,1786043872.645310447,/novatel/oem7/fix,/novatel/oem7/fix,/novatel/oem7/inspva,39.663,-75.756,-1.800795527,0.001268287,0.000958108,0.001259573,-0.000148416,0.000958108,,0,
1786043872648980136,1786043872.645771333,/novatel/oem7/odom,/novatel/oem7/fix,/novatel/oem7/odom,39.663,-75.756,-1.800795527,0.001265828,0.000961355,-0.000084146,0.001263028,0.000961355,,,
1786043872657960661,1786043872.656566057,/novatel/oem7/odom,/novatel/oem7/fix,/novatel/oem7/odom,39.663,-75.756,-1.800795527,0.001265828,0.000961355,-0.000084146,0.001263028,0.000961355,,,
1786043872665950635,1786043872.665106646,/novatel/oem7/inspva,/novatel/oem7/inspva,/novatel/oem7/inspva,39.663,-75.756,-1.800787583,0.001269970,0.000638913,0.001255918,-0.000188393,0.000638913,,novatel_oem7_msgs.msg.InertialSolutionStatus(status=3),
1786043872667947083,1786043872.665254788,/novatel/oem7/fix,/novatel/oem7/fix,/novatel/oem7/inspva,39.663,-75.756,-1.800787583,0.001269970,0.000638913,0.001255918,-0.000188393,0.000638913,,0,
1786043872669472974,1786043872.665932815,/novatel/oem7/odom,/novatel/oem7/fix,/novatel/oem7/odom,39.663,-75.756,-1.800787583,0.001268406,0.000642012,-0.000123099,0.001262418,0.000642012,,,
1786043872675445239,1786043872.674508036,/novatel/oem7/odom,/novatel/oem7/fix,/novatel/oem7/odom,39.663,-75.756,-1.800787583,0.001268406,0.000642012,-0.000123099,0.001262418,0.000642012,,,
1786043872686485323,1786043872.685541656,/novatel/oem7/inspva,/novatel/oem7/inspva,/novatel/oem7/inspva,39.663,-75.756,-1.800778447,0.001059034,0.000381022,0.001058001,0.000046784,0.000381022,,novatel_oem7_msgs.msg.InertialSolutionStatus(status=3),
1786043872687916740,1786043872.685715119,/novatel/oem7/fix,/novatel/oem7/fix,/novatel/oem7/inspva,39.663,-75.756,-1.800778447,0.001059034,0.000381022,0.001058001,0.000046784,0.000381022,,0,
1786043872688810620,1786043872.686547325,/novatel/oem7/odom,/novatel/oem7/fix,/novatel/oem7/odom,39.663,-75.756,-1.800778447,0.001057835,0.000384341,0.000102067,0.001052899,0.000384341,,,
1786043872695718342,1786043872.694914067,/novatel/oem7/odom,/novatel/oem7/fix,/novatel/oem7/odom,39.663,-75.756,-1.800778447,0.001057835,0.000384341,0.000102067,0.001052899,0.000384341,,,
1786043872706736672,1786043872.705997246,/novatel/oem7/inspva,/novatel/oem7/inspva,/novatel/oem7/inspva,39.663,-75.756,-1.800766436,0.000960790,0.000453033,0.000937616,0.000209744,0.000453033,,novatel_oem7_msgs.msg.InertialSolutionStatus(status=3),
1786043872708038712,1786043872.706328520,/novatel/oem7/fix,/novatel/oem7/fix,/novatel/oem7/inspva,39.663,-75.756,-1.800766436,0.000960790,0.000453033,0.000937616,0.000209744,0.000453033,,0,
1786043872709031673,1786043872.706941053,/novatel/oem7/odom,/novatel/oem7/fix,/novatel/oem7/odom,39.663,-75.756,-1.800766436,0.000959113,0.000456571,0.000258073,0.000923741,0.000456571,,,
1786043872711010209,1786043872.709957931,/novatel/oem7/bestpos,/novatel/oem7/bestpos,/novatel/oem7/odom,39.663,-75.756,33.181604759,0.000959113,0.000456571,0.000258073,0.000923741,0.000456571,,novatel_oem7_msgs.msg.SolutionStatus(status=0),novatel_oem7_msgs.msg.PositionOrVelocityType(type=53)
1786043872712138607,1786043872.710470272,/novatel/oem7/bestvel,/novatel/oem7/bestpos,/novatel/oem7/bestvel,39.663,-75.756,33.181604759,0.001601639,-0.000001569,,,,14.417355737,novatel_oem7_msgs.msg.SolutionStatus(status=0),novatel_oem7_msgs.msg.PositionOrVelocityType(type=53)
1786043872715431207,1786043872.714702202,/novatel/oem7/odom,/novatel/oem7/bestpos,/novatel/oem7/odom,39.663,-75.756,33.181604759,0.000959113,0.000456571,0.000258073,0.000923741,0.000456571,,,
1786043872726464823,1786043872.725333403,/novatel/oem7/inspva,/novatel/oem7/inspva,/novatel/oem7/inspva,39.663,-75.756,-1.800755116,0.001235282,0.000564941,0.001229377,-0.000120639,0.000564941,,novatel_oem7_msgs.msg.InertialSolutionStatus(status=3),
1786043872728143882,1786043872.725686687,/novatel/oem7/fix,/novatel/oem7/fix,/novatel/oem7/inspva,39.663,-75.756,-1.800755116,0.001235282,0.000564941,0.001229377,-0.000120639,0.000564941,,0,
1786043872729234764,1786043872.726060630,/novatel/oem7/odom,/novatel/oem7/fix,/novatel/oem7/odom,39.663,-75.756,-1.800755116,0.001233785,0.000568203,-0.000056606,0.001232485,0.000568203,,,
1786043872735453334,1786043872.734767533,/novatel/oem7/odom,/novatel/oem7/fix,/novatel/oem7/odom,39.663,-75.756,-1.800755116,0.001233785,0.000568203,-0.000056606,0.001232485,0.000568203,,,
1786043872746560847,1786043872.745995464,/novatel/oem7/inspva,/novatel/oem7/inspva,/novatel/oem7/inspva,39.663,-75.756,-1.800745771,0.001060867,0.000221892,0.001049112,-0.000157489,0.000221892,,novatel_oem7_msgs.msg.InertialSolutionStatus(status=3),
1786043872747630860,1786043872.746189546,/novatel/oem7/fix,/novatel/oem7/fix,/novatel/oem7/inspva,39.663,-75.756,-1.800745771,0.001060867,0.000221892,0.001049112,-0.000157489,0.000221892,,0,
1786043872748410264,1786043872.746599340,/novatel/oem7/odom,/novatel/oem7/fix,/novatel/oem7/odom,39.663,-75.756,-1.800745771,0.001060319,0.000224496,-0.000101818,0.001055419,0.000224496,,,
1786043872756828841,1786043872.755881235,/novatel/oem7/odom,/novatel/oem7/fix,/novatel/oem7/odom,39.663,-75.756,-1.800745771,0.001060319,0.000224496,-0.000101818,0.001055419,0.000224496,,,
1786043872765829967,1786043872.764931364,/novatel/oem7/inspva,/novatel/oem7/inspva,/novatel/oem7/inspva,39.663,-75.756,-1.800729941,0.001256351,0.000822758,0.001247869,-0.000145742,0.000822758,,novatel_oem7_msgs.msg.InertialSolutionStatus(status=3),
1786043872767392783,1786043872.765248470,/novatel/oem7/fix,/novatel/oem7/fix,/novatel/oem7/inspva,39.663,-75.756,-1.800729941,0.001256351,0.000822758,0.001247869,-0.000145742,0.000822758,,0,
1786043872768439647,1786043872.765717358,/novatel/oem7/odom,/novatel/oem7/fix,/novatel/oem7/odom,39.663,-75.756,-1.800729941,0.001254230,0.000825986,-0.000081604,0.001251573,0.000825986,,,
1786043872776284767,1786043872.775505691,/novatel/oem7/odom,/novatel/oem7/fix,/novatel/oem7/odom,39.663,-75.756,-1.800729941,0.001254230,0.000825986,-0.000081604,0.001251573,0.000825986,,,
1786043872785630584,1786043872.785022141,/novatel/oem7/inspva,/novatel/oem7/inspva,/novatel/oem7/inspva,39.663,-75.756,-1.800719319,0.001330399,0.000773379,0.001329120,-0.000058329,0.000773379,,novatel_oem7_msgs.msg.InertialSolutionStatus(status=3),
1786043872786857633,1786043872.785247234,/novatel/oem7/fix,/novatel/oem7/fix,/novatel/oem7/inspva,39.663,-75.756,-1.800719319,0.001330399,0.000773379,0.001329120,-0.000058329,0.000773379,,0,
1786043872787842774,1786043872.785494445,/novatel/oem7/odom,/novatel/oem7/fix,/novatel/oem7/odom,39.663,-75.756,-1.800719319,0.001328190,0.000777167,0.000010212,0.001328150,0.000777167,,,
1786043872795474762,1786043872.794524835,/novatel/oem7/odom,/novatel/oem7/fix,/novatel/oem7/odom,39.663,-75.756,-1.800719319,0.001328190,0.000777167,0.000010212,0.001328150,0.000777167,,,
1786043872807392882,1786043872.806632978,/novatel/oem7/inspva,/novatel/oem7/inspva,/novatel/oem7/inspva,39.663,-75.756,-1.800709127,0.001249451,0.000354161,0.001224764,0.000247143,0.000354161,,novatel_oem7_msgs.msg.InertialSolutionStatus(status=3),
1786043872808641661,1786043872.806906394,/novatel/oem7/fix,/novatel/oem7/fix,/novatel/oem7/inspva,39.663,-75.756,-1.800709127,0.001249451,0.000354161,0.001224764,0.000247143,0.000354161,,0,
1786043872809586557,1786043872.807373213,/novatel/oem7/odom,/novatel/oem7/fix,/novatel/oem7/odom,39.663,-75.756,-1.800709127,0.001248157,0.000358692,0.000311171,0.001208747,0.000358692,,,
1786043872811043903,1786043872.810004448,/novatel/oem7/bestpos,/novatel/oem7/bestpos,/novatel/oem7/odom,39.663,-75.756,33.181658182,0.001248157,0.000358692,0.000311171,0.001208747,0.000358692,,novatel_oem7_msgs.msg.SolutionStatus(status=0),novatel_oem7_msgs.msg.PositionOrVelocityType(type=53)
1786043872811877418,1786043872.810357252,/novatel/oem7/bestvel,/novatel/oem7/bestpos,/novatel/oem7/bestvel,39.663,-75.756,33.181658182,0.001339182,0.000207068,,,,23.200021278,novatel_oem7_msgs.msg.SolutionStatus(status=0),novatel_oem7_msgs.msg.PositionOrVelocityType(type=53)
1786043872815524111,1786043872.814935236,/novatel/oem7/odom,/novatel/oem7/bestpos,/novatel/oem7/odom,39.663,-75.756,33.181658182,0.001248157,0.000358692,0.000311171,0.001208747,0.000358692,,,
1786043872826275924,1786043872.825438179,/novatel/oem7/inspva,/novatel/oem7/inspva,/novatel/oem7/inspva,39.663,-75.756,-1.800693704,0.001321799,0.000522027,0.001302291,0.000226257,0.000522027,,novatel_oem7_msgs.msg.InertialSolutionStatus(status=3),
1786043872827585862,1786043872.825653513,/novatel/oem7/fix,/novatel/oem7/fix,/novatel/oem7/inspva,39.663,-75.756,-1.800693704,0.001321799,0.000522027,0.001302291,0.000226257,0.000522027,,0,
1786043872828604861,1786043872.825992399,/novatel/oem7/odom,/novatel/oem7/fix,/novatel/oem7/odom,39.663,-75.756,-1.800693704,0.001319941,0.000526707,0.000293883,0.001286809,0.000526707,,,
1786043872836051159,1786043872.835393004,/novatel/oem7/odom,/novatel/oem7/fix,/novatel/oem7/odom,39.663,-75.756,-1.800693704,0.001319941,0.000526707,0.000293883,0.001286809,0.000526707,,,
1786043872845720924,1786043872.845200102,/novatel/oem7/inspva,/novatel/oem7/inspva,/novatel/oem7/inspva,39.663,-75.756,-1.800680025,0.001451598,0.000656152,0.001444481,0.000143570,0.000656152,,novatel_oem7_msgs.msg.InertialSolutionStatus(status=3),
1786043872846859000,1786043872.845325238,/novatel/oem7/fix,/novatel/oem7/fix,/novatel/oem7/inspva,39.663,-75.756,-1.800680025,0.001451598,0.000656152,0.001444481,0.000143570,0.000656152,,0,
1786043872847660228,1786043872.846003609,/novatel/oem7/odom,/novatel/oem7/fix,/novatel/oem7/odom,39.663,-75.756,-1.800680025,0.001449406,0.000660981,0.000218443,0.001432850,0.000660981,,,
1786043872857248166,1786043872.856362122,/novatel/oem7/odom,/novatel/oem7/fix,/novatel/oem7/odom,39.663,-75.756,-1.800680025,0.001449406,0.000660981,0.000218443,0.001432850,0.000660981,,,
1786043872866743352,1786043872.866045957,/novatel/oem7/inspva,/novatel/oem7/inspva,/novatel/oem7/inspva,39.663,-75.756,-1.800670805,0.001760447,0.000314939,0.001756655,0.000115490,0.000314939,,novatel_oem7_msgs.msg.InertialSolutionStatus(status=3),
1786043872868259427,1786043872.866213162,/novatel/oem7/fix,/novatel/oem7/fix,/novatel/oem7/inspva,39.663,-75.756,-1.800670805,0.001760447,0.000314939,0.001756655,0.000115490,0.000314939,,0,
1786043872869341040,1786043872.866675377,/novatel/oem7/odom,/novatel/oem7/fix,/novatel/oem7/odom,39.663,-75.756,-1.800670805,0.001759424,0.000320609,0.000208377,0.001747040,0.000320609,,,
1786043872875192020,1786043872.874469799,/novatel/oem7/odom,/novatel/oem7/fix,/novatel/oem7/odom,39.663,-75.756,-1.800670805,0.001759424,0.000320609,0.000208377,0.001747040,0.000320609,,,
1786043872885537816,1786043872.885057232,/novatel/oem7/inspva,/novatel/oem7/inspva,/novatel/oem7/inspva,39.663,-75.756,-1.800661686,0.001795865,0.000375664,0.001767229,0.000319430,0.000375664,,novatel_oem7_msgs.msg.InertialSolutionStatus(status=3),
1786043872886579094,1786043872.885153724,/novatel/oem7/fix,/novatel/oem7/fix,/novatel/oem7/inspva,39.663,-75.756,-1.800661686,0.001795865,0.000375664,0.001767229,0.000319430,0.000375664,,0,
1786043872887371649,1786043872.885646736,/novatel/oem7/odom,/novatel/oem7/fix,/novatel/oem7/odom,39.663,-75.756,-1.800661686,0.001794508,0.000382098,0.000412394,0.001746479,0.000382098,,,
1786043872896135671,1786043872.895486963,/novatel/oem7/odom,/novatel/oem7/fix,/novatel/oem7/odom,39.663,-75.756,-1.800661686,0.001794508,0.000382098,0.000412394,0.001746479,0.000382098,,,
1786043872906476710,1786043872.905998177,/novatel/oem7/inspva,/novatel/oem7/inspva,/novatel/oem7/inspva,39.663,-75.756,-1.800652798,0.001754076,0.000328119,0.001730431,0.000287039,0.000328119,,novatel_oem7_msgs.msg.InertialSolutionStatus(status=3),
1786043872907458455,1786043872.906186709,/novatel/oem7/fix,/novatel/oem7/fix,/novatel/oem7/inspva,39.663,-75.756,-1.800652798,0.001754076,0.000328119,0.001730431,0.000287039,0.000328119,,0,
1786043872908168858,1786043872.906761008,/novatel/oem7/odom,/novatel/oem7/fix,/novatel/oem7/odom,39.663,-75.756,-1.800652798,0.001752907,0.000334307,0.000378238,0.001711613,0.000334307,,,
1786043872910015428,1786043872.909483556,/novatel/oem7/bestpos,/novatel/oem7/bestpos,/novatel/oem7/odom,39.663,-75.756,33.181720138,0.001752907,0.000334307,0.000378238,0.001711613,0.000334307,,novatel_oem7_msgs.msg.SolutionStatus(status=0),novatel_oem7_msgs.msg.PositionOrVelocityType(type=53)
1786043872911002474,1786043872.910054485,/novatel/oem7/bestvel,/novatel/oem7/bestpos,/novatel/oem7/bestvel,39.663,-75.756,33.181720138,0.001528438,0.000422590,,,,14.799624875,novatel_oem7_msgs.msg.SolutionStatus(status=0),novatel_oem7_msgs.msg.PositionOrVelocityType(type=53)
1786043872915015065,1786043872.914436190,/novatel/oem7/odom,/novatel/oem7/bestpos,/novatel/oem7/odom,39.663,-75.756,33.181720138,0.001752907,0.000334307,0.000378238,0.001711613,0.000334307,,,
1786043872927724966,1786043872.926923729,/novatel/oem7/inspva,/novatel/oem7/inspva,/novatel/oem7/inspva,39.663,-75.756,-1.800645762,0.001793265,0.000351572,0.001667125,0.000660677,0.000351572,,novatel_oem7_msgs.msg.InertialSolutionStatus(status=3),
1786043872929231650,1786043872.927133708,/novatel/oem7/fix,/novatel/oem7/fix,/novatel/oem7/inspva,39.663,-75.756,-1.800645762,0.001793265,0.000351572,0.001667125,0.000660677,0.000351572,,0,
1786043872930245856,1786043872.927905035,/novatel/oem7/odom,/novatel/oem7/fix,/novatel/oem7/odom,39.663,-75.756,-1.800645762,0.001791818,0.000358873,0.000747849,0.001628292,0.000358873,,,
1786043872935501925,1786043872.934877528,/novatel/oem7/odom,/novatel/oem7/fix,/novatel/oem7/odom,39.663,-75.756,-1.800645762,0.001791818,0.000358873,0.000747849,0.001628292,0.000358873,,,
1786043872945339457,1786043872.944918310,/novatel/oem7/inspva,/novatel/oem7/inspva,/novatel/oem7/inspva,39.663,-75.756,-1.800638665,0.001793519,0.000067012,0.001786255,0.000161255,0.000067012,,novatel_oem7_msgs.msg.InertialSolutionStatus(status=3),
1786043872946340154,1786043872.945095399,/novatel/oem7/fix,/novatel/oem7/fix,/novatel/oem7/inspva,39.663,-75.756,-1.800638665,0.001793519,0.000067012,0.001786255,0.000161255,0.000067012,,0,
1786043872947145844,1786043872.945470053,/novatel/oem7/odom,/novatel/oem7/fix,/novatel/oem7/odom,39.663,-75.756,-1.800638665,0.001793289,0.000072912,0.000256562,0.001774841,0.000072912,,,
1786043872956391465,1786043872.955663027,/novatel/oem7/odom,/novatel/oem7/fix,/novatel/oem7/odom,39.663,-75.756,-1.800638665,0.001793289,0.000072912,0.000256562,0.001774841,0.000072912,,,
1786043872966233957,1786043872.965204072,/novatel/oem7/inspva,/novatel/oem7/inspva,/novatel/oem7/inspva,39.663,-75.756,-1.800626619,0.001848596,0.000588551,0.001818083,0.000334486,0.000588551,,novatel_oem7_msgs.msg.InertialSolutionStatus(status=3),
1786043872968332308,1786043872.965462606,/novatel/oem7/fix,/novatel/oem7/fix,/novatel/oem7/inspva,39.663,-75.756,-1.800626619,0.001848596,0.000588551,0.001818083,0.000334486,0.000588551,,0,
1786043872969879371,1786043872.966132516,/novatel/oem7/odom,/novatel/oem7/fix,/novatel/oem7/odom,39.663,-75.756,-1.800626619,0.001846486,0.000595139,0.000429383,0.001795868,0.000595139,,,
1786043872975961173,1786043872.974933723,/novatel/oem7/odom,/novatel/oem7/fix,/novatel/oem7/odom,39.663,-75.756,-1.800626619,0.001846486,0.000595139,0.000429383,0.001795868,0.000595139,,,
1786043872986908468,1786043872.986006064,/novatel/oem7/inspva,/novatel/oem7/inspva,/novatel/oem7/inspva,39.663,-75.756,-1.800619924,0.001760627,0.000443261,0.001743732,0.000243327,0.000443261,,novatel_oem7_msgs.msg.InertialSolutionStatus(status=3),
1786043872988595762,1786043872.986194791,/novatel/oem7/fix,/novatel/oem7/fix,/novatel/oem7/inspva,39.663,-75.756,-1.800619924,0.001760627,0.000443261,0.001743732,0.000243327,0.000443261,,0,
1786043872989743127,1786043872.986762246,/novatel/oem7/odom,/novatel/oem7/fix,/novatel/oem7/odom,39.663,-75.756,-1.800619924,0.001759093,0.000449312,0.000334885,0.001726922,0.000449312,,,
1786043872995695627,1786043872.994664531,/novatel/oem7/odom,/novatel/oem7/fix,/novatel/oem7/odom,39.663,-75.756,-1.800619924,0.001759093,0.000449312,0.000334885,0.001726922,0.000449312,,,
1786043873010697084,1786043873.009788015,/novatel/oem7/inspva,/novatel/oem7/inspva,/novatel/oem7/inspva,39.663,-75.756,-1.800614770,0.002143159,0.000136140,0.002135962,0.000175490,0.000136140,,novatel_oem7_msgs.msg.InertialSolutionStatus(status=3),
1786043873012783178,1786043873.009997763,/novatel/oem7/fix,/novatel/oem7/fix,/novatel/oem7/inspva,39.663,-75.756,-1.800614770,0.002143159,0.000136140,0.002135962,0.000175490,0.000136140,,0,
1786043873013866529,1786043873.011526955,/novatel/oem7/odom,/novatel/oem7/fix,/novatel/oem7/odom,39.663,-75.756,-1.800614770,0.002142704,0.000143129,0.000289301,0.002123084,0.000143129,,,
1786043873017485569,1786043873.016669435,/novatel/oem7/odom,/novatel/oem7/fix,/novatel/oem7/odom,39.663,-75.756,-1.800614770,0.002142704,0.000143129,0.000289301,0.002123084,0.000143129,,,
1786043873025839101,1786043873.024910382,/novatel/oem7/bestpos,/novatel/oem7/bestpos,/novatel/oem7/odom,39.663,-75.756,33.181759722,0.002142704,0.000143129,0.000289301,0.002123084,0.000143129,,novatel_oem7_msgs.msg.SolutionStatus(status=0),novatel_oem7_msgs.msg.PositionOrVelocityType(type=53)
1786043873027738027,1786043873.025986540,/novatel/oem7/bestvel,/novatel/oem7/bestpos,/novatel/oem7/bestvel,39.663,-75.756,33.181759722,0.002178841,-0.000019150,,,,13.130222227,novatel_oem7_msgs.msg.SolutionStatus(status=0),novatel_oem7_msgs.msg.PositionOrVelocityType(type=53)
1786043873028718697,1786043873.026529501,/novatel/oem7/inspva,/novatel/oem7/inspva,/novatel/oem7/inspva,39.663,-75.756,-1.800606922,0.001750034,0.000292304,0.001750031,-0.000002966,0.000292304,,novatel_oem7_msgs.msg.InertialSolutionStatus(status=3),
1786043873029592516,1786043873.026770541,/novatel/oem7/fix,/novatel/oem7/fix,/novatel/oem7/inspva,39.663,-75.756,-1.800606922,0.001750034,0.000292304,0.001750031,-0.000002966,0.000292304,,0,
1786043873031172849,1786043873.027138918,/novatel/oem7/odom,/novatel/oem7/fix,/novatel/oem7/odom,39.663,-75.756,-1.800606922,0.001749154,0.000297523,0.000089821,0.001746846,0.000297523,,,
1786043873035088012,1786043873.034374734,/novatel/oem7/odom,/novatel/oem7/fix,/novatel/oem7/odom,39.663,-75.756,-1.800606922,0.001749154,0.000297523,0.000089821,0.001746846,0.000297523,,,
1786043873047225532,1786043873.046615373,/novatel/oem7/inspva,/novatel/oem7/inspva,/novatel/oem7/inspva,39.663,-75.756,-1.800609224,0.001895465,0.000375716,0.001851215,0.000407172,0.000375716,,novatel_oem7_msgs.msg.InertialSolutionStatus(status=3),
1786043873048662154,1786043873.046775294,/novatel/oem7/fix,/novatel/oem7/fix,/novatel/oem7/inspva,39.663,-75.756,-1.800609224,0.001895465,0.000375716,0.001851215,0.000407172,0.000375716,,0,
1786043873049723825,1786043873.047198756,/novatel/oem7/odom,/novatel/oem7/fix,/novatel/oem7/odom,39.663,-75.756,-1.800609224,0.001894078,0.000382648,0.000504491,0.001825656,0.000382648,,,
1786043873057517567,1786043873.056705406,/novatel/oem7/odom,/novatel/oem7/fix,/novatel/oem7/odom,39.663,-75.756,-1.800609224,0.001894078,0.000382648,0.000504491,0.001825656,0.000382648,,,
1786043873065385140,1786043873.065073570,/novatel/oem7/inspva,/novatel/oem7/inspva,/novatel/oem7/inspva,39.663,-75.756,-1.800617117,0.001650697,0.000265503,0.001649623,-0.000059539,0.000265503,,novatel_oem7_msgs.msg.InertialSolutionStatus(status=3),
1786043873065989102,1786043873.065158646,/novatel/oem7/fix,/novatel/oem7/fix,/novatel/oem7/inspva,39.663,-75.756,-1.800617117,0.001650697,0.000265503,0.001649623,-0.000059539,0.000265503,,0,
1786043873066463317,1786043873.065634290,/novatel/oem7/odom,/novatel/oem7/fix,/novatel/oem7/odom,39.663,-75.756,-1.800617117,0.001649931,0.000270219,0.000028044,0.001649693,0.000270219,,,
1786043873076061215,1786043873.075686149,/novatel/oem7/odom,/novatel/oem7/fix,/novatel/oem7/odom,39.663,-75.756,-1.800617117,0.001649931,0.000270219,0.000028044,0.001649693,0.000270219,,,
1786043873086205937,1786043873.085890213,/novatel/oem7/inspva,/novatel/oem7/inspva,/novatel/oem7/inspva,39.663,-75.756,-1.800622445,0.001548558,0.000069225,0.001544905,0.000106309,0.000069225,,novatel_oem7_msgs.msg.InertialSolutionStatus(status=3),
1786043873086835975,1786043873.085996947,/novatel/oem7/fix,/novatel/oem7/fix,/novatel/oem7/inspva,39.663,-75.756,-1.800622445,0.001548558,0.000069225,0.001544905,0.000106309,0.000069225,,0,
1786043873087557562,1786043873.086659624,/novatel/oem7/odom,/novatel/oem7/fix,/novatel/oem7/odom,39.663,-75.756,-1.800622445,0.001548327,0.000074225,0.000188756,0.001536778,0.000074225,,,
1786043873095732685,1786043873.095358172,/novatel/oem7/odom,/novatel/oem7/fix,/novatel/oem7/odom,39.663,-75.756,-1.800622445,0.001548327,0.000074225,0.000188756,0.001536778,0.000074225,,,
1786043873106124644,1786043873.105768606,/novatel/oem7/inspva,/novatel/oem7/inspva,/novatel/oem7/inspva,39.663,-75.756,-1.800627636,0.001509589,0.000579493,0.001457878,-0.000391728,0.000579493,,novatel_oem7_msgs.msg.InertialSolutionStatus(status=3),
1786043873106752085,1786043873.105944457,/novatel/oem7/fix,/novatel/oem7/fix,/novatel/oem7/inspva,39.663,-75.756,-1.800627636,0.001509589,0.000579493,0.001457878,-0.000391728,0.000579493,,0,
1786043873107206989,1786043873.106398975,/novatel/oem7/odom,/novatel/oem7/fix,/novatel/oem7/odom,39.663,-75.756,-1.800627636,0.001508423,0.000582522,-0.000315065,0.001475152,0.000582522,,,
1786043873109708376,1786043873.109005550,/novatel/oem7/bestpos,/novatel/oem7/bestpos,/novatel/oem7/odom,39.663,-75.756,33.181743441,0.001508423,0.000582522,-0.000315065,0.001475152,0.000582522,,novatel_oem7_msgs.msg.SolutionStatus(status=0),novatel_oem7_msgs.msg.PositionOrVelocityType(type=53)
1786043873111098823,1786043873.109440630,/novatel/oem7/bestvel,/novatel/oem7/bestpos,/novatel/oem7/bestvel,39.663,-75.756,33.181743441,0.002250847,0.000358459,,,,341.174134082,novatel_oem7_msgs.msg.SolutionStatus(status=0),novatel_oem7_msgs.msg.PositionOrVelocityType(type=53)
1786043873116167651,1786043873.115513552,/novatel/oem7/odom,/novatel/oem7/bestpos,/novatel/oem7/odom,39.663,-75.756,33.181743441,0.001508423,0.000582522,-0.000315065,0.001475152,0.000582522,,,
1786043873125759569,1786043873.125245283,/novatel/oem7/inspva,/novatel/oem7/inspva,/novatel/oem7/inspva,39.663,-75.756,-1.800637836,0.001740569,-0.000120474,0.001739950,-0.000046421,-0.000120474,,novatel_oem7_msgs.msg.InertialSolutionStatus(status=3),
1786043873127144820,1786043873.125320698,/novatel/oem7/fix,/novatel/oem7/fix,/novatel/oem7/inspva,39.663,-75.756,-1.800637836,0.001740569,-0.000120474,0.001739950,-0.000046421,-0.000120474,,0,
1786043873128158407,1786043873.126053005,/novatel/oem7/odom,/novatel/oem7/fix,/novatel/oem7/odom,39.663,-75.756,-1.800637836,0.001740912,-0.000115417,0.000047418,0.001740266,-0.000115417,,,
1786043873136140382,1786043873.135482591,/novatel/oem7/odom,/novatel/oem7/fix,/novatel/oem7/odom,39.663,-75.756,-1.800637836,0.001740912,-0.000115417,0.000047418,0.001740266,-0.000115417,,,
1786043873145934031,1786043873.145348326,/novatel/oem7/inspva,/novatel/oem7/inspva,/novatel/oem7/inspva,39.663,-75.756,-1.800643135,0.001964915,0.000196018,0.001896092,-0.000515485,0.000196018,,novatel_oem7_msgs.msg.InertialSolutionStatus(status=3),
1786043873147261131,1786043873.145499246,/novatel/oem7/fix,/novatel/oem7/fix,/novatel/oem7/inspva,39.663,-75.756,-1.800643135,0.001964915,0.000196018,0.001896092,-0.000515485,0.000196018,,0,
1786043873148294622,1786043873.145900614,/novatel/oem7/odom,/novatel/oem7/fix,/novatel/oem7/odom,39.663,-75.756,-1.800643135,0.001964524,0.000199901,-0.000413744,0.001920461,0.000199901,,,
1786043873156299873,1786043873.155644414,/novatel/oem7/odom,/novatel/oem7/fix,/novatel/oem7/odom,39.663,-75.756,-1.800643135,0.001964524,0.000199901,-0.000413744,0.001920461,0.000199901,,,
1786043873167199361,1786043873.166512452,/novatel/oem7/inspva,/novatel/oem7/inspva,/novatel/oem7/inspva,39.663,-75.756,-1.800652564,0.001495086,-0.000058372,0.001462639,-0.000309790,-0.000058372,,novatel_oem7_msgs.msg.InertialSolutionStatus(status=3),
1786043873168788478,1786043873.166667217,/novatel/oem7/fix,/novatel/oem7/fix,/novatel/oem7/inspva,39.663,-75.756,-1.800652564,0.001495086,-0.000058372,0.001462639,-0.000309790,-0.000058372,,0,
1786043873169924896,1786043873.167144479,/novatel/oem7/odom,/novatel/oem7/fix,/novatel/oem7/odom,39.663,-75.756,-1.800652564,0.001495211,-0.000055064,-0.000230670,0.001477311,-0.000055064,,,
1786043873177984174,1786043873.177135716,/novatel/oem7/odom,/novatel/oem7/fix,/novatel/oem7/odom,39.663,-75.756,-1.800652564,0.001495211,-0.000055064,-0.000230670,0.001477311,-0.000055064,,,
1786043873185564465,1786043873.185153077,/novatel/oem7/inspva,/novatel/oem7/inspva,/novatel/oem7/inspva,39.663,-75.756,-1.800660277,0.001692274,0.000105696,0.001612611,-0.000513107,0.000105696,,novatel_oem7_msgs.msg.InertialSolutionStatus(status=3),
1786043873186261225,1786043873.185349623,/novatel/oem7/fix,/novatel/oem7/fix,/novatel/oem7/inspva,39.663,-75.756,-1.800660277,0.001692274,0.000105696,0.001612611,-0.000513107,0.000105696,,0,
1786043873186750964,1786043873.185852294,/novatel/oem7/odom,/novatel/oem7/fix,/novatel/oem7/odom,39.663,-75.756,-1.800660277,0.001692082,0.000108731,-0.000426239,0.001637517,0.000108731,,,
1786043873195938477,1786043873.195576687,/novatel/oem7/odom,/novatel/oem7/fix,/novatel/oem7/odom,39.663,-75.756,-1.800660277,0.001692082,0.000108731,-0.000426239,0.001637517,0.000108731,,,
1786043873206910094,1786043873.206577436,/novatel/oem7/inspva,/novatel/oem7/inspva,/novatel/oem7/inspva,39.663,-75.756,-1.800668526,0.001543279,-0.000029257,0.001479330,-0.000439653,-0.000029257,,novatel_oem7_msgs.msg.InertialSolutionStatus(status=3),
1786043873207610369,1786043873.206804228,/novatel/oem7/fix,/novatel/oem7/fix,/novatel/oem7/inspva,39.663,-75.756,-1.800668526,0.001543279,-0.000029257,0.001479330,-0.000439653,-0.000029257,,0,
1786043873208097862,1786043873.207149218,/novatel/oem7/odom,/novatel/oem7/fix,/novatel/oem7/odom,39.663,-75.756,-1.800668526,0.001543332,-0.000026357,-0.000359555,0.001500864,-0.000026357,,,
1786043873210897666,1786043873.210368018,/novatel/oem7/bestpos,/novatel/oem7/bestpos,/novatel/oem7/odom,39.663,-75.756,33.181719484,0.001543332,-0.000026357,-0.000359555,0.001500864,-0.000026357,,novatel_oem7_msgs.msg.SolutionStatus(status=0),novatel_oem7_msgs.msg.PositionOrVelocityType(type=53)
1786043873211564485,1786043873.210838796,/novatel/oem7/bestvel,/novatel/oem7/bestpos,/novatel/oem7/bestvel,39.663,-75.756,33.181719484,0.001630682,0.000061868,,,,336.863297947,novatel_oem7_msgs.msg.SolutionStatus(status=0),novatel_oem7_msgs.msg.PositionOrVelocityType(type=53)
1786043873215148007,1786043873.214618444,/novatel/oem7/odom,/novatel/oem7/bestpos,/novatel/oem7/odom,39.663,-75.756,33.181719484,0.001543332,-0.000026357,-0.000359555,0.001500864,-0.000026357,,,
1786043873226490141,1786043873.226161239,/novatel/oem7/inspva,/novatel/oem7/inspva,/novatel/oem7/inspva,39.663,-75.756,-1.800678030,0.001621895,-0.000019643,0.001483876,-0.000654718,-0.000019643,,novatel_oem7_msgs.msg.InertialSolutionStatus(status=3),
1786043873227185441,1786043873.226318520,/novatel/oem7/fix,/novatel/oem7/fix,/novatel/oem7/inspva,39.663,-75.756,-1.800678030,0.001621895,-0.000019643,0.001483876,-0.000654718,-0.000019643,,0,
1786043873227705371,1786043873.226805005,/novatel/oem7/odom,/novatel/oem7/fix,/novatel/oem7/odom,39.663,-75.756,-1.800678030,0.001621920,-0.000017474,-0.000574105,0.001516914,-0.000017474,,,
1786043873235188728,1786043873.234803690,/novatel/oem7/odom,/novatel/oem7/fix,/novatel/oem7/odom,39.663,-75.756,-1.800678030,0.001621920,-0.000017474,-0.000574105,0.001516914,-0.000017474,,,
1786043873245377321,1786043873.245045814,/novatel/oem7/inspva,/novatel/oem7/inspva,/novatel/oem7/inspva,39.663,-75.756,-1.800684842,0.001686898,0.000117975,0.001566286,-0.000626398,0.000117975,,novatel_oem7_msgs.msg.InertialSolutionStatus(status=3),
1786043873246056037,1786043873.245229876,/novatel/oem7/fix,/novatel/oem7/fix,/novatel/oem7/inspva,39.663,-75.756,-1.800684842,0.001686898,0.000117975,0.001566286,-0.000626398,0.000117975,,0,
1786043873246600218,1786043873.245640106,/novatel/oem7/odom,/novatel/oem7/fix,/novatel/oem7/odom,39.663,-75.756,-1.800684842,0.001686721,0.000120480,-0.000541894,0.001597303,0.000120480,,,
1786043873257413082,1786043873.256414515,/novatel/oem7/odom,/novatel/oem7/fix,/novatel/oem7/odom,39.663,-75.756,-1.800684842,0.001686721,0.000120480,-0.000541894,0.001597303,0.000120480,,,
1786043873265572935,1786043873.265029018,/novatel/oem7/inspva,/novatel/oem7/inspva,/novatel/oem7/inspva,39.663,-75.756,-1.800693009,0.001764233,0.000098528,0.001643356,-0.000641794,0.000098528,,novatel_oem7_msgs.msg.InertialSolutionStatus(status=3),
1786043873266459386,1786043873.265246710,/novatel/oem7/fix,/novatel/oem7/fix,/novatel/oem7/inspva,39.663,-75.756,-1.800693009,0.001764233,0.000098528,0.001643356,-0.000641794,0.000098528,,0,
1786043873267160718,1786043873.265578009,/novatel/oem7/odom,/novatel/oem7/fix,/novatel/oem7/odom,39.663,-75.756,-1.800693009,0.001764082,0.000101192,-0.000553057,0.001675146,0.000101192,,,
1786043873274955385,1786043873.274517933,/novatel/oem7/odom,/novatel/oem7/fix,/novatel/oem7/odom,39.663,-75.756,-1.800693009,0.001764082,0.000101192,-0.000553057,0.001675146,0.000101192,,,
1786043873286951044,1786043873.286235084,/novatel/oem7/inspva,/novatel/oem7/inspva,/novatel/oem7/inspva,39.663,-75.756,-1.800698523,0.001295476,0.000109955,0.001241731,-0.000369273,0.000109955,,novatel_oem7_msgs.msg.InertialSolutionStatus(status=3),
1786043873288217031,1786043873.286507907,/novatel/oem7/fix,/novatel/oem7/fix,/novatel/oem7/inspva,39.663,-75.756,-1.800698523,0.001295476,0.000109955,0.001241731,-0.000369273,0.000109955,,0,
1786043873288797793,1786043873.286890147,/novatel/oem7/odom,/novatel/oem7/fix,/novatel/oem7/odom,39.663,-75.756,-1.800698523,0.001295270,0.000112365,-0.000302507,0.001259450,0.000112365,,,
1786043873295630449,1786043873.294887295,/novatel/oem7/odom,/novatel/oem7/fix,/novatel/oem7/odom,39.663,-75.756,-1.800698523,0.001295270,0.000112365,-0.000302507,0.001259450,0.000112365,,,
1786043873306054560,1786043873.305669140,/novatel/oem7/inspva,/novatel/oem7/inspva,/novatel/oem7/inspva,39.663,-75.756,-1.800704516,0.001528651,0.000199794,0.001418691,-0.000569291,0.000199794,,novatel_oem7_msgs.msg.InertialSolutionStatus(status=3),
1786043873306864033,1786043873.305802963,/novatel/oem7/fix,/novatel/oem7/fix,/novatel/oem7/inspva,39.663,-75.756,-1.800704516,0.001528651,0.000199794,0.001418691,-0.000569291,0.000199794,,0,
1786043873307548871,1786043873.306298965,/novatel/oem7/odom,/novatel/oem7/fix,/novatel/oem7/odom,39.663,-75.756,-1.800704516,0.001528356,0.000202044,-0.000493070,0.001446635,0.000202044,,,
1786043873309528926,1786043873.309142601,/novatel/oem7/bestpos,/novatel/oem7/bestpos,/novatel/oem7/odom,39.663,-75.756,33.181678372,0.001528356,0.000202044,-0.000493070,0.001446635,0.000202044,,novatel_oem7_msgs.msg.SolutionStatus(status=0),novatel_oem7_msgs.msg.PositionOrVelocityType(type=53)
1786043873310202556,1786043873.309507454,/novatel/oem7/bestvel,/novatel/oem7/bestpos,/novatel/oem7/bestvel,39.663,-75.756,33.181678372,0.002037487,0.000158362,,,,332.691760850,novatel_oem7_msgs.msg.SolutionStatus(status=0),novatel_oem7_msgs.msg.PositionOrVelocityType(type=53)
1786043873316045537,1786043873.315446785,/novatel/oem7/odom,/novatel/oem7/bestpos,/novatel/oem7/odom,39.663,-75.756,33.181678372,0.001528356,0.000202044,-0.000493070,0.001446635,0.000202044,,,
1786043873327144635,1786043873.326449661,/novatel/oem7/inspva,/novatel/oem7/inspva,/novatel/oem7/inspva,39.663,-75.756,-1.800711702,0.001492666,0.000072557,0.001339012,-0.000659619,0.000072557,,novatel_oem7_msgs.msg.InertialSolutionStatus(status=3),
1786043873328235939,1786043873.326665807,/novatel/oem7/fix,/novatel/oem7/fix,/novatel/oem7/inspva,39.663,-75.756,-1.800711702,0.001492666,0.000072557,0.001339012,-0.000659619,0.000072557,,0,
1786043873328914061,1786043873.327222908,/novatel/oem7/odom,/novatel/oem7/fix,/novatel/oem7/odom,39.663,-75.756,-1.800711702,0.001492583,0.000074255,-0.000587088,0.001372272,0.000074255,,,
1786043873335451761,1786043873.335027798,/novatel/oem7/odom,/novatel/oem7/fix,/novatel/oem7/odom,39.663,-75.756,-1.800711702,0.001492583,0.000074255,-0.000587088,0.001372272,0.000074255,,,
1786043873346286289,1786043873.345887565,/novatel/oem7/inspva,/novatel/oem7/inspva,/novatel/oem7/inspva,39.663,-75.756,-1.800718331,0.001721128,-0.000057104,0.001562288,-0.000722175,-0.000057104,,novatel_oem7_msgs.msg.InertialSolutionStatus(status=3),
1786043873347109468,1786043873.346006292,/novatel/oem7/fix,/novatel/oem7/fix,/novatel/oem7/inspva,39.663,-75.756,-1.800718331,0.001721128,-0.000057104,0.001562288,-0.000722175,-0.000057104,,0,
1786043873347705470,1786043873.346749937,/novatel/oem7/odom,/novatel/oem7/fix,/novatel/oem7/odom,39.663,-75.756,-1.800718331,0.001721198,-0.000054935,-0.000637098,0.001598946,-0.000054935,,,
1786043873357980423,1786043873.356519814,/novatel/oem7/odom,/novatel/oem7/fix,/novatel/oem7/odom,39.663,-75.756,-1.800718331,0.001721198,-0.000054935,-0.000637098,0.001598946,-0.000054935,,,
1786043873365793075,1786043873.365290486,/novatel/oem7/inspva,/novatel/oem7/inspva,/novatel/oem7/inspva,39.663,-75.756,-1.800720374,0.001615402,0.000241136,0.001391191,-0.000821043,0.000241136,,novatel_oem7_msgs.msg.InertialSolutionStatus(status=3),
1786043873366608953,1786043873.365573805,/novatel/oem7/fix,/novatel/oem7/fix,/novatel/oem7/inspva,39.663,-75.756,-1.800720374,0.001615402,0.000241136,0.001391191,-0.000821043,0.000241136,,0,
1786043873367236118,1786043873.366016530,/novatel/oem7/odom,/novatel/oem7/fix,/novatel/oem7/odom,39.663,-75.756,-1.800720374,0.001615208,0.000242434,-0.000746081,0.001432570,0.000242434,,,
1786043873375731983,1786043873.375313761,/novatel/oem7/odom,/novatel/oem7/fix,/novatel/oem7/odom,39.663,-75.756,-1.800720374,0.001615208,0.000242434,-0.000746081,0.001432570,0.000242434,,,
1786043873385758382,1786043873.385171764,/novatel/oem7/inspva,/novatel/oem7/inspva,/novatel/oem7/inspva,39.663,-75.756,-1.800728118,0.001828763,0.000142537,0.001753331,-0.000519813,0.000142537,,novatel_oem7_msgs.msg.InertialSolutionStatus(status=3),
1786043873386959012,1786043873.385324883,/novatel/oem7/fix,/novatel/oem7/fix,/novatel/oem7/inspva,39.663,-75.756,-1.800728118,0.001828763,0.000142537,0.001753331,-0.000519813,0.000142537,,0,
1786043873387554946,1786043873.385730169,/novatel/oem7/odom,/novatel/oem7/fix,/novatel/oem7/odom,39.663,-75.756,-1.800728118,0.001828494,0.000145946,-0.000425491,0.001778299,0.000145946,,,
1786043873394842512,1786043873.394286395,/novatel/oem7/odom,/novatel/oem7/fix,/novatel/oem7/odom,39.663,-75.756,-1.800728118,0.001828494,0.000145946,-0.000425491,0.001778299,0.000145946,,,
1786043873406113405,1786043873.405686723,/novatel/oem7/inspva,/novatel/oem7/inspva,/novatel/oem7/inspva,39.663,-75.756,-1.800732524,0.001454371,0.000186126,0.001339428,-0.000566683,0.000186126,,novatel_oem7_msgs.msg.InertialSolutionStatus(status=3),
1786043873406870386,1786043873.405917023,/novatel/oem7/fix,/novatel/oem7/fix,/novatel/oem7/inspva,39.663,-75.756,-1.800732524,0.001454371,0.000186126,0.001339428,-0.000566683,0.000186126,,0,
1786043873407809621,1786043873.406692675,/novatel/oem7/odom,/novatel/oem7/fix,/novatel/oem7/odom,39.663,-75.756,-1.800732524,0.001454110,0.000188154,-0.000494656,0.001367389,0.000188154,,,
1786043873410607537,1786043873.410249487,/novatel/oem7/bestpos,/novatel/oem7/bestpos,/novatel/oem7/odom,39.663,-75.756,33.181639900,0.001454110,0.000188154,-0.000494656,0.001367389,0.000188154,,novatel_oem7_msgs.msg.SolutionStatus(status=0),novatel_oem7_msgs.msg.PositionOrVelocityType(type=53)
1786043873411218293,1786043873.410694399,/novatel/oem7/bestvel,/novatel/oem7/bestpos,/novatel/oem7/bestvel,39.663,-75.756,33.181639900,0.002005830,-0.000181475,,,,344.755450391,novatel_oem7_msgs.msg.SolutionStatus(status=0),novatel_oem7_msgs.msg.PositionOrVelocityType(type=53)
1786043873415280732,1786043873.414730946,/novatel/oem7/odom,/novatel/oem7/bestpos,/novatel/oem7/odom,39.663,-75.756,33.181639900,0.001454110,0.000188154,-0.000494656,0.001367389,0.000188154,,,
1786043873425588604,1786043873.424901233,/novatel/oem7/inspva,/novatel/oem7/inspva,/novatel/oem7/inspva,39.663,-75.756,-1.800740021,0.001790019,0.000029413,0.001714732,-0.000513676,0.000029413,,novatel_oem7_msgs.msg.InertialSolutionStatus(status=3),
1786043873426747480,1786043873.425193113,/novatel/oem7/fix,/novatel/oem7/fix,/novatel/oem7/inspva,39.663,-75.756,-1.800740021,0.001790019,0.000029413,0.001714732,-0.000513676,0.000029413,,0,
1786043873427533985,1786043873.425790396,/novatel/oem7/odom,/novatel/oem7/fix,/novatel/oem7/odom,39.663,-75.756,-1.800740021,0.001789962,0.000032734,-0.000421014,0.001739744,0.000032734,,,
1786043873435937000,1786043873.435482927,/novatel/oem7/odom,/novatel/oem7/fix,/novatel/oem7/odom,39.663,-75.756,-1.800740021,0.001789962,0.000032734,-0.000421014,0.001739744,0.000032734,,,
1786043873446782820,1786043873.446474876,/novatel/oem7/inspva,/novatel/oem7/inspva,/novatel/oem7/inspva,39.663,-75.756,-1.800742971,0.001388042,0.000282818,0.001312207,-0.000452518,0.000282818,,novatel_oem7_msgs.msg.InertialSolutionStatus(status=3),
1786043873447433585,1786043873.446639128,/novatel/oem7/fix,/novatel/oem7/fix,/novatel/oem7/inspva,39.663,-75.756,-1.800742971,0.001388042,0.000282818,0.001312207,-0.000452518,0.000282818,,0,
1786043873448112096,1786043873.447329936,/novatel/oem7/odom,/novatel/oem7/fix,/novatel/oem7/odom,39.663,-75.756,-1.800742971,0.001387563,0.000285156,-0.000382459,0.001333813,0.000285156,,,
1786043873457362330,1786043873.456469185,/novatel/oem7/odom,/novatel/oem7/fix,/novatel/oem7/odom,39.663,-75.756,-1.800742971,0.001387563,0.000285156,-0.000382459,0.001333813,0.000285156,,,
1786043873466645511,1786043873.466163894,/novatel/oem7/inspva,/novatel/oem7/inspva,/novatel/oem7/inspva,39.663,-75.756,-1.800747892,0.001573094,0.000104150,0.001551478,-0.000259885,0.000104150,,novatel_oem7_msgs.msg.InertialSolutionStatus(status=3),
1786043873467585685,1786043873.466382589,/novatel/oem7/fix,/novatel/oem7/fix,/novatel/oem7/inspva,39.663,-75.756,-1.800747892,0.001573094,0.000104150,0.001551478,-0.000259885,0.000104150,,0,
1786043873468224646,1786043873.466887777,/novatel/oem7/odom,/novatel/oem7/fix,/novatel/oem7/odom,39.663,-75.756,-1.800747892,0.001572843,0.000107875,-0.000176610,0.001562896,0.000107875,,,
1786043873475228685,1786043873.474827716,/novatel/oem7/odom,/novatel/oem7/fix,/novatel/oem7/odom,39.663,-75.756,-1.800747892,0.001572843,0.000107875,-0.000176610,0.001562896,0.000107875,,,
1786043873487122659,1786043873.486488801,/novatel/oem7/inspva,/novatel/oem7/inspva,/novatel/oem7/inspva,39.663,-75.756,-1.800746116,0.001503778,0.000407086,0.001408408,-0.000527007,0.000407086,,novatel_oem7_msgs.msg.InertialSolutionStatus(status=3),
1786043873488214871,1786043873.486755200,/novatel/oem7/fix,/novatel/oem7/fix,/novatel/oem7/inspva,39.663,-75.756,-1.800746116,0.001503778,0.000407086,0.001408408,-0.000527007,0.000407086,,0,
1786043873488921343,1786043873.487163961,/novatel/oem7/odom,/novatel/oem7/fix,/novatel/oem7/odom,39.663,-75.756,-1.800746116,0.001503139,0.000409438,-0.000452125,0.001433531,0.000409438,,,
1786043873495585860,1786043873.495162229,/novatel/oem7/odom,/novatel/oem7/fix,/novatel/oem7/odom,39.663,-75.756,-1.800746116,0.001503139,0.000409438,-0.000452125,0.001433531,0.000409438,,,
1786043873506668467,1786043873.506263102,/novatel/oem7/inspva,/novatel/oem7/inspva,/novatel/oem7/inspva,39.663,-75.756,-1.800748209,0.001685030,0.000301815,0.001660924,-0.000284001,0.000301815,,novatel_oem7_msgs.msg.InertialSolutionStatus(status=3),
1786043873507454452,1786043873.506502371,/novatel/oem7/fix,/novatel/oem7/fix,/novatel/oem7/inspva,39.663,-75.756,-1.800748209,0.001685030,0.000301815,0.001660924,-0.000284001,0.000301815,,0,
1786043873507888214,1786043873.506868957,/novatel/oem7/odom,/novatel/oem7/fix,/novatel/oem7/odom,39.663,-75.756,-1.800748209,0.001684318,0.000305762,-0.000195534,0.001672930,0.000305762,,,
1786043873511585880,1786043873.511233079,/novatel/oem7/bestpos,/novatel/oem7/bestpos,/novatel/oem7/odom,39.663,-75.756,33.181630650,0.001684318,0.000305762,-0.000195534,0.001672930,0.000305762,,novatel_oem7_msgs.msg.SolutionStatus(status=0),novatel_oem7_msgs.msg.PositionOrVelocityType(type=53)
1786043873512247728,1786043873.511647603,/novatel/oem7/bestvel,/novatel/oem7/bestpos,/novatel/oem7/bestvel,39.663,-75.756,33.181630650,0.001624023,0.000333595,,,,350.181614769,novatel_oem7_msgs.msg.SolutionStatus(status=0),novatel_oem7_msgs.msg.PositionOrVelocityType(type=53)
1786043873514912359,1786043873.514397571,/novatel/oem7/odom,/novatel/oem7/bestpos,/novatel/oem7/odom,39.663,-75.756,33.181630650,0.001684318,0.000305762,-0.000195534,0.001672930,0.000305762,,,
1786043873525947107,1786043873.525212885,/novatel/oem7/inspva,/novatel/oem7/inspva,/novatel/oem7/inspva,39.663,-75.756,-1.800746158,0.001551761,0.000604996,0.001458677,-0.000529362,0.000604996,,novatel_oem7_msgs.msg.InertialSolutionStatus(status=3),
1786043873527064024,1786043873.525546425,/novatel/oem7/fix,/novatel/oem7/fix,/novatel/oem7/inspva,39.663,-75.756,-1.800746158,0.001551761,0.000604996,0.001458677,-0.000529362,0.000604996,,0,
1786043873527764338,1786043873.526225046,/novatel/oem7/odom,/novatel/oem7/fix,/novatel/oem7/odom,39.663,-75.756,-1.800746158,0.001550782,0.000607501,-0.000452491,0.001483299,0.000607501,,,
1786043873535533974,1786043873.535109976,/novatel/oem7/odom,/novatel/oem7/fix,/novatel/oem7/odom,39.663,-75.756,-1.800746158,0.001550782,0.000607501,-0.000452491,0.001483299,0.000607501,,,
1786043873545342732,1786043873.545047914,/novatel/oem7/inspva,/novatel/oem7/inspva,/novatel/oem7/inspva,39.663,-75.756,-1.800748740,0.001613411,0.000222113,0.001537282,-0.000489756,0.000222113,,novatel_oem7_msgs.msg.InertialSolutionStatus(status=3),
1786043873545915623,1786043873.545224822,/novatel/oem7/fix,/novatel/oem7/fix,/novatel/oem7/inspva,39.663,-75.756,-1.800748740,0.001613411,0.000222113,0.001537282,-0.000489756,0.000222113,,0,
1786043873546552882,1786043873.545758848,/novatel/oem7/odom,/novatel/oem7/fix,/novatel/oem7/odom,39.663,-75.756,-1.800748740,0.001613011,0.000225002,-0.000407332,0.001560732,0.000225002,,,
1786043873556728695,1786043873.555863961,/novatel/oem7/odom,/novatel/oem7/fix,/novatel/oem7/odom,39.663,-75.756,-1.800748740,0.001613011,0.000225002,-0.000407332,0.001560732,0.000225002,,,
1786043873566994724,1786043873.566452722,/novatel/oem7/inspva,/novatel/oem7/inspva,/novatel/oem7/inspva,39.663,-75.756,-1.800746197,0.001756780,0.000397635,0.001512190,-0.000894181,0.000397635,,novatel_oem7_msgs.msg.InertialSolutionStatus(status=3),
1786043873567888954,1786043873.566754175,/novatel/oem7/fix,/novatel/oem7/fix,/novatel/oem7/inspva,39.663,-75.756,-1.800746197,0.001756780,0.000397635,0.001512190,-0.000894181,0.000397635,,0,
1786043873568783035,1786043873.567514286,/novatel/oem7/odom,/novatel/oem7/fix,/novatel/oem7/odom,39.663,-75.756,-1.800746197,0.001756460,0.000399045,-0.000813154,0.001556899,0.000399045,,,
1786043873575268739,1786043873.574811897,/novatel/oem7/odom,/novatel/oem7/fix,/novatel/oem7/odom,39.663,-75.756,-1.800746197,0.001756460,0.000399045,-0.000813154,0.001556899,0.000399045,,,
1786043873587077671,1786043873.586465819,/novatel/oem7/inspva,/novatel/oem7/inspva,/novatel/oem7/inspva,39.663,-75.756,-1.800748142,0.001443039,0.000356213,0.001372893,-0.000444439,0.000356213,,novatel_oem7_msgs.msg.InertialSolutionStatus(status=3),
1786043873588914437,1786043873.586742285,/novatel/oem7/fix,/novatel/oem7/fix,/novatel/oem7/inspva,39.663,-75.756,-1.800748142,0.001443039,0.000356213,0.001372893,-0.000444439,0.000356213,,0,
1786043873590488420,1786043873.587318918,/novatel/oem7/odom,/novatel/oem7/fix,/novatel/oem7/odom,39.663,-75.756,-1.800748142,0.001442408,0.000358761,-0.000371388,0.001393776,0.000358761,,,
1786043873596396234,1786043873.595596589,/novatel/oem7/odom,/novatel/oem7/fix,/novatel/oem7/odom,39.663,-75.756,-1.800748142,0.001442408,0.000358761,-0.000371388,0.001393776,0.000358761,,,
1786043873607159996,1786043873.606490081,/novatel/oem7/inspva,/novatel/oem7/inspva,/novatel/oem7/inspva,39.663,-75.756,-1.800747794,0.002100328,0.000190758,0.001817985,-0.001051811,0.000190758,,novatel_oem7_msgs.msg.InertialSolutionStatus(status=3),
1786043873608532994,1786043873.606616255,/novatel/oem7/fix,/novatel/oem7/fix,/novatel/oem7/inspva,39.663,-75.756,-1.800747794,0.002100328,0.000190758,0.001817985,-0.001051811,0.000190758,,0,
1786043873609550091,1786043873.607202994,/novatel/oem7/odom,/novatel/oem7/fix,/novatel/oem7/odom,39.663,-75.756,-1.800747794,0.002100166,0.000192537,-0.000953391,0.001871294,0.000192537,,,
1786043873611093030,1786043873.610039691,/novatel/oem7/bestpos,/novatel/oem7/bestpos,/novatel/oem7/odom,39.663,-75.756,33.181625679,0.002100166,0.000192537,-0.000953391,0.001871294,0.000192537,,novatel_oem7_msgs.msg.SolutionStatus(status=0),novatel_oem7_msgs.msg.PositionOrVelocityType(type=53)
1786043873611996139,1786043873.610412666,/novatel/oem7/bestvel,/novatel/oem7/bestpos,/novatel/oem7/bestvel,39.663,-75.756,33.181625679,0.002283041,0.000094512,,,,331.692847856,novatel_oem7_msgs.msg.SolutionStatus(status=0),novatel_oem7_msgs.msg.PositionOrVelocityType(type=53)
1786043873615977040,1786043873.614940586,/novatel/oem7/odom,/novatel/oem7/bestpos,/novatel/oem7/odom,39.663,-75.756,33.181625679,0.002100166,0.000192537,-0.000953391,0.001871294,0.000192537,,,
1786043873626496580,1786043873.625408092,/novatel/oem7/inspva,/novatel/oem7/inspva,/novatel/oem7/inspva,39.663,-75.756,-1.800747236,0.001770311,0.000470948,0.001600251,-0.000757097,0.000470948,,novatel_oem7_msgs.msg.InertialSolutionStatus(status=3),
1786043873628587882,1786043873.625732963,/novatel/oem7/fix,/novatel/oem7/fix,/novatel/oem7/inspva,39.663,-75.756,-1.800747236,0.001770311,0.000470948,0.001600251,-0.000757097,0.000470948,,0,
1786043873630101050,1786043873.626515901,/novatel/oem7/odom,/novatel/oem7/fix,/novatel/oem7/odom,39.663,-75.756,-1.800747236,0.001769737,0.000473101,-0.000671796,0.001637272,0.000473101,,,
1786043873635587596,1786043873.634534672,/novatel/oem7/odom,/novatel/oem7/fix,/novatel/oem7/odom,39.663,-75.756,-1.800747236,0.001769737,0.000473101,-0.000671796,0.001637272,0.000473101,,,
1786043873645527041,1786043873.644988872,/novatel/oem7/inspva,/novatel/oem7/inspva,/novatel/oem7/inspva,39.663,-75.756,-1.800747960,0.001826823,0.000368724,0.001667964,-0.000745102,0.000368724,,novatel_oem7_msgs.msg.InertialSolutionStatus(status=3),
1786043873646938425,1786043873.645134843,/novatel/oem7/fix,/novatel/oem7/fix,/novatel/oem7/inspva,39.663,-75.756,-1.800747960,0.001826823,0.000368724,0.001667964,-0.000745102,0.000368724,,0,
1786043873648112131,1786043873.645512694,/novatel/oem7/odom,/novatel/oem7/fix,/novatel/oem7/odom,39.663,-75.756,-1.800747960,0.001826339,0.000371111,-0.000655813,0.001704531,0.000371111,,,
1786043873657739486,1786043873.656365665,/novatel/oem7/odom,/novatel/oem7/fix,/novatel/oem7/odom,39.663,-75.756,-1.800747960,0.001826339,0.000371111,-0.000655813,0.001704531,0.000371111,,,
1786043873665874291,1786043873.665032976,/novatel/oem7/inspva,/novatel/oem7/inspva,/novatel/oem7/inspva,39.663,-75.756,-1.800750503,0.001814291,0.000331671,0.001615489,-0.000825741,0.000331671,,novatel_oem7_msgs.msg.InertialSolutionStatus(status=3),
1786043873667703910,1786043873.665347416,/novatel/oem7/fix,/novatel/oem7/fix,/novatel/oem7/inspva,39.663,-75.756,-1.800750503,0.001814291,0.000331671,0.001615489,-0.000825741,0.000331671,,0,
1786043873669152772,1786043873.666092837,/novatel/oem7/odom,/novatel/oem7/fix,/novatel/oem7/odom,39.663,-75.756,-1.800750503,0.001813932,0.000333631,-0.000738998,0.001656572,0.000333631,,,
1786043873675597134,1786043873.674561087,/novatel/oem7/odom,/novatel/oem7/fix,/novatel/oem7/odom,39.663,-75.756,-1.800750503,0.001813932,0.000333631,-0.000738998,0.001656572,0.000333631,,,
1786043873688236146,1786043873.687346177,/novatel/oem7/inspva,/novatel/oem7/inspva,/novatel/oem7/inspva,39.663,-75.756,-1.800751463,0.001803148,0.000045030,0.001623403,-0.000784796,0.000045030,,novatel_oem7_msgs.msg.InertialSolutionStatus(status=3),
1786043873690057911,1786043873.687583736,/novatel/oem7/fix,/novatel/oem7/fix,/novatel/oem7/inspva,39.663,-75.756,-1.800751463,0.001803148,0.000045030,0.001623403,-0.000784796,0.000045030,,0,
1786043873691491072,1786043873.688137101,/novatel/oem7/odom,/novatel/oem7/fix,/novatel/oem7/odom,39.663,-75.756,-1.800751463,0.001803093,0.000047149,-0.000696628,0.001663086,0.000047149,,,
1786043873695999978,1786043873.695024988,/novatel/oem7/odom,/novatel/oem7/fix,/novatel/oem7/odom,39.663,-75.756,-1.800751463,0.001803093,0.000047149,-0.000696628,0.001663086,0.000047149,,,
1786043873706677877,1786043873.705898759,/novatel/oem7/inspva,/novatel/oem7/inspva,/novatel/oem7/inspva,39.663,-75.756,-1.800750836,0.001764919,0.000429041,0.001412733,-0.001057887,0.000429041,,novatel_oem7_msgs.msg.InertialSolutionStatus(status=3),
1786043873708292834,1786043873.706132095,/novatel/oem7/fix,/novatel/oem7/fix,/novatel/oem7/inspva,39.663,-75.756,-1.800750836,0.001764919,0.000429041,0.001412733,-0.001057887,0.000429041,,0,
1786043873709390258,1786043873.706474105,/novatel/oem7/odom,/novatel/oem7/fix,/novatel/oem7/odom,39.663,-75.756,-1.800750836,0.001764782,0.000429605,-0.000982028,0.001466313,0.000429605,,,
1786043873710853320,1786043873.709239196,/novatel/oem7/bestpos,/novatel/oem7/bestpos,/novatel/oem7/odom,39.663,-75.756,33.181615734,0.001764782,0.000429605,-0.000982028,0.001466313,0.000429605,,novatel_oem7_msgs.msg.SolutionStatus(status=0),novatel_oem7_msgs.msg.PositionOrVelocityType(type=53)
1786043873711758249,1786043873.709541616,/novatel/oem7/bestvel,/novatel/oem7/bestpos,/novatel/oem7/bestvel,39.663,-75.756,33.181615734,0.002419266,0.000330924,,,,322.965324419,novatel_oem7_msgs.msg.SolutionStatus(status=0),novatel_oem7_msgs.msg.PositionOrVelocityType(type=53)
1786043873716447384,1786043873.715602108,/novatel/oem7/odom,/novatel/oem7/bestpos,/novatel/oem7/odom,39.663,-75.756,33.181615734,0.001764782,0.000429605,-0.000982028,0.001466313,0.000429605,,,
1786043873726119745,1786043873.725168536,/novatel/oem7/inspva,/novatel/oem7/inspva,/novatel/oem7/inspva,39.663,-75.756,-1.800755121,0.001934121,-0.000001796,0.001590651,-0.001100297,-0.000001796,,novatel_oem7_msgs.msg.InertialSolutionStatus(status=3),
1786043873728113336,1786043873.725571027,/novatel/oem7/fix,/novatel/oem7/fix,/novatel/oem7/inspva,39.663,-75.756,-1.800755121,0.001934121,-0.000001796,0.001590651,-0.001100297,-0.000001796,,0,
1786043873729557077,1786043873.725997644,/novatel/oem7/odom,/novatel/oem7/fix,/novatel/oem7/odom,39.663,-75.756,-1.800755121,0.001934122,-0.000000874,-0.001013251,0.001647468,-0.000000874,,,
1786043873735797047,1786043873.734848141,/novatel/oem7/odom,/novatel/oem7/fix,/novatel/oem7/odom,39.663,-75.756,-1.800755121,0.001934122,-0.000000874,-0.001013251,0.001647468,-0.000000874,,,
1786043873745684875,1786043873.745125172,/novatel/oem7/inspva,/novatel/oem7/inspva,/novatel/oem7/inspva,39.663,-75.756,-1.800756834,0.001988376,0.000133916,0.001482593,-0.001324974,0.000133916,,novatel_oem7_msgs.msg.InertialSolutionStatus(status=3),
1786043873747040065,1786043873.745273650,/novatel/oem7/fix,/novatel/oem7/fix,/novatel/oem7/inspva,39.663,-75.756,-1.800756834,0.001988376,0.000133916,0.001482593,-0.001324974,0.000133916,,0,
1786043873748139266,1786043873.745646451,/novatel/oem7/odom,/novatel/oem7/fix,/novatel/oem7/odom,39.663,-75.756,-1.800756834,0.001988389,0.000133719,-0.001243885,0.001551271,0.000133719,,,
1786043873757152621,1786043873.755869155,/novatel/oem7/odom,/novatel/oem7/fix,/novatel/oem7/odom,39.663,-75.756,-1.800756834,0.001988389,0.000133719,-0.001243885,0.001551271,0.000133719,,,
1786043873766019935,1786043873.765105315,/novatel/oem7/inspva,/novatel/oem7/inspva,/novatel/oem7/inspva,39.663,-75.756,-1.800757635,0.001648888,0.000402105,0.001462549,-0.000761435,0.000402105,,novatel_oem7_msgs.msg.InertialSolutionStatus(status=3),
1786043873767927401,1786043873.765464556,/novatel/oem7/fix,/novatel/oem7/fix,/novatel/oem7/inspva,39.663,-75.756,-1.800757635,0.001648888,0.000402105,0.001462549,-0.000761435,0.000402105,,0,
1786043873769390853,1786043873.765903581,/novatel/oem7/odom,/novatel/oem7/fix,/novatel/oem7/odom,39.663,-75.756,-1.800757635,0.001648468,0.000403826,-0.000683206,0.001500225,0.000403826,,,
1786043873775879349,1786043873.775042547,/novatel/oem7/odom,/novatel/oem7/fix,/novatel/oem7/odom,39.663,-75.756,-1.800757635,0.001648468,0.000403826,-0.000683206,0.001500225,0.000403826,,,
1786043873786317368,1786043873.785132959,/novatel/oem7/inspva,/novatel/oem7/inspva,/novatel/oem7/inspva,39.663,-75.756,-1.800762719,0.001460344,0.000120709,0.001134034,-0.000920094,0.000120709,,novatel_oem7_msgs.msg.InertialSolutionStatus(status=3),
1786043873787875924,1786043873.785530514,/novatel/oem7/fix,/novatel/oem7/fix,/novatel/oem7/inspva,39.663,-75.756,-1.800762719,0.001460344,0.000120709,0.001134034,-0.000920094,0.000120709,,0,
1786043873788951095,1786043873.786104899,/novatel/oem7/odom,/novatel/oem7/fix,/novatel/oem7/odom,39.663,-75.756,-1.800762719,0.001460329,0.000120892,-0.000858250,0.001181511,0.000120892,,,
1786043873795029647,1786043873.794348900,/novatel/oem7/odom,/novatel/oem7/fix,/novatel/oem7/odom,39.663,-75.756,-1.800762719,0.001460329,0.000120892,-0.000858250,0.001181511,0.000120892,,,
1786043873807005486,1786043873.806457421,/novatel/oem7/inspva,/novatel/oem7/inspva,/novatel/oem7/inspva,39.663,-75.756,-1.800761522,0.001617458,0.000337619,0.001416063,-0.000781625,0.000337619,,novatel_oem7_msgs.msg.InertialSolutionStatus(status=3),
1786043873808312736,1786043873.806604878,/novatel/oem7/fix,/novatel/oem7/fix,/novatel/oem7/inspva,39.663,-75.756,-1.800761522,0.001617458,0.000337619,0.001416063,-0.000781625,0.000337619,,0,
1786043873809329866,1786043873.806973054,/novatel/oem7/odom,/novatel/oem7/fix,/novatel/oem7/odom,39.663,-75.756,-1.800761522,0.001617138,0.000339149,-0.000705613,0.001455076,0.000339149,,,
1786043873810856555,1786043873.810154751,/novatel/oem7/bestpos,/novatel/oem7/bestpos,/novatel/oem7/odom,39.663,-75.756,33.181608442,0.001617138,0.000339149,-0.000705613,0.001455076,0.000339149,,novatel_oem7_msgs.msg.SolutionStatus(status=0),novatel_oem7_msgs.msg.PositionOrVelocityType(type=53)
1786043873812260556,1786043873.810551809,/novatel/oem7/bestvel,/novatel/oem7/bestpos,/novatel/oem7/bestvel,39.663,-75.756,33.181608442,0.001865767,0.000493875,,,,321.999213772,novatel_oem7_msgs.msg.SolutionStatus(status=0),novatel_oem7_msgs.msg.PositionOrVelocityType(type=53)
1786043873815618794,1786043873.814723398,/novatel/oem7/odom,/novatel/oem7/bestpos,/novatel/oem7/odom,39.663,-75.756,33.181608442,0.001617138,0.000339149,-0.000705613,0.001455076,0.000339149,,,
1786043873825862878,1786043873.825016843,/novatel/oem7/inspva,/novatel/oem7/inspva,/novatel/oem7/inspva,39.663,-75.756,-1.800765734,0.001390490,0.000155580,0.001045815,-0.000916370,0.000155580,,novatel_oem7_msgs.msg.InertialSolutionStatus(status=3),
1786043873827578369,1786043873.825308043,/novatel/oem7/fix,/novatel/oem7/fix,/novatel/oem7/inspva,39.663,-75.756,-1.800765734,0.001390490,0.000155580,0.001045815,-0.000916370,0.000155580,,0,
1786043873828972236,1786043873.826019223,/novatel/oem7/odom,/novatel/oem7/fix,/novatel/oem7/odom,39.663,-75.756,-1.800765734,0.001390496,0.000155527,-0.000859397,0.001093122,0.000155527,,,
1786043873836191650,1786043873.835508936,/novatel/oem7/odom,/novatel/oem7/fix,/novatel/oem7/odom,39.663,-75.756,-1.800765734,0.001390496,0.000155527,-0.000859397,0.001093122,0.000155527,,,
1786043873845837948,1786043873.845202668,/novatel/oem7/inspva,/novatel/oem7/inspva,/novatel/oem7/inspva,39.663,-75.756,-1.800765065,0.001856900,0.000413086,0.001561021,-0.001005630,0.000413086,,novatel_oem7_msgs.msg.InertialSolutionStatus(status=3),
1786043873847557112,1786043873.845368020,/novatel/oem7/fix,/novatel/oem7/fix,/novatel/oem7/inspva,39.663,-75.756,-1.800765065,0.001856900,0.000413086,0.001561021,-0.001005630,0.000413086,,0,
1786043873849061531,1786043873.845896702,/novatel/oem7/odom,/novatel/oem7/fix,/novatel/oem7/odom,39.663,-75.756,-1.800765065,0.001856637,0.000414266,-0.000921770,0.001611658,0.000414266,,,
1786043873857647425,1786043873.856509454,/novatel/oem7/odom,/novatel/oem7/fix,/novatel/oem7/odom,39.663,-75.756,-1.800765065,0.001856637,0.000414266,-0.000921770,0.001611658,0.000414266,,,
1786043873866887496,1786043873.866051198,/novatel/oem7/inspva,/novatel/oem7/inspva,/novatel/oem7/inspva,39.663,-75.756,-1.800771203,0.001612799,0.000043960,0.001300780,-0.000953465,0.000043960,,novatel_oem7_msgs.msg.InertialSolutionStatus(status=3),
1786043873868660617,1786043873.866334764,/novatel/oem7/fix,/novatel/oem7/fix,/novatel/oem7/inspva,39.663,-75.756,-1.800771203,0.001612799,0.000043960,0.001300780,-0.000953465,0.000043960,,0,
1786043873870067702,1786043873.866852749,/novatel/oem7/odom,/novatel/oem7/fix,/novatel/oem7/odom,39.663,-75.756,-1.800771203,0.001612784,0.000044539,-0.000882317,0.001350033,0.000044539,,,
1786043873874988462,1786043873.874320498,/novatel/oem7/odom,/novatel/oem7/fix,/novatel/oem7/odom,39.663,-75.756,-1.800771203,0.001612784,0.000044539,-0.000882317,0.001350033,0.000044539,,,
1786043873886308800,1786043873.885039331,/novatel/oem7/inspva,/novatel/oem7/inspva,/novatel/oem7/inspva,39.663,-75.756,-1.800768421,0.001817375,0.000414822,0.001522808,-0.000991920,0.000414822,,novatel_oem7_msgs.msg.InertialSolutionStatus(status=3),
1786043873888472536,1786043873.885686831,/novatel/oem7/fix,/novatel/oem7/fix,/novatel/oem7/inspva,39.663,-75.756,-1.800768421,0.001817375,0.000414822,0.001522808,-0.000991920,0.000414822,,0,
1786043873889878620,1786043873.886513602,/novatel/oem7/odom,/novatel/oem7/fix,/novatel/oem7/odom,39.663,-75.756,-1.800768421,0.001817118,0.000415943,-0.000910125,0.001572765,0.000415943,,,
1786043873895808211,1786043873.894944255,/novatel/oem7/odom,/novatel/oem7/fix,/novatel/oem7/odom,39.663,-75.756,-1.800768421,0.001817118,0.000415943,-0.000910125,0.001572765,0.000415943,,,
1786043873906544396,1786043873.905957304,/novatel/oem7/inspva,/novatel/oem7/inspva,/novatel/oem7/inspva,39.663,-75.756,-1.800771367,0.001607530,0.000384674,0.001329901,-0.000903058,0.000384674,,novatel_oem7_msgs.msg.InertialSolutionStatus(status=3),
1786043873907856540,1786043873.906129176,/novatel/oem7/fix,/novatel/oem7/fix,/novatel/oem7/inspva,39.663,-75.756,-1.800771367,0.001607530,0.000384674,0.001329901,-0.000903058,0.000384674,,0,
1786043873908865677,1786043873.906602747,/novatel/oem7/odom,/novatel/oem7/fix,/novatel/oem7/odom,39.663,-75.756,-1.800771367,0.001607325,0.000385528,-0.000831651,0.001375446,0.000385528,,,
1786043873910338352,1786043873.909307698,/novatel/oem7/bestpos,/novatel/oem7/bestpos,/novatel/oem7/odom,39.663,-75.756,33.181606014,0.001607325,0.000385528,-0.000831651,0.001375446,0.000385528,,novatel_oem7_msgs.msg.SolutionStatus(status=0),novatel_oem7_msgs.msg.PositionOrVelocityType(type=53)
1786043873911721703,1786043873.909911178,/novatel/oem7/bestvel,/novatel/oem7/bestpos,/novatel/oem7/bestvel,39.663,-75.756,33.181606014,0.001878851,0.000233234,,,,329.862327260,novatel_oem7_msgs.msg.SolutionStatus(status=0),novatel_oem7_msgs.msg.PositionOrVelocityType(type=53)
1786043873915389590,1786043873.914476477,/novatel/oem7/odom,/novatel/oem7/bestpos,/novatel/oem7/odom,39.663,-75.756,33.181606014,0.001607325,0.000385528,-0.000831651,0.001375446,0.000385528,,,
1786043873927619405,1786043873.926741732,/novatel/oem7/inspva,/novatel/oem7/inspva,/novatel/oem7/inspva,39.663,-75.756,-1.800772451,0.001641545,0.000227002,0.001317427,-0.000979314,0.000227002,,novatel_oem7_msgs.msg.InertialSolutionStatus(status=3),
1786043873929465970,1786043873.927027619,/novatel/oem7/fix,/novatel/oem7/fix,/novatel/oem7/inspva,39.663,-75.756,-1.800772451,0.001641545,0.000227002,0.001317427,-0.000979314,0.000227002,,0,
1786043873930876688,1786043873.927802030,/novatel/oem7/odom,/novatel/oem7/fix,/novatel/oem7/odom,39.663,-75.756,-1.800772451,0.001641470,0.000227544,-0.000907900,0.001367531,0.000227544,,,
1786043873935455938,1786043873.934669970,/novatel/oem7/odom,/novatel/oem7/fix,/novatel/oem7/odom,39.663,-75.756,-1.800772451,0.001641470,0.000227544,-0.000907900,0.001367531,0.000227544,,,
1786043873945878707,1786043873.945140766,/novatel/oem7/inspva,/novatel/oem7/inspva,/novatel/oem7/inspva,39.663,-75.756,-1.800774399,0.001580845,0.000129532,0.001328847,-0.000856292,0.000129532,,novatel_oem7_msgs.msg.InertialSolutionStatus(status=3),
1786043873947968975,1786043873.945326981,/novatel/oem7/fix,/novatel/oem7/fix,/novatel/oem7/inspva,39.663,-75.756,-1.800774399,0.001580845,0.000129532,0.001328847,-0.000856292,0.000129532,,0,
1786043873949136717,1786043873.945958668,/novatel/oem7/odom,/novatel/oem7/fix,/novatel/oem7/odom,39.663,-75.756,-1.800774399,0.001580762,0.000130543,-0.000784085,0.001372596,0.000130543,,,
1786043873956619263,1786043873.955893479,/novatel/oem7/odom,/novatel/oem7/fix,/novatel/oem7/odom,39.663,-75.756,-1.800774399,0.001580762,0.000130543,-0.000784085,0.001372596,0.000130543,,,
1786043873965944541,1786043873.965351645,/novatel/oem7/inspva,/novatel/oem7/inspva,/novatel/oem7/inspva,39.663,-75.756,-1.800771959,0.001801956,0.000489198,0.001485798,-0.001019534,0.000489198,,novatel_oem7_msgs.msg.InertialSolutionStatus(status=3),
1786043873967269265,1786043873.965536674,/novatel/oem7/fix,/novatel/oem7/fix,/novatel/oem7/inspva,39.663,-75.756,-1.800771959,0.001801956,0.000489198,0.001485798,-0.001019534,0.000489198,,0,
1786043873968289245,1786043873.966124883,/novatel/oem7/odom,/novatel/oem7/fix,/novatel/oem7/odom,39.663,-75.756,-1.800771959,0.001801711,0.000490101,-0.000939955,0.001537090,0.000490101,,,
1786043873975564286,1786043873.974883739,/novatel/oem7/odom,/novatel/oem7/fix,/novatel/oem7/odom,39.663,-75.756,-1.800771959,0.001801711,0.000490101,-0.000939955,0.001537090,0.000490101,,,
1786043873986847374,1786043873.986162177,/novatel/oem7/inspva,/novatel/oem7/inspva,/novatel/oem7/inspva,39.663,-75.756,-1.800776412,0.001917171,0.000239655,0.001619916,-0.001025387,0.000239655,,novatel_oem7_msgs.msg.InertialSolutionStatus(status=3),
1786043873988265909,1786043873.986344866,/novatel/oem7/fix,/novatel/oem7/fix,/novatel/oem7/inspva,39.663,-75.756,-1.800776412,0.001917171,0.000239655,0.001619916,-0.001025387,0.000239655,,0,
1786043873989329497,1786043873.986838002,/novatel/oem7/odom,/novatel/oem7/fix,/novatel/oem7/odom,39.663,-75.756,-1.800776412,0.001917011,0.000240928,-0.000937676,0.001672033,0.000240928,,,
1786043873995033882,1786043873.994373121,/novatel/oem7/odom,/novatel/oem7/fix,/novatel/oem7/odom,39.663,-75.756,-1.800776412,0.001917011,0.000240928,-0.000937676,0.001672033,0.000240928,,,
1786043874010529783,1786043874.009953117,/novatel/oem7/inspva,/novatel/oem7/inspva,/novatel/oem7/inspva,39.663,-75.756,-1.800773129,0.001463814,0.000468018,0.001315255,-0.000642539,0.000468018,,novatel_oem7_msgs.msg.InertialSolutionStatus(status=3),
1786043874011875643,1786043874.010114858,/novatel/oem7/fix,/novatel/oem7/fix,/novatel/oem7/inspva,39.663,-75.756,-1.800773129,0.001463814,0.000468018,0.001315255,-0.000642539,0.000468018,,0,
1786043874012914260,1786043874.011376254,/novatel/oem7/odom,/novatel/oem7/fix,/novatel/oem7/odom,39.663,-75.756,-1.800773129,0.001463271,0.000469715,-0.000572584,0.001346591,0.000469715,,,
1786043874017345222,1786043874.016677255,/novatel/oem7/odom,/novatel/oem7/fix,/novatel/oem7/odom,39.663,-75.756,-1.800773129,0.001463271,0.000469715,-0.000572584,0.001346591,0.000469715,,,
1786043874025628380,1786043874.024963320,/novatel/oem7/bestpos,/novatel/oem7/bestpos,/novatel/oem7/odom,39.663,-75.756,33.181608751,0.001463271,0.000469715,-0.000572584,0.001346591,0.000469715,,novatel_oem7_msgs.msg.SolutionStatus(status=0),novatel_oem7_msgs.msg.PositionOrVelocityType(type=53)
1786043874027115035,1786043874.026400597,/novatel/oem7/bestvel,/novatel/oem7/bestpos,/novatel/oem7/bestvel,39.663,-75.756,33.181608751,0.001585731,0.000680623,,,,321.833426541,novatel_oem7_msgs.msg.SolutionStatus(status=0),novatel_oem7_msgs.msg.PositionOrVelocityType(type=53)
1786043874028564913,1786043874.026957880,/novatel/oem7/inspva,/novatel/oem7/inspva,/novatel/oem7/inspva,39.663,-75.756,-1.800774796,0.001654370,0.000368028,0.001432191,-0.000828110,0.000368028,,novatel_oem7_msgs.msg.InertialSolutionStatus(status=3),
1786043874029382625,1786043874.027102058,/novatel/oem7/fix,/novatel/oem7/fix,/novatel/oem7/inspva,39.663,-75.756,-1.800774796,0.001654370,0.000368028,0.001432191,-0.000828110,0.000368028,,0,
1786043874030411198,1786043874.027641587,/novatel/oem7/odom,/novatel/oem7/fix,/novatel/oem7/odom,39.663,-75.756,-1.800774796,0.001654057,0.000369431,-0.000751231,0.001473620,0.000369431,,,
1786043874035074163,1786043874.034403473,/novatel/oem7/odom,/novatel/oem7/fix,/novatel/oem7/odom,39.663,-75.756,-1.800774796,0.001654057,0.000369431,-0.000751231,0.001473620,0.000369431,,,
1786043874047272454,1786043874.046731011,/novatel/oem7/inspva,/novatel/oem7/inspva,/novatel/oem7/inspva,39.663,-75.756,-1.800780539,0.001266018,0.000288718,0.001116494,-0.000596861,0.000288718,,novatel_oem7_msgs.msg.InertialSolutionStatus(status=3),
1786043874048609067,1786043874.046884353,/novatel/oem7/fix,/novatel/oem7/fix,/novatel/oem7/inspva,39.663,-75.756,-1.800780539,0.001266018,0.000288718,0.001116494,-0.000596861,0.000288718,,0,
1786043874049650038,1786043874.047342171,/novatel/oem7/odom,/novatel/oem7/fix,/novatel/oem7/odom,39.663,-75.756,-1.800780539,0.001265728,0.000289986,-0.000537006,0.001146164,0.000289986,,,
1786043874057276819,1786043874.056565065,/novatel/oem7/odom,/novatel/oem7/fix,/novatel/oem7/odom,39.663,-75.756,-1.800780539,0.001265728,0.000289986,-0.000537006,0.001146164,0.000289986,,,
1786043874065833203,1786043874.065286734,/novatel/oem7/inspva,/novatel/oem7/inspva,/novatel/oem7/inspva,39.663,-75.756,-1.800784985,0.001608524,0.000009011,0.001469905,-0.000653246,0.000009011,,novatel_oem7_msgs.msg.InertialSolutionStatus(status=3),
1786043874067145586,1786043874.065462069,/novatel/oem7/fix,/novatel/oem7/fix,/novatel/oem7/inspva,39.663,-75.756,-1.800784985,0.001608524,0.000009011,0.001469905,-0.000653246,0.000009011,,0,
1786043874068171683,1786043874.065917587,/novatel/oem7/odom,/novatel/oem7/fix,/novatel/oem7/odom,39.663,-75.756,-1.800784985,0.001608511,0.000011141,-0.000573307,0.001502873,0.000011141,,,
1786043874076110180,1786043874.075781594,/novatel/oem7/odom,/novatel/oem7/fix,/novatel/oem7/odom,39.663,-75.756,-1.800784985,0.001608511,0.000011141,-0.000573307,0.001502873,0.000011141,,,
1786043874086348171,1786043874.085920124,/novatel/oem7/inspva,/novatel/oem7/inspva,/novatel/oem7/inspva,39.663,-75.756,-1.800787115,0.001392012,0.000239290,0.001188571,-0.000724566,0.000239290,,novatel_oem7_msgs.msg.InertialSolutionStatus(status=3),
1786043874087156274,1786043874.086140920,/novatel/oem7/fix,/novatel/oem7/fix,/novatel/oem7/inspva,39.663,-75.756,-1.800787115,0.001392012,0.000239290,0.001188571,-0.000724566,0.000239290,,0,
1786043874088059882,1786043874.086919791,/novatel/oem7/odom,/novatel/oem7/fix,/novatel/oem7/odom,39.663,-75.756,-1.800787115,0.001391831,0.000240338,-0.000660471,0.001225141,0.000240338,,,
1786043874095520530,1786043874.095108905,/novatel/oem7/odom,/novatel/oem7/fix,/novatel/oem7/odom,39.663,-75.756,-1.800787115,0.001391831,0.000240338,-0.000660471,0.001225141,0.000240338,,,
1786043874106549803,1786043874.106014632,/novatel/oem7/inspva,/novatel/oem7/inspva,/novatel/oem7/inspva,39.663,-75.756,-1.800791385,0.001492776,0.000105943,0.001298384,-0.000736599,0.000105943,,novatel_oem7_msgs.msg.InertialSolutionStatus(status=3),
1786043874107698245,1786043874.106197197,/novatel/oem7/fix,/novatel/oem7/fix,/novatel/oem7/inspva,39.663,-75.756,-1.800791385,0.001492776,0.000105943,0.001298384,-0.000736599,0.000105943,,0,
1786043874108455483,1786043874.106676789,/novatel/oem7/odom,/novatel/oem7/fix,/novatel/oem7/odom,39.663,-75.756,-1.800791385,0.001492681,0.000107262,-0.000666112,0.001335812,0.000107262,,,
1786043874109940362,1786043874.109413980,/novatel/oem7/bestpos,/novatel/oem7/bestpos,/novatel/oem7/odom,39.663,-75.756,33.181592337,0.001492681,0.000107262,-0.000666112,0.001335812,0.000107262,,novatel_oem7_msgs.msg.SolutionStatus(status=0),novatel_oem7_msgs.msg.PositionOrVelocityType(type=53)
1786043874110587188,1786043874.110225615,/novatel/oem7/bestvel,/novatel/oem7/bestpos,/novatel/oem7/bestvel,39.663,-75.756,33.181592337,0.001322464,0.000204074,,,,327.227141625,novatel_oem7_msgs.msg.SolutionStatus(status=0),novatel_oem7_msgs.msg.PositionOrVelocityType(type=53)
1786043874114877010,1786043874.114453664,/novatel/oem7/odom,/novatel/oem7/bestpos,/novatel/oem7/odom,39.663,-75.756,33.181592337,0.001492681,0.000107262,-0.000666112,0.001335812,0.000107262,,,
1786043874125563761,1786043874.125258642,/novatel/oem7/inspva,/novatel/oem7/inspva,/novatel/oem7/inspva,39.663,-75.756,-1.800796163,0.001769562,0.000059470,0.001485908,-0.000960951,0.000059470,,novatel_oem7_msgs.msg.InertialSolutionStatus(status=3),
1786043874126135639,1786043874.125442873,/novatel/oem7/fix,/novatel/oem7/fix,/novatel/oem7/inspva,39.663,-75.756,-1.800796163,0.001769562,0.000059470,0.001485908,-0.000960951,0.000059470,,0,
1786043874126809993,1786043874.126107127,/novatel/oem7/odom,/novatel/oem7/fix,/novatel/oem7/odom,39.663,-75.756,-1.800796163,0.001769524,0.000060591,-0.000879874,0.001535264,0.000060591,,,
1786043874135870750,1786043874.135576225,/novatel/oem7/odom,/novatel/oem7/fix,/novatel/oem7/odom,39.663,-75.756,-1.800796163,0.001769524,0.000060591,-0.000879874,0.001535264,0.000060591,,,
1786043874145802121,1786043874.145079358,/novatel/oem7/inspva,/novatel/oem7/inspva,/novatel/oem7/inspva,39.663,-75.756,-1.800802452,0.001506337,0.000017307,0.001277514,-0.000798130,0.000017307,,novatel_oem7_msgs.msg.InertialSolutionStatus(status=3),
1786043874147237095,1786043874.145177739,/novatel/oem7/fix,/novatel/oem7/fix,/novatel/oem7/inspva,39.663,-75.756,-1.800802452,0.001506337,0.000017307,0.001277514,-0.000798130,0.000017307,,0,
1786043874148327910,1786043874.145596789,/novatel/oem7/odom,/novatel/oem7/fix,/novatel/oem7/odom,39.663,-75.756,-1.800802452,0.001506325,0.000018366,-0.000728340,0.001318535,0.000018366,,,
1786043874156335665,1786043874.155624105,/novatel/oem7/odom,/novatel/oem7/fix,/novatel/oem7/odom,39.663,-75.756,-1.800802452,0.001506325,0.000018366,-0.000728340,0.001318535,0.000018366,,,
1786043874167222372,1786043874.166493765,/novatel/oem7/inspva,/novatel/oem7/inspva,/novatel/oem7/inspva,39.663,-75.756,-1.800807891,0.001326711,0.000019294,0.001211446,-0.000540889,0.000019294,,novatel_oem7_msgs.msg.InertialSolutionStatus(status=3),
1786043874168632087,1786043874.166665367,/novatel/oem7/fix,/novatel/oem7/fix,/novatel/oem7/inspva,39.663,-75.756,-1.800807891,0.001326711,0.000019294,0.001211446,-0.000540889,0.000019294,,0,
1786043874169646437,1786043874.167008780,/novatel/oem7/odom,/novatel/oem7/fix,/novatel/oem7/odom,39.663,-75.756,-1.800807891,0.001326685,0.000021034,-0.000475027,0.001238726,0.000021034,,,
1786043874175759059,1786043874.174977801,/novatel/oem7/odom,/novatel/oem7/fix,/novatel/oem7/odom,39.663,-75.756,-1.800807891,0.001326685,0.000021034,-0.000475027,0.001238726,0.000021034,,,
1786043874185656224,1786043874.184887136,/novatel/oem7/inspva,/novatel/oem7/inspva,/novatel/oem7/inspva,39.663,-75.756,-1.800811210,0.001379614,0.000263743,0.001145537,-0.000768817,0.000263743,,novatel_oem7_msgs.msg.InertialSolutionStatus(status=3),
1786043874187037741,1786043874.185054551,/novatel/oem7/fix,/novatel/oem7/fix,/novatel/oem7/inspva,39.663,-75.756,-1.800811210,0.001379614,0.000263743,0.001145537,-0.000768817,0.000263743,,0,
1786043874188081868,1786043874.185451405,/novatel/oem7/odom,/novatel/oem7/fix,/novatel/oem7/odom,39.663,-75.756,-1.800811210,0.001379470,0.000264496,-0.000707033,0.001184501,0.000264496,,,
1786043874196101476,1786043874.195343756,/novatel/oem7/odom,/novatel/oem7/fix,/novatel/oem7/odom,39.663,-75.756,-1.800811210,0.001379470,0.000264496,-0.000707033,0.001184501,0.000264496,,,
1786043874207213966,1786043874.206524940,/novatel/oem7/inspva,/novatel/oem7/inspva,/novatel/oem7/inspva,39.663,-75.756,-1.800817975,0.001372535,-0.000264757,0.001109252,-0.000808339,-0.000264757,,novatel_oem7_msgs.msg.InertialSolutionStatus(status=3),
1786043874208640148,1786043874.206712268,/novatel/oem7/fix,/novatel/oem7/fix,/novatel/oem7/inspva,39.663,-75.756,-1.800817975,0.001372535,-0.000264757,0.001109252,-0.000808339,-0.000264757,,0,
1786043874209754379,1786043874.207143026,/novatel/oem7/odom,/novatel/oem7/fix,/novatel/oem7/odom,39.663,-75.756,-1.800817975,0.001372636,-0.000264230,-0.000746547,0.001151867,-0.000264230,,,
1786043874211397466,1786043874.210182894,/novatel/oem7/bestpos,/novatel/oem7/bestpos,/novatel/oem7/odom,39.663,-75.756,33.181568936,0.001372636,-0.000264230,-0.000746547,0.001151867,-0.000264230,,novatel_oem7_msgs.msg.SolutionStatus(status=0),novatel_oem7_msgs.msg.PositionOrVelocityType(type=53)
1786043874212321579,1786043874.210546147,/novatel/oem7/bestvel,/novatel/oem7/bestpos,/novatel/oem7/bestvel,39.663,-75.756,33.181568936,0.001705500,-0.000243728,,,,320.493069031,novatel_oem7_msgs.msg.SolutionStatus(status=0),novatel_oem7_msgs.msg.PositionOrVelocityType(type=53)
1786043874215660380,1786043874.214828087,/novatel/oem7/odom,/novatel/oem7/bestpos,/novatel/oem7/odom,39.663,-75.756,33.181568936,0.001372636,-0.000264230,-0.000746547,0.001151867,-0.000264230,,,
1786043874226708902,1786043874.225956654,/novatel/oem7/inspva,/novatel/oem7/inspva,/novatel/oem7/inspva,39.663,-75.756,-1.800819872,0.001447512,0.000073092,0.000977386,-0.001067712,0.000073092,,novatel_oem7_msgs.msg.InertialSolutionStatus(status=3),
1786043874228123256,1786043874.226125589,/novatel/oem7/fix,/novatel/oem7/fix,/novatel/oem7/inspva,39.663,-75.756,-1.800819872,0.001447512,0.000073092,0.000977386,-0.001067712,0.000073092,,0,
1786043874229202514,1786043874.226574684,/novatel/oem7/odom,/novatel/oem7/fix,/novatel/oem7/odom,39.663,-75.756,-1.800819872,0.001447550,0.000072339,-0.001013847,0.001033206,0.000072339,,,
1786043874235121914,1786043874.234351406,/novatel/oem7/odom,/novatel/oem7/fix,/novatel/oem7/odom,39.663,-75.756,-1.800819872,0.001447550,0.000072339,-0.001013847,0.001033206,0.000072339,,,
1786043874245793503,1786043874.245009662,/novatel/oem7/inspva,/novatel/oem7/inspva,/novatel/oem7/inspva,39.663,-75.756,-1.800827181,0.001361102,-0.000072204,0.001135090,-0.000751112,-0.000072204,,novatel_oem7_msgs.msg.InertialSolutionStatus(status=3),
1786043874247278925,1786043874.245190677,/novatel/oem7/fix,/novatel/oem7/fix,/novatel/oem7/inspva,39.663,-75.756,-1.800827181,0.001361102,-0.000072204,0.001135090,-0.000751112,-0.000072204,,0,
1786043874248383083,1786043874.245680818,/novatel/oem7/odom,/novatel/oem7/fix,/novatel/oem7/odom,39.663,-75.756,-1.800827181,0.001361145,-0.000071390,-0.000688683,0.001174066,-0.000071390,,,
1786043874257122692,1786043874.256319610,/novatel/oem7/odom,/novatel/oem7/fix,/novatel/oem7/odom,39.663,-75.756,-1.800827181,0.001361145,-0.000071390,-0.000688683,0.001174066,-0.000071390,,,
1786043874265806920,1786043874.265059549,/novatel/oem7/inspva,/novatel/oem7/inspva,/novatel/oem7/inspva,39.663,-75.756,-1.800832561,0.001426804,-0.000075525,0.000914804,-0.001094945,-0.000075525,,novatel_oem7_msgs.msg.InertialSolutionStatus(status=3),
1786043874267209931,1786043874.265238211,/novatel/oem7/fix,/novatel/oem7/fix,/novatel/oem7/inspva,39.663,-75.756,-1.800832561,0.001426804,-0.000075525,0.000914804,-0.001094945,-0.000075525,,0,
1786043874268465394,1786043874.265633852,/novatel/oem7/odom,/novatel/oem7/fix,/novatel/oem7/odom,39.663,-75.756,-1.800832561,0.001426749,-0.000076558,-0.001043858,0.000972612,-0.000076558,,,
1786043874275068338,1786043874.274255123,/novatel/oem7/odom,/novatel/oem7/fix,/novatel/oem7/odom,39.663,-75.756,-1.800832561,0.001426749,-0.000076558,-0.001043858,0.000972612,-0.000076558,,,
1786043874287091157,1786043874.286311179,/novatel/oem7/inspva,/novatel/oem7/inspva,/novatel/oem7/inspva,39.663,-75.756,-1.800839014,0.001094036,-0.000137192,0.000889118,-0.000637481,-0.000137192,,novatel_oem7_msgs.msg.InertialSolutionStatus(status=3),
1786043874288528602,1786043874.286493264,/novatel/oem7/fix,/novatel/oem7/fix,/novatel/oem7/inspva,39.663,-75.756,-1.800839014,0.001094036,-0.000137192,0.000889118,-0.000637481,-0.000137192,,0,
1786043874289638770,1786043874.286835248,/novatel/oem7/odom,/novatel/oem7/fix,/novatel/oem7/odom,39.663,-75.756,-1.800839014,0.001094096,-0.000136711,-0.000588217,0.000922522,-0.000136711,,,
1786043874295802932,1786043874.294989398,/novatel/oem7/odom,/novatel/oem7/fix,/novatel/oem7/odom,39.663,-75.756,-1.800839014,0.001094096,-0.000136711,-0.000588217,0.000922522,-0.000136711,,,
1786043874306647273,1786043874.305835638,/novatel/oem7/inspva,/novatel/oem7/inspva,/novatel/oem7/inspva,39.663,-75.756,-1.800845115,0.001306693,0.000003786,0.000691360,-0.001108814,0.000003786,,novatel_oem7_msgs.msg.InertialSolutionStatus(status=3),
1786043874308140445,1786043874.306025550,/novatel/oem7/fix,/novatel/oem7/fix,/novatel/oem7/inspva,39.663,-75.756,-1.800845115,0.001306693,0.000003786,0.000691360,-0.001108814,0.000003786,,0,
1786043874309284137,1786043874.306473521,/novatel/oem7/odom,/novatel/oem7/fix,/novatel/oem7/odom,39.663,-75.756,-1.800845115,0.001306697,0.000002048,-0.001070011,0.000750023,0.000002048,,,
1786043874311054295,1786043874.309313337,/novatel/oem7/bestpos,/novatel/oem7/bestpos,/novatel/oem7/odom,39.663,-75.756,33.181535020,0.001306697,0.000002048,-0.001070011,0.000750023,0.000002048,,novatel_oem7_msgs.msg.SolutionStatus(status=0),novatel_oem7_msgs.msg.PositionOrVelocityType(type=53)
1786043874312005034,1786043874.309900243,/novatel/oem7/bestvel,/novatel/oem7/bestpos,/novatel/oem7/bestvel,39.663,-75.756,33.181535020,0.001198521,0.000031101,,,,299.380720089,novatel_oem7_msgs.msg.SolutionStatus(status=0),novatel_oem7_msgs.msg.PositionOrVelocityType(type=53)
1786043874316085839,1786043874.315327470,/novatel/oem7/odom,/novatel/oem7/bestpos,/novatel/oem7/odom,39.663,-75.756,33.181535020,0.001306697,0.000002048,-0.001070011,0.000750023,0.000002048,,,
1786043874325676742,1786043874.325217676,/novatel/oem7/inspva,/novatel/oem7/inspva,/novatel/oem7/inspva,39.663,-75.756,-1.800853672,0.001001217,-0.000293906,0.000564042,-0.000827220,-0.000293906,,novatel_oem7_msgs.msg.InertialSolutionStatus(status=3),
1786043874326400834,1786043874.325395774,/novatel/oem7/fix,/novatel/oem7/fix,/novatel/oem7/inspva,39.663,-75.756,-1.800853672,0.001001217,-0.000293906,0.000564042,-0.000827220,-0.000293906,,0,
1786043874326990478,1786043874.325998174,/novatel/oem7/odom,/novatel/oem7/fix,/novatel/oem7/odom,39.663,-75.756,-1.800853672,0.001000878,-0.000295059,-0.000794606,0.000608570,-0.000295059,,,
1786043874335261863,1786043874.334821000,/novatel/oem7/odom,/novatel/oem7/fix,/novatel/oem7/odom,39.663,-75.756,-1.800853672,0.001000878,-0.000295059,-0.000794606,0.000608570,-0.000295059,,,
1786043874346536343,1786043874.346090792,/novatel/oem7/inspva,/novatel/oem7/inspva,/novatel/oem7/inspva,39.663,-75.756,-1.800860811,0.001038316,-0.000169343,0.000472820,-0.000924414,-0.000169343,,novatel_oem7_msgs.msg.InertialSolutionStatus(status=3),
1786043874347271515,1786043874.346278133,/novatel/oem7/fix,/novatel/oem7/fix,/novatel/oem7/inspva,39.663,-75.756,-1.800860811,0.001038316,-0.000169343,0.000472820,-0.000924414,-0.000169343,,0,
1786043874347852921,1786043874.346686745,/novatel/oem7/odom,/novatel/oem7/fix,/novatel/oem7/odom,39.663,-75.756,-1.800860811,0.001038029,-0.000171094,-0.000897016,0.000522366,-0.000171094,,,
1786043874356442574,1786043874.355871954,/novatel/oem7/odom,/novatel/oem7/fix,/novatel/oem7/odom,39.663,-75.756,-1.800860811,0.001038029,-0.000171094,-0.000897016,0.000522366,-0.000171094,,,
1786043874365584767,1786043874.365131595,/novatel/oem7/inspva,/novatel/oem7/inspva,/novatel/oem7/inspva,39.663,-75.756,-1.800869916,0.000773825,-0.000190416,0.000334211,-0.000697931,-0.000190416,,novatel_oem7_msgs.msg.InertialSolutionStatus(status=3),
1786043874366324236,1786043874.365306670,/novatel/oem7/fix,/novatel/oem7/fix,/novatel/oem7/inspva,39.663,-75.756,-1.800869916,0.000773825,-0.000190416,0.000334211,-0.000697931,-0.000190416,,0,
1786043874366793908,1786043874.365828706,/novatel/oem7/odom,/novatel/oem7/fix,/novatel/oem7/odom,39.663,-75.756,-1.800869916,0.000773480,-0.000191812,-0.000678247,0.000371823,-0.000191812,,,
1786043874376065431,1786043874.375542239,/novatel/oem7/odom,/novatel/oem7/fix,/novatel/oem7/odom,39.663,-75.756,-1.800869916,0.000773480,-0.000191812,-0.000678247,0.000371823,-0.000191812,,,
1786043874385653321,1786043874.385261407,/novatel/oem7/inspva,/novatel/oem7/inspva,/novatel/oem7/inspva,39.663,-75.756,-1.800880329,0.000884328,-0.000351721,0.000325356,-0.000822302,-0.000351721,,novatel_oem7_msgs.msg.InertialSolutionStatus(status=3),
1786043874386276288,1786043874.385452833,/novatel/oem7/fix,/novatel/oem7/fix,/novatel/oem7/inspva,39.663,-75.756,-1.800880329,0.000884328,-0.000351721,0.000325356,-0.000822302,-0.000351721,,0,
1786043874386756154,1786043874.385843250,/novatel/oem7/odom,/novatel/oem7/fix,/novatel/oem7/odom,39.663,-75.756,-1.800880329,0.000883594,-0.000353562,-0.000802339,0.000370122,-0.000353562,,,
1786043874394885624,1786043874.394365203,/novatel/oem7/odom,/novatel/oem7/fix,/novatel/oem7/odom,39.663,-75.756,-1.800880329,0.000883594,-0.000353562,-0.000802339,0.000370122,-0.000353562,,,
1786043874406935360,1786043874.406540574,/novatel/oem7/inspva,/novatel/oem7/inspva,/novatel/oem7/inspva,39.663,-75.756,-1.800886173,0.000945972,-0.000051614,0.000331185,-0.000886104,-0.000051614,,novatel_oem7_msgs.msg.InertialSolutionStatus(status=3),
1786043874407637330,1786043874.406727819,/novatel/oem7/fix,/novatel/oem7/fix,/novatel/oem7/inspva,39.663,-75.756,-1.800886173,0.000945972,-0.000051614,0.000331185,-0.000886104,-0.000051614,,0,
1786043874408106001,1786043874.407126440,/novatel/oem7/odom,/novatel/oem7/fix,/novatel/oem7/odom,39.663,-75.756,-1.800886173,0.000945859,-0.000053655,-0.000866808,0.000378540,-0.000053655,,,
1786043874410642236,1786043874.410249492,/novatel/oem7/bestpos,/novatel/oem7/bestpos,/novatel/oem7/odom,39.663,-75.756,33.181509489,0.000945859,-0.000053655,-0.000866808,0.000378540,-0.000053655,,novatel_oem7_msgs.msg.SolutionStatus(status=0),novatel_oem7_msgs.msg.PositionOrVelocityType(type=53)
1786043874411298065,1786043874.410670363,/novatel/oem7/bestvel,/novatel/oem7/bestpos,/novatel/oem7/bestvel,39.663,-75.756,33.181509489,0.001244209,0.000317820,,,,270.547705550,novatel_oem7_msgs.msg.SolutionStatus(status=0),novatel_oem7_msgs.msg.PositionOrVelocityType(type=53)
1786043874415631961,1786043874.415243309,/novatel/oem7/odom,/novatel/oem7/bestpos,/novatel/oem7/odom,39.663,-75.756,33.181509489,0.000945859,-0.000053655,-0.000866808,0.000378540,-0.000053655,,,
1786043874425657839,1786043874.425174930,/novatel/oem7/inspva,/novatel/oem7/inspva,/novatel/oem7/inspva,39.663,-75.756,-1.800894774,0.000948429,-0.000057116,0.000177883,-0.000931598,-0.000057116,,novatel_oem7_msgs.msg.InertialSolutionStatus(status=3),
1786043874426303956,1786043874.425378233,/novatel/oem7/fix,/novatel/oem7/fix,/novatel/oem7/inspva,39.663,-75.756,-1.800894774,0.000948429,-0.000057116,0.000177883,-0.000931598,-0.000057116,,0,
1786043874426790402,1786043874.425645789,/novatel/oem7/odom,/novatel/oem7/fix,/novatel/oem7/odom,39.663,-75.756,-1.800894774,0.000948265,-0.000059768,-0.000920466,0.000227924,-0.000059768,,,
1786043874435877713,1786043874.435520717,/novatel/oem7/odom,/novatel/oem7/fix,/novatel/oem7/odom,39.663,-75.756,-1.800894774,0.000948265,-0.000059768,-0.000920466,0.000227924,-0.000059768,,,
1786043874445806319,1786043874.445361760,/novatel/oem7/inspva,/novatel/oem7/inspva,/novatel/oem7/inspva,39.663,-75.756,-1.800901055,0.000905434,-0.000039762,0.000075674,-0.000902266,-0.000039762,,novatel_oem7_msgs.msg.InertialSolutionStatus(status=3),
1786043874446478261,1786043874.445552998,/novatel/oem7/fix,/novatel/oem7/fix,/novatel/oem7/inspva,39.663,-75.756,-1.800901055,0.000905434,-0.000039762,0.000075674,-0.000902266,-0.000039762,,0,
1786043874446998875,1786043874.446105484,/novatel/oem7/odom,/novatel/oem7/fix,/novatel/oem7/odom,39.663,-75.756,-1.800901055,0.000905304,-0.000042617,-0.000896740,0.000124229,-0.000042617,,,
1786043874457416431,1786043874.456309741,/novatel/oem7/odom,/novatel/oem7/fix,/novatel/oem7/odom,39.663,-75.756,-1.800901055,0.000905304,-0.000042617,-0.000896740,0.000124229,-0.000042617,,,
1786043874468963998,1786043874.466026837,/novatel/oem7/inspva,/novatel/oem7/inspva,/novatel/oem7/inspva,39.663,-75.756,-1.800909164,0.000917119,-0.000086269,0.000192704,-0.000896645,-0.000086269,,novatel_oem7_msgs.msg.InertialSolutionStatus(status=3),
1786043874476904401,1786043874.466232819,/novatel/oem7/fix,/novatel/oem7/fix,/novatel/oem7/inspva,39.663,-75.756,-1.800909164,0.000917119,-0.000086269,0.000192704,-0.000896645,-0.000086269,,0,
1786043874478765058,1786043874.466853079,/novatel/oem7/odom,/novatel/oem7/fix,/novatel/oem7/odom,39.663,-75.756,-1.800909164,0.000916881,-0.000088757,-0.000884663,0.000240922,-0.000088757,,,
1786043874479443536,1786043874.474658818,/novatel/oem7/odom,/novatel/oem7/fix,/novatel/oem7/odom,39.663,-75.756,-1.800909164,0.000916881,-0.000088757,-0.000884663,0.000240922,-0.000088757,,,
1786043874485732832,1786043874.485285653,/novatel/oem7/inspva,/novatel/oem7/inspva,/novatel/oem7/inspva,39.663,-75.756,-1.800913407,0.001030730,0.000052373,0.000224908,-0.001005893,0.000052373,,novatel_oem7_msgs.msg.InertialSolutionStatus(status=3),
1786043874486354955,1786043874.485463422,/novatel/oem7/fix,/novatel/oem7/fix,/novatel/oem7/inspva,39.663,-75.756,-1.800913407,0.001030730,0.000052373,0.000224908,-0.001005893,0.000052373,,0,
1786043874486902453,1786043874.486008324,/novatel/oem7/odom,/novatel/oem7/fix,/novatel/oem7/odom,39.663,-75.756,-1.800913407,0.001030867,0.000049602,-0.000992516,0.000278566,0.000049602,,,
1786043874495904432,1786043874.495560048,/novatel/oem7/odom,/novatel/oem7/fix,/novatel/oem7/odom,39.663,-75.756,-1.800913407,0.001030867,0.000049602,-0.000992516,0.000278566,0.000049602,,,
1786043874506393509,1786043874.506120962,/novatel/oem7/inspva,/novatel/oem7/inspva,/novatel/oem7/inspva,39.663,-75.756,-1.800919098,0.000922140,-0.000109106,0.000284186,-0.000877257,-0.000109106,,novatel_oem7_msgs.msg.InertialSolutionStatus(status=3),
1786043874507306766,1786043874.506269613,/novatel/oem7/fix,/novatel/oem7/fix,/novatel/oem7/inspva,39.663,-75.756,-1.800919098,0.000922140,-0.000109106,0.000284186,-0.000877257,-0.000109106,,0,
1786043874508052856,1786043874.506739791,/novatel/oem7/odom,/novatel/oem7/fix,/novatel/oem7/odom,39.663,-75.756,-1.800919098,0.000921882,-0.000111264,-0.000860300,0.000331286,-0.000111264,,,
1786043874511610799,1786043874.511133716,/novatel/oem7/bestpos,/novatel/oem7/bestpos,/novatel/oem7/odom,39.663,-75.756,33.181471040,0.000921882,-0.000111264,-0.000860300,0.000331286,-0.000111264,,novatel_oem7_msgs.msg.SolutionStatus(status=0),novatel_oem7_msgs.msg.PositionOrVelocityType(type=53)
1786043874512631845,1786043874.511497857,/novatel/oem7/bestvel,/novatel/oem7/bestpos,/novatel/oem7/bestvel,39.663,-75.756,33.181471040,0.000789046,-0.000328316,,,,305.267821665,novatel_oem7_msgs.msg.SolutionStatus(status=0),novatel_oem7_msgs.msg.PositionOrVelocityType(type=53)
1786043874514949286,1786043874.514452060,/novatel/oem7/odom,/novatel/oem7/bestpos,/novatel/oem7/odom,39.663,-75.756,33.181471040,0.000921882,-0.000111264,-0.000860300,0.000331286,-0.000111264,,,
1786043874526976471,1786043874.526555437,/novatel/oem7/inspva,/novatel/oem7/inspva,/novatel/oem7/inspva,39.663,-75.756,-1.800921920,0.000854214,0.000202485,0.000029425,-0.000853707,0.000202485,,novatel_oem7_msgs.msg.InertialSolutionStatus(status=3),
1786043874528003759,1786043874.526720132,/novatel/oem7/fix,/novatel/oem7/fix,/novatel/oem7/inspva,39.663,-75.756,-1.800921920,0.000854214,0.000202485,0.000029425,-0.000853707,0.000202485,,0,
1786043874528770481,1786043874.527198027,/novatel/oem7/odom,/novatel/oem7/fix,/novatel/oem7/odom,39.663,-75.756,-1.800921920,0.000854883,0.000199643,-0.000851607,0.000074765,0.000199643,,,
1786043874535608272,1786043874.535198021,/novatel/oem7/odom,/novatel/oem7/fix,/novatel/oem7/odom,39.663,-75.756,-1.800921920,0.000854883,0.000199643,-0.000851607,0.000074765,0.000199643,,,
1786043874545358326,1786043874.545010391,/novatel/oem7/inspva,/novatel/oem7/inspva,/novatel/oem7/inspva,39.663,-75.756,-1.800926919,0.000773135,0.000022672,0.000217090,-0.000742031,0.000022672,,novatel_oem7_msgs.msg.InertialSolutionStatus(status=3),
1786043874546081839,1786043874.545167287,/novatel/oem7/fix,/novatel/oem7/fix,/novatel/oem7/inspva,39.663,-75.756,-1.800926919,0.000773135,0.000022672,0.000217090,-0.000742031,0.000022672,,0,
1786043874546632654,1786043874.545719175,/novatel/oem7/odom,/novatel/oem7/fix,/novatel/oem7/odom,39.663,-75.756,-1.800926919,0.000773189,0.000020776,-0.000729349,0.000256654,0.000020776,,,
1786043874555941851,1786043874.555559813,/novatel/oem7/odom,/novatel/oem7/fix,/novatel/oem7/odom,39.663,-75.756,-1.800926919,0.000773189,0.000020776,-0.000729349,0.000256654,0.000020776,,,
1786043874566798200,1786043874.566477784,/novatel/oem7/inspva,/novatel/oem7/inspva,/novatel/oem7/inspva,39.663,-75.756,-1.800927789,0.000730817,0.000248578,0.000008939,-0.000730763,0.000248578,,novatel_oem7_msgs.msg.InertialSolutionStatus(status=3),
1786043874567462238,1786043874.566648872,/novatel/oem7/fix,/novatel/oem7/fix,/novatel/oem7/inspva,39.663,-75.756,-1.800927789,0.000730817,0.000248578,0.000008939,-0.000730763,0.000248578,,0,
1786043874568344319,1786043874.567073150,/novatel/oem7/odom,/novatel/oem7/fix,/novatel/oem7/odom,39.663,-75.756,-1.800927789,0.000731656,0.000246098,-0.000730109,0.000047558,0.000246098,,,
1786043874575255453,1786043874.574589803,/novatel/oem7/odom,/novatel/oem7/fix,/novatel/oem7/odom,39.663,-75.756,-1.800927789,0.000731656,0.000246098,-0.000730109,0.000047558,0.000246098,,,
1786043874586483348,1786043874.585944788,/novatel/oem7/inspva,/novatel/oem7/inspva,/novatel/oem7/inspva,39.663,-75.756,-1.800932141,0.000540918,0.000125448,0.000284821,-0.000459858,0.000125448,,novatel_oem7_msgs.msg.InertialSolutionStatus(status=3),
1786043874587812174,1786043874.586098587,/novatel/oem7/fix,/novatel/oem7/fix,/novatel/oem7/inspva,39.663,-75.756,-1.800932141,0.000540918,0.000125448,0.000284821,-0.000459858,0.000125448,,0,
1786043874589032974,1786043874.586462307,/novatel/oem7/odom,/novatel/oem7/fix,/novatel/oem7/odom,39.663,-75.756,-1.800932141,0.000541087,0.000124717,-0.000444310,0.000308810,0.000124717,,,
1786043874595133446,1786043874.594467082,/novatel/oem7/odom,/novatel/oem7/fix,/novatel/oem7/odom,39.663,-75.756,-1.800932141,0.000541087,0.000124717,-0.000444310,0.000308810,0.000124717,,,
1786043874606946722,1786043874.606412824,/novatel/oem7/inspva,/novatel/oem7/inspva,/novatel/oem7/inspva,39.663,-75.756,-1.800934114,0.000661148,0.000006572,0.000199883,-0.000630209,0.000006572,,novatel_oem7_msgs.msg.InertialSolutionStatus(status=3),
1786043874608256949,1786043874.606572365,/novatel/oem7/fix,/novatel/oem7/fix,/novatel/oem7/inspva,39.663,-75.756,-1.800934114,0.000661148,0.000006572,0.000199883,-0.000630209,0.000006572,,0,
1786043874609318200,1786043874.606919216,/novatel/oem7/odom,/novatel/oem7/fix,/novatel/oem7/odom,39.663,-75.756,-1.800934114,0.000661162,0.000005005,-0.000618556,0.000233503,0.000005005,,,
1786043874610800282,1786043874.610027848,/novatel/oem7/bestpos,/novatel/oem7/bestpos,/novatel/oem7/odom,39.663,-75.756,33.181456790,0.000661162,0.000005005,-0.000618556,0.000233503,0.000005005,,novatel_oem7_msgs.msg.SolutionStatus(status=0),novatel_oem7_msgs.msg.PositionOrVelocityType(type=53)
1786043874612194526,1786043874.610409715,/novatel/oem7/bestvel,/novatel/oem7/bestpos,/novatel/oem7/bestvel,39.663,-75.756,33.181456790,0.000863916,-0.000220778,,,,313.093778362,novatel_oem7_msgs.msg.SolutionStatus(status=0),novatel_oem7_msgs.msg.PositionOrVelocityType(type=53)
1786043874615969281,1786043874.615308088,/novatel/oem7/odom,/novatel/oem7/bestpos,/novatel/oem7/odom,39.663,-75.756,33.181456790,0.000661162,0.000005005,-0.000618556,0.000233503,0.000005005,,,
1786043874626440201,1786043874.625902976,/novatel/oem7/inspva,/novatel/oem7/inspva,/novatel/oem7/inspva,39.663,-75.756,-1.800936029,0.000699912,0.000058769,0.000435470,-0.000547944,0.000058769,,novatel_oem7_msgs.msg.InertialSolutionStatus(status=3),
1786043874627868899,1786043874.626048274,/novatel/oem7/fix,/novatel/oem7/fix,/novatel/oem7/inspva,39.663,-75.756,-1.800936029,0.000699912,0.000058769,0.000435470,-0.000547944,0.000058769,,0,
1786043874628957347,1786043874.626500579,/novatel/oem7/odom,/novatel/oem7/fix,/novatel/oem7/odom,39.663,-75.756,-1.800936029,0.000699961,0.000058184,-0.000523917,0.000464172,0.000058184,,,
1786043874635040305,1786043874.634310451,/novatel/oem7/odom,/novatel/oem7/fix,/novatel/oem7/odom,39.663,-75.756,-1.800936029,0.000699961,0.000058184,-0.000523917,0.000464172,0.000058184,,,
1786043874646675384,1786043874.646101435,/novatel/oem7/inspva,/novatel/oem7/inspva,/novatel/oem7/inspva,39.663,-75.756,-1.800936162,0.000687670,0.000322809,0.000404711,-0.000555967,0.000322809,,novatel_oem7_msgs.msg.InertialSolutionStatus(status=3),
1786043874648023721,1786043874.646241577,/novatel/oem7/fix,/novatel/oem7/fix,/novatel/oem7/inspva,39.663,-75.756,-1.800936162,0.000687670,0.000322809,0.000404711,-0.000555967,0.000322809,,0,
1786043874649105512,1786043874.646832089,/novatel/oem7/odom,/novatel/oem7/fix,/novatel/oem7/odom,39.663,-75.756,-1.800936162,0.000688004,0.000322097,-0.000534530,0.000433159,0.000322097,,,
1786043874657483627,1786043874.656795310,/novatel/oem7/odom,/novatel/oem7/fix,/novatel/oem7/odom,39.663,-75.756,-1.800936162,0.000688004,0.000322097,-0.000534530,0.000433159,0.000322097,,,
1786043874665605780,1786043874.665002711,/novatel/oem7/inspva,/novatel/oem7/inspva,/novatel/oem7/inspva,39.663,-75.756,-1.800939022,0.000538942,0.000134502,0.000462057,-0.000277420,0.000134502,,novatel_oem7_msgs.msg.InertialSolutionStatus(status=3),
1786043874666998414,1786043874.665163686,/novatel/oem7/fix,/novatel/oem7/fix,/novatel/oem7/inspva,39.663,-75.756,-1.800939022,0.000538942,0.000134502,0.000462057,-0.000277420,0.000134502,,0,
1786043874668107429,1786043874.665617100,/novatel/oem7/odom,/novatel/oem7/fix,/novatel/oem7/odom,39.663,-75.756,-1.800939022,0.000538836,0.000134926,-0.000252628,0.000475945,0.000134926,,,
1786043874675075973,1786043874.674329666,/novatel/oem7/odom,/novatel/oem7/fix,/novatel/oem7/odom,39.663,-75.756,-1.800939022,0.000538836,0.000134926,-0.000252628,0.000475945,0.000134926,,,
1786043874687016738,1786043874.686494487,/novatel/oem7/inspva,/novatel/oem7/inspva,/novatel/oem7/inspva,39.663,-75.756,-1.800937257,0.000646744,0.000217755,0.000430871,-0.000482315,0.000217755,,novatel_oem7_msgs.msg.InertialSolutionStatus(status=3),
1786043874688405486,1786043874.686654581,/novatel/oem7/fix,/novatel/oem7/fix,/novatel/oem7/inspva,39.663,-75.756,-1.800937257,0.000646744,0.000217755,0.000430871,-0.000482315,0.000217755,,0,
1786043874689560718,1786043874.687395236,/novatel/oem7/odom,/novatel/oem7/fix,/novatel/oem7/odom,39.663,-75.756,-1.800937257,0.000646868,0.000217387,-0.000459201,0.000455601,0.000217387,,,
1786043874695238592,1786043874.694556239,/novatel/oem7/odom,/novatel/oem7/fix,/novatel/oem7/odom,39.663,-75.756,-1.800937257,0.000646868,0.000217387,-0.000459201,0.000455601,0.000217387,,,
1786043874706213324,1786043874.705711229,/novatel/oem7/inspva,/novatel/oem7/inspva,/novatel/oem7/inspva,39.663,-75.756,-1.800936435,0.000296953,0.000242002,0.000182392,-0.000234338,0.000242002,,novatel_oem7_msgs.msg.InertialSolutionStatus(status=3),
1786043874707666959,1786043874.705862224,/novatel/oem7/fix,/novatel/oem7/fix,/novatel/oem7/inspva,39.663,-75.756,-1.800936435,0.000296953,0.000242002,0.000182392,-0.000234338,0.000242002,,0,
1786043874708757667,1786043874.706330922,/novatel/oem7/odom,/novatel/oem7/fix,/novatel/oem7/odom,39.663,-75.756,-1.800936435,0.000297167,0.000241739,-0.000225047,0.000194067,0.000241739,,,
1786043874710222025,1786043874.708786114,/novatel/oem7/bestpos,/novatel/oem7/bestpos,/novatel/oem7/odom,39.663,-75.756,33.181454771,0.000297167,0.000241739,-0.000225047,0.000194067,0.000241739,,novatel_oem7_msgs.msg.SolutionStatus(status=0),novatel_oem7_msgs.msg.PositionOrVelocityType(type=53)
1786043874711222622,1786043874.709157521,/novatel/oem7/bestvel,/novatel/oem7/bestpos,/novatel/oem7/bestvel,39.663,-75.756,33.181454771,0.000383635,0.000289785,,,,299.372827381,novatel_oem7_msgs.msg.SolutionStatus(status=0),novatel_oem7_msgs.msg.PositionOrVelocityType(type=53)
1786043874715128581,1786043874.714444998,/novatel/oem7/odom,/novatel/oem7/bestpos,/novatel/oem7/odom,39.663,-75.756,33.181454771,0.000297167,0.000241739,-0.000225047,0.000194067,0.000241739,,,
1786043874726545645,1786043874.725969265,/novatel/oem7/inspva,/novatel/oem7/inspva,/novatel/oem7/inspva,39.663,-75.756,-1.800933528,0.000571471,0.000243340,0.000302592,-0.000484786,0.000243340,,novatel_oem7_msgs.msg.InertialSolutionStatus(status=3),
1786043874727904309,1786043874.726130554,/novatel/oem7/fix,/novatel/oem7/fix,/novatel/oem7/inspva,39.663,-75.756,-1.800933528,0.000571471,0.000243340,0.000302592,-0.000484786,0.000243340,,0,
1786043874728974683,1786043874.726564861,/novatel/oem7/odom,/novatel/oem7/fix,/novatel/oem7/odom,39.663,-75.756,-1.800933528,0.000571795,0.000242577,-0.000468663,0.000327574,0.000242577,,,
1786043874735380111,1786043874.734716154,/novatel/oem7/odom,/novatel/oem7/fix,/novatel/oem7/odom,39.663,-75.756,-1.800933528,0.000571795,0.000242577,-0.000468663,0.000327574,0.000242577,,,
1786043874746508798,1786043874.745955696,/novatel/oem7/inspva,/novatel/oem7/inspva,/novatel/oem7/inspva,39.663,-75.756,-1.800928254,0.000382342,0.000362065,0.000271493,-0.000269216,0.000362065,,novatel_oem7_msgs.msg.InertialSolutionStatus(status=3),
1786043874747902962,1786043874.746106067,/novatel/oem7/fix,/novatel/oem7/fix,/novatel/oem7/inspva,39.663,-75.756,-1.800928254,0.000382342,0.000362065,0.000271493,-0.000269216,0.000362065,,0,
1786043874749011094,1786043874.746470454,/novatel/oem7/odom,/novatel/oem7/fix,/novatel/oem7/odom,39.663,-75.756,-1.800928254,0.000382456,0.000361945,-0.000255509,0.000284582,0.000361945,,,
1786043874756252494,1786043874.755586237,/novatel/oem7/odom,/novatel/oem7/fix,/novatel/oem7/odom,39.663,-75.756,-1.800928254,0.000382456,0.000361945,-0.000255509,0.000284582,0.000361945,,,
1786043874765593943,1786043874.764978526,/novatel/oem7/inspva,/novatel/oem7/inspva,/novatel/oem7/inspva,39.663,-75.756,-1.800923041,0.000462177,0.000524335,0.000379478,-0.000263824,0.000524335,,novatel_oem7_msgs.msg.InertialSolutionStatus(status=3),
1786043874767005353,1786043874.765151608,/novatel/oem7/fix,/novatel/oem7/fix,/novatel/oem7/inspva,39.663,-75.756,-1.800923041,0.000462177,0.000524335,0.000379478,-0.000263824,0.000524335,,0,
1786043874768139045,1786043874.765504732,/novatel/oem7/odom,/novatel/oem7/fix,/novatel/oem7/odom,39.663,-75.756,-1.800923041,0.000461930,0.000524552,-0.000244901,0.000391667,0.000524552,,,
1786043874776094343,1786043874.775416216,/novatel/oem7/odom,/novatel/oem7/fix,/novatel/oem7/odom,39.663,-75.756,-1.800923041,0.000461930,0.000524552,-0.000244901,0.000391667,0.000524552,,,
1786043874785396837,1786043874.784873939,/novatel/oem7/inspva,/novatel/oem7/inspva,/novatel/oem7/inspva,39.663,-75.756,-1.800918916,0.000299095,0.000477874,0.000157173,-0.000254470,0.000477874,,novatel_oem7_msgs.msg.InertialSolutionStatus(status=3),
1786043874786863032,1786043874.785090317,/novatel/oem7/fix,/novatel/oem7/fix,/novatel/oem7/inspva,39.663,-75.756,-1.800918916,0.000299095,0.000477874,0.000157173,-0.000254470,0.000477874,,0,
1786043874787989737,1786043874.785516699,/novatel/oem7/odom,/novatel/oem7/fix,/novatel/oem7/odom,39.663,-75.756,-1.800918916,0.000299747,0.000477466,-0.000247349,0.000169311,0.000477466,,,
1786043874795040116,1786043874.794320395,/novatel/oem7/odom,/novatel/oem7/fix,/novatel/oem7/odom,39.663,-75.756,-1.800918916,0.000299747,0.000477466,-0.000247349,0.000169311,0.000477466,,,
1786043874806914124,1786043874.806357508,/novatel/oem7/inspva,/novatel/oem7/inspva,/novatel/oem7/inspva,39.663,-75.756,-1.800914297,0.000410580,0.000164403,0.000357888,-0.000201226,0.000164403,,novatel_oem7_msgs.msg.InertialSolutionStatus(status=3),
1786043874808274244,1786043874.806574920,/novatel/oem7/fix,/novatel/oem7/fix,/novatel/oem7/inspva,39.663,-75.756,-1.800914297,0.000410580,0.000164403,0.000357888,-0.000201226,0.000164403,,0,
1786043874809371462,1786043874.806959217,/novatel/oem7/odom,/novatel/oem7/fix,/novatel/oem7/odom,39.663,-75.756,-1.800914297,0.000410432,0.000164772,-0.000182256,0.000367746,0.000164772,,,
1786043874810924744,1786043874.810193390,/novatel/oem7/bestpos,/novatel/oem7/bestpos,/novatel/oem7/odom,39.663,-75.756,33.181487276,0.000410432,0.000164772,-0.000182256,0.000367746,0.000164772,,novatel_oem7_msgs.msg.SolutionStatus(status=0),novatel_oem7_msgs.msg.PositionOrVelocityType(type=53)
1786043874812364122,1786043874.810663362,/novatel/oem7/bestvel,/novatel/oem7/bestpos,/novatel/oem7/bestvel,39.663,-75.756,33.181487276,0.000185716,0.000389152,,,,186.895300615,novatel_oem7_msgs.msg.SolutionStatus(status=0),novatel_oem7_msgs.msg.PositionOrVelocityType(type=53)
1786043874815240755,1786043874.814548354,/novatel/oem7/odom,/novatel/oem7/bestpos,/novatel/oem7/odom,39.663,-75.756,33.181487276,0.000410432,0.000164772,-0.000182256,0.000367746,0.000164772,,,
1786043874825684035,1786043874.825104849,/novatel/oem7/inspva,/novatel/oem7/inspva,/novatel/oem7/inspva,39.663,-75.756,-1.800904312,0.000300637,0.000513212,0.000168525,-0.000248961,0.000513212,,novatel_oem7_msgs.msg.InertialSolutionStatus(status=3),
1786043874827082382,1786043874.825304947,/novatel/oem7/fix,/novatel/oem7/fix,/novatel/oem7/inspva,39.663,-75.756,-1.800904312,0.000300637,0.000513212,0.000168525,-0.000248961,0.000513212,,0,
1786043874828144926,1786043874.825688101,/novatel/oem7/odom,/novatel/oem7/fix,/novatel/oem7/odom,39.663,-75.756,-1.800904312,0.000301247,0.000512855,-0.000241365,0.000180257,0.000512855,,,
1786043874836300479,1786043874.835595212,/novatel/oem7/odom,/novatel/oem7/fix,/novatel/oem7/odom,39.663,-75.756,-1.800904312,0.000301247,0.000512855,-0.000241365,0.000180257,0.000512855,,,
1786043874845840766,1786043874.845310525,/novatel/oem7/inspva,/novatel/oem7/inspva,/novatel/oem7/inspva,39.663,-75.756,-1.800897783,0.000574895,0.000552186,0.000563027,-0.000116213,0.000552186,,novatel_oem7_msgs.msg.InertialSolutionStatus(status=3),
1786043874847248374,1786043874.845528480,/novatel/oem7/fix,/novatel/oem7/fix,/novatel/oem7/inspva,39.663,-75.756,-1.800897783,0.000574895,0.000552186,0.000563027,-0.000116213,0.000552186,,0,
1786043874848354932,1786043874.846117696,/novatel/oem7/odom,/novatel/oem7/fix,/novatel/oem7/odom,39.663,-75.756,-1.800897783,0.000573675,0.000553453,-0.000087715,0.000566930,0.000553453,,,
1786043874857101091,1786043874.856408631,/novatel/oem7/odom,/novatel/oem7/fix,/novatel/oem7/odom,39.663,-75.756,-1.800897783,0.000573675,0.000553453,-0.000087715,0.000566930,0.000553453,,,
1786043874866816244,1786043874.866120813,/novatel/oem7/inspva,/novatel/oem7/inspva,/novatel/oem7/inspva,39.663,-75.756,-1.800890522,0.000296436,0.000470335,0.000242455,-0.000170557,0.000470335,,novatel_oem7_msgs.msg.InertialSolutionStatus(status=3),
1786043874868225988,1786043874.866335715,/novatel/oem7/fix,/novatel/oem7/fix,/novatel/oem7/inspva,39.663,-75.756,-1.800890522,0.000296436,0.000470335,0.000242455,-0.000170557,0.000470335,,0,
1786043874869341016,1786043874.866968325,/novatel/oem7/odom,/novatel/oem7/fix,/novatel/oem7/odom,39.663,-75.756,-1.800890522,0.000296226,0.000470467,-0.000158939,0.000249977,0.000470467,,,
1786043874875194679,1786043874.874472672,/novatel/oem7/odom,/novatel/oem7/fix,/novatel/oem7/odom,39.663,-75.756,-1.800890522,0.000296226,0.000470467,-0.000158939,0.000249977,0.000470467,,,
1786043874885577875,1786043874.885048403,/novatel/oem7/inspva,/novatel/oem7/inspva,/novatel/oem7/inspva,39.663,-75.756,-1.800880393,0.000378900,0.000750075,0.000334284,0.000178379,0.000750075,,novatel_oem7_msgs.msg.InertialSolutionStatus(status=3),
1786043874886978542,1786043874.885142104,/novatel/oem7/fix,/novatel/oem7/fix,/novatel/oem7/inspva,39.663,-75.756,-1.800880393,0.000378900,0.000750075,0.000334284,0.000178379,0.000750075,,0,
1786043874888124101,1786043874.885576051,/novatel/oem7/odom,/novatel/oem7/fix,/novatel/oem7/odom,39.663,-75.756,-1.800880393,0.000375724,0.000751671,0.000193430,0.000322107,0.000751671,,,
1786043874895691951,1786043874.895005957,/novatel/oem7/odom,/novatel/oem7/fix,/novatel/oem7/odom,39.663,-75.756,-1.800880393,0.000375724,0.000751671,0.000193430,0.000322107,0.000751671,,,
1786043874906528519,1786043874.905805156,/novatel/oem7/inspva,/novatel/oem7/inspva,/novatel/oem7/inspva,39.663,-75.756,-1.800873463,0.000188378,0.000635551,0.000088319,0.000166391,0.000635551,,novatel_oem7_msgs.msg.InertialSolutionStatus(status=3),
1786043874908329343,1786043874.905914382,/novatel/oem7/fix,/novatel/oem7/fix,/novatel/oem7/inspva,39.663,-75.756,-1.800873463,0.000188378,0.000635551,0.000088319,0.000166391,0.000635551,,0,
1786043874909912269,1786043874.906414234,/novatel/oem7/odom,/novatel/oem7/fix,/novatel/oem7/odom,39.663,-75.756,-1.800873463,0.000185576,0.000636375,0.000168635,0.000077463,0.000636375,,,
1786043874911801758,1786043874.909117979,/novatel/oem7/bestpos,/novatel/oem7/bestpos,/novatel/oem7/odom,39.663,-75.756,33.181531729,0.000185576,0.000636375,0.000168635,0.000077463,0.000636375,,novatel_oem7_msgs.msg.SolutionStatus(status=0),novatel_oem7_msgs.msg.PositionOrVelocityType(type=53)
1786043874913062408,1786043874.909486030,/novatel/oem7/bestvel,/novatel/oem7/bestpos,/novatel/oem7/bestvel,39.663,-75.756,33.181531729,0.000228354,0.000615492,,,,13.440176572,novatel_oem7_msgs.msg.SolutionStatus(status=0),novatel_oem7_msgs.msg.PositionOrVelocityType(type=53)
1786043874915831213,1786043874.914347264,/novatel/oem7/odom,/novatel/oem7/bestpos,/novatel/oem7/odom,39.663,-75.756,33.181531729,0.000185576,0.000636375,0.000168635,0.000077463,0.000636375,,,
1786043874928172029,1786043874.926759908,/novatel/oem7/inspva,/novatel/oem7/inspva,/novatel/oem7/inspva,39.663,-75.756,-1.800866790,0.000312275,0.000389543,0.000298373,0.000092137,0.000389543,,novatel_oem7_msgs.msg.InertialSolutionStatus(status=3),
1786043874930415032,1786043874.927115148,/novatel/oem7/fix,/novatel/oem7/fix,/novatel/oem7/inspva,39.663,-75.756,-1.800866790,0.000312275,0.000389543,0.000298373,0.000092137,0.000389543,,0,
1786043874931563330,1786043874.927924967,/novatel/oem7/odom,/novatel/oem7/fix,/novatel/oem7/odom,39.663,-75.756,-1.800866790,0.000310784,0.000390733,0.000106681,0.000291901,0.000390733,,,
1786043874935394843,1786043874.934727772,/novatel/oem7/odom,/novatel/oem7/fix,/novatel/oem7/odom,39.663,-75.756,-1.800866790,0.000310784,0.000390733,0.000106681,0.000291901,0.000390733,,,
1786043874945652703,1786043874.945050853,/novatel/oem7/inspva,/novatel/oem7/inspva,/novatel/oem7/inspva,39.663,-75.756,-1.800859097,0.000130746,0.000345015,0.000127749,0.000027835,0.000345015,,novatel_oem7_msgs.msg.InertialSolutionStatus(status=3),
1786043874947039464,1786043874.945145837,/novatel/oem7/fix,/novatel/oem7/fix,/novatel/oem7/inspva,39.663,-75.756,-1.800859097,0.000130746,0.000345015,0.000127749,0.000027835,0.000345015,,0,
1786043874948097795,1786043874.945599193,/novatel/oem7/odom,/novatel/oem7/fix,/novatel/oem7/odom,39.663,-75.756,-1.800859097,0.000129501,0.000345484,0.000033444,0.000125108,0.000345484,,,
1786043874956874108,1786043874.956075230,/novatel/oem7/odom,/novatel/oem7/fix,/novatel/oem7/odom,39.663,-75.756,-1.800859097,0.000129501,0.000345484,0.000033444,0.000125108,0.000345484,,,
1786043874966189369,1786043874.965313020,/novatel/oem7/inspva,/novatel/oem7/inspva,/novatel/oem7/inspva,39.663,-75.756,-1.800847234,0.000637618,0.000949712,0.000611410,0.000180927,0.000949712,,novatel_oem7_msgs.msg.InertialSolutionStatus(status=3),
1786043874967979391,1786043874.965501835,/novatel/oem7/fix,/novatel/oem7/fix,/novatel/oem7/inspva,39.663,-75.756,-1.800847234,0.000637618,0.000949712,0.000611410,0.000180927,0.000949712,,0,
1786043874969125912,1786043874.966332871,/novatel/oem7/odom,/novatel/oem7/fix,/novatel/oem7/odom,39.663,-75.756,-1.800847234,0.000634006,0.000952127,0.000210191,0.000598150,0.000952127,,,
1786043874975946699,1786043874.974967866,/novatel/oem7/odom,/novatel/oem7/fix,/novatel/oem7/odom,39.663,-75.756,-1.800847234,0.000634006,0.000952127,0.000210191,0.000598150,0.000952127,,,
1786043874987161713,1786043874.986204534,/novatel/oem7/inspva,/novatel/oem7/inspva,/novatel/oem7/inspva,39.663,-75.756,-1.800844768,0.000315188,0.000440066,0.000271538,0.000160033,0.000440066,,novatel_oem7_msgs.msg.InertialSolutionStatus(status=3),
1786043874988984389,1786043874.986330703,/novatel/oem7/fix,/novatel/oem7/fix,/novatel/oem7/inspva,39.663,-75.756,-1.800844768,0.000315188,0.000440066,0.000271538,0.000160033,0.000440066,,0,
1786043874990314772,1786043874.987043202,/novatel/oem7/odom,/novatel/oem7/fix,/novatel/oem7/odom,39.663,-75.756,-1.800844768,0.000313303,0.000441410,0.000172853,0.000261305,0.000441410,,,
1786043874995172412,1786043874.994293526,/novatel/oem7/odom,/novatel/oem7/fix,/novatel/oem7/odom,39.663,-75.756,-1.800844768,0.000313303,0.000441410,0.000172853,0.000261305,0.000441410,,,
1786043875011278419,1786043875.010063953,/novatel/oem7/inspva,/novatel/oem7/inspva,/novatel/oem7/inspva,39.663,-75.756,-1.800835337,0.000443190,0.000659748,0.000408041,0.000172976,0.000659748,,novatel_oem7_msgs.msg.InertialSolutionStatus(status=3),
1786043875013404497,1786043875.010403210,/novatel/oem7/fix,/novatel/oem7/fix,/novatel/oem7/inspva,39.663,-75.756,-1.800835337,0.000443190,0.000659748,0.000408041,0.000172976,0.000659748,,0,
1786043875014911716,1786043875.011873958,/novatel/oem7/odom,/novatel/oem7/fix,/novatel/oem7/odom,39.663,-75.756,-1.800835337,0.000440515,0.000661537,0.000192354,0.000396299,0.000661537,,,
1786043875017771118,1786043875.016694244,/novatel/oem7/odom,/novatel/oem7/fix,/novatel/oem7/odom,39.663,-75.756,-1.800835337,0.000440515,0.000661537,0.000192354,0.000396299,0.000661537,,,
1786043875026401980,1786043875.025428143,/novatel/oem7/bestpos,/novatel/oem7/bestpos,/novatel/oem7/odom,39.663,-75.756,33.181582035,0.000440515,0.000661537,0.000192354,0.000396299,0.000661537,,novatel_oem7_msgs.msg.SolutionStatus(status=0),novatel_oem7_msgs.msg.PositionOrVelocityType(type=53)
1786043875028394640,1786043875.026407816,/novatel/oem7/bestvel,/novatel/oem7/bestpos,/novatel/oem7/bestvel,39.663,-75.756,33.181582035,0.000538472,0.000787003,,,,339.737428655,novatel_oem7_msgs.msg.SolutionStatus(status=0),novatel_oem7_msgs.msg.PositionOrVelocityType(type=53)
1786043875029452071,1786043875.026872438,/novatel/oem7/inspva,/novatel/oem7/inspva,/novatel/oem7/inspva,39.663,-75.756,-1.800829833,0.000445564,0.000580722,0.000340706,0.000287136,0.000580722,,novatel_oem7_msgs.msg.InertialSolutionStatus(status=3),
1786043875030281883,1786043875.027064020,/novatel/oem7/fix,/novatel/oem7/fix,/novatel/oem7/inspva,39.663,-75.756,-1.800829833,0.000445564,0.000580722,0.000340706,0.000287136,0.000580722,,0,
1786043875031379924,1786043875.027599122,/novatel/oem7/odom,/novatel/oem7/fix,/novatel/oem7/odom,39.663,-75.756,-1.800829833,0.000442970,0.000582704,0.000303001,0.000323129,0.000582704,,,
1786043875035580326,1786043875.034569616,/novatel/oem7/odom,/novatel/oem7/fix,/novatel/oem7/odom,39.663,-75.756,-1.800829833,0.000442970,0.000582704,0.000303001,0.000323129,0.000582704,,,
1786043875047561702,1786043875.046572425,/novatel/oem7/inspva,/novatel/oem7/inspva,/novatel/oem7/inspva,39.663,-75.756,-1.800828805,0.000445505,0.000552560,0.000336263,0.000292235,0.000552560,,novatel_oem7_msgs.msg.InertialSolutionStatus(status=3),
1786043875049703374,1786043875.046928842,/novatel/oem7/fix,/novatel/oem7/fix,/novatel/oem7/inspva,39.663,-75.756,-1.800828805,0.000445505,0.000552560,0.000336263,0.000292235,0.000552560,,0,
1786043875051294904,1786043875.047491198,/novatel/oem7/odom,/novatel/oem7/fix,/novatel/oem7/odom,39.663,-75.756,-1.800828805,0.000443036,0.000554541,0.000307960,0.000318499,0.000554541,,,
1786043875057804163,1786043875.056546363,/novatel/oem7/odom,/novatel/oem7/fix,/novatel/oem7/odom,39.663,-75.756,-1.800828805,0.000443036,0.000554541,0.000307960,0.000318499,0.000554541,,,
1786043875065848062,1786043875.065065627,/novatel/oem7/inspva,/novatel/oem7/inspva,/novatel/oem7/inspva,39.663,-75.756,-1.800827426,0.000567715,0.000471430,0.000458115,0.000335306,0.000471430,,novatel_oem7_msgs.msg.InertialSolutionStatus(status=3),
1786043875067511022,1786043875.065311710,/novatel/oem7/fix,/novatel/oem7/fix,/novatel/oem7/inspva,39.663,-75.756,-1.800827426,0.000567715,0.000471430,0.000458115,0.000335306,0.000471430,,0,
1786043875069081245,1786043875.065662480,/novatel/oem7/odom,/novatel/oem7/fix,/novatel/oem7/odom,39.663,-75.756,-1.800827426,0.000565637,0.000473921,0.000357819,0.000438076,0.000473921,,,
1786043875076791220,1786043875.075792869,/novatel/oem7/odom,/novatel/oem7/fix,/novatel/oem7/odom,39.663,-75.756,-1.800827426,0.000565637,0.000473921,0.000357819,0.000438076,0.000473921,,,
1786043875086112698,1786043875.085406704,/novatel/oem7/inspva,/novatel/oem7/inspva,/novatel/oem7/inspva,39.663,-75.756,-1.800821811,0.000827551,0.000756963,0.000490694,0.000666378,0.000756963,,novatel_oem7_msgs.msg.InertialSolutionStatus(status=3),
1786043875088913480,1786043875.085707637,/novatel/oem7/fix,/novatel/oem7/fix,/novatel/oem7/inspva,39.663,-75.756,-1.800821811,0.000827551,0.000756963,0.000490694,0.000666378,0.000756963,,0,
1786043875091261447,1786043875.086203302,/novatel/oem7/odom,/novatel/oem7/fix,/novatel/oem7/odom,39.663,-75.756,-1.800821811,0.000824147,0.000760668,0.000689157,0.000451975,0.000760668,,,
1786043875095957089,1786043875.094842817,/novatel/oem7/odom,/novatel/oem7/fix,/novatel/oem7/odom,39.663,-75.756,-1.800821811,0.000824147,0.000760668,0.000689157,0.000451975,0.000760668,,,
1786043875107047062,1786043875.106000987,/novatel/oem7/inspva,/novatel/oem7/inspva,/novatel/oem7/inspva,39.663,-75.756,-1.800820271,0.000834460,0.000692471,0.000702624,0.000450159,0.000692471,,novatel_oem7_msgs.msg.InertialSolutionStatus(status=3),
1786043875109178446,1786043875.106366491,/novatel/oem7/fix,/novatel/oem7/fix,/novatel/oem7/inspva,39.663,-75.756,-1.800820271,0.000834460,0.000692471,0.000702624,0.000450159,0.000692471,,0,
1786043875110921894,1786043875.106987517,/novatel/oem7/odom,/novatel/oem7/fix,/novatel/oem7/odom,39.663,-75.756,-1.800820271,0.000831458,0.000696073,0.000484891,0.000675428,0.000696073,,,
1786043875113063459,1786043875.108906317,/novatel/oem7/bestpos,/novatel/oem7/bestpos,/novatel/oem7/odom,39.663,-75.756,33.181607951,0.000831458,0.000696073,0.000484891,0.000675428,0.000696073,,novatel_oem7_msgs.msg.SolutionStatus(status=0),novatel_oem7_msgs.msg.PositionOrVelocityType(type=53)
1786043875114469090,1786043875.109259530,/novatel/oem7/bestvel,/novatel/oem7/bestpos,/novatel/oem7/bestvel,39.663,-75.756,33.181607951,0.000741876,0.000784238,,,,58.937038846,novatel_oem7_msgs.msg.SolutionStatus(status=0),novatel_oem7_msgs.msg.PositionOrVelocityType(type=53)
1786043875116712596,1786043875.114555834,/novatel/oem7/odom,/novatel/oem7/bestpos,/novatel/oem7/odom,39.663,-75.756,33.181607951,0.000831458,0.000696073,0.000484891,0.000675428,0.000696073,,,
1786043875125692965,1786043875.124883203,/novatel/oem7/inspva,/novatel/oem7/inspva,/novatel/oem7/inspva,39.663,-75.756,-1.800818576,0.000612183,0.000389200,0.000400780,0.000462757,0.000389200,,novatel_oem7_msgs.msg.InertialSolutionStatus(status=3),
1786043875127899617,1786043875.125070275,/novatel/oem7/fix,/novatel/oem7/fix,/novatel/oem7/inspva,39.663,-75.756,-1.800818576,0.000612183,0.000389200,0.000400780,0.000462757,0.000389200,,0,
1786043875129636002,1786043875.125524096,/novatel/oem7/odom,/novatel/oem7/fix,/novatel/oem7/odom,39.663,-75.756,-1.800818576,0.000610423,0.000391956,0.000482290,0.000374183,0.000391956,,,
1786043875136497448,1786043875.135461934,/novatel/oem7/odom,/novatel/oem7/fix,/novatel/oem7/odom,39.663,-75.756,-1.800818576,0.000610423,0.000391956,0.000482290,0.000374183,0.000391956,,,
1786043875145980981,1786043875.145107209,/novatel/oem7/inspva,/novatel/oem7/inspva,/novatel/oem7/inspva,39.663,-75.756,-1.800814909,0.000783399,0.000557013,0.000704226,0.000343191,0.000557013,,novatel_oem7_msgs.msg.InertialSolutionStatus(status=3),
1786043875147882888,1786043875.145405406,/novatel/oem7/fix,/novatel/oem7/fix,/novatel/oem7/inspva,39.663,-75.756,-1.800814909,0.000783399,0.000557013,0.000704226,0.000343191,0.000557013,,0,
1786043875149430297,1786043875.145883047,/novatel/oem7/odom,/novatel/oem7/fix,/novatel/oem7/odom,39.663,-75.756,-1.800814909,0.000781078,0.000560264,0.000378653,0.000683158,0.000560264,,,
1786043875157001314,1786043875.155630190,/novatel/oem7/odom,/novatel/oem7/fix,/novatel/oem7/odom,39.663,-75.756,-1.800814909,0.000781078,0.000560264,0.000378653,0.000683158,0.000560264,,,
1786043875167448283,1786043875.166574831,/novatel/oem7/inspva,/novatel/oem7/inspva,/novatel/oem7/inspva,39.663,-75.756,-1.800813434,0.000811048,0.000470144,0.000479929,0.000653810,0.000470144,,novatel_oem7_msgs.msg.InertialSolutionStatus(status=3),
1786043875169609329,1786043875.166848281,/novatel/oem7/fix,/novatel/oem7/fix,/novatel/oem7/inspva,39.663,-75.756,-1.800813434,0.000811048,0.000470144,0.000479929,0.000653810,0.000470144,,0,
1786043875170875395,1786043875.167380273,/novatel/oem7/odom,/novatel/oem7/fix,/novatel/oem7/odom,39.663,-75.756,-1.800813434,0.000808935,0.000473771,0.000677050,0.000442695,0.000473771,,,
1786043875175685491,1786043875.174677857,/novatel/oem7/odom,/novatel/oem7/fix,/novatel/oem7/odom,39.663,-75.756,-1.800813434,0.000808935,0.000473771,0.000677050,0.000442695,0.000473771,,,
1786043875185774140,1786043875.185045233,/novatel/oem7/inspva,/novatel/oem7/inspva,/novatel/oem7/inspva,39.663,-75.756,-1.800810345,0.001066906,0.000451955,0.000832073,0.000667790,0.000451955,,novatel_oem7_msgs.msg.InertialSolutionStatus(status=3),
1786043875187583729,1786043875.185336889,/novatel/oem7/fix,/novatel/oem7/fix,/novatel/oem7/inspva,39.663,-75.756,-1.800810345,0.001066906,0.000451955,0.000832073,0.000667790,0.000451955,,0,
1786043875189176885,1786043875.185774087,/novatel/oem7/odom,/novatel/oem7/fix,/novatel/oem7/odom,39.663,-75.756,-1.800810345,0.001064890,0.000456685,0.000710030,0.000793630,0.000456685,,,
1786043875196667741,1786043875.195415685,/novatel/oem7/odom,/novatel/oem7/fix,/novatel/oem7/odom,39.663,-75.756,-1.800810345,0.001064890,0.000456685,0.000710030,0.000793630,0.000456685,,,
1786043875207601582,1786043875.206602852,/novatel/oem7/inspva,/novatel/oem7/inspva,/novatel/oem7/inspva,39.663,-75.756,-1.800806889,0.000700033,0.000451787,0.000604102,0.000353704,0.000451787,,novatel_oem7_msgs.msg.InertialSolutionStatus(status=3),
1786043875209773342,1786043875.206924523,/novatel/oem7/fix,/novatel/oem7/fix,/novatel/oem7/inspva,39.663,-75.756,-1.800806889,0.000700033,0.000451787,0.000604102,0.000353704,0.000451787,,0,
1786043875211338694,1786043875.207605763,/novatel/oem7/odom,/novatel/oem7/fix,/novatel/oem7/odom,39.663,-75.756,-1.800806889,0.000698092,0.000454779,0.000384132,0.000582903,0.000454779,,,
1786043875213457289,1786043875.210215389,/novatel/oem7/bestpos,/novatel/oem7/bestpos,/novatel/oem7/odom,39.663,-75.756,33.181615907,0.000698092,0.000454779,0.000384132,0.000582903,0.000454779,,novatel_oem7_msgs.msg.SolutionStatus(status=0),novatel_oem7_msgs.msg.PositionOrVelocityType(type=53)
1786043875214773692,1786043875.210632730,/novatel/oem7/bestvel,/novatel/oem7/bestpos,/novatel/oem7/bestvel,39.663,-75.756,33.181615907,0.000904872,0.000344271,,,,17.145527451,novatel_oem7_msgs.msg.SolutionStatus(status=0),novatel_oem7_msgs.msg.PositionOrVelocityType(type=53)
1786043875216839857,1786043875.214879394,/novatel/oem7/odom,/novatel/oem7/bestpos,/novatel/oem7/odom,39.663,-75.756,33.181615907,0.000698092,0.000454779,0.000384132,0.000582903,0.000454779,,,
1786043875227005404,1786043875.226008624,/novatel/oem7/inspva,/novatel/oem7/inspva,/novatel/oem7/inspva,39.663,-75.756,-1.800804373,0.001222763,0.000415496,0.000999811,0.000703937,0.000415496,,novatel_oem7_msgs.msg.InertialSolutionStatus(status=3),
1786043875229314351,1786043875.226221919,/novatel/oem7/fix,/novatel/oem7/fix,/novatel/oem7/inspva,39.663,-75.756,-1.800804373,0.001222763,0.000415496,0.000999811,0.000703937,0.000415496,,0,
1786043875231042865,1786043875.226615400,/novatel/oem7/odom,/novatel/oem7/fix,/novatel/oem7/odom,39.663,-75.756,-1.800804373,0.001220933,0.000420844,0.000755299,0.000959271,0.000420844,,,
1786043875235215414,1786043875.234493153,/novatel/oem7/odom,/novatel/oem7/fix,/novatel/oem7/odom,39.663,-75.756,-1.800804373,0.001220933,0.000420844,0.000755299,0.000959271,0.000420844,,,
1786043875246466419,1786043875.245322858,/novatel/oem7/inspva,/novatel/oem7/inspva,/novatel/oem7/inspva,39.663,-75.756,-1.800801717,0.001101127,0.000393562,0.000985058,0.000492078,0.000393562,,novatel_oem7_msgs.msg.InertialSolutionStatus(status=3),
1786043875248384642,1786043875.246514493,/novatel/oem7/fix,/novatel/oem7/fix,/novatel/oem7/inspva,39.663,-75.756,-1.800801717,0.001101127,0.000393562,0.000985058,0.000492078,0.000393562,,0,
1786043875249947631,1786043875.247650834,/novatel/oem7/odom,/novatel/oem7/fix,/novatel/oem7/odom,39.663,-75.756,-1.800801717,0.001099476,0.000398151,0.000543036,0.000956012,0.000398151,,,
1786043875258060130,1786043875.256792334,/novatel/oem7/odom,/novatel/oem7/fix,/novatel/oem7/odom,39.663,-75.756,-1.800801717,0.001099476,0.000398151,0.000543036,0.000956012,0.000398151,,,
1786043875266131606,1786043875.265296430,/novatel/oem7/inspva,/novatel/oem7/inspva,/novatel/oem7/inspva,39.663,-75.756,-1.800799564,0.001071752,0.000395002,0.000931013,0.000530911,0.000395002,,novatel_oem7_msgs.msg.InertialSolutionStatus(status=3),
1786043875267773626,1786043875.265481891,/novatel/oem7/fix,/novatel/oem7/fix,/novatel/oem7/inspva,39.663,-75.756,-1.800799564,0.001071752,0.000395002,0.000931013,0.000530911,0.000395002,,0,
1786043875268929577,1786043875.265981287,/novatel/oem7/odom,/novatel/oem7/fix,/novatel/oem7/odom,39.663,-75.756,-1.800799564,0.001070059,0.000399565,0.000578888,0.000899953,0.000399565,,,
1786043875275670696,1786043875.274610755,/novatel/oem7/odom,/novatel/oem7/fix,/novatel/oem7/odom,39.663,-75.756,-1.800799564,0.001070059,0.000399565,0.000578888,0.000899953,0.000399565,,,
1786043875287499124,1786043875.286659468,/novatel/oem7/inspva,/novatel/oem7/inspva,/novatel/oem7/inspva,39.663,-75.756,-1.800797007,0.000721234,0.000370053,0.000503599,0.000516301,0.000370053,,novatel_oem7_msgs.msg.InertialSolutionStatus(status=3),
1786043875289635738,1786043875.286807231,/novatel/oem7/fix,/novatel/oem7/fix,/novatel/oem7/inspva,39.663,-75.756,-1.800797007,0.000721234,0.000370053,0.000503599,0.000516301,0.000370053,,0,
1786043875291909548,1786043875.287297721,/novatel/oem7/odom,/novatel/oem7/fix,/novatel/oem7/odom,39.663,-75.756,-1.800797007,0.000719563,0.000373292,0.000541368,0.000474016,0.000373292,,,
1786043875296182212,1786043875.295036260,/novatel/oem7/odom,/novatel/oem7/fix,/novatel/oem7/odom,39.663,-75.756,-1.800797007,0.000719563,0.000373292,0.000541368,0.000474016,0.000373292,,,
1786043875306750340,1786043875.305926224,/novatel/oem7/inspva,/novatel/oem7/inspva,/novatel/oem7/inspva,39.663,-75.756,-1.800792503,0.001046096,0.000659486,0.000724198,0.000754886,0.000659486,,novatel_oem7_msgs.msg.InertialSolutionStatus(status=3),
1786043875309028783,1786043875.306194101,/novatel/oem7/fix,/novatel/oem7/fix,/novatel/oem7/inspva,39.663,-75.756,-1.800792503,0.001046096,0.000659486,0.000724198,0.000754886,0.000659486,,0,
1786043875310701767,1786043875.306722629,/novatel/oem7/odom,/novatel/oem7/fix,/novatel/oem7/odom,39.663,-75.756,-1.800792503,0.001043123,0.000664178,0.000790463,0.000680643,0.000664178,,,
1786043875312883165,1786043875.309719902,/novatel/oem7/bestpos,/novatel/oem7/bestpos,/novatel/oem7/odom,39.663,-75.756,33.181635430,0.001043123,0.000664178,0.000790463,0.000680643,0.000664178,,novatel_oem7_msgs.msg.SolutionStatus(status=0),novatel_oem7_msgs.msg.PositionOrVelocityType(type=53)
1786043875314352644,1786043875.310484065,/novatel/oem7/bestvel,/novatel/oem7/bestpos,/novatel/oem7/bestvel,39.663,-75.756,33.181635430,0.000871815,0.000846671,,,,64.511076618,novatel_oem7_msgs.msg.SolutionStatus(status=0),novatel_oem7_msgs.msg.PositionOrVelocityType(type=53)
1786043875316544206,1786043875.315569030,/novatel/oem7/odom,/novatel/oem7/bestpos,/novatel/oem7/odom,39.663,-75.756,33.181635430,0.001043123,0.000664178,0.000790463,0.000680643,0.000664178,,,
1786043875326440737,1786043875.325413628,/novatel/oem7/inspva,/novatel/oem7/inspva,/novatel/oem7/inspva,39.663,-75.756,-1.800792476,0.000973054,0.000001835,0.000788408,0.000570303,0.000001835,,novatel_oem7_msgs.msg.InertialSolutionStatus(status=3),
1786043875328530238,1786043875.325527560,/novatel/oem7/fix,/novatel/oem7/fix,/novatel/oem7/inspva,39.663,-75.756,-1.800792476,0.000973054,0.000001835,0.000788408,0.000570303,0.000001835,,0,
1786043875330251176,1786043875.326520138,/novatel/oem7/odom,/novatel/oem7/fix,/novatel/oem7/odom,39.663,-75.756,-1.800792476,0.000973036,0.000006095,0.000611928,0.000756534,0.000006095,,,
1786043875335370781,1786043875.334618164,/novatel/oem7/odom,/novatel/oem7/fix,/novatel/oem7/odom,39.663,-75.756,-1.800792476,0.000973036,0.000006095,0.000611928,0.000756534,0.000006095,,,
1786043875346976243,1786043875.346016260,/novatel/oem7/inspva,/novatel/oem7/inspva,/novatel/oem7/inspva,39.663,-75.756,-1.800784159,0.001002055,0.000563982,0.000831739,0.000558860,0.000563982,,novatel_oem7_msgs.msg.InertialSolutionStatus(status=3),
1786043875348985780,1786043875.346216322,/novatel/oem7/fix,/novatel/oem7/fix,/novatel/oem7/inspva,39.663,-75.756,-1.800784159,0.001002055,0.000563982,0.000831739,0.000558860,0.000563982,,0,
1786043875350560479,1786043875.346789731,/novatel/oem7/odom,/novatel/oem7/fix,/novatel/oem7/odom,39.663,-75.756,-1.800784159,0.000999595,0.000568331,0.000600859,0.000798848,0.000568331,,,
1786043875356716969,1786043875.355834343,/novatel/oem7/odom,/novatel/oem7/fix,/novatel/oem7/odom,39.663,-75.756,-1.800784159,0.000999595,0.000568331,0.000600859,0.000798848,0.000568331,,,
1786043875366331244,1786043875.365262588,/novatel/oem7/inspva,/novatel/oem7/inspva,/novatel/oem7/inspva,39.663,-75.756,-1.800781907,0.000875513,0.000305658,0.000660877,0.000574252,0.000305658,,novatel_oem7_msgs.msg.InertialSolutionStatus(status=3),
1786043875368310994,1786043875.365519957,/novatel/oem7/fix,/novatel/oem7/fix,/novatel/oem7/inspva,39.663,-75.756,-1.800781907,0.000875513,0.000305658,0.000660877,0.000574252,0.000305658,,0,
1786043875369513969,1786043875.366092204,/novatel/oem7/odom,/novatel/oem7/fix,/novatel/oem7/odom,39.663,-75.756,-1.800781907,0.000874144,0.000309553,0.000607935,0.000628126,0.000309553,,,
1786043875377572488,1786043875.376387999,/novatel/oem7/odom,/novatel/oem7/fix,/novatel/oem7/odom,39.663,-75.756,-1.800781907,0.000874144,0.000309553,0.000607935,0.000628126,0.000309553,,,
1786043875386093338,1786043875.385262895,/novatel/oem7/inspva,/novatel/oem7/inspva,/novatel/oem7/inspva,39.663,-75.756,-1.800774405,0.000845583,0.000505760,0.000659005,0.000529832,0.000505760,,novatel_oem7_msgs.msg.InertialSolutionStatus(status=3),
1786043875388126169,1786043875.385432351,/novatel/oem7/fix,/novatel/oem7/fix,/novatel/oem7/inspva,39.663,-75.756,-1.800774405,0.000845583,0.000505760,0.000659005,0.000529832,0.000505760,,0,
1786043875389723228,1786043875.385949194,/novatel/oem7/odom,/novatel/oem7/fix,/novatel/oem7/odom,39.663,-75.756,-1.800774405,0.000843337,0.000509495,0.000562779,0.000628091,0.000509495,,,
1786043875395554625,1786043875.394486437,/novatel/oem7/odom,/novatel/oem7/fix,/novatel/oem7/odom,39.663,-75.756,-1.800774405,0.000843337,0.000509495,0.000562779,0.000628091,0.000509495,,,
1786043875407319575,1786043875.406540827,/novatel/oem7/inspva,/novatel/oem7/inspva,/novatel/oem7/inspva,39.663,-75.756,-1.800768729,0.000742381,0.000452846,0.000453425,0.000587822,0.000452846,,novatel_oem7_msgs.msg.InertialSolutionStatus(status=3),
1786043875408927741,1786043875.406746769,/novatel/oem7/fix,/novatel/oem7/fix,/novatel/oem7/inspva,39.663,-75.756,-1.800768729,0.000742381,0.000452846,0.000453425,0.000587822,0.000452846,,0,
1786043875410104323,1786043875.407188813,/novatel/oem7/odom,/novatel/oem7/fix,/novatel/oem7/odom,39.663,-75.756,-1.800768729,0.000740346,0.000456165,0.000609794,0.000419837,0.000456165,,,
1786043875411623612,1786043875.410278520,/novatel/oem7/bestpos,/novatel/oem7/bestpos,/novatel/oem7/odom,39.663,-75.756,33.181664070,0.000740346,0.000456165,0.000609794,0.000419837,0.000456165,,novatel_oem7_msgs.msg.SolutionStatus(status=0),novatel_oem7_msgs.msg.PositionOrVelocityType(type=53)
1786043875412624085,1786043875.410760844,/novatel/oem7/bestvel,/novatel/oem7/bestpos,/novatel/oem7/bestvel,39.663,-75.756,33.181664070,0.000686860,0.000530120,,,,64.960524079,novatel_oem7_msgs.msg.SolutionStatus(status=0),novatel_oem7_msgs.msg.PositionOrVelocityType(type=53)
1786043875415857018,1786043875.415197422,/novatel/oem7/odom,/novatel/oem7/bestpos,/novatel/oem7/odom,39.663,-75.756,33.181664070,0.000740346,0.000456165,0.000609794,0.000419837,0.000456165,,,
1786043875425993398,1786043875.425139186,/novatel/oem7/inspva,/novatel/oem7/inspva,/novatel/oem7/inspva,39.663,-75.756,-1.800761155,0.000615088,0.000620095,0.000220790,0.000574095,0.000620095,,novatel_oem7_msgs.msg.InertialSolutionStatus(status=3),
1786043875428142844,1786043875.425261698,/novatel/oem7/fix,/novatel/oem7/fix,/novatel/oem7/inspva,39.663,-75.756,-1.800761155,0.000615088,0.000620095,0.000220790,0.000574095,0.000620095,,0,
1786043875429891921,1786043875.425627978,/novatel/oem7/odom,/novatel/oem7/fix,/novatel/oem7/odom,39.663,-75.756,-1.800761155,0.000612478,0.000622673,0.000582970,0.000187817,0.000622673,,,
1786043875436250042,1786043875.435524382,/novatel/oem7/odom,/novatel/oem7/fix,/novatel/oem7/odom,39.663,-75.756,-1.800761155,0.000612478,0.000622673,0.000582970,0.000187817,0.000622673,,,
1786043875446721029,1786043875.445578466,/novatel/oem7/inspva,/novatel/oem7/inspva,/novatel/oem7/inspva,39.663,-75.756,-1.800753753,0.000617109,0.000500867,0.000519740,0.000332707,0.000500867,,novatel_oem7_msgs.msg.InertialSolutionStatus(status=3),
1786043875448539234,1786043875.446700893,/novatel/oem7/fix,/novatel/oem7/fix,/novatel/oem7/inspva,39.663,-75.756,-1.800753753,0.000617109,0.000500867,0.000519740,0.000332707,0.000500867,,0,
1786043875450026323,1786043875.447758663,/novatel/oem7/odom,/novatel/oem7/fix,/novatel/oem7/odom,39.663,-75.756,-1.800753753,0.000614944,0.000503522,0.000358453,0.000499668,0.000503522,,,
1786043875457989428,1786043875.456678554,/novatel/oem7/odom,/novatel/oem7/fix,/novatel/oem7/odom,39.663,-75.756,-1.800753753,0.000614944,0.000503522,0.000358453,0.000499668,0.000503522,,,
1786043875467039370,1786043875.466103752,/novatel/oem7/inspva,/novatel/oem7/inspva,/novatel/oem7/inspva,39.663,-75.756,-1.800744689,0.000513053,0.000439187,0.000403065,0.000317430,0.000439187,,novatel_oem7_msgs.msg.InertialSolutionStatus(status=3),
1786043875468885119,1786043875.466366711,/novatel/oem7/fix,/novatel/oem7/fix,/novatel/oem7/inspva,39.663,-75.756,-1.800744689,0.000513053,0.000439187,0.000403065,0.000317430,0.000439187,,0,
1786043875470456521,1786043875.466909649,/novatel/oem7/odom,/novatel/oem7/fix,/novatel/oem7/odom,39.663,-75.756,-1.800744689,0.000511105,0.000441452,0.000337131,0.000384150,0.000441452,,,
1786043875475279030,1786043875.474474999,/novatel/oem7/odom,/novatel/oem7/fix,/novatel/oem7/odom,39.663,-75.756,-1.800744689,0.000511105,0.000441452,0.000337131,0.000384150,0.000441452,,,
1786043875485845668,1786043875.484984446,/novatel/oem7/inspva,/novatel/oem7/inspva,/novatel/oem7/inspva,39.663,-75.756,-1.800736469,0.000715487,0.000588550,0.000656056,0.000285503,0.000588550,,novatel_oem7_msgs.msg.InertialSolutionStatus(status=3),
1786043875487944986,1786043875.485268816,/novatel/oem7/fix,/novatel/oem7/fix,/novatel/oem7/inspva,39.663,-75.756,-1.800736469,0.000715487,0.000588550,0.000656056,0.000285503,0.000588550,,0,
1786043875489513512,1786043875.485727533,/novatel/oem7/odom,/novatel/oem7/fix,/novatel/oem7/odom,39.663,-75.756,-1.800736469,0.000713084,0.000591459,0.000318348,0.000638078,0.000591459,,,
1786043875496414252,1786043875.495474626,/novatel/oem7/odom,/novatel/oem7/fix,/novatel/oem7/odom,39.663,-75.756,-1.800736469,0.000713084,0.000591459,0.000318348,0.000638078,0.000591459,,,
1786043875506791215,1786043875.505971775,/novatel/oem7/inspva,/novatel/oem7/inspva,/novatel/oem7/inspva,39.663,-75.756,-1.800730243,0.000645651,0.000722152,0.000513168,0.000391821,0.000722152,,novatel_oem7_msgs.msg.InertialSolutionStatus(status=3),
1786043875508967647,1786043875.506126032,/novatel/oem7/fix,/novatel/oem7/fix,/novatel/oem7/inspva,39.663,-75.756,-1.800730243,0.000645651,0.000722152,0.000513168,0.000391821,0.000722152,,0,
1786043875510119202,1786043875.506587249,/novatel/oem7/odom,/novatel/oem7/fix,/novatel/oem7/odom,39.663,-75.756,-1.800730243,0.000642458,0.000724994,0.000416349,0.000489291,0.000724994,,,
1786043875512223740,1786043875.511178600,/novatel/oem7/bestpos,/novatel/oem7/bestpos,/novatel/oem7/odom,39.663,-75.756,33.181693354,0.000642458,0.000724994,0.000416349,0.000489291,0.000724994,,novatel_oem7_msgs.msg.SolutionStatus(status=0),novatel_oem7_msgs.msg.PositionOrVelocityType(type=53)
1786043875513774052,1786043875.512048946,/novatel/oem7/bestvel,/novatel/oem7/bestpos,/novatel/oem7/bestvel,39.663,-75.756,33.181693354,0.000667032,0.000831664,,,,0.194189872,novatel_oem7_msgs.msg.SolutionStatus(status=0),novatel_oem7_msgs.msg.PositionOrVelocityType(type=53)
1786043875515479527,1786043875.514431449,/novatel/oem7/odom,/novatel/oem7/bestpos,/novatel/oem7/odom,39.663,-75.756,33.181693354,0.000642458,0.000724994,0.000416349,0.000489291,0.000724994,,,
1786043875527051105,1786043875.526294878,/novatel/oem7/inspva,/novatel/oem7/inspva,/novatel/oem7/inspva,39.663,-75.756,-1.800726401,0.000697851,0.000412381,0.000658159,0.000231997,0.000412381,,novatel_oem7_msgs.msg.InertialSolutionStatus(status=3),
1786043875528887236,1786043875.526373568,/novatel/oem7/fix,/novatel/oem7/fix,/novatel/oem7/inspva,39.663,-75.756,-1.800726401,0.000697851,0.000412381,0.000658159,0.000231997,0.000412381,,0,
1786043875529996688,1786043875.526912266,/novatel/oem7/odom,/novatel/oem7/fix,/novatel/oem7/odom,39.663,-75.756,-1.800726401,0.000696230,0.000415112,0.000265663,0.000643552,0.000415112,,,
1786043875535638605,1786043875.534946625,/novatel/oem7/odom,/novatel/oem7/fix,/novatel/oem7/odom,39.663,-75.756,-1.800726401,0.000696230,0.000415112,0.000265663,0.000643552,0.000415112,,,
1786043875545351141,1786043875.544823785,/novatel/oem7/inspva,/novatel/oem7/inspva,/novatel/oem7/inspva,39.663,-75.756,-1.800722423,0.000530742,0.000321432,0.000400889,0.000347815,0.000321432,,novatel_oem7_msgs.msg.InertialSolutionStatus(status=3),
1786043875546767899,1786043875.544896972,/novatel/oem7/fix,/novatel/oem7/fix,/novatel/oem7/inspva,39.663,-75.756,-1.800722423,0.000530742,0.000321432,0.000400889,0.000347815,0.000321432,,0,
1786043875547911560,1786043875.545343738,/novatel/oem7/odom,/novatel/oem7/fix,/novatel/oem7/odom,39.663,-75.756,-1.800722423,0.000529308,0.000323788,0.000367777,0.000380667,0.000323788,,,
1786043875556243499,1786043875.555554722,/novatel/oem7/odom,/novatel/oem7/fix,/novatel/oem7/odom,39.663,-75.756,-1.800722423,0.000529308,0.000323788,0.000367777,0.000380667,0.000323788,,,
1786043875565778282,1786043875.565274687,/novatel/oem7/inspva,/novatel/oem7/inspva,/novatel/oem7/inspva,39.663,-75.756,-1.800716854,0.000844978,0.000497597,0.000810345,-0.000239436,0.000497597,,novatel_oem7_msgs.msg.InertialSolutionStatus(status=3),
1786043875567131466,1786043875.565409597,/novatel/oem7/fix,/novatel/oem7/fix,/novatel/oem7/inspva,39.663,-75.756,-1.800716854,0.000844978,0.000497597,0.000810345,-0.000239436,0.000497597,,0,
1786043875568248291,1786043875.565892333,/novatel/oem7/odom,/novatel/oem7/fix,/novatel/oem7/odom,39.663,-75.756,-1.800716854,0.000844043,0.000499181,-0.000197181,0.000820687,0.000499181,,,
1786043875576653877,1786043875.575343172,/novatel/oem7/odom,/novatel/oem7/fix,/novatel/oem7/odom,39.663,-75.756,-1.800716854,0.000844043,0.000499181,-0.000197181,0.000820687,0.000499181,,,
1786043875586637272,1786043875.585958854,/novatel/oem7/inspva,/novatel/oem7/inspva,/novatel/oem7/inspva,39.663,-75.756,-1.800717159,0.000519371,0.000245991,0.000516354,0.000055900,0.000245991,,novatel_oem7_msgs.msg.InertialSolutionStatus(status=3),
1786043875588598819,1786043875.586055988,/novatel/oem7/fix,/novatel/oem7/fix,/novatel/oem7/inspva,39.663,-75.756,-1.800717159,0.000519371,0.000245991,0.000516354,0.000055900,0.000245991,,0,
1786043875590211381,1786043875.586713642,/novatel/oem7/odom,/novatel/oem7/fix,/novatel/oem7/odom,39.663,-75.756,-1.800717159,0.000518558,0.000247701,0.000082780,0.000511908,0.000247701,,,
1786043875595383871,1786043875.594442181,/novatel/oem7/odom,/novatel/oem7/fix,/novatel/oem7/odom,39.663,-75.756,-1.800717159,0.000518558,0.000247701,0.000082780,0.000511908,0.000247701,,,
1786043875607369363,1786043875.606578912,/novatel/oem7/inspva,/novatel/oem7/inspva,/novatel/oem7/inspva,39.663,-75.756,-1.800710151,0.000777733,0.000677648,0.000665271,-0.000402843,0.000677648,,novatel_oem7_msgs.msg.InertialSolutionStatus(status=3),
1786043875608975889,1786043875.606825464,/novatel/oem7/fix,/novatel/oem7/fix,/novatel/oem7/inspva,39.663,-75.756,-1.800710151,0.000777733,0.000677648,0.000665271,-0.000402843,0.000677648,,0,
1786043875610142411,1786043875.607256165,/novatel/oem7/odom,/novatel/oem7/fix,/novatel/oem7/odom,39.663,-75.756,-1.800710151,0.000777214,0.000678243,-0.000368792,0.000684145,0.000678243,,,
1786043875611799335,1786043875.610082579,/novatel/oem7/bestpos,/novatel/oem7/bestpos,/novatel/oem7/odom,39.663,-75.756,33.181723429,0.000777214,0.000678243,-0.000368792,0.000684145,0.000678243,,novatel_oem7_msgs.msg.SolutionStatus(status=0),novatel_oem7_msgs.msg.PositionOrVelocityType(type=53)
1786043875612775065,1786043875.610483217,/novatel/oem7/bestvel,/novatel/oem7/bestpos,/novatel/oem7/bestvel,39.663,-75.756,33.181723429,0.000652700,0.000503341,,,,355.969532315,novatel_oem7_msgs.msg.SolutionStatus(status=0),novatel_oem7_msgs.msg.PositionOrVelocityType(type=53)
1786043875616030381,1786043875.615360254,/novatel/oem7/odom,/novatel/oem7/bestpos,/novatel/oem7/odom,39.663,-75.756,33.181723429,0.000777214,0.000678243,-0.000368792,0.000684145,0.000678243,,,
1786043875626726240,1786043875.625852244,/novatel/oem7/inspva,/novatel/oem7/inspva,/novatel/oem7/inspva,39.663,-75.756,-1.800709816,0.000688596,0.000637953,0.000685444,-0.000065812,0.000637953,,novatel_oem7_msgs.msg.InertialSolutionStatus(status=3),
1786043875629014707,1786043875.625973073,/novatel/oem7/fix,/novatel/oem7/fix,/novatel/oem7/inspva,39.663,-75.756,-1.800709816,0.000688596,0.000637953,0.000685444,-0.000065812,0.000637953,,0,
1786043875630717774,1786043875.626304764,/novatel/oem7/odom,/novatel/oem7/fix,/novatel/oem7/odom,39.663,-75.756,-1.800709816,0.000686926,0.000639750,-0.000031023,0.000686225,0.000639750,,,
1786043875634942394,1786043875.634249644,/novatel/oem7/odom,/novatel/oem7/fix,/novatel/oem7/odom,39.663,-75.756,-1.800709816,0.000686926,0.000639750,-0.000031023,0.000686225,0.000639750,,,
1786043875647575096,1786043875.646456469,/novatel/oem7/inspva,/novatel/oem7/inspva,/novatel/oem7/inspva,39.663,-75.756,-1.800709946,0.000706050,0.000191171,0.000698021,-0.000106176,0.000191171,,novatel_oem7_msgs.msg.InertialSolutionStatus(status=3),
1786043875649664027,1786043875.646635920,/novatel/oem7/fix,/novatel/oem7/fix,/novatel/oem7/inspva,39.663,-75.756,-1.800709946,0.000706050,0.000191171,0.000698021,-0.000106176,0.000191171,,0,
1786043875651193070,1786043875.647225322,/novatel/oem7/odom,/novatel/oem7/fix,/novatel/oem7/odom,39.663,-75.756,-1.800709946,0.000705587,0.000192874,-0.000069067,0.000702198,0.000192874,,,
1786043875658631555,1786043875.657129833,/novatel/oem7/odom,/novatel/oem7/fix,/novatel/oem7/odom,39.663,-75.756,-1.800709946,0.000705587,0.000192874,-0.000069067,0.000702198,0.000192874,,,
1786043875665881862,1786043875.664853268,/novatel/oem7/inspva,/novatel/oem7/inspva,/novatel/oem7/inspva,39.663,-75.756,-1.800707987,0.000720336,0.000147311,0.000703272,0.000155859,0.000147311,,novatel_oem7_msgs.msg.InertialSolutionStatus(status=3),
1786043875667913580,1786043875.665004455,/novatel/oem7/fix,/novatel/oem7/fix,/novatel/oem7/inspva,39.663,-75.756,-1.800707987,0.000720336,0.000147311,0.000703272,0.000155859,0.000147311,,0,
1786043875669175533,1786043875.665518656,/novatel/oem7/odom,/novatel/oem7/fix,/novatel/oem7/odom,39.663,-75.756,-1.800707987,0.000719798,0.000149916,0.000193025,0.000693434,0.000149916,,,
1786043875676509287,1786043875.675503220,/novatel/oem7/odom,/novatel/oem7/fix,/novatel/oem7/odom,39.663,-75.756,-1.800707987,0.000719798,0.000149916,0.000193025,0.000693434,0.000149916,,,
1786043875687127933,1786043875.686387045,/novatel/oem7/inspva,/novatel/oem7/inspva,/novatel/oem7/inspva,39.663,-75.756,-1.800702497,0.000591722,0.000571590,0.000554437,-0.000206723,0.000571590,,novatel_oem7_msgs.msg.InertialSolutionStatus(status=3),
1786043875689117396,1786043875.686536703,/novatel/oem7/fix,/novatel/oem7/fix,/novatel/oem7/inspva,39.663,-75.756,-1.800702497,0.000591722,0.000571590,0.000554437,-0.000206723,0.000571590,,0,
1786043875690700472,1786043875.687223640,/novatel/oem7/odom,/novatel/oem7/fix,/novatel/oem7/odom,39.663,-75.756,-1.800702497,0.000590819,0.000572524,-0.000178559,0.000563191,0.000572524,,,
1786043875695985276,1786043875.694989949,/novatel/oem7/odom,/novatel/oem7/fix,/novatel/oem7/odom,39.663,-75.756,-1.800702497,0.000590819,0.000572524,-0.000178559,0.000563191,0.000572524,,,
1786043875707571007,1786043875.705686518,/novatel/oem7/inspva,/novatel/oem7/inspva,/novatel/oem7/inspva,39.663,-75.756,-1.800705023,0.000787065,0.000276409,0.000754646,-0.000223565,0.000276409,,novatel_oem7_msgs.msg.InertialSolutionStatus(status=3),
1786043875709960931,1786043875.708959725,/novatel/oem7/bestpos,/novatel/oem7/bestpos,/novatel/oem7/inspva,39.663,-75.756,33.181715422,0.000787065,0.000276409,0.000754646,-0.000223565,0.000276409,,novatel_oem7_msgs.msg.SolutionStatus(status=0),novatel_oem7_msgs.msg.PositionOrVelocityType(type=53)
1786043875711147110,1786043875.705931437,/novatel/oem7/fix,/novatel/oem7/fix,/novatel/oem7/inspva,39.663,-75.756,-1.800705023,0.000787065,0.000276409,0.000754646,-0.000223565,0.000276409,,0,
1786043875712731827,1786043875.707014968,/novatel/oem7/odom,/novatel/oem7/fix,/novatel/oem7/odom,39.663,-75.756,-1.800705023,0.000590817,0.000572526,-0.000178561,0.000563189,0.000572526,,,
1786043875714702250,1786043875.709315461,/novatel/oem7/bestvel,/novatel/oem7/fix,/novatel/oem7/bestvel,39.663,-75.756,-1.800705023,0.000988636,0.000001629,,,,2.790699862,novatel_oem7_msgs.msg.SolutionStatus(status=0),novatel_oem7_msgs.msg.PositionOrVelocityType(type=53)
1786043875716954340,1786043875.714485091,/novatel/oem7/odom,/novatel/oem7/fix,/novatel/oem7/odom,39.663,-75.756,-1.800705023,0.000786546,0.000277883,-0.000183537,0.000764832,0.000277883,,,
1786043875726260245,1786043875.725259477,/novatel/oem7/inspva,/novatel/oem7/inspva,/novatel/oem7/inspva,39.663,-75.756,-1.800704608,0.000855859,0.000198054,0.000855852,-0.000003269,0.000198054,,novatel_oem7_msgs.msg.InertialSolutionStatus(status=3),
1786043875728784083,1786043875.725389089,/novatel/oem7/fix,/novatel/oem7/fix,/novatel/oem7/inspva,39.663,-75.756,-1.800704608,0.000855859,0.000198054,0.000855852,-0.000003269,0.000198054,,0,
1786043875730399793,1786043875.726072853,/novatel/oem7/odom,/novatel/oem7/fix,/novatel/oem7/odom,39.663,-75.756,-1.800704608,0.000855271,0.000200578,0.000042176,0.000854230,0.000200578,,,
1786043875736514019,1786043875.735705754,/novatel/oem7/odom,/novatel/oem7/fix,/novatel/oem7/odom,39.663,-75.756,-1.800704608,0.000855271,0.000200578,0.000042176,0.000854230,0.000200578,,,
1786043875746216688,1786043875.745289392,/novatel/oem7/inspva,/novatel/oem7/inspva,/novatel/oem7/inspva,39.663,-75.756,-1.800705353,0.000967141,0.000113275,0.000967085,0.000010447,0.000113275,,novatel_oem7_msgs.msg.InertialSolutionStatus(status=3),
1786043875748240338,1786043875.745577474,/novatel/oem7/fix,/novatel/oem7/fix,/novatel/oem7/inspva,39.663,-75.756,-1.800705353,0.000967141,0.000113275,0.000967085,0.000010447,0.000113275,,0,
1786043875749886385,1786043875.746056699,/novatel/oem7/odom,/novatel/oem7/fix,/novatel/oem7/odom,39.663,-75.756,-1.800705353,0.000966797,0.000116179,0.000062169,0.000964796,0.000116179,,,
1786043875756755095,1786043875.755784422,/novatel/oem7/odom,/novatel/oem7/fix,/novatel/oem7/odom,39.663,-75.756,-1.800705353,0.000966797,0.000116179,0.000062169,0.000964796,0.000116179,,,
1786043875767549215,1786043875.766504892,/novatel/oem7/inspva,/novatel/oem7/inspva,/novatel/oem7/inspva,39.663,-75.756,-1.800705734,0.000925142,0.000167703,0.000923348,-0.000057588,0.000167703,,novatel_oem7_msgs.msg.InertialSolutionStatus(status=3),
1786043875769983430,1786043875.766731194,/novatel/oem7/fix,/novatel/oem7/fix,/novatel/oem7/inspva,39.663,-75.756,-1.800705734,0.000925142,0.000167703,0.000923348,-0.000057588,0.000167703,,0,
1786043875771491775,1786043875.767300826,/novatel/oem7/odom,/novatel/oem7/fix,/novatel/oem7/odom,39.663,-75.756,-1.800705734,0.000924678,0.000170247,-0.000008307,0.000924640,0.000170247,,,
1786043875776340045,1786043875.775857950,/novatel/oem7/odom,/novatel/oem7/fix,/novatel/oem7/odom,39.663,-75.756,-1.800705734,0.000924678,0.000170247,-0.000008307,0.000924640,0.000170247,,,
1786043875788526928,1786043875.785078221,/novatel/oem7/inspva,/novatel/oem7/inspva,/novatel/oem7/inspva,39.663,-75.756,-1.800708719,0.000978894,-0.000024054,0.000970881,0.000124989,-0.000024054,,novatel_oem7_msgs.msg.InertialSolutionStatus(status=3),
1786043875796517925,1786043875.785366554,/novatel/oem7/fix,/novatel/oem7/fix,/novatel/oem7/inspva,39.663,-75.756,-1.800708719,0.000978894,-0.000024054,0.000970881,0.000124989,-0.000024054,,0,
1786043875799911944,1786043875.785834022,/novatel/oem7/odom,/novatel/oem7/fix,/novatel/oem7/odom,39.663,-75.756,-1.800708719,0.000978969,-0.000020751,0.000177249,0.000962789,-0.000020751,,,
1786043875801436395,1786043875.795456603,/novatel/oem7/odom,/novatel/oem7/fix,/novatel/oem7/odom,39.663,-75.756,-1.800708719,0.000978969,-0.000020751,0.000177249,0.000962789,-0.000020751,,,
1786043875807295812,1786043875.806662154,/novatel/oem7/inspva,/novatel/oem7/inspva,/novatel/oem7/inspva,39.663,-75.756,-1.800707116,0.001045048,0.000226937,0.001044943,0.000014811,0.000226937,,novatel_oem7_msgs.msg.InertialSolutionStatus(status=3),
1786043875808101500,1786043875.806921820,/novatel/oem7/fix,/novatel/oem7/fix,/novatel/oem7/inspva,39.663,-75.756,-1.800707116,0.001045048,0.000226937,0.001044943,0.000014811,0.000226937,,0,
1786043875808715223,1786043875.807396614,/novatel/oem7/odom,/novatel/oem7/fix,/novatel/oem7/odom,39.663,-75.756,-1.800707116,0.001044359,0.000230085,0.000070348,0.001041987,0.000230085,,,
1786043875810999080,1786043875.810256043,/novatel/oem7/bestpos,/novatel/oem7/bestpos,/novatel/oem7/odom,39.663,-75.756,33.181706158,0.001044359,0.000230085,0.000070348,0.001041987,0.000230085,,novatel_oem7_msgs.msg.SolutionStatus(status=0),novatel_oem7_msgs.msg.PositionOrVelocityType(type=53)
1786043875818138441,1786043875.810648681,/novatel/oem7/bestvel,/novatel/oem7/bestpos,/novatel/oem7/bestvel,39.663,-75.756,33.181706158,0.001393507,0.000155285,,,,350.822323551,novatel_oem7_msgs.msg.SolutionStatus(status=0),novatel_oem7_msgs.msg.PositionOrVelocityType(type=53)
1786043875824590437,1786043875.814599378,/novatel/oem7/odom,/novatel/oem7/bestpos,/novatel/oem7/odom,39.663,-75.756,33.181706158,0.001044359,0.000230085,0.000070348,0.001041987,0.000230085,,,
1786043875831100560,1786043875.825056701,/novatel/oem7/inspva,/novatel/oem7/inspva,/novatel/oem7/inspva,39.663,-75.756,-1.800709793,0.000901515,0.000195080,0.000898321,0.000075816,0.000195080,,novatel_oem7_msgs.msg.InertialSolutionStatus(status=3),
1786043875831940062,1786043875.825273880,/novatel/oem7/fix,/novatel/oem7/fix,/novatel/oem7/inspva,39.663,-75.756,-1.800709793,0.000901515,0.000195080,0.000898321,0.000075816,0.000195080,,0,
1786043875832982518,1786043875.825860463,/novatel/oem7/odom,/novatel/oem7/fix,/novatel/oem7/odom,39.663,-75.756,-1.800709793,0.000900876,0.000198010,0.000123469,0.000892375,0.000198010,,,
1786043875835352022,1786043875.834650769,/novatel/oem7/odom,/novatel/oem7/fix,/novatel/oem7/odom,39.663,-75.756,-1.800709793,0.000900876,0.000198010,0.000123469,0.000892375,0.000198010,,,
1786043875846269068,1786043875.845339761,/novatel/oem7/inspva,/novatel/oem7/inspva,/novatel/oem7/inspva,39.663,-75.756,-1.800715880,0.001423163,-0.000347503,0.001420040,0.000094229,-0.000347503,,novatel_oem7_msgs.msg.InertialSolutionStatus(status=3),
1786043875847531935,1786043875.845676721,/novatel/oem7/fix,/novatel/oem7/fix,/novatel/oem7/inspva,39.663,-75.756,-1.800715880,0.001423163,-0.000347503,0.001420040,0.000094229,-0.000347503,,0,
1786043875848302177,1786043875.846103069,/novatel/oem7/odom,/novatel/oem7/fix,/novatel/oem7/odom,39.663,-75.756,-1.800715880,0.001424267,-0.000342951,0.000171945,0.001413850,-0.000342951,,,
1786043875856809040,1786043875.856334770,/novatel/oem7/odom,/novatel/oem7/fix,/novatel/oem7/odom,39.663,-75.756,-1.800715880,0.001424267,-0.000342951,0.000171945,0.001413850,-0.000342951,,,
1786043875866505255,1786043875.865977541,/novatel/oem7/inspva,/novatel/oem7/inspva,/novatel/oem7/inspva,39.663,-75.756,-1.800715982,0.001265137,-0.000159859,0.001264964,-0.000020917,-0.000159859,,novatel_oem7_msgs.msg.InertialSolutionStatus(status=3),
1786043875867398451,1786043875.866099811,/novatel/oem7/fix,/novatel/oem7/fix,/novatel/oem7/inspva,39.663,-75.756,-1.800715982,0.001265137,-0.000159859,0.001264964,-0.000020917,-0.000159859,,0,
1786043875867976610,1786043875.866667656,/novatel/oem7/odom,/novatel/oem7/fix,/novatel/oem7/odom,39.663,-75.756,-1.800715982,0.001265599,-0.000156160,0.000047942,0.001264690,-0.000156160,,,
1786043875876283094,1786043875.874710064,/novatel/oem7/odom,/novatel/oem7/fix,/novatel/oem7/odom,39.663,-75.756,-1.800715982,0.001265599,-0.000156160,0.000047942,0.001264690,-0.000156160,,,
1786043875885850779,1786043875.885335319,/novatel/oem7/inspva,/novatel/oem7/inspva,/novatel/oem7/inspva,39.663,-75.756,-1.800712934,0.001350554,0.000304820,0.001324260,0.000265202,0.000304820,,novatel_oem7_msgs.msg.InertialSolutionStatus(status=3),
1786043875886901987,1786043875.885659546,/novatel/oem7/fix,/novatel/oem7/fix,/novatel/oem7/inspva,39.663,-75.756,-1.800712934,0.001350554,0.000304820,0.001324260,0.000265202,0.000304820,,0,
1786043875887657785,1786043875.886110297,/novatel/oem7/odom,/novatel/oem7/fix,/novatel/oem7/odom,39.663,-75.756,-1.800712934,0.001349452,0.000309662,0.000335193,0.001307160,0.000309662,,,
1786043875896052404,1786043875.895554673,/novatel/oem7/odom,/novatel/oem7/fix,/novatel/oem7/odom,39.663,-75.756,-1.800712934,0.001349452,0.000309662,0.000335193,0.001307160,0.000309662,,,
1786043875906672927,1786043875.906082924,/novatel/oem7/inspva,/novatel/oem7/inspva,/novatel/oem7/inspva,39.663,-75.756,-1.800716437,0.001069089,0.000132992,0.001067712,0.000054243,0.000132992,,novatel_oem7_msgs.msg.InertialSolutionStatus(status=3),
1786043875907961268,1786043875.906325816,/novatel/oem7/fix,/novatel/oem7/fix,/novatel/oem7/inspva,39.663,-75.756,-1.800716437,0.001069089,0.000132992,0.001067712,0.000054243,0.000132992,,0,
1786043875908573129,1786043875.906614225,/novatel/oem7/odom,/novatel/oem7/fix,/novatel/oem7/odom,39.663,-75.756,-1.800716437,0.001068665,0.000136357,0.000111313,0.001062852,0.000136357,,,
1786043875910199868,1786043875.909455774,/novatel/oem7/bestpos,/novatel/oem7/bestpos,/novatel/oem7/odom,39.663,-75.756,33.181688192,0.001068665,0.000136357,0.000111313,0.001062852,0.000136357,,novatel_oem7_msgs.msg.SolutionStatus(status=0),novatel_oem7_msgs.msg.PositionOrVelocityType(type=53)
1786043875911212877,1786043875.910090778,/novatel/oem7/bestvel,/novatel/oem7/bestpos,/novatel/oem7/bestvel,39.663,-75.756,33.181688192,0.001014116,0.000197032,,,,359.447642099,novatel_oem7_msgs.msg.SolutionStatus(status=0),novatel_oem7_msgs.msg.PositionOrVelocityType(type=53)
1786043875914992091,1786043875.914447072,/novatel/oem7/odom,/novatel/oem7/bestpos,/novatel/oem7/odom,39.663,-75.756,33.181688192,0.001068665,0.000136357,0.000111313,0.001062852,0.000136357,,,
1786043875927031040,1786043875.926497402,/novatel/oem7/inspva,/novatel/oem7/inspva,/novatel/oem7/inspva,39.663,-75.756,-1.800718961,0.001574165,-0.000214025,0.001529448,0.000372538,-0.000214025,,novatel_oem7_msgs.msg.InertialSolutionStatus(status=3),
1786043875927902381,1786043875.926685604,/novatel/oem7/fix,/novatel/oem7/fix,/novatel/oem7/inspva,39.663,-75.756,-1.800718961,0.001574165,-0.000214025,0.001529448,0.000372538,-0.000214025,,0,
1786043875928603246,1786043875.927262316,/novatel/oem7/odom,/novatel/oem7/fix,/novatel/oem7/odom,39.663,-75.756,-1.800718961,0.001574945,-0.000208204,0.000455304,0.001507697,-0.000208204,,,
1786043875935739845,1786043875.935077695,/novatel/oem7/odom,/novatel/oem7/fix,/novatel/oem7/odom,39.663,-75.756,-1.800718961,0.001574945,-0.000208204,0.000455304,0.001507697,-0.000208204,,,
1786043875945927541,1786043875.945060927,/novatel/oem7/inspva,/novatel/oem7/inspva,/novatel/oem7/inspva,39.663,-75.756,-1.800717618,0.001106731,0.000002283,0.001097955,0.000139102,0.000002283,,novatel_oem7_msgs.msg.InertialSolutionStatus(status=3),
1786043875947004378,1786043875.945358697,/novatel/oem7/fix,/novatel/oem7/fix,/novatel/oem7/inspva,39.663,-75.756,-1.800717618,0.001106731,0.000002283,0.001097955,0.000139102,0.000002283,,0,
1786043875947745281,1786043875.946021561,/novatel/oem7/odom,/novatel/oem7/fix,/novatel/oem7/odom,39.663,-75.756,-1.800717618,0.001106717,0.000006015,0.000198159,0.001088833,0.000006015,,,
1786043875956705210,1786043875.956072709,/novatel/oem7/odom,/novatel/oem7/fix,/novatel/oem7/odom,39.663,-75.756,-1.800717618,0.001106717,0.000006015,0.000198159,0.001088833,0.000006015,,,
1786043875965717738,1786043875.965181772,/novatel/oem7/inspva,/novatel/oem7/inspva,/novatel/oem7/inspva,39.663,-75.756,-1.800720945,0.001787666,-0.000234276,0.001717069,0.000497417,-0.000234276,,novatel_oem7_msgs.msg.InertialSolutionStatus(status=3),
1786043875966640801,1786043875.965387444,/novatel/oem7/fix,/novatel/oem7/fix,/novatel/oem7/inspva,39.663,-75.756,-1.800720945,0.001787666,-0.000234276,0.001717069,0.000497417,-0.000234276,,0,
1786043875967237751,1786043875.965990437,/novatel/oem7/odom,/novatel/oem7/fix,/novatel/oem7/odom,39.663,-75.756,-1.800720945,0.001788541,-0.000227499,0.000590213,0.001688351,-0.000227499,,,
1786043875975900489,1786043875.974882918,/novatel/oem7/odom,/novatel/oem7/fix,/novatel/oem7/odom,39.663,-75.756,-1.800720945,0.001788541,-0.000227499,0.000590213,0.001688351,-0.000227499,,,
1786043875986671865,1786043875.986041442,/novatel/oem7/inspva,/novatel/oem7/inspva,/novatel/oem7/inspva,39.663,-75.756,-1.800721164,0.001481922,-0.000126974,0.001476707,-0.000124217,-0.000126974,,novatel_oem7_msgs.msg.InertialSolutionStatus(status=3),
1786043875987563253,1786043875.986275784,/novatel/oem7/fix,/novatel/oem7/fix,/novatel/oem7/inspva,39.663,-75.756,-1.800721164,0.001481922,-0.000126974,0.001476707,-0.000124217,-0.000126974,,0,
1786043875988275421,1786043875.986879543,/novatel/oem7/odom,/novatel/oem7/fix,/novatel/oem7/odom,39.663,-75.756,-1.800721164,0.001482255,-0.000123024,-0.000043873,0.001481606,-0.000123024,,,
1786043875994977792,1786043875.994353693,/novatel/oem7/odom,/novatel/oem7/fix,/novatel/oem7/odom,39.663,-75.756,-1.800721164,0.001482255,-0.000123024,-0.000043873,0.001481606,-0.000123024,,,
1786043876011572042,1786043876.010153597,/novatel/oem7/inspva,/novatel/oem7/inspva,/novatel/oem7/inspva,39.663,-75.756,-1.800719894,0.001765745,0.000259338,0.001687426,0.000520045,0.000259338,,novatel_oem7_msgs.msg.InertialSolutionStatus(status=3),
1786043876013744767,1786043876.010475394,/novatel/oem7/fix,/novatel/oem7/fix,/novatel/oem7/inspva,39.663,-75.756,-1.800719894,0.001765745,0.000259338,0.001687426,0.000520045,0.000259338,,0,
1786043876015332220,1786043876.011669756,/novatel/oem7/odom,/novatel/oem7/fix,/novatel/oem7/odom,39.663,-75.756,-1.800719894,0.001764738,0.000266103,0.000609451,0.001656161,0.000266103,,,
1786043876017528212,1786043876.016034944,/novatel/oem7/odom,/novatel/oem7/fix,/novatel/oem7/odom,39.663,-75.756,-1.800719894,0.001764738,0.000266103,0.000609451,0.001656161,0.000266103,,,
1786043876026662582,1786043876.025726623,/novatel/oem7/bestpos,/novatel/oem7/bestpos,/novatel/oem7/odom,39.663,-75.756,33.181696711,0.001764738,0.000266103,0.000609451,0.001656161,0.000266103,,novatel_oem7_msgs.msg.SolutionStatus(status=0),novatel_oem7_msgs.msg.PositionOrVelocityType(type=53)
1786043876028250689,1786043876.026704036,/novatel/oem7/bestvel,/novatel/oem7/bestpos,/novatel/oem7/bestvel,39.663,-75.756,33.181696711,0.001685767,0.000363168,,,,12.483701124,novatel_oem7_msgs.msg.SolutionStatus(status=0),novatel_oem7_msgs.msg.PositionOrVelocityType(type=53)
1786043876029198598,1786043876.027130023,/novatel/oem7/inspva,/novatel/oem7/inspva,/novatel/oem7/inspva,39.663,-75.756,-1.800721706,0.001338226,0.000293594,0.001307833,0.000283589,0.000293594,,novatel_oem7_msgs.msg.InertialSolutionStatus(status=3),
1786043876030090764,1786043876.027296489,/novatel/oem7/fix,/novatel/oem7/fix,/novatel/oem7/inspva,39.663,-75.756,-1.800721706,0.001338226,0.000293594,0.001307833,0.000283589,0.000293594,,0,
1786043876031188552,1786043876.027681636,/novatel/oem7/odom,/novatel/oem7/fix,/novatel/oem7/odom,39.663,-75.756,-1.800721706,0.001337155,0.000298435,0.000352725,0.001289794,0.000298435,,,
1786043876035401228,1786043876.034684007,/novatel/oem7/odom,/novatel/oem7/fix,/novatel/oem7/odom,39.663,-75.756,-1.800721706,0.001337155,0.000298435,0.000352725,0.001289794,0.000298435,,,
1786043876048224858,1786043876.047212074,/novatel/oem7/inspva,/novatel/oem7/inspva,/novatel/oem7/inspva,39.663,-75.756,-1.800722854,0.001716377,0.000026291,0.001548789,0.000739730,0.000026291,,novatel_oem7_msgs.msg.InertialSolutionStatus(status=3),
1786043876050138105,1786043876.047358558,/novatel/oem7/fix,/novatel/oem7/fix,/novatel/oem7/inspva,39.663,-75.756,-1.800722854,0.001716377,0.000026291,0.001548789,0.000739730,0.000026291,,0,
1786043876051607680,1786043876.047950889,/novatel/oem7/odom,/novatel/oem7/fix,/novatel/oem7/odom,39.663,-75.756,-1.800722854,0.001716253,0.000033389,0.000822161,0.001506512,0.000033389,,,
1786043876056998135,1786043876.056088852,/novatel/oem7/odom,/novatel/oem7/fix,/novatel/oem7/odom,39.663,-75.756,-1.800722854,0.001716253,0.000033389,0.000822161,0.001506512,0.000033389,,,
1786043876065902369,1786043876.065064160,/novatel/oem7/inspva,/novatel/oem7/inspva,/novatel/oem7/inspva,39.663,-75.756,-1.800722035,0.001267652,0.000241600,0.001231994,0.000298552,0.000241600,,novatel_oem7_msgs.msg.InertialSolutionStatus(status=3),
1786043876067589016,1786043876.065318243,/novatel/oem7/fix,/novatel/oem7/fix,/novatel/oem7/inspva,39.663,-75.756,-1.800722035,0.001267652,0.000241600,0.001231994,0.000298552,0.000241600,,0,
1786043876068964984,1786043876.065750227,/novatel/oem7/odom,/novatel/oem7/fix,/novatel/oem7/odom,39.663,-75.756,-1.800722035,0.001266753,0.000246273,0.000363763,0.001213399,0.000246273,,,
1786043876076477870,1786043876.075183847,/novatel/oem7/odom,/novatel/oem7/fix,/novatel/oem7/odom,39.663,-75.756,-1.800722035,0.001266753,0.000246273,0.000363763,0.001213399,0.000246273,,,
1786043876086024311,1786043876.085346847,/novatel/oem7/inspva,/novatel/oem7/inspva,/novatel/oem7/inspva,39.663,-75.756,-1.800719589,0.001513147,0.000388745,0.001471555,0.000352334,0.000388745,,novatel_oem7_msgs.msg.InertialSolutionStatus(status=3),
1786043876087767791,1786043876.085713467,/novatel/oem7/fix,/novatel/oem7/fix,/novatel/oem7/inspva,39.663,-75.756,-1.800719589,0.001513147,0.000388745,0.001471555,0.000352334,0.000388745,,0,
1786043876089104229,1786043876.086180865,/novatel/oem7/odom,/novatel/oem7/fix,/novatel/oem7/odom,39.663,-75.756,-1.800719589,0.001511706,0.000394312,0.000429872,0.001449298,0.000394312,,,
1786043876096045186,1786043876.095221590,/novatel/oem7/odom,/novatel/oem7/fix,/novatel/oem7/odom,39.663,-75.756,-1.800719589,0.001511706,0.000394312,0.000429872,0.001449298,0.000394312,,,
1786043876106867246,1786043876.105936483,/novatel/oem7/inspva,/novatel/oem7/inspva,/novatel/oem7/inspva,39.663,-75.756,-1.800720452,0.001513606,0.000561635,0.001495925,0.000230674,0.000561635,,novatel_oem7_msgs.msg.InertialSolutionStatus(status=3),
1786043876108755965,1786043876.106288197,/novatel/oem7/fix,/novatel/oem7/fix,/novatel/oem7/inspva,39.663,-75.756,-1.800720452,0.001513606,0.000561635,0.001495925,0.000230674,0.000561635,,0,
1786043876110237361,1786043876.107304782,/novatel/oem7/odom,/novatel/oem7/fix,/novatel/oem7/odom,39.663,-75.756,-1.800720452,0.001511703,0.000394320,0.000429879,0.001449294,0.000394320,,,
1786043876112117583,1786043876.109583471,/novatel/oem7/bestpos,/novatel/oem7/bestpos,/novatel/oem7/odom,39.663,-75.756,33.181699735,0.001511703,0.000394320,0.000429879,0.001449294,0.000394320,,novatel_oem7_msgs.msg.SolutionStatus(status=0),novatel_oem7_msgs.msg.PositionOrVelocityType(type=53)
1786043876113339976,1786043876.110264781,/novatel/oem7/bestvel,/novatel/oem7/bestpos,/novatel/oem7/bestvel,39.663,-75.756,33.181699735,0.001627843,0.000460848,,,,11.035863243,novatel_oem7_msgs.msg.SolutionStatus(status=0),novatel_oem7_msgs.msg.PositionOrVelocityType(type=53)
1786043876115244458,1786043876.114364936,/novatel/oem7/odom,/novatel/oem7/bestpos,/novatel/oem7/odom,39.663,-75.756,33.181699735,0.001511655,0.000566866,0.000309095,0.001479717,0.000566866,,,
1786043876125600577,1786043876.124918750,/novatel/oem7/inspva,/novatel/oem7/inspva,/novatel/oem7/inspva,39.663,-75.756,-1.800722308,0.001190841,0.000183178,0.001107707,0.000437136,0.000183178,,novatel_oem7_msgs.msg.InertialSolutionStatus(status=3),
1786043876126976301,1786043876.125191470,/novatel/oem7/fix,/novatel/oem7/fix,/novatel/oem7/inspva,39.663,-75.756,-1.800722308,0.001190841,0.000183178,0.001107707,0.000437136,0.000183178,,0,
1786043876128131630,1786043876.125665788,/novatel/oem7/odom,/novatel/oem7/fix,/novatel/oem7/odom,39.663,-75.756,-1.800722308,0.001190095,0.000187961,0.000495644,0.001081972,0.000187961,,,
1786043876136399754,1786043876.135564910,/novatel/oem7/odom,/novatel/oem7/fix,/novatel/oem7/odom,39.663,-75.756,-1.800722308,0.001190095,0.000187961,0.000495644,0.001081972,0.000187961,,,
1786043876145829173,1786043876.145004909,/novatel/oem7/inspva,/novatel/oem7/inspva,/novatel/oem7/inspva,39.663,-75.756,-1.800722076,0.001165054,0.000347008,0.001069039,0.000463147,0.000347008,,novatel_oem7_msgs.msg.InertialSolutionStatus(status=3),
1786043876147619155,1786043876.145298795,/novatel/oem7/fix,/novatel/oem7/fix,/novatel/oem7/inspva,39.663,-75.756,-1.800722076,0.001165054,0.000347008,0.001069039,0.000463147,0.000347008,,0,
1786043876148960615,1786043876.145611747,/novatel/oem7/odom,/novatel/oem7/fix,/novatel/oem7/odom,39.663,-75.756,-1.800722076,0.001163626,0.000351764,0.000518939,0.001041503,0.000351764,,,
1786043876156541292,1786043876.155693661,/novatel/oem7/odom,/novatel/oem7/fix,/novatel/oem7/odom,39.663,-75.756,-1.800722076,0.001163626,0.000351764,0.000518939,0.001041503,0.000351764,,,
1786043876167558865,1786043876.166628289,/novatel/oem7/inspva,/novatel/oem7/inspva,/novatel/oem7/inspva,39.663,-75.756,-1.800724407,0.001208514,0.000141430,0.001091439,0.000518911,0.000141430,,novatel_oem7_msgs.msg.InertialSolutionStatus(status=3),
1786043876169130438,1786043876.166908342,/novatel/oem7/fix,/novatel/oem7/fix,/novatel/oem7/inspva,39.663,-75.756,-1.800724407,0.001208514,0.000141430,0.001091439,0.000518911,0.000141430,,0,
1786043876170267426,1786043876.167179522,/novatel/oem7/odom,/novatel/oem7/fix,/novatel/oem7/odom,39.663,-75.756,-1.800724407,0.001207917,0.000146446,0.000576574,0.001061426,0.000146446,,,
1786043876175922687,1786043876.174985840,/novatel/oem7/odom,/novatel/oem7/fix,/novatel/oem7/odom,39.663,-75.756,-1.800724407,0.001207917,0.000146446,0.000576574,0.001061426,0.000146446,,,
1786043876186307662,1786043876.185495247,/novatel/oem7/inspva,/novatel/oem7/inspva,/novatel/oem7/inspva,39.663,-75.756,-1.800726131,0.001296527,0.000076422,0.001167515,0.000563818,0.000076422,,novatel_oem7_msgs.msg.InertialSolutionStatus(status=3),
1786043876188205342,1786043876.185746180,/novatel/oem7/fix,/novatel/oem7/fix,/novatel/oem7/inspva,39.663,-75.756,-1.800726131,0.001296527,0.000076422,0.001167515,0.000563818,0.000076422,,0,
1786043876189701347,1786043876.186353540,/novatel/oem7/odom,/novatel/oem7/fix,/novatel/oem7/odom,39.663,-75.756,-1.800726131,0.001296198,0.000081813,0.000625747,0.001135152,0.000081813,,,
1786043876196439869,1786043876.195715928,/novatel/oem7/odom,/novatel/oem7/fix,/novatel/oem7/odom,39.663,-75.756,-1.800726131,0.001296198,0.000081813,0.000625747,0.001135152,0.000081813,,,
1786043876207235386,1786043876.206497968,/novatel/oem7/inspva,/novatel/oem7/inspva,/novatel/oem7/inspva,39.663,-75.756,-1.800724668,0.000872108,0.000406200,0.000782531,0.000384991,0.000406200,,novatel_oem7_msgs.msg.InertialSolutionStatus(status=3),
1786043876208771558,1786043876.206703860,/novatel/oem7/fix,/novatel/oem7/fix,/novatel/oem7/inspva,39.663,-75.756,-1.800724668,0.000872108,0.000406200,0.000782531,0.000384991,0.000406200,,0,
1786043876209838805,1786043876.207214129,/novatel/oem7/odom,/novatel/oem7/fix,/novatel/oem7/odom,39.663,-75.756,-1.800724668,0.000870408,0.000409831,0.000425220,0.000759472,0.000409831,,,
1786043876211352475,1786043876.210531336,/novatel/oem7/bestpos,/novatel/oem7/bestpos,/novatel/oem7/odom,39.663,-75.756,33.181698621,0.000870408,0.000409831,0.000425220,0.000759472,0.000409831,,novatel_oem7_msgs.msg.SolutionStatus(status=0),novatel_oem7_msgs.msg.PositionOrVelocityType(type=53)
1786043876212737385,1786043876.210991101,/novatel/oem7/bestvel,/novatel/oem7/bestpos,/novatel/oem7/bestvel,39.663,-75.756,33.181698621,0.000732531,0.000504291,,,,28.962167467,novatel_oem7_msgs.msg.SolutionStatus(status=0),novatel_oem7_msgs.msg.PositionOrVelocityType(type=53)
1786043876215586714,1786043876.214916117,/novatel/oem7/odom,/novatel/oem7/bestpos,/novatel/oem7/odom,39.663,-75.756,33.181698621,0.000870408,0.000409831,0.000425220,0.000759472,0.000409831,,,
1786043876226967214,1786043876.226264333,/novatel/oem7/inspva,/novatel/oem7/inspva,/novatel/oem7/inspva,39.663,-75.756,-1.800727972,0.001134180,0.000340131,0.001007169,0.000521511,0.000340131,,novatel_oem7_msgs.msg.InertialSolutionStatus(status=3),
1786043876228453515,1786043876.226541080,/novatel/oem7/fix,/novatel/oem7/fix,/novatel/oem7/inspva,39.663,-75.756,-1.800727972,0.001134180,0.000340131,0.001007169,0.000521511,0.000340131,,0,
1786043876229540860,1786043876.226935650,/novatel/oem7/odom,/novatel/oem7/fix,/novatel/oem7/odom,39.663,-75.756,-1.800727972,0.001132743,0.000344889,0.000573903,0.000976596,0.000344889,,,
1786043876235177151,1786043876.234477283,/novatel/oem7/odom,/novatel/oem7/fix,/novatel/oem7/odom,39.663,-75.756,-1.800727972,0.001132743,0.000344889,0.000573903,0.000976596,0.000344889,,,
1786043876245691658,1786043876.245103642,/novatel/oem7/inspva,/novatel/oem7/inspva,/novatel/oem7/inspva,39.663,-75.756,-1.800732356,0.000923639,0.000011688,0.000697246,0.000605771,0.000011688,,novatel_oem7_msgs.msg.InertialSolutionStatus(status=3),
1786043876247024378,1786043876.245266130,/novatel/oem7/fix,/novatel/oem7/fix,/novatel/oem7/inspva,39.663,-75.756,-1.800732356,0.000923639,0.000011688,0.000697246,0.000605771,0.000011688,,0,
1786043876248067989,1786043876.245655287,/novatel/oem7/odom,/novatel/oem7/fix,/novatel/oem7/odom,39.663,-75.756,-1.800732356,0.000923578,0.000015818,0.000642474,0.000663493,0.000015818,,,
1786043876257160505,1786043876.256286096,/novatel/oem7/odom,/novatel/oem7/fix,/novatel/oem7/odom,39.663,-75.756,-1.800732356,0.000923578,0.000015818,0.000642474,0.000663493,0.000015818,,,
1786043876265902857,1786043876.265128333,/novatel/oem7/inspva,/novatel/oem7/inspva,/novatel/oem7/inspva,39.663,-75.756,-1.800736827,0.001179094,-0.000073433,0.001001434,0.000622410,-0.000073433,,novatel_oem7_msgs.msg.InertialSolutionStatus(status=3),
1786043876267789683,1786043876.265353115,/novatel/oem7/fix,/novatel/oem7/fix,/novatel/oem7/inspva,39.663,-75.756,-1.800736827,0.001179094,-0.000073433,0.001001434,0.000622410,-0.000073433,,0,
1786043876268938125,1786043876.265963994,/novatel/oem7/odom,/novatel/oem7/fix,/novatel/oem7/odom,39.663,-75.756,-1.800736827,0.001179400,-0.000068353,0.000675805,0.000966577,-0.000068353,,,
1786043876275488768,1786043876.274609412,/novatel/oem7/odom,/novatel/oem7/fix,/novatel/oem7/odom,39.663,-75.756,-1.800736827,0.001179400,-0.000068353,0.000675805,0.000966577,-0.000068353,,,
1786043876287393123,1786043876.286672649,/novatel/oem7/inspva,/novatel/oem7/inspva,/novatel/oem7/inspva,39.663,-75.756,-1.800738554,0.000670866,0.000175442,0.000470224,0.000478488,0.000175442,,novatel_oem7_msgs.msg.InertialSolutionStatus(status=3),
1786043876289002839,1786043876.286856997,/novatel/oem7/fix,/novatel/oem7/fix,/novatel/oem7/inspva,39.663,-75.756,-1.800738554,0.000670866,0.000175442,0.000470224,0.000478488,0.000175442,,0,
1786043876290173801,1786043876.287654155,/novatel/oem7/odom,/novatel/oem7/fix,/novatel/oem7/odom,39.663,-75.756,-1.800738554,0.000670068,0.000178463,0.000502541,0.000443221,0.000178463,,,
1786043876295940140,1786043876.294926889,/novatel/oem7/odom,/novatel/oem7/fix,/novatel/oem7/odom,39.663,-75.756,-1.800738554,0.000670068,0.000178463,0.000502541,0.000443221,0.000178463,,,
1786043876306411477,1786043876.305797193,/novatel/oem7/inspva,/novatel/oem7/inspva,/novatel/oem7/inspva,39.663,-75.756,-1.800745188,0.001008750,-0.000064160,0.000874266,0.000503227,-0.000064160,,novatel_oem7_msgs.msg.InertialSolutionStatus(status=3),
1786043876307776194,1786043876.305979622,/novatel/oem7/fix,/novatel/oem7/fix,/novatel/oem7/inspva,39.663,-75.756,-1.800745188,0.001008750,-0.000064160,0.000874266,0.000503227,-0.000064160,,0,
1786043876308827174,1786043876.306527671,/novatel/oem7/odom,/novatel/oem7/fix,/novatel/oem7/odom,39.663,-75.756,-1.800745188,0.001009014,-0.000059865,0.000549901,0.000846002,-0.000059865,,,
1786043876310341797,1786043876.309390727,/novatel/oem7/bestpos,/novatel/oem7/bestpos,/novatel/oem7/odom,39.663,-75.756,33.181686049,0.001009014,-0.000059865,0.000549901,0.000846002,-0.000059865,,novatel_oem7_msgs.msg.SolutionStatus(status=0),novatel_oem7_msgs.msg.PositionOrVelocityType(type=53)
1786043876311753038,1786043876.310141851,/novatel/oem7/bestvel,/novatel/oem7/bestpos,/novatel/oem7/bestvel,39.663,-75.756,33.181686049,0.000700425,0.000225383,,,,12.807232545,novatel_oem7_msgs.msg.SolutionStatus(status=0),novatel_oem7_msgs.msg.PositionOrVelocityType(type=53)
1786043876316368351,1786043876.315692754,/novatel/oem7/odom,/novatel/oem7/bestpos,/novatel/oem7/odom,39.663,-75.756,33.181686049,0.001009014,-0.000059865,0.000549901,0.000846002,-0.000059865,,,
1786043876325987689,1786043876.325414023,/novatel/oem7/inspva,/novatel/oem7/inspva,/novatel/oem7/inspva,39.663,-75.756,-1.800747095,0.000581634,0.000033575,0.000437619,0.000383129,0.000033575,,novatel_oem7_msgs.msg.InertialSolutionStatus(status=3),
1786043876327337937,1786043876.325675930,/novatel/oem7/fix,/novatel/oem7/fix,/novatel/oem7/inspva,39.663,-75.756,-1.800747095,0.000581634,0.000033575,0.000437619,0.000383129,0.000033575,,0,
1786043876328610470,1786043876.326213475,/novatel/oem7/odom,/novatel/oem7/fix,/novatel/oem7/odom,39.663,-75.756,-1.800747095,0.000581478,0.000036172,0.000406067,0.000416205,0.000036172,,,
1786043876335690172,1786043876.334967301,/novatel/oem7/odom,/novatel/oem7/fix,/novatel/oem7/odom,39.663,-75.756,-1.800747095,0.000581478,0.000036172,0.000406067,0.000416205,0.000036172,,,
1786043876346594433,1786043876.345994587,/novatel/oem7/inspva,/novatel/oem7/inspva,/novatel/oem7/inspva,39.663,-75.756,-1.800752442,0.001182255,0.000000255,0.000909865,0.000754899,0.000000255,,novatel_oem7_msgs.msg.InertialSolutionStatus(status=3),
1786043876347952343,1786043876.346152232,/novatel/oem7/fix,/novatel/oem7/fix,/novatel/oem7/inspva,39.663,-75.756,-1.800752442,0.001182255,0.000000255,0.000909865,0.000754899,0.000000255,,0,
1786043876348995461,1786043876.346578202,/novatel/oem7/odom,/novatel/oem7/fix,/novatel/oem7/odom,39.663,-75.756,-1.800752442,0.001182242,0.000005517,0.000802902,0.000867781,0.000005517,,,
1786043876356903608,1786043876.356003172,/novatel/oem7/odom,/novatel/oem7/fix,/novatel/oem7/odom,39.663,-75.756,-1.800752442,0.001182242,0.000005517,0.000802902,0.000867781,0.000005517,,,
1786043876367315230,1786043876.365312354,/novatel/oem7/inspva,/novatel/oem7/inspva,/novatel/oem7/inspva,39.663,-75.756,-1.800757184,0.000688641,-0.000147795,0.000606226,0.000326676,-0.000147795,,novatel_oem7_msgs.msg.InertialSolutionStatus(status=3),
1786043876368885840,1786043876.365678874,/novatel/oem7/fix,/novatel/oem7/fix,/novatel/oem7/inspva,39.663,-75.756,-1.800757184,0.000688641,-0.000147795,0.000606226,0.000326676,-0.000147795,,0,
1786043876370307695,1786043876.366890626,/novatel/oem7/odom,/novatel/oem7/fix,/novatel/oem7/odom,39.663,-75.756,-1.800757184,0.001182242,0.000005520,0.000802901,0.000867782,0.000005520,,,
1786043876377076170,1786043876.375859835,/novatel/oem7/odom,/novatel/oem7/fix,/novatel/oem7/odom,39.663,-75.756,-1.800757184,0.000689259,-0.000144888,0.000359444,0.000588114,-0.000144888,,,
1786043876385888300,1786043876.385143552,/novatel/oem7/inspva,/novatel/oem7/inspva,/novatel/oem7/inspva,39.663,-75.756,-1.800764238,0.001143678,-0.000264313,0.000928276,0.000668059,-0.000264313,,novatel_oem7_msgs.msg.InertialSolutionStatus(status=3),
1786043876387540610,1786043876.385380794,/novatel/oem7/fix,/novatel/oem7/fix,/novatel/oem7/inspva,39.663,-75.756,-1.800764238,0.001143678,-0.000264313,0.000928276,0.000668059,-0.000264313,,0,
1786043876388884390,1786043876.385703485,/novatel/oem7/odom,/novatel/oem7/fix,/novatel/oem7/odom,39.663,-75.756,-1.800764238,0.001144830,-0.000259278,0.000718125,0.000891590,-0.000259278,,,
1786043876395236079,1786043876.394387640,/novatel/oem7/odom,/novatel/oem7/fix,/novatel/oem7/odom,39.663,-75.756,-1.800764238,0.001144830,-0.000259278,0.000718125,0.000891590,-0.000259278,,,
1786043876406852423,1786043876.406118576,/novatel/oem7/inspva,/novatel/oem7/inspva,/novatel/oem7/inspva,39.663,-75.756,-1.800766574,0.000563773,-0.000081343,0.000434393,0.000359363,-0.000081343,,novatel_oem7_msgs.msg.InertialSolutionStatus(status=3),
1786043876408397549,1786043876.406363782,/novatel/oem7/fix,/novatel/oem7/fix,/novatel/oem7/inspva,39.663,-75.756,-1.800766574,0.000563773,-0.000081343,0.000434393,0.000359363,-0.000081343,,0,
1786043876409535328,1786043876.406897551,/novatel/oem7/odom,/novatel/oem7/fix,/novatel/oem7/odom,39.663,-75.756,-1.800766574,0.000564129,-0.000078830,0.000382573,0.000414584,-0.000078830,,,
1786043876411096393,1786043876.410098136,/novatel/oem7/bestpos,/novatel/oem7/bestpos,/novatel/oem7/odom,39.663,-75.756,33.181655246,0.000564129,-0.000078830,0.000382573,0.000414584,-0.000078830,,novatel_oem7_msgs.msg.SolutionStatus(status=0),novatel_oem7_msgs.msg.PositionOrVelocityType(type=53)
1786043876412561375,1786043876.410598681,/novatel/oem7/bestvel,/novatel/oem7/bestpos,/novatel/oem7/bestvel,39.663,-75.756,33.181655246,0.000602562,-0.000086488,,,,22.373644004,novatel_oem7_msgs.msg.SolutionStatus(status=0),novatel_oem7_msgs.msg.PositionOrVelocityType(type=53)
1786043876415850552,1786043876.415152811,/novatel/oem7/odom,/novatel/oem7/bestpos,/novatel/oem7/odom,39.663,-75.756,33.181655246,0.000564129,-0.000078830,0.000382573,0.000414584,-0.000078830,,,
1786043876425787090,1786043876.424912867,/novatel/oem7/inspva,/novatel/oem7/inspva,/novatel/oem7/inspva,39.663,-75.756,-1.800770839,0.001017861,-0.000026458,0.000755949,0.000681603,-0.000026458,,novatel_oem7_msgs.msg.InertialSolutionStatus(status=3),
1786043876427602425,1786043876.425151824,/novatel/oem7/fix,/novatel/oem7/fix,/novatel/oem7/inspva,39.663,-75.756,-1.800770839,0.001017861,-0.000026458,0.000755949,0.000681603,-0.000026458,,0,
1786043876429036886,1786043876.425678509,/novatel/oem7/odom,/novatel/oem7/fix,/novatel/oem7/odom,39.663,-75.756,-1.800770839,0.001017969,-0.000021902,0.000721494,0.000718129,-0.000021902,,,
1786043876436164466,1786043876.435465892,/novatel/oem7/odom,/novatel/oem7/fix,/novatel/oem7/odom,39.663,-75.756,-1.800770839,0.001017969,-0.000021902,0.000721494,0.000718129,-0.000021902,,,
1786043876445793517,1786043876.445200524,/novatel/oem7/inspva,/novatel/oem7/inspva,/novatel/oem7/inspva,39.663,-75.756,-1.800774506,0.000844872,-0.000278909,0.000748932,0.000391038,-0.000278909,,novatel_oem7_msgs.msg.InertialSolutionStatus(status=3),
1786043876447171074,1786043876.445396376,/novatel/oem7/fix,/novatel/oem7/fix,/novatel/oem7/inspva,39.663,-75.756,-1.800774506,0.000844872,-0.000278909,0.000748932,0.000391038,-0.000278909,,0,
1786043876448269765,1786043876.445939372,/novatel/oem7/odom,/novatel/oem7/fix,/novatel/oem7/odom,39.663,-75.756,-1.800774506,0.000846037,-0.000275356,0.000431876,0.000727504,-0.000275356,,,
1786043876457301474,1786043876.456301181,/novatel/oem7/odom,/novatel/oem7/fix,/novatel/oem7/odom,39.663,-75.756,-1.800774506,0.000846037,-0.000275356,0.000431876,0.000727504,-0.000275356,,,
1786043876466862825,1786043876.466021790,/novatel/oem7/inspva,/novatel/oem7/inspva,/novatel/oem7/inspva,39.663,-75.756,-1.800778863,0.000976804,-0.000295227,0.000936425,0.000277948,-0.000295227,,novatel_oem7_msgs.msg.InertialSolutionStatus(status=3),
1786043876468998080,1786043876.466268753,/novatel/oem7/fix,/novatel/oem7/fix,/novatel/oem7/inspva,39.663,-75.756,-1.800778863,0.000976804,-0.000295227,0.000936425,0.000277948,-0.000295227,,0,
1786043876470575773,1786043876.466817994,/novatel/oem7/odom,/novatel/oem7/fix,/novatel/oem7/odom,39.663,-75.756,-1.800778863,0.000977921,-0.000291507,0.000329132,0.000920870,-0.000291507,,,
1786043876475453909,1786043876.474612425,/novatel/oem7/odom,/novatel/oem7/fix,/novatel/oem7/odom,39.663,-75.756,-1.800778863,0.000977921,-0.000291507,0.000329132,0.000920870,-0.000291507,,,
1786043876485946593,1786043876.485215942,/novatel/oem7/inspva,/novatel/oem7/inspva,/novatel/oem7/inspva,39.663,-75.756,-1.800782344,0.001026997,-0.000188561,0.000906767,0.000482179,-0.000188561,,novatel_oem7_msgs.msg.InertialSolutionStatus(status=3),
1786043876487612426,1786043876.485464341,/novatel/oem7/fix,/novatel/oem7/fix,/novatel/oem7/inspva,39.663,-75.756,-1.800782344,0.001026997,-0.000188561,0.000906767,0.000482179,-0.000188561,,0,
1786043876488710334,1786043876.485903069,/novatel/oem7/odom,/novatel/oem7/fix,/novatel/oem7/odom,39.663,-75.756,-1.800782344,0.001027782,-0.000184236,0.000531080,0.000879937,-0.000184236,,,
1786043876496903485,1786043876.495595975,/novatel/oem7/odom,/novatel/oem7/fix,/novatel/oem7/odom,39.663,-75.756,-1.800782344,0.001027782,-0.000184236,0.000531080,0.000879937,-0.000184236,,,
1786043876506602290,1786043876.505906153,/novatel/oem7/inspva,/novatel/oem7/inspva,/novatel/oem7/inspva,39.663,-75.756,-1.800789166,0.001015279,-0.000180714,0.000984736,0.000247159,-0.000180714,,novatel_oem7_msgs.msg.InertialSolutionStatus(status=3),
1786043876508094119,1786043876.506139042,/novatel/oem7/fix,/novatel/oem7/fix,/novatel/oem7/inspva,39.663,-75.756,-1.800789166,0.001015279,-0.000180714,0.000984736,0.000247159,-0.000180714,,0,
1786043876509203256,1786043876.506684268,/novatel/oem7/odom,/novatel/oem7/fix,/novatel/oem7/odom,39.663,-75.756,-1.800789166,0.001015940,-0.000176961,0.000300585,0.000970455,-0.000176961,,,
1786043876512134046,1786043876.511411139,/novatel/oem7/bestpos,/novatel/oem7/bestpos,/novatel/oem7/odom,39.663,-75.756,33.181634466,0.001015940,-0.000176961,0.000300585,0.000970455,-0.000176961,,novatel_oem7_msgs.msg.SolutionStatus(status=0),novatel_oem7_msgs.msg.PositionOrVelocityType(type=53)
1786043876513655982,1786043876.512319325,/novatel/oem7/bestvel,/novatel/oem7/bestpos,/novatel/oem7/bestvel,39.663,-75.756,33.181634466,0.000857826,-0.000141037,,,,34.686463372,novatel_oem7_msgs.msg.SolutionStatus(status=0),novatel_oem7_msgs.msg.PositionOrVelocityType(type=53)
1786043876515255735,1786043876.514491060,/novatel/oem7/odom,/novatel/oem7/bestpos,/novatel/oem7/odom,39.663,-75.756,33.181634466,0.001015940,-0.000176961,0.000300585,0.000970455,-0.000176961,,,
1786043876527620361,1786043876.526579067,/novatel/oem7/inspva,/novatel/oem7/inspva,/novatel/oem7/inspva,39.663,-75.756,-1.800795023,0.001018133,-0.000405242,0.000871705,0.000526047,-0.000405242,,novatel_oem7_msgs.msg.InertialSolutionStatus(status=3),
1786043876529998757,1786043876.526908127,/novatel/oem7/fix,/novatel/oem7/fix,/novatel/oem7/inspva,39.663,-75.756,-1.800795023,0.001018133,-0.000405242,0.000871705,0.000526047,-0.000405242,,0,
1786043876530830697,1786043876.527446316,/novatel/oem7/odom,/novatel/oem7/fix,/novatel/oem7/odom,39.663,-75.756,-1.800795023,0.001019861,-0.000400874,0.000573768,0.000843153,-0.000400874,,,
1786043876535010354,1786043876.534622899,/novatel/oem7/odom,/novatel/oem7/fix,/novatel/oem7/odom,39.663,-75.756,-1.800795023,0.001019861,-0.000400874,0.000573768,0.000843153,-0.000400874,,,
1786043876545498726,1786043876.544935107,/novatel/oem7/inspva,/novatel/oem7/inspva,/novatel/oem7/inspva,39.663,-75.756,-1.800796971,0.000963070,-0.000025791,0.000905215,0.000328770,-0.000025791,,novatel_oem7_msgs.msg.InertialSolutionStatus(status=3),
1786043876546883400,1786043876.545121846,/novatel/oem7/fix,/novatel/oem7/fix,/novatel/oem7/inspva,39.663,-75.756,-1.800796971,0.000963070,-0.000025791,0.000905215,0.000328770,-0.000025791,,0,
1786043876547810950,1786043876.545629188,/novatel/oem7/odom,/novatel/oem7/fix,/novatel/oem7/odom,39.663,-75.756,-1.800796971,0.000963164,-0.000022009,0.000377238,0.000886215,-0.000022009,,,
1786043876556609653,1786043876.555649930,/novatel/oem7/odom,/novatel/oem7/fix,/novatel/oem7/odom,39.663,-75.756,-1.800796971,0.000963164,-0.000022009,0.000377238,0.000886215,-0.000022009,,,
1786043876566153417,1786043876.565256501,/novatel/oem7/inspva,/novatel/oem7/inspva,/novatel/oem7/inspva,39.663,-75.756,-1.800803881,0.001201522,-0.000314472,0.001201356,-0.000020007,-0.000314472,,novatel_oem7_msgs.msg.InertialSolutionStatus(status=3),
1786043876568053220,1786043876.565541621,/novatel/oem7/fix,/novatel/oem7/fix,/novatel/oem7/inspva,39.663,-75.756,-1.800803881,0.001201522,-0.000314472,0.001201356,-0.000020007,-0.000314472,,0,
1786043876569573019,1786043876.566152901,/novatel/oem7/odom,/novatel/oem7/fix,/novatel/oem7/odom,39.663,-75.756,-1.800803881,0.001202425,-0.000311004,0.000045973,0.001201545,-0.000311004,,,
1786043876575955050,1786043876.574994464,/novatel/oem7/odom,/novatel/oem7/fix,/novatel/oem7/odom,39.663,-75.756,-1.800803881,0.001202425,-0.000311004,0.000045973,0.001201545,-0.000311004,,,
1786043876587033160,1786043876.586059937,/novatel/oem7/inspva,/novatel/oem7/inspva,/novatel/oem7/inspva,39.663,-75.756,-1.800806140,0.000893492,-0.000223507,0.000890419,0.000074037,-0.000223507,,novatel_oem7_msgs.msg.InertialSolutionStatus(status=3),
1786043876588654263,1786043876.586372763,/novatel/oem7/fix,/novatel/oem7/fix,/novatel/oem7/inspva,39.663,-75.756,-1.800806140,0.000893492,-0.000223507,0.000890419,0.000074037,-0.000223507,,0,
1786043876589737074,1786043876.586993793,/novatel/oem7/odom,/novatel/oem7/fix,/novatel/oem7/odom,39.663,-75.756,-1.800806140,0.000894205,-0.000220635,0.000122786,0.000885735,-0.000220635,,,
1786043876595707692,1786043876.594694365,/novatel/oem7/odom,/novatel/oem7/fix,/novatel/oem7/odom,39.663,-75.756,-1.800806140,0.000894205,-0.000220635,0.000122786,0.000885735,-0.000220635,,,
1786043876607318586,1786043876.606562939,/novatel/oem7/inspva,/novatel/oem7/inspva,/novatel/oem7/inspva,39.663,-75.756,-1.800804348,0.001086804,0.000322341,0.001075201,0.000158383,0.000322341,,novatel_oem7_msgs.msg.InertialSolutionStatus(status=3),
1786043876608829539,1786043876.606800478,/novatel/oem7/fix,/novatel/oem7/fix,/novatel/oem7/inspva,39.663,-75.756,-1.800804348,0.001086804,0.000322341,0.001075201,0.000158383,0.000322341,,0,
1786043876610045138,1786043876.607621063,/novatel/oem7/odom,/novatel/oem7/fix,/novatel/oem7/odom,39.663,-75.756,-1.800804348,0.001085700,0.000326040,0.000215044,0.001064190,0.000326040,,,
1786043876611704711,1786043876.609918477,/novatel/oem7/bestpos,/novatel/oem7/bestpos,/novatel/oem7/odom,39.663,-75.756,33.181626446,0.001085700,0.000326040,0.000215044,0.001064190,0.000326040,,novatel_oem7_msgs.msg.SolutionStatus(status=0),novatel_oem7_msgs.msg.PositionOrVelocityType(type=53)
1786043876612653714,1786043876.610280267,/novatel/oem7/bestvel,/novatel/oem7/bestpos,/novatel/oem7/bestvel,39.663,-75.756,33.181626446,0.000984056,0.000366865,,,,11.625349398,novatel_oem7_msgs.msg.SolutionStatus(status=0),novatel_oem7_msgs.msg.PositionOrVelocityType(type=53)
1786043876616112806,1786043876.615445723,/novatel/oem7/odom,/novatel/oem7/bestpos,/novatel/oem7/odom,39.663,-75.756,33.181626446,0.001085700,0.000326040,0.000215044,0.001064190,0.000326040,,,
1786043876626129265,1786043876.625230896,/novatel/oem7/inspva,/novatel/oem7/inspva,/novatel/oem7/inspva,39.663,-75.756,-1.800809879,0.000862881,0.000059350,0.000831057,0.000232179,0.000059350,,novatel_oem7_msgs.msg.InertialSolutionStatus(status=3),
1786043876627775089,1786043876.625503385,/novatel/oem7/fix,/novatel/oem7/fix,/novatel/oem7/inspva,39.663,-75.756,-1.800809879,0.000862881,0.000059350,0.000831057,0.000232179,0.000059350,,0,
1786043876628950911,1786043876.626048487,/novatel/oem7/odom,/novatel/oem7/fix,/novatel/oem7/odom,39.663,-75.756,-1.800809879,0.000862652,0.000062581,0.000276500,0.000817139,0.000062581,,,
1786043876635721079,1786043876.634681765,/novatel/oem7/odom,/novatel/oem7/fix,/novatel/oem7/odom,39.663,-75.756,-1.800809879,0.000862652,0.000062581,0.000276500,0.000817139,0.000062581,,,
1786043876647668948,1786043876.646713452,/novatel/oem7/inspva,/novatel/oem7/inspva,/novatel/oem7/inspva,39.663,-75.756,-1.800812101,0.000913297,0.000091975,0.000803137,0.000434837,0.000091975,,novatel_oem7_msgs.msg.InertialSolutionStatus(status=3),
1786043876649567451,1786043876.647007375,/novatel/oem7/fix,/novatel/oem7/fix,/novatel/oem7/inspva,39.663,-75.756,-1.800812101,0.000913297,0.000091975,0.000803137,0.000434837,0.000091975,,0,
1786043876650927394,1786043876.647479676,/novatel/oem7/odom,/novatel/oem7/fix,/novatel/oem7/odom,39.663,-75.756,-1.800812101,0.000912902,0.000095817,0.000477238,0.000778225,0.000095817,,,
1786043876657589416,1786043876.656678436,/novatel/oem7/odom,/novatel/oem7/fix,/novatel/oem7/odom,39.663,-75.756,-1.800812101,0.000912902,0.000095817,0.000477238,0.000778225,0.000095817,,,
1786043876666268671,1786043876.665037535,/novatel/oem7/inspva,/novatel/oem7/inspva,/novatel/oem7/inspva,39.663,-75.756,-1.800815257,0.000667441,0.000142910,0.000305504,0.000593418,0.000142910,,novatel_oem7_msgs.msg.InertialSolutionStatus(status=3),
1786043876667825692,1786043876.665387872,/novatel/oem7/fix,/novatel/oem7/fix,/novatel/oem7/inspva,39.663,-75.756,-1.800815257,0.000667441,0.000142910,0.000305504,0.000593418,0.000142910,,0,
1786043876668662554,1786043876.666156600,/novatel/oem7/odom,/novatel/oem7/fix,/novatel/oem7/odom,39.663,-75.756,-1.800815257,0.000666810,0.000145824,0.000608538,0.000272612,0.000145824,,,
1786043876676269735,1786043876.675710380,/novatel/oem7/odom,/novatel/oem7/fix,/novatel/oem7/odom,39.663,-75.756,-1.800815257,0.000666810,0.000145824,0.000608538,0.000272612,0.000145824,,,
1786043876685863659,1786043876.685442473,/novatel/oem7/inspva,/novatel/oem7/inspva,/novatel/oem7/inspva,39.663,-75.756,-1.800815799,0.000793039,0.000262932,0.000738641,0.000288653,0.000262932,,novatel_oem7_msgs.msg.InertialSolutionStatus(status=3),
1786043876687453932,1786043876.685661978,/novatel/oem7/fix,/novatel/oem7/fix,/novatel/oem7/inspva,39.663,-75.756,-1.800815799,0.000793039,0.000262932,0.000738641,0.000288653,0.000262932,,0,
1786043876688126781,1786043876.686418186,/novatel/oem7/odom,/novatel/oem7/fix,/novatel/oem7/odom,39.663,-75.756,-1.800815799,0.000791989,0.000266077,0.000327183,0.000721247,0.000266077,,,
1786043876696012671,1786043876.695275413,/novatel/oem7/odom,/novatel/oem7/fix,/novatel/oem7/odom,39.663,-75.756,-1.800815799,0.000791989,0.000266077,0.000327183,0.000721247,0.000266077,,,
1786043876706593855,1786043876.705799784,/novatel/oem7/inspva,/novatel/oem7/inspva,/novatel/oem7/inspva,39.663,-75.756,-1.800818527,0.000600846,0.000270997,0.000365006,0.000477270,0.000270997,,novatel_oem7_msgs.msg.InertialSolutionStatus(status=3),
1786043876707604101,1786043876.705991626,/novatel/oem7/fix,/novatel/oem7/fix,/novatel/oem7/inspva,39.663,-75.756,-1.800818527,0.000600846,0.000270997,0.000365006,0.000477270,0.000270997,,0,
1786043876708098870,1786043876.706623478,/novatel/oem7/odom,/novatel/oem7/fix,/novatel/oem7/odom,39.663,-75.756,-1.800818527,0.000599624,0.000273689,0.000495318,0.000337949,0.000273689,,,
1786043876709284804,1786043876.708868825,/novatel/oem7/bestpos,/novatel/oem7/bestpos,/novatel/oem7/odom,39.663,-75.756,33.181611780,0.000599624,0.000273689,0.000495318,0.000337949,0.000273689,,novatel_oem7_msgs.msg.SolutionStatus(status=0),novatel_oem7_msgs.msg.PositionOrVelocityType(type=53)
1786043876709981800,1786043876.709197055,/novatel/oem7/bestvel,/novatel/oem7/bestpos,/novatel/oem7/bestvel,39.663,-75.756,33.181611780,0.000877040,0.000056389,,,,50.455282047,novatel_oem7_msgs.msg.SolutionStatus(status=0),novatel_oem7_msgs.msg.PositionOrVelocityType(type=53)
1786043876714780251,1786043876.714431352,/novatel/oem7/odom,/novatel/oem7/bestpos,/novatel/oem7/odom,39.663,-75.756,33.181611780,0.000599624,0.000273689,0.000495318,0.000337949,0.000273689,,,
1786043876725833737,1786043876.725310456,/novatel/oem7/inspva,/novatel/oem7/inspva,/novatel/oem7/inspva,39.663,-75.756,-1.800816209,0.000569464,0.000436684,0.000389917,0.000415035,0.000436684,,novatel_oem7_msgs.msg.InertialSolutionStatus(status=3),
1786043876726729772,1786043876.725530925,/novatel/oem7/fix,/novatel/oem7/fix,/novatel/oem7/inspva,39.663,-75.756,-1.800816209,0.000569464,0.000436684,0.000389917,0.000415035,0.000436684,,0,
1786043876727330868,1786043876.726119184,/novatel/oem7/odom,/novatel/oem7/fix,/novatel/oem7/odom,39.663,-75.756,-1.800816209,0.000567495,0.000439239,0.000433930,0.000365726,0.000439239,,,
1786043876736378064,1786043876.735704730,/novatel/oem7/odom,/novatel/oem7/fix,/novatel/oem7/odom,39.663,-75.756,-1.800816209,0.000567495,0.000439239,0.000433930,0.000365726,0.000439239,,,
1786043876745737143,1786043876.745187201,/novatel/oem7/inspva,/novatel/oem7/inspva,/novatel/oem7/inspva,39.663,-75.756,-1.800816062,0.000656200,0.000510585,0.000286195,0.000590501,0.000510585,,novatel_oem7_msgs.msg.InertialSolutionStatus(status=3),
1786043876746831404,1786043876.745449911,/novatel/oem7/fix,/novatel/oem7/fix,/novatel/oem7/inspva,39.663,-75.756,-1.800816062,0.000656200,0.000510585,0.000286195,0.000590501,0.000510585,,0,
1786043876747585673,1786043876.745996936,/novatel/oem7/odom,/novatel/oem7/fix,/novatel/oem7/odom,39.663,-75.756,-1.800816062,0.000653974,0.000513433,0.000603273,0.000252474,0.000513433,,,
1786043876756357145,1786043876.755646128,/novatel/oem7/odom,/novatel/oem7/fix,/novatel/oem7/odom,39.663,-75.756,-1.800816062,0.000653974,0.000513433,0.000603273,0.000252474,0.000513433,,,
1786043876768683923,1786043876.767829241,/novatel/oem7/inspva,/novatel/oem7/inspva,/novatel/oem7/inspva,39.663,-75.756,-1.800815294,0.000805427,0.000401441,-0.000066922,0.000802642,0.000401441,,novatel_oem7_msgs.msg.InertialSolutionStatus(status=3),
1786043876769844543,1786043876.768162413,/novatel/oem7/fix,/novatel/oem7/fix,/novatel/oem7/inspva,39.663,-75.756,-1.800815294,0.000805427,0.000401441,-0.000066922,0.000802642,0.000401441,,0,
1786043876770559092,1786043876.768770128,/novatel/oem7/odom,/novatel/oem7/fix,/novatel/oem7/odom,39.663,-75.756,-1.800815294,0.000804158,0.000403977,0.000796422,-0.000111274,0.000403977,,,
1786043876775857824,1786043876.775281082,/novatel/oem7/odom,/novatel/oem7/fix,/novatel/oem7/odom,39.663,-75.756,-1.800815294,0.000804158,0.000403977,0.000796422,-0.000111274,0.000403977,,,
1786043876785701439,1786043876.785289417,/novatel/oem7/inspva,/novatel/oem7/inspva,/novatel/oem7/inspva,39.663,-75.756,-1.800817010,0.000633058,-0.000034563,0.000020611,0.000632722,-0.000034563,,novatel_oem7_msgs.msg.InertialSolutionStatus(status=3),
1786043876786715781,1786043876.785540229,/novatel/oem7/fix,/novatel/oem7/fix,/novatel/oem7/inspva,39.663,-75.756,-1.800817010,0.000633058,-0.000034563,0.000020611,0.000632722,-0.000034563,,0,
1786043876787530798,1786043876.786020508,/novatel/oem7/odom,/novatel/oem7/fix,/novatel/oem7/odom,39.663,-75.756,-1.800817010,0.000633175,-0.000032347,0.000633031,-0.000013500,-0.000032347,,,
1786043876796056656,1786043876.795481971,/novatel/oem7/odom,/novatel/oem7/fix,/novatel/oem7/odom,39.663,-75.756,-1.800817010,0.000633175,-0.000032347,0.000633031,-0.000013500,-0.000032347,,,
1786043876807539696,1786043876.806662712,/novatel/oem7/inspva,/novatel/oem7/inspva,/novatel/oem7/inspva,39.663,-75.756,-1.800810293,0.000361470,0.000671716,0.000103790,0.000346249,0.000671716,,novatel_oem7_msgs.msg.InertialSolutionStatus(status=3),
1786043876808851438,1786043876.807034955,/novatel/oem7/fix,/novatel/oem7/fix,/novatel/oem7/inspva,39.663,-75.756,-1.800810293,0.000361470,0.000671716,0.000103790,0.000346249,0.000671716,,0,
1786043876809706161,1786043876.807783206,/novatel/oem7/odom,/novatel/oem7/fix,/novatel/oem7/odom,39.663,-75.756,-1.800810293,0.000358721,0.000673188,0.000348963,0.000083096,0.000673188,,,
1786043876810727084,1786043876.809885688,/novatel/oem7/bestpos,/novatel/oem7/bestpos,/novatel/oem7/odom,39.663,-75.756,33.181625496,0.000358721,0.000673188,0.000348963,0.000083096,0.000673188,,novatel_oem7_msgs.msg.SolutionStatus(status=0),novatel_oem7_msgs.msg.PositionOrVelocityType(type=53)
1786043876811701125,1786043876.810354656,/novatel/oem7/bestvel,/novatel/oem7/bestpos,/novatel/oem7/bestvel,39.663,-75.756,33.181625496,0.000203601,0.000841979,,,,105.997170466,novatel_oem7_msgs.msg.SolutionStatus(status=0),novatel_oem7_msgs.msg.PositionOrVelocityType(type=53)
1786043876815529157,1786043876.815038143,/novatel/oem7/odom,/novatel/oem7/bestpos,/novatel/oem7/odom,39.663,-75.756,33.181625496,0.000358721,0.000673188,0.000348963,0.000083096,0.000673188,,,
1786043876826237027,1786043876.825931538,/novatel/oem7/inspva,/novatel/oem7/inspva,/novatel/oem7/inspva,39.663,-75.756,-1.800813846,0.000762689,0.000312009,0.000174244,0.000742518,0.000312009,,novatel_oem7_msgs.msg.InertialSolutionStatus(status=3),
1786043876826907147,1786043876.826101200,/novatel/oem7/fix,/novatel/oem7/fix,/novatel/oem7/inspva,39.663,-75.756,-1.800813846,0.000762689,0.000312009,0.000174244,0.000742518,0.000312009,,0,
1786043876827466120,1786043876.826615738,/novatel/oem7/odom,/novatel/oem7/fix,/novatel/oem7/odom,39.663,-75.756,-1.800813846,0.000761443,0.000315037,0.000749733,0.000133028,0.000315037,,,
1786043876835715138,1786043876.834683913,/novatel/oem7/odom,/novatel/oem7/fix,/novatel/oem7/odom,39.663,-75.756,-1.800813846,0.000761443,0.000315037,0.000749733,0.000133028,0.000315037,,,
1786043876845692557,1786043876.845160020,/novatel/oem7/inspva,/novatel/oem7/inspva,/novatel/oem7/inspva,39.663,-75.756,-1.800810421,0.000802508,0.000359232,0.000150295,0.000788308,0.000359232,,novatel_oem7_msgs.msg.InertialSolutionStatus(status=3),
1786043876846630949,1786043876.845408543,/novatel/oem7/fix,/novatel/oem7/fix,/novatel/oem7/inspva,39.663,-75.756,-1.800810421,0.000802508,0.000359232,0.000150295,0.000788308,0.000359232,,0,
1786043876847328422,1786043876.845792847,/novatel/oem7/odom,/novatel/oem7/fix,/novatel/oem7/odom,39.663,-75.756,-1.800810421,0.000801111,0.000362337,0.000793999,0.000106510,0.000362337,,,
1786043876856715352,1786043876.856260060,/novatel/oem7/odom,/novatel/oem7/fix,/novatel/oem7/odom,39.663,-75.756,-1.800810421,0.000801111,0.000362337,0.000793999,0.000106510,0.000362337,,,
1786043876866561340,1786043876.865960202,/novatel/oem7/inspva,/novatel/oem7/inspva,/novatel/oem7/inspva,39.663,-75.756,-1.800809017,0.000862328,0.000405903,0.000181816,0.000842943,0.000405903,,novatel_oem7_msgs.msg.InertialSolutionStatus(status=3),
1786043876867594400,1786043876.866169871,/novatel/oem7/fix,/novatel/oem7/fix,/novatel/oem7/inspva,39.663,-75.756,-1.800809017,0.000862328,0.000405903,0.000181816,0.000842943,0.000405903,,0,
1786043876868141457,1786043876.866758240,/novatel/oem7/odom,/novatel/oem7/fix,/novatel/oem7/odom,39.663,-75.756,-1.800809017,0.000860727,0.000409287,0.000850089,0.000134911,0.000409287,,,
1786043876875628253,1786043876.874766919,/novatel/oem7/odom,/novatel/oem7/fix,/novatel/oem7/odom,39.663,-75.756,-1.800809017,0.000860727,0.000409287,0.000850089,0.000134911,0.000409287,,,
1786043876886718868,1786043876.886230193,/novatel/oem7/inspva,/novatel/oem7/inspva,/novatel/oem7/inspva,39.663,-75.756,-1.800808690,0.001267523,0.000250611,-0.000087006,0.001264533,0.000250611,,novatel_oem7_msgs.msg.InertialSolutionStatus(status=3),
1786043876887573441,1786043876.886494045,/novatel/oem7/fix,/novatel/oem7/fix,/novatel/oem7/inspva,39.663,-75.756,-1.800808690,0.001267523,0.000250611,-0.000087006,0.001264533,0.000250611,,0,
1786043876888182970,1786043876.887045087,/novatel/oem7/odom,/novatel/oem7/fix,/novatel/oem7/odom,39.663,-75.756,-1.800808690,0.001266719,0.000254643,0.001257094,-0.000155859,0.000254643,,,
1786043876895572639,1786043876.895210894,/novatel/oem7/odom,/novatel/oem7/fix,/novatel/oem7/odom,39.663,-75.756,-1.800808690,0.001266719,0.000254643,0.001257094,-0.000155859,0.000254643,,,
1786043876906444082,1786043876.905724994,/novatel/oem7/inspva,/novatel/oem7/inspva,/novatel/oem7/inspva,39.663,-75.756,-1.800807677,0.001130091,0.000162022,0.000043608,0.001129250,0.000162022,,novatel_oem7_msgs.msg.InertialSolutionStatus(status=3),
1786043876907518162,1786043876.905927377,/novatel/oem7/fix,/novatel/oem7/fix,/novatel/oem7/inspva,39.663,-75.756,-1.800807677,0.001130091,0.000162022,0.000043608,0.001129250,0.000162022,,0,
1786043876908253708,1786043876.906540747,/novatel/oem7/odom,/novatel/oem7/fix,/novatel/oem7/odom,39.663,-75.756,-1.800807677,0.001129519,0.000165967,0.001129377,-0.000017892,0.000165967,,,
1786043876909429768,1786043876.908795599,/novatel/oem7/bestpos,/novatel/oem7/bestpos,/novatel/oem7/odom,39.663,-75.756,33.181633597,0.001129519,0.000165967,0.001129377,-0.000017892,0.000165967,,novatel_oem7_msgs.msg.SolutionStatus(status=0),novatel_oem7_msgs.msg.PositionOrVelocityType(type=53)
1786043876910218667,1786043876.909359755,/novatel/oem7/bestvel,/novatel/oem7/bestpos,/novatel/oem7/bestvel,39.663,-75.756,33.181633597,0.000945915,0.000410406,,,,102.347795897,novatel_oem7_msgs.msg.SolutionStatus(status=0),novatel_oem7_msgs.msg.PositionOrVelocityType(type=53)
1786043876915862096,1786043876.915464078,/novatel/oem7/odom,/novatel/oem7/bestpos,/novatel/oem7/odom,39.663,-75.756,33.181633597,0.001129519,0.000165967,0.001129377,-0.000017892,0.000165967,,,
1786043876925862388,1786043876.925484056,/novatel/oem7/inspva,/novatel/oem7/inspva,/novatel/oem7/inspva,39.663,-75.756,-1.800801880,0.000938104,0.000304605,0.000016883,0.000937952,0.000304605,,novatel_oem7_msgs.msg.InertialSolutionStatus(status=3),
1786043876926718394,1786043876.925679911,/novatel/oem7/fix,/novatel/oem7/fix,/novatel/oem7/inspva,39.663,-75.756,-1.800801880,0.000938104,0.000304605,0.000016883,0.000937952,0.000304605,,0,
1786043876927262403,1786043876.926333077,/novatel/oem7/odom,/novatel/oem7/fix,/novatel/oem7/odom,39.663,-75.756,-1.800801880,0.000937054,0.000307819,0.000936414,-0.000034640,0.000307819,,,
1786043876935826630,1786043876.935042041,/novatel/oem7/odom,/novatel/oem7/fix,/novatel/oem7/odom,39.663,-75.756,-1.800801880,0.000937054,0.000307819,0.000936414,-0.000034640,0.000307819,,,
1786043876946314350,1786043876.945921484,/novatel/oem7/inspva,/novatel/oem7/inspva,/novatel/oem7/inspva,39.663,-75.756,-1.800799616,0.000959474,0.000336943,0.000135667,0.000949834,0.000336943,,novatel_oem7_msgs.msg.InertialSolutionStatus(status=3),
1786043876946995228,1786043876.946103916,/novatel/oem7/fix,/novatel/oem7/fix,/novatel/oem7/inspva,39.663,-75.756,-1.800799616,0.000959474,0.000336943,0.000135667,0.000949834,0.000336943,,0,
1786043876947480664,1786043876.946489828,/novatel/oem7/odom,/novatel/oem7/fix,/novatel/oem7/odom,39.663,-75.756,-1.800799616,0.000958205,0.000340535,0.000954583,0.000083234,0.000340535,,,
1786043876956678413,1786043876.956082791,/novatel/oem7/odom,/novatel/oem7/fix,/novatel/oem7/odom,39.663,-75.756,-1.800799616,0.000958205,0.000340535,0.000954583,0.000083234,0.000340535,,,
1786043876966016418,1786043876.965274914,/novatel/oem7/inspva,/novatel/oem7/inspva,/novatel/oem7/inspva,39.663,-75.756,-1.800798017,0.001191553,0.000121910,0.000387667,0.001126726,0.000121910,,novatel_oem7_msgs.msg.InertialSolutionStatus(status=3),
1786043876967377590,1786043876.965573157,/novatel/oem7/fix,/novatel/oem7/fix,/novatel/oem7/inspva,39.663,-75.756,-1.800798017,0.001191553,0.000121910,0.000387667,0.001126726,0.000121910,,0,
1786043876968199557,1786043876.966077299,/novatel/oem7/odom,/novatel/oem7/fix,/novatel/oem7/odom,39.663,-75.756,-1.800798017,0.001191037,0.000126848,0.001145585,0.000325890,0.000126848,,,
1786043876975308589,1786043876.974840586,/novatel/oem7/odom,/novatel/oem7/fix,/novatel/oem7/odom,39.663,-75.756,-1.800798017,0.001191037,0.000126848,0.001145585,0.000325890,0.000126848,,,
1786043876986176552,1786043876.985885814,/novatel/oem7/inspva,/novatel/oem7/inspva,/novatel/oem7/inspva,39.663,-75.756,-1.800796003,0.000895726,0.000065809,0.000257267,0.000857985,0.000065809,,novatel_oem7_msgs.msg.InertialSolutionStatus(status=3),
1786043876987484898,1786043876.986039643,/novatel/oem7/fix,/novatel/oem7/fix,/novatel/oem7/inspva,39.663,-75.756,-1.800796003,0.000895726,0.000065809,0.000257267,0.000857985,0.000065809,,0,
1786043876987984945,1786043876.986587442,/novatel/oem7/odom,/novatel/oem7/fix,/novatel/oem7/odom,39.663,-75.756,-1.800796003,0.000895451,0.000069449,0.000870394,0.000210350,0.000069449,,,
1786043876995930535,1786043876.994524169,/novatel/oem7/odom,/novatel/oem7/fix,/novatel/oem7/odom,39.663,-75.756,-1.800796003,0.000895451,0.000069449,0.000870394,0.000210350,0.000069449,,,
1786043877010185108,1786043877.009712784,/novatel/oem7/inspva,/novatel/oem7/inspva,/novatel/oem7/inspva,39.663,-75.756,-1.800793721,0.001232903,0.000112279,0.000286292,0.001199202,0.000112279,,novatel_oem7_msgs.msg.InertialSolutionStatus(status=3),
1786043877011007817,1786043877.009966294,/novatel/oem7/fix,/novatel/oem7/fix,/novatel/oem7/inspva,39.663,-75.756,-1.800793721,0.001232903,0.000112279,0.000286292,0.001199202,0.000112279,,0,
1786043877011857524,1786043877.011315934,/novatel/oem7/odom,/novatel/oem7/fix,/novatel/oem7/odom,39.663,-75.756,-1.800793721,0.001232449,0.000117157,0.001212515,0.000220763,0.000117157,,,
1786043877016355376,1786043877.015994625,/novatel/oem7/odom,/novatel/oem7/fix,/novatel/oem7/odom,39.663,-75.756,-1.800793721,0.001232449,0.000117157,0.001212515,0.000220763,0.000117157,,,
1786043877025985103,1786043877.024931986,/novatel/oem7/bestpos,/novatel/oem7/bestpos,/novatel/oem7/odom,39.663,-75.756,33.181655019,0.001232449,0.000117157,0.001212515,0.000220763,0.000117157,,novatel_oem7_msgs.msg.SolutionStatus(status=0),novatel_oem7_msgs.msg.PositionOrVelocityType(type=53)
1786043877028093911,1786043877.026273955,/novatel/oem7/bestvel,/novatel/oem7/bestpos,/novatel/oem7/bestvel,39.663,-75.756,33.181655019,0.001194424,0.000206393,,,,83.465149906,novatel_oem7_msgs.msg.SolutionStatus(status=0),novatel_oem7_msgs.msg.PositionOrVelocityType(type=53)
1786043877029372685,1786043877.026934518,/novatel/oem7/inspva,/novatel/oem7/inspva,/novatel/oem7/inspva,39.663,-75.756,-1.800793884,0.000700466,0.000104698,0.000044278,0.000699066,0.000104698,,novatel_oem7_msgs.msg.InertialSolutionStatus(status=3),
1786043877030474393,1786043877.027059403,/novatel/oem7/fix,/novatel/oem7/fix,/novatel/oem7/inspva,39.663,-75.756,-1.800793884,0.000700466,0.000104698,0.000044278,0.000699066,0.000104698,,0,
1786043877031858087,1786043877.027400036,/novatel/oem7/odom,/novatel/oem7/fix,/novatel/oem7/odom,39.663,-75.756,-1.800793884,0.000700090,0.000107187,0.000700063,0.000006155,0.000107187,,,
1786043877035007503,1786043877.034510227,/novatel/oem7/odom,/novatel/oem7/fix,/novatel/oem7/odom,39.663,-75.756,-1.800793884,0.000700090,0.000107187,0.000700063,0.000006155,0.000107187,,,
1786043877046192579,1786043877.045567649,/novatel/oem7/inspva,/novatel/oem7/inspva,/novatel/oem7/inspva,39.663,-75.756,-1.800794694,0.001167984,-0.000007427,0.000261216,0.001138399,-0.000007427,,novatel_oem7_msgs.msg.InertialSolutionStatus(status=3),
1786043877047849473,1786043877.045697614,/novatel/oem7/fix,/novatel/oem7/fix,/novatel/oem7/inspva,39.663,-75.756,-1.800794694,0.001167984,-0.000007427,0.000261216,0.001138399,-0.000007427,,0,
1786043877048980934,1786043877.046175946,/novatel/oem7/odom,/novatel/oem7/fix,/novatel/oem7/odom,39.663,-75.756,-1.800794694,0.001168004,-0.000002817,0.001150871,0.000199323,-0.000002817,,,
1786043877057385337,1786043877.056544705,/novatel/oem7/odom,/novatel/oem7/fix,/novatel/oem7/odom,39.663,-75.756,-1.800794694,0.001168004,-0.000002817,0.001150871,0.000199323,-0.000002817,,,
1786043877066215230,1786043877.065253262,/novatel/oem7/inspva,/novatel/oem7/inspva,/novatel/oem7/inspva,39.663,-75.756,-1.800791074,0.000669312,0.000480281,0.000151438,0.000651955,0.000480281,,novatel_oem7_msgs.msg.InertialSolutionStatus(status=3),
1786043877068261558,1786043877.065467052,/novatel/oem7/fix,/novatel/oem7/fix,/novatel/oem7/inspva,39.663,-75.756,-1.800791074,0.000669312,0.000480281,0.000151438,0.000651955,0.000480281,,0,
1786043877069713106,1786043877.066356961,/novatel/oem7/odom,/novatel/oem7/fix,/novatel/oem7/odom,39.663,-75.756,-1.800791074,0.001168004,-0.000002810,0.001150869,0.000199331,-0.000002810,,,
1786043877075546295,1786043877.074664786,/novatel/oem7/odom,/novatel/oem7/fix,/novatel/oem7/odom,39.663,-75.756,-1.800791074,0.000667406,0.000482926,0.000657481,0.000114671,0.000482926,,,
1786043877085843323,1786043877.085245273,/novatel/oem7/inspva,/novatel/oem7/inspva,/novatel/oem7/inspva,39.663,-75.756,-1.800793696,0.001360164,0.000022311,0.000459725,0.001280117,0.000022311,,novatel_oem7_msgs.msg.InertialSolutionStatus(status=3),
1786043877087249804,1786043877.085325437,/novatel/oem7/fix,/novatel/oem7/fix,/novatel/oem7/inspva,39.663,-75.756,-1.800793696,0.001360164,0.000022311,0.000459725,0.001280117,0.000022311,,0,
1786043877088344716,1786043877.086080852,/novatel/oem7/odom,/novatel/oem7/fix,/novatel/oem7/odom,39.663,-75.756,-1.800793696,0.001360059,0.000027987,0.001303000,0.000389811,0.000027987,,,
1786043877096024857,1786043877.095077750,/novatel/oem7/odom,/novatel/oem7/fix,/novatel/oem7/odom,39.663,-75.756,-1.800793696,0.001360059,0.000027987,0.001303000,0.000389811,0.000027987,,,
1786043877106815404,1786043877.106103756,/novatel/oem7/inspva,/novatel/oem7/inspva,/novatel/oem7/inspva,39.663,-75.756,-1.800792613,0.000695786,0.000036718,0.000223870,0.000658788,0.000036718,,novatel_oem7_msgs.msg.InertialSolutionStatus(status=3),
1786043877108438997,1786043877.106268545,/novatel/oem7/fix,/novatel/oem7/fix,/novatel/oem7/inspva,39.663,-75.756,-1.800792613,0.000695786,0.000036718,0.000223870,0.000658788,0.000036718,,0,
1786043877109780897,1786043877.106945698,/novatel/oem7/odom,/novatel/oem7/fix,/novatel/oem7/odom,39.663,-75.756,-1.800792613,0.001360059,0.000027991,0.001303004,0.000389796,0.000027991,,,
1786043877111607273,1786043877.109282126,/novatel/oem7/bestpos,/novatel/oem7/bestpos,/novatel/oem7/odom,39.663,-75.756,33.181653528,0.001360059,0.000027991,0.001303004,0.000389796,0.000027991,,novatel_oem7_msgs.msg.SolutionStatus(status=0),novatel_oem7_msgs.msg.PositionOrVelocityType(type=53)
1786043877112809178,1786043877.109984285,/novatel/oem7/bestvel,/novatel/oem7/bestpos,/novatel/oem7/bestvel,39.663,-75.756,33.181653528,0.000539856,0.000204240,,,,85.493858661,novatel_oem7_msgs.msg.SolutionStatus(status=0),novatel_oem7_msgs.msg.PositionOrVelocityType(type=53)
1786043877115219899,1786043877.114368891,/novatel/oem7/odom,/novatel/oem7/bestpos,/novatel/oem7/odom,39.663,-75.756,33.181653528,0.000695628,0.000039604,0.000669789,0.000187832,0.000039604,,,
1786043877125899088,1786043877.125083850,/novatel/oem7/inspva,/novatel/oem7/inspva,/novatel/oem7/inspva,39.663,-75.756,-1.800788411,0.001100735,0.000438667,0.000153030,0.001090046,0.000438667,,novatel_oem7_msgs.msg.InertialSolutionStatus(status=3),
1786043877127769337,1786043877.125333016,/novatel/oem7/fix,/novatel/oem7/fix,/novatel/oem7/inspva,39.663,-75.756,-1.800788411,0.001100735,0.000438667,0.000153030,0.001090046,0.000438667,,0,
1786043877129093941,1786043877.125779210,/novatel/oem7/odom,/novatel/oem7/fix,/novatel/oem7/odom,39.663,-75.756,-1.800788411,0.001099086,0.000442784,0.001095170,0.000092695,0.000442784,,,
1786043877136557790,1786043877.135442676,/novatel/oem7/odom,/novatel/oem7/fix,/novatel/oem7/odom,39.663,-75.756,-1.800788411,0.001099086,0.000442784,0.001095170,0.000092695,0.000442784,,,
1786043877145640760,1786043877.144841798,/novatel/oem7/inspva,/novatel/oem7/inspva,/novatel/oem7/inspva,39.663,-75.756,-1.800786905,0.000751913,0.000475760,-0.000091087,0.000746376,0.000475760,,novatel_oem7_msgs.msg.InertialSolutionStatus(status=3),
1786043877147288986,1786043877.145044240,/novatel/oem7/fix,/novatel/oem7/fix,/novatel/oem7/inspva,39.663,-75.756,-1.800786905,0.000751913,0.000475760,-0.000091087,0.000746376,0.000475760,,0,
1786043877148609713,1786043877.145597842,/novatel/oem7/odom,/novatel/oem7/fix,/novatel/oem7/odom,39.663,-75.756,-1.800786905,0.000750477,0.000478022,0.000738672,-0.000132591,0.000478022,,,
1786043877156243381,1786043877.155572981,/novatel/oem7/odom,/novatel/oem7/fix,/novatel/oem7/odom,39.663,-75.756,-1.800786905,0.000750477,0.000478022,0.000738672,-0.000132591,0.000478022,,,
1786043877166564771,1786043877.165375034,/novatel/oem7/inspva,/novatel/oem7/inspva,/novatel/oem7/inspva,39.663,-75.756,-1.800784381,0.000897942,0.000433520,0.000006285,0.000897920,0.000433520,,novatel_oem7_msgs.msg.InertialSolutionStatus(status=3),
1786043877168648923,1786043877.165699417,/novatel/oem7/fix,/novatel/oem7/fix,/novatel/oem7/inspva,39.663,-75.756,-1.800784381,0.000897942,0.000433520,0.000006285,0.000897920,0.000433520,,0,
1786043877169978691,1786043877.166287629,/novatel/oem7/odom,/novatel/oem7/fix,/novatel/oem7/odom,39.663,-75.756,-1.800784381,0.000896460,0.000436576,0.000895407,-0.000043438,0.000436576,,,
1786043877176350425,1786043877.175417986,/novatel/oem7/odom,/novatel/oem7/fix,/novatel/oem7/odom,39.663,-75.756,-1.800784381,0.000896460,0.000436576,0.000895407,-0.000043438,0.000436576,,,
1786043877185773060,1786043877.185090655,/novatel/oem7/inspva,/novatel/oem7/inspva,/novatel/oem7/inspva,39.663,-75.756,-1.800783052,0.000654762,0.000368715,0.000012845,0.000654636,0.000368715,,novatel_oem7_msgs.msg.InertialSolutionStatus(status=3),
1786043877186974921,1786043877.185288534,/novatel/oem7/fix,/novatel/oem7/fix,/novatel/oem7/inspva,39.663,-75.756,-1.800783052,0.000654762,0.000368715,0.000012845,0.000654636,0.000368715,,0,
1786043877187929306,1786043877.185565777,/novatel/oem7/odom,/novatel/oem7/fix,/novatel/oem7/odom,39.663,-75.756,-1.800783052,0.000653489,0.000370968,0.000653064,-0.000023562,0.000370968,,,
1786043877196318042,1786043877.195353626,/novatel/oem7/odom,/novatel/oem7/fix,/novatel/oem7/odom,39.663,-75.756,-1.800783052,0.000653489,0.000370968,0.000653064,-0.000023562,0.000370968,,,
1786043877207086113,1786043877.206290373,/novatel/oem7/inspva,/novatel/oem7/inspva,/novatel/oem7/inspva,39.663,-75.756,-1.800779836,0.000867210,0.000502042,0.000129605,0.000857471,0.000502042,,novatel_oem7_msgs.msg.InertialSolutionStatus(status=3),
1786043877209609108,1786043877.206534478,/novatel/oem7/fix,/novatel/oem7/fix,/novatel/oem7/inspva,39.663,-75.756,-1.800779836,0.000867210,0.000502042,0.000129605,0.000857471,0.000502042,,0,
1786043877210982439,1786043877.207083756,/novatel/oem7/odom,/novatel/oem7/fix,/novatel/oem7/odom,39.663,-75.756,-1.800779836,0.000865306,0.000505317,0.000861441,0.000081697,0.000505317,,,
1786043877212970873,1786043877.210340231,/novatel/oem7/bestpos,/novatel/oem7/bestpos,/novatel/oem7/odom,39.663,-75.756,33.181668337,0.000865306,0.000505317,0.000861441,0.000081697,0.000505317,,novatel_oem7_msgs.msg.SolutionStatus(status=0),novatel_oem7_msgs.msg.PositionOrVelocityType(type=53)
1786043877214119171,1786043877.210709286,/novatel/oem7/bestvel,/novatel/oem7/bestpos,/novatel/oem7/bestvel,39.663,-75.756,33.181668337,0.000613038,0.000649794,,,,80.854833952,novatel_oem7_msgs.msg.SolutionStatus(status=0),novatel_oem7_msgs.msg.PositionOrVelocityType(type=53)
1786043877216161338,1786043877.214883920,/novatel/oem7/odom,/novatel/oem7/bestpos,/novatel/oem7/odom,39.663,-75.756,33.181668337,0.000865306,0.000505317,0.000861441,0.000081697,0.000505317,,,
1786043877227581358,1786043877.226395280,/novatel/oem7/inspva,/novatel/oem7/inspva,/novatel/oem7/inspva,39.663,-75.756,-1.800780941,0.000527450,0.000269556,0.000219000,0.000479835,0.000269556,,novatel_oem7_msgs.msg.InertialSolutionStatus(status=3),
1786043877229528981,1786043877.226742609,/novatel/oem7/fix,/novatel/oem7/fix,/novatel/oem7/inspva,39.663,-75.756,-1.800780941,0.000527450,0.000269556,0.000219000,0.000479835,0.000269556,,0,
1786043877230941116,1786043877.227133718,/novatel/oem7/odom,/novatel/oem7/fix,/novatel/oem7/odom,39.663,-75.756,-1.800780941,0.000526289,0.000271815,0.000490015,0.000192005,0.000271815,,,
1786043877235355697,1786043877.234492485,/novatel/oem7/odom,/novatel/oem7/fix,/novatel/oem7/odom,39.663,-75.756,-1.800780941,0.000526289,0.000271815,0.000490015,0.000192005,0.000271815,,,
1786043877245878924,1786043877.245097334,/novatel/oem7/inspva,/novatel/oem7/inspva,/novatel/oem7/inspva,39.663,-75.756,-1.800779455,0.000707652,0.000329943,-0.000087255,0.000702252,0.000329943,,novatel_oem7_msgs.msg.InertialSolutionStatus(status=3),
1786043877247603692,1786043877.245310302,/novatel/oem7/fix,/novatel/oem7/fix,/novatel/oem7/inspva,39.663,-75.756,-1.800779455,0.000707652,0.000329943,-0.000087255,0.000702252,0.000329943,,0,
1786043877248742877,1786043877.245683042,/novatel/oem7/odom,/novatel/oem7/fix,/novatel/oem7/odom,39.663,-75.756,-1.800779455,0.000706664,0.000332054,0.000695342,-0.000125991,0.000332054,,,
1786043877257136639,1786043877.256497393,/novatel/oem7/odom,/novatel/oem7/fix,/novatel/oem7/odom,39.663,-75.756,-1.800779455,0.000706664,0.000332054,0.000695342,-0.000125991,0.000332054,,,
1786043877265554572,1786043877.264941519,/novatel/oem7/inspva,/novatel/oem7/inspva,/novatel/oem7/inspva,39.663,-75.756,-1.800779155,0.000441179,0.000548672,0.000115488,0.000425795,0.000548672,,novatel_oem7_msgs.msg.InertialSolutionStatus(status=3),
1786043877266841698,1786043877.265103854,/novatel/oem7/fix,/novatel/oem7/fix,/novatel/oem7/inspva,39.663,-75.756,-1.800779155,0.000441179,0.000548672,0.000115488,0.000425795,0.000548672,,0,
1786043877267857735,1786043877.265530161,/novatel/oem7/odom,/novatel/oem7/fix,/novatel/oem7/odom,39.663,-75.756,-1.800779155,0.000438968,0.000550443,0.000429475,0.000090799,0.000550443,,,
1786043877275026505,1786043877.274384934,/novatel/oem7/odom,/novatel/oem7/fix,/novatel/oem7/odom,39.663,-75.756,-1.800779155,0.000438968,0.000550443,0.000429475,0.000090799,0.000550443,,,
1786043877286430364,1786043877.285863792,/novatel/oem7/inspva,/novatel/oem7/inspva,/novatel/oem7/inspva,39.663,-75.756,-1.800782841,0.000159344,0.000038728,0.000041200,0.000153925,0.000038728,,novatel_oem7_msgs.msg.InertialSolutionStatus(status=3),
1786043877287735771,1786043877.286021800,/novatel/oem7/fix,/novatel/oem7/fix,/novatel/oem7/inspva,39.663,-75.756,-1.800782841,0.000159344,0.000038728,0.000041200,0.000153925,0.000038728,,0,
1786043877288745751,1786043877.286542689,/novatel/oem7/odom,/novatel/oem7/fix,/novatel/oem7/odom,39.663,-75.756,-1.800782841,0.000159187,0.000039369,0.000155790,0.000032712,0.000039369,,,
1786043877295437839,1786043877.294721842,/novatel/oem7/odom,/novatel/oem7/fix,/novatel/oem7/odom,39.663,-75.756,-1.800782841,0.000159187,0.000039369,0.000155790,0.000032712,0.000039369,,,
1786043877306628040,1786043877.306013384,/novatel/oem7/inspva,/novatel/oem7/inspva,/novatel/oem7/inspva,39.663,-75.756,-1.800785854,0.000316935,0.000006288,0.000307323,0.000077462,0.000006288,,novatel_oem7_msgs.msg.InertialSolutionStatus(status=3),
1786043877307909527,1786043877.306188923,/novatel/oem7/fix,/novatel/oem7/fix,/novatel/oem7/inspva,39.663,-75.756,-1.800785854,0.000316935,0.000006288,0.000307323,0.000077462,0.000006288,,0,
1786043877309037198,1786043877.306573889,/novatel/oem7/odom,/novatel/oem7/fix,/novatel/oem7/odom,39.663,-75.756,-1.800785854,0.000316910,0.000007446,0.000093938,0.000302668,0.000007446,,,
1786043877310668975,1786043877.309588134,/novatel/oem7/bestpos,/novatel/oem7/bestpos,/novatel/oem7/odom,39.663,-75.756,33.181662534,0.000316910,0.000007446,0.000093938,0.000302668,0.000007446,,novatel_oem7_msgs.msg.SolutionStatus(status=0),novatel_oem7_msgs.msg.PositionOrVelocityType(type=53)
1786043877312115706,1786043877.310269654,/novatel/oem7/bestvel,/novatel/oem7/bestpos,/novatel/oem7/bestvel,39.663,-75.756,33.181662534,0.000338122,-0.000006463,,,,13.258280221,novatel_oem7_msgs.msg.SolutionStatus(status=0),novatel_oem7_msgs.msg.PositionOrVelocityType(type=53)
1786043877315299066,1786043877.314661212,/novatel/oem7/odom,/novatel/oem7/bestpos,/novatel/oem7/odom,39.663,-75.756,33.181662534,0.000316910,0.000007446,0.000093938,0.000302668,0.000007446,,,
1786043877326377899,1786043877.325380342,/novatel/oem7/inspva,/novatel/oem7/inspva,/novatel/oem7/inspva,39.663,-75.756,-1.800786701,0.000177171,0.000200154,-0.000177169,-0.000000845,0.000200154,,novatel_oem7_msgs.msg.InertialSolutionStatus(status=3),
1786043877327996761,1786043877.325654224,/novatel/oem7/fix,/novatel/oem7/fix,/novatel/oem7/inspva,39.663,-75.756,-1.800786701,0.000177171,0.000200154,-0.000177169,-0.000000845,0.000200154,,0,
1786043877329134590,1786043877.326161680,/novatel/oem7/odom,/novatel/oem7/fix,/novatel/oem7/odom,39.663,-75.756,-1.800786701,0.000177759,0.000199632,-0.000011126,-0.000177410,0.000199632,,,
1786043877335697277,1786043877.334974199,/novatel/oem7/odom,/novatel/oem7/fix,/novatel/oem7/odom,39.663,-75.756,-1.800786701,0.000177759,0.000199632,-0.000011126,-0.000177410,0.000199632,,,
1786043877346573108,1786043877.345996692,/novatel/oem7/inspva,/novatel/oem7/inspva,/novatel/oem7/inspva,39.663,-75.756,-1.800789277,0.000168398,0.000221629,0.000043669,0.000162637,0.000221629,,novatel_oem7_msgs.msg.InertialSolutionStatus(status=3),
1786043877348004155,1786043877.346161977,/novatel/oem7/fix,/novatel/oem7/fix,/novatel/oem7/inspva,39.663,-75.756,-1.800789277,0.000168398,0.000221629,0.000043669,0.000162637,0.000221629,,0,
1786043877349095603,1786043877.346623765,/novatel/oem7/odom,/novatel/oem7/fix,/novatel/oem7/odom,39.663,-75.756,-1.800789277,0.000167509,0.000222301,0.000163980,0.000034204,0.000222301,,,
1786043877356548832,1786043877.355844119,/novatel/oem7/odom,/novatel/oem7/fix,/novatel/oem7/odom,39.663,-75.756,-1.800789277,0.000167509,0.000222301,0.000163980,0.000034204,0.000222301,,,
1786043877365987812,1786043877.365133904,/novatel/oem7/inspva,/novatel/oem7/inspva,/novatel/oem7/inspva,39.663,-75.756,-1.800794786,0.000443329,-0.000042436,-0.000435399,-0.000083476,-0.000042436,,novatel_oem7_msgs.msg.InertialSolutionStatus(status=3),
1786043877368202871,1786043877.365392076,/novatel/oem7/fix,/novatel/oem7/fix,/novatel/oem7/inspva,39.663,-75.756,-1.800794786,0.000443329,-0.000042436,-0.000435399,-0.000083476,-0.000042436,,0,
1786043877370063650,1786043877.366037039,/novatel/oem7/odom,/novatel/oem7/fix,/novatel/oem7/odom,39.663,-75.756,-1.800794786,0.000443177,-0.000043994,-0.000106745,-0.000430129,-0.000043994,,,
1786043877376652917,1786043877.375478722,/novatel/oem7/odom,/novatel/oem7/fix,/novatel/oem7/odom,39.663,-75.756,-1.800794786,0.000443177,-0.000043994,-0.000106745,-0.000430129,-0.000043994,,,
1786043877385453557,1786043877.384926185,/novatel/oem7/inspva,/novatel/oem7/inspva,/novatel/oem7/inspva,39.663,-75.756,-1.800797959,0.000186129,0.000015007,-0.000170380,0.000074930,0.000015007,,novatel_oem7_msgs.msg.InertialSolutionStatus(status=3),
1786043877386821495,1786043877.385105653,/novatel/oem7/fix,/novatel/oem7/fix,/novatel/oem7/inspva,39.663,-75.756,-1.800797959,0.000186129,0.000015007,-0.000170380,0.000074930,0.000015007,,0,
1786043877387993310,1786043877.385535325,/novatel/oem7/odom,/novatel/oem7/fix,/novatel/oem7/odom,39.663,-75.756,-1.800797959,0.000186148,0.000014761,0.000065555,-0.000174223,0.000014761,,,
1786043877396256894,1786043877.395064315,/novatel/oem7/odom,/novatel/oem7/fix,/novatel/oem7/odom,39.663,-75.756,-1.800797959,0.000186148,0.000014761,0.000065555,-0.000174223,0.000014761,,,
1786043877407573289,1786043877.406565549,/novatel/oem7/inspva,/novatel/oem7/inspva,/novatel/oem7/inspva,39.663,-75.756,-1.800802982,0.000599875,-0.000070821,-0.000504923,-0.000323887,-0.000070821,,novatel_oem7_msgs.msg.InertialSolutionStatus(status=3),
1786043877409682334,1786043877.406826119,/novatel/oem7/fix,/novatel/oem7/fix,/novatel/oem7/inspva,39.663,-75.756,-1.800802982,0.000599875,-0.000070821,-0.000504923,-0.000323887,-0.000070821,,0,
1786043877411264287,1786043877.407540432,/novatel/oem7/odom,/novatel/oem7/fix,/novatel/oem7/odom,39.663,-75.756,-1.800802982,0.000599568,-0.000073377,-0.000350460,-0.000486477,-0.000073377,,,
1786043877413635431,1786043877.410166239,/novatel/oem7/bestpos,/novatel/oem7/bestpos,/novatel/oem7/odom,39.663,-75.756,33.181656336,0.000599568,-0.000073377,-0.000350460,-0.000486477,-0.000073377,,novatel_oem7_msgs.msg.SolutionStatus(status=0),novatel_oem7_msgs.msg.PositionOrVelocityType(type=53)
1786043877415107129,1786043877.410608863,/novatel/oem7/bestvel,/novatel/oem7/bestpos,/novatel/oem7/bestvel,39.663,-75.756,33.181656336,0.000857870,0.000084803,,,,198.956460434,novatel_oem7_msgs.msg.SolutionStatus(status=0),novatel_oem7_msgs.msg.PositionOrVelocityType(type=53)
1786043877417073496,1786043877.415038522,/novatel/oem7/odom,/novatel/oem7/bestpos,/novatel/oem7/odom,39.663,-75.756,33.181656336,0.000599568,-0.000073377,-0.000350460,-0.000486477,-0.000073377,,,
1786043877425773942,1786043877.424928403,/novatel/oem7/inspva,/novatel/oem7/inspva,/novatel/oem7/inspva,39.663,-75.756,-1.800808943,0.000297423,-0.000370153,-0.000033151,-0.000295570,-0.000370153,,novatel_oem7_msgs.msg.InertialSolutionStatus(status=3),
1786043877427669381,1786043877.425145841,/novatel/oem7/fix,/novatel/oem7/fix,/novatel/oem7/inspva,39.663,-75.756,-1.800808943,0.000297423,-0.000370153,-0.000033151,-0.000295570,-0.000370153,,0,
1786043877429160242,1786043877.425618883,/novatel/oem7/odom,/novatel/oem7/fix,/novatel/oem7/odom,39.663,-75.756,-1.800808943,0.000296069,-0.000371236,-0.000295631,-0.000016106,-0.000371236,,,
1786043877436513594,1786043877.435498154,/novatel/oem7/odom,/novatel/oem7/fix,/novatel/oem7/odom,39.663,-75.756,-1.800808943,0.000296069,-0.000371236,-0.000295631,-0.000016106,-0.000371236,,,
1786043877445952721,1786043877.445247046,/novatel/oem7/inspva,/novatel/oem7/inspva,/novatel/oem7/inspva,39.663,-75.756,-1.800812962,0.000861134,-0.000135055,-0.000248420,-0.000824524,-0.000135055,,novatel_oem7_msgs.msg.InertialSolutionStatus(status=3),
1786043877448073742,1786043877.445479753,/novatel/oem7/fix,/novatel/oem7/fix,/novatel/oem7/inspva,39.663,-75.756,-1.800812962,0.000861134,-0.000135055,-0.000248420,-0.000824524,-0.000135055,,0,
1786043877449611768,1786043877.446024851,/novatel/oem7/odom,/novatel/oem7/fix,/novatel/oem7/odom,39.663,-75.756,-1.800812962,0.000860581,-0.000138534,-0.000836274,-0.000203092,-0.000138534,,,
1786043877456928965,1786043877.456195738,/novatel/oem7/odom,/novatel/oem7/fix,/novatel/oem7/odom,39.663,-75.756,-1.800812962,0.000860581,-0.000138534,-0.000836274,-0.000203092,-0.000138534,,,
1786043877467184240,1786043877.466048301,/novatel/oem7/inspva,/novatel/oem7/inspva,/novatel/oem7/inspva,39.663,-75.756,-1.800822225,0.000480405,-0.000262864,-0.000164495,-0.000451365,-0.000262864,,novatel_oem7_msgs.msg.InertialSolutionStatus(status=3),
1786043877470042976,1786043877.466244325,/novatel/oem7/fix,/novatel/oem7/fix,/novatel/oem7/inspva,39.663,-75.756,-1.800822225,0.000480405,-0.000262864,-0.000164495,-0.000451365,-0.000262864,,0,
1786043877472021036,1786043877.466848240,/novatel/oem7/odom,/novatel/oem7/fix,/novatel/oem7/odom,39.663,-75.756,-1.800822225,0.000479312,-0.000264852,-0.000458677,-0.000139124,-0.000264852,,,
1786043877475735081,1786043877.474672126,/novatel/oem7/odom,/novatel/oem7/fix,/novatel/oem7/odom,39.663,-75.756,-1.800822225,0.000479312,-0.000264852,-0.000458677,-0.000139124,-0.000264852,,,
1786043877485562581,1786043877.484856505,/novatel/oem7/inspva,/novatel/oem7/inspva,/novatel/oem7/inspva,39.663,-75.756,-1.800828888,0.000659215,-0.000156193,-0.000307270,-0.000583223,-0.000156193,,novatel_oem7_msgs.msg.InertialSolutionStatus(status=3),
1786043877486949071,1786043877.484944647,/novatel/oem7/fix,/novatel/oem7/fix,/novatel/oem7/inspva,39.663,-75.756,-1.800828888,0.000659215,-0.000156193,-0.000307270,-0.000583223,-0.000156193,,0,
1786043877488121510,1786043877.485368952,/novatel/oem7/odom,/novatel/oem7/fix,/novatel/oem7/odom,39.663,-75.756,-1.800828888,0.000658533,-0.000159045,-0.000598433,-0.000274851,-0.000159045,,,
1786043877496748128,1786043877.495734062,/novatel/oem7/odom,/novatel/oem7/fix,/novatel/oem7/odom,39.663,-75.756,-1.800828888,0.000658533,-0.000159045,-0.000598433,-0.000274851,-0.000159045,,,
1786043877506971939,1786043877.506007703,/novatel/oem7/inspva,/novatel/oem7/inspva,/novatel/oem7/inspva,39.663,-75.756,-1.800839150,0.000461427,-0.000482057,-0.000142886,-0.000438747,-0.000482057,,novatel_oem7_msgs.msg.InertialSolutionStatus(status=3),
1786043877509241206,1786043877.506253075,/novatel/oem7/fix,/novatel/oem7/fix,/novatel/oem7/inspva,39.663,-75.756,-1.800839150,0.000461427,-0.000482057,-0.000142886,-0.000438747,-0.000482057,,0,
1786043877515161616,1786043877.506852318,/novatel/oem7/odom,/novatel/oem7/fix,/novatel/oem7/odom,39.663,-75.756,-1.800839150,0.000459452,-0.000483940,-0.000444137,-0.000117638,-0.000483940,,,
1786043877517364978,1786043877.511302020,/novatel/oem7/bestpos,/novatel/oem7/bestpos,/novatel/oem7/odom,39.663,-75.756,33.181622191,0.000459452,-0.000483940,-0.000444137,-0.000117638,-0.000483940,,novatel_oem7_msgs.msg.SolutionStatus(status=0),novatel_oem7_msgs.msg.PositionOrVelocityType(type=53)
1786043877518377092,1786043877.511713618,/novatel/oem7/bestvel,/novatel/oem7/bestpos,/novatel/oem7/bestvel,39.663,-75.756,33.181622191,0.000196623,-0.000637859,,,,216.044653879,novatel_oem7_msgs.msg.SolutionStatus(status=0),novatel_oem7_msgs.msg.PositionOrVelocityType(type=53)
1786043877519473207,1786043877.514450369,/novatel/oem7/odom,/novatel/oem7/bestpos,/novatel/oem7/odom,39.663,-75.756,33.181622191,0.000459452,-0.000483940,-0.000444137,-0.000117638,-0.000483940,,,
1786043877527559389,1786043877.526590952,/novatel/oem7/inspva,/novatel/oem7/inspva,/novatel/oem7/inspva,39.663,-75.756,-1.800845148,0.000740585,-0.000418905,-0.000192649,-0.000715090,-0.000418905,,novatel_oem7_msgs.msg.InertialSolutionStatus(status=3),
1786043877529644154,1786043877.526815732,/novatel/oem7/fix,/novatel/oem7/fix,/novatel/oem7/inspva,39.663,-75.756,-1.800845148,0.000740585,-0.000418905,-0.000192649,-0.000715090,-0.000418905,,0,
1786043877531409252,1786043877.527175045,/novatel/oem7/odom,/novatel/oem7/fix,/novatel/oem7/odom,39.663,-75.756,-1.800845148,0.000738908,-0.000421856,-0.000722991,-0.000152546,-0.000421856,,,
1786043877535974878,1786043877.534907815,/novatel/oem7/odom,/novatel/oem7/fix,/novatel/oem7/odom,39.663,-75.756,-1.800845148,0.000738908,-0.000421856,-0.000722991,-0.000152546,-0.000421856,,,
1786043877546578956,1786043877.545408021,/novatel/oem7/inspva,/novatel/oem7/inspva,/novatel/oem7/inspva,39.663,-75.756,-1.800853699,0.000621447,-0.000394224,-0.000345978,-0.000516233,-0.000394224,,novatel_oem7_msgs.msg.InertialSolutionStatus(status=3),
1786043877548683951,1786043877.545815898,/novatel/oem7/fix,/novatel/oem7/fix,/novatel/oem7/inspva,39.663,-75.756,-1.800853699,0.000621447,-0.000394224,-0.000345978,-0.000516233,-0.000394224,,0,
1786043877550141652,1786043877.546409187,/novatel/oem7/odom,/novatel/oem7/fix,/novatel/oem7/odom,39.663,-75.756,-1.800853699,0.000619708,-0.000396953,-0.000532803,-0.000316478,-0.000396953,,,
1786043877556354916,1786043877.555665649,/novatel/oem7/odom,/novatel/oem7/fix,/novatel/oem7/odom,39.663,-75.756,-1.800853699,0.000619708,-0.000396953,-0.000532803,-0.000316478,-0.000396953,,,
1786043877566648391,1786043877.565462012,/novatel/oem7/inspva,/novatel/oem7/inspva,/novatel/oem7/inspva,39.663,-75.756,-1.800863011,0.000675153,-0.000497935,-0.000036028,-0.000674191,-0.000497935,,novatel_oem7_msgs.msg.InertialSolutionStatus(status=3),
1786043877569188634,1786043877.565800555,/novatel/oem7/fix,/novatel/oem7/fix,/novatel/oem7/inspva,39.663,-75.756,-1.800863011,0.000675153,-0.000497935,-0.000036028,-0.000674191,-0.000497935,,0,
1786043877571108026,1786043877.566415068,/novatel/oem7/odom,/novatel/oem7/fix,/novatel/oem7/odom,39.663,-75.756,-1.800863011,0.000673405,-0.000500297,-0.000673403,0.000001838,-0.000500297,,,
1786043877576136397,1786043877.574958562,/novatel/oem7/odom,/novatel/oem7/fix,/novatel/oem7/odom,39.663,-75.756,-1.800863011,0.000673405,-0.000500297,-0.000673403,0.000001838,-0.000500297,,,
1786043877586691722,1786043877.585952917,/novatel/oem7/inspva,/novatel/oem7/inspva,/novatel/oem7/inspva,39.663,-75.756,-1.800871334,0.000689897,-0.000364453,-0.000156361,-0.000671944,-0.000364453,,novatel_oem7_msgs.msg.InertialSolutionStatus(status=3),
1786043877588084159,1786043877.586161120,/novatel/oem7/fix,/novatel/oem7/fix,/novatel/oem7/inspva,39.663,-75.756,-1.800871334,0.000689897,-0.000364453,-0.000156361,-0.000671944,-0.000364453,,0,
1786043877589368052,1786043877.586549477,/novatel/oem7/odom,/novatel/oem7/fix,/novatel/oem7/odom,39.663,-75.756,-1.800871334,0.000688465,-0.000367150,-0.000678138,-0.000118800,-0.000367150,,,
1786043877595248542,1786043877.594589246,/novatel/oem7/odom,/novatel/oem7/fix,/novatel/oem7/odom,39.663,-75.756,-1.800871334,0.000688465,-0.000367150,-0.000678138,-0.000118800,-0.000367150,,,
1786043877607231921,1786043877.606494877,/novatel/oem7/inspva,/novatel/oem7/inspva,/novatel/oem7/inspva,39.663,-75.756,-1.800881607,0.000717573,-0.000473174,-0.000066241,-0.000714509,-0.000473174,,novatel_oem7_msgs.msg.InertialSolutionStatus(status=3),
1786043877608744587,1786043877.606725719,/novatel/oem7/fix,/novatel/oem7/fix,/novatel/oem7/inspva,39.663,-75.756,-1.800881607,0.000717573,-0.000473174,-0.000066241,-0.000714509,-0.000473174,,0,
1786043877610055260,1786043877.607565828,/novatel/oem7/odom,/novatel/oem7/fix,/novatel/oem7/odom,39.663,-75.756,-1.800881607,0.000715864,-0.000475756,-0.000715383,-0.000026217,-0.000475756,,,
1786043877611775911,1786043877.610006370,/novatel/oem7/bestpos,/novatel/oem7/bestpos,/novatel/oem7/odom,39.663,-75.756,33.181586254,0.000715864,-0.000475756,-0.000715383,-0.000026217,-0.000475756,,novatel_oem7_msgs.msg.SolutionStatus(status=0),novatel_oem7_msgs.msg.PositionOrVelocityType(type=53)
1786043877612786971,1786043877.610357803,/novatel/oem7/bestvel,/novatel/oem7/bestpos,/novatel/oem7/bestvel,39.663,-75.756,33.181586254,0.000676949,-0.000355740,,,,228.024469105,novatel_oem7_msgs.msg.SolutionStatus(status=0),novatel_oem7_msgs.msg.PositionOrVelocityType(type=53)
1786043877616165058,1786043877.615474688,/novatel/oem7/odom,/novatel/oem7/bestpos,/novatel/oem7/odom,39.663,-75.756,33.181586254,0.000715864,-0.000475756,-0.000715383,-0.000026217,-0.000475756,,,
1786043877625993376,1786043877.625197927,/novatel/oem7/inspva,/novatel/oem7/inspva,/novatel/oem7/inspva,39.663,-75.756,-1.800893208,0.000919614,-0.000525714,-0.000244167,-0.000886607,-0.000525714,,novatel_oem7_msgs.msg.InertialSolutionStatus(status=3),
1786043877627467587,1786043877.625429807,/novatel/oem7/fix,/novatel/oem7/fix,/novatel/oem7/inspva,39.663,-75.756,-1.800893208,0.000919614,-0.000525714,-0.000244167,-0.000886607,-0.000525714,,0,
1786043877628660010,1786043877.625839867,/novatel/oem7/odom,/novatel/oem7/fix,/novatel/oem7/odom,39.663,-75.756,-1.800893208,0.000917499,-0.000529396,-0.000896662,-0.000194428,-0.000529396,,,
1786043877635311867,1786043877.634594373,/novatel/oem7/odom,/novatel/oem7/fix,/novatel/oem7/odom,39.663,-75.756,-1.800893208,0.000917499,-0.000529396,-0.000896662,-0.000194428,-0.000529396,,,
1786043877647320776,1786043877.646595922,/novatel/oem7/inspva,/novatel/oem7/inspva,/novatel/oem7/inspva,39.663,-75.756,-1.800902960,0.000890771,-0.000485767,-0.000417062,-0.000787104,-0.000485767,,novatel_oem7_msgs.msg.InertialSolutionStatus(status=3),
1786043877648779471,1786043877.646797084,/novatel/oem7/fix,/novatel/oem7/fix,/novatel/oem7/inspva,39.663,-75.756,-1.800902960,0.000890771,-0.000485767,-0.000417062,-0.000787104,-0.000485767,,0,
1786043877649945923,1786043877.647180225,/novatel/oem7/odom,/novatel/oem7/fix,/novatel/oem7/odom,39.663,-75.756,-1.800902960,0.000888665,-0.000489608,-0.000806801,-0.000372557,-0.000489608,,,
1786043877657477526,1786043877.656761799,/novatel/oem7/odom,/novatel/oem7/fix,/novatel/oem7/odom,39.663,-75.756,-1.800902960,0.000888665,-0.000489608,-0.000806801,-0.000372557,-0.000489608,,,
1786043877665956653,1786043877.665202432,/novatel/oem7/inspva,/novatel/oem7/inspva,/novatel/oem7/inspva,39.663,-75.756,-1.800909743,0.001260047,-0.000240160,-0.000746659,-0.001014997,-0.000240160,,novatel_oem7_msgs.msg.InertialSolutionStatus(status=3),
1786043877667393684,1786043877.665447818,/novatel/oem7/fix,/novatel/oem7/fix,/novatel/oem7/inspva,39.663,-75.756,-1.800909743,0.001260047,-0.000240160,-0.000746659,-0.001014997,-0.000240160,,0,
1786043877668585553,1786043877.665833505,/novatel/oem7/odom,/novatel/oem7/fix,/novatel/oem7/odom,39.663,-75.756,-1.800909743,0.001258974,-0.000245725,-0.001053045,-0.000690008,-0.000245725,,,
1786043877676199674,1786043877.675550164,/novatel/oem7/odom,/novatel/oem7/fix,/novatel/oem7/odom,39.663,-75.756,-1.800909743,0.001258974,-0.000245725,-0.001053045,-0.000690008,-0.000245725,,,
1786043877686126465,1786043877.685459512,/novatel/oem7/inspva,/novatel/oem7/inspva,/novatel/oem7/inspva,39.663,-75.756,-1.800918161,0.000904575,-0.000236225,-0.000385741,-0.000818205,-0.000236225,,novatel_oem7_msgs.msg.InertialSolutionStatus(status=3),
1786043877687949474,1786043877.685690251,/novatel/oem7/fix,/novatel/oem7/fix,/novatel/oem7/inspva,39.663,-75.756,-1.800918161,0.000904575,-0.000236225,-0.000385741,-0.000818205,-0.000236225,,0,
1786043877689132086,1786043877.686262600,/novatel/oem7/odom,/novatel/oem7/fix,/novatel/oem7/odom,39.663,-75.756,-1.800918161,0.000903557,-0.000240091,-0.000837036,-0.000340274,-0.000240091,,,
1786043877695708226,1786043877.694928018,/novatel/oem7/odom,/novatel/oem7/fix,/novatel/oem7/odom,39.663,-75.756,-1.800918161,0.000903557,-0.000240091,-0.000837036,-0.000340274,-0.000240091,,,
1786043877706574217,1786043877.705785376,/novatel/oem7/inspva,/novatel/oem7/inspva,/novatel/oem7/inspva,39.663,-75.756,-1.800927514,0.001396665,-0.000436990,-0.000710777,-0.001202276,-0.000436990,,novatel_oem7_msgs.msg.InertialSolutionStatus(status=3),
1786043877708079172,1786043877.706028391,/novatel/oem7/fix,/novatel/oem7/fix,/novatel/oem7/inspva,39.663,-75.756,-1.800927514,0.001396665,-0.000436990,-0.000710777,-0.001202276,-0.000436990,,0,
1786043877709591331,1786043877.706526723,/novatel/oem7/odom,/novatel/oem7/fix,/novatel/oem7/odom,39.663,-75.756,-1.800927514,0.001394743,-0.000443085,-0.001237416,-0.000643514,-0.000443085,,,
1786043877711159684,1786043877.708822800,/novatel/oem7/bestpos,/novatel/oem7/bestpos,/novatel/oem7/odom,39.663,-75.756,33.181534107,0.001394743,-0.000443085,-0.001237416,-0.000643514,-0.000443085,,novatel_oem7_msgs.msg.SolutionStatus(status=0),novatel_oem7_msgs.msg.PositionOrVelocityType(type=53)
1786043877712218551,1786043877.709154780,/novatel/oem7/bestvel,/novatel/oem7/bestpos,/novatel/oem7/bestvel,39.663,-75.756,33.181534107,0.001213950,-0.000527338,,,,216.952434028,novatel_oem7_msgs.msg.SolutionStatus(status=0),novatel_oem7_msgs.msg.PositionOrVelocityType(type=53)
1786043877715149134,1786043877.714482477,/novatel/oem7/odom,/novatel/oem7/bestpos,/novatel/oem7/odom,39.663,-75.756,33.181534107,0.001394743,-0.000443085,-0.001237416,-0.000643514,-0.000443085,,,
1786043877725999002,1786043877.725324598,/novatel/oem7/inspva,/novatel/oem7/inspva,/novatel/oem7/inspva,39.663,-75.756,-1.800935707,0.001325037,-0.000273033,-0.000458380,-0.001243226,-0.000273033,,novatel_oem7_msgs.msg.InertialSolutionStatus(status=3),
1786043877727658585,1786043877.725611128,/novatel/oem7/fix,/novatel/oem7/fix,/novatel/oem7/inspva,39.663,-75.756,-1.800935707,0.001325037,-0.000273033,-0.000458380,-0.001243226,-0.000273033,,0,
1786043877728850707,1786043877.726236884,/novatel/oem7/odom,/novatel/oem7/fix,/novatel/oem7/odom,39.663,-75.756,-1.800935707,0.001323891,-0.000278539,-0.001265234,-0.000389704,-0.000278539,,,
1786043877736239506,1786043877.735534575,/novatel/oem7/odom,/novatel/oem7/fix,/novatel/oem7/odom,39.663,-75.756,-1.800935707,0.001323891,-0.000278539,-0.001265234,-0.000389704,-0.000278539,,,
1786043877746097687,1786043877.745373089,/novatel/oem7/inspva,/novatel/oem7/inspva,/novatel/oem7/inspva,39.663,-75.756,-1.800946653,0.001599832,-0.000155945,-0.000758720,-0.001408477,-0.000155945,,novatel_oem7_msgs.msg.InertialSolutionStatus(status=3),
1786043877747524964,1786043877.745614305,/novatel/oem7/fix,/novatel/oem7/fix,/novatel/oem7/inspva,39.663,-75.756,-1.800946653,0.001599832,-0.000155945,-0.000758720,-0.001408477,-0.000155945,,0,
1786043877748652086,1786043877.746047119,/novatel/oem7/odom,/novatel/oem7/fix,/novatel/oem7/odom,39.663,-75.756,-1.800946653,0.001599139,-0.000162899,-0.001446901,-0.000680973,-0.000162899,,,
1786043877756349781,1786043877.755647784,/novatel/oem7/odom,/novatel/oem7/fix,/novatel/oem7/odom,39.663,-75.756,-1.800946653,0.001599139,-0.000162899,-0.001446901,-0.000680973,-0.000162899,,,
1786043877767403754,1786043877.766681900,/novatel/oem7/inspva,/novatel/oem7/inspva,/novatel/oem7/inspva,39.663,-75.756,-1.800960074,0.001559801,-0.000475055,-0.000675029,-0.001406171,-0.000475055,,novatel_oem7_msgs.msg.InertialSolutionStatus(status=3),
1786043877768924592,1786043877.766909015,/novatel/oem7/fix,/novatel/oem7/fix,/novatel/oem7/inspva,39.663,-75.756,-1.800960074,0.001559801,-0.000475055,-0.000675029,-0.001406171,-0.000475055,,0,
1786043877770110121,1786043877.767448510,/novatel/oem7/odom,/novatel/oem7/fix,/novatel/oem7/odom,39.663,-75.756,-1.800960074,0.001557746,-0.000481750,-0.001438950,-0.000596655,-0.000481750,,,
1786043877775902040,1786043877.775119492,/novatel/oem7/odom,/novatel/oem7/fix,/novatel/oem7/odom,39.663,-75.756,-1.800960074,0.001557746,-0.000481750,-0.001438950,-0.000596655,-0.000481750,,,
1786043877786187795,1786043877.785177298,/novatel/oem7/inspva,/novatel/oem7/inspva,/novatel/oem7/inspva,39.663,-75.756,-1.800973278,0.001766584,-0.000389160,-0.000884430,-0.001529249,-0.000389160,,novatel_oem7_msgs.msg.InertialSolutionStatus(status=3),
1786043877788102395,1786043877.785500658,/novatel/oem7/fix,/novatel/oem7/fix,/novatel/oem7/inspva,39.663,-75.756,-1.800973278,0.001766584,-0.000389160,-0.000884430,-0.001529249,-0.000389160,,0,
1786043877789646380,1786043877.786121881,/novatel/oem7/odom,/novatel/oem7/fix,/novatel/oem7/odom,39.663,-75.756,-1.800973278,0.001764866,-0.000396879,-0.001573475,-0.000799329,-0.000396879,,,
1786043877796580254,1786043877.795549404,/novatel/oem7/odom,/novatel/oem7/fix,/novatel/oem7/odom,39.663,-75.756,-1.800973278,0.001764866,-0.000396879,-0.001573475,-0.000799329,-0.000396879,,,
1786043877807390651,1786043877.806603753,/novatel/oem7/inspva,/novatel/oem7/inspva,/novatel/oem7/inspva,39.663,-75.756,-1.800986310,0.001816694,-0.000352514,-0.000621070,-0.001707234,-0.000352514,,novatel_oem7_msgs.msg.InertialSolutionStatus(status=3),
1786043877809153296,1786043877.806817409,/novatel/oem7/fix,/novatel/oem7/fix,/novatel/oem7/inspva,39.663,-75.756,-1.800986310,0.001816694,-0.000352514,-0.000621070,-0.001707234,-0.000352514,,0,
1786043877810528720,1786043877.807679887,/novatel/oem7/odom,/novatel/oem7/fix,/novatel/oem7/odom,39.663,-75.756,-1.800986310,0.001815212,-0.000360067,-0.001737081,-0.000526824,-0.000360067,,,
1786043877812212464,1786043877.810177986,/novatel/oem7/bestpos,/novatel/oem7/bestpos,/novatel/oem7/odom,39.663,-75.756,33.181465424,0.001815212,-0.000360067,-0.001737081,-0.000526824,-0.000360067,,novatel_oem7_msgs.msg.SolutionStatus(status=0),novatel_oem7_msgs.msg.PositionOrVelocityType(type=53)
1786043877813205241,1786043877.810690855,/novatel/oem7/bestvel,/novatel/oem7/bestpos,/novatel/oem7/bestvel,39.663,-75.756,33.181465424,0.001638200,-0.000470708,,,,249.710166904,novatel_oem7_msgs.msg.SolutionStatus(status=0),novatel_oem7_msgs.msg.PositionOrVelocityType(type=53)
1786043877816309568,1786043877.815115226,/novatel/oem7/odom,/novatel/oem7/bestpos,/novatel/oem7/odom,39.663,-75.756,33.181465424,0.001815212,-0.000360067,-0.001737081,-0.000526824,-0.000360067,,,
1786043877827095962,1786043877.826038514,/novatel/oem7/inspva,/novatel/oem7/inspva,/novatel/oem7/inspva,39.663,-75.756,-1.801002428,0.001866069,-0.000475813,-0.000723407,-0.001720144,-0.000475813,,novatel_oem7_msgs.msg.InertialSolutionStatus(status=3),
1786043877829833280,1786043877.826316024,/novatel/oem7/fix,/novatel/oem7/fix,/novatel/oem7/inspva,39.663,-75.756,-1.801002428,0.001866069,-0.000475813,-0.000723407,-0.001720144,-0.000475813,,0,
1786043877831971948,1786043877.826941681,/novatel/oem7/odom,/novatel/oem7/fix,/novatel/oem7/odom,39.663,-75.756,-1.801002428,0.001864033,-0.000483728,-0.001755075,-0.000627958,-0.000483728,,,
1786043877835973359,1786043877.834676866,/novatel/oem7/odom,/novatel/oem7/fix,/novatel/oem7/odom,39.663,-75.756,-1.801002428,0.001864033,-0.000483728,-0.001755075,-0.000627958,-0.000483728,,,
1786043877846074012,1786043877.845304848,/novatel/oem7/inspva,/novatel/oem7/inspva,/novatel/oem7/inspva,39.663,-75.756,-1.801016317,0.001932851,-0.000483170,-0.000810712,-0.001754611,-0.000483170,,novatel_oem7_msgs.msg.InertialSolutionStatus(status=3),
1786043877847668575,1786043877.845566257,/novatel/oem7/fix,/novatel/oem7/fix,/novatel/oem7/inspva,39.663,-75.756,-1.801016317,0.001932851,-0.000483170,-0.000810712,-0.001754611,-0.000483170,,0,
1786043877848773193,1786043877.846124402,/novatel/oem7/odom,/novatel/oem7/fix,/novatel/oem7/odom,39.663,-75.756,-1.801016317,0.001930769,-0.000491424,-0.001794200,-0.000713244,-0.000491424,,,
1786043877857286083,1786043877.856386831,/novatel/oem7/odom,/novatel/oem7/fix,/novatel/oem7/odom,39.663,-75.756,-1.801016317,0.001930769,-0.000491424,-0.001794200,-0.000713244,-0.000491424,,,
1786043877865974832,1786043877.865286011,/novatel/oem7/inspva,/novatel/oem7/inspva,/novatel/oem7/inspva,39.663,-75.756,-1.801031654,0.002178657,-0.000392687,-0.000836281,-0.002011760,-0.000392687,,novatel_oem7_msgs.msg.InertialSolutionStatus(status=3),
1786043877867728706,1786043877.865567770,/novatel/oem7/fix,/novatel/oem7/fix,/novatel/oem7/inspva,39.663,-75.756,-1.801031654,0.002178657,-0.000392687,-0.000836281,-0.002011760,-0.000392687,,0,
1786043877869163117,1786043877.866005352,/novatel/oem7/odom,/novatel/oem7/fix,/novatel/oem7/odom,39.663,-75.756,-1.801031654,0.002176974,-0.000401908,-0.002052664,-0.000725113,-0.000401908,,,
1786043877875016407,1786043877.874374687,/novatel/oem7/odom,/novatel/oem7/fix,/novatel/oem7/odom,39.663,-75.756,-1.801031654,0.002176974,-0.000401908,-0.002052664,-0.000725113,-0.000401908,,,
1786043877887374573,1786043877.886401620,/novatel/oem7/inspva,/novatel/oem7/inspva,/novatel/oem7/inspva,39.663,-75.756,-1.801049129,0.002081149,-0.000584842,-0.001145055,-0.001737824,-0.000584842,,novatel_oem7_msgs.msg.InertialSolutionStatus(status=3),
1786043877889486744,1786043877.886695440,/novatel/oem7/fix,/novatel/oem7/fix,/novatel/oem7/inspva,39.663,-75.756,-1.801049129,0.002081149,-0.000584842,-0.001145055,-0.001737824,-0.000584842,,0,
1786043877891029427,1786043877.887073917,/novatel/oem7/odom,/novatel/oem7/fix,/novatel/oem7/odom,39.663,-75.756,-1.801049129,0.002078538,-0.000594055,-0.001795154,-0.001047733,-0.000594055,,,
1786043877895969347,1786043877.895153779,/novatel/oem7/odom,/novatel/oem7/fix,/novatel/oem7/odom,39.663,-75.756,-1.801049129,0.002078538,-0.000594055,-0.001795154,-0.001047733,-0.000594055,,,
1786043877906618546,1786043877.905944376,/novatel/oem7/inspva,/novatel/oem7/inspva,/novatel/oem7/inspva,39.663,-75.756,-1.801066668,0.002276574,-0.000855472,-0.000810546,-0.002127394,-0.000855472,,novatel_oem7_msgs.msg.InertialSolutionStatus(status=3),
1786043877907983203,1786043877.906157681,/novatel/oem7/fix,/novatel/oem7/fix,/novatel/oem7/inspva,39.663,-75.756,-1.801066668,0.002276574,-0.000855472,-0.000810546,-0.002127394,-0.000855472,,0,
1786043877909046777,1786043877.906576168,/novatel/oem7/odom,/novatel/oem7/fix,/novatel/oem7/odom,39.663,-75.756,-1.801066668,0.002272961,-0.000865028,-0.002165098,-0.000691883,-0.000865028,,,
1786043877910596573,1786043877.909101201,/novatel/oem7/bestpos,/novatel/oem7/bestpos,/novatel/oem7/odom,39.663,-75.756,33.181375560,0.002272961,-0.000865028,-0.002165098,-0.000691883,-0.000865028,,novatel_oem7_msgs.msg.SolutionStatus(status=0),novatel_oem7_msgs.msg.PositionOrVelocityType(type=53)
1786043877911512696,1786043877.909472655,/novatel/oem7/bestvel,/novatel/oem7/bestpos,/novatel/oem7/bestvel,39.663,-75.756,33.181375560,0.001924647,-0.001041750,,,,244.230129807,novatel_oem7_msgs.msg.SolutionStatus(status=0),novatel_oem7_msgs.msg.PositionOrVelocityType(type=53)
1786043877916176054,1786043877.915470416,/novatel/oem7/odom,/novatel/oem7/bestpos,/novatel/oem7/odom,39.663,-75.756,33.181375560,0.002272961,-0.000865028,-0.002165098,-0.000691883,-0.000865028,,,
1786043877926088070,1786043877.925608215,/novatel/oem7/inspva,/novatel/oem7/inspva,/novatel/oem7/inspva,39.663,-75.756,-1.801080452,0.002324858,-0.000457331,-0.000869966,-0.002155951,-0.000457331,,novatel_oem7_msgs.msg.InertialSolutionStatus(status=3),
1786043877927064279,1786043877.925785892,/novatel/oem7/fix,/novatel/oem7/fix,/novatel/oem7/inspva,39.663,-75.756,-1.801080452,0.002324858,-0.000457331,-0.000869966,-0.002155951,-0.000457331,,0,
1786043877927711708,1786043877.926443321,/novatel/oem7/odom,/novatel/oem7/fix,/novatel/oem7/odom,39.663,-75.756,-1.801080452,0.002272967,-0.000865012,-0.002165099,-0.000691899,-0.000865012,,,
1786043877935870887,1786043877.935313714,/novatel/oem7/odom,/novatel/oem7/fix,/novatel/oem7/odom,39.663,-75.756,-1.801080452,0.002322906,-0.000467144,-0.002198233,-0.000750777,-0.000467144,,,
1786043877946555524,1786043877.945933707,/novatel/oem7/inspva,/novatel/oem7/inspva,/novatel/oem7/inspva,39.663,-75.756,-1.801098655,0.002517432,-0.000556685,-0.000588682,-0.002447635,-0.000556685,,novatel_oem7_msgs.msg.InertialSolutionStatus(status=3),
1786043877947518180,1786043877.946096284,/novatel/oem7/fix,/novatel/oem7/fix,/novatel/oem7/inspva,39.663,-75.756,-1.801098655,0.002517432,-0.000556685,-0.000588682,-0.002447635,-0.000556685,,0,
1786043877948034789,1786043877.946519813,/novatel/oem7/odom,/novatel/oem7/fix,/novatel/oem7/odom,39.663,-75.756,-1.801098655,0.002515204,-0.000566666,-0.002473919,-0.000453847,-0.000566666,,,
1786043877957025115,1786043877.956245175,/novatel/oem7/odom,/novatel/oem7/fix,/novatel/oem7/odom,39.663,-75.756,-1.801098655,0.002515204,-0.000566666,-0.002473919,-0.000453847,-0.000566666,,,
1786043877965692795,1786043877.965261709,/novatel/oem7/inspva,/novatel/oem7/inspva,/novatel/oem7/inspva,39.663,-75.756,-1.801114750,0.002469881,-0.000713627,-0.000673929,-0.002376159,-0.000713627,,novatel_oem7_msgs.msg.InertialSolutionStatus(status=3),
1786043877966569740,1786043877.965390095,/novatel/oem7/fix,/novatel/oem7/fix,/novatel/oem7/inspva,39.663,-75.756,-1.801114750,0.002469881,-0.000713627,-0.000673929,-0.002376159,-0.000713627,,0,
1786043877967521141,1786043877.966279341,/novatel/oem7/odom,/novatel/oem7/fix,/novatel/oem7/odom,39.663,-75.756,-1.801114750,0.002466984,-0.000723578,-0.002406619,-0.000542398,-0.000723578,,,
1786043877975709379,1786043877.975276083,/novatel/oem7/odom,/novatel/oem7/fix,/novatel/oem7/odom,39.663,-75.756,-1.801114750,0.002466984,-0.000723578,-0.002406619,-0.000542398,-0.000723578,,,
1786043877986930137,1786043877.985971788,/novatel/oem7/inspva,/novatel/oem7/inspva,/novatel/oem7/inspva,39.663,-75.756,-1.801132490,0.002592400,-0.000644757,-0.000672167,-0.002503743,-0.000644757,,novatel_oem7_msgs.msg.InertialSolutionStatus(status=3),
1786043877989013159,1786043877.986159145,/novatel/oem7/fix,/novatel/oem7/fix,/novatel/oem7/inspva,39.663,-75.756,-1.801132490,0.002592400,-0.000644757,-0.000672167,-0.002503743,-0.000644757,,0,
1786043877990392803,1786043877.986823080,/novatel/oem7/odom,/novatel/oem7/fix,/novatel/oem7/odom,39.663,-75.756,-1.801132490,0.002466981,-0.000723589,-0.002406612,-0.000542417,-0.000723589,,,
1786043877995070520,1786043877.994274742,/novatel/oem7/odom,/novatel/oem7/fix,/novatel/oem7/odom,39.663,-75.756,-1.801132490,0.002589795,-0.000655143,-0.002534155,-0.000533944,-0.000655143,,,
1786043878011239202,1786043878.010059135,/novatel/oem7/inspva,/novatel/oem7/inspva,/novatel/oem7/inspva,39.663,-75.756,-1.801149688,0.002536326,-0.000661014,-0.000838177,-0.002393827,-0.000661014,,novatel_oem7_msgs.msg.InertialSolutionStatus(status=3),
1786043878013244286,1786043878.010253913,/novatel/oem7/fix,/novatel/oem7/fix,/novatel/oem7/inspva,39.663,-75.756,-1.801149688,0.002536326,-0.000661014,-0.000838177,-0.002393827,-0.000661014,,0,
1786043878014344341,1786043878.011525462,/novatel/oem7/odom,/novatel/oem7/fix,/novatel/oem7/odom,39.663,-75.756,-1.801149688,0.002533567,-0.000671510,-0.002433324,-0.000705621,-0.000671510,,,
1786043878016848196,1786043878.016165512,/novatel/oem7/odom,/novatel/oem7/fix,/novatel/oem7/odom,39.663,-75.756,-1.801149688,0.002533567,-0.000671510,-0.002433324,-0.000705621,-0.000671510,,,
1786043878025201965,1786043878.024499183,/novatel/oem7/bestpos,/novatel/oem7/bestpos,/novatel/oem7/odom,39.663,-75.756,33.181297061,0.002533567,-0.000671510,-0.002433324,-0.000705621,-0.000671510,,novatel_oem7_msgs.msg.SolutionStatus(status=0),novatel_oem7_msgs.msg.PositionOrVelocityType(type=53)
1786043878026781074,1786043878.025633496,/novatel/oem7/bestvel,/novatel/oem7/bestpos,/novatel/oem7/bestvel,39.663,-75.756,33.181297061,0.002615723,-0.000578931,,,,249.025479341,novatel_oem7_msgs.msg.SolutionStatus(status=0),novatel_oem7_msgs.msg.PositionOrVelocityType(type=53)
1786043878028176708,1786043878.026581759,/novatel/oem7/inspva,/novatel/oem7/inspva,/novatel/oem7/inspva,39.663,-75.756,-1.801168687,0.002612181,-0.000919350,-0.000625803,-0.002536111,-0.000919350,,novatel_oem7_msgs.msg.InertialSolutionStatus(status=3),
1786043878029036147,1786043878.026758730,/novatel/oem7/fix,/novatel/oem7/fix,/novatel/oem7/inspva,39.663,-75.756,-1.801168687,0.002612181,-0.000919350,-0.000625803,-0.002536111,-0.000919350,,0,
1786043878030070324,1786043878.027150184,/novatel/oem7/odom,/novatel/oem7/fix,/novatel/oem7/odom,39.663,-75.756,-1.801168687,0.002608501,-0.000929739,-0.002562987,-0.000485157,-0.000929739,,,
1786043878036120739,1786043878.035471489,/novatel/oem7/odom,/novatel/oem7/fix,/novatel/oem7/odom,39.663,-75.756,-1.801168687,0.002608501,-0.000929739,-0.002562987,-0.000485157,-0.000929739,,,
1786043878045836663,1786043878.045446518,/novatel/oem7/inspva,/novatel/oem7/inspva,/novatel/oem7/inspva,39.663,-75.756,-1.801170483,0.002843159,-0.000768858,-0.000742675,-0.002744447,-0.000768858,,novatel_oem7_msgs.msg.InertialSolutionStatus(status=3),
1786043878047284420,1786043878.045565665,/novatel/oem7/fix,/novatel/oem7/fix,/novatel/oem7/inspva,39.663,-75.756,-1.801170483,0.002843159,-0.000768858,-0.000742675,-0.002744447,-0.000768858,,0,
1786043878047831995,1786043878.046518649,/novatel/oem7/odom,/novatel/oem7/fix,/novatel/oem7/odom,39.663,-75.756,-1.801170483,0.002840050,-0.000780264,-0.002777870,-0.000591035,-0.000780264,,,
1786043878057007909,1786043878.056519921,/novatel/oem7/odom,/novatel/oem7/fix,/novatel/oem7/odom,39.663,-75.756,-1.801170483,0.002840050,-0.000780264,-0.002777870,-0.000591035,-0.000780264,,,
1786043878066764309,1786043878.066275381,/novatel/oem7/inspva,/novatel/oem7/inspva,/novatel/oem7/inspva,39.663,-75.756,-1.801170573,0.002566984,-0.000742831,-0.000581148,-0.002500335,-0.000742831,,novatel_oem7_msgs.msg.InertialSolutionStatus(status=3),
1786043878067722599,1786043878.066470840,/novatel/oem7/fix,/novatel/oem7/fix,/novatel/oem7/inspva,39.663,-75.756,-1.801170573,0.002566984,-0.000742831,-0.000581148,-0.002500335,-0.000742831,,0,
1786043878068456522,1786043878.067062171,/novatel/oem7/odom,/novatel/oem7/fix,/novatel/oem7/odom,39.663,-75.756,-1.801170573,0.002564033,-0.000752953,-0.002525472,-0.000443009,-0.000752953,,,
1786043878075334699,1786043878.074858618,/novatel/oem7/odom,/novatel/oem7/fix,/novatel/oem7/odom,39.663,-75.756,-1.801170573,0.002564033,-0.000752953,-0.002525472,-0.000443009,-0.000752953,,,
1786043878086251127,1786043878.085212591,/novatel/oem7/inspva,/novatel/oem7/inspva,/novatel/oem7/inspva,39.663,-75.756,-1.801174326,0.002538674,-0.000934372,-0.000609720,-0.002464367,-0.000934372,,novatel_oem7_msgs.msg.InertialSolutionStatus(status=3),
1786043878088376815,1786043878.085448158,/novatel/oem7/fix,/novatel/oem7/fix,/novatel/oem7/inspva,39.663,-75.756,-1.801174326,0.002538674,-0.000934372,-0.000609720,-0.002464367,-0.000934372,,0,
1786043878089820406,1786043878.086023831,/novatel/oem7/odom,/novatel/oem7/fix,/novatel/oem7/odom,39.663,-75.756,-1.801174326,0.002534924,-0.000944496,-0.002490408,-0.000472981,-0.000944496,,,
1786043878096200611,1786043878.095378220,/novatel/oem7/odom,/novatel/oem7/fix,/novatel/oem7/odom,39.663,-75.756,-1.801174326,0.002534924,-0.000944496,-0.002490408,-0.000472981,-0.000944496,,,
1786043878106759306,1786043878.106062028,/novatel/oem7/inspva,/novatel/oem7/inspva,/novatel/oem7/inspva,39.663,-75.756,-1.801172819,0.002344452,-0.000770390,-0.000691446,-0.002240169,-0.000770390,,novatel_oem7_msgs.msg.InertialSolutionStatus(status=3),
1786043878108292222,1786043878.106212645,/novatel/oem7/fix,/novatel/oem7/fix,/novatel/oem7/inspva,39.663,-75.756,-1.801172819,0.002344452,-0.000770390,-0.000691446,-0.002240169,-0.000770390,,0,
1786043878109559978,1786043878.106605357,/novatel/oem7/odom,/novatel/oem7/fix,/novatel/oem7/odom,39.663,-75.756,-1.801172819,0.002341280,-0.000779976,-0.002271543,-0.000567172,-0.000779976,,,
1786043878111262655,1786043878.109062314,/novatel/oem7/bestpos,/novatel/oem7/bestpos,/novatel/oem7/odom,39.663,-75.756,33.181224176,0.002341280,-0.000779976,-0.002271543,-0.000567172,-0.000779976,,novatel_oem7_msgs.msg.SolutionStatus(status=0),novatel_oem7_msgs.msg.PositionOrVelocityType(type=53)
1786043878112528028,1786043878.109539460,/novatel/oem7/bestvel,/novatel/oem7/bestpos,/novatel/oem7/bestvel,39.663,-75.756,33.181224176,0.002486725,-0.000626496,,,,249.895541552,novatel_oem7_msgs.msg.SolutionStatus(status=0),novatel_oem7_msgs.msg.PositionOrVelocityType(type=53)
1786043878115354827,1786043878.114404744,/novatel/oem7/odom,/novatel/oem7/bestpos,/novatel/oem7/odom,39.663,-75.756,33.181224176,0.002341280,-0.000779976,-0.002271543,-0.000567172,-0.000779976,,,
1786043878127197864,1786043878.126477914,/novatel/oem7/inspva,/novatel/oem7/inspva,/novatel/oem7/inspva,39.663,-75.756,-1.801174860,0.002321582,-0.000820029,-0.000978130,-0.002105470,-0.000820029,,novatel_oem7_msgs.msg.InertialSolutionStatus(status=3),
1786043878128954205,1786043878.126660456,/novatel/oem7/fix,/novatel/oem7/fix,/novatel/oem7/inspva,39.663,-75.756,-1.801174860,0.002321582,-0.000820029,-0.000978130,-0.002105470,-0.000820029,,0,
1786043878130226382,1786043878.127220748,/novatel/oem7/odom,/novatel/oem7/fix,/novatel/oem7/odom,39.663,-75.756,-1.801174860,0.002318038,-0.000829994,-0.002152380,-0.000860558,-0.000829994,,,
1786043878135899023,1786043878.135135792,/novatel/oem7/odom,/novatel/oem7/fix,/novatel/oem7/odom,39.663,-75.756,-1.801174860,0.002318038,-0.000829994,-0.002152380,-0.000860558,-0.000829994,,,
1786043878145792307,1786043878.145047422,/novatel/oem7/inspva,/novatel/oem7/inspva,/novatel/oem7/inspva,39.663,-75.756,-1.801174659,0.002070554,-0.000776415,-0.000828983,-0.001897361,-0.000776415,,novatel_oem7_msgs.msg.InertialSolutionStatus(status=3),
1786043878147298069,1786043878.145185379,/novatel/oem7/fix,/novatel/oem7/fix,/novatel/oem7/inspva,39.663,-75.756,-1.801174659,0.002070554,-0.000776415,-0.000828983,-0.001897361,-0.000776415,,0,
1786043878148380133,1786043878.145608371,/novatel/oem7/odom,/novatel/oem7/fix,/novatel/oem7/odom,39.663,-75.756,-1.801174659,0.002067217,-0.000785255,-0.001936651,-0.000723029,-0.000785255,,,
1786043878156191963,1786043878.155555204,/novatel/oem7/odom,/novatel/oem7/fix,/novatel/oem7/odom,39.663,-75.756,-1.801174659,0.002067217,-0.000785255,-0.001936651,-0.000723029,-0.000785255,,,
1786043878167469975,1786043878.166541367,/novatel/oem7/inspva,/novatel/oem7/inspva,/novatel/oem7/inspva,39.663,-75.756,-1.801179257,0.002197792,-0.001116759,-0.000905596,-0.002002545,-0.001116759,,novatel_oem7_msgs.msg.InertialSolutionStatus(status=3),
1786043878169218896,1786043878.166689538,/novatel/oem7/fix,/novatel/oem7/fix,/novatel/oem7/inspva,39.663,-75.756,-1.801179257,0.002197792,-0.001116759,-0.000905596,-0.002002545,-0.001116759,,0,
1786043878170738261,1786043878.167737014,/novatel/oem7/odom,/novatel/oem7/fix,/novatel/oem7/odom,39.663,-75.756,-1.801179257,0.002192983,-0.001126173,-0.002044625,-0.000792895,-0.001126173,,,
1786043878175444264,1786043878.174881862,/novatel/oem7/odom,/novatel/oem7/fix,/novatel/oem7/odom,39.663,-75.756,-1.801179257,0.002192983,-0.001126173,-0.002044625,-0.000792895,-0.001126173,,,
1786043878185902283,1786043878.185353998,/novatel/oem7/inspva,/novatel/oem7/inspva,/novatel/oem7/inspva,39.663,-75.756,-1.801174807,0.002155261,-0.000715487,-0.000923479,-0.001947393,-0.000715487,,novatel_oem7_msgs.msg.InertialSolutionStatus(status=3),
1786043878186858003,1786043878.185668888,/novatel/oem7/fix,/novatel/oem7/fix,/novatel/oem7/inspva,39.663,-75.756,-1.801174807,0.002155261,-0.000715487,-0.000923479,-0.001947393,-0.000715487,,0,
1786043878187565218,1786043878.186095094,/novatel/oem7/odom,/novatel/oem7/fix,/novatel/oem7/odom,39.663,-75.756,-1.801174807,0.002152154,-0.000724781,-0.001991928,-0.000814857,-0.000724781,,,
1786043878195553423,1786043878.194933815,/novatel/oem7/odom,/novatel/oem7/fix,/novatel/oem7/odom,39.663,-75.756,-1.801174807,0.002152154,-0.000724781,-0.001991928,-0.000814857,-0.000724781,,,
1786043878206680350,1786043878.206194319,/novatel/oem7/inspva,/novatel/oem7/inspva,/novatel/oem7/inspva,39.663,-75.756,-1.801176853,0.001794050,-0.000689980,-0.000741632,-0.001633585,-0.000689980,,novatel_oem7_msgs.msg.InertialSolutionStatus(status=3),
1786043878207520491,1786043878.206387722,/novatel/oem7/fix,/novatel/oem7/fix,/novatel/oem7/inspva,39.663,-75.756,-1.801176853,0.001794050,-0.000689980,-0.000741632,-0.001633585,-0.000689980,,0,
1786043878208073162,1786043878.206913637,/novatel/oem7/odom,/novatel/oem7/fix,/novatel/oem7/odom,39.663,-75.756,-1.801176853,0.001791066,-0.000697691,-0.001668840,-0.000650299,-0.000697691,,,
1786043878210317427,1786043878.209924121,/novatel/oem7/bestpos,/novatel/oem7/bestpos,/novatel/oem7/odom,39.663,-75.756,33.181214065,0.001791066,-0.000697691,-0.001668840,-0.000650299,-0.000697691,,novatel_oem7_msgs.msg.SolutionStatus(status=0),novatel_oem7_msgs.msg.PositionOrVelocityType(type=53)
1786043878211052160,1786043878.210325450,/novatel/oem7/bestvel,/novatel/oem7/bestpos,/novatel/oem7/bestvel,39.663,-75.756,33.181214065,0.001740281,-0.000745536,,,,247.330017260,novatel_oem7_msgs.msg.SolutionStatus(status=0),novatel_oem7_msgs.msg.PositionOrVelocityType(type=53)
1786043878215227875,1786043878.214855285,/novatel/oem7/odom,/novatel/oem7/bestpos,/novatel/oem7/odom,39.663,-75.756,33.181214065,0.001791066,-0.000697691,-0.001668840,-0.000650299,-0.000697691,,,
1786043878226582622,1786043878.226003465,/novatel/oem7/inspva,/novatel/oem7/inspva,/novatel/oem7/inspva,39.663,-75.756,-1.801176727,0.002071828,-0.000870037,-0.000614377,-0.001978639,-0.000870037,,novatel_oem7_msgs.msg.InertialSolutionStatus(status=3),
1786043878227496659,1786043878.226227201,/novatel/oem7/fix,/novatel/oem7/fix,/novatel/oem7/inspva,39.663,-75.756,-1.801176727,0.002071828,-0.000870037,-0.000614377,-0.001978639,-0.000870037,,0,
1786043878228086305,1786043878.226807193,/novatel/oem7/odom,/novatel/oem7/fix,/novatel/oem7/odom,39.663,-75.756,-1.801176727,0.002068224,-0.000878570,-0.002005859,-0.000504064,-0.000878570,,,
1786043878234814326,1786043878.234384744,/novatel/oem7/odom,/novatel/oem7/fix,/novatel/oem7/odom,39.663,-75.756,-1.801176727,0.002068224,-0.000878570,-0.002005859,-0.000504064,-0.000878570,,,
1786043878245767661,1786043878.244987325,/novatel/oem7/inspva,/novatel/oem7/inspva,/novatel/oem7/inspva,39.663,-75.756,-1.801178843,0.002099690,-0.000720647,-0.000904282,-0.001894986,-0.000720647,,novatel_oem7_msgs.msg.InertialSolutionStatus(status=3),
1786043878246978936,1786043878.245264108,/novatel/oem7/fix,/novatel/oem7/fix,/novatel/oem7/inspva,39.663,-75.756,-1.801178843,0.002099690,-0.000720647,-0.000904282,-0.001894986,-0.000720647,,0,
1786043878247901697,1786043878.246090586,/novatel/oem7/odom,/novatel/oem7/fix,/novatel/oem7/odom,39.663,-75.756,-1.801178843,0.002096551,-0.000729728,-0.001938547,-0.000798475,-0.000729728,,,
1786043878256855649,1786043878.256313594,/novatel/oem7/odom,/novatel/oem7/fix,/novatel/oem7/odom,39.663,-75.756,-1.801178843,0.002096551,-0.000729728,-0.001938547,-0.000798475,-0.000729728,,,
1786043878265194629,1786043878.264854464,/novatel/oem7/inspva,/novatel/oem7/inspva,/novatel/oem7/inspva,39.663,-75.756,-1.801183152,0.002274571,-0.000810502,-0.000949289,-0.002067008,-0.000810502,,novatel_oem7_msgs.msg.InertialSolutionStatus(status=3),
1786043878265894987,1786043878.265032129,/novatel/oem7/fix,/novatel/oem7/fix,/novatel/oem7/inspva,39.663,-75.756,-1.801183152,0.002274571,-0.000810502,-0.000949289,-0.002067008,-0.000810502,,0,
1786043878266473477,1786043878.265520117,/novatel/oem7/odom,/novatel/oem7/fix,/novatel/oem7/odom,39.663,-75.756,-1.801183152,0.002271038,-0.000820349,-0.002112416,-0.000833854,-0.000820349,,,
1786043878275335794,1786043878.274683515,/novatel/oem7/odom,/novatel/oem7/fix,/novatel/oem7/odom,39.663,-75.756,-1.801183152,0.002271038,-0.000820349,-0.002112416,-0.000833854,-0.000820349,,,
1786043878287011374,1786043878.286623246,/novatel/oem7/inspva,/novatel/oem7/inspva,/novatel/oem7/inspva,39.663,-75.756,-1.801189648,0.002338221,-0.000998864,-0.001104475,-0.002060926,-0.000998864,,novatel_oem7_msgs.msg.InertialSolutionStatus(status=3),
1786043878287690701,1786043878.286855632,/novatel/oem7/fix,/novatel/oem7/fix,/novatel/oem7/inspva,39.663,-75.756,-1.801189648,0.002338221,-0.000998864,-0.001104475,-0.002060926,-0.000998864,,0,
1786043878288151223,1786043878.287291226,/novatel/oem7/odom,/novatel/oem7/fix,/novatel/oem7/odom,39.663,-75.756,-1.801189648,0.002333806,-0.001009137,-0.002114064,-0.000988626,-0.001009137,,,
1786043878295186522,1786043878.294672412,/novatel/oem7/odom,/novatel/oem7/fix,/novatel/oem7/odom,39.663,-75.756,-1.801189648,0.002333806,-0.001009137,-0.002114064,-0.000988626,-0.001009137,,,
1786043878306474792,1786043878.305856779,/novatel/oem7/inspva,/novatel/oem7/inspva,/novatel/oem7/inspva,39.663,-75.756,-1.801191650,0.002423037,-0.000809248,-0.001102359,-0.002157757,-0.000809248,,novatel_oem7_msgs.msg.InertialSolutionStatus(status=3),
1786043878307184733,1786043878.306140328,/novatel/oem7/fix,/novatel/oem7/fix,/novatel/oem7/inspva,39.663,-75.756,-1.801191650,0.002423037,-0.000809248,-0.001102359,-0.002157757,-0.000809248,,0,
1786043878307681955,1786043878.306573533,/novatel/oem7/odom,/novatel/oem7/fix,/novatel/oem7/odom,39.663,-75.756,-1.801191650,0.002419470,-0.000819851,-0.002211304,-0.000981820,-0.000819851,,,
1786043878309651562,1786043878.309135159,/novatel/oem7/bestpos,/novatel/oem7/bestpos,/novatel/oem7/odom,39.663,-75.756,33.181189099,0.002419470,-0.000819851,-0.002211304,-0.000981820,-0.000819851,,novatel_oem7_msgs.msg.SolutionStatus(status=0),novatel_oem7_msgs.msg.PositionOrVelocityType(type=53)
1786043878310284029,1786043878.309496993,/novatel/oem7/bestvel,/novatel/oem7/bestpos,/novatel/oem7/bestvel,39.663,-75.756,33.181189099,0.002532172,-0.000634247,,,,233.233089270,novatel_oem7_msgs.msg.SolutionStatus(status=0),novatel_oem7_msgs.msg.PositionOrVelocityType(type=53)
1786043878315086410,1786043878.314749586,/novatel/oem7/odom,/novatel/oem7/bestpos,/novatel/oem7/odom,39.663,-75.756,33.181189099,0.002419470,-0.000819851,-0.002211304,-0.000981820,-0.000819851,,,
1786043878325732440,1786043878.325329517,/novatel/oem7/inspva,/novatel/oem7/inspva,/novatel/oem7/inspva,39.663,-75.756,-1.801196584,0.002573517,-0.000644872,-0.000909933,-0.002407283,-0.000644872,,novatel_oem7_msgs.msg.InertialSolutionStatus(status=3),
1786043878326517477,1786043878.325521013,/novatel/oem7/fix,/novatel/oem7/fix,/novatel/oem7/inspva,39.663,-75.756,-1.801196584,0.002573517,-0.000644872,-0.000909933,-0.002407283,-0.000644872,,0,
1786043878327050177,1786043878.326200586,/novatel/oem7/odom,/novatel/oem7/fix,/novatel/oem7/odom,39.663,-75.756,-1.801196584,0.002570761,-0.000655774,-0.002450646,-0.000776623,-0.000655774,,,
1786043878335272637,1786043878.334920255,/novatel/oem7/odom,/novatel/oem7/fix,/novatel/oem7/odom,39.663,-75.756,-1.801196584,0.002570761,-0.000655774,-0.002450646,-0.000776623,-0.000655774,,,
1786043878350327848,1786043878.346103779,/novatel/oem7/inspva,/novatel/oem7/inspva,/novatel/oem7/inspva,39.663,-75.756,-1.801201605,0.002305488,-0.000717712,-0.000988725,-0.002082714,-0.000717712,,novatel_oem7_msgs.msg.InertialSolutionStatus(status=3),
1786043878360311355,1786043878.346352231,/novatel/oem7/fix,/novatel/oem7/fix,/novatel/oem7/inspva,39.663,-75.756,-1.801201605,0.002305488,-0.000717712,-0.000988725,-0.002082714,-0.000717712,,0,
1786043878361651014,1786043878.347047125,/novatel/oem7/odom,/novatel/oem7/fix,/novatel/oem7/odom,39.663,-75.756,-1.801201605,0.002302336,-0.000727759,-0.002130547,-0.000872651,-0.000727759,,,
1786043878363100273,1786043878.355712627,/novatel/oem7/odom,/novatel/oem7/fix,/novatel/oem7/odom,39.663,-75.756,-1.801201605,0.002302336,-0.000727759,-0.002130547,-0.000872651,-0.000727759,,,
1786043878365523048,1786043878.365037199,/novatel/oem7/inspva,/novatel/oem7/inspva,/novatel/oem7/inspva,39.663,-75.756,-1.801211059,0.002588958,-0.001075991,-0.001351087,-0.002208453,-0.001075991,,novatel_oem7_msgs.msg.InertialSolutionStatus(status=3),
1786043878366268458,1786043878.365267911,/novatel/oem7/fix,/novatel/oem7/fix,/novatel/oem7/inspva,39.663,-75.756,-1.801211059,0.002588958,-0.001075991,-0.001351087,-0.002208453,-0.001075991,,0,
1786043878366874002,1786043878.365699142,/novatel/oem7/odom,/novatel/oem7/fix,/novatel/oem7/odom,39.663,-75.756,-1.801211059,0.002584128,-0.001087540,-0.002274428,-0.001226659,-0.001087540,,,
1786043878375777860,1786043878.375409465,/novatel/oem7/odom,/novatel/oem7/fix,/novatel/oem7/odom,39.663,-75.756,-1.801211059,0.002584128,-0.001087540,-0.002274428,-0.001226659,-0.001087540,,,
1786043878385186976,1786043878.384912064,/novatel/oem7/inspva,/novatel/oem7/inspva,/novatel/oem7/inspva,39.663,-75.756,-1.801215494,0.002236516,-0.000828256,-0.001250235,-0.001854431,-0.000828256,,novatel_oem7_msgs.msg.InertialSolutionStatus(status=3),
1786043878385751498,1786043878.385082853,/novatel/oem7/fix,/novatel/oem7/fix,/novatel/oem7/inspva,39.663,-75.756,-1.801215494,0.002236516,-0.000828256,-0.001250235,-0.001854431,-0.000828256,,0,
1786043878386377101,1786043878.385579415,/novatel/oem7/odom,/novatel/oem7/fix,/novatel/oem7/odom,39.663,-75.756,-1.801215494,0.002232770,-0.000838300,-0.001916366,-0.001145776,-0.000838300,,,
1786043878394919763,1786043878.394385128,/novatel/oem7/odom,/novatel/oem7/fix,/novatel/oem7/odom,39.663,-75.756,-1.801215494,0.002232770,-0.000838300,-0.001916366,-0.001145776,-0.000838300,,,
1786043878406959648,1786043878.406625076,/novatel/oem7/inspva,/novatel/oem7/inspva,/novatel/oem7/inspva,39.663,-75.756,-1.801226785,0.002671414,-0.000998614,-0.001384478,-0.002284660,-0.000998614,,novatel_oem7_msgs.msg.InertialSolutionStatus(status=3),
1786043878407609406,1786043878.406818881,/novatel/oem7/fix,/novatel/oem7/fix,/novatel/oem7/inspva,39.663,-75.756,-1.801226785,0.002671414,-0.000998614,-0.001384478,-0.002284660,-0.000998614,,0,
1786043878408065353,1786043878.407327857,/novatel/oem7/odom,/novatel/oem7/fix,/novatel/oem7/odom,39.663,-75.756,-1.801226785,0.002666916,-0.001010565,-0.002352593,-0.001256084,-0.001010565,,,
1786043878410624090,1786043878.410147899,/novatel/oem7/bestpos,/novatel/oem7/bestpos,/novatel/oem7/odom,39.663,-75.756,33.181140576,0.002666916,-0.001010565,-0.002352593,-0.001256084,-0.001010565,,novatel_oem7_msgs.msg.SolutionStatus(status=0),novatel_oem7_msgs.msg.PositionOrVelocityType(type=53)
1786043878411238734,1786043878.410562390,/novatel/oem7/bestvel,/novatel/oem7/bestpos,/novatel/oem7/bestvel,39.663,-75.756,33.181140576,0.002276700,-0.001291544,,,,238.880690791,novatel_oem7_msgs.msg.SolutionStatus(status=0),novatel_oem7_msgs.msg.PositionOrVelocityType(type=53)
1786043878415169068,1786043878.414518113,/novatel/oem7/odom,/novatel/oem7/bestpos,/novatel/oem7/odom,39.663,-75.756,33.181140576,0.002666916,-0.001010565,-0.002352593,-0.001256084,-0.001010565,,,
1786043878425697047,1786043878.424951782,/novatel/oem7/inspva,/novatel/oem7/inspva,/novatel/oem7/inspva,39.663,-75.756,-1.801233663,0.002356281,-0.000893997,-0.001360845,-0.001923580,-0.000893997,,novatel_oem7_msgs.msg.InertialSolutionStatus(status=3),
1786043878427392007,1786043878.425133904,/novatel/oem7/fix,/novatel/oem7/fix,/novatel/oem7/inspva,39.663,-75.756,-1.801233663,0.002356281,-0.000893997,-0.001360845,-0.001923580,-0.000893997,,0,
1786043878428538785,1786043878.425649547,/novatel/oem7/odom,/novatel/oem7/fix,/novatel/oem7/odom,39.663,-75.756,-1.801233663,0.002352217,-0.000904634,-0.001991143,-0.001252309,-0.000904634,,,
1786043878435964615,1786043878.435458227,/novatel/oem7/odom,/novatel/oem7/fix,/novatel/oem7/odom,39.663,-75.756,-1.801233663,0.002352217,-0.000904634,-0.001991143,-0.001252309,-0.000904634,,,
1786043878445712495,1786043878.445218436,/novatel/oem7/inspva,/novatel/oem7/inspva,/novatel/oem7/inspva,39.663,-75.756,-1.801243349,0.002514981,-0.000903048,-0.001391259,-0.002095121,-0.000903048,,novatel_oem7_msgs.msg.InertialSolutionStatus(status=3),
1786043878446908619,1786043878.445375464,/novatel/oem7/fix,/novatel/oem7/fix,/novatel/oem7/inspva,39.663,-75.756,-1.801243349,0.002514981,-0.000903048,-0.001391259,-0.002095121,-0.000903048,,0,
1786043878447758225,1786043878.445985267,/novatel/oem7/odom,/novatel/oem7/fix,/novatel/oem7/odom,39.663,-75.756,-1.801243349,0.002510900,-0.000914336,-0.002164041,-0.001273399,-0.000914336,,,
1786043878456747074,1786043878.456149231,/novatel/oem7/odom,/novatel/oem7/fix,/novatel/oem7/odom,39.663,-75.756,-1.801243349,0.002510900,-0.000914336,-0.002164041,-0.001273399,-0.000914336,,,
1786043878467340797,1786043878.466159280,/novatel/oem7/inspva,/novatel/oem7/inspva,/novatel/oem7/inspva,39.663,-75.756,-1.801250302,0.002324938,-0.000745244,-0.001295036,-0.001930860,-0.000745244,,novatel_oem7_msgs.msg.InertialSolutionStatus(status=3),
1786043878469260354,1786043878.466503641,/novatel/oem7/fix,/novatel/oem7/fix,/novatel/oem7/inspva,39.663,-75.756,-1.801250302,0.002324938,-0.000745244,-0.001295036,-0.001930860,-0.000745244,,0,
1786043878470551030,1786043878.467301208,/novatel/oem7/odom,/novatel/oem7/fix,/novatel/oem7/odom,39.663,-75.756,-1.801250302,0.002321558,-0.000755709,-0.001995391,-0.001186610,-0.000755709,,,
1786043878475562746,1786043878.474753564,/novatel/oem7/odom,/novatel/oem7/fix,/novatel/oem7/odom,39.663,-75.756,-1.801250302,0.002321558,-0.000755709,-0.001995391,-0.001186610,-0.000755709,,,
1786043878485653116,1786043878.484985351,/novatel/oem7/inspva,/novatel/oem7/inspva,/novatel/oem7/inspva,39.663,-75.756,-1.801258042,0.002482260,-0.000867429,-0.001511445,-0.001969048,-0.000867429,,novatel_oem7_msgs.msg.InertialSolutionStatus(status=3),
1786043878486872314,1786043878.485214661,/novatel/oem7/fix,/novatel/oem7/fix,/novatel/oem7/inspva,39.663,-75.756,-1.801258042,0.002482260,-0.000867429,-0.001511445,-0.001969048,-0.000867429,,0,
1786043878487741310,1786043878.485707229,/novatel/oem7/odom,/novatel/oem7/fix,/novatel/oem7/odom,39.663,-75.756,-1.801258042,0.002478304,-0.000878668,-0.002044781,-0.001400308,-0.000878668,,,
1786043878496264067,1786043878.495445415,/novatel/oem7/odom,/novatel/oem7/fix,/novatel/oem7/odom,39.663,-75.756,-1.801258042,0.002478304,-0.000878668,-0.002044781,-0.001400308,-0.000878668,,,
1786043878506351210,1786043878.505829301,/novatel/oem7/inspva,/novatel/oem7/inspva,/novatel/oem7/inspva,39.663,-75.756,-1.801263180,0.002349702,-0.000876935,-0.001598419,-0.001722253,-0.000876935,,novatel_oem7_msgs.msg.InertialSolutionStatus(status=3),
1786043878507510504,1786043878.506025076,/novatel/oem7/fix,/novatel/oem7/fix,/novatel/oem7/inspva,39.663,-75.756,-1.801263180,0.002349702,-0.000876935,-0.001598419,-0.001722253,-0.000876935,,0,
1786043878508370895,1786043878.506546421,/novatel/oem7/odom,/novatel/oem7/fix,/novatel/oem7/odom,39.663,-75.756,-1.801263180,0.002345703,-0.000887576,-0.001803039,-0.001500458,-0.000887576,,,
1786043878511568201,1786043878.510986020,/novatel/oem7/bestpos,/novatel/oem7/bestpos,/novatel/oem7/odom,39.663,-75.756,33.181112877,0.002345703,-0.000887576,-0.001803039,-0.001500458,-0.000887576,,novatel_oem7_msgs.msg.SolutionStatus(status=0),novatel_oem7_msgs.msg.PositionOrVelocityType(type=53)
1786043878512756373,1786043878.511439891,/novatel/oem7/bestvel,/novatel/oem7/bestpos,/novatel/oem7/bestvel,39.663,-75.756,33.181112877,0.002429373,-0.000872421,,,,236.556998951,novatel_oem7_msgs.msg.SolutionStatus(status=0),novatel_oem7_msgs.msg.PositionOrVelocityType(type=53)
1786043878514993151,1786043878.514412775,/novatel/oem7/odom,/novatel/oem7/bestpos,/novatel/oem7/odom,39.663,-75.756,33.181112877,0.002345703,-0.000887576,-0.001803039,-0.001500458,-0.000887576,,,
1786043878527843726,1786043878.526632767,/novatel/oem7/inspva,/novatel/oem7/inspva,/novatel/oem7/inspva,39.663,-75.756,-1.801269794,0.002583242,-0.000751106,-0.001803428,-0.001849537,-0.000751106,,novatel_oem7_msgs.msg.InertialSolutionStatus(status=3),
1786043878529565734,1786043878.526981748,/novatel/oem7/fix,/novatel/oem7/fix,/novatel/oem7/inspva,39.663,-75.756,-1.801269794,0.002583242,-0.000751106,-0.001803428,-0.001849537,-0.000751106,,0,
1786043878530519779,1786043878.527667893,/novatel/oem7/odom,/novatel/oem7/fix,/novatel/oem7/odom,39.663,-75.756,-1.801269794,0.002579815,-0.000762792,-0.001941654,-0.001698654,-0.000762792,,,
1786043878535246894,1786043878.534677565,/novatel/oem7/odom,/novatel/oem7/fix,/novatel/oem7/odom,39.663,-75.756,-1.801269794,0.002579815,-0.000762792,-0.001941654,-0.001698654,-0.000762792,,,
1786043878545487254,1786043878.544852635,/novatel/oem7/inspva,/novatel/oem7/inspva,/novatel/oem7/inspva,39.663,-75.756,-1.801276563,0.002421003,-0.000978447,-0.001669402,-0.001753383,-0.000978447,,novatel_oem7_msgs.msg.InertialSolutionStatus(status=3),
1786043878546594178,1786043878.545045324,/novatel/oem7/fix,/novatel/oem7/fix,/novatel/oem7/inspva,39.663,-75.756,-1.801276563,0.002421003,-0.000978447,-0.001669402,-0.001753383,-0.000978447,,0,
1786043878547485327,1786043878.545555906,/novatel/oem7/odom,/novatel/oem7/fix,/novatel/oem7/odom,39.663,-75.756,-1.801276563,0.002416549,-0.000989395,-0.001837597,-0.001569378,-0.000989395,,,
1786043878556700781,1786043878.556011292,/novatel/oem7/odom,/novatel/oem7/fix,/novatel/oem7/odom,39.663,-75.756,-1.801276563,0.002416549,-0.000989395,-0.001837597,-0.001569378,-0.000989395,,,
1786043878569461998,1786043878.565292768,/novatel/oem7/inspva,/novatel/oem7/inspva,/novatel/oem7/inspva,39.663,-75.756,-1.801283064,0.002436013,-0.000882880,-0.001469088,-0.001943178,-0.000882880,,novatel_oem7_msgs.msg.InertialSolutionStatus(status=3),
1786043878580359823,1786043878.565590581,/novatel/oem7/fix,/novatel/oem7/fix,/novatel/oem7/inspva,39.663,-75.756,-1.801283064,0.002436013,-0.000882880,-0.001469088,-0.001943178,-0.000882880,,0,
1786043878582575532,1786043878.566226283,/novatel/oem7/odom,/novatel/oem7/fix,/novatel/oem7/odom,39.663,-75.756,-1.801283064,0.002431995,-0.000893887,-0.002016608,-0.001359373,-0.000893887,,,
1786043878583261635,1786043878.574871048,/novatel/oem7/odom,/novatel/oem7/fix,/novatel/oem7/odom,39.663,-75.756,-1.801283064,0.002431995,-0.000893887,-0.002016608,-0.001359373,-0.000893887,,,
1786043878586672142,1786043878.585978351,/novatel/oem7/inspva,/novatel/oem7/inspva,/novatel/oem7/inspva,39.663,-75.756,-1.801288272,0.002276934,-0.000901318,-0.001470640,-0.001738288,-0.000901318,,novatel_oem7_msgs.msg.InertialSolutionStatus(status=3),
1786043878587556024,1786043878.586136346,/novatel/oem7/fix,/novatel/oem7/fix,/novatel/oem7/inspva,39.663,-75.756,-1.801288272,0.002276934,-0.000901318,-0.001470640,-0.001738288,-0.000901318,,0,
1786043878588037009,1786043878.586614691,/novatel/oem7/odom,/novatel/oem7/fix,/novatel/oem7/odom,39.663,-75.756,-1.801288272,0.002272824,-0.000911631,-0.001812042,-0.001371946,-0.000911631,,,
1786043878595098525,1786043878.594613846,/novatel/oem7/odom,/novatel/oem7/fix,/novatel/oem7/odom,39.663,-75.756,-1.801288272,0.002272824,-0.000911631,-0.001812042,-0.001371946,-0.000911631,,,
1786043878606126678,1786043878.605768343,/novatel/oem7/inspva,/novatel/oem7/inspva,/novatel/oem7/inspva,39.663,-75.756,-1.801292157,0.002371011,-0.000553635,-0.001247163,-0.002016502,-0.000553635,,novatel_oem7_msgs.msg.InertialSolutionStatus(status=3),
1786043878606804188,1786043878.605898563,/novatel/oem7/fix,/novatel/oem7/fix,/novatel/oem7/inspva,39.663,-75.756,-1.801292157,0.002371011,-0.000553635,-0.001247163,-0.002016502,-0.000553635,,0,
1786043878607555928,1786043878.606585891,/novatel/oem7/odom,/novatel/oem7/fix,/novatel/oem7/odom,39.663,-75.756,-1.801292157,0.002368502,-0.000564272,-0.002079008,-0.001134694,-0.000564272,,,
1786043878610469066,1786043878.610079512,/novatel/oem7/bestpos,/novatel/oem7/bestpos,/novatel/oem7/odom,39.663,-75.756,33.181084654,0.002368502,-0.000564272,-0.002079008,-0.001134694,-0.000564272,,novatel_oem7_msgs.msg.SolutionStatus(status=0),novatel_oem7_msgs.msg.PositionOrVelocityType(type=53)
1786043878611132441,1786043878.610438382,/novatel/oem7/bestvel,/novatel/oem7/bestpos,/novatel/oem7/bestvel,39.663,-75.756,33.181084654,0.002110989,-0.000741060,,,,237.594625675,novatel_oem7_msgs.msg.SolutionStatus(status=0),novatel_oem7_msgs.msg.PositionOrVelocityType(type=53)
1786043878615753888,1786043878.615380374,/novatel/oem7/odom,/novatel/oem7/bestpos,/novatel/oem7/odom,39.663,-75.756,33.181084654,0.002368502,-0.000564272,-0.002079008,-0.001134694,-0.000564272,,,
1786043878625772682,1786043878.625240409,/novatel/oem7/inspva,/novatel/oem7/inspva,/novatel/oem7/inspva,39.663,-75.756,-1.801297342,0.002301389,-0.000710925,-0.001475533,-0.001766124,-0.000710925,,novatel_oem7_msgs.msg.InertialSolutionStatus(status=3),
1786043878626699185,1786043878.625580563,/novatel/oem7/fix,/novatel/oem7/fix,/novatel/oem7/inspva,39.663,-75.756,-1.801297342,0.002301389,-0.000710925,-0.001475533,-0.001766124,-0.000710925,,0,
1786043878627387926,1786043878.625994612,/novatel/oem7/odom,/novatel/oem7/fix,/novatel/oem7/odom,39.663,-75.756,-1.801297342,0.002298139,-0.000721361,-0.001840789,-0.001375842,-0.000721361,,,
1786043878635750368,1786043878.635082818,/novatel/oem7/odom,/novatel/oem7/fix,/novatel/oem7/odom,39.663,-75.756,-1.801297342,0.002298139,-0.000721361,-0.001840789,-0.001375842,-0.000721361,,,
1786043878647715113,1786043878.646961843,/novatel/oem7/inspva,/novatel/oem7/inspva,/novatel/oem7/inspva,39.663,-75.756,-1.801302006,0.002415822,-0.000710630,-0.001417796,-0.001956030,-0.000710630,,novatel_oem7_msgs.msg.InertialSolutionStatus(status=3),
1786043878648566673,1786043878.647955188,/novatel/oem7/fix,/novatel/oem7/fix,/novatel/oem7/inspva,39.663,-75.756,-1.801302006,0.002415822,-0.000710630,-0.001417796,-0.001956030,-0.000710630,,0,
1786043878649475073,1786043878.648905099,/novatel/oem7/odom,/novatel/oem7/fix,/novatel/oem7/odom,39.663,-75.756,-1.801302006,0.002412590,-0.000721528,-0.002027296,-0.001307923,-0.000721528,,,
1786043878657372492,1786043878.656969882,/novatel/oem7/odom,/novatel/oem7/fix,/novatel/oem7/odom,39.663,-75.756,-1.801302006,0.002412590,-0.000721528,-0.002027296,-0.001307923,-0.000721528,,,
1786043878666026911,1786043878.665165541,/novatel/oem7/inspva,/novatel/oem7/inspva,/novatel/oem7/inspva,39.663,-75.756,-1.801308198,0.002494202,-0.000967419,-0.001465579,-0.002018197,-0.000967419,,novatel_oem7_msgs.msg.InertialSolutionStatus(status=3),
1786043878667527642,1786043878.665368128,/novatel/oem7/fix,/novatel/oem7/fix,/novatel/oem7/inspva,39.663,-75.756,-1.801308198,0.002494202,-0.000967419,-0.001465579,-0.002018197,-0.000967419,,0,
1786043878668267648,1786043878.666044930,/novatel/oem7/odom,/novatel/oem7/fix,/novatel/oem7/odom,39.663,-75.756,-1.801308198,0.002489791,-0.000978716,-0.002091041,-0.001351520,-0.000978716,,,
1786043878676245346,1786043878.675630775,/novatel/oem7/odom,/novatel/oem7/fix,/novatel/oem7/odom,39.663,-75.756,-1.801308198,0.002489791,-0.000978716,-0.002091041,-0.001351520,-0.000978716,,,
1786043878685962342,1786043878.685462969,/novatel/oem7/inspva,/novatel/oem7/inspva,/novatel/oem7/inspva,39.663,-75.756,-1.801314105,0.002216700,-0.000723455,-0.001072581,-0.001939930,-0.000723455,,novatel_oem7_msgs.msg.InertialSolutionStatus(status=3),
1786043878686893529,1786043878.685675598,/novatel/oem7/fix,/novatel/oem7/fix,/novatel/oem7/inspva,39.663,-75.756,-1.801314105,0.002216700,-0.000723455,-0.001072581,-0.001939930,-0.000723455,,0,
1786043878687692362,1786043878.686296347,/novatel/oem7/odom,/novatel/oem7/fix,/novatel/oem7/odom,39.663,-75.756,-1.801314105,0.002213456,-0.000733320,-0.001992498,-0.000964023,-0.000733320,,,
1786043878695547304,1786043878.695012403,/novatel/oem7/odom,/novatel/oem7/fix,/novatel/oem7/odom,39.663,-75.756,-1.801314105,0.002213456,-0.000733320,-0.001992498,-0.000964023,-0.000733320,,,
1786043878706429684,1786043878.705863513,/novatel/oem7/inspva,/novatel/oem7/inspva,/novatel/oem7/inspva,39.663,-75.756,-1.801320955,0.002511202,-0.000738699,-0.001530284,-0.001991072,-0.000738699,,novatel_oem7_msgs.msg.InertialSolutionStatus(status=3),
1786043878707263857,1786043878.706105552,/novatel/oem7/fix,/novatel/oem7/fix,/novatel/oem7/inspva,39.663,-75.756,-1.801320955,0.002511202,-0.000738699,-0.001530284,-0.001991072,-0.000738699,,0,
1786043878707806460,1786043878.706682998,/novatel/oem7/odom,/novatel/oem7/fix,/novatel/oem7/odom,39.663,-75.756,-1.801320955,0.002507823,-0.000750090,-0.002068276,-0.001418244,-0.000750090,,,
1786043878709725857,1786043878.709125459,/novatel/oem7/bestpos,/novatel/oem7/bestpos,/novatel/oem7/odom,39.663,-75.756,33.181059511,0.002507823,-0.000750090,-0.002068276,-0.001418244,-0.000750090,,novatel_oem7_msgs.msg.SolutionStatus(status=0),novatel_oem7_msgs.msg.PositionOrVelocityType(type=53)
1786043878710369686,1786043878.709492843,/novatel/oem7/bestvel,/novatel/oem7/bestpos,/novatel/oem7/bestvel,39.663,-75.756,33.181059511,0.002563367,-0.000665243,,,,224.972932085,novatel_oem7_msgs.msg.SolutionStatus(status=0),novatel_oem7_msgs.msg.PositionOrVelocityType(type=53)
1786043878714864386,1786043878.714489261,/novatel/oem7/odom,/novatel/oem7/bestpos,/novatel/oem7/odom,39.663,-75.756,33.181059511,0.002507823,-0.000750090,-0.002068276,-0.001418244,-0.000750090,,,
1786043878726461907,1786043878.725286351,/novatel/oem7/inspva,/novatel/oem7/inspva,/novatel/oem7/inspva,39.663,-75.756,-1.801326861,0.002081909,-0.000527072,-0.001353902,-0.001581549,-0.000527072,,novatel_oem7_msgs.msg.InertialSolutionStatus(status=3),
1786043878727455470,1786043878.725621378,/novatel/oem7/fix,/novatel/oem7/fix,/novatel/oem7/inspva,39.663,-75.756,-1.801326861,0.002081909,-0.000527072,-0.001353902,-0.001581549,-0.000527072,,0,
1786043878728062388,1786043878.726149497,/novatel/oem7/odom,/novatel/oem7/fix,/novatel/oem7/odom,39.663,-75.756,-1.801326861,0.002079500,-0.000536501,-0.001650580,-0.001264874,-0.000536501,,,
1786043878736007639,1786043878.735553046,/novatel/oem7/odom,/novatel/oem7/fix,/novatel/oem7/odom,39.663,-75.756,-1.801326861,0.002079500,-0.000536501,-0.001650580,-0.001264874,-0.000536501,,,
1786043878745596551,1786043878.745039725,/novatel/oem7/inspva,/novatel/oem7/inspva,/novatel/oem7/inspva,39.663,-75.756,-1.801332635,0.002398505,-0.000549510,-0.001552177,-0.001828545,-0.000549510,,novatel_oem7_msgs.msg.InertialSolutionStatus(status=3),
1786043878747443260,1786043878.745261421,/novatel/oem7/fix,/novatel/oem7/fix,/novatel/oem7/inspva,39.663,-75.756,-1.801332635,0.002398505,-0.000549510,-0.001552177,-0.001828545,-0.000549510,,0,
1786043878748046948,1786043878.745707899,/novatel/oem7/odom,/novatel/oem7/fix,/novatel/oem7/odom,39.663,-75.756,-1.801332635,0.002395990,-0.000560375,-0.001907869,-0.001449415,-0.000560375,,,
1786043878755995976,1786043878.755669571,/novatel/oem7/odom,/novatel/oem7/fix,/novatel/oem7/odom,39.663,-75.756,-1.801332635,0.002395990,-0.000560375,-0.001907869,-0.001449415,-0.000560375,,,
1786043878767609170,1786043878.766715830,/novatel/oem7/inspva,/novatel/oem7/inspva,/novatel/oem7/inspva,39.663,-75.756,-1.801344703,0.002089389,-0.001169578,-0.001338551,-0.001604315,-0.001169578,,novatel_oem7_msgs.msg.InertialSolutionStatus(status=3),
1786043878768817903,1786043878.767049554,/novatel/oem7/fix,/novatel/oem7/fix,/novatel/oem7/inspva,39.663,-75.756,-1.801344703,0.002089389,-0.001169578,-0.001338551,-0.001604315,-0.001169578,,0,
1786043878769563435,1786043878.767805568,/novatel/oem7/odom,/novatel/oem7/fix,/novatel/oem7/odom,39.663,-75.756,-1.801344703,0.002084076,-0.001179019,-0.001670192,-0.001246528,-0.001179019,,,
1786043878775267974,1786043878.774805739,/novatel/oem7/odom,/novatel/oem7/fix,/novatel/oem7/odom,39.663,-75.756,-1.801344703,0.002084076,-0.001179019,-0.001670192,-0.001246528,-0.001179019,,,
1786043878785754745,1786043878.785417564,/novatel/oem7/inspva,/novatel/oem7/inspva,/novatel/oem7/inspva,39.663,-75.756,-1.801347551,0.002668853,-0.000755417,-0.001717604,-0.002042697,-0.000755417,,novatel_oem7_msgs.msg.InertialSolutionStatus(status=3),
1786043878786281137,1786043878.785685494,/novatel/oem7/fix,/novatel/oem7/fix,/novatel/oem7/inspva,39.663,-75.756,-1.801347551,0.002668853,-0.000755417,-0.001717604,-0.002042697,-0.000755417,,0,
1786043878786704061,1786043878.786016657,/novatel/oem7/odom,/novatel/oem7/fix,/novatel/oem7/odom,39.663,-75.756,-1.801347551,0.002665407,-0.000767489,-0.002129929,-0.001602434,-0.000767489,,,
1786043878796231270,1786043878.795638445,/novatel/oem7/odom,/novatel/oem7/fix,/novatel/oem7/odom,39.663,-75.756,-1.801347551,0.002665407,-0.000767489,-0.002129929,-0.001602434,-0.000767489,,,
1786043878807278362,1786043878.806523812,/novatel/oem7/inspva,/novatel/oem7/inspva,/novatel/oem7/inspva,39.663,-75.756,-1.801354105,0.002304256,-0.000479717,-0.001255139,-0.001932414,-0.000479717,,novatel_oem7_msgs.msg.InertialSolutionStatus(status=3),
1786043878809252520,1786043878.806768369,/novatel/oem7/fix,/novatel/oem7/fix,/novatel/oem7/inspva,39.663,-75.756,-1.801354105,0.002304256,-0.000479717,-0.001255139,-0.001932414,-0.000479717,,0,
1786043878811219540,1786043878.807481846,/novatel/oem7/odom,/novatel/oem7/fix,/novatel/oem7/odom,39.663,-75.756,-1.801354105,0.002302072,-0.000490091,-0.001995757,-0.001147383,-0.000490091,,,
1786043878813149644,1786043878.810407256,/novatel/oem7/bestpos,/novatel/oem7/bestpos,/novatel/oem7/odom,39.663,-75.756,33.181031412,0.002302072,-0.000490091,-0.001995757,-0.001147383,-0.000490091,,novatel_oem7_msgs.msg.SolutionStatus(status=0),novatel_oem7_msgs.msg.PositionOrVelocityType(type=53)
1786043878814348166,1786043878.810838363,/novatel/oem7/bestvel,/novatel/oem7/bestpos,/novatel/oem7/bestvel,39.663,-75.756,33.181031412,0.001847409,-0.000773337,,,,226.620350356,novatel_oem7_msgs.msg.SolutionStatus(status=0),novatel_oem7_msgs.msg.PositionOrVelocityType(type=53)
1786043878816515211,1786043878.815450833,/novatel/oem7/odom,/novatel/oem7/bestpos,/novatel/oem7/odom,39.663,-75.756,33.181031412,0.002302072,-0.000490091,-0.001995757,-0.001147383,-0.000490091,,,
1786043878827121959,1786043878.826263050,/novatel/oem7/inspva,/novatel/oem7/inspva,/novatel/oem7/inspva,39.663,-75.756,-1.801361508,0.002738907,-0.000614315,-0.001718719,-0.002132514,-0.000614315,,novatel_oem7_msgs.msg.InertialSolutionStatus(status=3),
1786043878828759956,1786043878.826524026,/novatel/oem7/fix,/novatel/oem7/fix,/novatel/oem7/inspva,39.663,-75.756,-1.801361508,0.002738907,-0.000614315,-0.001718719,-0.002132514,-0.000614315,,0,
1786043878829930531,1786043878.827084466,/novatel/oem7/odom,/novatel/oem7/fix,/novatel/oem7/odom,39.663,-75.756,-1.801361508,0.002736089,-0.000626746,-0.002220157,-0.001599089,-0.000626746,,,
1786043878835836128,1786043878.834840681,/novatel/oem7/odom,/novatel/oem7/fix,/novatel/oem7/odom,39.663,-75.756,-1.801361508,0.002736089,-0.000626746,-0.002220157,-0.001599089,-0.000626746,,,
1786043878846017652,1786043878.845065265,/novatel/oem7/inspva,/novatel/oem7/inspva,/novatel/oem7/inspva,39.663,-75.756,-1.801368454,0.002373197,-0.000455635,-0.001495244,-0.001842909,-0.000455635,,novatel_oem7_msgs.msg.InertialSolutionStatus(status=3),
1786043878847844917,1786043878.845368862,/novatel/oem7/fix,/novatel/oem7/fix,/novatel/oem7/inspva,39.663,-75.756,-1.801368454,0.002373197,-0.000455635,-0.001495244,-0.001842909,-0.000455635,,0,
1786043878849205734,1786043878.846097163,/novatel/oem7/odom,/novatel/oem7/fix,/novatel/oem7/odom,39.663,-75.756,-1.801368454,0.002371108,-0.000466387,-0.001919470,-0.001392044,-0.000466387,,,
1786043878856975377,1786043878.856201092,/novatel/oem7/odom,/novatel/oem7/fix,/novatel/oem7/odom,39.663,-75.756,-1.801368454,0.002371108,-0.000466387,-0.001919470,-0.001392044,-0.000466387,,,
1786043878866807614,1786043878.865126753,/novatel/oem7/inspva,/novatel/oem7/inspva,/novatel/oem7/inspva,39.663,-75.756,-1.801376767,0.002639768,-0.000465156,-0.001701130,-0.002018548,-0.000465156,,novatel_oem7_msgs.msg.InertialSolutionStatus(status=3),
1786043878867866158,1786043878.865413489,/novatel/oem7/fix,/novatel/oem7/fix,/novatel/oem7/inspva,39.663,-75.756,-1.801376767,0.002639768,-0.000465156,-0.001701130,-0.002018548,-0.000465156,,0,
1786043878869976069,1786043878.866323789,/novatel/oem7/odom,/novatel/oem7/fix,/novatel/oem7/odom,39.663,-75.756,-1.801376767,0.002637632,-0.000477119,-0.002105949,-0.001588107,-0.000477119,,,
1786043878875482672,1786043878.874585350,/novatel/oem7/odom,/novatel/oem7/fix,/novatel/oem7/odom,39.663,-75.756,-1.801376767,0.002637632,-0.000477119,-0.002105949,-0.001588107,-0.000477119,,,
1786043878887269405,1786043878.886356670,/novatel/oem7/inspva,/novatel/oem7/inspva,/novatel/oem7/inspva,39.663,-75.756,-1.801390378,0.002386674,-0.001005797,-0.001639096,-0.001734814,-0.001005797,,novatel_oem7_msgs.msg.InertialSolutionStatus(status=3),
1786043878889147398,1786043878.886660536,/novatel/oem7/fix,/novatel/oem7/fix,/novatel/oem7/inspva,39.663,-75.756,-1.801390378,0.002386674,-0.001005797,-0.001639096,-0.001734814,-0.001005797,,0,
1786043878890149622,1786043878.887107302,/novatel/oem7/odom,/novatel/oem7/fix,/novatel/oem7/odom,39.663,-75.756,-1.801390378,0.002382105,-0.001016570,-0.001817347,-0.001540024,-0.001016570,,,
1786043878896032595,1786043878.895173523,/novatel/oem7/odom,/novatel/oem7/fix,/novatel/oem7/odom,39.663,-75.756,-1.801390378,0.002382105,-0.001016570,-0.001817347,-0.001540024,-0.001016570,,,
1786043878906754234,1786043878.905757800,/novatel/oem7/inspva,/novatel/oem7/inspva,/novatel/oem7/inspva,39.663,-75.756,-1.801395367,0.002763111,-0.000526218,-0.001978335,-0.001928982,-0.000526218,,novatel_oem7_msgs.msg.InertialSolutionStatus(status=3),
1786043878908761875,1786043878.905975447,/novatel/oem7/fix,/novatel/oem7/fix,/novatel/oem7/inspva,39.663,-75.756,-1.801395367,0.002763111,-0.000526218,-0.001978335,-0.001928982,-0.000526218,,0,
1786043878910331801,1786043878.906549202,/novatel/oem7/odom,/novatel/oem7/fix,/novatel/oem7/odom,39.663,-75.756,-1.801395367,0.002760709,-0.000538679,-0.002031280,-0.001869602,-0.000538679,,,
1786043878912278160,1786043878.909505172,/novatel/oem7/bestpos,/novatel/oem7/bestpos,/novatel/oem7/odom,39.663,-75.756,33.181004204,0.002760709,-0.000538679,-0.002031280,-0.001869602,-0.000538679,,novatel_oem7_msgs.msg.SolutionStatus(status=0),novatel_oem7_msgs.msg.PositionOrVelocityType(type=53)
1786043878913487776,1786043878.910136849,/novatel/oem7/bestvel,/novatel/oem7/bestpos,/novatel/oem7/bestvel,39.663,-75.756,33.181004204,0.002902641,-0.000433713,,,,213.841473763,novatel_oem7_msgs.msg.SolutionStatus(status=0),novatel_oem7_msgs.msg.PositionOrVelocityType(type=53)
1786043878916292788,1786043878.915478273,/novatel/oem7/odom,/novatel/oem7/bestpos,/novatel/oem7/odom,39.663,-75.756,33.181004204,0.002760709,-0.000538679,-0.002031280,-0.001869602,-0.000538679,,,
1786043878926191502,1786043878.925291740,/novatel/oem7/inspva,/novatel/oem7/inspva,/novatel/oem7/inspva,39.663,-75.756,-1.801405236,0.002632425,-0.000450070,-0.001816077,-0.001905656,-0.000450070,,novatel_oem7_msgs.msg.InertialSolutionStatus(status=3),
1786043878927846743,1786043878.925568130,/novatel/oem7/fix,/novatel/oem7/fix,/novatel/oem7/inspva,39.663,-75.756,-1.801405236,0.002632425,-0.000450070,-0.001816077,-0.001905656,-0.000450070,,0,
1786043878928886163,1786043878.926074981,/novatel/oem7/odom,/novatel/oem7/fix,/novatel/oem7/odom,39.663,-75.756,-1.801405236,0.002630362,-0.000461976,-0.001999483,-0.001709056,-0.000461976,,,
1786043878935530541,1786043878.934831567,/novatel/oem7/odom,/novatel/oem7/fix,/novatel/oem7/odom,39.663,-75.756,-1.801405236,0.002630362,-0.000461976,-0.001999483,-0.001709056,-0.000461976,,,
1786043878946470213,1786043878.945896487,/novatel/oem7/inspva,/novatel/oem7/inspva,/novatel/oem7/inspva,39.663,-75.756,-1.801413419,0.002725253,-0.000421255,-0.001995793,-0.001855752,-0.000421255,,novatel_oem7_msgs.msg.InertialSolutionStatus(status=3),
1786043878947744706,1786043878.946126842,/novatel/oem7/fix,/novatel/oem7/fix,/novatel/oem7/inspva,39.663,-75.756,-1.801413419,0.002725253,-0.000421255,-0.001995793,-0.001855752,-0.000421255,,0,
1786043878948736029,1786043878.946463076,/novatel/oem7/odom,/novatel/oem7/fix,/novatel/oem7/odom,39.663,-75.756,-1.801413419,0.002723323,-0.000433560,-0.001959472,-0.001891284,-0.000433560,,,
1786043878957486251,1786043878.955996630,/novatel/oem7/odom,/novatel/oem7/fix,/novatel/oem7/odom,39.663,-75.756,-1.801413419,0.002723323,-0.000433560,-0.001959472,-0.001891284,-0.000433560,,,
1786043878966069879,1786043878.965268014,/novatel/oem7/inspva,/novatel/oem7/inspva,/novatel/oem7/inspva,39.663,-75.756,-1.801420070,0.002732156,-0.000430564,-0.002172644,-0.001656592,-0.000430564,,novatel_oem7_msgs.msg.InertialSolutionStatus(status=3),
1786043878967816523,1786043878.965592194,/novatel/oem7/fix,/novatel/oem7/fix,/novatel/oem7/inspva,39.663,-75.756,-1.801420070,0.002732156,-0.000430564,-0.002172644,-0.001656592,-0.000430564,,0,
1786043878969310225,1786043878.966237874,/novatel/oem7/odom,/novatel/oem7/fix,/novatel/oem7/odom,39.663,-75.756,-1.801420070,0.002730220,-0.000442678,-0.001770164,-0.002078610,-0.000442678,,,
1786043878976344937,1786043878.975522224,/novatel/oem7/odom,/novatel/oem7/fix,/novatel/oem7/odom,39.663,-75.756,-1.801420070,0.002730220,-0.000442678,-0.001770164,-0.002078610,-0.000442678,,,
1786043878985882481,1786043878.985141010,/novatel/oem7/inspva,/novatel/oem7/inspva,/novatel/oem7/inspva,39.663,-75.756,-1.801422265,0.002805584,-0.000200076,-0.002019334,-0.001947714,-0.000200076,,novatel_oem7_msgs.msg.InertialSolutionStatus(status=3),
1786043878987374516,1786043878.985348982,/novatel/oem7/fix,/novatel/oem7/fix,/novatel/oem7/inspva,39.663,-75.756,-1.801422265,0.002805584,-0.000200076,-0.002019334,-0.001947714,-0.000200076,,0,
1786043878988449134,1786043878.985720266,/novatel/oem7/odom,/novatel/oem7/fix,/novatel/oem7/odom,39.663,-75.756,-1.801422265,0.002804650,-0.000212759,-0.002053402,-0.001910393,-0.000212759,,,
1786043878995223923,1786043878.994364144,/novatel/oem7/odom,/novatel/oem7/fix,/novatel/oem7/odom,39.663,-75.756,-1.801422265,0.002804650,-0.000212759,-0.002053402,-0.001910393,-0.000212759,,,
1786043879010365417,1786043879.009608959,/novatel/oem7/inspva,/novatel/oem7/inspva,/novatel/oem7/inspva,39.663,-75.756,-1.801428711,0.003032958,-0.000400246,-0.002389613,-0.001867776,-0.000400246,,novatel_oem7_msgs.msg.InertialSolutionStatus(status=3),
1786043879011785102,1786043879.009868185,/novatel/oem7/fix,/novatel/oem7/fix,/novatel/oem7/inspva,39.663,-75.756,-1.801428711,0.003032958,-0.000400246,-0.002389613,-0.001867776,-0.000400246,,0,
1786043879012818522,1786043879.011210519,/novatel/oem7/odom,/novatel/oem7/fix,/novatel/oem7/odom,39.663,-75.756,-1.801428711,0.003031148,-0.000413734,-0.001992898,-0.002283904,-0.000413734,,,
1786043879017685875,1786043879.016870573,/novatel/oem7/odom,/novatel/oem7/fix,/novatel/oem7/odom,39.663,-75.756,-1.801428711,0.003031148,-0.000413734,-0.001992898,-0.002283904,-0.000413734,,,
1786043879024747537,1786043879.023756610,/novatel/oem7/bestpos,/novatel/oem7/bestpos,/novatel/oem7/odom,39.663,-75.756,33.180970995,0.003031148,-0.000413734,-0.001992898,-0.002283904,-0.000413734,,novatel_oem7_msgs.msg.SolutionStatus(status=0),novatel_oem7_msgs.msg.PositionOrVelocityType(type=53)
1786043879027208516,1786043879.024586165,/novatel/oem7/bestvel,/novatel/oem7/bestpos,/novatel/oem7/bestvel,39.663,-75.756,33.180970995,0.003306991,-0.000203586,,,,214.137929602,novatel_oem7_msgs.msg.SolutionStatus(status=0),novatel_oem7_msgs.msg.PositionOrVelocityType(type=53)
1786043879029265417,1786043879.026577069,/novatel/oem7/inspva,/novatel/oem7/inspva,/novatel/oem7/inspva,39.663,-75.756,-1.801429368,0.002910728,-0.000351004,-0.002237935,-0.001861179,-0.000351004,,novatel_oem7_msgs.msg.InertialSolutionStatus(status=3),
1786043879030463189,1786043879.026912356,/novatel/oem7/fix,/novatel/oem7/fix,/novatel/oem7/inspva,39.663,-75.756,-1.801429368,0.002910728,-0.000351004,-0.002237935,-0.001861179,-0.000351004,,0,
1786043879032001598,1786043879.027340137,/novatel/oem7/odom,/novatel/oem7/fix,/novatel/oem7/odom,39.663,-75.756,-1.801429368,0.002909129,-0.000364020,-0.001978282,-0.002132940,-0.000364020,,,
1786043879036479000,1786043879.035684298,/novatel/oem7/odom,/novatel/oem7/fix,/novatel/oem7/odom,39.663,-75.756,-1.801429368,0.002909129,-0.000364020,-0.001978282,-0.002132940,-0.000364020,,,
1786043879046639640,1786043879.045873752,/novatel/oem7/inspva,/novatel/oem7/inspva,/novatel/oem7/inspva,39.663,-75.756,-1.801419239,0.002701863,0.000090591,-0.002123733,-0.001670275,0.000090591,,novatel_oem7_msgs.msg.InertialSolutionStatus(status=3),
1786043879048125955,1786043879.046124218,/novatel/oem7/fix,/novatel/oem7/fix,/novatel/oem7/inspva,39.663,-75.756,-1.801419239,0.002701863,0.000090591,-0.002123733,-0.001670275,0.000090591,,0,
1786043879049162186,1786043879.046684100,/novatel/oem7/odom,/novatel/oem7/fix,/novatel/oem7/odom,39.663,-75.756,-1.801419239,0.002702239,0.000078563,-0.001783071,-0.002030456,0.000078563,,,
1786043879057490764,1786043879.056444520,/novatel/oem7/odom,/novatel/oem7/fix,/novatel/oem7/odom,39.663,-75.756,-1.801419239,0.002702239,0.000078563,-0.001783071,-0.002030456,0.000078563,,,
1786043879067308054,1786043879.066382988,/novatel/oem7/inspva,/novatel/oem7/inspva,/novatel/oem7/inspva,39.663,-75.756,-1.801403536,0.002652931,0.000130048,-0.001803031,-0.001946053,0.000130048,,novatel_oem7_msgs.msg.InertialSolutionStatus(status=3),
1786043879069213910,1786043879.066638454,/novatel/oem7/fix,/novatel/oem7/fix,/novatel/oem7/inspva,39.663,-75.756,-1.801403536,0.002652931,0.000130048,-0.001803031,-0.001946053,0.000130048,,0,
1786043879070690099,1786043879.067160026,/novatel/oem7/odom,/novatel/oem7/fix,/novatel/oem7/odom,39.663,-75.756,-1.801403536,0.002653495,0.000117989,-0.002041240,-0.001695397,0.000117989,,,
1786043879075823401,1786043879.074836604,/novatel/oem7/odom,/novatel/oem7/fix,/novatel/oem7/odom,39.663,-75.756,-1.801403536,0.002653495,0.000117989,-0.002041240,-0.001695397,0.000117989,,,
1786043879086087502,1786043879.085238340,/novatel/oem7/inspva,/novatel/oem7/inspva,/novatel/oem7/inspva,39.663,-75.756,-1.801393995,0.002611180,-0.000376966,-0.001973257,-0.001710122,-0.000376966,,novatel_oem7_msgs.msg.InertialSolutionStatus(status=3),
1786043879087660355,1786043879.085548130,/novatel/oem7/fix,/novatel/oem7/fix,/novatel/oem7/inspva,39.663,-75.756,-1.801393995,0.002611180,-0.000376966,-0.001973257,-0.001710122,-0.000376966,,0,
1786043879088931198,1786043879.086075399,/novatel/oem7/odom,/novatel/oem7/fix,/novatel/oem7/odom,39.663,-75.756,-1.801393995,0.002609456,-0.000388717,-0.001813040,-0.001876739,-0.000388717,,,
1786043879096310410,1786043879.095404823,/novatel/oem7/odom,/novatel/oem7/fix,/novatel/oem7/odom,39.663,-75.756,-1.801393995,0.002609456,-0.000388717,-0.001813040,-0.001876739,-0.000388717,,,
1786043879106799777,1786043879.106000315,/novatel/oem7/inspva,/novatel/oem7/inspva,/novatel/oem7/inspva,39.663,-75.756,-1.801373995,0.002521960,-0.000014556,-0.001774885,-0.001791666,-0.000014556,,novatel_oem7_msgs.msg.InertialSolutionStatus(status=3),
1786043879108598262,1786043879.106226831,/novatel/oem7/fix,/novatel/oem7/fix,/novatel/oem7/inspva,39.663,-75.756,-1.801373995,0.002521960,-0.000014556,-0.001774885,-0.001791666,-0.000014556,,0,
1786043879110029513,1786043879.106728797,/novatel/oem7/odom,/novatel/oem7/fix,/novatel/oem7/odom,39.663,-75.756,-1.801373995,0.002521868,-0.000026022,-0.001885052,-0.001675230,-0.000026022,,,
1786043879111576846,1786043879.109156607,/novatel/oem7/bestpos,/novatel/oem7/bestpos,/novatel/oem7/odom,39.663,-75.756,33.180963114,0.002521868,-0.000026022,-0.001885052,-0.001675230,-0.000026022,,novatel_oem7_msgs.msg.SolutionStatus(status=0),novatel_oem7_msgs.msg.PositionOrVelocityType(type=53)
1786043879112495912,1786043879.109924252,/novatel/oem7/bestvel,/novatel/oem7/bestpos,/novatel/oem7/bestvel,39.663,-75.756,33.180963114,0.002394593,-0.000189661,,,,238.225801238,novatel_oem7_msgs.msg.SolutionStatus(status=0),novatel_oem7_msgs.msg.PositionOrVelocityType(type=53)
1786043879115271000,1786043879.114504302,/novatel/oem7/odom,/novatel/oem7/bestpos,/novatel/oem7/odom,39.663,-75.756,33.180963114,0.002521868,-0.000026022,-0.001885052,-0.001675230,-0.000026022,,,
1786043879127390630,1786043879.126238988,/novatel/oem7/inspva,/novatel/oem7/inspva,/novatel/oem7/inspva,39.663,-75.756,-1.801359896,0.002771123,0.000123576,-0.002139764,-0.001760833,0.000123576,,novatel_oem7_msgs.msg.InertialSolutionStatus(status=3),
1786043879129470338,1786043879.126536025,/novatel/oem7/fix,/novatel/oem7/fix,/novatel/oem7/inspva,39.663,-75.756,-1.801359896,0.002771123,0.000123576,-0.002139764,-0.001760833,0.000123576,,0,
1786043879130924833,1786043879.126915002,/novatel/oem7/odom,/novatel/oem7/fix,/novatel/oem7/odom,39.663,-75.756,-1.801359896,0.002771650,0.000111125,-0.001874516,-0.002041625,0.000111125,,,
1786043879135505010,1786043879.134597647,/novatel/oem7/odom,/novatel/oem7/fix,/novatel/oem7/odom,39.663,-75.756,-1.801359896,0.002771650,0.000111125,-0.001874516,-0.002041625,0.000111125,,,
1786043879145735070,1786043879.144969466,/novatel/oem7/inspva,/novatel/oem7/inspva,/novatel/oem7/inspva,39.663,-75.756,-1.801341997,0.002476101,-0.000061652,-0.001758974,-0.001742724,-0.000061652,,novatel_oem7_msgs.msg.InertialSolutionStatus(status=3),
1786043879147166825,1786043879.145214175,/novatel/oem7/fix,/novatel/oem7/fix,/novatel/oem7/inspva,39.663,-75.756,-1.801341997,0.002476101,-0.000061652,-0.001758974,-0.001742724,-0.000061652,,0,
1786043879148204606,1786043879.145485169,/novatel/oem7/odom,/novatel/oem7/fix,/novatel/oem7/odom,39.663,-75.756,-1.801341997,0.002475795,-0.000072908,-0.001835158,-0.001661854,-0.000072908,,,
1786043879156388584,1786043879.155738799,/novatel/oem7/odom,/novatel/oem7/fix,/novatel/oem7/odom,39.663,-75.756,-1.801341997,0.002475795,-0.000072908,-0.001835158,-0.001661854,-0.000072908,,,
1786043879167045921,1786043879.166533816,/novatel/oem7/inspva,/novatel/oem7/inspva,/novatel/oem7/inspva,39.663,-75.756,-1.801324194,0.002826518,0.000114719,-0.001725290,-0.002238879,0.000114719,,novatel_oem7_msgs.msg.InertialSolutionStatus(status=3),
1786043879167837139,1786043879.166838255,/novatel/oem7/fix,/novatel/oem7/fix,/novatel/oem7/inspva,39.663,-75.756,-1.801324194,0.002826518,0.000114719,-0.001725290,-0.002238879,0.000114719,,0,
1786043879168444690,1786043879.167356848,/novatel/oem7/odom,/novatel/oem7/fix,/novatel/oem7/odom,39.663,-75.756,-1.801324194,0.002827011,0.000101868,-0.002329412,-0.001601821,0.000101868,,,
1786043879175189174,1786043879.174733316,/novatel/oem7/odom,/novatel/oem7/fix,/novatel/oem7/odom,39.663,-75.756,-1.801324194,0.002827011,0.000101868,-0.002329412,-0.001601821,0.000101868,,,
1786043879186772245,1786043879.186180636,/novatel/oem7/inspva,/novatel/oem7/inspva,/novatel/oem7/inspva,39.663,-75.756,-1.801303792,0.002429007,0.000243123,-0.001461219,-0.001940338,0.000243123,,novatel_oem7_msgs.msg.InertialSolutionStatus(status=3),
1786043879187704729,1786043879.186572247,/novatel/oem7/fix,/novatel/oem7/fix,/novatel/oem7/inspva,39.663,-75.756,-1.801303792,0.002429007,0.000243123,-0.001461219,-0.001940338,0.000243123,,0,
1786043879188353522,1786043879.186969034,/novatel/oem7/odom,/novatel/oem7/fix,/novatel/oem7/odom,39.663,-75.756,-1.801303792,0.002430088,0.000232070,-0.002017467,-0.001354678,0.000232070,,,
1786043879195547053,1786043879.194851505,/novatel/oem7/odom,/novatel/oem7/fix,/novatel/oem7/odom,39.663,-75.756,-1.801303792,0.002430088,0.000232070,-0.002017467,-0.001354678,0.000232070,,,
1786043879207033985,1786043879.206575954,/novatel/oem7/inspva,/novatel/oem7/inspva,/novatel/oem7/inspva,39.663,-75.756,-1.801287522,0.002584684,0.000072015,-0.001617020,-0.002016392,0.000072015,,novatel_oem7_msgs.msg.InertialSolutionStatus(status=3),
1786043879207758233,1786043879.206775012,/novatel/oem7/fix,/novatel/oem7/fix,/novatel/oem7/inspva,39.663,-75.756,-1.801287522,0.002584684,0.000072015,-0.001617020,-0.002016392,0.000072015,,0,
1786043879208358461,1786043879.207266324,/novatel/oem7/odom,/novatel/oem7/fix,/novatel/oem7/odom,39.663,-75.756,-1.801287522,0.002584986,0.000060198,-0.002101236,-0.001505643,0.000060198,,,
1786043879210544662,1786043879.210186941,/novatel/oem7/bestpos,/novatel/oem7/bestpos,/novatel/oem7/odom,39.663,-75.756,33.181045374,0.002584986,0.000060198,-0.002101236,-0.001505643,0.000060198,,novatel_oem7_msgs.msg.SolutionStatus(status=0),novatel_oem7_msgs.msg.PositionOrVelocityType(type=53)
1786043879211117912,1786043879.210588932,/novatel/oem7/bestvel,/novatel/oem7/bestpos,/novatel/oem7/bestvel,39.663,-75.756,33.181045374,0.002388442,-0.000073152,,,,230.383071678,novatel_oem7_msgs.msg.SolutionStatus(status=0),novatel_oem7_msgs.msg.PositionOrVelocityType(type=53)
1786043879215947605,1786043879.215497842,/novatel/oem7/odom,/novatel/oem7/bestpos,/novatel/oem7/odom,39.663,-75.756,33.181045374,0.002584986,0.000060198,-0.002101236,-0.001505643,0.000060198,,,
1786043879227203078,1786043879.226173750,/novatel/oem7/inspva,/novatel/oem7/inspva,/novatel/oem7/inspva,39.663,-75.756,-1.801264584,0.002367666,0.000237925,-0.001420559,-0.001894164,0.000237925,,novatel_oem7_msgs.msg.InertialSolutionStatus(status=3),
1786043879229214611,1786043879.226499857,/novatel/oem7/fix,/novatel/oem7/fix,/novatel/oem7/inspva,39.663,-75.756,-1.801264584,0.002367666,0.000237925,-0.001420559,-0.001894164,0.000237925,,0,
1786043879230811491,1786043879.227081750,/novatel/oem7/odom,/novatel/oem7/fix,/novatel/oem7/odom,39.663,-75.756,-1.801264584,0.002368724,0.000227152,-0.001969147,-0.001316555,0.000227152,,,
1786043879235303243,1786043879.234411095,/novatel/oem7/odom,/novatel/oem7/fix,/novatel/oem7/odom,39.663,-75.756,-1.801264584,0.002368724,0.000227152,-0.001969147,-0.001316555,0.000227152,,,
1786043879247415967,1786043879.246565018,/novatel/oem7/inspva,/novatel/oem7/inspva,/novatel/oem7/inspva,39.663,-75.756,-1.801249802,0.002702415,0.000093362,-0.001958547,-0.001862025,0.000093362,,novatel_oem7_msgs.msg.InertialSolutionStatus(status=3),
1786043879248924006,1786043879.246850581,/novatel/oem7/fix,/novatel/oem7/fix,/novatel/oem7/inspva,39.663,-75.756,-1.801249802,0.002702415,0.000093362,-0.001958547,-0.001862025,0.000093362,,0,
1786043879250098411,1786043879.247338370,/novatel/oem7/odom,/novatel/oem7/fix,/novatel/oem7/odom,39.663,-75.756,-1.801249802,0.002702811,0.000081084,-0.001965665,-0.001855087,0.000081084,,,
1786043879258064099,1786043879.256906132,/novatel/oem7/odom,/novatel/oem7/fix,/novatel/oem7/odom,39.663,-75.756,-1.801249802,0.002702811,0.000081084,-0.001965665,-0.001855087,0.000081084,,,
1786043879265693413,1786043879.264883685,/novatel/oem7/inspva,/novatel/oem7/inspva,/novatel/oem7/inspva,39.663,-75.756,-1.801228762,0.002528726,0.000205438,-0.001826909,-0.001748387,0.000205438,,novatel_oem7_msgs.msg.InertialSolutionStatus(status=3),
1786043879267504945,1786043879.265102151,/novatel/oem7/fix,/novatel/oem7/fix,/novatel/oem7/inspva,39.663,-75.756,-1.801228762,0.002528726,0.000205438,-0.001826909,-0.001748387,0.000205438,,0,
1786043879268881235,1786043879.265542575,/novatel/oem7/odom,/novatel/oem7/fix,/novatel/oem7/odom,39.663,-75.756,-1.801228762,0.002529633,0.000193952,-0.001845454,-0.001730128,0.000193952,,,
1786043879276432912,1786043879.275608872,/novatel/oem7/odom,/novatel/oem7/fix,/novatel/oem7/odom,39.663,-75.756,-1.801228762,0.002529633,0.000193952,-0.001845454,-0.001730128,0.000193952,,,
1786043879287895565,1786043879.285991516,/novatel/oem7/inspva,/novatel/oem7/inspva,/novatel/oem7/inspva,39.663,-75.756,-1.801211791,0.002762074,0.000167517,-0.001929785,-0.001976104,0.000167517,,novatel_oem7_msgs.msg.InertialSolutionStatus(status=3),
1786043879296483718,1786043879.286271136,/novatel/oem7/fix,/novatel/oem7/fix,/novatel/oem7/inspva,39.663,-75.756,-1.801211791,0.002762074,0.000167517,-0.001929785,-0.001976104,0.000167517,,0,
1786043879304386463,1786043879.286682270,/novatel/oem7/odom,/novatel/oem7/fix,/novatel/oem7/odom,39.663,-75.756,-1.801211791,0.002762810,0.000154918,-0.002078299,-0.001820382,0.000154918,,,
1786043879308983974,1786043879.306356907,/novatel/oem7/inspva,/novatel/oem7/inspva,/novatel/oem7/inspva,39.663,-75.756,-1.801187978,0.002769096,0.000292038,-0.001799589,-0.002104607,0.000292038,,novatel_oem7_msgs.msg.InertialSolutionStatus(status=3),
1786043879309817870,1786043879.306620546,/novatel/oem7/fix,/novatel/oem7/fix,/novatel/oem7/inspva,39.663,-75.756,-1.801187978,0.002769096,0.000292038,-0.001799589,-0.002104607,0.000292038,,0,
1786043879310286363,1786043879.294891980,/novatel/oem7/odom,/novatel/oem7/fix,/novatel/oem7/odom,39.663,-75.756,-1.801187978,0.002762810,0.000154918,-0.002078299,-0.001820382,0.000154918,,,
1786043879310972800,1786043879.309347324,/novatel/oem7/bestpos,/novatel/oem7/bestpos,/novatel/oem7/odom,39.663,-75.756,33.181155795,0.002762810,0.000154918,-0.002078299,-0.001820382,0.000154918,,novatel_oem7_msgs.msg.SolutionStatus(status=0),novatel_oem7_msgs.msg.PositionOrVelocityType(type=53)
1786043879311352743,1786043879.309736865,/novatel/oem7/bestvel,/novatel/oem7/bestpos,/novatel/oem7/bestvel,39.663,-75.756,33.181155795,0.003040939,0.000515656,,,,226.372234420,novatel_oem7_msgs.msg.SolutionStatus(status=0),novatel_oem7_msgs.msg.PositionOrVelocityType(type=53)
1786043879311801714,1786043879.307052878,/novatel/oem7/odom,/novatel/oem7/bestpos,/novatel/oem7/odom,39.663,-75.756,33.181155795,0.002770401,0.000279388,-0.002200012,-0.001683766,0.000279388,,,
1786043879315523884,1786043879.314952265,/novatel/oem7/odom,/novatel/oem7/bestpos,/novatel/oem7/odom,39.663,-75.756,33.181155795,0.002770401,0.000279388,-0.002200012,-0.001683766,0.000279388,,,
1786043879329974209,1786043879.325440235,/novatel/oem7/inspva,/novatel/oem7/inspva,/novatel/oem7/inspva,39.663,-75.756,-1.801169750,0.002610389,0.000359531,-0.001695031,-0.001985196,0.000359531,,novatel_oem7_msgs.msg.InertialSolutionStatus(status=3),
1786043879337116851,1786043879.325632376,/novatel/oem7/fix,/novatel/oem7/fix,/novatel/oem7/inspva,39.663,-75.756,-1.801169750,0.002610389,0.000359531,-0.001695031,-0.001985196,0.000359531,,0,
1786043879342571728,1786043879.326284494,/novatel/oem7/odom,/novatel/oem7/fix,/novatel/oem7/odom,39.663,-75.756,-1.801169750,0.002612010,0.000347563,-0.002075374,-0.001586006,0.000347563,,,
1786043879343570352,1786043879.335173724,/novatel/oem7/odom,/novatel/oem7/fix,/novatel/oem7/odom,39.663,-75.756,-1.801169750,0.002612010,0.000347563,-0.002075374,-0.001586006,0.000347563,,,
1786043879346307809,1786043879.345998995,/novatel/oem7/inspva,/novatel/oem7/inspva,/novatel/oem7/inspva,39.663,-75.756,-1.801145764,0.002515809,0.000400658,-0.001774278,-0.001783601,0.000400658,,novatel_oem7_msgs.msg.InertialSolutionStatus(status=3),
1786043879346876056,1786043879.346183710,/novatel/oem7/fix,/novatel/oem7/fix,/novatel/oem7/inspva,39.663,-75.756,-1.801145764,0.002515809,0.000400658,-0.001774278,-0.001783601,0.000400658,,0,
1786043879347390009,1786043879.346599274,/novatel/oem7/odom,/novatel/oem7/fix,/novatel/oem7/odom,39.663,-75.756,-1.801145764,0.002517612,0.000389167,-0.001878509,-0.001676178,0.000389167,,,
1786043879360201343,1786043879.355772564,/novatel/oem7/odom,/novatel/oem7/fix,/novatel/oem7/odom,39.663,-75.756,-1.801145764,0.002517612,0.000389167,-0.001878509,-0.001676178,0.000389167,,,
1786043879372936325,1786043879.365173886,/novatel/oem7/inspva,/novatel/oem7/inspva,/novatel/oem7/inspva,39.663,-75.756,-1.801124861,0.002715471,0.000483804,-0.001975385,-0.001863233,0.000483804,,novatel_oem7_msgs.msg.InertialSolutionStatus(status=3),
1786043879377442210,1786043879.365433629,/novatel/oem7/fix,/novatel/oem7/fix,/novatel/oem7/inspva,39.663,-75.756,-1.801124861,0.002715471,0.000483804,-0.001975385,-0.001863233,0.000483804,,0,
1786043879378490609,1786043879.365828907,/novatel/oem7/odom,/novatel/oem7/fix,/novatel/oem7/odom,39.663,-75.756,-1.801124861,0.002717646,0.000471433,-0.001969211,-0.001872914,0.000471433,,,
1786043879379291050,1786043879.375528822,/novatel/oem7/odom,/novatel/oem7/fix,/novatel/oem7/odom,39.663,-75.756,-1.801124861,0.002717646,0.000471433,-0.001969211,-0.001872914,0.000471433,,,
1786043879386084836,1786043879.385024549,/novatel/oem7/inspva,/novatel/oem7/inspva,/novatel/oem7/inspva,39.663,-75.756,-1.801100141,0.002678198,0.000527758,-0.002098290,-0.001664308,0.000527758,,novatel_oem7_msgs.msg.InertialSolutionStatus(status=3),
1786043879386672550,1786043879.385345439,/novatel/oem7/fix,/novatel/oem7/fix,/novatel/oem7/inspva,39.663,-75.756,-1.801100141,0.002678198,0.000527758,-0.002098290,-0.001664308,0.000527758,,0,
1786043879387578943,1786043879.385982592,/novatel/oem7/odom,/novatel/oem7/fix,/novatel/oem7/odom,39.663,-75.756,-1.801100141,0.002717648,0.000471422,-0.001969235,-0.001872891,0.000471422,,,
1786043879394857040,1786043879.394452545,/novatel/oem7/odom,/novatel/oem7/fix,/novatel/oem7/odom,39.663,-75.756,-1.801100141,0.002680546,0.000515699,-0.001777421,-0.002006515,0.000515699,,,
1786043879406819761,1786043879.406464964,/novatel/oem7/inspva,/novatel/oem7/inspva,/novatel/oem7/inspva,39.663,-75.756,-1.801081643,0.002935683,0.000304672,-0.001700466,-0.002393042,0.000304672,,novatel_oem7_msgs.msg.InertialSolutionStatus(status=3),
1786043879407381428,1786043879.406708603,/novatel/oem7/fix,/novatel/oem7/fix,/novatel/oem7/inspva,39.663,-75.756,-1.801081643,0.002935683,0.000304672,-0.001700466,-0.002393042,0.000304672,,0,
1786043879407803711,1786043879.407046163,/novatel/oem7/odom,/novatel/oem7/fix,/novatel/oem7/odom,39.663,-75.756,-1.801081643,0.002937041,0.000291290,-0.002482722,-0.001569171,0.000291290,,,
1786043879410454682,1786043879.410033440,/novatel/oem7/bestpos,/novatel/oem7/bestpos,/novatel/oem7/odom,39.663,-75.756,33.181261716,0.002937041,0.000291290,-0.002482722,-0.001569171,0.000291290,,novatel_oem7_msgs.msg.SolutionStatus(status=0),novatel_oem7_msgs.msg.PositionOrVelocityType(type=53)
1786043879411093279,1786043879.410453798,/novatel/oem7/bestvel,/novatel/oem7/bestpos,/novatel/oem7/bestvel,39.663,-75.756,33.181261716,0.003230671,0.000555541,,,,231.454665066,novatel_oem7_msgs.msg.SolutionStatus(status=0),novatel_oem7_msgs.msg.PositionOrVelocityType(type=53)
1786043879415786096,1786043879.415253467,/novatel/oem7/odom,/novatel/oem7/bestpos,/novatel/oem7/odom,39.663,-75.756,33.181261716,0.002937041,0.000291290,-0.002482722,-0.001569171,0.000291290,,,
1786043879425742941,1786043879.425031660,/novatel/oem7/inspva,/novatel/oem7/inspva,/novatel/oem7/inspva,39.663,-75.756,-1.801056551,0.002812795,0.000381591,-0.001891600,-0.002081746,0.000381591,,novatel_oem7_msgs.msg.InertialSolutionStatus(status=3),
1786043879426888667,1786043879.425414697,/novatel/oem7/fix,/novatel/oem7/fix,/novatel/oem7/inspva,39.663,-75.756,-1.801056551,0.002812795,0.000381591,-0.001891600,-0.002081746,0.000381591,,0,
1786043879427648748,1786043879.425918009,/novatel/oem7/odom,/novatel/oem7/fix,/novatel/oem7/odom,39.663,-75.756,-1.801056551,0.002814515,0.000368694,-0.002182514,-0.001777112,0.000368694,,,
1786043879435221222,1786043879.434696952,/novatel/oem7/odom,/novatel/oem7/fix,/novatel/oem7/odom,39.663,-75.756,-1.801056551,0.002814515,0.000368694,-0.002182514,-0.001777112,0.000368694,,,
1786043879445830884,1786043879.445206492,/novatel/oem7/inspva,/novatel/oem7/inspva,/novatel/oem7/inspva,39.663,-75.756,-1.801033128,0.002702725,0.000760090,-0.001673146,-0.002122570,0.000760090,,novatel_oem7_msgs.msg.InertialSolutionStatus(status=3),
1786043879446614064,1786043879.445449065,/novatel/oem7/fix,/novatel/oem7/fix,/novatel/oem7/inspva,39.663,-75.756,-1.801033128,0.002702725,0.000760090,-0.001673146,-0.002122570,0.000760090,,0,
1786043879447108303,1786043879.445914219,/novatel/oem7/odom,/novatel/oem7/fix,/novatel/oem7/odom,39.663,-75.756,-1.801033128,0.002706189,0.000747665,-0.002212831,-0.001557831,0.000747665,,,
1786043879456805928,1786043879.456201334,/novatel/oem7/odom,/novatel/oem7/fix,/novatel/oem7/odom,39.663,-75.756,-1.801033128,0.002706189,0.000747665,-0.002212831,-0.001557831,0.000747665,,,
1786043879466526310,1786043879.466048785,/novatel/oem7/inspva,/novatel/oem7/inspva,/novatel/oem7/inspva,39.663,-75.756,-1.801010679,0.002521982,0.000655890,-0.001644021,-0.001912482,0.000655890,,novatel_oem7_msgs.msg.InertialSolutionStatus(status=3),
1786043879467302204,1786043879.466332734,/novatel/oem7/fix,/novatel/oem7/fix,/novatel/oem7/inspva,39.663,-75.756,-1.801010679,0.002521982,0.000655890,-0.001644021,-0.001912482,0.000655890,,0,
1786043879468167725,1786043879.466981158,/novatel/oem7/odom,/novatel/oem7/fix,/novatel/oem7/odom,39.663,-75.756,-1.801010679,0.002524975,0.000644269,-0.002001101,-0.001539836,0.000644269,,,
1786043879474560894,1786043879.474236812,/novatel/oem7/odom,/novatel/oem7/fix,/novatel/oem7/odom,39.663,-75.756,-1.801010679,0.002524975,0.000644269,-0.002001101,-0.001539836,0.000644269,,,
1786043879485815061,1786043879.485050555,/novatel/oem7/inspva,/novatel/oem7/inspva,/novatel/oem7/inspva,39.663,-75.756,-1.800992682,0.002875320,0.000311159,-0.001999512,-0.002066258,0.000311159,,novatel_oem7_msgs.msg.InertialSolutionStatus(status=3),
1786043879486936331,1786043879.485337398,/novatel/oem7/fix,/novatel/oem7/fix,/novatel/oem7/inspva,39.663,-75.756,-1.800992682,0.002875320,0.000311159,-0.001999512,-0.002066258,0.000311159,,0,
1786043879487695779,1786043879.486061842,/novatel/oem7/odom,/novatel/oem7/fix,/novatel/oem7/odom,39.663,-75.756,-1.800992682,0.002876716,0.000297976,-0.002172630,-0.001885518,0.000297976,,,
1786043879495803883,1786043879.495382551,/novatel/oem7/odom,/novatel/oem7/fix,/novatel/oem7/odom,39.663,-75.756,-1.800992682,0.002876716,0.000297976,-0.002172630,-0.001885518,0.000297976,,,
1786043879506190650,1786043879.505873411,/novatel/oem7/inspva,/novatel/oem7/inspva,/novatel/oem7/inspva,39.663,-75.756,-1.800965785,0.002638549,0.000692286,-0.001946462,-0.001781354,0.000692286,,novatel_oem7_msgs.msg.InertialSolutionStatus(status=3),
1786043879506817149,1786043879.506074703,/novatel/oem7/fix,/novatel/oem7/fix,/novatel/oem7/inspva,39.663,-75.756,-1.800965785,0.002638549,0.000692286,-0.001946462,-0.001781354,0.000692286,,0,
1786043879507278002,1786043879.506557148,/novatel/oem7/odom,/novatel/oem7/fix,/novatel/oem7/odom,39.663,-75.756,-1.800965785,0.002641684,0.000680225,-0.001886677,-0.001849039,0.000680225,,,
1786043879511628113,1786043879.511185535,/novatel/oem7/bestpos,/novatel/oem7/bestpos,/novatel/oem7/odom,39.663,-75.756,33.181367585,0.002641684,0.000680225,-0.001886677,-0.001849039,0.000680225,,novatel_oem7_msgs.msg.SolutionStatus(status=0),novatel_oem7_msgs.msg.PositionOrVelocityType(type=53)
1786043879512317413,1786043879.511569369,/novatel/oem7/bestvel,/novatel/oem7/bestpos,/novatel/oem7/bestvel,39.663,-75.756,33.181367585,0.002705342,0.000733170,,,,227.214893112,novatel_oem7_msgs.msg.SolutionStatus(status=0),novatel_oem7_msgs.msg.PositionOrVelocityType(type=53)
1786043879515029140,1786043879.514496369,/novatel/oem7/odom,/novatel/oem7/bestpos,/novatel/oem7/odom,39.663,-75.756,33.181367585,0.002641684,0.000680225,-0.001886677,-0.001849039,0.000680225,,,
1786043879527019718,1786043879.526565436,/novatel/oem7/inspva,/novatel/oem7/inspva,/novatel/oem7/inspva,39.663,-75.756,-1.800944032,0.002781004,0.000600563,-0.001829641,-0.002094372,0.000600563,,novatel_oem7_msgs.msg.InertialSolutionStatus(status=3),
1786043879527890227,1786043879.526778941,/novatel/oem7/fix,/novatel/oem7/fix,/novatel/oem7/inspva,39.663,-75.756,-1.800944032,0.002781004,0.000600563,-0.001829641,-0.002094372,0.000600563,,0,
1786043879528537028,1786043879.527459598,/novatel/oem7/odom,/novatel/oem7/fix,/novatel/oem7/odom,39.663,-75.756,-1.800944032,0.002783740,0.000587748,-0.002192574,-0.001715175,0.000587748,,,
1786043879535494458,1786043879.535040192,/novatel/oem7/odom,/novatel/oem7/fix,/novatel/oem7/odom,39.663,-75.756,-1.800944032,0.002783740,0.000587748,-0.002192574,-0.001715175,0.000587748,,,
1786043879545415875,1786043879.544925379,/novatel/oem7/inspva,/novatel/oem7/inspva,/novatel/oem7/inspva,39.663,-75.756,-1.800917274,0.002606195,0.000504896,-0.001794639,-0.001889848,0.000504896,,novatel_oem7_msgs.msg.InertialSolutionStatus(status=3),
1786043879546217810,1786043879.545051553,/novatel/oem7/fix,/novatel/oem7/fix,/novatel/oem7/inspva,39.663,-75.756,-1.800917274,0.002606195,0.000504896,-0.001794639,-0.001889848,0.000504896,,0,
1786043879546714701,1786043879.545466311,/novatel/oem7/odom,/novatel/oem7/fix,/novatel/oem7/odom,39.663,-75.756,-1.800917274,0.002608495,0.000492878,-0.001986113,-0.001691035,0.000492878,,,
1786043879556601291,1786043879.556050839,/novatel/oem7/odom,/novatel/oem7/fix,/novatel/oem7/odom,39.663,-75.756,-1.800917274,0.002608495,0.000492878,-0.001986113,-0.001691035,0.000492878,,,
1786043879565618528,1786043879.565221926,/novatel/oem7/inspva,/novatel/oem7/inspva,/novatel/oem7/inspva,39.663,-75.756,-1.800891112,0.002509787,0.000813261,-0.001458779,-0.002042301,0.000813261,,novatel_oem7_msgs.msg.InertialSolutionStatus(status=3),
1786043879566439581,1786043879.565486303,/novatel/oem7/fix,/novatel/oem7/fix,/novatel/oem7/inspva,39.663,-75.756,-1.800891112,0.002509787,0.000813261,-0.001458779,-0.002042301,0.000813261,,0,
1786043879567101928,1786043879.565956107,/novatel/oem7/odom,/novatel/oem7/fix,/novatel/oem7/odom,39.663,-75.756,-1.800891112,0.002513492,0.000801736,-0.002121282,-0.001348261,0.000801736,,,
1786043879575254214,1786043879.574696707,/novatel/oem7/odom,/novatel/oem7/fix,/novatel/oem7/odom,39.663,-75.756,-1.800891112,0.002513492,0.000801736,-0.002121282,-0.001348261,0.000801736,,,
1786043879586309561,1786043879.585994635,/novatel/oem7/inspva,/novatel/oem7/inspva,/novatel/oem7/inspva,39.663,-75.756,-1.800865881,0.002438707,0.000625744,-0.001642221,-0.001802888,0.000625744,,novatel_oem7_msgs.msg.InertialSolutionStatus(status=3),
1786043879586905199,1786043879.586168580,/novatel/oem7/fix,/novatel/oem7/fix,/novatel/oem7/inspva,39.663,-75.756,-1.800865881,0.002438707,0.000625744,-0.001642221,-0.001802888,0.000625744,,0,
1786043879587321737,1786043879.586590308,/novatel/oem7/odom,/novatel/oem7/fix,/novatel/oem7/odom,39.663,-75.756,-1.800865881,0.002441568,0.000614487,-0.001891474,-0.001543885,0.000614487,,,
1786043879594658184,1786043879.594263642,/novatel/oem7/odom,/novatel/oem7/fix,/novatel/oem7/odom,39.663,-75.756,-1.800865881,0.002441568,0.000614487,-0.001891474,-0.001543885,0.000614487,,,
1786043879606096963,1786043879.605801140,/novatel/oem7/inspva,/novatel/oem7/inspva,/novatel/oem7/inspva,39.663,-75.756,-1.800842657,0.002459796,0.000629105,-0.001579765,-0.001885455,0.000629105,,novatel_oem7_msgs.msg.InertialSolutionStatus(status=3),
1786043879606644439,1786043879.605968696,/novatel/oem7/fix,/novatel/oem7/fix,/novatel/oem7/inspva,39.663,-75.756,-1.800842657,0.002459796,0.000629105,-0.001579765,-0.001885455,0.000629105,,0,
1786043879607251616,1786043879.606807050,/novatel/oem7/odom,/novatel/oem7/fix,/novatel/oem7/odom,39.663,-75.756,-1.800842657,0.002462678,0.000617729,-0.001970549,-0.001477064,0.000617729,,,
1786043879610458866,1786043879.610123791,/novatel/oem7/bestpos,/novatel/oem7/bestpos,/novatel/oem7/odom,39.663,-75.756,33.181481539,0.002462678,0.000617729,-0.001970549,-0.001477064,0.000617729,,novatel_oem7_msgs.msg.SolutionStatus(status=0),novatel_oem7_msgs.msg.PositionOrVelocityType(type=53)
1786043879611049315,1786043879.610518832,/novatel/oem7/bestvel,/novatel/oem7/bestpos,/novatel/oem7/bestvel,39.663,-75.756,33.181481539,0.002115772,0.000371555,,,,228.468773798,novatel_oem7_msgs.msg.SolutionStatus(status=0),novatel_oem7_msgs.msg.PositionOrVelocityType(type=53)
1786043879616162032,1786043879.615514732,/novatel/oem7/odom,/novatel/oem7/bestpos,/novatel/oem7/odom,39.663,-75.756,33.181481539,0.002462678,0.000617729,-0.001970549,-0.001477064,0.000617729,,,
1786043879625531051,1786043879.624997292,/novatel/oem7/inspva,/novatel/oem7/inspva,/novatel/oem7/inspva,39.663,-75.756,-1.800816890,0.002400798,0.000380206,-0.001656595,-0.001737678,0.000380206,,novatel_oem7_msgs.msg.InertialSolutionStatus(status=3),
1786043879626282410,1786043879.625215005,/novatel/oem7/fix,/novatel/oem7/fix,/novatel/oem7/inspva,39.663,-75.756,-1.800816890,0.002400798,0.000380206,-0.001656595,-0.001737678,0.000380206,,0,
1786043879626858655,1786043879.625564095,/novatel/oem7/odom,/novatel/oem7/fix,/novatel/oem7/odom,39.663,-75.756,-1.800816890,0.002402530,0.000369101,-0.001826237,-0.001561092,0.000369101,,,
1786043879634838621,1786043879.634498606,/novatel/oem7/odom,/novatel/oem7/fix,/novatel/oem7/odom,39.663,-75.756,-1.800816890,0.002402530,0.000369101,-0.001826237,-0.001561092,0.000369101,,,
1786043879647430467,1786043879.646672377,/novatel/oem7/inspva,/novatel/oem7/inspva,/novatel/oem7/inspva,39.663,-75.756,-1.800791742,0.002485332,0.000661064,-0.001660742,-0.001849003,0.000661064,,novatel_oem7_msgs.msg.InertialSolutionStatus(status=3),
1786043879648301995,1786043879.646964027,/novatel/oem7/fix,/novatel/oem7/fix,/novatel/oem7/inspva,39.663,-75.756,-1.800791742,0.002485332,0.000661064,-0.001660742,-0.001849003,0.000661064,,0,
1786043879648886246,1786043879.647651766,/novatel/oem7/odom,/novatel/oem7/fix,/novatel/oem7/odom,39.663,-75.756,-1.800791742,0.002488371,0.000649530,-0.001938654,-0.001560004,0.000649530,,,
1786043879657101752,1786043879.656672519,/novatel/oem7/odom,/novatel/oem7/fix,/novatel/oem7/odom,39.663,-75.756,-1.800791742,0.002488371,0.000649530,-0.001938654,-0.001560004,0.000649530,,,
1786043879665587283,1786043879.665251813,/novatel/oem7/inspva,/novatel/oem7/inspva,/novatel/oem7/inspva,39.663,-75.756,-1.800762251,0.002252336,0.000633330,-0.001631623,-0.001552683,0.000633330,,novatel_oem7_msgs.msg.InertialSolutionStatus(status=3),
1786043879666369662,1786043879.665521046,/novatel/oem7/fix,/novatel/oem7/fix,/novatel/oem7/inspva,39.663,-75.756,-1.800762251,0.002252336,0.000633330,-0.001631623,-0.001552683,0.000633330,,0,
1786043879667226267,1786043879.666112509,/novatel/oem7/odom,/novatel/oem7/fix,/novatel/oem7/odom,39.663,-75.756,-1.800762251,0.002255240,0.000622912,-0.001641099,-0.001546901,0.000622912,,,
1786043879675307685,1786043879.674734210,/novatel/oem7/odom,/novatel/oem7/fix,/novatel/oem7/odom,39.663,-75.756,-1.800762251,0.002255240,0.000622912,-0.001641099,-0.001546901,0.000622912,,,
1786043879685886889,1786043879.685380558,/novatel/oem7/inspva,/novatel/oem7/inspva,/novatel/oem7/inspva,39.663,-75.756,-1.800732854,0.002084009,0.000992413,-0.001354355,-0.001583925,0.000992413,,novatel_oem7_msgs.msg.InertialSolutionStatus(status=3),
1786043879686905672,1786043879.685679424,/novatel/oem7/fix,/novatel/oem7/fix,/novatel/oem7/inspva,39.663,-75.756,-1.800732854,0.002084009,0.000992413,-0.001354355,-0.001583925,0.000992413,,0,
1786043879687559442,1786043879.686373213,/novatel/oem7/odom,/novatel/oem7/fix,/novatel/oem7/odom,39.663,-75.756,-1.800732854,0.002088593,0.000982729,-0.001658591,-0.001269369,0.000982729,,,
1786043879695220259,1786043879.694805201,/novatel/oem7/odom,/novatel/oem7/fix,/novatel/oem7/odom,39.663,-75.756,-1.800732854,0.002088593,0.000982729,-0.001658591,-0.001269369,0.000982729,,,
1786043879706396961,1786043879.705928118,/novatel/oem7/inspva,/novatel/oem7/inspva,/novatel/oem7/inspva,39.663,-75.756,-1.800700837,0.002132896,0.000899352,-0.001369452,-0.001635191,0.000899352,,novatel_oem7_msgs.msg.InertialSolutionStatus(status=3),
1786043879707239532,1786043879.706153027,/novatel/oem7/fix,/novatel/oem7/fix,/novatel/oem7/inspva,39.663,-75.756,-1.800700837,0.002132896,0.000899352,-0.001369452,-0.001635191,0.000899352,,0,
1786043879707750783,1786043879.706441231,/novatel/oem7/odom,/novatel/oem7/fix,/novatel/oem7/odom,39.663,-75.756,-1.800700837,0.002137042,0.000889455,-0.001710272,-0.001281374,0.000889455,,,
1786043879709638181,1786043879.709177398,/novatel/oem7/bestpos,/novatel/oem7/bestpos,/novatel/oem7/odom,39.663,-75.756,33.181621484,0.002137042,0.000889455,-0.001710272,-0.001281374,0.000889455,,novatel_oem7_msgs.msg.SolutionStatus(status=0),novatel_oem7_msgs.msg.PositionOrVelocityType(type=53)
1786043879710835251,1786043879.709568478,/novatel/oem7/bestvel,/novatel/oem7/bestpos,/novatel/oem7/bestvel,39.663,-75.756,33.181621484,0.002294885,0.001033671,,,,227.596565260,novatel_oem7_msgs.msg.SolutionStatus(status=0),novatel_oem7_msgs.msg.PositionOrVelocityType(type=53)
1786043879715356073,1786043879.714873949,/novatel/oem7/odom,/novatel/oem7/bestpos,/novatel/oem7/odom,39.663,-75.756,33.181621484,0.002137042,0.000889455,-0.001710272,-0.001281374,0.000889455,,,
1786043879725783075,1786043879.725109076,/novatel/oem7/inspva,/novatel/oem7/inspva,/novatel/oem7/inspva,39.663,-75.756,-1.800668593,0.001808958,0.001155920,-0.001183095,-0.001368435,0.001155920,,novatel_oem7_msgs.msg.InertialSolutionStatus(status=3),
1786043879726888372,1786043879.726345002,/novatel/oem7/fix,/novatel/oem7/fix,/novatel/oem7/inspva,39.663,-75.756,-1.800668593,0.001808958,0.001155920,-0.001183095,-0.001368435,0.001155920,,0,
1786043879727922620,1786043879.727492508,/novatel/oem7/odom,/novatel/oem7/fix,/novatel/oem7/odom,39.663,-75.756,-1.800668593,0.001814305,0.001147509,-0.001434749,-0.001110495,0.001147509,,,
1786043879735883478,1786043879.735392355,/novatel/oem7/odom,/novatel/oem7/fix,/novatel/oem7/odom,39.663,-75.756,-1.800668593,0.001814305,0.001147509,-0.001434749,-0.001110495,0.001147509,,,
1786043879745800969,1786043879.745021439,/novatel/oem7/inspva,/novatel/oem7/inspva,/novatel/oem7/inspva,39.663,-75.756,-1.800633878,0.002017289,0.001007520,-0.001414612,-0.001438169,0.001007520,,novatel_oem7_msgs.msg.InertialSolutionStatus(status=3),
1786043879746878367,1786043879.745527131,/novatel/oem7/fix,/novatel/oem7/fix,/novatel/oem7/inspva,39.663,-75.756,-1.800633878,0.002017289,0.001007520,-0.001414612,-0.001438169,0.001007520,,0,
1786043879747544768,1786043879.746018053,/novatel/oem7/odom,/novatel/oem7/fix,/novatel/oem7/odom,39.663,-75.756,-1.800633878,0.002021948,0.000998138,-0.001516385,-0.001337479,0.000998138,,,
1786043879756105774,1786043879.755676898,/novatel/oem7/odom,/novatel/oem7/fix,/novatel/oem7/odom,39.663,-75.756,-1.800633878,0.002021948,0.000998138,-0.001516385,-0.001337479,0.000998138,,,
1786043879767022839,1786043879.766641057,/novatel/oem7/inspva,/novatel/oem7/inspva,/novatel/oem7/inspva,39.663,-75.756,-1.800599158,0.001941629,0.001243667,-0.001062266,-0.001625274,0.001243667,,novatel_oem7_msgs.msg.InertialSolutionStatus(status=3),
1786043879767689392,1786043879.766837406,/novatel/oem7/fix,/novatel/oem7/fix,/novatel/oem7/inspva,39.663,-75.756,-1.800599158,0.001941629,0.001243667,-0.001062266,-0.001625274,0.001243667,,0,
1786043879768205700,1786043879.767313614,/novatel/oem7/odom,/novatel/oem7/fix,/novatel/oem7/odom,39.663,-75.756,-1.800599158,0.001947346,0.001234695,-0.001685005,-0.000976173,0.001234695,,,
1786043879775622456,1786043879.775267868,/novatel/oem7/odom,/novatel/oem7/fix,/novatel/oem7/odom,39.663,-75.756,-1.800599158,0.001947346,0.001234695,-0.001685005,-0.000976173,0.001234695,,,
1786043879785440295,1786043879.785143535,/novatel/oem7/inspva,/novatel/oem7/inspva,/novatel/oem7/inspva,39.663,-75.756,-1.800564198,0.001984992,0.001254624,-0.001060055,-0.001678237,0.001254624,,novatel_oem7_msgs.msg.InertialSolutionStatus(status=3),
1786043879785973927,1786043879.785341060,/novatel/oem7/fix,/novatel/oem7/fix,/novatel/oem7/inspva,39.663,-75.756,-1.800564198,0.001984992,0.001254624,-0.001060055,-0.001678237,0.001254624,,0,
1786043879786572923,1786043879.785879053,/novatel/oem7/odom,/novatel/oem7/fix,/novatel/oem7/odom,39.663,-75.756,-1.800564198,0.001990762,0.001245449,-0.001737826,-0.000971130,0.001245449,,,
1786043879794994803,1786043879.794621405,/novatel/oem7/odom,/novatel/oem7/fix,/novatel/oem7/odom,39.663,-75.756,-1.800564198,0.001990762,0.001245449,-0.001737826,-0.000971130,0.001245449,,,
1786043879806948407,1786043879.806580174,/novatel/oem7/inspva,/novatel/oem7/inspva,/novatel/oem7/inspva,39.663,-75.756,-1.800536375,0.001501487,0.000849004,-0.000592320,-0.001379718,0.000849004,,novatel_oem7_msgs.msg.InertialSolutionStatus(status=3),
1786043879807849027,1786043879.806692522,/novatel/oem7/fix,/novatel/oem7/fix,/novatel/oem7/inspva,39.663,-75.756,-1.800536375,0.001501487,0.000849004,-0.000592320,-0.001379718,0.000849004,,0,
1786043879808675139,1786043879.807676022,/novatel/oem7/odom,/novatel/oem7/fix,/novatel/oem7/odom,39.663,-75.756,-1.800536375,0.001505236,0.000842339,-0.001412890,-0.000519111,0.000842339,,,
1786043879810747069,1786043879.810249634,/novatel/oem7/bestpos,/novatel/oem7/bestpos,/novatel/oem7/odom,39.663,-75.756,33.181779449,0.001505236,0.000842339,-0.001412890,-0.000519111,0.000842339,,novatel_oem7_msgs.msg.SolutionStatus(status=0),novatel_oem7_msgs.msg.PositionOrVelocityType(type=53)
1786043879811545326,1786043879.810658268,/novatel/oem7/bestvel,/novatel/oem7/bestpos,/novatel/oem7/bestvel,39.663,-75.756,33.181779449,0.001758453,0.001136413,,,,232.395704061,novatel_oem7_msgs.msg.SolutionStatus(status=0),novatel_oem7_msgs.msg.PositionOrVelocityType(type=53)
1786043879815900057,1786043879.815400394,/novatel/oem7/odom,/novatel/oem7/bestpos,/novatel/oem7/odom,39.663,-75.756,33.181779449,0.001505236,0.000842339,-0.001412890,-0.000519111,0.000842339,,,
1786043879826659310,1786043879.826301648,/novatel/oem7/inspva,/novatel/oem7/inspva,/novatel/oem7/inspva,39.663,-75.756,-1.800500202,0.001828670,0.000875381,-0.000760946,-0.001662827,0.000875381,,novatel_oem7_msgs.msg.InertialSolutionStatus(status=3),
1786043879827336669,1786043879.826526827,/novatel/oem7/fix,/novatel/oem7/fix,/novatel/oem7/inspva,39.663,-75.756,-1.800500202,0.001828670,0.000875381,-0.000760946,-0.001662827,0.000875381,,0,
1786043879827914116,1786043879.826936684,/novatel/oem7/odom,/novatel/oem7/fix,/novatel/oem7/odom,39.663,-75.756,-1.800500202,0.001832567,0.000867192,-0.001704823,-0.000672221,0.000867192,,,
1786043879835260863,1786043879.834759558,/novatel/oem7/odom,/novatel/oem7/fix,/novatel/oem7/odom,39.663,-75.756,-1.800500202,0.001832567,0.000867192,-0.001704823,-0.000672221,0.000867192,,,
1786043879846162895,1786043879.845466143,/novatel/oem7/inspva,/novatel/oem7/inspva,/novatel/oem7/inspva,39.663,-75.756,-1.800464989,0.001328340,0.001455947,-0.000560689,-0.001204207,0.001455947,,novatel_oem7_msgs.msg.InertialSolutionStatus(status=3),
1786043879847272226,1786043879.845776037,/novatel/oem7/fix,/novatel/oem7/fix,/novatel/oem7/inspva,39.663,-75.756,-1.800464989,0.001328340,0.001455947,-0.000560689,-0.001204207,0.001455947,,0,
1786043879847936309,1786043879.846275421,/novatel/oem7/odom,/novatel/oem7/fix,/novatel/oem7/odom,39.663,-75.756,-1.800464989,0.001334871,0.001449961,-0.001238180,-0.000498791,0.001449961,,,
1786043879856622909,1786043879.856224124,/novatel/oem7/odom,/novatel/oem7/fix,/novatel/oem7/odom,39.663,-75.756,-1.800464989,0.001334871,0.001449961,-0.001238180,-0.000498791,0.001449961,,,
1786043879865394244,1786043879.865044237,/novatel/oem7/inspva,/novatel/oem7/inspva,/novatel/oem7/inspva,39.663,-75.756,-1.800432526,0.001748872,0.001212765,-0.000914347,-0.001490813,0.001212765,,novatel_oem7_msgs.msg.InertialSolutionStatus(status=3),
1786043879866034689,1786043879.865213885,/novatel/oem7/fix,/novatel/oem7/fix,/novatel/oem7/inspva,39.663,-75.756,-1.800432526,0.001748872,0.001212765,-0.000914347,-0.001490813,0.001212765,,0,
1786043879866484752,1786043879.865590552,/novatel/oem7/odom,/novatel/oem7/fix,/novatel/oem7/odom,39.663,-75.756,-1.800432526,0.001754455,0.001204675,-0.001542638,-0.000835690,0.001204675,,,
1786043879875311015,1786043879.874609111,/novatel/oem7/odom,/novatel/oem7/fix,/novatel/oem7/odom,39.663,-75.756,-1.800432526,0.001754455,0.001204675,-0.001542638,-0.000835690,0.001204675,,,
1786043879886991656,1786043879.886506076,/novatel/oem7/inspva,/novatel/oem7/inspva,/novatel/oem7/inspva,39.663,-75.756,-1.800403638,0.001134536,0.000932048,-0.000499029,-0.001018892,0.000932048,,novatel_oem7_msgs.msg.InertialSolutionStatus(status=3),
1786043879887781072,1786043879.886731424,/novatel/oem7/fix,/novatel/oem7/fix,/novatel/oem7/inspva,39.663,-75.756,-1.800403638,0.001134536,0.000932048,-0.000499029,-0.001018892,0.000932048,,0,
1786043879888403785,1786043879.887063206,/novatel/oem7/odom,/novatel/oem7/fix,/novatel/oem7/odom,39.663,-75.756,-1.800403638,0.001138736,0.000926912,-0.001047864,-0.000445758,0.000926912,,,
1786043879895367652,1786043879.895054165,/novatel/oem7/odom,/novatel/oem7/fix,/novatel/oem7/odom,39.663,-75.756,-1.800403638,0.001138736,0.000926912,-0.001047864,-0.000445758,0.000926912,,,
1786043879906655561,1786043879.905749548,/novatel/oem7/inspva,/novatel/oem7/inspva,/novatel/oem7/inspva,39.663,-75.756,-1.800365956,0.001825712,0.001426078,-0.000786478,-0.001647628,0.001426078,,novatel_oem7_msgs.msg.InertialSolutionStatus(status=3),
1786043879908509503,1786043879.906022561,/novatel/oem7/fix,/novatel/oem7/fix,/novatel/oem7/inspva,39.663,-75.756,-1.800365956,0.001825712,0.001426078,-0.000786478,-0.001647628,0.001426078,,0,
1786043879909968235,1786043879.906328314,/novatel/oem7/odom,/novatel/oem7/fix,/novatel/oem7/odom,39.663,-75.756,-1.800365956,0.001832130,0.001417822,-0.001693080,-0.000700129,0.001417822,,,
1786043879911858197,1786043879.909243784,/novatel/oem7/bestpos,/novatel/oem7/bestpos,/novatel/oem7/odom,39.663,-75.756,33.181937486,0.001832130,0.001417822,-0.001693080,-0.000700129,0.001417822,,novatel_oem7_msgs.msg.SolutionStatus(status=0),novatel_oem7_msgs.msg.PositionOrVelocityType(type=53)
1786043879913117590,1786043879.909645852,/novatel/oem7/bestvel,/novatel/oem7/bestpos,/novatel/oem7/bestvel,39.663,-75.756,33.181937486,0.001913596,0.001541450,,,,238.625301252,novatel_oem7_msgs.msg.SolutionStatus(status=0),novatel_oem7_msgs.msg.PositionOrVelocityType(type=53)
1786043879916278312,1786043879.915515449,/novatel/oem7/odom,/novatel/oem7/bestpos,/novatel/oem7/odom,39.663,-75.756,33.181937486,0.001832130,0.001417822,-0.001693080,-0.000700129,0.001417822,,,
1786043879925925751,1786043879.925275257,/novatel/oem7/inspva,/novatel/oem7/inspva,/novatel/oem7/inspva,39.663,-75.756,-1.800338016,0.001620898,0.000985424,-0.000475322,-0.001549638,0.000985424,,novatel_oem7_msgs.msg.InertialSolutionStatus(status=3),
1786043879927559757,1786043879.925502343,/novatel/oem7/fix,/novatel/oem7/fix,/novatel/oem7/inspva,39.663,-75.756,-1.800338016,0.001620898,0.000985424,-0.000475322,-0.001549638,0.000985424,,0,
1786043879928568438,1786043879.925986653,/novatel/oem7/odom,/novatel/oem7/fix,/novatel/oem7/odom,39.663,-75.756,-1.800338016,0.001625103,0.000978473,-0.001576748,-0.000393483,0.000978473,,,
1786043879935679127,1786043879.934773484,/novatel/oem7/odom,/novatel/oem7/fix,/novatel/oem7/odom,39.663,-75.756,-1.800338016,0.001625103,0.000978473,-0.001576748,-0.000393483,0.000978473,,,
1786043879947087950,1786043879.946148787,/novatel/oem7/inspva,/novatel/oem7/inspva,/novatel/oem7/inspva,39.663,-75.756,-1.800302189,0.001997081,0.001020660,-0.000814008,-0.001823657,0.001020660,,novatel_oem7_msgs.msg.InertialSolutionStatus(status=3),
1786043879949343473,1786043879.946465633,/novatel/oem7/fix,/novatel/oem7/fix,/novatel/oem7/inspva,39.663,-75.756,-1.800302189,0.001997081,0.001020660,-0.000814008,-0.001823657,0.001020660,,0,
1786043879950820165,1786043879.947569022,/novatel/oem7/odom,/novatel/oem7/fix,/novatel/oem7/odom,39.663,-75.756,-1.800302189,0.002001632,0.001011707,-0.001868842,-0.000716911,0.001011707,,,
1786043879957023565,1786043879.956060335,/novatel/oem7/odom,/novatel/oem7/fix,/novatel/oem7/odom,39.663,-75.756,-1.800302189,0.002001632,0.001011707,-0.001868842,-0.000716911,0.001011707,,,
1786043879966001446,1786043879.965196591,/novatel/oem7/inspva,/novatel/oem7/inspva,/novatel/oem7/inspva,39.663,-75.756,-1.800269693,0.001696573,0.001400787,-0.000786113,-0.001503459,0.001400787,,novatel_oem7_msgs.msg.InertialSolutionStatus(status=3),
1786043879967596863,1786043879.965386113,/novatel/oem7/fix,/novatel/oem7/fix,/novatel/oem7/inspva,39.663,-75.756,-1.800269693,0.001696573,0.001400787,-0.000786113,-0.001503459,0.001400787,,0,
1786043879968664953,1786043879.966009363,/novatel/oem7/odom,/novatel/oem7/fix,/novatel/oem7/odom,39.663,-75.756,-1.800269693,0.001702943,0.001393037,-0.001549012,-0.000707514,0.001393037,,,
1786043879976541250,1786043879.975542640,/novatel/oem7/odom,/novatel/oem7/fix,/novatel/oem7/odom,39.663,-75.756,-1.800269693,0.001702943,0.001393037,-0.001549012,-0.000707514,0.001393037,,,
1786043879986192245,1786043879.985274486,/novatel/oem7/inspva,/novatel/oem7/inspva,/novatel/oem7/inspva,39.663,-75.756,-1.800237102,0.001966774,0.001508127,-0.000825669,-0.001785069,0.001508127,,novatel_oem7_msgs.msg.InertialSolutionStatus(status=3),
1786043879988048884,1786043879.985517421,/novatel/oem7/fix,/novatel/oem7/fix,/novatel/oem7/inspva,39.663,-75.756,-1.800237102,0.001966774,0.001508127,-0.000825669,-0.001785069,0.001508127,,0,
1786043879989391565,1786043879.986246556,/novatel/oem7/odom,/novatel/oem7/fix,/novatel/oem7/odom,39.663,-75.756,-1.800237102,0.001973559,0.001499236,-0.001832772,-0.000732040,0.001499236,,,
1786043879994989845,1786043879.994300625,/novatel/oem7/odom,/novatel/oem7/fix,/novatel/oem7/odom,39.663,-75.756,-1.800237102,0.001973559,0.001499236,-0.001832772,-0.000732040,0.001499236,,,
1786043880010916544,1786043880.010073462,/novatel/oem7/inspva,/novatel/oem7/inspva,/novatel/oem7/inspva,39.663,-75.756,-1.800212511,0.002199367,0.000808664,-0.000773901,-0.002058712,0.000808664,,novatel_oem7_msgs.msg.InertialSolutionStatus(status=3),
1786043880012531704,1786043880.010273361,/novatel/oem7/fix,/novatel/oem7/fix,/novatel/oem7/inspva,39.663,-75.756,-1.800212511,0.002199367,0.000808664,-0.000773901,-0.002058712,0.000808664,,0,
1786043880013595221,1786043880.011566737,/novatel/oem7/odom,/novatel/oem7/fix,/novatel/oem7/odom,39.663,-75.756,-1.800212511,0.002202904,0.000798980,-0.002100599,-0.000663527,0.000798980,,,
1786043880016714809,1786043880.015999099,/novatel/oem7/odom,/novatel/oem7/fix,/novatel/oem7/odom,39.663,-75.756,-1.800212511,0.002202904,0.000798980,-0.002100599,-0.000663527,0.000798980,,,
1786043880025522826,1786043880.024845782,/novatel/oem7/bestpos,/novatel/oem7/bestpos,/novatel/oem7/odom,39.663,-75.756,33.182090271,0.002202904,0.000798980,-0.002100599,-0.000663527,0.000798980,,novatel_oem7_msgs.msg.SolutionStatus(status=0),novatel_oem7_msgs.msg.PositionOrVelocityType(type=53)
1786043880026863203,1786043880.025600077,/novatel/oem7/bestvel,/novatel/oem7/bestpos,/novatel/oem7/bestvel,39.663,-75.756,33.182090271,0.002137010,0.000852890,,,,242.167401566,novatel_oem7_msgs.msg.SolutionStatus(status=0),novatel_oem7_msgs.msg.PositionOrVelocityType(type=53)
1786043880028329082,1786043880.026889470,/novatel/oem7/inspva,/novatel/oem7/inspva,/novatel/oem7/inspva,39.663,-75.756,-1.800176751,0.002082886,0.001069662,-0.000890833,-0.001882772,0.001069662,,novatel_oem7_msgs.msg.InertialSolutionStatus(status=3),
1786043880029177186,1786043880.027071115,/novatel/oem7/fix,/novatel/oem7/fix,/novatel/oem7/inspva,39.663,-75.756,-1.800176751,0.002082886,0.001069662,-0.000890833,-0.001882772,0.001069662,,0,
1786043880030192511,1786043880.027400452,/novatel/oem7/odom,/novatel/oem7/fix,/novatel/oem7/odom,39.663,-75.756,-1.800176751,0.002087691,0.001060253,-0.001932222,-0.000790551,0.001060253,,,
1786043880036374477,1786043880.035536298,/novatel/oem7/odom,/novatel/oem7/fix,/novatel/oem7/odom,39.663,-75.756,-1.800176751,0.002087691,0.001060253,-0.001932222,-0.000790551,0.001060253,,,
1786043880046265678,1786043880.045366051,/novatel/oem7/inspva,/novatel/oem7/inspva,/novatel/oem7/inspva,39.663,-75.756,-1.800175672,0.002145813,0.001305894,-0.000785360,-0.001996928,0.001305894,,novatel_oem7_msgs.msg.InertialSolutionStatus(status=3),
1786043880048216804,1786043880.045617058,/novatel/oem7/fix,/novatel/oem7/fix,/novatel/oem7/inspva,39.663,-75.756,-1.800175672,0.002145813,0.001305894,-0.000785360,-0.001996928,0.001305894,,0,
1786043880049725820,1786043880.046463747,/novatel/oem7/odom,/novatel/oem7/fix,/novatel/oem7/odom,39.663,-75.756,-1.800175672,0.002151567,0.001296391,-0.002041375,-0.000679728,0.001296391,,,
1786043880057321837,1786043880.056389664,/novatel/oem7/odom,/novatel/oem7/fix,/novatel/oem7/odom,39.663,-75.756,-1.800175672,0.002151567,0.001296391,-0.002041375,-0.000679728,0.001296391,,,
1786043880067110767,1786043880.066191861,/novatel/oem7/inspva,/novatel/oem7/inspva,/novatel/oem7/inspva,39.663,-75.756,-1.800188156,0.002206314,0.001308656,-0.000898900,-0.002014895,0.001308656,,novatel_oem7_msgs.msg.InertialSolutionStatus(status=3),
1786043880068669533,1786043880.066391390,/novatel/oem7/fix,/novatel/oem7/fix,/novatel/oem7/inspva,39.663,-75.756,-1.800188156,0.002206314,0.001308656,-0.000898900,-0.002014895,0.001308656,,0,
1786043880069756161,1786043880.066906495,/novatel/oem7/odom,/novatel/oem7/fix,/novatel/oem7/odom,39.663,-75.756,-1.800188156,0.002212191,0.001298697,-0.002065506,-0.000792133,0.001298697,,,
1786043880075692481,1786043880.074745935,/novatel/oem7/odom,/novatel/oem7/fix,/novatel/oem7/odom,39.663,-75.756,-1.800188156,0.002212191,0.001298697,-0.002065506,-0.000792133,0.001298697,,,
1786043880086057604,1786043880.085205432,/novatel/oem7/inspva,/novatel/oem7/inspva,/novatel/oem7/inspva,39.663,-75.756,-1.800194095,0.002187650,0.001166675,-0.001253855,-0.001792668,0.001166675,,novatel_oem7_msgs.msg.InertialSolutionStatus(status=3),
1786043880087773948,1786043880.085462258,/novatel/oem7/fix,/novatel/oem7/fix,/novatel/oem7/inspva,39.663,-75.756,-1.800194095,0.002187650,0.001166675,-0.001253855,-0.001792668,0.001166675,,0,
1786043880089109692,1786043880.085992466,/novatel/oem7/odom,/novatel/oem7/fix,/novatel/oem7/odom,39.663,-75.756,-1.800194095,0.002193076,0.001156442,-0.001862326,-0.001158157,0.001156442,,,
1786043880096251735,1786043880.095435196,/novatel/oem7/odom,/novatel/oem7/fix,/novatel/oem7/odom,39.663,-75.756,-1.800194095,0.002193076,0.001156442,-0.001862326,-0.001158157,0.001156442,,,
1786043880106635140,1786043880.105904796,/novatel/oem7/inspva,/novatel/oem7/inspva,/novatel/oem7/inspva,39.663,-75.756,-1.800203050,0.002163725,0.001477852,-0.001012955,-0.001911970,0.001477852,,novatel_oem7_msgs.msg.InertialSolutionStatus(status=3),
1786043880107974710,1786043880.106079048,/novatel/oem7/fix,/novatel/oem7/fix,/novatel/oem7/inspva,39.663,-75.756,-1.800203050,0.002163725,0.001477852,-0.001012955,-0.001911970,0.001477852,,0,
1786043880108991271,1786043880.106501035,/novatel/oem7/odom,/novatel/oem7/fix,/novatel/oem7/odom,39.663,-75.756,-1.800203050,0.002170471,0.001467927,-0.001969549,-0.000912043,0.001467927,,,
1786043880110469939,1786043880.109008868,/novatel/oem7/bestpos,/novatel/oem7/bestpos,/novatel/oem7/odom,39.663,-75.756,33.182059870,0.002170471,0.001467927,-0.001969549,-0.000912043,0.001467927,,novatel_oem7_msgs.msg.SolutionStatus(status=0),novatel_oem7_msgs.msg.PositionOrVelocityType(type=53)
1786043880111339872,1786043880.109501423,/novatel/oem7/bestvel,/novatel/oem7/bestpos,/novatel/oem7/bestvel,39.663,-75.756,33.182059870,0.002239526,0.001458456,,,,248.144146108,novatel_oem7_msgs.msg.SolutionStatus(status=0),novatel_oem7_msgs.msg.PositionOrVelocityType(type=53)
1786043880114963245,1786043880.114301525,/novatel/oem7/odom,/novatel/oem7/bestpos,/novatel/oem7/odom,39.663,-75.756,33.182059870,0.002170471,0.001467927,-0.001969549,-0.000912043,0.001467927,,,
1786043880127792556,1786043880.126663568,/novatel/oem7/inspva,/novatel/oem7/inspva,/novatel/oem7/inspva,39.663,-75.756,-1.800214658,0.002396395,0.000645862,-0.001526563,-0.001847245,0.000645862,,novatel_oem7_msgs.msg.InertialSolutionStatus(status=3),
1786043880129319745,1786043880.126910853,/novatel/oem7/fix,/novatel/oem7/fix,/novatel/oem7/inspva,39.663,-75.756,-1.800214658,0.002396395,0.000645862,-0.001526563,-0.001847245,0.000645862,,0,
1786043880130569611,1786043880.127414832,/novatel/oem7/odom,/novatel/oem7/fix,/novatel/oem7/odom,39.663,-75.756,-1.800214658,0.002170458,0.001467946,-0.001969550,-0.000912010,0.001467946,,,
1786043880136797174,1786043880.135875575,/novatel/oem7/odom,/novatel/oem7/fix,/novatel/oem7/odom,39.663,-75.756,-1.800214658,0.002399398,0.000634617,-0.001929688,-0.001425978,0.000634617,,,
1786043880145856347,1786043880.144996005,/novatel/oem7/inspva,/novatel/oem7/inspva,/novatel/oem7/inspva,39.663,-75.756,-1.800224768,0.002137330,0.000610778,-0.000979909,-0.001899462,0.000610778,,novatel_oem7_msgs.msg.InertialSolutionStatus(status=3),
1786043880147651942,1786043880.145183160,/novatel/oem7/fix,/novatel/oem7/fix,/novatel/oem7/inspva,39.663,-75.756,-1.800224768,0.002137330,0.000610778,-0.000979909,-0.001899462,0.000610778,,0,
1786043880149070283,1786043880.145907207,/novatel/oem7/odom,/novatel/oem7/fix,/novatel/oem7/odom,39.663,-75.756,-1.800224768,0.002140096,0.000601013,-0.001952054,-0.000877210,0.000601013,,,
1786043880156580766,1786043880.155845882,/novatel/oem7/odom,/novatel/oem7/fix,/novatel/oem7/odom,39.663,-75.756,-1.800224768,0.002140096,0.000601013,-0.001952054,-0.000877210,0.000601013,,,
1786043880166672859,1786043880.165530037,/novatel/oem7/inspva,/novatel/oem7/inspva,/novatel/oem7/inspva,39.663,-75.756,-1.800226163,0.002340163,0.001456455,-0.001235922,-0.001987174,0.001456455,,novatel_oem7_msgs.msg.InertialSolutionStatus(status=3),
1786043880168757150,1786043880.165881865,/novatel/oem7/fix,/novatel/oem7/fix,/novatel/oem7/inspva,39.663,-75.756,-1.800226163,0.002340163,0.001456455,-0.001235922,-0.001987174,0.001456455,,0,
1786043880170215035,1786043880.166677263,/novatel/oem7/odom,/novatel/oem7/fix,/novatel/oem7/odom,39.663,-75.756,-1.800226163,0.002140101,0.000600998,-0.001952056,-0.000877215,0.000600998,,,
1786043880176290551,1786043880.174993930,/novatel/oem7/odom,/novatel/oem7/fix,/novatel/oem7/odom,39.663,-75.756,-1.800226163,0.002346905,0.001445566,-0.002056665,-0.001130528,0.001445566,,,
1786043880186873872,1786043880.186292393,/novatel/oem7/inspva,/novatel/oem7/inspva,/novatel/oem7/inspva,39.663,-75.756,-1.800244445,0.002025344,0.000789681,-0.000784180,-0.001867373,0.000789681,,novatel_oem7_msgs.msg.InertialSolutionStatus(status=3),
1786043880188196969,1786043880.186508871,/novatel/oem7/fix,/novatel/oem7/fix,/novatel/oem7/inspva,39.663,-75.756,-1.800244445,0.002025344,0.000789681,-0.000784180,-0.001867373,0.000789681,,0,
1786043880189371751,1786043880.187053710,/novatel/oem7/odom,/novatel/oem7/fix,/novatel/oem7/odom,39.663,-75.756,-1.800244445,0.002028859,0.000780606,-0.001910070,-0.000684036,0.000780606,,,
1786043880195257495,1786043880.194583921,/novatel/oem7/odom,/novatel/oem7/fix,/novatel/oem7/odom,39.663,-75.756,-1.800244445,0.002028859,0.000780606,-0.001910070,-0.000684036,0.000780606,,,
1786043880207039108,1786043880.206456022,/novatel/oem7/inspva,/novatel/oem7/inspva,/novatel/oem7/inspva,39.663,-75.756,-1.800254321,0.002128015,0.000756799,-0.001058056,-0.001846338,0.000756799,,novatel_oem7_msgs.msg.InertialSolutionStatus(status=3),
1786043880208362741,1786043880.206668234,/novatel/oem7/fix,/novatel/oem7/fix,/novatel/oem7/inspva,39.663,-75.756,-1.800254321,0.002128015,0.000756799,-0.001058056,-0.001846338,0.000756799,,0,
1786043880209397102,1786043880.207359370,/novatel/oem7/odom,/novatel/oem7/fix,/novatel/oem7/odom,39.663,-75.756,-1.800254321,0.002131490,0.000746954,-0.001903791,-0.000958558,0.000746954,,,
1786043880210873967,1786043880.209851823,/novatel/oem7/bestpos,/novatel/oem7/bestpos,/novatel/oem7/odom,39.663,-75.756,33.182009236,0.002131490,0.000746954,-0.001903791,-0.000958558,0.000746954,,novatel_oem7_msgs.msg.SolutionStatus(status=0),novatel_oem7_msgs.msg.PositionOrVelocityType(type=53)
1786043880211764719,1786043880.210271584,/novatel/oem7/bestvel,/novatel/oem7/bestpos,/novatel/oem7/bestvel,39.663,-75.756,33.182009236,0.002041347,0.000685134,,,,241.060312200,novatel_oem7_msgs.msg.SolutionStatus(status=0),novatel_oem7_msgs.msg.PositionOrVelocityType(type=53)
1786043880215720300,1786043880.215303277,/novatel/oem7/odom,/novatel/oem7/bestpos,/novatel/oem7/odom,39.663,-75.756,33.182009236,0.002131490,0.000746954,-0.001903791,-0.000958558,0.000746954,,,
1786043880225993898,1786043880.225350515,/novatel/oem7/inspva,/novatel/oem7/inspva,/novatel/oem7/inspva,39.663,-75.756,-1.800269295,0.001826208,0.000683953,-0.000595322,-0.001726450,0.000683953,,novatel_oem7_msgs.msg.InertialSolutionStatus(status=3),
1786043880227353112,1786043880.225567937,/novatel/oem7/fix,/novatel/oem7/fix,/novatel/oem7/inspva,39.663,-75.756,-1.800269295,0.001826208,0.000683953,-0.000595322,-0.001726450,0.000683953,,0,
1786043880228377128,1786043880.225953091,/novatel/oem7/odom,/novatel/oem7/fix,/novatel/oem7/odom,39.663,-75.756,-1.800269295,0.001829182,0.000675959,-0.001758729,-0.000502773,0.000675959,,,
1786043880235251462,1786043880.234555162,/novatel/oem7/odom,/novatel/oem7/fix,/novatel/oem7/odom,39.663,-75.756,-1.800269295,0.001829182,0.000675959,-0.001758729,-0.000502773,0.000675959,,,
1786043880247167950,1786043880.246596993,/novatel/oem7/inspva,/novatel/oem7/inspva,/novatel/oem7/inspva,39.663,-75.756,-1.800274683,0.001936830,0.000987162,-0.001100877,-0.001593543,0.000987162,,novatel_oem7_msgs.msg.InertialSolutionStatus(status=3),
1786043880248804381,1786043880.246715470,/novatel/oem7/fix,/novatel/oem7/fix,/novatel/oem7/inspva,39.663,-75.756,-1.800274683,0.001936830,0.000987162,-0.001100877,-0.001593543,0.000987162,,0,
1786043880249860355,1786043880.247242331,/novatel/oem7/odom,/novatel/oem7/fix,/novatel/oem7/odom,39.663,-75.756,-1.800274683,0.001941437,0.000978072,-0.001654570,-0.001015665,0.000978072,,,
1786043880257640264,1786043880.256878133,/novatel/oem7/odom,/novatel/oem7/fix,/novatel/oem7/odom,39.663,-75.756,-1.800274683,0.001941437,0.000978072,-0.001654570,-0.001015665,0.000978072,,,
1786043880266222008,1786043880.265251638,/novatel/oem7/inspva,/novatel/oem7/inspva,/novatel/oem7/inspva,39.663,-75.756,-1.800290866,0.001601435,0.000529810,-0.000542679,-0.001506683,0.000529810,,novatel_oem7_msgs.msg.InertialSolutionStatus(status=3),
1786043880268157671,1786043880.265580575,/novatel/oem7/fix,/novatel/oem7/fix,/novatel/oem7/inspva,39.663,-75.756,-1.800290866,0.001601435,0.000529810,-0.000542679,-0.001506683,0.000529810,,0,
1786043880269725650,1786043880.266321845,/novatel/oem7/odom,/novatel/oem7/fix,/novatel/oem7/odom,39.663,-75.756,-1.800290866,0.001603756,0.000522741,-0.001535862,-0.000461695,0.000522741,,,
1786043880276481243,1786043880.275578203,/novatel/oem7/odom,/novatel/oem7/fix,/novatel/oem7/odom,39.663,-75.756,-1.800290866,0.001603756,0.000522741,-0.001535862,-0.000461695,0.000522741,,,
1786043880287303729,1786043880.285946195,/novatel/oem7/inspva,/novatel/oem7/inspva,/novatel/oem7/inspva,39.663,-75.756,-1.800294702,0.001946650,0.001039502,-0.000704462,-0.001814712,0.001039502,,novatel_oem7_msgs.msg.InertialSolutionStatus(status=3),
1786043880289151002,1786043880.286316919,/novatel/oem7/fix,/novatel/oem7/fix,/novatel/oem7/inspva,39.663,-75.756,-1.800294702,0.001946650,0.001039502,-0.000704462,-0.001814712,0.001039502,,0,
1786043880290215479,1786043880.286830501,/novatel/oem7/odom,/novatel/oem7/fix,/novatel/oem7/odom,39.663,-75.756,-1.800294702,0.001951254,0.001030835,-0.001854119,-0.000607974,0.001030835,,,
1786043880295259847,1786043880.294600497,/novatel/oem7/odom,/novatel/oem7/fix,/novatel/oem7/odom,39.663,-75.756,-1.800294702,0.001951254,0.001030835,-0.001854119,-0.000607974,0.001030835,,,
1786043880306451171,1786043880.305770264,/novatel/oem7/inspva,/novatel/oem7/inspva,/novatel/oem7/inspva,39.663,-75.756,-1.800310577,0.001570646,0.000872831,-0.000417071,-0.001514259,0.000872831,,novatel_oem7_msgs.msg.InertialSolutionStatus(status=3),
1786043880307828968,1786043880.305973930,/novatel/oem7/fix,/novatel/oem7/fix,/novatel/oem7/inspva,39.663,-75.756,-1.800310577,0.001570646,0.000872831,-0.000417071,-0.001514259,0.000872831,,0,
1786043880308845936,1786043880.306502062,/novatel/oem7/odom,/novatel/oem7/fix,/novatel/oem7/odom,39.663,-75.756,-1.800310577,0.001574352,0.000866129,-0.001537898,-0.000336832,0.000866129,,,
1786043880310330154,1786043880.309076478,/novatel/oem7/bestpos,/novatel/oem7/bestpos,/novatel/oem7/odom,39.663,-75.756,33.181957498,0.001574352,0.000866129,-0.001537898,-0.000336832,0.000866129,,novatel_oem7_msgs.msg.SolutionStatus(status=0),novatel_oem7_msgs.msg.PositionOrVelocityType(type=53)
1786043880311233020,1786043880.309409385,/novatel/oem7/bestvel,/novatel/oem7/bestpos,/novatel/oem7/bestvel,39.663,-75.756,33.181957498,0.001954652,0.001142698,,,,253.136049222,novatel_oem7_msgs.msg.SolutionStatus(status=0),novatel_oem7_msgs.msg.PositionOrVelocityType(type=53)
1786043880316397846,1786043880.315400769,/novatel/oem7/odom,/novatel/oem7/bestpos,/novatel/oem7/odom,39.663,-75.756,33.181957498,0.001574352,0.000866129,-0.001537898,-0.000336832,0.000866129,,,
1786043880325871189,1786043880.325211113,/novatel/oem7/inspva,/novatel/oem7/inspva,/novatel/oem7/inspva,39.663,-75.756,-1.800323769,0.001659046,0.000362924,-0.000527785,-0.001572856,0.000362924,,novatel_oem7_msgs.msg.InertialSolutionStatus(status=3),
1786043880327243786,1786043880.325408968,/novatel/oem7/fix,/novatel/oem7/fix,/novatel/oem7/inspva,39.663,-75.756,-1.800323769,0.001659046,0.000362924,-0.000527785,-0.001572856,0.000362924,,0,
1786043880328260431,1786043880.326004808,/novatel/oem7/odom,/novatel/oem7/fix,/novatel/oem7/odom,39.663,-75.756,-1.800323769,0.001660616,0.000355669,-0.001600515,-0.000442719,0.000355669,,,
1786043880336125684,1786043880.335390630,/novatel/oem7/odom,/novatel/oem7/fix,/novatel/oem7/odom,39.663,-75.756,-1.800323769,0.001660616,0.000355669,-0.001600515,-0.000442719,0.000355669,,,
1786043880345567225,1786043880.345161273,/novatel/oem7/inspva,/novatel/oem7/inspva,/novatel/oem7/inspva,39.663,-75.756,-1.800337273,0.001410381,0.000471969,-0.000448711,-0.001337098,0.000471969,,novatel_oem7_msgs.msg.InertialSolutionStatus(status=3),
1786043880346105633,1786043880.345355875,/novatel/oem7/fix,/novatel/oem7/fix,/novatel/oem7/inspva,39.663,-75.756,-1.800337273,0.001410381,0.000471969,-0.000448711,-0.001337098,0.000471969,,0,
1786043880346535392,1786043880.345672794,/novatel/oem7/odom,/novatel/oem7/fix,/novatel/oem7/odom,39.663,-75.756,-1.800337273,0.001412431,0.000465796,-0.001361221,-0.000376880,0.000465796,,,
1786043880356436362,1786043880.355777784,/novatel/oem7/odom,/novatel/oem7/fix,/novatel/oem7/odom,39.663,-75.756,-1.800337273,0.001412431,0.000465796,-0.001361221,-0.000376880,0.000465796,,,
1786043880366723545,1786043880.366266554,/novatel/oem7/inspva,/novatel/oem7/inspva,/novatel/oem7/inspva,39.663,-75.756,-1.800343857,0.001639949,0.000883573,-0.000689162,-0.001488116,0.000883573,,novatel_oem7_msgs.msg.InertialSolutionStatus(status=3),
1786043880367646143,1786043880.366608788,/novatel/oem7/fix,/novatel/oem7/fix,/novatel/oem7/inspva,39.663,-75.756,-1.800343857,0.001639949,0.000883573,-0.000689162,-0.001488116,0.000883573,,0,
1786043880368247864,1786043880.367229974,/novatel/oem7/odom,/novatel/oem7/fix,/novatel/oem7/odom,39.663,-75.756,-1.800343857,0.001643937,0.000876130,-0.001526590,-0.000609960,0.000876130,,,
1786043880375557678,1786043880.375056737,/novatel/oem7/odom,/novatel/oem7/fix,/novatel/oem7/odom,39.663,-75.756,-1.800343857,0.001643937,0.000876130,-0.001526590,-0.000609960,0.000876130,,,
1786043880385425854,1786043880.384878111,/novatel/oem7/inspva,/novatel/oem7/inspva,/novatel/oem7/inspva,39.663,-75.756,-1.800359147,0.001361711,0.000687359,-0.000586956,-0.001228714,0.000687359,,novatel_oem7_msgs.msg.InertialSolutionStatus(status=3),
1786043880386225541,1786043880.385098066,/novatel/oem7/fix,/novatel/oem7/fix,/novatel/oem7/inspva,39.663,-75.756,-1.800359147,0.001361711,0.000687359,-0.000586956,-0.001228714,0.000687359,,0,
1786043880386696937,1786043880.385635615,/novatel/oem7/odom,/novatel/oem7/fix,/novatel/oem7/odom,39.663,-75.756,-1.800359147,0.001364830,0.000681145,-0.001261302,-0.000521418,0.000681145,,,
1786043880395709084,1786043880.395377085,/novatel/oem7/odom,/novatel/oem7/fix,/novatel/oem7/odom,39.663,-75.756,-1.800359147,0.001364830,0.000681145,-0.001261302,-0.000521418,0.000681145,,,
1786043880406897043,1786043880.406418217,/novatel/oem7/inspva,/novatel/oem7/inspva,/novatel/oem7/inspva,39.663,-75.756,-1.800370277,0.001575180,0.000465675,-0.000323722,-0.001541556,0.000465675,,novatel_oem7_msgs.msg.InertialSolutionStatus(status=3),
1786043880407500357,1786043880.406618762,/novatel/oem7/fix,/novatel/oem7/fix,/novatel/oem7/inspva,39.663,-75.756,-1.800370277,0.001575180,0.000465675,-0.000323722,-0.001541556,0.000465675,,0,
1786043880408121238,1786043880.406995629,/novatel/oem7/odom,/novatel/oem7/fix,/novatel/oem7/odom,39.663,-75.756,-1.800370277,0.001577098,0.000459136,-0.001558582,-0.000240961,0.000459136,,,
1786043880410474259,1786043880.409867959,/novatel/oem7/bestpos,/novatel/oem7/bestpos,/novatel/oem7/odom,39.663,-75.756,33.181893561,0.001577098,0.000459136,-0.001558582,-0.000240961,0.000459136,,novatel_oem7_msgs.msg.SolutionStatus(status=0),novatel_oem7_msgs.msg.PositionOrVelocityType(type=53)
1786043880412307447,1786043880.410372548,/novatel/oem7/bestvel,/novatel/oem7/bestpos,/novatel/oem7/bestvel,39.663,-75.756,33.181893561,0.001374444,0.000341275,,,,258.122645360,novatel_oem7_msgs.msg.SolutionStatus(status=0),novatel_oem7_msgs.msg.PositionOrVelocityType(type=53)
1786043880415380559,1786043880.414554023,/novatel/oem7/odom,/novatel/oem7/bestpos,/novatel/oem7/odom,39.663,-75.756,33.181893561,0.001577098,0.000459136,-0.001558582,-0.000240961,0.000459136,,,
1786043880426373794,1786043880.425876189,/novatel/oem7/inspva,/novatel/oem7/inspva,/novatel/oem7/inspva,39.663,-75.756,-1.800382336,0.001394450,0.000624032,-0.000218452,-0.001377233,0.000624032,,novatel_oem7_msgs.msg.InertialSolutionStatus(status=3),
1786043880427651130,1786043880.426050381,/novatel/oem7/fix,/novatel/oem7/fix,/novatel/oem7/inspva,39.663,-75.756,-1.800382336,0.001394450,0.000624032,-0.000218452,-0.001377233,0.000624032,,0,
1786043880428644314,1786043880.426406374,/novatel/oem7/odom,/novatel/oem7/fix,/novatel/oem7/odom,39.663,-75.756,-1.800382336,0.001396952,0.000618411,-0.001389384,-0.000145214,0.000618411,,,
1786043880435284935,1786043880.434600248,/novatel/oem7/odom,/novatel/oem7/fix,/novatel/oem7/odom,39.663,-75.756,-1.800382336,0.001396952,0.000618411,-0.001389384,-0.000145214,0.000618411,,,
1786043880445733784,1786043880.445184606,/novatel/oem7/inspva,/novatel/oem7/inspva,/novatel/oem7/inspva,39.663,-75.756,-1.800393879,0.001549562,0.000488856,-0.000047008,-0.001548849,0.000488856,,novatel_oem7_msgs.msg.InertialSolutionStatus(status=3),
1786043880447012261,1786043880.445382341,/novatel/oem7/fix,/novatel/oem7/fix,/novatel/oem7/inspva,39.663,-75.756,-1.800393879,0.001549562,0.000488856,-0.000047008,-0.001548849,0.000488856,,0,
1786043880448022805,1786043880.445904880,/novatel/oem7/odom,/novatel/oem7/fix,/novatel/oem7/odom,39.663,-75.756,-1.800393879,0.001551360,0.000483122,-0.001550949,0.000035670,0.000483122,,,
1786043880457596699,1786043880.456624392,/novatel/oem7/odom,/novatel/oem7/fix,/novatel/oem7/odom,39.663,-75.756,-1.800393879,0.001551360,0.000483122,-0.001550949,0.000035670,0.000483122,,,
1786043880465937940,1786043880.465219220,/novatel/oem7/inspva,/novatel/oem7/inspva,/novatel/oem7/inspva,39.663,-75.756,-1.800409268,0.001563823,0.000383194,0.000012070,-0.001563777,0.000383194,,novatel_oem7_msgs.msg.InertialSolutionStatus(status=3),
1786043880467752026,1786043880.465476799,/novatel/oem7/fix,/novatel/oem7/fix,/novatel/oem7/inspva,39.663,-75.756,-1.800409268,0.001563823,0.000383194,0.000012070,-0.001563777,0.000383194,,0,
1786043880469290931,1786043880.466250231,/novatel/oem7/odom,/novatel/oem7/fix,/novatel/oem7/odom,39.663,-75.756,-1.800409268,0.001565185,0.000377595,-0.001562253,0.000095759,0.000377595,,,
1786043880474918626,1786043880.474293570,/novatel/oem7/odom,/novatel/oem7/fix,/novatel/oem7/odom,39.663,-75.756,-1.800409268,0.001565185,0.000377595,-0.001562253,0.000095759,0.000377595,,,
1786043880485731382,1786043880.484997682,/novatel/oem7/inspva,/novatel/oem7/inspva,/novatel/oem7/inspva,39.663,-75.756,-1.800418030,0.001666450,0.000731727,-0.000157530,-0.001658988,0.000731727,,novatel_oem7_msgs.msg.InertialSolutionStatus(status=3),
1786043880487205567,1786043880.485238424,/novatel/oem7/fix,/novatel/oem7/fix,/novatel/oem7/inspva,39.663,-75.756,-1.800418030,0.001666450,0.000731727,-0.000157530,-0.001658988,0.000731727,,0,
1786043880488259405,1786043880.485783547,/novatel/oem7/odom,/novatel/oem7/fix,/novatel/oem7/odom,39.663,-75.756,-1.800418030,0.001669270,0.000725271,-0.001667825,-0.000069430,0.000725271,,,
1786043880495560603,1786043880.494913156,/novatel/oem7/odom,/novatel/oem7/fix,/novatel/oem7/odom,39.663,-75.756,-1.800418030,0.001669270,0.000725271,-0.001667825,-0.000069430,0.000725271,,,
1786043880506403940,1786043880.505859401,/novatel/oem7/inspva,/novatel/oem7/inspva,/novatel/oem7/inspva,39.663,-75.756,-1.800436252,0.001672479,0.000568536,-0.000250486,-0.001653615,0.000568536,,novatel_oem7_msgs.msg.InertialSolutionStatus(status=3),
1786043880507726340,1786043880.506042700,/novatel/oem7/fix,/novatel/oem7/fix,/novatel/oem7/inspva,39.663,-75.756,-1.800436252,0.001672479,0.000568536,-0.000250486,-0.001653615,0.000568536,,0,
1786043880508743291,1786043880.506588019,/novatel/oem7/odom,/novatel/oem7/fix,/novatel/oem7/odom,39.663,-75.756,-1.800436252,0.001674755,0.000561795,-0.001666896,-0.000162057,0.000561795,,,
1786043880511552626,1786043880.510921243,/novatel/oem7/bestpos,/novatel/oem7/bestpos,/novatel/oem7/odom,39.663,-75.756,33.181830591,0.001674755,0.000561795,-0.001666896,-0.000162057,0.000561795,,novatel_oem7_msgs.msg.SolutionStatus(status=0),novatel_oem7_msgs.msg.PositionOrVelocityType(type=53)
1786043880513339471,1786043880.511284323,/novatel/oem7/bestvel,/novatel/oem7/bestpos,/novatel/oem7/bestvel,39.663,-75.756,33.181830591,0.001541424,0.000508375,,,,260.061092476,novatel_oem7_msgs.msg.SolutionStatus(status=0),novatel_oem7_msgs.msg.PositionOrVelocityType(type=53)
1786043880515473653,1786043880.514442332,/novatel/oem7/odom,/novatel/oem7/bestpos,/novatel/oem7/odom,39.663,-75.756,33.181830591,0.001674755,0.000561795,-0.001666896,-0.000162057,0.000561795,,,
1786043880526949260,1786043880.526462975,/novatel/oem7/inspva,/novatel/oem7/inspva,/novatel/oem7/inspva,39.663,-75.756,-1.800452840,0.001880177,0.000019975,0.000196442,-0.001869887,0.000019975,,novatel_oem7_msgs.msg.InertialSolutionStatus(status=3),
1786043880528203645,1786043880.526609223,/novatel/oem7/fix,/novatel/oem7/fix,/novatel/oem7/inspva,39.663,-75.756,-1.800452840,0.001880177,0.000019975,0.000196442,-0.001869887,0.000019975,,0,
1786043880529191769,1786043880.527016263,/novatel/oem7/odom,/novatel/oem7/fix,/novatel/oem7/odom,39.663,-75.756,-1.800452840,0.001880232,0.000013823,-0.001856548,0.000297493,0.000013823,,,
1786043880535282414,1786043880.534605395,/novatel/oem7/odom,/novatel/oem7/fix,/novatel/oem7/odom,39.663,-75.756,-1.800452840,0.001880232,0.000013823,-0.001856548,0.000297493,0.000013823,,,
1786043880545539959,1786043880.544982327,/novatel/oem7/inspva,/novatel/oem7/inspva,/novatel/oem7/inspva,39.663,-75.756,-1.800468159,0.001584704,0.000438941,-0.000113055,-0.001580666,0.000438941,,novatel_oem7_msgs.msg.InertialSolutionStatus(status=3),
1786043880546845596,1786043880.545153528,/novatel/oem7/fix,/novatel/oem7/fix,/novatel/oem7/inspva,39.663,-75.756,-1.800468159,0.001584704,0.000438941,-0.000113055,-0.001580666,0.000438941,,0,
1786043880548176223,1786043880.545597060,/novatel/oem7/odom,/novatel/oem7/fix,/novatel/oem7/odom,39.663,-75.756,-1.800468159,0.001586370,0.000432881,-0.001586115,-0.000028406,0.000432881,,,
1786043880557054170,1786043880.556062806,/novatel/oem7/odom,/novatel/oem7/fix,/novatel/oem7/odom,39.663,-75.756,-1.800468159,0.001586370,0.000432881,-0.001586115,-0.000028406,0.000432881,,,
1786043880565876440,1786043880.565094396,/novatel/oem7/inspva,/novatel/oem7/inspva,/novatel/oem7/inspva,39.663,-75.756,-1.800480377,0.001641398,0.000468586,0.000090332,-0.001638911,0.000468586,,novatel_oem7_msgs.msg.InertialSolutionStatus(status=3),
1786043880567721229,1786043880.565335644,/novatel/oem7/fix,/novatel/oem7/fix,/novatel/oem7/inspva,39.663,-75.756,-1.800480377,0.001641398,0.000468586,0.000090332,-0.001638911,0.000468586,,0,
1786043880569180630,1786043880.565962878,/novatel/oem7/odom,/novatel/oem7/fix,/novatel/oem7/odom,39.663,-75.756,-1.800480377,0.001642999,0.000462941,-0.001633355,0.000177754,0.000462941,,,
1786043880575853225,1786043880.575064167,/novatel/oem7/odom,/novatel/oem7/fix,/novatel/oem7/odom,39.663,-75.756,-1.800480377,0.001642999,0.000462941,-0.001633355,0.000177754,0.000462941,,,
1786043880586056679,1786043880.585465853,/novatel/oem7/inspva,/novatel/oem7/inspva,/novatel/oem7/inspva,39.663,-75.756,-1.800495400,0.001433350,0.000704372,0.000107267,-0.001429330,0.000704372,,novatel_oem7_msgs.msg.InertialSolutionStatus(status=3),
1786043880587400443,1786043880.585641465,/novatel/oem7/fix,/novatel/oem7/fix,/novatel/oem7/inspva,39.663,-75.756,-1.800495400,0.001433350,0.000704372,0.000107267,-0.001429330,0.000704372,,0,
1786043880588415043,1786043880.586109356,/novatel/oem7/odom,/novatel/oem7/fix,/novatel/oem7/odom,39.663,-75.756,-1.800495400,0.001435715,0.000699538,-0.001424051,0.000182631,0.000699538,,,
1786043880595067617,1786043880.594448958,/novatel/oem7/odom,/novatel/oem7/fix,/novatel/oem7/odom,39.663,-75.756,-1.800495400,0.001435715,0.000699538,-0.001424051,0.000182631,0.000699538,,,
1786043880606389937,1786043880.605812117,/novatel/oem7/inspva,/novatel/oem7/inspva,/novatel/oem7/inspva,39.663,-75.756,-1.800510812,0.001237137,0.000125761,-0.000164831,-0.001226107,0.000125761,,novatel_oem7_msgs.msg.InertialSolutionStatus(status=3),
1786043880607716366,1786043880.606002983,/novatel/oem7/fix,/novatel/oem7/fix,/novatel/oem7/inspva,39.663,-75.756,-1.800510812,0.001237137,0.000125761,-0.000164831,-0.001226107,0.000125761,,0,
1786043880608752101,1786043880.606836341,/novatel/oem7/odom,/novatel/oem7/fix,/novatel/oem7/odom,39.663,-75.756,-1.800510812,0.001237627,0.000120839,-0.001233706,-0.000098441,0.000120839,,,
1786043880610745864,1786043880.610150908,/novatel/oem7/bestpos,/novatel/oem7/bestpos,/novatel/oem7/odom,39.663,-75.756,33.181765535,0.001237627,0.000120839,-0.001233706,-0.000098441,0.000120839,,novatel_oem7_msgs.msg.SolutionStatus(status=0),novatel_oem7_msgs.msg.PositionOrVelocityType(type=53)
1786043880612080931,1786043880.610522109,/novatel/oem7/bestvel,/novatel/oem7/bestpos,/novatel/oem7/bestvel,39.663,-75.756,33.181765535,0.001190361,0.000212434,,,,249.965151991,novatel_oem7_msgs.msg.SolutionStatus(status=0),novatel_oem7_msgs.msg.PositionOrVelocityType(type=53)
1786043880617022358,1786043880.615679614,/novatel/oem7/odom,/novatel/oem7/bestpos,/novatel/oem7/odom,39.663,-75.756,33.181765535,0.001237627,0.000120839,-0.001233706,-0.000098441,0.000120839,,,
1786043880625776677,1786043880.625038970,/novatel/oem7/inspva,/novatel/oem7/inspva,/novatel/oem7/inspva,39.663,-75.756,-1.800525687,0.001120961,0.000326770,-0.000178473,-0.001106662,0.000326770,,novatel_oem7_msgs.msg.InertialSolutionStatus(status=3),
1786043880627504388,1786043880.625320690,/novatel/oem7/fix,/novatel/oem7/fix,/novatel/oem7/inspva,39.663,-75.756,-1.800525687,0.001120961,0.000326770,-0.000178473,-0.001106662,0.000326770,,0,
1786043880628971757,1786043880.625953696,/novatel/oem7/odom,/novatel/oem7/fix,/novatel/oem7/odom,39.663,-75.756,-1.800525687,0.001122273,0.000322235,-0.001115935,-0.000119102,0.000322235,,,
1786043880635464589,1786043880.634587277,/novatel/oem7/odom,/novatel/oem7/fix,/novatel/oem7/odom,39.663,-75.756,-1.800525687,0.001122273,0.000322235,-0.001115935,-0.000119102,0.000322235,,,
1786043880647404571,1786043880.646680611,/novatel/oem7/inspva,/novatel/oem7/inspva,/novatel/oem7/inspva,39.663,-75.756,-1.800537902,0.001474775,0.000278481,0.000250436,-0.001453355,0.000278481,,novatel_oem7_msgs.msg.InertialSolutionStatus(status=3),
1786043880648944921,1786043880.646903473,/novatel/oem7/fix,/novatel/oem7/fix,/novatel/oem7/inspva,39.663,-75.756,-1.800537902,0.001474775,0.000278481,0.000250436,-0.001453355,0.000278481,,0,
1786043880650064278,1786043880.647215553,/novatel/oem7/odom,/novatel/oem7/fix,/novatel/oem7/odom,39.663,-75.756,-1.800537902,0.001475615,0.000273994,-0.001438674,0.000328112,0.000273994,,,
1786043880657580732,1786043880.656643349,/novatel/oem7/odom,/novatel/oem7/fix,/novatel/oem7/odom,39.663,-75.756,-1.800537902,0.001475615,0.000273994,-0.001438674,0.000328112,0.000273994,,,
1786043880665756252,1786043880.665067818,/novatel/oem7/inspva,/novatel/oem7/inspva,/novatel/oem7/inspva,39.663,-75.756,-1.800557561,0.001453884,-0.000051534,0.000283464,-0.001425983,-0.000051534,,novatel_oem7_msgs.msg.InertialSolutionStatus(status=3),
1786043880667527646,1786043880.665316364,/novatel/oem7/fix,/novatel/oem7/fix,/novatel/oem7/inspva,39.663,-75.756,-1.800557561,0.001453884,-0.000051534,0.000283464,-0.001425983,-0.000051534,,0,
1786043880668991428,1786043880.665831646,/novatel/oem7/odom,/novatel/oem7/fix,/novatel/oem7/odom,39.663,-75.756,-1.800557561,0.001453726,-0.000055817,-0.001408302,0.000360561,-0.000055817,,,
1786043880675455051,1786043880.674831654,/novatel/oem7/odom,/novatel/oem7/fix,/novatel/oem7/odom,39.663,-75.756,-1.800557561,0.001453726,-0.000055817,-0.001408302,0.000360561,-0.000055817,,,
1786043880686133246,1786043880.685387328,/novatel/oem7/inspva,/novatel/oem7/inspva,/novatel/oem7/inspva,39.663,-75.756,-1.800566909,0.001228387,0.000518018,0.000402600,-0.001160538,0.000518018,,novatel_oem7_msgs.msg.InertialSolutionStatus(status=3),
1786043880687613011,1786043880.685658491,/novatel/oem7/fix,/novatel/oem7/fix,/novatel/oem7/inspva,39.663,-75.756,-1.800566909,0.001228387,0.000518018,0.000402600,-0.001160538,0.000518018,,0,
1786043880688678522,1786043880.686162920,/novatel/oem7/odom,/novatel/oem7/fix,/novatel/oem7/odom,39.663,-75.756,-1.800566909,0.001229636,0.000515046,-0.001138939,0.000463491,0.000515046,,,
1786043880695660870,1786043880.695022263,/novatel/oem7/odom,/novatel/oem7/fix,/novatel/oem7/odom,39.663,-75.756,-1.800566909,0.001229636,0.000515046,-0.001138939,0.000463491,0.000515046,,,
1786043880706771813,1786043880.706166327,/novatel/oem7/inspva,/novatel/oem7/inspva,/novatel/oem7/inspva,39.663,-75.756,-1.800588067,0.001127242,0.000162087,0.000432383,-0.001041019,0.000162087,,novatel_oem7_msgs.msg.InertialSolutionStatus(status=3),
1786043880708108250,1786043880.706350446,/novatel/oem7/fix,/novatel/oem7/fix,/novatel/oem7/inspva,39.663,-75.756,-1.800588067,0.001127242,0.000162087,0.000432383,-0.001041019,0.000162087,,0,
1786043880709139694,1786043880.706729720,/novatel/oem7/odom,/novatel/oem7/fix,/novatel/oem7/odom,39.663,-75.756,-1.800588067,0.001127591,0.000159644,-0.001016633,0.000487768,0.000159644,,,
1786043880710559075,1786043880.709437390,/novatel/oem7/bestpos,/novatel/oem7/bestpos,/novatel/oem7/odom,39.663,-75.756,33.181687954,0.001127591,0.000159644,-0.001016633,0.000487768,0.000159644,,novatel_oem7_msgs.msg.SolutionStatus(status=0),novatel_oem7_msgs.msg.PositionOrVelocityType(type=53)
1786043880711905139,1786043880.710176258,/novatel/oem7/bestvel,/novatel/oem7/bestpos,/novatel/oem7/bestvel,39.663,-75.756,33.181687954,0.001290894,-0.000061205,,,,307.978096472,novatel_oem7_msgs.msg.SolutionStatus(status=0),novatel_oem7_msgs.msg.PositionOrVelocityType(type=53)
1786043880715051554,1786043880.714385588,/novatel/oem7/odom,/novatel/oem7/bestpos,/novatel/oem7/odom,39.663,-75.756,33.181687954,0.001127591,0.000159644,-0.001016633,0.000487768,0.000159644,,,
1786043880725821937,1786043880.725110380,/novatel/oem7/inspva,/novatel/oem7/inspva,/novatel/oem7/inspva,39.663,-75.756,-1.800603560,0.001258793,0.000048459,0.000641981,-0.001082784,0.000048459,,novatel_oem7_msgs.msg.InertialSolutionStatus(status=3),
1786043880727526148,1786043880.725456477,/novatel/oem7/fix,/novatel/oem7/fix,/novatel/oem7/inspva,39.663,-75.756,-1.800603560,0.001258793,0.000048459,0.000641981,-0.001082784,0.000048459,,0,
1786043880728830298,1786043880.725783930,/novatel/oem7/odom,/novatel/oem7/fix,/novatel/oem7/odom,39.663,-75.756,-1.800603560,0.001258867,0.000046508,-0.001046540,0.000699643,0.000046508,,,
1786043880736217287,1786043880.735603377,/novatel/oem7/odom,/novatel/oem7/fix,/novatel/oem7/odom,39.663,-75.756,-1.800603560,0.001258867,0.000046508,-0.001046540,0.000699643,0.000046508,,,
1786043880745818294,1786043880.745053477,/novatel/oem7/inspva,/novatel/oem7/inspva,/novatel/oem7/inspva,39.663,-75.756,-1.800627683,0.001022378,-0.000530276,0.000551940,-0.000860593,-0.000530276,,novatel_oem7_msgs.msg.InertialSolutionStatus(status=3),
1786043880747582326,1786043880.745296559,/novatel/oem7/fix,/novatel/oem7/fix,/novatel/oem7/inspva,39.663,-75.756,-1.800627683,0.001022378,-0.000530276,0.000551940,-0.000860593,-0.000530276,,0,
1786043880748973867,1786043880.745668000,/novatel/oem7/odom,/novatel/oem7/fix,/novatel/oem7/odom,39.663,-75.756,-1.800627683,0.001021639,-0.000531700,-0.000827366,0.000599342,-0.000531700,,,
1786043880756686805,1786043880.755734712,/novatel/oem7/odom,/novatel/oem7/fix,/novatel/oem7/odom,39.663,-75.756,-1.800627683,0.001021639,-0.000531700,-0.000827366,0.000599342,-0.000531700,,,
1786043880767327034,1786043880.766544706,/novatel/oem7/inspva,/novatel/oem7/inspva,/novatel/oem7/inspva,39.663,-75.756,-1.800639405,0.001349413,0.000288132,0.000845600,-0.001051607,0.000288132,,novatel_oem7_msgs.msg.InertialSolutionStatus(status=3),
1786043880769102742,1786043880.766825455,/novatel/oem7/fix,/novatel/oem7/fix,/novatel/oem7/inspva,39.663,-75.756,-1.800639405,0.001349413,0.000288132,0.000845600,-0.001051607,0.000288132,,0,
1786043880770584957,1786043880.767274757,/novatel/oem7/odom,/novatel/oem7/fix,/novatel/oem7/odom,39.663,-75.756,-1.800639405,0.001349677,0.000286892,-0.001005267,0.000900593,0.000286892,,,
1786043880775703456,1786043880.774930348,/novatel/oem7/odom,/novatel/oem7/fix,/novatel/oem7/odom,39.663,-75.756,-1.800639405,0.001349677,0.000286892,-0.001005267,0.000900593,0.000286892,,,
1786043880786019034,1786043880.785090085,/novatel/oem7/inspva,/novatel/oem7/inspva,/novatel/oem7/inspva,39.663,-75.756,-1.800666092,0.001249895,-0.000168344,0.000784621,-0.000972937,-0.000168344,,novatel_oem7_msgs.msg.InertialSolutionStatus(status=3),
1786043880787946544,1786043880.785375648,/novatel/oem7/fix,/novatel/oem7/fix,/novatel/oem7/inspva,39.663,-75.756,-1.800666092,0.001249895,-0.000168344,0.000784621,-0.000972937,-0.000168344,,0,
1786043880789312512,1786043880.786033694,/novatel/oem7/odom,/novatel/oem7/fix,/novatel/oem7/odom,39.663,-75.756,-1.800666092,0.001249742,-0.000169477,-0.000928286,0.000836743,-0.000169477,,,
1786043880795283433,1786043880.794523036,/novatel/oem7/odom,/novatel/oem7/fix,/novatel/oem7/odom,39.663,-75.756,-1.800666092,0.001249742,-0.000169477,-0.000928286,0.000836743,-0.000169477,,,
1786043880807263231,1786043880.806553641,/novatel/oem7/inspva,/novatel/oem7/inspva,/novatel/oem7/inspva,39.663,-75.756,-1.800681693,0.001310031,-0.000076773,0.001025684,-0.000814957,-0.000076773,,novatel_oem7_msgs.msg.InertialSolutionStatus(status=3),
1786043880808724343,1786043880.806878431,/novatel/oem7/fix,/novatel/oem7/fix,/novatel/oem7/inspva,39.663,-75.756,-1.800681693,0.001310031,-0.000076773,0.001025684,-0.000814957,-0.000076773,,0,
1786043880809872274,1786043880.807263275,/novatel/oem7/odom,/novatel/oem7/fix,/novatel/oem7/odom,39.663,-75.756,-1.800681693,0.001310041,-0.000076598,-0.000757796,0.001068622,-0.000076598,,,
1786043880811363313,1786043880.810284929,/novatel/oem7/bestpos,/novatel/oem7/bestpos,/novatel/oem7/odom,39.663,-75.756,33.181584113,0.001310041,-0.000076598,-0.000757796,0.001068622,-0.000076598,,novatel_oem7_msgs.msg.SolutionStatus(status=0),novatel_oem7_msgs.msg.PositionOrVelocityType(type=53)
1786043880812445747,1786043880.810673786,/novatel/oem7/bestvel,/novatel/oem7/bestpos,/novatel/oem7/bestvel,39.663,-75.756,33.181584113,0.001498608,-0.000411005,,,,337.567226425,novatel_oem7_msgs.msg.SolutionStatus(status=0),novatel_oem7_msgs.msg.PositionOrVelocityType(type=53)
1786043880815926686,1786043880.815109811,/novatel/oem7/odom,/novatel/oem7/bestpos,/novatel/oem7/odom,39.663,-75.756,33.181584113,0.001310041,-0.000076598,-0.000757796,0.001068622,-0.000076598,,,
1786043880826869818,1786043880.826197801,/novatel/oem7/inspva,/novatel/oem7/inspva,/novatel/oem7/inspva,39.663,-75.756,-1.800704710,0.001245528,-0.000066594,0.000959731,-0.000793887,-0.000066594,,novatel_oem7_msgs.msg.InertialSolutionStatus(status=3),
1786043880828613042,1786043880.826538627,/novatel/oem7/fix,/novatel/oem7/fix,/novatel/oem7/inspva,39.663,-75.756,-1.800704710,0.001245528,-0.000066594,0.000959731,-0.000793887,-0.000066594,,0,
1786043880829898859,1786043880.826979861,/novatel/oem7/odom,/novatel/oem7/fix,/novatel/oem7/odom,39.663,-75.756,-1.800704710,0.001245530,-0.000066552,-0.000740371,0.001001597,-0.000066552,,,
1786043880835385915,1786043880.834771638,/novatel/oem7/odom,/novatel/oem7/fix,/novatel/oem7/odom,39.663,-75.756,-1.800704710,0.001245530,-0.000066552,-0.000740371,0.001001597,-0.000066552,,,
1786043880846169148,1786043880.844917211,/novatel/oem7/inspva,/novatel/oem7/inspva,/novatel/oem7/inspva,39.663,-75.756,-1.800723152,0.001159406,-0.000194166,0.000946342,-0.000669820,-0.000194166,,novatel_oem7_msgs.msg.InertialSolutionStatus(status=3),
1786043880847920985,1786043880.845142479,/novatel/oem7/fix,/novatel/oem7/fix,/novatel/oem7/inspva,39.663,-75.756,-1.800723152,0.001159406,-0.000194166,0.000946342,-0.000669820,-0.000194166,,0,
1786043880849389370,1786043880.845656259,/novatel/oem7/odom,/novatel/oem7/fix,/novatel/oem7/odom,39.663,-75.756,-1.800723152,0.001159482,-0.000193712,-0.000616725,0.000981859,-0.000193712,,,
1786043880857143970,1786043880.856293958,/novatel/oem7/odom,/novatel/oem7/fix,/novatel/oem7/odom,39.663,-75.756,-1.800723152,0.001159482,-0.000193712,-0.000616725,0.000981859,-0.000193712,,,
1786043880865677333,1786043880.865013458,/novatel/oem7/inspva,/novatel/oem7/inspva,/novatel/oem7/inspva,39.663,-75.756,-1.800744983,0.001409908,-0.000370377,0.001103244,-0.000877891,-0.000370377,,novatel_oem7_msgs.msg.InertialSolutionStatus(status=3),
1786043880867399621,1786043880.865139083,/novatel/oem7/fix,/novatel/oem7/fix,/novatel/oem7/inspva,39.663,-75.756,-1.800744983,0.001409908,-0.000370377,0.001103244,-0.000877891,-0.000370377,,0,
1786043880868662551,1786043880.865607116,/novatel/oem7/odom,/novatel/oem7/fix,/novatel/oem7/odom,39.663,-75.756,-1.800744983,0.001409951,-0.000370211,-0.000815296,0.001150329,-0.000370211,,,
1786043880875685589,1786043880.874485093,/novatel/oem7/odom,/novatel/oem7/fix,/novatel/oem7/odom,39.663,-75.756,-1.800744983,0.001409951,-0.000370211,-0.000815296,0.001150329,-0.000370211,,,
1786043880887034191,1786043880.886477562,/novatel/oem7/inspva,/novatel/oem7/inspva,/novatel/oem7/inspva,39.663,-75.756,-1.800759324,0.001513045,-0.000094362,0.001208745,-0.000910077,-0.000094362,,novatel_oem7_msgs.msg.InertialSolutionStatus(status=3),
1786043880888294937,1786043880.886697121,/novatel/oem7/fix,/novatel/oem7/fix,/novatel/oem7/inspva,39.663,-75.756,-1.800759324,0.001513045,-0.000094362,0.001208745,-0.000910077,-0.000094362,,0,
1786043880889281027,1786043880.886994064,/novatel/oem7/odom,/novatel/oem7/fix,/novatel/oem7/odom,39.663,-75.756,-1.800759324,0.001513068,-0.000093990,-0.000842759,0.001256635,-0.000093990,,,
1786043880895636092,1786043880.895002475,/novatel/oem7/odom,/novatel/oem7/fix,/novatel/oem7/odom,39.663,-75.756,-1.800759324,0.001513068,-0.000093990,-0.000842759,0.001256635,-0.000093990,,,
1786043880906491513,1786043880.905848376,/novatel/oem7/inspva,/novatel/oem7/inspva,/novatel/oem7/inspva,39.663,-75.756,-1.800781150,0.001657438,-0.000007536,0.001271452,-0.001063254,-0.000007536,,novatel_oem7_msgs.msg.InertialSolutionStatus(status=3),
1786043880907950344,1786043880.906045138,/novatel/oem7/fix,/novatel/oem7/fix,/novatel/oem7/inspva,39.663,-75.756,-1.800781150,0.001657438,-0.000007536,0.001271452,-0.001063254,-0.000007536,,0,
1786043880909261981,1786043880.906627418,/novatel/oem7/odom,/novatel/oem7/fix,/novatel/oem7/odom,39.663,-75.756,-1.800781150,0.001657437,-0.000007542,-0.000992636,0.001327318,-0.000007542,,,
1786043880910964402,1786043880.909527707,/novatel/oem7/bestpos,/novatel/oem7/bestpos,/novatel/oem7/odom,39.663,-75.756,33.181489508,0.001657437,-0.000007542,-0.000992636,0.001327318,-0.000007542,,novatel_oem7_msgs.msg.SolutionStatus(status=0),novatel_oem7_msgs.msg.PositionOrVelocityType(type=53)
1786043880912021703,1786043880.910088326,/novatel/oem7/bestvel,/novatel/oem7/bestpos,/novatel/oem7/bestvel,39.663,-75.756,33.181489508,0.001524228,0.000089111,,,,316.157346563,novatel_oem7_msgs.msg.SolutionStatus(status=0),novatel_oem7_msgs.msg.PositionOrVelocityType(type=53)
1786043880916517365,1786043880.915533875,/novatel/oem7/odom,/novatel/oem7/bestpos,/novatel/oem7/odom,39.663,-75.756,33.181489508,0.001657437,-0.000007542,-0.000992636,0.001327318,-0.000007542,,,
1786043880926048702,1786043880.925254761,/novatel/oem7/inspva,/novatel/oem7/inspva,/novatel/oem7/inspva,39.663,-75.756,-1.800799003,0.001602217,-0.000281835,0.001478832,-0.000616567,-0.000281835,,novatel_oem7_msgs.msg.InertialSolutionStatus(status=3),
1786043880927901908,1786043880.925500016,/novatel/oem7/fix,/novatel/oem7/fix,/novatel/oem7/inspva,39.663,-75.756,-1.800799003,0.001602217,-0.000281835,0.001478832,-0.000616567,-0.000281835,,0,
1786043880929173434,1786043880.926285588,/novatel/oem7/odom,/novatel/oem7/fix,/novatel/oem7/odom,39.663,-75.756,-1.800799003,0.001602615,-0.000279562,-0.000534302,0.001510925,-0.000279562,,,
1786043880935683407,1786043880.934834128,/novatel/oem7/odom,/novatel/oem7/fix,/novatel/oem7/odom,39.663,-75.756,-1.800799003,0.001602615,-0.000279562,-0.000534302,0.001510925,-0.000279562,,,
1786043880947018156,1786043880.946070510,/novatel/oem7/inspva,/novatel/oem7/inspva,/novatel/oem7/inspva,39.663,-75.756,-1.800816171,0.001736696,-0.000075564,0.001377689,-0.001057396,-0.000075564,,novatel_oem7_msgs.msg.InertialSolutionStatus(status=3),
1786043880949074337,1786043880.946393699,/novatel/oem7/fix,/novatel/oem7/fix,/novatel/oem7/inspva,39.663,-75.756,-1.800816171,0.001736696,-0.000075564,0.001377689,-0.001057396,-0.000075564,,0,
1786043880950462268,1786043880.947031950,/novatel/oem7/odom,/novatel/oem7/fix,/novatel/oem7/odom,39.663,-75.756,-1.800816171,0.001736711,-0.000075226,-0.000980746,0.001433283,-0.000075226,,,
1786043880957323901,1786043880.956350605,/novatel/oem7/odom,/novatel/oem7/fix,/novatel/oem7/odom,39.663,-75.756,-1.800816171,0.001736711,-0.000075226,-0.000980746,0.001433283,-0.000075226,,,
1786043880966031903,1786043880.965099169,/novatel/oem7/inspva,/novatel/oem7/inspva,/novatel/oem7/inspva,39.663,-75.756,-1.800832090,0.001598550,-0.000133359,0.001417511,-0.000738935,-0.000133359,,novatel_oem7_msgs.msg.InertialSolutionStatus(status=3),
1786043880967914046,1786043880.965996315,/novatel/oem7/fix,/novatel/oem7/fix,/novatel/oem7/inspva,39.663,-75.756,-1.800832090,0.001598550,-0.000133359,0.001417511,-0.000738935,-0.000133359,,0,
1786043880968999164,1786043880.967117961,/novatel/oem7/odom,/novatel/oem7/fix,/novatel/oem7/odom,39.663,-75.756,-1.800832090,0.001598686,-0.000131712,-0.000660373,0.001455921,-0.000131712,,,
1786043880976406799,1786043880.975524883,/novatel/oem7/odom,/novatel/oem7/fix,/novatel/oem7/odom,39.663,-75.756,-1.800832090,0.001598686,-0.000131712,-0.000660373,0.001455921,-0.000131712,,,
1786043880986309613,1786043880.985283292,/novatel/oem7/inspva,/novatel/oem7/inspva,/novatel/oem7/inspva,39.663,-75.756,-1.800851847,0.001644891,-0.000260926,0.001268121,-0.001047633,-0.000260926,,novatel_oem7_msgs.msg.InertialSolutionStatus(status=3),
1786043880988319324,1786043880.986264124,/novatel/oem7/fix,/novatel/oem7/fix,/novatel/oem7/inspva,39.663,-75.756,-1.800851847,0.001644891,-0.000260926,0.001268121,-0.001047633,-0.000260926,,0,
1786043880989646520,1786043880.987357117,/novatel/oem7/odom,/novatel/oem7/fix,/novatel/oem7/odom,39.663,-75.756,-1.800851847,0.001644900,-0.000260871,-0.000976239,0.001323879,-0.000260871,,,
1786043880995471823,1786043880.994645601,/novatel/oem7/odom,/novatel/oem7/fix,/novatel/oem7/odom,39.663,-75.756,-1.800851847,0.001644900,-0.000260871,-0.000976239,0.001323879,-0.000260871,,,
1786043881010783923,1786043881.009768137,/novatel/oem7/inspva,/novatel/oem7/inspva,/novatel/oem7/inspva,39.663,-75.756,-1.800865146,0.001763613,-0.000184991,0.001521132,-0.000892460,-0.000184991,,novatel_oem7_msgs.msg.InertialSolutionStatus(status=3),
1786043881012939008,1786043881.010066521,/novatel/oem7/fix,/novatel/oem7/fix,/novatel/oem7/inspva,39.663,-75.756,-1.800865146,0.001763613,-0.000184991,0.001521132,-0.000892460,-0.000184991,,0,
1786043881014357942,1786043881.011959342,/novatel/oem7/odom,/novatel/oem7/fix,/novatel/oem7/odom,39.663,-75.756,-1.800865146,0.001763760,-0.000183576,-0.000807859,0.001567869,-0.000183576,,,
1786043881017119787,1786043881.016318789,/novatel/oem7/odom,/novatel/oem7/fix,/novatel/oem7/odom,39.663,-75.756,-1.800865146,0.001763760,-0.000183576,-0.000807859,0.001567869,-0.000183576,,,
1786043881026610664,1786043881.025578943,/novatel/oem7/bestpos,/novatel/oem7/bestpos,/novatel/oem7/odom,39.663,-75.756,33.181403965,0.001763760,-0.000183576,-0.000807859,0.001567869,-0.000183576,,novatel_oem7_msgs.msg.SolutionStatus(status=0),novatel_oem7_msgs.msg.PositionOrVelocityType(type=53)
1786043881028485756,1786043881.026643238,/novatel/oem7/bestvel,/novatel/oem7/bestpos,/novatel/oem7/bestvel,39.663,-75.756,33.181403965,0.001963290,0.000118042,,,,316.063894932,novatel_oem7_msgs.msg.SolutionStatus(status=0),novatel_oem7_msgs.msg.PositionOrVelocityType(type=53)
1786043881030260881,1786043881.027658993,/novatel/oem7/inspva,/novatel/oem7/inspva,/novatel/oem7/inspva,39.663,-75.756,-1.800884091,0.001771543,0.000020674,0.001283507,-0.001221054,0.000020674,,novatel_oem7_msgs.msg.InertialSolutionStatus(status=3),
1786043881031081507,1786043881.028462642,/novatel/oem7/fix,/novatel/oem7/fix,/novatel/oem7/inspva,39.663,-75.756,-1.800884091,0.001771543,0.000020674,0.001283507,-0.001221054,0.000020674,,0,
1786043881032091160,1786043881.029549277,/novatel/oem7/odom,/novatel/oem7/fix,/novatel/oem7/odom,39.663,-75.756,-1.800884091,0.001771549,0.000020153,-0.001149641,0.001347854,0.000020153,,,
1786043881036347120,1786043881.035561922,/novatel/oem7/odom,/novatel/oem7/fix,/novatel/oem7/odom,39.663,-75.756,-1.800884091,0.001771549,0.000020153,-0.001149641,0.001347854,0.000020153,,,
1786043881047070590,1786043881.045937984,/novatel/oem7/inspva,/novatel/oem7/inspva,/novatel/oem7/inspva,39.663,-75.756,-1.800888464,0.001854019,-0.000259845,0.001581282,-0.000967952,-0.000259845,,novatel_oem7_msgs.msg.InertialSolutionStatus(status=3),
1786043881049151041,1786043881.046239667,/novatel/oem7/fix,/novatel/oem7/fix,/novatel/oem7/inspva,39.663,-75.756,-1.800888464,0.001854019,-0.000259845,0.001581282,-0.000967952,-0.000259845,,0,
1786043881050724293,1786043881.046710262,/novatel/oem7/odom,/novatel/oem7/fix,/novatel/oem7/odom,39.663,-75.756,-1.800888464,0.001854205,-0.000258511,-0.000879679,0.001632251,-0.000258511,,,
1786043881057604890,1786043881.056689284,/novatel/oem7/odom,/novatel/oem7/fix,/novatel/oem7/odom,39.663,-75.756,-1.800888464,0.001854205,-0.000258511,-0.000879679,0.001632251,-0.000258511,,,
1786043881066976066,1786043881.066150404,/novatel/oem7/inspva,/novatel/oem7/inspva,/novatel/oem7/inspva,39.663,-75.756,-1.800881553,0.001770519,-0.000015281,0.001270093,-0.001233533,-0.000015281,,novatel_oem7_msgs.msg.InertialSolutionStatus(status=3),
1786043881068568022,1786043881.066355686,/novatel/oem7/fix,/novatel/oem7/fix,/novatel/oem7/inspva,39.663,-75.756,-1.800881553,0.001770519,-0.000015281,0.001270093,-0.001233533,-0.000015281,,0,
1786043881069752597,1786043881.066653355,/novatel/oem7/odom,/novatel/oem7/fix,/novatel/oem7/odom,39.663,-75.756,-1.800881553,0.001770514,-0.000015887,-0.001162691,0.001335241,-0.000015887,,,
1786043881075855503,1786043881.074940430,/novatel/oem7/odom,/novatel/oem7/fix,/novatel/oem7/odom,39.663,-75.756,-1.800881553,0.001770514,-0.000015887,-0.001162691,0.001335241,-0.000015887,,,
1786043881086162625,1786043881.085407417,/novatel/oem7/inspva,/novatel/oem7/inspva,/novatel/oem7/inspva,39.663,-75.756,-1.800876261,0.001539703,-0.000010175,0.001183054,-0.000985428,-0.000010175,,novatel_oem7_msgs.msg.InertialSolutionStatus(status=3),
1786043881088004123,1786043881.085694530,/novatel/oem7/fix,/novatel/oem7/fix,/novatel/oem7/inspva,39.663,-75.756,-1.800876261,0.001539703,-0.000010175,0.001183054,-0.000985428,-0.000010175,,0,
1786043881089346137,1786043881.086205714,/novatel/oem7/odom,/novatel/oem7/fix,/novatel/oem7/odom,39.663,-75.756,-1.800876261,0.001539704,-0.000010123,-0.000919685,0.001234855,-0.000010123,,,
1786043881096271224,1786043881.095588731,/novatel/oem7/odom,/novatel/oem7/fix,/novatel/oem7/odom,39.663,-75.756,-1.800876261,0.001539704,-0.000010123,-0.000919685,0.001234855,-0.000010123,,,
1786043881106756381,1786043881.106035977,/novatel/oem7/inspva,/novatel/oem7/inspva,/novatel/oem7/inspva,39.663,-75.756,-1.800868027,0.001233726,0.000303730,0.000869700,-0.000875044,0.000303730,,novatel_oem7_msgs.msg.InertialSolutionStatus(status=3),
1786043881108216463,1786043881.106234876,/novatel/oem7/fix,/novatel/oem7/fix,/novatel/oem7/inspva,39.663,-75.756,-1.800868027,0.001233726,0.000303730,0.000869700,-0.000875044,0.000303730,,0,
1786043881109267274,1786043881.106657234,/novatel/oem7/odom,/novatel/oem7/fix,/novatel/oem7/odom,39.663,-75.756,-1.800868027,0.001233856,0.000303202,-0.000827682,0.000915066,0.000303202,,,
1786043881110754999,1786043881.109143063,/novatel/oem7/bestpos,/novatel/oem7/bestpos,/novatel/oem7/odom,39.663,-75.756,33.181410988,0.001233856,0.000303202,-0.000827682,0.000915066,0.000303202,,novatel_oem7_msgs.msg.SolutionStatus(status=0),novatel_oem7_msgs.msg.PositionOrVelocityType(type=53)
1786043881111668045,1786043881.109808976,/novatel/oem7/bestvel,/novatel/oem7/bestpos,/novatel/oem7/bestvel,39.663,-75.756,33.181410988,0.001152427,0.000248707,,,,318.619652690,novatel_oem7_msgs.msg.SolutionStatus(status=0),novatel_oem7_msgs.msg.PositionOrVelocityType(type=53)
1786043881115061149,1786043881.114411146,/novatel/oem7/odom,/novatel/oem7/bestpos,/novatel/oem7/odom,39.663,-75.756,33.181410988,0.001233856,0.000303202,-0.000827682,0.000915066,0.000303202,,,
1786043881127084789,1786043881.126590910,/novatel/oem7/inspva,/novatel/oem7/inspva,/novatel/oem7/inspva,39.663,-75.756,-1.800867178,0.001272003,-0.000407140,0.000866272,-0.000931432,-0.000407140,,novatel_oem7_msgs.msg.InertialSolutionStatus(status=3),
1786043881128349018,1786043881.126780475,/novatel/oem7/fix,/novatel/oem7/fix,/novatel/oem7/inspva,39.663,-75.756,-1.800867178,0.001272003,-0.000407140,0.000866272,-0.000931432,-0.000407140,,0,
1786043881129342062,1786043881.127634228,/novatel/oem7/odom,/novatel/oem7/fix,/novatel/oem7/odom,39.663,-75.756,-1.800867178,0.001271766,-0.000407880,-0.000881469,0.000916734,-0.000407880,,,
1786043881135793598,1786043881.134828818,/novatel/oem7/odom,/novatel/oem7/fix,/novatel/oem7/odom,39.663,-75.756,-1.800867178,0.001271766,-0.000407880,-0.000881469,0.000916734,-0.000407880,,,
1786043881146087476,1786043881.145314978,/novatel/oem7/inspva,/novatel/oem7/inspva,/novatel/oem7/inspva,39.663,-75.756,-1.800857234,0.001276213,0.000034541,0.000827600,-0.000971492,0.000034541,,novatel_oem7_msgs.msg.InertialSolutionStatus(status=3),
1786043881147939715,1786043881.145440344,/novatel/oem7/fix,/novatel/oem7/fix,/novatel/oem7/inspva,39.663,-75.756,-1.800857234,0.001276213,0.000034541,0.000827600,-0.000971492,0.000034541,,0,
1786043881149301388,1786043881.146018289,/novatel/oem7/odom,/novatel/oem7/fix,/novatel/oem7/odom,39.663,-75.756,-1.800857234,0.001276240,0.000033539,-0.000925249,0.000879035,0.000033539,,,
1786043881156518102,1786043881.155613723,/novatel/oem7/odom,/novatel/oem7/fix,/novatel/oem7/odom,39.663,-75.756,-1.800857234,0.001276240,0.000033539,-0.000925249,0.000879035,0.000033539,,,
1786043881166398943,1786043881.165778248,/novatel/oem7/inspva,/novatel/oem7/inspva,/novatel/oem7/inspva,39.663,-75.756,-1.800852635,0.001335058,-0.000020032,0.000889429,-0.000995638,-0.000020032,,novatel_oem7_msgs.msg.InertialSolutionStatus(status=3),
1786043881167910762,1786043881.165863901,/novatel/oem7/fix,/novatel/oem7/fix,/novatel/oem7/inspva,39.663,-75.756,-1.800852635,0.001335058,-0.000020032,0.000889429,-0.000995638,-0.000020032,,0,
1786043881168954829,1786043881.166566945,/novatel/oem7/odom,/novatel/oem7/fix,/novatel/oem7/odom,39.663,-75.756,-1.800852635,0.001335044,-0.000020940,-0.000945786,0.000942248,-0.000020940,,,
1786043881175444835,1786043881.174766828,/novatel/oem7/odom,/novatel/oem7/fix,/novatel/oem7/odom,39.663,-75.756,-1.800852635,0.001335044,-0.000020940,-0.000945786,0.000942248,-0.000020940,,,
1786043881186900586,1786043881.186248038,/novatel/oem7/inspva,/novatel/oem7/inspva,/novatel/oem7/inspva,39.663,-75.756,-1.800845846,0.001276861,-0.000006489,0.000852450,-0.000950634,-0.000006489,,novatel_oem7_msgs.msg.InertialSolutionStatus(status=3),
1786043881188255286,1786043881.186516026,/novatel/oem7/fix,/novatel/oem7/fix,/novatel/oem7/inspva,39.663,-75.756,-1.800845846,0.001276861,-0.000006489,0.000852450,-0.000950634,-0.000006489,,0,
1786043881189281420,1786043881.186890506,/novatel/oem7/odom,/novatel/oem7/fix,/novatel/oem7/odom,39.663,-75.756,-1.800845846,0.001276857,-0.000007338,-0.000902908,0.000902840,-0.000007338,,,
1786043881196073722,1786043881.195151806,/novatel/oem7/odom,/novatel/oem7/fix,/novatel/oem7/odom,39.663,-75.756,-1.800845846,0.001276857,-0.000007338,-0.000902908,0.000902840,-0.000007338,,,
1786043881207626687,1786043881.206775637,/novatel/oem7/inspva,/novatel/oem7/inspva,/novatel/oem7/inspva,39.663,-75.756,-1.800839669,0.000844592,-0.000086678,0.000389749,-0.000749288,-0.000086678,,novatel_oem7_msgs.msg.InertialSolutionStatus(status=3),
1786043881209456896,1786043881.207531410,/novatel/oem7/fix,/novatel/oem7/fix,/novatel/oem7/inspva,39.663,-75.756,-1.800839669,0.000844592,-0.000086678,0.000389749,-0.000749288,-0.000086678,,0,
1786043881210833936,1786043881.208632634,/novatel/oem7/odom,/novatel/oem7/fix,/novatel/oem7/odom,39.663,-75.756,-1.800839669,0.000844433,-0.000088214,-0.000726682,0.000430117,-0.000088214,,,
1786043881212565870,1786043881.210090845,/novatel/oem7/bestpos,/novatel/oem7/bestpos,/novatel/oem7/odom,39.663,-75.756,33.181432066,0.000844433,-0.000088214,-0.000726682,0.000430117,-0.000088214,,novatel_oem7_msgs.msg.SolutionStatus(status=0),novatel_oem7_msgs.msg.PositionOrVelocityType(type=53)
1786043881213463253,1786043881.210947834,/novatel/oem7/bestvel,/novatel/oem7/bestpos,/novatel/oem7/bestvel,39.663,-75.756,33.181432066,0.000901172,-0.000146686,,,,303.359442221,novatel_oem7_msgs.msg.SolutionStatus(status=0),novatel_oem7_msgs.msg.PositionOrVelocityType(type=53)
1786043881216448987,1786043881.215704449,/novatel/oem7/odom,/novatel/oem7/bestpos,/novatel/oem7/odom,39.663,-75.756,33.181432066,0.000844433,-0.000088214,-0.000726682,0.000430117,-0.000088214,,,
1786043881226329798,1786043881.225204489,/novatel/oem7/inspva,/novatel/oem7/inspva,/novatel/oem7/inspva,39.663,-75.756,-1.800830240,0.001157352,0.000260267,0.000758742,-0.000873941,0.000260267,,novatel_oem7_msgs.msg.InertialSolutionStatus(status=3),
1786043881228526303,1786043881.225545743,/novatel/oem7/fix,/novatel/oem7/fix,/novatel/oem7/inspva,39.663,-75.756,-1.800830240,0.001157352,0.000260267,0.000758742,-0.000873941,0.000260267,,0,
1786043881230251891,1786043881.225912610,/novatel/oem7/odom,/novatel/oem7/fix,/novatel/oem7/odom,39.663,-75.756,-1.800830240,0.001157542,0.000259420,-0.000832435,0.000804335,0.000259420,,,
1786043881235231562,1786043881.234311425,/novatel/oem7/odom,/novatel/oem7/fix,/novatel/oem7/odom,39.663,-75.756,-1.800830240,0.001157542,0.000259420,-0.000832435,0.000804335,0.000259420,,,
1786043881247024492,1786043881.246383885,/novatel/oem7/inspva,/novatel/oem7/inspva,/novatel/oem7/inspva,39.663,-75.756,-1.800828349,0.000984701,-0.000203470,0.000406768,-0.000896759,-0.000203470,,novatel_oem7_msgs.msg.InertialSolutionStatus(status=3),
1786043881248643598,1786043881.246539434,/novatel/oem7/fix,/novatel/oem7/fix,/novatel/oem7/inspva,39.663,-75.756,-1.800828349,0.000984701,-0.000203470,0.000406768,-0.000896759,-0.000203470,,0,
1786043881249750593,1786043881.246978358,/novatel/oem7/odom,/novatel/oem7/fix,/novatel/oem7/odom,39.663,-75.756,-1.800828349,0.000984281,-0.000205492,-0.000872566,0.000455455,-0.000205492,,,
1786043881258218599,1786043881.256969693,/novatel/oem7/odom,/novatel/oem7/fix,/novatel/oem7/odom,39.663,-75.756,-1.800828349,0.000984281,-0.000205492,-0.000872566,0.000455455,-0.000205492,,,
1786043881265953422,1786043881.265059095,/novatel/oem7/inspva,/novatel/oem7/inspva,/novatel/oem7/inspva,39.663,-75.756,-1.800821419,0.001287061,-0.000392942,0.000800521,-0.001007815,-0.000392942,,novatel_oem7_msgs.msg.InertialSolutionStatus(status=3),
1786043881267909628,1786043881.265922915,/novatel/oem7/fix,/novatel/oem7/fix,/novatel/oem7/inspva,39.663,-75.756,-1.800821419,0.001287061,-0.000392942,0.000800521,-0.001007815,-0.000392942,,0,
1786043881269396147,1786043881.267156107,/novatel/oem7/odom,/novatel/oem7/fix,/novatel/oem7/odom,39.663,-75.756,-1.800821419,0.001286692,-0.000394149,-0.000961348,0.000855211,-0.000394149,,,
1786043881276717458,1786043881.275784122,/novatel/oem7/odom,/novatel/oem7/fix,/novatel/oem7/odom,39.663,-75.756,-1.800821419,0.001286692,-0.000394149,-0.000961348,0.000855211,-0.000394149,,,
1786043881287502995,1786043881.285473287,/novatel/oem7/inspva,/novatel/oem7/inspva,/novatel/oem7/inspva,39.663,-75.756,-1.800810004,0.001236177,0.000455104,0.000646900,-0.001053401,0.000455104,,novatel_oem7_msgs.msg.InertialSolutionStatus(status=3),
1786043881289473955,1786043881.285718578,/novatel/oem7/fix,/novatel/oem7/fix,/novatel/oem7/inspva,39.663,-75.756,-1.800810004,0.001236177,0.000455104,0.000646900,-0.001053401,0.000455104,,0,
1786043881291168762,1786043881.287023667,/novatel/oem7/odom,/novatel/oem7/fix,/novatel/oem7/odom,39.663,-75.756,-1.800810004,0.001286694,-0.000394144,-0.000961352,0.000855209,-0.000394144,,,
1786043881295930344,1786043881.295006851,/novatel/oem7/odom,/novatel/oem7/fix,/novatel/oem7/odom,39.663,-75.756,-1.800810004,0.001236858,0.000453250,-0.001018451,0.000701837,0.000453250,,,
1786043881306552479,1786043881.305835215,/novatel/oem7/inspva,/novatel/oem7/inspva,/novatel/oem7/inspva,39.663,-75.756,-1.800809089,0.001494959,-0.000265539,0.001044130,-0.001069904,-0.000265539,,novatel_oem7_msgs.msg.InertialSolutionStatus(status=3),
1786043881308207153,1786043881.306089464,/novatel/oem7/fix,/novatel/oem7/fix,/novatel/oem7/inspva,39.663,-75.756,-1.800809089,0.001494959,-0.000265539,0.001044130,-0.001069904,-0.000265539,,0,
1786043881309326917,1786043881.306491945,/novatel/oem7/odom,/novatel/oem7/fix,/novatel/oem7/odom,39.663,-75.756,-1.800809089,0.001494837,-0.000266228,-0.001010597,0.001101468,-0.000266228,,,
1786043881311001281,1786043881.308923120,/novatel/oem7/bestpos,/novatel/oem7/bestpos,/novatel/oem7/odom,39.663,-75.756,33.181446548,0.001494837,-0.000266228,-0.001010597,0.001101468,-0.000266228,,novatel_oem7_msgs.msg.SolutionStatus(status=0),novatel_oem7_msgs.msg.PositionOrVelocityType(type=53)
1786043881311982047,1786043881.309294624,/novatel/oem7/bestvel,/novatel/oem7/bestpos,/novatel/oem7/bestvel,39.663,-75.756,33.181446548,0.001600808,-0.000502673,,,,325.168396485,novatel_oem7_msgs.msg.SolutionStatus(status=0),novatel_oem7_msgs.msg.PositionOrVelocityType(type=53)
1786043881315324961,1786043881.314537513,/novatel/oem7/odom,/novatel/oem7/bestpos,/novatel/oem7/odom,39.663,-75.756,33.181446548,0.001494837,-0.000266228,-0.001010597,0.001101468,-0.000266228,,,
1786043881326247363,1786043881.325185389,/novatel/oem7/inspva,/novatel/oem7/inspva,/novatel/oem7/inspva,39.663,-75.756,-1.800802074,0.001203508,0.000014987,0.000723218,-0.000961970,0.000014987,,novatel_oem7_msgs.msg.InertialSolutionStatus(status=3),
1786043881328161696,1786043881.325507685,/novatel/oem7/fix,/novatel/oem7/fix,/novatel/oem7/inspva,39.663,-75.756,-1.800802074,0.001203508,0.000014987,0.000723218,-0.000961970,0.000014987,,0,
1786043881329781249,1786043881.325809543,/novatel/oem7/odom,/novatel/oem7/fix,/novatel/oem7/odom,39.663,-75.756,-1.800802074,0.001203523,0.000013682,-0.000921310,0.000774375,0.000013682,,,
1786043881336387766,1786043881.335473014,/novatel/oem7/odom,/novatel/oem7/fix,/novatel/oem7/odom,39.663,-75.756,-1.800802074,0.001203523,0.000013682,-0.000921310,0.000774375,0.000013682,,,
1786043881345769439,1786043881.344994995,/novatel/oem7/inspva,/novatel/oem7/inspva,/novatel/oem7/inspva,39.663,-75.756,-1.800799560,0.001427695,-0.000066271,0.001080586,-0.000933085,-0.000066271,,novatel_oem7_msgs.msg.InertialSolutionStatus(status=3),
1786043881347496213,1786043881.345130822,/novatel/oem7/fix,/novatel/oem7/fix,/novatel/oem7/inspva,39.663,-75.756,-1.800799560,0.001427695,-0.000066271,0.001080586,-0.000933085,-0.000066271,,0,
1786043881348951744,1786043881.345586737,/novatel/oem7/odom,/novatel/oem7/fix,/novatel/oem7/odom,39.663,-75.756,-1.800799560,0.001427691,-0.000066352,-0.000872749,0.001129872,-0.000066352,,,
1786043881356772508,1786043881.355687690,/novatel/oem7/odom,/novatel/oem7/fix,/novatel/oem7/odom,39.663,-75.756,-1.800799560,0.001427691,-0.000066352,-0.000872749,0.001129872,-0.000066352,,,
1786043881367356506,1786043881.366472355,/novatel/oem7/inspva,/novatel/oem7/inspva,/novatel/oem7/inspva,39.663,-75.756,-1.800798651,0.001255359,-0.000301083,0.000668607,-0.001062492,-0.000301083,,novatel_oem7_msgs.msg.InertialSolutionStatus(status=3),
1786043881369395670,1786043881.366612098,/novatel/oem7/fix,/novatel/oem7/fix,/novatel/oem7/inspva,39.663,-75.756,-1.800798651,0.001255359,-0.000301083,0.000668607,-0.001062492,-0.000301083,,0,
1786043881371024723,1786043881.367180757,/novatel/oem7/odom,/novatel/oem7/fix,/novatel/oem7/odom,39.663,-75.756,-1.800798651,0.001254915,-0.000302927,-0.001023437,0.000726216,-0.000302927,,,
1786043881375396354,1786043881.374608916,/novatel/oem7/odom,/novatel/oem7/fix,/novatel/oem7/odom,39.663,-75.756,-1.800798651,0.001254915,-0.000302927,-0.001023437,0.000726216,-0.000302927,,,
1786043881385818240,1786043881.384880756,/novatel/oem7/inspva,/novatel/oem7/inspva,/novatel/oem7/inspva,39.663,-75.756,-1.800796744,0.001343013,-0.000597149,0.001020327,-0.000873279,-0.000597149,,novatel_oem7_msgs.msg.InertialSolutionStatus(status=3),
1786043881388132734,1786043881.385060448,/novatel/oem7/fix,/novatel/oem7/fix,/novatel/oem7/inspva,39.663,-75.756,-1.800796744,0.001343013,-0.000597149,0.001020327,-0.000873279,-0.000597149,,0,
1786043881389823115,1786043881.385495617,/novatel/oem7/odom,/novatel/oem7/fix,/novatel/oem7/odom,39.663,-75.756,-1.800796744,0.001342988,-0.000597205,-0.000814268,0.001067981,-0.000597205,,,
1786043881396206043,1786043881.395282324,/novatel/oem7/odom,/novatel/oem7/fix,/novatel/oem7/odom,39.663,-75.756,-1.800796744,0.001342988,-0.000597205,-0.000814268,0.001067981,-0.000597205,,,
1786043881407067344,1786043881.406367314,/novatel/oem7/inspva,/novatel/oem7/inspva,/novatel/oem7/inspva,39.663,-75.756,-1.800788528,0.001429598,0.000145554,0.000634399,-0.001281128,0.000145554,,novatel_oem7_msgs.msg.InertialSolutionStatus(status=3),
1786043881408640567,1786043881.406662050,/novatel/oem7/fix,/novatel/oem7/fix,/novatel/oem7/inspva,39.663,-75.756,-1.800788528,0.001429598,0.000145554,0.000634399,-0.001281128,0.000145554,,0,
1786043881409801235,1786043881.407263096,/novatel/oem7/odom,/novatel/oem7/fix,/novatel/oem7/odom,39.663,-75.756,-1.800788528,0.001429875,0.000142804,-0.001245332,0.000702633,0.000142804,,,
1786043881411349821,1786043881.409984944,/novatel/oem7/bestpos,/novatel/oem7/bestpos,/novatel/oem7/odom,39.663,-75.756,33.181462659,0.001429875,0.000142804,-0.001245332,0.000702633,0.000142804,,novatel_oem7_msgs.msg.SolutionStatus(status=0),novatel_oem7_msgs.msg.PositionOrVelocityType(type=53)
1786043881412291454,1786043881.410377951,/novatel/oem7/bestvel,/novatel/oem7/bestpos,/novatel/oem7/bestvel,39.663,-75.756,33.181462659,0.001495023,0.000022008,,,,303.229236779,novatel_oem7_msgs.msg.SolutionStatus(status=0),novatel_oem7_msgs.msg.PositionOrVelocityType(type=53)
1786043881415463796,1786043881.414690565,/novatel/oem7/odom,/novatel/oem7/bestpos,/novatel/oem7/odom,39.663,-75.756,33.181462659,0.001429875,0.000142804,-0.001245332,0.000702633,0.000142804,,,
1786043881426810218,1786043881.426096455,/novatel/oem7/inspva,/novatel/oem7/inspva,/novatel/oem7/inspva,39.663,-75.756,-1.800787429,0.001279815,-0.000212111,0.000912892,-0.000896970,-0.000212111,,novatel_oem7_msgs.msg.InertialSolutionStatus(status=3),
1786043881428627744,1786043881.426292643,/novatel/oem7/fix,/novatel/oem7/fix,/novatel/oem7/inspva,39.663,-75.756,-1.800787429,0.001279815,-0.000212111,0.000912892,-0.000896970,-0.000212111,,0,
1786043881430165059,1786043881.426865969,/novatel/oem7/odom,/novatel/oem7/fix,/novatel/oem7/odom,39.663,-75.756,-1.800787429,0.001279735,-0.000212598,-0.000845244,0.000960876,-0.000212598,,,
1786043881435459577,1786043881.434588231,/novatel/oem7/odom,/novatel/oem7/fix,/novatel/oem7/odom,39.663,-75.756,-1.800787429,0.001279735,-0.000212598,-0.000845244,0.000960876,-0.000212598,,,
1786043881446052725,1786043881.445277407,/novatel/oem7/inspva,/novatel/oem7/inspva,/novatel/oem7/inspva,39.663,-75.756,-1.800783832,0.001318913,-0.000075146,0.000576662,-0.001186167,-0.000075146,,novatel_oem7_msgs.msg.InertialSolutionStatus(status=3),
1786043881448085485,1786043881.445517169,/novatel/oem7/fix,/novatel/oem7/fix,/novatel/oem7/inspva,39.663,-75.756,-1.800783832,0.001318913,-0.000075146,0.000576662,-0.001186167,-0.000075146,,0,
1786043881449251567,1786043881.445996934,/novatel/oem7/odom,/novatel/oem7/fix,/novatel/oem7/odom,39.663,-75.756,-1.800783832,0.001318761,-0.000077766,-0.001152801,0.000640453,-0.000077766,,,
1786043881457751324,1786043881.456352353,/novatel/oem7/odom,/novatel/oem7/fix,/novatel/oem7/odom,39.663,-75.756,-1.800783832,0.001318761,-0.000077766,-0.001152801,0.000640453,-0.000077766,,,
1786043881466998115,1786043881.465959404,/novatel/oem7/inspva,/novatel/oem7/inspva,/novatel/oem7/inspva,39.663,-75.756,-1.800780377,0.001271743,-0.000142785,0.000817010,-0.000974590,-0.000142785,,novatel_oem7_msgs.msg.InertialSolutionStatus(status=3),
1786043881469085489,1786043881.466194780,/novatel/oem7/fix,/novatel/oem7/fix,/novatel/oem7/inspva,39.663,-75.756,-1.800780377,0.001271743,-0.000142785,0.000817010,-0.000974590,-0.000142785,,0,
1786043881470718016,1786043881.466823793,/novatel/oem7/odom,/novatel/oem7/fix,/novatel/oem7/odom,39.663,-75.756,-1.800780377,0.001271621,-0.000143872,-0.000928227,0.000869146,-0.000143872,,,
1786043881475503239,1786043881.474629160,/novatel/oem7/odom,/novatel/oem7/fix,/novatel/oem7/odom,39.663,-75.756,-1.800780377,0.001271621,-0.000143872,-0.000928227,0.000869146,-0.000143872,,,
1786043881487624135,1786043881.486587885,/novatel/oem7/inspva,/novatel/oem7/inspva,/novatel/oem7/inspva,39.663,-75.756,-1.800776690,0.001289057,-0.000204574,0.000553897,-0.001163988,-0.000204574,,novatel_oem7_msgs.msg.InertialSolutionStatus(status=3),
1786043881489672386,1786043881.486895511,/novatel/oem7/fix,/novatel/oem7/fix,/novatel/oem7/inspva,39.663,-75.756,-1.800776690,0.001289057,-0.000204574,0.000553897,-0.001163988,-0.000204574,,0,
1786043881491180679,1786043881.487379086,/novatel/oem7/odom,/novatel/oem7/fix,/novatel/oem7/odom,39.663,-75.756,-1.800776690,0.001288643,-0.000207169,-0.001131393,0.000616887,-0.000207169,,,
1786043881496670078,1786043881.495684191,/novatel/oem7/odom,/novatel/oem7/fix,/novatel/oem7/odom,39.663,-75.756,-1.800776690,0.001288643,-0.000207169,-0.001131393,0.000616887,-0.000207169,,,
1786043881506601502,1786043881.505866611,/novatel/oem7/inspva,/novatel/oem7/inspva,/novatel/oem7/inspva,39.663,-75.756,-1.800772040,0.001321855,-0.000206384,0.000733771,-0.001099491,-0.000206384,,novatel_oem7_msgs.msg.InertialSolutionStatus(status=3),
1786043881508188725,1786043881.506039446,/novatel/oem7/fix,/novatel/oem7/fix,/novatel/oem7/inspva,39.663,-75.756,-1.800772040,0.001321855,-0.000206384,0.000733771,-0.001099491,-0.000206384,,0,
1786043881509302590,1786043881.506402180,/novatel/oem7/odom,/novatel/oem7/fix,/novatel/oem7/odom,39.663,-75.756,-1.800772040,0.001321573,-0.000208181,-0.001057216,0.000793000,-0.000208181,,,
1786043881511719281,1786043881.510990771,/novatel/oem7/bestpos,/novatel/oem7/bestpos,/novatel/oem7/odom,39.663,-75.756,33.181478820,0.001321573,-0.000208181,-0.001057216,0.000793000,-0.000208181,,novatel_oem7_msgs.msg.SolutionStatus(status=0),novatel_oem7_msgs.msg.PositionOrVelocityType(type=53)
1786043881513585957,1786043881.511403581,/novatel/oem7/bestvel,/novatel/oem7/bestpos,/novatel/oem7/bestvel,39.663,-75.756,33.181478820,0.001746952,0.000029992,,,,295.376094913,novatel_oem7_msgs.msg.SolutionStatus(status=0),novatel_oem7_msgs.msg.PositionOrVelocityType(type=53)
1786043881517481607,1786043881.516067551,/novatel/oem7/odom,/novatel/oem7/bestpos,/novatel/oem7/odom,39.663,-75.756,33.181478820,0.001321573,-0.000208181,-0.001057216,0.000793000,-0.000208181,,,
1786043881527324560,1786043881.526542585,/novatel/oem7/inspva,/novatel/oem7/inspva,/novatel/oem7/inspva,39.663,-75.756,-1.800767386,0.001737655,-0.000097706,0.000754211,-0.001565442,-0.000097706,,novatel_oem7_msgs.msg.InertialSolutionStatus(status=3),
1786043881529328781,1786043881.526775615,/novatel/oem7/fix,/novatel/oem7/fix,/novatel/oem7/inspva,39.663,-75.756,-1.800767386,0.001737655,-0.000097706,0.000754211,-0.001565442,-0.000097706,,0,
1786043881530794056,1786043881.527656954,/novatel/oem7/odom,/novatel/oem7/fix,/novatel/oem7/odom,39.663,-75.756,-1.800767386,0.001737456,-0.000101184,-0.001521782,0.000838409,-0.000101184,,,
1786043881535325605,1786043881.534557257,/novatel/oem7/odom,/novatel/oem7/fix,/novatel/oem7/odom,39.663,-75.756,-1.800767386,0.001737456,-0.000101184,-0.001521782,0.000838409,-0.000101184,,,
1786043881547555417,1786043881.546136422,/novatel/oem7/inspva,/novatel/oem7/inspva,/novatel/oem7/inspva,39.663,-75.756,-1.800760582,0.001708298,0.000179469,0.000795460,-0.001511796,0.000179469,,novatel_oem7_msgs.msg.InertialSolutionStatus(status=3),
1786043881549475329,1786043881.546505156,/novatel/oem7/fix,/novatel/oem7/fix,/novatel/oem7/inspva,39.663,-75.756,-1.800760582,0.001708298,0.000179469,0.000795460,-0.001511796,0.000179469,,0,
1786043881551039932,1786043881.546907404,/novatel/oem7/odom,/novatel/oem7/fix,/novatel/oem7/odom,39.663,-75.756,-1.800760582,0.001737456,-0.000101178,-0.001521786,0.000838404,-0.000101178,,,
1786043881556950436,1786043881.556012276,/novatel/oem7/odom,/novatel/oem7/fix,/novatel/oem7/odom,39.663,-75.756,-1.800760582,0.001708626,0.000176319,-0.001467049,0.000875882,0.000176319,,,
1786043881566031188,1786043881.565268204,/novatel/oem7/inspva,/novatel/oem7/inspva,/novatel/oem7/inspva,39.663,-75.756,-1.800757798,0.001649743,-0.000074293,0.000756414,-0.001466114,-0.000074293,,novatel_oem7_msgs.msg.InertialSolutionStatus(status=3),
1786043881567844827,1786043881.565539020,/novatel/oem7/fix,/novatel/oem7/fix,/novatel/oem7/inspva,39.663,-75.756,-1.800757798,0.001649743,-0.000074293,0.000756414,-0.001466114,-0.000074293,,0,
1786043881569290815,1786043881.566045265,/novatel/oem7/odom,/novatel/oem7/fix,/novatel/oem7/odom,39.663,-75.756,-1.800757798,0.001649601,-0.000077387,-0.001422573,0.000835146,-0.000077387,,,
1786043881576401064,1786043881.575509708,/novatel/oem7/odom,/novatel/oem7/fix,/novatel/oem7/odom,39.663,-75.756,-1.800757798,0.001649601,-0.000077387,-0.001422573,0.000835146,-0.000077387,,,
1786043881586132900,1786043881.585260458,/novatel/oem7/inspva,/novatel/oem7/inspva,/novatel/oem7/inspva,39.663,-75.756,-1.800750599,0.001741247,-0.000112691,0.000727828,-0.001581836,-0.000112691,,novatel_oem7_msgs.msg.InertialSolutionStatus(status=3),
1786043881587990776,1786043881.585567181,/novatel/oem7/fix,/novatel/oem7/fix,/novatel/oem7/inspva,39.663,-75.756,-1.800750599,0.001741247,-0.000112691,0.000727828,-0.001581836,-0.000112691,,0,
1786043881589384403,1786043881.586092113,/novatel/oem7/odom,/novatel/oem7/fix,/novatel/oem7/odom,39.663,-75.756,-1.800750599,0.001741008,-0.000116316,-0.001539521,0.000813009,-0.000116316,,,
1786043881595395958,1786043881.594554093,/novatel/oem7/odom,/novatel/oem7/fix,/novatel/oem7/odom,39.663,-75.756,-1.800750599,0.001741008,-0.000116316,-0.001539521,0.000813009,-0.000116316,,,
1786043881606952209,1786043881.606206765,/novatel/oem7/inspva,/novatel/oem7/inspva,/novatel/oem7/inspva,39.663,-75.756,-1.800744474,0.001759591,0.000019979,0.000447560,-0.001701720,0.000019979,,novatel_oem7_msgs.msg.InertialSolutionStatus(status=3),
1786043881608591252,1786043881.606403850,/novatel/oem7/fix,/novatel/oem7/fix,/novatel/oem7/inspva,39.663,-75.756,-1.800744474,0.001759591,0.000019979,0.000447560,-0.001701720,0.000019979,,0,
1786043881609726337,1786043881.606963932,/novatel/oem7/odom,/novatel/oem7/fix,/novatel/oem7/odom,39.663,-75.756,-1.800744474,0.001759640,0.000015068,-0.001674959,0.000539299,0.000015068,,,
1786043881611659897,1786043881.610059697,/novatel/oem7/bestpos,/novatel/oem7/bestpos,/novatel/oem7/odom,39.663,-75.756,33.181505960,0.001759640,0.000015068,-0.001674959,0.000539299,0.000015068,,novatel_oem7_msgs.msg.SolutionStatus(status=0),novatel_oem7_msgs.msg.PositionOrVelocityType(type=53)
1786043881613175206,1786043881.611491715,/novatel/oem7/bestvel,/novatel/oem7/bestpos,/novatel/oem7/bestvel,39.663,-75.756,33.181505960,0.002256429,0.000105028,,,,287.876582065,novatel_oem7_msgs.msg.SolutionStatus(status=0),novatel_oem7_msgs.msg.PositionOrVelocityType(type=53)
1786043881616061868,1786043881.615148373,/novatel/oem7/odom,/novatel/oem7/bestpos,/novatel/oem7/odom,39.663,-75.756,33.181505960,0.001759640,0.000015068,-0.001674959,0.000539299,0.000015068,,,
1786043881625879938,1786043881.625108427,/novatel/oem7/inspva,/novatel/oem7/inspva,/novatel/oem7/inspva,39.663,-75.756,-1.800738182,0.001611415,0.000132924,0.000192219,-0.001599910,0.000132924,,novatel_oem7_msgs.msg.InertialSolutionStatus(status=3),
1786043881627597286,1786043881.625344400,/novatel/oem7/fix,/novatel/oem7/fix,/novatel/oem7/inspva,39.663,-75.756,-1.800738182,0.001611415,0.000132924,0.000192219,-0.001599910,0.000132924,,0,
1786043881628993470,1786043881.625714894,/novatel/oem7/odom,/novatel/oem7/fix,/novatel/oem7/odom,39.663,-75.756,-1.800738182,0.001611846,0.000127591,-0.001587609,0.000278471,0.000127591,,,
1786043881635354735,1786043881.634514540,/novatel/oem7/odom,/novatel/oem7/fix,/novatel/oem7/odom,39.663,-75.756,-1.800738182,0.001611846,0.000127591,-0.001587609,0.000278471,0.000127591,,,
1786043881647842326,1786043881.646723301,/novatel/oem7/inspva,/novatel/oem7/inspva,/novatel/oem7/inspva,39.663,-75.756,-1.800735207,0.002049994,-0.000093755,0.000510545,-0.001985402,-0.000093755,,novatel_oem7_msgs.msg.InertialSolutionStatus(status=3),
1786043881649985858,1786043881.647012901,/novatel/oem7/fix,/novatel/oem7/fix,/novatel/oem7/inspva,39.663,-75.756,-1.800735207,0.002049994,-0.000093755,0.000510545,-0.001985402,-0.000093755,,0,
1786043881651495740,1786043881.647941581,/novatel/oem7/odom,/novatel/oem7/fix,/novatel/oem7/odom,39.663,-75.756,-1.800735207,0.002049722,-0.000099537,-0.001954365,0.000617913,-0.000099537,,,
1786043881657441810,1786043881.656497731,/novatel/oem7/odom,/novatel/oem7/fix,/novatel/oem7/odom,39.663,-75.756,-1.800735207,0.002049722,-0.000099537,-0.001954365,0.000617913,-0.000099537,,,
1786043881665759239,1786043881.665019234,/novatel/oem7/inspva,/novatel/oem7/inspva,/novatel/oem7/inspva,39.663,-75.756,-1.800725220,0.001753728,0.000304476,0.000238768,-0.001737398,0.000304476,,novatel_oem7_msgs.msg.InertialSolutionStatus(status=3),
1786043881667548503,1786043881.665249157,/novatel/oem7/fix,/novatel/oem7/fix,/novatel/oem7/inspva,39.663,-75.756,-1.800725220,0.001753728,0.000304476,0.000238768,-0.001737398,0.000304476,,0,
1786043881668546187,1786043881.665588590,/novatel/oem7/odom,/novatel/oem7/fix,/novatel/oem7/odom,39.663,-75.756,-1.800725220,0.001754709,0.000298768,-0.001723030,0.000331921,0.000298768,,,
1786043881675615196,1786043881.674704570,/novatel/oem7/odom,/novatel/oem7/fix,/novatel/oem7/odom,39.663,-75.756,-1.800725220,0.001754709,0.000298768,-0.001723030,0.000331921,0.000298768,,,
1786043881686024216,1786043881.685274881,/novatel/oem7/inspva,/novatel/oem7/inspva,/novatel/oem7/inspva,39.663,-75.756,-1.800719435,0.001774934,0.000059648,0.000338696,-0.001742319,0.000059648,,novatel_oem7_msgs.msg.InertialSolutionStatus(status=3),
1786043881687905565,1786043881.685544001,/novatel/oem7/fix,/novatel/oem7/fix,/novatel/oem7/inspva,39.663,-75.756,-1.800719435,0.001774934,0.000059648,0.000338696,-0.001742319,0.000059648,,0,
1786043881689325976,1786043881.686198427,/novatel/oem7/odom,/novatel/oem7/fix,/novatel/oem7/odom,39.663,-75.756,-1.800719435,0.001754714,0.000298742,-0.001723034,0.000331923,0.000298742,,,
1786043881695548563,1786043881.694709667,/novatel/oem7/odom,/novatel/oem7/fix,/novatel/oem7/odom,39.663,-75.756,-1.800719435,0.001775108,0.000054206,-0.001721570,0.000432671,0.000054206,,,
1786043881706730037,1786043881.706005142,/novatel/oem7/inspva,/novatel/oem7/inspva,/novatel/oem7/inspva,39.663,-75.756,-1.800710293,0.001649983,0.000142446,0.000134241,-0.001644513,0.000142446,,novatel_oem7_msgs.msg.InertialSolutionStatus(status=3),
1786043881708546281,1786043881.706187071,/novatel/oem7/fix,/novatel/oem7/fix,/novatel/oem7/inspva,39.663,-75.756,-1.800710293,0.001649983,0.000142446,0.000134241,-0.001644513,0.000142446,,0,
1786043881709921959,1786043881.706613462,/novatel/oem7/odom,/novatel/oem7/fix,/novatel/oem7/odom,39.663,-75.756,-1.800710293,0.001650465,0.000136756,-0.001635333,0.000222982,0.000136756,,,
1786043881711894982,1786043881.709342220,/novatel/oem7/bestpos,/novatel/oem7/bestpos,/novatel/oem7/odom,39.663,-75.756,33.181531549,0.001650465,0.000136756,-0.001635333,0.000222982,0.000136756,,novatel_oem7_msgs.msg.SolutionStatus(status=0),novatel_oem7_msgs.msg.PositionOrVelocityType(type=53)
1786043881713044667,1786043881.710071534,/novatel/oem7/bestvel,/novatel/oem7/bestpos,/novatel/oem7/bestvel,39.663,-75.756,33.181531549,0.001617356,0.000006738,,,,281.254338940,novatel_oem7_msgs.msg.SolutionStatus(status=0),novatel_oem7_msgs.msg.PositionOrVelocityType(type=53)
1786043881715497026,1786043881.714333837,/novatel/oem7/odom,/novatel/oem7/bestpos,/novatel/oem7/odom,39.663,-75.756,33.181531549,0.001650465,0.000136756,-0.001635333,0.000222982,0.000136756,,,
1786043881725840448,1786043881.725061547,/novatel/oem7/inspva,/novatel/oem7/inspva,/novatel/oem7/inspva,39.663,-75.756,-1.800704277,0.001523532,0.000125322,0.000051939,-0.001522647,0.000125322,,novatel_oem7_msgs.msg.InertialSolutionStatus(status=3),
1786043881727541799,1786043881.725288549,/novatel/oem7/fix,/novatel/oem7/fix,/novatel/oem7/inspva,39.663,-75.756,-1.800704277,0.001523532,0.000125322,0.000051939,-0.001522647,0.000125322,,0,
1786043881728830382,1786043881.725561432,/novatel/oem7/odom,/novatel/oem7/fix,/novatel/oem7/odom,39.663,-75.756,-1.800704277,0.001523974,0.000119831,-0.001518051,0.000134238,0.000119831,,,
1786043881736382922,1786043881.735472623,/novatel/oem7/odom,/novatel/oem7/fix,/novatel/oem7/odom,39.663,-75.756,-1.800704277,0.001523974,0.000119831,-0.001518051,0.000134238,0.000119831,,,
1786043881746192279,1786043881.744943039,/novatel/oem7/inspva,/novatel/oem7/inspva,/novatel/oem7/inspva,39.663,-75.756,-1.800698010,0.001607219,0.000161988,-0.000047839,-0.001606506,0.000161988,,novatel_oem7_msgs.msg.InertialSolutionStatus(status=3),
1786043881748278413,1786043881.745285596,/novatel/oem7/fix,/novatel/oem7/fix,/novatel/oem7/inspva,39.663,-75.756,-1.800698010,0.001607219,0.000161988,-0.000047839,-0.001606506,0.000161988,,0,
1786043881749936820,1786043881.745716431,/novatel/oem7/odom,/novatel/oem7/fix,/novatel/oem7/odom,39.663,-75.756,-1.800698010,0.001607823,0.000155879,-0.001607348,0.000039057,0.000155879,,,
1786043881756883614,1786043881.755731879,/novatel/oem7/odom,/novatel/oem7/fix,/novatel/oem7/odom,39.663,-75.756,-1.800698010,0.001607823,0.000155879,-0.001607348,0.000039057,0.000155879,,,
1786043881767813993,1786043881.766725942,/novatel/oem7/inspva,/novatel/oem7/inspva,/novatel/oem7/inspva,39.663,-75.756,-1.800692921,0.001641087,0.000217545,0.000323703,-0.001608845,0.000217545,,novatel_oem7_msgs.msg.InertialSolutionStatus(status=3),
1786043881769908611,1786043881.766969957,/novatel/oem7/fix,/novatel/oem7/fix,/novatel/oem7/inspva,39.663,-75.756,-1.800692921,0.001641087,0.000217545,0.000323703,-0.001608845,0.000217545,,0,
1786043881770962768,1786043881.767657131,/novatel/oem7/odom,/novatel/oem7/fix,/novatel/oem7/odom,39.663,-75.756,-1.800692921,0.001641738,0.000212578,-0.001589713,0.000410021,0.000212578,,,
1786043881775181165,1786043881.774562745,/novatel/oem7/odom,/novatel/oem7/fix,/novatel/oem7/odom,39.663,-75.756,-1.800692921,0.001641738,0.000212578,-0.001589713,0.000410021,0.000212578,,,
1786043881785458576,1786043881.784957158,/novatel/oem7/inspva,/novatel/oem7/inspva,/novatel/oem7/inspva,39.663,-75.756,-1.800689641,0.001686955,-0.000162546,0.000118940,-0.001682757,-0.000162546,,novatel_oem7_msgs.msg.InertialSolutionStatus(status=3),
1786043881786729249,1786043881.785116279,/novatel/oem7/fix,/novatel/oem7/fix,/novatel/oem7/inspva,39.663,-75.756,-1.800689641,0.001686955,-0.000162546,0.000118940,-0.001682757,-0.000162546,,0,
1786043881787723846,1786043881.785385936,/novatel/oem7/odom,/novatel/oem7/fix,/novatel/oem7/odom,39.663,-75.756,-1.800689641,0.001686377,-0.000168430,-0.001673168,0.000210663,-0.000168430,,,
1786043881795995147,1786043881.795362191,/novatel/oem7/odom,/novatel/oem7/fix,/novatel/oem7/odom,39.663,-75.756,-1.800689641,0.001686377,-0.000168430,-0.001673168,0.000210663,-0.000168430,,,
1786043881807520105,1786043881.806550991,/novatel/oem7/inspva,/novatel/oem7/inspva,/novatel/oem7/inspva,39.663,-75.756,-1.800679133,0.001413927,0.000471345,0.000276641,-0.001386600,0.000471345,,novatel_oem7_msgs.msg.InertialSolutionStatus(status=3),
1786043881809539391,1786043881.806891311,/novatel/oem7/fix,/novatel/oem7/fix,/novatel/oem7/inspva,39.663,-75.756,-1.800679133,0.001413927,0.000471345,0.000276641,-0.001386600,0.000471345,,0,
1786043881811119624,1786043881.807747280,/novatel/oem7/odom,/novatel/oem7/fix,/novatel/oem7/odom,39.663,-75.756,-1.800679133,0.001415354,0.000467043,-0.001371339,0.000350220,0.000467043,,,
1786043881812917296,1786043881.809992240,/novatel/oem7/bestpos,/novatel/oem7/bestpos,/novatel/oem7/odom,39.663,-75.756,33.181562419,0.001415354,0.000467043,-0.001371339,0.000350220,0.000467043,,novatel_oem7_msgs.msg.SolutionStatus(status=0),novatel_oem7_msgs.msg.PositionOrVelocityType(type=53)
1786043881814105235,1786043881.810466928,/novatel/oem7/bestvel,/novatel/oem7/bestpos,/novatel/oem7/bestvel,39.663,-75.756,33.181562419,0.001405874,0.000515598,,,,278.368359002,novatel_oem7_msgs.msg.SolutionStatus(status=0),novatel_oem7_msgs.msg.PositionOrVelocityType(type=53)
1786043881816064965,1786043881.814914883,/novatel/oem7/odom,/novatel/oem7/bestpos,/novatel/oem7/odom,39.663,-75.756,33.181562419,0.001415354,0.000467043,-0.001371339,0.000350220,0.000467043,,,
1786043881826633102,1786043881.826013409,/novatel/oem7/inspva,/novatel/oem7/inspva,/novatel/oem7/inspva,39.663,-75.756,-1.800674574,0.001631088,0.000362169,0.000138757,-0.001625175,0.000362169,,novatel_oem7_msgs.msg.InertialSolutionStatus(status=3),
1786043881827928566,1786043881.826259052,/novatel/oem7/fix,/novatel/oem7/fix,/novatel/oem7/inspva,39.663,-75.756,-1.800674574,0.001631088,0.000362169,0.000138757,-0.001625175,0.000362169,,0,
1786043881828923123,1786043881.826625642,/novatel/oem7/odom,/novatel/oem7/fix,/novatel/oem7/odom,39.663,-75.756,-1.800674574,0.001632329,0.000356535,-0.001616633,0.000225818,0.000356535,,,
1786043881835567224,1786043881.834535751,/novatel/oem7/odom,/novatel/oem7/fix,/novatel/oem7/odom,39.663,-75.756,-1.800674574,0.001632329,0.000356535,-0.001616633,0.000225818,0.000356535,,,
1786043881845565239,1786043881.844863212,/novatel/oem7/inspva,/novatel/oem7/inspva,/novatel/oem7/inspva,39.663,-75.756,-1.800671331,0.001149056,0.000091347,-0.000027702,-0.001148722,0.000091347,,novatel_oem7_msgs.msg.InertialSolutionStatus(status=3),
1786043881847040868,1786043881.845049453,/novatel/oem7/fix,/novatel/oem7/fix,/novatel/oem7/inspva,39.663,-75.756,-1.800671331,0.001149056,0.000091347,-0.000027702,-0.001148722,0.000091347,,0,
1786043881848207039,1786043881.845433431,/novatel/oem7/odom,/novatel/oem7/fix,/novatel/oem7/odom,39.663,-75.756,-1.800671331,0.001149394,0.000086993,-0.001148876,0.000034494,0.000086993,,,
1786043881856909771,1786043881.856277579,/novatel/oem7/odom,/novatel/oem7/fix,/novatel/oem7/odom,39.663,-75.756,-1.800671331,0.001149394,0.000086993,-0.001148876,0.000034494,0.000086993,,,
1786043881865795589,1786043881.864957080,/novatel/oem7/inspva,/novatel/oem7/inspva,/novatel/oem7/inspva,39.663,-75.756,-1.800666255,0.001325101,-0.000104331,0.000029247,-0.001324778,-0.000104331,,novatel_oem7_msgs.msg.InertialSolutionStatus(status=3),
1786043881867942994,1786043881.865160979,/novatel/oem7/fix,/novatel/oem7/fix,/novatel/oem7/inspva,39.663,-75.756,-1.800666255,0.001325101,-0.000104331,0.000029247,-0.001324778,-0.000104331,,0,
1786043881869560713,1786043881.865674124,/novatel/oem7/odom,/novatel/oem7/fix,/novatel/oem7/odom,39.663,-75.756,-1.800666255,0.001324711,-0.000109163,-0.001320818,0.000101491,-0.000109163,,,
1786043881875299949,1786043881.874430440,/novatel/oem7/odom,/novatel/oem7/fix,/novatel/oem7/odom,39.663,-75.756,-1.800666255,0.001324711,-0.000109163,-0.001320818,0.000101491,-0.000109163,,,
1786043881887060032,1786043881.886481353,/novatel/oem7/inspva,/novatel/oem7/inspva,/novatel/oem7/inspva,39.663,-75.756,-1.800661668,0.001921595,0.000189620,0.000240494,-0.001906486,0.000189620,,novatel_oem7_msgs.msg.InertialSolutionStatus(status=3),
1786043881888503203,1786043881.886641628,/novatel/oem7/fix,/novatel/oem7/fix,/novatel/oem7/inspva,39.663,-75.756,-1.800661668,0.001921595,0.000189620,0.000240494,-0.001906486,0.000189620,,0,
1786043881889627805,1786043881.887073829,/novatel/oem7/odom,/novatel/oem7/fix,/novatel/oem7/odom,39.663,-75.756,-1.800661668,0.001922213,0.000183244,-0.001891329,0.000343188,0.000183244,,,
1786043881895757240,1786043881.895081891,/novatel/oem7/odom,/novatel/oem7/fix,/novatel/oem7/odom,39.663,-75.756,-1.800661668,0.001922213,0.000183244,-0.001891329,0.000343188,0.000183244,,,
1786043881906467974,1786043881.905703692,/novatel/oem7/inspva,/novatel/oem7/inspva,/novatel/oem7/inspva,39.663,-75.756,-1.800661691,0.001612007,-0.000373687,0.000342481,-0.001575206,-0.000373687,,novatel_oem7_msgs.msg.InertialSolutionStatus(status=3),
1786043881908020156,1786043881.905887574,/novatel/oem7/fix,/novatel/oem7/fix,/novatel/oem7/inspva,39.663,-75.756,-1.800661691,0.001612007,-0.000373687,0.000342481,-0.001575206,-0.000373687,,0,
1786043881909192334,1786043881.906326065,/novatel/oem7/odom,/novatel/oem7/fix,/novatel/oem7/odom,39.663,-75.756,-1.800661691,0.001610885,-0.000378492,-0.001552812,0.000428634,-0.000378492,,,
1786043881910802318,1786043881.908837678,/novatel/oem7/bestpos,/novatel/oem7/bestpos,/novatel/oem7/odom,39.663,-75.756,33.181580731,0.001610885,-0.000378492,-0.001552812,0.000428634,-0.000378492,,novatel_oem7_msgs.msg.SolutionStatus(status=0),novatel_oem7_msgs.msg.PositionOrVelocityType(type=53)
1786043881911779948,1786043881.909208455,/novatel/oem7/bestvel,/novatel/oem7/bestpos,/novatel/oem7/bestvel,39.663,-75.756,33.181580731,0.001649827,-0.000375582,,,,283.087279509,novatel_oem7_msgs.msg.SolutionStatus(status=0),novatel_oem7_msgs.msg.PositionOrVelocityType(type=53)
1786043881916165695,1786043881.915471165,/novatel/oem7/odom,/novatel/oem7/bestpos,/novatel/oem7/odom,39.663,-75.756,33.181580731,0.001610885,-0.000378492,-0.001552812,0.000428634,-0.000378492,,,
1786043881926433053,1786043881.925461000,/novatel/oem7/inspva,/novatel/oem7/inspva,/novatel/oem7/inspva,39.663,-75.756,-1.800652185,0.001576133,0.000518720,0.000258578,-0.001554777,0.000518720,,novatel_oem7_msgs.msg.InertialSolutionStatus(status=3),
1786043881928503938,1786043881.925713803,/novatel/oem7/fix,/novatel/oem7/fix,/novatel/oem7/inspva,39.663,-75.756,-1.800652185,0.001576133,0.000518720,0.000258578,-0.001554777,0.000518720,,0,
1786043881930118218,1786043881.926240155,/novatel/oem7/odom,/novatel/oem7/fix,/novatel/oem7/odom,39.663,-75.756,-1.800652185,0.001577770,0.000513720,-0.001540437,0.000341191,0.000513720,,,
1786043881935809979,1786043881.934969700,/novatel/oem7/odom,/novatel/oem7/fix,/novatel/oem7/odom,39.663,-75.756,-1.800652185,0.001577770,0.000513720,-0.001540437,0.000341191,0.000513720,,,
1786043881946870636,1786043881.946232782,/novatel/oem7/inspva,/novatel/oem7/inspva,/novatel/oem7/inspva,39.663,-75.756,-1.800651812,0.001680030,0.000162013,0.000153385,-0.001673013,0.000162013,,novatel_oem7_msgs.msg.InertialSolutionStatus(status=3),
1786043881948401537,1786043881.946389211,/novatel/oem7/fix,/novatel/oem7/fix,/novatel/oem7/inspva,39.663,-75.756,-1.800651812,0.001680030,0.000162013,0.000153385,-0.001673013,0.000162013,,0,
1786043881949589400,1786043881.946833031,/novatel/oem7/odom,/novatel/oem7/fix,/novatel/oem7/odom,39.663,-75.756,-1.800651812,0.001680576,0.000156242,-0.001662828,0.000243595,0.000156242,,,
1786043881957319235,1786043881.956119416,/novatel/oem7/odom,/novatel/oem7/fix,/novatel/oem7/odom,39.663,-75.756,-1.800651812,0.001680576,0.000156242,-0.001662828,0.000243595,0.000156242,,,
1786043881966086382,1786043881.965183459,/novatel/oem7/inspva,/novatel/oem7/inspva,/novatel/oem7/inspva,39.663,-75.756,-1.800649108,0.001527376,0.000072906,0.000238895,-0.001508578,0.000072906,,novatel_oem7_msgs.msg.InertialSolutionStatus(status=3),
1786043881968092652,1786043881.965506172,/novatel/oem7/fix,/novatel/oem7/fix,/novatel/oem7/inspva,39.663,-75.756,-1.800649108,0.001527376,0.000072906,0.000238895,-0.001508578,0.000072906,,0,
1786043881969636064,1786043881.965891466,/novatel/oem7/odom,/novatel/oem7/fix,/novatel/oem7/odom,39.663,-75.756,-1.800649108,0.001527602,0.000068011,-0.001493646,0.000320295,0.000068011,,,
1786043881976664739,1786043881.975744540,/novatel/oem7/odom,/novatel/oem7/fix,/novatel/oem7/odom,39.663,-75.756,-1.800649108,0.001527602,0.000068011,-0.001493646,0.000320295,0.000068011,,,
1786043881986044345,1786043881.985150912,/novatel/oem7/inspva,/novatel/oem7/inspva,/novatel/oem7/inspva,39.663,-75.756,-1.800645845,0.001639637,-0.000107957,0.000318430,-0.001608419,-0.000107957,,novatel_oem7_msgs.msg.InertialSolutionStatus(status=3),
1786043881987807919,1786043881.985507923,/novatel/oem7/fix,/novatel/oem7/fix,/novatel/oem7/inspva,39.663,-75.756,-1.800645845,0.001639637,-0.000107957,0.000318430,-0.001608419,-0.000107957,,0,
1786043881988945821,1786043881.986031991,/novatel/oem7/odom,/novatel/oem7/fix,/novatel/oem7/odom,39.663,-75.756,-1.800645845,0.001639298,-0.000112984,-0.001588316,0.000405650,-0.000112984,,,
1786043881996144801,1786043881.994970347,/novatel/oem7/odom,/novatel/oem7/fix,/novatel/oem7/odom,39.663,-75.756,-1.800645845,0.001639298,-0.000112984,-0.001588316,0.000405650,-0.000112984,,,
1786043882011028530,1786043882.010114350,/novatel/oem7/inspva,/novatel/oem7/inspva,/novatel/oem7/inspva,39.663,-75.756,-1.800642125,0.001987723,0.000023434,0.000276904,-0.001968341,0.000023434,,novatel_oem7_msgs.msg.InertialSolutionStatus(status=3),
1786043882012665466,1786043882.010458000,/novatel/oem7/fix,/novatel/oem7/fix,/novatel/oem7/inspva,39.663,-75.756,-1.800642125,0.001987723,0.000023434,0.000276904,-0.001968341,0.000023434,,0,
1786043882013804954,1786043882.011560425,/novatel/oem7/odom,/novatel/oem7/fix,/novatel/oem7/odom,39.663,-75.756,-1.800642125,0.001987789,0.000016932,-0.001950470,0.000383366,0.000016932,,,
1786043882016651207,1786043882.015831470,/novatel/oem7/odom,/novatel/oem7/fix,/novatel/oem7/odom,39.663,-75.756,-1.800642125,0.001987789,0.000016932,-0.001950470,0.000383366,0.000016932,,,
1786043882026087580,1786043882.025326889,/novatel/oem7/bestpos,/novatel/oem7/bestpos,/novatel/oem7/odom,39.663,-75.756,33.181601500,0.001987789,0.000016932,-0.001950470,0.000383366,0.000016932,,novatel_oem7_msgs.msg.SolutionStatus(status=0),novatel_oem7_msgs.msg.PositionOrVelocityType(type=53)
1786043882027740283,1786043882.026144920,/novatel/oem7/bestvel,/novatel/oem7/bestpos,/novatel/oem7/bestvel,39.663,-75.756,33.181601500,0.001971658,0.000151179,,,,271.748521481,novatel_oem7_msgs.msg.SolutionStatus(status=0),novatel_oem7_msgs.msg.PositionOrVelocityType(type=53)
1786043882028748497,1786043882.027031113,/novatel/oem7/inspva,/novatel/oem7/inspva,/novatel/oem7/inspva,39.663,-75.756,-1.800638548,0.002099467,0.000078350,0.000326019,-0.002074000,0.000078350,,novatel_oem7_msgs.msg.InertialSolutionStatus(status=3),
1786043882030112858,1786043882.027232891,/novatel/oem7/fix,/novatel/oem7/fix,/novatel/oem7/inspva,39.663,-75.756,-1.800638548,0.002099467,0.000078350,0.000326019,-0.002074000,0.000078350,,0,
1786043882031254439,1786043882.027702122,/novatel/oem7/odom,/novatel/oem7/fix,/novatel/oem7/odom,39.663,-75.756,-1.800638548,0.002099709,0.000071578,-0.002053518,0.000437996,0.000071578,,,
1786043882036327061,1786043882.035521740,/novatel/oem7/odom,/novatel/oem7/fix,/novatel/oem7/odom,39.663,-75.756,-1.800638548,0.002099709,0.000071578,-0.002053518,0.000437996,0.000071578,,,
1786043882045889195,1786043882.045273845,/novatel/oem7/inspva,/novatel/oem7/inspva,/novatel/oem7/inspva,39.663,-75.756,-1.800635993,0.001794442,-0.000023607,0.000281620,-0.001772206,-0.000023607,,novatel_oem7_msgs.msg.InertialSolutionStatus(status=3),
1786043882047304116,1786043882.045513432,/novatel/oem7/fix,/novatel/oem7/fix,/novatel/oem7/inspva,39.663,-75.756,-1.800635993,0.001794442,-0.000023607,0.000281620,-0.001772206,-0.000023607,,0,
1786043882048445911,1786043882.045990961,/novatel/oem7/odom,/novatel/oem7/fix,/novatel/oem7/odom,39.663,-75.756,-1.800635993,0.001794357,-0.000029383,-0.001754187,0.000377553,-0.000029383,,,
1786043882057677779,1786043882.056604858,/novatel/oem7/odom,/novatel/oem7/fix,/novatel/oem7/odom,39.663,-75.756,-1.800635993,0.001794357,-0.000029383,-0.001754187,0.000377553,-0.000029383,,,
1786043882067084118,1786043882.066290083,/novatel/oem7/inspva,/novatel/oem7/inspva,/novatel/oem7/inspva,39.663,-75.756,-1.800632846,0.001993982,0.000035159,0.000172273,-0.001986526,0.000035159,,novatel_oem7_msgs.msg.InertialSolutionStatus(status=3),
1786043882069071575,1786043882.066605737,/novatel/oem7/fix,/novatel/oem7/fix,/novatel/oem7/inspva,39.663,-75.756,-1.800632846,0.001993982,0.000035159,0.000172273,-0.001986526,0.000035159,,0,
1786043882070632014,1786043882.067016581,/novatel/oem7/odom,/novatel/oem7/fix,/novatel/oem7/odom,39.663,-75.756,-1.800632846,0.001994091,0.000028255,-0.001974357,0.000279849,0.000028255,,,
1786043882075649119,1786043882.074713269,/novatel/oem7/odom,/novatel/oem7/fix,/novatel/oem7/odom,39.663,-75.756,-1.800632846,0.001994091,0.000028255,-0.001974357,0.000279849,0.000028255,,,
1786043882086312781,1786043882.085305931,/novatel/oem7/inspva,/novatel/oem7/inspva,/novatel/oem7/inspva,39.663,-75.756,-1.800629579,0.001819195,0.000212924,0.000093460,-0.001816792,0.000212924,,novatel_oem7_msgs.msg.InertialSolutionStatus(status=3),
1786043882088319148,1786043882.085600500,/novatel/oem7/fix,/novatel/oem7/fix,/novatel/oem7/inspva,39.663,-75.756,-1.800629579,0.001819195,0.000212924,0.000093460,-0.001816792,0.000212924,,0,
1786043882089766689,1786043882.086031835,/novatel/oem7/odom,/novatel/oem7/fix,/novatel/oem7/odom,39.663,-75.756,-1.800629579,0.001819944,0.000206421,-0.001809848,0.000191436,0.000206421,,,
1786043882096954172,1786043882.095918971,/novatel/oem7/odom,/novatel/oem7/fix,/novatel/oem7/odom,39.663,-75.756,-1.800629579,0.001819944,0.000206421,-0.001809848,0.000191436,0.000206421,,,
1786043882106705879,1786043882.105940411,/novatel/oem7/inspva,/novatel/oem7/inspva,/novatel/oem7/inspva,39.663,-75.756,-1.800628240,0.001918789,-0.000023731,-0.000055603,-0.001917983,-0.000023731,,novatel_oem7_msgs.msg.InertialSolutionStatus(status=3),
1786043882108022822,1786043882.106142740,/novatel/oem7/fix,/novatel/oem7/fix,/novatel/oem7/inspva,39.663,-75.756,-1.800628240,0.001918789,-0.000023731,-0.000055603,-0.001917983,-0.000023731,,0,
1786043882109095773,1786043882.106506040,/novatel/oem7/odom,/novatel/oem7/fix,/novatel/oem7/odom,39.663,-75.756,-1.800628240,0.001918684,-0.000031082,-0.001918063,0.000048782,-0.000031082,,,
1786043882110771350,1786043882.109595680,/novatel/oem7/bestpos,/novatel/oem7/bestpos,/novatel/oem7/odom,39.663,-75.756,33.181598119,0.001918684,-0.000031082,-0.001918063,0.000048782,-0.000031082,,novatel_oem7_msgs.msg.SolutionStatus(status=0),novatel_oem7_msgs.msg.PositionOrVelocityType(type=53)
1786043882112219578,1786043882.110526831,/novatel/oem7/bestvel,/novatel/oem7/bestpos,/novatel/oem7/bestvel,39.663,-75.756,33.181598119,0.001928280,-0.000000132,,,,267.360644736,novatel_oem7_msgs.msg.SolutionStatus(status=0),novatel_oem7_msgs.msg.PositionOrVelocityType(type=53)
1786043882115438728,1786043882.114506725,/novatel/oem7/odom,/novatel/oem7/bestpos,/novatel/oem7/odom,39.663,-75.756,33.181598119,0.001918684,-0.000031082,-0.001918063,0.000048782,-0.000031082,,,
1786043882127480951,1786043882.126561648,/novatel/oem7/inspva,/novatel/oem7/inspva,/novatel/oem7/inspva,39.663,-75.756,-1.800624073,0.001995019,0.000014298,0.000220501,-0.001982796,0.000014298,,novatel_oem7_msgs.msg.InertialSolutionStatus(status=3),
1786043882129208398,1786043882.126703686,/novatel/oem7/fix,/novatel/oem7/fix,/novatel/oem7/inspva,39.663,-75.756,-1.800624073,0.001995019,0.000014298,0.000220501,-0.001982796,0.000014298,,0,
1786043882130592619,1786043882.127380440,/novatel/oem7/odom,/novatel/oem7/fix,/novatel/oem7/odom,39.663,-75.756,-1.800624073,0.001995056,0.000007565,-0.001967924,0.000327902,0.000007565,,,
1786043882135556860,1786043882.134651171,/novatel/oem7/odom,/novatel/oem7/fix,/novatel/oem7/odom,39.663,-75.756,-1.800624073,0.001995056,0.000007565,-0.001967924,0.000327902,0.000007565,,,
1786043882146289885,1786043882.145290107,/novatel/oem7/inspva,/novatel/oem7/inspva,/novatel/oem7/inspva,39.663,-75.756,-1.800619550,0.002377885,0.000320117,-0.000072023,-0.002376794,0.000320117,,novatel_oem7_msgs.msg.InertialSolutionStatus(status=3),
1786043882148236625,1786043882.145451010,/novatel/oem7/fix,/novatel/oem7/fix,/novatel/oem7/inspva,39.663,-75.756,-1.800619550,0.002377885,0.000320117,-0.000072023,-0.002376794,0.000320117,,0,
1786043882149537479,1786043882.146086407,/novatel/oem7/odom,/novatel/oem7/fix,/novatel/oem7/odom,39.663,-75.756,-1.800619550,0.002379097,0.000310984,-0.002378429,0.000056361,0.000310984,,,
1786043882156690245,1786043882.155738446,/novatel/oem7/odom,/novatel/oem7/fix,/novatel/oem7/odom,39.663,-75.756,-1.800619550,0.002379097,0.000310984,-0.002378429,0.000056361,0.000310984,,,
1786043882166060144,1786043882.165260218,/novatel/oem7/inspva,/novatel/oem7/inspva,/novatel/oem7/inspva,39.663,-75.756,-1.800620467,0.001911086,-0.000175071,0.000123187,-0.001907111,-0.000175071,,novatel_oem7_msgs.msg.InertialSolutionStatus(status=3),
1786043882168078468,1786043882.165383118,/novatel/oem7/fix,/novatel/oem7/fix,/novatel/oem7/inspva,39.663,-75.756,-1.800620467,0.001911086,-0.000175071,0.000123187,-0.001907111,-0.000175071,,0,
1786043882169564350,1786043882.166120765,/novatel/oem7/odom,/novatel/oem7/fix,/novatel/oem7/odom,39.663,-75.756,-1.800620467,0.001910454,-0.000181835,-0.001896902,0.000227155,-0.000181835,,,
1786043882175646625,1786043882.174745390,/novatel/oem7/odom,/novatel/oem7/fix,/novatel/oem7/odom,39.663,-75.756,-1.800620467,0.001910454,-0.000181835,-0.001896902,0.000227155,-0.000181835,,,
1786043882186812336,1786043882.185990994,/novatel/oem7/inspva,/novatel/oem7/inspva,/novatel/oem7/inspva,39.663,-75.756,-1.800616873,0.002352123,0.000115659,-0.000054310,-0.002351495,0.000115659,,novatel_oem7_msgs.msg.InertialSolutionStatus(status=3),
1786043882188166530,1786043882.186201769,/novatel/oem7/fix,/novatel/oem7/fix,/novatel/oem7/inspva,39.663,-75.756,-1.800616873,0.002352123,0.000115659,-0.000054310,-0.002351495,0.000115659,,0,
1786043882189220707,1786043882.186675031,/novatel/oem7/odom,/novatel/oem7/fix,/novatel/oem7/odom,39.663,-75.756,-1.800616873,0.002352548,0.000106650,-0.002351407,0.000073255,0.000106650,,,
1786043882195308609,1786043882.194611768,/novatel/oem7/odom,/novatel/oem7/fix,/novatel/oem7/odom,39.663,-75.756,-1.800616873,0.002352548,0.000106650,-0.002351407,0.000073255,0.000106650,,,
1786043882208495704,1786043882.207346898,/novatel/oem7/inspva,/novatel/oem7/inspva,/novatel/oem7/inspva,39.663,-75.756,-1.800614912,0.002286864,0.000022076,-0.000188014,-0.002279122,0.000022076,,novatel_oem7_msgs.msg.InertialSolutionStatus(status=3),
1786043882210053943,1786043882.207599336,/novatel/oem7/fix,/novatel/oem7/fix,/novatel/oem7/inspva,39.663,-75.756,-1.800614912,0.002286864,0.000022076,-0.000188014,-0.002279122,0.000022076,,0,
1786043882211195454,1786043882.208169037,/novatel/oem7/odom,/novatel/oem7/fix,/novatel/oem7/odom,39.663,-75.756,-1.800614912,0.002286934,0.000012955,-0.002286041,-0.000063909,0.000012955,,,
1786043882212685280,1786043882.210112642,/novatel/oem7/bestpos,/novatel/oem7/bestpos,/novatel/oem7/odom,39.663,-75.756,33.181615864,0.002286934,0.000012955,-0.002286041,-0.000063909,0.000012955,,novatel_oem7_msgs.msg.SolutionStatus(status=0),novatel_oem7_msgs.msg.PositionOrVelocityType(type=53)
1786043882213607376,1786043882.210447755,/novatel/oem7/bestvel,/novatel/oem7/bestpos,/novatel/oem7/bestvel,39.663,-75.756,33.181615864,0.002634429,0.000270781,,,,263.031382337,novatel_oem7_msgs.msg.SolutionStatus(status=0),novatel_oem7_msgs.msg.PositionOrVelocityType(type=53)
1786043882216097237,1786043882.215410614,/novatel/oem7/odom,/novatel/oem7/bestpos,/novatel/oem7/odom,39.663,-75.756,33.181615864,0.002286934,0.000012955,-0.002286041,-0.000063909,0.000012955,,,
1786043882225677755,1786043882.225006496,/novatel/oem7/inspva,/novatel/oem7/inspva,/novatel/oem7/inspva,39.663,-75.756,-1.800611050,0.002258158,0.000268852,-0.000175176,-0.002251353,0.000268852,,novatel_oem7_msgs.msg.InertialSolutionStatus(status=3),
1786043882226994876,1786043882.225080219,/novatel/oem7/fix,/novatel/oem7/fix,/novatel/oem7/inspva,39.663,-75.756,-1.800611050,0.002258158,0.000268852,-0.000175176,-0.002251353,0.000268852,,0,
1786043882228036299,1786043882.225529384,/novatel/oem7/odom,/novatel/oem7/fix,/novatel/oem7/odom,39.663,-75.756,-1.800611050,0.002259211,0.000259859,-0.002258582,-0.000053293,0.000259859,,,
1786043882235161226,1786043882.234346694,/novatel/oem7/odom,/novatel/oem7/fix,/novatel/oem7/odom,39.663,-75.756,-1.800611050,0.002259211,0.000259859,-0.002258582,-0.000053293,0.000259859,,,
1786043882247748987,1786043882.246562566,/novatel/oem7/inspva,/novatel/oem7/inspva,/novatel/oem7/inspva,39.663,-75.756,-1.800610998,0.002409980,-0.000187347,-0.000219438,-0.002399969,-0.000187347,,novatel_oem7_msgs.msg.InertialSolutionStatus(status=3),
1786043882249793248,1786043882.246745741,/novatel/oem7/fix,/novatel/oem7/fix,/novatel/oem7/inspva,39.663,-75.756,-1.800610998,0.002409980,-0.000187347,-0.000219438,-0.002399969,-0.000187347,,0,
1786043882251227860,1786043882.247319940,/novatel/oem7/odom,/novatel/oem7/fix,/novatel/oem7/odom,39.663,-75.756,-1.800610998,0.002409209,-0.000197010,-0.002407597,-0.000088125,-0.000197010,,,
1786043882257772833,1786043882.256822700,/novatel/oem7/odom,/novatel/oem7/fix,/novatel/oem7/odom,39.663,-75.756,-1.800610998,0.002409209,-0.000197010,-0.002407597,-0.000088125,-0.000197010,,,
1786043882265639750,1786043882.264922856,/novatel/oem7/inspva,/novatel/oem7/inspva,/novatel/oem7/inspva,39.663,-75.756,-1.800605625,0.002572950,0.000112359,-0.000430064,-0.002536753,0.000112359,,novatel_oem7_msgs.msg.InertialSolutionStatus(status=3),
1786043882266986813,1786043882.265024010,/novatel/oem7/fix,/novatel/oem7/fix,/novatel/oem7/inspva,39.663,-75.756,-1.800605625,0.002572950,0.000112359,-0.000430064,-0.002536753,0.000112359,,0,
1786043882268055034,1786043882.265477431,/novatel/oem7/odom,/novatel/oem7/fix,/novatel/oem7/odom,39.663,-75.756,-1.800605625,0.002573400,0.000101526,-0.002556799,-0.000291835,0.000101526,,,
1786043882276729716,1786043882.275692489,/novatel/oem7/odom,/novatel/oem7/fix,/novatel/oem7/odom,39.663,-75.756,-1.800605625,0.002573400,0.000101526,-0.002556799,-0.000291835,0.000101526,,,
1786043882285907319,1786043882.285259850,/novatel/oem7/inspva,/novatel/oem7/inspva,/novatel/oem7/inspva,39.663,-75.756,-1.800605704,0.002329429,-0.000052181,-0.000316715,-0.002307797,-0.000052181,,novatel_oem7_msgs.msg.InertialSolutionStatus(status=3),
1786043882287367638,1786043882.285385812,/novatel/oem7/fix,/novatel/oem7/fix,/novatel/oem7/inspva,39.663,-75.756,-1.800605704,0.002329429,-0.000052181,-0.000316715,-0.002307797,-0.000052181,,0,
1786043882288467562,1786043882.285946527,/novatel/oem7/odom,/novatel/oem7/fix,/novatel/oem7/odom,39.663,-75.756,-1.800605704,0.002329193,-0.000061825,-0.002321377,-0.000190652,-0.000061825,,,
1786043882295655646,1786043882.294922641,/novatel/oem7/odom,/novatel/oem7/fix,/novatel/oem7/odom,39.663,-75.756,-1.800605704,0.002329193,-0.000061825,-0.002321377,-0.000190652,-0.000061825,,,
1786043882306762219,1786043882.305779112,/novatel/oem7/inspva,/novatel/oem7/inspva,/novatel/oem7/inspva,39.663,-75.756,-1.800605367,0.002363505,-0.000090825,-0.000376342,-0.002333350,-0.000090825,,novatel_oem7_msgs.msg.InertialSolutionStatus(status=3),
1786043882308450746,1786043882.305995124,/novatel/oem7/fix,/novatel/oem7/fix,/novatel/oem7/inspva,39.663,-75.756,-1.800605367,0.002363505,-0.000090825,-0.000376342,-0.002333350,-0.000090825,,0,
1786043882309630335,1786043882.306637881,/novatel/oem7/odom,/novatel/oem7/fix,/novatel/oem7/odom,39.663,-75.756,-1.800605367,0.002363102,-0.000100756,-0.002349981,-0.000248680,-0.000100756,,,
1786043882311157277,1786043882.308827438,/novatel/oem7/bestpos,/novatel/oem7/bestpos,/novatel/oem7/odom,39.663,-75.756,33.181619576,0.002363102,-0.000100756,-0.002349981,-0.000248680,-0.000100756,,novatel_oem7_msgs.msg.SolutionStatus(status=0),novatel_oem7_msgs.msg.PositionOrVelocityType(type=53)
1786043882312133841,1786043882.309161275,/novatel/oem7/bestvel,/novatel/oem7/bestpos,/novatel/oem7/bestvel,39.663,-75.756,33.181619576,0.002222908,-0.000214374,,,,262.850063038,novatel_oem7_msgs.msg.SolutionStatus(status=0),novatel_oem7_msgs.msg.PositionOrVelocityType(type=53)
1786043882315251839,1786043882.314510061,/novatel/oem7/odom,/novatel/oem7/bestpos,/novatel/oem7/odom,39.663,-75.756,33.181619576,0.002363102,-0.000100756,-0.002349981,-0.000248680,-0.000100756,,,
1786043882325757586,1786043882.325102486,/novatel/oem7/inspva,/novatel/oem7/inspva,/novatel/oem7/inspva,39.663,-75.756,-1.800603569,0.002484675,0.000030219,-0.000608317,-0.002409058,0.000030219,,novatel_oem7_msgs.msg.InertialSolutionStatus(status=3),
1786043882327175890,1786043882.325258648,/novatel/oem7/fix,/novatel/oem7/fix,/novatel/oem7/inspva,39.663,-75.756,-1.800603569,0.002484675,0.000030219,-0.000608317,-0.002409058,0.000030219,,0,
1786043882328249548,1786043882.325723019,/novatel/oem7/odom,/novatel/oem7/fix,/novatel/oem7/odom,39.663,-75.756,-1.800603569,0.002484784,0.000019308,-0.002438662,-0.000476529,0.000019308,,,
1786043882336180269,1786043882.335385454,/novatel/oem7/odom,/novatel/oem7/fix,/novatel/oem7/odom,39.663,-75.756,-1.800603569,0.002484784,0.000019308,-0.002438662,-0.000476529,0.000019308,,,
1786043882345931392,1786043882.345112876,/novatel/oem7/inspva,/novatel/oem7/inspva,/novatel/oem7/inspva,39.663,-75.756,-1.800606277,0.002409946,0.000036707,-0.000602364,-0.002333452,0.000036707,,novatel_oem7_msgs.msg.InertialSolutionStatus(status=3),
1786043882347717660,1786043882.345247777,/novatel/oem7/fix,/novatel/oem7/fix,/novatel/oem7/inspva,39.663,-75.756,-1.800606277,0.002409946,0.000036707,-0.000602364,-0.002333452,0.000036707,,0,
1786043882348907196,1786043882.345990059,/novatel/oem7/odom,/novatel/oem7/fix,/novatel/oem7/odom,39.663,-75.756,-1.800606277,0.002410084,0.000026101,-0.002362867,-0.000474727,0.000026101,,,
1786043882356222697,1786043882.355524050,/novatel/oem7/odom,/novatel/oem7/fix,/novatel/oem7/odom,39.663,-75.756,-1.800606277,0.002410084,0.000026101,-0.002362867,-0.000474727,0.000026101,,,
1786043882367298157,1786043882.366595876,/novatel/oem7/inspva,/novatel/oem7/inspva,/novatel/oem7/inspva,39.663,-75.756,-1.800610266,0.002297704,-0.000260932,-0.000633289,-0.002208707,-0.000260932,,novatel_oem7_msgs.msg.InertialSolutionStatus(status=3),
1786043882368786245,1786043882.366949906,/novatel/oem7/fix,/novatel/oem7/fix,/novatel/oem7/inspva,39.663,-75.756,-1.800610266,0.002297704,-0.000260932,-0.000633289,-0.002208707,-0.000260932,,0,
1786043882369910080,1786043882.367378680,/novatel/oem7/odom,/novatel/oem7/fix,/novatel/oem7/odom,39.663,-75.756,-1.800610266,0.002296520,-0.000271153,-0.002238821,-0.000511553,-0.000271153,,,
1786043882375259378,1786043882.374539800,/novatel/oem7/odom,/novatel/oem7/fix,/novatel/oem7/odom,39.663,-75.756,-1.800610266,0.002296520,-0.000271153,-0.002238821,-0.000511553,-0.000271153,,,
1786043882385978897,1786043882.385365858,/novatel/oem7/inspva,/novatel/oem7/inspva,/novatel/oem7/inspva,39.663,-75.756,-1.800612839,0.002367695,-0.000337535,-0.000389651,-0.002335412,-0.000337535,,novatel_oem7_msgs.msg.InertialSolutionStatus(status=3),
1786043882387378614,1786043882.385517575,/novatel/oem7/fix,/novatel/oem7/fix,/novatel/oem7/inspva,39.663,-75.756,-1.800612839,0.002367695,-0.000337535,-0.000389651,-0.002335412,-0.000337535,,0,
1786043882388500530,1786043882.385945987,/novatel/oem7/odom,/novatel/oem7/fix,/novatel/oem7/odom,39.663,-75.756,-1.800612839,0.002366255,-0.000347487,-0.002351798,-0.000261165,-0.000347487,,,
1786043882396262032,1786043882.395571182,/novatel/oem7/odom,/novatel/oem7/fix,/novatel/oem7/odom,39.663,-75.756,-1.800612839,0.002366255,-0.000347487,-0.002351798,-0.000261165,-0.000347487,,,
1786043882407245464,1786043882.406467786,/novatel/oem7/inspva,/novatel/oem7/inspva,/novatel/oem7/inspva,39.663,-75.756,-1.800610413,0.002503556,0.000255587,-0.000509241,-0.002451217,0.000255587,,novatel_oem7_msgs.msg.InertialSolutionStatus(status=3),
1786043882408841317,1786043882.406683778,/novatel/oem7/fix,/novatel/oem7/fix,/novatel/oem7/inspva,39.663,-75.756,-1.800610413,0.002503556,0.000255587,-0.000509241,-0.002451217,0.000255587,,0,
1786043882409972339,1786043882.407207014,/novatel/oem7/odom,/novatel/oem7/fix,/novatel/oem7/odom,39.663,-75.756,-1.800610413,0.002504631,0.000244828,-0.002476255,-0.000375947,0.000244828,,,
1786043882411595378,1786043882.410110540,/novatel/oem7/bestpos,/novatel/oem7/bestpos,/novatel/oem7/odom,39.663,-75.756,33.181618681,0.002504631,0.000244828,-0.002476255,-0.000375947,0.000244828,,novatel_oem7_msgs.msg.SolutionStatus(status=0),novatel_oem7_msgs.msg.PositionOrVelocityType(type=53)
1786043882412597518,1786043882.410589448,/novatel/oem7/bestvel,/novatel/oem7/bestpos,/novatel/oem7/bestvel,39.663,-75.756,33.181618681,0.002689121,0.000293781,,,,261.635621757,novatel_oem7_msgs.msg.SolutionStatus(status=0),novatel_oem7_msgs.msg.PositionOrVelocityType(type=53)
1786043882415231962,1786043882.414559662,/novatel/oem7/odom,/novatel/oem7/bestpos,/novatel/oem7/odom,39.663,-75.756,33.181618681,0.002504631,0.000244828,-0.002476255,-0.000375947,0.000244828,,,
1786043882426812127,1786043882.426237832,/novatel/oem7/inspva,/novatel/oem7/inspva,/novatel/oem7/inspva,39.663,-75.756,-1.800616258,0.002258566,-0.000114057,-0.000380959,-0.002226205,-0.000114057,,novatel_oem7_msgs.msg.InertialSolutionStatus(status=3),
1786043882428207501,1786043882.426344591,/novatel/oem7/fix,/novatel/oem7/fix,/novatel/oem7/inspva,39.663,-75.756,-1.800616258,0.002258566,-0.000114057,-0.000380959,-0.002226205,-0.000114057,,0,
1786043882429302532,1786043882.426821347,/novatel/oem7/odom,/novatel/oem7/fix,/novatel/oem7/odom,39.663,-75.756,-1.800616258,0.002258064,-0.000123582,-0.002243155,-0.000259054,-0.000123582,,,
1786043882435608940,1786043882.434821225,/novatel/oem7/odom,/novatel/oem7/fix,/novatel/oem7/odom,39.663,-75.756,-1.800616258,0.002258064,-0.000123582,-0.002243155,-0.000259054,-0.000123582,,,
1786043882445627582,1786043882.445006555,/novatel/oem7/inspva,/novatel/oem7/inspva,/novatel/oem7/inspva,39.663,-75.756,-1.800617732,0.002461804,-0.000148610,-0.000778867,-0.002335347,-0.000148610,,novatel_oem7_msgs.msg.InertialSolutionStatus(status=3),
1786043882447035097,1786043882.445137079,/novatel/oem7/fix,/novatel/oem7/fix,/novatel/oem7/inspva,39.663,-75.756,-1.800617732,0.002461804,-0.000148610,-0.000778867,-0.002335347,-0.000148610,,0,
1786043882448130461,1786043882.445628505,/novatel/oem7/odom,/novatel/oem7/fix,/novatel/oem7/odom,39.663,-75.756,-1.800617732,0.002461105,-0.000159773,-0.002373627,-0.000650334,-0.000159773,,,
1786043882457021342,1786043882.456247677,/novatel/oem7/odom,/novatel/oem7/fix,/novatel/oem7/odom,39.663,-75.756,-1.800617732,0.002461105,-0.000159773,-0.002373627,-0.000650334,-0.000159773,,,
1786043882466359284,1786043882.465291167,/novatel/oem7/inspva,/novatel/oem7/inspva,/novatel/oem7/inspva,39.663,-75.756,-1.800623154,0.002166640,-0.000205726,-0.000450555,-0.002119276,-0.000205726,,novatel_oem7_msgs.msg.InertialSolutionStatus(status=3),
1786043882468226019,1786043882.466403047,/novatel/oem7/fix,/novatel/oem7/fix,/novatel/oem7/inspva,39.663,-75.756,-1.800623154,0.002166640,-0.000205726,-0.000450555,-0.002119276,-0.000205726,,0,
1786043882470159496,1786043882.467647210,/novatel/oem7/odom,/novatel/oem7/fix,/novatel/oem7/odom,39.663,-75.756,-1.800623154,0.002165734,-0.000215055,-0.002139814,-0.000334064,-0.000215055,,,
1786043882475756966,1786043882.474910307,/novatel/oem7/odom,/novatel/oem7/fix,/novatel/oem7/odom,39.663,-75.756,-1.800623154,0.002165734,-0.000215055,-0.002139814,-0.000334064,-0.000215055,,,
1786043882487310217,1786043882.486580645,/novatel/oem7/inspva,/novatel/oem7/inspva,/novatel/oem7/inspva,39.663,-75.756,-1.800626760,0.002487062,-0.000108237,-0.000795791,-0.002356309,-0.000108237,,novatel_oem7_msgs.msg.InertialSolutionStatus(status=3),
1786043882488964460,1786043882.486750420,/novatel/oem7/fix,/novatel/oem7/fix,/novatel/oem7/inspva,39.663,-75.756,-1.800626760,0.002487062,-0.000108237,-0.000795791,-0.002356309,-0.000108237,,0,
1786043882490141719,1786043882.487143659,/novatel/oem7/odom,/novatel/oem7/fix,/novatel/oem7/odom,39.663,-75.756,-1.800626760,0.002486545,-0.000119521,-0.002395642,-0.000666187,-0.000119521,,,
1786043882496637613,1786043882.495870941,/novatel/oem7/odom,/novatel/oem7/fix,/novatel/oem7/odom,39.663,-75.756,-1.800626760,0.002486545,-0.000119521,-0.002395642,-0.000666187,-0.000119521,,,
1786043882506848420,1786043882.505915407,/novatel/oem7/inspva,/novatel/oem7/inspva,/novatel/oem7/inspva,39.663,-75.756,-1.800635129,0.002235234,-0.000562345,-0.000412179,-0.002196902,-0.000562345,,novatel_oem7_msgs.msg.InertialSolutionStatus(status=3),
1786043882508374638,1786043882.506155810,/novatel/oem7/fix,/novatel/oem7/fix,/novatel/oem7/inspva,39.663,-75.756,-1.800635129,0.002235234,-0.000562345,-0.000412179,-0.002196902,-0.000562345,,0,
1786043882509525077,1786043882.506495949,/novatel/oem7/odom,/novatel/oem7/fix,/novatel/oem7/odom,39.663,-75.756,-1.800635129,0.002232820,-0.000571851,-0.002213840,-0.000290516,-0.000571851,,,
1786043882511813777,1786043882.511094789,/novatel/oem7/bestpos,/novatel/oem7/bestpos,/novatel/oem7/odom,39.663,-75.756,33.181597430,0.002232820,-0.000571851,-0.002213840,-0.000290516,-0.000571851,,novatel_oem7_msgs.msg.SolutionStatus(status=0),novatel_oem7_msgs.msg.PositionOrVelocityType(type=53)
1786043882513252872,1786043882.511483613,/novatel/oem7/bestvel,/novatel/oem7/bestpos,/novatel/oem7/bestvel,39.663,-75.756,33.181597430,0.002163172,-0.000476731,,,,251.499050890,novatel_oem7_msgs.msg.SolutionStatus(status=0),novatel_oem7_msgs.msg.PositionOrVelocityType(type=53)
1786043882516265366,1786043882.515518171,/novatel/oem7/odom,/novatel/oem7/bestpos,/novatel/oem7/odom,39.663,-75.756,33.181597430,0.002232820,-0.000571851,-0.002213840,-0.000290516,-0.000571851,,,
1786043882526522847,1786043882.525816610,/novatel/oem7/inspva,/novatel/oem7/inspva,/novatel/oem7/inspva,39.663,-75.756,-1.800638178,0.002604825,-0.000165734,-0.000650201,-0.002522371,-0.000165734,,novatel_oem7_msgs.msg.InertialSolutionStatus(status=3),
1786043882528026246,1786043882.526021192,/novatel/oem7/fix,/novatel/oem7/fix,/novatel/oem7/inspva,39.663,-75.756,-1.800638178,0.002604825,-0.000165734,-0.000650201,-0.002522371,-0.000165734,,0,
1786043882529117840,1786043882.526672549,/novatel/oem7/odom,/novatel/oem7/fix,/novatel/oem7/odom,39.663,-75.756,-1.800638178,0.002604071,-0.000177197,-0.002553318,-0.000511617,-0.000177197,,,
1786043882535942020,1786043882.535143845,/novatel/oem7/odom,/novatel/oem7/fix,/novatel/oem7/odom,39.663,-75.756,-1.800638178,0.002604071,-0.000177197,-0.002553318,-0.000511617,-0.000177197,,,
1786043882546896681,1786043882.546175874,/novatel/oem7/inspva,/novatel/oem7/inspva,/novatel/oem7/inspva,39.663,-75.756,-1.800646381,0.002330193,-0.000237188,-0.000364916,-0.002301442,-0.000237188,,novatel_oem7_msgs.msg.InertialSolutionStatus(status=3),
1786043882548384406,1786043882.546331218,/novatel/oem7/fix,/novatel/oem7/fix,/novatel/oem7/inspva,39.663,-75.756,-1.800646381,0.002330193,-0.000237188,-0.000364916,-0.002301442,-0.000237188,,0,
1786043882549505828,1786043882.546948022,/novatel/oem7/odom,/novatel/oem7/fix,/novatel/oem7/odom,39.663,-75.756,-1.800646381,0.002329177,-0.000246964,-0.002316930,-0.000238542,-0.000246964,,,
1786043882556834846,1786043882.556013261,/novatel/oem7/odom,/novatel/oem7/fix,/novatel/oem7/odom,39.663,-75.756,-1.800646381,0.002329177,-0.000246964,-0.002316930,-0.000238542,-0.000246964,,,
1786043882566335186,1786043882.565339299,/novatel/oem7/inspva,/novatel/oem7/inspva,/novatel/oem7/inspva,39.663,-75.756,-1.800651547,0.002554426,-0.000279943,-0.000775443,-0.002433882,-0.000279943,,novatel_oem7_msgs.msg.InertialSolutionStatus(status=3),
1786043882568138642,1786043882.565542725,/novatel/oem7/fix,/novatel/oem7/fix,/novatel/oem7/inspva,39.663,-75.756,-1.800651547,0.002554426,-0.000279943,-0.000775443,-0.002433882,-0.000279943,,0,
1786043882569609650,1786043882.566183512,/novatel/oem7/odom,/novatel/oem7/fix,/novatel/oem7/odom,39.663,-75.756,-1.800651547,0.002553136,-0.000291471,-0.002471329,-0.000641121,-0.000291471,,,
1786043882576335085,1786043882.575306411,/novatel/oem7/odom,/novatel/oem7/fix,/novatel/oem7/odom,39.663,-75.756,-1.800651547,0.002553136,-0.000291471,-0.002471329,-0.000641121,-0.000291471,,,
1786043882585817782,1786043882.585008704,/novatel/oem7/inspva,/novatel/oem7/inspva,/novatel/oem7/inspva,39.663,-75.756,-1.800657485,0.002573889,-0.000306460,-0.000707249,-0.002474814,-0.000306460,,novatel_oem7_msgs.msg.InertialSolutionStatus(status=3),
1786043882587354664,1786043882.585132333,/novatel/oem7/fix,/novatel/oem7/fix,/novatel/oem7/inspva,39.663,-75.756,-1.800657485,0.002573889,-0.000306460,-0.000707249,-0.002474814,-0.000306460,,0,
1786043882588586350,1786043882.585573356,/novatel/oem7/odom,/novatel/oem7/fix,/novatel/oem7/odom,39.663,-75.756,-1.800657485,0.002572495,-0.000317948,-0.002508385,-0.000570731,-0.000317948,,,
1786043882595141407,1786043882.594343055,/novatel/oem7/odom,/novatel/oem7/fix,/novatel/oem7/odom,39.663,-75.756,-1.800657485,0.002572495,-0.000317948,-0.002508385,-0.000570731,-0.000317948,,,
1786043882606865630,1786043882.605950511,/novatel/oem7/inspva,/novatel/oem7/inspva,/novatel/oem7/inspva,39.663,-75.756,-1.800664612,0.002771412,-0.000435349,-0.001146278,-0.002523247,-0.000435349,,novatel_oem7_msgs.msg.InertialSolutionStatus(status=3),
1786043882608475969,1786043882.606207313,/novatel/oem7/fix,/novatel/oem7/fix,/novatel/oem7/inspva,39.663,-75.756,-1.800664612,0.002771412,-0.000435349,-0.001146278,-0.002523247,-0.000435349,,0,
1786043882609630241,1786043882.606780306,/novatel/oem7/odom,/novatel/oem7/fix,/novatel/oem7/odom,39.663,-75.756,-1.800664612,0.002769337,-0.000448363,-0.002580118,-0.001006091,-0.000448363,,,
1786043882611175931,1786043882.610008999,/novatel/oem7/bestpos,/novatel/oem7/bestpos,/novatel/oem7/odom,39.663,-75.756,33.181560563,0.002769337,-0.000448363,-0.002580118,-0.001006091,-0.000448363,,novatel_oem7_msgs.msg.SolutionStatus(status=0),novatel_oem7_msgs.msg.PositionOrVelocityType(type=53)
1786043882612166347,1786043882.610340972,/novatel/oem7/bestvel,/novatel/oem7/bestpos,/novatel/oem7/bestvel,39.663,-75.756,33.181560563,0.002687506,-0.000572903,,,,250.346340373,novatel_oem7_msgs.msg.SolutionStatus(status=0),novatel_oem7_msgs.msg.PositionOrVelocityType(type=53)
1786043882615448144,1786043882.614722096,/novatel/oem7/odom,/novatel/oem7/bestpos,/novatel/oem7/odom,39.663,-75.756,33.181560563,0.002769337,-0.000448363,-0.002580118,-0.001006091,-0.000448363,,,
1786043882626822459,1786043882.624967731,/novatel/oem7/inspva,/novatel/oem7/inspva,/novatel/oem7/inspva,39.663,-75.756,-1.800670459,0.002658734,-0.000409799,-0.000742335,-0.002552999,-0.000409799,,novatel_oem7_msgs.msg.InertialSolutionStatus(status=3),
1786043882628048572,1786043882.625248450,/novatel/oem7/fix,/novatel/oem7/fix,/novatel/oem7/inspva,39.663,-75.756,-1.800670459,0.002658734,-0.000409799,-0.000742335,-0.002552999,-0.000409799,,0,
1786043882629198441,1786043882.626169527,/novatel/oem7/odom,/novatel/oem7/fix,/novatel/oem7/odom,39.663,-75.756,-1.800670459,0.002769338,-0.000448356,-0.002580106,-0.001006124,-0.000448356,,,
1786043882636595420,1786043882.635490852,/novatel/oem7/odom,/novatel/oem7/fix,/novatel/oem7/odom,39.663,-75.756,-1.800670459,0.002656874,-0.000421693,-0.002587952,-0.000601235,-0.000421693,,,
1786043882646713493,1786043882.645681409,/novatel/oem7/inspva,/novatel/oem7/inspva,/novatel/oem7/inspva,39.663,-75.756,-1.800677263,0.002586929,-0.000516465,-0.000607506,-0.002514585,-0.000516465,,novatel_oem7_msgs.msg.InertialSolutionStatus(status=3),
1786043882648713760,1786043882.645939818,/novatel/oem7/fix,/novatel/oem7/fix,/novatel/oem7/inspva,39.663,-75.756,-1.800677263,0.002586929,-0.000516465,-0.000607506,-0.002514585,-0.000516465,,0,
1786043882650026290,1786043882.646608441,/novatel/oem7/odom,/novatel/oem7/fix,/novatel/oem7/odom,39.663,-75.756,-1.800677263,0.002584636,-0.000527818,-0.002541844,-0.000468371,-0.000527818,,,
1786043882657686585,1786043882.656415612,/novatel/oem7/odom,/novatel/oem7/fix,/novatel/oem7/odom,39.663,-75.756,-1.800677263,0.002584636,-0.000527818,-0.002541844,-0.000468371,-0.000527818,,,
1786043882667164462,1786043882.665999770,/novatel/oem7/inspva,/novatel/oem7/inspva,/novatel/oem7/inspva,39.663,-75.756,-1.800681781,0.002441473,-0.000346921,-0.000742374,-0.002325870,-0.000346921,,novatel_oem7_msgs.msg.InertialSolutionStatus(status=3),
1786043882669016951,1786043882.666288796,/novatel/oem7/fix,/novatel/oem7/fix,/novatel/oem7/inspva,39.663,-75.756,-1.800681781,0.002441473,-0.000346921,-0.000742374,-0.002325870,-0.000346921,,0,
1786043882670478252,1786043882.667034600,/novatel/oem7/odom,/novatel/oem7/fix,/novatel/oem7/odom,39.663,-75.756,-1.800681781,0.002439877,-0.000357973,-0.002361415,-0.000613775,-0.000357973,,,
1786043882675453776,1786043882.674584624,/novatel/oem7/odom,/novatel/oem7/fix,/novatel/oem7/odom,39.663,-75.756,-1.800681781,0.002439877,-0.000357973,-0.002361415,-0.000613775,-0.000357973,,,
1786043882685897733,1786043882.685147975,/novatel/oem7/inspva,/novatel/oem7/inspva,/novatel/oem7/inspva,39.663,-75.756,-1.800689382,0.002394167,-0.000341590,-0.000699607,-0.002289669,-0.000341590,,novatel_oem7_msgs.msg.InertialSolutionStatus(status=3),
1786043882687448979,1786043882.685379631,/novatel/oem7/fix,/novatel/oem7/fix,/novatel/oem7/inspva,39.663,-75.756,-1.800689382,0.002394167,-0.000341590,-0.000699607,-0.002289669,-0.000341590,,0,
1786043882688529663,1786043882.685873032,/novatel/oem7/odom,/novatel/oem7/fix,/novatel/oem7/odom,39.663,-75.756,-1.800689382,0.002392599,-0.000352405,-0.002322953,-0.000573075,-0.000352405,,,
1786043882696484964,1786043882.695417850,/novatel/oem7/odom,/novatel/oem7/fix,/novatel/oem7/odom,39.663,-75.756,-1.800689382,0.002392599,-0.000352405,-0.002322953,-0.000573075,-0.000352405,,,
1786043882708728994,1786043882.705840116,/novatel/oem7/inspva,/novatel/oem7/inspva,/novatel/oem7/inspva,39.663,-75.756,-1.800695479,0.002445686,-0.000381308,-0.000886089,-0.002279524,-0.000381308,,novatel_oem7_msgs.msg.InertialSolutionStatus(status=3),
1786043882717059903,1786043882.708824190,/novatel/oem7/bestpos,/novatel/oem7/bestpos,/novatel/oem7/inspva,39.663,-75.756,33.181519748,0.002445686,-0.000381308,-0.000886089,-0.002279524,-0.000381308,,novatel_oem7_msgs.msg.SolutionStatus(status=0),novatel_oem7_msgs.msg.PositionOrVelocityType(type=53)
1786043882720739659,1786043882.709566094,/novatel/oem7/bestvel,/novatel/oem7/bestpos,/novatel/oem7/bestvel,39.663,-75.756,33.181519748,0.002304524,-0.000422659,,,,244.593343539,novatel_oem7_msgs.msg.SolutionStatus(status=0),novatel_oem7_msgs.msg.PositionOrVelocityType(type=53)
1786043882721920662,1786043882.706101322,/novatel/oem7/fix,/novatel/oem7/fix,/novatel/oem7/bestvel,39.663,-75.756,-1.800695479,0.002304524,-0.000422659,,,,244.593343539,0,
1786043882723256035,1786043882.706523566,/novatel/oem7/odom,/novatel/oem7/fix,/novatel/oem7/odom,39.663,-75.756,-1.800695479,0.002443892,-0.000392641,-0.002322813,-0.000759703,-0.000392641,,,
1786043882724753125,1786043882.714370436,/novatel/oem7/odom,/novatel/oem7/fix,/novatel/oem7/odom,39.663,-75.756,-1.800695479,0.002443892,-0.000392641,-0.002322813,-0.000759703,-0.000392641,,,
1786043882726776656,1786043882.726216587,/novatel/oem7/inspva,/novatel/oem7/inspva,/novatel/oem7/inspva,39.663,-75.756,-1.800701407,0.002316842,-0.000391066,-0.000935626,-0.002119518,-0.000391066,,novatel_oem7_msgs.msg.InertialSolutionStatus(status=3),
1786043882728920366,1786043882.726473870,/novatel/oem7/fix,/novatel/oem7/fix,/novatel/oem7/inspva,39.663,-75.756,-1.800701407,0.002316842,-0.000391066,-0.000935626,-0.002119518,-0.000391066,,0,
1786043882731534641,1786043882.727032445,/novatel/oem7/odom,/novatel/oem7/fix,/novatel/oem7/odom,39.663,-75.756,-1.800701407,0.002314984,-0.000401914,-0.002165712,-0.000817830,-0.000401914,,,
1786043882735917580,1786043882.734646713,/novatel/oem7/odom,/novatel/oem7/fix,/novatel/oem7/odom,39.663,-75.756,-1.800701407,0.002314984,-0.000401914,-0.002165712,-0.000817830,-0.000401914,,,
1786043882745475525,1786043882.744936448,/novatel/oem7/inspva,/novatel/oem7/inspva,/novatel/oem7/inspva,39.663,-75.756,-1.800706944,0.002362224,-0.000437759,-0.001037844,-0.002122023,-0.000437759,,novatel_oem7_msgs.msg.InertialSolutionStatus(status=3),
1786043882746397040,1786043882.745173037,/novatel/oem7/fix,/novatel/oem7/fix,/novatel/oem7/inspva,39.663,-75.756,-1.800706944,0.002362224,-0.000437759,-0.001037844,-0.002122023,-0.000437759,,0,
1786043882747127857,1786043882.745819460,/novatel/oem7/odom,/novatel/oem7/fix,/novatel/oem7/odom,39.663,-75.756,-1.800706944,0.002360120,-0.000448960,-0.002173573,-0.000919647,-0.000448960,,,
1786043882756159183,1786043882.755593329,/novatel/oem7/odom,/novatel/oem7/fix,/novatel/oem7/odom,39.663,-75.756,-1.800706944,0.002360120,-0.000448960,-0.002173573,-0.000919647,-0.000448960,,,
1786043882766227014,1786043882.765328568,/novatel/oem7/inspva,/novatel/oem7/inspva,/novatel/oem7/inspva,39.663,-75.756,-1.800711446,0.002444903,-0.000319532,-0.000511615,-0.002390774,-0.000319532,,novatel_oem7_msgs.msg.InertialSolutionStatus(status=3),
1786043882768254132,1786043882.765525936,/novatel/oem7/fix,/novatel/oem7/fix,/novatel/oem7/inspva,39.663,-75.756,-1.800711446,0.002444903,-0.000319532,-0.000511615,-0.002390774,-0.000319532,,0,
1786043882769732459,1786043882.766199948,/novatel/oem7/odom,/novatel/oem7/fix,/novatel/oem7/odom,39.663,-75.756,-1.800711446,0.002443489,-0.000330170,-0.002413774,-0.000379915,-0.000330170,,,
1786043882775940570,1786043882.775020035,/novatel/oem7/odom,/novatel/oem7/fix,/novatel/oem7/odom,39.663,-75.756,-1.800711446,0.002443489,-0.000330170,-0.002413774,-0.000379915,-0.000330170,,,
1786043882785780799,1786043882.784942027,/novatel/oem7/inspva,/novatel/oem7/inspva,/novatel/oem7/inspva,39.663,-75.756,-1.800715899,0.002539917,-0.000149459,-0.001092666,-0.002292872,-0.000149459,,novatel_oem7_msgs.msg.InertialSolutionStatus(status=3),
1786043882787495971,1786043882.785086152,/novatel/oem7/fix,/novatel/oem7/fix,/novatel/oem7/inspva,39.663,-75.756,-1.800715899,0.002539917,-0.000149459,-0.001092666,-0.002292872,-0.000149459,,0,
1786043882789043653,1786043882.785492425,/novatel/oem7/odom,/novatel/oem7/fix,/novatel/oem7/odom,39.663,-75.756,-1.800715899,0.002539178,-0.000161530,-0.002348292,-0.000965892,-0.000161530,,,
1786043882795776199,1786043882.794769299,/novatel/oem7/odom,/novatel/oem7/fix,/novatel/oem7/odom,39.663,-75.756,-1.800715899,0.002539178,-0.000161530,-0.002348292,-0.000965892,-0.000161530,,,
1786043882807345102,1786043882.806393260,/novatel/oem7/inspva,/novatel/oem7/inspva,/novatel/oem7/inspva,39.663,-75.756,-1.800719022,0.002287453,-0.000038829,-0.000742918,-0.002163450,-0.000038829,,novatel_oem7_msgs.msg.InertialSolutionStatus(status=3),
1786043882809304796,1786043882.806564721,/novatel/oem7/fix,/novatel/oem7/fix,/novatel/oem7/inspva,39.663,-75.756,-1.800719022,0.002287453,-0.000038829,-0.000742918,-0.002163450,-0.000038829,,0,
1786043882810801526,1786043882.807038835,/novatel/oem7/odom,/novatel/oem7/fix,/novatel/oem7/odom,39.663,-75.756,-1.800719022,0.002287251,-0.000049337,-0.002200472,-0.000624052,-0.000049337,,,
1786043882812839872,1786043882.810141916,/novatel/oem7/bestpos,/novatel/oem7/bestpos,/novatel/oem7/odom,39.663,-75.756,33.181489576,0.002287251,-0.000049337,-0.002200472,-0.000624052,-0.000049337,,novatel_oem7_msgs.msg.SolutionStatus(status=0),novatel_oem7_msgs.msg.PositionOrVelocityType(type=53)
1786043882814104131,1786043882.810557988,/novatel/oem7/bestvel,/novatel/oem7/bestpos,/novatel/oem7/bestvel,39.663,-75.756,33.181489576,0.001996566,-0.000092171,,,,237.558922216,novatel_oem7_msgs.msg.SolutionStatus(status=0),novatel_oem7_msgs.msg.PositionOrVelocityType(type=53)
1786043882815742668,1786043882.814859968,/novatel/oem7/odom,/novatel/oem7/bestpos,/novatel/oem7/odom,39.663,-75.756,33.181489576,0.002287251,-0.000049337,-0.002200472,-0.000624052,-0.000049337,,,
1786043882827459550,1786043882.826247495,/novatel/oem7/inspva,/novatel/oem7/inspva,/novatel/oem7/inspva,39.663,-75.756,-1.800725573,0.002496481,-0.000114762,-0.001182191,-0.002198828,-0.000114762,,novatel_oem7_msgs.msg.InertialSolutionStatus(status=3),
1786043882829682302,1786043882.826459569,/novatel/oem7/fix,/novatel/oem7/fix,/novatel/oem7/inspva,39.663,-75.756,-1.800725573,0.002496481,-0.000114762,-0.001182191,-0.002198828,-0.000114762,,0,
1786043882831147453,1786043882.827105589,/novatel/oem7/odom,/novatel/oem7/fix,/novatel/oem7/odom,39.663,-75.756,-1.800725573,0.002495901,-0.000126758,-0.002259393,-0.001060502,-0.000126758,,,
1786043882835389500,1786043882.834491494,/novatel/oem7/odom,/novatel/oem7/fix,/novatel/oem7/odom,39.663,-75.756,-1.800725573,0.002495901,-0.000126758,-0.002259393,-0.001060502,-0.000126758,,,
1786043882845852460,1786043882.845046495,/novatel/oem7/inspva,/novatel/oem7/inspva,/novatel/oem7/inspva,39.663,-75.756,-1.800733767,0.002314893,-0.000622194,-0.000973616,-0.002100190,-0.000622194,,novatel_oem7_msgs.msg.InertialSolutionStatus(status=3),
1786043882847368693,1786043882.845174970,/novatel/oem7/fix,/novatel/oem7/fix,/novatel/oem7/inspva,39.663,-75.756,-1.800733767,0.002314893,-0.000622194,-0.000973616,-0.002100190,-0.000622194,,0,
1786043882848454876,1786043882.845611024,/novatel/oem7/odom,/novatel/oem7/fix,/novatel/oem7/odom,39.663,-75.756,-1.800733767,0.002311922,-0.000633143,-0.002147540,-0.000856186,-0.000633143,,,
1786043882857720141,1786043882.856477853,/novatel/oem7/odom,/novatel/oem7/fix,/novatel/oem7/odom,39.663,-75.756,-1.800733767,0.002311922,-0.000633143,-0.002147540,-0.000856186,-0.000633143,,,
1786043882866227497,1786043882.865150414,/novatel/oem7/inspva,/novatel/oem7/inspva,/novatel/oem7/inspva,39.663,-75.756,-1.800738806,0.002430427,-0.000262760,-0.000982595,-0.002222944,-0.000262760,,novatel_oem7_msgs.msg.InertialSolutionStatus(status=3),
1786043882868374236,1786043882.865517085,/novatel/oem7/fix,/novatel/oem7/fix,/novatel/oem7/inspva,39.663,-75.756,-1.800738806,0.002430427,-0.000262760,-0.000982595,-0.002222944,-0.000262760,,0,
1786043882869989012,1786043882.866532174,/novatel/oem7/odom,/novatel/oem7/fix,/novatel/oem7/odom,39.663,-75.756,-1.800738806,0.002429160,-0.000274219,-0.002272031,-0.000859475,-0.000274219,,,
1786043882875623961,1786043882.874592120,/novatel/oem7/odom,/novatel/oem7/fix,/novatel/oem7/odom,39.663,-75.756,-1.800738806,0.002429160,-0.000274219,-0.002272031,-0.000859475,-0.000274219,,,
1786043882886750329,1786043882.885853762,/novatel/oem7/inspva,/novatel/oem7/inspva,/novatel/oem7/inspva,39.663,-75.756,-1.800745104,0.002132018,-0.000121962,-0.000674203,-0.002022610,-0.000121962,,novatel_oem7_msgs.msg.InertialSolutionStatus(status=3),
1786043882888628829,1786043882.886089961,/novatel/oem7/fix,/novatel/oem7/fix,/novatel/oem7/inspva,39.663,-75.756,-1.800745104,0.002132018,-0.000121962,-0.000674203,-0.002022610,-0.000121962,,0,
1786043882889900316,1786043882.886742409,/novatel/oem7/odom,/novatel/oem7/fix,/novatel/oem7/odom,39.663,-75.756,-1.800745104,0.002131437,-0.000131728,-0.002055781,-0.000562839,-0.000131728,,,
1786043882895790481,1786043882.894749373,/novatel/oem7/odom,/novatel/oem7/fix,/novatel/oem7/odom,39.663,-75.756,-1.800745104,0.002131437,-0.000131728,-0.002055781,-0.000562839,-0.000131728,,,
1786043882906822537,1786043882.905844209,/novatel/oem7/inspva,/novatel/oem7/inspva,/novatel/oem7/inspva,39.663,-75.756,-1.800752369,0.002365468,-0.000210875,-0.001027961,-0.002130431,-0.000210875,,novatel_oem7_msgs.msg.InertialSolutionStatus(status=3),
1786043882908607483,1786043882.906057231,/novatel/oem7/fix,/novatel/oem7/fix,/novatel/oem7/inspva,39.663,-75.756,-1.800752369,0.002365468,-0.000210875,-0.001027961,-0.002130431,-0.000210875,,0,
1786043882910052693,1786043882.906776499,/novatel/oem7/odom,/novatel/oem7/fix,/novatel/oem7/odom,39.663,-75.756,-1.800752369,0.002364439,-0.000222114,-0.002182325,-0.000909960,-0.000222114,,,
1786043882912023175,1786043882.908953984,/novatel/oem7/bestpos,/novatel/oem7/bestpos,/novatel/oem7/odom,39.663,-75.756,33.181461505,0.002364439,-0.000222114,-0.002182325,-0.000909960,-0.000222114,,novatel_oem7_msgs.msg.SolutionStatus(status=0),novatel_oem7_msgs.msg.PositionOrVelocityType(type=53)
1786043882913385401,1786043882.909392168,/novatel/oem7/bestvel,/novatel/oem7/bestpos,/novatel/oem7/bestvel,39.663,-75.756,33.181461505,0.002346111,-0.000124693,,,,233.973138600,novatel_oem7_msgs.msg.SolutionStatus(status=0),novatel_oem7_msgs.msg.PositionOrVelocityType(type=53)
1786043882915586038,1786043882.914556767,/novatel/oem7/odom,/novatel/oem7/bestpos,/novatel/oem7/odom,39.663,-75.756,33.181461505,0.002364439,-0.000222114,-0.002182325,-0.000909960,-0.000222114,,,
1786043882926282167,1786043882.925350451,/novatel/oem7/inspva,/novatel/oem7/inspva,/novatel/oem7/inspva,39.663,-75.756,-1.800758475,0.002183420,-0.000018943,-0.000853116,-0.002009855,-0.000018943,,novatel_oem7_msgs.msg.InertialSolutionStatus(status=3),
1786043882927864389,1786043882.925610254,/novatel/oem7/fix,/novatel/oem7/fix,/novatel/oem7/inspva,39.663,-75.756,-1.800758475,0.002183420,-0.000018943,-0.000853116,-0.002009855,-0.000018943,,0,
1786043882928943720,1786043882.926181500,/novatel/oem7/odom,/novatel/oem7/fix,/novatel/oem7/odom,39.663,-75.756,-1.800758475,0.002183308,-0.000029177,-0.002053183,-0.000742477,-0.000029177,,,
1786043882935803507,1786043882.935118928,/novatel/oem7/odom,/novatel/oem7/fix,/novatel/oem7/odom,39.663,-75.756,-1.800758475,0.002183308,-0.000029177,-0.002053183,-0.000742477,-0.000029177,,,
1786043882946798670,1786043882.946079139,/novatel/oem7/inspva,/novatel/oem7/inspva,/novatel/oem7/inspva,39.663,-75.756,-1.800767038,0.002188967,-0.000284298,-0.000992430,-0.001951066,-0.000284298,,novatel_oem7_msgs.msg.InertialSolutionStatus(status=3),
1786043882948229973,1786043882.946278168,/novatel/oem7/fix,/novatel/oem7/fix,/novatel/oem7/inspva,39.663,-75.756,-1.800767038,0.002188967,-0.000284298,-0.000992430,-0.001951066,-0.000284298,,0,
1786043882949274004,1786043882.946959332,/novatel/oem7/odom,/novatel/oem7/fix,/novatel/oem7/odom,39.663,-75.756,-1.800767038,0.002187586,-0.000294736,-0.002001005,-0.000884032,-0.000294736,,,
1786043882956653654,1786043882.955741538,/novatel/oem7/odom,/novatel/oem7/fix,/novatel/oem7/odom,39.663,-75.756,-1.800767038,0.002187586,-0.000294736,-0.002001005,-0.000884032,-0.000294736,,,
1786043882966088313,1786043882.965090790,/novatel/oem7/inspva,/novatel/oem7/inspva,/novatel/oem7/inspva,39.663,-75.756,-1.800772931,0.002155517,-0.000082076,-0.000736821,-0.002025672,-0.000082076,,novatel_oem7_msgs.msg.InertialSolutionStatus(status=3),
1786043882968156377,1786043882.965378413,/novatel/oem7/fix,/novatel/oem7/fix,/novatel/oem7/inspva,39.663,-75.756,-1.800772931,0.002155517,-0.000082076,-0.000736821,-0.002025672,-0.000082076,,0,
1786043882969721718,1786043882.965974975,/novatel/oem7/odom,/novatel/oem7/fix,/novatel/oem7/odom,39.663,-75.756,-1.800772931,0.002155115,-0.000092023,-0.002062400,-0.000625320,-0.000092023,,,
1786043882976715570,1786043882.975694262,/novatel/oem7/odom,/novatel/oem7/fix,/novatel/oem7/odom,39.663,-75.756,-1.800772931,0.002155115,-0.000092023,-0.002062400,-0.000625320,-0.000092023,,,
1786043882986135608,1786043882.985119788,/novatel/oem7/inspva,/novatel/oem7/inspva,/novatel/oem7/inspva,39.663,-75.756,-1.800779713,0.002147058,-0.000282886,-0.001092862,-0.001848110,-0.000282886,,novatel_oem7_msgs.msg.InertialSolutionStatus(status=3),
1786043882988272147,1786043882.985377620,/novatel/oem7/fix,/novatel/oem7/fix,/novatel/oem7/inspva,39.663,-75.756,-1.800779713,0.002147058,-0.000282886,-0.001092862,-0.001848110,-0.000282886,,0,
1786043882989437882,1786043882.986004767,/novatel/oem7/odom,/novatel/oem7/fix,/novatel/oem7/odom,39.663,-75.756,-1.800779713,0.002145668,-0.000293242,-0.001903678,-0.000989899,-0.000293242,,,
1786043882995367254,1786043882.994478933,/novatel/oem7/odom,/novatel/oem7/fix,/novatel/oem7/odom,39.663,-75.756,-1.800779713,0.002145668,-0.000293242,-0.001903678,-0.000989899,-0.000293242,,,
1786043883010608198,1786043883.009956634,/novatel/oem7/inspva,/novatel/oem7/inspva,/novatel/oem7/inspva,39.663,-75.756,-1.800779331,0.002321455,0.000461400,-0.000710862,-0.002209939,0.000461400,,novatel_oem7_msgs.msg.InertialSolutionStatus(status=3),
1786043883012143234,1786043883.010150970,/novatel/oem7/fix,/novatel/oem7/fix,/novatel/oem7/inspva,39.663,-75.756,-1.800779331,0.002321455,0.000461400,-0.000710862,-0.002209939,0.000461400,,0,
1786043883013264514,1786043883.011417098,/novatel/oem7/odom,/novatel/oem7/fix,/novatel/oem7/odom,39.663,-75.756,-1.800779331,0.002323541,0.000450779,-0.002247147,-0.000590907,0.000450779,,,
1786043883015920149,1786043883.015222005,/novatel/oem7/odom,/novatel/oem7/fix,/novatel/oem7/odom,39.663,-75.756,-1.800779331,0.002323541,0.000450779,-0.002247147,-0.000590907,0.000450779,,,
1786043883025800484,1786043883.024742459,/novatel/oem7/bestpos,/novatel/oem7/bestpos,/novatel/oem7/odom,39.663,-75.756,33.181428694,0.002323541,0.000450779,-0.002247147,-0.000590907,0.000450779,,novatel_oem7_msgs.msg.SolutionStatus(status=0),novatel_oem7_msgs.msg.PositionOrVelocityType(type=53)
1786043883027873551,1786043883.025684248,/novatel/oem7/bestvel,/novatel/oem7/bestpos,/novatel/oem7/bestvel,39.663,-75.756,33.181428694,0.001670494,0.000101019,,,,245.145137456,novatel_oem7_msgs.msg.SolutionStatus(status=0),novatel_oem7_msgs.msg.PositionOrVelocityType(type=53)
1786043883029118290,1786043883.026624654,/novatel/oem7/inspva,/novatel/oem7/inspva,/novatel/oem7/inspva,39.663,-75.756,-1.800787692,0.002173739,0.000043202,-0.000749640,-0.002040387,0.000043202,,novatel_oem7_msgs.msg.InertialSolutionStatus(status=3),
1786043883030373422,1786043883.026863063,/novatel/oem7/fix,/novatel/oem7/fix,/novatel/oem7/inspva,39.663,-75.756,-1.800787692,0.002173739,0.000043202,-0.000749640,-0.002040387,0.000043202,,0,
1786043883032523110,1786043883.027330415,/novatel/oem7/odom,/novatel/oem7/fix,/novatel/oem7/odom,39.663,-75.756,-1.800787692,0.002173916,0.000033110,-0.002078297,-0.000637647,0.000033110,,,
1786043883035579536,1786043883.034733847,/novatel/oem7/odom,/novatel/oem7/fix,/novatel/oem7/odom,39.663,-75.756,-1.800787692,0.002173916,0.000033110,-0.002078297,-0.000637647,0.000033110,,,
1786043883046032536,1786043883.045346012,/novatel/oem7/inspva,/novatel/oem7/inspva,/novatel/oem7/inspva,39.663,-75.756,-1.800786193,0.002172065,0.000105436,-0.000712012,-0.002052049,0.000105436,,novatel_oem7_msgs.msg.InertialSolutionStatus(status=3),
1786043883047634139,1786043883.045598954,/novatel/oem7/fix,/novatel/oem7/fix,/novatel/oem7/inspva,39.663,-75.756,-1.800786193,0.002172065,0.000105436,-0.000712012,-0.002052049,0.000105436,,0,
1786043883048711870,1786043883.046097376,/novatel/oem7/odom,/novatel/oem7/fix,/novatel/oem7/odom,39.663,-75.756,-1.800786193,0.002172527,0.000095446,-0.002088147,-0.000599598,0.000095446,,,
1786043883057472082,1786043883.056267938,/novatel/oem7/odom,/novatel/oem7/fix,/novatel/oem7/odom,39.663,-75.756,-1.800786193,0.002172527,0.000095446,-0.002088147,-0.000599598,0.000095446,,,
1786043883066195585,1786043883.065395100,/novatel/oem7/inspva,/novatel/oem7/inspva,/novatel/oem7/inspva,39.663,-75.756,-1.800785786,0.001978572,0.000119570,-0.000675191,-0.001859802,0.000119570,,novatel_oem7_msgs.msg.InertialSolutionStatus(status=3),
1786043883068138431,1786043883.065713767,/novatel/oem7/fix,/novatel/oem7/fix,/novatel/oem7/inspva,39.663,-75.756,-1.800785786,0.001978572,0.000119570,-0.000675191,-0.001859802,0.000119570,,0,
1786043883069685663,1786043883.066100940,/novatel/oem7/odom,/novatel/oem7/fix,/novatel/oem7/odom,39.663,-75.756,-1.800785786,0.001979104,0.000110409,-0.001894243,-0.000573323,0.000110409,,,
1786043883075491157,1786043883.074490829,/novatel/oem7/odom,/novatel/oem7/fix,/novatel/oem7/odom,39.663,-75.756,-1.800785786,0.001979104,0.000110409,-0.001894243,-0.000573323,0.000110409,,,
1786043883086349342,1786043883.085107998,/novatel/oem7/inspva,/novatel/oem7/inspva,/novatel/oem7/inspva,39.663,-75.756,-1.800782721,0.001769086,0.000252382,-0.000835178,-0.001559533,0.000252382,,novatel_oem7_msgs.msg.InertialSolutionStatus(status=3),
1786043883088408409,1786043883.085367977,/novatel/oem7/fix,/novatel/oem7/fix,/novatel/oem7/inspva,39.663,-75.756,-1.800782721,0.001769086,0.000252382,-0.000835178,-0.001559533,0.000252382,,0,
1786043883089611838,1786043883.085742077,/novatel/oem7/odom,/novatel/oem7/fix,/novatel/oem7/odom,39.663,-75.756,-1.800782721,0.001770281,0.000243860,-0.001603663,-0.000749773,0.000243860,,,
1786043883096494646,1786043883.095642338,/novatel/oem7/odom,/novatel/oem7/fix,/novatel/oem7/odom,39.663,-75.756,-1.800782721,0.001770281,0.000243860,-0.001603663,-0.000749773,0.000243860,,,
1786043883106572560,1786043883.105859519,/novatel/oem7/inspva,/novatel/oem7/inspva,/novatel/oem7/inspva,39.663,-75.756,-1.800778088,0.001560876,0.000247289,-0.000558931,-0.001457371,0.000247289,,novatel_oem7_msgs.msg.InertialSolutionStatus(status=3),
1786043883108218888,1786043883.106173036,/novatel/oem7/fix,/novatel/oem7/fix,/novatel/oem7/inspva,39.663,-75.756,-1.800778088,0.001560876,0.000247289,-0.000558931,-0.001457371,0.000247289,,0,
1786043883109455789,1786043883.106685401,/novatel/oem7/odom,/novatel/oem7/fix,/novatel/oem7/odom,39.663,-75.756,-1.800778088,0.001562014,0.000239997,-0.001486600,-0.000479486,0.000239997,,,
1786043883110876718,1786043883.109170076,/novatel/oem7/bestpos,/novatel/oem7/bestpos,/novatel/oem7/odom,39.663,-75.756,33.181409117,0.001562014,0.000239997,-0.001486600,-0.000479486,0.000239997,,novatel_oem7_msgs.msg.SolutionStatus(status=0),novatel_oem7_msgs.msg.PositionOrVelocityType(type=53)
1786043883111824551,1786043883.109819890,/novatel/oem7/bestvel,/novatel/oem7/bestpos,/novatel/oem7/bestvel,39.663,-75.756,33.181409117,0.001496536,0.000230214,,,,245.994745399,novatel_oem7_msgs.msg.SolutionStatus(status=0),novatel_oem7_msgs.msg.PositionOrVelocityType(type=53)
1786043883115190845,1786043883.114413009,/novatel/oem7/odom,/novatel/oem7/bestpos,/novatel/oem7/odom,39.663,-75.756,33.181409117,0.001562014,0.000239997,-0.001486600,-0.000479486,0.000239997,,,
1786043883127624835,1786043883.126638071,/novatel/oem7/inspva,/novatel/oem7/inspva,/novatel/oem7/inspva,39.663,-75.756,-1.800774594,0.001875555,0.000074786,-0.000633135,-0.001765459,0.000074786,,novatel_oem7_msgs.msg.InertialSolutionStatus(status=3),
1786043883129592218,1786043883.126925414,/novatel/oem7/fix,/novatel/oem7/fix,/novatel/oem7/inspva,39.663,-75.756,-1.800774594,0.001875555,0.000074786,-0.000633135,-0.001765459,0.000074786,,0,
1786043883130760222,1786043883.127619438,/novatel/oem7/odom,/novatel/oem7/fix,/novatel/oem7/odom,39.663,-75.756,-1.800774594,0.001875882,0.000066076,-0.001797577,-0.000536330,0.000066076,,,
1786043883134887897,1786043883.134434685,/novatel/oem7/odom,/novatel/oem7/fix,/novatel/oem7/odom,39.663,-75.756,-1.800774594,0.001875882,0.000066076,-0.001797577,-0.000536330,0.000066076,,,
1786043883145511669,1786043883.144861159,/novatel/oem7/inspva,/novatel/oem7/inspva,/novatel/oem7/inspva,39.663,-75.756,-1.800770950,0.001636156,0.000093861,-0.000430169,-0.001578594,0.000093861,,novatel_oem7_msgs.msg.InertialSolutionStatus(status=3),
1786043883146772220,1786043883.145008942,/novatel/oem7/fix,/novatel/oem7/fix,/novatel/oem7/inspva,39.663,-75.756,-1.800770950,0.001636156,0.000093861,-0.000430169,-0.001578594,0.000093861,,0,
1786043883147591986,1786043883.145363330,/novatel/oem7/odom,/novatel/oem7/fix,/novatel/oem7/odom,39.663,-75.756,-1.800770950,0.001636561,0.000086503,-0.001600025,-0.000343880,0.000086503,,,
1786043883156623109,1786043883.156083367,/novatel/oem7/odom,/novatel/oem7/fix,/novatel/oem7/odom,39.663,-75.756,-1.800770950,0.001636561,0.000086503,-0.001600025,-0.000343880,0.000086503,,,
1786043883165706350,1786043883.165184284,/novatel/oem7/inspva,/novatel/oem7/inspva,/novatel/oem7/inspva,39.663,-75.756,-1.800769549,0.001527556,-0.000151612,-0.000628162,-0.001392422,-0.000151612,,novatel_oem7_msgs.msg.InertialSolutionStatus(status=3),
1786043883166962961,1786043883.165287448,/novatel/oem7/fix,/novatel/oem7/fix,/novatel/oem7/inspva,39.663,-75.756,-1.800769549,0.001527556,-0.000151612,-0.000628162,-0.001392422,-0.000151612,,0,
1786043883167986303,1786043883.165812053,/novatel/oem7/odom,/novatel/oem7/fix,/novatel/oem7/odom,39.663,-75.756,-1.800769549,0.001526819,-0.000158860,-0.001423928,-0.000551004,-0.000158860,,,
1786043883175659671,1786043883.174730137,/novatel/oem7/odom,/novatel/oem7/fix,/novatel/oem7/odom,39.663,-75.756,-1.800769549,0.001526819,-0.000158860,-0.001423928,-0.000551004,-0.000158860,,,
1786043883186861639,1786043883.185994657,/novatel/oem7/inspva,/novatel/oem7/inspva,/novatel/oem7/inspva,39.663,-75.756,-1.800762886,0.001598627,0.000069662,-0.000542960,-0.001503597,0.000069662,,novatel_oem7_msgs.msg.InertialSolutionStatus(status=3),
1786043883188683683,1786043883.186203333,/novatel/oem7/fix,/novatel/oem7/fix,/novatel/oem7/inspva,39.663,-75.756,-1.800762886,0.001598627,0.000069662,-0.000542960,-0.001503597,0.000069662,,0,
1786043883190278062,1786043883.186772001,/novatel/oem7/odom,/novatel/oem7/fix,/novatel/oem7/odom,39.663,-75.756,-1.800762886,0.001598934,0.000062234,-0.001531186,-0.000460499,0.000062234,,,
1786043883195252930,1786043883.194397895,/novatel/oem7/odom,/novatel/oem7/fix,/novatel/oem7/odom,39.663,-75.756,-1.800762886,0.001598934,0.000062234,-0.001531186,-0.000460499,0.000062234,,,
1786043883206627452,1786043883.205855463,/novatel/oem7/inspva,/novatel/oem7/inspva,/novatel/oem7/inspva,39.663,-75.756,-1.800759096,0.001590352,0.000170579,-0.000933893,-0.001287270,0.000170579,,novatel_oem7_msgs.msg.InertialSolutionStatus(status=3),
1786043883208257500,1786043883.206039099,/novatel/oem7/fix,/novatel/oem7/fix,/novatel/oem7/inspva,39.663,-75.756,-1.800759096,0.001590352,0.000170579,-0.000933893,-0.001287270,0.000170579,,0,
1786043883209330740,1786043883.206799832,/novatel/oem7/odom,/novatel/oem7/fix,/novatel/oem7/odom,39.663,-75.756,-1.800759096,0.001591170,0.000162775,-0.001336865,-0.000862910,0.000162775,,,
1786043883210876535,1786043883.209967007,/novatel/oem7/bestpos,/novatel/oem7/bestpos,/novatel/oem7/odom,39.663,-75.756,33.181418902,0.001591170,0.000162775,-0.001336865,-0.000862910,0.000162775,,novatel_oem7_msgs.msg.SolutionStatus(status=0),novatel_oem7_msgs.msg.PositionOrVelocityType(type=53)
1786043883212254164,1786043883.210364736,/novatel/oem7/bestvel,/novatel/oem7/bestpos,/novatel/oem7/bestvel,39.663,-75.756,33.181418902,0.001564731,-0.000000743,,,,253.015623493,novatel_oem7_msgs.msg.SolutionStatus(status=0),novatel_oem7_msgs.msg.PositionOrVelocityType(type=53)
1786043883216245253,1786043883.215588712,/novatel/oem7/odom,/novatel/oem7/bestpos,/novatel/oem7/odom,39.663,-75.756,33.181418902,0.001591170,0.000162775,-0.001336865,-0.000862910,0.000162775,,,
1786043883225757528,1786043883.225070528,/novatel/oem7/inspva,/novatel/oem7/inspva,/novatel/oem7/inspva,39.663,-75.756,-1.800754708,0.001430134,0.000056382,-0.000712469,-0.001240029,0.000056382,,novatel_oem7_msgs.msg.InertialSolutionStatus(status=3),
1786043883227107213,1786043883.225393195,/novatel/oem7/fix,/novatel/oem7/fix,/novatel/oem7/inspva,39.663,-75.756,-1.800754708,0.001430134,0.000056382,-0.000712469,-0.001240029,0.000056382,,0,
1786043883227967652,1786043883.225868348,/novatel/oem7/odom,/novatel/oem7/fix,/novatel/oem7/odom,39.663,-75.756,-1.800754708,0.001430391,0.000049436,-0.001277186,-0.000644062,0.000049436,,,
1786043883234996519,1786043883.234453448,/novatel/oem7/odom,/novatel/oem7/fix,/novatel/oem7/odom,39.663,-75.756,-1.800754708,0.001430391,0.000049436,-0.001277186,-0.000644062,0.000049436,,,
1786043883247202503,1786043883.246542961,/novatel/oem7/inspva,/novatel/oem7/inspva,/novatel/oem7/inspva,39.663,-75.756,-1.800752471,0.001226771,-0.000277755,-0.000546814,-0.001098162,-0.000277755,,novatel_oem7_msgs.msg.InertialSolutionStatus(status=3),
1786043883248737817,1786043883.246872524,/novatel/oem7/fix,/novatel/oem7/fix,/novatel/oem7/inspva,39.663,-75.756,-1.800752471,0.001226771,-0.000277755,-0.000546814,-0.001098162,-0.000277755,,0,
1786043883249848035,1786043883.247400343,/novatel/oem7/odom,/novatel/oem7/fix,/novatel/oem7/odom,39.663,-75.756,-1.800752471,0.001225418,-0.000283661,-0.001125172,-0.000485425,-0.000283661,,,
1786043883257204983,1786043883.256446822,/novatel/oem7/odom,/novatel/oem7/fix,/novatel/oem7/odom,39.663,-75.756,-1.800752471,0.001225418,-0.000283661,-0.001125172,-0.000485425,-0.000283661,,,
1786043883265892495,1786043883.265126464,/novatel/oem7/inspva,/novatel/oem7/inspva,/novatel/oem7/inspva,39.663,-75.756,-1.800746178,0.001257308,-0.000008993,-0.000535432,-0.001137601,-0.000008993,,novatel_oem7_msgs.msg.InertialSolutionStatus(status=3),
1786043883267890919,1786043883.265329873,/novatel/oem7/fix,/novatel/oem7/fix,/novatel/oem7/inspva,39.663,-75.756,-1.800746178,0.001257308,-0.000008993,-0.000535432,-0.001137601,-0.000008993,,0,
1786043883269369954,1786043883.265635137,/novatel/oem7/odom,/novatel/oem7/fix,/novatel/oem7/odom,39.663,-75.756,-1.800746178,0.001257251,-0.000015014,-0.001165015,-0.000472673,-0.000015014,,,
1786043883276660501,1786043883.275808250,/novatel/oem7/odom,/novatel/oem7/fix,/novatel/oem7/odom,39.663,-75.756,-1.800746178,0.001257251,-0.000015014,-0.001165015,-0.000472673,-0.000015014,,,
1786043883286200689,1786043883.285464301,/novatel/oem7/inspva,/novatel/oem7/inspva,/novatel/oem7/inspva,39.663,-75.756,-1.800745105,0.001144746,-0.000195629,-0.000437898,-0.001057681,-0.000195629,,novatel_oem7_msgs.msg.InertialSolutionStatus(status=3),
1786043883287764181,1786043883.285670030,/novatel/oem7/fix,/novatel/oem7/fix,/novatel/oem7/inspva,39.663,-75.756,-1.800745105,0.001144746,-0.000195629,-0.000437898,-0.001057681,-0.000195629,,0,
1786043883288805965,1786043883.286258275,/novatel/oem7/odom,/novatel/oem7/fix,/novatel/oem7/odom,39.663,-75.756,-1.800745105,0.001143808,-0.000201040,-0.001079160,-0.000379094,-0.000201040,,,
1786043883295966158,1786043883.295016855,/novatel/oem7/odom,/novatel/oem7/fix,/novatel/oem7/odom,39.663,-75.756,-1.800745105,0.001143808,-0.000201040,-0.001079160,-0.000379094,-0.000201040,,,
1786043883306791222,1786043883.305877106,/novatel/oem7/inspva,/novatel/oem7/inspva,/novatel/oem7/inspva,39.663,-75.756,-1.800739521,0.001144224,-0.000023869,-0.000617512,-0.000963290,-0.000023869,,novatel_oem7_msgs.msg.InertialSolutionStatus(status=3),
1786043883308485826,1786043883.306128989,/novatel/oem7/fix,/novatel/oem7/fix,/novatel/oem7/inspva,39.663,-75.756,-1.800739521,0.001144224,-0.000023869,-0.000617512,-0.000963290,-0.000023869,,0,
1786043883309957941,1786043883.306560233,/novatel/oem7/odom,/novatel/oem7/fix,/novatel/oem7/odom,39.663,-75.756,-1.800739521,0.001144093,-0.000029482,-0.000995376,-0.000564070,-0.000029482,,,
1786043883311956745,1786043883.309288157,/novatel/oem7/bestpos,/novatel/oem7/bestpos,/novatel/oem7/odom,39.663,-75.756,33.181428184,0.001144093,-0.000029482,-0.000995376,-0.000564070,-0.000029482,,novatel_oem7_msgs.msg.SolutionStatus(status=0),novatel_oem7_msgs.msg.PositionOrVelocityType(type=53)
1786043883313162481,1786043883.309874097,/novatel/oem7/bestvel,/novatel/oem7/bestpos,/novatel/oem7/bestvel,39.663,-75.756,33.181428184,0.001108440,-0.000060014,,,,239.469615790,novatel_oem7_msgs.msg.SolutionStatus(status=0),novatel_oem7_msgs.msg.PositionOrVelocityType(type=53)
1786043883315683453,1786043883.314572635,/novatel/oem7/odom,/novatel/oem7/bestpos,/novatel/oem7/odom,39.663,-75.756,33.181428184,0.001144093,-0.000029482,-0.000995376,-0.000564070,-0.000029482,,,
1786043883326138979,1786043883.325298774,/novatel/oem7/inspva,/novatel/oem7/inspva,/novatel/oem7/inspva,39.663,-75.756,-1.800735990,0.001078198,0.000020772,-0.000706538,-0.000814442,0.000020772,,novatel_oem7_msgs.msg.InertialSolutionStatus(status=3),
1786043883327767033,1786043883.325583660,/novatel/oem7/fix,/novatel/oem7/fix,/novatel/oem7/inspva,39.663,-75.756,-1.800735990,0.001078198,0.000020772,-0.000706538,-0.000814442,0.000020772,,0,
1786043883328849397,1786043883.326257767,/novatel/oem7/odom,/novatel/oem7/fix,/novatel/oem7/odom,39.663,-75.756,-1.800735990,0.001078287,0.000015455,-0.000851771,-0.000661203,0.000015455,,,
1786043883336523609,1786043883.335589976,/novatel/oem7/odom,/novatel/oem7/fix,/novatel/oem7/odom,39.663,-75.756,-1.800735990,0.001078287,0.000015455,-0.000851771,-0.000661203,0.000015455,,,
1786043883345688659,1786043883.345003634,/novatel/oem7/inspva,/novatel/oem7/inspva,/novatel/oem7/inspva,39.663,-75.756,-1.800730369,0.001101412,0.000137803,-0.000782121,-0.000775497,0.000137803,,novatel_oem7_msgs.msg.InertialSolutionStatus(status=3),
1786043883347489234,1786043883.345123959,/novatel/oem7/fix,/novatel/oem7/fix,/novatel/oem7/inspva,39.663,-75.756,-1.800730369,0.001101412,0.000137803,-0.000782121,-0.000775497,0.000137803,,0,
1786043883348813867,1786043883.345811567,/novatel/oem7/odom,/novatel/oem7/fix,/novatel/oem7/odom,39.663,-75.756,-1.800730369,0.001102074,0.000132408,-0.000817474,-0.000739124,0.000132408,,,
1786043883356549413,1786043883.355696458,/novatel/oem7/odom,/novatel/oem7/fix,/novatel/oem7/odom,39.663,-75.756,-1.800730369,0.001102074,0.000132408,-0.000817474,-0.000739124,0.000132408,,,
1786043883367632136,1786043883.366563265,/novatel/oem7/inspva,/novatel/oem7/inspva,/novatel/oem7/inspva,39.663,-75.756,-1.800727965,0.001087974,-0.000291953,-0.000571524,-0.000925769,-0.000291953,,novatel_oem7_msgs.msg.InertialSolutionStatus(status=3),
1786043883369775254,1786043883.366757052,/novatel/oem7/fix,/novatel/oem7/fix,/novatel/oem7/inspva,39.663,-75.756,-1.800727965,0.001087974,-0.000291953,-0.000571524,-0.000925769,-0.000291953,,0,
1786043883371294117,1786043883.367599562,/novatel/oem7/odom,/novatel/oem7/fix,/novatel/oem7/odom,39.663,-75.756,-1.800727965,0.001086532,-0.000297275,-0.000954333,-0.000519423,-0.000297275,,,
1786043883375675468,1786043883.374792045,/novatel/oem7/odom,/novatel/oem7/fix,/novatel/oem7/odom,39.663,-75.756,-1.800727965,0.001086532,-0.000297275,-0.000954333,-0.000519423,-0.000297275,,,
1786043883385920319,1786043883.385168714,/novatel/oem7/inspva,/novatel/oem7/inspva,/novatel/oem7/inspva,39.663,-75.756,-1.800720038,0.001267633,0.000061065,-0.000752020,-0.001020471,0.000061065,,novatel_oem7_msgs.msg.InertialSolutionStatus(status=3),
1786043883387310523,1786043883.385288520,/novatel/oem7/fix,/novatel/oem7/fix,/novatel/oem7/inspva,39.663,-75.756,-1.800720038,0.001267633,0.000061065,-0.000752020,-0.001020471,0.000061065,,0,
1786043883388341431,1786043883.385718537,/novatel/oem7/odom,/novatel/oem7/fix,/novatel/oem7/odom,39.663,-75.756,-1.800720038,0.001267918,0.000054827,-0.001060139,-0.000695502,0.000054827,,,
1786043883396644188,1786043883.395611118,/novatel/oem7/odom,/novatel/oem7/fix,/novatel/oem7/odom,39.663,-75.756,-1.800720038,0.001267918,0.000054827,-0.001060139,-0.000695502,0.000054827,,,
1786043883407175143,1786043883.406502543,/novatel/oem7/inspva,/novatel/oem7/inspva,/novatel/oem7/inspva,39.663,-75.756,-1.800716669,0.000845996,0.000077244,-0.000442913,-0.000720789,0.000077244,,novatel_oem7_msgs.msg.InertialSolutionStatus(status=3),
1786043883408665211,1786043883.406638097,/novatel/oem7/fix,/novatel/oem7/fix,/novatel/oem7/inspva,39.663,-75.756,-1.800716669,0.000845996,0.000077244,-0.000442913,-0.000720789,0.000077244,,0,
1786043883409738199,1786043883.407479519,/novatel/oem7/odom,/novatel/oem7/fix,/novatel/oem7/odom,39.663,-75.756,-1.800716669,0.000846365,0.000073090,-0.000744146,-0.000403212,0.000073090,,,
1786043883411237537,1786043883.409921360,/novatel/oem7/bestpos,/novatel/oem7/bestpos,/novatel/oem7/odom,39.663,-75.756,33.181446578,0.000846365,0.000073090,-0.000744146,-0.000403212,0.000073090,,novatel_oem7_msgs.msg.SolutionStatus(status=0),novatel_oem7_msgs.msg.PositionOrVelocityType(type=53)
1786043883412160143,1786043883.410334594,/novatel/oem7/bestvel,/novatel/oem7/bestpos,/novatel/oem7/bestvel,39.663,-75.756,33.181446578,0.000600180,-0.000165656,,,,255.610693941,novatel_oem7_msgs.msg.SolutionStatus(status=0),novatel_oem7_msgs.msg.PositionOrVelocityType(type=53)
1786043883415177734,1786043883.414511184,/novatel/oem7/odom,/novatel/oem7/bestpos,/novatel/oem7/odom,39.663,-75.756,33.181446578,0.000846365,0.000073090,-0.000744146,-0.000403212,0.000073090,,,
1786043883426990932,1786043883.426171248,/novatel/oem7/inspva,/novatel/oem7/inspva,/novatel/oem7/inspva,39.663,-75.756,-1.800712318,0.001030941,0.000181247,-0.000606289,-0.000833818,0.000181247,,novatel_oem7_msgs.msg.InertialSolutionStatus(status=3),
1786043883428806350,1786043883.426331925,/novatel/oem7/fix,/novatel/oem7/fix,/novatel/oem7/inspva,39.663,-75.756,-1.800712318,0.001030941,0.000181247,-0.000606289,-0.000833818,0.000181247,,0,
1786043883430230671,1786043883.427045285,/novatel/oem7/odom,/novatel/oem7/fix,/novatel/oem7/odom,39.663,-75.756,-1.800712318,0.001031822,0.000176160,-0.000866323,-0.000560484,0.000176160,,,
1786043883435435668,1786043883.434646266,/novatel/oem7/odom,/novatel/oem7/fix,/novatel/oem7/odom,39.663,-75.756,-1.800712318,0.001031822,0.000176160,-0.000866323,-0.000560484,0.000176160,,,
1786043883445988539,1786043883.445172915,/novatel/oem7/inspva,/novatel/oem7/inspva,/novatel/oem7/inspva,39.663,-75.756,-1.800713034,0.000941707,-0.000305844,-0.000869164,-0.000362445,-0.000305844,,novatel_oem7_msgs.msg.InertialSolutionStatus(status=3),
1786043883447585652,1786043883.445325140,/novatel/oem7/fix,/novatel/oem7/fix,/novatel/oem7/inspva,39.663,-75.756,-1.800713034,0.000941707,-0.000305844,-0.000869164,-0.000362445,-0.000305844,,0,
1786043883448681323,1786043883.445670262,/novatel/oem7/odom,/novatel/oem7/fix,/novatel/oem7/odom,39.663,-75.756,-1.800713034,0.000940375,-0.000309916,-0.000408016,-0.000847247,-0.000309916,,,
1786043883457387055,1786043883.456320234,/novatel/oem7/odom,/novatel/oem7/fix,/novatel/oem7/odom,39.663,-75.756,-1.800713034,0.000940375,-0.000309916,-0.000408016,-0.000847247,-0.000309916,,,
1786043883465733110,1786043883.465004786,/novatel/oem7/inspva,/novatel/oem7/inspva,/novatel/oem7/inspva,39.663,-75.756,-1.800706938,0.000958485,0.000101255,-0.000778263,-0.000559465,0.000101255,,novatel_oem7_msgs.msg.InertialSolutionStatus(status=3),
1786043883467504801,1786043883.465119596,/novatel/oem7/fix,/novatel/oem7/fix,/novatel/oem7/inspva,39.663,-75.756,-1.800706938,0.000958485,0.000101255,-0.000778263,-0.000559465,0.000101255,,0,
1786043883468989170,1786043883.465682356,/novatel/oem7/odom,/novatel/oem7/fix,/novatel/oem7/odom,39.663,-75.756,-1.800706938,0.000958956,0.000096696,-0.000601424,-0.000746917,0.000096696,,,
1786043883475097745,1786043883.474261000,/novatel/oem7/odom,/novatel/oem7/fix,/novatel/oem7/odom,39.663,-75.756,-1.800706938,0.000958956,0.000096696,-0.000601424,-0.000746917,0.000096696,,,
1786043883487614890,1786043883.486556852,/novatel/oem7/inspva,/novatel/oem7/inspva,/novatel/oem7/inspva,39.663,-75.756,-1.800707781,0.001009825,-0.000305740,-0.000611135,-0.000803903,-0.000305740,,novatel_oem7_msgs.msg.InertialSolutionStatus(status=3),
1786043883489611240,1786043883.486863072,/novatel/oem7/fix,/novatel/oem7/fix,/novatel/oem7/inspva,39.663,-75.756,-1.800707781,0.001009825,-0.000305740,-0.000611135,-0.000803903,-0.000305740,,0,
1786043883490947934,1786043883.487386748,/novatel/oem7/odom,/novatel/oem7/fix,/novatel/oem7/odom,39.663,-75.756,-1.800707781,0.001008299,-0.000310735,-0.000834758,-0.000565549,-0.000310735,,,
1786043883495350852,1786043883.494570537,/novatel/oem7/odom,/novatel/oem7/fix,/novatel/oem7/odom,39.663,-75.756,-1.800707781,0.001008299,-0.000310735,-0.000834758,-0.000565549,-0.000310735,,,
1786043883506330577,1786043883.505767753,/novatel/oem7/inspva,/novatel/oem7/inspva,/novatel/oem7/inspva,39.663,-75.756,-1.800702527,0.001124360,-0.000115002,-0.000895100,-0.000680427,-0.000115002,,novatel_oem7_msgs.msg.InertialSolutionStatus(status=3),
1786043883507664638,1786043883.505865076,/novatel/oem7/fix,/novatel/oem7/fix,/novatel/oem7/inspva,39.663,-75.756,-1.800702527,0.001124360,-0.000115002,-0.000895100,-0.000680427,-0.000115002,,0,
1786043883508727839,1786043883.506410495,/novatel/oem7/odom,/novatel/oem7/fix,/novatel/oem7/odom,39.663,-75.756,-1.800702527,0.001123795,-0.000120394,-0.000727708,-0.000856363,-0.000120394,,,
1786043883511906221,1786043883.511216658,/novatel/oem7/bestpos,/novatel/oem7/bestpos,/novatel/oem7/odom,39.663,-75.756,33.181459578,0.001123795,-0.000120394,-0.000727708,-0.000856363,-0.000120394,,novatel_oem7_msgs.msg.SolutionStatus(status=0),novatel_oem7_msgs.msg.PositionOrVelocityType(type=53)
1786043883513343903,1786043883.511747936,/novatel/oem7/bestvel,/novatel/oem7/bestpos,/novatel/oem7/bestvel,39.663,-75.756,33.181459578,0.001319160,0.000026633,,,,229.922068680,novatel_oem7_msgs.msg.SolutionStatus(status=0),novatel_oem7_msgs.msg.PositionOrVelocityType(type=53)
1786043883516130794,1786043883.515372143,/novatel/oem7/odom,/novatel/oem7/bestpos,/novatel/oem7/odom,39.663,-75.756,33.181459578,0.001123795,-0.000120394,-0.000727708,-0.000856363,-0.000120394,,,
1786043883525969137,1786043883.525212955,/novatel/oem7/inspva,/novatel/oem7/inspva,/novatel/oem7/inspva,39.663,-75.756,-1.800696194,0.001111604,0.000533018,-0.000785520,-0.000786526,0.000533018,,novatel_oem7_msgs.msg.InertialSolutionStatus(status=3),
1786043883527803076,1786043883.525384195,/novatel/oem7/fix,/novatel/oem7/fix,/novatel/oem7/inspva,39.663,-75.756,-1.800696194,0.001111604,0.000533018,-0.000785520,-0.000786526,0.000533018,,0,
1786043883529150197,1786043883.526154273,/novatel/oem7/odom,/novatel/oem7/fix,/novatel/oem7/odom,39.663,-75.756,-1.800696194,0.001114221,0.000527526,-0.000830295,-0.000743034,0.000527526,,,
1786043883535741591,1786043883.534833632,/novatel/oem7/odom,/novatel/oem7/fix,/novatel/oem7/odom,39.663,-75.756,-1.800696194,0.001114221,0.000527526,-0.000830295,-0.000743034,0.000527526,,,
1786043883546777100,1786043883.546005392,/novatel/oem7/inspva,/novatel/oem7/inspva,/novatel/oem7/inspva,39.663,-75.756,-1.800696603,0.000725561,0.000142309,-0.000674814,-0.000266578,0.000142309,,novatel_oem7_msgs.msg.InertialSolutionStatus(status=3),
1786043883548340416,1786043883.546136007,/novatel/oem7/fix,/novatel/oem7/fix,/novatel/oem7/inspva,39.663,-75.756,-1.800696603,0.000725561,0.000142309,-0.000674814,-0.000266578,0.000142309,,0,
1786043883549440977,1786043883.546630252,/novatel/oem7/odom,/novatel/oem7/fix,/novatel/oem7/odom,39.663,-75.756,-1.800696603,0.000726169,0.000139174,-0.000303520,-0.000659694,0.000139174,,,
1786043883556442867,1786043883.555866979,/novatel/oem7/odom,/novatel/oem7/fix,/novatel/oem7/odom,39.663,-75.756,-1.800696603,0.000726169,0.000139174,-0.000303520,-0.000659694,0.000139174,,,
1786043883565679536,1786043883.565216795,/novatel/oem7/inspva,/novatel/oem7/inspva,/novatel/oem7/inspva,39.663,-75.756,-1.800694332,0.001014792,0.000057313,-0.000632355,-0.000793681,0.000057313,,novatel_oem7_msgs.msg.InertialSolutionStatus(status=3),
1786043883566596713,1786043883.565362835,/novatel/oem7/fix,/novatel/oem7/fix,/novatel/oem7/inspva,39.663,-75.756,-1.800694332,0.001014792,0.000057313,-0.000632355,-0.000793681,0.000057313,,0,
1786043883567292516,1786043883.566168031,/novatel/oem7/odom,/novatel/oem7/fix,/novatel/oem7/odom,39.663,-75.756,-1.800694332,0.001015064,0.000052273,-0.000827182,-0.000588324,0.000052273,,,
1786043883575729741,1786043883.575327855,/novatel/oem7/odom,/novatel/oem7/fix,/novatel/oem7/odom,39.663,-75.756,-1.800694332,0.001015064,0.000052273,-0.000827182,-0.000588324,0.000052273,,,
1786043883585640656,1786043883.585015554,/novatel/oem7/inspva,/novatel/oem7/inspva,/novatel/oem7/inspva,39.663,-75.756,-1.800690254,0.000851805,0.000249343,-0.000788088,-0.000323249,0.000249343,,novatel_oem7_msgs.msg.InertialSolutionStatus(status=3),
1786043883586525699,1786043883.585258519,/novatel/oem7/fix,/novatel/oem7/fix,/novatel/oem7/inspva,39.663,-75.756,-1.800690254,0.000851805,0.000249343,-0.000788088,-0.000323249,0.000249343,,0,
1786043883587031034,1786043883.585803988,/novatel/oem7/odom,/novatel/oem7/fix,/novatel/oem7/odom,39.663,-75.756,-1.800690254,0.000852882,0.000245636,-0.000366713,-0.000770018,0.000245636,,,
1786043883594727558,1786043883.594313571,/novatel/oem7/odom,/novatel/oem7/fix,/novatel/oem7/odom,39.663,-75.756,-1.800690254,0.000852882,0.000245636,-0.000366713,-0.000770018,0.000245636,,,
1786043883606242456,1786043883.605787782,/novatel/oem7/inspva,/novatel/oem7/inspva,/novatel/oem7/inspva,39.663,-75.756,-1.800685372,0.000800548,0.000266121,-0.000527635,-0.000602061,0.000266121,,novatel_oem7_msgs.msg.InertialSolutionStatus(status=3),
1786043883607028353,1786043883.605974057,/novatel/oem7/fix,/novatel/oem7/fix,/novatel/oem7/inspva,39.663,-75.756,-1.800685372,0.000800548,0.000266121,-0.000527635,-0.000602061,0.000266121,,0,
1786043883607755072,1786043883.606796182,/novatel/oem7/odom,/novatel/oem7/fix,/novatel/oem7/odom,39.663,-75.756,-1.800685372,0.000801862,0.000262133,-0.000630991,-0.000494806,0.000262133,,,
1786043883610377060,1786043883.609990911,/novatel/oem7/bestpos,/novatel/oem7/bestpos,/novatel/oem7/odom,39.663,-75.756,33.181455702,0.000801862,0.000262133,-0.000630991,-0.000494806,0.000262133,,novatel_oem7_msgs.msg.SolutionStatus(status=0),novatel_oem7_msgs.msg.PositionOrVelocityType(type=53)
1786043883611028626,1786043883.610404173,/novatel/oem7/bestvel,/novatel/oem7/bestpos,/novatel/oem7/bestvel,39.663,-75.756,33.181455702,0.000400995,-0.000074001,,,,248.749040605,novatel_oem7_msgs.msg.SolutionStatus(status=0),novatel_oem7_msgs.msg.PositionOrVelocityType(type=53)
1786043883615086359,1786043883.614656149,/novatel/oem7/odom,/novatel/oem7/bestpos,/novatel/oem7/odom,39.663,-75.756,33.181455702,0.000801862,0.000262133,-0.000630991,-0.000494806,0.000262133,,,
1786043883625451426,1786043883.624907154,/novatel/oem7/inspva,/novatel/oem7/inspva,/novatel/oem7/inspva,39.663,-75.756,-1.800682497,0.000534773,0.000179663,-0.000468812,-0.000257288,0.000179663,,novatel_oem7_msgs.msg.InertialSolutionStatus(status=3),
1786043883626446387,1786043883.625133756,/novatel/oem7/fix,/novatel/oem7/fix,/novatel/oem7/inspva,39.663,-75.756,-1.800682497,0.000534773,0.000179663,-0.000468812,-0.000257288,0.000179663,,0,
1786043883627128669,1786043883.625604378,/novatel/oem7/odom,/novatel/oem7/fix,/novatel/oem7/odom,39.663,-75.756,-1.800682497,0.000535594,0.000177200,-0.000283175,-0.000454613,0.000177200,,,
1786043883635864922,1786043883.635354540,/novatel/oem7/odom,/novatel/oem7/fix,/novatel/oem7/odom,39.663,-75.756,-1.800682497,0.000535594,0.000177200,-0.000283175,-0.000454613,0.000177200,,,
1786043883646311662,1786043883.645610815,/novatel/oem7/inspva,/novatel/oem7/inspva,/novatel/oem7/inspva,39.663,-75.756,-1.800678892,0.000739034,0.000205256,-0.000564171,-0.000477370,0.000205256,,novatel_oem7_msgs.msg.InertialSolutionStatus(status=3),
1786043883647336646,1786043883.645832880,/novatel/oem7/fix,/novatel/oem7/fix,/novatel/oem7/inspva,39.663,-75.756,-1.800678892,0.000739034,0.000205256,-0.000564171,-0.000477370,0.000205256,,0,
1786043883647896529,1786043883.646377599,/novatel/oem7/odom,/novatel/oem7/fix,/novatel/oem7/odom,39.663,-75.756,-1.800678892,0.000740028,0.000201641,-0.000508233,-0.000537904,0.000201641,,,
1786043883657226663,1786043883.656548509,/novatel/oem7/odom,/novatel/oem7/fix,/novatel/oem7/odom,39.663,-75.756,-1.800678892,0.000740028,0.000201641,-0.000508233,-0.000537904,0.000201641,,,
1786043883666463852,1786043883.665957712,/novatel/oem7/inspva,/novatel/oem7/inspva,/novatel/oem7/inspva,39.663,-75.756,-1.800674872,0.000435090,0.000322336,-0.000434914,0.000012364,0.000322336,,novatel_oem7_msgs.msg.InertialSolutionStatus(status=3),
1786043883667444956,1786043883.666163274,/novatel/oem7/fix,/novatel/oem7/fix,/novatel/oem7/inspva,39.663,-75.756,-1.800674872,0.000435090,0.000322336,-0.000434914,0.000012364,0.000322336,,0,
1786043883668102782,1786043883.666781224,/novatel/oem7/odom,/novatel/oem7/fix,/novatel/oem7/odom,39.663,-75.756,-1.800674872,0.000436058,0.000321026,-0.000012656,-0.000435874,0.000321026,,,
1786043883674973331,1786043883.674518430,/novatel/oem7/odom,/novatel/oem7/fix,/novatel/oem7/odom,39.663,-75.756,-1.800674872,0.000436058,0.000321026,-0.000012656,-0.000435874,0.000321026,,,
1786043883685959389,1786043883.685186175,/novatel/oem7/inspva,/novatel/oem7/inspva,/novatel/oem7/inspva,39.663,-75.756,-1.800674312,0.000754371,-0.000044992,-0.000748760,0.000091839,-0.000044992,,novatel_oem7_msgs.msg.InertialSolutionStatus(status=3),
1786043883687208185,1786043883.685457443,/novatel/oem7/fix,/novatel/oem7/fix,/novatel/oem7/inspva,39.663,-75.756,-1.800674312,0.000754371,-0.000044992,-0.000748760,0.000091839,-0.000044992,,0,
1786043883687884195,1786043883.685988060,/novatel/oem7/odom,/novatel/oem7/fix,/novatel/oem7/odom,39.663,-75.756,-1.800674312,0.000754251,-0.000046966,0.000051082,-0.000752519,-0.000046966,,,
1786043883696214080,1786043883.695792042,/novatel/oem7/odom,/novatel/oem7/fix,/novatel/oem7/odom,39.663,-75.756,-1.800674312,0.000754251,-0.000046966,0.000051082,-0.000752519,-0.000046966,,,
1786043883706455324,1786043883.706038961,/novatel/oem7/inspva,/novatel/oem7/inspva,/novatel/oem7/inspva,39.663,-75.756,-1.800669403,0.000575075,0.000003828,-0.000524463,0.000235903,0.000003828,,novatel_oem7_msgs.msg.InertialSolutionStatus(status=3),
1786043883707071606,1786043883.706187100,/novatel/oem7/fix,/novatel/oem7/fix,/novatel/oem7/inspva,39.663,-75.756,-1.800669403,0.000575075,0.000003828,-0.000524463,0.000235903,0.000003828,,0,
1786043883707568051,1786043883.706573873,/novatel/oem7/odom,/novatel/oem7/fix,/novatel/oem7/odom,39.663,-75.756,-1.800669403,0.000575079,0.000003106,0.000206953,-0.000536551,0.000003106,,,
1786043883709955495,1786043883.709516772,/novatel/oem7/bestpos,/novatel/oem7/bestpos,/novatel/oem7/odom,39.663,-75.756,33.181481311,0.000575079,0.000003106,0.000206953,-0.000536551,0.000003106,,novatel_oem7_msgs.msg.SolutionStatus(status=0),novatel_oem7_msgs.msg.PositionOrVelocityType(type=53)
1786043883710804405,1786043883.710361456,/novatel/oem7/bestvel,/novatel/oem7/bestpos,/novatel/oem7/bestvel,39.663,-75.756,33.181481311,0.000430972,0.000014947,,,,167.220216549,novatel_oem7_msgs.msg.SolutionStatus(status=0),novatel_oem7_msgs.msg.PositionOrVelocityType(type=53)
1786043883714961413,1786043883.714342149,/novatel/oem7/odom,/novatel/oem7/bestpos,/novatel/oem7/odom,39.663,-75.756,33.181481311,0.000575079,0.000003106,0.000206953,-0.000536551,0.000003106,,,
1786043883727800508,1786043883.726965354,/novatel/oem7/inspva,/novatel/oem7/inspva,/novatel/oem7/inspva,39.663,-75.756,-1.800664850,0.000554359,0.000213444,-0.000553346,-0.000033483,0.000213444,,novatel_oem7_msgs.msg.InertialSolutionStatus(status=3),
1786043883728711588,1786043883.728147400,/novatel/oem7/fix,/novatel/oem7/fix,/novatel/oem7/inspva,39.663,-75.756,-1.800664850,0.000554359,0.000213444,-0.000553346,-0.000033483,0.000213444,,0,
1786043883729847511,1786043883.729260628,/novatel/oem7/odom,/novatel/oem7/fix,/novatel/oem7/odom,39.663,-75.756,-1.800664850,0.000555069,0.000211588,-0.000064451,-0.000551315,0.000211588,,,
1786043883735905790,1786043883.735400794,/novatel/oem7/odom,/novatel/oem7/fix,/novatel/oem7/odom,39.663,-75.756,-1.800664850,0.000555069,0.000211588,-0.000064451,-0.000551315,0.000211588,,,
1786043883746101637,1786043883.745212280,/novatel/oem7/inspva,/novatel/oem7/inspva,/novatel/oem7/inspva,39.663,-75.756,-1.800662847,0.000442429,0.000007591,-0.000405372,0.000177247,0.000007591,,novatel_oem7_msgs.msg.InertialSolutionStatus(status=3),
1786043883747498431,1786043883.745460206,/novatel/oem7/fix,/novatel/oem7/fix,/novatel/oem7/inspva,39.663,-75.756,-1.800662847,0.000442429,0.000007591,-0.000405372,0.000177247,0.000007591,,0,
1786043883748081751,1786043883.746023366,/novatel/oem7/odom,/novatel/oem7/fix,/novatel/oem7/odom,39.663,-75.756,-1.800662847,0.000442438,0.000007019,0.000154860,-0.000414452,0.000007019,,,
1786043883756890229,1786043883.756237800,/novatel/oem7/odom,/novatel/oem7/fix,/novatel/oem7/odom,39.663,-75.756,-1.800662847,0.000442438,0.000007019,0.000154860,-0.000414452,0.000007019,,,
1786043883766462058,1786043883.765704174,/novatel/oem7/inspva,/novatel/oem7/inspva,/novatel/oem7/inspva,39.663,-75.756,-1.800660827,0.000270793,-0.000082942,-0.000222854,-0.000153834,-0.000082942,,novatel_oem7_msgs.msg.InertialSolutionStatus(status=3),
1786043883767491859,1786043883.766835599,/novatel/oem7/fix,/novatel/oem7/fix,/novatel/oem7/inspva,39.663,-75.756,-1.800660827,0.000270793,-0.000082942,-0.000222854,-0.000153834,-0.000082942,,0,
1786043883768598166,1786043883.768021947,/novatel/oem7/odom,/novatel/oem7/fix,/novatel/oem7/odom,39.663,-75.756,-1.800660827,0.000270395,-0.000084230,-0.000165414,-0.000213897,-0.000084230,,,
1786043883775043916,1786043883.774638291,/novatel/oem7/odom,/novatel/oem7/fix,/novatel/oem7/odom,39.663,-75.756,-1.800660827,0.000270395,-0.000084230,-0.000165414,-0.000213897,-0.000084230,,,
1786043883787901007,1786043883.786649350,/novatel/oem7/inspva,/novatel/oem7/inspva,/novatel/oem7/inspva,39.663,-75.756,-1.800658602,0.000240986,-0.000147049,-0.000218811,0.000100974,-0.000147049,,novatel_oem7_msgs.msg.InertialSolutionStatus(status=3),
1786043883789059521,1786043883.788196431,/novatel/oem7/fix,/novatel/oem7/fix,/novatel/oem7/inspva,39.663,-75.756,-1.800658602,0.000240986,-0.000147049,-0.000218811,0.000100974,-0.000147049,,0,
1786043883790024353,1786043883.789307641,/novatel/oem7/odom,/novatel/oem7/fix,/novatel/oem7/odom,39.663,-75.756,-1.800658602,0.000240809,-0.000147339,0.000089490,-0.000223563,-0.000147339,,,
1786043883795348589,1786043883.794933501,/novatel/oem7/odom,/novatel/oem7/fix,/novatel/oem7/odom,39.663,-75.756,-1.800658602,0.000240809,-0.000147339,0.000089490,-0.000223563,-0.000147339,,,
1786043883806846935,1786043883.806303643,/novatel/oem7/inspva,/novatel/oem7/inspva,/novatel/oem7/inspva,39.663,-75.756,-1.800656880,0.000108772,0.000034934,0.000039922,0.000101181,0.000034934,,novatel_oem7_msgs.msg.InertialSolutionStatus(status=3),
1786043883807662495,1786043883.806445613,/novatel/oem7/fix,/novatel/oem7/fix,/novatel/oem7/inspva,39.663,-75.756,-1.800656880,0.000108772,0.000034934,0.000039922,0.000101181,0.000034934,,0,
1786043883808164206,1786043883.806854603,/novatel/oem7/odom,/novatel/oem7/fix,/novatel/oem7/odom,39.663,-75.756,-1.800656880,0.000108605,0.000035449,0.000103065,0.000034245,0.000035449,,,
1786043883810671118,1786043883.810229081,/novatel/oem7/bestpos,/novatel/oem7/bestpos,/novatel/oem7/odom,39.663,-75.756,33.181499752,0.000108605,0.000035449,0.000103065,0.000034245,0.000035449,,novatel_oem7_msgs.msg.SolutionStatus(status=0),novatel_oem7_msgs.msg.PositionOrVelocityType(type=53)
1786043883811388801,1786043883.810629147,/novatel/oem7/bestvel,/novatel/oem7/bestpos,/novatel/oem7/bestvel,39.663,-75.756,33.181499752,0.000100775,0.000154547,,,,276.567405135,novatel_oem7_msgs.msg.SolutionStatus(status=0),novatel_oem7_msgs.msg.PositionOrVelocityType(type=53)
1786043883816017529,1786043883.815497658,/novatel/oem7/odom,/novatel/oem7/bestpos,/novatel/oem7/odom,39.663,-75.756,33.181499752,0.000108605,0.000035449,0.000103065,0.000034245,0.000035449,,,
1786043883825941277,1786043883.825454402,/novatel/oem7/inspva,/novatel/oem7/inspva,/novatel/oem7/inspva,39.663,-75.756,-1.800655532,0.000371011,-0.000292041,-0.000217647,0.000300465,-0.000292041,,novatel_oem7_msgs.msg.InertialSolutionStatus(status=3),
1786043883826730754,1786043883.825704365,/novatel/oem7/fix,/novatel/oem7/fix,/novatel/oem7/inspva,39.663,-75.756,-1.800655532,0.000371011,-0.000292041,-0.000217647,0.000300465,-0.000292041,,0,
1786043883827650548,1786043883.826536593,/novatel/oem7/odom,/novatel/oem7/fix,/novatel/oem7/odom,39.663,-75.756,-1.800655532,0.000371394,-0.000291553,0.000289330,-0.000232856,-0.000291553,,,
1786043883835144071,1786043883.834642643,/novatel/oem7/odom,/novatel/oem7/fix,/novatel/oem7/odom,39.663,-75.756,-1.800655532,0.000371394,-0.000291553,0.000289330,-0.000232856,-0.000291553,,,
1786043883846953592,1786043883.846488551,/novatel/oem7/inspva,/novatel/oem7/inspva,/novatel/oem7/inspva,39.663,-75.756,-1.800649808,0.000341137,0.000178107,0.000047866,0.000337762,0.000178107,,novatel_oem7_msgs.msg.InertialSolutionStatus(status=3),
1786043883847923528,1786043883.846707116,/novatel/oem7/fix,/novatel/oem7/fix,/novatel/oem7/inspva,39.663,-75.756,-1.800649808,0.000341137,0.000178107,0.000047866,0.000337762,0.000178107,,0,
1786043883848615670,1786043883.847176481,/novatel/oem7/odom,/novatel/oem7/fix,/novatel/oem7/odom,39.663,-75.756,-1.800649808,0.000340377,0.000179555,0.000339150,0.000028867,0.000179555,,,
1786043883857157379,1786043883.856793232,/novatel/oem7/odom,/novatel/oem7/fix,/novatel/oem7/odom,39.663,-75.756,-1.800649808,0.000340377,0.000179555,0.000339150,0.000028867,0.000179555,,,
1786043883865308363,1786043883.865007410,/novatel/oem7/inspva,/novatel/oem7/inspva,/novatel/oem7/inspva,39.663,-75.756,-1.800649754,0.000362012,0.000020966,-0.000077690,0.000353578,0.000020966,,novatel_oem7_msgs.msg.InertialSolutionStatus(status=3),
1786043883866461441,1786043883.865188718,/novatel/oem7/fix,/novatel/oem7/fix,/novatel/oem7/inspva,39.663,-75.756,-1.800649754,0.000362012,0.000020966,-0.000077690,0.000353578,0.000020966,,0,
1786043883867519895,1786043883.865586449,/novatel/oem7/odom,/novatel/oem7/fix,/novatel/oem7/odom,39.663,-75.756,-1.800649754,0.000361946,0.000022085,0.000348730,-0.000096912,0.000022085,,,
1786043883875754813,1786043883.875431969,/novatel/oem7/odom,/novatel/oem7/fix,/novatel/oem7/odom,39.663,-75.756,-1.800649754,0.000361946,0.000022085,0.000348730,-0.000096912,0.000022085,,,
1786043883885958306,1786043883.885511659,/novatel/oem7/inspva,/novatel/oem7/inspva,/novatel/oem7/inspva,39.663,-75.756,-1.800648884,0.000660616,-0.000237942,0.000496487,0.000435791,-0.000237942,,novatel_oem7_msgs.msg.InertialSolutionStatus(status=3),
1786043883886547403,1786043883.885698187,/novatel/oem7/fix,/novatel/oem7/fix,/novatel/oem7/inspva,39.663,-75.756,-1.800648884,0.000660616,-0.000237942,0.000496487,0.000435791,-0.000237942,,0,
1786043883887001028,1786043883.886264549,/novatel/oem7/odom,/novatel/oem7/fix,/novatel/oem7/odom,39.663,-75.756,-1.800648884,0.000661768,-0.000234719,0.000463154,0.000472678,-0.000234719,,,
1786043883894918922,1786043883.894582977,/novatel/oem7/odom,/novatel/oem7/fix,/novatel/oem7/odom,39.663,-75.756,-1.800648884,0.000661768,-0.000234719,0.000463154,0.000472678,-0.000234719,,,
1786043883906133650,1786043883.905846502,/novatel/oem7/inspva,/novatel/oem7/inspva,/novatel/oem7/inspva,39.663,-75.756,-1.800644329,0.000466234,-0.000010512,0.000047421,0.000463816,-0.000010512,,novatel_oem7_msgs.msg.InertialSolutionStatus(status=3),
1786043883906708549,1786043883.906022881,/novatel/oem7/fix,/novatel/oem7/fix,/novatel/oem7/inspva,39.663,-75.756,-1.800644329,0.000466234,-0.000010512,0.000047421,0.000463816,-0.000010512,,0,
1786043883907169805,1786043883.906483069,/novatel/oem7/odom,/novatel/oem7/fix,/novatel/oem7/odom,39.663,-75.756,-1.800644329,0.000466273,-0.000008578,0.000465749,0.000022094,-0.000008578,,,
1786043883909543601,1786043883.909128040,/novatel/oem7/bestpos,/novatel/oem7/bestpos,/novatel/oem7/odom,39.663,-75.756,33.181524253,0.000466273,-0.000008578,0.000465749,0.000022094,-0.000008578,,novatel_oem7_msgs.msg.SolutionStatus(status=0),novatel_oem7_msgs.msg.PositionOrVelocityType(type=53)
1786043883910187402,1786043883.909443933,/novatel/oem7/bestvel,/novatel/oem7/bestpos,/novatel/oem7/bestvel,39.663,-75.756,33.181524253,0.000533151,0.000158644,,,,117.836882143,novatel_oem7_msgs.msg.SolutionStatus(status=0),novatel_oem7_msgs.msg.PositionOrVelocityType(type=53)
1786043883915546611,1786043883.914991736,/novatel/oem7/odom,/novatel/oem7/bestpos,/novatel/oem7/odom,39.663,-75.756,33.181524253,0.000466273,-0.000008578,0.000465749,0.000022094,-0.000008578,,,
1786043883925825845,1786043883.925336575,/novatel/oem7/inspva,/novatel/oem7/inspva,/novatel/oem7/inspva,39.663,-75.756,-1.800642271,0.001072585,-0.000000686,0.000435552,0.000980170,-0.000000686,,novatel_oem7_msgs.msg.InertialSolutionStatus(status=3),
1786043883926695401,1786043883.925575307,/novatel/oem7/fix,/novatel/oem7/fix,/novatel/oem7/inspva,39.663,-75.756,-1.800642271,0.001072585,-0.000000686,0.000435552,0.000980170,-0.000000686,,0,
1786043883927369388,1786043883.926185110,/novatel/oem7/odom,/novatel/oem7/fix,/novatel/oem7/odom,39.663,-75.756,-1.800642271,0.001072576,0.000004439,0.001002451,0.000381458,0.000004439,,,
1786043883935051528,1786043883.934703587,/novatel/oem7/odom,/novatel/oem7/fix,/novatel/oem7/odom,39.663,-75.756,-1.800642271,0.001072576,0.000004439,0.001002451,0.000381458,0.000004439,,,
1786043883947358106,1786043883.946053366,/novatel/oem7/inspva,/novatel/oem7/inspva,/novatel/oem7/inspva,39.663,-75.756,-1.800640493,0.000677415,0.000035981,0.000108694,0.000668638,0.000035981,,novatel_oem7_msgs.msg.InertialSolutionStatus(status=3),
1786043883947961882,1786043883.946311075,/novatel/oem7/fix,/novatel/oem7/fix,/novatel/oem7/inspva,39.663,-75.756,-1.800640493,0.000677415,0.000035981,0.000108694,0.000668638,0.000035981,,0,
1786043883948463021,1786043883.947327786,/novatel/oem7/odom,/novatel/oem7/fix,/novatel/oem7/odom,39.663,-75.756,-1.800640493,0.001072576,0.000004448,0.001002452,0.000381456,0.000004448,,,
1786043883955985226,1786043883.955601184,/novatel/oem7/odom,/novatel/oem7/fix,/novatel/oem7/odom,39.663,-75.756,-1.800640493,0.000677254,0.000038899,0.000673419,0.000071968,0.000038899,,,
1786043883965315051,1786043883.964948935,/novatel/oem7/inspva,/novatel/oem7/inspva,/novatel/oem7/inspva,39.663,-75.756,-1.800642988,0.001282626,-0.000399731,0.000518368,0.001173211,-0.000399731,,novatel_oem7_msgs.msg.InertialSolutionStatus(status=3),
1786043883965927643,1786043883.965121611,/novatel/oem7/fix,/novatel/oem7/fix,/novatel/oem7/inspva,39.663,-75.756,-1.800642988,0.001282626,-0.000399731,0.000518368,0.001173211,-0.000399731,,0,
1786043883966381211,1786043883.965470044,/novatel/oem7/odom,/novatel/oem7/fix,/novatel/oem7/odom,39.663,-75.756,-1.800642988,0.001284519,-0.000393604,0.001201320,0.000454774,-0.000393604,,,
1786043883974942821,1786043883.974577193,/novatel/oem7/odom,/novatel/oem7/fix,/novatel/oem7/odom,39.663,-75.756,-1.800642988,0.001284519,-0.000393604,0.001201320,0.000454774,-0.000393604,,,
1786043883985236797,1786043883.984862002,/novatel/oem7/inspva,/novatel/oem7/inspva,/novatel/oem7/inspva,39.663,-75.756,-1.800642599,0.000812483,-0.000183287,0.000401856,0.000706144,-0.000183287,,novatel_oem7_msgs.msg.InertialSolutionStatus(status=3),
1786043883985851476,1786043883.985041034,/novatel/oem7/fix,/novatel/oem7/fix,/novatel/oem7/inspva,39.663,-75.756,-1.800642599,0.000812483,-0.000183287,0.000401856,0.000706144,-0.000183287,,0,
1786043883986302764,1786043883.985385674,/novatel/oem7/odom,/novatel/oem7/fix,/novatel/oem7/odom,39.663,-75.756,-1.800642599,0.000813368,-0.000179315,0.000727734,0.000363279,-0.000179315,,,
1786043883994653837,1786043883.994264244,/novatel/oem7/odom,/novatel/oem7/fix,/novatel/oem7/odom,39.663,-75.756,-1.800642599,0.000813368,-0.000179315,0.000727734,0.000363279,-0.000179315,,,
1786043884008525730,1786043884.008148286,/novatel/oem7/inspva,/novatel/oem7/inspva,/novatel/oem7/inspva,39.663,-75.756,-1.800645621,0.001263038,-0.000199789,0.000855943,0.000928778,-0.000199789,,novatel_oem7_msgs.msg.InertialSolutionStatus(status=3),
1786043884009073237,1786043884.008311378,/novatel/oem7/fix,/novatel/oem7/fix,/novatel/oem7/inspva,39.663,-75.756,-1.800645621,0.001263038,-0.000199789,0.000855943,0.000928778,-0.000199789,,0,
1786043884012013735,1786043884.011242094,/novatel/oem7/odom,/novatel/oem7/fix,/novatel/oem7/odom,39.663,-75.756,-1.800645621,0.001264009,-0.000193552,0.000974852,0.000804600,-0.000193552,,,
1786043884015749933,1786043884.015041356,/novatel/oem7/odom,/novatel/oem7/fix,/novatel/oem7/odom,39.663,-75.756,-1.800645621,0.001264009,-0.000193552,0.000974852,0.000804600,-0.000193552,,,
1786043884025752119,1786043884.025118289,/novatel/oem7/bestpos,/novatel/oem7/bestpos,/novatel/oem7/odom,39.663,-75.756,33.181522530,0.001264009,-0.000193552,0.000974852,0.000804600,-0.000193552,,novatel_oem7_msgs.msg.SolutionStatus(status=0),novatel_oem7_msgs.msg.PositionOrVelocityType(type=53)
1786043884027173257,1786043884.025865764,/novatel/oem7/bestvel,/novatel/oem7/bestpos,/novatel/oem7/bestvel,39.663,-75.756,33.181522530,0.001154626,-0.000119409,,,,44.822369289,novatel_oem7_msgs.msg.SolutionStatus(status=0),novatel_oem7_msgs.msg.PositionOrVelocityType(type=53)
1786043884028598411,1786043884.026857251,/novatel/oem7/inspva,/novatel/oem7/inspva,/novatel/oem7/inspva,39.663,-75.756,-1.800647976,0.000978408,-0.000176371,0.000562051,0.000800862,-0.000176371,,novatel_oem7_msgs.msg.InertialSolutionStatus(status=3),
1786043884029413023,1786043884.027045466,/novatel/oem7/fix,/novatel/oem7/fix,/novatel/oem7/inspva,39.663,-75.756,-1.800647976,0.000978408,-0.000176371,0.000562051,0.000800862,-0.000176371,,0,
1786043884030473047,1786043884.027359982,/novatel/oem7/odom,/novatel/oem7/fix,/novatel/oem7/odom,39.663,-75.756,-1.800647976,0.000979266,-0.000171542,0.000831017,0.000518047,-0.000171542,,,
1786043884035321427,1786043884.034693583,/novatel/oem7/odom,/novatel/oem7/fix,/novatel/oem7/odom,39.663,-75.756,-1.800647976,0.000979266,-0.000171542,0.000831017,0.000518047,-0.000171542,,,
1786043884046094717,1786043884.045595632,/novatel/oem7/inspva,/novatel/oem7/inspva,/novatel/oem7/inspva,39.663,-75.756,-1.800651251,0.001584060,-0.000016269,0.000769873,0.001384392,-0.000016269,,novatel_oem7_msgs.msg.InertialSolutionStatus(status=3),
1786043884047417043,1786043884.045778307,/novatel/oem7/fix,/novatel/oem7/fix,/novatel/oem7/inspva,39.663,-75.756,-1.800651251,0.001584060,-0.000016269,0.000769873,0.001384392,-0.000016269,,0,
1786043884048476867,1786043884.046449920,/novatel/oem7/odom,/novatel/oem7/fix,/novatel/oem7/odom,39.663,-75.756,-1.800651251,0.001584121,-0.000008559,0.001424362,0.000693276,-0.000008559,,,
1786043884057024288,1786043884.056383932,/novatel/oem7/odom,/novatel/oem7/fix,/novatel/oem7/odom,39.663,-75.756,-1.800651251,0.001584121,-0.000008559,0.001424362,0.000693276,-0.000008559,,,
1786043884066471108,1786043884.065974406,/novatel/oem7/inspva,/novatel/oem7/inspva,/novatel/oem7/inspva,39.663,-75.756,-1.800657641,0.001176795,0.000017120,0.000610620,0.001005977,0.000017120,,novatel_oem7_msgs.msg.InertialSolutionStatus(status=3),
1786043884067786511,1786043884.066137804,/novatel/oem7/fix,/novatel/oem7/fix,/novatel/oem7/inspva,39.663,-75.756,-1.800657641,0.001176795,0.000017120,0.000610620,0.001005977,0.000017120,,0,
1786043884068793435,1786043884.066538255,/novatel/oem7/odom,/novatel/oem7/fix,/novatel/oem7/odom,39.663,-75.756,-1.800657641,0.001176697,0.000022901,0.001037706,0.000554782,0.000022901,,,
1786043884075089472,1786043884.074442679,/novatel/oem7/odom,/novatel/oem7/fix,/novatel/oem7/odom,39.663,-75.756,-1.800657641,0.001176697,0.000022901,0.001037706,0.000554782,0.000022901,,,
1786043884085600303,1786043884.085076774,/novatel/oem7/inspva,/novatel/oem7/inspva,/novatel/oem7/inspva,39.663,-75.756,-1.800666575,0.001234592,-0.000405774,0.000786310,0.000951805,-0.000405774,,novatel_oem7_msgs.msg.InertialSolutionStatus(status=3),
1786043884086900859,1786043884.085247866,/novatel/oem7/fix,/novatel/oem7/fix,/novatel/oem7/inspva,39.663,-75.756,-1.800666575,0.001234592,-0.000405774,0.000786310,0.000951805,-0.000405774,,0,
1786043884087940327,1786043884.085584186,/novatel/oem7/odom,/novatel/oem7/fix,/novatel/oem7/odom,39.663,-75.756,-1.800666575,0.001236582,-0.000399669,0.000994890,0.000734390,-0.000399669,,,
1786043884096060883,1786043884.095438023,/novatel/oem7/odom,/novatel/oem7/fix,/novatel/oem7/odom,39.663,-75.756,-1.800666575,0.001236582,-0.000399669,0.000994890,0.000734390,-0.000399669,,,
1786043884106374602,1786043884.105833759,/novatel/oem7/inspva,/novatel/oem7/inspva,/novatel/oem7/inspva,39.663,-75.756,-1.800673331,0.001023909,-0.000307775,0.000582271,0.000842228,-0.000307775,,novatel_oem7_msgs.msg.InertialSolutionStatus(status=3),
1786043884107735609,1786043884.106001668,/novatel/oem7/fix,/novatel/oem7/fix,/novatel/oem7/inspva,39.663,-75.756,-1.800673331,0.001023909,-0.000307775,0.000582271,0.000842228,-0.000307775,,0,
1786043884108756716,1786043884.106381068,/novatel/oem7/odom,/novatel/oem7/fix,/novatel/oem7/odom,39.663,-75.756,-1.800673331,0.001025414,-0.000302720,0.000873961,0.000536346,-0.000302720,,,
1786043884110293745,1786043884.108815480,/novatel/oem7/bestpos,/novatel/oem7/bestpos,/novatel/oem7/odom,39.663,-75.756,33.181507430,0.001025414,-0.000302720,0.000873961,0.000536346,-0.000302720,,novatel_oem7_msgs.msg.SolutionStatus(status=0),novatel_oem7_msgs.msg.PositionOrVelocityType(type=53)
1786043884111534621,1786043884.109472333,/novatel/oem7/bestvel,/novatel/oem7/bestpos,/novatel/oem7/bestvel,39.663,-75.756,33.181507430,0.001054322,-0.000352818,,,,45.772152155,novatel_oem7_msgs.msg.SolutionStatus(status=0),novatel_oem7_msgs.msg.PositionOrVelocityType(type=53)
1786043884115043170,1786043884.114365059,/novatel/oem7/odom,/novatel/oem7/bestpos,/novatel/oem7/odom,39.663,-75.756,33.181507430,0.001025414,-0.000302720,0.000873961,0.000536346,-0.000302720,,,
1786043884126977632,1786043884.126493373,/novatel/oem7/inspva,/novatel/oem7/inspva,/novatel/oem7/inspva,39.663,-75.756,-1.800679593,0.001226767,-0.000002464,0.000936778,0.000792088,-0.000002464,,novatel_oem7_msgs.msg.InertialSolutionStatus(status=3),
1786043884128289998,1786043884.126653755,/novatel/oem7/fix,/novatel/oem7/fix,/novatel/oem7/inspva,39.663,-75.756,-1.800679593,0.001226767,-0.000002464,0.000936778,0.000792088,-0.000002464,,0,
1786043884129325482,1786043884.127057856,/novatel/oem7/odom,/novatel/oem7/fix,/novatel/oem7/odom,39.663,-75.756,-1.800679593,0.001226764,0.000003510,0.000842019,0.000892163,0.000003510,,,
1786043884135230299,1786043884.134577362,/novatel/oem7/odom,/novatel/oem7/fix,/novatel/oem7/odom,39.663,-75.756,-1.800679593,0.001226764,0.000003510,0.000842019,0.000892163,0.000003510,,,
1786043884145415506,1786043884.144931545,/novatel/oem7/inspva,/novatel/oem7/inspva,/novatel/oem7/inspva,39.663,-75.756,-1.800690020,0.001362175,-0.000183063,0.000986827,0.000938985,-0.000183063,,novatel_oem7_msgs.msg.InertialSolutionStatus(status=3),
1786043884146717693,1786043884.145082647,/novatel/oem7/fix,/novatel/oem7/fix,/novatel/oem7/inspva,39.663,-75.756,-1.800690020,0.001362175,-0.000183063,0.000986827,0.000938985,-0.000183063,,0,
1786043884147748980,1786043884.145397756,/novatel/oem7/odom,/novatel/oem7/fix,/novatel/oem7/odom,39.663,-75.756,-1.800690020,0.001363059,-0.000176363,0.000992149,0.000934649,-0.000176363,,,
1786043884156920614,1786043884.156279667,/novatel/oem7/odom,/novatel/oem7/fix,/novatel/oem7/odom,39.663,-75.756,-1.800690020,0.001363059,-0.000176363,0.000992149,0.000934649,-0.000176363,,,
1786043884165791038,1786043884.165214902,/novatel/oem7/inspva,/novatel/oem7/inspva,/novatel/oem7/inspva,39.663,-75.756,-1.800697999,0.001409673,-0.000210731,0.001054113,0.000935962,-0.000210731,,novatel_oem7_msgs.msg.InertialSolutionStatus(status=3),
1786043884167443711,1786043884.165366510,/novatel/oem7/fix,/novatel/oem7/fix,/novatel/oem7/inspva,39.663,-75.756,-1.800697999,0.001409673,-0.000210731,0.001054113,0.000935962,-0.000210731,,0,
1786043884168552652,1786043884.165921795,/novatel/oem7/odom,/novatel/oem7/fix,/novatel/oem7/odom,39.663,-75.756,-1.800697999,0.001410687,-0.000203837,0.000992922,0.001002069,-0.000203837,,,
1786043884175705015,1786043884.175064152,/novatel/oem7/odom,/novatel/oem7/fix,/novatel/oem7/odom,39.663,-75.756,-1.800697999,0.001410687,-0.000203837,0.000992922,0.001002069,-0.000203837,,,
1786043884186667094,1786043884.186176272,/novatel/oem7/inspva,/novatel/oem7/inspva,/novatel/oem7/inspva,39.663,-75.756,-1.800706767,0.001502024,-0.000078878,0.001154734,0.000960554,-0.000078878,,novatel_oem7_msgs.msg.InertialSolutionStatus(status=3),
1786043884187944600,1786043884.186330220,/novatel/oem7/fix,/novatel/oem7/fix,/novatel/oem7/inspva,39.663,-75.756,-1.800706767,0.001502024,-0.000078878,0.001154734,0.000960554,-0.000078878,,0,
1786043884188959247,1786043884.186771572,/novatel/oem7/odom,/novatel/oem7/fix,/novatel/oem7/odom,39.663,-75.756,-1.800706767,0.001502389,-0.000071586,0.001022442,0.001100811,-0.000071586,,,
1786043884195025472,1786043884.194379833,/novatel/oem7/odom,/novatel/oem7/fix,/novatel/oem7/odom,39.663,-75.756,-1.800706767,0.001502389,-0.000071586,0.001022442,0.001100811,-0.000071586,,,
1786043884206267347,1786043884.205788136,/novatel/oem7/inspva,/novatel/oem7/inspva,/novatel/oem7/inspva,39.663,-75.756,-1.800718726,0.001296306,-0.000484810,0.000871218,0.000959890,-0.000484810,,novatel_oem7_msgs.msg.InertialSolutionStatus(status=3),
1786043884207580610,1786043884.205937630,/novatel/oem7/fix,/novatel/oem7/fix,/novatel/oem7/inspva,39.663,-75.756,-1.800718726,0.001296306,-0.000484810,0.000871218,0.000959890,-0.000484810,,0,
1786043884208598001,1786043884.206698321,/novatel/oem7/odom,/novatel/oem7/fix,/novatel/oem7/odom,39.663,-75.756,-1.800718726,0.001298683,-0.000478407,0.001007933,0.000818931,-0.000478407,,,
1786043884210753853,1786043884.210094540,/novatel/oem7/bestpos,/novatel/oem7/bestpos,/novatel/oem7/odom,39.663,-75.756,33.181464450,0.001298683,-0.000478407,0.001007933,0.000818931,-0.000478407,,novatel_oem7_msgs.msg.SolutionStatus(status=0),novatel_oem7_msgs.msg.PositionOrVelocityType(type=53)
1786043884212134467,1786043884.210450383,/novatel/oem7/bestvel,/novatel/oem7/bestpos,/novatel/oem7/bestvel,39.663,-75.756,33.181464450,0.001020399,-0.000263041,,,,30.401243565,novatel_oem7_msgs.msg.SolutionStatus(status=0),novatel_oem7_msgs.msg.PositionOrVelocityType(type=53)
1786043884216261819,1786043884.215617892,/novatel/oem7/odom,/novatel/oem7/bestpos,/novatel/oem7/odom,39.663,-75.756,33.181464450,0.001298683,-0.000478407,0.001007933,0.000818931,-0.000478407,,,
1786043884225622461,1786043884.225109113,/novatel/oem7/inspva,/novatel/oem7/inspva,/novatel/oem7/inspva,39.663,-75.756,-1.800729539,0.001583049,-0.000519933,0.001354502,0.000819371,-0.000519933,,novatel_oem7_msgs.msg.InertialSolutionStatus(status=3),
1786043884226927468,1786043884.225264218,/novatel/oem7/fix,/novatel/oem7/fix,/novatel/oem7/inspva,39.663,-75.756,-1.800729539,0.001583049,-0.000519933,0.001354502,0.000819371,-0.000519933,,0,
1786043884228241531,1786043884.225682192,/novatel/oem7/odom,/novatel/oem7/fix,/novatel/oem7/odom,39.663,-75.756,-1.800729539,0.001585454,-0.000512552,0.000894137,0.001309268,-0.000512552,,,
1786043884235194269,1786043884.234553829,/novatel/oem7/odom,/novatel/oem7/fix,/novatel/oem7/odom,39.663,-75.756,-1.800729539,0.001585454,-0.000512552,0.000894137,0.001309268,-0.000512552,,,
1786043884247163648,1786043884.246665983,/novatel/oem7/inspva,/novatel/oem7/inspva,/novatel/oem7/inspva,39.663,-75.756,-1.800739511,0.001392619,-0.000385952,0.001121226,0.000825979,-0.000385952,,novatel_oem7_msgs.msg.InertialSolutionStatus(status=3),
1786043884248500338,1786043884.246841448,/novatel/oem7/fix,/novatel/oem7/fix,/novatel/oem7/inspva,39.663,-75.756,-1.800739511,0.001392619,-0.000385952,0.001121226,0.000825979,-0.000385952,,0,
1786043884249534408,1786043884.247301929,/novatel/oem7/odom,/novatel/oem7/fix,/novatel/oem7/odom,39.663,-75.756,-1.800739511,0.001394457,-0.000379258,0.000887487,0.001075582,-0.000379258,,,
1786043884257069112,1786043884.256383302,/novatel/oem7/odom,/novatel/oem7/fix,/novatel/oem7/odom,39.663,-75.756,-1.800739511,0.001394457,-0.000379258,0.000887487,0.001075582,-0.000379258,,,
1786043884265768891,1786043884.265051374,/novatel/oem7/inspva,/novatel/oem7/inspva,/novatel/oem7/inspva,39.663,-75.756,-1.800751984,0.001763149,-0.000276744,0.001607237,0.000724902,-0.000276744,,novatel_oem7_msgs.msg.InertialSolutionStatus(status=3),
1786043884267216526,1786043884.265321593,/novatel/oem7/fix,/novatel/oem7/fix,/novatel/oem7/inspva,39.663,-75.756,-1.800751984,0.001763149,-0.000276744,0.001607237,0.000724902,-0.000276744,,0,
1786043884268536196,1786043884.265879452,/novatel/oem7/odom,/novatel/oem7/fix,/novatel/oem7/odom,39.663,-75.756,-1.800751984,0.001764361,-0.000268911,0.000812634,0.001566076,-0.000268911,,,
1786043884275975305,1786043884.275011173,/novatel/oem7/odom,/novatel/oem7/fix,/novatel/oem7/odom,39.663,-75.756,-1.800751984,0.001764361,-0.000268911,0.000812634,0.001566076,-0.000268911,,,
1786043884286152312,1786043884.285340714,/novatel/oem7/inspva,/novatel/oem7/inspva,/novatel/oem7/inspva,39.663,-75.756,-1.800767098,0.001311472,-0.000800081,0.001015579,0.000829794,-0.000800081,,novatel_oem7_msgs.msg.InertialSolutionStatus(status=3),
1786043884288056038,1786043884.285612263,/novatel/oem7/fix,/novatel/oem7/fix,/novatel/oem7/inspva,39.663,-75.756,-1.800767098,0.001311472,-0.000800081,0.001015579,0.000829794,-0.000800081,,0,
1786043884289191320,1786043884.286088235,/novatel/oem7/odom,/novatel/oem7/fix,/novatel/oem7/odom,39.663,-75.756,-1.800767098,0.001315340,-0.000793706,0.000887187,0.000971091,-0.000793706,,,
1786043884296615659,1786043884.295103112,/novatel/oem7/odom,/novatel/oem7/fix,/novatel/oem7/odom,39.663,-75.756,-1.800767098,0.001315340,-0.000793706,0.000887187,0.000971091,-0.000793706,,,
1786043884306784839,1786043884.306184860,/novatel/oem7/inspva,/novatel/oem7/inspva,/novatel/oem7/inspva,39.663,-75.756,-1.800776192,0.001942114,-0.000496908,0.001726274,0.000889823,-0.000496908,,novatel_oem7_msgs.msg.InertialSolutionStatus(status=3),
1786043884307940875,1786043884.306385285,/novatel/oem7/fix,/novatel/oem7/fix,/novatel/oem7/inspva,39.663,-75.756,-1.800776192,0.001942114,-0.000496908,0.001726274,0.000889823,-0.000496908,,0,
1786043884308503970,1786043884.306951888,/novatel/oem7/odom,/novatel/oem7/fix,/novatel/oem7/odom,39.663,-75.756,-1.800776192,0.001944352,-0.000488077,0.000984698,0.001676567,-0.000488077,,,
1786043884309728695,1786043884.309292762,/novatel/oem7/bestpos,/novatel/oem7/bestpos,/novatel/oem7/odom,39.663,-75.756,33.181392358,0.001944352,-0.000488077,0.000984698,0.001676567,-0.000488077,,novatel_oem7_msgs.msg.SolutionStatus(status=0),novatel_oem7_msgs.msg.PositionOrVelocityType(type=53)
1786043884311196097,1786043884.310067610,/novatel/oem7/bestvel,/novatel/oem7/bestpos,/novatel/oem7/bestvel,39.663,-75.756,33.181392358,0.001931931,-0.000530691,,,,37.703861192,novatel_oem7_msgs.msg.SolutionStatus(status=0),novatel_oem7_msgs.msg.PositionOrVelocityType(type=53)
1786043884315091917,1786043884.314406990,/novatel/oem7/odom,/novatel/oem7/bestpos,/novatel/oem7/odom,39.663,-75.756,33.181392358,0.001944352,-0.000488077,0.000984698,0.001676567,-0.000488077,,,
1786043884326122080,1786043884.325280098,/novatel/oem7/inspva,/novatel/oem7/inspva,/novatel/oem7/inspva,39.663,-75.756,-1.800791364,0.001306547,-0.000712606,0.001040965,0.000789594,-0.000712606,,novatel_oem7_msgs.msg.InertialSolutionStatus(status=3),
1786043884328219441,1786043884.325575868,/novatel/oem7/fix,/novatel/oem7/fix,/novatel/oem7/inspva,39.663,-75.756,-1.800791364,0.001306547,-0.000712606,0.001040965,0.000789594,-0.000712606,,0,
1786043884329681726,1786043884.326242101,/novatel/oem7/odom,/novatel/oem7/fix,/novatel/oem7/odom,39.663,-75.756,-1.800791364,0.001309974,-0.000706288,0.000848093,0.000998383,-0.000706288,,,
1786043884336284557,1786043884.335570296,/novatel/oem7/odom,/novatel/oem7/fix,/novatel/oem7/odom,39.663,-75.756,-1.800791364,0.001309974,-0.000706288,0.000848093,0.000998383,-0.000706288,,,
1786043884346209218,1786043884.345154277,/novatel/oem7/inspva,/novatel/oem7/inspva,/novatel/oem7/inspva,39.663,-75.756,-1.800805347,0.002084930,-0.000945385,0.001748673,0.001135375,-0.000945385,,novatel_oem7_msgs.msg.InertialSolutionStatus(status=3),
1786043884347937172,1786043884.345345076,/novatel/oem7/fix,/novatel/oem7/fix,/novatel/oem7/inspva,39.663,-75.756,-1.800805347,0.002084930,-0.000945385,0.001748673,0.001135375,-0.000945385,,0,
1786043884349169855,1786043884.345878908,/novatel/oem7/odom,/novatel/oem7/fix,/novatel/oem7/odom,39.663,-75.756,-1.800805347,0.002089373,-0.000935525,0.001232922,0.001686827,-0.000935525,,,
1786043884356474726,1786043884.355601887,/novatel/oem7/odom,/novatel/oem7/fix,/novatel/oem7/odom,39.663,-75.756,-1.800805347,0.002089373,-0.000935525,0.001232922,0.001686827,-0.000935525,,,
1786043884368305007,1786043884.366982096,/novatel/oem7/inspva,/novatel/oem7/inspva,/novatel/oem7/inspva,39.663,-75.756,-1.800818287,0.001496505,-0.000765205,0.001377360,0.000585155,-0.000765205,,novatel_oem7_msgs.msg.InertialSolutionStatus(status=3),
1786043884370685304,1786043884.367254893,/novatel/oem7/fix,/novatel/oem7/fix,/novatel/oem7/inspva,39.663,-75.756,-1.800818287,0.001496505,-0.000765205,0.001377360,0.000585155,-0.000765205,,0,
1786043884372570627,1786043884.367703274,/novatel/oem7/odom,/novatel/oem7/fix,/novatel/oem7/odom,39.663,-75.756,-1.800818287,0.001499855,-0.000758618,0.000662564,0.001345575,-0.000758618,,,
1786043884376168294,1786043884.375015888,/novatel/oem7/odom,/novatel/oem7/fix,/novatel/oem7/odom,39.663,-75.756,-1.800818287,0.001499855,-0.000758618,0.000662564,0.001345575,-0.000758618,,,
1786043884386005937,1786043884.384906183,/novatel/oem7/inspva,/novatel/oem7/inspva,/novatel/oem7/inspva,39.663,-75.756,-1.800833017,0.002231257,-0.000739740,0.001927323,0.001124247,-0.000739740,,novatel_oem7_msgs.msg.InertialSolutionStatus(status=3),
1786043884387637051,1786043884.385135875,/novatel/oem7/fix,/novatel/oem7/fix,/novatel/oem7/inspva,39.663,-75.756,-1.800833017,0.002231257,-0.000739740,0.001927323,0.001124247,-0.000739740,,0,
1786043884388812333,1786043884.385838729,/novatel/oem7/odom,/novatel/oem7/fix,/novatel/oem7/odom,39.663,-75.756,-1.800833017,0.002234670,-0.000729364,0.001230745,0.001865213,-0.000729364,,,
1786043884396461787,1786043884.394896351,/novatel/oem7/odom,/novatel/oem7/fix,/novatel/oem7/odom,39.663,-75.756,-1.800833017,0.002234670,-0.000729364,0.001230745,0.001865213,-0.000729364,,,
1786043884407189610,1786043884.406439356,/novatel/oem7/inspva,/novatel/oem7/inspva,/novatel/oem7/inspva,39.663,-75.756,-1.800848606,0.001848792,-0.000869573,0.001652166,0.000829686,-0.000869573,,novatel_oem7_msgs.msg.InertialSolutionStatus(status=3),
1786043884408828857,1786043884.406655138,/novatel/oem7/fix,/novatel/oem7/fix,/novatel/oem7/inspva,39.663,-75.756,-1.800848606,0.001848792,-0.000869573,0.001652166,0.000829686,-0.000869573,,0,
1786043884410054026,1786043884.407077806,/novatel/oem7/odom,/novatel/oem7/fix,/novatel/oem7/odom,39.663,-75.756,-1.800848606,0.001852713,-0.000861187,0.000922129,0.001606930,-0.000861187,,,
1786043884411840571,1786043884.410216438,/novatel/oem7/bestpos,/novatel/oem7/bestpos,/novatel/oem7/odom,39.663,-75.756,33.181312006,0.001852713,-0.000861187,0.000922129,0.001606930,-0.000861187,,novatel_oem7_msgs.msg.SolutionStatus(status=0),novatel_oem7_msgs.msg.PositionOrVelocityType(type=53)
1786043884412920252,1786043884.410591555,/novatel/oem7/bestvel,/novatel/oem7/bestpos,/novatel/oem7/bestvel,39.663,-75.756,33.181312006,0.001896854,-0.000945442,,,,35.415132046,novatel_oem7_msgs.msg.SolutionStatus(status=0),novatel_oem7_msgs.msg.PositionOrVelocityType(type=53)
1786043884415591292,1786043884.414812181,/novatel/oem7/odom,/novatel/oem7/bestpos,/novatel/oem7/odom,39.663,-75.756,33.181312006,0.001852713,-0.000861187,0.000922129,0.001606930,-0.000861187,,,
1786043884426808847,1786043884.425952032,/novatel/oem7/inspva,/novatel/oem7/inspva,/novatel/oem7/inspva,39.663,-75.756,-1.800864166,0.002303738,-0.000975137,0.001865411,0.001351832,-0.000975137,,novatel_oem7_msgs.msg.InertialSolutionStatus(status=3),
1786043884428917355,1786043884.426135790,/novatel/oem7/fix,/novatel/oem7/fix,/novatel/oem7/inspva,39.663,-75.756,-1.800864166,0.002303738,-0.000975137,0.001865411,0.001351832,-0.000975137,,0,
1786043884430153248,1786043884.426537164,/novatel/oem7/odom,/novatel/oem7/fix,/novatel/oem7/odom,39.663,-75.756,-1.800864166,0.002308383,-0.000964089,0.001455570,0.001791633,-0.000964089,,,
1786043884436018195,1786043884.434794192,/novatel/oem7/odom,/novatel/oem7/fix,/novatel/oem7/odom,39.663,-75.756,-1.800864166,0.002308383,-0.000964089,0.001455570,0.001791633,-0.000964089,,,
1786043884445947036,1786043884.444881175,/novatel/oem7/inspva,/novatel/oem7/inspva,/novatel/oem7/inspva,39.663,-75.756,-1.800876020,0.001930077,-0.000621750,0.001577177,0.001112524,-0.000621750,,novatel_oem7_msgs.msg.InertialSolutionStatus(status=3),
1786043884448166452,1786043884.445164388,/novatel/oem7/fix,/novatel/oem7/fix,/novatel/oem7/inspva,39.663,-75.756,-1.800876020,0.001930077,-0.000621750,0.001577177,0.001112524,-0.000621750,,0,
1786043884449951157,1786043884.445585723,/novatel/oem7/odom,/novatel/oem7/fix,/novatel/oem7/odom,39.663,-75.756,-1.800876020,0.001933034,-0.000612495,0.001199462,0.001515886,-0.000612495,,,
1786043884457463913,1786043884.456323475,/novatel/oem7/odom,/novatel/oem7/fix,/novatel/oem7/odom,39.663,-75.756,-1.800876020,0.001933034,-0.000612495,0.001199462,0.001515886,-0.000612495,,,
1786043884465851615,1786043884.464997716,/novatel/oem7/inspva,/novatel/oem7/inspva,/novatel/oem7/inspva,39.663,-75.756,-1.800894060,0.002363988,-0.000762233,0.002027200,0.001216099,-0.000762233,,novatel_oem7_msgs.msg.InertialSolutionStatus(status=3),
1786043884467402835,1786043884.465223932,/novatel/oem7/fix,/novatel/oem7/fix,/novatel/oem7/inspva,39.663,-75.756,-1.800894060,0.002363988,-0.000762233,0.002027200,0.001216099,-0.000762233,,0,
1786043884468655374,1786043884.465540678,/novatel/oem7/odom,/novatel/oem7/fix,/novatel/oem7/odom,39.663,-75.756,-1.800894060,0.002367518,-0.000751194,0.001328015,0.001959979,-0.000751194,,,
1786043884475285648,1786043884.474444116,/novatel/oem7/odom,/novatel/oem7/fix,/novatel/oem7/odom,39.663,-75.756,-1.800894060,0.002367518,-0.000751194,0.001328015,0.001959979,-0.000751194,,,
1786043884487256113,1786043884.486507686,/novatel/oem7/inspva,/novatel/oem7/inspva,/novatel/oem7/inspva,39.663,-75.756,-1.800912865,0.002221955,-0.001323308,0.002043654,0.000872102,-0.001323308,,novatel_oem7_msgs.msg.InertialSolutionStatus(status=3),
1786043884488888360,1786043884.486711325,/novatel/oem7/fix,/novatel/oem7/fix,/novatel/oem7/inspva,39.663,-75.756,-1.800912865,0.002221955,-0.001323308,0.002043654,0.000872102,-0.001323308,,0,
1786043884490349909,1786043884.487400485,/novatel/oem7/odom,/novatel/oem7/fix,/novatel/oem7/odom,39.663,-75.756,-1.800912865,0.002227739,-0.001313546,0.000987697,0.001996817,-0.001313546,,,
1786043884495335186,1786043884.494572592,/novatel/oem7/odom,/novatel/oem7/fix,/novatel/oem7/odom,39.663,-75.756,-1.800912865,0.002227739,-0.001313546,0.000987697,0.001996817,-0.001313546,,,
1786043884506561810,1786043884.505842570,/novatel/oem7/inspva,/novatel/oem7/inspva,/novatel/oem7/inspva,39.663,-75.756,-1.800928267,0.002476286,-0.000907582,0.002329526,0.000839823,-0.000907582,,novatel_oem7_msgs.msg.InertialSolutionStatus(status=3),
1786043884508056473,1786043884.506019119,/novatel/oem7/fix,/novatel/oem7/fix,/novatel/oem7/inspva,39.663,-75.756,-1.800928267,0.002476286,-0.000907582,0.002329526,0.000839823,-0.000907582,,0,
1786043884509183881,1786043884.506670632,/novatel/oem7/odom,/novatel/oem7/fix,/novatel/oem7/odom,39.663,-75.756,-1.800928267,0.002480114,-0.000897069,0.000969392,0.002282815,-0.000897069,,,
1786043884511905479,1786043884.511166431,/novatel/oem7/bestpos,/novatel/oem7/bestpos,/novatel/oem7/odom,39.663,-75.756,33.181240222,0.002480114,-0.000897069,0.000969392,0.002282815,-0.000897069,,novatel_oem7_msgs.msg.SolutionStatus(status=0),novatel_oem7_msgs.msg.PositionOrVelocityType(type=53)
1786043884513332563,1786043884.511633919,/novatel/oem7/bestvel,/novatel/oem7/bestpos,/novatel/oem7/bestvel,39.663,-75.756,33.181240222,0.002006373,-0.000445049,,,,9.680415961,novatel_oem7_msgs.msg.SolutionStatus(status=0),novatel_oem7_msgs.msg.PositionOrVelocityType(type=53)
1786043884516204689,1786043884.515502365,/novatel/oem7/odom,/novatel/oem7/bestpos,/novatel/oem7/odom,39.663,-75.756,33.181240222,0.002480114,-0.000897069,0.000969392,0.002282815,-0.000897069,,,
1786043884526137304,1786043884.525235971,/novatel/oem7/inspva,/novatel/oem7/inspva,/novatel/oem7/inspva,39.663,-75.756,-1.800948573,0.002270275,-0.001128227,0.002049506,0.000976564,-0.001128227,,novatel_oem7_msgs.msg.InertialSolutionStatus(status=3),
1786043884527487658,1786043884.525531604,/novatel/oem7/fix,/novatel/oem7/fix,/novatel/oem7/inspva,39.663,-75.756,-1.800948573,0.002270275,-0.001128227,0.002049506,0.000976564,-0.001128227,,0,
1786043884528046042,1786043884.526156697,/novatel/oem7/odom,/novatel/oem7/fix,/novatel/oem7/odom,39.663,-75.756,-1.800948573,0.002275294,-0.001118071,0.001091531,0.001996378,-0.001118071,,,
1786043884535584174,1786043884.535013261,/novatel/oem7/odom,/novatel/oem7/fix,/novatel/oem7/odom,39.663,-75.756,-1.800948573,0.002275294,-0.001118071,0.001091531,0.001996378,-0.001118071,,,
1786043884546656131,1786043884.546079870,/novatel/oem7/inspva,/novatel/oem7/inspva,/novatel/oem7/inspva,39.663,-75.756,-1.800966545,0.002431459,-0.001239333,0.002284150,0.000833457,-0.001239333,,novatel_oem7_msgs.msg.InertialSolutionStatus(status=3),
1786043884547714394,1786043884.546364266,/novatel/oem7/fix,/novatel/oem7/fix,/novatel/oem7/inspva,39.663,-75.756,-1.800966545,0.002431459,-0.001239333,0.002284150,0.000833457,-0.001239333,,0,
1786043884548401282,1786043884.546768824,/novatel/oem7/odom,/novatel/oem7/fix,/novatel/oem7/odom,39.663,-75.756,-1.800966545,0.002436709,-0.001228979,0.000961908,0.002238813,-0.001228979,,,
1786043884557776879,1786043884.556636131,/novatel/oem7/odom,/novatel/oem7/fix,/novatel/oem7/odom,39.663,-75.756,-1.800966545,0.002436709,-0.001228979,0.000961908,0.002238813,-0.001228979,,,
1786043884565650979,1786043884.565170548,/novatel/oem7/inspva,/novatel/oem7/inspva,/novatel/oem7/inspva,39.663,-75.756,-1.800984677,0.002104672,-0.000931505,0.001939791,0.000816611,-0.000931505,,novatel_oem7_msgs.msg.InertialSolutionStatus(status=3),
1786043884566332544,1786043884.565398984,/novatel/oem7/fix,/novatel/oem7/fix,/novatel/oem7/inspva,39.663,-75.756,-1.800984677,0.002104672,-0.000931505,0.001939791,0.000816611,-0.000931505,,0,
1786043884566871964,1786043884.566019847,/novatel/oem7/odom,/novatel/oem7/fix,/novatel/oem7/odom,39.663,-75.756,-1.800984677,0.002108725,-0.000922291,0.000925069,0.001894986,-0.000922291,,,
1786043884575892754,1786043884.575436733,/novatel/oem7/odom,/novatel/oem7/fix,/novatel/oem7/odom,39.663,-75.756,-1.800984677,0.002108725,-0.000922291,0.000925069,0.001894986,-0.000922291,,,
1786043884585539299,1786043884.585037361,/novatel/oem7/inspva,/novatel/oem7/inspva,/novatel/oem7/inspva,39.663,-75.756,-1.801005173,0.002092867,-0.000945358,0.001951131,0.000757087,-0.000945358,,novatel_oem7_msgs.msg.InertialSolutionStatus(status=3),
1786043884586294464,1786043884.585248157,/novatel/oem7/fix,/novatel/oem7/fix,/novatel/oem7/inspva,39.663,-75.756,-1.801005173,0.002092867,-0.000945358,0.001951131,0.000757087,-0.000945358,,0,
1786043884586917328,1786043884.585696361,/novatel/oem7/odom,/novatel/oem7/fix,/novatel/oem7/odom,39.663,-75.756,-1.801005173,0.002096919,-0.000936336,0.000866304,0.001909603,-0.000936336,,,
1786043884594677808,1786043884.594255394,/novatel/oem7/odom,/novatel/oem7/fix,/novatel/oem7/odom,39.663,-75.756,-1.801005173,0.002096919,-0.000936336,0.000866304,0.001909603,-0.000936336,,,
1786043884606298514,1786043884.605931648,/novatel/oem7/inspva,/novatel/oem7/inspva,/novatel/oem7/inspva,39.663,-75.756,-1.801027335,0.002223191,-0.001279317,0.002181794,0.000427028,-0.001279317,,novatel_oem7_msgs.msg.InertialSolutionStatus(status=3),
1786043884607058834,1786043884.606103273,/novatel/oem7/fix,/novatel/oem7/fix,/novatel/oem7/inspva,39.663,-75.756,-1.801027335,0.002223191,-0.001279317,0.002181794,0.000427028,-0.001279317,,0,
1786043884607666484,1786043884.606725196,/novatel/oem7/odom,/novatel/oem7/fix,/novatel/oem7/odom,39.663,-75.756,-1.801027335,0.002228036,-0.001270860,0.000550696,0.002158907,-0.001270860,,,
1786043884610261451,1786043884.609747579,/novatel/oem7/bestpos,/novatel/oem7/bestpos,/novatel/oem7/odom,39.663,-75.756,33.181135898,0.002228036,-0.001270860,0.000550696,0.002158907,-0.001270860,,novatel_oem7_msgs.msg.SolutionStatus(status=0),novatel_oem7_msgs.msg.PositionOrVelocityType(type=53)
1786043884611000255,1786043884.610104878,/novatel/oem7/bestvel,/novatel/oem7/bestpos,/novatel/oem7/bestvel,39.663,-75.756,33.181135898,0.002103397,-0.001186111,,,,10.193723180,novatel_oem7_msgs.msg.SolutionStatus(status=0),novatel_oem7_msgs.msg.PositionOrVelocityType(type=53)
1786043884614987132,1786043884.614539112,/novatel/oem7/odom,/novatel/oem7/bestpos,/novatel/oem7/odom,39.663,-75.756,33.181135898,0.002228036,-0.001270860,0.000550696,0.002158907,-0.001270860,,,
1786043884625751603,1786043884.625245720,/novatel/oem7/inspva,/novatel/oem7/inspva,/novatel/oem7/inspva,39.663,-75.756,-1.801046280,0.002241893,-0.001177936,0.002129326,0.000701468,-0.001177936,,novatel_oem7_msgs.msg.InertialSolutionStatus(status=3),
1786043884626560245,1786043884.625394254,/novatel/oem7/fix,/novatel/oem7/fix,/novatel/oem7/inspva,39.663,-75.756,-1.801046280,0.002241893,-0.001177936,0.002129326,0.000701468,-0.001177936,,0,
1786043884627211256,1786043884.625914228,/novatel/oem7/odom,/novatel/oem7/fix,/novatel/oem7/odom,39.663,-75.756,-1.801046280,0.002246787,-0.001168575,0.000821457,0.002091234,-0.001168575,,,
1786043884636361751,1786043884.635743462,/novatel/oem7/odom,/novatel/oem7/fix,/novatel/oem7/odom,39.663,-75.756,-1.801046280,0.002246787,-0.001168575,0.000821457,0.002091234,-0.001168575,,,
1786043884645945759,1786043884.645400920,/novatel/oem7/inspva,/novatel/oem7/inspva,/novatel/oem7/inspva,39.663,-75.756,-1.801065320,0.002263617,-0.000835835,0.002159593,0.000678322,-0.000835835,,novatel_oem7_msgs.msg.InertialSolutionStatus(status=3),
1786043884646950089,1786043884.645754284,/novatel/oem7/fix,/novatel/oem7/fix,/novatel/oem7/inspva,39.663,-75.756,-1.801065320,0.002263617,-0.000835835,0.002159593,0.000678322,-0.000835835,,0,
1786043884647923274,1786043884.646317896,/novatel/oem7/odom,/novatel/oem7/fix,/novatel/oem7/odom,39.663,-75.756,-1.801065320,0.002267043,-0.000826498,0.000798621,0.002121719,-0.000826498,,,
1786043884656822032,1786043884.656303485,/novatel/oem7/odom,/novatel/oem7/fix,/novatel/oem7/odom,39.663,-75.756,-1.801065320,0.002267043,-0.000826498,0.000798621,0.002121719,-0.000826498,,,
1786043884666935455,1786043884.666209196,/novatel/oem7/inspva,/novatel/oem7/inspva,/novatel/oem7/inspva,39.663,-75.756,-1.801087542,0.002261244,-0.001016755,0.002106773,0.000821419,-0.001016755,,novatel_oem7_msgs.msg.InertialSolutionStatus(status=3),
1786043884668150033,1786043884.666517092,/novatel/oem7/fix,/novatel/oem7/fix,/novatel/oem7/inspva,39.663,-75.756,-1.801087542,0.002261244,-0.001016755,0.002106773,0.000821419,-0.001016755,,0,
1786043884668993396,1786043884.667061458,/novatel/oem7/odom,/novatel/oem7/fix,/novatel/oem7/odom,39.663,-75.756,-1.801087542,0.002265599,-0.001007012,0.000939353,0.002061687,-0.001007012,,,
1786043884675389423,1786043884.674894765,/novatel/oem7/odom,/novatel/oem7/fix,/novatel/oem7/odom,39.663,-75.756,-1.801087542,0.002265599,-0.001007012,0.000939353,0.002061687,-0.001007012,,,
1786043884685690367,1786043884.685292668,/novatel/oem7/inspva,/novatel/oem7/inspva,/novatel/oem7/inspva,39.663,-75.756,-1.801109520,0.002206724,-0.001103067,0.002138199,0.000545653,-0.001103067,,novatel_oem7_msgs.msg.InertialSolutionStatus(status=3),
1786043884686603582,1786043884.685521096,/novatel/oem7/fix,/novatel/oem7/fix,/novatel/oem7/inspva,39.663,-75.756,-1.801109520,0.002206724,-0.001103067,0.002138199,0.000545653,-0.001103067,,0,
1786043884687779453,1786043884.686345161,/novatel/oem7/odom,/novatel/oem7/fix,/novatel/oem7/odom,39.663,-75.756,-1.801109520,0.002211089,-0.001094291,0.000666076,0.002108378,-0.001094291,,,
1786043884696418078,1786043884.695596323,/novatel/oem7/odom,/novatel/oem7/fix,/novatel/oem7/odom,39.663,-75.756,-1.801109520,0.002211089,-0.001094291,0.000666076,0.002108378,-0.001094291,,,
1786043884706680732,1786043884.706046582,/novatel/oem7/inspva,/novatel/oem7/inspva,/novatel/oem7/inspva,39.663,-75.756,-1.801132982,0.002041250,-0.000989632,0.001923251,0.000683963,-0.000989632,,novatel_oem7_msgs.msg.InertialSolutionStatus(status=3),
1786043884707892979,1786043884.706306445,/novatel/oem7/fix,/novatel/oem7/fix,/novatel/oem7/inspva,39.663,-75.756,-1.801132982,0.002041250,-0.000989632,0.001923251,0.000683963,-0.000989632,,0,
1786043884708647767,1786043884.706941491,/novatel/oem7/odom,/novatel/oem7/fix,/novatel/oem7/odom,39.663,-75.756,-1.801132982,0.002045412,-0.000980999,0.000791978,0.001885864,-0.000980999,,,
1786043884709889848,1786043884.709173171,/novatel/oem7/bestpos,/novatel/oem7/bestpos,/novatel/oem7/odom,39.663,-75.756,33.181032416,0.002045412,-0.000980999,0.000791978,0.001885864,-0.000980999,,novatel_oem7_msgs.msg.SolutionStatus(status=0),novatel_oem7_msgs.msg.PositionOrVelocityType(type=53)
1786043884710926426,1786043884.709968669,/novatel/oem7/bestvel,/novatel/oem7/bestpos,/novatel/oem7/bestvel,39.663,-75.756,33.181032416,0.002237011,-0.001152970,,,,21.643058311,novatel_oem7_msgs.msg.SolutionStatus(status=0),novatel_oem7_msgs.msg.PositionOrVelocityType(type=53)
1786043884715375379,1786043884.714397331,/novatel/oem7/odom,/novatel/oem7/bestpos,/novatel/oem7/odom,39.663,-75.756,33.181032416,0.002045412,-0.000980999,0.000791978,0.001885864,-0.000980999,,,
1786043884727381791,1786043884.726372119,/novatel/oem7/inspva,/novatel/oem7/inspva,/novatel/oem7/inspva,39.663,-75.756,-1.801158928,0.002220760,-0.001421567,0.002211949,0.000197625,-0.001421567,,novatel_oem7_msgs.msg.InertialSolutionStatus(status=3),
1786043884728458473,1786043884.726619713,/novatel/oem7/fix,/novatel/oem7/fix,/novatel/oem7/inspva,39.663,-75.756,-1.801158928,0.002220760,-0.001421567,0.002211949,0.000197625,-0.001421567,,0,
1786043884729079239,1786043884.727383863,/novatel/oem7/odom,/novatel/oem7/fix,/novatel/oem7/odom,39.663,-75.756,-1.801158928,0.002225624,-0.001413940,0.000323879,0.002201932,-0.001413940,,,
1786043884736761115,1786043884.734708635,/novatel/oem7/odom,/novatel/oem7/fix,/novatel/oem7/odom,39.663,-75.756,-1.801158928,0.002225624,-0.001413940,0.000323879,0.002201932,-0.001413940,,,
1786043884745587984,1786043884.745005307,/novatel/oem7/inspva,/novatel/oem7/inspva,/novatel/oem7/inspva,39.663,-75.756,-1.801181301,0.002206937,-0.001167174,0.002186851,0.000297074,-0.001167174,,novatel_oem7_msgs.msg.InertialSolutionStatus(status=3),
1786043884746561919,1786043884.745290666,/novatel/oem7/fix,/novatel/oem7/fix,/novatel/oem7/inspva,39.663,-75.756,-1.801181301,0.002206937,-0.001167174,0.002186851,0.000297074,-0.001167174,,0,
1786043884747444734,1786043884.745722517,/novatel/oem7/odom,/novatel/oem7/fix,/novatel/oem7/odom,39.663,-75.756,-1.801181301,0.002211120,-0.001159230,0.000420790,0.002170711,-0.001159230,,,
1786043884756204300,1786043884.755636065,/novatel/oem7/odom,/novatel/oem7/fix,/novatel/oem7/odom,39.663,-75.756,-1.801181301,0.002211120,-0.001159230,0.000420790,0.002170711,-0.001159230,,,
1786043884765930858,1786043884.765261563,/novatel/oem7/inspva,/novatel/oem7/inspva,/novatel/oem7/inspva,39.663,-75.756,-1.801205425,0.002203269,-0.001086049,0.002170475,0.000378725,-0.001086049,,novatel_oem7_msgs.msg.InertialSolutionStatus(status=3),
1786043884767082861,1786043884.765642120,/novatel/oem7/fix,/novatel/oem7/fix,/novatel/oem7/inspva,39.663,-75.756,-1.801205425,0.002203269,-0.001086049,0.002170475,0.000378725,-0.001086049,,0,
1786043884767920869,1786043884.766215226,/novatel/oem7/odom,/novatel/oem7/fix,/novatel/oem7/odom,39.663,-75.756,-1.801205425,0.002207291,-0.001077850,0.000501084,0.002149663,-0.001077850,,,
1786043884775322669,1786043884.774558011,/novatel/oem7/odom,/novatel/oem7/fix,/novatel/oem7/odom,39.663,-75.756,-1.801205425,0.002207291,-0.001077850,0.000501084,0.002149663,-0.001077850,,,
1786043884786575764,1786043884.785953234,/novatel/oem7/inspva,/novatel/oem7/inspva,/novatel/oem7/inspva,39.663,-75.756,-1.801230893,0.002243557,-0.000924601,0.002196463,0.000457271,-0.000924601,,novatel_oem7_msgs.msg.InertialSolutionStatus(status=3),
1786043884787960411,1786043884.786181903,/novatel/oem7/fix,/novatel/oem7/fix,/novatel/oem7/inspva,39.663,-75.756,-1.801230893,0.002243557,-0.000924601,0.002196463,0.000457271,-0.000924601,,0,
1786043884789043829,1786043884.786538407,/novatel/oem7/odom,/novatel/oem7/fix,/novatel/oem7/odom,39.663,-75.756,-1.801230893,0.002247075,-0.000916017,0.000580324,0.002170846,-0.000916017,,,
1786043884795717584,1786043884.794723247,/novatel/oem7/odom,/novatel/oem7/fix,/novatel/oem7/odom,39.663,-75.756,-1.801230893,0.002247075,-0.000916017,0.000580324,0.002170846,-0.000916017,,,
1786043884810836831,1786043884.806551418,/novatel/oem7/inspva,/novatel/oem7/inspva,/novatel/oem7/inspva,39.663,-75.756,-1.801261588,0.002170366,-0.001527352,0.002155738,0.000251556,-0.001527352,,novatel_oem7_msgs.msg.InertialSolutionStatus(status=3),
1786043884815255850,1786043884.810102217,/novatel/oem7/bestpos,/novatel/oem7/bestpos,/novatel/oem7/inspva,39.663,-75.756,33.180908021,0.002170366,-0.001527352,0.002155738,0.000251556,-0.001527352,,novatel_oem7_msgs.msg.SolutionStatus(status=0),novatel_oem7_msgs.msg.PositionOrVelocityType(type=53)
1786043884816370332,1786043884.810500345,/novatel/oem7/bestvel,/novatel/oem7/bestpos,/novatel/oem7/bestvel,39.663,-75.756,33.180908021,0.002166984,-0.001633418,,,,13.817896244,novatel_oem7_msgs.msg.SolutionStatus(status=0),novatel_oem7_msgs.msg.PositionOrVelocityType(type=53)
1786043884816928790,1786043884.806784710,/novatel/oem7/fix,/novatel/oem7/fix,/novatel/oem7/bestvel,39.663,-75.756,-1.801261588,0.002166984,-0.001633418,,,,13.817896244,0,
1786043884817806787,1786043884.807296738,/novatel/oem7/odom,/novatel/oem7/fix,/novatel/oem7/odom,39.663,-75.756,-1.801261588,0.002175741,-0.001519686,0.000375112,0.002143161,-0.001519686,,,
1786043884819711034,1786043884.815516716,/novatel/oem7/odom,/novatel/oem7/fix,/novatel/oem7/odom,39.663,-75.756,-1.801261588,0.002175741,-0.001519686,0.000375112,0.002143161,-0.001519686,,,
1786043884827139925,1786043884.825645616,/novatel/oem7/inspva,/novatel/oem7/inspva,/novatel/oem7/inspva,39.663,-75.756,-1.801288125,0.002137399,-0.001488776,0.002114174,0.000314233,-0.001488776,,novatel_oem7_msgs.msg.InertialSolutionStatus(status=3),
1786043884828874471,1786043884.826033150,/novatel/oem7/fix,/novatel/oem7/fix,/novatel/oem7/inspva,39.663,-75.756,-1.801288125,0.002137399,-0.001488776,0.002114174,0.000314233,-0.001488776,,0,
1786043884837547131,1786043884.826795201,/novatel/oem7/odom,/novatel/oem7/fix,/novatel/oem7/odom,39.663,-75.756,-1.801288125,0.002175749,-0.001519674,0.000375126,0.002143167,-0.001519674,,,
1786043884848796623,1786043884.834748268,/novatel/oem7/odom,/novatel/oem7/fix,/novatel/oem7/odom,39.663,-75.756,-1.801288125,0.002142805,-0.001480984,0.000435282,0.002098129,-0.001480984,,,
1786043884851256534,1786043884.846762061,/novatel/oem7/inspva,/novatel/oem7/inspva,/novatel/oem7/inspva,39.663,-75.756,-1.801315769,0.002166276,-0.001334019,0.002141589,0.000326111,-0.001334019,,novatel_oem7_msgs.msg.InertialSolutionStatus(status=3),
1786043884852062314,1786043884.847054858,/novatel/oem7/fix,/novatel/oem7/fix,/novatel/oem7/inspva,39.663,-75.756,-1.801315769,0.002166276,-0.001334019,0.002141589,0.000326111,-0.001334019,,0,
1786043884852591925,1786043884.847488942,/novatel/oem7/odom,/novatel/oem7/fix,/novatel/oem7/odom,39.663,-75.756,-1.801315769,0.002171145,-0.001326080,0.000448039,0.002124413,-0.001326080,,,
1786043884857836871,1786043884.856977982,/novatel/oem7/odom,/novatel/oem7/fix,/novatel/oem7/odom,39.663,-75.756,-1.801315769,0.002171145,-0.001326080,0.000448039,0.002124413,-0.001326080,,,
1786043884865747280,1786043884.865081045,/novatel/oem7/inspva,/novatel/oem7/inspva,/novatel/oem7/inspva,39.663,-75.756,-1.801346196,0.002221763,-0.001426771,0.002220255,0.000081848,-0.001426771,,novatel_oem7_msgs.msg.InertialSolutionStatus(status=3),
1786043884866841368,1786043884.865357864,/novatel/oem7/fix,/novatel/oem7/fix,/novatel/oem7/inspva,39.663,-75.756,-1.801346196,0.002221763,-0.001426771,0.002220255,0.000081848,-0.001426771,,0,
1786043884867589231,1786043884.865881550,/novatel/oem7/odom,/novatel/oem7/fix,/novatel/oem7/odom,39.663,-75.756,-1.801346196,0.002226397,-0.001419529,0.000208833,0.002216581,-0.001419529,,,
1786043884876190458,1786043884.875679546,/novatel/oem7/odom,/novatel/oem7/fix,/novatel/oem7/odom,39.663,-75.756,-1.801346196,0.002226397,-0.001419529,0.000208833,0.002216581,-0.001419529,,,
1786043884886253063,1786043884.885592961,/novatel/oem7/inspva,/novatel/oem7/inspva,/novatel/oem7/inspva,39.663,-75.756,-1.801374543,0.002422895,-0.001328413,0.002406145,0.000284405,-0.001328413,,novatel_oem7_msgs.msg.InertialSolutionStatus(status=3),
1786043884887309904,1786043884.885818313,/novatel/oem7/fix,/novatel/oem7/fix,/novatel/oem7/inspva,39.663,-75.756,-1.801374543,0.002422895,-0.001328413,0.002406145,0.000284405,-0.001328413,,0,
1786043884887950015,1786043884.886465953,/novatel/oem7/odom,/novatel/oem7/fix,/novatel/oem7/odom,39.663,-75.756,-1.801374543,0.002427586,-0.001319821,0.000420853,0.002390828,-0.001319821,,,
1786043884895547624,1786043884.894791368,/novatel/oem7/odom,/novatel/oem7/fix,/novatel/oem7/odom,39.663,-75.756,-1.801374543,0.002427586,-0.001319821,0.000420853,0.002390828,-0.001319821,,,
1786043884906327312,1786043884.905738516,/novatel/oem7/inspva,/novatel/oem7/inspva,/novatel/oem7/inspva,39.663,-75.756,-1.801405748,0.002413038,-0.001492497,0.002397635,0.000272217,-0.001492497,,novatel_oem7_msgs.msg.InertialSolutionStatus(status=3),
1786043884907346106,1786043884.905959839,/novatel/oem7/fix,/novatel/oem7/fix,/novatel/oem7/inspva,39.663,-75.756,-1.801405748,0.002413038,-0.001492497,0.002397635,0.000272217,-0.001492497,,0,
1786043884908101515,1786043884.906473475,/novatel/oem7/odom,/novatel/oem7/fix,/novatel/oem7/odom,39.663,-75.756,-1.801405748,0.002418299,-0.001483958,0.000408888,0.002383481,-0.001483958,,,
1786043884910031592,1786043884.909325506,/novatel/oem7/bestpos,/novatel/oem7/bestpos,/novatel/oem7/odom,39.663,-75.756,33.180748571,0.002418299,-0.001483958,0.000408888,0.002383481,-0.001483958,,novatel_oem7_msgs.msg.SolutionStatus(status=0),novatel_oem7_msgs.msg.PositionOrVelocityType(type=53)
1786043884911502591,1786043884.909784211,/novatel/oem7/bestvel,/novatel/oem7/bestpos,/novatel/oem7/bestvel,39.663,-75.756,33.180748571,0.002818859,-0.001855822,,,,11.609942630,novatel_oem7_msgs.msg.SolutionStatus(status=0),novatel_oem7_msgs.msg.PositionOrVelocityType(type=53)
1786043884915184611,1786043884.914516882,/novatel/oem7/odom,/novatel/oem7/bestpos,/novatel/oem7/odom,39.663,-75.756,33.180748571,0.002418299,-0.001483958,0.000408888,0.002383481,-0.001483958,,,
1786043884926026690,1786043884.925218795,/novatel/oem7/inspva,/novatel/oem7/inspva,/novatel/oem7/inspva,39.663,-75.756,-1.801436217,0.002617726,-0.001462571,0.002613712,0.000144910,-0.001462571,,novatel_oem7_msgs.msg.InertialSolutionStatus(status=3),
1786043884927447949,1786043884.925521938,/novatel/oem7/fix,/novatel/oem7/fix,/novatel/oem7/inspva,39.663,-75.756,-1.801436217,0.002617726,-0.001462571,0.002613712,0.000144910,-0.001462571,,0,
1786043884928345997,1786043884.926140968,/novatel/oem7/odom,/novatel/oem7/fix,/novatel/oem7/odom,39.663,-75.756,-1.801436217,0.002622573,-0.001453860,0.000293481,0.002606101,-0.001453860,,,
1786043884935950013,1786043884.935384395,/novatel/oem7/odom,/novatel/oem7/fix,/novatel/oem7/odom,39.663,-75.756,-1.801436217,0.002622573,-0.001453860,0.000293481,0.002606101,-0.001453860,,,
1786043884946336982,1786043884.945878802,/novatel/oem7/inspva,/novatel/oem7/inspva,/novatel/oem7/inspva,39.663,-75.756,-1.801469160,0.002559332,-0.001903695,0.002548116,0.000239341,-0.001903695,,novatel_oem7_msgs.msg.InertialSolutionStatus(status=3),
1786043884947439679,1786043884.946025454,/novatel/oem7/fix,/novatel/oem7/fix,/novatel/oem7/inspva,39.663,-75.756,-1.801469160,0.002559332,-0.001903695,0.002548116,0.000239341,-0.001903695,,0,
1786043884948012299,1786043884.946510562,/novatel/oem7/odom,/novatel/oem7/fix,/novatel/oem7/odom,39.663,-75.756,-1.801469160,0.002565919,-0.001894807,0.000385955,0.002536727,-0.001894807,,,
1786043884956752359,1786043884.955903924,/novatel/oem7/odom,/novatel/oem7/fix,/novatel/oem7/odom,39.663,-75.756,-1.801469160,0.002565919,-0.001894807,0.000385955,0.002536727,-0.001894807,,,
1786043884966732275,1786043884.966244374,/novatel/oem7/inspva,/novatel/oem7/inspva,/novatel/oem7/inspva,39.663,-75.756,-1.801492957,0.002738603,-0.001043273,0.002738563,0.000014914,-0.001043273,,novatel_oem7_msgs.msg.InertialSolutionStatus(status=3),
1786043884967701481,1786043884.966505753,/novatel/oem7/fix,/novatel/oem7/fix,/novatel/oem7/inspva,39.663,-75.756,-1.801492957,0.002738603,-0.001043273,0.002738563,0.000014914,-0.001043273,,0,
1786043884968406373,1786043884.967108546,/novatel/oem7/odom,/novatel/oem7/fix,/novatel/oem7/odom,39.663,-75.756,-1.801492957,0.002741863,-0.001034676,0.000168772,0.002736664,-0.001034676,,,
1786043884975456280,1786043884.974839014,/novatel/oem7/odom,/novatel/oem7/fix,/novatel/oem7/odom,39.663,-75.756,-1.801492957,0.002741863,-0.001034676,0.000168772,0.002736664,-0.001034676,,,
1786043884985602651,1786043884.984948811,/novatel/oem7/inspva,/novatel/oem7/inspva,/novatel/oem7/inspva,39.663,-75.756,-1.801530288,0.002781321,-0.001573575,0.002777802,0.000139852,-0.001573575,,novatel_oem7_msgs.msg.InertialSolutionStatus(status=3),
1786043884986814107,1786043884.985189727,/novatel/oem7/fix,/novatel/oem7/fix,/novatel/oem7/inspva,39.663,-75.756,-1.801530288,0.002781321,-0.001573575,0.002777802,0.000139852,-0.001573575,,0,
1786043884987603052,1786043884.985465862,/novatel/oem7/odom,/novatel/oem7/fix,/novatel/oem7/odom,39.663,-75.756,-1.801530288,0.002786506,-0.001564375,0.000297840,0.002770543,-0.001564375,,,
1786043884995907249,1786043884.995441755,/novatel/oem7/odom,/novatel/oem7/fix,/novatel/oem7/odom,39.663,-75.756,-1.801530288,0.002786506,-0.001564375,0.000297840,0.002770543,-0.001564375,,,
1786043885010720297,1786043885.010030390,/novatel/oem7/inspva,/novatel/oem7/inspva,/novatel/oem7/inspva,39.663,-75.756,-1.801563450,0.003207304,-0.001678375,0.003189148,0.000340783,-0.001678375,,novatel_oem7_msgs.msg.InertialSolutionStatus(status=3),
1786043885011699980,1786043885.010237006,/novatel/oem7/fix,/novatel/oem7/fix,/novatel/oem7/inspva,39.663,-75.756,-1.801563450,0.003207304,-0.001678375,0.003189148,0.000340783,-0.001678375,,0,
1786043885012590050,1786043885.011566582,/novatel/oem7/odom,/novatel/oem7/fix,/novatel/oem7/odom,39.663,-75.756,-1.801563450,0.003213181,-0.001667096,0.000521364,0.003170601,-0.001667096,,,
1786043885016253850,1786043885.015822456,/novatel/oem7/odom,/novatel/oem7/fix,/novatel/oem7/odom,39.663,-75.756,-1.801563450,0.003213181,-0.001667096,0.000521364,0.003170601,-0.001667096,,,
1786043885024859522,1786043885.024395283,/novatel/oem7/bestpos,/novatel/oem7/bestpos,/novatel/oem7/odom,39.663,-75.756,33.180587444,0.003213181,-0.001667096,0.000521364,0.003170601,-0.001667096,,novatel_oem7_msgs.msg.SolutionStatus(status=0),novatel_oem7_msgs.msg.PositionOrVelocityType(type=53)
1786043885025672201,1786043885.025144035,/novatel/oem7/bestvel,/novatel/oem7/bestpos,/novatel/oem7/bestvel,39.663,-75.756,33.180587444,0.003368297,-0.001834403,,,,8.202161416,novatel_oem7_msgs.msg.SolutionStatus(status=0),novatel_oem7_msgs.msg.PositionOrVelocityType(type=53)
1786043885027469551,1786043885.026981943,/novatel/oem7/inspva,/novatel/oem7/inspva,/novatel/oem7/inspva,39.663,-75.756,-1.801598492,0.003049824,-0.001791179,0.003007887,0.000504024,-0.001791179,,novatel_oem7_msgs.msg.InertialSolutionStatus(status=3),
1786043885028157546,1786043885.027155098,/novatel/oem7/fix,/novatel/oem7/fix,/novatel/oem7/inspva,39.663,-75.756,-1.801598492,0.003049824,-0.001791179,0.003007887,0.000504024,-0.001791179,,0,
1786043885028726384,1786043885.027501252,/novatel/oem7/odom,/novatel/oem7/fix,/novatel/oem7/odom,39.663,-75.756,-1.801598492,0.003056437,-0.001779870,0.000674871,0.002981000,-0.001779870,,,
1786043885035347609,1786043885.034534650,/novatel/oem7/odom,/novatel/oem7/fix,/novatel/oem7/odom,39.663,-75.756,-1.801598492,0.003056437,-0.001779870,0.000674871,0.002981000,-0.001779870,,,
1786043885045656592,1786043885.045324690,/novatel/oem7/inspva,/novatel/oem7/inspva,/novatel/oem7/inspva,39.663,-75.756,-1.801599110,0.002821906,-0.001525241,0.002760653,0.000584766,-0.001525241,,novatel_oem7_msgs.msg.InertialSolutionStatus(status=3),
1786043885046946943,1786043885.045507815,/novatel/oem7/fix,/novatel/oem7/fix,/novatel/oem7/inspva,39.663,-75.756,-1.801599110,0.002821906,-0.001525241,0.002760653,0.000584766,-0.001525241,,0,
1786043885047964204,1786043885.046162860,/novatel/oem7/odom,/novatel/oem7/fix,/novatel/oem7/odom,39.663,-75.756,-1.801599110,0.002827727,-0.001514422,0.000740938,0.002728929,-0.001514422,,,
1786043885056963399,1786043885.056280032,/novatel/oem7/odom,/novatel/oem7/fix,/novatel/oem7/odom,39.663,-75.756,-1.801599110,0.002827727,-0.001514422,0.000740938,0.002728929,-0.001514422,,,
1786043885066599857,1786043885.066052105,/novatel/oem7/inspva,/novatel/oem7/inspva,/novatel/oem7/inspva,39.663,-75.756,-1.801592020,0.002753743,-0.001823569,0.002724666,0.000399117,-0.001823569,,novatel_oem7_msgs.msg.InertialSolutionStatus(status=3),
1786043885067889011,1786043885.066195403,/novatel/oem7/fix,/novatel/oem7/fix,/novatel/oem7/inspva,39.663,-75.756,-1.801592020,0.002753743,-0.001823569,0.002724666,0.000399117,-0.001823569,,0,
1786043885068911774,1786043885.066603277,/novatel/oem7/odom,/novatel/oem7/fix,/novatel/oem7/odom,39.663,-75.756,-1.801592020,0.002760358,-0.001813540,0.000554826,0.002704024,-0.001813540,,,
1786043885075022490,1786043885.074384880,/novatel/oem7/odom,/novatel/oem7/fix,/novatel/oem7/odom,39.663,-75.756,-1.801592020,0.002760358,-0.001813540,0.000554826,0.002704024,-0.001813540,,,
1786043885085628078,1786043885.085051292,/novatel/oem7/inspva,/novatel/oem7/inspva,/novatel/oem7/inspva,39.663,-75.756,-1.801590271,0.002613294,-0.001674025,0.002464485,0.000869263,-0.001674025,,novatel_oem7_msgs.msg.InertialSolutionStatus(status=3),
1786043885086987199,1786043885.085198644,/novatel/oem7/fix,/novatel/oem7/fix,/novatel/oem7/inspva,39.663,-75.756,-1.801590271,0.002613294,-0.001674025,0.002464485,0.000869263,-0.001674025,,0,
1786043885088059963,1786043885.085577307,/novatel/oem7/odom,/novatel/oem7/fix,/novatel/oem7/odom,39.663,-75.756,-1.801590271,0.002620341,-0.001662974,0.001009447,0.002418099,-0.001662974,,,
1786043885095638744,1786043885.094995781,/novatel/oem7/odom,/novatel/oem7/fix,/novatel/oem7/odom,39.663,-75.756,-1.801590271,0.002620341,-0.001662974,0.001009447,0.002418099,-0.001662974,,,
1786043885106355403,1786043885.105830748,/novatel/oem7/inspva,/novatel/oem7/inspva,/novatel/oem7/inspva,39.663,-75.756,-1.801583409,0.002709221,-0.001800421,0.002678134,0.000409241,-0.001800421,,novatel_oem7_msgs.msg.InertialSolutionStatus(status=3),
1786043885107674666,1786043885.105968735,/novatel/oem7/fix,/novatel/oem7/fix,/novatel/oem7/inspva,39.663,-75.756,-1.801583409,0.002709221,-0.001800421,0.002678134,0.000409241,-0.001800421,,0,
1786043885108750348,1786043885.106393840,/novatel/oem7/odom,/novatel/oem7/fix,/novatel/oem7/odom,39.663,-75.756,-1.801583409,0.002715771,-0.001790525,0.000562281,0.002656926,-0.001790525,,,
1786043885110187145,1786043885.108752161,/novatel/oem7/bestpos,/novatel/oem7/bestpos,/novatel/oem7/odom,39.663,-75.756,33.180589406,0.002715771,-0.001790525,0.000562281,0.002656926,-0.001790525,,novatel_oem7_msgs.msg.SolutionStatus(status=0),novatel_oem7_msgs.msg.PositionOrVelocityType(type=53)
1786043885111115658,1786043885.109361510,/novatel/oem7/bestvel,/novatel/oem7/bestpos,/novatel/oem7/bestvel,39.663,-75.756,33.180589406,0.002263883,-0.001493596,,,,7.771530355,novatel_oem7_msgs.msg.SolutionStatus(status=0),novatel_oem7_msgs.msg.PositionOrVelocityType(type=53)
1786043885114977711,1786043885.114329191,/novatel/oem7/odom,/novatel/oem7/bestpos,/novatel/oem7/odom,39.663,-75.756,33.180589406,0.002715771,-0.001790525,0.000562281,0.002656926,-0.001790525,,,
1786043885127180929,1786043885.126630703,/novatel/oem7/inspva,/novatel/oem7/inspva,/novatel/oem7/inspva,39.663,-75.756,-1.801584791,0.002930953,-0.001871199,0.002848590,0.000689943,-0.001871199,,novatel_oem7_msgs.msg.InertialSolutionStatus(status=3),
1786043885128615833,1786043885.126778861,/novatel/oem7/fix,/novatel/oem7/fix,/novatel/oem7/inspva,39.663,-75.756,-1.801584791,0.002930953,-0.001871199,0.002848590,0.000689943,-0.001871199,,0,
1786043885129645281,1786043885.127333205,/novatel/oem7/odom,/novatel/oem7/fix,/novatel/oem7/odom,39.663,-75.756,-1.801584791,0.002938280,-0.001859673,0.000852152,0.002811996,-0.001859673,,,
1786043885135517067,1786043885.134814550,/novatel/oem7/odom,/novatel/oem7/fix,/novatel/oem7/odom,39.663,-75.756,-1.801584791,0.002938280,-0.001859673,0.000852152,0.002811996,-0.001859673,,,
1786043885145594493,1786043885.145060471,/novatel/oem7/inspva,/novatel/oem7/inspva,/novatel/oem7/inspva,39.663,-75.756,-1.801578559,0.002939018,-0.001867966,0.002904955,0.000446160,-0.001867966,,novatel_oem7_msgs.msg.InertialSolutionStatus(status=3),
1786043885146862423,1786043885.145203119,/novatel/oem7/fix,/novatel/oem7/fix,/novatel/oem7/inspva,39.663,-75.756,-1.801578559,0.002939018,-0.001867966,0.002904955,0.000446160,-0.001867966,,0,
1786043885147895403,1786043885.145547106,/novatel/oem7/odom,/novatel/oem7/fix,/novatel/oem7/odom,39.663,-75.756,-1.801578559,0.002945801,-0.001857249,0.000611817,0.002881566,-0.001857249,,,
1786043885156768397,1786043885.156100377,/novatel/oem7/odom,/novatel/oem7/fix,/novatel/oem7/odom,39.663,-75.756,-1.801578559,0.002945801,-0.001857249,0.000611817,0.002881566,-0.001857249,,,
1786043885165784216,1786043885.165275477,/novatel/oem7/inspva,/novatel/oem7/inspva,/novatel/oem7/inspva,39.663,-75.756,-1.801578581,0.002642231,-0.001643061,0.002508728,0.000829257,-0.001643061,,novatel_oem7_msgs.msg.InertialSolutionStatus(status=3),
1786043885167165227,1786043885.165414609,/novatel/oem7/fix,/novatel/oem7/fix,/novatel/oem7/inspva,39.663,-75.756,-1.801578581,0.002642231,-0.001643061,0.002508728,0.000829257,-0.001643061,,0,
1786043885168192854,1786043885.166020625,/novatel/oem7/odom,/novatel/oem7/fix,/novatel/oem7/odom,39.663,-75.756,-1.801578581,0.002649038,-0.001632063,0.000971762,0.002464362,-0.001632063,,,
1786043885175681314,1786043885.175032926,/novatel/oem7/odom,/novatel/oem7/fix,/novatel/oem7/odom,39.663,-75.756,-1.801578581,0.002649038,-0.001632063,0.000971762,0.002464362,-0.001632063,,,
1786043885185810504,1786043885.185248058,/novatel/oem7/inspva,/novatel/oem7/inspva,/novatel/oem7/inspva,39.663,-75.756,-1.801572691,0.002666247,-0.001614811,0.002564733,0.000728711,-0.001614811,,novatel_oem7_msgs.msg.InertialSolutionStatus(status=3),
1786043885187090803,1786043885.185386383,/novatel/oem7/fix,/novatel/oem7/fix,/novatel/oem7/inspva,39.663,-75.756,-1.801572691,0.002666247,-0.001614811,0.002564733,0.000728711,-0.001614811,,0,
1786043885188140211,1786043885.185872051,/novatel/oem7/odom,/novatel/oem7/fix,/novatel/oem7/odom,39.663,-75.756,-1.801572691,0.002672745,-0.001604033,0.000874340,0.002525687,-0.001604033,,,
1786043885195040294,1786043885.194392965,/novatel/oem7/odom,/novatel/oem7/fix,/novatel/oem7/odom,39.663,-75.756,-1.801572691,0.002672745,-0.001604033,0.000874340,0.002525687,-0.001604033,,,
1786043885206277676,1786043885.205785271,/novatel/oem7/inspva,/novatel/oem7/inspva,/novatel/oem7/inspva,39.663,-75.756,-1.801577910,0.002868917,-0.002028594,0.002753761,0.000804665,-0.002028594,,novatel_oem7_msgs.msg.InertialSolutionStatus(status=3),
1786043885207665073,1786043885.205922495,/novatel/oem7/fix,/novatel/oem7/fix,/novatel/oem7/inspva,39.663,-75.756,-1.801577910,0.002868917,-0.002028594,0.002753761,0.000804665,-0.002028594,,0,
1786043885208744621,1786043885.206765274,/novatel/oem7/odom,/novatel/oem7/fix,/novatel/oem7/odom,39.663,-75.756,-1.801577910,0.002877125,-0.002016936,0.000962185,0.002711466,-0.002016936,,,
1786043885210662430,1786043885.209910696,/novatel/oem7/bestpos,/novatel/oem7/bestpos,/novatel/oem7/odom,39.663,-75.756,33.180591673,0.002877125,-0.002016936,0.000962185,0.002711466,-0.002016936,,novatel_oem7_msgs.msg.SolutionStatus(status=0),novatel_oem7_msgs.msg.PositionOrVelocityType(type=53)
1786043885212076158,1786043885.210272183,/novatel/oem7/bestvel,/novatel/oem7/bestpos,/novatel/oem7/bestvel,39.663,-75.756,33.180591673,0.002767740,-0.002033172,,,,21.623129325,novatel_oem7_msgs.msg.SolutionStatus(status=0),novatel_oem7_msgs.msg.PositionOrVelocityType(type=53)
1786043885216028742,1786043885.215363485,/novatel/oem7/odom,/novatel/oem7/bestpos,/novatel/oem7/odom,39.663,-75.756,33.180591673,0.002877125,-0.002016936,0.000962185,0.002711466,-0.002016936,,,
1786043885225466298,1786043885.224877016,/novatel/oem7/inspva,/novatel/oem7/inspva,/novatel/oem7/inspva,39.663,-75.756,-1.801570739,0.002472302,-0.001817214,0.002424984,0.000481384,-0.001817214,,novatel_oem7_msgs.msg.InertialSolutionStatus(status=3),
1786043885226778785,1786043885.225020924,/novatel/oem7/fix,/novatel/oem7/fix,/novatel/oem7/inspva,39.663,-75.756,-1.801570739,0.002472302,-0.001817214,0.002424984,0.000481384,-0.001817214,,0,
1786043885227815509,1786043885.225493562,/novatel/oem7/odom,/novatel/oem7/fix,/novatel/oem7/odom,39.663,-75.756,-1.801570739,0.002479165,-0.001807838,0.000620565,0.002400242,-0.001807838,,,
1786043885235129240,1786043885.234304735,/novatel/oem7/odom,/novatel/oem7/fix,/novatel/oem7/odom,39.663,-75.756,-1.801570739,0.002479165,-0.001807838,0.000620565,0.002400242,-0.001807838,,,
1786043885247038152,1786043885.246473553,/novatel/oem7/inspva,/novatel/oem7/inspva,/novatel/oem7/inspva,39.663,-75.756,-1.801569570,0.002545981,-0.001485935,0.002420085,0.000790700,-0.001485935,,novatel_oem7_msgs.msg.InertialSolutionStatus(status=3),
1786043885248409352,1786043885.246621897,/novatel/oem7/fix,/novatel/oem7/fix,/novatel/oem7/inspva,39.663,-75.756,-1.801569570,0.002545981,-0.001485935,0.002420085,0.000790700,-0.001485935,,0,
1786043885249495680,1786043885.247075719,/novatel/oem7/odom,/novatel/oem7/fix,/novatel/oem7/odom,39.663,-75.756,-1.801569570,0.002552130,-0.001475348,0.000927808,0.002377507,-0.001475348,,,
1786043885257110564,1786043885.256438724,/novatel/oem7/odom,/novatel/oem7/fix,/novatel/oem7/odom,39.663,-75.756,-1.801569570,0.002552130,-0.001475348,0.000927808,0.002377507,-0.001475348,,,
1786043885265567054,1786043885.265031568,/novatel/oem7/inspva,/novatel/oem7/inspva,/novatel/oem7/inspva,39.663,-75.756,-1.801561479,0.002429112,-0.001303352,0.002395729,0.000401332,-0.001303352,,novatel_oem7_msgs.msg.InertialSolutionStatus(status=3),
1786043885266880777,1786043885.265216360,/novatel/oem7/fix,/novatel/oem7/fix,/novatel/oem7/inspva,39.663,-75.756,-1.801561479,0.002429112,-0.001303352,0.002395729,0.000401332,-0.001303352,,0,
1786043885267947578,1786043885.265562587,/novatel/oem7/odom,/novatel/oem7/fix,/novatel/oem7/odom,39.663,-75.756,-1.801561479,0.002433899,-0.001294391,0.000536958,0.002373929,-0.001294391,,,
1786043885275406864,1786043885.274722211,/novatel/oem7/odom,/novatel/oem7/fix,/novatel/oem7/odom,39.663,-75.756,-1.801561479,0.002433899,-0.001294391,0.000536958,0.002373929,-0.001294391,,,
1786043885285857698,1786043885.285326425,/novatel/oem7/inspva,/novatel/oem7/inspva,/novatel/oem7/inspva,39.663,-75.756,-1.801566090,0.002117049,-0.001931936,0.002018692,0.000637791,-0.001931936,,novatel_oem7_msgs.msg.InertialSolutionStatus(status=3),
1786043885287212711,1786043885.285536231,/novatel/oem7/fix,/novatel/oem7/fix,/novatel/oem7/inspva,39.663,-75.756,-1.801566090,0.002117049,-0.001931936,0.002018692,0.000637791,-0.001931936,,0,
1786043885288313780,1786043885.286197081,/novatel/oem7/odom,/novatel/oem7/fix,/novatel/oem7/odom,39.663,-75.756,-1.801566090,0.002124995,-0.001923192,0.000755044,0.001986332,-0.001923192,,,
1786043885295607774,1786043885.294910700,/novatel/oem7/odom,/novatel/oem7/fix,/novatel/oem7/odom,39.663,-75.756,-1.801566090,0.002124995,-0.001923192,0.000755044,0.001986332,-0.001923192,,,
1786043885306938296,1786043885.306397837,/novatel/oem7/inspva,/novatel/oem7/inspva,/novatel/oem7/inspva,39.663,-75.756,-1.801555190,0.002075210,-0.001356416,0.002035345,0.000404806,-0.001356416,,novatel_oem7_msgs.msg.InertialSolutionStatus(status=3),
1786043885308309077,1786043885.306576402,/novatel/oem7/fix,/novatel/oem7/fix,/novatel/oem7/inspva,39.663,-75.756,-1.801555190,0.002075210,-0.001356416,0.002035345,0.000404806,-0.001356416,,0,
1786043885309411208,1786043885.306918416,/novatel/oem7/odom,/novatel/oem7/fix,/novatel/oem7/odom,39.663,-75.756,-1.801555190,0.002080343,-0.001348531,0.000520981,0.002014052,-0.001348531,,,
1786043885310934910,1786043885.309653354,/novatel/oem7/bestpos,/novatel/oem7/bestpos,/novatel/oem7/odom,39.663,-75.756,33.180605750,0.002080343,-0.001348531,0.000520981,0.002014052,-0.001348531,,novatel_oem7_msgs.msg.SolutionStatus(status=0),novatel_oem7_msgs.msg.PositionOrVelocityType(type=53)
1786043885312359581,1786043885.310460225,/novatel/oem7/bestvel,/novatel/oem7/bestpos,/novatel/oem7/bestvel,39.663,-75.756,33.180605750,0.002408416,-0.001604406,,,,12.746708233,novatel_oem7_msgs.msg.SolutionStatus(status=0),novatel_oem7_msgs.msg.PositionOrVelocityType(type=53)
1786043885315212644,1786043885.314549290,/novatel/oem7/odom,/novatel/oem7/bestpos,/novatel/oem7/odom,39.663,-75.756,33.180605750,0.002080343,-0.001348531,0.000520981,0.002014052,-0.001348531,,,
1786043885325611870,1786043885.325079971,/novatel/oem7/inspva,/novatel/oem7/inspva,/novatel/oem7/inspva,39.663,-75.756,-1.801561324,0.001950093,-0.001926308,0.001912682,0.000380143,-0.001926308,,novatel_oem7_msgs.msg.InertialSolutionStatus(status=3),
1786043885326938787,1786043885.325247673,/novatel/oem7/fix,/novatel/oem7/fix,/novatel/oem7/inspva,39.663,-75.756,-1.801561324,0.001950093,-0.001926308,0.001912682,0.000380143,-0.001926308,,0,
1786043885328000651,1786043885.325719307,/novatel/oem7/odom,/novatel/oem7/fix,/novatel/oem7/odom,39.663,-75.756,-1.801561324,0.001957374,-0.001918910,0.000491992,0.001894533,-0.001918910,,,
1786043885336148424,1786043885.335528984,/novatel/oem7/odom,/novatel/oem7/fix,/novatel/oem7/odom,39.663,-75.756,-1.801561324,0.001957374,-0.001918910,0.000491992,0.001894533,-0.001918910,,,
1786043885345628261,1786043885.345083285,/novatel/oem7/inspva,/novatel/oem7/inspva,/novatel/oem7/inspva,39.663,-75.756,-1.801552718,0.001840111,-0.001696941,0.001802744,0.000368950,-0.001696941,,novatel_oem7_msgs.msg.InertialSolutionStatus(status=3),
1786043885347015469,1786043885.345251947,/novatel/oem7/fix,/novatel/oem7/fix,/novatel/oem7/inspva,39.663,-75.756,-1.801552718,0.001840111,-0.001696941,0.001802744,0.000368950,-0.001696941,,0,
1786043885348091966,1786043885.345728199,/novatel/oem7/odom,/novatel/oem7/fix,/novatel/oem7/odom,39.663,-75.756,-1.801552718,0.001846567,-0.001689913,0.000473856,0.001784733,-0.001689913,,,
1786043885356293503,1786043885.355673468,/novatel/oem7/odom,/novatel/oem7/fix,/novatel/oem7/odom,39.663,-75.756,-1.801552718,0.001846567,-0.001689913,0.000473856,0.001784733,-0.001689913,,,
1786043885367448980,1786043885.366928542,/novatel/oem7/inspva,/novatel/oem7/inspva,/novatel/oem7/inspva,39.663,-75.756,-1.801551361,0.001728589,-0.001349015,0.001699396,0.000316342,-0.001349015,,novatel_oem7_msgs.msg.InertialSolutionStatus(status=3),
1786043885368778364,1786043885.367112513,/novatel/oem7/fix,/novatel/oem7/fix,/novatel/oem7/inspva,39.663,-75.756,-1.801551361,0.001728589,-0.001349015,0.001699396,0.000316342,-0.001349015,,0,
1786043885369825647,1786043885.367490907,/novatel/oem7/odom,/novatel/oem7/fix,/novatel/oem7/odom,39.663,-75.756,-1.801551361,0.001733643,-0.001342514,0.000414263,0.001683420,-0.001342514,,,
1786043885375350414,1786043885.374680727,/novatel/oem7/odom,/novatel/oem7/fix,/novatel/oem7/odom,39.663,-75.756,-1.801551361,0.001733643,-0.001342514,0.000414263,0.001683420,-0.001342514,,,
1786043885385593095,1786043885.385063027,/novatel/oem7/inspva,/novatel/oem7/inspva,/novatel/oem7/inspva,39.663,-75.756,-1.801547140,0.001996699,-0.001410427,0.001994505,0.000093577,-0.001410427,,novatel_oem7_msgs.msg.InertialSolutionStatus(status=3),
1786043885386962132,1786043885.385239228,/novatel/oem7/fix,/novatel/oem7/fix,/novatel/oem7/inspva,39.663,-75.756,-1.801547140,0.001996699,-0.001410427,0.001994505,0.000093577,-0.001410427,,0,
1786043885388002147,1786043885.385617429,/novatel/oem7/odom,/novatel/oem7/fix,/novatel/oem7/odom,39.663,-75.756,-1.801547140,0.002001296,-0.001403895,0.000208230,0.001990434,-0.001403895,,,
1786043885395302174,1786043885.394656445,/novatel/oem7/odom,/novatel/oem7/fix,/novatel/oem7/odom,39.663,-75.756,-1.801547140,0.002001296,-0.001403895,0.000208230,0.001990434,-0.001403895,,,
1786043885406956326,1786043885.406451475,/novatel/oem7/inspva,/novatel/oem7/inspva,/novatel/oem7/inspva,39.663,-75.756,-1.801553194,0.001664660,-0.001857574,0.001646798,0.000243206,-0.001857574,,novatel_oem7_msgs.msg.InertialSolutionStatus(status=3),
1786043885408238493,1786043885.406628607,/novatel/oem7/fix,/novatel/oem7/fix,/novatel/oem7/inspva,39.663,-75.756,-1.801553194,0.001664660,-0.001857574,0.001646798,0.000243206,-0.001857574,,0,
1786043885409276617,1786043885.407026094,/novatel/oem7/odom,/novatel/oem7/fix,/novatel/oem7/odom,39.663,-75.756,-1.801553194,0.001671380,-0.001851531,0.000340464,0.001636336,-0.001851531,,,
1786043885410691104,1786043885.409948457,/novatel/oem7/bestpos,/novatel/oem7/bestpos,/novatel/oem7/odom,39.663,-75.756,33.180609520,0.001671380,-0.001851531,0.000340464,0.001636336,-0.001851531,,novatel_oem7_msgs.msg.SolutionStatus(status=0),novatel_oem7_msgs.msg.PositionOrVelocityType(type=53)
1786043885412052078,1786043885.410342695,/novatel/oem7/bestvel,/novatel/oem7/bestpos,/novatel/oem7/bestvel,39.663,-75.756,33.180609520,0.001746362,-0.001933282,,,,10.190188826,novatel_oem7_msgs.msg.SolutionStatus(status=0),novatel_oem7_msgs.msg.PositionOrVelocityType(type=53)
1786043885415436490,1786043885.414773646,/novatel/oem7/odom,/novatel/oem7/bestpos,/novatel/oem7/odom,39.663,-75.756,33.180609520,0.001671380,-0.001851531,0.000340464,0.001636336,-0.001851531,,,
1786043885426475702,1786043885.425948124,/novatel/oem7/inspva,/novatel/oem7/inspva,/novatel/oem7/inspva,39.663,-75.756,-1.801546744,0.001604527,-0.001513305,0.001599648,0.000125031,-0.001513305,,novatel_oem7_msgs.msg.InertialSolutionStatus(status=3),
1786043885427783989,1786043885.426116519,/novatel/oem7/fix,/novatel/oem7/fix,/novatel/oem7/inspva,39.663,-75.756,-1.801546744,0.001604527,-0.001513305,0.001599648,0.000125031,-0.001513305,,0,
1786043885428815506,1786043885.426574570,/novatel/oem7/odom,/novatel/oem7/fix,/novatel/oem7/odom,39.663,-75.756,-1.801546744,0.001609630,-0.001507876,0.000218485,0.001594733,-0.001507876,,,
1786043885435788584,1786043885.435003826,/novatel/oem7/odom,/novatel/oem7/fix,/novatel/oem7/odom,39.663,-75.756,-1.801546744,0.001609630,-0.001507876,0.000218485,0.001594733,-0.001507876,,,
1786043885445438289,1786043885.444905103,/novatel/oem7/inspva,/novatel/oem7/inspva,/novatel/oem7/inspva,39.663,-75.756,-1.801551619,0.001577570,-0.001604811,0.001572415,0.000127428,-0.001604811,,novatel_oem7_msgs.msg.InertialSolutionStatus(status=3),
1786043885446770316,1786043885.445085989,/novatel/oem7/fix,/novatel/oem7/fix,/novatel/oem7/inspva,39.663,-75.756,-1.801551619,0.001577570,-0.001604811,0.001572415,0.000127428,-0.001604811,,0,
1786043885447839033,1786043885.445508787,/novatel/oem7/odom,/novatel/oem7/fix,/novatel/oem7/odom,39.663,-75.756,-1.801551619,0.001583004,-0.001599452,0.000219780,0.001567673,-0.001599452,,,
1786043885456976970,1786043885.456276439,/novatel/oem7/odom,/novatel/oem7/fix,/novatel/oem7/odom,39.663,-75.756,-1.801551619,0.001583004,-0.001599452,0.000219780,0.001567673,-0.001599452,,,
1786043885465545458,1786043885.465013562,/novatel/oem7/inspva,/novatel/oem7/inspva,/novatel/oem7/inspva,39.663,-75.756,-1.801549213,0.001681955,-0.001790232,0.001681955,-0.000000576,-0.001790232,,novatel_oem7_msgs.msg.InertialSolutionStatus(status=3),
1786043885467029423,1786043885.465170557,/novatel/oem7/fix,/novatel/oem7/fix,/novatel/oem7/inspva,39.663,-75.756,-1.801549213,0.001681955,-0.001790232,0.001681955,-0.000000576,-0.001790232,,0,
1786043885468276532,1786043885.465540588,/novatel/oem7/odom,/novatel/oem7/fix,/novatel/oem7/odom,39.663,-75.756,-1.801549213,0.001687476,-0.001785030,0.000098720,0.001684586,-0.001785030,,,
1786043885474980194,1786043885.474313017,/novatel/oem7/odom,/novatel/oem7/fix,/novatel/oem7/odom,39.663,-75.756,-1.801549213,0.001687476,-0.001785030,0.000098720,0.001684586,-0.001785030,,,
1786043885486940432,1786043885.486443421,/novatel/oem7/inspva,/novatel/oem7/inspva,/novatel/oem7/inspva,39.663,-75.756,-1.801546892,0.001474154,-0.001199528,0.001471952,0.000080543,-0.001199528,,novatel_oem7_msgs.msg.InertialSolutionStatus(status=3),
1786043885488237056,1786043885.486609283,/novatel/oem7/fix,/novatel/oem7/fix,/novatel/oem7/inspva,39.663,-75.756,-1.801546892,0.001474154,-0.001199528,0.001471952,0.000080543,-0.001199528,,0,
1786043885489270816,1786043885.487092324,/novatel/oem7/odom,/novatel/oem7/fix,/novatel/oem7/odom,39.663,-75.756,-1.801546892,0.001478104,-0.001194657,0.000165824,0.001468773,-0.001194657,,,
1786043885495307855,1786043885.494669845,/novatel/oem7/odom,/novatel/oem7/fix,/novatel/oem7/odom,39.663,-75.756,-1.801546892,0.001478104,-0.001194657,0.000165824,0.001468773,-0.001194657,,,
1786043885506576810,1786043885.506047531,/novatel/oem7/inspva,/novatel/oem7/inspva,/novatel/oem7/inspva,39.663,-75.756,-1.801543012,0.001488752,-0.001246108,0.001482048,0.000141121,-0.001246108,,novatel_oem7_msgs.msg.InertialSolutionStatus(status=3),
1786043885507876856,1786043885.506212479,/novatel/oem7/fix,/novatel/oem7/fix,/novatel/oem7/inspva,39.663,-75.756,-1.801543012,0.001488752,-0.001246108,0.001482048,0.000141121,-0.001246108,,0,
1786043885508913137,1786043885.506671874,/novatel/oem7/odom,/novatel/oem7/fix,/novatel/oem7/odom,39.663,-75.756,-1.801543012,0.001493039,-0.001240968,0.000227051,0.001475674,-0.001240968,,,
1786043885511307021,1786043885.510759395,/novatel/oem7/bestpos,/novatel/oem7/bestpos,/novatel/oem7/odom,39.663,-75.756,33.180617445,0.001493039,-0.001240968,0.000227051,0.001475674,-0.001240968,,novatel_oem7_msgs.msg.SolutionStatus(status=0),novatel_oem7_msgs.msg.PositionOrVelocityType(type=53)
1786043885512696552,1786043885.511151529,/novatel/oem7/bestvel,/novatel/oem7/bestpos,/novatel/oem7/bestvel,39.663,-75.756,33.180617445,0.001822612,-0.001217015,,,,351.171832643,novatel_oem7_msgs.msg.SolutionStatus(status=0),novatel_oem7_msgs.msg.PositionOrVelocityType(type=53)
1786043885515223448,1786043885.514593618,/novatel/oem7/odom,/novatel/oem7/bestpos,/novatel/oem7/odom,39.663,-75.756,33.180617445,0.001493039,-0.001240968,0.000227051,0.001475674,-0.001240968,,,
1786043885525761545,1786043885.525245130,/novatel/oem7/inspva,/novatel/oem7/inspva,/novatel/oem7/inspva,39.663,-75.756,-1.801546794,0.001397981,-0.001531770,0.001396505,0.000064219,-0.001531770,,novatel_oem7_msgs.msg.InertialSolutionStatus(status=3),
1786043885527046588,1786043885.525403962,/novatel/oem7/fix,/novatel/oem7/fix,/novatel/oem7/inspva,39.663,-75.756,-1.801546794,0.001397981,-0.001531770,0.001396505,0.000064219,-0.001531770,,0,
1786043885528069559,1786043885.525950870,/novatel/oem7/odom,/novatel/oem7/fix,/novatel/oem7/odom,39.663,-75.756,-1.801546794,0.001402982,-0.001527190,0.000146763,0.001395285,-0.001527190,,,
1786043885535405647,1786043885.534754277,/novatel/oem7/odom,/novatel/oem7/fix,/novatel/oem7/odom,39.663,-75.756,-1.801546794,0.001402982,-0.001527190,0.000146763,0.001395285,-0.001527190,,,
1786043885546535934,1786043885.546013155,/novatel/oem7/inspva,/novatel/oem7/inspva,/novatel/oem7/inspva,39.663,-75.756,-1.801539082,0.001620929,-0.001439556,0.001617592,0.000103955,-0.001439556,,novatel_oem7_msgs.msg.InertialSolutionStatus(status=3),
1786043885547868241,1786043885.546170814,/novatel/oem7/fix,/novatel/oem7/fix,/novatel/oem7/inspva,39.663,-75.756,-1.801539082,0.001620929,-0.001439556,0.001617592,0.000103955,-0.001439556,,0,
1786043885548899098,1786043885.546561284,/novatel/oem7/odom,/novatel/oem7/fix,/novatel/oem7/odom,39.663,-75.756,-1.801539082,0.001625720,-0.001434143,0.000198161,0.001613597,-0.001434143,,,
1786043885556534966,1786043885.555889780,/novatel/oem7/odom,/novatel/oem7/fix,/novatel/oem7/odom,39.663,-75.756,-1.801539082,0.001625720,-0.001434143,0.000198161,0.001613597,-0.001434143,,,
1786043885565393757,1786043885.564893751,/novatel/oem7/inspva,/novatel/oem7/inspva,/novatel/oem7/inspva,39.663,-75.756,-1.801537513,0.001253491,-0.001157937,0.001223433,-0.000272857,-0.001157937,,novatel_oem7_msgs.msg.InertialSolutionStatus(status=3),
1786043885566796317,1786043885.565047546,/novatel/oem7/fix,/novatel/oem7/fix,/novatel/oem7/inspva,39.663,-75.756,-1.801537513,0.001253491,-0.001157937,0.001223433,-0.000272857,-0.001157937,,0,
1786043885567816834,1786043885.565496148,/novatel/oem7/odom,/novatel/oem7/fix,/novatel/oem7/odom,39.663,-75.756,-1.801537513,0.001255997,-0.001155219,-0.000200800,0.001239842,-0.001155219,,,
1786043885576035685,1786043885.575385389,/novatel/oem7/odom,/novatel/oem7/fix,/novatel/oem7/odom,39.663,-75.756,-1.801537513,0.001255997,-0.001155219,-0.000200800,0.001239842,-0.001155219,,,
1786043885585471445,1786043885.584975863,/novatel/oem7/inspva,/novatel/oem7/inspva,/novatel/oem7/inspva,39.663,-75.756,-1.801532728,0.001600129,-0.001513634,0.001587418,-0.000201286,-0.001513634,,novatel_oem7_msgs.msg.InertialSolutionStatus(status=3),
1786043885586735371,1786043885.585125028,/novatel/oem7/fix,/novatel/oem7/fix,/novatel/oem7/inspva,39.663,-75.756,-1.801532728,0.001600129,-0.001513634,0.001587418,-0.000201286,-0.001513634,,0,
1786043885587754668,1786043885.585535235,/novatel/oem7/odom,/novatel/oem7/fix,/novatel/oem7/odom,39.663,-75.756,-1.801532728,0.001604030,-0.001509499,-0.000107986,0.001600391,-0.001509499,,,
1786043885594920734,1786043885.594269214,/novatel/oem7/odom,/novatel/oem7/fix,/novatel/oem7/odom,39.663,-75.756,-1.801532728,0.001604030,-0.001509499,-0.000107986,0.001600391,-0.001509499,,,
1786043885606563957,1786043885.606041271,/novatel/oem7/inspva,/novatel/oem7/inspva,/novatel/oem7/inspva,39.663,-75.756,-1.801527494,0.001752103,-0.000910170,0.001654791,-0.000575787,-0.000910170,,novatel_oem7_msgs.msg.InertialSolutionStatus(status=3),
1786043885607855026,1786043885.606197086,/novatel/oem7/fix,/novatel/oem7/fix,/novatel/oem7/inspva,39.663,-75.756,-1.801527494,0.001752103,-0.000910170,0.001654791,-0.000575787,-0.000910170,,0,
1786043885608872783,1786043885.606955954,/novatel/oem7/odom,/novatel/oem7/fix,/novatel/oem7/odom,39.663,-75.756,-1.801527494,0.001753589,-0.000907303,-0.000480695,0.001686419,-0.000907303,,,
1786043885610648951,1786043885.610121849,/novatel/oem7/bestpos,/novatel/oem7/bestpos,/novatel/oem7/odom,39.663,-75.756,33.180633012,0.001753589,-0.000907303,-0.000480695,0.001686419,-0.000907303,,novatel_oem7_msgs.msg.SolutionStatus(status=0),novatel_oem7_msgs.msg.PositionOrVelocityType(type=53)
1786043885612010368,1786043885.610578598,/novatel/oem7/bestvel,/novatel/oem7/bestpos,/novatel/oem7/bestvel,39.663,-75.756,33.180633012,0.001876486,-0.000883345,,,,337.497960471,novatel_oem7_msgs.msg.SolutionStatus(status=0),novatel_oem7_msgs.msg.PositionOrVelocityType(type=53)
1786043885615111807,1786043885.614480304,/novatel/oem7/odom,/novatel/oem7/bestpos,/novatel/oem7/odom,39.663,-75.756,33.180633012,0.001753589,-0.000907303,-0.000480695,0.001686419,-0.000907303,,,
1786043885625539957,1786043885.625038988,/novatel/oem7/inspva,/novatel/oem7/inspva,/novatel/oem7/inspva,39.663,-75.756,-1.801520856,0.001830523,-0.001041888,0.001784422,-0.000408228,-0.001041888,,novatel_oem7_msgs.msg.InertialSolutionStatus(status=3),
1786043885626822646,1786043885.625187743,/novatel/oem7/fix,/novatel/oem7/fix,/novatel/oem7/inspva,39.663,-75.756,-1.801520856,0.001830523,-0.001041888,0.001784422,-0.000408228,-0.001041888,,0,
1786043885627829190,1786043885.625528883,/novatel/oem7/odom,/novatel/oem7/fix,/novatel/oem7/odom,39.663,-75.756,-1.801520856,0.001832755,-0.001037955,-0.000305770,0.001807069,-0.001037955,,,
1786043885636188549,1786043885.635525428,/novatel/oem7/odom,/novatel/oem7/fix,/novatel/oem7/odom,39.663,-75.756,-1.801520856,0.001832755,-0.001037955,-0.000305770,0.001807069,-0.001037955,,,
1786043885645879278,1786043885.645279328,/novatel/oem7/inspva,/novatel/oem7/inspva,/novatel/oem7/inspva,39.663,-75.756,-1.801521254,0.001681702,-0.001219136,0.001647280,-0.000338512,-0.001219136,,novatel_oem7_msgs.msg.InertialSolutionStatus(status=3),
1786043885647364883,1786043885.645461240,/novatel/oem7/fix,/novatel/oem7/fix,/novatel/oem7/inspva,39.663,-75.756,-1.801521254,0.001681702,-0.001219136,0.001647280,-0.000338512,-0.001219136,,0,
1786043885648535801,1786043885.646012572,/novatel/oem7/odom,/novatel/oem7/fix,/novatel/oem7/odom,39.663,-75.756,-1.801521254,0.001684449,-0.001215338,-0.000242919,0.001666841,-0.001215338,,,
1786043885657099992,1786043885.656392818,/novatel/oem7/odom,/novatel/oem7/fix,/novatel/oem7/odom,39.663,-75.756,-1.801521254,0.001684449,-0.001215338,-0.000242919,0.001666841,-0.001215338,,,
1786043885666956543,1786043885.666219948,/novatel/oem7/inspva,/novatel/oem7/inspva,/novatel/oem7/inspva,39.663,-75.756,-1.801513220,0.001804959,-0.001308502,0.001762325,-0.000389986,-0.001308502,,novatel_oem7_msgs.msg.InertialSolutionStatus(status=3),
1786043885669055147,1786043885.666411647,/novatel/oem7/fix,/novatel/oem7/fix,/novatel/oem7/inspva,39.663,-75.756,-1.801513220,0.001804959,-0.001308502,0.001762325,-0.000389986,-0.001308502,,0,
1786043885670606370,1786043885.667003316,/novatel/oem7/odom,/novatel/oem7/fix,/novatel/oem7/odom,39.663,-75.756,-1.801513220,0.001807812,-0.001304559,-0.000287656,0.001784779,-0.001304559,,,
1786043885675652431,1786043885.674710575,/novatel/oem7/odom,/novatel/oem7/fix,/novatel/oem7/odom,39.663,-75.756,-1.801513220,0.001807812,-0.001304559,-0.000287656,0.001784779,-0.001304559,,,
1786043885685871472,1786043885.685293953,/novatel/oem7/inspva,/novatel/oem7/inspva,/novatel/oem7/inspva,39.663,-75.756,-1.801508556,0.001588395,-0.000862049,0.001491382,-0.000546604,-0.000862049,,novatel_oem7_msgs.msg.InertialSolutionStatus(status=3),
1786043885687462118,1786043885.685456038,/novatel/oem7/fix,/novatel/oem7/fix,/novatel/oem7/inspva,39.663,-75.756,-1.801508556,0.001588395,-0.000862049,0.001491382,-0.000546604,-0.000862049,,0,
1786043885688596954,1786043885.686178285,/novatel/oem7/odom,/novatel/oem7/fix,/novatel/oem7/odom,39.663,-75.756,-1.801508556,0.001589743,-0.000859560,-0.000460683,0.001521530,-0.000859560,,,
1786043885696270502,1786043885.695475204,/novatel/oem7/odom,/novatel/oem7/fix,/novatel/oem7/odom,39.663,-75.756,-1.801508556,0.001589743,-0.000859560,-0.000460683,0.001521530,-0.000859560,,,
1786043885706797635,1786043885.706185043,/novatel/oem7/inspva,/novatel/oem7/inspva,/novatel/oem7/inspva,39.663,-75.756,-1.801502015,0.001689745,-0.001139540,0.001607223,-0.000521606,-0.001139540,,novatel_oem7_msgs.msg.InertialSolutionStatus(status=3),
1786043885708289784,1786043885.706364861,/novatel/oem7/fix,/novatel/oem7/fix,/novatel/oem7/inspva,39.663,-75.756,-1.801502015,0.001689745,-0.001139540,0.001607223,-0.000521606,-0.001139540,,0,
1786043885709472053,1786043885.706748305,/novatel/oem7/odom,/novatel/oem7/fix,/novatel/oem7/odom,39.663,-75.756,-1.801502015,0.001691721,-0.001136606,-0.000428232,0.001636624,-0.001136606,,,
1786043885711127907,1786043885.709209030,/novatel/oem7/bestpos,/novatel/oem7/bestpos,/novatel/oem7/odom,39.663,-75.756,33.180647835,0.001691721,-0.001136606,-0.000428232,0.001636624,-0.001136606,,novatel_oem7_msgs.msg.SolutionStatus(status=0),novatel_oem7_msgs.msg.PositionOrVelocityType(type=53)
1786043885712189447,1786043885.709835320,/novatel/oem7/bestvel,/novatel/oem7/bestpos,/novatel/oem7/bestvel,39.663,-75.756,33.180647835,0.001839314,-0.001211383,,,,342.599936499,novatel_oem7_msgs.msg.SolutionStatus(status=0),novatel_oem7_msgs.msg.PositionOrVelocityType(type=53)
1786043885715058220,1786043885.714294776,/novatel/oem7/odom,/novatel/oem7/bestpos,/novatel/oem7/odom,39.663,-75.756,33.180647835,0.001691721,-0.001136606,-0.000428232,0.001636624,-0.001136606,,,
1786043885727248554,1786043885.726587677,/novatel/oem7/inspva,/novatel/oem7/inspva,/novatel/oem7/inspva,39.663,-75.756,-1.801500605,0.001973023,-0.000936927,0.001806234,-0.000793937,-0.000936927,,novatel_oem7_msgs.msg.InertialSolutionStatus(status=3),
1786043885729058653,1786043885.726752626,/novatel/oem7/fix,/novatel/oem7/fix,/novatel/oem7/inspva,39.663,-75.756,-1.801500605,0.001973023,-0.000936927,0.001806234,-0.000793937,-0.000936927,,0,
1786043885730222304,1786043885.727200197,/novatel/oem7/odom,/novatel/oem7/fix,/novatel/oem7/odom,39.663,-75.756,-1.801500605,0.001974200,-0.000934444,-0.000690094,0.001849658,-0.000934444,,,
1786043885735742288,1786043885.735062234,/novatel/oem7/odom,/novatel/oem7/fix,/novatel/oem7/odom,39.663,-75.756,-1.801500605,0.001974200,-0.000934444,-0.000690094,0.001849658,-0.000934444,,,
1786043885745749560,1786043885.745180117,/novatel/oem7/inspva,/novatel/oem7/inspva,/novatel/oem7/inspva,39.663,-75.756,-1.801494144,0.001581916,-0.001146528,0.001456217,-0.000617973,-0.001146528,,novatel_oem7_msgs.msg.InertialSolutionStatus(status=3),
1786043885747182468,1786043885.745341939,/novatel/oem7/fix,/novatel/oem7/fix,/novatel/oem7/inspva,39.663,-75.756,-1.801494144,0.001581916,-0.001146528,0.001456217,-0.000617973,-0.001146528,,0,
1786043885748342286,1786043885.745832084,/novatel/oem7/odom,/novatel/oem7/fix,/novatel/oem7/odom,39.663,-75.756,-1.801494144,0.001583437,-0.001144426,-0.000532695,0.001491144,-0.001144426,,,
1786043885756366208,1786043885.755695444,/novatel/oem7/odom,/novatel/oem7/fix,/novatel/oem7/odom,39.663,-75.756,-1.801494144,0.001583437,-0.001144426,-0.000532695,0.001491144,-0.001144426,,,
1786043885766038090,1786043885.765467411,/novatel/oem7/inspva,/novatel/oem7/inspva,/novatel/oem7/inspva,39.663,-75.756,-1.801491142,0.001837930,-0.000818770,0.001656865,-0.000795478,-0.000818770,,novatel_oem7_msgs.msg.InertialSolutionStatus(status=3),
1786043885767513305,1786043885.765614466,/novatel/oem7/fix,/novatel/oem7/fix,/novatel/oem7/inspva,39.663,-75.756,-1.801491142,0.001837930,-0.000818770,0.001656865,-0.000795478,-0.000818770,,0,
1786043885768702454,1786043885.766444751,/novatel/oem7/odom,/novatel/oem7/fix,/novatel/oem7/odom,39.663,-75.756,-1.801491142,0.001838836,-0.000816731,-0.000700304,0.001700263,-0.000816731,,,
1786043885775616114,1786043885.774914300,/novatel/oem7/odom,/novatel/oem7/fix,/novatel/oem7/odom,39.663,-75.756,-1.801491142,0.001838836,-0.000816731,-0.000700304,0.001700263,-0.000816731,,,
1786043885786699361,1786043885.786178519,/novatel/oem7/inspva,/novatel/oem7/inspva,/novatel/oem7/inspva,39.663,-75.756,-1.801484043,0.001561240,-0.001003579,0.001412105,-0.000665905,-0.001003579,,novatel_oem7_msgs.msg.InertialSolutionStatus(status=3),
1786043885788110295,1786043885.786321821,/novatel/oem7/fix,/novatel/oem7/fix,/novatel/oem7/inspva,39.663,-75.756,-1.801484043,0.001561240,-0.001003579,0.001412105,-0.000665905,-0.001003579,,0,
1786043885789218440,1786043885.786750181,/novatel/oem7/odom,/novatel/oem7/fix,/novatel/oem7/odom,39.663,-75.756,-1.801484043,0.001562381,-0.001001802,-0.000583530,0.001449320,-0.001001802,,,
1786043885795547335,1786043885.794532274,/novatel/oem7/odom,/novatel/oem7/fix,/novatel/oem7/odom,39.663,-75.756,-1.801484043,0.001562381,-0.001001802,-0.000583530,0.001449320,-0.001001802,,,
1786043885808187107,1786043885.807009012,/novatel/oem7/inspva,/novatel/oem7/inspva,/novatel/oem7/inspva,39.663,-75.756,-1.801480714,0.001379283,-0.000852972,0.001224529,-0.000634785,-0.000852972,,novatel_oem7_msgs.msg.InertialSolutionStatus(status=3),
1786043885811618865,1786043885.810015726,/novatel/oem7/bestpos,/novatel/oem7/bestpos,/novatel/oem7/inspva,39.663,-75.756,33.180666508,0.001379283,-0.000852972,0.001224529,-0.000634785,-0.000852972,,novatel_oem7_msgs.msg.SolutionStatus(status=0),novatel_oem7_msgs.msg.PositionOrVelocityType(type=53)
1786043885813316982,1786043885.810374396,/novatel/oem7/bestvel,/novatel/oem7/bestpos,/novatel/oem7/bestvel,39.663,-75.756,33.180666508,0.001484441,-0.000802912,,,,328.394477560,novatel_oem7_msgs.msg.SolutionStatus(status=0),novatel_oem7_msgs.msg.PositionOrVelocityType(type=53)
1786043885814660223,1786043885.807205380,/novatel/oem7/fix,/novatel/oem7/fix,/novatel/oem7/bestvel,39.663,-75.756,-1.801480714,0.001484441,-0.000802912,,,,328.394477560,0,
1786043885816455308,1786043885.807837686,/novatel/oem7/odom,/novatel/oem7/fix,/novatel/oem7/odom,39.663,-75.756,-1.801480714,0.001380105,-0.000851643,-0.000563356,0.001259888,-0.000851643,,,
1786043885819092481,1786043885.815501585,/novatel/oem7/odom,/novatel/oem7/fix,/novatel/oem7/odom,39.663,-75.756,-1.801480714,0.001380105,-0.000851643,-0.000563356,0.001259888,-0.000851643,,,
1786043885825981508,1786043885.825067089,/novatel/oem7/inspva,/novatel/oem7/inspva,/novatel/oem7/inspva,39.663,-75.756,-1.801471400,0.001230643,-0.000653147,0.000945064,-0.000788248,-0.000653147,,novatel_oem7_msgs.msg.InertialSolutionStatus(status=3),
1786043885828291399,1786043885.825252974,/novatel/oem7/fix,/novatel/oem7/fix,/novatel/oem7/inspva,39.663,-75.756,-1.801471400,0.001230643,-0.000653147,0.000945064,-0.000788248,-0.000653147,,0,
1786043885830089183,1786043885.825769569,/novatel/oem7/odom,/novatel/oem7/fix,/novatel/oem7/odom,39.663,-75.756,-1.801471400,0.001230559,-0.000653305,-0.000732685,0.000988660,-0.000653305,,,
1786043885835483155,1786043885.834312100,/novatel/oem7/odom,/novatel/oem7/fix,/novatel/oem7/odom,39.663,-75.756,-1.801471400,0.001230559,-0.000653305,-0.000732685,0.000988660,-0.000653305,,,
1786043885847211778,1786043885.846479337,/novatel/oem7/inspva,/novatel/oem7/inspva,/novatel/oem7/inspva,39.663,-75.756,-1.801474452,0.001737885,-0.001204038,0.001449949,-0.000958067,-0.001204038,,novatel_oem7_msgs.msg.InertialSolutionStatus(status=3),
1786043885848665790,1786043885.846617119,/novatel/oem7/fix,/novatel/oem7/fix,/novatel/oem7/inspva,39.663,-75.756,-1.801474452,0.001737885,-0.001204038,0.001449949,-0.000958067,-0.001204038,,0,
1786043885849634760,1786043885.847069370,/novatel/oem7/odom,/novatel/oem7/fix,/novatel/oem7/odom,39.663,-75.756,-1.801474452,0.001738403,-0.001203290,-0.000872377,0.001503663,-0.001203290,,,
1786043885857105762,1786043885.856503487,/novatel/oem7/odom,/novatel/oem7/fix,/novatel/oem7/odom,39.663,-75.756,-1.801474452,0.001738403,-0.001203290,-0.000872377,0.001503663,-0.001203290,,,
1786043885865473410,1786043885.864983936,/novatel/oem7/inspva,/novatel/oem7/inspva,/novatel/oem7/inspva,39.663,-75.756,-1.801462959,0.001658074,-0.000784288,0.001261458,-0.001076073,-0.000784288,,novatel_oem7_msgs.msg.InertialSolutionStatus(status=3),
1786043885866682717,1786043885.865139325,/novatel/oem7/fix,/novatel/oem7/fix,/novatel/oem7/inspva,39.663,-75.756,-1.801462959,0.001658074,-0.000784288,0.001261458,-0.001076073,-0.000784288,,0,
1786043885867619332,1786043885.865615953,/novatel/oem7/odom,/novatel/oem7/fix,/novatel/oem7/odom,39.663,-75.756,-1.801462959,0.001657930,-0.000784594,-0.001002220,0.001320715,-0.000784594,,,
1786043885875929223,1786043885.875303225,/novatel/oem7/odom,/novatel/oem7/fix,/novatel/oem7/odom,39.663,-75.756,-1.801462959,0.001657930,-0.000784594,-0.001002220,0.001320715,-0.000784594,,,
1786043885885622744,1786043885.885154155,/novatel/oem7/inspva,/novatel/oem7/inspva,/novatel/oem7/inspva,39.663,-75.756,-1.801460867,0.001500257,-0.000840441,0.001331872,-0.000690571,-0.000840441,,novatel_oem7_msgs.msg.InertialSolutionStatus(status=3),
1786043885886822408,1786043885.885292414,/novatel/oem7/fix,/novatel/oem7/fix,/novatel/oem7/inspva,39.663,-75.756,-1.801460867,0.001500257,-0.000840441,0.001331872,-0.000690571,-0.000840441,,0,
1786043885887793264,1786043885.885744701,/novatel/oem7/odom,/novatel/oem7/fix,/novatel/oem7/odom,39.663,-75.756,-1.801460867,0.001501065,-0.000838997,-0.000613222,0.001370093,-0.000838997,,,
1786043885895640329,1786043885.894891665,/novatel/oem7/odom,/novatel/oem7/fix,/novatel/oem7/odom,39.663,-75.756,-1.801460867,0.001501065,-0.000838997,-0.000613222,0.001370093,-0.000838997,,,
1786043885906371409,1786043885.905780869,/novatel/oem7/inspva,/novatel/oem7/inspva,/novatel/oem7/inspva,39.663,-75.756,-1.801450832,0.001453122,-0.000580431,0.001121645,-0.000923837,-0.000580431,,novatel_oem7_msgs.msg.InertialSolutionStatus(status=3),
1786043885907854031,1786043885.905967041,/novatel/oem7/fix,/novatel/oem7/fix,/novatel/oem7/inspva,39.663,-75.756,-1.801450832,0.001453122,-0.000580431,0.001121645,-0.000923837,-0.000580431,,0,
1786043885909014922,1786043885.906332581,/novatel/oem7/odom,/novatel/oem7/fix,/novatel/oem7/odom,39.663,-75.756,-1.801450832,0.001453059,-0.000580588,-0.000858701,0.001172183,-0.000580588,,,
1786043885910688363,1786043885.909026479,/novatel/oem7/bestpos,/novatel/oem7/bestpos,/novatel/oem7/odom,39.663,-75.756,33.180693075,0.001453059,-0.000580588,-0.000858701,0.001172183,-0.000580588,,novatel_oem7_msgs.msg.SolutionStatus(status=0),novatel_oem7_msgs.msg.PositionOrVelocityType(type=53)
1786043885911717473,1786043885.909352309,/novatel/oem7/bestvel,/novatel/oem7/bestpos,/novatel/oem7/bestvel,39.663,-75.756,33.180693075,0.001158364,-0.000394783,,,,311.012989255,novatel_oem7_msgs.msg.SolutionStatus(status=0),novatel_oem7_msgs.msg.PositionOrVelocityType(type=53)
1786043885915164608,1786043885.914442024,/novatel/oem7/odom,/novatel/oem7/bestpos,/novatel/oem7/odom,39.663,-75.756,33.180693075,0.001453059,-0.000580588,-0.000858701,0.001172183,-0.000580588,,,
1786043885925778613,1786043885.925195394,/novatel/oem7/inspva,/novatel/oem7/inspva,/novatel/oem7/inspva,39.663,-75.756,-1.801453259,0.001213927,-0.000938963,0.001091731,-0.000530795,-0.000938963,,novatel_oem7_msgs.msg.InertialSolutionStatus(status=3),
1786043885927250772,1786043885.925362409,/novatel/oem7/fix,/novatel/oem7/fix,/novatel/oem7/inspva,39.663,-75.756,-1.801453259,0.001213927,-0.000938963,0.001091731,-0.000530795,-0.000938963,,0,
1786043885928411800,1786043885.925825020,/novatel/oem7/odom,/novatel/oem7/fix,/novatel/oem7/odom,39.663,-75.756,-1.801453259,0.001214932,-0.000937663,-0.000466424,0.001121832,-0.000937663,,,
1786043885936126682,1786043885.935375981,/novatel/oem7/odom,/novatel/oem7/fix,/novatel/oem7/odom,39.663,-75.756,-1.801453259,0.001214932,-0.000937663,-0.000466424,0.001121832,-0.000937663,,,
1786043885945667903,1786043885.945080690,/novatel/oem7/inspva,/novatel/oem7/inspva,/novatel/oem7/inspva,39.663,-75.756,-1.801442184,0.001152678,-0.000690964,0.000812185,-0.000817938,-0.000690964,,novatel_oem7_msgs.msg.InertialSolutionStatus(status=3),
1786043885947128054,1786043885.945241332,/novatel/oem7/fix,/novatel/oem7/fix,/novatel/oem7/inspva,39.663,-75.756,-1.801442184,0.001152678,-0.000690964,0.000812185,-0.000817938,-0.000690964,,0,
1786043885948311047,1786043885.945708443,/novatel/oem7/odom,/novatel/oem7/fix,/novatel/oem7/odom,39.663,-75.756,-1.801442184,0.001152255,-0.000691669,-0.000769429,0.000857712,-0.000691669,,,
1786043885956405424,1786043885.955542217,/novatel/oem7/odom,/novatel/oem7/fix,/novatel/oem7/odom,39.663,-75.756,-1.801442184,0.001152255,-0.000691669,-0.000769429,0.000857712,-0.000691669,,,
1786043885966722504,1786043885.966137921,/novatel/oem7/inspva,/novatel/oem7/inspva,/novatel/oem7/inspva,39.663,-75.756,-1.801442475,0.001587516,-0.000853081,0.001300360,-0.000910643,-0.000853081,,novatel_oem7_msgs.msg.InertialSolutionStatus(status=3),
1786043885968237507,1786043885.966304217,/novatel/oem7/fix,/novatel/oem7/fix,/novatel/oem7/inspva,39.663,-75.756,-1.801442475,0.001587516,-0.000853081,0.001300360,-0.000910643,-0.000853081,,0,
1786043885969465535,1786043885.966816935,/novatel/oem7/odom,/novatel/oem7/fix,/novatel/oem7/odom,39.663,-75.756,-1.801442475,0.001587764,-0.000852620,-0.000834639,0.001350693,-0.000852620,,,
1786043885976183451,1786043885.975469864,/novatel/oem7/odom,/novatel/oem7/fix,/novatel/oem7/odom,39.663,-75.756,-1.801442475,0.001587764,-0.000852620,-0.000834639,0.001350693,-0.000852620,,,
1786043885985406048,1786043885.984863716,/novatel/oem7/inspva,/novatel/oem7/inspva,/novatel/oem7/inspva,39.663,-75.756,-1.801432503,0.001567417,-0.000689374,0.001126404,-0.001089959,-0.000689374,,novatel_oem7_msgs.msg.InertialSolutionStatus(status=3),
1786043885986865033,1786043885.985019051,/novatel/oem7/fix,/novatel/oem7/fix,/novatel/oem7/inspva,39.663,-75.756,-1.801432503,0.001567417,-0.000689374,0.001126404,-0.001089959,-0.000689374,,0,
1786043885988386005,1786043885.985426522,/novatel/oem7/odom,/novatel/oem7/fix,/novatel/oem7/odom,39.663,-75.756,-1.801432503,0.001567073,-0.000690156,-0.001023876,0.001186337,-0.000690156,,,
1786043885996064737,1786043885.995350460,/novatel/oem7/odom,/novatel/oem7/fix,/novatel/oem7/odom,39.663,-75.756,-1.801432503,0.001567073,-0.000690156,-0.001023876,0.001186337,-0.000690156,,,
1786043886008817591,1786043886.008217878,/novatel/oem7/inspva,/novatel/oem7/inspva,/novatel/oem7/inspva,39.663,-75.756,-1.801428324,0.001427763,-0.000414440,0.001200965,-0.000772134,-0.000414440,,novatel_oem7_msgs.msg.InertialSolutionStatus(status=3),
1786043886010272366,1786043886.008368902,/novatel/oem7/fix,/novatel/oem7/fix,/novatel/oem7/inspva,39.663,-75.756,-1.801428324,0.001427763,-0.000414440,0.001200965,-0.000772134,-0.000414440,,0,
1786043886011967116,1786043886.011050300,/novatel/oem7/odom,/novatel/oem7/fix,/novatel/oem7/odom,39.663,-75.756,-1.801428324,0.001427962,-0.000413750,-0.000703577,0.001242601,-0.000413750,,,
1786043886017022254,1786043886.016325394,/novatel/oem7/odom,/novatel/oem7/fix,/novatel/oem7/odom,39.663,-75.756,-1.801428324,0.001427962,-0.000413750,-0.000703577,0.001242601,-0.000413750,,,
1786043886024951988,1786043886.024273048,/novatel/oem7/bestpos,/novatel/oem7/bestpos,/novatel/oem7/odom,39.663,-75.756,33.180714611,0.001427962,-0.000413750,-0.000703577,0.001242601,-0.000413750,,novatel_oem7_msgs.msg.SolutionStatus(status=0),novatel_oem7_msgs.msg.PositionOrVelocityType(type=53)
1786043886026516534,1786043886.025348539,/novatel/oem7/bestvel,/novatel/oem7/bestpos,/novatel/oem7/bestvel,39.663,-75.756,33.180714611,0.001262919,-0.000253923,,,,319.773061911,novatel_oem7_msgs.msg.SolutionStatus(status=0),novatel_oem7_msgs.msg.PositionOrVelocityType(type=53)
1786043886028106741,1786043886.026841975,/novatel/oem7/inspva,/novatel/oem7/inspva,/novatel/oem7/inspva,39.663,-75.756,-1.801422030,0.001358799,-0.000633697,0.001098338,-0.000799994,-0.000633697,,novatel_oem7_msgs.msg.InertialSolutionStatus(status=3),
1786043886028990213,1786043886.026993842,/novatel/oem7/fix,/novatel/oem7/fix,/novatel/oem7/inspva,39.663,-75.756,-1.801422030,0.001358799,-0.000633697,0.001098338,-0.000799994,-0.000633697,,0,
1786043886030737484,1786043886.027621189,/novatel/oem7/odom,/novatel/oem7/fix,/novatel/oem7/odom,39.663,-75.756,-1.801422030,0.001358923,-0.000633431,-0.000736098,0.001142292,-0.000633431,,,
1786043886035369105,1786043886.034683358,/novatel/oem7/odom,/novatel/oem7/fix,/novatel/oem7/odom,39.663,-75.756,-1.801422030,0.001358923,-0.000633431,-0.000736098,0.001142292,-0.000633431,,,
1786043886045831658,1786043886.045271603,/novatel/oem7/inspva,/novatel/oem7/inspva,/novatel/oem7/inspva,39.663,-75.756,-1.801410678,0.001429502,-0.000592508,0.001260821,-0.000673652,-0.000592508,,novatel_oem7_msgs.msg.InertialSolutionStatus(status=3),
1786043886047249773,1786043886.045413350,/novatel/oem7/fix,/novatel/oem7/fix,/novatel/oem7/inspva,39.663,-75.756,-1.801410678,0.001429502,-0.000592508,0.001260821,-0.000673652,-0.000592508,,0,
1786043886048397885,1786043886.046013003,/novatel/oem7/odom,/novatel/oem7/fix,/novatel/oem7/odom,39.663,-75.756,-1.801410678,0.001430023,-0.000591249,-0.000601228,0.001297494,-0.000591249,,,
1786043886057128804,1786043886.056409016,/novatel/oem7/odom,/novatel/oem7/fix,/novatel/oem7/odom,39.663,-75.756,-1.801410678,0.001430023,-0.000591249,-0.000601228,0.001297494,-0.000591249,,,
1786043886065909393,1786043886.065370458,/novatel/oem7/inspva,/novatel/oem7/inspva,/novatel/oem7/inspva,39.663,-75.756,-1.801397108,0.001109799,-0.000924397,0.000950331,-0.000573171,-0.000924397,,novatel_oem7_msgs.msg.InertialSolutionStatus(status=3),
1786043886067374025,1786043886.065527069,/novatel/oem7/fix,/novatel/oem7/fix,/novatel/oem7/inspva,39.663,-75.756,-1.801397108,0.001109799,-0.000924397,0.000950331,-0.000573171,-0.000924397,,0,
1786043886068571450,1786043886.066022998,/novatel/oem7/odom,/novatel/oem7/fix,/novatel/oem7/odom,39.663,-75.756,-1.801397108,0.001110381,-0.000923698,-0.000516525,0.000982928,-0.000923698,,,
1786043886075196671,1786043886.074475111,/novatel/oem7/odom,/novatel/oem7/fix,/novatel/oem7/odom,39.663,-75.756,-1.801397108,0.001110381,-0.000923698,-0.000516525,0.000982928,-0.000923698,,,
1786043886086674388,1786043886.086147366,/novatel/oem7/inspva,/novatel/oem7/inspva,/novatel/oem7/inspva,39.663,-75.756,-1.801381693,0.001399729,-0.000304381,0.001279378,-0.000567832,-0.000304381,,novatel_oem7_msgs.msg.InertialSolutionStatus(status=3),
1786043886088091470,1786043886.086290121,/novatel/oem7/fix,/novatel/oem7/fix,/novatel/oem7/inspva,39.663,-75.756,-1.801381693,0.001399729,-0.000304381,0.001279378,-0.000567832,-0.000304381,,0,
1786043886089205281,1786043886.086886487,/novatel/oem7/odom,/novatel/oem7/fix,/novatel/oem7/odom,39.663,-75.756,-1.801381693,0.001400104,-0.000302651,-0.000495722,0.001309408,-0.000302651,,,
1786043886095270403,1786043886.094587916,/novatel/oem7/odom,/novatel/oem7/fix,/novatel/oem7/odom,39.663,-75.756,-1.801381693,0.001400104,-0.000302651,-0.000495722,0.001309408,-0.000302651,,,
1786043886106319099,1786043886.105766443,/novatel/oem7/inspva,/novatel/oem7/inspva,/novatel/oem7/inspva,39.663,-75.756,-1.801367945,0.001522783,-0.000455367,0.001405708,-0.000585536,-0.000455367,,novatel_oem7_msgs.msg.InertialSolutionStatus(status=3),
1786043886107793634,1786043886.105907868,/novatel/oem7/fix,/novatel/oem7/fix,/novatel/oem7/inspva,39.663,-75.756,-1.801367945,0.001522783,-0.000455367,0.001405708,-0.000585536,-0.000455367,,0,
1786043886108900892,1786043886.106385419,/novatel/oem7/odom,/novatel/oem7/fix,/novatel/oem7/odom,39.663,-75.756,-1.801367945,0.001523400,-0.000453299,-0.000505868,0.001436956,-0.000453299,,,
1786043886110480831,1786043886.108772324,/novatel/oem7/bestpos,/novatel/oem7/bestpos,/novatel/oem7/odom,39.663,-75.756,33.180772410,0.001523400,-0.000453299,-0.000505868,0.001436956,-0.000453299,,novatel_oem7_msgs.msg.SolutionStatus(status=0),novatel_oem7_msgs.msg.PositionOrVelocityType(type=53)
1786043886111476768,1786043886.109562909,/novatel/oem7/bestvel,/novatel/oem7/bestpos,/novatel/oem7/bestvel,39.663,-75.756,33.180772410,0.001950005,-0.000283711,,,,324.577527065,novatel_oem7_msgs.msg.SolutionStatus(status=0),novatel_oem7_msgs.msg.PositionOrVelocityType(type=53)
1786043886115997528,1786043886.115318274,/novatel/oem7/odom,/novatel/oem7/bestpos,/novatel/oem7/odom,39.663,-75.756,33.180772410,0.001523400,-0.000453299,-0.000505868,0.001436956,-0.000453299,,,
1786043886127055524,1786043886.126480714,/novatel/oem7/inspva,/novatel/oem7/inspva,/novatel/oem7/inspva,39.663,-75.756,-1.801357243,0.001490112,-0.000490782,0.001482328,-0.000152119,-0.000490782,,novatel_oem7_msgs.msg.InertialSolutionStatus(status=3),
1786043886128630636,1786043886.126657956,/novatel/oem7/fix,/novatel/oem7/fix,/novatel/oem7/inspva,39.663,-75.756,-1.801357243,0.001490112,-0.000490782,0.001482328,-0.000152119,-0.000490782,,0,
1786043886129832132,1786043886.126971886,/novatel/oem7/odom,/novatel/oem7/fix,/novatel/oem7/odom,39.663,-75.756,-1.801357243,0.001491421,-0.000486792,-0.000068756,0.001489835,-0.000486792,,,
1786043886135286411,1786043886.134570797,/novatel/oem7/odom,/novatel/oem7/fix,/novatel/oem7/odom,39.663,-75.756,-1.801357243,0.001491421,-0.000486792,-0.000068756,0.001489835,-0.000486792,,,
1786043886146416248,1786043886.145868799,/novatel/oem7/inspva,/novatel/oem7/inspva,/novatel/oem7/inspva,39.663,-75.756,-1.801338035,0.001400193,-0.000278972,0.001395146,-0.000118780,-0.000278972,,novatel_oem7_msgs.msg.InertialSolutionStatus(status=3),
1786043886147909550,1786043886.146026834,/novatel/oem7/fix,/novatel/oem7/fix,/novatel/oem7/inspva,39.663,-75.756,-1.801338035,0.001400193,-0.000278972,0.001395146,-0.000118780,-0.000278972,,0,
1786043886149077772,1786043886.146363767,/novatel/oem7/odom,/novatel/oem7/fix,/novatel/oem7/odom,39.663,-75.756,-1.801338035,0.001400952,-0.000275134,-0.000041106,0.001400349,-0.000275134,,,
1786043886156878512,1786043886.156128557,/novatel/oem7/odom,/novatel/oem7/fix,/novatel/oem7/odom,39.663,-75.756,-1.801338035,0.001400952,-0.000275134,-0.000041106,0.001400349,-0.000275134,,,
1786043886165688598,1786043886.165145116,/novatel/oem7/inspva,/novatel/oem7/inspva,/novatel/oem7/inspva,39.663,-75.756,-1.801325580,0.001382360,-0.000368243,0.001341334,0.000334279,-0.000368243,,novatel_oem7_msgs.msg.InertialSolutionStatus(status=3),
1786043886167164703,1786043886.165306744,/novatel/oem7/fix,/novatel/oem7/fix,/novatel/oem7/inspva,39.663,-75.756,-1.801325580,0.001382360,-0.000368243,0.001341334,0.000334279,-0.000368243,,0,
1786043886168337618,1786043886.165763592,/novatel/oem7/odom,/novatel/oem7/fix,/novatel/oem7/odom,39.663,-75.756,-1.801325580,0.001383798,-0.000362802,0.000408680,0.001322073,-0.000362802,,,
1786043886176088951,1786043886.175383150,/novatel/oem7/odom,/novatel/oem7/fix,/novatel/oem7/odom,39.663,-75.756,-1.801325580,0.001383798,-0.000362802,0.000408680,0.001322073,-0.000362802,,,
1786043886185880084,1786043886.185329732,/novatel/oem7/inspva,/novatel/oem7/inspva,/novatel/oem7/inspva,39.663,-75.756,-1.801305681,0.001562344,-0.000456509,0.001514380,0.000384151,-0.000456509,,novatel_oem7_msgs.msg.InertialSolutionStatus(status=3),
1786043886187273595,1786043886.185508727,/novatel/oem7/fix,/novatel/oem7/fix,/novatel/oem7/inspva,39.663,-75.756,-1.801305681,0.001562344,-0.000456509,0.001514380,0.000384151,-0.000456509,,0,
1786043886188402249,1786043886.185993642,/novatel/oem7/odom,/novatel/oem7/fix,/novatel/oem7/odom,39.663,-75.756,-1.801305681,0.001564135,-0.000450333,0.000468311,0.001492382,-0.000450333,,,
1786043886195158488,1786043886.194467585,/novatel/oem7/odom,/novatel/oem7/fix,/novatel/oem7/odom,39.663,-75.756,-1.801305681,0.001564135,-0.000450333,0.000468311,0.001492382,-0.000450333,,,
1786043886206578632,1786043886.206035939,/novatel/oem7/inspva,/novatel/oem7/inspva,/novatel/oem7/inspva,39.663,-75.756,-1.801290558,0.001551316,-0.000256164,0.001508608,0.000361499,-0.000256164,,novatel_oem7_msgs.msg.InertialSolutionStatus(status=3),
1786043886208000819,1786043886.206196035,/novatel/oem7/fix,/novatel/oem7/fix,/novatel/oem7/inspva,39.663,-75.756,-1.801290558,0.001551316,-0.000256164,0.001508608,0.000361499,-0.000256164,,0,
1786043886209143858,1786043886.206865738,/novatel/oem7/odom,/novatel/oem7/fix,/novatel/oem7/odom,39.663,-75.756,-1.801290558,0.001552307,-0.000250087,0.000444566,0.001487285,-0.000250087,,,
1786043886211183806,1786043886.210162645,/novatel/oem7/bestpos,/novatel/oem7/bestpos,/novatel/oem7/odom,39.663,-75.756,33.180853311,0.001552307,-0.000250087,0.000444566,0.001487285,-0.000250087,,novatel_oem7_msgs.msg.SolutionStatus(status=0),novatel_oem7_msgs.msg.PositionOrVelocityType(type=53)
1786043886212179726,1786043886.210504892,/novatel/oem7/bestvel,/novatel/oem7/bestpos,/novatel/oem7/bestvel,39.663,-75.756,33.180853311,0.001722007,-0.000363121,,,,12.537617294,novatel_oem7_msgs.msg.SolutionStatus(status=0),novatel_oem7_msgs.msg.PositionOrVelocityType(type=53)
1786043886216082079,1786043886.215065968,/novatel/oem7/odom,/novatel/oem7/bestpos,/novatel/oem7/odom,39.663,-75.756,33.180853311,0.001552307,-0.000250087,0.000444566,0.001487285,-0.000250087,,,
1786043886225950253,1786043886.225131971,/novatel/oem7/inspva,/novatel/oem7/inspva,/novatel/oem7/inspva,39.663,-75.756,-1.801273159,0.001993136,-0.000422618,0.001903649,0.000590518,-0.000422618,,novatel_oem7_msgs.msg.InertialSolutionStatus(status=3),
1786043886227364497,1786043886.225316006,/novatel/oem7/fix,/novatel/oem7/fix,/novatel/oem7/inspva,39.663,-75.756,-1.801273159,0.001993136,-0.000422618,0.001903649,0.000590518,-0.000422618,,0,
1786043886228471598,1786043886.225661800,/novatel/oem7/odom,/novatel/oem7/fix,/novatel/oem7/odom,39.663,-75.756,-1.801273159,0.001994855,-0.000414427,0.000695530,0.001869675,-0.000414427,,,
1786043886236246018,1786043886.235507950,/novatel/oem7/odom,/novatel/oem7/fix,/novatel/oem7/odom,39.663,-75.756,-1.801273159,0.001994855,-0.000414427,0.000695530,0.001869675,-0.000414427,,,
1786043886247332498,1786043886.246631637,/novatel/oem7/inspva,/novatel/oem7/inspva,/novatel/oem7/inspva,39.663,-75.756,-1.801260050,0.001897311,-0.000231500,0.001686126,0.000869924,-0.000231500,,novatel_oem7_msgs.msg.InertialSolutionStatus(status=3),
1786043886248754529,1786043886.246786682,/novatel/oem7/fix,/novatel/oem7/fix,/novatel/oem7/inspva,39.663,-75.756,-1.801260050,0.001897311,-0.000231500,0.001686126,0.000869924,-0.000231500,,0,
1786043886249818443,1786043886.247265494,/novatel/oem7/odom,/novatel/oem7/fix,/novatel/oem7/odom,39.663,-75.756,-1.801260050,0.001898344,-0.000222874,0.000961841,0.001636634,-0.000222874,,,
1786043886257118681,1786043886.256357580,/novatel/oem7/odom,/novatel/oem7/fix,/novatel/oem7/odom,39.663,-75.756,-1.801260050,0.001898344,-0.000222874,0.000961841,0.001636634,-0.000222874,,,
1786043886265688858,1786043886.264974418,/novatel/oem7/inspva,/novatel/oem7/inspva,/novatel/oem7/inspva,39.663,-75.756,-1.801244339,0.002293510,-0.000560958,0.002070592,0.000986325,-0.000560958,,novatel_oem7_msgs.msg.InertialSolutionStatus(status=3),
1786043886267082332,1786043886.265128086,/novatel/oem7/fix,/novatel/oem7/fix,/novatel/oem7/inspva,39.663,-75.756,-1.801244339,0.002293510,-0.000560958,0.002070592,0.000986325,-0.000560958,,0,
1786043886268185890,1786043886.265511100,/novatel/oem7/odom,/novatel/oem7/fix,/novatel/oem7/odom,39.663,-75.756,-1.801244339,0.002295998,-0.000550689,0.001100457,0.002015093,-0.000550689,,,
1786043886275630133,1786043886.274844105,/novatel/oem7/odom,/novatel/oem7/fix,/novatel/oem7/odom,39.663,-75.756,-1.801244339,0.002295998,-0.000550689,0.001100457,0.002015093,-0.000550689,,,
1786043886285984039,1786043886.285301208,/novatel/oem7/inspva,/novatel/oem7/inspva,/novatel/oem7/inspva,39.663,-75.756,-1.801230220,0.001945374,-0.000299648,0.001590738,0.001119836,-0.000299648,,novatel_oem7_msgs.msg.InertialSolutionStatus(status=3),
1786043886287397853,1786043886.285461447,/novatel/oem7/fix,/novatel/oem7/fix,/novatel/oem7/inspva,39.663,-75.756,-1.801230220,0.001945374,-0.000299648,0.001590738,0.001119836,-0.000299648,,0,
1786043886288482891,1786043886.286032886,/novatel/oem7/odom,/novatel/oem7/fix,/novatel/oem7/odom,39.663,-75.756,-1.801230220,0.001946782,-0.000290364,0.001206433,0.001527900,-0.000290364,,,
1786043886295727965,1786043886.294984479,/novatel/oem7/odom,/novatel/oem7/fix,/novatel/oem7/odom,39.663,-75.756,-1.801230220,0.001946782,-0.000290364,0.001206433,0.001527900,-0.000290364,,,
1786043886306771871,1786043886.306031413,/novatel/oem7/inspva,/novatel/oem7/inspva,/novatel/oem7/inspva,39.663,-75.756,-1.801212058,0.002260003,-0.000250416,0.001864532,0.001277158,-0.000250416,,novatel_oem7_msgs.msg.InertialSolutionStatus(status=3),
1786043886308173408,1786043886.306195135,/novatel/oem7/fix,/novatel/oem7/fix,/novatel/oem7/inspva,39.663,-75.756,-1.801212058,0.002260003,-0.000250416,0.001864532,0.001277158,-0.000250416,,0,
1786043886309287103,1786043886.306563419,/novatel/oem7/odom,/novatel/oem7/fix,/novatel/oem7/odom,39.663,-75.756,-1.801212058,0.002261169,-0.000239655,0.001378307,0.001792528,-0.000239655,,,
1786043886310856819,1786043886.309121938,/novatel/oem7/bestpos,/novatel/oem7/bestpos,/novatel/oem7/odom,39.663,-75.756,33.180930916,0.002261169,-0.000239655,0.001378307,0.001792528,-0.000239655,,novatel_oem7_msgs.msg.SolutionStatus(status=0),novatel_oem7_msgs.msg.PositionOrVelocityType(type=53)
1786043886311841076,1786043886.309907066,/novatel/oem7/bestvel,/novatel/oem7/bestpos,/novatel/oem7/bestvel,39.663,-75.756,33.180930916,0.002156656,-0.000169125,,,,33.962525470,novatel_oem7_msgs.msg.SolutionStatus(status=0),novatel_oem7_msgs.msg.PositionOrVelocityType(type=53)
1786043886315107059,1786043886.314412262,/novatel/oem7/odom,/novatel/oem7/bestpos,/novatel/oem7/odom,39.663,-75.756,33.180930916,0.002261169,-0.000239655,0.001378307,0.001792528,-0.000239655,,,
1786043886325669417,1786043886.325118778,/novatel/oem7/inspva,/novatel/oem7/inspva,/novatel/oem7/inspva,39.663,-75.756,-1.801203016,0.002277075,-0.000675083,0.001896216,0.001260730,-0.000675083,,novatel_oem7_msgs.msg.InertialSolutionStatus(status=3),
1786043886327029241,1786043886.325307503,/novatel/oem7/fix,/novatel/oem7/fix,/novatel/oem7/inspva,39.663,-75.756,-1.801203016,0.002277075,-0.000675083,0.001896216,0.001260730,-0.000675083,,0,
1786043886328117029,1786043886.325618247,/novatel/oem7/odom,/novatel/oem7/fix,/novatel/oem7/odom,39.663,-75.756,-1.801203016,0.002280251,-0.000664279,0.001365394,0.001826265,-0.000664279,,,
1786043886335686952,1786043886.335011192,/novatel/oem7/odom,/novatel/oem7/fix,/novatel/oem7/odom,39.663,-75.756,-1.801203016,0.002280251,-0.000664279,0.001365394,0.001826265,-0.000664279,,,
1786043886345565023,1786043886.345007991,/novatel/oem7/inspva,/novatel/oem7/inspva,/novatel/oem7/inspva,39.663,-75.756,-1.801184056,0.002563814,-0.000514733,0.002182217,0.001345760,-0.000514733,,novatel_oem7_msgs.msg.InertialSolutionStatus(status=3),
1786043886346925674,1786043886.345196353,/novatel/oem7/fix,/novatel/oem7/fix,/novatel/oem7/inspva,39.663,-75.756,-1.801184056,0.002563814,-0.000514733,0.002182217,0.001345760,-0.000514733,,0,
1786043886348003952,1786043886.345594792,/novatel/oem7/odom,/novatel/oem7/fix,/novatel/oem7/odom,39.663,-75.756,-1.801184056,0.002566198,-0.000502712,0.001465276,0.002106737,-0.000502712,,,
1786043886356219469,1786043886.355556585,/novatel/oem7/odom,/novatel/oem7/fix,/novatel/oem7/odom,39.663,-75.756,-1.801184056,0.002566198,-0.000502712,0.001465276,0.002106737,-0.000502712,,,
1786043886367366919,1786043886.366862170,/novatel/oem7/inspva,/novatel/oem7/inspva,/novatel/oem7/inspva,39.663,-75.756,-1.801174936,0.002611806,-0.000510926,0.002335522,0.001169130,-0.000510926,,novatel_oem7_msgs.msg.InertialSolutionStatus(status=3),
1786043886368704729,1786043886.367046986,/novatel/oem7/fix,/novatel/oem7/fix,/novatel/oem7/inspva,39.663,-75.756,-1.801174936,0.002611806,-0.000510926,0.002335522,0.001169130,-0.000510926,,0,
1786043886369891985,1786043886.367349477,/novatel/oem7/odom,/novatel/oem7/fix,/novatel/oem7/odom,39.663,-75.756,-1.801174936,0.002614085,-0.000499133,0.001297312,0.002269454,-0.000499133,,,
1786043886375242123,1786043886.374563626,/novatel/oem7/odom,/novatel/oem7/fix,/novatel/oem7/odom,39.663,-75.756,-1.801174936,0.002614085,-0.000499133,0.001297312,0.002269454,-0.000499133,,,
1786043886385472580,1786043886.384949619,/novatel/oem7/inspva,/novatel/oem7/inspva,/novatel/oem7/inspva,39.663,-75.756,-1.801158268,0.002963639,-0.000502435,0.002530560,0.001542537,-0.000502435,,novatel_oem7_msgs.msg.InertialSolutionStatus(status=3),
1786043886386784401,1786043886.385126011,/novatel/oem7/fix,/novatel/oem7/fix,/novatel/oem7/inspva,39.663,-75.756,-1.801158268,0.002963639,-0.000502435,0.002530560,0.001542537,-0.000502435,,0,
1786043886387837994,1786043886.385474644,/novatel/oem7/odom,/novatel/oem7/fix,/novatel/oem7/odom,39.663,-75.756,-1.801158268,0.002965952,-0.000488595,0.001680794,0.002443728,-0.000488595,,,
1786043886395258204,1786043886.394583103,/novatel/oem7/odom,/novatel/oem7/fix,/novatel/oem7/odom,39.663,-75.756,-1.801158268,0.002965952,-0.000488595,0.001680794,0.002443728,-0.000488595,,,
1786043886406945106,1786043886.406322680,/novatel/oem7/inspva,/novatel/oem7/inspva,/novatel/oem7/inspva,39.663,-75.756,-1.801145349,0.002786587,-0.000325440,0.002132691,0.001793515,-0.000325440,,novatel_oem7_msgs.msg.InertialSolutionStatus(status=3),
1786043886408497859,1786043886.406524295,/novatel/oem7/fix,/novatel/oem7/fix,/novatel/oem7/inspva,39.663,-75.756,-1.801145349,0.002786587,-0.000325440,0.002132691,0.001793515,-0.000325440,,0,
1786043886409685404,1786043886.407159738,/novatel/oem7/odom,/novatel/oem7/fix,/novatel/oem7/odom,39.663,-75.756,-1.801145349,0.002788142,-0.000311841,0.001908896,0.002032203,-0.000311841,,,
1786043886411329018,1786043886.410082661,/novatel/oem7/bestpos,/novatel/oem7/bestpos,/novatel/oem7/odom,39.663,-75.756,33.181002431,0.002788142,-0.000311841,0.001908896,0.002032203,-0.000311841,,novatel_oem7_msgs.msg.SolutionStatus(status=0),novatel_oem7_msgs.msg.PositionOrVelocityType(type=53)
1786043886412403272,1786043886.410530280,/novatel/oem7/bestvel,/novatel/oem7/bestpos,/novatel/oem7/bestvel,39.663,-75.756,33.181002431,0.002627342,-0.000191322,,,,35.299550102,novatel_oem7_msgs.msg.SolutionStatus(status=0),novatel_oem7_msgs.msg.PositionOrVelocityType(type=53)
1786043886415500524,1786043886.414755249,/novatel/oem7/odom,/novatel/oem7/bestpos,/novatel/oem7/odom,39.663,-75.756,33.181002431,0.002788142,-0.000311841,0.001908896,0.002032203,-0.000311841,,,
1786043886426856440,1786043886.426015474,/novatel/oem7/inspva,/novatel/oem7/inspva,/novatel/oem7/inspva,39.663,-75.756,-1.801125980,0.002914629,-0.000014367,0.002175788,0.001939332,-0.000014367,,novatel_oem7_msgs.msg.InertialSolutionStatus(status=3),
1786043886428438336,1786043886.426245050,/novatel/oem7/fix,/novatel/oem7/fix,/novatel/oem7/inspva,39.663,-75.756,-1.801125980,0.002914629,-0.000014367,0.002175788,0.001939332,-0.000014367,,0,
1786043886429643201,1786043886.426649067,/novatel/oem7/odom,/novatel/oem7/fix,/novatel/oem7/odom,39.663,-75.756,-1.801125980,0.002914665,-0.000000048,0.002055586,0.002066359,-0.000000048,,,
1786043886435594619,1786043886.434409844,/novatel/oem7/odom,/novatel/oem7/fix,/novatel/oem7/odom,39.663,-75.756,-1.801125980,0.002914665,-0.000000048,0.002055586,0.002066359,-0.000000048,,,
1786043886445823130,1786043886.445018052,/novatel/oem7/inspva,/novatel/oem7/inspva,/novatel/oem7/inspva,39.663,-75.756,-1.801118144,0.003049328,-0.000750481,0.002202723,0.002108652,-0.000750481,,novatel_oem7_msgs.msg.InertialSolutionStatus(status=3),
1786043886447854064,1786043886.445295495,/novatel/oem7/fix,/novatel/oem7/fix,/novatel/oem7/inspva,39.663,-75.756,-1.801118144,0.003049328,-0.000750481,0.002202723,0.002108652,-0.000750481,,0,
1786043886449557691,1786043886.445849246,/novatel/oem7/odom,/novatel/oem7/fix,/novatel/oem7/odom,39.663,-75.756,-1.801118144,0.003053000,-0.000735401,0.002229155,0.002086067,-0.000735401,,,
1786043886457308507,1786043886.456418378,/novatel/oem7/odom,/novatel/oem7/fix,/novatel/oem7/odom,39.663,-75.756,-1.801118144,0.003053000,-0.000735401,0.002229155,0.002086067,-0.000735401,,,
1786043886465774937,1786043886.464935018,/novatel/oem7/inspva,/novatel/oem7/inspva,/novatel/oem7/inspva,39.663,-75.756,-1.801096597,0.003121636,-0.000341572,0.002241593,0.002172527,-0.000341572,,novatel_oem7_msgs.msg.InertialSolutionStatus(status=3),
1786043886467730977,1786043886.465160193,/novatel/oem7/fix,/novatel/oem7/fix,/novatel/oem7/inspva,39.663,-75.756,-1.801096597,0.003121636,-0.000341572,0.002241593,0.002172527,-0.000341572,,0,
1786043886469440681,1786043886.465608555,/novatel/oem7/odom,/novatel/oem7/fix,/novatel/oem7/odom,39.663,-75.756,-1.801096597,0.003123288,-0.000326116,0.002293377,0.002120225,-0.000326116,,,
1786043886475146642,1786043886.474398304,/novatel/oem7/odom,/novatel/oem7/fix,/novatel/oem7/odom,39.663,-75.756,-1.801096597,0.003123288,-0.000326116,0.002293377,0.002120225,-0.000326116,,,
1786043886487246786,1786043886.486486925,/novatel/oem7/inspva,/novatel/oem7/inspva,/novatel/oem7/inspva,39.663,-75.756,-1.801084724,0.003113886,-0.000386535,0.002305233,0.002093367,-0.000386535,,novatel_oem7_msgs.msg.InertialSolutionStatus(status=3),
1786043886488935940,1786043886.486688480,/novatel/oem7/fix,/novatel/oem7/fix,/novatel/oem7/inspva,39.663,-75.756,-1.801084724,0.003113886,-0.000386535,0.002305233,0.002093367,-0.000386535,,0,
1786043886490172352,1786043886.487119258,/novatel/oem7/odom,/novatel/oem7/fix,/novatel/oem7/odom,39.663,-75.756,-1.801084724,0.003115750,-0.000371215,0.002218021,0.002188214,-0.000371215,,,
1786043886495635908,1786043886.494620151,/novatel/oem7/odom,/novatel/oem7/fix,/novatel/oem7/odom,39.663,-75.756,-1.801084724,0.003115750,-0.000371215,0.002218021,0.002188214,-0.000371215,,,
1786043886506505175,1786043886.505852292,/novatel/oem7/inspva,/novatel/oem7/inspva,/novatel/oem7/inspva,39.663,-75.756,-1.801064665,0.003320301,-0.000218842,0.002205830,0.002481676,-0.000218842,,novatel_oem7_msgs.msg.InertialSolutionStatus(status=3),
1786043886507880113,1786043886.506073351,/novatel/oem7/fix,/novatel/oem7/fix,/novatel/oem7/inspva,39.663,-75.756,-1.801064665,0.003320301,-0.000218842,0.002205830,0.002481676,-0.000218842,,0,
1786043886508957247,1786043886.506511282,/novatel/oem7/odom,/novatel/oem7/fix,/novatel/oem7/odom,39.663,-75.756,-1.801064665,0.003321349,-0.000202314,0.002599613,0.002067214,-0.000202314,,,
1786043886511252378,1786043886.510476106,/novatel/oem7/bestpos,/novatel/oem7/bestpos,/novatel/oem7/odom,39.663,-75.756,33.181083613,0.003321349,-0.000202314,0.002599613,0.002067214,-0.000202314,,novatel_oem7_msgs.msg.SolutionStatus(status=0),novatel_oem7_msgs.msg.PositionOrVelocityType(type=53)
1786043886512818374,1786043886.511213017,/novatel/oem7/bestvel,/novatel/oem7/bestpos,/novatel/oem7/bestvel,39.663,-75.756,33.181083613,0.002973953,0.000036240,,,,45.402679823,novatel_oem7_msgs.msg.SolutionStatus(status=0),novatel_oem7_msgs.msg.PositionOrVelocityType(type=53)
1786043886516189434,1786043886.515452087,/novatel/oem7/odom,/novatel/oem7/bestpos,/novatel/oem7/odom,39.663,-75.756,33.181083613,0.003321349,-0.000202314,0.002599613,0.002067214,-0.000202314,,,
1786043886525935177,1786043886.525228316,/novatel/oem7/inspva,/novatel/oem7/inspva,/novatel/oem7/inspva,39.663,-75.756,-1.801053365,0.003519199,-0.000401887,0.002301474,0.002662325,-0.000401887,,novatel_oem7_msgs.msg.InertialSolutionStatus(status=3),
1786043886527391432,1786043886.525517443,/novatel/oem7/fix,/novatel/oem7/fix,/novatel/oem7/inspva,39.663,-75.756,-1.801053365,0.003519199,-0.000401887,0.002301474,0.002662325,-0.000401887,,0,
1786043886528630711,1786043886.525965844,/novatel/oem7/odom,/novatel/oem7/fix,/novatel/oem7/odom,39.663,-75.756,-1.801053365,0.003521162,-0.000384304,0.002785989,0.002153335,-0.000384304,,,
1786043886535547839,1786043886.534759211,/novatel/oem7/odom,/novatel/oem7/fix,/novatel/oem7/odom,39.663,-75.756,-1.801053365,0.003521162,-0.000384304,0.002785989,0.002153335,-0.000384304,,,
1786043886546812320,1786043886.546001945,/novatel/oem7/inspva,/novatel/oem7/inspva,/novatel/oem7/inspva,39.663,-75.756,-1.801034514,0.003456721,-0.000249298,0.002193593,0.002671530,-0.000249298,,novatel_oem7_msgs.msg.InertialSolutionStatus(status=3),
1786043886548702663,1786043886.546290515,/novatel/oem7/fix,/novatel/oem7/fix,/novatel/oem7/inspva,39.663,-75.756,-1.801034514,0.003456721,-0.000249298,0.002193593,0.002671530,-0.000249298,,0,
1786043886550169048,1786043886.546960408,/novatel/oem7/odom,/novatel/oem7/fix,/novatel/oem7/odom,39.663,-75.756,-1.801034514,0.003457924,-0.000232013,0.002788654,0.002044663,-0.000232013,,,
1786043886556825299,1786043886.555880223,/novatel/oem7/odom,/novatel/oem7/fix,/novatel/oem7/odom,39.663,-75.756,-1.801034514,0.003457924,-0.000232013,0.002788654,0.002044663,-0.000232013,,,
1786043886566298526,1786043886.564982702,/novatel/oem7/inspva,/novatel/oem7/inspva,/novatel/oem7/inspva,39.663,-75.756,-1.801021728,0.003422670,-0.000213027,0.002279379,0.002553252,-0.000213027,,novatel_oem7_msgs.msg.InertialSolutionStatus(status=3),
1786043886568561332,1786043886.565333739,/novatel/oem7/fix,/novatel/oem7/fix,/novatel/oem7/inspva,39.663,-75.756,-1.801021728,0.003422670,-0.000213027,0.002279379,0.002553252,-0.000213027,,0,
1786043886569775698,1786043886.566136214,/novatel/oem7/odom,/novatel/oem7/fix,/novatel/oem7/odom,39.663,-75.756,-1.801021728,0.003423693,-0.000195896,0.002675116,0.002136687,-0.000195896,,,
1786043886576189846,1786043886.575509809,/novatel/oem7/odom,/novatel/oem7/fix,/novatel/oem7/odom,39.663,-75.756,-1.801021728,0.003423693,-0.000195896,0.002675116,0.002136687,-0.000195896,,,
1786043886585712557,1786043886.584968490,/novatel/oem7/inspva,/novatel/oem7/inspva,/novatel/oem7/inspva,39.663,-75.756,-1.801004965,0.003603456,-0.000337060,0.002221234,0.002837430,-0.000337060,,novatel_oem7_msgs.msg.InertialSolutionStatus(status=3),
1786043886587835165,1786043886.585196045,/novatel/oem7/fix,/novatel/oem7/fix,/novatel/oem7/inspva,39.663,-75.756,-1.801004965,0.003603456,-0.000337060,0.002221234,0.002837430,-0.000337060,,0,
1786043886589498816,1786043886.585749538,/novatel/oem7/odom,/novatel/oem7/fix,/novatel/oem7/odom,39.663,-75.756,-1.801004965,0.003605101,-0.000318976,0.002956174,0.002063442,-0.000318976,,,
1786043886595392542,1786043886.594455037,/novatel/oem7/odom,/novatel/oem7/fix,/novatel/oem7/odom,39.663,-75.756,-1.801004965,0.003605101,-0.000318976,0.002956174,0.002063442,-0.000318976,,,
1786043886606963212,1786043886.606348168,/novatel/oem7/inspva,/novatel/oem7/inspva,/novatel/oem7/inspva,39.663,-75.756,-1.800991592,0.003593805,-0.000202873,0.002291827,0.002768206,-0.000202873,,novatel_oem7_msgs.msg.InertialSolutionStatus(status=3),
1786043886608328980,1786043886.606617344,/novatel/oem7/fix,/novatel/oem7/fix,/novatel/oem7/inspva,39.663,-75.756,-1.800991592,0.003593805,-0.000202873,0.002291827,0.002768206,-0.000202873,,0,
1786043886609477815,1786043886.606935266,/novatel/oem7/odom,/novatel/oem7/fix,/novatel/oem7/odom,39.663,-75.756,-1.800991592,0.003594779,-0.000184813,0.002890386,0.002137314,-0.000184813,,,
1786043886611068700,1786043886.609907874,/novatel/oem7/bestpos,/novatel/oem7/bestpos,/novatel/oem7/odom,39.663,-75.756,33.181133572,0.003594779,-0.000184813,0.002890386,0.002137314,-0.000184813,,novatel_oem7_msgs.msg.SolutionStatus(status=0),novatel_oem7_msgs.msg.PositionOrVelocityType(type=53)
1786043886611981495,1786043886.610302348,/novatel/oem7/bestvel,/novatel/oem7/bestpos,/novatel/oem7/bestvel,39.663,-75.756,33.181133572,0.003806805,-0.000368103,,,,50.141014927,novatel_oem7_msgs.msg.SolutionStatus(status=0),novatel_oem7_msgs.msg.PositionOrVelocityType(type=53)
1786043886615608426,1786043886.614778355,/novatel/oem7/odom,/novatel/oem7/bestpos,/novatel/oem7/odom,39.663,-75.756,33.181133572,0.003594779,-0.000184813,0.002890386,0.002137314,-0.000184813,,,
1786043886625943369,1786043886.625294948,/novatel/oem7/inspva,/novatel/oem7/inspva,/novatel/oem7/inspva,39.663,-75.756,-1.800974440,0.003689350,-0.000144669,0.002126364,0.003014942,-0.000144669,,novatel_oem7_msgs.msg.InertialSolutionStatus(status=3),
1786043886627290285,1786043886.625551047,/novatel/oem7/fix,/novatel/oem7/fix,/novatel/oem7/inspva,39.663,-75.756,-1.800974440,0.003689350,-0.000144669,0.002126364,0.003014942,-0.000144669,,0,
1786043886628271930,1786043886.625876250,/novatel/oem7/odom,/novatel/oem7/fix,/novatel/oem7/odom,39.663,-75.756,-1.800974440,0.003690029,-0.000126153,0.003127459,0.001958396,-0.000126153,,,
1786043886636546796,1786043886.635691400,/novatel/oem7/odom,/novatel/oem7/fix,/novatel/oem7/odom,39.663,-75.756,-1.800974440,0.003690029,-0.000126153,0.003127459,0.001958396,-0.000126153,,,
1786043886646492578,1786043886.645281845,/novatel/oem7/inspva,/novatel/oem7/inspva,/novatel/oem7/inspva,39.663,-75.756,-1.800961929,0.003831217,-0.000105075,0.002315783,0.003052109,-0.000105075,,novatel_oem7_msgs.msg.InertialSolutionStatus(status=3),
1786043886648333933,1786043886.645483547,/novatel/oem7/fix,/novatel/oem7/fix,/novatel/oem7/inspva,39.663,-75.756,-1.800961929,0.003831217,-0.000105075,0.002315783,0.003052109,-0.000105075,,0,
1786043886649854398,1786043886.646244408,/novatel/oem7/odom,/novatel/oem7/fix,/novatel/oem7/odom,39.663,-75.756,-1.800961929,0.003831697,-0.000085782,0.003174794,0.002145363,-0.000085782,,,
1786043886657266024,1786043886.656265510,/novatel/oem7/odom,/novatel/oem7/fix,/novatel/oem7/odom,39.663,-75.756,-1.800961929,0.003831697,-0.000085782,0.003174794,0.002145363,-0.000085782,,,
1786043886667198539,1786043886.666169032,/novatel/oem7/inspva,/novatel/oem7/inspva,/novatel/oem7/inspva,39.663,-75.756,-1.800947111,0.004114328,-0.000355860,0.002313090,0.003402544,-0.000355860,,novatel_oem7_msgs.msg.InertialSolutionStatus(status=3),
1786043886668940710,1786043886.666342949,/novatel/oem7/fix,/novatel/oem7/fix,/novatel/oem7/inspva,39.663,-75.756,-1.800947111,0.004114328,-0.000355860,0.002313090,0.003402544,-0.000355860,,0,
1786043886670311307,1786043886.666813131,/novatel/oem7/odom,/novatel/oem7/fix,/novatel/oem7/odom,39.663,-75.756,-1.800947111,0.004116060,-0.000335230,0.003525576,0.002124209,-0.000335230,,,
1786043886675531624,1786043886.674437986,/novatel/oem7/odom,/novatel/oem7/fix,/novatel/oem7/odom,39.663,-75.756,-1.800947111,0.004116060,-0.000335230,0.003525576,0.002124209,-0.000335230,,,
1786043886686159079,1786043886.685101922,/novatel/oem7/inspva,/novatel/oem7/inspva,/novatel/oem7/inspva,39.663,-75.756,-1.800935744,0.004004323,-0.000187954,0.002470850,0.003151111,-0.000187954,,novatel_oem7_msgs.msg.InertialSolutionStatus(status=3),
1786043886688706621,1786043886.685257858,/novatel/oem7/fix,/novatel/oem7/fix,/novatel/oem7/inspva,39.663,-75.756,-1.800935744,0.004004323,-0.000187954,0.002470850,0.003151111,-0.000187954,,0,
1786043886690081286,1786043886.685671294,/novatel/oem7/odom,/novatel/oem7/fix,/novatel/oem7/odom,39.663,-75.756,-1.800935744,0.004005215,-0.000167868,0.003282479,0.002295013,-0.000167868,,,
1786043886696654583,1786043886.695403203,/novatel/oem7/odom,/novatel/oem7/fix,/novatel/oem7/odom,39.663,-75.756,-1.800935744,0.004005215,-0.000167868,0.003282479,0.002295013,-0.000167868,,,
1786043886706894124,1786043886.705935502,/novatel/oem7/inspva,/novatel/oem7/inspva,/novatel/oem7/inspva,39.663,-75.756,-1.800920258,0.004521928,-0.000257853,0.002543222,0.003738965,-0.000257853,,novatel_oem7_msgs.msg.InertialSolutionStatus(status=3),
1786043886708986258,1786043886.706119261,/novatel/oem7/fix,/novatel/oem7/fix,/novatel/oem7/inspva,39.663,-75.756,-1.800920258,0.004521928,-0.000257853,0.002543222,0.003738965,-0.000257853,,0,
1786043886710628882,1786043886.706658168,/novatel/oem7/odom,/novatel/oem7/fix,/novatel/oem7/odom,39.663,-75.756,-1.800920258,0.004523163,-0.000235204,0.003873704,0.002335256,-0.000235204,,,
1786043886712563522,1786043886.708967328,/novatel/oem7/bestpos,/novatel/oem7/bestpos,/novatel/oem7/odom,39.663,-75.756,33.181212606,0.004523163,-0.000235204,0.003873704,0.002335256,-0.000235204,,novatel_oem7_msgs.msg.SolutionStatus(status=0),novatel_oem7_msgs.msg.PositionOrVelocityType(type=53)
1786043886713834795,1786043886.709540551,/novatel/oem7/bestvel,/novatel/oem7/bestpos,/novatel/oem7/bestvel,39.663,-75.756,33.181212606,0.004519021,-0.000245632,,,,56.415171633,novatel_oem7_msgs.msg.SolutionStatus(status=0),novatel_oem7_msgs.msg.PositionOrVelocityType(type=53)
1786043886715732544,1786043886.714359453,/novatel/oem7/odom,/novatel/oem7/bestpos,/novatel/oem7/odom,39.663,-75.756,33.181212606,0.004523163,-0.000235204,0.003873704,0.002335256,-0.000235204,,,
1786043886727211884,1786043886.726460391,/novatel/oem7/inspva,/novatel/oem7/inspva,/novatel/oem7/inspva,39.663,-75.756,-1.800908429,0.004388494,-0.000140994,0.002660741,0.003489891,-0.000140994,,novatel_oem7_msgs.msg.InertialSolutionStatus(status=3),
1786043886729338936,1786043886.726557538,/novatel/oem7/fix,/novatel/oem7/fix,/novatel/oem7/inspva,39.663,-75.756,-1.800908429,0.004388494,-0.000140994,0.002660741,0.003489891,-0.000140994,,0,
1786043886731092704,1786043886.727005242,/novatel/oem7/odom,/novatel/oem7/fix,/novatel/oem7/odom,39.663,-75.756,-1.800908429,0.004389147,-0.000118965,0.003630973,0.002465896,-0.000118965,,,
1786043886735852386,1786043886.734980911,/novatel/oem7/odom,/novatel/oem7/fix,/novatel/oem7/odom,39.663,-75.756,-1.800908429,0.004389147,-0.000118965,0.003630973,0.002465896,-0.000118965,,,
1786043886745991803,1786043886.744893125,/novatel/oem7/inspva,/novatel/oem7/inspva,/novatel/oem7/inspva,39.663,-75.756,-1.800890951,0.004730282,-0.000191497,0.002580653,0.003964315,-0.000191497,,novatel_oem7_msgs.msg.InertialSolutionStatus(status=3),
1786043886748076927,1786043886.745153604,/novatel/oem7/fix,/novatel/oem7/fix,/novatel/oem7/inspva,39.663,-75.756,-1.800890951,0.004730282,-0.000191497,0.002580653,0.003964315,-0.000191497,,0,
1786043886749563529,1786043886.745769501,/novatel/oem7/odom,/novatel/oem7/fix,/novatel/oem7/odom,39.663,-75.756,-1.800890951,0.004731181,-0.000167820,0.004100477,0.002360119,-0.000167820,,,
1786043886756994658,1786043886.755866564,/novatel/oem7/odom,/novatel/oem7/fix,/novatel/oem7/odom,39.663,-75.756,-1.800890951,0.004731181,-0.000167820,0.004100477,0.002360119,-0.000167820,,,
1786043886766099541,1786043886.765316650,/novatel/oem7/inspva,/novatel/oem7/inspva,/novatel/oem7/inspva,39.663,-75.756,-1.800877890,0.004619573,0.000098349,0.002552016,0.003850671,0.000098349,,novatel_oem7_msgs.msg.InertialSolutionStatus(status=3),
1786043886767555816,1786043886.765515078,/novatel/oem7/fix,/novatel/oem7/fix,/novatel/oem7/inspva,39.663,-75.756,-1.800877890,0.004619573,0.000098349,0.002552016,0.003850671,0.000098349,,0,
1786043886768720925,1786043886.766040894,/novatel/oem7/odom,/novatel/oem7/fix,/novatel/oem7/odom,39.663,-75.756,-1.800877890,0.004619021,0.000121532,0.003984241,0.002336916,0.000121532,,,
1786043886776168491,1786043886.774896824,/novatel/oem7/odom,/novatel/oem7/fix,/novatel/oem7/odom,39.663,-75.756,-1.800877890,0.004619021,0.000121532,0.003984241,0.002336916,0.000121532,,,
1786043886787065828,1786043886.786082995,/novatel/oem7/inspva,/novatel/oem7/inspva,/novatel/oem7/inspva,39.663,-75.756,-1.800862393,0.004778872,-0.000185284,0.002736923,0.003917508,-0.000185284,,novatel_oem7_msgs.msg.InertialSolutionStatus(status=3),
1786043886789291141,1786043886.786236289,/novatel/oem7/fix,/novatel/oem7/fix,/novatel/oem7/inspva,39.663,-75.756,-1.800862393,0.004778872,-0.000185284,0.002736923,0.003917508,-0.000185284,,0,
1786043886790931641,1786043886.786762375,/novatel/oem7/odom,/novatel/oem7/fix,/novatel/oem7/odom,39.663,-75.756,-1.800862393,0.004779741,-0.000161305,0.004062297,0.002518665,-0.000161305,,,
1786043886795475054,1786043886.794745820,/novatel/oem7/odom,/novatel/oem7/fix,/novatel/oem7/odom,39.663,-75.756,-1.800862393,0.004779741,-0.000161305,0.004062297,0.002518665,-0.000161305,,,
1786043886808008849,1786043886.806766883,/novatel/oem7/inspva,/novatel/oem7/inspva,/novatel/oem7/inspva,39.663,-75.756,-1.800850249,0.004810768,-0.000112070,0.002711037,0.003974138,-0.000112070,,novatel_oem7_msgs.msg.InertialSolutionStatus(status=3),
1786043886810013439,1786043886.806950942,/novatel/oem7/fix,/novatel/oem7/fix,/novatel/oem7/inspva,39.663,-75.756,-1.800850249,0.004810768,-0.000112070,0.002711037,0.003974138,-0.000112070,,0,
1786043886811504764,1786043886.807703393,/novatel/oem7/odom,/novatel/oem7/fix,/novatel/oem7/odom,39.663,-75.756,-1.800850249,0.004811270,-0.000087906,0.004117127,0.002489495,-0.000087906,,,
1786043886813601016,1786043886.810141761,/novatel/oem7/bestpos,/novatel/oem7/bestpos,/novatel/oem7/odom,39.663,-75.756,33.181273601,0.004811270,-0.000087906,0.004117127,0.002489495,-0.000087906,,novatel_oem7_msgs.msg.SolutionStatus(status=0),novatel_oem7_msgs.msg.PositionOrVelocityType(type=53)
1786043886814860806,1786043886.810466723,/novatel/oem7/bestvel,/novatel/oem7/bestpos,/novatel/oem7/bestvel,39.663,-75.756,33.181273601,0.005091946,-0.000374362,,,,52.375641435,novatel_oem7_msgs.msg.SolutionStatus(status=0),novatel_oem7_msgs.msg.PositionOrVelocityType(type=53)
1786043886816796542,1786043886.815533279,/novatel/oem7/odom,/novatel/oem7/bestpos,/novatel/oem7/odom,39.663,-75.756,33.181273601,0.004811270,-0.000087906,0.004117127,0.002489495,-0.000087906,,,
1786043886826070616,1786043886.825281567,/novatel/oem7/inspva,/novatel/oem7/inspva,/novatel/oem7/inspva,39.663,-75.756,-1.800834784,0.005007708,-0.000301714,0.002702352,0.004215974,-0.000301714,,novatel_oem7_msgs.msg.InertialSolutionStatus(status=3),
1786043886828205432,1786043886.825380920,/novatel/oem7/fix,/novatel/oem7/fix,/novatel/oem7/inspva,39.663,-75.756,-1.800834784,0.005007708,-0.000301714,0.002702352,0.004215974,-0.000301714,,0,
1786043886829972926,1786043886.825853458,/novatel/oem7/odom,/novatel/oem7/fix,/novatel/oem7/odom,39.663,-75.756,-1.800834784,0.005009154,-0.000276674,0.004358906,0.002468108,-0.000276674,,,
1786043886835513503,1786043886.834487279,/novatel/oem7/odom,/novatel/oem7/fix,/novatel/oem7/odom,39.663,-75.756,-1.800834784,0.005009154,-0.000276674,0.004358906,0.002468108,-0.000276674,,,
1786043886847740654,1786043886.846627296,/novatel/oem7/inspva,/novatel/oem7/inspva,/novatel/oem7/inspva,39.663,-75.756,-1.800823688,0.005209953,-0.000036013,0.003015388,0.004248652,-0.000036013,,novatel_oem7_msgs.msg.InertialSolutionStatus(status=3),
1786043886849811222,1786043886.846913629,/novatel/oem7/fix,/novatel/oem7/fix,/novatel/oem7/inspva,39.663,-75.756,-1.800823688,0.005209953,-0.000036013,0.003015388,0.004248652,-0.000036013,,0,
1786043886851379331,1786043886.847637286,/novatel/oem7/odom,/novatel/oem7/fix,/novatel/oem7/odom,39.663,-75.756,-1.800823688,0.005210068,-0.000009825,0.004407600,0.002778105,-0.000009825,,,
1786043886857570718,1786043886.856531581,/novatel/oem7/odom,/novatel/oem7/fix,/novatel/oem7/odom,39.663,-75.756,-1.800823688,0.005210068,-0.000009825,0.004407600,0.002778105,-0.000009825,,,
1786043886865905270,1786043886.865057162,/novatel/oem7/inspva,/novatel/oem7/inspva,/novatel/oem7/inspva,39.663,-75.756,-1.800811766,0.005090731,-0.000297854,0.002855553,0.004214422,-0.000297854,,novatel_oem7_msgs.msg.InertialSolutionStatus(status=3),
1786043886867981121,1786043886.865188570,/novatel/oem7/fix,/novatel/oem7/fix,/novatel/oem7/inspva,39.663,-75.756,-1.800811766,0.005090731,-0.000297854,0.002855553,0.004214422,-0.000297854,,0,
1786043886869673431,1786043886.865690874,/novatel/oem7/odom,/novatel/oem7/fix,/novatel/oem7/odom,39.663,-75.756,-1.800811766,0.005092164,-0.000272257,0.004365773,0.002621098,-0.000272257,,,
1786043886876308146,1786043886.875486700,/novatel/oem7/odom,/novatel/oem7/fix,/novatel/oem7/odom,39.663,-75.756,-1.800811766,0.005092164,-0.000272257,0.004365773,0.002621098,-0.000272257,,,
1786043886886382888,1786043886.885287974,/novatel/oem7/inspva,/novatel/oem7/inspva,/novatel/oem7/inspva,39.663,-75.756,-1.800801842,0.005694312,0.000000791,0.003016043,0.004829976,0.000000791,,novatel_oem7_msgs.msg.InertialSolutionStatus(status=3),
1786043886889297871,1786043886.885534117,/novatel/oem7/fix,/novatel/oem7/fix,/novatel/oem7/inspva,39.663,-75.756,-1.800801842,0.005694312,0.000000791,0.003016043,0.004829976,0.000000791,,0,
1786043886891335219,1786043886.886151669,/novatel/oem7/odom,/novatel/oem7/fix,/novatel/oem7/odom,39.663,-75.756,-1.800801842,0.005694237,0.000029305,0.004987988,0.002746690,0.000029305,,,
1786043886895776191,1786043886.894813255,/novatel/oem7/odom,/novatel/oem7/fix,/novatel/oem7/odom,39.663,-75.756,-1.800801842,0.005694237,0.000029305,0.004987988,0.002746690,0.000029305,,,
1786043886906270311,1786043886.905735060,/novatel/oem7/inspva,/novatel/oem7/inspva,/novatel/oem7/inspva,39.663,-75.756,-1.800789985,0.005437322,-0.000171101,0.002730542,0.004701980,-0.000171101,,novatel_oem7_msgs.msg.InertialSolutionStatus(status=3),
1786043886907649872,1786043886.905825250,/novatel/oem7/fix,/novatel/oem7/fix,/novatel/oem7/inspva,39.663,-75.756,-1.800789985,0.005437322,-0.000171101,0.002730542,0.004701980,-0.000171101,,0,
1786043886908721260,1786043886.906379299,/novatel/oem7/odom,/novatel/oem7/fix,/novatel/oem7/odom,39.663,-75.756,-1.800789985,0.005438108,-0.000143978,0.004845267,0.002469091,-0.000143978,,,
1786043886910307829,1786043886.909047029,/novatel/oem7/bestpos,/novatel/oem7/bestpos,/novatel/oem7/odom,39.663,-75.756,33.181333883,0.005438108,-0.000143978,0.004845267,0.002469091,-0.000143978,,novatel_oem7_msgs.msg.SolutionStatus(status=0),novatel_oem7_msgs.msg.PositionOrVelocityType(type=53)
1786043886911283810,1786043886.909338475,/novatel/oem7/bestvel,/novatel/oem7/bestpos,/novatel/oem7/bestvel,39.663,-75.756,33.181333883,0.005364058,-0.000150720,,,,58.353024911,novatel_oem7_msgs.msg.SolutionStatus(status=0),novatel_oem7_msgs.msg.PositionOrVelocityType(type=53)
1786043886915638607,1786043886.914602706,/novatel/oem7/odom,/novatel/oem7/bestpos,/novatel/oem7/odom,39.663,-75.756,33.181333883,0.005438108,-0.000143978,0.004845267,0.002469091,-0.000143978,,,
1786043886926137524,1786043886.925146716,/novatel/oem7/inspva,/novatel/oem7/inspva,/novatel/oem7/inspva,39.663,-75.756,-1.800783885,0.005779287,-0.000485153,0.002919915,0.004987409,-0.000485153,,novatel_oem7_msgs.msg.InertialSolutionStatus(status=3),
1786043886927977983,1786043886.925501368,/novatel/oem7/fix,/novatel/oem7/fix,/novatel/oem7/inspva,39.663,-75.756,-1.800783885,0.005779287,-0.000485153,0.002919915,0.004987409,-0.000485153,,0,
1786043886929410161,1786043886.926219932,/novatel/oem7/odom,/novatel/oem7/fix,/novatel/oem7/odom,39.663,-75.756,-1.800783885,0.005781635,-0.000456318,0.005141928,0.002643460,-0.000456318,,,
1786043886936293268,1786043886.935328948,/novatel/oem7/odom,/novatel/oem7/fix,/novatel/oem7/odom,39.663,-75.756,-1.800783885,0.005781635,-0.000456318,0.005141928,0.002643460,-0.000456318,,,
1786043886945628586,1786043886.944987775,/novatel/oem7/inspva,/novatel/oem7/inspva,/novatel/oem7/inspva,39.663,-75.756,-1.800768153,0.005544147,-0.000182392,0.002639850,0.004875321,-0.000182392,,novatel_oem7_msgs.msg.InertialSolutionStatus(status=3),
1786043886947115825,1786043886.945088324,/novatel/oem7/fix,/novatel/oem7/fix,/novatel/oem7/inspva,39.663,-75.756,-1.800768153,0.005544147,-0.000182392,0.002639850,0.004875321,-0.000182392,,0,
1786043886948301317,1786043886.945539085,/novatel/oem7/odom,/novatel/oem7/fix,/novatel/oem7/odom,39.663,-75.756,-1.800768153,0.005544985,-0.000154852,0.005013422,0.002369063,-0.000154852,,,
1786043886957488527,1786043886.955839817,/novatel/oem7/odom,/novatel/oem7/fix,/novatel/oem7/odom,39.663,-75.756,-1.800768153,0.005544985,-0.000154852,0.005013422,0.002369063,-0.000154852,,,
1786043886967136169,1786043886.966486895,/novatel/oem7/inspva,/novatel/oem7/inspva,/novatel/oem7/inspva,39.663,-75.756,-1.800760599,0.005969068,-0.000261972,0.003276582,0.004989367,-0.000261972,,novatel_oem7_msgs.msg.InertialSolutionStatus(status=3),
1786043886968825903,1786043886.966628570,/novatel/oem7/fix,/novatel/oem7/fix,/novatel/oem7/inspva,39.663,-75.756,-1.800760599,0.005969068,-0.000261972,0.003276582,0.004989367,-0.000261972,,0,
1786043886970194667,1786043886.967146256,/novatel/oem7/odom,/novatel/oem7/fix,/novatel/oem7/odom,39.663,-75.756,-1.800760599,0.005970308,-0.000231991,0.005162542,0.002998790,-0.000231991,,,
1786043886975963456,1786043886.974986223,/novatel/oem7/odom,/novatel/oem7/fix,/novatel/oem7/odom,39.663,-75.756,-1.800760599,0.005970308,-0.000231991,0.005162542,0.002998790,-0.000231991,,,
1786043886985803356,1786043886.984893964,/novatel/oem7/inspva,/novatel/oem7/inspva,/novatel/oem7/inspva,39.663,-75.756,-1.800747954,0.005667194,-0.000155056,0.002833214,0.004908155,-0.000155056,,novatel_oem7_msgs.msg.InertialSolutionStatus(status=3),
1786043886987896521,1786043886.985148669,/novatel/oem7/fix,/novatel/oem7/fix,/novatel/oem7/inspva,39.663,-75.756,-1.800747954,0.005667194,-0.000155056,0.002833214,0.004908155,-0.000155056,,0,
1786043886989181391,1786043886.985668232,/novatel/oem7/odom,/novatel/oem7/fix,/novatel/oem7/odom,39.663,-75.756,-1.800747954,0.005667897,-0.000126771,0.005056704,0.002560236,-0.000126771,,,
1786043886996144885,1786043886.995303773,/novatel/oem7/odom,/novatel/oem7/fix,/novatel/oem7/odom,39.663,-75.756,-1.800747954,0.005667897,-0.000126771,0.005056704,0.002560236,-0.000126771,,,
1786043887010582339,1786043887.010034287,/novatel/oem7/inspva,/novatel/oem7/inspva,/novatel/oem7/inspva,39.663,-75.756,-1.800743635,0.006330002,-0.000479126,0.003050274,0.005546598,-0.000479126,,novatel_oem7_msgs.msg.InertialSolutionStatus(status=3),
1786043887011910279,1786043887.010130651,/novatel/oem7/fix,/novatel/oem7/fix,/novatel/oem7/inspva,39.663,-75.756,-1.800743635,0.006330002,-0.000479126,0.003050274,0.005546598,-0.000479126,,0,
1786043887013523636,1786043887.011512002,/novatel/oem7/odom,/novatel/oem7/fix,/novatel/oem7/odom,39.663,-75.756,-1.800743635,0.006332308,-0.000447620,0.005707434,0.002742866,-0.000447620,,,
1786043887016603160,1786043887.015662885,/novatel/oem7/odom,/novatel/oem7/fix,/novatel/oem7/odom,39.663,-75.756,-1.800743635,0.006332308,-0.000447620,0.005707434,0.002742866,-0.000447620,,,
1786043887025515568,1786043887.024527429,/novatel/oem7/bestpos,/novatel/oem7/bestpos,/novatel/oem7/odom,39.663,-75.756,33.181376542,0.006332308,-0.000447620,0.005707434,0.002742866,-0.000447620,,novatel_oem7_msgs.msg.SolutionStatus(status=0),novatel_oem7_msgs.msg.PositionOrVelocityType(type=53)
1786043887027686014,1786043887.025331031,/novatel/oem7/bestvel,/novatel/oem7/bestpos,/novatel/oem7/bestvel,39.663,-75.756,33.181376542,0.006392022,-0.000516668,,,,61.451546044,novatel_oem7_msgs.msg.SolutionStatus(status=0),novatel_oem7_msgs.msg.PositionOrVelocityType(type=53)
1786043887029053264,1786043887.026697752,/novatel/oem7/inspva,/novatel/oem7/inspva,/novatel/oem7/inspva,39.663,-75.756,-1.800730924,0.006049003,-0.000241011,0.002739219,0.005393247,-0.000241011,,novatel_oem7_msgs.msg.InertialSolutionStatus(status=3),
1786043887030289917,1786043887.026804456,/novatel/oem7/fix,/novatel/oem7/fix,/novatel/oem7/inspva,39.663,-75.756,-1.800730924,0.006049003,-0.000241011,0.002739219,0.005393247,-0.000241011,,0,
1786043887032742659,1786043887.027283326,/novatel/oem7/odom,/novatel/oem7/fix,/novatel/oem7/odom,39.663,-75.756,-1.800730924,0.006050121,-0.000211106,0.005536296,0.002439955,-0.000211106,,,
1786043887035340699,1786043887.034610244,/novatel/oem7/odom,/novatel/oem7/fix,/novatel/oem7/odom,39.663,-75.756,-1.800730924,0.006050121,-0.000211106,0.005536296,0.002439955,-0.000211106,,,
1786043887046458455,1786043887.045574550,/novatel/oem7/inspva,/novatel/oem7/inspva,/novatel/oem7/inspva,39.663,-75.756,-1.800740420,0.006404374,-0.000609078,0.003293810,0.005492433,-0.000609078,,novatel_oem7_msgs.msg.InertialSolutionStatus(status=3),
1786043887048364615,1786043887.045855206,/novatel/oem7/fix,/novatel/oem7/fix,/novatel/oem7/inspva,39.663,-75.756,-1.800740420,0.006404374,-0.000609078,0.003293810,0.005492433,-0.000609078,,0,
1786043887049897984,1786043887.046402082,/novatel/oem7/odom,/novatel/oem7/fix,/novatel/oem7/odom,39.663,-75.756,-1.800740420,0.006407340,-0.000577042,0.005667258,0.002989346,-0.000577042,,,
1786043887057344746,1786043887.056540888,/novatel/oem7/odom,/novatel/oem7/fix,/novatel/oem7/odom,39.663,-75.756,-1.800740420,0.006407340,-0.000577042,0.005667258,0.002989346,-0.000577042,,,
1786043887065964744,1786043887.065274597,/novatel/oem7/inspva,/novatel/oem7/inspva,/novatel/oem7/inspva,39.663,-75.756,-1.800744073,0.006180866,-0.000255928,0.002860873,0.005478914,-0.000255928,,novatel_oem7_msgs.msg.InertialSolutionStatus(status=3),
1786043887067448713,1786043887.065548354,/novatel/oem7/fix,/novatel/oem7/fix,/novatel/oem7/inspva,39.663,-75.756,-1.800744073,0.006180866,-0.000255928,0.002860873,0.005478914,-0.000255928,,0,
1786043887068627708,1786043887.065883933,/novatel/oem7/odom,/novatel/oem7/fix,/novatel/oem7/odom,39.663,-75.756,-1.800744073,0.006182058,-0.000225281,0.005628581,0.002556741,-0.000225281,,,
1786043887075537192,1786043887.074620343,/novatel/oem7/odom,/novatel/oem7/fix,/novatel/oem7/odom,39.663,-75.756,-1.800744073,0.006182058,-0.000225281,0.005628581,0.002556741,-0.000225281,,,
1786043887087093214,1786043887.086303966,/novatel/oem7/inspva,/novatel/oem7/inspva,/novatel/oem7/inspva,39.663,-75.756,-1.800748815,0.006620149,-0.000134180,0.003268410,0.005757071,-0.000134180,,novatel_oem7_msgs.msg.InertialSolutionStatus(status=3),
1786043887088794317,1786043887.086519368,/novatel/oem7/fix,/novatel/oem7/fix,/novatel/oem7/inspva,39.663,-75.756,-1.800748815,0.006620149,-0.000134180,0.003268410,0.005757071,-0.000134180,,0,
1786043887090559002,1786043887.087091860,/novatel/oem7/odom,/novatel/oem7/fix,/novatel/oem7/odom,39.663,-75.756,-1.800748815,0.006620736,-0.000101144,0.005928160,0.002948063,-0.000101144,,,
1786043887095767462,1786043887.094992334,/novatel/oem7/odom,/novatel/oem7/fix,/novatel/oem7/odom,39.663,-75.756,-1.800748815,0.006620736,-0.000101144,0.005928160,0.002948063,-0.000101144,,,
1786043887106591289,1786043887.105763604,/novatel/oem7/inspva,/novatel/oem7/inspva,/novatel/oem7/inspva,39.663,-75.756,-1.800756229,0.006375343,-0.000265837,0.003122204,0.005558493,-0.000265837,,novatel_oem7_msgs.msg.InertialSolutionStatus(status=3),
1786043887108629333,1786043887.105942356,/novatel/oem7/fix,/novatel/oem7/fix,/novatel/oem7/inspva,39.663,-75.756,-1.800756229,0.006375343,-0.000265837,0.003122204,0.005558493,-0.000265837,,0,
1786043887109904646,1786043887.106399977,/novatel/oem7/odom,/novatel/oem7/fix,/novatel/oem7/odom,39.663,-75.756,-1.800756229,0.006376588,-0.000234065,0.005722408,0.002813348,-0.000234065,,,
1786043887111806482,1786043887.109229656,/novatel/oem7/bestpos,/novatel/oem7/bestpos,/novatel/oem7/odom,39.663,-75.756,33.181366204,0.006376588,-0.000234065,0.005722408,0.002813348,-0.000234065,,novatel_oem7_msgs.msg.SolutionStatus(status=0),novatel_oem7_msgs.msg.PositionOrVelocityType(type=53)
1786043887113015151,1786043887.109914766,/novatel/oem7/bestvel,/novatel/oem7/bestpos,/novatel/oem7/bestvel,39.663,-75.756,33.181366204,0.006367541,-0.000100626,,,,65.625987873,novatel_oem7_msgs.msg.SolutionStatus(status=0),novatel_oem7_msgs.msg.PositionOrVelocityType(type=53)
1786043887116244347,1786043887.115395416,/novatel/oem7/odom,/novatel/oem7/bestpos,/novatel/oem7/odom,39.663,-75.756,33.181366204,0.006376588,-0.000234065,0.005722408,0.002813348,-0.000234065,,,
1786043887126607417,1786043887.125618593,/novatel/oem7/inspva,/novatel/oem7/inspva,/novatel/oem7/inspva,39.663,-75.756,-1.800762242,0.006884877,-0.000323726,0.003255772,0.006066422,-0.000323726,,novatel_oem7_msgs.msg.InertialSolutionStatus(status=3),
1786043887128523076,1786043887.125916766,/novatel/oem7/fix,/novatel/oem7/fix,/novatel/oem7/inspva,39.663,-75.756,-1.800762242,0.006884877,-0.000323726,0.003255772,0.006066422,-0.000323726,,0,
1786043887129995648,1786043887.126555090,/novatel/oem7/odom,/novatel/oem7/fix,/novatel/oem7/odom,39.663,-75.756,-1.800762242,0.006886400,-0.000289523,0.006237148,0.002918987,-0.000289523,,,
1786043887135652629,1786043887.134699923,/novatel/oem7/odom,/novatel/oem7/fix,/novatel/oem7/odom,39.663,-75.756,-1.800762242,0.006886400,-0.000289523,0.006237148,0.002918987,-0.000289523,,,
1786043887147300401,1786043887.146299721,/novatel/oem7/inspva,/novatel/oem7/inspva,/novatel/oem7/inspva,39.663,-75.756,-1.800767677,0.006779715,-0.000221760,0.003318838,0.005911840,-0.000221760,,novatel_oem7_msgs.msg.InertialSolutionStatus(status=3),
1786043887149341145,1786043887.146635817,/novatel/oem7/fix,/novatel/oem7/fix,/novatel/oem7/inspva,39.663,-75.756,-1.800767677,0.006779715,-0.000221760,0.003318838,0.005911840,-0.000221760,,0,
1786043887150875281,1786043887.146999460,/novatel/oem7/odom,/novatel/oem7/fix,/novatel/oem7/odom,39.663,-75.756,-1.800767677,0.006780736,-0.000187963,0.006085856,0.002990107,-0.000187963,,,
1786043887157047334,1786043887.156257693,/novatel/oem7/odom,/novatel/oem7/fix,/novatel/oem7/odom,39.663,-75.756,-1.800767677,0.006780736,-0.000187963,0.006085856,0.002990107,-0.000187963,,,
1786043887166112423,1786043887.165290112,/novatel/oem7/inspva,/novatel/oem7/inspva,/novatel/oem7/inspva,39.663,-75.756,-1.800772201,0.007070936,-0.000075795,0.003621705,0.006073005,-0.000075795,,novatel_oem7_msgs.msg.InertialSolutionStatus(status=3),
1786043887168186614,1786043887.165498674,/novatel/oem7/fix,/novatel/oem7/fix,/novatel/oem7/inspva,39.663,-75.756,-1.800772201,0.007070936,-0.000075795,0.003621705,0.006073005,-0.000075795,,0,
1786043887169809461,1786043887.166026292,/novatel/oem7/odom,/novatel/oem7/fix,/novatel/oem7/odom,39.663,-75.756,-1.800772201,0.007071227,-0.000040364,0.006262772,0.003283282,-0.000040364,,,
1786043887177531453,1786043887.175725764,/novatel/oem7/odom,/novatel/oem7/fix,/novatel/oem7/odom,39.663,-75.756,-1.800772201,0.007071227,-0.000040364,0.006262772,0.003283282,-0.000040364,,,
1786043887186128587,1786043887.185298519,/novatel/oem7/inspva,/novatel/oem7/inspva,/novatel/oem7/inspva,39.663,-75.756,-1.800778349,0.006987515,-0.000152404,0.003289786,0.006164630,-0.000152404,,novatel_oem7_msgs.msg.InertialSolutionStatus(status=3),
1786043887188175118,1786043887.185598482,/novatel/oem7/fix,/novatel/oem7/fix,/novatel/oem7/inspva,39.663,-75.756,-1.800778349,0.006987515,-0.000152404,0.003289786,0.006164630,-0.000152404,,0,
1786043887189862915,1786043887.186082954,/novatel/oem7/odom,/novatel/oem7/fix,/novatel/oem7/odom,39.663,-75.756,-1.800778349,0.006988186,-0.000117694,0.006336369,0.002947060,-0.000117694,,,
1786043887195307564,1786043887.194428323,/novatel/oem7/odom,/novatel/oem7/fix,/novatel/oem7/odom,39.663,-75.756,-1.800778349,0.006988186,-0.000117694,0.006336369,0.002947060,-0.000117694,,,
1786043887206705874,1786043887.205850506,/novatel/oem7/inspva,/novatel/oem7/inspva,/novatel/oem7/inspva,39.663,-75.756,-1.800782443,0.007309487,-0.000147259,0.003570443,0.006378130,-0.000147259,,novatel_oem7_msgs.msg.InertialSolutionStatus(status=3),
1786043887209074592,1786043887.206011030,/novatel/oem7/fix,/novatel/oem7/fix,/novatel/oem7/inspva,39.663,-75.756,-1.800782443,0.007309487,-0.000147259,0.003570443,0.006378130,-0.000147259,,0,
1786043887210843400,1786043887.206810135,/novatel/oem7/odom,/novatel/oem7/fix,/novatel/oem7/odom,39.663,-75.756,-1.800782443,0.007310129,-0.000110907,0.006564919,0.003215560,-0.000110907,,,
1786043887212858720,1786043887.210095575,/novatel/oem7/bestpos,/novatel/oem7/bestpos,/novatel/oem7/odom,39.663,-75.756,33.181344294,0.007310129,-0.000110907,0.006564919,0.003215560,-0.000110907,,novatel_oem7_msgs.msg.SolutionStatus(status=0),novatel_oem7_msgs.msg.PositionOrVelocityType(type=53)
1786043887214092853,1786043887.210614750,/novatel/oem7/bestvel,/novatel/oem7/bestpos,/novatel/oem7/bestvel,39.663,-75.756,33.181344294,0.006961914,0.000157510,,,,62.298534104,novatel_oem7_msgs.msg.SolutionStatus(status=0),novatel_oem7_msgs.msg.PositionOrVelocityType(type=53)
1786043887216156214,1786043887.215054473,/novatel/oem7/odom,/novatel/oem7/bestpos,/novatel/oem7/odom,39.663,-75.756,33.181344294,0.007310129,-0.000110907,0.006564919,0.003215560,-0.000110907,,,
1786043887225832543,1786043887.225063165,/novatel/oem7/inspva,/novatel/oem7/inspva,/novatel/oem7/inspva,39.663,-75.756,-1.800788115,0.007394264,-0.000084311,0.003551781,0.006485368,-0.000084311,,novatel_oem7_msgs.msg.InertialSolutionStatus(status=3),
1786043887227615518,1786043887.225279164,/novatel/oem7/fix,/novatel/oem7/fix,/novatel/oem7/inspva,39.663,-75.756,-1.800788115,0.007394264,-0.000084311,0.003551781,0.006485368,-0.000084311,,0,
1786043887228940874,1786043887.225552445,/novatel/oem7/odom,/novatel/oem7/fix,/novatel/oem7/odom,39.663,-75.756,-1.800788115,0.007394592,-0.000047451,0.006670738,0.003190807,-0.000047451,,,
1786043887236230787,1786043887.235554739,/novatel/oem7/odom,/novatel/oem7/fix,/novatel/oem7/odom,39.663,-75.756,-1.800788115,0.007394592,-0.000047451,0.006670738,0.003190807,-0.000047451,,,
1786043887246357415,1786043887.245486239,/novatel/oem7/inspva,/novatel/oem7/inspva,/novatel/oem7/inspva,39.663,-75.756,-1.800795401,0.007621014,-0.000275805,0.003415404,0.006812846,-0.000275805,,novatel_oem7_msgs.msg.InertialSolutionStatus(status=3),
1786043887248435123,1786043887.245656254,/novatel/oem7/fix,/novatel/oem7/fix,/novatel/oem7/inspva,39.663,-75.756,-1.800795401,0.007621014,-0.000275805,0.003415404,0.006812846,-0.000275805,,0,
1786043887249983629,1786043887.246416010,/novatel/oem7/odom,/novatel/oem7/fix,/novatel/oem7/odom,39.663,-75.756,-1.800795401,0.007622284,-0.000238138,0.006991001,0.003037287,-0.000238138,,,
1786043887257507039,1786043887.256598753,/novatel/oem7/odom,/novatel/oem7/fix,/novatel/oem7/odom,39.663,-75.756,-1.800795401,0.007622284,-0.000238138,0.006991001,0.003037287,-0.000238138,,,
1786043887266841208,1786043887.266102747,/novatel/oem7/inspva,/novatel/oem7/inspva,/novatel/oem7/inspva,39.663,-75.756,-1.800801285,0.007990421,-0.000265689,0.003665065,0.007100290,-0.000265689,,novatel_oem7_msgs.msg.InertialSolutionStatus(status=3),
1786043887268414754,1786043887.266283812,/novatel/oem7/fix,/novatel/oem7/fix,/novatel/oem7/inspva,39.663,-75.756,-1.800801285,0.007990421,-0.000265689,0.003665065,0.007100290,-0.000265689,,0,
1786043887269577919,1786043887.266799104,/novatel/oem7/odom,/novatel/oem7/fix,/novatel/oem7/odom,39.663,-75.756,-1.800801285,0.007991638,-0.000226122,0.007291676,0.003270742,-0.000226122,,,
1786043887276029368,1786043887.275013421,/novatel/oem7/odom,/novatel/oem7/fix,/novatel/oem7/odom,39.663,-75.756,-1.800801285,0.007991638,-0.000226122,0.007291676,0.003270742,-0.000226122,,,
1786043887286059717,1786043887.285321743,/novatel/oem7/inspva,/novatel/oem7/inspva,/novatel/oem7/inspva,39.663,-75.756,-1.800805571,0.007940565,0.000011514,0.003416754,0.007167870,0.000011514,,novatel_oem7_msgs.msg.InertialSolutionStatus(status=3),
1786043887287859639,1786043887.285586499,/novatel/oem7/fix,/novatel/oem7/fix,/novatel/oem7/inspva,39.663,-75.756,-1.800805571,0.007940565,0.000011514,0.003416754,0.007167870,0.000011514,,0,
1786043887289267743,1786043887.286114968,/novatel/oem7/odom,/novatel/oem7/fix,/novatel/oem7/odom,39.663,-75.756,-1.800805571,0.007940412,0.000050616,0.007344441,0.003018166,0.000050616,,,
1786043887296160737,1786043887.295424722,/novatel/oem7/odom,/novatel/oem7/fix,/novatel/oem7/odom,39.663,-75.756,-1.800805571,0.007940412,0.000050616,0.007344441,0.003018166,0.000050616,,,
1786043887307464009,1786043887.306350871,/novatel/oem7/inspva,/novatel/oem7/inspva,/novatel/oem7/inspva,39.663,-75.756,-1.800814249,0.008318250,-0.000281711,0.003778910,0.007410339,-0.000281711,,novatel_oem7_msgs.msg.InertialSolutionStatus(status=3),
1786043887309680435,1786043887.306698031,/novatel/oem7/fix,/novatel/oem7/fix,/novatel/oem7/inspva,39.663,-75.756,-1.800814249,0.008318250,-0.000281711,0.003778910,0.007410339,-0.000281711,,0,
1786043887311191214,1786043887.307052627,/novatel/oem7/odom,/novatel/oem7/fix,/novatel/oem7/odom,39.663,-75.756,-1.800814249,0.008319544,-0.000240493,0.007607616,0.003367342,-0.000240493,,,
1786043887313172111,1786043887.309393939,/novatel/oem7/bestpos,/novatel/oem7/bestpos,/novatel/oem7/odom,39.663,-75.756,33.181303701,0.008319544,-0.000240493,0.007607616,0.003367342,-0.000240493,,novatel_oem7_msgs.msg.SolutionStatus(status=0),novatel_oem7_msgs.msg.PositionOrVelocityType(type=53)
1786043887314441984,1786043887.310058459,/novatel/oem7/bestvel,/novatel/oem7/bestpos,/novatel/oem7/bestvel,39.663,-75.756,33.181303701,0.008322255,-0.000301877,,,,62.563733517,novatel_oem7_msgs.msg.SolutionStatus(status=0),novatel_oem7_msgs.msg.PositionOrVelocityType(type=53)
1786043887316498941,1786043887.314284833,/novatel/oem7/odom,/novatel/oem7/bestpos,/novatel/oem7/odom,39.663,-75.756,33.181303701,0.008319544,-0.000240493,0.007607616,0.003367342,-0.000240493,,,
1786043887326526083,1786043887.326164156,/novatel/oem7/inspva,/novatel/oem7/inspva,/novatel/oem7/inspva,39.663,-75.756,-1.800821345,0.008344257,-0.000435823,0.003575691,0.007539301,-0.000435823,,novatel_oem7_msgs.msg.InertialSolutionStatus(status=3),
1786043887327178682,1786043887.326340611,/novatel/oem7/fix,/novatel/oem7/fix,/novatel/oem7/inspva,39.663,-75.756,-1.800821345,0.008344257,-0.000435823,0.003575691,0.007539301,-0.000435823,,0,
1786043887327688074,1786043887.326893231,/novatel/oem7/odom,/novatel/oem7/fix,/novatel/oem7/odom,39.663,-75.756,-1.800821345,0.008346300,-0.000394787,0.007725870,0.003157792,-0.000394787,,,
1786043887335441732,1786043887.334895385,/novatel/oem7/odom,/novatel/oem7/fix,/novatel/oem7/odom,39.663,-75.756,-1.800821345,0.008346300,-0.000394787,0.007725870,0.003157792,-0.000394787,,,
1786043887345651448,1786043887.345103727,/novatel/oem7/inspva,/novatel/oem7/inspva,/novatel/oem7/inspva,39.663,-75.756,-1.800825913,0.008599247,-0.000255254,0.004076923,0.007571377,-0.000255254,,novatel_oem7_msgs.msg.InertialSolutionStatus(status=3),
1786043887346614598,1786043887.345372336,/novatel/oem7/fix,/novatel/oem7/fix,/novatel/oem7/inspva,39.663,-75.756,-1.800825913,0.008599247,-0.000255254,0.004076923,0.007571377,-0.000255254,,0,
1786043887347307987,1786043887.345883401,/novatel/oem7/odom,/novatel/oem7/fix,/novatel/oem7/odom,39.663,-75.756,-1.800825913,0.008600409,-0.000212542,0.007784653,0.003655983,-0.000212542,,,
1786043887356037166,1786043887.355604024,/novatel/oem7/odom,/novatel/oem7/fix,/novatel/oem7/odom,39.663,-75.756,-1.800825913,0.008600409,-0.000212542,0.007784653,0.003655983,-0.000212542,,,
1786043887367096054,1786043887.366491594,/novatel/oem7/inspva,/novatel/oem7/inspva,/novatel/oem7/inspva,39.663,-75.756,-1.800832061,0.008398751,-0.000092309,0.003508935,0.007630622,-0.000092309,,novatel_oem7_msgs.msg.InertialSolutionStatus(status=3),
1786043887368005317,1786043887.366671382,/novatel/oem7/fix,/novatel/oem7/fix,/novatel/oem7/inspva,39.663,-75.756,-1.800832061,0.008398751,-0.000092309,0.003508935,0.007630622,-0.000092309,,0,
1786043887368531316,1786043887.367337917,/novatel/oem7/odom,/novatel/oem7/fix,/novatel/oem7/odom,39.663,-75.756,-1.800832061,0.008399103,-0.000050998,0.007811982,0.003085104,-0.000050998,,,
1786043887375350269,1786043887.374904508,/novatel/oem7/odom,/novatel/oem7/fix,/novatel/oem7/odom,39.663,-75.756,-1.800832061,0.008399103,-0.000050998,0.007811982,0.003085104,-0.000050998,,,
1786043887386327265,1786043887.385936073,/novatel/oem7/inspva,/novatel/oem7/inspva,/novatel/oem7/inspva,39.663,-75.756,-1.800842745,0.008908132,-0.000578206,0.004353755,0.007771720,-0.000578206,,novatel_oem7_msgs.msg.InertialSolutionStatus(status=3),
1786043887387099659,1786043887.386083631,/novatel/oem7/fix,/novatel/oem7/fix,/novatel/oem7/inspva,39.663,-75.756,-1.800842745,0.008908132,-0.000578206,0.004353755,0.007771720,-0.000578206,,0,
1786043887387663063,1786043887.386503999,/novatel/oem7/odom,/novatel/oem7/fix,/novatel/oem7/odom,39.663,-75.756,-1.800842745,0.008910901,-0.000533836,0.008001226,0.003922313,-0.000533836,,,
1786043887394962517,1786043887.394461884,/novatel/oem7/odom,/novatel/oem7/fix,/novatel/oem7/odom,39.663,-75.756,-1.800842745,0.008910901,-0.000533836,0.008001226,0.003922313,-0.000533836,,,
1786043887407157835,1786043887.406370854,/novatel/oem7/inspva,/novatel/oem7/inspva,/novatel/oem7/inspva,39.663,-75.756,-1.800849604,0.008573057,-0.000301443,0.003821174,0.007674368,-0.000301443,,novatel_oem7_msgs.msg.InertialSolutionStatus(status=3),
1786043887408317702,1786043887.406603548,/novatel/oem7/fix,/novatel/oem7/fix,/novatel/oem7/inspva,39.663,-75.756,-1.800849604,0.008573057,-0.000301443,0.003821174,0.007674368,-0.000301443,,0,
1786043887409051318,1786043887.407121910,/novatel/oem7/odom,/novatel/oem7/fix,/novatel/oem7/odom,39.663,-75.756,-1.800849604,0.008574440,-0.000259146,0.007873677,0.003395029,-0.000259146,,,
1786043887410340245,1786043887.409870625,/novatel/oem7/bestpos,/novatel/oem7/bestpos,/novatel/oem7/odom,39.663,-75.756,33.181278917,0.008574440,-0.000259146,0.007873677,0.003395029,-0.000259146,,novatel_oem7_msgs.msg.SolutionStatus(status=0),novatel_oem7_msgs.msg.PositionOrVelocityType(type=53)
1786043887411155774,1786043887.410268783,/novatel/oem7/bestvel,/novatel/oem7/bestpos,/novatel/oem7/bestvel,39.663,-75.756,33.181278917,0.008321673,-0.000105818,,,,63.878775796,novatel_oem7_msgs.msg.SolutionStatus(status=0),novatel_oem7_msgs.msg.PositionOrVelocityType(type=53)
1786043887415263909,1786043887.414838761,/novatel/oem7/odom,/novatel/oem7/bestpos,/novatel/oem7/odom,39.663,-75.756,33.181278917,0.008574440,-0.000259146,0.007873677,0.003395029,-0.000259146,,,
1786043887425362007,1786043887.425077953,/novatel/oem7/inspva,/novatel/oem7/inspva,/novatel/oem7/inspva,39.663,-75.756,-1.800861817,0.009197498,-0.000583539,0.004389762,0.008082323,-0.000583539,,novatel_oem7_msgs.msg.InertialSolutionStatus(status=3),
1786043887425974581,1786043887.425180310,/novatel/oem7/fix,/novatel/oem7/fix,/novatel/oem7/inspva,39.663,-75.756,-1.800861817,0.009197498,-0.000583539,0.004389762,0.008082323,-0.000583539,,0,
1786043887426448791,1786043887.425604888,/novatel/oem7/odom,/novatel/oem7/fix,/novatel/oem7/odom,39.663,-75.756,-1.800861817,0.009200289,-0.000537744,0.008313382,0.003941191,-0.000537744,,,
1786043887435043443,1786043887.434459720,/novatel/oem7/odom,/novatel/oem7/fix,/novatel/oem7/odom,39.663,-75.756,-1.800861817,0.009200289,-0.000537744,0.008313382,0.003941191,-0.000537744,,,
1786043887445527026,1786043887.444926328,/novatel/oem7/inspva,/novatel/oem7/inspva,/novatel/oem7/inspva,39.663,-75.756,-1.800870663,0.008746915,-0.000565185,0.004012818,0.007772117,-0.000565185,,novatel_oem7_msgs.msg.InertialSolutionStatus(status=3),
1786043887446380546,1786043887.445108525,/novatel/oem7/fix,/novatel/oem7/fix,/novatel/oem7/inspva,39.663,-75.756,-1.800870663,0.008746915,-0.000565185,0.004012818,0.007772117,-0.000565185,,0,
1786043887447084296,1786043887.445629846,/novatel/oem7/odom,/novatel/oem7/fix,/novatel/oem7/odom,39.663,-75.756,-1.800870663,0.008749610,-0.000521798,0.007982897,0.003581764,-0.000521798,,,
1786043887457026805,1786043887.456631172,/novatel/oem7/odom,/novatel/oem7/fix,/novatel/oem7/odom,39.663,-75.756,-1.800870663,0.008749610,-0.000521798,0.007982897,0.003581764,-0.000521798,,,
1786043887465501092,1786043887.464897840,/novatel/oem7/inspva,/novatel/oem7/inspva,/novatel/oem7/inspva,39.663,-75.756,-1.800879733,0.009496899,-0.000453045,0.004668145,0.008270400,-0.000453045,,novatel_oem7_msgs.msg.InertialSolutionStatus(status=3),
1786043887466365233,1786043887.465044308,/novatel/oem7/fix,/novatel/oem7/fix,/novatel/oem7/inspva,39.663,-75.756,-1.800879733,0.009496899,-0.000453045,0.004668145,0.008270400,-0.000453045,,0,
1786043887466887462,1786043887.465455105,/novatel/oem7/odom,/novatel/oem7/fix,/novatel/oem7/odom,39.663,-75.756,-1.800879733,0.009499037,-0.000405742,0.008515975,0.004208312,-0.000405742,,,
1786043887475080613,1786043887.474558610,/novatel/oem7/odom,/novatel/oem7/fix,/novatel/oem7/odom,39.663,-75.756,-1.800879733,0.009499037,-0.000405742,0.008515975,0.004208312,-0.000405742,,,
1786043887487567337,1786043887.486473583,/novatel/oem7/inspva,/novatel/oem7/inspva,/novatel/oem7/inspva,39.663,-75.756,-1.800888306,0.009251496,-0.000378525,0.004427963,0.008123012,-0.000378525,,novatel_oem7_msgs.msg.InertialSolutionStatus(status=3),
1786043887489375549,1786043887.486629617,/novatel/oem7/fix,/novatel/oem7/fix,/novatel/oem7/inspva,39.663,-75.756,-1.800888306,0.009251496,-0.000378525,0.004427963,0.008123012,-0.000378525,,0,
1786043887490901361,1786043887.487064435,/novatel/oem7/odom,/novatel/oem7/fix,/novatel/oem7/odom,39.663,-75.756,-1.800888306,0.009253268,-0.000332409,0.008355367,0.003976282,-0.000332409,,,
1786043887495462267,1786043887.494656549,/novatel/oem7/odom,/novatel/oem7/fix,/novatel/oem7/odom,39.663,-75.756,-1.800888306,0.009253268,-0.000332409,0.008355367,0.003976282,-0.000332409,,,
1786043887506877951,1786043887.505919288,/novatel/oem7/inspva,/novatel/oem7/inspva,/novatel/oem7/inspva,39.663,-75.756,-1.800899033,0.009887853,-0.000520957,0.004718590,0.008689335,-0.000520957,,novatel_oem7_msgs.msg.InertialSolutionStatus(status=3),
1786043887508851641,1786043887.506189957,/novatel/oem7/fix,/novatel/oem7/fix,/novatel/oem7/inspva,39.663,-75.756,-1.800899033,0.009887853,-0.000520957,0.004718590,0.008689335,-0.000520957,,0,
1786043887510391067,1786043887.506672685,/novatel/oem7/odom,/novatel/oem7/fix,/novatel/oem7/odom,39.663,-75.756,-1.800899033,0.009890324,-0.000471709,0.008937384,0.004235762,-0.000471709,,,
1786043887512676297,1786043887.511137514,/novatel/oem7/bestpos,/novatel/oem7/bestpos,/novatel/oem7/odom,39.663,-75.756,33.181222448,0.009890324,-0.000471709,0.008937384,0.004235762,-0.000471709,,novatel_oem7_msgs.msg.SolutionStatus(status=0),novatel_oem7_msgs.msg.PositionOrVelocityType(type=53)
1786043887513952050,1786043887.511577102,/novatel/oem7/bestvel,/novatel/oem7/bestpos,/novatel/oem7/bestvel,39.663,-75.756,33.181222448,0.009828960,-0.000582351,,,,59.101617940,novatel_oem7_msgs.msg.SolutionStatus(status=0),novatel_oem7_msgs.msg.PositionOrVelocityType(type=53)
1786043887516539952,1786043887.515657503,/novatel/oem7/odom,/novatel/oem7/bestpos,/novatel/oem7/odom,39.663,-75.756,33.181222448,0.009890324,-0.000471709,0.008937384,0.004235762,-0.000471709,,,
1786043887526123680,1786043887.525205981,/novatel/oem7/inspva,/novatel/oem7/inspva,/novatel/oem7/inspva,39.663,-75.756,-1.800908742,0.009451122,-0.000735646,0.004562821,0.008276737,-0.000735646,,novatel_oem7_msgs.msg.InertialSolutionStatus(status=3),
1786043887527643136,1786043887.525454160,/novatel/oem7/fix,/novatel/oem7/fix,/novatel/oem7/inspva,39.663,-75.756,-1.800908742,0.009451122,-0.000735646,0.004562821,0.008276737,-0.000735646,,0,
1786043887528685906,1786043887.526034139,/novatel/oem7/odom,/novatel/oem7/fix,/novatel/oem7/odom,39.663,-75.756,-1.800908742,0.009454667,-0.000688588,0.008517757,0.004103481,-0.000688588,,,
1786043887535866420,1786043887.534926784,/novatel/oem7/odom,/novatel/oem7/fix,/novatel/oem7/odom,39.663,-75.756,-1.800908742,0.009454667,-0.000688588,0.008517757,0.004103481,-0.000688588,,,
1786043887546247023,1786043887.545230045,/novatel/oem7/inspva,/novatel/oem7/inspva,/novatel/oem7/inspva,39.663,-75.756,-1.800915730,0.009803717,-0.000564952,0.004653839,0.008628710,-0.000564952,,novatel_oem7_msgs.msg.InertialSolutionStatus(status=3),
1786043887548160802,1786043887.545558142,/novatel/oem7/fix,/novatel/oem7/fix,/novatel/oem7/inspva,39.663,-75.756,-1.800915730,0.009803717,-0.000564952,0.004653839,0.008628710,-0.000564952,,0,
1786043887549780582,1786043887.546204109,/novatel/oem7/odom,/novatel/oem7/fix,/novatel/oem7/odom,39.663,-75.756,-1.800915730,0.009806403,-0.000516233,0.008873459,0.004174598,-0.000516233,,,
1786043887557136334,1786043887.556173297,/novatel/oem7/odom,/novatel/oem7/fix,/novatel/oem7/odom,39.663,-75.756,-1.800915730,0.009806403,-0.000516233,0.008873459,0.004174598,-0.000516233,,,
1786043887565892853,1786043887.564988674,/novatel/oem7/inspva,/novatel/oem7/inspva,/novatel/oem7/inspva,39.663,-75.756,-1.800926580,0.009746759,-0.000731803,0.004892911,0.008429634,-0.000731803,,novatel_oem7_msgs.msg.InertialSolutionStatus(status=3),
1786043887567546643,1786043887.565257413,/novatel/oem7/fix,/novatel/oem7/fix,/novatel/oem7/inspva,39.663,-75.756,-1.800926580,0.009746759,-0.000731803,0.004892911,0.008429634,-0.000731803,,0,
1786043887568631561,1786043887.565815659,/novatel/oem7/odom,/novatel/oem7/fix,/novatel/oem7/odom,39.663,-75.756,-1.800926580,0.009750297,-0.000683056,0.008688570,0.004424594,-0.000683056,,,
1786043887576209181,1786043887.575275339,/novatel/oem7/odom,/novatel/oem7/fix,/novatel/oem7/odom,39.663,-75.756,-1.800926580,0.009750297,-0.000683056,0.008688570,0.004424594,-0.000683056,,,
1786043887585796359,1786043887.585052139,/novatel/oem7/inspva,/novatel/oem7/inspva,/novatel/oem7/inspva,39.663,-75.756,-1.800934586,0.009765635,-0.000572146,0.004844117,0.008479514,-0.000572146,,novatel_oem7_msgs.msg.InertialSolutionStatus(status=3),
1786043887587568704,1786043887.585335371,/novatel/oem7/fix,/novatel/oem7/fix,/novatel/oem7/inspva,39.663,-75.756,-1.800934586,0.009765635,-0.000572146,0.004844117,0.008479514,-0.000572146,,0,
1786043887588979845,1786043887.585778969,/novatel/oem7/odom,/novatel/oem7/fix,/novatel/oem7/odom,39.663,-75.756,-1.800934586,0.009768370,-0.000523385,0.008735033,0.004372671,-0.000523385,,,
1786043887596145035,1786043887.594639960,/novatel/oem7/odom,/novatel/oem7/fix,/novatel/oem7/odom,39.663,-75.756,-1.800934586,0.009768370,-0.000523385,0.008735033,0.004372671,-0.000523385,,,
1786043887607997683,1786043887.606978525,/novatel/oem7/inspva,/novatel/oem7/inspva,/novatel/oem7/inspva,39.663,-75.756,-1.800944282,0.010283528,-0.000622586,0.005126375,0.008914664,-0.000622586,,novatel_oem7_msgs.msg.InertialSolutionStatus(status=3),
1786043887610044314,1786043887.607316903,/novatel/oem7/fix,/novatel/oem7/fix,/novatel/oem7/inspva,39.663,-75.756,-1.800944282,0.010283528,-0.000622586,0.005126375,0.008914664,-0.000622586,,0,
1786043887611481661,1786043887.607993246,/novatel/oem7/odom,/novatel/oem7/fix,/novatel/oem7/odom,39.663,-75.756,-1.800944282,0.010286511,-0.000571192,0.009185236,0.004630739,-0.000571192,,,
1786043887613502889,1786043887.610366244,/novatel/oem7/bestpos,/novatel/oem7/bestpos,/novatel/oem7/odom,39.663,-75.756,33.181178060,0.010286511,-0.000571192,0.009185236,0.004630739,-0.000571192,,novatel_oem7_msgs.msg.SolutionStatus(status=0),novatel_oem7_msgs.msg.PositionOrVelocityType(type=53)
1786043887614861763,1786043887.610802518,/novatel/oem7/bestvel,/novatel/oem7/bestpos,/novatel/oem7/bestvel,39.663,-75.756,33.181178060,0.010328835,-0.000637046,,,,60.510310999,novatel_oem7_msgs.msg.SolutionStatus(status=0),novatel_oem7_msgs.msg.PositionOrVelocityType(type=53)
1786043887616846046,1786043887.614622008,/novatel/oem7/odom,/novatel/oem7/bestpos,/novatel/oem7/odom,39.663,-75.756,33.181178060,0.010286511,-0.000571192,0.009185236,0.004630739,-0.000571192,,,
1786043887625639630,1786043887.625070520,/novatel/oem7/inspva,/novatel/oem7/inspva,/novatel/oem7/inspva,39.663,-75.756,-1.800951900,0.010447695,-0.000468611,0.005127210,0.009103079,-0.000468611,,novatel_oem7_msgs.msg.InertialSolutionStatus(status=3),
1786043887628150615,1786043887.625215322,/novatel/oem7/fix,/novatel/oem7/fix,/novatel/oem7/inspva,39.663,-75.756,-1.800951900,0.010447695,-0.000468611,0.005127210,0.009103079,-0.000468611,,0,
1786043887629991090,1786043887.625557392,/novatel/oem7/odom,/novatel/oem7/fix,/novatel/oem7/odom,39.663,-75.756,-1.800951900,0.010449905,-0.000416432,0.009372801,0.004620725,-0.000416432,,,
1786043887636329595,1786043887.635659078,/novatel/oem7/odom,/novatel/oem7/fix,/novatel/oem7/odom,39.663,-75.756,-1.800951900,0.010449905,-0.000416432,0.009372801,0.004620725,-0.000416432,,,
1786043887646037098,1786043887.645268400,/novatel/oem7/inspva,/novatel/oem7/inspva,/novatel/oem7/inspva,39.663,-75.756,-1.800965735,0.010267397,-0.000986331,0.005222970,0.008839685,-0.000986331,,novatel_oem7_msgs.msg.InertialSolutionStatus(status=3),
1786043887647541106,1786043887.645531436,/novatel/oem7/fix,/novatel/oem7/fix,/novatel/oem7/inspva,39.663,-75.756,-1.800965735,0.010267397,-0.000986331,0.005222970,0.008839685,-0.000986331,,0,
1786043887648598594,1786043887.646036054,/novatel/oem7/odom,/novatel/oem7/fix,/novatel/oem7/odom,39.663,-75.756,-1.800965735,0.010272218,-0.000934788,0.009117229,0.004732293,-0.000934788,,,
1786043887657121344,1786043887.656508523,/novatel/oem7/odom,/novatel/oem7/fix,/novatel/oem7/odom,39.663,-75.756,-1.800965735,0.010272218,-0.000934788,0.009117229,0.004732293,-0.000934788,,,
1786043887666059102,1786043887.665345705,/novatel/oem7/inspva,/novatel/oem7/inspva,/novatel/oem7/inspva,39.663,-75.756,-1.800972028,0.010359006,-0.000631010,0.005051768,0.009043707,-0.000631010,,novatel_oem7_msgs.msg.InertialSolutionStatus(status=3),
1786043887667400156,1786043887.665574440,/novatel/oem7/fix,/novatel/oem7/fix,/novatel/oem7/inspva,39.663,-75.756,-1.800972028,0.010359006,-0.000631010,0.005051768,0.009043707,-0.000631010,,0,
1786043887668453087,1786043887.666043578,/novatel/oem7/odom,/novatel/oem7/fix,/novatel/oem7/odom,39.663,-75.756,-1.800972028,0.010362027,-0.000579296,0.009310055,0.004549117,-0.000579296,,,
1786043887675241166,1786043887.674589468,/novatel/oem7/odom,/novatel/oem7/fix,/novatel/oem7/odom,39.663,-75.756,-1.800972028,0.010362027,-0.000579296,0.009310055,0.004549117,-0.000579296,,,
1786043887685771006,1786043887.685085696,/novatel/oem7/inspva,/novatel/oem7/inspva,/novatel/oem7/inspva,39.663,-75.756,-1.800982933,0.010779734,-0.000499293,0.005556219,0.009237483,-0.000499293,,novatel_oem7_msgs.msg.InertialSolutionStatus(status=3),
1786043887687121740,1786043887.685285808,/novatel/oem7/fix,/novatel/oem7/fix,/novatel/oem7/inspva,39.663,-75.756,-1.800982933,0.010779734,-0.000499293,0.005556219,0.009237483,-0.000499293,,0,
1786043887688267099,1786043887.685591715,/novatel/oem7/odom,/novatel/oem7/fix,/novatel/oem7/odom,39.663,-75.756,-1.800982933,0.010782102,-0.000445236,0.009530723,0.005041730,-0.000445236,,,
1786043887695908780,1786043887.695233056,/novatel/oem7/odom,/novatel/oem7/fix,/novatel/oem7/odom,39.663,-75.756,-1.800982933,0.010782102,-0.000445236,0.009530723,0.005041730,-0.000445236,,,
1786043887707137264,1786043887.706158321,/novatel/oem7/inspva,/novatel/oem7/inspva,/novatel/oem7/inspva,39.663,-75.756,-1.800995013,0.010581549,-0.000770417,0.005101636,0.009270517,-0.000770417,,novatel_oem7_msgs.msg.InertialSolutionStatus(status=3),
1786043887709047197,1786043887.706414580,/novatel/oem7/fix,/novatel/oem7/fix,/novatel/oem7/inspva,39.663,-75.756,-1.800995013,0.010581549,-0.000770417,0.005101636,0.009270517,-0.000770417,,0,
1786043887710332027,1786043887.707030933,/novatel/oem7/odom,/novatel/oem7/fix,/novatel/oem7/odom,39.663,-75.756,-1.800995013,0.010585263,-0.000717579,0.009539874,0.004586787,-0.000717579,,,
1786043887711306116,1786043887.709525309,/novatel/oem7/bestpos,/novatel/oem7/bestpos,/novatel/oem7/odom,39.663,-75.756,33.181124710,0.010585263,-0.000717579,0.009539874,0.004586787,-0.000717579,,novatel_oem7_msgs.msg.SolutionStatus(status=0),novatel_oem7_msgs.msg.PositionOrVelocityType(type=53)
1786043887711928002,1786043887.710195844,/novatel/oem7/bestvel,/novatel/oem7/bestpos,/novatel/oem7/bestvel,39.663,-75.756,33.181124710,0.010887053,-0.000903049,,,,62.898908481,novatel_oem7_msgs.msg.SolutionStatus(status=0),novatel_oem7_msgs.msg.PositionOrVelocityType(type=53)
1786043887714992222,1786043887.714519363,/novatel/oem7/odom,/novatel/oem7/bestpos,/novatel/oem7/odom,39.663,-75.756,33.181124710,0.010585263,-0.000717579,0.009539874,0.004586787,-0.000717579,,,
1786043887727337491,1786043887.726747708,/novatel/oem7/inspva,/novatel/oem7/inspva,/novatel/oem7/inspva,39.663,-75.756,-1.801000730,0.010777573,-0.000203183,0.005593536,0.009212407,-0.000203183,,novatel_oem7_msgs.msg.InertialSolutionStatus(status=3),
1786043887728226740,1786043887.726967217,/novatel/oem7/fix,/novatel/oem7/fix,/novatel/oem7/inspva,39.663,-75.756,-1.801000730,0.010777573,-0.000203183,0.005593536,0.009212407,-0.000203183,,0,
1786043887728769111,1786043887.727545336,/novatel/oem7/odom,/novatel/oem7/fix,/novatel/oem7/odom,39.663,-75.756,-1.801000730,0.010778458,-0.000149022,0.009506524,0.005079484,-0.000149022,,,
1786043887735023641,1786043887.734666902,/novatel/oem7/odom,/novatel/oem7/fix,/novatel/oem7/odom,39.663,-75.756,-1.801000730,0.010778458,-0.000149022,0.009506524,0.005079484,-0.000149022,,,
1786043887745626624,1786043887.745302247,/novatel/oem7/inspva,/novatel/oem7/inspva,/novatel/oem7/inspva,39.663,-75.756,-1.801014461,0.010851064,-0.000350657,0.005309170,0.009463525,-0.000350657,,novatel_oem7_msgs.msg.InertialSolutionStatus(status=3),
1786043887746268722,1786043887.745404546,/novatel/oem7/fix,/novatel/oem7/fix,/novatel/oem7/inspva,39.663,-75.756,-1.801014461,0.010851064,-0.000350657,0.005309170,0.009463525,-0.000350657,,0,
1786043887746770637,1786043887.745841889,/novatel/oem7/odom,/novatel/oem7/fix,/novatel/oem7/odom,39.663,-75.756,-1.801014461,0.010852681,-0.000296401,0.009742239,0.004782204,-0.000296401,,,
1786043887756388301,1786043887.755966203,/novatel/oem7/odom,/novatel/oem7/fix,/novatel/oem7/odom,39.663,-75.756,-1.801014461,0.010852681,-0.000296401,0.009742239,0.004782204,-0.000296401,,,
1786043887765828898,1786043887.765329911,/novatel/oem7/inspva,/novatel/oem7/inspva,/novatel/oem7/inspva,39.663,-75.756,-1.801026096,0.011356430,-0.000596702,0.005565373,0.009899248,-0.000596702,,novatel_oem7_msgs.msg.InertialSolutionStatus(status=3),
1786043887766437249,1786043887.765559351,/novatel/oem7/fix,/novatel/oem7/fix,/novatel/oem7/inspva,39.663,-75.756,-1.801026096,0.011356430,-0.000596702,0.005565373,0.009899248,-0.000596702,,0,
1786043887766932708,1786043887.766099719,/novatel/oem7/odom,/novatel/oem7/fix,/novatel/oem7/odom,39.663,-75.756,-1.801026096,0.011359267,-0.000540008,0.010192456,0.005014657,-0.000540008,,,
1786043887775040591,1786043887.774546459,/novatel/oem7/odom,/novatel/oem7/fix,/novatel/oem7/odom,39.663,-75.756,-1.801026096,0.011359267,-0.000540008,0.010192456,0.005014657,-0.000540008,,,
1786043887786360920,1786043887.786036263,/novatel/oem7/inspva,/novatel/oem7/inspva,/novatel/oem7/inspva,39.663,-75.756,-1.801036121,0.011417348,-0.000471512,0.005399406,0.010059933,-0.000471512,,novatel_oem7_msgs.msg.InertialSolutionStatus(status=3),
1786043887786981519,1786043887.786156655,/novatel/oem7/fix,/novatel/oem7/fix,/novatel/oem7/inspva,39.663,-75.756,-1.801036121,0.011417348,-0.000471512,0.005399406,0.010059933,-0.000471512,,0,
1786043887787451963,1786043887.786535035,/novatel/oem7/odom,/novatel/oem7/fix,/novatel/oem7/odom,39.663,-75.756,-1.801036121,0.011419557,-0.000414582,0.010343295,0.004839683,-0.000414582,,,
1786043887794854183,1786043887.794518503,/novatel/oem7/odom,/novatel/oem7/fix,/novatel/oem7/odom,39.663,-75.756,-1.801036121,0.011419557,-0.000414582,0.010343295,0.004839683,-0.000414582,,,
1786043887806007097,1786043887.805708906,/novatel/oem7/inspva,/novatel/oem7/inspva,/novatel/oem7/inspva,39.663,-75.756,-1.801045437,0.011568831,-0.000287278,0.005754645,0.010036030,-0.000287278,,novatel_oem7_msgs.msg.InertialSolutionStatus(status=3),
1786043887806604704,1786043887.805785731,/novatel/oem7/fix,/novatel/oem7/fix,/novatel/oem7/inspva,39.663,-75.756,-1.801045437,0.011568831,-0.000287278,0.005754645,0.010036030,-0.000287278,,0,
1786043887807286917,1786043887.806839585,/novatel/oem7/odom,/novatel/oem7/fix,/novatel/oem7/odom,39.663,-75.756,-1.801045437,0.011570120,-0.000229569,0.010338127,0.005195267,-0.000229569,,,
1786043887810595548,1786043887.810218603,/novatel/oem7/bestpos,/novatel/oem7/bestpos,/novatel/oem7/odom,39.663,-75.756,33.181082468,0.011570120,-0.000229569,0.010338127,0.005195267,-0.000229569,,novatel_oem7_msgs.msg.SolutionStatus(status=0),novatel_oem7_msgs.msg.PositionOrVelocityType(type=53)
1786043887811255458,1786043887.810696027,/novatel/oem7/bestvel,/novatel/oem7/bestpos,/novatel/oem7/bestvel,39.663,-75.756,33.181082468,0.011164995,0.000141061,,,,62.689492924,novatel_oem7_msgs.msg.SolutionStatus(status=0),novatel_oem7_msgs.msg.PositionOrVelocityType(type=53)
1786043887816017751,1786043887.815660725,/novatel/oem7/odom,/novatel/oem7/bestpos,/novatel/oem7/odom,39.663,-75.756,33.181082468,0.011570120,-0.000229569,0.010338127,0.005195267,-0.000229569,,,
1786043887825236030,1786043887.824941797,/novatel/oem7/inspva,/novatel/oem7/inspva,/novatel/oem7/inspva,39.663,-75.756,-1.801057250,0.011556719,-0.000429573,0.005565007,0.010128596,-0.000429573,,novatel_oem7_msgs.msg.InertialSolutionStatus(status=3),
1786043887825838985,1786043887.825020387,/novatel/oem7/fix,/novatel/oem7/fix,/novatel/oem7/inspva,39.663,-75.756,-1.801057250,0.011556719,-0.000429573,0.005565007,0.010128596,-0.000429573,,0,
1786043887826284870,1786043887.825508146,/novatel/oem7/odom,/novatel/oem7/fix,/novatel/oem7/odom,39.663,-75.756,-1.801057250,0.011558714,-0.000372055,0.010420748,0.005001188,-0.000372055,,,
1786043887835038758,1786043887.834451841,/novatel/oem7/odom,/novatel/oem7/fix,/novatel/oem7/odom,39.663,-75.756,-1.801057250,0.011558714,-0.000372055,0.010420748,0.005001188,-0.000372055,,,
1786043887847518905,1786043887.847091107,/novatel/oem7/inspva,/novatel/oem7/inspva,/novatel/oem7/inspva,39.663,-75.756,-1.801065049,0.011774390,-0.000236437,0.006115986,0.010061360,-0.000236437,,novatel_oem7_msgs.msg.InertialSolutionStatus(status=3),
1786043887848327896,1786043887.847189381,/novatel/oem7/fix,/novatel/oem7/fix,/novatel/oem7/inspva,39.663,-75.756,-1.801065049,0.011774390,-0.000236437,0.006115986,0.010061360,-0.000236437,,0,
1786043887848980728,1786043887.847892021,/novatel/oem7/odom,/novatel/oem7/fix,/novatel/oem7/odom,39.663,-75.756,-1.801065049,0.011775426,-0.000177520,0.010383112,0.005554426,-0.000177520,,,
1786043887857219517,1786043887.856795545,/novatel/oem7/odom,/novatel/oem7/fix,/novatel/oem7/odom,39.663,-75.756,-1.801065049,0.011775426,-0.000177520,0.010383112,0.005554426,-0.000177520,,,
1786043887865813938,1786043887.865073123,/novatel/oem7/inspva,/novatel/oem7/inspva,/novatel/oem7/inspva,39.663,-75.756,-1.801074905,0.011908159,-0.000321807,0.005895591,0.010346316,-0.000321807,,novatel_oem7_msgs.msg.InertialSolutionStatus(status=3),
1786043887866982884,1786043887.865387089,/novatel/oem7/fix,/novatel/oem7/fix,/novatel/oem7/inspva,39.663,-75.756,-1.801074905,0.011908159,-0.000321807,0.005895591,0.010346316,-0.000321807,,0,
1786043887867750973,1786043887.866248461,/novatel/oem7/odom,/novatel/oem7/fix,/novatel/oem7/odom,39.663,-75.756,-1.801074905,0.011909615,-0.000262452,0.010655872,0.005318958,-0.000262452,,,
1786043887875921561,1786043887.875487826,/novatel/oem7/odom,/novatel/oem7/fix,/novatel/oem7/odom,39.663,-75.756,-1.801074905,0.011909615,-0.000262452,0.010655872,0.005318958,-0.000262452,,,
1786043887885441142,1786043887.885165178,/novatel/oem7/inspva,/novatel/oem7/inspva,/novatel/oem7/inspva,39.663,-75.756,-1.801082645,0.012008135,-0.000180625,0.005786627,0.010521894,-0.000180625,,novatel_oem7_msgs.msg.InertialSolutionStatus(status=3),
1786043887885997495,1786043887.885374897,/novatel/oem7/fix,/novatel/oem7/fix,/novatel/oem7/inspva,39.663,-75.756,-1.801082645,0.012008135,-0.000180625,0.005786627,0.010521894,-0.000180625,,0,
1786043887886672432,1786043887.885953726,/novatel/oem7/odom,/novatel/oem7/fix,/novatel/oem7/odom,39.663,-75.756,-1.801082645,0.012008885,-0.000120867,0.010824635,0.005200058,-0.000120867,,,
1786043887895624884,1786043887.895002255,/novatel/oem7/odom,/novatel/oem7/fix,/novatel/oem7/odom,39.663,-75.756,-1.801082645,0.012008885,-0.000120867,0.010824635,0.005200058,-0.000120867,,,
1786043887906281046,1786043887.905956610,/novatel/oem7/inspva,/novatel/oem7/inspva,/novatel/oem7/inspva,39.663,-75.756,-1.801091695,0.012152965,-0.000331613,0.006026145,0.010553679,-0.000331613,,novatel_oem7_msgs.msg.InertialSolutionStatus(status=3),
1786043887906898754,1786043887.906180049,/novatel/oem7/fix,/novatel/oem7/fix,/novatel/oem7/inspva,39.663,-75.756,-1.801091695,0.012152965,-0.000331613,0.006026145,0.010553679,-0.000331613,,0,
1786043887907564225,1786043887.906659938,/novatel/oem7/odom,/novatel/oem7/fix,/novatel/oem7/odom,39.663,-75.756,-1.801091695,0.012154467,-0.000271029,0.010870118,0.005437978,-0.000271029,,,
1786043887909436217,1786043887.909084282,/novatel/oem7/bestpos,/novatel/oem7/bestpos,/novatel/oem7/odom,39.663,-75.756,33.181037461,0.012154467,-0.000271029,0.010870118,0.005437978,-0.000271029,,novatel_oem7_msgs.msg.SolutionStatus(status=0),novatel_oem7_msgs.msg.PositionOrVelocityType(type=53)
1786043887910077841,1786043887.909458862,/novatel/oem7/bestvel,/novatel/oem7/bestpos,/novatel/oem7/bestvel,39.663,-75.756,33.181037461,0.012392858,-0.000455003,,,,61.212332716,novatel_oem7_msgs.msg.SolutionStatus(status=0),novatel_oem7_msgs.msg.PositionOrVelocityType(type=53)
1786043887914776120,1786043887.914431140,/novatel/oem7/odom,/novatel/oem7/bestpos,/novatel/oem7/odom,39.663,-75.756,33.181037461,0.012154467,-0.000271029,0.010870118,0.005437978,-0.000271029,,,
1786043887925333824,1786043887.924902094,/novatel/oem7/inspva,/novatel/oem7/inspva,/novatel/oem7/inspva,39.663,-75.756,-1.801098767,0.012418667,-0.000200353,0.006328892,0.010684962,-0.000200353,,novatel_oem7_msgs.msg.InertialSolutionStatus(status=3),
1786043887926077251,1786043887.925105989,/novatel/oem7/fix,/novatel/oem7/fix,/novatel/oem7/inspva,39.663,-75.756,-1.801098767,0.012418667,-0.000200353,0.006328892,0.010684962,-0.000200353,,0,
1786043887926619559,1786043887.925543430,/novatel/oem7/odom,/novatel/oem7/fix,/novatel/oem7/odom,39.663,-75.756,-1.801098767,0.012419511,-0.000138486,0.011017287,0.005732683,-0.000138486,,,
1786043887936172036,1786043887.935572369,/novatel/oem7/odom,/novatel/oem7/fix,/novatel/oem7/odom,39.663,-75.756,-1.801098767,0.012419511,-0.000138486,0.011017287,0.005732683,-0.000138486,,,
1786043887945731097,1786043887.945264091,/novatel/oem7/inspva,/novatel/oem7/inspva,/novatel/oem7/inspva,39.663,-75.756,-1.801104858,0.012430047,-0.000050111,0.006308153,0.010710429,-0.000050111,,novatel_oem7_msgs.msg.InertialSolutionStatus(status=3),
1786043887946575745,1786043887.945548274,/novatel/oem7/fix,/novatel/oem7/fix,/novatel/oem7/inspva,39.663,-75.756,-1.801104858,0.012430047,-0.000050111,0.006308153,0.010710429,-0.000050111,,0,
1786043887947287928,1786043887.946153271,/novatel/oem7/odom,/novatel/oem7/fix,/novatel/oem7/odom,39.663,-75.756,-1.801104858,0.012430143,0.000011820,0.011040957,0.005710142,0.000011820,,,
1786043887956078161,1786043887.955566990,/novatel/oem7/odom,/novatel/oem7/fix,/novatel/oem7/odom,39.663,-75.756,-1.801104858,0.012430143,0.000011820,0.011040957,0.005710142,0.000011820,,,
1786043887967268246,1786043887.966599389,/novatel/oem7/inspva,/novatel/oem7/inspva,/novatel/oem7/inspva,39.663,-75.756,-1.801111092,0.012703729,-0.000233388,0.006417266,0.010963732,-0.000233388,,novatel_oem7_msgs.msg.InertialSolutionStatus(status=3),
1786043887968377264,1786043887.966908809,/novatel/oem7/fix,/novatel/oem7/fix,/novatel/oem7/inspva,39.663,-75.756,-1.801111092,0.012703729,-0.000233388,0.006417266,0.010963732,-0.000233388,,0,
1786043887969100871,1786043887.967626816,/novatel/oem7/odom,/novatel/oem7/fix,/novatel/oem7/odom,39.663,-75.756,-1.801111092,0.012704736,-0.000169986,0.011300677,0.005805601,-0.000169986,,,
1786043887975550462,1786043887.975064819,/novatel/oem7/odom,/novatel/oem7/fix,/novatel/oem7/odom,39.663,-75.756,-1.801111092,0.012704736,-0.000169986,0.011300677,0.005805601,-0.000169986,,,
1786043887985357194,1786043887.985066628,/novatel/oem7/inspva,/novatel/oem7/inspva,/novatel/oem7/inspva,39.663,-75.756,-1.801115878,0.012881515,-0.000171731,0.006552569,0.011090413,-0.000171731,,novatel_oem7_msgs.msg.InertialSolutionStatus(status=3),
1786043887986696857,1786043887.985244056,/novatel/oem7/fix,/novatel/oem7/fix,/novatel/oem7/inspva,39.663,-75.756,-1.801115878,0.012881515,-0.000171731,0.006552569,0.011090413,-0.000171731,,0,
1786043887987854499,1786043887.985606093,/novatel/oem7/odom,/novatel/oem7/fix,/novatel/oem7/odom,39.663,-75.756,-1.801115878,0.012882211,-0.000107505,0.011434324,0.005933598,-0.000107505,,,
1786043887996488367,1786043887.995478730,/novatel/oem7/odom,/novatel/oem7/fix,/novatel/oem7/odom,39.663,-75.756,-1.801115878,0.012882211,-0.000107505,0.011434324,0.005933598,-0.000107505,,,
1786043888009318008,1786043888.008612854,/novatel/oem7/inspva,/novatel/oem7/inspva,/novatel/oem7/inspva,39.663,-75.756,-1.801122172,0.013147345,-0.000181452,0.006326236,0.011525252,-0.000181452,,novatel_oem7_msgs.msg.InertialSolutionStatus(status=3),
1786043888011227718,1786043888.008831926,/novatel/oem7/fix,/novatel/oem7/fix,/novatel/oem7/inspva,39.663,-75.756,-1.801122172,0.013147345,-0.000181452,0.006326236,0.011525252,-0.000181452,,0,
1786043888013280686,1786043888.011607019,/novatel/oem7/odom,/novatel/oem7/fix,/novatel/oem7/odom,39.663,-75.756,-1.801122172,0.013148084,-0.000116212,0.011856163,0.005683617,-0.000116212,,,
1786043888016349330,1786043888.015512882,/novatel/oem7/odom,/novatel/oem7/fix,/novatel/oem7/odom,39.663,-75.756,-1.801122172,0.013148084,-0.000116212,0.011856163,0.005683617,-0.000116212,,,
1786043888025905988,1786043888.025025315,/novatel/oem7/bestpos,/novatel/oem7/bestpos,/novatel/oem7/odom,39.663,-75.756,33.181013584,0.013148084,-0.000116212,0.011856163,0.005683617,-0.000116212,,novatel_oem7_msgs.msg.SolutionStatus(status=0),novatel_oem7_msgs.msg.PositionOrVelocityType(type=53)
1786043888027656852,1786043888.026719343,/novatel/oem7/bestvel,/novatel/oem7/bestpos,/novatel/oem7/bestvel,39.663,-75.756,33.181013584,0.013069235,-0.000199312,,,,59.964221247,novatel_oem7_msgs.msg.SolutionStatus(status=0),novatel_oem7_msgs.msg.PositionOrVelocityType(type=53)
1786043888029533195,1786043888.027259638,/novatel/oem7/inspva,/novatel/oem7/inspva,/novatel/oem7/inspva,39.663,-75.756,-1.801130315,0.013281348,-0.000303653,0.006596034,0.011527642,-0.000303653,,novatel_oem7_msgs.msg.InertialSolutionStatus(status=3),
1786043888030491065,1786043888.027440923,/novatel/oem7/fix,/novatel/oem7/fix,/novatel/oem7/inspva,39.663,-75.756,-1.801130315,0.013281348,-0.000303653,0.006596034,0.011527642,-0.000303653,,0,
1786043888031760474,1786043888.027950092,/novatel/oem7/odom,/novatel/oem7/fix,/novatel/oem7/odom,39.663,-75.756,-1.801130315,0.013282698,-0.000237359,0.011873871,0.005953256,-0.000237359,,,
1786043888035879669,1786043888.034975547,/novatel/oem7/odom,/novatel/oem7/fix,/novatel/oem7/odom,39.663,-75.756,-1.801130315,0.013282698,-0.000237359,0.011873871,0.005953256,-0.000237359,,,
1786043888045970389,1786043888.045265565,/novatel/oem7/inspva,/novatel/oem7/inspva,/novatel/oem7/inspva,39.663,-75.756,-1.801124321,0.013078174,-0.000509081,0.006619317,0.011279329,-0.000509081,,novatel_oem7_msgs.msg.InertialSolutionStatus(status=3),
1786043888047912339,1786043888.045550711,/novatel/oem7/fix,/novatel/oem7/fix,/novatel/oem7/inspva,39.663,-75.756,-1.801124321,0.013078174,-0.000509081,0.006619317,0.011279329,-0.000509081,,0,
1786043888049360500,1786043888.046061004,/novatel/oem7/odom,/novatel/oem7/fix,/novatel/oem7/odom,39.663,-75.756,-1.801124321,0.013080548,-0.000443892,0.011628050,0.005990760,-0.000443892,,,
1786043888057373702,1786043888.056486910,/novatel/oem7/odom,/novatel/oem7/fix,/novatel/oem7/odom,39.663,-75.756,-1.801124321,0.013080548,-0.000443892,0.011628050,0.005990760,-0.000443892,,,
1786043888066165255,1786043888.065341183,/novatel/oem7/inspva,/novatel/oem7/inspva,/novatel/oem7/inspva,39.663,-75.756,-1.801108340,0.012988115,-0.000463938,0.006728144,0.011109600,-0.000463938,,novatel_oem7_msgs.msg.InertialSolutionStatus(status=3),
1786043888068054468,1786043888.065651086,/novatel/oem7/fix,/novatel/oem7/fix,/novatel/oem7/inspva,39.663,-75.756,-1.801108340,0.012988115,-0.000463938,0.006728144,0.011109600,-0.000463938,,0,
1786043888069465459,1786043888.065967147,/novatel/oem7/odom,/novatel/oem7/fix,/novatel/oem7/odom,39.663,-75.756,-1.801108340,0.012990264,-0.000399244,0.011464408,0.006108545,-0.000399244,,,
1786043888075369973,1786043888.074605952,/novatel/oem7/odom,/novatel/oem7/fix,/novatel/oem7/odom,39.663,-75.756,-1.801108340,0.012990264,-0.000399244,0.011464408,0.006108545,-0.000399244,,,
1786043888087603234,1786043888.086777096,/novatel/oem7/inspva,/novatel/oem7/inspva,/novatel/oem7/inspva,39.663,-75.756,-1.801094262,0.012954050,-0.000226759,0.006647547,0.011118342,-0.000226759,,novatel_oem7_msgs.msg.InertialSolutionStatus(status=3),
1786043888089366095,1786043888.087008288,/novatel/oem7/fix,/novatel/oem7/fix,/novatel/oem7/inspva,39.663,-75.756,-1.801094262,0.012954050,-0.000226759,0.006647547,0.011118342,-0.000226759,,0,
1786043888090933851,1786043888.087445238,/novatel/oem7/odom,/novatel/oem7/fix,/novatel/oem7/odom,39.663,-75.756,-1.801094262,0.012955018,-0.000162259,0.011467706,0.006026958,-0.000162259,,,
1786043888095757701,1786043888.095029120,/novatel/oem7/odom,/novatel/oem7/fix,/novatel/oem7/odom,39.663,-75.756,-1.801094262,0.012955018,-0.000162259,0.011467706,0.006026958,-0.000162259,,,
1786043888106587311,1786043888.106003425,/novatel/oem7/inspva,/novatel/oem7/inspva,/novatel/oem7/inspva,39.663,-75.756,-1.801076913,0.012746678,-0.000207755,0.006608924,0.010899537,-0.000207755,,novatel_oem7_msgs.msg.InertialSolutionStatus(status=3),
1786043888107915082,1786043888.106190414,/novatel/oem7/fix,/novatel/oem7/fix,/novatel/oem7/inspva,39.663,-75.756,-1.801076913,0.012746678,-0.000207755,0.006608924,0.010899537,-0.000207755,,0,
1786043888108961745,1786043888.106464882,/novatel/oem7/odom,/novatel/oem7/fix,/novatel/oem7/odom,39.663,-75.756,-1.801076913,0.012747553,-0.000144396,0.011247055,0.006000321,-0.000144396,,,
1786043888110442394,1786043888.109574098,/novatel/oem7/bestpos,/novatel/oem7/bestpos,/novatel/oem7/odom,39.663,-75.756,33.181202053,0.012747553,-0.000144396,0.011247055,0.006000321,-0.000144396,,novatel_oem7_msgs.msg.SolutionStatus(status=0),novatel_oem7_msgs.msg.PositionOrVelocityType(type=53)
1786043888111890375,1786043888.110325902,/novatel/oem7/bestvel,/novatel/oem7/bestpos,/novatel/oem7/bestvel,39.663,-75.756,33.181202053,0.012624260,-0.000005373,,,,60.820328875,novatel_oem7_msgs.msg.SolutionStatus(status=0),novatel_oem7_msgs.msg.PositionOrVelocityType(type=53)
1786043888116152146,1786043888.115511624,/novatel/oem7/odom,/novatel/oem7/bestpos,/novatel/oem7/odom,39.663,-75.756,33.181202053,0.012747553,-0.000144396,0.011247055,0.006000321,-0.000144396,,,
1786043888126015936,1786043888.125381516,/novatel/oem7/inspva,/novatel/oem7/inspva,/novatel/oem7/inspva,39.663,-75.756,-1.801065158,0.012712852,-0.000419377,0.006517732,0.010914933,-0.000419377,,novatel_oem7_msgs.msg.InertialSolutionStatus(status=3),
1786043888127406194,1786043888.125611465,/novatel/oem7/fix,/novatel/oem7/fix,/novatel/oem7/inspva,39.663,-75.756,-1.801065158,0.012712852,-0.000419377,0.006517732,0.010914933,-0.000419377,,0,
1786043888128578682,1786043888.126150608,/novatel/oem7/odom,/novatel/oem7/fix,/novatel/oem7/odom,39.663,-75.756,-1.801065158,0.012714774,-0.000356356,0.011258346,0.005908903,-0.000356356,,,
1786043888135662515,1786043888.134977041,/novatel/oem7/odom,/novatel/oem7/fix,/novatel/oem7/odom,39.663,-75.756,-1.801065158,0.012714774,-0.000356356,0.011258346,0.005908903,-0.000356356,,,
1786043888146823152,1786043888.146273146,/novatel/oem7/inspva,/novatel/oem7/inspva,/novatel/oem7/inspva,39.663,-75.756,-1.801044184,0.012553097,-0.000149649,0.006700706,0.010615120,-0.000149649,,novatel_oem7_msgs.msg.InertialSolutionStatus(status=3),
1786043888148153782,1786043888.146441785,/novatel/oem7/fix,/novatel/oem7/fix,/novatel/oem7/inspva,39.663,-75.756,-1.801044184,0.012553097,-0.000149649,0.006700706,0.010615120,-0.000149649,,0,
1786043888149245497,1786043888.146968916,/novatel/oem7/odom,/novatel/oem7/fix,/novatel/oem7/odom,39.663,-75.756,-1.801044184,0.012553686,-0.000087219,0.010967965,0.006107273,-0.000087219,,,
1786043888156889291,1786043888.156145968,/novatel/oem7/odom,/novatel/oem7/fix,/novatel/oem7/odom,39.663,-75.756,-1.801044184,0.012553686,-0.000087219,0.010967965,0.006107273,-0.000087219,,,
1786043888165902517,1786043888.165324594,/novatel/oem7/inspva,/novatel/oem7/inspva,/novatel/oem7/inspva,39.663,-75.756,-1.801033359,0.012457120,-0.000582766,0.006536698,0.010604311,-0.000582766,,novatel_oem7_msgs.msg.InertialSolutionStatus(status=3),
1786043888167309481,1786043888.165540543,/novatel/oem7/fix,/novatel/oem7/fix,/novatel/oem7/inspva,39.663,-75.756,-1.801033359,0.012457120,-0.000582766,0.006536698,0.010604311,-0.000582766,,0,
1786043888168394895,1786043888.166232817,/novatel/oem7/odom,/novatel/oem7/fix,/novatel/oem7/odom,39.663,-75.756,-1.801033359,0.012459857,-0.000520968,0.010949910,0.005945378,-0.000520968,,,
1786043888176196535,1786043888.175560409,/novatel/oem7/odom,/novatel/oem7/fix,/novatel/oem7/odom,39.663,-75.756,-1.801033359,0.012459857,-0.000520968,0.010949910,0.005945378,-0.000520968,,,
1786043888186329962,1786043888.185367668,/novatel/oem7/inspva,/novatel/oem7/inspva,/novatel/oem7/inspva,39.663,-75.756,-1.801012308,0.012226088,-0.000547151,0.006519898,0.010342541,-0.000547151,,novatel_oem7_msgs.msg.InertialSolutionStatus(status=3),
1786043888188660926,1786043888.185664475,/novatel/oem7/fix,/novatel/oem7/fix,/novatel/oem7/inspva,39.663,-75.756,-1.801012308,0.012226088,-0.000547151,0.006519898,0.010342541,-0.000547151,,0,
1786043888190192251,1786043888.186072802,/novatel/oem7/odom,/novatel/oem7/fix,/novatel/oem7/odom,39.663,-75.756,-1.801012308,0.012228651,-0.000486517,0.010687470,0.005942887,-0.000486517,,,
1786043888195312294,1786043888.194481524,/novatel/oem7/odom,/novatel/oem7/fix,/novatel/oem7/odom,39.663,-75.756,-1.801012308,0.012228651,-0.000486517,0.010687470,0.005942887,-0.000486517,,,
1786043888207240578,1786043888.206600375,/novatel/oem7/inspva,/novatel/oem7/inspva,/novatel/oem7/inspva,39.663,-75.756,-1.800996048,0.012355452,-0.000121239,0.006648301,0.010414283,-0.000121239,,novatel_oem7_msgs.msg.InertialSolutionStatus(status=3),
1786043888208658106,1786043888.206838071,/novatel/oem7/fix,/novatel/oem7/fix,/novatel/oem7/inspva,39.663,-75.756,-1.800996048,0.012355452,-0.000121239,0.006648301,0.010414283,-0.000121239,,0,
1786043888209756437,1786043888.207310291,/novatel/oem7/odom,/novatel/oem7/fix,/novatel/oem7/odom,39.663,-75.756,-1.800996048,0.012355902,-0.000059911,0.010764446,0.006065890,-0.000059911,,,
1786043888211320840,1786043888.209981060,/novatel/oem7/bestpos,/novatel/oem7/bestpos,/novatel/oem7/odom,39.663,-75.756,33.181276398,0.012355902,-0.000059911,0.010764446,0.006065890,-0.000059911,,novatel_oem7_msgs.msg.SolutionStatus(status=0),novatel_oem7_msgs.msg.PositionOrVelocityType(type=53)
1786043888212320343,1786043888.210343567,/novatel/oem7/bestvel,/novatel/oem7/bestpos,/novatel/oem7/bestvel,39.663,-75.756,33.181276398,0.012219383,-0.000096582,,,,55.696722829,novatel_oem7_msgs.msg.SolutionStatus(status=0),novatel_oem7_msgs.msg.PositionOrVelocityType(type=53)
1786043888216027681,1786043888.215278767,/novatel/oem7/odom,/novatel/oem7/bestpos,/novatel/oem7/odom,39.663,-75.756,33.181276398,0.012355902,-0.000059911,0.010764446,0.006065890,-0.000059911,,,
1786043888225981050,1786043888.225181915,/novatel/oem7/inspva,/novatel/oem7/inspva,/novatel/oem7/inspva,39.663,-75.756,-1.800978685,0.011854743,-0.000080542,0.006640516,0.009820309,-0.000080542,,novatel_oem7_msgs.msg.InertialSolutionStatus(status=3),
1786043888227699484,1786043888.225409644,/novatel/oem7/fix,/novatel/oem7/fix,/novatel/oem7/inspva,39.663,-75.756,-1.800978685,0.011854743,-0.000080542,0.006640516,0.009820309,-0.000080542,,0,
1786043888229044411,1786043888.225894822,/novatel/oem7/odom,/novatel/oem7/fix,/novatel/oem7/odom,39.663,-75.756,-1.800978685,0.011854997,-0.000021578,0.010170826,0.006090586,-0.000021578,,,
1786043888236506917,1786043888.235529680,/novatel/oem7/odom,/novatel/oem7/fix,/novatel/oem7/odom,39.663,-75.756,-1.800978685,0.011854997,-0.000021578,0.010170826,0.006090586,-0.000021578,,,
1786043888246040088,1786043888.245276104,/novatel/oem7/inspva,/novatel/oem7/inspva,/novatel/oem7/inspva,39.663,-75.756,-1.800971463,0.012023433,-0.000723360,0.006368445,0.010198326,-0.000723360,,novatel_oem7_msgs.msg.InertialSolutionStatus(status=3),
1786043888247830560,1786043888.245554123,/novatel/oem7/fix,/novatel/oem7/fix,/novatel/oem7/inspva,39.663,-75.756,-1.800971463,0.012023433,-0.000723360,0.006368445,0.010198326,-0.000723360,,0,
1786043888249268317,1786043888.246059079,/novatel/oem7/odom,/novatel/oem7/fix,/novatel/oem7/odom,39.663,-75.756,-1.800971463,0.012026868,-0.000663799,0.010535975,0.005799896,-0.000663799,,,
1786043888257105954,1786043888.256334173,/novatel/oem7/odom,/novatel/oem7/fix,/novatel/oem7/odom,39.663,-75.756,-1.800971463,0.012026868,-0.000663799,0.010535975,0.005799896,-0.000663799,,,
1786043888266963415,1786043888.265982668,/novatel/oem7/inspva,/novatel/oem7/inspva,/novatel/oem7/inspva,39.663,-75.756,-1.800952146,0.011535888,-0.000324929,0.006219556,0.009715648,-0.000324929,,novatel_oem7_msgs.msg.InertialSolutionStatus(status=3),
1786043888268948368,1786043888.266306268,/novatel/oem7/fix,/novatel/oem7/fix,/novatel/oem7/inspva,39.663,-75.756,-1.800952146,0.011535888,-0.000324929,0.006219556,0.009715648,-0.000324929,,0,
1786043888270496671,1786043888.266900987,/novatel/oem7/odom,/novatel/oem7/fix,/novatel/oem7/odom,39.663,-75.756,-1.800952146,0.011537357,-0.000267732,0.010044165,0.005676737,-0.000267732,,,
1786043888275744045,1786043888.274792005,/novatel/oem7/odom,/novatel/oem7/fix,/novatel/oem7/odom,39.663,-75.756,-1.800952146,0.011537357,-0.000267732,0.010044165,0.005676737,-0.000267732,,,
1786043888285939585,1786043888.285203934,/novatel/oem7/inspva,/novatel/oem7/inspva,/novatel/oem7/inspva,39.663,-75.756,-1.800943036,0.011422383,-0.000502226,0.006252301,0.009559265,-0.000502226,,novatel_oem7_msgs.msg.InertialSolutionStatus(status=3),
1786043888287793167,1786043888.285494814,/novatel/oem7/fix,/novatel/oem7/fix,/novatel/oem7/inspva,39.663,-75.756,-1.800943036,0.011422383,-0.000502226,0.006252301,0.009559265,-0.000502226,,0,
1786043888289181332,1786043888.286056306,/novatel/oem7/odom,/novatel/oem7/fix,/novatel/oem7/odom,39.663,-75.756,-1.800943036,0.011424733,-0.000445556,0.009890593,0.005718453,-0.000445556,,,
1786043888296668754,1786043888.295519133,/novatel/oem7/odom,/novatel/oem7/fix,/novatel/oem7/odom,39.663,-75.756,-1.800943036,0.011424733,-0.000445556,0.009890593,0.005718453,-0.000445556,,,
1786043888306622590,1786043888.305961023,/novatel/oem7/inspva,/novatel/oem7/inspva,/novatel/oem7/inspva,39.663,-75.756,-1.800925293,0.011148466,-0.000355045,0.006233758,0.009242756,-0.000355045,,novatel_oem7_msgs.msg.InertialSolutionStatus(status=3),
1786043888308038974,1786043888.306121291,/novatel/oem7/fix,/novatel/oem7/fix,/novatel/oem7/inspva,39.663,-75.756,-1.800925293,0.011148466,-0.000355045,0.006233758,0.009242756,-0.000355045,,0,
1786043888309133212,1786043888.306562585,/novatel/oem7/odom,/novatel/oem7/fix,/novatel/oem7/odom,39.663,-75.756,-1.800925293,0.011150091,-0.000299688,0.009572924,0.005716963,-0.000299688,,,
1786043888310690031,1786043888.308676317,/novatel/oem7/bestpos,/novatel/oem7/bestpos,/novatel/oem7/odom,39.663,-75.756,33.181337827,0.011150091,-0.000299688,0.009572924,0.005716963,-0.000299688,,novatel_oem7_msgs.msg.SolutionStatus(status=0),novatel_oem7_msgs.msg.PositionOrVelocityType(type=53)
1786043888311676514,1786043888.309248738,/novatel/oem7/bestvel,/novatel/oem7/bestpos,/novatel/oem7/bestvel,39.663,-75.756,33.181337827,0.011057936,-0.000287321,,,,55.996639948,novatel_oem7_msgs.msg.SolutionStatus(status=0),novatel_oem7_msgs.msg.PositionOrVelocityType(type=53)
1786043888315029772,1786043888.314361819,/novatel/oem7/odom,/novatel/oem7/bestpos,/novatel/oem7/odom,39.663,-75.756,33.181337827,0.011150091,-0.000299688,0.009572924,0.005716963,-0.000299688,,,
1786043888327226727,1786043888.326364917,/novatel/oem7/inspva,/novatel/oem7/inspva,/novatel/oem7/inspva,39.663,-75.756,-1.800910595,0.010632706,0.000035279,0.005958479,0.008806303,0.000035279,,novatel_oem7_msgs.msg.InertialSolutionStatus(status=3),
1786043888328581623,1786043888.326768412,/novatel/oem7/fix,/novatel/oem7/fix,/novatel/oem7/inspva,39.663,-75.756,-1.800910595,0.010632706,0.000035279,0.005958479,0.008806303,0.000035279,,0,
1786043888329324166,1786043888.327505346,/novatel/oem7/odom,/novatel/oem7/fix,/novatel/oem7/odom,39.663,-75.756,-1.800910595,0.010632401,0.000087913,0.009120364,0.005465063,0.000087913,,,
1786043888335060489,1786043888.334605418,/novatel/oem7/odom,/novatel/oem7/fix,/novatel/oem7/odom,39.663,-75.756,-1.800910595,0.010632401,0.000087913,0.009120364,0.005465063,0.000087913,,,
1786043888345342356,1786043888.344944544,/novatel/oem7/inspva,/novatel/oem7/inspva,/novatel/oem7/inspva,39.663,-75.756,-1.800891106,0.010782011,0.000152305,0.005960413,0.008984722,0.000152305,,novatel_oem7_msgs.msg.InertialSolutionStatus(status=3),
1786043888346053060,1786043888.345196366,/novatel/oem7/fix,/novatel/oem7/fix,/novatel/oem7/inspva,39.663,-75.756,-1.800891106,0.010782011,0.000152305,0.005960413,0.008984722,0.000152305,,0,
1786043888346568596,1786043888.345772302,/novatel/oem7/odom,/novatel/oem7/fix,/novatel/oem7/odom,39.663,-75.756,-1.800891106,0.010781127,0.000205568,0.009298158,0.005456826,0.000205568,,,
1786043888356403139,1786043888.355741197,/novatel/oem7/odom,/novatel/oem7/fix,/novatel/oem7/odom,39.663,-75.756,-1.800891106,0.010781127,0.000205568,0.009298158,0.005456826,0.000205568,,,
1786043888366157389,1786043888.365776483,/novatel/oem7/inspva,/novatel/oem7/inspva,/novatel/oem7/inspva,39.663,-75.756,-1.800877943,0.010531387,-0.000174799,0.005794851,0.008793738,-0.000174799,,novatel_oem7_msgs.msg.InertialSolutionStatus(status=3),
1786043888366792318,1786043888.366053093,/novatel/oem7/fix,/novatel/oem7/fix,/novatel/oem7/inspva,39.663,-75.756,-1.800877943,0.010531387,-0.000174799,0.005794851,0.008793738,-0.000174799,,0,
1786043888367261364,1786043888.366523144,/novatel/oem7/odom,/novatel/oem7/fix,/novatel/oem7/odom,39.663,-75.756,-1.800877943,0.010532122,-0.000122847,0.009099734,0.005302870,-0.000122847,,,
1786043888375227366,1786043888.374531169,/novatel/oem7/odom,/novatel/oem7/fix,/novatel/oem7/odom,39.663,-75.756,-1.800877943,0.010532122,-0.000122847,0.009099734,0.005302870,-0.000122847,,,
1786043888386525025,1786043888.385955192,/novatel/oem7/inspva,/novatel/oem7/inspva,/novatel/oem7/inspva,39.663,-75.756,-1.800857191,0.010190045,-0.000067530,0.005559688,0.008539724,-0.000067530,,novatel_oem7_msgs.msg.InertialSolutionStatus(status=3),
1786043888387848929,1786043888.386139007,/novatel/oem7/fix,/novatel/oem7/fix,/novatel/oem7/inspva,39.663,-75.756,-1.800857191,0.010190045,-0.000067530,0.005559688,0.008539724,-0.000067530,,0,
1786043888388902993,1786043888.386587222,/novatel/oem7/odom,/novatel/oem7/fix,/novatel/oem7/odom,39.663,-75.756,-1.800857191,0.010190254,-0.000017292,0.008832765,0.005081687,-0.000017292,,,
1786043888395208910,1786043888.394567020,/novatel/oem7/odom,/novatel/oem7/fix,/novatel/oem7/odom,39.663,-75.756,-1.800857191,0.010190254,-0.000017292,0.008832765,0.005081687,-0.000017292,,,
1786043888406808528,1786043888.406515532,/novatel/oem7/inspva,/novatel/oem7/inspva,/novatel/oem7/inspva,39.663,-75.756,-1.800840023,0.009905724,0.000106687,0.005564199,0.008195307,0.000106687,,novatel_oem7_msgs.msg.InertialSolutionStatus(status=3),
1786043888407443564,1786043888.406715327,/novatel/oem7/fix,/novatel/oem7/fix,/novatel/oem7/inspva,39.663,-75.756,-1.800840023,0.009905724,0.000106687,0.005564199,0.008195307,0.000106687,,0,
1786043888408153451,1786043888.407219963,/novatel/oem7/odom,/novatel/oem7/fix,/novatel/oem7/odom,39.663,-75.756,-1.800840023,0.009905078,0.000155454,0.008488467,0.005104558,0.000155454,,,
1786043888410257209,1786043888.409863620,/novatel/oem7/bestpos,/novatel/oem7/bestpos,/novatel/oem7/odom,39.663,-75.756,33.181435911,0.009905078,0.000155454,0.008488467,0.005104558,0.000155454,,novatel_oem7_msgs.msg.SolutionStatus(status=0),novatel_oem7_msgs.msg.PositionOrVelocityType(type=53)
1786043888410963665,1786043888.410372829,/novatel/oem7/bestvel,/novatel/oem7/bestpos,/novatel/oem7/bestvel,39.663,-75.756,33.181435911,0.009467987,0.000376842,,,,53.888755655,novatel_oem7_msgs.msg.SolutionStatus(status=0),novatel_oem7_msgs.msg.PositionOrVelocityType(type=53)
1786043888416097743,1786043888.415404886,/novatel/oem7/odom,/novatel/oem7/bestpos,/novatel/oem7/odom,39.663,-75.756,33.181435911,0.009905078,0.000155454,0.008488467,0.005104558,0.000155454,,,
1786043888425710985,1786043888.425199596,/novatel/oem7/inspva,/novatel/oem7/inspva,/novatel/oem7/inspva,39.663,-75.756,-1.800820721,0.009804733,0.000221525,0.005482398,0.008128722,0.000221525,,novatel_oem7_msgs.msg.InertialSolutionStatus(status=3),
1786043888427037279,1786043888.425373702,/novatel/oem7/fix,/novatel/oem7/fix,/novatel/oem7/inspva,39.663,-75.756,-1.800820721,0.009804733,0.000221525,0.005482398,0.008128722,0.000221525,,0,
1786043888428088603,1786043888.425848283,/novatel/oem7/odom,/novatel/oem7/fix,/novatel/oem7/odom,39.663,-75.756,-1.800820721,0.009803527,0.000269691,0.008417015,0.005026230,0.000269691,,,
1786043888434949103,1786043888.434301623,/novatel/oem7/odom,/novatel/oem7/fix,/novatel/oem7/odom,39.663,-75.756,-1.800820721,0.009803527,0.000269691,0.008417015,0.005026230,0.000269691,,,
1786043888446710506,1786043888.446180554,/novatel/oem7/inspva,/novatel/oem7/inspva,/novatel/oem7/inspva,39.663,-75.756,-1.800807918,0.009674863,-0.000234546,0.005482115,0.007971787,-0.000234546,,novatel_oem7_msgs.msg.InertialSolutionStatus(status=3),
1786043888448070346,1786043888.446352362,/novatel/oem7/fix,/novatel/oem7/fix,/novatel/oem7/inspva,39.663,-75.756,-1.800807918,0.009674863,-0.000234546,0.005482115,0.007971787,-0.000234546,,0,
1786043888449161454,1786043888.446985805,/novatel/oem7/odom,/novatel/oem7/fix,/novatel/oem7/odom,39.663,-75.756,-1.800807918,0.009675899,-0.000186975,0.008262164,0.005035838,-0.000186975,,,
1786043888457361678,1786043888.456701338,/novatel/oem7/odom,/novatel/oem7/fix,/novatel/oem7/odom,39.663,-75.756,-1.800807918,0.009675899,-0.000186975,0.008262164,0.005035838,-0.000186975,,,
1786043888465374340,1786043888.464879885,/novatel/oem7/inspva,/novatel/oem7/inspva,/novatel/oem7/inspva,39.663,-75.756,-1.800784459,0.009441053,0.000333265,0.005506029,0.007669232,0.000333265,,novatel_oem7_msgs.msg.InertialSolutionStatus(status=3),
1786043888466718920,1786043888.465052360,/novatel/oem7/fix,/novatel/oem7/fix,/novatel/oem7/inspva,39.663,-75.756,-1.800784459,0.009441053,0.000333265,0.005506029,0.007669232,0.000333265,,0,
1786043888467782138,1786043888.465457997,/novatel/oem7/odom,/novatel/oem7/fix,/novatel/oem7/odom,39.663,-75.756,-1.800784459,0.009439302,0.000379641,0.007959127,0.005074713,0.000379641,,,
1786043888476159870,1786043888.475500943,/novatel/oem7/odom,/novatel/oem7/fix,/novatel/oem7/odom,39.663,-75.756,-1.800784459,0.009439302,0.000379641,0.007959127,0.005074713,0.000379641,,,
1786043888487001334,1786043888.486504852,/novatel/oem7/inspva,/novatel/oem7/inspva,/novatel/oem7/inspva,39.663,-75.756,-1.800772548,0.009322232,-0.000118636,0.005235860,0.007712962,-0.000118636,,novatel_oem7_msgs.msg.InertialSolutionStatus(status=3),
1786043888488318754,1786043888.486653587,/novatel/oem7/fix,/novatel/oem7/fix,/novatel/oem7/inspva,39.663,-75.756,-1.800772548,0.009322232,-0.000118636,0.005235860,0.007712962,-0.000118636,,0,
1786043888489361538,1786043888.487039241,/novatel/oem7/odom,/novatel/oem7/fix,/novatel/oem7/odom,39.663,-75.756,-1.800772548,0.009322702,-0.000072880,0.007989759,0.004803803,-0.000072880,,,
1786043888495237005,1786043888.494600928,/novatel/oem7/odom,/novatel/oem7/fix,/novatel/oem7/odom,39.663,-75.756,-1.800772548,0.009322702,-0.000072880,0.007989759,0.004803803,-0.000072880,,,
1786043888506477313,1786043888.505924310,/novatel/oem7/inspva,/novatel/oem7/inspva,/novatel/oem7/inspva,39.663,-75.756,-1.800748612,0.009090830,0.000098439,0.004958926,0.007619203,0.000098439,,novatel_oem7_msgs.msg.InertialSolutionStatus(status=3),
1786043888507816436,1786043888.506125202,/novatel/oem7/fix,/novatel/oem7/fix,/novatel/oem7/inspva,39.663,-75.756,-1.800748612,0.009090830,0.000098439,0.004958926,0.007619203,0.000098439,,0,
1786043888508883307,1786043888.506526753,/novatel/oem7/odom,/novatel/oem7/fix,/novatel/oem7/odom,39.663,-75.756,-1.800748612,0.009090241,0.000142855,0.007880046,0.004531816,0.000142855,,,
1786043888511606508,1786043888.511012886,/novatel/oem7/bestpos,/novatel/oem7/bestpos,/novatel/oem7/odom,39.663,-75.756,33.181532490,0.009090241,0.000142855,0.007880046,0.004531816,0.000142855,,novatel_oem7_msgs.msg.SolutionStatus(status=0),novatel_oem7_msgs.msg.PositionOrVelocityType(type=53)
1786043888513034230,1786043888.511500351,/novatel/oem7/bestvel,/novatel/oem7/bestpos,/novatel/oem7/bestvel,39.663,-75.756,33.181532490,0.009067018,0.000102412,,,,56.521802842,novatel_oem7_msgs.msg.SolutionStatus(status=0),novatel_oem7_msgs.msg.PositionOrVelocityType(type=53)
1786043888515352910,1786043888.514608536,/novatel/oem7/odom,/novatel/oem7/bestpos,/novatel/oem7/odom,39.663,-75.756,33.181532490,0.009090241,0.000142855,0.007880046,0.004531816,0.000142855,,,
1786043888525851850,1786043888.525293635,/novatel/oem7/inspva,/novatel/oem7/inspva,/novatel/oem7/inspva,39.663,-75.756,-1.800730105,0.008585117,0.000426277,0.004792316,0.007123058,0.000426277,,novatel_oem7_msgs.msg.InertialSolutionStatus(status=3),
1786043888527209011,1786043888.525492894,/novatel/oem7/fix,/novatel/oem7/fix,/novatel/oem7/inspva,39.663,-75.756,-1.800730105,0.008585117,0.000426277,0.004792316,0.007123058,0.000426277,,0,
1786043888528291392,1786043888.526092373,/novatel/oem7/odom,/novatel/oem7/fix,/novatel/oem7/odom,39.663,-75.756,-1.800730105,0.008582936,0.000468156,0.007374165,0.004391865,0.000468156,,,
1786043888536312997,1786043888.535654670,/novatel/oem7/odom,/novatel/oem7/fix,/novatel/oem7/odom,39.663,-75.756,-1.800730105,0.008582936,0.000468156,0.007374165,0.004391865,0.000468156,,,
1786043888546835588,1786043888.546038236,/novatel/oem7/inspva,/novatel/oem7/inspva,/novatel/oem7/inspva,39.663,-75.756,-1.800711056,0.008469640,0.000321000,0.004581435,0.007123570,0.000321000,,novatel_oem7_msgs.msg.InertialSolutionStatus(status=3),
1786043888548770881,1786043888.546328852,/novatel/oem7/fix,/novatel/oem7/fix,/novatel/oem7/inspva,39.663,-75.756,-1.800711056,0.008469640,0.000321000,0.004581435,0.007123570,0.000321000,,0,
1786043888550191739,1786043888.546809667,/novatel/oem7/odom,/novatel/oem7/fix,/novatel/oem7/odom,39.663,-75.756,-1.800711056,0.008467973,0.000362312,0.007363512,0.004181538,0.000362312,,,
1786043888556530037,1786043888.555638794,/novatel/oem7/odom,/novatel/oem7/fix,/novatel/oem7/odom,39.663,-75.756,-1.800711056,0.008467973,0.000362312,0.007363512,0.004181538,0.000362312,,,
1786043888565587639,1786043888.564987680,/novatel/oem7/inspva,/novatel/oem7/inspva,/novatel/oem7/inspva,39.663,-75.756,-1.800698688,0.008432818,-0.000247112,0.004964466,0.006816634,-0.000247112,,novatel_oem7_msgs.msg.InertialSolutionStatus(status=3),
1786043888567054224,1786043888.565166839,/novatel/oem7/fix,/novatel/oem7/fix,/novatel/oem7/inspva,39.663,-75.756,-1.800698688,0.008432818,-0.000247112,0.004964466,0.006816634,-0.000247112,,0,
1786043888568197759,1786043888.565648963,/novatel/oem7/odom,/novatel/oem7/fix,/novatel/oem7/odom,39.663,-75.756,-1.800698688,0.008433926,-0.000205852,0.007080433,0.004582420,-0.000205852,,,
1786043888576155994,1786043888.575313252,/novatel/oem7/odom,/novatel/oem7/fix,/novatel/oem7/odom,39.663,-75.756,-1.800698688,0.008433926,-0.000205852,0.007080433,0.004582420,-0.000205852,,,
1786043888585888740,1786043888.585182479,/novatel/oem7/inspva,/novatel/oem7/inspva,/novatel/oem7/inspva,39.663,-75.756,-1.800676181,0.008331102,0.000117315,0.004733937,0.006855443,0.000117315,,novatel_oem7_msgs.msg.InertialSolutionStatus(status=3),
1786043888587452576,1786043888.585370445,/novatel/oem7/fix,/novatel/oem7/fix,/novatel/oem7/inspva,39.663,-75.756,-1.800676181,0.008331102,0.000117315,0.004733937,0.006855443,0.000117315,,0,
1786043888588573984,1786043888.585897956,/novatel/oem7/odom,/novatel/oem7/fix,/novatel/oem7/odom,39.663,-75.756,-1.800676181,0.008330430,0.000158009,0.007105045,0.004349068,0.000158009,,,
1786043888595121571,1786043888.594461888,/novatel/oem7/odom,/novatel/oem7/fix,/novatel/oem7/odom,39.663,-75.756,-1.800676181,0.008330430,0.000158009,0.007105045,0.004349068,0.000158009,,,
1786043888607196067,1786043888.606620928,/novatel/oem7/inspva,/novatel/oem7/inspva,/novatel/oem7/inspva,39.663,-75.756,-1.800658460,0.007820999,0.000353116,0.004481613,0.006409615,0.000353116,,novatel_oem7_msgs.msg.InertialSolutionStatus(status=3),
1786043888608592845,1786043888.606804990,/novatel/oem7/fix,/novatel/oem7/fix,/novatel/oem7/inspva,39.663,-75.756,-1.800658460,0.007820999,0.000353116,0.004481613,0.006409615,0.000353116,,0,
1786043888609686536,1786043888.607290792,/novatel/oem7/odom,/novatel/oem7/fix,/novatel/oem7/odom,39.663,-75.756,-1.800658460,0.007819182,0.000391288,0.006645011,0.004121096,0.000391288,,,
1786043888611220159,1786043888.610136244,/novatel/oem7/bestpos,/novatel/oem7/bestpos,/novatel/oem7/odom,39.663,-75.756,33.181620341,0.007819182,0.000391288,0.006645011,0.004121096,0.000391288,,novatel_oem7_msgs.msg.SolutionStatus(status=0),novatel_oem7_msgs.msg.PositionOrVelocityType(type=53)
1786043888612242959,1786043888.610522788,/novatel/oem7/bestvel,/novatel/oem7/bestpos,/novatel/oem7/bestvel,39.663,-75.756,33.181620341,0.007997664,0.000333288,,,,58.891030111,novatel_oem7_msgs.msg.SolutionStatus(status=0),novatel_oem7_msgs.msg.PositionOrVelocityType(type=53)
1786043888615274703,1786043888.614601609,/novatel/oem7/odom,/novatel/oem7/bestpos,/novatel/oem7/odom,39.663,-75.756,33.181620341,0.007819182,0.000391288,0.006645011,0.004121096,0.000391288,,,
1786043888625907475,1786043888.625224448,/novatel/oem7/inspva,/novatel/oem7/inspva,/novatel/oem7/inspva,39.663,-75.756,-1.800639592,0.007779559,0.000273235,0.004278616,0.006497306,0.000273235,,novatel_oem7_msgs.msg.InertialSolutionStatus(status=3),
1786043888627459971,1786043888.625443424,/novatel/oem7/fix,/novatel/oem7/fix,/novatel/oem7/inspva,39.663,-75.756,-1.800639592,0.007779559,0.000273235,0.004278616,0.006497306,0.000273235,,0,
1786043888628603099,1786043888.625911155,/novatel/oem7/odom,/novatel/oem7/fix,/novatel/oem7/odom,39.663,-75.756,-1.800639592,0.007778139,0.000311044,0.006721787,0.003913698,0.000311044,,,
1786043888635475592,1786043888.634759595,/novatel/oem7/odom,/novatel/oem7/fix,/novatel/oem7/odom,39.663,-75.756,-1.800639592,0.007778139,0.000311044,0.006721787,0.003913698,0.000311044,,,
1786043888645868245,1786043888.645210112,/novatel/oem7/inspva,/novatel/oem7/inspva,/novatel/oem7/inspva,39.663,-75.756,-1.800625033,0.007397527,-0.000016313,0.004220655,0.006075317,-0.000016313,,novatel_oem7_msgs.msg.InertialSolutionStatus(status=3),
1786043888647287300,1786043888.645405914,/novatel/oem7/fix,/novatel/oem7/fix,/novatel/oem7/inspva,39.663,-75.756,-1.800625033,0.007397527,-0.000016313,0.004220655,0.006075317,-0.000016313,,0,
1786043888648396988,1786043888.645935456,/novatel/oem7/odom,/novatel/oem7/fix,/novatel/oem7/odom,39.663,-75.756,-1.800625033,0.007397519,0.000019634,0.006298422,0.003879841,0.000019634,,,
1786043888656964899,1786043888.656283285,/novatel/oem7/odom,/novatel/oem7/fix,/novatel/oem7/odom,39.663,-75.756,-1.800625033,0.007397519,0.000019634,0.006298422,0.003879841,0.000019634,,,
1786043888666520653,1786043888.665970457,/novatel/oem7/inspva,/novatel/oem7/inspva,/novatel/oem7/inspva,39.663,-75.756,-1.800602837,0.007460237,0.000210582,0.004241037,0.006137486,0.000210582,,novatel_oem7_msgs.msg.InertialSolutionStatus(status=3),
1786043888667869380,1786043888.666148555,/novatel/oem7/fix,/novatel/oem7/fix,/novatel/oem7/inspva,39.663,-75.756,-1.800602837,0.007460237,0.000210582,0.004241037,0.006137486,0.000210582,,0,
1786043888668953324,1786043888.666605930,/novatel/oem7/odom,/novatel/oem7/fix,/novatel/oem7/odom,39.663,-75.756,-1.800602837,0.007459127,0.000246800,0.006360676,0.003896200,0.000246800,,,
1786043888675034686,1786043888.674373099,/novatel/oem7/odom,/novatel/oem7/fix,/novatel/oem7/odom,39.663,-75.756,-1.800602837,0.007459127,0.000246800,0.006360676,0.003896200,0.000246800,,,
1786043888685594308,1786043888.685042388,/novatel/oem7/inspva,/novatel/oem7/inspva,/novatel/oem7/inspva,39.663,-75.756,-1.800589364,0.007067009,-0.000158745,0.004344150,0.005574135,-0.000158745,,novatel_oem7_msgs.msg.InertialSolutionStatus(status=3),
1786043888686942645,1786043888.685193657,/novatel/oem7/fix,/novatel/oem7/fix,/novatel/oem7/inspva,39.663,-75.756,-1.800589364,0.007067009,-0.000158745,0.004344150,0.005574135,-0.000158745,,0,
1786043888688000102,1786043888.685590541,/novatel/oem7/odom,/novatel/oem7/fix,/novatel/oem7/odom,39.663,-75.756,-1.800589364,0.007067697,-0.000124415,0.005805331,0.004031188,-0.000124415,,,
1786043888696064148,1786043888.695391211,/novatel/oem7/odom,/novatel/oem7/fix,/novatel/oem7/odom,39.663,-75.756,-1.800589364,0.007067697,-0.000124415,0.005805331,0.004031188,-0.000124415,,,
1786043888706305449,1786043888.705793937,/novatel/oem7/inspva,/novatel/oem7/inspva,/novatel/oem7/inspva,39.663,-75.756,-1.800565219,0.007132941,0.000127033,0.004357549,0.005647178,0.000127033,,novatel_oem7_msgs.msg.InertialSolutionStatus(status=3),
1786043888707647146,1786043888.705965759,/novatel/oem7/fix,/novatel/oem7/fix,/novatel/oem7/inspva,39.663,-75.756,-1.800565219,0.007132941,0.000127033,0.004357549,0.005647178,0.000127033,,0,
1786043888708739720,1786043888.706415690,/novatel/oem7/odom,/novatel/oem7/fix,/novatel/oem7/odom,39.663,-75.756,-1.800565219,0.007132242,0.000161617,0.005877932,0.004039652,0.000161617,,,
1786043888710235529,1786043888.708708424,/novatel/oem7/bestpos,/novatel/oem7/bestpos,/novatel/oem7/odom,39.663,-75.756,33.181719344,0.007132242,0.000161617,0.005877932,0.004039652,0.000161617,,novatel_oem7_msgs.msg.SolutionStatus(status=0),novatel_oem7_msgs.msg.PositionOrVelocityType(type=53)
1786043888711181555,1786043888.709289986,/novatel/oem7/bestvel,/novatel/oem7/bestpos,/novatel/oem7/bestvel,39.663,-75.756,33.181719344,0.007036634,0.000150472,,,,49.193154456,novatel_oem7_msgs.msg.SolutionStatus(status=0),novatel_oem7_msgs.msg.PositionOrVelocityType(type=53)
1786043888715017374,1786043888.714364671,/novatel/oem7/odom,/novatel/oem7/bestpos,/novatel/oem7/odom,39.663,-75.756,33.181719344,0.007132242,0.000161617,0.005877932,0.004039652,0.000161617,,,
1786043888727002470,1786043888.726500968,/novatel/oem7/inspva,/novatel/oem7/inspva,/novatel/oem7/inspva,39.663,-75.756,-1.800545539,0.006900491,0.000481467,0.004042674,0.005592278,0.000481467,,novatel_oem7_msgs.msg.InertialSolutionStatus(status=3),
1786043888728330380,1786043888.726671453,/novatel/oem7/fix,/novatel/oem7/fix,/novatel/oem7/inspva,39.663,-75.756,-1.800545539,0.006900491,0.000481467,0.004042674,0.005592278,0.000481467,,0,
1786043888729392831,1786043888.727137595,/novatel/oem7/odom,/novatel/oem7/fix,/novatel/oem7/odom,39.663,-75.756,-1.800545539,0.006898076,0.000514918,0.005804366,0.003727304,0.000514918,,,
1786043888735116623,1786043888.734483020,/novatel/oem7/odom,/novatel/oem7/fix,/novatel/oem7/odom,39.663,-75.756,-1.800545539,0.006898076,0.000514918,0.005804366,0.003727304,0.000514918,,,
1786043888746876219,1786043888.745130492,/novatel/oem7/inspva,/novatel/oem7/inspva,/novatel/oem7/inspva,39.663,-75.756,-1.800525003,0.006761740,0.000153228,0.004021282,0.005436030,0.000153228,,novatel_oem7_msgs.msg.InertialSolutionStatus(status=3),
1786043888748263104,1786043888.745406691,/novatel/oem7/fix,/novatel/oem7/fix,/novatel/oem7/inspva,39.663,-75.756,-1.800525003,0.006761740,0.000153228,0.004021282,0.005436030,0.000153228,,0,
1786043888749709748,1786043888.746470842,/novatel/oem7/odom,/novatel/oem7/fix,/novatel/oem7/odom,39.663,-75.756,-1.800525003,0.006898082,0.000514843,0.005804402,0.003727257,0.000514843,,,
1786043888756972602,1786043888.756140141,/novatel/oem7/odom,/novatel/oem7/fix,/novatel/oem7/odom,39.663,-75.756,-1.800525003,0.006760919,0.000185946,0.005648525,0.003715400,0.000185946,,,
1786043888765958704,1786043888.765251387,/novatel/oem7/inspva,/novatel/oem7/inspva,/novatel/oem7/inspva,39.663,-75.756,-1.800506490,0.006861975,0.000229298,0.004127743,0.005481646,0.000229298,,novatel_oem7_msgs.msg.InertialSolutionStatus(status=3),
1786043888767829200,1786043888.765506386,/novatel/oem7/fix,/novatel/oem7/fix,/novatel/oem7/inspva,39.663,-75.756,-1.800506490,0.006861975,0.000229298,0.004127743,0.005481646,0.000229298,,0,
1786043888769222684,1786043888.766035319,/novatel/oem7/odom,/novatel/oem7/fix,/novatel/oem7/odom,39.663,-75.756,-1.800506490,0.006860788,0.000262432,0.005699594,0.003819037,0.000262432,,,
1786043888776333680,1786043888.774778461,/novatel/oem7/odom,/novatel/oem7/fix,/novatel/oem7/odom,39.663,-75.756,-1.800506490,0.006860788,0.000262432,0.005699594,0.003819037,0.000262432,,,
1786043888786801047,1786043888.786016839,/novatel/oem7/inspva,/novatel/oem7/inspva,/novatel/oem7/inspva,39.663,-75.756,-1.800485788,0.006440662,0.000114465,0.003842891,0.005168589,0.000114465,,novatel_oem7_msgs.msg.InertialSolutionStatus(status=3),
1786043888788378770,1786043888.786235585,/novatel/oem7/fix,/novatel/oem7/fix,/novatel/oem7/inspva,39.663,-75.756,-1.800485788,0.006440662,0.000114465,0.003842891,0.005168589,0.000114465,,0,
1786043888789551752,1786043888.786770500,/novatel/oem7/odom,/novatel/oem7/fix,/novatel/oem7/odom,39.663,-75.756,-1.800485788,0.006440037,0.000145449,0.005371809,0.003552146,0.000145449,,,
1786043888794977624,1786043888.794278037,/novatel/oem7/odom,/novatel/oem7/fix,/novatel/oem7/odom,39.663,-75.756,-1.800485788,0.006440037,0.000145449,0.005371809,0.003552146,0.000145449,,,
1786043888807382267,1786043888.806319340,/novatel/oem7/inspva,/novatel/oem7/inspva,/novatel/oem7/inspva,39.663,-75.756,-1.800468740,0.006553729,0.000209921,0.003997126,0.005193683,0.000209921,,novatel_oem7_msgs.msg.InertialSolutionStatus(status=3),
1786043888809459682,1786043888.806816975,/novatel/oem7/fix,/novatel/oem7/fix,/novatel/oem7/inspva,39.663,-75.756,-1.800468740,0.006553729,0.000209921,0.003997126,0.005193683,0.000209921,,0,
1786043888811039188,1786043888.807409854,/novatel/oem7/odom,/novatel/oem7/fix,/novatel/oem7/odom,39.663,-75.756,-1.800468740,0.006552643,0.000241438,0.005404982,0.003704497,0.000241438,,,
1786043888813060565,1786043888.810465265,/novatel/oem7/bestpos,/novatel/oem7/bestpos,/novatel/oem7/odom,39.663,-75.756,33.181825429,0.006552643,0.000241438,0.005404982,0.003704497,0.000241438,,novatel_oem7_msgs.msg.SolutionStatus(status=0),novatel_oem7_msgs.msg.PositionOrVelocityType(type=53)
1786043888814307331,1786043888.810953360,/novatel/oem7/bestvel,/novatel/oem7/bestpos,/novatel/oem7/bestvel,39.663,-75.756,33.181825429,0.006452183,0.000290192,,,,52.590509472,novatel_oem7_msgs.msg.SolutionStatus(status=0),novatel_oem7_msgs.msg.PositionOrVelocityType(type=53)
1786043888816896364,1786043888.815723762,/novatel/oem7/odom,/novatel/oem7/bestpos,/novatel/oem7/odom,39.663,-75.756,33.181825429,0.006552643,0.000241438,0.005404982,0.003704497,0.000241438,,,
1786043888825673624,1786043888.824984330,/novatel/oem7/inspva,/novatel/oem7/inspva,/novatel/oem7/inspva,39.663,-75.756,-1.800449592,0.006216811,0.000063119,0.003892566,0.004847337,0.000063119,,novatel_oem7_msgs.msg.InertialSolutionStatus(status=3),
1786043888827155426,1786043888.825237296,/novatel/oem7/fix,/novatel/oem7/fix,/novatel/oem7/inspva,39.663,-75.756,-1.800449592,0.006216811,0.000063119,0.003892566,0.004847337,0.000063119,,0,
1786043888829385935,1786043888.825691771,/novatel/oem7/odom,/novatel/oem7/fix,/novatel/oem7/odom,39.663,-75.756,-1.800449592,0.006216436,0.000092998,0.005053976,0.003619586,0.000092998,,,
1786043888835560725,1786043888.834627142,/novatel/oem7/odom,/novatel/oem7/fix,/novatel/oem7/odom,39.663,-75.756,-1.800449592,0.006216436,0.000092998,0.005053976,0.003619586,0.000092998,,,
1786043888847311018,1786043888.846511289,/novatel/oem7/inspva,/novatel/oem7/inspva,/novatel/oem7/inspva,39.663,-75.756,-1.800434826,0.006147095,0.000196025,0.003912036,0.004741598,0.000196025,,novatel_oem7_msgs.msg.InertialSolutionStatus(status=3),
1786043888849351215,1786043888.846729964,/novatel/oem7/fix,/novatel/oem7/fix,/novatel/oem7/inspva,39.663,-75.756,-1.800434826,0.006147095,0.000196025,0.003912036,0.004741598,0.000196025,,0,
1786043888850857801,1786043888.847344089,/novatel/oem7/odom,/novatel/oem7/fix,/novatel/oem7/odom,39.663,-75.756,-1.800434826,0.006146081,0.000225577,0.004948952,0.003644474,0.000225577,,,
1786043888857668544,1786043888.856754801,/novatel/oem7/odom,/novatel/oem7/fix,/novatel/oem7/odom,39.663,-75.756,-1.800434826,0.006146081,0.000225577,0.004948952,0.003644474,0.000225577,,,
1786043888865710946,1786043888.865056519,/novatel/oem7/inspva,/novatel/oem7/inspva,/novatel/oem7/inspva,39.663,-75.756,-1.800418316,0.005973426,0.000023369,0.003675761,0.004708567,0.000023369,,novatel_oem7_msgs.msg.InertialSolutionStatus(status=3),
1786043888867324536,1786043888.865255091,/novatel/oem7/fix,/novatel/oem7/fix,/novatel/oem7/inspva,39.663,-75.756,-1.800418316,0.005973426,0.000023369,0.003675761,0.004708567,0.000023369,,0,
1786043888868531495,1786043888.865751330,/novatel/oem7/odom,/novatel/oem7/fix,/novatel/oem7/odom,39.663,-75.756,-1.800418316,0.005973245,0.000052069,0.004903633,0.003410870,0.000052069,,,
1786043888876349465,1786043888.875660881,/novatel/oem7/odom,/novatel/oem7/fix,/novatel/oem7/odom,39.663,-75.756,-1.800418316,0.005973245,0.000052069,0.004903633,0.003410870,0.000052069,,,
1786043888885769046,1786043888.885320852,/novatel/oem7/inspva,/novatel/oem7/inspva,/novatel/oem7/inspva,39.663,-75.756,-1.800403408,0.005877212,0.000244965,0.003893751,0.004402309,0.000244965,,novatel_oem7_msgs.msg.InertialSolutionStatus(status=3),
1786043888886596429,1786043888.885603415,/novatel/oem7/fix,/novatel/oem7/fix,/novatel/oem7/inspva,39.663,-75.756,-1.800403408,0.005877212,0.000244965,0.003893751,0.004402309,0.000244965,,0,
1786043888887249936,1786043888.886143751,/novatel/oem7/odom,/novatel/oem7/fix,/novatel/oem7/odom,39.663,-75.756,-1.800403408,0.005875973,0.000273089,0.004608978,0.003644774,0.000273089,,,
1786043888895104651,1786043888.894745859,/novatel/oem7/odom,/novatel/oem7/fix,/novatel/oem7/odom,39.663,-75.756,-1.800403408,0.005875973,0.000273089,0.004608978,0.003644774,0.000273089,,,
1786043888906713962,1786043888.905983987,/novatel/oem7/inspva,/novatel/oem7/inspva,/novatel/oem7/inspva,39.663,-75.756,-1.800388062,0.005380961,-0.000067512,0.003351822,0.004209516,-0.000067512,,novatel_oem7_msgs.msg.InertialSolutionStatus(status=3),
1786043888907925028,1786043888.906220389,/novatel/oem7/fix,/novatel/oem7/fix,/novatel/oem7/inspva,39.663,-75.756,-1.800388062,0.005380961,-0.000067512,0.003351822,0.004209516,-0.000067512,,0,
1786043888908690926,1786043888.906862236,/novatel/oem7/odom,/novatel/oem7/fix,/novatel/oem7/odom,39.663,-75.756,-1.800388062,0.005381222,-0.000041734,0.004387874,0.003115142,-0.000041734,,,
1786043888913138114,1786043888.909538100,/novatel/oem7/bestpos,/novatel/oem7/bestpos,/novatel/oem7/odom,39.663,-75.756,33.181904720,0.005381222,-0.000041734,0.004387874,0.003115142,-0.000041734,,novatel_oem7_msgs.msg.SolutionStatus(status=0),novatel_oem7_msgs.msg.PositionOrVelocityType(type=53)
1786043888921671712,1786043888.910326498,/novatel/oem7/bestvel,/novatel/oem7/bestpos,/novatel/oem7/bestvel,39.663,-75.756,33.181904720,0.005270940,0.000065843,,,,54.812874086,novatel_oem7_msgs.msg.SolutionStatus(status=0),novatel_oem7_msgs.msg.PositionOrVelocityType(type=53)
1786043888926438010,1786043888.914346699,/novatel/oem7/odom,/novatel/oem7/bestpos,/novatel/oem7/odom,39.663,-75.756,33.181904720,0.005381222,-0.000041734,0.004387874,0.003115142,-0.000041734,,,
1786043888927964439,1786043888.924889616,/novatel/oem7/inspva,/novatel/oem7/inspva,/novatel/oem7/inspva,39.663,-75.756,-1.800371451,0.005630975,0.000363334,0.003720567,0.004226731,0.000363334,,novatel_oem7_msgs.msg.InertialSolutionStatus(status=3),
1786043888928605044,1786043888.925118936,/novatel/oem7/fix,/novatel/oem7/fix,/novatel/oem7/inspva,39.663,-75.756,-1.800371451,0.005630975,0.000363334,0.003720567,0.004226731,0.000363334,,0,
1786043888929111301,1786043888.925494581,/novatel/oem7/odom,/novatel/oem7/fix,/novatel/oem7/odom,39.663,-75.756,-1.800371451,0.005629171,0.000390284,0.004423695,0.003481163,0.000390284,,,
1786043888936066844,1786043888.935458034,/novatel/oem7/odom,/novatel/oem7/fix,/novatel/oem7/odom,39.663,-75.756,-1.800371451,0.005629171,0.000390284,0.004423695,0.003481163,0.000390284,,,
1786043888948711719,1786043888.945006578,/novatel/oem7/inspva,/novatel/oem7/inspva,/novatel/oem7/inspva,39.663,-75.756,-1.800355202,0.005129025,0.000242678,0.003498938,0.003750244,0.000242678,,novatel_oem7_msgs.msg.InertialSolutionStatus(status=3),
1786043888957824449,1786043888.945241481,/novatel/oem7/fix,/novatel/oem7/fix,/novatel/oem7/inspva,39.663,-75.756,-1.800355202,0.005129025,0.000242678,0.003498938,0.003750244,0.000242678,,0,
1786043888961173068,1786043888.945591019,/novatel/oem7/odom,/novatel/oem7/fix,/novatel/oem7/odom,39.663,-75.756,-1.800355202,0.005127809,0.000267155,0.003936215,0.003286432,0.000267155,,,
1786043888962578815,1786043888.955673564,/novatel/oem7/odom,/novatel/oem7/fix,/novatel/oem7/odom,39.663,-75.756,-1.800355202,0.005127809,0.000267155,0.003936215,0.003286432,0.000267155,,,
1786043888967071992,1786043888.966581332,/novatel/oem7/inspva,/novatel/oem7/inspva,/novatel/oem7/inspva,39.663,-75.756,-1.800345609,0.005367594,-0.000060291,0.003675878,0.003911391,-0.000060291,,novatel_oem7_msgs.msg.InertialSolutionStatus(status=3),
1786043888968383653,1786043888.966788038,/novatel/oem7/fix,/novatel/oem7/fix,/novatel/oem7/inspva,39.663,-75.756,-1.800345609,0.005367594,-0.000060291,0.003675878,0.003911391,-0.000060291,,0,
1786043888968911236,1786043888.967517805,/novatel/oem7/odom,/novatel/oem7/fix,/novatel/oem7/odom,39.663,-75.756,-1.800345609,0.005367820,-0.000034664,0.004108066,0.003455039,-0.000034664,,,
1786043888979296043,1786043888.974854443,/novatel/oem7/odom,/novatel/oem7/fix,/novatel/oem7/odom,39.663,-75.756,-1.800345609,0.005367820,-0.000034664,0.004108066,0.003455039,-0.000034664,,,
1786043888990435423,1786043888.985232022,/novatel/oem7/inspva,/novatel/oem7/inspva,/novatel/oem7/inspva,39.663,-75.756,-1.800328028,0.004535840,0.000269569,0.003156908,0.003256959,0.000269569,,novatel_oem7_msgs.msg.InertialSolutionStatus(status=3),
1786043888992276782,1786043888.985455571,/novatel/oem7/fix,/novatel/oem7/fix,/novatel/oem7/inspva,39.663,-75.756,-1.800328028,0.004535840,0.000269569,0.003156908,0.003256959,0.000269569,,0,
1786043888993441608,1786043888.986051897,/novatel/oem7/odom,/novatel/oem7/fix,/novatel/oem7/odom,39.663,-75.756,-1.800328028,0.004534507,0.000291134,0.003424796,0.002971957,0.000291134,,,
1786043888996399465,1786043888.995652912,/novatel/oem7/odom,/novatel/oem7/fix,/novatel/oem7/odom,39.663,-75.756,-1.800328028,0.004534507,0.000291134,0.003424796,0.002971957,0.000291134,,,
1786043889010690423,1786043889.010165454,/novatel/oem7/inspva,/novatel/oem7/inspva,/novatel/oem7/inspva,39.663,-75.756,-1.800319321,0.004930325,-0.000034165,0.003096741,0.003836444,-0.000034165,,novatel_oem7_msgs.msg.InertialSolutionStatus(status=3),
1786043889011310778,1786043889.010342242,/novatel/oem7/fix,/novatel/oem7/fix,/novatel/oem7/inspva,39.663,-75.756,-1.800319321,0.004930325,-0.000034165,0.003096741,0.003836444,-0.000034165,,0,
1786043889012117574,1786043889.011639545,/novatel/oem7/odom,/novatel/oem7/fix,/novatel/oem7/odom,39.663,-75.756,-1.800319321,0.004930432,-0.000010646,0.004001284,0.002880780,-0.000010646,,,
1786043889016750695,1786043889.015900989,/novatel/oem7/odom,/novatel/oem7/fix,/novatel/oem7/odom,39.663,-75.756,-1.800319321,0.004930432,-0.000010646,0.004001284,0.002880780,-0.000010646,,,
1786043889026047214,1786043889.025092253,/novatel/oem7/bestpos,/novatel/oem7/bestpos,/novatel/oem7/odom,39.663,-75.756,33.181970942,0.004930432,-0.000010646,0.004001284,0.002880780,-0.000010646,,novatel_oem7_msgs.msg.SolutionStatus(status=0),novatel_oem7_msgs.msg.PositionOrVelocityType(type=53)
1786043889027499860,1786043889.025681829,/novatel/oem7/bestvel,/novatel/oem7/bestpos,/novatel/oem7/bestvel,39.663,-75.756,33.181970942,0.004604783,0.000196216,,,,49.173220427,novatel_oem7_msgs.msg.SolutionStatus(status=0),novatel_oem7_msgs.msg.PositionOrVelocityType(type=53)
1786043889028496613,1786043889.027162767,/novatel/oem7/inspva,/novatel/oem7/inspva,/novatel/oem7/inspva,39.663,-75.756,-1.800299660,0.004293501,0.000266924,0.002912019,0.003155043,0.000266924,,novatel_oem7_msgs.msg.InertialSolutionStatus(status=3),
1786043889029413008,1786043889.027330649,/novatel/oem7/fix,/novatel/oem7/fix,/novatel/oem7/inspva,39.663,-75.756,-1.800299660,0.004293501,0.000266924,0.002912019,0.003155043,0.000266924,,0,
1786043889030172818,1786043889.027649369,/novatel/oem7/odom,/novatel/oem7/fix,/novatel/oem7/odom,39.663,-75.756,-1.800299660,0.004292185,0.000287301,0.003309574,0.002733053,0.000287301,,,
1786043889035146609,1786043889.034539915,/novatel/oem7/odom,/novatel/oem7/fix,/novatel/oem7/odom,39.663,-75.756,-1.800299660,0.004292185,0.000287301,0.003309574,0.002733053,0.000287301,,,
1786043889045678919,1786043889.045154328,/novatel/oem7/inspva,/novatel/oem7/inspva,/novatel/oem7/inspva,39.663,-75.756,-1.800300105,0.004541898,0.000178558,0.003033153,0.003380654,0.000178558,,novatel_oem7_msgs.msg.InertialSolutionStatus(status=3),
1786043889046696282,1786043889.045400460,/novatel/oem7/fix,/novatel/oem7/fix,/novatel/oem7/inspva,39.663,-75.756,-1.800300105,0.004541898,0.000178558,0.003033153,0.003380654,0.000178558,,0,
1786043889047621661,1786043889.046230425,/novatel/oem7/odom,/novatel/oem7/fix,/novatel/oem7/odom,39.663,-75.756,-1.800300105,0.004292186,0.000287300,0.003309581,0.002733044,0.000287300,,,
1786043889056905271,1786043889.056407596,/novatel/oem7/odom,/novatel/oem7/fix,/novatel/oem7/odom,39.663,-75.756,-1.800300105,0.004540998,0.000200139,0.003541868,0.002841802,0.000200139,,,
1786043889065985529,1786043889.065331367,/novatel/oem7/inspva,/novatel/oem7/inspva,/novatel/oem7/inspva,39.663,-75.756,-1.800307417,0.004322638,0.000429336,0.002969237,0.003141470,0.000429336,,novatel_oem7_msgs.msg.InertialSolutionStatus(status=3),
1786043889067010067,1786043889.065616183,/novatel/oem7/fix,/novatel/oem7/fix,/novatel/oem7/inspva,39.663,-75.756,-1.800307417,0.004322638,0.000429336,0.002969237,0.003141470,0.000429336,,0,
1786043889067743173,1786043889.066184512,/novatel/oem7/odom,/novatel/oem7/fix,/novatel/oem7/odom,39.663,-75.756,-1.800307417,0.004320557,0.000449801,0.003298563,0.002790465,0.000449801,,,
1786043889075241051,1786043889.074559389,/novatel/oem7/odom,/novatel/oem7/fix,/novatel/oem7/odom,39.663,-75.756,-1.800307417,0.004320557,0.000449801,0.003298563,0.002790465,0.000449801,,,
1786043889087320362,1786043889.086685208,/novatel/oem7/inspva,/novatel/oem7/inspva,/novatel/oem7/inspva,39.663,-75.756,-1.800313807,0.004669645,0.000343438,0.003265530,0.003337948,0.000343438,,novatel_oem7_msgs.msg.InertialSolutionStatus(status=3),
1786043889088434816,1786043889.086955751,/novatel/oem7/fix,/novatel/oem7/fix,/novatel/oem7/inspva,39.663,-75.756,-1.800313807,0.004669645,0.000343438,0.003265530,0.003337948,0.000343438,,0,
1786043889089146199,1786043889.087312743,/novatel/oem7/odom,/novatel/oem7/fix,/novatel/oem7/odom,39.663,-75.756,-1.800313807,0.004667966,0.000365552,0.003511400,0.003075707,0.000365552,,,
1786043889095951177,1786043889.095178063,/novatel/oem7/odom,/novatel/oem7/fix,/novatel/oem7/odom,39.663,-75.756,-1.800313807,0.004667966,0.000365552,0.003511400,0.003075707,0.000365552,,,
1786043889106751651,1786043889.106098353,/novatel/oem7/inspva,/novatel/oem7/inspva,/novatel/oem7/inspva,39.663,-75.756,-1.800322328,0.004608387,0.000378042,0.003179091,0.003336257,0.000378042,,novatel_oem7_msgs.msg.InertialSolutionStatus(status=3),
1786043889108091376,1786043889.106376653,/novatel/oem7/fix,/novatel/oem7/fix,/novatel/oem7/inspva,39.663,-75.756,-1.800322328,0.004608387,0.000378042,0.003179091,0.003336257,0.000378042,,0,
1786043889109003120,1786043889.106749409,/novatel/oem7/odom,/novatel/oem7/fix,/novatel/oem7/odom,39.663,-75.756,-1.800322328,0.004606548,0.000399833,0.003504812,0.002989411,0.000399833,,,
1786043889110112365,1786043889.109502288,/novatel/oem7/bestpos,/novatel/oem7/bestpos,/novatel/oem7/odom,39.663,-75.756,33.182019001,0.004606548,0.000399833,0.003504812,0.002989411,0.000399833,,novatel_oem7_msgs.msg.SolutionStatus(status=0),novatel_oem7_msgs.msg.PositionOrVelocityType(type=53)
1786043889111259675,1786043889.110223158,/novatel/oem7/bestvel,/novatel/oem7/bestpos,/novatel/oem7/bestvel,39.663,-75.756,33.182019001,0.004552766,0.000462037,,,,51.364835165,novatel_oem7_msgs.msg.SolutionStatus(status=0),novatel_oem7_msgs.msg.PositionOrVelocityType(type=53)
1786043889116195317,1786043889.115591555,/novatel/oem7/odom,/novatel/oem7/bestpos,/novatel/oem7/odom,39.663,-75.756,33.182019001,0.004606548,0.000399833,0.003504812,0.002989411,0.000399833,,,
1786043889126190069,1786043889.125521074,/novatel/oem7/inspva,/novatel/oem7/inspva,/novatel/oem7/inspva,39.663,-75.756,-1.800325751,0.004731607,0.000458578,0.002820039,0.003799405,0.000458578,,novatel_oem7_msgs.msg.InertialSolutionStatus(status=3),
1786043889127338667,1786043889.125756797,/novatel/oem7/fix,/novatel/oem7/fix,/novatel/oem7/inspva,39.663,-75.756,-1.800325751,0.004731607,0.000458578,0.002820039,0.003799405,0.000458578,,0,
1786043889128245325,1786043889.126442384,/novatel/oem7/odom,/novatel/oem7/fix,/novatel/oem7/odom,39.663,-75.756,-1.800325751,0.004729378,0.000481016,0.003947170,0.002605162,0.000481016,,,
1786043889135860576,1786043889.135060519,/novatel/oem7/odom,/novatel/oem7/fix,/novatel/oem7/odom,39.663,-75.756,-1.800325751,0.004729378,0.000481016,0.003947170,0.002605162,0.000481016,,,
1786043889146911835,1786043889.146251966,/novatel/oem7/inspva,/novatel/oem7/inspva,/novatel/oem7/inspva,39.663,-75.756,-1.800332147,0.004482244,0.000655460,0.002826007,0.003479109,0.000655460,,novatel_oem7_msgs.msg.InertialSolutionStatus(status=3),
1786043889148196564,1786043889.146573036,/novatel/oem7/fix,/novatel/oem7/fix,/novatel/oem7/inspva,39.663,-75.756,-1.800332147,0.004482244,0.000655460,0.002826007,0.003479109,0.000655460,,0,
1786043889149159296,1786043889.146961433,/novatel/oem7/odom,/novatel/oem7/fix,/novatel/oem7/odom,39.663,-75.756,-1.800332147,0.004479081,0.000676739,0.003626900,0.002628263,0.000676739,,,
1786043889156578346,1786043889.156044990,/novatel/oem7/odom,/novatel/oem7/fix,/novatel/oem7/odom,39.663,-75.756,-1.800332147,0.004479081,0.000676739,0.003626900,0.002628263,0.000676739,,,
1786043889166410439,1786043889.165339271,/novatel/oem7/inspva,/novatel/oem7/inspva,/novatel/oem7/inspva,39.663,-75.756,-1.800337340,0.004503524,0.000253651,0.002840132,0.003495050,0.000253651,,novatel_oem7_msgs.msg.InertialSolutionStatus(status=3),
1786043889168657251,1786043889.165730918,/novatel/oem7/fix,/novatel/oem7/fix,/novatel/oem7/inspva,39.663,-75.756,-1.800337340,0.004503524,0.000253651,0.002840132,0.003495050,0.000253651,,0,
1786043889170134630,1786043889.166179748,/novatel/oem7/odom,/novatel/oem7/fix,/novatel/oem7/odom,39.663,-75.756,-1.800337340,0.004502273,0.000274961,0.003645200,0.002642532,0.000274961,,,
1786043889176238296,1786043889.175459895,/novatel/oem7/odom,/novatel/oem7/fix,/novatel/oem7/odom,39.663,-75.756,-1.800337340,0.004502273,0.000274961,0.003645200,0.002642532,0.000274961,,,
1786043889185589104,1786043889.185009505,/novatel/oem7/inspva,/novatel/oem7/inspva,/novatel/oem7/inspva,39.663,-75.756,-1.800342111,0.004394372,0.000329315,0.002929628,0.003275329,0.000329315,,novatel_oem7_msgs.msg.InertialSolutionStatus(status=3),
1786043889186923518,1786043889.185190620,/novatel/oem7/fix,/novatel/oem7/fix,/novatel/oem7/inspva,39.663,-75.756,-1.800342111,0.004394372,0.000329315,0.002929628,0.003275329,0.000329315,,0,
1786043889188035269,1786043889.185473369,/novatel/oem7/odom,/novatel/oem7/fix,/novatel/oem7/odom,39.663,-75.756,-1.800342111,0.004392767,0.000350074,0.003430460,0.002743782,0.000350074,,,
1786043889195304367,1786043889.194516893,/novatel/oem7/odom,/novatel/oem7/fix,/novatel/oem7/odom,39.663,-75.756,-1.800342111,0.004392767,0.000350074,0.003430460,0.002743782,0.000350074,,,
1786043889206530425,1786043889.205935029,/novatel/oem7/inspva,/novatel/oem7/inspva,/novatel/oem7/inspva,39.663,-75.756,-1.800347291,0.004328014,0.000292137,0.002934751,0.003181029,0.000292137,,novatel_oem7_msgs.msg.InertialSolutionStatus(status=3),
1786043889207834231,1786043889.206130151,/novatel/oem7/fix,/novatel/oem7/fix,/novatel/oem7/inspva,39.663,-75.756,-1.800347291,0.004328014,0.000292137,0.002934751,0.003181029,0.000292137,,0,
1786043889208852172,1786043889.206903912,/novatel/oem7/odom,/novatel/oem7/fix,/novatel/oem7/odom,39.663,-75.756,-1.800347291,0.004326587,0.000312566,0.003336729,0.002754196,0.000312566,,,
1786043889210763398,1786043889.210112832,/novatel/oem7/bestpos,/novatel/oem7/bestpos,/novatel/oem7/odom,39.663,-75.756,33.181999620,0.004326587,0.000312566,0.003336729,0.002754196,0.000312566,,novatel_oem7_msgs.msg.SolutionStatus(status=0),novatel_oem7_msgs.msg.PositionOrVelocityType(type=53)
1786043889212140002,1786043889.210584656,/novatel/oem7/bestvel,/novatel/oem7/bestpos,/novatel/oem7/bestvel,39.663,-75.756,33.181999620,0.004368147,0.000279240,,,,49.708235978,novatel_oem7_msgs.msg.SolutionStatus(status=0),novatel_oem7_msgs.msg.PositionOrVelocityType(type=53)
1786043889215304061,1786043889.214677128,/novatel/oem7/odom,/novatel/oem7/bestpos,/novatel/oem7/odom,39.663,-75.756,33.181999620,0.004326587,0.000312566,0.003336729,0.002754196,0.000312566,,,
1786043889225621736,1786043889.224823575,/novatel/oem7/inspva,/novatel/oem7/inspva,/novatel/oem7/inspva,39.663,-75.756,-1.800354782,0.004513662,0.000294930,0.003177730,0.003205491,0.000294930,,novatel_oem7_msgs.msg.InertialSolutionStatus(status=3),
1786043889227184652,1786043889.225044430,/novatel/oem7/fix,/novatel/oem7/fix,/novatel/oem7/inspva,39.663,-75.756,-1.800354782,0.004513662,0.000294930,0.003177730,0.003205491,0.000294930,,0,
1786043889228316100,1786043889.225362128,/novatel/oem7/odom,/novatel/oem7/fix,/novatel/oem7/odom,39.663,-75.756,-1.800354782,0.004512229,0.000316093,0.003374541,0.002995444,0.000316093,,,
1786043889236581725,1786043889.235502298,/novatel/oem7/odom,/novatel/oem7/fix,/novatel/oem7/odom,39.663,-75.756,-1.800354782,0.004512229,0.000316093,0.003374541,0.002995444,0.000316093,,,
1786043889246135275,1786043889.245270944,/novatel/oem7/inspva,/novatel/oem7/inspva,/novatel/oem7/inspva,39.663,-75.756,-1.800357049,0.004296563,0.000334866,0.002544266,0.003462248,0.000334866,,novatel_oem7_msgs.msg.InertialSolutionStatus(status=3),
1786043889248050709,1786043889.245583374,/novatel/oem7/fix,/novatel/oem7/fix,/novatel/oem7/inspva,39.663,-75.756,-1.800357049,0.004296563,0.000334866,0.002544266,0.003462248,0.000334866,,0,
1786043889249688312,1786043889.246129239,/novatel/oem7/odom,/novatel/oem7/fix,/novatel/oem7/odom,39.663,-75.756,-1.800357049,0.004294934,0.000355143,0.003595846,0.002348691,0.000355143,,,
1786043889257159525,1786043889.256399690,/novatel/oem7/odom,/novatel/oem7/fix,/novatel/oem7/odom,39.663,-75.756,-1.800357049,0.004294934,0.000355143,0.003595846,0.002348691,0.000355143,,,
1786043889266978768,1786043889.266028985,/novatel/oem7/inspva,/novatel/oem7/inspva,/novatel/oem7/inspva,39.663,-75.756,-1.800362948,0.004306987,0.000524294,0.002941896,0.003145693,0.000524294,,novatel_oem7_msgs.msg.InertialSolutionStatus(status=3),
1786043889269099707,1786043889.266342522,/novatel/oem7/fix,/novatel/oem7/fix,/novatel/oem7/inspva,39.663,-75.756,-1.800362948,0.004306987,0.000524294,0.002941896,0.003145693,0.000524294,,0,
1786043889270709916,1786043889.266701799,/novatel/oem7/odom,/novatel/oem7/fix,/novatel/oem7/odom,39.663,-75.756,-1.800362948,0.004304476,0.000544521,0.003300964,0.002762635,0.000544521,,,
1786043889275472222,1786043889.274551742,/novatel/oem7/odom,/novatel/oem7/fix,/novatel/oem7/odom,39.663,-75.756,-1.800362948,0.004304476,0.000544521,0.003300964,0.002762635,0.000544521,,,
1786043889285760347,1786043889.285227861,/novatel/oem7/inspva,/novatel/oem7/inspva,/novatel/oem7/inspva,39.663,-75.756,-1.800370376,0.004130767,0.000072647,0.002686154,0.003138122,0.000072647,,novatel_oem7_msgs.msg.InertialSolutionStatus(status=3),
1786043889287102384,1786043889.285404083,/novatel/oem7/fix,/novatel/oem7/fix,/novatel/oem7/inspva,39.663,-75.756,-1.800370376,0.004130767,0.000072647,0.002686154,0.003138122,0.000072647,,0,
1786043889288272939,1786043889.285908403,/novatel/oem7/odom,/novatel/oem7/fix,/novatel/oem7/odom,39.663,-75.756,-1.800370376,0.004130379,0.000092068,0.003281065,0.002508913,0.000092068,,,
1786043889296964242,1786043889.295521030,/novatel/oem7/odom,/novatel/oem7/fix,/novatel/oem7/odom,39.663,-75.756,-1.800370376,0.004130379,0.000092068,0.003281065,0.002508913,0.000092068,,,
1786043889306708818,1786043889.306100925,/novatel/oem7/inspva,/novatel/oem7/inspva,/novatel/oem7/inspva,39.663,-75.756,-1.800376108,0.004331948,-0.000036005,0.002911028,0.003208067,-0.000036005,,novatel_oem7_msgs.msg.InertialSolutionStatus(status=3),
1786043889307709722,1786043889.306452791,/novatel/oem7/fix,/novatel/oem7/fix,/novatel/oem7/inspva,39.663,-75.756,-1.800376108,0.004331948,-0.000036005,0.002911028,0.003208067,-0.000036005,,0,
1786043889308325188,1786043889.306756556,/novatel/oem7/odom,/novatel/oem7/fix,/novatel/oem7/odom,39.663,-75.756,-1.800376108,0.004332069,-0.000015723,0.003363731,0.002729860,-0.000015723,,,
1786043889309782581,1786043889.309221549,/novatel/oem7/bestpos,/novatel/oem7/bestpos,/novatel/oem7/odom,39.663,-75.756,33.181991843,0.004332069,-0.000015723,0.003363731,0.002729860,-0.000015723,,novatel_oem7_msgs.msg.SolutionStatus(status=0),novatel_oem7_msgs.msg.PositionOrVelocityType(type=53)
1786043889310619214,1786043889.309972731,/novatel/oem7/bestvel,/novatel/oem7/bestpos,/novatel/oem7/bestvel,39.663,-75.756,33.181991843,0.004031791,0.000202793,,,,48.874721447,novatel_oem7_msgs.msg.SolutionStatus(status=0),novatel_oem7_msgs.msg.PositionOrVelocityType(type=53)
1786043889314777372,1786043889.314336332,/novatel/oem7/odom,/novatel/oem7/bestpos,/novatel/oem7/odom,39.663,-75.756,33.181991843,0.004332069,-0.000015723,0.003363731,0.002729860,-0.000015723,,,
1786043889327049559,1786043889.326364281,/novatel/oem7/inspva,/novatel/oem7/inspva,/novatel/oem7/inspva,39.663,-75.756,-1.800377402,0.004046508,0.000519512,0.002728498,0.002988231,0.000519512,,novatel_oem7_msgs.msg.InertialSolutionStatus(status=3),
1786043889328012491,1786043889.326632357,/novatel/oem7/fix,/novatel/oem7/fix,/novatel/oem7/inspva,39.663,-75.756,-1.800377402,0.004046508,0.000519512,0.002728498,0.002988231,0.000519512,,0,
1786043889328561326,1786043889.326936837,/novatel/oem7/odom,/novatel/oem7/fix,/novatel/oem7/odom,39.663,-75.756,-1.800377402,0.004044037,0.000538408,0.003132034,0.002558241,0.000538408,,,
1786043889335308565,1786043889.334755859,/novatel/oem7/odom,/novatel/oem7/fix,/novatel/oem7/odom,39.663,-75.756,-1.800377402,0.004044037,0.000538408,0.003132034,0.002558241,0.000538408,,,
1786043889345522161,1786043889.344913321,/novatel/oem7/inspva,/novatel/oem7/inspva,/novatel/oem7/inspva,39.663,-75.756,-1.800386586,0.004372923,0.000188979,0.002869631,0.003299647,0.000188979,,novatel_oem7_msgs.msg.InertialSolutionStatus(status=3),
1786043889346338862,1786043889.345224104,/novatel/oem7/fix,/novatel/oem7/fix,/novatel/oem7/inspva,39.663,-75.756,-1.800386586,0.004372923,0.000188979,0.002869631,0.003299647,0.000188979,,0,
1786043889346983952,1786043889.345695866,/novatel/oem7/odom,/novatel/oem7/fix,/novatel/oem7/odom,39.663,-75.756,-1.800386586,0.004371990,0.000209451,0.003452036,0.002682861,0.000209451,,,
1786043889355995131,1786043889.355583663,/novatel/oem7/odom,/novatel/oem7/fix,/novatel/oem7/odom,39.663,-75.756,-1.800386586,0.004371990,0.000209451,0.003452036,0.002682861,0.000209451,,,
1786043889366547451,1786043889.365648525,/novatel/oem7/inspva,/novatel/oem7/inspva,/novatel/oem7/inspva,39.663,-75.756,-1.800389160,0.004108219,0.000366512,0.002426591,0.003314984,0.000366512,,novatel_oem7_msgs.msg.InertialSolutionStatus(status=3),
1786043889367787324,1786043889.365989029,/novatel/oem7/fix,/novatel/oem7/fix,/novatel/oem7/inspva,39.663,-75.756,-1.800389160,0.004108219,0.000366512,0.002426591,0.003314984,0.000366512,,0,
1786043889368522916,1786043889.366678730,/novatel/oem7/odom,/novatel/oem7/fix,/novatel/oem7/odom,39.663,-75.756,-1.800389160,0.004106457,0.000385754,0.003442257,0.002239163,0.000385754,,,
1786043889375397787,1786043889.374962441,/novatel/oem7/odom,/novatel/oem7/fix,/novatel/oem7/odom,39.663,-75.756,-1.800389160,0.004106457,0.000385754,0.003442257,0.002239163,0.000385754,,,
1786043889386346497,1786043889.385900366,/novatel/oem7/inspva,/novatel/oem7/inspva,/novatel/oem7/inspva,39.663,-75.756,-1.800399468,0.004422171,0.000088999,0.002979980,0.003267310,0.000088999,,novatel_oem7_msgs.msg.InertialSolutionStatus(status=3),
1786043889387176099,1786043889.386114971,/novatel/oem7/fix,/novatel/oem7/fix,/novatel/oem7/inspva,39.663,-75.756,-1.800399468,0.004422171,0.000088999,0.002979980,0.003267310,0.000088999,,0,
1786043889387688544,1786043889.386430394,/novatel/oem7/odom,/novatel/oem7/fix,/novatel/oem7/odom,39.663,-75.756,-1.800399468,0.004421709,0.000109591,0.003426238,0.002795067,0.000109591,,,
1786043889396651139,1786043889.395564491,/novatel/oem7/odom,/novatel/oem7/fix,/novatel/oem7/odom,39.663,-75.756,-1.800399468,0.004421709,0.000109591,0.003426238,0.002795067,0.000109591,,,
1786043889407051413,1786043889.406446822,/novatel/oem7/inspva,/novatel/oem7/inspva,/novatel/oem7/inspva,39.663,-75.756,-1.800404936,0.004289735,0.000133945,0.002894733,0.003165809,0.000133945,,novatel_oem7_msgs.msg.InertialSolutionStatus(status=3),
1786043889407978329,1786043889.406587917,/novatel/oem7/fix,/novatel/oem7/fix,/novatel/oem7/inspva,39.663,-75.756,-1.800404936,0.004289735,0.000133945,0.002894733,0.003165809,0.000133945,,0,
1786043889408602121,1786043889.407091996,/novatel/oem7/odom,/novatel/oem7/fix,/novatel/oem7/odom,39.663,-75.756,-1.800404936,0.004289064,0.000153940,0.003320026,0.002715418,0.000153940,,,
1786043889410641907,1786043889.410120593,/novatel/oem7/bestpos,/novatel/oem7/bestpos,/novatel/oem7/odom,39.663,-75.756,33.181970084,0.004289064,0.000153940,0.003320026,0.002715418,0.000153940,,novatel_oem7_msgs.msg.SolutionStatus(status=0),novatel_oem7_msgs.msg.PositionOrVelocityType(type=53)
1786043889411525561,1786043889.410501977,/novatel/oem7/bestvel,/novatel/oem7/bestpos,/novatel/oem7/bestvel,39.663,-75.756,33.181970084,0.004380790,0.000071451,,,,48.644758232,novatel_oem7_msgs.msg.SolutionStatus(status=0),novatel_oem7_msgs.msg.PositionOrVelocityType(type=53)
1786043889415870383,1786043889.415448374,/novatel/oem7/odom,/novatel/oem7/bestpos,/novatel/oem7/odom,39.663,-75.756,33.181970084,0.004289064,0.000153940,0.003320026,0.002715418,0.000153940,,,
1786043889425594369,1786043889.425015211,/novatel/oem7/inspva,/novatel/oem7/inspva,/novatel/oem7/inspva,39.663,-75.756,-1.800417274,0.004599949,-0.000227824,0.003117612,0.003382310,-0.000227824,,novatel_oem7_msgs.msg.InertialSolutionStatus(status=3),
1786043889426490958,1786043889.425223100,/novatel/oem7/fix,/novatel/oem7/fix,/novatel/oem7/inspva,39.663,-75.756,-1.800417274,0.004599949,-0.000227824,0.003117612,0.003382310,-0.000227824,,0,
1786043889427003517,1786043889.425752256,/novatel/oem7/odom,/novatel/oem7/fix,/novatel/oem7/odom,39.663,-75.756,-1.800417274,0.004600960,-0.000206386,0.003549866,0.002926993,-0.000206386,,,
1786043889435922314,1786043889.435035434,/novatel/oem7/odom,/novatel/oem7/fix,/novatel/oem7/odom,39.663,-75.756,-1.800417274,0.004600960,-0.000206386,0.003549866,0.002926993,-0.000206386,,,
1786043889446925296,1786043889.446493514,/novatel/oem7/inspva,/novatel/oem7/inspva,/novatel/oem7/inspva,39.663,-75.756,-1.800420175,0.004228697,0.000299875,0.002892027,0.003085136,0.000299875,,novatel_oem7_msgs.msg.InertialSolutionStatus(status=3),
1786043889447834136,1786043889.446713683,/novatel/oem7/fix,/novatel/oem7/fix,/novatel/oem7/inspva,39.663,-75.756,-1.800420175,0.004228697,0.000299875,0.002892027,0.003085136,0.000299875,,0,
1786043889448531103,1786043889.447023843,/novatel/oem7/odom,/novatel/oem7/fix,/novatel/oem7/odom,39.663,-75.756,-1.800420175,0.004227255,0.000319566,0.003238677,0.002716736,0.000319566,,,
1786043889457204673,1786043889.456581584,/novatel/oem7/odom,/novatel/oem7/fix,/novatel/oem7/odom,39.663,-75.756,-1.800420175,0.004227255,0.000319566,0.003238677,0.002716736,0.000319566,,,
1786043889465591378,1786043889.464959546,/novatel/oem7/inspva,/novatel/oem7/inspva,/novatel/oem7/inspva,39.663,-75.756,-1.800433116,0.004692271,0.000200757,0.003195298,0.003436201,0.000200757,,novatel_oem7_msgs.msg.InertialSolutionStatus(status=3),
1786043889466596415,1786043889.465262636,/novatel/oem7/fix,/novatel/oem7/fix,/novatel/oem7/inspva,39.663,-75.756,-1.800433116,0.004692271,0.000200757,0.003195298,0.003436201,0.000200757,,0,
1786043889467328635,1786043889.465927713,/novatel/oem7/odom,/novatel/oem7/fix,/novatel/oem7/odom,39.663,-75.756,-1.800433116,0.004691285,0.000222601,0.003606346,0.003000404,0.000222601,,,
1786043889475899698,1786043889.475473126,/novatel/oem7/odom,/novatel/oem7/fix,/novatel/oem7/odom,39.663,-75.756,-1.800433116,0.004691285,0.000222601,0.003606346,0.003000404,0.000222601,,,
1786043889485801676,1786043889.485396285,/novatel/oem7/inspva,/novatel/oem7/inspva,/novatel/oem7/inspva,39.663,-75.756,-1.800442618,0.004268709,-0.000057555,0.002917960,0.003115667,-0.000057555,,novatel_oem7_msgs.msg.InertialSolutionStatus(status=3),
1786043889487170671,1786043889.485583657,/novatel/oem7/fix,/novatel/oem7/fix,/novatel/oem7/inspva,39.663,-75.756,-1.800442618,0.004268709,-0.000057555,0.002917960,0.003115667,-0.000057555,,0,
1786043889488113922,1786043889.486135408,/novatel/oem7/odom,/novatel/oem7/fix,/novatel/oem7/odom,39.663,-75.756,-1.800442618,0.004268931,-0.000037667,0.003272022,0.002741832,-0.000037667,,,
1786043889495506777,1786043889.494886945,/novatel/oem7/odom,/novatel/oem7/fix,/novatel/oem7/odom,39.663,-75.756,-1.800442618,0.004268931,-0.000037667,0.003272022,0.002741832,-0.000037667,,,
1786043889506521961,1786043889.506022638,/novatel/oem7/inspva,/novatel/oem7/inspva,/novatel/oem7/inspva,39.663,-75.756,-1.800454066,0.004548086,-0.000136305,0.003240881,0.003190890,-0.000136305,,novatel_oem7_msgs.msg.InertialSolutionStatus(status=3),
1786043889507345151,1786043889.506289251,/novatel/oem7/fix,/novatel/oem7/fix,/novatel/oem7/inspva,39.663,-75.756,-1.800454066,0.004548086,-0.000136305,0.003240881,0.003190890,-0.000136305,,0,
1786043889507973168,1786043889.506900524,/novatel/oem7/odom,/novatel/oem7/fix,/novatel/oem7/odom,39.663,-75.756,-1.800454066,0.004548668,-0.000115278,0.003365233,0.003060325,-0.000115278,,,
1786043889511736003,1786043889.511233438,/novatel/oem7/bestpos,/novatel/oem7/bestpos,/novatel/oem7/odom,39.663,-75.756,33.181920576,0.004548668,-0.000115278,0.003365233,0.003060325,-0.000115278,,novatel_oem7_msgs.msg.SolutionStatus(status=0),novatel_oem7_msgs.msg.PositionOrVelocityType(type=53)
1786043889512680661,1786043889.511756944,/novatel/oem7/bestvel,/novatel/oem7/bestpos,/novatel/oem7/bestvel,39.663,-75.756,33.181920576,0.004451879,-0.000067190,,,,40.216670735,novatel_oem7_msgs.msg.SolutionStatus(status=0),novatel_oem7_msgs.msg.PositionOrVelocityType(type=53)
1786043889515108649,1786043889.514640990,/novatel/oem7/odom,/novatel/oem7/bestpos,/novatel/oem7/odom,39.663,-75.756,33.181920576,0.004548668,-0.000115278,0.003365233,0.003060325,-0.000115278,,,
1786043889525896438,1786043889.525269792,/novatel/oem7/inspva,/novatel/oem7/inspva,/novatel/oem7/inspva,39.663,-75.756,-1.800462848,0.004511277,-0.000127894,0.003254356,0.003124226,-0.000127894,,novatel_oem7_msgs.msg.InertialSolutionStatus(status=3),
1786043889526787419,1786043889.525495171,/novatel/oem7/fix,/novatel/oem7/fix,/novatel/oem7/inspva,39.663,-75.756,-1.800462848,0.004511277,-0.000127894,0.003254356,0.003124226,-0.000127894,,0,
1786043889527343958,1786043889.526070710,/novatel/oem7/odom,/novatel/oem7/fix,/novatel/oem7/odom,39.663,-75.756,-1.800462848,0.004511820,-0.000107031,0.003299397,0.003077418,-0.000107031,,,
1786043889537218669,1786043889.536215533,/novatel/oem7/odom,/novatel/oem7/fix,/novatel/oem7/odom,39.663,-75.756,-1.800462848,0.004511820,-0.000107031,0.003299397,0.003077418,-0.000107031,,,
1786043889545827877,1786043889.545358174,/novatel/oem7/inspva,/novatel/oem7/inspva,/novatel/oem7/inspva,39.663,-75.756,-1.800475757,0.004732178,-0.000097147,0.003374239,0.003317833,-0.000097147,,novatel_oem7_msgs.msg.InertialSolutionStatus(status=3),
1786043889546608975,1786043889.545634580,/novatel/oem7/fix,/novatel/oem7/fix,/novatel/oem7/inspva,39.663,-75.756,-1.800475757,0.004732178,-0.000097147,0.003374239,0.003317833,-0.000097147,,0,
1786043889547316926,1786043889.545994290,/novatel/oem7/odom,/novatel/oem7/fix,/novatel/oem7/odom,39.663,-75.756,-1.800475757,0.004732575,-0.000075320,0.003499182,0.003186376,-0.000075320,,,
1786043889556502901,1786043889.555647732,/novatel/oem7/odom,/novatel/oem7/fix,/novatel/oem7/odom,39.663,-75.756,-1.800475757,0.004732575,-0.000075320,0.003499182,0.003186376,-0.000075320,,,
1786043889566940519,1786043889.566250290,/novatel/oem7/inspva,/novatel/oem7/inspva,/novatel/oem7/inspva,39.663,-75.756,-1.800485275,0.004555367,-0.000108645,0.003379993,0.003054016,-0.000108645,,novatel_oem7_msgs.msg.InertialSolutionStatus(status=3),
1786043889568028064,1786043889.566592337,/novatel/oem7/fix,/novatel/oem7/fix,/novatel/oem7/inspva,39.663,-75.756,-1.800485275,0.004555367,-0.000108645,0.003379993,0.003054016,-0.000108645,,0,
1786043889568705530,1786043889.567229687,/novatel/oem7/odom,/novatel/oem7/fix,/novatel/oem7/odom,39.663,-75.756,-1.800485275,0.004555817,-0.000087736,0.003236142,0.003206689,-0.000087736,,,
1786043889576407529,1786043889.575950872,/novatel/oem7/odom,/novatel/oem7/fix,/novatel/oem7/odom,39.663,-75.756,-1.800485275,0.004555817,-0.000087736,0.003236142,0.003206689,-0.000087736,,,
1786043889585295114,1786043889.585013322,/novatel/oem7/inspva,/novatel/oem7/inspva,/novatel/oem7/inspva,39.663,-75.756,-1.800498544,0.004604050,0.000042069,0.003405718,0.003098121,0.000042069,,novatel_oem7_msgs.msg.InertialSolutionStatus(status=3),
1786043889585879937,1786043889.585178413,/novatel/oem7/fix,/novatel/oem7/fix,/novatel/oem7/inspva,39.663,-75.756,-1.800498544,0.004604050,0.000042069,0.003405718,0.003098121,0.000042069,,0,
1786043889586828351,1786043889.585613565,/novatel/oem7/odom,/novatel/oem7/fix,/novatel/oem7/odom,39.663,-75.756,-1.800498544,0.004603808,0.000063222,0.003281025,0.003229538,0.000063222,,,
1786043889596629323,1786043889.595750994,/novatel/oem7/odom,/novatel/oem7/fix,/novatel/oem7/odom,39.663,-75.756,-1.800498544,0.004603808,0.000063222,0.003281025,0.003229538,0.000063222,,,
1786043889608230319,1786043889.607091255,/novatel/oem7/inspva,/novatel/oem7/inspva,/novatel/oem7/inspva,39.663,-75.756,-1.800514812,0.004646640,-0.000421867,0.003275602,0.003295709,-0.000421867,,novatel_oem7_msgs.msg.InertialSolutionStatus(status=3),
1786043889609892576,1786043889.608319973,/novatel/oem7/fix,/novatel/oem7/fix,/novatel/oem7/inspva,39.663,-75.756,-1.800514812,0.004646640,-0.000421867,0.003275602,0.003295709,-0.000421867,,0,
1786043889611835385,1786043889.609686993,/novatel/oem7/odom,/novatel/oem7/fix,/novatel/oem7/odom,39.663,-75.756,-1.800514812,0.004648542,-0.000400368,0.003472940,0.003089924,-0.000400368,,,
1786043889613679744,1786043889.611604097,/novatel/oem7/bestpos,/novatel/oem7/bestpos,/novatel/oem7/odom,39.663,-75.756,33.181858251,0.004648542,-0.000400368,0.003472940,0.003089924,-0.000400368,,novatel_oem7_msgs.msg.SolutionStatus(status=0),novatel_oem7_msgs.msg.PositionOrVelocityType(type=53)
1786043889614886590,1786043889.612527964,/novatel/oem7/bestvel,/novatel/oem7/bestpos,/novatel/oem7/bestvel,39.663,-75.756,33.181858251,0.004714822,-0.000469863,,,,46.139192159,novatel_oem7_msgs.msg.SolutionStatus(status=0),novatel_oem7_msgs.msg.PositionOrVelocityType(type=53)
1786043889616845410,1786043889.615371795,/novatel/oem7/odom,/novatel/oem7/bestpos,/novatel/oem7/odom,39.663,-75.756,33.181858251,0.004648542,-0.000400368,0.003472940,0.003089924,-0.000400368,,,
1786043889627024544,1786043889.626155483,/novatel/oem7/inspva,/novatel/oem7/inspva,/novatel/oem7/inspva,39.663,-75.756,-1.800528013,0.004557313,-0.000373292,0.003235359,0.003209604,-0.000373292,,novatel_oem7_msgs.msg.InertialSolutionStatus(status=3),
1786043889628623217,1786043889.626353174,/novatel/oem7/fix,/novatel/oem7/fix,/novatel/oem7/inspva,39.663,-75.756,-1.800528013,0.004557313,-0.000373292,0.003235359,0.003209604,-0.000373292,,0,
1786043889629940970,1786043889.626724874,/novatel/oem7/odom,/novatel/oem7/fix,/novatel/oem7/odom,39.663,-75.756,-1.800528013,0.004558990,-0.000352225,0.003384559,0.003054366,-0.000352225,,,
1786043889635769867,1786043889.634895941,/novatel/oem7/odom,/novatel/oem7/fix,/novatel/oem7/odom,39.663,-75.756,-1.800528013,0.004558990,-0.000352225,0.003384559,0.003054366,-0.000352225,,,
1786043889646005134,1786043889.645266026,/novatel/oem7/inspva,/novatel/oem7/inspva,/novatel/oem7/inspva,39.663,-75.756,-1.800535958,0.004539358,-0.000068768,0.003290352,0.003127196,-0.000068768,,novatel_oem7_msgs.msg.InertialSolutionStatus(status=3),
1786043889647790999,1786043889.645417084,/novatel/oem7/fix,/novatel/oem7/fix,/novatel/oem7/inspva,39.663,-75.756,-1.800535958,0.004539358,-0.000068768,0.003290352,0.003127196,-0.000068768,,0,
1786043889649185940,1786043889.645948387,/novatel/oem7/odom,/novatel/oem7/fix,/novatel/oem7/odom,39.663,-75.756,-1.800535958,0.004539626,-0.000047890,0.003304140,0.003113015,-0.000047890,,,
1786043889657247412,1786043889.656363470,/novatel/oem7/odom,/novatel/oem7/fix,/novatel/oem7/odom,39.663,-75.756,-1.800535958,0.004539626,-0.000047890,0.003304140,0.003113015,-0.000047890,,,
1786043889666565977,1786043889.665928984,/novatel/oem7/inspva,/novatel/oem7/inspva,/novatel/oem7/inspva,39.663,-75.756,-1.800548263,0.004521102,0.000116217,0.003212407,0.003181321,0.000116217,,novatel_oem7_msgs.msg.InertialSolutionStatus(status=3),
1786043889667906975,1786043889.666109542,/novatel/oem7/fix,/novatel/oem7/fix,/novatel/oem7/inspva,39.663,-75.756,-1.800548263,0.004521102,0.000116217,0.003212407,0.003181321,0.000116217,,0,
1786043889668940841,1786043889.666661065,/novatel/oem7/odom,/novatel/oem7/fix,/novatel/oem7/odom,39.663,-75.756,-1.800548263,0.004520519,0.000137029,0.003353166,0.003031727,0.000137029,,,
1786043889674939513,1786043889.674259286,/novatel/oem7/odom,/novatel/oem7/fix,/novatel/oem7/odom,39.663,-75.756,-1.800548263,0.004520519,0.000137029,0.003353166,0.003031727,0.000137029,,,
1786043889686795154,1786043889.686149991,/novatel/oem7/inspva,/novatel/oem7/inspva,/novatel/oem7/inspva,39.663,-75.756,-1.800560567,0.004559160,-0.000263401,0.003522022,0.002895047,-0.000263401,,novatel_oem7_msgs.msg.InertialSolutionStatus(status=3),
1786043889688259799,1786043889.686341396,/novatel/oem7/fix,/novatel/oem7/fix,/novatel/oem7/inspva,39.663,-75.756,-1.800560567,0.004559160,-0.000263401,0.003522022,0.002895047,-0.000263401,,0,
1786043889689334496,1786043889.686890981,/novatel/oem7/odom,/novatel/oem7/fix,/novatel/oem7/odom,39.663,-75.756,-1.800560567,0.004560305,-0.000242766,0.003085856,0.003357659,-0.000242766,,,
1786043889695544397,1786043889.694777739,/novatel/oem7/odom,/novatel/oem7/fix,/novatel/oem7/odom,39.663,-75.756,-1.800560567,0.004560305,-0.000242766,0.003085856,0.003357659,-0.000242766,,,
1786043889706346317,1786043889.705584976,/novatel/oem7/inspva,/novatel/oem7/inspva,/novatel/oem7/inspva,39.663,-75.756,-1.800570953,0.004320352,-0.000073077,0.003090811,0.003018664,-0.000073077,,novatel_oem7_msgs.msg.InertialSolutionStatus(status=3),
1786043889708030230,1786043889.705820988,/novatel/oem7/fix,/novatel/oem7/fix,/novatel/oem7/inspva,39.663,-75.756,-1.800570953,0.004320352,-0.000073077,0.003090811,0.003018664,-0.000073077,,0,
1786043889709481525,1786043889.706379060,/novatel/oem7/odom,/novatel/oem7/fix,/novatel/oem7/odom,39.663,-75.756,-1.800570953,0.004320643,-0.000053182,0.003184802,0.002919759,-0.000053182,,,
1786043889711339074,1786043889.709158726,/novatel/oem7/bestpos,/novatel/oem7/bestpos,/novatel/oem7/odom,39.663,-75.756,33.181803978,0.004320643,-0.000053182,0.003184802,0.002919759,-0.000053182,,novatel_oem7_msgs.msg.SolutionStatus(status=0),novatel_oem7_msgs.msg.PositionOrVelocityType(type=53)
1786043889712647538,1786043889.709507562,/novatel/oem7/bestvel,/novatel/oem7/bestpos,/novatel/oem7/bestvel,39.663,-75.756,33.181803978,0.004710254,-0.000370845,,,,45.385945373,novatel_oem7_msgs.msg.SolutionStatus(status=0),novatel_oem7_msgs.msg.PositionOrVelocityType(type=53)
1786043889716141303,1786043889.715430285,/novatel/oem7/odom,/novatel/oem7/bestpos,/novatel/oem7/odom,39.663,-75.756,33.181803978,0.004320643,-0.000053182,0.003184802,0.002919759,-0.000053182,,,
1786043889726213713,1786043889.725351344,/novatel/oem7/inspva,/novatel/oem7/inspva,/novatel/oem7/inspva,39.663,-75.756,-1.800581805,0.004359408,-0.000166965,0.003212060,0.002947390,-0.000166965,,novatel_oem7_msgs.msg.InertialSolutionStatus(status=3),
1786043889727894253,1786043889.725598087,/novatel/oem7/fix,/novatel/oem7/fix,/novatel/oem7/inspva,39.663,-75.756,-1.800581805,0.004359408,-0.000166965,0.003212060,0.002947390,-0.000166965,,0,
1786043889729099959,1786043889.726161266,/novatel/oem7/odom,/novatel/oem7/fix,/novatel/oem7/odom,39.663,-75.756,-1.800581805,0.004360125,-0.000147055,0.003120685,0.003044998,-0.000147055,,,
1786043889735556301,1786043889.734593085,/novatel/oem7/odom,/novatel/oem7/fix,/novatel/oem7/odom,39.663,-75.756,-1.800581805,0.004360125,-0.000147055,0.003120685,0.003044998,-0.000147055,,,
1786043889745903781,1786043889.745110493,/novatel/oem7/inspva,/novatel/oem7/inspva,/novatel/oem7/inspva,39.663,-75.756,-1.800595258,0.004252245,-0.000294794,0.002908282,0.003102174,-0.000294794,,novatel_oem7_msgs.msg.InertialSolutionStatus(status=3),
1786043889747678032,1786043889.745372822,/novatel/oem7/fix,/novatel/oem7/fix,/novatel/oem7/inspva,39.663,-75.756,-1.800595258,0.004252245,-0.000294794,0.002908282,0.003102174,-0.000294794,,0,
1786043889749103673,1786043889.745944777,/novatel/oem7/odom,/novatel/oem7/fix,/novatel/oem7/odom,39.663,-75.756,-1.800595258,0.004253562,-0.000275139,0.003258986,0.002733459,-0.000275139,,,
1786043889756586250,1786043889.755813940,/novatel/oem7/odom,/novatel/oem7/fix,/novatel/oem7/odom,39.663,-75.756,-1.800595258,0.004253562,-0.000275139,0.003258986,0.002733459,-0.000275139,,,
1786043889766305982,1786043889.765257082,/novatel/oem7/inspva,/novatel/oem7/inspva,/novatel/oem7/inspva,39.663,-75.756,-1.800601195,0.004174927,0.000117419,0.003059432,0.002840756,0.000117419,,novatel_oem7_msgs.msg.InertialSolutionStatus(status=3),
1786043889768339250,1786043889.765577568,/novatel/oem7/fix,/novatel/oem7/fix,/novatel/oem7/inspva,39.663,-75.756,-1.800601195,0.004174927,0.000117419,0.003059432,0.002840756,0.000117419,,0,
1786043889769775324,1786043889.766129523,/novatel/oem7/odom,/novatel/oem7/fix,/novatel/oem7/odom,39.663,-75.756,-1.800601195,0.004174347,0.000136486,0.003004720,0.002897729,0.000136486,,,
1786043889775655701,1786043889.774834760,/novatel/oem7/odom,/novatel/oem7/fix,/novatel/oem7/odom,39.663,-75.756,-1.800601195,0.004174347,0.000136486,0.003004720,0.002897729,0.000136486,,,
1786043889786639940,1786043889.785964343,/novatel/oem7/inspva,/novatel/oem7/inspva,/novatel/oem7/inspva,39.663,-75.756,-1.800614114,0.003977940,0.000071239,0.002723714,0.002899204,0.000071239,,novatel_oem7_msgs.msg.InertialSolutionStatus(status=3),
1786043889788085748,1786043889.786226462,/novatel/oem7/fix,/novatel/oem7/fix,/novatel/oem7/inspva,39.663,-75.756,-1.800614114,0.003977940,0.000071239,0.002723714,0.002899204,0.000071239,,0,
1786043889789148498,1786043889.786696037,/novatel/oem7/odom,/novatel/oem7/fix,/novatel/oem7/odom,39.663,-75.756,-1.800614114,0.003977568,0.000089626,0.003044741,0.002559413,0.000089626,,,
1786043889796203077,1786043889.795157867,/novatel/oem7/odom,/novatel/oem7/fix,/novatel/oem7/odom,39.663,-75.756,-1.800614114,0.003977568,0.000089626,0.003044741,0.002559413,0.000089626,,,
1786043889807511016,1786043889.806760768,/novatel/oem7/inspva,/novatel/oem7/inspva,/novatel/oem7/inspva,39.663,-75.756,-1.800626816,0.004496025,-0.000284213,0.003334712,0.003015615,-0.000284213,,novatel_oem7_msgs.msg.InertialSolutionStatus(status=3),
1786043889809228450,1786043889.806985861,/novatel/oem7/fix,/novatel/oem7/fix,/novatel/oem7/inspva,39.663,-75.756,-1.800626816,0.004496025,-0.000284213,0.003334712,0.003015615,-0.000284213,,0,
1786043889810580731,1786043889.807751438,/novatel/oem7/odom,/novatel/oem7/fix,/novatel/oem7/odom,39.663,-75.756,-1.800626816,0.004497273,-0.000263724,0.003196047,0.003163977,-0.000263724,,,
1786043889812355495,1786043889.809947448,/novatel/oem7/bestpos,/novatel/oem7/bestpos,/novatel/oem7/odom,39.663,-75.756,33.181755033,0.004497273,-0.000263724,0.003196047,0.003163977,-0.000263724,,novatel_oem7_msgs.msg.SolutionStatus(status=0),novatel_oem7_msgs.msg.PositionOrVelocityType(type=53)
1786043889813599065,1786043889.810370819,/novatel/oem7/bestvel,/novatel/oem7/bestpos,/novatel/oem7/bestvel,39.663,-75.756,33.181755033,0.004362413,-0.000130536,,,,51.106641500,novatel_oem7_msgs.msg.SolutionStatus(status=0),novatel_oem7_msgs.msg.PositionOrVelocityType(type=53)
1786043889815503074,1786043889.814602098,/novatel/oem7/odom,/novatel/oem7/bestpos,/novatel/oem7/odom,39.663,-75.756,33.181755033,0.004497273,-0.000263724,0.003196047,0.003163977,-0.000263724,,,
1786043889825818943,1786043889.824946648,/novatel/oem7/inspva,/novatel/oem7/inspva,/novatel/oem7/inspva,39.663,-75.756,-1.800638450,0.004180085,-0.000303578,0.003044982,0.002863773,-0.000303578,,novatel_oem7_msgs.msg.InertialSolutionStatus(status=3),
1786043889827358705,1786043889.825209413,/novatel/oem7/fix,/novatel/oem7/fix,/novatel/oem7/inspva,39.663,-75.756,-1.800638450,0.004180085,-0.000303578,0.003044982,0.002863773,-0.000303578,,0,
1786043889828511324,1786043889.825545510,/novatel/oem7/odom,/novatel/oem7/fix,/novatel/oem7/odom,39.663,-75.756,-1.800638450,0.004181432,-0.000284430,0.003028557,0.002883091,-0.000284430,,,
1786043889835308813,1786043889.834410361,/novatel/oem7/odom,/novatel/oem7/fix,/novatel/oem7/odom,39.663,-75.756,-1.800638450,0.004181432,-0.000284430,0.003028557,0.002883091,-0.000284430,,,
1786043889846109137,1786043889.845280368,/novatel/oem7/inspva,/novatel/oem7/inspva,/novatel/oem7/inspva,39.663,-75.756,-1.800646977,0.004472801,0.000046356,0.003108389,0.003216188,0.000046356,,novatel_oem7_msgs.msg.InertialSolutionStatus(status=3),
1786043889847918828,1786043889.845625349,/novatel/oem7/fix,/novatel/oem7/fix,/novatel/oem7/inspva,39.663,-75.756,-1.800646977,0.004472801,0.000046356,0.003108389,0.003216188,0.000046356,,0,
1786043889849325056,1786043889.846113707,/novatel/oem7/odom,/novatel/oem7/fix,/novatel/oem7/odom,39.663,-75.756,-1.800646977,0.004472540,0.000066945,0.003382579,0.002926051,0.000066945,,,
1786043889857720592,1786043889.856541513,/novatel/oem7/odom,/novatel/oem7/fix,/novatel/oem7/odom,39.663,-75.756,-1.800646977,0.004472540,0.000066945,0.003382579,0.002926051,0.000066945,,,
1786043889865607613,1786043889.864971573,/novatel/oem7/inspva,/novatel/oem7/inspva,/novatel/oem7/inspva,39.663,-75.756,-1.800661904,0.004214920,-0.000128857,0.003052435,0.002906577,-0.000128857,,novatel_oem7_msgs.msg.InertialSolutionStatus(status=3),
1786043889866949746,1786043889.865176218,/novatel/oem7/fix,/novatel/oem7/fix,/novatel/oem7/inspva,39.663,-75.756,-1.800661904,0.004214920,-0.000128857,0.003052435,0.002906577,-0.000128857,,0,
1786043889867966560,1786043889.865536005,/novatel/oem7/odom,/novatel/oem7/fix,/novatel/oem7/odom,39.663,-75.756,-1.800661904,0.004215465,-0.000109582,0.003071041,0.002887707,-0.000109582,,,
1786043889876032755,1786043889.875330868,/novatel/oem7/odom,/novatel/oem7/fix,/novatel/oem7/odom,39.663,-75.756,-1.800661904,0.004215465,-0.000109582,0.003071041,0.002887707,-0.000109582,,,
1786043889885719678,1786043889.885138498,/novatel/oem7/inspva,/novatel/oem7/inspva,/novatel/oem7/inspva,39.663,-75.756,-1.800672377,0.004576014,-0.000075837,0.003427702,0.003031627,-0.000075837,,novatel_oem7_msgs.msg.InertialSolutionStatus(status=3),
1786043889887078865,1786043889.885312574,/novatel/oem7/fix,/novatel/oem7/fix,/novatel/oem7/inspva,39.663,-75.756,-1.800672377,0.004576014,-0.000075837,0.003427702,0.003031627,-0.000075837,,0,
1786043889888163246,1786043889.885792575,/novatel/oem7/odom,/novatel/oem7/fix,/novatel/oem7/odom,39.663,-75.756,-1.800672377,0.004576311,-0.000055048,0.003216395,0.003255369,-0.000055048,,,
1786043889896263309,1786043889.895142183,/novatel/oem7/odom,/novatel/oem7/fix,/novatel/oem7/odom,39.663,-75.756,-1.800672377,0.004576311,-0.000055048,0.003216395,0.003255369,-0.000055048,,,
1786043889906797866,1786043889.905947091,/novatel/oem7/inspva,/novatel/oem7/inspva,/novatel/oem7/inspva,39.663,-75.756,-1.800689837,0.004233182,-0.000333367,0.003209715,0.002759992,-0.000333367,,novatel_oem7_msgs.msg.InertialSolutionStatus(status=3),
1786043889908485627,1786043889.906275414,/novatel/oem7/fix,/novatel/oem7/fix,/novatel/oem7/inspva,39.663,-75.756,-1.800689837,0.004233182,-0.000333367,0.003209715,0.002759992,-0.000333367,,0,
1786043889909850914,1786043889.906736009,/novatel/oem7/odom,/novatel/oem7/fix,/novatel/oem7/odom,39.663,-75.756,-1.800689837,0.004234649,-0.000314174,0.002934166,0.003053347,-0.000314174,,,
1786043889911920302,1786043889.909194898,/novatel/oem7/bestpos,/novatel/oem7/bestpos,/novatel/oem7/odom,39.663,-75.756,33.181687190,0.004234649,-0.000314174,0.002934166,0.003053347,-0.000314174,,novatel_oem7_msgs.msg.SolutionStatus(status=0),novatel_oem7_msgs.msg.PositionOrVelocityType(type=53)
1786043889913187588,1786043889.909884638,/novatel/oem7/bestvel,/novatel/oem7/bestpos,/novatel/oem7/bestvel,39.663,-75.756,33.181687190,0.004383752,-0.000443430,,,,37.551030464,novatel_oem7_msgs.msg.SolutionStatus(status=0),novatel_oem7_msgs.msg.PositionOrVelocityType(type=53)
1786043889915601059,1786043889.914349720,/novatel/oem7/odom,/novatel/oem7/bestpos,/novatel/oem7/odom,39.663,-75.756,33.181687190,0.004234649,-0.000314174,0.002934166,0.003053347,-0.000314174,,,
1786043889926320706,1786043889.925140410,/novatel/oem7/inspva,/novatel/oem7/inspva,/novatel/oem7/inspva,39.663,-75.756,-1.800700479,0.004427564,-0.000059961,0.003586287,0.002596511,-0.000059961,,novatel_oem7_msgs.msg.InertialSolutionStatus(status=3),
1786043889928370463,1786043889.925455867,/novatel/oem7/fix,/novatel/oem7/fix,/novatel/oem7/inspva,39.663,-75.756,-1.800700479,0.004427564,-0.000059961,0.003586287,0.002596511,-0.000059961,,0,
1786043889929838351,1786043889.926019876,/novatel/oem7/odom,/novatel/oem7/fix,/novatel/oem7/odom,39.663,-75.756,-1.800700479,0.004427787,-0.000040318,0.002790664,0.003437657,-0.000040318,,,
1786043889936709899,1786043889.935730809,/novatel/oem7/odom,/novatel/oem7/fix,/novatel/oem7/odom,39.663,-75.756,-1.800700479,0.004427787,-0.000040318,0.002790664,0.003437657,-0.000040318,,,
1786043889945815561,1786043889.945069197,/novatel/oem7/inspva,/novatel/oem7/inspva,/novatel/oem7/inspva,39.663,-75.756,-1.800718877,0.004269056,-0.000349691,0.003519894,0.002415613,-0.000349691,,novatel_oem7_msgs.msg.InertialSolutionStatus(status=3),
1786043889947654080,1786043889.945335450,/novatel/oem7/fix,/novatel/oem7/fix,/novatel/oem7/inspva,39.663,-75.756,-1.800718877,0.004269056,-0.000349691,0.003519894,0.002415613,-0.000349691,,0,
1786043889949181659,1786043889.946055690,/novatel/oem7/odom,/novatel/oem7/fix,/novatel/oem7/odom,39.663,-75.756,-1.800718877,0.004270552,-0.000330910,0.002607490,0.003382102,-0.000330910,,,
1786043889956606208,1786043889.955777196,/novatel/oem7/odom,/novatel/oem7/fix,/novatel/oem7/odom,39.663,-75.756,-1.800718877,0.004270552,-0.000330910,0.002607490,0.003382102,-0.000330910,,,
1786043889966636517,1786043889.965681694,/novatel/oem7/inspva,/novatel/oem7/inspva,/novatel/oem7/inspva,39.663,-75.756,-1.800725386,0.004179564,0.000280635,0.003311104,0.002550558,0.000280635,,novatel_oem7_msgs.msg.InertialSolutionStatus(status=3),
1786043889968693268,1786043889.965953990,/novatel/oem7/fix,/novatel/oem7/fix,/novatel/oem7/inspva,39.663,-75.756,-1.800725386,0.004179564,0.000280635,0.003311104,0.002550558,0.000280635,,0,
1786043889970146180,1786043889.966644210,/novatel/oem7/odom,/novatel/oem7/fix,/novatel/oem7/odom,39.663,-75.756,-1.800725386,0.004178275,0.000299218,0.002728282,0.003164563,0.000299218,,,
1786043889976135171,1786043889.975292756,/novatel/oem7/odom,/novatel/oem7/fix,/novatel/oem7/odom,39.663,-75.756,-1.800725386,0.004178275,0.000299218,0.002728282,0.003164563,0.000299218,,,
1786043889985605741,1786043889.985086312,/novatel/oem7/inspva,/novatel/oem7/inspva,/novatel/oem7/inspva,39.663,-75.756,-1.800743575,0.004286326,-0.000027326,0.003277143,0.002762774,-0.000027326,,novatel_oem7_msgs.msg.InertialSolutionStatus(status=3),
1786043889986934424,1786043889.985235444,/novatel/oem7/fix,/novatel/oem7/fix,/novatel/oem7/inspva,39.663,-75.756,-1.800743575,0.004286326,-0.000027326,0.003277143,0.002762774,-0.000027326,,0,
1786043889988082596,1786043889.985662094,/novatel/oem7/odom,/novatel/oem7/fix,/novatel/oem7/odom,39.663,-75.756,-1.800743575,0.004286405,-0.000008060,0.002939492,0.003119720,-0.000008060,,,
1786043889996690251,1786043889.995667464,/novatel/oem7/odom,/novatel/oem7/fix,/novatel/oem7/odom,39.663,-75.756,-1.800743575,0.004286405,-0.000008060,0.002939492,0.003119720,-0.000008060,,,
1786043890010937959,1786043890.010178205,/novatel/oem7/inspva,/novatel/oem7/inspva,/novatel/oem7/inspva,39.663,-75.756,-1.800757708,0.004181629,-0.000329497,0.003323700,0.002537526,-0.000329497,,novatel_oem7_msgs.msg.InertialSolutionStatus(status=3),
1786043890012688954,1786043890.010452394,/novatel/oem7/fix,/novatel/oem7/fix,/novatel/oem7/inspva,39.663,-75.756,-1.800757708,0.004181629,-0.000329497,0.003323700,0.002537526,-0.000329497,,0,
1786043890014007448,1786043890.011560339,/novatel/oem7/odom,/novatel/oem7/fix,/novatel/oem7/odom,39.663,-75.756,-1.800757708,0.004183051,-0.000310931,0.002718304,0.003179424,-0.000310931,,,
1786043890016760689,1786043890.015974304,/novatel/oem7/odom,/novatel/oem7/fix,/novatel/oem7/odom,39.663,-75.756,-1.800757708,0.004183051,-0.000310931,0.002718304,0.003179424,-0.000310931,,,
1786043890026552779,1786043890.025628772,/novatel/oem7/bestpos,/novatel/oem7/bestpos,/novatel/oem7/odom,39.663,-75.756,33.181633639,0.004183051,-0.000310931,0.002718304,0.003179424,-0.000310931,,novatel_oem7_msgs.msg.SolutionStatus(status=0),novatel_oem7_msgs.msg.PositionOrVelocityType(type=53)
1786043890028710594,1786043890.026949536,/novatel/oem7/bestvel,/novatel/oem7/bestpos,/novatel/oem7/bestvel,39.663,-75.756,33.181633639,0.004182630,-0.000333274,,,,38.256376051,novatel_oem7_msgs.msg.SolutionStatus(status=0),novatel_oem7_msgs.msg.PositionOrVelocityType(type=53)
1786043890029721198,1786043890.027402627,/novatel/oem7/inspva,/novatel/oem7/inspva,/novatel/oem7/inspva,39.663,-75.756,-1.800773109,0.004367418,-0.000275504,0.003391524,0.002751709,-0.000275504,,novatel_oem7_msgs.msg.InertialSolutionStatus(status=3),
1786043890030582230,1786043890.027693594,/novatel/oem7/fix,/novatel/oem7/fix,/novatel/oem7/inspva,39.663,-75.756,-1.800773109,0.004367418,-0.000275504,0.003391524,0.002751709,-0.000275504,,0,
1786043890032547570,1786043890.028286040,/novatel/oem7/odom,/novatel/oem7/fix,/novatel/oem7/odom,39.663,-75.756,-1.800773109,0.004368605,-0.000255997,0.002935679,0.003235197,-0.000255997,,,
1786043890035284071,1786043890.034438061,/novatel/oem7/odom,/novatel/oem7/fix,/novatel/oem7/odom,39.663,-75.756,-1.800773109,0.004368605,-0.000255997,0.002935679,0.003235197,-0.000255997,,,
1786043890045969720,1786043890.045166899,/novatel/oem7/inspva,/novatel/oem7/inspva,/novatel/oem7/inspva,39.663,-75.756,-1.800777441,0.004056450,-0.000013789,0.003198410,0.002494986,-0.000013789,,novatel_oem7_msgs.msg.InertialSolutionStatus(status=3),
1786043890047691145,1786043890.045400738,/novatel/oem7/fix,/novatel/oem7/fix,/novatel/oem7/inspva,39.663,-75.756,-1.800777441,0.004056450,-0.000013789,0.003198410,0.002494986,-0.000013789,,0,
1786043890049060609,1786043890.045892146,/novatel/oem7/odom,/novatel/oem7/fix,/novatel/oem7/odom,39.663,-75.756,-1.800777441,0.004056471,0.000004212,0.002667715,0.003055856,0.000004212,,,
1786043890057700767,1786043890.056736969,/novatel/oem7/odom,/novatel/oem7/fix,/novatel/oem7/odom,39.663,-75.756,-1.800777441,0.004056471,0.000004212,0.002667715,0.003055856,0.000004212,,,
1786043890066136296,1786043890.065216927,/novatel/oem7/inspva,/novatel/oem7/inspva,/novatel/oem7/inspva,39.663,-75.756,-1.800782420,0.004310816,0.000010367,0.003414943,0.002630837,0.000010367,,novatel_oem7_msgs.msg.InertialSolutionStatus(status=3),
1786043890067939758,1786043890.065462593,/novatel/oem7/fix,/novatel/oem7/fix,/novatel/oem7/inspva,39.663,-75.756,-1.800782420,0.004310816,0.000010367,0.003414943,0.002630837,0.000010367,,0,
1786043890069240945,1786043890.065971331,/novatel/oem7/odom,/novatel/oem7/fix,/novatel/oem7/odom,39.663,-75.756,-1.800782420,0.004310728,0.000029437,0.002815186,0.003264522,0.000029437,,,
1786043890075242173,1786043890.074434515,/novatel/oem7/odom,/novatel/oem7/fix,/novatel/oem7/odom,39.663,-75.756,-1.800782420,0.004310728,0.000029437,0.002815186,0.003264522,0.000029437,,,
1786043890086662159,1786043890.085905325,/novatel/oem7/inspva,/novatel/oem7/inspva,/novatel/oem7/inspva,39.663,-75.756,-1.800788287,0.004343904,-0.000266363,0.003131407,0.003010613,-0.000266363,,novatel_oem7_msgs.msg.InertialSolutionStatus(status=3),
1786043890088688160,1786043890.086089063,/novatel/oem7/fix,/novatel/oem7/fix,/novatel/oem7/inspva,39.663,-75.756,-1.800788287,0.004343904,-0.000266363,0.003131407,0.003010613,-0.000266363,,0,
1786043890090119815,1786043890.086597005,/novatel/oem7/odom,/novatel/oem7/fix,/novatel/oem7/odom,39.663,-75.756,-1.800788287,0.004345069,-0.000246624,0.003179813,0.002961152,-0.000246624,,,
1786043890095592761,1786043890.094814586,/novatel/oem7/odom,/novatel/oem7/fix,/novatel/oem7/odom,39.663,-75.756,-1.800788287,0.004345069,-0.000246624,0.003179813,0.002961152,-0.000246624,,,
1786043890106524335,1786043890.105906916,/novatel/oem7/inspva,/novatel/oem7/inspva,/novatel/oem7/inspva,39.663,-75.756,-1.800790478,0.004641729,-0.000095563,0.003488998,0.003061461,-0.000095563,,novatel_oem7_msgs.msg.InertialSolutionStatus(status=3),
1786043890107853566,1786043890.106076094,/novatel/oem7/fix,/novatel/oem7/fix,/novatel/oem7/inspva,39.663,-75.756,-1.800790478,0.004641729,-0.000095563,0.003488998,0.003061461,-0.000095563,,0,
1786043890108876662,1786043890.106509572,/novatel/oem7/odom,/novatel/oem7/fix,/novatel/oem7/odom,39.663,-75.756,-1.800790478,0.004642112,-0.000074721,0.003249629,0.003314983,-0.000074721,,,
1786043890110841212,1786043890.109895793,/novatel/oem7/bestpos,/novatel/oem7/bestpos,/novatel/oem7/odom,39.663,-75.756,33.181652270,0.004642112,-0.000074721,0.003249629,0.003314983,-0.000074721,,novatel_oem7_msgs.msg.SolutionStatus(status=0),novatel_oem7_msgs.msg.PositionOrVelocityType(type=53)
1786043890112215476,1786043890.110489343,/novatel/oem7/bestvel,/novatel/oem7/bestpos,/novatel/oem7/bestvel,39.663,-75.756,33.181652270,0.004220867,0.000233625,,,,43.526165702,novatel_oem7_msgs.msg.SolutionStatus(status=0),novatel_oem7_msgs.msg.PositionOrVelocityType(type=53)
1786043890115377619,1786043890.114691517,/novatel/oem7/odom,/novatel/oem7/bestpos,/novatel/oem7/odom,39.663,-75.756,33.181652270,0.004642112,-0.000074721,0.003249629,0.003314983,-0.000074721,,,
1786043890127043408,1786043890.125650400,/novatel/oem7/inspva,/novatel/oem7/inspva,/novatel/oem7/inspva,39.663,-75.756,-1.800797322,0.004158737,-0.000456025,0.002951877,0.002929422,-0.000456025,,novatel_oem7_msgs.msg.InertialSolutionStatus(status=3),
1786043890129255084,1786043890.125957857,/novatel/oem7/fix,/novatel/oem7/fix,/novatel/oem7/inspva,39.663,-75.756,-1.800797322,0.004158737,-0.000456025,0.002951877,0.002929422,-0.000456025,,0,
1786043890130817100,1786043890.126661411,/novatel/oem7/odom,/novatel/oem7/fix,/novatel/oem7/odom,39.663,-75.756,-1.800797322,0.004160771,-0.000437074,0.003089567,0.002786861,-0.000437074,,,
1786043890135640966,1786043890.134607604,/novatel/oem7/odom,/novatel/oem7/fix,/novatel/oem7/odom,39.663,-75.756,-1.800797322,0.004160771,-0.000437074,0.003089567,0.002786861,-0.000437074,,,
1786043890146002621,1786043890.145409392,/novatel/oem7/inspva,/novatel/oem7/inspva,/novatel/oem7/inspva,39.663,-75.756,-1.800800062,0.004384485,-0.000389695,0.003302533,0.002883918,-0.000389695,,novatel_oem7_msgs.msg.InertialSolutionStatus(status=3),
1786043890147346532,1786043890.145596561,/novatel/oem7/fix,/novatel/oem7/fix,/novatel/oem7/inspva,39.663,-75.756,-1.800800062,0.004384485,-0.000389695,0.003302533,0.002883918,-0.000389695,,0,
1786043890148384890,1786043890.146055609,/novatel/oem7/odom,/novatel/oem7/fix,/novatel/oem7/odom,39.663,-75.756,-1.800800062,0.004386195,-0.000369955,0.003063215,0.003139333,-0.000369955,,,
1786043890157831252,1786043890.156384345,/novatel/oem7/odom,/novatel/oem7/fix,/novatel/oem7/odom,39.663,-75.756,-1.800800062,0.004386195,-0.000369955,0.003063215,0.003139333,-0.000369955,,,
1786043890166031310,1786043890.165108190,/novatel/oem7/inspva,/novatel/oem7/inspva,/novatel/oem7/inspva,39.663,-75.756,-1.800804328,0.004304562,-0.000346157,0.002999148,0.003087776,-0.000346157,,novatel_oem7_msgs.msg.InertialSolutionStatus(status=3),
1786043890167781651,1786043890.165324929,/novatel/oem7/fix,/novatel/oem7/fix,/novatel/oem7/inspva,39.663,-75.756,-1.800804328,0.004304562,-0.000346157,0.002999148,0.003087776,-0.000346157,,0,
1786043890169194872,1786043890.165822501,/novatel/oem7/odom,/novatel/oem7/fix,/novatel/oem7/odom,39.663,-75.756,-1.800804328,0.004306094,-0.000326542,0.003249870,0.002825029,-0.000326542,,,
1786043890176071218,1786043890.175405798,/novatel/oem7/odom,/novatel/oem7/fix,/novatel/oem7/odom,39.663,-75.756,-1.800804328,0.004306094,-0.000326542,0.003249870,0.002825029,-0.000326542,,,
1786043890185788064,1786043890.185120171,/novatel/oem7/inspva,/novatel/oem7/inspva,/novatel/oem7/inspva,39.663,-75.756,-1.800809058,0.004267795,-0.000316128,0.003312959,0.002690423,-0.000316128,,novatel_oem7_msgs.msg.InertialSolutionStatus(status=3),
1786043890187214332,1786043890.185293266,/novatel/oem7/fix,/novatel/oem7/fix,/novatel/oem7/inspva,39.663,-75.756,-1.800809058,0.004267795,-0.000316128,0.003312959,0.002690423,-0.000316128,,0,
1786043890188302883,1786043890.185632273,/novatel/oem7/odom,/novatel/oem7/fix,/novatel/oem7/odom,39.663,-75.756,-1.800809058,0.004269160,-0.000297120,0.002870316,0.003160225,-0.000297120,,,
1786043890195091916,1786043890.194365681,/novatel/oem7/odom,/novatel/oem7/fix,/novatel/oem7/odom,39.663,-75.756,-1.800809058,0.004269160,-0.000297120,0.002870316,0.003160225,-0.000297120,,,
1786043890207187166,1786043890.206554013,/novatel/oem7/inspva,/novatel/oem7/inspva,/novatel/oem7/inspva,39.663,-75.756,-1.800816326,0.004279556,-0.000501861,0.003181263,0.002862546,-0.000501861,,novatel_oem7_msgs.msg.InertialSolutionStatus(status=3),
1786043890208559580,1786043890.206716191,/novatel/oem7/fix,/novatel/oem7/fix,/novatel/oem7/inspva,39.663,-75.756,-1.800816326,0.004279556,-0.000501861,0.003181263,0.002862546,-0.000501861,,0,
1786043890209598804,1786043890.207122425,/novatel/oem7/odom,/novatel/oem7/fix,/novatel/oem7/odom,39.663,-75.756,-1.800816326,0.004281777,-0.000482550,0.003035619,0.003019706,-0.000482550,,,
1786043890211193427,1786043890.210290018,/novatel/oem7/bestpos,/novatel/oem7/bestpos,/novatel/oem7/odom,39.663,-75.756,33.181616260,0.004281777,-0.000482550,0.003035619,0.003019706,-0.000482550,,novatel_oem7_msgs.msg.SolutionStatus(status=0),novatel_oem7_msgs.msg.PositionOrVelocityType(type=53)
1786043890212632228,1786043890.210730986,/novatel/oem7/bestvel,/novatel/oem7/bestpos,/novatel/oem7/bestvel,39.663,-75.756,33.181616260,0.004511742,-0.000681990,,,,40.444035374,novatel_oem7_msgs.msg.SolutionStatus(status=0),novatel_oem7_msgs.msg.PositionOrVelocityType(type=53)
1786043890215639622,1786043890.215032124,/novatel/oem7/odom,/novatel/oem7/bestpos,/novatel/oem7/odom,39.663,-75.756,33.181616260,0.004281777,-0.000482550,0.003035619,0.003019706,-0.000482550,,,
1786043890226192844,1786043890.224911921,/novatel/oem7/inspva,/novatel/oem7/inspva,/novatel/oem7/inspva,39.663,-75.756,-1.800821617,0.004126437,-0.000444794,0.003106889,0.002715645,-0.000444794,,novatel_oem7_msgs.msg.InertialSolutionStatus(status=3),
1786043890228511621,1786043890.225143879,/novatel/oem7/fix,/novatel/oem7/fix,/novatel/oem7/inspva,39.663,-75.756,-1.800821617,0.004126437,-0.000444794,0.003106889,0.002715645,-0.000444794,,0,
1786043890230360876,1786043890.225635034,/novatel/oem7/odom,/novatel/oem7/fix,/novatel/oem7/odom,39.663,-75.756,-1.800821617,0.004128392,-0.000426265,0.002884620,0.002953404,-0.000426265,,,
1786043890236809362,1786043890.235562466,/novatel/oem7/odom,/novatel/oem7/fix,/novatel/oem7/odom,39.663,-75.756,-1.800821617,0.004128392,-0.000426265,0.002884620,0.002953404,-0.000426265,,,
1786043890247237172,1786043890.245389816,/novatel/oem7/inspva,/novatel/oem7/inspva,/novatel/oem7/inspva,39.663,-75.756,-1.800827513,0.004044312,-0.000460221,0.002833231,0.002886046,-0.000460221,,novatel_oem7_msgs.msg.InertialSolutionStatus(status=3),
1786043890249241135,1786043890.245753790,/novatel/oem7/fix,/novatel/oem7/fix,/novatel/oem7/inspva,39.663,-75.756,-1.800827513,0.004044312,-0.000460221,0.002833231,0.002886046,-0.000460221,,0,
1786043890250491278,1786043890.246591935,/novatel/oem7/odom,/novatel/oem7/fix,/novatel/oem7/odom,39.663,-75.756,-1.800827513,0.004046358,-0.000441870,0.003039728,0.002670781,-0.000441870,,,
1786043890257374465,1786043890.256484943,/novatel/oem7/odom,/novatel/oem7/fix,/novatel/oem7/odom,39.663,-75.756,-1.800827513,0.004046358,-0.000441870,0.003039728,0.002670781,-0.000441870,,,
1786043890266793985,1786043890.266023407,/novatel/oem7/inspva,/novatel/oem7/inspva,/novatel/oem7/inspva,39.663,-75.756,-1.800833549,0.003964365,-0.000321650,0.002775015,0.002831162,-0.000321650,,novatel_oem7_msgs.msg.InertialSolutionStatus(status=3),
1786043890268316967,1786043890.266193908,/novatel/oem7/fix,/novatel/oem7/fix,/novatel/oem7/inspva,39.663,-75.756,-1.800833549,0.003964365,-0.000321650,0.002775015,0.002831162,-0.000321650,,0,
1786043890269533189,1786043890.266549818,/novatel/oem7/odom,/novatel/oem7/fix,/novatel/oem7/odom,39.663,-75.756,-1.800833549,0.003965784,-0.000303643,0.002981212,0.002615305,-0.000303643,,,
1786043890275914295,1786043890.274705882,/novatel/oem7/odom,/novatel/oem7/fix,/novatel/oem7/odom,39.663,-75.756,-1.800833549,0.003965784,-0.000303643,0.002981212,0.002615305,-0.000303643,,,
1786043890285650961,1786043890.284871919,/novatel/oem7/inspva,/novatel/oem7/inspva,/novatel/oem7/inspva,39.663,-75.756,-1.800842305,0.003998505,-0.000653462,0.002916675,0.002735151,-0.000653462,,novatel_oem7_msgs.msg.InertialSolutionStatus(status=3),
1786043890287268307,1786043890.285050225,/novatel/oem7/fix,/novatel/oem7/fix,/novatel/oem7/inspva,39.663,-75.756,-1.800842305,0.003998505,-0.000653462,0.002916675,0.002735151,-0.000653462,,0,
1786043890288498423,1786043890.285677431,/novatel/oem7/odom,/novatel/oem7/fix,/novatel/oem7/odom,39.663,-75.756,-1.800842305,0.004001409,-0.000635436,0.002894423,0.002762896,-0.000635436,,,
1786043890296282726,1786043890.295499728,/novatel/oem7/odom,/novatel/oem7/fix,/novatel/oem7/odom,39.663,-75.756,-1.800842305,0.004001409,-0.000635436,0.002894423,0.002762896,-0.000635436,,,
1786043890306635225,1786043890.305935178,/novatel/oem7/inspva,/novatel/oem7/inspva,/novatel/oem7/inspva,39.663,-75.756,-1.800848283,0.003891267,-0.000409016,0.002714455,0.002788134,-0.000409016,,novatel_oem7_msgs.msg.InertialSolutionStatus(status=3),
1786043890308165481,1786043890.306137900,/novatel/oem7/fix,/novatel/oem7/fix,/novatel/oem7/inspva,39.663,-75.756,-1.800848283,0.003891267,-0.000409016,0.002714455,0.002788134,-0.000409016,,0,
1786043890309381529,1786043890.306511360,/novatel/oem7/odom,/novatel/oem7/fix,/novatel/oem7/odom,39.663,-75.756,-1.800848283,0.003893081,-0.000391368,0.002935233,0.002557439,-0.000391368,,,
1786043890311186965,1786043890.309481064,/novatel/oem7/bestpos,/novatel/oem7/bestpos,/novatel/oem7/odom,39.663,-75.756,33.181594396,0.003893081,-0.000391368,0.002935233,0.002557439,-0.000391368,,novatel_oem7_msgs.msg.SolutionStatus(status=0),novatel_oem7_msgs.msg.PositionOrVelocityType(type=53)
1786043890312311449,1786043890.310189244,/novatel/oem7/bestvel,/novatel/oem7/bestpos,/novatel/oem7/bestvel,39.663,-75.756,33.181594396,0.003603965,-0.000194661,,,,39.618803055,novatel_oem7_msgs.msg.SolutionStatus(status=0),novatel_oem7_msgs.msg.PositionOrVelocityType(type=53)
1786043890315067061,1786043890.314331294,/novatel/oem7/odom,/novatel/oem7/bestpos,/novatel/oem7/odom,39.663,-75.756,33.181594396,0.003893081,-0.000391368,0.002935233,0.002557439,-0.000391368,,,
1786043890327128404,1786043890.326506721,/novatel/oem7/inspva,/novatel/oem7/inspva,/novatel/oem7/inspva,39.663,-75.756,-1.800856998,0.004172517,-0.000529296,0.002943506,0.002957308,-0.000529296,,novatel_oem7_msgs.msg.InertialSolutionStatus(status=3),
1786043890328637450,1786043890.326684616,/novatel/oem7/fix,/novatel/oem7/fix,/novatel/oem7/inspva,39.663,-75.756,-1.800856998,0.004172517,-0.000529296,0.002943506,0.002957308,-0.000529296,,0,
1786043890329811848,1786043890.327011259,/novatel/oem7/odom,/novatel/oem7/fix,/novatel/oem7/odom,39.663,-75.756,-1.800856998,0.004174867,-0.000510429,0.003117267,0.002777078,-0.000510429,,,
1786043890335781456,1786043890.335021035,/novatel/oem7/odom,/novatel/oem7/fix,/novatel/oem7/odom,39.663,-75.756,-1.800856998,0.004174867,-0.000510429,0.003117267,0.002777078,-0.000510429,,,
1786043890345449381,1786043890.344850291,/novatel/oem7/inspva,/novatel/oem7/inspva,/novatel/oem7/inspva,39.663,-75.756,-1.800866920,0.004039389,-0.000543325,0.002834015,0.002878371,-0.000543325,,novatel_oem7_msgs.msg.InertialSolutionStatus(status=3),
1786043890346976900,1786043890.344997297,/novatel/oem7/fix,/novatel/oem7/fix,/novatel/oem7/inspva,39.663,-75.756,-1.800866920,0.004039389,-0.000543325,0.002834015,0.002878371,-0.000543325,,0,
1786043890348139979,1786043890.345392414,/novatel/oem7/odom,/novatel/oem7/fix,/novatel/oem7/odom,39.663,-75.756,-1.800866920,0.004041806,-0.000525041,0.003032457,0.002672153,-0.000525041,,,
1786043890356294785,1786043890.355566941,/novatel/oem7/odom,/novatel/oem7/fix,/novatel/oem7/odom,39.663,-75.756,-1.800866920,0.004041806,-0.000525041,0.003032457,0.002672153,-0.000525041,,,
1786043890365989384,1786043890.365377968,/novatel/oem7/inspva,/novatel/oem7/inspva,/novatel/oem7/inspva,39.663,-75.756,-1.800876539,0.003894487,-0.000658210,0.002505732,0.002981331,-0.000658210,,novatel_oem7_msgs.msg.InertialSolutionStatus(status=3),
1786043890367565843,1786043890.365544830,/novatel/oem7/fix,/novatel/oem7/fix,/novatel/oem7/inspva,39.663,-75.756,-1.800876539,0.003894487,-0.000658210,0.002505732,0.002981331,-0.000658210,,0,
1786043890368733479,1786043890.366076853,/novatel/oem7/odom,/novatel/oem7/fix,/novatel/oem7/odom,39.663,-75.756,-1.800876539,0.003897439,-0.000640497,0.003117591,0.002338944,-0.000640497,,,
1786043890375703216,1786043890.374944749,/novatel/oem7/odom,/novatel/oem7/fix,/novatel/oem7/odom,39.663,-75.756,-1.800876539,0.003897439,-0.000640497,0.003117591,0.002338944,-0.000640497,,,
1786043890386829344,1786043890.386222781,/novatel/oem7/inspva,/novatel/oem7/inspva,/novatel/oem7/inspva,39.663,-75.756,-1.800885014,0.003854513,-0.000375693,0.002488768,0.002943349,-0.000375693,,novatel_oem7_msgs.msg.InertialSolutionStatus(status=3),
1786043890388345246,1786043890.386391519,/novatel/oem7/fix,/novatel/oem7/fix,/novatel/oem7/inspva,39.663,-75.756,-1.800885014,0.003854513,-0.000375693,0.002488768,0.002943349,-0.000375693,,0,
1786043890389559932,1786043890.386866147,/novatel/oem7/odom,/novatel/oem7/fix,/novatel/oem7/odom,39.663,-75.756,-1.800885014,0.003856181,-0.000358161,0.003077662,0.002323388,-0.000358161,,,
1786043890395533276,1786043890.394796808,/novatel/oem7/odom,/novatel/oem7/fix,/novatel/oem7/odom,39.663,-75.756,-1.800885014,0.003856181,-0.000358161,0.003077662,0.002323388,-0.000358161,,,
1786043890407736447,1786043890.407121331,/novatel/oem7/inspva,/novatel/oem7/inspva,/novatel/oem7/inspva,39.663,-75.756,-1.800897341,0.004094663,-0.000696255,0.002867952,0.002922519,-0.000696255,,novatel_oem7_msgs.msg.InertialSolutionStatus(status=3),
1786043890409228832,1786043890.407335763,/novatel/oem7/fix,/novatel/oem7/fix,/novatel/oem7/inspva,39.663,-75.756,-1.800897341,0.004094663,-0.000696255,0.002867952,0.002922519,-0.000696255,,0,
1786043890410459908,1786043890.407641413,/novatel/oem7/odom,/novatel/oem7/fix,/novatel/oem7/odom,39.663,-75.756,-1.800897341,0.004097776,-0.000677691,0.003078990,0.002703995,-0.000677691,,,
1786043890412100015,1786043890.410166122,/novatel/oem7/bestpos,/novatel/oem7/bestpos,/novatel/oem7/odom,39.663,-75.756,33.181541705,0.004097776,-0.000677691,0.003078990,0.002703995,-0.000677691,,novatel_oem7_msgs.msg.SolutionStatus(status=0),novatel_oem7_msgs.msg.PositionOrVelocityType(type=53)
1786043890413160743,1786043890.410502582,/novatel/oem7/bestvel,/novatel/oem7/bestpos,/novatel/oem7/bestvel,39.663,-75.756,33.181541705,0.004590632,-0.001034935,,,,51.298659477,novatel_oem7_msgs.msg.SolutionStatus(status=0),novatel_oem7_msgs.msg.PositionOrVelocityType(type=53)
1786043890416461899,1786043890.415730879,/novatel/oem7/odom,/novatel/oem7/bestpos,/novatel/oem7/odom,39.663,-75.756,33.181541705,0.004097776,-0.000677691,0.003078990,0.002703995,-0.000677691,,,
1786043890425930979,1786043890.425301343,/novatel/oem7/inspva,/novatel/oem7/inspva,/novatel/oem7/inspva,39.663,-75.756,-1.800906302,0.004092668,-0.000616423,0.002596683,0.003163411,-0.000616423,,novatel_oem7_msgs.msg.InertialSolutionStatus(status=3),
1786043890427449418,1786043890.425517049,/novatel/oem7/fix,/novatel/oem7/fix,/novatel/oem7/inspva,39.663,-75.756,-1.800906302,0.004092668,-0.000616423,0.002596683,0.003163411,-0.000616423,,0,
1786043890428667667,1786043890.426008354,/novatel/oem7/odom,/novatel/oem7/fix,/novatel/oem7/odom,39.663,-75.756,-1.800906302,0.004095435,-0.000597764,0.003304230,0.002419639,-0.000597764,,,
1786043890435405070,1786043890.434479003,/novatel/oem7/odom,/novatel/oem7/fix,/novatel/oem7/odom,39.663,-75.756,-1.800906302,0.004095435,-0.000597764,0.003304230,0.002419639,-0.000597764,,,
1786043890447239627,1786043890.446580650,/novatel/oem7/inspva,/novatel/oem7/inspva,/novatel/oem7/inspva,39.663,-75.756,-1.800913204,0.003976483,-0.000173368,0.002848642,0.002774464,-0.000173368,,novatel_oem7_msgs.msg.InertialSolutionStatus(status=3),
1786043890448907748,1786043890.446780112,/novatel/oem7/fix,/novatel/oem7/fix,/novatel/oem7/inspva,39.663,-75.756,-1.800913204,0.003976483,-0.000173368,0.002848642,0.002774464,-0.000173368,,0,
1786043890450143073,1786043890.447597507,/novatel/oem7/odom,/novatel/oem7/fix,/novatel/oem7/odom,39.663,-75.756,-1.800913204,0.003977225,-0.000155420,0.002928119,0.002691549,-0.000155420,,,
1786043890457470828,1786043890.456657603,/novatel/oem7/odom,/novatel/oem7/fix,/novatel/oem7/odom,39.663,-75.756,-1.800913204,0.003977225,-0.000155420,0.002928119,0.002691549,-0.000155420,,,
1786043890465955585,1786043890.464919877,/novatel/oem7/inspva,/novatel/oem7/inspva,/novatel/oem7/inspva,39.663,-75.756,-1.800924979,0.004071238,-0.000463108,0.002637191,0.003101646,-0.000463108,,novatel_oem7_msgs.msg.InertialSolutionStatus(status=3),
1786043890466951062,1786043890.465152646,/novatel/oem7/fix,/novatel/oem7/fix,/novatel/oem7/inspva,39.663,-75.756,-1.800924979,0.004071238,-0.000463108,0.002637191,0.003101646,-0.000463108,,0,
1786043890468695513,1786043890.465665542,/novatel/oem7/odom,/novatel/oem7/fix,/novatel/oem7/odom,39.663,-75.756,-1.800924979,0.004073303,-0.000444581,0.003244237,0.002463071,-0.000444581,,,
1786043890476413791,1786043890.475647037,/novatel/oem7/odom,/novatel/oem7/fix,/novatel/oem7/odom,39.663,-75.756,-1.800924979,0.004073303,-0.000444581,0.003244237,0.002463071,-0.000444581,,,
1786043890486524402,1786043890.485865038,/novatel/oem7/inspva,/novatel/oem7/inspva,/novatel/oem7/inspva,39.663,-75.756,-1.800934824,0.003958886,-0.000485406,0.002597841,0.002987306,-0.000485406,,novatel_oem7_msgs.msg.InertialSolutionStatus(status=3),
1786043890488070867,1786043890.486040033,/novatel/oem7/fix,/novatel/oem7/fix,/novatel/oem7/inspva,39.663,-75.756,-1.800934824,0.003958886,-0.000485406,0.002597841,0.002987306,-0.000485406,,0,
1786043890489277196,1786043890.486552878,/novatel/oem7/odom,/novatel/oem7/fix,/novatel/oem7/odom,39.663,-75.756,-1.800934824,0.003961056,-0.000467361,0.003127997,0.002430145,-0.000467361,,,
1786043890495531010,1786043890.494569754,/novatel/oem7/odom,/novatel/oem7/fix,/novatel/oem7/odom,39.663,-75.756,-1.800934824,0.003961056,-0.000467361,0.003127997,0.002430145,-0.000467361,,,
1786043890506801845,1786043890.506108248,/novatel/oem7/inspva,/novatel/oem7/inspva,/novatel/oem7/inspva,39.663,-75.756,-1.800944584,0.004075445,-0.000397185,0.002355029,0.003326123,-0.000397185,,novatel_oem7_msgs.msg.InertialSolutionStatus(status=3),
1786043890508347548,1786043890.506274383,/novatel/oem7/fix,/novatel/oem7/fix,/novatel/oem7/inspva,39.663,-75.756,-1.800944584,0.004075445,-0.000397185,0.002355029,0.003326123,-0.000397185,,0,
1786043890509528123,1786043890.506777161,/novatel/oem7/odom,/novatel/oem7/fix,/novatel/oem7/odom,39.663,-75.756,-1.800944584,0.004077213,-0.000378611,0.003452554,0.002168764,-0.000378611,,,
1786043890511714049,1786043890.510863596,/novatel/oem7/bestpos,/novatel/oem7/bestpos,/novatel/oem7/odom,39.663,-75.756,33.181496643,0.004077213,-0.000378611,0.003452554,0.002168764,-0.000378611,,novatel_oem7_msgs.msg.SolutionStatus(status=0),novatel_oem7_msgs.msg.PositionOrVelocityType(type=53)
1786043890513286561,1786043890.511484743,/novatel/oem7/bestvel,/novatel/oem7/bestpos,/novatel/oem7/bestvel,39.663,-75.756,33.181496643,0.003998408,-0.000319439,,,,56.174592761,novatel_oem7_msgs.msg.SolutionStatus(status=0),novatel_oem7_msgs.msg.PositionOrVelocityType(type=53)
1786043890515544918,1786043890.514597881,/novatel/oem7/odom,/novatel/oem7/bestpos,/novatel/oem7/odom,39.663,-75.756,33.181496643,0.004077213,-0.000378611,0.003452554,0.002168764,-0.000378611,,,
1786043890525915920,1786043890.525274507,/novatel/oem7/inspva,/novatel/oem7/inspva,/novatel/oem7/inspva,39.663,-75.756,-1.800953328,0.003950421,-0.000233075,0.002538054,0.003027228,-0.000233075,,novatel_oem7_msgs.msg.InertialSolutionStatus(status=3),
1786043890527454669,1786043890.525442502,/novatel/oem7/fix,/novatel/oem7/fix,/novatel/oem7/inspva,39.663,-75.756,-1.800953328,0.003950421,-0.000233075,0.002538054,0.003027228,-0.000233075,,0,
1786043890528615487,1786043890.526149226,/novatel/oem7/odom,/novatel/oem7/fix,/novatel/oem7/odom,39.663,-75.756,-1.800953328,0.003951443,-0.000215055,0.003163615,0.002367581,-0.000215055,,,
1786043890537257293,1786043890.535920686,/novatel/oem7/odom,/novatel/oem7/fix,/novatel/oem7/odom,39.663,-75.756,-1.800953328,0.003951443,-0.000215055,0.003163615,0.002367581,-0.000215055,,,
1786043890546363252,1786043890.545465079,/novatel/oem7/inspva,/novatel/oem7/inspva,/novatel/oem7/inspva,39.663,-75.756,-1.800967724,0.004348967,-0.000721360,0.002496766,0.003560853,-0.000721360,,novatel_oem7_msgs.msg.InertialSolutionStatus(status=3),
1786043890548733867,1786043890.545737812,/novatel/oem7/fix,/novatel/oem7/fix,/novatel/oem7/inspva,39.663,-75.756,-1.800967724,0.004348967,-0.000721360,0.002496766,0.003560853,-0.000721360,,0,
1786043890550368186,1786043890.546247491,/novatel/oem7/odom,/novatel/oem7/fix,/novatel/oem7/odom,39.663,-75.756,-1.800967724,0.004352216,-0.000701494,0.003696007,0.002298111,-0.000701494,,,
1786043890556369561,1786043890.555601813,/novatel/oem7/odom,/novatel/oem7/fix,/novatel/oem7/odom,39.663,-75.756,-1.800967724,0.004352216,-0.000701494,0.003696007,0.002298111,-0.000701494,,,
1786043890567024850,1786043890.566209191,/novatel/oem7/inspva,/novatel/oem7/inspva,/novatel/oem7/inspva,39.663,-75.756,-1.800973762,0.004117408,-0.000190012,0.002516054,0.003259221,-0.000190012,,novatel_oem7_msgs.msg.InertialSolutionStatus(status=3),
1786043890568322027,1786043890.566452688,/novatel/oem7/fix,/novatel/oem7/fix,/novatel/oem7/inspva,39.663,-75.756,-1.800973762,0.004117408,-0.000190012,0.002516054,0.003259221,-0.000190012,,0,
1786043890569131957,1786043890.566989156,/novatel/oem7/odom,/novatel/oem7/fix,/novatel/oem7/odom,39.663,-75.756,-1.800973762,0.004118231,-0.000171249,0.003393859,0.002332712,-0.000171249,,,
1786043890575159001,1786043890.574642091,/novatel/oem7/odom,/novatel/oem7/fix,/novatel/oem7/odom,39.663,-75.756,-1.800973762,0.004118231,-0.000171249,0.003393859,0.002332712,-0.000171249,,,
1786043890585400790,1786043890.584943339,/novatel/oem7/inspva,/novatel/oem7/inspva,/novatel/oem7/inspva,39.663,-75.756,-1.800985828,0.004421420,-0.000287062,0.002522921,0.003630954,-0.000287062,,novatel_oem7_msgs.msg.InertialSolutionStatus(status=3),
1786043890586694055,1786043890.585104658,/novatel/oem7/fix,/novatel/oem7/fix,/novatel/oem7/inspva,39.663,-75.756,-1.800985828,0.004421420,-0.000287062,0.002522921,0.003630954,-0.000287062,,0,
1786043890587730809,1786043890.585595963,/novatel/oem7/odom,/novatel/oem7/fix,/novatel/oem7/odom,39.663,-75.756,-1.800985828,0.004422685,-0.000266877,0.003765788,0.002319263,-0.000266877,,,
1786043890597293336,1786043890.595786170,/novatel/oem7/odom,/novatel/oem7/fix,/novatel/oem7/odom,39.663,-75.756,-1.800985828,0.004422685,-0.000266877,0.003765788,0.002319263,-0.000266877,,,
1786043890607376922,1786043890.606690778,/novatel/oem7/inspva,/novatel/oem7/inspva,/novatel/oem7/inspva,39.663,-75.756,-1.800996804,0.004114657,-0.000494169,0.002220513,0.003464061,-0.000494169,,novatel_oem7_msgs.msg.InertialSolutionStatus(status=3),
1786043890608687312,1786043890.606876803,/novatel/oem7/fix,/novatel/oem7/fix,/novatel/oem7/inspva,39.663,-75.756,-1.800996804,0.004114657,-0.000494169,0.002220513,0.003464061,-0.000494169,,0,
1786043890609662555,1786043890.607312635,/novatel/oem7/odom,/novatel/oem7/fix,/novatel/oem7/odom,39.663,-75.756,-1.800996804,0.004116870,-0.000475372,0.003583251,0.002027051,-0.000475372,,,
1786043890611159085,1786043890.610153827,/novatel/oem7/bestpos,/novatel/oem7/bestpos,/novatel/oem7/odom,39.663,-75.756,33.181431569,0.004116870,-0.000475372,0.003583251,0.002027051,-0.000475372,,novatel_oem7_msgs.msg.SolutionStatus(status=0),novatel_oem7_msgs.msg.PositionOrVelocityType(type=53)
1786043890612042262,1786043890.610511190,/novatel/oem7/bestvel,/novatel/oem7/bestpos,/novatel/oem7/bestvel,39.663,-75.756,33.181431569,0.004795500,-0.000852513,,,,64.196289728,novatel_oem7_msgs.msg.SolutionStatus(status=0),novatel_oem7_msgs.msg.PositionOrVelocityType(type=53)
1786043890615574733,1786043890.614877122,/novatel/oem7/odom,/novatel/oem7/bestpos,/novatel/oem7/odom,39.663,-75.756,33.181431569,0.004116870,-0.000475372,0.003583251,0.002027051,-0.000475372,,,
1786043890626819654,1786043890.625952608,/novatel/oem7/inspva,/novatel/oem7/inspva,/novatel/oem7/inspva,39.663,-75.756,-1.801005535,0.004568020,-0.000428586,0.002282771,0.003956736,-0.000428586,,novatel_oem7_msgs.msg.InertialSolutionStatus(status=3),
1786043890628529794,1786043890.626163453,/novatel/oem7/fix,/novatel/oem7/fix,/novatel/oem7/inspva,39.663,-75.756,-1.801005535,0.004568020,-0.000428586,0.002282771,0.003956736,-0.000428586,,0,
1786043890629709896,1786043890.626741357,/novatel/oem7/odom,/novatel/oem7/fix,/novatel/oem7/odom,39.663,-75.756,-1.801005535,0.004569911,-0.000407923,0.004078332,0.002061867,-0.000407923,,,
1786043890635371597,1786043890.634618485,/novatel/oem7/odom,/novatel/oem7/fix,/novatel/oem7/odom,39.663,-75.756,-1.801005535,0.004569911,-0.000407923,0.004078332,0.002061867,-0.000407923,,,
1786043890645904872,1786043890.645084803,/novatel/oem7/inspva,/novatel/oem7/inspva,/novatel/oem7/inspva,39.663,-75.756,-1.801014967,0.004031136,-0.000347737,0.002131851,0.003421297,-0.000347737,,novatel_oem7_msgs.msg.InertialSolutionStatus(status=3),
1786043890647809084,1786043890.645381787,/novatel/oem7/fix,/novatel/oem7/fix,/novatel/oem7/inspva,39.663,-75.756,-1.801014967,0.004031136,-0.000347737,0.002131851,0.003421297,-0.000347737,,0,
1786043890649268339,1786043890.646093834,/novatel/oem7/odom,/novatel/oem7/fix,/novatel/oem7/odom,39.663,-75.756,-1.801014967,0.004032680,-0.000329359,0.003535076,0.001940553,-0.000329359,,,
1786043890657476130,1786043890.656533394,/novatel/oem7/odom,/novatel/oem7/fix,/novatel/oem7/odom,39.663,-75.756,-1.801014967,0.004032680,-0.000329359,0.003535076,0.001940553,-0.000329359,,,
1786043890666782645,1786043890.665954893,/novatel/oem7/inspva,/novatel/oem7/inspva,/novatel/oem7/inspva,39.663,-75.756,-1.801027006,0.004379477,-0.000686127,0.002318122,0.003715660,-0.000686127,,novatel_oem7_msgs.msg.InertialSolutionStatus(status=3),
1786043890668554230,1786043890.666182612,/novatel/oem7/fix,/novatel/oem7/fix,/novatel/oem7/inspva,39.663,-75.756,-1.801027006,0.004379477,-0.000686127,0.002318122,0.003715660,-0.000686127,,0,
1786043890669728945,1786043890.666773298,/novatel/oem7/odom,/novatel/oem7/fix,/novatel/oem7/odom,39.663,-75.756,-1.801027006,0.004382557,-0.000666170,0.003840555,0.002111147,-0.000666170,,,
1786043890675025356,1786043890.674310085,/novatel/oem7/odom,/novatel/oem7/fix,/novatel/oem7/odom,39.663,-75.756,-1.801027006,0.004382557,-0.000666170,0.003840555,0.002111147,-0.000666170,,,
1786043890686889403,1786043890.686370078,/novatel/oem7/inspva,/novatel/oem7/inspva,/novatel/oem7/inspva,39.663,-75.756,-1.801036636,0.004396509,-0.000556377,0.002407309,0.003678879,-0.000556377,,novatel_oem7_msgs.msg.InertialSolutionStatus(status=3),
1786043890688212091,1786043890.686569110,/novatel/oem7/fix,/novatel/oem7/fix,/novatel/oem7/inspva,39.663,-75.756,-1.801036636,0.004396509,-0.000556377,0.002407309,0.003678879,-0.000556377,,0,
1786043890689302622,1786043890.687319602,/novatel/oem7/odom,/novatel/oem7/fix,/novatel/oem7/odom,39.663,-75.756,-1.801036636,0.004399000,-0.000536322,0.003808243,0.002201928,-0.000536322,,,
1786043890695343817,1786043890.694670013,/novatel/oem7/odom,/novatel/oem7/fix,/novatel/oem7/odom,39.663,-75.756,-1.801036636,0.004399000,-0.000536322,0.003808243,0.002201928,-0.000536322,,,
1786043890706392186,1786043890.705704782,/novatel/oem7/inspva,/novatel/oem7/inspva,/novatel/oem7/inspva,39.663,-75.756,-1.801048727,0.004481045,-0.000560323,0.002245658,0.003877730,-0.000560323,,novatel_oem7_msgs.msg.InertialSolutionStatus(status=3),
1786043890707999449,1786043890.705903884,/novatel/oem7/fix,/novatel/oem7/fix,/novatel/oem7/inspva,39.663,-75.756,-1.801048727,0.004481045,-0.000560323,0.002245658,0.003877730,-0.000560323,,0,
1786043890709050780,1786043890.706415243,/novatel/oem7/odom,/novatel/oem7/fix,/novatel/oem7/odom,39.663,-75.756,-1.801048727,0.004483543,-0.000539973,0.003997902,0.002029518,-0.000539973,,,
1786043890710566412,1786043890.709574855,/novatel/oem7/bestpos,/novatel/oem7/bestpos,/novatel/oem7/odom,39.663,-75.756,33.181373745,0.004483543,-0.000539973,0.003997902,0.002029518,-0.000539973,,novatel_oem7_msgs.msg.SolutionStatus(status=0),novatel_oem7_msgs.msg.PositionOrVelocityType(type=53)
1786043890711976913,1786043890.710350997,/novatel/oem7/bestvel,/novatel/oem7/bestpos,/novatel/oem7/bestvel,39.663,-75.756,33.181373745,0.004438173,-0.000603373,,,,55.567064215,novatel_oem7_msgs.msg.SolutionStatus(status=0),novatel_oem7_msgs.msg.PositionOrVelocityType(type=53)
1786043890716028875,1786043890.715377328,/novatel/oem7/odom,/novatel/oem7/bestpos,/novatel/oem7/odom,39.663,-75.756,33.181373745,0.004483543,-0.000539973,0.003997902,0.002029518,-0.000539973,,,
1786043890726963469,1786043890.726435031,/novatel/oem7/inspva,/novatel/oem7/inspva,/novatel/oem7/inspva,39.663,-75.756,-1.801061080,0.004461320,-0.000524976,0.002172328,0.003896712,-0.000524976,,novatel_oem7_msgs.msg.InertialSolutionStatus(status=3),
1786043890728299250,1786043890.726604886,/novatel/oem7/fix,/novatel/oem7/fix,/novatel/oem7/inspva,39.663,-75.756,-1.801061080,0.004461320,-0.000524976,0.002172328,0.003896712,-0.000524976,,0,
1786043890729361197,1786043890.726949389,/novatel/oem7/odom,/novatel/oem7/fix,/novatel/oem7/odom,39.663,-75.756,-1.801061080,0.004463658,-0.000504711,0.004012674,0.001955170,-0.000504711,,,
1786043890735621605,1786043890.734955961,/novatel/oem7/odom,/novatel/oem7/fix,/novatel/oem7/odom,39.663,-75.756,-1.801061080,0.004463658,-0.000504711,0.004012674,0.001955170,-0.000504711,,,
1786043890746643007,1786043890.745936923,/novatel/oem7/inspva,/novatel/oem7/inspva,/novatel/oem7/inspva,39.663,-75.756,-1.801075513,0.004496621,-0.000853506,0.001922290,0.004065022,-0.000853506,,novatel_oem7_msgs.msg.InertialSolutionStatus(status=3),
1786043890748382191,1786043890.746176375,/novatel/oem7/fix,/novatel/oem7/fix,/novatel/oem7/inspva,39.663,-75.756,-1.801075513,0.004496621,-0.000853506,0.001922290,0.004065022,-0.000853506,,0,
1786043890749857886,1786043890.746773635,/novatel/oem7/odom,/novatel/oem7/fix,/novatel/oem7/odom,39.663,-75.756,-1.801075513,0.004500394,-0.000833380,0.004168177,0.001697013,-0.000833380,,,
1786043890756781087,1786043890.755952295,/novatel/oem7/odom,/novatel/oem7/fix,/novatel/oem7/odom,39.663,-75.756,-1.801075513,0.004500394,-0.000833380,0.004168177,0.001697013,-0.000833380,,,
1786043890765700532,1786043890.765153689,/novatel/oem7/inspva,/novatel/oem7/inspva,/novatel/oem7/inspva,39.663,-75.756,-1.801087762,0.004667696,-0.000692462,0.002442166,0.003977840,-0.000692462,,novatel_oem7_msgs.msg.InertialSolutionStatus(status=3),
1786043890767053919,1786043890.765316848,/novatel/oem7/fix,/novatel/oem7/fix,/novatel/oem7/inspva,39.663,-75.756,-1.801087762,0.004667696,-0.000692462,0.002442166,0.003977840,-0.000692462,,0,
1786043890768141483,1786043890.765776809,/novatel/oem7/odom,/novatel/oem7/fix,/novatel/oem7/odom,39.663,-75.756,-1.801087762,0.004670795,-0.000671243,0.004109195,0.002220550,-0.000671243,,,
1786043890776235626,1786043890.775412564,/novatel/oem7/odom,/novatel/oem7/fix,/novatel/oem7/odom,39.663,-75.756,-1.801087762,0.004670795,-0.000671243,0.004109195,0.002220550,-0.000671243,,,
1786043890786503037,1786043890.785919411,/novatel/oem7/inspva,/novatel/oem7/inspva,/novatel/oem7/inspva,39.663,-75.756,-1.801100578,0.004498224,-0.000714680,0.002125875,0.003964173,-0.000714680,,novatel_oem7_msgs.msg.InertialSolutionStatus(status=3),
1786043890787886834,1786043890.786100973,/novatel/oem7/fix,/novatel/oem7/fix,/novatel/oem7/inspva,39.663,-75.756,-1.801100578,0.004498224,-0.000714680,0.002125875,0.003964173,-0.000714680,,0,
1786043890788947772,1786043890.786566818,/novatel/oem7/odom,/novatel/oem7/fix,/novatel/oem7/odom,39.663,-75.756,-1.801100578,0.004501404,-0.000694368,0.004078190,0.001905520,-0.000694368,,,
1786043890795513172,1786043890.794366544,/novatel/oem7/odom,/novatel/oem7/fix,/novatel/oem7/odom,39.663,-75.756,-1.801100578,0.004501404,-0.000694368,0.004078190,0.001905520,-0.000694368,,,
1786043890806682970,1786043890.805821498,/novatel/oem7/inspva,/novatel/oem7/inspva,/novatel/oem7/inspva,39.663,-75.756,-1.801110407,0.004859108,-0.000564194,0.002650540,0.004072538,-0.000564194,,novatel_oem7_msgs.msg.InertialSolutionStatus(status=3),
1786043890808392454,1786043890.806083534,/novatel/oem7/fix,/novatel/oem7/fix,/novatel/oem7/inspva,39.663,-75.756,-1.801110407,0.004859108,-0.000564194,0.002650540,0.004072538,-0.000564194,,0,
1786043890809799632,1786043890.806799578,/novatel/oem7/odom,/novatel/oem7/fix,/novatel/oem7/odom,39.663,-75.756,-1.801110407,0.004861633,-0.000542000,0.004214792,0.002423017,-0.000542000,,,
1786043890811829229,1786043890.810409788,/novatel/oem7/bestpos,/novatel/oem7/bestpos,/novatel/oem7/odom,39.663,-75.756,33.181304974,0.004861633,-0.000542000,0.004214792,0.002423017,-0.000542000,,novatel_oem7_msgs.msg.SolutionStatus(status=0),novatel_oem7_msgs.msg.PositionOrVelocityType(type=53)
1786043890813625004,1786043890.811048148,/novatel/oem7/bestvel,/novatel/oem7/bestpos,/novatel/oem7/bestvel,39.663,-75.756,33.181304974,0.005067245,-0.000741784,,,,55.704211914,novatel_oem7_msgs.msg.SolutionStatus(status=0),novatel_oem7_msgs.msg.PositionOrVelocityType(type=53)
1786043890816078186,1786043890.815196517,/novatel/oem7/odom,/novatel/oem7/bestpos,/novatel/oem7/odom,39.663,-75.756,33.181304974,0.004861633,-0.000542000,0.004214792,0.002423017,-0.000542000,,,
1786043890825747891,1786043890.824986593,/novatel/oem7/inspva,/novatel/oem7/inspva,/novatel/oem7/inspva,39.663,-75.756,-1.801119199,0.004529475,-0.000298893,0.002054958,0.004036495,-0.000298893,,novatel_oem7_msgs.msg.InertialSolutionStatus(status=3),
1786043890827339967,1786043890.825183869,/novatel/oem7/fix,/novatel/oem7/fix,/novatel/oem7/inspva,39.663,-75.756,-1.801119199,0.004529475,-0.000298893,0.002054958,0.004036495,-0.000298893,,0,
1786043890828493049,1786043890.825626927,/novatel/oem7/odom,/novatel/oem7/fix,/novatel/oem7/odom,39.663,-75.756,-1.801119199,0.004530778,-0.000278450,0.004144920,0.001829642,-0.000278450,,,
1786043890837754670,1786043890.836241017,/novatel/oem7/odom,/novatel/oem7/fix,/novatel/oem7/odom,39.663,-75.756,-1.801119199,0.004530778,-0.000278450,0.004144920,0.001829642,-0.000278450,,,
1786043890847472510,1786043890.846667381,/novatel/oem7/inspva,/novatel/oem7/inspva,/novatel/oem7/inspva,39.663,-75.756,-1.801127492,0.005347224,-0.000372512,0.002442632,0.004756716,-0.000372512,,novatel_oem7_msgs.msg.InertialSolutionStatus(status=3),
1786043890849255788,1786043890.846929044,/novatel/oem7/fix,/novatel/oem7/fix,/novatel/oem7/inspva,39.663,-75.756,-1.801127492,0.005347224,-0.000372512,0.002442632,0.004756716,-0.000372512,,0,
1786043890850656222,1786043890.847683525,/novatel/oem7/odom,/novatel/oem7/fix,/novatel/oem7/odom,39.663,-75.756,-1.801127492,0.005348847,-0.000348420,0.004885726,0.002177120,-0.000348420,,,
1786043890857195109,1786043890.856488255,/novatel/oem7/odom,/novatel/oem7/fix,/novatel/oem7/odom,39.663,-75.756,-1.801127492,0.005348847,-0.000348420,0.004885726,0.002177120,-0.000348420,,,
1786043890867940906,1786043890.866042279,/novatel/oem7/inspva,/novatel/oem7/inspva,/novatel/oem7/inspva,39.663,-75.756,-1.801134839,0.004809321,-0.000191187,0.002082074,0.004335267,-0.000191187,,novatel_oem7_msgs.msg.InertialSolutionStatus(status=3),
1786043890869879925,1786043890.866394040,/novatel/oem7/fix,/novatel/oem7/fix,/novatel/oem7/inspva,39.663,-75.756,-1.801134839,0.004809321,-0.000191187,0.002082074,0.004335267,-0.000191187,,0,
1786043890871335553,1786043890.867587787,/novatel/oem7/odom,/novatel/oem7/fix,/novatel/oem7/odom,39.663,-75.756,-1.801134839,0.004810132,-0.000169568,0.004444349,0.001839874,-0.000169568,,,
1786043890875659587,1786043890.874810019,/novatel/oem7/odom,/novatel/oem7/fix,/novatel/oem7/odom,39.663,-75.756,-1.801134839,0.004810132,-0.000169568,0.004444349,0.001839874,-0.000169568,,,
1786043890885998253,1786043890.885315489,/novatel/oem7/inspva,/novatel/oem7/inspva,/novatel/oem7/inspva,39.663,-75.756,-1.801143281,0.005159220,-0.000621807,0.002650030,0.004426612,-0.000621807,,novatel_oem7_msgs.msg.InertialSolutionStatus(status=3),
1786043890887712657,1786043890.885573335,/novatel/oem7/fix,/novatel/oem7/fix,/novatel/oem7/inspva,39.663,-75.756,-1.801143281,0.005159220,-0.000621807,0.002650030,0.004426612,-0.000621807,,0,
1786043890888905050,1786043890.886170225,/novatel/oem7/odom,/novatel/oem7/fix,/novatel/oem7/odom,39.663,-75.756,-1.801143281,0.005161993,-0.000598356,0.004568552,0.002403020,-0.000598356,,,
1786043890895821756,1786043890.894908791,/novatel/oem7/odom,/novatel/oem7/fix,/novatel/oem7/odom,39.663,-75.756,-1.801143281,0.005161993,-0.000598356,0.004568552,0.002403020,-0.000598356,,,
1786043890906951927,1786043890.905816482,/novatel/oem7/inspva,/novatel/oem7/inspva,/novatel/oem7/inspva,39.663,-75.756,-1.801149890,0.004911814,-0.000314273,0.002079029,0.004450119,-0.000314273,,novatel_oem7_msgs.msg.InertialSolutionStatus(status=3),
1786043890909051271,1786043890.906107718,/novatel/oem7/fix,/novatel/oem7/fix,/novatel/oem7/inspva,39.663,-75.756,-1.801149890,0.004911814,-0.000314273,0.002079029,0.004450119,-0.000314273,,0,
1786043890910808499,1786043890.906477559,/novatel/oem7/odom,/novatel/oem7/fix,/novatel/oem7/odom,39.663,-75.756,-1.801149890,0.004913169,-0.000292329,0.004559338,0.001830757,-0.000292329,,,
1786043890913237774,1786043890.909259597,/novatel/oem7/bestpos,/novatel/oem7/bestpos,/novatel/oem7/odom,39.663,-75.756,33.181266121,0.004913169,-0.000292329,0.004559338,0.001830757,-0.000292329,,novatel_oem7_msgs.msg.SolutionStatus(status=0),novatel_oem7_msgs.msg.PositionOrVelocityType(type=53)
1786043890915018902,1786043890.909892644,/novatel/oem7/bestvel,/novatel/oem7/bestpos,/novatel/oem7/bestvel,39.663,-75.756,33.181266121,0.004371020,-0.000003043,,,,61.694242881,novatel_oem7_msgs.msg.SolutionStatus(status=0),novatel_oem7_msgs.msg.PositionOrVelocityType(type=53)
1786043890917383980,1786043890.914415283,/novatel/oem7/odom,/novatel/oem7/bestpos,/novatel/oem7/odom,39.663,-75.756,33.181266121,0.004913169,-0.000292329,0.004559338,0.001830757,-0.000292329,,,
1786043890926056432,1786043890.925097905,/novatel/oem7/inspva,/novatel/oem7/inspva,/novatel/oem7/inspva,39.663,-75.756,-1.801154311,0.005384514,-0.000002746,0.002445904,0.004796930,-0.000002746,,novatel_oem7_msgs.msg.InertialSolutionStatus(status=3),
1786043890927807093,1786043890.925319041,/novatel/oem7/fix,/novatel/oem7/fix,/novatel/oem7/inspva,39.663,-75.756,-1.801154311,0.005384514,-0.000002746,0.002445904,0.004796930,-0.000002746,,0,
1786043890929051873,1786043890.925925714,/novatel/oem7/odom,/novatel/oem7/fix,/novatel/oem7/odom,39.663,-75.756,-1.801154311,0.005384471,0.000021524,0.004924698,0.002177126,0.000021524,,,
1786043890936483245,1786043890.935235537,/novatel/oem7/odom,/novatel/oem7/fix,/novatel/oem7/odom,39.663,-75.756,-1.801154311,0.005384471,0.000021524,0.004924698,0.002177126,0.000021524,,,
1786043890946188297,1786043890.945024949,/novatel/oem7/inspva,/novatel/oem7/inspva,/novatel/oem7/inspva,39.663,-75.756,-1.801159569,0.004866470,-0.000080378,0.002146670,0.004367418,-0.000080378,,novatel_oem7_msgs.msg.InertialSolutionStatus(status=3),
1786043890948547178,1786043890.945295948,/novatel/oem7/fix,/novatel/oem7/fix,/novatel/oem7/inspva,39.663,-75.756,-1.801159569,0.004866470,-0.000080378,0.002146670,0.004367418,-0.000080378,,0,
1786043890950312420,1786043890.945602175,/novatel/oem7/odom,/novatel/oem7/fix,/novatel/oem7/odom,39.663,-75.756,-1.801159569,0.004866782,-0.000058460,0.004479628,0.001902237,-0.000058460,,,
1786043890956367608,1786043890.955619037,/novatel/oem7/odom,/novatel/oem7/fix,/novatel/oem7/odom,39.663,-75.756,-1.801159569,0.004866782,-0.000058460,0.004479628,0.001902237,-0.000058460,,,
1786043890968068694,1786043890.966658540,/novatel/oem7/inspva,/novatel/oem7/inspva,/novatel/oem7/inspva,39.663,-75.756,-1.801164908,0.005585536,-0.000133566,0.002286217,0.005096216,-0.000133566,,novatel_oem7_msgs.msg.InertialSolutionStatus(status=3),
1786043890970596757,1786043890.966953776,/novatel/oem7/fix,/novatel/oem7/fix,/novatel/oem7/inspva,39.663,-75.756,-1.801164908,0.005585536,-0.000133566,0.002286217,0.005096216,-0.000133566,,0,
1786043890972274607,1786043890.967507415,/novatel/oem7/odom,/novatel/oem7/fix,/novatel/oem7/odom,39.663,-75.756,-1.801164908,0.005586075,-0.000108710,0.005215222,0.002001423,-0.000108710,,,
1786043890976388759,1786043890.975355432,/novatel/oem7/odom,/novatel/oem7/fix,/novatel/oem7/odom,39.663,-75.756,-1.801164908,0.005586075,-0.000108710,0.005215222,0.002001423,-0.000108710,,,
1786043890986289744,1786043890.985436555,/novatel/oem7/inspva,/novatel/oem7/inspva,/novatel/oem7/inspva,39.663,-75.756,-1.801171053,0.005073523,-0.000148569,0.002111537,0.004613247,-0.000148569,,novatel_oem7_msgs.msg.InertialSolutionStatus(status=3),
1786043890987723495,1786043890.985632107,/novatel/oem7/fix,/novatel/oem7/fix,/novatel/oem7/inspva,39.663,-75.756,-1.801171053,0.005073523,-0.000148569,0.002111537,0.004613247,-0.000148569,,0,
1786043890988850906,1786043890.986081012,/novatel/oem7/odom,/novatel/oem7/fix,/novatel/oem7/odom,39.663,-75.756,-1.801171053,0.005074138,-0.000125852,0.004723424,0.001853683,-0.000125852,,,
1786043890996141547,1786043890.994757150,/novatel/oem7/odom,/novatel/oem7/fix,/novatel/oem7/odom,39.663,-75.756,-1.801171053,0.005074138,-0.000125852,0.004723424,0.001853683,-0.000125852,,,
1786043891011000229,1786043891.009907765,/novatel/oem7/inspva,/novatel/oem7/inspva,/novatel/oem7/inspva,39.663,-75.756,-1.801174122,0.005175365,-0.000044210,0.002259339,0.004656157,-0.000044210,,novatel_oem7_msgs.msg.InertialSolutionStatus(status=3),
1786043891013153551,1786043891.010196681,/novatel/oem7/fix,/novatel/oem7/fix,/novatel/oem7/inspva,39.663,-75.756,-1.801174122,0.005175365,-0.000044210,0.002259339,0.004656157,-0.000044210,,0,
1786043891014843528,1786043891.011337246,/novatel/oem7/odom,/novatel/oem7/fix,/novatel/oem7/odom,39.663,-75.756,-1.801174122,0.005175512,-0.000021002,0.004774029,0.001998641,-0.000021002,,,
1786043891017319861,1786043891.015894756,/novatel/oem7/odom,/novatel/oem7/fix,/novatel/oem7/odom,39.663,-75.756,-1.801174122,0.005175512,-0.000021002,0.004774029,0.001998641,-0.000021002,,,
1786043891025295582,1786043891.024326072,/novatel/oem7/bestpos,/novatel/oem7/bestpos,/novatel/oem7/odom,39.663,-75.756,33.181235417,0.005175512,-0.000021002,0.004774029,0.001998641,-0.000021002,,novatel_oem7_msgs.msg.SolutionStatus(status=0),novatel_oem7_msgs.msg.PositionOrVelocityType(type=53)
1786043891027305769,1786043891.025010642,/novatel/oem7/bestvel,/novatel/oem7/bestpos,/novatel/oem7/bestvel,39.663,-75.756,33.181235417,0.004849637,0.000136283,,,,61.976572271,novatel_oem7_msgs.msg.SolutionStatus(status=0),novatel_oem7_msgs.msg.PositionOrVelocityType(type=53)
1786043891029113291,1786043891.026680806,/novatel/oem7/inspva,/novatel/oem7/inspva,/novatel/oem7/inspva,39.663,-75.756,-1.801179222,0.005034170,0.000025933,0.001921141,0.004653180,0.000025933,,novatel_oem7_msgs.msg.InertialSolutionStatus(status=3),
1786043891030348223,1786043891.026875631,/novatel/oem7/fix,/novatel/oem7/fix,/novatel/oem7/inspva,39.663,-75.756,-1.801179222,0.005034170,0.000025933,0.001921141,0.004653180,0.000025933,,0,
1786043891031633447,1786043891.027257002,/novatel/oem7/odom,/novatel/oem7/fix,/novatel/oem7/odom,39.663,-75.756,-1.801179222,0.005034006,0.000048211,0.004752097,0.001660959,0.000048211,,,
1786043891035364961,1786043891.034425504,/novatel/oem7/odom,/novatel/oem7/fix,/novatel/oem7/odom,39.663,-75.756,-1.801179222,0.005034006,0.000048211,0.004752097,0.001660959,0.000048211,,,
1786043891046297616,1786043891.045553722,/novatel/oem7/inspva,/novatel/oem7/inspva,/novatel/oem7/inspva,39.663,-75.756,-1.801172127,0.005440765,0.000100822,0.002317883,0.004922331,0.000100822,,novatel_oem7_msgs.msg.InertialSolutionStatus(status=3),
1786043891048099025,1786043891.045785164,/novatel/oem7/fix,/novatel/oem7/fix,/novatel/oem7/inspva,39.663,-75.756,-1.801172127,0.005440765,0.000100822,0.002317883,0.004922331,0.000100822,,0,
1786043891049596233,1786043891.046507709,/novatel/oem7/odom,/novatel/oem7/fix,/novatel/oem7/odom,39.663,-75.756,-1.801172127,0.005440259,0.000125177,0.005042469,0.002042040,0.000125177,,,
1786043891057090600,1786043891.056328968,/novatel/oem7/odom,/novatel/oem7/fix,/novatel/oem7/odom,39.663,-75.756,-1.801172127,0.005440259,0.000125177,0.005042469,0.002042040,0.000125177,,,
1786043891066103999,1786043891.065087758,/novatel/oem7/inspva,/novatel/oem7/inspva,/novatel/oem7/inspva,39.663,-75.756,-1.801159110,0.005279613,0.000152360,0.002230126,0.004785483,0.000152360,,novatel_oem7_msgs.msg.InertialSolutionStatus(status=3),
1786043891068023181,1786043891.065344137,/novatel/oem7/fix,/novatel/oem7/fix,/novatel/oem7/inspva,39.663,-75.756,-1.801159110,0.005279613,0.000152360,0.002230126,0.004785483,0.000152360,,0,
1786043891069500793,1786043891.065750471,/novatel/oem7/odom,/novatel/oem7/fix,/novatel/oem7/odom,39.663,-75.756,-1.801159110,0.005278877,0.000176009,0.004900798,0.001961816,0.000176009,,,
1786043891075467190,1786043891.074598355,/novatel/oem7/odom,/novatel/oem7/fix,/novatel/oem7/odom,39.663,-75.756,-1.801159110,0.005278877,0.000176009,0.004900798,0.001961816,0.000176009,,,
1786043891086991552,1786043891.086458580,/novatel/oem7/inspva,/novatel/oem7/inspva,/novatel/oem7/inspva,39.663,-75.756,-1.801149664,0.005239601,-0.000079673,0.002019323,0.004834847,-0.000079673,,novatel_oem7_msgs.msg.InertialSolutionStatus(status=3),
1786043891088297005,1786043891.086602761,/novatel/oem7/fix,/novatel/oem7/fix,/novatel/oem7/inspva,39.663,-75.756,-1.801149664,0.005239601,-0.000079673,0.002019323,0.004834847,-0.000079673,,0,
1786043891089350222,1786043891.086953245,/novatel/oem7/odom,/novatel/oem7/fix,/novatel/oem7/odom,39.663,-75.756,-1.801149664,0.005239902,-0.000056507,0.004939324,0.001749184,-0.000056507,,,
1786043891096038454,1786043891.095062623,/novatel/oem7/odom,/novatel/oem7/fix,/novatel/oem7/odom,39.663,-75.756,-1.801149664,0.005239902,-0.000056507,0.004939324,0.001749184,-0.000056507,,,
1786043891106544008,1786043891.105770694,/novatel/oem7/inspva,/novatel/oem7/inspva,/novatel/oem7/inspva,39.663,-75.756,-1.801134399,0.005210376,0.000186823,0.002048090,0.004790965,0.000186823,,novatel_oem7_msgs.msg.InertialSolutionStatus(status=3),
1786043891108297083,1786043891.105994316,/novatel/oem7/fix,/novatel/oem7/fix,/novatel/oem7/inspva,39.663,-75.756,-1.801134399,0.005210376,0.000186823,0.002048090,0.004790965,0.000186823,,0,
1786043891109738190,1786043891.106614198,/novatel/oem7/odom,/novatel/oem7/fix,/novatel/oem7/odom,39.663,-75.756,-1.801134399,0.005209497,0.000209913,0.004896086,0.001779662,0.000209913,,,
1786043891111601696,1786043891.109192332,/novatel/oem7/bestpos,/novatel/oem7/bestpos,/novatel/oem7/odom,39.663,-75.756,33.181343455,0.005209497,0.000209913,0.004896086,0.001779662,0.000209913,,novatel_oem7_msgs.msg.SolutionStatus(status=0),novatel_oem7_msgs.msg.PositionOrVelocityType(type=53)
1786043891112859556,1786043891.109535138,/novatel/oem7/bestvel,/novatel/oem7/bestpos,/novatel/oem7/bestvel,39.663,-75.756,33.181343455,0.005175667,0.000197830,,,,66.413374214,novatel_oem7_msgs.msg.SolutionStatus(status=0),novatel_oem7_msgs.msg.PositionOrVelocityType(type=53)
1786043891115450823,1786043891.114628617,/novatel/oem7/odom,/novatel/oem7/bestpos,/novatel/oem7/odom,39.663,-75.756,33.181343455,0.005209497,0.000209913,0.004896086,0.001779662,0.000209913,,,
1786043891126068544,1786043891.125224278,/novatel/oem7/inspva,/novatel/oem7/inspva,/novatel/oem7/inspva,39.663,-75.756,-1.801123531,0.005094485,0.000111429,0.001716291,0.004796678,0.000111429,,novatel_oem7_msgs.msg.InertialSolutionStatus(status=3),
1786043891128216276,1786043891.125470271,/novatel/oem7/fix,/novatel/oem7/fix,/novatel/oem7/inspva,39.663,-75.756,-1.801123531,0.005094485,0.000111429,0.001716291,0.004796678,0.000111429,,0,
1786043891129352994,1786043891.125771972,/novatel/oem7/odom,/novatel/oem7/fix,/novatel/oem7/odom,39.663,-75.756,-1.801123531,0.005093951,0.000133606,0.004883728,0.001448290,0.000133606,,,
1786043891136903991,1786043891.135488861,/novatel/oem7/odom,/novatel/oem7/fix,/novatel/oem7/odom,39.663,-75.756,-1.801123531,0.005093951,0.000133606,0.004883728,0.001448290,0.000133606,,,
1786043891146798896,1786043891.146007588,/novatel/oem7/inspva,/novatel/oem7/inspva,/novatel/oem7/inspva,39.663,-75.756,-1.801109148,0.005217325,0.000124689,0.001930169,0.004847157,0.000124689,,novatel_oem7_msgs.msg.InertialSolutionStatus(status=3),
1786043891148593364,1786043891.146298977,/novatel/oem7/fix,/novatel/oem7/fix,/novatel/oem7/inspva,39.663,-75.756,-1.801109148,0.005217325,0.000124689,0.001930169,0.004847157,0.000124689,,0,
1786043891149908907,1786043891.146636831,/novatel/oem7/odom,/novatel/oem7/fix,/novatel/oem7/odom,39.663,-75.756,-1.801109148,0.005216725,0.000147687,0.004945901,0.001659000,0.000147687,,,
1786043891156507728,1786043891.155827575,/novatel/oem7/odom,/novatel/oem7/fix,/novatel/oem7/odom,39.663,-75.756,-1.801109148,0.005216725,0.000147687,0.004945901,0.001659000,0.000147687,,,
1786043891166162800,1786043891.165062305,/novatel/oem7/inspva,/novatel/oem7/inspva,/novatel/oem7/inspva,39.663,-75.756,-1.801097702,0.004723160,0.000069746,0.001961385,0.004296651,0.000069746,,novatel_oem7_msgs.msg.InertialSolutionStatus(status=3),
1786043891168206584,1786043891.165440596,/novatel/oem7/fix,/novatel/oem7/fix,/novatel/oem7/inspva,39.663,-75.756,-1.801097702,0.004723160,0.000069746,0.001961385,0.004296651,0.000069746,,0,
1786043891169598742,1786043891.165911754,/novatel/oem7/odom,/novatel/oem7/fix,/novatel/oem7/odom,39.663,-75.756,-1.801097702,0.004722802,0.000090794,0.004398192,0.001720689,0.000090794,,,
1786043891176294217,1786043891.175472415,/novatel/oem7/odom,/novatel/oem7/fix,/novatel/oem7/odom,39.663,-75.756,-1.801097702,0.004722802,0.000090794,0.004398192,0.001720689,0.000090794,,,
1786043891185368425,1786043891.184997586,/novatel/oem7/inspva,/novatel/oem7/inspva,/novatel/oem7/inspva,39.663,-75.756,-1.801084733,0.005153381,0.000054110,0.002355203,0.004583705,0.000054110,,novatel_oem7_msgs.msg.InertialSolutionStatus(status=3),
1786043891186037556,1786043891.185140057,/novatel/oem7/fix,/novatel/oem7/fix,/novatel/oem7/inspva,39.663,-75.756,-1.801084733,0.005153381,0.000054110,0.002355203,0.004583705,0.000054110,,0,
1786043891186529483,1786043891.185565428,/novatel/oem7/odom,/novatel/oem7/fix,/novatel/oem7/odom,39.663,-75.756,-1.801084733,0.005153085,0.000077320,0.004706620,0.002098098,0.000077320,,,
1786043891194915199,1786043891.194344724,/novatel/oem7/odom,/novatel/oem7/fix,/novatel/oem7/odom,39.663,-75.756,-1.801084733,0.005153085,0.000077320,0.004706620,0.002098098,0.000077320,,,
1786043891206737225,1786043891.206328690,/novatel/oem7/inspva,/novatel/oem7/inspva,/novatel/oem7/inspva,39.663,-75.756,-1.801075573,0.004624918,-0.000085368,0.001676183,0.004310484,-0.000085368,,novatel_oem7_msgs.msg.InertialSolutionStatus(status=3),
1786043891207415692,1786043891.206535776,/novatel/oem7/fix,/novatel/oem7/fix,/novatel/oem7/inspva,39.663,-75.756,-1.801075573,0.004624918,-0.000085368,0.001676183,0.004310484,-0.000085368,,0,
1786043891207893170,1786043891.206956797,/novatel/oem7/odom,/novatel/oem7/fix,/novatel/oem7/odom,39.663,-75.756,-1.801075573,0.004625248,-0.000065062,0.004396837,0.001435531,-0.000065062,,,
1786043891210325519,1786043891.209956307,/novatel/oem7/bestpos,/novatel/oem7/bestpos,/novatel/oem7/odom,39.663,-75.756,33.181394787,0.004625248,-0.000065062,0.004396837,0.001435531,-0.000065062,,novatel_oem7_msgs.msg.SolutionStatus(status=0),novatel_oem7_msgs.msg.PositionOrVelocityType(type=53)
1786043891210999526,1786043891.210379682,/novatel/oem7/bestvel,/novatel/oem7/bestpos,/novatel/oem7/bestvel,39.663,-75.756,33.181394787,0.004403071,-0.000137666,,,,60.018013557,novatel_oem7_msgs.msg.SolutionStatus(status=0),novatel_oem7_msgs.msg.PositionOrVelocityType(type=53)
1786043891215055489,1786043891.214653628,/novatel/oem7/odom,/novatel/oem7/bestpos,/novatel/oem7/odom,39.663,-75.756,33.181394787,0.004625248,-0.000065062,0.004396837,0.001435531,-0.000065062,,,
1786043891225779601,1786043891.225011954,/novatel/oem7/inspva,/novatel/oem7/inspva,/novatel/oem7/inspva,39.663,-75.756,-1.801063692,0.005047266,-0.000112213,0.002238631,0.004523652,-0.000112213,,novatel_oem7_msgs.msg.InertialSolutionStatus(status=3),
1786043891227129560,1786043891.225277147,/novatel/oem7/fix,/novatel/oem7/fix,/novatel/oem7/inspva,39.663,-75.756,-1.801063692,0.005047266,-0.000112213,0.002238631,0.004523652,-0.000112213,,0,
1786043891227957486,1786043891.225578101,/novatel/oem7/odom,/novatel/oem7/fix,/novatel/oem7/odom,39.663,-75.756,-1.801063692,0.005047718,-0.000089599,0.004640865,0.001985404,-0.000089599,,,
1786043891235893146,1786043891.235431418,/novatel/oem7/odom,/novatel/oem7/fix,/novatel/oem7/odom,39.663,-75.756,-1.801063692,0.005047718,-0.000089599,0.004640865,0.001985404,-0.000089599,,,
1786043891245639614,1786043891.245195413,/novatel/oem7/inspva,/novatel/oem7/inspva,/novatel/oem7/inspva,39.663,-75.756,-1.801054244,0.004671316,0.000049763,0.001814061,0.004304692,0.000049763,,novatel_oem7_msgs.msg.InertialSolutionStatus(status=3),
1786043891246645489,1786043891.245450503,/novatel/oem7/fix,/novatel/oem7/fix,/novatel/oem7/inspva,39.663,-75.756,-1.801054244,0.004671316,0.000049763,0.001814061,0.004304692,0.000049763,,0,
1786043891247274567,1786043891.245850610,/novatel/oem7/odom,/novatel/oem7/fix,/novatel/oem7/odom,39.663,-75.756,-1.801054244,0.004671050,0.000070445,0.004398175,0.001573138,0.000070445,,,
1786043891257100002,1786043891.256437070,/novatel/oem7/odom,/novatel/oem7/fix,/novatel/oem7/odom,39.663,-75.756,-1.801054244,0.004671050,0.000070445,0.004398175,0.001573138,0.000070445,,,
1786043891266798477,1786043891.266051456,/novatel/oem7/inspva,/novatel/oem7/inspva,/novatel/oem7/inspva,39.663,-75.756,-1.801045488,0.005125871,-0.000284761,0.002319159,0.004571220,-0.000284761,,novatel_oem7_msgs.msg.InertialSolutionStatus(status=3),
1786043891267925027,1786043891.266331039,/novatel/oem7/fix,/novatel/oem7/fix,/novatel/oem7/inspva,39.663,-75.756,-1.801045488,0.005125871,-0.000284761,0.002319159,0.004571220,-0.000284761,,0,
1786043891268750725,1786043891.266730726,/novatel/oem7/odom,/novatel/oem7/fix,/novatel/oem7/odom,39.663,-75.756,-1.801045488,0.005127100,-0.000261708,0.004693449,0.002063660,-0.000261708,,,
1786043891274941478,1786043891.274467042,/novatel/oem7/odom,/novatel/oem7/fix,/novatel/oem7/odom,39.663,-75.756,-1.801045488,0.005127100,-0.000261708,0.004693449,0.002063660,-0.000261708,,,
1786043891285532562,1786043891.285103705,/novatel/oem7/inspva,/novatel/oem7/inspva,/novatel/oem7/inspva,39.663,-75.756,-1.801038278,0.004894670,-0.000508058,0.002003560,0.004465819,-0.000508058,,novatel_oem7_msgs.msg.InertialSolutionStatus(status=3),
1786043891286254549,1786043891.285273433,/novatel/oem7/fix,/novatel/oem7/fix,/novatel/oem7/inspva,39.663,-75.756,-1.801038278,0.004894670,-0.000508058,0.002003560,0.004465819,-0.000508058,,0,
1786043891286790471,1786043891.285637234,/novatel/oem7/odom,/novatel/oem7/fix,/novatel/oem7/odom,39.663,-75.756,-1.801038278,0.004896881,-0.000486287,0.004571631,0.001754888,-0.000486287,,,
1786043891296273045,1786043891.295783554,/novatel/oem7/odom,/novatel/oem7/fix,/novatel/oem7/odom,39.663,-75.756,-1.801038278,0.004896881,-0.000486287,0.004571631,0.001754888,-0.000486287,,,
1786043891306443575,1786043891.305908997,/novatel/oem7/inspva,/novatel/oem7/inspva,/novatel/oem7/inspva,39.663,-75.756,-1.801027202,0.004930481,-0.000158938,0.002435877,0.004286741,-0.000158938,,novatel_oem7_msgs.msg.InertialSolutionStatus(status=3),
1786043891307364517,1786043891.306112895,/novatel/oem7/fix,/novatel/oem7/fix,/novatel/oem7/inspva,39.663,-75.756,-1.801027202,0.004930481,-0.000158938,0.002435877,0.004286741,-0.000158938,,0,
1786043891308093782,1786043891.306502222,/novatel/oem7/odom,/novatel/oem7/fix,/novatel/oem7/odom,39.663,-75.756,-1.801027202,0.004931149,-0.000136678,0.004415400,0.002195557,-0.000136678,,,
1786043891309691881,1786043891.309292895,/novatel/oem7/bestpos,/novatel/oem7/bestpos,/novatel/oem7/odom,39.663,-75.756,33.181441827,0.004931149,-0.000136678,0.004415400,0.002195557,-0.000136678,,novatel_oem7_msgs.msg.SolutionStatus(status=0),novatel_oem7_msgs.msg.PositionOrVelocityType(type=53)
1786043891310371023,1786043891.309982515,/novatel/oem7/bestvel,/novatel/oem7/bestpos,/novatel/oem7/bestvel,39.663,-75.756,33.181441827,0.004554211,0.000074463,,,,58.189199835,novatel_oem7_msgs.msg.SolutionStatus(status=0),novatel_oem7_msgs.msg.PositionOrVelocityType(type=53)
1786043891315463968,1786043891.314593342,/novatel/oem7/odom,/novatel/oem7/bestpos,/novatel/oem7/odom,39.663,-75.756,33.181441827,0.004931149,-0.000136678,0.004415400,0.002195557,-0.000136678,,,
1786043891328766651,1786043891.327247840,/novatel/oem7/inspva,/novatel/oem7/inspva,/novatel/oem7/inspva,39.663,-75.756,-1.801023843,0.004699052,-0.000460321,0.001890763,0.004301872,-0.000460321,,novatel_oem7_msgs.msg.InertialSolutionStatus(status=3),
1786043891331257406,1786043891.327548172,/novatel/oem7/fix,/novatel/oem7/fix,/novatel/oem7/inspva,39.663,-75.756,-1.801023843,0.004699052,-0.000460321,0.001890763,0.004301872,-0.000460321,,0,
1786043891333009870,1786043891.328546371,/novatel/oem7/odom,/novatel/oem7/fix,/novatel/oem7/odom,39.663,-75.756,-1.801023843,0.004701051,-0.000439441,0.004401531,0.001651181,-0.000439441,,,
1786043891336171202,1786043891.334701927,/novatel/oem7/odom,/novatel/oem7/fix,/novatel/oem7/odom,39.663,-75.756,-1.801023843,0.004701051,-0.000439441,0.004401531,0.001651181,-0.000439441,,,
1786043891345865771,1786043891.345080331,/novatel/oem7/inspva,/novatel/oem7/inspva,/novatel/oem7/inspva,39.663,-75.756,-1.801015456,0.004794792,-0.000500366,0.002217536,0.004251184,-0.000500366,,novatel_oem7_msgs.msg.InertialSolutionStatus(status=3),
1786043891347464778,1786043891.345255552,/novatel/oem7/fix,/novatel/oem7/fix,/novatel/oem7/inspva,39.663,-75.756,-1.801015456,0.004794792,-0.000500366,0.002217536,0.004251184,-0.000500366,,0,
1786043891348696750,1786043891.345685139,/novatel/oem7/odom,/novatel/oem7/fix,/novatel/oem7/odom,39.663,-75.756,-1.801015456,0.004796991,-0.000478824,0.004369104,0.001980417,-0.000478824,,,
1786043891357223467,1786043891.355993912,/novatel/oem7/odom,/novatel/oem7/fix,/novatel/oem7/odom,39.663,-75.756,-1.801015456,0.004796991,-0.000478824,0.004369104,0.001980417,-0.000478824,,,
1786043891366241626,1786043891.365251913,/novatel/oem7/inspva,/novatel/oem7/inspva,/novatel/oem7/inspva,39.663,-75.756,-1.801011904,0.004440397,-0.000467104,0.002249820,0.003828243,-0.000467104,,novatel_oem7_msgs.msg.InertialSolutionStatus(status=3),
1786043891368386655,1786043891.365526446,/novatel/oem7/fix,/novatel/oem7/fix,/novatel/oem7/inspva,39.663,-75.756,-1.801011904,0.004440397,-0.000467104,0.002249820,0.003828243,-0.000467104,,0,
1786043891369963561,1786043891.366081111,/novatel/oem7/odom,/novatel/oem7/fix,/novatel/oem7/odom,39.663,-75.756,-1.801011904,0.004442468,-0.000446980,0.003948485,0.002035924,-0.000446980,,,
1786043891375393293,1786043891.374628459,/novatel/oem7/odom,/novatel/oem7/fix,/novatel/oem7/odom,39.663,-75.756,-1.801011904,0.004442468,-0.000446980,0.003948485,0.002035924,-0.000446980,,,
1786043891387629025,1786043891.386188603,/novatel/oem7/inspva,/novatel/oem7/inspva,/novatel/oem7/inspva,39.663,-75.756,-1.801007392,0.004370209,-0.000567505,0.002237898,0.003753737,-0.000567505,,novatel_oem7_msgs.msg.InertialSolutionStatus(status=3),
1786043891390164057,1786043891.386526040,/novatel/oem7/fix,/novatel/oem7/fix,/novatel/oem7/inspva,39.663,-75.756,-1.801007392,0.004370209,-0.000567505,0.002237898,0.003753737,-0.000567505,,0,
1786043891392026703,1786043891.387345472,/novatel/oem7/odom,/novatel/oem7/fix,/novatel/oem7/odom,39.663,-75.756,-1.801007392,0.004372735,-0.000547700,0.003873826,0.002028371,-0.000547700,,,
1786043891395537525,1786043891.394511628,/novatel/oem7/odom,/novatel/oem7/fix,/novatel/oem7/odom,39.663,-75.756,-1.801007392,0.004372735,-0.000547700,0.003873826,0.002028371,-0.000547700,,,
1786043891406408013,1786043891.405807913,/novatel/oem7/inspva,/novatel/oem7/inspva,/novatel/oem7/inspva,39.663,-75.756,-1.801006233,0.004463347,-0.000729374,0.002557535,0.003657934,-0.000729374,,novatel_oem7_msgs.msg.InertialSolutionStatus(status=3),
1786043891407961432,1786043891.405987812,/novatel/oem7/fix,/novatel/oem7/fix,/novatel/oem7/inspva,39.663,-75.756,-1.801006233,0.004463347,-0.000729374,0.002557535,0.003657934,-0.000729374,,0,
1786043891409141281,1786043891.406579484,/novatel/oem7/odom,/novatel/oem7/fix,/novatel/oem7/odom,39.663,-75.756,-1.801006233,0.004466618,-0.000709065,0.003796443,0.002353231,-0.000709065,,,
1786043891410834732,1786043891.409598462,/novatel/oem7/bestpos,/novatel/oem7/bestpos,/novatel/oem7/odom,39.663,-75.756,33.181457889,0.004466618,-0.000709065,0.003796443,0.002353231,-0.000709065,,novatel_oem7_msgs.msg.SolutionStatus(status=0),novatel_oem7_msgs.msg.PositionOrVelocityType(type=53)
1786043891411893846,1786043891.410087717,/novatel/oem7/bestvel,/novatel/oem7/bestpos,/novatel/oem7/bestvel,39.663,-75.756,33.181457889,0.004288844,-0.000610764,,,,54.085445581,novatel_oem7_msgs.msg.SolutionStatus(status=0),novatel_oem7_msgs.msg.PositionOrVelocityType(type=53)
1786043891417105397,1786043891.415571336,/novatel/oem7/odom,/novatel/oem7/bestpos,/novatel/oem7/odom,39.663,-75.756,33.181457889,0.004466618,-0.000709065,0.003796443,0.002353231,-0.000709065,,,
1786043891425671619,1786043891.425224929,/novatel/oem7/inspva,/novatel/oem7/inspva,/novatel/oem7/inspva,39.663,-75.756,-1.801000726,0.004292528,-0.000416915,0.002356021,0.003588170,-0.000416915,,novatel_oem7_msgs.msg.InertialSolutionStatus(status=3),
1786043891426545569,1786043891.425483134,/novatel/oem7/fix,/novatel/oem7/fix,/novatel/oem7/inspva,39.663,-75.756,-1.801000726,0.004292528,-0.000416915,0.002356021,0.003588170,-0.000416915,,0,
1786043891427231690,1786043891.425870068,/novatel/oem7/odom,/novatel/oem7/fix,/novatel/oem7/odom,39.663,-75.756,-1.801000726,0.004294378,-0.000397405,0.003714484,0.002155062,-0.000397405,,,
1786043891435009500,1786043891.434544477,/novatel/oem7/odom,/novatel/oem7/fix,/novatel/oem7/odom,39.663,-75.756,-1.801000726,0.004294378,-0.000397405,0.003714484,0.002155062,-0.000397405,,,
1786043891447993017,1786043891.446625444,/novatel/oem7/inspva,/novatel/oem7/inspva,/novatel/oem7/inspva,39.663,-75.756,-1.801001478,0.004476187,-0.000458690,0.002480188,0.003726248,-0.000458690,,novatel_oem7_msgs.msg.InertialSolutionStatus(status=3),
1786043891448941049,1786043891.446976511,/novatel/oem7/fix,/novatel/oem7/fix,/novatel/oem7/inspva,39.663,-75.756,-1.801001478,0.004476187,-0.000458690,0.002480188,0.003726248,-0.000458690,,0,
1786043891449622303,1786043891.447443946,/novatel/oem7/odom,/novatel/oem7/fix,/novatel/oem7/odom,39.663,-75.756,-1.801001478,0.004478228,-0.000438323,0.003859394,0.002271476,-0.000438323,,,
1786043891457173577,1786043891.456698033,/novatel/oem7/odom,/novatel/oem7/fix,/novatel/oem7/odom,39.663,-75.756,-1.801001478,0.004478228,-0.000438323,0.003859394,0.002271476,-0.000438323,,,
1786043891465317475,1786043891.464951923,/novatel/oem7/inspva,/novatel/oem7/inspva,/novatel/oem7/inspva,39.663,-75.756,-1.800999176,0.004326729,-0.000420790,0.002169372,0.003743582,-0.000420790,,novatel_oem7_msgs.msg.InertialSolutionStatus(status=3),
1786043891466122839,1786043891.465065808,/novatel/oem7/fix,/novatel/oem7/fix,/novatel/oem7/inspva,39.663,-75.756,-1.800999176,0.004326729,-0.000420790,0.002169372,0.003743582,-0.000420790,,0,
1786043891466728484,1786043891.465681225,/novatel/oem7/odom,/novatel/oem7/fix,/novatel/oem7/odom,39.663,-75.756,-1.800999176,0.004328588,-0.000401213,0.003859375,0.001960077,-0.000401213,,,
1786043891476164941,1786043891.475483722,/novatel/oem7/odom,/novatel/oem7/fix,/novatel/oem7/odom,39.663,-75.756,-1.800999176,0.004328588,-0.000401213,0.003859375,0.001960077,-0.000401213,,,
1786043891488754200,1786043891.485183684,/novatel/oem7/inspva,/novatel/oem7/inspva,/novatel/oem7/inspva,39.663,-75.756,-1.801002639,0.004181812,-0.000882688,0.002202415,0.003554845,-0.000882688,,novatel_oem7_msgs.msg.InertialSolutionStatus(status=3),
1786043891497564726,1786043891.485358484,/novatel/oem7/fix,/novatel/oem7/fix,/novatel/oem7/inspva,39.663,-75.756,-1.801002639,0.004181812,-0.000882688,0.002202415,0.003554845,-0.000882688,,0,
1786043891499941000,1786043891.485928865,/novatel/oem7/odom,/novatel/oem7/fix,/novatel/oem7/odom,39.663,-75.756,-1.801002639,0.004185767,-0.000863740,0.003674487,0.002004691,-0.000863740,,,
1786043891501174773,1786043891.494869060,/novatel/oem7/odom,/novatel/oem7/fix,/novatel/oem7/odom,39.663,-75.756,-1.801002639,0.004185767,-0.000863740,0.003674487,0.002004691,-0.000863740,,,
1786043891506950914,1786043891.505999920,/novatel/oem7/inspva,/novatel/oem7/inspva,/novatel/oem7/inspva,39.663,-75.756,-1.801000987,0.004167958,-0.000613974,0.002058221,0.003624307,-0.000613974,,novatel_oem7_msgs.msg.InertialSolutionStatus(status=3),
1786043891508467027,1786043891.506239739,/novatel/oem7/fix,/novatel/oem7/fix,/novatel/oem7/inspva,39.663,-75.756,-1.801000987,0.004167958,-0.000613974,0.002058221,0.003624307,-0.000613974,,0,
1786043891509488913,1786043891.506645017,/novatel/oem7/odom,/novatel/oem7/fix,/novatel/oem7/odom,39.663,-75.756,-1.801000987,0.004170680,-0.000595199,0.003734855,0.001856187,-0.000595199,,,
1786043891511402695,1786043891.510880560,/novatel/oem7/bestpos,/novatel/oem7/bestpos,/novatel/oem7/odom,39.663,-75.756,33.181458758,0.004170680,-0.000595199,0.003734855,0.001856187,-0.000595199,,novatel_oem7_msgs.msg.SolutionStatus(status=0),novatel_oem7_msgs.msg.PositionOrVelocityType(type=53)
1786043891512495500,1786043891.511534893,/novatel/oem7/bestvel,/novatel/oem7/bestpos,/novatel/oem7/bestvel,39.663,-75.756,33.181458758,0.004071352,-0.000576669,,,,58.469943987,novatel_oem7_msgs.msg.SolutionStatus(status=0),novatel_oem7_msgs.msg.PositionOrVelocityType(type=53)
1786043891515076870,1786043891.514436936,/novatel/oem7/odom,/novatel/oem7/bestpos,/novatel/oem7/odom,39.663,-75.756,33.181458758,0.004170680,-0.000595199,0.003734855,0.001856187,-0.000595199,,,
1786043891525701203,1786043891.525088558,/novatel/oem7/inspva,/novatel/oem7/inspva,/novatel/oem7/inspva,39.663,-75.756,-1.801007092,0.003942647,-0.000756416,0.002243493,0.003242099,-0.000756416,,novatel_oem7_msgs.msg.InertialSolutionStatus(status=3),
1786043891526797248,1786043891.525251380,/novatel/oem7/fix,/novatel/oem7/fix,/novatel/oem7/inspva,39.663,-75.756,-1.801007092,0.003942647,-0.000756416,0.002243493,0.003242099,-0.000756416,,0,
1786043891527619301,1786043891.525773492,/novatel/oem7/odom,/novatel/oem7/fix,/novatel/oem7/odom,39.663,-75.756,-1.801007092,0.003946041,-0.000738509,0.003364024,0.002062664,-0.000738509,,,
1786043891536137957,1786043891.535378946,/novatel/oem7/odom,/novatel/oem7/fix,/novatel/oem7/odom,39.663,-75.756,-1.801007092,0.003946041,-0.000738509,0.003364024,0.002062664,-0.000738509,,,
1786043891546156171,1786043891.545102979,/novatel/oem7/inspva,/novatel/oem7/inspva,/novatel/oem7/inspva,39.663,-75.756,-1.801009045,0.004035273,-0.000768216,0.001958793,0.003527968,-0.000768216,,novatel_oem7_msgs.msg.InertialSolutionStatus(status=3),
1786043891547597411,1786043891.545461643,/novatel/oem7/fix,/novatel/oem7/fix,/novatel/oem7/inspva,39.663,-75.756,-1.801009045,0.004035273,-0.000768216,0.001958793,0.003527968,-0.000768216,,0,
1786043891548757865,1786043891.545907718,/novatel/oem7/odom,/novatel/oem7/fix,/novatel/oem7/odom,39.663,-75.756,-1.801009045,0.004038677,-0.000750115,0.003633758,0.001762588,-0.000750115,,,
1786043891556446764,1786043891.555611743,/novatel/oem7/odom,/novatel/oem7/fix,/novatel/oem7/odom,39.663,-75.756,-1.801009045,0.004038677,-0.000750115,0.003633758,0.001762588,-0.000750115,,,
1786043891567277859,1786043891.566512354,/novatel/oem7/inspva,/novatel/oem7/inspva,/novatel/oem7/inspva,39.663,-75.756,-1.801007419,0.004099492,-0.000012876,0.002218473,0.003447349,-0.000012876,,novatel_oem7_msgs.msg.InertialSolutionStatus(status=3),
1786043891568621216,1786043891.566729096,/novatel/oem7/fix,/novatel/oem7/fix,/novatel/oem7/inspva,39.663,-75.756,-1.801007419,0.004099492,-0.000012876,0.002218473,0.003447349,-0.000012876,,0,
1786043891569551708,1786043891.567020971,/novatel/oem7/odom,/novatel/oem7/fix,/novatel/oem7/odom,39.663,-75.756,-1.801007419,0.004099509,0.000005648,0.003564817,0.002024364,0.000005648,,,
1786043891575644378,1786043891.574805039,/novatel/oem7/odom,/novatel/oem7/fix,/novatel/oem7/odom,39.663,-75.756,-1.801007419,0.004099509,0.000005648,0.003564817,0.002024364,0.000005648,,,
1786043891585673575,1786043891.584892106,/novatel/oem7/inspva,/novatel/oem7/inspva,/novatel/oem7/inspva,39.663,-75.756,-1.801009969,0.004075969,-0.000428736,0.002045657,0.003525451,-0.000428736,,novatel_oem7_msgs.msg.InertialSolutionStatus(status=3),
1786043891586992496,1786043891.585152325,/novatel/oem7/fix,/novatel/oem7/fix,/novatel/oem7/inspva,39.663,-75.756,-1.801009969,0.004075969,-0.000428736,0.002045657,0.003525451,-0.000428736,,0,
1786043891588006086,1786043891.585508952,/novatel/oem7/odom,/novatel/oem7/fix,/novatel/oem7/odom,39.663,-75.756,-1.801009969,0.004077853,-0.000410423,0.003634803,0.001848539,-0.000410423,,,
1786043891596006035,1786043891.595412887,/novatel/oem7/odom,/novatel/oem7/fix,/novatel/oem7/odom,39.663,-75.756,-1.801009969,0.004077853,-0.000410423,0.003634803,0.001848539,-0.000410423,,,
1786043891608838811,1786043891.607449285,/novatel/oem7/inspva,/novatel/oem7/inspva,/novatel/oem7/inspva,39.663,-75.756,-1.801011943,0.003862575,-0.000530094,0.002003455,0.003302371,-0.000530094,,novatel_oem7_msgs.msg.InertialSolutionStatus(status=3),
1786043891610548269,1786043891.608882442,/novatel/oem7/fix,/novatel/oem7/fix,/novatel/oem7/inspva,39.663,-75.756,-1.801011943,0.003862575,-0.000530094,0.002003455,0.003302371,-0.000530094,,0,
1786043891612080742,1786043891.610252722,/novatel/oem7/odom,/novatel/oem7/fix,/novatel/oem7/odom,39.663,-75.756,-1.801011943,0.003864916,-0.000512748,0.003410102,0.001819005,-0.000512748,,,
1786043891613597295,1786043891.611854267,/novatel/oem7/bestpos,/novatel/oem7/bestpos,/novatel/oem7/odom,39.663,-75.756,33.181453791,0.003864916,-0.000512748,0.003410102,0.001819005,-0.000512748,,novatel_oem7_msgs.msg.SolutionStatus(status=0),novatel_oem7_msgs.msg.PositionOrVelocityType(type=53)
1786043891614917956,1786043891.612863537,/novatel/oem7/bestvel,/novatel/oem7/bestpos,/novatel/oem7/bestvel,39.663,-75.756,33.181453791,0.003685651,-0.000412199,,,,57.875434671,novatel_oem7_msgs.msg.SolutionStatus(status=0),novatel_oem7_msgs.msg.PositionOrVelocityType(type=53)
1786043891616494687,1786043891.615546326,/novatel/oem7/odom,/novatel/oem7/bestpos,/novatel/oem7/odom,39.663,-75.756,33.181453791,0.003864916,-0.000512748,0.003410102,0.001819005,-0.000512748,,,
1786043891626710601,1786043891.626246377,/novatel/oem7/inspva,/novatel/oem7/inspva,/novatel/oem7/inspva,39.663,-75.756,-1.801012738,0.003707789,-0.000537371,0.001829775,0.003224845,-0.000537371,,novatel_oem7_msgs.msg.InertialSolutionStatus(status=3),
1786043891627820618,1786043891.626347305,/novatel/oem7/fix,/novatel/oem7/fix,/novatel/oem7/inspva,39.663,-75.756,-1.801012738,0.003707789,-0.000537371,0.001829775,0.003224845,-0.000537371,,0,
1786043891628673931,1786043891.626848600,/novatel/oem7/odom,/novatel/oem7/fix,/novatel/oem7/odom,39.663,-75.756,-1.801012738,0.003710154,-0.000520794,0.003323114,0.001649897,-0.000520794,,,
1786043891636116705,1786043891.635345651,/novatel/oem7/odom,/novatel/oem7/fix,/novatel/oem7/odom,39.663,-75.756,-1.801012738,0.003710154,-0.000520794,0.003323114,0.001649897,-0.000520794,,,
1786043891646796699,1786043891.645606208,/novatel/oem7/inspva,/novatel/oem7/inspva,/novatel/oem7/inspva,39.663,-75.756,-1.801015567,0.003711096,-0.000340318,0.002227124,0.002968527,-0.000340318,,novatel_oem7_msgs.msg.InertialSolutionStatus(status=3),
1786043891648305109,1786043891.647275841,/novatel/oem7/fix,/novatel/oem7/fix,/novatel/oem7/inspva,39.663,-75.756,-1.801015567,0.003711096,-0.000340318,0.002227124,0.002968527,-0.000340318,,0,
1786043891649974416,1786043891.648644577,/novatel/oem7/odom,/novatel/oem7/fix,/novatel/oem7/odom,39.663,-75.756,-1.801015567,0.003712598,-0.000323522,0.003088465,0.002060284,-0.000323522,,,
1786043891657385140,1786043891.656708518,/novatel/oem7/odom,/novatel/oem7/fix,/novatel/oem7/odom,39.663,-75.756,-1.801015567,0.003712598,-0.000323522,0.003088465,0.002060284,-0.000323522,,,
1786043891665807175,1786043891.665047997,/novatel/oem7/inspva,/novatel/oem7/inspva,/novatel/oem7/inspva,39.663,-75.756,-1.801021376,0.003628857,-0.000753819,0.002131857,0.002936629,-0.000753819,,novatel_oem7_msgs.msg.InertialSolutionStatus(status=3),
1786043891667118892,1786043891.665274329,/novatel/oem7/fix,/novatel/oem7/fix,/novatel/oem7/inspva,39.663,-75.756,-1.801021376,0.003628857,-0.000753819,0.002131857,0.002936629,-0.000753819,,0,
1786043891668347206,1786043891.665524113,/novatel/oem7/odom,/novatel/oem7/fix,/novatel/oem7/odom,39.663,-75.756,-1.801021376,0.003632226,-0.000737416,0.003052872,0.001968003,-0.000737416,,,
1786043891675879241,1786043891.675069368,/novatel/oem7/odom,/novatel/oem7/fix,/novatel/oem7/odom,39.663,-75.756,-1.801021376,0.003632226,-0.000737416,0.003052872,0.001968003,-0.000737416,,,
1786043891687735376,1786043891.686602038,/novatel/oem7/inspva,/novatel/oem7/inspva,/novatel/oem7/inspva,39.663,-75.756,-1.801026875,0.003478787,-0.000614401,0.002116437,0.002760916,-0.000614401,,novatel_oem7_msgs.msg.InertialSolutionStatus(status=3),
1786043891689485134,1786043891.687976674,/novatel/oem7/fix,/novatel/oem7/fix,/novatel/oem7/inspva,39.663,-75.756,-1.801026875,0.003478787,-0.000614401,0.002116437,0.002760916,-0.000614401,,0,
1786043891691519917,1786043891.689338918,/novatel/oem7/odom,/novatel/oem7/fix,/novatel/oem7/odom,39.663,-75.756,-1.801026875,0.003481526,-0.000598690,0.002876085,0.001961927,-0.000598690,,,
1786043891695040265,1786043891.694573312,/novatel/oem7/odom,/novatel/oem7/fix,/novatel/oem7/odom,39.663,-75.756,-1.801026875,0.003481526,-0.000598690,0.002876085,0.001961927,-0.000598690,,,
1786043891706931552,1786043891.705787285,/novatel/oem7/inspva,/novatel/oem7/inspva,/novatel/oem7/inspva,39.663,-75.756,-1.801034982,0.003540506,-0.000679452,0.002305847,0.002686680,-0.000679452,,novatel_oem7_msgs.msg.InertialSolutionStatus(status=3),
1786043891709814101,1786043891.706034298,/novatel/oem7/fix,/novatel/oem7/fix,/novatel/oem7/inspva,39.663,-75.756,-1.801034982,0.003540506,-0.000679452,0.002305847,0.002686680,-0.000679452,,0,
1786043891711482528,1786043891.706727893,/novatel/oem7/odom,/novatel/oem7/fix,/novatel/oem7/odom,39.663,-75.756,-1.801034982,0.003543528,-0.000663510,0.002812676,0.002155329,-0.000663510,,,
1786043891713702911,1786043891.709083680,/novatel/oem7/bestpos,/novatel/oem7/bestpos,/novatel/oem7/odom,39.663,-75.756,33.181430630,0.003543528,-0.000663510,0.002812676,0.002155329,-0.000663510,,novatel_oem7_msgs.msg.SolutionStatus(status=0),novatel_oem7_msgs.msg.PositionOrVelocityType(type=53)
1786043891715129029,1786043891.709609255,/novatel/oem7/bestvel,/novatel/oem7/bestpos,/novatel/oem7/bestvel,39.663,-75.756,33.181430630,0.003572921,-0.000728344,,,,44.330867552,novatel_oem7_msgs.msg.SolutionStatus(status=0),novatel_oem7_msgs.msg.PositionOrVelocityType(type=53)
1786043891717406489,1786043891.715522876,/novatel/oem7/odom,/novatel/oem7/bestpos,/novatel/oem7/odom,39.663,-75.756,33.181430630,0.003543528,-0.000663510,0.002812676,0.002155329,-0.000663510,,,
1786043891726137464,1786043891.725443381,/novatel/oem7/inspva,/novatel/oem7/inspva,/novatel/oem7/inspva,39.663,-75.756,-1.801047565,0.003472582,-0.001039454,0.002102513,0.002763741,-0.001039454,,novatel_oem7_msgs.msg.InertialSolutionStatus(status=3),
1786043891727773355,1786043891.725667496,/novatel/oem7/fix,/novatel/oem7/fix,/novatel/oem7/inspva,39.663,-75.756,-1.801047565,0.003472582,-0.001039454,0.002102513,0.002763741,-0.001039454,,0,
1786043891728964790,1786043891.726268472,/novatel/oem7/odom,/novatel/oem7/fix,/novatel/oem7/odom,39.663,-75.756,-1.801047565,0.003477231,-0.001023796,0.002879692,0.001948976,-0.001023796,,,
1786043891735818870,1786043891.734808419,/novatel/oem7/odom,/novatel/oem7/fix,/novatel/oem7/odom,39.663,-75.756,-1.801047565,0.003477231,-0.001023796,0.002879692,0.001948976,-0.001023796,,,
1786043891747591743,1786043891.746314780,/novatel/oem7/inspva,/novatel/oem7/inspva,/novatel/oem7/inspva,39.663,-75.756,-1.801052155,0.003610539,-0.000820819,0.002366252,0.002727057,-0.000820819,,novatel_oem7_msgs.msg.InertialSolutionStatus(status=3),
1786043891749757202,1786043891.746673534,/novatel/oem7/fix,/novatel/oem7/fix,/novatel/oem7/inspva,39.663,-75.756,-1.801052155,0.003610539,-0.000820819,0.002366252,0.002727057,-0.000820819,,0,
1786043891751467903,1786043891.747339581,/novatel/oem7/odom,/novatel/oem7/fix,/novatel/oem7/odom,39.663,-75.756,-1.801052155,0.003614192,-0.000804581,0.002856862,0.002213758,-0.000804581,,,
1786043891757144491,1786043891.756121757,/novatel/oem7/odom,/novatel/oem7/fix,/novatel/oem7/odom,39.663,-75.756,-1.801052155,0.003614192,-0.000804581,0.002856862,0.002213758,-0.000804581,,,
1786043891766407379,1786043891.765381952,/novatel/oem7/inspva,/novatel/oem7/inspva,/novatel/oem7/inspva,39.663,-75.756,-1.801063449,0.003372526,-0.000881586,0.002188118,0.002566334,-0.000881586,,novatel_oem7_msgs.msg.InertialSolutionStatus(status=3),
1786043891768238164,1786043891.765687452,/novatel/oem7/fix,/novatel/oem7/fix,/novatel/oem7/inspva,39.663,-75.756,-1.801063449,0.003372526,-0.000881586,0.002188118,0.002566334,-0.000881586,,0,
1786043891769620618,1786043891.766278731,/novatel/oem7/odom,/novatel/oem7/fix,/novatel/oem7/odom,39.663,-75.756,-1.801063449,0.003376463,-0.000866382,0.002686741,0.002044976,-0.000866382,,,
1786043891776697600,1786043891.775686894,/novatel/oem7/odom,/novatel/oem7/fix,/novatel/oem7/odom,39.663,-75.756,-1.801063449,0.003376463,-0.000866382,0.002686741,0.002044976,-0.000866382,,,
1786043891786347699,1786043891.785325055,/novatel/oem7/inspva,/novatel/oem7/inspva,/novatel/oem7/inspva,39.663,-75.756,-1.801071730,0.003611854,-0.001014019,0.002328777,0.002760849,-0.001014019,,novatel_oem7_msgs.msg.InertialSolutionStatus(status=3),
1786043891788384306,1786043891.785671209,/novatel/oem7/fix,/novatel/oem7/fix,/novatel/oem7/inspva,39.663,-75.756,-1.801071730,0.003611854,-0.001014019,0.002328777,0.002760849,-0.001014019,,0,
1786043891789961273,1786043891.786149447,/novatel/oem7/odom,/novatel/oem7/fix,/novatel/oem7/odom,39.663,-75.756,-1.801071730,0.003616382,-0.000997752,0.002889252,0.002174956,-0.000997752,,,
1786043891795255224,1786043891.794384831,/novatel/oem7/odom,/novatel/oem7/fix,/novatel/oem7/odom,39.663,-75.756,-1.801071730,0.003616382,-0.000997752,0.002889252,0.002174956,-0.000997752,,,
1786043891807069444,1786043891.805719540,/novatel/oem7/inspva,/novatel/oem7/inspva,/novatel/oem7/inspva,39.663,-75.756,-1.801082663,0.003702276,-0.000937020,0.002613201,0.002622600,-0.000937020,,novatel_oem7_msgs.msg.InertialSolutionStatus(status=3),
1786043891809662521,1786043891.806165038,/novatel/oem7/fix,/novatel/oem7/fix,/novatel/oem7/inspva,39.663,-75.756,-1.801082663,0.003702276,-0.000937020,0.002613201,0.002622600,-0.000937020,,0,
1786043891811668884,1786043891.806911909,/novatel/oem7/odom,/novatel/oem7/fix,/novatel/oem7/odom,39.663,-75.756,-1.801082663,0.003706429,-0.000920453,0.002766669,0.002466407,-0.000920453,,,
1786043891813818543,1786043891.810338031,/novatel/oem7/bestpos,/novatel/oem7/bestpos,/novatel/oem7/odom,39.663,-75.756,33.181375143,0.003706429,-0.000920453,0.002766669,0.002466407,-0.000920453,,novatel_oem7_msgs.msg.SolutionStatus(status=0),novatel_oem7_msgs.msg.PositionOrVelocityType(type=53)
1786043891815340352,1786043891.810883459,/novatel/oem7/bestvel,/novatel/oem7/bestpos,/novatel/oem7/bestvel,39.663,-75.756,33.181375143,0.003938874,-0.001124239,,,,43.734833759,novatel_oem7_msgs.msg.SolutionStatus(status=0),novatel_oem7_msgs.msg.PositionOrVelocityType(type=53)
1786043891817723793,1786043891.814878414,/novatel/oem7/odom,/novatel/oem7/bestpos,/novatel/oem7/odom,39.663,-75.756,33.181375143,0.003706429,-0.000920453,0.002766669,0.002466407,-0.000920453,,,
1786043891825757565,1786043891.824973630,/novatel/oem7/inspva,/novatel/oem7/inspva,/novatel/oem7/inspva,39.663,-75.756,-1.801092043,0.003329348,-0.001033390,0.002386175,0.002321794,-0.001033390,,novatel_oem7_msgs.msg.InertialSolutionStatus(status=3),
1786043891827315514,1786043891.825204176,/novatel/oem7/fix,/novatel/oem7/fix,/novatel/oem7/inspva,39.663,-75.756,-1.801092043,0.003329348,-0.001033390,0.002386175,0.002321794,-0.001033390,,0,
1786043891828496596,1786043891.825629347,/novatel/oem7/odom,/novatel/oem7/fix,/novatel/oem7/odom,39.663,-75.756,-1.801092043,0.003333913,-0.001018566,0.002454100,0.002256627,-0.001018566,,,
1786043891836678120,1786043891.835567735,/novatel/oem7/odom,/novatel/oem7/fix,/novatel/oem7/odom,39.663,-75.756,-1.801092043,0.003333913,-0.001018566,0.002454100,0.002256627,-0.001018566,,,
1786043891848054726,1786043891.846669762,/novatel/oem7/inspva,/novatel/oem7/inspva,/novatel/oem7/inspva,39.663,-75.756,-1.801103795,0.003827973,-0.000928078,0.002521034,0.002880584,-0.000928078,,novatel_oem7_msgs.msg.InertialSolutionStatus(status=3),
1786043891850163044,1786043891.847032912,/novatel/oem7/fix,/novatel/oem7/fix,/novatel/oem7/inspva,39.663,-75.756,-1.801103795,0.003827973,-0.000928078,0.002521034,0.002880584,-0.000928078,,0,
1786043891851808301,1786043891.847710675,/novatel/oem7/odom,/novatel/oem7/fix,/novatel/oem7/odom,39.663,-75.756,-1.801103795,0.003832103,-0.000910874,0.003019115,0.002360076,-0.000910874,,,
1786043891857341441,1786043891.856347797,/novatel/oem7/odom,/novatel/oem7/fix,/novatel/oem7/odom,39.663,-75.756,-1.801103795,0.003832103,-0.000910874,0.003019115,0.002360076,-0.000910874,,,
1786043891867752067,1786043891.866320322,/novatel/oem7/inspva,/novatel/oem7/inspva,/novatel/oem7/inspva,39.663,-75.756,-1.801115108,0.003277666,-0.001162800,0.002111106,0.002507255,-0.001162800,,novatel_oem7_msgs.msg.InertialSolutionStatus(status=3),
1786043891869999840,1786043891.866653212,/novatel/oem7/fix,/novatel/oem7/fix,/novatel/oem7/inspva,39.663,-75.756,-1.801115108,0.003277666,-0.001162800,0.002111106,0.002507255,-0.001162800,,0,
1786043891871169469,1786043891.867349972,/novatel/oem7/odom,/novatel/oem7/fix,/novatel/oem7/odom,39.663,-75.756,-1.801115108,0.003282869,-0.001148029,0.002624555,0.001972040,-0.001148029,,,
1786043891875399715,1786043891.874694081,/novatel/oem7/odom,/novatel/oem7/fix,/novatel/oem7/odom,39.663,-75.756,-1.801115108,0.003282869,-0.001148029,0.002624555,0.001972040,-0.001148029,,,
1786043891885968703,1786043891.885221955,/novatel/oem7/inspva,/novatel/oem7/inspva,/novatel/oem7/inspva,39.663,-75.756,-1.801127072,0.003898989,-0.001063369,0.002688061,0.002824259,-0.001063369,,novatel_oem7_msgs.msg.InertialSolutionStatus(status=3),
1786043891887478565,1786043891.885456841,/novatel/oem7/fix,/novatel/oem7/fix,/novatel/oem7/inspva,39.663,-75.756,-1.801127072,0.003898989,-0.001063369,0.002688061,0.002824259,-0.001063369,,0,
1786043891888613750,1786043891.885976173,/novatel/oem7/odom,/novatel/oem7/fix,/novatel/oem7/odom,39.663,-75.756,-1.801127072,0.003903712,-0.001045895,0.002972643,0.002530289,-0.001045895,,,
1786043891896317452,1786043891.895394989,/novatel/oem7/odom,/novatel/oem7/fix,/novatel/oem7/odom,39.663,-75.756,-1.801127072,0.003903712,-0.001045895,0.002972643,0.002530289,-0.001045895,,,
1786043891907444635,1786043891.906339019,/novatel/oem7/inspva,/novatel/oem7/inspva,/novatel/oem7/inspva,39.663,-75.756,-1.801139465,0.003214928,-0.001028254,0.002309971,0.002236022,-0.001028254,,novatel_oem7_msgs.msg.InertialSolutionStatus(status=3),
1786043891909897537,1786043891.907622187,/novatel/oem7/fix,/novatel/oem7/fix,/novatel/oem7/inspva,39.663,-75.756,-1.801139465,0.003214928,-0.001028254,0.002309971,0.002236022,-0.001028254,,0,
1786043891910665781,1786043891.909077952,/novatel/oem7/odom,/novatel/oem7/fix,/novatel/oem7/odom,39.663,-75.756,-1.801139465,0.003219490,-0.001013878,0.002364272,0.002185254,-0.001013878,,,
1786043891911527378,1786043891.910632667,/novatel/oem7/bestpos,/novatel/oem7/bestpos,/novatel/oem7/odom,39.663,-75.756,33.181307560,0.003219490,-0.001013878,0.002364272,0.002185254,-0.001013878,,novatel_oem7_msgs.msg.SolutionStatus(status=0),novatel_oem7_msgs.msg.PositionOrVelocityType(type=53)
1786043891912340765,1786043891.911551466,/novatel/oem7/bestvel,/novatel/oem7/bestpos,/novatel/oem7/bestvel,39.663,-75.756,33.181307560,0.003359952,-0.001070293,,,,54.834521836,novatel_oem7_msgs.msg.SolutionStatus(status=0),novatel_oem7_msgs.msg.PositionOrVelocityType(type=53)
1786043891915210598,1786043891.914832327,/novatel/oem7/odom,/novatel/oem7/bestpos,/novatel/oem7/odom,39.663,-75.756,33.181307560,0.003219490,-0.001013878,0.002364272,0.002185254,-0.001013878,,,
1786043891926718792,1786043891.926182653,/novatel/oem7/inspva,/novatel/oem7/inspva,/novatel/oem7/inspva,39.663,-75.756,-1.801159381,0.003985760,-0.001529159,0.002998829,0.002625511,-0.001529159,,novatel_oem7_msgs.msg.InertialSolutionStatus(status=3),
1786043891927637321,1786043891.926309883,/novatel/oem7/fix,/novatel/oem7/fix,/novatel/oem7/inspva,39.663,-75.756,-1.801159381,0.003985760,-0.001529159,0.002998829,0.002625511,-0.001529159,,0,
1786043891928143318,1786043891.926918504,/novatel/oem7/odom,/novatel/oem7/fix,/novatel/oem7/odom,39.663,-75.756,-1.801159381,0.003992486,-0.001511512,0.002793116,0.002852797,-0.001511512,,,
1786043891935246454,1786043891.934615304,/novatel/oem7/odom,/novatel/oem7/fix,/novatel/oem7/odom,39.663,-75.756,-1.801159381,0.003992486,-0.001511512,0.002793116,0.002852797,-0.001511512,,,
1786043891946692553,1786043891.945411839,/novatel/oem7/inspva,/novatel/oem7/inspva,/novatel/oem7/inspva,39.663,-75.756,-1.801169583,0.003443591,-0.001008747,0.002406636,0.002463010,-0.001008747,,novatel_oem7_msgs.msg.InertialSolutionStatus(status=3),
1786043891947975477,1786043891.946856700,/novatel/oem7/fix,/novatel/oem7/fix,/novatel/oem7/inspva,39.663,-75.756,-1.801169583,0.003443591,-0.001008747,0.002406636,0.002463010,-0.001008747,,0,
1786043891948867696,1786043891.948358297,/novatel/oem7/odom,/novatel/oem7/fix,/novatel/oem7/odom,39.663,-75.756,-1.801169583,0.003448080,-0.000993294,0.002596169,0.002269176,-0.000993294,,,
1786043891956458388,1786043891.956048105,/novatel/oem7/odom,/novatel/oem7/fix,/novatel/oem7/odom,39.663,-75.756,-1.801169583,0.003448080,-0.000993294,0.002596169,0.002269176,-0.000993294,,,
1786043891967046895,1786043891.966464267,/novatel/oem7/inspva,/novatel/oem7/inspva,/novatel/oem7/inspva,39.663,-75.756,-1.801186920,0.003852641,-0.001134382,0.002539633,0.002897086,-0.001134382,,novatel_oem7_msgs.msg.InertialSolutionStatus(status=3),
1786043891968010540,1786043891.966624307,/novatel/oem7/fix,/novatel/oem7/fix,/novatel/oem7/inspva,39.663,-75.756,-1.801186920,0.003852641,-0.001134382,0.002539633,0.002897086,-0.001134382,,0,
1786043891968545619,1786043891.967137238,/novatel/oem7/odom,/novatel/oem7/fix,/novatel/oem7/odom,39.663,-75.756,-1.801186920,0.003857709,-0.001117025,0.003037426,0.002378227,-0.001117025,,,
1786043891975275407,1786043891.974778697,/novatel/oem7/odom,/novatel/oem7/fix,/novatel/oem7/odom,39.663,-75.756,-1.801186920,0.003857709,-0.001117025,0.003037426,0.002378227,-0.001117025,,,
1786043891986488322,1786043891.985956967,/novatel/oem7/inspva,/novatel/oem7/inspva,/novatel/oem7/inspva,39.663,-75.756,-1.801202154,0.003388413,-0.001235940,0.002380437,0.002411403,-0.001235940,,novatel_oem7_msgs.msg.InertialSolutionStatus(status=3),
1786043891987305821,1786043891.986194983,/novatel/oem7/fix,/novatel/oem7/fix,/novatel/oem7/inspva,39.663,-75.756,-1.801202154,0.003388413,-0.001235940,0.002380437,0.002411403,-0.001235940,,0,
1786043891987862435,1786043891.986832000,/novatel/oem7/odom,/novatel/oem7/fix,/novatel/oem7/odom,39.663,-75.756,-1.801202154,0.003393914,-0.001220754,0.002544062,0.002246419,-0.001220754,,,
1786043891995192380,1786043891.994618549,/novatel/oem7/odom,/novatel/oem7/fix,/novatel/oem7/odom,39.663,-75.756,-1.801202154,0.003393914,-0.001220754,0.002544062,0.002246419,-0.001220754,,,
1786043892008952198,1786043892.008208691,/novatel/oem7/inspva,/novatel/oem7/inspva,/novatel/oem7/inspva,39.663,-75.756,-1.801219195,0.003700670,-0.001195196,0.002613565,0.002619969,-0.001195196,,novatel_oem7_msgs.msg.InertialSolutionStatus(status=3),
1786043892010199862,1786043892.008525644,/novatel/oem7/fix,/novatel/oem7/fix,/novatel/oem7/inspva,39.663,-75.756,-1.801219195,0.003700670,-0.001195196,0.002613565,0.002619969,-0.001195196,,0,
1786043892011881584,1786043892.011278419,/novatel/oem7/odom,/novatel/oem7/fix,/novatel/oem7/odom,39.663,-75.756,-1.801219195,0.003705973,-0.001178649,0.002765036,0.002467552,-0.001178649,,,
1786043892017281403,1786043892.016706905,/novatel/oem7/odom,/novatel/oem7/fix,/novatel/oem7/odom,39.663,-75.756,-1.801219195,0.003705973,-0.001178649,0.002765036,0.002467552,-0.001178649,,,
1786043892025320116,1786043892.024544271,/novatel/oem7/bestpos,/novatel/oem7/bestpos,/novatel/oem7/odom,39.663,-75.756,33.181226877,0.003705973,-0.001178649,0.002765036,0.002467552,-0.001178649,,novatel_oem7_msgs.msg.SolutionStatus(status=0),novatel_oem7_msgs.msg.PositionOrVelocityType(type=53)
1786043892026820163,1786043892.025117114,/novatel/oem7/bestvel,/novatel/oem7/bestpos,/novatel/oem7/bestvel,39.663,-75.756,33.181226877,0.003556341,-0.001077174,,,,46.674984809,novatel_oem7_msgs.msg.SolutionStatus(status=0),novatel_oem7_msgs.msg.PositionOrVelocityType(type=53)
1786043892028128150,1786043892.026641669,/novatel/oem7/inspva,/novatel/oem7/inspva,/novatel/oem7/inspva,39.663,-75.756,-1.801235074,0.003293317,-0.001057012,0.002323384,0.002334057,-0.001057012,,novatel_oem7_msgs.msg.InertialSolutionStatus(status=3),
1786043892028566481,1786043892.026803358,/novatel/oem7/fix,/novatel/oem7/fix,/novatel/oem7/inspva,39.663,-75.756,-1.801235074,0.003293317,-0.001057012,0.002323384,0.002334057,-0.001057012,,0,
1786043892029056869,1786043892.027392947,/novatel/oem7/odom,/novatel/oem7/fix,/novatel/oem7/odom,39.663,-75.756,-1.801235074,0.003298016,-0.001042258,0.002463020,0.002193272,-0.001042258,,,
1786043892034900969,1786043892.034383115,/novatel/oem7/odom,/novatel/oem7/fix,/novatel/oem7/odom,39.663,-75.756,-1.801235074,0.003298016,-0.001042258,0.002463020,0.002193272,-0.001042258,,,
1786043892045550867,1786043892.044979428,/novatel/oem7/inspva,/novatel/oem7/inspva,/novatel/oem7/inspva,39.663,-75.756,-1.801234901,0.003509679,-0.001284838,0.002601882,0.002355431,-0.001284838,,novatel_oem7_msgs.msg.InertialSolutionStatus(status=3),
1786043892046303784,1786043892.045137432,/novatel/oem7/fix,/novatel/oem7/fix,/novatel/oem7/inspva,39.663,-75.756,-1.801234901,0.003509679,-0.001284838,0.002601882,0.002355431,-0.001284838,,0,
1786043892046981175,1786043892.045742664,/novatel/oem7/odom,/novatel/oem7/fix,/novatel/oem7/odom,39.663,-75.756,-1.801234901,0.003515354,-0.001269230,0.002500633,0.002470738,-0.001269230,,,
1786043892057369309,1786043892.056798410,/novatel/oem7/odom,/novatel/oem7/fix,/novatel/oem7/odom,39.663,-75.756,-1.801234901,0.003515354,-0.001269230,0.002500633,0.002470738,-0.001269230,,,
1786043892066617571,1786043892.065058951,/novatel/oem7/inspva,/novatel/oem7/inspva,/novatel/oem7/inspva,39.663,-75.756,-1.801232388,0.003292846,-0.001149160,0.002445744,0.002204807,-0.001149160,,novatel_oem7_msgs.msg.InertialSolutionStatus(status=3),
1786043892068565780,1786043892.065272366,/novatel/oem7/fix,/novatel/oem7/fix,/novatel/oem7/inspva,39.663,-75.756,-1.801232388,0.003292846,-0.001149160,0.002445744,0.002204807,-0.001149160,,0,
1786043892070074560,1786043892.066063539,/novatel/oem7/odom,/novatel/oem7/fix,/novatel/oem7/odom,39.663,-75.756,-1.801232388,0.003515360,-0.001269212,0.002500652,0.002470728,-0.001269212,,,
1786043892075393517,1786043892.074511298,/novatel/oem7/odom,/novatel/oem7/fix,/novatel/oem7/odom,39.663,-75.756,-1.801232388,0.003297924,-0.001134505,0.002341110,0.002322823,-0.001134505,,,
1786043892087305692,1786043892.086619944,/novatel/oem7/inspva,/novatel/oem7/inspva,/novatel/oem7/inspva,39.663,-75.756,-1.801234410,0.003427393,-0.001154271,0.002197182,0.002630478,-0.001154271,,novatel_oem7_msgs.msg.InertialSolutionStatus(status=3),
1786043892088971236,1786043892.086775204,/novatel/oem7/fix,/novatel/oem7/fix,/novatel/oem7/inspva,39.663,-75.756,-1.801234410,0.003427393,-0.001154271,0.002197182,0.002630478,-0.001154271,,0,
1786043892089982136,1786043892.087580498,/novatel/oem7/odom,/novatel/oem7/fix,/novatel/oem7/odom,39.663,-75.756,-1.801234410,0.003432573,-0.001138776,0.002752399,0.002051062,-0.001138776,,,
1786043892095224076,1786043892.094467065,/novatel/oem7/odom,/novatel/oem7/fix,/novatel/oem7/odom,39.663,-75.756,-1.801234410,0.003432573,-0.001138776,0.002752399,0.002051062,-0.001138776,,,
1786043892106157854,1786043892.105679542,/novatel/oem7/inspva,/novatel/oem7/inspva,/novatel/oem7/inspva,39.663,-75.756,-1.801234656,0.003276335,-0.001107129,0.002110105,0.002506358,-0.001107129,,novatel_oem7_msgs.msg.InertialSolutionStatus(status=3),
1786043892107444157,1786043892.105820755,/novatel/oem7/fix,/novatel/oem7/fix,/novatel/oem7/inspva,39.663,-75.756,-1.801234656,0.003276335,-0.001107129,0.002110105,0.002506358,-0.001107129,,0,
1786043892108475752,1786043892.106312453,/novatel/oem7/odom,/novatel/oem7/fix,/novatel/oem7/odom,39.663,-75.756,-1.801234656,0.003281305,-0.001092313,0.002623476,0.001970872,-0.001092313,,,
1786043892109910326,1786043892.109068323,/novatel/oem7/bestpos,/novatel/oem7/bestpos,/novatel/oem7/odom,39.663,-75.756,33.181247348,0.003281305,-0.001092313,0.002623476,0.001970872,-0.001092313,,novatel_oem7_msgs.msg.SolutionStatus(status=0),novatel_oem7_msgs.msg.PositionOrVelocityType(type=53)
1786043892111278060,1786043892.109363153,/novatel/oem7/bestvel,/novatel/oem7/bestpos,/novatel/oem7/bestvel,39.663,-75.756,33.181247348,0.003299127,-0.001120342,,,,50.513520761,novatel_oem7_msgs.msg.SolutionStatus(status=0),novatel_oem7_msgs.msg.PositionOrVelocityType(type=53)
1786043892115144053,1786043892.114507533,/novatel/oem7/odom,/novatel/oem7/bestpos,/novatel/oem7/odom,39.663,-75.756,33.181247348,0.003281305,-0.001092313,0.002623476,0.001970872,-0.001092313,,,
1786043892125619800,1786043892.125122375,/novatel/oem7/inspva,/novatel/oem7/inspva,/novatel/oem7/inspva,39.663,-75.756,-1.801238514,0.003176940,-0.001331489,0.002144001,0.002344399,-0.001331489,,novatel_oem7_msgs.msg.InertialSolutionStatus(status=3),
1786043892126907640,1786043892.125199118,/novatel/oem7/fix,/novatel/oem7/fix,/novatel/oem7/inspva,39.663,-75.756,-1.801238514,0.003176940,-0.001331489,0.002144001,0.002344399,-0.001331489,,0,
1786043892127924647,1786043892.125629893,/novatel/oem7/odom,/novatel/oem7/fix,/novatel/oem7/odom,39.663,-75.756,-1.801238514,0.003182887,-0.001317209,0.002464468,0.002014241,-0.001317209,,,
1786043892135464051,1786043892.134800067,/novatel/oem7/odom,/novatel/oem7/fix,/novatel/oem7/odom,39.663,-75.756,-1.801238514,0.003182887,-0.001317209,0.002464468,0.002014241,-0.001317209,,,
1786043892146358662,1786043892.145897841,/novatel/oem7/inspva,/novatel/oem7/inspva,/novatel/oem7/inspva,39.663,-75.756,-1.801236579,0.003262721,-0.001255168,0.002209086,0.002401101,-0.001255168,,novatel_oem7_msgs.msg.InertialSolutionStatus(status=3),
1786043892147670945,1786043892.145974863,/novatel/oem7/fix,/novatel/oem7/fix,/novatel/oem7/inspva,39.663,-75.756,-1.801236579,0.003262721,-0.001255168,0.002209086,0.002401101,-0.001255168,,0,
1786043892148708509,1786043892.146512870,/novatel/oem7/odom,/novatel/oem7/fix,/novatel/oem7/odom,39.663,-75.756,-1.801236579,0.003268321,-0.001240512,0.002524427,0.002075859,-0.001240512,,,
1786043892156373171,1786043892.155749358,/novatel/oem7/odom,/novatel/oem7/fix,/novatel/oem7/odom,39.663,-75.756,-1.801236579,0.003268321,-0.001240512,0.002524427,0.002075859,-0.001240512,,,
1786043892166113270,1786043892.165000855,/novatel/oem7/inspva,/novatel/oem7/inspva,/novatel/oem7/inspva,39.663,-75.756,-1.801236469,0.003273987,-0.000938242,0.001993835,0.002596847,-0.000938242,,novatel_oem7_msgs.msg.InertialSolutionStatus(status=3),
1786043892167417664,1786043892.165271648,/novatel/oem7/fix,/novatel/oem7/fix,/novatel/oem7/inspva,39.663,-75.756,-1.801236469,0.003273987,-0.000938242,0.001993835,0.002596847,-0.000938242,,0,
1786043892168482574,1786043892.165598868,/novatel/oem7/odom,/novatel/oem7/fix,/novatel/oem7/odom,39.663,-75.756,-1.801236469,0.003278183,-0.000923475,0.002706796,0.001849253,-0.000923475,,,
1786043892176241474,1786043892.175587530,/novatel/oem7/odom,/novatel/oem7/fix,/novatel/oem7/odom,39.663,-75.756,-1.801236469,0.003278183,-0.000923475,0.002706796,0.001849253,-0.000923475,,,
1786043892185481181,1786043892.184992934,/novatel/oem7/inspva,/novatel/oem7/inspva,/novatel/oem7/inspva,39.663,-75.756,-1.801234926,0.003537516,-0.000899120,0.002374988,0.002621726,-0.000899120,,novatel_oem7_msgs.msg.InertialSolutionStatus(status=3),
1786043892186783788,1786043892.185070751,/novatel/oem7/fix,/novatel/oem7/fix,/novatel/oem7/inspva,39.663,-75.756,-1.801234926,0.003537516,-0.000899120,0.002374988,0.002621726,-0.000899120,,0,
1786043892187809782,1786043892.185546562,/novatel/oem7/odom,/novatel/oem7/fix,/novatel/oem7/odom,39.663,-75.756,-1.801234926,0.003541515,-0.000883236,0.002752591,0.002228357,-0.000883236,,,
1786043892195166737,1786043892.194491083,/novatel/oem7/odom,/novatel/oem7/fix,/novatel/oem7/odom,39.663,-75.756,-1.801234926,0.003541515,-0.000883236,0.002752591,0.002228357,-0.000883236,,,
1786043892206905267,1786043892.206398838,/novatel/oem7/inspva,/novatel/oem7/inspva,/novatel/oem7/inspva,39.663,-75.756,-1.801235958,0.003073083,-0.001035739,0.001641761,0.002597780,-0.001035739,,novatel_oem7_msgs.msg.InertialSolutionStatus(status=3),
1786043892208190913,1786043892.206560270,/novatel/oem7/fix,/novatel/oem7/fix,/novatel/oem7/inspva,39.663,-75.756,-1.801235958,0.003073083,-0.001035739,0.001641761,0.002597780,-0.001035739,,0,
1786043892209592301,1786043892.206991951,/novatel/oem7/odom,/novatel/oem7/fix,/novatel/oem7/odom,39.663,-75.756,-1.801235958,0.003077685,-0.001021981,0.002688569,0.001497913,-0.001021981,,,
1786043892211014509,1786043892.210085527,/novatel/oem7/bestpos,/novatel/oem7/bestpos,/novatel/oem7/odom,39.663,-75.756,33.181253627,0.003077685,-0.001021981,0.002688569,0.001497913,-0.001021981,,novatel_oem7_msgs.msg.SolutionStatus(status=0),novatel_oem7_msgs.msg.PositionOrVelocityType(type=53)
1786043892211916464,1786043892.210479481,/novatel/oem7/bestvel,/novatel/oem7/bestpos,/novatel/oem7/bestvel,39.663,-75.756,33.181253627,0.003130786,-0.001148016,,,,50.343564211,novatel_oem7_msgs.msg.SolutionStatus(status=0),novatel_oem7_msgs.msg.PositionOrVelocityType(type=53)
1786043892215229728,1786043892.214587035,/novatel/oem7/odom,/novatel/oem7/bestpos,/novatel/oem7/odom,39.663,-75.756,33.181253627,0.003077685,-0.001021981,0.002688569,0.001497913,-0.001021981,,,
1786043892226383222,1786043892.225251790,/novatel/oem7/inspva,/novatel/oem7/inspva,/novatel/oem7/inspva,39.663,-75.756,-1.801232531,0.003546693,-0.000980487,0.001860893,0.003019289,-0.000980487,,novatel_oem7_msgs.msg.InertialSolutionStatus(status=3),
1786043892227757953,1786043892.225547884,/novatel/oem7/fix,/novatel/oem7/fix,/novatel/oem7/inspva,39.663,-75.756,-1.801232531,0.003546693,-0.000980487,0.001860893,0.003019289,-0.000980487,,0,
1786043892228799427,1786043892.225894257,/novatel/oem7/odom,/novatel/oem7/fix,/novatel/oem7/odom,39.663,-75.756,-1.801232531,0.003077672,-0.001022020,0.002688563,0.001497897,-0.001022020,,,
1786043892235520069,1786043892.234850478,/novatel/oem7/odom,/novatel/oem7/fix,/novatel/oem7/odom,39.663,-75.756,-1.801232531,0.003551026,-0.000964676,0.003121364,0.001693183,-0.000964676,,,
1786043892245693670,1786043892.245354006,/novatel/oem7/inspva,/novatel/oem7/inspva,/novatel/oem7/inspva,39.663,-75.756,-1.801233987,0.003193520,-0.001158198,0.001571670,0.002780005,-0.001158198,,novatel_oem7_msgs.msg.InertialSolutionStatus(status=3),
1786043892246862495,1786043892.245555155,/novatel/oem7/fix,/novatel/oem7/fix,/novatel/oem7/inspva,39.663,-75.756,-1.801233987,0.003193520,-0.001158198,0.001571670,0.002780005,-0.001158198,,0,
1786043892247790262,1786043892.246234305,/novatel/oem7/odom,/novatel/oem7/fix,/novatel/oem7/odom,39.663,-75.756,-1.801233987,0.003198640,-0.001143984,0.002867091,0.001418127,-0.001143984,,,
1786043892256666099,1786043892.256301458,/novatel/oem7/odom,/novatel/oem7/fix,/novatel/oem7/odom,39.663,-75.756,-1.801233987,0.003198640,-0.001143984,0.002867091,0.001418127,-0.001143984,,,
1786043892266397298,1786043892.265968050,/novatel/oem7/inspva,/novatel/oem7/inspva,/novatel/oem7/inspva,39.663,-75.756,-1.801230626,0.003637960,-0.001197955,0.001787213,0.003168694,-0.001197955,,novatel_oem7_msgs.msg.InertialSolutionStatus(status=3),
1786043892267019582,1786043892.266116995,/novatel/oem7/fix,/novatel/oem7/fix,/novatel/oem7/inspva,39.663,-75.756,-1.801230626,0.003637960,-0.001197955,0.001787213,0.003168694,-0.001197955,,0,
1786043892267550935,1786043892.266547102,/novatel/oem7/odom,/novatel/oem7/fix,/novatel/oem7/odom,39.663,-75.756,-1.801230626,0.003643238,-0.001181804,0.003267260,0.001611892,-0.001181804,,,
1786043892274851633,1786043892.274370109,/novatel/oem7/odom,/novatel/oem7/fix,/novatel/oem7/odom,39.663,-75.756,-1.801230626,0.003643238,-0.001181804,0.003267260,0.001611892,-0.001181804,,,
1786043892285347873,1786043892.285049041,/novatel/oem7/inspva,/novatel/oem7/inspva,/novatel/oem7/inspva,39.663,-75.756,-1.801226330,0.003127964,-0.000708728,0.001427466,0.002783253,-0.000708728,,novatel_oem7_msgs.msg.InertialSolutionStatus(status=3),
1786043892285992256,1786043892.285194299,/novatel/oem7/fix,/novatel/oem7/fix,/novatel/oem7/inspva,39.663,-75.756,-1.801226330,0.003127964,-0.000708728,0.001427466,0.002783253,-0.000708728,,0,
1786043892286503732,1786043892.285626854,/novatel/oem7/odom,/novatel/oem7/fix,/novatel/oem7/odom,39.663,-75.756,-1.801226330,0.003131064,-0.000694905,0.002860704,0.001272767,-0.000694905,,,
1786043892295998338,1786043892.295613853,/novatel/oem7/odom,/novatel/oem7/fix,/novatel/oem7/odom,39.663,-75.756,-1.801226330,0.003131064,-0.000694905,0.002860704,0.001272767,-0.000694905,,,
1786043892306350595,1786043892.305856350,/novatel/oem7/inspva,/novatel/oem7/inspva,/novatel/oem7/inspva,39.663,-75.756,-1.801225652,0.003497450,-0.000936513,0.001922283,0.002921812,-0.000936513,,novatel_oem7_msgs.msg.InertialSolutionStatus(status=3),
1786043892306999010,1786043892.305998502,/novatel/oem7/fix,/novatel/oem7/fix,/novatel/oem7/inspva,39.663,-75.756,-1.801225652,0.003497450,-0.000936513,0.001922283,0.002921812,-0.000936513,,0,
1786043892307554792,1786043892.306452437,/novatel/oem7/odom,/novatel/oem7/fix,/novatel/oem7/odom,39.663,-75.756,-1.801225652,0.003501616,-0.000920814,0.003027319,0.001759731,-0.000920814,,,
1786043892309758552,1786043892.309215638,/novatel/oem7/bestpos,/novatel/oem7/bestpos,/novatel/oem7/odom,39.663,-75.756,33.181255277,0.003501616,-0.000920814,0.003027319,0.001759731,-0.000920814,,novatel_oem7_msgs.msg.SolutionStatus(status=0),novatel_oem7_msgs.msg.PositionOrVelocityType(type=53)
1786043892310442684,1786043892.309838021,/novatel/oem7/bestvel,/novatel/oem7/bestpos,/novatel/oem7/bestvel,39.663,-75.756,33.181255277,0.003705850,-0.001110784,,,,55.212141308,novatel_oem7_msgs.msg.SolutionStatus(status=0),novatel_oem7_msgs.msg.PositionOrVelocityType(type=53)
1786043892314881340,1786043892.314473892,/novatel/oem7/odom,/novatel/oem7/bestpos,/novatel/oem7/odom,39.663,-75.756,33.181255277,0.003501616,-0.000920814,0.003027319,0.001759731,-0.000920814,,,
1786043892327031641,1786043892.326682460,/novatel/oem7/inspva,/novatel/oem7/inspva,/novatel/oem7/inspva,39.663,-75.756,-1.801229125,0.003279094,-0.001301161,0.001303851,0.003008725,-0.001301161,,novatel_oem7_msgs.msg.InertialSolutionStatus(status=3),
1786043892327743076,1786043892.326862435,/novatel/oem7/fix,/novatel/oem7/fix,/novatel/oem7/inspva,39.663,-75.756,-1.801229125,0.003279094,-0.001301161,0.001303851,0.003008725,-0.001301161,,0,
1786043892328496197,1786043892.327549315,/novatel/oem7/odom,/novatel/oem7/fix,/novatel/oem7/odom,39.663,-75.756,-1.801229125,0.003284724,-0.001286880,0.003081166,0.001138345,-0.001286880,,,
1786043892334957212,1786043892.334593877,/novatel/oem7/odom,/novatel/oem7/fix,/novatel/oem7/odom,39.663,-75.756,-1.801229125,0.003284724,-0.001286880,0.003081166,0.001138345,-0.001286880,,,
1786043892345356662,1786043892.345063674,/novatel/oem7/inspva,/novatel/oem7/inspva,/novatel/oem7/inspva,39.663,-75.756,-1.801224289,0.003449840,-0.001084685,0.001732970,0.002982988,-0.001084685,,novatel_oem7_msgs.msg.InertialSolutionStatus(status=3),
1786043892346011842,1786043892.345209345,/novatel/oem7/fix,/novatel/oem7/fix,/novatel/oem7/inspva,39.663,-75.756,-1.801224289,0.003449840,-0.001084685,0.001732970,0.002982988,-0.001084685,,0,
1786043892346536193,1786043892.345593469,/novatel/oem7/odom,/novatel/oem7/fix,/novatel/oem7/odom,39.663,-75.756,-1.801224289,0.003454639,-0.001069304,0.003078475,0.001567647,-0.001069304,,,
1786043892356418439,1786043892.356022820,/novatel/oem7/odom,/novatel/oem7/fix,/novatel/oem7/odom,39.663,-75.756,-1.801224289,0.003454639,-0.001069304,0.003078475,0.001567647,-0.001069304,,,
1786043892365666489,1786043892.365307328,/novatel/oem7/inspva,/novatel/oem7/inspva,/novatel/oem7/inspva,39.663,-75.756,-1.801222790,0.003320557,-0.000983094,0.001258495,0.003072831,-0.000983094,,novatel_oem7_msgs.msg.InertialSolutionStatus(status=3),
1786043892366233578,1786043892.365459379,/novatel/oem7/fix,/novatel/oem7/fix,/novatel/oem7/inspva,39.663,-75.756,-1.801222790,0.003320557,-0.000983094,0.001258495,0.003072831,-0.000983094,,0,
1786043892366681427,1786043892.365960621,/novatel/oem7/odom,/novatel/oem7/fix,/novatel/oem7/odom,39.663,-75.756,-1.801222790,0.003324782,-0.000968709,0.003141498,0.001088651,-0.000968709,,,
1786043892375218433,1786043892.374732367,/novatel/oem7/odom,/novatel/oem7/fix,/novatel/oem7/odom,39.663,-75.756,-1.801222790,0.003324782,-0.000968709,0.003141498,0.001088651,-0.000968709,,,
1786043892386292422,1786043892.386009746,/novatel/oem7/inspva,/novatel/oem7/inspva,/novatel/oem7/inspva,39.663,-75.756,-1.801216763,0.003494051,-0.000810478,0.001496234,0.003157480,-0.000810478,,novatel_oem7_msgs.msg.InertialSolutionStatus(status=3),
1786043892386903451,1786043892.386151734,/novatel/oem7/fix,/novatel/oem7/fix,/novatel/oem7/inspva,39.663,-75.756,-1.801216763,0.003494051,-0.000810478,0.001496234,0.003157480,-0.000810478,,0,
1786043892387411898,1786043892.386576428,/novatel/oem7/odom,/novatel/oem7/fix,/novatel/oem7/odom,39.663,-75.756,-1.801216763,0.003497564,-0.000795184,0.003238552,0.001320883,-0.000795184,,,
1786043892394697683,1786043892.394317801,/novatel/oem7/odom,/novatel/oem7/fix,/novatel/oem7/odom,39.663,-75.756,-1.801216763,0.003497564,-0.000795184,0.003238552,0.001320883,-0.000795184,,,
1786043892405990050,1786043892.405712063,/novatel/oem7/inspva,/novatel/oem7/inspva,/novatel/oem7/inspva,39.663,-75.756,-1.801217479,0.003125640,-0.001189604,0.001309866,0.002837935,-0.001189604,,novatel_oem7_msgs.msg.InertialSolutionStatus(status=3),
1786043892406578933,1786043892.405845245,/novatel/oem7/fix,/novatel/oem7/fix,/novatel/oem7/inspva,39.663,-75.756,-1.801217479,0.003125640,-0.001189604,0.001309866,0.002837935,-0.001189604,,0,
1786043892407293913,1786043892.406879399,/novatel/oem7/odom,/novatel/oem7/fix,/novatel/oem7/odom,39.663,-75.756,-1.801217479,0.003130801,-0.001175954,0.002910561,0.001153496,-0.001175954,,,
1786043892410560067,1786043892.410069255,/novatel/oem7/bestpos,/novatel/oem7/bestpos,/novatel/oem7/odom,39.663,-75.756,33.181268203,0.003130801,-0.001175954,0.002910561,0.001153496,-0.001175954,,novatel_oem7_msgs.msg.SolutionStatus(status=0),novatel_oem7_msgs.msg.PositionOrVelocityType(type=53)
1786043892411181147,1786043892.410520979,/novatel/oem7/bestvel,/novatel/oem7/bestpos,/novatel/oem7/bestvel,39.663,-75.756,33.181268203,0.002962212,-0.001105921,,,,63.179221155,novatel_oem7_msgs.msg.SolutionStatus(status=0),novatel_oem7_msgs.msg.PositionOrVelocityType(type=53)
1786043892415802885,1786043892.415434476,/novatel/oem7/odom,/novatel/oem7/bestpos,/novatel/oem7/odom,39.663,-75.756,33.181268203,0.003130801,-0.001175954,0.002910561,0.001153496,-0.001175954,,,
1786043892425541792,1786043892.425085315,/novatel/oem7/inspva,/novatel/oem7/inspva,/novatel/oem7/inspva,39.663,-75.756,-1.801211214,0.003322013,-0.000886354,0.001474674,0.002976761,-0.000886354,,novatel_oem7_msgs.msg.InertialSolutionStatus(status=3),
1786043892426459843,1786043892.425269247,/novatel/oem7/fix,/novatel/oem7/fix,/novatel/oem7/inspva,39.663,-75.756,-1.801211214,0.003322013,-0.000886354,0.001474674,0.002976761,-0.000886354,,0,
1786043892427246404,1786043892.425708387,/novatel/oem7/odom,/novatel/oem7/fix,/novatel/oem7/odom,39.663,-75.756,-1.801211214,0.003325868,-0.000871779,0.003057183,0.001309591,-0.000871779,,,
1786043892434973913,1786043892.434413716,/novatel/oem7/odom,/novatel/oem7/fix,/novatel/oem7/odom,39.663,-75.756,-1.801211214,0.003325868,-0.000871779,0.003057183,0.001309591,-0.000871779,,,
1786043892446895110,1786043892.446498283,/novatel/oem7/inspva,/novatel/oem7/inspva,/novatel/oem7/inspva,39.663,-75.756,-1.801211944,0.003304958,-0.001080422,0.001502967,0.002943440,-0.001080422,,novatel_oem7_msgs.msg.InertialSolutionStatus(status=3),
1786043892447695726,1786043892.446655578,/novatel/oem7/fix,/novatel/oem7/fix,/novatel/oem7/inspva,39.663,-75.756,-1.801211944,0.003304958,-0.001080422,0.001502967,0.002943440,-0.001080422,,0,
1786043892448245403,1786043892.447076099,/novatel/oem7/odom,/novatel/oem7/fix,/novatel/oem7/odom,39.663,-75.756,-1.801211944,0.003309678,-0.001065878,0.003026185,0.001340212,-0.001065878,,,
1786043892457550004,1786043892.456847745,/novatel/oem7/odom,/novatel/oem7/fix,/novatel/oem7/odom,39.663,-75.756,-1.801211944,0.003309678,-0.001065878,0.003026185,0.001340212,-0.001065878,,,
1786043892465499976,1786043892.464987429,/novatel/oem7/inspva,/novatel/oem7/inspva,/novatel/oem7/inspva,39.663,-75.756,-1.801207300,0.003314647,-0.001155898,0.001352831,0.003026010,-0.001155898,,novatel_oem7_msgs.msg.InertialSolutionStatus(status=3),
1786043892466348665,1786043892.465210521,/novatel/oem7/fix,/novatel/oem7/fix,/novatel/oem7/inspva,39.663,-75.756,-1.801207300,0.003314647,-0.001155898,0.001352831,0.003026010,-0.001155898,,0,
1786043892466919937,1786043892.465856414,/novatel/oem7/odom,/novatel/oem7/fix,/novatel/oem7/odom,39.663,-75.756,-1.801207300,0.003319631,-0.001141507,0.003100572,0.001185918,-0.001141507,,,
1786043892475801568,1786043892.475386522,/novatel/oem7/odom,/novatel/oem7/fix,/novatel/oem7/odom,39.663,-75.756,-1.801207300,0.003319631,-0.001141507,0.003100572,0.001185918,-0.001141507,,,
1786043892485876851,1786043892.485255182,/novatel/oem7/inspva,/novatel/oem7/inspva,/novatel/oem7/inspva,39.663,-75.756,-1.801202364,0.003094528,-0.000589146,0.001226437,0.002841118,-0.000589146,,novatel_oem7_msgs.msg.InertialSolutionStatus(status=3),
1786043892486632340,1786043892.485558562,/novatel/oem7/fix,/novatel/oem7/fix,/novatel/oem7/inspva,39.663,-75.756,-1.801202364,0.003094528,-0.000589146,0.001226437,0.002841118,-0.000589146,,0,
1786043892487217471,1786043892.485951708,/novatel/oem7/odom,/novatel/oem7/fix,/novatel/oem7/odom,39.663,-75.756,-1.801202364,0.003097048,-0.000575751,0.002906907,0.001068455,-0.000575751,,,
1786043892495461665,1786043892.494861064,/novatel/oem7/odom,/novatel/oem7/fix,/novatel/oem7/odom,39.663,-75.756,-1.801202364,0.003097048,-0.000575751,0.002906907,0.001068455,-0.000575751,,,
1786043892506581776,1786043892.505966834,/novatel/oem7/inspva,/novatel/oem7/inspva,/novatel/oem7/inspva,39.663,-75.756,-1.801200931,0.003134223,-0.000649586,0.001063846,0.002948150,-0.000649586,,novatel_oem7_msgs.msg.InertialSolutionStatus(status=3),
1786043892507360313,1786043892.506144323,/novatel/oem7/fix,/novatel/oem7/fix,/novatel/oem7/inspva,39.663,-75.756,-1.801200931,0.003134223,-0.000649586,0.001063846,0.002948150,-0.000649586,,0,
1786043892507906702,1786043892.506586973,/novatel/oem7/odom,/novatel/oem7/fix,/novatel/oem7/odom,39.663,-75.756,-1.801200931,0.003136950,-0.000636287,0.003004975,0.000900324,-0.000636287,,,
1786043892511412968,1786043892.510910188,/novatel/oem7/bestpos,/novatel/oem7/bestpos,/novatel/oem7/odom,39.663,-75.756,33.181288792,0.003136950,-0.000636287,0.003004975,0.000900324,-0.000636287,,novatel_oem7_msgs.msg.SolutionStatus(status=0),novatel_oem7_msgs.msg.PositionOrVelocityType(type=53)
1786043892512233867,1786043892.511414640,/novatel/oem7/bestvel,/novatel/oem7/bestpos,/novatel/oem7/bestvel,39.663,-75.756,33.181288792,0.003023777,-0.000459239,,,,75.529778545,novatel_oem7_msgs.msg.SolutionStatus(status=0),novatel_oem7_msgs.msg.PositionOrVelocityType(type=53)
1786043892514788823,1786043892.514351104,/novatel/oem7/odom,/novatel/oem7/bestpos,/novatel/oem7/odom,39.663,-75.756,33.181288792,0.003136950,-0.000636287,0.003004975,0.000900324,-0.000636287,,,
1786043892525627712,1786043892.524919451,/novatel/oem7/inspva,/novatel/oem7/inspva,/novatel/oem7/inspva,39.663,-75.756,-1.801205465,0.003483995,-0.001396873,0.001547896,0.003121256,-0.001396873,,novatel_oem7_msgs.msg.InertialSolutionStatus(status=3),
1786043892526680519,1786043892.525215041,/novatel/oem7/fix,/novatel/oem7/fix,/novatel/oem7/inspva,39.663,-75.756,-1.801205465,0.003483995,-0.001396873,0.001547896,0.003121256,-0.001396873,,0,
1786043892527457594,1786043892.525688422,/novatel/oem7/odom,/novatel/oem7/fix,/novatel/oem7/odom,39.663,-75.756,-1.801205465,0.003490068,-0.001381631,0.003207404,0.001375912,-0.001381631,,,
1786043892535984746,1786043892.535541782,/novatel/oem7/odom,/novatel/oem7/fix,/novatel/oem7/odom,39.663,-75.756,-1.801205465,0.003490068,-0.001381631,0.003207404,0.001375912,-0.001381631,,,
1786043892545376331,1786043892.545002776,/novatel/oem7/inspva,/novatel/oem7/inspva,/novatel/oem7/inspva,39.663,-75.756,-1.801198861,0.003402425,-0.000823718,0.001317978,0.003136787,-0.000823718,,novatel_oem7_msgs.msg.InertialSolutionStatus(status=3),
1786043892546121021,1786043892.545196461,/novatel/oem7/fix,/novatel/oem7/fix,/novatel/oem7/inspva,39.663,-75.756,-1.801198861,0.003402425,-0.000823718,0.001317978,0.003136787,-0.000823718,,0,
1786043892546649832,1786043892.545548446,/novatel/oem7/odom,/novatel/oem7/fix,/novatel/oem7/odom,39.663,-75.756,-1.801198861,0.003405936,-0.000809082,0.003208061,0.001144003,-0.000809082,,,
1786043892556398083,1786043892.555751049,/novatel/oem7/odom,/novatel/oem7/fix,/novatel/oem7/odom,39.663,-75.756,-1.801198861,0.003405936,-0.000809082,0.003208061,0.001144003,-0.000809082,,,
1786043892567061222,1786043892.566515949,/novatel/oem7/inspva,/novatel/oem7/inspva,/novatel/oem7/inspva,39.663,-75.756,-1.801198198,0.003307953,-0.000611940,0.001324728,0.003031114,-0.000611940,,novatel_oem7_msgs.msg.InertialSolutionStatus(status=3),
1786043892567943138,1786043892.566722214,/novatel/oem7/fix,/novatel/oem7/fix,/novatel/oem7/inspva,39.663,-75.756,-1.801198198,0.003307953,-0.000611940,0.001324728,0.003031114,-0.000611940,,0,
1786043892568465851,1786043892.567076102,/novatel/oem7/odom,/novatel/oem7/fix,/novatel/oem7/odom,39.663,-75.756,-1.801198198,0.003310567,-0.000597634,0.003102158,0.001156060,-0.000597634,,,
1786043892574932171,1786043892.574560691,/novatel/oem7/odom,/novatel/oem7/fix,/novatel/oem7/odom,39.663,-75.756,-1.801198198,0.003310567,-0.000597634,0.003102158,0.001156060,-0.000597634,,,
1786043892585236877,1786043892.584876960,/novatel/oem7/inspva,/novatel/oem7/inspva,/novatel/oem7/inspva,39.663,-75.756,-1.801195667,0.003517756,-0.000677185,0.001069506,0.003351233,-0.000677185,,novatel_oem7_msgs.msg.InertialSolutionStatus(status=3),
1786043892585841441,1786043892.585063055,/novatel/oem7/fix,/novatel/oem7/fix,/novatel/oem7/inspva,39.663,-75.756,-1.801195667,0.003517756,-0.000677185,0.001069506,0.003351233,-0.000677185,,0,
1786043892586290178,1786043892.585496606,/novatel/oem7/odom,/novatel/oem7/fix,/novatel/oem7/odom,39.663,-75.756,-1.801195667,0.003520551,-0.000662503,0.003407860,0.000883609,-0.000662503,,,
1786043892595921896,1786043892.595408750,/novatel/oem7/odom,/novatel/oem7/fix,/novatel/oem7/odom,39.663,-75.756,-1.801195667,0.003520551,-0.000662503,0.003407860,0.000883609,-0.000662503,,,
1786043892606704395,1786043892.606331986,/novatel/oem7/inspva,/novatel/oem7/inspva,/novatel/oem7/inspva,39.663,-75.756,-1.801193331,0.003439632,-0.000472186,0.000983626,0.003295990,-0.000472186,,novatel_oem7_msgs.msg.InertialSolutionStatus(status=3),
1786043892607670051,1786043892.606567291,/novatel/oem7/fix,/novatel/oem7/fix,/novatel/oem7/inspva,39.663,-75.756,-1.801193331,0.003439632,-0.000472186,0.000983626,0.003295990,-0.000472186,,0,
1786043892608113584,1786043892.607074483,/novatel/oem7/odom,/novatel/oem7/fix,/novatel/oem7/odom,39.663,-75.756,-1.801193331,0.003441554,-0.000457969,0.003347189,0.000800387,-0.000457969,,,
1786043892610566881,1786043892.610166561,/novatel/oem7/bestpos,/novatel/oem7/bestpos,/novatel/oem7/odom,39.663,-75.756,33.181298263,0.003441554,-0.000457969,0.003347189,0.000800387,-0.000457969,,novatel_oem7_msgs.msg.SolutionStatus(status=0),novatel_oem7_msgs.msg.PositionOrVelocityType(type=53)
1786043892611173500,1786043892.610536682,/novatel/oem7/bestvel,/novatel/oem7/bestpos,/novatel/oem7/bestvel,39.663,-75.756,33.181298263,0.003304136,-0.000475150,,,,69.294713656,novatel_oem7_msgs.msg.SolutionStatus(status=0),novatel_oem7_msgs.msg.PositionOrVelocityType(type=53)
1786043892615162286,1786043892.614823642,/novatel/oem7/odom,/novatel/oem7/bestpos,/novatel/oem7/odom,39.663,-75.756,33.181298263,0.003441554,-0.000457969,0.003347189,0.000800387,-0.000457969,,,
1786043892627145184,1786043892.626325943,/novatel/oem7/inspva,/novatel/oem7/inspva,/novatel/oem7/inspva,39.663,-75.756,-1.801192581,0.003368856,-0.000513144,0.000946341,0.003233208,-0.000513144,,novatel_oem7_msgs.msg.InertialSolutionStatus(status=3),
1786043892628148696,1786043892.626747784,/novatel/oem7/fix,/novatel/oem7/fix,/novatel/oem7/inspva,39.663,-75.756,-1.801192581,0.003368856,-0.000513144,0.000946341,0.003233208,-0.000513144,,0,
1786043892628849802,1786043892.627445644,/novatel/oem7/odom,/novatel/oem7/fix,/novatel/oem7/odom,39.663,-75.756,-1.801192581,0.003370944,-0.000499249,0.003282582,0.000766757,-0.000499249,,,
1786043892635289257,1786043892.634835307,/novatel/oem7/odom,/novatel/oem7/fix,/novatel/oem7/odom,39.663,-75.756,-1.801192581,0.003370944,-0.000499249,0.003282582,0.000766757,-0.000499249,,,
1786043892645588867,1786043892.645309930,/novatel/oem7/inspva,/novatel/oem7/inspva,/novatel/oem7/inspva,39.663,-75.756,-1.801195355,0.003375060,-0.000775398,0.001219754,0.003146940,-0.000775398,,novatel_oem7_msgs.msg.InertialSolutionStatus(status=3),
1786043892646115288,1786043892.645504452,/novatel/oem7/fix,/novatel/oem7/fix,/novatel/oem7/inspva,39.663,-75.756,-1.801195355,0.003375060,-0.000775398,0.001219754,0.003146940,-0.000775398,,0,
1786043892646731647,1786043892.646063038,/novatel/oem7/odom,/novatel/oem7/fix,/novatel/oem7/odom,39.663,-75.756,-1.801195355,0.003378331,-0.000761018,0.003212581,0.001045200,-0.000761018,,,
1786043892658032178,1786043892.656349200,/novatel/oem7/odom,/novatel/oem7/fix,/novatel/oem7/odom,39.663,-75.756,-1.801195355,0.003378331,-0.000761018,0.003212581,0.001045200,-0.000761018,,,
1786043892665679409,1786043892.665154283,/novatel/oem7/inspva,/novatel/oem7/inspva,/novatel/oem7/inspva,39.663,-75.756,-1.801194755,0.003395838,-0.000908201,0.001165508,0.003189562,-0.000908201,,novatel_oem7_msgs.msg.InertialSolutionStatus(status=3),
1786043892666509251,1786043892.665439182,/novatel/oem7/fix,/novatel/oem7/fix,/novatel/oem7/inspva,39.663,-75.756,-1.801194755,0.003395838,-0.000908201,0.001165508,0.003189562,-0.000908201,,0,
1786043892667177597,1786043892.666050786,/novatel/oem7/odom,/novatel/oem7/fix,/novatel/oem7/odom,39.663,-75.756,-1.801194755,0.003399638,-0.000893868,0.003252597,0.000989018,-0.000893868,,,
1786043892675123459,1786043892.674678647,/novatel/oem7/odom,/novatel/oem7/fix,/novatel/oem7/odom,39.663,-75.756,-1.801194755,0.003399638,-0.000893868,0.003252597,0.000989018,-0.000893868,,,
1786043892687373996,1786043892.686573001,/novatel/oem7/inspva,/novatel/oem7/inspva,/novatel/oem7/inspva,39.663,-75.756,-1.801190658,0.003223577,-0.000029485,0.001056779,0.003045434,-0.000029485,,novatel_oem7_msgs.msg.InertialSolutionStatus(status=3),
1786043892689010456,1786043892.686818948,/novatel/oem7/fix,/novatel/oem7/fix,/novatel/oem7/inspva,39.663,-75.756,-1.801190658,0.003223577,-0.000029485,0.001056779,0.003045434,-0.000029485,,0,
1786043892690004071,1786043892.687567678,/novatel/oem7/odom,/novatel/oem7/fix,/novatel/oem7/odom,39.663,-75.756,-1.801190658,0.003223673,-0.000015971,0.003099484,0.000886152,-0.000015971,,,
1786043892695614436,1786043892.695159239,/novatel/oem7/odom,/novatel/oem7/fix,/novatel/oem7/odom,39.663,-75.756,-1.801190658,0.003223673,-0.000015971,0.003099484,0.000886152,-0.000015971,,,
1786043892706144593,1786043892.705748447,/novatel/oem7/inspva,/novatel/oem7/inspva,/novatel/oem7/inspva,39.663,-75.756,-1.801194197,0.003146308,-0.000357928,0.000955863,0.002997595,-0.000357928,,novatel_oem7_msgs.msg.InertialSolutionStatus(status=3),
1786043892706849829,1786043892.705968396,/novatel/oem7/fix,/novatel/oem7/fix,/novatel/oem7/inspva,39.663,-75.756,-1.801194197,0.003146308,-0.000357928,0.000955863,0.002997595,-0.000357928,,0,
1786043892707697450,1786043892.706547159,/novatel/oem7/odom,/novatel/oem7/fix,/novatel/oem7/odom,39.663,-75.756,-1.801194197,0.003147765,-0.000344876,0.003047311,0.000788874,-0.000344876,,,
1786043892709478703,1786043892.709061461,/novatel/oem7/bestpos,/novatel/oem7/bestpos,/novatel/oem7/odom,39.663,-75.756,33.181294798,0.003147765,-0.000344876,0.003047311,0.000788874,-0.000344876,,novatel_oem7_msgs.msg.SolutionStatus(status=0),novatel_oem7_msgs.msg.PositionOrVelocityType(type=53)
1786043892710230231,1786043892.709577123,/novatel/oem7/bestvel,/novatel/oem7/bestpos,/novatel/oem7/bestvel,39.663,-75.756,33.181294798,0.003415079,-0.000676970,,,,65.808024709,novatel_oem7_msgs.msg.SolutionStatus(status=0),novatel_oem7_msgs.msg.PositionOrVelocityType(type=53)
1786043892715991571,1786043892.715515851,/novatel/oem7/odom,/novatel/oem7/bestpos,/novatel/oem7/odom,39.663,-75.756,33.181294798,0.003147765,-0.000344876,0.003047311,0.000788874,-0.000344876,,,
1786043892725780742,1786043892.725234170,/novatel/oem7/inspva,/novatel/oem7/inspva,/novatel/oem7/inspva,39.663,-75.756,-1.801195676,0.003199477,-0.000599621,0.000931592,0.003060848,-0.000599621,,novatel_oem7_msgs.msg.InertialSolutionStatus(status=3),
1786043892726567708,1786043892.725466359,/novatel/oem7/fix,/novatel/oem7/fix,/novatel/oem7/inspva,39.663,-75.756,-1.801195676,0.003199477,-0.000599621,0.000931592,0.003060848,-0.000599621,,0,
1786043892727023641,1786043892.725988841,/novatel/oem7/odom,/novatel/oem7/fix,/novatel/oem7/odom,39.663,-75.756,-1.801195676,0.003201926,-0.000586403,0.003109987,0.000761782,-0.000586403,,,
1786043892735443333,1786043892.734824264,/novatel/oem7/odom,/novatel/oem7/fix,/novatel/oem7/odom,39.663,-75.756,-1.801195676,0.003201926,-0.000586403,0.003109987,0.000761782,-0.000586403,,,
1786043892746490349,1786043892.745994302,/novatel/oem7/inspva,/novatel/oem7/inspva,/novatel/oem7/inspva,39.663,-75.756,-1.801192143,0.003184280,-0.000388440,0.000934512,0.003044064,-0.000388440,,novatel_oem7_msgs.msg.InertialSolutionStatus(status=3),
1786043892747227964,1786043892.746221077,/novatel/oem7/fix,/novatel/oem7/fix,/novatel/oem7/inspva,39.663,-75.756,-1.801192143,0.003184280,-0.000388440,0.000934512,0.003044064,-0.000388440,,0,
1786043892747741726,1786043892.746833387,/novatel/oem7/odom,/novatel/oem7/fix,/novatel/oem7/odom,39.663,-75.756,-1.801192143,0.003185856,-0.000375296,0.003092629,0.000765067,-0.000375296,,,
1786043892756398177,1786043892.755898473,/novatel/oem7/odom,/novatel/oem7/fix,/novatel/oem7/odom,39.663,-75.756,-1.801192143,0.003185856,-0.000375296,0.003092629,0.000765067,-0.000375296,,,
1786043892765435216,1786043892.765044006,/novatel/oem7/inspva,/novatel/oem7/inspva,/novatel/oem7/inspva,39.663,-75.756,-1.801193180,0.002823551,-0.000535541,0.000918248,0.002670068,-0.000535541,,novatel_oem7_msgs.msg.InertialSolutionStatus(status=3),
1786043892766066928,1786043892.765208451,/novatel/oem7/fix,/novatel/oem7/fix,/novatel/oem7/inspva,39.663,-75.756,-1.801193180,0.002823551,-0.000535541,0.000918248,0.002670068,-0.000535541,,0,
1786043892766502878,1786043892.765702179,/novatel/oem7/odom,/novatel/oem7/fix,/novatel/oem7/odom,39.663,-75.756,-1.801193180,0.002825771,-0.000523705,0.002718848,0.000769964,-0.000523705,,,
1786043892775845500,1786043892.775540537,/novatel/oem7/odom,/novatel/oem7/fix,/novatel/oem7/odom,39.663,-75.756,-1.801193180,0.002825771,-0.000523705,0.002718848,0.000769964,-0.000523705,,,
1786043892785509660,1786043892.785116718,/novatel/oem7/inspva,/novatel/oem7/inspva,/novatel/oem7/inspva,39.663,-75.756,-1.801188819,0.003203842,-0.000583405,0.001090016,0.003012718,-0.000583405,,novatel_oem7_msgs.msg.InertialSolutionStatus(status=3),
1786043892786161012,1786043892.785288629,/novatel/oem7/fix,/novatel/oem7/fix,/novatel/oem7/inspva,39.663,-75.756,-1.801188819,0.003203842,-0.000583405,0.001090016,0.003012718,-0.000583405,,0,
1786043892786707809,1786043892.785760654,/novatel/oem7/odom,/novatel/oem7/fix,/novatel/oem7/odom,39.663,-75.756,-1.801188819,0.003206265,-0.000569939,0.003070669,0.000922563,-0.000569939,,,
1786043892794939061,1786043892.794526041,/novatel/oem7/odom,/novatel/oem7/fix,/novatel/oem7/odom,39.663,-75.756,-1.801188819,0.003206265,-0.000569939,0.003070669,0.000922563,-0.000569939,,,
1786043892806273235,1786043892.806000111,/novatel/oem7/inspva,/novatel/oem7/inspva,/novatel/oem7/inspva,39.663,-75.756,-1.801182360,0.002981616,0.000029708,0.000942931,0.002828589,0.000029708,,novatel_oem7_msgs.msg.InertialSolutionStatus(status=3),
1786043892806764463,1786043892.806154832,/novatel/oem7/fix,/novatel/oem7/fix,/novatel/oem7/inspva,39.663,-75.756,-1.801182360,0.002981616,0.000029708,0.000942931,0.002828589,0.000029708,,0,
1786043892807355703,1786043892.806818603,/novatel/oem7/odom,/novatel/oem7/fix,/novatel/oem7/odom,39.663,-75.756,-1.801182360,0.002981466,0.000042128,0.002876438,0.000784375,0.000042128,,,
1786043892810799364,1786043892.810016609,/novatel/oem7/bestpos,/novatel/oem7/bestpos,/novatel/oem7/odom,39.663,-75.756,33.181307015,0.002981466,0.000042128,0.002876438,0.000784375,0.000042128,,novatel_oem7_msgs.msg.SolutionStatus(status=0),novatel_oem7_msgs.msg.PositionOrVelocityType(type=53)
1786043892812322815,1786043892.810450660,/novatel/oem7/bestvel,/novatel/oem7/bestpos,/novatel/oem7/bestvel,39.663,-75.756,33.181307015,0.003243921,0.000012995,,,,78.091268381,novatel_oem7_msgs.msg.SolutionStatus(status=0),novatel_oem7_msgs.msg.PositionOrVelocityType(type=53)
